time,x,y,z
1767171600.0092382,0,-3,-148
1767171600.0192382,-1,-1,-137
1767171600.0292382,0,-3,-139
1767171600.0392382,0,-5,-137
1767171600.0492382,-1,-5,-138
1767171600.0592382,0,-5,-143
1767171600.0692382,-2,-9,-142
1767171600.0792382,0,-8,-147
1767171600.0892382,-5,-5,-150
1767171600.0992382,-3,-3,-148
1767171600.109238,0,-4,-140
1767171600.119238,-4,-4,-138
1767171600.129238,-5,-4,-138
1767171600.139238,-6,-7,-131
1767171600.149238,-7,-7,-136
1767171600.159238,-2,-5,-142
1767171600.169238,3,-4,-143
1767171600.179238,3,-5,-141
1767171600.189238,-1,-5,-140
1767171600.199238,-3,-3,-145
1767171600.209238,-5,-6,-147
1767171600.219238,-6,-3,-146
1767171600.2292385,-5,-4,-146
1767171600.2392385,-4,0,-158
1767171600.2492385,0,1,-164
1767171600.2592382,0,-1,-170
1767171600.2692382,-1,-2,-164
1767171600.2792382,-3,-2,-158
1767171600.2892382,-5,-6,-162
1767171600.2992382,-6,-2,-162
1767171600.3092382,-3,2,-154
1767171600.3192382,-5,0,-152
1767171600.3292382,-6,0,-158
1767171600.3392382,-3,0,-156
1767171600.3492382,-3,0,-158
1767171600.359238,-3,2,-153
1767171600.369238,0,1,-154
1767171600.379238,-1,2,-151
1767171600.389238,0,-1,-149
1767171600.399238,0,-4,-145
1767171600.409238,0,-3,-141
1767171600.419238,0,-3,-147
1767171600.429238,-1,-2,-150
1767171600.439238,-3,1,-147
1767171600.449238,0,2,-142
1767171600.459238,0,0,-139
1767171600.469238,0,2,-136
1767171600.4792385,-5,1,-134
1767171600.4892385,-2,0,-131
1767171600.4992385,-1,1,-137
1767171600.5092382,2,2,-148
1767171600.5192382,4,5,-148
1767171600.5292382,4,5,-145
1767171600.5392382,9,2,-139
1767171600.5492382,10,1,-139
1767171600.5592382,12,-2,-137
1767171600.5692382,9,-3,-138
1767171600.5792382,2,0,-146
1767171600.5892382,2,2,-147
1767171600.5992382,2,2,-149
1767171600.609238,0,5,-151
1767171600.619238,0,9,-152
1767171600.629238,1,6,-153
1767171600.639238,0,7,-149
1767171600.649238,-5,3,-145
1767171600.659238,0,2,-151
1767171600.669238,3,3,-155
1767171600.679238,2,3,-147
1767171600.689238,-4,4,-147
1767171600.699238,-4,5,-144
1767171600.709238,-4,0,-145
1767171600.719238,-7,0,-149
1767171600.7292385,-3,-2,-154
1767171600.7392385,-2,-2,-150
1767171600.7492385,-6,-3,-147
1767171600.7592382,-7,-6,-148
1767171600.7692382,-1,-5,-146
1767171600.7792382,0,-6,-148
1767171600.7892382,-1,-5,-153
1767171600.7992382,0,-1,-153
1767171600.8092382,0,0,-149
1767171600.8192382,0,0,-145
1767171600.8292382,2,0,-145
1767171600.8392382,3,3,-150
1767171600.8492382,-1,1,-157
1767171600.859238,-6,0,-153
1767171600.869238,-10,-2,-150
1767171600.879238,-9,-4,-147
1767171600.889238,-3,-1,-146
1767171600.899238,0,0,-140
1767171600.909238,0,1,-146
1767171600.919238,1,0,-141
1767171600.929238,2,3,-147
1767171600.939238,0,3,-142
1767171600.949238,2,3,-144
1767171600.959238,2,0,-148
1767171600.969238,0,0,-149
1767171600.9792385,-2,2,-146
1767171600.9892385,0,6,-146
1767171600.9992385,-2,3,-140
1767171601.0092382,0,2,-145
1767171601.0192382,0,0,-152
1767171601.0292382,2,-8,-154
1767171601.0392382,1,-6,-152
1767171601.0492382,3,-1,-152
1767171601.0592382,2,-1,-155
1767171601.0692382,5,-4,-155
1767171601.0792382,3,-2,-148
1767171601.0892382,0,-4,-140
1767171601.0992382,-4,-6,-145
1767171601.109238,-1,-7,-142
1767171601.119238,-1,-3,-143
1767171601.129238,0,-3,-140
1767171601.139238,3,-3,-137
1767171601.149238,6,-1,-144
1767171601.159238,7,-1,-143
1767171601.169238,6,0,-145
1767171601.179238,3,2,-141
1767171601.189238,1,3,-137
1767171601.199238,3,3,-134
1767171601.209238,3,0,-134
1767171601.219238,7,4,-127
1767171601.2292385,-2,3,-133
1767171601.2392385,-1,0,-130
1767171601.2492385,0,0,-134
1767171601.2592382,0,2,-128
1767171601.2692382,0,-2,-132
1767171601.2792382,-3,-3,-133
1767171601.2892382,-4,-5,-134
1767171601.2992382,-2,-7,-136
1767171601.3092382,-3,-11,-129
1767171601.3192382,-2,-10,-131
1767171601.3292382,-2,-11,-133
1767171601.3392382,0,-6,-140
1767171601.3492382,1,-4,-147
1767171601.359238,-1,-2,-150
1767171601.369238,-1,-5,-154
1767171601.379238,2,-3,-149
1767171601.389238,3,-4,-150
1767171601.399238,4,-5,-149
1767171601.409238,3,-5,-148
1767171606.4432385,0,6,-152
1767171606.4512382,0,5,-152
1767171606.461238,0,4,-148
1767171606.471238,-1,4,-144
1767171606.481238,-3,0,-149
1767171606.491238,-3,-5,-144
1767171606.501238,-1,-1,-142
1767171606.511238,0,-2,-150
1767171606.521238,0,0,-148
1767171606.531238,0,0,-149
1767171606.541238,-1,-5,-146
1767171606.551238,-2,-1,-139
1767171606.561238,-2,-1,-140
1767171606.571238,0,0,-141
1767171606.5812385,0,0,-143
1767171606.5912385,3,0,-137
1767171606.6012385,3,1,-136
1767171606.6112382,0,-3,-137
1767171606.6212382,0,-3,-138
1767171606.6312382,-2,-2,-146
1767171606.6412382,-3,0,-146
1767171606.6512382,-8,-3,-142
1767171606.6612382,-4,-1,-138
1767171606.6712382,-3,-4,-142
1767171606.6812382,-1,-1,-140
1767171606.6912382,-1,-1,-134
1767171606.7012382,-3,0,-134
1767171606.711238,-7,-1,-133
1767171606.721238,-3,-6,-142
1767171606.731238,-1,-6,-138
1767171606.741238,-1,-7,-136
1767171606.751238,-1,-6,-136
1767171606.761238,0,0,-133
1767171606.771238,-6,1,-138
1767171606.781238,-3,1,-139
1767171606.791238,0,1,-139
1767171606.801238,2,1,-137
1767171606.811238,3,0,-142
1767171606.821238,2,-2,-143
1767171606.8312385,1,-1,-142
1767171606.8412385,-2,0,-139
1767171606.8512385,-1,0,-141
1767171606.8612382,-2,0,-145
1767171606.8712382,-7,1,-147
1767171606.8812382,-5,0,-143
1767171606.8912382,-4,0,-139
1767171606.9012382,-4,1,-142
1767171606.9112382,-1,0,-141
1767171606.9212382,0,0,-147
1767171606.9312382,0,4,-146
1767171606.9412382,0,-1,-144
1767171606.9512382,2,-2,-147
1767171606.961238,8,0,-146
1767171606.971238,10,1,-143
1767171606.981238,6,2,-138
1767171606.991238,-2,4,-143
1767171607.001238,-4,2,-143
1767171607.011238,-3,0,-143
1767171607.021238,-1,0,-144
1767171607.031238,0,1,-140
1767171607.041238,0,1,-143
1767171607.051238,1,-1,-143
1767171607.061238,-1,-2,-147
1767171607.071238,-3,-4,-140
1767171607.0812385,-3,0,-140
1767171607.0912385,-3,1,-136
1767171607.1012385,-2,-2,-140
1767171607.1112382,-6,-1,-139
1767171607.1212382,-7,-1,-134
1767171607.1312382,-3,0,-136
1767171607.1412382,-3,0,-140
1767171607.1512382,-7,0,-145
1767171607.1612382,-6,0,-151
1767171607.1712382,-7,1,-146
1767171607.1812382,-11,4,-144
1767171607.1912382,-12,0,-145
1767171607.2012382,-13,2,-151
1767171607.211238,-5,2,-143
1767171607.221238,-8,4,-145
1767171607.231238,-5,2,-142
1767171607.241238,-3,2,-145
1767171607.251238,-7,1,-150
1767171607.261238,-3,0,-148
1767171607.271238,-1,0,-145
1767171607.281238,-1,0,-144
1767171607.291238,-5,0,-146
1767171607.301238,-9,3,-138
1767171607.311238,-11,-2,-133
1767171607.3222382,-6,-5,-130
1767171607.3322382,-3,-5,-133
1767171607.3422382,-6,0,-137
1767171607.3522382,-8,0,-134
1767171607.3622382,-9,-7,-134
1767171607.3722382,-9,-6,-135
1767171607.382238,-6,-7,-144
1767171607.392238,-3,-5,-148
1767171607.402238,0,-3,-153
1767171607.412238,-1,-3,-156
1767171607.422238,-3,-2,-153
1767171607.432238,-4,1,-147
1767171607.442238,-2,0,-149
1767171607.452238,-1,-2,-158
1767171607.462238,-3,-4,-150
1767171607.472238,-3,-3,-144
1767171607.482238,0,-3,-147
1767171607.492238,-2,-5,-148
1767171607.502238,0,-8,-147
1767171607.5122385,-1,-3,-147
1767171607.5222385,3,0,-147
1767171607.5322382,3,3,-149
1767171607.5422382,-1,1,-149
1767171607.5522382,0,-3,-150
1767171607.5622382,-4,-5,-148
1767171607.5722382,-1,-6,-145
1767171607.5822382,0,-8,-148
1767171607.5922382,1,-11,-152
1767171607.6022382,-1,-10,-149
1767171607.6122382,4,-9,-143
1767171607.6222382,11,-7,-147
1767171607.632238,13,-8,-146
1767171607.642238,5,-7,-142
1767171607.652238,6,-9,-139
1767171607.662238,7,-4,-138
1767171607.672238,6,-1,-140
1767171607.682238,2,-6,-139
1767171607.692238,-1,-5,-143
1767171607.702238,-2,-3,-143
1767171607.712238,0,-6,-145
1767171607.722238,0,-3,-141
1767171607.732238,-1,-1,-146
1767171607.742238,-2,-5,-141
1767171607.752238,-6,-5,-137
1767171607.7622385,-2,-6,-135
1767171607.7722385,0,-8,-143
1767171607.7822382,-2,-6,-151
1767171607.7922382,-4,-2,-144
1767171607.8022382,-4,-2,-144
1767171607.8122382,-5,0,-150
1767171607.8222382,-2,0,-154
1767171607.8322382,-5,1,-153
1767171607.8422382,-1,0,-154
1767171607.8522382,0,0,-157
1767171607.8622382,7,4,-156
1767171607.8722382,3,0,-153
1767171607.882238,6,-4,-153
1767171607.892238,9,-6,-147
1767171607.902238,10,-1,-150
1767171607.912238,8,-2,-145
1767171607.922238,10,-3,-144
1767171607.932238,8,-2,-150
1767171607.942238,0,-4,-148
1767171607.952238,3,-6,-144
1767171607.962238,1,-4,-138
1767171607.972238,2,-3,-142
1767171607.982238,0,-2,-141
1767171607.992238,0,1,-131
1767171608.002238,1,2,-130
1767171608.0122385,3,0,-138
1767171608.0222385,4,4,-146
1767171608.0322382,2,0,-146
1767171608.0422382,0,-3,-144
1767171608.0522382,0,0,-145
1767171608.0622382,-2,-3,-146
1767171608.0722382,0,0,-147
1767171608.0822382,-2,0,-146
1767171608.0922382,0,-1,-149
1767171608.1022382,3,0,-145
1767171608.1122382,-1,1,-142
1767171608.1222382,-2,-2,-145
1767171608.132238,-5,0,-141
1767171608.142238,-6,1,-145
1767171608.152238,-6,2,-150
1767171608.162238,-2,0,-144
1767171608.172238,2,1,-147
1767171608.182238,2,0,-145
1767171608.192238,4,-5,-140
1767171608.202238,3,-6,-143
1767171608.212238,2,-6,-144
1767171608.222238,-2,-10,-150
1767171608.232238,-5,-7,-150
1767171608.242238,-6,-8,-145
1767171608.252238,-5,-8,-139
1767171608.2622385,-4,-6,-131
1767171608.2722385,-4,-2,-131
1767171608.2822382,-7,0,-134
1767171608.2922382,-8,1,-135
1767171608.3022382,-9,0,-140
1767171608.3122382,-11,5,-150
1767171608.3222382,-10,5,-148
1767171608.3322382,-6,2,-144
1767171608.3422382,-5,5,-149
1767171608.3522382,-3,3,-151
1767171608.3622382,-1,4,-146
1767171608.3722382,2,2,-150
1767171608.382238,-3,4,-148
1767171608.392238,-4,0,-146
1767171608.402238,-2,-2,-148
1767171608.412238,-2,-1,-150
1767171608.422238,-4,-4,-147
1767171608.432238,-2,-3,-145
1767171608.442238,-1,-1,-141
1767171608.452238,-2,-4,-148
1767171608.462238,1,-1,-150
1767171608.472238,-1,0,-147
1767171608.482238,-2,2,-148
1767171608.492238,0,1,-149
1767171608.502238,-2,0,-150
1767171608.5122385,-2,-3,-143
1767171608.5222385,-8,-5,-146
1767171608.5322382,-5,-6,-148
1767171608.5422382,-2,-5,-145
1767171608.5522382,-3,-7,-147
1767171608.5622382,0,-7,-146
1767171608.5722382,-5,-2,-146
1767171608.5822382,-5,0,-148
1767171608.5922382,-2,-2,-148
1767171608.6022382,0,-4,-141
1767171608.6122382,0,-2,-143
1767171608.6222382,-3,1,-145
1767171608.632238,-1,0,-145
1767171608.642238,0,0,-140
1767171608.652238,0,0,-140
1767171608.662238,1,1,-136
1767171608.672238,0,1,-136
1767171608.682238,2,0,-141
1767171608.692238,2,-1,-136
1767171608.702238,0,0,-142
1767171608.712238,2,-1,-144
1767171608.722238,0,-4,-144
1767171608.732238,-3,-5,-144
1767171608.742238,0,-8,-143
1767171608.752238,0,-7,-140
1767171608.7622385,0,-5,-143
1767171608.7722385,-2,-4,-134
1767171608.7822382,-1,0,-132
1767171608.7922382,0,0,-134
1767171608.8022382,-1,-3,-138
1767171608.8122382,-3,-5,-140
1767171608.8222382,2,-1,-144
1767171608.8322382,4,0,-152
1767171608.8422382,1,-2,-153
1767171608.8522382,0,-1,-144
1767171608.8622382,4,0,-145
1767171608.8722382,4,2,-145
1767171608.882238,3,5,-149
1767171608.892238,4,3,-141
1767171608.902238,3,5,-136
1767171608.912238,3,2,-133
1767171608.922238,-2,0,-138
1767171608.932238,-5,-4,-137
1767171608.942238,0,-5,-140
1767171608.952238,4,-3,-149
1767171608.962238,5,0,-148
1767171608.972238,6,-2,-149
1767171608.982238,6,-5,-145
1767171608.992238,5,-7,-150
1767171609.002238,5,-5,-146
1767171609.0122385,5,-1,-140
1767171609.0222385,9,1,-136
1767171609.0322382,15,0,-137
1767171609.0422382,11,1,-140
1767171609.0522382,8,0,-150
1767171609.0622382,6,0,-146
1767171609.0722382,2,-4,-148
1767171609.0822382,0,0,-150
1767171609.0922382,2,2,-148
1767171609.1022382,-1,4,-147
1767171609.1122382,-2,5,-144
1767171609.1222382,-4,4,-142
1767171609.132238,0,6,-136
1767171609.142238,0,0,-130
1767171609.152238,-1,-1,-132
1767171609.162238,-4,-1,-136
1767171609.172238,-5,0,-141
1767171609.182238,-4,-1,-144
1767171609.192238,-9,0,-144
1767171609.202238,-4,-2,-145
1767171609.212238,0,-4,-152
1767171609.222238,-1,-8,-152
1767171609.232238,-5,-9,-147
1767171609.242238,-7,-10,-144
1767171609.252238,-2,-6,-146
1767171609.2622385,-3,-4,-146
1767171609.2722385,-5,-3,-145
1767171609.2822382,-2,-2,-146
1767171609.2922382,0,-3,-153
1767171609.3022382,0,-2,-155
1767171609.3122382,-2,-5,-153
1767171609.3222382,-2,-6,-148
1767171609.3322382,0,-5,-148
1767171609.3422382,0,-6,-149
1767171609.3522382,-2,-6,-138
1767171609.3622382,-1,-7,-144
1767171609.3722382,-1,-4,-146
1767171609.382238,-2,-1,-141
1767171609.392238,-4,-4,-140
1767171609.402238,-6,-4,-138
1767171609.412238,-5,-3,-132
1767171609.422238,-2,-3,-131
1767171609.432238,-5,0,-132
1767171609.442238,0,0,-136
1767171609.452238,-1,-1,-139
1767171609.462238,-2,-1,-144
1767171609.472238,-1,1,-143
1767171609.482238,-1,1,-140
1767171609.492238,-3,5,-141
1767171609.502238,-4,9,-144
1767171609.5122385,-4,10,-141
1767171609.5222385,-10,4,-143
1767171609.5322382,-10,1,-140
1767171609.5422382,-9,4,-136
1767171609.5522382,-3,2,-132
1767171609.5622382,0,2,-132
1767171609.5722382,4,3,-133
1767171609.5822382,3,0,-138
1767171609.5922382,2,0,-141
1767171609.6022382,-1,1,-142
1767171609.6122382,-1,0,-145
1767171609.6222382,-1,1,-145
1767171609.632238,-2,4,-144
1767171609.642238,-5,2,-142
1767171609.652238,-6,1,-141
1767171609.662238,-5,1,-142
1767171609.672238,-7,0,-141
1767171609.682238,-7,-5,-141
1767171609.692238,-10,-4,-136
1767171609.702238,-8,1,-139
1767171609.712238,-5,2,-140
1767171609.722238,-2,1,-142
1767171609.732238,-4,3,-142
1767171609.742238,-5,2,-148
1767171609.752238,-5,0,-151
1767171609.7622385,0,-3,-151
1767171609.7722385,2,-3,-145
1767171609.7822382,1,-6,-141
1767171609.7922382,1,0,-139
1767171609.8022382,2,0,-140
1767171609.8122382,0,-2,-147
1767171609.8222382,-7,-3,-144
1767171609.8322382,-8,-1,-151
1767171609.843238,-3,0,-152
1767171609.853238,-3,0,-146
1767171609.863238,-7,-1,-142
1767171609.873238,-7,-2,-145
1767171609.883238,-4,-4,-148
1767171609.893238,-2,-1,-143
1767171609.903238,0,0,-140
1767171609.913238,-1,2,-144
1767171609.923238,-1,2,-140
1767171609.9332385,1,-2,-139
1767171609.9432385,2,-1,-142
1767171609.9532382,5,-3,-140
1767171609.9632382,6,-8,-140
1767171609.9732382,3,-5,-138
1767171609.9832382,-3,-4,-141
1767171609.9932382,-5,-3,-143
1767171610.0032382,-4,-6,-151
1767171610.0132382,3,-9,-147
1767171610.0232382,6,-13,-146
1767171610.0332382,9,-11,-142
1767171610.0432382,8,-9,-141
1767171610.0532382,8,-8,-146
1767171610.063238,5,-5,-145
1767171610.073238,6,-5,-149
1767171610.083238,6,-4,-148
1767171610.093238,10,-1,-146
1767171610.103238,9,2,-140
1767171610.113238,4,6,-135
1767171610.123238,2,3,-140
1767171610.133238,0,4,-146
1767171610.143238,-3,5,-147
1767171610.153238,-5,4,-149
1767171610.163238,-8,1,-149
1767171610.173238,-8,0,-141
1767171610.1832385,-5,0,-143
1767171610.1932385,-3,0,-143
1767171610.2032382,-3,0,-138
1767171610.2132382,0,1,-139
1767171610.2232382,3,2,-144
1767171610.2332382,3,-4,-143
1767171610.2432382,0,-6,-141
1767171610.2532382,-3,-5,-142
1767171610.2632382,0,-4,-143
1767171610.2732382,0,-4,-141
1767171610.2832382,-1,-3,-128
1767171610.2932382,-2,-3,-134
1767171610.3032382,-1,0,-137
1767171610.313238,-1,0,-139
1767171610.323238,0,0,-140
1767171610.333238,0,-1,-137
1767171610.343238,0,1,-138
1767171610.353238,1,0,-140
1767171610.363238,4,0,-144
1767171610.373238,1,-1,-144
1767171610.383238,2,-6,-147
1767171610.393238,1,-8,-145
1767171610.403238,0,-8,-140
1767171610.413238,-3,-6,-142
1767171610.423238,-2,-9,-144
1767171610.4332385,0,-6,-142
1767171610.4432385,-2,-6,-141
1767171610.4532382,-2,-5,-145
1767171610.4632382,0,-4,-145
1767171610.4732382,0,-1,-144
1767171610.4832382,0,2,-133
1767171610.4932382,0,1,-129
1767171610.5032382,-2,0,-134
1767171610.5132382,-6,-3,-138
1767171610.5232382,-5,-5,-135
1767171610.5332382,-3,0,-137
1767171610.5432382,1,-1,-145
1767171610.5532382,-3,-6,-146
1767171610.563238,-5,-2,-148
1767171610.573238,-2,0,-142
1767171610.583238,0,0,-137
1767171610.593238,0,-2,-137
1767171610.603238,-2,-3,-133
1767171610.613238,-5,-4,-135
1767171610.623238,-2,0,-136
1767171610.633238,1,2,-138
1767171610.643238,-1,4,-141
1767171610.653238,-9,4,-141
1767171610.663238,-10,4,-140
1767171610.673238,-7,2,-137
1767171610.6832385,-5,7,-134
1767171610.6932385,-4,9,-141
1767171610.7032382,-7,7,-134
1767171610.7132382,-8,4,-133
1767171610.7232382,-8,-1,-147
1767171610.7332382,-5,0,-146
1767171610.7432382,-8,-1,-140
1767171610.7532382,-9,-3,-140
1767171610.7632382,-3,-6,-138
1767171610.7732382,-5,-9,-141
1767171610.7832382,-2,-7,-141
1767171610.7932382,-1,-5,-144
1767171610.8032382,-4,-3,-149
1767171610.813238,-4,-4,-146
1767171610.823238,-2,-7,-150
1767171610.833238,-3,-10,-149
1767171610.843238,0,-11,-151
1767171610.853238,1,-9,-149
1767171610.863238,0,-7,-146
1767171610.873238,-2,-5,-145
1767171610.883238,0,-4,-140
1767171610.893238,-3,-3,-143
1767171610.903238,0,-4,-143
1767171610.913238,0,-2,-141
1767171610.923238,3,1,-141
1767171610.9332385,1,1,-148
1767171610.9432385,4,-1,-141
1767171610.9532382,1,-6,-140
1767171610.9632382,0,-6,-143
1767171610.9732382,-2,-6,-141
1767171610.9832382,0,0,-143
1767171610.9932382,2,0,-143
1767171611.0032382,1,2,-150
1767171611.0132382,-1,1,-147
1767171611.0232382,-1,-1,-149
1767171611.0332382,0,0,-147
1767171611.0432382,0,-5,-145
1767171611.0532382,0,-5,-144
1767171611.063238,0,-1,-145
1767171611.073238,-1,0,-141
1767171611.083238,0,0,-146
1767171611.093238,0,0,-145
1767171611.103238,1,2,-143
1767171611.113238,-1,7,-138
1767171611.123238,-3,6,-135
1767171611.133238,2,7,-134
1767171611.143238,1,6,-133
1767171611.153238,-3,3,-137
1767171611.163238,-5,3,-139
1767171611.173238,-5,-3,-144
1767171611.1832385,-12,-3,-145
1767171611.1932385,-9,-6,-147
1767171611.2032382,-11,0,-148
1767171611.2132382,-9,0,-143
1767171611.2232382,-3,-3,-149
1767171611.2332382,-5,-1,-152
1767171611.2432382,-6,-4,-150
1767171611.2532382,-2,-2,-141
1767171611.2632382,2,-1,-140
1767171611.2732382,0,-5,-137
1767171611.2832382,1,-4,-138
1767171611.2932382,1,-3,-137
1767171611.3032382,1,-8,-142
1767171611.313238,3,-6,-143
1767171611.323238,5,-6,-148
1767171611.333238,1,-6,-150
1767171611.343238,1,-9,-153
1767171611.353238,1,-9,-155
1767171611.363238,-1,-7,-153
1767171611.373238,-2,-5,-145
1767171611.383238,-1,-1,-144
1767171611.393238,1,0,-140
1767171611.403238,-1,2,-139
1767171611.413238,0,4,-141
1767171611.423238,0,6,-142
1767171611.4332385,-3,4,-138
1767171611.455238,-1,-2,-141
1767171611.4632382,-6,-4,-147
1767171611.4732382,-5,-8,-148
1767171611.4832382,-1,-7,-152
1767171611.4932382,-2,-7,-151
1767171611.5032382,-1,-4,-153
1767171611.5132382,0,-5,-159
1767171611.5232382,0,-3,-152
1767171611.5332382,-1,-1,-152
1767171611.5432382,0,0,-151
1767171611.5532382,4,1,-156
1767171611.563238,6,2,-151
1767171611.573238,4,2,-146
1767171611.583238,4,0,-147
1767171611.593238,6,0,-147
1767171611.603238,1,0,-141
1767171611.613238,0,-1,-141
1767171611.623238,0,-1,-137
1767171611.633238,1,0,-136
1767171611.643238,-1,-3,-136
1767171611.653238,0,-6,-139
1767171611.663238,1,-8,-140
1767171611.673238,0,-7,-141
1767171611.6832385,2,-4,-144
1767171611.6932385,0,0,-145
1767171611.7032382,1,-1,-145
1767171611.7132382,3,-4,-146
1767171611.7232382,-2,-6,-150
1767171611.7332382,-1,-7,-145
1767171611.7432382,1,-8,-146
1767171611.7532382,1,-7,-151
1767171611.7632382,2,-7,-155
1767171611.7732382,4,-8,-155
1767171611.7832382,0,-8,-160
1767171611.7932382,0,-5,-164
1767171611.8032382,3,-4,-161
1767171611.813238,-1,-4,-155
1767171611.823238,-5,-1,-151
1767171611.833238,-8,0,-148
1767171611.843238,-11,1,-142
1767171611.853238,-8,1,-144
1767171611.863238,-4,0,-144
1767171611.873238,-4,-2,-140
1767171611.883238,-5,0,-139
1767171611.893238,-8,1,-144
1767171611.903238,-8,0,-140
1767171611.913238,-9,-3,-139
1767171611.923238,-12,-3,-142
1767171611.9332385,-13,-7,-148
1767171611.9432385,-9,-10,-144
1767171611.9532382,-7,-10,-143
1767171611.9632382,-3,-6,-143
1767171611.9732382,0,-7,-148
1767171611.9832382,1,-6,-144
1767171611.9932382,0,-5,-143
1767171612.0032382,-2,-4,-143
1767171612.0132382,-2,-8,-144
1767171612.0232382,-3,-3,-146
1767171612.0332382,0,0,-147
1767171612.0432382,0,0,-142
1767171612.0532382,1,0,-143
1767171612.063238,-1,0,-141
1767171612.073238,-4,4,-142
1767171612.083238,-5,4,-145
1767171612.093238,-6,6,-143
1767171612.103238,-8,9,-148
1767171612.113238,-8,9,-148
1767171612.123238,-5,6,-148
1767171612.133238,1,1,-151
1767171612.143238,2,3,-147
1767171612.153238,4,3,-150
1767171612.163238,4,1,-150
1767171612.173238,1,2,-149
1767171612.1832385,3,2,-143
1767171612.1932385,2,1,-135
1767171612.2032382,3,0,-140
1767171612.2132382,2,-5,-140
1767171612.2232382,1,-3,-148
1767171612.2332382,3,-1,-156
1767171612.2432382,2,2,-148
1767171612.2532382,1,0,-150
1767171612.2632382,2,-3,-151
1767171612.2732382,4,-2,-147
1767171612.2832382,1,-2,-146
1767171612.2932382,-3,-2,-142
1767171612.3032382,-4,-2,-128
1767171612.313238,-7,-1,-132
1767171612.324238,-8,-1,-134
1767171612.333238,-6,-2,-143
1767171612.344238,-4,-6,-143
1767171612.3542385,-6,-5,-146
1767171612.363238,-2,-4,-149
1767171612.3742385,-5,-4,-151
1767171612.3842382,-6,-2,-149
1767171612.3942382,-4,-1,-148
1767171612.403238,1,0,-148
1767171612.4142382,1,0,-148
1767171612.4242382,0,1,-144
1767171612.4342382,-1,1,-145
1767171612.4442382,-3,-2,-144
1767171612.4542382,-1,-5,-146
1767171612.4642382,4,-3,-150
1767171612.4742382,2,-1,-150
1767171612.484238,0,-2,-153
1767171612.494238,2,0,-156
1767171612.504238,3,0,-150
1767171612.514238,2,2,-146
1767171612.524238,1,0,-147
1767171612.534238,0,0,-155
1767171612.544238,-2,-1,-158
1767171612.554238,-4,-5,-152
1767171612.564238,-2,-5,-151
1767171612.574238,-5,-2,-156
1767171612.584238,-6,-5,-157
1767171612.594238,-8,-3,-156
1767171612.6042385,-5,-2,-150
1767171612.6142385,-1,-5,-148
1767171612.6242385,-4,-8,-149
1767171612.6342382,-3,-4,-149
1767171612.6442382,-2,-3,-144
1767171612.6542382,-3,-4,-147
1767171612.6642382,0,-3,-140
1767171612.6742382,2,-5,-137
1767171612.6842382,2,-7,-123
1767171612.6942382,0,-9,-125
1767171612.7042382,4,-10,-131
1767171612.7142382,4,-8,-134
1767171612.7242382,-1,-3,-144
1767171612.734238,0,-6,-152
1767171612.744238,-4,-3,-152
1767171612.754238,-7,-2,-151
1767171612.764238,-4,0,-146
1767171612.774238,0,3,-147
1767171612.784238,3,3,-142
1767171612.794238,2,0,-141
1767171612.804238,0,0,-141
1767171612.814238,6,0,-143
1767171612.824238,4,0,-144
1767171612.834238,4,-2,-146
1767171612.844238,3,0,-151
1767171612.8542385,0,-1,-145
1767171612.8642385,-2,0,-148
1767171612.8742385,0,1,-148
1767171612.8842382,0,0,-146
1767171612.8942382,4,0,-150
1767171612.9042382,6,-2,-146
1767171612.9142382,5,-4,-149
1767171612.9242382,2,-4,-149
1767171612.9342382,-1,-4,-143
1767171612.9442382,-1,-4,-142
1767171612.9542382,0,-4,-137
1767171612.9642382,-3,-5,-139
1767171612.9742382,-5,-2,-141
1767171612.984238,-3,0,-143
1767171612.994238,-2,0,-138
1767171613.004238,-2,2,-131
1767171613.014238,3,0,-134
1767171613.024238,5,0,-140
1767171613.034238,0,-1,-146
1767171613.044238,-2,-6,-141
1767171613.054238,-1,-8,-135
1767171613.064238,-1,-7,-133
1767171613.074238,-3,-5,-138
1767171613.084238,-3,-3,-139
1767171613.094238,-5,-1,-143
1767171613.1042385,-7,-2,-142
1767171613.1142385,-6,-5,-141
1767171613.1242385,-9,-3,-143
1767171613.1342382,-3,-5,-153
1767171613.1442382,-1,-9,-149
1767171613.1542382,0,-7,-150
1767171613.1642382,0,-5,-144
1767171613.1742382,-3,-5,-142
1767171613.1842382,-1,-5,-146
1767171613.1942382,0,-4,-142
1767171613.2042382,3,-3,-142
1767171613.2142382,1,-2,-142
1767171613.2242382,-1,-5,-143
1767171613.234238,3,-4,-143
1767171613.244238,4,-5,-147
1767171613.254238,0,-10,-146
1767171613.264238,-2,-9,-147
1767171613.274238,-4,-7,-150
1767171613.284238,-3,-8,-142
1767171613.294238,-1,-9,-144
1767171613.304238,-4,-7,-137
1767171613.314238,-4,-4,-142
1767171613.324238,0,-5,-142
1767171613.334238,-2,-5,-148
1767171613.344238,-4,-5,-149
1767171613.3542385,-7,-5,-148
1767171613.3642385,-4,-6,-146
1767171613.3742385,-4,-8,-149
1767171613.3842382,-1,-6,-149
1767171613.3942382,-1,-7,-153
1767171613.4042382,2,-5,-151
1767171613.4142382,3,-2,-153
1767171613.4242382,3,0,-151
1767171613.4342382,0,-5,-147
1767171613.4442382,0,-5,-148
1767171613.4542382,2,0,-148
1767171613.4642382,3,2,-145
1767171613.4742382,0,3,-150
1767171613.484238,1,2,-152
1767171613.494238,1,0,-156
1767171613.504238,1,0,-149
1767171613.514238,3,-2,-148
1767171613.524238,5,0,-153
1767171613.534238,5,-1,-154
1767171613.544238,4,2,-154
1767171613.554238,6,0,-144
1767171613.564238,5,-3,-143
1767171613.574238,1,-6,-147
1767171613.584238,-1,-7,-143
1767171613.594238,-1,-8,-147
1767171613.6042385,0,-7,-143
1767171613.6142385,-1,-9,-138
1767171613.6242385,-5,-9,-138
1767171613.6342382,-4,-8,-140
1767171613.6442382,0,-7,-144
1767171613.6542382,-1,-8,-154
1767171613.6642382,-4,-6,-147
1767171613.6742382,-5,-5,-148
1767171613.6842382,-3,-4,-144
1767171613.6942382,0,-2,-144
1767171613.7042382,0,-4,-144
1767171613.7142382,0,-8,-146
1767171613.7242382,0,-4,-147
1767171613.734238,2,-3,-142
1767171613.744238,0,-5,-140
1767171613.754238,0,1,-141
1767171613.764238,-1,-2,-149
1767171613.774238,-5,-5,-151
1767171613.784238,-5,-1,-152
1767171613.794238,-2,0,-155
1767171613.804238,-1,2,-149
1767171613.814238,1,3,-149
1767171613.824238,0,5,-148
1767171613.834238,2,2,-148
1767171613.844238,-1,3,-143
1767171613.8542385,-4,0,-135
1767171613.8642385,0,-3,-136
1767171613.8742385,1,-7,-137
1767171613.8842382,4,-5,-139
1767171613.8942382,9,-2,-144
1767171613.9042382,12,1,-144
1767171613.9142382,14,1,-141
1767171613.9242382,8,3,-141
1767171613.9342382,6,1,-142
1767171613.9442382,5,0,-138
1767171613.9542382,4,2,-135
1767171613.9642382,3,0,-140
1767171613.9742382,0,-4,-135
1767171613.984238,0,0,-137
1767171613.994238,3,0,-135
1767171614.004238,0,0,-140
1767171614.014238,-5,0,-146
1767171614.024238,0,-2,-146
1767171614.034238,0,-1,-148
1767171614.044238,3,-3,-141
1767171614.054238,2,-2,-138
1767171614.064238,3,-3,-133
1767171614.074238,-1,-1,-136
1767171614.084238,0,-4,-138
1767171614.094238,-1,-7,-140
1767171614.1042385,0,-6,-145
1767171614.1142385,-3,-5,-142
1767171614.1242385,-1,-4,-142
1767171614.1342382,3,-4,-141
1767171614.1442382,0,-3,-147
1767171614.1542382,2,-3,-142
1767171614.1642382,3,-1,-138
1767171614.1742382,-1,-2,-137
1767171614.1842382,0,-4,-137
1767171614.1942382,5,-6,-134
1767171614.2042382,5,-8,-133
1767171614.2142382,1,-4,-136
1767171614.2242382,0,2,-143
1767171614.234238,0,-3,-147
1767171614.244238,-2,-3,-154
1767171614.254238,-2,-4,-152
1767171614.264238,-3,0,-146
1767171614.274238,-6,-1,-147
1767171614.284238,-6,-6,-143
1767171614.294238,-3,-5,-144
1767171614.304238,-5,-4,-149
1767171614.314238,-4,-1,-150
1767171614.324238,0,-2,-149
1767171614.334238,1,-5,-145
1767171614.344238,0,-1,-142
1767171614.3542385,0,1,-142
1767171614.3642385,1,0,-138
1767171614.3742385,-2,1,-143
1767171614.3842382,-5,0,-140
1767171614.3942382,-4,0,-144
1767171614.4042382,-1,0,-141
1767171614.4142382,0,1,-148
1767171614.4242382,3,-1,-148
1767171614.4342382,-1,-5,-147
1767171614.4442382,-3,-4,-146
1767171614.4542382,-1,-2,-140
1767171614.4642382,1,-4,-137
1767171614.4742382,7,-3,-137
1767171614.484238,6,-2,-136
1767171614.494238,5,0,-135
1767171614.504238,4,-2,-134
1767171614.514238,4,-7,-133
1767171614.524238,4,-8,-132
1767171614.534238,8,-5,-133
1767171614.544238,5,-2,-133
1767171614.554238,3,-6,-139
1767171614.564238,3,-4,-138
1767171614.574238,0,-1,-136
1767171614.584238,-1,-3,-140
1767171614.594238,-2,-5,-141
1767171614.6042385,-1,-7,-135
1767171614.6142385,0,-8,-138
1767171614.6242385,0,-11,-139
1767171614.6342382,-2,-6,-139
1767171614.6442382,-2,-8,-141
1767171614.6542382,-1,-8,-144
1767171614.6642382,-1,-9,-139
1767171614.6742382,1,-5,-138
1767171614.6842382,3,-4,-133
1767171614.6942382,5,-3,-138
1767171614.7042382,1,-4,-131
1767171614.7142382,-1,-2,-140
1767171614.7242382,0,0,-135
1767171614.734238,2,2,-134
1767171614.744238,3,2,-136
1767171614.754238,1,3,-134
1767171614.764238,0,2,-140
1767171614.774238,-4,0,-144
1767171614.784238,-4,-2,-143
1767171614.794238,-2,0,-144
1767171614.804238,-1,-5,-144
1767171614.814238,-2,-5,-146
1767171614.824238,-2,-6,-140
1767171614.834238,-2,-5,-137
1767171614.8452382,-7,-4,-139
1767171614.8542385,-4,-4,-136
1767171614.8652382,-2,-1,-141
1767171614.8742385,-5,-2,-143
1767171614.8852382,-4,-5,-144
1767171614.8952382,-2,-9,-152
1767171614.9052382,0,-10,-152
1767171614.915238,2,-6,-145
1767171614.925238,3,-4,-141
1767171614.935238,0,-1,-140
1767171614.945238,0,-2,-139
1767171614.955238,1,0,-136
1767171614.965238,-1,-1,-138
1767171614.975238,0,-2,-136
1767171614.985238,0,-5,-133
1767171614.995238,0,-5,-138
1767171615.005238,0,-7,-136
1767171615.015238,-2,-9,-131
1767171615.025238,0,-6,-133
1767171615.0352385,-1,-4,-133
1767171615.0452385,1,-6,-137
1767171615.0552382,3,-9,-147
1767171615.0652382,2,-10,-150
1767171615.0752382,1,-9,-144
1767171615.0852382,6,-4,-146
1767171615.0952382,6,-3,-146
1767171615.1052382,6,-2,-151
1767171615.1152382,6,-3,-151
1767171615.1252382,7,0,-152
1767171615.1352382,5,-3,-150
1767171615.1452382,1,0,-155
1767171615.1552382,3,0,-159
1767171615.165238,5,0,-156
1767171615.175238,3,0,-144
1767171615.185238,-2,0,-136
1767171615.195238,0,-4,-139
1767171615.205238,-2,-5,-142
1767171615.215238,-2,-3,-144
1767171615.225238,-3,-4,-144
1767171615.235238,0,-7,-144
1767171615.245238,-1,-3,-141
1767171615.255238,0,1,-139
1767171615.265238,-1,0,-146
1767171615.275238,-2,-1,-141
1767171615.2852385,-3,-4,-143
1767171615.2952385,0,-4,-139
1767171615.3052382,0,-2,-129
1767171615.3152382,0,-3,-129
1767171615.3252382,-2,-4,-130
1767171615.3352382,0,-8,-136
1767171615.3452382,6,-6,-135
1767171615.3552382,-1,-4,-138
1767171615.3652382,-1,-4,-137
1767171615.3752382,0,-6,-141
1767171615.3852382,5,-5,-143
1767171615.3952382,1,-3,-140
1767171615.4052382,0,-8,-142
1767171615.415238,0,-7,-140
1767171615.425238,-6,-7,-139
1767171615.435238,-5,-5,-134
1767171615.445238,-4,-2,-133
1767171615.455238,-11,-5,-136
1767171615.465238,-12,-4,-137
1767171615.475238,-11,0,-139
1767171615.485238,-11,1,-142
1767171615.495238,-13,1,-144
1767171615.505238,-11,1,-144
1767171615.515238,-5,2,-149
1767171615.525238,0,2,-158
1767171615.5352385,3,-1,-158
1767171615.5452385,0,-2,-160
1767171615.5552382,1,-3,-162
1767171615.5652382,-4,0,-161
1767171615.5752382,-5,0,-158
1767171615.5852382,-9,0,-149
1767171615.5952382,-8,-4,-143
1767171615.6052382,-3,-5,-143
1767171615.6152382,-1,-2,-141
1767171615.6252382,0,-8,-140
1767171615.6352382,4,-10,-142
1767171615.6452382,2,-7,-138
1767171615.6552382,5,-11,-134
1767171615.665238,6,-9,-131
1767171615.675238,2,-5,-136
1767171615.685238,4,-2,-138
1767171615.695238,7,-4,-135
1767171615.705238,2,-7,-140
1767171615.715238,6,-10,-140
1767171615.725238,7,-9,-137
1767171615.735238,6,-10,-141
1767171615.745238,5,-12,-141
1767171615.755238,9,-11,-146
1767171615.765238,9,-8,-151
1767171615.775238,5,-9,-152
1767171615.7852385,5,-7,-153
1767171615.7952385,4,-5,-153
1767171615.8052382,3,-1,-154
1767171615.8152382,0,0,-154
1767171615.8252382,-2,-2,-155
1767171615.8352382,-4,0,-153
1767171615.8452382,-4,0,-151
1767171615.8552382,-1,-1,-151
1767171615.8652382,0,-4,-149
1767171615.8752382,5,-2,-143
1767171615.8852382,3,-3,-149
1767171615.8952382,2,-3,-151
1767171615.9052382,-1,-6,-144
1767171615.915238,-2,-10,-144
1767171615.925238,-1,-9,-142
1767171615.935238,-2,-2,-144
1767171615.945238,-4,-2,-141
1767171615.955238,-4,-2,-139
1767171615.965238,-7,-1,-142
1767171615.975238,-8,-5,-145
1767171615.985238,-8,-5,-150
1767171615.995238,-8,-9,-148
1767171616.005238,-5,-9,-151
1767171616.015238,-6,-8,-146
1767171616.025238,0,-2,-146
1767171616.0352385,4,-1,-150
1767171616.0452385,2,1,-148
1767171616.0552382,0,0,-150
1767171616.0652382,-3,2,-148
1767171616.0752382,-1,1,-148
1767171616.0852382,-2,0,-144
1767171616.0952382,0,-1,-143
1767171616.1052382,-3,1,-147
1767171616.1152382,-1,1,-145
1767171616.1252382,-1,-2,-146
1767171616.1352382,3,-2,-145
1767171616.1452382,5,0,-142
1767171616.1552382,5,-1,-149
1767171616.165238,0,-4,-145
1767171616.175238,3,-4,-135
1767171616.185238,-4,-6,-134
1767171616.195238,-4,-6,-137
1767171616.205238,-7,-5,-134
1767171616.215238,-6,-6,-139
1767171616.225238,-4,-7,-138
1767171616.235238,-1,-8,-141
1767171616.245238,0,-8,-135
1767171616.255238,0,-5,-140
1767171616.265238,2,-2,-138
1767171616.275238,0,-3,-137
1767171616.2852385,-1,-2,-139
1767171616.2952385,-6,-3,-140
1767171616.3052382,-7,-3,-145
1767171616.3152382,-6,-3,-147
1767171616.3252382,1,-4,-146
1767171616.3352382,3,-8,-147
1767171616.3452382,2,-4,-150
1767171616.3552382,3,-1,-142
1767171616.3652382,5,1,-139
1767171616.3752382,2,-2,-138
1767171616.3852382,3,-2,-140
1767171616.3952382,3,-1,-137
1767171616.4052382,1,0,-129
1767171616.415238,2,1,-134
1767171616.425238,0,3,-146
1767171616.435238,1,1,-156
1767171616.445238,-1,1,-150
1767171616.4672382,-1,0,-154
1767171616.475238,-1,0,-147
1767171616.485238,-4,-1,-148
1767171616.495238,-6,-1,-152
1767171616.505238,-7,-3,-151
1767171616.515238,-2,-4,-149
1767171616.525238,3,-4,-149
1767171616.5352385,5,-2,-157
1767171616.5452385,4,-3,-152
1767171616.5552382,0,-6,-150
1767171616.5652382,-3,-9,-150
1767171616.5752382,0,-8,-141
1767171616.5852382,-3,-7,-140
1767171616.5952382,-4,-8,-137
1767171616.6052382,-2,-5,-136
1767171616.6152382,-4,-5,-133
1767171616.6252382,-4,-6,-127
1767171616.6352382,-6,-3,-128
1767171616.6452382,-8,-2,-129
1767171616.6552382,-9,-3,-140
1767171616.665238,-9,-2,-141
1767171616.675238,-11,-4,-143
1767171616.685238,-4,-4,-140
1767171616.695238,-3,-5,-147
1767171616.705238,-2,0,-147
1767171616.715238,3,-1,-146
1767171616.725238,4,0,-145
1767171616.735238,0,3,-140
1767171616.745238,0,2,-139
1767171616.755238,1,1,-138
1767171616.765238,-1,3,-139
1767171616.775238,-1,1,-141
1767171616.7852385,0,-2,-144
1767171616.7952385,-6,0,-141
1767171616.8052382,-9,-2,-140
1767171616.8152382,-9,-6,-136
1767171616.8252382,-10,-3,-137
1767171616.8352382,-4,1,-131
1767171616.8452382,-7,4,-129
1767171616.8552382,-2,3,-131
1767171616.8652382,-1,5,-133
1767171616.8752382,-1,9,-137
1767171616.8852382,1,5,-142
1767171616.8952382,1,1,-148
1767171616.9052382,-3,1,-148
1767171616.915238,-5,2,-143
1767171616.925238,-5,0,-143
1767171616.935238,-4,-5,-141
1767171616.945238,-5,-3,-141
1767171616.955238,-5,-2,-138
1767171616.965238,-3,1,-138
1767171616.975238,0,1,-143
1767171616.985238,2,1,-147
1767171616.995238,0,0,-149
1767171617.005238,-4,-1,-156
1767171617.015238,-4,-4,-157
1767171617.025238,-10,-5,-158
1767171617.0352385,-5,-9,-152
1767171617.0452385,-6,-10,-147
1767171617.0552382,-2,-10,-142
1767171617.0652382,-1,-9,-144
1767171617.0752382,-4,-6,-148
1767171617.0852382,-1,-3,-148
1767171617.0952382,1,-5,-147
1767171617.1052382,2,-2,-151
1767171617.1152382,1,-4,-151
1767171617.1252382,1,-3,-156
1767171617.1352382,2,0,-149
1767171617.1452382,-1,-2,-142
1767171617.1552382,-1,-3,-143
1767171617.165238,0,-4,-143
1767171617.175238,0,-4,-146
1767171617.185238,3,-1,-145
1767171617.195238,4,-2,-136
1767171617.205238,0,-2,-132
1767171617.215238,2,0,-128
1767171617.225238,1,0,-127
1767171617.235238,-1,-4,-131
1767171617.245238,1,-8,-125
1767171617.255238,7,-3,-132
1767171617.265238,4,-6,-135
1767171617.275238,4,-5,-133
1767171617.2852385,0,-11,-139
1767171617.2952385,0,-13,-145
1767171617.3052382,2,-12,-147
1767171617.3152382,2,-10,-154
1767171617.3252382,5,-10,-148
1767171617.3352382,4,-8,-150
1767171617.3452382,4,-3,-156
1767171617.3552382,5,-3,-159
1767171617.3652382,5,-1,-156
1767171617.3752382,3,0,-151
1767171617.3852382,3,0,-149
1767171617.3952382,1,-3,-151
1767171617.406238,0,-3,-154
1767171617.416238,-1,-3,-160
1767171617.426238,0,-6,-159
1767171617.436238,4,-5,-155
1767171617.446238,7,-6,-152
1767171617.4562385,5,-4,-142
1767171617.4662385,1,-3,-144
1767171617.4762385,-2,0,-141
1767171617.4862382,-4,-1,-143
1767171617.4962382,-4,1,-142
1767171617.5062382,-2,-1,-144
1767171617.5162382,-6,1,-144
1767171617.5262382,-6,0,-144
1767171617.5362382,-5,-1,-146
1767171617.5462382,-6,-2,-155
1767171617.5562382,-2,-4,-156
1767171617.5662382,-1,-2,-156
1767171617.5762382,-6,-2,-155
1767171617.586238,-9,-3,-154
1767171617.596238,-9,-3,-148
1767171617.606238,-10,-3,-145
1767171617.616238,-11,-1,-146
1767171617.626238,-9,-3,-149
1767171617.636238,-10,-2,-141
1767171617.646238,-8,-2,-140
1767171617.656238,-6,-2,-138
1767171617.666238,-6,-1,-144
1767171617.676238,-2,-2,-138
1767171617.686238,0,-3,-139
1767171617.696238,1,-4,-140
1767171617.7062385,3,-7,-135
1767171617.7162385,6,-4,-135
1767171617.7262385,7,-6,-132
1767171617.7362382,6,-7,-127
1767171617.7462382,3,-6,-129
1767171617.7562382,2,-6,-135
1767171617.7662382,2,-6,-135
1767171617.7762382,3,-3,-148
1767171617.7862382,3,0,-147
1767171617.7962382,0,0,-150
1767171617.8062382,2,-7,-144
1767171617.8162382,4,-5,-137
1767171617.8262382,5,-3,-134
1767171617.836238,1,-3,-131
1767171617.846238,0,-4,-135
1767171617.856238,-5,-3,-136
1767171617.866238,-1,-2,-140
1767171617.876238,1,-5,-138
1767171617.886238,2,-7,-143
1767171617.896238,5,-2,-140
1767171617.906238,5,-6,-143
1767171617.916238,2,-4,-142
1767171617.926238,2,-5,-151
1767171617.936238,3,-2,-152
1767171617.946238,1,0,-150
1767171617.9562385,2,0,-149
1767171617.9662385,0,0,-142
1767171617.9762385,-3,-3,-145
1767171617.9862382,-2,-7,-145
1767171617.9962382,-4,-6,-147
1767171618.0062382,0,-6,-142
1767171618.0162382,2,-2,-137
1767171618.0262382,5,-3,-133
1767171618.0362382,-2,-4,-136
1767171618.0462382,-2,-4,-142
1767171618.0562382,-2,-5,-143
1767171618.0662382,-4,-6,-140
1767171618.0762382,-2,-7,-142
1767171618.086238,0,-6,-139
1767171618.096238,0,-6,-138
1767171618.106238,1,-1,-138
1767171618.116238,2,0,-147
1767171618.126238,7,0,-153
1767171618.136238,7,-6,-148
1767171618.146238,3,-8,-147
1767171618.156238,-1,-8,-140
1767171618.166238,-4,-7,-134
1767171618.176238,-3,-5,-130
1767171618.186238,0,-7,-138
1767171618.196238,0,-5,-141
1767171618.2062385,-6,-4,-143
1767171618.2162385,-3,-6,-146
1767171618.2262385,-3,-2,-139
1767171618.2362382,-5,5,-142
1767171618.2462382,-6,3,-143
1767171618.2562382,-5,1,-134
1767171618.2662382,-9,2,-128
1767171618.2762382,-6,2,-133
1767171618.2862382,-5,0,-139
1767171618.2962382,-6,1,-138
1767171618.3062382,-5,4,-135
1767171618.3162382,0,3,-136
1767171618.3262382,1,5,-140
1767171618.336238,4,5,-136
1767171618.346238,1,4,-135
1767171618.356238,2,4,-138
1767171618.366238,1,3,-138
1767171618.376238,0,2,-142
1767171618.386238,5,3,-140
1767171618.396238,3,2,-143
1767171618.406238,1,6,-142
1767171618.416238,0,3,-142
1767171618.426238,-3,1,-140
1767171618.436238,-5,0,-137
1767171618.446238,-4,-4,-136
1767171618.4562385,-1,-1,-137
1767171618.4662385,0,0,-136
1767171618.4762385,-4,-1,-134
1767171618.4862382,-6,-4,-135
1767171618.4962382,-3,-5,-134
1767171618.5062382,-2,-1,-137
1767171618.5162382,3,-2,-137
1767171618.5262382,2,-4,-141
1767171618.5362382,-4,-4,-144
1767171618.5462382,0,-1,-148
1767171618.5562382,2,-2,-145
1767171618.5662382,2,-3,-145
1767171618.5762382,1,-4,-151
1767171618.586238,-1,-4,-150
1767171618.596238,-3,-3,-146
1767171618.606238,-1,-4,-151
1767171618.616238,0,-4,-159
1767171618.626238,1,-3,-156
1767171618.636238,-1,-5,-163
1767171618.646238,0,-1,-156
1767171618.656238,-5,0,-154
1767171618.666238,-4,2,-149
1767171618.676238,-2,-1,-142
1767171618.686238,0,-1,-137
1767171618.696238,2,1,-138
1767171618.7062385,5,3,-143
1767171618.7162385,2,3,-147
1767171618.7262385,4,6,-144
1767171618.7362382,0,3,-139
1767171618.7462382,3,-3,-139
1767171618.7562382,0,-5,-142
1767171618.7662382,2,-4,-142
1767171618.7762382,0,-4,-143
1767171618.7862382,-6,1,-142
1767171618.7962382,-6,1,-140
1767171618.8062382,-4,0,-135
1767171618.8162382,-2,0,-138
1767171618.8262382,-1,2,-146
1767171618.836238,0,4,-147
1767171618.846238,-7,-3,-146
1767171618.856238,-6,-9,-141
1767171618.866238,-1,-8,-138
1767171618.876238,-2,-4,-134
1767171618.886238,-4,-2,-137
1767171618.896238,4,1,-137
1767171618.906238,3,-1,-142
1767171618.916238,2,-1,-143
1767171618.926238,2,-1,-147
1767171618.936238,0,2,-150
1767171618.946238,2,-2,-143
1767171618.9562385,2,-6,-148
1767171618.9662385,2,-2,-150
1767171618.9762385,0,-2,-148
1767171618.9862382,-2,0,-146
1767171618.9962382,-3,-4,-143
1767171619.0062382,-1,-5,-145
1767171619.0162382,-5,-5,-143
1767171619.0262382,-5,-6,-142
1767171619.0362382,-7,-1,-141
1767171619.0462382,-10,-2,-144
1767171619.0562382,-6,0,-145
1767171619.0662382,-3,0,-141
1767171619.0762382,-4,4,-139
1767171619.086238,-2,6,-135
1767171619.096238,-1,7,-141
1767171619.106238,0,5,-139
1767171619.116238,1,2,-137
1767171619.126238,2,-1,-137
1767171619.136238,0,0,-136
1767171619.146238,-2,-2,-132
1767171619.156238,0,-2,-140
1767171619.166238,2,0,-141
1767171619.176238,3,4,-148
1767171619.186238,7,3,-154
1767171619.196238,7,0,-149
1767171619.2062385,3,0,-151
1767171619.2162385,3,0,-147
1767171619.2262385,-1,2,-150
1767171619.2362382,-1,-2,-154
1767171619.2462382,2,0,-150
1767171619.2562382,1,1,-149
1767171619.2662382,3,1,-154
1767171619.2762382,0,1,-147
1767171619.2862382,2,1,-143
1767171619.2962382,4,2,-149
1767171619.3062382,6,-2,-146
1767171619.3162382,7,0,-145
1767171619.3262382,7,1,-147
1767171619.336238,5,3,-150
1767171619.346238,5,5,-149
1767171619.356238,6,3,-144
1767171619.366238,5,1,-143
1767171619.376238,1,0,-144
1767171619.386238,0,2,-145
1767171619.396238,-3,5,-148
1767171619.406238,-5,4,-154
1767171619.416238,-7,2,-154
1767171619.426238,-8,0,-153
1767171619.436238,-4,2,-154
1767171619.446238,-1,4,-149
1767171619.4562385,-2,2,-143
1767171619.4662385,0,5,-141
1767171619.4762385,-2,4,-144
1767171619.4862382,-2,4,-149
1767171619.4962382,-4,4,-148
1767171619.5062382,-6,1,-151
1767171619.5162382,-4,2,-152
1767171619.5262382,0,-1,-154
1767171619.5362382,1,-2,-146
1767171619.5462382,1,-3,-145
1767171619.5562382,2,-4,-144
1767171619.5662382,3,-3,-138
1767171619.5762382,0,-3,-140
1767171619.586238,-1,-4,-142
1767171619.596238,-6,-3,-141
1767171619.606238,0,-2,-142
1767171619.616238,3,-2,-146
1767171619.626238,1,-1,-146
1767171619.636238,2,-2,-148
1767171619.646238,0,-2,-142
1767171619.656238,-2,1,-146
1767171619.666238,0,2,-142
1767171619.676238,-1,0,-133
1767171619.686238,3,2,-137
1767171619.696238,2,3,-137
1767171619.7062385,2,2,-135
1767171619.7162385,3,-2,-140
1767171619.7262385,3,-3,-139
1767171619.7362382,-1,-2,-137
1767171619.7462382,-1,-2,-136
1767171619.7562382,-1,-1,-130
1767171619.7662382,0,5,-130
1767171619.7762382,-2,6,-132
1767171619.7862382,-2,7,-138
1767171619.7962382,-1,0,-140
1767171619.8062382,0,-1,-147
1767171619.8162382,0,0,-145
1767171619.8262382,-4,0,-148
1767171619.836238,-4,-1,-148
1767171619.846238,-2,-4,-147
1767171619.856238,1,-10,-141
1767171619.866238,2,-10,-148
1767171619.877238,-6,-5,-150
1767171619.886238,-11,-5,-146
1767171619.896238,-8,-6,-147
1767171619.906238,-8,-4,-145
1767171619.916238,-3,-3,-146
1767171619.9272382,0,-4,-147
1767171619.936238,2,0,-145
1767171619.946238,1,0,-150
1767171619.9562385,1,1,-148
1767171619.9672382,0,-2,-144
1767171619.9772382,-5,-1,-146
1767171619.9872382,-7,0,-147
1767171619.9972382,-9,4,-149
1767171620.007238,-6,1,-152
1767171620.017238,-2,0,-150
1767171620.027238,-5,0,-148
1767171620.037238,0,6,-145
1767171620.047238,-1,5,-148
1767171620.057238,1,2,-145
1767171620.067238,6,6,-146
1767171620.077238,4,5,-147
1767171620.087238,0,0,-144
1767171620.097238,4,-2,-141
1767171620.107238,5,-5,-141
1767171620.117238,4,-1,-137
1767171620.127238,8,-2,-141
1767171620.1372385,4,0,-146
1767171620.1472385,0,2,-143
1767171620.1572382,0,3,-138
1767171620.1672382,1,8,-134
1767171620.1772382,3,7,-138
1767171620.1872382,1,5,-141
1767171620.1972382,0,7,-144
1767171620.2072382,1,9,-146
1767171620.2172382,0,3,-141
1767171620.2272382,0,0,-137
1767171620.2372382,-4,0,-143
1767171620.2472382,-2,0,-148
1767171620.257238,0,-1,-143
1767171620.267238,3,0,-137
1767171620.277238,8,-3,-134
1767171620.287238,9,-1,-137
1767171620.297238,6,-5,-140
1767171620.307238,0,-5,-144
1767171620.317238,2,-7,-150
1767171620.327238,-1,-6,-155
1767171620.337238,0,-6,-150
1767171620.347238,1,-6,-155
1767171620.357238,1,-6,-155
1767171620.367238,1,-5,-156
1767171620.377238,0,-3,-150
1767171620.3872385,-1,0,-147
1767171620.3972385,-7,-1,-143
1767171620.4072382,-6,-7,-148
1767171620.4172382,0,-5,-146
1767171620.4272382,-1,-5,-148
1767171620.4372382,-2,-5,-145
1767171620.4472382,-1,-7,-145
1767171620.4572382,0,-8,-140
1767171620.4672382,0,0,-140
1767171620.4772382,0,-3,-137
1767171620.4872382,-1,0,-139
1767171620.4972382,6,-1,-138
1767171620.507238,4,-4,-134
1767171620.517238,3,-3,-135
1767171620.527238,1,-2,-133
1767171620.537238,1,-6,-139
1767171620.547238,-4,-3,-141
1767171620.557238,0,-7,-142
1767171620.567238,0,-6,-141
1767171620.577238,-3,-3,-141
1767171620.587238,-6,-6,-137
1767171620.597238,-6,-3,-136
1767171620.607238,-5,-1,-135
1767171620.617238,-4,0,-131
1767171620.627238,-5,0,-135
1767171620.6372385,0,-1,-134
1767171620.6472385,0,-1,-139
1767171620.6572382,0,-2,-135
1767171620.6672382,-5,0,-135
1767171620.6772382,-5,0,-136
1767171620.6872382,-3,3,-139
1767171620.6972382,-3,0,-146
1767171620.7072382,-5,-2,-149
1767171620.7172382,-7,-6,-149
1767171620.7272382,-6,-1,-147
1767171620.7372382,-3,4,-146
1767171620.7472382,0,4,-146
1767171620.757238,0,7,-150
1767171620.767238,2,6,-146
1767171620.777238,0,1,-145
1767171620.787238,-3,0,-148
1767171620.797238,-5,0,-151
1767171620.807238,-7,2,-147
1767171620.817238,-5,4,-147
1767171620.827238,-3,5,-144
1767171620.837238,-3,0,-140
1767171620.847238,-3,-4,-140
1767171620.857238,-6,-2,-142
1767171620.867238,-6,-2,-140
1767171620.877238,-4,1,-137
1767171620.8872385,0,2,-137
1767171620.8972385,-1,5,-143
1767171620.9072382,-4,5,-143
1767171620.9172382,-2,0,-144
1767171620.9272382,-3,2,-143
1767171620.9372382,-5,6,-145
1767171620.9472382,-5,6,-141
1767171620.9572382,0,4,-140
1767171620.9672382,-2,1,-142
1767171620.9772382,-1,0,-143
1767171620.9872382,2,1,-149
1767171620.9972382,-2,0,-147
1767171621.007238,0,-5,-153
1767171621.017238,-1,-3,-159
1767171621.027238,-2,-4,-157
1767171621.037238,-2,-4,-146
1767171621.047238,-4,-2,-139
1767171621.057238,-7,-1,-142
1767171621.067238,-4,-1,-139
1767171621.077238,-3,0,-142
1767171621.087238,-2,-1,-142
1767171621.097238,-5,-5,-148
1767171621.107238,-2,-9,-147
1767171621.117238,0,-8,-149
1767171621.127238,0,-10,-148
1767171621.1372385,0,-8,-148
1767171621.1472385,5,-6,-152
1767171621.1572382,10,-3,-150
1767171621.1672382,13,2,-145
1767171621.1772382,9,3,-148
1767171621.1872382,4,2,-148
1767171621.1972382,1,-2,-147
1767171621.2072382,1,0,-145
1767171621.2172382,3,1,-145
1767171621.2272382,5,2,-144
1767171621.2372382,4,1,-143
1767171621.2472382,2,0,-152
1767171621.257238,0,-2,-147
1767171621.267238,0,-3,-144
1767171621.277238,0,-1,-142
1767171621.287238,-3,0,-144
1767171621.297238,-1,0,-142
1767171621.307238,-1,-2,-147
1767171621.317238,4,-6,-145
1767171621.327238,6,-6,-148
1767171621.337238,5,-7,-144
1767171621.347238,0,-6,-145
1767171621.357238,0,-5,-151
1767171621.367238,-3,-4,-151
1767171621.377238,1,-3,-153
1767171621.3872385,1,0,-153
1767171621.3972385,-1,0,-147
1767171621.4072382,0,-2,-140
1767171621.4172382,0,0,-137
1767171621.4272382,-2,0,-142
1767171621.4372382,-3,-3,-142
1767171621.4472382,-4,-5,-140
1767171621.4572382,-1,-3,-141
1767171621.4792385,0,-1,-149
1767171621.4872382,3,-4,-152
1767171621.4972382,2,-1,-147
1767171621.507238,4,-5,-143
1767171621.517238,5,-3,-146
1767171621.527238,4,0,-140
1767171621.537238,4,2,-143
1767171621.547238,0,4,-142
1767171621.557238,-1,7,-134
1767171621.567238,0,5,-139
1767171621.577238,-1,1,-136
1767171621.587238,-2,1,-138
1767171621.597238,-4,0,-130
1767171621.607238,-2,0,-129
1767171621.617238,4,-1,-127
1767171621.627238,5,1,-125
1767171621.6372385,5,0,-132
1767171621.6472385,2,1,-131
1767171621.6572382,-2,1,-127
1767171621.6672382,1,0,-133
1767171621.6772382,1,0,-138
1767171621.6872382,4,-1,-137
1767171621.6972382,6,1,-144
1767171621.7072382,6,1,-148
1767171621.7172382,6,4,-148
1767171621.7272382,7,3,-153
1767171621.7372382,7,6,-153
1767171621.7472382,4,0,-154
1767171621.757238,-1,1,-151
1767171621.767238,-4,-1,-148
1767171621.777238,-2,-2,-152
1767171621.787238,-2,-2,-154
1767171621.797238,-5,-3,-150
1767171621.807238,-5,-1,-146
1767171621.817238,-3,3,-148
1767171621.827238,-2,4,-149
1767171621.837238,2,1,-146
1767171621.847238,2,0,-147
1767171621.857238,0,3,-145
1767171621.867238,3,1,-147
1767171621.877238,0,0,-150
1767171621.8872385,0,-2,-149
1767171621.8972385,-4,-3,-149
1767171621.9072382,-3,0,-150
1767171621.9172382,-4,-1,-150
1767171621.9272382,0,0,-152
1767171621.9372382,1,1,-155
1767171621.9472382,-1,1,-151
1767171621.9572382,3,0,-149
1767171621.9672382,2,2,-147
1767171621.9772382,7,4,-149
1767171621.9872382,9,4,-145
1767171621.9972382,6,2,-144
1767171622.007238,11,0,-146
1767171622.017238,5,2,-141
1767171622.027238,1,4,-135
1767171622.037238,0,3,-141
1767171622.047238,-3,5,-137
1767171622.057238,-3,8,-136
1767171622.067238,-5,9,-136
1767171622.077238,-6,5,-132
1767171622.087238,-6,2,-143
1767171622.097238,-4,5,-143
1767171622.107238,-1,0,-146
1767171622.117238,1,3,-146
1767171622.127238,6,3,-150
1767171622.1372385,2,0,-142
1767171622.1472385,-2,-2,-143
1767171622.1572382,-1,-2,-138
1767171622.1672382,1,1,-140
1767171622.1772382,4,0,-137
1767171622.1872382,0,-1,-146
1767171622.1972382,-2,0,-150
1767171622.2072382,-6,-2,-149
1767171622.2172382,-4,-4,-144
1767171622.2272382,-6,-2,-148
1767171622.2372382,-9,-2,-145
1767171622.2472382,-11,-1,-144
1767171622.257238,-5,0,-146
1767171622.267238,-6,0,-149
1767171622.277238,-7,0,-143
1767171622.287238,-5,-1,-138
1767171622.297238,-7,-5,-135
1767171622.307238,-7,-2,-135
1767171622.317238,-5,-2,-134
1767171622.327238,-1,0,-139
1767171622.337238,-1,-2,-151
1767171622.347238,3,0,-154
1767171622.357238,3,-1,-153
1767171622.367238,0,2,-152
1767171622.377238,3,0,-148
1767171622.3872385,1,1,-145
1767171622.3972385,3,0,-142
1767171622.4072382,4,1,-142
1767171622.4172382,2,-1,-140
1767171622.4272382,-3,-1,-143
1767171622.438238,-4,-2,-140
1767171622.4472382,-1,-2,-148
1767171622.4572382,4,-2,-142
1767171622.4672382,6,0,-141
1767171622.478238,0,4,-144
1767171622.488238,1,1,-148
1767171622.498238,0,0,-143
1767171622.508238,0,-2,-152
1767171622.518238,2,-1,-150
1767171622.528238,0,-2,-142
1767171622.538238,5,-4,-139
1767171622.548238,9,-2,-142
1767171622.5582385,10,0,-142
1767171622.5682385,6,0,-150
1767171622.5782382,6,-1,-148
1767171622.5882382,2,-1,-144
1767171622.5982382,3,-2,-147
1767171622.6082382,3,-2,-149
1767171622.6182382,1,-1,-145
1767171622.6282382,-1,-4,-145
1767171622.6382382,-2,-3,-140
1767171622.6482382,-3,-1,-140
1767171622.6582382,-2,3,-136
1767171622.6682382,-4,1,-138
1767171622.6782382,-4,-1,-144
1767171622.688238,-4,0,-148
1767171622.698238,-6,1,-154
1767171622.708238,-6,1,-153
1767171622.718238,-2,0,-152
1767171622.728238,5,-1,-150
1767171622.738238,4,0,-148
1767171622.748238,3,-2,-150
1767171622.758238,3,-4,-156
1767171622.768238,7,-7,-154
1767171622.778238,5,-4,-164
1767171622.788238,4,-5,-164
1767171622.798238,0,-7,-162
1767171622.8082385,-3,-7,-158
1767171622.8182385,-2,-7,-157
1767171622.8282382,-3,-9,-154
1767171622.8382382,-3,-11,-154
1767171622.8482382,-1,-8,-155
1767171622.8582382,-2,-2,-154
1767171622.8682382,-1,0,-153
1767171622.8782382,-5,2,-151
1767171622.8882382,-2,7,-143
1767171622.8982382,-5,6,-144
1767171622.9082382,-10,6,-148
1767171622.9182382,-9,8,-152
1767171622.9282382,-3,5,-141
1767171622.938238,-2,-1,-149
1767171622.948238,0,-2,-145
1767171622.958238,-4,-3,-146
1767171622.968238,-4,0,-146
1767171622.978238,-4,1,-144
1767171622.988238,-4,-1,-144
1767171622.998238,-5,-5,-152
1767171623.008238,-7,-4,-152
1767171623.018238,-9,-2,-148
1767171623.028238,-8,-4,-149
1767171623.038238,-9,-4,-154
1767171623.048238,-11,-6,-146
1767171623.0582385,-11,0,-139
1767171623.0682385,-7,0,-138
1767171623.0782382,-7,-3,-141
1767171623.0882382,-6,-7,-140
1767171623.0982382,0,-6,-138
1767171623.1082382,-4,-5,-132
1767171623.1182382,-3,0,-140
1767171623.1282382,-6,-2,-141
1767171623.1382382,-1,-3,-146
1767171623.1482382,0,-7,-151
1767171623.1582382,2,-6,-148
1767171623.1682382,1,-4,-141
1767171623.1782382,0,-5,-137
1767171623.188238,-5,-6,-129
1767171623.198238,-6,-5,-137
1767171623.208238,-4,-11,-141
1767171623.218238,-1,-13,-145
1767171623.228238,2,-13,-147
1767171623.238238,7,-8,-153
1767171623.248238,4,-7,-147
1767171623.258238,4,-8,-143
1767171623.268238,2,-6,-141
1767171623.278238,3,-3,-143
1767171623.288238,1,-4,-140
1767171623.298238,2,-2,-138
1767171623.3082385,2,0,-132
1767171623.3182385,5,0,-137
1767171623.3282382,5,0,-144
1767171623.3382382,4,2,-145
1767171623.3482382,0,3,-145
1767171623.3582382,1,0,-146
1767171623.3682382,2,-2,-149
1767171623.3782382,-4,-3,-146
1767171623.3882382,-4,0,-141
1767171623.3982382,-1,3,-138
1767171623.4082382,1,2,-140
1767171623.4182382,7,0,-144
1767171623.4282382,6,2,-144
1767171623.438238,5,-3,-149
1767171623.448238,4,0,-146
1767171623.458238,1,2,-148
1767171623.468238,1,3,-140
1767171623.478238,1,3,-140
1767171623.488238,-1,0,-143
1767171623.498238,-1,-1,-146
1767171623.508238,-3,1,-152
1767171623.518238,-4,0,-152
1767171623.528238,-3,-4,-154
1767171623.538238,-2,-4,-146
1767171623.548238,-1,-3,-143
1767171623.5582385,1,2,-151
1767171623.5682385,3,1,-152
1767171623.5782382,3,2,-157
1767171623.5882382,1,3,-150
1767171623.5982382,4,5,-150
1767171623.6082382,0,2,-147
1767171623.6182382,-3,-2,-153
1767171623.6282382,-1,0,-154
1767171623.6382382,2,0,-150
1767171623.6482382,0,1,-155
1767171623.6582382,4,-1,-154
1767171623.6682382,6,0,-150
1767171623.6782382,8,0,-153
1767171623.688238,8,-1,-142
1767171623.698238,0,2,-146
1767171623.708238,0,0,-151
1767171623.718238,-2,0,-149
1767171623.728238,-2,-1,-152
1767171623.738238,-2,-3,-150
1767171623.748238,2,-2,-148
1767171623.758238,4,-3,-146
1767171623.768238,4,-2,-143
1767171623.778238,4,-6,-142
1767171623.788238,4,-4,-149
1767171623.798238,3,0,-147
1767171623.8082385,4,-2,-149
1767171623.8182385,0,1,-149
1767171623.8282382,1,0,-146
1767171623.8382382,0,-1,-145
1767171623.8482382,0,-1,-141
1767171623.8582382,1,0,-141
1767171623.8682382,1,1,-142
1767171623.8782382,5,-2,-140
1767171623.8882382,1,0,-139
1767171623.8982382,0,0,-137
1767171623.9082382,-1,1,-139
1767171623.9182382,3,0,-141
1767171623.9282382,5,1,-140
1767171623.938238,4,2,-136
1767171623.948238,5,3,-137
1767171623.958238,4,4,-142
1767171623.968238,2,8,-137
1767171623.978238,3,6,-133
1767171623.988238,-3,6,-140
1767171623.998238,-1,5,-142
1767171624.008238,1,2,-144
1767171624.018238,0,1,-140
1767171624.028238,0,2,-141
1767171624.038238,2,-2,-142
1767171624.048238,6,-4,-140
1767171624.0582385,2,-4,-132
1767171624.0682385,3,-5,-145
1767171624.0782382,3,-3,-149
1767171624.0882382,7,-4,-152
1767171624.0982382,6,-2,-151
1767171624.1082382,10,-3,-146
1767171624.1182382,2,-4,-143
1767171624.1282382,0,-2,-140
1767171624.1382382,-5,-2,-141
1767171624.1482382,-3,-2,-139
1767171624.1582382,0,-2,-136
1767171624.1682382,3,-5,-135
1767171624.1782382,2,-4,-142
1767171624.188238,-5,-5,-146
1767171624.198238,-3,-4,-146
1767171624.208238,-5,-7,-142
1767171624.218238,1,0,-143
1767171624.228238,2,1,-143
1767171624.238238,3,1,-144
1767171624.248238,2,0,-146
1767171624.258238,6,-1,-141
1767171624.268238,7,0,-135
1767171624.278238,5,-1,-133
1767171624.288238,2,2,-139
1767171624.298238,0,0,-138
1767171624.3082385,-7,3,-139
1767171624.3182385,-6,3,-141
1767171624.3282382,-3,0,-143
1767171624.3382382,-4,-3,-145
1767171624.3482382,-4,-1,-142
1767171624.3582382,-4,-1,-138
1767171624.3682382,-4,0,-138
1767171624.3782382,-1,-2,-144
1767171624.3882382,4,0,-145
1767171624.3982382,3,2,-143
1767171624.4082382,4,3,-143
1767171624.4182382,3,5,-134
1767171624.4282382,-5,0,-138
1767171624.438238,-6,-1,-142
1767171624.448238,-3,-2,-147
1767171624.458238,-5,0,-150
1767171624.468238,-5,3,-146
1767171624.478238,-1,1,-148
1767171624.488238,-2,1,-154
1767171624.498238,-2,1,-151
1767171624.508238,0,-1,-147
1767171624.518238,1,0,-146
1767171624.528238,-1,-1,-149
1767171624.538238,-6,0,-144
1767171624.548238,-4,1,-144
1767171624.5582385,-3,1,-140
1767171624.5682385,-4,0,-140
1767171624.5782382,-1,-2,-136
1767171624.5882382,3,0,-142
1767171624.5982382,1,-1,-141
1767171624.6082382,-1,-3,-144
1767171624.6182382,-4,-2,-146
1767171624.6282382,-2,-2,-144
1767171624.6382382,-4,0,-147
1767171624.6482382,-1,1,-146
1767171624.6582382,-8,1,-149
1767171624.6682382,-4,-2,-144
1767171624.6782382,1,-2,-140
1767171624.688238,4,2,-135
1767171624.698238,3,3,-140
1767171624.708238,0,-2,-145
1767171624.718238,-2,-2,-149
1767171624.728238,1,-4,-154
1767171624.738238,-2,-4,-156
1767171624.748238,-1,-4,-146
1767171624.758238,-3,-3,-143
1767171624.768238,0,-3,-145
1767171624.778238,-1,-3,-148
1767171624.788238,-3,-5,-141
1767171624.798238,-3,-5,-137
1767171624.8082385,-2,-4,-135
1767171624.8182385,0,-1,-137
1767171624.8282382,0,1,-141
1767171624.8382382,4,3,-140
1767171624.8482382,1,4,-142
1767171624.8582382,-5,3,-140
1767171624.8682382,-8,4,-147
1767171624.8782382,-6,6,-148
1767171624.8882382,-4,4,-149
1767171624.8982382,-4,0,-146
1767171624.909238,1,3,-148
1767171624.9182382,0,3,-148
1767171624.9282382,-1,2,-149
1767171624.938238,0,1,-147
1767171624.949238,-1,-2,-149
1767171624.959238,2,-3,-150
1767171624.969238,-1,-2,-154
1767171624.9792385,0,-1,-150
1767171624.9892385,2,0,-146
1767171624.9992385,5,1,-138
1767171625.0092382,7,-5,-135
1767171625.0192382,4,-3,-139
1767171625.0292382,7,-5,-144
1767171625.0392382,2,-6,-146
1767171625.0492382,2,-2,-147
1767171625.0592382,2,-3,-144
1767171625.0692382,5,0,-144
1767171625.0792382,8,-3,-147
1767171625.0892382,5,-9,-144
1767171625.0992382,3,-4,-141
1767171625.109238,3,0,-141
1767171625.119238,-1,0,-139
1767171625.129238,-1,-3,-136
1767171625.139238,-2,0,-136
1767171625.149238,0,3,-141
1767171625.159238,1,2,-145
1767171625.169238,1,4,-142
1767171625.179238,-2,4,-140
1767171625.189238,-1,-1,-140
1767171625.199238,3,-1,-142
1767171625.209238,1,-1,-146
1767171625.219238,1,0,-148
1767171625.2292385,1,0,-151
1767171625.2392385,-3,-1,-144
1767171625.2492385,-3,-4,-155
1767171625.2592382,2,-3,-155
1767171625.2692382,-1,0,-147
1767171625.2792382,-4,-3,-145
1767171625.2892382,-5,-5,-146
1767171625.2992382,-6,-5,-146
1767171625.3092382,-2,-7,-146
1767171625.3192382,-3,-6,-151
1767171625.3292382,-5,-6,-151
1767171625.3392382,-8,-8,-154
1767171625.3492382,-12,-3,-150
1767171625.359238,-10,-5,-139
1767171625.369238,-4,-7,-147
1767171625.379238,0,-5,-147
1767171625.389238,0,-3,-147
1767171625.399238,-5,-4,-145
1767171625.409238,-5,-6,-144
1767171625.419238,-4,-4,-145
1767171625.429238,-3,-2,-147
1767171625.439238,-4,-6,-149
1767171625.449238,-3,-3,-150
1767171625.459238,0,1,-152
1767171625.469238,-1,5,-151
1767171625.4792385,0,4,-153
1767171625.4892385,4,7,-149
1767171625.4992385,4,2,-144
1767171625.5092382,6,1,-140
1767171625.5192382,4,-1,-144
1767171625.5292382,5,3,-143
1767171625.5392382,2,1,-143
1767171625.5492382,2,-3,-147
1767171625.5592382,6,-2,-147
1767171625.5692382,5,-1,-146
1767171625.5792382,5,0,-153
1767171625.5892382,2,-2,-153
1767171625.5992382,0,-8,-146
1767171625.609238,0,-5,-145
1767171625.619238,2,-3,-136
1767171625.629238,3,-1,-140
1767171625.639238,2,-4,-144
1767171625.649238,-1,-1,-144
1767171625.659238,-1,1,-144
1767171625.669238,-2,5,-140
1767171625.679238,-2,6,-148
1767171625.689238,-1,4,-147
1767171625.699238,-2,0,-149
1767171625.709238,0,0,-157
1767171625.719238,-2,-2,-155
1767171625.7292385,-4,-5,-155
1767171625.7392385,-4,-3,-156
1767171625.7492385,0,-3,-152
1767171625.7592382,2,0,-155
1767171625.7692382,2,-1,-151
1767171625.7792382,5,-2,-145
1767171625.7892382,4,0,-150
1767171625.7992382,1,0,-152
1767171625.8092382,-3,-3,-147
1767171625.8192382,-3,0,-144
1767171625.8292382,0,-1,-149
1767171625.8392382,-3,-2,-150
1767171625.8492382,-3,-3,-150
1767171625.859238,0,-2,-150
1767171625.869238,-1,-3,-150
1767171625.879238,-2,-4,-152
1767171625.889238,1,-2,-148
1767171625.899238,4,-5,-143
1767171625.909238,3,-5,-146
1767171625.919238,7,-2,-153
1767171625.929238,6,-2,-145
1767171625.939238,1,0,-141
1767171625.949238,-1,1,-144
1767171625.959238,-5,7,-149
1767171625.969238,-7,5,-150
1767171625.9792385,-1,1,-144
1767171625.9892385,-1,0,-141
1767171625.9992385,-1,0,-140
1767171626.0092382,-1,-2,-141
1767171626.0192382,-5,1,-142
1767171626.0292382,-3,-4,-147
1767171626.0392382,-3,-6,-140
1767171626.0492382,2,-5,-145
1767171626.0592382,2,-5,-149
1767171626.0692382,1,-1,-156
1767171626.0792382,7,-1,-155
1767171626.0892382,7,-2,-149
1767171626.0992382,7,-1,-144
1767171626.109238,3,-1,-145
1767171626.119238,5,-1,-147
1767171626.129238,5,-6,-148
1767171626.139238,8,-4,-149
1767171626.149238,2,-4,-147
1767171626.159238,0,0,-142
1767171626.169238,0,1,-143
1767171626.179238,-1,-1,-139
1767171626.189238,-2,-1,-143
1767171626.199238,3,1,-145
1767171626.209238,1,1,-150
1767171626.219238,-4,-1,-150
1767171626.2292385,-8,-1,-150
1767171626.2392385,-6,-4,-151
1767171626.2492385,-3,-5,-155
1767171626.2592382,0,-4,-162
1767171626.2692382,2,-3,-163
1767171626.2792382,2,-2,-155
1767171626.2892382,0,-5,-150
1767171626.2992382,1,0,-149
1767171626.3092382,5,-2,-141
1767171626.3192382,7,-4,-143
1767171626.3292382,8,-2,-143
1767171626.3392382,4,-2,-149
1767171626.3492382,1,1,-154
1767171626.359238,6,0,-155
1767171626.369238,6,1,-152
1767171626.379238,12,4,-145
1767171626.389238,12,7,-141
1767171626.399238,9,3,-142
1767171626.409238,10,0,-147
1767171626.419238,8,0,-150
1767171626.429238,5,-1,-152
1767171626.439238,2,-1,-149
1767171626.449238,2,-2,-148
1767171626.459238,2,-1,-152
1767171626.469238,2,3,-156
1767171626.4902382,5,3,-155
1767171626.4992385,4,1,-151
1767171626.5092382,2,3,-149
1767171626.5192382,1,2,-143
1767171626.5292382,0,3,-146
1767171626.5392382,6,0,-143
1767171626.5492382,8,5,-143
1767171626.5592382,5,0,-138
1767171626.5692382,2,-3,-139
1767171626.5792382,1,0,-146
1767171626.5892382,5,1,-143
1767171626.5992382,1,1,-136
1767171626.609238,5,0,-138
1767171626.619238,-1,-6,-139
1767171626.629238,-3,-2,-139
1767171626.639238,-5,-1,-145
1767171626.649238,-4,3,-144
1767171626.659238,-2,4,-137
1767171626.669238,-7,6,-133
1767171626.679238,-9,1,-138
1767171626.689238,-7,3,-140
1767171626.699238,-6,1,-137
1767171626.709238,-4,0,-145
1767171626.719238,-2,-2,-146
1767171626.7292385,-2,-4,-144
1767171626.7392385,-6,-2,-151
1767171626.7492385,-8,-3,-150
1767171626.7592382,-5,-4,-152
1767171626.7692382,-5,-2,-149
1767171626.7792382,-3,-3,-145
1767171626.7892382,-2,-2,-137
1767171626.7992382,0,-3,-141
1767171626.8092382,-4,-2,-142
1767171626.8192382,0,-4,-137
1767171626.8292382,-1,1,-142
1767171626.8392382,2,3,-145
1767171626.8492382,1,3,-156
1767171626.859238,1,1,-158
1767171626.869238,3,0,-156
1767171626.879238,-1,0,-155
1767171626.889238,-3,-4,-155
1767171626.899238,-6,-6,-153
1767171626.909238,-4,-2,-152
1767171626.919238,-5,2,-148
1767171626.929238,-6,-3,-149
1767171626.939238,-5,-3,-148
1767171626.949238,-9,-5,-145
1767171626.959238,-7,-4,-141
1767171626.969238,-8,-7,-139
1767171626.9792385,-7,-7,-139
1767171626.9892385,-3,-2,-137
1767171626.9992385,-3,1,-144
1767171627.0092382,-1,0,-144
1767171627.0192382,3,0,-149
1767171627.0292382,2,-4,-149
1767171627.0392382,0,-3,-146
1767171627.0492382,-4,-3,-149
1767171627.0592382,-9,-1,-153
1767171627.0692382,-15,0,-154
1767171627.0792382,-14,0,-148
1767171627.0892382,-9,-4,-151
1767171627.0992382,-8,-1,-154
1767171627.109238,-4,0,-152
1767171627.119238,-1,2,-152
1767171627.129238,2,1,-151
1767171627.139238,2,-3,-149
1767171627.149238,7,-5,-151
1767171627.159238,6,-5,-150
1767171627.169238,-1,-6,-147
1767171627.179238,-1,-6,-143
1767171627.189238,1,-3,-141
1767171627.199238,-1,-6,-136
1767171627.209238,-1,-2,-139
1767171627.219238,-4,0,-144
1767171627.2292385,-5,1,-148
1767171627.2392385,-5,1,-150
1767171627.2492385,-4,-1,-148
1767171627.2592382,0,-1,-145
1767171627.2692382,-1,-2,-145
1767171627.2792382,0,-1,-143
1767171627.2892382,-1,-4,-139
1767171627.2992382,0,-2,-137
1767171627.3092382,-2,-1,-136
1767171627.3192382,-6,0,-130
1767171627.3292382,-2,0,-137
1767171627.3392382,-3,-1,-141
1767171627.3492382,0,-2,-144
1767171627.359238,-4,0,-144
1767171627.369238,-3,0,-144
1767171627.379238,-6,1,-153
1767171627.389238,-1,4,-154
1767171627.399238,-2,0,-152
1767171627.409238,-4,0,-154
1767171627.419238,-4,2,-154
1767171627.429238,0,0,-165
1767171627.439238,0,2,-168
1767171627.449238,-2,0,-162
1767171627.459238,-2,0,-160
1767171627.469238,-5,0,-150
1767171627.4792385,-5,-2,-148
1767171627.4892385,-6,-1,-145
1767171627.4992385,-1,-3,-148
1767171627.5092382,-3,-4,-156
1767171627.5192382,-3,-5,-161
1767171627.5292382,-1,-1,-162
1767171627.540238,-5,-2,-158
1767171627.550238,-5,-3,-156
1767171627.560238,-3,-2,-152
1767171627.570238,-1,-7,-150
1767171627.580238,2,-7,-145
1767171627.590238,0,-2,-145
1767171627.600238,4,2,-148
1767171627.610238,3,6,-152
1767171627.620238,0,5,-152
1767171627.630238,-1,0,-151
1767171627.640238,-1,0,-149
1767171627.650238,-2,0,-148
1767171627.6602385,3,-3,-149
1767171627.6702385,6,-11,-147
1767171627.6802382,2,-11,-150
1767171627.6902382,-1,-8,-149
1767171627.7002382,-1,-8,-145
1767171627.7102382,-3,-9,-141
1767171627.7202382,-1,-8,-141
1767171627.7302382,-1,-10,-141
1767171627.7402382,1,-8,-136
1767171627.7502382,1,-3,-138
1767171627.7602382,-2,-3,-136
1767171627.7702382,-10,-4,-139
1767171627.7802382,-8,-4,-142
1767171627.790238,-10,-2,-141
1767171627.800238,-9,0,-141
1767171627.810238,-8,2,-145
1767171627.820238,-8,-1,-143
1767171627.830238,-10,0,-142
1767171627.840238,-6,-5,-144
1767171627.850238,-10,-10,-148
1767171627.860238,-8,-11,-151
1767171627.870238,-5,-11,-147
1767171627.880238,-9,-9,-145
1767171627.890238,-7,-6,-143
1767171627.900238,-2,-5,-145
1767171627.9102385,-1,-1,-144
1767171627.9202385,2,2,-145
1767171627.9302382,0,0,-146
1767171627.9402382,-2,2,-150
1767171627.9502382,-1,0,-148
1767171627.9602382,8,0,-150
1767171627.9702382,7,-1,-146
1767171627.9802382,5,0,-143
1767171627.9902382,5,-2,-133
1767171628.0002382,5,-3,-133
1767171628.0102382,7,-6,-139
1767171628.0202382,6,-5,-143
1767171628.0302382,2,-5,-144
1767171628.040238,0,-6,-139
1767171628.050238,-3,-6,-135
1767171628.060238,0,-6,-138
1767171628.070238,-5,-6,-140
1767171628.080238,-3,-3,-142
1767171628.090238,-1,-2,-140
1767171628.100238,-1,-4,-139
1767171628.110238,-2,-3,-144
1767171628.120238,-3,-5,-141
1767171628.130238,-7,-2,-137
1767171628.140238,-17,-4,-135
1767171628.150238,-12,-2,-142
1767171628.1602385,-11,-1,-146
1767171628.1702385,-7,-1,-142
1767171628.1802382,-1,-2,-139
1767171628.1902382,1,0,-139
1767171628.2002382,5,-1,-141
1767171628.2102382,1,-1,-141
1767171628.2202382,0,-1,-139
1767171628.2302382,2,2,-141
1767171628.2402382,4,4,-141
1767171628.2502382,4,6,-142
1767171628.2602382,6,4,-138
1767171628.2702382,1,0,-138
1767171628.2802382,0,0,-135
1767171628.290238,-3,0,-138
1767171628.300238,-2,-1,-141
1767171628.310238,0,0,-143
1767171628.320238,-1,0,-142
1767171628.330238,-5,0,-144
1767171628.340238,-3,0,-147
1767171628.350238,-3,-1,-145
1767171628.360238,-4,1,-145
1767171628.370238,-4,2,-142
1767171628.380238,-8,0,-145
1767171628.390238,-8,-1,-146
1767171628.400238,-5,-2,-141
1767171628.4102385,-8,-5,-140
1767171628.4202385,-6,-4,-138
1767171628.4302382,-3,0,-145
1767171628.4402382,0,1,-141
1767171628.4502382,1,1,-144
1767171628.4602382,2,1,-144
1767171628.4702382,0,0,-146
1767171628.4802382,0,0,-146
1767171628.4902382,1,0,-148
1767171628.5002382,2,-1,-149
1767171628.5102382,2,0,-149
1767171628.5202382,0,-1,-146
1767171628.5302382,-5,-1,-145
1767171628.540238,-4,-6,-152
1767171628.550238,2,-5,-162
1767171628.560238,4,-4,-155
1767171628.570238,1,-2,-158
1767171628.580238,1,-1,-153
1767171628.590238,0,0,-147
1767171628.600238,-2,0,-146
1767171628.610238,-5,4,-136
1767171628.620238,-2,0,-136
1767171628.630238,-3,2,-132
1767171628.640238,-3,1,-129
1767171628.650238,-3,0,-131
1767171628.6602385,0,0,-135
1767171628.6702385,0,2,-143
1767171628.6802382,0,0,-145
1767171628.6902382,-2,2,-143
1767171628.7002382,0,0,-141
1767171628.7102382,0,-1,-139
1767171628.7202382,-1,0,-144
1767171628.7302382,-4,3,-138
1767171628.7402382,-5,6,-133
1767171628.7502382,0,4,-135
1767171628.7602382,0,2,-134
1767171628.7702382,0,1,-142
1767171628.7802382,-2,-2,-142
1767171628.790238,-4,-4,-138
1767171628.800238,-2,-7,-139
1767171628.810238,-1,-7,-145
1767171628.820238,-1,-3,-150
1767171628.830238,-2,-1,-152
1767171628.840238,-2,-2,-148
1767171628.850238,-2,-3,-149
1767171628.860238,0,-1,-154
1767171628.870238,1,-1,-153
1767171628.880238,0,-2,-153
1767171628.890238,-1,-4,-153
1767171628.900238,0,0,-151
1767171628.9102385,-5,0,-142
1767171628.9202385,-4,0,-144
1767171628.9302382,-2,1,-143
1767171628.9402382,-7,1,-146
1767171628.9502382,-8,0,-146
1767171628.9602382,-4,2,-143
1767171628.9702382,0,0,-144
1767171628.9802382,-2,-1,-145
1767171628.9902382,-2,0,-148
1767171629.0002382,0,-4,-147
1767171629.0102382,1,-5,-145
1767171629.0202382,2,-5,-138
1767171629.0302382,3,-6,-138
1767171629.040238,3,-3,-131
1767171629.050238,3,-2,-134
1767171629.060238,-2,0,-134
1767171629.070238,0,1,-135
1767171629.080238,-1,0,-144
1767171629.090238,-4,0,-147
1767171629.100238,-5,-1,-142
1767171629.110238,-1,-3,-138
1767171629.120238,-1,-5,-136
1767171629.130238,-6,-2,-138
1767171629.140238,-6,0,-139
1767171629.150238,-4,-4,-139
1767171629.1602385,-5,-5,-138
1767171629.1702385,-2,-8,-137
1767171629.1802382,3,-7,-130
1767171629.1902382,4,-5,-135
1767171629.2002382,3,-3,-135
1767171629.2102382,0,-3,-134
1767171629.2202382,1,-3,-128
1767171629.2302382,-2,-2,-127
1767171629.2402382,-3,-4,-125
1767171629.2502382,-3,-3,-130
1767171629.2602382,0,-2,-136
1767171629.2702382,0,-2,-141
1767171629.2802382,1,-7,-141
1767171629.290238,3,-2,-143
1767171629.300238,1,1,-147
1767171629.310238,0,1,-151
1767171629.320238,-2,1,-142
1767171629.330238,-4,0,-142
1767171629.340238,0,0,-138
1767171629.350238,4,-2,-140
1767171629.360238,2,0,-142
1767171629.370238,1,4,-143
1767171629.380238,-1,3,-145
1767171629.390238,0,1,-148
1767171629.400238,-3,0,-145
1767171629.4102385,1,-1,-145
1767171629.4202385,4,-2,-141
1767171629.4302382,1,-7,-138
1767171629.4402382,0,-7,-141
1767171629.4502382,5,-4,-146
1767171629.4602382,7,-2,-149
1767171629.4702382,8,1,-147
1767171629.4802382,11,2,-148
1767171629.4902382,8,0,-148
1767171629.5002382,6,0,-143
1767171629.5102382,0,-2,-139
1767171629.5202382,5,-2,-143
1767171629.5302382,4,-4,-148
1767171629.540238,0,-5,-142
1767171629.550238,2,-1,-138
1767171629.560238,6,0,-145
1767171629.570238,7,-3,-149
1767171629.580238,10,-3,-152
1767171629.590238,8,-2,-150
1767171629.600238,3,0,-147
1767171629.610238,7,2,-150
1767171629.620238,6,3,-146
1767171629.630238,3,0,-144
1767171629.640238,0,0,-143
1767171629.650238,-3,-6,-138
1767171629.6602385,-2,-5,-135
1767171629.6702385,-2,0,-137
1767171629.6802382,-3,1,-136
1767171629.6902382,-2,1,-139
1767171629.7002382,-1,-1,-145
1767171629.7102382,1,-1,-149
1767171629.7202382,3,-2,-154
1767171629.7302382,1,0,-149
1767171629.7402382,-1,-1,-155
1767171629.7502382,-7,-2,-153
1767171629.7602382,-10,-6,-157
1767171629.7702382,-8,-8,-154
1767171629.7802382,-7,-6,-151
1767171629.790238,-7,-6,-150
1767171629.800238,-9,-7,-151
1767171629.810238,-10,-3,-151
1767171629.820238,-9,-8,-145
1767171629.830238,-5,-11,-145
1767171629.840238,-4,-7,-148
1767171629.850238,-8,-7,-151
1767171629.860238,-3,-5,-145
1767171629.870238,-7,-3,-135
1767171629.880238,-12,-7,-134
1767171629.890238,-14,-4,-137
1767171629.900238,-11,-1,-141
1767171629.9102385,-9,-3,-146
1767171629.9202385,-6,-1,-144
1767171629.9302382,-6,0,-147
1767171629.9402382,-6,-1,-147
1767171629.9502382,-1,-5,-147
1767171629.9602382,0,-5,-150
1767171629.9702382,-2,-7,-149
1767171629.9802382,-1,-6,-150
1767171629.9902382,-1,-3,-149
1767171630.0002382,1,-6,-145
1767171630.0102382,5,-4,-149
1767171630.021238,4,0,-144
1767171630.0302382,0,-2,-146
1767171630.040238,-1,-8,-145
1767171630.050238,0,-5,-146
1767171630.061238,1,-4,-148
1767171630.071238,0,-10,-149
1767171630.0812385,-5,-8,-146
1767171630.0912385,0,-7,-141
1767171630.1012385,0,-6,-144
1767171630.1112382,7,-2,-143
1767171630.1212382,6,0,-138
1767171630.1312382,8,0,-138
1767171630.1412382,6,0,-136
1767171630.1512382,5,-1,-136
1767171630.1612382,0,1,-133
1767171630.1712382,0,1,-133
1767171630.1812382,-2,-2,-131
1767171630.1912382,-1,-3,-125
1767171630.2012382,0,0,-125
1767171630.211238,0,1,-133
1767171630.221238,4,0,-145
1767171630.231238,4,2,-145
1767171630.241238,9,-2,-148
1767171630.251238,8,-1,-142
1767171630.261238,6,-1,-151
1767171630.271238,2,-1,-153
1767171630.281238,-4,-1,-151
1767171630.291238,-3,-1,-150
1767171630.301238,-5,2,-151
1767171630.311238,-4,0,-150
1767171630.321238,-8,6,-149
1767171630.3312385,-8,0,-148
1767171630.3412385,-12,-1,-145
1767171630.3512385,-12,0,-140
1767171630.3612382,-6,-1,-141
1767171630.3712382,0,-2,-143
1767171630.3812382,-2,-2,-145
1767171630.3912382,0,-3,-149
1767171630.4012382,2,-6,-151
1767171630.4112382,3,-7,-157
1767171630.4212382,5,-3,-152
1767171630.4312382,0,1,-148
1767171630.4412382,-5,4,-149
1767171630.4512382,-8,1,-153
1767171630.461238,-2,1,-147
1767171630.471238,-4,0,-145
1767171630.481238,1,0,-149
1767171630.491238,2,-3,-151
1767171630.501238,0,-2,-154
1767171630.511238,0,-1,-153
1767171630.521238,3,-2,-147
1767171630.531238,5,-1,-149
1767171630.541238,6,1,-152
1767171630.551238,9,2,-155
1767171630.561238,6,1,-156
1767171630.571238,8,1,-158
1767171630.5812385,9,0,-159
1767171630.5912385,4,-6,-151
1767171630.6012385,2,-5,-149
1767171630.6112382,1,-3,-147
1767171630.6212382,-2,-4,-145
1767171630.6312382,-4,-1,-151
1767171630.6412382,-6,3,-144
1767171630.6512382,-7,3,-146
1767171630.6612382,-7,1,-142
1767171630.6712382,-4,0,-143
1767171630.6812382,-5,-1,-144
1767171630.6912382,-5,-4,-142
1767171630.7012382,-4,-1,-137
1767171630.711238,-3,-4,-139
1767171630.721238,-2,-5,-141
1767171630.731238,0,-3,-149
1767171630.741238,0,1,-146
1767171630.751238,3,0,-145
1767171630.761238,1,0,-150
1767171630.771238,2,-1,-152
1767171630.781238,1,0,-155
1767171630.791238,0,0,-153
1767171630.801238,-4,-2,-153
1767171630.811238,-1,-1,-154
1767171630.821238,-3,-2,-154
1767171630.8312385,-9,-4,-154
1767171630.8412385,-10,-3,-150
1767171630.8512385,-10,-4,-147
1767171630.8612382,-8,-2,-147
1767171630.8712382,-7,-1,-151
1767171630.8812382,0,-4,-157
1767171630.8912382,-1,-5,-160
1767171630.9012382,-2,-7,-155
1767171630.9112382,2,-5,-157
1767171630.9212382,0,-6,-152
1767171630.9312382,0,-7,-151
1767171630.9412382,-2,-5,-147
1767171630.9512382,-5,-1,-145
1767171630.961238,-5,-1,-146
1767171630.971238,-7,-2,-140
1767171630.981238,-5,-5,-143
1767171630.991238,-6,-3,-149
1767171631.001238,-3,-1,-145
1767171631.011238,0,-4,-146
1767171631.021238,-2,-6,-145
1767171631.031238,0,-2,-147
1767171631.041238,2,0,-143
1767171631.051238,4,2,-144
1767171631.061238,1,0,-141
1767171631.071238,1,3,-137
1767171631.0812385,0,2,-136
1767171631.0912385,-3,0,-136
1767171631.1012385,-1,0,-134
1767171631.1112382,0,-1,-129
1767171631.1212382,-1,-3,-132
1767171631.1312382,0,1,-128
1767171631.1412382,0,1,-134
1767171631.1512382,-3,-2,-142
1767171631.1612382,-8,-6,-145
1767171631.1712382,-7,-7,-145
1767171631.1812382,-7,-7,-145
1767171631.1912382,-3,-8,-145
1767171631.2012382,-5,-8,-141
1767171631.211238,-9,-5,-143
1767171631.221238,-5,-6,-145
1767171631.231238,-4,-2,-147
1767171631.241238,-4,-1,-144
1767171631.251238,0,-2,-145
1767171631.261238,5,-2,-144
1767171631.271238,2,0,-144
1767171631.281238,0,4,-149
1767171631.291238,4,0,-146
1767171631.301238,-1,-1,-143
1767171631.311238,-4,-5,-143
1767171631.321238,-5,-6,-136
1767171631.3312385,0,-2,-139
1767171631.3412385,-1,0,-140
1767171631.3512385,-3,0,-139
1767171631.3612382,0,3,-140
1767171631.3712382,1,5,-135
1767171631.3812382,2,1,-136
1767171631.3912382,4,0,-141
1767171631.4012382,4,-1,-143
1767171631.4112382,1,-5,-138
1767171631.4212382,-3,-3,-139
1767171631.4312382,-2,1,-136
1767171631.4412382,-5,0,-128
1767171631.4512382,-3,-3,-133
1767171631.461238,0,-6,-134
1767171631.471238,1,-4,-139
1767171631.481238,-1,-3,-144
1767171631.5032382,-1,5,-149
1767171631.511238,3,3,-153
1767171631.521238,6,-3,-147
1767171631.531238,8,-5,-144
1767171631.541238,7,-4,-143
1767171631.551238,5,-1,-135
1767171631.561238,4,0,-132
1767171631.571238,2,0,-138
1767171631.5812385,4,1,-141
1767171631.5912385,5,0,-140
1767171631.6012385,7,1,-137
1767171631.6112382,10,1,-133
1767171631.6212382,5,-2,-133
1767171631.6312382,7,-1,-139
1767171631.6412382,10,-1,-141
1767171631.6512382,6,-3,-144
1767171631.6612382,0,-2,-142
1767171631.6712382,-1,0,-137
1767171631.6812382,-2,-2,-138
1767171631.6912382,-3,-2,-147
1767171631.7012382,-5,-4,-145
1767171631.711238,-5,0,-152
1767171631.721238,-4,-2,-154
1767171631.731238,-1,-3,-149
1767171631.741238,-6,-4,-149
1767171631.751238,-5,-4,-152
1767171631.761238,-6,-6,-153
1767171631.771238,-6,-5,-153
1767171631.781238,-6,-6,-152
1767171631.791238,-3,-7,-150
1767171631.801238,-4,-14,-148
1767171631.811238,-4,-12,-144
1767171631.821238,-2,-10,-145
1767171631.8312385,0,-10,-144
1767171631.8412385,-2,-7,-147
1767171631.8512385,-1,-6,-151
1767171631.8612382,-5,-3,-148
1767171631.8712382,-3,-2,-145
1767171631.8812382,-6,-1,-145
1767171631.8912382,-9,0,-149
1767171631.9012382,-4,-1,-148
1767171631.9112382,-4,-3,-153
1767171631.9212382,-2,-2,-156
1767171631.9312382,0,-5,-158
1767171631.9412382,2,-4,-156
1767171631.9512382,0,-7,-150
1767171631.961238,0,-10,-145
1767171631.971238,1,-11,-148
1767171631.981238,3,-11,-151
1767171631.991238,1,-10,-147
1767171632.001238,-1,-7,-141
1767171632.011238,-3,-9,-138
1767171632.021238,-4,-6,-136
1767171632.031238,-2,-6,-136
1767171632.041238,-4,-6,-139
1767171632.051238,-4,-6,-139
1767171632.061238,-4,-2,-132
1767171632.071238,0,-2,-131
1767171632.0812385,0,-3,-136
1767171632.0912385,1,-5,-138
1767171632.1012385,0,-6,-142
1767171632.1112382,-3,-1,-143
1767171632.1212382,2,-7,-146
1767171632.1312382,2,-4,-144
1767171632.1412382,0,-5,-146
1767171632.1512382,0,-5,-149
1767171632.1612382,0,-3,-152
1767171632.1712382,1,-2,-151
1767171632.1812382,0,-2,-148
1767171632.1912382,2,-1,-147
1767171632.2012382,1,-5,-138
1767171632.211238,5,-7,-138
1767171632.221238,5,-7,-138
1767171632.231238,6,-7,-139
1767171632.241238,9,-6,-142
1767171632.251238,7,-4,-140
1767171632.261238,6,-2,-142
1767171632.271238,6,0,-144
1767171632.281238,4,-2,-145
1767171632.291238,3,-3,-143
1767171632.301238,3,-3,-140
1767171632.311238,-1,-2,-131
1767171632.321238,-9,0,-135
1767171632.3312385,-10,-1,-135
1767171632.3412385,-12,-1,-133
1767171632.3512385,-8,1,-145
1767171632.3612382,-2,4,-150
1767171632.3712382,-1,3,-149
1767171632.3812382,-3,0,-140
1767171632.3912382,-4,0,-143
1767171632.4012382,-3,-2,-139
1767171632.4112382,0,-1,-144
1767171632.4212382,-1,-6,-148
1767171632.4312382,1,-9,-148
1767171632.4412382,4,-10,-148
1767171632.4512382,3,-10,-155
1767171632.461238,-1,-9,-150
1767171632.471238,-7,-5,-147
1767171632.481238,-4,-4,-142
1767171632.491238,-4,-1,-140
1767171632.501238,-4,0,-148
1767171632.511238,-1,-1,-145
1767171632.5222385,-3,-6,-141
1767171632.531238,0,-5,-143
1767171632.541238,-2,0,-142
1767171632.551238,-6,-2,-138
1767171632.561238,-6,-3,-136
1767171632.571238,-2,-2,-136
1767171632.5822382,1,-4,-143
1767171632.5922382,2,-3,-148
1767171632.6022382,7,-4,-138
1767171632.6122382,8,-2,-135
1767171632.6222382,8,0,-137
1767171632.632238,5,4,-134
1767171632.642238,2,8,-137
1767171632.652238,3,3,-138
1767171632.662238,2,6,-139
1767171632.672238,2,7,-139
1767171632.682238,4,5,-142
1767171632.692238,-4,0,-145
1767171632.702238,-5,2,-149
1767171632.712238,-5,0,-146
1767171632.722238,-3,-2,-149
1767171632.732238,-1,-5,-149
1767171632.742238,-3,-7,-153
1767171632.752238,-1,-3,-151
1767171632.7622385,0,-2,-152
1767171632.7722385,3,-3,-141
1767171632.7822382,0,-1,-140
1767171632.7922382,0,0,-142
1767171632.8022382,2,-1,-144
1767171632.8122382,5,-5,-140
1767171632.8222382,7,-4,-144
1767171632.8322382,4,-3,-137
1767171632.8422382,5,-2,-145
1767171632.8522382,5,-4,-147
1767171632.8622382,6,-5,-149
1767171632.8722382,5,-4,-147
1767171632.882238,6,-3,-145
1767171632.892238,2,-2,-133
1767171632.902238,-1,2,-131
1767171632.912238,-5,0,-133
1767171632.922238,-6,0,-139
1767171632.932238,-5,-2,-146
1767171632.942238,-4,-6,-150
1767171632.952238,-4,-6,-144
1767171632.962238,-3,-6,-135
1767171632.972238,-2,-3,-137
1767171632.982238,-3,0,-138
1767171632.992238,0,0,-138
1767171633.002238,3,0,-143
1767171633.0122385,3,-3,-140
1767171633.0222385,2,-3,-139
1767171633.0322382,0,-3,-140
1767171633.0422382,0,-1,-145
1767171633.0522382,-2,2,-145
1767171633.0622382,0,2,-145
1767171633.0722382,-2,4,-147
1767171633.0822382,1,3,-143
1767171633.0922382,0,2,-140
1767171633.1022382,0,0,-137
1767171633.1122382,-7,-3,-136
1767171633.1222382,-9,-1,-138
1767171633.132238,-7,0,-137
1767171633.142238,-2,-1,-137
1767171633.152238,-9,-1,-141
1767171633.162238,-7,0,-155
1767171633.172238,1,-1,-151
1767171633.182238,-2,-3,-147
1767171633.192238,-3,-3,-147
1767171633.202238,-2,1,-154
1767171633.212238,0,5,-150
1767171633.222238,0,4,-154
1767171633.232238,-3,1,-153
1767171633.242238,0,5,-154
1767171633.252238,-4,3,-153
1767171633.2622385,-2,3,-141
1767171633.2722385,-2,0,-139
1767171633.2822382,1,1,-142
1767171633.2922382,-1,1,-140
1767171633.3022382,-2,3,-145
1767171633.3122382,-4,1,-141
1767171633.3222382,-6,2,-137
1767171633.3322382,-7,4,-133
1767171633.3422382,-8,2,-132
1767171633.3522382,-7,0,-139
1767171633.3622382,-8,2,-146
1767171633.3722382,-5,1,-148
1767171633.382238,-6,1,-148
1767171633.392238,-4,0,-145
1767171633.402238,-2,0,-141
1767171633.412238,0,0,-138
1767171633.422238,-4,1,-138
1767171633.432238,-10,-1,-140
1767171633.442238,-8,-1,-146
1767171633.452238,-3,-3,-143
1767171633.462238,0,-6,-147
1767171633.472238,5,-7,-143
1767171633.482238,2,-9,-141
1767171633.492238,2,-6,-144
1767171633.502238,4,-4,-141
1767171633.5122385,3,0,-137
1767171633.5222385,3,2,-136
1767171633.5322382,2,3,-146
1767171633.5422382,4,-1,-153
1767171633.5522382,5,-6,-159
1767171633.5622382,6,-5,-158
1767171633.5722382,6,-4,-156
1767171633.5822382,2,-5,-154
1767171633.5922382,-2,-2,-153
1767171633.6022382,-2,1,-149
1767171633.6122382,-1,0,-148
1767171633.6222382,1,0,-145
1767171633.632238,-3,0,-143
1767171633.642238,-5,0,-141
1767171633.652238,-6,5,-146
1767171633.662238,-2,3,-151
1767171633.672238,0,1,-154
1767171633.682238,0,1,-148
1767171633.692238,0,1,-141
1767171633.702238,1,0,-140
1767171633.712238,0,0,-143
1767171633.722238,-2,4,-148
1767171633.732238,0,2,-145
1767171633.742238,0,0,-141
1767171633.752238,0,-1,-146
1767171633.7622385,3,2,-147
1767171633.7722385,-2,3,-142
1767171633.7822382,-1,2,-138
1767171633.7922382,-1,2,-138
1767171633.8022382,-2,3,-138
1767171633.8122382,-5,0,-135
1767171633.8222382,-4,-5,-137
1767171633.8322382,-1,-1,-133
1767171633.8422382,1,-2,-141
1767171633.8522382,-1,0,-142
1767171633.8622382,-1,0,-147
1767171633.8722382,1,1,-148
1767171633.882238,1,0,-147
1767171633.892238,1,1,-148
1767171633.902238,0,2,-142
1767171633.912238,-2,0,-134
1767171633.922238,0,-5,-139
1767171633.932238,-5,-5,-145
1767171633.942238,-4,-8,-145
1767171633.952238,-2,-5,-150
1767171633.962238,-4,-4,-154
1767171633.972238,-4,1,-147
1767171633.982238,-2,2,-145
1767171633.992238,0,2,-144
1767171634.002238,-6,4,-145
1767171634.0122385,-8,7,-146
1767171634.0222385,-8,6,-160
1767171634.0322382,-10,1,-160
1767171634.0422382,-7,0,-160
1767171634.0522382,-4,1,-152
1767171634.0622382,-2,2,-153
1767171634.0722382,-3,1,-148
1767171634.0822382,-3,0,-151
1767171634.0922382,-4,-2,-148
1767171634.1022382,-3,-2,-144
1767171634.1122382,-5,-1,-147
1767171634.1222382,-1,-5,-140
1767171634.132238,-5,-5,-142
1767171634.142238,-2,-5,-151
1767171634.152238,0,-2,-149
1767171634.162238,3,-2,-150
1767171634.172238,1,2,-144
1767171634.182238,-2,0,-142
1767171634.192238,-6,3,-136
1767171634.202238,-2,2,-140
1767171634.212238,0,-3,-147
1767171634.222238,1,-6,-152
1767171634.232238,7,-4,-158
1767171634.242238,3,-7,-151
1767171634.252238,3,-7,-153
1767171634.2622385,-1,-3,-152
1767171634.2722385,-2,-1,-146
1767171634.2822382,1,-5,-142
1767171634.2922382,0,-8,-142
1767171634.3022382,1,-7,-137
1767171634.3122382,4,-5,-141
1767171634.3222382,2,-7,-140
1767171634.3322382,0,-5,-143
1767171634.3422382,1,-4,-142
1767171634.3522382,2,-3,-141
1767171634.3622382,2,-4,-144
1767171634.3722382,0,-2,-138
1767171634.382238,-1,-1,-135
1767171634.392238,-4,0,-142
1767171634.402238,-4,1,-143
1767171634.412238,-3,-2,-137
1767171634.422238,-1,-1,-138
1767171634.432238,-1,-4,-142
1767171634.442238,-1,-3,-146
1767171634.452238,1,-3,-152
1767171634.462238,-2,-3,-159
1767171634.472238,0,-6,-157
1767171634.482238,2,-7,-150
1767171634.492238,-1,-9,-155
1767171634.502238,-2,-9,-161
1767171634.5122385,1,-7,-161
1767171634.5222385,2,-4,-149
1767171634.5322382,1,-5,-143
1767171634.5422382,1,-5,-138
1767171634.5522382,1,-3,-134
1767171634.5622382,-2,-1,-132
1767171634.5722382,0,-5,-139
1767171634.5822382,-6,-8,-136
1767171634.5922382,-3,-9,-136
1767171634.6022382,-6,-9,-135
1767171634.6122382,-2,-9,-130
1767171634.6222382,-3,-10,-136
1767171634.632238,-4,-9,-141
1767171634.642238,-6,-6,-137
1767171634.652238,-7,-6,-133
1767171634.662238,-5,-5,-132
1767171634.672238,-5,-8,-130
1767171634.682238,-1,-11,-133
1767171634.692238,0,-6,-132
1767171634.702238,-3,-6,-137
1767171634.712238,-6,-8,-142
1767171634.722238,-4,-7,-153
1767171634.732238,-3,-2,-148
1767171634.742238,-6,-5,-150
1767171634.752238,-5,-4,-148
1767171634.7622385,-1,-5,-149
1767171634.7722385,-2,-8,-149
1767171634.7822382,2,-12,-148
1767171634.7922382,0,-9,-141
1767171634.8022382,-4,-8,-140
1767171634.8122382,0,-11,-142
1767171634.8222382,1,-10,-151
1767171634.8322382,0,-7,-150
1767171634.8422382,0,-5,-154
1767171634.8522382,0,-2,-154
1767171634.8622382,0,-6,-149
1767171634.8722382,-2,-9,-149
1767171634.882238,2,-4,-146
1767171634.892238,1,-4,-148
1767171634.902238,1,-4,-150
1767171634.912238,1,-5,-145
1767171634.922238,0,-3,-145
1767171634.932238,0,-3,-142
1767171634.942238,1,1,-145
1767171634.952238,2,0,-144
1767171634.962238,-2,-3,-141
1767171634.972238,-7,-1,-136
1767171634.982238,-9,-2,-138
1767171634.992238,-7,-4,-145
1767171635.002238,-6,-4,-145
1767171635.0122385,-5,-3,-143
1767171635.0222385,-5,-4,-145
1767171635.0322382,-4,-2,-152
1767171635.0422382,-1,-6,-156
1767171635.0522382,2,-4,-157
1767171635.0622382,0,-3,-155
1767171635.0722382,1,-6,-150
1767171635.083238,-3,-2,-152
1767171635.0922382,-2,-3,-148
1767171635.103238,0,-2,-148
1767171635.113238,-2,-2,-140
1767171635.1222382,-5,-6,-141
1767171635.133238,-2,-5,-145
1767171635.143238,-2,-2,-146
1767171635.153238,-1,-3,-142
1767171635.163238,1,-4,-144
1767171635.172238,0,-4,-147
1767171635.1832385,-4,-4,-149
1767171635.1932385,-2,-3,-154
1767171635.2032382,-2,-3,-156
1767171635.2132382,-4,-5,-158
1767171635.222238,-4,-3,-158
1767171635.2332382,-1,0,-152
1767171635.2432382,0,0,-152
1767171635.2532382,-2,-3,-141
1767171635.2632382,-6,0,-149
1767171635.2732382,0,-3,-144
1767171635.2832382,0,-6,-144
1767171635.2932382,2,-8,-139
1767171635.3032382,-1,-6,-141
1767171635.313238,-4,-2,-142
1767171635.323238,3,-3,-144
1767171635.333238,1,-4,-142
1767171635.343238,2,0,-143
1767171635.353238,4,-2,-148
1767171635.363238,2,0,-153
1767171635.373238,2,-1,-152
1767171635.383238,8,-1,-148
1767171635.393238,5,1,-145
1767171635.403238,4,2,-144
1767171635.413238,2,1,-143
1767171635.423238,1,0,-148
1767171635.4332385,1,0,-149
1767171635.4432385,-2,-2,-148
1767171635.4532382,0,-3,-144
1767171635.4632382,-2,-1,-142
1767171635.4732382,0,0,-140
1767171635.4832382,2,1,-144
1767171635.4932382,4,2,-146
1767171635.5032382,0,5,-145
1767171635.5132382,0,4,-144
1767171635.5232382,0,0,-146
1767171635.5332382,-3,0,-142
1767171635.5432382,-3,-2,-141
1767171635.5532382,-2,0,-142
1767171635.563238,-6,1,-142
1767171635.573238,-3,-3,-143
1767171635.583238,-4,1,-151
1767171635.593238,3,0,-147
1767171635.603238,0,0,-146
1767171635.613238,0,0,-148
1767171635.623238,0,2,-152
1767171635.633238,-3,0,-153
1767171635.643238,2,-5,-153
1767171635.653238,3,0,-149
1767171635.663238,-6,0,-146
1767171635.673238,-8,-3,-147
1767171635.6832385,-1,-6,-146
1767171635.6932385,1,-3,-149
1767171635.7032382,2,0,-149
1767171635.7132382,2,5,-147
1767171635.7232382,0,0,-146
1767171635.7332382,-1,-5,-145
1767171635.7432382,-1,-5,-150
1767171635.7532382,-3,0,-146
1767171635.7632382,-4,2,-143
1767171635.7732382,-5,-2,-135
1767171635.7832382,0,1,-132
1767171635.7932382,3,0,-139
1767171635.8032382,6,-2,-143
1767171635.813238,9,-1,-148
1767171635.823238,6,-3,-147
1767171635.833238,1,-2,-144
1767171635.843238,-1,0,-146
1767171635.853238,0,0,-146
1767171635.863238,0,2,-147
1767171635.873238,0,0,-143
1767171635.883238,2,0,-142
1767171635.893238,-1,3,-137
1767171635.903238,-1,3,-139
1767171635.913238,2,4,-138
1767171635.923238,-1,4,-144
1767171635.9332385,-1,1,-143
1767171635.9432385,-6,2,-141
1767171635.9532382,-5,3,-147
1767171635.9632382,-2,2,-139
1767171635.9732382,0,0,-136
1767171635.9832382,-4,3,-137
1767171635.9932382,-8,0,-144
1767171636.0032382,-4,0,-150
1767171636.0132382,-3,0,-152
1767171636.0232382,-5,0,-153
1767171636.0332382,-7,0,-152
1767171636.0432382,-10,0,-147
1767171636.0532382,-11,-1,-136
1767171636.063238,-7,0,-135
1767171636.073238,-7,-2,-140
1767171636.083238,-4,-2,-141
1767171636.093238,-1,-1,-140
1767171636.103238,0,0,-144
1767171636.113238,-1,0,-138
1767171636.123238,-2,-6,-138
1767171636.133238,0,-7,-141
1767171636.143238,1,-9,-139
1767171636.153238,3,-6,-135
1767171636.163238,2,-7,-138
1767171636.173238,0,-4,-139
1767171636.1832385,-3,-5,-141
1767171636.1932385,-1,-6,-137
1767171636.2032382,-4,-9,-137
1767171636.2132382,-11,-6,-133
1767171636.2232382,-6,-7,-136
1767171636.2332382,0,-5,-134
1767171636.2432382,-4,-2,-136
1767171636.2532382,-4,1,-140
1767171636.2632382,-5,1,-143
1767171636.2732382,-4,3,-150
1767171636.2832382,-7,2,-147
1767171636.2932382,-4,0,-151
1767171636.3032382,-7,-2,-152
1767171636.313238,-6,-6,-142
1767171636.323238,-5,-5,-148
1767171636.333238,-1,-5,-148
1767171636.343238,0,-1,-152
1767171636.353238,-1,1,-150
1767171636.363238,3,0,-150
1767171636.373238,6,-3,-153
1767171636.383238,0,-2,-150
1767171636.393238,-3,-2,-145
1767171636.403238,-4,0,-139
1767171636.413238,0,-1,-139
1767171636.423238,-1,-5,-141
1767171636.4332385,-6,-2,-140
1767171636.4432385,-6,0,-144
1767171636.4532382,-9,-2,-141
1767171636.4632382,-15,-3,-142
1767171636.4732382,-14,-2,-140
1767171636.4832382,-12,-3,-143
1767171636.4932382,-11,-4,-147
1767171636.515238,-6,-7,-154
1767171636.5232382,-2,-8,-155
1767171636.5332382,0,-8,-152
1767171636.5432382,3,-8,-147
1767171636.5532382,2,-8,-141
1767171636.563238,-1,-6,-145
1767171636.573238,-4,-9,-149
1767171636.583238,-6,-6,-146
1767171636.593238,-8,-2,-143
1767171636.603238,-3,-1,-141
1767171636.613238,0,-6,-142
1767171636.623238,-3,-7,-147
1767171636.633238,0,-5,-143
1767171636.643238,0,-2,-144
1767171636.653238,0,-4,-142
1767171636.663238,0,-4,-136
1767171636.673238,-5,-3,-138
1767171636.6832385,-3,-2,-143
1767171636.6932385,1,-2,-137
1767171636.7032382,3,0,-142
1767171636.7132382,6,-2,-141
1767171636.7232382,3,1,-144
1767171636.7332382,1,1,-143
1767171636.7432382,-4,1,-144
1767171636.7532382,-7,3,-147
1767171636.7632382,-3,2,-145
1767171636.7732382,0,2,-135
1767171636.7832382,-3,1,-137
1767171636.7932382,-4,1,-138
1767171636.8032382,-3,5,-139
1767171636.813238,-2,1,-138
1767171636.823238,-3,2,-137
1767171636.833238,-2,0,-146
1767171636.843238,3,0,-141
1767171636.853238,3,-3,-150
1767171636.863238,6,-2,-145
1767171636.873238,3,0,-145
1767171636.883238,3,-2,-144
1767171636.893238,3,2,-149
1767171636.903238,1,1,-151
1767171636.913238,2,-3,-150
1767171636.923238,2,0,-147
1767171636.9332385,2,0,-139
1767171636.9432385,-1,0,-138
1767171636.9532382,0,0,-137
1767171636.9632382,0,1,-138
1767171636.9732382,-1,-4,-137
1767171636.9832382,-2,-6,-134
1767171636.9932382,-7,-4,-140
1767171637.0032382,-4,-3,-145
1767171637.0132382,0,-4,-144
1767171637.0232382,-2,-4,-144
1767171637.0332382,-5,-7,-147
1767171637.0432382,-7,-8,-149
1767171637.0532382,-4,-7,-156
1767171637.063238,-3,-7,-153
1767171637.073238,0,-5,-147
1767171637.083238,-1,-3,-144
1767171637.093238,0,-3,-141
1767171637.103238,-3,0,-137
1767171637.113238,-3,-2,-142
1767171637.123238,1,-2,-142
1767171637.133238,0,0,-140
1767171637.143238,2,-1,-142
1767171637.153238,2,-5,-138
1767171637.163238,1,-4,-134
1767171637.173238,-2,-3,-132
1767171637.1832385,-3,-5,-130
1767171637.1932385,0,0,-136
1767171637.2032382,-3,2,-135
1767171637.2132382,-7,2,-137
1767171637.2232382,-6,1,-142
1767171637.2332382,-5,0,-145
1767171637.2432382,-5,1,-140
1767171637.2532382,-4,-4,-146
1767171637.2632382,0,-7,-143
1767171637.2732382,2,-3,-142
1767171637.2832382,1,-1,-146
1767171637.2932382,2,4,-142
1767171637.3032382,0,5,-145
1767171637.313238,3,4,-136
1767171637.323238,3,3,-137
1767171637.333238,1,5,-134
1767171637.343238,0,2,-135
1767171637.353238,3,1,-138
1767171637.363238,3,0,-135
1767171637.373238,2,3,-139
1767171637.383238,6,3,-141
1767171637.393238,7,0,-140
1767171637.403238,3,-2,-143
1767171637.413238,-2,0,-136
1767171637.423238,-3,1,-134
1767171637.4332385,-5,-3,-134
1767171637.4432385,-8,-3,-138
1767171637.4532382,-1,0,-142
1767171637.4632382,1,-1,-140
1767171637.4732382,-3,0,-144
1767171637.4832382,0,-1,-137
1767171637.4932382,0,0,-134
1767171637.5032382,2,-2,-140
1767171637.5132382,-1,-6,-147
1767171637.5232382,-2,-6,-143
1767171637.5332382,3,-4,-141
1767171637.5432382,5,-5,-138
1767171637.5532382,4,-2,-132
1767171637.563238,5,-6,-132
1767171637.573238,3,-5,-141
1767171637.583238,4,-8,-144
1767171637.594238,1,-9,-151
1767171637.603238,0,-5,-155
1767171637.613238,2,-1,-153
1767171637.623238,6,-2,-147
1767171637.633238,8,0,-149
1767171637.6442382,4,0,-148
1767171637.6542382,0,2,-146
1767171637.6642382,-2,0,-147
1767171637.6742382,-2,-1,-150
1767171637.6842382,-1,-2,-145
1767171637.6942382,-2,-2,-147
1767171637.7042382,-1,-1,-145
1767171637.7142382,2,-3,-148
1767171637.7242382,0,-1,-147
1767171637.734238,0,0,-145
1767171637.744238,0,0,-147
1767171637.754238,-7,4,-141
1767171637.764238,-9,2,-137
1767171637.774238,-9,2,-133
1767171637.784238,-13,0,-133
1767171637.794238,-12,3,-131
1767171637.804238,-10,2,-132
1767171637.814238,-11,1,-133
1767171637.824238,-5,3,-132
1767171637.834238,-6,0,-135
1767171637.844238,-5,0,-136
1767171637.8542385,-3,0,-138
1767171637.8642385,1,0,-144
1767171637.8742385,1,-2,-146
1767171637.8842382,0,-4,-145
1767171637.8942382,-1,-6,-149
1767171637.9042382,-3,-3,-153
1767171637.9142382,-3,-3,-153
1767171637.9242382,0,-4,-150
1767171637.9342382,-1,0,-148
1767171637.9442382,-3,3,-155
1767171637.9542382,-2,3,-151
1767171637.9642382,-4,2,-151
1767171637.9742382,-4,1,-150
1767171637.984238,-5,3,-148
1767171637.994238,-6,3,-147
1767171638.004238,-5,6,-148
1767171638.014238,-2,0,-146
1767171638.024238,0,-2,-149
1767171638.034238,0,-1,-147
1767171638.044238,0,-1,-144
1767171638.054238,2,-4,-145
1767171638.064238,2,-3,-146
1767171638.074238,3,-1,-144
1767171638.084238,0,-1,-150
1767171638.094238,0,-2,-148
1767171638.1042385,-4,-4,-145
1767171638.1142385,-5,-5,-142
1767171638.1242385,-6,-3,-149
1767171638.1342382,-6,-5,-145
1767171638.1442382,-4,-5,-153
1767171638.1542382,-1,-5,-157
1767171638.1642382,1,-5,-149
1767171638.1742382,5,-6,-147
1767171638.1842382,1,-5,-154
1767171638.1942382,0,-1,-153
1767171638.2042382,-3,-3,-147
1767171638.2142382,-3,-4,-147
1767171638.2242382,-3,1,-151
1767171638.234238,-4,-1,-147
1767171638.244238,-6,0,-144
1767171638.254238,-7,-2,-142
1767171638.264238,-5,-1,-144
1767171638.274238,-4,-2,-142
1767171638.284238,-4,1,-141
1767171638.294238,-1,0,-145
1767171638.304238,-1,1,-142
1767171638.314238,-1,3,-146
1767171638.324238,5,-5,-145
1767171638.334238,5,-1,-151
1767171638.344238,4,-2,-147
1767171638.3542385,2,-4,-138
1767171638.3642385,0,-4,-144
1767171638.3742385,-5,-6,-144
1767171638.3842382,-3,-4,-139
1767171638.3942382,-3,-3,-133
1767171638.4042382,-7,-6,-129
1767171638.4142382,-6,-3,-135
1767171638.4242382,0,-2,-135
1767171638.4342382,0,-7,-132
1767171638.4442382,0,-7,-138
1767171638.4542382,0,-3,-142
1767171638.4642382,0,-4,-140
1767171638.4742382,-2,-4,-145
1767171638.484238,-1,-4,-139
1767171638.494238,2,-1,-140
1767171638.504238,0,0,-142
1767171638.514238,0,3,-143
1767171638.524238,2,3,-147
1767171638.534238,-2,0,-147
1767171638.544238,2,1,-143
1767171638.554238,1,1,-145
1767171638.564238,1,-3,-146
1767171638.574238,-7,-2,-142
1767171638.584238,-2,-4,-135
1767171638.594238,-1,-6,-136
1767171638.6042385,-1,-5,-141
1767171638.6142385,1,-4,-145
1767171638.6242385,2,-4,-145
1767171638.6342382,2,-2,-147
1767171638.6442382,1,-6,-147
1767171638.6542382,5,-10,-147
1767171638.6642382,0,-10,-141
1767171638.6742382,-2,-10,-137
1767171638.6842382,0,-11,-141
1767171638.6942382,2,-9,-141
1767171638.7042382,1,-4,-138
1767171638.7142382,-3,-3,-144
1767171638.7242382,-3,0,-144
1767171638.734238,-6,-3,-141
1767171638.744238,-7,-9,-145
1767171638.754238,-6,-12,-134
1767171638.764238,0,-11,-136
1767171638.774238,4,-12,-144
1767171638.784238,6,-10,-149
1767171638.794238,5,-8,-148
1767171638.804238,5,-5,-144
1767171638.814238,2,-2,-148
1767171638.824238,3,0,-144
1767171638.834238,2,0,-139
1767171638.844238,2,0,-143
1767171638.8542385,0,2,-141
1767171638.8642385,2,1,-149
1767171638.8742385,1,5,-147
1767171638.8842382,2,4,-145
1767171638.8942382,2,2,-148
1767171638.9042382,-3,3,-141
1767171638.9142382,-3,1,-138
1767171638.9242382,-3,2,-142
1767171638.9342382,3,5,-143
1767171638.9442382,2,4,-139
1767171638.9542382,3,1,-142
1767171638.9642382,4,0,-149
1767171638.9742382,1,-1,-154
1767171638.984238,5,0,-151
1767171638.994238,2,1,-150
1767171639.004238,2,1,-147
1767171639.014238,1,1,-146
1767171639.024238,1,0,-146
1767171639.034238,-4,1,-142
1767171639.044238,-4,-3,-145
1767171639.054238,0,-4,-150
1767171639.064238,-2,-5,-150
1767171639.074238,-5,-3,-147
1767171639.084238,-4,-4,-141
1767171639.094238,0,-3,-141
1767171639.1042385,0,-2,-148
1767171639.1142385,1,-3,-150
1767171639.1242385,-1,-2,-150
1767171639.1342382,0,-3,-150
1767171639.1442382,0,-7,-150
1767171639.1542382,-5,-8,-149
1767171639.1642382,-9,-8,-152
1767171639.1742382,-7,-5,-154
1767171639.1842382,-4,-9,-148
1767171639.1942382,2,-10,-150
1767171639.2042382,0,-11,-146
1767171639.2142382,2,-5,-141
1767171639.2242382,2,0,-141
1767171639.234238,-2,2,-152
1767171639.244238,-5,3,-146
1767171639.254238,-6,0,-148
1767171639.264238,-4,-3,-144
1767171639.274238,-3,-3,-150
1767171639.284238,1,-3,-146
1767171639.294238,2,-2,-143
1767171639.304238,0,0,-143
1767171639.314238,-1,-1,-142
1767171639.324238,0,-4,-140
1767171639.334238,-1,-5,-138
1767171639.344238,0,-1,-139
1767171639.3542385,0,-1,-142
1767171639.3642385,1,-1,-143
1767171639.3742385,1,0,-136
1767171639.3842382,-1,2,-132
1767171639.3942382,-3,0,-137
1767171639.4042382,-3,0,-146
1767171639.4142382,-7,0,-143
1767171639.4242382,-10,1,-142
1767171639.4342382,-7,0,-137
1767171639.4442382,-5,5,-138
1767171639.4542382,-5,3,-143
1767171639.4642382,-6,1,-135
1767171639.4742382,-8,-2,-134
1767171639.484238,-8,-2,-134
1767171639.494238,-8,0,-128
1767171639.504238,-5,-3,-128
1767171639.514238,-5,-2,-129
1767171639.524238,-3,-1,-131
1767171639.534238,0,-3,-135
1767171639.544238,-2,0,-135
1767171639.554238,-2,0,-140
1767171639.564238,-3,1,-140
1767171639.574238,0,3,-143
1767171639.584238,0,-2,-149
1767171639.594238,-3,-4,-143
1767171639.6042385,-5,-6,-144
1767171639.6142385,-8,-8,-142
1767171639.6242385,-5,-6,-149
1767171639.6342382,-6,-4,-146
1767171639.6442382,-6,-4,-141
1767171639.6542382,-7,-1,-146
1767171639.6642382,-4,0,-144
1767171639.6742382,-1,3,-145
1767171639.6842382,1,0,-138
1767171639.6942382,-1,0,-140
1767171639.7042382,0,0,-144
1767171639.7142382,-1,-4,-139
1767171639.7242382,-3,-4,-142
1767171639.734238,-3,-2,-146
1767171639.744238,2,-1,-146
1767171639.754238,4,0,-138
1767171639.764238,7,0,-135
1767171639.774238,2,4,-138
1767171639.784238,-1,8,-141
1767171639.794238,-1,2,-135
1767171639.804238,0,0,-138
1767171639.814238,0,1,-139
1767171639.824238,-1,-1,-139
1767171639.834238,-2,-6,-131
1767171639.844238,-4,-8,-129
1767171639.8542385,-2,-3,-133
1767171639.8642385,-1,-3,-133
1767171639.8742385,-3,-4,-132
1767171639.8842382,-5,-7,-136
1767171639.8942382,-5,-6,-135
1767171639.9042382,-4,-3,-137
1767171639.9142382,-1,-7,-137
1767171639.9242382,-3,-5,-134
1767171639.9342382,-2,-6,-140
1767171639.9442382,2,-6,-140
1767171639.9542382,2,-6,-137
1767171639.9642382,0,-6,-130
1767171639.9742382,3,-2,-127
1767171639.984238,0,-4,-133
1767171639.994238,1,-4,-131
1767171640.004238,1,-6,-136
1767171640.014238,0,-3,-143
1767171640.024238,0,-1,-140
1767171640.034238,3,-2,-140
1767171640.044238,0,-3,-138
1767171640.054238,0,-3,-142
1767171640.064238,0,-3,-138
1767171640.074238,1,-7,-140
1767171640.084238,-2,-8,-140
1767171640.094238,-3,-7,-144
1767171640.1042385,-2,-5,-150
1767171640.1152382,-3,-6,-145
1767171640.1242385,-4,-4,-142
1767171640.1342382,-4,-1,-144
1767171640.1442382,-3,-3,-141
1767171640.1552382,0,-5,-142
1767171640.1642382,-2,-4,-142
1767171640.1742382,1,-4,-140
1767171640.185238,1,-4,-148
1767171640.195238,0,-1,-143
1767171640.205238,0,0,-144
1767171640.215238,2,4,-144
1767171640.225238,-3,2,-145
1767171640.235238,-1,-1,-135
1767171640.245238,0,0,-136
1767171640.255238,-2,-1,-143
1767171640.265238,3,-1,-146
1767171640.275238,5,-2,-148
1767171640.2852385,3,0,-151
1767171640.2952385,0,-3,-149
1767171640.3052382,0,-3,-148
1767171640.3152382,0,-5,-146
1767171640.3252382,-1,-1,-144
1767171640.3352382,-7,-1,-146
1767171640.3452382,-1,-3,-150
1767171640.3552382,0,-3,-151
1767171640.3652382,0,-4,-153
1767171640.3752382,3,-5,-153
1767171640.3852382,1,0,-151
1767171640.3952382,0,2,-150
1767171640.4052382,0,2,-149
1767171640.415238,0,3,-144
1767171640.425238,-2,2,-141
1767171640.435238,-6,3,-141
1767171640.445238,-1,0,-135
1767171640.455238,-8,-3,-132
1767171640.465238,-5,-4,-130
1767171640.475238,-4,-9,-126
1767171640.485238,-9,-9,-131
1767171640.495238,-9,-9,-138
1767171640.505238,-11,-11,-135
1767171640.515238,-12,-9,-141
1767171640.525238,-7,-4,-144
1767171640.5352385,-9,-7,-141
1767171640.5452385,-7,-7,-135
1767171640.5552382,-5,-5,-135
1767171640.5652382,-3,-3,-141
1767171640.5752382,-3,-2,-145
1767171640.5852382,0,-1,-151
1767171640.5952382,5,-1,-157
1767171640.6052382,0,-5,-160
1767171640.6152382,0,-8,-154
1767171640.6252382,0,-7,-150
1767171640.6352382,-1,-3,-152
1767171640.6452382,0,-4,-156
1767171640.6552382,-3,-7,-161
1767171640.665238,-5,-9,-160
1767171640.675238,-3,-6,-158
1767171640.685238,0,-7,-151
1767171640.695238,-1,-7,-148
1767171640.705238,0,-4,-147
1767171640.715238,-4,0,-146
1767171640.725238,1,-1,-142
1767171640.735238,4,0,-135
1767171640.745238,0,1,-142
1767171640.755238,-2,6,-144
1767171640.765238,0,4,-149
1767171640.775238,-2,0,-144
1767171640.7852385,0,1,-145
1767171640.7952385,0,-5,-142
1767171640.8052382,0,-6,-136
1767171640.8152382,2,-9,-131
1767171640.8252382,3,-4,-134
1767171640.8352382,3,-2,-142
1767171640.8452382,2,-1,-145
1767171640.8552382,1,-6,-144
1767171640.8652382,4,-9,-147
1767171640.8752382,5,-6,-138
1767171640.8852382,5,-4,-136
1767171640.8952382,1,-6,-132
1767171640.9052382,0,-5,-132
1767171640.915238,-3,-3,-133
1767171640.925238,0,-2,-132
1767171640.935238,0,-3,-138
1767171640.945238,-4,-4,-141
1767171640.955238,-2,-4,-136
1767171640.965238,2,-4,-140
1767171640.975238,3,-5,-140
1767171640.985238,3,-4,-139
1767171640.995238,2,-7,-138
1767171641.005238,3,-9,-137
1767171641.015238,2,-3,-137
1767171641.025238,5,-4,-139
1767171641.0352385,2,-2,-143
1767171641.0452385,0,-3,-149
1767171641.0552382,-1,-4,-146
1767171641.0652382,-4,-5,-146
1767171641.0752382,-1,0,-142
1767171641.0852382,2,0,-147
1767171641.0952382,4,-2,-148
1767171641.1052382,-1,0,-147
1767171641.1152382,-3,1,-148
1767171641.1252382,-1,0,-148
1767171641.1352382,2,-2,-149
1767171641.1452382,0,-1,-148
1767171641.1552382,-2,0,-144
1767171641.165238,-5,0,-149
1767171641.175238,-4,-3,-152
1767171641.185238,-6,-4,-150
1767171641.195238,-6,-1,-150
1767171641.205238,-4,-1,-151
1767171641.215238,0,-3,-164
1767171641.225238,1,-2,-157
1767171641.235238,4,-1,-154
1767171641.245238,3,-4,-150
1767171641.255238,7,-2,-143
1767171641.265238,5,-4,-145
1767171641.275238,4,-3,-137
1767171641.2852385,2,0,-139
1767171641.2952385,0,1,-143
1767171641.3052382,0,7,-142
1767171641.3152382,0,10,-141
1767171641.3252382,2,11,-142
1767171641.3352382,0,10,-143
1767171641.3452382,3,5,-146
1767171641.3552382,4,1,-148
1767171641.3652382,1,3,-152
1767171641.3752382,0,2,-143
1767171641.3852382,-3,-3,-136
1767171641.3952382,0,-2,-136
1767171641.4052382,0,-2,-131
1767171641.415238,0,-4,-135
1767171641.425238,0,-2,-140
1767171641.435238,-3,-1,-141
1767171641.445238,2,0,-138
1767171641.455238,6,0,-138
1767171641.465238,2,0,-135
1767171641.475238,2,-5,-139
1767171641.485238,3,-8,-138
1767171641.495238,1,-6,-136
1767171641.505238,0,-5,-141
1767171641.527238,0,-2,-139
1767171641.5352385,-2,-6,-139
1767171641.5452385,0,-3,-142
1767171641.5552382,-4,-3,-142
1767171641.5652382,-2,-2,-143
1767171641.5752382,-2,0,-142
1767171641.5852382,0,-4,-143
1767171641.5952382,-4,-7,-137
1767171641.6052382,-7,-8,-141
1767171641.6152382,-7,-6,-137
1767171641.6252382,-6,-4,-132
1767171641.6352382,-6,-5,-132
1767171641.6452382,-2,-3,-134
1767171641.6552382,0,0,-138
1767171641.665238,-2,0,-140
1767171641.675238,-3,-2,-148
1767171641.685238,-2,-3,-153
1767171641.695238,-2,-3,-157
1767171641.705238,-6,-5,-149
1767171641.715238,-5,-8,-151
1767171641.725238,0,-6,-147
1767171641.735238,0,-6,-146
1767171641.745238,-3,-5,-146
1767171641.755238,-6,-6,-140
1767171641.765238,-2,-5,-146
1767171641.775238,-3,-7,-143
1767171641.7852385,0,-1,-145
1767171641.7952385,-7,0,-145
1767171641.8052382,-2,0,-143
1767171641.8152382,-4,-1,-144
1767171641.8252382,-7,-3,-140
1767171641.8352382,-6,-6,-142
1767171641.8452382,-11,-7,-139
1767171641.8552382,-10,-9,-137
1767171641.8652382,-3,-5,-137
1767171641.8752382,1,-3,-145
1767171641.8852382,2,0,-143
1767171641.8952382,4,-3,-140
1767171641.9052382,2,-4,-140
1767171641.915238,4,-5,-151
1767171641.925238,4,-7,-152
1767171641.935238,0,-11,-156
1767171641.945238,6,-6,-154
1767171641.955238,6,-3,-148
1767171641.965238,6,-2,-148
1767171641.975238,4,-2,-146
1767171641.985238,6,-1,-151
1767171641.995238,3,-1,-148
1767171642.005238,3,-6,-142
1767171642.015238,6,-9,-141
1767171642.025238,3,-6,-147
1767171642.0352385,0,-4,-146
1767171642.0452385,2,-3,-144
1767171642.0552382,2,-2,-143
1767171642.0652382,3,-2,-146
1767171642.0752382,0,-4,-140
1767171642.0852382,-2,-3,-137
1767171642.0952382,0,-1,-140
1767171642.1052382,0,-3,-139
1767171642.1152382,2,-4,-142
1767171642.1252382,4,-9,-142
1767171642.1352382,5,-13,-147
1767171642.1452382,4,-12,-147
1767171642.1552382,2,-8,-147
1767171642.165238,-2,-5,-139
1767171642.175238,-4,-6,-138
1767171642.185238,0,-3,-139
1767171642.195238,1,1,-140
1767171642.205238,0,-1,-148
1767171642.215238,0,-4,-146
1767171642.225238,0,-2,-148
1767171642.235238,-1,0,-147
1767171642.245238,-2,-3,-147
1767171642.255238,0,0,-144
1767171642.265238,1,1,-144
1767171642.275238,7,5,-142
1767171642.2852385,8,3,-144
1767171642.2952385,6,-1,-142
1767171642.3052382,4,-5,-156
1767171642.3152382,3,-5,-156
1767171642.3252382,2,-2,-154
1767171642.3352382,1,-5,-158
1767171642.3452382,-1,-5,-154
1767171642.3552382,-1,-4,-160
1767171642.3652382,-2,-5,-154
1767171642.3752382,-5,-5,-152
1767171642.3852382,-2,-2,-151
1767171642.3952382,-4,0,-153
1767171642.4052382,-2,-2,-150
1767171642.415238,-2,-4,-147
1767171642.425238,-3,-3,-145
1767171642.435238,-3,-1,-147
1767171642.445238,-2,-2,-151
1767171642.455238,1,-2,-149
1767171642.465238,1,1,-155
1767171642.475238,-1,0,-153
1767171642.485238,-3,-4,-150
1767171642.495238,-4,-5,-149
1767171642.505238,-7,-8,-153
1767171642.515238,-8,-8,-156
1767171642.525238,-1,-6,-152
1767171642.5352385,-1,-7,-146
1767171642.5452385,-4,-4,-147
1767171642.5552382,-2,-5,-148
1767171642.5652382,0,1,-147
1767171642.5752382,-1,0,-151
1767171642.5852382,-1,2,-150
1767171642.5952382,2,0,-151
1767171642.6052382,4,2,-156
1767171642.6152382,1,5,-152
1767171642.6252382,-1,4,-149
1767171642.6352382,1,2,-145
1767171642.6452382,5,3,-147
1767171642.6552382,6,1,-143
1767171642.665238,5,0,-138
1767171642.676238,9,-3,-135
1767171642.686238,6,-7,-130
1767171642.696238,-1,-8,-134
1767171642.7062385,-1,-9,-138
1767171642.7162385,1,-3,-141
1767171642.7262385,3,-3,-138
1767171642.7362382,6,-3,-140
1767171642.7462382,1,-2,-146
1767171642.7562382,-2,-5,-146
1767171642.7662382,0,-6,-148
1767171642.7762382,0,0,-148
1767171642.7862382,4,0,-149
1767171642.7962382,5,0,-148
1767171642.8062382,4,-1,-143
1767171642.8162382,5,0,-144
1767171642.8262382,8,3,-146
1767171642.836238,4,2,-148
1767171642.846238,0,5,-148
1767171642.856238,2,5,-146
1767171642.866238,3,0,-149
1767171642.876238,0,-3,-143
1767171642.886238,1,-5,-147
1767171642.896238,-1,2,-147
1767171642.906238,-3,4,-149
1767171642.916238,-3,4,-153
1767171642.926238,-4,7,-151
1767171642.936238,-4,3,-143
1767171642.946238,-7,1,-148
1767171642.9562385,-7,0,-147
1767171642.9662385,-7,-2,-150
1767171642.9762385,0,-4,-151
1767171642.9862382,3,-8,-149
1767171642.9962382,3,-5,-151
1767171643.0062382,4,-4,-145
1767171643.0162382,7,-3,-147
1767171643.0262382,2,-6,-143
1767171643.0362382,-2,-6,-146
1767171643.0462382,-4,-6,-148
1767171643.0562382,-3,-6,-140
1767171643.0662382,-3,-8,-137
1767171643.0762382,-8,-6,-137
1767171643.086238,-7,-4,-143
1767171643.096238,-6,-3,-149
1767171643.106238,-5,0,-153
1767171643.116238,-10,6,-151
1767171643.126238,-7,7,-145
1767171643.136238,-2,4,-151
1767171643.146238,0,0,-150
1767171643.156238,0,4,-149
1767171643.166238,3,2,-149
1767171643.176238,2,0,-147
1767171643.186238,1,1,-150
1767171643.196238,1,-3,-144
1767171643.2062385,7,-4,-148
1767171643.2162385,10,-5,-143
1767171643.2262385,6,-3,-142
1767171643.2362382,8,-4,-142
1767171643.2462382,13,-6,-141
1767171643.2562382,12,-13,-144
1767171643.2662382,6,-12,-149
1767171643.2762382,4,-9,-151
1767171643.2862382,5,-9,-142
1767171643.2962382,1,-4,-140
1767171643.3062382,-1,0,-144
1767171643.3162382,2,0,-141
1767171643.3262382,-1,0,-137
1767171643.336238,-5,0,-143
1767171643.346238,-4,3,-141
1767171643.356238,-4,5,-139
1767171643.366238,-6,1,-142
1767171643.376238,-7,-2,-143
1767171643.386238,-2,1,-151
1767171643.396238,0,-2,-150
1767171643.406238,0,0,-148
1767171643.416238,2,1,-151
1767171643.426238,-1,3,-150
1767171643.436238,2,6,-155
1767171643.446238,0,2,-151
1767171643.4562385,0,0,-152
1767171643.4662385,-4,2,-151
1767171643.4762385,-4,1,-149
1767171643.4862382,-5,0,-147
1767171643.4962382,-1,-4,-148
1767171643.5062382,-1,-5,-148
1767171643.5162382,-1,-5,-145
1767171643.5262382,-2,-5,-146
1767171643.5362382,-2,-1,-151
1767171643.5462382,-1,-4,-147
1767171643.5562382,-2,-3,-141
1767171643.5662382,-2,0,-141
1767171643.5762382,-3,2,-145
1767171643.586238,-4,0,-140
1767171643.596238,-3,0,-139
1767171643.606238,0,-1,-135
1767171643.616238,0,-1,-133
1767171643.626238,-3,-1,-138
1767171643.636238,-9,-3,-137
1767171643.646238,-4,1,-137
1767171643.656238,-4,4,-138
1767171643.666238,-4,3,-141
1767171643.676238,-2,3,-138
1767171643.686238,-2,0,-134
1767171643.696238,-2,-1,-139
1767171643.7062385,0,0,-146
1767171643.7162385,-2,-5,-146
1767171643.7262385,3,-5,-145
1767171643.7362382,4,-5,-146
1767171643.7462382,2,-3,-148
1767171643.7562382,0,0,-145
1767171643.7662382,0,-1,-147
1767171643.7762382,3,0,-149
1767171643.7862382,-2,0,-144
1767171643.7962382,-5,-1,-144
1767171643.8062382,-3,1,-143
1767171643.8162382,-5,0,-145
1767171643.8262382,-1,-2,-145
1767171643.836238,-3,-3,-142
1767171643.846238,-2,-4,-144
1767171643.856238,-2,-4,-148
1767171643.866238,-7,-8,-145
1767171643.876238,-8,-7,-148
1767171643.886238,-7,-5,-144
1767171643.896238,-3,-1,-141
1767171643.906238,0,-1,-137
1767171643.916238,-4,-4,-148
1767171643.926238,-3,-3,-151
1767171643.936238,-5,0,-156
1767171643.946238,-8,-1,-155
1767171643.9562385,-8,-5,-153
1767171643.9662385,-6,-8,-150
1767171643.9762385,-2,-9,-146
1767171643.9862382,1,-9,-152
1767171643.9962382,-1,-3,-154
1767171644.0062382,-2,-2,-150
1767171644.0162382,-2,-2,-150
1767171644.0262382,-5,-8,-147
1767171644.0362382,-3,-10,-149
1767171644.0462382,-5,-8,-147
1767171644.0562382,-2,-5,-153
1767171644.0662382,-1,0,-151
1767171644.0762382,-1,0,-152
1767171644.086238,1,-2,-155
1767171644.096238,2,-1,-157
1767171644.106238,0,0,-160
1767171644.116238,-2,-4,-156
1767171644.126238,-6,0,-151
1767171644.136238,-5,-1,-152
1767171644.146238,-6,-5,-151
1767171644.156238,-6,-8,-149
1767171644.166238,-5,-8,-150
1767171644.176238,-3,-5,-153
1767171644.186238,-2,-3,-148
1767171644.196238,-2,-1,-143
1767171644.2062385,-4,-6,-141
1767171644.2162385,-6,-6,-145
1767171644.2262385,-7,-7,-146
1767171644.2362382,-7,-7,-151
1767171644.2462382,-7,-2,-149
1767171644.2562382,-7,-2,-146
1767171644.2662382,-5,0,-149
1767171644.2762382,-7,2,-146
1767171644.2862382,-6,-2,-142
1767171644.2962382,-2,-4,-144
1767171644.3062382,0,-3,-150
1767171644.3162382,0,-3,-154
1767171644.3262382,-1,-2,-147
1767171644.336238,-4,-3,-145
1767171644.346238,-3,-3,-151
1767171644.356238,-3,-1,-148
1767171644.366238,-2,-5,-143
1767171644.376238,-4,-9,-137
1767171644.386238,-4,-8,-135
1767171644.396238,-1,-10,-143
1767171644.406238,0,-8,-140
1767171644.416238,0,-6,-136
1767171644.426238,0,-1,-140
1767171644.436238,-4,1,-139
1767171644.446238,-1,1,-138
1767171644.4562385,2,0,-144
1767171644.4662385,6,0,-148
1767171644.4762385,5,1,-145
1767171644.4862382,1,0,-142
1767171644.4962382,0,-3,-144
1767171644.5062382,-3,-2,-142
1767171644.5162382,-3,-6,-138
1767171644.5262382,-2,-10,-138
1767171644.5362382,-2,-12,-137
1767171644.5462382,-2,-8,-136
1767171644.5562382,3,-7,-139
1767171644.5662382,0,-4,-141
1767171644.5762382,0,0,-135
1767171644.586238,0,-2,-132
1767171644.596238,0,-3,-138
1767171644.606238,3,-4,-146
1767171644.616238,4,-6,-145
1767171644.626238,0,-4,-145
1767171644.636238,1,-6,-146
1767171644.646238,1,-5,-147
1767171644.656238,-3,-1,-147
1767171644.666238,-6,-3,-145
1767171644.676238,-3,-7,-147
1767171644.686238,-5,-10,-144
1767171644.696238,-8,-8,-148
1767171644.7062385,-9,-6,-152
1767171644.7162385,-8,-2,-149
1767171644.7262385,-12,-3,-149
1767171644.7362382,-7,-5,-151
1767171644.7462382,-10,-7,-149
1767171644.7562382,-4,-6,-150
1767171644.7662382,-3,-5,-147
1767171644.7762382,-3,-8,-150
1767171644.7862382,-7,-5,-147
1767171644.7962382,-3,-2,-150
1767171644.8062382,-2,0,-150
1767171644.8162382,-1,0,-147
1767171644.8262382,-2,0,-153
1767171644.836238,-1,-3,-158
1767171644.846238,1,-4,-154
1767171644.856238,0,-1,-145
1767171644.866238,-2,0,-152
1767171644.876238,-2,-1,-158
1767171644.886238,0,-4,-157
1767171644.896238,1,-2,-153
1767171644.906238,-3,-4,-151
1767171644.916238,-2,-3,-150
1767171644.926238,0,1,-154
1767171644.936238,-1,-2,-161
1767171644.946238,-2,-5,-164
1767171644.9562385,-2,-7,-155
1767171644.9662385,0,-4,-157
1767171644.9762385,0,-3,-150
1767171644.9862382,-1,-7,-142
1767171644.9962382,1,-1,-139
1767171645.0062382,0,-2,-135
1767171645.0162382,-5,0,-138
1767171645.0262382,-3,-1,-137
1767171645.0362382,0,-5,-140
1767171645.0462382,3,-6,-142
1767171645.0562382,4,-3,-145
1767171645.0662382,-1,-3,-140
1767171645.0762382,-3,0,-140
1767171645.086238,0,-2,-135
1767171645.096238,5,-6,-133
1767171645.106238,3,-1,-131
1767171645.117238,0,-4,-125
1767171645.126238,2,-2,-128
1767171645.136238,-4,-6,-131
1767171645.146238,-6,-6,-133
1767171645.156238,-7,-8,-135
1767171645.166238,-10,-11,-140
1767171645.1772382,-6,-11,-141
1767171645.1872382,-4,-6,-144
1767171645.196238,-2,-3,-142
1767171645.2072382,2,-2,-137
1767171645.2172382,1,-3,-138
1767171645.2272382,0,-1,-135
1767171645.2372382,0,-2,-142
1767171645.2472382,0,0,-139
1767171645.257238,0,-1,-143
1767171645.267238,-2,-6,-146
1767171645.277238,0,-7,-146
1767171645.287238,2,-2,-147
1767171645.297238,0,-2,-146
1767171645.307238,1,-6,-147
1767171645.317238,6,-8,-146
1767171645.327238,9,-7,-147
1767171645.337238,7,-5,-146
1767171645.347238,7,-5,-140
1767171645.357238,9,-3,-142
1767171645.367238,10,-3,-136
1767171645.377238,7,-3,-136
1767171645.3872385,5,-8,-132
1767171645.3972385,0,-9,-132
1767171645.4072382,3,-12,-128
1767171645.4172382,0,-11,-128
1767171645.4272382,-2,-9,-134
1767171645.4372382,-3,-7,-133
1767171645.4472382,0,-9,-133
1767171645.4572382,-4,-9,-138
1767171645.4672382,0,-8,-142
1767171645.4772382,-1,-4,-144
1767171645.4872382,-6,-5,-146
1767171645.4972382,-3,-9,-148
1767171645.507238,-4,-9,-150
1767171645.517238,-2,-8,-150
1767171645.527238,-4,-8,-152
1767171645.537238,0,-7,-151
1767171645.547238,-1,-7,-145
1767171645.557238,-3,-4,-143
1767171645.567238,5,-5,-140
1767171645.577238,2,-10,-139
1767171645.587238,-2,-9,-138
1767171645.597238,-3,-11,-141
1767171645.607238,-3,-7,-149
1767171645.617238,-8,-8,-146
1767171645.627238,-7,-11,-146
1767171645.6372385,-9,-10,-148
1767171645.6472385,-10,-8,-150
1767171645.6572382,-6,-9,-156
1767171645.6672382,-5,-8,-154
1767171645.6772382,-1,-8,-152
1767171645.6872382,-1,-7,-150
1767171645.6972382,-1,-7,-145
1767171645.7072382,3,-7,-150
1767171645.7172382,5,-6,-147
1767171645.7272382,4,-5,-151
1767171645.7372382,5,-5,-148
1767171645.7472382,6,-5,-146
1767171645.757238,4,-9,-151
1767171645.767238,0,-8,-149
1767171645.777238,2,-6,-143
1767171645.787238,2,-6,-143
1767171645.797238,1,-4,-147
1767171645.807238,0,-4,-143
1767171645.817238,-1,-2,-141
1767171645.827238,-1,-2,-142
1767171645.837238,0,-3,-140
1767171645.847238,2,-1,-137
1767171645.857238,2,-1,-141
1767171645.867238,4,-3,-142
1767171645.877238,3,-6,-140
1767171645.8872385,0,-5,-139
1767171645.8972385,-1,-1,-143
1767171645.9072382,-3,-1,-150
1767171645.9172382,0,-4,-149
1767171645.9272382,1,-6,-148
1767171645.9372382,-2,-2,-148
1767171645.9472382,0,-1,-144
1767171645.9572382,0,-2,-147
1767171645.9672382,0,-5,-146
1767171645.9772382,-1,-4,-138
1767171645.9872382,0,-4,-140
1767171645.9972382,4,-2,-146
1767171646.007238,2,0,-152
1767171646.017238,1,0,-153
1767171646.027238,0,1,-143
1767171646.037238,0,5,-144
1767171646.047238,-2,0,-149
1767171646.057238,-3,0,-154
1767171646.067238,-3,0,-158
1767171646.077238,-7,-1,-153
1767171646.087238,-6,-1,-147
1767171646.097238,0,-2,-150
1767171646.107238,2,-1,-151
1767171646.117238,5,0,-153
1767171646.127238,3,-3,-143
1767171646.1372385,2,-4,-138
1767171646.1472385,0,-4,-142
1767171646.1572382,-5,-1,-143
1767171646.1672382,-5,-1,-143
1767171646.1772382,-6,0,-140
1767171646.1872382,-3,0,-139
1767171646.1972382,-8,-1,-138
1767171646.2072382,-10,0,-143
1767171646.2172382,-7,2,-138
1767171646.2272382,-5,3,-140
1767171646.2372382,-4,0,-142
1767171646.2472382,-1,-1,-144
1767171646.257238,-1,-8,-141
1767171646.267238,2,-8,-138
1767171646.277238,1,-3,-138
1767171646.287238,2,-3,-150
1767171646.297238,2,-4,-151
1767171646.307238,0,-3,-152
1767171646.317238,0,-7,-150
1767171646.327238,4,-4,-148
1767171646.337238,6,-5,-148
1767171646.347238,0,-3,-146
1767171646.357238,2,-1,-144
1767171646.367238,2,0,-142
1767171646.377238,0,0,-143
1767171646.3872385,-2,-3,-135
1767171646.3972385,-1,0,-132
1767171646.4072382,4,-1,-135
1767171646.4172382,2,-3,-138
1767171646.4272382,5,-2,-142
1767171646.4372382,0,0,-141
1767171646.4472382,3,5,-138
1767171646.4572382,2,1,-139
1767171646.4672382,1,-2,-137
1767171646.4772382,-3,0,-141
1767171646.4872382,-4,-1,-138
1767171646.4972382,0,-3,-139
1767171646.507238,0,3,-138
1767171646.517238,2,0,-141
1767171646.5392382,0,-2,-146
1767171646.547238,1,-4,-153
1767171646.557238,0,-3,-156
1767171646.567238,0,-6,-153
1767171646.577238,2,-4,-147
1767171646.587238,3,-4,-149
1767171646.597238,2,-4,-146
1767171646.607238,3,-6,-141
1767171646.617238,0,-8,-136
1767171646.627238,-4,-4,-143
1767171646.6372385,-5,-3,-144
1767171646.6472385,-5,-6,-142
1767171646.6572382,-1,-3,-142
1767171646.6672382,-2,1,-149
1767171646.6772382,-2,0,-149
1767171646.6872382,-2,1,-140
1767171646.6972382,-1,-2,-140
1767171646.7072382,4,-4,-146
1767171646.7172382,4,-3,-142
1767171646.7272382,4,-6,-142
1767171646.7372382,8,-4,-138
1767171646.7472382,8,-3,-141
1767171646.757238,5,-3,-138
1767171646.767238,1,-5,-135
1767171646.777238,0,-6,-139
1767171646.787238,-2,-3,-145
1767171646.797238,-3,1,-142
1767171646.807238,-1,1,-139
1767171646.817238,-1,1,-143
1767171646.827238,0,0,-143
1767171646.837238,0,-1,-153
1767171646.847238,-1,0,-155
1767171646.857238,-1,1,-153
1767171646.867238,1,-1,-147
1767171646.877238,4,0,-143
1767171646.8872385,9,4,-138
1767171646.8972385,4,1,-145
1767171646.9072382,2,1,-152
1767171646.9172382,5,-1,-152
1767171646.9272382,0,-3,-152
1767171646.9372382,-2,-7,-156
1767171646.9472382,-1,-8,-152
1767171646.9572382,1,-12,-147
1767171646.9672382,-3,-10,-152
1767171646.9772382,-8,-9,-149
1767171646.9872382,-7,-6,-147
1767171646.9972382,-6,-2,-145
1767171647.007238,-5,3,-148
1767171647.017238,-5,0,-156
1767171647.027238,-1,0,-161
1767171647.037238,1,-2,-157
1767171647.047238,0,-5,-154
1767171647.057238,0,-7,-150
1767171647.067238,-1,-7,-146
1767171647.077238,3,-7,-139
1767171647.087238,0,-5,-136
1767171647.097238,1,-1,-137
1767171647.107238,2,0,-142
1767171647.117238,6,-1,-137
1767171647.127238,4,-5,-137
1767171647.1372385,2,-10,-135
1767171647.1472385,1,-11,-134
1767171647.1572382,3,-8,-139
1767171647.1672382,2,-2,-137
1767171647.1772382,3,2,-137
1767171647.1872382,1,0,-138
1767171647.1972382,0,-2,-142
1767171647.2072382,-2,-2,-150
1767171647.2172382,-2,-3,-149
1767171647.2272382,0,-3,-146
1767171647.2372382,0,-3,-141
1767171647.2472382,5,-3,-137
1767171647.257238,3,-1,-139
1767171647.267238,4,-2,-142
1767171647.277238,2,0,-143
1767171647.287238,0,0,-143
1767171647.297238,-2,1,-139
1767171647.307238,1,0,-139
1767171647.317238,1,1,-134
1767171647.327238,4,0,-134
1767171647.337238,2,0,-135
1767171647.347238,0,-3,-140
1767171647.357238,3,-2,-136
1767171647.367238,1,1,-138
1767171647.377238,-2,0,-135
1767171647.3872385,-3,0,-139
1767171647.3972385,1,-3,-142
1767171647.4072382,1,-3,-134
1767171647.4172382,2,-3,-142
1767171647.4272382,6,1,-142
1767171647.4372382,5,0,-131
1767171647.4472382,4,0,-138
1767171647.4572382,2,-1,-142
1767171647.4672382,0,-1,-144
1767171647.4772382,2,-5,-141
1767171647.4872382,0,-7,-136
1767171647.4972382,2,-7,-133
1767171647.507238,0,-5,-136
1767171647.517238,-2,-2,-138
1767171647.527238,-1,-3,-136
1767171647.537238,-2,-6,-136
1767171647.547238,3,-6,-134
1767171647.557238,6,-6,-136
1767171647.567238,4,-5,-139
1767171647.577238,5,-1,-139
1767171647.587238,2,-2,-137
1767171647.597238,0,-2,-133
1767171647.607238,-1,-2,-133
1767171647.617238,1,0,-137
1767171647.627238,0,1,-135
1767171647.6382382,3,0,-131
1767171647.6472385,0,-2,-130
1767171647.6572382,0,0,-135
1767171647.6672382,-1,0,-140
1767171647.6772382,1,1,-142
1767171647.6872382,0,0,-136
1767171647.6972382,1,-4,-129
1767171647.7072382,0,-5,-135
1767171647.7172382,0,-3,-142
1767171647.728238,0,-5,-143
1767171647.7372382,-2,-5,-144
1767171647.748238,-5,-4,-141
1767171647.758238,-2,-6,-145
1767171647.768238,0,-2,-152
1767171647.778238,2,-4,-153
1767171647.788238,0,-4,-156
1767171647.798238,0,-7,-148
1767171647.8082385,0,-9,-150
1767171647.8182385,-4,-7,-145
1767171647.8282382,-6,-8,-151
1767171647.8382382,-7,-11,-152
1767171647.8482382,-5,-12,-154
1767171647.8582382,-2,-12,-157
1767171647.8682382,1,-7,-150
1767171647.8782382,-2,-8,-153
1767171647.8882382,-4,-6,-155
1767171647.8982382,-2,-2,-149
1767171647.9082382,-4,-1,-142
1767171647.9182382,-5,0,-144
1767171647.9282382,0,-2,-140
1767171647.938238,-1,0,-143
1767171647.948238,0,0,-144
1767171647.958238,-4,-1,-152
1767171647.968238,-4,0,-150
1767171647.978238,0,-1,-147
1767171647.988238,-2,0,-144
1767171647.998238,1,3,-145
1767171648.008238,3,1,-145
1767171648.018238,0,-1,-143
1767171648.028238,3,0,-139
1767171648.038238,5,1,-138
1767171648.048238,6,2,-137
1767171648.0582385,5,2,-140
1767171648.0682385,1,-1,-139
1767171648.0782382,4,-2,-141
1767171648.0882382,4,-1,-138
1767171648.0982382,2,-3,-147
1767171648.1082382,0,-1,-150
1767171648.1182382,-1,-1,-151
1767171648.1282382,-3,-3,-150
1767171648.1382382,-1,-1,-148
1767171648.1482382,2,-1,-150
1767171648.1582382,0,-4,-148
1767171648.1682382,1,-4,-150
1767171648.1782382,1,0,-151
1767171648.188238,1,2,-147
1767171648.198238,0,0,-144
1767171648.208238,-4,0,-138
1767171648.218238,2,1,-140
1767171648.228238,4,3,-155
1767171648.238238,5,4,-154
1767171648.248238,8,1,-146
1767171648.258238,4,0,-139
1767171648.268238,2,-1,-143
1767171648.278238,0,-2,-139
1767171648.288238,-3,0,-142
1767171648.298238,-2,-3,-142
1767171648.3082385,-5,-8,-144
1767171648.3182385,-2,-5,-139
1767171648.3282382,-1,-4,-141
1767171648.3382382,-4,-5,-141
1767171648.3482382,-1,-7,-143
1767171648.3582382,0,-8,-136
1767171648.3682382,4,-7,-136
1767171648.3782382,3,-9,-137
1767171648.3882382,1,-6,-137
1767171648.3982382,2,-3,-140
1767171648.4082382,4,-3,-144
1767171648.4182382,8,0,-150
1767171648.4282382,8,-1,-145
1767171648.438238,6,0,-143
1767171648.448238,5,-2,-141
1767171648.458238,2,-1,-130
1767171648.468238,0,-3,-132
1767171648.478238,-3,-6,-134
1767171648.488238,-6,-7,-140
1767171648.498238,-5,-6,-144
1767171648.508238,-7,-5,-142
1767171648.518238,-11,-9,-146
1767171648.528238,-11,-7,-153
1767171648.538238,-9,-4,-159
1767171648.548238,-9,-4,-159
1767171648.5582385,-6,0,-159
1767171648.5682385,-1,1,-159
1767171648.5782382,-5,5,-151
1767171648.5882382,1,5,-147
1767171648.5982382,1,2,-145
1767171648.6082382,2,0,-142
1767171648.6182382,0,0,-140
1767171648.6282382,0,-1,-136
1767171648.6382382,0,-2,-136
1767171648.6482382,0,-4,-141
1767171648.6582382,3,-6,-138
1767171648.6682382,4,-7,-140
1767171648.6782382,7,-6,-135
1767171648.688238,7,-2,-138
1767171648.698238,3,0,-135
1767171648.708238,-1,3,-137
1767171648.718238,-3,0,-142
1767171648.728238,-1,-2,-141
1767171648.738238,0,-3,-149
1767171648.748238,5,-2,-156
1767171648.758238,5,-5,-162
1767171648.768238,0,-6,-157
1767171648.778238,-3,-3,-148
1767171648.788238,0,-2,-144
1767171648.798238,1,0,-136
1767171648.8082385,0,5,-135
1767171648.8182385,0,3,-134
1767171648.8282382,0,3,-136
1767171648.8382382,-2,0,-137
1767171648.8482382,-4,-2,-138
1767171648.8582382,-4,-3,-138
1767171648.8682382,-3,-2,-141
1767171648.8782382,-3,-2,-146
1767171648.8882382,0,0,-143
1767171648.8982382,2,-1,-145
1767171648.9082382,5,-1,-140
1767171648.9182382,1,-6,-145
1767171648.9282382,2,-5,-148
1767171648.938238,2,-6,-149
1767171648.948238,-4,-7,-145
1767171648.958238,-7,-10,-141
1767171648.968238,-7,-9,-144
1767171648.978238,-4,-4,-143
1767171648.988238,0,-1,-138
1767171648.998238,0,0,-131
1767171649.008238,1,0,-130
1767171649.018238,-1,-2,-136
1767171649.028238,-3,-5,-138
1767171649.038238,-5,-6,-141
1767171649.048238,-3,-4,-135
1767171649.0582385,-4,-4,-137
1767171649.0682385,-4,-3,-142
1767171649.0782382,-4,-1,-143
1767171649.0882382,0,0,-145
1767171649.0982382,-3,0,-148
1767171649.1082382,-9,3,-153
1767171649.1182382,-6,-1,-157
1767171649.1282382,-7,-1,-161
1767171649.1382382,-3,0,-161
1767171649.1482382,-4,0,-156
1767171649.1582382,-5,-4,-150
1767171649.1682382,-4,-3,-148
1767171649.1782382,-6,-2,-149
1767171649.188238,-6,-5,-143
1767171649.198238,-2,-4,-134
1767171649.208238,-1,-5,-137
1767171649.218238,-4,-7,-139
1767171649.228238,-4,-4,-144
1767171649.238238,-3,-7,-144
1767171649.248238,-6,-7,-143
1767171649.258238,-6,-6,-143
1767171649.268238,-13,-5,-150
1767171649.278238,-15,-3,-149
1767171649.288238,-17,-4,-147
1767171649.298238,-15,-2,-146
1767171649.3082385,-13,-3,-141
1767171649.3182385,-11,-4,-143
1767171649.3282382,-6,-3,-144
1767171649.3382382,-3,-4,-144
1767171649.3482382,-2,-5,-144
1767171649.3582382,-2,-1,-147
1767171649.3682382,-4,-4,-146
1767171649.3782382,-2,0,-150
1767171649.3882382,1,4,-142
1767171649.3982382,5,5,-151
1767171649.4082382,6,5,-146
1767171649.4182382,3,3,-146
1767171649.4282382,3,0,-143
1767171649.438238,4,-1,-143
1767171649.448238,7,-1,-146
1767171649.458238,6,1,-146
1767171649.468238,1,1,-149
1767171649.478238,1,-1,-147
1767171649.488238,-5,0,-148
1767171649.498238,-2,0,-151
1767171649.508238,0,-3,-148
1767171649.518238,-3,-3,-145
1767171649.528238,-4,-2,-147
1767171649.538238,-5,-4,-144
1767171649.548238,-4,0,-148
1767171649.5582385,-2,0,-148
1767171649.5682385,1,0,-148
1767171649.5782382,4,-1,-148
1767171649.5882382,4,-2,-146
1767171649.5982382,4,-5,-149
1767171649.6082382,-2,-4,-153
1767171649.6182382,-2,-4,-148
1767171649.6282382,0,-1,-148
1767171649.6382382,1,-2,-150
1767171649.6482382,3,-3,-147
1767171649.6582382,-4,-4,-142
1767171649.6682382,-6,-5,-137
1767171649.6782382,-4,-6,-142
1767171649.688238,-1,-2,-140
1767171649.698238,-1,-3,-147
1767171649.708238,-5,-5,-150
1767171649.718238,-4,-5,-152
1767171649.728238,-2,-4,-153
1767171649.738238,-1,-4,-153
1767171649.748238,-3,-6,-150
1767171649.758238,-3,-6,-142
1767171649.768238,1,-9,-140
1767171649.778238,1,-9,-143
1767171649.788238,2,-8,-140
1767171649.798238,9,-7,-147
1767171649.8082385,8,-8,-148
1767171649.8182385,8,-6,-142
1767171649.8282382,5,-4,-137
1767171649.8382382,2,0,-137
1767171649.8482382,1,0,-144
1767171649.8582382,-4,0,-146
1767171649.8682382,-6,0,-148
1767171649.8782382,-4,0,-152
1767171649.8882382,0,-5,-153
1767171649.8982382,0,-9,-150
1767171649.9082382,-4,-8,-154
1767171649.9182382,-6,-7,-158
1767171649.9282382,-9,-4,-151
1767171649.938238,-5,-6,-139
1767171649.948238,-6,-3,-145
1767171649.958238,-4,-4,-147
1767171649.968238,-5,-5,-144
1767171649.978238,-5,-7,-142
1767171649.988238,-5,-7,-141
1767171649.998238,-1,-9,-141
1767171650.008238,0,-8,-137
1767171650.018238,-1,-6,-141
1767171650.028238,-3,-5,-149
1767171650.038238,-3,-5,-147
1767171650.048238,-1,-9,-140
1767171650.0582385,-2,-11,-142
1767171650.0682385,-3,-9,-143
1767171650.0782382,-4,-7,-143
1767171650.0882382,0,-6,-142
1767171650.0982382,0,-3,-138
1767171650.1082382,4,-4,-142
1767171650.1182382,3,-3,-143
1767171650.1282382,1,-6,-146
1767171650.1382382,5,-9,-153
1767171650.1482382,4,-6,-154
1767171650.1582382,2,-1,-154
1767171650.1682382,3,-2,-155
1767171650.1782382,0,-1,-154
1767171650.188238,-2,-1,-148
1767171650.198238,2,-3,-148
1767171650.208238,-3,-6,-148
1767171650.218238,-5,-8,-148
1767171650.2292385,-7,-5,-148
1767171650.238238,-7,-8,-148
1767171650.2492385,-4,-2,-149
1767171650.2592382,-3,0,-147
1767171650.2692382,-5,0,-151
1767171650.2792382,-5,-1,-153
1767171650.2892382,-5,0,-146
1767171650.2992382,-8,-1,-146
1767171650.3092382,-5,0,-144
1767171650.3192382,0,1,-149
1767171650.3292382,3,7,-158
1767171650.3392382,0,6,-146
1767171650.3492382,-1,5,-139
1767171650.359238,2,5,-141
1767171650.369238,4,1,-143
1767171650.379238,7,2,-137
1767171650.389238,4,6,-134
1767171650.399238,4,5,-135
1767171650.409238,0,0,-136
1767171650.419238,1,-1,-134
1767171650.429238,5,0,-133
1767171650.439238,5,3,-131
1767171650.449238,7,0,-135
1767171650.459238,6,1,-138
1767171650.469238,2,1,-140
1767171650.4792385,3,1,-144
1767171650.4892385,2,0,-148
1767171650.4992385,1,1,-151
1767171650.5092382,-1,1,-150
1767171650.5192382,-2,1,-149
1767171650.5292382,-1,-1,-144
1767171650.5392382,3,-2,-144
1767171650.5492382,2,-4,-148
1767171650.5592382,1,-3,-149
1767171650.5692382,4,0,-143
1767171650.5792382,0,0,-139
1767171650.5892382,0,-1,-143
1767171650.5992382,1,-3,-146
1767171650.609238,-2,-6,-145
1767171650.619238,-4,-7,-145
1767171650.629238,0,-5,-146
1767171650.639238,0,-5,-148
1767171650.649238,-1,-3,-148
1767171650.659238,-5,-4,-148
1767171650.669238,-6,-4,-147
1767171650.679238,-6,-2,-151
1767171650.689238,-6,0,-145
1767171650.699238,-1,3,-140
1767171650.709238,-4,4,-142
1767171650.719238,-1,3,-139
1767171650.7292385,0,4,-147
1767171650.7392385,0,1,-157
1767171650.7492385,4,1,-156
1767171650.7592382,4,0,-154
1767171650.7692382,6,0,-147
1767171650.7792382,7,1,-143
1767171650.7892382,3,0,-140
1767171650.7992382,-3,1,-136
1767171650.8092382,-5,0,-140
1767171650.8192382,-3,-5,-138
1767171650.8292382,0,-1,-134
1767171650.8392382,0,0,-138
1767171650.8492382,0,0,-137
1767171650.859238,0,3,-133
1767171650.869238,3,0,-133
1767171650.879238,4,-1,-138
1767171650.889238,1,-1,-140
1767171650.899238,0,-1,-147
1767171650.909238,-2,0,-148
1767171650.919238,-3,-1,-139
1767171650.929238,-2,1,-140
1767171650.939238,0,1,-136
1767171650.949238,2,-2,-137
1767171650.959238,2,-4,-142
1767171650.969238,0,-4,-145
1767171650.9792385,1,-2,-145
1767171650.9892385,1,-3,-144
1767171650.9992385,2,0,-144
1767171651.0092382,0,0,-147
1767171651.0192382,0,5,-142
1767171651.0292382,-1,8,-137
1767171651.0392382,-1,5,-139
1767171651.0492382,-1,4,-141
1767171651.0592382,1,1,-141
1767171651.0692382,-1,3,-138
1767171651.0792382,-1,5,-138
1767171651.0892382,0,4,-142
1767171651.0992382,-3,0,-137
1767171651.109238,-2,1,-141
1767171651.119238,4,-2,-154
1767171651.129238,5,1,-157
1767171651.139238,6,4,-151
1767171651.149238,2,2,-150
1767171651.159238,-1,0,-153
1767171651.169238,-4,-3,-151
1767171651.179238,-8,-2,-154
1767171651.189238,0,-3,-159
1767171651.199238,-2,-3,-157
1767171651.209238,-3,-4,-157
1767171651.219238,-1,-1,-150
1767171651.2292385,0,2,-149
1767171651.2392385,0,2,-150
1767171651.2492385,2,-1,-148
1767171651.2592382,0,-2,-140
1767171651.2692382,-1,1,-138
1767171651.2792382,1,0,-143
1767171651.2892382,-1,1,-147
1767171651.2992382,0,0,-143
1767171651.3092382,1,0,-144
1767171651.3192382,2,-2,-142
1767171651.3292382,5,-4,-141
1767171651.3392382,1,-5,-142
1767171651.3492382,0,-1,-141
1767171651.359238,-2,-5,-136
1767171651.369238,-2,-2,-134
1767171651.379238,-1,1,-135
1767171651.389238,-4,0,-136
1767171651.399238,-3,0,-136
1767171651.409238,-4,-2,-137
1767171651.419238,2,-3,-142
1767171651.429238,1,-3,-142
1767171651.439238,-2,-2,-150
1767171651.449238,0,-1,-144
1767171651.459238,3,0,-147
1767171651.469238,3,1,-152
1767171651.4792385,2,0,-156
1767171651.4892385,3,0,-154
1767171651.4992385,7,-3,-150
1767171651.5092382,6,-6,-146
1767171651.5192382,3,-5,-148
1767171651.5292382,0,-4,-146
1767171651.551238,-2,0,-147
1767171651.5592382,-4,3,-154
1767171651.5692382,-4,1,-153
1767171651.5792382,-3,-5,-154
1767171651.5892382,-2,-5,-154
1767171651.5992382,-1,-5,-150
1767171651.609238,0,-5,-145
1767171651.619238,0,-4,-148
1767171651.629238,0,-8,-145
1767171651.639238,1,-4,-139
1767171651.649238,1,-3,-141
1767171651.659238,2,-4,-147
1767171651.669238,-1,-8,-149
1767171651.679238,0,-6,-142
1767171651.689238,-3,-3,-148
1767171651.699238,-2,-2,-148
1767171651.709238,2,-2,-147
1767171651.719238,0,0,-140
1767171651.7292385,0,-1,-142
1767171651.7392385,-2,4,-151
1767171651.7492385,1,2,-154
1767171651.7592382,0,0,-154
1767171651.7692382,0,1,-147
1767171651.7792382,0,0,-144
1767171651.7892382,3,0,-146
1767171651.7992382,0,0,-152
1767171651.8092382,1,-3,-152
1767171651.8192382,0,-3,-154
1767171651.8292382,-2,-2,-148
1767171651.8392382,-1,-7,-151
1767171651.8492382,-7,-10,-152
1767171651.859238,-1,-10,-150
1767171651.869238,-2,-6,-156
1767171651.879238,-2,0,-152
1767171651.889238,0,2,-147
1767171651.899238,2,3,-149
1767171651.909238,0,2,-146
1767171651.919238,-3,0,-142
1767171651.929238,-5,0,-148
1767171651.939238,-8,0,-147
1767171651.949238,-5,3,-152
1767171651.959238,-3,2,-150
1767171651.969238,-4,-4,-153
1767171651.9792385,-1,-5,-149
1767171651.9892385,0,-5,-144
1767171651.9992385,-4,-3,-142
1767171652.0092382,-2,0,-137
1767171652.0192382,-3,7,-144
1767171652.0292382,-4,5,-144
1767171652.0392382,-4,3,-141
1767171652.0492382,-5,3,-139
1767171652.0592382,-5,6,-142
1767171652.0692382,-3,8,-143
1767171652.0792382,-1,7,-143
1767171652.0892382,-7,5,-141
1767171652.0992382,-4,1,-145
1767171652.109238,2,0,-148
1767171652.119238,-1,-1,-146
1767171652.129238,-1,-2,-146
1767171652.139238,0,-2,-138
1767171652.149238,-4,-2,-142
1767171652.159238,-9,-1,-151
1767171652.169238,-7,0,-152
1767171652.179238,-4,-3,-151
1767171652.189238,-6,-4,-152
1767171652.199238,-5,-1,-151
1767171652.209238,-8,0,-155
1767171652.219238,-5,0,-155
1767171652.2292385,-3,-1,-156
1767171652.2392385,0,-2,-157
1767171652.2492385,1,-6,-155
1767171652.2592382,0,-4,-153
1767171652.2692382,-2,-2,-152
1767171652.2792382,0,1,-143
1767171652.2892382,6,1,-144
1767171652.2992382,3,4,-143
1767171652.3092382,2,1,-142
1767171652.3192382,2,0,-143
1767171652.3292382,3,0,-141
1767171652.3392382,5,-2,-143
1767171652.3492382,0,-4,-149
1767171652.359238,0,-4,-149
1767171652.369238,4,-4,-150
1767171652.379238,4,-4,-147
1767171652.389238,0,-5,-149
1767171652.399238,-2,-7,-152
1767171652.409238,-5,-3,-153
1767171652.419238,-7,0,-156
1767171652.429238,-2,3,-155
1767171652.439238,-3,0,-156
1767171652.449238,0,-2,-153
1767171652.459238,0,-2,-154
1767171652.469238,4,-8,-160
1767171652.4792385,3,-11,-158
1767171652.4892385,5,-9,-151
1767171652.4992385,3,-9,-152
1767171652.5092382,3,-4,-150
1767171652.5192382,1,-4,-146
1767171652.5292382,4,-2,-141
1767171652.5392382,7,-2,-140
1767171652.5492382,7,0,-147
1767171652.5592382,6,-3,-148
1767171652.5692382,8,-4,-153
1767171652.5792382,8,0,-155
1767171652.5892382,7,0,-153
1767171652.5992382,5,-1,-151
1767171652.609238,2,-2,-153
1767171652.619238,-1,-8,-153
1767171652.629238,-4,-5,-157
1767171652.639238,-2,-1,-154
1767171652.649238,-1,-2,-145
1767171652.659238,-1,-4,-141
1767171652.669238,-3,-2,-143
1767171652.679238,-4,-2,-146
1767171652.689238,0,-4,-145
1767171652.699238,5,0,-140
1767171652.709238,4,0,-140
1767171652.719238,1,-2,-141
1767171652.7292385,0,-5,-144
1767171652.7392385,0,-2,-141
1767171652.7502382,-2,-2,-140
1767171652.7592382,0,0,-143
1767171652.7692382,-3,3,-149
1767171652.7792382,-4,0,-144
1767171652.790238,0,1,-144
1767171652.800238,2,0,-141
1767171652.8092382,4,0,-141
1767171652.820238,2,0,-145
1767171652.830238,4,-1,-141
1767171652.840238,6,-5,-138
1767171652.850238,10,-5,-135
1767171652.860238,8,-1,-150
1767171652.870238,5,0,-150
1767171652.880238,1,-6,-148
1767171652.890238,0,-9,-150
1767171652.900238,0,-10,-152
1767171652.9102385,0,-7,-149
1767171652.9202385,-4,-4,-150
1767171652.9302382,0,-2,-151
1767171652.9402382,3,1,-148
1767171652.9502382,4,-2,-149
1767171652.9602382,0,-4,-146
1767171652.9702382,0,-2,-141
1767171652.9802382,1,2,-140
1767171652.9902382,0,0,-138
1767171653.0002382,-1,-1,-144
1767171653.0102382,3,-2,-148
1767171653.0202382,-1,-4,-148
1767171653.0302382,0,-6,-147
1767171653.040238,3,-4,-144
1767171653.050238,5,-5,-150
1767171653.060238,7,-3,-151
1767171653.070238,6,0,-151
1767171653.080238,3,1,-152
1767171653.090238,-1,4,-153
1767171653.100238,-1,6,-156
1767171653.110238,-3,6,-155
1767171653.120238,-7,5,-159
1767171653.130238,-9,0,-159
1767171653.140238,-9,-1,-147
1767171653.150238,-8,-2,-138
1767171653.1602385,-4,-2,-146
1767171653.1702385,-3,-1,-148
1767171653.1802382,-1,0,-145
1767171653.1902382,-1,0,-137
1767171653.2002382,-1,0,-141
1767171653.2102382,-3,0,-139
1767171653.2202382,-6,1,-139
1767171653.2302382,-4,-2,-137
1767171653.2402382,-3,-4,-140
1767171653.2502382,-1,-4,-139
1767171653.2602382,0,-3,-138
1767171653.2702382,-1,-2,-142
1767171653.2802382,-3,0,-139
1767171653.290238,-3,-1,-142
1767171653.300238,-1,-3,-142
1767171653.310238,-3,-2,-148
1767171653.320238,-5,0,-147
1767171653.330238,-4,0,-145
1767171653.340238,-6,-3,-142
1767171653.350238,-9,-5,-140
1767171653.360238,-5,-1,-142
1767171653.370238,0,-1,-139
1767171653.380238,4,-2,-141
1767171653.390238,4,0,-142
1767171653.400238,2,1,-144
1767171653.4102385,2,1,-145
1767171653.4202385,-3,0,-142
1767171653.4302382,-5,-1,-142
1767171653.4402382,-6,-2,-145
1767171653.4502382,-3,-3,-147
1767171653.4602382,-4,2,-156
1767171653.4702382,-2,-1,-151
1767171653.4802382,-2,0,-149
1767171653.4902382,2,-2,-148
1767171653.5002382,0,0,-156
1767171653.5102382,5,0,-158
1767171653.5202382,5,4,-153
1767171653.5302382,5,4,-154
1767171653.540238,11,-1,-150
1767171653.550238,8,1,-150
1767171653.560238,5,4,-153
1767171653.570238,0,2,-158
1767171653.580238,0,-1,-155
1767171653.590238,0,-3,-153
1767171653.600238,4,-4,-151
1767171653.610238,0,-7,-148
1767171653.620238,2,-4,-145
1767171653.630238,3,-1,-144
1767171653.640238,1,-2,-144
1767171653.650238,1,-1,-146
1767171653.6602385,2,3,-144
1767171653.6702385,2,0,-142
1767171653.6802382,0,3,-141
1767171653.6902382,3,2,-139
1767171653.7002382,9,-4,-141
1767171653.7102382,2,-1,-145
1767171653.7202382,-3,0,-150
1767171653.7302382,-2,1,-148
1767171653.7402382,-3,2,-144
1767171653.7502382,-4,0,-143
1767171653.7602382,-7,-1,-138
1767171653.7702382,-6,0,-142
1767171653.7802382,0,0,-138
1767171653.790238,-1,0,-138
1767171653.800238,0,-4,-142
1767171653.810238,0,-3,-143
1767171653.820238,-2,0,-145
1767171653.830238,-1,-4,-153
1767171653.840238,-4,-1,-152
1767171653.850238,-4,-1,-152
1767171653.860238,0,-1,-147
1767171653.870238,4,0,-145
1767171653.880238,3,-1,-149
1767171653.890238,7,-4,-145
1767171653.900238,3,-6,-146
1767171653.9102385,0,-4,-141
1767171653.9202385,-3,-2,-138
1767171653.9302382,-4,-1,-137
1767171653.9402382,-5,-1,-134
1767171653.9502382,-3,0,-138
1767171653.9602382,-2,0,-132
1767171653.9702382,-3,-1,-131
1767171653.9802382,-6,0,-133
1767171653.9902382,-5,3,-129
1767171654.0002382,-9,4,-139
1767171654.0102382,-7,3,-139
1767171654.0202382,-3,1,-139
1767171654.0302382,-2,0,-144
1767171654.040238,-2,0,-151
1767171654.050238,-1,0,-142
1767171654.060238,-1,0,-149
1767171654.070238,-2,3,-148
1767171654.080238,-4,3,-150
1767171654.090238,-5,0,-144
1767171654.100238,-1,0,-145
1767171654.110238,1,-1,-146
1767171654.120238,-4,2,-141
1767171654.130238,-6,1,-141
1767171654.140238,-5,1,-137
1767171654.150238,-2,4,-139
1767171654.1602385,-2,6,-141
1767171654.1702385,-5,7,-140
1767171654.1802382,-5,8,-146
1767171654.1902382,-2,7,-137
1767171654.2002382,0,2,-138
1767171654.2102382,0,0,-142
1767171654.2202382,0,0,-148
1767171654.2302382,10,-3,-147
1767171654.2402382,9,-4,-152
1767171654.2502382,10,-8,-151
1767171654.2602382,10,-8,-143
1767171654.2702382,3,-11,-142
1767171654.2802382,2,-12,-139
1767171654.290238,0,-10,-132
1767171654.300238,-2,-5,-134
1767171654.310238,0,-6,-135
1767171654.320238,-2,-1,-137
1767171654.330238,1,-2,-136
1767171654.340238,-4,-6,-142
1767171654.350238,-7,-4,-151
1767171654.360238,-5,-4,-151
1767171654.370238,-3,-1,-151
1767171654.380238,-2,-1,-150
1767171654.390238,-3,-7,-141
1767171654.400238,-1,-4,-141
1767171654.4102385,2,-2,-139
1767171654.4202385,-1,-1,-137
1767171654.4302382,0,0,-136
1767171654.4402382,0,0,-137
1767171654.4502382,-3,-2,-140
1767171654.4602382,-1,-1,-145
1767171654.4702382,3,-3,-145
1767171654.4802382,2,-1,-143
1767171654.4902382,0,2,-138
1767171654.5002382,0,2,-138
1767171654.5102382,-1,0,-146
1767171654.5202382,-2,0,-152
1767171654.5302382,-6,-2,-156
1767171654.540238,-5,0,-155
1767171654.550238,-7,-2,-151
1767171654.560238,-8,-3,-149
1767171654.570238,-4,-6,-144
1767171654.580238,-3,-6,-143
1767171654.590238,-5,-4,-138
1767171654.600238,-3,-4,-137
1767171654.610238,-2,-1,-146
1767171654.620238,0,0,-152
1767171654.630238,-3,1,-148
1767171654.640238,0,0,-148
1767171654.650238,-5,2,-146
1767171654.6602385,-1,1,-146
1767171654.6702385,3,6,-152
1767171654.6802382,8,8,-147
1767171654.6902382,7,9,-150
1767171654.7002382,6,6,-158
1767171654.7102382,4,4,-152
1767171654.7202382,4,3,-155
1767171654.7302382,2,2,-160
1767171654.7402382,-2,-1,-159
1767171654.7502382,-2,-1,-147
1767171654.7602382,-3,0,-146
1767171654.7702382,-5,1,-147
1767171654.7802382,-6,0,-143
1767171654.790238,0,-4,-143
1767171654.800238,-1,0,-142
1767171654.810238,0,0,-148
1767171654.820238,1,0,-154
1767171654.830238,2,-2,-150
1767171654.840238,-1,0,-145
1767171654.850238,-2,4,-142
1767171654.860238,0,3,-135
1767171654.870238,3,2,-138
1767171654.880238,2,-2,-149
1767171654.890238,2,-4,-151
1767171654.900238,4,-5,-150
1767171654.9102385,1,-4,-152
1767171654.9202385,2,-2,-151
1767171654.9302382,2,-4,-149
1767171654.9402382,3,-6,-150
1767171654.9502382,7,-1,-153
1767171654.9602382,3,0,-151
1767171654.9702382,3,-3,-154
1767171654.9802382,1,-2,-151
1767171654.9902382,3,0,-145
1767171655.0002382,2,0,-143
1767171655.0102382,2,-2,-145
1767171655.0202382,1,0,-148
1767171655.0302382,0,-1,-142
1767171655.040238,-1,-3,-134
1767171655.050238,-5,-2,-127
1767171655.060238,-1,0,-125
1767171655.070238,-4,-6,-125
1767171655.080238,-2,-5,-126
1767171655.090238,-1,-8,-128
1767171655.100238,0,-6,-129
1767171655.110238,0,-4,-130
1767171655.120238,0,-3,-129
1767171655.130238,0,-2,-130
1767171655.140238,4,-4,-134
1767171655.150238,4,-7,-132
1767171655.1602385,3,-9,-137
1767171655.1702385,-2,-7,-142
1767171655.1802382,0,-2,-141
1767171655.1902382,-3,-2,-145
1767171655.2002382,-2,-4,-145
1767171655.2102382,0,-4,-139
1767171655.2202382,-1,2,-144
1767171655.2302382,-2,3,-135
1767171655.2402382,-5,-1,-129
1767171655.2502382,-2,-4,-133
1767171655.2602382,-3,-4,-141
1767171655.2702382,0,-3,-139
1767171655.2802382,3,0,-142
1767171655.291238,1,0,-141
1767171655.301238,-3,4,-144
1767171655.311238,-4,5,-151
1767171655.321238,1,5,-149
1767171655.3312385,1,-1,-148
1767171655.340238,1,-6,-148
1767171655.3512385,3,-1,-151
1767171655.3612382,3,-1,-148
1767171655.3712382,4,3,-152
1767171655.3812382,3,4,-145
1767171655.3912382,2,0,-143
1767171655.4012382,0,-2,-147
1767171655.4112382,2,-3,-145
1767171655.4212382,0,0,-150
1767171655.4312382,1,-1,-149
1767171655.4412382,2,-1,-141
1767171655.4512382,1,0,-140
1767171655.461238,-1,-3,-140
1767171655.471238,1,-4,-134
1767171655.481238,5,-3,-129
1767171655.491238,4,1,-133
1767171655.501238,2,2,-134
1767171655.511238,4,6,-137
1767171655.521238,1,6,-135
1767171655.531238,0,6,-132
1767171655.541238,4,2,-138
1767171655.551238,5,0,-136
1767171655.561238,4,-1,-137
1767171655.571238,2,-3,-138
1767171655.5812385,0,-1,-146
1767171655.5912385,-1,4,-151
1767171655.6012385,-1,6,-151
1767171655.6112382,1,10,-149
1767171655.6212382,1,4,-145
1767171655.6312382,-2,2,-138
1767171655.6412382,0,0,-142
1767171655.6512382,3,0,-144
1767171655.6612382,-1,1,-148
1767171655.6712382,0,2,-148
1767171655.6812382,0,2,-141
1767171655.6912382,-1,2,-134
1767171655.7012382,-6,1,-132
1767171655.711238,-4,1,-142
1767171655.721238,-1,0,-147
1767171655.731238,-5,-2,-144
1767171655.741238,-3,-2,-140
1767171655.751238,-6,-1,-147
1767171655.761238,-8,-2,-148
1767171655.771238,-3,1,-150
1767171655.781238,-2,1,-146
1767171655.791238,-4,-1,-141
1767171655.801238,-3,0,-143
1767171655.811238,-7,0,-143
1767171655.821238,-3,2,-147
1767171655.8312385,-4,0,-147
1767171655.8412385,-1,0,-143
1767171655.8512385,0,4,-141
1767171655.8612382,-2,6,-144
1767171655.8712382,-3,4,-145
1767171655.8812382,-6,3,-144
1767171655.8912382,0,-1,-142
1767171655.9012382,1,-5,-147
1767171655.9112382,5,-5,-152
1767171655.9212382,4,-2,-147
1767171655.9312382,4,2,-153
1767171655.9412382,6,-3,-152
1767171655.9512382,4,-3,-148
1767171655.961238,5,-1,-155
1767171655.971238,2,2,-152
1767171655.981238,0,-1,-158
1767171655.991238,0,-5,-154
1767171656.001238,0,-2,-152
1767171656.011238,2,0,-160
1767171656.021238,1,2,-160
1767171656.031238,2,5,-152
1767171656.041238,2,10,-151
1767171656.051238,0,7,-150
1767171656.061238,2,7,-153
1767171656.071238,5,7,-157
1767171656.0812385,1,5,-160
1767171656.0912385,3,2,-157
1767171656.1012385,1,-1,-153
1767171656.1112382,0,-5,-148
1767171656.1212382,2,-3,-149
1767171656.1312382,0,3,-148
1767171656.1412382,1,2,-149
1767171656.1512382,1,-2,-149
1767171656.1612382,-2,-1,-147
1767171656.1712382,-5,0,-146
1767171656.1812382,-3,4,-145
1767171656.1912382,0,0,-146
1767171656.2012382,-4,1,-146
1767171656.211238,-2,2,-146
1767171656.221238,-2,4,-138
1767171656.231238,-2,7,-134
1767171656.241238,-1,8,-134
1767171656.251238,1,4,-132
1767171656.261238,0,1,-136
1767171656.271238,-2,0,-137
1767171656.281238,1,-1,-142
1767171656.291238,6,-2,-142
1767171656.301238,10,-4,-149
1767171656.311238,10,-3,-151
1767171656.321238,7,-5,-158
1767171656.3312385,2,0,-157
1767171656.3412385,3,0,-148
1767171656.3512385,2,1,-145
1767171656.3612382,4,-2,-153
1767171656.3712382,5,-2,-153
1767171656.3812382,6,0,-150
1767171656.3912382,-1,0,-145
1767171656.4012382,-1,-1,-144
1767171656.4112382,-5,2,-137
1767171656.4212382,-7,0,-139
1767171656.4312382,-7,-4,-138
1767171656.4412382,-5,-4,-136
1767171656.4512382,-3,-3,-143
1767171656.461238,-1,-2,-152
1767171656.471238,-1,0,-155
1767171656.481238,-4,0,-154
1767171656.491238,-2,0,-149
1767171656.501238,-1,1,-151
1767171656.511238,0,0,-150
1767171656.521238,0,0,-149
1767171656.531238,-3,-2,-147
1767171656.541238,-2,-4,-144
1767171656.563238,-6,-3,-143
1767171656.571238,-6,-1,-141
1767171656.5812385,-3,0,-139
1767171656.5912385,-5,-4,-142
1767171656.6012385,-3,-1,-141
1767171656.6112382,-1,-2,-138
1767171656.6212382,0,-5,-135
1767171656.6312382,0,-3,-145
1767171656.6412382,0,0,-141
1767171656.6512382,0,0,-140
1767171656.6612382,-2,1,-137
1767171656.6712382,-2,2,-135
1767171656.6812382,3,2,-139
1767171656.6912382,5,0,-143
1767171656.7012382,-1,-4,-147
1767171656.711238,-7,-6,-156
1767171656.721238,-10,-3,-155
1767171656.731238,-7,-3,-153
1767171656.741238,0,0,-152
1767171656.751238,-3,-2,-149
1767171656.761238,-1,-2,-152
1767171656.771238,1,-6,-146
1767171656.781238,6,-4,-145
1767171656.791238,7,0,-147
1767171656.801238,6,0,-149
1767171656.811238,3,3,-156
1767171656.821238,0,6,-156
1767171656.8312385,0,6,-151
1767171656.8412385,0,10,-154
1767171656.8512385,-4,6,-154
1767171656.8612382,-9,3,-152
1767171656.8712382,-13,6,-152
1767171656.8812382,-9,3,-153
1767171656.8912382,-4,1,-153
1767171656.9012382,-7,0,-146
1767171656.9112382,-4,4,-151
1767171656.9212382,2,4,-142
1767171656.9312382,-1,3,-144
1767171656.9412382,0,5,-141
1767171656.9512382,-3,4,-142
1767171656.961238,-5,2,-138
1767171656.971238,-8,1,-137
1767171656.981238,-9,3,-136
1767171656.991238,-8,1,-133
1767171657.001238,-10,2,-135
1767171657.011238,-5,2,-131
1767171657.021238,-2,0,-137
1767171657.031238,-1,0,-144
1767171657.041238,0,5,-140
1767171657.051238,0,5,-139
1767171657.061238,3,5,-140
1767171657.071238,-4,4,-140
1767171657.0812385,-4,2,-141
1767171657.0912385,-6,3,-139
1767171657.1012385,0,1,-149
1767171657.1112382,-1,0,-148
1767171657.1212382,-4,1,-147
1767171657.1312382,-3,1,-145
1767171657.1412382,0,3,-145
1767171657.1512382,0,-2,-144
1767171657.1612382,4,-2,-143
1767171657.1712382,5,-3,-140
1767171657.1812382,8,1,-139
1767171657.1912382,8,4,-138
1767171657.2012382,3,3,-140
1767171657.211238,-1,0,-146
1767171657.221238,-4,4,-139
1767171657.231238,-6,0,-143
1767171657.241238,-4,0,-146
1767171657.251238,-1,0,-151
1767171657.261238,-1,0,-144
1767171657.271238,3,0,-149
1767171657.281238,1,-2,-153
1767171657.291238,2,-3,-151
1767171657.301238,5,-4,-145
1767171657.311238,7,-2,-146
1767171657.321238,3,-2,-145
1767171657.3312385,3,-1,-147
1767171657.3412385,0,-2,-147
1767171657.3512385,0,-3,-142
1767171657.3612382,6,3,-146
1767171657.3712382,7,0,-149
1767171657.3812382,3,0,-152
1767171657.3912382,-1,0,-158
1767171657.4012382,-4,0,-157
1767171657.4112382,2,0,-144
1767171657.4212382,1,0,-145
1767171657.4312382,2,1,-147
1767171657.4412382,3,0,-156
1767171657.4512382,8,1,-158
1767171657.461238,8,0,-159
1767171657.471238,4,-1,-149
1767171657.481238,1,0,-145
1767171657.491238,-2,-1,-147
1767171657.501238,-3,-3,-142
1767171657.511238,-3,-6,-147
1767171657.521238,-4,-7,-153
1767171657.531238,-2,-6,-150
1767171657.541238,0,-7,-150
1767171657.551238,1,-4,-155
1767171657.561238,4,-5,-147
1767171657.571238,3,-9,-147
1767171657.5812385,1,-8,-147
1767171657.5912385,1,-7,-140
1767171657.6012385,3,-2,-144
1767171657.6112382,3,0,-145
1767171657.6212382,4,1,-145
1767171657.6312382,4,-1,-150
1767171657.6412382,2,-1,-158
1767171657.6512382,2,-1,-156
1767171657.6612382,3,-2,-160
1767171657.6712382,7,1,-152
1767171657.6812382,6,-1,-150
1767171657.6912382,2,-3,-148
1767171657.7012382,-2,-2,-153
1767171657.711238,-3,-4,-153
1767171657.721238,-1,0,-155
1767171657.731238,2,3,-155
1767171657.741238,3,1,-156
1767171657.751238,8,3,-160
1767171657.761238,10,1,-159
1767171657.771238,9,1,-158
1767171657.7822382,2,0,-149
1767171657.791238,5,1,-147
1767171657.801238,4,1,-146
1767171657.811238,2,0,-147
1767171657.8222382,1,-1,-143
1767171657.8322382,4,0,-141
1767171657.8422382,5,1,-139
1767171657.8522382,1,0,-135
1767171657.8622382,6,0,-136
1767171657.8722382,7,0,-138
1767171657.882238,8,-7,-142
1767171657.892238,6,-8,-144
1767171657.902238,2,-4,-135
1767171657.912238,0,-3,-140
1767171657.922238,2,-2,-141
1767171657.932238,5,-1,-140
1767171657.942238,7,0,-141
1767171657.952238,5,-2,-145
1767171657.962238,2,-5,-152
1767171657.972238,3,-6,-148
1767171657.982238,5,-7,-146
1767171657.992238,5,-1,-141
1767171658.002238,4,0,-136
1767171658.0122385,2,1,-141
1767171658.0222385,-2,3,-139
1767171658.0322382,1,3,-135
1767171658.0422382,6,-1,-139
1767171658.0522382,4,-5,-136
1767171658.0622382,6,-3,-139
1767171658.0722382,4,0,-133
1767171658.0822382,0,-4,-134
1767171658.0922382,-1,-8,-136
1767171658.1022382,-4,-8,-137
1767171658.1122382,-3,-7,-140
1767171658.1222382,-2,-5,-143
1767171658.132238,-3,-3,-149
1767171658.142238,-4,-2,-141
1767171658.152238,-3,-2,-136
1767171658.162238,-7,-4,-143
1767171658.172238,-5,-1,-142
1767171658.182238,0,0,-140
1767171658.192238,1,0,-140
1767171658.202238,3,0,-140
1767171658.212238,0,0,-134
1767171658.222238,-2,-2,-137
1767171658.232238,-2,-6,-139
1767171658.242238,2,-3,-140
1767171658.252238,0,-3,-147
1767171658.2622385,-1,-3,-150
1767171658.2722385,1,-5,-149
1767171658.2822382,2,-8,-150
1767171658.2922382,2,-6,-151
1767171658.3022382,4,-7,-154
1767171658.3122382,3,-4,-162
1767171658.3222382,4,1,-164
1767171658.3322382,5,2,-160
1767171658.3422382,4,0,-154
1767171658.3522382,5,-2,-155
1767171658.3622382,3,-2,-160
1767171658.3722382,0,-4,-157
1767171658.382238,-4,-4,-151
1767171658.392238,-5,0,-148
1767171658.402238,-6,-1,-147
1767171658.412238,-10,-4,-149
1767171658.422238,-7,-1,-149
1767171658.432238,-10,-1,-145
1767171658.442238,-2,0,-149
1767171658.452238,0,2,-149
1767171658.462238,-2,-2,-147
1767171658.472238,-4,-3,-151
1767171658.482238,0,-3,-147
1767171658.492238,1,-3,-147
1767171658.502238,2,-4,-148
1767171658.5122385,-1,-5,-149
1767171658.5222385,-1,-5,-156
1767171658.5322382,1,-4,-153
1767171658.5422382,2,-6,-154
1767171658.5522382,1,-6,-146
1767171658.5622382,-3,-6,-150
1767171658.5722382,0,-6,-149
1767171658.5822382,2,-1,-145
1767171658.5922382,5,0,-148
1767171658.6022382,3,-1,-143
1767171658.6122382,0,0,-144
1767171658.6222382,-3,-1,-145
1767171658.632238,-5,0,-144
1767171658.642238,-2,0,-144
1767171658.652238,-2,1,-153
1767171658.662238,-3,1,-151
1767171658.672238,-1,0,-153
1767171658.682238,-2,0,-152
1767171658.692238,-4,0,-150
1767171658.702238,-6,0,-143
1767171658.712238,-3,-2,-141
1767171658.722238,-2,1,-137
1767171658.732238,0,-2,-134
1767171658.742238,-1,1,-133
1767171658.752238,0,0,-135
1767171658.7622385,0,-1,-144
1767171658.7722385,2,-3,-143
1767171658.7822382,-1,-1,-145
1767171658.7922382,3,-2,-145
1767171658.8022382,0,-3,-141
1767171658.8122382,-1,0,-142
1767171658.8222382,-2,-2,-150
1767171658.8322382,0,-6,-146
1767171658.8422382,-5,-3,-149
1767171658.8522382,-6,-1,-160
1767171658.8622382,-3,-5,-156
1767171658.8722382,0,-4,-157
1767171658.882238,2,-3,-159
1767171658.892238,7,-4,-161
1767171658.902238,4,-5,-161
1767171658.912238,2,-6,-160
1767171658.922238,3,-7,-158
1767171658.932238,-1,-5,-158
1767171658.942238,-1,-4,-153
1767171658.952238,0,-1,-152
1767171658.962238,4,1,-151
1767171658.972238,3,4,-150
1767171658.982238,0,7,-148
1767171658.992238,-1,10,-148
1767171659.002238,4,6,-147
1767171659.0122385,0,4,-156
1767171659.0222385,-2,2,-158
1767171659.0322382,-3,0,-154
1767171659.0422382,0,-4,-153
1767171659.0522382,1,-3,-147
1767171659.0622382,-1,-3,-147
1767171659.0722382,3,-2,-138
1767171659.0822382,5,1,-141
1767171659.0922382,6,3,-142
1767171659.1022382,6,5,-142
1767171659.1122382,4,4,-152
1767171659.1222382,0,5,-152
1767171659.132238,0,0,-145
1767171659.142238,1,-7,-140
1767171659.152238,0,-4,-143
1767171659.162238,1,-2,-140
1767171659.172238,-1,0,-140
1767171659.182238,-2,1,-144
1767171659.192238,-4,0,-142
1767171659.202238,-5,0,-142
1767171659.212238,-4,2,-144
1767171659.222238,-3,4,-144
1767171659.232238,-4,5,-138
1767171659.242238,-5,5,-139
1767171659.252238,-5,3,-143
1767171659.2622385,-3,2,-143
1767171659.2722385,-3,0,-144
1767171659.2822382,-2,-2,-141
1767171659.2922382,-4,-4,-141
1767171659.3022382,-3,-1,-139
1767171659.3122382,-4,0,-138
1767171659.3222382,-3,-5,-138
1767171659.3322382,-5,-4,-140
1767171659.3422382,-4,-4,-139
1767171659.3522382,-7,-1,-144
1767171659.3622382,-4,0,-148
1767171659.3722382,-8,1,-147
1767171659.382238,-5,0,-148
1767171659.392238,-6,4,-141
1767171659.402238,-4,1,-140
1767171659.412238,-1,-6,-138
1767171659.422238,-2,-7,-134
1767171659.432238,-1,-6,-139
1767171659.442238,0,-4,-139
1767171659.452238,3,-1,-134
1767171659.462238,4,-1,-139
1767171659.472238,5,0,-144
1767171659.482238,1,3,-146
1767171659.492238,2,2,-146
1767171659.502238,3,0,-140
1767171659.5122385,6,-5,-147
1767171659.5222385,0,-6,-156
1767171659.5322382,-4,-7,-144
1767171659.5422382,-6,-2,-144
1767171659.5522382,-8,-1,-136
1767171659.5622382,-7,-3,-144
1767171659.5722382,-2,-3,-147
1767171659.5822382,-2,-7,-146
1767171659.5922382,-1,-8,-147
1767171659.6022382,1,-4,-155
1767171659.6122382,-2,-5,-146
1767171659.6222382,-3,-4,-142
1767171659.632238,0,-7,-139
1767171659.642238,-1,-6,-139
1767171659.652238,3,-6,-138
1767171659.662238,4,-7,-143
1767171659.672238,2,-6,-141
1767171659.682238,4,-3,-141
1767171659.692238,1,3,-136
1767171659.702238,0,3,-130
1767171659.712238,5,6,-135
1767171659.722238,3,5,-139
1767171659.732238,5,2,-138
1767171659.742238,5,2,-138
1767171659.752238,8,2,-141
1767171659.7622385,6,-1,-147
1767171659.7722385,7,-4,-144
1767171659.7822382,7,-4,-142
1767171659.7922382,9,-3,-147
1767171659.8022382,5,0,-145
1767171659.8122382,1,0,-147
1767171659.8222382,0,0,-147
1767171659.8322382,2,0,-144
1767171659.8422382,4,2,-142
1767171659.8522382,2,2,-151
1767171659.8622382,0,-1,-147
1767171659.8722382,2,-4,-146
1767171659.882238,4,-7,-138
1767171659.892238,-1,-9,-147
1767171659.902238,1,-11,-152
1767171659.912238,2,-10,-154
1767171659.922238,2,-9,-150
1767171659.932238,6,-7,-152
1767171659.942238,6,-6,-151
1767171659.952238,1,-5,-148
1767171659.962238,0,0,-142
1767171659.972238,0,0,-147
1767171659.982238,-1,2,-145
1767171659.992238,4,0,-149
1767171660.002238,0,-1,-146
1767171660.0122385,-4,0,-151
1767171660.0222385,0,-2,-154
1767171660.0322382,0,-4,-146
1767171660.0422382,-4,-5,-147
1767171660.0522382,-5,-1,-142
1767171660.0622382,-6,1,-139
1767171660.0722382,-2,-3,-139
1767171660.0822382,0,-1,-144
1767171660.0922382,0,0,-146
1767171660.1022382,3,-1,-148
1767171660.1122382,3,-1,-145
1767171660.1222382,-1,0,-146
1767171660.132238,0,2,-149
1767171660.142238,1,2,-152
1767171660.152238,5,2,-151
1767171660.162238,6,4,-152
1767171660.172238,7,5,-150
1767171660.182238,7,6,-154
1767171660.192238,1,5,-152
1767171660.202238,2,2,-148
1767171660.212238,2,0,-145
1767171660.222238,0,-3,-149
1767171660.232238,2,-2,-145
1767171660.242238,7,-2,-144
1767171660.252238,0,-4,-142
1767171660.2622385,-2,-2,-144
1767171660.2722385,-4,0,-145
1767171660.2822382,-2,5,-143
1767171660.2922382,0,4,-145
1767171660.3022382,-1,5,-143
1767171660.3122382,2,7,-143
1767171660.3222382,0,3,-145
1767171660.333238,0,-2,-146
1767171660.3422382,3,-5,-143
1767171660.3522382,3,-2,-144
1767171660.363238,0,-2,-143
1767171660.373238,-5,0,-141
1767171660.382238,-5,-2,-139
1767171660.393238,-5,-1,-135
1767171660.403238,0,0,-137
1767171660.413238,2,0,-139
1767171660.423238,3,-1,-136
1767171660.4332385,8,0,-137
1767171660.4432385,1,0,-138
1767171660.4532382,4,-2,-142
1767171660.4632382,6,-7,-142
1767171660.4732382,9,-4,-142
1767171660.4832382,0,-3,-145
1767171660.4932382,2,0,-141
1767171660.5032382,-1,0,-142
1767171660.5132382,-2,0,-147
1767171660.5232382,-9,0,-142
1767171660.5332382,-7,-1,-137
1767171660.5432382,-5,0,-135
1767171660.5532382,-3,3,-137
1767171660.563238,-6,3,-141
1767171660.573238,-8,2,-135
1767171660.583238,-6,8,-140
1767171660.593238,-4,7,-145
1767171660.603238,-5,3,-144
1767171660.613238,-1,1,-149
1767171660.623238,0,0,-147
1767171660.633238,-3,-2,-146
1767171660.643238,-2,-3,-144
1767171660.653238,-3,0,-142
1767171660.663238,-1,-1,-138
1767171660.673238,-2,0,-149
1767171660.6832385,-6,2,-150
1767171660.6932385,-5,5,-148
1767171660.7032382,0,0,-144
1767171660.7132382,4,-2,-138
1767171660.7232382,5,-4,-136
1767171660.7332382,5,-2,-132
1767171660.7432382,4,-1,-137
1767171660.7532382,5,0,-148
1767171660.7632382,3,0,-153
1767171660.7732382,5,-3,-147
1767171660.7832382,5,-6,-146
1767171660.7932382,1,-5,-144
1767171660.8032382,1,-3,-141
1767171660.813238,0,-5,-142
1767171660.823238,5,-8,-149
1767171660.833238,5,-5,-155
1767171660.843238,0,-3,-152
1767171660.853238,1,-3,-150
1767171660.863238,3,-3,-141
1767171660.873238,1,-8,-143
1767171660.883238,0,-6,-142
1767171660.893238,-1,-4,-138
1767171660.903238,0,-1,-145
1767171660.913238,3,0,-147
1767171660.923238,-1,0,-146
1767171660.9332385,1,-3,-140
1767171660.9432385,2,-1,-141
1767171660.9532382,0,-3,-144
1767171660.9632382,0,-2,-146
1767171660.9732382,0,-1,-143
1767171660.9832382,0,0,-145
1767171660.9932382,2,0,-139
1767171661.0032382,2,0,-142
1767171661.0132382,2,-1,-144
1767171661.0232382,4,-3,-153
1767171661.0332382,7,-4,-156
1767171661.0432382,9,-12,-151
1767171661.0532382,10,-8,-146
1767171661.063238,6,-10,-149
1767171661.073238,0,-8,-143
1767171661.083238,-3,-12,-142
1767171661.093238,0,-5,-145
1767171661.103238,0,-5,-140
1767171661.113238,0,-1,-150
1767171661.123238,1,-2,-150
1767171661.133238,2,-4,-148
1767171661.143238,3,-7,-150
1767171661.153238,1,-7,-152
1767171661.163238,0,-7,-151
1767171661.173238,1,-7,-152
1767171661.1832385,0,-4,-151
1767171661.1932385,-3,-7,-148
1767171661.2032382,-5,-6,-151
1767171661.2132382,-1,-2,-148
1767171661.2232382,4,1,-146
1767171661.2332382,1,0,-142
1767171661.2432382,2,-1,-139
1767171661.2532382,0,-1,-136
1767171661.2632382,-3,1,-137
1767171661.2732382,-2,0,-131
1767171661.2832382,-2,-5,-137
1767171661.2932382,-4,-6,-145
1767171661.3032382,-2,-8,-147
1767171661.313238,-5,-10,-151
1767171661.323238,-10,-6,-151
1767171661.333238,-10,-9,-152
1767171661.343238,-5,-7,-146
1767171661.353238,-6,-4,-147
1767171661.363238,-5,-2,-142
1767171661.373238,-2,-8,-140
1767171661.383238,-1,-8,-138
1767171661.393238,1,-11,-142
1767171661.403238,1,-13,-140
1767171661.413238,0,-14,-139
1767171661.423238,-2,-8,-143
1767171661.4332385,-4,-2,-146
1767171661.4432385,-2,-1,-143
1767171661.4532382,-2,0,-142
1767171661.4632382,-6,2,-138
1767171661.4732382,-3,1,-135
1767171661.4832382,-4,-1,-131
1767171661.4932382,-6,-3,-129
1767171661.5032382,-6,-4,-126
1767171661.5132382,-3,-5,-125
1767171661.5232382,-1,-4,-128
1767171661.5332382,-1,-4,-131
1767171661.5432382,0,-1,-132
1767171661.5532382,0,-1,-141
1767171661.5752382,0,-2,-138
1767171661.583238,-3,-3,-141
1767171661.593238,-7,-7,-138
1767171661.603238,-7,-11,-140
1767171661.613238,-2,-11,-143
1767171661.623238,2,-11,-141
1767171661.633238,0,-9,-139
1767171661.643238,2,-5,-145
1767171661.653238,1,-6,-137
1767171661.663238,-1,-9,-138
1767171661.673238,-2,-9,-141
1767171661.6832385,-3,-10,-142
1767171661.6932385,-5,-8,-141
1767171661.7032382,-2,-8,-145
1767171661.7132382,-6,-8,-146
1767171661.7232382,-2,-7,-145
1767171661.7332382,0,-7,-141
1767171661.7432382,-1,-6,-139
1767171661.7532382,-1,-5,-133
1767171661.7632382,2,-6,-129
1767171661.7732382,0,-4,-131
1767171661.7832382,0,-6,-139
1767171661.7932382,-1,-1,-143
1767171661.8032382,-2,1,-141
1767171661.813238,-3,-3,-143
1767171661.823238,-4,-4,-140
1767171661.833238,-8,-7,-143
1767171661.843238,-7,-4,-139
1767171661.853238,-7,-5,-136
1767171661.863238,-3,-4,-134
1767171661.873238,-5,-1,-134
1767171661.883238,-8,-3,-140
1767171661.893238,-10,-1,-138
1767171661.903238,-5,-3,-144
1767171661.913238,-4,-5,-140
1767171661.923238,-3,-2,-143
1767171661.9332385,-5,-7,-144
1767171661.9432385,-5,-4,-137
1767171661.9532382,-2,-2,-136
1767171661.9632382,-2,-3,-137
1767171661.9732382,-3,-1,-146
1767171661.9832382,-3,-4,-148
1767171661.9932382,-3,-1,-146
1767171662.0032382,-5,-3,-144
1767171662.0132382,-4,-2,-144
1767171662.0232382,-3,-1,-144
1767171662.0332382,-2,2,-139
1767171662.0432382,-1,0,-136
1767171662.0532382,0,-2,-141
1767171662.063238,-1,0,-136
1767171662.073238,1,0,-138
1767171662.083238,0,-1,-146
1767171662.093238,0,-5,-141
1767171662.103238,0,-9,-144
1767171662.113238,0,-7,-143
1767171662.123238,3,-6,-142
1767171662.133238,0,-6,-147
1767171662.143238,4,-1,-147
1767171662.153238,2,2,-141
1767171662.163238,3,3,-142
1767171662.173238,1,0,-140
1767171662.1832385,0,-1,-129
1767171662.1932385,3,2,-132
1767171662.2032382,1,3,-141
1767171662.2132382,1,0,-145
1767171662.2232382,4,0,-143
1767171662.2332382,4,-1,-145
1767171662.2432382,5,-2,-139
1767171662.2532382,5,-4,-141
1767171662.2632382,3,-4,-139
1767171662.2732382,1,-5,-147
1767171662.2832382,-1,-4,-146
1767171662.2932382,-3,-2,-138
1767171662.3032382,-5,-3,-140
1767171662.313238,-3,-2,-144
1767171662.323238,-4,-6,-142
1767171662.333238,-1,-8,-141
1767171662.343238,0,-7,-135
1767171662.353238,5,-7,-132
1767171662.363238,5,-5,-136
1767171662.373238,4,-6,-142
1767171662.383238,8,-6,-142
1767171662.393238,6,-2,-143
1767171662.403238,5,-2,-145
1767171662.413238,10,-1,-151
1767171662.423238,4,-2,-153
1767171662.4332385,5,-4,-152
1767171662.4432385,3,0,-149
1767171662.4532382,-1,0,-143
1767171662.4632382,2,-2,-147
1767171662.4732382,5,0,-147
1767171662.4832382,8,-3,-147
1767171662.4932382,8,-1,-145
1767171662.5032382,3,0,-139
1767171662.5132382,3,-1,-140
1767171662.5232382,1,-3,-137
1767171662.5332382,3,-2,-135
1767171662.5432382,2,-1,-135
1767171662.5532382,0,5,-142
1767171662.563238,-1,3,-138
1767171662.573238,-4,1,-140
1767171662.583238,-2,0,-140
1767171662.593238,-6,-4,-140
1767171662.603238,-6,-3,-142
1767171662.613238,-7,-4,-138
1767171662.623238,-7,-3,-144
1767171662.633238,-4,-4,-144
1767171662.643238,-2,-2,-148
1767171662.653238,4,-1,-140
1767171662.663238,2,0,-131
1767171662.673238,1,-1,-133
1767171662.6832385,4,-3,-136
1767171662.6932385,-1,-3,-144
1767171662.7032382,-8,-6,-140
1767171662.7132382,-5,-5,-139
1767171662.7232382,-1,-5,-137
1767171662.7332382,0,-7,-141
1767171662.7432382,0,-4,-141
1767171662.7532382,0,-1,-145
1767171662.7632382,0,0,-149
1767171662.7732382,-1,2,-146
1767171662.7832382,1,1,-147
1767171662.7932382,1,2,-142
1767171662.8032382,1,6,-148
1767171662.813238,-1,7,-146
1767171662.823238,0,7,-143
1767171662.833238,1,5,-145
1767171662.843238,-6,4,-151
1767171662.853238,-4,4,-145
1767171662.863238,-2,4,-141
1767171662.873238,-2,1,-138
1767171662.883238,-1,1,-140
1767171662.8942382,2,0,-140
1767171662.9042382,4,5,-145
1767171662.913238,2,1,-144
1767171662.9242382,0,1,-146
1767171662.9342382,0,-1,-147
1767171662.9442382,-1,-2,-152
1767171662.9542382,-1,-2,-144
1767171662.9632382,-3,-3,-140
1767171662.9742382,-3,-5,-142
1767171662.984238,-2,-3,-141
1767171662.994238,0,-5,-141
1767171663.004238,2,-3,-137
1767171663.014238,7,-1,-135
1767171663.024238,3,0,-137
1767171663.034238,0,3,-140
1767171663.044238,0,2,-147
1767171663.054238,1,0,-153
1767171663.064238,0,0,-149
1767171663.074238,-1,3,-148
1767171663.084238,-1,2,-147
1767171663.094238,-4,0,-141
1767171663.1042385,-1,0,-143
1767171663.1142385,-2,-1,-139
1767171663.1242385,-1,-3,-139
1767171663.1342382,-3,-3,-142
1767171663.1442382,-5,-3,-144
1767171663.1542382,-4,-5,-143
1767171663.1642382,0,-2,-143
1767171663.1742382,-1,-4,-138
1767171663.1842382,-1,-6,-135
1767171663.1942382,-2,-4,-129
1767171663.2042382,-2,-7,-127
1767171663.2142382,-1,-6,-130
1767171663.2242382,1,-6,-132
1767171663.234238,0,-4,-136
1767171663.244238,-5,-5,-141
1767171663.254238,-1,-11,-138
1767171663.264238,0,-8,-135
1767171663.274238,1,-6,-134
1767171663.284238,0,-3,-135
1767171663.294238,1,0,-128
1767171663.304238,1,0,-132
1767171663.314238,1,0,-135
1767171663.324238,2,-1,-136
1767171663.334238,0,-1,-136
1767171663.344238,0,0,-137
1767171663.3542385,1,0,-133
1767171663.3642385,4,0,-138
1767171663.3742385,2,0,-140
1767171663.3842382,-1,3,-140
1767171663.3942382,-3,0,-135
1767171663.4042382,-2,-2,-145
1767171663.4142382,-3,-5,-145
1767171663.4242382,-2,-6,-145
1767171663.4342382,-3,-3,-146
1767171663.4442382,-6,-3,-149
1767171663.4542382,-3,-1,-147
1767171663.4642382,1,1,-146
1767171663.4742382,-3,3,-146
1767171663.484238,-8,6,-145
1767171663.494238,-8,6,-148
1767171663.504238,-7,5,-154
1767171663.514238,-7,1,-151
1767171663.524238,-10,-1,-147
1767171663.534238,-9,0,-140
1767171663.544238,-4,-1,-137
1767171663.554238,-1,0,-142
1767171663.564238,0,0,-147
1767171663.574238,5,0,-150
1767171663.584238,2,0,-144
1767171663.594238,0,0,-139
1767171663.6042385,2,-1,-142
1767171663.6142385,-4,0,-141
1767171663.6242385,-2,0,-137
1767171663.6342382,-1,2,-138
1767171663.6442382,1,2,-142
1767171663.6542382,4,3,-136
1767171663.6642382,0,6,-139
1767171663.6742382,-2,6,-142
1767171663.6842382,-3,3,-135
1767171663.6942382,-5,0,-133
1767171663.7042382,-7,3,-132
1767171663.7142382,-12,2,-133
1767171663.7242382,-12,0,-129
1767171663.734238,-9,1,-136
1767171663.744238,-8,0,-137
1767171663.754238,-6,-1,-138
1767171663.764238,-6,0,-138
1767171663.774238,0,1,-142
1767171663.784238,0,2,-149
1767171663.794238,0,1,-152
1767171663.804238,1,0,-147
1767171663.814238,-1,-2,-144
1767171663.824238,-6,-1,-141
1767171663.834238,-8,-1,-140
1767171663.844238,-8,-2,-138
1767171663.8542385,-10,0,-145
1767171663.8642385,-10,1,-153
1767171663.8742385,-4,0,-147
1767171663.8842382,-5,-3,-138
1767171663.8942382,-1,0,-138
1767171663.9042382,2,0,-140
1767171663.9142382,1,1,-144
1767171663.9242382,0,0,-146
1767171663.9342382,-1,-2,-145
1767171663.9442382,0,-1,-145
1767171663.9542382,3,-4,-144
1767171663.9642382,4,-6,-147
1767171663.9742382,1,-5,-145
1767171663.984238,0,-4,-143
1767171663.994238,0,-4,-142
1767171664.004238,-1,-4,-138
1767171664.014238,1,1,-139
1767171664.024238,3,2,-145
1767171664.034238,3,2,-147
1767171664.044238,0,1,-148
1767171664.054238,3,2,-149
1767171664.064238,9,1,-150
1767171664.074238,9,-1,-143
1767171664.084238,9,-2,-139
1767171664.094238,10,-4,-143
1767171664.1042385,8,-2,-147
1767171664.1142385,4,0,-149
1767171664.1242385,-3,-5,-148
1767171664.1342382,-3,-1,-148
1767171664.1442382,-3,2,-145
1767171664.1542382,-4,1,-150
1767171664.1642382,-2,2,-152
1767171664.1742382,-6,0,-156
1767171664.1842382,-7,-5,-152
1767171664.1942382,-8,-9,-151
1767171664.2042382,-6,-6,-147
1767171664.2142382,-6,-7,-141
1767171664.2242382,-5,-5,-141
1767171664.234238,-3,-1,-143
1767171664.244238,2,0,-146
1767171664.254238,2,0,-145
1767171664.264238,-1,0,-144
1767171664.274238,2,1,-142
1767171664.284238,0,5,-143
1767171664.294238,-2,7,-144
1767171664.304238,-7,8,-148
1767171664.314238,-7,4,-152
1767171664.324238,-9,1,-150
1767171664.334238,-9,2,-141
1767171664.344238,-8,5,-142
1767171664.3542385,-6,1,-138
1767171664.3642385,-6,-2,-139
1767171664.3742385,1,0,-139
1767171664.3842382,2,1,-139
1767171664.3942382,3,2,-145
1767171664.4042382,0,3,-143
1767171664.4142382,3,3,-144
1767171664.4242382,3,0,-140
1767171664.4342382,5,-5,-145
1767171664.4442382,6,-8,-146
1767171664.4542382,2,-8,-143
1767171664.4642382,6,-7,-139
1767171664.4742382,4,-4,-139
1767171664.484238,3,0,-141
1767171664.494238,-1,-1,-139
1767171664.504238,0,0,-129
1767171664.514238,-4,3,-132
1767171664.524238,1,0,-128
1767171664.534238,1,-7,-134
1767171664.544238,-1,-5,-134
1767171664.554238,-2,-3,-134
1767171664.564238,-4,-3,-138
1767171664.574238,-2,-2,-140
1767171664.584238,-3,-3,-136
1767171664.594238,-3,-4,-132
1767171664.6042385,-1,-2,-134
1767171664.6142385,-4,-2,-138
1767171664.6242385,-5,0,-142
1767171664.6342382,1,0,-147
1767171664.6442382,2,1,-149
1767171664.6542382,0,6,-151
1767171664.6642382,0,2,-150
1767171664.6742382,-1,2,-146
1767171664.6842382,0,5,-150
1767171664.6942382,1,1,-149
1767171664.7042382,1,1,-150
1767171664.7142382,0,0,-147
1767171664.7242382,1,1,-145
1767171664.734238,-2,0,-141
1767171664.744238,0,-3,-148
1767171664.754238,2,-7,-145
1767171664.764238,0,-6,-145
1767171664.774238,-2,-3,-143
1767171664.784238,-3,0,-142
1767171664.794238,0,0,-145
1767171664.804238,2,-2,-137
1767171664.814238,0,-5,-146
1767171664.824238,-1,-8,-141
1767171664.834238,-4,-11,-138
1767171664.844238,-1,-8,-135
1767171664.8542385,1,-4,-136
1767171664.8642385,-1,-5,-143
1767171664.8742385,-4,-2,-148
1767171664.8842382,-2,-1,-140
1767171664.8942382,-2,-3,-142
1767171664.9042382,-1,-7,-148
1767171664.9142382,-4,-6,-148
1767171664.9242382,-6,-4,-147
1767171664.9342382,-6,-2,-143
1767171664.9442382,-7,1,-139
1767171664.9542382,-6,0,-142
1767171664.9642382,0,0,-149
1767171664.9742382,-1,-1,-150
1767171664.984238,-1,-1,-146
1767171664.994238,2,-5,-143
1767171665.004238,5,-3,-149
1767171665.014238,5,-2,-148
1767171665.024238,4,-2,-149
1767171665.034238,0,0,-146
1767171665.044238,-3,-3,-141
1767171665.054238,-7,-3,-144
1767171665.064238,-6,0,-143
1767171665.074238,-4,2,-143
1767171665.084238,-4,2,-142
1767171665.094238,-8,2,-144
1767171665.1042385,-8,-1,-147
1767171665.1142385,-6,1,-142
1767171665.1242385,-7,7,-145
1767171665.1342382,-4,6,-150
1767171665.1442382,-7,2,-152
1767171665.1542382,-5,0,-147
1767171665.1642382,-6,0,-151
1767171665.1742382,0,-1,-147
1767171665.1842382,0,0,-148
1767171665.1942382,0,-3,-147
1767171665.2042382,2,-8,-144
1767171665.2142382,1,-9,-142
1767171665.2242382,3,-8,-145
1767171665.234238,3,-7,-146
1767171665.244238,6,-9,-145
1767171665.254238,0,-11,-142
1767171665.264238,3,-11,-143
1767171665.274238,5,-11,-141
1767171665.284238,4,-3,-139
1767171665.294238,0,-3,-142
1767171665.304238,-1,-7,-143
1767171665.314238,-1,-3,-148
1767171665.324238,0,-2,-156
1767171665.334238,1,-3,-144
1767171665.344238,3,-3,-145
1767171665.3542385,0,-2,-143
1767171665.3642385,-1,0,-150
1767171665.3742385,1,-2,-147
1767171665.3842382,3,0,-140
1767171665.3952382,10,0,-137
1767171665.4042382,16,2,-141
1767171665.4142382,12,5,-143
1767171665.425238,8,3,-143
1767171665.435238,5,-2,-143
1767171665.445238,5,0,-143
1767171665.455238,1,3,-145
1767171665.465238,-2,1,-148
1767171665.475238,-5,-1,-139
1767171665.485238,-7,0,-142
1767171665.495238,-5,1,-143
1767171665.505238,-3,-1,-143
1767171665.514238,-2,-2,-145
1767171665.525238,-7,-5,-142
1767171665.5352385,-7,-4,-141
1767171665.5452385,0,-3,-140
1767171665.5552382,-1,-3,-142
1767171665.5652382,0,-3,-149
1767171665.5752382,0,-4,-145
1767171665.5852382,3,-5,-147
1767171665.5952382,3,0,-153
1767171665.6052382,3,2,-150
1767171665.6152382,4,0,-145
1767171665.6252382,3,1,-137
1767171665.6352382,0,2,-139
1767171665.6452382,0,-2,-138
1767171665.6552382,3,0,-136
1767171665.665238,7,1,-143
1767171665.675238,10,-1,-139
1767171665.685238,12,-8,-129
1767171665.695238,11,-7,-133
1767171665.705238,12,-2,-137
1767171665.715238,8,-1,-135
1767171665.725238,5,0,-139
1767171665.735238,2,0,-141
1767171665.745238,2,-4,-144
1767171665.755238,1,-4,-147
1767171665.765238,0,-6,-148
1767171665.775238,-1,-7,-146
1767171665.7852385,-3,-4,-133
1767171665.7952385,0,-1,-132
1767171665.8052382,0,0,-134
1767171665.8152382,3,0,-134
1767171665.8252382,3,-2,-138
1767171665.8352382,-1,-1,-142
1767171665.8452382,-3,-2,-146
1767171665.8552382,-3,-1,-142
1767171665.8652382,-4,0,-150
1767171665.8752382,-2,1,-151
1767171665.8852382,-1,2,-151
1767171665.8952382,1,0,-152
1767171665.9052382,-2,-3,-149
1767171665.915238,0,-7,-150
1767171665.925238,3,-5,-149
1767171665.935238,2,-1,-145
1767171665.945238,7,3,-149
1767171665.955238,8,2,-143
1767171665.965238,4,0,-142
1767171665.975238,4,0,-140
1767171665.985238,6,-1,-142
1767171665.995238,2,-3,-135
1767171666.005238,3,-4,-143
1767171666.015238,1,-1,-141
1767171666.025238,-1,-4,-142
1767171666.0352385,0,-7,-142
1767171666.0452385,1,-10,-137
1767171666.0552382,-4,-9,-135
1767171666.0652382,0,-5,-139
1767171666.0752382,3,-1,-137
1767171666.0852382,5,-4,-141
1767171666.0952382,1,-2,-143
1767171666.1052382,4,-3,-147
1767171666.1152382,3,-4,-144
1767171666.1252382,0,-3,-150
1767171666.1352382,-2,-3,-149
1767171666.1452382,-2,0,-147
1767171666.1552382,-3,0,-147
1767171666.165238,0,-4,-143
1767171666.175238,-1,-7,-148
1767171666.185238,1,-11,-146
1767171666.195238,3,-8,-146
1767171666.205238,0,-6,-150
1767171666.215238,-1,-2,-149
1767171666.225238,-1,0,-150
1767171666.235238,0,2,-152
1767171666.245238,0,0,-154
1767171666.255238,-1,0,-159
1767171666.265238,2,-1,-156
1767171666.275238,3,0,-156
1767171666.2852385,2,-1,-159
1767171666.2952385,2,6,-151
1767171666.3052382,2,6,-152
1767171666.3152382,-1,7,-145
1767171666.3252382,-5,2,-146
1767171666.3352382,-7,-1,-144
1767171666.3452382,-4,0,-151
1767171666.3552382,-3,0,-151
1767171666.3652382,2,-1,-155
1767171666.3752382,4,0,-151
1767171666.3852382,-1,-2,-145
1767171666.3952382,0,0,-143
1767171666.4052382,-1,-1,-139
1767171666.415238,0,0,-139
1767171666.425238,-5,1,-142
1767171666.435238,-5,0,-141
1767171666.445238,-7,0,-141
1767171666.455238,-4,0,-137
1767171666.465238,-5,-4,-143
1767171666.475238,-6,-3,-144
1767171666.485238,-4,-4,-141
1767171666.495238,-4,-2,-147
1767171666.505238,-6,-3,-144
1767171666.515238,-2,-1,-145
1767171666.525238,-2,-1,-144
1767171666.5352385,0,0,-138
1767171666.5452385,2,0,-136
1767171666.5552382,-1,0,-131
1767171666.5652382,3,-1,-134
1767171666.587238,-3,-4,-137
1767171666.5952382,-2,0,-146
1767171666.6052382,0,-1,-149
1767171666.6152382,4,-2,-148
1767171666.6252382,4,-1,-145
1767171666.6352382,4,-2,-140
1767171666.6452382,4,0,-136
1767171666.6552382,3,0,-137
1767171666.665238,4,1,-137
1767171666.675238,1,2,-130
1767171666.685238,0,1,-135
1767171666.695238,-4,3,-137
1767171666.705238,0,1,-135
1767171666.715238,-1,-4,-133
1767171666.725238,-1,-7,-139
1767171666.735238,0,-7,-139
1767171666.745238,0,-5,-139
1767171666.755238,2,0,-146
1767171666.765238,3,5,-152
1767171666.775238,4,2,-151
1767171666.7852385,6,4,-145
1767171666.7952385,1,1,-143
1767171666.8052382,-3,0,-144
1767171666.8152382,-5,1,-149
1767171666.8252382,-3,0,-149
1767171666.8352382,-2,-1,-151
1767171666.8452382,-2,-1,-139
1767171666.8552382,1,-1,-136
1767171666.8652382,-1,-3,-140
1767171666.8752382,0,0,-141
1767171666.8852382,1,1,-143
1767171666.8952382,2,-4,-149
1767171666.9052382,0,-9,-141
1767171666.915238,-1,-7,-145
1767171666.925238,2,-6,-138
1767171666.935238,2,-8,-139
1767171666.945238,2,-8,-140
1767171666.955238,3,-5,-131
1767171666.965238,1,-4,-129
1767171666.975238,-1,-8,-135
1767171666.985238,-2,-6,-136
1767171666.995238,-2,-7,-135
1767171667.005238,0,-10,-139
1767171667.015238,1,-11,-140
1767171667.025238,5,-8,-148
1767171667.0352385,4,-8,-147
1767171667.0452385,1,-7,-141
1767171667.0552382,2,-5,-147
1767171667.0652382,-1,-5,-135
1767171667.0752382,2,-1,-141
1767171667.0852382,0,-1,-142
1767171667.0952382,0,-3,-140
1767171667.1052382,-3,-3,-142
1767171667.1152382,-2,-2,-141
1767171667.1252382,-1,1,-135
1767171667.1352382,-3,1,-137
1767171667.1452382,-2,1,-140
1767171667.1552382,7,0,-140
1767171667.165238,6,-3,-143
1767171667.175238,2,-4,-140
1767171667.185238,0,-1,-139
1767171667.195238,0,-5,-144
1767171667.205238,-2,-6,-152
1767171667.215238,0,-2,-148
1767171667.225238,6,-2,-146
1767171667.235238,5,-6,-146
1767171667.245238,1,-4,-143
1767171667.255238,2,-4,-146
1767171667.265238,5,-5,-149
1767171667.275238,1,-6,-152
1767171667.2852385,2,-8,-142
1767171667.2952385,1,-4,-137
1767171667.3052382,3,-1,-139
1767171667.3152382,1,-3,-137
1767171667.3252382,3,-2,-133
1767171667.3352382,3,-4,-137
1767171667.3452382,0,-4,-140
1767171667.3552382,4,0,-140
1767171667.3652382,4,0,-141
1767171667.3752382,9,-5,-144
1767171667.3852382,6,-4,-150
1767171667.3952382,0,-1,-145
1767171667.4052382,-4,0,-151
1767171667.415238,-8,0,-152
1767171667.425238,-6,0,-154
1767171667.435238,0,-1,-152
1767171667.445238,0,-6,-145
1767171667.455238,-1,-6,-144
1767171667.465238,-3,-2,-144
1767171667.475238,-3,-2,-143
1767171667.485238,-4,0,-137
1767171667.495238,-4,-2,-136
1767171667.505238,-5,-1,-141
1767171667.515238,-3,0,-145
1767171667.525238,0,-1,-142
1767171667.5352385,-3,-2,-143
1767171667.5452385,0,-3,-143
1767171667.5552382,1,-2,-146
1767171667.5652382,-1,0,-147
1767171667.5752382,-5,0,-146
1767171667.5852382,-2,0,-140
1767171667.5952382,2,0,-137
1767171667.6052382,4,-3,-133
1767171667.6152382,1,0,-134
1767171667.6252382,1,-3,-131
1767171667.6352382,-3,-3,-131
1767171667.6452382,0,-5,-131
1767171667.6552382,-2,-4,-133
1767171667.665238,-2,-4,-134
1767171667.675238,-5,-3,-133
1767171667.685238,-5,-3,-140
1767171667.695238,-6,-6,-136
1767171667.705238,-4,-2,-136
1767171667.715238,-2,-3,-140
1767171667.725238,-5,-2,-142
1767171667.735238,-3,-8,-140
1767171667.745238,0,-10,-143
1767171667.755238,0,-11,-146
1767171667.765238,-1,-10,-146
1767171667.775238,2,-2,-149
1767171667.7852385,-1,-5,-155
1767171667.7952385,0,-6,-148
1767171667.8052382,2,-5,-149
1767171667.8152382,0,-3,-145
1767171667.8252382,2,-2,-148
1767171667.8352382,1,-3,-154
1767171667.8452382,2,-4,-152
1767171667.8552382,-1,-7,-146
1767171667.8652382,1,-3,-147
1767171667.8752382,2,-1,-145
1767171667.8852382,0,-3,-149
1767171667.896238,0,-3,-142
1767171667.9052382,0,-1,-143
1767171667.915238,1,-4,-140
1767171667.926238,-1,-7,-143
1767171667.936238,0,-6,-154
1767171667.945238,0,-4,-151
1767171667.955238,0,-4,-148
1767171667.9662385,0,-4,-148
1767171667.9762385,0,-4,-153
1767171667.9862382,-1,-1,-153
1767171667.9962382,2,-1,-148
1767171668.0062382,3,2,-140
1767171668.0162382,4,0,-142
1767171668.0262382,6,0,-144
1767171668.0362382,3,-3,-139
1767171668.0462382,5,-4,-130
1767171668.0562382,3,-5,-131
1767171668.0662382,2,-7,-141
1767171668.0762382,4,-6,-144
1767171668.086238,9,-2,-148
1767171668.096238,10,0,-151
1767171668.106238,6,1,-152
1767171668.116238,3,2,-156
1767171668.126238,2,0,-154
1767171668.136238,-1,-1,-155
1767171668.146238,-1,-2,-153
1767171668.156238,1,1,-157
1767171668.166238,-1,2,-153
1767171668.176238,1,0,-153
1767171668.186238,0,-4,-159
1767171668.196238,-1,-6,-154
1767171668.2062385,0,-5,-156
1767171668.2162385,4,0,-151
1767171668.2262385,6,3,-152
1767171668.2362382,2,2,-145
1767171668.2462382,1,-1,-144
1767171668.2562382,0,-3,-148
1767171668.2662382,1,-4,-148
1767171668.2762382,0,-7,-146
1767171668.2862382,-1,-7,-147
1767171668.2962382,0,-8,-144
1767171668.3062382,1,-6,-143
1767171668.3162382,1,-1,-148
1767171668.3262382,4,2,-149
1767171668.336238,0,3,-151
1767171668.346238,0,2,-154
1767171668.356238,4,-1,-152
1767171668.366238,5,0,-148
1767171668.376238,0,-1,-144
1767171668.386238,-4,-4,-146
1767171668.396238,-1,-5,-141
1767171668.406238,-2,-7,-136
1767171668.416238,-5,-4,-142
1767171668.426238,-7,-5,-144
1767171668.436238,-6,-2,-150
1767171668.446238,-2,-1,-157
1767171668.4562385,-2,1,-162
1767171668.4662385,0,2,-161
1767171668.4762385,-2,0,-155
1767171668.4862382,-3,1,-151
1767171668.4962382,-2,1,-149
1767171668.5062382,-1,-2,-149
1767171668.5162382,-2,-6,-143
1767171668.5262382,-1,-2,-138
1767171668.5362382,-3,-5,-139
1767171668.5462382,-4,-4,-143
1767171668.5562382,-1,0,-137
1767171668.5662382,-1,3,-137
1767171668.5762382,-4,5,-137
1767171668.586238,-2,-1,-140
1767171668.596238,1,-3,-132
1767171668.606238,4,-2,-134
1767171668.616238,3,2,-137
1767171668.626238,2,0,-143
1767171668.636238,5,0,-147
1767171668.646238,1,0,-148
1767171668.656238,3,0,-152
1767171668.666238,8,-1,-149
1767171668.676238,8,-3,-145
1767171668.686238,3,-2,-146
1767171668.696238,3,2,-148
1767171668.7062385,1,1,-147
1767171668.7162385,4,0,-144
1767171668.7262385,5,-2,-143
1767171668.7362382,2,-1,-148
1767171668.7462382,0,1,-144
1767171668.7562382,2,2,-143
1767171668.7662382,2,1,-140
1767171668.7762382,3,-3,-144
1767171668.7862382,-2,-6,-144
1767171668.7962382,-1,-3,-146
1767171668.8062382,0,-3,-143
1767171668.8162382,1,-3,-147
1767171668.8262382,2,-5,-148
1767171668.836238,0,-3,-151
1767171668.846238,0,-3,-158
1767171668.856238,-5,-5,-155
1767171668.866238,-4,-6,-152
1767171668.876238,-4,-6,-153
1767171668.886238,-1,-6,-154
1767171668.896238,0,-7,-152
1767171668.906238,0,-5,-151
1767171668.916238,4,-3,-153
1767171668.926238,1,-5,-152
1767171668.936238,-3,-5,-150
1767171668.946238,-4,-2,-150
1767171668.9562385,-2,1,-152
1767171668.9662385,-3,2,-153
1767171668.9762385,0,3,-155
1767171668.9862382,1,3,-156
1767171668.9962382,-3,0,-153
1767171669.0062382,-10,3,-151
1767171669.0162382,-12,2,-150
1767171669.0262382,-9,-1,-157
1767171669.0362382,-12,-6,-166
1767171669.0462382,-11,-6,-159
1767171669.0562382,-14,-8,-163
1767171669.0662382,-12,-4,-160
1767171669.0762382,-9,-4,-155
1767171669.086238,-6,0,-150
1767171669.096238,0,0,-150
1767171669.106238,0,-2,-154
1767171669.116238,-1,1,-161
1767171669.126238,-1,3,-160
1767171669.136238,-1,3,-150
1767171669.146238,2,-1,-148
1767171669.156238,0,-2,-145
1767171669.166238,-2,0,-154
1767171669.176238,0,1,-146
1767171669.186238,2,2,-140
1767171669.196238,1,1,-141
1767171669.2062385,-5,-1,-144
1767171669.2162385,-5,-2,-145
1767171669.2262385,-4,-7,-148
1767171669.2362382,-3,-7,-141
1767171669.2462382,-1,-2,-144
1767171669.2562382,-4,-5,-150
1767171669.2662382,-7,-5,-144
1767171669.2762382,-7,-6,-142
1767171669.2862382,-8,-8,-144
1767171669.2962382,-4,-5,-147
1767171669.3062382,0,-4,-146
1767171669.3162382,0,-3,-149
1767171669.3262382,1,-3,-154
1767171669.336238,-1,-1,-152
1767171669.346238,-7,-3,-151
1767171669.356238,-4,-2,-150
1767171669.366238,0,-2,-146
1767171669.376238,-2,-3,-141
1767171669.386238,-3,0,-140
1767171669.396238,-4,-1,-147
1767171669.406238,0,1,-150
1767171669.416238,0,-3,-147
1767171669.426238,-3,0,-151
1767171669.436238,0,0,-150
1767171669.446238,0,-2,-151
1767171669.4562385,1,0,-148
1767171669.4662385,-2,-1,-146
1767171669.4762385,-6,0,-143
1767171669.4862382,-6,-2,-139
1767171669.4962382,-2,-5,-135
1767171669.5062382,1,-2,-133
1767171669.5162382,4,1,-140
1767171669.5262382,4,-1,-141
1767171669.5362382,2,-7,-144
1767171669.5462382,0,-8,-144
1767171669.5562382,0,-5,-151
1767171669.5662382,10,-4,-148
1767171669.5762382,12,-5,-150
1767171669.586238,10,-8,-148
1767171669.596238,7,-6,-148
1767171669.606238,7,-6,-151
1767171669.616238,6,-5,-147
1767171669.626238,3,0,-147
1767171669.636238,4,-1,-143
1767171669.646238,1,2,-141
1767171669.656238,2,2,-138
1767171669.666238,0,3,-141
1767171669.676238,1,-1,-143
1767171669.686238,3,0,-135
1767171669.696238,-2,2,-131
1767171669.7062385,4,1,-132
1767171669.7162385,1,0,-133
1767171669.7262385,-1,3,-134
1767171669.7362382,0,3,-136
1767171669.7462382,-5,3,-135
1767171669.7562382,-5,2,-139
1767171669.7662382,-1,4,-134
1767171669.7762382,0,8,-133
1767171669.7862382,1,6,-135
1767171669.7962382,-1,4,-139
1767171669.8062382,0,6,-142
1767171669.8162382,-1,2,-147
1767171669.8262382,-4,-2,-144
1767171669.836238,-4,-4,-147
1767171669.846238,-1,-5,-142
1767171669.856238,1,-7,-139
1767171669.866238,0,-5,-141
1767171669.876238,-2,-3,-145
1767171669.886238,1,-3,-140
1767171669.896238,-2,-6,-142
1767171669.906238,-5,-6,-142
1767171669.916238,-7,-2,-149
1767171669.926238,-7,0,-145
1767171669.936238,-4,1,-143
1767171669.946238,-8,0,-138
1767171669.9562385,-8,0,-137
1767171669.9662385,-9,1,-138
1767171669.9762385,-6,4,-140
1767171669.9862382,-3,4,-148
1767171669.9962382,-3,1,-152
1767171670.0062382,-6,-1,-152
1767171670.0162382,-5,0,-147
1767171670.0262382,-6,-1,-143
1767171670.0362382,-6,-1,-141
1767171670.0462382,-1,-9,-143
1767171670.0562382,-4,-8,-145
1767171670.0662382,-5,-7,-142
1767171670.0762382,0,-4,-143
1767171670.086238,-1,-4,-140
1767171670.096238,-2,-5,-140
1767171670.106238,-2,-9,-144
1767171670.116238,-1,-8,-144
1767171670.126238,-2,-9,-144
1767171670.136238,-5,-4,-138
1767171670.146238,-5,-1,-147
1767171670.156238,-5,0,-146
1767171670.166238,-4,2,-150
1767171670.176238,-5,0,-151
1767171670.186238,-4,2,-148
1767171670.196238,-3,4,-145
1767171670.2062385,-5,3,-140
1767171670.2162385,-6,3,-142
1767171670.2262385,-5,6,-141
1767171670.2362382,-5,9,-142
1767171670.2462382,-1,5,-147
1767171670.2562382,0,0,-148
1767171670.2662382,-2,-1,-138
1767171670.2762382,1,-3,-135
1767171670.2862382,5,-2,-145
1767171670.2962382,2,-4,-145
1767171670.3062382,-3,0,-140
1767171670.3162382,-7,0,-139
1767171670.3262382,-2,0,-145
1767171670.336238,0,-3,-144
1767171670.346238,1,-4,-140
1767171670.356238,0,-3,-142
1767171670.366238,-1,0,-143
1767171670.376238,-10,1,-145
1767171670.386238,-10,0,-143
1767171670.396238,-10,0,-141
1767171670.4072382,-12,2,-143
1767171670.416238,-5,2,-143
1767171670.426238,-3,-1,-141
1767171670.436238,-4,1,-143
1767171670.446238,0,1,-147
1767171670.4562385,5,1,-150
1767171670.4672382,3,-1,-149
1767171670.4772382,0,-3,-151
1767171670.4872382,0,-10,-145
1767171670.4972382,0,-7,-143
1767171670.507238,5,-9,-138
1767171670.517238,6,-7,-139
1767171670.527238,3,-4,-135
1767171670.537238,3,0,-134
1767171670.547238,0,5,-138
1767171670.557238,0,4,-144
1767171670.567238,-2,3,-143
1767171670.577238,2,3,-138
1767171670.587238,4,1,-140
1767171670.597238,4,0,-136
1767171670.607238,0,2,-139
1767171670.617238,0,0,-142
1767171670.627238,-3,-2,-145
1767171670.6372385,0,3,-143
1767171670.6472385,0,3,-142
1767171670.6572382,2,4,-141
1767171670.6672382,0,4,-139
1767171670.6772382,0,5,-145
1767171670.6872382,1,6,-148
1767171670.6972382,2,3,-142
1767171670.7072382,1,1,-139
1767171670.7172382,-2,0,-142
1767171670.7272382,-1,-1,-141
1767171670.7372382,-3,-2,-140
1767171670.7472382,-1,-6,-137
1767171670.757238,-1,-4,-136
1767171670.767238,-2,-3,-138
1767171670.777238,0,-3,-135
1767171670.787238,-2,0,-139
1767171670.797238,1,5,-137
1767171670.807238,3,3,-145
1767171670.817238,2,0,-150
1767171670.827238,-1,0,-145
1767171670.837238,1,0,-146
1767171670.847238,0,-3,-146
1767171670.857238,4,-1,-143
1767171670.867238,2,0,-141
1767171670.877238,-1,0,-137
1767171670.8872385,-1,0,-141
1767171670.8972385,-1,-1,-140
1767171670.9072382,4,-1,-137
1767171670.9172382,3,-1,-136
1767171670.9272382,0,-2,-140
1767171670.9372382,2,-6,-142
1767171670.9472382,0,-8,-149
1767171670.9572382,0,-13,-153
1767171670.9672382,1,-9,-150
1767171670.9772382,-1,-6,-148
1767171670.9872382,0,-7,-141
1767171670.9972382,0,-6,-139
1767171671.007238,0,-7,-140
1767171671.017238,0,-10,-135
1767171671.027238,-3,-13,-136
1767171671.037238,0,-9,-140
1767171671.047238,2,-5,-143
1767171671.057238,3,-5,-143
1767171671.067238,2,0,-141
1767171671.077238,5,1,-141
1767171671.087238,1,0,-140
1767171671.097238,1,0,-145
1767171671.107238,0,0,-146
1767171671.117238,-2,-1,-149
1767171671.127238,0,-1,-151
1767171671.1372385,-4,0,-146
1767171671.1472385,-2,0,-145
1767171671.1572382,0,-4,-140
1767171671.1672382,1,-5,-136
1767171671.1772382,-3,-1,-144
1767171671.1872382,-2,-3,-134
1767171671.1972382,-2,-6,-138
1767171671.2072382,0,-7,-137
1767171671.2172382,0,-7,-146
1767171671.2272382,-1,-8,-152
1767171671.2372382,1,-8,-149
1767171671.2472382,3,-3,-147
1767171671.257238,2,-5,-146
1767171671.267238,2,-2,-151
1767171671.277238,3,0,-149
1767171671.287238,0,-1,-147
1767171671.297238,-4,-1,-149
1767171671.307238,4,-4,-150
1767171671.317238,4,-8,-151
1767171671.327238,6,-4,-151
1767171671.337238,2,-1,-147
1767171671.347238,1,0,-145
1767171671.357238,0,-1,-140
1767171671.367238,0,-2,-138
1767171671.377238,-2,0,-139
1767171671.3872385,0,0,-142
1767171671.3972385,-1,1,-149
1767171671.4072382,-1,-2,-151
1767171671.4172382,-2,-5,-152
1767171671.4272382,2,-5,-143
1767171671.4372382,6,-2,-144
1767171671.4472382,4,0,-149
1767171671.4572382,0,3,-151
1767171671.4672382,-5,2,-152
1767171671.4772382,-5,2,-158
1767171671.4872382,-6,1,-152
1767171671.4972382,-3,3,-148
1767171671.507238,-8,0,-148
1767171671.517238,-8,5,-152
1767171671.527238,-2,5,-145
1767171671.537238,-4,3,-144
1767171671.547238,-5,-2,-146
1767171671.557238,-4,-4,-146
1767171671.567238,-3,2,-151
1767171671.577238,0,3,-150
1767171671.5982382,-1,0,-137
1767171671.607238,1,0,-143
1767171671.617238,0,-8,-153
1767171671.627238,0,-8,-151
1767171671.6372385,3,-7,-154
1767171671.6472385,1,-12,-148
1767171671.6572382,-3,-6,-146
1767171671.6672382,-6,-2,-145
1767171671.6772382,-7,-3,-143
1767171671.6872382,-2,-4,-152
1767171671.6972382,-4,-5,-153
1767171671.7072382,-6,-8,-145
1767171671.7172382,-3,-5,-144
1767171671.7272382,-5,-3,-150
1767171671.7372382,-3,-4,-155
1767171671.7472382,2,-6,-153
1767171671.757238,3,-4,-155
1767171671.767238,0,0,-152
1767171671.777238,1,-1,-150
1767171671.787238,-1,1,-156
1767171671.797238,-4,-1,-162
1767171671.807238,-5,-6,-151
1767171671.817238,-7,-6,-148
1767171671.827238,-8,-5,-144
1767171671.837238,-3,-3,-150
1767171671.847238,-1,-2,-156
1767171671.857238,2,-1,-158
1767171671.867238,3,-3,-159
1767171671.877238,4,-5,-158
1767171671.8872385,4,-6,-154
1767171671.8972385,0,-7,-150
1767171671.9072382,2,-7,-153
1767171671.9172382,0,-6,-151
1767171671.9272382,0,-5,-152
1767171671.9372382,0,-3,-152
1767171671.9472382,1,0,-155
1767171671.9572382,-1,1,-148
1767171671.9672382,1,1,-148
1767171671.9772382,0,3,-153
1767171671.9872382,1,3,-155
1767171671.9972382,0,2,-157
1767171672.007238,4,0,-154
1767171672.017238,2,2,-153
1767171672.027238,0,2,-146
1767171672.037238,1,-3,-141
1767171672.047238,0,-5,-146
1767171672.057238,2,-6,-146
1767171672.067238,5,-6,-140
1767171672.077238,1,-11,-142
1767171672.087238,-4,-10,-143
1767171672.097238,-7,-5,-141
1767171672.107238,-5,-1,-143
1767171672.117238,-3,-4,-146
1767171672.127238,-2,-3,-144
1767171672.1372385,-3,-4,-146
1767171672.1472385,-7,-4,-147
1767171672.1572382,-5,-3,-143
1767171672.1672382,-7,4,-141
1767171672.1772382,-5,4,-141
1767171672.1872382,-9,5,-145
1767171672.1972382,-8,1,-146
1767171672.2072382,-4,0,-141
1767171672.2172382,0,-1,-138
1767171672.2272382,0,0,-138
1767171672.2372382,1,-2,-139
1767171672.2472382,0,-5,-141
1767171672.257238,0,-6,-138
1767171672.267238,2,-2,-136
1767171672.277238,3,0,-128
1767171672.287238,5,1,-128
1767171672.297238,5,0,-132
1767171672.307238,0,0,-127
1767171672.317238,0,0,-131
1767171672.327238,1,-1,-138
1767171672.337238,1,1,-140
1767171672.347238,0,0,-146
1767171672.357238,1,1,-147
1767171672.367238,2,0,-149
1767171672.377238,5,-4,-152
1767171672.3872385,6,-6,-155
1767171672.3972385,7,-2,-153
1767171672.4072382,7,-2,-158
1767171672.4172382,0,-5,-155
1767171672.4272382,0,-5,-154
1767171672.4372382,-4,-3,-147
1767171672.4472382,-6,-3,-144
1767171672.4572382,-10,-2,-139
1767171672.4672382,-7,-5,-138
1767171672.4772382,-7,-8,-137
1767171672.4872382,-6,-3,-139
1767171672.4972382,-5,0,-142
1767171672.507238,-4,-2,-142
1767171672.517238,0,-4,-148
1767171672.527238,0,-7,-145
1767171672.537238,-2,-7,-149
1767171672.547238,0,-6,-151
1767171672.557238,-5,-5,-151
1767171672.567238,-2,-7,-153
1767171672.577238,0,-6,-151
1767171672.587238,2,-7,-148
1767171672.597238,1,-8,-153
1767171672.607238,2,-13,-151
1767171672.617238,-2,-14,-150
1767171672.627238,0,-14,-150
1767171672.6372385,3,-11,-147
1767171672.6472385,2,-10,-144
1767171672.6572382,2,-7,-145
1767171672.6672382,2,-4,-143
1767171672.6772382,-2,-7,-143
1767171672.6872382,-3,-8,-143
1767171672.6972382,-2,-9,-149
1767171672.7072382,5,-5,-143
1767171672.7172382,6,-1,-139
1767171672.7272382,5,0,-135
1767171672.7372382,1,1,-137
1767171672.7472382,2,-2,-139
1767171672.757238,0,-5,-140
1767171672.767238,-3,-2,-144
1767171672.777238,-5,-4,-144
1767171672.787238,-7,-5,-148
1767171672.797238,-2,-5,-154
1767171672.807238,-5,-2,-154
1767171672.817238,-4,0,-157
1767171672.827238,-5,-2,-155
1767171672.837238,-5,-3,-160
1767171672.847238,-3,-1,-156
1767171672.857238,-1,-1,-156
1767171672.867238,0,0,-148
1767171672.877238,0,-6,-143
1767171672.8872385,0,-5,-145
1767171672.8972385,-2,-4,-151
1767171672.9072382,-3,0,-149
1767171672.9172382,-1,2,-145
1767171672.9272382,-7,0,-138
1767171672.9372382,-2,2,-142
1767171672.9472382,-3,4,-139
1767171672.9572382,-4,1,-143
1767171672.968238,-2,1,-139
1767171672.9772382,0,3,-138
1767171672.988238,3,3,-138
1767171672.998238,4,1,-150
1767171673.008238,0,-4,-142
1767171673.018238,-4,-5,-143
1767171673.028238,-4,-7,-138
1767171673.038238,-2,-4,-135
1767171673.048238,-3,-6,-137
1767171673.0582385,1,-4,-136
1767171673.0682385,2,1,-136
1767171673.0782382,5,4,-136
1767171673.0882382,1,3,-135
1767171673.0982382,1,2,-140
1767171673.1082382,-1,0,-143
1767171673.1182382,-4,2,-144
1767171673.1282382,-7,1,-145
1767171673.1382382,0,1,-145
1767171673.1482382,0,0,-143
1767171673.1582382,0,-4,-150
1767171673.1682382,-2,0,-151
1767171673.1782382,0,-2,-147
1767171673.188238,-1,-6,-141
1767171673.198238,0,-1,-133
1767171673.208238,0,1,-135
1767171673.218238,1,0,-141
1767171673.228238,-3,0,-144
1767171673.238238,-2,1,-148
1767171673.248238,-2,-1,-143
1767171673.258238,-1,-4,-146
1767171673.268238,-2,-1,-145
1767171673.278238,-3,-2,-144
1767171673.288238,0,-4,-149
1767171673.298238,0,-6,-151
1767171673.3082385,-3,-6,-152
1767171673.3182385,-4,-3,-150
1767171673.3282382,-3,0,-146
1767171673.3382382,-3,0,-145
1767171673.3482382,-1,1,-146
1767171673.3582382,-1,6,-144
1767171673.3682382,-1,7,-146
1767171673.3782382,0,5,-147
1767171673.3882382,5,5,-152
1767171673.3982382,-2,5,-150
1767171673.4082382,-1,5,-141
1767171673.4182382,0,7,-143
1767171673.4282382,0,7,-145
1767171673.438238,-3,2,-141
1767171673.448238,-5,0,-139
1767171673.458238,-4,-1,-137
1767171673.468238,-3,-6,-142
1767171673.478238,-3,-7,-147
1767171673.488238,-8,-4,-143
1767171673.498238,-9,-2,-146
1767171673.508238,-6,-4,-150
1767171673.518238,-5,-6,-147
1767171673.528238,-2,-3,-139
1767171673.538238,-3,2,-141
1767171673.548238,-5,0,-146
1767171673.5582385,-5,-3,-154
1767171673.5682385,-3,-8,-154
1767171673.5782382,-2,-8,-151
1767171673.5882382,2,-7,-143
1767171673.5982382,-1,-8,-148
1767171673.6082382,-3,-5,-142
1767171673.6182382,-4,-3,-139
1767171673.6282382,-4,4,-140
1767171673.6382382,-5,2,-145
1767171673.6482382,-2,1,-137
1767171673.6582382,5,0,-136
1767171673.6682382,6,-3,-141
1767171673.6782382,6,-6,-144
1767171673.688238,2,-6,-143
1767171673.698238,0,-6,-136
1767171673.708238,2,0,-140
1767171673.718238,1,4,-143
1767171673.728238,0,0,-142
1767171673.738238,0,-2,-139
1767171673.748238,4,-7,-142
1767171673.758238,1,-6,-141
1767171673.768238,5,-4,-141
1767171673.778238,3,-7,-141
1767171673.788238,3,-9,-143
1767171673.798238,4,-4,-153
1767171673.8082385,5,-4,-150
1767171673.8182385,4,-2,-151
1767171673.8282382,5,-3,-138
1767171673.8382382,11,0,-143
1767171673.8482382,3,1,-143
1767171673.8582382,2,4,-147
1767171673.8682382,3,1,-154
1767171673.8782382,0,-2,-153
1767171673.8882382,-2,-3,-147
1767171673.8982382,-3,-3,-145
1767171673.9082382,-5,0,-146
1767171673.9182382,-3,-3,-152
1767171673.9282382,-4,-5,-156
1767171673.938238,-7,-2,-151
1767171673.948238,-5,-5,-144
1767171673.958238,2,-8,-146
1767171673.968238,3,-13,-147
1767171673.978238,2,-10,-142
1767171673.988238,0,-10,-144
1767171673.998238,2,-9,-145
1767171674.008238,4,-6,-145
1767171674.018238,7,-5,-151
1767171674.028238,3,-3,-153
1767171674.038238,-1,-5,-149
1767171674.048238,-3,-3,-152
1767171674.0582385,-2,-2,-156
1767171674.0682385,-2,0,-158
1767171674.0782382,-1,1,-151
1767171674.0882382,0,1,-151
1767171674.0982382,-1,4,-156
1767171674.1082382,-2,2,-155
1767171674.1182382,0,3,-151
1767171674.1282382,-1,0,-149
1767171674.1382382,0,-2,-152
1767171674.1482382,1,-4,-150
1767171674.1582382,3,-2,-150
1767171674.1682382,8,-1,-153
1767171674.1782382,10,-2,-153
1767171674.188238,5,-2,-149
1767171674.198238,5,-3,-149
1767171674.208238,2,-3,-151
1767171674.218238,-1,0,-150
1767171674.228238,0,0,-148
1767171674.238238,0,1,-142
1767171674.248238,0,-2,-140
1767171674.258238,-1,-4,-137
1767171674.268238,1,-1,-134
1767171674.278238,-3,0,-141
1767171674.288238,-1,0,-146
1767171674.298238,0,0,-150
1767171674.3082385,-1,-2,-149
1767171674.3182385,-2,-4,-150
1767171674.3282382,-4,-3,-150
1767171674.3382382,-6,-4,-143
1767171674.3482382,-2,-5,-149
1767171674.3582382,-3,-6,-149
1767171674.3682382,-3,-2,-150
1767171674.3782382,0,0,-152
1767171674.3882382,1,0,-148
1767171674.3982382,-1,4,-149
1767171674.4082382,-3,6,-150
1767171674.4182382,-2,9,-148
1767171674.4282382,0,7,-148
1767171674.438238,0,4,-153
1767171674.448238,-2,10,-153
1767171674.458238,0,4,-147
1767171674.468238,0,3,-144
1767171674.478238,-6,2,-145
1767171674.488238,-6,0,-146
1767171674.498238,-4,1,-142
1767171674.508238,0,0,-139
1767171674.518238,0,0,-135
1767171674.528238,-2,-1,-135
1767171674.538238,-4,0,-140
1767171674.548238,-1,1,-143
1767171674.5582385,-3,0,-147
1767171674.5682385,1,3,-149
1767171674.5782382,6,2,-149
1767171674.5882382,4,1,-147
1767171674.5982382,4,-1,-147
1767171674.6082382,3,0,-150
1767171674.6182382,0,3,-149
1767171674.6282382,0,0,-158
1767171674.6382382,0,1,-156
1767171674.6482382,-3,1,-153
1767171674.6582382,-5,1,-153
1767171674.6682382,-1,-1,-149
1767171674.6782382,-2,3,-144
1767171674.688238,-7,-1,-142
1767171674.698238,-4,-6,-144
1767171674.708238,-5,-5,-142
1767171674.718238,-4,-2,-143
1767171674.728238,-3,-1,-140
1767171674.738238,0,-1,-138
1767171674.748238,3,-1,-142
1767171674.758238,3,3,-143
1767171674.768238,2,0,-145
1767171674.778238,3,-6,-144
1767171674.788238,-3,-11,-146
1767171674.798238,-5,-14,-144
1767171674.8082385,0,-11,-143
1767171674.8182385,2,-9,-139
1767171674.8282382,2,-7,-141
1767171674.8382382,3,0,-154
1767171674.8482382,0,0,-153
1767171674.8582382,0,4,-152
1767171674.8682382,-4,5,-145
1767171674.8782382,-1,3,-145
1767171674.8882382,1,7,-141
1767171674.8982382,5,7,-142
1767171674.9082382,8,3,-144
1767171674.9182382,5,0,-146
1767171674.9282382,6,-2,-151
1767171674.938238,4,0,-151
1767171674.948238,5,-2,-153
1767171674.958238,1,-2,-152
1767171674.968238,1,-4,-149
1767171674.978238,5,-4,-142
1767171674.988238,6,-6,-143
1767171674.998238,3,0,-149
1767171675.008238,3,-1,-136
1767171675.018238,3,0,-136
1767171675.028238,1,0,-135
1767171675.038238,2,-5,-137
1767171675.048238,5,-5,-139
1767171675.0582385,0,-3,-140
1767171675.0682385,0,-6,-140
1767171675.0782382,-2,-6,-141
1767171675.0882382,-6,-4,-139
1767171675.0982382,-2,-1,-138
1767171675.1082382,0,0,-139
1767171675.1182382,1,1,-139
1767171675.1282382,0,3,-131
1767171675.1382382,2,0,-138
1767171675.1482382,0,-4,-137
1767171675.1582382,1,-4,-132
1767171675.1682382,2,-2,-136
1767171675.1782382,-2,-1,-134
1767171675.188238,-1,-1,-143
1767171675.198238,2,-1,-146
1767171675.208238,6,-1,-147
1767171675.218238,8,2,-148
1767171675.228238,5,2,-143
1767171675.238238,4,1,-144
1767171675.248238,3,-2,-143
1767171675.258238,1,-5,-142
1767171675.268238,0,-3,-136
1767171675.278238,-1,0,-139
1767171675.288238,1,0,-142
1767171675.298238,1,-1,-138
1767171675.3082385,0,0,-136
1767171675.3182385,-2,0,-137
1767171675.3282382,-3,0,-135
1767171675.3382382,-1,-2,-138
1767171675.3482382,2,0,-134
1767171675.3582382,1,-2,-138
1767171675.3682382,2,-1,-138
1767171675.3782382,0,-1,-140
1767171675.3882382,2,-4,-146
1767171675.3982382,0,-4,-152
1767171675.4082382,-4,-4,-151
1767171675.4182382,0,-4,-143
1767171675.4282382,3,-4,-139
1767171675.438238,4,-3,-139
1767171675.448238,0,-3,-139
1767171675.458238,0,-5,-135
1767171675.468238,-1,-5,-135
1767171675.478238,3,-4,-128
1767171675.488238,0,-1,-134
1767171675.4992385,-1,-5,-136
1767171675.508238,-2,-4,-130
1767171675.5192382,0,-4,-130
1767171675.528238,3,-4,-133
1767171675.5392382,7,-2,-134
1767171675.5492382,9,-1,-131
1767171675.5592382,3,0,-134
1767171675.5692382,0,-4,-139
1767171675.5782382,-3,-1,-132
1767171675.5892382,0,0,-137
1767171675.5992382,2,-2,-143
1767171675.609238,1,-5,-146
1767171675.619238,2,-9,-149
1767171675.6282382,2,-5,-150
1767171675.639238,3,-5,-146
1767171675.649238,3,-5,-146
1767171675.659238,2,1,-149
1767171675.669238,0,0,-146
1767171675.6782382,0,1,-148
1767171675.689238,4,0,-142
1767171675.699238,2,0,-137
1767171675.709238,0,-2,-133
1767171675.719238,0,-4,-136
1767171675.728238,-1,-1,-134
1767171675.7392385,-2,0,-139
1767171675.7492385,0,2,-147
1767171675.7592382,2,3,-145
1767171675.7692382,2,3,-149
1767171675.7792382,0,10,-147
1767171675.7892382,1,10,-147
1767171675.7992382,-2,5,-153
1767171675.8092382,-1,1,-149
1767171675.8192382,2,5,-144
1767171675.8292382,1,1,-139
1767171675.8392382,4,5,-144
1767171675.8492382,1,1,-142
1767171675.859238,0,-1,-144
1767171675.869238,-1,1,-150
1767171675.879238,-1,2,-148
1767171675.889238,-3,0,-144
1767171675.899238,-2,5,-147
1767171675.909238,0,7,-147
1767171675.919238,3,4,-144
1767171675.929238,2,7,-142
1767171675.939238,0,7,-148
1767171675.949238,0,4,-150
1767171675.959238,0,2,-149
1767171675.969238,1,1,-150
1767171675.9792385,1,0,-145
1767171675.9892385,3,-2,-142
1767171675.9992385,2,-1,-141
1767171676.0092382,0,-1,-141
1767171676.0192382,2,2,-146
1767171676.0292382,1,1,-151
1767171676.0392382,1,3,-153
1767171676.0492382,3,0,-148
1767171676.0592382,4,0,-141
1767171676.0692382,4,-1,-138
1767171676.0792382,4,-2,-133
1767171676.0892382,7,-5,-139
1767171676.0992382,6,-4,-142
1767171676.109238,7,-4,-139
1767171676.119238,4,-1,-139
1767171676.129238,6,1,-146
1767171676.139238,3,0,-141
1767171676.149238,4,0,-142
1767171676.159238,0,0,-150
1767171676.169238,0,-6,-148
1767171676.179238,1,-7,-148
1767171676.189238,3,-5,-146
1767171676.199238,1,-7,-145
1767171676.209238,-5,-4,-146
1767171676.219238,-5,-8,-151
1767171676.2292385,-6,-6,-141
1767171676.2392385,-8,-3,-150
1767171676.2492385,-12,-4,-154
1767171676.2592382,-14,-3,-149
1767171676.2692382,-10,0,-149
1767171676.2792382,-6,0,-146
1767171676.2892382,-1,2,-151
1767171676.2992382,5,2,-153
1767171676.3092382,8,1,-149
1767171676.3192382,7,-2,-151
1767171676.3292382,1,-4,-150
1767171676.3392382,-6,-4,-149
1767171676.3492382,-5,-5,-144
1767171676.359238,-4,-6,-146
1767171676.369238,-4,-9,-148
1767171676.379238,-7,-5,-145
1767171676.389238,-10,-4,-144
1767171676.399238,-7,-2,-142
1767171676.409238,-1,-7,-143
1767171676.419238,1,-8,-143
1767171676.429238,0,-4,-141
1767171676.439238,-4,-2,-144
1767171676.449238,-7,-4,-140
1767171676.459238,-5,-2,-145
1767171676.469238,-2,-2,-144
1767171676.4792385,-6,-1,-146
1767171676.4892385,-1,-3,-148
1767171676.4992385,0,-2,-146
1767171676.5092382,0,0,-137
1767171676.5192382,-1,2,-135
1767171676.5292382,-1,1,-129
1767171676.5392382,0,1,-127
1767171676.5492382,0,4,-135
1767171676.5592382,0,1,-138
1767171676.5692382,5,0,-139
1767171676.5792382,8,0,-137
1767171676.5892382,7,-1,-134
1767171676.610238,5,1,-138
1767171676.619238,4,0,-149
1767171676.629238,0,-1,-155
1767171676.639238,5,0,-152
1767171676.649238,9,0,-153
1767171676.659238,13,0,-147
1767171676.669238,8,-4,-141
1767171676.679238,3,-2,-139
1767171676.689238,0,-1,-135
1767171676.699238,2,3,-138
1767171676.709238,1,2,-145
1767171676.719238,0,4,-145
1767171676.7292385,-3,2,-149
1767171676.7392385,0,-1,-149
1767171676.7492385,2,-2,-143
1767171676.7592382,-1,-3,-146
1767171676.7692382,-2,0,-147
1767171676.7792382,-3,-4,-140
1767171676.7892382,-1,-2,-141
1767171676.7992382,0,-3,-148
1767171676.8092382,0,-1,-150
1767171676.8192382,-1,-1,-146
1767171676.8292382,-2,-3,-154
1767171676.8392382,-6,-1,-153
1767171676.8492382,-5,1,-153
1767171676.859238,0,3,-144
1767171676.869238,-2,1,-137
1767171676.879238,0,0,-135
1767171676.889238,0,-2,-142
1767171676.899238,-2,-7,-145
1767171676.909238,-3,-7,-143
1767171676.919238,-1,-7,-143
1767171676.929238,5,-3,-143
1767171676.939238,5,-2,-144
1767171676.949238,0,-4,-140
1767171676.959238,0,-6,-145
1767171676.969238,1,-8,-142
1767171676.9792385,-2,-6,-133
1767171676.9892385,6,-5,-136
1767171676.9992385,2,-6,-136
1767171677.0092382,2,-6,-143
1767171677.0192382,4,-7,-148
1767171677.0292382,2,-7,-148
1767171677.0392382,-3,-6,-144
1767171677.0492382,-5,-5,-148
1767171677.0592382,-2,1,-155
1767171677.0692382,0,3,-147
1767171677.0792382,1,0,-151
1767171677.0892382,-1,-5,-152
1767171677.0992382,0,-5,-154
1767171677.109238,0,0,-149
1767171677.119238,-2,1,-147
1767171677.129238,-7,1,-142
1767171677.139238,-3,1,-137
1767171677.149238,-1,2,-140
1767171677.159238,-7,0,-144
1767171677.169238,-10,0,-143
1767171677.179238,-6,-6,-146
1767171677.189238,-1,-5,-143
1767171677.199238,0,-6,-140
1767171677.209238,0,-2,-139
1767171677.219238,-1,-5,-140
1767171677.2292385,-3,-4,-138
1767171677.2392385,-5,-2,-142
1767171677.2492385,-7,-3,-151
1767171677.2592382,-5,0,-156
1767171677.2692382,-6,0,-153
1767171677.2792382,-5,-2,-152
1767171677.2892382,-1,-1,-149
1767171677.2992382,-1,-2,-148
1767171677.3092382,-1,-4,-142
1767171677.3192382,1,-5,-141
1767171677.3292382,0,-5,-150
1767171677.3392382,-2,-5,-148
1767171677.3492382,-2,-4,-143
1767171677.359238,0,-6,-143
1767171677.369238,-4,-4,-146
1767171677.379238,-5,-7,-147
1767171677.389238,-6,-6,-150
1767171677.399238,-7,-4,-154
1767171677.409238,-3,-3,-154
1767171677.419238,-3,-6,-152
1767171677.429238,-1,-6,-144
1767171677.439238,0,-7,-139
1767171677.449238,0,-3,-135
1767171677.459238,1,1,-129
1767171677.469238,5,0,-129
1767171677.4792385,4,1,-136
1767171677.4892385,2,3,-139
1767171677.4992385,1,2,-136
1767171677.5092382,2,1,-136
1767171677.5192382,-1,4,-141
1767171677.5292382,0,6,-147
1767171677.5392382,4,3,-144
1767171677.5492382,5,1,-138
1767171677.5592382,5,1,-139
1767171677.5692382,8,0,-136
1767171677.5792382,8,-2,-136
1767171677.5892382,5,-4,-141
1767171677.5992382,2,-6,-146
1767171677.609238,-1,-5,-146
1767171677.619238,-2,-3,-142
1767171677.629238,-7,-4,-141
1767171677.639238,-9,-9,-140
1767171677.649238,-11,-7,-142
1767171677.659238,-12,-5,-132
1767171677.669238,-10,-6,-138
1767171677.679238,-5,-5,-137
1767171677.689238,-2,-5,-139
1767171677.699238,-1,-2,-141
1767171677.709238,1,-5,-138
1767171677.719238,5,-6,-140
1767171677.7292385,6,-2,-139
1767171677.7392385,3,0,-147
1767171677.7492385,6,3,-151
1767171677.7592382,3,5,-153
1767171677.7692382,1,5,-157
1767171677.7792382,0,3,-154
1767171677.7892382,0,2,-149
1767171677.7992382,0,3,-141
1767171677.8092382,-3,4,-150
1767171677.8192382,-6,7,-147
1767171677.8292382,-4,2,-145
1767171677.8392382,0,1,-144
1767171677.8492382,-1,2,-140
1767171677.859238,-1,4,-145
1767171677.869238,0,4,-152
1767171677.879238,5,0,-152
1767171677.889238,0,0,-147
1767171677.899238,-1,3,-147
1767171677.909238,-2,2,-145
1767171677.919238,-4,0,-145
1767171677.929238,0,-1,-144
1767171677.939238,3,-2,-142
1767171677.949238,4,-2,-145
1767171677.959238,0,-3,-143
1767171677.969238,1,0,-144
1767171677.9792385,4,-1,-140
1767171677.9892385,2,-3,-137
1767171677.9992385,1,1,-136
1767171678.0092382,-1,2,-143
1767171678.0202382,-1,3,-142
1767171678.0292382,-2,1,-134
1767171678.0392382,-1,0,-138
1767171678.050238,-2,-2,-135
1767171678.060238,-5,-2,-133
1767171678.070238,-4,-2,-138
1767171678.080238,0,-6,-143
1767171678.090238,0,-7,-147
1767171678.100238,0,-5,-149
1767171678.110238,1,-5,-142
1767171678.120238,2,0,-147
1767171678.130238,1,1,-151
1767171678.140238,-1,-1,-148
1767171678.150238,-3,0,-146
1767171678.1602385,-3,0,-148
1767171678.1702385,-9,0,-156
1767171678.1802382,-9,1,-158
1767171678.1902382,-11,0,-155
1767171678.2002382,-11,0,-152
1767171678.2102382,-7,-6,-150
1767171678.2202382,-1,-8,-155
1767171678.2302382,0,-9,-148
1767171678.2402382,3,-10,-149
1767171678.2502382,2,-1,-153
1767171678.2602382,6,2,-150
1767171678.2702382,3,5,-151
1767171678.2802382,1,5,-154
1767171678.290238,0,2,-147
1767171678.300238,1,2,-144
1767171678.310238,-2,2,-142
1767171678.320238,0,-2,-149
1767171678.330238,0,-4,-151
1767171678.340238,0,4,-153
1767171678.350238,0,0,-148
1767171678.360238,0,0,-145
1767171678.370238,4,4,-145
1767171678.380238,3,4,-143
1767171678.390238,1,3,-142
1767171678.400238,-3,6,-136
1767171678.4102385,-1,3,-141
1767171678.4202385,2,-3,-140
1767171678.4302382,1,-1,-137
1767171678.4402382,-2,0,-137
1767171678.4502382,-3,-1,-135
1767171678.4602382,0,-1,-139
1767171678.4702382,-1,-5,-139
1767171678.4802382,3,-6,-140
1767171678.4902382,0,-4,-142
1767171678.5002382,4,-5,-145
1767171678.5102382,5,-4,-143
1767171678.5202382,6,-1,-135
1767171678.5302382,5,-3,-131
1767171678.540238,7,3,-130
1767171678.550238,9,6,-132
1767171678.560238,10,3,-143
1767171678.570238,4,5,-148
1767171678.580238,3,3,-142
1767171678.590238,1,2,-142
1767171678.600238,6,4,-145
1767171678.610238,7,0,-146
1767171678.620238,6,1,-143
1767171678.630238,1,4,-138
1767171678.640238,4,5,-136
1767171678.650238,3,2,-136
1767171678.6602385,2,-1,-137
1767171678.6702385,0,1,-141
1767171678.6802382,3,2,-146
1767171678.6902382,0,4,-145
1767171678.7002382,0,5,-139
1767171678.7102382,0,2,-138
1767171678.7202382,1,-3,-131
1767171678.7302382,3,-3,-129
1767171678.7402382,0,-2,-136
1767171678.7502382,0,-1,-138
1767171678.7602382,0,-1,-138
1767171678.7702382,1,1,-138
1767171678.7802382,2,1,-138
1767171678.790238,2,4,-137
1767171678.800238,0,4,-137
1767171678.810238,0,6,-137
1767171678.820238,1,4,-137
1767171678.830238,-2,3,-140
1767171678.840238,-7,-1,-141
1767171678.850238,-7,-1,-146
1767171678.860238,-4,0,-144
1767171678.870238,0,3,-143
1767171678.880238,1,6,-147
1767171678.890238,2,3,-146
1767171678.900238,0,1,-145
1767171678.9102385,-1,3,-152
1767171678.9202385,0,-2,-150
1767171678.9302382,1,-1,-154
1767171678.9402382,6,-1,-156
1767171678.9502382,6,-1,-150
1767171678.9602382,2,0,-146
1767171678.9702382,-1,-3,-141
1767171678.9802382,0,-8,-136
1767171678.9902382,0,-6,-139
1767171679.0002382,-3,-3,-146
1767171679.0102382,-8,-4,-142
1767171679.0202382,-7,-6,-137
1767171679.0302382,-7,-6,-135
1767171679.040238,-8,-6,-136
1767171679.050238,-5,-1,-143
1767171679.060238,-10,3,-148
1767171679.070238,-7,0,-150
1767171679.080238,-6,1,-147
1767171679.090238,-11,-1,-148
1767171679.100238,-12,-6,-153
1767171679.110238,-10,-6,-147
1767171679.120238,-6,-3,-143
1767171679.130238,-3,-2,-151
1767171679.140238,-3,-1,-154
1767171679.150238,-3,-2,-155
1767171679.1602385,-1,-2,-154
1767171679.1702385,-2,0,-150
1767171679.1802382,-3,0,-144
1767171679.1902382,-5,0,-141
1767171679.2002382,-6,3,-144
1767171679.2102382,-1,2,-150
1767171679.2202382,-1,2,-148
1767171679.2302382,0,3,-152
1767171679.2402382,0,0,-146
1767171679.2502382,5,2,-146
1767171679.2602382,3,0,-151
1767171679.2702382,0,4,-143
1767171679.2802382,-3,2,-146
1767171679.290238,-2,2,-147
1767171679.300238,-4,0,-144
1767171679.310238,-1,2,-147
1767171679.320238,0,1,-137
1767171679.330238,1,0,-139
1767171679.340238,3,0,-136
1767171679.350238,0,0,-137
1767171679.360238,1,4,-137
1767171679.370238,2,1,-139
1767171679.380238,0,0,-141
1767171679.390238,1,3,-146
1767171679.400238,1,4,-148
1767171679.4102385,0,3,-148
1767171679.4202385,1,0,-142
1767171679.4302382,-1,1,-138
1767171679.4402382,0,0,-135
1767171679.4502382,-3,-1,-137
1767171679.4602382,1,-3,-136
1767171679.4702382,1,0,-138
1767171679.4802382,0,2,-142
1767171679.4902382,-2,-2,-147
1767171679.5002382,-2,-4,-147
1767171679.5102382,-2,-3,-146
1767171679.5202382,-1,-3,-144
1767171679.5302382,1,-5,-142
1767171679.540238,0,-3,-140
1767171679.550238,1,-2,-139
1767171679.560238,-3,-2,-138
1767171679.570238,-4,-2,-136
1767171679.580238,-1,-1,-138
1767171679.590238,0,-3,-144
1767171679.600238,0,-2,-144
1767171679.610238,0,1,-147
1767171679.620238,3,2,-140
1767171679.630238,4,5,-134
1767171679.640238,0,6,-131
1767171679.650238,0,5,-133
1767171679.6602385,-5,1,-136
1767171679.6702385,-5,-3,-133
1767171679.6802382,-4,-1,-137
1767171679.6902382,-7,0,-138
1767171679.7002382,-7,-2,-143
1767171679.7102382,-3,-6,-148
1767171679.7202382,-3,-8,-145
1767171679.7302382,-4,-5,-148
1767171679.7402382,-5,-6,-152
1767171679.7502382,-5,-10,-148
1767171679.7602382,-3,-5,-151
1767171679.7702382,-3,-1,-154
1767171679.7802382,-2,0,-150
1767171679.790238,-2,-1,-150
1767171679.800238,-3,-1,-144
1767171679.810238,-1,-3,-147
1767171679.820238,-4,-1,-147
1767171679.830238,0,-3,-146
1767171679.840238,0,0,-143
1767171679.850238,-6,-1,-143
1767171679.860238,-9,-1,-144
1767171679.870238,-6,-4,-143
1767171679.880238,-2,2,-145
1767171679.890238,-1,2,-141
1767171679.900238,-2,3,-142
1767171679.9102385,-3,3,-145
1767171679.9202385,0,0,-144
1767171679.9302382,-5,-2,-143
1767171679.9402382,-4,-3,-142
1767171679.9502382,-4,-2,-145
1767171679.9602382,-8,2,-148
1767171679.9702382,-6,0,-149
1767171679.9802382,-7,4,-153
1767171679.9902382,-3,0,-154
1767171680.0002382,-6,0,-155
1767171680.0102382,-8,2,-157
1767171680.0202382,-7,1,-156
1767171680.0302382,-4,0,-155
1767171680.040238,-7,2,-158
1767171680.050238,-8,4,-156
1767171680.060238,-1,1,-153
1767171680.070238,1,-2,-147
1767171680.080238,3,-4,-141
1767171680.090238,2,-4,-142
1767171680.100238,0,-3,-138
1767171680.110238,0,3,-133
1767171680.120238,1,8,-133
1767171680.130238,5,8,-134
1767171680.140238,6,6,-139
1767171680.150238,4,6,-138
1767171680.1602385,0,2,-138
1767171680.1702385,-2,0,-140
1767171680.1802382,-4,0,-143
1767171680.1902382,-5,-3,-146
1767171680.2002382,-3,-1,-151
1767171680.2102382,-5,-5,-156
1767171680.2202382,-6,-4,-153
1767171680.2302382,-5,-6,-148
1767171680.2402382,0,-2,-148
1767171680.2502382,-3,0,-146
1767171680.2602382,-5,0,-145
1767171680.2702382,-5,0,-153
1767171680.2802382,-6,2,-147
1767171680.290238,-7,1,-147
1767171680.300238,-6,-1,-149
1767171680.310238,0,1,-141
1767171680.320238,1,-1,-140
1767171680.330238,-1,-1,-140
1767171680.340238,-1,0,-147
1767171680.350238,-1,-1,-149
1767171680.360238,-5,0,-147
1767171680.370238,-7,2,-152
1767171680.380238,-5,5,-151
1767171680.390238,-1,4,-149
1767171680.400238,-3,2,-152
1767171680.4102385,0,7,-152
1767171680.4202385,-1,7,-151
1767171680.4302382,-1,4,-150
1767171680.4402382,-3,4,-143
1767171680.4502382,-2,3,-144
1767171680.4602382,-1,2,-145
1767171680.4702382,-1,1,-144
1767171680.4802382,-2,1,-141
1767171680.4902382,1,3,-142
1767171680.5002382,3,-2,-142
1767171680.5102382,0,-3,-146
1767171680.5202382,-5,-3,-145
1767171680.5302382,-5,2,-145
1767171680.540238,-5,4,-140
1767171680.550238,-3,8,-146
1767171680.560238,4,7,-148
1767171680.571238,4,7,-145
1767171680.5812385,2,0,-144
1767171680.5912385,0,0,-137
1767171680.6012385,0,-1,-135
1767171680.6112382,2,-4,-141
1767171680.6212382,2,-5,-137
1767171680.6312382,0,-2,-139
1767171680.6412382,-3,-4,-142
1767171680.6512382,-2,-3,-144
1767171680.6612382,-1,-3,-139
1767171680.6712382,3,-5,-139
1767171680.6812382,8,-3,-138
1767171680.6912382,4,-5,-139
1767171680.7012382,2,-2,-140
1767171680.711238,2,4,-130
1767171680.721238,4,3,-127
1767171680.731238,3,0,-130
1767171680.741238,3,-1,-134
1767171680.751238,1,-1,-138
1767171680.761238,1,-4,-137
1767171680.771238,1,-5,-141
1767171680.781238,-3,-4,-150
1767171680.791238,-4,-8,-150
1767171680.801238,-2,-10,-143
1767171680.811238,-1,-3,-141
1767171680.821238,2,3,-151
1767171680.8312385,3,6,-152
1767171680.8412385,0,0,-150
1767171680.8512385,-3,-2,-153
1767171680.8612382,-3,-6,-149
1767171680.8712382,0,-3,-149
1767171680.8812382,0,-6,-147
1767171680.8912382,0,-7,-150
1767171680.9012382,0,-2,-150
1767171680.9112382,6,0,-147
1767171680.9212382,7,0,-151
1767171680.9312382,7,-3,-153
1767171680.9412382,5,0,-150
1767171680.9512382,1,3,-145
1767171680.961238,4,0,-151
1767171680.971238,6,-4,-155
1767171680.981238,1,-5,-158
1767171680.991238,-1,-5,-153
1767171681.001238,0,-1,-148
1767171681.011238,1,0,-146
1767171681.021238,0,0,-148
1767171681.031238,4,3,-154
1767171681.041238,7,0,-149
1767171681.051238,10,0,-142
1767171681.061238,8,-1,-141
1767171681.071238,10,0,-149
1767171681.0812385,4,-4,-151
1767171681.0912385,3,-8,-153
1767171681.1012385,1,-10,-154
1767171681.1112382,-1,-5,-153
1767171681.1212382,-2,-3,-148
1767171681.1312382,-4,0,-149
1767171681.1412382,-4,0,-143
1767171681.1512382,-4,0,-150
1767171681.1612382,-3,0,-152
1767171681.1712382,0,0,-153
1767171681.1812382,3,-4,-150
1767171681.1912382,2,-6,-144
1767171681.2012382,2,-5,-140
1767171681.211238,3,-7,-138
1767171681.221238,2,-7,-143
1767171681.231238,-1,-5,-145
1767171681.241238,-1,-4,-148
1767171681.251238,0,-7,-147
1767171681.261238,1,-6,-151
1767171681.271238,-2,-8,-153
1767171681.281238,-4,-6,-149
1767171681.291238,-6,-5,-148
1767171681.301238,-5,-1,-147
1767171681.311238,-3,0,-150
1767171681.321238,-3,-1,-149
1767171681.3312385,0,-3,-142
1767171681.3412385,-3,-2,-142
1767171681.3512385,0,-4,-139
1767171681.3612382,-1,-5,-137
1767171681.3712382,-1,-2,-139
1767171681.3812382,-3,-1,-141
1767171681.3912382,1,1,-139
1767171681.4012382,4,-2,-138
1767171681.4112382,5,-1,-140
1767171681.4212382,6,0,-141
1767171681.4312382,6,0,-142
1767171681.4412382,7,-1,-147
1767171681.4512382,4,0,-150
1767171681.461238,3,1,-148
1767171681.471238,-1,1,-146
1767171681.481238,-2,3,-143
1767171681.491238,-1,-1,-142
1767171681.501238,-2,-5,-142
1767171681.511238,0,-7,-136
1767171681.521238,0,-6,-140
1767171681.531238,1,-8,-136
1767171681.541238,0,-7,-138
1767171681.551238,0,-4,-137
1767171681.561238,2,-4,-135
1767171681.571238,1,-5,-134
1767171681.5812385,0,-3,-138
1767171681.5912385,-7,-4,-130
1767171681.6012385,-3,-4,-132
1767171681.623238,-4,-1,-132
1767171681.6312382,0,0,-136
1767171681.6412382,3,-2,-141
1767171681.6512382,5,-3,-150
1767171681.6612382,7,-4,-153
1767171681.6712382,3,-6,-147
1767171681.6812382,0,-5,-144
1767171681.6912382,0,-6,-140
1767171681.7012382,0,-10,-133
1767171681.711238,0,-8,-135
1767171681.721238,1,-7,-134
1767171681.731238,0,-10,-138
1767171681.741238,-5,-13,-141
1767171681.751238,-4,-12,-143
1767171681.761238,3,-9,-144
1767171681.771238,0,-5,-143
1767171681.781238,1,-3,-136
1767171681.791238,0,0,-139
1767171681.801238,4,4,-138
1767171681.811238,3,6,-152
1767171681.821238,4,3,-151
1767171681.8312385,2,0,-149
1767171681.8412385,2,-2,-151
1767171681.8512385,1,-5,-151
1767171681.8612382,0,-4,-149
1767171681.8712382,-2,-4,-140
1767171681.8812382,0,-5,-137
1767171681.8912382,0,-1,-135
1767171681.9012382,0,0,-140
1767171681.9112382,-1,-2,-141
1767171681.9212382,0,0,-140
1767171681.9312382,2,0,-141
1767171681.9412382,0,2,-145
1767171681.9512382,2,0,-145
1767171681.961238,1,-2,-146
1767171681.971238,0,-1,-155
1767171681.981238,-3,2,-159
1767171681.991238,-3,-1,-152
1767171682.001238,0,0,-142
1767171682.011238,0,2,-139
1767171682.021238,2,-2,-139
1767171682.031238,2,-5,-142
1767171682.041238,4,-7,-141
1767171682.051238,2,-3,-140
1767171682.061238,0,-5,-138
1767171682.071238,2,-7,-143
1767171682.0812385,5,-10,-148
1767171682.0912385,4,-11,-145
1767171682.1012385,1,-10,-140
1767171682.1112382,0,-8,-138
1767171682.1212382,0,-4,-146
1767171682.1312382,0,-4,-147
1767171682.1412382,0,-2,-150
1767171682.1512382,0,4,-146
1767171682.1612382,0,5,-136
1767171682.1712382,-3,3,-139
1767171682.1812382,-5,0,-139
1767171682.1912382,-7,0,-137
1767171682.2012382,-8,-2,-132
1767171682.211238,-7,-2,-136
1767171682.221238,-8,0,-136
1767171682.231238,-6,1,-137
1767171682.241238,-3,1,-137
1767171682.251238,2,-1,-138
1767171682.261238,0,-8,-140
1767171682.271238,2,-10,-143
1767171682.281238,1,-6,-145
1767171682.291238,2,-5,-144
1767171682.301238,4,-5,-142
1767171682.311238,2,-5,-142
1767171682.321238,1,-1,-148
1767171682.3312385,3,0,-147
1767171682.3412385,5,-1,-149
1767171682.3512385,1,0,-140
1767171682.3612382,0,4,-146
1767171682.3712382,1,1,-151
1767171682.3812382,-2,1,-145
1767171682.3912382,0,-2,-144
1767171682.4012382,-3,0,-139
1767171682.4112382,0,1,-136
1767171682.4212382,0,2,-139
1767171682.4312382,0,4,-135
1767171682.4412382,1,2,-134
1767171682.4512382,-4,-1,-140
1767171682.461238,0,-1,-141
1767171682.471238,3,0,-144
1767171682.481238,2,0,-140
1767171682.491238,4,0,-141
1767171682.501238,6,0,-147
1767171682.511238,4,-3,-145
1767171682.521238,-4,-1,-139
1767171682.531238,-1,-4,-139
1767171682.541238,-4,-6,-146
1767171682.551238,-6,-8,-149
1767171682.561238,-2,-6,-148
1767171682.571238,1,-1,-146
1767171682.5812385,1,-1,-147
1767171682.5912385,0,0,-146
1767171682.6012385,0,-4,-148
1767171682.6112382,0,-4,-147
1767171682.6212382,0,-4,-145
1767171682.6312382,-3,-2,-139
1767171682.6412382,-1,0,-137
1767171682.6512382,-2,-3,-138
1767171682.6612382,-3,-3,-134
1767171682.6712382,1,-1,-138
1767171682.6812382,1,-3,-147
1767171682.6912382,6,-2,-147
1767171682.7012382,2,1,-152
1767171682.711238,1,-1,-156
1767171682.721238,1,1,-154
1767171682.731238,5,5,-155
1767171682.741238,5,3,-152
1767171682.751238,6,5,-145
1767171682.761238,3,0,-140
1767171682.771238,5,-2,-138
1767171682.781238,7,-6,-142
1767171682.791238,6,-5,-143
1767171682.801238,4,-7,-151
1767171682.811238,6,-6,-149
1767171682.821238,7,-3,-147
1767171682.8312385,3,-5,-148
1767171682.8412385,3,-5,-143
1767171682.8512385,4,-2,-137
1767171682.8612382,3,-3,-135
1767171682.8712382,2,0,-137
1767171682.8812382,2,0,-132
1767171682.8912382,1,4,-139
1767171682.9012382,1,2,-134
1767171682.9112382,4,2,-139
1767171682.9212382,1,0,-142
1767171682.9312382,-5,-4,-149
1767171682.9412382,-3,-2,-142
1767171682.9512382,-3,-5,-139
1767171682.961238,-1,-9,-135
1767171682.971238,0,-10,-136
1767171682.981238,-2,-9,-141
1767171682.991238,-2,-8,-148
1767171683.001238,0,-6,-142
1767171683.011238,0,-4,-140
1767171683.021238,0,0,-141
1767171683.031238,2,-4,-139
1767171683.0422382,4,-6,-142
1767171683.051238,-1,-7,-142
1767171683.061238,-3,-8,-144
1767171683.0722382,-1,-8,-146
1767171683.0822382,2,-8,-147
1767171683.0922382,2,-9,-147
1767171683.1022382,0,-8,-149
1767171683.1122382,0,-6,-150
1767171683.1222382,-1,-4,-150
1767171683.132238,-1,-4,-145
1767171683.142238,-1,-6,-149
1767171683.152238,-3,-6,-147
1767171683.162238,-1,-6,-145
1767171683.172238,-2,0,-145
1767171683.182238,-1,1,-144
1767171683.192238,-1,0,-146
1767171683.202238,0,0,-141
1767171683.212238,1,-3,-132
1767171683.222238,-1,-5,-128
1767171683.232238,1,-4,-128
1767171683.242238,-4,-6,-133
1767171683.252238,-5,-4,-135
1767171683.2622385,-4,-5,-137
1767171683.2722385,-4,-4,-135
1767171683.2822382,-1,-5,-131
1767171683.2922382,-1,-1,-140
1767171683.3022382,-2,-1,-144
1767171683.3122382,-2,-2,-141
1767171683.3222382,-2,-1,-142
1767171683.3322382,1,-1,-143
1767171683.3422382,3,-3,-151
1767171683.3522382,2,0,-146
1767171683.3622382,1,0,-142
1767171683.3722382,1,0,-141
1767171683.382238,2,2,-136
1767171683.392238,1,-3,-135
1767171683.402238,3,-2,-138
1767171683.412238,2,-3,-144
1767171683.422238,4,-7,-149
1767171683.432238,3,-5,-153
1767171683.442238,1,-6,-154
1767171683.452238,1,-5,-150
1767171683.462238,5,-2,-148
1767171683.472238,0,-5,-150
1767171683.482238,-3,-3,-143
1767171683.492238,-3,-2,-139
1767171683.502238,-4,0,-143
1767171683.5122385,-1,-3,-146
1767171683.5222385,-2,0,-152
1767171683.5322382,-6,1,-160
1767171683.5422382,-7,0,-161
1767171683.5522382,-8,0,-157
1767171683.5622382,-7,-4,-153
1767171683.5722382,-2,-2,-150
1767171683.5822382,-2,-3,-146
1767171683.5922382,0,-3,-151
1767171683.6022382,-6,-4,-152
1767171683.6122382,-4,-1,-149
1767171683.6222382,-2,0,-141
1767171683.632238,1,1,-141
1767171683.642238,2,0,-138
1767171683.652238,4,-1,-136
1767171683.662238,1,0,-137
1767171683.672238,1,2,-141
1767171683.682238,0,2,-144
1767171683.692238,0,-1,-145
1767171683.702238,2,-3,-145
1767171683.712238,-1,-5,-143
1767171683.722238,-1,-4,-148
1767171683.732238,-2,-5,-141
1767171683.742238,-2,-6,-138
1767171683.752238,-4,-6,-139
1767171683.7622385,-5,-4,-140
1767171683.7722385,-7,0,-139
1767171683.7822382,-7,-1,-137
1767171683.7922382,-4,-5,-147
1767171683.8022382,-4,-3,-150
1767171683.8122382,-7,0,-150
1767171683.8222382,-4,0,-151
1767171683.8322382,-7,0,-149
1767171683.8422382,-3,1,-148
1767171683.8522382,-3,2,-149
1767171683.8622382,-3,3,-148
1767171683.8722382,0,-2,-143
1767171683.882238,1,-1,-140
1767171683.892238,0,4,-142
1767171683.902238,2,5,-146
1767171683.912238,-4,3,-149
1767171683.922238,-4,1,-139
1767171683.932238,-4,0,-138
1767171683.942238,-3,1,-137
1767171683.952238,-3,0,-138
1767171683.962238,-5,2,-139
1767171683.972238,-3,3,-142
1767171683.982238,-4,4,-144
1767171683.992238,-1,5,-145
1767171684.002238,-2,-1,-143
1767171684.0122385,0,-1,-145
1767171684.0222385,1,-2,-142
1767171684.0322382,-4,-3,-133
1767171684.0422382,-9,-5,-129
1767171684.0522382,-4,-9,-128
1767171684.0622382,-1,-13,-138
1767171684.0722382,-3,-9,-138
1767171684.0822382,-8,-9,-138
1767171684.0922382,-11,-11,-136
1767171684.1022382,-5,-8,-143
1767171684.1122382,-1,-8,-143
1767171684.1222382,0,-4,-146
1767171684.132238,-3,-8,-145
1767171684.142238,-1,-8,-140
1767171684.152238,0,-7,-144
1767171684.162238,0,-5,-152
1767171684.172238,0,-6,-153
1767171684.182238,-6,-4,-152
1767171684.192238,-7,-1,-153
1767171684.202238,-7,-2,-151
1767171684.212238,-1,-1,-147
1767171684.222238,0,-1,-142
1767171684.232238,1,-3,-141
1767171684.242238,2,-4,-141
1767171684.252238,0,-9,-136
1767171684.2622385,3,-7,-143
1767171684.2722385,0,-7,-141
1767171684.2822382,3,-6,-141
1767171684.2922382,5,-6,-140
1767171684.3022382,5,-5,-135
1767171684.3122382,2,-8,-140
1767171684.3222382,1,-7,-144
1767171684.3322382,0,-5,-143
1767171684.3422382,-2,-6,-146
1767171684.3522382,-4,-6,-148
1767171684.3622382,-7,-4,-151
1767171684.3722382,-4,-2,-148
1767171684.382238,-6,-5,-157
1767171684.392238,-2,-2,-160
1767171684.402238,1,0,-157
1767171684.412238,0,2,-158
1767171684.422238,-4,1,-158
1767171684.432238,1,-1,-152
1767171684.442238,0,-1,-148
1767171684.452238,-4,-1,-143
1767171684.462238,2,-4,-142
1767171684.472238,0,-4,-142
1767171684.482238,0,-4,-141
1767171684.492238,0,-2,-141
1767171684.502238,3,-3,-142
1767171684.5122385,3,-3,-144
1767171684.5222385,0,-2,-147
1767171684.5322382,0,-3,-151
1767171684.5422382,0,-1,-146
1767171684.5522382,0,-6,-146
1767171684.5622382,3,-8,-143
1767171684.5722382,1,-10,-150
1767171684.5822382,1,-9,-150
1767171684.5922382,-1,-5,-149
1767171684.6022382,0,-2,-146
1767171684.6122382,0,-3,-150
1767171684.6222382,2,-3,-146
1767171684.632238,4,-1,-146
1767171684.642238,0,-3,-143
1767171684.652238,0,-5,-146
1767171684.662238,-1,-5,-153
1767171684.672238,-3,-11,-152
1767171684.682238,0,-11,-153
1767171684.692238,-1,-13,-145
1767171684.702238,-2,-8,-135
1767171684.712238,0,-9,-132
1767171684.722238,2,-16,-132
1767171684.732238,3,-15,-136
1767171684.742238,1,-10,-136
1767171684.752238,-2,-11,-139
1767171684.7622385,-4,-9,-139
1767171684.7722385,-5,-5,-140
1767171684.7822382,-8,-3,-139
1767171684.7922382,-9,-2,-133
1767171684.8022382,-7,-5,-136
1767171684.8122382,-8,-7,-147
1767171684.8222382,-5,-5,-157
1767171684.8322382,-8,-3,-158
1767171684.8422382,-7,-2,-158
1767171684.8522382,-5,-6,-155
1767171684.8622382,-2,-8,-147
1767171684.8722382,1,-11,-144
1767171684.882238,1,-13,-146
1767171684.892238,-1,-10,-143
1767171684.902238,0,-1,-139
1767171684.912238,0,-3,-140
1767171684.922238,0,-2,-144
1767171684.932238,-1,-1,-148
1767171684.942238,-5,2,-153
1767171684.952238,0,2,-151
1767171684.962238,2,2,-156
1767171684.972238,2,-1,-156
1767171684.982238,-2,-1,-153
1767171684.992238,0,1,-154
1767171685.002238,3,1,-149
1767171685.0122385,0,0,-145
1767171685.0222385,3,-2,-141
1767171685.0322382,4,3,-144
1767171685.0422382,5,0,-144
1767171685.0522382,1,2,-148
1767171685.0622382,1,1,-146
1767171685.0722382,-1,2,-143
1767171685.0822382,-1,3,-142
1767171685.0922382,-3,6,-147
1767171685.1022382,-2,7,-144
1767171685.1122382,-2,8,-144
1767171685.1222382,0,6,-146
1767171685.132238,1,4,-146
1767171685.142238,0,0,-147
1767171685.152238,1,-1,-146
1767171685.162238,2,3,-149
1767171685.172238,4,2,-150
1767171685.182238,4,-2,-155
1767171685.192238,4,-4,-148
1767171685.202238,2,-1,-145
1767171685.212238,2,1,-140
1767171685.222238,3,0,-137
1767171685.232238,2,0,-131
1767171685.242238,0,-1,-130
1767171685.252238,0,-1,-133
1767171685.2622385,1,-1,-133
1767171685.2722385,0,-7,-140
1767171685.2822382,6,-5,-143
1767171685.2922382,3,-6,-145
1767171685.3022382,4,-4,-145
1767171685.3122382,3,0,-148
1767171685.3222382,0,0,-147
1767171685.3322382,-2,-5,-145
1767171685.3422382,-1,-5,-141
1767171685.3522382,-2,-5,-141
1767171685.3622382,-3,-4,-149
1767171685.3722382,-3,0,-149
1767171685.382238,-3,0,-139
1767171685.392238,0,-4,-139
1767171685.402238,1,-3,-141
1767171685.412238,1,0,-149
1767171685.422238,3,0,-146
1767171685.432238,0,2,-141
1767171685.442238,-2,0,-144
1767171685.452238,-5,0,-143
1767171685.462238,-6,-2,-141
1767171685.472238,-5,0,-138
1767171685.482238,0,3,-136
1767171685.492238,-1,3,-133
1767171685.502238,-3,2,-128
1767171685.5122385,-5,2,-129
1767171685.5222385,-6,0,-132
1767171685.5322382,-4,0,-135
1767171685.5422382,3,-2,-134
1767171685.5522382,0,-2,-140
1767171685.5622382,2,-1,-144
1767171685.5722382,3,0,-146
1767171685.5822382,-1,1,-152
1767171685.5922382,2,1,-150
1767171685.6022382,4,-1,-151
1767171685.6122382,4,-3,-149
1767171685.623238,2,0,-150
1767171685.633238,6,1,-147
1767171685.643238,8,-1,-145
1767171685.653238,1,-2,-146
1767171685.663238,2,-1,-142
1767171685.673238,1,1,-143
1767171685.6832385,-1,5,-146
1767171685.6932385,-1,3,-148
1767171685.7032382,0,0,-150
1767171685.7132382,-2,0,-154
1767171685.7232382,3,-2,-155
1767171685.7332382,2,-1,-151
1767171685.7432382,4,2,-150
1767171685.7532382,3,1,-157
1767171685.7632382,3,0,-149
1767171685.7732382,5,0,-148
1767171685.7832382,1,1,-144
1767171685.7932382,-2,1,-145
1767171685.8032382,-5,2,-146
1767171685.813238,-6,-7,-142
1767171685.823238,-5,-7,-139
1767171685.833238,-4,-6,-140
1767171685.843238,-2,-2,-135
1767171685.853238,-1,0,-136
1767171685.863238,0,9,-137
1767171685.873238,-1,10,-133
1767171685.883238,-2,11,-141
1767171685.893238,-5,6,-139
1767171685.903238,-2,3,-138
1767171685.913238,0,-2,-142
1767171685.923238,0,-3,-144
1767171685.9332385,-3,0,-149
1767171685.9432385,-4,-2,-147
1767171685.9532382,-4,-2,-142
1767171685.9632382,-2,-2,-141
1767171685.9732382,2,-2,-141
1767171685.9832382,2,-6,-140
1767171685.9932382,3,-4,-137
1767171686.0032382,2,-5,-135
1767171686.0132382,4,-5,-130
1767171686.0232382,-1,-5,-129
1767171686.0332382,-4,-9,-129
1767171686.0432382,-4,-7,-138
1767171686.0532382,-6,-5,-143
1767171686.063238,-9,-5,-141
1767171686.073238,-8,-3,-144
1767171686.083238,-8,-2,-142
1767171686.093238,-7,0,-143
1767171686.103238,-3,2,-144
1767171686.113238,-1,2,-150
1767171686.123238,0,4,-153
1767171686.133238,-5,4,-153
1767171686.143238,-6,0,-147
1767171686.153238,-4,2,-150
1767171686.163238,-2,1,-151
1767171686.173238,-1,-1,-148
1767171686.1832385,3,-1,-146
1767171686.1932385,9,0,-146
1767171686.2032382,7,0,-137
1767171686.2132382,8,-2,-140
1767171686.2232382,11,-1,-140
1767171686.2332382,6,-3,-141
1767171686.2432382,3,-6,-146
1767171686.2532382,3,-6,-146
1767171686.2632382,5,-4,-147
1767171686.2732382,5,-1,-144
1767171686.2832382,3,0,-149
1767171686.2932382,5,1,-146
1767171686.3032382,3,1,-143
1767171686.313238,1,-1,-148
1767171686.323238,0,0,-145
1767171686.333238,-3,2,-141
1767171686.343238,-1,-1,-142
1767171686.353238,3,0,-139
1767171686.363238,2,-5,-140
1767171686.373238,2,-6,-142
1767171686.383238,3,-3,-139
1767171686.393238,3,-1,-142
1767171686.403238,5,-4,-140
1767171686.413238,4,-8,-140
1767171686.423238,2,-7,-142
1767171686.4332385,3,-6,-134
1767171686.4432385,4,-3,-138
1767171686.4532382,3,-6,-141
1767171686.4632382,-1,-4,-139
1767171686.4732382,3,-2,-138
1767171686.4832382,3,-2,-136
1767171686.4932382,4,-4,-138
1767171686.5032382,1,-7,-142
1767171686.5132382,2,-5,-141
1767171686.5232382,3,-4,-137
1767171686.5332382,3,-3,-136
1767171686.5432382,0,-4,-140
1767171686.5532382,1,-7,-141
1767171686.563238,2,-6,-141
1767171686.573238,0,-4,-138
1767171686.583238,-2,-3,-134
1767171686.593238,-2,-2,-138
1767171686.603238,-2,0,-144
1767171686.613238,0,0,-143
1767171686.6352382,2,-1,-147
1767171686.643238,0,-5,-143
1767171686.653238,0,-8,-148
1767171686.663238,-2,-8,-144
1767171686.673238,-1,-6,-137
1767171686.6832385,0,-2,-135
1767171686.6932385,0,-2,-140
1767171686.7032382,6,-1,-144
1767171686.7132382,2,1,-141
1767171686.7232382,0,-1,-152
1767171686.7332382,2,-2,-156
1767171686.7432382,3,-1,-155
1767171686.7532382,0,-1,-155
1767171686.7632382,-2,1,-153
1767171686.7732382,0,2,-150
1767171686.7832382,2,-2,-141
1767171686.7932382,-1,-2,-145
1767171686.8032382,2,0,-142
1767171686.813238,2,0,-141
1767171686.823238,1,1,-131
1767171686.833238,-2,-1,-134
1767171686.843238,-4,-6,-136
1767171686.853238,-1,-2,-137
1767171686.863238,-4,-2,-135
1767171686.873238,-1,-4,-136
1767171686.883238,0,-3,-131
1767171686.893238,-2,-2,-134
1767171686.903238,-2,-5,-138
1767171686.913238,0,-3,-137
1767171686.923238,-2,-4,-147
1767171686.9332385,-5,-1,-151
1767171686.9432385,-6,-3,-149
1767171686.9532382,-10,-2,-146
1767171686.9632382,-12,-2,-147
1767171686.9732382,-8,-1,-148
1767171686.9832382,-9,-1,-150
1767171686.9932382,-10,0,-152
1767171687.0032382,-8,-2,-146
1767171687.0132382,-10,2,-148
1767171687.0232382,-9,1,-137
1767171687.0332382,-9,-1,-138
1767171687.0432382,-9,-2,-140
1767171687.0532382,-8,-2,-137
1767171687.063238,-7,-4,-137
1767171687.073238,-9,-11,-143
1767171687.083238,-5,-8,-134
1767171687.093238,-6,-4,-142
1767171687.103238,-4,-3,-147
1767171687.113238,-3,-2,-149
1767171687.123238,2,-2,-150
1767171687.133238,0,1,-142
1767171687.143238,-1,-1,-145
1767171687.153238,-4,0,-149
1767171687.163238,-3,-3,-146
1767171687.173238,0,-4,-144
1767171687.1832385,3,0,-140
1767171687.1932385,0,0,-141
1767171687.2032382,-1,0,-142
1767171687.2132382,-2,0,-148
1767171687.2232382,-3,3,-147
1767171687.2332382,-2,5,-144
1767171687.2432382,-1,5,-140
1767171687.2532382,-3,2,-138
1767171687.2632382,-4,1,-138
1767171687.2732382,-2,0,-141
1767171687.2832382,-2,1,-147
1767171687.2932382,-2,-1,-144
1767171687.3032382,-2,0,-142
1767171687.313238,0,-1,-149
1767171687.323238,-2,-4,-153
1767171687.333238,0,-3,-151
1767171687.343238,0,-3,-152
1767171687.353238,0,-2,-147
1767171687.363238,3,-3,-145
1767171687.373238,5,-2,-145
1767171687.383238,6,-2,-146
1767171687.393238,9,-2,-149
1767171687.403238,10,-2,-146
1767171687.413238,9,1,-141
1767171687.423238,6,1,-143
1767171687.4332385,1,-2,-141
1767171687.4432385,-3,0,-144
1767171687.4532382,-4,2,-139
1767171687.4632382,-3,-1,-143
1767171687.4732382,-2,0,-141
1767171687.4832382,-1,3,-144
1767171687.4932382,1,1,-149
1767171687.5032382,0,0,-145
1767171687.5132382,0,1,-145
1767171687.5232382,-4,6,-147
1767171687.5332382,-6,6,-148
1767171687.5432382,-6,4,-146
1767171687.5532382,-4,2,-143
1767171687.563238,-3,0,-144
1767171687.573238,-2,4,-150
1767171687.583238,0,6,-148
1767171687.593238,0,3,-148
1767171687.603238,1,2,-151
1767171687.613238,-1,0,-148
1767171687.623238,-4,0,-149
1767171687.633238,-4,0,-150
1767171687.643238,-3,1,-138
1767171687.653238,-4,3,-143
1767171687.663238,-1,0,-139
1767171687.673238,1,-1,-136
1767171687.6832385,1,-4,-137
1767171687.6932385,0,-4,-140
1767171687.7032382,4,-5,-144
1767171687.7132382,5,-5,-141
1767171687.7232382,1,-8,-146
1767171687.7332382,-1,-10,-143
1767171687.7432382,0,-8,-143
1767171687.7532382,0,-3,-143
1767171687.7632382,-5,-6,-145
1767171687.7732382,-2,-7,-146
1767171687.7832382,3,-6,-146
1767171687.7932382,4,-7,-143
1767171687.8032382,2,-4,-138
1767171687.813238,0,-5,-136
1767171687.823238,-2,0,-134
1767171687.833238,-3,-2,-132
1767171687.843238,-5,-8,-132
1767171687.853238,-7,-9,-133
1767171687.863238,-6,-2,-134
1767171687.873238,-5,-2,-130
1767171687.883238,-5,-3,-134
1767171687.893238,-3,-4,-137
1767171687.903238,0,-3,-139
1767171687.913238,-2,-1,-146
1767171687.923238,0,0,-145
1767171687.9332385,1,2,-149
1767171687.9432385,3,0,-147
1767171687.9532382,4,-1,-146
1767171687.9632382,6,-4,-144
1767171687.9732382,3,-2,-142
1767171687.9832382,0,4,-143
1767171687.9932382,-1,4,-139
1767171688.0032382,-1,2,-144
1767171688.0132382,-1,3,-141
1767171688.0232382,0,5,-146
1767171688.0332382,3,7,-152
1767171688.0432382,-1,6,-149
1767171688.0532382,-4,7,-151
1767171688.063238,-2,4,-153
1767171688.073238,0,5,-153
1767171688.083238,3,5,-157
1767171688.094238,3,4,-154
1767171688.1042385,3,4,-154
1767171688.113238,1,0,-151
1767171688.1242385,6,0,-147
1767171688.1342382,5,-4,-137
1767171688.1442382,4,-5,-132
1767171688.1542382,3,-9,-134
1767171688.1642382,7,-10,-135
1767171688.1742382,7,-7,-139
1767171688.1842382,3,-5,-142
1767171688.1942382,5,-2,-144
1767171688.2042382,4,0,-148
1767171688.2142382,6,-1,-143
1767171688.2242382,4,-5,-142
1767171688.234238,4,-4,-146
1767171688.244238,5,-1,-145
1767171688.254238,0,-2,-143
1767171688.264238,-3,-2,-144
1767171688.274238,-1,-5,-145
1767171688.284238,2,-7,-147
1767171688.294238,3,-9,-152
1767171688.304238,3,-9,-153
1767171688.314238,1,-5,-152
1767171688.324238,0,-2,-152
1767171688.334238,-8,2,-146
1767171688.344238,-11,0,-146
1767171688.3542385,-5,-2,-149
1767171688.3642385,-5,-4,-151
1767171688.3742385,-5,-5,-158
1767171688.3842382,-3,-2,-154
1767171688.3942382,-2,-4,-148
1767171688.4042382,-5,0,-151
1767171688.4142382,-2,1,-155
1767171688.4242382,-5,0,-151
1767171688.4342382,-8,3,-154
1767171688.4442382,-4,0,-152
1767171688.4542382,-2,-2,-152
1767171688.4642382,4,-4,-153
1767171688.4742382,4,-2,-147
1767171688.484238,5,-1,-144
1767171688.494238,6,2,-141
1767171688.504238,1,2,-139
1767171688.514238,0,3,-139
1767171688.524238,-4,1,-143
1767171688.534238,-4,0,-148
1767171688.544238,-3,1,-156
1767171688.554238,-3,0,-151
1767171688.564238,-5,-7,-151
1767171688.574238,-5,-11,-153
1767171688.584238,-3,-12,-152
1767171688.594238,-4,-15,-139
1767171688.6042385,0,-12,-135
1767171688.6142385,1,-13,-131
1767171688.6242385,0,-13,-131
1767171688.6342382,0,-15,-147
1767171688.6442382,0,-11,-151
1767171688.6542382,-1,-11,-146
1767171688.6642382,1,-12,-148
1767171688.6742382,1,-8,-156
1767171688.6842382,1,-4,-153
1767171688.6942382,0,-5,-151
1767171688.7042382,0,-3,-142
1767171688.7142382,-3,-4,-140
1767171688.7242382,-3,-5,-142
1767171688.734238,-4,-5,-143
1767171688.744238,-4,-3,-145
1767171688.754238,0,-2,-144
1767171688.764238,-3,1,-142
1767171688.774238,1,0,-152
1767171688.784238,7,-2,-150
1767171688.794238,6,0,-148
1767171688.804238,1,0,-150
1767171688.814238,-1,-2,-147
1767171688.824238,0,-3,-148
1767171688.834238,0,-1,-148
1767171688.844238,4,-2,-153
1767171688.8542385,6,-2,-152
1767171688.8642385,8,0,-150
1767171688.8742385,3,-4,-153
1767171688.8842382,0,0,-154
1767171688.8942382,-3,0,-145
1767171688.9042382,0,-3,-148
1767171688.9142382,6,-6,-148
1767171688.9242382,10,-5,-151
1767171688.9342382,6,-7,-154
1767171688.9442382,0,-3,-154
1767171688.9542382,-2,-3,-146
1767171688.9642382,-4,-6,-139
1767171688.9742382,-1,-8,-139
1767171688.984238,1,-7,-137
1767171688.994238,0,-10,-132
1767171689.004238,0,-10,-129
1767171689.014238,0,-6,-127
1767171689.024238,1,-5,-128
1767171689.034238,-1,-2,-128
1767171689.044238,3,-2,-135
1767171689.054238,5,-2,-137
1767171689.064238,3,-3,-134
1767171689.074238,0,-4,-130
1767171689.084238,0,-9,-131
1767171689.094238,-3,-9,-134
1767171689.1042385,-5,-6,-136
1767171689.1142385,-2,-5,-137
1767171689.1242385,1,-4,-137
1767171689.1342382,-1,-2,-135
1767171689.1442382,-7,-1,-136
1767171689.1542382,-5,-2,-143
1767171689.1642382,-7,0,-139
1767171689.1742382,-2,-3,-140
1767171689.1842382,-4,-2,-133
1767171689.1942382,-5,3,-138
1767171689.2042382,-7,1,-140
1767171689.2142382,-6,0,-148
1767171689.2242382,-7,-3,-154
1767171689.234238,-5,2,-151
1767171689.244238,2,4,-150
1767171689.254238,4,3,-146
1767171689.264238,0,-1,-146
1767171689.274238,0,-4,-145
1767171689.284238,2,-2,-148
1767171689.294238,2,1,-150
1767171689.304238,-2,3,-149
1767171689.314238,-1,0,-151
1767171689.324238,-5,0,-153
1767171689.334238,-1,0,-152
1767171689.344238,2,4,-147
1767171689.3542385,2,5,-146
1767171689.3642385,1,5,-145
1767171689.3742385,0,2,-145
1767171689.3842382,-4,1,-140
1767171689.3942382,-1,-1,-142
1767171689.4042382,-4,-1,-142
1767171689.4142382,-8,-2,-141
1767171689.4242382,-10,-6,-139
1767171689.4342382,-7,-2,-140
1767171689.4442382,-3,1,-145
1767171689.4542382,-2,0,-146
1767171689.4642382,-3,0,-140
1767171689.4742382,-2,-2,-139
1767171689.484238,2,-5,-137
1767171689.494238,0,-2,-142
1767171689.504238,-1,0,-143
1767171689.514238,0,-2,-141
1767171689.524238,0,-5,-140
1767171689.534238,-2,-3,-139
1767171689.544238,-2,-3,-143
1767171689.554238,-2,-2,-143
1767171689.564238,1,-7,-145
1767171689.574238,1,-7,-146
1767171689.584238,2,-6,-154
1767171689.594238,4,-4,-151
1767171689.6042385,1,-9,-148
1767171689.6142385,0,-8,-152
1767171689.6242385,2,-4,-147
1767171689.6342382,4,-5,-144
1767171689.6442382,6,-3,-141
1767171689.6542382,5,-1,-146
1767171689.6642382,-1,0,-146
1767171689.6742382,-1,0,-148
1767171689.6842382,-1,2,-148
1767171689.6942382,-4,0,-143
1767171689.7042382,-6,-1,-142
1767171689.7142382,-4,0,-145
1767171689.7242382,-1,0,-141
1767171689.734238,0,0,-143
1767171689.744238,3,-1,-142
1767171689.754238,0,-3,-143
1767171689.764238,0,-3,-144
1767171689.774238,0,-4,-145
1767171689.784238,1,-3,-137
1767171689.794238,8,0,-136
1767171689.804238,6,-2,-136
1767171689.814238,5,-6,-134
1767171689.824238,-1,-6,-136
1767171689.834238,-6,-7,-143
1767171689.844238,-7,-3,-143
1767171689.8542385,-9,0,-147
1767171689.8642385,-12,0,-145
1767171689.8742385,-8,0,-142
1767171689.8842382,-7,-2,-138
1767171689.8942382,-7,-3,-134
1767171689.9042382,-3,-1,-134
1767171689.9142382,-3,-2,-142
1767171689.9242382,-1,-3,-135
1767171689.9342382,-3,-7,-131
1767171689.9442382,-9,-11,-133
1767171689.9542382,-6,-7,-140
1767171689.9642382,-6,0,-142
1767171689.9742382,-4,0,-141
1767171689.984238,4,0,-140
1767171689.994238,3,1,-145
1767171690.004238,0,1,-148
1767171690.014238,1,1,-146
1767171690.024238,2,0,-142
1767171690.034238,1,0,-141
1767171690.044238,-1,0,-148
1767171690.054238,-1,-2,-157
1767171690.064238,-7,-2,-150
1767171690.074238,-4,-2,-149
1767171690.084238,-4,-2,-144
1767171690.094238,0,-3,-140
1767171690.1042385,0,-8,-146
1767171690.1142385,0,-6,-150
1767171690.1242385,-2,-6,-156
1767171690.1342382,-1,-4,-144
1767171690.1442382,-1,-2,-149
1767171690.1542382,-5,-7,-146
1767171690.1642382,-3,-8,-143
1767171690.1742382,0,-7,-149
1767171690.1842382,-3,0,-147
1767171690.1942382,-3,0,-147
1767171690.2042382,-7,0,-146
1767171690.2142382,-7,0,-145
1767171690.2242382,-12,2,-148
1767171690.234238,-10,4,-146
1767171690.244238,-5,3,-148
1767171690.254238,4,2,-146
1767171690.264238,1,3,-146
1767171690.274238,0,0,-142
1767171690.284238,0,-3,-133
1767171690.294238,1,-1,-130
1767171690.304238,6,-3,-134
1767171690.314238,4,-6,-140
1767171690.324238,3,-9,-146
1767171690.334238,4,-7,-151
1767171690.344238,6,-7,-144
1767171690.3542385,7,-5,-145
1767171690.3642385,5,-4,-138
1767171690.3742385,4,-4,-138
1767171690.3842382,2,-5,-139
1767171690.3942382,1,0,-137
1767171690.4042382,0,0,-132
1767171690.4142382,0,0,-137
1767171690.4242382,-3,-1,-138
1767171690.4342382,-1,1,-142
1767171690.4442382,0,1,-156
1767171690.4542382,0,2,-163
1767171690.4642382,0,0,-159
1767171690.4742382,-6,0,-153
1767171690.484238,-9,0,-155
1767171690.494238,-6,-1,-151
1767171690.504238,-6,0,-150
1767171690.514238,-10,0,-150
1767171690.524238,-9,-2,-150
1767171690.534238,-8,0,-149
1767171690.544238,-6,0,-146
1767171690.554238,-4,4,-148
1767171690.564238,-2,0,-144
1767171690.574238,-2,-2,-151
1767171690.584238,-1,-4,-151
1767171690.594238,-2,-2,-147
1767171690.6042385,-5,-1,-142
1767171690.6142385,-7,-4,-144
1767171690.6252382,-7,-2,-150
1767171690.6352382,-9,-4,-150
1767171690.6452382,-3,-5,-147
1767171690.6542382,-1,0,-144
1767171690.6642382,-2,-4,-147
1767171690.675238,-5,-5,-145
1767171690.685238,-3,1,-144
1767171690.695238,-2,-1,-144
1767171690.705238,-3,0,-153
1767171690.715238,-2,1,-149
1767171690.725238,-4,2,-143
1767171690.735238,-4,2,-141
1767171690.745238,-8,0,-142
1767171690.755238,-6,-2,-147
1767171690.765238,-3,-5,-145
1767171690.775238,0,-2,-145
1767171690.7852385,2,-5,-144
1767171690.7952385,2,-5,-140
1767171690.8052382,1,-5,-140
1767171690.8152382,8,-4,-144
1767171690.8252382,9,-5,-148
1767171690.8352382,9,0,-154
1767171690.8452382,7,-2,-147
1767171690.8552382,2,-9,-150
1767171690.8652382,-2,-6,-154
1767171690.8752382,-2,-5,-146
1767171690.8852382,-3,-7,-142
1767171690.8952382,-4,-5,-142
1767171690.9052382,-6,-2,-145
1767171690.915238,-3,-2,-145
1767171690.925238,-2,-7,-145
1767171690.935238,-5,-10,-142
1767171690.945238,-3,-9,-144
1767171690.955238,-5,-8,-153
1767171690.965238,-4,-6,-146
1767171690.975238,-5,-7,-146
1767171690.985238,-2,-9,-149
1767171690.995238,0,-8,-153
1767171691.005238,0,-8,-155
1767171691.015238,0,-6,-155
1767171691.025238,1,-5,-153
1767171691.0352385,-2,-3,-156
1767171691.0452385,0,-1,-156
1767171691.0552382,0,-4,-149
1767171691.0652382,-2,-1,-142
1767171691.0752382,-2,0,-145
1767171691.0852382,-3,-2,-142
1767171691.0952382,-1,-2,-142
1767171691.1052382,-2,-5,-142
1767171691.1152382,0,-4,-135
1767171691.1252382,4,-2,-139
1767171691.1352382,3,-2,-134
1767171691.1452382,1,-1,-136
1767171691.1552382,0,-2,-137
1767171691.165238,-2,-7,-132
1767171691.175238,0,-8,-138
1767171691.185238,0,-8,-148
1767171691.195238,1,-3,-148
1767171691.205238,0,-1,-149
1767171691.215238,0,-3,-148
1767171691.225238,0,-1,-146
1767171691.235238,0,0,-147
1767171691.245238,0,0,-150
1767171691.255238,1,2,-150
1767171691.265238,4,1,-152
1767171691.275238,0,5,-147
1767171691.2852385,-1,6,-138
1767171691.2952385,2,7,-135
1767171691.3052382,1,1,-139
1767171691.3152382,-3,-1,-144
1767171691.3252382,-2,-3,-148
1767171691.3352382,4,-2,-150
1767171691.3452382,3,0,-143
1767171691.3552382,3,-2,-146
1767171691.3652382,3,0,-148
1767171691.3752382,0,-1,-144
1767171691.3852382,1,-2,-150
1767171691.3952382,0,0,-152
1767171691.4052382,1,-3,-155
1767171691.415238,1,0,-163
1767171691.425238,1,-3,-166
1767171691.435238,3,-2,-159
1767171691.445238,4,1,-153
1767171691.455238,4,-2,-156
1767171691.465238,4,0,-158
1767171691.475238,7,2,-161
1767171691.485238,5,2,-160
1767171691.495238,4,3,-153
1767171691.505238,10,3,-152
1767171691.515238,8,0,-145
1767171691.525238,3,-2,-142
1767171691.5352385,0,-5,-141
1767171691.5452385,3,0,-137
1767171691.5552382,7,3,-138
1767171691.5652382,10,1,-139
1767171691.5752382,7,2,-141
1767171691.5852382,10,-1,-143
1767171691.5952382,7,-2,-140
1767171691.6052382,7,0,-138
1767171691.6152382,8,0,-141
1767171691.6252382,9,0,-138
1767171696.659238,2,1,-153
1767171696.6672382,4,0,-157
1767171696.6772382,3,0,-159
1767171696.6872382,7,3,-157
1767171696.6972382,7,3,-152
1767171696.7072382,8,0,-147
1767171696.7172382,8,0,-143
1767171696.7272382,3,0,-146
1767171696.7372382,3,-2,-151
1767171696.7472382,4,-2,-154
1767171696.757238,3,-6,-152
1767171696.767238,2,-6,-151
1767171696.777238,-2,-6,-151
1767171696.787238,0,-1,-144
1767171696.797238,2,0,-149
1767171696.807238,0,3,-149
1767171696.817238,-1,2,-146
1767171696.827238,0,0,-144
1767171696.837238,-1,-2,-147
1767171696.847238,-3,-7,-144
1767171696.857238,-3,-5,-140
1767171696.867238,-1,-10,-141
1767171696.877238,0,-10,-141
1767171696.8872385,0,-10,-141
1767171696.8972385,-1,-5,-148
1767171696.9072382,0,-1,-152
1767171696.9172382,3,-2,-151
1767171696.9272382,0,-1,-145
1767171696.9372382,-1,-2,-144
1767171696.9472382,-2,-3,-142
1767171696.9572382,0,-2,-138
1767171696.9672382,-1,-1,-143
1767171696.9772382,-2,0,-144
1767171696.9872382,-2,0,-142
1767171696.9972382,-2,0,-143
1767171697.007238,-3,-2,-146
1767171697.017238,0,-6,-139
1767171697.027238,0,-2,-143
1767171697.037238,4,1,-141
1767171697.047238,9,5,-145
1767171697.057238,4,1,-148
1767171697.067238,3,0,-149
1767171697.077238,0,-4,-145
1767171697.087238,0,-6,-143
1767171697.097238,0,-7,-144
1767171697.107238,0,-4,-146
1767171697.117238,4,-3,-144
1767171697.127238,5,0,-143
1767171697.1372385,-1,3,-142
1767171697.1472385,0,4,-142
1767171697.1572382,2,2,-142
1767171697.1672382,-2,4,-133
1767171697.1772382,0,2,-134
1767171697.1872382,-2,1,-141
1767171697.1972382,-4,0,-142
1767171697.2072382,0,0,-148
1767171697.2172382,0,-2,-143
1767171697.2272382,1,0,-143
1767171697.2372382,3,-2,-138
1767171697.2472382,0,0,-144
1767171697.257238,3,2,-151
1767171697.267238,3,3,-149
1767171697.277238,0,1,-148
1767171697.287238,1,0,-146
1767171697.297238,-3,0,-142
1767171697.307238,-3,1,-138
1767171697.317238,-3,3,-136
1767171697.327238,0,1,-142
1767171697.337238,4,-2,-144
1767171697.347238,3,-3,-139
1767171697.357238,1,-5,-137
1767171697.367238,0,-4,-136
1767171697.377238,2,-6,-134
1767171697.3872385,3,-3,-134
1767171697.3972385,3,-2,-134
1767171697.4072382,3,-4,-138
1767171697.4172382,0,-4,-138
1767171697.4272382,-1,-3,-138
1767171697.4372382,2,-2,-145
1767171697.4472382,4,0,-149
1767171697.4572382,4,0,-147
1767171697.4672382,4,-2,-145
1767171697.4772382,6,-6,-145
1767171697.4872382,4,-3,-145
1767171697.4972382,0,-4,-150
1767171697.507238,-3,-9,-149
1767171697.517238,0,-8,-147
1767171697.527238,-4,-8,-147
1767171697.537238,-1,-11,-148
1767171697.547238,-1,-10,-144
1767171697.557238,-2,-9,-145
1767171697.567238,0,-9,-152
1767171697.577238,-2,-8,-149
1767171697.587238,-3,-5,-150
1767171697.597238,-5,-4,-153
1767171697.607238,-2,2,-159
1767171697.617238,-1,-2,-157
1767171697.627238,-3,-2,-161
1767171697.6372385,-3,-5,-157
1767171697.6472385,-4,-6,-155
1767171697.6572382,-4,-2,-159
1767171697.6672382,-3,-4,-155
1767171697.6772382,1,-2,-157
1767171697.6872382,5,-2,-152
1767171697.6972382,2,-3,-147
1767171697.7072382,2,-2,-146
1767171697.7172382,8,-2,-144
1767171697.7272382,8,-6,-144
1767171697.7372382,4,-3,-143
1767171697.7472382,8,-4,-137
1767171697.757238,6,-2,-142
1767171697.767238,3,0,-136
1767171697.777238,2,3,-140
1767171697.787238,0,6,-143
1767171697.797238,3,1,-143
1767171697.807238,4,5,-137
1767171697.817238,3,7,-138
1767171697.827238,0,4,-136
1767171697.837238,3,2,-134
1767171697.847238,0,0,-143
1767171697.857238,-2,2,-148
1767171697.867238,0,2,-145
1767171697.877238,-2,3,-138
1767171697.8872385,0,3,-136
1767171697.8972385,-1,-2,-134
1767171697.9072382,-2,-2,-133
1767171697.9172382,-1,3,-136
1767171697.9272382,1,4,-144
1767171697.9372382,5,0,-149
1767171697.9472382,4,1,-144
1767171697.9572382,1,-2,-146
1767171697.9672382,1,0,-145
1767171697.9772382,-1,5,-143
1767171697.9872382,-1,3,-142
1767171697.9972382,-3,4,-143
1767171698.007238,-5,1,-139
1767171698.017238,-3,6,-142
1767171698.027238,2,4,-144
1767171698.037238,2,3,-143
1767171698.047238,1,2,-141
1767171698.057238,2,1,-139
1767171698.067238,1,1,-142
1767171698.077238,4,2,-148
1767171698.087238,1,5,-151
1767171698.097238,2,4,-146
1767171698.107238,-1,1,-147
1767171698.117238,-4,0,-150
1767171698.127238,-1,-2,-150
1767171698.1372385,2,-1,-142
1767171698.1472385,-2,0,-143
1767171698.1572382,-2,0,-143
1767171698.1672382,-6,0,-145
1767171698.1772382,-4,-1,-148
1767171698.1872382,-1,-1,-140
1767171698.1972382,-3,1,-141
1767171698.208238,3,6,-139
1767171698.2172382,9,10,-142
1767171698.228238,6,7,-144
1767171698.238238,3,2,-143
1767171698.2472382,2,2,-143
1767171698.258238,4,-2,-147
1767171698.268238,1,-5,-153
1767171698.278238,0,-3,-150
1767171698.288238,5,0,-151
1767171698.298238,3,3,-154
1767171698.3082385,-2,5,-148
1767171698.3182385,-3,5,-148
1767171698.3282382,-4,4,-146
1767171698.3382382,-1,1,-138
1767171698.3482382,-1,2,-136
1767171698.3582382,-2,4,-136
1767171698.3682382,-3,3,-131
1767171698.3782382,-2,0,-126
1767171698.3882382,-2,-3,-126
1767171698.3982382,-2,-4,-126
1767171698.4082382,1,-7,-131
1767171698.4182382,-1,-4,-133
1767171698.4282382,-6,-4,-136
1767171698.438238,-6,-5,-129
1767171698.448238,-9,-7,-133
1767171698.458238,-6,-5,-135
1767171698.468238,-3,1,-138
1767171698.478238,0,3,-142
1767171698.488238,1,4,-146
1767171698.498238,1,7,-143
1767171698.508238,-3,7,-146
1767171698.518238,-1,1,-139
1767171698.528238,0,-2,-142
1767171698.538238,1,-2,-140
1767171698.548238,-1,-3,-139
1767171698.5582385,-1,-7,-136
1767171698.5682385,0,-8,-139
1767171698.5782382,0,-5,-144
1767171698.5882382,2,-2,-140
1767171698.5982382,4,-1,-141
1767171698.6082382,3,-4,-139
1767171698.6182382,3,-7,-142
1767171698.6282382,4,-2,-137
1767171698.6382382,3,-5,-146
1767171698.6482382,7,-6,-152
1767171698.6582382,8,-4,-152
1767171698.6682382,4,-5,-151
1767171698.6782382,2,0,-154
1767171698.688238,-2,-2,-161
1767171698.698238,-1,-1,-159
1767171698.708238,0,-1,-156
1767171698.718238,0,2,-152
1767171698.728238,0,3,-147
1767171698.738238,0,-2,-151
1767171698.748238,0,-3,-153
1767171698.758238,5,0,-147
1767171698.768238,6,2,-149
1767171698.778238,5,0,-148
1767171698.788238,2,0,-149
1767171698.798238,3,1,-146
1767171698.8082385,1,0,-144
1767171698.8182385,4,-3,-146
1767171698.8282382,3,-5,-147
1767171698.8382382,4,-1,-145
1767171698.8482382,4,-2,-150
1767171698.8582382,0,1,-146
1767171698.8682382,0,-2,-141
1767171698.8782382,1,-5,-137
1767171698.8882382,0,-3,-136
1767171698.8982382,0,0,-136
1767171698.9082382,3,-1,-138
1767171698.9182382,4,0,-137
1767171698.9282382,4,-2,-138
1767171698.938238,7,-3,-144
1767171698.948238,8,-8,-145
1767171698.958238,9,-6,-145
1767171698.968238,5,-7,-148
1767171698.978238,1,-2,-158
1767171698.988238,-5,-2,-148
1767171698.998238,-10,-2,-147
1767171699.008238,-9,0,-147
1767171699.018238,-6,3,-148
1767171699.028238,-4,5,-143
1767171699.038238,-5,6,-145
1767171699.048238,-3,5,-147
1767171699.0582385,3,5,-147
1767171699.0682385,2,2,-145
1767171699.0782382,5,0,-146
1767171699.0882382,7,-1,-145
1767171699.0982382,10,1,-143
1767171699.1082382,7,0,-149
1767171699.1182382,7,0,-152
1767171699.1282382,3,0,-152
1767171699.1382382,-2,-6,-152
1767171699.1482382,-5,-4,-150
1767171699.1582382,-4,-3,-146
1767171699.1682382,0,-1,-151
1767171699.1782382,2,-1,-151
1767171699.188238,0,-4,-150
1767171699.198238,-1,-5,-148
1767171699.208238,-1,-2,-148
1767171699.218238,3,-3,-144
1767171699.228238,-1,-4,-145
1767171699.238238,-1,-5,-145
1767171699.248238,4,-5,-142
1767171699.258238,6,-2,-139
1767171699.268238,7,0,-142
1767171699.278238,8,-3,-140
1767171699.288238,0,-3,-138
1767171699.298238,-3,0,-148
1767171699.3082385,-1,-1,-145
1767171699.3182385,0,-3,-147
1767171699.3282382,3,0,-146
1767171699.3382382,4,0,-144
1767171699.3482382,4,0,-139
1767171699.3582382,0,0,-143
1767171699.3682382,0,-2,-148
1767171699.3782382,0,1,-148
1767171699.3882382,1,2,-146
1767171699.3982382,5,2,-144
1767171699.4082382,10,6,-146
1767171699.4182382,11,5,-147
1767171699.4282382,11,4,-153
1767171699.438238,8,4,-156
1767171699.448238,1,2,-151
1767171699.458238,4,1,-146
1767171699.468238,4,2,-135
1767171699.478238,6,1,-137
1767171699.488238,5,2,-138
1767171699.498238,5,-1,-136
1767171699.508238,7,-4,-139
1767171699.518238,5,-6,-144
1767171699.528238,8,-5,-149
1767171699.538238,7,-4,-144
1767171699.548238,3,-6,-146
1767171699.5582385,1,-7,-148
1767171699.5682385,0,-7,-141
1767171699.5782382,0,-3,-144
1767171699.5882382,0,-2,-142
1767171699.5982382,5,-2,-139
1767171699.6082382,13,-4,-136
1767171699.6182382,6,-7,-134
1767171699.6282382,7,-5,-139
1767171699.6382382,4,-3,-139
1767171699.6482382,3,-3,-143
1767171699.6582382,4,1,-144
1767171699.6682382,1,4,-142
1767171699.6782382,-2,2,-142
1767171699.688238,-3,2,-145
1767171699.698238,-3,3,-145
1767171699.708238,-2,-3,-145
1767171699.718238,0,-3,-141
1767171699.728238,0,-3,-143
1767171699.738238,0,-1,-144
1767171699.748238,-3,-1,-144
1767171699.758238,-2,2,-136
1767171699.768238,0,1,-140
1767171699.778238,1,-2,-137
1767171699.788238,3,0,-140
1767171699.798238,1,1,-137
1767171699.8082385,4,1,-136
1767171699.8182385,5,0,-148
1767171699.8282382,2,-2,-140
1767171699.8382382,0,-6,-135
1767171699.8482382,1,-2,-138
1767171699.8582382,1,0,-130
1767171699.8682382,-3,0,-137
1767171699.8782382,-3,2,-139
1767171699.8882382,0,-1,-142
1767171699.8982382,2,-4,-138
1767171699.9082382,2,-1,-137
1767171699.9182382,6,0,-135
1767171699.9282382,2,-3,-132
1767171699.938238,3,0,-138
1767171699.948238,2,-2,-135
1767171699.958238,-2,-1,-134
1767171699.968238,-2,-4,-135
1767171699.978238,-1,-1,-136
1767171699.988238,2,-2,-146
1767171699.998238,4,2,-152
1767171700.008238,6,1,-153
1767171700.018238,2,5,-153
1767171700.028238,0,9,-156
1767171700.038238,3,7,-149
1767171700.048238,3,2,-144
1767171700.0582385,6,5,-143
1767171700.0682385,6,2,-142
1767171700.0782382,7,1,-136
1767171700.0882382,2,3,-134
1767171700.0982382,1,5,-134
1767171700.1082382,2,6,-130
1767171700.1182382,4,3,-139
1767171700.1282382,3,3,-141
1767171700.1382382,-2,1,-140
1767171700.1482382,0,0,-140
1767171700.1582382,0,-7,-141
1767171700.1682382,-2,-5,-135
1767171700.1782382,-1,-7,-136
1767171700.188238,-1,-3,-140
1767171700.198238,1,-1,-139
1767171700.208238,3,-1,-139
1767171700.218238,4,0,-139
1767171700.228238,4,-1,-146
1767171700.238238,1,0,-154
1767171700.248238,0,0,-151
1767171700.258238,2,-2,-155
1767171700.268238,4,0,-161
1767171700.278238,3,-4,-154
1767171700.288238,0,-6,-156
1767171700.298238,-5,-8,-157
1767171700.3082385,-7,-6,-153
1767171700.3182385,-5,-6,-146
1767171700.3282382,-6,-4,-143
1767171700.3382382,-2,-5,-148
1767171700.3482382,-6,-6,-147
1767171700.3582382,-3,-7,-137
1767171700.3682382,-1,-8,-138
1767171700.3782382,1,-9,-142
1767171700.3882382,0,-12,-146
1767171700.3982382,1,-8,-148
1767171700.4082382,0,-7,-140
1767171700.4182382,2,-5,-145
1767171700.4282382,0,-4,-146
1767171700.438238,2,-9,-150
1767171700.448238,2,-9,-145
1767171700.458238,5,-8,-144
1767171700.468238,5,-4,-150
1767171700.478238,2,-6,-155
1767171700.488238,0,-2,-153
1767171700.498238,4,-5,-152
1767171700.508238,2,-5,-150
1767171700.518238,6,-5,-154
1767171700.528238,6,-3,-153
1767171700.538238,4,-4,-152
1767171700.548238,0,-4,-152
1767171700.5582385,0,-2,-144
1767171700.5682385,0,-2,-143
1767171700.5782382,1,3,-144
1767171700.5882382,0,6,-147
1767171700.5982382,0,4,-146
1767171700.6082382,0,3,-141
1767171700.6182382,-5,2,-142
1767171700.6282382,-1,6,-151
1767171700.6382382,0,2,-156
1767171700.6482382,0,1,-154
1767171700.6582382,0,-1,-150
1767171700.6682382,0,-3,-150
1767171700.6782382,0,0,-146
1767171700.688238,2,0,-147
1767171700.698238,-1,-2,-152
1767171700.708238,-2,-2,-154
1767171700.718238,0,-2,-152
1767171700.7292385,1,-3,-151
1767171700.738238,0,-3,-145
1767171700.7492385,0,-5,-141
1767171700.7592382,0,-4,-148
1767171700.7692382,0,-2,-149
1767171700.7792382,3,-1,-152
1767171700.7892382,7,1,-152
1767171700.7992382,8,0,-145
1767171700.8092382,4,1,-143
1767171700.8192382,0,3,-148
1767171700.8292382,2,5,-148
1767171700.8392382,4,0,-143
1767171700.8492382,5,0,-140
1767171700.859238,2,-1,-148
1767171700.869238,2,1,-149
1767171700.879238,0,1,-144
1767171700.889238,4,0,-150
1767171700.899238,2,0,-152
1767171700.909238,0,1,-156
1767171700.919238,3,1,-156
1767171700.929238,4,2,-155
1767171700.939238,4,2,-149
1767171700.949238,5,2,-150
1767171700.959238,-1,4,-157
1767171700.969238,-2,5,-155
1767171700.9792385,-2,2,-154
1767171700.9892385,-4,0,-155
1767171700.9992385,-4,0,-155
1767171701.0092382,-5,3,-150
1767171701.0192382,-6,5,-147
1767171701.0292382,-4,3,-152
1767171701.0392382,-3,1,-153
1767171701.0492382,-3,1,-146
1767171701.0592382,-3,1,-140
1767171701.0692382,-1,-2,-146
1767171701.0792382,-4,-1,-142
1767171701.0892382,-3,-3,-144
1767171701.0992382,-1,-1,-145
1767171701.109238,0,-1,-142
1767171701.119238,0,0,-146
1767171701.129238,0,-5,-149
1767171701.139238,0,-4,-152
1767171701.149238,-2,-6,-151
1767171701.159238,-4,-5,-148
1767171701.169238,-5,-5,-143
1767171701.179238,-2,-8,-144
1767171701.189238,-2,-7,-145
1767171701.199238,0,-4,-145
1767171701.209238,-2,-5,-148
1767171701.219238,-5,-7,-144
1767171701.2292385,-4,-8,-145
1767171701.2392385,-4,-9,-150
1767171701.2492385,0,-4,-145
1767171701.2592382,4,0,-145
1767171701.2692382,2,0,-147
1767171701.2792382,3,0,-141
1767171701.2892382,2,-2,-142
1767171701.2992382,-1,1,-138
1767171701.3092382,-2,4,-139
1767171701.3192382,2,0,-138
1767171701.3292382,2,-1,-141
1767171701.3392382,2,-1,-139
1767171701.3492382,0,2,-137
1767171701.359238,1,-2,-130
1767171701.369238,1,-4,-135
1767171701.379238,0,0,-143
1767171701.389238,1,0,-145
1767171701.399238,1,-1,-148
1767171701.409238,2,2,-151
1767171701.419238,0,0,-155
1767171701.429238,4,0,-155
1767171701.439238,4,-2,-149
1767171701.449238,4,-5,-146
1767171701.459238,1,-5,-151
1767171701.469238,0,-5,-149
1767171701.4792385,-4,-2,-152
1767171701.4892385,-3,-4,-153
1767171701.4992385,4,0,-151
1767171701.5092382,2,3,-155
1767171701.5192382,2,1,-149
1767171701.5292382,0,2,-151
1767171701.5392382,-1,0,-147
1767171701.5492382,-3,0,-139
1767171701.5592382,-6,-1,-138
1767171701.5692382,-10,-6,-137
1767171701.5792382,-7,-4,-139
1767171701.5892382,-4,-4,-143
1767171701.5992382,-6,-6,-153
1767171701.609238,-3,-3,-153
1767171701.619238,-4,-4,-151
1767171701.629238,-5,-5,-145
1767171701.639238,-4,-5,-144
1767171701.649238,-4,-4,-137
1767171706.6832385,0,-4,-150
1767171706.6912382,-2,-2,-150
1767171706.7012382,2,0,-147
1767171706.711238,6,6,-145
1767171706.721238,5,9,-141
1767171706.731238,6,3,-145
1767171706.741238,1,2,-145
1767171706.751238,1,0,-134
1767171706.761238,0,3,-140
1767171706.771238,-2,2,-140
1767171706.781238,0,3,-132
1767171706.791238,1,0,-138
1767171706.801238,-1,-1,-144
1767171706.811238,-3,0,-147
1767171706.821238,-2,-2,-147
1767171706.8312385,-1,0,-154
1767171706.8412385,-3,0,-149
1767171706.8512385,-1,-1,-145
1767171706.8612382,-2,0,-148
1767171706.8712382,-3,0,-146
1767171706.8812382,-1,0,-144
1767171706.8912382,0,-3,-142
1767171706.9012382,3,-3,-139
1767171706.9112382,0,-7,-140
1767171706.9212382,1,-4,-135
1767171706.9312382,0,-3,-139
1767171706.9412382,1,0,-134
1767171706.9512382,0,2,-134
1767171706.961238,2,2,-138
1767171706.971238,3,4,-141
1767171706.981238,4,4,-144
1767171706.991238,4,2,-145
1767171707.001238,0,3,-136
1767171707.011238,-2,0,-143
1767171707.021238,-1,-1,-149
1767171707.031238,-2,0,-153
1767171707.041238,-3,-3,-155
1767171707.051238,-5,-2,-154
1767171707.061238,-8,0,-150
1767171707.071238,-11,0,-151
1767171707.0812385,-9,1,-149
1767171707.0912385,-4,-1,-142
1767171707.1012385,-1,-3,-147
1767171707.1112382,-2,-2,-141
1767171707.1212382,-3,-7,-138
1767171707.1312382,-2,-5,-140
1767171707.1412382,0,-2,-136
1767171707.1512382,-2,-3,-139
1767171707.1612382,0,-2,-140
1767171707.1712382,0,-5,-146
1767171707.1812382,-1,-2,-147
1767171707.1912382,1,-5,-143
1767171707.2012382,1,1,-141
1767171707.211238,6,1,-145
1767171707.221238,4,1,-142
1767171707.231238,4,0,-140
1767171707.241238,3,4,-143
1767171707.251238,-1,9,-137
1767171707.261238,-5,6,-141
1767171707.271238,-3,5,-150
1767171707.281238,-1,4,-149
1767171707.291238,-1,3,-141
1767171707.301238,-1,3,-149
1767171707.311238,-1,4,-150
1767171707.321238,-3,3,-150
1767171707.3312385,-4,2,-149
1767171707.3412385,-3,2,-147
1767171707.3512385,-5,-1,-150
1767171707.3612382,-3,-6,-146
1767171707.3712382,-4,-3,-148
1767171707.3812382,-2,0,-147
1767171707.3912382,1,-4,-143
1767171707.4012382,2,-4,-143
1767171707.4112382,2,-5,-143
1767171707.4212382,-2,-4,-142
1767171707.4312382,0,-1,-144
1767171707.4412382,4,1,-141
1767171707.4512382,4,2,-131
1767171707.461238,7,5,-131
1767171707.471238,6,8,-133
1767171707.481238,0,5,-136
1767171707.491238,0,4,-139
1767171707.501238,0,2,-138
1767171707.511238,3,1,-140
1767171707.521238,7,0,-138
1767171707.531238,7,0,-134
1767171707.541238,5,0,-132
1767171707.551238,1,-1,-129
1767171707.561238,1,-3,-132
1767171707.571238,-3,-2,-134
1767171707.5812385,-3,-1,-146
1767171707.5912385,-6,-2,-151
1767171707.6012385,-5,-1,-147
1767171707.6112382,-4,-1,-147
1767171707.6212382,-4,-3,-152
1767171707.6312382,-4,0,-150
1767171707.6412382,-5,0,-148
1767171707.6512382,-4,-4,-148
1767171707.6612382,-4,-3,-151
1767171707.6712382,-4,-2,-152
1767171707.6812382,-3,-2,-151
1767171707.6912382,-1,-3,-150
1767171707.7012382,0,0,-148
1767171707.711238,1,-2,-140
1767171707.721238,1,-2,-131
1767171707.731238,-1,-3,-130
1767171707.741238,-3,-1,-135
1767171707.751238,-6,1,-138
1767171707.761238,-2,3,-146
1767171707.771238,-5,4,-144
1767171707.781238,-3,7,-143
1767171707.791238,2,3,-145
1767171707.801238,0,2,-151
1767171707.811238,0,2,-150
1767171707.821238,0,1,-147
1767171707.8312385,-2,-2,-149
1767171707.8412385,-2,1,-143
1767171707.8512385,-2,-1,-140
1767171707.8612382,-2,-3,-143
1767171707.8712382,-1,-3,-145
1767171707.8812382,0,4,-147
1767171707.8912382,0,4,-151
1767171707.9012382,0,0,-148
1767171707.9112382,1,-2,-154
1767171707.9212382,2,-2,-159
1767171707.9312382,1,-2,-160
1767171707.9412382,2,-2,-152
1767171707.9512382,-1,0,-149
1767171707.961238,-1,3,-145
1767171707.971238,-3,-1,-147
1767171707.981238,-5,0,-153
1767171707.991238,-8,-2,-150
1767171708.001238,-5,-4,-145
1767171708.011238,-6,-8,-145
1767171708.021238,-3,-3,-141
1767171708.031238,-5,-3,-139
1767171708.041238,-4,-2,-140
1767171708.051238,-2,-1,-145
1767171708.061238,0,0,-147
1767171708.071238,0,4,-146
1767171708.0812385,1,4,-146
1767171708.0912385,4,-2,-140
1767171708.1012385,-1,-5,-142
1767171708.1112382,-5,-3,-138
1767171708.1212382,-6,-2,-133
1767171708.1312382,-4,0,-134
1767171708.1412382,3,-1,-142
1767171708.1512382,3,0,-148
1767171708.1612382,8,0,-149
1767171708.1712382,5,1,-150
1767171708.1812382,5,5,-143
1767171708.1912382,5,6,-135
1767171708.2012382,2,3,-132
1767171708.211238,0,0,-136
1767171708.221238,-1,1,-136
1767171708.231238,1,3,-144
1767171708.241238,-1,5,-144
1767171708.251238,0,3,-145
1767171708.261238,0,2,-151
1767171708.271238,0,3,-153
1767171708.281238,-3,0,-144
1767171708.291238,-4,-3,-146
1767171708.301238,-7,0,-144
1767171708.311238,-5,2,-144
1767171708.321238,-10,2,-140
1767171708.3322382,-14,1,-141
1767171708.3422382,-12,1,-146
1767171708.3522382,-13,-2,-146
1767171708.3612382,-11,-4,-146
1767171708.3722382,-4,-4,-147
1767171708.382238,-3,-11,-141
1767171708.392238,0,-8,-144
1767171708.402238,4,-7,-135
1767171708.412238,2,-8,-135
1767171708.422238,3,-7,-139
1767171708.432238,3,-8,-145
1767171708.442238,3,-7,-151
1767171708.452238,3,-5,-148
1767171708.462238,3,-3,-149
1767171708.472238,2,-3,-146
1767171708.482238,4,-1,-138
1767171708.492238,4,-3,-134
1767171708.502238,4,-5,-144
1767171708.5122385,5,-5,-139
1767171708.5222385,3,-2,-138
1767171708.5322382,0,1,-140
1767171708.5422382,1,-3,-144
1767171708.5522382,-1,-2,-147
1767171708.5622382,-1,-2,-144
1767171708.5722382,-1,1,-144
1767171708.5822382,-5,2,-151
1767171708.5922382,0,0,-155
1767171708.6022382,4,1,-156
1767171708.6122382,6,0,-152
1767171708.6222382,7,1,-154
1767171708.632238,10,0,-158
1767171708.642238,6,-2,-153
1767171708.652238,1,-6,-144
1767171708.662238,0,-7,-152
1767171708.672238,-6,-7,-151
1767171708.682238,-3,-7,-146
1767171708.692238,-5,-7,-150
1767171708.702238,-1,-4,-152
1767171708.712238,0,0,-145
1767171708.722238,-3,-1,-146
1767171708.732238,1,-2,-141
1767171708.742238,0,-3,-137
1767171708.752238,-2,-1,-144
1767171708.7622385,-3,-3,-151
1767171708.7722385,-3,-7,-150
1767171708.7822382,-4,-4,-154
1767171708.7922382,-3,0,-155
1767171708.8022382,-2,0,-156
1767171708.8122382,-2,0,-145
1767171708.8222382,-2,5,-139
1767171708.8322382,1,8,-136
1767171708.8422382,3,6,-136
1767171708.8522382,7,3,-137
1767171708.8622382,5,2,-140
1767171708.8722382,4,3,-143
1767171708.882238,0,1,-141
1767171708.892238,-8,2,-134
1767171708.902238,-6,-2,-134
1767171708.912238,-5,-1,-128
1767171708.922238,-2,0,-130
1767171708.932238,-5,2,-136
1767171708.942238,-4,6,-139
1767171708.952238,-1,7,-139
1767171708.962238,0,6,-146
1767171708.972238,0,3,-146
1767171708.982238,-1,-1,-147
1767171708.992238,0,-3,-143
1767171709.002238,2,-3,-144
1767171709.0122385,3,0,-142
1767171709.0222385,3,-1,-144
1767171709.0322382,3,0,-149
1767171709.0422382,5,-3,-149
1767171709.0522382,5,-4,-146
1767171709.0622382,6,-3,-145
1767171709.0722382,1,-3,-146
1767171709.0822382,1,-1,-147
1767171709.0922382,2,-2,-153
1767171709.1022382,4,-6,-150
1767171709.1122382,4,-2,-146
1767171709.1222382,5,-2,-138
1767171709.132238,5,-2,-136
1767171709.142238,2,0,-142
1767171709.152238,3,-3,-142
1767171709.162238,1,-1,-141
1767171709.172238,0,0,-142
1767171709.182238,2,-4,-145
1767171709.192238,3,-5,-151
1767171709.202238,2,-6,-153
1767171709.212238,1,-6,-152
1767171709.222238,3,-7,-152
1767171709.232238,3,-9,-148
1767171709.242238,2,-7,-144
1767171709.252238,1,-7,-144
1767171709.2622385,0,-8,-143
1767171709.2722385,1,-8,-144
1767171709.2822382,1,-2,-151
1767171709.2922382,1,-3,-152
1767171709.3022382,0,-6,-146
1767171709.3122382,0,-5,-148
1767171709.3222382,-2,-2,-142
1767171709.3322382,0,-2,-141
1767171709.3422382,-1,2,-147
1767171709.3522382,-4,4,-141
1767171709.3622382,-3,3,-142
1767171709.3722382,0,1,-139
1767171709.382238,0,3,-142
1767171709.392238,0,0,-148
1767171709.402238,-3,0,-156
1767171709.412238,-5,0,-153
1767171709.422238,-3,0,-148
1767171709.432238,-4,-1,-144
1767171709.442238,-9,-4,-140
1767171709.452238,-9,-5,-143
1767171709.462238,-5,-7,-144
1767171709.472238,-6,-4,-140
1767171709.482238,-6,-2,-136
1767171709.492238,-1,-1,-138
1767171709.502238,-4,-4,-144
1767171709.5122385,-3,-7,-145
1767171709.5222385,-2,-2,-145
1767171709.5322382,-3,-4,-146
1767171709.5422382,-3,-6,-148
1767171709.5522382,-1,-1,-146
1767171709.5622382,-5,0,-144
1767171709.5722382,-6,0,-156
1767171709.5822382,-7,-4,-155
1767171709.5922382,-6,0,-157
1767171709.6022382,-2,1,-161
1767171709.6122382,-2,0,-155
1767171709.6222382,-3,0,-154
1767171709.632238,0,1,-154
1767171709.642238,2,-2,-149
1767171709.652238,1,0,-149
1767171709.662238,0,-1,-149
1767171709.672238,0,-4,-149
1767171709.682238,0,-5,-146
1767171709.692238,-6,-6,-147
1767171709.702238,-6,-5,-150
1767171709.712238,-6,-6,-152
1767171709.722238,-6,-2,-160
1767171709.732238,-13,-5,-157
1767171709.742238,-9,-9,-154
1767171709.752238,-8,-6,-151
1767171709.7622385,-7,-6,-146
1767171709.7722385,-3,-6,-140
1767171709.7822382,0,-9,-144
1767171709.7922382,1,-9,-142
1767171709.8022382,-2,-6,-140
1767171709.8122382,-3,-9,-136
1767171709.8222382,-2,-8,-135
1767171709.8322382,-3,-9,-137
1767171709.8422382,-1,-6,-137
1767171709.8522382,-4,-4,-136
1767171709.8622382,-7,0,-137
1767171709.8722382,-5,-3,-132
1767171709.882238,-3,-8,-136
1767171709.892238,-4,-7,-140
1767171709.902238,-5,-5,-139
1767171709.912238,-3,-6,-134
1767171709.922238,-4,-7,-140
1767171709.932238,-3,-10,-140
1767171709.942238,-2,-8,-141
1767171709.952238,2,-8,-143
1767171709.962238,0,-8,-138
1767171709.972238,-7,-8,-140
1767171709.982238,-4,-4,-145
1767171709.992238,-3,-3,-142
1767171710.002238,-1,-5,-146
1767171710.0122385,1,-3,-145
1767171710.0222385,0,-4,-146
1767171710.0322382,1,-2,-144
1767171710.0422382,0,0,-148
1767171710.0522382,0,-1,-152
1767171710.0622382,-1,1,-152
1767171710.0722382,-3,0,-152
1767171710.0822382,-7,0,-152
1767171710.0922382,-8,-2,-153
1767171710.1022382,-6,-1,-151
1767171710.1122382,0,-4,-152
1767171710.1222382,2,-2,-151
1767171710.132238,0,0,-150
1767171710.142238,0,-1,-140
1767171710.152238,0,-1,-133
1767171710.162238,7,0,-142
1767171710.172238,5,-2,-147
1767171710.182238,1,1,-144
1767171710.192238,1,0,-137
1767171710.202238,-1,1,-136
1767171710.212238,-2,5,-140
1767171710.222238,-7,2,-139
1767171710.232238,-9,-8,-145
1767171710.242238,-9,-7,-146
1767171710.252238,-6,-9,-148
1767171710.2622385,-7,-5,-151
1767171710.2722385,-6,-1,-157
1767171710.2822382,-4,-1,-150
1767171710.2922382,-4,-4,-147
1767171710.3022382,-9,-1,-147
1767171710.3122382,-8,-2,-145
1767171710.3222382,-1,-2,-145
1767171710.3322382,4,1,-146
1767171710.3422382,4,1,-150
1767171710.3522382,7,1,-148
1767171710.3622382,6,0,-148
1767171710.3722382,8,-1,-146
1767171710.382238,6,1,-144
1767171710.392238,8,7,-141
1767171710.402238,9,3,-142
1767171710.412238,2,1,-142
1767171710.422238,0,1,-142
1767171710.432238,-2,0,-144
1767171710.442238,-7,-6,-143
1767171710.452238,-4,-9,-151
1767171710.462238,-8,-10,-150
1767171710.472238,-5,-10,-155
1767171710.482238,-1,-11,-152
1767171710.492238,-3,-7,-148
1767171710.502238,-2,-4,-150
1767171710.5122385,2,-8,-146
1767171710.5222385,4,-4,-146
1767171710.5322382,4,-6,-152
1767171710.5422382,0,-5,-150
1767171710.5522382,6,-2,-150
1767171710.5622382,4,4,-148
1767171710.5722382,6,5,-142
1767171710.5822382,10,5,-147
1767171710.5922382,2,4,-154
1767171710.6022382,2,-1,-158
1767171710.6122382,2,3,-157
1767171710.6222382,4,0,-152
1767171710.632238,3,1,-148
1767171710.642238,1,0,-145
1767171710.652238,-2,0,-145
1767171710.662238,0,0,-150
1767171710.672238,-2,0,-150
1767171710.682238,1,0,-148
1767171710.692238,0,0,-161
1767171710.702238,0,0,-158
1767171710.712238,0,-2,-152
1767171710.722238,1,-5,-153
1767171710.732238,2,-5,-151
1767171710.742238,3,-4,-159
1767171710.752238,1,1,-156
1767171710.7622385,0,0,-159
1767171710.7722385,-1,2,-156
1767171710.7822382,-2,0,-152
1767171710.7922382,-3,-1,-145
1767171710.8022382,0,2,-137
1767171710.8122382,0,6,-143
1767171710.823238,4,0,-141
1767171710.833238,2,0,-135
1767171710.8422382,0,4,-139
1767171710.853238,-1,6,-137
1767171710.863238,-1,3,-138
1767171710.873238,-3,3,-138
1767171710.883238,-10,4,-145
1767171710.893238,-4,-3,-145
1767171710.903238,0,-1,-144
1767171710.913238,2,-1,-145
1767171710.923238,-2,0,-145
1767171710.9332385,-4,-1,-142
1767171710.9432385,-1,0,-140
1767171710.9532382,2,1,-143
1767171710.9632382,4,2,-142
1767171710.9732382,2,0,-139
1767171710.9832382,3,-1,-135
1767171710.9932382,2,-4,-138
1767171711.0032382,5,-9,-138
1767171711.0132382,9,-8,-139
1767171711.0232382,10,-7,-142
1767171711.0332382,10,-5,-143
1767171711.0432382,8,-6,-138
1767171711.0532382,5,-6,-147
1767171711.063238,3,-4,-146
1767171711.073238,4,-3,-143
1767171711.083238,2,-2,-143
1767171711.093238,0,2,-150
1767171711.103238,3,4,-148
1767171711.113238,3,3,-144
1767171711.123238,2,3,-149
1767171711.133238,0,0,-144
1767171711.143238,-3,-2,-143
1767171711.153238,0,-1,-140
1767171711.163238,-4,0,-138
1767171711.173238,-6,0,-143
1767171711.1832385,-4,-1,-147
1767171711.1932385,-4,0,-147
1767171711.2032382,-7,4,-152
1767171711.2132382,-2,4,-147
1767171711.2232382,-2,0,-148
1767171711.2332382,0,0,-151
1767171711.2432382,0,2,-147
1767171711.2532382,1,0,-150
1767171711.2632382,1,-4,-147
1767171711.2732382,2,-4,-141
1767171711.2832382,3,-2,-143
1767171711.2932382,5,-3,-148
1767171711.3032382,2,-2,-147
1767171711.313238,6,1,-142
1767171711.323238,8,-1,-143
1767171711.333238,8,-3,-140
1767171711.343238,4,-1,-146
1767171711.353238,-2,2,-147
1767171711.363238,-3,-1,-150
1767171711.373238,-2,-2,-151
1767171711.383238,-2,0,-153
1767171711.393238,-1,0,-154
1767171711.403238,2,0,-153
1767171711.413238,4,0,-147
1767171711.423238,5,-7,-144
1767171711.4332385,3,-10,-146
1767171711.4432385,-1,-5,-144
1767171711.4532382,-3,-2,-145
1767171711.4632382,-3,0,-142
1767171711.4732382,-4,0,-145
1767171711.4832382,-5,2,-150
1767171711.4932382,-1,0,-154
1767171711.5032382,1,5,-147
1767171711.5132382,0,5,-141
1767171711.5232382,3,1,-136
1767171711.5332382,4,-1,-149
1767171711.5432382,6,-3,-148
1767171711.5532382,5,-1,-142
1767171711.563238,-1,1,-139
1767171711.573238,-4,2,-143
1767171711.583238,0,1,-148
1767171711.593238,-2,1,-147
1767171711.603238,-1,0,-145
1767171711.613238,-1,0,-147
1767171711.623238,-3,2,-150
1767171711.633238,-8,1,-151
1767171711.643238,0,4,-142
1767171711.653238,3,0,-136
1767171711.663238,8,1,-134
1767171711.673238,8,-2,-137
1767171716.7062385,-2,-6,-148
1767171716.715238,-5,-2,-144
1767171716.725238,-6,-1,-147
1767171716.735238,-9,-3,-151
1767171716.745238,-8,-4,-157
1767171716.755238,-6,-6,-154
1767171716.765238,-3,-1,-154
1767171716.775238,-3,-1,-151
1767171716.7852385,-1,-1,-149
1767171716.7952385,2,-7,-148
1767171716.8052382,4,-9,-147
1767171716.8152382,4,-8,-145
1767171716.8252382,6,-10,-142
1767171716.8352382,0,-9,-145
1767171716.8452382,-1,-8,-148
1767171716.8552382,0,-6,-149
1767171716.8652382,2,-1,-145
1767171716.8752382,-1,-2,-144
1767171716.8852382,0,0,-145
1767171716.8952382,0,0,-143
1767171716.9052382,0,-2,-140
1767171716.915238,-1,-5,-140
1767171716.925238,0,-7,-143
1767171716.935238,2,-6,-133
1767171716.945238,1,-6,-129
1767171716.955238,1,-4,-135
1767171716.965238,0,-2,-135
1767171716.975238,2,-2,-138
1767171716.985238,0,-4,-140
1767171716.995238,1,-1,-137
1767171717.005238,0,0,-135
1767171717.015238,2,-4,-134
1767171717.025238,4,-6,-133
1767171717.0352385,1,-5,-134
1767171717.0452385,4,-5,-138
1767171717.0552382,5,-5,-141
1767171717.0652382,3,-5,-142
1767171717.0752382,4,-2,-144
1767171717.0852382,0,-5,-145
1767171717.0952382,2,-4,-153
1767171717.1052382,0,-5,-151
1767171717.1152382,5,-3,-153
1767171717.1252382,10,1,-146
1767171717.1352382,6,-5,-148
1767171717.1452382,7,-2,-149
1767171717.1552382,12,0,-148
1767171717.165238,12,-3,-141
1767171717.175238,11,-4,-133
1767171717.185238,8,-4,-135
1767171717.195238,2,-1,-135
1767171717.205238,-1,-5,-136
1767171717.215238,-4,-6,-138
1767171717.225238,-2,-6,-132
1767171717.235238,0,-3,-130
1767171717.245238,-4,-7,-134
1767171717.255238,-2,-8,-139
1767171717.265238,2,-8,-139
1767171717.275238,2,-9,-137
1767171717.2852385,2,-13,-140
1767171717.2952385,2,-10,-140
1767171717.3052382,2,-8,-141
1767171717.3152382,0,-9,-142
1767171717.3252382,-1,-8,-144
1767171717.3352382,0,-7,-140
1767171717.3452382,3,-1,-143
1767171717.3552382,0,2,-141
1767171717.3652382,0,3,-144
1767171717.3752382,-2,0,-143
1767171717.3852382,-8,1,-149
1767171717.3952382,-8,2,-145
1767171717.4052382,-5,2,-144
1767171717.415238,-6,1,-144
1767171717.425238,-3,1,-148
1767171717.435238,1,0,-148
1767171717.445238,6,4,-150
1767171717.455238,9,6,-151
1767171717.465238,9,7,-144
1767171717.475238,4,3,-148
1767171717.485238,7,0,-144
1767171717.495238,4,0,-143
1767171717.505238,2,0,-145
1767171717.515238,-2,-1,-144
1767171717.525238,0,-1,-150
1767171717.5352385,0,-1,-147
1767171717.5452385,-4,-1,-147
1767171717.5552382,-4,0,-140
1767171717.5652382,-6,-2,-147
1767171717.5752382,-5,-4,-145
1767171717.5852382,-4,-4,-143
1767171717.5952382,-2,-3,-151
1767171717.6052382,0,-1,-159
1767171717.6152382,-3,-5,-152
1767171717.6252382,2,-7,-148
1767171717.6352382,0,-6,-152
1767171717.6452382,-3,-7,-153
1767171717.6552382,0,-5,-151
1767171717.665238,5,-3,-149
1767171717.675238,5,-2,-149
1767171717.685238,7,-1,-141
1767171717.695238,3,-1,-138
1767171717.705238,4,-1,-137
1767171717.715238,3,0,-137
1767171717.725238,2,-2,-137
1767171717.735238,1,-1,-132
1767171717.745238,-2,-2,-136
1767171717.755238,-2,-2,-133
1767171717.765238,-1,1,-134
1767171717.775238,0,1,-144
1767171717.7852385,2,2,-144
1767171717.7952385,3,0,-148
1767171717.8052382,6,0,-146
1767171717.8152382,5,1,-145
1767171717.8252382,3,6,-148
1767171717.8352382,2,7,-144
1767171717.8452382,0,3,-156
1767171717.8552382,1,0,-161
1767171717.8652382,1,0,-160
1767171717.8752382,-1,1,-153
1767171717.8852382,-1,0,-146
1767171717.8952382,0,-2,-144
1767171717.9052382,2,-6,-143
1767171717.915238,2,-6,-150
1767171717.925238,-1,-9,-153
1767171717.935238,-2,-5,-149
1767171717.945238,0,-4,-150
1767171717.955238,2,0,-155
1767171717.965238,3,3,-150
1767171717.975238,5,1,-148
1767171717.985238,7,3,-153
1767171717.995238,2,2,-152
1767171718.005238,4,5,-150
1767171718.015238,3,10,-154
1767171718.025238,0,9,-154
1767171718.0352385,-1,6,-156
1767171718.0452385,5,4,-156
1767171718.0552382,4,7,-157
1767171718.0652382,5,6,-154
1767171718.0752382,3,5,-155
1767171718.0852382,6,3,-152
1767171718.0952382,2,4,-157
1767171718.1052382,1,3,-156
1767171718.1152382,-2,1,-152
1767171718.1252382,1,0,-148
1767171718.1352382,-1,3,-144
1767171718.1452382,-1,0,-140
1767171718.1552382,-1,-1,-137
1767171718.165238,7,0,-138
1767171718.175238,5,1,-135
1767171718.185238,1,-4,-136
1767171718.195238,2,-8,-137
1767171718.205238,-1,-7,-138
1767171718.215238,1,-8,-135
1767171718.225238,0,-4,-143
1767171718.235238,-2,-2,-144
1767171718.245238,0,1,-146
1767171718.255238,4,3,-152
1767171718.265238,3,0,-151
1767171718.275238,3,-4,-147
1767171718.2852385,-1,-2,-151
1767171718.2952385,-3,-2,-151
1767171718.3052382,0,-2,-147
1767171718.3152382,-1,-1,-139
1767171718.3252382,-3,0,-137
1767171718.3352382,4,1,-139
1767171718.3452382,5,2,-137
1767171718.3552382,4,3,-138
1767171718.3652382,2,7,-143
1767171718.3752382,1,10,-142
1767171718.3852382,1,7,-143
1767171718.396238,2,7,-150
1767171718.4052382,-3,4,-147
1767171718.415238,-3,1,-146
1767171718.426238,0,-1,-147
1767171718.436238,-2,-1,-145
1767171718.445238,-2,-2,-143
1767171718.455238,-3,-5,-146
1767171718.4662385,-1,1,-144
1767171718.4762385,2,0,-142
1767171718.4862382,4,0,-143
1767171718.4962382,4,0,-144
1767171718.5062382,0,-3,-144
1767171718.5162382,2,-5,-139
1767171718.5262382,1,-4,-137
1767171718.5362382,-5,-4,-137
1767171718.5462382,-6,-5,-141
1767171718.5562382,-2,-7,-147
1767171718.5662382,-3,-3,-154
1767171718.5762382,-3,-1,-159
1767171718.586238,-4,0,-154
1767171718.596238,-2,0,-156
1767171718.606238,-4,2,-151
1767171718.616238,-2,4,-153
1767171718.626238,1,2,-158
1767171718.636238,2,0,-152
1767171718.646238,0,-4,-146
1767171718.656238,-6,-1,-146
1767171718.666238,-2,-2,-144
1767171718.676238,0,0,-144
1767171718.686238,-2,0,-145
1767171718.696238,0,-3,-143
1767171718.7062385,0,0,-145
1767171718.7162385,-4,-2,-147
1767171718.7262385,-3,-2,-139
1767171718.7362382,-3,-3,-141
1767171718.7462382,-2,-9,-141
1767171718.7562382,-1,-10,-146
1767171718.7662382,0,-12,-147
1767171718.7762382,3,-7,-145
1767171718.7862382,3,-5,-141
1767171718.7962382,3,-2,-141
1767171718.8062382,4,-3,-145
1767171718.8162382,8,-1,-148
1767171718.8262382,4,-4,-146
1767171718.836238,0,-1,-148
1767171718.846238,0,-4,-147
1767171718.856238,-1,0,-143
1767171718.866238,-2,-1,-138
1767171718.876238,0,0,-134
1767171718.886238,-1,-3,-135
1767171718.896238,1,-6,-133
1767171718.906238,-3,-3,-136
1767171718.916238,-6,-5,-142
1767171718.926238,-5,-5,-139
1767171718.936238,-5,-6,-142
1767171718.946238,0,-10,-146
1767171718.9562385,0,-13,-142
1767171718.9662385,-5,-9,-150
1767171718.9762385,-2,-9,-150
1767171718.9862382,-2,-8,-150
1767171718.9962382,-5,-6,-143
1767171719.0062382,-8,-6,-141
1767171719.0162382,-5,-4,-141
1767171719.0262382,-3,-3,-140
1767171719.0362382,-2,2,-143
1767171719.0462382,0,7,-142
1767171719.0562382,0,1,-143
1767171719.0662382,-1,-1,-135
1767171719.0762382,-5,1,-133
1767171719.086238,-1,0,-137
1767171719.096238,2,-1,-141
1767171719.106238,6,0,-149
1767171719.116238,5,0,-144
1767171719.126238,3,0,-142
1767171719.136238,2,2,-141
1767171719.146238,0,5,-141
1767171719.156238,2,0,-132
1767171719.166238,1,0,-133
1767171719.176238,0,-3,-137
1767171719.186238,-3,-2,-140
1767171719.196238,0,0,-136
1767171719.2062385,0,-1,-141
1767171719.2162385,-1,-3,-144
1767171719.2262385,-2,1,-143
1767171719.2362382,0,1,-141
1767171719.2462382,2,3,-139
1767171719.2562382,0,0,-139
1767171719.2662382,-2,0,-137
1767171719.2762382,0,-1,-143
1767171719.2862382,-1,-3,-146
1767171719.2962382,-6,-2,-143
1767171719.3062382,-6,1,-144
1767171719.3162382,-3,0,-148
1767171719.3262382,-5,0,-151
1767171719.336238,-2,2,-150
1767171719.346238,0,8,-155
1767171719.356238,0,6,-152
1767171719.366238,0,4,-149
1767171719.376238,-1,2,-157
1767171719.386238,0,6,-150
1767171719.396238,4,6,-153
1767171719.406238,2,1,-151
1767171719.416238,2,5,-152
1767171719.426238,5,4,-149
1767171719.436238,1,2,-144
1767171719.446238,4,1,-137
1767171719.4562385,0,-2,-135
1767171719.4662385,1,2,-134
1767171719.4762385,-1,1,-138
1767171719.4862382,-2,0,-143
1767171719.4962382,-5,0,-147
1767171719.5062382,-6,2,-146
1767171719.5162382,-6,1,-141
1767171719.5262382,-7,0,-139
1767171719.5362382,-1,0,-139
1767171719.5462382,-3,-3,-139
1767171719.5562382,-3,-3,-141
1767171719.5662382,-3,-3,-145
1767171719.5762382,-2,-6,-145
1767171719.586238,-1,-3,-146
1767171719.596238,0,-2,-148
1767171719.606238,0,-1,-152
1767171719.616238,1,-3,-160
1767171719.626238,6,-4,-159
1767171719.636238,5,-4,-154
1767171719.646238,1,-5,-153
1767171719.656238,1,-4,-152
1767171719.666238,0,0,-148
1767171719.676238,-2,0,-142
1767171719.686238,-2,0,-141
1767171719.696238,-5,0,-147
1767171719.7062385,-4,1,-152
1767171719.7162385,0,4,-156
1767171719.7262385,1,0,-149
1767171719.7362382,0,0,-152
1767171719.7462382,-1,1,-151
1767171719.7562382,2,2,-147
1767171719.7662382,0,2,-146
1767171719.7762382,-4,-2,-145
1767171719.7862382,-4,0,-149
1767171719.7962382,0,-3,-156
1767171719.8062382,-1,-3,-152
1767171719.8162382,-2,-3,-154
1767171719.8262382,0,-2,-155
1767171719.836238,3,-5,-150
1767171719.846238,0,-4,-151
1767171719.856238,-1,-1,-151
1767171719.866238,-2,0,-144
1767171719.876238,0,0,-144
1767171719.886238,2,0,-147
1767171719.896238,0,-3,-149
1767171719.906238,-3,-2,-151
1767171719.916238,-7,-2,-153
1767171719.926238,-3,-2,-151
1767171719.936238,-1,-3,-142
1767171719.946238,-5,-2,-140
1767171719.9562385,-3,-2,-139
1767171719.9662385,0,2,-142
1767171719.9762385,2,7,-144
1767171719.9862382,-1,4,-138
1767171719.9962382,3,2,-137
1767171720.0062382,0,2,-136
1767171720.0162382,1,3,-144
1767171720.0262382,1,2,-146
1767171720.0362382,-2,0,-154
1767171720.0462382,0,-2,-154
1767171720.0562382,0,-3,-149
1767171720.0662382,0,-3,-152
1767171720.0762382,1,-6,-142
1767171720.086238,2,-6,-142
1767171720.096238,0,-2,-139
1767171720.106238,4,-4,-138
1767171720.116238,8,-3,-136
1767171720.126238,3,-6,-145
1767171720.136238,-2,-8,-147
1767171720.146238,0,-7,-151
1767171720.156238,1,-9,-149
1767171720.166238,2,-7,-148
1767171720.176238,-1,-5,-148
1767171720.186238,-2,-4,-148
1767171720.196238,0,-5,-155
1767171720.2062385,0,-4,-154
1767171720.2162385,-2,0,-154
1767171720.2262385,-4,-3,-152
1767171720.2362382,-1,-2,-148
1767171720.2462382,-2,0,-145
1767171720.2562382,-3,0,-150
1767171720.2662382,0,1,-149
1767171720.2762382,-1,0,-147
1767171720.2862382,-1,1,-147
1767171720.2962382,4,0,-144
1767171720.3062382,3,0,-145
1767171720.3162382,1,3,-145
1767171720.3262382,1,2,-146
1767171720.336238,1,2,-151
1767171720.346238,0,0,-148
1767171720.356238,4,-2,-144
1767171720.366238,0,-12,-145
1767171720.376238,0,-11,-145
1767171720.386238,-1,-9,-146
1767171720.396238,-3,-6,-148
1767171720.406238,0,0,-146
1767171720.416238,-2,3,-141
1767171720.426238,-2,0,-142
1767171720.436238,-2,-2,-142
1767171720.446238,-3,-1,-145
1767171720.4562385,-1,-1,-144
1767171720.4662385,-1,0,-149
1767171720.4762385,5,2,-151
1767171720.4862382,8,1,-147
1767171720.4962382,11,1,-151
1767171720.5062382,9,1,-150
1767171720.5162382,4,-2,-152
1767171720.5262382,3,-5,-146
1767171720.5362382,0,-5,-141
1767171720.5462382,-4,-6,-138
1767171720.5562382,-2,-6,-136
1767171720.5662382,-4,-2,-135
1767171720.5762382,-3,1,-125
1767171720.586238,-3,0,-132
1767171720.596238,-3,-3,-139
1767171720.606238,-6,-3,-134
1767171720.616238,-5,1,-138
1767171720.626238,-4,2,-144
1767171720.636238,-7,-1,-151
1767171720.646238,-3,-3,-157
1767171720.656238,-3,-4,-151
1767171720.666238,-4,-4,-144
1767171720.676238,-6,-1,-141
1767171720.686238,-10,-1,-141
1767171720.696238,-5,0,-136
1767171720.7062385,3,2,-131
1767171720.7162385,0,-2,-143
1767171720.7262385,0,-3,-149
1767171720.7362382,-1,-6,-153
1767171720.7462382,1,-3,-152
1767171720.7562382,3,-1,-154
1767171720.7662382,3,1,-163
1767171720.7762382,4,3,-160
1767171720.7862382,5,2,-150
1767171720.7962382,7,0,-154
1767171720.8062382,3,1,-158
1767171720.8162382,-3,3,-153
1767171720.8262382,-6,0,-154
1767171720.836238,-9,-2,-151
1767171720.846238,-6,-5,-151
1767171720.856238,-8,-2,-153
1767171720.866238,-2,-2,-153
1767171720.876238,-1,-3,-155
1767171720.886238,-2,-5,-155
1767171720.896238,-3,-2,-161
1767171720.906238,0,-1,-156
1767171720.916238,0,2,-151
1767171720.926238,4,1,-147
1767171720.936238,5,-4,-144
1767171720.946238,3,-5,-149
1767171720.9572382,2,-4,-146
1767171720.9672382,2,0,-152
1767171720.9772382,1,-4,-147
1767171720.9872382,4,-8,-145
1767171720.9972382,6,-9,-137
1767171721.007238,4,-10,-146
1767171721.017238,1,-5,-147
1767171721.027238,-1,-5,-148
1767171721.037238,-5,-4,-151
1767171721.047238,-4,-5,-153
1767171721.057238,-5,-5,-158
1767171721.067238,-4,-4,-158
1767171721.077238,-4,-4,-156
1767171721.087238,-3,-3,-156
1767171721.097238,3,-5,-149
1767171721.107238,4,-5,-141
1767171721.117238,0,0,-142
1767171721.127238,2,3,-147
1767171721.1372385,2,4,-149
1767171721.1472385,2,4,-150
1767171721.1572382,1,7,-156
1767171721.1672382,2,8,-154
1767171721.1772382,0,7,-153
1767171721.1872382,-1,5,-150
1767171721.1972382,-1,2,-149
1767171721.2072382,-2,0,-147
1767171721.2172382,7,-2,-144
1767171721.2272382,10,-1,-144
1767171721.2372382,7,4,-143
1767171721.2472382,3,3,-148
1767171721.257238,3,2,-153
1767171721.267238,2,6,-153
1767171721.277238,3,7,-156
1767171721.287238,1,5,-142
1767171721.297238,0,2,-137
1767171721.307238,-1,-3,-139
1767171721.317238,-4,-3,-136
1767171721.327238,-6,-6,-137
1767171721.337238,-4,-5,-135
1767171721.347238,-5,-2,-136
1767171721.357238,-5,-2,-142
1767171721.367238,0,-1,-136
1767171721.377238,-3,0,-139
1767171721.3872385,-4,-2,-144
1767171721.3972385,-5,1,-151
1767171721.4072382,-8,3,-152
1767171721.4172382,-7,3,-152
1767171721.4272382,-8,3,-154
1767171721.4372382,-10,2,-157
1767171721.4472382,-8,2,-152
1767171721.4572382,-7,4,-146
1767171721.4672382,-3,4,-137
1767171721.4772382,0,-2,-136
1767171721.4872382,-2,0,-136
1767171721.4972382,-1,2,-143
1767171721.507238,-6,2,-145
1767171721.517238,-4,-1,-149
1767171721.527238,-5,0,-151
1767171721.537238,-5,0,-154
1767171721.547238,-5,-4,-153
1767171721.557238,-8,-1,-153
1767171721.567238,-10,1,-145
1767171721.577238,-9,3,-139
1767171721.587238,-7,2,-139
1767171721.597238,-5,2,-148
1767171721.607238,-4,1,-149
1767171721.617238,0,2,-144
1767171721.627238,-2,3,-139
1767171721.6372385,-2,6,-143
1767171721.6472385,-3,0,-140
1767171721.6572382,-1,-1,-142
1767171721.6672382,-1,0,-147
1767171721.6772382,0,-1,-151
1767171721.6872382,0,0,-152
1767171721.6972382,3,2,-147
1767171726.731238,3,1,-124
1767171726.7392385,5,2,-126
1767171726.7492385,2,0,-130
1767171726.7592382,2,-3,-129
1767171726.7692382,3,0,-134
1767171726.7792382,5,0,-136
1767171726.7892382,1,-2,-140
1767171726.7992382,0,-2,-134
1767171726.8092382,5,-1,-140
1767171726.8192382,2,-3,-146
1767171726.8292382,0,-3,-143
1767171726.8392382,0,-2,-144
1767171726.8492382,2,1,-145
1767171726.859238,5,2,-144
1767171726.869238,3,4,-143
1767171726.879238,3,6,-137
1767171726.889238,4,0,-132
1767171726.899238,0,-4,-132
1767171726.909238,1,-5,-131
1767171726.919238,2,-2,-137
1767171726.929238,2,2,-139
1767171726.939238,5,0,-137
1767171726.949238,1,2,-142
1767171726.959238,0,0,-137
1767171726.969238,-5,3,-139
1767171726.9792385,-5,6,-145
1767171726.9892385,-4,4,-145
1767171726.9992385,1,4,-137
1767171727.0092382,1,3,-136
1767171727.0192382,0,1,-136
1767171727.0292382,0,-2,-143
1767171727.0392382,0,0,-145
1767171727.0492382,-3,1,-146
1767171727.0592382,-3,1,-145
1767171727.0692382,1,2,-147
1767171727.0792382,4,-2,-152
1767171727.0892382,6,-3,-150
1767171727.0992382,4,0,-148
1767171727.109238,5,0,-150
1767171727.119238,0,0,-146
1767171727.129238,2,-1,-146
1767171727.139238,5,-4,-150
1767171727.149238,5,-4,-147
1767171727.159238,1,-4,-150
1767171727.169238,0,-3,-153
1767171727.179238,2,-2,-154
1767171727.189238,6,0,-158
1767171727.199238,4,1,-157
1767171727.209238,2,1,-159
1767171727.219238,3,3,-158
1767171727.2292385,4,3,-158
1767171727.2392385,2,1,-151
1767171727.2492385,0,0,-143
1767171727.2592382,0,-3,-148
1767171727.2692382,0,-2,-139
1767171727.2792382,-1,-1,-136
1767171727.2892382,1,0,-141
1767171727.2992382,-1,-2,-145
1767171727.3092382,0,-3,-146
1767171727.3192382,0,-1,-144
1767171727.3292382,5,2,-149
1767171727.3392382,1,3,-147
1767171727.3492382,-2,4,-145
1767171727.359238,0,1,-138
1767171727.369238,-5,1,-141
1767171727.379238,-4,0,-143
1767171727.389238,-2,0,-143
1767171727.399238,-5,0,-142
1767171727.409238,-6,-1,-141
1767171727.419238,-6,1,-144
1767171727.429238,-3,0,-142
1767171727.439238,-1,-1,-149
1767171727.449238,-2,-3,-146
1767171727.459238,-5,-1,-139
1767171727.469238,-8,-7,-141
1767171727.4792385,-1,-9,-139
1767171727.4892385,3,-6,-138
1767171727.4992385,4,-4,-145
1767171727.5092382,2,-6,-142
1767171727.5192382,1,-5,-140
1767171727.5292382,2,-2,-145
1767171727.5392382,2,-3,-141
1767171727.5492382,0,0,-143
1767171727.5592382,0,-2,-146
1767171727.5692382,0,-4,-150
1767171727.5792382,0,-6,-153
1767171727.5892382,0,-7,-145
1767171727.5992382,0,-7,-141
1767171727.609238,3,-5,-134
1767171727.619238,3,-7,-138
1767171727.629238,5,-6,-145
1767171727.639238,4,-6,-148
1767171727.649238,6,-3,-150
1767171727.659238,5,0,-149
1767171727.669238,2,1,-152
1767171727.679238,3,0,-151
1767171727.689238,1,-2,-150
1767171727.699238,4,0,-153
1767171727.709238,10,-1,-151
1767171727.719238,8,-7,-148
1767171727.7292385,2,-9,-145
1767171727.7392385,1,-8,-136
1767171727.7492385,3,-10,-137
1767171727.7592382,2,-10,-143
1767171727.7692382,3,-6,-147
1767171727.7792382,2,-4,-142
1767171727.7892382,2,-5,-139
1767171727.7992382,1,-6,-138
1767171727.8092382,3,-6,-137
1767171727.8192382,1,-6,-134
1767171727.8292382,0,-3,-130
1767171727.8392382,-2,-2,-138
1767171727.8492382,-1,-2,-139
1767171727.859238,3,-5,-142
1767171727.869238,2,-6,-143
1767171727.879238,-2,-4,-139
1767171727.889238,-4,-1,-140
1767171727.899238,-3,-1,-141
1767171727.909238,-2,1,-146
1767171727.919238,1,1,-144
1767171727.929238,4,3,-142
1767171727.939238,0,1,-135
1767171727.949238,-5,-1,-139
1767171727.959238,-3,-3,-142
1767171727.969238,1,0,-150
1767171727.9792385,0,-2,-152
1767171727.9892385,-3,0,-155
1767171727.9992385,0,3,-163
1767171728.0092382,-1,1,-172
1767171728.0192382,-1,3,-166
1767171728.0292382,0,7,-160
1767171728.0392382,-2,6,-159
1767171728.0492382,-2,1,-163
1767171728.0592382,-1,0,-158
1767171728.0692382,0,-2,-158
1767171728.0792382,0,-3,-159
1767171728.0892382,1,-1,-164
1767171728.0992382,4,-3,-154
1767171728.109238,2,-7,-149
1767171728.119238,0,-8,-145
1767171728.129238,-3,-6,-143
1767171728.139238,-2,-4,-147
1767171728.149238,-1,-3,-148
1767171728.159238,-1,-3,-148
1767171728.169238,-3,-5,-149
1767171728.179238,0,-5,-154
1767171728.189238,4,-4,-151
1767171728.199238,0,-1,-153
1767171728.209238,0,0,-148
1767171728.219238,-2,-1,-143
1767171728.2292385,1,0,-145
1767171728.2392385,1,-2,-143
1767171728.2492385,0,-2,-142
1767171728.2592382,3,0,-142
1767171728.2692382,5,-1,-137
1767171728.2792382,8,1,-132
1767171728.2892382,2,3,-129
1767171728.2992382,8,0,-135
1767171728.3092382,10,-2,-137
1767171728.3192382,7,-1,-141
1767171728.3292382,2,-2,-140
1767171728.3392382,0,-2,-139
1767171728.3492382,1,-4,-138
1767171728.359238,1,-5,-141
1767171728.369238,0,-9,-141
1767171728.379238,1,-6,-144
1767171728.389238,3,3,-146
1767171728.399238,4,-3,-143
1767171728.409238,3,-7,-144
1767171728.419238,0,-6,-147
1767171728.429238,-4,-5,-143
1767171728.439238,-4,-3,-143
1767171728.449238,-6,-2,-145
1767171728.459238,-12,-2,-145
1767171728.469238,-10,-2,-144
1767171728.4792385,-8,0,-142
1767171728.4892385,-8,-3,-148
1767171728.4992385,-5,-3,-153
1767171728.5102382,-3,-2,-159
1767171728.5192382,2,-2,-152
1767171728.5292382,1,1,-147
1767171728.5392382,0,2,-140
1767171728.550238,-2,-1,-142
1767171728.560238,0,0,-145
1767171728.570238,0,4,-140
1767171728.5792382,3,2,-138
1767171728.590238,0,0,-144
1767171728.600238,0,2,-147
1767171728.610238,0,5,-146
1767171728.620238,2,2,-147
1767171728.629238,4,0,-148
1767171728.640238,5,1,-149
1767171728.650238,3,0,-148
1767171728.6602385,-2,3,-145
1767171728.6702385,-7,4,-143
1767171728.6802382,-9,0,-146
1767171728.6902382,-9,-2,-146
1767171728.7002382,-5,-2,-143
1767171728.7102382,-6,-1,-152
1767171728.7202382,-8,-3,-154
1767171728.7302382,-7,-1,-152
1767171728.7402382,-7,-2,-147
1767171728.7502382,-4,3,-148
1767171728.7602382,-3,2,-150
1767171728.7702382,-5,2,-150
1767171728.7802382,-5,0,-148
1767171728.790238,-5,-1,-150
1767171728.800238,-3,0,-144
1767171728.810238,-1,-4,-142
1767171728.820238,-3,-4,-136
1767171728.830238,-7,-1,-135
1767171728.840238,-4,-3,-142
1767171728.850238,-3,-2,-146
1767171728.860238,-1,-2,-145
1767171728.870238,0,-3,-145
1767171728.880238,-5,-6,-142
1767171728.890238,-3,-1,-140
1767171728.900238,-1,-3,-144
1767171728.9102385,0,0,-148
1767171728.9202385,-3,-1,-146
1767171728.9302382,-1,-2,-144
1767171728.9402382,-2,0,-139
1767171728.9502382,0,3,-136
1767171728.9602382,0,4,-141
1767171728.9702382,-2,7,-143
1767171728.9802382,3,4,-140
1767171728.9902382,7,1,-139
1767171729.0002382,1,-3,-137
1767171729.0102382,1,-4,-134
1767171729.0202382,2,-2,-136
1767171729.0302382,1,-1,-139
1767171729.040238,-2,0,-142
1767171729.050238,-2,2,-148
1767171729.060238,-3,0,-142
1767171729.070238,-4,0,-144
1767171729.080238,-6,4,-142
1767171729.090238,-7,1,-140
1767171729.100238,-5,3,-146
1767171729.110238,-6,1,-147
1767171729.120238,2,-1,-148
1767171729.130238,4,-3,-153
1767171729.140238,0,-4,-151
1767171729.150238,-4,-4,-147
1767171729.1602385,-5,-2,-151
1767171729.1702385,-4,-1,-144
1767171729.1802382,-1,-8,-143
1767171729.1902382,-3,-10,-137
1767171729.2002382,-4,-11,-134
1767171729.2102382,-5,-10,-135
1767171729.2202382,-5,-8,-136
1767171729.2302382,-8,-6,-138
1767171729.2402382,-5,-3,-142
1767171729.2502382,-4,-1,-144
1767171729.2602382,-3,1,-152
1767171729.2702382,-1,2,-155
1767171729.2802382,2,2,-154
1767171729.290238,3,3,-158
1767171729.300238,5,5,-151
1767171729.310238,1,5,-151
1767171729.320238,5,5,-139
1767171729.330238,7,2,-135
1767171729.340238,4,1,-130
1767171729.350238,2,-1,-129
1767171729.360238,3,-2,-134
1767171729.370238,3,-1,-136
1767171729.380238,2,-4,-133
1767171729.390238,4,-3,-144
1767171729.400238,3,0,-146
1767171729.4102385,-2,0,-146
1767171729.4202385,-3,-3,-145
1767171729.4302382,-4,-4,-143
1767171729.4402382,-4,-2,-141
1767171729.4502382,-2,-2,-147
1767171729.4602382,-2,-2,-149
1767171729.4702382,1,-3,-149
1767171729.4802382,4,-3,-144
1767171729.4902382,8,0,-142
1767171729.5002382,4,-1,-138
1767171729.5102382,2,0,-151
1767171729.5202382,3,1,-151
1767171729.5302382,1,1,-151
1767171729.540238,0,-4,-151
1767171729.550238,1,-5,-150
1767171729.560238,5,-4,-145
1767171729.570238,4,-1,-143
1767171729.580238,2,2,-147
1767171729.590238,2,5,-140
1767171729.600238,2,2,-132
1767171729.610238,1,3,-129
1767171729.620238,2,-1,-137
1767171729.630238,7,-1,-136
1767171729.640238,0,2,-139
1767171729.650238,3,2,-139
1767171729.6602385,2,0,-147
1767171729.6702385,2,-2,-154
1767171729.6802382,7,-4,-149
1767171729.6902382,9,-3,-154
1767171729.7002382,5,-4,-153
1767171729.7102382,4,-6,-148
1767171729.7202382,0,-4,-148
1767171729.7302382,1,0,-145
1767171729.7402382,-1,1,-144
1767171729.7502382,-2,-3,-141
1767171729.7602382,0,-4,-138
1767171729.7702382,1,0,-144
1767171729.7802382,3,-1,-142
1767171729.790238,6,-1,-144
1767171729.800238,6,-3,-136
1767171729.810238,5,-10,-136
1767171729.820238,0,-6,-132
1767171729.830238,-5,-2,-133
1767171729.840238,-7,-3,-143
1767171729.850238,-5,-8,-141
1767171729.860238,-3,-4,-146
1767171729.870238,-6,0,-143
1767171729.880238,-5,0,-147
1767171729.890238,0,1,-145
1767171729.900238,0,2,-148
1767171729.9102385,2,0,-146
1767171729.9202385,4,-1,-145
1767171729.9302382,2,3,-145
1767171729.9402382,1,4,-140
1767171729.9502382,-2,3,-141
1767171729.9602382,-6,3,-141
1767171729.9702382,-7,2,-139
1767171729.9802382,-5,-1,-134
1767171729.9902382,0,0,-140
1767171730.0002382,-1,-1,-140
1767171730.0102382,-1,-1,-141
1767171730.0202382,-3,-6,-142
1767171730.0302382,-1,-4,-148
1767171730.040238,3,-9,-146
1767171730.050238,5,-10,-144
1767171730.060238,2,-9,-143
1767171730.070238,-1,-4,-139
1767171730.080238,-4,0,-144
1767171730.090238,0,-3,-138
1767171730.100238,0,-4,-138
1767171730.110238,0,-6,-142
1767171730.120238,-3,-4,-137
1767171730.130238,0,-6,-145
1767171730.140238,0,-5,-149
1767171730.150238,-2,-5,-145
1767171730.1602385,0,-3,-143
1767171730.1702385,-3,-6,-145
1767171730.1802382,-4,-7,-142
1767171730.1902382,-1,-5,-147
1767171730.2002382,1,0,-153
1767171730.2102382,3,2,-155
1767171730.2202382,2,1,-153
1767171730.2302382,0,4,-150
1767171730.2402382,-1,0,-155
1767171730.2502382,-1,2,-156
1767171730.2602382,1,0,-159
1767171730.2702382,-5,0,-155
1767171730.2802382,-6,-7,-159
1767171730.290238,-6,-1,-150
1767171730.300238,-4,5,-147
1767171730.310238,0,6,-151
1767171730.320238,1,2,-151
1767171730.330238,1,0,-152
1767171730.340238,1,-1,-151
1767171730.350238,-4,-2,-152
1767171730.360238,-2,0,-150
1767171730.370238,-5,0,-150
1767171730.380238,-8,-4,-144
1767171730.390238,-10,-5,-137
1767171730.400238,-4,-6,-134
1767171730.4102385,0,-5,-140
1767171730.4202385,4,-5,-138
1767171730.4302382,3,-5,-141
1767171730.4402382,0,-7,-140
1767171730.4502382,0,-8,-138
1767171730.4602382,-3,-10,-148
1767171730.4702382,-5,-12,-154
1767171730.4802382,-3,-11,-155
1767171730.4902382,-2,-11,-150
1767171730.5002382,-1,-9,-155
1767171730.5102382,-1,-4,-153
1767171730.5202382,-1,-2,-145
1767171730.5302382,-1,-3,-151
1767171730.540238,-3,-5,-146
1767171730.550238,-6,-6,-138
1767171730.560238,-11,-6,-140
1767171730.570238,-7,-7,-149
1767171730.580238,-5,-8,-149
1767171730.590238,-5,-3,-149
1767171730.600238,-4,-2,-148
1767171730.610238,-3,-2,-147
1767171730.620238,-5,-1,-146
1767171730.630238,-6,-2,-143
1767171730.640238,-10,-3,-147
1767171730.650238,-9,-4,-144
1767171730.6602385,-3,-4,-147
1767171730.6702385,-1,-5,-146
1767171730.6802382,-3,-7,-147
1767171730.6902382,0,-6,-148
1767171730.7002382,-2,-7,-150
1767171730.7102382,-2,-5,-144
1767171730.7202382,0,-2,-140
1767171730.7302382,0,-9,-147
1767171730.7402382,0,-5,-153
1767171730.7502382,-5,-3,-158
1767171730.7602382,-2,-3,-154
1767171730.7702382,-4,3,-156
1767171730.7802382,-1,2,-163
1767171730.790238,-2,0,-156
1767171730.800238,-3,1,-148
1767171730.810238,3,0,-147
1767171730.820238,3,-3,-143
1767171730.830238,3,-7,-143
1767171730.840238,1,-7,-144
1767171730.850238,-4,-6,-144
1767171730.860238,-9,-7,-146
1767171730.870238,-10,-5,-151
1767171730.880238,-9,-1,-148
1767171730.890238,-4,-4,-147
1767171730.900238,-2,-7,-148
1767171730.9102385,0,-6,-150
1767171730.9202385,5,-5,-143
1767171730.9302382,6,-1,-143
1767171730.9402382,5,2,-145
1767171730.9502382,5,2,-144
1767171730.9602382,3,2,-146
1767171730.9702382,0,0,-147
1767171730.9802382,-1,0,-139
1767171730.9902382,0,-1,-141
1767171731.0002382,0,0,-146
1767171731.0102382,-6,0,-153
1767171731.0202382,-3,-2,-153
1767171731.0302382,-4,-5,-155
1767171731.040238,-2,-4,-153
1767171731.050238,3,-8,-150
1767171731.060238,-1,-5,-143
1767171731.071238,-1,-3,-145
1767171731.080238,0,-3,-149
1767171731.090238,1,-3,-148
1767171731.1012385,0,-3,-145
1767171731.1112382,0,-3,-143
1767171731.1212382,-1,-5,-142
1767171731.1312382,0,-1,-144
1767171731.1412382,2,-3,-140
1767171731.1512382,0,-6,-139
1767171731.1612382,2,-5,-145
1767171731.1712382,2,-3,-149
1767171731.1812382,4,-2,-147
1767171731.1912382,2,-5,-138
1767171731.2012382,2,-5,-148
1767171731.211238,3,-5,-145
1767171731.221238,4,-7,-145
1767171731.231238,5,-6,-145
1767171731.241238,8,-6,-143
1767171731.251238,5,-2,-143
1767171731.261238,0,2,-138
1767171731.271238,1,5,-139
1767171731.281238,2,1,-145
1767171731.291238,0,0,-145
1767171731.301238,-2,0,-146
1767171731.311238,-1,0,-143
1767171731.321238,1,0,-144
1767171731.3312385,2,-3,-144
1767171731.3412385,0,-3,-147
1767171731.3512385,2,0,-149
1767171731.3612382,4,-2,-147
1767171731.3712382,0,-1,-151
1767171731.3812382,-1,-2,-151
1767171731.3912382,-3,-3,-153
1767171731.4012382,-4,-5,-148
1767171731.4112382,-4,-5,-142
1767171731.4212382,-2,0,-137
1767171731.4312382,-2,-2,-135
1767171731.4412382,-3,-1,-142
1767171731.4512382,0,-3,-141
1767171731.461238,-1,-3,-140
1767171731.471238,-3,-4,-138
1767171731.481238,-6,-6,-140
1767171731.491238,1,-9,-148
1767171731.501238,-1,-9,-147
1767171731.511238,-2,-7,-146
1767171731.521238,0,-6,-150
1767171731.531238,-2,-6,-145
1767171731.541238,-2,-5,-147
1767171731.551238,-2,-5,-147
1767171731.561238,-1,-6,-141
1767171731.571238,-1,-3,-144
1767171731.5812385,2,-3,-147
1767171731.5912385,4,-5,-148
1767171731.6012385,3,-3,-148
1767171731.6112382,5,-3,-143
1767171731.6212382,4,-3,-141
1767171731.6312382,3,-4,-137
1767171731.6412382,5,-2,-136
1767171731.6512382,2,-3,-142
1767171731.6612382,-2,0,-140
1767171731.6712382,-1,0,-137
1767171731.6812382,-2,0,-136
1767171731.6912382,0,-5,-140
1767171731.7012382,0,-5,-139
1767171731.711238,0,-6,-139
1767171731.721238,-5,-1,-135
1767171736.755238,2,-3,-142
1767171736.7632382,2,-3,-145
1767171736.7732382,1,-7,-147
1767171736.7832382,0,-4,-148
1767171736.7932382,2,-2,-144
1767171736.8032382,0,3,-142
1767171736.813238,0,1,-145
1767171736.823238,-3,0,-145
1767171736.833238,-3,-1,-147
1767171736.843238,-2,-2,-146
1767171736.853238,1,0,-140
1767171736.863238,0,-1,-136
1767171736.873238,0,-2,-134
1767171736.883238,0,2,-136
1767171736.893238,0,4,-142
1767171736.903238,0,4,-141
1767171736.913238,3,3,-142
1767171736.923238,0,0,-143
1767171736.9332385,-3,2,-146
1767171736.9432385,0,-2,-149
1767171736.9532382,4,0,-144
1767171736.9632382,5,-1,-145
1767171736.9732382,5,0,-143
1767171736.9832382,3,0,-146
1767171736.9932382,3,-1,-146
1767171737.0032382,0,-3,-138
1767171737.0132382,-3,-2,-141
1767171737.0232382,-10,-1,-142
1767171737.0332382,-10,0,-143
1767171737.0432382,-4,-1,-143
1767171737.0532382,-5,0,-141
1767171737.063238,2,-1,-141
1767171737.073238,3,0,-140
1767171737.083238,3,-1,-141
1767171737.093238,1,-2,-144
1767171737.103238,0,-4,-144
1767171737.113238,1,-3,-147
1767171737.123238,3,0,-143
1767171737.133238,8,0,-148
1767171737.143238,5,1,-153
1767171737.153238,3,0,-154
1767171737.163238,4,0,-147
1767171737.173238,0,0,-143
1767171737.1832385,3,0,-140
1767171737.1932385,3,0,-147
1767171737.2032382,1,0,-146
1767171737.2132382,1,2,-153
1767171737.2232382,-2,3,-151
1767171737.2332382,-3,0,-154
1767171737.2432382,-4,-5,-151
1767171737.2532382,-4,-9,-144
1767171737.2632382,1,-8,-140
1767171737.2732382,0,-4,-139
1767171737.2832382,1,-2,-143
1767171737.2932382,1,-3,-140
1767171737.3032382,1,1,-145
1767171737.313238,0,2,-140
1767171737.323238,1,0,-133
1767171737.333238,2,-2,-139
1767171737.343238,2,-1,-143
1767171737.353238,3,0,-139
1767171737.363238,2,2,-140
1767171737.373238,0,2,-142
1767171737.383238,0,6,-145
1767171737.393238,-2,1,-152
1767171737.403238,-6,4,-158
1767171737.413238,-2,3,-155
1767171737.423238,0,-2,-145
1767171737.4332385,0,-4,-147
1767171737.4432385,-2,-4,-143
1767171737.4532382,-5,-7,-141
1767171737.4632382,-3,-7,-138
1767171737.4732382,1,-2,-138
1767171737.4832382,2,-1,-141
1767171737.4932382,5,-2,-135
1767171737.5032382,3,-4,-135
1767171737.5132382,0,-3,-138
1767171737.5232382,0,-1,-141
1767171737.5332382,0,0,-146
1767171737.5432382,-5,0,-143
1767171737.5532382,-5,2,-145
1767171737.563238,-6,2,-150
1767171737.573238,-6,2,-145
1767171737.583238,-5,-1,-147
1767171737.593238,-4,-3,-142
1767171737.603238,-4,-4,-133
1767171737.613238,-2,-1,-130
1767171737.623238,-3,-2,-134
1767171737.633238,-4,-2,-141
1767171737.643238,0,-2,-145
1767171737.653238,4,-3,-149
1767171737.663238,6,-4,-148
1767171737.673238,2,-5,-146
1767171737.6832385,3,-4,-146
1767171737.6932385,-1,-6,-145
1767171737.7032382,-4,-7,-143
1767171737.7132382,-6,-8,-151
1767171737.7232382,-7,-6,-160
1767171737.7332382,-6,-8,-160
1767171737.7432382,-1,-10,-153
1767171737.7532382,0,-8,-153
1767171737.7632382,-1,-5,-152
1767171737.7732382,-2,-5,-147
1767171737.7832382,-2,-3,-152
1767171737.7932382,-1,-1,-151
1767171737.8032382,-1,-3,-149
1767171737.813238,-1,-5,-147
1767171737.823238,-4,-2,-152
1767171737.833238,-2,0,-154
1767171737.843238,0,-2,-144
1767171737.853238,-2,-2,-143
1767171737.863238,-2,-6,-144
1767171737.873238,2,-7,-140
1767171737.883238,3,-5,-134
1767171737.893238,4,-3,-139
1767171737.903238,8,3,-142
1767171737.913238,2,1,-139
1767171737.923238,2,0,-144
1767171737.9332385,3,-4,-144
1767171737.9432385,2,-4,-147
1767171737.9532382,5,-2,-149
1767171737.9632382,2,-3,-147
1767171737.9732382,3,-3,-138
1767171737.9832382,9,-3,-138
1767171737.9932382,8,2,-149
1767171738.0032382,8,2,-156
1767171738.0132382,3,0,-153
1767171738.0232382,-1,0,-155
1767171738.0332382,-4,-1,-155
1767171738.0432382,1,5,-152
1767171738.0532382,4,2,-148
1767171738.063238,4,-1,-149
1767171738.073238,2,0,-149
1767171738.083238,0,7,-149
1767171738.093238,-1,1,-149
1767171738.103238,-2,-2,-147
1767171738.113238,-3,-5,-152
1767171738.123238,-3,-6,-154
1767171738.133238,-2,-9,-155
1767171738.143238,-1,-6,-149
1767171738.153238,-4,-4,-153
1767171738.163238,-5,-6,-155
1767171738.173238,-2,-4,-150
1767171738.1832385,-3,0,-152
1767171738.1932385,-6,0,-151
1767171738.2032382,-7,0,-154
1767171738.2132382,-13,-1,-155
1767171738.2232382,-10,-1,-150
1767171738.2332382,-6,-1,-144
1767171738.2432382,-11,-2,-144
1767171738.2532382,-13,0,-141
1767171738.2632382,-7,1,-141
1767171738.2732382,-3,5,-133
1767171738.2832382,0,2,-134
1767171738.2932382,0,1,-132
1767171738.3032382,-1,-3,-136
1767171738.313238,0,-5,-136
1767171738.323238,-2,-2,-137
1767171738.333238,-4,-2,-142
1767171738.343238,-1,-2,-141
1767171738.353238,-1,-1,-141
1767171738.363238,0,0,-145
1767171738.373238,4,1,-145
1767171738.383238,3,2,-140
1767171738.393238,0,0,-141
1767171738.403238,0,-5,-143
1767171738.413238,2,-5,-144
1767171738.423238,0,-3,-143
1767171738.4332385,5,-7,-151
1767171738.4432385,5,-4,-148
1767171738.4532382,2,-6,-149
1767171738.4632382,4,-3,-147
1767171738.4732382,4,0,-145
1767171738.4832382,6,0,-142
1767171738.4932382,5,3,-146
1767171738.5032382,1,1,-153
1767171738.5132382,-1,0,-155
1767171738.5232382,1,0,-151
1767171738.5332382,1,3,-147
1767171738.5432382,1,0,-143
1767171738.5532382,1,-2,-141
1767171738.563238,4,0,-147
1767171738.573238,4,0,-139
1767171738.583238,2,1,-135
1767171738.593238,0,4,-136
1767171738.603238,-2,3,-131
1767171738.613238,0,3,-132
1767171738.6242385,-5,-3,-130
1767171738.633238,-3,-3,-127
1767171738.6442382,-3,-3,-133
1767171738.6542382,-4,-6,-135
1767171738.6642382,-5,-2,-138
1767171738.6742382,-3,0,-138
1767171738.6842382,-2,0,-140
1767171738.6942382,-1,-1,-144
1767171738.7042382,2,-5,-146
1767171738.7142382,0,-3,-144
1767171738.7242382,-3,-2,-152
1767171738.734238,0,-3,-156
1767171738.744238,0,-3,-147
1767171738.754238,2,-2,-146
1767171738.764238,0,0,-142
1767171738.774238,0,-2,-135
1767171738.784238,3,-5,-138
1767171738.794238,0,-7,-143
1767171738.804238,0,-10,-143
1767171738.814238,2,-5,-144
1767171738.824238,0,-2,-142
1767171738.834238,0,-6,-141
1767171738.844238,-2,-5,-142
1767171738.8542385,-5,-4,-145
1767171738.8642385,-6,-4,-141
1767171738.8742385,-4,-1,-152
1767171738.8842382,-5,2,-154
1767171738.8942382,-7,2,-146
1767171738.9042382,-8,-2,-139
1767171738.9142382,-12,-5,-148
1767171738.9242382,-8,-3,-151
1767171738.9342382,-12,-7,-149
1767171738.9442382,-12,-5,-143
1767171738.9542382,-9,-6,-137
1767171738.9642382,-5,-4,-134
1767171738.9742382,-1,-4,-134
1767171738.984238,-5,-7,-134
1767171738.994238,-6,-7,-139
1767171739.004238,-6,-8,-142
1767171739.014238,-8,-5,-150
1767171739.024238,-5,-4,-138
1767171739.034238,-3,-3,-145
1767171739.044238,-8,-5,-142
1767171739.054238,-4,-6,-149
1767171739.064238,0,-5,-151
1767171739.074238,1,0,-150
1767171739.084238,0,-7,-161
1767171739.094238,0,-11,-154
1767171739.1042385,-3,-10,-149
1767171739.1142385,-5,-10,-145
1767171739.1242385,-4,-9,-143
1767171739.1342382,-1,-12,-144
1767171739.1442382,6,-10,-144
1767171739.1542382,0,-9,-145
1767171739.1642382,1,-2,-147
1767171739.1742382,2,-1,-143
1767171739.1842382,3,-2,-144
1767171739.1942382,5,-8,-144
1767171739.2042382,9,-4,-144
1767171739.2142382,10,-3,-138
1767171739.2242382,10,-2,-139
1767171739.234238,8,1,-140
1767171739.244238,6,0,-135
1767171739.254238,6,1,-134
1767171739.264238,0,3,-128
1767171739.274238,3,5,-130
1767171739.284238,4,1,-129
1767171739.294238,0,0,-136
1767171739.304238,-3,2,-140
1767171739.314238,-1,5,-140
1767171739.324238,1,3,-138
1767171739.334238,7,0,-138
1767171739.344238,4,-3,-140
1767171739.3542385,3,-2,-138
1767171739.3642385,4,0,-138
1767171739.3742385,2,-4,-146
1767171739.3842382,0,-3,-147
1767171739.3942382,0,-5,-143
1767171739.4042382,-3,-3,-141
1767171739.4142382,-1,-4,-141
1767171739.4242382,3,-5,-145
1767171739.4342382,1,-7,-149
1767171739.4442382,2,-8,-148
1767171739.4542382,0,-8,-144
1767171739.4642382,-1,-13,-145
1767171739.4742382,-6,-13,-142
1767171739.484238,-4,-12,-143
1767171739.494238,-1,-15,-144
1767171739.504238,1,-12,-142
1767171739.514238,1,-3,-143
1767171739.524238,0,-2,-141
1767171739.534238,2,-4,-143
1767171739.544238,-1,-7,-150
1767171739.554238,-5,-3,-153
1767171739.564238,-2,0,-158
1767171739.574238,0,0,-153
1767171739.584238,-2,0,-149
1767171739.594238,0,0,-148
1767171739.6042385,-6,6,-148
1767171739.6142385,-6,5,-150
1767171739.6242385,-3,2,-151
1767171739.6342382,5,1,-149
1767171739.6442382,5,-1,-145
1767171739.6542382,5,0,-146
1767171739.6642382,11,0,-148
1767171739.6742382,7,-2,-148
1767171739.6842382,9,-5,-150
1767171739.6942382,7,-6,-145
1767171739.7042382,7,-7,-141
1767171739.7142382,1,-8,-143
1767171739.7242382,0,-2,-151
1767171739.734238,2,0,-155
1767171739.744238,0,-2,-156
1767171739.754238,-1,0,-155
1767171739.764238,-4,0,-152
1767171739.774238,-2,0,-155
1767171739.784238,-2,1,-157
1767171739.794238,-5,2,-155
1767171739.804238,-7,0,-155
1767171739.814238,-5,0,-158
1767171739.824238,-6,2,-160
1767171739.834238,-5,4,-161
1767171739.844238,-5,3,-161
1767171739.8542385,-2,2,-157
1767171739.8642385,0,5,-154
1767171739.8742385,3,5,-149
1767171739.8842382,0,5,-153
1767171739.8942382,0,4,-152
1767171739.9042382,1,0,-149
1767171739.9142382,3,0,-151
1767171739.9242382,5,0,-150
1767171739.9342382,4,0,-151
1767171739.9442382,3,1,-147
1767171739.9542382,5,1,-147
1767171739.9642382,1,2,-147
1767171739.9742382,-3,4,-144
1767171739.984238,-1,3,-144
1767171739.994238,0,3,-142
1767171740.004238,-1,-1,-140
1767171740.014238,0,-3,-137
1767171740.024238,2,2,-143
1767171740.034238,0,3,-147
1767171740.044238,3,1,-147
1767171740.054238,5,5,-139
1767171740.064238,0,0,-132
1767171740.074238,2,-1,-132
1767171740.084238,-1,-4,-138
1767171740.094238,0,-1,-140
1767171740.1042385,3,0,-144
1767171740.1142385,4,0,-147
1767171740.1242385,-1,-2,-150
1767171740.1342382,-3,-3,-149
1767171740.1442382,-2,-6,-148
1767171740.1542382,-6,-6,-144
1767171740.1642382,-3,-6,-141
1767171740.1742382,-3,-5,-138
1767171740.1842382,0,-4,-140
1767171740.1942382,0,-3,-147
1767171740.2042382,1,-2,-155
1767171740.2142382,0,0,-148
1767171740.2242382,0,0,-142
1767171740.234238,0,-1,-140
1767171740.244238,-2,-3,-133
1767171740.254238,-3,-5,-136
1767171740.264238,-4,-2,-136
1767171740.274238,-8,0,-135
1767171740.284238,-7,0,-137
1767171740.294238,-5,-2,-136
1767171740.304238,1,0,-144
1767171740.314238,-1,-5,-146
1767171740.324238,0,-3,-145
1767171740.334238,0,4,-147
1767171740.344238,-1,5,-150
1767171740.3542385,1,3,-150
1767171740.3642385,5,-4,-148
1767171740.3742385,3,-4,-149
1767171740.3842382,0,0,-147
1767171740.3942382,0,3,-150
1767171740.4042382,0,0,-151
1767171740.4142382,0,-3,-148
1767171740.4242382,2,-3,-148
1767171740.4342382,7,-4,-153
1767171740.4442382,6,-1,-144
1767171740.4542382,2,-3,-141
1767171740.4642382,0,-3,-134
1767171740.4742382,4,1,-138
1767171740.484238,3,2,-141
1767171740.494238,0,1,-144
1767171740.504238,-3,0,-147
1767171740.514238,-5,-2,-141
1767171740.524238,-5,-2,-139
1767171740.534238,-4,-1,-137
1767171740.544238,-4,-3,-138
1767171740.554238,-5,-4,-137
1767171740.564238,-4,-3,-143
1767171740.574238,0,-2,-144
1767171740.584238,1,-5,-139
1767171740.594238,2,-6,-143
1767171740.6042385,0,-7,-141
1767171740.6142385,2,-4,-144
1767171740.6242385,2,-6,-144
1767171740.6342382,-1,-5,-144
1767171740.6442382,-2,-3,-142
1767171740.6542382,0,-2,-139
1767171740.6642382,0,-2,-145
1767171740.6742382,-1,-1,-146
1767171740.6842382,-3,2,-142
1767171740.6942382,-2,2,-139
1767171740.7042382,0,-1,-137
1767171740.7142382,1,0,-140
1767171740.7242382,0,0,-143
1767171740.734238,0,-2,-142
1767171740.744238,0,-2,-146
1767171740.754238,0,-1,-149
1767171740.764238,-1,0,-152
1767171740.774238,-1,-1,-147
1767171740.784238,-3,-1,-149
1767171740.794238,0,0,-145
1767171740.804238,-1,0,-147
1767171740.814238,0,-3,-150
1767171740.824238,-4,-5,-143
1767171740.834238,-8,-5,-145
1767171740.844238,-10,-2,-148
1767171740.8542385,-3,-3,-154
1767171740.8642385,0,-7,-159
1767171740.8742385,3,-5,-158
1767171740.8842382,1,-4,-153
1767171740.8942382,0,1,-147
1767171740.9042382,-2,2,-146
1767171740.9142382,2,3,-143
1767171740.9242382,4,1,-145
1767171740.9342382,5,-2,-151
1767171740.9442382,2,-3,-145
1767171740.9542382,6,-6,-142
1767171740.9642382,2,-5,-148
1767171740.9742382,0,-2,-154
1767171740.984238,-4,-2,-155
1767171740.994238,0,-1,-156
1767171741.004238,-4,-5,-158
1767171741.014238,-6,-4,-158
1767171741.024238,0,-1,-149
1767171741.034238,0,-4,-133
1767171741.044238,2,-4,-136
1767171741.054238,0,0,-140
1767171741.064238,-3,-3,-135
1767171741.074238,-5,-5,-135
1767171741.084238,-4,-4,-139
1767171741.094238,0,-4,-136
1767171741.1042385,-2,-2,-141
1767171741.1142385,-4,-1,-148
1767171741.1242385,-2,-2,-149
1767171741.1352382,0,-5,-147
1767171741.1452382,0,-3,-144
1767171741.1552382,0,-1,-141
1767171741.165238,1,0,-147
1767171741.175238,4,-1,-141
1767171741.1842382,0,-4,-139
1767171741.1942382,0,-4,-137
1767171741.205238,2,-4,-142
1767171741.215238,3,-1,-144
1767171741.225238,4,-2,-151
1767171741.235238,6,-1,-153
1767171741.245238,1,1,-161
1767171741.255238,-1,6,-151
1767171741.265238,0,10,-147
1767171741.275238,1,8,-152
1767171741.2852385,0,3,-153
1767171741.2952385,0,4,-149
1767171741.3052382,-4,0,-146
1767171741.3152382,-7,-1,-140
1767171741.3252382,-7,0,-147
1767171741.3352382,-2,0,-154
1767171741.3452382,-2,1,-158
1767171741.3552382,0,2,-155
1767171741.3652382,1,3,-149
1767171741.3752382,3,-1,-153
1767171741.3852382,0,-4,-160
1767171741.3952382,1,-1,-157
1767171741.4052382,2,-1,-151
1767171741.415238,0,0,-147
1767171741.425238,-4,-1,-140
1767171741.435238,-7,0,-131
1767171741.445238,-4,-2,-128
1767171741.455238,-1,-4,-130
1767171741.465238,-3,-3,-136
1767171741.475238,2,-1,-134
1767171741.485238,2,-1,-133
1767171741.495238,-2,0,-135
1767171741.505238,-5,2,-139
1767171741.515238,-2,3,-142
1767171741.525238,-8,0,-145
1767171741.5352385,-5,3,-140
1767171741.5452385,2,1,-142
1767171741.5552382,2,-3,-142
1767171741.5652382,5,1,-138
1767171741.5752382,8,0,-139
1767171741.5852382,3,3,-145
1767171741.5952382,5,3,-142
1767171741.6052382,3,6,-137
1767171741.6152382,3,6,-142
1767171741.6252382,2,7,-149
1767171741.6352382,0,2,-150
1767171741.6452382,-2,0,-148
1767171741.6552382,-5,0,-152
1767171741.665238,-6,0,-150
1767171741.675238,-7,0,-145
1767171741.685238,-5,5,-147
1767171741.695238,-2,0,-146
1767171741.705238,0,-1,-145
1767171741.715238,-3,0,-141
1767171741.725238,-2,-3,-141
1767171741.735238,1,0,-139
1767171741.745238,0,-2,-143
1767171741.767238,-2,-2,-148
1767171741.775238,-1,-3,-147
1767171741.7852385,-2,-5,-149
1767171741.7952385,-1,-6,-150
1767171741.8052382,1,-11,-140
1767171741.8152382,5,-8,-140
1767171741.8252382,5,-6,-142
1767171741.8352382,9,-9,-142
1767171741.8452382,3,-7,-144
1767171741.8552382,4,-5,-143
1767171741.8652382,5,-6,-142
1767171741.8752382,3,-2,-140
1767171741.8852382,0,0,-134
1767171741.8952382,-2,2,-140
1767171741.9052382,-1,1,-136
1767171741.915238,0,-2,-136
1767171741.925238,-3,-6,-136
1767171741.935238,-4,-1,-140
1767171741.945238,-3,0,-137
1767171741.955238,-7,0,-132
1767171741.965238,-9,0,-138
1767171741.975238,-9,0,-147
1767171741.985238,-7,-2,-148
1767171741.995238,-5,-2,-148
1767171742.005238,-4,0,-150
1767171742.015238,-3,-2,-145
1767171742.025238,-4,-2,-139
1767171742.0352385,-3,0,-140
1767171742.0452385,-4,-1,-142
1767171742.0552382,-5,0,-143
1767171742.0652382,-8,1,-145
1767171742.0752382,-7,0,-151
1767171742.0852382,-5,0,-149
1767171742.0952382,-3,-1,-151
1767171742.1052382,-4,0,-147
1767171742.1152382,-4,0,-145
1767171742.1252382,-5,-1,-140
1767171742.1352382,-7,-2,-143
1767171742.1452382,-5,-4,-151
1767171742.1552382,-5,-6,-153
1767171742.165238,-5,-4,-158
1767171742.175238,-6,-4,-157
1767171742.185238,-2,-4,-160
1767171742.195238,-4,-4,-157
1767171742.205238,-5,-6,-156
1767171742.215238,0,-6,-154
1767171742.225238,5,-6,-151
1767171742.235238,0,-8,-152
1767171742.245238,1,-7,-153
1767171742.255238,1,-4,-159
1767171742.265238,-1,-2,-158
1767171742.275238,1,0,-152
1767171742.2852385,3,-1,-149
1767171742.2952385,3,-3,-146
1767171742.3052382,4,-1,-144
1767171742.3152382,0,-9,-144
1767171742.3252382,-2,-7,-147
1767171742.3352382,-2,-9,-146
1767171742.3452382,-4,-4,-143
1767171742.3552382,-9,0,-142
1767171742.3652382,-6,2,-139
1767171742.3752382,-3,-1,-143
1767171742.3852382,-5,2,-144
1767171742.3952382,-7,2,-144
1767171742.4052382,-7,0,-148
1767171742.415238,-6,0,-151
1767171742.425238,-4,-1,-153
1767171742.435238,-3,-3,-154
1767171742.445238,-1,-4,-155
1767171742.455238,0,-4,-154
1767171742.465238,4,0,-143
1767171742.475238,0,0,-138
1767171742.485238,2,0,-144
1767171742.495238,0,-4,-149
1767171742.505238,1,-6,-153
1767171742.515238,1,-8,-152
1767171742.525238,0,-4,-152
1767171742.5352385,-1,-1,-151
1767171742.5452385,-1,-1,-151
1767171742.5552382,0,0,-145
1767171742.5652382,-5,0,-141
1767171742.5752382,-8,-4,-136
1767171742.5852382,-7,-2,-140
1767171742.5952382,-8,0,-138
1767171742.6052382,-8,0,-140
1767171742.6152382,-3,-1,-136
1767171742.6252382,-4,-1,-135
1767171742.6352382,3,-2,-143
1767171742.6452382,3,-2,-146
1767171742.6552382,0,-4,-146
1767171742.665238,-2,-3,-146
1767171742.675238,-5,-2,-145
1767171742.685238,-7,-1,-139
1767171742.695238,-7,0,-137
1767171742.705238,-1,-2,-138
1767171742.715238,-2,-4,-139
1767171742.725238,0,-3,-140
1767171742.735238,-1,0,-142
1767171742.745238,-7,-3,-144
1767171742.755238,-7,-3,-142
1767171742.765238,-5,-4,-140
1767171742.775238,-5,-3,-146
1767171742.7852385,-4,-1,-142
1767171742.7952385,-1,-5,-142
1767171742.8052382,-2,-7,-139
1767171742.8152382,-3,-9,-141
1767171742.8252382,-2,-8,-146
1767171742.8352382,3,-9,-157
1767171742.8452382,8,-7,-163
1767171742.8552382,6,-4,-157
1767171742.8652382,6,-1,-154
1767171742.8752382,7,3,-149
1767171742.8852382,7,3,-148
1767171742.8952382,6,1,-151
1767171742.9052382,6,0,-151
1767171742.915238,6,0,-149
1767171742.925238,2,0,-150
1767171742.935238,0,0,-156
1767171742.945238,0,-3,-155
1767171742.955238,1,-8,-149
1767171742.965238,-3,-6,-150
1767171742.975238,-1,-8,-151
1767171742.985238,-2,-5,-145
1767171742.995238,-2,2,-144
1767171743.005238,-3,0,-139
1767171743.015238,-4,2,-139
1767171743.025238,-4,1,-143
1767171743.0352385,0,3,-144
1767171743.0452385,0,3,-146
1767171743.0552382,0,2,-144
1767171743.0652382,2,4,-137
1767171743.0752382,0,4,-141
1767171743.0852382,-1,-4,-148
1767171743.0952382,-1,-3,-153
1767171743.1052382,0,0,-154
1767171743.1152382,-1,0,-150
1767171743.1252382,4,-3,-150
1767171743.1352382,2,-2,-148
1767171743.1452382,2,0,-144
1767171743.1552382,7,1,-146
1767171743.165238,9,-2,-151
1767171743.175238,3,-2,-151
1767171743.185238,-2,-1,-154
1767171743.195238,-4,-2,-154
1767171743.205238,-3,0,-151
1767171743.215238,-2,-1,-150
1767171743.225238,-5,-7,-149
1767171743.235238,-7,-4,-152
1767171743.245238,-5,-2,-146
1767171743.255238,-6,0,-133
1767171743.265238,-2,-3,-142
1767171743.275238,-1,-6,-151
1767171743.2852385,0,-4,-144
1767171743.2952385,0,-6,-140
1767171743.3052382,3,-5,-143
1767171743.3152382,2,-3,-143
1767171743.3252382,0,-3,-140
1767171743.3352382,0,-4,-144
1767171743.3452382,0,-2,-138
1767171743.3552382,0,-4,-141
1767171743.3652382,-2,-5,-143
1767171743.3752382,-2,-6,-147
1767171743.3852382,0,-8,-141
1767171743.3952382,2,-5,-133
1767171743.4052382,0,-6,-135
1767171743.415238,3,-4,-142
1767171743.425238,8,-6,-139
1767171743.435238,3,-2,-141
1767171743.445238,1,0,-145
1767171743.455238,4,0,-149
1767171743.465238,3,-2,-149
1767171743.475238,5,0,-157
1767171743.485238,3,0,-153
1767171743.495238,1,0,-157
1767171743.505238,2,0,-146
1767171743.515238,2,0,-146
1767171743.525238,6,3,-152
1767171743.5352385,7,4,-151
1767171743.5452385,5,4,-151
1767171743.5552382,5,0,-149
1767171743.5652382,2,-3,-148
1767171743.5752382,2,-8,-147
1767171743.5852382,-2,-5,-147
1767171743.5952382,3,-5,-138
1767171743.6052382,1,-3,-137
1767171743.6152382,1,-2,-137
1767171743.6252382,1,-3,-140
1767171743.636238,0,-2,-137
1767171743.6452382,0,0,-136
1767171743.656238,1,-4,-130
1767171743.666238,1,-4,-132
1767171743.675238,-2,0,-135
1767171743.685238,-9,1,-138
1767171743.695238,-6,-1,-141
1767171743.705238,-1,0,-147
1767171743.7162385,0,-1,-155
1767171743.7262385,0,0,-154
1767171743.7362382,-3,4,-153
1767171743.7462382,-1,2,-148
1767171743.7562382,0,4,-145
1767171743.7662382,0,3,-145
1767171743.7762382,3,2,-135
1767171743.7862382,4,3,-137
1767171743.7962382,4,6,-136
1767171743.8062382,2,4,-140
1767171743.8162382,-3,5,-143
1767171743.8262382,0,3,-140
1767171743.836238,0,1,-135
1767171743.846238,0,0,-140
1767171743.856238,4,1,-142
1767171743.866238,1,1,-135
1767171743.876238,1,0,-133
1767171743.886238,1,-1,-133
1767171743.896238,3,-4,-135
1767171743.906238,6,-2,-136
1767171743.916238,4,-4,-134
1767171743.926238,2,-5,-132
1767171743.936238,1,-5,-137
1767171743.946238,1,-3,-139
1767171743.9562385,1,-2,-138
1767171743.9662385,-1,-3,-139
1767171743.9762385,-2,-4,-139
1767171743.9862382,-2,-3,-139
1767171743.9962382,1,-6,-145
1767171744.0062382,2,-9,-143
1767171744.0162382,3,-5,-142
1767171744.0262382,0,-4,-134
1767171744.0362382,2,-3,-137
1767171744.0462382,0,-7,-138
1767171744.0562382,-1,-7,-139
1767171744.0662382,0,0,-142
1767171744.0762382,0,0,-137
1767171744.086238,0,-3,-139
1767171744.096238,1,0,-144
1767171744.106238,3,0,-150
1767171744.116238,10,-2,-143
1767171744.126238,7,1,-144
1767171744.136238,4,0,-141
1767171744.146238,1,-2,-142
1767171744.156238,2,0,-145
1767171744.166238,2,-2,-146
1767171744.176238,5,-2,-143
1767171744.186238,3,-2,-136
1767171744.196238,-3,1,-137
1767171744.2062385,-1,2,-140
1767171744.2162385,-2,4,-142
1767171744.2262385,1,1,-145
1767171744.2362382,3,0,-142
1767171744.2462382,1,-2,-137
1767171744.2562382,3,-7,-140
1767171744.2662382,3,-7,-145
1767171744.2762382,3,-2,-144
1767171744.2862382,2,-2,-144
1767171744.2962382,4,0,-143
1767171744.3062382,1,-2,-142
1767171744.3162382,0,-1,-137
1767171744.3262382,2,-4,-142
1767171744.336238,3,-5,-149
1767171744.346238,4,-8,-152
1767171744.356238,0,-4,-158
1767171744.366238,-1,-3,-154
1767171744.376238,3,-5,-155
1767171744.386238,7,-3,-151
1767171744.396238,8,-6,-149
1767171744.406238,8,0,-146
1767171744.416238,12,0,-144
1767171744.426238,5,0,-141
1767171744.436238,0,0,-145
1767171744.446238,-3,0,-145
1767171744.4562385,-6,0,-143
1767171744.4662385,-3,2,-149
1767171744.4762385,-1,5,-137
1767171744.4862382,1,4,-137
1767171744.4962382,3,3,-140
1767171744.5062382,3,1,-140
1767171744.5162382,7,4,-145
1767171744.5262382,7,6,-146
1767171744.5362382,5,5,-157
1767171744.5462382,4,7,-147
1767171744.5562382,4,4,-159
1767171744.5662382,7,2,-150
1767171744.5762382,5,6,-142
1767171744.586238,1,2,-137
1767171744.596238,-2,-1,-140
1767171744.606238,0,0,-139
1767171744.616238,0,-2,-134
1767171744.626238,-2,-4,-124
1767171744.636238,-4,0,-127
1767171744.646238,-5,0,-131
1767171744.656238,-5,0,-137
1767171744.666238,-1,-4,-143
1767171744.676238,0,-2,-144
1767171744.686238,0,-2,-134
1767171744.696238,-2,-2,-130
1767171744.7062385,-2,-3,-129
1767171744.7162385,-3,-5,-132
1767171744.7262385,1,-5,-134
1767171744.7362382,3,-8,-131
1767171744.7462382,3,-3,-131
1767171744.7562382,3,-5,-136
1767171744.7662382,3,-4,-134
1767171744.7762382,1,-3,-135
1767171744.7862382,1,-6,-138
1767171744.7962382,1,-6,-142
1767171744.8062382,2,-2,-146
1767171744.8162382,3,-1,-149
1767171744.8262382,0,-4,-150
1767171744.836238,0,-3,-151
1767171744.846238,-1,-4,-150
1767171744.856238,0,-3,-143
1767171744.866238,-3,-2,-141
1767171744.876238,-6,-3,-141
1767171744.886238,-5,-7,-139
1767171744.896238,-6,-4,-149
1767171744.906238,-6,-6,-149
1767171744.916238,-5,-5,-148
1767171744.926238,1,-4,-148
1767171744.936238,4,-2,-139
1767171744.946238,2,-4,-139
1767171744.9562385,2,-3,-140
1767171744.9662385,4,-5,-149
1767171744.9762385,5,-4,-149
1767171744.9862382,3,-1,-147
1767171744.9962382,0,-3,-140
1767171745.0062382,0,-5,-146
1767171745.0162382,0,-7,-153
1767171745.0262382,2,-8,-149
1767171745.0362382,4,-6,-142
1767171745.0462382,1,-7,-144
1767171745.0562382,0,-5,-145
1767171745.0662382,6,-4,-138
1767171745.0762382,4,-1,-135
1767171745.086238,0,0,-134
1767171745.096238,1,2,-134
1767171745.106238,-3,-2,-135
1767171745.116238,-4,-5,-145
1767171745.126238,-3,-2,-144
1767171745.136238,2,-5,-149
1767171745.146238,6,-6,-162
1767171745.156238,5,-8,-162
1767171745.166238,3,-9,-157
1767171745.176238,4,-9,-149
1767171745.186238,0,-9,-144
1767171745.196238,0,-8,-144
1767171745.2062385,-2,-9,-143
1767171745.2162385,0,-8,-144
1767171745.2262385,0,-4,-144
1767171745.2362382,2,-8,-137
1767171745.2462382,-2,-4,-137
1767171745.2562382,-5,0,-137
1767171745.2662382,-4,0,-148
1767171745.2762382,-2,-1,-150
1767171745.2862382,0,-2,-155
1767171745.2962382,3,-3,-156
1767171745.3062382,4,-4,-157
1767171745.3162382,0,-2,-158
1767171745.3262382,0,-2,-154
1767171745.336238,2,1,-150
1767171745.346238,-2,5,-141
1767171745.356238,0,8,-141
1767171745.366238,1,4,-137
1767171745.376238,0,2,-136
1767171745.386238,1,0,-129
1767171745.396238,-2,0,-129
1767171745.406238,-2,2,-128
1767171745.416238,0,3,-135
1767171745.426238,0,1,-137
1767171745.436238,0,-1,-137
1767171745.446238,1,2,-138
1767171745.4562385,0,2,-137
1767171745.4662385,-2,5,-141
1767171745.4762385,-2,6,-147
1767171745.4862382,1,5,-146
1767171745.4962382,2,4,-145
1767171745.5062382,2,1,-141
1767171745.5162382,5,0,-149
1767171745.5262382,0,0,-145
1767171745.5362382,0,2,-151
1767171745.5462382,-1,-2,-154
1767171745.5562382,2,-2,-158
1767171745.5662382,4,0,-156
1767171745.5762382,6,6,-156
1767171745.586238,6,7,-148
1767171745.596238,4,2,-145
1767171745.606238,3,1,-133
1767171745.616238,3,-4,-135
1767171745.626238,5,-3,-137
1767171745.636238,4,-11,-139
1767171745.646238,3,-9,-152
1767171745.656238,0,-6,-151
1767171745.666238,2,-5,-151
1767171745.676238,1,-9,-147
1767171745.686238,-1,-8,-147
1767171745.696238,0,-6,-144
1767171745.7062385,1,-3,-148
1767171745.7162385,0,-3,-148
1767171745.7262385,0,-3,-154
1767171745.7362382,1,-2,-151
1767171745.7462382,2,-4,-152
1767171745.7562382,-2,-4,-150
1767171745.7662382,0,-3,-148
1767171745.7762382,3,-1,-144
1767171745.7862382,4,-2,-138
1767171745.7962382,2,-3,-142
1767171745.8062382,-1,-3,-149
1767171745.8162382,-1,0,-148
1767171745.8262382,-5,-2,-146
1767171745.836238,0,-1,-150
1767171745.846238,-2,2,-139
1767171745.856238,-3,0,-136
1767171745.866238,-5,0,-132
1767171745.876238,-2,-2,-131
1767171745.886238,-3,-1,-136
1767171745.896238,-2,-1,-138
1767171745.906238,2,0,-138
1767171745.916238,1,2,-141
1767171745.926238,5,3,-138
1767171745.936238,6,-5,-141
1767171745.946238,7,-5,-139
1767171745.9562385,6,-8,-144
1767171745.9662385,3,-8,-144
1767171745.9762385,3,-7,-146
1767171745.9862382,-1,-7,-142
1767171745.9962382,-7,-3,-133
1767171746.0062382,-3,-2,-128
1767171746.0162382,-7,-1,-132
1767171746.0262382,-1,1,-134
1767171746.0362382,-1,2,-135
1767171746.0462382,-3,1,-143
1767171746.0562382,-3,0,-138
1767171746.0662382,-4,-2,-137
1767171746.0762382,-6,-2,-133
1767171746.086238,-4,0,-134
1767171746.096238,-8,0,-137
1767171746.106238,-8,3,-143
1767171746.116238,-1,0,-145
1767171746.126238,0,0,-147
1767171746.136238,0,0,-146
1767171746.146238,1,1,-142
1767171746.156238,-1,-2,-140
1767171746.166238,-3,-3,-141
1767171746.176238,-2,-1,-135
1767171746.186238,-1,-4,-139
1767171746.196238,-3,-3,-138
1767171746.2062385,0,-5,-140
1767171746.2172382,0,-3,-146
1767171746.2272382,0,-5,-149
1767171746.2372382,-2,-5,-144
1767171746.2472382,-2,-2,-140
1767171746.257238,-1,2,-145
1767171746.267238,0,0,-142
1767171746.277238,-2,-6,-143
1767171746.287238,-1,0,-147
1767171746.297238,-2,1,-146
1767171746.307238,-1,-4,-138
1767171746.317238,4,-5,-138
1767171746.327238,4,-2,-141
1767171746.337238,-1,-1,-141
1767171746.347238,-4,3,-148
1767171746.357238,-2,0,-149
1767171746.367238,1,-4,-152
1767171746.377238,-1,-2,-151
1767171746.3872385,-3,0,-152
1767171746.3972385,-4,2,-148
1767171746.4072382,-10,2,-148
1767171746.4172382,-13,5,-150
1767171746.4272382,-11,8,-147
1767171746.4372382,-6,8,-147
1767171746.4472382,0,6,-148
1767171746.4572382,2,1,-140
1767171746.4672382,3,-1,-142
1767171746.4772382,0,-1,-149
1767171746.4872382,-2,-1,-159
1767171746.4972382,-1,0,-160
1767171746.507238,-2,0,-153
1767171746.517238,0,-2,-152
1767171746.527238,0,-4,-152
1767171746.537238,3,-1,-161
1767171746.547238,6,2,-153
1767171746.557238,3,3,-157
1767171746.567238,0,0,-153
1767171746.577238,0,0,-155
1767171746.587238,-1,0,-155
1767171746.597238,-7,-1,-152
1767171746.607238,-8,-6,-152
1767171746.617238,-10,-3,-145
1767171746.627238,-10,-1,-140
1767171746.6372385,-10,-1,-143
1767171746.6472385,-5,-1,-141
1767171746.6572382,-1,-3,-138
1767171746.6672382,2,-2,-142
1767171746.6772382,6,-1,-140
1767171746.6872382,2,0,-139
1767171746.6972382,3,1,-139
1767171746.7072382,1,-2,-139
1767171746.7172382,-1,0,-140
1767171746.7272382,0,1,-150
1767171746.7372382,-1,-1,-149
1767171746.7472382,2,-3,-157
1767171746.757238,-2,-2,-154
1767171746.7792382,-4,0,-164
1767171746.787238,-1,1,-151
1767171746.797238,-1,4,-155
1767171746.807238,-3,0,-155
1767171746.817238,-5,-4,-153
1767171746.827238,-7,-4,-157
1767171746.837238,-3,0,-152
1767171746.847238,-2,0,-149
1767171746.857238,-3,0,-151
1767171746.867238,-7,0,-147
1767171746.877238,-5,-5,-148
1767171746.8872385,-5,-1,-144
1767171746.8972385,-3,0,-139
1767171746.9072382,-2,-2,-139
1767171746.9172382,-2,0,-149
1767171746.9272382,-1,-1,-145
1767171746.9372382,0,-1,-144
1767171746.9472382,0,-3,-146
1767171746.9572382,-1,-2,-152
1767171746.9672382,-5,-3,-152
1767171746.9772382,-5,-2,-152
1767171746.9872382,0,-3,-145
1767171746.9972382,3,-2,-148
1767171747.007238,0,-3,-147
1767171747.017238,2,-5,-152
1767171747.027238,0,-4,-145
1767171747.037238,2,-3,-142
1767171747.047238,2,-2,-136
1767171747.057238,2,0,-132
1767171747.067238,2,-1,-134
1767171747.077238,4,-1,-138
1767171747.087238,2,-2,-132
1767171747.097238,0,-3,-140
1767171747.107238,-2,-1,-138
1767171747.117238,0,0,-136
1767171747.127238,-1,-3,-137
1767171747.1372385,-1,-3,-149
1767171747.1472385,0,0,-149
1767171747.1572382,0,0,-150
1767171747.1672382,0,-2,-151
1767171747.1772382,-1,0,-148
1767171747.1872382,-5,0,-145
1767171747.1972382,-3,2,-137
1767171747.2072382,4,2,-134
1767171747.2172382,5,1,-146
1767171747.2272382,-1,0,-149
1767171747.2372382,-3,-1,-152
1767171747.2472382,-4,-3,-146
1767171747.257238,-4,-2,-152
1767171747.267238,-3,-4,-147
1767171747.277238,-3,-1,-147
1767171747.287238,-6,-5,-146
1767171747.297238,-9,-7,-141
1767171747.307238,-6,-4,-145
1767171747.317238,-7,-2,-145
1767171747.327238,-8,-1,-144
1767171747.337238,-4,0,-141
1767171747.347238,-9,-3,-141
1767171747.357238,-10,-4,-141
1767171747.367238,-11,0,-145
1767171747.377238,-10,2,-151
1767171747.3872385,-7,0,-150
1767171747.3972385,-3,0,-145
1767171747.4072382,0,-2,-142
1767171747.4172382,0,-3,-143
1767171747.4272382,0,-4,-146
1767171747.4372382,0,-6,-145
1767171747.4472382,-3,-6,-143
1767171747.4572382,-2,-7,-146
1767171747.4672382,0,-9,-140
1767171747.4772382,0,-12,-143
1767171747.4872382,0,-7,-143
1767171747.4972382,0,-7,-137
1767171747.507238,1,-4,-136
1767171747.517238,-4,-4,-134
1767171747.527238,-3,-7,-139
1767171747.537238,-6,-7,-139
1767171747.547238,-3,-4,-147
1767171747.557238,-1,-1,-144
1767171747.567238,-2,-1,-142
1767171747.577238,0,-3,-142
1767171747.587238,-4,-4,-145
1767171747.597238,-4,-1,-148
1767171747.607238,-1,-1,-145
1767171747.617238,-6,-3,-144
1767171747.627238,-2,-2,-148
1767171747.6372385,-2,-2,-153
1767171747.6472385,-4,0,-148
1767171747.6572382,-5,-1,-153
1767171747.6672382,-6,0,-153
1767171747.6772382,-7,0,-148
1767171747.6872382,-2,1,-146
1767171747.6972382,0,1,-145
1767171747.7072382,0,0,-141
1767171747.7172382,2,0,-139
1767171747.7272382,4,2,-139
1767171747.7372382,8,9,-144
1767171747.7472382,9,8,-146
1767171747.757238,7,7,-146
1767171747.767238,8,4,-144
1767171747.777238,5,0,-144
1767171747.787238,6,-3,-151
1767171747.797238,2,-5,-150
1767171747.807238,-2,-9,-150
1767171747.817238,-1,-11,-146
1767171747.827238,2,-9,-140
1767171747.837238,2,-12,-144
1767171747.847238,1,-8,-141
1767171747.857238,2,-5,-146
1767171747.867238,1,-3,-146
1767171747.877238,-1,-3,-144
1767171747.8872385,-5,-6,-146
1767171747.8972385,-3,-3,-151
1767171747.9072382,0,0,-152
1767171747.9172382,-1,0,-149
1767171747.9272382,2,-2,-149
1767171747.9372382,0,-5,-150
1767171747.9472382,1,-5,-145
1767171747.9572382,3,-2,-142
1767171747.9672382,3,-3,-146
1767171747.9772382,4,1,-150
1767171747.9872382,2,0,-154
1767171747.9972382,6,1,-155
1767171748.007238,8,4,-152
1767171748.017238,5,3,-153
1767171748.027238,1,0,-144
1767171748.037238,0,0,-139
1767171748.047238,0,0,-137
1767171748.057238,-2,-4,-142
1767171748.067238,-4,-4,-146
1767171748.077238,-6,-2,-146
1767171748.087238,-4,-4,-149
1767171748.097238,1,-6,-148
1767171748.107238,1,-8,-149
1767171748.117238,0,-2,-150
1767171748.127238,1,-6,-152
1767171748.1372385,-1,-6,-149
1767171748.1472385,-8,-6,-145
1767171748.1572382,-6,-3,-143
1767171748.1672382,-8,-5,-140
1767171748.1772382,-7,0,-139
1767171748.1872382,-3,-1,-138
1767171748.1972382,-2,-2,-135
1767171748.2072382,-1,-4,-137
1767171748.2172382,0,-4,-138
1767171748.2272382,-2,-5,-134
1767171748.2372382,1,-1,-133
1767171748.2472382,-3,0,-134
1767171748.257238,-5,-3,-138
1767171748.267238,0,-6,-138
1767171748.277238,1,-6,-137
1767171748.287238,5,1,-139
1767171748.297238,3,6,-135
1767171748.307238,0,2,-135
1767171748.317238,-1,-2,-139
1767171748.327238,0,-4,-137
1767171748.337238,-3,-5,-139
1767171748.347238,2,0,-145
1767171748.357238,0,3,-147
1767171748.367238,-6,2,-150
1767171748.377238,-4,0,-144
1767171748.3872385,0,0,-143
1767171748.3972385,0,1,-147
1767171748.4072382,-3,-3,-144
1767171748.4172382,-1,0,-147
1767171748.4272382,-2,0,-142
1767171748.4372382,-1,-4,-145
1767171748.4472382,2,-6,-146
1767171748.4572382,0,-5,-148
1767171748.4672382,-1,0,-151
1767171748.4772382,-2,0,-152
1767171748.4872382,-3,4,-143
1767171748.4972382,-5,2,-143
1767171748.507238,-4,0,-148
1767171748.517238,2,0,-140
1767171748.527238,-2,-1,-136
1767171748.537238,-8,0,-133
1767171748.547238,-12,0,-131
1767171748.557238,-7,-2,-129
1767171748.567238,-9,-6,-138
1767171748.577238,-10,-5,-143
1767171748.587238,-7,-5,-146
1767171748.597238,-6,-1,-145
1767171748.607238,-6,-4,-147
1767171748.617238,-10,-7,-147
1767171748.627238,-10,-2,-142
1767171748.6372385,-3,1,-140
1767171748.6472385,-1,-2,-144
1767171748.6572382,0,-2,-137
1767171748.6672382,2,-1,-139
1767171748.6772382,0,-3,-140
1767171748.6872382,1,-3,-134
1767171748.6972382,1,0,-130
1767171748.708238,3,2,-132
1767171748.7172382,2,1,-133
1767171748.7272382,6,1,-133
1767171748.7372382,7,0,-135
1767171748.7472382,3,-3,-141
1767171748.758238,-1,-5,-139
1767171748.768238,0,-2,-141
1767171748.778238,0,-3,-141
1767171748.788238,3,-2,-138
1767171748.798238,3,-1,-142
1767171748.8082385,2,3,-137
1767171748.8182385,4,2,-138
1767171748.8282382,2,3,-147
1767171748.8382382,3,0,-146
1767171748.8482382,1,-5,-147
1767171748.8582382,-1,-5,-155
1767171748.8682382,-4,-5,-159
1767171748.8782382,-3,-3,-155
1767171748.8882382,0,-2,-150
1767171748.8982382,4,-2,-156
1767171748.9082382,3,-1,-156
1767171748.9182382,2,-6,-148
1767171748.9282382,-2,-5,-152
1767171748.938238,-1,-2,-154
1767171748.948238,0,-4,-150
1767171748.958238,0,0,-144
1767171748.968238,3,0,-144
1767171748.978238,6,-3,-140
1767171748.988238,5,0,-140
1767171748.998238,6,0,-143
1767171749.008238,0,0,-134
1767171749.018238,0,0,-134
1767171749.028238,-2,0,-139
1767171749.038238,-4,-1,-146
1767171749.048238,-3,-2,-143
1767171749.0582385,0,-3,-144
1767171749.0682385,-3,-5,-146
1767171749.0782382,-2,-5,-149
1767171749.0882382,0,-4,-142
1767171749.0982382,0,-4,-142
1767171749.1082382,-3,-2,-140
1767171749.1182382,-5,-7,-143
1767171749.1282382,-7,-3,-139
1767171749.1382382,-6,-4,-144
1767171749.1482382,-3,-2,-152
1767171749.1582382,2,-5,-157
1767171749.1682382,2,-3,-155
1767171749.1782382,2,-1,-145
1767171749.188238,0,-1,-150
1767171749.198238,0,2,-163
1767171749.208238,1,4,-162
1767171749.218238,0,-1,-156
1767171749.228238,-2,-2,-157
1767171749.238238,-1,0,-160
1767171749.248238,1,0,-156
1767171749.258238,3,0,-149
1767171749.268238,4,0,-150
1767171749.278238,5,-1,-147
1767171749.288238,11,-3,-143
1767171749.298238,11,-6,-140
1767171749.3082385,7,-7,-150
1767171749.3182385,-2,-4,-152
1767171749.3282382,-1,-2,-146
1767171749.3382382,-4,-2,-140
1767171749.3482382,-3,0,-141
1767171749.3582382,-2,-3,-146
1767171749.3682382,0,0,-148
1767171749.3782382,1,2,-149
1767171749.3882382,3,2,-146
1767171749.3982382,0,0,-144
1767171749.4082382,4,-3,-150
1767171749.4182382,1,-1,-147
1767171749.4282382,2,-2,-147
1767171749.438238,0,-5,-147
1767171749.448238,0,-1,-141
1767171749.458238,0,1,-146
1767171749.468238,-1,-5,-153
1767171749.478238,-4,-6,-151
1767171749.488238,-2,-9,-153
1767171749.498238,-2,-7,-157
1767171749.508238,-1,-4,-151
1767171749.518238,-2,-1,-145
1767171749.528238,0,-1,-143
1767171749.538238,-5,-2,-149
1767171749.548238,-4,-3,-139
1767171749.5582385,-4,-3,-135
1767171749.5682385,-2,-2,-145
1767171749.5782382,-3,-3,-141
1767171749.5882382,-4,-5,-142
1767171749.5982382,-5,-1,-145
1767171749.6082382,-5,0,-153
1767171749.6182382,-2,0,-147
1767171749.6282382,-2,0,-152
1767171749.6382382,-2,0,-151
1767171749.6482382,-1,1,-146
1767171749.6582382,2,3,-143
1767171749.6682382,3,4,-138
1767171749.6782382,3,0,-134
1767171749.688238,2,-1,-139
1767171749.698238,1,0,-138
1767171749.708238,2,0,-146
1767171749.718238,0,-5,-151
1767171749.728238,1,-3,-144
1767171749.738238,-1,-1,-143
1767171749.748238,0,-2,-141
1767171749.758238,-4,0,-139
1767171749.768238,-3,0,-140
1767171749.778238,-5,-2,-140
1767171749.788238,-5,0,-142
1767171749.798238,-6,-2,-143
1767171749.8082385,-8,0,-142
1767171749.8182385,-7,2,-148
1767171749.8282382,-8,2,-148
1767171749.8382382,-8,0,-143
1767171749.8482382,-8,-1,-139
1767171749.8582382,-9,-6,-145
1767171749.8682382,-8,-2,-146
1767171749.8782382,-4,-1,-143
1767171749.8882382,-3,-3,-146
1767171749.8982382,-8,-4,-143
1767171749.9082382,-8,-2,-147
1767171749.9182382,-3,-3,-155
1767171749.9282382,0,1,-149
1767171749.938238,4,1,-157
1767171749.948238,9,0,-158
1767171749.958238,8,-1,-161
1767171749.968238,6,-2,-152
1767171749.978238,1,-2,-151
1767171749.988238,3,-6,-152
1767171749.998238,3,-5,-145
1767171750.008238,-1,-3,-145
1767171750.018238,-2,-3,-142
1767171750.028238,-6,0,-143
1767171750.038238,-4,-6,-138
1767171750.048238,-1,-8,-141
1767171750.0582385,-3,-9,-145
1767171750.0682385,-1,-9,-148
1767171750.0782382,0,-7,-152
1767171750.0882382,0,-5,-153
1767171750.0982382,1,-7,-145
1767171750.1082382,1,-11,-133
1767171750.1182382,2,-10,-131
1767171750.1282382,4,-7,-130
1767171750.1382382,4,-6,-128
1767171750.1482382,2,-7,-133
1767171750.1582382,0,-6,-140
1767171750.1682382,0,-6,-147
1767171750.1782382,-1,-4,-151
1767171750.188238,-2,-3,-150
1767171750.198238,-4,2,-151
1767171750.208238,-4,3,-153
1767171750.218238,-2,2,-158
1767171750.228238,-6,1,-155
1767171750.238238,-2,2,-148
1767171750.248238,-1,0,-146
1767171750.258238,-4,1,-149
1767171750.268238,0,0,-149
1767171750.278238,0,-5,-145
1767171750.288238,-3,-8,-146
1767171750.298238,-1,-6,-142
1767171750.3082385,-3,-5,-145
1767171750.3182385,-1,-6,-146
1767171750.3282382,-3,-10,-144
1767171750.3382382,-3,-12,-146
1767171750.3482382,-5,-11,-143
1767171750.3582382,-5,-8,-137
1767171750.3682382,-3,-6,-137
1767171750.3782382,-6,-5,-139
1767171750.3882382,-2,-6,-137
1767171750.3982382,2,-8,-137
1767171750.4082382,0,-7,-138
1767171750.4182382,-2,-5,-134
1767171750.4282382,-2,-4,-134
1767171750.438238,-5,-6,-140
1767171750.448238,-4,-7,-140
1767171750.458238,-2,-4,-133
1767171750.468238,-1,-2,-132
1767171750.478238,2,-2,-132
1767171750.488238,2,-4,-136
1767171750.498238,0,-4,-137
1767171750.508238,0,-6,-139
1767171750.518238,3,-10,-141
1767171750.528238,6,-8,-144
1767171750.538238,6,-8,-145
1767171750.548238,6,-5,-147
1767171750.5582385,6,-7,-149
1767171750.5682385,1,-7,-150
1767171750.5782382,1,-6,-148
1767171750.5882382,3,-4,-148
1767171750.5982382,0,0,-148
1767171750.6082382,-1,2,-152
1767171750.6182382,0,2,-153
1767171750.6282382,1,1,-156
1767171750.6382382,-2,5,-151
1767171750.6482382,-3,5,-150
1767171750.6582382,-6,0,-149
1767171750.6682382,-4,-5,-146
1767171750.6782382,-6,-8,-142
1767171750.688238,-8,-9,-141
1767171750.698238,-4,-11,-145
1767171750.708238,-1,-7,-151
1767171750.718238,-4,0,-148
1767171750.728238,-4,-2,-145
1767171750.738238,-4,-2,-142
1767171750.748238,-5,-6,-146
1767171750.758238,-3,-7,-142
1767171750.768238,-2,-1,-142
1767171750.778238,-1,-3,-142
1767171750.788238,3,-3,-138
1767171750.798238,5,-6,-139
1767171750.8082385,7,-5,-139
1767171750.8182385,1,-2,-150
1767171750.8282382,1,0,-149
1767171750.8382382,4,2,-150
1767171750.8482382,2,0,-143
1767171750.8582382,-2,1,-146
1767171750.8682382,-6,2,-146
1767171750.8782382,-7,0,-144
1767171750.8882382,-3,0,-144
1767171750.8982382,-2,-2,-142
1767171750.9082382,0,-2,-137
1767171750.9182382,0,-1,-133
1767171750.9282382,0,0,-137
1767171750.938238,0,-3,-139
1767171750.948238,-3,0,-142
1767171750.958238,1,0,-144
1767171750.968238,-2,0,-148
1767171750.978238,-4,0,-144
1767171750.988238,0,0,-139
1767171750.998238,0,1,-139
1767171751.008238,-1,-1,-140
1767171751.018238,0,1,-149
1767171751.028238,-4,-1,-153
1767171751.038238,1,-6,-145
1767171751.048238,-4,-7,-145
1767171751.0582385,-2,-4,-148
1767171751.0682385,0,-6,-147
1767171751.0782382,4,-3,-151
1767171751.0882382,3,1,-150
1767171751.0982382,4,0,-148
1767171751.1082382,3,0,-145
1767171751.1182382,0,0,-141
1767171751.1282382,0,-2,-141
1767171751.1382382,-4,-3,-140
1767171751.1482382,-9,-2,-140
1767171751.1582382,-7,0,-138
1767171751.1682382,-1,-4,-135
1767171751.1782382,-2,-5,-134
1767171751.188238,-1,-5,-137
1767171751.198238,-5,-8,-139
1767171751.208238,-8,-7,-142
1767171751.218238,-7,-1,-143
1767171751.228238,-8,0,-131
1767171751.238238,-9,1,-134
1767171751.248238,-11,3,-137
1767171751.258238,-9,-2,-145
1767171751.268238,-4,-3,-140
1767171751.278238,-2,-4,-144
1767171751.2892382,-2,-3,-142
1767171751.2992382,-1,-7,-145
1767171751.3092382,-1,-3,-147
1767171751.3192382,0,-6,-150
1767171751.3292382,-1,-7,-151
1767171751.3392382,-3,-7,-147
1767171751.3492382,-3,-9,-148
1767171751.359238,-5,-8,-148
1767171751.369238,-2,-11,-149
1767171751.379238,-3,-13,-154
1767171751.389238,-7,-11,-149
1767171751.399238,-1,-8,-149
1767171751.409238,1,-3,-151
1767171751.419238,3,-2,-155
1767171751.429238,6,0,-152
1767171751.439238,4,2,-148
1767171751.449238,1,0,-144
1767171751.459238,6,0,-148
1767171751.469238,7,-1,-147
1767171751.4792385,2,0,-141
1767171751.4892385,0,2,-141
1767171751.4992385,3,-3,-143
1767171751.5092382,3,0,-142
1767171751.5192382,2,-4,-137
1767171751.5292382,3,-4,-136
1767171751.5392382,1,-3,-132
1767171751.5492382,3,0,-134
1767171751.5592382,0,1,-136
1767171751.5692382,-1,1,-133
1767171751.5792382,3,4,-130
1767171751.5892382,4,4,-137
1767171751.5992382,8,5,-143
1767171751.609238,7,3,-136
1767171751.619238,8,1,-139
1767171751.629238,7,-4,-142
1767171751.639238,3,-7,-140
1767171751.649238,3,-1,-143
1767171751.659238,2,-1,-149
1767171751.669238,7,-4,-154
1767171751.679238,7,-4,-152
1767171751.689238,3,-6,-147
1767171751.699238,3,-4,-153
1767171751.709238,7,-2,-156
1767171751.719238,1,1,-153
1767171751.7292385,-3,-2,-153
1767171751.7392385,-4,1,-156
1767171751.7492385,-3,0,-148
1767171751.7592382,-4,5,-143
1767171751.7692382,1,1,-141
1767171756.8032382,-8,0,-155
1767171756.811238,-8,-1,-152
1767171756.821238,-7,0,-152
1767171756.8312385,-4,1,-148
1767171756.8412385,-3,2,-149
1767171756.8512385,0,3,-137
1767171756.8612382,1,4,-130
1767171756.8712382,-1,4,-134
1767171756.8812382,0,0,-137
1767171756.8912382,1,-2,-141
1767171756.9012382,2,-6,-144
1767171756.9112382,0,-6,-149
1767171756.9212382,0,-4,-146
1767171756.9312382,0,-5,-142
1767171756.9412382,3,-4,-137
1767171756.9512382,2,-5,-143
1767171756.961238,-3,-5,-141
1767171756.971238,-5,-2,-141
1767171756.981238,-5,-3,-144
1767171756.991238,-6,-2,-143
1767171757.001238,-7,-3,-140
1767171757.011238,-11,-3,-142
1767171757.021238,-9,1,-151
1767171757.031238,-5,0,-149
1767171757.041238,-7,0,-155
1767171757.051238,-4,3,-158
1767171757.061238,-5,1,-148
1767171757.071238,-2,0,-147
1767171757.0812385,-2,0,-145
1767171757.0912385,0,0,-144
1767171757.1012385,5,-3,-143
1767171757.1112382,1,-4,-141
1767171757.1212382,2,-2,-141
1767171757.1312382,2,0,-147
1767171757.1412382,-3,2,-143
1767171757.1512382,0,-1,-142
1767171757.1612382,0,-7,-146
1767171757.1712382,-3,-7,-145
1767171757.1812382,-8,-6,-148
1767171757.1912382,-10,-4,-154
1767171757.2012382,-8,-3,-152
1767171757.211238,-8,-2,-150
1767171757.221238,-12,-1,-155
1767171757.231238,-12,1,-154
1767171757.241238,-7,1,-150
1767171757.251238,-4,0,-149
1767171757.261238,-2,0,-152
1767171757.271238,-2,0,-150
1767171757.281238,-3,-1,-150
1767171757.291238,-2,-4,-148
1767171757.301238,1,-2,-148
1767171757.311238,-1,0,-153
1767171757.321238,0,0,-147
1767171757.3312385,0,1,-152
1767171757.3412385,-2,3,-148
1767171757.3512385,0,4,-154
1767171757.3612382,3,2,-150
1767171757.3712382,3,-1,-142
1767171757.3812382,1,-1,-144
1767171757.3912382,2,-1,-145
1767171757.4012382,2,2,-140
1767171757.4112382,6,2,-141
1767171757.4212382,5,0,-134
1767171757.4312382,3,-2,-137
1767171757.4412382,1,-1,-138
1767171757.4512382,0,-3,-139
1767171757.461238,0,-9,-150
1767171757.471238,-2,-12,-154
1767171757.481238,-5,-11,-153
1767171757.491238,-6,-6,-153
1767171757.501238,-3,-4,-147
1767171757.511238,1,-2,-146
1767171757.521238,-1,-2,-142
1767171757.531238,-3,-1,-143
1767171757.541238,-3,-1,-150
1767171757.551238,-3,-4,-153
1767171757.561238,-4,-1,-147
1767171757.571238,-2,-3,-149
1767171757.5812385,0,-5,-148
1767171757.5912385,-3,-1,-148
1767171757.6012385,-3,-1,-144
1767171757.6112382,-1,-3,-141
1767171757.6212382,0,-2,-144
1767171757.6312382,1,2,-147
1767171757.6412382,0,5,-147
1767171757.6512382,2,1,-146
1767171757.6612382,1,0,-147
1767171757.6712382,-1,-5,-152
1767171757.6812382,-4,-4,-154
1767171757.6912382,-8,-2,-154
1767171757.7012382,-7,-4,-157
1767171757.711238,-1,-4,-155
1767171757.721238,-2,-3,-155
1767171757.731238,0,0,-149
1767171757.741238,4,0,-143
1767171757.751238,3,1,-144
1767171757.761238,1,0,-142
1767171757.771238,3,0,-140
1767171757.781238,3,0,-148
1767171757.791238,3,-1,-152
1767171757.801238,5,0,-162
1767171757.811238,2,-3,-159
1767171757.821238,1,-4,-155
1767171757.8312385,-2,0,-150
1767171757.8412385,1,3,-145
1767171757.8512385,0,4,-138
1767171757.8612382,4,3,-139
1767171757.8712382,6,2,-144
1767171757.8812382,6,2,-145
1767171757.8912382,2,-2,-139
1767171757.9012382,2,-2,-146
1767171757.9112382,-1,1,-145
1767171757.9212382,0,2,-145
1767171757.9312382,-3,3,-144
1767171757.9412382,0,0,-147
1767171757.9512382,0,1,-148
1767171757.961238,1,0,-150
1767171757.971238,-1,3,-146
1767171757.981238,-5,3,-147
1767171757.991238,-4,4,-148
1767171758.001238,-2,6,-150
1767171758.011238,-4,8,-141
1767171758.021238,-5,5,-145
1767171758.031238,-3,4,-142
1767171758.041238,-5,2,-144
1767171758.051238,-8,3,-150
1767171758.061238,0,3,-149
1767171758.071238,1,4,-144
1767171758.0812385,-1,5,-145
1767171758.0912385,-2,5,-146
1767171758.1012385,-1,3,-142
1767171758.1112382,-3,3,-131
1767171758.1212382,-1,1,-135
1767171758.1312382,-5,1,-146
1767171758.1412382,-7,0,-144
1767171758.1512382,-6,-2,-143
1767171758.1612382,-1,-2,-150
1767171758.1712382,0,-3,-154
1767171758.1812382,0,-3,-153
1767171758.1912382,-2,1,-151
1767171758.2012382,-2,1,-148
1767171758.211238,0,1,-143
1767171758.221238,1,0,-141
1767171758.231238,7,-1,-145
1767171758.241238,2,-3,-144
1767171758.251238,3,-2,-139
1767171758.261238,5,-1,-138
1767171758.271238,3,0,-138
1767171758.281238,4,-1,-144
1767171758.291238,1,0,-146
1767171758.301238,-2,2,-151
1767171758.311238,4,2,-150
1767171758.321238,7,3,-145
1767171758.3312385,3,3,-145
1767171758.3412385,1,4,-146
1767171758.3512385,2,0,-149
1767171758.3612382,0,1,-154
1767171758.3712382,-3,2,-157
1767171758.3812382,-1,1,-159
1767171758.3912382,-1,-2,-156
1767171758.4012382,-6,-1,-153
1767171758.4112382,-4,-2,-155
1767171758.4212382,-4,-3,-146
1767171758.4312382,-6,-4,-148
1767171758.4412382,-1,-4,-148
1767171758.4512382,2,-2,-151
1767171758.461238,4,0,-149
1767171758.471238,1,-2,-148
1767171758.481238,2,-4,-144
1767171758.491238,-1,-3,-138
1767171758.501238,0,-3,-142
1767171758.511238,0,-2,-141
1767171758.521238,-3,-2,-142
1767171758.531238,-2,-2,-146
1767171758.541238,-3,0,-145
1767171758.551238,-1,-2,-139
1767171758.561238,1,-3,-135
1767171758.571238,0,-2,-133
1767171758.5812385,0,-1,-136
1767171758.5912385,-1,0,-135
1767171758.6012385,-3,0,-141
1767171758.6112382,0,0,-146
1767171758.6212382,-3,0,-144
1767171758.6312382,-5,0,-152
1767171758.6412382,-1,-2,-156
1767171758.6512382,-4,-1,-153
1767171758.6612382,-3,0,-142
1767171758.6712382,-2,2,-135
1767171758.6812382,-2,1,-140
1767171758.6912382,0,0,-136
1767171758.7012382,1,0,-139
1767171758.711238,0,0,-135
1767171758.721238,2,-2,-134
1767171758.731238,2,-2,-135
1767171758.741238,3,0,-133
1767171758.751238,0,-4,-128
1767171758.761238,2,-6,-135
1767171758.771238,1,-5,-138
1767171758.781238,0,-4,-143
1767171758.791238,2,-3,-141
1767171758.801238,2,-4,-142
1767171758.811238,-1,-4,-148
1767171758.8222382,0,0,-144
1767171758.8312385,1,-1,-148
1767171758.8412385,-1,-1,-153
1767171758.8522382,0,2,-151
1767171758.8612382,0,5,-150
1767171758.8712382,-2,6,-151
1767171758.882238,-7,4,-146
1767171758.892238,-7,5,-146
1767171758.902238,-7,0,-148
1767171758.912238,-4,-1,-149
1767171758.922238,-2,0,-145
1767171758.932238,2,4,-137
1767171758.942238,2,1,-137
1767171758.952238,5,0,-133
1767171758.962238,6,0,-136
1767171758.972238,3,-3,-140
1767171758.982238,3,0,-138
1767171758.992238,1,-1,-144
1767171759.002238,3,-1,-148
1767171759.0122385,2,0,-144
1767171759.0222385,1,-1,-137
1767171759.0322382,1,1,-133
1767171759.0422382,2,2,-136
1767171759.0522382,4,0,-140
1767171759.0622382,3,0,-144
1767171759.0722382,2,0,-152
1767171759.0822382,6,0,-152
1767171759.0922382,7,0,-150
1767171759.1022382,6,1,-149
1767171759.1122382,7,0,-137
1767171759.1222382,7,0,-141
1767171759.132238,10,0,-139
1767171759.142238,8,-2,-151
1767171759.152238,4,0,-151
1767171759.162238,0,3,-149
1767171759.172238,2,1,-150
1767171759.182238,5,0,-153
1767171759.192238,3,-1,-152
1767171759.202238,1,-4,-153
1767171759.212238,1,-1,-153
1767171759.222238,-1,0,-154
1767171759.232238,-2,4,-153
1767171759.242238,1,6,-151
1767171759.252238,-3,8,-153
1767171759.2622385,-7,5,-151
1767171759.2722385,-6,2,-154
1767171759.2822382,-5,1,-153
1767171759.2922382,-3,1,-147
1767171759.3022382,-3,3,-149
1767171759.3122382,-3,4,-155
1767171759.3222382,1,6,-153
1767171759.3322382,-1,5,-152
1767171759.3422382,-1,9,-145
1767171759.3522382,-4,5,-147
1767171759.3622382,-6,3,-142
1767171759.3722382,-5,3,-143
1767171759.382238,-5,4,-142
1767171759.392238,-3,6,-146
1767171759.402238,-5,1,-155
1767171759.412238,-6,-2,-144
1767171759.422238,-5,0,-145
1767171759.432238,-6,-2,-144
1767171759.442238,-6,0,-146
1767171759.452238,-4,0,-142
1767171759.462238,-4,1,-143
1767171759.472238,-1,0,-142
1767171759.482238,2,0,-148
1767171759.492238,7,3,-148
1767171759.502238,7,1,-146
1767171759.5122385,1,-2,-148
1767171759.5222385,1,-2,-146
1767171759.5322382,-2,-1,-148
1767171759.5422382,0,-4,-142
1767171759.5522382,3,-6,-141
1767171759.5622382,2,-1,-132
1767171759.5722382,5,-1,-133
1767171759.5822382,2,0,-137
1767171759.5922382,1,0,-139
1767171759.6022382,0,2,-141
1767171759.6122382,-1,3,-145
1767171759.6222382,0,-1,-141
1767171759.632238,4,1,-138
1767171759.642238,3,0,-143
1767171759.652238,5,-1,-145
1767171759.662238,4,0,-145
1767171759.672238,1,0,-146
1767171759.682238,1,2,-142
1767171759.692238,0,1,-146
1767171759.702238,0,1,-151
1767171759.712238,0,6,-145
1767171759.722238,1,4,-141
1767171759.732238,1,0,-143
1767171759.742238,3,0,-145
1767171759.752238,0,0,-141
1767171759.7622385,1,0,-138
1767171759.7722385,1,0,-139
1767171759.7822382,1,-1,-137
1767171759.7922382,0,-5,-140
1767171759.8022382,-2,-2,-147
1767171759.8122382,-5,5,-143
1767171759.8222382,-5,7,-138
1767171759.8322382,-2,4,-140
1767171759.8422382,0,5,-139
1767171759.8522382,4,1,-141
1767171759.8622382,4,2,-148
1767171759.8722382,1,0,-151
1767171759.882238,-3,-2,-151
1767171759.892238,-3,0,-147
1767171759.902238,-1,0,-140
1767171759.912238,1,1,-135
1767171759.922238,-4,0,-130
1767171759.932238,-7,-2,-130
1767171759.942238,-7,-5,-133
1767171759.952238,-8,-5,-138
1767171759.962238,-4,-3,-140
1767171759.972238,1,-3,-145
1767171759.982238,0,-2,-147
1767171759.992238,-1,-4,-142
1767171760.002238,1,-2,-134
1767171760.0122385,3,1,-130
1767171760.0222385,6,-1,-132
1767171760.0322382,8,1,-130
1767171760.0422382,8,1,-136
1767171760.0522382,4,5,-139
1767171760.0622382,0,3,-143
1767171760.0722382,-2,1,-142
1767171760.0822382,0,3,-145
1767171760.0922382,0,0,-148
1767171760.1022382,-1,-2,-145
1767171760.1122382,-4,-1,-144
1767171760.1222382,-6,0,-148
1767171760.132238,-6,3,-151
1767171760.142238,-4,0,-146
1767171760.152238,-5,-1,-146
1767171760.162238,-4,0,-142
1767171760.172238,0,0,-140
1767171760.182238,0,0,-139
1767171760.192238,-3,1,-146
1767171760.202238,-2,1,-153
1767171760.212238,-1,-2,-152
1767171760.222238,-1,-7,-151
1767171760.232238,0,-8,-152
1767171760.242238,-2,-6,-151
1767171760.252238,-1,-7,-152
1767171760.2622385,0,-3,-149
1767171760.2722385,0,-2,-156
1767171760.2822382,0,0,-151
1767171760.2922382,-4,0,-157
1767171760.3022382,-3,0,-156
1767171760.3122382,0,0,-152
1767171760.3222382,2,0,-156
1767171760.3322382,4,0,-158
1767171760.3422382,4,1,-161
1767171760.3522382,4,0,-162
1767171760.3622382,5,0,-156
1767171760.3722382,6,-2,-154
1767171760.382238,0,-3,-147
1767171760.392238,1,-5,-140
1767171760.402238,0,0,-142
1767171760.412238,-1,0,-146
1767171760.422238,-3,-4,-149
1767171760.432238,-5,-1,-148
1767171760.442238,-9,-1,-145
1767171760.452238,-10,2,-141
1767171760.462238,-11,4,-146
1767171760.472238,-12,2,-148
1767171760.482238,-11,1,-142
1767171760.492238,-11,2,-143
1767171760.502238,-9,2,-146
1767171760.5122385,-3,2,-143
1767171760.5222385,-3,0,-143
1767171760.5322382,0,0,-143
1767171760.5422382,2,-3,-142
1767171760.5522382,0,-4,-141
1767171760.5622382,-1,0,-142
1767171760.5722382,-1,-2,-142
1767171760.5822382,-3,-2,-142
1767171760.5922382,-1,-1,-145
1767171760.6022382,-1,-6,-142
1767171760.6122382,-4,-6,-145
1767171760.6222382,-6,-4,-144
1767171760.632238,-3,0,-150
1767171760.642238,0,0,-157
1767171760.652238,0,6,-148
1767171760.662238,4,5,-144
1767171760.672238,6,5,-138
1767171760.682238,7,3,-144
1767171760.692238,5,3,-147
1767171760.702238,0,4,-150
1767171760.712238,0,2,-151
1767171760.722238,0,2,-150
1767171760.732238,0,0,-154
1767171760.742238,-4,-2,-155
1767171760.752238,1,-6,-154
1767171760.7622385,4,0,-152
1767171760.7722385,-2,0,-151
1767171760.7822382,0,2,-152
1767171760.7922382,4,0,-149
1767171760.8022382,3,0,-143
1767171760.8122382,5,-1,-141
1767171760.8222382,-2,1,-140
1767171760.8322382,0,2,-136
1767171760.8422382,-2,1,-135
1767171760.8522382,-2,2,-137
1767171760.8622382,-1,3,-145
1767171760.8722382,2,5,-145
1767171760.882238,5,2,-142
1767171760.892238,4,3,-143
1767171760.902238,1,1,-145
1767171760.912238,2,2,-153
1767171760.922238,1,0,-152
1767171760.932238,7,0,-147
1767171760.942238,5,0,-144
1767171760.952238,5,4,-148
1767171760.962238,0,6,-144
1767171760.972238,-1,5,-144
1767171760.982238,-2,0,-141
1767171760.992238,-1,0,-140
1767171761.002238,2,2,-142
1767171761.0122385,6,0,-141
1767171761.0222385,3,1,-138
1767171761.0322382,2,0,-136
1767171761.0422382,5,-1,-135
1767171761.0522382,5,0,-129
1767171761.0622382,2,-2,-135
1767171761.0722382,-1,-4,-136
1767171761.0822382,-4,-7,-143
1767171761.0922382,-4,-3,-152
1767171761.1022382,-2,-6,-155
1767171761.1122382,1,-5,-162
1767171761.1222382,5,-3,-167
1767171761.132238,8,-5,-160
1767171761.142238,5,-4,-157
1767171761.152238,4,-6,-151
1767171761.162238,4,0,-149
1767171761.172238,3,4,-146
1767171761.182238,-1,6,-147
1767171761.192238,0,3,-147
1767171761.202238,0,10,-148
1767171761.212238,0,4,-148
1767171761.222238,4,0,-151
1767171761.232238,5,0,-146
1767171761.242238,3,2,-151
1767171761.252238,5,-1,-155
1767171761.2622385,8,-2,-156
1767171761.2722385,9,-5,-159
1767171761.2822382,1,-3,-158
1767171761.2922382,2,-3,-151
1767171761.3022382,3,-3,-145
1767171761.3122382,4,-2,-145
1767171761.3222382,2,1,-142
1767171761.3322382,2,1,-143
1767171761.343238,0,2,-142
1767171761.3522382,0,0,-141
1767171761.3622382,0,0,-146
1767171761.373238,-3,1,-150
1767171761.382238,-3,0,-152
1767171761.393238,-2,-2,-152
1767171761.403238,-1,-1,-148
1767171761.413238,0,0,-150
1767171761.423238,0,1,-147
1767171761.4332385,-2,1,-150
1767171761.4432385,-2,4,-153
1767171761.4532382,-2,1,-150
1767171761.4632382,-2,-4,-156
1767171761.4732382,-3,-4,-153
1767171761.4832382,0,-4,-151
1767171761.4932382,-1,-4,-157
1767171761.5032382,-2,0,-151
1767171761.5132382,-3,1,-149
1767171761.5232382,-3,-3,-144
1767171761.5332382,-4,-3,-145
1767171761.5432382,-2,-2,-147
1767171761.5532382,2,-1,-143
1767171761.563238,2,-1,-140
1767171761.573238,4,0,-142
1767171761.583238,2,1,-149
1767171761.593238,3,0,-147
1767171761.603238,4,-4,-144
1767171761.613238,5,-2,-147
1767171761.623238,8,0,-150
1767171761.633238,10,-5,-151
1767171761.643238,11,1,-148
1767171761.653238,8,3,-142
1767171761.663238,1,6,-144
1767171761.673238,-2,3,-134
1767171761.6832385,0,2,-130
1767171761.6932385,-2,0,-134
1767171761.7032382,-6,0,-136
1767171761.7132382,-5,-1,-136
1767171761.7232382,-4,3,-136
1767171761.7332382,-4,6,-139
1767171761.7432382,-7,4,-149
1767171761.7532382,-7,6,-144
1767171761.7632382,-6,2,-143
1767171761.7732382,-7,0,-143
1767171761.7832382,-8,-3,-141
1767171761.7932382,-4,-5,-133
1767171761.814238,-4,-14,-141
1767171761.823238,-4,-9,-142
1767171761.833238,-2,-3,-146
1767171761.843238,-4,1,-143
1767171761.853238,-4,4,-149
1767171761.863238,-4,2,-143
1767171761.873238,-3,7,-140
1767171761.883238,-8,8,-137
1767171761.893238,-7,8,-146
1767171761.903238,-4,8,-147
1767171761.913238,-3,9,-146
1767171761.923238,0,4,-143
1767171761.9332385,-1,3,-147
1767171761.9432385,-3,0,-141
1767171761.9532382,-4,1,-138
1767171761.9632382,0,-1,-141
1767171761.9732382,0,0,-139
1767171761.9832382,-3,0,-137
1767171761.9932382,-5,0,-139
1767171762.0032382,-7,0,-139
1767171762.0132382,-5,-3,-141
1767171762.0232382,1,-4,-142
1767171762.0332382,5,-2,-140
1767171762.0432382,3,-2,-139
1767171762.0532382,6,3,-147
1767171762.063238,6,2,-143
1767171762.073238,3,6,-144
1767171762.083238,0,6,-150
1767171762.093238,3,5,-147
1767171762.103238,3,6,-142
1767171762.113238,2,6,-148
1767171762.123238,-1,2,-144
1767171762.133238,0,0,-143
1767171762.143238,2,0,-140
1767171762.153238,3,-2,-143
1767171762.163238,4,0,-143
1767171762.173238,3,4,-140
1767171762.1832385,-2,4,-140
1767171762.1932385,1,2,-141
1767171762.2032382,0,3,-140
1767171762.2132382,5,5,-138
1767171762.2232382,7,4,-142
1767171762.2332382,6,3,-143
1767171762.2432382,1,10,-141
1767171762.2532382,0,12,-143
1767171762.2632382,0,5,-143
1767171762.2732382,-2,0,-142
1767171762.2832382,0,0,-139
1767171762.2932382,0,-3,-133
1767171762.3032382,-2,-2,-136
1767171762.313238,0,4,-136
1767171762.323238,2,7,-137
1767171762.333238,1,6,-142
1767171762.343238,3,2,-142
1767171762.353238,4,1,-152
1767171762.363238,5,-1,-150
1767171762.373238,1,-5,-148
1767171762.383238,1,-7,-150
1767171762.393238,-1,-7,-144
1767171762.403238,0,-5,-140
1767171762.413238,-2,-3,-141
1767171762.423238,0,-1,-142
1767171762.4332385,0,-3,-141
1767171762.4432385,-2,-2,-144
1767171762.4532382,-8,-3,-142
1767171762.4632382,-10,-1,-147
1767171762.4732382,-8,0,-144
1767171762.4832382,-8,1,-140
1767171762.4932382,-2,3,-146
1767171762.5032382,-1,-2,-145
1767171762.5132382,-2,-6,-141
1767171762.5232382,-2,-3,-140
1767171762.5332382,0,-3,-140
1767171762.5432382,0,-1,-138
1767171762.5532382,1,-2,-141
1767171762.563238,-2,-3,-144
1767171762.573238,-2,-3,-144
1767171762.583238,-2,-1,-145
1767171762.593238,-1,-1,-151
1767171762.603238,-3,-2,-147
1767171762.613238,-6,-1,-138
1767171762.623238,-5,-3,-138
1767171762.633238,-3,0,-142
1767171762.643238,0,-1,-142
1767171762.653238,-1,0,-138
1767171762.663238,-3,3,-138
1767171762.673238,-8,6,-139
1767171762.6832385,-5,4,-140
1767171762.6932385,0,0,-141
1767171762.7032382,-2,1,-142
1767171762.7132382,-3,0,-141
1767171762.7232382,-6,-1,-139
1767171762.7332382,-6,-1,-138
1767171762.7432382,-8,0,-137
1767171762.7532382,-3,4,-142
1767171762.7632382,0,0,-146
1767171762.7732382,5,1,-151
1767171762.7832382,3,0,-146
1767171762.7932382,6,0,-139
1767171762.8032382,2,0,-134
1767171762.813238,3,0,-128
1767171762.823238,1,2,-129
1767171762.833238,2,0,-127
1767171762.843238,2,0,-135
1767171762.853238,1,0,-140
1767171762.863238,1,4,-139
1767171762.873238,4,6,-144
1767171762.883238,0,5,-146
1767171762.893238,-3,5,-144
1767171762.903238,-4,0,-144
1767171762.913238,-3,1,-141
1767171762.923238,0,0,-143
1767171762.9332385,7,0,-134
1767171762.9432385,4,0,-129
1767171762.9532382,7,0,-134
1767171762.9632382,1,1,-134
1767171762.9732382,-1,-1,-137
1767171762.9832382,-3,-2,-143
1767171762.9932382,-6,-1,-138
1767171763.0032382,-5,0,-135
1767171763.0132382,-3,-2,-138
1767171763.0232382,-1,0,-139
1767171763.0332382,0,1,-140
1767171763.0432382,0,2,-143
1767171763.0532382,4,-1,-144
1767171763.063238,3,-2,-146
1767171763.073238,5,0,-142
1767171763.083238,2,0,-144
1767171763.093238,0,0,-146
1767171763.103238,-4,0,-142
1767171763.113238,-2,1,-146
1767171763.123238,-1,-4,-149
1767171763.133238,-1,-5,-143
1767171763.143238,4,-2,-141
1767171763.153238,4,1,-139
1767171763.163238,2,2,-143
1767171763.173238,-3,3,-146
1767171763.1832385,0,3,-138
1767171763.1932385,4,4,-128
1767171763.2032382,3,2,-130
1767171763.2132382,3,1,-136
1767171763.2232382,8,0,-140
1767171763.2332382,8,5,-143
1767171763.2432382,3,7,-138
1767171763.2532382,1,2,-139
1767171763.2632382,6,2,-143
1767171763.2732382,-1,4,-138
1767171763.2832382,-2,3,-134
1767171763.2932382,-1,6,-139
1767171763.3032382,-2,5,-138
1767171763.313238,-3,3,-144
1767171763.323238,-4,8,-145
1767171763.333238,-3,6,-143
1767171763.343238,0,3,-146
1767171763.353238,0,1,-146
1767171763.363238,-1,0,-150
1767171763.373238,-1,2,-145
1767171763.383238,4,0,-144
1767171763.393238,7,2,-148
1767171763.403238,8,1,-148
1767171763.413238,5,1,-149
1767171763.423238,-1,0,-148
1767171763.4332385,-5,0,-146
1767171763.4432385,-6,0,-152
1767171763.4532382,-8,0,-147
1767171763.4632382,-4,0,-144
1767171763.4732382,-3,-3,-146
1767171763.4832382,-5,-3,-146
1767171763.4932382,-3,-2,-144
1767171763.5032382,-2,-2,-143
1767171763.5132382,0,-1,-148
1767171763.5232382,-1,0,-150
1767171763.5332382,-2,0,-143
1767171763.5432382,-5,-1,-141
1767171763.5532382,-1,4,-142
1767171763.563238,-3,3,-137
1767171763.573238,-1,5,-138
1767171763.583238,0,5,-144
1767171763.593238,4,4,-145
1767171763.603238,2,-2,-145
1767171763.613238,0,-1,-152
1767171763.623238,3,-1,-149
1767171763.633238,2,-5,-140
1767171763.643238,-1,-5,-137
1767171763.653238,-3,0,-136
1767171763.663238,-4,4,-136
1767171763.673238,-3,-1,-139
1767171763.6832385,-5,-1,-143
1767171763.6932385,-3,-7,-142
1767171763.7032382,0,-6,-143
1767171763.7132382,-1,-10,-153
1767171763.7232382,5,-7,-151
1767171763.7332382,6,-6,-152
1767171763.7432382,6,-7,-155
1767171763.7532382,1,-4,-154
1767171763.7632382,4,-6,-147
1767171763.7732382,3,-7,-141
1767171763.7832382,2,-7,-141
1767171763.7932382,2,-7,-139
1767171763.8032382,5,-5,-145
1767171763.813238,5,-4,-145
1767171763.823238,2,-4,-149
1767171763.833238,-2,-2,-154
1767171763.843238,-1,-3,-151
1767171763.8542385,0,-2,-149
1767171763.8642385,-6,-4,-155
1767171763.873238,-5,-5,-155
1767171763.883238,-6,-6,-152
1767171763.8942382,-7,-8,-152
1767171763.903238,-7,-9,-156
1767171763.9142382,-10,-10,-155
1767171763.9242382,-5,-9,-160
1767171763.9342382,-1,-11,-155
1767171763.9442382,0,-11,-156
1767171763.9542382,0,-11,-155
1767171763.9642382,6,-7,-151
1767171763.9742382,4,-5,-151
1767171763.984238,2,-9,-152
1767171763.994238,1,-10,-155
1767171764.004238,3,-12,-154
1767171764.014238,5,-8,-155
1767171764.024238,6,-7,-153
1767171764.034238,5,-4,-154
1767171764.044238,1,2,-153
1767171764.054238,-1,1,-149
1767171764.064238,2,-2,-145
1767171764.074238,-1,0,-151
1767171764.084238,-6,0,-153
1767171764.094238,-8,-2,-151
1767171764.1042385,-5,-3,-143
1767171764.1142385,-3,-1,-142
1767171764.1242385,-6,-3,-144
1767171764.1342382,-7,-2,-143
1767171764.1442382,-11,-3,-141
1767171764.1542382,-7,-4,-141
1767171764.1642382,-10,-3,-140
1767171764.1742382,-13,-2,-145
1767171764.1842382,-10,-7,-148
1767171764.1942382,-10,-9,-144
1767171764.2042382,-6,-9,-137
1767171764.2142382,0,-6,-137
1767171764.2242382,4,-1,-140
1767171764.234238,1,-2,-143
1767171764.244238,0,0,-140
1767171764.254238,3,2,-141
1767171764.264238,2,1,-140
1767171764.274238,2,1,-142
1767171764.284238,2,3,-145
1767171764.294238,5,4,-151
1767171764.304238,8,0,-152
1767171764.314238,6,4,-147
1767171764.324238,5,5,-147
1767171764.334238,2,5,-143
1767171764.344238,1,5,-138
1767171764.3542385,1,4,-134
1767171764.3642385,1,1,-141
1767171764.3742385,4,-1,-142
1767171764.3842382,9,-1,-139
1767171764.3942382,5,-2,-135
1767171764.4042382,0,-2,-137
1767171764.4142382,-4,-1,-141
1767171764.4242382,-3,0,-144
1767171764.4342382,-3,0,-142
1767171764.4442382,-6,0,-143
1767171764.4542382,-10,1,-140
1767171764.4642382,-7,-3,-138
1767171764.4742382,-3,-1,-143
1767171764.484238,-7,1,-137
1767171764.494238,-4,0,-137
1767171764.504238,-6,-3,-143
1767171764.514238,-8,-6,-144
1767171764.524238,-9,-8,-146
1767171764.534238,-9,-3,-149
1767171764.544238,-7,-2,-151
1767171764.554238,-5,0,-144
1767171764.564238,-3,3,-147
1767171764.574238,-3,-1,-146
1767171764.584238,3,0,-144
1767171764.594238,3,-5,-144
1767171764.6042385,3,-5,-137
1767171764.6142385,0,-4,-136
1767171764.6242385,-5,0,-139
1767171764.6342382,-4,-3,-141
1767171764.6442382,-8,0,-144
1767171764.6542382,-4,5,-150
1767171764.6642382,-2,2,-144
1767171764.6742382,-2,-1,-141
1767171764.6842382,-3,-2,-140
1767171764.6942382,-2,-4,-143
1767171764.7042382,-1,-4,-149
1767171764.7142382,2,-1,-147
1767171764.7242382,-2,-1,-147
1767171764.734238,-4,-3,-143
1767171764.744238,-5,0,-148
1767171764.754238,-6,-1,-147
1767171764.764238,-5,-2,-147
1767171764.774238,-2,-3,-151
1767171764.784238,-2,-7,-153
1767171764.794238,-1,-2,-149
1767171764.804238,-1,-3,-149
1767171764.814238,-1,-2,-148
1767171764.824238,-4,-3,-142
1767171764.834238,-6,-2,-144
1767171764.844238,-5,-5,-144
1767171764.8542385,-8,-7,-151
1767171764.8642385,-7,-5,-152
1767171764.8742385,-3,-4,-146
1767171764.8842382,0,-1,-139
1767171764.8942382,0,-3,-138
1767171764.9042382,2,-2,-131
1767171764.9142382,3,-3,-129
1767171764.9242382,5,-5,-136
1767171764.9342382,4,-6,-135
1767171764.9442382,2,-5,-133
1767171764.9542382,4,-5,-130
1767171764.9642382,7,-3,-128
1767171764.9742382,6,-3,-128
1767171764.984238,6,-4,-126
1767171764.994238,7,-5,-133
1767171765.004238,2,-7,-135
1767171765.014238,2,-7,-133
1767171765.024238,1,-10,-139
1767171765.034238,0,-7,-140
1767171765.044238,-3,-3,-144
1767171765.054238,-1,-1,-144
1767171765.064238,2,-1,-140
1767171765.074238,1,1,-144
1767171765.084238,6,2,-140
1767171765.094238,3,1,-139
1767171765.1042385,7,0,-140
1767171765.1142385,8,0,-142
1767171765.1242385,7,-3,-143
1767171765.1342382,4,-1,-138
1767171765.1442382,8,-1,-144
1767171765.1542382,9,0,-145
1767171765.1642382,8,-2,-143
1767171765.1742382,3,-5,-144
1767171765.1842382,2,-7,-144
1767171765.1942382,0,-7,-146
1767171765.2042382,1,-2,-145
1767171765.2142382,3,-3,-142
1767171765.2242382,6,-2,-142
1767171765.234238,5,-1,-146
1767171765.244238,2,0,-146
1767171765.254238,3,0,-144
1767171765.264238,4,0,-149
1767171765.274238,-1,-1,-155
1767171765.284238,-4,0,-159
1767171765.294238,-1,1,-154
1767171765.304238,-5,0,-151
1767171765.314238,-6,-4,-145
1767171765.324238,-5,-5,-148
1767171765.334238,-3,0,-147
1767171765.344238,-1,0,-142
1767171765.3542385,1,0,-138
1767171765.3642385,1,-5,-144
1767171765.3742385,0,-4,-146
1767171765.3842382,-3,-2,-139
1767171765.3942382,-2,-2,-133
1767171765.4042382,0,-3,-132
1767171765.4142382,0,-4,-134
1767171765.4242382,0,-8,-133
1767171765.4342382,0,-7,-137
1767171765.4442382,1,-7,-145
1767171765.4542382,-2,-7,-148
1767171765.4642382,1,-6,-152
1767171765.4742382,0,-4,-147
1767171765.484238,1,-5,-146
1767171765.494238,2,-6,-145
1767171765.504238,0,-5,-147
1767171765.514238,2,-7,-145
1767171765.524238,0,-7,-142
1767171765.534238,-1,-6,-145
1767171765.544238,2,-3,-146
1767171765.554238,0,-4,-152
1767171765.564238,3,-1,-144
1767171765.574238,4,0,-145
1767171765.584238,3,4,-143
1767171765.594238,9,0,-145
1767171765.6042385,9,1,-147
1767171765.6142385,11,5,-144
1767171765.6242385,3,9,-138
1767171765.6342382,2,7,-142
1767171765.6442382,1,5,-137
1767171765.6542382,0,4,-139
1767171765.6642382,0,0,-142
1767171765.6742382,-1,-1,-137
1767171765.6842382,-3,-1,-143
1767171765.6942382,-1,-2,-156
1767171765.7042382,-2,-2,-154
1767171765.7142382,-2,0,-154
1767171765.7242382,-1,0,-159
1767171765.734238,-2,-1,-156
1767171765.744238,3,0,-157
1767171765.754238,-1,0,-153
1767171765.764238,-1,0,-153
1767171765.774238,2,1,-147
1767171765.784238,4,0,-148
1767171765.794238,1,0,-148
1767171765.804238,-1,1,-149
1767171765.814238,0,2,-147
1767171765.824238,0,3,-149
1767171765.834238,4,2,-147
1767171765.844238,5,3,-144
1767171765.8542385,2,6,-146
1767171765.8642385,3,3,-148
1767171765.8742385,-1,3,-145
1767171765.8842382,-4,2,-141
1767171765.8942382,-3,-2,-139
1767171765.9042382,-2,-5,-144
1767171765.9142382,-5,-4,-144
1767171765.9242382,-1,-7,-150
1767171765.9342382,3,-8,-150
1767171765.9442382,0,-3,-153
1767171765.9542382,0,-5,-155
1767171765.9642382,2,-7,-153
1767171765.9742382,0,-6,-152
1767171765.984238,1,-5,-153
1767171765.994238,4,-6,-155
1767171766.004238,0,-6,-155
1767171766.014238,0,-8,-147
1767171766.024238,0,-9,-142
1767171766.034238,0,-7,-149
1767171766.044238,-2,-7,-153
1767171766.054238,0,-3,-159
1767171766.064238,0,-4,-156
1767171766.074238,0,-3,-146
1767171766.084238,-7,0,-142
1767171766.094238,-6,3,-145
1767171766.1042385,-7,4,-149
1767171766.1142385,-6,4,-147
1767171766.1242385,-2,2,-148
1767171766.1342382,-2,0,-142
1767171766.1442382,-3,-3,-147
1767171766.1542382,-3,-2,-150
1767171766.1642382,-5,2,-152
1767171766.1742382,-5,5,-151
1767171766.1842382,-6,2,-146
1767171766.1942382,-2,-1,-143
1767171766.2042382,0,-2,-146
1767171766.2142382,-2,1,-150
1767171766.2242382,-3,0,-145
1767171766.234238,-4,-3,-146
1767171766.244238,-1,-4,-150
1767171766.254238,-2,-7,-161
1767171766.264238,-4,-5,-160
1767171766.274238,-4,-8,-158
1767171766.284238,-1,-2,-155
1767171766.294238,0,-2,-157
1767171766.304238,0,-1,-157
1767171766.314238,0,0,-155
1767171766.324238,-1,-2,-148
1767171766.334238,-1,-2,-151
1767171766.344238,2,-3,-154
1767171766.3542385,4,-3,-149
1767171766.3642385,4,-2,-148
1767171766.3742385,4,0,-149
1767171766.3842382,5,1,-147
1767171766.3942382,0,3,-148
1767171766.4042382,1,3,-146
1767171766.415238,2,8,-151
1767171766.4242382,1,7,-151
1767171766.435238,4,9,-151
1767171766.445238,8,5,-141
1767171766.455238,5,1,-142
1767171766.465238,2,0,-141
1767171766.475238,0,2,-143
1767171766.485238,-1,1,-141
1767171766.495238,-1,-1,-147
1767171766.505238,1,-1,-146
1767171766.515238,4,-1,-144
1767171766.525238,3,-3,-138
1767171766.5352385,-3,0,-145
1767171766.5452385,-5,1,-146
1767171766.5552382,-4,1,-146
1767171766.5652382,-5,-1,-141
1767171766.5752382,-8,0,-143
1767171766.5852382,-7,1,-144
1767171766.5952382,0,0,-144
1767171766.6052382,2,-4,-151
1767171766.6152382,-1,-2,-151
1767171766.6252382,0,-3,-141
1767171766.6352382,-5,-1,-138
1767171766.6452382,-4,-3,-138
1767171766.6552382,-5,-2,-141
1767171766.665238,-4,1,-143
1767171766.675238,-4,3,-143
1767171766.685238,-1,3,-145
1767171766.695238,0,2,-149
1767171766.705238,-1,5,-145
1767171766.715238,0,2,-143
1767171766.725238,0,5,-139
1767171766.735238,0,4,-141
1767171766.745238,3,3,-144
1767171766.755238,2,0,-142
1767171766.765238,-1,1,-147
1767171766.775238,0,-1,-144
1767171766.7852385,0,-7,-133
1767171766.7952385,-4,-7,-133
1767171766.8052382,-1,-7,-136
1767171771.8392382,-4,-4,-139
1767171771.847238,-5,-1,-136
1767171771.857238,-2,0,-137
1767171771.867238,-7,-2,-137
1767171771.877238,-2,-2,-139
1767171771.8872385,1,0,-140
1767171771.8972385,-1,0,-140
1767171771.9072382,0,2,-144
1767171771.9172382,0,0,-144
1767171771.9272382,-1,-3,-139
1767171771.9372382,0,-1,-141
1767171771.9472382,0,-1,-136
1767171771.9572382,0,-1,-137
1767171771.9672382,4,-4,-137
1767171771.9772382,0,-7,-131
1767171771.9872382,0,-11,-137
1767171771.9972382,2,-14,-138
1767171772.007238,0,-11,-139
1767171772.017238,-4,-9,-141
1767171772.027238,-2,-7,-139
1767171772.037238,-3,-6,-142
1767171772.047238,1,-3,-141
1767171772.057238,-2,0,-144
1767171772.067238,-6,0,-144
1767171772.077238,-6,0,-148
1767171772.087238,-3,-2,-146
1767171772.097238,3,-3,-150
1767171772.107238,1,-2,-154
1767171772.117238,1,-4,-158
1767171772.127238,4,-6,-156
1767171772.1372385,-1,-6,-150
1767171772.1472385,-3,-6,-149
1767171772.1572382,0,-5,-154
1767171772.1672382,1,-8,-154
1767171772.1772382,1,-4,-148
1767171772.1872382,3,-6,-147
1767171772.1972382,4,-6,-149
1767171772.2072382,4,-5,-152
1767171772.2172382,0,-2,-152
1767171772.2272382,2,-2,-147
1767171772.2372382,1,-4,-144
1767171772.2472382,1,-3,-143
1767171772.257238,0,-3,-140
1767171772.267238,0,-4,-140
1767171772.277238,5,-8,-142
1767171772.287238,3,-10,-142
1767171772.297238,0,-7,-140
1767171772.307238,1,-7,-141
1767171772.317238,0,-6,-144
1767171772.327238,-1,-2,-147
1767171772.337238,-3,-4,-146
1767171772.347238,-2,-7,-149
1767171772.357238,-5,-4,-146
1767171772.367238,-3,-5,-140
1767171772.377238,1,-4,-138
1767171772.3872385,0,-2,-143
1767171772.3972385,-5,0,-142
1767171772.4072382,-9,1,-144
1767171772.4172382,-10,2,-147
1767171772.4272382,-7,2,-143
1767171772.4372382,-5,3,-144
1767171772.4472382,-6,3,-150
1767171772.4572382,-2,0,-142
1767171772.4672382,-6,-3,-146
1767171772.4772382,-5,-6,-154
1767171772.4872382,-2,-4,-158
1767171772.4972382,0,-5,-157
1767171772.507238,2,-4,-157
1767171772.517238,1,-3,-163
1767171772.527238,2,-3,-154
1767171772.537238,4,1,-153
1767171772.547238,4,3,-151
1767171772.557238,3,0,-156
1767171772.567238,5,0,-153
1767171772.577238,5,-2,-146
1767171772.587238,0,0,-152
1767171772.597238,1,0,-150
1767171772.607238,0,0,-152
1767171772.617238,-4,-2,-147
1767171772.627238,-11,-2,-148
1767171772.6372385,-15,-3,-145
1767171772.6472385,-8,-2,-142
1767171772.6572382,-6,0,-145
1767171772.6672382,-4,1,-146
1767171772.6772382,0,1,-151
1767171772.6872382,0,1,-149
1767171772.6972382,0,3,-150
1767171772.7072382,1,2,-147
1767171772.7172382,1,0,-149
1767171772.7272382,0,0,-154
1767171772.7372382,-4,2,-158
1767171772.7472382,-7,2,-162
1767171772.757238,-4,0,-158
1767171772.767238,-4,0,-152
1767171772.777238,-5,3,-152
1767171772.787238,-5,4,-151
1767171772.797238,-8,5,-150
1767171772.807238,-8,5,-146
1767171772.817238,-3,3,-144
1767171772.827238,1,2,-147
1767171772.837238,5,-3,-147
1767171772.847238,4,-4,-139
1767171772.857238,3,0,-139
1767171772.867238,3,0,-142
1767171772.877238,0,-3,-139
1767171772.8872385,1,-2,-149
1767171772.8972385,0,-5,-151
1767171772.9072382,0,-6,-143
1767171772.9172382,-1,-9,-149
1767171772.9272382,2,-6,-143
1767171772.9372382,6,-2,-148
1767171772.9472382,2,-1,-146
1767171772.9572382,1,3,-143
1767171772.9672382,2,2,-143
1767171772.9772382,-5,-1,-139
1767171772.9872382,-5,-2,-141
1767171772.9972382,0,-3,-139
1767171773.007238,-2,-2,-144
1767171773.017238,-1,-4,-144
1767171773.027238,0,-4,-144
1767171773.037238,-3,-7,-152
1767171773.047238,-4,-5,-154
1767171773.057238,-6,-2,-152
1767171773.067238,-2,0,-146
1767171773.077238,0,1,-140
1767171773.087238,-1,3,-144
1767171773.097238,0,3,-150
1767171773.107238,-3,-1,-154
1767171773.117238,-2,-1,-159
1767171773.127238,-4,-3,-158
1767171773.1372385,-3,-6,-148
1767171773.1472385,-2,-6,-143
1767171773.1572382,-2,-8,-138
1767171773.1672382,0,-4,-143
1767171773.1772382,0,-3,-145
1767171773.1872382,2,-2,-145
1767171773.1972382,-2,1,-142
1767171773.2072382,-4,0,-142
1767171773.2172382,-3,-2,-144
1767171773.2272382,0,-2,-145
1767171773.2372382,-1,-1,-143
1767171773.2472382,-4,-5,-144
1767171773.257238,-3,-6,-148
1767171773.267238,-3,-8,-147
1767171773.277238,-2,-8,-147
1767171773.287238,-4,-5,-141
1767171773.297238,-3,-6,-134
1767171773.307238,0,-5,-133
1767171773.317238,-2,-3,-137
1767171773.327238,0,0,-139
1767171773.337238,-2,1,-142
1767171773.347238,-1,0,-139
1767171773.357238,-3,-2,-139
1767171773.367238,1,-3,-140
1767171773.377238,5,-8,-147
1767171773.3872385,8,-10,-146
1767171773.3972385,7,-7,-145
1767171773.4072382,9,-5,-145
1767171773.4172382,9,-1,-146
1767171773.4272382,5,-2,-143
1767171773.4372382,5,-2,-149
1767171773.4472382,4,-5,-145
1767171773.4572382,0,-2,-144
1767171773.4672382,-1,-3,-143
1767171773.4772382,-1,-5,-141
1767171773.4872382,3,-7,-142
1767171773.4972382,4,-8,-140
1767171773.507238,5,-11,-139
1767171773.517238,7,-11,-146
1767171773.527238,9,-8,-141
1767171773.537238,7,-9,-142
1767171773.547238,7,-4,-139
1767171773.557238,1,-8,-138
1767171773.567238,3,-4,-142
1767171773.577238,3,-4,-140
1767171773.587238,-1,-3,-145
1767171773.597238,-1,-2,-145
1767171773.607238,-4,-7,-142
1767171773.617238,-6,-8,-144
1767171773.627238,-4,-6,-144
1767171773.6372385,-5,-5,-146
1767171773.6472385,-3,-2,-147
1767171773.6572382,1,-2,-138
1767171773.6672382,0,1,-138
1767171773.6772382,0,0,-134
1767171773.6872382,-3,0,-129
1767171773.6972382,-6,-1,-133
1767171773.7072382,-9,-4,-135
1767171773.7172382,-9,-3,-138
1767171773.7272382,-5,-1,-139
1767171773.7372382,-2,-4,-146
1767171773.7472382,-3,-7,-142
1767171773.757238,-3,-8,-143
1767171773.767238,0,-6,-148
1767171773.777238,0,-4,-154
1767171773.787238,5,-1,-154
1767171773.797238,0,0,-150
1767171773.807238,0,-3,-150
1767171773.817238,-1,-6,-152
1767171773.827238,1,-2,-152
1767171773.837238,-1,0,-147
1767171773.847238,-6,2,-145
1767171773.857238,-3,4,-142
1767171773.867238,0,3,-137
1767171773.877238,-4,3,-139
1767171773.8872385,0,5,-142
1767171773.8972385,2,2,-147
1767171773.9072382,4,-1,-144
1767171773.9172382,8,-6,-137
1767171773.9272382,6,-6,-133
1767171773.938238,6,-6,-132
1767171773.9472382,2,-3,-137
1767171773.9572382,3,0,-139
1767171773.9672382,3,-2,-142
1767171773.9772382,5,-6,-139
1767171773.9872382,5,-6,-133
1767171773.9972382,6,-6,-136
1767171774.008238,5,-7,-144
1767171774.018238,3,-3,-147
1767171774.028238,6,0,-141
1767171774.038238,2,-1,-135
1767171774.048238,2,-5,-132
1767171774.0582385,6,-4,-134
1767171774.0682385,7,-4,-140
1767171774.0782382,2,-3,-141
1767171774.0882382,-2,-4,-140
1767171774.0982382,0,-7,-148
1767171774.1082382,0,-5,-150
1767171774.1182382,-2,-2,-153
1767171774.1282382,-4,-2,-151
1767171774.1382382,0,-6,-149
1767171774.1482382,1,-8,-148
1767171774.1582382,1,-8,-148
1767171774.1682382,-3,-4,-148
1767171774.1782382,-6,0,-143
1767171774.188238,-3,1,-143
1767171774.198238,-2,2,-150
1767171774.208238,-5,0,-147
1767171774.218238,-7,0,-141
1767171774.228238,-3,-2,-144
1767171774.238238,0,-1,-149
1767171774.248238,-3,5,-141
1767171774.258238,-4,5,-136
1767171774.268238,-4,6,-147
1767171774.278238,-5,7,-151
1767171774.288238,0,2,-149
1767171774.298238,5,1,-157
1767171774.3082385,5,0,-155
1767171774.3182385,6,0,-144
1767171774.3282382,0,-1,-143
1767171774.3382382,1,2,-141
1767171774.3482382,0,4,-139
1767171774.3582382,-2,5,-143
1767171774.3682382,-2,8,-139
1767171774.3782382,0,13,-147
1767171774.3882382,0,8,-145
1767171774.3982382,-1,6,-142
1767171774.4082382,1,0,-141
1767171774.4182382,0,-1,-140
1767171774.4282382,-2,-5,-143
1767171774.438238,-3,-7,-145
1767171774.448238,-3,-9,-151
1767171774.458238,-3,-3,-148
1767171774.468238,1,0,-147
1767171774.478238,-2,3,-144
1767171774.488238,-4,0,-141
1767171774.498238,-3,0,-137
1767171774.508238,-4,1,-138
1767171774.518238,-7,-2,-139
1767171774.528238,-4,-2,-144
1767171774.538238,-2,1,-145
1767171774.548238,-2,4,-140
1767171774.5582385,-4,0,-134
1767171774.5682385,-5,0,-136
1767171774.5782382,-2,0,-132
1767171774.5882382,0,0,-139
1767171774.5982382,-5,-1,-137
1767171774.6082382,-8,-4,-137
1767171774.6182382,-5,-3,-139
1767171774.6282382,-3,-1,-145
1767171774.6382382,3,2,-152
1767171774.6482382,4,1,-153
1767171774.6582382,1,3,-152
1767171774.6682382,-1,-1,-150
1767171774.6782382,-5,-1,-146
1767171774.688238,-4,0,-140
1767171774.698238,-5,-3,-143
1767171774.708238,-3,-2,-147
1767171774.718238,-6,-3,-146
1767171774.728238,-3,-3,-147
1767171774.738238,-3,-7,-149
1767171774.748238,-5,-4,-146
1767171774.758238,-3,-1,-150
1767171774.768238,-4,0,-149
1767171774.778238,-3,0,-151
1767171774.788238,-3,6,-150
1767171774.798238,-6,8,-151
1767171774.8082385,-6,8,-146
1767171774.8182385,-7,5,-141
1767171774.8282382,-5,1,-147
1767171774.8382382,-1,-3,-140
1767171774.8482382,2,-5,-141
1767171774.8582382,2,-10,-142
1767171774.8682382,5,-13,-143
1767171774.8782382,7,-15,-141
1767171774.8882382,5,-12,-138
1767171774.8982382,2,-12,-144
1767171774.9082382,-1,-10,-147
1767171774.9182382,-2,-7,-150
1767171774.9282382,0,-5,-148
1767171774.938238,1,-4,-147
1767171774.948238,2,-2,-140
1767171774.958238,3,-4,-140
1767171774.968238,2,-6,-144
1767171774.978238,3,-3,-141
1767171774.988238,5,-2,-139
1767171774.998238,8,2,-139
1767171775.008238,10,2,-144
1767171775.018238,11,1,-147
1767171775.028238,12,-1,-142
1767171775.038238,4,0,-142
1767171775.048238,-1,-2,-139
1767171775.0582385,-2,-3,-135
1767171775.0682385,0,-3,-135
1767171775.0782382,7,0,-143
1767171775.0882382,8,-7,-148
1767171775.0982382,2,-4,-154
1767171775.1082382,1,2,-153
1767171775.1182382,0,2,-153
1767171775.1282382,-2,-2,-155
1767171775.1382382,-2,0,-151
1767171775.1482382,-1,0,-150
1767171775.1582382,0,-1,-149
1767171775.1682382,0,-2,-149
1767171775.1782382,-4,-4,-145
1767171775.188238,1,-4,-144
1767171775.198238,-1,-3,-141
1767171775.208238,-3,-3,-141
1767171775.218238,-7,-7,-148
1767171775.228238,-8,-6,-152
1767171775.238238,-5,-1,-150
1767171775.248238,-2,0,-152
1767171775.258238,-2,1,-148
1767171775.268238,1,-4,-139
1767171775.278238,3,-8,-136
1767171775.288238,-1,-2,-136
1767171775.298238,-5,-1,-135
1767171775.3082385,1,-2,-136
1767171775.3182385,3,-3,-140
1767171775.3282382,4,0,-141
1767171775.3382382,4,-5,-147
1767171775.3482382,0,-7,-144
1767171775.3582382,0,-3,-147
1767171775.3682382,-2,0,-144
1767171775.3782382,2,0,-145
1767171775.3882382,4,0,-148
1767171775.3982382,1,3,-148
1767171775.4082382,3,6,-145
1767171775.4182382,1,5,-145
1767171775.4282382,0,6,-143
1767171775.438238,-1,7,-142
1767171775.448238,0,5,-143
1767171775.458238,1,7,-147
1767171775.468238,0,3,-152
1767171775.478238,0,-2,-147
1767171775.488238,-2,-3,-146
1767171775.498238,-3,-3,-144
1767171775.508238,-4,-6,-140
1767171775.518238,1,-2,-135
1767171775.528238,2,-2,-137
1767171775.538238,5,-5,-139
1767171775.548238,5,-5,-136
1767171775.5582385,2,-6,-134
1767171775.5682385,2,-4,-132
1767171775.5782382,3,-3,-126
1767171775.5882382,5,-3,-128
1767171775.5982382,3,-2,-133
1767171775.6082382,0,-5,-138
1767171775.6182382,-3,-1,-142
1767171775.6282382,5,-1,-140
1767171775.6382382,6,-3,-142
1767171775.6482382,0,-1,-146
1767171775.6582382,0,-1,-150
1767171775.6682382,2,0,-144
1767171775.6782382,4,0,-143
1767171775.688238,3,0,-141
1767171775.698238,1,0,-144
1767171775.708238,0,-4,-140
1767171775.718238,-3,-8,-138
1767171775.728238,-5,-6,-139
1767171775.738238,-7,-7,-136
1767171775.748238,-2,-6,-140
1767171775.758238,0,-6,-138
1767171775.768238,1,-6,-139
1767171775.778238,2,-9,-138
1767171775.788238,2,-7,-145
1767171775.798238,0,-4,-147
1767171775.8082385,2,-6,-149
1767171775.8182385,0,-2,-149
1767171775.8282382,0,-6,-150
1767171775.8382382,0,-4,-150
1767171775.8482382,-1,-4,-153
1767171775.8582382,-1,-4,-149
1767171775.8682382,-2,-1,-147
1767171775.8782382,-1,-1,-147
1767171775.8882382,-5,-1,-149
1767171775.8982382,-6,0,-147
1767171775.9082382,-4,0,-141
1767171775.9182382,3,1,-142
1767171775.9282382,7,3,-146
1767171775.938238,4,3,-152
1767171775.948238,2,2,-155
1767171775.958238,3,-1,-159
1767171775.968238,7,-2,-154
1767171775.978238,4,-5,-153
1767171775.988238,1,-4,-147
1767171775.998238,-2,-6,-154
1767171776.008238,1,-2,-155
1767171776.018238,-1,-1,-154
1767171776.028238,-2,1,-149
1767171776.038238,-2,0,-148
1767171776.048238,-3,3,-148
1767171776.0582385,-3,2,-144
1767171776.0682385,-2,0,-137
1767171776.0782382,0,-2,-145
1767171776.0882382,0,0,-143
1767171776.0982382,0,0,-141
1767171776.1082382,3,-3,-136
1767171776.1182382,0,-4,-140
1767171776.1282382,-5,0,-140
1767171776.1382382,-4,0,-143
1767171776.1482382,-4,0,-139
1767171776.1582382,-4,-1,-143
1767171776.1682382,-2,-4,-146
1767171776.1782382,-4,-2,-155
1767171776.188238,-3,0,-164
1767171776.198238,-7,0,-157
1767171776.208238,-4,0,-153
1767171776.218238,-3,3,-151
1767171776.228238,-3,1,-141
1767171776.238238,0,-3,-139
1767171776.248238,1,0,-142
1767171776.258238,1,1,-144
1767171776.268238,-3,0,-138
1767171776.278238,-4,1,-141
1767171776.288238,0,1,-135
1767171776.298238,1,-1,-134
1767171776.3082385,0,-1,-138
1767171776.3182385,1,0,-138
1767171776.3282382,-5,-4,-134
1767171776.3382382,-2,0,-140
1767171776.3482382,0,2,-140
1767171776.3582382,3,6,-142
1767171776.3682382,1,2,-144
1767171776.3782382,2,1,-142
1767171776.3882382,1,6,-146
1767171776.3982382,-5,3,-141
1767171776.4082382,2,3,-136
1767171776.4182382,2,2,-138
1767171776.4282382,3,-3,-144
1767171776.438238,0,-4,-144
1767171776.448238,0,-2,-143
1767171776.459238,1,-1,-148
1767171776.468238,3,-2,-147
1767171776.478238,1,0,-150
1767171776.4892385,-1,2,-154
1767171776.4992385,-2,3,-153
1767171776.5092382,-3,1,-153
1767171776.518238,-2,0,-148
1767171776.5292382,1,3,-144
1767171776.5392382,5,3,-138
1767171776.5492382,5,1,-137
1767171776.5592382,6,-2,-144
1767171776.5692382,4,-3,-145
1767171776.5792382,0,-2,-148
1767171776.5892382,2,-4,-145
1767171776.5992382,4,-2,-144
1767171776.609238,-1,-2,-141
1767171776.619238,0,-3,-141
1767171776.629238,0,-4,-143
1767171776.639238,3,-2,-141
1767171776.649238,6,2,-143
1767171776.659238,6,0,-153
1767171776.669238,0,0,-154
1767171776.679238,-2,0,-151
1767171776.689238,1,-2,-151
1767171776.699238,1,0,-156
1767171776.709238,1,-1,-152
1767171776.719238,0,-4,-144
1767171776.7292385,0,-5,-143
1767171776.7392385,0,-7,-142
1767171776.7492385,1,-7,-142
1767171776.7592382,-2,-5,-137
1767171776.7692382,-5,-6,-142
1767171776.7792382,-3,-2,-154
1767171776.7892382,-5,-4,-153
1767171776.7992382,-7,-4,-150
1767171776.8092382,-9,0,-144
1767171776.8192382,-9,5,-144
1767171776.8292382,-8,5,-152
1767171781.863238,5,2,-141
1767171781.8712382,5,3,-143
1767171781.8812382,12,0,-145
1767171781.8912382,9,0,-146
1767171781.9012382,6,-1,-142
1767171781.9112382,0,-1,-139
1767171781.9212382,-1,1,-141
1767171781.9312382,0,1,-146
1767171781.9412382,0,1,-139
1767171781.9512382,2,1,-139
1767171781.961238,0,0,-135
1767171781.971238,-1,1,-133
1767171781.981238,0,1,-136
1767171781.991238,0,1,-132
1767171782.001238,0,1,-133
1767171782.011238,2,-1,-134
1767171782.021238,2,0,-135
1767171782.031238,0,-2,-136
1767171782.041238,-6,0,-143
1767171782.051238,-5,-1,-142
1767171782.061238,-1,0,-147
1767171782.071238,-2,0,-147
1767171782.0812385,-8,0,-150
1767171782.0912385,-11,3,-150
1767171782.1012385,-8,0,-147
1767171782.1112382,-7,0,-143
1767171782.1212382,-6,0,-136
1767171782.1312382,-2,2,-139
1767171782.1412382,-2,0,-137
1767171782.1512382,-4,2,-143
1767171782.1612382,-5,0,-148
1767171782.1712382,-2,2,-146
1767171782.1812382,-6,0,-149
1767171782.1912382,-2,1,-154
1767171782.2012382,0,3,-156
1767171782.211238,0,4,-150
1767171782.221238,0,4,-147
1767171782.231238,0,6,-150
1767171782.241238,-2,7,-142
1767171782.251238,-2,4,-136
1767171782.261238,-3,4,-139
1767171782.271238,-4,2,-144
1767171782.281238,-7,-2,-148
1767171782.291238,-5,-4,-146
1767171782.301238,-5,-3,-149
1767171782.311238,-5,2,-146
1767171782.321238,-6,3,-152
1767171782.3312385,-6,4,-156
1767171782.3412385,-3,1,-160
1767171782.3512385,-1,-2,-160
1767171782.3612382,0,0,-151
1767171782.3712382,1,-3,-152
1767171782.3812382,3,-5,-144
1767171782.3912382,3,-6,-142
1767171782.4012382,5,-3,-142
1767171782.4112382,5,-2,-148
1767171782.4212382,3,-4,-151
1767171782.4312382,4,-3,-146
1767171782.4412382,2,-2,-148
1767171782.4512382,0,1,-147
1767171782.461238,0,3,-149
1767171782.471238,-3,4,-151
1767171782.481238,-7,2,-143
1767171782.491238,-6,5,-137
1767171782.501238,-4,4,-140
1767171782.511238,-2,5,-144
1767171782.521238,-4,2,-148
1767171782.531238,-1,0,-150
1767171782.541238,0,0,-149
1767171782.551238,0,3,-150
1767171782.561238,1,6,-152
1767171782.571238,-1,3,-149
1767171782.5812385,-3,1,-146
1767171782.5912385,-3,0,-148
1767171782.6012385,-1,-1,-149
1767171782.6112382,-1,-5,-150
1767171782.6212382,1,-1,-149
1767171782.6312382,2,-2,-152
1767171782.6412382,6,-5,-154
1767171782.6512382,7,0,-146
1767171782.6612382,6,0,-152
1767171782.6712382,4,-2,-151
1767171782.6812382,5,-3,-154
1767171782.6912382,1,-4,-162
1767171782.7012382,-3,-5,-157
1767171782.711238,-1,-2,-157
1767171782.721238,-4,-1,-155
1767171782.731238,-6,-1,-153
1767171782.741238,-5,-3,-151
1767171782.751238,-6,-1,-149
1767171782.761238,-7,-2,-155
1767171782.771238,-4,-4,-153
1767171782.781238,1,-6,-153
1767171782.791238,1,-5,-149
1767171782.801238,-2,-3,-149
1767171782.811238,-5,-7,-150
1767171782.821238,-6,-7,-151
1767171782.8312385,-3,-5,-146
1767171782.8412385,-1,-5,-144
1767171782.8512385,2,-1,-139
1767171782.8612382,1,-1,-134
1767171782.8712382,4,0,-134
1767171782.8812382,3,-3,-136
1767171782.8912382,0,-4,-140
1767171782.9012382,0,-3,-135
1767171782.9112382,-1,-5,-136
1767171782.9212382,3,-5,-145
1767171782.9312382,6,-2,-145
1767171782.9412382,6,-2,-144
1767171782.9512382,4,-1,-146
1767171782.961238,0,-1,-148
1767171782.971238,-2,-2,-149
1767171782.981238,-3,-3,-149
1767171782.991238,-1,-1,-152
1767171783.001238,0,-3,-147
1767171783.011238,1,-3,-142
1767171783.021238,2,-2,-144
1767171783.031238,3,-6,-145
1767171783.041238,1,-6,-144
1767171783.051238,-3,-5,-147
1767171783.061238,-1,-3,-145
1767171783.071238,-2,-3,-147
1767171783.0812385,-3,-2,-144
1767171783.0912385,-6,-3,-145
1767171783.1012385,0,-2,-142
1767171783.1112382,2,-4,-146
1767171783.1212382,1,0,-149
1767171783.1312382,0,4,-154
1767171783.1412382,4,0,-150
1767171783.1512382,4,-1,-142
1767171783.1612382,3,-2,-138
1767171783.1712382,1,0,-138
1767171783.1812382,6,0,-138
1767171783.1912382,0,3,-145
1767171783.2012382,-2,3,-153
1767171783.211238,-1,0,-149
1767171783.221238,0,1,-146
1767171783.231238,-6,2,-139
1767171783.241238,-1,0,-138
1767171783.251238,-2,-2,-139
1767171783.261238,0,-2,-141
1767171783.271238,-4,-2,-141
1767171783.281238,-6,-3,-140
1767171783.291238,-1,-4,-141
1767171783.301238,-6,-1,-143
1767171783.311238,-11,2,-141
1767171783.321238,-13,0,-136
1767171783.3312385,-9,-3,-142
1767171783.3412385,-6,-3,-152
1767171783.3512385,-10,-2,-153
1767171783.3612382,-11,-3,-153
1767171783.3712382,-11,-5,-149
1767171783.3812382,-9,-5,-150
1767171783.3912382,1,-3,-144
1767171783.4012382,3,0,-137
1767171783.4112382,0,-1,-140
1767171783.4212382,-2,-4,-139
1767171783.4312382,-3,0,-139
1767171783.4412382,3,2,-140
1767171783.4512382,3,1,-145
1767171783.461238,0,5,-140
1767171783.471238,3,8,-144
1767171783.481238,4,6,-143
1767171783.491238,3,3,-140
1767171783.501238,1,1,-139
1767171783.511238,1,1,-141
1767171783.521238,-1,5,-142
1767171783.531238,-5,2,-136
1767171783.541238,-3,2,-138
1767171783.551238,-4,1,-139
1767171783.561238,-3,2,-141
1767171783.571238,0,2,-139
1767171783.5812385,1,0,-136
1767171783.5912385,3,-4,-148
1767171783.6012385,0,-5,-154
1767171783.6112382,-3,-3,-149
1767171783.6212382,0,-2,-150
1767171783.6312382,0,2,-158
1767171783.6412382,4,4,-156
1767171783.6512382,0,7,-149
1767171783.6612382,0,7,-145
1767171783.6712382,1,4,-149
1767171783.6812382,1,0,-155
1767171783.6912382,0,0,-156
1767171783.7012382,1,-5,-158
1767171783.711238,4,-2,-154
1767171783.721238,5,-3,-151
1767171783.731238,4,0,-142
1767171783.741238,2,-3,-140
1767171783.751238,4,-4,-134
1767171783.761238,1,-4,-138
1767171783.771238,2,-5,-138
1767171783.781238,5,-1,-136
1767171783.791238,7,-4,-142
1767171783.801238,2,-10,-150
1767171783.811238,3,-8,-147
1767171783.821238,2,-8,-142
1767171783.8312385,0,-6,-139
1767171783.8412385,0,-6,-136
1767171783.8512385,-1,-8,-134
1767171783.8612382,-4,-7,-139
1767171783.8712382,-4,-7,-145
1767171783.8812382,-1,-1,-152
1767171783.8912382,0,-2,-149
1767171783.9012382,0,-5,-148
1767171783.9112382,-4,-2,-151
1767171783.9212382,-4,-4,-151
1767171783.9312382,-3,-3,-154
1767171783.9412382,0,-3,-149
1767171783.9512382,2,-2,-151
1767171783.961238,0,-3,-151
1767171783.971238,-1,-5,-144
1767171783.981238,-4,-2,-138
1767171783.991238,-2,2,-143
1767171784.001238,-3,1,-141
1767171784.011238,-5,1,-149
1767171784.021238,-2,0,-152
1767171784.031238,2,-5,-151
1767171784.041238,3,-2,-152
1767171784.051238,3,-1,-143
1767171784.0622382,7,0,-142
1767171784.071238,7,3,-144
1767171784.0812385,5,4,-148
1767171784.0912385,1,-2,-143
1767171784.1022382,0,-6,-141
1767171784.1112382,-3,-2,-148
1767171784.1222382,-2,-3,-144
1767171784.132238,3,-2,-142
1767171784.142238,0,-1,-136
1767171784.1512382,-2,-2,-137
1767171784.162238,-1,1,-138
1767171784.172238,-1,-4,-142
1767171784.182238,0,-5,-148
1767171784.192238,1,-1,-150
1767171784.202238,1,-5,-144
1767171784.212238,1,-3,-142
1767171784.222238,2,-1,-139
1767171784.232238,4,-2,-139
1767171784.242238,4,-7,-137
1767171784.251238,0,-6,-140
1767171784.2622385,0,-6,-135
1767171784.2722385,1,-5,-137
1767171784.2822382,0,-3,-145
1767171784.2922382,0,-5,-141
1767171784.301238,-1,-3,-148
1767171784.3122382,-1,-2,-146
1767171784.3222382,0,-4,-145
1767171784.3322382,-1,-5,-144
1767171784.3422382,-2,-2,-142
1767171784.3512385,-5,-4,-146
1767171784.3622382,-5,-3,-146
1767171784.3722382,0,0,-140
1767171784.382238,-2,3,-141
1767171784.392238,-5,2,-147
1767171784.402238,-2,0,-141
1767171784.412238,-6,0,-145
1767171784.422238,-9,0,-143
1767171784.432238,-9,0,-144
1767171784.442238,-4,2,-147
1767171784.452238,-3,5,-149
1767171784.462238,-8,2,-150
1767171784.472238,-6,2,-156
1767171784.482238,-7,-1,-156
1767171784.492238,-4,0,-151
1767171784.502238,-5,1,-151
1767171784.5122385,-5,-3,-151
1767171784.5222385,-3,-4,-143
1767171784.5322382,-6,-4,-141
1767171784.5422382,-6,-7,-145
1767171784.5522382,-7,-5,-142
1767171784.5622382,-11,0,-139
1767171784.5722382,-14,1,-141
1767171784.5822382,-11,0,-135
1767171784.5922382,-7,0,-140
1767171784.6022382,-7,0,-144
1767171784.6122382,-6,-5,-143
1767171784.6222382,-4,-4,-146
1767171784.632238,-2,-3,-146
1767171784.642238,3,-4,-151
1767171784.652238,2,-8,-149
1767171784.662238,3,-7,-143
1767171784.672238,2,-10,-139
1767171784.682238,6,-9,-139
1767171784.692238,3,-6,-139
1767171784.702238,-2,-3,-141
1767171784.712238,-7,1,-144
1767171784.722238,-4,1,-139
1767171784.732238,-3,-1,-136
1767171784.742238,-3,-1,-140
1767171784.752238,-4,-3,-147
1767171784.7622385,-1,-3,-142
1767171784.7722385,-2,-4,-139
1767171784.7822382,0,-1,-138
1767171784.7922382,0,-2,-150
1767171784.8022382,-2,-4,-151
1767171784.8122382,-2,-1,-144
1767171784.8222382,-8,-1,-143
1767171784.8322382,-8,-2,-153
1767171784.8422382,-9,-4,-157
1767171784.8522382,-8,-5,-161
1767171784.8622382,-8,-10,-157
1767171784.8722382,-6,-5,-156
1767171784.882238,0,-3,-155
1767171784.892238,2,-3,-157
1767171784.902238,0,-5,-162
1767171784.912238,-4,-5,-165
1767171784.922238,-4,-2,-162
1767171784.932238,-6,0,-157
1767171784.942238,-6,0,-157
1767171784.952238,-9,0,-148
1767171784.962238,-7,1,-141
1767171784.972238,-1,4,-138
1767171784.982238,-2,1,-137
1767171784.992238,-3,-2,-140
1767171785.002238,-7,-2,-137
1767171785.0122385,-9,-2,-140
1767171785.0222385,-8,-1,-140
1767171785.0322382,-6,-5,-146
1767171785.0422382,-3,-7,-147
1767171785.0522382,-1,-5,-147
1767171785.0622382,2,-4,-145
1767171785.0722382,6,-6,-139
1767171785.0822382,6,-6,-143
1767171785.0922382,0,-3,-142
1767171785.1022382,4,-2,-149
1767171785.1122382,3,-5,-147
1767171785.1222382,-4,-8,-147
1767171785.132238,-4,-11,-146
1767171785.142238,-5,-10,-150
1767171785.152238,-7,-8,-154
1767171785.162238,-1,-8,-153
1767171785.172238,4,-4,-157
1767171785.182238,0,-5,-157
1767171785.192238,0,-5,-154
1767171785.202238,5,-7,-156
1767171785.212238,8,-9,-156
1767171785.222238,10,-9,-155
1767171785.232238,12,-6,-152
1767171785.242238,13,-5,-150
1767171785.252238,10,-4,-151
1767171785.2622385,6,-6,-151
1767171785.2722385,2,-3,-148
1767171785.2822382,0,-2,-147
1767171785.2922382,-2,-4,-146
1767171785.3022382,0,-5,-136
1767171785.3122382,-2,-1,-139
1767171785.3222382,-2,0,-146
1767171785.3322382,-3,1,-146
1767171785.3422382,-1,2,-147
1767171785.3522382,1,0,-146
1767171785.3622382,1,0,-147
1767171785.3722382,0,2,-152
1767171785.382238,4,3,-152
1767171785.392238,0,2,-152
1767171785.402238,0,-2,-152
1767171785.412238,-4,-2,-151
1767171785.422238,-1,-4,-155
1767171785.432238,2,-7,-150
1767171785.442238,-1,-7,-148
1767171785.452238,-3,-4,-145
1767171785.462238,0,-4,-151
1767171785.472238,1,-2,-149
1767171785.482238,3,-3,-152
1767171785.492238,9,0,-147
1767171785.502238,12,-3,-154
1767171785.5122385,12,-2,-153
1767171785.5222385,10,-1,-152
1767171785.5322382,6,0,-149
1767171785.5422382,2,-1,-145
1767171785.5522382,4,-5,-144
1767171785.5622382,2,-7,-142
1767171785.5722382,3,-8,-143
1767171785.5822382,2,-2,-144
1767171785.5922382,5,-2,-142
1767171785.6022382,6,-1,-145
1767171785.6122382,3,0,-146
1767171785.6222382,3,4,-145
1767171785.632238,4,6,-149
1767171785.642238,3,1,-153
1767171785.652238,3,0,-151
1767171785.662238,4,-1,-148
1767171785.672238,4,3,-148
1767171785.682238,1,3,-143
1767171785.692238,1,0,-147
1767171785.702238,0,0,-145
1767171785.712238,-2,1,-150
1767171785.722238,0,0,-150
1767171785.732238,1,-1,-151
1767171785.742238,4,-6,-150
1767171785.752238,3,-3,-145
1767171785.7622385,1,-5,-150
1767171785.7722385,0,-3,-146
1767171785.7822382,2,0,-145
1767171785.7922382,1,1,-146
1767171785.8022382,0,0,-145
1767171785.8122382,-3,1,-145
1767171785.8222382,-7,3,-142
1767171785.8322382,-6,0,-144
1767171785.8422382,-6,-1,-150
1767171785.8522382,-8,0,-152
1767171785.8622382,-12,0,-146
1767171785.8722382,-14,0,-151
1767171785.882238,-11,-2,-149
1767171785.892238,-9,2,-146
1767171785.902238,-6,3,-146
1767171785.912238,-6,5,-144
1767171785.922238,-2,3,-145
1767171785.932238,-4,1,-151
1767171785.942238,-7,-2,-152
1767171785.952238,-8,-3,-154
1767171785.962238,-6,1,-155
1767171785.972238,-6,2,-153
1767171785.982238,-2,3,-151
1767171785.992238,0,3,-149
1767171786.002238,1,2,-146
1767171786.0122385,2,8,-142
1767171786.0222385,0,10,-147
1767171786.0322382,1,9,-151
1767171786.0422382,0,9,-151
1767171786.0522382,0,7,-150
1767171786.0622382,5,4,-157
1767171786.0722382,7,2,-151
1767171786.0822382,5,0,-150
1767171786.0922382,4,1,-157
1767171786.1022382,1,1,-156
1767171786.1122382,1,2,-154
1767171786.1222382,-1,6,-148
1767171786.132238,2,1,-151
1767171786.142238,3,2,-145
1767171786.152238,7,0,-144
1767171786.162238,4,0,-144
1767171786.172238,0,0,-139
1767171786.182238,0,-3,-142
1767171786.192238,1,0,-147
1767171786.202238,0,0,-144
1767171786.212238,-3,2,-143
1767171786.222238,-6,2,-148
1767171786.232238,-1,3,-150
1767171786.242238,-2,1,-148
1767171786.252238,-1,2,-141
1767171786.2622385,-4,4,-142
1767171786.2722385,-1,3,-145
1767171786.2822382,-5,3,-148
1767171786.2922382,-2,0,-146
1767171786.3022382,-1,1,-140
1767171786.3122382,-2,0,-140
1767171786.3222382,-4,-1,-148
1767171786.3322382,0,0,-150
1767171786.3422382,-3,0,-154
1767171786.3522382,-5,-3,-159
1767171786.3622382,0,-3,-163
1767171786.3722382,3,-2,-157
1767171786.382238,0,-2,-154
1767171786.392238,1,-3,-161
1767171786.402238,-3,-1,-154
1767171786.412238,0,-1,-149
1767171786.422238,7,-4,-148
1767171786.432238,4,-5,-154
1767171786.442238,6,-1,-149
1767171786.452238,5,1,-145
1767171786.462238,1,-1,-138
1767171786.472238,0,-1,-138
1767171786.482238,-1,-3,-140
1767171786.492238,-1,-6,-140
1767171786.502238,8,-4,-146
1767171786.5122385,4,-4,-144
1767171786.5222385,3,-4,-142
1767171786.5322382,4,0,-143
1767171786.5422382,0,-1,-140
1767171786.5522382,-3,-7,-137
1767171786.5622382,-8,-8,-146
1767171786.5722382,-6,-5,-142
1767171786.5822382,-1,-5,-138
1767171786.5922382,-1,-3,-142
1767171786.6022382,-1,-2,-145
1767171786.6122382,0,-1,-137
1767171786.623238,4,-2,-139
1767171786.633238,5,0,-138
1767171786.643238,9,0,-137
1767171786.653238,11,0,-136
1767171786.663238,6,5,-139
1767171786.673238,1,2,-138
1767171786.6832385,2,0,-136
1767171786.6932385,1,-2,-136
1767171786.7032382,0,-2,-143
1767171786.7132382,-1,-2,-144
1767171786.7232382,-4,-1,-152
1767171786.7332382,-8,1,-152
1767171786.7432382,-4,2,-146
1767171786.7532382,-3,3,-146
1767171786.7632382,-6,1,-139
1767171786.7732382,-4,0,-139
1767171786.7832382,-1,0,-148
1767171786.7932382,-2,-2,-145
1767171786.8032382,-1,0,-140
1767171786.813238,-6,-3,-141
1767171786.823238,-2,-4,-144
1767171786.833238,0,-3,-142
1767171786.843238,-3,0,-143
1767171786.853238,0,-2,-145
1767171791.8872385,0,6,-146
1767171791.8952382,0,3,-144
1767171791.9052382,-3,1,-138
1767171791.915238,-3,1,-134
1767171791.925238,-5,0,-132
1767171791.935238,-1,-3,-136
1767171791.945238,0,-3,-130
1767171791.955238,0,-3,-130
1767171791.965238,1,-4,-136
1767171791.975238,5,-4,-130
1767171791.985238,6,-4,-129
1767171791.995238,5,-4,-131
1767171792.005238,8,-7,-130
1767171792.015238,8,-8,-139
1767171792.025238,6,-10,-143
1767171792.0352385,6,-7,-150
1767171792.0452385,7,-8,-155
1767171792.0552382,7,-4,-150
1767171792.0652382,4,-5,-144
1767171792.0752382,2,-5,-137
1767171792.0852382,2,-4,-141
1767171792.0952382,0,-5,-138
1767171792.1052382,-1,0,-136
1767171792.1152382,0,0,-138
1767171792.1252382,1,0,-140
1767171792.1352382,-3,0,-139
1767171792.1452382,-7,-1,-142
1767171792.1552382,-9,-4,-144
1767171792.165238,-5,-2,-144
1767171792.175238,-3,-1,-151
1767171792.185238,-3,-1,-149
1767171792.195238,-1,-1,-145
1767171792.205238,-1,0,-145
1767171792.215238,0,2,-141
1767171792.225238,1,0,-142
1767171792.235238,0,-4,-141
1767171792.245238,-1,-8,-140
1767171792.255238,0,-6,-146
1767171792.265238,1,-6,-152
1767171792.275238,0,-5,-158
1767171792.2852385,-8,-1,-148
1767171792.2952385,-3,2,-149
1767171792.3052382,0,2,-146
1767171792.3152382,0,1,-142
1767171792.3252382,-5,-1,-142
1767171792.3352382,-6,-1,-139
1767171792.3452382,-6,-7,-134
1767171792.3552382,-8,-6,-136
1767171792.3652382,-9,-6,-145
1767171792.3752382,-8,-6,-146
1767171792.3852382,-10,-2,-147
1767171792.3952382,-11,-1,-148
1767171792.4052382,-9,1,-152
1767171792.415238,-8,3,-149
1767171792.425238,-4,5,-146
1767171792.435238,-1,6,-147
1767171792.445238,-3,2,-146
1767171792.455238,-2,0,-146
1767171792.465238,-4,0,-145
1767171792.475238,-2,0,-152
1767171792.485238,-2,1,-152
1767171792.495238,-7,-2,-151
1767171792.505238,-9,-4,-148
1767171792.515238,-7,-2,-149
1767171792.525238,-7,-3,-151
1767171792.5352385,-4,-3,-153
1767171792.5452385,-3,-2,-146
1767171792.5552382,-1,-1,-141
1767171792.5652382,0,-4,-139
1767171792.5752382,0,-8,-141
1767171792.5852382,0,-8,-146
1767171792.5952382,-2,-7,-153
1767171792.6052382,0,-5,-153
1767171792.6152382,4,-1,-148
1767171792.6252382,8,-1,-152
1767171792.6352382,3,-1,-150
1767171792.6452382,1,0,-141
1767171792.6552382,-1,4,-142
1767171792.665238,-2,6,-147
1767171792.675238,-5,5,-153
1767171792.685238,-3,1,-147
1767171792.695238,-4,0,-154
1767171792.705238,-8,0,-153
1767171792.715238,-7,1,-151
1767171792.725238,-6,0,-147
1767171792.735238,-4,-1,-151
1767171792.745238,-3,-4,-150
1767171792.755238,-1,-2,-145
1767171792.765238,0,0,-144
1767171792.775238,0,-4,-149
1767171792.7852385,0,-7,-151
1767171792.7952385,0,-7,-146
1767171792.8052382,0,-10,-141
1767171792.8152382,-1,-10,-137
1767171792.8252382,2,-6,-141
1767171792.8352382,6,-8,-146
1767171792.8452382,7,-3,-144
1767171792.8552382,10,1,-139
1767171792.8652382,8,1,-143
1767171792.8752382,8,2,-148
1767171792.8852382,7,0,-150
1767171792.8952382,5,-3,-151
1767171792.9052382,4,-3,-149
1767171792.915238,3,-4,-144
1767171792.925238,0,0,-145
1767171792.935238,-4,2,-145
1767171792.945238,-4,3,-147
1767171792.955238,-2,6,-144
1767171792.965238,-1,2,-146
1767171792.975238,-2,0,-144
1767171792.985238,-4,-4,-146
1767171792.995238,0,-3,-148
1767171793.005238,-2,-3,-145
1767171793.015238,-2,0,-148
1767171793.025238,-4,-2,-148
1767171793.0352385,-3,-2,-151
1767171793.0452385,-2,-3,-144
1767171793.0552382,-2,-2,-138
1767171793.0652382,-5,2,-138
1767171793.0752382,-5,0,-141
1767171793.0852382,-5,-2,-140
1767171793.0952382,-4,-2,-145
1767171793.1052382,-4,-2,-146
1767171793.1152382,-1,-3,-147
1767171793.1252382,-1,-1,-139
1767171793.1352382,3,2,-138
1767171793.1452382,2,3,-135
1767171793.1552382,1,-1,-141
1767171793.165238,4,-4,-144
1767171793.175238,6,-2,-146
1767171793.185238,4,-6,-152
1767171793.195238,4,-5,-151
1767171793.205238,3,-3,-154
1767171793.215238,4,-1,-153
1767171793.225238,2,-1,-151
1767171793.235238,1,0,-155
1767171793.245238,0,2,-157
1767171793.255238,1,3,-150
1767171793.265238,2,3,-152
1767171793.275238,3,1,-154
1767171793.2852385,5,-2,-151
1767171793.2952385,7,-3,-149
1767171793.3052382,5,-2,-150
1767171793.3152382,5,-2,-150
1767171793.3252382,3,-3,-150
1767171793.3352382,1,-2,-145
1767171793.3452382,0,-2,-151
1767171793.3552382,2,-4,-151
1767171793.3652382,2,-2,-153
1767171793.3752382,1,-2,-155
1767171793.3852382,0,0,-154
1767171793.3952382,-3,0,-154
1767171793.4052382,-2,0,-150
1767171793.415238,-4,0,-146
1767171793.425238,-4,1,-140
1767171793.435238,-2,0,-143
1767171793.445238,-1,-4,-150
1767171793.455238,-1,-4,-155
1767171793.465238,-6,-1,-152
1767171793.475238,-8,-2,-146
1767171793.485238,-7,0,-147
1767171793.495238,-10,0,-146
1767171793.505238,-6,0,-141
1767171793.515238,-1,-1,-140
1767171793.525238,-1,-1,-137
1767171793.5352385,2,-1,-143
1767171793.5452385,2,-3,-144
1767171793.5552382,6,0,-144
1767171793.5652382,7,1,-151
1767171793.5752382,7,3,-143
1767171793.5852382,8,3,-142
1767171793.5952382,4,3,-146
1767171793.6052382,-3,4,-144
1767171793.6152382,-2,2,-147
1767171793.6252382,0,1,-155
1767171793.6352382,1,-2,-153
1767171793.6452382,0,0,-153
1767171793.6552382,0,0,-155
1767171793.665238,3,0,-153
1767171793.675238,0,-2,-153
1767171793.685238,6,-3,-151
1767171793.695238,3,-6,-152
1767171793.705238,5,-8,-151
1767171793.715238,-2,-9,-143
1767171793.725238,-4,-13,-140
1767171793.735238,-1,-9,-148
1767171793.745238,-4,-10,-148
1767171793.755238,-2,-6,-143
1767171793.765238,-1,-4,-142
1767171793.775238,0,-5,-138
1767171793.7852385,1,-6,-138
1767171793.7952385,2,-10,-141
1767171793.8052382,3,-7,-144
1767171793.8152382,8,-7,-148
1767171793.8252382,4,-6,-150
1767171793.8352382,2,-6,-150
1767171793.8452382,0,-7,-149
1767171793.8552382,0,-7,-152
1767171793.8652382,-1,-9,-155
1767171793.8752382,-1,-10,-150
1767171793.8852382,-2,-10,-145
1767171793.8952382,2,-2,-148
1767171793.9052382,0,-1,-149
1767171793.915238,-3,-5,-150
1767171793.925238,-5,-5,-151
1767171793.935238,-5,-8,-158
1767171793.945238,-5,-11,-154
1767171793.955238,-4,-12,-152
1767171793.965238,0,-11,-154
1767171793.975238,-3,-7,-154
1767171793.985238,-12,-6,-151
1767171793.995238,-10,-4,-151
1767171794.005238,-5,1,-151
1767171794.015238,-3,0,-151
1767171794.025238,0,-2,-144
1767171794.0352385,-2,-3,-138
1767171794.0452385,-3,-6,-137
1767171794.0552382,-3,-1,-144
1767171794.0652382,-2,-1,-144
1767171794.0752382,-1,1,-144
1767171794.0852382,-1,0,-147
1767171794.0952382,0,0,-145
1767171794.1052382,2,0,-145
1767171794.1152382,-2,0,-144
1767171794.1252382,-7,2,-150
1767171794.1352382,-8,1,-146
1767171794.1452382,-4,1,-145
1767171794.1552382,-1,-1,-148
1767171794.165238,-4,-1,-145
1767171794.175238,-4,0,-141
1767171794.185238,2,0,-147
1767171794.195238,2,0,-152
1767171794.2062385,2,1,-154
1767171794.2162385,1,-2,-151
1767171794.225238,-1,-5,-147
1767171794.2362382,2,-6,-138
1767171794.2462382,0,-5,-137
1767171794.2562382,2,-7,-137
1767171794.2662382,5,-9,-141
1767171794.2762382,7,-7,-147
1767171794.2862382,4,-2,-152
1767171794.2962382,4,-2,-149
1767171794.3062382,7,-5,-149
1767171794.3162382,3,-5,-139
1767171794.3262382,1,-4,-143
1767171794.336238,0,-5,-148
1767171794.346238,-5,-11,-155
1767171794.356238,-4,-10,-153
1767171794.366238,-1,-3,-149
1767171794.376238,1,0,-141
1767171794.386238,4,-1,-135
1767171794.396238,1,0,-137
1767171794.406238,-1,-1,-139
1767171794.416238,-5,0,-140
1767171794.426238,-5,-4,-141
1767171794.436238,-5,4,-136
1767171794.446238,-4,5,-140
1767171794.4562385,-2,0,-142
1767171794.4662385,-6,-1,-143
1767171794.4762385,-3,-4,-147
1767171794.4862382,-1,-3,-149
1767171794.4962382,-4,-5,-148
1767171794.5062382,-2,-5,-147
1767171794.5162382,0,-1,-146
1767171794.5262382,3,4,-146
1767171794.5362382,3,6,-149
1767171794.5462382,5,2,-147
1767171794.5562382,9,0,-146
1767171794.5662382,4,0,-146
1767171794.5762382,4,3,-150
1767171794.586238,0,2,-153
1767171794.596238,1,1,-155
1767171794.606238,2,3,-154
1767171794.616238,6,0,-154
1767171794.626238,4,2,-148
1767171794.636238,7,3,-147
1767171794.646238,6,0,-146
1767171794.656238,6,-3,-141
1767171794.666238,-2,0,-132
1767171794.676238,-3,1,-130
1767171794.686238,-3,2,-131
1767171794.696238,-2,7,-134
1767171794.7062385,-1,2,-136
1767171794.7162385,-2,0,-139
1767171794.7262385,2,1,-139
1767171794.7362382,3,2,-142
1767171794.7462382,-2,2,-142
1767171794.7562382,0,0,-144
1767171794.7662382,-3,-1,-143
1767171794.7762382,-4,-2,-141
1767171794.7862382,1,1,-147
1767171794.7962382,1,2,-151
1767171794.8062382,0,1,-152
1767171794.8162382,1,0,-148
1767171794.8262382,0,0,-140
1767171794.836238,0,0,-135
1767171794.846238,0,-3,-141
1767171794.856238,3,-2,-138
1767171794.866238,1,-1,-142
1767171794.876238,2,-1,-140
1767171794.886238,0,0,-139
1767171794.896238,-2,2,-136
1767171794.906238,0,3,-142
1767171794.916238,1,2,-143
1767171794.926238,0,0,-140
1767171794.936238,-2,0,-150
1767171794.946238,-3,0,-153
1767171794.9562385,-3,-6,-147
1767171794.9662385,-1,-7,-145
1767171794.9762385,0,-7,-147
1767171794.9862382,-1,-2,-137
1767171794.9962382,1,-1,-137
1767171795.0062382,-1,-4,-144
1767171795.0162382,0,-4,-141
1767171795.0262382,0,-3,-140
1767171795.0362382,4,-7,-136
1767171795.0462382,2,-8,-141
1767171795.0562382,1,-8,-141
1767171795.0662382,0,-9,-139
1767171795.0762382,2,-4,-138
1767171795.086238,1,-1,-146
1767171795.096238,1,-1,-148
1767171795.106238,1,3,-146
1767171795.116238,-1,3,-143
1767171795.126238,-2,1,-143
1767171795.136238,-6,-3,-145
1767171795.146238,-5,-2,-145
1767171795.156238,-2,-4,-146
1767171795.166238,0,-3,-141
1767171795.176238,1,0,-138
1767171795.186238,3,1,-138
1767171795.196238,3,7,-142
1767171795.2062385,1,8,-139
1767171795.2162385,2,5,-141
1767171795.2262385,-1,2,-145
1767171795.2362382,0,-2,-150
1767171795.2462382,-1,-2,-146
1767171795.2562382,-2,-4,-136
1767171795.2662382,-2,-3,-140
1767171795.2762382,0,-2,-140
1767171795.2862382,-4,-1,-142
1767171795.2962382,-7,0,-143
1767171795.3062382,-5,-1,-144
1767171795.3162382,-2,-4,-152
1767171795.3262382,-3,-4,-142
1767171795.336238,-4,-2,-143
1767171795.346238,-5,-2,-145
1767171795.356238,-3,-1,-144
1767171795.366238,-3,-1,-151
1767171795.376238,1,-5,-147
1767171795.386238,4,-3,-148
1767171795.396238,1,-1,-148
1767171795.406238,-4,0,-144
1767171795.416238,-6,-2,-137
1767171795.426238,-5,0,-132
1767171795.436238,-5,-1,-134
1767171795.446238,-3,-4,-140
1767171795.4562385,-3,-3,-137
1767171795.4662385,-2,-4,-135
1767171795.4762385,0,-3,-136
1767171795.4862382,1,1,-131
1767171795.4962382,4,2,-137
1767171795.5062382,1,0,-141
1767171795.5162382,-3,-1,-146
1767171795.5262382,0,-1,-146
1767171795.5362382,5,-4,-142
1767171795.5462382,0,-5,-145
1767171795.5562382,-1,-4,-149
1767171795.5662382,-2,-5,-150
1767171795.5762382,-2,-6,-146
1767171795.586238,-3,-5,-149
1767171795.596238,-5,-4,-140
1767171795.606238,0,-5,-133
1767171795.616238,0,-3,-135
1767171795.626238,-2,-6,-134
1767171795.636238,0,-5,-130
1767171795.646238,0,-3,-126
1767171795.656238,0,0,-126
1767171795.666238,-2,-1,-136
1767171795.676238,0,-2,-134
1767171795.686238,-1,-1,-136
1767171795.696238,-2,0,-139
1767171795.7062385,-1,2,-138
1767171795.7162385,-1,2,-139
1767171795.7262385,-2,1,-137
1767171795.7362382,2,0,-135
1767171795.7462382,0,2,-137
1767171795.7562382,2,2,-137
1767171795.7662382,1,1,-139
1767171795.7762382,5,0,-144
1767171795.7862382,6,0,-137
1767171795.7962382,2,-4,-141
1767171795.8062382,3,-5,-143
1767171795.8162382,1,-7,-150
1767171795.8262382,3,0,-145
1767171795.836238,-1,-1,-144
1767171795.846238,-7,-3,-153
1767171795.856238,-9,-6,-149
1767171795.866238,-5,-6,-145
1767171795.876238,-4,-7,-141
1767171795.886238,-3,-8,-141
1767171795.896238,-1,-7,-145
1767171795.906238,0,-3,-151
1767171795.916238,0,-4,-147
1767171795.926238,0,-5,-141
1767171795.936238,-1,-4,-147
1767171795.946238,-3,-7,-148
1767171795.9562385,-4,-12,-149
1767171795.9662385,-7,-6,-147
1767171795.9762385,-7,-1,-145
1767171795.9862382,-9,1,-143
1767171795.9962382,-11,-3,-146
1767171796.0062382,-10,-5,-149
1767171796.0162382,-7,-1,-145
1767171796.0262382,-3,0,-142
1767171796.0362382,-8,-1,-145
1767171796.0462382,-4,1,-146
1767171796.0562382,-1,3,-145
1767171796.0662382,0,1,-135
1767171796.0762382,4,2,-133
1767171796.086238,0,5,-140
1767171796.096238,0,4,-135
1767171796.106238,3,0,-137
1767171796.116238,4,-1,-143
1767171796.126238,5,-7,-136
1767171796.136238,5,-6,-142
1767171796.146238,3,-7,-144
1767171796.156238,5,-5,-148
1767171796.166238,4,-8,-144
1767171796.176238,0,-10,-146
1767171796.186238,-1,-8,-139
1767171796.196238,0,-4,-138
1767171796.2062385,1,-3,-142
1767171796.2162385,0,-4,-150
1767171796.2262385,1,-5,-144
1767171796.2362382,-1,-5,-136
1767171796.2462382,-1,-3,-136
1767171796.2562382,-1,0,-139
1767171796.2662382,-2,3,-138
1767171796.2762382,0,1,-141
1767171796.2862382,0,2,-135
1767171796.2962382,1,2,-131
1767171796.3062382,-3,3,-134
1767171796.3162382,-5,2,-138
1767171796.3262382,-4,0,-138
1767171796.336238,-5,0,-135
1767171796.346238,-3,0,-131
1767171796.356238,0,-1,-132
1767171796.366238,3,0,-141
1767171796.376238,1,0,-146
1767171796.386238,-3,1,-138
1767171796.396238,1,0,-141
1767171796.406238,6,-4,-144
1767171796.416238,8,-6,-140
1767171796.426238,3,-4,-138
1767171796.436238,-2,-3,-140
1767171796.446238,0,-2,-138
1767171796.4562385,-3,-2,-143
1767171796.4662385,-2,0,-148
1767171796.4762385,-6,-1,-146
1767171796.4862382,-7,-2,-140
1767171796.4962382,-6,0,-145
1767171796.5062382,-4,-3,-144
1767171796.5162382,-6,-4,-144
1767171796.5262382,-4,-3,-145
1767171796.5362382,-4,-1,-150
1767171796.5462382,-4,0,-151
1767171796.5562382,-3,3,-147
1767171796.5662382,0,2,-145
1767171796.5762382,3,2,-143
1767171796.586238,1,0,-146
1767171796.596238,0,5,-144
1767171796.606238,-2,5,-145
1767171796.616238,-6,4,-143
1767171796.626238,-4,0,-139
1767171796.636238,-3,-3,-147
1767171796.6472385,-2,-5,-143
1767171796.656238,-6,-4,-141
1767171796.666238,-5,-4,-153
1767171796.676238,-8,3,-148
1767171796.686238,-4,1,-145
1767171796.696238,-1,3,-148
1767171796.7072382,1,-1,-155
1767171796.7172382,2,-4,-164
1767171796.7262385,1,-5,-165
1767171796.7372382,3,-4,-157
1767171796.7462382,0,-6,-150
1767171796.757238,-4,-8,-144
1767171796.767238,-2,-10,-145
1767171796.777238,0,-10,-155
1767171796.787238,1,-3,-155
1767171796.797238,4,-5,-155
1767171796.807238,5,-3,-156
1767171796.817238,2,-3,-153
1767171796.827238,1,-4,-159
1767171796.837238,1,-2,-159
1767171796.846238,2,-5,-155
1767171796.857238,1,-2,-157
1767171796.867238,1,-4,-153
1767171796.877238,1,-1,-151
1767171801.9102385,0,1,-149
1767171801.9182382,2,0,-149
1767171801.929238,5,1,-143
1767171801.939238,0,0,-147
1767171801.949238,-2,-3,-150
1767171801.959238,0,-9,-148
1767171801.969238,4,-8,-147
1767171801.9792385,5,-6,-148
1767171801.9892385,8,-4,-151
1767171801.9992385,5,-6,-152
1767171802.0092382,4,-5,-151
1767171802.0192382,3,-7,-144
1767171802.0292382,7,-6,-136
1767171802.0392382,7,-2,-134
1767171802.0492382,6,3,-138
1767171802.0592382,7,1,-148
1767171802.0692382,3,-2,-148
1767171802.0792382,3,-4,-144
1767171802.0892382,1,0,-141
1767171802.0992382,0,-1,-133
1767171802.109238,4,0,-143
1767171802.119238,0,-2,-142
1767171802.129238,0,-1,-142
1767171802.139238,0,1,-145
1767171802.149238,0,-4,-143
1767171802.159238,-3,-3,-147
1767171802.169238,-6,-2,-150
1767171802.179238,-1,0,-153
1767171802.189238,-2,0,-149
1767171802.199238,-3,1,-148
1767171802.209238,-2,-1,-152
1767171802.219238,-2,0,-153
1767171802.2292385,-8,0,-152
1767171802.2392385,-7,0,-149
1767171802.2492385,-7,2,-153
1767171802.2592382,-6,4,-146
1767171802.2692382,-6,3,-150
1767171802.2792382,-8,7,-150
1767171802.2892382,-4,6,-151
1767171802.2992382,-1,2,-147
1767171802.3092382,0,1,-146
1767171802.3192382,3,0,-147
1767171802.3292382,0,-5,-146
1767171802.3392382,0,-3,-140
1767171802.3492382,1,1,-135
1767171802.359238,2,1,-133
1767171802.369238,1,3,-138
1767171802.379238,2,2,-137
1767171802.389238,4,1,-138
1767171802.399238,2,1,-139
1767171802.409238,2,-2,-135
1767171802.419238,2,-3,-135
1767171802.429238,1,-7,-135
1767171802.439238,2,-3,-144
1767171802.449238,1,1,-146
1767171802.459238,6,4,-149
1767171802.469238,5,2,-158
1767171802.4792385,3,0,-154
1767171802.4892385,-3,-2,-154
1767171802.4992385,-6,0,-154
1767171802.5092382,-3,0,-153
1767171802.5192382,-2,0,-151
1767171802.5292382,-2,-3,-146
1767171802.5392382,2,-2,-147
1767171802.5492382,0,-6,-154
1767171802.5592382,4,-4,-159
1767171802.5692382,6,-2,-163
1767171802.5792382,1,-2,-158
1767171802.5892382,0,-3,-160
1767171802.5992382,-2,-1,-157
1767171802.609238,1,-3,-155
1767171802.619238,3,1,-153
1767171802.629238,-1,1,-152
1767171802.639238,-1,-4,-155
1767171802.649238,-3,-3,-151
1767171802.659238,-1,-1,-147
1767171802.669238,1,-2,-147
1767171802.679238,6,-2,-145
1767171802.689238,0,0,-144
1767171802.699238,2,0,-148
1767171802.709238,0,0,-139
1767171802.719238,2,-1,-136
1767171802.7292385,2,-3,-133
1767171802.7392385,1,-3,-128
1767171802.7492385,3,-3,-129
1767171802.7592382,6,0,-130
1767171802.7692382,5,3,-134
1767171802.7792382,5,1,-136
1767171802.7892382,1,5,-146
1767171802.7992382,3,3,-144
1767171802.8092382,-3,3,-145
1767171802.8192382,-2,0,-149
1767171802.8292382,-1,2,-147
1767171802.8392382,-3,3,-140
1767171802.8492382,-2,3,-141
1767171802.859238,-4,0,-138
1767171802.869238,-7,-3,-139
1767171802.879238,-3,-2,-143
1767171802.889238,-2,-6,-143
1767171802.899238,0,-3,-141
1767171802.909238,-3,-3,-140
1767171802.919238,-5,-3,-136
1767171802.929238,-4,2,-137
1767171802.939238,-3,4,-134
1767171802.949238,-3,1,-134
1767171802.959238,-2,-1,-136
1767171802.969238,-4,-2,-138
1767171802.9792385,-1,-1,-137
1767171802.9892385,-2,-4,-141
1767171802.9992385,1,-3,-137
1767171803.0092382,2,-2,-139
1767171803.0192382,1,-1,-142
1767171803.0292382,4,0,-146
1767171803.0392382,0,2,-146
1767171803.0492382,0,1,-147
1767171803.0592382,-3,-2,-142
1767171803.0692382,-4,0,-141
1767171803.0792382,-6,0,-140
1767171803.0892382,-8,1,-139
1767171803.0992382,-5,2,-140
1767171803.109238,-6,-1,-147
1767171803.119238,-7,0,-144
1767171803.129238,-8,0,-144
1767171803.139238,-6,-4,-146
1767171803.149238,-5,-3,-148
1767171803.159238,-5,-3,-144
1767171803.169238,-7,1,-143
1767171803.179238,-10,5,-148
1767171803.189238,-11,0,-152
1767171803.199238,-10,-1,-147
1767171803.209238,-8,-1,-140
1767171803.219238,-7,-2,-138
1767171803.2292385,-4,-4,-139
1767171803.2392385,-2,-5,-134
1767171803.2492385,-5,-3,-139
1767171803.2592382,-3,-1,-139
1767171803.2692382,-2,-3,-136
1767171803.2792382,0,0,-135
1767171803.2892382,-1,1,-137
1767171803.2992382,-2,0,-136
1767171803.3092382,-3,0,-140
1767171803.3192382,-4,2,-136
1767171803.3292382,-3,2,-139
1767171803.3392382,-2,4,-136
1767171803.3492382,-4,2,-133
1767171803.359238,-3,2,-129
1767171803.369238,-8,2,-128
1767171803.379238,-9,5,-131
1767171803.389238,-8,4,-130
1767171803.399238,-9,3,-132
1767171803.409238,-9,0,-134
1767171803.419238,-9,-1,-135
1767171803.429238,-6,-1,-146
1767171803.439238,-7,1,-149
1767171803.449238,-5,-1,-150
1767171803.459238,-4,-3,-150
1767171803.469238,-1,-5,-144
1767171803.4792385,0,-2,-140
1767171803.4892385,2,-3,-149
1767171803.4992385,4,0,-151
1767171803.5092382,3,0,-154
1767171803.5192382,-1,0,-158
1767171803.5292382,0,0,-156
1767171803.5392382,-2,-2,-158
1767171803.5492382,-1,-6,-159
1767171803.5592382,0,-7,-157
1767171803.5692382,-1,-5,-150
1767171803.5792382,0,-2,-152
1767171803.5892382,-3,0,-155
1767171803.5992382,-5,-1,-157
1767171803.609238,-6,0,-151
1767171803.619238,-2,0,-146
1767171803.629238,0,-3,-144
1767171803.639238,-3,-2,-142
1767171803.649238,3,0,-140
1767171803.659238,2,-4,-137
1767171803.669238,2,-5,-146
1767171803.679238,3,-2,-140
1767171803.689238,1,2,-147
1767171803.699238,5,5,-152
1767171803.709238,4,6,-151
1767171803.719238,4,1,-152
1767171803.7292385,2,-5,-150
1767171803.7392385,-3,-5,-151
1767171803.7492385,-2,-6,-146
1767171803.7592382,-1,-6,-148
1767171803.7692382,-1,-11,-144
1767171803.7792382,-2,-13,-138
1767171803.7892382,-1,-15,-142
1767171803.7992382,-1,-14,-142
1767171803.8092382,-1,-11,-139
1767171803.8192382,1,-5,-139
1767171803.8292382,1,-2,-136
1767171803.8392382,1,0,-131
1767171803.8492382,0,0,-136
1767171803.859238,-2,-2,-140
1767171803.869238,0,-3,-144
1767171803.879238,1,-4,-149
1767171803.889238,0,-7,-151
1767171803.899238,-4,-5,-150
1767171803.909238,-3,-8,-154
1767171803.919238,-1,-5,-160
1767171803.929238,-2,-7,-159
1767171803.939238,0,-6,-156
1767171803.949238,-1,-4,-155
1767171803.959238,2,-2,-160
1767171803.969238,-1,-1,-159
1767171803.9792385,-5,0,-156
1767171803.9892385,-3,1,-144
1767171803.9992385,-3,0,-141
1767171804.0092382,-10,2,-135
1767171804.0192382,-8,-1,-139
1767171804.0292382,-7,-1,-141
1767171804.0392382,-6,-1,-137
1767171804.0492382,-6,-1,-138
1767171804.0592382,-1,-4,-135
1767171804.0692382,0,-4,-130
1767171804.0792382,0,-3,-122
1767171804.0892382,-1,-3,-127
1767171804.0992382,-2,-1,-132
1767171804.109238,-5,3,-138
1767171804.119238,-8,2,-144
1767171804.129238,-5,0,-146
1767171804.139238,-3,-5,-144
1767171804.149238,-1,-10,-143
1767171804.159238,0,-6,-145
1767171804.169238,-3,-6,-142
1767171804.179238,-3,-1,-140
1767171804.189238,0,0,-141
1767171804.199238,6,-4,-142
1767171804.209238,4,-3,-149
1767171804.219238,0,-1,-147
1767171804.2292385,4,-6,-144
1767171804.2392385,-1,-5,-149
1767171804.2492385,-5,-3,-149
1767171804.2592382,-8,-8,-144
1767171804.2692382,-3,-8,-145
1767171804.2792382,-3,-9,-139
1767171804.290238,-7,-9,-146
1767171804.300238,-7,-6,-154
1767171804.3092382,-4,-5,-154
1767171804.3192382,-1,0,-153
1767171804.330238,3,-2,-152
1767171804.340238,0,-1,-147
1767171804.350238,-3,-1,-143
1767171804.359238,-4,-1,-137
1767171804.370238,0,-3,-139
1767171804.380238,2,-1,-138
1767171804.390238,0,0,-132
1767171804.400238,0,-1,-132
1767171804.409238,-6,-3,-133
1767171804.4202385,-8,-3,-138
1767171804.4302382,-7,-5,-142
1767171804.4402382,-2,-3,-154
1767171804.4502382,0,-9,-152
1767171804.459238,5,-8,-152
1767171804.4702382,10,-7,-147
1767171804.4802382,7,-7,-144
1767171804.4902382,7,-3,-144
1767171804.5002382,7,-2,-142
1767171804.5092382,3,-6,-140
1767171804.5202382,7,-5,-140
1767171804.5302382,5,-5,-141
1767171804.540238,0,-7,-139
1767171804.550238,1,-10,-141
1767171804.560238,2,-7,-145
1767171804.570238,1,-11,-149
1767171804.580238,0,-10,-147
1767171804.590238,2,-5,-149
1767171804.600238,2,-1,-150
1767171804.610238,-2,1,-148
1767171804.620238,1,1,-145
1767171804.630238,4,0,-151
1767171804.640238,8,0,-146
1767171804.650238,6,1,-147
1767171804.6602385,5,2,-150
1767171804.6702385,5,6,-140
1767171804.6802382,8,6,-140
1767171804.6902382,2,4,-145
1767171804.7002382,2,1,-148
1767171804.7102382,3,-1,-147
1767171804.7202382,5,-5,-149
1767171804.7302382,5,-6,-146
1767171804.7402382,1,-6,-146
1767171804.7502382,0,-3,-142
1767171804.7602382,6,-6,-137
1767171804.7702382,8,-6,-140
1767171804.7802382,11,-3,-140
1767171804.790238,11,1,-144
1767171804.800238,12,2,-142
1767171804.810238,15,-1,-141
1767171804.820238,13,-7,-137
1767171804.830238,11,-7,-137
1767171804.840238,9,-7,-138
1767171804.850238,8,-5,-145
1767171804.860238,4,-5,-152
1767171804.870238,1,-4,-149
1767171804.880238,1,-6,-147
1767171804.890238,7,-6,-148
1767171804.900238,4,-6,-143
1767171804.9102385,0,-5,-140
1767171804.9202385,-5,-6,-139
1767171804.9302382,-5,-1,-143
1767171804.9402382,-4,-3,-149
1767171804.9502382,-4,-4,-150
1767171804.9602382,-4,-3,-156
1767171804.9702382,-2,-5,-155
1767171804.9802382,0,-8,-158
1767171804.9902382,-1,-9,-153
1767171805.0002382,-2,-5,-149
1767171805.0102382,-1,-7,-145
1767171805.0202382,-5,-6,-141
1767171805.0302382,-1,-6,-144
1767171805.040238,0,-7,-138
1767171805.050238,2,-5,-136
1767171805.060238,0,-3,-131
1767171805.070238,1,-1,-132
1767171805.080238,1,1,-137
1767171805.090238,0,-4,-140
1767171805.100238,4,-6,-139
1767171805.110238,4,-4,-146
1767171805.120238,3,-5,-149
1767171805.130238,6,-5,-149
1767171805.140238,6,-5,-154
1767171805.150238,3,-2,-157
1767171805.1602385,0,-7,-163
1767171805.1702385,0,-5,-160
1767171805.1802382,1,-3,-159
1767171805.1902382,0,-3,-157
1767171805.2002382,-1,-1,-155
1767171805.2102382,-3,0,-151
1767171805.2202382,-2,2,-144
1767171805.2302382,-1,4,-139
1767171805.2402382,-4,3,-137
1767171805.2502382,-4,-2,-136
1767171805.2602382,-3,-3,-133
1767171805.2702382,0,-7,-133
1767171805.2802382,2,-6,-138
1767171805.290238,0,-4,-141
1767171805.300238,-1,-4,-140
1767171805.310238,-1,-5,-141
1767171805.320238,-1,-3,-139
1767171805.330238,0,-3,-142
1767171805.340238,5,-8,-140
1767171805.350238,4,-7,-142
1767171805.360238,-2,-1,-139
1767171805.370238,-3,1,-144
1767171805.380238,0,2,-142
1767171805.390238,0,2,-139
1767171805.400238,0,-1,-142
1767171805.4102385,-1,-8,-143
1767171805.4202385,-1,-11,-148
1767171805.4302382,-2,-5,-147
1767171805.4402382,-3,-3,-148
1767171805.4502382,-4,0,-153
1767171805.4602382,-1,6,-147
1767171805.4702382,1,5,-141
1767171805.4802382,1,2,-138
1767171805.4902382,0,3,-139
1767171805.5002382,0,0,-143
1767171805.5102382,0,2,-148
1767171805.5202382,0,5,-148
1767171805.5302382,0,3,-152
1767171805.540238,4,1,-152
1767171805.550238,7,0,-141
1767171805.560238,3,-1,-143
1767171805.570238,2,-4,-146
1767171805.580238,-2,-2,-149
1767171805.590238,0,0,-147
1767171805.600238,3,0,-148
1767171805.610238,8,-4,-152
1767171805.620238,3,-6,-148
1767171805.630238,-6,-7,-146
1767171805.640238,-7,-3,-152
1767171805.650238,-5,1,-148
1767171805.6602385,-5,0,-145
1767171805.6702385,-2,-5,-139
1767171805.6802382,0,-4,-139
1767171805.6902382,1,-4,-137
1767171805.7002382,1,-6,-139
1767171805.7102382,2,-7,-139
1767171805.7202382,3,-8,-144
1767171805.7302382,0,-7,-143
1767171805.7402382,1,-3,-133
1767171805.7502382,0,0,-134
1767171805.7602382,1,4,-141
1767171805.7702382,5,2,-140
1767171805.7802382,1,4,-134
1767171805.790238,-3,3,-132
1767171805.800238,-3,2,-135
1767171805.810238,0,0,-136
1767171805.820238,-3,-4,-139
1767171805.830238,3,-3,-139
1767171805.840238,7,-5,-137
1767171805.850238,8,-8,-139
1767171805.860238,8,-7,-142
1767171805.870238,10,-3,-141
1767171805.880238,4,-3,-133
1767171805.890238,7,-4,-134
1767171805.900238,8,-3,-140
1767171805.9102385,5,-1,-139
1767171805.9202385,4,-4,-139
1767171805.9302382,3,-3,-143
1767171805.9402382,3,-6,-143
1767171805.9502382,5,-5,-150
1767171805.9602382,-1,-3,-155
1767171805.9702382,0,0,-155
1767171805.9802382,-4,3,-155
1767171805.9902382,-8,1,-151
1767171806.0002382,-7,-1,-152
1767171806.0102382,-8,-2,-149
1767171806.0202382,-5,-4,-149
1767171806.0302382,-5,-5,-150
1767171806.040238,-6,-6,-146
1767171806.050238,-6,-4,-151
1767171806.060238,-4,-4,-147
1767171806.070238,-2,0,-139
1767171806.080238,2,1,-140
1767171806.090238,1,1,-136
1767171806.100238,0,2,-142
1767171806.110238,-3,5,-147
1767171806.120238,-4,3,-155
1767171806.130238,-6,4,-155
1767171806.140238,0,6,-154
1767171806.150238,0,6,-155
1767171806.1602385,1,5,-144
1767171806.1702385,2,4,-148
1767171806.1802382,0,5,-143
1767171806.1902382,0,2,-138
1767171806.2002382,2,3,-136
1767171806.2102382,3,2,-130
1767171806.2202382,3,1,-130
1767171806.2302382,4,-4,-137
1767171806.2402382,0,-8,-138
1767171806.2502382,4,-8,-139
1767171806.2602382,3,-7,-136
1767171806.2702382,3,-5,-135
1767171806.2802382,3,-5,-141
1767171806.290238,1,-2,-140
1767171806.300238,2,0,-145
1767171806.310238,0,1,-146
1767171806.320238,0,3,-143
1767171806.330238,6,2,-149
1767171806.340238,5,-5,-143
1767171806.350238,9,-9,-151
1767171806.360238,7,-9,-150
1767171806.370238,5,-9,-146
1767171806.380238,6,-8,-149
1767171806.390238,6,-2,-149
1767171806.400238,7,0,-154
1767171806.4102385,4,-3,-152
1767171806.4202385,1,-9,-157
1767171806.4302382,5,-7,-156
1767171806.4402382,5,0,-157
1767171806.4502382,-2,-1,-156
1767171806.4602382,-5,0,-142
1767171806.4702382,-4,-1,-140
1767171806.4802382,-1,-5,-139
1767171806.4902382,-1,-8,-137
1767171806.5002382,3,-8,-138
1767171806.5102382,3,-5,-135
1767171806.5202382,3,-6,-129
1767171806.5302382,4,-4,-132
1767171806.540238,2,0,-138
1767171806.550238,3,-3,-144
1767171806.560238,4,-3,-147
1767171806.570238,0,-3,-152
1767171806.580238,4,-4,-145
1767171806.590238,-2,-4,-140
1767171806.600238,-6,-5,-139
1767171806.610238,-3,-5,-142
1767171806.620238,-5,-3,-137
1767171806.630238,-6,-6,-142
1767171806.640238,-10,-8,-141
1767171806.650238,-10,-9,-146
1767171806.6602385,-10,-12,-141
1767171806.6702385,-6,-9,-145
1767171806.6802382,-4,-6,-150
1767171806.6902382,-3,-6,-155
1767171806.7002382,-1,-6,-147
1767171806.7102382,0,-2,-152
1767171806.7202382,0,4,-153
1767171806.7302382,3,4,-153
1767171806.7402382,2,-3,-153
1767171806.7502382,-1,-5,-152
1767171806.7602382,-1,-5,-151
1767171806.7702382,-5,-4,-148
1767171806.7802382,-6,-5,-150
1767171806.790238,-8,-4,-145
1767171806.801238,-4,-3,-150
1767171806.810238,-2,-6,-149
1767171806.820238,-1,-6,-148
1767171806.8312385,3,-2,-149
1767171806.8412385,3,0,-148
1767171806.8512385,-1,-1,-141
1767171806.8612382,-5,-1,-141
1767171806.8712382,-6,-2,-142
1767171806.8812382,-2,0,-146
1767171806.8912382,-5,0,-144
1767171806.9012382,-1,0,-146
1767171811.935238,-2,-3,-140
1767171811.9432385,-1,-4,-137
1767171811.9532382,-4,-6,-138
1767171811.9632382,-5,-1,-141
1767171811.9732382,-4,3,-140
1767171811.9832382,-1,4,-143
1767171811.9932382,1,1,-149
1767171812.0032382,3,-1,-146
1767171812.0132382,0,0,-144
1767171812.0232382,0,-1,-150
1767171812.0332382,1,-7,-143
1767171812.0432382,1,-9,-147
1767171812.0532382,6,-8,-152
1767171812.063238,2,-5,-155
1767171812.073238,7,-4,-153
1767171812.083238,5,-4,-154
1767171812.093238,7,-4,-151
1767171812.103238,4,-4,-146
1767171812.113238,6,-4,-141
1767171812.123238,4,-6,-141
1767171812.133238,3,1,-143
1767171812.143238,0,1,-137
1767171812.153238,-1,2,-133
1767171812.163238,-4,2,-130
1767171812.173238,-1,4,-138
1767171812.1832385,-5,0,-141
1767171812.1932385,-5,-3,-145
1767171812.2032382,-2,-4,-143
1767171812.2132382,-2,-3,-144
1767171812.2232382,0,-5,-145
1767171812.2332382,-2,-2,-143
1767171812.2432382,-2,-5,-142
1767171812.2532382,1,-4,-143
1767171812.2632382,0,-5,-142
1767171812.2732382,0,-6,-145
1767171812.2832382,0,-2,-150
1767171812.2932382,0,-3,-140
1767171812.3032382,2,0,-146
1767171812.313238,1,-6,-143
1767171812.323238,3,-8,-139
1767171812.333238,2,-7,-141
1767171812.343238,2,-9,-138
1767171812.353238,3,-7,-142
1767171812.363238,7,-7,-149
1767171812.373238,0,-1,-144
1767171812.383238,-2,-2,-149
1767171812.393238,-6,-3,-146
1767171812.403238,-8,-6,-138
1767171812.413238,-6,-5,-138
1767171812.423238,-5,-5,-141
1767171812.4332385,-5,-6,-145
1767171812.4432385,0,-3,-145
1767171812.4532382,1,-3,-144
1767171812.4632382,-1,-1,-142
1767171812.4732382,-3,-2,-137
1767171812.4832382,-2,0,-141
1767171812.4932382,-1,-1,-136
1767171812.5032382,0,-3,-140
1767171812.5132382,-2,0,-148
1767171812.5232382,0,-1,-147
1767171812.5332382,-2,-1,-143
1767171812.5432382,-7,-6,-145
1767171812.5532382,-4,-5,-140
1767171812.563238,-4,-6,-140
1767171812.573238,-3,-6,-136
1767171812.583238,-3,-5,-142
1767171812.593238,-7,-4,-141
1767171812.603238,-10,-6,-138
1767171812.613238,-9,0,-143
1767171812.623238,-4,-1,-142
1767171812.633238,-6,0,-142
1767171812.643238,-6,-1,-149
1767171812.653238,-4,0,-151
1767171812.663238,3,-2,-155
1767171812.673238,1,-2,-152
1767171812.6832385,-1,-1,-149
1767171812.6932385,0,2,-144
1767171812.7032382,5,2,-144
1767171812.7132382,3,2,-138
1767171812.7232382,3,0,-142
1767171812.7332382,0,3,-149
1767171812.7432382,5,0,-156
1767171812.7532382,6,-2,-156
1767171812.7632382,4,-2,-158
1767171812.7732382,2,0,-157
1767171812.7832382,0,-4,-156
1767171812.7932382,1,-5,-156
1767171812.8032382,0,-4,-152
1767171812.813238,-1,-5,-153
1767171812.823238,-5,-9,-147
1767171812.833238,-6,-9,-143
1767171812.843238,-3,-7,-139
1767171812.853238,-1,-8,-138
1767171812.863238,0,-8,-142
1767171812.873238,2,-10,-139
1767171812.883238,1,-10,-138
1767171812.893238,1,-10,-146
1767171812.903238,5,-8,-156
1767171812.913238,3,-6,-152
1767171812.923238,0,-4,-145
1767171812.9332385,-1,-4,-151
1767171812.9432385,0,-4,-152
1767171812.9532382,-1,-1,-154
1767171812.9632382,-3,0,-148
1767171812.9732382,-5,1,-144
1767171812.9832382,-1,0,-141
1767171812.9932382,-1,-2,-140
1767171813.0032382,-2,-1,-142
1767171813.0132382,-5,0,-142
1767171813.0232382,-4,1,-141
1767171813.0332382,-3,0,-147
1767171813.0432382,-3,0,-150
1767171813.0532382,4,1,-157
1767171813.063238,6,-4,-158
1767171813.073238,8,-3,-161
1767171813.083238,10,-6,-156
1767171813.093238,7,-4,-154
1767171813.103238,2,-1,-151
1767171813.113238,3,-4,-147
1767171813.123238,0,-4,-150
1767171813.133238,1,-2,-149
1767171813.143238,1,-3,-148
1767171813.153238,0,-7,-145
1767171813.163238,1,-7,-142
1767171813.173238,-4,-9,-142
1767171813.1832385,-5,-8,-143
1767171813.1932385,-1,-8,-146
1767171813.2032382,3,-3,-146
1767171813.2132382,7,-1,-147
1767171813.2232382,5,0,-150
1767171813.2332382,4,0,-146
1767171813.2432382,4,-2,-144
1767171813.2532382,5,-1,-147
1767171813.2632382,2,-2,-142
1767171813.2732382,2,-5,-147
1767171813.2832382,0,-2,-145
1767171813.2932382,-3,-2,-143
1767171813.3032382,-2,0,-140
1767171813.313238,5,0,-128
1767171813.323238,4,-5,-129
1767171813.333238,4,-3,-133
1767171813.343238,1,-7,-132
1767171813.353238,0,-4,-138
1767171813.363238,0,-4,-142
1767171813.373238,2,-6,-145
1767171813.383238,0,-1,-146
1767171813.393238,2,0,-146
1767171813.403238,1,2,-144
1767171813.413238,-3,-1,-148
1767171813.423238,0,0,-147
1767171813.4332385,-3,0,-139
1767171813.4432385,-1,0,-141
1767171813.4532382,0,3,-140
1767171813.4632382,0,0,-139
1767171813.4732382,0,-1,-139
1767171813.4832382,-5,-2,-137
1767171813.4932382,-7,-1,-136
1767171813.5032382,-2,0,-136
1767171813.5132382,-4,0,-132
1767171813.5232382,-1,4,-140
1767171813.5332382,-3,1,-141
1767171813.5432382,-2,-3,-140
1767171813.5532382,0,-4,-144
1767171813.563238,0,-4,-146
1767171813.573238,0,-3,-151
1767171813.583238,-1,-6,-154
1767171813.593238,-5,-11,-146
1767171813.603238,-8,-9,-139
1767171813.613238,-8,-7,-138
1767171813.623238,-7,-6,-136
1767171813.633238,-4,-4,-136
1767171813.643238,-6,-1,-143
1767171813.653238,-6,-2,-138
1767171813.663238,-4,-6,-142
1767171813.673238,-4,-3,-135
1767171813.6832385,-4,-3,-130
1767171813.6932385,-4,-3,-132
1767171813.7032382,-7,-2,-138
1767171813.7132382,-8,-1,-141
1767171813.7232382,-6,0,-147
1767171813.7332382,-3,-1,-146
1767171813.7432382,-3,-1,-150
1767171813.7532382,-4,0,-147
1767171813.7632382,-3,1,-140
1767171813.7732382,-4,6,-143
1767171813.7832382,-1,6,-139
1767171813.7932382,-3,8,-141
1767171813.8032382,-5,5,-145
1767171813.813238,-5,0,-140
1767171813.823238,-5,-2,-137
1767171813.833238,-4,-3,-134
1767171813.843238,0,-2,-131
1767171813.853238,-1,-2,-135
1767171813.863238,0,-1,-138
1767171813.873238,-2,-1,-146
1767171813.883238,2,2,-146
1767171813.893238,1,-3,-141
1767171813.903238,0,-2,-137
1767171813.913238,-2,-4,-140
1767171813.923238,-3,-1,-144
1767171813.9332385,-3,2,-147
1767171813.9432385,-2,4,-146
1767171813.9532382,-2,5,-146
1767171813.9632382,-3,7,-150
1767171813.9732382,-2,2,-151
1767171813.9832382,-7,1,-148
1767171813.9932382,-7,-2,-145
1767171814.0032382,-12,0,-146
1767171814.0132382,-4,-4,-144
1767171814.0232382,-2,0,-148
1767171814.0332382,1,-2,-143
1767171814.0432382,1,0,-143
1767171814.0532382,0,-3,-144
1767171814.063238,0,-3,-142
1767171814.073238,0,-1,-138
1767171814.083238,2,0,-144
1767171814.093238,3,0,-147
1767171814.103238,4,1,-150
1767171814.113238,4,4,-152
1767171814.123238,0,4,-146
1767171814.133238,2,3,-147
1767171814.143238,6,0,-152
1767171814.153238,10,2,-146
1767171814.163238,8,4,-145
1767171814.173238,2,4,-143
1767171814.1832385,-1,2,-146
1767171814.1932385,-2,6,-145
1767171814.2032382,-8,4,-148
1767171814.2132382,-10,2,-139
1767171814.2232382,-6,0,-142
1767171814.2332382,0,-6,-139
1767171814.2432382,-5,-7,-144
1767171814.2532382,-12,-6,-144
1767171814.2632382,-9,-5,-147
1767171814.2732382,-8,0,-151
1767171814.2832382,-6,2,-149
1767171814.2932382,-11,-1,-151
1767171814.3032382,-10,0,-148
1767171814.313238,-8,1,-150
1767171814.323238,-8,0,-149
1767171814.333238,-3,-2,-149
1767171814.343238,-2,-4,-145
1767171814.353238,1,0,-142
1767171814.363238,4,-2,-147
1767171814.373238,1,-1,-146
1767171814.383238,1,-2,-140
1767171814.3942382,3,-4,-137
1767171814.403238,2,-2,-139
1767171814.413238,3,1,-143
1767171814.423238,5,2,-137
1767171814.4342382,4,2,-138
1767171814.4442382,4,2,-143
1767171814.4542382,5,-2,-144
1767171814.4642382,5,-5,-143
1767171814.4742382,1,-4,-145
1767171814.484238,2,-2,-150
1767171814.494238,3,-1,-145
1767171814.504238,3,3,-142
1767171814.514238,4,4,-138
1767171814.524238,4,0,-140
1767171814.534238,3,0,-142
1767171814.544238,5,0,-141
1767171814.554238,6,-2,-146
1767171814.564238,5,-5,-146
1767171814.574238,6,-5,-144
1767171814.584238,0,-3,-142
1767171814.594238,0,-4,-142
1767171814.6042385,1,-5,-143
1767171814.6142385,1,-3,-144
1767171814.6242385,0,-3,-142
1767171814.6342382,3,-4,-140
1767171814.6442382,5,-6,-142
1767171814.6542382,1,-3,-137
1767171814.6642382,0,-2,-136
1767171814.6742382,-1,0,-133
1767171814.6842382,-4,0,-142
1767171814.6942382,-3,-4,-145
1767171814.7042382,-4,-1,-143
1767171814.7142382,2,-1,-147
1767171814.7242382,0,0,-149
1767171814.734238,0,1,-143
1767171814.744238,2,-2,-139
1767171814.754238,1,-5,-144
1767171814.764238,3,-5,-144
1767171814.774238,-5,-6,-146
1767171814.784238,-3,-1,-146
1767171814.794238,-6,4,-143
1767171814.804238,-5,4,-140
1767171814.814238,-4,5,-133
1767171814.824238,0,5,-135
1767171814.834238,0,2,-137
1767171814.844238,-5,-4,-144
1767171814.8542385,-4,-8,-155
1767171814.8642385,-6,-9,-158
1767171814.8742385,-5,-6,-165
1767171814.8842382,-9,-9,-161
1767171814.8942382,-7,-7,-157
1767171814.9042382,-5,-4,-158
1767171814.9142382,-3,-2,-162
1767171814.9242382,-2,-3,-149
1767171814.9342382,-5,-3,-145
1767171814.9442382,0,0,-144
1767171814.9542382,2,4,-146
1767171814.9642382,3,1,-146
1767171814.9742382,-2,0,-147
1767171814.984238,-3,-4,-153
1767171814.994238,-2,-3,-151
1767171815.004238,1,-1,-147
1767171815.014238,3,2,-139
1767171815.024238,3,4,-140
1767171815.034238,-1,1,-134
1767171815.044238,0,-2,-138
1767171815.054238,2,-4,-141
1767171815.064238,0,-10,-138
1767171815.074238,-2,-7,-138
1767171815.084238,-4,-1,-141
1767171815.094238,-4,0,-142
1767171815.1042385,0,0,-146
1767171815.1142385,3,2,-152
1767171815.1242385,4,1,-159
1767171815.1342382,9,2,-158
1767171815.1442382,7,3,-152
1767171815.1542382,1,0,-148
1767171815.1642382,0,-3,-147
1767171815.1742382,4,-5,-141
1767171815.1842382,3,-6,-140
1767171815.1942382,0,-5,-138
1767171815.2042382,-1,-5,-138
1767171815.2142382,1,-3,-134
1767171815.2242382,2,-2,-129
1767171815.234238,2,-3,-126
1767171815.244238,-1,-3,-127
1767171815.254238,-3,-2,-133
1767171815.264238,-3,0,-134
1767171815.274238,0,0,-138
1767171815.284238,7,0,-137
1767171815.294238,8,-2,-137
1767171815.304238,8,-3,-137
1767171815.314238,8,0,-135
1767171815.324238,5,0,-140
1767171815.334238,6,2,-141
1767171815.344238,5,2,-137
1767171815.3542385,6,0,-138
1767171815.3642385,3,1,-130
1767171815.3742385,3,0,-134
1767171815.3842382,4,-2,-145
1767171815.3942382,4,-5,-145
1767171815.4042382,4,-6,-146
1767171815.4142382,7,-7,-147
1767171815.4242382,4,-3,-145
1767171815.4342382,2,0,-144
1767171815.4442382,4,-2,-138
1767171815.4542382,3,1,-145
1767171815.4642382,4,0,-150
1767171815.4742382,8,-3,-152
1767171815.484238,5,-3,-160
1767171815.494238,6,0,-164
1767171815.504238,7,0,-156
1767171815.514238,3,3,-157
1767171815.524238,-1,0,-152
1767171815.534238,-2,-1,-150
1767171815.544238,-4,2,-148
1767171815.554238,0,4,-151
1767171815.564238,-1,3,-144
1767171815.574238,-2,3,-144
1767171815.584238,-2,2,-152
1767171815.594238,0,2,-150
1767171815.6042385,0,0,-146
1767171815.6142385,1,2,-149
1767171815.6242385,3,7,-148
1767171815.6342382,-1,5,-146
1767171815.6442382,-3,-1,-142
1767171815.6542382,-1,-5,-138
1767171815.6642382,-1,-7,-139
1767171815.6742382,-2,-9,-134
1767171815.6842382,-1,-7,-132
1767171815.6942382,-2,-5,-139
1767171815.7042382,-2,-7,-142
1767171815.7142382,1,-5,-141
1767171815.7242382,6,-6,-147
1767171815.734238,3,-5,-143
1767171815.744238,1,-3,-147
1767171815.754238,-2,-4,-146
1767171815.764238,-3,-7,-150
1767171815.774238,-5,-5,-152
1767171815.784238,-5,0,-144
1767171815.794238,-8,0,-143
1767171815.804238,-8,-4,-148
1767171815.814238,-9,-7,-148
1767171815.824238,-5,-5,-145
1767171815.834238,0,-6,-147
1767171815.844238,1,-7,-148
1767171815.8542385,-1,-7,-148
1767171815.8642385,-1,-6,-148
1767171815.8742385,1,-1,-151
1767171815.8842382,2,0,-149
1767171815.8942382,4,0,-146
1767171815.9042382,1,0,-144
1767171815.9142382,-1,0,-147
1767171815.9242382,-5,0,-145
1767171815.9342382,-9,-1,-142
1767171815.9442382,-6,0,-143
1767171815.9542382,-7,3,-145
1767171815.9642382,-4,4,-146
1767171815.9742382,-3,1,-151
1767171815.984238,-1,-1,-152
1767171815.994238,2,-1,-151
1767171816.004238,2,-3,-142
1767171816.014238,4,-2,-146
1767171816.024238,2,3,-149
1767171816.034238,5,1,-150
1767171816.044238,4,1,-148
1767171816.054238,4,2,-149
1767171816.064238,-1,3,-152
1767171816.074238,5,0,-154
1767171816.084238,2,1,-146
1767171816.094238,1,-3,-145
1767171816.1042385,0,-4,-144
1767171816.1142385,-1,-3,-143
1767171816.1242385,2,-2,-150
1767171816.1342382,6,0,-146
1767171816.1442382,4,-1,-139
1767171816.1542382,6,-2,-137
1767171816.1642382,7,-1,-135
1767171816.1742382,5,-1,-141
1767171816.1842382,3,-4,-142
1767171816.1942382,5,-3,-141
1767171816.2042382,1,0,-141
1767171816.2142382,1,-2,-144
1767171816.2242382,1,-4,-148
1767171816.234238,2,-3,-152
1767171816.244238,2,-6,-146
1767171816.254238,1,-5,-145
1767171816.264238,-1,-1,-148
1767171816.274238,-1,2,-143
1767171816.284238,2,4,-138
1767171816.294238,5,2,-133
1767171816.304238,3,0,-134
1767171816.314238,6,0,-148
1767171816.324238,9,-1,-150
1767171816.334238,5,-3,-152
1767171816.344238,5,0,-154
1767171816.3542385,2,2,-146
1767171816.3642385,3,0,-144
1767171816.3742385,3,-2,-142
1767171816.3842382,-1,-6,-141
1767171816.3942382,5,-7,-138
1767171816.4042382,8,-10,-136
1767171816.4142382,4,-9,-135
1767171816.4242382,-1,-9,-136
1767171816.4342382,0,-6,-134
1767171816.4442382,-3,-7,-140
1767171816.4542382,0,-6,-138
1767171816.4642382,4,-6,-139
1767171816.4742382,3,-6,-144
1767171816.484238,5,-7,-144
1767171816.494238,3,-8,-143
1767171816.504238,0,-6,-143
1767171816.514238,0,-3,-142
1767171816.524238,1,-3,-142
1767171816.534238,1,0,-140
1767171816.544238,-3,-1,-137
1767171816.554238,-1,-2,-136
1767171816.564238,0,-2,-143
1767171816.574238,-2,-2,-138
1767171816.584238,-4,-3,-137
1767171816.594238,-5,-1,-142
1767171816.6042385,-5,0,-143
1767171816.6142385,-8,0,-139
1767171816.6242385,-9,6,-139
1767171816.6342382,-1,6,-138
1767171816.6442382,-2,7,-137
1767171816.6542382,-5,9,-141
1767171816.6642382,-9,6,-140
1767171816.6742382,-6,1,-140
1767171816.6842382,-4,0,-142
1767171816.6942382,-4,-3,-138
1767171816.7042382,-5,-4,-141
1767171816.7142382,-1,-6,-143
1767171816.7242382,0,-3,-146
1767171816.734238,0,0,-152
1767171816.744238,0,0,-152
1767171816.754238,0,2,-152
1767171816.764238,-5,3,-156
1767171816.774238,-5,5,-147
1767171816.784238,-10,7,-143
1767171816.794238,-13,7,-145
1767171816.804238,-8,7,-147
1767171816.814238,-3,9,-146
1767171816.824238,0,3,-143
1767171816.834238,-2,0,-151
1767171816.844238,-5,2,-148
1767171816.8542385,-2,0,-145
1767171816.8642385,0,0,-147
1767171816.8742385,2,0,-139
1767171816.8842382,0,0,-140
1767171816.8942382,0,4,-136
1767171816.9052382,0,6,-137
1767171816.9142382,0,5,-134
1767171816.9242382,0,3,-132
1767171816.946238,8,-3,-142
1767171816.9542382,4,-3,-143
1767171816.965238,4,1,-148
1767171816.975238,1,0,-147
1767171816.985238,-1,-1,-151
1767171816.995238,0,-2,-153
1767171817.005238,-3,-2,-156
1767171817.015238,-2,1,-155
1767171817.025238,0,0,-155
1767171817.0352385,1,0,-153
1767171817.0452385,1,3,-153
1767171817.0552382,1,5,-154
1767171817.0652382,0,2,-157
1767171817.0752382,2,3,-153
1767171817.0852382,2,2,-151
1767171817.0952382,-1,2,-150
1767171817.1052382,-2,1,-151
1767171817.1152382,1,-1,-154
1767171817.1252382,1,-2,-147
1767171817.1352382,7,-5,-143
1767171817.1452382,4,-3,-141
1767171817.1552382,1,-3,-139
1767171817.165238,-5,-1,-137
1767171817.175238,-3,-1,-140
1767171817.185238,-2,0,-145
1767171817.195238,0,-6,-153
1767171817.205238,-1,-4,-153
1767171817.215238,1,-3,-150
1767171817.225238,1,-2,-150
1767171817.235238,2,0,-151
1767171817.245238,3,-1,-151
1767171817.255238,5,-5,-154
1767171817.265238,5,-4,-152
1767171817.275238,6,-6,-151
1767171817.2852385,5,-7,-142
1767171817.2952385,1,-9,-137
1767171817.3052382,0,-9,-134
1767171817.3152382,-1,-7,-136
1767171817.3252382,-4,-5,-135
1767171817.3352382,-2,-5,-143
1767171817.3452382,0,-5,-141
1767171817.3552382,0,-5,-146
1767171817.3652382,0,-4,-149
1767171817.3752382,1,-4,-155
1767171817.3852382,0,-10,-156
1767171817.3952382,0,-8,-161
1767171817.4052382,7,0,-158
1767171817.415238,6,-2,-160
1767171817.425238,5,4,-161
1767171817.435238,6,6,-153
1767171817.445238,4,0,-158
1767171817.455238,2,0,-153
1767171817.465238,7,-3,-153
1767171817.475238,3,-4,-143
1767171817.485238,-3,-3,-138
1767171817.495238,-5,-4,-141
1767171817.505238,-3,-4,-139
1767171817.515238,-6,-5,-138
1767171817.525238,-3,-6,-147
1767171817.5352385,0,-6,-156
1767171817.5452385,2,-4,-152
1767171817.5552382,5,-4,-150
1767171817.5652382,4,-1,-149
1767171817.5752382,3,0,-151
1767171817.5852382,1,-4,-146
1767171817.5952382,3,-4,-147
1767171817.6052382,4,-4,-147
1767171817.6152382,7,-5,-137
1767171817.6252382,4,-2,-141
1767171817.6352382,0,-4,-148
1767171817.6452382,3,-5,-151
1767171817.6552382,5,-3,-152
1767171817.665238,5,-2,-152
1767171817.675238,4,-6,-150
1767171817.685238,5,-3,-150
1767171817.695238,1,-2,-149
1767171817.705238,2,-1,-148
1767171817.715238,3,-2,-153
1767171817.725238,4,-4,-153
1767171817.735238,0,-1,-152
1767171817.745238,0,-2,-152
1767171817.755238,2,2,-152
1767171817.765238,1,1,-149
1767171817.775238,2,0,-143
1767171817.7852385,3,-1,-138
1767171817.7952385,1,-1,-137
1767171817.8052382,-3,-3,-141
1767171817.8152382,-1,-2,-136
1767171817.8252382,0,-1,-135
1767171817.8352382,2,-1,-137
1767171817.8452382,5,2,-142
1767171817.8552382,0,3,-142
1767171817.8652382,-1,2,-142
1767171817.8752382,-5,3,-150
1767171817.8852382,-2,4,-154
1767171817.8952382,0,2,-156
1767171817.9052382,1,0,-146
1767171817.915238,1,-3,-148
1767171817.925238,-4,-3,-144
1767171817.935238,-4,-1,-145
1767171817.945238,-7,-2,-154
1767171817.955238,-4,-6,-147
1767171817.965238,-3,-7,-142
1767171817.975238,3,-6,-147
1767171817.985238,1,-8,-152
1767171817.995238,-3,-2,-151
1767171818.005238,-2,-2,-148
1767171818.015238,2,-4,-147
1767171818.025238,0,-4,-135
1767171818.0352385,0,-5,-140
1767171818.0452385,4,-3,-144
1767171818.0552382,0,-2,-140
1767171818.0652382,-2,-2,-142
1767171818.0752382,-3,-1,-136
1767171818.0852382,-2,1,-141
1767171818.0952382,-5,4,-144
1767171818.1052382,-5,3,-143
1767171818.1152382,-2,0,-144
1767171818.1252382,0,0,-142
1767171818.1352382,0,1,-143
1767171818.1452382,0,-2,-151
1767171818.1552382,0,0,-152
1767171818.165238,0,0,-152
1767171818.175238,-1,1,-149
1767171818.185238,0,0,-144
1767171818.195238,1,1,-143
1767171818.205238,3,0,-149
1767171818.215238,4,0,-146
1767171818.225238,3,-2,-143
1767171818.235238,1,-4,-145
1767171818.245238,3,2,-145
1767171818.255238,3,3,-146
1767171818.265238,0,4,-144
1767171818.275238,-1,7,-148
1767171818.2852385,0,5,-144
1767171818.2952385,3,5,-141
1767171818.3052382,5,1,-138
1767171818.3152382,3,-5,-141
1767171818.3252382,5,-10,-144
1767171818.3352382,2,-6,-145
1767171818.3452382,3,-2,-145
1767171818.3552382,0,-4,-144
1767171818.3652382,1,-8,-147
1767171818.3752382,-1,-7,-142
1767171818.3852382,-4,-6,-141
1767171818.3952382,-2,-5,-139
1767171818.4052382,-1,-3,-143
1767171818.415238,-1,-7,-145
1767171818.425238,3,-8,-148
1767171818.435238,3,-7,-141
1767171818.445238,1,-7,-144
1767171818.455238,4,-4,-142
1767171818.465238,3,-4,-142
1767171818.475238,3,-5,-148
1767171818.485238,3,-5,-148
1767171818.495238,0,-8,-149
1767171818.505238,-2,-8,-146
1767171818.515238,1,-4,-137
1767171818.525238,1,-4,-134
1767171818.5352385,-1,-2,-137
1767171818.5452385,-7,-4,-148
1767171818.5552382,-8,-3,-146
1767171818.5652382,-9,2,-141
1767171818.5752382,-10,4,-138
1767171818.5852382,-6,3,-136
1767171818.5952382,-3,0,-136
1767171818.6052382,-3,2,-140
1767171818.6152382,1,3,-136
1767171818.6252382,0,1,-137
1767171818.6352382,5,-2,-134
1767171818.6452382,5,-6,-136
1767171818.6552382,5,-7,-141
1767171818.665238,8,-9,-144
1767171818.675238,6,-11,-147
1767171818.685238,2,-10,-152
1767171818.695238,0,-5,-154
1767171818.705238,-3,-3,-155
1767171818.715238,-2,0,-147
1767171818.725238,-5,-1,-146
1767171818.735238,0,-5,-147
1767171818.745238,-2,-7,-146
1767171818.755238,-2,-8,-136
1767171818.765238,0,-7,-144
1767171818.775238,-2,-6,-144
1767171818.7852385,1,-7,-145
1767171818.7952385,-3,-6,-148
1767171818.8052382,-3,-10,-147
1767171818.8152382,-6,-10,-148
1767171818.8252382,-4,-6,-150
1767171818.8352382,-8,-5,-150
1767171818.8452382,-7,-5,-149
1767171818.8552382,-2,-2,-150
1767171818.8652382,-3,-2,-152
1767171818.8752382,-3,0,-150
1767171818.8852382,-1,0,-146
1767171818.8952382,4,4,-146
1767171818.9052382,5,4,-147
1767171818.915238,4,0,-147
1767171818.925238,1,1,-148
1767171818.935238,4,1,-152
1767171818.945238,3,-3,-149
1767171818.955238,3,-4,-151
1767171818.965238,0,-5,-147
1767171818.975238,0,-3,-151
1767171818.985238,-3,0,-147
1767171818.995238,3,1,-139
1767171819.005238,6,-1,-138
1767171819.015238,8,2,-142
1767171819.025238,7,2,-140
1767171819.0352385,0,0,-144
1767171819.0452385,2,-4,-143
1767171819.0552382,0,-1,-147
1767171819.0652382,-1,-4,-153
1767171819.0752382,0,-4,-150
1767171819.0852382,0,-6,-151
1767171819.0952382,-1,-2,-152
1767171819.1052382,3,-1,-156
1767171819.1152382,4,-1,-153
1767171819.1252382,7,-1,-152
1767171819.1352382,7,-1,-149
1767171819.1452382,9,-2,-152
1767171819.1552382,9,-4,-151
1767171819.165238,5,-5,-144
1767171819.175238,3,-3,-141
1767171819.185238,1,-4,-143
1767171819.195238,4,-6,-140
1767171819.205238,0,-3,-147
1767171819.215238,-2,-7,-146
1767171819.225238,-3,-5,-142
1767171819.235238,0,-5,-142
1767171819.245238,-1,-9,-146
1767171819.255238,0,-5,-144
1767171819.265238,-4,-6,-142
1767171819.275238,-9,-4,-147
1767171819.2852385,-7,0,-145
1767171819.2952385,-1,1,-149
1767171819.3052382,-5,0,-151
1767171819.3152382,-6,-6,-149
1767171819.3252382,-5,-8,-148
1767171819.3352382,-6,-5,-154
1767171819.3452382,-6,-5,-152
1767171819.3552382,-3,-4,-151
1767171819.3652382,-2,-3,-151
1767171819.3752382,-3,-2,-152
1767171819.3852382,0,-3,-146
1767171819.3952382,3,-4,-146
1767171819.4052382,1,-6,-145
1767171819.415238,2,-5,-142
1767171819.425238,-2,-7,-142
1767171819.435238,0,-2,-141
1767171819.445238,3,0,-145
1767171819.455238,2,0,-140
1767171819.4662385,3,0,-145
1767171819.4762385,6,-3,-147
1767171819.4862382,11,-3,-156
1767171819.4962382,12,0,-160
1767171819.5062382,9,2,-158
1767171819.5162382,9,0,-152
1767171819.5262382,3,-1,-148
1767171819.5362382,-3,-5,-151
1767171819.5462382,-3,-6,-152
1767171819.5562382,-7,-1,-150
1767171819.5662382,-7,-1,-146
1767171819.5762382,-7,0,-141
1767171819.586238,-6,-4,-141
1767171819.596238,-8,-3,-147
1767171819.606238,-9,-3,-147
1767171819.616238,-9,-1,-148
1767171819.626238,-10,0,-143
1767171819.636238,-7,0,-146
1767171819.646238,-7,-8,-146
1767171819.656238,-8,-10,-147
1767171819.666238,-11,-2,-150
1767171819.676238,-3,-1,-149
1767171819.686238,3,0,-144
1767171819.696238,1,0,-145
1767171819.7062385,0,0,-144
1767171819.7162385,0,-2,-151
1767171819.7262385,-1,-2,-151
1767171819.7362382,0,0,-150
1767171819.7462382,-3,1,-146
1767171819.7562382,-4,0,-142
1767171819.7662382,1,2,-140
1767171819.7762382,4,4,-147
1767171819.7862382,1,0,-149
1767171819.7962382,0,-1,-140
1767171819.8062382,-1,-5,-144
1767171819.8162382,0,-2,-144
1767171819.8262382,4,-1,-146
1767171819.836238,2,-3,-141
1767171819.846238,1,-4,-141
1767171819.856238,-3,-6,-147
1767171819.866238,-2,-2,-152
1767171819.876238,0,-3,-146
1767171819.886238,-6,0,-143
1767171819.896238,-6,0,-143
1767171819.906238,-4,1,-145
1767171819.916238,-2,4,-148
1767171819.926238,-4,1,-151
1767171819.936238,-7,3,-150
1767171819.946238,-7,3,-150
1767171819.9562385,-8,1,-146
1767171819.9662385,-8,0,-149
1767171819.9762385,-8,-1,-149
1767171819.9862382,-5,-1,-150
1767171819.9962382,-5,0,-147
1767171820.0062382,-4,0,-149
1767171820.0162382,-2,-2,-151
1767171820.0262382,-4,0,-143
1767171820.0362382,-4,-2,-144
1767171820.0462382,-5,-1,-140
1767171820.0562382,-4,-2,-139
1767171820.0662382,-6,-5,-132
1767171820.0762382,-5,-6,-127
1767171820.086238,-6,-5,-130
1767171820.096238,-5,-6,-139
1767171820.106238,-4,-8,-140
1767171820.116238,-1,-7,-136
1767171820.126238,-4,-5,-138
1767171820.136238,-3,-5,-142
1767171820.146238,-1,-6,-139
1767171820.156238,-6,-5,-146
1767171820.166238,-9,-3,-150
1767171820.176238,-3,-1,-151
1767171820.186238,-2,0,-150
1767171820.196238,-2,0,-145
1767171820.2062385,2,2,-144
1767171820.2162385,2,1,-142
1767171820.2262385,0,4,-144
1767171820.2362382,2,2,-149
1767171820.2462382,6,0,-147
1767171820.2562382,2,1,-148
1767171820.2662382,0,0,-151
1767171820.2762382,0,0,-152
1767171820.2862382,3,-2,-149
1767171820.2962382,2,-3,-149
1767171820.3062382,6,-1,-153
1767171820.3162382,1,-2,-151
1767171820.3262382,0,-3,-153
1767171820.336238,0,0,-146
1767171820.346238,-2,0,-143
1767171820.356238,0,3,-138
1767171820.366238,1,1,-139
1767171820.376238,2,0,-145
1767171820.386238,2,-1,-144
1767171820.396238,0,-3,-146
1767171820.406238,5,-4,-148
1767171820.416238,4,-5,-143
1767171820.426238,2,-7,-145
1767171820.436238,0,-5,-142
1767171820.446238,1,-8,-139
1767171820.4562385,0,-2,-138
1767171820.4662385,1,-1,-139
1767171820.4762385,-2,0,-147
1767171820.4862382,0,0,-148
1767171820.4962382,0,0,-144
1767171820.5062382,2,-4,-148
1767171820.5162382,1,-4,-150
1767171820.5262382,0,-3,-148
1767171820.5362382,-1,-5,-153
1767171820.5462382,0,-1,-148
1767171820.5562382,0,0,-151
1767171820.5662382,0,-1,-152
1767171820.5762382,-3,-3,-155
1767171820.586238,0,-3,-155
1767171820.596238,1,0,-146
1767171820.606238,1,-4,-145
1767171820.616238,0,0,-143
1767171820.626238,1,-2,-147
1767171820.636238,0,-1,-148
1767171820.646238,0,0,-146
1767171820.656238,1,-1,-149
1767171820.666238,0,0,-153
1767171820.676238,1,0,-156
1767171820.686238,0,-2,-152
1767171820.696238,-1,-4,-153
1767171820.7062385,-1,-5,-152
1767171820.7162385,-2,-4,-152
1767171820.7262385,-4,-7,-147
1767171820.7362382,-6,-7,-139
1767171820.7462382,-9,-6,-139
1767171820.7562382,-3,-4,-142
1767171820.7662382,0,-4,-140
1767171820.7762382,1,-3,-146
1767171820.7862382,1,-2,-151
1767171820.7962382,0,1,-148
1767171820.8062382,-1,1,-149
1767171820.8162382,0,0,-147
1767171820.8262382,-1,-2,-139
1767171820.836238,-5,0,-137
1767171820.846238,-4,-4,-135
1767171820.856238,-1,-2,-134
1767171820.866238,-1,-2,-137
1767171820.876238,-2,-3,-145
1767171820.886238,1,-2,-141
1767171820.896238,2,-2,-146
1767171820.906238,1,-5,-147
1767171820.916238,2,-4,-143
1767171820.926238,0,-5,-146
1767171820.936238,-7,-2,-145
1767171820.946238,-10,-4,-143
1767171820.9562385,-9,-3,-142
1767171820.9662385,-8,-1,-149
1767171820.9762385,-7,-1,-149
1767171820.9862382,-3,-2,-153
1767171820.9962382,0,-1,-156
1767171821.0062382,2,-2,-150
1767171821.0162382,2,-3,-144
1767171821.0262382,2,-1,-141
1767171821.0362382,-1,-2,-143
1767171821.0462382,0,-6,-140
1767171821.0562382,-4,-6,-141
1767171821.0662382,-2,-5,-138
1767171821.0762382,-1,-3,-136
1767171821.086238,-2,4,-137
1767171821.096238,0,4,-138
1767171821.106238,0,5,-142
1767171821.116238,-3,3,-149
1767171821.126238,-3,4,-151
1767171821.136238,-1,2,-150
1767171821.146238,-3,0,-147
1767171821.156238,-2,-2,-145
1767171821.166238,0,-5,-146
1767171821.176238,4,-3,-148
1767171821.186238,1,-5,-145
1767171821.196238,-3,-6,-145
1767171821.2062385,-3,-3,-142
1767171821.2162385,-3,-4,-147
1767171821.2262385,-4,-4,-146
1767171821.2362382,-3,-3,-149
1767171821.2462382,-1,-2,-152
1767171821.2562382,2,-2,-155
1767171821.2662382,3,-1,-158
1767171821.2762382,4,-2,-151
1767171821.2862382,4,-3,-147
1767171821.2962382,6,-5,-148
1767171821.3062382,7,-7,-145
1767171821.3162382,5,-4,-149
1767171821.3262382,5,-3,-157
1767171821.336238,5,-5,-152
1767171821.346238,4,-7,-150
1767171821.356238,2,-7,-146
1767171821.366238,0,-7,-145
1767171821.376238,-3,-5,-147
1767171821.386238,-4,-3,-145
1767171821.396238,-1,-6,-147
1767171821.406238,-2,-4,-152
1767171821.416238,-3,-3,-148
1767171821.426238,0,-6,-152
1767171821.436238,1,-7,-148
1767171821.446238,2,-6,-142
1767171821.4562385,0,-10,-141
1767171821.4662385,2,-9,-139
1767171821.4762385,0,-6,-142
1767171821.4862382,2,-8,-140
1767171821.4962382,2,-2,-143
1767171821.5062382,2,-2,-142
1767171821.5162382,2,-3,-140
1767171821.5262382,1,-3,-132
1767171821.5362382,2,-6,-130
1767171821.5462382,3,-4,-137
1767171821.5562382,4,0,-139
1767171821.5662382,6,-1,-140
1767171821.5762382,10,-3,-147
1767171821.586238,1,-8,-156
1767171821.596238,1,-7,-155
1767171821.606238,-2,-3,-150
1767171821.616238,-4,3,-151
1767171821.626238,-3,0,-152
1767171821.636238,-6,-1,-150
1767171821.646238,-5,-3,-147
1767171821.656238,-8,-9,-145
1767171821.666238,-4,-9,-147
1767171821.676238,-5,-10,-149
1767171821.686238,-3,-7,-148
1767171821.696238,-3,-6,-157
1767171821.7062385,-1,-1,-158
1767171821.7162385,0,0,-153
1767171821.7262385,0,0,-152
1767171821.7362382,-9,3,-148
1767171821.7462382,-9,0,-142
1767171821.7562382,-8,-4,-144
1767171821.7662382,-7,-6,-145
1767171821.7762382,-3,-5,-148
1767171821.7862382,-2,-5,-152
1767171821.7962382,-1,-7,-150
1767171821.8062382,-1,-5,-149
1767171821.8162382,-2,-2,-148
1767171821.8262382,-2,4,-147
1767171821.836238,1,1,-147
1767171821.846238,1,-2,-157
1767171821.856238,8,-3,-157
1767171821.866238,10,-5,-156
1767171821.876238,6,-4,-156
1767171821.886238,0,-2,-151
1767171821.896238,-1,-4,-148
1767171821.906238,-4,-6,-151
1767171821.916238,-3,-10,-150
1767171821.926238,2,-8,-154
1767171821.936238,1,-9,-148
1767171826.9702382,3,2,-148
1767171826.978238,1,0,-150
1767171826.988238,4,1,-148
1767171826.998238,7,4,-145
1767171827.008238,1,1,-150
1767171827.0192382,2,4,-142
1767171827.028238,-1,2,-146
1767171827.0392382,-4,5,-146
1767171827.0492382,-4,8,-142
1767171827.0592382,-8,8,-136
1767171827.0692382,-7,8,-136
1767171827.0792382,-9,6,-140
1767171827.0892382,-13,4,-140
1767171827.0992382,-7,1,-148
1767171827.109238,-6,0,-147
1767171827.119238,-3,-7,-146
1767171827.129238,-2,-4,-143
1767171827.139238,-3,-12,-144
1767171827.149238,0,-10,-147
1767171827.159238,-2,-5,-147
1767171827.169238,-2,-2,-145
1767171827.179238,0,-7,-149
1767171827.189238,-3,-8,-154
1767171827.199238,0,-8,-152
1767171827.209238,0,-4,-154
1767171827.219238,-1,0,-155
1767171827.2292385,0,0,-153
1767171827.2392385,-2,-1,-157
1767171827.2492385,0,-1,-158
1767171827.2592382,1,-2,-153
1767171827.2692382,1,-2,-148
1767171827.2792382,-2,-1,-148
1767171827.2892382,-2,0,-152
1767171827.2992382,0,-4,-144
1767171827.3092382,2,-5,-145
1767171827.3192382,1,0,-137
1767171827.3292382,0,2,-138
1767171827.3392382,-3,3,-140
1767171827.3492382,0,4,-144
1767171827.359238,0,0,-143
1767171827.369238,0,0,-146
1767171827.379238,-4,-2,-153
1767171827.389238,-8,-3,-151
1767171827.399238,-6,-2,-150
1767171827.409238,-4,1,-152
1767171827.419238,-5,0,-143
1767171827.429238,0,-2,-139
1767171827.439238,4,-2,-143
1767171827.449238,3,-3,-145
1767171827.459238,3,0,-142
1767171827.469238,3,0,-140
1767171827.4792385,5,-3,-140
1767171827.4892385,3,-2,-146
1767171827.4992385,0,0,-146
1767171827.5092382,2,-6,-141
1767171827.5192382,1,-9,-133
1767171827.5292382,2,-7,-139
1767171827.5392382,1,-5,-139
1767171827.5492382,0,-2,-144
1767171827.5592382,1,-5,-143
1767171827.5692382,0,-8,-139
1767171827.5792382,-6,-3,-134
1767171827.5892382,-11,-1,-138
1767171827.5992382,-6,-5,-137
1767171827.609238,-3,-2,-140
1767171827.619238,-4,-4,-142
1767171827.629238,1,-1,-141
1767171827.639238,1,3,-146
1767171827.649238,2,7,-145
1767171827.659238,-1,4,-148
1767171827.669238,2,-1,-142
1767171827.679238,3,-1,-147
1767171827.689238,2,-1,-151
1767171827.699238,-1,-2,-156
1767171827.709238,-5,-5,-156
1767171827.719238,-2,-7,-149
1767171827.7292385,-2,-6,-143
1767171827.7392385,1,-6,-149
1767171827.7492385,2,-3,-149
1767171827.7592382,3,-1,-154
1767171827.7692382,6,2,-148
1767171827.7792382,5,4,-141
1767171827.7892382,4,5,-143
1767171827.7992382,2,7,-141
1767171827.8092382,2,5,-143
1767171827.8192382,3,2,-147
1767171827.8292382,0,4,-148
1767171827.8392382,3,4,-149
1767171827.8492382,4,2,-146
1767171827.859238,1,1,-141
1767171827.869238,0,2,-143
1767171827.879238,-1,3,-147
1767171827.889238,-1,-3,-155
1767171827.899238,-1,-7,-150
1767171827.909238,0,-7,-146
1767171827.919238,-2,-4,-145
1767171827.929238,-3,-4,-144
1767171827.939238,-1,-3,-149
1767171827.949238,-1,-4,-143
1767171827.959238,-5,-5,-139
1767171827.969238,-10,-6,-136
1767171827.9792385,-8,-6,-140
1767171827.9892385,-2,-5,-143
1767171827.9992385,-1,-5,-137
1767171828.0092382,0,-2,-139
1767171828.0192382,-1,0,-137
1767171828.0292382,-1,-2,-146
1767171828.0392382,-4,0,-152
1767171828.0492382,-9,-2,-148
1767171828.0592382,-10,1,-147
1767171828.0692382,-9,-1,-147
1767171828.0792382,-10,0,-139
1767171828.0892382,-6,-6,-136
1767171828.0992382,-1,-6,-132
1767171828.109238,-6,-5,-129
1767171828.119238,-8,-5,-131
1767171828.129238,-2,-5,-132
1767171828.139238,-1,-4,-139
1767171828.149238,-1,-3,-138
1767171828.159238,1,-5,-137
1767171828.169238,0,-2,-137
1767171828.179238,0,-3,-140
1767171828.189238,-2,-2,-140
1767171828.199238,-3,-4,-137
1767171828.209238,-1,-2,-138
1767171828.219238,-5,-3,-145
1767171828.2292385,-3,-1,-147
1767171828.2392385,1,-3,-144
1767171828.2492385,5,-5,-140
1767171828.2592382,4,-4,-139
1767171828.2692382,2,-2,-136
1767171828.2792382,1,-4,-137
1767171828.2892382,0,-5,-144
1767171828.2992382,2,-4,-146
1767171828.3092382,2,0,-145
1767171828.3192382,2,-1,-145
1767171828.3292382,2,-1,-145
1767171828.3392382,-3,-2,-139
1767171828.3492382,-3,0,-137
1767171828.359238,-1,0,-138
1767171828.369238,-4,-2,-136
1767171828.379238,-5,-2,-144
1767171828.389238,-7,-4,-147
1767171828.399238,-4,-3,-143
1767171828.409238,-3,-5,-138
1767171828.419238,-3,-2,-143
1767171828.429238,-3,-1,-137
1767171828.439238,0,-4,-139
1767171828.449238,0,-6,-142
1767171828.459238,1,-1,-140
1767171828.469238,-3,0,-146
1767171828.4792385,-1,0,-144
1767171828.4892385,-1,-1,-144
1767171828.4992385,-5,0,-139
1767171828.5092382,-6,2,-141
1767171828.5192382,-5,4,-141
1767171828.5292382,-6,5,-140
1767171828.5392382,-3,5,-142
1767171828.5492382,-3,5,-152
1767171828.5592382,-8,0,-153
1767171828.5692382,-8,0,-153
1767171828.5792382,-3,1,-156
1767171828.5892382,1,-2,-152
1767171828.5992382,-1,0,-148
1767171828.609238,6,0,-145
1767171828.619238,4,0,-143
1767171828.629238,-4,-1,-139
1767171828.639238,0,-3,-140
1767171828.649238,1,-4,-144
1767171828.659238,2,-3,-138
1767171828.669238,6,-1,-146
1767171828.679238,4,-1,-141
1767171828.689238,0,0,-140
1767171828.699238,-1,0,-140
1767171828.709238,0,-1,-144
1767171828.719238,0,0,-138
1767171828.7292385,0,-1,-139
1767171828.7392385,3,-3,-131
1767171828.7492385,0,-2,-131
1767171828.7592382,-1,-4,-134
1767171828.7692382,-3,-7,-137
1767171828.7792382,-1,-5,-135
1767171828.7892382,1,-4,-137
1767171828.7992382,0,-4,-145
1767171828.8092382,4,0,-144
1767171828.8192382,6,0,-145
1767171828.8292382,9,-1,-142
1767171828.8392382,7,0,-140
1767171828.8492382,1,5,-140
1767171828.859238,-4,3,-138
1767171828.869238,-2,1,-133
1767171828.879238,0,-1,-138
1767171828.889238,1,0,-141
1767171828.899238,0,-2,-141
1767171828.909238,1,-3,-139
1767171828.919238,2,-4,-139
1767171828.929238,1,-7,-145
1767171828.939238,0,-4,-143
1767171828.949238,0,-6,-138
1767171828.959238,-3,-8,-136
1767171828.969238,-3,-9,-137
1767171828.9792385,-3,-2,-134
1767171828.9892385,-3,0,-128
1767171828.9992385,0,0,-130
1767171829.0092382,-3,0,-137
1767171829.0192382,-8,5,-140
1767171829.0292382,-6,2,-142
1767171829.0392382,-5,5,-138
1767171829.0492382,-5,7,-138
1767171829.0592382,-8,5,-133
1767171829.0692382,-9,6,-139
1767171829.0792382,-7,3,-137
1767171829.0892382,-6,1,-140
1767171829.0992382,-6,1,-140
1767171829.109238,-2,2,-142
1767171829.119238,3,0,-136
1767171829.129238,3,-3,-137
1767171829.139238,0,-4,-129
1767171829.149238,0,-4,-136
1767171829.159238,-4,-1,-140
1767171829.169238,-7,3,-147
1767171829.179238,-5,6,-150
1767171829.189238,-4,3,-149
1767171829.199238,-4,1,-153
1767171829.209238,-6,3,-153
1767171829.219238,-6,-2,-154
1767171829.2292385,-6,-3,-158
1767171829.2392385,-6,-3,-158
1767171829.2492385,-3,-4,-160
1767171829.2592382,0,-2,-155
1767171829.2692382,3,0,-151
1767171829.2792382,3,2,-149
1767171829.2892382,0,2,-149
1767171829.2992382,-2,-1,-143
1767171829.3092382,0,0,-142
1767171829.3192382,1,0,-140
1767171829.3292382,5,0,-138
1767171829.3392382,4,-1,-144
1767171829.3492382,0,0,-149
1767171829.359238,3,1,-147
1767171829.369238,1,-2,-145
1767171829.379238,-4,-3,-144
1767171829.389238,-6,-3,-148
1767171829.399238,-1,-4,-151
1767171829.409238,3,-3,-145
1767171829.419238,3,-5,-141
1767171829.429238,0,-3,-142
1767171829.439238,-1,-6,-141
1767171829.449238,2,-8,-145
1767171829.459238,2,-8,-146
1767171829.469238,1,-7,-151
1767171829.4792385,0,-3,-146
1767171829.4892385,-5,-2,-141
1767171829.4992385,-4,1,-139
1767171829.5092382,-1,3,-137
1767171829.5192382,-2,5,-138
1767171829.5292382,0,6,-135
1767171829.540238,-2,5,-138
1767171829.5492382,-1,2,-142
1767171829.5592382,-4,2,-144
1767171829.570238,-2,3,-148
1767171829.5792382,-4,0,-149
1767171829.590238,-2,0,-155
1767171829.600238,0,0,-153
1767171829.609238,4,-1,-149
1767171829.620238,6,-2,-152
1767171829.630238,6,-3,-145
1767171829.640238,9,-2,-146
1767171829.650238,9,-5,-144
1767171829.6602385,4,-6,-141
1767171829.6702385,1,-7,-141
1767171829.6802382,0,-5,-146
1767171829.6902382,1,-3,-147
1767171829.7002382,0,-5,-146
1767171829.7102382,0,-6,-144
1767171829.7202382,0,-3,-149
1767171829.7302382,-3,-3,-144
1767171829.7402382,-9,-2,-139
1767171829.7502382,-5,-4,-140
1767171829.7602382,-2,-7,-149
1767171829.7702382,-1,-7,-145
1767171829.7802382,-3,-4,-140
1767171829.790238,-7,0,-139
1767171829.800238,-6,0,-140
1767171829.810238,-3,3,-142
1767171829.820238,2,-2,-145
1767171829.830238,0,-1,-151
1767171829.840238,0,0,-154
1767171829.850238,1,-5,-159
1767171829.860238,0,0,-161
1767171829.870238,-2,-2,-159
1767171829.880238,1,-3,-154
1767171829.890238,2,0,-146
1767171829.900238,3,2,-143
1767171829.9102385,3,0,-141
1767171829.9202385,7,-4,-143
1767171829.9302382,1,-5,-142
1767171829.9402382,0,-10,-143
1767171829.9502382,1,-8,-138
1767171829.9602382,1,-5,-141
1767171829.9702382,0,0,-136
1767171829.9802382,2,2,-136
1767171829.9902382,4,3,-144
1767171830.0002382,7,2,-141
1767171830.0102382,4,1,-143
1767171830.0202382,4,0,-141
1767171830.0302382,8,3,-144
1767171830.040238,7,2,-144
1767171830.050238,10,1,-141
1767171830.060238,9,5,-135
1767171830.070238,6,1,-133
1767171830.080238,8,2,-129
1767171830.090238,7,3,-128
1767171830.100238,3,2,-135
1767171830.110238,5,4,-140
1767171830.120238,11,4,-146
1767171830.130238,9,1,-143
1767171830.140238,4,2,-142
1767171830.150238,6,1,-139
1767171830.1602385,7,3,-143
1767171830.1702385,5,4,-150
1767171830.1802382,0,7,-151
1767171830.1902382,0,4,-154
1767171830.2002382,-2,0,-155
1767171830.2102382,0,0,-155
1767171830.2202382,2,-1,-157
1767171830.2302382,3,-2,-157
1767171830.2402382,3,-1,-154
1767171830.2502382,5,-1,-151
1767171830.2602382,7,-1,-153
1767171830.2702382,7,-5,-152
1767171830.2802382,4,-6,-149
1767171830.290238,2,-8,-148
1767171830.300238,0,-9,-151
1767171830.310238,-1,-4,-154
1767171830.320238,-3,-5,-150
1767171830.330238,-4,-5,-151
1767171830.340238,0,-4,-149
1767171830.350238,-1,-7,-147
1767171830.360238,1,-9,-151
1767171830.370238,0,-7,-147
1767171830.380238,0,-6,-146
1767171830.390238,2,-3,-146
1767171830.400238,-3,-6,-147
1767171830.4102385,-4,-5,-146
1767171830.4202385,-1,-7,-140
1767171830.4302382,0,-4,-141
1767171830.4402382,0,-7,-144
1767171830.4502382,1,-4,-148
1767171830.4602382,-1,-2,-148
1767171830.4702382,-2,-5,-146
1767171830.4802382,0,1,-146
1767171830.4902382,5,-2,-145
1767171830.5002382,9,0,-145
1767171830.5102382,5,-1,-140
1767171830.5202382,6,-2,-144
1767171830.5302382,3,-5,-148
1767171830.540238,-3,-5,-144
1767171830.550238,-2,-5,-141
1767171830.560238,-1,-7,-145
1767171830.570238,0,-3,-145
1767171830.580238,0,-1,-141
1767171830.590238,3,0,-139
1767171830.600238,3,2,-136
1767171830.610238,2,0,-135
1767171830.620238,3,-1,-133
1767171830.630238,0,-1,-138
1767171830.640238,1,1,-144
1767171830.650238,2,2,-150
1767171830.6602385,5,3,-155
1767171830.6702385,3,5,-154
1767171830.6802382,2,4,-153
1767171830.6902382,0,3,-153
1767171830.7002382,5,0,-147
1767171830.7102382,8,0,-143
1767171830.7202382,3,2,-141
1767171830.7302382,1,2,-140
1767171830.7402382,5,-1,-132
1767171830.7502382,10,0,-139
1767171830.7602382,6,0,-144
1767171830.7702382,0,0,-142
1767171830.7802382,0,-1,-144
1767171830.790238,-2,-3,-138
1767171830.800238,1,0,-140
1767171830.810238,3,0,-143
1767171830.820238,2,2,-148
1767171830.830238,-1,0,-152
1767171830.840238,0,3,-148
1767171830.850238,0,1,-147
1767171830.860238,1,1,-147
1767171830.870238,2,2,-150
1767171830.880238,5,2,-153
1767171830.890238,8,1,-154
1767171830.900238,6,0,-154
1767171830.9102385,2,-3,-152
1767171830.9202385,6,-6,-156
1767171830.9302382,2,-6,-151
1767171830.9402382,2,-6,-144
1767171830.9502382,3,-3,-146
1767171830.9602382,2,-2,-146
1767171830.9702382,1,-5,-143
1767171830.9802382,-1,-3,-146
1767171830.9902382,-7,-3,-143
1767171831.0002382,-6,-6,-146
1767171831.0102382,-1,-4,-147
1767171831.0202382,-1,0,-144
1767171831.0302382,-3,-2,-150
1767171831.040238,-1,-3,-153
1767171831.050238,1,0,-153
1767171831.060238,-1,0,-155
1767171831.070238,-4,1,-158
1767171831.080238,-6,-2,-150
1767171831.090238,-5,-5,-150
1767171831.100238,0,-4,-154
1767171831.110238,1,-2,-154
1767171831.120238,3,1,-157
1767171831.130238,4,3,-153
1767171831.140238,-3,1,-147
1767171831.150238,-5,0,-143
1767171831.1602385,-1,4,-146
1767171831.1702385,1,2,-144
1767171831.1802382,1,0,-145
1767171831.1902382,4,0,-151
1767171831.2002382,3,0,-146
1767171831.2102382,2,7,-136
1767171831.2202382,1,9,-141
1767171831.2302382,-2,4,-138
1767171831.2402382,5,6,-136
1767171831.2502382,2,3,-134
1767171831.2602382,0,2,-142
1767171831.2702382,-1,-1,-142
1767171831.2802382,-1,-5,-144
1767171831.290238,-7,-3,-146
1767171831.300238,-7,-3,-146
1767171831.310238,-4,-4,-147
1767171831.320238,-6,-1,-142
1767171831.330238,-5,1,-141
1767171831.340238,-1,2,-133
1767171831.350238,0,1,-131
1767171831.360238,1,-1,-135
1767171831.370238,0,0,-148
1767171831.380238,1,0,-148
1767171831.390238,0,0,-143
1767171831.400238,-2,0,-138
1767171831.4102385,-2,1,-130
1767171831.4202385,-6,0,-128
1767171831.4302382,-6,-1,-123
1767171831.4402382,-8,-2,-122
1767171831.4502382,-6,-2,-127
1767171831.4602382,-4,2,-133
1767171831.4702382,-2,0,-137
1767171831.4802382,-3,-4,-139
1767171831.4902382,-5,-4,-143
1767171831.5002382,-8,-5,-141
1767171831.5102382,-8,-3,-135
1767171831.5202382,-8,-2,-142
1767171831.5302382,-7,-1,-148
1767171831.540238,-6,1,-149
1767171831.550238,-5,-1,-150
1767171831.560238,-1,0,-144
1767171831.570238,-2,-4,-144
1767171831.580238,0,-5,-133
1767171831.590238,1,-8,-138
1767171831.600238,3,-6,-139
1767171831.610238,7,-6,-148
1767171831.620238,2,-5,-150
1767171831.630238,1,-3,-144
1767171831.640238,2,-3,-145
1767171831.650238,3,-3,-144
1767171831.6602385,3,-2,-142
1767171831.6702385,5,-2,-148
1767171831.6802382,8,0,-151
1767171831.6902382,3,-2,-148
1767171831.7002382,-1,3,-154
1767171831.7102382,-1,4,-152
1767171831.7202382,0,2,-156
1767171831.7302382,-2,5,-149
1767171831.7402382,-5,5,-156
1767171831.7502382,-9,3,-153
1767171831.7602382,-1,3,-149
1767171831.7702382,0,2,-142
1767171831.7802382,1,2,-142
1767171831.790238,0,0,-151
1767171831.800238,-5,0,-151
1767171831.810238,-6,-2,-150
1767171831.820238,-10,-2,-152
1767171831.830238,-9,0,-151
1767171831.840238,-8,1,-143
1767171831.850238,-9,3,-142
1767171831.860238,-9,3,-140
1767171831.870238,-14,6,-144
1767171831.880238,-7,0,-149
1767171831.890238,-3,1,-148
1767171831.900238,-2,0,-150
1767171831.9102385,-1,0,-150
1767171831.9202385,0,0,-149
1767171831.9302382,0,0,-148
1767171831.9402382,0,-1,-152
1767171831.9502382,-5,-5,-154
1767171831.9602382,-5,-6,-154
1767171836.994238,-3,-10,-141
1767171837.002238,-3,-13,-140
1767171837.0122385,-6,-14,-138
1767171837.0222385,-8,-10,-145
1767171837.0322382,-9,-9,-146
1767171837.0422382,-8,0,-145
1767171837.0522382,-8,3,-138
1767171837.0622382,-4,-3,-134
1767171837.0722382,-3,-6,-133
1767171837.0822382,-2,-5,-140
1767171837.0922382,-9,-2,-142
1767171837.1022382,-8,0,-135
1767171837.113238,-6,-4,-133
1767171837.1222382,-1,-3,-137
1767171837.133238,0,-4,-136
1767171837.143238,-2,-2,-141
1767171837.153238,1,-2,-145
1767171837.163238,1,-1,-147
1767171837.173238,1,-3,-149
1767171837.1832385,-1,-1,-146
1767171837.1932385,0,1,-142
1767171837.2032382,0,-1,-148
1767171837.2132382,6,-3,-152
1767171837.2232382,6,-5,-153
1767171837.2332382,5,-6,-156
1767171837.2432382,5,-4,-159
1767171837.2532382,8,-1,-158
1767171837.2632382,6,0,-151
1767171837.2732382,6,1,-146
1767171837.2832382,2,0,-145
1767171837.2932382,2,-2,-148
1767171837.3032382,6,0,-148
1767171837.313238,5,-1,-142
1767171837.323238,4,-3,-140
1767171837.333238,4,0,-138
1767171837.343238,7,0,-137
1767171837.353238,6,0,-134
1767171837.363238,7,-1,-138
1767171837.373238,4,-2,-137
1767171837.383238,6,-6,-139
1767171837.393238,5,-6,-137
1767171837.403238,1,-2,-139
1767171837.413238,4,-1,-137
1767171837.423238,3,-4,-141
1767171837.4332385,0,0,-139
1767171837.4432385,3,2,-138
1767171837.4532382,4,3,-140
1767171837.4632382,2,0,-136
1767171837.4732382,3,-3,-131
1767171837.4832382,5,-3,-137
1767171837.4932382,8,-1,-140
1767171837.5032382,2,-1,-137
1767171837.5132382,0,0,-139
1767171837.5232382,-2,0,-144
1767171837.5332382,-5,0,-142
1767171837.5432382,-4,0,-145
1767171837.5532382,-4,5,-152
1767171837.563238,-8,2,-148
1767171837.573238,-3,3,-143
1767171837.583238,0,-1,-146
1767171837.593238,2,0,-148
1767171837.603238,-1,2,-145
1767171837.613238,-2,4,-146
1767171837.623238,-2,2,-145
1767171837.633238,-7,2,-150
1767171837.643238,-8,1,-152
1767171837.653238,-7,0,-145
1767171837.663238,-4,0,-149
1767171837.673238,2,0,-146
1767171837.6832385,3,-2,-142
1767171837.6932385,0,-1,-150
1767171837.7032382,2,2,-151
1767171837.7132382,2,5,-150
1767171837.7232382,3,2,-149
1767171837.7332382,3,2,-145
1767171837.7432382,4,3,-142
1767171837.7532382,4,4,-140
1767171837.7632382,6,1,-140
1767171837.7732382,7,-6,-137
1767171837.7832382,5,-9,-136
1767171837.7932382,8,-6,-138
1767171837.8032382,3,-5,-139
1767171837.813238,-1,-6,-143
1767171837.823238,-2,-4,-144
1767171837.833238,-1,-3,-147
1767171837.843238,-3,-3,-145
1767171837.853238,-1,-3,-148
1767171837.863238,5,-3,-148
1767171837.873238,3,-5,-148
1767171837.883238,3,-5,-154
1767171837.893238,1,0,-150
1767171837.903238,-6,0,-148
1767171837.913238,-10,4,-148
1767171837.923238,-8,6,-148
1767171837.9332385,-9,3,-147
1767171837.9432385,-7,0,-148
1767171837.9532382,-6,-2,-140
1767171837.9632382,-3,-2,-141
1767171837.9732382,-4,-4,-142
1767171837.9832382,-2,-4,-145
1767171837.9932382,-5,-1,-147
1767171838.0032382,-6,-5,-150
1767171838.0132382,-9,-5,-150
1767171838.0232382,-9,-4,-151
1767171838.0332382,-7,-3,-147
1767171838.0432382,-1,-2,-148
1767171838.0532382,-1,1,-145
1767171838.063238,1,2,-140
1767171838.073238,0,-1,-136
1767171838.083238,0,-1,-135
1767171838.093238,-3,0,-135
1767171838.103238,-6,-2,-134
1767171838.113238,-9,1,-130
1767171838.123238,-5,0,-126
1767171838.133238,-1,-1,-131
1767171838.143238,1,-3,-133
1767171838.153238,0,-3,-133
1767171838.163238,1,-1,-134
1767171838.173238,-1,-5,-132
1767171838.1832385,-2,-5,-135
1767171838.1932385,-1,-4,-139
1767171838.2032382,-6,0,-139
1767171838.2132382,-3,-2,-143
1767171838.2232382,-3,-5,-140
1767171838.2332382,-1,-2,-137
1767171838.2432382,0,0,-139
1767171838.2532382,0,0,-141
1767171838.2632382,4,0,-143
1767171838.2732382,4,3,-147
1767171838.2832382,2,-5,-144
1767171838.2932382,4,-5,-139
1767171838.3032382,5,-6,-139
1767171838.313238,2,-8,-139
1767171838.323238,0,-5,-137
1767171838.333238,-6,-4,-138
1767171838.343238,-6,-2,-139
1767171838.353238,-4,-1,-137
1767171838.363238,-1,-1,-140
1767171838.373238,1,0,-145
1767171838.383238,3,-3,-146
1767171838.393238,4,-6,-146
1767171838.403238,4,-8,-139
1767171838.413238,2,-7,-139
1767171838.423238,0,-5,-144
1767171838.4332385,-1,-4,-148
1767171838.4432385,0,-1,-149
1767171838.4532382,3,-1,-145
1767171838.4632382,0,-1,-142
1767171838.4732382,-2,-2,-146
1767171838.4832382,-5,0,-148
1767171838.4932382,-5,1,-148
1767171838.5032382,-2,3,-145
1767171838.5132382,3,3,-145
1767171838.5232382,1,2,-146
1767171838.5332382,4,1,-145
1767171838.5432382,1,2,-147
1767171838.5532382,0,1,-147
1767171838.563238,0,-2,-146
1767171838.573238,-2,-2,-145
1767171838.583238,1,4,-141
1767171838.593238,0,1,-136
1767171838.603238,0,-4,-139
1767171838.613238,0,-2,-143
1767171838.623238,0,-1,-145
1767171838.633238,0,-2,-147
1767171838.643238,2,0,-149
1767171838.653238,0,0,-142
1767171838.663238,-3,0,-136
1767171838.673238,-6,-1,-139
1767171838.6832385,-9,0,-141
1767171838.6932385,-9,1,-142
1767171838.7032382,-9,-1,-139
1767171838.7132382,-6,-4,-140
1767171838.7232382,-6,-4,-133
1767171838.7332382,-8,-3,-131
1767171838.7432382,-5,-4,-133
1767171838.7532382,-4,-2,-132
1767171838.7632382,0,-5,-132
1767171838.7732382,0,-2,-140
1767171838.7832382,0,-2,-138
1767171838.7932382,0,-1,-135
1767171838.8032382,2,-3,-144
1767171838.813238,0,-2,-146
1767171838.823238,-1,-4,-141
1767171838.833238,-1,-5,-137
1767171838.843238,0,-4,-137
1767171838.853238,-2,-7,-135
1767171838.863238,-3,-2,-137
1767171838.873238,-4,1,-135
1767171838.883238,-9,4,-136
1767171838.893238,-7,4,-140
1767171838.903238,-1,4,-137
1767171838.913238,-1,0,-135
1767171838.923238,0,4,-141
1767171838.9332385,0,6,-138
1767171838.9432385,1,4,-140
1767171838.9532382,2,3,-138
1767171838.9632382,4,3,-148
1767171838.9732382,5,7,-154
1767171838.9832382,5,5,-153
1767171838.9932382,4,1,-154
1767171839.0032382,0,0,-155
1767171839.0132382,-2,-3,-154
1767171839.0232382,-1,-8,-155
1767171839.0332382,-5,-3,-146
1767171839.0432382,-1,-5,-151
1767171839.0532382,2,-1,-153
1767171839.063238,2,-2,-153
1767171839.073238,-1,-6,-152
1767171839.083238,-4,-5,-148
1767171839.093238,-5,-5,-146
1767171839.103238,-3,-1,-144
1767171839.113238,0,-1,-146
1767171839.123238,-2,-8,-149
1767171839.133238,-1,-10,-147
1767171839.143238,-6,-9,-142
1767171839.153238,-3,-9,-154
1767171839.163238,-3,-7,-147
1767171839.173238,-2,-2,-142
1767171839.1832385,-2,-1,-146
1767171839.1932385,-2,0,-137
1767171839.2032382,-4,0,-139
1767171839.2132382,-7,0,-135
1767171839.2232382,-9,0,-137
1767171839.2332382,-9,-2,-142
1767171839.2432382,-9,-2,-150
1767171839.2532382,-3,-1,-152
1767171839.2632382,-2,-3,-152
1767171839.2732382,0,0,-149
1767171839.2832382,-1,-1,-151
1767171839.2932382,0,-5,-148
1767171839.3032382,-2,-4,-149
1767171839.313238,0,0,-144
1767171839.323238,-1,2,-144
1767171839.333238,-2,1,-142
1767171839.343238,1,0,-145
1767171839.353238,1,0,-139
1767171839.363238,-2,1,-134
1767171839.373238,-1,0,-135
1767171839.383238,0,-1,-136
1767171839.393238,-5,1,-141
1767171839.403238,-8,1,-145
1767171839.413238,-5,-1,-151
1767171839.423238,0,-3,-151
1767171839.4332385,0,-5,-145
1767171839.4432385,1,-4,-142
1767171839.4532382,1,-4,-143
1767171839.4632382,-2,-4,-150
1767171839.4732382,0,-4,-150
1767171839.4832382,1,-2,-156
1767171839.4932382,0,0,-154
1767171839.5032382,0,0,-155
1767171839.5132382,0,-1,-150
1767171839.5232382,0,0,-148
1767171839.5332382,5,3,-147
1767171839.5432382,2,2,-142
1767171839.5532382,8,1,-147
1767171839.563238,11,-3,-148
1767171839.573238,12,-5,-143
1767171839.583238,8,-8,-137
1767171839.593238,2,-8,-144
1767171839.603238,0,-6,-142
1767171839.613238,0,-3,-144
1767171839.623238,-2,-6,-138
1767171839.633238,-2,-1,-140
1767171839.6442382,-2,2,-148
1767171839.653238,-1,3,-149
1767171839.663238,1,4,-151
1767171839.6742382,0,5,-149
1767171839.6842382,-1,0,-146
1767171839.6942382,0,2,-143
1767171839.7042382,2,0,-143
1767171839.7142382,2,3,-145
1767171839.7242382,0,3,-146
1767171839.734238,0,4,-149
1767171839.744238,-1,3,-148
1767171839.754238,-2,0,-149
1767171839.764238,0,-3,-148
1767171839.774238,6,2,-149
1767171839.784238,9,5,-152
1767171839.794238,8,6,-145
1767171839.804238,9,6,-146
1767171839.814238,10,5,-149
1767171839.824238,6,3,-145
1767171839.834238,2,0,-144
1767171839.844238,4,-8,-152
1767171839.8542385,1,-6,-149
1767171839.8642385,5,-6,-149
1767171839.8742385,4,-8,-138
1767171839.8842382,1,-9,-133
1767171839.8942382,1,-7,-137
1767171839.9042382,-2,-2,-138
1767171839.9142382,-4,-7,-142
1767171839.9242382,0,-5,-147
1767171839.9342382,-2,-3,-150
1767171839.9442382,-2,-3,-152
1767171839.9542382,-1,-2,-156
1767171839.9642382,-1,0,-158
1767171839.9742382,-3,3,-152
1767171839.984238,0,2,-148
1767171839.994238,3,0,-150
1767171840.004238,0,1,-150
1767171840.014238,1,3,-148
1767171840.024238,-3,3,-153
1767171840.034238,-6,4,-148
1767171840.044238,-3,1,-145
1767171840.054238,2,-1,-146
1767171840.064238,0,-5,-139
1767171840.074238,1,-7,-138
1767171840.084238,2,-7,-137
1767171840.094238,1,-9,-138
1767171840.1042385,-1,-7,-142
1767171840.1142385,0,-4,-142
1767171840.1242385,0,-4,-138
1767171840.1342382,-2,-4,-142
1767171840.1442382,-6,-6,-150
1767171840.1542382,2,-3,-151
1767171840.1642382,4,-1,-159
1767171840.1742382,2,-4,-155
1767171840.1842382,2,-6,-153
1767171840.1942382,1,-6,-156
1767171840.2042382,-1,-6,-163
1767171840.2142382,7,-10,-156
1767171840.2242382,7,-14,-151
1767171840.234238,5,-15,-148
1767171840.244238,3,-12,-140
1767171840.254238,2,-10,-144
1767171840.264238,0,-9,-144
1767171840.274238,1,-8,-140
1767171840.284238,2,-8,-147
1767171840.294238,-4,-7,-149
1767171840.304238,-3,-5,-142
1767171840.314238,2,-7,-139
1767171840.324238,5,-7,-139
1767171840.334238,0,-4,-132
1767171840.344238,0,-2,-133
1767171840.3542385,1,-3,-134
1767171840.3642385,0,0,-133
1767171840.3742385,-4,-4,-135
1767171840.3842382,-5,-7,-133
1767171840.3942382,-4,-4,-133
1767171840.4042382,-7,-2,-140
1767171840.4142382,-6,0,-145
1767171840.4242382,-6,-6,-145
1767171840.4342382,-2,-9,-141
1767171840.4442382,-4,-8,-132
1767171840.4542382,-2,-7,-137
1767171840.4642382,-4,-4,-141
1767171840.4742382,-7,-4,-136
1767171840.484238,-6,-5,-138
1767171840.494238,-1,-4,-136
1767171840.504238,1,-4,-137
1767171840.514238,4,-5,-137
1767171840.524238,6,-3,-136
1767171840.534238,6,0,-140
1767171840.544238,7,0,-144
1767171840.554238,4,1,-142
1767171840.564238,1,-2,-142
1767171840.574238,0,-2,-149
1767171840.584238,-1,-3,-146
1767171840.594238,1,-4,-137
1767171840.6042385,6,-2,-138
1767171840.6142385,4,2,-134
1767171840.6242385,2,2,-138
1767171840.6342382,3,0,-140
1767171840.6442382,0,-3,-141
1767171840.6542382,-1,0,-137
1767171840.6642382,-2,0,-136
1767171840.6742382,-4,-1,-142
1767171840.6842382,-5,0,-146
1767171840.6942382,-5,0,-143
1767171840.7042382,-5,-1,-144
1767171840.7142382,-3,1,-146
1767171840.7242382,-2,-1,-155
1767171840.734238,0,-2,-161
1767171840.744238,1,-1,-152
1767171840.754238,2,-3,-146
1767171840.764238,1,-9,-144
1767171840.774238,-1,-8,-137
1767171840.784238,2,-8,-141
1767171840.794238,-1,-5,-141
1767171840.804238,0,-4,-138
1767171840.814238,-1,-3,-139
1767171840.824238,-1,-2,-146
1767171840.834238,-4,-5,-151
1767171840.844238,-1,-7,-152
1767171840.8542385,-5,-4,-153
1767171840.8642385,-7,-7,-155
1767171840.8742385,-4,-6,-148
1767171840.8842382,-3,-5,-141
1767171840.8942382,-5,-5,-136
1767171840.9042382,-5,-2,-138
1767171840.9142382,-1,-1,-136
1767171840.9242382,-2,-6,-142
1767171840.9342382,-1,-4,-145
1767171840.9442382,-1,-2,-147
1767171840.9542382,-4,-5,-146
1767171840.9642382,0,-8,-144
1767171840.9742382,0,-6,-147
1767171840.984238,0,0,-150
1767171840.994238,4,-1,-147
1767171841.004238,1,-1,-149
1767171841.014238,3,-2,-145
1767171841.024238,1,-2,-144
1767171841.034238,3,-2,-145
1767171841.044238,0,-1,-148
1767171841.054238,0,-1,-150
1767171841.064238,0,3,-142
1767171841.074238,2,5,-144
1767171841.084238,0,3,-152
1767171841.094238,5,0,-151
1767171841.1042385,9,0,-151
1767171841.1142385,6,-3,-151
1767171841.1242385,1,-4,-151
1767171841.1342382,1,-7,-151
1767171841.1442382,8,-8,-155
1767171841.1542382,7,-9,-150
1767171841.1642382,4,-2,-145
1767171841.1742382,1,-1,-146
1767171841.1842382,-1,0,-151
1767171841.1942382,0,3,-146
1767171841.2042382,4,2,-145
1767171841.2142382,5,0,-146
1767171841.2242382,5,-1,-137
1767171841.234238,5,-2,-132
1767171841.244238,8,-5,-135
1767171841.254238,8,-7,-134
1767171841.264238,6,-8,-136
1767171841.274238,2,-8,-135
1767171841.284238,1,-8,-139
1767171841.294238,3,-12,-143
1767171841.304238,3,-9,-146
1767171841.314238,4,-6,-147
1767171841.324238,1,0,-147
1767171841.334238,0,3,-151
1767171841.344238,0,2,-148
1767171841.3542385,3,4,-151
1767171841.3642385,0,3,-154
1767171841.3742385,5,2,-149
1767171841.3842382,6,1,-148
1767171841.3942382,7,-1,-143
1767171841.4042382,3,-2,-142
1767171841.4142382,3,-3,-141
1767171841.4242382,3,-4,-144
1767171841.4342382,2,-6,-148
1767171841.4442382,0,-6,-149
1767171841.4542382,4,-2,-147
1767171841.4642382,1,1,-148
1767171841.4742382,-1,-1,-145
1767171841.484238,-1,-4,-147
1767171841.494238,0,-2,-150
1767171841.504238,-2,0,-145
1767171841.514238,-2,-4,-144
1767171841.524238,-6,-3,-145
1767171841.534238,-5,-2,-144
1767171841.544238,-11,0,-145
1767171841.554238,-11,-2,-151
1767171841.564238,-6,-2,-142
1767171841.574238,-5,-2,-141
1767171841.584238,-7,-5,-143
1767171841.594238,-5,-9,-144
1767171841.6042385,-3,-7,-151
1767171841.6142385,-5,-3,-149
1767171841.6242385,-8,1,-156
1767171841.6342382,-9,2,-152
1767171841.6442382,-1,1,-146
1767171841.6542382,-3,5,-142
1767171841.6642382,1,6,-137
1767171841.6742382,2,1,-135
1767171841.6842382,5,2,-131
1767171841.6942382,8,3,-133
1767171841.7042382,6,-2,-134
1767171841.7142382,5,-5,-142
1767171841.7242382,0,-5,-144
1767171841.734238,-1,-6,-149
1767171841.744238,0,-5,-149
1767171841.754238,2,-4,-152
1767171841.764238,6,0,-146
1767171841.774238,6,0,-140
1767171841.784238,1,2,-140
1767171841.794238,-3,1,-143
1767171841.804238,0,0,-147
1767171841.814238,-5,0,-145
1767171841.824238,-5,-1,-150
1767171841.834238,-4,-1,-147
1767171841.844238,0,0,-147
1767171841.8542385,1,0,-149
1767171841.8642385,-2,-1,-145
1767171841.8742385,-8,-4,-148
1767171841.8842382,-9,-3,-147
1767171841.8942382,-10,-2,-148
1767171841.9042382,-6,3,-146
1767171841.9142382,-7,5,-143
1767171841.9242382,-3,3,-144
1767171841.9342382,-5,0,-141
1767171841.9442382,-7,3,-140
1767171841.9542382,-8,1,-147
1767171841.9642382,-9,0,-142
1767171841.9742382,-7,1,-141
1767171841.984238,-4,0,-147
1767171847.018238,-3,0,-136
1767171847.0262382,-2,-2,-138
1767171847.0362382,1,0,-135
1767171847.0462382,5,3,-133
1767171847.0562382,4,1,-136
1767171847.0662382,1,-1,-137
1767171847.0762382,0,0,-136
1767171847.086238,-1,-2,-141
1767171847.096238,4,-2,-143
1767171847.106238,0,0,-144
1767171847.116238,-1,0,-146
1767171847.126238,0,3,-149
1767171847.136238,-5,1,-150
1767171847.146238,-5,3,-148
1767171847.156238,-5,1,-147
1767171847.166238,-4,0,-149
1767171847.176238,-2,-1,-152
1767171847.186238,-3,-1,-152
1767171847.196238,-4,-1,-145
1767171847.2072382,-3,-7,-140
1767171847.2162385,0,-4,-140
1767171847.2272382,-3,0,-141
1767171847.2372382,-2,0,-140
1767171847.2472382,-6,1,-144
1767171847.257238,-9,0,-146
1767171847.267238,-5,3,-147
1767171847.277238,-6,3,-142
1767171847.2862382,-5,0,-137
1767171847.297238,-2,-5,-140
1767171847.307238,-2,-4,-135
1767171847.317238,-1,-1,-133
1767171847.327238,-5,-4,-135
1767171847.337238,-2,-2,-136
1767171847.347238,0,-4,-133
1767171847.357238,0,-4,-140
1767171847.367238,1,0,-145
1767171847.377238,1,-1,-145
1767171847.3872385,1,-1,-144
1767171847.3972385,2,4,-143
1767171847.4072382,2,2,-147
1767171847.4172382,0,2,-153
1767171847.4272382,1,-1,-156
1767171847.4372382,0,0,-146
1767171847.4472382,-2,1,-141
1767171847.4572382,-1,2,-144
1767171847.4672382,-2,1,-153
1767171847.4772382,-4,0,-155
1767171847.4872382,-3,-4,-154
1767171847.4972382,2,-3,-150
1767171847.507238,4,-4,-144
1767171847.517238,0,0,-143
1767171847.527238,-1,-3,-141
1767171847.537238,-3,-2,-144
1767171847.547238,-5,1,-141
1767171847.557238,-5,3,-138
1767171847.567238,0,3,-137
1767171847.577238,3,1,-142
1767171847.587238,3,4,-141
1767171847.597238,0,0,-140
1767171847.607238,-2,0,-144
1767171847.617238,-1,0,-145
1767171847.627238,-2,-4,-141
1767171847.6372385,-3,-2,-140
1767171847.6472385,-5,-1,-137
1767171847.6572382,-1,-2,-139
1767171847.6672382,1,0,-144
1767171847.6772382,1,3,-144
1767171847.6872382,1,6,-144
1767171847.6972382,1,5,-150
1767171847.7072382,2,2,-142
1767171847.7172382,3,0,-143
1767171847.7272382,6,-1,-139
1767171847.7372382,7,-2,-138
1767171847.7472382,3,-2,-143
1767171847.757238,6,0,-147
1767171847.767238,8,0,-144
1767171847.777238,4,1,-141
1767171847.787238,2,3,-139
1767171847.797238,6,4,-132
1767171847.807238,4,1,-130
1767171847.817238,0,0,-129
1767171847.827238,0,-4,-134
1767171847.837238,0,-9,-139
1767171847.847238,-1,-11,-136
1767171847.857238,-3,-8,-139
1767171847.867238,0,-4,-142
1767171847.877238,-2,-5,-147
1767171847.8872385,-1,-4,-149
1767171847.8972385,-7,-6,-155
1767171847.9072382,-6,-4,-157
1767171847.9172382,-7,-2,-155
1767171847.9272382,-6,0,-154
1767171847.9372382,0,0,-158
1767171847.9472382,-3,0,-156
1767171847.9572382,-1,3,-159
1767171847.9672382,-1,0,-154
1767171847.9772382,0,1,-149
1767171847.9872382,0,0,-146
1767171847.9972382,2,1,-148
1767171848.007238,3,2,-146
1767171848.017238,2,-2,-144
1767171848.027238,4,-2,-139
1767171848.037238,2,-2,-144
1767171848.047238,0,0,-146
1767171848.057238,-4,0,-143
1767171848.067238,-1,3,-146
1767171848.077238,0,0,-151
1767171848.087238,0,2,-150
1767171848.097238,-5,0,-147
1767171848.107238,-4,0,-152
1767171848.117238,-1,0,-152
1767171848.127238,0,0,-151
1767171848.1372385,-2,1,-147
1767171848.1472385,-7,3,-148
1767171848.1572382,-6,6,-140
1767171848.1672382,-7,5,-140
1767171848.1772382,-8,3,-142
1767171848.1872382,-10,-3,-144
1767171848.1972382,-8,-2,-146
1767171848.2072382,-9,-4,-144
1767171848.2172382,-5,-4,-142
1767171848.2272382,-3,-2,-143
1767171848.2372382,0,-1,-144
1767171848.2472382,-1,-3,-148
1767171848.257238,0,-6,-154
1767171848.267238,2,-9,-154
1767171848.277238,1,-3,-152
1767171848.287238,1,-3,-151
1767171848.297238,0,-3,-143
1767171848.307238,-2,-2,-139
1767171848.317238,-2,-3,-139
1767171848.327238,0,-1,-137
1767171848.337238,0,-5,-135
1767171848.347238,0,-7,-140
1767171848.357238,-3,-7,-143
1767171848.367238,0,-8,-147
1767171848.377238,0,-9,-149
1767171848.3872385,-1,-7,-150
1767171848.3972385,-5,-8,-149
1767171848.4072382,-2,-7,-152
1767171848.4172382,2,-4,-152
1767171848.4272382,5,-4,-151
1767171848.4372382,3,-3,-154
1767171848.4472382,5,0,-154
1767171848.4572382,3,1,-151
1767171848.4672382,0,3,-152
1767171848.4772382,-2,1,-147
1767171848.4872382,-6,-3,-152
1767171848.4972382,-3,0,-150
1767171848.507238,-2,-1,-146
1767171848.517238,0,-2,-136
1767171848.527238,5,-1,-130
1767171848.537238,4,-2,-134
1767171848.547238,4,-3,-138
1767171848.557238,0,0,-142
1767171848.567238,0,0,-144
1767171848.577238,-6,1,-141
1767171848.587238,-3,1,-142
1767171848.597238,0,3,-142
1767171848.607238,0,5,-143
1767171848.617238,0,7,-148
1767171848.627238,-2,6,-153
1767171848.6372385,-3,5,-152
1767171848.6472385,-2,2,-141
1767171848.6572382,1,2,-138
1767171848.6672382,1,3,-138
1767171848.6772382,3,6,-137
1767171848.6872382,1,7,-133
1767171848.6972382,3,4,-133
1767171848.7072382,2,-1,-129
1767171848.7172382,8,0,-130
1767171848.7272382,5,2,-131
1767171848.7372382,0,2,-134
1767171848.7472382,0,1,-131
1767171848.757238,-4,3,-137
1767171848.767238,0,9,-135
1767171848.777238,-1,12,-140
1767171848.787238,-6,11,-146
1767171848.797238,-9,7,-149
1767171848.807238,-9,7,-144
1767171848.817238,-10,6,-141
1767171848.827238,-10,4,-142
1767171848.837238,-6,0,-140
1767171848.847238,-5,1,-144
1767171848.857238,1,8,-143
1767171848.867238,3,7,-141
1767171848.877238,2,4,-145
1767171848.8872385,0,5,-147
1767171848.8972385,0,8,-145
1767171848.9072382,0,7,-143
1767171848.9172382,2,6,-146
1767171848.9272382,-1,3,-150
1767171848.9372382,-1,3,-157
1767171848.9472382,1,1,-153
1767171848.9572382,0,5,-143
1767171848.9672382,0,4,-137
1767171848.9772382,0,1,-137
1767171848.9872382,1,2,-138
1767171848.9972382,1,0,-143
1767171849.007238,0,-1,-141
1767171849.017238,0,-3,-143
1767171849.027238,0,-3,-151
1767171849.037238,0,-3,-153
1767171849.047238,1,0,-152
1767171849.057238,3,0,-150
1767171849.067238,2,4,-148
1767171849.077238,0,1,-148
1767171849.087238,2,3,-144
1767171849.097238,3,3,-145
1767171849.107238,4,2,-150
1767171849.117238,1,0,-149
1767171849.127238,1,0,-146
1767171849.1372385,-7,0,-145
1767171849.1472385,-1,0,-146
1767171849.1572382,1,0,-145
1767171849.1672382,-3,0,-145
1767171849.1772382,-2,-2,-146
1767171849.1872382,-2,-3,-149
1767171849.1972382,-3,-3,-149
1767171849.2072382,-1,0,-145
1767171849.2172382,-2,4,-149
1767171849.2272382,-2,6,-145
1767171849.2372382,0,5,-148
1767171849.2472382,4,5,-150
1767171849.257238,-2,3,-149
1767171849.267238,-3,3,-144
1767171849.277238,0,4,-142
1767171849.287238,0,0,-146
1767171849.297238,-7,-2,-140
1767171849.307238,-8,0,-142
1767171849.317238,-8,2,-147
1767171849.327238,-6,3,-151
1767171849.337238,-6,5,-149
1767171849.347238,-6,4,-152
1767171849.357238,-6,3,-144
1767171849.367238,-2,5,-144
1767171849.377238,0,4,-139
1767171849.3872385,-2,1,-140
1767171849.3972385,0,0,-140
1767171849.4072382,2,0,-132
1767171849.4172382,1,1,-132
1767171849.4272382,0,1,-144
1767171849.4372382,-1,0,-148
1767171849.4472382,2,-2,-145
1767171849.4572382,2,-4,-147
1767171849.4672382,2,-2,-152
1767171849.4772382,0,0,-150
1767171849.4872382,3,7,-149
1767171849.4972382,4,6,-145
1767171849.507238,-1,0,-143
1767171849.517238,-3,-1,-146
1767171849.527238,-3,4,-149
1767171849.537238,-2,7,-150
1767171849.547238,-4,4,-152
1767171849.557238,0,3,-147
1767171849.567238,1,5,-156
1767171849.577238,0,1,-155
1767171849.587238,-2,2,-157
1767171849.597238,0,0,-155
1767171849.607238,2,-7,-158
1767171849.617238,2,-8,-157
1767171849.627238,2,-7,-152
1767171849.6372385,0,-9,-150
1767171849.6472385,2,-8,-153
1767171849.6572382,1,-5,-153
1767171849.6672382,2,-5,-148
1767171849.6772382,-1,-10,-141
1767171849.6872382,-3,-9,-140
1767171849.6972382,0,-5,-137
1767171849.708238,-5,-7,-144
1767171849.7172382,-3,-8,-143
1767171849.7272382,-3,-8,-143
1767171849.7372382,0,-9,-147
1767171849.748238,2,-9,-146
1767171849.758238,7,-7,-149
1767171849.768238,6,-11,-145
1767171849.778238,9,-8,-149
1767171849.788238,5,-6,-151
1767171849.798238,1,-3,-152
1767171849.8082385,1,-4,-147
1767171849.8182385,5,-5,-147
1767171849.8282382,5,-6,-146
1767171849.8382382,3,0,-150
1767171849.8482382,6,-3,-147
1767171849.8582382,4,-3,-147
1767171849.8682382,5,-2,-148
1767171849.8782382,6,-1,-148
1767171849.8882382,8,0,-149
1767171849.8982382,7,0,-146
1767171849.9082382,4,-3,-145
1767171849.9182382,1,-5,-146
1767171849.9282382,-1,-2,-145
1767171849.938238,-3,-2,-143
1767171849.948238,-4,-2,-149
1767171849.958238,-5,-2,-150
1767171849.968238,-10,-4,-153
1767171849.978238,-7,-4,-155
1767171849.988238,-2,-3,-154
1767171849.998238,2,-5,-156
1767171850.008238,5,-5,-158
1767171850.018238,5,-1,-154
1767171850.028238,2,-1,-152
1767171850.038238,0,-3,-151
1767171850.048238,0,-2,-151
1767171850.0582385,2,0,-145
1767171850.0682385,2,-2,-146
1767171850.0782382,1,-3,-149
1767171850.0882382,0,-8,-142
1767171850.0982382,2,-8,-140
1767171850.1082382,3,-5,-142
1767171850.1182382,0,-4,-147
1767171850.1282382,0,2,-149
1767171850.1382382,0,-4,-149
1767171850.1482382,0,0,-148
1767171850.1582382,-2,-1,-145
1767171850.1682382,1,-2,-144
1767171850.1782382,4,-4,-149
1767171850.188238,-1,-1,-143
1767171850.198238,-1,-1,-147
1767171850.208238,-1,0,-146
1767171850.218238,-2,0,-149
1767171850.228238,-3,0,-146
1767171850.238238,-5,0,-144
1767171850.248238,1,2,-134
1767171850.258238,3,0,-138
1767171850.268238,0,0,-141
1767171850.278238,-3,0,-143
1767171850.288238,1,-1,-141
1767171850.298238,1,1,-143
1767171850.3082385,1,2,-145
1767171850.3182385,0,1,-144
1767171850.3282382,0,-3,-149
1767171850.3382382,0,-6,-146
1767171850.3482382,-4,-6,-150
1767171850.3582382,-1,-6,-148
1767171850.3682382,-3,-3,-145
1767171850.3782382,1,-4,-142
1767171850.3882382,4,-5,-147
1767171850.3982382,8,-4,-158
1767171850.4082382,6,-6,-162
1767171850.4182382,3,-5,-155
1767171850.4282382,-1,-6,-153
1767171850.438238,-3,-3,-151
1767171850.448238,-4,-3,-154
1767171850.458238,-3,-1,-150
1767171850.468238,-3,1,-150
1767171850.478238,0,3,-148
1767171850.488238,3,3,-153
1767171850.498238,10,1,-149
1767171850.508238,9,2,-154
1767171850.518238,7,2,-150
1767171850.528238,3,1,-150
1767171850.538238,5,4,-154
1767171850.548238,10,2,-154
1767171850.5582385,4,-2,-154
1767171850.5682385,-2,-6,-148
1767171850.5782382,-2,-7,-146
1767171850.5882382,-2,-8,-148
1767171850.5982382,-2,-6,-145
1767171850.6082382,-4,-6,-147
1767171850.6182382,-8,-6,-148
1767171850.6282382,-5,-6,-146
1767171850.6382382,-2,-4,-143
1767171850.6482382,-3,-3,-150
1767171850.6582382,-1,0,-156
1767171850.6682382,-1,-1,-153
1767171850.6782382,4,-4,-155
1767171850.688238,-3,0,-154
1767171850.698238,-5,2,-155
1767171850.708238,-2,-1,-155
1767171850.718238,-2,-4,-151
1767171850.728238,-2,-5,-149
1767171850.738238,-8,-2,-146
1767171850.748238,-9,2,-148
1767171850.758238,-6,2,-145
1767171850.768238,1,0,-147
1767171850.778238,9,-1,-140
1767171850.788238,14,-1,-141
1767171850.798238,14,1,-136
1767171850.8082385,14,5,-135
1767171850.8182385,8,6,-134
1767171850.8282382,4,4,-132
1767171850.8382382,4,3,-137
1767171850.8482382,-2,5,-140
1767171850.8582382,0,14,-141
1767171850.8682382,1,12,-145
1767171850.8782382,5,3,-146
1767171850.8882382,4,-1,-153
1767171850.8982382,4,-1,-148
1767171850.9082382,5,-1,-145
1767171850.9182382,4,-1,-153
1767171850.9282382,6,-4,-153
1767171850.938238,8,-2,-146
1767171850.948238,8,-3,-147
1767171850.958238,4,-4,-144
1767171850.968238,1,-4,-140
1767171850.978238,-4,-6,-139
1767171850.988238,-2,-4,-131
1767171850.998238,-5,-3,-134
1767171851.008238,-3,-4,-141
1767171851.018238,-5,-6,-135
1767171851.028238,-4,-8,-138
1767171851.038238,-5,-10,-143
1767171851.048238,-3,-7,-146
1767171851.0582385,2,-9,-143
1767171851.0682385,2,-8,-141
1767171851.0782382,5,-6,-141
1767171851.0882382,5,-3,-141
1767171851.0982382,2,-3,-145
1767171851.1082382,2,-6,-150
1767171851.1182382,2,-2,-148
1767171851.1282382,5,-7,-146
1767171851.1382382,5,-7,-144
1767171851.1482382,0,-3,-145
1767171851.1582382,-2,-4,-143
1767171851.1682382,-4,2,-144
1767171851.1782382,-1,3,-140
1767171851.188238,1,4,-136
1767171851.198238,0,5,-140
1767171851.208238,0,0,-147
1767171851.218238,0,-1,-143
1767171851.228238,0,-1,-141
1767171851.238238,1,0,-135
1767171851.248238,0,0,-130
1767171851.258238,-1,-5,-132
1767171851.268238,1,-3,-136
1767171851.278238,3,-3,-134
1767171851.288238,-2,0,-140
1767171851.298238,-6,0,-136
1767171851.3082385,-8,1,-129
1767171851.3182385,-6,-3,-126
1767171851.3282382,0,-4,-129
1767171851.3382382,7,-3,-127
1767171851.3482382,5,-4,-133
1767171851.3582382,0,-3,-137
1767171851.3682382,3,-1,-141
1767171851.3782382,2,1,-142
1767171851.3882382,1,1,-136
1767171851.3982382,0,0,-141
1767171851.4082382,-1,-1,-149
1767171851.4182382,-3,0,-147
1767171851.4282382,-5,0,-144
1767171851.438238,-2,0,-144
1767171851.448238,-3,-2,-140
1767171851.458238,0,-1,-139
1767171851.468238,5,-1,-141
1767171851.478238,6,0,-144
1767171851.488238,9,2,-143
1767171851.498238,6,1,-132
1767171851.508238,0,0,-137
1767171851.518238,2,-1,-137
1767171851.528238,1,0,-133
1767171851.538238,2,0,-134
1767171851.548238,-2,2,-136
1767171851.5582385,6,-1,-137
1767171851.5682385,7,-1,-136
1767171851.5782382,11,-1,-137
1767171851.5882382,4,0,-139
1767171851.5982382,2,0,-140
1767171851.6082382,-3,-1,-138
1767171851.6182382,-5,-3,-137
1767171851.6282382,-6,-4,-143
1767171851.6382382,-4,-2,-147
1767171851.6482382,0,-3,-150
1767171851.6582382,3,0,-150
1767171851.6682382,5,-2,-155
1767171851.6782382,4,-1,-150
1767171851.688238,1,-3,-145
1767171851.698238,0,-1,-145
1767171851.708238,-2,-4,-148
1767171851.718238,-5,-6,-151
1767171851.728238,-10,-6,-155
1767171851.738238,-9,-5,-160
1767171851.748238,-6,-4,-147
1767171851.758238,-6,-4,-142
1767171851.768238,-4,-5,-140
1767171851.778238,-1,-8,-144
1767171851.788238,0,-8,-142
1767171851.798238,-1,-8,-147
1767171851.8082385,-6,-9,-146
1767171851.8182385,-2,-5,-145
1767171851.8282382,0,1,-141
1767171851.8382382,-1,1,-142
1767171851.8482382,-4,0,-144
1767171851.8582382,-5,0,-146
1767171851.8682382,-7,0,-144
1767171851.8782382,-9,-3,-138
1767171851.8882382,-9,0,-139
1767171851.8982382,-4,0,-142
1767171851.9082382,-4,0,-142
1767171851.9182382,-6,4,-137
1767171851.9282382,-1,7,-141
1767171851.938238,-1,4,-142
1767171851.948238,1,8,-139
1767171851.958238,3,5,-147
1767171851.968238,2,3,-149
1767171851.978238,1,-1,-155
1767171851.988238,0,-2,-157
1767171851.998238,-3,-1,-158
1767171852.008238,-4,0,-154
1767171857.0422382,5,6,-151
1767171857.050238,6,6,-151
1767171857.060238,5,2,-146
1767171857.070238,3,0,-144
1767171857.080238,1,-1,-148
1767171857.090238,0,0,-150
1767171857.100238,0,-1,-150
1767171857.110238,0,-1,-154
1767171857.120238,1,3,-154
1767171857.130238,1,2,-157
1767171857.140238,3,5,-155
1767171857.150238,-1,0,-153
1767171857.1602385,-4,-1,-151
1767171857.1702385,-5,-3,-154
1767171857.1802382,-6,-3,-154
1767171857.1902382,-9,-5,-151
1767171857.2002382,-5,0,-148
1767171857.2102382,-2,4,-151
1767171857.2202382,1,2,-145
1767171857.2302382,2,0,-145
1767171857.2402382,0,-2,-143
1767171857.2502382,1,-3,-142
1767171857.2602382,1,-2,-140
1767171857.2702382,-1,-1,-138
1767171857.2802382,0,1,-134
1767171857.291238,1,0,-134
1767171857.300238,-1,0,-133
1767171857.310238,-1,-4,-136
1767171857.321238,0,-1,-140
1767171857.330238,-1,0,-145
1767171857.3412385,4,2,-145
1767171857.3512385,3,4,-139
1767171857.3612382,0,6,-135
1767171857.3712382,0,10,-132
1767171857.3812382,3,8,-137
1767171857.3912382,3,4,-138
1767171857.4012382,1,1,-141
1767171857.4112382,1,0,-136
1767171857.4212382,0,1,-140
1767171857.4312382,-4,2,-132
1767171857.4412382,-3,5,-134
1767171857.4512382,-2,-2,-132
1767171857.461238,-2,-5,-137
1767171857.471238,0,-5,-143
1767171857.481238,0,-5,-146
1767171857.491238,-1,-6,-143
1767171857.501238,-2,-7,-142
1767171857.511238,-5,-2,-140
1767171857.521238,-2,0,-136
1767171857.531238,-2,-1,-138
1767171857.541238,0,0,-143
1767171857.551238,1,0,-151
1767171857.561238,1,3,-150
1767171857.571238,6,5,-145
1767171857.5812385,8,1,-145
1767171857.5912385,6,0,-147
1767171857.6012385,6,0,-149
1767171857.6112382,6,-1,-145
1767171857.6212382,3,-3,-149
1767171857.6312382,5,0,-148
1767171857.6412382,5,-3,-143
1767171857.6512382,0,-2,-143
1767171857.6612382,0,0,-142
1767171857.6712382,0,0,-141
1767171857.6812382,2,-1,-146
1767171857.6912382,2,4,-147
1767171857.7012382,-2,5,-147
1767171857.711238,-7,5,-139
1767171857.721238,-3,8,-142
1767171857.731238,-2,3,-149
1767171857.741238,-1,0,-158
1767171857.751238,-2,-4,-156
1767171857.761238,-3,-6,-155
1767171857.771238,-6,-6,-150
1767171857.781238,-4,-6,-145
1767171857.791238,-3,-9,-137
1767171857.801238,-5,-4,-132
1767171857.811238,-5,-4,-132
1767171857.821238,-3,-3,-135
1767171857.8312385,-1,-1,-137
1767171857.8412385,0,2,-139
1767171857.8512385,-3,6,-143
1767171857.8612382,-5,5,-146
1767171857.8712382,-6,1,-141
1767171857.8812382,-4,0,-148
1767171857.8912382,-1,-5,-146
1767171857.9012382,0,-4,-147
1767171857.9112382,-1,-1,-144
1767171857.9212382,-2,-1,-145
1767171857.9312382,-1,-2,-142
1767171857.9412382,-2,0,-133
1767171857.9512382,-2,0,-129
1767171857.961238,2,-1,-133
1767171857.971238,4,-3,-141
1767171857.981238,4,1,-143
1767171857.991238,0,3,-146
1767171858.001238,0,3,-143
1767171858.011238,4,2,-140
1767171858.021238,3,5,-144
1767171858.031238,0,6,-143
1767171858.041238,-4,5,-142
1767171858.051238,-7,4,-139
1767171858.061238,0,4,-136
1767171858.071238,5,4,-137
1767171858.0812385,4,7,-143
1767171858.0912385,5,6,-145
1767171858.1012385,3,2,-142
1767171858.1112382,7,2,-146
1767171858.1212382,9,3,-147
1767171858.1312382,7,1,-145
1767171858.1412382,7,3,-149
1767171858.1512382,5,-1,-152
1767171858.1612382,7,-2,-151
1767171858.1712382,1,-1,-152
1767171858.1812382,-1,-5,-157
1767171858.1912382,-3,-5,-153
1767171858.2012382,0,-4,-151
1767171858.211238,2,-9,-145
1767171858.221238,2,-6,-145
1767171858.231238,0,-2,-149
1767171858.241238,0,0,-156
1767171858.251238,1,-2,-154
1767171858.261238,3,-3,-160
1767171858.271238,0,-4,-162
1767171858.281238,-3,-6,-158
1767171858.291238,1,-4,-155
1767171858.301238,0,-4,-148
1767171858.311238,-1,0,-145
1767171858.321238,0,-1,-146
1767171858.3312385,-2,0,-151
1767171858.3412385,1,-1,-149
1767171858.3512385,3,-1,-151
1767171858.3612382,1,-4,-152
1767171858.3712382,0,-5,-151
1767171858.3812382,0,-1,-152
1767171858.3912382,2,-5,-146
1767171858.4012382,1,0,-144
1767171858.4112382,2,-2,-149
1767171858.4212382,-2,-6,-151
1767171858.4312382,-2,-6,-154
1767171858.4412382,-1,-4,-154
1767171858.4512382,3,-2,-152
1767171858.461238,-2,4,-149
1767171858.471238,0,1,-145
1767171858.481238,0,2,-146
1767171858.491238,0,4,-144
1767171858.501238,1,4,-141
1767171858.511238,0,4,-136
1767171858.521238,4,3,-138
1767171858.531238,0,-1,-142
1767171858.541238,-2,-1,-139
1767171858.551238,-3,-2,-145
1767171858.561238,0,-1,-150
1767171858.571238,1,-1,-149
1767171858.5812385,2,-1,-146
1767171858.5912385,1,-2,-142
1767171858.6012385,2,0,-148
1767171858.6112382,2,-2,-149
1767171858.6212382,1,-4,-149
1767171858.6312382,0,-8,-153
1767171858.6412382,-1,-9,-154
1767171858.6512382,-2,-11,-143
1767171858.6612382,-3,-10,-140
1767171858.6712382,-1,-3,-147
1767171858.6812382,-4,0,-148
1767171858.6912382,-1,0,-142
1767171858.7012382,-1,2,-141
1767171858.711238,-3,1,-135
1767171858.721238,-7,4,-135
1767171858.731238,-4,4,-138
1767171858.741238,-2,4,-138
1767171858.751238,-6,0,-139
1767171858.761238,-10,1,-139
1767171858.771238,-12,3,-147
1767171858.781238,-11,2,-141
1767171858.791238,-7,-4,-135
1767171858.801238,-6,-4,-140
1767171858.811238,-7,-2,-136
1767171858.821238,-3,0,-134
1767171858.8312385,0,-3,-135
1767171858.8412385,2,-4,-140
1767171858.8512385,2,-3,-146
1767171858.8612382,3,-5,-150
1767171858.8712382,4,-6,-147
1767171858.8812382,10,-8,-143
1767171858.8912382,10,-8,-142
1767171858.9012382,7,-5,-150
1767171858.9112382,2,-3,-148
1767171858.9212382,3,-3,-146
1767171858.9312382,7,-2,-152
1767171858.9412382,4,-2,-148
1767171858.9512382,2,0,-148
1767171858.961238,2,2,-141
1767171858.971238,4,-1,-137
1767171858.981238,0,-2,-143
1767171858.991238,2,-1,-147
1767171859.001238,2,-3,-147
1767171859.011238,1,-4,-150
1767171859.021238,1,0,-144
1767171859.031238,3,-1,-141
1767171859.041238,2,0,-137
1767171859.051238,-2,1,-132
1767171859.061238,-6,5,-134
1767171859.071238,-8,4,-134
1767171859.0812385,-4,5,-138
1767171859.0912385,-5,2,-132
1767171859.1012385,-3,-1,-133
1767171859.1112382,-3,0,-133
1767171859.1212382,0,1,-131
1767171859.1312382,2,-2,-131
1767171859.1412382,1,-2,-129
1767171859.1512382,1,0,-129
1767171859.1612382,0,0,-131
1767171859.1712382,0,-2,-134
1767171859.1812382,-1,-1,-140
1767171859.1912382,0,2,-143
1767171859.2012382,-1,2,-149
1767171859.211238,-3,-1,-154
1767171859.221238,-2,-3,-153
1767171859.231238,-2,0,-147
1767171859.241238,-5,0,-147
1767171859.251238,-11,0,-148
1767171859.261238,-8,-5,-149
1767171859.271238,-7,-1,-143
1767171859.281238,-6,1,-142
1767171859.291238,-5,1,-146
1767171859.301238,-5,0,-139
1767171859.311238,-5,0,-143
1767171859.321238,-6,-1,-142
1767171859.3312385,-3,0,-140
1767171859.3412385,-2,1,-142
1767171859.3512385,0,1,-144
1767171859.3612382,-1,0,-144
1767171859.3712382,0,-2,-147
1767171859.3812382,-2,-9,-146
1767171859.3912382,0,-10,-147
1767171859.4012382,-4,-6,-142
1767171859.4112382,-6,-2,-141
1767171859.4212382,-1,1,-140
1767171859.4312382,-3,0,-141
1767171859.4412382,-1,0,-142
1767171859.4512382,-2,-1,-146
1767171859.461238,0,-2,-151
1767171859.471238,3,2,-153
1767171859.481238,3,8,-152
1767171859.491238,6,5,-153
1767171859.501238,5,1,-149
1767171859.511238,0,4,-149
1767171859.521238,0,0,-149
1767171859.531238,-2,0,-152
1767171859.541238,-1,-2,-150
1767171859.551238,0,-2,-150
1767171859.561238,4,0,-155
1767171859.571238,5,1,-160
1767171859.5812385,3,0,-153
1767171859.5912385,5,-1,-154
1767171859.6012385,4,-5,-145
1767171859.6112382,5,-5,-140
1767171859.6212382,5,-3,-142
1767171859.6312382,8,-6,-142
1767171859.6412382,5,-5,-142
1767171859.6512382,5,-3,-141
1767171859.6612382,0,-1,-143
1767171859.6712382,-4,-2,-148
1767171859.6812382,-6,1,-147
1767171859.6912382,-10,1,-145
1767171859.7012382,-14,0,-143
1767171859.711238,-13,0,-143
1767171859.721238,-12,4,-150
1767171859.731238,-4,5,-151
1767171859.741238,-4,6,-155
1767171859.751238,-7,3,-153
1767171859.761238,-2,2,-151
1767171859.771238,-5,3,-150
1767171859.781238,-7,0,-148
1767171859.791238,-1,0,-149
1767171859.801238,0,0,-147
1767171859.811238,0,1,-138
1767171859.821238,0,0,-138
1767171859.8312385,2,-2,-134
1767171859.8422382,3,-1,-135
1767171859.8512385,3,3,-138
1767171859.8622382,5,1,-143
1767171859.8722382,2,0,-147
1767171859.882238,-1,0,-150
1767171859.892238,4,-4,-145
1767171859.902238,5,-5,-146
1767171859.912238,10,-6,-146
1767171859.922238,5,-1,-145
1767171859.932238,-1,-2,-137
1767171859.942238,-2,-4,-135
1767171859.952238,-3,-1,-131
1767171859.962238,-2,0,-134
1767171859.972238,-1,0,-131
1767171859.982238,0,3,-137
1767171859.992238,-1,5,-141
1767171860.002238,-2,5,-134
1767171860.0122385,-2,2,-137
1767171860.0222385,-2,1,-140
1767171860.0322382,1,2,-140
1767171860.0422382,4,0,-142
1767171860.0522382,0,0,-149
1767171860.0622382,-1,-2,-153
1767171860.0722382,-1,0,-144
1767171860.0822382,1,0,-143
1767171860.0922382,0,0,-149
1767171860.1022382,3,-2,-147
1767171860.1122382,6,-1,-150
1767171860.1222382,5,-4,-154
1767171860.132238,7,-8,-152
1767171860.142238,4,-8,-156
1767171860.152238,4,-8,-149
1767171860.162238,8,-8,-154
1767171860.172238,2,-6,-146
1767171860.182238,0,-1,-150
1767171860.192238,1,1,-144
1767171860.202238,-2,0,-142
1767171860.212238,-7,1,-140
1767171860.222238,-7,-5,-140
1767171860.232238,-8,-7,-143
1767171860.242238,-7,-7,-145
1767171860.252238,3,-4,-145
1767171860.2622385,4,-1,-139
1767171860.2722385,1,-1,-141
1767171860.2822382,0,-1,-141
1767171860.2922382,-5,-1,-144
1767171860.3022382,-4,-4,-146
1767171860.3122382,-2,-5,-145
1767171860.3222382,0,-2,-140
1767171860.3322382,1,-4,-143
1767171860.3422382,0,0,-147
1767171860.3522382,-1,2,-149
1767171860.3622382,-3,2,-151
1767171860.3722382,-7,3,-150
1767171860.382238,-5,-2,-149
1767171860.392238,0,-4,-141
1767171860.402238,0,-4,-151
1767171860.412238,-4,1,-144
1767171860.422238,-3,3,-146
1767171860.432238,-9,1,-147
1767171860.442238,-8,2,-148
1767171860.452238,-7,0,-144
1767171860.462238,-7,-2,-139
1767171860.472238,-11,-3,-146
1767171860.482238,-8,-1,-148
1767171860.492238,-5,0,-146
1767171860.502238,-3,2,-142
1767171860.5122385,-1,1,-148
1767171860.5222385,-6,0,-147
1767171860.5322382,-1,1,-150
1767171860.5422382,0,2,-151
1767171860.5522382,-2,3,-149
1767171860.5622382,-1,4,-148
1767171860.5722382,-3,2,-146
1767171860.5822382,0,0,-143
1767171860.5922382,1,1,-138
1767171860.6022382,2,0,-140
1767171860.6122382,8,-1,-148
1767171860.6222382,5,-3,-156
1767171860.632238,4,-3,-149
1767171860.642238,2,-2,-143
1767171860.652238,1,2,-143
1767171860.662238,1,4,-139
1767171860.672238,1,4,-138
1767171860.682238,2,4,-139
1767171860.692238,0,5,-137
1767171860.702238,-2,2,-138
1767171860.712238,1,2,-138
1767171860.722238,2,0,-138
1767171860.732238,3,2,-129
1767171860.742238,2,0,-137
1767171860.752238,1,1,-140
1767171860.7622385,-2,4,-143
1767171860.7722385,-5,3,-148
1767171860.7822382,-7,1,-148
1767171860.7922382,-4,3,-143
1767171860.8022382,-2,3,-137
1767171860.8122382,-3,0,-133
1767171860.8222382,-3,3,-139
1767171860.8322382,-2,0,-143
1767171860.8422382,-2,1,-145
1767171860.8522382,-3,0,-146
1767171860.8622382,-2,-1,-146
1767171860.8722382,1,-3,-147
1767171860.882238,5,-2,-143
1767171860.892238,4,0,-145
1767171860.902238,4,3,-145
1767171860.912238,2,3,-150
1767171860.922238,3,1,-147
1767171860.932238,2,-3,-144
1767171860.942238,0,-1,-140
1767171860.952238,0,-2,-143
1767171860.962238,0,-1,-142
1767171860.972238,1,0,-138
1767171860.982238,2,1,-137
1767171860.992238,3,0,-147
1767171861.002238,2,0,-147
1767171861.0122385,-1,-5,-146
1767171861.0222385,-7,-9,-142
1767171861.0322382,-1,-9,-140
1767171861.0422382,-1,-10,-142
1767171861.0522382,0,-8,-136
1767171861.0622382,2,-6,-135
1767171861.0722382,3,-4,-132
1767171861.0822382,0,-7,-140
1767171861.0922382,-4,-5,-139
1767171861.1022382,-1,0,-140
1767171861.1122382,2,1,-140
1767171861.1222382,1,-1,-148
1767171861.132238,0,-4,-151
1767171861.142238,1,-7,-155
1767171861.152238,2,-3,-155
1767171861.162238,0,3,-151
1767171861.172238,0,0,-151
1767171861.182238,-3,-1,-154
1767171861.192238,-2,0,-148
1767171861.202238,-1,0,-145
1767171861.212238,-2,-3,-143
1767171861.222238,-2,-3,-142
1767171861.232238,-2,0,-147
1767171861.242238,-2,-3,-148
1767171861.252238,1,-5,-148
1767171861.2622385,0,-1,-145
1767171861.2722385,-1,-2,-146
1767171861.2822382,1,0,-143
1767171861.2922382,1,0,-142
1767171861.3022382,-1,-3,-143
1767171861.3122382,0,-1,-140
1767171861.3222382,0,-2,-145
1767171861.3322382,-1,-1,-149
1767171861.3422382,-3,0,-143
1767171861.3522382,-6,2,-142
1767171861.3622382,-2,2,-148
1767171861.3722382,-3,5,-148
1767171861.382238,-1,5,-145
1767171861.392238,1,7,-146
1767171861.402238,0,9,-149
1767171861.412238,-5,6,-150
1767171861.422238,-2,5,-152
1767171861.432238,-2,3,-149
1767171861.442238,3,-1,-144
1767171861.452238,10,0,-142
1767171861.462238,5,-1,-141
1767171861.472238,4,-6,-147
1767171861.482238,0,-1,-150
1767171861.492238,1,0,-144
1767171861.502238,-1,1,-142
1767171861.5122385,-1,1,-144
1767171861.5222385,0,2,-143
1767171861.5322382,-1,0,-146
1767171861.5422382,-2,0,-150
1767171861.5522382,0,-6,-155
1767171861.5622382,-4,-8,-150
1767171861.5722382,0,-4,-148
1767171861.5822382,-1,-1,-148
1767171861.5922382,-3,-2,-146
1767171861.6022382,-2,0,-146
1767171861.6122382,-3,-1,-138
1767171861.6222382,-3,-3,-144
1767171861.632238,-2,-1,-145
1767171861.642238,1,2,-143
1767171861.652238,0,5,-143
1767171861.662238,-4,0,-141
1767171861.672238,-3,-1,-141
1767171861.682238,-7,-3,-141
1767171861.692238,-8,-7,-144
1767171861.702238,-6,-7,-141
1767171861.712238,-12,-4,-138
1767171861.722238,-9,-8,-149
1767171861.732238,-10,-7,-150
1767171861.742238,-7,-8,-145
1767171861.752238,-4,-8,-137
1767171861.7622385,-7,-6,-143
1767171861.7722385,-2,-8,-147
1767171861.7822382,3,-7,-151
1767171861.7922382,4,0,-145
1767171861.8022382,4,2,-148
1767171861.8122382,0,4,-150
1767171861.8222382,3,4,-148
1767171861.8322382,4,1,-152
1767171861.8422382,3,-4,-151
1767171861.8522382,0,-6,-150
1767171861.8622382,-2,-5,-152
1767171861.8722382,3,-2,-150
1767171861.882238,2,-2,-144
1767171861.892238,0,-2,-140
1767171861.902238,-7,-3,-136
1767171861.912238,-6,-2,-140
1767171861.922238,-6,-4,-143
1767171861.932238,-3,-4,-145
1767171861.942238,-1,-2,-147
1767171861.952238,0,-2,-146
1767171861.962238,0,-4,-149
1767171861.972238,-1,-8,-147
1767171861.982238,-3,-6,-142
1767171861.992238,-2,-5,-144
1767171862.002238,-5,-3,-144
1767171862.0122385,-3,-3,-143
1767171862.0222385,-1,-2,-143
1767171862.0322382,0,0,-137
1767171862.0532382,1,0,-139
1767171862.0622382,2,0,-139
1767171862.0722382,3,1,-144
1767171862.0822382,2,0,-139
1767171862.0922382,0,-7,-137
1767171862.1022382,-4,-5,-144
1767171862.1122382,-3,-2,-144
1767171862.1222382,-2,0,-149
1767171862.132238,-2,1,-152
1767171862.142238,0,0,-148
1767171862.152238,1,-5,-142
1767171862.162238,3,-8,-139
1767171862.172238,0,-8,-143
1767171862.182238,0,-6,-143
1767171862.192238,2,0,-144
1767171862.202238,0,0,-148
1767171862.212238,-3,-1,-145
1767171862.222238,-3,-4,-150
1767171862.232238,1,-4,-148
1767171862.242238,-1,-5,-147
1767171862.252238,-3,-5,-145
1767171862.2622385,-1,-6,-148
1767171862.2722385,-3,-4,-145
1767171862.2822382,-12,-4,-148
1767171862.2922382,-12,-3,-152
1767171862.3022382,-7,-1,-154
1767171862.3122382,-6,0,-157
1767171862.3222382,-7,0,-153
1767171862.3322382,-9,5,-148
1767171862.3422382,-4,5,-145
1767171862.3522382,-3,2,-150
1767171862.3622382,-1,-1,-152
1767171862.3722382,0,3,-151
1767171862.382238,0,1,-153
1767171862.392238,-2,1,-148
1767171862.403238,0,0,-146
1767171862.413238,0,0,-142
1767171862.423238,1,0,-145
1767171862.4332385,6,-1,-149
1767171862.4432385,5,-2,-153
1767171862.4532382,3,-2,-149
1767171862.4632382,3,0,-146
1767171862.4732382,0,-1,-141
1767171862.4832382,0,1,-143
1767171862.4932382,2,0,-143
1767171862.5032382,0,0,-143
1767171862.5132382,0,-1,-143
1767171862.5232382,0,-3,-151
1767171862.5332382,-5,-3,-152
1767171862.5432382,1,0,-151
1767171862.5532382,-1,0,-150
1767171862.563238,-2,-3,-149
1767171862.573238,-2,-2,-150
1767171862.583238,-2,-5,-150
1767171862.593238,1,-3,-155
1767171862.603238,3,-3,-158
1767171862.613238,1,-4,-158
1767171862.623238,-2,-2,-151
1767171862.633238,-1,0,-156
1767171862.643238,-4,-1,-158
1767171862.653238,-7,-2,-150
1767171862.663238,-6,0,-144
1767171862.673238,-6,-3,-142
1767171862.6832385,-9,-4,-151
1767171862.6932385,-12,-4,-151
1767171862.7032382,-11,-5,-142
1767171862.7132382,-12,-5,-140
1767171862.7232382,-12,-4,-143
1767171862.7332382,-8,-4,-142
1767171862.7432382,-3,-4,-141
1767171862.7532382,0,-4,-144
1767171862.7632382,2,-2,-139
1767171862.7732382,0,-3,-137
1767171862.7832382,-3,-2,-143
1767171862.7932382,-5,-1,-144
1767171862.8032382,-6,1,-143
1767171862.813238,-5,3,-141
1767171862.823238,-4,2,-134
1767171862.833238,-8,0,-128
1767171862.843238,-5,-2,-138
1767171862.853238,-3,0,-149
1767171862.863238,0,-1,-147
1767171862.873238,-2,-1,-143
1767171862.883238,0,0,-139
1767171862.893238,-1,1,-140
1767171862.903238,-2,-3,-145
1767171862.913238,-2,-1,-142
1767171862.923238,-2,-1,-141
1767171862.9332385,-1,0,-134
1767171862.9432385,0,-1,-131
1767171862.9532382,-4,0,-139
1767171862.9632382,-4,-2,-139
1767171862.9732382,-3,-1,-140
1767171862.9832382,-2,-2,-142
1767171862.9932382,-3,-1,-145
1767171863.0032382,2,0,-148
1767171863.0132382,9,0,-150
1767171863.0232382,3,0,-151
1767171863.0332382,-1,1,-149
1767171863.0432382,3,1,-151
1767171863.0532382,1,-3,-150
1767171863.063238,-5,0,-150
1767171863.073238,-2,-1,-150
1767171863.083238,-2,0,-151
1767171863.093238,-1,0,-146
1767171863.103238,1,-1,-139
1767171863.113238,-1,0,-142
1767171863.123238,-2,-1,-146
1767171863.133238,6,0,-148
1767171863.143238,3,-4,-149
1767171863.153238,3,-3,-148
1767171863.163238,3,-2,-148
1767171863.173238,6,-7,-146
1767171863.1832385,8,-5,-148
1767171863.1932385,4,-2,-149
1767171863.2032382,4,-1,-148
1767171863.2132382,2,1,-144
1767171863.2232382,4,-1,-144
1767171863.2332382,7,-2,-145
1767171863.2432382,4,-3,-146
1767171863.2532382,1,-2,-157
1767171863.2632382,1,-1,-154
1767171863.2732382,-2,3,-146
1767171863.2832382,1,4,-149
1767171863.2932382,-2,2,-149
1767171863.3032382,-3,2,-144
1767171863.313238,0,0,-145
1767171863.323238,0,-3,-148
1767171863.333238,-3,0,-143
1767171863.343238,-1,3,-139
1767171863.353238,-4,3,-136
1767171863.363238,-4,-3,-139
1767171863.373238,-4,-4,-139
1767171863.383238,-3,-3,-138
1767171863.393238,1,-2,-136
1767171863.403238,1,1,-134
1767171863.413238,-2,-2,-138
1767171863.423238,-2,-5,-140
1767171863.4332385,1,-4,-147
1767171863.4432385,0,0,-146
1767171863.4532382,-2,2,-146
1767171863.4632382,3,-3,-149
1767171863.4732382,-2,-4,-142
1767171863.4832382,-3,-5,-133
1767171863.4932382,-5,-6,-140
1767171863.5032382,-2,-4,-134
1767171863.5132382,0,-2,-134
1767171863.5232382,-2,-1,-140
1767171863.5332382,-3,-2,-141
1767171863.5432382,-3,-7,-133
1767171863.5532382,-2,-6,-128
1767171863.563238,-5,-5,-130
1767171863.573238,-2,-5,-135
1767171863.583238,0,-6,-134
1767171863.593238,-1,-7,-137
1767171863.603238,0,-1,-138
1767171863.613238,3,-2,-137
1767171863.623238,2,0,-136
1767171863.633238,1,-1,-138
1767171863.643238,1,-6,-134
1767171863.653238,-2,-3,-135
1767171863.663238,-4,-5,-140
1767171863.673238,-7,-6,-140
1767171863.6832385,-5,-9,-143
1767171863.6932385,-5,-9,-142
1767171863.7032382,-5,-5,-137
1767171863.7132382,0,-2,-136
1767171863.7232382,5,1,-139
1767171863.7332382,5,3,-141
1767171863.7432382,8,3,-140
1767171863.7532382,4,0,-137
1767171863.7632382,0,-2,-137
1767171863.7732382,-2,4,-141
1767171863.7832382,-5,5,-139
1767171863.7932382,-7,5,-141
1767171863.8032382,-4,2,-145
1767171863.813238,0,1,-142
1767171863.823238,0,2,-146
1767171863.833238,1,3,-142
1767171863.843238,-4,4,-147
1767171863.853238,-7,4,-151
1767171863.863238,-4,4,-144
1767171863.873238,-4,1,-144
1767171863.883238,0,-2,-137
1767171863.893238,3,-5,-138
1767171863.903238,2,-1,-140
1767171863.913238,1,-2,-145
1767171863.923238,1,-1,-139
1767171863.9332385,-2,-1,-142
1767171863.9432385,-5,-2,-150
1767171863.9532382,-6,-1,-144
1767171863.9632382,-6,0,-141
1767171863.9732382,-8,0,-146
1767171863.9832382,-7,2,-146
1767171863.9932382,-7,-6,-153
1767171864.0032382,-11,-5,-143
1767171864.0132382,-12,-5,-144
1767171864.0232382,-9,-5,-145
1767171864.0332382,-10,-5,-144
1767171864.0432382,-5,-6,-148
1767171864.0532382,-1,-3,-151
1767171864.063238,1,-2,-153
1767171864.073238,0,2,-152
1767171864.083238,-2,5,-149
1767171864.093238,0,3,-143
1767171864.103238,1,2,-147
1767171864.113238,-2,4,-149
1767171864.123238,-1,4,-148
1767171864.133238,2,0,-147
1767171864.143238,3,-2,-135
1767171864.153238,5,-1,-129
1767171864.163238,9,0,-130
1767171864.173238,6,2,-137
1767171864.1832385,4,2,-135
1767171864.1932385,6,2,-133
1767171864.2032382,2,0,-134
1767171864.2132382,4,-1,-133
1767171864.2232382,2,0,-134
1767171864.2332382,7,2,-137
1767171864.2432382,8,3,-138
1767171864.2532382,7,5,-138
1767171864.2632382,1,8,-142
1767171864.2732382,2,4,-145
1767171864.2832382,5,0,-143
1767171864.2932382,9,-2,-144
1767171864.3032382,7,-5,-147
1767171864.313238,8,-6,-148
1767171864.323238,4,-2,-149
1767171864.333238,-1,-5,-143
1767171864.343238,0,-3,-138
1767171864.353238,2,-4,-135
1767171864.363238,6,-5,-139
1767171864.373238,7,-3,-136
1767171864.383238,4,1,-139
1767171864.393238,3,-1,-140
1767171864.403238,3,-5,-152
1767171864.413238,0,-3,-156
1767171864.423238,0,-3,-154
1767171864.4332385,1,-6,-154
1767171864.4432385,2,-3,-157
1767171864.4532382,-1,-4,-160
1767171864.4632382,-4,-5,-156
1767171864.4732382,2,-4,-152
1767171864.4832382,4,-3,-148
1767171864.4932382,2,-2,-147
1767171864.5032382,-1,2,-152
1767171864.5132382,3,1,-158
1767171864.5232382,5,0,-157
1767171864.5332382,6,2,-153
1767171864.5432382,0,0,-156
1767171864.5532382,-1,0,-153
1767171864.563238,-1,0,-148
1767171864.573238,-1,-3,-150
1767171864.583238,2,-6,-146
1767171864.593238,5,-4,-142
1767171864.603238,5,-4,-143
1767171864.613238,6,-5,-144
1767171864.623238,7,-4,-152
1767171864.633238,4,-3,-146
1767171864.643238,4,0,-147
1767171864.653238,3,3,-144
1767171864.663238,3,5,-143
1767171864.673238,2,0,-145
1767171864.6832385,0,0,-143
1767171864.6932385,-3,-2,-143
1767171864.7032382,-4,0,-140
1767171864.7132382,-3,0,-146
1767171864.7232382,-5,-1,-147
1767171864.7332382,-1,-2,-149
1767171864.7432382,-2,-7,-142
1767171864.7532382,-1,-7,-135
1767171864.7632382,-2,-5,-134
1767171864.7732382,-4,-7,-144
1767171864.7832382,-4,-6,-149
1767171864.7932382,-2,-9,-151
1767171864.8032382,0,-9,-154
1767171864.813238,-3,-8,-146
1767171864.823238,-7,-4,-140
1767171864.833238,-4,-7,-142
1767171864.843238,-1,-5,-140
1767171864.853238,-2,-1,-141
1767171864.863238,1,0,-137
1767171864.873238,-2,0,-141
1767171864.883238,0,0,-147
1767171864.893238,0,3,-148
1767171864.903238,0,6,-150
1767171864.9142382,0,8,-158
1767171864.9242382,0,7,-159
1767171864.9342382,0,4,-162
1767171864.9442382,0,1,-157
1767171864.9542382,1,2,-155
1767171864.9642382,1,0,-151
1767171864.9742382,1,1,-151
1767171864.984238,0,4,-149
1767171864.994238,-3,3,-148
1767171865.004238,0,3,-147
1767171865.014238,-2,-3,-143
1767171865.024238,-3,-2,-146
1767171865.034238,-10,-3,-148
1767171865.044238,-7,-1,-142
1767171865.054238,-5,1,-145
1767171865.064238,-3,2,-145
1767171865.074238,0,7,-144
1767171865.084238,0,4,-138
1767171865.094238,1,3,-143
1767171865.1042385,0,0,-141
1767171865.1142385,-2,-3,-142
1767171865.1242385,-4,-1,-142
1767171865.1342382,-4,-3,-137
1767171865.1442382,0,-2,-138
1767171865.1542382,1,-1,-140
1767171865.1642382,0,-6,-142
1767171865.1742382,-1,-9,-143
1767171865.1842382,-1,-9,-136
1767171865.1942382,-5,-6,-137
1767171865.2042382,-6,-1,-140
1767171865.2142382,-4,0,-144
1767171865.2242382,-4,0,-150
1767171865.234238,-4,-4,-149
1767171865.244238,-2,-3,-149
1767171865.254238,-1,-4,-147
1767171865.264238,-1,0,-144
1767171865.274238,0,1,-145
1767171865.284238,4,1,-146
1767171865.294238,0,-3,-153
1767171865.304238,3,2,-154
1767171865.314238,5,-1,-152
1767171865.324238,3,-2,-150
1767171865.334238,0,0,-143
1767171865.344238,-1,-3,-137
1767171865.3542385,1,-2,-134
1767171865.3642385,5,0,-136
1767171865.3742385,4,0,-134
1767171865.3842382,0,-3,-137
1767171865.3942382,3,-4,-138
1767171865.4042382,3,-2,-142
1767171865.4142382,3,-2,-147
1767171865.4242382,2,0,-140
1767171865.4342382,7,-1,-139
1767171865.4442382,4,-3,-136
1767171865.4542382,3,-1,-142
1767171865.4642382,0,-3,-144
1767171865.4742382,-2,0,-142
1767171865.484238,0,-2,-142
1767171865.494238,0,-7,-143
1767171865.504238,-1,-2,-148
1767171865.514238,-4,-1,-147
1767171865.524238,-4,0,-140
1767171865.534238,-3,-2,-137
1767171865.544238,-3,-3,-131
1767171865.554238,-1,-3,-133
1767171865.564238,0,-8,-135
1767171865.574238,0,-9,-138
1767171865.584238,5,-9,-139
1767171865.594238,4,-2,-144
1767171865.6042385,2,-1,-141
1767171865.6142385,0,4,-135
1767171865.6242385,-1,4,-133
1767171865.6342382,-6,1,-132
1767171865.6442382,-1,0,-139
1767171865.6542382,-4,0,-146
1767171865.6642382,-8,0,-154
1767171865.6742382,-8,-1,-155
1767171865.6842382,-4,-4,-153
1767171865.6942382,-1,0,-156
1767171865.7042382,0,1,-150
1767171865.7142382,-1,0,-150
1767171865.7242382,-3,0,-145
1767171865.734238,-1,-2,-141
1767171865.744238,-5,1,-146
1767171865.754238,-3,-2,-141
1767171865.764238,-1,-2,-140
1767171865.774238,-2,-3,-142
1767171865.784238,-6,-1,-136
1767171865.794238,-5,-2,-131
1767171865.804238,-5,-3,-131
1767171865.814238,-1,-6,-126
1767171865.824238,0,-7,-133
1767171865.834238,-1,0,-135
1767171865.844238,0,3,-139
1767171865.8542385,1,2,-143
1767171865.8642385,3,0,-146
1767171865.8742385,5,-3,-148
1767171865.8842382,-3,-6,-150
1767171865.8942382,0,-6,-153
1767171865.9042382,0,-3,-151
1767171865.9142382,-1,-3,-143
1767171865.9242382,-1,-1,-144
1767171865.9342382,1,-3,-150
1767171865.9442382,2,-6,-149
1767171865.9542382,4,-2,-146
1767171865.9642382,5,-5,-150
1767171865.9742382,6,-5,-151
1767171865.984238,9,-6,-148
1767171865.994238,10,-1,-143
1767171866.004238,12,0,-140
1767171866.014238,11,-4,-140
1767171866.024238,11,-3,-134
1767171866.034238,7,0,-133
1767171866.044238,2,0,-134
1767171866.054238,2,1,-142
1767171866.064238,8,2,-149
1767171866.074238,8,1,-149
1767171866.084238,9,-3,-145
1767171866.094238,11,-5,-137
1767171866.1042385,7,-4,-141
1767171866.1142385,9,-3,-139
1767171866.1242385,7,-1,-137
1767171866.1342382,4,-5,-140
1767171866.1442382,0,-6,-139
1767171866.1542382,2,-6,-138
1767171866.1642382,0,-5,-137
1767171866.1742382,-2,-3,-132
1767171866.1842382,0,-2,-131
1767171866.1942382,-3,-1,-135
1767171866.2042382,-7,0,-139
1767171866.2142382,-3,-1,-137
1767171866.2242382,0,-2,-136
1767171866.234238,2,-1,-138
1767171866.244238,5,0,-139
1767171866.254238,0,-2,-135
1767171866.264238,0,1,-137
1767171866.274238,-3,3,-144
1767171866.284238,-3,2,-142
1767171866.294238,-1,3,-138
1767171866.304238,1,2,-142
1767171866.314238,3,0,-136
1767171866.324238,1,-2,-135
1767171866.334238,-1,0,-128
1767171866.344238,-4,1,-135
1767171866.3542385,-2,1,-142
1767171866.3642385,-5,4,-150
1767171866.3742385,-5,2,-150
1767171866.3842382,-4,0,-146
1767171866.3942382,-2,1,-144
1767171866.4042382,-1,6,-152
1767171866.4142382,-1,3,-149
1767171866.4242382,0,4,-149
1767171866.4342382,1,4,-148
1767171866.4442382,3,3,-139
1767171866.4542382,4,1,-137
1767171866.4642382,0,0,-139
1767171866.4742382,4,0,-143
1767171866.484238,6,-1,-143
1767171866.494238,6,-2,-142
1767171866.504238,6,-3,-144
1767171866.514238,5,-2,-150
1767171866.524238,2,-5,-148
1767171866.534238,1,-7,-150
1767171866.544238,3,-3,-152
1767171866.554238,6,-4,-147
1767171866.564238,9,-3,-147
1767171866.574238,11,-2,-144
1767171866.584238,8,-5,-146
1767171866.594238,10,-6,-147
1767171866.6042385,3,-4,-149
1767171866.6142385,3,-8,-147
1767171866.6242385,6,-6,-151
1767171866.6342382,3,-1,-150
1767171866.6442382,2,0,-146
1767171866.6542382,1,0,-149
1767171866.6642382,1,-2,-156
1767171866.6742382,-3,-1,-159
1767171866.6842382,-4,-1,-159
1767171866.6942382,-3,0,-156
1767171866.7042382,-6,2,-159
1767171866.7142382,-2,2,-150
1767171866.7242382,-1,1,-140
1767171866.734238,1,0,-139
1767171866.744238,0,0,-147
1767171866.754238,2,0,-145
1767171866.764238,1,0,-139
1767171866.774238,1,-1,-137
1767171866.784238,0,-3,-139
1767171866.794238,0,-1,-142
1767171866.804238,0,-4,-140
1767171866.814238,0,-2,-134
1767171866.824238,-4,-4,-126
1767171866.834238,-4,-4,-127
1767171866.844238,-7,0,-135
1767171866.8542385,-6,1,-143
1767171866.8642385,-8,-3,-141
1767171866.8742385,-9,-2,-142
1767171866.8842382,-6,0,-147
1767171866.8942382,0,3,-146
1767171866.9042382,-3,1,-147
1767171866.9142382,1,0,-147
1767171866.9242382,3,1,-148
1767171866.9342382,2,3,-149
1767171866.9442382,-3,4,-145
1767171866.9542382,0,-1,-144
1767171866.9642382,-1,0,-149
1767171866.9742382,-7,0,-149
1767171866.984238,-4,-1,-149
1767171866.994238,-5,0,-145
1767171867.004238,-3,-1,-145
1767171867.014238,-3,0,-142
1767171867.024238,-1,1,-143
1767171867.034238,-5,0,-138
1767171867.044238,-8,3,-140
1767171872.077238,4,-5,-150
1767171872.086238,4,-7,-148
1767171872.096238,5,-8,-145
1767171872.106238,2,-5,-147
1767171872.116238,-2,-4,-150
1767171872.126238,-3,-6,-150
1767171872.136238,-3,-9,-155
1767171872.146238,-3,-5,-152
1767171872.156238,-5,-5,-150
1767171872.166238,-5,-5,-152
1767171872.176238,-2,-3,-155
1767171872.186238,0,-2,-148
1767171872.196238,0,-1,-145
1767171872.2062385,-1,-1,-149
1767171872.2162385,-6,-2,-146
1767171872.2262385,-4,-2,-143
1767171872.2362382,-3,-3,-145
1767171872.2462382,-4,-5,-144
1767171872.2562382,-6,-4,-142
1767171872.2662382,-7,0,-141
1767171872.2762382,-1,-1,-141
1767171872.2862382,-2,-1,-149
1767171872.2962382,-3,-1,-158
1767171872.3062382,-1,0,-157
1767171872.3162382,-3,-1,-154
1767171872.3262382,-4,0,-149
1767171872.336238,-8,-2,-150
1767171872.346238,-8,2,-146
1767171872.356238,-7,3,-145
1767171872.366238,-3,4,-145
1767171872.376238,-3,3,-145
1767171872.386238,-4,-1,-143
1767171872.396238,-4,-2,-152
1767171872.406238,-3,0,-150
1767171872.416238,0,4,-148
1767171872.426238,-3,8,-149
1767171872.436238,-2,4,-147
1767171872.446238,-1,3,-147
1767171872.4562385,0,2,-146
1767171872.4662385,0,0,-144
1767171872.4762385,0,-1,-138
1767171872.4862382,0,-4,-136
1767171872.4972382,0,-3,-139
1767171872.5062382,0,-3,-143
1767171872.517238,1,-6,-145
1767171872.527238,0,-5,-144
1767171872.537238,-3,-2,-145
1767171872.547238,0,-4,-144
1767171872.557238,-2,-2,-144
1767171872.567238,-4,-3,-143
1767171872.577238,-5,0,-150
1767171872.587238,0,0,-151
1767171872.597238,0,0,-148
1767171872.607238,-3,0,-143
1767171872.617238,0,1,-139
1767171872.627238,0,-2,-140
1767171872.6372385,8,-1,-137
1767171872.6472385,7,-3,-145
1767171872.6572382,6,-3,-145
1767171872.6672382,6,0,-146
1767171872.6772382,3,0,-147
1767171872.6872382,3,-4,-143
1767171872.6972382,0,0,-146
1767171872.7072382,3,-1,-148
1767171872.7172382,2,-5,-149
1767171872.7272382,3,-5,-147
1767171872.7372382,0,-3,-151
1767171872.7472382,-3,-2,-154
1767171872.757238,0,3,-147
1767171872.767238,-4,4,-155
1767171872.777238,-2,4,-152
1767171872.787238,-5,6,-156
1767171872.797238,-7,4,-160
1767171872.807238,-10,0,-164
1767171872.817238,-13,1,-160
1767171872.827238,-11,-2,-159
1767171872.837238,-12,3,-154
1767171872.847238,-10,7,-157
1767171872.857238,-10,7,-158
1767171872.867238,-7,1,-153
1767171872.877238,-3,-1,-152
1767171872.8872385,-5,-3,-150
1767171872.8972385,-5,0,-151
1767171872.9072382,-2,2,-144
1767171872.9172382,1,-3,-143
1767171872.9272382,4,-1,-146
1767171872.9372382,4,-4,-146
1767171872.9472382,0,0,-142
1767171872.9572382,-1,2,-137
1767171872.9672382,0,3,-142
1767171872.9772382,0,3,-148
1767171872.9872382,0,3,-149
1767171872.9972382,0,4,-152
1767171873.007238,2,1,-149
1767171873.017238,0,0,-153
1767171873.027238,0,0,-155
1767171873.037238,0,2,-157
1767171873.047238,0,3,-155
1767171873.057238,-6,4,-153
1767171873.067238,-3,4,-156
1767171873.077238,-1,3,-157
1767171873.087238,2,3,-151
1767171873.097238,2,6,-150
1767171873.107238,3,3,-152
1767171873.117238,0,0,-148
1767171873.127238,-6,-1,-146
1767171873.1372385,-6,-3,-150
1767171873.1472385,-4,-2,-150
1767171873.1572382,0,0,-145
1767171873.1672382,1,3,-146
1767171873.1772382,2,6,-142
1767171873.1872382,0,8,-145
1767171873.1972382,-7,7,-145
1767171873.2072382,-8,3,-142
1767171873.2172382,-10,5,-136
1767171873.2272382,-10,3,-137
1767171873.2372382,-9,0,-138
1767171873.2472382,-7,0,-146
1767171873.257238,-7,0,-148
1767171873.267238,-6,-4,-150
1767171873.277238,-3,-7,-144
1767171873.287238,0,-7,-142
1767171873.297238,2,-9,-145
1767171873.307238,4,-7,-140
1767171873.317238,1,-10,-137
1767171873.327238,3,-8,-136
1767171873.337238,4,-7,-144
1767171873.347238,5,-6,-137
1767171873.357238,5,-5,-137
1767171873.367238,2,-4,-142
1767171873.377238,-1,-8,-146
1767171873.3872385,3,-8,-145
1767171873.3972385,3,-5,-146
1767171873.4072382,1,-5,-148
1767171873.4172382,1,-7,-146
1767171873.4272382,2,-3,-150
1767171873.4372382,3,2,-147
1767171873.4472382,1,1,-147
1767171873.4572382,0,-1,-147
1767171873.4672382,0,-5,-143
1767171873.4772382,-1,-1,-148
1767171873.4872382,1,-1,-145
1767171873.4972382,5,1,-145
1767171873.507238,4,4,-145
1767171873.517238,0,1,-133
1767171873.527238,-1,-5,-126
1767171873.537238,-2,-8,-128
1767171873.547238,-2,-2,-128
1767171873.557238,-3,2,-130
1767171873.567238,-3,3,-137
1767171873.577238,-4,0,-144
1767171873.587238,-2,-2,-149
1767171873.597238,0,-3,-150
1767171873.607238,0,-4,-147
1767171873.617238,1,-2,-148
1767171873.627238,3,-3,-147
1767171873.6372385,3,-1,-148
1767171873.6472385,4,-3,-152
1767171873.6572382,4,1,-157
1767171873.6672382,0,0,-150
1767171873.6772382,-3,0,-144
1767171873.6872382,-2,-1,-146
1767171873.6972382,1,-1,-143
1767171873.7072382,8,-2,-143
1767171873.7172382,8,-4,-144
1767171873.7272382,5,-4,-148
1767171873.7372382,7,-3,-138
1767171873.7472382,5,-8,-142
1767171873.757238,6,-12,-143
1767171873.767238,2,-9,-140
1767171873.777238,-1,-7,-145
1767171873.787238,-2,-9,-150
1767171873.797238,1,-5,-148
1767171873.807238,0,-5,-146
1767171873.817238,-3,-4,-148
1767171873.827238,-4,-5,-155
1767171873.837238,0,-8,-155
1767171873.847238,3,-4,-151
1767171873.857238,1,-3,-146
1767171873.867238,-5,-3,-146
1767171873.877238,-4,-2,-143
1767171873.8872385,-7,-6,-140
1767171873.8972385,-5,-4,-135
1767171873.9072382,-2,-7,-138
1767171873.9172382,-4,-7,-139
1767171873.9272382,0,-5,-141
1767171873.9372382,1,-4,-141
1767171873.9472382,-2,-1,-143
1767171873.9572382,-5,-3,-141
1767171873.9672382,-6,-2,-144
1767171873.9772382,-8,-3,-140
1767171873.9872382,-9,-6,-139
1767171873.9972382,-9,-6,-134
1767171874.007238,-5,-5,-135
1767171874.017238,-1,-4,-132
1767171874.027238,1,-5,-133
1767171874.037238,0,-4,-138
1767171874.047238,-5,-2,-137
1767171874.057238,0,-1,-142
1767171874.067238,4,-1,-144
1767171874.077238,5,-1,-142
1767171874.087238,4,-4,-139
1767171874.097238,2,0,-144
1767171874.107238,2,0,-143
1767171874.117238,4,-2,-144
1767171874.127238,2,-2,-142
1767171874.1372385,1,1,-144
1767171874.1472385,1,3,-140
1767171874.1572382,-1,1,-139
1767171874.1672382,-1,-1,-139
1767171874.1772382,-1,-2,-135
1767171874.1872382,0,-4,-140
1767171874.1972382,3,-1,-140
1767171874.2072382,1,3,-142
1767171874.2172382,2,3,-145
1767171874.2272382,0,3,-148
1767171874.2372382,2,0,-149
1767171874.2472382,0,-1,-146
1767171874.257238,5,-4,-150
1767171874.267238,3,-5,-150
1767171874.277238,1,-7,-148
1767171874.287238,-4,-6,-150
1767171874.297238,-2,-6,-149
1767171874.307238,-4,-7,-147
1767171874.317238,-5,-6,-144
1767171874.327238,-7,-2,-145
1767171874.337238,-4,0,-148
1767171874.347238,-4,-5,-143
1767171874.357238,-3,-6,-132
1767171874.367238,-6,-4,-137
1767171874.377238,-2,-7,-145
1767171874.3872385,4,-10,-149
1767171874.3972385,5,-8,-151
1767171874.4072382,1,-3,-156
1767171874.4172382,1,-1,-151
1767171874.4272382,-5,0,-145
1767171874.4372382,-7,-4,-148
1767171874.4472382,-9,-6,-143
1767171874.4572382,-3,-5,-141
1767171874.4672382,-5,-4,-149
1767171874.4772382,-4,-7,-150
1767171874.4872382,-8,-7,-144
1767171874.4972382,-10,-12,-146
1767171874.507238,-7,-11,-151
1767171874.517238,-7,-7,-150
1767171874.527238,-8,-5,-143
1767171874.537238,-5,-1,-148
1767171874.547238,-4,-2,-146
1767171874.557238,-4,-3,-143
1767171874.567238,0,0,-141
1767171874.577238,2,0,-136
1767171874.587238,-1,0,-135
1767171874.597238,0,-2,-132
1767171874.607238,-2,-1,-140
1767171874.617238,-2,0,-142
1767171874.627238,0,0,-141
1767171874.6372385,0,0,-135
1767171874.6472385,4,1,-135
1767171874.6572382,1,4,-136
1767171874.6672382,-1,3,-136
1767171874.6772382,0,2,-136
1767171874.6872382,4,-3,-142
1767171874.6972382,8,-3,-142
1767171874.7072382,7,-1,-143
1767171874.7172382,5,0,-142
1767171874.7272382,8,1,-144
1767171874.7372382,9,2,-155
1767171874.7472382,3,0,-149
1767171874.757238,2,2,-150
1767171874.767238,0,4,-148
1767171874.777238,0,2,-149
1767171874.787238,-2,2,-150
1767171874.797238,-1,0,-154
1767171874.807238,0,-3,-155
1767171874.817238,2,-4,-158
1767171874.827238,7,-3,-154
1767171874.837238,4,0,-156
1767171874.847238,6,0,-152
1767171874.857238,2,0,-155
1767171874.867238,-1,2,-156
1767171874.877238,-2,2,-151
1767171874.8872385,-4,4,-153
1767171874.8972385,-1,1,-149
1767171874.9072382,-2,0,-149
1767171874.9172382,-3,-4,-152
1767171874.9272382,-2,-2,-150
1767171874.9372382,-5,-2,-149
1767171874.9472382,-1,-4,-154
1767171874.958238,-4,-5,-152
1767171874.9672382,-3,-5,-147
1767171874.9772382,1,0,-149
1767171874.988238,0,0,-143
1767171874.9972382,4,-4,-140
1767171875.007238,2,-4,-139
1767171875.018238,1,-4,-149
1767171875.028238,2,-3,-150
1767171875.038238,5,0,-147
1767171875.048238,7,-3,-140
1767171875.0582385,6,-7,-146
1767171875.0682385,2,-7,-145
1767171875.0782382,1,-7,-152
1767171875.0882382,6,-5,-154
1767171875.0982382,4,-6,-148
1767171875.1082382,2,-4,-146
1767171875.1182382,3,-1,-141
1767171875.1282382,4,-2,-141
1767171875.1382382,6,-4,-146
1767171875.1482382,6,-7,-153
1767171875.1582382,6,-3,-156
1767171875.1682382,3,-3,-157
1767171875.1782382,4,-4,-163
1767171875.188238,2,2,-159
1767171875.198238,6,0,-157
1767171875.208238,5,1,-147
1767171875.218238,5,2,-146
1767171875.228238,3,-2,-148
1767171875.238238,2,-2,-150
1767171875.248238,0,-3,-147
1767171875.258238,-4,-3,-146
1767171875.268238,-4,-5,-145
1767171875.278238,-2,-3,-140
1767171875.288238,1,-9,-137
1767171875.298238,7,-7,-140
1767171875.3082385,9,-9,-145
1767171875.3182385,6,-5,-148
1767171875.3282382,5,-2,-148
1767171875.3382382,2,0,-152
1767171875.3482382,-2,0,-145
1767171875.3582382,0,-1,-144
1767171875.3682382,0,0,-145
1767171875.3782382,2,-3,-141
1767171875.3882382,0,-2,-151
1767171875.3982382,5,-4,-154
1767171875.4082382,5,-2,-155
1767171875.4182382,3,-2,-159
1767171875.4282382,3,-1,-154
1767171875.438238,5,-4,-152
1767171875.448238,3,-1,-149
1767171875.458238,3,-3,-142
1767171875.468238,1,-2,-139
1767171875.478238,7,-1,-141
1767171875.488238,11,-2,-147
1767171875.498238,6,1,-144
1767171875.508238,6,1,-147
1767171875.518238,7,-2,-141
1767171875.528238,8,0,-142
1767171875.538238,5,0,-147
1767171875.548238,3,-2,-150
1767171875.5582385,0,-3,-153
1767171875.5682385,1,-3,-157
1767171875.5782382,2,1,-154
1767171875.5882382,1,2,-153
1767171875.5982382,3,4,-154
1767171875.6082382,0,5,-152
1767171875.6182382,4,0,-152
1767171875.6282382,-1,-2,-151
1767171875.6382382,-7,-3,-141
1767171875.6482382,-5,-6,-140
1767171875.6582382,0,-3,-143
1767171875.6682382,3,-4,-143
1767171875.6782382,3,-1,-146
1767171875.688238,4,-3,-146
1767171875.698238,1,-6,-142
1767171875.708238,2,0,-142
1767171875.718238,0,3,-140
1767171875.728238,0,2,-136
1767171875.738238,0,0,-144
1767171875.748238,0,-1,-150
1767171875.758238,0,-3,-148
1767171875.768238,-2,-1,-141
1767171875.778238,-4,0,-143
1767171875.788238,-2,-1,-142
1767171875.798238,1,-2,-138
1767171875.8082385,0,-2,-134
1767171875.8182385,1,0,-136
1767171875.8282382,3,0,-133
1767171875.8382382,4,-1,-135
1767171875.8482382,1,2,-137
1767171875.8582382,-1,6,-139
1767171875.8682382,-8,8,-142
1767171875.8782382,-7,11,-148
1767171875.8882382,-6,9,-150
1767171875.8982382,-2,3,-156
1767171875.9082382,-2,1,-145
1767171875.9182382,-1,0,-142
1767171875.9282382,0,-3,-141
1767171875.938238,-1,-3,-141
1767171875.948238,-3,-1,-139
1767171875.958238,-4,-2,-143
1767171875.968238,-2,0,-141
1767171875.978238,-2,0,-139
1767171875.988238,-2,-4,-138
1767171875.998238,-3,-9,-141
1767171876.008238,-7,-6,-147
1767171876.018238,-9,-3,-148
1767171876.028238,-7,-2,-147
1767171876.038238,-6,1,-150
1767171876.048238,-10,3,-150
1767171876.0582385,-6,3,-151
1767171876.0682385,-6,3,-150
1767171876.0782382,-5,0,-143
1767171876.0882382,-6,0,-146
1767171876.0982382,-4,0,-153
1767171876.1082382,-1,-1,-151
1767171876.1182382,0,-3,-143
1767171876.1282382,1,0,-147
1767171876.1382382,-1,0,-139
1767171876.1482382,0,6,-136
1767171876.1582382,1,5,-139
1767171876.1682382,2,-1,-141
1767171876.1782382,3,-2,-144
1767171876.188238,1,-3,-155
1767171876.198238,0,-1,-157
1767171876.208238,-2,-5,-151
1767171876.218238,-5,-6,-151
1767171876.228238,-5,-4,-154
1767171876.238238,0,-4,-158
1767171876.248238,-1,-1,-153
1767171876.258238,2,-4,-144
1767171876.268238,4,-1,-145
1767171876.278238,8,-2,-144
1767171876.288238,4,-3,-147
1767171876.298238,7,1,-144
1767171876.3082385,9,0,-147
1767171876.3182385,5,-3,-141
1767171876.3282382,3,-5,-140
1767171876.3382382,4,-4,-141
1767171876.3482382,2,-3,-151
1767171876.3582382,0,-2,-147
1767171876.3682382,-1,-4,-145
1767171876.3782382,0,-4,-142
1767171876.3882382,0,-1,-140
1767171876.3982382,2,3,-145
1767171876.4082382,3,2,-148
1767171876.4182382,1,2,-155
1767171876.4282382,-2,4,-154
1767171876.438238,-2,5,-149
1767171876.448238,-1,5,-150
1767171876.458238,0,5,-148
1767171876.468238,0,5,-148
1767171876.478238,0,5,-150
1767171876.488238,-1,3,-145
1767171876.498238,-1,1,-145
1767171876.508238,-2,-2,-140
1767171876.518238,-2,-1,-143
1767171876.528238,-3,-2,-138
1767171876.538238,-3,-1,-144
1767171876.548238,0,-3,-146
1767171876.5582385,3,0,-142
1767171876.5682385,2,1,-140
1767171876.5782382,4,3,-146
1767171876.5882382,4,-3,-149
1767171876.5982382,6,-4,-150
1767171876.6082382,6,-6,-150
1767171876.6182382,4,-4,-144
1767171876.6282382,3,-5,-142
1767171876.6382382,9,-3,-149
1767171876.6482382,5,-4,-144
1767171876.6582382,2,-4,-141
1767171876.6682382,4,-4,-139
1767171876.6782382,1,1,-141
1767171876.688238,-1,3,-142
1767171876.698238,-2,0,-135
1767171876.708238,-7,-5,-137
1767171876.718238,-3,-6,-137
1767171876.728238,-7,-4,-136
1767171876.738238,-6,-2,-140
1767171876.748238,-4,-4,-145
1767171876.758238,-4,-3,-139
1767171876.768238,-5,-3,-135
1767171876.778238,-2,-2,-135
1767171876.788238,-4,2,-135
1767171876.798238,-5,0,-136
1767171876.8082385,-11,0,-135
1767171876.8182385,-9,0,-130
1767171876.8282382,-7,0,-131
1767171876.8382382,1,-3,-133
1767171876.8482382,1,-8,-130
1767171876.8582382,0,-10,-143
1767171876.8682382,1,-9,-144
1767171876.8782382,3,-8,-142
1767171876.8882382,5,-4,-142
1767171876.8982382,4,-1,-141
1767171876.9082382,2,-1,-142
1767171876.9182382,3,-6,-139
1767171876.9282382,1,-7,-137
1767171876.938238,4,-4,-134
1767171876.948238,-3,-3,-129
1767171876.958238,-6,-3,-126
1767171876.968238,-7,-2,-133
1767171876.978238,-7,-2,-134
1767171876.988238,-7,-3,-139
1767171876.998238,-6,-6,-138
1767171877.008238,-3,-3,-141
1767171877.018238,0,0,-143
1767171877.028238,0,-3,-143
1767171877.038238,-2,1,-145
1767171877.048238,-3,1,-144
1767171877.0582385,-2,-3,-144
1767171877.0682385,0,-2,-143
1767171877.090238,2,0,-143
1767171877.0982382,4,-1,-143
1767171877.1082382,3,-2,-143
1767171877.1182382,5,0,-141
1767171877.1282382,3,-3,-137
1767171877.1382382,4,-5,-130
1767171877.1482382,3,-2,-135
1767171877.1582382,4,-5,-138
1767171877.1682382,4,-3,-146
1767171877.1782382,1,-3,-139
1767171877.188238,0,0,-143
1767171877.198238,0,-1,-147
1767171877.208238,-1,-1,-146
1767171877.218238,0,0,-147
1767171877.228238,3,0,-155
1767171877.238238,2,-1,-145
1767171877.248238,-2,2,-144
1767171877.258238,-3,1,-148
1767171877.268238,-4,-1,-149
1767171877.278238,0,0,-148
1767171877.288238,0,0,-149
1767171877.298238,-2,0,-150
1767171877.3082385,-2,-1,-153
1767171877.3182385,-6,-5,-151
1767171877.3282382,-3,-8,-152
1767171877.3382382,-4,-9,-144
1767171877.3482382,-4,-7,-140
1767171877.3582382,-5,-4,-141
1767171877.3682382,-2,-4,-143
1767171877.3782382,0,1,-147
1767171877.3882382,-1,2,-147
1767171877.3982382,-1,1,-151
1767171877.4082382,-4,-2,-152
1767171877.4182382,0,0,-146
1767171877.4282382,4,-3,-142
1767171877.438238,3,-6,-142
1767171877.448238,-1,-5,-145
1767171877.458238,-7,-4,-147
1767171877.468238,-9,-9,-153
1767171877.478238,-5,-9,-154
1767171877.488238,-1,-9,-154
1767171877.498238,1,-7,-150
1767171877.508238,2,-1,-151
1767171877.518238,1,-3,-152
1767171877.528238,-1,-4,-144
1767171877.538238,-3,0,-140
1767171877.548238,-3,0,-139
1767171877.5592382,-9,-5,-142
1767171877.5692382,-10,-4,-150
1767171877.5792382,-1,-7,-150
1767171877.5892382,2,-8,-146
1767171877.5992382,8,-6,-149
1767171877.609238,8,-6,-149
1767171877.619238,8,-6,-155
1767171877.629238,4,-10,-162
1767171877.639238,-2,-10,-157
1767171877.649238,-1,-10,-155
1767171877.659238,-2,-6,-151
1767171877.669238,-4,-5,-156
1767171877.679238,-6,-3,-153
1767171877.689238,-3,-2,-150
1767171877.699238,-3,3,-147
1767171877.709238,-2,5,-149
1767171877.719238,-6,8,-143
1767171877.7292385,-1,5,-142
1767171877.7392385,-3,1,-152
1767171877.7492385,-3,2,-158
1767171877.7592382,-4,-2,-156
1767171877.7692382,-6,-2,-153
1767171877.7792382,-7,-1,-152
1767171877.7892382,-5,-5,-155
1767171877.7992382,1,-6,-154
1767171877.8092382,5,-6,-147
1767171877.8192382,1,-5,-146
1767171877.8292382,0,-5,-141
1767171877.8392382,-4,-7,-141
1767171877.8492382,-1,-8,-143
1767171877.859238,-6,-8,-142
1767171877.869238,0,-8,-143
1767171877.879238,0,-6,-140
1767171877.889238,-2,-6,-139
1767171877.899238,-2,-3,-144
1767171877.909238,-4,-5,-149
1767171877.919238,-8,-7,-154
1767171877.929238,-6,-2,-156
1767171877.939238,-10,0,-157
1767171877.949238,-7,-3,-158
1767171877.959238,-3,-7,-154
1767171877.969238,0,-5,-151
1767171877.9792385,1,-3,-151
1767171877.9892385,-3,-1,-149
1767171877.9992385,-4,-6,-145
1767171878.0092382,-4,-10,-138
1767171878.0192382,0,-6,-142
1767171878.0292382,5,-3,-138
1767171878.0392382,6,1,-141
1767171878.0492382,5,2,-149
1767171878.0592382,5,3,-146
1767171878.0692382,4,1,-146
1767171878.0792382,1,4,-141
1767171878.0892382,3,2,-144
1767171878.0992382,5,-1,-141
1767171878.109238,5,-1,-143
1767171878.119238,7,-2,-141
1767171878.129238,6,-4,-146
1767171878.139238,2,-5,-143
1767171878.149238,2,-1,-138
1767171878.159238,-2,-4,-142
1767171878.169238,-2,-2,-144
1767171878.179238,-3,0,-143
1767171878.189238,-2,-2,-145
1767171878.199238,1,-1,-142
1767171878.209238,1,-4,-154
1767171878.219238,3,-7,-153
1767171878.2292385,3,-9,-140
1767171878.2392385,0,-4,-135
1767171878.2492385,0,-6,-138
1767171878.2592382,0,-7,-142
1767171878.2692382,1,-3,-146
1767171878.2792382,3,-3,-142
1767171878.2892382,1,-5,-145
1767171878.2992382,2,-4,-149
1767171878.3092382,4,-7,-155
1767171878.3192382,5,-5,-145
1767171878.3292382,6,0,-147
1767171878.3392382,3,-6,-144
1767171878.3492382,1,-3,-143
1767171878.359238,-4,-1,-148
1767171878.369238,-6,-1,-150
1767171878.379238,-3,-1,-151
1767171878.389238,0,-5,-149
1767171878.399238,-1,-3,-149
1767171878.409238,-2,-3,-143
1767171878.419238,-3,-1,-145
1767171878.429238,-2,-2,-143
1767171878.439238,-2,-2,-145
1767171878.449238,-2,1,-149
1767171878.459238,0,-1,-148
1767171878.469238,-5,-3,-152
1767171878.4792385,-5,-5,-150
1767171878.4892385,-3,-4,-151
1767171878.4992385,-2,-5,-149
1767171878.5092382,-3,-8,-142
1767171878.5192382,-1,-9,-140
1767171878.5292382,0,-9,-145
1767171878.5392382,-2,-12,-145
1767171878.5492382,-1,-6,-144
1767171878.5592382,0,-5,-143
1767171878.5692382,0,-4,-136
1767171878.5792382,2,-2,-135
1767171878.5892382,3,-3,-137
1767171878.5992382,3,-4,-142
1767171878.609238,4,-5,-141
1767171878.619238,4,-6,-144
1767171878.629238,3,-6,-146
1767171878.639238,0,-3,-147
1767171878.649238,0,-1,-148
1767171878.659238,8,-3,-150
1767171878.669238,10,0,-150
1767171878.679238,6,-1,-150
1767171878.689238,7,0,-151
1767171878.699238,8,3,-150
1767171878.709238,4,1,-150
1767171878.719238,7,0,-147
1767171878.7292385,6,-3,-154
1767171878.7392385,6,0,-146
1767171878.7492385,3,3,-150
1767171878.7592382,3,3,-150
1767171878.7692382,8,2,-158
1767171878.7792382,1,-1,-156
1767171878.7892382,1,-2,-153
1767171878.7992382,3,-5,-149
1767171878.8092382,8,0,-148
1767171878.8192382,5,-2,-147
1767171878.8292382,4,0,-145
1767171878.8392382,1,-2,-142
1767171878.8492382,3,-1,-146
1767171878.859238,6,-2,-135
1767171878.869238,1,-9,-140
1767171878.879238,0,-7,-146
1767171878.889238,-1,-4,-148
1767171878.899238,0,-4,-146
1767171878.909238,-2,-5,-145
1767171878.919238,0,-3,-148
1767171878.929238,-2,-4,-149
1767171878.939238,-4,-1,-148
1767171878.949238,-9,-1,-145
1767171878.959238,-6,-5,-152
1767171878.969238,-6,-4,-146
1767171878.9792385,-4,-4,-147
1767171878.9892385,-1,-7,-146
1767171878.9992385,-2,-8,-140
1767171879.0092382,-3,-3,-144
1767171879.0192382,-5,-2,-148
1767171879.0292382,-6,-5,-148
1767171879.0392382,-3,-5,-147
1767171879.0492382,-4,-5,-155
1767171879.0592382,-3,-3,-149
1767171879.0692382,-5,-1,-145
1767171879.0792382,-2,-5,-143
1767171879.0892382,-8,-2,-142
1767171879.0992382,-8,-6,-142
1767171879.109238,-3,-4,-144
1767171879.119238,-4,-4,-138
1767171879.129238,-4,-7,-137
1767171879.139238,-4,-4,-136
1767171879.149238,-7,-1,-139
1767171879.159238,-5,-1,-140
1767171879.169238,-6,0,-139
1767171879.179238,-6,-2,-141
1767171879.189238,-6,-6,-144
1767171879.199238,-10,-3,-148
1767171879.209238,-8,-1,-148
1767171879.219238,0,0,-145
1767171879.2292385,-2,-2,-147
1767171879.2392385,1,-1,-144
1767171879.2492385,1,-2,-137
1767171879.2592382,1,-4,-139
1767171879.2692382,-3,-6,-142
1767171879.2792382,0,-6,-144
1767171879.2892382,-1,-8,-153
1767171879.2992382,1,-6,-155
1767171879.3092382,0,-3,-152
1767171879.3192382,-3,-1,-147
1767171879.3292382,-2,0,-148
1767171879.3392382,-1,0,-146
1767171879.3492382,-4,-1,-147
1767171879.359238,-4,-2,-149
1767171879.369238,0,-1,-152
1767171879.379238,0,-2,-151
1767171879.389238,0,0,-149
1767171879.399238,-2,3,-148
1767171879.409238,0,4,-149
1767171879.419238,-1,5,-146
1767171879.429238,0,3,-145
1767171879.439238,0,0,-140
1767171879.449238,-1,1,-145
1767171879.459238,0,2,-147
1767171879.469238,-2,2,-151
1767171879.4792385,0,4,-149
1767171879.4892385,5,3,-145
1767171879.4992385,4,0,-149
1767171879.5092382,0,-1,-148
1767171879.5192382,0,0,-145
1767171879.5292382,-1,0,-151
1767171879.5392382,0,-4,-149
1767171879.5492382,-1,-5,-147
1767171879.5592382,-2,-4,-150
1767171879.5692382,1,-3,-151
1767171879.5792382,-1,-4,-150
1767171879.5892382,-2,0,-144
1767171879.5992382,-1,-1,-142
1767171879.609238,0,1,-141
1767171879.619238,6,5,-139
1767171879.629238,4,2,-141
1767171879.639238,2,3,-139
1767171879.649238,0,2,-136
1767171879.659238,0,1,-140
1767171879.669238,1,1,-136
1767171879.679238,2,0,-139
1767171879.689238,2,2,-140
1767171879.699238,4,3,-140
1767171879.709238,4,0,-144
1767171879.719238,4,-2,-142
1767171879.7292385,4,1,-139
1767171879.7392385,3,3,-143
1767171879.7492385,6,2,-139
1767171879.7592382,3,1,-139
1767171879.7692382,1,3,-138
1767171879.7792382,-2,0,-137
1767171879.7892382,-2,-1,-142
1767171879.7992382,-1,0,-146
1767171879.8092382,-3,-3,-141
1767171879.8192382,0,0,-145
1767171879.8292382,1,4,-143
1767171879.8392382,1,0,-134
1767171879.8492382,4,0,-135
1767171879.859238,6,-4,-138
1767171879.869238,2,-7,-135
1767171879.879238,2,-3,-135
1767171879.889238,-1,-3,-137
1767171879.899238,0,-1,-145
1767171879.909238,-1,0,-145
1767171879.919238,-4,1,-141
1767171879.929238,-1,-1,-141
1767171879.939238,0,-1,-146
1767171879.949238,0,0,-147
1767171879.959238,0,-4,-151
1767171879.969238,0,-3,-146
1767171879.9792385,1,0,-146
1767171879.9892385,3,3,-141
1767171879.9992385,2,3,-145
1767171880.0092382,5,4,-144
1767171880.0192382,6,5,-146
1767171880.0292382,1,1,-146
1767171880.0392382,2,4,-142
1767171880.050238,0,2,-136
1767171880.0592382,0,1,-139
1767171880.070238,0,0,-142
1767171880.0792382,1,3,-146
1767171880.090238,0,3,-142
1767171880.100238,-1,3,-139
1767171880.110238,0,4,-141
1767171880.120238,4,3,-135
1767171880.130238,6,2,-132
1767171880.140238,0,1,-138
1767171880.150238,-5,-3,-138
1767171880.1602385,-8,-3,-142
1767171880.1702385,-1,-1,-144
1767171880.1802382,0,-3,-142
1767171880.1902382,-2,-6,-141
1767171880.2002382,-4,-7,-140
1767171880.2102382,-4,-1,-134
1767171880.2202382,0,-3,-130
1767171880.2302382,-1,-3,-137
1767171880.2402382,-3,-3,-137
1767171880.2502382,1,-3,-138
1767171880.2602382,-3,-3,-145
1767171880.2702382,0,-2,-148
1767171880.2802382,2,-1,-153
1767171880.290238,-3,0,-159
1767171880.300238,0,-4,-161
1767171880.310238,-1,-3,-152
1767171880.320238,0,0,-145
1767171880.330238,0,-4,-140
1767171880.340238,-5,-5,-143
1767171880.350238,-5,-2,-147
1767171880.360238,-4,-2,-150
1767171880.370238,-2,0,-148
1767171880.380238,0,-1,-140
1767171880.390238,-2,-5,-140
1767171880.400238,-3,-3,-144
1767171880.4102385,2,-3,-146
1767171880.4202385,1,-6,-145
1767171880.4302382,-1,-6,-146
1767171880.4402382,-3,-3,-149
1767171880.4502382,-3,-1,-144
1767171880.4602382,-2,1,-142
1767171880.4702382,-3,-3,-140
1767171880.4802382,-7,-4,-141
1767171880.4902382,-11,-9,-143
1767171880.5002382,-11,-12,-139
1767171880.5102382,-8,-9,-131
1767171880.5202382,-8,-11,-133
1767171880.5302382,-4,-10,-137
1767171880.540238,-6,-11,-142
1767171880.550238,-1,-4,-139
1767171880.560238,0,-2,-145
1767171880.570238,3,-5,-149
1767171880.580238,3,-5,-144
1767171880.590238,0,-7,-141
1767171880.600238,-2,-6,-135
1767171880.610238,-4,-9,-136
1767171880.620238,0,-3,-138
1767171880.630238,2,-3,-134
1767171880.640238,7,-1,-133
1767171880.650238,2,0,-136
1767171880.6602385,2,-1,-137
1767171880.6702385,0,0,-139
1767171880.6802382,6,-1,-133
1767171880.6902382,1,-5,-137
1767171880.7002382,2,-9,-137
1767171880.7102382,3,-11,-140
1767171880.7202382,0,-9,-139
1767171880.7302382,0,-6,-144
1767171880.7402382,-1,-4,-148
1767171880.7502382,-2,-1,-153
1767171880.7602382,-5,0,-148
1767171880.7702382,-1,0,-146
1767171880.7802382,0,-3,-143
1767171880.790238,0,-5,-141
1767171880.800238,2,0,-138
1767171880.810238,0,4,-138
1767171880.820238,0,1,-142
1767171880.830238,3,1,-141
1767171880.840238,0,-6,-142
1767171880.850238,-1,-9,-145
1767171880.860238,0,-15,-146
1767171880.870238,1,-12,-146
1767171880.880238,0,-12,-143
1767171880.890238,1,-11,-149
1767171880.900238,6,-8,-141
1767171880.9102385,4,-10,-136
1767171880.9202385,4,-7,-140
1767171880.9302382,6,-1,-148
1767171880.9402382,0,-1,-147
1767171880.9502382,-4,-1,-144
1767171880.9602382,-2,0,-138
1767171880.9702382,-2,-5,-140
1767171880.9802382,-6,-4,-137
1767171880.9902382,-5,-5,-137
1767171881.0002382,-4,-2,-140
1767171881.0102382,-2,0,-143
1767171881.0202382,-6,-2,-143
1767171881.0302382,-2,-3,-143
1767171881.040238,-4,0,-153
1767171881.050238,-5,2,-146
1767171881.060238,-5,0,-143
1767171881.070238,-2,3,-144
1767171881.080238,-2,0,-143
1767171881.090238,-2,-2,-143
1767171881.100238,0,-3,-148
1767171881.110238,-1,-2,-145
1767171881.120238,0,-8,-140
1767171881.130238,3,-6,-139
1767171881.140238,3,-6,-133
1767171881.150238,4,-8,-134
1767171881.1602385,3,-3,-141
1767171881.1702385,0,-1,-141
1767171881.1802382,-4,2,-136
1767171881.1902382,-2,5,-139
1767171881.2002382,0,7,-140
1767171881.2102382,0,4,-138
1767171881.2202382,-4,2,-135
1767171881.2302382,-2,0,-134
1767171881.2402382,-1,0,-135
1767171881.2502382,-2,0,-137
1767171881.2602382,-5,1,-140
1767171881.2702382,-7,0,-137
1767171881.2802382,-4,-2,-139
1767171881.290238,-3,0,-140
1767171881.300238,-3,0,-148
1767171881.310238,-2,-1,-148
1767171881.320238,2,-2,-151
1767171881.330238,1,0,-149
1767171881.340238,0,0,-151
1767171881.350238,0,0,-152
1767171881.360238,5,2,-147
1767171881.370238,9,4,-146
1767171881.380238,2,5,-144
1767171881.390238,2,1,-151
1767171881.400238,0,5,-158
1767171881.4102385,1,6,-160
1767171881.4202385,4,2,-158
1767171881.4302382,7,3,-153
1767171881.4402382,8,2,-150
1767171881.4502382,9,2,-150
1767171881.4602382,6,1,-149
1767171881.4702382,6,-1,-145
1767171881.4802382,7,-2,-147
1767171881.4902382,8,-2,-145
1767171881.5002382,6,0,-148
1767171881.5102382,7,-1,-143
1767171881.5202382,11,1,-146
1767171881.5302382,10,2,-149
1767171881.540238,6,4,-148
1767171881.550238,6,1,-145
1767171881.560238,9,0,-149
1767171881.570238,10,0,-144
1767171881.580238,5,3,-136
1767171881.590238,0,0,-139
1767171881.600238,-4,1,-146
1767171881.610238,-4,0,-141
1767171881.620238,-2,1,-141
1767171881.630238,0,9,-140
1767171881.640238,0,8,-136
1767171881.650238,0,6,-134
1767171881.6602385,-2,6,-136
1767171881.6702385,-3,4,-130
1767171881.6802382,-2,2,-136
1767171881.6902382,0,3,-139
1767171881.7002382,2,1,-141
1767171881.7102382,1,-2,-139
1767171881.7202382,0,0,-139
1767171881.7302382,1,0,-133
1767171881.7402382,1,2,-140
1767171881.7502382,2,6,-143
1767171881.7602382,7,5,-140
1767171881.7702382,4,3,-138
1767171881.7802382,2,4,-141
1767171881.790238,3,2,-147
1767171881.800238,1,2,-144
1767171881.810238,0,3,-146
1767171881.820238,1,4,-145
1767171881.830238,1,5,-139
1767171881.840238,1,1,-136
1767171881.850238,-1,-1,-137
1767171881.860238,-1,-3,-136
1767171881.870238,2,-3,-136
1767171881.880238,0,-3,-135
1767171881.890238,-3,0,-146
1767171881.900238,0,1,-144
1767171881.9102385,1,0,-153
1767171881.9202385,-4,0,-154
1767171881.9302382,-3,0,-159
1767171881.9402382,-6,1,-157
1767171881.9502382,-2,0,-149
1767171881.9602382,0,0,-145
1767171881.9702382,0,0,-144
1767171881.9802382,3,0,-147
1767171881.9902382,-1,-4,-144
1767171882.0002382,-1,-9,-154
1767171882.0102382,0,-7,-150
1767171882.0202382,0,-4,-151
1767171882.0302382,0,-4,-145
1767171882.040238,-3,-3,-151
1767171882.050238,-4,-4,-148
1767171882.060238,-5,-5,-149
1767171882.070238,-6,-5,-150
1767171882.080238,-6,-3,-145
1767171887.1142385,-2,0,-152
1767171887.1222382,-2,5,-151
1767171887.132238,-5,9,-149
1767171887.142238,-4,8,-141
1767171887.152238,-1,3,-132
1767171887.162238,0,1,-139
1767171887.172238,-2,1,-150
1767171887.182238,0,4,-148
1767171887.192238,0,8,-151
1767171887.202238,1,9,-158
1767171887.212238,4,3,-156
1767171887.222238,1,0,-155
1767171887.232238,3,-1,-148
1767171887.242238,2,-6,-145
1767171887.252238,0,-5,-149
1767171887.2622385,-6,-3,-149
1767171887.2722385,-5,1,-147
1767171887.2822382,-4,1,-140
1767171887.2922382,-4,-1,-145
1767171887.3022382,-1,0,-145
1767171887.3122382,1,0,-142
1767171887.3222382,2,0,-141
1767171887.3322382,1,0,-143
1767171887.3422382,2,0,-145
1767171887.3522382,0,1,-143
1767171887.3622382,-5,-2,-139
1767171887.3722382,-3,-1,-144
1767171887.382238,-2,2,-145
1767171887.392238,1,3,-149
1767171887.402238,0,1,-153
1767171887.412238,1,-3,-145
1767171887.422238,1,1,-149
1767171887.432238,0,5,-149
1767171887.442238,6,1,-150
1767171887.452238,7,0,-148
1767171887.462238,5,1,-150
1767171887.472238,3,0,-149
1767171887.482238,0,-7,-150
1767171887.492238,-2,-8,-148
1767171887.502238,1,-5,-149
1767171887.5122385,0,-4,-155
1767171887.5222385,-1,0,-155
1767171887.5322382,-4,-2,-153
1767171887.5422382,-3,3,-145
1767171887.5522382,0,5,-143
1767171887.5622382,0,3,-141
1767171887.5722382,1,2,-141
1767171887.5822382,-1,0,-141
1767171887.5922382,2,0,-145
1767171887.6022382,5,1,-142
1767171887.613238,3,3,-137
1767171887.623238,0,0,-137
1767171887.633238,1,-2,-132
1767171887.642238,0,3,-131
1767171887.653238,0,3,-134
1767171887.663238,1,-1,-130
1767171887.673238,1,0,-131
1767171887.6832385,3,-3,-131
1767171887.6932385,9,-2,-137
1767171887.7032382,9,-1,-133
1767171887.7132382,10,1,-135
1767171887.7232382,10,3,-140
1767171887.7332382,7,1,-148
1767171887.7432382,7,2,-141
1767171887.7532382,5,0,-146
1767171887.7632382,3,-3,-147
1767171887.7732382,0,-5,-146
1767171887.7832382,0,-7,-142
1767171887.7932382,2,-8,-144
1767171887.8032382,2,-8,-143
1767171887.813238,2,-5,-142
1767171887.823238,3,0,-148
1767171887.833238,0,0,-143
1767171887.843238,3,0,-149
1767171887.853238,0,4,-155
1767171887.863238,4,4,-150
1767171887.873238,4,4,-150
1767171887.883238,-1,6,-154
1767171887.893238,-1,5,-150
1767171887.903238,-5,2,-151
1767171887.913238,-6,3,-149
1767171887.923238,-11,5,-149
1767171887.9332385,-14,5,-147
1767171887.9432385,-9,-1,-151
1767171887.9532382,-6,-3,-157
1767171887.9632382,-7,-1,-154
1767171887.9732382,-8,-1,-150
1767171887.9832382,-6,-5,-143
1767171887.9932382,-3,-7,-143
1767171888.0032382,0,-4,-150
1767171888.0132382,0,-5,-151
1767171888.0232382,0,-5,-143
1767171888.0332382,6,-6,-148
1767171888.0432382,6,-4,-146
1767171888.0532382,1,-3,-145
1767171888.063238,0,-4,-142
1767171888.073238,-2,-5,-146
1767171888.083238,0,-5,-145
1767171888.093238,0,-7,-143
1767171888.103238,0,-7,-142
1767171888.113238,1,-4,-145
1767171888.123238,0,-1,-147
1767171888.133238,2,1,-147
1767171888.143238,4,2,-153
1767171888.153238,5,-2,-149
1767171888.163238,4,-1,-138
1767171888.173238,5,-3,-141
1767171888.1832385,2,-3,-142
1767171888.1932385,3,-1,-147
1767171888.2032382,3,-3,-148
1767171888.2132382,1,-3,-151
1767171888.2232382,3,-2,-154
1767171888.2332382,1,-6,-158
1767171888.2432382,3,-6,-154
1767171888.2532382,4,-7,-148
1767171888.2632382,4,-5,-147
1767171888.2732382,3,-5,-148
1767171888.2832382,0,-5,-143
1767171888.2932382,-2,-5,-151
1767171888.3032382,1,-1,-145
1767171888.313238,3,1,-145
1767171888.323238,0,1,-145
1767171888.333238,0,0,-144
1767171888.343238,1,0,-146
1767171888.353238,-1,-4,-153
1767171888.363238,-7,-9,-152
1767171888.373238,-11,-10,-154
1767171888.383238,-10,-7,-155
1767171888.393238,-6,-3,-157
1767171888.403238,-4,-5,-153
1767171888.413238,-4,-4,-151
1767171888.423238,-3,-2,-152
1767171888.4332385,-5,-3,-152
1767171888.4432385,-3,-3,-153
1767171888.4532382,-2,-1,-149
1767171888.4632382,-6,0,-148
1767171888.4732382,-8,0,-149
1767171888.4832382,-5,0,-146
1767171888.4932382,-3,-6,-139
1767171888.5032382,-1,-4,-140
1767171888.5132382,-3,-3,-142
1767171888.5232382,-2,-5,-142
1767171888.5332382,-2,-4,-142
1767171888.5432382,-6,-2,-141
1767171888.5532382,-3,-3,-143
1767171888.563238,-2,-3,-144
1767171888.573238,0,-4,-152
1767171888.583238,-1,-3,-154
1767171888.593238,-1,-2,-147
1767171888.603238,-3,-5,-144
1767171888.613238,-3,-3,-146
1767171888.623238,-3,-6,-148
1767171888.633238,0,-5,-144
1767171888.643238,0,-8,-139
1767171888.653238,1,-8,-137
1767171888.663238,3,-11,-142
1767171888.673238,2,-11,-144
1767171888.6832385,0,-10,-146
1767171888.6932385,2,-10,-143
1767171888.7032382,3,-12,-149
1767171888.7132382,1,-11,-147
1767171888.7232382,-2,-8,-151
1767171888.7332382,-2,-9,-149
1767171888.7432382,-3,-6,-142
1767171888.7532382,-7,-3,-145
1767171888.7632382,-7,-8,-145
1767171888.7732382,-6,-6,-151
1767171888.7832382,-9,-4,-152
1767171888.7932382,-8,0,-148
1767171888.8032382,-3,-1,-146
1767171888.813238,1,1,-144
1767171888.823238,0,1,-143
1767171888.833238,3,0,-145
1767171888.843238,0,0,-140
1767171888.853238,-1,1,-143
1767171888.863238,0,1,-145
1767171888.873238,0,-2,-144
1767171888.883238,-3,-6,-148
1767171888.893238,-5,-8,-150
1767171888.903238,-8,-8,-155
1767171888.913238,-7,-5,-158
1767171888.923238,-9,-7,-160
1767171888.9332385,-13,-5,-158
1767171888.9432385,-11,-4,-148
1767171888.9532382,-6,-2,-148
1767171888.9632382,-1,0,-146
1767171888.9732382,-3,-1,-143
1767171888.9832382,1,-4,-146
1767171888.9932382,1,-2,-142
1767171889.0032382,-2,-5,-149
1767171889.0132382,-1,-4,-154
1767171889.0232382,4,-5,-155
1767171889.0332382,1,0,-158
1767171889.0432382,-1,-1,-147
1767171889.0532382,-4,-1,-145
1767171889.063238,-1,-3,-143
1767171889.073238,-2,-4,-144
1767171889.083238,-7,-7,-148
1767171889.093238,-13,-5,-153
1767171889.103238,-15,-3,-152
1767171889.113238,-12,-3,-141
1767171889.123238,-9,-4,-138
1767171889.133238,-10,-1,-136
1767171889.143238,-11,-1,-139
1767171889.153238,-4,-2,-147
1767171889.163238,0,-4,-156
1767171889.173238,0,0,-158
1767171889.1832385,-2,2,-161
1767171889.1932385,-4,3,-159
1767171889.2032382,-6,4,-151
1767171889.2132382,-4,5,-151
1767171889.2232382,0,3,-152
1767171889.2332382,-2,-1,-154
1767171889.2432382,-1,-5,-149
1767171889.2532382,0,-3,-150
1767171889.2632382,-5,-2,-150
1767171889.2732382,-4,-4,-142
1767171889.2832382,-5,-4,-143
1767171889.2932382,-4,0,-142
1767171889.3032382,0,2,-144
1767171889.313238,0,1,-143
1767171889.323238,0,0,-147
1767171889.333238,-5,3,-158
1767171889.343238,-7,2,-154
1767171889.353238,-2,2,-156
1767171889.363238,-3,-2,-151
1767171889.373238,-7,-6,-149
1767171889.383238,-2,-5,-147
1767171889.393238,-1,-3,-147
1767171889.403238,-2,-1,-141
1767171889.413238,0,-2,-140
1767171889.423238,1,-4,-145
1767171889.4332385,0,-6,-149
1767171889.4432385,5,-8,-151
1767171889.4532382,6,-3,-149
1767171889.4632382,5,-5,-144
1767171889.4732382,3,-8,-151
1767171889.4832382,5,-13,-153
1767171889.4932382,3,-11,-151
1767171889.5032382,4,-6,-146
1767171889.5132382,1,-7,-148
1767171889.5232382,0,-6,-148
1767171889.5332382,4,0,-146
1767171889.5432382,2,2,-147
1767171889.5532382,0,1,-146
1767171889.563238,0,4,-144
1767171889.573238,-2,4,-147
1767171889.583238,-2,3,-149
1767171889.593238,-2,2,-153
1767171889.603238,0,-1,-154
1767171889.613238,3,0,-155
1767171889.623238,0,-2,-157
1767171889.633238,1,-1,-152
1767171889.643238,3,2,-149
1767171889.653238,2,0,-151
1767171889.663238,4,-1,-148
1767171889.673238,6,1,-154
1767171889.6832385,3,0,-150
1767171889.6932385,-1,1,-152
1767171889.7032382,-1,1,-145
1767171889.7132382,-1,-1,-140
1767171889.7232382,-2,-1,-149
1767171889.7332382,-3,0,-155
1767171889.7432382,-5,-3,-153
1767171889.7532382,-7,-5,-155
1767171889.7632382,-3,-3,-150
1767171889.7732382,2,-4,-148
1767171889.7832382,4,-3,-142
1767171889.7932382,-1,-4,-141
1767171889.8032382,-2,-2,-138
1767171889.813238,-1,0,-141
1767171889.823238,2,-2,-149
1767171889.833238,4,-1,-151
1767171889.843238,2,-2,-154
1767171889.853238,2,-2,-152
1767171889.863238,4,-2,-150
1767171889.873238,4,-2,-150
1767171889.883238,-3,0,-148
1767171889.893238,0,4,-150
1767171889.903238,0,4,-154
1767171889.913238,2,0,-154
1767171889.923238,-1,0,-155
1767171889.9332385,-3,-1,-149
1767171889.9432385,-2,-3,-155
1767171889.9532382,-5,-2,-162
1767171889.9632382,-7,-2,-160
1767171889.9732382,-6,-4,-158
1767171889.9832382,-6,-4,-159
1767171889.9932382,-7,-5,-162
1767171890.0032382,-7,-1,-163
1767171890.0132382,-7,5,-163
1767171890.0232382,-5,5,-157
1767171890.0332382,-2,2,-152
1767171890.0432382,1,0,-151
1767171890.0532382,3,-1,-154
1767171890.063238,-1,-5,-153
1767171890.073238,-6,0,-147
1767171890.083238,-3,2,-144
1767171890.093238,4,4,-137
1767171890.103238,0,3,-137
1767171890.113238,-1,2,-138
1767171890.123238,-1,1,-141
1767171890.133238,4,1,-142
1767171890.143238,6,0,-138
1767171890.153238,1,-1,-136
1767171890.163238,-2,-3,-137
1767171890.1742382,-4,-6,-137
1767171890.1832385,-4,-3,-137
1767171890.1932385,-4,-4,-140
1767171890.2042382,-3,-5,-146
1767171890.2142382,-4,3,-152
1767171890.2242382,-3,7,-154
1767171890.234238,-2,7,-155
1767171890.2432382,-4,3,-149
1767171890.254238,1,0,-154
1767171890.264238,0,0,-156
1767171890.274238,2,0,-156
1767171890.284238,1,-4,-148
1767171890.2932382,0,-3,-143
1767171890.304238,2,-2,-139
1767171890.314238,0,1,-139
1767171890.324238,0,0,-135
1767171890.334238,2,-1,-139
1767171890.343238,-3,-4,-138
1767171890.3542385,-6,-4,-144
1767171890.3642385,-4,-2,-150
1767171890.3742385,-2,-4,-144
1767171890.3842382,0,-5,-147
1767171890.3942382,1,-2,-141
1767171890.4042382,0,-3,-141
1767171890.4142382,1,-2,-143
1767171890.4242382,0,-2,-144
1767171890.4342382,0,0,-149
1767171890.4442382,0,0,-147
1767171890.4542382,0,0,-148
1767171890.4642382,3,0,-145
1767171890.4742382,-3,2,-140
1767171890.484238,-5,1,-147
1767171890.494238,-7,-2,-146
1767171890.504238,-8,-4,-151
1767171890.514238,-2,-4,-147
1767171890.524238,1,-1,-140
1767171890.534238,0,-1,-137
1767171890.544238,4,-1,-137
1767171890.554238,6,0,-131
1767171890.564238,4,-3,-138
1767171890.574238,0,-2,-142
1767171890.584238,0,0,-141
1767171890.594238,0,2,-142
1767171890.6042385,4,0,-141
1767171890.6142385,1,0,-136
1767171890.6242385,0,0,-135
1767171890.6342382,-4,-4,-134
1767171890.6442382,-2,-3,-130
1767171890.6542382,-3,-4,-133
1767171890.6642382,-6,-2,-138
1767171890.6742382,-6,0,-133
1767171890.6842382,-7,1,-136
1767171890.6942382,-7,1,-138
1767171890.7042382,-8,1,-139
1767171890.7142382,-5,0,-135
1767171890.7242382,0,0,-135
1767171890.734238,1,4,-139
1767171890.744238,-4,6,-141
1767171890.754238,-4,5,-141
1767171890.764238,-1,2,-141
1767171890.774238,1,2,-146
1767171890.784238,0,2,-143
1767171890.794238,-1,4,-138
1767171890.804238,-5,1,-141
1767171890.814238,-9,0,-145
1767171890.824238,-10,-1,-142
1767171890.834238,-10,-2,-142
1767171890.844238,-8,-5,-148
1767171890.8542385,-4,-9,-148
1767171890.8642385,-1,-5,-153
1767171890.8742385,-2,-6,-153
1767171890.8842382,-3,-6,-159
1767171890.8942382,-5,-4,-163
1767171890.9042382,-3,-1,-156
1767171890.9142382,-4,1,-152
1767171890.9242382,-5,4,-154
1767171890.9342382,-3,4,-150
1767171890.9442382,-2,3,-151
1767171890.9542382,-1,0,-141
1767171890.9642382,0,-1,-141
1767171890.9742382,2,0,-138
1767171890.984238,0,2,-137
1767171890.994238,-1,0,-141
1767171891.004238,0,1,-146
1767171891.014238,0,1,-138
1767171891.024238,-1,-2,-133
1767171891.034238,0,-3,-137
1767171891.044238,-1,0,-140
1767171891.054238,0,-2,-144
1767171891.064238,-4,0,-144
1767171891.074238,-3,1,-152
1767171891.084238,-2,0,-149
1767171891.094238,-4,-2,-145
1767171891.1042385,-4,-4,-140
1767171891.1142385,-3,-6,-137
1767171891.1242385,-2,-5,-139
1767171891.1342382,-3,-5,-139
1767171891.1442382,-2,-5,-145
1767171891.1542382,-5,-6,-146
1767171891.1642382,-1,-5,-150
1767171891.1742382,-4,-3,-148
1767171891.1842382,0,-4,-150
1767171891.1942382,1,-3,-156
1767171891.2042382,-2,-3,-154
1767171891.2142382,-1,0,-151
1767171891.2242382,0,-3,-150
1767171891.234238,0,-3,-153
1767171891.244238,0,-3,-146
1767171891.254238,0,-5,-147
1767171891.264238,2,-5,-147
1767171891.274238,1,-5,-142
1767171891.284238,0,-6,-146
1767171891.294238,-4,-4,-146
1767171891.304238,-6,-2,-148
1767171891.314238,-4,0,-150
1767171891.324238,0,2,-155
1767171891.334238,6,7,-153
1767171891.344238,0,4,-151
1767171891.3542385,1,-3,-153
1767171891.3642385,0,-3,-153
1767171891.3742385,-1,0,-155
1767171891.3842382,0,0,-159
1767171891.3942382,-1,0,-160
1767171891.4042382,0,0,-153
1767171891.4142382,-4,1,-149
1767171891.4242382,-5,6,-143
1767171891.4342382,-9,4,-141
1767171891.4442382,-5,-1,-141
1767171891.4542382,-3,2,-147
1767171891.4642382,-1,-1,-147
1767171891.4742382,-2,-4,-146
1767171891.484238,-1,-2,-152
1767171891.494238,-1,0,-153
1767171891.504238,0,-2,-156
1767171891.514238,0,-6,-158
1767171891.524238,0,-8,-156
1767171891.534238,-1,-5,-158
1767171891.544238,0,0,-148
1767171891.554238,0,0,-144
1767171891.564238,0,0,-138
1767171891.574238,0,-3,-130
1767171891.584238,0,-5,-130
1767171891.594238,-2,-7,-138
1767171891.6042385,1,-6,-135
1767171891.6142385,6,-4,-132
1767171891.6242385,8,-5,-137
1767171891.6342382,8,-6,-139
1767171891.6442382,6,-4,-145
1767171891.6542382,3,-6,-148
1767171891.6642382,5,-5,-145
1767171891.6742382,5,-5,-150
1767171891.6842382,0,-2,-151
1767171891.6942382,0,-3,-149
1767171891.7042382,4,-3,-154
1767171891.7142382,5,0,-150
1767171891.7242382,4,-2,-147
1767171891.734238,7,0,-141
1767171891.744238,3,-1,-139
1767171891.754238,-1,0,-142
1767171891.764238,0,2,-142
1767171891.774238,2,2,-138
1767171891.784238,-1,0,-133
1767171891.794238,0,-5,-133
1767171891.804238,0,-3,-134
1767171891.814238,-3,-2,-129
1767171891.824238,-4,0,-133
1767171891.834238,-4,0,-139
1767171891.844238,-6,2,-141
1767171891.8542385,-6,0,-135
1767171891.8642385,-7,0,-142
1767171891.8742385,-3,0,-143
1767171891.8842382,-4,-2,-140
1767171891.8942382,-4,-3,-141
1767171891.9042382,-2,0,-144
1767171891.9142382,-3,4,-151
1767171891.9242382,-7,3,-157
1767171891.9342382,-11,2,-146
1767171891.9442382,-8,2,-146
1767171891.9542382,-3,0,-149
1767171891.9642382,-3,-4,-155
1767171891.9742382,-1,-2,-154
1767171891.984238,0,-3,-150
1767171891.994238,0,-1,-152
1767171892.004238,1,0,-153
1767171892.014238,6,0,-153
1767171892.024238,1,1,-158
1767171892.034238,3,0,-154
1767171892.044238,6,1,-153
1767171892.054238,2,-2,-141
1767171892.064238,-1,-6,-137
1767171892.074238,-1,-5,-138
1767171892.084238,-3,-8,-139
1767171892.094238,-6,-9,-143
1767171892.1042385,-6,-14,-141
1767171892.126238,-3,-8,-146
1767171892.1342382,-4,-9,-148
1767171892.1442382,-2,-7,-141
1767171892.1542382,1,-7,-141
1767171892.1642382,1,-8,-140
1767171892.1742382,2,-7,-138
1767171892.1842382,1,-9,-137
1767171892.1942382,-4,-8,-138
1767171892.2042382,3,-10,-138
1767171892.2142382,1,-7,-144
1767171892.2242382,1,-4,-140
1767171892.234238,0,-4,-139
1767171892.244238,-3,-1,-150
1767171892.254238,-3,-3,-143
1767171892.264238,-4,-2,-139
1767171892.274238,-5,-5,-138
1767171892.284238,-2,-2,-142
1767171892.294238,-3,-5,-146
1767171892.304238,-5,-5,-144
1767171892.314238,-2,-5,-139
1767171892.324238,-1,-1,-146
1767171892.334238,-8,0,-140
1767171892.344238,-10,-2,-144
1767171892.3542385,-6,-4,-144
1767171892.3642385,0,-8,-139
1767171892.3742385,0,-7,-140
1767171892.3842382,-7,-6,-134
1767171892.3942382,-6,0,-135
1767171892.4042382,-2,2,-141
1767171892.4142382,-5,3,-141
1767171892.4242382,-3,0,-141
1767171892.4342382,-2,-1,-135
1767171892.4442382,-5,0,-132
1767171892.4542382,-2,0,-131
1767171892.4642382,-2,3,-142
1767171892.4742382,2,1,-146
1767171892.484238,-2,2,-150
1767171892.494238,-6,0,-152
1767171892.504238,-5,3,-155
1767171892.514238,-6,0,-156
1767171892.524238,-3,3,-160
1767171892.534238,-4,9,-148
1767171892.544238,-6,12,-147
1767171892.554238,-6,9,-144
1767171892.564238,-8,3,-144
1767171892.574238,-6,1,-144
1767171892.584238,-4,3,-145
1767171892.594238,0,0,-147
1767171892.6042385,-3,-1,-141
1767171892.6142385,0,0,-138
1767171892.6242385,1,5,-134
1767171892.6342382,-2,7,-143
1767171892.6442382,-1,5,-148
1767171892.6542382,-2,5,-149
1767171892.6642382,-1,8,-152
1767171892.675238,0,0,-146
1767171892.685238,-1,0,-141
1767171892.695238,0,2,-139
1767171892.705238,-2,2,-142
1767171892.715238,-2,2,-147
1767171892.725238,-3,0,-148
1767171892.735238,-2,-1,-145
1767171892.745238,-4,0,-144
1767171892.755238,-4,5,-144
1767171892.765238,1,6,-137
1767171892.775238,3,3,-137
1767171892.7852385,0,3,-133
1767171892.7952385,0,1,-137
1767171892.8052382,-2,0,-139
1767171892.8152382,0,0,-144
1767171892.8252382,0,0,-146
1767171892.8352382,-3,0,-147
1767171892.8452382,-5,-1,-149
1767171892.8552382,-5,-6,-146
1767171892.8652382,-3,-6,-143
1767171892.8752382,-3,-4,-145
1767171892.8852382,0,-5,-149
1767171892.8952382,6,-4,-147
1767171892.9052382,5,-2,-145
1767171892.915238,5,-1,-143
1767171892.925238,-5,-1,-145
1767171892.935238,-6,-5,-146
1767171892.945238,-3,-6,-148
1767171892.955238,-2,-7,-148
1767171892.965238,-2,-4,-148
1767171892.975238,0,0,-146
1767171892.985238,1,2,-144
1767171892.995238,3,3,-137
1767171893.005238,3,4,-136
1767171893.015238,1,6,-130
1767171893.025238,-2,5,-133
1767171893.0352385,0,1,-134
1767171893.0452385,-4,3,-132
1767171893.0552382,-6,7,-140
1767171893.0652382,-9,7,-145
1767171893.0752382,-6,6,-140
1767171893.0852382,-4,6,-141
1767171893.0952382,0,6,-139
1767171893.1052382,0,2,-139
1767171893.1152382,0,3,-147
1767171893.1252382,0,4,-142
1767171893.1352382,1,2,-145
1767171893.1452382,7,0,-144
1767171893.1552382,4,2,-135
1767171893.165238,1,1,-135
1767171893.175238,4,2,-138
1767171893.185238,3,0,-144
1767171893.195238,6,0,-151
1767171893.205238,2,-2,-147
1767171893.215238,0,1,-144
1767171893.225238,-2,2,-144
1767171893.235238,-5,5,-144
1767171893.245238,-6,2,-143
1767171893.255238,-5,-1,-147
1767171893.265238,-7,0,-142
1767171893.275238,-9,-1,-145
1767171893.2852385,-8,-4,-151
1767171893.2952385,-11,-6,-155
1767171893.3052382,-8,-3,-149
1767171893.3152382,-4,0,-149
1767171893.3252382,-1,1,-154
1767171893.3352382,0,0,-158
1767171893.3452382,1,-3,-157
1767171893.3552382,-1,-4,-149
1767171893.3652382,-8,-6,-157
1767171893.3752382,-8,-3,-157
1767171893.3852382,-9,-2,-153
1767171893.3952382,-5,-2,-145
1767171893.4052382,0,-5,-144
1767171893.415238,0,-7,-144
1767171893.425238,2,-6,-140
1767171893.435238,0,-2,-135
1767171893.445238,0,-1,-136
1767171893.455238,4,0,-139
1767171893.465238,3,-2,-133
1767171893.475238,1,0,-134
1767171893.485238,2,1,-137
1767171893.495238,-3,0,-142
1767171893.505238,-3,-3,-149
1767171893.515238,-3,-5,-151
1767171893.525238,-3,-7,-145
1767171893.5352385,-2,-6,-146
1767171893.5452385,-5,-5,-147
1767171893.5552382,-1,-4,-152
1767171893.5652382,3,-5,-147
1767171893.5752382,0,-2,-150
1767171893.5852382,-1,2,-148
1767171893.5952382,-2,2,-144
1767171893.6052382,-3,0,-140
1767171893.6152382,0,-1,-144
1767171893.6252382,-2,0,-147
1767171893.6352382,-1,2,-148
1767171893.6452382,-2,6,-150
1767171893.6552382,-6,5,-147
1767171893.665238,-7,0,-145
1767171893.675238,-9,3,-139
1767171893.685238,-10,5,-135
1767171893.695238,-7,4,-139
1767171893.705238,-5,7,-141
1767171893.715238,-1,8,-142
1767171893.725238,0,7,-136
1767171893.735238,0,-2,-136
1767171893.745238,0,-3,-137
1767171893.755238,-1,-2,-139
1767171893.765238,-4,0,-140
1767171893.775238,-6,3,-137
1767171893.7852385,-6,6,-138
1767171893.7952385,-7,0,-137
1767171893.8052382,-4,-2,-139
1767171893.8152382,-2,0,-145
1767171893.8252382,0,3,-145
1767171893.8352382,2,4,-146
1767171893.8452382,3,1,-144
1767171893.8552382,5,0,-144
1767171893.8652382,8,2,-142
1767171893.8752382,3,0,-144
1767171893.8852382,3,0,-142
1767171893.8952382,3,-1,-137
1767171893.9052382,2,-2,-137
1767171893.915238,4,-6,-145
1767171893.925238,2,-4,-145
1767171893.935238,-3,-3,-144
1767171893.945238,-2,-5,-144
1767171893.955238,-2,-2,-145
1767171893.965238,-6,-5,-144
1767171893.975238,-9,-1,-142
1767171893.985238,-7,-1,-144
1767171893.995238,-7,0,-143
1767171894.005238,-7,0,-142
1767171894.015238,-5,-3,-138
1767171894.025238,0,-4,-139
1767171894.0352385,2,-3,-131
1767171894.0452385,0,-4,-131
1767171894.0552382,2,-8,-129
1767171894.0652382,0,-9,-133
1767171894.0752382,0,-8,-139
1767171894.0852382,0,-6,-144
1767171894.0952382,-3,-4,-144
1767171894.1052382,-5,-3,-144
1767171894.1152382,-4,-5,-145
1767171894.1252382,-1,0,-142
1767171894.1352382,1,-2,-142
1767171894.1452382,0,-4,-138
1767171894.1552382,0,-5,-139
1767171894.165238,5,-6,-137
1767171894.175238,0,-4,-143
1767171894.185238,2,-3,-138
1767171894.195238,1,-3,-137
1767171894.205238,-4,-4,-137
1767171894.215238,0,-6,-143
1767171894.225238,-2,-4,-146
1767171894.235238,-1,-5,-149
1767171894.245238,0,0,-145
1767171894.255238,-2,-1,-144
1767171894.265238,-1,-1,-145
1767171894.275238,0,-2,-144
1767171894.2852385,0,-2,-147
1767171894.2952385,-2,-1,-144
1767171894.3052382,-5,0,-140
1767171894.3152382,-4,1,-140
1767171894.3252382,-5,2,-142
1767171894.3352382,-8,3,-141
1767171894.3452382,-7,0,-143
1767171894.3552382,0,-2,-144
1767171894.3652382,-4,-4,-139
1767171894.3752382,0,-6,-143
1767171894.3852382,1,-8,-138
1767171894.3952382,2,-1,-140
1767171894.4052382,0,0,-146
1767171894.415238,1,4,-147
1767171894.425238,0,3,-139
1767171894.435238,-4,1,-136
1767171894.445238,-3,0,-140
1767171894.455238,0,-1,-138
1767171894.465238,3,-3,-140
1767171894.475238,0,-7,-136
1767171894.485238,-1,-4,-132
1767171894.495238,1,1,-139
1767171894.505238,5,2,-135
1767171894.515238,5,5,-137
1767171894.525238,5,5,-133
1767171894.5352385,3,3,-133
1767171894.5452385,1,2,-140
1767171894.5552382,1,-1,-138
1767171894.5652382,0,-2,-140
1767171894.5752382,0,-1,-142
1767171894.5852382,2,0,-148
1767171894.5952382,0,-4,-152
1767171894.6052382,-1,-2,-148
1767171894.6152382,-4,0,-142
1767171894.6252382,-3,0,-145
1767171894.6352382,0,-3,-144
1767171894.6452382,0,-4,-142
1767171894.6552382,-1,-2,-147
1767171894.665238,-1,-2,-149
1767171894.675238,3,-4,-153
1767171894.685238,4,-3,-152
1767171894.695238,3,-2,-157
1767171894.705238,1,-1,-157
1767171894.715238,4,-4,-153
1767171894.725238,3,-9,-152
1767171894.735238,1,-9,-156
1767171894.745238,0,-7,-154
1767171894.755238,0,-5,-148
1767171894.765238,2,-3,-153
1767171894.775238,2,-4,-154
1767171894.7852385,3,-4,-152
1767171894.7952385,0,-5,-152
1767171894.8052382,-1,-5,-148
1767171894.8152382,2,-3,-139
1767171894.8252382,1,0,-141
1767171894.8352382,-3,-2,-143
1767171894.8452382,-2,-4,-139
1767171894.8552382,0,-3,-142
1767171894.8652382,-2,-3,-144
1767171894.8752382,0,0,-139
1767171894.8852382,1,-1,-142
1767171894.8952382,-3,-2,-147
1767171894.9052382,-4,-2,-150
1767171894.915238,-6,-2,-153
1767171894.925238,1,0,-152
1767171894.935238,0,1,-153
1767171894.945238,-1,0,-157
1767171894.955238,-1,4,-156
1767171894.965238,0,4,-156
1767171894.975238,0,1,-158
1767171894.985238,-1,1,-158
1767171894.995238,-2,0,-158
1767171895.005238,-2,1,-155
1767171895.015238,0,2,-151
1767171895.025238,4,-1,-151
1767171895.0352385,6,-2,-155
1767171895.0452385,6,-1,-152
1767171895.0552382,1,0,-150
1767171895.0652382,2,1,-152
1767171895.0752382,4,1,-158
1767171895.0852382,5,1,-160
1767171895.0952382,4,-2,-154
1767171895.1052382,0,-2,-154
1767171895.1152382,-7,1,-151
1767171895.1252382,-8,-1,-154
1767171895.1352382,-8,-2,-152
1767171895.1452382,-7,-3,-151
1767171895.156238,-3,-4,-154
1767171895.165238,-2,0,-148
1767171895.175238,-7,0,-150
1767171895.185238,-2,0,-152
1767171895.195238,0,-1,-145
1767171895.2062385,-1,-1,-143
1767171895.2162385,-1,-2,-145
1767171895.225238,0,-3,-145
1767171895.2362382,0,-3,-141
1767171895.2462382,1,0,-144
1767171895.2562382,2,2,-149
1767171895.2662382,-3,2,-145
1767171895.2762382,-6,1,-151
1767171895.2862382,-2,0,-144
1767171895.2962382,-3,0,-144
1767171895.3062382,-1,1,-150
1767171895.3162382,-3,0,-152
1767171895.3262382,-1,-2,-151
1767171895.336238,0,0,-153
1767171895.346238,3,0,-154
1767171895.356238,3,0,-151
1767171895.366238,5,-1,-152
1767171895.376238,0,1,-150
1767171895.386238,0,0,-146
1767171895.396238,2,1,-138
1767171895.406238,-1,4,-135
1767171895.416238,0,6,-138
1767171895.426238,-2,3,-142
1767171895.436238,-2,0,-146
1767171895.446238,-5,1,-146
1767171895.4562385,-6,-1,-148
1767171895.4662385,-5,-1,-144
1767171895.4762385,2,-4,-144
1767171895.4862382,4,-5,-146
1767171895.4962382,4,-6,-146
1767171895.5062382,2,-4,-140
1767171895.5162382,0,-6,-141
1767171895.5262382,0,-4,-141
1767171895.5362382,1,-5,-144
1767171895.5462382,0,-1,-139
1767171895.5562382,3,-3,-143
1767171895.5662382,2,-1,-148
1767171895.5762382,2,-1,-143
1767171895.586238,2,-1,-143
1767171895.596238,2,0,-145
1767171895.606238,2,-2,-146
1767171895.616238,0,0,-144
1767171895.626238,0,2,-144
1767171895.636238,0,0,-149
1767171895.646238,-3,7,-149
1767171895.656238,-2,3,-142
1767171895.666238,-7,3,-146
1767171895.676238,-4,6,-144
1767171895.686238,-9,4,-150
1767171895.696238,-9,3,-148
1767171895.7062385,-11,3,-145
1767171895.7162385,-8,4,-145
1767171895.7262385,-9,1,-145
1767171895.7362382,-10,0,-145
1767171895.7462382,-10,0,-149
1767171895.7562382,-9,1,-152
1767171895.7662382,-8,5,-156
1767171895.7762382,-9,4,-155
1767171895.7862382,-6,1,-152
1767171895.7962382,-7,0,-149
1767171895.8062382,-5,-5,-152
1767171895.8162382,-5,-6,-155
1767171895.8262382,-3,-5,-158
1767171895.836238,-4,-3,-160
1767171895.846238,-6,-4,-158
1767171895.856238,-5,-2,-145
1767171895.866238,-3,-3,-150
1767171895.876238,-4,-7,-146
1767171895.886238,-1,-5,-145
1767171895.896238,2,-4,-148
1767171895.906238,3,-2,-149
1767171895.916238,2,1,-146
1767171895.926238,5,1,-144
1767171895.936238,7,-4,-148
1767171895.946238,6,-4,-149
1767171895.9562385,2,-3,-146
1767171895.9662385,5,0,-150
1767171895.9762385,7,-3,-146
1767171895.9862382,7,-1,-149
1767171895.9962382,1,0,-145
1767171896.0062382,2,-3,-149
1767171896.0162382,-2,-2,-152
1767171896.0262382,-4,-8,-151
1767171896.0362382,-5,-5,-144
1767171896.0462382,-9,0,-147
1767171896.0562382,-4,-3,-148
1767171896.0662382,-4,0,-152
1767171896.0762382,-5,4,-152
1767171896.086238,0,0,-155
1767171896.096238,-7,2,-158
1767171896.106238,-4,0,-153
1767171896.116238,-3,1,-153
1767171896.126238,-5,0,-142
1767171896.136238,-5,0,-150
1767171896.146238,-7,-2,-147
1767171896.156238,-8,0,-147
1767171896.166238,-4,0,-152
1767171896.176238,-5,0,-149
1767171896.186238,-3,-5,-147
1767171896.196238,-1,-6,-149
1767171896.2062385,2,-12,-146
1767171896.2162385,-1,-11,-146
1767171896.2262385,-4,-7,-149
1767171896.2362382,-9,-8,-144
1767171896.2462382,-11,-4,-137
1767171896.2562382,-10,0,-136
1767171896.2662382,-6,2,-139
1767171896.2762382,-1,4,-135
1767171896.2862382,2,1,-134
1767171896.2962382,-2,0,-140
1767171896.3062382,0,3,-147
1767171896.3162382,-1,3,-150
1767171896.3262382,-1,3,-141
1767171896.336238,-4,3,-139
1767171896.346238,-6,2,-135
1767171896.356238,-4,0,-149
1767171896.366238,-4,-1,-144
1767171896.376238,-2,-1,-143
1767171896.386238,0,1,-151
1767171896.396238,-1,-1,-151
1767171896.406238,2,-3,-152
1767171896.416238,1,-5,-148
1767171896.426238,0,-7,-153
1767171896.436238,-1,-6,-157
1767171896.446238,-2,-4,-151
1767171896.4562385,0,-1,-148
1767171896.4662385,-4,0,-147
1767171896.4762385,0,-4,-150
1767171896.4862382,0,-5,-149
1767171896.4962382,1,-6,-144
1767171896.5062382,0,-4,-145
1767171896.5162382,2,-1,-144
1767171896.5262382,1,-3,-143
1767171896.5362382,0,-6,-140
1767171896.5462382,3,-4,-142
1767171896.5562382,1,-7,-142
1767171896.5662382,2,-9,-143
1767171896.5762382,3,-9,-143
1767171896.586238,4,-5,-141
1767171896.596238,4,-3,-144
1767171896.606238,3,-3,-139
1767171896.616238,-1,-3,-142
1767171896.626238,1,-2,-140
1767171896.636238,0,0,-142
1767171896.646238,1,-3,-136
1767171896.656238,4,-1,-134
1767171896.666238,4,-6,-138
1767171896.676238,0,-4,-140
1767171896.686238,-7,-4,-139
1767171896.696238,-8,-8,-145
1767171896.7062385,-9,-4,-145
1767171896.7162385,-8,-4,-147
1767171896.7262385,-9,-4,-149
1767171896.7362382,-5,-4,-148
1767171896.7462382,-6,-8,-152
1767171896.7562382,-2,-8,-148
1767171896.7662382,-1,-4,-144
1767171896.7762382,-2,-2,-141
1767171896.7862382,1,1,-142
1767171896.7962382,1,0,-143
1767171896.8062382,0,-2,-134
1767171896.8162382,0,-2,-133
1767171896.8262382,-1,0,-135
1767171896.836238,-5,1,-139
1767171896.846238,-3,2,-145
1767171896.856238,-3,2,-146
1767171896.866238,0,-2,-142
1767171896.876238,-2,0,-137
1767171896.886238,-3,-1,-134
1767171896.896238,-7,-2,-137
1767171896.906238,-9,-1,-139
1767171896.916238,-10,-2,-141
1767171896.926238,-6,0,-140
1767171896.936238,-4,0,-139
1767171896.946238,-5,-2,-137
1767171896.9562385,-8,-4,-142
1767171896.9662385,-7,-6,-145
1767171896.9762385,-7,-5,-142
1767171896.9862382,-3,-6,-141
1767171896.9962382,2,-10,-133
1767171897.0062382,4,-8,-130
1767171897.0162382,4,-5,-132
1767171897.0262382,6,-5,-137
1767171897.0362382,5,-3,-138
1767171897.0462382,9,-4,-138
1767171897.0562382,14,-2,-139
1767171897.0662382,11,-1,-144
1767171897.0762382,9,-5,-145
1767171897.086238,9,-3,-149
1767171897.096238,6,1,-148
1767171897.106238,3,3,-147
1767171897.116238,0,2,-145
1767171897.1372385,-1,0,-139
1767171897.146238,-1,0,-138
1767171897.156238,1,0,-143
1767171897.166238,0,0,-140
1767171897.176238,0,0,-140
1767171897.186238,0,2,-147
1767171897.196238,-2,0,-146
1767171897.2062385,0,0,-146
1767171897.2162385,-3,0,-141
1767171897.2262385,-1,0,-145
1767171897.2362382,2,1,-145
1767171897.2462382,4,0,-141
1767171897.2562382,5,0,-138
1767171897.2662382,5,0,-141
1767171897.2762382,9,1,-146
1767171897.2862382,7,3,-144
1767171897.2962382,6,5,-145
1767171897.3062382,3,5,-143
1767171897.3162382,1,8,-143
1767171897.3262382,3,7,-149
1767171897.336238,3,9,-155
1767171897.346238,0,6,-153
1767171897.356238,2,2,-150
1767171897.366238,-2,0,-152
1767171897.376238,-3,-2,-151
1767171897.386238,0,0,-148
1767171897.396238,4,2,-147
1767171897.406238,5,2,-148
1767171897.416238,7,0,-150
1767171897.426238,0,-3,-156
1767171897.436238,2,-2,-153
1767171897.446238,1,-7,-153
1767171897.4562385,0,-8,-158
1767171897.4662385,3,-3,-156
1767171897.4762385,4,0,-161
1767171897.4862382,3,-6,-161
1767171897.4962382,5,0,-158
1767171897.5062382,2,1,-158
1767171897.5162382,1,0,-150
1767171897.5262382,2,2,-150
1767171897.5362382,0,4,-145
1767171897.5462382,-1,1,-144
1767171897.5562382,0,-1,-147
1767171897.5662382,-1,1,-146
1767171897.5762382,-1,5,-146
1767171897.586238,0,11,-150
1767171897.596238,-1,8,-153
1767171897.606238,-2,2,-148
1767171897.616238,-3,1,-150
1767171897.626238,0,0,-149
1767171897.636238,3,1,-146
1767171897.646238,2,5,-139
1767171897.656238,0,9,-140
1767171897.666238,1,7,-143
1767171897.676238,8,4,-142
1767171897.6872382,6,0,-138
1767171897.696238,5,-2,-143
1767171897.7072382,2,-3,-147
1767171897.7172382,3,-4,-144
1767171897.7272382,2,-5,-146
1767171897.7372382,0,-2,-152
1767171897.7472382,0,-1,-150
1767171897.757238,-3,2,-143
1767171897.767238,-5,1,-138
1767171897.777238,0,1,-140
1767171897.787238,1,3,-137
1767171897.797238,2,4,-139
1767171897.807238,0,1,-144
1767171897.817238,1,-1,-150
1767171897.827238,-1,-5,-144
1767171897.837238,1,-9,-149
1767171897.847238,2,-4,-149
1767171897.857238,2,-7,-141
1767171897.867238,3,-9,-136
1767171897.877238,-4,-7,-135
1767171897.8872385,-6,-7,-137
1767171897.8972385,-2,-5,-136
1767171897.9072382,-3,-7,-133
1767171897.9172382,-5,-8,-134
1767171897.9272382,-7,-5,-135
1767171897.9372382,-4,-5,-140
1767171897.9472382,0,-5,-141
1767171897.9572382,-2,-4,-144
1767171897.9672382,-4,-6,-137
1767171897.9772382,0,-5,-137
1767171897.9872382,1,-5,-133
1767171897.9972382,-3,-4,-132
1767171898.007238,-6,-2,-140
1767171898.017238,-6,2,-140
1767171898.027238,-3,1,-149
1767171898.037238,-6,-1,-149
1767171898.047238,-2,-6,-144
1767171898.057238,2,-10,-142
1767171898.067238,2,-10,-139
1767171898.077238,1,-10,-138
1767171898.087238,-3,-5,-141
1767171898.097238,-2,0,-138
1767171898.107238,-3,0,-144
1767171898.117238,-5,5,-150
1767171898.127238,-2,2,-157
1767171898.1372385,1,-2,-159
1767171898.1472385,1,-8,-151
1767171898.1572382,0,-3,-149
1767171898.1672382,-1,0,-150
1767171898.1772382,1,-3,-157
1767171898.1872382,4,-3,-154
1767171898.1972382,1,-3,-147
1767171898.2072382,0,-2,-144
1767171898.2172382,-1,-2,-137
1767171898.2272382,0,0,-139
1767171898.2372382,-3,-1,-146
1767171898.2472382,-2,-2,-150
1767171898.257238,-3,0,-152
1767171898.267238,0,4,-152
1767171898.277238,-1,3,-148
1767171898.287238,0,6,-141
1767171898.297238,3,8,-140
1767171898.307238,3,5,-137
1767171898.317238,3,5,-141
1767171898.327238,2,6,-140
1767171898.337238,4,4,-139
1767171898.347238,6,0,-137
1767171898.357238,3,0,-137
1767171898.367238,1,-1,-132
1767171898.377238,2,-1,-137
1767171898.3872385,0,0,-144
1767171898.3972385,6,-1,-149
1767171898.4072382,4,-3,-151
1767171898.4172382,2,-1,-152
1767171898.4272382,1,0,-153
1767171898.4372382,0,-1,-158
1767171898.4472382,0,-3,-161
1767171898.4572382,2,-2,-156
1767171898.4672382,0,-3,-146
1767171898.4772382,0,-4,-145
1767171898.4872382,2,-4,-135
1767171898.4972382,4,-5,-137
1767171898.507238,2,-3,-138
1767171898.517238,5,-1,-140
1767171898.527238,5,-1,-138
1767171898.537238,6,-1,-132
1767171898.547238,2,3,-138
1767171898.557238,2,0,-137
1767171898.567238,3,-1,-131
1767171898.577238,2,-4,-142
1767171898.587238,2,-3,-141
1767171898.597238,0,-1,-138
1767171898.607238,0,2,-140
1767171898.617238,-2,-1,-142
1767171898.627238,0,-4,-142
1767171898.6372385,0,0,-142
1767171898.6472385,0,0,-146
1767171898.6572382,0,1,-146
1767171898.6672382,1,3,-140
1767171898.6772382,1,3,-140
1767171898.6872382,1,6,-140
1767171898.6972382,-3,3,-151
1767171898.7072382,1,5,-149
1767171898.7172382,2,8,-151
1767171898.7272382,3,5,-154
1767171898.7372382,3,1,-150
1767171898.7472382,8,1,-149
1767171898.757238,6,6,-145
1767171898.767238,7,2,-135
1767171898.777238,9,0,-131
1767171898.787238,5,-1,-124
1767171898.797238,1,-4,-124
1767171898.807238,-2,-4,-128
1767171898.817238,-6,-7,-132
1767171898.827238,-12,-8,-140
1767171898.837238,-9,-11,-137
1767171898.847238,-5,-4,-134
1767171898.857238,-6,-7,-129
1767171898.867238,-3,-7,-127
1767171898.877238,0,-5,-131
1767171898.8872385,2,-5,-143
1767171898.8972385,3,-7,-143
1767171898.9072382,1,-3,-145
1767171898.9172382,3,-1,-141
1767171898.9272382,4,0,-138
1767171898.9372382,2,0,-140
1767171898.9472382,1,-2,-146
1767171898.9572382,-2,-2,-147
1767171898.9672382,0,-2,-150
1767171898.9772382,0,-2,-143
1767171898.9872382,1,0,-141
1767171898.9972382,-4,2,-133
1767171899.007238,-6,5,-128
1767171899.017238,-5,5,-129
1767171899.027238,-8,4,-132
1767171899.037238,-5,1,-136
1767171899.047238,-4,-4,-145
1767171899.057238,0,-1,-146
1767171899.067238,-3,-2,-149
1767171899.077238,-6,0,-148
1767171899.087238,-3,0,-148
1767171899.097238,-2,0,-152
1767171899.107238,-1,-2,-151
1767171899.117238,-3,0,-152
1767171899.127238,-5,-1,-149
1767171899.1372385,-1,-3,-149
1767171899.1472385,0,-5,-152
1767171899.1572382,5,-5,-153
1767171899.1672382,6,-4,-160
1767171899.1772382,7,-8,-158
1767171899.1872382,5,-5,-160
1767171899.1972382,7,0,-152
1767171899.2072382,6,4,-152
1767171899.2172382,6,0,-147
1767171899.2272382,6,1,-151
1767171899.2372382,6,0,-148
1767171899.2472382,7,0,-140
1767171899.257238,4,1,-135
1767171899.267238,0,-1,-143
1767171899.277238,-1,-1,-140
1767171899.287238,0,-5,-141
1767171899.297238,0,-6,-140
1767171899.307238,-3,-2,-139
1767171899.317238,-1,-1,-138
1767171899.327238,0,0,-142
1767171899.337238,-2,0,-140
1767171899.347238,-3,0,-143
1767171899.357238,-5,3,-149
1767171899.367238,-7,2,-153
1767171899.377238,-10,3,-148
1767171899.3872385,-9,4,-147
1767171899.3972385,-8,6,-146
1767171899.4072382,-4,2,-146
1767171899.4172382,-2,0,-141
1767171899.4272382,-5,-1,-135
1767171899.4372382,-3,-3,-138
1767171899.4472382,0,-2,-143
1767171899.4572382,0,-3,-149
1767171899.4672382,0,-6,-150
1767171899.4772382,-2,-7,-145
1767171899.4872382,4,-6,-153
1767171899.4972382,1,-4,-154
1767171899.507238,4,-4,-150
1767171899.517238,5,-6,-144
1767171899.527238,4,-4,-145
1767171899.537238,1,0,-149
1767171899.547238,1,0,-150
1767171899.557238,1,1,-142
1767171899.567238,1,0,-142
1767171899.577238,2,1,-145
1767171899.587238,7,-2,-147
1767171899.597238,4,-2,-151
1767171899.607238,5,0,-156
1767171899.617238,0,2,-156
1767171899.627238,1,-2,-153
1767171899.6372385,5,0,-156
1767171899.6472385,3,0,-159
1767171899.6572382,3,1,-157
1767171899.6672382,3,5,-146
1767171899.6772382,0,2,-147
1767171899.6872382,2,-1,-146
1767171899.6972382,4,-4,-146
1767171899.7072382,5,-7,-144
1767171899.7172382,4,-5,-144
1767171899.7272382,1,-8,-152
1767171899.7372382,1,-7,-148
1767171899.7472382,-2,-6,-149
1767171899.757238,0,-4,-145
1767171899.767238,2,-2,-139
1767171899.777238,4,-3,-142
1767171899.787238,-1,-2,-146
1767171899.797238,-5,1,-145
1767171899.807238,-6,2,-147
1767171899.817238,-3,0,-145
1767171899.827238,1,-4,-140
1767171899.837238,-2,-7,-138
1767171899.847238,-2,-6,-140
1767171899.857238,-4,-5,-141
1767171899.867238,-1,-4,-140
1767171899.877238,-1,1,-141
1767171899.8872385,0,1,-147
1767171899.8972385,-1,3,-143
1767171899.9072382,0,2,-144
1767171899.9172382,1,4,-142
1767171899.9272382,-1,3,-142
1767171899.9372382,0,0,-137
1767171899.9472382,-3,-4,-140
1767171899.9572382,-4,-2,-139
1767171899.9672382,-3,-3,-142
1767171899.9772382,-2,-3,-141
1767171899.9872382,1,-2,-141
1767171899.9972382,4,4,-139
1767171900.007238,6,6,-138
1767171900.017238,4,3,-134
1767171900.027238,2,3,-132
1767171900.037238,2,0,-136
1767171900.047238,-1,-3,-139
1767171900.057238,-1,-2,-146
1767171900.067238,0,-2,-148
1767171900.077238,2,1,-150
1767171900.087238,0,-1,-148
1767171900.097238,5,1,-142
1767171900.107238,4,0,-143
1767171900.117238,6,2,-146
1767171900.127238,5,3,-145
1767171900.1372385,3,0,-144
1767171900.1472385,3,-2,-144
1767171900.1572382,7,0,-148
1767171900.1672382,7,-1,-153
1767171900.1772382,11,-5,-147
1767171900.1872382,8,-2,-145
1767171900.1972382,10,-2,-141
1767171900.2072382,7,-2,-143
1767171900.2172382,5,-1,-141
1767171900.2272382,4,0,-142
1767171900.2372382,0,1,-142
1767171900.2472382,-1,0,-140
1767171900.257238,-6,2,-146
1767171900.267238,-6,1,-141
1767171900.278238,-4,0,-139
1767171900.288238,-3,-3,-143
1767171900.297238,-1,-1,-147
1767171900.3082385,1,-4,-148
1767171900.3182385,-1,-7,-153
1767171900.3282382,0,-3,-150
1767171900.3382382,0,-4,-142
1767171900.3482382,-2,-1,-144
1767171900.3582382,-2,0,-144
1767171900.3682382,0,-3,-143
1767171900.3782382,0,-4,-143
1767171900.3882382,0,-3,-143
1767171900.3982382,1,1,-138
1767171900.4082382,2,0,-143
1767171900.4182382,-1,-1,-145
1767171900.4282382,-2,-1,-145
1767171900.438238,-2,-3,-151
1767171900.448238,0,-5,-154
1767171900.458238,-3,-3,-148
1767171900.468238,-4,-2,-143
1767171900.478238,-5,-4,-150
1767171900.488238,-4,-5,-153
1767171900.498238,-8,-6,-150
1767171900.508238,-7,-4,-150
1767171900.518238,-3,0,-149
1767171900.528238,-4,0,-148
1767171900.538238,-4,2,-145
1767171900.548238,-1,8,-146
1767171900.5582385,1,5,-144
1767171900.5682385,3,5,-142
1767171900.5782382,0,2,-140
1767171900.5882382,-4,2,-136
1767171900.5982382,-1,4,-140
1767171900.6082382,-2,2,-139
1767171900.6182382,0,2,-138
1767171900.6282382,7,0,-131
1767171900.6382382,6,0,-140
1767171900.6482382,4,1,-148
1767171900.6582382,6,0,-146
1767171900.6682382,7,2,-149
1767171900.6782382,5,2,-146
1767171900.688238,7,-2,-150
1767171900.698238,6,-6,-147
1767171900.708238,5,-5,-149
1767171900.718238,1,-4,-153
1767171900.728238,-3,-1,-152
1767171900.738238,-2,0,-149
1767171900.748238,-3,1,-149
1767171900.758238,-5,0,-143
1767171900.768238,-7,0,-136
1767171900.778238,-2,-2,-142
1767171900.788238,0,0,-142
1767171900.798238,-2,5,-144
1767171900.8082385,-3,5,-150
1767171900.8182385,-4,8,-149
1767171900.8282382,-5,6,-149
1767171900.8382382,-5,0,-153
1767171900.8482382,-1,-1,-154
1767171900.8582382,-2,3,-149
1767171900.8682382,0,4,-148
1767171900.8782382,2,1,-144
1767171900.8882382,2,-2,-138
1767171900.8982382,2,0,-135
1767171900.9082382,0,-1,-141
1767171900.9182382,-2,0,-140
1767171900.9282382,-4,0,-140
1767171900.938238,-1,1,-137
1767171900.948238,1,1,-134
1767171900.958238,5,0,-136
1767171900.968238,3,-4,-143
1767171900.978238,1,-5,-149
1767171900.988238,4,-5,-148
1767171900.998238,0,-10,-152
1767171901.008238,0,-10,-155
1767171901.018238,0,-7,-152
1767171901.028238,-3,-2,-157
1767171901.038238,0,0,-151
1767171901.048238,3,-2,-141
1767171901.0582385,4,-4,-144
1767171901.0682385,4,-3,-145
1767171901.0782382,4,-7,-139
1767171901.0882382,4,-8,-141
1767171901.0982382,3,-3,-143
1767171901.1082382,2,-2,-147
1767171901.1182382,5,-1,-142
1767171901.1282382,3,-2,-146
1767171901.1382382,0,-2,-148
1767171901.1482382,0,-4,-150
1767171901.1582382,2,-4,-145
1767171901.1682382,-1,-7,-145
1767171901.1782382,0,-8,-141
1767171901.188238,1,-7,-141
1767171901.198238,-1,-9,-143
1767171901.208238,2,-9,-142
1767171901.218238,3,-7,-146
1767171901.228238,1,-5,-150
1767171901.238238,0,-8,-149
1767171901.248238,1,-9,-153
1767171901.258238,3,-8,-154
1767171901.268238,4,-9,-155
1767171901.278238,5,-6,-148
1767171901.288238,4,-3,-146
1767171901.298238,2,-3,-143
1767171901.3082385,2,-3,-141
1767171901.3182385,1,-3,-145
1767171901.3282382,0,-2,-146
1767171901.3382382,2,-4,-147
1767171901.3482382,-1,-5,-148
1767171901.3582382,1,-3,-140
1767171901.3682382,0,-2,-143
1767171901.3782382,2,0,-144
1767171901.3882382,3,0,-150
1767171901.3982382,1,1,-153
1767171901.4082382,0,6,-150
1767171901.4182382,-3,2,-146
1767171901.4282382,-5,3,-149
1767171901.438238,-8,2,-147
1767171901.448238,-5,0,-149
1767171901.458238,-1,-2,-146
1767171901.468238,0,-4,-143
1767171901.478238,-2,-2,-139
1767171901.488238,2,2,-143
1767171901.498238,2,3,-142
1767171901.508238,0,2,-145
1767171901.518238,0,3,-140
1767171901.528238,0,0,-140
1767171901.538238,-1,2,-146
1767171901.548238,1,4,-148
1767171901.5582385,0,4,-144
1767171901.5682385,3,2,-139
1767171901.5782382,2,1,-141
1767171901.5882382,2,0,-145
1767171901.5982382,4,-1,-154
1767171901.6082382,8,-5,-154
1767171901.6182382,5,-7,-151
1767171901.6282382,3,-4,-148
1767171901.6382382,3,-6,-147
1767171901.6482382,3,-5,-148
1767171901.6582382,3,-7,-146
1767171901.6682382,8,-5,-149
1767171901.6782382,6,-3,-153
1767171901.688238,0,-4,-151
1767171901.698238,-1,-6,-143
1767171901.708238,-2,-7,-149
1767171901.718238,-4,-1,-151
1767171901.728238,-4,0,-147
1767171901.738238,-5,-1,-144
1767171901.748238,-2,0,-145
1767171901.758238,2,2,-147
1767171901.768238,2,5,-147
1767171901.778238,5,2,-146
1767171901.788238,3,1,-143
1767171901.798238,0,0,-146
1767171901.8082385,-2,2,-141
1767171901.8182385,0,0,-134
1767171901.8282382,2,1,-132
1767171901.8382382,1,-3,-133
1767171901.8482382,4,-3,-140
1767171901.8582382,4,-7,-145
1767171901.8682382,1,-10,-150
1767171901.8782382,2,-6,-142
1767171901.8882382,-3,-7,-149
1767171901.8982382,-9,-8,-146
1767171901.9082382,-8,-4,-152
1767171901.9182382,-9,-5,-151
1767171901.9282382,-3,-4,-153
1767171901.938238,-5,-5,-148
1767171901.948238,-3,-3,-152
1767171901.958238,2,-1,-156
1767171901.968238,0,-3,-153
1767171901.978238,0,-4,-149
1767171901.988238,2,-5,-149
1767171901.998238,2,-5,-151
1767171902.008238,1,-2,-148
1767171902.018238,1,1,-149
1767171902.028238,0,0,-145
1767171902.038238,0,3,-146
1767171902.048238,-3,2,-150
1767171902.0582385,-4,1,-145
1767171902.0682385,-1,1,-145
1767171902.0782382,-3,1,-142
1767171902.0882382,-2,-1,-144
1767171902.0982382,0,3,-141
1767171902.1082382,-3,3,-144
1767171902.1182382,-2,-2,-144
1767171902.1282382,-1,-5,-142
1767171902.150238,1,0,-149
1767171902.1582382,0,0,-152
1767171902.1682382,0,-2,-151
1767171902.1782382,-2,-6,-154
1767171902.188238,-4,-9,-151
1767171902.198238,-3,-10,-148
1767171902.208238,-1,-4,-153
1767171902.218238,-7,-4,-154
1767171902.228238,-6,-1,-147
1767171902.238238,-3,-1,-141
1767171902.248238,-4,0,-138
1767171902.258238,-6,0,-144
1767171902.268238,-1,-1,-146
1767171902.278238,-3,3,-145
1767171902.288238,-3,3,-145
1767171902.298238,0,5,-146
1767171902.3082385,-1,1,-147
1767171902.3182385,1,-1,-146
1767171902.3282382,2,-5,-146
1767171902.3382382,2,-10,-147
1767171902.3482382,3,-10,-144
1767171902.3582382,-1,-3,-135
1767171902.3682382,-5,-3,-131
1767171902.3782382,-3,-5,-130
1767171902.3882382,-5,-3,-127
1767171902.3982382,-7,1,-129
1767171902.4082382,-5,0,-129
1767171902.4182382,-4,-3,-132
1767171902.4282382,-3,-4,-133
1767171902.438238,-1,-1,-140
1767171902.448238,0,-2,-142
1767171902.458238,3,-3,-147
1767171902.468238,3,-2,-140
1767171902.478238,0,4,-137
1767171902.488238,-4,7,-138
1767171902.498238,-6,4,-141
1767171902.508238,-4,1,-138
1767171902.518238,-5,0,-139
1767171902.528238,-2,-2,-141
1767171902.538238,-2,0,-143
1767171902.548238,2,-1,-146
1767171902.5582385,0,-7,-145
1767171902.5682385,-3,-5,-145
1767171902.5782382,-3,-5,-146
1767171902.5882382,-7,-6,-149
1767171902.5982382,-8,-2,-147
1767171902.6082382,-6,-4,-151
1767171902.6182382,0,-3,-154
1767171902.6282382,-5,-6,-150
1767171902.6382382,0,-1,-155
1767171902.6482382,2,-3,-155
1767171902.6582382,5,-7,-150
1767171902.6682382,2,-10,-147
1767171902.6782382,0,-9,-144
1767171902.688238,3,-7,-151
1767171902.698238,3,-5,-147
1767171902.708238,2,-4,-144
1767171902.718238,2,-2,-143
1767171902.728238,1,2,-142
1767171902.738238,0,3,-145
1767171902.748238,-1,5,-145
1767171902.7592382,-5,1,-141
1767171902.7692382,-1,0,-138
1767171902.7792382,-1,0,-144
1767171902.7892382,1,3,-148
1767171902.7992382,-3,0,-151
1767171902.8092382,1,0,-154
1767171902.8192382,3,-1,-155
1767171902.8292382,4,1,-155
1767171902.8392382,-1,-1,-152
1767171902.8492382,1,-1,-158
1767171902.859238,6,0,-152
1767171902.869238,4,1,-148
1767171902.879238,2,0,-144
1767171902.889238,7,3,-147
1767171902.899238,3,5,-150
1767171902.909238,5,5,-154
1767171902.919238,4,3,-151
1767171902.929238,-1,0,-147
1767171902.939238,-2,-4,-147
1767171902.949238,-1,-5,-144
1767171902.959238,-2,-3,-147
1767171902.969238,2,-4,-145
1767171902.9792385,7,-4,-147
1767171902.9892385,5,-3,-148
1767171902.9992385,7,0,-144
1767171903.0092382,8,4,-136
1767171903.0192382,6,2,-136
1767171903.0292382,1,-1,-138
1767171903.0392382,0,-2,-140
1767171903.0492382,0,0,-144
1767171903.0592382,3,-1,-149
1767171903.0692382,7,-1,-142
1767171903.0792382,0,1,-145
1767171903.0892382,0,0,-146
1767171903.0992382,-1,0,-153
1767171903.109238,-2,0,-155
1767171903.119238,2,-2,-152
1767171903.129238,3,-7,-150
1767171903.139238,0,-4,-149
1767171903.149238,-1,-2,-149
1767171903.159238,-3,-3,-143
1767171903.169238,0,3,-138
1767171903.179238,-1,7,-136
1767171903.189238,0,6,-144
1767171903.199238,3,7,-140
1767171903.209238,4,10,-143
1767171903.219238,3,10,-143
1767171903.2292385,2,9,-144
1767171903.2392385,2,5,-142
1767171903.2492385,-1,5,-145
1767171903.2592382,1,7,-141
1767171903.2692382,5,4,-140
1767171903.2792382,3,0,-140
1767171903.2892382,-2,-3,-149
1767171903.2992382,-6,0,-150
1767171903.3092382,-7,-3,-143
1767171903.3192382,-9,-1,-140
1767171903.3292382,-2,0,-140
1767171903.3392382,-1,0,-140
1767171903.3492382,0,0,-140
1767171903.359238,0,1,-141
1767171903.369238,0,3,-138
1767171903.379238,0,4,-143
1767171903.389238,0,2,-147
1767171903.399238,0,3,-154
1767171903.409238,2,5,-153
1767171903.419238,5,0,-153
1767171903.429238,2,0,-143
1767171903.439238,0,-2,-143
1767171903.449238,5,-3,-150
1767171903.459238,7,0,-151
1767171903.469238,4,0,-155
1767171903.4792385,1,5,-160
1767171903.4892385,2,6,-154
1767171903.4992385,4,6,-149
1767171903.5092382,3,8,-146
1767171903.5192382,0,6,-158
1767171903.5292382,-1,6,-154
1767171903.5392382,1,7,-148
1767171903.5492382,-3,2,-150
1767171903.5592382,-3,1,-149
1767171903.5692382,-4,3,-149
1767171903.5792382,-2,3,-151
1767171903.5892382,0,-3,-149
1767171903.5992382,4,0,-140
1767171903.609238,3,-1,-140
1767171903.619238,0,-3,-141
1767171903.629238,0,-4,-137
1767171903.639238,2,-3,-143
1767171903.649238,1,-2,-143
1767171903.659238,0,-1,-156
1767171903.669238,1,0,-162
1767171903.679238,-3,2,-161
1767171903.689238,-1,1,-159
1767171903.699238,0,0,-154
1767171903.709238,1,-3,-155
1767171903.719238,1,-1,-156
1767171903.7292385,4,-2,-154
1767171903.7392385,4,-2,-152
1767171903.7492385,0,-1,-150
1767171903.7592382,-1,-1,-142
1767171903.7692382,0,-1,-143
1767171903.7792382,-2,0,-140
1767171903.7892382,-3,-3,-145
1767171903.7992382,-3,-6,-143
1767171903.8092382,-5,-4,-145
1767171903.8192382,-6,-4,-147
1767171903.8292382,-5,1,-151
1767171903.8392382,-3,4,-150
1767171903.8492382,0,8,-157
1767171903.859238,2,9,-152
1767171903.869238,-1,4,-142
1767171903.879238,-4,4,-136
1767171903.889238,-4,8,-145
1767171903.899238,-7,6,-142
1767171903.909238,-6,6,-145
1767171903.919238,-7,7,-146
1767171903.929238,1,7,-148
1767171903.939238,5,6,-146
1767171903.949238,4,4,-145
1767171903.959238,0,3,-141
1767171903.969238,-1,3,-147
1767171903.9792385,0,-3,-152
1767171903.9892385,0,-3,-145
1767171903.9992385,4,-3,-138
1767171904.0092382,0,-7,-141
1767171904.0192382,-1,-4,-151
1767171904.0292382,-2,-8,-150
1767171904.0392382,3,-8,-153
1767171904.0492382,4,-1,-158
1767171904.0592382,5,-1,-161
1767171904.0692382,5,-4,-162
1767171904.0792382,2,-6,-156
1767171904.0892382,-2,-8,-155
1767171904.0992382,-1,-6,-152
1767171904.109238,-1,-6,-153
1767171904.119238,-3,0,-158
1767171904.129238,0,0,-162
1767171904.139238,-1,0,-162
1767171904.149238,3,0,-165
1767171904.159238,-1,3,-159
1767171904.169238,0,4,-152
1767171904.179238,3,5,-151
1767171904.189238,5,8,-148
1767171904.199238,6,5,-145
1767171904.209238,4,5,-153
1767171904.219238,1,2,-154
1767171904.2292385,-1,1,-153
1767171904.2392385,-3,2,-154
1767171904.2492385,-2,2,-148
1767171904.2592382,0,0,-140
1767171904.2692382,-3,-4,-139
1767171904.2792382,-3,-7,-145
1767171904.2892382,-5,-7,-145
1767171904.2992382,-6,-4,-136
1767171904.3092382,-5,0,-136
1767171904.3192382,2,-1,-138
1767171904.3292382,3,-1,-143
1767171904.3392382,3,1,-142
1767171904.3492382,3,4,-144
1767171904.359238,0,1,-145
1767171904.369238,5,1,-151
1767171904.379238,7,0,-156
1767171904.389238,5,1,-162
1767171904.399238,3,7,-158
1767171904.409238,1,-1,-160
1767171904.419238,1,-3,-157
1767171904.429238,0,-3,-156
1767171904.439238,-1,0,-150
1767171904.449238,-3,0,-145
1767171904.459238,-2,-3,-141
1767171904.469238,1,-4,-145
1767171904.4792385,1,-5,-149
1767171904.4892385,0,0,-149
1767171904.4992385,-3,1,-143
1767171904.5092382,-1,-2,-145
1767171904.5192382,-1,-4,-147
1767171904.5292382,1,-2,-143
1767171904.5392382,2,-3,-140
1767171904.5492382,-2,-3,-142
1767171904.5592382,-6,-2,-143
1767171904.5692382,-3,2,-145
1767171904.5792382,-4,2,-151
1767171904.5892382,-4,-1,-148
1767171904.5992382,-5,-3,-144
1767171904.609238,-1,-2,-141
1767171904.619238,-4,0,-142
1767171904.629238,-4,3,-145
1767171904.639238,-2,5,-143
1767171904.649238,0,3,-145
1767171904.659238,0,4,-148
1767171904.669238,0,2,-148
1767171904.679238,1,2,-143
1767171904.689238,-4,1,-148
1767171904.699238,-3,2,-152
1767171904.709238,-3,1,-157
1767171904.719238,0,-1,-161
1767171904.7292385,0,-2,-155
1767171904.7392385,2,-2,-149
1767171904.7492385,0,-3,-150
1767171904.7592382,-4,-3,-146
1767171904.7692382,-2,-6,-148
1767171904.7792382,-3,-5,-145
1767171904.7892382,0,-4,-147
1767171904.7992382,2,-3,-148
1767171904.8092382,3,1,-155
1767171904.8192382,4,2,-148
1767171904.8292382,0,1,-145
1767171904.8392382,-1,0,-146
1767171904.8492382,-2,-3,-138
1767171904.859238,0,-2,-142
1767171904.869238,1,0,-140
1767171904.879238,-1,-3,-142
1767171904.889238,1,3,-148
1767171904.899238,0,0,-155
1767171904.909238,3,1,-155
1767171904.919238,0,1,-151
1767171904.929238,2,3,-151
1767171904.939238,3,5,-142
1767171904.949238,4,0,-143
1767171904.959238,4,0,-144
1767171904.969238,4,3,-148
1767171904.9792385,4,1,-146
1767171904.9892385,0,0,-147
1767171904.9992385,0,1,-154
1767171905.0092382,3,3,-151
1767171905.0192382,0,1,-144
1767171905.0292382,0,0,-143
1767171905.0392382,5,-1,-146
1767171905.0492382,0,2,-143
1767171905.0592382,0,6,-137
1767171905.0692382,-2,6,-135
1767171905.0792382,2,10,-132
1767171905.0892382,0,9,-129
1767171905.0992382,-3,6,-141
1767171905.109238,-2,4,-140
1767171905.119238,-3,2,-133
1767171905.129238,4,-1,-126
1767171905.139238,3,-2,-129
1767171905.149238,1,-2,-137
1767171905.159238,0,1,-137
1767171905.169238,3,6,-137
1767171905.179238,5,2,-140
1767171905.189238,2,-2,-141
1767171905.199238,-1,-2,-145
1767171905.209238,-3,-4,-141
1767171905.219238,-3,-4,-135
1767171905.2292385,-6,-4,-132
1767171905.2392385,-8,-4,-143
1767171905.2492385,-6,-11,-151
1767171905.2592382,-7,-6,-148
1767171905.2692382,-2,-4,-147
1767171905.2792382,1,-3,-157
1767171905.2892382,3,-4,-158
1767171905.2992382,4,-1,-148
1767171905.310238,5,0,-154
1767171905.320238,9,-2,-150
1767171905.330238,5,-4,-151
1767171905.340238,3,-4,-149
1767171905.350238,2,-6,-143
1767171905.360238,-2,-7,-145
1767171905.370238,-4,-3,-144
1767171905.380238,-1,1,-151
1767171905.390238,0,0,-153
1767171905.400238,0,0,-161
1767171905.4102385,0,0,-162
1767171905.4202385,0,0,-156
1767171905.4302382,-4,0,-159
1767171905.4402382,-2,0,-150
1767171905.4502382,-4,1,-147
1767171905.4602382,-4,0,-150
1767171905.4702382,-5,0,-148
1767171905.4802382,-6,-1,-150
1767171905.4902382,-1,-1,-152
1767171905.5002382,-1,0,-154
1767171905.5102382,-1,2,-147
1767171905.5202382,0,3,-147
1767171905.5302382,-2,2,-148
1767171905.540238,0,5,-149
1767171905.550238,0,4,-146
1767171905.560238,0,1,-145
1767171905.570238,-3,-1,-143
1767171905.580238,-4,-2,-150
1767171905.590238,-2,0,-147
1767171905.600238,0,0,-147
1767171905.610238,3,0,-150
1767171905.620238,4,-1,-150
1767171905.630238,4,1,-144
1767171905.640238,6,1,-147
1767171905.650238,8,2,-144
1767171905.6602385,9,-1,-147
1767171905.6702385,5,-1,-155
1767171905.6802382,3,0,-151
1767171905.6902382,1,0,-140
1767171905.7002382,-1,2,-143
1767171905.7102382,3,7,-140
1767171905.7202382,1,9,-139
1767171905.7302382,1,2,-142
1767171905.7402382,2,-1,-140
1767171905.7502382,0,-3,-141
1767171905.7602382,0,-6,-142
1767171905.7702382,3,-8,-140
1767171905.7802382,2,-8,-137
1767171905.790238,0,-3,-142
1767171905.800238,-1,0,-137
1767171905.810238,-1,4,-140
1767171905.820238,1,7,-134
1767171905.830238,1,6,-142
1767171905.840238,1,2,-146
1767171905.850238,0,-2,-151
1767171905.860238,-1,-2,-149
1767171905.870238,0,-3,-145
1767171905.880238,2,-5,-141
1767171905.890238,3,-6,-142
1767171905.900238,1,-5,-145
1767171905.9102385,2,0,-151
1767171905.9202385,0,0,-152
1767171905.9302382,0,-2,-151
1767171905.9402382,-2,-4,-148
1767171905.9502382,0,-6,-144
1767171905.9602382,0,-13,-141
1767171905.9702382,6,-10,-145
1767171905.9802382,9,-9,-144
1767171905.9902382,5,-6,-152
1767171906.0002382,1,-5,-147
1767171906.0102382,0,-3,-147
1767171906.0202382,1,-2,-147
1767171906.0302382,6,-3,-149
1767171906.040238,4,-2,-144
1767171906.050238,3,-5,-135
1767171906.060238,2,-3,-140
1767171906.070238,4,0,-140
1767171906.080238,2,-3,-134
1767171906.090238,6,-8,-138
1767171906.100238,8,-5,-147
1767171906.110238,7,-8,-145
1767171906.120238,6,-6,-143
1767171906.130238,3,-2,-142
1767171906.140238,2,-1,-143
1767171906.150238,5,-3,-149
1767171906.1602385,2,-3,-147
1767171906.1702385,7,-1,-148
1767171906.1802382,7,-1,-144
1767171906.1902382,10,0,-143
1767171906.2002382,7,6,-152
1767171906.2102382,6,4,-147
1767171906.2202382,8,3,-144
1767171906.2302382,4,3,-143
1767171906.2402382,4,0,-140
1767171906.2502382,4,2,-140
1767171906.2602382,3,0,-147
1767171906.2702382,2,-2,-146
1767171906.2802382,4,-5,-148
1767171906.290238,2,-4,-152
1767171906.300238,0,-2,-153
1767171906.310238,-1,0,-146
1767171906.320238,3,1,-139
1767171906.330238,0,-1,-139
1767171906.340238,1,0,-144
1767171906.350238,2,2,-144
1767171906.360238,-4,2,-146
1767171906.370238,-4,0,-147
1767171906.380238,-2,-2,-145
1767171906.390238,0,-1,-137
1767171906.400238,-1,1,-142
1767171906.4102385,2,0,-144
1767171906.4202385,5,2,-147
1767171906.4302382,4,2,-150
1767171906.4402382,2,-3,-145
1767171906.4502382,2,-6,-141
1767171906.4602382,0,0,-140
1767171906.4702382,1,2,-145
1767171906.4802382,1,1,-149
1767171906.4902382,2,2,-150
1767171906.5002382,0,3,-145
1767171906.5102382,1,2,-147
1767171906.5202382,4,1,-150
1767171906.5302382,2,2,-152
1767171906.540238,3,1,-155
1767171906.550238,4,0,-153
1767171906.560238,8,1,-155
1767171906.570238,3,-2,-145
1767171906.580238,8,1,-139
1767171906.590238,6,0,-142
1767171906.600238,3,0,-141
1767171906.610238,1,-3,-136
1767171906.620238,4,0,-134
1767171906.630238,4,-3,-138
1767171906.640238,3,0,-140
1767171906.650238,4,0,-139
1767171906.6602385,4,-1,-140
1767171906.6702385,1,1,-146
1767171906.6802382,-1,4,-148
1767171906.6902382,-1,6,-141
1767171906.7002382,-2,1,-143
1767171906.7102382,-5,0,-143
1767171906.7202382,-4,0,-136
1767171906.7302382,-1,-3,-137
1767171906.7402382,-1,-6,-141
1767171906.7502382,0,-5,-144
1767171906.7602382,-2,-1,-145
1767171906.7702382,-3,0,-145
1767171906.7802382,-2,1,-145
1767171906.790238,-5,-1,-142
1767171906.800238,-2,-3,-135
1767171906.810238,-1,-5,-138
1767171906.820238,-4,-7,-138
1767171906.830238,-5,-6,-138
1767171906.840238,-2,-3,-138
1767171906.850238,-3,2,-144
1767171906.860238,-1,-1,-146
1767171906.870238,0,0,-146
1767171906.880238,0,0,-142
1767171906.890238,-1,2,-139
1767171906.900238,0,4,-145
1767171906.9102385,0,4,-146
1767171906.9202385,-5,1,-145
1767171906.9302382,-9,-4,-140
1767171906.9402382,-8,2,-143
1767171906.9502382,-3,0,-146
1767171906.9602382,-3,-1,-142
1767171906.9702382,-5,1,-140
1767171906.9802382,-2,2,-140
1767171906.9902382,0,4,-152
1767171907.0002382,-4,0,-155
1767171907.0102382,-6,-4,-150
1767171907.0202382,-7,0,-151
1767171907.0302382,-2,0,-148
1767171907.040238,-4,0,-146
1767171907.050238,-5,1,-149
1767171907.060238,-5,1,-145
1767171907.070238,-6,-1,-142
1767171907.080238,-3,-1,-147
1767171907.090238,4,-2,-153
1767171907.100238,5,-5,-149
1767171907.110238,5,-2,-148
1767171907.120238,0,-4,-147
1767171907.130238,-1,-2,-154
1767171907.140238,-3,-2,-148
1767171907.1612382,0,-7,-143
1767171907.1702385,0,-7,-148
1767171907.1802382,-2,-5,-153
1767171907.1902382,0,-2,-146
1767171907.2002382,1,-2,-143
1767171907.2102382,-3,0,-145
1767171907.2202382,0,3,-145
1767171907.2302382,-1,5,-141
1767171907.2402382,-5,4,-141
1767171907.2502382,-5,-1,-136
1767171907.2602382,-10,-2,-139
1767171907.2702382,-8,-2,-134
1767171907.2802382,-6,1,-141
1767171907.290238,-5,5,-148
1767171907.300238,-1,4,-149
1767171907.310238,2,3,-152
1767171907.320238,-1,0,-153
1767171907.330238,-1,2,-150
1767171907.340238,-4,0,-147
1767171907.350238,-5,1,-151
1767171907.360238,-6,-2,-160
1767171907.370238,-7,-2,-163
1767171907.380238,-8,-2,-154
1767171907.390238,-7,-1,-155
1767171907.400238,-5,-1,-153
1767171907.4102385,0,-3,-146
1767171907.4202385,-4,-7,-141
1767171907.4302382,-7,-4,-142
1767171907.4402382,-12,-3,-148
1767171907.4502382,-7,1,-141
1767171907.4602382,-2,-3,-140
1767171907.4702382,0,-7,-143
1767171907.4802382,-5,-11,-148
1767171907.4902382,-1,-8,-146
1767171907.5002382,-2,-4,-144
1767171907.5102382,0,0,-144
1767171907.5202382,-2,0,-140
1767171907.5302382,-5,-1,-143
1767171907.540238,-3,-1,-136
1767171907.550238,-2,0,-138
1767171907.560238,-3,4,-134
1767171907.570238,-4,0,-138
1767171907.580238,-8,1,-140
1767171907.590238,-2,2,-139
1767171907.600238,-2,1,-135
1767171907.610238,-2,-1,-137
1767171907.620238,-1,0,-135
1767171907.630238,-3,-1,-135
1767171907.640238,-4,0,-131
1767171907.650238,-5,2,-123
1767171907.6602385,-3,2,-124
1767171907.6702385,0,2,-128
1767171907.6802382,-1,-1,-141
1767171907.6902382,-4,-5,-141
1767171907.7002382,-5,-5,-143
1767171907.7102382,-4,-5,-141
1767171907.7202382,-3,-4,-142
1767171907.7302382,-2,-3,-146
1767171907.7402382,0,-3,-143
1767171907.7502382,0,0,-147
1767171907.7602382,0,5,-151
1767171907.7702382,-1,3,-155
1767171907.7802382,-4,2,-150
1767171907.790238,-6,0,-155
1767171907.801238,-7,1,-148
1767171907.810238,-9,0,-142
1767171907.820238,-5,-2,-149
1767171907.8312385,-4,-4,-147
1767171907.8412385,-2,-2,-149
1767171907.8512385,-4,-1,-144
1767171907.8612382,-2,-5,-146
1767171907.8712382,-3,-4,-146
1767171907.8812382,-5,-4,-146
1767171907.8912382,-4,-2,-142
1767171907.9012382,-6,-1,-140
1767171907.9112382,-7,-2,-140
1767171907.9212382,-5,0,-140
1767171907.9312382,-2,-1,-141
1767171907.9412382,0,-2,-143
1767171907.9512382,1,-1,-144
1767171907.961238,3,2,-147
1767171907.971238,2,1,-147
1767171907.981238,6,1,-150
1767171907.991238,8,0,-147
1767171908.001238,7,0,-153
1767171908.011238,6,3,-150
1767171908.021238,5,4,-147
1767171908.031238,7,0,-148
1767171908.041238,7,-2,-149
1767171908.051238,6,-1,-150
1767171908.061238,1,0,-152
1767171908.071238,0,-1,-153
1767171908.0812385,-1,-2,-156
1767171908.0912385,0,0,-153
1767171908.1012385,2,-1,-145
1767171908.1112382,0,-2,-142
1767171908.1212382,0,-1,-142
1767171908.1312382,1,-2,-144
1767171908.1412382,5,-3,-144
1767171908.1512382,3,-4,-147
1767171908.1612382,1,-6,-151
1767171908.1712382,2,-3,-148
1767171908.1812382,2,-5,-151
1767171908.1912382,3,-4,-158
1767171908.2012382,1,0,-157
1767171908.211238,6,0,-152
1767171908.221238,0,-2,-154
1767171908.231238,0,-7,-158
1767171908.241238,0,-9,-160
1767171908.251238,0,-10,-155
1767171908.261238,1,-7,-156
1767171908.271238,3,-7,-149
1767171908.281238,1,-5,-140
1767171908.291238,5,-5,-138
1767171908.301238,2,-2,-143
1767171908.311238,0,-1,-151
1767171908.321238,-11,-1,-157
1767171908.3312385,-11,0,-152
1767171908.3412385,-6,3,-147
1767171908.3512385,-3,1,-144
1767171908.3612382,0,2,-143
1767171908.3712382,0,3,-138
1767171908.3812382,2,0,-137
1767171908.3912382,6,0,-141
1767171908.4012382,1,-1,-145
1767171908.4112382,0,-4,-149
1767171908.4212382,0,0,-149
1767171908.4312382,0,-5,-153
1767171908.4412382,0,-2,-149
1767171908.4512382,1,-1,-143
1767171908.461238,0,1,-133
1767171908.471238,-1,4,-132
1767171908.481238,-1,1,-138
1767171908.491238,-1,3,-137
1767171908.501238,2,6,-144
1767171908.511238,4,2,-148
1767171908.521238,2,1,-149
1767171908.531238,6,3,-153
1767171908.541238,8,4,-148
1767171908.551238,4,3,-152
1767171908.561238,5,2,-143
1767171908.571238,8,1,-141
1767171908.5812385,7,2,-145
1767171908.5912385,7,3,-146
1767171908.6012385,7,0,-145
1767171908.6112382,9,3,-137
1767171908.6212382,7,3,-144
1767171908.6312382,4,3,-145
1767171908.6412382,4,2,-144
1767171908.6512382,3,0,-140
1767171908.6612382,6,2,-136
1767171908.6712382,5,0,-135
1767171908.6812382,0,0,-134
1767171908.6912382,3,-4,-136
1767171908.7012382,5,-8,-138
1767171908.711238,6,-9,-142
1767171908.721238,3,-11,-145
1767171908.731238,2,-9,-152
1767171908.741238,1,-6,-148
1767171908.751238,-1,-5,-146
1767171908.761238,-1,-5,-154
1767171908.771238,5,-3,-155
1767171908.781238,2,-3,-157
1767171908.791238,2,-6,-150
1767171908.801238,7,-9,-144
1767171908.811238,8,-5,-148
1767171908.821238,4,-5,-149
1767171908.8312385,5,-7,-144
1767171908.8412385,1,-8,-139
1767171908.8512385,1,-6,-149
1767171908.8612382,2,-6,-154
1767171908.8712382,1,-8,-155
1767171908.8812382,0,-6,-148
1767171908.8912382,0,-6,-146
1767171908.9012382,3,-3,-146
1767171908.9112382,0,-2,-141
1767171908.9212382,-4,0,-137
1767171908.9312382,-5,2,-135
1767171908.9412382,-1,2,-137
1767171908.9512382,-4,-1,-143
1767171908.961238,-5,-1,-148
1767171908.971238,-3,-1,-143
1767171908.981238,2,0,-140
1767171908.991238,4,1,-141
1767171909.001238,4,2,-143
1767171909.011238,4,0,-141
1767171909.021238,0,1,-143
1767171909.031238,0,1,-139
1767171909.041238,-2,1,-138
1767171909.051238,-5,1,-136
1767171909.061238,-4,2,-134
1767171909.071238,-4,0,-133
1767171909.0812385,0,-2,-130
1767171909.0912385,1,-2,-131
1767171909.1012385,0,-6,-138
1767171909.1112382,0,-5,-140
1767171909.1212382,5,-3,-144
1767171909.1312382,13,0,-151
1767171909.1412382,11,0,-146
1767171909.1512382,9,2,-145
1767171909.1612382,4,6,-141
1767171909.1712382,1,3,-131
1767171909.1812382,1,0,-139
1767171909.1912382,-6,-3,-131
1767171909.2012382,-6,-3,-132
1767171909.211238,-7,0,-131
1767171909.221238,-7,-1,-134
1767171909.231238,-4,0,-144
1767171909.241238,-1,0,-146
1767171909.251238,0,4,-138
1767171909.261238,0,1,-141
1767171909.271238,-3,4,-142
1767171909.281238,0,1,-149
1767171909.291238,-2,0,-145
1767171909.301238,1,0,-150
1767171909.311238,4,0,-150
1767171909.321238,10,2,-150
1767171909.3312385,9,-1,-149
1767171909.3412385,2,-3,-143
1767171909.3512385,4,0,-135
1767171909.3612382,1,0,-135
1767171909.3712382,5,0,-136
1767171909.3812382,-1,-1,-144
1767171909.3912382,-4,1,-139
1767171909.4012382,-2,2,-137
1767171909.4112382,4,2,-146
1767171909.4212382,4,1,-144
1767171909.4312382,1,1,-144
1767171909.4412382,4,4,-141
1767171909.4512382,4,2,-146
1767171909.461238,-1,-1,-150
1767171909.471238,-1,1,-156
1767171909.481238,2,1,-155
1767171909.491238,4,0,-155
1767171909.501238,4,2,-153
1767171909.511238,4,-1,-153
1767171909.521238,0,-2,-155
1767171909.531238,-6,0,-153
1767171909.541238,-5,0,-150
1767171909.551238,-4,-1,-136
1767171909.561238,-5,0,-139
1767171909.571238,-3,0,-139
1767171909.5812385,-2,2,-144
1767171909.5912385,-1,3,-147
1767171909.6012385,4,5,-150
1767171909.6112382,3,-1,-143
1767171909.6212382,4,-3,-140
1767171909.6312382,2,-2,-143
1767171909.6412382,4,-3,-144
1767171909.6512382,5,-3,-153
1767171909.6612382,1,-5,-151
1767171909.6712382,2,-3,-149
1767171909.6812382,0,-2,-151
1767171909.6912382,-2,-3,-151
1767171909.7012382,-4,-6,-156
1767171909.711238,-7,-5,-153
1767171909.721238,-9,-5,-153
1767171909.731238,-11,-3,-150
1767171909.741238,-8,-1,-151
1767171909.751238,-4,-1,-149
1767171909.761238,-1,0,-144
1767171909.771238,0,-1,-143
1767171909.781238,0,-7,-145
1767171909.791238,0,-2,-145
1767171909.801238,-2,0,-151
1767171909.811238,-1,4,-148
1767171909.821238,-2,5,-151
1767171909.8312385,-1,7,-149
1767171909.8412385,0,5,-151
1767171909.8512385,0,-1,-149
1767171909.8612382,0,1,-152
1767171909.8712382,6,-1,-155
1767171909.8812382,1,-1,-149
1767171909.8912382,-1,0,-148
1767171909.9012382,0,0,-145
1767171909.9112382,-1,0,-145
1767171909.9212382,-3,-4,-143
1767171909.9312382,0,-1,-144
1767171909.9412382,1,1,-148
1767171909.9512382,1,0,-150
1767171909.961238,4,1,-148
1767171909.971238,3,0,-148
1767171909.981238,0,-1,-145
1767171909.991238,-1,-1,-144
1767171910.001238,0,-1,-153
1767171910.011238,0,-3,-151
1767171910.021238,-3,-6,-150
1767171910.031238,-2,-5,-146
1767171910.041238,-6,-2,-145
1767171910.051238,-1,-3,-144
1767171910.061238,-8,-4,-149
1767171910.071238,-10,-2,-145
1767171910.0812385,-10,0,-151
1767171910.0912385,-8,-4,-150
1767171910.1012385,-8,0,-153
1767171910.1112382,-6,3,-155
1767171910.1212382,-3,-2,-153
1767171910.1312382,-4,-3,-156
1767171910.1412382,-3,0,-148
1767171910.1512382,-2,0,-145
1767171910.1612382,-1,-1,-142
1767171910.1712382,2,0,-138
1767171910.1812382,3,-1,-141
1767171910.1912382,3,1,-144
1767171910.2012382,6,2,-147
1767171910.211238,9,0,-145
1767171910.221238,7,2,-142
1767171910.231238,3,5,-150
1767171910.241238,5,1,-154
1767171910.251238,2,-1,-152
1767171910.261238,3,-2,-147
1767171910.271238,4,-2,-143
1767171910.281238,2,-5,-142
1767171910.291238,3,-5,-143
1767171910.301238,4,-2,-140
1767171910.311238,3,-2,-139
1767171910.321238,2,-2,-144
1767171910.3322382,-2,-4,-149
1767171910.3412385,-1,-6,-148
1767171910.3522382,-3,-5,-153
1767171910.3622382,-2,-3,-156
1767171910.3712382,1,-2,-152
1767171910.382238,0,-1,-151
1767171910.392238,-2,-3,-146
1767171910.402238,0,3,-151
1767171910.412238,4,2,-148
1767171910.422238,5,0,-150
1767171910.432238,4,0,-145
1767171910.442238,0,-4,-152
1767171910.452238,-1,-4,-152
1767171910.462238,-3,0,-150
1767171910.472238,-6,-2,-148
1767171910.482238,-3,-3,-153
1767171910.492238,-5,-2,-152
1767171910.502238,-4,-7,-149
1767171910.5122385,0,-10,-151
1767171910.5222385,0,-10,-151
1767171910.5322382,-4,-5,-148
1767171910.5422382,-7,-3,-151
1767171910.5522382,-7,-1,-148
1767171910.5622382,-9,-2,-150
1767171910.5722382,-7,-2,-151
1767171910.5822382,-2,-5,-146
1767171910.5922382,0,-6,-145
1767171910.6022382,0,-4,-141
1767171910.6122382,-5,-3,-146
1767171910.6222382,-2,-4,-142
1767171910.632238,-4,-3,-138
1767171910.642238,-7,-1,-141
1767171910.652238,-2,-1,-142
1767171910.662238,-1,-1,-145
1767171910.672238,-4,-3,-148
1767171910.682238,-3,-5,-145
1767171910.692238,-2,-6,-140
1767171910.702238,-1,-10,-141
1767171910.712238,0,-6,-144
1767171910.722238,0,-2,-147
1767171910.732238,2,-4,-152
1767171910.742238,0,-3,-154
1767171910.752238,-3,-3,-151
1767171910.7622385,-3,-8,-151
1767171910.7722385,0,-6,-145
1767171910.7822382,-4,-6,-140
1767171910.7922382,0,-5,-131
1767171910.8022382,4,-4,-128
1767171910.8122382,1,-7,-133
1767171910.8222382,-4,-9,-139
1767171910.8322382,-2,-7,-137
1767171910.8422382,-4,-3,-138
1767171910.8522382,-3,0,-146
1767171910.8622382,-4,0,-150
1767171910.8722382,-1,-2,-151
1767171910.882238,-2,-2,-152
1767171910.892238,2,0,-146
1767171910.902238,-1,-1,-148
1767171910.912238,-4,0,-147
1767171910.922238,-1,-1,-146
1767171910.932238,-2,-2,-149
1767171910.942238,-4,-1,-148
1767171910.952238,-3,-4,-143
1767171910.962238,-4,-10,-145
1767171910.972238,-6,-7,-145
1767171910.982238,-4,-10,-148
1767171910.992238,-5,-8,-146
1767171911.002238,-4,-3,-148
1767171911.0122385,-1,-6,-145
1767171911.0222385,-1,-6,-141
1767171911.0322382,-3,-3,-141
1767171911.0422382,-3,2,-151
1767171911.0522382,-1,2,-144
1767171911.0622382,2,-6,-141
1767171911.0722382,3,-9,-141
1767171911.0822382,1,-8,-135
1767171911.0922382,2,-11,-144
1767171911.1022382,0,-12,-143
1767171911.1122382,2,-13,-142
1767171911.1222382,0,-11,-146
1767171911.132238,-4,-8,-141
1767171911.142238,-7,-5,-146
1767171911.152238,-8,-1,-154
1767171911.162238,-5,0,-147
1767171911.172238,0,-5,-143
1767171911.182238,0,-4,-140
1767171911.192238,-3,0,-143
1767171911.202238,-5,1,-155
1767171911.212238,-3,-2,-153
1767171911.222238,-3,-3,-156
1767171911.232238,-2,0,-158
1767171911.242238,-6,0,-149
1767171911.252238,-4,1,-149
1767171911.2622385,-6,0,-145
1767171911.2722385,-4,1,-141
1767171911.2822382,-1,4,-137
1767171911.2922382,3,4,-141
1767171911.3022382,0,2,-144
1767171911.3122382,0,6,-147
1767171911.3222382,0,4,-151
1767171911.3322382,1,1,-149
1767171911.3422382,5,2,-147
1767171911.3522382,0,-1,-145
1767171911.3622382,-2,-2,-138
1767171911.3722382,-3,-3,-137
1767171911.382238,-2,-3,-143
1767171911.392238,-4,-1,-138
1767171911.402238,0,-4,-137
1767171911.412238,-6,-3,-143
1767171911.422238,-3,-4,-143
1767171911.432238,-7,-3,-139
1767171911.442238,-4,-5,-145
1767171911.452238,2,-7,-145
1767171911.462238,4,-5,-140
1767171911.472238,3,-3,-138
1767171911.482238,-1,-5,-140
1767171911.492238,-1,0,-137
1767171911.502238,1,-1,-138
1767171911.5122385,0,-1,-133
1767171911.5222385,1,0,-139
1767171911.5322382,4,-4,-141
1767171911.5422382,3,-5,-147
1767171911.5522382,0,-4,-152
1767171911.5622382,1,-2,-156
1767171911.5722382,1,-2,-151
1767171911.5822382,4,-1,-148
1767171911.5922382,5,-1,-152
1767171911.6022382,4,0,-150
1767171911.6122382,-2,0,-147
1767171911.6222382,0,2,-144
1767171911.632238,2,1,-144
1767171911.642238,0,1,-140
1767171911.652238,0,1,-141
1767171911.662238,-3,3,-151
1767171911.672238,0,-1,-152
1767171911.682238,-3,-3,-155
1767171911.692238,-4,0,-153
1767171911.702238,-6,0,-148
1767171911.712238,-5,0,-150
1767171911.722238,-5,1,-150
1767171911.732238,-3,5,-151
1767171911.742238,-2,3,-152
1767171911.752238,0,0,-144
1767171911.7622385,-6,-2,-148
1767171911.7722385,-3,-2,-142
1767171911.7822382,-1,-1,-145
1767171911.7922382,-5,0,-149
1767171911.8022382,-8,-4,-139
1767171911.8122382,-6,-5,-137
1767171911.8222382,-1,-4,-137
1767171911.8322382,1,-2,-142
1767171911.8422382,2,0,-141
1767171911.8522382,0,-1,-138
1767171911.8622382,1,-3,-134
1767171911.8722382,-1,0,-130
1767171911.882238,5,-2,-130
1767171911.892238,8,-1,-134
1767171911.902238,4,-5,-139
1767171911.912238,2,-2,-139
1767171911.922238,1,-1,-142
1767171911.932238,0,-3,-148
1767171911.942238,0,0,-150
1767171911.952238,2,4,-153
1767171911.962238,1,7,-144
1767171911.972238,1,3,-139
1767171911.982238,0,0,-142
1767171911.992238,-2,1,-140
1767171912.002238,-2,2,-142
1767171912.0122385,-6,-4,-150
1767171912.0222385,-5,-5,-152
1767171912.0322382,-5,-2,-149
1767171912.0422382,-5,-3,-150
1767171912.0522382,-5,-3,-149
1767171912.0622382,1,-1,-147
1767171912.0722382,1,0,-151
1767171912.0822382,0,-1,-156
1767171912.0922382,3,0,-154
1767171912.1022382,0,2,-147
1767171912.1122382,-1,4,-153
1767171912.1222382,1,2,-143
1767171912.132238,0,-1,-144
1767171912.142238,1,-2,-149
1767171912.152238,4,-2,-147
1767171917.185238,-3,0,-142
1767171917.1942382,-5,1,-145
1767171917.2042382,-11,0,-149
1767171917.2142382,-11,0,-148
1767171917.2242382,-11,0,-146
1767171917.234238,-6,1,-147
1767171917.244238,1,1,-141
1767171917.254238,-1,-1,-141
1767171917.264238,0,0,-142
1767171917.274238,0,1,-145
1767171917.284238,4,-1,-145
1767171917.294238,9,-2,-138
1767171917.304238,9,-3,-137
1767171917.314238,8,-4,-139
1767171917.324238,6,-10,-140
1767171917.334238,3,-7,-143
1767171917.344238,3,-2,-140
1767171917.3542385,2,-5,-144
1767171917.3642385,0,-6,-147
1767171917.3742385,0,-8,-146
1767171917.3842382,0,-8,-147
1767171917.3942382,3,-5,-152
1767171917.4042382,7,-1,-150
1767171917.4142382,6,-3,-149
1767171917.4242382,0,-2,-145
1767171917.4342382,-4,-2,-149
1767171917.4442382,-1,-1,-145
1767171917.4542382,-2,-4,-134
1767171917.4642382,0,-3,-133
1767171917.4742382,1,-2,-134
1767171917.484238,3,-5,-142
1767171917.494238,-3,-2,-144
1767171917.504238,-2,3,-146
1767171917.514238,0,4,-153
1767171917.524238,1,1,-148
1767171917.534238,2,-1,-137
1767171917.544238,3,-4,-145
1767171917.554238,2,-5,-147
1767171917.564238,3,-6,-156
1767171917.574238,3,-2,-157
1767171917.584238,2,-2,-158
1767171917.594238,1,-7,-160
1767171917.6042385,2,-6,-155
1767171917.6142385,3,-3,-152
1767171917.6242385,2,-3,-152
1767171917.6342382,-1,-2,-150
1767171917.6442382,4,-6,-150
1767171917.6542382,9,-12,-153
1767171917.6642382,9,-9,-150
1767171917.6742382,9,-12,-149
1767171917.6842382,7,-13,-137
1767171917.6942382,6,-13,-142
1767171917.7042382,2,-12,-142
1767171917.7142382,2,-11,-144
1767171917.7242382,6,-6,-153
1767171917.734238,8,-6,-159
1767171917.744238,8,-3,-161
1767171917.754238,2,-4,-160
1767171917.764238,2,-5,-159
1767171917.774238,1,-2,-155
1767171917.784238,-2,-4,-148
1767171917.794238,0,-6,-151
1767171917.804238,-1,-2,-149
1767171917.814238,1,0,-151
1767171917.824238,2,-2,-153
1767171917.834238,2,-1,-156
1767171917.844238,2,0,-151
1767171917.8542385,3,0,-148
1767171917.8642385,2,3,-147
1767171917.8742385,4,1,-136
1767171917.8842382,4,0,-135
1767171917.8942382,6,-1,-135
1767171917.9042382,3,-1,-135
1767171917.9142382,6,-5,-136
1767171917.9242382,2,-4,-137
1767171917.9342382,0,-3,-136
1767171917.945238,0,0,-140
1767171917.9542382,2,-6,-152
1767171917.965238,1,-6,-163
1767171917.9742382,-1,-6,-158
1767171917.985238,-3,-3,-153
1767171917.995238,-7,0,-158
1767171918.005238,-8,-4,-157
1767171918.015238,-10,-5,-154
1767171918.024238,-8,-5,-155
1767171918.0352385,-5,-4,-155
1767171918.0452385,-7,-6,-146
1767171918.0552382,-8,-6,-146
1767171918.0652382,-5,-4,-142
1767171918.0752382,-6,-1,-137
1767171918.0852382,-6,2,-135
1767171918.0952382,-8,7,-136
1767171918.1052382,-5,4,-135
1767171918.1152382,-6,4,-134
1767171918.1252382,0,0,-136
1767171918.1352382,0,1,-136
1767171918.1452382,0,3,-141
1767171918.1552382,-7,-1,-146
1767171918.165238,-4,-4,-151
1767171918.175238,-2,-3,-150
1767171918.185238,1,-6,-154
1767171918.195238,4,-6,-154
1767171918.205238,1,0,-153
1767171918.215238,-3,6,-152
1767171918.225238,-1,7,-142
1767171918.235238,-2,3,-140
1767171918.245238,0,0,-139
1767171918.255238,-2,-4,-140
1767171918.265238,-4,-6,-146
1767171918.275238,-3,-8,-148
1767171918.2852385,-3,-6,-144
1767171918.2952385,0,-5,-145
1767171918.3052382,-2,-4,-144
1767171918.3152382,-1,-3,-140
1767171918.3252382,0,-3,-137
1767171918.3352382,5,-1,-144
1767171918.3452382,7,0,-148
1767171918.3552382,5,0,-142
1767171918.3652382,6,3,-144
1767171918.3752382,6,1,-140
1767171918.3852382,4,1,-146
1767171918.3952382,0,0,-145
1767171918.4052382,4,-1,-149
1767171918.415238,2,-2,-150
1767171918.425238,2,-1,-148
1767171918.435238,0,-1,-147
1767171918.445238,0,-1,-151
1767171918.455238,3,1,-156
1767171918.465238,6,2,-154
1767171918.475238,3,1,-153
1767171918.485238,0,1,-148
1767171918.495238,0,6,-151
1767171918.505238,1,3,-144
1767171918.515238,0,2,-139
1767171918.525238,1,4,-132
1767171918.5352385,-1,3,-139
1767171918.5452385,-2,0,-142
1767171918.5552382,-3,0,-141
1767171918.5652382,-4,2,-146
1767171918.5752382,-5,4,-150
1767171918.5852382,-4,2,-157
1767171918.5952382,-6,4,-160
1767171918.6052382,-5,3,-152
1767171918.6152382,-3,4,-149
1767171918.6252382,-1,1,-148
1767171918.6352382,-1,0,-145
1767171918.6452382,-3,0,-150
1767171918.6552382,-5,3,-152
1767171918.665238,-7,0,-148
1767171918.675238,-6,0,-145
1767171918.685238,-3,-2,-142
1767171918.695238,-1,-4,-139
1767171918.705238,0,-4,-140
1767171918.715238,-1,-1,-139
1767171918.725238,2,-3,-140
1767171918.735238,3,-2,-137
1767171918.745238,-2,-2,-134
1767171918.755238,0,-7,-126
1767171918.765238,2,-8,-128
1767171918.775238,2,-9,-132
1767171918.7852385,1,-10,-141
1767171918.7952385,1,-9,-146
1767171918.8052382,0,-8,-152
1767171918.8152382,-1,-2,-157
1767171918.8252382,-3,-1,-149
1767171918.8352382,-2,0,-144
1767171918.8452382,-6,2,-141
1767171918.8552382,-4,0,-135
1767171918.8652382,-5,-2,-139
1767171918.8752382,-7,-2,-142
1767171918.8852382,-5,-5,-145
1767171918.8952382,-6,-8,-147
1767171918.9052382,-7,-7,-152
1767171918.915238,-5,-8,-151
1767171918.925238,-2,-9,-153
1767171918.935238,-3,-9,-158
1767171918.945238,-5,-8,-152
1767171918.955238,-3,-6,-155
1767171918.965238,2,-4,-158
1767171918.975238,-1,-2,-153
1767171918.985238,-2,-2,-150
1767171918.995238,-4,-4,-143
1767171919.005238,-8,-3,-139
1767171919.015238,-9,-3,-139
1767171919.025238,-5,0,-151
1767171919.0352385,0,3,-151
1767171919.0452385,2,2,-146
1767171919.0552382,0,1,-142
1767171919.0652382,-3,-1,-140
1767171919.0752382,0,-5,-140
1767171919.0852382,1,-3,-139
1767171919.0952382,-5,-3,-141
1767171919.1052382,1,-6,-137
1767171919.1152382,-2,-6,-140
1767171919.1252382,-3,-3,-140
1767171919.1352382,0,0,-140
1767171919.1452382,-1,1,-140
1767171919.1552382,-2,3,-134
1767171919.165238,-3,0,-133
1767171919.175238,1,-1,-132
1767171919.185238,2,-3,-135
1767171919.195238,5,-4,-136
1767171919.205238,4,-2,-144
1767171919.215238,2,-7,-147
1767171919.225238,2,-7,-145
1767171919.235238,-1,-7,-144
1767171919.245238,3,-4,-151
1767171919.255238,4,-4,-145
1767171919.265238,2,-3,-145
1767171919.275238,0,-4,-147
1767171919.2852385,-3,-4,-146
1767171919.2952385,-1,-4,-143
1767171919.3052382,-3,-3,-145
1767171919.3152382,-6,-5,-143
1767171919.3252382,-3,-5,-142
1767171919.3352382,0,0,-146
1767171919.3452382,-1,0,-145
1767171919.3552382,0,3,-147
1767171919.3652382,0,1,-145
1767171919.3752382,-3,0,-148
1767171919.3852382,-4,0,-146
1767171919.3952382,-4,0,-147
1767171919.4052382,-7,-1,-148
1767171919.415238,-11,3,-146
1767171919.425238,-10,2,-141
1767171919.435238,-8,1,-138
1767171919.445238,-3,4,-140
1767171919.455238,-2,4,-141
1767171919.465238,-5,5,-136
1767171919.475238,-2,4,-138
1767171919.485238,1,5,-136
1767171919.495238,0,2,-138
1767171919.505238,3,-1,-134
1767171919.515238,3,-1,-138
1767171919.525238,6,-1,-139
1767171919.5352385,3,-1,-142
1767171919.5452385,-2,1,-142
1767171919.5552382,-9,5,-143
1767171919.5652382,-10,5,-145
1767171919.5752382,-9,0,-142
1767171919.5852382,-7,-2,-143
1767171919.5952382,-2,-3,-144
1767171919.6052382,-5,1,-146
1767171919.6152382,-5,3,-149
1767171919.6252382,-6,6,-145
1767171919.6352382,-6,6,-155
1767171919.6452382,-5,4,-150
1767171919.6552382,-6,-1,-148
1767171919.665238,-2,-4,-144
1767171919.675238,-1,-4,-144
1767171919.685238,-3,-1,-139
1767171919.695238,-5,-3,-138
1767171919.705238,-4,0,-138
1767171919.715238,0,0,-140
1767171919.725238,-3,0,-144
1767171919.735238,-1,-3,-143
1767171919.745238,0,-3,-145
1767171919.755238,6,-3,-141
1767171919.765238,6,-2,-145
1767171919.775238,1,-3,-148
1767171919.7852385,0,-4,-152
1767171919.7952385,2,-1,-143
1767171919.8052382,4,-1,-144
1767171919.8152382,7,-3,-148
1767171919.8252382,3,0,-149
1767171919.8352382,0,0,-154
1767171919.8452382,-3,0,-156
1767171919.8552382,-1,-1,-155
1767171919.8652382,-4,0,-150
1767171919.8752382,-4,0,-156
1767171919.8852382,-4,1,-152
1767171919.8952382,-5,-1,-143
1767171919.9052382,0,-4,-138
1767171919.915238,-1,-7,-138
1767171919.925238,-5,-6,-142
1767171919.935238,-6,-8,-141
1767171919.945238,-7,-3,-148
1767171919.955238,-9,-3,-149
1767171919.965238,-5,-8,-150
1767171919.975238,-2,-6,-151
1767171919.985238,-2,-3,-163
1767171919.995238,0,-2,-160
1767171920.005238,0,0,-152
1767171920.015238,-4,0,-151
1767171920.025238,-2,0,-151
1767171920.0352385,-2,2,-152
1767171920.0452385,0,3,-154
1767171920.0552382,4,3,-150
1767171920.0652382,2,3,-148
1767171920.0752382,3,0,-147
1767171920.0852382,2,1,-149
1767171920.0952382,-1,4,-158
1767171920.1052382,0,0,-153
1767171920.1152382,0,-3,-149
1767171920.1252382,0,-2,-151
1767171920.1352382,2,-3,-143
1767171920.1452382,0,-4,-142
1767171920.1552382,-2,-4,-133
1767171920.165238,-1,-4,-138
1767171920.175238,0,-2,-142
1767171920.185238,3,2,-138
1767171920.195238,-1,2,-140
1767171920.205238,-5,3,-138
1767171920.215238,-4,4,-136
1767171920.225238,0,1,-137
1767171920.235238,0,-1,-146
1767171920.245238,1,-2,-144
1767171920.255238,2,-2,-147
1767171920.265238,2,-2,-142
1767171920.275238,2,0,-140
1767171920.2852385,4,0,-141
1767171920.2952385,6,-2,-138
1767171920.3052382,7,0,-138
1767171920.3152382,11,-1,-137
1767171920.3252382,6,0,-136
1767171920.3352382,7,1,-145
1767171920.3452382,8,4,-146
1767171920.3552382,5,3,-146
1767171920.3652382,-2,1,-146
1767171920.3752382,-2,5,-148
1767171920.3852382,-2,4,-154
1767171920.3952382,-4,3,-153
1767171920.4052382,-4,1,-152
1767171920.415238,2,-1,-149
1767171920.425238,0,-4,-149
1767171920.435238,1,-4,-152
1767171920.446238,3,-2,-150
1767171920.4562385,0,0,-150
1767171920.4662385,-6,0,-152
1767171920.475238,-7,-3,-157
1767171920.4862382,-8,-3,-157
1767171920.4962382,-9,-2,-151
1767171920.5062382,-6,-3,-149
1767171920.5162382,-9,-3,-147
1767171920.5262382,-7,-4,-148
1767171920.5362382,-3,-5,-148
1767171920.5462382,-3,-8,-149
1767171920.5562382,-3,-4,-146
1767171920.5662382,-5,-4,-140
1767171920.5762382,-2,-2,-142
1767171920.586238,0,-1,-143
1767171920.596238,-3,-4,-140
1767171920.606238,-2,-2,-136
1767171920.616238,3,0,-133
1767171920.626238,6,-1,-136
1767171920.636238,4,2,-139
1767171920.646238,3,5,-142
1767171920.656238,5,4,-144
1767171920.666238,2,3,-140
1767171920.676238,0,-2,-138
1767171920.686238,1,-1,-141
1767171920.696238,2,2,-141
1767171920.7062385,-2,2,-143
1767171920.7162385,-2,2,-140
1767171920.7262385,-5,0,-139
1767171920.7362382,-6,-3,-139
1767171920.7462382,-4,-6,-149
1767171920.7562382,-4,-3,-146
1767171920.7662382,-6,-3,-148
1767171920.7762382,-7,-4,-149
1767171920.7862382,-7,-4,-143
1767171920.7962382,-7,-4,-134
1767171920.8062382,-2,-6,-136
1767171920.8162382,4,-5,-146
1767171920.8262382,3,-2,-145
1767171920.836238,0,0,-142
1767171920.846238,1,0,-147
1767171920.856238,1,2,-144
1767171920.866238,4,3,-138
1767171920.876238,2,-4,-137
1767171920.886238,-4,-4,-145
1767171920.896238,-3,-5,-150
1767171920.906238,2,-4,-149
1767171920.916238,1,-7,-146
1767171920.926238,-4,-7,-149
1767171920.936238,-4,-4,-151
1767171920.946238,0,1,-153
1767171920.9562385,1,-1,-152
1767171920.9662385,-2,-1,-149
1767171920.9762385,-4,-1,-146
1767171920.9862382,-2,1,-138
1767171920.9962382,-3,3,-140
1767171921.0062382,-1,1,-145
1767171921.0162382,0,0,-146
1767171921.0262382,0,0,-151
1767171921.0362382,0,0,-153
1767171921.0462382,-2,-3,-142
1767171921.0562382,0,-4,-143
1767171921.0662382,0,0,-144
1767171921.0762382,0,-4,-146
1767171921.086238,-1,-2,-151
1767171921.096238,0,1,-144
1767171921.106238,-4,-1,-146
1767171921.116238,-5,0,-159
1767171921.126238,0,-1,-159
1767171921.136238,0,-4,-158
1767171921.146238,1,-3,-151
1767171921.156238,2,-1,-149
1767171921.166238,0,-4,-139
1767171921.176238,-2,-6,-146
1767171921.186238,-1,-5,-144
1767171921.196238,0,-3,-139
1767171921.2062385,0,-1,-146
1767171921.2162385,-1,0,-148
1767171921.2262385,-2,-1,-147
1767171921.2362382,-4,0,-148
1767171921.2462382,-4,-1,-144
1767171921.2562382,-1,-1,-140
1767171921.2662382,-2,0,-141
1767171921.2762382,-1,0,-151
1767171921.2862382,-5,-1,-153
1767171921.2962382,-5,-2,-148
1767171921.3062382,-5,0,-150
1767171921.3162382,-8,0,-152
1767171921.3262382,-4,-2,-148
1767171921.336238,-1,-1,-145
1767171921.346238,0,-4,-146
1767171921.356238,0,-5,-148
1767171921.366238,0,-4,-152
1767171921.376238,-4,-3,-150
1767171921.386238,-8,-3,-143
1767171921.396238,-4,3,-141
1767171921.406238,-4,-3,-145
1767171921.416238,-5,-5,-142
1767171921.426238,-2,-7,-143
1767171921.436238,-1,-6,-137
1767171921.446238,-2,-7,-144
1767171921.4562385,-1,-6,-149
1767171921.4662385,-4,-5,-143
1767171921.4762385,-2,-3,-148
1767171921.4862382,0,-4,-150
1767171921.4962382,1,-7,-142
1767171921.5062382,4,-7,-146
1767171921.5162382,0,-6,-147
1767171921.5262382,-5,-2,-154
1767171921.5362382,-5,0,-148
1767171921.5462382,-5,2,-148
1767171921.5562382,-6,2,-152
1767171921.5662382,-2,-1,-150
1767171921.5762382,-1,0,-150
1767171921.586238,0,-5,-148
1767171921.596238,-2,-5,-150
1767171921.606238,-2,-5,-151
1767171921.616238,-3,-4,-148
1767171921.626238,-1,-5,-145
1767171921.636238,0,-6,-144
1767171921.646238,-1,-8,-144
1767171921.656238,-5,-8,-142
1767171921.666238,-5,-6,-140
1767171921.676238,-5,-7,-146
1767171921.686238,-6,-8,-153
1767171921.696238,-7,-3,-151
1767171921.7062385,-9,-3,-143
1767171921.7162385,-5,-3,-148
1767171921.7262385,-3,-2,-143
1767171921.7362382,-4,-2,-135
1767171921.7462382,-6,-1,-139
1767171921.7562382,-3,-3,-144
1767171921.7662382,-4,1,-151
1767171921.7762382,0,2,-138
1767171921.7862382,-2,3,-141
1767171921.7962382,-3,1,-135
1767171921.8062382,-7,1,-133
1767171921.8162382,-5,3,-144
1767171921.8262382,-3,-1,-146
1767171921.836238,-2,-1,-143
1767171921.846238,-1,0,-148
1767171921.856238,-4,-2,-145
1767171921.866238,-2,-2,-144
1767171921.876238,-5,-5,-138
1767171921.886238,-3,-4,-141
1767171921.896238,-1,-3,-141
1767171921.906238,-1,-7,-146
1767171921.916238,3,-8,-142
1767171921.926238,2,-7,-150
1767171921.936238,5,-8,-148
1767171921.946238,5,-8,-139
1767171921.9562385,3,-6,-134
1767171921.9662385,6,-4,-139
1767171921.9762385,3,-4,-142
1767171921.9862382,3,-5,-140
1767171921.9962382,4,0,-141
1767171922.0062382,4,2,-141
1767171922.0162382,2,-3,-146
1767171922.0262382,-1,-2,-143
1767171922.0362382,4,-1,-141
1767171922.0462382,5,-3,-146
1767171922.0562382,0,-6,-139
1767171922.0662382,0,-3,-144
1767171922.0762382,-5,-3,-142
1767171922.086238,-2,-2,-144
1767171922.096238,-2,0,-141
1767171922.106238,-6,0,-139
1767171922.116238,-7,-5,-141
1767171922.126238,-4,-1,-133
1767171922.136238,-9,0,-134
1767171922.146238,-7,-3,-138
1767171922.156238,-4,0,-142
1767171922.166238,-6,-1,-140
1767171922.176238,-4,-3,-140
1767171927.2102382,3,-2,-149
1767171927.218238,5,-2,-146
1767171927.228238,4,0,-148
1767171927.238238,2,2,-147
1767171927.248238,1,3,-146
1767171927.258238,2,0,-144
1767171927.268238,3,0,-149
1767171927.278238,-2,0,-143
1767171927.288238,-1,-5,-137
1767171927.298238,-4,-7,-141
1767171927.3082385,-4,-5,-146
1767171927.3182385,-4,-5,-142
1767171927.3282382,0,-7,-142
1767171927.3382382,-3,-5,-146
1767171927.3482382,0,-5,-145
1767171927.3582382,3,0,-148
1767171927.3682382,5,0,-147
1767171927.3782382,0,-1,-150
1767171927.3882382,-2,-1,-145
1767171927.3982382,0,-2,-143
1767171927.4082382,-4,-3,-151
1767171927.4182382,-7,1,-156
1767171927.4282382,-9,0,-157
1767171927.438238,-12,-2,-162
1767171927.448238,-12,-2,-160
1767171927.458238,-10,0,-156
1767171927.468238,-6,1,-154
1767171927.478238,-3,2,-149
1767171927.488238,-1,2,-145
1767171927.498238,0,1,-146
1767171927.508238,-2,0,-145
1767171927.518238,0,-1,-144
1767171927.528238,3,-3,-150
1767171927.538238,3,-4,-149
1767171927.548238,2,-5,-147
1767171927.5582385,2,-1,-142
1767171927.5682385,5,2,-146
1767171927.5782382,3,2,-147
1767171927.5882382,8,4,-140
1767171927.5982382,12,9,-139
1767171927.6082382,9,4,-136
1767171927.6182382,8,4,-142
1767171927.6282382,9,1,-141
1767171927.6382382,7,0,-141
1767171927.6482382,5,-3,-149
1767171927.6582382,3,-3,-148
1767171927.6682382,8,-5,-145
1767171927.6782382,7,-4,-148
1767171927.688238,6,-6,-148
1767171927.698238,3,-5,-147
1767171927.708238,2,-2,-155
1767171927.718238,-2,0,-155
1767171927.728238,-1,0,-152
1767171927.738238,0,-3,-152
1767171927.748238,2,-6,-152
1767171927.758238,-1,-8,-151
1767171927.768238,0,-3,-150
1767171927.778238,-2,-2,-153
1767171927.788238,0,-5,-147
1767171927.798238,-3,-3,-143
1767171927.8082385,-7,-2,-142
1767171927.8182385,-8,-4,-142
1767171927.8282382,-7,-5,-142
1767171927.8382382,-5,-8,-145
1767171927.8482382,-2,-9,-144
1767171927.8582382,0,-5,-140
1767171927.8682382,-1,-4,-137
1767171927.8782382,-2,-5,-139
1767171927.8882382,-1,-4,-145
1767171927.8982382,3,-5,-152
1767171927.9082382,2,-4,-150
1767171927.9182382,5,-1,-151
1767171927.9282382,2,0,-151
1767171927.938238,1,-4,-147
1767171927.948238,7,-7,-150
1767171927.958238,4,-3,-154
1767171927.968238,2,0,-149
1767171927.978238,-2,0,-153
1767171927.988238,0,0,-156
1767171927.998238,4,0,-149
1767171928.0092382,6,0,-139
1767171928.018238,6,-2,-145
1767171928.028238,4,0,-143
1767171928.038238,3,3,-146
1767171928.0492382,3,3,-150
1767171928.0592382,6,2,-147
1767171928.0692382,6,2,-142
1767171928.0792382,4,1,-144
1767171928.0892382,3,1,-145
1767171928.0992382,2,-3,-145
1767171928.109238,6,-5,-152
1767171928.119238,1,-7,-158
1767171928.129238,-4,-8,-157
1767171928.139238,-5,-9,-157
1767171928.149238,0,-9,-156
1767171928.159238,0,-7,-155
1767171928.169238,-2,-3,-156
1767171928.179238,1,-2,-153
1767171928.189238,0,-2,-148
1767171928.199238,1,-1,-145
1767171928.209238,5,-3,-142
1767171928.219238,9,-6,-141
1767171928.2292385,3,-8,-139
1767171928.2392385,1,-8,-135
1767171928.2492385,-4,-5,-135
1767171928.2592382,-5,-7,-139
1767171928.2692382,-9,-2,-142
1767171928.2792382,-5,-7,-147
1767171928.2892382,-3,-6,-146
1767171928.2992382,-2,-6,-147
1767171928.3092382,-4,-6,-146
1767171928.3192382,0,-5,-146
1767171928.3292382,0,-6,-150
1767171928.3392382,-3,-6,-151
1767171928.3492382,-1,-4,-154
1767171928.359238,0,-3,-155
1767171928.369238,0,-3,-152
1767171928.379238,-2,0,-148
1767171928.389238,0,-4,-142
1767171928.399238,-2,-2,-138
1767171928.409238,-4,-4,-142
1767171928.419238,-4,-3,-148
1767171928.429238,0,-3,-148
1767171928.439238,0,-3,-151
1767171928.449238,-1,-3,-150
1767171928.459238,0,-3,-150
1767171928.469238,0,-5,-144
1767171928.4792385,1,-3,-143
1767171928.4892385,3,-3,-138
1767171928.4992385,1,-3,-133
1767171928.5092382,3,-2,-132
1767171928.5192382,4,-2,-137
1767171928.5292382,5,-6,-139
1767171928.5392382,3,-8,-143
1767171928.5492382,1,-6,-141
1767171928.5592382,-3,-11,-140
1767171928.5692382,0,-6,-143
1767171928.5792382,0,-4,-141
1767171928.5892382,4,-4,-137
1767171928.5992382,4,-2,-138
1767171928.609238,2,-3,-137
1767171928.619238,1,0,-138
1767171928.629238,5,0,-138
1767171928.639238,6,0,-141
1767171928.649238,1,-2,-135
1767171928.659238,1,2,-135
1767171928.669238,1,1,-140
1767171928.679238,-3,1,-145
1767171928.689238,0,0,-150
1767171928.699238,1,0,-153
1767171928.709238,0,2,-147
1767171928.719238,-3,-1,-143
1767171928.7292385,-5,-5,-145
1767171928.7392385,-3,-1,-148
1767171928.7492385,0,0,-146
1767171928.7592382,0,1,-143
1767171928.7692382,0,7,-140
1767171928.7792382,-1,7,-142
1767171928.7892382,0,-2,-143
1767171928.7992382,0,-1,-137
1767171928.8092382,2,3,-145
1767171928.8192382,2,3,-149
1767171928.8292382,0,-5,-144
1767171928.8392382,-5,-5,-139
1767171928.8492382,-3,-3,-139
1767171928.859238,-4,-2,-137
1767171928.869238,-3,-7,-139
1767171928.879238,0,-9,-141
1767171928.889238,-2,-8,-134
1767171928.899238,-4,-5,-133
1767171928.909238,-4,-5,-130
1767171928.919238,-5,-5,-132
1767171928.929238,-7,-9,-138
1767171928.939238,-6,-6,-141
1767171928.949238,-7,-9,-140
1767171928.959238,-4,-12,-144
1767171928.969238,-5,-8,-146
1767171928.9792385,-5,-8,-143
1767171928.9892385,-9,-9,-147
1767171928.9992385,-12,-5,-146
1767171929.0092382,-10,-5,-143
1767171929.0192382,-5,-3,-148
1767171929.0292382,0,-3,-152
1767171929.0392382,0,-10,-150
1767171929.0492382,1,-8,-144
1767171929.0592382,-1,-2,-149
1767171929.0692382,-3,-5,-154
1767171929.0792382,-3,-5,-161
1767171929.0892382,-3,-9,-157
1767171929.0992382,-3,-6,-157
1767171929.109238,-5,-6,-157
1767171929.119238,-5,-3,-154
1767171929.129238,-3,-3,-155
1767171929.139238,-1,2,-148
1767171929.149238,0,2,-142
1767171929.159238,1,2,-147
1767171929.169238,1,-3,-144
1767171929.179238,-1,-4,-140
1767171929.189238,1,-2,-143
1767171929.199238,5,-6,-147
1767171929.209238,5,-4,-148
1767171929.219238,6,-4,-150
1767171929.2292385,7,-5,-151
1767171929.2392385,3,-9,-155
1767171929.2492385,0,-8,-150
1767171929.2592382,0,-5,-146
1767171929.2692382,-2,-4,-147
1767171929.2792382,0,-7,-152
1767171929.2892382,3,-4,-147
1767171929.2992382,6,-3,-141
1767171929.3092382,3,-2,-146
1767171929.3192382,1,0,-146
1767171929.3292382,0,-2,-144
1767171929.3392382,-2,0,-145
1767171929.3492382,-2,0,-142
1767171929.359238,0,2,-143
1767171929.369238,0,0,-143
1767171929.379238,-1,-1,-143
1767171929.389238,-3,0,-141
1767171929.399238,-6,-1,-141
1767171929.409238,-6,-2,-136
1767171929.419238,-3,-3,-137
1767171929.429238,0,-1,-142
1767171929.439238,-1,1,-144
1767171929.449238,0,5,-147
1767171929.459238,3,3,-140
1767171929.469238,2,-1,-145
1767171929.4792385,0,-2,-143
1767171929.4892385,0,-2,-141
1767171929.4992385,4,-1,-143
1767171929.5092382,6,0,-141
1767171929.5192382,7,-1,-143
1767171929.5292382,1,-4,-144
1767171929.5392382,2,-5,-148
1767171929.5492382,3,-5,-151
1767171929.5592382,0,-7,-155
1767171929.5692382,0,-1,-158
1767171929.5792382,-1,2,-158
1767171929.5892382,-3,6,-148
1767171929.5992382,-4,2,-145
1767171929.609238,-1,0,-145
1767171929.619238,-2,-5,-149
1767171929.629238,-3,-8,-152
1767171929.639238,0,-5,-147
1767171929.649238,5,-4,-148
1767171929.659238,4,-1,-149
1767171929.669238,3,-2,-153
1767171929.679238,3,-1,-147
1767171929.689238,0,-2,-152
1767171929.699238,0,2,-147
1767171929.709238,0,-2,-145
1767171929.719238,-1,-5,-149
1767171929.7292385,-2,0,-150
1767171929.7392385,-2,3,-146
1767171929.7492385,-3,1,-140
1767171929.7592382,-2,0,-142
1767171929.7692382,-3,-1,-141
1767171929.7792382,-1,1,-138
1767171929.7892382,4,-1,-145
1767171929.7992382,0,-3,-143
1767171929.8092382,-3,-5,-144
1767171929.8192382,1,-2,-142
1767171929.8292382,2,-5,-143
1767171929.8392382,-1,-7,-141
1767171929.8492382,0,-3,-136
1767171929.859238,-2,-1,-141
1767171929.869238,0,-2,-146
1767171929.879238,-2,1,-149
1767171929.889238,0,-2,-152
1767171929.899238,1,-4,-152
1767171929.909238,0,-4,-149
1767171929.919238,2,-5,-151
1767171929.929238,0,-3,-148
1767171929.939238,-1,-4,-144
1767171929.949238,-2,-7,-139
1767171929.959238,-7,-6,-141
1767171929.969238,-4,-6,-151
1767171929.9792385,0,-6,-149
1767171929.9892385,2,-7,-145
1767171929.9992385,5,-3,-144
1767171930.0092382,6,3,-145
1767171930.0192382,4,0,-148
1767171930.0292382,4,-1,-144
1767171930.0392382,6,-3,-139
1767171930.0492382,0,-5,-141
1767171930.0592382,0,0,-144
1767171930.0692382,0,-5,-145
1767171930.0792382,0,-6,-147
1767171930.0892382,1,-8,-148
1767171930.0992382,-1,-5,-147
1767171930.109238,-4,-2,-145
1767171930.119238,-7,-5,-149
1767171930.129238,-6,-2,-148
1767171930.139238,-4,-2,-147
1767171930.149238,-3,-2,-150
1767171930.159238,-7,-4,-152
1767171930.169238,-5,-2,-150
1767171930.179238,-7,-3,-149
1767171930.189238,-3,-6,-147
1767171930.199238,-1,-7,-145
1767171930.209238,4,-4,-145
1767171930.219238,7,-3,-143
1767171930.2292385,10,-7,-144
1767171930.2392385,9,-6,-150
1767171930.2492385,5,-7,-152
1767171930.2592382,3,-1,-150
1767171930.2692382,4,1,-149
1767171930.2792382,3,0,-155
1767171930.2892382,4,2,-157
1767171930.2992382,-1,1,-157
1767171930.3092382,-5,2,-153
1767171930.3192382,-3,1,-149
1767171930.3292382,0,5,-154
1767171930.3392382,-1,0,-158
1767171930.3492382,-3,2,-159
1767171930.359238,0,4,-155
1767171930.369238,-1,2,-149
1767171930.379238,-2,0,-149
1767171930.389238,1,-3,-155
1767171930.399238,2,-4,-158
1767171930.409238,0,-3,-153
1767171930.419238,1,-5,-151
1767171930.429238,-1,-6,-151
1767171930.439238,-4,-8,-149
1767171930.449238,-3,-6,-153
1767171930.459238,-1,-3,-156
1767171930.469238,3,-4,-155
1767171930.4792385,4,2,-153
1767171930.4892385,8,2,-152
1767171930.4992385,1,-2,-159
1767171930.5092382,0,-5,-160
1767171930.5192382,-1,-4,-156
1767171930.5292382,3,-5,-154
1767171930.540238,5,-5,-150
1767171930.550238,3,-6,-144
1767171930.560238,4,-9,-133
1767171930.570238,0,-8,-134
1767171930.580238,-4,-10,-137
1767171930.590238,-8,-9,-147
1767171930.600238,-5,-8,-146
1767171930.610238,-4,-8,-143
1767171930.620238,-1,-7,-150
1767171930.630238,0,-6,-157
1767171930.640238,-2,-5,-160
1767171930.650238,-3,-7,-156
1767171930.6602385,-5,-4,-158
1767171930.6702385,-6,0,-157
1767171930.6802382,-2,3,-156
1767171930.6902382,1,2,-157
1767171930.7002382,-2,3,-157
1767171930.7102382,0,1,-151
1767171930.7202382,2,0,-156
1767171930.7302382,3,-6,-151
1767171930.7402382,-2,-7,-150
1767171930.7502382,0,-7,-148
1767171930.7602382,0,-7,-146
1767171930.7702382,1,-9,-145
1767171930.7802382,2,-8,-140
1767171930.790238,-1,0,-129
1767171930.800238,-1,-1,-136
1767171930.810238,-3,0,-140
1767171930.820238,-2,4,-138
1767171930.830238,-2,0,-138
1767171930.840238,-2,0,-139
1767171930.850238,-4,-1,-146
1767171930.860238,-2,-2,-142
1767171930.870238,-1,-1,-142
1767171930.880238,-2,-3,-144
1767171930.890238,0,-1,-138
1767171930.900238,0,0,-136
1767171930.9102385,2,0,-139
1767171930.9202385,-2,-1,-143
1767171930.9302382,-4,-2,-154
1767171930.9402382,-4,-9,-156
1767171930.9502382,-6,-7,-154
1767171930.9602382,-5,-7,-152
1767171930.9702382,-1,-10,-150
1767171930.9802382,1,-9,-146
1767171930.9902382,-1,-10,-144
1767171931.0002382,0,-6,-152
1767171931.0102382,1,-3,-147
1767171931.0202382,0,-2,-145
1767171931.0302382,-1,3,-148
1767171931.040238,-3,-1,-145
1767171931.050238,-6,-3,-146
1767171931.060238,-5,-5,-145
1767171931.070238,-2,-4,-140
1767171931.080238,-5,-5,-142
1767171931.090238,0,-9,-144
1767171931.100238,-2,-9,-146
1767171931.110238,0,-10,-143
1767171931.120238,-1,-8,-142
1767171931.130238,-1,-6,-147
1767171931.140238,1,-1,-146
1767171931.150238,3,-2,-149
1767171931.1602385,-4,-1,-148
1767171931.1702385,-4,0,-144
1767171931.1802382,-3,0,-147
1767171931.1902382,-4,-1,-138
1767171931.2002382,-8,0,-139
1767171931.2102382,-8,2,-144
1767171931.2202382,-7,2,-148
1767171931.2302382,-8,1,-140
1767171931.2402382,-10,-3,-140
1767171931.2502382,-10,-3,-141
1767171931.2602382,-8,-3,-145
1767171931.2702382,-8,-5,-143
1767171931.2802382,-4,-7,-143
1767171931.290238,-2,-6,-144
1767171931.300238,1,-6,-151
1767171931.310238,-2,-5,-161
1767171931.320238,-1,-4,-155
1767171931.330238,0,-3,-152
1767171931.340238,-2,-4,-147
1767171931.350238,-5,-4,-148
1767171931.360238,-2,-1,-149
1767171931.370238,-3,-1,-148
1767171931.380238,2,0,-141
1767171931.390238,2,-4,-144
1767171931.400238,-1,0,-143
1767171931.4102385,0,-1,-140
1767171931.4202385,4,-5,-143
1767171931.4302382,0,-4,-149
1767171931.4402382,0,-5,-151
1767171931.4502382,2,-5,-150
1767171931.4602382,-3,-5,-146
1767171931.4702382,-3,-5,-146
1767171931.4802382,-2,-6,-146
1767171931.4902382,-3,-3,-145
1767171931.5002382,-1,-6,-146
1767171931.5102382,0,-5,-152
1767171931.5202382,2,-6,-152
1767171931.5302382,0,-4,-157
1767171931.540238,0,0,-154
1767171931.550238,-3,0,-148
1767171931.560238,-3,-1,-143
1767171931.570238,-4,-3,-143
1767171931.580238,-5,-5,-147
1767171931.590238,-6,-5,-148
1767171931.600238,-8,-8,-150
1767171931.610238,-5,-1,-149
1767171931.620238,-2,0,-149
1767171931.630238,2,0,-153
1767171931.640238,2,-1,-154
1767171931.650238,0,-4,-151
1767171931.6602385,0,-2,-147
1767171931.6702385,-4,0,-154
1767171931.6802382,-4,-1,-152
1767171931.6902382,-5,-2,-143
1767171931.7002382,-6,-3,-142
1767171931.7102382,-3,-2,-139
1767171931.7202382,0,-2,-144
1767171931.7302382,-5,-4,-147
1767171931.7402382,-2,-5,-150
1767171931.7502382,-5,-7,-149
1767171931.7602382,-8,-4,-151
1767171931.7702382,-5,0,-151
1767171931.7802382,-6,0,-149
1767171931.790238,-9,1,-147
1767171931.800238,-3,-2,-145
1767171931.810238,-1,2,-136
1767171931.820238,-1,3,-133
1767171931.830238,1,3,-135
1767171931.840238,4,5,-143
1767171931.850238,4,6,-137
1767171931.860238,5,6,-128
1767171931.870238,2,0,-128
1767171931.880238,0,-5,-138
1767171931.890238,2,-1,-139
1767171931.900238,1,-4,-145
1767171931.9102385,-1,-6,-140
1767171931.9202385,-3,-2,-140
1767171931.9302382,-3,-1,-140
1767171931.9402382,0,-1,-140
1767171931.9502382,0,-3,-148
1767171931.9602382,0,-3,-146
1767171931.9702382,1,-6,-145
1767171931.9802382,1,0,-145
1767171931.9902382,1,0,-145
1767171932.0002382,-2,3,-146
1767171932.0102382,-1,0,-147
1767171932.0202382,0,2,-149
1767171932.0302382,1,2,-150
1767171932.040238,-2,2,-153
1767171932.050238,-3,3,-151
1767171932.060238,-3,1,-145
1767171932.070238,0,3,-146
1767171932.080238,-1,3,-146
1767171932.090238,0,3,-141
1767171932.100238,0,3,-145
1767171932.110238,-2,2,-151
1767171932.120238,-2,3,-146
1767171932.130238,-5,-1,-150
1767171932.140238,-3,-2,-151
1767171932.150238,-4,0,-148
1767171932.1602385,0,0,-151
1767171932.1702385,-3,-2,-154
1767171932.1802382,0,-2,-155
1767171932.1902382,-2,0,-155
1767171932.2002382,-4,3,-149
1767171937.234238,1,-4,-141
1767171937.242238,1,-2,-141
1767171937.252238,-1,-1,-143
1767171937.2622385,-2,-3,-149
1767171937.2722385,-1,0,-152
1767171937.2822382,-5,2,-149
1767171937.2922382,-3,1,-147
1767171937.3022382,-5,-2,-147
1767171937.3122382,-5,-3,-149
1767171937.3222382,-3,-7,-152
1767171937.3322382,-3,-4,-148
1767171937.3422382,-6,-1,-143
1767171937.3522382,-4,0,-148
1767171937.3622382,1,1,-139
1767171937.3722382,2,2,-132
1767171937.382238,0,5,-138
1767171937.392238,0,2,-137
1767171937.402238,3,1,-139
1767171937.412238,0,0,-138
1767171937.422238,2,3,-142
1767171937.432238,4,2,-142
1767171937.442238,1,6,-143
1767171937.452238,5,0,-145
1767171937.462238,6,-1,-148
1767171937.472238,5,-5,-149
1767171937.482238,2,-5,-143
1767171937.492238,-1,-6,-137
1767171937.502238,0,-3,-136
1767171937.5122385,-1,-4,-135
1767171937.5222385,0,-5,-131
1767171937.5322382,0,-4,-133
1767171937.5422382,0,-1,-130
1767171937.5522382,0,-1,-135
1767171937.5622382,-1,-2,-134
1767171937.5722382,1,-3,-138
1767171937.5822382,1,-3,-141
1767171937.5922382,3,-5,-147
1767171937.6022382,4,0,-149
1767171937.6122382,1,-3,-144
1767171937.6222382,-2,0,-145
1767171937.632238,0,-2,-146
1767171937.642238,0,0,-153
1767171937.652238,1,0,-152
1767171937.662238,0,-1,-147
1767171937.672238,0,-3,-144
1767171937.682238,-2,-5,-135
1767171937.692238,-1,-7,-140
1767171937.702238,1,-7,-144
1767171937.712238,-4,-5,-147
1767171937.722238,-6,-6,-142
1767171937.732238,-6,-4,-141
1767171937.742238,-2,-1,-148
1767171937.752238,-2,2,-145
1767171937.7622385,-6,7,-140
1767171937.7722385,-2,9,-149
1767171937.7822382,-1,7,-142
1767171937.7922382,3,4,-141
1767171937.8022382,-2,0,-139
1767171937.8122382,-2,2,-136
1767171937.8222382,0,3,-141
1767171937.8322382,2,1,-141
1767171937.8422382,0,-1,-140
1767171937.8522382,-3,-2,-144
1767171937.8622382,-5,-1,-152
1767171937.8722382,-5,0,-155
1767171937.882238,-2,6,-156
1767171937.892238,-2,6,-158
1767171937.902238,-3,4,-162
1767171937.912238,-7,2,-154
1767171937.922238,-1,3,-144
1767171937.932238,-1,1,-139
1767171937.942238,-1,6,-134
1767171937.952238,2,1,-136
1767171937.962238,-1,5,-141
1767171937.972238,-1,2,-145
1767171937.982238,0,0,-145
1767171937.992238,-3,-1,-141
1767171938.002238,-3,2,-143
1767171938.0122385,-3,1,-143
1767171938.0222385,-5,2,-141
1767171938.0322382,-3,0,-144
1767171938.0422382,-1,2,-139
1767171938.0522382,0,3,-139
1767171938.0622382,2,1,-143
1767171938.073238,-1,2,-142
1767171938.0822382,-2,4,-143
1767171938.0922382,-1,1,-152
1767171938.103238,0,2,-145
1767171938.1122382,0,-2,-143
1767171938.1222382,-3,-5,-142
1767171938.132238,-4,-5,-136
1767171938.143238,-4,-5,-141
1767171938.153238,-7,-3,-137
1767171938.163238,-7,-3,-141
1767171938.173238,-8,-6,-147
1767171938.1832385,-11,-4,-148
1767171938.1932385,-9,1,-142
1767171938.2032382,-1,2,-137
1767171938.2132382,-1,2,-140
1767171938.2232382,0,4,-140
1767171938.2332382,6,5,-145
1767171938.2432382,2,5,-141
1767171938.2532382,2,1,-139
1767171938.2632382,1,-2,-140
1767171938.2732382,5,-2,-139
1767171938.2832382,1,0,-139
1767171938.2932382,0,-2,-138
1767171938.3032382,-4,-4,-138
1767171938.313238,-1,-6,-141
1767171938.323238,0,-5,-131
1767171938.333238,0,-5,-132
1767171938.343238,0,-4,-133
1767171938.353238,-1,-4,-141
1767171938.363238,0,-4,-143
1767171938.373238,1,-1,-141
1767171938.383238,-4,0,-145
1767171938.393238,-3,-3,-153
1767171938.403238,-5,-4,-153
1767171938.413238,-1,-1,-149
1767171938.423238,-8,1,-152
1767171938.4332385,-7,1,-152
1767171938.4432385,-3,6,-150
1767171938.4532382,1,5,-150
1767171938.4632382,3,1,-149
1767171938.4732382,2,-3,-146
1767171938.4832382,1,-5,-143
1767171938.4932382,0,-6,-143
1767171938.5032382,2,-1,-139
1767171938.5132382,5,0,-145
1767171938.5232382,6,0,-139
1767171938.5332382,3,0,-142
1767171938.5432382,2,2,-147
1767171938.5532382,1,0,-149
1767171938.563238,-3,-1,-141
1767171938.573238,-2,-6,-140
1767171938.583238,-5,-4,-142
1767171938.593238,-3,-4,-144
1767171938.603238,-3,-4,-145
1767171938.613238,-2,-4,-146
1767171938.623238,-1,0,-137
1767171938.633238,-6,3,-139
1767171938.643238,-10,0,-143
1767171938.653238,-10,1,-150
1767171938.663238,-6,0,-149
1767171938.673238,-4,0,-149
1767171938.6832385,0,2,-151
1767171938.6932385,1,3,-147
1767171938.7032382,1,2,-148
1767171938.7132382,0,4,-146
1767171938.7232382,3,1,-147
1767171938.7332382,5,2,-146
1767171938.7432382,4,0,-145
1767171938.7532382,0,2,-149
1767171938.7632382,4,0,-152
1767171938.7732382,5,-4,-153
1767171938.7832382,0,-5,-148
1767171938.7932382,-3,0,-144
1767171938.8032382,-3,-3,-140
1767171938.813238,-2,-5,-139
1767171938.823238,-5,-6,-135
1767171938.833238,-3,-3,-134
1767171938.843238,0,0,-138
1767171938.853238,2,1,-141
1767171938.863238,4,0,-146
1767171938.873238,4,0,-150
1767171938.883238,10,3,-148
1767171938.893238,11,1,-151
1767171938.903238,11,0,-154
1767171938.913238,3,-3,-151
1767171938.923238,1,-5,-152
1767171938.9332385,3,-3,-152
1767171938.9432385,3,-2,-155
1767171938.9532382,1,0,-155
1767171938.9632382,0,-2,-152
1767171938.9732382,3,-3,-161
1767171938.9832382,4,0,-160
1767171938.9932382,4,1,-155
1767171939.0032382,2,0,-146
1767171939.0132382,0,0,-144
1767171939.0232382,1,1,-142
1767171939.0332382,3,2,-149
1767171939.0432382,7,4,-153
1767171939.0532382,2,4,-153
1767171939.063238,1,3,-147
1767171939.073238,0,0,-144
1767171939.083238,-1,-3,-147
1767171939.093238,0,0,-143
1767171939.103238,-2,-2,-142
1767171939.113238,1,0,-139
1767171939.123238,3,0,-140
1767171939.133238,3,0,-142
1767171939.143238,2,-3,-147
1767171939.153238,2,-2,-146
1767171939.163238,-1,-5,-151
1767171939.173238,1,-9,-156
1767171939.1832385,-2,-10,-154
1767171939.1932385,-4,-3,-152
1767171939.2032382,-6,-2,-154
1767171939.2132382,-7,-5,-153
1767171939.2232382,-8,-9,-146
1767171939.2332382,-4,-5,-140
1767171939.2432382,-2,-2,-142
1767171939.2532382,1,3,-145
1767171939.2632382,2,4,-142
1767171939.2732382,6,3,-141
1767171939.2832382,4,3,-138
1767171939.2932382,6,-2,-133
1767171939.3032382,8,-1,-138
1767171939.313238,6,0,-145
1767171939.323238,4,0,-143
1767171939.333238,3,0,-145
1767171939.343238,2,0,-144
1767171939.353238,6,0,-145
1767171939.363238,7,-1,-142
1767171939.373238,5,0,-140
1767171939.383238,8,-1,-144
1767171939.393238,11,0,-147
1767171939.403238,10,1,-145
1767171939.413238,8,1,-145
1767171939.423238,6,5,-144
1767171939.4332385,0,0,-154
1767171939.4432385,1,-1,-149
1767171939.4532382,8,-2,-150
1767171939.4632382,9,1,-152
1767171939.4732382,6,1,-150
1767171939.4832382,1,0,-143
1767171939.4932382,2,1,-141
1767171939.5032382,2,0,-139
1767171939.5132382,2,0,-145
1767171939.5232382,1,5,-146
1767171939.5332382,4,2,-143
1767171939.5432382,4,1,-145
1767171939.5532382,3,-3,-150
1767171939.563238,0,-3,-155
1767171939.573238,0,-7,-147
1767171939.583238,1,-6,-147
1767171939.593238,6,-3,-146
1767171939.603238,1,-5,-145
1767171939.613238,0,-4,-147
1767171939.623238,0,-1,-145
1767171939.633238,0,0,-150
1767171939.643238,0,0,-152
1767171939.653238,0,-6,-149
1767171939.663238,2,-3,-147
1767171939.673238,1,-6,-154
1767171939.6832385,0,-6,-153
1767171939.6932385,0,-4,-154
1767171939.7032382,-1,-3,-143
1767171939.7132382,0,-3,-132
1767171939.7232382,0,0,-137
1767171939.7332382,-2,0,-142
1767171939.7432382,-1,-1,-141
1767171939.7532382,0,-4,-137
1767171939.7632382,-1,-5,-134
1767171939.7732382,0,-6,-136
1767171939.7832382,2,-3,-143
1767171939.7932382,1,0,-142
1767171939.8032382,1,0,-141
1767171939.813238,1,-1,-146
1767171939.823238,0,-3,-147
1767171939.833238,-2,0,-141
1767171939.843238,0,4,-146
1767171939.853238,0,3,-139
1767171939.863238,-1,-2,-138
1767171939.873238,-1,0,-138
1767171939.883238,-1,0,-136
1767171939.893238,0,0,-133
1767171939.903238,-3,3,-129
1767171939.913238,0,2,-132
1767171939.923238,-3,1,-142
1767171939.9332385,-5,2,-148
1767171939.9432385,-3,3,-147
1767171939.9532382,0,5,-146
1767171939.9632382,1,4,-157
1767171939.9732382,1,0,-157
1767171939.9832382,4,-1,-150
1767171939.9932382,5,-3,-151
1767171940.0032382,3,-4,-145
1767171940.0132382,1,0,-142
1767171940.0232382,3,-1,-144
1767171940.0332382,1,0,-144
1767171940.0432382,1,-5,-145
1767171940.0532382,0,-5,-145
1767171940.063238,-5,-4,-145
1767171940.073238,-6,-1,-141
1767171940.083238,-2,0,-141
1767171940.093238,-3,-2,-144
1767171940.103238,-2,-4,-148
1767171940.113238,2,-5,-151
1767171940.123238,2,0,-153
1767171940.133238,3,0,-150
1767171940.143238,3,1,-146
1767171940.153238,2,-4,-139
1767171940.163238,3,-5,-135
1767171940.173238,4,-2,-132
1767171940.1832385,0,0,-137
1767171940.1932385,-3,-1,-138
1767171940.2032382,-6,2,-135
1767171940.2132382,-2,4,-138
1767171940.2232382,0,2,-140
1767171940.2332382,1,2,-138
1767171940.2432382,9,-2,-142
1767171940.2532382,8,0,-139
1767171940.2632382,8,0,-141
1767171940.2732382,4,1,-145
1767171940.2832382,3,2,-145
1767171940.2932382,5,-1,-147
1767171940.3032382,6,-3,-145
1767171940.313238,7,-2,-145
1767171940.323238,2,0,-146
1767171940.333238,0,3,-142
1767171940.343238,0,1,-148
1767171940.353238,1,3,-145
1767171940.363238,2,6,-145
1767171940.373238,1,2,-146
1767171940.383238,0,0,-144
1767171940.393238,0,4,-145
1767171940.403238,-3,5,-147
1767171940.413238,-2,3,-149
1767171940.423238,-1,2,-144
1767171940.4332385,0,0,-144
1767171940.4432385,-1,-1,-146
1767171940.4532382,-1,0,-150
1767171940.4632382,0,1,-148
1767171940.4732382,-3,-2,-149
1767171940.4832382,-3,-3,-148
1767171940.4932382,-8,-1,-146
1767171940.5032382,-8,-3,-145
1767171940.5132382,-9,1,-146
1767171940.5232382,-6,-1,-146
1767171940.5332382,-5,-3,-152
1767171940.5432382,-6,-3,-152
1767171940.5532382,0,0,-151
1767171940.563238,0,-3,-149
1767171940.573238,3,0,-145
1767171940.583238,8,-2,-147
1767171940.593238,5,-2,-145
1767171940.603238,3,-1,-144
1767171940.613238,2,0,-145
1767171940.6242385,4,0,-139
1767171940.633238,0,0,-138
1767171940.643238,0,-2,-140
1767171940.6542382,1,0,-141
1767171940.6642382,1,-1,-136
1767171940.6742382,4,-4,-136
1767171940.6842382,4,-3,-146
1767171940.6942382,6,0,-156
1767171940.7042382,7,0,-158
1767171940.7142382,3,3,-154
1767171940.7242382,2,4,-143
1767171940.734238,2,3,-138
1767171940.744238,7,1,-134
1767171940.754238,4,1,-145
1767171940.764238,2,0,-149
1767171940.774238,-2,-2,-145
1767171940.784238,0,-4,-145
1767171940.794238,-2,-2,-142
1767171940.804238,-4,-1,-148
1767171940.814238,-2,0,-149
1767171940.824238,-2,0,-140
1767171940.834238,-10,0,-140
1767171940.844238,-14,0,-132
1767171940.8542385,-6,-5,-131
1767171940.8642385,0,-6,-137
1767171940.8742385,3,-5,-137
1767171940.8842382,2,0,-141
1767171940.8942382,1,0,-140
1767171940.9042382,6,3,-143
1767171940.9142382,3,1,-141
1767171940.9242382,0,0,-142
1767171940.9342382,-1,-1,-144
1767171940.9442382,0,-1,-144
1767171940.9542382,-4,-5,-146
1767171940.9642382,-5,-4,-153
1767171940.9742382,-2,-2,-152
1767171940.984238,-3,-1,-156
1767171940.994238,1,3,-160
1767171941.004238,2,3,-156
1767171941.014238,-1,-2,-152
1767171941.024238,0,0,-149
1767171941.034238,-1,0,-146
1767171941.044238,-1,1,-149
1767171941.054238,-2,0,-149
1767171941.064238,-2,0,-155
1767171941.074238,-1,-2,-160
1767171941.084238,-4,0,-151
1767171941.094238,-3,0,-150
1767171941.1042385,-2,0,-153
1767171941.1142385,-5,4,-157
1767171941.1242385,-2,6,-159
1767171941.1342382,-1,4,-163
1767171941.1442382,-1,3,-160
1767171941.1542382,-1,3,-155
1767171941.1642382,3,5,-152
1767171941.1742382,4,1,-148
1767171941.1842382,5,0,-143
1767171941.1942382,2,-1,-138
1767171941.2042382,5,-1,-140
1767171941.2142382,5,-3,-142
1767171941.2242382,12,-6,-149
1767171941.234238,19,-7,-149
1767171941.244238,17,-5,-149
1767171941.254238,11,-6,-151
1767171941.264238,6,-9,-143
1767171941.274238,4,-8,-136
1767171941.284238,2,-3,-138
1767171941.294238,1,-4,-147
1767171941.304238,2,-4,-145
1767171941.314238,5,-2,-152
1767171941.324238,0,-3,-152
1767171941.334238,2,-7,-150
1767171941.344238,0,-6,-149
1767171941.3542385,1,-8,-149
1767171941.3642385,1,-7,-150
1767171941.3742385,3,-7,-153
1767171941.3842382,6,-7,-149
1767171941.3942382,1,-6,-151
1767171941.4042382,2,-7,-144
1767171941.4142382,0,-5,-145
1767171941.4242382,-5,-5,-135
1767171941.4342382,-4,-1,-133
1767171941.4442382,0,0,-132
1767171941.4542382,2,3,-130
1767171941.4642382,1,0,-131
1767171941.4742382,-3,-4,-132
1767171941.484238,-2,-2,-127
1767171941.494238,-2,-3,-137
1767171941.504238,-2,-6,-137
1767171941.514238,-2,-4,-140
1767171941.524238,0,1,-144
1767171941.534238,-1,1,-146
1767171941.544238,-1,0,-142
1767171941.554238,-1,-1,-143
1767171941.564238,1,-1,-152
1767171941.574238,3,1,-152
1767171941.584238,3,5,-151
1767171941.594238,1,3,-144
1767171941.6042385,0,0,-147
1767171941.6142385,-1,-2,-144
1767171941.6242385,0,-2,-146
1767171941.6342382,-1,-1,-152
1767171941.6442382,1,-2,-158
1767171941.6542382,0,0,-161
1767171941.6642382,1,0,-162
1767171941.6742382,1,-1,-158
1767171941.6842382,0,-1,-162
1767171941.6942382,1,-2,-152
1767171941.7042382,-1,0,-150
1767171941.7142382,-3,3,-148
1767171941.7242382,1,4,-148
1767171941.734238,2,4,-153
1767171941.744238,0,-1,-162
1767171941.754238,-4,1,-160
1767171941.764238,-6,3,-153
1767171941.774238,-4,1,-151
1767171941.784238,-3,0,-149
1767171941.794238,-3,2,-143
1767171941.804238,-8,1,-145
1767171941.814238,-3,1,-155
1767171941.824238,1,1,-159
1767171941.834238,3,1,-160
1767171941.844238,5,-2,-160
1767171941.8542385,3,-5,-157
1767171941.8642385,2,-5,-159
1767171941.8742385,1,-2,-163
1767171941.8842382,-1,1,-159
1767171941.8942382,0,-1,-148
1767171941.9042382,-2,-5,-145
1767171941.9142382,-4,-6,-146
1767171941.9242382,-2,-1,-142
1767171941.9342382,-2,-6,-146
1767171941.9442382,0,-5,-147
1767171941.9542382,-3,-5,-142
1767171941.9642382,-1,-9,-143
1767171941.9742382,1,-5,-142
1767171941.984238,0,-4,-144
1767171941.994238,-1,-4,-140
1767171942.004238,-1,-3,-139
1767171942.014238,0,-3,-140
1767171942.024238,-2,-2,-140
1767171942.034238,0,-4,-138
1767171942.044238,-1,-4,-146
1767171942.054238,-8,-4,-145
1767171942.064238,-9,-3,-142
1767171942.074238,-8,-3,-147
1767171942.084238,-10,-6,-134
1767171942.094238,-5,-1,-131
1767171942.1042385,-5,-1,-133
1767171942.1142385,0,0,-140
1767171942.1242385,3,4,-144
1767171942.1342382,0,7,-151
1767171942.1442382,1,4,-149
1767171942.1542382,0,3,-144
1767171942.1642382,3,7,-138
1767171942.1742382,7,3,-143
1767171942.1842382,7,0,-136
1767171942.1942382,4,0,-139
1767171942.2042382,-2,0,-142
1767171942.2142382,0,1,-142
1767171942.2242382,-1,0,-134
1767171947.258238,2,-2,-139
1767171947.2662382,3,-1,-140
1767171947.2762382,1,0,-141
1767171947.2862382,-3,2,-137
1767171947.2962382,-5,-1,-141
1767171947.3062382,-7,0,-146
1767171947.3162382,-8,0,-153
1767171947.3262382,-7,0,-152
1767171947.336238,-1,0,-152
1767171947.346238,-4,-1,-157
1767171947.356238,-3,-1,-158
1767171947.366238,-1,-1,-158
1767171947.376238,0,1,-152
1767171947.386238,-4,0,-149
1767171947.396238,-9,0,-154
1767171947.406238,-4,-4,-151
1767171947.416238,-6,-3,-144
1767171947.426238,-4,0,-149
1767171947.436238,-3,0,-153
1767171947.446238,-3,-2,-161
1767171947.4562385,-3,-3,-154
1767171947.4662385,-2,-6,-147
1767171947.4762385,-1,-2,-140
1767171947.4862382,0,0,-143
1767171947.4962382,0,-1,-151
1767171947.5062382,1,-2,-147
1767171947.5162382,1,0,-139
1767171947.5262382,-1,1,-137
1767171947.5362382,-3,1,-142
1767171947.5462382,-1,0,-144
1767171947.5562382,-2,0,-142
1767171947.5662382,0,-5,-139
1767171947.5762382,-2,-5,-143
1767171947.586238,-1,-8,-145
1767171947.596238,0,-8,-147
1767171947.606238,1,-8,-145
1767171947.616238,1,-2,-154
1767171947.626238,-2,0,-157
1767171947.636238,1,0,-152
1767171947.646238,1,-1,-145
1767171947.656238,3,-1,-144
1767171947.666238,8,0,-151
1767171947.676238,11,-2,-150
1767171947.686238,10,-1,-148
1767171947.696238,10,-2,-143
1767171947.7062385,6,-4,-142
1767171947.7162385,7,-9,-141
1767171947.7262385,1,-13,-151
1767171947.7362382,-5,-13,-148
1767171947.7462382,-3,-11,-149
1767171947.7562382,1,-9,-152
1767171947.7662382,4,-8,-151
1767171947.7762382,-3,-6,-152
1767171947.7862382,-3,-3,-145
1767171947.7962382,-5,-4,-142
1767171947.8062382,-3,-1,-146
1767171947.8162382,-4,-2,-141
1767171947.8262382,-6,-6,-135
1767171947.836238,1,-6,-137
1767171947.846238,2,-6,-136
1767171947.856238,1,-4,-141
1767171947.866238,1,-1,-144
1767171947.876238,0,-3,-143
1767171947.886238,-4,-4,-139
1767171947.896238,0,-4,-140
1767171947.906238,1,-7,-142
1767171947.916238,6,-9,-141
1767171947.926238,4,-7,-140
1767171947.936238,6,-6,-141
1767171947.946238,0,-5,-143
1767171947.9562385,-3,-1,-145
1767171947.9662385,-2,-4,-153
1767171947.9762385,0,-4,-161
1767171947.9862382,0,-3,-156
1767171947.9962382,2,-4,-158
1767171948.0062382,4,-7,-152
1767171948.0162382,1,-5,-153
1767171948.0262382,0,-11,-152
1767171948.0362382,0,-14,-149
1767171948.0462382,-1,-10,-147
1767171948.0562382,0,-4,-154
1767171948.0662382,0,-4,-149
1767171948.0762382,-1,-4,-146
1767171948.086238,0,-4,-142
1767171948.096238,3,-2,-139
1767171948.106238,2,-2,-144
1767171948.116238,0,0,-148
1767171948.126238,-4,-2,-151
1767171948.136238,-4,0,-141
1767171948.146238,-2,-1,-145
1767171948.156238,-4,0,-141
1767171948.166238,-6,2,-142
1767171948.176238,-1,2,-148
1767171948.1872382,5,2,-150
1767171948.1972382,2,-6,-147
1767171948.2062385,0,-4,-144
1767171948.2162385,-2,-1,-141
1767171948.2272382,-4,-7,-144
1767171948.2372382,-3,-7,-142
1767171948.2462382,2,-7,-145
1767171948.257238,2,-4,-138
1767171948.267238,-1,-3,-140
1767171948.277238,-1,-6,-150
1767171948.287238,-3,-5,-149
1767171948.297238,-5,0,-147
1767171948.307238,-2,1,-153
1767171948.317238,0,-2,-151
1767171948.327238,-3,-3,-152
1767171948.337238,-2,-5,-147
1767171948.347238,-5,0,-143
1767171948.357238,-2,0,-147
1767171948.367238,-1,-2,-146
1767171948.377238,0,-3,-150
1767171948.3872385,2,-4,-146
1767171948.3972385,2,-5,-147
1767171948.4072382,1,-4,-149
1767171948.4172382,5,-7,-145
1767171948.4272382,3,-5,-143
1767171948.4372382,0,-5,-150
1767171948.4472382,-6,-6,-154
1767171948.4572382,-9,-4,-148
1767171948.4672382,-6,-6,-151
1767171948.4772382,-4,-5,-152
1767171948.4872382,-2,-5,-148
1767171948.4972382,-1,-6,-152
1767171948.507238,1,-6,-156
1767171948.517238,3,0,-158
1767171948.527238,6,0,-152
1767171948.537238,3,1,-151
1767171948.547238,7,3,-151
1767171948.557238,5,2,-148
1767171948.567238,3,-1,-143
1767171948.577238,0,-8,-141
1767171948.587238,3,-10,-139
1767171948.597238,1,-9,-132
1767171948.607238,0,-8,-136
1767171948.617238,0,-6,-141
1767171948.627238,1,-6,-139
1767171948.6372385,3,-3,-139
1767171948.6472385,2,0,-134
1767171948.6572382,3,0,-138
1767171948.6672382,6,-3,-131
1767171948.6772382,4,-5,-131
1767171948.6872382,3,-8,-136
1767171948.6972382,-1,-4,-137
1767171948.7072382,-2,-1,-143
1767171948.7172382,-4,-4,-142
1767171948.7272382,-8,-2,-152
1767171948.7372382,-8,-3,-156
1767171948.7472382,-10,-6,-156
1767171948.757238,-12,-5,-158
1767171948.767238,-5,-4,-151
1767171948.777238,-5,-5,-158
1767171948.787238,-3,-1,-157
1767171948.797238,-3,-3,-156
1767171948.807238,-5,-9,-150
1767171948.817238,-7,-3,-145
1767171948.827238,-6,-1,-148
1767171948.837238,-5,0,-146
1767171948.847238,-4,-2,-147
1767171948.857238,-3,-1,-146
1767171948.867238,-3,1,-144
1767171948.877238,1,2,-144
1767171948.8872385,4,4,-142
1767171948.8972385,2,5,-138
1767171948.9072382,-2,8,-137
1767171948.9172382,-3,6,-141
1767171948.9272382,2,1,-145
1767171948.9372382,2,0,-141
1767171948.9472382,-1,0,-141
1767171948.9572382,0,-1,-145
1767171948.9672382,-4,0,-145
1767171948.9772382,-7,2,-142
1767171948.9872382,-5,6,-143
1767171948.9972382,-2,7,-141
1767171949.007238,-2,5,-147
1767171949.017238,-4,5,-144
1767171949.027238,0,5,-145
1767171949.037238,2,3,-148
1767171949.047238,8,1,-151
1767171949.057238,7,0,-146
1767171949.067238,8,0,-150
1767171949.077238,1,-2,-154
1767171949.087238,0,-3,-155
1767171949.097238,-1,-3,-157
1767171949.107238,-2,-6,-157
1767171949.117238,-1,-8,-154
1767171949.127238,4,-8,-149
1767171949.1372385,2,-10,-153
1767171949.1472385,0,-9,-155
1767171949.1572382,3,-8,-155
1767171949.1672382,6,-4,-148
1767171949.1772382,2,-4,-150
1767171949.1872382,2,-4,-155
1767171949.1972382,1,-4,-151
1767171949.2072382,1,-1,-150
1767171949.2172382,0,4,-147
1767171949.2272382,0,0,-144
1767171949.2372382,3,3,-139
1767171949.2472382,2,3,-140
1767171949.257238,-1,0,-139
1767171949.267238,-1,1,-141
1767171949.277238,1,0,-147
1767171949.287238,2,0,-150
1767171949.297238,1,1,-155
1767171949.307238,0,2,-159
1767171949.317238,2,2,-156
1767171949.327238,1,3,-157
1767171949.337238,3,2,-159
1767171949.347238,-2,0,-158
1767171949.357238,-3,-1,-146
1767171949.367238,-1,-4,-142
1767171949.377238,-2,-4,-141
1767171949.3872385,-3,-7,-141
1767171949.3972385,-4,0,-146
1767171949.4072382,-3,3,-149
1767171949.4172382,-2,5,-154
1767171949.4272382,-6,5,-155
1767171949.4372382,-5,2,-159
1767171949.4472382,0,-1,-157
1767171949.4572382,3,-4,-160
1767171949.4672382,2,-4,-156
1767171949.4772382,0,-1,-149
1767171949.4872382,-4,-3,-143
1767171949.4972382,-3,-2,-141
1767171949.507238,-5,-2,-142
1767171949.517238,-6,-4,-148
1767171949.527238,-8,-5,-148
1767171949.537238,-9,-3,-151
1767171949.547238,-5,-5,-148
1767171949.557238,-5,-8,-144
1767171949.567238,-2,-7,-142
1767171949.577238,-5,-9,-149
1767171949.587238,-3,-6,-153
1767171949.597238,-1,-10,-149
1767171949.607238,-3,-7,-146
1767171949.617238,-2,-4,-144
1767171949.627238,-4,0,-142
1767171949.6372385,-11,-1,-140
1767171949.6472385,-4,0,-141
1767171949.6572382,0,0,-141
1767171949.6672382,0,0,-138
1767171949.6772382,4,0,-135
1767171949.6872382,0,-1,-137
1767171949.6972382,3,-3,-136
1767171949.7072382,0,-6,-140
1767171949.7172382,2,-7,-136
1767171949.7272382,3,-4,-139
1767171949.7372382,0,-1,-133
1767171949.7472382,0,-2,-140
1767171949.757238,3,-7,-145
1767171949.767238,-2,-9,-148
1767171949.777238,-6,-8,-152
1767171949.787238,-7,-7,-148
1767171949.797238,-7,-7,-144
1767171949.807238,-9,-3,-154
1767171949.817238,-5,-2,-153
1767171949.827238,0,-1,-149
1767171949.837238,0,-2,-149
1767171949.847238,-2,0,-146
1767171949.857238,-1,4,-148
1767171949.867238,-2,5,-148
1767171949.877238,0,4,-146
1767171949.8872385,-2,1,-149
1767171949.8972385,0,3,-143
1767171949.9072382,2,0,-145
1767171949.9172382,-1,0,-145
1767171949.9272382,0,-2,-141
1767171949.9372382,1,-5,-143
1767171949.9472382,2,-5,-143
1767171949.9572382,5,-5,-143
1767171949.9672382,6,-7,-141
1767171949.9772382,2,-12,-152
1767171949.9872382,1,-10,-146
1767171949.9972382,0,-11,-145
1767171950.007238,-3,-13,-144
1767171950.017238,0,-13,-150
1767171950.027238,1,-8,-149
1767171950.037238,0,-5,-151
1767171950.047238,-6,-4,-146
1767171950.057238,-6,-3,-149
1767171950.067238,-11,1,-146
1767171950.077238,-6,-2,-144
1767171950.087238,-6,-4,-146
1767171950.097238,-4,0,-147
1767171950.107238,-4,0,-151
1767171950.117238,-7,-3,-151
1767171950.127238,-7,-4,-152
1767171950.1372385,-5,-6,-145
1767171950.1472385,-6,-5,-140
1767171950.1572382,-7,-9,-137
1767171950.1672382,-4,-9,-141
1767171950.1772382,-2,-6,-145
1767171950.1872382,0,-6,-143
1767171950.1972382,-1,-1,-139
1767171950.2072382,1,-1,-142
1767171950.2172382,-2,0,-142
1767171950.2272382,0,-3,-146
1767171950.2372382,-4,-4,-146
1767171950.2472382,-5,-4,-141
1767171950.257238,-6,-1,-141
1767171950.267238,-7,0,-142
1767171950.277238,-7,0,-135
1767171950.287238,-5,-3,-136
1767171950.297238,0,-1,-145
1767171950.307238,-6,0,-146
1767171950.317238,-7,0,-144
1767171950.327238,-4,2,-142
1767171950.337238,0,2,-145
1767171950.347238,1,1,-147
1767171950.357238,1,3,-146
1767171950.367238,1,3,-142
1767171950.377238,0,0,-143
1767171950.3872385,0,0,-142
1767171950.3972385,-2,-4,-134
1767171950.4072382,0,-7,-135
1767171950.4172382,3,-6,-140
1767171950.4272382,2,-2,-140
1767171950.4372382,-2,-1,-138
1767171950.4472382,-5,-4,-140
1767171950.4572382,0,0,-137
1767171950.4672382,6,-1,-136
1767171950.4772382,1,0,-131
1767171950.4872382,0,-1,-129
1767171950.4972382,-1,-6,-132
1767171950.507238,-2,-7,-139
1767171950.517238,-2,-5,-139
1767171950.527238,-4,0,-138
1767171950.537238,-4,-1,-141
1767171950.547238,-7,-1,-137
1767171950.557238,-6,-1,-143
1767171950.567238,-6,-4,-140
1767171950.577238,-2,-5,-140
1767171950.587238,0,-5,-140
1767171950.597238,0,-6,-141
1767171950.607238,-2,-8,-140
1767171950.617238,1,-5,-144
1767171950.627238,1,-2,-150
1767171950.6372385,6,-1,-150
1767171950.6472385,3,-6,-151
1767171950.6572382,0,-7,-151
1767171950.6672382,4,-5,-147
1767171950.6772382,7,-2,-148
1767171950.6872382,7,-5,-145
1767171950.6972382,4,-4,-150
1767171950.7072382,-1,-4,-148
1767171950.7172382,-3,-2,-144
1767171950.728238,-7,-4,-140
1767171950.7372382,-6,-5,-141
1767171950.748238,-5,-5,-138
1767171950.757238,-1,-1,-135
1767171950.768238,0,-2,-131
1767171950.778238,2,-8,-133
1767171950.788238,0,-6,-132
1767171950.798238,-1,-4,-134
1767171950.8082385,-1,-3,-140
1767171950.8182385,-6,-4,-139
1767171950.8282382,-5,-4,-142
1767171950.8382382,-3,-3,-150
1767171950.8482382,-6,-6,-154
1767171950.8582382,-6,0,-154
1767171950.8682382,-3,3,-155
1767171950.8782382,-3,0,-154
1767171950.8882382,2,0,-154
1767171950.8982382,6,-4,-156
1767171950.9082382,9,-5,-158
1767171950.9182382,7,-2,-156
1767171950.9282382,3,-3,-150
1767171950.938238,-1,-4,-150
1767171950.948238,2,-8,-141
1767171950.958238,7,-6,-140
1767171950.968238,1,0,-145
1767171950.978238,-1,-1,-145
1767171950.988238,-5,-1,-145
1767171950.998238,-8,-3,-147
1767171951.008238,-5,-3,-140
1767171951.018238,0,-4,-139
1767171951.028238,0,-1,-140
1767171951.038238,0,-1,-133
1767171951.048238,3,0,-135
1767171951.0582385,7,3,-135
1767171951.0682385,4,4,-131
1767171951.0782382,3,-3,-132
1767171951.0882382,2,0,-139
1767171951.0982382,3,0,-145
1767171951.1082382,2,1,-148
1767171951.1182382,7,0,-141
1767171951.1282382,4,-1,-137
1767171951.1382382,0,0,-137
1767171951.1482382,0,3,-140
1767171951.1582382,0,0,-142
1767171951.1682382,0,2,-139
1767171951.1782382,-1,1,-139
1767171951.188238,-7,-1,-144
1767171951.198238,-1,-4,-138
1767171951.208238,-1,-3,-139
1767171951.218238,-1,-4,-140
1767171951.228238,-2,-4,-143
1767171951.238238,0,-3,-145
1767171951.248238,-3,0,-142
1767171951.258238,0,0,-148
1767171951.268238,3,0,-149
1767171951.278238,4,-1,-142
1767171951.288238,2,-5,-142
1767171951.298238,4,-5,-145
1767171951.3082385,2,-8,-141
1767171951.3182385,2,-9,-140
1767171951.3282382,5,-5,-141
1767171951.3382382,10,-4,-140
1767171951.3482382,10,-3,-138
1767171951.3582382,5,-3,-140
1767171951.3682382,2,-1,-150
1767171951.3782382,2,-1,-153
1767171951.3882382,2,4,-151
1767171951.3982382,1,2,-147
1767171951.4082382,0,2,-146
1767171951.4182382,1,-2,-144
1767171951.4282382,1,0,-145
1767171951.438238,1,0,-148
1767171951.448238,4,-5,-155
1767171951.458238,0,-9,-153
1767171951.468238,4,-6,-151
1767171951.478238,0,0,-152
1767171951.488238,1,0,-146
1767171951.498238,1,0,-148
1767171951.508238,2,1,-141
1767171951.518238,7,0,-132
1767171951.528238,13,0,-134
1767171951.538238,14,0,-139
1767171951.548238,10,-2,-140
1767171951.5582385,6,0,-146
1767171951.5682385,5,-6,-149
1767171951.5782382,3,-5,-143
1767171951.5882382,-3,-9,-142
1767171951.5982382,-3,-4,-149
1767171951.6082382,-3,-3,-147
1767171951.6182382,-5,-3,-140
1767171951.6282382,-4,0,-142
1767171951.6382382,0,2,-141
1767171951.6482382,0,0,-138
1767171951.6582382,2,-2,-135
1767171951.6682382,0,0,-139
1767171951.6782382,1,-1,-141
1767171951.688238,3,-3,-144
1767171951.698238,0,-6,-142
1767171951.708238,5,-4,-143
1767171951.718238,8,-6,-149
1767171951.728238,3,-3,-152
1767171951.738238,5,-5,-160
1767171951.748238,5,-4,-158
1767171951.758238,5,-6,-152
1767171951.768238,1,-10,-145
1767171951.778238,2,-4,-144
1767171951.788238,5,-4,-145
1767171951.798238,3,-3,-143
1767171951.8082385,0,0,-150
1767171951.8182385,0,2,-153
1767171951.8282382,4,0,-153
1767171951.8382382,2,-3,-151
1767171951.8482382,4,-1,-162
1767171951.8582382,0,-1,-163
1767171951.8682382,0,-2,-154
1767171951.8782382,-1,-3,-158
1767171951.8882382,1,1,-160
1767171951.8982382,0,0,-153
1767171951.9082382,0,-2,-149
1767171951.9182382,-3,0,-156
1767171951.9282382,-6,2,-152
1767171951.938238,-8,3,-139
1767171951.948238,-6,4,-141
1767171951.958238,-2,2,-140
1767171951.968238,-4,-2,-145
1767171951.978238,-4,-1,-140
1767171951.988238,0,-1,-138
1767171951.998238,-1,-1,-137
1767171952.008238,-1,-4,-135
1767171952.018238,-3,-4,-139
1767171952.028238,-5,-6,-133
1767171952.038238,-6,-8,-136
1767171952.048238,-2,-4,-147
1767171952.0582385,0,-2,-153
1767171952.0682385,1,-2,-149
1767171952.0782382,3,-2,-144
1767171952.0882382,3,-2,-145
1767171952.0982382,3,-4,-139
1767171952.1082382,4,-1,-139
1767171952.1182382,4,0,-147
1767171952.1282382,2,1,-149
1767171952.1382382,1,-5,-149
1767171952.1482382,1,-6,-148
1767171952.1582382,-1,-5,-138
1767171952.1682382,-1,-3,-138
1767171952.1782382,-3,-2,-148
1767171952.188238,-3,-1,-143
1767171952.198238,-5,1,-144
1767171952.208238,-3,-1,-141
1767171952.218238,-2,1,-145
1767171952.228238,-3,1,-137
1767171952.238238,-3,0,-133
1767171952.248238,-4,-3,-142
1767171957.281238,0,1,-148
1767171957.290238,-5,0,-147
1767171957.300238,-6,-5,-141
1767171957.310238,-4,-5,-137
1767171957.320238,-4,-6,-146
1767171957.330238,0,-5,-145
1767171957.340238,2,-7,-150
1767171957.350238,0,-5,-149
1767171957.360238,0,-2,-148
1767171957.370238,0,0,-144
1767171957.380238,-4,-3,-138
1767171957.390238,-3,-2,-137
1767171957.400238,-5,-3,-137
1767171957.4102385,-4,-3,-136
1767171957.4202385,1,-5,-133
1767171957.4302382,-2,-7,-140
1767171957.4402382,-3,-7,-146
1767171957.4502382,-4,-6,-145
1767171957.4602382,-7,-3,-145
1767171957.4702382,-11,-4,-154
1767171957.4802382,-2,-9,-156
1767171957.4902382,-1,-7,-150
1767171957.5002382,-1,-7,-151
1767171957.5102382,0,-4,-157
1767171957.5202382,7,-5,-160
1767171957.5302382,4,-3,-159
1767171957.540238,4,-4,-163
1767171957.550238,-3,-2,-158
1767171957.560238,-3,1,-152
1767171957.570238,-7,-2,-149
1767171957.580238,-5,-3,-147
1767171957.590238,-4,-4,-149
1767171957.600238,3,-2,-143
1767171957.610238,6,-1,-145
1767171957.620238,4,0,-146
1767171957.630238,2,1,-142
1767171957.640238,2,0,-140
1767171957.650238,5,4,-147
1767171957.6602385,1,1,-153
1767171957.6702385,-3,0,-157
1767171957.6802382,1,0,-152
1767171957.6902382,4,0,-144
1767171957.7002382,2,1,-142
1767171957.7102382,-1,0,-147
1767171957.7202382,-2,-5,-147
1767171957.7302382,-3,-1,-143
1767171957.7402382,4,0,-149
1767171957.7502382,2,0,-147
1767171957.7602382,5,1,-140
1767171957.7702382,4,2,-137
1767171957.7802382,2,7,-135
1767171957.790238,3,8,-133
1767171957.800238,4,7,-131
1767171957.810238,3,0,-141
1767171957.820238,3,1,-147
1767171957.830238,3,-4,-148
1767171957.840238,3,-5,-144
1767171957.850238,3,-1,-147
1767171957.860238,0,-2,-154
1767171957.870238,-6,-2,-157
1767171957.880238,0,-6,-155
1767171957.890238,2,-7,-155
1767171957.900238,4,-8,-147
1767171957.9102385,1,-7,-144
1767171957.9202385,0,-8,-152
1767171957.9302382,2,-4,-152
1767171957.9402382,-1,0,-152
1767171957.9502382,0,0,-151
1767171957.9602382,-1,1,-146
1767171957.9702382,-4,0,-146
1767171957.9802382,-5,3,-149
1767171957.9902382,0,-1,-151
1767171958.0002382,3,-2,-152
1767171958.0102382,8,-1,-151
1767171958.0202382,5,0,-149
1767171958.0302382,7,2,-149
1767171958.040238,3,2,-145
1767171958.050238,3,0,-146
1767171958.060238,6,0,-150
1767171958.070238,5,0,-151
1767171958.080238,2,-2,-147
1767171958.090238,2,0,-154
1767171958.100238,6,-3,-149
1767171958.110238,7,-6,-150
1767171958.120238,2,-8,-151
1767171958.130238,1,-8,-151
1767171958.140238,0,-8,-150
1767171958.150238,1,-4,-149
1767171958.1602385,3,0,-151
1767171958.1702385,2,0,-148
1767171958.1802382,7,2,-149
1767171958.1902382,9,6,-150
1767171958.2002382,5,5,-146
1767171958.2102382,3,0,-143
1767171958.2202382,0,2,-140
1767171958.2302382,0,-1,-144
1767171958.2402382,0,-1,-141
1767171958.2502382,-3,-3,-142
1767171958.2602382,-2,0,-137
1767171958.2702382,-5,-2,-137
1767171958.2802382,-3,-1,-145
1767171958.290238,-2,0,-141
1767171958.300238,-3,0,-146
1767171958.311238,0,3,-145
1767171958.320238,-2,3,-143
1767171958.330238,-1,1,-142
1767171958.3412385,-3,2,-138
1767171958.3512385,-3,1,-142
1767171958.3612382,-3,-1,-136
1767171958.3712382,-3,2,-143
1767171958.3812382,-5,2,-148
1767171958.3912382,-4,4,-150
1767171958.4012382,0,4,-154
1767171958.4112382,4,1,-154
1767171958.4212382,3,0,-153
1767171958.4312382,4,0,-147
1767171958.4412382,2,0,-149
1767171958.4512382,0,0,-145
1767171958.461238,2,0,-146
1767171958.471238,5,0,-145
1767171958.481238,7,-1,-148
1767171958.491238,5,0,-153
1767171958.501238,2,0,-159
1767171958.511238,6,0,-159
1767171958.521238,1,0,-154
1767171958.531238,0,0,-148
1767171958.541238,0,1,-147
1767171958.551238,0,-1,-143
1767171958.561238,0,2,-146
1767171958.571238,-1,4,-148
1767171958.5812385,1,1,-149
1767171958.5912385,3,2,-149
1767171958.6012385,0,4,-146
1767171958.6112382,-1,4,-145
1767171958.6212382,0,1,-143
1767171958.6312382,3,0,-146
1767171958.6412382,-1,4,-135
1767171958.6512382,-1,6,-134
1767171958.6612382,-7,1,-141
1767171958.6712382,-5,1,-143
1767171958.6812382,-5,2,-144
1767171958.6912382,0,6,-144
1767171958.7012382,-4,1,-150
1767171958.711238,-11,-5,-155
1767171958.721238,-9,-3,-156
1767171958.731238,-5,-3,-152
1767171958.741238,-6,-4,-142
1767171958.751238,-2,-3,-136
1767171958.761238,0,0,-133
1767171958.771238,0,1,-136
1767171958.781238,0,-1,-142
1767171958.791238,-1,0,-146
1767171958.801238,-4,-3,-151
1767171958.811238,-2,-5,-148
1767171958.821238,-1,-10,-151
1767171958.8312385,-2,-5,-147
1767171958.8412385,-2,-4,-143
1767171958.8512385,-6,-3,-142
1767171958.8612382,-8,-5,-142
1767171958.8712382,-4,-5,-137
1767171958.8812382,-5,-3,-140
1767171958.8912382,-9,-3,-145
1767171958.9012382,-8,-4,-155
1767171958.9112382,-2,-4,-156
1767171958.9212382,-3,0,-154
1767171958.9312382,0,-2,-150
1767171958.9412382,0,-4,-145
1767171958.9512382,-1,-4,-148
1767171958.961238,-3,-3,-147
1767171958.971238,0,-4,-155
1767171958.981238,0,-2,-156
1767171958.991238,0,0,-156
1767171959.001238,-1,0,-150
1767171959.011238,-1,4,-147
1767171959.021238,0,1,-145
1767171959.031238,-2,3,-142
1767171959.041238,-5,4,-141
1767171959.051238,-4,5,-141
1767171959.061238,-8,0,-143
1767171959.071238,-9,-3,-145
1767171959.0812385,-7,-2,-146
1767171959.0912385,-1,-2,-140
1767171959.1012385,0,-5,-138
1767171959.1112382,-2,0,-136
1767171959.1212382,1,-1,-134
1767171959.1312382,-2,-1,-134
1767171959.1412382,0,1,-135
1767171959.1512382,2,3,-147
1767171959.1612382,0,4,-151
1767171959.1712382,1,3,-145
1767171959.1812382,4,2,-149
1767171959.1912382,2,2,-148
1767171959.2012382,0,2,-143
1767171959.211238,2,-1,-145
1767171959.221238,1,1,-150
1767171959.231238,6,0,-151
1767171959.241238,10,2,-148
1767171959.251238,11,-3,-152
1767171959.261238,5,-8,-143
1767171959.271238,2,-7,-146
1767171959.281238,2,-3,-147
1767171959.291238,3,0,-148
1767171959.301238,-1,0,-154
1767171959.311238,0,-4,-157
1767171959.321238,2,-3,-156
1767171959.3312385,1,-3,-150
1767171959.3412385,-3,-5,-145
1767171959.3512385,-6,-3,-148
1767171959.3612382,-5,-2,-149
1767171959.3712382,0,0,-148
1767171959.3812382,5,-4,-150
1767171959.3912382,3,-3,-153
1767171959.4012382,-3,-2,-155
1767171959.4112382,0,-4,-151
1767171959.4212382,0,-5,-143
1767171959.4312382,-4,-5,-142
1767171959.4412382,-2,-1,-144
1767171959.4512382,-1,-2,-143
1767171959.461238,0,-4,-143
1767171959.471238,-1,-4,-149
1767171959.481238,-3,-6,-147
1767171959.491238,-8,-7,-142
1767171959.501238,-5,-6,-138
1767171959.511238,-1,-2,-147
1767171959.521238,0,-2,-149
1767171959.531238,-2,-5,-149
1767171959.541238,3,-5,-151
1767171959.551238,0,0,-149
1767171959.561238,-1,-1,-137
1767171959.571238,0,-3,-141
1767171959.5812385,0,-4,-141
1767171959.5912385,1,-1,-144
1767171959.6012385,4,-2,-145
1767171959.6112382,0,-3,-141
1767171959.6212382,-2,1,-136
1767171959.6312382,0,0,-140
1767171959.6412382,0,3,-142
1767171959.6512382,0,0,-147
1767171959.6612382,1,0,-152
1767171959.6712382,0,-2,-151
1767171959.6812382,-2,-1,-150
1767171959.6912382,-4,1,-157
1767171959.7012382,-3,-3,-155
1767171959.711238,-7,-3,-158
1767171959.721238,-6,-3,-154
1767171959.731238,-3,-3,-147
1767171959.741238,-1,-5,-142
1767171959.751238,-5,-9,-146
1767171959.761238,1,-5,-142
1767171959.771238,0,0,-140
1767171959.781238,0,-1,-140
1767171959.791238,0,-4,-137
1767171959.801238,-3,-3,-136
1767171959.811238,-1,1,-140
1767171959.821238,-3,2,-137
1767171959.8312385,0,-1,-138
1767171959.8412385,4,-1,-137
1767171959.8512385,3,4,-136
1767171959.8612382,2,1,-135
1767171959.8712382,4,-1,-137
1767171959.8812382,0,-4,-136
1767171959.8912382,-1,-6,-137
1767171959.9012382,-7,-7,-138
1767171959.9112382,-8,-7,-146
1767171959.9212382,-4,-8,-153
1767171959.9312382,-1,-6,-156
1767171959.9412382,0,0,-155
1767171959.9512382,4,-1,-147
1767171959.961238,5,-2,-144
1767171959.971238,0,-3,-140
1767171959.981238,-6,-1,-144
1767171959.991238,-10,-1,-145
1767171960.001238,-9,2,-152
1767171960.011238,-7,2,-146
1767171960.021238,0,3,-144
1767171960.031238,0,6,-138
1767171960.041238,0,5,-141
1767171960.051238,-6,3,-146
1767171960.061238,-9,4,-144
1767171960.071238,-9,6,-147
1767171960.0812385,-7,3,-147
1767171960.0912385,-4,3,-143
1767171960.1012385,-3,2,-149
1767171960.1112382,-4,-2,-153
1767171960.1212382,3,0,-146
1767171960.1312382,2,-1,-141
1767171960.1412382,7,0,-141
1767171960.1512382,1,1,-137
1767171960.1612382,-1,-1,-137
1767171960.1712382,-3,1,-145
1767171960.1812382,-1,-1,-144
1767171960.1912382,2,0,-141
1767171960.2012382,3,2,-135
1767171960.211238,0,2,-142
1767171960.221238,-3,2,-145
1767171960.231238,1,1,-145
1767171960.241238,4,2,-144
1767171960.251238,3,2,-146
1767171960.261238,3,-1,-147
1767171960.271238,2,-2,-149
1767171960.281238,-4,2,-149
1767171960.291238,-6,0,-147
1767171960.301238,-6,-3,-150
1767171960.311238,-3,-4,-146
1767171960.321238,-2,-4,-141
1767171960.3312385,0,-3,-147
1767171960.3412385,4,-3,-150
1767171960.3512385,3,-4,-147
1767171960.3612382,3,-2,-147
1767171960.3712382,5,0,-140
1767171960.3812382,2,1,-142
1767171960.3912382,1,2,-143
1767171960.4012382,-3,0,-143
1767171960.4112382,-4,0,-149
1767171960.4212382,0,3,-152
1767171960.4312382,3,0,-151
1767171960.4412382,1,-1,-153
1767171960.4512382,4,-2,-149
1767171960.461238,5,-2,-148
1767171960.471238,4,-3,-149
1767171960.481238,2,-3,-154
1767171960.491238,3,0,-150
1767171960.501238,3,-2,-150
1767171960.511238,6,-1,-152
1767171960.521238,10,1,-150
1767171960.531238,5,0,-148
1767171960.541238,3,-2,-144
1767171960.551238,0,-1,-142
1767171960.561238,3,-1,-141
1767171960.571238,0,-3,-141
1767171960.5812385,0,-7,-140
1767171960.5912385,-2,-7,-137
1767171960.6012385,-5,-8,-138
1767171960.6112382,-9,-1,-136
1767171960.6212382,-9,3,-142
1767171960.6312382,-3,1,-146
1767171960.6412382,0,1,-143
1767171960.6512382,2,0,-141
1767171960.6612382,5,-1,-138
1767171960.6712382,5,-1,-137
1767171960.6812382,4,0,-134
1767171960.6912382,-1,1,-134
1767171960.7012382,-2,4,-138
1767171960.711238,0,1,-146
1767171960.721238,-1,0,-149
1767171960.731238,0,-3,-158
1767171960.741238,0,0,-153
1767171960.751238,-1,-1,-149
1767171960.761238,-1,0,-149
1767171960.771238,0,0,-145
1767171960.781238,0,-2,-149
1767171960.791238,-4,-3,-149
1767171960.801238,-7,-5,-149
1767171960.811238,-2,-8,-146
1767171960.821238,-3,-7,-146
1767171960.8312385,0,-7,-144
1767171960.8412385,6,-4,-150
1767171960.8522382,7,-6,-145
1767171960.8622382,8,-5,-144
1767171960.8722382,6,-7,-147
1767171960.882238,4,-4,-153
1767171960.892238,6,-5,-150
1767171960.902238,2,-8,-151
1767171960.912238,1,-9,-146
1767171960.922238,2,-6,-144
1767171960.932238,0,-6,-149
1767171960.942238,7,-6,-148
1767171960.952238,10,-1,-143
1767171960.962238,9,2,-148
1767171960.972238,6,1,-148
1767171960.982238,4,0,-144
1767171960.992238,2,-1,-144
1767171961.002238,-1,1,-148
1767171961.0122385,-3,0,-150
1767171961.0222385,1,-1,-146
1767171961.0322382,1,0,-151
1767171961.0422382,4,2,-145
1767171961.0522382,4,-1,-143
1767171961.0622382,3,-1,-140
1767171961.0722382,4,2,-149
1767171961.0822382,4,2,-144
1767171961.0922382,-1,0,-147
1767171961.1022382,0,-3,-143
1767171961.1122382,-1,-4,-142
1767171961.1222382,-2,-4,-145
1767171961.132238,0,-2,-141
1767171961.142238,-4,-1,-139
1767171961.152238,0,-4,-141
1767171961.162238,0,-5,-140
1767171961.172238,0,-3,-138
1767171961.182238,0,-3,-134
1767171961.192238,1,-1,-134
1767171961.202238,-6,0,-140
1767171961.212238,-4,-1,-143
1767171961.222238,-3,0,-146
1767171961.232238,-2,-2,-144
1767171961.242238,-4,-2,-141
1767171961.252238,-6,0,-145
1767171961.2622385,-1,0,-142
1767171961.2722385,0,-2,-143
1767171961.2822382,1,0,-148
1767171961.2922382,2,-1,-149
1767171961.3022382,4,-4,-151
1767171961.3122382,4,-2,-149
1767171961.3222382,1,0,-148
1767171961.3322382,1,0,-147
1767171961.3422382,2,-2,-147
1767171961.3522382,0,-3,-138
1767171961.3622382,0,-5,-140
1767171961.3722382,-6,-2,-133
1767171961.382238,-1,-3,-135
1767171961.392238,0,-3,-138
1767171961.402238,1,-2,-137
1767171961.412238,1,0,-133
1767171961.422238,0,4,-134
1767171961.432238,-3,2,-140
1767171961.442238,0,5,-137
1767171961.452238,3,1,-135
1767171961.462238,3,-3,-142
1767171961.472238,2,-3,-141
1767171961.482238,0,0,-142
1767171961.492238,4,-3,-143
1767171961.502238,-1,-6,-135
1767171961.5122385,0,-4,-138
1767171961.5222385,0,-3,-135
1767171961.5322382,-2,0,-145
1767171961.5422382,-4,-1,-146
1767171961.5522382,-3,-1,-151
1767171961.5622382,-2,-1,-152
1767171961.5722382,-4,2,-146
1767171961.5822382,-2,2,-140
1767171961.5922382,-1,2,-143
1767171961.6022382,1,3,-148
1767171961.6122382,5,7,-145
1767171961.6222382,7,2,-147
1767171961.632238,6,0,-143
1767171961.642238,6,-1,-146
1767171961.652238,0,-2,-154
1767171961.662238,3,1,-143
1767171961.672238,3,3,-140
1767171961.682238,5,5,-146
1767171961.692238,7,6,-144
1767171961.702238,8,8,-146
1767171961.712238,5,7,-141
1767171961.722238,3,5,-143
1767171961.732238,-1,3,-144
1767171961.742238,-1,1,-145
1767171961.752238,0,-3,-145
1767171961.7622385,1,-8,-140
1767171961.7722385,0,-6,-146
1767171961.7822382,3,-3,-136
1767171961.7922382,5,0,-135
1767171961.8022382,7,0,-138
1767171961.8122382,7,0,-141
1767171961.8222382,5,-1,-140
1767171961.8322382,6,-2,-143
1767171961.8422382,2,-7,-138
1767171961.8522382,0,-3,-141
1767171961.8622382,2,-6,-144
1767171961.8722382,4,-11,-142
1767171961.882238,0,-7,-139
1767171961.892238,1,-3,-148
1767171961.902238,4,-3,-140
1767171961.912238,3,-3,-134
1767171961.922238,-3,-3,-135
1767171961.932238,-5,-3,-132
1767171961.942238,-7,-4,-139
1767171961.952238,-7,-5,-137
1767171961.962238,-8,-4,-146
1767171961.972238,-8,0,-144
1767171961.982238,-1,0,-147
1767171961.992238,-6,0,-154
1767171962.002238,-4,-1,-149
1767171962.0122385,-3,-1,-139
1767171962.0222385,-2,0,-135
1767171962.0322382,-1,0,-135
1767171962.0422382,-2,-2,-137
1767171962.0522382,-1,0,-130
1767171962.0622382,-3,-1,-135
1767171962.0722382,-3,2,-141
1767171962.0822382,-1,0,-139
1767171962.0922382,-3,-3,-146
1767171962.1022382,-4,-6,-149
1767171962.1122382,-2,-3,-150
1767171962.1222382,-3,0,-151
1767171962.132238,2,0,-153
1767171962.142238,-1,1,-152
1767171962.152238,0,1,-150
1767171962.162238,-1,1,-149
1767171962.172238,-2,-2,-149
1767171962.182238,-1,-3,-150
1767171962.192238,0,0,-151
1767171962.202238,2,-2,-149
1767171962.212238,2,-3,-147
1767171962.222238,3,0,-145
1767171962.232238,5,-2,-141
1767171962.242238,4,-3,-141
1767171962.252238,0,0,-137
1767171962.2622385,-3,1,-130
1767171962.2722385,0,-3,-133
1767171962.294238,3,-2,-148
1767171962.3022382,3,-1,-145
1767171962.3122382,1,-1,-150
1767171962.3222382,0,1,-152
1767171962.3322382,3,0,-154
1767171962.3422382,10,-2,-154
1767171962.3522382,7,-5,-153
1767171962.3622382,5,-2,-145
1767171962.3722382,2,0,-145
1767171962.382238,1,1,-150
1767171962.392238,0,4,-150
1767171962.402238,0,2,-152
1767171962.412238,2,-2,-148
1767171962.422238,5,-2,-147
1767171962.432238,9,0,-143
1767171962.442238,4,0,-139
1767171962.452238,0,-1,-135
1767171962.462238,0,-1,-133
1767171962.472238,-1,-2,-140
1767171962.482238,-6,-5,-150
1767171962.492238,-5,-4,-145
1767171962.502238,-2,-2,-140
1767171962.5122385,0,-1,-146
1767171962.5222385,0,-1,-148
1767171962.5322382,-1,0,-147
1767171962.5422382,-2,1,-149
1767171962.5522382,-2,2,-146
1767171962.5622382,-9,5,-140
1767171962.5722382,-9,5,-145
1767171962.5822382,-9,4,-143
1767171962.5922382,-6,0,-140
1767171962.6022382,-8,-2,-137
1767171962.6122382,-6,-1,-137
1767171962.6222382,-9,2,-133
1767171962.632238,-7,3,-140
1767171962.642238,-7,1,-143
1767171962.652238,-11,0,-141
1767171962.662238,-11,2,-143
1767171962.672238,-6,1,-146
1767171962.682238,-2,0,-151
1767171962.692238,-1,-1,-152
1767171962.702238,2,-1,-148
1767171962.712238,2,-5,-143
1767171962.722238,1,-4,-148
1767171962.732238,0,-3,-148
1767171962.742238,-2,-1,-140
1767171962.752238,-3,-2,-144
1767171962.7622385,-2,-5,-144
1767171962.7722385,0,-2,-145
1767171962.7822382,0,-3,-145
1767171962.7922382,-2,-7,-146
1767171962.8022382,-1,-4,-150
1767171962.8122382,1,-6,-154
1767171962.8222382,-1,-7,-153
1767171962.8322382,0,-8,-153
1767171962.8422382,-1,-6,-152
1767171962.8522382,-4,-5,-148
1767171962.8622382,-3,-4,-149
1767171962.8722382,-5,-1,-150
1767171962.882238,-1,0,-153
1767171962.892238,1,0,-144
1767171962.902238,4,-2,-140
1767171962.912238,4,-5,-141
1767171962.922238,3,-5,-146
1767171962.932238,2,-2,-141
1767171962.942238,2,-5,-147
1767171962.952238,-2,-3,-146
1767171962.962238,-3,-1,-144
1767171962.972238,-2,-2,-142
1767171962.982238,-5,0,-143
1767171962.992238,-2,1,-146
1767171963.002238,-3,0,-145
1767171963.0122385,-7,0,-146
1767171963.0222385,-7,0,-150
1767171963.0322382,-5,-1,-148
1767171963.0422382,-7,-4,-147
1767171963.0522382,-6,-6,-147
1767171963.0622382,-5,-4,-148
1767171963.0722382,0,-3,-151
1767171963.0822382,2,-2,-150
1767171963.0922382,1,0,-151
1767171963.1022382,0,3,-148
1767171963.1122382,-4,1,-148
1767171963.1222382,-5,1,-151
1767171963.132238,-8,1,-143
1767171963.142238,-2,2,-142
1767171963.152238,-2,5,-142
1767171963.162238,1,2,-147
1767171963.172238,2,7,-146
1767171963.182238,2,12,-152
1767171963.192238,-1,10,-149
1767171963.202238,-6,6,-149
1767171963.212238,-8,2,-145
1767171963.222238,-2,-3,-149
1767171963.232238,-1,0,-156
1767171963.242238,-2,0,-150
1767171963.252238,-3,-1,-148
1767171963.2622385,-3,2,-156
1767171963.2722385,-4,0,-155
1767171963.2822382,-2,-2,-154
1767171963.2922382,2,-2,-155
1767171963.3022382,2,-1,-151
1767171963.313238,2,-1,-150
1767171963.3222382,3,0,-147
1767171963.3322382,3,1,-149
1767171963.3422382,3,1,-145
1767171963.3522382,1,0,-148
1767171963.3622382,-1,0,-152
1767171963.3722382,-1,0,-154
1767171963.383238,0,0,-148
1767171963.393238,3,4,-145
1767171963.403238,0,1,-140
1767171963.413238,-2,2,-143
1767171963.423238,4,0,-145
1767171963.4332385,7,1,-144
1767171963.4432385,4,1,-141
1767171963.4532382,2,1,-141
1767171963.4632382,0,-1,-139
1767171963.4732382,-2,2,-137
1767171963.4832382,-3,2,-144
1767171963.4932382,-7,-1,-145
1767171963.5032382,-9,1,-148
1767171963.5132382,-5,-4,-149
1767171963.5232382,-5,-4,-144
1767171963.5332382,-7,-1,-135
1767171963.5432382,-6,-2,-138
1767171963.5532382,-9,0,-141
1767171963.563238,-7,0,-141
1767171963.573238,-1,1,-143
1767171963.583238,-4,1,-140
1767171963.593238,-8,-1,-138
1767171963.603238,-6,-1,-138
1767171963.613238,-2,-4,-140
1767171963.623238,0,-4,-143
1767171963.633238,0,-2,-140
1767171963.643238,1,-5,-140
1767171963.653238,-1,-8,-136
1767171963.663238,-4,-4,-135
1767171963.673238,-4,0,-131
1767171963.6832385,4,3,-129
1767171963.6932385,8,0,-132
1767171963.7032382,4,-1,-135
1767171963.7132382,4,-1,-138
1767171963.7232382,1,-2,-140
1767171963.7332382,-2,-3,-145
1767171963.7432382,0,-4,-147
1767171963.7532382,-1,-3,-145
1767171963.7632382,-1,-2,-146
1767171963.7732382,-4,-4,-140
1767171963.7832382,-3,-1,-143
1767171963.7932382,0,0,-146
1767171963.8032382,0,0,-141
1767171963.813238,-2,-1,-146
1767171963.823238,1,-1,-146
1767171963.833238,6,1,-142
1767171963.843238,2,-3,-144
1767171963.853238,1,-3,-149
1767171963.863238,3,-4,-154
1767171963.873238,6,-6,-147
1767171963.883238,1,-7,-146
1767171963.893238,0,-6,-147
1767171963.903238,-2,-4,-150
1767171963.913238,-2,-2,-144
1767171963.923238,-3,-6,-137
1767171963.9332385,-3,-9,-147
1767171963.9432385,1,-8,-145
1767171963.9532382,-1,-3,-144
1767171963.9632382,-1,-4,-135
1767171963.9732382,-3,-7,-135
1767171963.9832382,-2,-11,-137
1767171963.9932382,-5,-10,-132
1767171964.0032382,-5,-8,-129
1767171964.0132382,-2,-5,-133
1767171964.0232382,-4,-6,-134
1767171964.0332382,0,-7,-134
1767171964.0432382,3,-2,-135
1767171964.0532382,0,-2,-143
1767171964.063238,0,-5,-144
1767171964.073238,-2,-1,-146
1767171964.083238,1,1,-148
1767171964.093238,1,1,-144
1767171964.103238,0,1,-142
1767171964.113238,3,0,-146
1767171964.123238,6,-5,-140
1767171964.133238,3,-8,-141
1767171964.143238,-2,-6,-139
1767171964.153238,0,-4,-143
1767171964.163238,0,-2,-142
1767171964.173238,-1,-2,-139
1767171964.1832385,0,-2,-140
1767171964.1932385,0,0,-145
1767171964.2032382,0,-2,-138
1767171964.2132382,4,-3,-137
1767171964.2232382,2,-1,-140
1767171964.2332382,1,-2,-136
1767171964.2432382,1,-4,-136
1767171964.2532382,0,-5,-140
1767171964.2632382,2,-5,-144
1767171964.2732382,0,0,-150
1767171964.2832382,3,0,-153
1767171964.2932382,1,0,-146
1767171964.3032382,2,2,-142
1767171964.313238,6,3,-141
1767171964.323238,4,7,-148
1767171964.333238,1,6,-151
1767171964.343238,0,3,-154
1767171964.353238,1,7,-156
1767171964.363238,2,10,-160
1767171964.373238,-2,7,-157
1767171964.383238,-6,4,-153
1767171964.393238,-3,2,-149
1767171964.403238,0,3,-150
1767171964.413238,-1,2,-144
1767171964.423238,-1,0,-137
1767171964.4332385,-1,-3,-133
1767171964.4432385,-3,-1,-134
1767171964.4532382,-3,-2,-139
1767171964.4632382,-4,-1,-141
1767171964.4732382,0,-1,-151
1767171964.4832382,1,-4,-148
1767171964.4932382,2,-7,-144
1767171964.5032382,4,-10,-144
1767171964.5132382,0,-5,-139
1767171964.5232382,1,0,-143
1767171964.5332382,0,-2,-146
1767171964.5432382,-1,-4,-150
1767171964.5532382,-1,-5,-153
1767171964.563238,0,-4,-153
1767171964.573238,2,-2,-152
1767171964.583238,2,2,-153
1767171964.593238,0,-1,-157
1767171964.603238,1,-5,-157
1767171964.613238,-1,-7,-152
1767171964.623238,0,-8,-149
1767171964.633238,3,-8,-153
1767171964.643238,4,-9,-147
1767171964.653238,2,-7,-144
1767171964.663238,-5,-8,-148
1767171964.673238,-1,-8,-146
1767171964.6832385,0,-5,-142
1767171964.6932385,-3,-3,-141
1767171964.7032382,3,-7,-144
1767171964.7132382,1,-5,-145
1767171964.7232382,4,2,-143
1767171964.7332382,5,3,-140
1767171964.7432382,3,5,-139
1767171964.7532382,-2,2,-136
1767171964.7632382,-3,5,-143
1767171964.7732382,0,5,-140
1767171964.7832382,0,2,-135
1767171964.7932382,-1,0,-138
1767171964.8032382,0,-2,-143
1767171964.813238,1,-2,-142
1767171964.823238,4,-1,-146
1767171964.833238,4,-2,-150
1767171964.843238,3,-4,-147
1767171964.853238,2,-3,-142
1767171964.863238,1,-6,-144
1767171964.873238,0,-5,-148
1767171964.883238,-4,-1,-155
1767171964.893238,-4,-1,-155
1767171964.903238,-4,3,-152
1767171964.913238,-7,3,-144
1767171964.923238,-5,3,-144
1767171964.9332385,-5,1,-139
1767171964.9432385,0,-1,-147
1767171964.9532382,-3,-1,-144
1767171964.9632382,-3,0,-147
1767171964.9732382,2,0,-142
1767171964.9832382,0,0,-142
1767171964.9932382,0,6,-144
1767171965.0032382,1,10,-143
1767171965.0132382,3,6,-140
1767171965.0232382,5,4,-143
1767171965.0332382,7,2,-143
1767171965.0432382,5,-2,-143
1767171965.0532382,0,2,-144
1767171965.063238,-1,5,-150
1767171965.073238,-2,6,-149
1767171965.083238,-1,5,-144
1767171965.093238,-7,3,-142
1767171965.103238,-9,6,-147
1767171965.113238,-9,3,-145
1767171965.123238,-5,0,-143
1767171965.133238,-2,0,-148
1767171965.143238,-4,-1,-155
1767171965.153238,0,-1,-158
1767171965.163238,0,-4,-154
1767171965.173238,-2,-2,-153
1767171965.1832385,1,-3,-149
1767171965.1932385,0,-8,-144
1767171965.2032382,0,-8,-149
1767171965.2132382,-3,-7,-151
1767171965.2232382,-2,-7,-147
1767171965.2332382,0,-2,-139
1767171965.2432382,-2,-1,-140
1767171965.2532382,-2,1,-140
1767171965.2632382,1,-1,-151
1767171965.2732382,0,2,-149
1767171965.2832382,1,4,-147
1767171965.2932382,2,5,-141
1767171965.3032382,3,7,-135
1767171965.313238,1,7,-134
1767171965.323238,0,3,-135
1767171965.333238,5,0,-143
1767171965.343238,5,1,-143
1767171965.353238,0,0,-144
1767171965.363238,0,-2,-147
1767171965.373238,5,2,-153
1767171965.383238,9,4,-157
1767171965.393238,9,4,-151
1767171965.403238,4,5,-147
1767171965.413238,0,5,-153
1767171965.423238,-2,1,-155
1767171965.4332385,-8,-4,-149
1767171965.4432385,-13,-5,-146
1767171965.4532382,-7,-4,-140
1767171965.4632382,-3,-2,-136
1767171965.4732382,0,0,-138
1767171965.4832382,-1,0,-136
1767171965.4932382,2,-4,-134
1767171965.5032382,2,-5,-142
1767171965.5132382,1,-3,-137
1767171965.5232382,2,-2,-142
1767171965.5332382,3,2,-143
1767171965.5432382,1,0,-148
1767171965.5532382,4,-2,-143
1767171965.563238,3,0,-140
1767171965.573238,2,-1,-139
1767171965.583238,0,-3,-136
1767171965.593238,1,-3,-140
1767171965.603238,5,-3,-139
1767171965.613238,4,-8,-133
1767171965.623238,3,-10,-140
1767171965.633238,4,-12,-132
1767171965.643238,2,-9,-136
1767171965.653238,2,-9,-140
1767171965.663238,1,-8,-148
1767171965.673238,0,-4,-155
1767171965.6832385,-1,-4,-153
1767171965.6932385,-5,0,-147
1767171965.7032382,-7,2,-145
1767171965.7132382,-7,0,-144
1767171965.7232382,-7,-2,-144
1767171965.7332382,-5,-3,-141
1767171965.7432382,1,-2,-145
1767171965.7532382,-1,-1,-145
1767171965.7632382,0,-1,-143
1767171965.7732382,1,-3,-147
1767171965.7832382,-1,-6,-146
1767171965.7932382,0,-5,-142
1767171965.8032382,1,-2,-144
1767171965.813238,-1,-2,-135
1767171965.823238,2,0,-140
1767171965.833238,3,2,-139
1767171965.843238,4,4,-137
1767171965.853238,-1,0,-138
1767171965.863238,-5,0,-140
1767171965.873238,-5,-1,-139
1767171965.8842382,-5,0,-146
1767171965.8942382,-11,2,-136
1767171965.903238,-8,0,-135
1767171965.9142382,-8,2,-138
1767171965.9242382,-5,0,-142
1767171965.9342382,-4,-3,-138
1767171965.9442382,-1,-8,-142
1767171965.9542382,-2,-8,-144
1767171965.9642382,-2,-9,-151
1767171965.9742382,-4,-6,-150
1767171965.984238,-5,-5,-143
1767171965.994238,-6,-9,-144
1767171966.004238,-2,-9,-148
1767171966.014238,-7,-3,-149
1767171966.024238,-2,-3,-153
1767171966.034238,-4,-3,-154
1767171966.044238,-3,-2,-154
1767171966.054238,1,-1,-155
1767171966.064238,0,0,-156
1767171966.074238,-3,-1,-149
1767171966.084238,-3,-3,-150
1767171966.094238,3,-2,-149
1767171966.1042385,-1,-3,-145
1767171966.1142385,1,-2,-149
1767171966.1242385,0,-3,-139
1767171966.1342382,0,0,-140
1767171966.1442382,-1,0,-145
1767171966.1542382,2,1,-151
1767171966.1642382,4,2,-149
1767171966.1742382,7,0,-146
1767171966.1842382,7,0,-143
1767171966.1942382,5,3,-143
1767171966.2042382,2,1,-146
1767171966.2142382,4,-1,-142
1767171966.2242382,3,-4,-146
1767171966.234238,5,0,-142
1767171966.244238,5,1,-141
1767171966.254238,6,4,-143
1767171966.264238,3,5,-148
1767171966.274238,0,9,-154
1767171966.284238,1,2,-146
1767171966.294238,0,2,-141
1767171966.304238,-2,0,-148
1767171966.314238,-2,-2,-145
1767171966.324238,-3,1,-146
1767171966.334238,1,0,-143
1767171966.344238,0,-3,-144
1767171966.3542385,-4,-2,-142
1767171966.3642385,-6,0,-140
1767171966.3742385,-6,0,-142
1767171966.3842382,-8,-6,-142
1767171966.3942382,-8,-4,-134
1767171966.4042382,-5,-8,-134
1767171966.4142382,-8,-11,-135
1767171966.4242382,-7,-5,-133
1767171966.4342382,-5,-4,-131
1767171966.4442382,-4,-8,-134
1767171966.4542382,-2,-7,-140
1767171966.4642382,-6,-9,-144
1767171966.4742382,-7,-11,-141
1767171966.484238,-4,-11,-138
1767171966.494238,-3,-8,-147
1767171966.504238,-2,0,-145
1767171966.514238,0,0,-144
1767171966.524238,-1,2,-146
1767171966.534238,3,1,-147
1767171966.544238,1,6,-150
1767171966.554238,0,6,-143
1767171966.564238,-4,6,-139
1767171966.574238,-2,3,-135
1767171966.584238,-1,3,-133
1767171966.594238,0,1,-134
1767171966.6042385,2,1,-137
1767171966.6142385,3,2,-140
1767171966.6242385,7,3,-144
1767171966.6342382,1,0,-140
1767171966.6442382,1,0,-138
1767171966.6542382,0,0,-140
1767171966.6642382,-4,-2,-144
1767171966.6742382,-7,-6,-140
1767171966.6842382,-7,-1,-144
1767171966.6942382,-3,-4,-143
1767171966.7042382,-5,-3,-140
1767171966.7142382,-8,-2,-144
1767171966.7242382,-7,0,-140
1767171966.734238,-9,0,-137
1767171966.744238,-6,0,-139
1767171966.754238,-6,1,-145
1767171966.764238,-9,1,-139
1767171966.774238,-7,3,-137
1767171966.784238,-8,3,-140
1767171966.794238,-9,2,-143
1767171966.804238,-6,-1,-147
1767171966.814238,1,0,-148
1767171966.824238,5,0,-153
1767171966.834238,5,-3,-150
1767171966.844238,-1,-3,-153
1767171966.8542385,-2,-3,-153
1767171966.8642385,1,-6,-141
1767171966.8742385,-6,-5,-141
1767171966.8842382,-1,-4,-138
1767171966.8942382,4,0,-137
1767171966.9042382,-1,-1,-140
1767171966.9142382,-1,-4,-142
1767171966.9242382,1,-7,-152
1767171966.9342382,3,-5,-153
1767171966.9442382,2,-5,-150
1767171966.9542382,2,-4,-147
1767171966.9642382,2,-3,-146
1767171966.9742382,0,0,-146
1767171966.984238,5,-4,-141
1767171966.994238,5,-5,-150
1767171967.004238,4,0,-145
1767171967.014238,1,-2,-147
1767171967.024238,0,-4,-144
1767171967.034238,0,-3,-142
1767171967.044238,0,-8,-146
1767171967.054238,1,-10,-155
1767171967.064238,3,-11,-155
1767171967.074238,4,-11,-152
1767171967.084238,8,-13,-154
1767171967.094238,5,-7,-146
1767171967.1042385,5,-8,-147
1767171967.1142385,3,-8,-156
1767171967.1242385,0,-6,-157
1767171967.1342382,-3,-6,-154
1767171967.1442382,-3,-7,-148
1767171967.1542382,-6,-7,-138
1767171967.1642382,-8,-10,-139
1767171967.1742382,-4,-6,-139
1767171967.1842382,-2,-6,-136
1767171967.1942382,-4,0,-139
1767171967.2042382,-6,-2,-140
1767171967.2142382,-10,0,-150
1767171967.2242382,-12,1,-157
1767171967.234238,-7,0,-156
1767171967.244238,-9,0,-154
1767171967.254238,-7,-3,-157
1767171967.264238,-7,-2,-156
1767171967.274238,-3,-4,-154
1767171967.284238,-3,-4,-158
1767171972.317238,-2,-2,-147
1767171972.3262382,-1,-5,-151
1767171972.336238,-1,-7,-151
1767171972.346238,-2,-6,-152
1767171972.356238,2,-4,-154
1767171972.366238,0,-4,-147
1767171972.376238,-2,-5,-144
1767171972.386238,-5,0,-145
1767171972.396238,-7,-3,-142
1767171972.406238,-8,-4,-144
1767171972.416238,-6,-4,-151
1767171972.426238,-6,-5,-152
1767171972.436238,-6,-2,-147
1767171972.446238,-3,0,-145
1767171972.4562385,-5,0,-141
1767171972.4662385,-3,-1,-142
1767171972.4762385,-4,-2,-140
1767171972.4862382,-1,1,-140
1767171972.4962382,-2,2,-140
1767171972.5062382,0,1,-140
1767171972.5162382,0,1,-143
1767171972.5262382,0,0,-147
1767171972.5362382,0,0,-145
1767171972.5462382,1,-1,-140
1767171972.5562382,0,-3,-139
1767171972.5662382,1,-4,-136
1767171972.5762382,3,-3,-141
1767171972.586238,3,-4,-140
1767171972.596238,-5,-5,-144
1767171972.606238,-7,-2,-141
1767171972.616238,-6,0,-141
1767171972.626238,-2,1,-146
1767171972.636238,-2,1,-139
1767171972.646238,-1,-2,-143
1767171972.656238,-3,1,-145
1767171972.666238,-1,2,-145
1767171972.676238,0,0,-142
1767171972.686238,-1,-1,-146
1767171972.696238,-3,-3,-150
1767171972.7062385,-1,-4,-149
1767171972.7162385,0,-2,-147
1767171972.7262385,1,-7,-141
1767171972.7362382,3,-7,-145
1767171972.7462382,4,-4,-144
1767171972.7562382,3,-4,-144
1767171972.7662382,4,-4,-141
1767171972.7762382,-1,-1,-134
1767171972.7862382,-4,1,-135
1767171972.7962382,-3,0,-139
1767171972.8062382,0,0,-141
1767171972.8162382,1,-5,-142
1767171972.8262382,1,-5,-148
1767171972.836238,1,-2,-150
1767171972.846238,0,-2,-145
1767171972.856238,-3,-2,-145
1767171972.866238,0,-3,-148
1767171972.876238,1,0,-145
1767171972.886238,5,2,-143
1767171972.896238,1,0,-134
1767171972.906238,0,0,-136
1767171972.916238,0,1,-147
1767171972.926238,4,-4,-150
1767171972.936238,7,-4,-147
1767171972.946238,7,-2,-143
1767171972.9562385,6,0,-143
1767171972.9662385,1,-1,-141
1767171972.9762385,-1,0,-146
1767171972.9862382,2,8,-141
1767171972.9962382,2,8,-135
1767171973.0062382,0,4,-141
1767171973.0162382,-2,8,-144
1767171973.0262382,-7,5,-152
1767171973.0362382,-7,0,-152
1767171973.0462382,-4,-1,-150
1767171973.0562382,-7,-4,-149
1767171973.0662382,-1,-5,-139
1767171973.0762382,-2,-5,-135
1767171973.086238,-5,-1,-134
1767171973.096238,-5,2,-140
1767171973.106238,-7,0,-140
1767171973.116238,-3,0,-138
1767171973.126238,0,-5,-139
1767171973.136238,-2,-5,-141
1767171973.146238,-4,-5,-147
1767171973.156238,-2,-5,-154
1767171973.166238,2,0,-151
1767171973.176238,2,-1,-150
1767171973.186238,3,1,-145
1767171973.196238,8,0,-143
1767171973.2062385,5,0,-144
1767171973.2162385,6,0,-147
1767171973.2262385,3,2,-149
1767171973.2362382,2,0,-142
1767171973.2462382,4,0,-145
1767171973.2562382,2,-1,-146
1767171973.2662382,1,0,-149
1767171973.2762382,0,2,-148
1767171973.2862382,-4,0,-146
1767171973.2962382,2,-4,-148
1767171973.3062382,3,-5,-143
1767171973.3162382,4,-5,-145
1767171973.3262382,6,-6,-141
1767171973.336238,2,-3,-142
1767171973.346238,0,-4,-139
1767171973.356238,0,-5,-142
1767171973.366238,0,1,-138
1767171973.376238,0,0,-142
1767171973.386238,1,0,-140
1767171973.396238,2,-3,-142
1767171973.406238,0,-4,-141
1767171973.416238,0,-2,-141
1767171973.426238,0,0,-140
1767171973.436238,-5,0,-142
1767171973.446238,-4,0,-143
1767171973.4562385,0,0,-142
1767171973.4672382,1,-4,-142
1767171973.4772382,5,-4,-144
1767171973.4872382,4,-7,-141
1767171973.4972382,1,-5,-151
1767171973.507238,2,-1,-145
1767171973.517238,4,1,-130
1767171973.527238,3,7,-139
1767171973.537238,-2,4,-146
1767171973.547238,-1,2,-151
1767171973.557238,-4,0,-148
1767171973.567238,-3,0,-152
1767171973.577238,-2,-1,-154
1767171973.587238,-4,-1,-154
1767171973.597238,-6,-3,-151
1767171973.607238,-4,-2,-147
1767171973.617238,0,-1,-145
1767171973.627238,-1,0,-146
1767171973.6372385,-1,0,-143
1767171973.6472385,-4,-1,-149
1767171973.6572382,-8,-1,-150
1767171973.6672382,-10,0,-146
1767171973.6772382,-7,-1,-154
1767171973.6872382,-9,0,-152
1767171973.6972382,-5,0,-144
1767171973.7072382,-4,-2,-138
1767171973.7172382,-2,-5,-137
1767171973.7272382,-2,-9,-140
1767171973.7372382,-3,-3,-144
1767171973.7472382,-3,-1,-144
1767171973.757238,-5,1,-147
1767171973.767238,-13,0,-149
1767171973.777238,-12,-2,-151
1767171973.787238,-8,-1,-151
1767171973.797238,-1,2,-148
1767171973.807238,1,6,-150
1767171973.817238,5,0,-153
1767171973.827238,5,0,-150
1767171973.837238,2,0,-143
1767171973.847238,3,1,-141
1767171973.857238,2,1,-144
1767171973.867238,0,2,-146
1767171973.877238,-1,0,-143
1767171973.8872385,0,-6,-143
1767171973.8972385,0,-10,-150
1767171973.9072382,-2,-10,-156
1767171973.9172382,-1,-3,-156
1767171973.9272382,-3,-4,-154
1767171973.9372382,2,-1,-148
1767171973.9472382,6,1,-143
1767171973.9572382,2,0,-148
1767171973.9672382,0,0,-146
1767171973.9772382,2,-2,-150
1767171973.9872382,0,-4,-154
1767171973.9972382,-3,0,-159
1767171974.007238,0,5,-153
1767171974.017238,0,1,-148
1767171974.027238,0,0,-147
1767171974.037238,-1,0,-150
1767171974.047238,-2,0,-145
1767171974.057238,-5,0,-140
1767171974.067238,-3,0,-140
1767171974.077238,-5,0,-144
1767171974.087238,-5,-2,-150
1767171974.097238,-4,-1,-145
1767171974.107238,1,1,-143
1767171974.117238,5,-3,-143
1767171974.127238,5,-2,-147
1767171974.1372385,3,-4,-153
1767171974.1472385,5,0,-150
1767171974.1572382,5,-5,-141
1767171974.1672382,5,-6,-134
1767171974.1772382,3,-6,-133
1767171974.1872382,0,-4,-137
1767171974.1972382,1,-4,-146
1767171974.2072382,7,-4,-147
1767171974.2172382,5,-3,-148
1767171974.2272382,3,-7,-147
1767171974.2372382,0,-8,-152
1767171974.2472382,0,-8,-149
1767171974.257238,-3,-3,-143
1767171974.267238,-4,-1,-144
1767171974.277238,-1,0,-145
1767171974.287238,0,0,-140
1767171974.297238,0,-3,-142
1767171974.307238,0,0,-137
1767171974.317238,5,0,-142
1767171974.327238,4,3,-144
1767171974.337238,-1,5,-145
1767171974.347238,1,3,-143
1767171974.357238,3,4,-131
1767171974.367238,2,6,-133
1767171974.377238,0,4,-134
1767171974.3872385,2,3,-133
1767171974.3972385,-2,0,-134
1767171974.4072382,-1,1,-139
1767171974.4172382,0,3,-137
1767171974.4272382,0,2,-138
1767171974.4372382,2,0,-144
1767171974.4472382,4,1,-150
1767171974.4572382,2,2,-149
1767171974.4672382,1,-1,-148
1767171974.4772382,3,1,-135
1767171974.4872382,5,3,-132
1767171974.4972382,10,2,-140
1767171974.507238,7,3,-142
1767171974.517238,3,4,-141
1767171974.527238,1,0,-147
1767171974.537238,3,2,-145
1767171974.547238,2,4,-141
1767171974.557238,4,3,-153
1767171974.567238,1,0,-149
1767171974.577238,4,0,-149
1767171974.587238,0,0,-147
1767171974.597238,1,-3,-145
1767171974.607238,0,3,-146
1767171974.617238,-2,0,-147
1767171974.627238,-2,0,-142
1767171974.6372385,0,-3,-145
1767171974.6472385,-1,-2,-149
1767171974.6572382,-6,0,-148
1767171974.6672382,-3,3,-151
1767171974.6772382,-7,4,-154
1767171974.6872382,-4,4,-144
1767171974.6972382,-4,6,-142
1767171974.7072382,2,4,-134
1767171974.7172382,8,1,-141
1767171974.7272382,4,3,-140
1767171974.7372382,3,-1,-144
1767171974.7472382,1,-2,-141
1767171974.757238,4,-4,-140
1767171974.767238,6,0,-136
1767171974.777238,4,5,-139
1767171974.787238,5,5,-137
1767171974.797238,5,8,-136
1767171974.807238,5,5,-138
1767171974.817238,6,4,-140
1767171974.827238,3,2,-150
1767171974.837238,3,-1,-147
1767171974.847238,2,-2,-141
1767171974.857238,3,0,-149
1767171974.867238,2,-1,-145
1767171974.877238,0,-4,-146
1767171974.8872385,2,-6,-148
1767171974.8972385,1,-7,-150
1767171974.9072382,0,-2,-148
1767171974.9172382,0,-2,-146
1767171974.9272382,0,0,-139
1767171974.9372382,0,0,-142
1767171974.9472382,-7,0,-138
1767171974.9572382,-9,3,-141
1767171974.9672382,-7,7,-150
1767171974.9772382,-5,4,-153
1767171974.9872382,-1,5,-142
1767171974.9972382,3,10,-143
1767171975.007238,4,9,-137
1767171975.017238,1,5,-138
1767171975.027238,3,5,-145
1767171975.037238,2,6,-142
1767171975.047238,0,5,-132
1767171975.057238,0,2,-123
1767171975.067238,-5,3,-131
1767171975.077238,-8,0,-137
1767171975.087238,-11,3,-140
1767171975.097238,-9,3,-152
1767171975.107238,-9,1,-156
1767171975.117238,-7,-1,-150
1767171975.127238,-3,-2,-148
1767171975.1372385,-3,-2,-149
1767171975.1472385,-4,-2,-147
1767171975.1572382,-6,0,-149
1767171975.1672382,-1,-1,-148
1767171975.1772382,0,-2,-148
1767171975.1872382,0,-5,-144
1767171975.1972382,-1,-5,-148
1767171975.2072382,-3,-5,-150
1767171975.2172382,-5,-2,-150
1767171975.2272382,-3,0,-149
1767171975.2372382,-2,-1,-148
1767171975.2472382,-3,0,-143
1767171975.257238,-3,0,-140
1767171975.267238,-1,1,-145
1767171975.277238,-1,3,-148
1767171975.287238,-1,1,-143
1767171975.297238,-1,4,-140
1767171975.307238,-1,2,-141
1767171975.317238,1,0,-143
1767171975.327238,-2,-2,-146
1767171975.337238,-3,0,-142
1767171975.347238,4,1,-138
1767171975.357238,8,-1,-142
1767171975.367238,10,0,-143
1767171975.377238,9,-3,-150
1767171975.3872385,5,-1,-139
1767171975.3972385,3,-4,-139
1767171975.4072382,3,-1,-142
1767171975.4172382,3,-7,-143
1767171975.4272382,0,-3,-151
1767171975.4372382,-1,-2,-152
1767171975.4472382,-4,-3,-151
1767171975.4572382,1,-2,-146
1767171975.4672382,6,-2,-146
1767171975.4772382,12,-2,-146
1767171975.4872382,8,0,-149
1767171975.4972382,6,0,-151
1767171975.507238,6,0,-148
1767171975.517238,7,0,-149
1767171975.527238,8,1,-142
1767171975.537238,10,1,-144
1767171975.547238,13,5,-148
1767171975.557238,11,7,-148
1767171975.567238,9,6,-142
1767171975.577238,9,2,-139
1767171975.587238,4,0,-137
1767171975.597238,0,0,-138
1767171975.607238,-4,-3,-141
1767171975.617238,-3,-3,-146
1767171975.627238,-5,-6,-152
1767171975.6372385,-3,-4,-146
1767171975.6472385,-4,-2,-145
1767171975.6572382,-7,-4,-147
1767171975.6672382,-3,-4,-146
1767171975.6772382,2,-3,-150
1767171975.6872382,0,-4,-155
1767171975.6972382,1,-4,-159
1767171975.7072382,-1,1,-152
1767171975.7172382,0,5,-148
1767171975.7272382,0,2,-142
1767171975.7372382,0,3,-144
1767171975.7472382,0,3,-140
1767171975.757238,0,0,-137
1767171975.767238,0,1,-133
1767171975.777238,0,6,-133
1767171975.787238,-3,0,-131
1767171975.797238,-6,-2,-130
1767171975.807238,-2,-2,-136
1767171975.817238,-1,2,-140
1767171975.827238,0,-1,-143
1767171975.837238,2,4,-144
1767171975.847238,4,2,-144
1767171975.857238,3,0,-141
1767171975.867238,0,0,-149
1767171975.877238,0,0,-146
1767171975.8872385,-4,0,-146
1767171975.8972385,-3,2,-151
1767171975.9072382,-1,2,-147
1767171975.9172382,-1,0,-147
1767171975.9272382,-2,1,-144
1767171975.9372382,-1,4,-145
1767171975.9472382,0,2,-150
1767171975.9572382,-1,4,-147
1767171975.9672382,2,5,-149
1767171975.9772382,-1,3,-150
1767171975.988238,1,2,-146
1767171975.9972382,0,4,-145
1767171976.007238,-3,1,-150
1767171976.018238,-6,5,-149
1767171976.028238,-1,0,-159
1767171976.038238,0,-4,-156
1767171976.048238,3,-3,-149
1767171976.0582385,4,-6,-152
1767171976.0682385,5,-1,-155
1767171976.0782382,6,0,-149
1767171976.0882382,1,-4,-144
1767171976.0982382,1,-2,-141
1767171976.1082382,1,0,-141
1767171976.1182382,8,1,-139
1767171976.1282382,8,1,-137
1767171976.1382382,4,0,-138
1767171976.1482382,4,0,-140
1767171976.1582382,1,-1,-139
1767171976.1682382,-2,0,-143
1767171976.1782382,1,2,-142
1767171976.188238,1,0,-143
1767171976.198238,3,-2,-143
1767171976.208238,-2,0,-146
1767171976.218238,-1,-2,-146
1767171976.228238,-5,-2,-149
1767171976.238238,-3,-6,-152
1767171976.248238,-1,-1,-151
1767171976.258238,-3,2,-140
1767171976.268238,3,2,-132
1767171976.278238,8,8,-141
1767171976.288238,9,6,-146
1767171976.298238,5,10,-140
1767171976.3082385,-4,8,-137
1767171976.3182385,-7,3,-140
1767171976.3282382,-7,5,-142
1767171976.3382382,-4,5,-143
1767171976.3482382,-2,2,-147
1767171976.3582382,-3,1,-147
1767171976.3682382,-3,-1,-143
1767171976.3782382,-4,0,-138
1767171976.3882382,-4,-1,-137
1767171976.3982382,-5,-4,-143
1767171976.4082382,-4,-6,-144
1767171976.4182382,-1,-4,-139
1767171976.4282382,4,-6,-141
1767171976.438238,5,1,-140
1767171976.448238,0,3,-147
1767171976.458238,0,-2,-148
1767171976.468238,-3,0,-149
1767171976.478238,-5,0,-154
1767171976.488238,-9,4,-153
1767171976.498238,-8,3,-152
1767171976.508238,-3,4,-150
1767171976.518238,0,4,-149
1767171976.528238,-1,6,-150
1767171976.538238,-3,5,-148
1767171976.548238,-2,6,-151
1767171976.5582385,-2,8,-150
1767171976.5682385,-3,2,-148
1767171976.5782382,-6,2,-148
1767171976.5882382,-9,1,-144
1767171976.5982382,-4,0,-145
1767171976.6082382,-3,-4,-141
1767171976.6182382,-2,-10,-146
1767171976.6282382,-2,-11,-143
1767171976.6382382,-3,-13,-141
1767171976.6482382,-4,-8,-142
1767171976.6582382,-7,-5,-147
1767171976.6682382,-8,-2,-149
1767171976.6782382,-6,-3,-148
1767171976.688238,-2,-4,-149
1767171976.698238,-1,-2,-148
1767171976.708238,-2,-2,-145
1767171976.718238,-1,0,-135
1767171976.728238,-4,-2,-135
1767171976.738238,-3,0,-133
1767171976.748238,-1,-3,-139
1767171976.758238,0,-3,-144
1767171976.768238,0,1,-143
1767171976.778238,-2,2,-140
1767171976.788238,-1,3,-144
1767171976.798238,1,3,-133
1767171976.8082385,-3,1,-132
1767171976.8182385,-2,-1,-133
1767171976.8282382,-1,2,-136
1767171976.8382382,-1,5,-133
1767171976.8482382,-1,9,-133
1767171976.8582382,0,6,-129
1767171976.8682382,0,3,-137
1767171976.8782382,2,0,-142
1767171976.8882382,3,-3,-147
1767171976.8982382,-1,-5,-147
1767171976.9082382,-4,-3,-147
1767171976.9182382,-7,-4,-147
1767171976.9282382,0,-1,-140
1767171976.938238,-1,0,-142
1767171976.948238,-1,0,-141
1767171976.958238,0,2,-144
1767171976.968238,2,3,-146
1767171976.978238,5,5,-150
1767171976.988238,10,5,-152
1767171976.998238,7,9,-150
1767171977.008238,9,5,-152
1767171977.018238,8,0,-149
1767171977.028238,3,2,-146
1767171977.038238,4,3,-144
1767171977.048238,7,3,-139
1767171977.0582385,8,5,-143
1767171977.0682385,4,5,-144
1767171977.0782382,-3,9,-140
1767171977.0882382,-1,6,-140
1767171977.0982382,0,6,-142
1767171977.1082382,1,8,-151
1767171977.1182382,-1,3,-156
1767171977.1282382,2,1,-158
1767171977.1382382,5,2,-156
1767171977.1482382,6,0,-154
1767171977.1582382,11,2,-142
1767171977.1682382,6,4,-139
1767171977.1782382,0,5,-141
1767171977.188238,-1,4,-141
1767171977.198238,-3,0,-141
1767171977.208238,-5,0,-142
1767171977.218238,-6,1,-151
1767171977.228238,-2,3,-150
1767171977.238238,1,0,-144
1767171977.248238,3,0,-146
1767171977.258238,-3,3,-148
1767171977.268238,-7,6,-145
1767171977.278238,-6,2,-142
1767171977.288238,-6,1,-144
1767171977.298238,-6,-1,-140
1767171977.3082385,-12,-1,-139
1767171982.3422382,-1,2,-146
1767171982.350238,-2,0,-150
1767171982.360238,-5,-1,-153
1767171982.370238,-4,-5,-158
1767171982.380238,-8,-7,-151
1767171982.390238,-7,-2,-152
1767171982.400238,-5,0,-154
1767171982.4102385,-3,-1,-146
1767171982.4202385,-3,0,-146
1767171982.4302382,-3,2,-148
1767171982.4402382,-5,4,-143
1767171982.4502382,-6,4,-139
1767171982.4602382,-4,4,-140
1767171982.4702382,-2,2,-141
1767171982.4802382,-3,2,-148
1767171982.4902382,-3,2,-151
1767171982.5002382,-2,3,-154
1767171982.5102382,-6,-1,-156
1767171982.5202382,-4,-1,-155
1767171982.5302382,-1,-3,-149
1767171982.540238,0,0,-151
1767171982.550238,1,-2,-149
1767171982.560238,7,-1,-146
1767171982.570238,8,0,-150
1767171982.580238,5,1,-152
1767171982.590238,1,1,-153
1767171982.600238,4,0,-159
1767171982.610238,5,3,-153
1767171982.620238,3,0,-150
1767171982.630238,5,-3,-146
1767171982.640238,9,-4,-153
1767171982.650238,9,-2,-147
1767171982.6602385,5,-1,-142
1767171982.6702385,2,-1,-145
1767171982.6802382,-2,0,-145
1767171982.6902382,-5,-1,-138
1767171982.7002382,-6,-4,-141
1767171982.7102382,-7,-1,-141
1767171982.7202382,-5,-3,-138
1767171982.7302382,-1,-3,-145
1767171982.7402382,-2,-2,-149
1767171982.7502382,-4,0,-155
1767171982.7602382,-3,0,-152
1767171982.7702382,-7,-1,-151
1767171982.7802382,-7,0,-147
1767171982.790238,-6,-2,-149
1767171982.800238,-3,-5,-145
1767171982.810238,-1,-5,-144
1767171982.820238,-4,-5,-142
1767171982.830238,-4,-2,-142
1767171982.840238,-1,0,-142
1767171982.850238,-1,-2,-143
1767171982.860238,-2,-2,-135
1767171982.870238,-2,-8,-139
1767171982.880238,-3,-10,-152
1767171982.890238,1,-5,-143
1767171982.900238,4,-9,-143
1767171982.9102385,0,-5,-140
1767171982.9202385,-2,-3,-148
1767171982.9302382,-7,-4,-149
1767171982.9402382,-6,0,-140
1767171982.9502382,-8,-2,-145
1767171982.9602382,-7,1,-149
1767171982.9702382,-8,2,-144
1767171982.9802382,-6,-2,-143
1767171982.9902382,0,-1,-143
1767171983.0002382,3,1,-136
1767171983.0102382,4,2,-138
1767171983.0202382,6,2,-139
1767171983.0302382,1,3,-140
1767171983.040238,1,4,-142
1767171983.050238,5,6,-146
1767171983.060238,1,5,-144
1767171983.070238,1,3,-144
1767171983.080238,2,3,-156
1767171983.090238,6,1,-157
1767171983.100238,8,2,-159
1767171983.110238,4,-2,-162
1767171983.120238,2,0,-157
1767171983.130238,2,0,-153
1767171983.140238,3,0,-156
1767171983.150238,1,3,-155
1767171983.1602385,3,5,-151
1767171983.1702385,2,4,-151
1767171983.1802382,-2,5,-142
1767171983.1902382,-4,4,-139
1767171983.2002382,-5,4,-133
1767171983.2102382,-7,-1,-136
1767171983.2202382,-5,-1,-134
1767171983.2302382,-6,-1,-134
1767171983.2402382,-1,0,-135
1767171983.2502382,-1,1,-141
1767171983.2602382,-1,3,-132
1767171983.2702382,-6,6,-138
1767171983.2802382,-5,6,-131
1767171983.290238,-3,0,-131
1767171983.300238,2,-2,-129
1767171983.310238,1,-5,-129
1767171983.320238,1,-5,-132
1767171983.330238,0,-6,-133
1767171983.340238,-3,-8,-145
1767171983.350238,-3,-6,-146
1767171983.360238,0,-4,-142
1767171983.370238,2,-7,-143
1767171983.380238,4,-11,-142
1767171983.390238,2,-10,-133
1767171983.400238,0,-5,-134
1767171983.4102385,-3,-7,-141
1767171983.4202385,-3,-5,-149
1767171983.4302382,-7,-4,-146
1767171983.4402382,-8,-7,-145
1767171983.4502382,-8,-9,-143
1767171983.4602382,-7,-13,-145
1767171983.4702382,-5,-12,-146
1767171983.4802382,-5,-8,-150
1767171983.4902382,-3,-9,-150
1767171983.5002382,-1,-7,-143
1767171983.5102382,-1,-5,-150
1767171983.521238,-3,0,-149
1767171983.531238,-1,4,-151
1767171983.540238,-5,2,-149
1767171983.550238,0,4,-148
1767171983.561238,3,5,-150
1767171983.570238,0,2,-153
1767171983.580238,0,2,-153
1767171983.5912385,1,1,-149
1767171983.6012385,3,2,-144
1767171983.6112382,1,3,-145
1767171983.620238,1,-1,-142
1767171983.6312382,0,-1,-142
1767171983.6412382,2,-1,-148
1767171983.6512382,1,1,-145
1767171983.6612382,0,0,-147
1767171983.6712382,3,0,-147
1767171983.6812382,4,-1,-154
1767171983.6912382,2,-1,-156
1767171983.7012382,0,-2,-164
1767171983.711238,0,-1,-169
1767171983.721238,-3,-6,-165
1767171983.731238,0,-10,-159
1767171983.741238,-1,-7,-154
1767171983.751238,-2,-8,-146
1767171983.761238,-2,-5,-149
1767171983.771238,-4,-8,-155
1767171983.781238,-2,-3,-151
1767171983.791238,-1,-8,-150
1767171983.801238,-4,-4,-146
1767171983.811238,-3,-3,-141
1767171983.821238,-7,-6,-137
1767171983.8312385,-7,-4,-135
1767171983.8412385,-4,-2,-140
1767171983.8512385,-2,-2,-135
1767171983.8612382,0,-3,-139
1767171983.8712382,-2,-6,-144
1767171983.8812382,0,-4,-144
1767171983.8912382,-3,-5,-150
1767171983.9012382,-5,-6,-153
1767171983.9112382,1,-5,-147
1767171983.9212382,-3,-5,-139
1767171983.9312382,-2,-5,-141
1767171983.9412382,-1,-6,-144
1767171983.9512382,0,-4,-140
1767171983.961238,2,-5,-140
1767171983.971238,6,-3,-139
1767171983.981238,8,-3,-143
1767171983.991238,7,-3,-144
1767171984.001238,6,-2,-146
1767171984.011238,2,0,-150
1767171984.021238,-1,-2,-150
1767171984.031238,-1,-2,-148
1767171984.041238,-3,-3,-141
1767171984.051238,-6,-4,-150
1767171984.061238,-7,0,-150
1767171984.071238,-6,-4,-153
1767171984.0812385,-4,-9,-151
1767171984.0912385,-3,-6,-149
1767171984.1012385,-1,-5,-145
1767171984.1112382,0,-2,-141
1767171984.1212382,2,-2,-143
1767171984.1312382,1,-4,-145
1767171984.1412382,0,-1,-147
1767171984.1512382,4,-3,-146
1767171984.1612382,3,-2,-147
1767171984.1712382,6,-1,-148
1767171984.1812382,4,-1,-149
1767171984.1912382,5,1,-149
1767171984.2012382,3,0,-147
1767171984.211238,4,1,-151
1767171984.221238,1,-2,-145
1767171984.231238,1,-3,-145
1767171984.241238,2,-3,-149
1767171984.251238,1,1,-146
1767171984.261238,2,0,-143
1767171984.271238,7,-1,-138
1767171984.281238,2,-4,-137
1767171984.291238,-3,-6,-134
1767171984.301238,0,-2,-134
1767171984.311238,0,0,-132
1767171984.321238,2,5,-138
1767171984.3312385,0,3,-139
1767171984.3412385,0,1,-138
1767171984.3512385,-3,0,-142
1767171984.3612382,-6,4,-147
1767171984.3712382,0,5,-145
1767171984.3812382,0,4,-143
1767171984.3912382,0,2,-144
1767171984.4012382,0,-2,-142
1767171984.4112382,-2,-1,-143
1767171984.4212382,2,0,-141
1767171984.4312382,2,1,-147
1767171984.4412382,2,0,-145
1767171984.4512382,1,0,-140
1767171984.461238,5,-3,-140
1767171984.471238,4,-5,-134
1767171984.481238,3,-5,-139
1767171984.491238,4,-6,-143
1767171984.501238,3,-6,-144
1767171984.511238,1,-8,-141
1767171984.521238,-1,-5,-143
1767171984.531238,-1,-6,-144
1767171984.541238,1,-8,-143
1767171984.551238,0,-3,-143
1767171984.561238,-5,-8,-138
1767171984.571238,-4,-8,-143
1767171984.5812385,-6,-7,-139
1767171984.5912385,-5,-5,-142
1767171984.6012385,2,-3,-146
1767171984.6112382,7,0,-140
1767171984.6212382,7,0,-141
1767171984.6312382,4,0,-150
1767171984.6412382,3,5,-146
1767171984.6512382,2,5,-144
1767171984.6612382,2,3,-140
1767171984.6712382,0,1,-141
1767171984.6812382,-2,0,-134
1767171984.6912382,2,4,-138
1767171984.7012382,6,-2,-146
1767171984.711238,1,-1,-152
1767171984.721238,1,0,-160
1767171984.731238,0,0,-157
1767171984.741238,0,0,-160
1767171984.751238,0,1,-153
1767171984.761238,1,2,-152
1767171984.771238,3,1,-140
1767171984.781238,7,-2,-137
1767171984.791238,6,-1,-143
1767171984.801238,4,1,-141
1767171984.811238,2,3,-141
1767171984.821238,0,4,-137
1767171984.8312385,0,4,-148
1767171984.8412385,0,1,-145
1767171984.8512385,0,0,-143
1767171984.8612382,1,0,-141
1767171984.8712382,2,0,-138
1767171984.8812382,0,3,-128
1767171984.8912382,0,0,-127
1767171984.9012382,-1,1,-130
1767171984.9112382,-1,0,-126
1767171984.9212382,-2,-1,-131
1767171984.9312382,2,-3,-134
1767171984.9412382,0,-6,-144
1767171984.9512382,0,-3,-147
1767171984.961238,0,-3,-151
1767171984.971238,-2,-3,-146
1767171984.981238,-4,-1,-156
1767171984.991238,-6,-4,-157
1767171985.001238,-2,-8,-159
1767171985.011238,0,-5,-160
1767171985.021238,0,-5,-162
1767171985.031238,1,-3,-159
1767171985.041238,-1,-1,-157
1767171985.051238,-5,-4,-160
1767171985.061238,0,-3,-157
1767171985.071238,1,0,-156
1767171985.0812385,2,0,-158
1767171985.0912385,-1,-4,-162
1767171985.1012385,-1,-7,-163
1767171985.1112382,0,-6,-167
1767171985.1212382,5,-8,-158
1767171985.1312382,6,-9,-152
1767171985.1412382,4,-8,-147
1767171985.1512382,0,-4,-145
1767171985.1612382,0,-1,-140
1767171985.1712382,1,-1,-146
1767171985.1812382,0,-1,-143
1767171985.1912382,3,0,-146
1767171985.2012382,3,3,-149
1767171985.211238,1,2,-148
1767171985.221238,3,0,-147
1767171985.231238,6,1,-144
1767171985.241238,4,0,-148
1767171985.251238,3,-1,-147
1767171985.261238,5,-1,-144
1767171985.271238,4,-2,-141
1767171985.281238,2,0,-147
1767171985.291238,6,-1,-144
1767171985.301238,6,-2,-146
1767171985.311238,4,1,-148
1767171985.321238,4,-1,-144
1767171985.3312385,2,-2,-147
1767171985.3412385,-1,-4,-149
1767171985.3512385,-10,-1,-144
1767171985.3612382,-13,-1,-145
1767171985.3712382,-9,-3,-139
1767171985.3812382,-8,-3,-140
1767171985.3912382,-8,-6,-145
1767171985.4012382,-5,-8,-144
1767171985.4112382,0,-5,-144
1767171985.4212382,2,-2,-146
1767171985.4312382,0,4,-147
1767171985.4412382,-2,4,-153
1767171985.4512382,-1,3,-146
1767171985.461238,-2,4,-147
1767171985.471238,0,4,-156
1767171985.481238,-1,2,-161
1767171985.491238,-6,-2,-150
1767171985.501238,-4,-4,-143
1767171985.511238,-3,-8,-147
1767171985.521238,-6,0,-147
1767171985.531238,-2,0,-150
1767171985.541238,-6,2,-144
1767171985.551238,-2,-1,-139
1767171985.561238,-3,0,-141
1767171985.571238,-6,-2,-138
1767171985.5812385,-8,-1,-134
1767171985.5912385,-8,1,-135
1767171985.6012385,-8,2,-139
1767171985.6112382,-9,0,-143
1767171985.6212382,-13,0,-150
1767171985.6312382,-10,-1,-155
1767171985.6412382,-8,-3,-155
1767171985.6512382,-3,-1,-151
1767171985.6612382,0,0,-152
1767171985.6712382,-3,1,-155
1767171985.6812382,-4,1,-159
1767171985.6912382,-1,0,-157
1767171985.7012382,-3,0,-154
1767171985.711238,-4,-2,-148
1767171985.721238,-2,-5,-152
1767171985.731238,-3,-6,-154
1767171985.741238,-4,-3,-154
1767171985.751238,0,-2,-152
1767171985.761238,1,0,-150
1767171985.771238,4,0,-146
1767171985.781238,3,0,-146
1767171985.791238,3,-1,-141
1767171985.801238,4,-2,-142
1767171985.811238,-1,-2,-147
1767171985.821238,-6,-6,-151
1767171985.8312385,-4,-6,-150
1767171985.8412385,-4,-3,-150
1767171985.8512385,-3,-4,-154
1767171985.8612382,-1,-2,-148
1767171985.8712382,0,-3,-150
1767171985.8812382,-1,-2,-151
1767171985.8912382,0,1,-149
1767171985.9012382,2,2,-141
1767171985.9112382,4,3,-135
1767171985.9212382,4,1,-140
1767171985.9312382,2,0,-131
1767171985.9412382,3,-1,-137
1767171985.9512382,5,0,-149
1767171985.961238,0,2,-154
1767171985.971238,-4,1,-147
1767171985.981238,-7,0,-148
1767171985.991238,-3,1,-152
1767171986.001238,-2,-1,-147
1767171986.011238,4,2,-140
1767171986.021238,6,0,-140
1767171986.031238,1,-1,-148
1767171986.041238,3,-6,-157
1767171986.051238,3,-4,-156
1767171986.061238,3,-4,-160
1767171986.071238,4,-4,-158
1767171986.0822382,1,-2,-153
1767171986.0922382,2,0,-148
1767171986.1022382,4,-3,-146
1767171986.1122382,3,-9,-144
1767171986.1222382,3,-10,-146
1767171986.132238,0,-7,-157
1767171986.142238,-1,-7,-153
1767171986.152238,-3,-4,-152
1767171986.162238,-3,0,-148
1767171986.172238,-6,0,-145
1767171986.182238,-6,2,-149
1767171986.192238,-3,0,-141
1767171986.202238,3,-2,-141
1767171986.212238,6,-4,-139
1767171986.222238,6,-2,-141
1767171986.232238,6,-1,-146
1767171986.242238,4,-3,-145
1767171986.252238,1,-3,-146
1767171986.2622385,1,-4,-143
1767171986.2722385,6,-4,-139
1767171986.2822382,5,-5,-143
1767171986.2922382,7,-6,-153
1767171986.3022382,4,-6,-152
1767171986.3122382,2,-6,-147
1767171986.3222382,5,-7,-137
1767171986.3322382,6,-5,-134
1767171986.3422382,7,-4,-134
1767171986.3522382,3,0,-139
1767171986.3622382,3,2,-139
1767171986.3722382,4,1,-138
1767171986.382238,4,0,-142
1767171986.392238,5,-4,-140
1767171986.402238,7,-9,-139
1767171986.412238,2,-7,-143
1767171986.422238,-1,-8,-149
1767171986.432238,-5,-5,-149
1767171986.442238,-5,-3,-147
1767171986.452238,-8,0,-147
1767171986.462238,-6,0,-148
1767171986.472238,-1,1,-148
1767171986.482238,6,1,-154
1767171986.492238,9,-1,-150
1767171986.502238,8,-2,-147
1767171986.5122385,6,-1,-147
1767171986.5222385,4,-4,-147
1767171986.5322382,3,-5,-150
1767171986.5422382,3,-3,-150
1767171986.5522382,1,-3,-151
1767171986.5622382,4,-4,-151
1767171986.5722382,6,-1,-150
1767171986.5822382,2,0,-151
1767171986.5922382,2,0,-155
1767171986.6022382,3,0,-162
1767171986.6122382,6,-3,-157
1767171986.6222382,4,-2,-151
1767171986.632238,3,-2,-152
1767171986.642238,-5,0,-142
1767171986.652238,-6,-1,-141
1767171986.662238,-4,0,-139
1767171986.672238,-2,3,-141
1767171986.682238,0,3,-143
1767171986.692238,-2,2,-140
1767171986.702238,-4,2,-137
1767171986.712238,-3,0,-135
1767171986.722238,-2,-2,-132
1767171986.732238,-2,-1,-138
1767171986.742238,-2,-5,-145
1767171986.752238,-3,-7,-143
1767171986.7622385,-4,-6,-143
1767171986.7722385,-7,-3,-145
1767171986.7822382,-8,2,-149
1767171986.7922382,-6,4,-145
1767171986.8022382,-5,0,-146
1767171986.8122382,-1,1,-138
1767171986.8222382,0,1,-140
1767171986.8322382,0,-3,-143
1767171986.8422382,3,-5,-145
1767171986.8522382,4,-6,-149
1767171986.8622382,4,-1,-152
1767171986.8722382,4,0,-150
1767171986.882238,0,0,-145
1767171986.892238,0,-2,-149
1767171986.902238,0,-4,-156
1767171986.912238,-5,-2,-147
1767171986.922238,-4,-1,-148
1767171986.932238,0,0,-146
1767171986.942238,1,0,-150
1767171986.952238,0,0,-151
1767171986.962238,1,1,-151
1767171986.972238,2,2,-149
1767171986.982238,-3,1,-151
1767171986.992238,-2,0,-157
1767171987.002238,-2,-1,-151
1767171987.0122385,-2,-2,-144
1767171987.0222385,0,-1,-147
1767171987.0322382,-1,5,-142
1767171987.0422382,0,3,-142
1767171987.0522382,0,0,-142
1767171987.0622382,-1,-2,-143
1767171987.0722382,0,-4,-146
1767171987.0822382,0,-9,-141
1767171987.0922382,-1,-5,-146
1767171987.1022382,-2,-2,-146
1767171987.1122382,-2,-6,-147
1767171987.1222382,-2,-4,-144
1767171987.132238,-2,-6,-136
1767171987.142238,0,-4,-136
1767171987.152238,1,-4,-141
1767171987.162238,1,1,-138
1767171987.172238,3,5,-135
1767171987.182238,-1,5,-143
1767171987.192238,-3,5,-146
1767171987.202238,-1,4,-144
1767171987.212238,0,4,-143
1767171987.222238,-2,3,-154
1767171987.232238,0,0,-158
1767171987.242238,2,0,-154
1767171987.252238,2,0,-157
1767171987.2622385,0,1,-160
1767171987.2722385,3,-2,-159
1767171987.2822382,4,0,-155
1767171987.2922382,3,1,-152
1767171987.3022382,2,-3,-149
1767171987.3122382,0,-5,-151
1767171987.3222382,2,-5,-151
1767171987.3322382,1,-6,-153
1767171992.366238,0,-6,-142
1767171992.3742385,-4,-3,-149
1767171992.3842382,-2,-2,-147
1767171992.3942382,-5,-1,-144
1767171992.4042382,-4,0,-141
1767171992.4142382,-2,0,-144
1767171992.4242382,-5,-2,-142
1767171992.4342382,-2,-1,-143
1767171992.4442382,-3,-5,-147
1767171992.4542382,-2,-3,-149
1767171992.4642382,-2,0,-144
1767171992.4742382,-5,-2,-144
1767171992.484238,-6,-4,-147
1767171992.494238,-2,-1,-147
1767171992.504238,-1,1,-143
1767171992.514238,0,2,-142
1767171992.524238,-3,2,-139
1767171992.534238,-7,0,-143
1767171992.544238,-7,0,-145
1767171992.554238,-3,-4,-134
1767171992.564238,2,-4,-136
1767171992.574238,0,-4,-141
1767171992.584238,-2,-1,-144
1767171992.594238,2,0,-140
1767171992.6042385,5,-4,-141
1767171992.6142385,1,-5,-142
1767171992.6242385,0,-2,-150
1767171992.6342382,1,-2,-145
1767171992.6442382,1,-2,-145
1767171992.6542382,2,-3,-146
1767171992.6642382,0,-3,-136
1767171992.6742382,1,-5,-141
1767171992.6842382,1,-4,-145
1767171992.6942382,3,-4,-144
1767171992.7042382,0,-3,-144
1767171992.7142382,2,1,-152
1767171992.7242382,2,0,-150
1767171992.734238,0,-2,-148
1767171992.744238,0,-6,-147
1767171992.754238,-4,-3,-146
1767171992.764238,-1,-1,-149
1767171992.774238,-1,-3,-147
1767171992.784238,-1,-3,-144
1767171992.794238,-2,-6,-149
1767171992.804238,-5,-5,-147
1767171992.814238,-6,-1,-150
1767171992.824238,-4,1,-149
1767171992.834238,0,3,-148
1767171992.844238,0,2,-141
1767171992.8542385,0,1,-142
1767171992.8642385,3,2,-146
1767171992.8742385,1,1,-149
1767171992.8842382,6,1,-147
1767171992.8942382,6,2,-141
1767171992.9042382,1,1,-144
1767171992.9142382,-1,0,-140
1767171992.9242382,-2,1,-144
1767171992.9342382,0,0,-141
1767171992.9442382,-2,0,-142
1767171992.9542382,0,0,-132
1767171992.9642382,2,4,-129
1767171992.9742382,0,2,-132
1767171992.984238,1,-2,-134
1767171992.994238,3,-1,-138
1767171993.004238,-1,4,-141
1767171993.014238,0,4,-144
1767171993.024238,1,2,-143
1767171993.034238,0,0,-149
1767171993.044238,0,-1,-148
1767171993.054238,2,-1,-145
1767171993.064238,3,3,-145
1767171993.074238,-1,-1,-149
1767171993.084238,-2,-3,-146
1767171993.094238,-2,-3,-149
1767171993.1042385,0,-5,-148
1767171993.1142385,-1,-7,-142
1767171993.1242385,-8,-9,-141
1767171993.1342382,-11,-4,-142
1767171993.1442382,-8,-2,-145
1767171993.1542382,-9,0,-145
1767171993.1642382,-7,0,-150
1767171993.1742382,-5,-1,-147
1767171993.1842382,-2,-3,-142
1767171993.1942382,0,-2,-142
1767171993.2042382,0,-1,-138
1767171993.2142382,1,0,-138
1767171993.2242382,2,-1,-140
1767171993.234238,7,-3,-135
1767171993.244238,6,-5,-133
1767171993.254238,6,-5,-127
1767171993.264238,1,-6,-126
1767171993.274238,-1,-13,-127
1767171993.284238,-1,-7,-130
1767171993.294238,-3,-6,-133
1767171993.304238,-4,-1,-140
1767171993.314238,0,-2,-146
1767171993.324238,-1,0,-147
1767171993.334238,-1,0,-146
1767171993.344238,1,0,-146
1767171993.3542385,3,0,-146
1767171993.3642385,6,-2,-142
1767171993.3742385,5,-1,-140
1767171993.3842382,5,1,-144
1767171993.3942382,0,0,-138
1767171993.4042382,-2,-4,-152
1767171993.4142382,-2,-7,-146
1767171993.4242382,-3,-4,-147
1767171993.4342382,-7,-3,-147
1767171993.4442382,-10,-4,-150
1767171993.4542382,-13,0,-157
1767171993.4642382,-9,1,-153
1767171993.4742382,-5,3,-148
1767171993.484238,-2,4,-144
1767171993.494238,0,5,-141
1767171993.504238,5,4,-141
1767171993.514238,9,1,-139
1767171993.524238,10,1,-139
1767171993.534238,11,-2,-142
1767171993.544238,13,-2,-145
1767171993.554238,13,0,-149
1767171993.564238,9,0,-146
1767171993.574238,5,-5,-143
1767171993.584238,2,-4,-145
1767171993.594238,0,1,-143
1767171993.6042385,-1,-3,-147
1767171993.6142385,1,-5,-142
1767171993.6252382,6,-3,-148
1767171993.6342382,5,-5,-145
1767171993.6452382,4,-8,-138
1767171993.6552382,2,-6,-136
1767171993.665238,-2,-1,-137
1767171993.675238,-1,0,-143
1767171993.685238,-1,0,-141
1767171993.695238,0,3,-144
1767171993.705238,-2,0,-148
1767171993.715238,-2,-1,-152
1767171993.725238,-1,-5,-151
1767171993.735238,4,-3,-145
1767171993.745238,2,-3,-142
1767171993.755238,0,-1,-143
1767171993.765238,0,0,-138
1767171993.775238,-1,-7,-146
1767171993.7852385,-2,-9,-143
1767171993.7952385,-3,-5,-143
1767171993.8052382,-4,-3,-146
1767171993.8152382,-3,0,-137
1767171993.8252382,0,0,-136
1767171993.8352382,-1,2,-137
1767171993.8452382,-2,-1,-138
1767171993.8552382,-8,0,-142
1767171993.8652382,-12,0,-143
1767171993.8752382,-10,2,-137
1767171993.8852382,-9,1,-133
1767171993.8952382,-3,2,-132
1767171993.9052382,-5,1,-139
1767171993.915238,-5,2,-140
1767171993.925238,-5,4,-140
1767171993.935238,-3,7,-142
1767171993.945238,-6,7,-140
1767171993.955238,-5,8,-135
1767171993.965238,0,8,-136
1767171993.975238,0,6,-144
1767171993.985238,1,3,-146
1767171993.995238,0,4,-146
1767171994.005238,0,5,-148
1767171994.015238,-1,3,-148
1767171994.025238,0,4,-148
1767171994.0352385,0,2,-153
1767171994.0452385,-3,0,-151
1767171994.0562382,-2,0,-151
1767171994.0652382,-3,1,-152
1767171994.0752382,-9,1,-150
1767171994.0852382,-7,1,-153
1767171994.0952382,-7,-1,-155
1767171994.1052382,-7,-3,-151
1767171994.1152382,-5,-2,-145
1767171994.1252382,-6,0,-151
1767171994.1352382,-1,-1,-146
1767171994.1452382,-1,1,-148
1767171994.1552382,-2,5,-139
1767171994.165238,-4,7,-144
1767171994.175238,-7,3,-146
1767171994.185238,-5,3,-144
1767171994.195238,-10,2,-143
1767171994.205238,-11,2,-138
1767171994.215238,-11,0,-139
1767171994.225238,-7,0,-142
1767171994.235238,-8,0,-141
1767171994.245238,-6,0,-141
1767171994.255238,-6,-4,-145
1767171994.265238,-1,-7,-150
1767171994.275238,-4,0,-146
1767171994.2852385,-2,3,-149
1767171994.2952385,-2,3,-148
1767171994.3052382,0,3,-146
1767171994.3152382,-5,5,-145
1767171994.3252382,-7,5,-149
1767171994.3352382,-7,4,-155
1767171994.3452382,-9,1,-156
1767171994.3552382,-7,0,-154
1767171994.3652382,-9,-2,-154
1767171994.3752382,-9,-1,-152
1767171994.3852382,-10,0,-156
1767171994.3952382,-7,0,-156
1767171994.4052382,-7,0,-153
1767171994.415238,-6,1,-159
1767171994.425238,-7,-2,-154
1767171994.435238,-8,-6,-153
1767171994.445238,-8,-7,-153
1767171994.455238,-10,-3,-154
1767171994.465238,-7,1,-149
1767171994.475238,-9,2,-155
1767171994.485238,-7,0,-150
1767171994.495238,-4,3,-145
1767171994.505238,-3,-2,-148
1767171994.515238,-4,-2,-151
1767171994.525238,-8,3,-153
1767171994.5352385,-4,3,-149
1767171994.5452385,-6,1,-153
1767171994.5552382,-3,0,-155
1767171994.5652382,1,-3,-149
1767171994.5752382,2,-4,-148
1767171994.5852382,-3,-5,-136
1767171994.5952382,-7,0,-131
1767171994.6052382,-7,2,-131
1767171994.6152382,-6,2,-136
1767171994.6252382,-4,0,-136
1767171994.6352382,0,-1,-139
1767171994.6452382,1,0,-145
1767171994.6552382,0,1,-147
1767171994.665238,0,0,-141
1767171994.675238,0,-1,-142
1767171994.685238,0,-2,-150
1767171994.695238,-2,-6,-151
1767171994.705238,0,-6,-144
1767171994.715238,0,-5,-133
1767171994.725238,4,-7,-137
1767171994.735238,3,-8,-140
1767171994.745238,5,-7,-138
1767171994.755238,7,-7,-133
1767171994.765238,2,-1,-139
1767171994.775238,0,1,-136
1767171994.7852385,-2,1,-141
1767171994.7952385,0,5,-143
1767171994.8052382,-2,1,-143
1767171994.8152382,0,-2,-145
1767171994.8252382,-2,-4,-152
1767171994.8352382,-1,-7,-156
1767171994.8452382,-4,-5,-160
1767171994.8552382,-3,-2,-161
1767171994.8652382,-7,0,-156
1767171994.8752382,-4,0,-158
1767171994.8852382,-2,0,-150
1767171994.8952382,0,0,-142
1767171994.9052382,-3,0,-141
1767171994.915238,-3,2,-142
1767171994.925238,-5,4,-148
1767171994.935238,-3,4,-145
1767171994.945238,0,0,-149
1767171994.955238,0,0,-148
1767171994.965238,2,2,-151
1767171994.975238,1,0,-151
1767171994.985238,4,-2,-151
1767171994.995238,5,-4,-153
1767171995.005238,4,-5,-147
1767171995.015238,1,-3,-143
1767171995.025238,-3,-2,-144
1767171995.0352385,-2,1,-140
1767171995.0452385,-4,2,-140
1767171995.0552382,-3,5,-140
1767171995.0652382,-6,1,-131
1767171995.0752382,-2,0,-135
1767171995.0852382,0,0,-144
1767171995.0952382,0,2,-141
1767171995.1052382,1,0,-142
1767171995.1152382,0,0,-139
1767171995.1252382,4,-2,-135
1767171995.1352382,4,-2,-140
1767171995.1452382,4,-10,-143
1767171995.1552382,3,-13,-143
1767171995.165238,10,-12,-137
1767171995.175238,8,-7,-142
1767171995.185238,2,-7,-139
1767171995.195238,4,-7,-137
1767171995.205238,3,-7,-138
1767171995.215238,0,-6,-144
1767171995.225238,0,-5,-144
1767171995.235238,-2,-4,-141
1767171995.245238,3,-8,-140
1767171995.255238,7,-6,-138
1767171995.265238,1,-5,-144
1767171995.275238,3,-3,-146
1767171995.2852385,5,-2,-149
1767171995.2952385,5,1,-151
1767171995.3052382,0,1,-153
1767171995.3152382,0,2,-145
1767171995.3252382,-1,1,-143
1767171995.3352382,0,0,-139
1767171995.3452382,2,0,-136
1767171995.3552382,-3,1,-132
1767171995.3652382,0,6,-141
1767171995.3752382,0,10,-144
1767171995.3852382,4,6,-144
1767171995.3952382,7,4,-141
1767171995.4052382,5,4,-142
1767171995.415238,2,4,-149
1767171995.425238,5,4,-147
1767171995.435238,0,3,-146
1767171995.445238,-5,-2,-145
1767171995.455238,-4,-5,-141
1767171995.465238,-2,-5,-143
1767171995.475238,-6,-5,-148
1767171995.485238,-7,-6,-150
1767171995.495238,-3,-2,-153
1767171995.505238,-2,-4,-151
1767171995.515238,0,-8,-152
1767171995.525238,0,-10,-153
1767171995.5352385,-2,-5,-155
1767171995.5452385,-3,-2,-154
1767171995.5552382,-1,-2,-157
1767171995.5652382,-1,0,-160
1767171995.5752382,-2,-4,-155
1767171995.5852382,-1,-5,-153
1767171995.5952382,-1,-5,-153
1767171995.6052382,2,0,-154
1767171995.6152382,2,-1,-150
1767171995.6252382,0,3,-145
1767171995.6352382,0,0,-142
1767171995.6452382,3,0,-137
1767171995.6552382,1,4,-141
1767171995.665238,1,6,-142
1767171995.675238,2,0,-147
1767171995.685238,0,0,-145
1767171995.695238,0,0,-147
1767171995.705238,0,-3,-146
1767171995.715238,-2,-7,-150
1767171995.725238,-3,-4,-152
1767171995.735238,0,-2,-150
1767171995.745238,1,0,-142
1767171995.755238,-3,0,-135
1767171995.765238,-5,-3,-136
1767171995.775238,-5,-4,-145
1767171995.7852385,-3,-3,-144
1767171995.7952385,0,-2,-137
1767171995.8052382,0,0,-143
1767171995.8152382,-4,0,-134
1767171995.8252382,-2,-2,-138
1767171995.8352382,-1,-5,-136
1767171995.8452382,-1,-5,-140
1767171995.8552382,0,-4,-140
1767171995.8652382,-1,-3,-141
1767171995.8752382,-2,0,-149
1767171995.8852382,0,-3,-156
1767171995.8952382,0,-4,-154
1767171995.9052382,1,-2,-146
1767171995.915238,1,-1,-144
1767171995.925238,0,0,-143
1767171995.935238,-4,3,-144
1767171995.945238,-6,4,-145
1767171995.955238,-5,6,-140
1767171995.965238,-4,4,-144
1767171995.975238,-2,3,-149
1767171995.985238,-4,2,-150
1767171995.995238,-5,-2,-147
1767171996.005238,-6,-4,-149
1767171996.015238,-4,-1,-156
1767171996.025238,-1,-1,-148
1767171996.0352385,0,-5,-149
1767171996.0452385,3,-1,-150
1767171996.0552382,8,0,-150
1767171996.0652382,7,1,-150
1767171996.0752382,4,3,-141
1767171996.0852382,7,1,-139
1767171996.0952382,5,-1,-142
1767171996.1052382,3,-6,-149
1767171996.1152382,3,-7,-145
1767171996.1252382,6,-6,-148
1767171996.1352382,3,-3,-153
1767171996.1452382,0,-1,-153
1767171996.1552382,-1,-3,-148
1767171996.165238,-2,-1,-150
1767171996.176238,2,0,-145
1767171996.186238,2,0,-147
1767171996.196238,2,-1,-147
1767171996.2062385,1,0,-146
1767171996.2162385,-4,0,-147
1767171996.2262385,-2,-2,-150
1767171996.2362382,-2,-2,-145
1767171996.2462382,0,-1,-142
1767171996.2562382,-5,-3,-137
1767171996.2662382,-6,-5,-134
1767171996.2762382,-5,-4,-138
1767171996.2862382,-7,-6,-143
1767171996.2962382,-8,-11,-141
1767171996.3062382,-5,-10,-138
1767171996.3162382,-6,-7,-139
1767171996.3262382,-3,-6,-137
1767171996.336238,-2,-3,-139
1767171996.346238,-3,0,-141
1767171996.356238,0,-3,-145
1767171996.366238,0,-1,-139
1767171996.376238,-3,0,-142
1767171996.386238,-3,-1,-142
1767171996.396238,-4,-2,-142
1767171996.406238,-1,1,-139
1767171996.416238,-4,2,-145
1767171996.426238,-3,3,-150
1767171996.436238,0,3,-146
1767171996.446238,2,1,-145
1767171996.4562385,1,0,-140
1767171996.4662385,0,-2,-141
1767171996.4762385,0,-2,-142
1767171996.4862382,4,-4,-143
1767171996.4962382,5,-5,-136
1767171996.5062382,0,-4,-130
1767171996.5162382,1,-2,-129
1767171996.5262382,-4,0,-131
1767171996.5362382,-3,3,-133
1767171996.5462382,-2,0,-144
1767171996.5562382,-3,-2,-141
1767171996.5662382,-6,-2,-143
1767171996.5762382,-4,0,-146
1767171996.586238,-1,0,-150
1767171996.596238,-2,-2,-146
1767171996.606238,0,-2,-138
1767171996.616238,2,1,-140
1767171996.626238,0,2,-138
1767171996.636238,0,-1,-134
1767171996.646238,2,-2,-132
1767171996.656238,2,-3,-131
1767171996.666238,1,0,-136
1767171996.676238,3,-3,-143
1767171996.686238,7,-4,-142
1767171996.696238,6,-4,-147
1767171996.7062385,5,-5,-148
1767171996.7162385,1,-8,-143
1767171996.7262385,0,-8,-137
1767171996.7362382,2,-8,-138
1767171996.7462382,0,-12,-140
1767171996.7562382,0,-15,-142
1767171996.7662382,-1,-11,-138
1767171996.7762382,1,-8,-140
1767171996.7862382,0,-5,-143
1767171996.7962382,1,-3,-146
1767171996.8062382,4,-5,-144
1767171996.8162382,3,-5,-136
1767171996.8262382,1,-11,-139
1767171996.836238,0,-5,-140
1767171996.846238,1,-3,-142
1767171996.856238,1,-1,-138
1767171996.866238,1,0,-142
1767171996.876238,2,2,-140
1767171996.886238,0,9,-141
1767171996.896238,1,5,-140
1767171996.906238,-1,7,-132
1767171996.916238,-3,5,-141
1767171996.926238,0,8,-152
1767171996.936238,4,6,-151
1767171996.946238,3,3,-147
1767171996.9562385,7,-1,-146
1767171996.9662385,1,1,-150
1767171996.9762385,0,-1,-145
1767171996.9862382,0,-2,-141
1767171996.9962382,0,-2,-140
1767171997.0062382,0,0,-138
1767171997.0162382,1,0,-140
1767171997.0262382,-1,-1,-139
1767171997.0362382,-7,-3,-149
1767171997.0462382,-9,-2,-152
1767171997.0562382,-9,-4,-150
1767171997.0662382,-10,0,-150
1767171997.0762382,-11,-2,-153
1767171997.086238,-10,-2,-150
1767171997.096238,-8,-4,-152
1767171997.106238,-4,-3,-148
1767171997.116238,-6,-1,-142
1767171997.126238,-3,-1,-138
1767171997.136238,-1,-4,-135
1767171997.146238,-1,0,-134
1767171997.156238,2,3,-136
1767171997.166238,4,4,-142
1767171997.176238,6,1,-146
1767171997.186238,3,-4,-143
1767171997.196238,4,-3,-138
1767171997.2062385,0,-1,-140
1767171997.2162385,4,1,-151
1767171997.2262385,1,0,-151
1767171997.2362382,4,0,-152
1767171997.2462382,0,-1,-147
1767171997.2562382,-2,0,-151
1767171997.2662382,-5,-3,-156
1767171997.2762382,-4,0,-159
1767171997.2862382,-3,3,-162
1767171997.2962382,-5,0,-161
1767171997.3062382,-8,4,-155
1767171997.3162382,-1,2,-157
1767171997.3262382,-2,2,-156
1767171997.336238,-1,0,-151
1767171997.346238,4,-3,-143
1767171997.356238,2,-6,-146
1767171997.3782382,-3,-3,-140
1767171997.386238,-1,-2,-143
1767171997.396238,0,-4,-140
1767171997.406238,1,-7,-136
1767171997.416238,-1,-6,-140
1767171997.426238,-2,-9,-141
1767171997.436238,-3,-11,-141
1767171997.446238,-1,-10,-142
1767171997.4562385,-2,-10,-148
1767171997.4662385,-3,-10,-148
1767171997.4762385,-7,-3,-147
1767171997.4862382,-7,-3,-142
1767171997.4962382,-6,-5,-141
1767171997.5062382,-2,-5,-137
1767171997.5162382,-3,-7,-140
1767171997.5262382,1,-7,-145
1767171997.5362382,3,-5,-140
1767171997.5462382,1,0,-140
1767171997.5562382,-2,4,-136
1767171997.5662382,0,4,-138
1767171997.5762382,-5,5,-138
1767171997.586238,2,0,-142
1767171997.596238,5,2,-143
1767171997.606238,8,1,-136
1767171997.616238,4,0,-139
1767171997.626238,5,0,-135
1767171997.636238,4,-2,-142
1767171997.646238,3,-6,-138
1767171997.656238,4,-9,-138
1767171997.666238,7,-7,-142
1767171997.676238,1,-3,-142
1767171997.686238,0,-4,-139
1767171997.696238,-3,-4,-146
1767171997.7062385,-7,-4,-150
1767171997.7162385,-7,-2,-148
1767171997.7262385,-3,0,-151
1767171997.7362382,-1,-1,-155
1767171997.7462382,3,-1,-157
1767171997.7562382,3,0,-161
1767171997.7662382,2,-1,-163
1767171997.7762382,0,-3,-155
1767171997.7862382,-2,-4,-150
1767171997.7962382,0,-3,-145
1767171997.8062382,1,-5,-147
1767171997.8162382,1,-3,-149
1767171997.8262382,0,-2,-151
1767171997.836238,-2,-6,-154
1767171997.846238,-1,-6,-144
1767171997.856238,-1,-1,-137
1767171997.866238,-4,0,-139
1767171997.876238,-3,0,-137
1767171997.886238,-2,-4,-144
1767171997.896238,-4,-5,-150
1767171997.906238,-3,-6,-152
1767171997.916238,-2,-5,-148
1767171997.926238,-3,-4,-149
1767171997.936238,1,-3,-144
1767171997.946238,1,-6,-148
1767171997.9562385,3,-4,-148
1767171997.9662385,-3,-3,-149
1767171997.9762385,-2,-5,-147
1767171997.9862382,-8,-2,-151
1767171997.9962382,-8,0,-153
1767171998.0062382,-4,0,-151
1767171998.0162382,-4,0,-148
1767171998.0262382,0,0,-148
1767171998.0362382,0,0,-151
1767171998.0462382,-1,0,-153
1767171998.0562382,1,2,-150
1767171998.0662382,1,0,-144
1767171998.0762382,2,-4,-145
1767171998.086238,-3,0,-150
1767171998.096238,0,0,-151
1767171998.106238,2,0,-145
1767171998.116238,0,0,-148
1767171998.126238,-2,2,-140
1767171998.136238,-1,3,-139
1767171998.146238,0,3,-135
1767171998.156238,-1,2,-140
1767171998.166238,-2,1,-138
1767171998.176238,1,-4,-141
1767171998.186238,0,-2,-143
1767171998.196238,-2,-2,-137
1767171998.2062385,-2,-1,-141
1767171998.2162385,-5,0,-142
1767171998.2262385,-2,0,-147
1767171998.2362382,0,-2,-151
1767171998.2462382,-3,-7,-152
1767171998.2562382,2,-4,-148
1767171998.2662382,8,-3,-146
1767171998.2762382,6,-2,-147
1767171998.2862382,2,-5,-150
1767171998.2962382,6,-7,-147
1767171998.3062382,3,-8,-149
1767171998.3162382,2,-11,-147
1767171998.3262382,4,-9,-149
1767171998.336238,1,-8,-155
1767171998.346238,1,-4,-150
1767171998.357238,1,0,-150
1767171998.366238,0,-1,-150
1767171998.376238,2,1,-150
1767171998.386238,2,-4,-152
1767171998.396238,4,-4,-147
1767171998.406238,7,-1,-140
1767171998.416238,3,0,-144
1767171998.426238,3,0,-143
1767171998.436238,3,0,-137
1767171998.446238,4,0,-132
1767171998.4562385,4,-2,-136
1767171998.4662385,4,0,-137
1767171998.4762385,3,-3,-139
1767171998.4862382,0,-2,-143
1767171998.4962382,-1,-3,-147
1767171998.5062382,-1,-3,-146
1767171998.5162382,-2,-2,-146
1767171998.5262382,-6,4,-144
1767171998.5362382,-3,5,-142
1767171998.5462382,0,2,-138
1767171998.5562382,0,-2,-136
1767171998.5662382,0,0,-144
1767171998.5762382,-1,-2,-152
1767171998.586238,0,0,-162
1767171998.596238,2,1,-165
1767171998.606238,4,2,-159
1767171998.616238,4,0,-155
1767171998.626238,-1,2,-151
1767171998.636238,0,-1,-152
1767171998.646238,-3,0,-152
1767171998.656238,-1,1,-143
1767171998.666238,0,-2,-140
1767171998.676238,2,-3,-144
1767171998.6872382,-1,-1,-146
1767171998.696238,0,-3,-145
1767171998.7072382,1,-5,-143
1767171998.7162385,4,-4,-135
1767171998.7262385,1,-1,-135
1767171998.7372382,0,-5,-139
1767171998.7472382,0,-2,-142
1767171998.757238,2,0,-141
1767171998.7662382,2,-1,-140
1767171998.777238,-1,0,-142
1767171998.787238,-1,-1,-143
1767171998.797238,0,2,-143
1767171998.807238,2,3,-143
1767171998.817238,1,1,-144
1767171998.827238,0,0,-139
1767171998.837238,0,0,-133
1767171998.847238,6,2,-140
1767171998.857238,5,-1,-143
1767171998.867238,3,-4,-141
1767171998.877238,2,-5,-146
1767171998.8872385,4,-9,-144
1767171998.8972385,1,-13,-148
1767171998.9072382,0,-11,-149
1767171998.9172382,0,-8,-149
1767171998.9272382,-2,-6,-151
1767171998.9372382,-2,-4,-151
1767171998.9472382,-1,0,-153
1767171998.9572382,2,0,-146
1767171998.9672382,0,2,-143
1767171998.9772382,2,4,-146
1767171998.9872382,1,4,-152
1767171998.9972382,2,0,-151
1767171999.007238,-1,-6,-143
1767171999.017238,-1,-10,-137
1767171999.027238,-5,-4,-136
1767171999.037238,-4,-1,-138
1767171999.047238,-4,0,-134
1767171999.057238,-1,-4,-138
1767171999.067238,-1,-2,-133
1767171999.077238,-3,-1,-135
1767171999.087238,-1,-1,-135
1767171999.097238,-2,3,-140
1767171999.107238,-1,0,-138
1767171999.117238,-2,-1,-139
1767171999.127238,-2,-1,-142
1767171999.1372385,-4,-2,-140
1767171999.1472385,-6,3,-139
1767171999.1572382,-8,4,-135
1767171999.1672382,-11,0,-135
1767171999.1772382,-10,0,-136
1767171999.1872382,-9,-4,-138
1767171999.1972382,-6,-6,-140
1767171999.2072382,-4,-5,-149
1767171999.2172382,-7,1,-143
1767171999.2272382,-3,0,-141
1767171999.2372382,0,0,-148
1767171999.2472382,-1,0,-149
1767171999.257238,4,0,-145
1767171999.267238,1,0,-143
1767171999.277238,0,-2,-150
1767171999.287238,-3,-6,-141
1767171999.297238,-9,-6,-137
1767171999.307238,-4,0,-144
1767171999.317238,-3,-1,-145
1767171999.327238,-1,3,-144
1767171999.337238,1,0,-142
1767171999.347238,-3,0,-140
1767171999.357238,-3,-3,-146
1767171999.367238,-2,-5,-145
1767171999.377238,0,-4,-142
1767171999.3872385,-2,-2,-141
1767171999.3972385,-1,-3,-144
1767171999.4072382,0,-1,-146
1767171999.4172382,-1,-2,-147
1767171999.4272382,-3,-3,-149
1767171999.4372382,2,-6,-154
1767171999.4472382,6,-10,-156
1767171999.4572382,7,-8,-159
1767171999.4672382,4,-6,-167
1767171999.4772382,2,0,-159
1767171999.4872382,0,4,-158
1767171999.4972382,3,2,-154
1767171999.507238,0,4,-147
1767171999.517238,-3,6,-151
1767171999.527238,3,0,-153
1767171999.537238,4,1,-148
1767171999.547238,1,2,-142
1767171999.557238,1,3,-139
1767171999.567238,6,0,-138
1767171999.577238,4,0,-139
1767171999.587238,4,0,-138
1767171999.597238,5,0,-143
1767171999.607238,3,0,-155
1767171999.617238,0,0,-160
1767171999.627238,-1,-3,-151
1767171999.6372385,3,1,-150
1767171999.6472385,0,-1,-147
1767171999.6572382,0,1,-144
1767171999.6672382,0,1,-141
1767171999.6772382,3,2,-138
1767171999.6872382,0,5,-145
1767171999.6972382,5,5,-146
1767171999.7072382,0,3,-141
1767171999.7172382,3,2,-142
1767171999.7272382,-1,1,-146
1767171999.7372382,-2,1,-140
1767171999.7472382,-2,0,-141
1767171999.757238,2,3,-147
1767171999.767238,4,1,-146
1767171999.777238,3,-3,-147
1767171999.787238,2,-7,-146
1767171999.797238,4,-4,-148
1767171999.807238,4,-4,-148
1767171999.817238,2,0,-143
1767171999.827238,1,1,-144
1767171999.837238,0,-1,-143
1767171999.847238,1,-3,-141
1767171999.857238,2,-6,-146
1767171999.867238,0,-6,-140
1767171999.877238,0,-7,-144
1767171999.8872385,-1,-5,-138
1767171999.8972385,1,-2,-142
1767171999.9072382,1,-1,-141
1767171999.9172382,-1,-1,-141
1767171999.9272382,2,-1,-140
1767171999.9372382,6,0,-140
1767171999.9472382,3,3,-148
1767171999.9572382,1,3,-151
1767171999.9672382,0,1,-146
1767171999.9772382,0,0,-147
1767171999.9872382,2,-4,-149
1767171999.9972382,0,0,-150
1767172000.007238,1,0,-139
1767172000.017238,-1,0,-142
1767172000.027238,-1,1,-144
1767172000.037238,-1,0,-143
1767172000.047238,-2,3,-145
1767172000.057238,0,-2,-140
1767172000.067238,0,-3,-140
1767172000.077238,0,-2,-136
1767172000.087238,4,0,-140
1767172000.097238,3,1,-136
1767172000.107238,3,1,-137
1767172000.117238,6,0,-135
1767172000.127238,3,-1,-143
1767172000.1372385,2,-1,-142
1767172000.1472385,-1,-2,-141
1767172000.1572382,1,0,-143
1767172000.1672382,0,0,-143
1767172000.1772382,-1,-1,-141
1767172000.1872382,-3,0,-143
1767172000.1972382,-1,1,-141
1767172000.2072382,-1,0,-142
1767172000.2172382,0,-2,-142
1767172000.2272382,3,-5,-144
1767172000.2372382,5,-8,-148
1767172000.2472382,6,-5,-153
1767172000.257238,5,-3,-151
1767172000.267238,0,-2,-148
1767172000.277238,2,-4,-149
1767172000.287238,3,-1,-154
1767172000.297238,3,-3,-147
1767172000.307238,1,-3,-151
1767172000.317238,-2,1,-147
1767172000.327238,-1,0,-144
1767172000.337238,0,0,-143
1767172000.347238,1,-1,-148
1767172000.357238,3,-1,-147
1767172000.367238,0,-1,-156
1767172000.377238,2,-1,-154
1767172000.3872385,1,0,-146
1767172000.3972385,1,1,-150
1767172000.4072382,-1,0,-156
1767172000.4172382,-5,0,-154
1767172000.4272382,-7,-4,-152
1767172000.4372382,-4,-8,-155
1767172000.4472382,-1,-6,-155
1767172000.4572382,0,-5,-156
1767172000.4672382,4,-6,-153
1767172000.4772382,2,-3,-148
1767172000.4872382,0,-3,-148
1767172000.4972382,-1,-2,-156
1767172000.507238,-2,-4,-155
1767172000.517238,0,-2,-157
1767172000.527238,3,2,-156
1767172000.537238,0,0,-150
1767172000.547238,0,0,-155
1767172000.557238,0,-1,-152
1767172000.567238,-3,-4,-147
1767172000.577238,-3,-2,-144
1767172000.587238,0,-4,-146
1767172000.597238,-3,-3,-152
1767172000.607238,0,-4,-154
1767172000.617238,7,-2,-148
1767172000.627238,8,0,-147
1767172000.6372385,4,-3,-144
1767172000.6472385,2,-5,-143
1767172000.6572382,-1,-6,-140
1767172000.6672382,-1,-3,-139
1767172000.6772382,0,3,-147
1767172000.6872382,0,2,-145
1767172000.6972382,3,3,-135
1767172000.7072382,6,1,-125
1767172000.7172382,5,4,-132
1767172000.7272382,2,1,-133
1767172000.7372382,6,-3,-135
1767172000.7472382,8,-3,-143
1767172000.757238,9,-1,-143
1767172000.767238,8,-5,-147
1767172000.777238,4,-4,-144
1767172000.787238,3,-5,-148
1767172000.797238,1,-6,-149
1767172000.807238,0,-3,-149
1767172000.817238,3,2,-148
1767172000.827238,3,5,-146
1767172000.837238,1,2,-133
1767172000.847238,0,0,-136
1767172000.857238,6,-4,-137
1767172000.867238,5,1,-140
1767172000.877238,7,0,-142
1767172000.8872385,8,0,-140
1767172000.8972385,2,4,-140
1767172000.9072382,5,3,-141
1767172000.9172382,7,1,-137
1767172000.9272382,8,0,-137
1767172000.9372382,8,-1,-131
1767172000.9472382,2,-4,-129
1767172000.9572382,1,-3,-127
1767172000.9672382,3,-4,-129
1767172000.9772382,0,-3,-131
1767172000.9872382,1,0,-136
1767172000.9972382,3,2,-138
1767172001.007238,2,1,-146
1767172001.017238,2,4,-153
1767172001.027238,9,2,-155
1767172001.037238,1,0,-156
1767172001.047238,0,0,-151
1767172001.057238,-3,0,-146
1767172001.067238,-4,0,-142
1767172001.077238,-3,-1,-144
1767172001.087238,-4,-2,-147
1767172001.097238,-6,-1,-143
1767172001.107238,-9,-3,-143
1767172001.117238,-7,-2,-143
1767172001.127238,-5,-1,-149
1767172001.1372385,-9,-4,-151
1767172001.1472385,-8,-9,-149
1767172001.1572382,-5,-8,-155
1767172001.1672382,-4,-11,-150
1767172001.1772382,-1,-9,-150
1767172001.1872382,-2,-3,-148
1767172001.198238,-3,-2,-145
1767172001.208238,1,-1,-144
1767172001.2172382,1,1,-149
1767172001.228238,4,5,-149
1767172001.2372382,3,2,-146
1767172001.248238,2,0,-148
1767172001.258238,1,-1,-151
1767172001.268238,0,-2,-152
1767172001.278238,1,-2,-149
1767172001.288238,1,-1,-145
1767172001.298238,6,0,-141
1767172001.3082385,3,-2,-143
1767172001.3182385,2,2,-146
1767172001.3282382,3,4,-154
1767172001.3382382,3,4,-159
1767172001.3482382,1,-2,-155
1767172001.3582382,0,-4,-154
1767172001.3682382,3,-1,-149
1767172001.3782382,-3,-3,-149
1767172001.3882382,-2,-5,-147
1767172001.3982382,-4,-4,-144
1767172001.4082382,-2,0,-145
1767172001.4182382,-2,0,-142
1767172001.4282382,-3,-2,-144
1767172001.438238,-2,-3,-150
1767172001.448238,-5,1,-150
1767172001.458238,-3,3,-152
1767172001.468238,-1,2,-149
1767172001.478238,-4,-1,-148
1767172001.488238,0,0,-152
1767172001.498238,0,-2,-147
1767172001.508238,0,-7,-139
1767172001.518238,-1,-5,-144
1767172001.528238,-5,0,-151
1767172001.538238,-4,1,-153
1767172001.548238,-1,-1,-149
1767172001.5582385,1,-4,-140
1767172001.5682385,-2,-6,-147
1767172001.5782382,-2,-4,-145
1767172001.5882382,-1,0,-147
1767172001.5982382,-1,0,-142
1767172001.6082382,-1,2,-142
1767172001.6182382,-2,1,-141
1767172001.6282382,0,1,-142
1767172001.6382382,-1,3,-147
1767172001.6482382,-3,5,-149
1767172001.6582382,0,2,-143
1767172001.6682382,1,5,-132
1767172001.6782382,3,0,-136
1767172001.688238,2,-1,-133
1767172001.698238,0,-2,-144
1767172001.708238,2,0,-138
1767172001.718238,0,0,-134
1767172001.728238,2,1,-133
1767172001.738238,0,0,-130
1767172001.748238,0,-2,-134
1767172001.758238,2,-2,-135
1767172001.768238,6,-5,-139
1767172001.778238,2,-7,-140
1767172001.788238,2,-4,-144
1767172001.798238,7,0,-149
1767172001.8082385,4,-4,-156
1767172001.8182385,0,-2,-153
1767172001.8282382,0,-1,-153
1767172001.8382382,0,0,-158
1767172001.8482382,-1,-1,-159
1767172001.8582382,-3,-1,-154
1767172001.8682382,-6,-1,-153
1767172001.8782382,-10,-1,-148
1767172001.8882382,-5,-3,-148
1767172001.8982382,-8,-5,-149
1767172001.9082382,-13,-4,-149
1767172001.9182382,-10,-1,-142
1767172001.9282382,-4,-2,-142
1767172001.938238,0,0,-149
1767172001.948238,4,-3,-148
1767172001.958238,3,-6,-153
1767172001.968238,-1,-8,-151
1767172001.978238,-4,-3,-150
1767172001.988238,-4,-3,-146
1767172001.998238,0,-3,-155
1767172002.008238,0,-2,-149
1767172002.018238,1,-6,-150
1767172002.028238,0,-2,-153
1767172002.038238,0,-1,-159
1767172002.048238,-2,-4,-147
1767172002.0582385,2,-4,-149
1767172002.0682385,2,-4,-156
1767172002.0782382,1,-2,-154
1767172002.0882382,2,-2,-153
1767172002.0982382,-2,-3,-155
1767172002.1082382,-5,0,-152
1767172002.1182382,-2,3,-155
1767172002.1282382,0,2,-153
1767172002.1382382,0,0,-148
1767172002.1482382,0,0,-144
1767172002.1582382,0,-2,-144
1767172002.1682382,1,0,-148
1767172002.1782382,2,2,-153
1767172002.188238,-2,2,-158
1767172002.198238,0,1,-159
1767172002.208238,0,0,-158
1767172002.218238,-2,1,-154
1767172002.228238,0,0,-152
1767172002.238238,0,0,-149
1767172002.248238,-3,-2,-148
1767172002.258238,-1,2,-143
1767172002.268238,0,1,-142
1767172002.278238,0,-3,-141
1767172002.288238,1,-1,-155
1767172002.298238,-1,-1,-152
1767172002.3082385,3,-2,-144
1767172002.3182385,3,-4,-141
1767172002.3282382,1,-4,-144
1767172002.3382382,-5,-2,-148
1767172002.3482382,-2,-4,-147
1767172002.3582382,0,-3,-150
1767172002.3682382,3,-3,-151
1767172002.389238,-1,-2,-152
1767172002.3982382,2,0,-153
1767172002.4082382,0,-4,-148
1767172002.4182382,0,-3,-149
1767172002.4282382,-3,-6,-142
1767172002.438238,-4,-9,-143
1767172002.448238,-9,-9,-139
1767172002.458238,-10,-7,-139
1767172002.468238,-6,-10,-139
1767172002.478238,-5,-6,-136
1767172002.488238,-6,-5,-134
1767172002.498238,-7,-4,-141
1767172002.508238,-11,-8,-145
1767172002.518238,-8,-3,-144
1767172002.528238,-2,0,-142
1767172002.538238,0,2,-144
1767172002.548238,2,-2,-148
1767172002.5582385,0,-1,-149
1767172002.5682385,-3,0,-156
1767172002.5782382,-2,1,-152
1767172002.5882382,-4,0,-142
1767172002.5982382,-4,0,-140
1767172002.6082382,0,1,-136
1767172002.6182382,-4,0,-140
1767172002.6282382,-5,2,-143
1767172002.6382382,2,5,-143
1767172002.6482382,5,7,-142
1767172002.6582382,5,8,-146
1767172002.6682382,5,4,-146
1767172002.6782382,4,5,-140
1767172002.688238,2,-1,-135
1767172002.698238,2,-3,-137
1767172002.708238,4,-6,-141
1767172002.718238,1,-4,-147
1767172002.728238,-1,1,-142
1767172002.738238,-1,0,-146
1767172002.748238,0,0,-147
1767172002.758238,1,-2,-139
1767172002.768238,6,0,-136
1767172002.778238,4,-3,-137
1767172002.788238,4,-8,-143
1767172002.798238,2,-4,-146
1767172002.8082385,1,-4,-138
1767172002.8182385,5,-5,-138
1767172002.8282382,5,-4,-137
1767172002.8382382,3,0,-136
1767172002.8482382,0,0,-139
1767172002.8582382,-3,2,-140
1767172002.8682382,-1,6,-139
1767172002.8782382,-1,8,-137
1767172002.8882382,2,4,-136
1767172002.8982382,2,3,-136
1767172002.9082382,0,4,-135
1767172002.9182382,-2,1,-140
1767172002.9282382,-6,2,-140
1767172002.938238,-10,2,-136
1767172002.948238,-9,2,-131
1767172002.958238,0,0,-142
1767172002.968238,3,-2,-145
1767172002.978238,4,1,-146
1767172002.988238,7,0,-152
1767172002.998238,7,-2,-156
1767172003.008238,2,-5,-160
1767172003.018238,-2,-10,-154
1767172003.028238,-2,-8,-145
1767172003.038238,-2,-5,-144
1767172003.048238,-1,-5,-147
1767172003.0582385,-3,-8,-151
1767172003.0682385,-4,-10,-150
1767172003.0782382,-7,-9,-146
1767172003.0882382,-7,-6,-141
1767172003.0982382,-3,-1,-140
1767172003.1082382,0,-5,-139
1767172003.1182382,4,-5,-141
1767172003.1282382,3,-2,-140
1767172003.1382382,4,0,-141
1767172003.1482382,3,0,-142
1767172003.1582382,-3,0,-140
1767172003.1682382,-6,0,-139
1767172003.1782382,-1,2,-146
1767172003.188238,-2,7,-147
1767172003.198238,0,9,-151
1767172003.208238,1,7,-154
1767172003.218238,0,3,-154
1767172003.228238,0,0,-148
1767172003.238238,-4,0,-151
1767172003.248238,-4,0,-148
1767172003.258238,0,-1,-145
1767172003.268238,0,-2,-139
1767172003.278238,3,0,-135
1767172003.288238,0,-1,-130
1767172003.298238,1,-2,-130
1767172003.3082385,0,-3,-137
1767172003.3182385,-1,-8,-139
1767172003.3282382,1,-10,-134
1767172003.3382382,3,-13,-136
1767172003.3482382,4,-7,-142
1767172003.3582382,6,-2,-144
1767172003.3682382,0,-1,-145
1767172003.3782382,-2,-1,-149
1767172003.3882382,0,-1,-147
1767172003.3982382,0,1,-146
1767172003.4082382,0,-2,-148
1767172003.4182382,0,0,-144
1767172003.4282382,3,-1,-143
1767172003.438238,7,-3,-147
1767172003.448238,3,-1,-142
1767172003.458238,-2,-1,-138
1767172003.468238,-9,0,-140
1767172003.478238,-11,0,-147
1767172003.488238,-12,-2,-140
1767172003.498238,-14,0,-136
1767172003.508238,-11,0,-138
1767172003.518238,-3,-3,-142
1767172003.528238,2,-7,-142
1767172003.538238,2,-5,-147
1767172003.548238,0,-6,-146
1767172003.5582385,-1,-6,-150
1767172003.5682385,2,-5,-148
1767172003.5782382,2,-5,-142
1767172003.5882382,3,-7,-144
1767172003.5982382,2,-8,-148
1767172003.6082382,0,-10,-147
1767172003.6182382,0,-10,-150
1767172003.6282382,0,-6,-145
1767172003.6382382,0,1,-145
1767172003.6482382,-3,1,-144
1767172003.6582382,-2,-2,-140
1767172003.6682382,0,0,-140
1767172003.6782382,-4,0,-141
1767172003.688238,-4,2,-148
1767172003.698238,-8,1,-152
1767172003.708238,-11,0,-151
1767172003.718238,-10,3,-158
1767172003.728238,-6,0,-153
1767172003.7392385,-1,0,-146
1767172003.748238,1,-1,-141
1767172003.7592382,1,1,-143
1767172003.7692382,-2,1,-143
1767172003.778238,-4,-1,-142
1767172003.7892382,-2,-1,-135
1767172003.7992382,-1,-5,-135
1767172003.8092382,0,-4,-131
1767172003.8182385,0,-2,-135
1767172003.8292382,-5,-2,-138
1767172003.8392382,-2,-1,-133
1767172003.8492382,-3,-1,-134
1767172003.859238,-2,0,-137
1767172003.869238,-1,2,-142
1767172003.879238,2,0,-143
1767172003.889238,1,0,-142
1767172003.899238,-2,-2,-144
1767172003.909238,-1,-3,-149
1767172003.919238,-1,-1,-149
1767172003.929238,-6,-4,-149
1767172003.939238,-8,-4,-155
1767172003.949238,-5,-2,-158
1767172003.959238,-5,0,-159
1767172003.969238,0,-1,-159
1767172003.9792385,2,-1,-155
1767172003.9892385,3,-4,-150
1767172003.9992385,3,-6,-150
1767172004.0092382,4,-7,-149
1767172004.0192382,4,-5,-145
1767172004.0292382,7,-8,-146
1767172004.0392382,4,-5,-147
1767172004.0492382,6,1,-150
1767172004.0592382,2,3,-150
1767172004.0692382,1,4,-148
1767172004.0792382,3,5,-139
1767172004.0892382,1,3,-140
1767172004.0992382,0,4,-146
1767172004.109238,0,3,-148
1767172004.119238,-2,2,-152
1767172004.129238,0,0,-149
1767172004.139238,-3,0,-145
1767172004.149238,-6,-4,-134
1767172004.159238,-7,-4,-131
1767172004.169238,-4,-4,-131
1767172004.179238,-5,-1,-127
1767172004.189238,-3,-1,-128
1767172004.199238,0,0,-133
1767172004.209238,-1,-4,-135
1767172004.219238,-3,-6,-135
1767172004.2292385,-4,-6,-134
1767172004.2392385,0,-7,-138
1767172004.2492385,-7,-6,-143
1767172004.2592382,-5,-4,-148
1767172004.2692382,-3,-7,-141
1767172004.2792382,-4,-7,-138
1767172004.2892382,0,-4,-135
1767172004.2992382,0,0,-143
1767172004.3092382,-4,1,-153
1767172004.3192382,-1,5,-153
1767172004.3292382,2,3,-145
1767172004.3392382,0,-1,-144
1767172004.3492382,-3,-1,-141
1767172004.359238,2,-2,-146
1767172004.369238,2,-3,-141
1767172004.379238,1,-3,-138
1767172004.389238,2,-2,-147
1767172004.399238,0,1,-145
1767172004.409238,1,0,-140
1767172004.419238,-1,-2,-136
1767172004.429238,-1,-2,-137
1767172004.439238,2,-6,-136
1767172004.449238,2,-3,-137
1767172004.459238,0,-3,-141
1767172004.469238,-1,-1,-140
1767172004.4792385,-3,-1,-141
1767172004.4892385,-2,-6,-144
1767172004.4992385,-5,-11,-142
1767172004.5092382,-4,-9,-147
1767172004.5192382,-2,-4,-144
1767172004.5292382,-4,3,-148
1767172004.5392382,-9,4,-143
1767172004.5492382,-6,2,-141
1767172004.5592382,-5,1,-140
1767172004.5692382,-6,-1,-140
1767172004.5792382,-6,1,-145
1767172004.5892382,-5,3,-149
1767172004.5992382,-4,4,-151
1767172004.609238,-5,2,-151
1767172004.619238,-3,0,-146
1767172004.629238,-1,-3,-144
1767172004.639238,2,4,-146
1767172004.649238,2,6,-148
1767172004.659238,0,6,-149
1767172004.669238,7,5,-145
1767172004.679238,4,4,-143
1767172004.689238,2,4,-138
1767172004.699238,5,0,-136
1767172004.709238,3,4,-140
1767172004.719238,0,6,-146
1767172004.7292385,0,6,-145
1767172004.7392385,0,4,-144
1767172004.7492385,1,-2,-147
1767172004.7592382,3,1,-142
1767172004.7692382,0,0,-139
1767172004.7792382,1,-5,-142
1767172004.7892382,5,-4,-143
1767172004.7992382,7,-2,-146
1767172004.8092382,2,0,-148
1767172004.8192382,2,-2,-148
1767172004.8292382,1,-4,-152
1767172004.8392382,6,-5,-154
1767172004.8492382,5,-5,-151
1767172004.859238,6,-1,-143
1767172004.869238,4,-1,-143
1767172004.879238,3,-2,-144
1767172004.889238,2,0,-146
1767172004.899238,0,-3,-150
1767172004.909238,-1,-4,-151
1767172004.919238,2,-6,-154
1767172004.929238,0,-8,-148
1767172004.939238,0,-9,-150
1767172004.949238,2,-12,-155
1767172004.959238,3,-10,-146
1767172004.969238,4,-11,-146
1767172004.9792385,3,-13,-143
1767172004.9892385,4,-11,-143
1767172004.9992385,4,-4,-134
1767172005.0092382,2,0,-131
1767172005.0192382,0,-2,-137
1767172005.0292382,-3,-3,-133
1767172005.0392382,-1,-3,-126
1767172005.0492382,1,-2,-120
1767172005.0592382,1,-3,-125
1767172005.0692382,3,2,-131
1767172005.0792382,2,3,-134
1767172005.0892382,3,3,-132
1767172005.0992382,2,4,-128
1767172005.109238,-1,3,-128
1767172005.119238,3,2,-135
1767172005.129238,1,0,-140
1767172005.139238,-2,-1,-142
1767172005.149238,0,0,-141
1767172005.159238,4,2,-142
1767172005.169238,7,3,-147
1767172005.179238,5,3,-148
1767172005.189238,3,1,-147
1767172005.199238,3,0,-148
1767172005.209238,2,-3,-149
1767172005.219238,0,-4,-148
1767172005.2292385,0,1,-153
1767172005.2392385,-3,1,-150
1767172005.2492385,-1,-1,-149
1767172005.2592382,-3,0,-151
1767172005.2692382,-7,0,-149
1767172005.2792382,-7,-5,-146
1767172005.2892382,-8,-2,-148
1767172005.2992382,-5,2,-147
1767172005.3092382,-4,4,-146
1767172005.3192382,-6,5,-141
1767172005.3292382,0,0,-142
1767172005.3392382,0,-1,-154
1767172005.3492382,-3,-3,-155
1767172005.359238,-1,-2,-149
1767172005.369238,-6,0,-145
1767172005.379238,-5,-1,-139
1767172005.389238,-7,-2,-139
1767172005.399238,-11,0,-136
1767172005.409238,-10,-1,-128
1767172005.419238,-8,-2,-127
1767172005.429238,-4,-6,-136
1767172005.439238,-5,-2,-138
1767172005.449238,-5,-4,-142
1767172005.459238,-8,-4,-140
1767172005.469238,-8,-1,-143
1767172005.4792385,-8,-4,-145
1767172005.4892385,-5,-3,-145
1767172005.4992385,-7,-2,-142
1767172005.5092382,-4,0,-140
1767172005.5192382,-6,-3,-147
1767172005.5292382,-7,-4,-148
1767172005.5392382,-4,-2,-146
1767172005.5492382,-5,2,-148
1767172005.5592382,-5,2,-145
1767172005.5692382,-2,2,-144
1767172005.5792382,0,0,-139
1767172005.5892382,0,-1,-142
1767172005.5992382,1,0,-137
1767172005.609238,-2,-2,-133
1767172005.619238,-4,-3,-141
1767172005.629238,-1,0,-137
1767172005.639238,1,0,-139
1767172005.649238,-2,1,-138
1767172005.659238,0,0,-140
1767172005.669238,3,-3,-138
1767172005.679238,5,-4,-138
1767172005.689238,4,-1,-139
1767172005.699238,3,-1,-148
1767172005.709238,7,-3,-153
1767172005.719238,8,-2,-153
1767172005.7292385,7,-4,-160
1767172005.7392385,3,-1,-156
1767172005.7492385,-1,2,-164
1767172005.7592382,-3,3,-158
1767172005.7692382,-7,1,-151
1767172005.7792382,-5,0,-155
1767172005.7892382,-4,-2,-150
1767172005.7992382,-2,-5,-151
1767172005.8092382,-5,-5,-147
1767172005.8192382,-6,-4,-152
1767172005.8292382,-3,1,-148
1767172005.8392382,-6,4,-139
1767172005.8492382,-6,8,-139
1767172005.859238,-2,6,-143
1767172005.869238,1,5,-143
1767172005.879238,-1,0,-141
1767172005.889238,-3,-2,-139
1767172005.899238,1,0,-137
1767172005.909238,4,0,-139
1767172005.919238,1,3,-142
1767172005.929238,0,0,-144
1767172005.939238,-1,1,-140
1767172005.949238,0,4,-139
1767172005.959238,3,2,-134
1767172005.969238,2,1,-135
1767172005.9792385,6,0,-136
1767172005.9892385,4,-1,-137
1767172005.9992385,-4,-4,-144
1767172006.0092382,0,-5,-146
1767172006.0192382,0,-10,-146
1767172006.0292382,4,-5,-146
1767172006.0392382,4,-1,-142
1767172006.0492382,2,4,-147
1767172006.0592382,4,0,-148
1767172006.0692382,0,1,-155
1767172006.0792382,0,2,-155
1767172006.0892382,-3,7,-150
1767172006.0992382,-3,9,-152
1767172006.109238,0,10,-151
1767172006.119238,1,7,-148
1767172006.129238,4,2,-148
1767172006.139238,3,2,-144
1767172006.149238,1,3,-148
1767172006.159238,2,5,-149
1767172006.169238,0,4,-150
1767172006.179238,1,0,-149
1767172006.189238,-1,-1,-152
1767172006.199238,0,-1,-149
1767172006.209238,-1,0,-156
1767172006.219238,1,-1,-153
1767172006.2292385,4,-4,-154
1767172006.2392385,2,-1,-154
1767172006.2492385,-1,2,-148
1767172006.2592382,-5,0,-140
1767172006.2692382,-9,0,-141
1767172006.2802382,-8,-2,-145
1767172006.290238,-1,0,-149
1767172006.300238,2,3,-154
1767172006.310238,0,3,-155
1767172006.320238,2,3,-155
1767172006.330238,0,4,-153
1767172006.340238,-1,6,-154
1767172006.350238,0,2,-151
1767172006.360238,2,4,-155
1767172006.370238,5,3,-153
1767172006.380238,3,3,-149
1767172006.390238,0,2,-146
1767172006.400238,2,0,-150
1767172006.4102385,0,0,-145
1767172006.4202385,-6,2,-144
1767172006.4302382,-5,1,-140
1767172006.4402382,-5,1,-143
1767172006.4502382,-3,0,-141
1767172006.4602382,0,4,-148
1767172006.4702382,4,2,-145
1767172006.4802382,0,2,-142
1767172006.4902382,0,2,-142
1767172006.5002382,0,3,-143
1767172006.5102382,0,1,-139
1767172006.5202382,1,-2,-138
1767172006.5302382,0,-4,-137
1767172006.540238,-6,-4,-137
1767172006.550238,-5,-3,-140
1767172006.560238,0,-1,-140
1767172006.570238,-4,-3,-145
1767172006.580238,1,-2,-151
1767172006.590238,1,-2,-139
1767172006.600238,4,-4,-137
1767172006.610238,2,-4,-134
1767172006.620238,1,-5,-134
1767172006.630238,4,-3,-141
1767172006.640238,1,-1,-150
1767172006.650238,1,-2,-153
1767172006.6602385,-2,-3,-150
1767172006.6702385,0,-3,-148
1767172006.6802382,1,-3,-138
1767172006.6902382,4,1,-144
1767172006.7002382,0,0,-146
1767172006.7102382,2,0,-151
1767172006.7202382,4,-4,-146
1767172006.7302382,6,-5,-139
1767172006.7402382,1,-7,-140
1767172006.7502382,-2,-8,-146
1767172006.7602382,-1,-7,-146
1767172006.7702382,0,-4,-151
1767172006.7802382,0,-2,-145
1767172006.790238,-4,0,-146
1767172006.800238,-3,0,-142
1767172006.810238,-3,0,-141
1767172006.820238,-2,0,-145
1767172006.830238,0,-1,-137
1767172006.840238,1,0,-134
1767172006.850238,-4,0,-140
1767172006.860238,0,-2,-153
1767172006.870238,1,0,-150
1767172006.880238,2,0,-149
1767172006.890238,2,0,-154
1767172006.900238,0,1,-151
1767172006.9102385,-5,-3,-153
1767172006.9202385,-3,-10,-146
1767172006.9302382,-3,-12,-144
1767172006.9402382,0,-14,-149
1767172006.9502382,0,-10,-144
1767172006.9602382,4,-7,-139
1767172006.9702382,2,-1,-141
1767172006.9802382,6,-1,-141
1767172006.9902382,3,-2,-134
1767172007.0002382,5,-1,-134
1767172007.0102382,6,0,-134
1767172007.0202382,10,0,-139
1767172007.0302382,7,0,-147
1767172007.040238,4,0,-144
1767172007.050238,0,0,-144
1767172007.060238,-1,-1,-143
1767172007.070238,-2,-2,-145
1767172007.080238,-1,0,-149
1767172007.090238,-5,2,-150
1767172007.100238,-4,-1,-149
1767172007.110238,-2,-3,-149
1767172007.120238,-5,-1,-142
1767172007.130238,-4,1,-148
1767172007.140238,-2,0,-142
1767172007.150238,-2,-1,-141
1767172007.1602385,0,-4,-138
1767172007.1702385,0,-5,-133
1767172007.1802382,0,-2,-134
1767172007.1902382,0,-3,-129
1767172007.2002382,2,0,-125
1767172007.2102382,0,3,-126
1767172007.2202382,0,3,-133
1767172007.2302382,-2,6,-134
1767172007.2402382,0,2,-133
1767172007.2502382,2,-3,-139
1767172007.2602382,2,-4,-144
1767172007.2702382,2,-5,-147
1767172007.2802382,2,-4,-147
1767172007.290238,1,-9,-148
1767172007.300238,0,-7,-142
1767172007.310238,3,-4,-139
1767172007.320238,4,-5,-142
1767172007.330238,4,-4,-142
1767172007.340238,6,-1,-142
1767172007.350238,8,-4,-145
1767172007.360238,4,-1,-146
1767172007.370238,1,3,-145
1767172007.380238,-3,2,-143
1767172007.402238,-4,-3,-147
1767172007.4102385,-5,-3,-141
1767172007.4202385,-5,-1,-143
1767172007.4302382,-1,-2,-146
1767172007.4402382,-3,0,-143
1767172007.4502382,-3,0,-145
1767172007.4602382,-4,3,-147
1767172007.4702382,-9,4,-135
1767172007.4802382,-9,0,-145
1767172007.4902382,-10,1,-144
1767172007.5002382,-8,0,-145
1767172007.5102382,-7,-3,-145
1767172007.5202382,-6,-3,-148
1767172007.5302382,-7,-7,-147
1767172007.540238,-8,-5,-155
1767172007.550238,-7,-1,-151
1767172007.560238,-4,0,-147
1767172007.570238,-9,4,-148
1767172007.580238,-8,2,-147
1767172007.590238,-6,3,-152
1767172007.600238,1,6,-150
1767172007.610238,0,1,-144
1767172007.620238,2,-1,-145
1767172007.630238,-1,0,-145
1767172007.640238,1,0,-148
1767172007.650238,1,3,-148
1767172007.6602385,2,5,-146
1767172007.6702385,5,3,-143
1767172007.6802382,9,3,-142
1767172007.6902382,9,3,-141
1767172007.7002382,8,-2,-142
1767172007.7102382,6,-5,-138
1767172007.7202382,4,-6,-135
1767172007.7302382,3,-2,-132
1767172007.7402382,4,-3,-135
1767172007.7502382,5,-1,-134
1767172007.7602382,5,-1,-138
1767172007.7702382,0,-1,-143
1767172007.7802382,0,-3,-148
1767172007.790238,0,-5,-145
1767172007.800238,0,-4,-144
1767172007.810238,0,-4,-145
1767172007.820238,1,-5,-149
1767172007.830238,3,-3,-148
1767172007.840238,1,-3,-148
1767172007.850238,-1,-2,-139
1767172007.860238,0,-2,-144
1767172007.870238,-3,-3,-148
1767172007.880238,-3,-4,-148
1767172007.890238,0,-2,-147
1767172007.900238,3,-1,-141
1767172007.9102385,7,-1,-144
1767172007.9202385,9,0,-144
1767172007.9302382,7,-1,-146
1767172007.9402382,4,-5,-146
1767172007.9502382,4,-4,-150
1767172007.9602382,1,-2,-154
1767172007.9702382,-4,-2,-154
1767172007.9802382,-7,-3,-151
1767172007.9902382,0,-4,-147
1767172008.0002382,0,0,-147
1767172008.0102382,0,-3,-143
1767172008.0202382,-1,-3,-143
1767172008.0302382,4,-8,-143
1767172008.040238,3,-6,-147
1767172008.050238,1,-3,-142
1767172008.060238,-1,0,-146
1767172008.070238,1,-1,-149
1767172008.080238,-3,0,-150
1767172008.090238,-1,4,-151
1767172008.100238,-5,7,-149
1767172008.110238,-2,5,-152
1767172008.120238,4,4,-146
1767172008.130238,7,2,-145
1767172008.140238,0,4,-139
1767172008.150238,-4,2,-139
1767172008.1602385,-5,-1,-139
1767172008.1702385,-5,0,-142
1767172008.1802382,-11,1,-140
1767172008.1902382,-7,0,-144
1767172008.2002382,-5,0,-144
1767172008.2102382,0,2,-145
1767172008.2202382,5,2,-149
1767172008.2302382,3,5,-150
1767172008.2402382,0,4,-153
1767172008.2502382,-2,1,-148
1767172008.2602382,0,2,-145
1767172008.2702382,-1,0,-143
1767172008.2802382,0,0,-139
1767172008.290238,3,0,-140
1767172008.300238,2,3,-140
1767172008.310238,5,2,-143
1767172008.320238,7,0,-142
1767172008.330238,4,-2,-138
1767172008.340238,3,-1,-138
1767172008.350238,3,0,-139
1767172008.360238,4,1,-141
1767172008.370238,3,2,-142
1767172008.380238,2,0,-145
1767172008.390238,4,-4,-135
1767172008.400238,0,-4,-138
1767172008.4102385,-2,-8,-135
1767172008.4202385,-6,-5,-137
1767172008.4302382,-8,-8,-138
1767172008.4402382,-8,-10,-138
1767172008.4502382,-6,-14,-139
1767172008.4602382,-5,-16,-143
1767172008.4702382,-4,-15,-142
1767172008.4802382,-3,-9,-142
1767172008.4902382,-5,-5,-140
1767172008.5002382,-10,-4,-140
1767172008.5102382,-9,-2,-144
1767172008.5202382,-2,1,-147
1767172008.5302382,0,-2,-150
1767172008.540238,0,-5,-152
1767172008.550238,2,-3,-156
1767172008.560238,4,0,-156
1767172008.570238,5,0,-157
1767172008.580238,6,0,-149
1767172008.590238,7,0,-145
1767172008.600238,3,1,-149
1767172008.610238,9,2,-149
1767172008.620238,3,-1,-151
1767172008.630238,6,-2,-151
1767172008.640238,7,1,-149
1767172008.650238,1,-3,-153
1767172008.6602385,-1,-6,-155
1767172008.6702385,-1,-3,-146
1767172008.6802382,0,1,-142
1767172008.6902382,-2,0,-139
1767172008.7002382,3,-1,-146
1767172008.7102382,7,0,-141
1767172008.7202382,4,3,-139
1767172008.7302382,1,5,-138
1767172008.7402382,3,2,-133
1767172008.7502382,5,0,-127
1767172008.7602382,4,-1,-123
1767172008.7702382,5,-6,-129
1767172008.7802382,7,-6,-130
1767172008.791238,7,-5,-139
1767172008.800238,7,-7,-140
1767172008.810238,5,-1,-140
1767172008.820238,6,-2,-144
1767172008.8312385,6,0,-143
1767172008.840238,6,0,-147
1767172008.8512385,3,0,-148
1767172008.8612382,2,1,-143
1767172008.8712382,3,0,-138
1767172008.8812382,-2,3,-142
1767172008.8912382,0,3,-149
1767172008.9012382,6,0,-142
1767172008.9112382,13,0,-144
1767172008.9212382,14,-2,-140
1767172008.9312382,13,-2,-143
1767172008.9412382,10,-4,-143
1767172008.9512382,4,-5,-139
1767172008.961238,-1,-8,-132
1767172008.971238,-2,-8,-131
1767172008.981238,0,-5,-124
1767172008.991238,-3,-3,-124
1767172009.001238,-3,0,-130
1767172009.011238,0,0,-138
1767172009.021238,1,0,-135
1767172009.031238,0,-1,-140
1767172009.041238,1,-1,-144
1767172009.051238,0,-4,-146
1767172009.061238,-3,-5,-149
1767172009.071238,-4,-1,-147
1767172009.0812385,-1,0,-140
1767172009.0912385,0,5,-147
1767172009.1012385,0,5,-139
1767172009.1112382,0,3,-138
1767172009.1212382,0,2,-138
1767172009.1312382,-2,2,-137
1767172009.1412382,-8,1,-136
1767172009.1512382,-7,0,-144
1767172009.1612382,-9,1,-141
1767172009.1712382,-6,1,-141
1767172009.1812382,-4,2,-145
1767172009.1912382,-5,2,-143
1767172009.2012382,-2,2,-138
1767172009.211238,-4,1,-138
1767172009.221238,-4,-1,-144
1767172009.231238,0,-8,-144
1767172009.241238,6,-9,-143
1767172009.251238,3,-11,-140
1767172009.261238,2,-10,-142
1767172009.271238,2,-10,-141
1767172009.281238,1,-2,-135
1767172009.291238,3,3,-143
1767172009.301238,-3,0,-148
1767172009.311238,-4,-1,-145
1767172009.321238,-5,-2,-139
1767172009.3312385,-4,-6,-135
1767172009.3412385,-4,-7,-130
1767172009.3512385,-3,-8,-133
1767172009.3612382,-1,-7,-136
1767172009.3712382,1,-8,-135
1767172009.3812382,5,-3,-131
1767172009.3912382,2,-4,-135
1767172009.4012382,2,-5,-139
1767172009.4112382,1,-8,-138
1767172009.4212382,2,-11,-141
1767172009.4312382,6,-11,-148
1767172009.4412382,6,-10,-147
1767172009.4512382,7,-11,-143
1767172009.461238,6,-11,-152
1767172009.471238,11,-11,-156
1767172009.481238,8,-12,-149
1767172009.491238,3,-9,-144
1767172009.501238,4,-11,-144
1767172009.511238,3,-8,-139
1767172009.521238,3,-7,-143
1767172009.531238,2,-2,-146
1767172009.541238,-2,-3,-150
1767172009.551238,0,0,-144
1767172009.561238,-2,1,-147
1767172009.571238,-2,1,-148
1767172009.5812385,-1,5,-153
1767172009.5912385,-4,4,-152
1767172009.6012385,-6,1,-151
1767172009.6112382,-9,-1,-156
1767172009.6212382,-11,-1,-154
1767172009.6312382,-8,-2,-152
1767172009.6412382,-5,-6,-150
1767172009.6512382,-3,-12,-143
1767172009.6612382,0,-8,-140
1767172009.6712382,-1,-7,-133
1767172009.6812382,2,-2,-130
1767172009.6912382,2,0,-134
1767172009.7012382,3,3,-133
1767172009.711238,2,0,-135
1767172009.721238,0,0,-139
1767172009.731238,0,1,-140
1767172009.741238,1,1,-140
1767172009.751238,2,4,-138
1767172009.761238,1,3,-139
1767172009.771238,3,0,-141
1767172009.781238,3,0,-147
1767172009.791238,-1,-1,-154
1767172009.801238,1,0,-149
1767172009.811238,0,-1,-150
1767172009.821238,1,1,-148
1767172009.8312385,1,0,-152
1767172009.8412385,0,0,-147
1767172009.8512385,-2,0,-143
1767172009.8612382,-2,0,-142
1767172009.8712382,-1,-1,-140
1767172009.8812382,-1,0,-137
1767172009.8912382,-4,2,-136
1767172009.9012382,-3,2,-139
1767172009.9112382,-1,5,-141
1767172009.9212382,-1,2,-138
1767172009.9312382,-1,3,-140
1767172009.9412382,2,1,-139
1767172009.9512382,0,0,-144
1767172009.961238,0,0,-149
1767172009.971238,-3,-1,-151
1767172009.981238,5,-1,-146
1767172009.991238,8,-2,-146
1767172010.001238,12,5,-144
1767172010.011238,7,3,-147
1767172010.021238,4,2,-148
1767172010.031238,5,1,-145
1767172010.041238,3,4,-146
1767172010.051238,6,3,-147
1767172010.061238,1,2,-144
1767172010.071238,2,3,-143
1767172010.0812385,1,2,-139
1767172010.0912385,0,0,-142
1767172010.1012385,-1,-1,-150
1767172010.1112382,2,-4,-150
1767172010.1212382,-3,-2,-149
1767172010.1312382,-3,-1,-150
1767172010.1412382,0,-3,-155
1767172010.1512382,2,-2,-157
1767172010.1612382,5,-1,-157
1767172010.1712382,4,-4,-157
1767172010.1812382,0,-4,-155
1767172010.1912382,0,-1,-147
1767172010.2012382,0,-1,-150
1767172010.211238,-2,-4,-155
1767172010.221238,-2,-5,-152
1767172010.231238,-5,-3,-150
1767172010.241238,-8,-3,-153
1767172010.251238,-9,-5,-153
1767172010.261238,-8,-2,-154
1767172010.271238,-8,2,-156
1767172010.281238,-2,3,-154
1767172010.291238,-4,-3,-150
1767172010.301238,-6,-2,-153
1767172010.311238,-5,0,-152
1767172010.321238,-5,3,-150
1767172010.3312385,-3,1,-149
1767172010.3412385,-5,-1,-144
1767172010.3512385,-7,0,-145
1767172010.3612382,-4,-3,-141
1767172010.3712382,-1,-3,-143
1767172010.3812382,-5,-4,-142
1767172010.3912382,-6,-1,-136
1767172010.4012382,-4,-5,-141
1767172010.4112382,-4,-5,-141
1767172010.4212382,-5,-6,-139
1767172010.4312382,-8,-5,-144
1767172010.4412382,-6,3,-144
1767172010.4512382,-2,1,-147
1767172010.461238,2,1,-148
1767172010.471238,6,0,-149
1767172010.481238,3,1,-141
1767172010.491238,2,0,-139
1767172010.501238,5,-1,-139
1767172010.511238,1,-3,-137
1767172010.521238,0,1,-144
1767172010.531238,7,3,-147
1767172010.541238,4,0,-145
1767172010.551238,3,6,-149
1767172010.561238,5,5,-147
1767172010.571238,5,3,-150
1767172010.5812385,7,-2,-150
1767172010.5912385,8,-4,-141
1767172010.6012385,6,-5,-140
1767172010.6112382,0,-3,-149
1767172010.6212382,-3,-3,-144
1767172010.6312382,-6,0,-140
1767172010.6412382,-7,0,-144
1767172010.6512382,-4,0,-145
1767172010.6612382,-7,-1,-143
1767172010.6712382,-4,-5,-140
1767172010.6812382,-3,-4,-139
1767172010.6912382,-2,-3,-137
1767172010.7012382,-4,-4,-135
1767172010.711238,-2,-5,-139
1767172010.721238,0,-5,-141
1767172010.731238,-2,-3,-144
1767172010.741238,-4,-5,-140
1767172010.751238,-5,-5,-141
1767172010.761238,-5,-4,-149
1767172010.771238,-5,-2,-149
1767172010.781238,0,0,-147
1767172010.791238,0,0,-159
1767172010.801238,0,-1,-165
1767172010.811238,2,0,-167
1767172010.821238,4,-1,-163
1767172010.8312385,0,-6,-156
1767172010.8412385,-2,-2,-157
1767172010.8512385,0,-1,-154
1767172010.8612382,0,-1,-151
1767172010.8712382,-2,0,-147
1767172010.8812382,-2,0,-146
1767172010.8912382,-4,-4,-144
1767172010.9012382,-1,-4,-138
1767172010.9112382,-5,-4,-135
1767172010.9212382,-5,-3,-138
1767172010.9312382,-4,-2,-139
1767172010.9412382,-3,-1,-140
1767172010.9512382,0,1,-141
1767172010.961238,0,-1,-146
1767172010.971238,2,-2,-147
1767172010.981238,-3,0,-148
1767172010.991238,-6,0,-147
1767172011.001238,-9,-6,-147
1767172011.011238,-7,-7,-148
1767172011.021238,-7,-4,-150
1767172011.031238,-8,-1,-144
1767172011.041238,-7,0,-153
1767172011.051238,-3,3,-153
1767172011.061238,-2,0,-156
1767172011.071238,-4,-1,-156
1767172011.0812385,-2,-3,-146
1767172011.0912385,-3,-3,-146
1767172011.1012385,1,-4,-148
1767172011.1112382,1,-3,-147
1767172011.1212382,0,-2,-149
1767172011.1312382,-1,-6,-147
1767172011.1412382,-1,-5,-149
1767172011.1512382,2,-1,-152
1767172011.1612382,0,-2,-152
1767172011.1712382,-2,-1,-151
1767172011.1812382,-5,-2,-154
1767172011.1912382,-4,-2,-146
1767172011.2012382,-3,1,-145
1767172011.211238,-2,-4,-140
1767172011.221238,0,0,-142
1767172011.231238,0,-3,-143
1767172011.241238,0,-4,-145
1767172011.251238,-3,-8,-148
1767172011.261238,-6,-7,-154
1767172011.271238,-5,-2,-149
1767172011.281238,0,2,-143
1767172011.291238,2,6,-141
1767172011.301238,2,9,-138
1767172011.311238,6,6,-139
1767172011.3222382,6,6,-144
1767172011.3312385,0,1,-141
1767172011.3422382,-1,1,-148
1767172011.3522382,0,5,-152
1767172011.3622382,2,4,-151
1767172011.3722382,-1,2,-147
1767172011.382238,-1,0,-150
1767172011.392238,-4,-1,-152
1767172011.402238,0,-1,-151
1767172011.412238,0,-2,-149
1767172011.422238,-3,-2,-148
1767172011.432238,-1,-4,-151
1767172011.442238,0,-4,-147
1767172011.452238,-2,-5,-148
1767172011.462238,-3,-7,-148
1767172011.472238,-3,-8,-148
1767172011.482238,-1,-6,-150
1767172011.492238,-2,-4,-149
1767172011.502238,-6,0,-142
1767172011.5122385,-2,-1,-138
1767172011.5222385,-1,0,-136
1767172011.5322382,0,-3,-139
1767172011.5422382,2,-1,-144
1767172011.5522382,1,2,-140
1767172011.5622382,-1,6,-142
1767172011.5722382,-7,2,-141
1767172011.5822382,-7,1,-147
1767172011.5922382,0,1,-145
1767172011.6022382,1,-1,-149
1767172011.6122382,3,-2,-148
1767172011.6222382,4,-1,-148
1767172011.632238,3,0,-139
1767172011.642238,1,-1,-132
1767172011.652238,2,0,-134
1767172011.662238,-1,-7,-130
1767172011.672238,-2,-7,-135
1767172011.682238,0,-5,-136
1767172011.692238,0,-3,-133
1767172011.702238,-1,0,-126
1767172011.712238,0,1,-130
1767172011.722238,1,3,-138
1767172011.732238,-2,0,-148
1767172011.742238,-1,1,-144
1767172011.752238,-2,3,-150
1767172011.7622385,-2,3,-150
1767172011.7722385,-1,1,-155
1767172011.7822382,-2,0,-155
1767172011.7922382,0,-6,-149
1767172011.8022382,1,-7,-153
1767172011.8122382,1,-6,-150
1767172011.8222382,0,-4,-146
1767172011.8322382,-4,-6,-137
1767172011.8422382,-6,-8,-135
1767172011.8522382,-2,-4,-138
1767172011.8622382,0,0,-143
1767172011.8722382,-2,2,-145
1767172011.882238,0,-1,-149
1767172011.892238,-1,-3,-142
1767172011.902238,0,-6,-142
1767172011.912238,2,-6,-140
1767172011.922238,-1,-8,-142
1767172011.932238,4,-7,-144
1767172011.942238,6,-10,-146
1767172011.952238,8,-12,-150
1767172011.962238,7,-8,-150
1767172011.972238,3,-9,-148
1767172011.982238,0,-7,-150
1767172011.992238,-2,-8,-146
1767172012.002238,-4,-6,-142
1767172012.0122385,-6,-8,-139
1767172012.0222385,-3,-9,-137
1767172012.0322382,-2,-5,-134
1767172012.0422382,-6,-4,-140
1767172012.0522382,-6,-2,-143
1767172012.0622382,-7,-3,-140
1767172012.0722382,-3,0,-136
1767172012.0822382,2,0,-133
1767172012.0922382,0,0,-135
1767172012.1022382,-1,-1,-138
1767172012.1122382,1,0,-142
1767172012.1222382,0,0,-143
1767172012.132238,1,1,-147
1767172012.142238,1,3,-151
1767172012.152238,2,4,-150
1767172012.162238,4,6,-154
1767172012.172238,6,11,-160
1767172012.182238,4,7,-156
1767172012.192238,0,4,-158
1767172012.202238,0,3,-161
1767172012.212238,-3,2,-159
1767172012.222238,-2,-1,-158
1767172012.232238,-8,-5,-159
1767172012.242238,-4,-4,-152
1767172012.252238,-4,-4,-146
1767172012.2622385,-5,-3,-143
1767172012.2722385,-6,-1,-142
1767172012.2822382,-5,0,-138
1767172012.2922382,-3,-1,-143
1767172012.3022382,-3,0,-146
1767172012.3122382,-7,0,-145
1767172012.3222382,-6,0,-142
1767172012.3322382,-2,0,-139
1767172012.3422382,-7,1,-142
1767172012.3522382,-4,7,-140
1767172012.3622382,-4,10,-142
1767172012.3722382,-5,6,-150
1767172012.382238,0,2,-148
1767172012.392238,3,3,-146
1767172012.413238,-2,2,-142
1767172012.422238,-1,4,-146
1767172012.432238,0,1,-144
1767172012.442238,2,-5,-143
1767172012.452238,5,-6,-142
1767172012.462238,4,-6,-146
1767172012.472238,0,-5,-149
1767172012.482238,3,-5,-154
1767172012.492238,2,-6,-154
1767172012.502238,4,-5,-145
1767172012.5122385,7,-5,-140
1767172012.5222385,5,-3,-145
1767172012.5322382,6,0,-144
1767172012.5422382,4,-2,-142
1767172012.5522382,6,1,-142
1767172012.5622382,5,0,-147
1767172012.5722382,6,-4,-155
1767172012.5822382,5,-4,-153
1767172012.5922382,2,-1,-154
1767172012.6022382,-1,0,-155
1767172012.6122382,0,0,-150
1767172012.6222382,2,0,-147
1767172012.632238,3,-1,-147
1767172012.642238,5,-1,-150
1767172012.652238,3,-5,-152
1767172012.662238,-1,-7,-156
1767172012.672238,-4,-6,-147
1767172012.682238,-4,-10,-137
1767172012.692238,-8,-9,-141
1767172012.702238,-11,-6,-144
1767172012.712238,-10,-2,-149
1767172012.722238,-4,-2,-144
1767172012.732238,-7,-2,-151
1767172012.742238,-8,-3,-156
1767172012.752238,-5,2,-156
1767172012.7622385,0,4,-148
1767172012.7722385,0,3,-144
1767172012.7822382,1,0,-144
1767172012.7922382,2,2,-136
1767172012.8022382,3,-2,-135
1767172012.8122382,-1,-2,-138
1767172012.8222382,1,0,-148
1767172012.8322382,1,4,-144
1767172012.8422382,4,2,-140
1767172012.8522382,8,3,-141
1767172012.8622382,7,0,-136
1767172012.8722382,6,1,-136
1767172012.882238,1,2,-130
1767172012.892238,-2,3,-132
1767172012.902238,-3,6,-136
1767172012.912238,-4,5,-143
1767172012.922238,-5,6,-143
1767172012.932238,-6,8,-141
1767172012.942238,-7,6,-150
1767172012.952238,-7,0,-149
1767172012.962238,-6,4,-148
1767172012.972238,-2,3,-147
1767172012.982238,-2,2,-147
1767172012.992238,0,0,-138
1767172013.002238,1,-3,-140
1767172013.0122385,2,-4,-146
1767172013.0222385,0,-6,-152
1767172013.0322382,-3,-5,-152
1767172013.0422382,-4,-4,-149
1767172013.0522382,-1,-3,-155
1767172013.0622382,0,-6,-150
1767172013.0722382,0,-3,-153
1767172013.0822382,-3,-2,-152
1767172013.0922382,-8,0,-148
1767172013.1022382,-9,1,-146
1767172013.1122382,-7,1,-147
1767172013.1222382,-4,-1,-147
1767172013.132238,-4,-2,-147
1767172013.142238,-2,-7,-145
1767172013.152238,0,1,-146
1767172013.162238,-3,3,-147
1767172013.172238,-4,2,-151
1767172013.182238,-1,-3,-147
1767172013.192238,0,-1,-145
1767172013.202238,6,-2,-148
1767172013.212238,2,0,-151
1767172013.222238,-1,0,-147
1767172013.232238,0,1,-143
1767172013.242238,2,0,-136
1767172013.252238,1,-1,-137
1767172013.2622385,-3,-3,-143
1767172013.2722385,-1,-3,-151
1767172013.2822382,0,-3,-151
1767172013.2922382,-1,-2,-155
1767172013.3022382,1,0,-152
1767172013.3122382,0,-1,-150
1767172013.3222382,-2,-2,-150
1767172013.3322382,-6,-1,-148
1767172013.3422382,-7,-2,-145
1767172013.3522382,-9,0,-139
1767172013.3622382,-4,4,-140
1767172013.3722382,-1,5,-136
1767172013.382238,0,5,-139
1767172013.392238,-1,2,-139
1767172013.402238,-4,0,-137
1767172013.412238,-3,0,-143
1767172013.422238,-5,0,-151
1767172013.432238,-3,-1,-148
1767172013.442238,-3,0,-146
1767172013.452238,-2,-1,-146
1767172013.462238,-4,-2,-143
1767172013.472238,-4,-2,-144
1767172013.482238,-5,-2,-137
1767172013.492238,-1,1,-140
1767172013.502238,3,4,-148
1767172013.5122385,3,6,-144
1767172013.5222385,3,6,-147
1767172013.5322382,5,9,-147
1767172013.5422382,4,7,-141
1767172013.5522382,6,1,-139
1767172013.5622382,6,2,-140
1767172013.5722382,2,5,-141
1767172013.5822382,1,3,-143
1767172013.5922382,0,2,-146
1767172013.6022382,-1,-2,-151
1767172013.6122382,-6,-3,-152
1767172013.6222382,-4,0,-150
1767172013.632238,-2,-3,-153
1767172013.642238,-3,-1,-151
1767172013.652238,2,0,-143
1767172013.662238,1,-2,-144
1767172013.672238,1,-2,-152
1767172013.682238,0,-6,-150
1767172013.692238,0,-2,-145
1767172013.702238,-2,-1,-141
1767172013.712238,-3,1,-141
1767172013.722238,-2,0,-140
1767172013.732238,-1,1,-142
1767172013.742238,0,1,-142
1767172013.752238,-1,0,-143
1767172013.7622385,-1,-2,-141
1767172013.7722385,-6,-2,-146
1767172013.7822382,-4,-3,-148
1767172013.7922382,0,0,-150
1767172013.8022382,0,1,-144
1767172013.8122382,0,0,-144
1767172013.8222382,0,4,-148
1767172013.8322382,-3,4,-145
1767172013.843238,-3,0,-147
1767172013.853238,-1,-3,-145
1767172013.8622382,0,-1,-150
1767172013.873238,1,-1,-149
1767172013.883238,4,0,-154
1767172013.893238,0,0,-156
1767172013.903238,1,0,-153
1767172013.913238,-3,2,-148
1767172013.923238,-1,1,-154
1767172013.9332385,0,2,-149
1767172013.9432385,3,6,-154
1767172013.9532382,2,4,-151
1767172013.9632382,2,0,-154
1767172013.9732382,3,-6,-156
1767172013.9832382,-1,-8,-155
1767172013.9932382,-2,-4,-152
1767172014.0032382,-4,-5,-150
1767172014.0132382,0,-2,-145
1767172014.0232382,0,-8,-143
1767172014.0332382,-1,-9,-144
1767172014.0432382,2,-6,-140
1767172014.0532382,5,-9,-149
1767172014.063238,4,-7,-147
1767172014.073238,1,-6,-147
1767172014.083238,-5,-6,-153
1767172014.093238,-5,-7,-153
1767172014.103238,-4,-4,-152
1767172014.113238,3,0,-151
1767172014.123238,3,-1,-143
1767172014.133238,-1,1,-144
1767172014.143238,-3,1,-148
1767172014.153238,-6,-1,-144
1767172014.163238,-10,-5,-145
1767172014.173238,-8,-7,-144
1767172014.1832385,-6,-5,-141
1767172014.1932385,-5,-7,-150
1767172014.2032382,-4,-5,-148
1767172014.2132382,-7,-6,-149
1767172014.2232382,-8,-6,-147
1767172014.2332382,-6,-5,-146
1767172014.2432382,-5,-4,-146
1767172014.2532382,0,-4,-149
1767172014.2632382,0,-5,-143
1767172014.2732382,0,-8,-140
1767172014.2832382,-2,-6,-142
1767172014.2932382,2,-2,-140
1767172014.3032382,2,-1,-139
1767172014.313238,2,0,-138
1767172014.323238,3,-4,-140
1767172014.333238,0,-2,-143
1767172014.343238,0,3,-142
1767172014.353238,0,5,-147
1767172014.363238,-2,4,-153
1767172014.373238,-5,2,-154
1767172014.383238,-7,1,-150
1767172014.393238,-2,2,-148
1767172014.403238,0,1,-157
1767172014.413238,1,5,-150
1767172014.423238,2,2,-152
1767172014.4332385,2,3,-149
1767172014.4432385,6,0,-154
1767172014.4532382,2,2,-150
1767172014.4632382,1,0,-146
1767172014.4732382,0,0,-143
1767172014.4832382,2,-5,-144
1767172014.4932382,4,-4,-144
1767172014.5032382,3,-5,-142
1767172014.5132382,1,-2,-145
1767172014.5232382,-1,-4,-140
1767172014.5332382,-6,-2,-149
1767172014.5432382,-9,-2,-157
1767172014.5532382,0,-2,-156
1767172014.563238,-2,-4,-150
1767172014.573238,1,-5,-149
1767172014.583238,3,-3,-146
1767172014.593238,0,-6,-147
1767172014.603238,-1,-5,-136
1767172014.613238,-4,-2,-143
1767172014.623238,0,-2,-146
1767172014.633238,1,-1,-146
1767172014.643238,-1,1,-147
1767172014.653238,-3,-2,-139
1767172014.663238,0,-1,-141
1767172014.673238,0,-2,-142
1767172014.6832385,0,-4,-143
1767172014.6932385,3,-2,-136
1767172014.7032382,-1,-6,-134
1767172014.7132382,-1,-9,-135
1767172014.7232382,-6,-12,-137
1767172014.7332382,-7,-14,-142
1767172014.7432382,-4,-8,-145
1767172014.7532382,-3,-8,-148
1767172014.7632382,-4,-10,-157
1767172014.7732382,-1,-7,-159
1767172014.7832382,2,-7,-163
1767172014.7932382,4,-4,-162
1767172014.8032382,6,-4,-164
1767172014.813238,6,0,-163
1767172014.823238,3,-3,-159
1767172014.833238,1,-1,-150
1767172014.844238,0,-5,-149
1767172014.853238,2,-2,-150
1767172014.863238,0,1,-144
1767172014.873238,-5,-1,-143
1767172014.883238,-6,2,-140
1767172014.893238,-4,2,-135
1767172014.903238,-6,3,-131
1767172014.913238,-10,4,-132
1767172014.923238,-11,0,-135
1767172014.9332385,-6,-1,-142
1767172014.9432385,0,2,-145
1767172014.9532382,1,2,-143
1767172014.9632382,-2,3,-145
1767172014.9732382,-3,0,-145
1767172014.9832382,-6,-2,-143
1767172014.9932382,-5,0,-143
1767172015.0032382,-6,-1,-142
1767172015.0132382,-8,-3,-142
1767172015.0232382,-7,-2,-142
1767172015.0332382,-6,1,-138
1767172015.0432382,-5,3,-138
1767172015.0532382,-2,3,-139
1767172015.063238,-7,-2,-142
1767172015.073238,-3,0,-138
1767172015.083238,-1,0,-134
1767172015.093238,0,-4,-133
1767172015.103238,1,-8,-134
1767172015.113238,0,-6,-127
1767172015.123238,-2,-4,-124
1767172015.133238,-1,-9,-135
1767172015.143238,0,-9,-136
1767172015.153238,-1,-6,-138
1767172015.163238,1,-4,-145
1767172015.173238,-2,-2,-149
1767172015.1832385,1,-5,-145
1767172015.1932385,0,-5,-150
1767172015.2032382,3,-1,-152
1767172015.2132382,5,1,-151
1767172015.2232382,2,6,-147
1767172015.2332382,5,5,-134
1767172015.2432382,4,6,-130
1767172015.2532382,1,10,-135
1767172015.2632382,0,8,-141
1767172015.2732382,0,2,-140
1767172015.2832382,0,-1,-144
1767172015.2932382,0,2,-143
1767172015.3032382,0,3,-139
1767172015.313238,-1,1,-137
1767172015.323238,0,0,-140
1767172015.333238,0,0,-137
1767172015.343238,-6,-1,-136
1767172015.353238,-8,1,-136
1767172015.363238,-9,0,-136
1767172015.373238,-11,0,-140
1767172015.383238,-8,1,-145
1767172015.393238,-10,1,-145
1767172015.403238,-8,-2,-146
1767172015.413238,-9,0,-148
1767172015.423238,-10,-1,-150
1767172015.4332385,-6,-5,-147
1767172015.4432385,-1,-3,-148
1767172015.4532382,2,-1,-145
1767172015.4632382,2,-2,-148
1767172015.4732382,0,-4,-151
1767172015.4832382,-3,-9,-153
1767172015.4932382,-3,-8,-147
1767172015.5032382,-6,-4,-154
1767172015.5132382,-2,-1,-165
1767172015.5232382,1,1,-160
1767172015.5332382,1,0,-152
1767172015.5432382,0,0,-151
1767172015.5532382,-7,0,-152
1767172015.563238,-10,-2,-145
1767172015.573238,-1,-5,-142
1767172015.583238,2,-7,-139
1767172015.593238,-1,-5,-140
1767172015.603238,-3,-7,-138
1767172015.613238,0,-6,-140
1767172015.623238,-2,-12,-141
1767172015.633238,-4,-9,-140
1767172015.643238,-3,-6,-149
1767172015.653238,0,-8,-152
1767172015.663238,-1,-4,-144
1767172015.673238,1,-2,-140
1767172015.6832385,2,-3,-137
1767172015.6932385,-2,-7,-142
1767172015.7032382,-2,-9,-145
1767172015.7132382,0,-7,-145
1767172015.7232382,3,-7,-145
1767172015.7332382,6,-4,-143
1767172015.7432382,3,-1,-141
1767172015.7532382,5,-5,-150
1767172015.7632382,4,-8,-149
1767172015.7732382,6,-7,-145
1767172015.7832382,7,-8,-142
1767172015.7932382,5,-5,-142
1767172015.8032382,3,-6,-140
1767172015.813238,4,-4,-140
1767172015.823238,7,-4,-143
1767172015.833238,4,-4,-142
1767172015.843238,-2,-4,-146
1767172015.853238,0,-4,-139
1767172015.863238,0,-3,-143
1767172015.873238,5,-4,-144
1767172015.883238,4,-6,-147
1767172015.893238,2,-2,-147
1767172015.903238,0,-1,-146
1767172015.913238,1,-5,-149
1767172015.923238,4,-5,-148
1767172015.9332385,2,-1,-147
1767172015.9432385,6,0,-152
1767172015.9532382,7,-2,-146
1767172015.9632382,3,-4,-149
1767172015.9732382,3,-1,-148
1767172015.9832382,4,2,-146
1767172015.9932382,3,-3,-145
1767172016.0032382,0,-3,-152
1767172016.0132382,-2,0,-143
1767172016.0232382,0,-3,-144
1767172016.0332382,4,-5,-145
1767172016.0432382,6,-6,-146
1767172016.0532382,3,-7,-144
1767172016.063238,4,-1,-152
1767172016.073238,3,1,-151
1767172016.083238,3,1,-152
1767172016.093238,2,6,-153
1767172016.103238,-2,4,-155
1767172016.113238,-4,3,-156
1767172016.123238,-3,6,-152
1767172016.133238,-4,3,-148
1767172016.143238,-4,3,-155
1767172016.153238,-3,1,-144
1767172016.163238,-3,0,-142
1767172016.173238,-9,-3,-139
1767172016.1832385,-7,1,-140
1767172016.1932385,-6,1,-140
1767172016.2032382,-7,5,-143
1767172016.2132382,-3,4,-146
1767172016.2232382,-5,1,-140
1767172016.2332382,-6,-1,-138
1767172016.2432382,0,-3,-143
1767172016.2532382,0,-2,-146
1767172016.2632382,-2,-1,-152
1767172016.2732382,0,-1,-153
1767172016.2832382,-4,-1,-156
1767172016.2932382,-2,-2,-155
1767172016.3032382,-2,-4,-150
1767172016.313238,0,-5,-143
1767172016.323238,0,-1,-140
1767172016.333238,1,-5,-140
1767172016.343238,1,-6,-146
1767172016.353238,-2,-4,-151
1767172016.363238,-3,-2,-152
1767172016.3742385,-3,-2,-152
1767172016.383238,-2,0,-155
1767172016.3942382,-2,-6,-148
1767172016.403238,-3,-10,-147
1767172016.4142382,-2,-9,-148
1767172016.4242382,1,-6,-145
1767172016.4342382,5,-6,-147
1767172016.4442382,5,-3,-151
1767172016.4542382,1,-5,-155
1767172016.4642382,4,-5,-151
1767172016.4742382,6,-4,-151
1767172016.484238,7,0,-147
1767172016.494238,4,3,-151
1767172016.504238,2,4,-150
1767172016.514238,4,3,-141
1767172016.524238,9,4,-144
1767172016.534238,4,5,-143
1767172016.544238,2,4,-143
1767172016.554238,0,1,-140
1767172016.564238,2,6,-143
1767172016.574238,4,5,-154
1767172016.584238,3,2,-151
1767172016.594238,3,3,-146
1767172016.6042385,5,1,-143
1767172016.6142385,4,-3,-144
1767172016.6242385,6,-1,-142
1767172016.6342382,1,2,-145
1767172016.6442382,-2,1,-148
1767172016.6542382,0,0,-148
1767172016.6642382,0,0,-156
1767172016.6742382,0,1,-158
1767172016.6842382,-1,6,-156
1767172016.6942382,-1,5,-146
1767172016.7042382,3,3,-144
1767172016.7142382,-1,8,-145
1767172016.7242382,-3,9,-148
1767172016.734238,-3,8,-143
1767172016.744238,0,8,-146
1767172016.754238,1,2,-143
1767172016.764238,2,2,-139
1767172016.774238,1,1,-144
1767172016.784238,1,1,-141
1767172016.794238,0,0,-139
1767172016.804238,0,1,-139
1767172016.814238,-2,4,-143
1767172016.824238,0,5,-141
1767172016.834238,2,4,-144
1767172016.844238,-1,2,-144
1767172016.8542385,-4,0,-152
1767172016.8642385,-3,-2,-149
1767172016.8742385,1,0,-139
1767172016.8842382,-4,2,-139
1767172016.8942382,-6,0,-141
1767172016.9042382,-6,1,-142
1767172016.9142382,-1,3,-139
1767172016.9242382,0,3,-142
1767172016.9342382,4,7,-141
1767172016.9442382,5,6,-147
1767172016.9542382,7,5,-150
1767172016.9642382,5,-1,-148
1767172016.9742382,1,0,-141
1767172016.984238,2,-4,-140
1767172016.994238,2,-2,-138
1767172017.004238,0,0,-137
1767172017.014238,1,0,-143
1767172017.024238,0,1,-140
1767172017.034238,2,6,-142
1767172017.044238,1,4,-144
1767172017.054238,0,5,-144
1767172017.064238,2,6,-141
1767172017.074238,1,4,-146
1767172017.084238,4,8,-154
1767172017.094238,2,4,-153
1767172017.1042385,2,2,-154
1767172017.1142385,0,7,-147
1767172017.1242385,0,6,-146
1767172017.1342382,0,7,-150
1767172017.1442382,0,9,-153
1767172017.1542382,1,5,-157
1767172017.1642382,2,0,-155
1767172017.1742382,2,-1,-156
1767172017.1842382,1,0,-151
1767172017.1942382,-1,1,-153
1767172017.2042382,-2,0,-151
1767172017.2142382,-1,-1,-154
1767172017.2242382,1,0,-154
1767172017.234238,-1,-1,-152
1767172017.244238,-7,0,-151
1767172017.254238,-7,0,-146
1767172017.264238,-2,2,-145
1767172017.274238,0,1,-142
1767172017.284238,-1,3,-139
1767172017.294238,0,1,-138
1767172017.304238,0,0,-141
1767172017.314238,2,2,-142
1767172017.324238,4,1,-136
1767172017.334238,2,-1,-144
1767172017.344238,2,-2,-139
1767172017.3542385,5,0,-139
1767172017.3642385,4,1,-139
1767172017.3742385,5,0,-140
1767172017.3842382,1,2,-144
1767172017.3942382,1,1,-152
1767172017.4042382,3,0,-150
1767172017.425238,1,6,-155
1767172017.4342382,0,0,-149
1767172017.4442382,1,-2,-144
1767172017.4542382,4,-2,-148
1767172017.4642382,6,1,-149
1767172017.4742382,9,1,-151
1767172017.484238,6,0,-146
1767172017.494238,9,-3,-151
1767172017.504238,4,-3,-153
1767172017.514238,6,-2,-146
1767172017.524238,4,-3,-144
1767172017.534238,0,-7,-143
1767172017.544238,0,-5,-147
1767172017.554238,-1,-4,-140
1767172017.564238,-1,-6,-138
1767172017.574238,1,0,-142
1767172017.584238,1,-4,-142
1767172017.594238,-1,-4,-139
1767172017.6042385,2,-2,-148
1767172017.6142385,1,0,-152
1767172017.6242385,-3,-2,-149
1767172017.6342382,-2,-1,-154
1767172017.6442382,-3,0,-154
1767172017.6542382,-8,-1,-154
1767172017.6642382,-5,-2,-153
1767172017.6742382,-4,0,-156
1767172017.6842382,-3,-2,-154
1767172017.6942382,-3,-2,-151
1767172017.7042382,-1,-1,-150
1767172017.7142382,-3,-2,-147
1767172017.7242382,0,-5,-141
1767172017.734238,-3,-6,-145
1767172017.744238,-2,-2,-147
1767172017.754238,-4,-3,-155
1767172017.764238,0,-1,-154
1767172017.774238,0,-1,-150
1767172017.784238,0,-1,-144
1767172017.794238,0,0,-142
1767172017.804238,2,1,-150
1767172017.814238,4,0,-151
1767172017.824238,6,1,-147
1767172017.834238,3,0,-148
1767172017.844238,3,-2,-143
1767172017.8542385,3,-2,-138
1767172017.8642385,2,-2,-143
1767172017.8742385,0,-2,-142
1767172017.8842382,0,-2,-144
1767172017.8942382,1,0,-148
1767172017.9042382,-2,-2,-148
1767172017.9142382,-4,-4,-147
1767172017.9242382,-6,-2,-143
1767172017.9342382,-3,-2,-143
1767172017.9442382,-3,-2,-142
1767172017.9542382,0,-2,-147
1767172017.9642382,0,0,-148
1767172017.9742382,0,-3,-148
1767172017.984238,0,-1,-153
1767172017.994238,0,-1,-148
1767172018.004238,-1,-4,-142
1767172018.014238,1,-3,-140
1767172018.024238,1,0,-137
1767172018.034238,3,1,-135
1767172018.044238,4,1,-138
1767172018.054238,1,1,-137
1767172018.064238,2,0,-130
1767172018.074238,1,0,-134
1767172018.084238,5,4,-136
1767172018.094238,5,4,-136
1767172018.1042385,8,2,-132
1767172018.1142385,3,0,-134
1767172018.1242385,1,3,-136
1767172018.1342382,4,4,-138
1767172018.1442382,3,3,-139
1767172018.1542382,-1,5,-144
1767172018.1642382,0,12,-144
1767172018.1742382,-5,10,-145
1767172018.1842382,-2,5,-151
1767172018.1942382,-1,-3,-154
1767172018.2042382,-1,-4,-158
1767172018.2142382,-3,-2,-157
1767172018.2242382,-6,-3,-154
1767172018.234238,-9,-5,-156
1767172018.244238,-9,-5,-153
1767172018.254238,-9,-7,-146
1767172018.264238,-8,-1,-146
1767172018.274238,-12,-1,-145
1767172018.284238,-12,0,-143
1767172018.294238,-10,1,-151
1767172018.304238,-13,-1,-151
1767172018.314238,-14,3,-148
1767172018.324238,-13,2,-150
1767172018.334238,-8,2,-150
1767172018.344238,-4,2,-154
1767172018.3542385,0,5,-154
1767172018.3642385,-1,4,-155
1767172018.3742385,0,4,-148
1767172018.3842382,2,5,-152
1767172018.3942382,1,1,-155
1767172018.4042382,3,-4,-155
1767172018.4142382,4,-2,-146
1767172018.4242382,0,-4,-137
1767172018.4342382,-5,-7,-139
1767172018.4442382,-8,-5,-137
1767172018.4542382,-4,-9,-140
1767172018.4642382,-2,-5,-141
1767172018.4742382,-2,-3,-150
1767172018.484238,-2,0,-146
1767172018.494238,0,-2,-149
1767172018.504238,-2,0,-149
1767172018.514238,-1,-1,-145
1767172018.524238,3,-3,-140
1767172018.534238,6,-1,-143
1767172018.544238,7,0,-142
1767172018.554238,5,0,-143
1767172018.564238,4,-5,-145
1767172018.574238,7,-6,-143
1767172018.584238,7,-8,-143
1767172018.594238,5,-5,-151
1767172018.6042385,8,-3,-157
1767172018.6142385,7,-1,-159
1767172018.6242385,4,-5,-154
1767172018.6342382,1,-5,-155
1767172018.6442382,3,-2,-155
1767172018.6542382,7,-5,-146
1767172018.6642382,4,-3,-143
1767172018.6742382,-4,-1,-146
1767172018.6842382,-3,0,-150
1767172018.6942382,-1,-1,-154
1767172018.7042382,2,-1,-157
1767172018.7142382,5,0,-160
1767172018.7242382,2,2,-156
1767172018.734238,0,-2,-149
1767172018.744238,-8,-3,-144
1767172018.754238,-5,0,-138
1767172018.764238,0,0,-132
1767172018.774238,0,1,-135
1767172018.784238,1,3,-146
1767172018.794238,0,0,-151
1767172018.804238,0,0,-149
1767172018.814238,-1,0,-149
1767172018.824238,0,1,-152
1767172018.834238,-4,2,-158
1767172018.844238,0,4,-155
1767172018.8542385,-1,1,-150
1767172018.8642385,-2,-4,-149
1767172018.8742385,1,-5,-151
1767172018.8842382,2,-2,-148
1767172018.8952382,-2,-3,-148
1767172018.9042382,-6,0,-141
1767172018.9142382,-5,-1,-139
1767172018.9242382,-2,-1,-141
1767172018.935238,-5,-3,-147
1767172018.9442382,-6,0,-146
1767172018.9542382,-5,1,-141
1767172018.965238,-6,0,-141
1767172018.975238,-3,1,-140
1767172018.985238,1,0,-137
1767172018.995238,1,3,-134
1767172019.005238,3,3,-139
1767172019.015238,3,0,-141
1767172019.025238,2,2,-133
1767172019.0352385,1,2,-132
1767172019.044238,-2,-1,-137
1767172019.0552382,0,0,-140
1767172019.0652382,1,1,-143
1767172019.0752382,0,7,-143
1767172019.0852382,2,9,-142
1767172019.0952382,0,8,-140
1767172019.1052382,-1,8,-143
1767172019.1152382,-1,8,-151
1767172019.1252382,-1,8,-146
1767172019.1352382,-5,5,-144
1767172019.1452382,-3,4,-141
1767172019.1552382,0,4,-143
1767172019.165238,-7,5,-142
1767172019.175238,-6,7,-144
1767172019.185238,-5,8,-144
1767172019.195238,-1,2,-141
1767172019.205238,2,3,-142
1767172019.215238,0,1,-146
1767172019.225238,-2,0,-148
1767172019.235238,-2,0,-148
1767172019.245238,-7,-3,-152
1767172019.255238,-6,-4,-146
1767172019.265238,-8,-4,-144
1767172019.275238,-7,-1,-141
1767172019.2852385,-4,1,-143
1767172019.2952385,-5,0,-134
1767172019.3052382,-1,2,-131
1767172019.3152382,2,0,-139
1767172019.3252382,1,0,-137
1767172019.3352382,3,-3,-136
1767172019.3452382,1,-2,-139
1767172019.3552382,1,-1,-144
1767172019.3652382,1,-1,-139
1767172019.3752382,0,-2,-134
1767172019.3852382,0,-1,-134
1767172019.3952382,-2,4,-137
1767172019.4052382,-3,3,-144
1767172019.415238,6,2,-149
1767172019.425238,1,0,-149
1767172019.435238,1,1,-145
1767172019.445238,0,-3,-140
1767172019.455238,-1,-2,-135
1767172019.465238,0,-4,-137
1767172019.475238,0,-4,-137
1767172019.485238,0,-3,-143
1767172019.495238,0,-1,-144
1767172019.505238,0,-1,-147
1767172019.515238,0,-3,-154
1767172019.525238,-4,-10,-157
1767172019.5352385,-3,-10,-150
1767172019.5452385,-5,-4,-144
1767172019.5552382,-6,-3,-146
1767172019.5652382,-5,-4,-150
1767172019.5752382,-6,-7,-146
1767172019.5852382,-4,-5,-151
1767172019.5952382,-4,-4,-145
1767172019.6052382,-4,0,-151
1767172019.6152382,-2,2,-146
1767172019.6252382,-4,0,-147
1767172019.6352382,0,-1,-144
1767172019.6452382,0,-2,-150
1767172019.6552382,2,-4,-154
1767172019.665238,2,-3,-154
1767172019.675238,5,-6,-156
1767172019.685238,5,-6,-147
1767172019.695238,4,-8,-145
1767172019.705238,4,-6,-141
1767172019.715238,0,-4,-138
1767172019.725238,-3,-2,-136
1767172019.735238,-3,-2,-136
1767172019.745238,1,-5,-144
1767172019.755238,0,-5,-146
1767172019.765238,-2,-7,-144
1767172019.775238,2,-4,-146
1767172019.7852385,3,-5,-144
1767172019.7952385,1,-6,-141
1767172019.8052382,-4,-6,-146
1767172019.8152382,-3,0,-147
1767172019.8252382,1,3,-143
1767172019.8352382,-4,4,-146
1767172019.8452382,-4,2,-147
1767172019.8552382,-2,1,-146
1767172019.8652382,-6,-1,-150
1767172019.8752382,-4,1,-150
1767172019.8852382,-6,2,-147
1767172019.8952382,-4,7,-145
1767172019.9052382,-4,9,-142
1767172019.915238,-2,8,-145
1767172019.925238,-4,6,-145
1767172019.935238,-5,5,-147
1767172019.945238,0,3,-140
1767172019.955238,7,1,-140
1767172019.965238,3,3,-150
1767172019.975238,1,2,-149
1767172019.985238,1,1,-140
1767172019.995238,1,3,-136
1767172020.005238,4,2,-134
1767172020.015238,6,1,-131
1767172020.025238,4,0,-130
1767172020.0352385,10,0,-138
1767172020.0452385,8,0,-142
1767172020.0552382,10,1,-145
1767172020.0652382,8,-1,-145
1767172020.0752382,7,1,-143
1767172020.0852382,0,-1,-145
1767172020.0952382,0,0,-139
1767172020.1052382,-1,-1,-141
1767172020.1152382,-2,-1,-144
1767172020.1252382,-5,0,-148
1767172020.1352382,-1,0,-146
1767172020.1452382,0,2,-145
1767172020.1552382,0,2,-146
1767172020.165238,-2,0,-146
1767172020.175238,1,0,-139
1767172020.185238,-3,-2,-141
1767172020.195238,-1,-1,-144
1767172020.205238,-1,-1,-147
1767172020.215238,0,1,-144
1767172020.225238,0,0,-146
1767172020.235238,-3,-1,-149
1767172020.245238,-4,0,-152
1767172020.255238,-2,0,-158
1767172020.265238,-4,-1,-159
1767172020.275238,-2,0,-155
1767172020.2852385,2,-2,-153
1767172020.2952385,4,-4,-153
1767172020.3052382,5,-4,-146
1767172020.3152382,7,-1,-149
1767172020.3252382,4,0,-148
1767172020.3352382,2,0,-145
1767172020.3452382,0,0,-141
1767172020.3552382,0,0,-133
1767172020.3652382,-1,4,-139
1767172020.3752382,-6,1,-145
1767172020.3852382,-11,0,-141
1767172020.3952382,-8,-3,-138
1767172020.4052382,-2,-4,-133
1767172020.415238,-1,-6,-136
1767172020.425238,-1,-5,-135
1767172020.435238,-4,-6,-140
1767172020.445238,0,-7,-145
1767172020.455238,-5,-9,-145
1767172020.465238,-5,-9,-150
1767172020.475238,-3,-6,-144
1767172020.485238,-1,-5,-146
1767172020.495238,1,-6,-144
1767172020.505238,2,-8,-142
1767172020.515238,0,-6,-143
1767172020.525238,1,-4,-142
1767172020.5352385,1,1,-143
1767172020.5452385,-1,2,-143
1767172020.5552382,-2,0,-141
1767172020.5652382,3,-3,-146
1767172020.5752382,5,-4,-140
1767172020.5852382,5,0,-142
1767172020.5952382,9,0,-146
1767172020.6052382,7,-3,-144
1767172020.6152382,4,-2,-142
1767172020.6252382,6,-3,-139
1767172020.6352382,7,-4,-142
1767172020.6452382,4,-3,-145
1767172020.6552382,3,0,-144
1767172020.665238,4,2,-144
1767172020.675238,2,3,-146
1767172020.685238,0,5,-152
1767172020.695238,-2,-1,-154
1767172020.705238,-1,-1,-157
1767172020.715238,0,-2,-152
1767172020.725238,-4,0,-151
1767172020.735238,-3,5,-143
1767172020.745238,-4,5,-145
1767172020.755238,-4,1,-145
1767172020.765238,-4,3,-146
1767172020.775238,-4,4,-148
1767172020.7852385,-4,1,-154
1767172020.7952385,0,1,-152
1767172020.8052382,0,2,-147
1767172020.8152382,-4,3,-139
1767172020.8252382,-6,0,-141
1767172020.8352382,-5,0,-145
1767172020.8452382,-7,2,-139
1767172020.8552382,-2,1,-139
1767172020.8652382,3,0,-139
1767172020.8752382,1,-1,-143
1767172020.8852382,4,1,-145
1767172020.8952382,7,2,-147
1767172020.9052382,6,-3,-144
1767172020.915238,8,-2,-142
1767172020.925238,7,-2,-141
1767172020.935238,10,0,-146
1767172020.945238,3,-2,-149
1767172020.955238,0,-2,-154
1767172020.965238,3,-5,-154
1767172020.975238,3,-5,-155
1767172020.985238,3,-4,-154
1767172020.995238,4,0,-153
1767172021.005238,7,-2,-151
1767172021.015238,6,-4,-150
1767172021.025238,5,-3,-152
1767172021.0352385,6,-2,-152
1767172021.0452385,4,-1,-149
1767172021.0552382,3,0,-151
1767172021.0652382,3,6,-153
1767172021.0752382,4,6,-147
1767172021.0852382,2,2,-147
1767172021.0952382,5,-1,-144
1767172021.1052382,2,0,-147
1767172021.1152382,5,0,-152
1767172021.1252382,4,3,-151
1767172021.1352382,2,5,-148
1767172021.1452382,5,1,-151
1767172021.1552382,4,1,-155
1767172021.165238,0,1,-162
1767172021.175238,0,1,-159
1767172021.185238,0,5,-162
1767172021.195238,3,5,-157
1767172021.205238,5,0,-156
1767172021.215238,4,1,-154
1767172021.225238,5,2,-149
1767172021.235238,4,3,-152
1767172021.245238,0,0,-151
1767172021.255238,0,0,-158
1767172021.265238,0,-3,-154
1767172021.275238,3,-3,-151
1767172021.2852385,3,0,-147
1767172021.2952385,-2,1,-145
1767172021.3052382,0,2,-141
1767172021.3152382,-2,0,-140
1767172021.3252382,0,-2,-143
1767172021.3352382,-1,0,-142
1767172021.3452382,-1,5,-140
1767172021.3552382,-2,7,-145
1767172021.3652382,-6,7,-153
1767172021.3752382,-8,6,-148
1767172021.3852382,-6,7,-154
1767172021.3952382,-8,6,-156
1767172021.4052382,-3,2,-151
1767172021.415238,0,-1,-152
1767172021.425238,-1,-2,-153
1767172021.435238,0,-1,-159
1767172021.446238,-1,0,-154
1767172021.455238,-4,-2,-153
1767172021.4662385,-2,0,-151
1767172021.4762385,-3,2,-152
1767172021.4862382,-5,-2,-149
1767172021.4962382,0,-5,-148
1767172021.5062382,3,0,-151
1767172021.5162382,2,4,-147
1767172021.5262382,1,2,-150
1767172021.5362382,0,1,-151
1767172021.5462382,-1,0,-149
1767172021.5562382,0,2,-151
1767172021.5662382,2,0,-151
1767172021.5762382,2,2,-151
1767172021.586238,2,2,-149
1767172021.596238,3,3,-149
1767172021.606238,0,2,-149
1767172021.616238,-5,1,-155
1767172021.626238,-1,1,-149
1767172021.636238,0,2,-146
1767172021.646238,0,4,-148
1767172021.656238,4,-3,-148
1767172021.666238,2,-1,-151
1767172021.676238,0,0,-155
1767172021.686238,3,-2,-148
1767172021.696238,3,-3,-150
1767172021.7062385,6,0,-146
1767172021.7162385,7,1,-144
1767172021.7262385,3,1,-139
1767172021.7362382,0,-1,-138
1767172021.7462382,3,-1,-141
1767172021.7562382,0,-5,-142
1767172021.7662382,-2,-9,-141
1767172021.7762382,-2,-5,-141
1767172021.7862382,3,-6,-143
1767172021.7962382,2,-6,-142
1767172021.8062382,-2,-6,-143
1767172021.8162382,0,-3,-139
1767172021.8262382,-5,-2,-140
1767172021.836238,-3,-4,-136
1767172021.846238,-6,-4,-146
1767172021.856238,-2,-4,-142
1767172021.866238,1,-6,-134
1767172021.876238,2,-5,-132
1767172021.886238,-1,-4,-135
1767172021.896238,-4,-1,-144
1767172021.906238,-7,-6,-141
1767172021.916238,-4,-10,-143
1767172021.926238,-2,-10,-144
1767172021.936238,-2,-9,-144
1767172021.946238,-6,-1,-149
1767172021.9562385,-6,-1,-152
1767172021.9662385,-6,2,-150
1767172021.9762385,-5,3,-146
1767172021.9862382,-4,2,-147
1767172021.9962382,-3,-2,-145
1767172022.0062382,-2,-1,-144
1767172022.0162382,-1,0,-142
1767172022.0262382,-3,-1,-144
1767172022.0362382,0,0,-143
1767172022.0462382,-3,0,-147
1767172022.0562382,-3,-2,-149
1767172022.0662382,-3,0,-142
1767172022.0762382,-3,1,-140
1767172022.086238,0,1,-141
1767172022.096238,-1,-2,-142
1767172022.106238,-2,-1,-139
1767172022.116238,4,1,-141
1767172022.126238,7,0,-145
1767172022.136238,3,-3,-149
1767172022.146238,3,-2,-152
1767172022.156238,4,-3,-151
1767172022.166238,3,-3,-147
1767172022.176238,2,-1,-150
1767172022.186238,1,0,-148
1767172022.196238,1,0,-147
1767172022.2062385,0,0,-149
1767172022.2172382,2,0,-147
1767172022.2262385,1,2,-149
1767172022.2362382,2,1,-144
1767172022.2462382,0,1,-139
1767172022.2562382,1,-1,-138
1767172022.2662382,4,0,-138
1767172022.2762382,6,0,-138
1767172022.2862382,8,-1,-136
1767172022.2962382,4,0,-141
1767172022.3062382,3,0,-147
1767172022.3162382,0,2,-150
1767172022.3262382,2,5,-145
1767172022.336238,3,0,-145
1767172022.346238,1,-2,-148
1767172022.356238,3,-4,-147
1767172022.366238,2,-6,-145
1767172022.376238,0,-1,-150
1767172022.386238,0,4,-148
1767172022.396238,0,4,-146
1767172022.406238,0,4,-147
1767172022.416238,1,3,-142
1767172022.4372382,2,0,-142
1767172022.446238,-1,-3,-138
1767172022.4562385,2,-2,-141
1767172022.4662385,0,0,-146
1767172022.4762385,1,1,-147
1767172022.4862382,2,-2,-150
1767172022.4962382,5,1,-151
1767172022.5062382,4,-3,-151
1767172022.5162382,-4,-2,-151
1767172022.5262382,-8,0,-157
1767172022.5362382,-7,-1,-151
1767172022.5462382,-8,0,-149
1767172022.5562382,-7,4,-146
1767172022.5662382,-2,5,-147
1767172022.5762382,-1,3,-144
1767172022.586238,-3,2,-151
1767172022.596238,-4,1,-151
1767172022.606238,-5,0,-144
1767172022.616238,-5,0,-145
1767172022.626238,-5,1,-150
1767172022.636238,-2,0,-150
1767172022.646238,-5,1,-148
1767172022.656238,-3,2,-146
1767172022.666238,-3,-1,-142
1767172022.676238,-4,-3,-142
1767172022.686238,-2,0,-142
1767172022.696238,-3,0,-139
1767172022.7062385,-4,0,-138
1767172022.7162385,-9,-1,-146
1767172022.7262385,-7,-2,-142
1767172022.7362382,-3,-3,-140
1767172022.7462382,0,-5,-143
1767172022.7562382,-2,-4,-139
1767172022.7662382,0,-1,-136
1767172022.7762382,7,-4,-136
1767172022.7862382,8,-6,-133
1767172022.7962382,8,-6,-140
1767172022.8062382,7,-7,-143
1767172022.8162382,3,-7,-145
1767172022.8262382,5,-3,-152
1767172022.836238,5,-2,-153
1767172022.846238,6,0,-155
1767172022.856238,2,2,-148
1767172022.866238,-6,4,-148
1767172022.876238,-6,4,-156
1767172022.886238,-3,4,-154
1767172022.896238,-5,4,-157
1767172022.906238,-3,2,-154
1767172022.916238,-8,0,-147
1767172022.926238,-5,-1,-141
1767172022.936238,-3,-1,-146
1767172022.946238,-2,-1,-145
1767172022.9562385,-1,0,-138
1767172022.9662385,-2,0,-139
1767172022.9762385,-4,-3,-147
1767172022.9862382,-2,-3,-143
1767172022.9962382,-5,0,-137
1767172023.0062382,-7,-5,-131
1767172023.0162382,-6,-4,-131
1767172023.0262382,-3,-6,-137
1767172023.0362382,-3,-2,-142
1767172023.0462382,0,-3,-141
1767172023.0562382,2,-3,-137
1767172023.0662382,1,-6,-134
1767172023.0762382,4,-9,-139
1767172023.086238,2,-11,-135
1767172023.096238,-1,-13,-137
1767172023.106238,2,-8,-137
1767172023.116238,6,-7,-127
1767172023.126238,6,-6,-131
1767172023.136238,3,-8,-131
1767172023.146238,3,-5,-127
1767172023.156238,2,-5,-127
1767172023.166238,0,-4,-131
1767172023.176238,0,-1,-139
1767172023.186238,-2,-2,-142
1767172023.196238,-1,-1,-152
1767172023.2062385,1,-3,-150
1767172023.2162385,0,-6,-149
1767172023.2262385,0,-4,-150
1767172023.2362382,2,-1,-151
1767172023.2462382,1,0,-158
1767172023.2562382,0,-2,-151
1767172023.2662382,3,-4,-154
1767172023.2762382,4,-1,-152
1767172023.2862382,4,-1,-150
1767172023.2962382,1,0,-158
1767172023.3062382,3,1,-159
1767172023.3162382,4,2,-151
1767172023.3262382,3,4,-151
1767172023.336238,5,3,-147
1767172023.346238,2,2,-152
1767172023.356238,-1,3,-155
1767172023.366238,-5,3,-158
1767172023.376238,-5,2,-163
1767172023.386238,0,1,-156
1767172023.396238,-5,5,-157
1767172023.406238,-6,3,-156
1767172023.416238,-4,5,-153
1767172023.426238,-5,10,-154
1767172023.436238,0,8,-150
1767172023.446238,1,3,-148
1767172023.4562385,1,1,-145
1767172023.4662385,-1,2,-146
1767172023.4762385,0,3,-142
1767172023.4862382,4,3,-144
1767172023.4962382,1,2,-145
1767172023.5062382,4,-2,-141
1767172023.5162382,4,-5,-141
1767172023.5262382,4,-5,-141
1767172023.5362382,-1,-6,-144
1767172023.5462382,-3,-8,-144
1767172023.5562382,-4,-7,-147
1767172023.5662382,-4,-8,-146
1767172023.5762382,-4,-5,-148
1767172023.586238,0,-6,-150
1767172023.596238,0,-8,-151
1767172023.606238,-1,-10,-152
1767172023.616238,1,-7,-148
1767172023.626238,-2,-3,-143
1767172023.636238,-1,-1,-143
1767172023.646238,1,-2,-140
1767172023.656238,-4,0,-137
1767172023.666238,0,-1,-143
1767172023.676238,1,3,-151
1767172023.686238,1,5,-153
1767172023.696238,-2,0,-159
1767172023.7062385,-4,2,-159
1767172023.7162385,-1,2,-152
1767172023.7262385,-4,0,-148
1767172023.7362382,-6,0,-148
1767172023.7462382,-6,0,-152
1767172023.7562382,-1,-2,-151
1767172023.7662382,0,1,-146
1767172023.7762382,-3,1,-146
1767172023.7862382,-3,0,-143
1767172023.7962382,-5,0,-145
1767172023.8062382,-5,0,-143
1767172023.8162382,-4,0,-142
1767172023.8262382,0,0,-141
1767172023.836238,1,-2,-139
1767172023.846238,0,-7,-148
1767172023.856238,-3,-11,-149
1767172023.866238,3,-14,-148
1767172023.876238,-2,-15,-147
1767172023.886238,-1,-13,-144
1767172023.896238,0,-6,-137
1767172023.906238,2,-1,-142
1767172023.916238,0,-3,-145
1767172023.9272382,-5,0,-144
1767172023.936238,-3,-3,-140
1767172023.946238,-2,0,-133
1767172023.9562385,-4,3,-132
1767172023.9672382,-3,7,-134
1767172023.9772382,-2,4,-133
1767172023.9872382,-1,2,-133
1767172023.9972382,3,1,-137
1767172024.007238,-1,3,-137
1767172024.017238,-1,4,-140
1767172024.027238,-6,1,-144
1767172024.037238,-3,1,-142
1767172024.047238,-3,0,-139
1767172024.057238,-6,2,-134
1767172024.067238,-5,-1,-138
1767172024.077238,-9,-1,-141
1767172024.087238,-8,-2,-140
1767172024.097238,-5,1,-147
1767172024.107238,-6,0,-144
1767172024.117238,-4,-6,-150
1767172024.127238,0,-3,-152
1767172024.1372385,0,-2,-147
1767172024.1472385,-4,-3,-152
1767172024.1572382,-1,2,-156
1767172024.1672382,0,0,-150
1767172024.1772382,-1,0,-149
1767172024.1872382,-3,2,-149
1767172024.1972382,-7,1,-144
1767172024.2072382,-3,0,-144
1767172024.2172382,-2,0,-143
1767172024.2272382,3,0,-143
1767172024.2372382,3,-1,-144
1767172024.2472382,8,-1,-141
1767172024.257238,4,-1,-142
1767172024.267238,2,-2,-150
1767172024.277238,1,-2,-153
1767172024.287238,0,-1,-154
1767172024.297238,3,0,-142
1767172024.307238,1,-1,-140
1767172024.317238,0,-2,-142
1767172024.327238,2,0,-147
1767172024.337238,3,2,-152
1767172024.347238,2,0,-151
1767172024.357238,1,0,-153
1767172024.367238,0,0,-154
1767172024.377238,7,1,-156
1767172024.3872385,5,5,-157
1767172024.3972385,-2,9,-156
1767172024.4072382,-5,4,-150
1767172024.4172382,-5,4,-148
1767172024.4272382,-1,4,-149
1767172024.4372382,-1,0,-146
1767172024.4472382,0,0,-143
1767172024.4572382,-1,3,-140
1767172024.4672382,-2,2,-133
1767172024.4772382,-6,0,-139
1767172024.4872382,-8,0,-136
1767172024.4972382,-1,0,-138
1767172024.507238,-2,0,-147
1767172024.517238,-8,-3,-149
1767172024.527238,-9,-2,-154
1767172024.537238,-7,-4,-162
1767172024.547238,-3,-2,-161
1767172024.557238,-4,-4,-157
1767172024.567238,-3,-4,-157
1767172024.577238,-3,-5,-159
1767172024.587238,6,-3,-151
1767172024.597238,5,-4,-140
1767172024.607238,6,-1,-145
1767172024.617238,2,-1,-143
1767172024.627238,3,-3,-146
1767172024.6372385,5,-6,-144
1767172024.6472385,4,-3,-140
1767172024.6572382,9,-3,-139
1767172024.6672382,6,-2,-145
1767172024.6772382,5,-3,-148
1767172024.6872382,1,-4,-145
1767172024.6972382,-1,-4,-151
1767172024.7072382,-5,0,-150
1767172024.7172382,-3,-1,-149
1767172024.7272382,-2,-1,-147
1767172024.7372382,-1,-1,-141
1767172024.7472382,0,-2,-134
1767172024.757238,2,-2,-131
1767172024.767238,0,-3,-133
1767172024.777238,0,-6,-138
1767172024.787238,-3,-5,-138
1767172024.797238,-4,0,-137
1767172024.807238,-4,-1,-137
1767172024.817238,-5,-2,-140
1767172024.827238,0,-4,-144
1767172024.837238,1,-3,-146
1767172024.847238,0,-1,-146
1767172024.857238,4,-1,-150
1767172024.867238,2,-2,-150
1767172024.877238,-2,-1,-142
1767172024.8872385,-4,-3,-140
1767172024.8972385,-2,-3,-138
1767172024.9072382,0,-5,-145
1767172024.9172382,-4,-3,-148
1767172024.9272382,0,-4,-151
1767172024.9372382,2,0,-153
1767172024.9472382,0,3,-148
1767172024.9572382,0,0,-147
1767172024.9672382,2,-1,-150
1767172024.9772382,4,-1,-157
1767172024.9872382,4,-6,-154
1767172024.9972382,6,-8,-151
1767172025.007238,0,-6,-153
1767172025.017238,-2,-2,-148
1767172025.027238,-3,0,-153
1767172025.037238,-4,-1,-153
1767172025.047238,-4,-2,-157
1767172025.057238,-4,-3,-154
1767172025.067238,-8,-4,-148
1767172025.077238,-6,-6,-150
1767172025.087238,-1,-7,-155
1767172025.097238,-1,-6,-160
1767172025.107238,-1,-13,-148
1767172025.117238,-4,-11,-147
1767172025.127238,-3,-9,-148
1767172025.1372385,0,-3,-149
1767172025.1472385,0,-1,-150
1767172025.1572382,3,1,-153
1767172025.1672382,1,1,-152
1767172025.1772382,3,-2,-146
1767172025.1872382,-4,-5,-150
1767172025.1972382,-5,0,-149
1767172025.2072382,-6,2,-146
1767172025.2172382,-3,4,-148
1767172025.2272382,5,3,-150
1767172025.2372382,4,1,-142
1767172025.2472382,0,-3,-139
1767172025.257238,1,-8,-144
1767172025.267238,4,-5,-144
1767172025.277238,4,-4,-145
1767172025.287238,2,-3,-151
1767172025.297238,0,-3,-147
1767172025.307238,0,-1,-136
1767172025.317238,0,0,-142
1767172025.327238,-1,-1,-142
1767172025.337238,0,-1,-141
1767172025.347238,-2,0,-144
1767172025.357238,0,0,-147
1767172025.367238,0,-1,-145
1767172025.377238,0,0,-146
1767172025.3872385,4,0,-141
1767172025.3972385,2,2,-133
1767172025.4072382,5,3,-132
1767172025.4172382,7,0,-144
1767172025.4272382,11,-4,-146
1767172025.4372382,9,-4,-148
1767172025.4472382,4,-1,-156
1767172025.4572382,3,0,-153
1767172025.4672382,5,-1,-151
1767172025.4772382,4,-3,-155
1767172025.4872382,0,0,-159
1767172025.4972382,-2,-2,-149
1767172025.507238,-2,0,-143
1767172025.517238,0,0,-142
1767172025.527238,0,-4,-141
1767172025.537238,3,-1,-147
1767172025.547238,3,0,-155
1767172025.557238,1,0,-156
1767172025.567238,2,0,-158
1767172025.577238,3,-4,-152
1767172025.587238,0,-2,-146
1767172025.597238,-2,-1,-148
1767172025.607238,0,3,-158
1767172025.617238,-7,2,-157
1767172025.627238,-5,0,-149
1767172025.6372385,-5,-4,-155
1767172025.6472385,-4,-4,-153
1767172025.6572382,-2,-1,-156
1767172025.6672382,2,1,-150
1767172025.6772382,2,1,-146
1767172025.6872382,1,0,-150
1767172025.6972382,0,-1,-145
1767172025.7072382,-1,0,-144
1767172025.7172382,0,0,-148
1767172025.7272382,0,-2,-143
1767172025.7372382,-1,1,-140
1767172025.7472382,-2,6,-140
1767172025.757238,5,1,-138
1767172025.767238,6,-3,-141
1767172025.777238,5,-8,-145
1767172025.787238,4,-5,-136
1767172025.797238,0,-6,-140
1767172025.807238,-4,-3,-139
1767172025.817238,-5,-5,-139
1767172025.827238,-4,-3,-142
1767172025.837238,-3,-5,-147
1767172025.847238,-3,-7,-149
1767172025.857238,0,-8,-151
1767172025.867238,0,-7,-152
1767172025.877238,-3,-3,-149
1767172025.8872385,-1,0,-147
1767172025.8972385,1,-2,-145
1767172025.9072382,2,0,-140
1767172025.9172382,-2,1,-137
1767172025.9272382,-4,2,-137
1767172025.9372382,-3,2,-140
1767172025.9472382,-1,-1,-143
1767172025.9572382,-3,-2,-145
1767172025.9672382,-2,-4,-136
1767172025.9772382,-2,0,-137
1767172025.9872382,-2,0,-142
1767172025.9972382,3,0,-140
1767172026.007238,5,3,-141
1767172026.017238,6,2,-147
1767172026.027238,9,4,-146
1767172026.037238,7,2,-150
1767172026.047238,6,-2,-157
1767172026.057238,1,-3,-156
1767172026.067238,0,0,-154
1767172026.077238,1,-1,-151
1767172026.087238,-1,-2,-144
1767172026.097238,0,-5,-149
1767172026.107238,0,-2,-147
1767172026.117238,0,-5,-143
1767172026.127238,0,-4,-149
1767172026.1372385,0,0,-146
1767172026.1472385,-1,0,-144
1767172026.1572382,0,1,-147
1767172026.1672382,-2,0,-141
1767172026.1772382,-4,-2,-142
1767172026.1872382,-8,1,-139
1767172026.1972382,-5,2,-134
1767172026.2072382,-2,5,-137
1767172026.2172382,-3,2,-139
1767172026.2272382,-3,2,-134
1767172026.2372382,4,3,-134
1767172026.2472382,3,0,-139
1767172026.257238,0,0,-138
1767172026.267238,0,4,-141
1767172026.277238,-2,2,-142
1767172026.287238,-1,-4,-142
1767172026.297238,-2,-3,-146
1767172026.307238,3,1,-147
1767172026.317238,-3,2,-149
1767172026.327238,0,1,-146
1767172026.337238,0,0,-138
1767172026.347238,1,-4,-138
1767172026.357238,1,1,-141
1767172026.367238,0,1,-143
1767172026.377238,-5,2,-139
1767172026.3872385,-1,0,-141
1767172026.3972385,0,-1,-139
1767172026.4072382,0,-1,-141
1767172026.4172382,0,-5,-136
1767172026.4272382,0,-2,-142
1767172026.4372382,0,-5,-146
1767172026.4472382,-4,-6,-148
1767172026.4572382,-5,-4,-143
1767172026.4672382,-5,-7,-142
1767172026.4772382,-4,-6,-146
1767172026.488238,0,-7,-153
1767172026.498238,0,-8,-154
1767172026.507238,0,-8,-152
1767172026.518238,3,-7,-153
1767172026.528238,1,-7,-157
1767172026.538238,2,-6,-151
1767172026.548238,2,-5,-155
1767172026.557238,0,-4,-150
1767172026.5682385,4,-2,-148
1767172026.5782382,2,-3,-147
1767172026.5882382,0,-3,-148
1767172026.5982382,-2,-2,-147
1767172026.6082382,-3,-4,-143
1767172026.6182382,0,-5,-142
1767172026.6282382,1,-1,-135
1767172026.6382382,0,4,-134
1767172026.6482382,0,8,-134
1767172026.6582382,-1,8,-141
1767172026.6682382,1,7,-145
1767172026.6782382,5,1,-144
1767172026.688238,4,-2,-146
1767172026.698238,0,-3,-141
1767172026.708238,-4,-6,-144
1767172026.718238,-5,-4,-149
1767172026.728238,-8,-7,-143
1767172026.738238,-6,-9,-143
1767172026.748238,-8,-7,-141
1767172026.758238,-8,-2,-136
1767172026.768238,-6,-1,-141
1767172026.778238,-4,-3,-150
1767172026.788238,-1,-3,-151
1767172026.798238,-5,-5,-148
1767172026.8082385,1,-5,-143
1767172026.8182385,0,-3,-143
1767172026.8282382,0,-3,-145
1767172026.8382382,-1,-3,-144
1767172026.8482382,-1,-2,-144
1767172026.8582382,-5,-4,-144
1767172026.8682382,-5,-2,-142
1767172026.8782382,1,-4,-137
1767172026.8882382,0,0,-141
1767172026.8982382,0,2,-136
1767172026.9082382,0,0,-143
1767172026.9182382,-2,1,-141
1767172026.9282382,-2,0,-143
1767172026.938238,0,-3,-146
1767172026.948238,-2,-6,-142
1767172026.958238,-9,-6,-139
1767172026.968238,-7,-6,-139
1767172026.978238,-4,-4,-144
1767172026.988238,-6,-5,-141
1767172026.998238,-6,-3,-140
1767172027.008238,-3,-2,-141
1767172027.018238,-1,0,-144
1767172027.028238,-5,-2,-145
1767172027.038238,-4,-1,-152
1767172027.048238,0,-4,-160
1767172027.0582385,2,0,-162
1767172027.0682385,4,0,-153
1767172027.0782382,2,-1,-146
1767172027.0882382,-1,0,-143
1767172027.0982382,-6,0,-142
1767172027.1082382,-7,-3,-139
1767172027.1182382,-7,-5,-137
1767172027.1282382,-8,-6,-139
1767172027.1382382,-9,0,-139
1767172027.1482382,-3,3,-137
1767172027.1582382,-4,0,-142
1767172027.1682382,1,0,-145
1767172027.1782382,6,0,-140
1767172027.188238,3,-2,-145
1767172027.198238,0,0,-147
1767172027.208238,-4,0,-152
1767172027.218238,-8,-3,-154
1767172027.228238,-3,-3,-151
1767172027.238238,0,-5,-158
1767172027.248238,0,-5,-162
1767172027.258238,2,-4,-158
1767172027.268238,1,-3,-152
1767172027.278238,0,-4,-156
1767172027.288238,3,-4,-157
1767172027.298238,2,-1,-150
1767172027.3082385,4,-3,-148
1767172027.3182385,3,-6,-147
1767172027.3282382,5,-5,-149
1767172027.3382382,2,-6,-152
1767172027.3482382,2,-5,-146
1767172027.3582382,0,-1,-141
1767172027.3682382,-2,2,-146
1767172027.3782382,-1,-1,-148
1767172027.3882382,1,0,-150
1767172027.3982382,0,0,-152
1767172027.4082382,0,1,-152
1767172027.4182382,4,2,-145
1767172027.4282382,4,-1,-140
1767172027.4502382,-2,0,-144
1767172027.458238,0,0,-141
1767172027.468238,0,-3,-141
1767172027.478238,0,0,-140
1767172027.488238,3,-1,-137
1767172027.498238,3,1,-135
1767172027.508238,4,0,-141
1767172027.518238,5,-3,-143
1767172027.528238,7,-5,-144
1767172027.538238,8,-6,-150
1767172027.548238,7,-5,-147
1767172027.5582385,4,-4,-144
1767172027.5682385,4,-3,-140
1767172027.5782382,5,0,-143
1767172027.5882382,7,-2,-141
1767172027.5982382,5,0,-139
1767172027.6082382,3,1,-142
1767172027.6182382,0,2,-142
1767172027.6282382,3,0,-147
1767172027.6382382,2,2,-152
1767172027.6482382,-4,3,-149
1767172027.6582382,-2,0,-152
1767172027.6682382,-2,0,-153
1767172027.6782382,-5,1,-149
1767172027.688238,-3,1,-148
1767172027.698238,0,3,-144
1767172027.708238,-2,0,-142
1767172027.718238,-6,-2,-140
1767172027.728238,-4,-2,-139
1767172027.738238,-4,1,-137
1767172027.748238,-6,-2,-138
1767172027.758238,-7,-1,-137
1767172027.768238,-2,-4,-135
1767172027.778238,-1,-4,-142
1767172027.788238,-3,-3,-138
1767172027.798238,-5,-5,-139
1767172027.8082385,-6,-4,-139
1767172027.8182385,-2,0,-139
1767172027.8282382,-1,-3,-137
1767172027.8382382,0,-4,-137
1767172027.8482382,0,-3,-136
1767172027.8582382,-6,-4,-139
1767172027.8682382,-3,-6,-138
1767172027.8782382,-2,-7,-142
1767172027.8882382,-2,-9,-149
1767172027.8982382,-4,-10,-150
1767172027.9082382,-1,-11,-146
1767172027.9182382,0,-7,-146
1767172027.9282382,2,-3,-147
1767172027.938238,1,-3,-140
1767172027.948238,4,0,-141
1767172027.958238,5,-1,-139
1767172027.968238,0,0,-139
1767172027.978238,-3,-4,-138
1767172027.988238,-3,-6,-148
1767172027.998238,-1,-6,-142
1767172028.008238,-1,-6,-144
1767172028.018238,0,-6,-148
1767172028.028238,3,-8,-148
1767172028.038238,0,-3,-150
1767172028.048238,3,-1,-153
1767172028.0582385,6,2,-153
1767172028.0682385,5,6,-154
1767172028.0782382,-1,6,-149
1767172028.0882382,-7,8,-149
1767172028.0982382,-1,8,-150
1767172028.1082382,2,1,-146
1767172028.1182382,0,-4,-149
1767172028.1282382,0,-6,-155
1767172028.1382382,4,-4,-153
1767172028.1482382,3,-7,-155
1767172028.1582382,4,-4,-151
1767172028.1682382,5,-8,-155
1767172028.1782382,5,-9,-161
1767172028.188238,2,-9,-160
1767172028.198238,0,-4,-153
1767172028.208238,-1,-1,-144
1767172028.218238,-3,0,-144
1767172028.228238,-1,0,-148
1767172028.238238,-2,-6,-146
1767172028.248238,-1,-5,-148
1767172028.258238,-2,-3,-153
1767172028.268238,0,-5,-151
1767172028.278238,6,-8,-152
1767172028.288238,8,-7,-161
1767172028.298238,8,-4,-162
1767172028.3082385,8,-5,-161
1767172028.3182385,5,-3,-161
1767172028.3282382,-2,-3,-157
1767172028.3382382,-1,-3,-154
1767172028.3482382,1,-2,-154
1767172028.3582382,0,-3,-153
1767172028.3682382,-1,-2,-156
1767172028.3782382,-2,-5,-156
1767172028.3882382,2,0,-156
1767172028.3982382,0,5,-155
1767172028.4082382,-7,1,-149
1767172028.4182382,-1,-6,-142
1767172028.4282382,0,-8,-141
1767172028.438238,1,-7,-142
1767172028.448238,0,-6,-140
1767172028.458238,-3,-3,-144
1767172028.468238,-4,-5,-143
1767172028.478238,-3,-1,-145
1767172028.488238,-2,0,-149
1767172028.498238,-6,0,-153
1767172028.508238,-4,1,-150
1767172028.518238,-3,3,-151
1767172028.528238,-6,1,-153
1767172028.538238,-7,2,-155
1767172028.548238,-9,3,-159
1767172028.5582385,-6,4,-163
1767172028.5682385,-5,-1,-166
1767172028.5782382,0,0,-168
1767172028.5882382,1,0,-164
1767172028.5982382,-2,0,-162
1767172028.6082382,-3,0,-160
1767172028.6182382,-6,-3,-159
1767172028.6282382,-4,0,-155
1767172028.6382382,-3,0,-149
1767172028.6482382,-3,0,-143
1767172028.6582382,-5,-2,-142
1767172028.6682382,-3,-3,-147
1767172028.6782382,-1,-2,-147
1767172028.688238,0,-5,-139
1767172028.698238,5,-3,-139
1767172028.708238,4,-5,-132
1767172028.718238,2,-2,-136
1767172028.728238,1,0,-142
1767172028.738238,0,0,-145
1767172028.748238,2,-4,-146
1767172028.758238,-1,-5,-150
1767172028.768238,-2,-4,-143
1767172028.778238,-6,-4,-145
1767172028.788238,-9,-2,-141
1767172028.798238,-8,-1,-142
1767172028.8082385,-2,-1,-145
1767172028.8182385,0,0,-145
1767172028.8282382,3,0,-149
1767172028.8382382,3,2,-147
1767172028.8482382,2,0,-145
1767172028.8582382,1,-1,-142
1767172028.8682382,3,-5,-140
1767172028.8782382,-3,-3,-142
1767172028.8882382,-5,-4,-144
1767172028.8982382,-5,-3,-144
1767172028.9082382,-8,-1,-143
1767172028.9182382,-6,-1,-146
1767172028.9282382,-2,-2,-146
1767172028.938238,1,0,-148
1767172028.948238,1,1,-146
1767172028.958238,0,0,-147
1767172028.968238,1,1,-147
1767172028.978238,7,-3,-147
1767172028.988238,0,-3,-148
1767172028.998238,2,-3,-151
1767172029.008238,3,0,-149
1767172029.0192382,4,3,-146
1767172029.028238,4,0,-149
1767172029.0392382,6,0,-147
1767172029.0492382,8,-1,-151
1767172029.0582385,4,-3,-150
1767172029.0692382,8,-6,-151
1767172029.0792382,5,-4,-154
1767172029.0892382,2,-1,-150
1767172029.0992382,-2,-2,-147
1767172029.109238,-8,0,-150
1767172029.119238,-9,-1,-150
1767172029.129238,-7,-1,-148
1767172029.139238,-4,0,-147
1767172029.149238,-6,-1,-146
1767172029.159238,-3,-1,-147
1767172029.169238,-1,-4,-152
1767172029.179238,0,-5,-154
1767172029.189238,-1,0,-151
1767172029.199238,0,2,-151
1767172029.209238,0,0,-147
1767172029.219238,-6,0,-144
1767172029.2292385,-5,0,-142
1767172029.2392385,-5,1,-143
1767172029.2492385,0,2,-149
1767172029.2592382,1,5,-149
1767172029.2692382,1,6,-147
1767172029.2792382,4,2,-147
1767172029.2892382,7,1,-144
1767172029.2992382,4,5,-141
1767172029.3092382,1,2,-144
1767172029.3192382,0,-5,-139
1767172029.3292382,3,-5,-140
1767172029.3392382,4,-4,-140
1767172029.3492382,4,-5,-138
1767172029.359238,3,-3,-142
1767172029.369238,1,-6,-151
1767172029.379238,3,-4,-142
1767172029.389238,0,-2,-143
1767172029.399238,3,1,-134
1767172029.409238,2,-1,-130
1767172029.419238,2,-4,-139
1767172029.429238,0,-5,-138
1767172029.439238,3,-5,-141
1767172029.449238,9,0,-143
1767172029.459238,7,2,-144
1767172029.469238,4,-3,-144
1767172029.4792385,0,-6,-146
1767172029.4892385,2,-6,-145
1767172029.4992385,6,-5,-142
1767172029.5092382,1,-5,-147
1767172029.5192382,-2,0,-147
1767172029.5292382,-4,0,-142
1767172029.5392382,-7,3,-144
1767172029.5492382,-9,0,-150
1767172029.5592382,-6,-1,-145
1767172029.5692382,-5,-3,-142
1767172029.5792382,0,-5,-142
1767172029.5892382,0,-6,-141
1767172029.5992382,1,-5,-139
1767172029.609238,-2,-8,-140
1767172029.619238,1,-6,-144
1767172029.629238,4,-4,-139
1767172029.639238,8,-2,-138
1767172029.649238,3,-1,-138
1767172029.659238,0,-2,-140
1767172029.669238,-5,-4,-135
1767172029.679238,-5,-8,-145
1767172029.689238,0,-6,-143
1767172029.699238,2,-5,-145
1767172029.709238,0,0,-139
1767172029.719238,1,0,-144
1767172029.7292385,0,2,-145
1767172029.7392385,-2,5,-143
1767172029.7492385,-5,3,-134
1767172029.7592382,-3,0,-135
1767172029.7692382,0,1,-139
1767172029.7792382,0,0,-141
1767172029.7892382,2,-4,-137
1767172029.7992382,0,-7,-140
1767172029.8092382,-2,-4,-149
1767172029.8192382,-2,-3,-151
1767172029.8292382,2,-7,-144
1767172029.8392382,3,-7,-143
1767172029.8492382,-3,-6,-148
1767172029.859238,-8,-4,-148
1767172029.869238,-10,-3,-140
1767172029.879238,-5,0,-142
1767172029.889238,-7,0,-148
1767172029.899238,-3,-1,-147
1767172029.909238,-2,-1,-148
1767172029.919238,-1,0,-156
1767172029.929238,-5,-4,-155
1767172029.939238,-6,-7,-153
1767172029.949238,-3,-8,-159
1767172029.959238,1,-6,-148
1767172029.969238,1,-8,-147
1767172029.9792385,2,-2,-150
1767172029.9892385,0,0,-145
1767172029.9992385,-2,-2,-144
1767172030.0092382,0,-2,-149
1767172030.0192382,-5,0,-147
1767172030.0292382,-3,0,-145
1767172030.0392382,0,1,-140
1767172030.0492382,0,2,-143
1767172030.0592382,-2,1,-147
1767172030.0692382,0,0,-139
1767172030.0792382,0,0,-146
1767172030.0892382,-3,0,-135
1767172030.0992382,-4,0,-137
1767172030.109238,-2,0,-138
1767172030.119238,-1,-3,-141
1767172030.129238,-1,-6,-136
1767172030.139238,1,-4,-140
1767172030.149238,-3,0,-138
1767172030.159238,-1,-3,-145
1767172030.169238,-4,-2,-144
1767172030.179238,-8,-7,-142
1767172030.189238,-3,-5,-142
1767172030.199238,0,-5,-141
1767172030.209238,3,-5,-140
1767172030.219238,2,-6,-143
1767172030.2292385,6,-2,-147
1767172030.2392385,4,0,-149
1767172030.2492385,1,-2,-153
1767172030.2592382,0,-2,-147
1767172030.2692382,0,-1,-138
1767172030.2792382,-2,2,-135
1767172030.2892382,0,0,-141
1767172030.2992382,0,0,-144
1767172030.3092382,2,2,-145
1767172030.3192382,-1,0,-140
1767172030.3292382,-3,-2,-133
1767172030.3392382,-1,-3,-136
1767172030.3492382,0,-4,-139
1767172030.359238,1,-6,-149
1767172030.369238,-1,-4,-150
1767172030.379238,-5,-5,-151
1767172030.389238,-2,-3,-150
1767172030.399238,0,-2,-147
1767172030.409238,0,0,-145
1767172030.419238,3,0,-145
1767172030.429238,1,0,-148
1767172030.439238,0,-1,-149
1767172030.449238,-4,-4,-143
1767172030.459238,-3,-3,-147
1767172030.469238,-5,-3,-145
1767172030.4792385,-1,-7,-148
1767172030.4892385,0,-4,-145
1767172030.4992385,2,0,-140
1767172030.5092382,4,-8,-146
1767172030.5192382,3,-2,-144
1767172030.5292382,0,0,-140
1767172030.5392382,1,0,-141
1767172030.5492382,0,2,-142
1767172030.5592382,-4,4,-139
1767172030.5692382,-6,1,-138
1767172030.5792382,-9,1,-140
1767172030.5892382,-8,-1,-143
1767172030.5992382,-11,-1,-142
1767172030.609238,-10,-2,-141
1767172030.619238,-1,-4,-148
1767172030.629238,1,-6,-147
1767172030.639238,0,-5,-148
1767172030.649238,1,-6,-143
1767172030.659238,1,-4,-143
1767172030.669238,-2,-4,-144
1767172030.679238,1,-5,-145
1767172030.689238,0,-4,-142
1767172030.699238,0,-2,-142
1767172030.709238,1,-4,-149
1767172030.719238,1,-6,-146
1767172030.7292385,0,-4,-151
1767172030.7392385,1,0,-159
1767172030.7492385,0,0,-157
1767172030.7592382,0,2,-153
1767172030.7692382,0,0,-146
1767172030.7792382,0,-2,-149
1767172030.7892382,2,0,-143
1767172030.7992382,0,0,-134
1767172030.8092382,0,-3,-141
1767172030.8192382,-3,-8,-147
1767172030.8292382,-3,-6,-146
1767172030.8392382,-2,-7,-147
1767172030.8492382,0,-11,-150
1767172030.859238,0,-9,-150
1767172030.869238,-3,-2,-144
1767172030.879238,-6,2,-148
1767172030.889238,-6,4,-142
1767172030.899238,-5,3,-147
1767172030.909238,-1,7,-140
1767172030.919238,0,4,-143
1767172030.929238,-3,6,-145
1767172030.939238,-6,5,-146
1767172030.949238,-4,6,-156
1767172030.959238,0,8,-153
1767172030.969238,-2,5,-157
1767172030.9792385,-3,6,-153
1767172030.9892385,-7,2,-155
1767172030.9992385,-3,0,-155
1767172031.0092382,-3,-1,-154
1767172031.0192382,0,0,-156
1767172031.0292382,0,0,-155
1767172031.0392382,0,-1,-150
1767172031.0492382,0,0,-148
1767172031.0592382,1,3,-149
1767172031.0692382,-1,2,-150
1767172031.0792382,0,0,-145
1767172031.0892382,4,-1,-138
1767172031.0992382,0,-3,-137
1767172031.109238,-5,-5,-142
1767172031.119238,-7,-4,-146
1767172031.129238,-2,-2,-148
1767172031.139238,-3,0,-147
1767172031.149238,-1,0,-152
1767172031.159238,0,0,-146
1767172031.169238,1,0,-142
1767172031.179238,-1,0,-146
1767172031.189238,2,0,-150
1767172031.199238,6,0,-148
1767172031.209238,8,-2,-148
1767172031.219238,4,-1,-146
1767172031.2292385,1,0,-146
1767172031.2392385,0,1,-146
1767172031.2492385,0,5,-136
1767172031.2592382,-5,3,-137
1767172031.2692382,-3,0,-137
1767172031.2792382,-2,-3,-142
1767172031.2892382,-2,0,-141
1767172031.2992382,-5,1,-142
1767172031.3092382,-8,-2,-145
1767172031.3192382,-9,-4,-150
1767172031.3292382,-8,-3,-146
1767172031.3392382,-5,0,-147
1767172031.3492382,-2,-1,-152
1767172031.359238,-2,0,-153
1767172031.369238,-3,1,-153
1767172031.379238,0,-4,-154
1767172031.389238,1,-6,-151
1767172031.399238,3,-4,-154
1767172031.409238,3,-2,-151
1767172031.419238,5,-4,-152
1767172031.429238,7,-3,-145
1767172031.439238,8,-6,-140
1767172031.449238,3,-6,-137
1767172031.459238,-2,-5,-140
1767172031.469238,-2,-6,-147
1767172031.4792385,0,-6,-149
1767172031.4892385,0,-8,-148
1767172031.4992385,-4,-5,-147
1767172031.5092382,-5,-3,-148
1767172031.5192382,0,-1,-142
1767172031.5292382,1,1,-134
1767172031.5392382,5,2,-140
1767172031.5492382,6,4,-139
1767172031.560238,4,3,-138
1767172031.570238,2,2,-136
1767172031.580238,0,-1,-133
1767172031.590238,-2,0,-135
1767172031.600238,-4,0,-146
1767172031.610238,-7,0,-157
1767172031.620238,-7,2,-164
1767172031.630238,-2,4,-153
1767172031.640238,-8,0,-147
1767172031.650238,-8,-4,-146
1767172031.6602385,-4,-1,-146
1767172031.6702385,1,-5,-138
1767172031.6802382,3,-7,-138
1767172031.6902382,0,-7,-135
1767172031.7002382,3,-9,-138
1767172031.7102382,0,-4,-141
1767172031.7202382,3,-1,-137
1767172031.7302382,0,-2,-134
1767172031.7402382,-2,-5,-139
1767172031.7502382,1,0,-140
1767172031.7602382,0,0,-141
1767172031.7702382,2,-1,-136
1767172031.7802382,2,-1,-136
1767172031.790238,0,1,-143
1767172031.800238,-4,1,-151
1767172031.810238,-7,0,-151
1767172031.820238,-8,-3,-151
1767172031.830238,-1,-7,-155
1767172031.840238,0,-3,-167
1767172031.850238,1,0,-155
1767172031.860238,4,1,-155
1767172031.870238,0,4,-153
1767172031.880238,-4,4,-153
1767172031.890238,-5,3,-151
1767172031.900238,0,7,-148
1767172031.9102385,3,6,-141
1767172031.9202385,4,7,-146
1767172031.9302382,3,4,-144
1767172031.9402382,3,2,-146
1767172031.9502382,5,1,-143
1767172031.9602382,7,0,-144
1767172031.9702382,9,1,-151
1767172031.9802382,11,-3,-151
1767172031.9902382,11,-1,-151
1767172032.0002382,9,3,-156
1767172032.0102382,8,0,-160
1767172032.0202382,4,0,-156
1767172032.0302382,5,2,-156
1767172032.040238,5,0,-156
1767172032.050238,2,-2,-155
1767172032.060238,3,-5,-150
1767172032.070238,3,-4,-149
1767172032.080238,5,-7,-142
1767172032.090238,0,-7,-137
1767172032.100238,0,-6,-136
1767172032.110238,-1,-8,-141
1767172032.120238,-1,-9,-149
1767172032.130238,2,-8,-153
1767172032.140238,5,-5,-154
1767172032.150238,8,-2,-150
1767172032.1602385,7,0,-148
1767172032.1702385,1,-2,-153
1767172032.1802382,-1,-2,-149
1767172032.1902382,-3,-6,-148
1767172032.2002382,-6,-8,-146
1767172032.2102382,-2,-5,-145
1767172032.2202382,-4,-5,-146
1767172032.2302382,-1,3,-146
1767172032.2402382,-3,3,-141
1767172032.2502382,-4,2,-144
1767172032.2602382,0,1,-145
1767172032.2702382,1,0,-145
1767172032.2802382,-1,-5,-153
1767172032.290238,-1,-4,-154
1767172032.300238,0,0,-146
1767172032.310238,0,0,-146
1767172032.320238,2,0,-155
1767172032.330238,5,0,-160
1767172032.340238,4,-1,-160
1767172032.350238,1,-1,-154
1767172032.360238,0,-3,-146
1767172032.370238,-6,-3,-146
1767172032.380238,-10,-4,-142
1767172032.390238,-7,0,-137
1767172032.400238,-4,0,-136
1767172032.4102385,-5,3,-132
1767172032.4202385,0,1,-139
1767172032.4302382,0,0,-140
1767172032.4402382,0,-2,-139
1767172032.462238,5,-3,-139
1767172032.4702382,7,-5,-143
1767172032.4802382,9,-3,-147
1767172032.4902382,10,-3,-149
1767172032.5002382,10,-5,-149
1767172032.5102382,4,-1,-148
1767172032.5202382,4,0,-144
1767172032.5302382,9,0,-144
1767172032.540238,10,-1,-144
1767172032.550238,6,0,-140
1767172032.560238,1,-3,-145
1767172032.570238,0,-3,-147
1767172032.580238,-2,-3,-141
1767172032.590238,0,-1,-143
1767172032.600238,1,-2,-144
1767172032.610238,5,0,-140
1767172032.620238,7,0,-140
1767172032.630238,6,-3,-146
1767172032.640238,0,0,-145
1767172032.650238,-2,-3,-143
1767172032.6602385,0,-2,-144
1767172032.6702385,1,-4,-147
1767172032.6802382,3,-4,-147
1767172032.6902382,1,-4,-145
1767172032.7002382,-2,-2,-148
1767172032.7102382,0,-5,-149
1767172032.7202382,-2,-2,-148
1767172032.7302382,-6,-1,-143
1767172032.7402382,-2,-2,-143
1767172032.7502382,-2,-5,-146
1767172032.7602382,0,-5,-139
1767172032.7702382,0,-1,-140
1767172032.7802382,4,-4,-143
1767172032.790238,8,1,-141
1767172032.800238,5,0,-140
1767172032.810238,2,-4,-136
1767172032.820238,0,-5,-135
1767172032.830238,0,-2,-133
1767172032.840238,0,-2,-136
1767172032.850238,-3,-3,-131
1767172032.860238,0,-2,-132
1767172032.870238,-2,-2,-136
1767172032.880238,-4,0,-138
1767172032.890238,-1,0,-140
1767172032.900238,-2,-4,-137
1767172032.9102385,-3,-10,-144
1767172032.9202385,-4,-7,-144
1767172032.9302382,-4,-6,-137
1767172032.9402382,-4,-6,-133
1767172032.9502382,0,-6,-135
1767172032.9602382,-2,-3,-135
1767172032.9702382,-3,-3,-140
1767172032.9802382,-1,-1,-143
1767172032.9902382,-6,-5,-143
1767172033.0002382,-4,-3,-138
1767172033.0102382,1,-2,-145
1767172033.0202382,-1,-1,-149
1767172033.0302382,3,-1,-147
1767172033.040238,3,1,-140
1767172033.050238,4,5,-139
1767172033.060238,3,5,-141
1767172033.070238,3,2,-140
1767172033.080238,2,4,-140
1767172033.090238,2,4,-146
1767172033.100238,2,3,-146
1767172033.110238,0,3,-146
1767172033.120238,-1,1,-149
1767172033.130238,-3,0,-146
1767172033.140238,2,3,-144
1767172033.150238,4,0,-142
1767172033.1602385,3,1,-139
1767172033.1702385,-5,2,-131
1767172033.1802382,-5,-1,-134
1767172033.1902382,-4,-1,-143
1767172033.2002382,-3,0,-142
1767172033.2102382,-3,-1,-145
1767172033.2202382,2,-5,-153
1767172033.2302382,0,-8,-152
1767172033.2402382,2,-8,-152
1767172033.2502382,-1,-9,-152
1767172033.2602382,-2,-6,-143
1767172033.2702382,-1,-4,-145
1767172033.2802382,-1,-2,-140
1767172033.290238,0,-1,-135
1767172033.300238,-3,-2,-138
1767172033.310238,-1,-3,-138
1767172033.320238,0,-3,-139
1767172033.330238,3,-3,-142
1767172033.340238,-2,-1,-144
1767172033.350238,-6,-4,-141
1767172033.360238,0,-5,-144
1767172033.370238,2,-5,-142
1767172033.380238,3,-3,-141
1767172033.390238,4,-1,-141
1767172033.400238,5,-3,-148
1767172033.4102385,2,-1,-150
1767172033.4202385,1,0,-147
1767172033.4302382,-2,0,-151
1767172033.4402382,-2,2,-148
1767172033.4502382,2,5,-145
1767172033.4602382,5,8,-141
1767172033.4702382,5,7,-136
1767172033.4802382,3,6,-136
1767172033.4902382,3,2,-138
1767172033.5002382,1,1,-140
1767172033.5102382,0,2,-146
1767172033.5202382,5,2,-146
1767172033.5302382,7,0,-155
1767172033.540238,5,0,-153
1767172033.550238,0,2,-152
1767172033.560238,-1,0,-147
1767172033.570238,0,-1,-150
1767172033.580238,-1,-2,-151
1767172033.590238,0,-1,-145
1767172033.600238,0,-4,-144
1767172033.610238,-3,-7,-148
1767172033.620238,-6,-2,-148
1767172033.630238,-1,-1,-148
1767172033.640238,-5,-4,-154
1767172033.650238,-4,-6,-151
1767172033.6602385,-6,-7,-153
1767172033.6702385,-7,-9,-153
1767172033.6802382,-1,-8,-152
1767172033.6902382,-5,-7,-154
1767172033.7002382,-8,-5,-157
1767172033.7102382,-9,-2,-157
1767172033.7202382,-8,2,-161
1767172033.7302382,-4,1,-154
1767172033.7402382,-5,0,-152
1767172033.7502382,-2,-3,-155
1767172033.7602382,-1,-1,-154
1767172033.7702382,-1,-4,-151
1767172033.7802382,0,-6,-150
1767172033.790238,0,-8,-145
1767172033.800238,4,-4,-144
1767172033.810238,3,-5,-148
1767172033.820238,4,-4,-149
1767172033.830238,5,-5,-146
1767172033.840238,2,-3,-144
1767172033.850238,0,-5,-142
1767172033.860238,4,-7,-140
1767172033.870238,7,-8,-143
1767172033.880238,1,-7,-142
1767172033.8912382,2,-6,-138
1767172033.900238,7,-7,-130
1767172033.9102385,4,-9,-133
1767172033.9202385,-1,-7,-143
1767172033.9302382,1,-8,-145
1767172033.9402382,1,-8,-148
1767172033.9502382,0,-7,-141
1767172033.9602382,-1,-2,-142
1767172033.9702382,-1,0,-140
1767172033.9802382,0,1,-141
1767172033.9902382,1,-1,-142
1767172034.0002382,3,0,-138
1767172034.0102382,-1,0,-133
1767172034.0202382,-2,0,-134
1767172034.0302382,-5,0,-136
1767172034.040238,-5,-5,-131
1767172034.050238,-5,-8,-136
1767172034.060238,-7,-6,-139
1767172034.071238,-8,-3,-132
1767172034.080238,-8,-3,-135
1767172034.0912385,-6,-3,-144
1767172034.1012385,-9,-2,-152
1767172034.1112382,-7,-3,-152
1767172034.1212382,-5,-3,-143
1767172034.1312382,-3,-2,-143
1767172034.1412382,0,-2,-143
1767172034.1512382,-1,-2,-149
1767172034.1612382,-1,-4,-154
1767172034.1712382,-2,-1,-155
1767172034.1812382,0,-1,-151
1767172034.1912382,0,-3,-146
1767172034.2012382,-3,-3,-139
1767172034.211238,-7,-1,-144
1767172034.221238,-5,-2,-142
1767172034.231238,-4,0,-136
1767172034.241238,-6,-2,-132
1767172034.251238,-4,-4,-132
1767172034.261238,0,-3,-124
1767172034.271238,0,0,-126
1767172034.281238,0,-1,-129
1767172034.291238,2,-2,-131
1767172034.301238,5,-1,-131
1767172034.311238,6,0,-132
1767172034.321238,9,1,-135
1767172034.3312385,10,-3,-138
1767172034.3412385,9,-3,-131
1767172034.3512385,6,-5,-124
1767172034.3612382,8,-3,-132
1767172034.3712382,7,-1,-137
1767172034.3812382,11,0,-138
1767172034.3912382,9,1,-144
1767172034.4012382,6,-1,-148
1767172034.4112382,1,-2,-150
1767172034.4212382,-2,-5,-150
1767172034.4312382,-5,-3,-151
1767172034.4412382,-3,-4,-146
1767172034.4512382,-2,-4,-141
1767172034.461238,-6,-4,-139
1767172034.471238,-1,-4,-138
1767172034.481238,0,-2,-139
1767172034.491238,-2,-2,-139
1767172034.501238,-5,2,-131
1767172034.511238,-4,3,-134
1767172034.521238,0,3,-131
1767172034.531238,1,0,-133
1767172034.541238,-1,-2,-133
1767172034.551238,-1,0,-134
1767172034.561238,2,5,-127
1767172034.571238,3,0,-126
1767172034.5812385,0,0,-136
1767172034.5912385,-1,-2,-140
1767172034.6012385,2,-2,-147
1767172034.6112382,0,-4,-148
1767172034.6212382,-2,-5,-153
1767172034.6312382,-1,-7,-153
1767172034.6412382,1,-8,-154
1767172034.6512382,-1,-2,-158
1767172034.6612382,0,1,-150
1767172034.6712382,-1,2,-139
1767172034.6812382,0,-1,-142
1767172034.6912382,0,-4,-141
1767172034.7012382,-3,-1,-147
1767172034.711238,-1,1,-145
1767172034.721238,0,3,-145
1767172034.731238,-3,1,-152
1767172034.741238,-4,-2,-149
1767172034.751238,1,-3,-144
1767172034.761238,0,-1,-148
1767172034.771238,-2,2,-149
1767172034.781238,-1,0,-145
1767172034.791238,0,6,-138
1767172034.801238,0,1,-131
1767172034.811238,-7,1,-133
1767172034.821238,-5,3,-138
1767172034.8312385,-1,3,-136
1767172034.8412385,3,4,-137
1767172034.8512385,2,3,-142
1767172034.8612382,0,1,-140
1767172034.8712382,0,2,-138
1767172034.8812382,0,2,-137
1767172034.8912382,0,3,-146
1767172034.9012382,0,0,-149
1767172034.9112382,0,-2,-148
1767172034.9212382,0,0,-152
1767172034.9312382,0,0,-146
1767172034.9412382,-1,-1,-152
1767172034.9512382,-4,-1,-150
1767172034.961238,-2,0,-151
1767172034.971238,-4,-5,-150
1767172034.981238,-5,-6,-146
1767172034.991238,0,-2,-144
1767172035.001238,-1,0,-146
1767172035.011238,-1,1,-147
1767172035.021238,0,0,-146
1767172035.031238,3,0,-155
1767172035.041238,3,-3,-153
1767172035.051238,3,-1,-149
1767172035.061238,5,1,-146
1767172035.071238,0,0,-141
1767172035.0812385,0,-5,-144
1767172035.0912385,-1,-8,-142
1767172035.1012385,2,-9,-142
1767172035.1112382,4,-6,-142
1767172035.1212382,3,-11,-142
1767172035.1312382,5,-11,-141
1767172035.1412382,3,-5,-139
1767172035.1512382,3,-5,-140
1767172035.1612382,0,0,-140
1767172035.1712382,1,0,-146
1767172035.1812382,2,1,-149
1767172035.1912382,2,2,-143
1767172035.2012382,1,1,-145
1767172035.211238,0,0,-146
1767172035.221238,0,-1,-145
1767172035.231238,-5,1,-144
1767172035.241238,0,2,-151
1767172035.251238,-5,3,-160
1767172035.261238,-5,1,-161
1767172035.271238,-7,0,-163
1767172035.281238,-5,-3,-157
1767172035.291238,-5,-3,-150
1767172035.301238,-1,-1,-147
1767172035.311238,-3,0,-150
1767172035.321238,-2,0,-146
1767172035.3312385,0,-2,-142
1767172035.3412385,-2,-2,-136
1767172035.3512385,-1,0,-136
1767172035.3612382,-8,0,-142
1767172035.3712382,-10,-1,-150
1767172035.3812382,-11,-6,-147
1767172035.3912382,-10,-8,-148
1767172035.4012382,-12,-5,-144
1767172035.4112382,-8,-4,-140
1767172035.4212382,-9,-5,-140
1767172035.4312382,-4,-10,-137
1767172035.4412382,-4,-10,-140
1767172035.4512382,-2,-6,-141
1767172035.461238,-6,-2,-138
1767172035.471238,-6,2,-137
1767172035.481238,-5,3,-144
1767172035.491238,-4,2,-142
1767172035.501238,-7,-2,-140
1767172035.511238,-5,1,-137
1767172035.521238,-3,1,-137
1767172035.531238,-3,4,-140
1767172035.541238,-5,4,-138
1767172035.551238,-3,1,-134
1767172035.561238,0,2,-136
1767172035.571238,0,0,-135
1767172035.5812385,0,-1,-135
1767172035.5912385,1,0,-141
1767172035.6012385,5,0,-137
1767172035.6112382,4,0,-140
1767172035.6212382,4,0,-137
1767172035.6312382,5,-1,-146
1767172035.6412382,2,-3,-143
1767172035.6512382,0,-2,-140
1767172035.6612382,1,-5,-141
1767172035.6712382,3,-4,-142
1767172035.6812382,2,-4,-145
1767172035.6912382,0,-3,-143
1767172035.7012382,-4,-5,-140
1767172035.711238,0,-4,-141
1767172035.721238,-1,-3,-140
1767172035.731238,2,-4,-140
1767172035.741238,2,-6,-142
1767172035.751238,-1,0,-145
1767172035.761238,-4,3,-141
1767172035.771238,-3,6,-140
1767172035.781238,0,7,-146
1767172035.791238,1,0,-151
1767172035.801238,-4,2,-152
1767172035.811238,-2,1,-147
1767172035.821238,-2,-2,-142
1767172035.8312385,0,-6,-147
1767172035.8412385,-3,-10,-152
1767172035.8512385,-2,-12,-150
1767172035.8612382,4,-9,-146
1767172035.8712382,0,-5,-144
1767172035.8812382,0,-4,-150
1767172035.8912382,2,0,-146
1767172035.9012382,0,-3,-140
1767172035.9112382,1,0,-146
1767172035.9212382,0,2,-143
1767172035.9312382,1,-1,-143
1767172035.9412382,1,0,-139
1767172035.9512382,4,-7,-141
1767172035.961238,5,-5,-145
1767172035.971238,7,-4,-141
1767172035.981238,8,-1,-141
1767172035.991238,7,1,-134
1767172036.001238,7,1,-132
1767172036.011238,4,-1,-132
1767172036.021238,1,-1,-133
1767172036.031238,0,0,-133
1767172036.041238,-4,2,-138
1767172036.051238,-2,3,-139
1767172036.061238,0,1,-138
1767172036.071238,-3,-3,-136
1767172036.0812385,-1,-5,-140
1767172036.0912385,-1,-2,-145
1767172036.1012385,0,-4,-151
1767172036.1112382,-1,-5,-155
1767172036.1212382,-1,0,-153
1767172036.1312382,3,4,-154
1767172036.1412382,4,3,-154
1767172036.1512382,4,0,-160
1767172036.1612382,0,-1,-162
1767172036.1712382,2,-2,-155
1767172036.1812382,-2,-3,-149
1767172036.1912382,-3,0,-145
1767172036.2012382,0,-2,-149
1767172036.211238,-3,-2,-147
1767172036.221238,-7,-4,-142
1767172036.231238,-4,-4,-138
1767172036.241238,-5,-1,-139
1767172036.251238,-2,-1,-141
1767172036.261238,-2,-3,-134
1767172036.271238,3,0,-142
1767172036.281238,4,2,-149
1767172036.291238,0,0,-161
1767172036.301238,2,0,-160
1767172036.311238,4,3,-158
1767172036.321238,2,1,-154
1767172036.3312385,2,-1,-144
1767172036.3412385,1,-5,-145
1767172036.3512385,0,-6,-141
1767172036.3612382,0,0,-141
1767172036.3712382,1,1,-142
1767172036.3812382,0,-1,-140
1767172036.3912382,-3,-2,-139
1767172036.4012382,-10,0,-145
1767172036.4112382,-10,0,-152
1767172036.4212382,-9,1,-154
1767172036.4312382,-8,0,-153
1767172036.4412382,-6,1,-154
1767172036.4512382,-6,0,-156
1767172036.461238,-4,-1,-150
1767172036.471238,-3,1,-142
1767172036.481238,0,0,-138
1767172036.491238,1,-1,-137
1767172036.501238,2,-1,-143
1767172036.511238,-1,-2,-150
1767172036.521238,-1,-2,-142
1767172036.531238,-1,0,-142
1767172036.541238,0,-1,-144
1767172036.5522382,2,1,-151
1767172036.5622382,3,3,-150
1767172036.571238,4,3,-147
1767172036.5822382,7,4,-143
1767172036.5922382,4,1,-135
1767172036.6012385,0,1,-135
1767172036.6122382,-1,1,-141
1767172036.6222382,-1,4,-138
1767172036.632238,-2,2,-140
1767172036.642238,0,-1,-131
1767172036.652238,-1,-3,-134
1767172036.6612382,-5,-2,-138
1767172036.672238,-3,-1,-136
1767172036.682238,2,-1,-141
1767172036.692238,3,0,-141
1767172036.702238,2,0,-138
1767172036.712238,1,-1,-142
1767172036.722238,2,0,-145
1767172036.732238,0,5,-146
1767172036.742238,-3,7,-145
1767172036.752238,-5,9,-144
1767172036.7622385,-4,10,-140
1767172036.7722385,-4,7,-148
1767172036.7822382,-2,2,-150
1767172036.7922382,0,0,-145
1767172036.8022382,-1,3,-139
1767172036.8122382,0,2,-137
1767172036.8222382,3,0,-143
1767172036.8322382,3,0,-145
1767172036.8422382,-1,1,-144
1767172036.8522382,-5,-1,-139
1767172036.8622382,-8,-2,-140
1767172036.8722382,-6,-3,-146
1767172036.882238,-7,-4,-148
1767172036.892238,-6,-7,-150
1767172036.902238,-4,-2,-151
1767172036.912238,-10,-4,-145
1767172036.922238,-7,-6,-153
1767172036.932238,-9,-3,-157
1767172036.942238,-6,-5,-149
1767172036.952238,-5,-6,-152
1767172036.962238,-7,-5,-155
1767172036.972238,-7,-4,-156
1767172036.982238,-2,-3,-149
1767172036.992238,-1,1,-146
1767172037.002238,1,-1,-138
1767172037.0122385,0,-1,-138
1767172037.0222385,-2,-1,-142
1767172037.0322382,-2,-1,-144
1767172037.0422382,-7,0,-147
1767172037.0522382,-5,0,-151
1767172037.0622382,-1,0,-149
1767172037.0722382,-3,0,-149
1767172037.0822382,-4,0,-144
1767172037.0922382,0,0,-143
1767172037.1022382,0,0,-143
1767172037.1122382,-3,-1,-144
1767172037.1222382,0,-2,-145
1767172037.132238,-2,-5,-147
1767172037.142238,-1,-5,-139
1767172037.152238,-1,0,-145
1767172037.162238,1,2,-148
1767172037.172238,-1,3,-152
1767172037.182238,-1,0,-154
1767172037.192238,-4,-3,-155
1767172037.202238,-5,-1,-155
1767172037.212238,-2,1,-153
1767172037.222238,0,-1,-148
1767172037.232238,0,-2,-144
1767172037.242238,0,1,-142
1767172037.252238,0,0,-141
1767172037.2622385,0,3,-146
1767172037.2722385,-3,0,-142
1767172037.2822382,0,3,-140
1767172037.2922382,-2,2,-146
1767172037.3022382,-5,-1,-147
1767172037.3122382,-7,0,-149
1767172037.3222382,-10,-3,-148
1767172037.3322382,-6,-4,-152
1767172037.3422382,-6,-5,-154
1767172037.3522382,-2,-6,-156
1767172037.3622382,-1,-6,-159
1767172037.3722382,1,-4,-156
1767172037.382238,6,-4,-157
1767172037.392238,8,-1,-154
1767172037.402238,2,-1,-149
1767172037.412238,0,-2,-147
1767172037.422238,0,-1,-148
1767172037.432238,4,-3,-154
1767172037.442238,1,-2,-158
1767172037.452238,0,-3,-154
1767172037.4742382,-1,1,-153
1767172037.482238,2,4,-148
1767172037.492238,5,1,-152
1767172037.502238,7,0,-152
1767172037.5122385,5,1,-151
1767172037.5222385,6,-2,-145
1767172037.5322382,4,0,-153
1767172037.5422382,0,-6,-154
1767172037.5522382,0,-4,-153
1767172037.5622382,0,-7,-153
1767172037.5722382,4,-4,-148
1767172037.5822382,0,-7,-143
1767172037.5922382,4,-7,-145
1767172037.6022382,0,-7,-153
1767172037.6122382,0,-3,-153
1767172037.6222382,0,-1,-156
1767172037.632238,0,0,-154
1767172037.642238,1,0,-154
1767172037.652238,-1,0,-148
1767172037.662238,1,0,-149
1767172037.672238,-1,-4,-145
1767172037.682238,-1,-6,-142
1767172037.692238,-2,-7,-144
1767172037.702238,-4,-7,-139
1767172037.712238,-6,-8,-139
1767172037.722238,-3,-5,-143
1767172037.732238,-5,0,-150
1767172037.742238,-4,1,-149
1767172037.752238,-5,0,-148
1767172037.7622385,-3,-2,-138
1767172037.7722385,-8,-4,-137
1767172037.7822382,-5,-3,-142
1767172037.7922382,-2,-1,-141
1767172037.8022382,-2,-3,-142
1767172037.8122382,1,-2,-147
1767172037.8222382,4,-4,-143
1767172037.8322382,8,-1,-148
1767172037.8422382,7,0,-144
1767172037.8522382,5,2,-142
1767172037.8622382,6,3,-151
1767172037.8722382,2,6,-147
1767172037.882238,0,6,-146
1767172037.892238,2,3,-146
1767172037.902238,1,-1,-138
1767172037.912238,0,0,-144
1767172037.922238,0,0,-137
1767172037.932238,-4,0,-140
1767172037.942238,-5,1,-140
1767172037.952238,-2,0,-142
1767172037.962238,-4,0,-139
1767172037.972238,0,-4,-140
1767172037.982238,2,-2,-141
1767172037.992238,5,0,-140
1767172038.002238,2,0,-144
1767172038.0122385,0,-3,-138
1767172038.0222385,-2,-1,-133
1767172038.0322382,-2,-3,-137
1767172038.0422382,-1,-4,-129
1767172038.0522382,-2,-5,-130
1767172038.0622382,-3,-7,-136
1767172038.0722382,0,-4,-136
1767172038.0822382,0,-3,-133
1767172038.0922382,1,1,-137
1767172038.1022382,1,3,-133
1767172038.1122382,-1,1,-129
1767172038.1222382,-4,2,-126
1767172038.132238,-1,0,-133
1767172038.142238,-2,-3,-131
1767172038.152238,1,-5,-133
1767172038.162238,0,-8,-136
1767172038.172238,-3,-6,-138
1767172038.182238,-5,0,-139
1767172038.192238,-10,-1,-139
1767172038.202238,-5,0,-144
1767172038.212238,-3,0,-153
1767172038.222238,-2,0,-146
1767172038.232238,-5,0,-145
1767172038.242238,-4,0,-140
1767172038.252238,-1,0,-141
1767172038.2622385,0,3,-146
1767172038.2722385,0,-2,-146
1767172038.2822382,-4,1,-145
1767172038.2922382,-3,1,-142
1767172038.3022382,0,-2,-134
1767172038.3122382,0,-1,-135
1767172038.3222382,3,-5,-138
1767172038.3322382,5,-2,-141
1767172038.3422382,0,-2,-139
1767172038.3522382,-1,-4,-137
1767172038.3622382,0,-3,-138
1767172038.3722382,-2,-4,-135
1767172038.382238,0,0,-138
1767172038.392238,3,-4,-145
1767172038.402238,3,-2,-145
1767172038.412238,5,0,-144
1767172038.422238,2,0,-146
1767172038.432238,0,1,-147
1767172038.442238,0,1,-141
1767172038.452238,-3,-1,-140
1767172038.462238,-3,-2,-140
1767172038.472238,-5,0,-144
1767172038.482238,-5,0,-147
1767172038.492238,-5,-4,-145
1767172038.502238,-5,-6,-141
1767172038.5122385,0,0,-136
1767172038.5222385,0,-1,-136
1767172038.5322382,1,-1,-139
1767172038.5422382,6,-5,-141
1767172038.5522382,6,-3,-140
1767172038.5622382,4,-2,-141
1767172038.5722382,0,-5,-148
1767172038.5822382,0,-5,-150
1767172038.5922382,0,-3,-138
1767172038.6022382,0,-1,-142
1767172038.6122382,2,-1,-141
1767172038.6222382,8,-1,-142
1767172038.632238,8,0,-140
1767172038.642238,6,0,-143
1767172038.652238,3,3,-146
1767172038.662238,-1,3,-141
1767172038.672238,-3,1,-145
1767172038.682238,0,0,-148
1767172038.692238,0,-4,-142
1767172038.702238,-1,-6,-132
1767172038.712238,2,-7,-134
1767172038.722238,5,-6,-139
1767172038.732238,3,-6,-146
1767172038.742238,4,-9,-139
1767172038.752238,3,-8,-139
1767172038.7622385,3,-4,-138
1767172038.7722385,2,-1,-135
1767172038.7822382,0,-1,-133
1767172038.7922382,0,-3,-136
1767172038.8022382,0,-2,-137
1767172038.8122382,1,-4,-144
1767172038.8222382,3,0,-141
1767172038.8322382,3,0,-145
1767172038.8422382,4,-4,-149
1767172038.8522382,4,0,-149
1767172038.8622382,-3,-1,-152
1767172038.8722382,-3,-2,-147
1767172038.882238,-6,-6,-145
1767172038.892238,-4,-6,-147
1767172038.902238,0,-5,-146
1767172038.912238,0,0,-144
1767172038.922238,-4,-2,-147
1767172038.932238,-5,-4,-152
1767172038.942238,-6,0,-155
1767172038.952238,-6,3,-152
1767172038.962238,-3,6,-139
1767172038.972238,4,1,-137
1767172038.982238,9,-2,-139
1767172038.992238,3,-4,-136
1767172039.002238,2,0,-135
1767172039.0122385,0,-4,-138
1767172039.0222385,-3,1,-137
1767172039.0322382,1,1,-141
1767172039.0422382,7,-1,-147
1767172039.0522382,5,-3,-148
1767172039.0622382,5,-2,-145
1767172039.0722382,6,-2,-146
1767172039.0822382,2,0,-150
1767172039.0922382,-2,-4,-143
1767172039.1022382,0,-4,-138
1767172039.1122382,2,-5,-145
1767172039.123238,2,-4,-147
1767172039.133238,2,-2,-150
1767172039.143238,0,-5,-146
1767172039.153238,-3,-5,-140
1767172039.163238,-6,-3,-140
1767172039.173238,-9,0,-142
1767172039.1832385,-5,-2,-146
1767172039.1932385,-6,-3,-147
1767172039.2032382,-6,-4,-147
1767172039.2132382,-1,-2,-147
1767172039.2232382,2,1,-149
1767172039.2332382,1,1,-154
1767172039.2432382,0,-1,-155
1767172039.2532382,-5,0,-151
1767172039.2632382,-8,-6,-142
1767172039.2732382,-4,-3,-139
1767172039.2832382,0,0,-144
1767172039.2932382,-5,1,-140
1767172039.3032382,-6,3,-143
1767172039.313238,-4,4,-143
1767172039.323238,-3,0,-147
1767172039.333238,-5,2,-143
1767172039.343238,-7,-2,-144
1767172039.353238,-7,-2,-144
1767172039.363238,-4,0,-140
1767172039.373238,-2,-3,-139
1767172039.383238,-2,-2,-139
1767172039.393238,0,-3,-143
1767172039.403238,-1,1,-141
1767172039.413238,-1,-2,-140
1767172039.423238,-3,-1,-143
1767172039.4332385,-4,1,-145
1767172039.4432385,-2,4,-145
1767172039.4532382,-4,5,-148
1767172039.4632382,-1,0,-150
1767172039.4732382,0,0,-143
1767172039.4832382,0,2,-140
1767172039.4932382,2,2,-140
1767172039.5032382,0,5,-141
1767172039.5132382,1,4,-142
1767172039.5232382,4,4,-144
1767172039.5332382,7,1,-143
1767172039.5432382,5,4,-142
1767172039.5532382,4,4,-139
1767172039.563238,6,3,-145
1767172039.573238,5,1,-145
1767172039.583238,6,0,-146
1767172039.593238,7,0,-147
1767172039.603238,12,-4,-145
1767172039.613238,8,-4,-147
1767172039.623238,7,-1,-145
1767172039.633238,3,-1,-140
1767172039.643238,0,-2,-146
1767172039.653238,0,0,-149
1767172039.663238,-2,5,-152
1767172039.673238,-2,5,-152
1767172039.6832385,-1,6,-152
1767172039.6932385,-1,4,-151
1767172039.7032382,0,3,-155
1767172039.7132382,3,3,-156
1767172039.7232382,2,1,-151
1767172039.7332382,0,-3,-158
1767172039.7432382,0,0,-153
1767172039.7532382,1,0,-145
1767172039.7632382,5,1,-139
1767172039.7732382,3,2,-140
1767172039.7832382,3,0,-140
1767172039.7932382,6,-2,-141
1767172039.8032382,6,-3,-137
1767172039.813238,6,-3,-136
1767172039.823238,6,-3,-141
1767172039.833238,5,-3,-142
1767172039.843238,6,-2,-142
1767172039.853238,3,0,-137
1767172039.863238,0,0,-137
1767172039.873238,-1,1,-133
1767172039.883238,-3,1,-138
1767172039.893238,-5,-5,-138
1767172039.903238,-4,0,-139
1767172039.913238,-2,1,-146
1767172039.923238,-2,1,-144
1767172039.9332385,-1,-2,-142
1767172039.9432385,0,-4,-138
1767172039.9532382,2,-8,-140
1767172039.9632382,2,-9,-143
1767172039.9732382,4,-6,-143
1767172039.9832382,1,-6,-143
1767172039.9932382,-4,-4,-151
1767172040.0032382,-2,-2,-149
1767172040.0132382,-2,0,-149
1767172040.0232382,-3,-3,-148
1767172040.0332382,-6,-4,-158
1767172040.0432382,-7,-3,-159
1767172040.0532382,-6,-3,-156
1767172040.063238,-3,0,-146
1767172040.073238,-2,3,-145
1767172040.083238,-3,1,-141
1767172040.093238,-2,0,-140
1767172040.103238,0,-1,-138
1767172040.113238,2,-1,-137
1767172040.123238,3,-1,-138
1767172040.133238,2,0,-141
1767172040.143238,0,0,-142
1767172040.153238,0,-2,-145
1767172040.163238,0,-4,-141
1767172040.173238,-2,-6,-140
1767172040.1832385,-2,-2,-141
1767172040.1932385,1,-5,-141
1767172040.2032382,0,-3,-139
1767172040.2132382,0,-2,-145
1767172040.2232382,-2,1,-143
1767172040.2332382,0,5,-136
1767172040.2432382,1,6,-136
1767172040.2532382,3,8,-133
1767172040.2632382,2,4,-139
1767172040.2732382,3,-2,-149
1767172040.2832382,6,0,-150
1767172040.2932382,7,0,-151
1767172040.3032382,6,3,-152
1767172040.313238,4,-1,-150
1767172040.323238,0,-5,-148
1767172040.333238,0,-3,-152
1767172040.343238,2,0,-150
1767172040.353238,6,1,-149
1767172040.363238,8,0,-155
1767172040.373238,6,0,-147
1767172040.383238,3,-1,-141
1767172040.393238,4,0,-146
1767172040.403238,2,0,-143
1767172040.413238,0,-1,-145
1767172040.423238,0,-2,-148
1767172040.4332385,0,-4,-145
1767172040.4432385,0,0,-148
1767172040.4532382,-2,2,-145
1767172040.4632382,0,0,-144
1767172040.4732382,1,4,-143
1767172040.4832382,4,3,-146
1767172040.4932382,3,2,-145
1767172040.5032382,4,0,-152
1767172040.5132382,2,0,-150
1767172040.5232382,2,4,-148
1767172040.5332382,0,2,-151
1767172040.5432382,0,0,-136
1767172040.5532382,4,2,-136
1767172040.563238,9,-1,-139
1767172040.573238,8,-2,-135
1767172040.583238,4,-1,-127
1767172040.593238,0,0,-128
1767172040.603238,2,1,-131
1767172040.613238,2,1,-138
1767172040.623238,1,1,-143
1767172040.633238,0,4,-143
1767172040.643238,-1,3,-143
1767172040.653238,-1,3,-146
1767172040.663238,0,3,-150
1767172040.673238,2,4,-149
1767172040.6832385,4,7,-141
1767172040.6932385,4,6,-143
1767172040.7032382,3,7,-140
1767172040.7132382,1,5,-143
1767172040.7232382,-3,5,-150
1767172040.7332382,-3,1,-155
1767172040.7432382,-3,0,-153
1767172040.7532382,-1,-2,-158
1767172040.7632382,-4,-2,-153
1767172040.7732382,0,-5,-142
1767172040.7832382,3,-6,-147
1767172040.7932382,4,-6,-140
1767172040.8032382,2,-7,-142
1767172040.813238,0,-9,-143
1767172040.823238,-2,-8,-148
1767172040.833238,-3,-7,-143
1767172040.843238,-2,-7,-135
1767172040.853238,-2,-3,-144
1767172040.863238,-2,0,-143
1767172040.873238,2,-3,-147
1767172040.883238,0,-2,-145
1767172040.893238,0,0,-143
1767172040.903238,-7,1,-144
1767172040.913238,-4,3,-145
1767172040.923238,0,0,-143
1767172040.9332385,0,-4,-146
1767172040.9432385,1,-4,-149
1767172040.9532382,2,-6,-148
1767172040.9632382,3,-2,-149
1767172040.9732382,3,3,-149
1767172040.9832382,6,5,-147
1767172040.9932382,5,4,-141
1767172041.0032382,2,0,-136
1767172041.0132382,3,0,-140
1767172041.0232382,2,-1,-140
1767172041.0332382,-1,1,-141
1767172041.0432382,5,3,-142
1767172041.0532382,8,4,-142
1767172041.063238,5,7,-141
1767172041.073238,-1,7,-134
1767172041.083238,-4,3,-134
1767172041.093238,-3,2,-138
1767172041.103238,-2,1,-138
1767172041.113238,-3,1,-139
1767172041.123238,-5,1,-139
1767172041.133238,-1,0,-135
1767172041.143238,0,-1,-133
1767172041.153238,2,-4,-130
1767172041.163238,4,-6,-132
1767172041.173238,7,-5,-135
1767172041.1832385,5,-2,-145
1767172041.1932385,4,-3,-150
1767172041.2032382,1,-1,-146
1767172041.2132382,-1,1,-145
1767172041.2232382,0,0,-146
1767172041.2332382,-3,4,-143
1767172041.2432382,-10,5,-146
1767172041.2532382,-10,4,-147
1767172041.2632382,-8,5,-151
1767172041.2732382,-7,3,-148
1767172041.2832382,-7,0,-143
1767172041.2932382,-9,-1,-147
1767172041.3032382,-5,-3,-148
1767172041.313238,-4,-1,-143
1767172041.323238,-6,0,-143
1767172041.333238,-7,0,-151
1767172041.343238,-8,2,-149
1767172041.353238,-6,0,-142
1767172041.363238,-5,3,-140
1767172041.373238,-5,-2,-136
1767172041.383238,-5,-2,-144
1767172041.393238,-2,-1,-143
1767172041.403238,0,-3,-147
1767172041.413238,0,-4,-148
1767172041.423238,0,1,-141
1767172041.4332385,4,-1,-141
1767172041.4432385,2,-1,-141
1767172041.4532382,2,-4,-137
1767172041.4632382,1,-4,-139
1767172041.4732382,0,0,-144
1767172041.4832382,-5,1,-146
1767172041.4932382,-10,0,-138
1767172041.5032382,-11,1,-140
1767172041.5132382,-9,0,-141
1767172041.5232382,-7,0,-145
1767172041.5332382,-6,-1,-148
1767172041.5432382,0,1,-147
1767172041.5532382,0,2,-139
1767172041.563238,0,4,-143
1767172041.573238,8,-1,-148
1767172041.583238,11,-2,-148
1767172041.593238,10,-5,-145
1767172041.603238,4,-1,-149
1767172041.613238,2,0,-149
1767172041.623238,-2,-3,-148
1767172041.633238,-1,0,-145
1767172041.6442382,-6,2,-141
1767172041.6542382,-5,1,-143
1767172041.663238,-7,1,-138
1767172041.6742382,-9,0,-137
1767172041.6842382,-4,3,-133
1767172041.6942382,-3,3,-133
1767172041.7042382,-1,8,-138
1767172041.7142382,0,1,-144
1767172041.7242382,0,0,-145
1767172041.734238,0,0,-147
1767172041.744238,0,0,-145
1767172041.754238,1,0,-144
1767172041.764238,2,0,-146
1767172041.774238,2,1,-148
1767172041.784238,0,1,-146
1767172041.794238,-1,-2,-143
1767172041.804238,-4,-2,-144
1767172041.814238,-9,-2,-145
1767172041.824238,-6,-1,-143
1767172041.834238,-4,1,-141
1767172041.844238,-3,-1,-139
1767172041.8542385,-5,-3,-133
1767172041.8642385,0,-4,-136
1767172041.8742385,-5,-4,-138
1767172041.8842382,-5,-4,-142
1767172041.8942382,-8,-2,-137
1767172041.9042382,-6,0,-142
1767172041.9142382,-4,-1,-147
1767172041.9242382,-5,0,-149
1767172041.9342382,-4,-5,-147
1767172041.9442382,-2,-6,-143
1767172041.9542382,0,-4,-140
1767172041.9642382,0,-6,-142
1767172041.9742382,-3,-4,-140
1767172041.984238,-3,-5,-144
1767172041.994238,-4,-4,-142
1767172042.004238,-3,0,-144
1767172042.014238,-3,-2,-141
1767172042.024238,-3,0,-146
1767172042.034238,-8,0,-143
1767172042.044238,-4,-5,-147
1767172042.054238,-2,-11,-147
1767172042.064238,0,-8,-145
1767172042.074238,-1,-5,-144
1767172042.084238,0,-4,-148
1767172042.094238,-1,-4,-151
1767172042.1042385,0,-5,-161
1767172042.1142385,-2,-2,-162
1767172042.1242385,-2,-2,-160
1767172042.1342382,0,0,-158
1767172042.1442382,1,0,-157
1767172042.1542382,0,-2,-159
1767172042.1642382,5,-3,-158
1767172042.1742382,1,-2,-153
1767172042.1842382,-2,0,-149
1767172042.1942382,0,-1,-149
1767172042.2042382,0,-5,-150
1767172042.2142382,1,-6,-148
1767172042.2242382,5,-8,-143
1767172042.234238,4,-6,-143
1767172042.244238,2,-1,-143
1767172042.254238,-5,-2,-144
1767172042.264238,-7,-2,-143
1767172042.274238,-3,1,-140
1767172042.284238,0,1,-132
1767172042.294238,0,-2,-134
1767172042.304238,-1,-7,-142
1767172042.314238,-3,-8,-143
1767172042.324238,0,-7,-143
1767172042.334238,0,-5,-146
1767172042.344238,-3,-3,-152
1767172042.3542385,-5,-1,-144
1767172042.3642385,-7,0,-137
1767172042.3742385,-4,-2,-137
1767172042.3842382,-2,-2,-139
1767172042.3942382,-7,-3,-138
1767172042.4042382,-6,-2,-134
1767172042.4142382,-3,-5,-133
1767172042.4242382,-1,-5,-137
1767172042.4342382,-3,-2,-141
1767172042.4442382,-6,0,-147
1767172042.4542382,-7,-3,-149
1767172042.4642382,-10,-6,-155
1767172042.485238,-6,-4,-155
1767172042.494238,-4,-2,-154
1767172042.504238,-4,-1,-154
1767172042.514238,-8,-1,-156
1767172042.524238,-6,0,-148
1767172042.534238,-6,0,-148
1767172042.544238,-9,0,-146
1767172042.554238,-6,2,-146
1767172042.564238,-5,0,-150
1767172042.574238,-5,-3,-156
1767172042.584238,-2,-2,-151
1767172042.594238,-3,-2,-144
1767172042.6042385,-4,0,-140
1767172042.6142385,-2,2,-148
1767172042.6242385,-3,2,-147
1767172042.6342382,-3,2,-145
1767172042.6442382,-3,0,-150
1767172042.6542382,-2,0,-154
1767172042.6642382,-2,2,-150
1767172042.6742382,-2,0,-151
1767172042.6842382,-1,3,-146
1767172042.6942382,-2,0,-149
1767172042.7042382,-3,-3,-145
1767172042.7142382,0,-6,-139
1767172042.7242382,0,-7,-139
1767172042.734238,0,-6,-147
1767172042.744238,1,-9,-154
1767172042.754238,-1,-9,-148
1767172042.764238,-3,-9,-145
1767172042.774238,-2,-9,-147
1767172042.784238,0,-7,-150
1767172042.794238,-3,-6,-151
1767172042.804238,-3,-7,-149
1767172042.814238,0,-7,-151
1767172042.824238,-1,-5,-150
1767172042.834238,-9,-6,-156
1767172042.844238,-14,-8,-149
1767172042.8542385,-13,-3,-149
1767172042.8642385,-9,-4,-147
1767172042.8742385,-6,-4,-145
1767172042.8842382,-2,-1,-146
1767172042.8942382,-1,3,-144
1767172042.9042382,1,8,-142
1767172042.9142382,4,3,-141
1767172042.9242382,4,0,-143
1767172042.9342382,0,0,-139
1767172042.9442382,0,0,-147
1767172042.9542382,-1,0,-145
1767172042.9642382,0,1,-137
1767172042.9742382,3,2,-140
1767172042.984238,-2,2,-137
1767172042.994238,0,2,-140
1767172043.005238,3,0,-141
1767172043.014238,0,0,-136
1767172043.024238,-4,0,-135
1767172043.034238,-4,-4,-136
1767172043.044238,-8,-3,-135
1767172043.054238,-6,-1,-140
1767172043.064238,-5,0,-145
1767172043.074238,-3,2,-148
1767172043.084238,-3,0,-148
1767172043.094238,-1,0,-149
1767172043.1042385,-2,0,-150
1767172043.1142385,0,0,-146
1767172043.1242385,-2,-1,-145
1767172043.1342382,5,1,-147
1767172043.1442382,5,0,-148
1767172043.1542382,7,0,-146
1767172043.1642382,6,4,-146
1767172043.1742382,0,4,-148
1767172043.1842382,1,2,-145
1767172043.1942382,1,0,-146
1767172043.2042382,0,2,-147
1767172043.2142382,1,2,-137
1767172043.2242382,0,2,-133
1767172043.234238,3,1,-135
1767172043.244238,0,1,-130
1767172043.254238,0,3,-132
1767172043.264238,-4,2,-134
1767172043.274238,-4,1,-141
1767172043.284238,-5,-2,-143
1767172043.294238,-4,-3,-144
1767172043.304238,-3,-2,-149
1767172043.314238,1,-2,-149
1767172043.324238,-1,0,-145
1767172043.334238,-5,3,-150
1767172043.344238,-7,1,-155
1767172043.3542385,-9,0,-148
1767172043.3642385,-10,0,-141
1767172043.3742385,-7,0,-138
1767172043.3842382,0,0,-146
1767172043.3942382,-3,0,-149
1767172043.4042382,-3,0,-145
1767172043.4142382,0,0,-138
1767172043.4242382,-1,0,-138
1767172043.4342382,-1,0,-132
1767172043.4442382,1,6,-131
1767172043.4542382,-1,1,-136
1767172043.4642382,1,0,-137
1767172043.4742382,0,-2,-139
1767172043.484238,3,0,-140
1767172043.494238,4,-2,-140
1767172043.504238,6,-5,-136
1767172043.514238,3,-5,-143
1767172043.524238,5,-4,-140
1767172043.534238,4,-5,-139
1767172043.544238,5,-5,-138
1767172043.554238,1,-6,-139
1767172043.564238,-2,-8,-134
1767172043.574238,0,-8,-136
1767172043.584238,2,-8,-136
1767172043.594238,3,-9,-143
1767172043.6042385,7,-11,-150
1767172043.6142385,9,-8,-152
1767172043.6242385,3,-5,-150
1767172043.6342382,1,-3,-154
1767172043.6442382,1,-1,-154
1767172043.6542382,1,0,-155
1767172043.6642382,0,1,-148
1767172043.6742382,-6,4,-147
1767172043.6842382,-5,0,-156
1767172043.6942382,-4,0,-155
1767172043.7042382,-7,1,-156
1767172043.7142382,-1,2,-158
1767172043.7242382,0,0,-157
1767172043.734238,-3,4,-154
1767172043.744238,0,6,-155
1767172043.754238,0,3,-154
1767172043.764238,3,2,-156
1767172043.774238,4,0,-148
1767172043.784238,3,-1,-143
1767172043.794238,-1,-1,-145
1767172043.804238,-2,-1,-150
1767172043.814238,-2,-2,-152
1767172043.824238,-6,-3,-150
1767172043.834238,-5,0,-151
1767172043.844238,-5,0,-147
1767172043.8542385,-5,1,-146
1767172043.8642385,-3,1,-145
1767172043.8742385,0,-3,-152
1767172043.8842382,2,-2,-149
1767172043.8942382,1,-4,-152
1767172043.9042382,-1,0,-154
1767172043.9142382,0,1,-158
1767172043.9242382,0,-3,-161
1767172043.9342382,-2,-3,-155
1767172043.9442382,0,-3,-153
1767172043.9542382,0,-3,-150
1767172043.9642382,2,0,-148
1767172043.9742382,2,-4,-153
1767172043.984238,-1,-9,-148
1767172043.994238,-7,-4,-145
1767172044.004238,-5,-6,-145
1767172044.014238,-1,-7,-147
1767172044.024238,-1,-8,-149
1767172044.034238,-2,-7,-140
1767172044.044238,0,-5,-139
1767172044.054238,1,-4,-142
1767172044.064238,0,-7,-146
1767172044.074238,0,-7,-147
1767172044.084238,-3,-3,-152
1767172044.094238,-3,-3,-154
1767172044.1042385,-4,-1,-151
1767172044.1142385,-5,-2,-143
1767172044.1242385,-8,-1,-145
1767172044.1342382,-9,0,-142
1767172044.1442382,-7,-2,-143
1767172044.1542382,-4,-1,-142
1767172044.1642382,-4,0,-144
1767172044.1742382,-1,1,-145
1767172044.1842382,0,1,-140
1767172044.1942382,1,3,-138
1767172044.205238,4,1,-141
1767172044.215238,3,2,-144
1767172044.225238,5,-3,-141
1767172044.235238,0,-3,-140
1767172044.245238,-1,0,-146
1767172044.255238,0,1,-149
1767172044.265238,4,0,-148
1767172044.275238,2,0,-150
1767172044.2852385,2,3,-149
1767172044.2952385,-3,4,-153
1767172044.3052382,0,3,-148
1767172044.3152382,-2,1,-142
1767172044.3252382,-8,1,-142
1767172044.3352382,0,-1,-142
1767172044.3452382,1,0,-139
1767172044.3552382,3,0,-146
1767172044.3652382,4,0,-145
1767172044.3752382,6,1,-144
1767172044.3852382,6,1,-142
1767172044.3952382,4,5,-141
1767172044.4052382,4,3,-142
1767172044.415238,5,0,-147
1767172044.425238,5,-3,-148
1767172044.435238,7,-2,-152
1767172044.445238,6,-6,-154
1767172044.455238,4,-3,-156
1767172044.465238,0,-1,-155
1767172044.475238,0,-2,-154
1767172044.485238,-2,-3,-155
1767172044.495238,-1,-2,-143
1767172044.505238,0,-3,-144
1767172044.515238,2,-3,-149
1767172044.525238,3,4,-152
1767172044.5352385,4,4,-157
1767172044.5452385,4,-1,-150
1767172044.5552382,0,-2,-148
1767172044.5652382,1,-2,-145
1767172044.5752382,0,0,-144
1767172044.5852382,3,-6,-146
1767172044.5952382,3,-12,-150
1767172044.6052382,5,-6,-149
1767172044.6152382,6,-7,-145
1767172044.6252382,1,-9,-145
1767172044.6352382,-1,-6,-142
1767172044.6452382,0,-4,-146
1767172044.6552382,2,-6,-146
1767172044.665238,-1,-6,-149
1767172044.675238,-1,-4,-144
1767172044.685238,-4,-6,-143
1767172044.695238,-2,-5,-140
1767172044.705238,0,-7,-146
1767172044.715238,3,-4,-144
1767172044.725238,-1,-3,-139
1767172044.735238,-3,-4,-145
1767172044.745238,-5,-3,-148
1767172044.755238,-7,-6,-146
1767172044.765238,-4,-10,-149
1767172044.775238,0,-11,-154
1767172044.7852385,1,-8,-156
1767172044.7952385,2,-4,-155
1767172044.8052382,0,-4,-160
1767172044.8152382,0,-2,-160
1767172044.8252382,1,-1,-160
1767172044.8352382,0,0,-159
1767172044.8452382,-1,4,-151
1767172044.8552382,-5,1,-153
1767172044.8652382,-6,0,-154
1767172044.8752382,-2,0,-151
1767172044.8852382,-1,-2,-147
1767172044.8952382,-5,-5,-150
1767172044.9052382,-3,-5,-152
1767172044.915238,-6,0,-147
1767172044.925238,-4,-3,-147
1767172044.935238,-7,-3,-141
1767172044.945238,-9,-5,-139
1767172044.955238,-7,-1,-145
1767172044.965238,0,-2,-144
1767172044.975238,-2,-4,-141
1767172044.985238,-1,-4,-145
1767172044.995238,1,-3,-143
1767172045.005238,1,-5,-141
1767172045.015238,-3,-5,-140
1767172045.025238,-2,-4,-143
1767172045.0352385,0,-1,-141
1767172045.0452385,2,-3,-142
1767172045.0552382,1,-2,-142
1767172045.0652382,0,-1,-142
1767172045.0752382,-1,1,-139
1767172045.0852382,2,5,-141
1767172045.0952382,0,6,-145
1767172045.1052382,1,5,-144
1767172045.1152382,4,-1,-146
1767172045.1252382,1,-3,-145
1767172045.1352382,0,0,-146
1767172045.1452382,2,-3,-142
1767172045.1552382,0,-1,-141
1767172045.165238,0,0,-135
1767172045.175238,0,3,-138
1767172045.185238,0,5,-139
1767172045.195238,-2,3,-140
1767172045.205238,-4,3,-138
1767172045.215238,-3,0,-142
1767172045.225238,0,0,-136
1767172045.235238,-1,-1,-141
1767172045.245238,-1,-4,-152
1767172045.255238,0,-6,-152
1767172045.265238,-2,-7,-153
1767172045.275238,-4,-8,-149
1767172045.2852385,-5,-5,-150
1767172045.2952385,0,-8,-148
1767172045.3052382,3,-6,-153
1767172045.3152382,2,-7,-149
1767172045.3252382,-4,-5,-151
1767172045.3352382,-4,0,-152
1767172045.3452382,-3,0,-150
1767172045.3552382,-2,-4,-148
1767172045.3652382,-2,-6,-147
1767172045.3752382,-3,-3,-150
1767172045.3852382,-1,-5,-145
1767172045.3952382,-2,-8,-142
1767172045.4052382,-4,-8,-138
1767172045.415238,-2,-4,-140
1767172045.425238,-1,-5,-144
1767172045.435238,-2,-7,-151
1767172045.445238,0,-7,-155
1767172045.455238,1,-5,-157
1767172045.465238,0,0,-159
1767172045.475238,-2,3,-155
1767172045.485238,-8,4,-154
1767172045.495238,-7,6,-152
1767172045.505238,-3,6,-144
1767172045.515238,-5,6,-139
1767172045.525238,-8,3,-135
1767172045.5352385,-5,2,-133
1767172045.5452385,-6,0,-137
1767172045.5552382,-2,2,-139
1767172045.5652382,-1,-1,-143
1767172045.5752382,-1,-6,-142
1767172045.5852382,0,-7,-145
1767172045.5952382,1,-3,-146
1767172045.6052382,8,-3,-145
1767172045.6152382,7,-5,-144
1767172045.6252382,10,-5,-144
1767172045.6352382,7,-2,-150
1767172045.6452382,4,1,-151
1767172045.6552382,0,-2,-144
1767172045.665238,0,-1,-142
1767172045.675238,0,-1,-144
1767172045.685238,-1,-3,-151
1767172045.695238,-3,-4,-148
1767172045.705238,0,-6,-152
1767172045.715238,-4,-7,-146
1767172045.725238,-7,-7,-146
1767172045.735238,-2,-4,-141
1767172045.745238,0,-2,-141
1767172045.755238,-1,-3,-147
1767172045.765238,1,-4,-149
1767172045.775238,5,-3,-149
1767172045.7852385,4,-4,-152
1767172045.7952385,5,-1,-151
1767172045.8052382,3,-8,-148
1767172045.8152382,0,-6,-148
1767172045.8252382,-3,-4,-147
1767172045.8352382,-2,-5,-151
1767172045.8452382,0,-4,-155
1767172045.8552382,1,-3,-154
1767172045.8652382,-1,0,-148
1767172045.8752382,0,0,-140
1767172045.8852382,2,-2,-134
1767172045.8952382,4,-5,-137
1767172045.9052382,7,-6,-141
1767172045.915238,2,-3,-140
1767172045.925238,0,-5,-143
1767172045.935238,-1,-5,-147
1767172045.945238,0,-7,-149
1767172045.955238,-1,-4,-150
1767172045.965238,-1,-3,-155
1767172045.975238,0,-5,-161
1767172045.985238,-1,-6,-162
1767172045.995238,-1,-7,-161
1767172046.005238,1,-3,-161
1767172046.015238,4,-1,-161
1767172046.025238,1,-4,-155
1767172046.0352385,1,-5,-151
1767172046.0452385,0,-8,-150
1767172046.0552382,0,-3,-154
1767172046.0652382,0,-2,-147
1767172046.0752382,-2,1,-152
1767172046.0852382,-2,1,-142
1767172046.0952382,-3,1,-145
1767172046.1052382,-2,0,-151
1767172046.1152382,-4,0,-146
1767172046.1252382,-5,0,-145
1767172046.1352382,-4,-5,-147
1767172046.1452382,-4,-8,-144
1767172046.1552382,-2,-6,-139
1767172046.165238,0,-3,-143
1767172046.175238,-2,0,-150
1767172046.185238,-1,1,-152
1767172046.195238,-1,0,-149
1767172046.205238,-1,-7,-148
1767172046.215238,0,-9,-151
1767172046.225238,3,-9,-147
1767172046.235238,3,-9,-142
1767172046.245238,2,-6,-145
1767172046.255238,2,-6,-144
1767172046.265238,-1,-3,-140
1767172046.275238,-3,-5,-140
1767172046.2852385,0,-5,-144
1767172046.2952385,4,-7,-143
1767172046.3052382,4,-6,-143
1767172046.3152382,5,-3,-140
1767172046.3252382,3,-3,-135
1767172046.3352382,0,-2,-133
1767172046.3452382,0,-4,-135
1767172046.3552382,0,-2,-130
1767172046.3652382,-1,-1,-137
1767172046.3752382,1,-1,-146
1767172046.3852382,1,2,-146
1767172046.3952382,-4,0,-151
1767172046.4052382,-7,-1,-152
1767172046.415238,-6,-3,-144
1767172046.425238,-3,-2,-146
1767172046.435238,0,0,-140
1767172046.445238,-3,1,-140
1767172046.455238,-4,-1,-147
1767172046.465238,-1,-1,-143
1767172046.475238,1,-1,-143
1767172046.485238,0,0,-141
1767172046.495238,1,-1,-142
1767172046.505238,0,0,-148
1767172046.515238,0,3,-146
1767172046.525238,-2,4,-141
1767172046.5352385,-5,4,-137
1767172046.5452385,-6,3,-150
1767172046.5552382,-3,0,-149
1767172046.5652382,0,-4,-146
1767172046.5752382,-4,-2,-140
1767172046.5852382,-3,-1,-141
1767172046.5952382,-5,3,-147
1767172046.6052382,-3,2,-151
1767172046.6152382,-3,1,-152
1767172046.6252382,-3,-1,-149
1767172046.6352382,-8,0,-141
1767172046.6452382,-9,-3,-135
1767172046.6552382,-9,-5,-135
1767172046.666238,-2,-3,-136
1767172046.676238,2,-5,-134
1767172046.686238,2,-8,-141
1767172046.695238,2,-5,-141
1767172046.705238,0,0,-140
1767172046.715238,-1,0,-143
1767172046.7262385,0,2,-142
1767172046.7362382,-2,2,-144
1767172046.7462382,-5,0,-151
1767172046.7562382,-3,4,-147
1767172046.7662382,0,0,-144
1767172046.7762382,1,-1,-144
1767172046.7862382,-1,-2,-149
1767172046.7962382,-5,1,-153
1767172046.8062382,-6,-4,-156
1767172046.8162382,-7,-3,-155
1767172046.8262382,-6,-4,-145
1767172046.836238,-4,-8,-150
1767172046.846238,1,-7,-154
1767172046.856238,3,-8,-157
1767172046.866238,4,-9,-156
1767172046.876238,5,-5,-154
1767172046.886238,3,-6,-150
1767172046.896238,-1,-5,-150
1767172046.906238,-4,-2,-151
1767172046.916238,-3,-9,-152
1767172046.926238,-5,-8,-150
1767172046.936238,-3,-9,-152
1767172046.946238,1,-6,-157
1767172046.9562385,4,-4,-153
1767172046.9662385,2,-2,-154
1767172046.9762385,2,-4,-155
1767172046.9862382,0,-5,-155
1767172046.9962382,-3,-1,-151
1767172047.0062382,-1,-3,-146
1767172047.0162382,0,-7,-149
1767172047.0262382,0,-1,-151
1767172047.0362382,3,-2,-151
1767172047.0462382,-1,-5,-149
1767172047.0562382,0,0,-143
1767172047.0662382,-4,0,-142
1767172047.0762382,-5,0,-142
1767172047.086238,-6,-1,-143
1767172047.096238,-6,-3,-142
1767172047.106238,-2,-2,-135
1767172047.116238,0,0,-135
1767172047.126238,-2,3,-138
1767172047.136238,-3,1,-143
1767172047.146238,-4,0,-143
1767172047.156238,0,-2,-144
1767172047.166238,-2,-3,-141
1767172047.176238,-5,-4,-139
1767172047.186238,-3,3,-147
1767172047.196238,0,2,-148
1767172047.2062385,0,2,-147
1767172047.2162385,-1,-2,-153
1767172047.2262385,0,0,-157
1767172047.2362382,-1,-1,-156
1767172047.2462382,-1,2,-154
1767172047.2562382,0,0,-152
1767172047.2662382,-1,2,-149
1767172047.2762382,0,0,-153
1767172047.2862382,-2,-2,-157
1767172047.2962382,0,-4,-157
1767172047.3062382,3,-4,-152
1767172047.3162382,7,-3,-158
1767172047.3262382,2,-2,-153
1767172047.336238,4,0,-150
1767172047.346238,4,2,-152
1767172047.356238,2,0,-150
1767172047.366238,0,3,-148
1767172047.376238,3,0,-145
1767172047.386238,3,-1,-145
1767172047.396238,4,1,-144
1767172047.406238,4,0,-141
1767172047.416238,4,-2,-141
1767172047.426238,4,0,-143
1767172047.436238,5,0,-147
1767172047.446238,7,1,-150
1767172047.4562385,8,-1,-150
1767172047.4662385,5,-2,-149
1767172047.4762385,0,0,-145
1767172047.4972382,7,0,-152
1767172047.5062382,8,2,-153
1767172047.5162382,2,0,-149
1767172047.5262382,2,0,-149
1767172047.5362382,0,-1,-145
1767172047.5462382,0,-2,-142
1767172047.5562382,1,-7,-146
1767172047.5662382,2,-11,-146
1767172047.5762382,-1,-10,-140
1767172047.586238,1,-12,-138
1767172047.596238,2,-13,-140
1767172047.606238,3,-12,-142
1767172047.616238,0,-13,-141
1767172047.626238,-2,-14,-143
1767172047.636238,-1,-9,-139
1767172047.646238,0,-8,-150
1767172047.656238,0,-6,-152
1767172047.666238,2,-7,-155
1767172047.676238,1,-3,-155
1767172047.686238,2,-3,-153
1767172047.696238,0,-5,-154
1767172047.7062385,-2,-4,-148
1767172047.7162385,-1,-5,-146
1767172047.7262385,1,-2,-143
1767172047.7362382,-2,-1,-144
1767172047.7462382,0,0,-144
1767172047.7562382,5,2,-143
1767172047.7662382,3,-2,-148
1767172047.7762382,4,-6,-142
1767172047.7862382,4,-3,-143
1767172047.7962382,1,-5,-147
1767172047.8062382,0,-6,-153
1767172047.8162382,-4,-3,-151
1767172047.8262382,-4,-1,-154
1767172047.836238,-2,0,-155
1767172047.846238,0,0,-160
1767172047.856238,-2,1,-161
1767172047.866238,-3,-1,-152
1767172047.876238,-3,0,-152
1767172047.886238,-3,-1,-147
1767172047.896238,-5,-2,-151
1767172047.906238,-8,-3,-151
1767172047.916238,-9,-3,-151
1767172047.926238,-9,-3,-151
1767172047.936238,-9,-6,-144
1767172047.946238,-2,-3,-141
1767172047.9562385,-4,-3,-140
1767172047.9662385,-4,-4,-145
1767172047.9762385,-3,-3,-146
1767172047.9862382,1,-1,-150
1767172047.9962382,2,-2,-147
1767172048.0062382,3,-1,-143
1767172048.0162382,0,5,-149
1767172048.0262382,2,5,-142
1767172048.0362382,0,1,-143
1767172048.0462382,-1,-2,-148
1767172048.0562382,-8,-2,-154
1767172048.0662382,-7,0,-151
1767172048.0762382,-8,2,-150
1767172048.086238,-6,2,-147
1767172048.096238,-3,1,-144
1767172048.106238,0,-2,-149
1767172048.116238,1,-1,-154
1767172048.126238,2,-4,-151
1767172048.136238,4,-1,-150
1767172048.146238,3,-5,-143
1767172048.156238,0,-4,-145
1767172048.166238,-3,-2,-148
1767172048.176238,-2,-6,-149
1767172048.186238,-2,-8,-158
1767172048.196238,-6,-10,-159
1767172048.2062385,-5,-7,-155
1767172048.2162385,-4,-5,-146
1767172048.2262385,-3,-8,-151
1767172048.2362382,0,-9,-154
1767172048.2462382,5,-9,-158
1767172048.2562382,4,-10,-156
1767172048.2662382,-2,-9,-158
1767172048.2762382,-2,-7,-150
1767172048.2862382,-6,-8,-155
1767172048.2962382,-5,-8,-151
1767172048.3062382,-4,-10,-152
1767172048.3162382,0,-10,-155
1767172048.3262382,-1,-12,-153
1767172048.336238,0,-12,-145
1767172048.346238,-2,-16,-144
1767172048.356238,1,-16,-142
1767172048.366238,4,-12,-142
1767172048.376238,5,-2,-142
1767172048.386238,7,0,-139
1767172048.396238,8,-1,-142
1767172048.406238,7,0,-144
1767172048.416238,4,0,-149
1767172048.426238,1,-1,-143
1767172048.436238,0,-2,-144
1767172048.446238,0,-2,-144
1767172048.4562385,-3,0,-144
1767172048.4662385,-4,0,-148
1767172048.4762385,-3,4,-140
1767172048.4862382,-2,8,-137
1767172048.4962382,-1,5,-148
1767172048.5062382,1,5,-151
1767172048.5162382,0,1,-146
1767172048.5262382,2,3,-146
1767172048.5362382,3,-2,-145
1767172048.5462382,4,-3,-143
1767172048.5562382,4,-2,-143
1767172048.5662382,2,-6,-138
1767172048.5762382,5,-5,-136
1767172048.586238,2,-6,-133
1767172048.596238,1,-2,-136
1767172048.606238,0,-4,-138
1767172048.616238,-2,-2,-137
1767172048.626238,-1,0,-143
1767172048.636238,1,-2,-147
1767172048.646238,2,-1,-147
1767172048.656238,0,0,-152
1767172048.666238,0,-2,-148
1767172048.676238,5,-1,-149
1767172048.686238,4,2,-145
1767172048.696238,2,3,-142
1767172048.7062385,1,2,-138
1767172048.7162385,0,2,-136
1767172048.7262385,-1,-2,-136
1767172048.7362382,-2,-2,-146
1767172048.7462382,-1,-3,-145
1767172048.7562382,-5,-3,-152
1767172048.7662382,-4,-8,-150
1767172048.7762382,-5,-4,-140
1767172048.7862382,-3,-3,-136
1767172048.7962382,-3,-8,-134
1767172048.8062382,-3,-9,-142
1767172048.8162382,-1,-8,-147
1767172048.8262382,-2,-10,-152
1767172048.836238,-1,-10,-147
1767172048.846238,8,-12,-153
1767172048.856238,7,-9,-154
1767172048.866238,1,-9,-149
1767172048.876238,-1,-6,-147
1767172048.886238,-1,-3,-145
1767172048.896238,-3,1,-151
1767172048.906238,-2,0,-154
1767172048.916238,-2,-2,-149
1767172048.926238,-4,-4,-159
1767172048.936238,0,-1,-156
1767172048.946238,0,0,-153
1767172048.9562385,2,0,-150
1767172048.9662385,4,0,-144
1767172048.9762385,2,3,-139
1767172048.9862382,5,4,-139
1767172048.9962382,5,0,-145
1767172049.0062382,7,0,-144
1767172049.0162382,4,-4,-148
1767172049.0262382,-1,-1,-143
1767172049.0362382,-4,-1,-138
1767172049.0462382,-2,-6,-145
1767172049.0562382,0,-13,-148
1767172049.0662382,1,-17,-151
1767172049.0762382,-1,-16,-152
1767172049.086238,1,-11,-151
1767172049.096238,0,-8,-146
1767172049.106238,0,-8,-152
1767172049.116238,0,-5,-148
1767172049.126238,-2,-2,-139
1767172049.136238,-5,-2,-144
1767172049.146238,-4,0,-145
1767172049.156238,-2,1,-147
1767172049.166238,-1,0,-149
1767172049.176238,1,0,-149
1767172049.186238,3,-3,-146
1767172049.196238,3,-1,-145
1767172049.2072382,1,-3,-145
1767172049.2172382,-2,-4,-142
1767172049.2272382,-4,-2,-145
1767172049.2372382,-2,0,-142
1767172049.2472382,0,2,-147
1767172049.257238,0,3,-145
1767172049.267238,3,0,-146
1767172049.277238,0,1,-151
1767172049.287238,-3,4,-153
1767172049.297238,-1,2,-143
1767172049.307238,2,1,-141
1767172049.317238,5,2,-140
1767172049.327238,5,1,-143
1767172049.337238,2,0,-138
1767172049.347238,3,1,-137
1767172049.357238,3,0,-146
1767172049.367238,3,-1,-147
1767172049.377238,4,-2,-150
1767172049.3872385,8,0,-149
1767172049.3972385,6,3,-148
1767172049.4072382,4,4,-153
1767172049.4172382,-1,3,-152
1767172049.4272382,0,1,-159
1767172049.4372382,-1,-1,-159
1767172049.4472382,-5,3,-154
1767172049.4572382,-5,0,-151
1767172049.4672382,-5,0,-152
1767172049.4772382,-5,0,-155
1767172049.4872382,-3,1,-153
1767172049.4972382,-1,2,-143
1767172049.507238,-2,0,-136
1767172049.517238,-1,0,-136
1767172049.527238,-3,-3,-138
1767172049.537238,0,-2,-144
1767172049.547238,1,1,-137
1767172049.557238,5,3,-136
1767172049.567238,4,-2,-143
1767172049.577238,3,-3,-143
1767172049.587238,4,-2,-139
1767172049.597238,2,-2,-142
1767172049.607238,2,-2,-142
1767172049.617238,2,-2,-139
1767172049.627238,3,-3,-138
1767172049.6372385,3,-2,-142
1767172049.6472385,6,1,-139
1767172049.6572382,3,-2,-137
1767172049.6672382,0,0,-138
1767172049.6772382,0,-1,-139
1767172049.6872382,-1,-2,-146
1767172049.6972382,-1,-4,-148
1767172049.7072382,-6,-1,-144
1767172049.7172382,-4,-1,-144
1767172049.7272382,-1,-5,-142
1767172049.7372382,-4,-8,-140
1767172049.7472382,-4,-5,-146
1767172049.757238,-1,-4,-150
1767172049.767238,-3,-2,-152
1767172049.777238,0,0,-149
1767172049.787238,0,-1,-151
1767172049.797238,0,1,-147
1767172049.807238,0,3,-149
1767172049.817238,-1,4,-147
1767172049.827238,6,4,-144
1767172049.837238,6,1,-142
1767172049.847238,2,2,-140
1767172049.857238,-3,2,-138
1767172049.867238,-5,-1,-137
1767172049.877238,-6,1,-137
1767172049.8872385,-6,-2,-137
1767172049.8972385,-8,-2,-131
1767172049.9072382,0,-2,-130
1767172049.9172382,0,-4,-127
1767172049.9272382,2,-7,-132
1767172049.9372382,4,-6,-136
1767172049.9472382,6,-5,-133
1767172049.9572382,7,-2,-136
1767172049.9672382,3,-1,-133
1767172049.9772382,-1,-2,-134
1767172049.9872382,-3,1,-138
1767172049.9972382,-9,0,-137
1767172050.007238,-10,2,-145
1767172050.017238,-15,-2,-148
1767172050.027238,-13,-6,-146
1767172050.037238,-12,-6,-144
1767172050.047238,-8,-1,-150
1767172050.057238,-5,0,-142
1767172050.067238,-5,1,-146
1767172050.077238,-2,1,-138
1767172050.087238,-3,0,-144
1767172050.097238,0,3,-135
1767172050.107238,0,2,-132
1767172050.117238,1,0,-142
1767172050.127238,1,2,-135
1767172050.1372385,-2,0,-140
1767172050.1472385,-2,-2,-143
1767172050.1572382,-6,-1,-135
1767172050.1672382,-4,1,-133
1767172050.1772382,-3,1,-134
1767172050.1872382,0,-1,-143
1767172050.1972382,3,-1,-146
1767172050.2072382,2,0,-150
1767172050.2172382,-1,0,-155
1767172050.2272382,1,-1,-153
1767172050.2372382,3,-3,-157
1767172050.2472382,0,-4,-149
1767172050.257238,0,0,-150
1767172050.267238,-2,3,-152
1767172050.277238,2,0,-147
1767172050.287238,-1,1,-145
1767172050.297238,-1,2,-146
1767172050.307238,0,4,-148
1767172050.317238,-2,6,-147
1767172050.327238,-2,6,-145
1767172050.337238,-3,6,-143
1767172050.347238,-3,6,-140
1767172050.357238,-5,4,-141
1767172050.367238,-3,1,-132
1767172050.3782382,1,0,-137
1767172050.3872385,1,0,-138
1767172050.3972385,-2,-4,-140
1767172050.4072382,0,-2,-137
1767172050.4172382,-5,-3,-139
1767172050.4272382,-3,-3,-139
1767172050.4372382,-1,-4,-144
1767172050.4472382,-5,0,-152
1767172050.4572382,-5,0,-154
1767172050.4672382,-4,0,-152
1767172050.4772382,0,-2,-146
1767172050.4872382,1,0,-142
1767172050.4972382,2,1,-148
1767172050.507238,2,1,-154
1767172050.517238,-2,-4,-153
1767172050.527238,-4,-7,-158
1767172050.537238,-2,-7,-150
1767172050.547238,0,-8,-146
1767172050.557238,0,-12,-142
1767172050.567238,0,-10,-136
1767172050.577238,-1,-6,-136
1767172050.587238,-2,-4,-139
1767172050.597238,-2,-7,-142
1767172050.607238,-1,-5,-139
1767172050.617238,0,-3,-142
1767172050.627238,0,-2,-141
1767172050.6372385,3,-3,-145
1767172050.6472385,0,-4,-148
1767172050.6572382,1,-2,-150
1767172050.6672382,1,0,-153
1767172050.6772382,1,0,-153
1767172050.6872382,0,4,-146
1767172050.6972382,-4,5,-142
1767172050.7072382,0,-1,-137
1767172050.7172382,3,0,-139
1767172050.7272382,8,1,-143
1767172050.7372382,7,4,-145
1767172050.7472382,5,5,-144
1767172050.757238,1,3,-146
1767172050.767238,0,0,-147
1767172050.777238,5,-1,-147
1767172050.787238,3,-1,-141
1767172050.797238,-1,0,-141
1767172050.807238,0,0,-140
1767172050.817238,2,0,-140
1767172050.827238,4,-2,-144
1767172050.837238,4,-1,-147
1767172050.847238,2,0,-153
1767172050.857238,2,0,-155
1767172050.867238,0,0,-149
1767172050.877238,-1,0,-150
1767172050.8872385,1,-1,-147
1767172050.8972385,4,-3,-144
1767172050.9072382,1,-4,-135
1767172050.9172382,1,-3,-137
1767172050.9272382,-2,2,-147
1767172050.9372382,-1,8,-148
1767172050.9472382,2,5,-149
1767172050.9572382,-3,4,-145
1767172050.9672382,-1,3,-147
1767172050.9772382,-4,5,-151
1767172050.9872382,-4,5,-153
1767172050.9972382,-3,1,-161
1767172051.007238,0,0,-158
1767172051.017238,2,1,-155
1767172051.027238,4,2,-153
1767172051.037238,3,0,-152
1767172051.047238,5,-1,-149
1767172051.057238,4,0,-144
1767172051.067238,1,3,-146
1767172051.077238,0,0,-150
1767172051.087238,0,0,-149
1767172051.097238,0,-1,-141
1767172051.107238,6,0,-147
1767172051.117238,4,-1,-148
1767172051.127238,4,-3,-147
1767172051.1372385,1,2,-147
1767172051.1472385,-2,6,-143
1767172051.1572382,-4,4,-141
1767172051.1672382,-2,5,-140
1767172051.1772382,0,2,-144
1767172051.1872382,-4,-1,-149
1767172051.1972382,-5,-3,-154
1767172051.2072382,-4,-4,-151
1767172051.2172382,-2,0,-145
1767172051.2272382,-6,-3,-139
1767172051.2372382,-2,-2,-141
1767172051.2472382,3,-2,-146
1767172051.257238,1,-6,-146
1767172051.267238,-1,-3,-146
1767172051.277238,2,-3,-147
1767172051.287238,6,0,-147
1767172051.297238,5,-1,-148
1767172051.307238,0,-3,-147
1767172051.317238,0,-7,-145
1767172051.327238,0,-3,-141
1767172051.337238,-2,-1,-138
1767172051.347238,-7,-2,-140
1767172051.357238,-6,-3,-141
1767172051.367238,-9,-5,-138
1767172051.377238,-6,4,-138
1767172051.3872385,-3,2,-135
1767172051.3972385,-4,-1,-129
1767172051.4072382,-7,-1,-133
1767172051.4172382,-10,-2,-133
1767172051.4272382,-7,-2,-145
1767172051.4372382,-3,-2,-145
1767172051.4472382,-6,-4,-152
1767172051.4572382,-7,-4,-150
1767172051.4672382,0,-1,-149
1767172051.4772382,4,-2,-143
1767172051.4872382,4,0,-143
1767172051.4972382,6,0,-141
1767172051.507238,7,2,-143
1767172051.517238,5,3,-132
1767172051.527238,3,6,-138
1767172051.537238,-2,2,-139
1767172051.547238,0,0,-141
1767172051.557238,-2,-1,-140
1767172051.567238,-4,-2,-145
1767172051.577238,-6,-4,-142
1767172051.587238,0,-6,-133
1767172051.597238,1,-4,-132
1767172051.607238,-1,-2,-132
1767172051.617238,-4,0,-139
1767172051.627238,-5,0,-135
1767172051.6372385,-3,1,-136
1767172051.6472385,-5,0,-136
1767172051.6572382,-4,-3,-140
1767172051.6672382,-4,-5,-142
1767172051.6772382,-3,-6,-146
1767172051.6872382,-1,-5,-143
1767172051.6972382,4,-7,-140
1767172051.7072382,8,-3,-142
1767172051.7172382,1,-3,-140
1767172051.7272382,1,-2,-138
1767172051.7372382,-1,0,-133
1767172051.748238,-4,-4,-132
1767172051.758238,-3,-2,-127
1767172051.768238,2,-4,-130
1767172051.778238,4,-1,-136
1767172051.788238,0,-4,-138
1767172051.798238,-2,-2,-141
1767172051.8082385,-2,-2,-145
1767172051.8182385,-4,1,-140
1767172051.8282382,0,-3,-140
1767172051.8382382,3,-2,-139
1767172051.8482382,4,0,-138
1767172051.8582382,4,1,-136
1767172051.8682382,6,3,-139
1767172051.8782382,3,0,-141
1767172051.8882382,0,-1,-146
1767172051.8982382,3,0,-148
1767172051.9082382,0,-2,-151
1767172051.9182382,0,-3,-147
1767172051.9282382,0,-2,-147
1767172051.938238,2,-4,-146
1767172051.948238,5,-2,-144
1767172051.958238,2,0,-146
1767172051.968238,3,1,-143
1767172051.978238,-1,-1,-144
1767172051.988238,0,-3,-141
1767172051.998238,2,1,-141
1767172052.008238,-1,3,-149
1767172052.018238,1,-1,-148
1767172052.028238,-2,-4,-147
1767172052.038238,-6,-5,-144
1767172052.048238,0,-5,-145
1767172052.0582385,0,-5,-145
1767172052.0682385,-1,-6,-138
1767172052.0782382,-4,-4,-132
1767172052.0882382,-2,-7,-130
1767172052.0982382,-4,-6,-136
1767172052.1082382,-3,-5,-138
1767172052.1182382,-2,-4,-137
1767172052.1282382,-1,-3,-136
1767172052.1382382,-4,3,-132
1767172052.1482382,-6,3,-134
1767172052.1582382,-6,1,-138
1767172052.1682382,-5,0,-137
1767172052.1782382,-4,-2,-135
1767172052.188238,-1,-4,-131
1767172052.198238,1,-2,-135
1767172052.208238,8,0,-131
1767172052.218238,8,-1,-140
1767172052.228238,10,-2,-139
1767172052.238238,1,0,-138
1767172052.248238,-2,-1,-145
1767172052.258238,-7,-3,-142
1767172052.268238,-7,-6,-144
1767172052.278238,-6,-1,-145
1767172052.288238,-5,-3,-143
1767172052.298238,-6,-1,-139
1767172052.3082385,-7,-2,-142
1767172052.3182385,-7,-1,-146
1767172052.3282382,-1,-1,-159
1767172052.3382382,2,0,-154
1767172052.3482382,4,1,-155
1767172052.3582382,2,2,-153
1767172052.3682382,-1,2,-151
1767172052.3782382,-4,-1,-148
1767172052.3882382,-3,-2,-154
1767172052.3982382,-4,0,-146
1767172052.4082382,-6,-1,-146
1767172052.4182382,-8,-3,-151
1767172052.4282382,-4,-3,-151
1767172052.438238,-1,-2,-141
1767172052.448238,0,-2,-143
1767172052.458238,0,0,-153
1767172052.468238,-3,1,-155
1767172052.478238,-1,-1,-151
1767172052.488238,-1,-1,-143
1767172052.5102382,0,-11,-137
1767172052.518238,-2,-9,-138
1767172052.528238,-3,-7,-140
1767172052.538238,0,-2,-136
1767172052.548238,0,4,-140
1767172052.5582385,1,0,-139
1767172052.5682385,2,-2,-139
1767172052.5782382,3,-2,-139
1767172052.5882382,3,-6,-143
1767172052.5982382,-2,0,-142
1767172052.6082382,-2,-2,-142
1767172052.6182382,-1,0,-144
1767172052.6282382,0,0,-141
1767172052.6382382,0,1,-142
1767172052.6482382,0,1,-143
1767172052.6582382,-1,1,-141
1767172052.6682382,-1,0,-140
1767172052.6782382,0,0,-140
1767172052.688238,0,-1,-139
1767172052.698238,2,-1,-145
1767172052.708238,0,-1,-141
1767172052.718238,-2,-8,-137
1767172052.728238,0,-2,-144
1767172052.738238,0,-2,-142
1767172052.748238,-5,-4,-136
1767172052.758238,-4,-2,-127
1767172052.768238,0,-5,-134
1767172052.778238,-2,-2,-142
1767172052.788238,-2,0,-139
1767172052.798238,0,2,-138
1767172052.8082385,1,0,-141
1767172052.8182385,-1,-9,-143
1767172052.8282382,-5,-6,-142
1767172052.8382382,-1,-3,-145
1767172052.8482382,-3,-5,-143
1767172052.8582382,-1,-8,-144
1767172052.8682382,1,-9,-142
1767172052.8782382,-1,-9,-136
1767172052.8882382,-6,-10,-135
1767172052.8982382,-7,-8,-133
1767172052.9082382,-12,-3,-136
1767172052.9182382,-13,-4,-133
1767172052.9282382,-11,-3,-134
1767172052.938238,-9,-6,-137
1767172052.948238,-8,-7,-143
1767172052.958238,-8,-2,-144
1767172052.968238,-7,0,-139
1767172052.978238,-2,0,-143
1767172052.988238,-2,-3,-144
1767172052.998238,-5,-5,-145
1767172053.008238,-9,-6,-134
1767172053.018238,-9,-5,-134
1767172053.028238,-8,-6,-130
1767172053.038238,-8,-5,-131
1767172053.048238,-7,-4,-134
1767172053.0582385,-3,-3,-136
1767172053.0682385,-5,-3,-142
1767172053.0782382,-6,-4,-146
1767172053.0882382,-3,-1,-145
1767172053.0982382,1,2,-135
1767172053.1082382,0,3,-140
1767172053.1182382,-1,3,-143
1767172053.1282382,-2,0,-144
1767172053.1382382,-3,2,-138
1767172053.1482382,1,4,-137
1767172053.1582382,0,3,-140
1767172053.1682382,0,0,-141
1767172053.1782382,0,-2,-148
1767172053.188238,1,-1,-148
1767172053.198238,0,3,-147
1767172053.208238,-3,3,-151
1767172053.218238,-3,4,-149
1767172053.228238,-6,4,-144
1767172053.238238,-6,4,-144
1767172053.248238,-3,3,-149
1767172053.258238,-2,0,-144
1767172053.268238,-1,-1,-138
1767172053.278238,1,-1,-131
1767172053.288238,0,1,-133
1767172053.298238,2,0,-141
1767172053.3082385,0,-1,-140
1767172053.3182385,-1,-3,-147
1767172053.3282382,0,-3,-148
1767172053.3382382,0,-2,-150
1767172053.3482382,0,-2,-153
1767172053.3582382,1,0,-149
1767172053.3682382,0,-4,-155
1767172053.3782382,0,-3,-153
1767172053.3882382,0,-1,-150
1767172053.3982382,0,-2,-144
1767172053.4082382,-1,-2,-141
1767172053.4182382,-1,-1,-140
1767172053.4282382,2,0,-144
1767172053.438238,0,-1,-143
1767172053.448238,-4,-1,-145
1767172053.458238,-2,-5,-148
1767172053.468238,-2,-7,-144
1767172053.478238,3,-3,-137
1767172053.488238,1,-4,-141
1767172053.498238,3,-5,-146
1767172053.508238,-2,-4,-142
1767172053.518238,-1,0,-137
1767172053.528238,0,2,-140
1767172053.538238,-4,1,-145
1767172053.548238,-9,1,-147
1767172053.5582385,-7,1,-152
1767172053.5682385,-3,4,-148
1767172053.5782382,-4,5,-149
1767172053.5882382,-9,2,-149
1767172053.5982382,-8,2,-149
1767172053.6082382,-3,3,-148
1767172053.6182382,0,2,-145
1767172053.6282382,0,4,-145
1767172053.6382382,-7,1,-144
1767172053.6482382,-3,0,-139
1767172053.6582382,-2,-1,-143
1767172053.6682382,-3,-2,-148
1767172053.6782382,-8,-3,-141
1767172053.688238,-8,-3,-140
1767172053.698238,-5,-3,-141
1767172053.708238,0,-3,-140
1767172053.718238,1,-2,-146
1767172053.728238,5,-2,-149
1767172053.738238,6,0,-146
1767172053.748238,3,0,-144
1767172053.758238,3,-1,-145
1767172053.768238,1,0,-140
1767172053.778238,0,4,-143
1767172053.788238,1,-3,-147
1767172053.798238,-3,-5,-150
1767172053.8082385,-4,-3,-151
1767172053.8182385,-2,-6,-146
1767172053.8282382,-1,-2,-145
1767172053.8382382,-4,3,-145
1767172053.8482382,-2,7,-144
1767172053.8582382,-2,5,-142
1767172053.8682382,1,5,-145
1767172053.8782382,0,2,-148
1767172053.8882382,-1,0,-152
1767172053.8982382,0,-1,-150
1767172053.9082382,0,-1,-150
1767172053.9182382,0,-1,-147
1767172053.9282382,3,0,-145
1767172053.938238,0,0,-145
1767172053.948238,-1,-1,-141
1767172053.958238,-2,-1,-144
1767172053.968238,-2,0,-143
1767172053.978238,-2,0,-139
1767172053.988238,-5,3,-139
1767172053.998238,0,0,-137
1767172054.008238,0,-2,-137
1767172054.018238,0,1,-136
1767172054.028238,-1,1,-137
1767172054.038238,-3,0,-140
1767172054.048238,-1,-6,-146
1767172054.0582385,-8,-9,-150
1767172054.0682385,-6,-3,-148
1767172054.0782382,0,0,-151
1767172054.0882382,-3,1,-146
1767172054.0982382,-4,3,-144
1767172054.1082382,-1,3,-134
1767172054.1182382,3,3,-136
1767172054.1282382,4,2,-144
1767172054.1382382,0,5,-148
1767172054.1482382,2,0,-148
1767172054.1582382,3,-3,-153
1767172054.1682382,4,-1,-150
1767172054.1782382,4,-3,-142
1767172054.188238,1,-5,-144
1767172054.198238,-2,-4,-142
1767172054.208238,-3,-2,-138
1767172054.218238,-1,-4,-144
1767172054.228238,-2,-5,-144
1767172054.238238,-7,-4,-145
1767172054.248238,-2,-2,-145
1767172054.258238,1,-1,-145
1767172054.268238,0,0,-144
1767172054.278238,1,0,-136
1767172054.2892382,0,-1,-134
1767172054.2992382,-1,-2,-135
1767172054.3092382,0,-2,-138
1767172054.3192382,1,0,-145
1767172054.3292382,0,1,-150
1767172054.3392382,-1,-2,-151
1767172054.3492382,-3,-4,-153
1767172054.359238,-3,-3,-148
1767172054.369238,-1,-3,-148
1767172054.379238,-4,-4,-149
1767172054.389238,-5,-7,-149
1767172054.399238,-1,-7,-145
1767172054.409238,0,-2,-146
1767172054.419238,-2,-4,-142
1767172054.429238,-1,-8,-140
1767172054.439238,0,-6,-137
1767172054.449238,1,-6,-141
1767172054.459238,2,-8,-142
1767172054.469238,2,-8,-140
1767172054.4792385,3,-5,-138
1767172054.4892385,-1,-1,-136
1767172054.4992385,-2,1,-138
1767172054.5092382,-4,0,-141
1767172054.5192382,-4,0,-146
1767172054.5292382,-4,1,-144
1767172054.5392382,2,0,-147
1767172054.5492382,7,0,-146
1767172054.5592382,4,2,-147
1767172054.5692382,3,4,-149
1767172054.5792382,-1,2,-145
1767172054.5892382,-2,0,-144
1767172054.5992382,-7,0,-151
1767172054.609238,-3,0,-153
1767172054.619238,0,2,-154
1767172054.629238,2,-2,-149
1767172054.639238,1,-1,-148
1767172054.649238,1,-1,-146
1767172054.659238,-1,-4,-143
1767172054.669238,-2,-3,-144
1767172054.679238,-1,-2,-140
1767172054.689238,1,2,-144
1767172054.699238,-2,4,-147
1767172054.709238,-3,7,-152
1767172054.719238,0,9,-148
1767172054.7292385,0,8,-149
1767172054.7392385,2,2,-152
1767172054.7492385,2,0,-148
1767172054.7592382,-1,0,-142
1767172054.7692382,-3,-3,-139
1767172054.7792382,-3,-1,-129
1767172054.7892382,-2,-6,-129
1767172054.7992382,-1,-5,-131
1767172054.8092382,-1,1,-134
1767172054.8192382,0,2,-145
1767172054.8292382,0,0,-144
1767172054.8392382,1,-2,-146
1767172054.8492382,-2,-1,-143
1767172054.859238,-3,0,-141
1767172054.869238,-3,-1,-139
1767172054.879238,-3,2,-142
1767172054.889238,0,2,-144
1767172054.899238,0,0,-143
1767172054.909238,-1,-2,-146
1767172054.919238,-5,-4,-149
1767172054.929238,-5,-3,-148
1767172054.939238,-3,-5,-150
1767172054.949238,-3,-2,-146
1767172054.959238,-2,2,-150
1767172054.969238,-4,0,-153
1767172054.9792385,-9,2,-152
1767172054.9892385,-6,-1,-149
1767172054.9992385,-1,1,-147
1767172055.0092382,4,3,-151
1767172055.0192382,4,3,-146
1767172055.0292382,0,8,-142
1767172055.0392382,-1,9,-141
1767172055.0492382,0,5,-144
1767172055.0592382,0,3,-143
1767172055.0692382,0,3,-145
1767172055.0792382,0,3,-146
1767172055.0892382,4,3,-151
1767172055.0992382,2,2,-153
1767172055.109238,1,6,-157
1767172055.119238,1,4,-156
1767172055.129238,3,5,-153
1767172055.139238,5,2,-156
1767172055.149238,4,2,-154
1767172055.159238,1,5,-163
1767172055.169238,3,0,-160
1767172055.179238,2,0,-158
1767172055.189238,4,3,-162
1767172055.199238,6,-2,-157
1767172055.209238,7,0,-148
1767172055.219238,7,0,-146
1767172055.2292385,6,-4,-142
1767172055.2392385,3,-6,-139
1767172055.2492385,0,-3,-138
1767172055.2592382,-2,-2,-138
1767172055.2692382,0,-3,-144
1767172055.2792382,-4,-6,-145
1767172055.2892382,-3,-1,-144
1767172055.2992382,-3,0,-151
1767172055.3092382,-1,1,-155
1767172055.3192382,2,2,-149
1767172055.3292382,4,2,-149
1767172055.3392382,0,0,-148
1767172055.3492382,-3,-3,-141
1767172055.359238,-4,-3,-147
1767172055.369238,-7,-3,-145
1767172055.379238,-4,-3,-144
1767172055.389238,0,-2,-145
1767172055.399238,-4,-1,-149
1767172055.409238,0,-3,-148
1767172055.419238,1,-3,-154
1767172055.429238,0,0,-158
1767172055.439238,0,-1,-157
1767172055.449238,-1,-1,-156
1767172055.459238,2,-3,-148
1767172055.469238,0,-6,-145
1767172055.4792385,-1,-3,-143
1767172055.4892385,0,0,-143
1767172055.4992385,3,-1,-145
1767172055.5092382,2,4,-150
1767172055.5192382,5,1,-148
1767172055.5292382,2,5,-147
1767172055.5392382,-6,3,-150
1767172055.5492382,-8,4,-151
1767172055.5592382,-5,4,-154
1767172055.5692382,-6,10,-154
1767172055.5792382,-3,12,-153
1767172055.5892382,0,10,-154
1767172055.5992382,0,9,-161
1767172055.609238,1,5,-161
1767172055.619238,1,1,-155
1767172055.629238,0,1,-155
1767172055.639238,0,-1,-145
1767172055.649238,0,-1,-139
1767172055.659238,-1,-1,-141
1767172055.669238,0,-3,-142
1767172055.679238,1,-6,-137
1767172055.689238,2,-5,-140
1767172055.699238,0,0,-135
1767172055.709238,1,2,-148
1767172055.719238,2,0,-153
1767172055.7292385,1,1,-156
1767172055.7392385,1,2,-158
1767172055.7492385,0,0,-157
1767172055.7592382,0,-1,-154
1767172055.7692382,-1,0,-154
1767172055.7792382,0,1,-145
1767172055.7892382,3,-1,-141
1767172055.7992382,0,0,-143
1767172055.8092382,-4,0,-144
1767172055.8192382,-5,-2,-140
1767172055.8292382,-3,-2,-140
1767172055.8392382,-1,-4,-139
1767172055.8492382,1,-7,-144
1767172055.859238,1,-7,-145
1767172055.869238,0,0,-150
1767172055.879238,0,0,-151
1767172055.889238,0,1,-149
1767172055.899238,2,-2,-148
1767172055.909238,0,-6,-151
1767172055.919238,4,-5,-147
1767172055.929238,0,-1,-143
1767172055.939238,1,3,-144
1767172055.949238,3,6,-147
1767172055.959238,1,5,-150
1767172055.969238,-1,-2,-149
1767172055.9792385,-3,-4,-145
1767172055.9892385,-7,-4,-150
1767172055.9992385,-7,-2,-145
1767172056.0092382,-7,-4,-146
1767172056.0192382,-4,-7,-141
1767172056.0292382,-11,-9,-148
1767172056.0392382,-10,-1,-151
1767172056.0492382,-4,-3,-151
1767172056.0592382,-8,-7,-148
1767172056.0692382,-9,-8,-150
1767172056.0792382,-2,-5,-149
1767172056.0892382,-2,-4,-147
1767172056.0992382,0,-2,-150
1767172056.109238,-2,-6,-156
1767172056.119238,-6,-4,-154
1767172056.129238,-3,-3,-156
1767172056.139238,-3,-4,-152
1767172056.149238,-5,0,-152
1767172056.159238,-7,0,-150
1767172056.169238,-3,0,-150
1767172056.179238,0,1,-145
1767172056.189238,0,0,-147
1767172056.199238,-1,-1,-149
1767172056.209238,-3,-3,-147
1767172056.219238,-4,-1,-147
1767172056.2292385,-4,-4,-144
1767172056.2392385,1,-7,-146
1767172056.2492385,-2,-6,-146
1767172056.2592382,2,-4,-145
1767172056.2692382,1,-4,-150
1767172056.2792382,4,-4,-155
1767172056.2892382,2,0,-152
1767172056.2992382,0,6,-153
1767172056.3092382,-3,3,-155
1767172056.3192382,-3,4,-149
1767172056.3292382,0,0,-146
1767172056.3392382,-1,-3,-140
1767172056.3492382,2,-2,-138
1767172056.359238,0,1,-139
1767172056.369238,-2,0,-147
1767172056.379238,-3,6,-146
1767172056.389238,0,6,-145
1767172056.399238,0,7,-141
1767172056.409238,0,5,-143
1767172056.419238,-3,3,-147
1767172056.429238,-2,4,-146
1767172056.439238,-3,4,-146
1767172056.449238,0,4,-148
1767172056.459238,1,0,-149
1767172056.469238,0,-2,-149
1767172056.4792385,-3,-6,-146
1767172056.4892385,-2,-5,-147
1767172056.4992385,0,-4,-145
1767172056.5092382,-1,-3,-142
1767172056.5192382,-1,-6,-139
1767172056.5292382,-5,-6,-140
1767172056.5392382,-10,-6,-141
1767172056.5492382,-11,-7,-141
1767172056.5592382,-4,-5,-142
1767172056.5692382,-3,-2,-145
1767172056.5792382,-3,-3,-144
1767172056.5892382,-2,-3,-142
1767172056.5992382,0,-1,-143
1767172056.609238,1,-1,-145
1767172056.619238,3,-2,-141
1767172056.629238,0,-1,-139
1767172056.639238,0,-1,-137
1767172056.649238,0,1,-141
1767172056.659238,1,0,-140
1767172056.669238,-6,-1,-139
1767172056.679238,1,0,-136
1767172056.689238,4,1,-137
1767172056.699238,3,0,-138
1767172056.709238,3,0,-143
1767172056.719238,1,2,-144
1767172056.7292385,-4,2,-143
1767172056.7392385,-1,0,-142
1767172056.7502382,4,0,-138
1767172056.7592382,8,0,-139
1767172056.7692382,8,0,-137
1767172056.7792382,4,1,-140
1767172056.790238,0,1,-141
1767172056.800238,0,-1,-146
1767172056.810238,0,-2,-145
1767172056.820238,0,-3,-140
1767172056.830238,1,0,-135
1767172056.840238,-2,0,-133
1767172056.850238,-5,1,-133
1767172056.860238,-5,2,-130
1767172056.870238,-4,2,-135
1767172056.880238,0,-2,-138
1767172056.890238,-3,-1,-147
1767172056.900238,-3,-3,-149
1767172056.9102385,-3,-3,-151
1767172056.9202385,-1,-2,-149
1767172056.9302382,2,-2,-149
1767172056.9402382,5,1,-146
1767172056.9502382,4,-1,-146
1767172056.9602382,7,0,-142
1767172056.9702382,10,0,-137
1767172056.9802382,6,-4,-135
1767172056.9902382,2,-5,-132
1767172057.0002382,2,-7,-139
1767172057.0102382,0,-3,-143
1767172057.0202382,1,-3,-152
1767172057.0302382,-1,-6,-149
1767172057.040238,1,-8,-142
1767172057.050238,5,-9,-138
1767172057.060238,4,-9,-132
1767172057.070238,0,-9,-136
1767172057.080238,0,-6,-141
1767172057.090238,0,-5,-144
1767172057.100238,0,-7,-146
1767172057.110238,-2,-6,-145
1767172057.120238,-2,-4,-142
1767172057.130238,-3,-2,-143
1767172057.140238,0,-3,-145
1767172057.150238,-2,-5,-148
1767172057.1602385,-3,-6,-149
1767172057.1702385,-2,-4,-143
1767172057.1802382,-5,-2,-144
1767172057.1902382,-5,-3,-147
1767172057.2002382,0,-4,-151
1767172057.2102382,-3,-4,-148
1767172057.2202382,-2,-6,-152
1767172057.2302382,-2,-7,-151
1767172057.2402382,0,-9,-149
1767172057.2502382,0,-4,-149
1767172057.2602382,-3,-3,-144
1767172057.2702382,-3,1,-143
1767172057.2802382,0,0,-145
1767172057.290238,1,0,-146
1767172057.300238,3,4,-142
1767172057.310238,5,6,-146
1767172057.320238,0,6,-145
1767172057.330238,-1,6,-143
1767172057.340238,1,2,-141
1767172057.350238,1,2,-141
1767172057.360238,1,-1,-145
1767172057.370238,1,1,-144
1767172057.380238,7,1,-145
1767172057.390238,8,0,-146
1767172057.400238,8,3,-148
1767172057.4102385,5,5,-145
1767172057.4202385,4,3,-142
1767172057.4302382,2,2,-148
1767172057.4402382,2,3,-139
1767172057.4502382,0,0,-139
1767172057.4602382,0,-2,-141
1767172057.4702382,0,-3,-137
1767172057.4802382,1,-9,-133
1767172057.4902382,0,-12,-136
1767172057.5002382,-1,-11,-140
1767172057.5222385,-5,-9,-143
1767172057.5302382,-1,-7,-149
1767172057.540238,-3,-4,-150
1767172057.550238,0,-3,-144
1767172057.560238,-1,-4,-141
1767172057.570238,-5,-2,-138
1767172057.580238,-8,-3,-145
1767172057.590238,-8,0,-142
1767172057.600238,-4,1,-137
1767172057.610238,-4,2,-134
1767172057.620238,-9,6,-143
1767172057.630238,-6,6,-145
1767172057.640238,-10,6,-146
1767172057.650238,-8,4,-142
1767172057.6602385,-4,2,-142
1767172057.6702385,-2,0,-138
1767172057.6802382,-5,-1,-141
1767172057.6902382,-8,0,-137
1767172057.7002382,-6,0,-139
1767172057.7102382,-6,-2,-144
1767172057.7202382,-7,-4,-140
1767172057.7302382,-9,-2,-136
1767172057.7402382,-4,-1,-131
1767172057.7502382,3,0,-135
1767172057.7602382,5,-2,-142
1767172057.7702382,2,1,-147
1767172057.7802382,-1,1,-143
1767172057.790238,0,-1,-143
1767172057.800238,3,0,-145
1767172057.810238,9,3,-145
1767172057.820238,9,0,-140
1767172057.830238,10,0,-141
1767172057.840238,6,0,-144
1767172057.850238,3,0,-144
1767172057.860238,2,-2,-146
1767172057.870238,2,0,-145
1767172057.880238,3,0,-140
1767172057.890238,1,-2,-139
1767172057.900238,-2,-5,-145
1767172057.9102385,0,-4,-149
1767172057.9202385,-5,-2,-144
1767172057.9302382,-8,0,-146
1767172057.9402382,-8,0,-151
1767172057.9502382,-14,0,-151
1767172057.9602382,-12,-2,-155
1767172057.9702382,-11,3,-154
1767172057.9802382,-8,4,-162
1767172057.9902382,-1,1,-158
1767172058.0002382,0,-2,-162
1767172058.0102382,1,-4,-164
1767172058.0202382,2,-3,-162
1767172058.0302382,-2,-2,-153
1767172058.040238,-1,-1,-152
1767172058.050238,-2,-2,-150
1767172058.060238,1,-1,-147
1767172058.070238,5,3,-150
1767172058.080238,3,2,-146
1767172058.090238,5,-2,-144
1767172058.100238,8,-2,-140
1767172058.110238,1,-2,-138
1767172058.120238,-4,-2,-135
1767172058.130238,-3,-4,-134
1767172058.140238,0,-9,-143
1767172058.150238,0,-12,-143
1767172058.1602385,-2,-9,-149
1767172058.1702385,-1,-7,-145
1767172058.1802382,-2,-4,-144
1767172058.1902382,0,0,-146
1767172058.2002382,-2,-2,-146
1767172058.2102382,-2,-6,-151
1767172058.2202382,-1,-7,-153
1767172058.2302382,0,-13,-151
1767172058.2402382,-4,-10,-142
1767172058.2502382,-5,-7,-146
1767172058.2602382,-4,-2,-143
1767172058.2702382,-7,-2,-139
1767172058.2802382,-3,-4,-144
1767172058.290238,0,-3,-148
1767172058.300238,1,1,-151
1767172058.310238,2,0,-152
1767172058.320238,3,5,-148
1767172058.330238,0,6,-149
1767172058.340238,-3,11,-148
1767172058.350238,-5,4,-145
1767172058.360238,-6,5,-142
1767172058.370238,-3,3,-140
1767172058.380238,-4,5,-139
1767172058.390238,-4,3,-143
1767172058.400238,-5,3,-143
1767172058.4102385,-6,5,-140
1767172058.4202385,-10,3,-146
1767172058.4302382,-10,2,-148
1767172058.4402382,-8,0,-141
1767172058.4502382,-1,-2,-143
1767172058.4602382,4,-2,-143
1767172058.4702382,8,-6,-146
1767172058.4802382,6,-6,-147
1767172058.4902382,1,-6,-151
1767172058.5002382,3,0,-146
1767172058.5102382,0,-3,-143
1767172058.5202382,2,-4,-142
1767172058.5302382,1,-4,-146
1767172058.540238,1,-5,-150
1767172058.550238,1,-1,-150
1767172058.560238,0,-1,-144
1767172058.570238,-1,2,-142
1767172058.580238,0,0,-142
1767172058.590238,0,3,-141
1767172058.600238,2,0,-143
1767172058.610238,3,3,-143
1767172058.620238,4,4,-145
1767172058.630238,-1,2,-151
1767172058.640238,0,0,-151
1767172058.650238,0,-1,-152
1767172058.6602385,-4,-2,-152
1767172058.6702385,-2,0,-143
1767172058.6802382,-2,1,-145
1767172058.6902382,-1,0,-152
1767172058.7002382,-1,-5,-149
1767172058.7102382,-2,-7,-141
1767172058.7202382,-1,-6,-150
1767172058.7302382,-6,-5,-150
1767172058.7402382,-8,-1,-146
1767172058.7502382,-6,0,-150
1767172058.7602382,-2,-3,-150
1767172058.7702382,2,-5,-151
1767172058.7802382,-1,-4,-149
1767172058.790238,-1,1,-151
1767172058.800238,1,2,-151
1767172058.810238,3,2,-144
1767172058.820238,2,5,-146
1767172058.830238,1,2,-142
1767172058.840238,3,-1,-146
1767172058.850238,5,0,-149
1767172058.860238,3,0,-155
1767172058.870238,3,-3,-151
1767172058.880238,4,-4,-149
1767172058.890238,4,0,-150
1767172058.900238,7,0,-151
1767172058.9102385,3,1,-154
1767172058.9202385,0,1,-156
1767172058.9302382,-4,3,-149
1767172058.9402382,2,0,-149
1767172058.9502382,8,0,-149
1767172058.9602382,7,0,-152
1767172058.9702382,6,1,-151
1767172058.9802382,8,2,-147
1767172058.9902382,5,4,-140
1767172059.0002382,3,5,-148
1767172059.0102382,2,2,-152
1767172059.0202382,-3,7,-149
1767172059.0302382,-4,5,-153
1767172059.040238,0,4,-155
1767172059.050238,0,7,-151
1767172059.060238,-2,6,-146
1767172059.070238,0,7,-145
1767172059.080238,3,4,-146
1767172059.090238,3,0,-147
1767172059.100238,0,1,-142
1767172059.110238,-4,0,-141
1767172059.120238,-3,-1,-141
1767172059.130238,-2,-1,-142
1767172059.140238,-2,-5,-137
1767172059.150238,-5,-7,-138
1767172059.1602385,-5,-6,-141
1767172059.1702385,-4,-3,-144
1767172059.1802382,-1,-3,-143
1767172059.1902382,3,-6,-147
1767172059.2002382,6,-3,-144
1767172059.2102382,4,0,-146
1767172059.2202382,5,4,-149
1767172059.2302382,2,2,-149
1767172059.2402382,2,1,-147
1767172059.2502382,3,1,-148
1767172059.2602382,8,4,-151
1767172059.2702382,4,4,-149
1767172059.2802382,2,4,-151
1767172059.290238,2,3,-153
1767172059.301238,2,4,-155
1767172059.311238,3,1,-151
1767172059.320238,5,-2,-152
1767172059.330238,1,-1,-153
1767172059.3412385,0,3,-143
1767172059.350238,1,4,-142
1767172059.3612382,-2,2,-145
1767172059.370238,-3,1,-145
1767172059.3812382,-1,-1,-145
1767172059.3912382,-1,-5,-149
1767172059.4012382,-2,-5,-147
1767172059.4112382,-3,-2,-152
1767172059.4212382,-3,0,-153
1767172059.4312382,0,0,-147
1767172059.4412382,4,-3,-141
1767172059.4512382,3,-7,-137
1767172059.461238,0,-10,-138
1767172059.471238,0,-9,-137
1767172059.481238,-2,-6,-135
1767172059.491238,0,-2,-144
1767172059.501238,-1,-2,-145
1767172059.511238,-4,1,-142
1767172059.521238,-3,0,-136
1767172059.531238,0,0,-133
1767172059.541238,3,2,-135
1767172059.551238,-2,3,-136
1767172059.561238,0,6,-132
1767172059.571238,2,6,-132
1767172059.5812385,0,5,-138
1767172059.5912385,0,0,-145
1767172059.6012385,-4,-4,-149
1767172059.6112382,0,-3,-148
1767172059.6212382,0,-2,-155
1767172059.6312382,0,0,-159
1767172059.6412382,-3,0,-156
1767172059.6512382,-2,-1,-152
1767172059.6612382,-4,0,-140
1767172059.6712382,1,0,-141
1767172059.6812382,3,2,-141
1767172059.6912382,1,4,-138
1767172059.7012382,4,2,-142
1767172059.711238,6,8,-149
1767172059.721238,6,3,-148
1767172059.731238,6,-1,-149
1767172059.741238,4,0,-150
1767172059.751238,0,2,-147
1767172059.761238,3,5,-143
1767172059.771238,0,5,-147
1767172059.781238,-3,5,-145
1767172059.791238,0,4,-143
1767172059.801238,3,0,-138
1767172059.811238,8,0,-140
1767172059.821238,5,0,-143
1767172059.8312385,3,-2,-144
1767172059.8412385,0,-1,-145
1767172059.8512385,-1,-2,-139
1767172059.8612382,-2,0,-142
1767172059.8712382,-4,0,-144
1767172059.8812382,-4,-4,-138
1767172059.8912382,2,0,-137
1767172059.9012382,0,-1,-139
1767172059.9112382,0,0,-140
1767172059.9212382,3,0,-140
1767172059.9312382,4,-1,-134
1767172059.9412382,4,0,-141
1767172059.9512382,0,2,-145
1767172059.961238,-4,0,-147
1767172059.971238,-5,3,-150
1767172059.981238,-7,2,-154
1767172059.991238,-6,-3,-160
1767172060.001238,-3,-1,-156
1767172060.011238,-3,1,-155
1767172060.021238,1,2,-151
1767172060.031238,-1,5,-150
1767172060.041238,-1,3,-151
1767172060.051238,0,3,-148
1767172060.061238,-3,0,-138
1767172060.071238,-4,2,-138
1767172060.0812385,-5,0,-140
1767172060.0912385,-4,0,-141
1767172060.1012385,-7,0,-145
1767172060.1112382,-3,0,-148
1767172060.1212382,0,2,-137
1767172060.1312382,0,1,-148
1767172060.1412382,2,0,-149
1767172060.1512382,2,2,-145
1767172060.1612382,-1,1,-146
1767172060.1712382,-1,2,-144
1767172060.1812382,2,5,-147
1767172060.1912382,1,4,-149
1767172060.2012382,1,3,-151
1767172060.211238,-1,5,-147
1767172060.221238,-9,0,-148
1767172060.231238,-12,-2,-150
1767172060.241238,-9,-4,-149
1767172060.251238,-10,-2,-152
1767172060.261238,-4,-4,-150
1767172060.271238,-1,-5,-147
1767172060.281238,-5,-1,-150
1767172060.291238,-9,-2,-148
1767172060.301238,-8,-5,-160
1767172060.311238,-8,-6,-152
1767172060.321238,-6,-2,-151
1767172060.3312385,-5,-6,-149
1767172060.3412385,0,-9,-147
1767172060.3512385,-2,-7,-144
1767172060.3612382,-6,-4,-145
1767172060.3712382,-8,-4,-142
1767172060.3812382,-5,-2,-145
1767172060.3912382,-7,-6,-145
1767172060.4012382,-2,-1,-145
1767172060.4112382,1,-2,-147
1767172060.4212382,1,1,-147
1767172060.4312382,0,2,-145
1767172060.4412382,0,4,-142
1767172060.4512382,1,8,-146
1767172060.461238,9,3,-151
1767172060.471238,6,-1,-157
1767172060.481238,5,-2,-156
1767172060.491238,6,0,-157
1767172060.501238,6,-2,-157
1767172060.511238,2,-2,-160
1767172060.521238,0,1,-155
1767172060.531238,-1,5,-148
1767172060.541238,0,4,-147
1767172060.551238,1,2,-146
1767172060.561238,-1,3,-141
1767172060.571238,0,3,-146
1767172060.5812385,1,5,-153
1767172060.5912385,4,1,-145
1767172060.6012385,4,2,-141
1767172060.6112382,0,2,-145
1767172060.6212382,-2,-1,-152
1767172060.6312382,-4,-2,-156
1767172060.6412382,-2,2,-150
1767172060.6512382,1,2,-144
1767172060.6612382,4,1,-141
1767172060.6712382,2,0,-139
1767172060.6812382,1,0,-142
1767172060.6912382,2,0,-144
1767172060.7012382,7,1,-146
1767172060.711238,4,0,-146
1767172060.721238,5,-4,-153
1767172060.731238,0,-7,-148
1767172060.741238,2,-7,-152
1767172060.751238,1,-8,-154
1767172060.761238,-1,-2,-147
1767172060.771238,-5,-2,-152
1767172060.781238,-5,-3,-149
1767172060.791238,-5,-3,-147
1767172060.801238,-4,1,-143
1767172060.811238,-4,1,-145
1767172060.821238,0,-3,-142
1767172060.8312385,-1,-2,-141
1767172060.8412385,-1,0,-150
1767172060.8512385,-4,1,-148
1767172060.8612382,0,2,-134
1767172060.8712382,6,1,-129
1767172060.8812382,7,1,-129
1767172060.8912382,4,0,-133
1767172060.9012382,4,-5,-138
1767172060.9112382,9,-6,-136
1767172060.9212382,9,-4,-141
1767172060.9312382,6,0,-133
1767172060.9412382,0,1,-134
1767172060.9512382,0,3,-137
1767172060.961238,0,1,-138
1767172060.971238,-2,3,-137
1767172060.981238,-3,2,-137
1767172060.991238,-3,-1,-137
1767172061.001238,-3,-2,-137
1767172061.011238,0,0,-140
1767172061.021238,-1,-1,-144
1767172061.031238,-2,-3,-147
1767172061.041238,0,-2,-147
1767172061.051238,0,-2,-146
1767172061.061238,-2,-2,-148
1767172061.071238,-2,-1,-146
1767172061.0812385,-4,0,-151
1767172061.0912385,-4,7,-152
1767172061.1012385,-4,8,-147
1767172061.1112382,-3,7,-147
1767172061.1212382,-4,7,-146
1767172061.1312382,0,6,-144
1767172061.1412382,-2,6,-146
1767172061.1512382,-2,1,-149
1767172061.1612382,-1,0,-152
1767172061.1712382,1,-1,-155
1767172061.1812382,-2,0,-153
1767172061.1912382,-4,0,-141
1767172061.2012382,-4,-2,-141
1767172061.211238,-6,-2,-149
1767172061.221238,-6,-1,-153
1767172061.231238,-2,0,-152
1767172061.241238,0,-2,-147
1767172061.251238,-4,0,-143
1767172061.261238,-2,2,-147
1767172061.271238,-3,1,-145
1767172061.281238,-2,3,-147
1767172061.291238,-5,4,-153
1767172061.301238,-3,1,-148
1767172061.311238,0,3,-146
1767172061.321238,5,1,-152
1767172061.3312385,6,0,-152
1767172061.3412385,2,0,-150
1767172061.3512385,2,-2,-148
1767172061.3612382,4,-2,-150
1767172061.3712382,-2,-1,-150
1767172061.3812382,1,0,-148
1767172061.3912382,-2,-1,-156
1767172061.4012382,-1,-3,-154
1767172061.4112382,1,-6,-150
1767172061.4212382,2,-10,-152
1767172061.4312382,3,-9,-152
1767172061.4412382,3,-6,-153
1767172061.4512382,1,-5,-155
1767172061.461238,-1,-2,-150
1767172061.471238,-2,0,-152
1767172061.481238,-4,3,-154
1767172061.491238,-7,4,-149
1767172061.501238,-6,2,-142
1767172061.511238,-9,0,-142
1767172061.521238,-6,1,-138
1767172061.531238,-6,2,-141
1767172061.541238,-9,1,-146
1767172061.551238,-8,-2,-149
1767172061.561238,-4,-5,-147
1767172061.571238,-4,-7,-145
1767172061.5812385,0,-7,-147
1767172061.5912385,-2,-7,-149
1767172061.6012385,0,-6,-147
1767172061.6112382,5,-5,-141
1767172061.6212382,6,-5,-136
1767172061.6312382,5,-3,-141
1767172061.6412382,-2,-1,-135
1767172061.6512382,-5,0,-137
1767172061.6612382,-4,0,-147
1767172061.6712382,-3,-2,-145
1767172061.6812382,0,0,-144
1767172061.6912382,-1,0,-146
1767172061.7012382,-1,1,-147
1767172061.711238,-2,-1,-157
1767172061.721238,2,0,-151
1767172061.731238,1,-4,-151
1767172061.741238,-4,-2,-139
1767172061.751238,-1,-3,-144
1767172061.761238,1,-1,-144
1767172061.771238,0,-7,-144
1767172061.781238,0,-13,-147
1767172061.791238,2,-9,-149
1767172061.801238,3,-8,-156
1767172061.811238,-1,-6,-153
1767172061.821238,-1,-8,-156
1767172061.8312385,1,-5,-151
1767172061.8422382,0,-8,-146
1767172061.8512385,1,-8,-141
1767172061.8612382,4,-6,-137
1767172061.8712382,5,-4,-138
1767172061.882238,1,-2,-131
1767172061.892238,3,-2,-133
1767172061.902238,2,0,-141
1767172061.912238,1,1,-138
1767172061.9212382,1,-1,-146
1767172061.932238,1,1,-150
1767172061.942238,1,0,-154
1767172061.952238,-1,0,-160
1767172061.962238,0,1,-162
1767172061.972238,0,-4,-163
1767172061.982238,-2,-5,-164
1767172061.992238,0,-2,-160
1767172062.002238,0,-2,-156
1767172062.0122385,2,-3,-149
1767172062.0222385,1,0,-148
1767172062.0322382,1,4,-144
1767172062.0422382,-1,2,-148
1767172062.0522382,0,1,-150
1767172062.0622382,-3,-2,-151
1767172062.0722382,-1,-5,-154
1767172062.0822382,0,-4,-152
1767172062.0922382,2,-5,-147
1767172062.1022382,1,-4,-148
1767172062.1122382,3,-4,-145
1767172062.1222382,7,-5,-146
1767172062.132238,2,-7,-147
1767172062.142238,5,-4,-152
1767172062.152238,3,-7,-152
1767172062.162238,2,-9,-143
1767172062.172238,0,-10,-144
1767172062.182238,-5,-8,-142
1767172062.192238,-5,-7,-140
1767172062.202238,-8,-7,-140
1767172062.212238,-3,-5,-136
1767172062.222238,1,-8,-133
1767172062.232238,1,-4,-138
1767172062.242238,0,-5,-140
1767172062.252238,-2,-8,-141
1767172062.2622385,-6,-7,-141
1767172062.2722385,-8,-3,-147
1767172062.2822382,-4,-4,-152
1767172062.2922382,-2,-7,-147
1767172062.3022382,-4,-4,-143
1767172062.3122382,-4,-3,-140
1767172062.3222382,-2,1,-138
1767172062.3322382,-3,1,-139
1767172062.3422382,-5,1,-141
1767172062.3522382,-2,2,-143
1767172062.3622382,0,1,-149
1767172062.3722382,-1,-2,-151
1767172062.382238,-5,-4,-148
1767172062.392238,-9,-10,-149
1767172062.402238,-2,-4,-148
1767172062.412238,-2,-1,-142
1767172062.422238,0,-1,-142
1767172062.432238,-1,0,-141
1767172062.442238,0,0,-140
1767172062.452238,2,0,-144
1767172062.462238,5,0,-140
1767172062.472238,3,0,-136
1767172062.482238,0,-1,-129
1767172062.492238,-1,-3,-126
1767172062.502238,-2,-3,-128
1767172062.5122385,-7,-3,-132
1767172062.5332382,-9,-6,-127
1767172062.5422382,-13,-7,-128
1767172062.5522382,-12,-5,-132
1767172062.5622382,-4,-5,-139
1767172062.5722382,-6,-3,-140
1767172062.5822382,-2,-2,-140
1767172062.5922382,-2,-2,-133
1767172062.6022382,0,-5,-129
1767172062.6122382,-5,-4,-129
1767172062.6222382,-4,-3,-135
1767172062.632238,-3,-3,-143
1767172062.642238,-2,-3,-145
1767172062.652238,-5,-2,-141
1767172062.662238,-6,-2,-140
1767172062.672238,-5,0,-137
1767172062.682238,-8,0,-137
1767172062.692238,-9,1,-132
1767172062.702238,-7,0,-130
1767172062.712238,-5,-1,-132
1767172062.722238,-5,-2,-136
1767172062.732238,-4,-5,-137
1767172062.742238,-1,-7,-141
1767172062.752238,0,-9,-143
1767172062.7622385,3,-9,-144
1767172062.7722385,0,-7,-142
1767172062.7822382,-1,-9,-136
1767172062.7922382,-3,-6,-136
1767172062.8022382,-2,-4,-137
1767172062.8122382,1,-2,-134
1767172062.8222382,-1,-4,-136
1767172062.8322382,-4,-7,-138
1767172062.8422382,-6,-8,-143
1767172062.8522382,-2,-8,-147
1767172062.8622382,0,-8,-155
1767172062.8722382,0,-9,-156
1767172062.882238,-4,-8,-153
1767172062.892238,-9,-5,-154
1767172062.902238,-9,-1,-162
1767172062.912238,-11,0,-162
1767172062.922238,-4,-3,-157
1767172062.932238,-4,-1,-156
1767172062.942238,-4,-3,-146
1767172062.952238,-7,-2,-145
1767172062.962238,-10,-4,-143
1767172062.972238,-4,0,-146
1767172062.982238,-3,0,-141
1767172062.992238,2,-1,-145
1767172063.002238,1,0,-145
1767172063.0122385,0,-3,-147
1767172063.0222385,-2,-1,-147
1767172063.0322382,1,-2,-145
1767172063.0422382,-1,1,-146
1767172063.0522382,-3,4,-140
1767172063.0622382,1,1,-140
1767172063.0722382,3,3,-141
1767172063.0822382,0,1,-144
1767172063.0922382,0,-3,-145
1767172063.1022382,-3,-2,-152
1767172063.1122382,-1,-4,-153
1767172063.1222382,0,-6,-149
1767172063.132238,0,-6,-143
1767172063.142238,2,-5,-146
1767172063.152238,3,-7,-155
1767172063.162238,4,-6,-157
1767172063.172238,5,-7,-155
1767172063.182238,5,0,-152
1767172063.192238,2,-2,-146
1767172063.202238,0,-1,-140
1767172063.212238,-2,-1,-137
1767172063.222238,0,1,-142
1767172063.232238,-6,1,-149
1767172063.242238,-4,2,-149
1767172063.252238,-3,0,-152
1767172063.2622385,-2,0,-149
1767172063.2722385,-2,-3,-150
1767172063.2822382,-1,0,-142
1767172063.2922382,-4,0,-145
1767172063.3022382,0,-1,-142
1767172063.3122382,-1,-2,-148
1767172063.3222382,-1,-8,-149
1767172063.3322382,3,-3,-152
1767172063.3422382,3,-1,-155
1767172063.3522382,4,-2,-149
1767172063.3622382,3,1,-150
1767172063.3722382,3,2,-147
1767172063.382238,4,1,-146
1767172063.392238,5,-2,-145
1767172063.402238,4,-1,-147
1767172063.412238,2,-2,-148
1767172063.422238,1,-4,-149
1767172063.432238,0,-2,-150
1767172063.442238,1,-7,-148
1767172063.452238,-1,-6,-148
1767172063.462238,-8,-3,-149
1767172063.472238,-1,-3,-149
1767172063.482238,2,-4,-150
1767172063.492238,2,-1,-145
1767172063.502238,3,4,-146
1767172063.5122385,1,5,-143
1767172063.5222385,1,2,-142
1767172063.5322382,0,0,-142
1767172063.5422382,-4,-1,-149
1767172063.5522382,-2,0,-154
1767172063.5622382,0,1,-152
1767172063.5722382,3,0,-147
1767172063.5822382,5,-1,-143
1767172063.5922382,5,-3,-146
1767172063.6022382,6,-1,-144
1767172063.6122382,4,2,-141
1767172063.6222382,3,5,-143
1767172063.632238,0,2,-144
1767172063.642238,-5,2,-145
1767172063.652238,-5,0,-146
1767172063.662238,-5,0,-144
1767172063.672238,-8,2,-148
1767172063.682238,-8,1,-149
1767172063.692238,-4,-2,-154
1767172063.702238,-2,1,-158
1767172063.712238,-5,5,-163
1767172063.722238,-9,0,-150
1767172063.732238,-6,-2,-150
1767172063.742238,-3,0,-143
1767172063.752238,-3,0,-138
1767172063.7622385,-4,0,-135
1767172063.7722385,-5,2,-134
1767172063.7822382,-5,6,-134
1767172063.7922382,-2,1,-132
1767172063.8022382,2,-2,-141
1767172063.8122382,4,-3,-145
1767172063.8222382,5,-4,-147
1767172063.8322382,6,-6,-149
1767172063.8422382,6,-8,-149
1767172063.8522382,3,-6,-148
1767172063.8622382,3,-8,-151
1767172063.8722382,4,-6,-147
1767172063.882238,2,-7,-142
1767172063.892238,4,-3,-143
1767172063.902238,4,-1,-145
1767172063.912238,8,0,-144
1767172063.922238,5,-2,-141
1767172063.932238,3,1,-142
1767172063.942238,1,0,-143
1767172063.952238,0,-2,-153
1767172063.962238,-3,-3,-154
1767172063.972238,-1,-5,-155
1767172063.982238,-5,-8,-157
1767172063.992238,-3,-7,-153
1767172064.002238,2,-4,-147
1767172064.0122385,2,-1,-147
1767172064.0222385,1,-2,-147
1767172064.0322382,-1,1,-146
1767172064.0422382,-1,3,-148
1767172064.0522382,-1,1,-145
1767172064.0622382,-2,3,-140
1767172064.0722382,-2,2,-144
1767172064.0822382,1,3,-141
1767172064.0922382,2,0,-141
1767172064.1022382,0,-2,-144
1767172064.1122382,-1,-3,-147
1767172064.1222382,1,2,-143
1767172064.132238,0,6,-135
1767172064.142238,0,3,-134
1767172064.152238,-5,0,-134
1767172064.162238,-2,-3,-135
1767172064.172238,-2,-3,-133
1767172064.182238,2,-8,-136
1767172064.192238,0,-6,-134
1767172064.202238,0,-3,-139
1767172064.212238,-1,-7,-152
1767172064.222238,1,-1,-157
1767172064.232238,1,-1,-154
1767172064.242238,1,3,-146
1767172064.252238,1,6,-141
1767172064.2622385,3,7,-138
1767172064.2722385,2,1,-140
1767172064.2822382,2,-3,-139
1767172064.2922382,-1,-2,-136
1767172064.3022382,3,3,-137
1767172064.3122382,7,0,-144
1767172064.3222382,8,-4,-137
1767172064.3322382,7,-5,-133
1767172064.3422382,6,-6,-135
1767172064.3522382,2,-9,-136
1767172064.3622382,0,-6,-135
1767172064.3722382,0,-7,-133
1767172064.383238,1,-6,-137
1767172064.393238,-2,-5,-145
1767172064.403238,-3,-8,-147
1767172064.413238,-3,-9,-152
1767172064.422238,-4,-11,-146
1767172064.4332385,-3,-9,-140
1767172064.4432385,-4,-5,-140
1767172064.4532382,-3,-5,-137
1767172064.4632382,0,-1,-142
1767172064.472238,0,-1,-140
1767172064.4832382,2,-3,-148
1767172064.4932382,3,-2,-147
1767172064.5032382,4,-3,-153
1767172064.5132382,4,-4,-150
1767172064.5232382,1,-5,-149
1767172064.5332382,-2,-9,-150
1767172064.5432382,-6,-5,-150
1767172064.5532382,-5,-4,-145
1767172064.563238,-5,-2,-147
1767172064.573238,-3,1,-146
1767172064.583238,-9,5,-138
1767172064.593238,-3,1,-136
1767172064.603238,-1,3,-139
1767172064.613238,3,5,-139
1767172064.6222382,-1,2,-144
1767172064.633238,-2,5,-145
1767172064.643238,-6,4,-144
1767172064.653238,-2,5,-141
1767172064.663238,-2,1,-140
1767172064.673238,0,0,-143
1767172064.6832385,1,-1,-144
1767172064.6932385,2,0,-147
1767172064.7032382,4,0,-151
1767172064.7132382,4,1,-152
1767172064.7232382,5,0,-144
1767172064.7332382,-3,0,-145
1767172064.7432382,0,-4,-153
1767172064.7532382,0,-2,-154
1767172064.7632382,-1,-6,-159
1767172064.7732382,0,-6,-159
1767172064.7832382,1,0,-154
1767172064.7932382,0,0,-151
1767172064.8032382,-3,-3,-150
1767172064.813238,-4,1,-150
1767172064.823238,0,1,-144
1767172064.833238,-2,-1,-139
1767172064.843238,-2,-2,-146
1767172064.853238,0,-1,-146
1767172064.863238,3,-3,-154
1767172064.873238,3,-3,-154
1767172064.883238,2,-1,-153
1767172064.893238,4,-2,-149
1767172064.903238,4,-4,-147
1767172064.913238,3,0,-148
1767172064.923238,4,0,-147
1767172064.9332385,4,5,-147
1767172064.9432385,4,4,-143
1767172064.9532382,4,2,-145
1767172064.9632382,3,2,-144
1767172064.9732382,2,3,-150
1767172064.9832382,3,0,-152
1767172064.9932382,5,-5,-146
1767172065.0032382,8,-1,-147
1767172065.0132382,6,0,-150
1767172065.0232382,5,2,-148
1767172065.0332382,5,7,-149
1767172065.0432382,4,0,-146
1767172065.0532382,2,0,-140
1767172065.063238,0,0,-141
1767172065.073238,2,1,-143
1767172065.083238,2,2,-140
1767172065.093238,4,1,-143
1767172065.103238,4,1,-149
1767172065.113238,1,-2,-154
1767172065.123238,3,-2,-148
1767172065.133238,6,-5,-151
1767172065.143238,3,-6,-152
1767172065.153238,3,-5,-146
1767172065.163238,-1,-4,-142
1767172065.173238,-4,-6,-146
1767172065.1832385,-10,-10,-140
1767172065.1932385,-5,-10,-141
1767172065.2032382,-1,-9,-143
1767172065.2132382,2,-8,-139
1767172065.2232382,6,-6,-145
1767172065.2332382,6,-3,-144
1767172065.2432382,2,-5,-138
1767172065.2532382,-3,-7,-136
1767172065.2632382,-5,-6,-134
1767172065.2732382,-6,-3,-134
1767172065.2832382,-4,-1,-138
1767172065.2932382,-3,-4,-138
1767172065.3032382,0,-5,-141
1767172065.313238,-2,-6,-142
1767172065.323238,-1,-1,-143
1767172065.333238,-8,1,-144
1767172065.343238,-3,0,-146
1767172065.353238,0,-3,-155
1767172065.363238,-2,-5,-151
1767172065.373238,1,0,-155
1767172065.383238,0,0,-151
1767172065.393238,-7,0,-154
1767172065.403238,-5,-2,-153
1767172065.413238,-1,0,-148
1767172065.423238,1,0,-151
1767172065.4332385,4,0,-153
1767172065.4432385,4,3,-153
1767172065.4532382,1,1,-146
1767172065.4632382,0,3,-146
1767172065.4732382,1,5,-143
1767172065.4832382,-1,5,-140
1767172065.4932382,0,7,-144
1767172065.5032382,6,5,-141
1767172065.5132382,2,7,-142
1767172065.5232382,-1,3,-146
1767172065.5332382,1,-1,-141
1767172065.5432382,0,3,-143
1767172065.5532382,-3,1,-143
1767172065.563238,-3,0,-148
1767172065.573238,-6,3,-142
1767172065.583238,-6,2,-135
1767172065.593238,0,1,-136
1767172065.603238,-1,0,-134
1767172065.613238,-3,3,-136
1767172065.623238,0,3,-139
1767172065.633238,-2,0,-138
1767172065.643238,-3,1,-139
1767172065.653238,-5,2,-140
1767172065.663238,-9,0,-140
1767172065.673238,-2,-2,-146
1767172065.6832385,-1,-1,-145
1767172065.6932385,1,1,-139
1767172065.7032382,0,2,-144
1767172065.7132382,-1,2,-147
1767172065.7232382,0,-1,-149
1767172065.7332382,0,0,-146
1767172065.7432382,4,-1,-135
1767172065.7532382,5,0,-139
1767172065.7632382,3,0,-130
1767172065.7732382,5,0,-139
1767172065.7832382,4,-1,-132
1767172065.7932382,1,-1,-133
1767172065.8032382,2,-2,-132
1767172065.813238,0,-5,-141
1767172065.823238,1,-2,-141
1767172065.833238,3,-1,-141
1767172065.843238,5,-6,-139
1767172065.853238,5,-2,-140
1767172065.863238,7,-3,-147
1767172065.873238,3,-1,-152
1767172065.883238,-1,-1,-159
1767172065.893238,-1,-1,-157
1767172065.903238,-1,-1,-155
1767172065.913238,0,-1,-150
1767172065.923238,0,-2,-147
1767172065.9332385,-3,-1,-139
1767172065.9432385,-4,0,-138
1767172065.9532382,-5,-3,-135
1767172065.9632382,-5,1,-137
1767172065.9732382,-5,1,-143
1767172065.9832382,-7,3,-146
1767172065.9932382,-5,2,-145
1767172066.0032382,-2,2,-145
1767172066.0132382,-2,0,-143
1767172066.0232382,3,1,-146
1767172066.0332382,5,-2,-144
1767172066.0432382,8,-2,-149
1767172066.0532382,4,0,-152
1767172066.063238,3,0,-152
1767172066.073238,2,-1,-148
1767172066.083238,0,-2,-149
1767172066.093238,-3,-4,-149
1767172066.103238,-1,-4,-156
1767172066.113238,0,-4,-156
1767172066.123238,0,-2,-159
1767172066.133238,0,-1,-165
1767172066.143238,1,-1,-159
1767172066.153238,0,1,-162
1767172066.163238,-3,2,-160
1767172066.173238,-2,-1,-160
1767172066.1832385,-1,-1,-157
1767172066.1932385,4,1,-150
1767172066.2032382,3,0,-152
1767172066.2132382,1,0,-150
1767172066.2232382,0,0,-153
1767172066.2332382,0,-1,-142
1767172066.2432382,1,-2,-144
1767172066.2532382,-1,-3,-148
1767172066.2632382,-1,-2,-145
1767172066.2732382,-2,-2,-142
1767172066.2832382,-2,0,-135
1767172066.2932382,-3,2,-133
1767172066.3032382,1,-1,-129
1767172066.313238,-4,-1,-128
1767172066.323238,-2,-2,-138
1767172066.333238,-1,-1,-138
1767172066.343238,1,-1,-134
1767172066.353238,5,-1,-141
1767172066.363238,2,-1,-142
1767172066.373238,-5,-1,-144
1767172066.383238,-6,-2,-140
1767172066.393238,-1,-4,-148
1767172066.403238,1,-6,-146
1767172066.413238,-1,-6,-148
1767172066.423238,-2,-6,-151
1767172066.4332385,-1,-4,-150
1767172066.4432385,3,-5,-152
1767172066.4532382,1,2,-152
1767172066.4632382,0,4,-152
1767172066.4732382,-1,6,-151
1767172066.4832382,-1,3,-156
1767172066.4932382,1,3,-154
1767172066.5032382,2,3,-152
1767172066.5132382,1,6,-149
1767172066.5232382,0,3,-145
1767172066.5332382,0,-3,-149
1767172066.5432382,0,-6,-152
1767172066.5532382,0,-4,-153
1767172066.563238,-3,-4,-150
1767172066.573238,-4,-2,-158
1767172066.583238,-1,-2,-161
1767172066.593238,0,-4,-159
1767172066.603238,-2,0,-152
1767172066.613238,-5,0,-144
1767172066.623238,-6,2,-141
1767172066.633238,-2,4,-144
1767172066.643238,0,4,-144
1767172066.653238,0,0,-141
1767172066.663238,-2,0,-138
1767172066.673238,-3,2,-140
1767172066.6832385,-1,4,-140
1767172066.6932385,-2,3,-143
1767172066.7032382,0,2,-149
1767172066.7132382,0,2,-147
1767172066.7232382,-5,1,-142
1767172066.7332382,-3,0,-148
1767172066.7432382,0,3,-149
1767172066.7532382,-4,3,-146
1767172066.7632382,-3,1,-142
1767172066.7732382,-6,2,-140
1767172066.7832382,-4,5,-146
1767172066.7932382,-3,2,-144
1767172066.8032382,-4,0,-148
1767172066.813238,-8,-1,-141
1767172066.823238,-12,0,-141
1767172066.833238,-7,4,-145
1767172066.843238,-4,-1,-145
1767172066.853238,0,-3,-146
1767172066.863238,-2,-1,-154
1767172066.873238,-3,0,-154
1767172066.883238,-1,-2,-152
1767172066.893238,-4,-5,-151
1767172066.9042382,-7,-3,-153
1767172066.9142382,-11,0,-144
1767172066.923238,-11,-2,-139
1767172066.9342382,-8,-5,-138
1767172066.9442382,-6,1,-139
1767172066.9542382,-4,3,-139
1767172066.9642382,0,2,-139
1767172066.9732382,-1,1,-143
1767172066.984238,1,1,-138
1767172066.994238,6,1,-139
1767172067.004238,2,2,-140
1767172067.014238,2,5,-140
1767172067.0232382,7,6,-138
1767172067.034238,7,1,-138
1767172067.044238,1,0,-142
1767172067.054238,0,-1,-142
1767172067.064238,2,0,-141
1767172067.073238,2,2,-140
1767172067.084238,1,0,-147
1767172067.094238,0,0,-151
1767172067.1042385,-2,2,-144
1767172067.1142385,-4,1,-141
1767172067.1242385,-2,5,-140
1767172067.1342382,-4,3,-141
1767172067.1442382,-3,5,-146
1767172067.1542382,0,5,-150
1767172067.1642382,2,1,-154
1767172067.1742382,0,0,-150
1767172067.1842382,4,-2,-149
1767172067.1942382,2,-7,-151
1767172067.2042382,1,-7,-149
1767172067.2142382,1,-6,-147
1767172067.2242382,0,-5,-148
1767172067.234238,0,-5,-151
1767172067.244238,-1,-4,-148
1767172067.254238,-6,0,-150
1767172067.264238,-6,1,-155
1767172067.274238,-7,3,-144
1767172067.284238,-8,0,-150
1767172067.294238,-7,0,-151
1767172067.304238,-6,0,-151
1767172067.314238,-8,0,-143
1767172067.324238,-6,0,-138
1767172067.334238,-6,2,-136
1767172067.344238,-1,5,-139
1767172067.3542385,-4,0,-138
1767172067.3642385,3,-5,-146
1767172067.3742385,1,-4,-145
1767172067.3842382,-2,-4,-147
1767172067.3942382,-3,-6,-148
1767172067.4042382,0,-5,-148
1767172067.4142382,3,-6,-140
1767172067.4242382,1,-3,-140
1767172067.4342382,-4,2,-134
1767172067.4442382,-4,3,-131
1767172067.4542382,-5,0,-135
1767172067.4642382,-7,-3,-139
1767172067.4742382,-4,-2,-140
1767172067.484238,-4,-1,-138
1767172067.494238,4,0,-141
1767172067.504238,1,-6,-146
1767172067.514238,3,-9,-150
1767172067.524238,1,-9,-153
1767172067.5452385,0,-5,-148
1767172067.554238,1,-4,-144
1767172067.564238,0,-1,-141
1767172067.574238,0,-3,-140
1767172067.584238,-3,0,-137
1767172067.594238,-5,0,-134
1767172067.6042385,-5,1,-136
1767172067.6142385,1,2,-135
1767172067.6242385,1,2,-139
1767172067.6342382,0,6,-142
1767172067.6442382,0,9,-141
1767172067.6542382,0,7,-145
1767172067.6642382,0,6,-146
1767172067.6742382,0,3,-148
1767172067.6842382,0,4,-144
1767172067.6942382,0,1,-145
1767172067.7042382,4,6,-149
1767172067.7142382,1,3,-150
1767172067.7242382,3,0,-149
1767172067.734238,3,1,-155
1767172067.744238,-8,1,-149
1767172067.754238,-9,4,-152
1767172067.764238,-4,1,-153
1767172067.774238,2,0,-150
1767172067.784238,3,-1,-149
1767172067.794238,1,0,-150
1767172067.804238,0,2,-151
1767172067.814238,-8,2,-147
1767172067.824238,-9,2,-146
1767172067.834238,-7,1,-144
1767172067.844238,-5,2,-142
1767172067.8542385,-1,5,-146
1767172067.8642385,-3,4,-143
1767172067.8742385,-4,2,-140
1767172067.8842382,-5,5,-136
1767172067.8942382,-3,4,-134
1767172067.9042382,-5,2,-133
1767172067.9142382,-1,-2,-132
1767172067.9242382,1,1,-133
1767172067.9342382,-1,-1,-138
1767172067.9442382,0,-2,-143
1767172067.9542382,-2,-3,-142
1767172067.9642382,1,-2,-143
1767172067.9742382,0,-3,-141
1767172067.984238,-1,-2,-142
1767172067.994238,0,0,-140
1767172068.004238,-3,-2,-137
1767172068.014238,-5,0,-143
1767172068.024238,-6,0,-147
1767172068.034238,0,2,-147
1767172068.044238,0,5,-146
1767172068.054238,0,6,-144
1767172068.064238,-4,4,-140
1767172068.074238,-2,2,-144
1767172068.084238,0,2,-138
1767172068.094238,0,2,-144
1767172068.1042385,0,1,-138
1767172068.1142385,1,1,-134
1767172068.1242385,-1,4,-131
1767172068.1342382,-4,6,-137
1767172068.1442382,-3,0,-140
1767172068.1542382,-2,0,-143
1767172068.1642382,-2,-1,-142
1767172068.1742382,2,0,-137
1767172068.1842382,1,0,-142
1767172068.1942382,1,0,-141
1767172068.2042382,3,0,-139
1767172068.2142382,5,0,-141
1767172068.2242382,0,0,-137
1767172068.234238,6,0,-136
1767172068.244238,3,0,-132
1767172068.254238,0,4,-140
1767172068.264238,1,6,-143
1767172068.274238,1,5,-139
1767172068.284238,0,2,-140
1767172068.294238,1,0,-139
1767172068.304238,-3,0,-136
1767172068.314238,-5,0,-137
1767172068.324238,0,0,-136
1767172068.334238,-1,0,-139
1767172068.344238,-6,-3,-140
1767172068.3542385,-6,-1,-153
1767172068.3642385,-6,0,-154
1767172068.3742385,-5,1,-149
1767172068.3842382,1,1,-147
1767172068.3942382,4,0,-148
1767172068.4042382,5,-3,-159
1767172068.4142382,1,-5,-159
1767172068.4242382,3,-8,-152
1767172068.4342382,-1,-3,-150
1767172068.4442382,-2,-3,-146
1767172068.4542382,0,0,-144
1767172068.4642382,-3,3,-143
1767172068.4742382,-2,4,-144
1767172068.484238,-1,5,-143
1767172068.494238,0,4,-144
1767172068.504238,-3,3,-140
1767172068.514238,-1,2,-138
1767172068.524238,0,0,-139
1767172068.534238,2,0,-132
1767172068.544238,3,0,-127
1767172068.554238,6,-5,-131
1767172068.564238,6,-7,-138
1767172068.574238,3,-7,-141
1767172068.584238,-3,-12,-146
1767172068.594238,-4,-8,-144
1767172068.6042385,-7,-3,-146
1767172068.6142385,-8,-4,-148
1767172068.6242385,-6,-3,-148
1767172068.6342382,-7,0,-148
1767172068.6442382,-8,0,-144
1767172068.6542382,-8,0,-146
1767172068.6642382,-8,1,-150
1767172068.6742382,-4,0,-152
1767172068.6842382,0,0,-147
1767172068.6942382,-1,0,-153
1767172068.7042382,0,3,-147
1767172068.7142382,0,3,-142
1767172068.7242382,0,0,-142
1767172068.734238,-1,0,-142
1767172068.744238,4,2,-142
1767172068.754238,3,0,-146
1767172068.764238,0,-1,-141
1767172068.774238,6,-1,-135
1767172068.784238,5,2,-140
1767172068.794238,5,-2,-141
1767172068.804238,8,-3,-140
1767172068.814238,1,-3,-139
1767172068.824238,0,-2,-134
1767172068.834238,1,-2,-138
1767172068.844238,4,-4,-141
1767172068.8542385,0,1,-132
1767172068.8642385,0,3,-132
1767172068.8742385,1,3,-139
1767172068.8842382,2,1,-151
1767172068.8942382,-1,0,-147
1767172068.9042382,0,4,-151
1767172068.9142382,2,0,-150
1767172068.9242382,5,1,-145
1767172068.9342382,8,4,-142
1767172068.9442382,6,5,-143
1767172068.9542382,4,4,-140
1767172068.9642382,-1,4,-141
1767172068.9742382,-5,6,-141
1767172068.984238,-9,3,-144
1767172068.994238,-8,0,-141
1767172069.004238,-3,0,-140
1767172069.014238,0,-3,-144
1767172069.024238,-1,0,-141
1767172069.034238,0,-5,-146
1767172069.044238,0,-2,-149
1767172069.054238,2,0,-152
1767172069.064238,-2,-3,-149
1767172069.074238,-2,2,-150
1767172069.084238,-3,-1,-149
1767172069.094238,-4,3,-147
1767172069.1042385,-5,4,-150
1767172069.1142385,1,2,-149
1767172069.1242385,6,2,-152
1767172069.1342382,-1,-2,-154
1767172069.1442382,-4,-2,-157
1767172069.1542382,-4,-1,-156
1767172069.1642382,-4,-1,-149
1767172069.1742382,-6,-1,-149
1767172069.1842382,-10,-1,-150
1767172069.1942382,-10,0,-153
1767172069.2042382,-11,1,-148
1767172069.2142382,-9,4,-142
1767172069.2242382,-7,8,-142
1767172069.234238,-6,8,-147
1767172069.244238,-6,10,-151
1767172069.254238,0,10,-141
1767172069.264238,0,6,-140
1767172069.274238,0,5,-147
1767172069.284238,0,4,-148
1767172069.294238,4,0,-157
1767172069.304238,3,3,-156
1767172069.314238,3,3,-153
1767172069.324238,5,4,-147
1767172069.334238,4,2,-145
1767172069.344238,1,0,-143
1767172069.3542385,1,-3,-138
1767172069.3642385,0,-6,-143
1767172069.3742385,4,-10,-144
1767172069.3842382,4,-8,-137
1767172069.3942382,2,-10,-145
1767172069.4042382,0,-9,-151
1767172069.415238,-2,-6,-152
1767172069.4242382,-2,-1,-157
1767172069.4342382,0,0,-157
1767172069.445238,-1,-1,-159
1767172069.455238,-5,2,-156
1767172069.465238,0,0,-158
1767172069.4742382,1,-4,-160
1767172069.485238,2,-5,-157
1767172069.495238,3,-3,-146
1767172069.505238,5,0,-138
1767172069.515238,1,1,-133
1767172069.525238,-1,2,-133
1767172069.5352385,0,0,-142
1767172069.5452385,2,1,-146
1767172069.5552382,2,0,-148
1767172069.5652382,-5,1,-154
1767172069.5752382,-5,2,-153
1767172069.5852382,-8,0,-151
1767172069.5952382,-1,0,-150
1767172069.6052382,0,-2,-148
1767172069.6152382,3,-2,-147
1767172069.6252382,3,-4,-150
1767172069.6352382,3,-9,-162
1767172069.6452382,-1,-11,-155
1767172069.6552382,1,-10,-146
1767172069.665238,0,-9,-138
1767172069.675238,1,-8,-137
1767172069.685238,5,-4,-142
1767172069.695238,5,-4,-144
1767172069.705238,4,0,-151
1767172069.715238,6,-2,-151
1767172069.725238,2,-4,-144
1767172069.735238,1,-6,-141
1767172069.745238,0,-6,-138
1767172069.755238,3,-9,-140
1767172069.765238,5,-9,-142
1767172069.775238,1,-6,-141
1767172069.7852385,3,-3,-139
1767172069.7952385,4,-1,-143
1767172069.8052382,6,-3,-146
1767172069.8152382,5,-8,-152
1767172069.8252382,5,-8,-143
1767172069.8352382,4,-4,-138
1767172069.8452382,3,0,-135
1767172069.8552382,3,1,-146
1767172069.8652382,2,1,-148
1767172069.8752382,-4,2,-147
1767172069.8852382,0,5,-145
1767172069.8952382,2,5,-141
1767172069.9052382,1,6,-136
1767172069.915238,1,0,-133
1767172069.925238,5,-1,-138
1767172069.935238,9,0,-141
1767172069.945238,9,0,-138
1767172069.955238,6,-4,-144
1767172069.965238,3,-6,-143
1767172069.975238,0,-4,-145
1767172069.985238,0,-4,-150
1767172069.995238,-3,-6,-153
1767172070.005238,-5,-10,-153
1767172070.015238,-7,-10,-152
1767172070.025238,-3,-7,-147
1767172070.0352385,-5,-8,-143
1767172070.0452385,-10,-3,-144
1767172070.0552382,-11,0,-136
1767172070.0652382,-12,1,-138
1767172070.0752382,-4,1,-140
1767172070.0852382,-5,2,-149
1767172070.0952382,0,3,-153
1767172070.1052382,4,6,-150
1767172070.1152382,4,7,-156
1767172070.1252382,1,4,-150
1767172070.1352382,4,4,-153
1767172070.1452382,6,5,-159
1767172070.1552382,7,3,-156
1767172070.165238,3,4,-152
1767172070.175238,4,5,-141
1767172070.185238,0,1,-139
1767172070.195238,0,3,-143
1767172070.205238,-3,4,-141
1767172070.215238,-4,1,-148
1767172070.225238,-1,-1,-148
1767172070.235238,-2,1,-149
1767172070.245238,-3,0,-146
1767172070.255238,-5,-2,-153
1767172070.265238,-6,-1,-159
1767172070.275238,-6,-5,-159
1767172070.2852385,-2,-5,-157
1767172070.2952385,0,-7,-153
1767172070.3052382,1,-3,-156
1767172070.3152382,1,-3,-163
1767172070.3252382,5,0,-151
1767172070.3352382,4,1,-146
1767172070.3452382,0,3,-145
1767172070.3552382,0,2,-148
1767172070.3652382,0,0,-150
1767172070.3752382,1,0,-146
1767172070.3852382,0,0,-146
1767172070.3952382,0,4,-148
1767172070.4052382,-1,4,-143
1767172070.415238,-2,3,-138
1767172070.425238,4,2,-144
1767172070.435238,7,0,-142
1767172070.445238,5,1,-141
1767172070.455238,1,0,-144
1767172070.465238,1,0,-139
1767172070.475238,-1,2,-141
1767172070.485238,0,2,-143
1767172070.495238,2,0,-139
1767172070.505238,0,2,-139
1767172070.515238,-2,0,-145
1767172070.525238,-3,0,-140
1767172070.5352385,-3,-4,-140
1767172070.5452385,-7,-5,-137
1767172070.5552382,-3,-8,-142
1767172070.5652382,3,-6,-142
1767172070.5752382,1,-4,-145
1767172070.5852382,0,1,-145
1767172070.5952382,-2,5,-143
1767172070.6052382,2,6,-140
1767172070.6152382,0,8,-137
1767172070.6252382,-1,6,-137
1767172070.6352382,2,0,-139
1767172070.6452382,2,-3,-142
1767172070.6552382,4,-4,-143
1767172070.665238,2,-4,-138
1767172070.675238,1,-2,-142
1767172070.685238,0,-3,-148
1767172070.695238,1,1,-152
1767172070.705238,4,-1,-150
1767172070.715238,2,-5,-159
1767172070.725238,1,-6,-155
1767172070.735238,1,-9,-146
1767172070.745238,0,-8,-144
1767172070.755238,2,-3,-143
1767172070.765238,5,0,-142
1767172070.775238,5,-1,-147
1767172070.7852385,7,1,-149
1767172070.7952385,8,-1,-143
1767172070.8052382,2,-1,-151
1767172070.8152382,1,0,-153
1767172070.8252382,-1,-1,-148
1767172070.8352382,0,-1,-148
1767172070.8452382,-4,1,-149
1767172070.8552382,-8,0,-151
1767172070.8652382,-8,2,-151
1767172070.8752382,-5,0,-145
1767172070.8852382,0,0,-149
1767172070.8952382,-1,0,-148
1767172070.9052382,0,-3,-152
1767172070.915238,0,-2,-148
1767172070.925238,0,0,-148
1767172070.935238,4,-2,-148
1767172070.945238,5,4,-145
1767172070.955238,7,3,-147
1767172070.965238,3,-2,-153
1767172070.975238,1,-4,-151
1767172070.985238,0,-6,-148
1767172070.995238,0,-10,-147
1767172071.005238,0,-10,-151
1767172071.015238,-1,-7,-150
1767172071.025238,1,-8,-147
1767172071.0352385,-2,-15,-147
1767172071.0452385,-2,-17,-148
1767172071.0552382,0,-16,-150
1767172071.0652382,-1,-10,-145
1767172071.0752382,-3,-9,-147
1767172071.0852382,-1,-12,-145
1767172071.0952382,0,-11,-152
1767172071.1052382,0,-10,-152
1767172071.1152382,-3,-7,-148
1767172071.1252382,-3,-7,-145
1767172071.1352382,-3,-3,-140
1767172071.1452382,0,0,-142
1767172071.1552382,0,0,-132
1767172071.165238,0,-3,-134
1767172071.175238,1,-4,-148
1767172071.185238,0,-2,-150
1767172071.195238,0,-7,-153
1767172071.205238,-1,-4,-146
1767172071.215238,-3,-4,-152
1767172071.225238,-1,-4,-153
1767172071.235238,-1,-4,-152
1767172071.245238,0,-4,-146
1767172071.255238,0,0,-140
1767172071.265238,1,1,-140
1767172071.275238,4,-1,-142
1767172071.2852385,2,-1,-144
1767172071.2952385,0,-5,-142
1767172071.3052382,0,-2,-143
1767172071.3152382,0,-2,-141
1767172071.3252382,1,-3,-147
1767172071.3352382,6,-2,-151
1767172071.3452382,9,-3,-147
1767172071.3552382,7,0,-141
1767172071.3652382,5,0,-137
1767172071.3752382,6,1,-134
1767172071.3852382,5,-2,-134
1767172071.3952382,1,1,-131
1767172071.4052382,7,2,-136
1767172071.415238,3,0,-140
1767172071.425238,1,0,-144
1767172071.435238,1,0,-139
1767172071.445238,1,-4,-142
1767172071.455238,1,-1,-145
1767172071.465238,1,3,-142
1767172071.475238,3,3,-140
1767172071.485238,5,0,-148
1767172071.495238,7,1,-150
1767172071.505238,8,0,-153
1767172071.515238,3,3,-156
1767172071.525238,4,0,-154
1767172071.5352385,2,0,-153
1767172071.5452385,5,2,-149
1767172071.5552382,3,1,-144
1767172071.5652382,1,4,-148
1767172071.5752382,2,-1,-139
1767172071.5852382,5,-2,-141
1767172071.5952382,6,-4,-138
1767172071.6052382,5,-1,-132
1767172071.6152382,4,-1,-133
1767172071.6252382,3,-4,-139
1767172071.6352382,-2,-2,-141
1767172071.6452382,0,0,-142
1767172071.6552382,-2,2,-138
1767172071.665238,-1,2,-138
1767172071.675238,4,3,-141
1767172071.685238,0,0,-141
1767172071.695238,-4,0,-140
1767172071.705238,-9,-2,-132
1767172071.715238,-11,-4,-138
1767172071.725238,-10,-4,-142
1767172071.735238,-9,-5,-139
1767172071.745238,-3,-5,-145
1767172071.755238,3,-6,-144
1767172071.765238,2,-7,-151
1767172071.775238,0,-5,-154
1767172071.7852385,1,-3,-159
1767172071.7952385,2,-2,-158
1767172071.8052382,0,0,-158
1767172071.8152382,1,-1,-154
1767172071.8252382,1,4,-149
1767172071.8352382,1,4,-152
1767172071.8452382,1,4,-153
1767172071.8552382,-6,2,-144
1767172071.8652382,-3,4,-148
1767172071.8752382,-3,2,-150
1767172071.8852382,-7,0,-150
1767172071.8952382,-6,0,-147
1767172071.9052382,-10,-1,-143
1767172071.915238,-8,-3,-143
1767172071.925238,-3,-3,-145
1767172071.935238,-1,-4,-144
1767172071.946238,-4,-5,-147
1767172071.9562385,-4,-2,-141
1767172071.9662385,-5,-5,-143
1767172071.9762385,-4,-3,-151
1767172071.9862382,-3,-2,-150
1767172071.9962382,-3,-5,-151
1767172072.0062382,-4,-5,-143
1767172072.0162382,-1,-1,-140
1767172072.0262382,-1,0,-145
1767172072.0362382,-3,0,-145
1767172072.0462382,0,0,-144
1767172072.0562382,-2,1,-147
1767172072.0662382,0,2,-146
1767172072.0762382,0,1,-148
1767172072.086238,0,-3,-147
1767172072.096238,0,-1,-146
1767172072.106238,0,0,-140
1767172072.116238,1,1,-139
1767172072.126238,2,0,-139
1767172072.136238,-1,0,-144
1767172072.146238,-3,-3,-149
1767172072.156238,1,-3,-146
1767172072.166238,-2,-4,-147
1767172072.176238,0,-7,-146
1767172072.186238,2,-10,-148
1767172072.196238,4,-8,-147
1767172072.2062385,4,-6,-146
1767172072.2162385,6,-8,-145
1767172072.2262385,5,-7,-146
1767172072.2362382,4,-8,-140
1767172072.2462382,5,-6,-143
1767172072.2562382,6,-5,-136
1767172072.2662382,3,-9,-131
1767172072.2762382,2,-3,-127
1767172072.2862382,0,-3,-133
1767172072.2962382,2,-3,-134
1767172072.3062382,0,-4,-133
1767172072.3162382,0,-4,-129
1767172072.3262382,0,-5,-132
1767172072.336238,0,-4,-138
1767172072.346238,0,-6,-139
1767172072.356238,4,-11,-135
1767172072.366238,0,-8,-138
1767172072.376238,2,-8,-146
1767172072.386238,1,-7,-152
1767172072.396238,1,-4,-152
1767172072.406238,0,0,-155
1767172072.416238,0,3,-155
1767172072.426238,0,2,-154
1767172072.436238,-4,6,-147
1767172072.446238,-1,4,-146
1767172072.4562385,-4,-1,-143
1767172072.4662385,-3,-4,-149
1767172072.4762385,-2,-4,-141
1767172072.4862382,0,-5,-138
1767172072.4962382,1,0,-145
1767172072.5062382,3,0,-147
1767172072.5162382,2,-2,-144
1767172072.5262382,1,-1,-145
1767172072.5362382,1,-7,-147
1767172072.557238,0,-6,-140
1767172072.5662382,-3,-4,-137
1767172072.5762382,-7,-6,-138
1767172072.586238,-8,0,-145
1767172072.596238,-3,1,-148
1767172072.606238,0,0,-147
1767172072.616238,0,-1,-151
1767172072.626238,9,-5,-147
1767172072.636238,6,-6,-152
1767172072.646238,5,-9,-152
1767172072.656238,7,-7,-154
1767172072.666238,2,-2,-148
1767172072.676238,-2,0,-144
1767172072.686238,-5,-1,-141
1767172072.696238,-3,-2,-145
1767172072.7062385,-3,-3,-143
1767172072.7162385,-3,0,-143
1767172072.7262385,-3,-2,-139
1767172072.7362382,-1,-5,-141
1767172072.7462382,0,0,-140
1767172072.7562382,3,1,-138
1767172072.7662382,1,0,-139
1767172072.7762382,0,0,-134
1767172072.7862382,-2,0,-141
1767172072.7962382,0,4,-143
1767172072.8062382,-4,1,-141
1767172072.8162382,-6,0,-142
1767172072.8262382,-5,4,-139
1767172072.836238,-5,3,-140
1767172072.846238,-6,3,-145
1767172072.856238,-9,4,-149
1767172072.866238,-7,0,-148
1767172072.876238,-7,2,-151
1767172072.886238,-6,4,-150
1767172072.896238,-2,0,-140
1767172072.906238,1,-1,-139
1767172072.916238,5,4,-144
1767172072.926238,2,2,-146
1767172072.936238,4,0,-142
1767172072.946238,1,-2,-145
1767172072.9562385,2,0,-153
1767172072.9662385,3,-1,-151
1767172072.9762385,6,1,-146
1767172072.9862382,4,-1,-143
1767172072.9962382,6,-2,-149
1767172073.0062382,2,-3,-149
1767172073.0162382,4,-4,-145
1767172073.0262382,5,-1,-147
1767172073.0362382,6,-1,-149
1767172073.0462382,3,-3,-152
1767172073.0562382,0,-6,-146
1767172073.0662382,0,-3,-139
1767172073.0762382,1,-5,-141
1767172073.086238,-2,-1,-145
1767172073.096238,0,-3,-145
1767172073.106238,4,-5,-145
1767172073.116238,1,-3,-148
1767172073.126238,0,0,-147
1767172073.136238,2,2,-145
1767172073.146238,-1,2,-138
1767172073.156238,0,3,-136
1767172073.166238,1,0,-131
1767172073.176238,0,-5,-131
1767172073.186238,1,-5,-130
1767172073.196238,0,-1,-132
1767172073.2062385,2,0,-141
1767172073.2162385,0,2,-142
1767172073.2262385,0,3,-145
1767172073.2362382,0,1,-144
1767172073.2462382,1,0,-141
1767172073.2562382,-6,-2,-138
1767172073.2662382,-6,3,-145
1767172073.2762382,-9,3,-150
1767172073.2862382,-7,1,-155
1767172073.2962382,-7,4,-152
1767172073.3062382,-8,4,-155
1767172073.3162382,-8,3,-149
1767172073.3262382,-3,1,-147
1767172073.336238,-2,5,-147
1767172073.346238,-4,3,-146
1767172073.356238,-2,5,-145
1767172073.366238,-5,4,-146
1767172073.376238,-1,3,-147
1767172073.386238,0,0,-146
1767172073.396238,0,0,-141
1767172073.406238,1,-4,-143
1767172073.416238,-2,-3,-147
1767172073.426238,-6,-3,-151
1767172073.436238,-3,-2,-154
1767172073.446238,0,-4,-151
1767172073.4562385,1,-4,-142
1767172073.4662385,3,0,-136
1767172073.4762385,-1,-1,-141
1767172073.4862382,-1,-3,-142
1767172073.4962382,0,-3,-145
1767172073.5062382,-5,-5,-147
1767172073.5162382,-11,-7,-147
1767172073.5262382,-6,-4,-148
1767172073.5362382,-3,-3,-151
1767172073.5462382,2,0,-152
1767172073.5562382,3,-2,-153
1767172073.5662382,1,-1,-148
1767172073.5762382,-1,-1,-142
1767172073.586238,-4,-1,-148
1767172073.596238,-7,1,-148
1767172073.606238,-9,-1,-151
1767172073.616238,-7,1,-148
1767172073.626238,-6,2,-145
1767172073.636238,-3,-1,-141
1767172073.646238,-3,-2,-135
1767172073.656238,-5,0,-139
1767172073.666238,-4,0,-140
1767172073.676238,-4,0,-144
1767172073.686238,-1,3,-146
1767172073.696238,3,-1,-143
1767172073.7062385,1,-2,-148
1767172073.7162385,1,-6,-146
1767172073.7262385,3,-6,-149
1767172073.7362382,0,-7,-152
1767172073.7462382,-1,-6,-147
1767172073.7562382,-1,-4,-148
1767172073.7662382,1,-4,-148
1767172073.7762382,-4,-3,-152
1767172073.7862382,1,0,-148
1767172073.7962382,1,-5,-147
1767172073.8062382,0,0,-142
1767172073.8162382,0,0,-140
1767172073.8262382,0,0,-137
1767172073.836238,0,-2,-136
1767172073.846238,2,-5,-134
1767172073.856238,2,-4,-139
1767172073.866238,0,-5,-144
1767172073.876238,-1,-5,-143
1767172073.886238,0,-3,-141
1767172073.896238,4,-1,-140
1767172073.906238,5,2,-148
1767172073.916238,4,2,-151
1767172073.926238,5,1,-143
1767172073.936238,6,0,-148
1767172073.946238,5,0,-147
1767172073.9562385,7,0,-147
1767172073.9662385,3,1,-143
1767172073.9762385,2,2,-141
1767172073.9862382,1,-1,-143
1767172073.9962382,2,-5,-146
1767172074.0062382,-1,-2,-150
1767172074.0162382,-2,-1,-143
1767172074.0262382,-3,-4,-146
1767172074.0362382,-7,-5,-144
1767172074.0462382,-6,-5,-146
1767172074.0562382,-4,-8,-150
1767172074.0662382,-4,-10,-148
1767172074.0762382,-4,-14,-150
1767172074.086238,-4,-7,-147
1767172074.096238,-6,-2,-151
1767172074.106238,-4,0,-148
1767172074.116238,-4,1,-139
1767172074.126238,-3,3,-139
1767172074.136238,-5,2,-142
1767172074.146238,-6,0,-139
1767172074.156238,-7,0,-139
1767172074.166238,-4,0,-137
1767172074.176238,-2,0,-145
1767172074.186238,-5,-1,-142
1767172074.196238,-6,-4,-139
1767172074.2062385,0,0,-146
1767172074.2162385,-4,3,-150
1767172074.2262385,-4,0,-151
1767172074.2362382,-3,-3,-154
1767172074.2462382,-6,-2,-149
1767172074.2562382,-8,-5,-149
1767172074.2662382,-10,-4,-152
1767172074.2762382,-11,-2,-147
1767172074.2862382,-7,-2,-145
1767172074.2962382,-1,-3,-148
1767172074.3062382,0,-4,-151
1767172074.3162382,4,-1,-153
1767172074.3262382,5,-3,-154
1767172074.336238,7,-5,-157
1767172074.346238,5,-5,-149
1767172074.356238,8,-2,-147
1767172074.366238,5,-3,-142
1767172074.376238,1,-6,-150
1767172074.386238,-1,-4,-154
1767172074.396238,0,-3,-154
1767172074.406238,0,-4,-151
1767172074.416238,0,-8,-158
1767172074.426238,-1,-8,-156
1767172074.436238,-2,-7,-154
1767172074.446238,-1,-7,-157
1767172074.4562385,-3,-5,-149
1767172074.4662385,0,-6,-149
1767172074.4772382,0,-10,-150
1767172074.4862382,-4,-11,-153
1767172074.4962382,-5,-10,-154
1767172074.5062382,-9,-4,-149
1767172074.5162382,-3,-3,-144
1767172074.5262382,-3,-4,-144
1767172074.537238,-2,-2,-138
1767172074.547238,-7,-2,-139
1767172074.557238,-7,-1,-144
1767172074.567238,-6,-1,-147
1767172074.577238,-5,0,-152
1767172074.587238,-4,3,-154
1767172074.597238,-6,2,-152
1767172074.607238,-5,4,-155
1767172074.617238,-8,3,-155
1767172074.627238,-3,1,-154
1767172074.6372385,0,1,-154
1767172074.6472385,-1,3,-160
1767172074.6572382,-4,5,-159
1767172074.6672382,-4,9,-163
1767172074.6772382,1,11,-154
1767172074.6872382,1,9,-150
1767172074.6972382,4,10,-150
1767172074.7072382,1,7,-149
1767172074.7172382,2,6,-145
1767172074.7272382,5,5,-146
1767172074.7372382,5,3,-143
1767172074.7472382,2,1,-143
1767172074.757238,-1,-2,-147
1767172074.767238,1,0,-148
1767172074.777238,-6,0,-151
1767172074.787238,-4,-1,-149
1767172074.797238,-7,-4,-147
1767172074.807238,-6,-7,-146
1767172074.817238,-1,-7,-140
1767172074.827238,-5,-6,-145
1767172074.837238,-4,-4,-144
1767172074.847238,-3,-7,-143
1767172074.857238,-2,-3,-146
1767172074.867238,-4,-4,-144
1767172074.877238,-5,-5,-142
1767172074.8872385,-4,-7,-143
1767172074.8972385,-3,-6,-139
1767172074.9072382,0,-8,-140
1767172074.9172382,3,-6,-139
1767172074.9272382,4,-6,-142
1767172074.9372382,3,-8,-142
1767172074.9472382,1,-6,-141
1767172074.9572382,-2,-5,-140
1767172074.9672382,0,-6,-136
1767172074.9772382,0,-3,-142
1767172074.9872382,4,-5,-143
1767172074.9972382,0,-3,-142
1767172075.007238,0,-4,-143
1767172075.017238,1,0,-142
1767172075.027238,0,0,-144
1767172075.037238,0,2,-142
1767172075.047238,-2,0,-142
1767172075.057238,1,-2,-142
1767172075.067238,1,-2,-141
1767172075.077238,1,-4,-140
1767172075.087238,4,-2,-146
1767172075.097238,0,0,-151
1767172075.107238,4,2,-152
1767172075.117238,2,1,-144
1767172075.127238,2,-1,-148
1767172075.1372385,3,-3,-147
1767172075.1472385,4,-1,-143
1767172075.1572382,-2,0,-143
1767172075.1672382,-4,-1,-137
1767172075.1772382,2,0,-136
1767172075.1872382,2,0,-138
1767172075.1972382,1,1,-140
1767172075.2072382,0,7,-139
1767172075.2172382,-3,10,-136
1767172075.2272382,-2,12,-136
1767172075.2372382,0,5,-139
1767172075.2472382,0,7,-144
1767172075.257238,1,8,-145
1767172075.267238,-2,2,-143
1767172075.277238,0,0,-142
1767172075.287238,-1,0,-143
1767172075.297238,-2,-2,-141
1767172075.307238,0,-2,-139
1767172075.317238,0,-4,-139
1767172075.327238,0,-5,-139
1767172075.337238,2,-1,-141
1767172075.347238,0,2,-145
1767172075.357238,-2,2,-150
1767172075.367238,-2,3,-153
1767172075.377238,0,2,-154
1767172075.3872385,-3,0,-155
1767172075.3972385,-1,-3,-149
1767172075.4072382,-3,1,-150
1767172075.4172382,-1,4,-150
1767172075.4272382,-5,1,-148
1767172075.4372382,-4,1,-142
1767172075.4472382,0,0,-144
1767172075.4572382,2,-1,-147
1767172075.4672382,4,-3,-150
1767172075.4772382,1,-3,-149
1767172075.4872382,-2,-1,-150
1767172075.4972382,0,0,-152
1767172075.507238,3,-1,-148
1767172075.517238,6,1,-147
1767172075.527238,5,-8,-146
1767172075.537238,0,-4,-141
1767172075.547238,-3,-4,-141
1767172075.557238,-1,-9,-143
1767172075.567238,-4,-7,-147
1767172075.577238,-3,-3,-151
1767172075.587238,0,-4,-152
1767172075.597238,-2,-2,-152
1767172075.607238,0,-2,-149
1767172075.617238,-3,-2,-148
1767172075.627238,-3,-4,-151
1767172075.6372385,0,-5,-145
1767172075.6472385,0,-2,-147
1767172075.6572382,6,-4,-146
1767172075.6672382,7,1,-150
1767172075.6772382,6,4,-146
1767172075.6872382,7,9,-143
1767172075.6972382,1,9,-141
1767172075.7072382,-1,7,-142
1767172075.7172382,1,0,-145
1767172075.7272382,2,2,-144
1767172075.7372382,0,0,-144
1767172075.7472382,-7,-2,-142
1767172075.757238,-6,1,-135
1767172075.767238,-6,-3,-141
1767172075.777238,-3,-1,-139
1767172075.787238,-6,-1,-142
1767172075.797238,-3,0,-146
1767172075.807238,-2,-3,-150
1767172075.817238,-2,-1,-151
1767172075.827238,0,0,-154
1767172075.837238,5,0,-149
1767172075.847238,2,2,-147
1767172075.857238,-1,0,-152
1767172075.867238,0,0,-155
1767172075.877238,2,3,-149
1767172075.8872385,0,1,-150
1767172075.8972385,0,3,-149
1767172075.9072382,-2,0,-152
1767172075.9172382,0,1,-155
1767172075.9272382,0,2,-155
1767172075.9372382,-2,0,-150
1767172075.9472382,-6,0,-150
1767172075.9572382,-6,3,-151
1767172075.9672382,-5,1,-146
1767172075.9772382,-6,0,-147
1767172075.9872382,-8,2,-142
1767172075.9972382,-8,-1,-143
1767172076.007238,-6,-6,-146
1767172076.017238,-4,-3,-142
1767172076.027238,-4,0,-136
1767172076.037238,-4,1,-140
1767172076.047238,0,0,-137
1767172076.057238,-3,-1,-136
1767172076.067238,-1,0,-136
1767172076.077238,-3,0,-146
1767172076.087238,-6,2,-147
1767172076.097238,-4,0,-151
1767172076.107238,-5,0,-144
1767172076.117238,-1,-5,-150
1767172076.127238,-6,-5,-149
1767172076.1372385,-8,-3,-151
1767172076.1472385,-8,0,-149
1767172076.1572382,-5,1,-153
1767172076.1672382,-5,4,-150
1767172076.1772382,-9,3,-147
1767172076.1872382,-5,0,-147
1767172076.1972382,5,-1,-143
1767172076.2072382,11,-3,-140
1767172076.2172382,7,-3,-139
1767172076.2272382,1,1,-140
1767172076.2372382,0,0,-140
1767172076.2472382,-6,2,-146
1767172076.257238,-8,1,-146
1767172076.267238,-6,2,-149
1767172076.277238,-5,5,-144
1767172076.287238,-6,8,-139
1767172076.297238,-7,10,-138
1767172076.307238,-5,7,-144
1767172076.317238,-3,4,-149
1767172076.327238,-6,1,-143
1767172076.337238,-4,5,-139
1767172076.347238,-5,8,-141
1767172076.357238,-8,2,-145
1767172076.367238,-7,0,-141
1767172076.377238,-3,3,-136
1767172076.3872385,-6,1,-144
1767172076.3972385,-8,0,-150
1767172076.4072382,-5,-1,-144
1767172076.4172382,-8,0,-139
1767172076.4272382,-8,-2,-140
1767172076.4372382,-2,-5,-137
1767172076.4472382,0,-7,-140
1767172076.4572382,0,-7,-149
1767172076.4672382,0,-4,-146
1767172076.4772382,-2,0,-150
1767172076.4872382,-6,3,-156
1767172076.4972382,-5,0,-155
1767172076.507238,-4,0,-148
1767172076.517238,-5,0,-150
1767172076.527238,-5,-1,-148
1767172076.537238,-3,-4,-146
1767172076.547238,-5,-5,-140
1767172076.557238,-4,-4,-141
1767172076.567238,-4,0,-135
1767172076.577238,-1,0,-139
1767172076.587238,-3,0,-135
1767172076.597238,-2,0,-137
1767172076.607238,-1,-1,-142
1767172076.617238,-2,-5,-144
1767172076.627238,0,-6,-144
1767172076.6372385,0,-3,-149
1767172076.6472385,0,-5,-149
1767172076.6572382,1,0,-144
1767172076.6672382,-1,2,-138
1767172076.6772382,0,2,-141
1767172076.6872382,-4,2,-146
1767172076.6972382,-5,2,-146
1767172076.7072382,-4,3,-136
1767172076.7172382,-7,2,-137
1767172076.7272382,-3,3,-140
1767172076.7372382,0,0,-144
1767172076.7472382,1,-3,-145
1767172076.757238,-1,-3,-143
1767172076.767238,-1,-1,-140
1767172076.777238,-3,-1,-138
1767172076.787238,0,-3,-140
1767172076.797238,4,0,-142
1767172076.807238,0,5,-148
1767172076.817238,-2,1,-145
1767172076.827238,4,0,-143
1767172076.837238,3,3,-146
1767172076.847238,2,-1,-147
1767172076.857238,2,-6,-147
1767172076.867238,0,-1,-149
1767172076.877238,3,-6,-142
1767172076.8872385,4,-5,-140
1767172076.8972385,-1,-7,-142
1767172076.9072382,-1,-5,-145
1767172076.9172382,-3,0,-150
1767172076.9272382,-10,3,-148
1767172076.9372382,-10,3,-142
1767172076.9472382,-11,5,-142
1767172076.9572382,-13,0,-145
1767172076.9672382,-9,0,-147
1767172076.9772382,-9,-2,-146
1767172076.9872382,-4,-3,-147
1767172076.9972382,-7,-3,-146
1767172077.008238,-7,0,-151
1767172077.018238,-2,2,-146
1767172077.028238,-2,0,-148
1767172077.038238,-5,0,-139
1767172077.048238,-6,0,-133
1767172077.0582385,-5,2,-134
1767172077.0682385,-5,2,-135
1767172077.0782382,-3,0,-132
1767172077.0882382,0,-2,-133
1767172077.0982382,-4,-6,-135
1767172077.1082382,-4,-6,-137
1767172077.1182382,-6,-10,-137
1767172077.1282382,-4,-7,-144
1767172077.1382382,-8,-5,-150
1767172077.1482382,-7,-10,-145
1767172077.1582382,-4,-10,-143
1767172077.1682382,-3,-7,-149
1767172077.1782382,-5,-5,-146
1767172077.188238,-3,-6,-148
1767172077.198238,-2,-8,-153
1767172077.208238,0,-9,-150
1767172077.218238,0,-10,-152
1767172077.228238,-2,-8,-154
1767172077.238238,0,-6,-158
1767172077.248238,-1,-5,-156
1767172077.258238,-4,-2,-158
1767172077.268238,-5,0,-154
1767172077.278238,-4,0,-150
1767172077.288238,-4,-2,-147
1767172077.298238,0,0,-147
1767172077.3082385,-1,0,-145
1767172077.3182385,-4,-1,-149
1767172077.3282382,-2,-3,-145
1767172077.3382382,-4,-1,-143
1767172077.3482382,-6,0,-147
1767172077.3582382,-12,-6,-150
1767172077.3682382,-9,1,-149
1767172077.3782382,-9,1,-143
1767172077.3882382,-8,1,-146
1767172077.3982382,-5,1,-153
1767172077.4082382,-6,3,-142
1767172077.4182382,-7,-1,-140
1767172077.4282382,-3,0,-133
1767172077.438238,-3,0,-138
1767172077.448238,-6,-1,-143
1767172077.458238,-8,0,-145
1767172077.468238,-8,-2,-149
1767172077.478238,-8,-2,-142
1767172077.488238,-6,0,-148
1767172077.498238,-3,-2,-147
1767172077.508238,-3,-2,-148
1767172077.518238,0,-3,-150
1767172077.528238,4,-1,-149
1767172077.538238,3,1,-150
1767172077.548238,-1,0,-150
1767172077.570238,-4,-3,-153
1767172077.5782382,-1,-2,-150
1767172077.5882382,-1,-7,-146
1767172077.5982382,-2,-7,-142
1767172077.6082382,-9,-4,-142
1767172077.6182382,-10,-7,-140
1767172077.6282382,-2,-7,-135
1767172077.6382382,-1,-6,-135
1767172077.6482382,0,-6,-137
1767172077.6582382,4,-8,-143
1767172077.6682382,6,-7,-144
1767172077.6782382,4,-5,-145
1767172077.688238,-1,-6,-148
1767172077.698238,0,-6,-145
1767172077.708238,0,-10,-153
1767172077.718238,-1,-7,-150
1767172077.728238,-2,-3,-147
1767172077.738238,-3,-4,-148
1767172077.748238,-3,-2,-141
1767172077.758238,-1,-3,-142
1767172077.768238,0,-5,-143
1767172077.778238,-3,-4,-144
1767172077.788238,2,-1,-148
1767172077.798238,-1,-2,-141
1767172077.8082385,-4,0,-145
1767172077.8182385,-3,-1,-151
1767172077.8282382,-3,-4,-152
1767172077.8382382,0,-5,-148
1767172077.8482382,-4,-5,-144
1767172077.8582382,0,-4,-142
1767172077.8682382,0,-3,-146
1767172077.8782382,2,-2,-149
1767172077.8882382,4,-1,-145
1767172077.8982382,4,-2,-151
1767172077.9082382,4,-4,-149
1767172077.9182382,7,-4,-145
1767172077.9282382,3,-6,-148
1767172077.938238,1,-4,-151
1767172077.948238,-1,-2,-148
1767172077.958238,-6,-2,-150
1767172077.968238,-4,-4,-147
1767172077.978238,-7,-5,-146
1767172077.988238,-5,-7,-147
1767172077.998238,0,-7,-147
1767172078.008238,-2,-8,-150
1767172078.018238,-4,-7,-148
1767172078.028238,-4,-3,-150
1767172078.038238,-4,0,-150
1767172078.048238,-6,0,-146
1767172078.0582385,-4,0,-141
1767172078.0682385,2,-2,-140
1767172078.0782382,0,-4,-147
1767172078.0882382,-2,-2,-143
1767172078.0982382,-1,0,-145
1767172078.1082382,-4,3,-147
1767172078.1182382,0,2,-150
1767172078.1282382,1,-1,-150
1767172078.1382382,0,0,-150
1767172078.1482382,0,0,-147
1767172078.1582382,-1,-4,-151
1767172078.1682382,-1,-7,-147
1767172078.1782382,-1,-6,-145
1767172078.188238,-4,-3,-144
1767172078.198238,-2,-2,-145
1767172078.208238,2,-2,-149
1767172078.218238,-4,3,-147
1767172078.228238,-1,8,-148
1767172078.238238,-2,5,-146
1767172078.248238,-2,3,-143
1767172078.258238,-1,3,-139
1767172078.268238,-2,-1,-145
1767172078.278238,1,-3,-141
1767172078.288238,0,-5,-149
1767172078.298238,2,-4,-150
1767172078.3082385,-2,-6,-148
1767172078.3182385,0,-7,-143
1767172078.3282382,0,-3,-146
1767172078.3382382,-1,-4,-151
1767172078.3482382,-2,-3,-150
1767172078.3582382,-5,-2,-146
1767172078.3682382,-3,-6,-146
1767172078.3782382,-4,-4,-147
1767172078.3882382,0,-3,-148
1767172078.3982382,0,-7,-149
1767172078.4082382,3,-8,-148
1767172078.4182382,5,-6,-148
1767172078.4282382,0,-4,-149
1767172078.438238,0,-3,-154
1767172078.448238,2,-6,-150
1767172078.458238,5,-6,-150
1767172078.468238,4,-5,-146
1767172078.478238,6,-9,-136
1767172078.488238,-1,-4,-138
1767172078.498238,-2,2,-141
1767172078.508238,0,4,-136
1767172078.518238,0,5,-138
1767172078.528238,-3,6,-143
1767172078.5392382,-6,0,-143
1767172078.548238,-9,-2,-146
1767172078.5582385,-11,-1,-144
1767172078.5682385,-10,1,-141
1767172078.5782382,-11,2,-137
1767172078.5882382,-11,3,-142
1767172078.5982382,-11,4,-143
1767172078.6082382,-6,0,-147
1767172078.6182382,-8,0,-139
1767172078.6282382,-7,0,-139
1767172078.6382382,0,0,-137
1767172078.6482382,-2,-4,-136
1767172078.6582382,-2,-3,-139
1767172078.6682382,2,-1,-143
1767172078.6782382,4,-1,-149
1767172078.688238,0,-2,-151
1767172078.698238,-7,-1,-149
1767172078.708238,-4,-3,-150
1767172078.718238,-2,0,-153
1767172078.728238,0,3,-151
1767172078.738238,1,6,-147
1767172078.748238,1,1,-151
1767172078.758238,0,0,-144
1767172078.768238,-1,-1,-139
1767172078.778238,-1,-1,-146
1767172078.788238,4,-1,-147
1767172078.798238,2,-1,-156
1767172078.8082385,4,3,-155
1767172078.8182385,3,0,-138
1767172078.8282382,1,0,-138
1767172078.8382382,4,-1,-140
1767172078.8482382,0,-8,-140
1767172078.8582382,0,-11,-144
1767172078.8682382,-2,-9,-140
1767172078.8782382,4,-9,-145
1767172078.8882382,3,-5,-142
1767172078.8982382,1,-3,-144
1767172078.9082382,0,-3,-145
1767172078.9182382,-1,-4,-145
1767172078.9282382,-2,0,-152
1767172078.938238,-3,-5,-151
1767172078.948238,-3,-2,-143
1767172078.958238,0,-1,-142
1767172078.968238,0,-1,-142
1767172078.978238,-1,0,-142
1767172078.988238,-3,0,-146
1767172078.998238,-4,-4,-143
1767172079.008238,-2,-4,-143
1767172079.018238,0,0,-148
1767172079.028238,0,0,-148
1767172079.038238,0,-2,-140
1767172079.048238,2,-1,-144
1767172079.0582385,-1,-4,-144
1767172079.0682385,0,-5,-152
1767172079.0782382,0,0,-153
1767172079.0882382,-1,-1,-147
1767172079.0982382,-3,-3,-145
1767172079.1082382,-7,-2,-148
1767172079.1182382,-6,0,-149
1767172079.1282382,-3,-3,-149
1767172079.1382382,-3,0,-150
1767172079.1482382,-1,0,-151
1767172079.1582382,3,-2,-151
1767172079.1682382,3,0,-145
1767172079.1782382,-2,0,-140
1767172079.188238,-5,-1,-140
1767172079.198238,-10,-5,-141
1767172079.208238,-5,-5,-141
1767172079.218238,0,-2,-149
1767172079.228238,-3,-4,-152
1767172079.238238,-3,-2,-154
1767172079.248238,-3,1,-160
1767172079.258238,-4,0,-155
1767172079.268238,-6,-1,-157
1767172079.278238,-6,2,-158
1767172079.288238,-1,5,-159
1767172079.298238,1,7,-155
1767172079.3082385,3,4,-151
1767172079.3182385,2,4,-153
1767172079.3282382,6,1,-152
1767172079.3382382,0,0,-151
1767172079.3482382,0,2,-148
1767172079.3582382,1,0,-150
1767172079.3682382,3,-2,-152
1767172079.3782382,3,-1,-151
1767172079.3882382,6,-1,-143
1767172079.3982382,6,-4,-136
1767172079.4082382,0,-5,-139
1767172079.4182382,-3,-4,-138
1767172079.4282382,-2,-4,-135
1767172079.438238,-3,0,-139
1767172079.448238,-5,8,-146
1767172079.458238,-2,5,-151
1767172079.468238,-4,1,-152
1767172079.478238,-5,2,-148
1767172079.488238,-9,2,-153
1767172079.498238,-7,0,-146
1767172079.508238,-4,-2,-141
1767172079.5192382,-5,0,-137
1767172079.5292382,-3,-1,-138
1767172079.5392382,-1,1,-152
1767172079.5492382,-1,-2,-152
1767172079.5592382,-2,-3,-151
1767172079.5692382,-10,-4,-152
1767172079.5792382,-9,-1,-153
1767172079.5892382,-9,0,-154
1767172079.5992382,-9,3,-153
1767172079.609238,-7,3,-154
1767172079.619238,-3,3,-153
1767172079.629238,-2,2,-145
1767172079.639238,-6,2,-153
1767172079.649238,-8,6,-158
1767172079.659238,-5,8,-152
1767172079.669238,-3,5,-150
1767172079.679238,-4,1,-148
1767172079.689238,-2,-2,-146
1767172079.699238,-2,-2,-150
1767172079.709238,-5,-2,-156
1767172079.719238,-9,0,-157
1767172079.7292385,-4,0,-157
1767172079.7392385,-4,2,-151
1767172079.7492385,-3,3,-152
1767172079.7592382,-3,0,-157
1767172079.7692382,-1,4,-155
1767172079.7792382,-2,5,-149
1767172079.7892382,0,8,-148
1767172079.7992382,0,10,-144
1767172079.8092382,-4,7,-147
1767172079.8192382,-4,0,-146
1767172079.8292382,0,-5,-149
1767172079.8392382,-1,-3,-152
1767172079.8492382,-3,-1,-145
1767172079.859238,4,-9,-145
1767172079.869238,4,-10,-146
1767172079.879238,5,-7,-149
1767172079.889238,2,-5,-150
1767172079.899238,2,-2,-147
1767172079.909238,3,1,-149
1767172079.919238,6,1,-149
1767172079.929238,1,0,-145
1767172079.939238,5,2,-144
1767172079.949238,2,0,-141
1767172079.959238,3,0,-142
1767172079.969238,0,0,-141
1767172079.9792385,1,-1,-144
1767172079.9892385,1,-3,-146
1767172079.9992385,-2,-3,-145
1767172080.0092382,-1,-2,-145
1767172080.0192382,0,1,-145
1767172080.0292382,0,0,-145
1767172080.0392382,-2,-4,-145
1767172080.0492382,-2,-3,-136
1767172080.0592382,0,-3,-139
1767172080.0692382,-1,-4,-138
1767172080.0792382,-1,-3,-141
1767172080.0892382,-5,-2,-143
1767172080.0992382,-2,-2,-142
1767172080.109238,0,-3,-144
1767172080.119238,0,-2,-145
1767172080.129238,0,-4,-152
1767172080.139238,3,-5,-158
1767172080.149238,3,-7,-153
1767172080.159238,0,-2,-150
1767172080.169238,-1,0,-158
1767172080.179238,-3,1,-155
1767172080.189238,0,0,-155
1767172080.199238,1,0,-147
1767172080.209238,2,-4,-139
1767172080.219238,1,-5,-137
1767172080.2292385,0,-4,-135
1767172080.2392385,-1,-2,-137
1767172080.2492385,3,-1,-139
1767172080.2592382,-1,0,-135
1767172080.2692382,-5,-1,-136
1767172080.2792382,-3,0,-131
1767172080.2892382,-5,0,-134
1767172080.2992382,-10,0,-137
1767172080.3092382,-11,-3,-138
1767172080.3192382,-4,0,-147
1767172080.3292382,0,1,-147
1767172080.3392382,3,0,-146
1767172080.3492382,0,-3,-149
1767172080.359238,1,-9,-150
1767172080.369238,-1,-3,-147
1767172080.379238,-4,-5,-142
1767172080.389238,-2,-7,-141
1767172080.399238,-3,-7,-140
1767172080.409238,-9,-5,-138
1767172080.419238,-6,-2,-137
1767172080.429238,-6,-1,-135
1767172080.439238,-6,2,-144
1767172080.449238,-1,2,-149
1767172080.459238,-2,0,-149
1767172080.469238,-2,-1,-148
1767172080.4792385,-3,-5,-143
1767172080.4892385,-1,0,-148
1767172080.4992385,-1,0,-158
1767172080.5092382,0,-3,-154
1767172080.5192382,-1,-1,-158
1767172080.5292382,1,1,-157
1767172080.5392382,2,3,-149
1767172080.5492382,4,2,-155
1767172080.5592382,1,2,-151
1767172080.5692382,1,2,-146
1767172080.5792382,2,4,-147
1767172080.5892382,0,4,-153
1767172080.5992382,0,4,-156
1767172080.609238,0,6,-150
1767172080.619238,0,5,-144
1767172080.629238,1,1,-147
1767172080.639238,0,-1,-145
1767172080.649238,-1,-1,-144
1767172080.659238,0,-1,-151
1767172080.669238,5,-1,-146
1767172080.679238,7,-1,-146
1767172080.689238,6,1,-142
1767172080.699238,8,-1,-141
1767172080.709238,6,-2,-143
1767172080.719238,0,-3,-137
1767172080.7292385,-2,-7,-139
1767172080.7392385,-3,-3,-144
1767172080.7492385,-5,-4,-144
1767172080.7592382,-6,-7,-141
1767172080.7692382,-6,-4,-134
1767172080.7792382,-4,-3,-129
1767172080.7892382,-4,-3,-123
1767172080.7992382,-1,-4,-132
1767172080.8092382,-4,-5,-135
1767172080.8192382,-3,-3,-138
1767172080.8292382,1,0,-139
1767172080.8392382,-1,-1,-142
1767172080.8492382,-4,0,-138
1767172080.859238,-3,1,-140
1767172080.869238,0,-4,-138
1767172080.879238,4,-6,-137
1767172080.889238,2,-8,-144
1767172080.899238,7,-7,-146
1767172080.909238,5,-4,-145
1767172080.919238,5,-5,-151
1767172080.929238,1,-7,-153
1767172080.939238,1,-7,-149
1767172080.949238,0,-5,-144
1767172080.959238,-2,-5,-145
1767172080.969238,-2,-6,-145
1767172080.9792385,-3,-7,-148
1767172080.9892385,-1,-3,-152
1767172080.9992385,0,-1,-147
1767172081.0092382,-4,0,-153
1767172081.0192382,-8,-3,-152
1767172081.0292382,-5,-4,-153
1767172081.0392382,-8,-5,-143
1767172081.0492382,-8,-6,-147
1767172081.0592382,-6,-3,-148
1767172081.0692382,-8,-1,-143
1767172081.0792382,-6,0,-134
1767172081.0892382,-6,-2,-136
1767172081.0992382,-5,-1,-135
1767172081.109238,-1,3,-135
1767172081.119238,1,2,-142
1767172081.129238,1,3,-149
1767172081.139238,0,2,-153
1767172081.149238,-2,3,-148
1767172081.159238,-1,0,-149
1767172081.169238,0,-2,-146
1767172081.179238,-5,-2,-146
1767172081.189238,-5,2,-142
1767172081.199238,-2,0,-140
1767172081.209238,1,0,-146
1767172081.219238,1,-1,-148
1767172081.2292385,2,-2,-149
1767172081.2392385,1,-1,-150
1767172081.2492385,5,0,-147
1767172081.2592382,5,3,-145
1767172081.2692382,4,3,-151
1767172081.2792382,-3,2,-148
1767172081.2892382,-6,0,-146
1767172081.2992382,-6,-4,-147
1767172081.3092382,-2,-7,-151
1767172081.3192382,-1,-6,-152
1767172081.3292382,1,-4,-150
1767172081.3392382,1,-3,-153
1767172081.3492382,-3,-3,-150
1767172081.359238,-3,-2,-149
1767172081.369238,-4,-3,-151
1767172081.379238,-10,1,-156
1767172081.389238,-4,3,-148
1767172081.399238,-3,8,-147
1767172081.409238,-1,8,-148
1767172081.419238,0,9,-149
1767172081.429238,-2,6,-151
1767172081.439238,0,6,-148
1767172081.449238,0,10,-140
1767172081.459238,-3,7,-144
1767172081.469238,0,4,-144
1767172081.4792385,0,2,-145
1767172081.4892385,1,1,-149
1767172081.4992385,0,1,-142
1767172081.5092382,-3,0,-137
1767172081.5192382,0,2,-135
1767172081.5292382,0,1,-139
1767172081.5392382,0,0,-142
1767172081.5492382,0,0,-147
1767172081.5592382,0,-3,-146
1767172081.5692382,-2,-4,-145
1767172081.5792382,-3,-3,-148
1767172081.5892382,-1,-1,-150
1767172081.5992382,-1,-3,-144
1767172081.609238,0,-2,-147
1767172081.619238,3,-2,-144
1767172081.629238,4,0,-144
1767172081.639238,2,5,-148
1767172081.649238,0,2,-154
1767172081.659238,1,2,-148
1767172081.669238,0,0,-146
1767172081.679238,0,0,-141
1767172081.689238,1,-3,-137
1767172081.699238,4,-4,-140
1767172081.709238,4,-1,-144
1767172081.719238,6,0,-141
1767172081.7292385,11,-1,-141
1767172081.7392385,16,-3,-148
1767172081.7492385,15,0,-147
1767172081.7592382,15,-2,-146
1767172081.7692382,13,-5,-154
1767172081.7792382,15,-2,-156
1767172081.7892382,10,-2,-152
1767172081.7992382,9,-3,-147
1767172081.8092382,5,0,-159
1767172081.8192382,3,-2,-166
1767172081.8292382,-1,-3,-162
1767172081.8392382,-1,-1,-158
1767172081.8492382,-2,0,-153
1767172081.859238,-2,0,-150
1767172081.869238,1,1,-144
1767172081.879238,2,5,-147
1767172081.889238,5,5,-143
1767172081.899238,6,4,-144
1767172081.909238,3,0,-141
1767172081.919238,3,-7,-154
1767172081.929238,2,-6,-156
1767172081.939238,2,-5,-151
1767172081.949238,4,-5,-153
1767172081.959238,1,-2,-152
1767172081.969238,2,0,-150
1767172081.9792385,-1,0,-153
1767172081.9892385,-1,0,-158
1767172081.9992385,-2,0,-153
1767172082.0092382,0,-2,-154
1767172082.0202382,1,3,-152
1767172082.0292382,1,5,-147
1767172082.0392382,0,7,-147
1767172082.0492382,3,6,-148
1767172082.060238,4,5,-149
1767172082.070238,0,4,-150
1767172082.080238,1,5,-154
1767172082.090238,1,7,-148
1767172082.100238,1,6,-150
1767172082.110238,2,4,-153
1767172082.120238,3,2,-149
1767172082.130238,4,-2,-147
1767172082.140238,6,-3,-146
1767172082.150238,2,0,-146
1767172082.1602385,-2,0,-137
1767172082.1702385,0,0,-136
1767172082.1802382,0,0,-136
1767172082.1902382,3,1,-132
1767172082.2002382,3,0,-134
1767172082.2102382,2,4,-143
1767172082.2202382,4,3,-144
1767172082.2302382,1,4,-144
1767172082.2402382,3,6,-147
1767172082.2502382,0,3,-147
1767172082.2602382,0,0,-143
1767172082.2702382,2,-1,-148
1767172082.2802382,3,5,-150
1767172082.290238,2,3,-143
1767172082.300238,-1,-2,-147
1767172082.310238,-2,-5,-150
1767172082.320238,0,-2,-150
1767172082.330238,-2,-3,-149
1767172082.340238,-2,2,-149
1767172082.350238,-2,0,-153
1767172082.360238,-1,1,-156
1767172082.370238,-4,-1,-165
1767172082.380238,-2,0,-165
1767172082.390238,-6,-3,-161
1767172082.400238,-5,-2,-163
1767172082.4102385,-3,3,-162
1767172082.4202385,-1,1,-152
1767172082.4302382,-1,1,-149
1767172082.4402382,0,-1,-151
1767172082.4502382,2,1,-145
1767172082.4602382,2,0,-144
1767172082.4702382,6,1,-148
1767172082.4802382,2,-3,-143
1767172082.4902382,-2,-3,-151
1767172082.5002382,-1,-3,-154
1767172082.5102382,-2,-1,-148
1767172082.5202382,0,0,-145
1767172082.5302382,2,0,-149
1767172082.540238,0,1,-150
1767172082.550238,-5,-4,-160
1767172082.560238,0,-3,-151
1767172082.5822382,7,-1,-150
1767172082.590238,6,0,-140
1767172082.600238,1,1,-141
1767172082.610238,1,2,-144
1767172082.620238,0,-1,-148
1767172082.630238,0,0,-148
1767172082.640238,-6,-4,-147
1767172082.650238,-6,-9,-153
1767172082.6602385,-5,-9,-153
1767172082.6702385,-2,-8,-150
1767172082.6802382,0,-4,-149
1767172082.6902382,1,-3,-146
1767172082.7002382,3,-4,-143
1767172082.7102382,4,-5,-140
1767172082.7202382,2,-3,-139
1767172082.7302382,2,0,-134
1767172082.7402382,4,0,-131
1767172082.7502382,5,0,-130
1767172082.7602382,7,-2,-130
1767172082.7702382,1,-1,-135
1767172082.7802382,0,-1,-143
1767172082.790238,-2,0,-144
1767172082.800238,1,3,-141
1767172082.810238,5,3,-141
1767172082.820238,9,7,-142
1767172082.830238,14,8,-141
1767172082.840238,11,7,-142
1767172082.850238,9,6,-144
1767172082.860238,11,4,-148
1767172082.870238,7,5,-149
1767172082.880238,9,2,-149
1767172082.890238,7,0,-154
1767172082.900238,8,3,-150
1767172082.9102385,6,2,-150
1767172082.9202385,1,0,-150
1767172082.9302382,0,-1,-139
1767172082.9402382,2,2,-136
1767172082.9502382,4,2,-137
1767172082.9602382,-1,0,-142
1767172082.9702382,-5,-4,-140
1767172082.9802382,-5,-4,-142
1767172082.9902382,-7,-1,-150
1767172083.0002382,-5,-1,-156
1767172083.0102382,-4,-1,-154
1767172083.0202382,0,0,-145
1767172083.0302382,1,1,-142
1767172083.040238,2,3,-136
1767172083.050238,1,3,-134
1767172083.060238,-1,0,-133
1767172083.070238,-3,2,-138
1767172083.080238,-6,9,-143
1767172083.090238,-6,8,-132
1767172083.100238,-1,2,-124
1767172083.110238,-2,2,-123
1767172083.120238,-3,1,-133
1767172083.130238,-2,1,-136
1767172083.140238,0,0,-141
1767172083.150238,2,-1,-147
1767172083.1602385,0,-1,-140
1767172083.1702385,-3,-2,-143
1767172083.1802382,-4,-2,-146
1767172083.1902382,-3,-1,-145
1767172083.2002382,-6,0,-137
1767172083.2102382,-2,-4,-142
1767172083.2202382,-1,-4,-139
1767172083.2302382,-3,-6,-136
1767172083.2402382,0,-4,-132
1767172083.2502382,2,-1,-135
1767172083.2602382,4,0,-138
1767172083.2702382,0,2,-138
1767172083.2802382,0,1,-142
1767172083.290238,0,2,-142
1767172083.300238,-2,0,-148
1767172083.310238,-2,3,-148
1767172083.320238,-1,-4,-146
1767172083.330238,0,-4,-145
1767172083.340238,-2,-4,-142
1767172083.350238,0,-2,-141
1767172083.360238,1,0,-145
1767172083.370238,0,0,-139
1767172083.380238,-1,-1,-132
1767172083.390238,-1,0,-134
1767172083.400238,1,-1,-141
1767172083.4102385,5,-5,-147
1767172083.4202385,6,-1,-151
1767172083.4302382,4,0,-150
1767172083.4402382,1,0,-145
1767172083.4502382,3,1,-152
1767172083.4602382,3,5,-143
1767172083.4702382,5,6,-141
1767172083.4802382,10,3,-146
1767172083.4902382,8,5,-142
1767172083.5002382,10,3,-141
1767172083.5102382,9,0,-147
1767172083.5202382,14,0,-146
1767172083.5302382,6,-1,-140
1767172083.540238,5,-2,-144
1767172083.550238,3,-2,-147
1767172083.560238,3,-1,-145
1767172083.570238,6,0,-141
1767172083.580238,3,0,-145
1767172083.590238,3,2,-138
1767172083.600238,4,1,-142
1767172083.610238,1,1,-141
1767172083.620238,-2,4,-140
1767172083.630238,-1,1,-138
1767172083.640238,2,2,-140
1767172083.650238,1,-1,-145
1767172083.6602385,-1,-6,-149
1767172083.6702385,-1,-7,-143
1767172083.6802382,0,-3,-144
1767172083.6902382,0,-5,-144
1767172083.7002382,-2,-4,-141
1767172083.7102382,-5,-4,-148
1767172083.7202382,-7,-4,-148
1767172083.7302382,-3,-3,-148
1767172083.7402382,-2,-4,-146
1767172083.7502382,3,-2,-148
1767172083.7602382,7,-1,-151
1767172083.7702382,9,-2,-141
1767172083.7802382,4,3,-142
1767172083.790238,2,0,-147
1767172083.800238,2,-2,-146
1767172083.810238,3,-5,-146
1767172083.820238,4,-6,-147
1767172083.830238,7,-4,-149
1767172083.840238,4,-2,-149
1767172083.850238,2,-1,-144
1767172083.860238,6,-1,-144
1767172083.870238,8,-1,-137
1767172083.880238,10,0,-141
1767172083.890238,5,-1,-132
1767172083.900238,6,-5,-131
1767172083.9102385,8,-3,-135
1767172083.9202385,8,-1,-133
1767172083.9302382,12,1,-137
1767172083.9402382,15,-2,-143
1767172083.9502382,14,-4,-138
1767172083.9602382,12,-4,-140
1767172083.9702382,10,-4,-142
1767172083.9802382,11,-5,-148
1767172083.9902382,8,-6,-150
1767172084.0002382,6,-6,-141
1767172084.0102382,2,-5,-137
1767172084.0202382,4,-2,-141
1767172084.0302382,2,0,-142
1767172084.040238,-1,0,-139
1767172084.050238,1,0,-151
1767172084.060238,0,0,-152
1767172084.070238,0,0,-149
1767172084.080238,-1,0,-149
1767172084.090238,0,-1,-151
1767172084.100238,1,0,-145
1767172084.110238,-3,0,-145
1767172084.120238,-3,4,-147
1767172084.130238,-6,3,-145
1767172084.140238,-4,2,-152
1767172084.150238,-3,3,-148
1767172084.1602385,-1,0,-154
1767172084.1702385,-6,-1,-157
1767172084.1802382,-7,-2,-149
1767172084.1902382,-7,0,-152
1767172084.2002382,-5,0,-147
1767172084.2102382,-4,-1,-144
1767172084.2202382,-4,-1,-149
1767172084.2302382,-4,-4,-143
1767172084.2402382,-4,-4,-148
1767172084.2502382,-6,-4,-154
1767172084.2602382,-8,-1,-149
1767172084.2702382,-9,-3,-142
1767172084.2802382,-5,0,-144
1767172084.290238,-1,1,-143
1767172084.300238,-3,2,-144
1767172084.310238,0,3,-139
1767172084.320238,1,3,-142
1767172084.330238,2,3,-142
1767172084.340238,2,3,-147
1767172084.350238,3,3,-150
1767172084.360238,3,2,-147
1767172084.370238,-1,0,-149
1767172084.380238,0,0,-146
1767172084.390238,0,0,-150
1767172084.400238,2,3,-153
1767172084.4102385,-2,0,-157
1767172084.4202385,0,1,-151
1767172084.4302382,-1,5,-145
1767172084.4402382,2,3,-149
1767172084.4502382,2,4,-153
1767172084.4602382,-1,5,-151
1767172084.4702382,1,3,-146
1767172084.4802382,-1,3,-144
1767172084.4902382,-3,4,-141
1767172084.5002382,0,7,-139
1767172084.5102382,0,5,-138
1767172084.5202382,-3,5,-136
1767172084.5302382,0,7,-138
1767172084.540238,3,6,-143
1767172084.550238,2,4,-145
1767172084.560238,2,0,-146
1767172084.570238,3,-2,-146
1767172084.580238,6,-6,-143
1767172084.5912385,4,-6,-145
1767172084.600238,3,-3,-147
1767172084.610238,4,-5,-160
1767172084.6212382,5,-5,-153
1767172084.6312382,5,0,-152
1767172084.6412382,8,-1,-148
1767172084.6512382,9,0,-145
1767172084.6612382,5,4,-137
1767172084.6712382,4,3,-132
1767172084.6812382,4,2,-137
1767172084.6912382,1,3,-141
1767172084.7012382,-2,7,-147
1767172084.711238,-3,8,-144
1767172084.721238,-4,11,-144
1767172084.731238,-3,8,-141
1767172084.741238,-1,10,-159
1767172084.751238,1,10,-162
1767172084.761238,0,8,-158
1767172084.771238,1,9,-151
1767172084.781238,3,9,-151
1767172084.791238,5,2,-154
1767172084.801238,-2,0,-149
1767172084.811238,-4,-6,-147
1767172084.821238,-3,-2,-144
1767172084.8312385,1,-5,-150
1767172084.8412385,2,-4,-150
1767172084.8512385,5,-8,-148
1767172084.8612382,7,-6,-148
1767172084.8712382,5,-6,-142
1767172084.8812382,-1,-5,-140
1767172084.8912382,-4,-3,-141
1767172084.9012382,-3,-3,-148
1767172084.9112382,0,0,-149
1767172084.9212382,2,-2,-148
1767172084.9312382,2,0,-146
1767172084.9412382,2,-2,-141
1767172084.9512382,2,0,-138
1767172084.961238,1,-1,-135
1767172084.971238,1,-2,-143
1767172084.981238,-1,-1,-145
1767172084.991238,-2,0,-139
1767172085.001238,0,0,-138
1767172085.011238,0,3,-146
1767172085.021238,2,2,-149
1767172085.031238,0,2,-153
1767172085.041238,2,2,-148
1767172085.051238,-3,0,-140
1767172085.061238,-5,0,-139
1767172085.071238,-6,1,-144
1767172085.0812385,-5,0,-145
1767172085.0912385,-6,0,-151
1767172085.1012385,-5,4,-149
1767172085.1112382,-5,5,-146
1767172085.1212382,-2,5,-142
1767172085.1312382,-3,7,-141
1767172085.1412382,-1,11,-138
1767172085.1512382,2,9,-135
1767172085.1612382,4,8,-133
1767172085.1712382,7,6,-127
1767172085.1812382,3,5,-126
1767172085.1912382,0,4,-133
1767172085.2012382,-1,4,-141
1767172085.211238,0,0,-150
1767172085.221238,0,-2,-151
1767172085.231238,-4,-2,-150
1767172085.241238,-4,-5,-152
1767172085.251238,-1,-6,-145
1767172085.261238,-2,-5,-144
1767172085.271238,3,-3,-137
1767172085.281238,6,-4,-140
1767172085.291238,7,-3,-145
1767172085.301238,6,-2,-148
1767172085.311238,2,-5,-148
1767172085.321238,5,-4,-149
1767172085.3312385,2,-1,-156
1767172085.3412385,4,0,-159
1767172085.3512385,5,0,-153
1767172085.3612382,6,2,-145
1767172085.3712382,7,-1,-145
1767172085.3812382,8,-1,-134
1767172085.3912382,5,2,-137
1767172085.4012382,3,-2,-139
1767172085.4112382,5,-5,-140
1767172085.4212382,3,-1,-137
1767172085.4312382,3,1,-140
1767172085.4412382,3,0,-142
1767172085.4512382,4,2,-146
1767172085.461238,6,1,-145
1767172085.471238,11,1,-141
1767172085.481238,6,0,-147
1767172085.491238,0,0,-148
1767172085.501238,-3,2,-150
1767172085.511238,-4,2,-153
1767172085.521238,-3,1,-160
1767172085.531238,1,0,-156
1767172085.541238,0,-3,-156
1767172085.551238,0,-4,-160
1767172085.561238,-1,-1,-161
1767172085.571238,-1,2,-148
1767172085.5812385,0,2,-149
1767172085.5912385,0,1,-155
1767172085.6012385,0,0,-149
1767172085.6112382,0,0,-150
1767172085.6212382,-1,3,-152
1767172085.6312382,-1,3,-149
1767172085.6412382,-2,0,-140
1767172085.6512382,0,-1,-141
1767172085.6612382,0,-5,-141
1767172085.6712382,-1,-2,-146
1767172085.6812382,0,-1,-147
1767172085.6912382,1,-3,-150
1767172085.7012382,3,-2,-149
1767172085.711238,0,-1,-147
1767172085.721238,1,-6,-145
1767172085.731238,-1,-1,-140
1767172085.741238,-4,0,-142
1767172085.751238,-4,4,-145
1767172085.761238,-4,5,-143
1767172085.771238,0,3,-135
1767172085.781238,-1,0,-129
1767172085.791238,-2,-2,-135
1767172085.801238,-4,-1,-132
1767172085.811238,-4,-4,-137
1767172085.821238,-3,-5,-138
1767172085.8312385,-3,-2,-141
1767172085.8412385,-1,3,-142
1767172085.8512385,0,6,-143
1767172085.8612382,-2,8,-147
1767172085.8712382,0,8,-146
1767172085.8812382,3,5,-150
1767172085.8912382,0,0,-147
1767172085.9012382,2,1,-145
1767172085.912238,2,2,-148
1767172085.9212382,-4,3,-141
1767172085.9312382,-2,3,-144
1767172085.9412382,-4,5,-152
1767172085.9512382,-4,2,-151
1767172085.961238,-8,-1,-145
1767172085.971238,-10,-1,-144
1767172085.981238,-11,0,-138
1767172085.991238,-8,0,-138
1767172086.001238,-4,0,-141
1767172086.011238,-6,0,-144
1767172086.021238,-8,-2,-142
1767172086.031238,-7,1,-143
1767172086.041238,-5,0,-142
1767172086.051238,-5,-3,-142
1767172086.061238,-3,-4,-145
1767172086.071238,-4,-6,-147
1767172086.0812385,-6,-4,-149
1767172086.0912385,0,-4,-143
1767172086.1012385,0,-4,-141
1767172086.1112382,-6,0,-140
1767172086.1212382,-7,0,-141
1767172086.1312382,-8,3,-139
1767172086.1412382,-13,3,-135
1767172086.1512382,-7,0,-139
1767172086.1612382,-7,-3,-139
1767172086.1712382,-7,0,-145
1767172086.1812382,-5,0,-148
1767172086.1912382,-3,0,-146
1767172086.2012382,3,2,-144
1767172086.211238,0,6,-148
1767172086.221238,-1,5,-152
1767172086.231238,-1,4,-149
1767172086.241238,1,3,-151
1767172086.251238,1,4,-157
1767172086.261238,1,6,-159
1767172086.271238,0,8,-162
1767172086.281238,-4,9,-161
1767172086.291238,0,6,-161
1767172086.301238,-1,6,-158
1767172086.311238,0,2,-155
1767172086.321238,4,5,-155
1767172086.3312385,7,5,-142
1767172086.3412385,4,1,-140
1767172086.3512385,7,0,-141
1767172086.3612382,4,-4,-149
1767172086.3712382,2,-4,-150
1767172086.3812382,5,-4,-145
1767172086.3912382,4,-3,-143
1767172086.4012382,4,-6,-140
1767172086.4112382,0,-11,-140
1767172086.4212382,-1,-6,-139
1767172086.4312382,-6,-3,-139
1767172086.4412382,-8,0,-144
1767172086.4512382,-9,-4,-145
1767172086.461238,-5,-1,-147
1767172086.471238,-4,-2,-146
1767172086.481238,-4,-4,-140
1767172086.491238,4,-1,-140
1767172086.501238,0,0,-141
1767172086.511238,0,2,-146
1767172086.521238,-1,0,-149
1767172086.531238,-2,2,-154
1767172086.541238,0,3,-150
1767172086.551238,1,2,-143
1767172086.561238,7,1,-135
1767172086.571238,4,-2,-134
1767172086.5812385,2,-4,-135
1767172086.5912385,6,-2,-138
1767172086.6012385,3,-2,-144
1767172086.6112382,0,-8,-145
1767172086.6212382,-3,-6,-148
1767172086.6312382,-5,-5,-152
1767172086.6412382,-5,-2,-155
1767172086.6512382,-3,-3,-149
1767172086.6612382,-2,0,-150
1767172086.6712382,-5,-4,-153
1767172086.6812382,-4,-7,-153
1767172086.6912382,-3,-8,-152
1767172086.7012382,-4,-3,-151
1767172086.711238,-2,-3,-149
1767172086.721238,1,-2,-148
1767172086.731238,3,-4,-148
1767172086.741238,2,-7,-147
1767172086.751238,1,-5,-148
1767172086.761238,3,-4,-147
1767172086.771238,2,0,-148
1767172086.781238,0,1,-149
1767172086.791238,1,4,-146
1767172086.801238,-2,0,-151
1767172086.811238,0,1,-148
1767172086.821238,1,-1,-144
1767172086.8312385,4,-2,-149
1767172086.8412385,4,-4,-150
1767172086.8512385,1,0,-153
1767172086.8612382,-4,0,-151
1767172086.8712382,-3,0,-155
1767172086.8812382,-2,-2,-151
1767172086.8912382,-2,-4,-144
1767172086.9012382,-2,-4,-139
1767172086.9112382,-3,-5,-138
1767172086.9212382,-8,1,-134
1767172086.9312382,-7,0,-137
1767172086.9412382,-6,-1,-145
1767172086.9512382,-3,-6,-142
1767172086.961238,-1,-4,-144
1767172086.971238,3,-2,-144
1767172086.981238,6,0,-139
1767172086.991238,5,-1,-137
1767172087.001238,7,1,-143
1767172087.011238,7,-1,-137
1767172087.021238,5,-1,-133
1767172087.031238,6,-2,-135
1767172087.041238,2,0,-137
1767172087.051238,3,1,-140
1767172087.061238,3,0,-138
1767172087.071238,4,-1,-142
1767172087.0812385,2,0,-140
1767172087.0922382,2,0,-135
1767172087.1022382,-1,-1,-137
1767172087.1112382,-4,-3,-139
1767172087.1212382,-3,-6,-136
1767172087.1312382,0,-4,-134
1767172087.142238,0,-2,-137
1767172087.152238,-1,0,-142
1767172087.162238,1,-1,-144
1767172087.172238,-1,1,-143
1767172087.182238,0,-1,-145
1767172087.192238,1,-5,-143
1767172087.202238,3,-6,-138
1767172087.212238,5,-4,-139
1767172087.222238,0,0,-141
1767172087.232238,-2,-3,-147
1767172087.242238,0,-1,-143
1767172087.252238,0,0,-140
1767172087.2622385,0,2,-147
1767172087.2722385,-2,3,-146
1767172087.2822382,-2,2,-142
1767172087.2922382,2,2,-142
1767172087.3022382,4,2,-150
1767172087.3122382,3,4,-148
1767172087.3222382,0,5,-150
1767172087.3322382,-4,2,-152
1767172087.3422382,-3,0,-155
1767172087.3522382,-6,2,-154
1767172087.3622382,-7,1,-148
1767172087.3722382,-4,-1,-152
1767172087.382238,-6,-1,-150
1767172087.392238,-6,-4,-140
1767172087.402238,-3,-2,-135
1767172087.412238,-2,2,-141
1767172087.422238,0,1,-142
1767172087.432238,3,-1,-149
1767172087.442238,6,0,-154
1767172087.452238,6,1,-148
1767172087.462238,3,0,-152
1767172087.472238,0,-2,-148
1767172087.482238,0,-1,-149
1767172087.492238,6,0,-152
1767172087.502238,3,1,-151
1767172087.5122385,4,2,-151
1767172087.5222385,0,1,-148
1767172087.5322382,0,7,-149
1767172087.5422382,0,6,-145
1767172087.5522382,2,3,-142
1767172087.5622382,2,4,-140
1767172087.5722382,0,2,-138
1767172087.593238,0,-1,-137
1767172087.6022382,-4,-1,-138
1767172087.6122382,-2,1,-138
1767172087.6222382,-4,1,-144
1767172087.632238,-2,0,-149
1767172087.642238,-2,-4,-148
1767172087.652238,0,-9,-135
1767172087.662238,-1,-7,-134
1767172087.672238,-1,-8,-135
1767172087.682238,-2,-8,-133
1767172087.692238,-4,-7,-134
1767172087.702238,-6,-1,-140
1767172087.712238,-6,1,-141
1767172087.722238,-3,2,-148
1767172087.732238,-2,0,-150
1767172087.742238,-5,1,-150
1767172087.752238,-1,2,-149
1767172087.7622385,0,1,-146
1767172087.7722385,-3,1,-143
1767172087.7822382,-4,0,-146
1767172087.7922382,-1,0,-143
1767172087.8022382,0,2,-143
1767172087.8122382,0,3,-144
1767172087.8222382,2,2,-138
1767172087.8322382,1,-1,-144
1767172087.8422382,3,-7,-145
1767172087.8522382,2,-6,-146
1767172087.8622382,0,-10,-142
1767172087.8722382,-1,-6,-142
1767172087.882238,-7,-4,-140
1767172087.892238,-8,-2,-141
1767172087.902238,-6,-2,-138
1767172087.912238,-9,0,-140
1767172087.922238,-5,0,-142
1767172087.932238,-6,-1,-146
1767172087.942238,-3,-2,-155
1767172087.952238,-2,-2,-153
1767172087.962238,-4,-5,-153
1767172087.972238,-3,-6,-146
1767172087.982238,0,-4,-143
1767172087.992238,0,-2,-140
1767172088.002238,0,-5,-144
1767172088.0122385,3,-4,-144
1767172088.0222385,4,-4,-137
1767172088.0322382,6,-8,-138
1767172088.0422382,5,-6,-137
1767172088.0522382,6,-7,-141
1767172088.0622382,6,-12,-146
1767172088.0722382,6,-13,-144
1767172088.0822382,5,-12,-139
1767172088.0922382,3,-10,-137
1767172088.1022382,8,-8,-143
1767172088.1122382,6,-4,-143
1767172088.1222382,6,-2,-141
1767172088.132238,2,-2,-136
1767172088.142238,0,0,-143
1767172088.152238,1,0,-145
1767172088.162238,0,-3,-147
1767172088.172238,2,-1,-145
1767172088.182238,2,-3,-145
1767172088.192238,4,-2,-145
1767172088.202238,2,-1,-148
1767172088.212238,2,0,-149
1767172088.222238,0,1,-143
1767172088.232238,-3,-1,-135
1767172088.242238,-2,0,-137
1767172088.252238,0,5,-136
1767172088.2622385,-7,3,-138
1767172088.2722385,-2,0,-145
1767172088.2822382,-4,-2,-145
1767172088.2922382,-3,-2,-147
1767172088.3022382,-4,-2,-141
1767172088.3122382,-8,-1,-134
1767172088.3222382,-7,0,-132
1767172088.3322382,-6,-4,-134
1767172088.3422382,-6,-7,-140
1767172088.3522382,-4,-6,-141
1767172088.3622382,-1,-2,-137
1767172088.3722382,1,-1,-140
1767172088.382238,5,-7,-147
1767172088.392238,6,-6,-146
1767172088.402238,3,-3,-149
1767172088.412238,7,-2,-151
1767172088.422238,6,-2,-158
1767172088.432238,0,-3,-158
1767172088.442238,-5,-3,-153
1767172088.452238,-3,-2,-153
1767172088.462238,-3,-3,-141
1767172088.472238,1,1,-143
1767172088.482238,6,1,-139
1767172088.492238,3,0,-140
1767172088.502238,0,-1,-136
1767172088.5122385,-1,1,-137
1767172088.5222385,-2,3,-146
1767172088.5322382,-6,4,-145
1767172088.5422382,-10,1,-141
1767172088.5522382,-7,1,-139
1767172088.5622382,-4,0,-143
1767172088.5722382,-1,1,-148
1767172088.5822382,-1,4,-149
1767172088.5922382,3,1,-150
1767172088.6022382,4,-1,-151
1767172088.6122382,5,-3,-147
1767172088.6222382,4,-2,-147
1767172088.632238,5,0,-152
1767172088.642238,0,-2,-153
1767172088.652238,0,-3,-144
1767172088.662238,-5,-5,-137
1767172088.672238,-8,-7,-136
1767172088.682238,-8,-3,-134
1767172088.692238,-9,-1,-135
1767172088.702238,-11,1,-133
1767172088.712238,-10,0,-130
1767172088.722238,-9,3,-132
1767172088.732238,-4,0,-133
1767172088.742238,0,-1,-136
1767172088.752238,-4,0,-133
1767172088.7622385,-4,0,-134
1767172088.7722385,-4,1,-134
1767172088.7822382,-2,1,-138
1767172088.7922382,-3,0,-138
1767172088.8022382,-2,1,-142
1767172088.8122382,-3,4,-144
1767172088.8222382,-4,1,-144
1767172088.8322382,-4,0,-145
1767172088.8422382,-6,0,-146
1767172088.8522382,3,2,-144
1767172088.8622382,5,3,-144
1767172088.8722382,1,6,-140
1767172088.882238,0,7,-135
1767172088.892238,-2,10,-138
1767172088.902238,0,9,-144
1767172088.912238,-5,6,-144
1767172088.922238,-3,2,-141
1767172088.932238,1,0,-146
1767172088.942238,2,3,-149
1767172088.952238,3,2,-151
1767172088.962238,2,0,-141
1767172088.972238,-3,-4,-144
1767172088.982238,-2,-4,-148
1767172088.992238,1,-1,-158
1767172089.002238,0,1,-162
1767172089.0122385,-2,-4,-160
1767172089.0222385,0,-2,-159
1767172089.0322382,-3,-4,-155
1767172089.0422382,-3,-5,-149
1767172089.0522382,0,-4,-146
1767172089.0622382,2,2,-145
1767172089.0722382,0,4,-149
1767172089.0822382,-3,2,-152
1767172089.0922382,-1,0,-143
1767172089.1022382,-1,-3,-142
1767172089.1122382,-4,-1,-141
1767172089.1222382,-2,6,-143
1767172089.132238,1,2,-138
1767172089.142238,-2,5,-140
1767172089.152238,0,3,-142
1767172089.162238,-1,1,-141
1767172089.172238,-4,-1,-142
1767172089.182238,3,-1,-143
1767172089.192238,6,0,-144
1767172089.202238,5,-3,-140
1767172089.212238,3,-3,-141
1767172089.222238,3,0,-144
1767172089.232238,1,3,-148
1767172089.242238,7,4,-144
1767172089.252238,4,2,-147
1767172089.2622385,3,2,-145
1767172089.2722385,1,2,-147
1767172089.2822382,2,1,-144
1767172089.2922382,0,-1,-142
1767172089.3022382,-2,-1,-141
1767172089.3122382,1,-1,-142
1767172089.3222382,3,-1,-140
1767172089.3322382,1,-4,-141
1767172089.3422382,0,-3,-143
1767172089.3522382,2,-2,-136
1767172089.3622382,6,-1,-137
1767172089.3722382,1,1,-135
1767172089.382238,-3,0,-137
1767172089.392238,-2,-2,-135
1767172089.402238,-3,0,-129
1767172089.412238,-6,5,-133
1767172089.422238,-4,6,-128
1767172089.432238,0,4,-129
1767172089.442238,-1,2,-136
1767172089.452238,-3,1,-137
1767172089.462238,-2,-1,-143
1767172089.472238,-1,-4,-146
1767172089.482238,-5,-5,-153
1767172089.492238,-2,-5,-152
1767172089.502238,0,-6,-148
1767172089.5122385,-3,-11,-148
1767172089.5222385,-1,-6,-156
1767172089.5322382,-1,-4,-157
1767172089.5422382,-1,-5,-156
1767172089.5522382,3,-1,-157
1767172089.5622382,1,0,-152
1767172089.5722382,-2,0,-148
1767172089.5822382,-4,-4,-145
1767172089.5922382,-5,0,-144
1767172089.6022382,-4,-1,-152
1767172089.6122382,-1,-2,-145
1767172089.623238,2,0,-147
1767172089.633238,4,0,-146
1767172089.643238,3,0,-140
1767172089.652238,5,0,-135
1767172089.663238,4,1,-145
1767172089.673238,6,2,-145
1767172089.6832385,2,2,-150
1767172089.6932385,0,6,-147
1767172089.7032382,0,2,-148
1767172089.7132382,0,-2,-146
1767172089.7232382,-1,-4,-143
1767172089.7332382,-2,-3,-140
1767172089.7432382,0,-2,-142
1767172089.7532382,-1,-4,-142
1767172089.7632382,0,-7,-141
1767172089.7732382,2,-8,-139
1767172089.7832382,7,-7,-138
1767172089.7932382,4,-8,-143
1767172089.8032382,2,-7,-145
1767172089.813238,0,-12,-145
1767172089.823238,3,-11,-138
1767172089.833238,2,-8,-141
1767172089.843238,0,-3,-139
1767172089.853238,-2,-2,-141
1767172089.863238,-2,-3,-144
1767172089.873238,-6,0,-141
1767172089.883238,-6,5,-141
1767172089.893238,-3,3,-141
1767172089.903238,-3,4,-144
1767172089.913238,-3,3,-143
1767172089.923238,0,0,-141
1767172089.9332385,2,-2,-145
1767172089.9432385,5,-2,-143
1767172089.9532382,5,-3,-145
1767172089.9632382,0,-2,-145
1767172089.9732382,0,-1,-144
1767172089.9832382,-1,2,-145
1767172089.9932382,0,0,-144
1767172090.0032382,0,-1,-140
1767172090.0132382,-2,0,-140
1767172090.0232382,-7,2,-141
1767172090.0332382,-2,0,-140
1767172090.0432382,-5,1,-138
1767172090.0532382,-6,-3,-141
1767172090.063238,-6,-5,-145
1767172090.073238,-2,-5,-149
1767172090.083238,0,1,-151
1767172090.093238,-1,5,-153
1767172090.103238,-5,2,-150
1767172090.113238,-5,2,-145
1767172090.123238,-7,0,-144
1767172090.133238,-10,-1,-139
1767172090.143238,-8,-1,-136
1767172090.153238,-4,0,-135
1767172090.163238,-6,0,-136
1767172090.173238,-5,-2,-141
1767172090.1832385,-7,0,-144
1767172090.1932385,-4,0,-147
1767172090.2032382,-1,0,-145
1767172090.2132382,0,-2,-143
1767172090.2232382,1,-7,-142
1767172090.2332382,-3,-9,-144
1767172090.2432382,-7,-6,-142
1767172090.2532382,-5,-3,-137
1767172090.2632382,0,-1,-143
1767172090.2732382,2,0,-141
1767172090.2832382,5,1,-149
1767172090.2932382,2,1,-149
1767172090.3032382,3,0,-145
1767172090.313238,0,0,-144
1767172090.323238,0,1,-150
1767172090.333238,2,1,-149
1767172090.343238,5,0,-153
1767172090.353238,3,1,-155
1767172090.363238,0,4,-152
1767172090.373238,1,4,-151
1767172090.383238,3,0,-151
1767172090.393238,2,0,-149
1767172090.403238,2,-3,-153
1767172090.413238,-1,-4,-153
1767172090.423238,-2,-3,-146
1767172090.4332385,0,-2,-143
1767172090.4432385,2,0,-141
1767172090.4532382,0,0,-140
1767172090.4632382,0,0,-135
1767172090.4732382,1,-3,-130
1767172090.4832382,0,2,-137
1767172090.4932382,4,0,-139
1767172090.5032382,2,-1,-142
1767172090.5132382,4,0,-140
1767172090.5232382,2,0,-140
1767172090.5332382,4,-5,-144
1767172090.5432382,1,-1,-145
1767172090.5532382,0,-3,-140
1767172090.563238,2,0,-142
1767172090.573238,0,0,-147
1767172090.583238,4,-2,-147
1767172090.593238,-3,-2,-151
1767172090.603238,-4,-3,-155
1767172090.613238,-5,-5,-147
1767172090.623238,-7,-8,-152
1767172090.633238,-2,-6,-147
1767172090.643238,-4,-3,-146
1767172090.653238,-4,-2,-146
1767172090.663238,-5,-7,-143
1767172090.673238,-5,-7,-149
1767172090.6832385,-6,-10,-145
1767172090.6932385,-6,-8,-145
1767172090.7032382,-8,-6,-138
1767172090.7132382,-3,-5,-139
1767172090.7232382,-1,-5,-133
1767172090.7332382,-3,-1,-136
1767172090.7432382,1,1,-142
1767172090.7532382,4,1,-141
1767172090.7632382,2,-2,-140
1767172090.7732382,0,-1,-142
1767172090.7832382,-3,-1,-137
1767172090.7932382,0,-5,-141
1767172090.8032382,0,-6,-148
1767172090.813238,4,-9,-144
1767172090.823238,5,-6,-140
1767172090.833238,2,-6,-140
1767172090.843238,2,-8,-133
1767172090.853238,-1,-11,-132
1767172090.863238,0,-11,-128
1767172090.873238,-1,-8,-132
1767172090.883238,-4,-7,-138
1767172090.893238,-4,-7,-145
1767172090.903238,-4,-3,-144
1767172090.913238,-6,0,-149
1767172090.923238,1,-3,-151
1767172090.9332385,5,-5,-158
1767172090.9432385,2,-9,-154
1767172090.9532382,0,-8,-149
1767172090.9632382,1,-7,-148
1767172090.9732382,0,-3,-140
1767172090.9832382,0,-1,-147
1767172090.9932382,0,2,-158
1767172091.0032382,0,0,-155
1767172091.0132382,0,1,-148
1767172091.0232382,0,2,-140
1767172091.0332382,5,4,-141
1767172091.0432382,6,5,-143
1767172091.0532382,5,2,-148
1767172091.063238,6,-3,-151
1767172091.073238,5,-2,-153
1767172091.083238,1,-1,-151
1767172091.093238,2,0,-153
1767172091.103238,5,-1,-152
1767172091.113238,3,1,-154
1767172091.123238,4,-1,-151
1767172091.133238,0,-3,-146
1767172091.143238,0,-7,-144
1767172091.153238,2,-6,-149
1767172091.163238,3,-5,-150
1767172091.173238,1,0,-149
1767172091.1832385,4,1,-150
1767172091.1932385,-1,-2,-145
1767172091.2032382,-5,-5,-145
1767172091.2132382,-5,-9,-147
1767172091.2232382,-1,-9,-140
1767172091.2332382,-1,-7,-143
1767172091.2432382,-1,-8,-141
1767172091.2532382,-2,-1,-142
1767172091.2632382,0,-1,-146
1767172091.2732382,0,3,-143
1767172091.2832382,0,0,-147
1767172091.2932382,-1,0,-147
1767172091.3032382,0,0,-151
1767172091.313238,1,-3,-152
1767172091.323238,0,-4,-157
1767172091.333238,1,-4,-160
1767172091.343238,3,-2,-160
1767172091.353238,-2,-2,-154
1767172091.363238,-3,-2,-151
1767172091.373238,-2,0,-150
1767172091.383238,0,3,-155
1767172091.393238,3,1,-152
1767172091.403238,0,0,-156
1767172091.413238,0,0,-152
1767172091.423238,0,-4,-154
1767172091.4332385,0,-2,-150
1767172091.4432385,4,1,-147
1767172091.4532382,4,-1,-144
1767172091.4632382,7,-2,-147
1767172091.4732382,10,2,-144
1767172091.4832382,6,-1,-144
1767172091.4932382,4,-2,-144
1767172091.5032382,2,-4,-145
1767172091.5132382,-2,-9,-141
1767172091.5232382,-3,-8,-140
1767172091.5332382,-6,-3,-137
1767172091.5432382,-3,-4,-137
1767172091.5532382,-2,-5,-136
1767172091.563238,2,-4,-136
1767172091.573238,2,-7,-139
1767172091.583238,5,-8,-136
1767172091.593238,3,-8,-139
1767172091.603238,3,-11,-146
1767172091.613238,6,-7,-141
1767172091.623238,4,-3,-141
1767172091.633238,0,-7,-141
1767172091.643238,-4,-7,-142
1767172091.653238,0,-4,-139
1767172091.663238,-3,-5,-144
1767172091.673238,-3,-5,-147
1767172091.6832385,-1,-3,-149
1767172091.6932385,-2,0,-154
1767172091.7032382,-2,0,-158
1767172091.7132382,-4,-1,-156
1767172091.7232382,1,-3,-152
1767172091.7332382,4,-4,-148
1767172091.7432382,7,-3,-147
1767172091.7532382,7,-7,-146
1767172091.7632382,5,-4,-145
1767172091.7732382,2,-6,-140
1767172091.7832382,2,-9,-137
1767172091.7932382,4,-6,-136
1767172091.8032382,5,-9,-131
1767172091.813238,4,-10,-138
1767172091.823238,-3,-8,-145
1767172091.833238,-5,-7,-144
1767172091.843238,-6,-4,-151
1767172091.853238,-6,-2,-154
1767172091.863238,-3,0,-150
1767172091.873238,0,0,-143
1767172091.883238,0,-6,-148
1767172091.893238,1,-10,-145
1767172091.903238,2,-9,-142
1767172091.913238,6,-7,-140
1767172091.923238,2,-7,-144
1767172091.9332385,1,-8,-137
1767172091.9432385,4,-7,-138
1767172091.9532382,4,-4,-136
1767172091.9632382,3,0,-140
1767172091.9732382,3,1,-145
1767172091.9832382,5,0,-148
1767172091.9932382,5,0,-137
1767172092.0032382,7,0,-133
1767172092.0132382,5,4,-135
1767172092.0232382,0,10,-137
1767172092.0332382,-4,14,-143
1767172092.0432382,-5,10,-142
1767172092.0532382,-7,4,-143
1767172092.063238,-10,4,-149
1767172092.073238,-9,1,-145
1767172092.083238,-7,2,-143
1767172092.093238,-7,1,-146
1767172092.103238,-4,-1,-143
1767172092.113238,1,-6,-141
1767172092.123238,0,-9,-142
1767172092.133238,1,-10,-144
1767172092.143238,-3,-10,-146
1767172092.153238,-3,-7,-140
1767172092.1642382,-2,-4,-140
1767172092.173238,-3,-2,-150
1767172092.1842382,-5,-1,-151
1767172092.1942382,-6,-4,-148
1767172092.2042382,-5,-6,-149
1767172092.2142382,-2,-7,-144
1767172092.2242382,-2,-4,-141
1767172092.234238,-6,-4,-141
1767172092.244238,-7,-6,-136
1767172092.254238,-4,-4,-135
1767172092.264238,-2,-2,-138
1767172092.274238,-3,-1,-134
1767172092.284238,-3,0,-132
1767172092.294238,-4,1,-131
1767172092.304238,-3,0,-135
1767172092.314238,-2,0,-137
1767172092.324238,-7,-1,-140
1767172092.334238,-7,0,-142
1767172092.344238,-9,-4,-142
1767172092.3542385,-6,-5,-141
1767172092.3642385,-6,-5,-147
1767172092.3742385,-1,-8,-158
1767172092.3842382,-4,-7,-164
1767172092.3942382,-1,-4,-159
1767172092.4042382,1,-4,-152
1767172092.4142382,0,-2,-148
1767172092.4242382,2,-4,-150
1767172092.4342382,0,-3,-150
1767172092.4442382,-3,-6,-149
1767172092.4542382,-7,-7,-147
1767172092.4642382,-2,-4,-149
1767172092.4742382,-2,-3,-144
1767172092.484238,-2,-2,-146
1767172092.494238,-4,0,-149
1767172092.504238,-5,2,-146
1767172092.514238,-4,1,-145
1767172092.524238,-5,3,-144
1767172092.534238,-7,5,-141
1767172092.544238,-1,6,-144
1767172092.554238,-2,3,-141
1767172092.564238,-10,3,-144
1767172092.574238,-11,2,-145
1767172092.584238,-9,2,-148
1767172092.6052382,-4,0,-146
1767172092.6142385,1,0,-140
1767172092.6242385,1,-2,-138
1767172092.6342382,0,-2,-143
1767172092.6442382,0,1,-148
1767172092.6542382,-1,0,-142
1767172092.6642382,0,2,-145
1767172092.6742382,1,3,-141
1767172092.6842382,0,2,-146
1767172092.6942382,-1,1,-143
1767172092.7042382,1,0,-150
1767172092.7142382,5,0,-152
1767172092.7242382,10,-1,-149
1767172092.734238,3,0,-150
1767172092.744238,0,4,-152
1767172092.754238,5,3,-146
1767172092.764238,3,4,-148
1767172092.774238,4,3,-153
1767172092.784238,2,5,-146
1767172092.794238,7,4,-145
1767172092.804238,6,3,-146
1767172092.814238,2,3,-145
1767172092.824238,3,0,-141
1767172092.834238,4,-1,-138
1767172092.844238,2,0,-141
1767172092.8542385,5,-3,-141
1767172092.8642385,0,-3,-143
1767172092.8742385,-3,-2,-145
1767172092.8842382,-5,-2,-148
1767172092.8942382,-5,0,-149
1767172092.9042382,-6,4,-152
1767172092.9142382,-9,0,-147
1767172092.9242382,-3,1,-145
1767172092.9342382,0,3,-148
1767172092.9442382,4,3,-148
1767172092.9542382,0,2,-146
1767172092.9642382,3,0,-146
1767172092.9742382,-1,-2,-141
1767172092.984238,-1,-7,-139
1767172092.994238,-4,-4,-141
1767172093.004238,0,-2,-142
1767172093.014238,-2,-5,-134
1767172093.024238,-2,-6,-143
1767172093.034238,-1,-5,-143
1767172093.044238,-4,-4,-144
1767172093.054238,-7,-5,-149
1767172093.064238,-6,-7,-150
1767172093.074238,-7,-5,-149
1767172093.084238,-7,-5,-149
1767172093.094238,-7,-5,-148
1767172093.1042385,-12,-3,-147
1767172093.1142385,-10,-3,-153
1767172093.1242385,-3,-2,-160
1767172093.1342382,0,0,-160
1767172093.1442382,0,0,-157
1767172093.1542382,0,-3,-153
1767172093.1642382,0,-1,-146
1767172093.1742382,2,1,-144
1767172093.1842382,0,0,-142
1767172093.1942382,-1,-3,-135
1767172093.2042382,-1,-5,-137
1767172093.2142382,0,-5,-144
1767172093.2242382,0,-4,-139
1767172093.234238,0,-4,-138
1767172093.244238,-1,-1,-140
1767172093.254238,3,-3,-141
1767172093.264238,4,-4,-136
1767172093.274238,3,-6,-135
1767172093.284238,2,-3,-138
1767172093.294238,4,-1,-143
1767172093.304238,5,-2,-143
1767172093.314238,1,-2,-136
1767172093.324238,0,2,-136
1767172093.334238,-2,2,-137
1767172093.344238,0,3,-141
1767172093.3542385,-1,0,-135
1767172093.3642385,3,-2,-139
1767172093.3742385,3,-2,-147
1767172093.3842382,3,-1,-145
1767172093.3942382,1,-2,-143
1767172093.4042382,-3,0,-146
1767172093.4142382,-5,4,-150
1767172093.4242382,-5,2,-147
1767172093.4342382,-5,3,-146
1767172093.4442382,-4,3,-150
1767172093.4542382,-4,2,-140
1767172093.4642382,-7,2,-142
1767172093.4742382,-10,3,-138
1767172093.484238,-8,2,-139
1767172093.494238,-3,0,-137
1767172093.504238,-2,0,-131
1767172093.514238,-6,0,-139
1767172093.524238,-9,0,-140
1767172093.534238,-9,1,-138
1767172093.544238,-2,-1,-139
1767172093.554238,-3,-1,-138
1767172093.564238,2,-3,-137
1767172093.574238,0,-3,-141
1767172093.584238,2,0,-145
1767172093.594238,-1,-1,-147
1767172093.6042385,-1,0,-149
1767172093.6142385,0,3,-149
1767172093.6242385,-3,5,-151
1767172093.6342382,-6,4,-148
1767172093.6442382,-6,2,-140
1767172093.6542382,-2,0,-139
1767172093.6642382,2,-2,-139
1767172093.6742382,-1,-3,-138
1767172093.6842382,-4,-6,-139
1767172093.6942382,-4,-3,-145
1767172093.7042382,-5,-4,-148
1767172093.7142382,-1,-2,-146
1767172093.7242382,0,0,-144
1767172093.734238,2,-1,-143
1767172093.744238,3,-1,-147
1767172093.754238,2,-2,-143
1767172093.764238,6,0,-136
1767172093.774238,4,-2,-130
1767172093.784238,0,-6,-131
1767172093.794238,-1,-7,-133
1767172093.804238,0,-10,-140
1767172093.814238,0,-8,-140
1767172093.824238,-3,-9,-139
1767172093.834238,-7,-4,-153
1767172093.844238,-5,-8,-156
1767172093.8542385,-4,-8,-153
1767172093.8642385,0,-11,-153
1767172093.8742385,-2,-11,-146
1767172093.8842382,-3,-10,-148
1767172093.8942382,-5,-9,-145
1767172093.9042382,-9,-8,-144
1767172093.9142382,-5,-4,-145
1767172093.9242382,-8,-1,-146
1767172093.9342382,-4,0,-143
1767172093.9442382,0,0,-141
1767172093.9542382,0,0,-148
1767172093.9642382,-2,0,-149
1767172093.9742382,-2,0,-151
1767172093.984238,0,-1,-149
1767172093.994238,-2,-2,-147
1767172094.004238,-4,0,-149
1767172094.014238,-3,2,-152
1767172094.024238,-1,0,-147
1767172094.034238,-2,-2,-146
1767172094.044238,0,-2,-145
1767172094.054238,-4,-3,-148
1767172094.064238,-1,1,-143
1767172094.074238,7,0,-148
1767172094.084238,13,3,-153
1767172094.094238,6,2,-156
1767172094.1042385,8,-1,-153
1767172094.1142385,7,-3,-151
1767172094.1242385,3,-7,-148
1767172094.1342382,-2,-5,-146
1767172094.1442382,-1,-3,-149
1767172094.1542382,-3,3,-145
1767172094.1642382,-2,2,-149
1767172094.1742382,-1,4,-147
1767172094.1842382,1,5,-144
1767172094.1942382,5,0,-136
1767172094.2042382,3,-9,-132
1767172094.2142382,4,-8,-138
1767172094.2242382,5,-6,-148
1767172094.234238,4,-8,-147
1767172094.244238,-4,-7,-149
1767172094.254238,-3,-5,-149
1767172094.264238,-5,-4,-152
1767172094.274238,-3,-9,-151
1767172094.284238,0,-10,-152
1767172094.294238,2,-6,-155
1767172094.304238,3,0,-152
1767172094.314238,5,1,-141
1767172094.324238,7,0,-140
1767172094.334238,5,-5,-142
1767172094.344238,7,-3,-144
1767172094.3542385,10,0,-149
1767172094.3642385,13,2,-153
1767172094.3742385,11,1,-149
1767172094.3842382,9,-1,-144
1767172094.3942382,8,-3,-142
1767172094.4042382,9,-6,-146
1767172094.4142382,3,-5,-143
1767172094.4242382,1,-3,-141
1767172094.4342382,5,-2,-143
1767172094.4442382,11,-6,-141
1767172094.4542382,7,-7,-141
1767172094.4642382,4,-11,-142
1767172094.4742382,5,-12,-147
1767172094.484238,3,-12,-151
1767172094.494238,0,-7,-150
1767172094.504238,0,0,-151
1767172094.514238,1,0,-154
1767172094.524238,1,2,-148
1767172094.534238,0,3,-150
1767172094.544238,-5,1,-147
1767172094.554238,-3,-1,-145
1767172094.564238,-4,0,-142
1767172094.574238,-3,-1,-139
1767172094.584238,0,-5,-137
1767172094.594238,-1,-7,-139
1767172094.6042385,-4,-5,-134
1767172094.6142385,-1,-5,-131
1767172094.6242385,2,-6,-135
1767172094.6342382,1,-11,-137
1767172094.6442382,-4,-7,-141
1767172094.6542382,0,-1,-143
1767172094.6642382,0,0,-145
1767172094.6742382,0,-6,-150
1767172094.6842382,-4,-1,-148
1767172094.6942382,-4,3,-150
1767172094.705238,-7,0,-142
1767172094.715238,-6,-2,-152
1767172094.7242382,0,-3,-151
1767172094.735238,0,-5,-154
1767172094.745238,-4,-7,-147
1767172094.755238,-2,-4,-141
1767172094.765238,-2,-1,-138
1767172094.775238,-1,1,-144
1767172094.7852385,0,0,-143
1767172094.7952385,0,0,-144
1767172094.8052382,-3,0,-143
1767172094.8152382,-3,0,-146
1767172094.8252382,-5,1,-153
1767172094.8352382,-4,0,-154
1767172094.8452382,-4,-4,-147
1767172094.8552382,-3,-6,-139
1767172094.8652382,-2,-6,-141
1767172094.8752382,0,-2,-140
1767172094.8852382,-1,-7,-144
1767172094.8952382,-1,-4,-144
1767172094.9052382,4,-2,-137
1767172094.915238,3,-4,-137
1767172094.925238,2,-7,-137
1767172094.935238,1,-3,-138
1767172094.945238,-1,-1,-133
1767172094.955238,0,0,-141
1767172094.965238,3,-1,-145
1767172094.975238,0,0,-141
1767172094.985238,-2,1,-143
1767172094.995238,-2,5,-145
1767172095.005238,-3,1,-150
1767172095.015238,-1,-2,-150
1767172095.0262382,0,-5,-148
1767172095.0352385,0,-3,-145
1767172095.0452385,1,-4,-137
1767172095.0552382,6,-4,-142
1767172095.0652382,2,-7,-137
1767172095.0752382,9,-10,-138
1767172095.0852382,8,-12,-139
1767172095.0952382,11,-8,-139
1767172095.1052382,10,-12,-140
1767172095.1152382,8,-11,-138
1767172095.1252382,2,-7,-139
1767172095.1352382,0,-3,-139
1767172095.1452382,-1,-3,-137
1767172095.1552382,-4,-1,-132
1767172095.165238,-2,-3,-127
1767172095.175238,-1,-1,-133
1767172095.185238,-4,0,-132
1767172095.195238,-3,0,-127
1767172095.205238,-8,3,-124
1767172095.215238,-2,2,-123
1767172095.225238,1,3,-130
1767172095.235238,1,5,-131
1767172095.245238,1,2,-130
1767172095.255238,1,0,-130
1767172095.265238,0,-1,-136
1767172095.275238,1,-4,-140
1767172095.2852385,3,0,-140
1767172095.2952385,4,0,-141
1767172095.3052382,3,-1,-138
1767172095.3152382,0,0,-140
1767172095.3252382,-2,-1,-138
1767172095.3352382,-4,0,-134
1767172095.3452382,-4,1,-131
1767172095.3552382,-5,0,-129
1767172095.3652382,-8,-1,-127
1767172095.3752382,-14,-1,-128
1767172095.3852382,-10,1,-134
1767172095.3952382,-10,1,-146
1767172095.4052382,-4,3,-156
1767172095.415238,-1,5,-153
1767172095.425238,-5,1,-148
1767172095.435238,2,4,-146
1767172095.445238,2,2,-149
1767172095.455238,0,0,-145
1767172095.465238,2,0,-139
1767172095.475238,0,1,-139
1767172095.485238,2,-3,-136
1767172095.495238,-3,-1,-141
1767172095.505238,-2,0,-145
1767172095.515238,-2,1,-148
1767172095.525238,-6,1,-147
1767172095.5352385,-2,-1,-148
1767172095.5452385,3,0,-142
1767172095.5552382,5,-3,-139
1767172095.5652382,6,0,-139
1767172095.5752382,10,-2,-137
1767172095.5852382,9,-1,-138
1767172095.5952382,8,0,-132
1767172095.6052382,5,0,-137
1767172095.6152382,1,-1,-139
1767172095.6252382,-1,0,-138
1767172095.6352382,-5,0,-146
1767172095.6452382,-3,0,-148
1767172095.6552382,-2,1,-150
1767172095.665238,1,2,-152
1767172095.675238,-3,-1,-153
1767172095.685238,-1,-2,-146
1767172095.695238,0,-5,-146
1767172095.705238,4,-3,-143
1767172095.715238,4,-6,-146
1767172095.725238,-3,-7,-149
1767172095.735238,-2,-6,-153
1767172095.745238,-2,-5,-148
1767172095.755238,-1,-3,-147
1767172095.765238,-1,-1,-151
1767172095.775238,-3,-2,-150
1767172095.7852385,0,0,-149
1767172095.7952385,2,2,-142
1767172095.8052382,0,3,-147
1767172095.8152382,2,3,-146
1767172095.8252382,4,0,-141
1767172095.8352382,6,-1,-140
1767172095.8452382,2,-2,-138
1767172095.8552382,-1,-2,-140
1767172095.8652382,-5,-6,-141
1767172095.8752382,-3,-9,-143
1767172095.8852382,-1,-8,-137
1767172095.8952382,0,-6,-134
1767172095.9052382,0,-6,-137
1767172095.915238,-3,-4,-143
1767172095.925238,-1,-6,-142
1767172095.935238,1,-7,-142
1767172095.945238,2,-4,-145
1767172095.955238,0,2,-138
1767172095.965238,2,1,-142
1767172095.975238,3,4,-139
1767172095.985238,2,0,-135
1767172095.995238,3,2,-135
1767172096.005238,3,1,-135
1767172096.015238,5,2,-143
1767172096.025238,1,1,-149
1767172096.0352385,0,0,-152
1767172096.0452385,0,4,-151
1767172096.0552382,-4,9,-147
1767172096.0652382,-6,6,-143
1767172096.0752382,-6,6,-142
1767172096.0852382,-3,4,-142
1767172096.0952382,-2,2,-143
1767172096.1052382,1,1,-139
1767172096.1152382,3,1,-137
1767172096.1252382,3,0,-140
1767172096.1352382,6,-1,-142
1767172096.1452382,5,0,-139
1767172096.1552382,3,-2,-145
1767172096.165238,4,-2,-146
1767172096.175238,0,-2,-147
1767172096.185238,-2,-1,-148
1767172096.195238,-4,-2,-145
1767172096.205238,-7,-1,-150
1767172096.215238,-9,0,-149
1767172096.225238,-8,-2,-143
1767172096.235238,-7,0,-131
1767172096.245238,-7,-3,-134
1767172096.255238,-7,-1,-139
1767172096.265238,-2,-1,-137
1767172096.275238,-1,-3,-133
1767172096.2852385,0,-3,-132
1767172096.2952385,-4,-3,-137
1767172096.3052382,-4,0,-139
1767172096.3152382,0,0,-143
1767172096.3252382,0,0,-141
1767172096.3352382,0,2,-141
1767172096.3452382,2,3,-145
1767172096.3552382,5,2,-149
1767172096.3652382,6,4,-149
1767172096.3752382,5,6,-148
1767172096.3852382,1,3,-148
1767172096.3952382,1,-3,-149
1767172096.4052382,-1,-4,-154
1767172096.415238,-6,-4,-158
1767172096.425238,-7,-4,-163
1767172096.435238,-5,0,-155
1767172096.445238,-3,0,-153
1767172096.455238,-4,-1,-145
1767172096.465238,-2,-4,-142
1767172096.475238,0,-3,-142
1767172096.485238,1,-2,-141
1767172096.495238,1,-1,-136
1767172096.505238,0,-3,-138
1767172096.515238,2,-6,-141
1767172096.525238,6,-3,-141
1767172096.5352385,0,-5,-139
1767172096.5452385,-3,-5,-143
1767172096.5552382,-6,-6,-148
1767172096.5652382,-10,-5,-141
1767172096.5752382,-10,-3,-147
1767172096.5852382,-4,0,-141
1767172096.5952382,-3,1,-144
1767172096.6052382,-2,0,-146
1767172096.6152382,-6,1,-148
1767172096.6252382,-6,0,-146
1767172096.6352382,1,-1,-146
1767172096.6452382,0,-1,-144
1767172096.6552382,1,-1,-141
1767172096.665238,0,-1,-143
1767172096.675238,1,-2,-139
1767172096.685238,1,-7,-137
1767172096.695238,1,-9,-140
1767172096.705238,4,-7,-141
1767172096.715238,7,-5,-142
1767172096.725238,6,0,-138
1767172096.735238,8,0,-143
1767172096.745238,9,5,-142
1767172096.755238,7,0,-138
1767172096.765238,7,1,-140
1767172096.775238,5,1,-137
1767172096.7852385,0,1,-138
1767172096.7952385,1,-1,-141
1767172096.8052382,0,-1,-142
1767172096.8152382,-2,0,-139
1767172096.8252382,-3,4,-148
1767172096.8352382,-6,3,-151
1767172096.8452382,-7,1,-149
1767172096.8552382,-11,4,-151
1767172096.8652382,-11,2,-157
1767172096.8752382,-2,0,-162
1767172096.8852382,3,2,-152
1767172096.8952382,4,6,-147
1767172096.9052382,-2,6,-149
1767172096.915238,-3,4,-153
1767172096.925238,-2,5,-149
1767172096.935238,1,1,-152
1767172096.945238,3,4,-151
1767172096.955238,3,2,-149
1767172096.965238,0,0,-146
1767172096.975238,0,5,-146
1767172096.985238,-1,4,-148
1767172096.995238,1,-2,-147
1767172097.005238,0,-5,-143
1767172097.015238,0,-2,-145
1767172097.025238,0,-5,-143
1767172097.0352385,-4,-2,-140
1767172097.0452385,-3,-3,-142
1767172097.0552382,-4,-2,-142
1767172097.0652382,-5,1,-139
1767172097.0752382,-2,0,-141
1767172097.0852382,-8,1,-142
1767172097.0952382,-8,3,-143
1767172097.1052382,-9,0,-141
1767172097.1152382,-4,2,-137
1767172097.1252382,-2,3,-137
1767172097.1352382,1,0,-136
1767172097.1452382,1,0,-139
1767172097.1552382,5,1,-143
1767172097.165238,5,0,-140
1767172097.175238,0,-3,-139
1767172097.185238,0,0,-145
1767172097.196238,-1,4,-145
1767172097.205238,1,-1,-142
1767172097.2162385,3,-1,-142
1767172097.2262385,6,-2,-152
1767172097.2362382,4,0,-154
1767172097.245238,3,0,-154
1767172097.2562382,4,0,-152
1767172097.2662382,2,2,-151
1767172097.2762382,-2,0,-153
1767172097.2862382,0,-4,-143
1767172097.2962382,0,-5,-142
1767172097.3062382,0,-4,-142
1767172097.3162382,0,-4,-145
1767172097.3262382,0,0,-151
1767172097.336238,-3,0,-152
1767172097.346238,-3,-3,-148
1767172097.356238,-2,-4,-146
1767172097.366238,-1,-4,-149
1767172097.376238,0,-2,-149
1767172097.386238,2,-3,-145
1767172097.396238,-1,-2,-148
1767172097.406238,2,-2,-152
1767172097.416238,4,0,-142
1767172097.426238,0,0,-136
1767172097.436238,-4,1,-139
1767172097.446238,-6,1,-142
1767172097.4562385,-9,-1,-136
1767172097.4662385,-8,1,-134
1767172097.4762385,-6,6,-142
1767172097.4862382,-3,8,-144
1767172097.4962382,-4,5,-150
1767172097.5062382,-1,1,-146
1767172097.5162382,-3,0,-144
1767172097.5262382,-4,-1,-149
1767172097.5362382,-6,0,-147
1767172097.5462382,-8,1,-142
1767172097.5562382,-5,2,-138
1767172097.5662382,-2,3,-142
1767172097.5762382,1,5,-146
1767172097.586238,1,2,-145
1767172097.596238,1,2,-144
1767172097.617238,3,4,-147
1767172097.626238,2,0,-146
1767172097.636238,4,0,-153
1767172097.646238,6,2,-149
1767172097.656238,10,3,-146
1767172097.666238,9,2,-154
1767172097.676238,9,2,-157
1767172097.686238,7,1,-152
1767172097.696238,4,4,-145
1767172097.7062385,6,3,-144
1767172097.7162385,7,2,-150
1767172097.7262385,6,0,-142
1767172097.7362382,3,2,-145
1767172097.7462382,0,4,-140
1767172097.7562382,-3,1,-138
1767172097.7662382,0,3,-136
1767172097.7762382,0,0,-146
1767172097.7862382,0,1,-141
1767172097.7962382,0,0,-140
1767172097.8062382,-2,1,-137
1767172097.8162382,0,2,-133
1767172097.8262382,1,2,-136
1767172097.836238,3,0,-141
1767172097.846238,6,-1,-145
1767172097.856238,4,1,-146
1767172097.866238,5,1,-140
1767172097.876238,8,4,-142
1767172097.886238,10,1,-149
1767172097.896238,8,-1,-151
1767172097.906238,7,0,-146
1767172097.916238,4,0,-141
1767172097.926238,8,-4,-133
1767172097.936238,4,-3,-134
1767172097.946238,0,-3,-141
1767172097.9562385,0,-1,-146
1767172097.9662385,1,-3,-149
1767172097.9762385,6,-4,-147
1767172097.9862382,3,-3,-145
1767172097.9962382,0,0,-146
1767172098.0062382,1,1,-149
1767172098.0162382,3,-1,-147
1767172098.0262382,1,-1,-153
1767172098.0362382,2,0,-155
1767172098.0462382,0,1,-149
1767172098.0562382,-5,0,-147
1767172098.0662382,-3,0,-142
1767172098.0762382,-2,6,-143
1767172098.086238,-1,7,-145
1767172098.096238,-1,1,-145
1767172098.106238,-4,-2,-147
1767172098.116238,-8,-3,-146
1767172098.126238,-7,-5,-146
1767172098.136238,-10,-5,-144
1767172098.146238,-11,-5,-145
1767172098.156238,-12,-2,-150
1767172098.166238,-6,0,-151
1767172098.176238,-4,-3,-144
1767172098.186238,-8,-4,-138
1767172098.196238,-1,0,-142
1767172098.2062385,-4,0,-141
1767172098.2162385,-5,1,-139
1767172098.2262385,-4,1,-141
1767172098.2362382,-7,2,-145
1767172098.2462382,-3,-3,-138
1767172098.2562382,0,-3,-137
1767172098.2662382,0,-1,-139
1767172098.2762382,-1,-2,-137
1767172098.2862382,-5,-2,-133
1767172098.2962382,0,1,-136
1767172098.3062382,2,4,-136
1767172098.3162382,2,5,-143
1767172098.3262382,0,4,-141
1767172098.336238,0,3,-140
1767172098.346238,0,1,-142
1767172098.356238,-2,0,-140
1767172098.366238,0,4,-141
1767172098.376238,1,1,-134
1767172098.386238,0,3,-133
1767172098.396238,-4,-2,-138
1767172098.406238,-1,-5,-143
1767172098.416238,1,-4,-146
1767172098.426238,5,-3,-145
1767172098.436238,4,-3,-142
1767172098.446238,0,-1,-142
1767172098.4562385,0,1,-135
1767172098.4662385,0,-2,-132
1767172098.4762385,-2,-1,-137
1767172098.4862382,-3,-4,-135
1767172098.4962382,-2,-2,-140
1767172098.5062382,-5,-1,-137
1767172098.5162382,-3,-2,-136
1767172098.5262382,-9,-5,-139
1767172098.5362382,-7,-3,-141
1767172098.5462382,-3,-7,-142
1767172098.5562382,-2,-7,-144
1767172098.5662382,0,-8,-147
1767172098.5762382,0,-2,-146
1767172098.586238,-2,-2,-144
1767172098.596238,0,-3,-140
1767172098.606238,-3,-3,-135
1767172098.616238,-2,-5,-127
1767172098.626238,0,-5,-135
1767172098.636238,-2,-1,-142
1767172098.646238,-5,0,-143
1767172098.656238,-5,0,-144
1767172098.666238,-12,2,-138
1767172098.676238,-7,2,-139
1767172098.686238,-9,1,-139
1767172098.696238,-10,-1,-139
1767172098.7062385,-12,-1,-146
1767172098.7162385,-10,0,-144
1767172098.7262385,-6,0,-143
1767172098.7362382,-7,-3,-149
1767172098.7462382,-7,-2,-143
1767172098.7562382,-7,-2,-134
1767172098.7662382,-5,-6,-135
1767172098.7762382,-4,-6,-133
1767172098.7862382,-10,-6,-134
1767172098.7962382,-10,-2,-135
1767172098.8062382,-4,-2,-133
1767172098.8162382,-10,-4,-140
1767172098.8262382,-13,-6,-142
1767172098.836238,-8,-3,-146
1767172098.846238,-6,-5,-148
1767172098.856238,-5,-11,-151
1767172098.866238,0,-9,-157
1767172098.876238,2,-6,-152
1767172098.886238,2,-2,-145
1767172098.896238,-1,-1,-143
1767172098.906238,-1,-1,-146
1767172098.916238,0,-1,-142
1767172098.926238,0,-1,-141
1767172098.936238,0,2,-146
1767172098.946238,1,3,-148
1767172098.9562385,2,3,-143
1767172098.9662385,0,2,-143
1767172098.9762385,2,1,-145
1767172098.9862382,3,0,-142
1767172098.9962382,4,0,-141
1767172099.0062382,2,-1,-140
1767172099.0162382,0,-1,-138
1767172099.0262382,0,-7,-145
1767172099.0362382,5,-8,-146
1767172099.0462382,5,-5,-143
1767172099.0562382,5,-5,-149
1767172099.0662382,5,-3,-147
1767172099.0762382,5,0,-150
1767172099.086238,4,-2,-148
1767172099.096238,-1,0,-142
1767172099.106238,-4,0,-142
1767172099.116238,-5,-2,-140
1767172099.126238,-6,-3,-139
1767172099.136238,-8,0,-138
1767172099.146238,-4,0,-139
1767172099.156238,-1,-1,-136
1767172099.166238,0,0,-138
1767172099.176238,2,0,-138
1767172099.186238,1,-3,-135
1767172099.196238,0,-2,-138
1767172099.2062385,-1,-2,-136
1767172099.2162385,-4,0,-134
1767172099.2262385,-4,-1,-135
1767172099.2362382,-4,-2,-133
1767172099.2462382,-1,-6,-135
1767172099.2562382,0,-6,-126
1767172099.2662382,1,-8,-131
1767172099.2762382,2,-8,-138
1767172099.2862382,0,-8,-145
1767172099.2962382,-1,-6,-147
1767172099.3062382,-2,-4,-150
1767172099.3162382,-7,-2,-159
1767172099.3262382,-7,-3,-155
1767172099.336238,-5,-2,-148
1767172099.346238,-2,1,-147
1767172099.356238,-2,1,-143
1767172099.366238,1,0,-149
1767172099.376238,1,1,-147
1767172099.386238,1,0,-139
1767172099.396238,0,0,-140
1767172099.406238,1,-1,-141
1767172099.416238,-2,-3,-148
1767172099.426238,-4,-6,-145
1767172099.436238,-4,-5,-139
1767172099.446238,-1,-2,-134
1767172099.4562385,-2,-1,-132
1767172099.4662385,-1,0,-137
1767172099.4762385,-2,0,-135
1767172099.4862382,-1,0,-133
1767172099.4962382,-5,1,-135
1767172099.5062382,-7,1,-141
1767172099.5162382,-5,5,-145
1767172099.5262382,-8,4,-142
1767172099.5362382,-6,3,-142
1767172099.5462382,-5,1,-144
1767172099.5562382,-2,0,-143
1767172099.5662382,-3,2,-140
1767172099.5762382,-5,0,-141
1767172099.586238,-6,-1,-138
1767172099.596238,-7,0,-139
1767172099.606238,-9,0,-140
1767172099.616238,-5,-1,-145
1767172099.626238,-10,-1,-143
1767172099.636238,-9,0,-147
1767172099.646238,-11,4,-147
1767172099.656238,-13,3,-148
1767172099.666238,-6,-2,-144
1767172099.676238,-6,-4,-140
1767172099.686238,-8,-7,-146
1767172099.696238,-6,-9,-153
1767172099.7062385,-7,-7,-157
1767172099.7162385,-1,-8,-155
1767172099.7262385,0,-5,-154
1767172099.7362382,0,-8,-150
1767172099.7462382,1,-6,-149
1767172099.757238,2,-5,-148
1767172099.767238,3,-3,-145
1767172099.777238,1,-3,-146
1767172099.787238,0,0,-149
1767172099.7962382,0,1,-159
1767172099.807238,-2,1,-157
1767172099.817238,-2,2,-154
1767172099.827238,-1,2,-154
1767172099.837238,4,3,-153
1767172099.846238,5,3,-154
1767172099.857238,5,4,-148
1767172099.867238,-1,1,-148
1767172099.877238,0,0,-153
1767172099.8872385,-1,-4,-152
1767172099.8972385,-3,-5,-159
1767172099.9072382,-1,-3,-158
1767172099.9172382,-2,-5,-156
1767172099.9272382,0,-3,-151
1767172099.9372382,-3,0,-146
1767172099.9472382,-2,1,-138
1767172099.9572382,0,1,-139
1767172099.9672382,0,2,-139
1767172099.9772382,-3,0,-147
1767172099.9872382,-3,2,-148
1767172099.9972382,-4,2,-150
1767172100.007238,-3,0,-148
1767172100.017238,0,2,-150
1767172100.027238,-5,1,-149
1767172100.037238,-8,-1,-143
1767172100.047238,-7,-3,-145
1767172100.057238,-8,-2,-144
1767172100.067238,-9,0,-148
1767172100.077238,-6,3,-144
1767172100.087238,-2,-2,-149
1767172100.097238,1,-3,-148
1767172100.107238,5,-1,-144
1767172100.117238,5,-1,-148
1767172100.127238,0,1,-140
1767172100.1372385,-1,4,-141
1767172100.1472385,-3,4,-144
1767172100.1572382,-4,0,-151
1767172100.1672382,-3,0,-153
1767172100.1772382,-1,-1,-153
1767172100.1872382,1,-5,-157
1767172100.1972382,4,-2,-155
1767172100.2072382,5,-4,-153
1767172100.2172382,6,-5,-150
1767172100.2272382,4,-7,-155
1767172100.2372382,0,-6,-153
1767172100.2472382,-2,-4,-150
1767172100.257238,-7,-1,-153
1767172100.267238,-4,0,-150
1767172100.277238,-5,3,-146
1767172100.287238,-4,2,-152
1767172100.297238,-3,1,-152
1767172100.307238,-8,-2,-148
1767172100.317238,-9,-2,-147
1767172100.327238,-8,0,-141
1767172100.337238,-8,-2,-143
1767172100.347238,-4,-4,-146
1767172100.357238,-5,-5,-148
1767172100.367238,-1,-6,-148
1767172100.377238,-1,-6,-150
1767172100.3872385,1,-5,-145
1767172100.3972385,2,0,-149
1767172100.4072382,-1,-1,-147
1767172100.4172382,-4,0,-150
1767172100.4272382,-4,3,-152
1767172100.4372382,-4,0,-147
1767172100.4472382,-1,-4,-145
1767172100.4572382,0,-5,-142
1767172100.4672382,2,-7,-142
1767172100.4772382,2,-6,-141
1767172100.4872382,2,0,-147
1767172100.4972382,1,-1,-147
1767172100.507238,0,-1,-142
1767172100.517238,0,-1,-136
1767172100.527238,4,3,-132
1767172100.537238,2,4,-135
1767172100.547238,3,2,-138
1767172100.557238,7,-1,-138
1767172100.567238,4,-1,-143
1767172100.577238,4,-4,-148
1767172100.587238,1,-4,-150
1767172100.597238,2,-2,-149
1767172100.607238,6,-1,-147
1767172100.617238,8,-2,-144
1767172100.627238,8,-7,-147
1767172100.6372385,11,-5,-149
1767172100.6472385,9,-2,-145
1767172100.6572382,6,-2,-144
1767172100.6672382,2,1,-145
1767172100.6772382,0,0,-148
1767172100.6872382,-1,0,-154
1767172100.6972382,-2,-1,-153
1767172100.7072382,-4,-1,-157
1767172100.7172382,-8,-3,-160
1767172100.7272382,-7,-5,-162
1767172100.7372382,-6,-7,-155
1767172100.7472382,-8,-5,-151
1767172100.757238,-6,-1,-145
1767172100.767238,-9,-2,-151
1767172100.777238,-7,-1,-148
1767172100.787238,-5,2,-146
1767172100.797238,-1,0,-141
1767172100.807238,0,0,-143
1767172100.817238,0,1,-141
1767172100.827238,-2,0,-148
1767172100.837238,3,-2,-147
1767172100.847238,1,1,-151
1767172100.857238,3,2,-154
1767172100.867238,0,3,-156
1767172100.877238,-2,0,-160
1767172100.8872385,-2,-2,-153
1767172100.8972385,-6,5,-144
1767172100.9072382,-6,6,-143
1767172100.9172382,-6,6,-143
1767172100.9272382,-5,3,-148
1767172100.9372382,-4,2,-148
1767172100.9472382,-5,1,-142
1767172100.9572382,-2,2,-143
1767172100.9672382,0,0,-148
1767172100.9772382,0,1,-141
1767172100.9872382,-2,0,-138
1767172100.9972382,0,-5,-135
1767172101.007238,0,-8,-135
1767172101.017238,0,-8,-137
1767172101.027238,3,-7,-139
1767172101.037238,1,-4,-146
1767172101.047238,2,-3,-148
1767172101.057238,0,-2,-146
1767172101.067238,1,-1,-143
1767172101.077238,1,1,-137
1767172101.087238,2,0,-139
1767172101.097238,2,1,-144
1767172101.107238,3,-4,-147
1767172101.117238,5,-3,-139
1767172101.127238,5,0,-138
1767172101.1372385,3,1,-137
1767172101.1472385,0,0,-143
1767172101.1572382,0,0,-140
1767172101.1672382,-2,-1,-148
1767172101.1772382,-2,0,-153
1767172101.1872382,-3,0,-149
1767172101.1972382,-3,-1,-153
1767172101.2072382,-5,-6,-150
1767172101.2172382,-6,-4,-142
1767172101.2272382,-5,-3,-148
1767172101.2372382,-4,0,-151
1767172101.2472382,-5,1,-152
1767172101.257238,-5,-1,-148
1767172101.267238,-5,-1,-147
1767172101.277238,-5,0,-144
1767172101.287238,-6,-4,-145
1767172101.297238,-4,-4,-142
1767172101.307238,0,-6,-140
1767172101.317238,-1,-4,-138
1767172101.327238,-1,-4,-144
1767172101.337238,-4,-3,-144
1767172101.347238,-1,-4,-146
1767172101.357238,-3,-2,-148
1767172101.367238,0,-4,-149
1767172101.377238,3,-2,-144
1767172101.3872385,4,-4,-142
1767172101.3972385,2,-4,-143
1767172101.4072382,1,0,-147
1767172101.4172382,6,0,-146
1767172101.4272382,7,-3,-143
1767172101.4372382,2,-7,-142
1767172101.4472382,0,-8,-142
1767172101.4572382,-5,-10,-138
1767172101.4672382,-4,-8,-136
1767172101.4772382,-4,-5,-140
1767172101.4872382,0,-2,-152
1767172101.4972382,-1,-1,-155
1767172101.507238,0,-3,-157
1767172101.517238,1,-1,-153
1767172101.527238,0,2,-157
1767172101.537238,3,-3,-158
1767172101.547238,3,-3,-159
1767172101.557238,2,-2,-153
1767172101.567238,-1,-1,-145
1767172101.577238,-2,-1,-150
1767172101.587238,-4,1,-148
1767172101.597238,-2,0,-143
1767172101.607238,0,1,-142
1767172101.617238,-3,3,-146
1767172101.627238,-3,4,-156
1767172101.6372385,-3,4,-156
1767172101.6472385,0,4,-152
1767172101.6572382,-1,1,-145
1767172101.6672382,-3,3,-146
1767172101.6772382,-3,1,-141
1767172101.6872382,-2,0,-137
1767172101.6972382,0,0,-133
1767172101.7072382,4,0,-138
1767172101.7172382,3,0,-143
1767172101.7272382,0,1,-145
1767172101.7372382,-2,1,-152
1767172101.7472382,-7,3,-152
1767172101.757238,-10,3,-149
1767172101.767238,-11,4,-152
1767172101.777238,-4,1,-152
1767172101.787238,-3,0,-144
1767172101.797238,3,-3,-141
1767172101.807238,0,-5,-137
1767172101.817238,0,-10,-141
1767172101.827238,-2,-7,-142
1767172101.837238,-2,-4,-143
1767172101.847238,-3,-4,-145
1767172101.857238,-4,-2,-147
1767172101.867238,-3,-1,-155
1767172101.877238,-2,-1,-157
1767172101.8872385,0,0,-151
1767172101.8972385,-3,0,-149
1767172101.9072382,-4,-2,-149
1767172101.9172382,-6,-5,-149
1767172101.9272382,-8,-8,-143
1767172101.9372382,-7,-10,-147
1767172101.9472382,-3,-10,-151
1767172101.9572382,3,-10,-151
1767172101.9672382,1,-2,-150
1767172101.9772382,-1,-1,-146
1767172101.9872382,-2,1,-144
1767172101.9972382,-2,4,-141
1767172102.007238,-3,0,-144
1767172102.017238,-2,0,-146
1767172102.027238,0,0,-147
1767172102.037238,0,0,-149
1767172102.047238,-4,0,-149
1767172102.057238,-5,0,-155
1767172102.067238,0,0,-166
1767172102.077238,1,-1,-158
1767172102.087238,3,-3,-155
1767172102.097238,4,-6,-154
1767172102.107238,5,-4,-150
1767172102.117238,6,-4,-144
1767172102.127238,10,-1,-144
1767172102.1372385,11,1,-143
1767172102.1472385,7,-1,-145
1767172102.1572382,7,0,-136
1767172102.1672382,1,0,-136
1767172102.1772382,-2,2,-140
1767172102.1872382,-3,2,-140
1767172102.1972382,-1,0,-138
1767172102.2072382,-6,0,-140
1767172102.2172382,-7,-4,-142
1767172102.2272382,-5,-2,-141
1767172102.2372382,-2,-1,-148
1767172102.2472382,-1,1,-144
1767172102.257238,-5,-2,-146
1767172102.267238,-7,-4,-146
1767172102.277238,-5,0,-148
1767172102.288238,-3,0,-147
1767172102.298238,-1,0,-153
1767172102.3082385,0,1,-147
1767172102.3182385,0,3,-144
1767172102.3282382,1,2,-147
1767172102.3382382,-2,0,-148
1767172102.3482382,-2,-1,-148
1767172102.3582382,-2,-7,-148
1767172102.3682382,-4,-6,-148
1767172102.3782382,-7,-6,-147
1767172102.3882382,-5,-6,-150
1767172102.399238,0,-3,-149
1767172102.4082382,2,-2,-153
1767172102.4182382,5,-2,-158
1767172102.4282382,2,-2,-155
1767172102.438238,2,1,-143
1767172102.448238,2,0,-137
1767172102.458238,4,0,-135
1767172102.468238,1,1,-142
1767172102.478238,4,0,-142
1767172102.488238,2,1,-148
1767172102.498238,0,1,-150
1767172102.508238,-1,-4,-146
1767172102.518238,-2,0,-150
1767172102.528238,-4,-3,-149
1767172102.538238,-7,0,-146
1767172102.548238,-3,2,-143
1767172102.5582385,-8,1,-141
1767172102.5682385,-4,2,-139
1767172102.5782382,-5,0,-142
1767172102.5882382,-2,1,-135
1767172102.5982382,4,2,-138
1767172102.6082382,0,0,-149
1767172102.629238,0,1,-152
1767172102.6382382,0,1,-146
1767172102.6482382,2,-1,-140
1767172102.6582382,2,0,-141
1767172102.6682382,4,0,-145
1767172102.6782382,2,0,-149
1767172102.688238,4,-6,-144
1767172102.698238,5,-8,-140
1767172102.708238,5,-8,-142
1767172102.718238,0,-9,-144
1767172102.728238,-3,-2,-137
1767172102.738238,-4,-4,-140
1767172102.748238,-6,-5,-150
1767172102.758238,-5,-5,-147
1767172102.768238,-4,0,-144
1767172102.778238,0,5,-146
1767172102.788238,-2,8,-145
1767172102.798238,-5,8,-143
1767172102.8082385,-2,4,-143
1767172102.8182385,0,2,-144
1767172102.8282382,2,3,-150
1767172102.8382382,0,2,-145
1767172102.8482382,1,0,-150
1767172102.8582382,1,-3,-153
1767172102.8682382,0,-1,-145
1767172102.8782382,-2,0,-143
1767172102.8882382,1,-1,-137
1767172102.8982382,-2,-3,-144
1767172102.9082382,-6,-6,-146
1767172102.9182382,-8,-1,-148
1767172102.9282382,-6,-1,-152
1767172102.938238,-7,1,-154
1767172102.948238,-7,0,-151
1767172102.958238,-4,-2,-153
1767172102.968238,-5,-3,-154
1767172102.978238,-5,-5,-150
1767172102.988238,-5,-6,-147
1767172102.998238,-7,-2,-150
1767172103.008238,-9,3,-143
1767172103.018238,-9,2,-138
1767172103.028238,-8,-1,-142
1767172103.038238,-6,-2,-145
1767172103.048238,-4,-5,-150
1767172103.0582385,-3,-2,-152
1767172103.0682385,-6,0,-151
1767172103.0782382,0,-6,-143
1767172103.0882382,3,-3,-138
1767172103.0982382,1,-2,-144
1767172103.1082382,-1,-1,-146
1767172103.1182382,-4,1,-149
1767172103.1282382,-8,0,-144
1767172103.1382382,-3,-1,-151
1767172103.1482382,-3,-2,-158
1767172103.1582382,1,1,-150
1767172103.1682382,2,1,-154
1767172103.1782382,0,2,-150
1767172103.188238,0,0,-148
1767172103.198238,1,0,-154
1767172103.208238,4,-1,-155
1767172103.218238,3,-3,-146
1767172103.228238,2,-4,-143
1767172103.238238,0,0,-141
1767172103.248238,2,0,-140
1767172103.258238,6,-4,-140
1767172103.268238,5,-1,-131
1767172103.278238,-1,-2,-128
1767172103.288238,-3,-5,-134
1767172103.298238,-3,-10,-134
1767172103.3082385,-2,-10,-136
1767172103.3182385,1,-5,-139
1767172103.3282382,1,-3,-136
1767172103.3382382,4,2,-138
1767172103.3482382,5,1,-139
1767172103.3582382,4,-1,-139
1767172103.3682382,7,-2,-135
1767172103.3782382,4,-1,-132
1767172103.3882382,1,0,-133
1767172103.3982382,0,0,-139
1767172103.4082382,-2,3,-144
1767172103.4182382,0,3,-140
1767172103.4282382,0,-3,-133
1767172103.438238,0,-3,-136
1767172103.448238,3,-5,-137
1767172103.458238,0,-3,-139
1767172103.468238,-2,-3,-146
1767172103.478238,0,-3,-146
1767172103.488238,0,-4,-147
1767172103.498238,-5,-2,-150
1767172103.508238,-2,-3,-146
1767172103.518238,1,-4,-138
1767172103.528238,6,-4,-134
1767172103.538238,8,-2,-131
1767172103.548238,8,-6,-129
1767172103.5582385,3,-5,-132
1767172103.5682385,2,-8,-133
1767172103.5782382,5,-12,-134
1767172103.5882382,10,-12,-136
1767172103.5982382,12,-12,-142
1767172103.6082382,9,-11,-143
1767172103.6182382,4,-10,-140
1767172103.6282382,3,-5,-144
1767172103.6382382,0,-4,-153
1767172103.6482382,0,-1,-149
1767172103.6582382,0,4,-148
1767172103.6682382,0,5,-142
1767172103.6782382,5,1,-146
1767172103.688238,1,-1,-147
1767172103.698238,-1,2,-140
1767172103.708238,-2,-2,-143
1767172103.718238,-2,-3,-144
1767172103.728238,-2,-2,-143
1767172103.738238,0,-5,-137
1767172103.748238,-3,1,-144
1767172103.758238,-7,2,-149
1767172103.768238,-8,1,-147
1767172103.778238,-8,0,-143
1767172103.788238,-8,-2,-150
1767172103.798238,-6,-3,-153
1767172103.8082385,-8,-3,-146
1767172103.8182385,-6,0,-144
1767172103.8282382,-5,-1,-135
1767172103.8382382,0,0,-140
1767172103.8482382,3,-3,-140
1767172103.8582382,1,-5,-140
1767172103.8682382,0,-6,-143
1767172103.8782382,0,-3,-141
1767172103.8882382,-4,-5,-141
1767172103.8982382,-5,-3,-145
1767172103.9082382,-4,-6,-147
1767172103.9182382,-6,-3,-142
1767172103.9282382,-5,-3,-136
1767172103.938238,0,-2,-136
1767172103.948238,0,0,-140
1767172103.958238,0,0,-145
1767172103.968238,0,-3,-141
1767172103.978238,0,-5,-138
1767172103.988238,1,-5,-140
1767172103.998238,6,-2,-142
1767172104.008238,0,0,-140
1767172104.018238,-1,0,-144
1767172104.028238,3,1,-149
1767172104.038238,0,2,-148
1767172104.048238,0,-2,-146
1767172104.0582385,1,-2,-148
1767172104.0682385,2,-4,-143
1767172104.0782382,0,-3,-142
1767172104.0882382,1,0,-146
1767172104.0982382,0,0,-145
1767172104.1082382,5,-1,-143
1767172104.1182382,4,-3,-143
1767172104.1282382,7,-3,-143
1767172104.1382382,3,1,-143
1767172104.1482382,-5,0,-146
1767172104.1582382,-3,0,-143
1767172104.1682382,-7,0,-144
1767172104.1782382,-8,-4,-141
1767172104.188238,-5,-3,-143
1767172104.198238,-3,-5,-137
1767172104.208238,-1,0,-133
1767172104.218238,-5,-2,-130
1767172104.228238,-5,-1,-136
1767172104.238238,-5,1,-142
1767172104.248238,-3,1,-138
1767172104.258238,0,1,-138
1767172104.268238,3,1,-139
1767172104.278238,3,0,-135
1767172104.288238,0,0,-139
1767172104.298238,-6,2,-144
1767172104.3082385,-7,-3,-142
1767172104.3182385,-5,-4,-146
1767172104.3282382,0,-5,-149
1767172104.3382382,0,-6,-148
1767172104.3482382,0,-6,-142
1767172104.3582382,0,-4,-144
1767172104.3682382,0,0,-145
1767172104.3782382,2,5,-142
1767172104.3882382,8,8,-138
1767172104.3982382,5,10,-139
1767172104.4082382,1,5,-140
1767172104.4182382,2,0,-141
1767172104.4282382,3,-4,-147
1767172104.438238,5,-3,-142
1767172104.448238,7,-1,-136
1767172104.458238,9,-1,-131
1767172104.468238,12,0,-136
1767172104.478238,9,0,-134
1767172104.488238,6,-1,-133
1767172104.498238,7,-5,-141
1767172104.508238,3,-5,-154
1767172104.518238,4,-4,-161
1767172104.528238,2,0,-158
1767172104.538238,-1,0,-152
1767172104.548238,3,0,-156
1767172104.5582385,4,2,-153
1767172104.5682385,5,4,-153
1767172104.5782382,5,6,-157
1767172104.5882382,6,5,-155
1767172104.5982382,5,3,-153
1767172104.6082382,3,6,-147
1767172104.6182382,0,5,-143
1767172104.6282382,-2,-1,-141
1767172104.6382382,-2,-1,-141
1767172104.6482382,-5,-4,-144
1767172104.6582382,-6,-11,-149
1767172104.6682382,-4,-9,-148
1767172104.6782382,-5,-10,-143
1767172104.688238,-2,-9,-141
1767172104.698238,-3,-10,-148
1767172104.708238,-2,-10,-154
1767172104.718238,0,-10,-152
1767172104.728238,8,-10,-156
1767172104.738238,4,-8,-155
1767172104.748238,2,-8,-152
1767172104.758238,-1,-4,-148
1767172104.768238,-5,-1,-148
1767172104.778238,-4,0,-150
1767172104.788238,-5,0,-157
1767172104.798238,-5,0,-154
1767172104.8092382,-5,-1,-151
1767172104.8182385,-3,-2,-148
1767172104.8292382,-3,0,-149
1767172104.8392382,-4,-2,-147
1767172104.8482382,-4,0,-146
1767172104.859238,-7,-3,-143
1767172104.869238,-9,-3,-148
1767172104.879238,-8,0,-153
1767172104.889238,-8,0,-148
1767172104.899238,-3,2,-147
1767172104.909238,-1,-3,-150
1767172104.919238,-1,-2,-155
1767172104.929238,-5,-2,-156
1767172104.939238,-4,-4,-146
1767172104.949238,1,-2,-148
1767172104.959238,-2,0,-147
1767172104.969238,1,-1,-148
1767172104.9792385,2,0,-148
1767172104.9892385,3,0,-157
1767172104.9992385,2,-5,-161
1767172105.0092382,2,-4,-158
1767172105.0192382,0,-8,-157
1767172105.0292382,-1,-8,-149
1767172105.0392382,-3,-10,-148
1767172105.0492382,1,-6,-146
1767172105.0592382,2,-10,-136
1767172105.0692382,0,-11,-144
1767172105.0792382,-1,-3,-149
1767172105.0892382,3,-3,-146
1767172105.0992382,1,-5,-148
1767172105.109238,1,-2,-148
1767172105.119238,0,-2,-145
1767172105.129238,-1,1,-142
1767172105.139238,-1,5,-143
1767172105.149238,1,9,-141
1767172105.159238,2,8,-140
1767172105.169238,2,7,-137
1767172105.179238,1,3,-134
1767172105.189238,1,0,-132
1767172105.199238,0,-2,-137
1767172105.209238,2,0,-137
1767172105.219238,-1,1,-142
1767172105.2292385,-6,-1,-148
1767172105.2392385,1,0,-143
1767172105.2492385,1,0,-146
1767172105.2592382,0,2,-147
1767172105.2692382,-2,2,-143
1767172105.2792382,-3,-1,-139
1767172105.2892382,-2,-3,-135
1767172105.2992382,0,0,-140
1767172105.3092382,0,-2,-147
1767172105.3192382,-2,1,-143
1767172105.3292382,-3,0,-141
1767172105.3392382,0,3,-143
1767172105.3492382,2,2,-146
1767172105.359238,0,1,-149
1767172105.369238,6,4,-148
1767172105.379238,4,3,-153
1767172105.389238,0,1,-155
1767172105.399238,1,0,-157
1767172105.409238,-2,-1,-154
1767172105.419238,-3,-1,-147
1767172105.429238,-2,-2,-146
1767172105.439238,4,-1,-148
1767172105.449238,2,-2,-143
1767172105.459238,0,-5,-137
1767172105.469238,-1,-2,-142
1767172105.4792385,-3,0,-136
1767172105.4892385,-4,-3,-129
1767172105.4992385,-6,1,-139
1767172105.5092382,-6,0,-137
1767172105.5192382,-1,-2,-139
1767172105.5292382,0,-4,-147
1767172105.5392382,0,-2,-150
1767172105.5492382,0,-4,-149
1767172105.5592382,1,-5,-149
1767172105.5692382,-1,-5,-154
1767172105.5792382,0,-4,-154
1767172105.5892382,-1,-6,-151
1767172105.5992382,0,-9,-152
1767172105.609238,0,-8,-150
1767172105.619238,-3,-3,-152
1767172105.629238,-1,0,-155
1767172105.639238,3,0,-159
1767172105.649238,9,0,-155
1767172105.659238,7,-5,-155
1767172105.669238,6,-4,-156
1767172105.679238,9,-6,-149
1767172105.689238,7,-9,-144
1767172105.699238,7,-7,-144
1767172105.709238,8,-6,-147
1767172105.719238,4,-6,-155
1767172105.7292385,-2,-2,-147
1767172105.7392385,0,-1,-146
1767172105.7492385,-4,-1,-141
1767172105.7592382,-4,-3,-142
1767172105.7692382,-3,-1,-145
1767172105.7792382,-2,-1,-145
1767172105.7892382,0,0,-143
1767172105.7992382,0,3,-135
1767172105.8092382,2,6,-137
1767172105.8192382,6,3,-136
1767172105.8292382,4,3,-137
1767172105.8392382,6,3,-142
1767172105.8492382,4,4,-142
1767172105.859238,2,5,-143
1767172105.869238,0,5,-147
1767172105.879238,-1,8,-143
1767172105.889238,0,4,-142
1767172105.899238,1,0,-145
1767172105.909238,-2,0,-137
1767172105.919238,-1,1,-141
1767172105.929238,-6,0,-148
1767172105.939238,-2,1,-150
1767172105.949238,-5,5,-157
1767172105.959238,-2,1,-160
1767172105.969238,-4,-1,-162
1767172105.9792385,-3,-1,-163
1767172105.9892385,-1,0,-159
1767172105.9992385,0,0,-157
1767172106.0092382,3,-3,-150
1767172106.0192382,5,-5,-151
1767172106.0292382,5,-5,-155
1767172106.0392382,5,-5,-159
1767172106.0492382,1,-4,-152
1767172106.0592382,0,-4,-148
1767172106.0692382,-5,-2,-145
1767172106.0792382,-9,-1,-149
1767172106.0892382,-4,-3,-147
1767172106.0992382,1,0,-142
1767172106.109238,1,0,-140
1767172106.119238,-6,1,-138
1767172106.129238,-5,4,-142
1767172106.139238,-2,0,-138
1767172106.149238,-4,-1,-141
1767172106.159238,-2,-2,-143
1767172106.169238,-1,0,-146
1767172106.179238,-1,0,-150
1767172106.189238,4,0,-149
1767172106.199238,9,-1,-148
1767172106.209238,11,-2,-143
1767172106.219238,7,-2,-148
1767172106.2292385,6,0,-142
1767172106.2392385,6,0,-139
1767172106.2492385,8,0,-137
1767172106.2592382,4,-1,-145
1767172106.2692382,2,-1,-150
1767172106.2792382,0,-3,-147
1767172106.2892382,-4,0,-147
1767172106.2992382,-1,3,-148
1767172106.3092382,-3,5,-147
1767172106.3192382,-7,4,-146
1767172106.3292382,-9,4,-145
1767172106.3392382,-10,2,-146
1767172106.3492382,-10,2,-147
1767172106.359238,-11,1,-148
1767172106.369238,-8,-3,-139
1767172106.379238,-6,0,-140
1767172106.389238,-5,-1,-140
1767172106.399238,1,-1,-146
1767172106.409238,1,-1,-150
1767172106.419238,0,2,-146
1767172106.429238,2,2,-140
1767172106.439238,4,0,-134
1767172106.449238,0,-1,-136
1767172106.459238,0,-4,-142
1767172106.469238,-3,-2,-139
1767172106.4792385,-4,-2,-146
1767172106.4892385,0,0,-149
1767172106.4992385,1,-1,-148
1767172106.5092382,2,-1,-144
1767172106.5192382,1,0,-148
1767172106.5292382,-1,-1,-148
1767172106.5392382,-4,0,-144
1767172106.5492382,-5,-4,-137
1767172106.5592382,-12,-2,-136
1767172106.5692382,-11,0,-136
1767172106.5792382,-10,1,-141
1767172106.5892382,-11,1,-140
1767172106.5992382,-10,0,-139
1767172106.609238,-11,-2,-139
1767172106.619238,-6,0,-139
1767172106.629238,-4,2,-140
1767172106.639238,-4,6,-142
1767172106.649238,-5,1,-146
1767172106.659238,-9,-1,-142
1767172106.669238,-5,-3,-144
1767172106.679238,-6,-1,-145
1767172106.689238,-8,-4,-147
1767172106.7002382,-5,-2,-141
1767172106.709238,0,0,-149
1767172106.719238,0,-1,-153
1767172106.7292385,6,0,-147
1767172106.7392385,4,4,-138
1767172106.7492385,4,-1,-136
1767172106.7592382,3,-2,-140
1767172106.7692382,3,-5,-139
1767172106.7792382,1,-3,-137
1767172106.7892382,-2,-6,-136
1767172106.7992382,-1,-4,-142
1767172106.8092382,0,-4,-149
1767172106.8192382,0,-8,-156
1767172106.8292382,0,-10,-149
1767172106.8392382,-1,-11,-144
1767172106.8492382,-1,-9,-145
1767172106.859238,1,-9,-148
1767172106.869238,0,-4,-151
1767172106.879238,-5,0,-148
1767172106.889238,-6,2,-142
1767172106.899238,-12,1,-145
1767172106.909238,-7,0,-149
1767172106.919238,-7,1,-146
1767172106.929238,-7,0,-142
1767172106.939238,-6,-1,-144
1767172106.949238,-9,-1,-151
1767172106.959238,-10,-1,-149
1767172106.969238,-6,-2,-154
1767172106.9792385,-4,0,-151
1767172106.9892385,-4,-1,-153
1767172106.9992385,0,0,-147
1767172107.0092382,1,1,-146
1767172107.0192382,6,0,-146
1767172107.0292382,9,2,-144
1767172107.0392382,5,5,-145
1767172107.0492382,1,7,-141
1767172107.0592382,4,8,-134
1767172107.0692382,5,4,-135
1767172107.0792382,3,4,-136
1767172107.0892382,1,5,-129
1767172107.0992382,0,2,-128
1767172107.109238,4,2,-132
1767172107.119238,5,0,-135
1767172107.129238,1,1,-140
1767172107.139238,-2,2,-142
1767172107.149238,-3,0,-139
1767172107.159238,0,-1,-141
1767172107.169238,0,1,-139
1767172107.179238,0,-1,-143
1767172107.189238,2,-2,-139
1767172107.199238,3,0,-140
1767172107.209238,1,0,-145
1767172107.219238,3,0,-147
1767172107.2292385,4,-4,-138
1767172107.2392385,7,-2,-140
1767172107.2492385,3,-4,-143
1767172107.2592382,-1,-4,-142
1767172107.2692382,-2,-6,-145
1767172107.2792382,1,-6,-146
1767172107.290238,-1,-3,-148
1767172107.2992382,-3,-1,-143
1767172107.3092382,-3,0,-142
1767172107.3192382,-2,0,-144
1767172107.330238,0,0,-147
1767172107.3392382,-1,-2,-144
1767172107.350238,-6,-5,-145
1767172107.360238,-2,-5,-140
1767172107.370238,-2,-5,-140
1767172107.380238,-3,-8,-143
1767172107.390238,-3,-6,-141
1767172107.400238,-3,-3,-133
1767172107.4102385,-3,-5,-135
1767172107.4202385,1,-4,-137
1767172107.4302382,0,-2,-139
1767172107.4402382,0,2,-141
1767172107.449238,0,6,-138
1767172107.4602382,-2,2,-134
1767172107.4702382,0,1,-136
1767172107.4802382,3,0,-140
1767172107.4902382,5,-4,-138
1767172107.5002382,3,-2,-136
1767172107.5102382,0,-2,-136
1767172107.5202382,0,-2,-138
1767172107.5302382,0,-3,-141
1767172107.540238,-2,-4,-143
1767172107.550238,-3,0,-143
1767172107.560238,-3,-1,-149
1767172107.570238,-1,1,-147
1767172107.580238,-2,0,-149
1767172107.590238,-1,1,-148
1767172107.600238,-3,1,-147
1767172107.610238,-8,2,-145
1767172107.620238,-8,6,-143
1767172107.642238,-10,9,-146
1767172107.650238,-8,7,-143
1767172107.6602385,-7,4,-149
1767172107.6702385,-3,2,-152
1767172107.6802382,-2,1,-146
1767172107.6902382,-2,-1,-151
1767172107.7002382,1,0,-153
1767172107.7102382,0,0,-152
1767172107.7202382,2,-5,-150
1767172107.7302382,1,-7,-154
1767172107.7402382,-3,-2,-150
1767172107.7502382,-5,0,-147
1767172107.7602382,0,2,-147
1767172107.7702382,5,2,-146
1767172107.7802382,5,2,-149
1767172107.790238,4,7,-151
1767172107.800238,1,6,-155
1767172107.810238,-1,2,-151
1767172107.820238,-3,2,-143
1767172107.830238,0,5,-143
1767172107.840238,1,4,-143
1767172107.850238,0,3,-136
1767172107.860238,-6,3,-137
1767172107.870238,-1,4,-141
1767172107.880238,-2,0,-145
1767172107.890238,-3,-1,-146
1767172107.900238,-7,2,-145
1767172107.9102385,-3,0,-142
1767172107.9202385,-4,0,-137
1767172107.9302382,0,-4,-135
1767172107.9402382,-1,-5,-131
1767172107.9502382,-5,-6,-135
1767172107.9602382,-5,-3,-137
1767172107.9702382,-3,-3,-137
1767172107.9802382,-1,0,-132
1767172107.9902382,-6,-2,-137
1767172108.0002382,-6,-2,-143
1767172108.0102382,-8,-2,-147
1767172108.0202382,-9,0,-143
1767172108.0302382,-8,0,-140
1767172108.040238,-7,0,-144
1767172108.050238,-8,0,-152
1767172108.060238,-10,0,-143
1767172108.070238,-6,3,-143
1767172108.080238,-7,4,-146
1767172108.090238,-13,3,-149
1767172108.100238,-12,1,-149
1767172108.110238,-8,3,-145
1767172108.120238,-11,0,-147
1767172108.130238,-6,-3,-143
1767172108.140238,-3,-5,-141
1767172108.150238,-2,-7,-144
1767172108.1602385,-2,-1,-148
1767172108.1702385,-4,-4,-148
1767172108.1802382,-1,0,-149
1767172108.1902382,-2,0,-150
1767172108.2002382,0,1,-150
1767172108.2102382,0,0,-145
1767172108.2202382,1,-5,-140
1767172108.2302382,-3,-6,-134
1767172108.2402382,-3,-4,-130
1767172108.2502382,-4,-4,-132
1767172108.2602382,-7,-5,-133
1767172108.2702382,-5,-12,-141
1767172108.2802382,-7,-11,-147
1767172108.290238,-2,-7,-153
1767172108.300238,-4,-5,-155
1767172108.310238,-5,-6,-150
1767172108.320238,-2,-3,-147
1767172108.330238,-6,0,-150
1767172108.340238,-1,-3,-151
1767172108.350238,1,-2,-146
1767172108.360238,-3,2,-140
1767172108.370238,0,1,-138
1767172108.380238,0,0,-133
1767172108.390238,0,-2,-133
1767172108.400238,1,-2,-138
1767172108.4102385,1,-1,-139
1767172108.4202385,3,3,-147
1767172108.4302382,2,1,-155
1767172108.4402382,1,1,-152
1767172108.4502382,2,1,-149
1767172108.4602382,4,2,-147
1767172108.4702382,5,1,-147
1767172108.4802382,4,2,-150
1767172108.4902382,3,2,-158
1767172108.5002382,0,0,-157
1767172108.5102382,0,-1,-155
1767172108.5202382,3,0,-153
1767172108.5302382,0,3,-153
1767172108.540238,3,0,-153
1767172108.550238,2,0,-152
1767172108.560238,3,1,-150
1767172108.570238,6,-3,-150
1767172108.580238,9,-1,-155
1767172108.590238,6,2,-157
1767172108.600238,4,0,-159
1767172108.610238,3,0,-166
1767172108.620238,-1,-1,-155
1767172108.630238,-3,0,-159
1767172108.640238,-5,0,-156
1767172108.650238,-4,3,-155
1767172108.6602385,-4,5,-148
1767172108.6702385,-6,6,-151
1767172108.6802382,-7,7,-147
1767172108.6902382,-7,4,-146
1767172108.7002382,-5,6,-143
1767172108.7102382,-2,5,-148
1767172108.7202382,-1,4,-142
1767172108.7302382,0,4,-139
1767172108.7402382,0,6,-140
1767172108.7502382,-1,2,-140
1767172108.7602382,3,-3,-141
1767172108.7702382,-1,-3,-143
1767172108.7802382,0,-3,-142
1767172108.790238,0,-3,-141
1767172108.800238,0,-4,-146
1767172108.810238,0,-6,-147
1767172108.820238,-1,-5,-145
1767172108.830238,-2,-8,-149
1767172108.840238,0,-9,-154
1767172108.850238,-2,-8,-150
1767172108.860238,2,-2,-145
1767172108.870238,6,1,-146
1767172108.880238,5,2,-145
1767172108.890238,6,0,-147
1767172108.900238,2,0,-140
1767172108.9102385,3,-1,-141
1767172108.9202385,5,-1,-137
1767172108.9302382,3,-1,-140
1767172108.9402382,5,-2,-138
1767172108.9502382,3,-2,-136
1767172108.9602382,2,-3,-141
1767172108.9702382,4,-2,-147
1767172108.9802382,4,0,-136
1767172108.9902382,-2,2,-139
1767172109.0002382,-2,3,-140
1767172109.0102382,1,2,-138
1767172109.0202382,-2,1,-139
1767172109.0302382,-3,0,-142
1767172109.040238,-9,1,-144
1767172109.050238,-8,3,-135
1767172109.060238,-12,6,-140
1767172109.070238,-5,5,-138
1767172109.080238,-5,0,-142
1767172109.090238,-8,-4,-138
1767172109.100238,-7,-3,-139
1767172109.110238,-10,-2,-132
1767172109.120238,-8,-2,-133
1767172109.130238,-8,2,-133
1767172109.140238,-5,1,-136
1767172109.150238,-5,0,-140
1767172109.1602385,1,-4,-141
1767172109.1702385,-3,2,-143
1767172109.1802382,-3,-1,-139
1767172109.1902382,-5,-3,-146
1767172109.2002382,-5,-3,-146
1767172109.2102382,-5,-2,-144
1767172109.2202382,-7,-1,-142
1767172109.2302382,-5,-6,-137
1767172109.2402382,-4,-9,-141
1767172109.2502382,-4,-5,-148
1767172109.2602382,-5,-2,-145
1767172109.2702382,-9,0,-154
1767172109.2802382,-8,0,-155
1767172109.290238,-9,-2,-157
1767172109.300238,-8,-1,-153
1767172109.310238,-6,-2,-152
1767172109.320238,-4,-6,-151
1767172109.330238,-3,-5,-148
1767172109.340238,-6,-2,-141
1767172109.350238,-3,-2,-140
1767172109.360238,0,-2,-139
1767172109.370238,1,-2,-140
1767172109.380238,-1,-2,-148
1767172109.390238,-3,-4,-148
1767172109.400238,-4,-1,-148
1767172109.4102385,-3,-3,-145
1767172109.4202385,0,-6,-149
1767172109.4302382,4,-4,-148
1767172109.4402382,4,-5,-151
1767172109.4502382,-2,-3,-143
1767172109.4602382,0,-4,-146
1767172109.4702382,-1,-1,-147
1767172109.4802382,-1,-3,-145
1767172109.4902382,0,-1,-142
1767172109.5002382,-1,-2,-138
1767172109.5102382,-2,-2,-136
1767172109.5202382,-2,-1,-144
1767172109.5302382,-5,-4,-143
1767172109.540238,-2,0,-139
1767172109.550238,-1,2,-142
1767172109.560238,-1,0,-144
1767172109.570238,-2,0,-145
1767172109.580238,-4,0,-144
1767172109.590238,-7,0,-147
1767172109.600238,-11,3,-149
1767172109.610238,-7,2,-146
1767172109.620238,-3,0,-148
1767172109.630238,0,-3,-147
1767172109.640238,0,1,-139
1767172109.650238,0,6,-136
1767172109.6602385,4,3,-137
1767172109.6702385,-3,2,-137
1767172109.6802382,0,0,-142
1767172109.6902382,-2,0,-149
1767172109.7002382,-6,1,-157
1767172109.7102382,-7,2,-150
1767172109.7202382,-2,0,-148
1767172109.7302382,-2,-1,-143
1767172109.7402382,-6,-3,-149
1767172109.7502382,-5,0,-149
1767172109.7602382,-1,0,-146
1767172109.7702382,0,-2,-149
1767172109.7802382,-3,1,-148
1767172109.790238,-2,4,-152
1767172109.800238,-4,4,-145
1767172109.810238,-5,0,-139
1767172109.820238,-1,-4,-145
1767172109.8312385,-5,-2,-145
1767172109.840238,-8,-3,-146
1767172109.850238,-7,-4,-146
1767172109.860238,-6,-5,-145
1767172109.8712382,-7,-8,-142
1767172109.8812382,-12,-5,-146
1767172109.8912382,-9,-4,-150
1767172109.9012382,-7,-1,-142
1767172109.9112382,-4,-5,-139
1767172109.9212382,-5,-9,-142
1767172109.9312382,-3,-10,-145
1767172109.9412382,1,-5,-142
1767172109.9512382,2,-3,-135
1767172109.961238,3,-4,-134
1767172109.971238,2,-2,-137
1767172109.981238,3,1,-135
1767172109.991238,4,-2,-139
1767172110.001238,2,-3,-143
1767172110.011238,2,0,-145
1767172110.021238,0,-3,-140
1767172110.031238,-2,0,-142
1767172110.041238,1,-1,-143
1767172110.051238,1,-4,-145
1767172110.061238,0,-5,-147
1767172110.071238,-2,-4,-140
1767172110.0812385,0,0,-138
1767172110.0912385,1,1,-138
1767172110.1012385,0,-1,-138
1767172110.1112382,5,0,-139
1767172110.1212382,4,-1,-137
1767172110.1312382,2,0,-141
1767172110.1412382,2,2,-150
1767172110.1512382,6,3,-144
1767172110.1612382,-1,4,-143
1767172110.1712382,-6,5,-138
1767172110.1812382,-12,4,-138
1767172110.1912382,-11,1,-137
1767172110.2012382,-9,2,-139
1767172110.211238,-5,2,-141
1767172110.221238,-3,3,-136
1767172110.231238,-4,2,-135
1767172110.241238,-6,0,-142
1767172110.251238,-5,-1,-143
1767172110.261238,-3,2,-145
1767172110.271238,-4,4,-143
1767172110.281238,-4,1,-140
1767172110.291238,0,1,-146
1767172110.301238,0,-2,-152
1767172110.311238,3,-1,-150
1767172110.321238,1,0,-149
1767172110.3312385,1,1,-148
1767172110.3412385,0,0,-151
1767172110.3512385,0,-1,-143
1767172110.3612382,-6,-1,-144
1767172110.3712382,-6,-3,-145
1767172110.3812382,-5,3,-145
1767172110.3912382,-6,2,-140
1767172110.4012382,-6,1,-143
1767172110.4112382,-3,-1,-141
1767172110.4212382,-6,-2,-141
1767172110.4312382,-6,-3,-145
1767172110.4412382,-7,-1,-149
1767172110.4512382,-9,2,-152
1767172110.461238,-10,5,-150
1767172110.471238,-6,7,-152
1767172110.481238,-4,8,-152
1767172110.491238,-1,4,-151
1767172110.501238,2,0,-150
1767172110.511238,1,-1,-146
1767172110.521238,-1,0,-145
1767172110.531238,-5,-2,-139
1767172110.541238,-4,0,-138
1767172110.551238,0,0,-133
1767172110.561238,-4,-1,-135
1767172110.571238,1,0,-136
1767172110.5812385,0,1,-135
1767172110.5912385,-3,1,-133
1767172110.6012385,-1,-2,-135
1767172110.6112382,1,-1,-141
1767172110.6212382,2,-2,-141
1767172110.6312382,3,-2,-147
1767172110.6412382,2,-1,-147
1767172110.6512382,1,-2,-144
1767172110.6612382,-1,-4,-146
1767172110.6712382,0,-6,-145
1767172110.6812382,2,-5,-146
1767172110.6912382,3,-9,-145
1767172110.7012382,5,-5,-145
1767172110.711238,4,-6,-140
1767172110.721238,1,-3,-140
1767172110.731238,0,-2,-141
1767172110.741238,0,-3,-142
1767172110.751238,-4,-4,-143
1767172110.761238,-1,-5,-144
1767172110.771238,3,-10,-147
1767172110.781238,3,-5,-147
1767172110.791238,3,-4,-147
1767172110.801238,5,-6,-145
1767172110.811238,6,-6,-150
1767172110.821238,6,-3,-150
1767172110.8312385,0,0,-147
1767172110.8412385,-1,5,-146
1767172110.8512385,-2,7,-145
1767172110.8612382,-7,0,-145
1767172110.8712382,-6,1,-146
1767172110.8812382,0,0,-142
1767172110.8912382,5,-1,-148
1767172110.9012382,8,0,-151
1767172110.9112382,5,-2,-147
1767172110.9212382,5,-4,-148
1767172110.9312382,8,-1,-153
1767172110.9412382,8,0,-158
1767172110.9512382,6,0,-158
1767172110.961238,3,1,-149
1767172110.971238,2,0,-145
1767172110.981238,1,-4,-143
1767172110.991238,-2,-3,-139
1767172111.001238,-2,-5,-141
1767172111.011238,-3,-5,-138
1767172111.021238,-5,-1,-134
1767172111.031238,-4,-1,-137
1767172111.041238,-1,-3,-139
1767172111.051238,2,-2,-143
1767172111.061238,7,3,-144
1767172111.071238,4,-1,-147
1767172111.0812385,3,-1,-145
1767172111.0912385,0,0,-148
1767172111.1012385,3,0,-141
1767172111.1112382,3,0,-135
1767172111.1212382,2,0,-134
1767172111.1312382,2,1,-135
1767172111.1412382,2,0,-134
1767172111.1512382,1,-1,-136
1767172111.1612382,0,-3,-135
1767172111.1712382,4,-4,-142
1767172111.1812382,1,-1,-144
1767172111.1912382,-1,-4,-146
1767172111.2012382,-4,-8,-146
1767172111.211238,-5,-9,-150
1767172111.221238,-3,-9,-149
1767172111.231238,-2,-9,-142
1767172111.241238,-2,-4,-144
1767172111.251238,-1,-5,-145
1767172111.261238,-3,-1,-138
1767172111.271238,-2,-3,-139
1767172111.281238,-3,-3,-143
1767172111.291238,0,1,-139
1767172111.301238,-2,4,-143
1767172111.311238,-2,5,-153
1767172111.321238,-3,-1,-152
1767172111.3312385,-4,-1,-156
1767172111.3412385,-3,0,-160
1767172111.3512385,-5,-5,-160
1767172111.3612382,-4,-4,-158
1767172111.3712382,-3,-5,-156
1767172111.3812382,-4,-4,-155
1767172111.3912382,-5,-4,-147
1767172111.4012382,-4,-5,-150
1767172111.4112382,2,-5,-148
1767172111.4212382,5,-3,-149
1767172111.4312382,3,-1,-149
1767172111.4412382,0,-1,-152
1767172111.4512382,2,0,-143
1767172111.461238,2,0,-146
1767172111.471238,5,0,-149
1767172111.481238,3,0,-145
1767172111.491238,1,1,-148
1767172111.501238,0,-2,-143
1767172111.511238,-1,0,-141
1767172111.521238,3,0,-143
1767172111.531238,3,1,-149
1767172111.541238,0,3,-152
1767172111.551238,0,4,-151
1767172111.561238,1,2,-150
1767172111.571238,2,1,-146
1767172111.5812385,6,1,-141
1767172111.5912385,3,0,-142
1767172111.6012385,2,0,-147
1767172111.6112382,-2,1,-145
1767172111.6212382,-4,1,-143
1767172111.6312382,-2,-1,-139
1767172111.6412382,0,-3,-144
1767172111.6512382,-3,-3,-142
1767172111.6612382,-4,-1,-142
1767172111.6712382,-6,-3,-136
1767172111.6812382,-7,-6,-136
1767172111.6912382,-3,-7,-141
1767172111.7012382,-1,-6,-144
1767172111.711238,-2,-2,-150
1767172111.721238,-1,0,-151
1767172111.731238,0,-3,-143
1767172111.741238,-1,-1,-138
1767172111.751238,-2,-2,-131
1767172111.761238,0,0,-132
1767172111.771238,0,1,-134
1767172111.781238,3,4,-138
1767172111.791238,4,6,-146
1767172111.801238,4,4,-147
1767172111.811238,3,7,-150
1767172111.821238,1,0,-150
1767172111.8312385,0,0,-148
1767172111.8412385,0,0,-151
1767172111.8512385,-2,0,-155
1767172111.8612382,-1,1,-148
1767172111.8712382,-1,0,-144
1767172111.8812382,0,0,-144
1767172111.8912382,0,-3,-145
1767172111.9012382,3,-8,-140
1767172111.9112382,3,-9,-138
1767172111.9212382,1,-7,-136
1767172111.9312382,0,-5,-133
1767172111.9412382,-3,-3,-142
1767172111.9512382,-2,-4,-143
1767172111.961238,-1,-1,-141
1767172111.971238,-1,2,-142
1767172111.981238,-2,3,-144
1767172111.991238,0,-1,-146
1767172112.001238,-1,-2,-148
1767172112.011238,-1,-3,-154
1767172112.021238,-2,0,-155
1767172112.031238,-6,3,-158
1767172112.041238,0,2,-146
1767172112.051238,2,-1,-139
1767172112.061238,0,1,-138
1767172112.071238,-2,-1,-142
1767172112.0812385,0,-4,-143
1767172112.0912385,-2,-1,-138
1767172112.1012385,-4,0,-136
1767172112.1112382,-3,-2,-138
1767172112.1212382,-2,-2,-139
1767172112.1312382,-2,-2,-138
1767172112.1412382,0,-1,-133
1767172112.1512382,-1,1,-134
1767172112.1612382,3,-1,-138
1767172112.1712382,4,-1,-146
1767172112.1812382,8,-2,-149
1767172112.1912382,10,1,-149
1767172112.2012382,13,1,-150
1767172112.211238,5,4,-157
1767172112.221238,3,0,-154
1767172112.231238,1,2,-156
1767172112.241238,0,3,-158
1767172112.251238,0,0,-158
1767172112.261238,5,-1,-158
1767172112.271238,0,-2,-154
1767172112.281238,1,-3,-151
1767172112.291238,0,-1,-142
1767172112.301238,-3,1,-136
1767172112.311238,-2,1,-139
1767172112.321238,3,0,-139
1767172112.3312385,3,0,-139
1767172112.3412385,-3,-1,-145
1767172112.3512385,-3,-2,-149
1767172112.3612382,-6,-2,-152
1767172112.3712382,-2,1,-152
1767172112.3812382,-3,0,-153
1767172112.392238,-8,1,-153
1767172112.402238,-6,0,-156
1767172112.412238,-6,-3,-152
1767172112.422238,1,-3,-152
1767172112.432238,0,-4,-154
1767172112.442238,-1,-4,-156
1767172112.452238,-1,-5,-157
1767172112.462238,0,-3,-156
1767172112.472238,-4,-1,-158
1767172112.482238,-4,-2,-156
1767172112.492238,-6,0,-152
1767172112.502238,-2,3,-152
1767172112.5122385,0,-1,-153
1767172112.5222385,-1,0,-151
1767172112.5322382,2,0,-147
1767172112.5422382,4,-1,-145
1767172112.5522382,6,-1,-141
1767172112.5622382,5,2,-134
1767172112.5722382,-4,3,-135
1767172112.5822382,-6,1,-142
1767172112.5922382,-4,0,-141
1767172112.6022382,-5,2,-140
1767172112.6122382,0,6,-141
1767172112.6222382,-1,3,-144
1767172112.632238,-1,0,-146
1767172112.6542382,-4,-2,-150
1767172112.662238,-2,-3,-149
1767172112.672238,-7,-3,-149
1767172112.682238,-7,-3,-155
1767172112.692238,-7,-7,-149
1767172112.702238,-4,-9,-149
1767172112.712238,-3,-12,-148
1767172112.722238,-3,-12,-145
1767172112.732238,-3,-9,-145
1767172112.742238,-4,-3,-147
1767172112.752238,0,0,-146
1767172112.7622385,0,4,-146
1767172112.7722385,1,-1,-154
1767172112.7822382,-2,-1,-156
1767172112.7922382,-2,-2,-156
1767172112.8022382,-9,-4,-155
1767172112.8122382,-8,-5,-147
1767172112.8222382,-6,-4,-149
1767172112.8322382,-1,-1,-145
1767172112.8422382,1,-3,-150
1767172112.8522382,2,-3,-153
1767172112.8622382,-1,0,-152
1767172112.8722382,0,1,-151
1767172112.882238,0,3,-147
1767172112.892238,-1,2,-151
1767172112.902238,-5,0,-148
1767172112.912238,-8,1,-145
1767172112.922238,-3,2,-140
1767172112.932238,-2,-2,-138
1767172112.942238,-2,0,-135
1767172112.952238,0,0,-133
1767172112.962238,0,1,-132
1767172112.972238,0,1,-142
1767172112.982238,2,0,-146
1767172112.992238,-1,1,-146
1767172113.002238,-2,1,-139
1767172113.0122385,-2,3,-138
1767172113.0222385,-4,1,-140
1767172113.0322382,-3,0,-141
1767172113.0422382,-6,0,-141
1767172113.0522382,-4,-4,-148
1767172113.0622382,-8,-3,-151
1767172113.0722382,-6,0,-157
1767172113.0822382,-1,-2,-155
1767172113.0922382,0,0,-150
1767172113.1022382,-1,-1,-157
1767172113.1122382,-2,-2,-153
1767172113.1222382,-2,-3,-148
1767172113.132238,-4,-5,-147
1767172113.142238,-10,-3,-142
1767172113.152238,-8,-3,-145
1767172113.162238,-4,-2,-141
1767172113.172238,-4,-1,-135
1767172113.182238,-3,4,-138
1767172113.192238,-3,0,-140
1767172113.202238,-5,-4,-137
1767172113.212238,-5,-4,-136
1767172113.222238,-1,-3,-142
1767172113.232238,2,-6,-139
1767172113.242238,6,-4,-144
1767172113.252238,1,-3,-149
1767172113.2622385,-1,-3,-150
1767172113.2722385,-2,-4,-140
1767172113.2822382,-1,-3,-144
1767172113.2922382,0,-2,-145
1767172113.3022382,0,-4,-145
1767172113.3122382,1,-7,-144
1767172113.3222382,0,-4,-147
1767172113.3322382,0,-4,-145
1767172113.3422382,0,-4,-138
1767172113.3522382,1,-3,-139
1767172113.3622382,0,-1,-140
1767172113.3722382,0,0,-138
1767172113.382238,2,0,-140
1767172113.392238,0,0,-139
1767172113.402238,7,-1,-137
1767172113.412238,11,-3,-149
1767172113.422238,10,-2,-156
1767172113.432238,7,-3,-149
1767172113.442238,5,0,-151
1767172113.452238,3,-1,-161
1767172113.462238,-1,-1,-162
1767172113.472238,-2,-1,-152
1767172113.482238,-3,2,-152
1767172113.492238,-5,-1,-150
1767172113.502238,-5,-1,-144
1767172113.5122385,-4,0,-142
1767172113.5222385,0,1,-147
1767172113.5322382,-1,1,-146
1767172113.5422382,2,2,-150
1767172113.5522382,3,3,-148
1767172113.5622382,6,0,-144
1767172113.5722382,5,0,-140
1767172113.5822382,5,-1,-142
1767172113.5922382,5,-1,-147
1767172113.6022382,7,0,-150
1767172113.6122382,6,-1,-152
1767172113.6222382,5,0,-152
1767172113.632238,4,0,-149
1767172113.642238,2,1,-147
1767172113.652238,0,2,-148
1767172113.662238,0,0,-152
1767172113.672238,-1,-1,-150
1767172113.682238,0,-5,-150
1767172113.692238,-1,-13,-153
1767172113.702238,-3,-12,-156
1767172113.712238,-2,-12,-157
1767172113.722238,-3,-9,-162
1767172113.732238,-3,-7,-163
1767172113.742238,-3,-4,-159
1767172113.752238,-2,-3,-151
1767172113.7622385,-2,-3,-149
1767172113.7722385,0,-7,-145
1767172113.7822382,-1,-10,-141
1767172113.7922382,-4,-10,-148
1767172113.8022382,-8,-7,-149
1767172113.8122382,-10,-3,-145
1767172113.8222382,-10,0,-147
1767172113.8322382,-4,-2,-146
1767172113.8422382,-7,-2,-147
1767172113.8522382,-6,-1,-149
1767172113.8622382,-4,0,-149
1767172113.8722382,-3,-2,-148
1767172113.882238,-4,-2,-147
1767172113.892238,0,-1,-147
1767172113.902238,-2,0,-147
1767172113.912238,0,2,-151
1767172113.922238,0,0,-147
1767172113.932238,0,-1,-146
1767172113.942238,1,1,-142
1767172113.952238,5,3,-143
1767172113.962238,1,5,-140
1767172113.972238,0,6,-134
1767172113.982238,3,2,-134
1767172113.992238,3,3,-138
1767172114.002238,0,1,-134
1767172114.0122385,-2,0,-134
1767172114.0222385,-3,1,-133
1767172114.0322382,-3,0,-137
1767172114.0422382,-1,-2,-140
1767172114.0522382,-3,-4,-136
1767172114.0622382,0,-4,-139
1767172114.073238,0,-2,-137
1767172114.0822382,0,-2,-137
1767172114.0922382,0,-3,-141
1767172114.1022382,0,-2,-142
1767172114.1122382,4,-3,-146
1767172114.1222382,4,-2,-150
1767172114.132238,2,-4,-151
1767172114.142238,0,-1,-152
1767172114.152238,-2,-3,-150
1767172114.162238,-2,-3,-151
1767172114.172238,0,0,-150
1767172114.182238,2,1,-144
1767172114.192238,3,1,-147
1767172114.202238,6,0,-144
1767172114.212238,2,-2,-139
1767172114.222238,5,0,-143
1767172114.232238,3,-2,-145
1767172114.242238,4,-2,-151
1767172114.252238,1,0,-156
1767172114.2622385,4,1,-156
1767172114.2722385,3,0,-150
1767172114.2822382,2,-1,-148
1767172114.2922382,2,2,-148
1767172114.3022382,2,2,-148
1767172114.3122382,2,3,-141
1767172114.3222382,0,3,-143
1767172114.3322382,-1,6,-145
1767172114.3422382,5,3,-144
1767172114.3522382,8,0,-146
1767172114.3622382,4,-1,-145
1767172114.3722382,6,0,-140
1767172114.382238,4,0,-142
1767172114.392238,2,0,-148
1767172114.402238,0,0,-144
1767172114.412238,-4,2,-148
1767172114.422238,-3,0,-147
1767172114.432238,-4,3,-149
1767172114.442238,-5,-1,-143
1767172114.452238,0,-3,-132
1767172114.462238,2,-5,-138
1767172114.472238,2,-5,-138
1767172114.482238,5,-2,-139
1767172114.492238,8,0,-142
1767172114.502238,8,4,-136
1767172114.5122385,3,0,-133
1767172114.5222385,3,-2,-136
1767172114.5322382,3,-1,-141
1767172114.5422382,3,-4,-151
1767172114.5522382,1,-3,-150
1767172114.5622382,0,-3,-155
1767172114.5722382,2,-8,-153
1767172114.5822382,1,-9,-146
1767172114.5922382,5,-8,-141
1767172114.6022382,6,-7,-142
1767172114.6122382,6,-8,-142
1767172114.6222382,5,-10,-141
1767172114.632238,6,-12,-141
1767172114.642238,6,-10,-148
1767172114.652238,8,-8,-153
1767172114.662238,7,-5,-152
1767172114.672238,3,-4,-155
1767172114.682238,0,-4,-159
1767172114.692238,-3,-2,-156
1767172114.702238,-4,-1,-158
1767172114.712238,-9,-1,-157
1767172114.722238,-11,-4,-159
1767172114.732238,-7,0,-156
1767172114.742238,-4,-1,-147
1767172114.752238,-9,-5,-151
1767172114.7622385,-6,-4,-153
1767172114.7722385,-6,-3,-150
1767172114.7822382,0,-7,-152
1767172114.7922382,0,-6,-149
1767172114.8022382,0,-8,-150
1767172114.8122382,3,-6,-148
1767172114.8222382,3,-4,-145
1767172114.8322382,3,-4,-144
1767172114.8422382,-2,-5,-144
1767172114.8522382,0,-2,-146
1767172114.8622382,-1,-4,-143
1767172114.8722382,-6,-3,-137
1767172114.882238,-5,0,-139
1767172114.892238,-5,0,-135
1767172114.902238,0,1,-135
1767172114.913238,1,1,-132
1767172114.923238,-2,-2,-133
1767172114.9332385,0,-7,-133
1767172114.9432385,2,-8,-132
1767172114.9532382,3,-7,-135
1767172114.9632382,3,-4,-134
1767172114.9732382,0,-5,-136
1767172114.9832382,-3,-2,-138
1767172114.9932382,-6,-1,-128
1767172115.0032382,-6,1,-124
1767172115.0132382,-3,-1,-130
1767172115.0232382,-1,-4,-134
1767172115.0332382,-5,-4,-137
1767172115.0432382,-5,0,-140
1767172115.0532382,-4,3,-147
1767172115.063238,-2,3,-150
1767172115.073238,4,6,-153
1767172115.083238,3,2,-142
1767172115.093238,0,0,-141
1767172115.103238,0,-4,-132
1767172115.113238,1,0,-132
1767172115.123238,-2,0,-130
1767172115.133238,-5,0,-135
1767172115.143238,-9,0,-138
1767172115.153238,-3,0,-139
1767172115.163238,0,-1,-137
1767172115.173238,0,0,-141
1767172115.1832385,0,0,-144
1767172115.1932385,-3,-2,-137
1767172115.2032382,0,1,-135
1767172115.2132382,6,3,-136
1767172115.2232382,5,5,-145
1767172115.2332382,4,3,-145
1767172115.2432382,-1,0,-147
1767172115.2532382,-3,-3,-150
1767172115.2632382,-1,-4,-152
1767172115.2732382,0,-4,-152
1767172115.2832382,3,-5,-146
1767172115.2932382,2,-3,-145
1767172115.3032382,2,-5,-146
1767172115.313238,0,-5,-144
1767172115.323238,0,-4,-150
1767172115.333238,0,-10,-154
1767172115.343238,2,-7,-153
1767172115.353238,-3,-4,-148
1767172115.363238,-1,-3,-145
1767172115.373238,0,1,-148
1767172115.383238,0,4,-151
1767172115.393238,1,2,-150
1767172115.403238,2,2,-155
1767172115.413238,2,3,-150
1767172115.423238,0,0,-152
1767172115.4332385,1,1,-154
1767172115.4432385,3,5,-150
1767172115.4532382,2,2,-146
1767172115.4632382,1,5,-144
1767172115.4732382,0,5,-142
1767172115.4832382,1,7,-141
1767172115.4932382,-4,5,-142
1767172115.5032382,-3,5,-145
1767172115.5132382,-2,3,-146
1767172115.5232382,-5,6,-146
1767172115.5332382,-3,4,-147
1767172115.5432382,-2,1,-146
1767172115.5532382,0,1,-142
1767172115.563238,0,0,-142
1767172115.573238,1,0,-141
1767172115.583238,6,0,-140
1767172115.593238,3,0,-140
1767172115.603238,0,-4,-139
1767172115.613238,-2,-6,-141
1767172115.623238,1,-3,-139
1767172115.633238,8,-3,-131
1767172115.643238,7,-4,-128
1767172115.653238,10,-1,-131
1767172115.663238,7,3,-139
1767172115.673238,4,3,-148
1767172115.6832385,2,5,-144
1767172115.6932385,0,3,-140
1767172115.7032382,5,5,-142
1767172115.7132382,4,2,-144
1767172115.7232382,5,2,-141
1767172115.7332382,4,0,-142
1767172115.7432382,4,-2,-144
1767172115.7532382,3,-1,-141
1767172115.7632382,0,-1,-147
1767172115.7732382,1,0,-147
1767172115.7832382,-2,-1,-138
1767172115.7932382,-2,-6,-138
1767172115.8032382,0,-5,-136
1767172115.813238,1,-4,-139
1767172115.823238,5,-3,-140
1767172115.833238,2,-6,-142
1767172115.843238,-4,-2,-140
1767172115.853238,-6,-3,-136
1767172115.863238,-7,0,-139
1767172115.873238,-3,-1,-135
1767172115.883238,0,0,-141
1767172115.893238,-2,0,-148
1767172115.903238,1,-1,-150
1767172115.913238,0,-1,-142
1767172115.923238,1,-6,-146
1767172115.9332385,2,-3,-144
1767172115.9432385,4,3,-139
1767172115.9532382,7,5,-136
1767172115.9632382,6,-1,-143
1767172115.9732382,7,-4,-153
1767172115.9832382,8,-4,-144
1767172115.9932382,8,-5,-142
1767172116.0032382,8,-3,-141
1767172116.0132382,-1,0,-145
1767172116.0232382,1,3,-139
1767172116.0332382,0,3,-138
1767172116.0432382,1,0,-135
1767172116.0532382,3,0,-130
1767172116.063238,6,0,-127
1767172116.073238,3,3,-134
1767172116.083238,2,7,-135
1767172116.093238,3,7,-130
1767172116.103238,3,7,-133
1767172116.113238,1,6,-137
1767172116.123238,0,6,-141
1767172116.133238,3,5,-144
1767172116.143238,2,3,-148
1767172116.153238,1,6,-143
1767172116.163238,1,7,-146
1767172116.173238,1,7,-142
1767172116.1832385,1,8,-144
1767172116.1932385,-3,4,-149
1767172116.2032382,0,4,-151
1767172116.2132382,0,4,-144
1767172116.2232382,-2,10,-141
1767172116.2332382,0,9,-142
1767172116.2432382,0,6,-140
1767172116.2532382,2,6,-140
1767172116.2632382,2,4,-142
1767172116.2732382,0,4,-141
1767172116.2832382,0,0,-144
1767172116.2932382,3,0,-145
1767172116.3032382,0,-4,-147
1767172116.313238,5,-3,-145
1767172116.323238,6,-1,-153
1767172116.333238,3,0,-150
1767172116.343238,3,-2,-143
1767172116.353238,6,-5,-149
1767172116.363238,2,-4,-142
1767172116.373238,-1,0,-146
1767172116.383238,-3,2,-146
1767172116.393238,-1,5,-148
1767172116.403238,-4,4,-147
1767172116.413238,-8,4,-142
1767172116.423238,-6,4,-143
1767172116.4332385,-2,0,-145
1767172116.4432385,-1,0,-142
1767172116.4532382,0,-4,-147
1767172116.4632382,-2,0,-147
1767172116.4732382,0,1,-146
1767172116.4832382,-3,-3,-139
1767172116.4932382,-2,-1,-134
1767172116.5032382,0,-2,-134
1767172116.5132382,8,-8,-131
1767172116.5232382,7,-10,-138
1767172116.5332382,6,-11,-143
1767172116.5432382,3,-7,-143
1767172116.5532382,2,-7,-143
1767172116.563238,6,-2,-144
1767172116.573238,3,-1,-143
1767172116.583238,2,2,-141
1767172116.593238,0,4,-143
1767172116.603238,-2,4,-136
1767172116.613238,0,0,-143
1767172116.623238,-1,1,-144
1767172116.633238,-2,2,-137
1767172116.643238,-5,0,-137
1767172116.653238,-5,0,-137
1767172116.663238,-5,0,-136
1767172116.673238,-9,0,-126
1767172116.6832385,-12,1,-127
1767172116.6932385,-10,0,-130
1767172116.7032382,-9,2,-136
1767172116.7132382,-6,4,-134
1767172116.7232382,0,4,-137
1767172116.7332382,0,-1,-135
1767172116.7432382,-3,-1,-146
1767172116.7532382,-1,-5,-144
1767172116.7632382,-3,-5,-147
1767172116.7732382,-3,-4,-149
1767172116.7832382,-7,-4,-144
1767172116.7932382,-8,-4,-146
1767172116.8032382,-8,-1,-147
1767172116.813238,-2,1,-146
1767172116.823238,2,2,-151
1767172116.833238,2,1,-153
1767172116.843238,2,0,-152
1767172116.853238,3,2,-149
1767172116.863238,1,-1,-145
1767172116.873238,3,0,-146
1767172116.883238,3,4,-143
1767172116.893238,1,6,-149
1767172116.903238,5,2,-150
1767172116.913238,4,-2,-147
1767172116.923238,2,-1,-145
1767172116.9332385,-1,-3,-151
1767172116.9432385,-2,-2,-155
1767172116.9532382,-4,1,-149
1767172116.9632382,-8,2,-149
1767172116.9732382,-3,2,-154
1767172116.9832382,-3,3,-153
1767172116.9932382,0,3,-150
1767172117.0032382,3,3,-151
1767172117.0132382,1,6,-150
1767172117.0232382,1,0,-155
1767172117.0332382,5,3,-149
1767172117.0432382,6,0,-142
1767172117.0532382,3,-1,-133
1767172117.063238,1,-1,-132
1767172117.073238,2,-3,-135
1767172117.083238,1,-5,-129
1767172117.093238,3,-6,-130
1767172117.103238,3,-3,-132
1767172117.113238,2,-2,-134
1767172117.123238,0,-3,-138
1767172117.133238,0,-5,-141
1767172117.143238,0,-6,-140
1767172117.153238,2,0,-141
1767172117.163238,0,0,-137
1767172117.173238,-2,0,-145
1767172117.1832385,0,0,-141
1767172117.1932385,0,-2,-144
1767172117.2032382,0,-3,-151
1767172117.2132382,1,-3,-148
1767172117.2232382,1,-9,-143
1767172117.2332382,4,-5,-139
1767172117.2432382,2,-2,-134
1767172117.2532382,2,-6,-134
1767172117.2632382,0,-8,-139
1767172117.2732382,0,-4,-138
1767172117.2832382,-1,-3,-141
1767172117.2932382,4,-1,-145
1767172117.3032382,-1,-1,-138
1767172117.313238,-2,0,-139
1767172117.323238,0,0,-141
1767172117.333238,2,0,-142
1767172117.343238,2,2,-150
1767172117.353238,-7,0,-152
1767172117.363238,-8,0,-148
1767172117.373238,-3,0,-149
1767172117.383238,0,0,-145
1767172117.393238,1,-5,-137
1767172117.4042382,3,-3,-135
1767172117.413238,4,-3,-138
1767172117.423238,6,-3,-142
1767172117.4332385,4,-4,-143
1767172117.4442382,6,-2,-143
1767172117.4542382,7,-2,-142
1767172117.4642382,2,-2,-144
1767172117.4742382,4,-2,-143
1767172117.484238,2,-6,-142
1767172117.494238,2,-7,-149
1767172117.504238,3,-9,-156
1767172117.514238,4,-7,-158
1767172117.524238,2,-2,-149
1767172117.534238,6,-6,-143
1767172117.544238,6,-4,-155
1767172117.554238,7,0,-154
1767172117.564238,5,-2,-155
1767172117.574238,2,0,-153
1767172117.584238,-1,0,-149
1767172117.594238,-6,1,-148
1767172117.6042385,-8,0,-150
1767172117.613238,-1,-1,-147
1767172117.6242385,0,0,-146
1767172117.6342382,-4,0,-143
1767172117.6442382,-6,2,-139
1767172117.666238,-5,0,-138
1767172117.6742382,-1,4,-144
1767172117.6842382,-2,3,-144
1767172117.6942382,-2,0,-141
1767172117.7042382,-2,-3,-144
1767172117.7142382,-1,-3,-148
1767172117.7242382,0,1,-147
1767172117.734238,0,3,-149
1767172117.744238,-1,6,-146
1767172117.754238,3,4,-137
1767172117.764238,4,1,-144
1767172117.774238,2,2,-144
1767172117.784238,1,3,-147
1767172117.794238,2,5,-145
1767172117.804238,1,5,-152
1767172117.814238,0,-1,-151
1767172117.824238,0,-1,-152
1767172117.834238,1,-2,-152
1767172117.844238,3,-6,-148
1767172117.8542385,1,-3,-144
1767172117.8642385,2,-4,-141
1767172117.8742385,1,-9,-141
1767172117.8842382,1,-9,-145
1767172117.8942382,2,-10,-148
1767172117.9042382,2,-4,-148
1767172117.9142382,7,-2,-147
1767172117.9242382,9,-1,-136
1767172117.9342382,8,-4,-137
1767172117.9442382,4,-3,-138
1767172117.9542382,-2,-7,-143
1767172117.9642382,-1,-5,-144
1767172117.9742382,1,-6,-138
1767172117.984238,5,-6,-131
1767172117.994238,3,-4,-137
1767172118.004238,4,-5,-137
1767172118.014238,5,-5,-137
1767172118.024238,5,-1,-139
1767172118.034238,5,0,-139
1767172118.044238,4,-1,-136
1767172118.054238,1,0,-136
1767172118.064238,0,5,-143
1767172118.074238,1,7,-148
1767172118.084238,-3,1,-142
1767172118.094238,-5,4,-145
1767172118.1042385,-1,2,-149
1767172118.1142385,1,4,-150
1767172118.1242385,0,4,-149
1767172118.1342382,0,6,-142
1767172118.1442382,-2,1,-139
1767172118.1542382,-2,0,-143
1767172118.1642382,-6,0,-141
1767172118.1742382,-5,0,-135
1767172118.1842382,-1,-3,-129
1767172118.1942382,0,-4,-136
1767172118.2042382,-1,-4,-130
1767172118.2142382,-5,-1,-129
1767172118.2242382,-9,1,-129
1767172118.234238,-11,2,-131
1767172118.244238,-12,5,-136
1767172118.254238,-6,-1,-129
1767172118.264238,-5,-3,-127
1767172118.274238,-6,-3,-135
1767172118.284238,-8,-6,-138
1767172118.294238,-7,-4,-142
1767172118.304238,-7,0,-145
1767172118.314238,-3,-2,-143
1767172118.324238,-2,-1,-140
1767172118.334238,-3,-3,-139
1767172118.344238,-1,-4,-144
1767172118.3542385,2,-4,-142
1767172118.3642385,0,-6,-135
1767172118.3742385,0,-4,-140
1767172118.3842382,0,-3,-141
1767172118.3942382,2,-3,-142
1767172118.4042382,2,-5,-155
1767172118.4142382,-1,-3,-156
1767172118.4242382,-2,-3,-154
1767172118.4342382,0,-1,-152
1767172118.4442382,1,0,-155
1767172118.4542382,3,-6,-152
1767172118.4642382,6,-6,-150
1767172118.4742382,5,0,-145
1767172118.484238,3,0,-142
1767172118.494238,4,-1,-137
1767172118.504238,-1,0,-136
1767172118.514238,-2,0,-137
1767172118.524238,-3,-1,-146
1767172118.534238,-7,-1,-149
1767172118.544238,-1,-2,-148
1767172118.554238,-1,-6,-147
1767172118.564238,0,-5,-142
1767172118.574238,0,-8,-148
1767172118.584238,0,-6,-144
1767172118.594238,0,-3,-144
1767172118.6042385,1,-3,-144
1767172118.6142385,3,-1,-140
1767172118.6242385,3,0,-141
1767172118.6342382,-1,0,-139
1767172118.6442382,0,-3,-139
1767172118.6542382,4,-4,-142
1767172118.6642382,3,-4,-137
1767172118.6742382,4,-6,-135
1767172118.6842382,2,-8,-134
1767172118.6942382,-5,-5,-140
1767172118.7042382,-8,-5,-146
1767172118.7142382,-8,-10,-145
1767172118.7242382,-4,-7,-139
1767172118.734238,-2,0,-140
1767172118.744238,-4,0,-147
1767172118.754238,0,1,-143
1767172118.764238,0,0,-143
1767172118.774238,1,-1,-147
1767172118.784238,0,-2,-151
1767172118.794238,0,1,-153
1767172118.804238,0,5,-148
1767172118.814238,-4,5,-149
1767172118.824238,-5,4,-147
1767172118.834238,-2,0,-145
1767172118.844238,-4,-2,-147
1767172118.8542385,-1,-4,-139
1767172118.8642385,3,-2,-134
1767172118.8742385,1,-1,-137
1767172118.8842382,3,-2,-141
1767172118.8942382,0,-2,-143
1767172118.9042382,0,0,-141
1767172118.9142382,1,0,-142
1767172118.9242382,-5,0,-144
1767172118.9342382,-1,2,-140
1767172118.9442382,1,1,-141
1767172118.9542382,4,3,-145
1767172118.9642382,4,0,-149
1767172118.9742382,0,-1,-145
1767172118.984238,-1,-3,-151
1767172118.994238,0,-4,-143
1767172119.004238,4,-5,-146
1767172119.014238,4,-8,-150
1767172119.024238,0,-4,-152
1767172119.034238,2,0,-150
1767172119.044238,1,1,-153
1767172119.054238,3,1,-152
1767172119.064238,3,0,-145
1767172119.074238,0,2,-145
1767172119.084238,-2,0,-144
1767172119.094238,-2,1,-152
1767172119.1042385,-3,0,-157
1767172119.1142385,0,-2,-152
1767172119.1242385,-2,-3,-150
1767172119.1342382,-2,-3,-143
1767172119.1442382,-3,0,-140
1767172119.1542382,0,0,-142
1767172119.1642382,0,0,-140
1767172119.1742382,-4,0,-141
1767172119.1842382,-3,-1,-138
1767172119.1942382,-2,3,-141
1767172119.2042382,6,1,-139
1767172119.2142382,5,0,-137
1767172119.2242382,5,-4,-133
1767172119.234238,3,-6,-135
1767172119.244238,1,-5,-134
1767172119.254238,0,-2,-136
1767172119.264238,-1,-1,-139
1767172119.274238,-2,-5,-139
1767172119.284238,-2,-1,-140
1767172119.294238,0,-1,-147
1767172119.304238,-4,1,-159
1767172119.314238,-8,-3,-164
1767172119.324238,-1,-2,-168
1767172119.334238,0,0,-168
1767172119.344238,3,-2,-160
1767172119.3542385,1,-5,-154
1767172119.3642385,0,-3,-160
1767172119.3742385,-1,-3,-163
1767172119.3842382,0,-3,-162
1767172119.3942382,-3,-5,-151
1767172119.4042382,-2,-4,-150
1767172119.4142382,0,-3,-154
1767172119.4242382,3,-5,-151
1767172119.4342382,6,-7,-155
1767172119.4442382,4,-6,-154
1767172119.4542382,6,-10,-157
1767172119.4642382,5,-9,-150
1767172119.4742382,4,-12,-145
1767172119.484238,-1,-13,-149
1767172119.494238,-4,-11,-150
1767172119.504238,-3,-9,-149
1767172119.514238,-6,-8,-147
1767172119.524238,-3,-5,-149
1767172119.534238,-1,-5,-160
1767172119.544238,-4,-7,-156
1767172119.554238,-5,-6,-151
1767172119.564238,-1,-5,-152
1767172119.574238,0,0,-150
1767172119.584238,1,-1,-144
1767172119.594238,0,1,-137
1767172119.6042385,-4,3,-142
1767172119.6142385,-4,4,-142
1767172119.6242385,-3,2,-142
1767172119.6342382,0,-3,-144
1767172119.6442382,2,-3,-144
1767172119.6542382,4,-3,-150
1767172119.6642382,3,0,-149
1767172119.6742382,-1,1,-148
1767172119.6842382,-2,2,-145
1767172119.6942382,-1,3,-140
1767172119.7042382,0,2,-145
1767172119.7142382,2,0,-144
1767172119.7242382,-1,3,-145
1767172119.734238,-5,0,-149
1767172119.744238,-5,0,-146
1767172119.754238,0,4,-146
1767172119.764238,0,1,-152
1767172119.774238,5,0,-158
1767172119.784238,7,2,-155
1767172119.794238,4,0,-151
1767172119.804238,2,0,-146
1767172119.814238,5,0,-139
1767172119.824238,5,0,-136
1767172119.834238,3,0,-141
1767172119.844238,0,2,-145
1767172119.8542385,-1,0,-143
1767172119.8642385,-5,-3,-150
1767172119.8742385,-12,-3,-146
1767172119.8842382,-13,-5,-143
1767172119.8942382,-11,-5,-145
1767172119.9042382,-10,-6,-143
1767172119.9142382,-13,-4,-140
1767172119.9242382,-8,-6,-138
1767172119.9342382,-7,-4,-140
1767172119.9442382,-13,-8,-147
1767172119.9542382,-3,-8,-147
1767172119.9642382,2,-9,-142
1767172119.975238,6,-7,-142
1767172119.985238,10,-5,-146
1767172119.995238,10,-1,-146
1767172120.005238,6,-1,-144
1767172120.015238,3,-3,-147
1767172120.025238,1,-4,-147
1767172120.0352385,2,0,-148
1767172120.0452385,5,-3,-155
1767172120.0552382,4,-5,-157
1767172120.0652382,0,-5,-157
1767172120.0752382,2,-2,-156
1767172120.0852382,2,0,-151
1767172120.0952382,2,-6,-149
1767172120.1052382,-1,-8,-147
1767172120.1152382,-3,-9,-148
1767172120.1252382,0,-6,-147
1767172120.1352382,3,-9,-148
1767172120.1452382,2,-4,-143
1767172120.1552382,5,-1,-151
1767172120.165238,1,-1,-149
1767172120.175238,0,-2,-149
1767172120.185238,0,-2,-146
1767172120.195238,1,0,-137
1767172120.205238,3,-2,-139
1767172120.215238,0,0,-135
1767172120.225238,-4,3,-135
1767172120.235238,-3,2,-136
1767172120.245238,-1,0,-140
1767172120.255238,2,0,-137
1767172120.265238,0,0,-137
1767172120.275238,3,1,-138
1767172120.2852385,4,3,-138
1767172120.2952385,2,1,-138
1767172120.3052382,-2,-1,-140
1767172120.3152382,-5,0,-145
1767172120.3252382,-2,0,-139
1767172120.3352382,0,-2,-133
1767172120.3452382,0,-4,-134
1767172120.3552382,1,0,-139
1767172120.3652382,3,-3,-138
1767172120.3752382,3,-2,-141
1767172120.3852382,3,-1,-152
1767172120.3952382,4,-2,-154
1767172120.4052382,5,-3,-154
1767172120.415238,5,-2,-155
1767172120.425238,4,-5,-150
1767172120.435238,6,0,-146
1767172120.445238,4,4,-142
1767172120.455238,5,2,-144
1767172120.465238,7,3,-150
1767172120.475238,10,6,-155
1767172120.485238,9,2,-154
1767172120.495238,10,-1,-154
1767172120.505238,10,-3,-149
1767172120.515238,4,-8,-148
1767172120.525238,1,-9,-155
1767172120.5352385,-2,-9,-158
1767172120.5452385,-4,-8,-157
1767172120.5552382,-7,-2,-160
1767172120.5652382,-10,-1,-154
1767172120.5752382,-10,0,-159
1767172120.5852382,-7,3,-153
1767172120.5952382,-5,1,-151
1767172120.6052382,-5,-3,-141
1767172120.6152382,-2,-5,-144
1767172120.6252382,4,-9,-146
1767172120.6352382,3,-7,-141
1767172120.6452382,-2,-7,-146
1767172120.6552382,-4,-4,-150
1767172120.665238,-4,-3,-150
1767172120.675238,-1,-5,-146
1767172120.685238,-2,-7,-142
1767172120.695238,0,-9,-139
1767172120.705238,1,-9,-137
1767172120.715238,2,-11,-133
1767172120.725238,1,-9,-141
1767172120.735238,0,-3,-147
1767172120.745238,3,-5,-149
1767172120.755238,4,-2,-149
1767172120.765238,0,0,-142
1767172120.775238,-5,1,-141
1767172120.7852385,-6,4,-139
1767172120.7952385,-5,4,-137
1767172120.8052382,-1,3,-135
1767172120.8152382,-6,2,-132
1767172120.8252382,-4,0,-127
1767172120.8352382,-3,-1,-130
1767172120.8452382,-1,-3,-133
1767172120.8552382,1,0,-140
1767172120.8652382,7,1,-147
1767172120.8752382,5,2,-147
1767172120.8852382,2,3,-152
1767172120.8952382,1,4,-147
1767172120.9052382,-1,1,-147
1767172120.915238,-2,-1,-147
1767172120.925238,0,-3,-144
1767172120.935238,-3,-7,-143
1767172120.945238,-11,-3,-135
1767172120.955238,-8,-2,-142
1767172120.965238,-6,-3,-140
1767172120.975238,-5,-4,-144
1767172120.985238,-7,-4,-148
1767172120.995238,-4,-3,-149
1767172121.005238,0,1,-145
1767172121.015238,0,3,-149
1767172121.025238,4,3,-150
1767172121.0352385,3,0,-149
1767172121.0452385,-1,-2,-150
1767172121.0552382,3,-2,-152
1767172121.0652382,1,-5,-146
1767172121.0752382,5,-2,-142
1767172121.0852382,2,-4,-139
1767172121.0952382,4,0,-130
1767172121.1052382,3,0,-133
1767172121.1152382,6,2,-143
1767172121.1252382,6,1,-148
1767172121.1352382,2,0,-154
1767172121.1452382,1,1,-158
1767172121.1552382,-1,2,-157
1767172121.165238,-1,1,-155
1767172121.175238,0,3,-152
1767172121.185238,-1,2,-149
1767172121.195238,-3,1,-147
1767172121.205238,3,-1,-148
1767172121.215238,2,-3,-145
1767172121.225238,1,0,-139
1767172121.235238,1,-3,-140
1767172121.245238,0,-5,-139
1767172121.255238,-1,-2,-138
1767172121.265238,-5,1,-138
1767172121.275238,-4,2,-138
1767172121.2852385,-11,2,-135
1767172121.2952385,-8,3,-140
1767172121.3052382,-4,2,-140
1767172121.3152382,-2,0,-135
1767172121.3252382,-3,6,-133
1767172121.3352382,-6,7,-132
1767172121.3452382,-6,4,-138
1767172121.3552382,-5,8,-129
1767172121.3652382,-8,9,-129
1767172121.3752382,-9,3,-134
1767172121.3852382,-8,0,-138
1767172121.3952382,-6,-2,-139
1767172121.4052382,-3,0,-134
1767172121.415238,4,1,-129
1767172121.425238,5,5,-127
1767172121.435238,3,3,-132
1767172121.445238,0,0,-129
1767172121.455238,-1,-3,-131
1767172121.465238,-4,0,-134
1767172121.475238,-6,-2,-136
1767172121.485238,-3,-3,-135
1767172121.495238,-2,1,-135
1767172121.505238,0,5,-138
1767172121.515238,-2,2,-132
1767172121.525238,-8,5,-130
1767172121.5352385,-5,1,-132
1767172121.5452385,-3,1,-139
1767172121.5552382,-4,1,-143
1767172121.5652382,1,-1,-144
1767172121.5752382,5,0,-141
1767172121.5852382,3,-2,-139
1767172121.5952382,1,-3,-142
1767172121.6052382,0,0,-146
1767172121.6152382,0,0,-147
1767172121.6252382,0,-2,-143
1767172121.6352382,3,-3,-144
1767172121.6452382,4,-4,-145
1767172121.6552382,4,-7,-141
1767172121.665238,1,-6,-146
1767172121.675238,1,-9,-148
1767172121.685238,-1,-7,-152
1767172121.695238,-2,-3,-145
1767172121.705238,3,-5,-139
1767172121.715238,5,-5,-141
1767172121.725238,2,-5,-143
1767172121.735238,-1,-6,-145
1767172121.745238,-1,-1,-147
1767172121.755238,2,3,-151
1767172121.765238,0,2,-165
1767172121.775238,0,2,-165
1767172121.7852385,-1,5,-170
1767172121.7952385,-2,3,-161
1767172121.8052382,3,3,-159
1767172121.8152382,5,6,-162
1767172121.8252382,7,4,-158
1767172121.8352382,2,1,-155
1767172121.8452382,0,0,-152
1767172121.8552382,0,-2,-144
1767172121.8652382,-2,-2,-139
1767172121.8752382,-4,1,-138
1767172121.8852382,-4,2,-135
1767172121.8952382,-5,-2,-133
1767172121.9052382,-8,-1,-132
1767172121.915238,-9,2,-134
1767172121.925238,-5,3,-138
1767172121.935238,-2,6,-146
1767172121.945238,1,9,-147
1767172121.955238,1,4,-142
1767172121.965238,3,2,-140
1767172121.975238,4,6,-134
1767172121.985238,6,7,-135
1767172121.995238,9,4,-143
1767172122.005238,6,3,-140
1767172122.015238,0,5,-137
1767172122.025238,-2,3,-130
1767172122.0352385,1,-1,-129
1767172122.0452385,-2,-2,-133
1767172122.0552382,-1,-1,-143
1767172122.0652382,-2,0,-147
1767172122.0752382,0,0,-145
1767172122.0852382,2,0,-149
1767172122.0952382,0,-1,-151
1767172122.1052382,0,0,-152
1767172122.1152382,-1,0,-148
1767172122.1252382,-7,0,-145
1767172122.1352382,-8,-4,-141
1767172122.1452382,-3,-3,-137
1767172122.1552382,-5,-7,-140
1767172122.165238,-7,-11,-147
1767172122.175238,-8,-7,-147
1767172122.185238,-7,-6,-141
1767172122.195238,-6,-5,-151
1767172122.205238,-6,-8,-145
1767172122.215238,-10,-5,-142
1767172122.225238,-12,-5,-135
1767172122.235238,-13,-5,-138
1767172122.245238,-10,-2,-145
1767172122.255238,-5,-1,-141
1767172122.265238,-4,-8,-148
1767172122.275238,-3,-9,-152
1767172122.2852385,0,-11,-149
1767172122.2952385,-1,-7,-155
1767172122.3052382,0,-9,-153
1767172122.3152382,1,-10,-156
1767172122.3252382,0,-11,-153
1767172122.3352382,2,-6,-151
1767172122.3452382,-3,-6,-143
1767172122.3552382,-3,-5,-148
1767172122.3652382,-3,-4,-149
1767172122.3752382,-1,-2,-151
1767172122.3852382,-2,0,-148
1767172122.3952382,-4,-4,-143
1767172122.4052382,-4,-3,-141
1767172122.415238,-7,-1,-137
1767172122.425238,-3,1,-140
1767172122.435238,-5,0,-146
1767172122.445238,-9,-1,-148
1767172122.455238,-7,0,-134
1767172122.465238,-1,-2,-133
1767172122.475238,0,-4,-134
1767172122.485238,0,-4,-130
1767172122.495238,2,-3,-132
1767172122.505238,-1,-3,-127
1767172122.5162382,0,-5,-120
1767172122.5262382,0,-3,-121
1767172122.5362382,1,-3,-124
1767172122.5462382,-2,-7,-132
1767172122.5562382,0,-4,-133
1767172122.5662382,0,-2,-137
1767172122.5762382,-2,-5,-141
1767172122.586238,-4,-6,-143
1767172122.596238,-3,-6,-144
1767172122.606238,-5,-11,-146
1767172122.616238,-1,-10,-150
1767172122.626238,-1,-11,-142
1767172122.636238,-1,-7,-135
1767172122.646238,-1,-6,-133
1767172122.656238,0,-6,-137
1767172122.6772382,4,-3,-135
1767172122.686238,1,-4,-139
1767172122.696238,0,-1,-146
1767172122.7062385,2,2,-147
1767172122.7162385,0,1,-143
1767172122.7262385,0,0,-144
1767172122.7362382,0,-2,-145
1767172122.7462382,0,-2,-151
1767172122.7562382,-1,-3,-160
1767172122.7662382,-2,-3,-152
1767172122.7762382,2,-6,-150
1767172122.7862382,0,-5,-149
1767172122.7962382,-4,-4,-149
1767172122.8062382,-6,0,-149
1767172122.8162382,-1,-2,-144
1767172122.8262382,0,-5,-140
1767172122.836238,3,-6,-143
1767172122.846238,3,-7,-144
1767172122.856238,2,-5,-152
1767172122.866238,2,-3,-157
1767172122.876238,0,-4,-150
1767172122.886238,0,-5,-149
1767172122.896238,0,-1,-144
1767172122.906238,0,-2,-134
1767172122.916238,2,-2,-140
1767172122.926238,1,0,-144
1767172122.936238,0,3,-144
1767172122.946238,3,0,-149
1767172122.9562385,6,-4,-151
1767172122.9662385,6,0,-152
1767172122.9762385,5,2,-147
1767172122.9862382,2,1,-155
1767172122.9962382,3,0,-155
1767172123.0062382,4,2,-154
1767172123.0162382,1,1,-157
1767172123.0262382,-3,0,-155
1767172123.0362382,-5,1,-151
1767172123.0462382,-3,-2,-150
1767172123.0562382,-2,-2,-153
1767172123.0662382,3,0,-150
1767172123.0762382,0,-3,-148
1767172123.086238,0,-5,-150
1767172123.096238,0,1,-147
1767172123.106238,0,1,-139
1767172123.116238,0,2,-142
1767172123.126238,-5,2,-143
1767172123.136238,-6,-3,-145
1767172123.146238,-3,-4,-145
1767172123.156238,-4,-3,-148
1767172123.166238,-4,-1,-141
1767172123.176238,-8,3,-142
1767172123.186238,-6,3,-141
1767172123.196238,-5,2,-136
1767172123.2062385,-6,4,-126
1767172123.2162385,-3,1,-126
1767172123.2262385,-2,-1,-126
1767172123.2362382,-2,-3,-130
1767172123.2462382,-3,-6,-136
1767172123.2562382,-3,-8,-138
1767172123.2662382,-4,-8,-132
1767172123.2762382,-4,-6,-138
1767172123.2862382,-4,-4,-145
1767172123.2962382,-6,-4,-145
1767172123.3062382,-8,-1,-143
1767172123.3162382,-6,-2,-137
1767172123.3262382,-7,-5,-134
1767172123.336238,-4,-2,-130
1767172123.346238,-2,-1,-132
1767172123.356238,-3,1,-142
1767172123.366238,-2,1,-143
1767172123.376238,-3,2,-141
1767172123.386238,-3,5,-146
1767172123.396238,-3,6,-151
1767172123.406238,-4,3,-148
1767172123.416238,-6,0,-143
1767172123.426238,0,-1,-147
1767172123.436238,0,-1,-153
1767172123.446238,-5,0,-149
1767172123.4562385,-2,2,-136
1767172123.4662385,0,0,-136
1767172123.4762385,-2,-1,-140
1767172123.4862382,-2,-1,-138
1767172123.4962382,0,1,-138
1767172123.5062382,5,-4,-139
1767172123.5162382,3,-4,-138
1767172123.5262382,0,-3,-144
1767172123.5362382,6,-2,-144
1767172123.5462382,3,-5,-144
1767172123.5562382,7,-5,-139
1767172123.5662382,5,-3,-142
1767172123.5762382,6,-4,-144
1767172123.586238,6,-3,-147
1767172123.596238,9,0,-148
1767172123.606238,1,0,-150
1767172123.616238,0,-3,-152
1767172123.626238,-2,-3,-153
1767172123.636238,0,-3,-149
1767172123.646238,-2,-1,-149
1767172123.656238,-4,-5,-150
1767172123.666238,0,-7,-140
1767172123.676238,7,-5,-148
1767172123.686238,3,-3,-151
1767172123.696238,4,0,-152
1767172123.7062385,5,2,-151
1767172123.7162385,3,3,-148
1767172123.7262385,4,1,-148
1767172123.7362382,1,0,-145
1767172123.7462382,-2,1,-141
1767172123.7562382,-4,1,-137
1767172123.7662382,-4,1,-143
1767172123.7762382,-5,0,-139
1767172123.7862382,-4,-4,-145
1767172123.7962382,-4,-7,-147
1767172123.8062382,-3,-8,-144
1767172123.8162382,-3,-9,-149
1767172123.8262382,2,-9,-147
1767172123.836238,-5,-5,-145
1767172123.846238,-6,-4,-147
1767172123.856238,-5,-4,-147
1767172123.866238,-6,-6,-148
1767172123.876238,-8,-7,-158
1767172123.886238,-7,-5,-160
1767172123.896238,-3,-6,-156
1767172123.906238,1,-7,-152
1767172123.916238,-5,-10,-154
1767172123.926238,-3,-6,-156
1767172123.936238,-4,-4,-156
1767172123.946238,-11,-3,-151
1767172123.9562385,-9,-1,-144
1767172123.9662385,-7,1,-146
1767172123.9762385,-1,4,-148
1767172123.9862382,0,2,-154
1767172123.9962382,-4,1,-156
1767172124.0062382,-3,-3,-154
1767172124.0162382,-3,-1,-155
1767172124.0262382,-6,0,-159
1767172124.0362382,-6,1,-153
1767172124.0462382,2,1,-150
1767172124.0562382,6,-1,-148
1767172124.0662382,5,-1,-153
1767172124.0762382,4,0,-153
1767172124.086238,-1,-1,-147
1767172124.096238,2,0,-146
1767172124.106238,1,1,-148
1767172124.116238,0,-3,-149
1767172124.126238,2,-5,-141
1767172124.136238,3,-2,-136
1767172124.146238,4,-4,-138
1767172124.156238,1,-2,-132
1767172124.166238,0,-2,-132
1767172124.176238,0,-2,-134
1767172124.186238,0,-2,-144
1767172124.196238,4,-7,-149
1767172124.2062385,1,-3,-146
1767172124.2162385,1,0,-140
1767172124.2262385,4,-5,-143
1767172124.2362382,2,-2,-149
1767172124.2462382,5,0,-151
1767172124.2562382,7,2,-145
1767172124.2662382,4,-3,-147
1767172124.2762382,3,-1,-143
1767172124.2862382,4,0,-139
1767172124.2962382,0,2,-139
1767172124.3062382,-1,0,-142
1767172124.3162382,3,-1,-135
1767172124.3262382,5,2,-133
1767172124.336238,6,3,-134
1767172124.346238,7,5,-142
1767172124.356238,2,0,-142
1767172124.366238,-3,0,-144
1767172124.376238,1,0,-146
1767172124.386238,3,-1,-151
1767172124.396238,3,-2,-145
1767172124.406238,5,2,-146
1767172124.416238,0,7,-146
1767172124.426238,-4,6,-144
1767172124.436238,-6,4,-146
1767172124.446238,-4,6,-143
1767172124.4562385,-6,3,-140
1767172124.4662385,-2,2,-143
1767172124.4762385,-4,3,-137
1767172124.4862382,-5,5,-140
1767172124.4962382,-5,6,-142
1767172124.5062382,-9,8,-149
1767172124.5162382,-10,3,-148
1767172124.5262382,-9,-1,-145
1767172124.5362382,-8,-6,-146
1767172124.5462382,-8,-4,-141
1767172124.5562382,-1,-1,-141
1767172124.5662382,-3,-2,-140
1767172124.5762382,0,-1,-141
1767172124.586238,0,0,-141
1767172124.596238,1,0,-147
1767172124.606238,-3,-1,-149
1767172124.616238,-1,0,-145
1767172124.626238,-1,-5,-151
1767172124.636238,0,-6,-146
1767172124.646238,1,-4,-148
1767172124.656238,1,-5,-144
1767172124.666238,1,-7,-140
1767172124.676238,3,-7,-143
1767172124.686238,4,-5,-141
1767172124.696238,3,-2,-142
1767172124.7062385,3,-4,-150
1767172124.7162385,0,-1,-152
1767172124.7262385,1,-1,-149
1767172124.7362382,1,-2,-147
1767172124.7462382,-3,-5,-142
1767172124.7562382,-5,-5,-142
1767172124.7662382,-2,-3,-142
1767172124.7762382,3,0,-140
1767172124.7862382,4,1,-139
1767172124.7962382,1,0,-143
1767172124.8062382,4,-4,-142
1767172124.8162382,1,-1,-143
1767172124.8262382,2,-4,-145
1767172124.836238,1,-3,-151
1767172124.846238,3,1,-150
1767172124.856238,2,0,-148
1767172124.866238,4,0,-148
1767172124.876238,7,1,-147
1767172124.886238,8,-1,-144
1767172124.896238,2,-7,-140
1767172124.906238,6,-5,-145
1767172124.916238,5,-3,-147
1767172124.926238,4,-4,-148
1767172124.936238,5,0,-148
1767172124.946238,2,-1,-142
1767172124.9562385,2,2,-145
1767172124.9662385,1,-2,-139
1767172124.9762385,0,-2,-133
1767172124.9862382,0,-1,-136
1767172124.9962382,2,-5,-137
1767172125.0062382,0,-2,-134
1767172125.0162382,-1,0,-140
1767172125.0262382,2,3,-145
1767172125.037238,0,1,-144
1767172125.0462382,-3,0,-141
1767172125.057238,-6,-1,-146
1767172125.067238,-7,1,-148
1767172125.077238,-7,4,-155
1767172125.087238,-10,4,-149
1767172125.097238,-11,5,-144
1767172125.107238,-7,3,-145
1767172125.117238,-8,0,-147
1767172125.127238,-5,-1,-151
1767172125.1372385,-11,-2,-148
1767172125.1472385,-9,-1,-148
1767172125.1572382,-10,-2,-146
1767172125.1672382,-10,0,-147
1767172125.1772382,-4,-1,-147
1767172125.1872382,-3,-1,-152
1767172125.1972382,-6,3,-147
1767172125.2072382,-1,2,-146
1767172125.2172382,-2,0,-146
1767172125.2272382,0,-1,-151
1767172125.2372382,2,-2,-154
1767172125.2472382,-4,-2,-147
1767172125.257238,-7,-1,-144
1767172125.267238,-7,-1,-140
1767172125.277238,-9,-1,-138
1767172125.287238,-6,-6,-146
1767172125.297238,-2,-4,-141
1767172125.307238,-1,-7,-144
1767172125.317238,-1,-6,-145
1767172125.327238,1,-1,-147
1767172125.337238,7,-1,-144
1767172125.347238,4,1,-139
1767172125.357238,4,0,-137
1767172125.367238,3,0,-140
1767172125.377238,1,0,-133
1767172125.3872385,2,-1,-134
1767172125.3972385,1,-4,-133
1767172125.4072382,1,-6,-137
1767172125.4172382,0,-3,-135
1767172125.4272382,4,-3,-137
1767172125.4372382,8,-2,-149
1767172125.4472382,6,-1,-153
1767172125.4572382,6,0,-153
1767172125.4672382,6,2,-151
1767172125.4772382,5,0,-151
1767172125.4872382,6,0,-155
1767172125.4972382,6,0,-153
1767172125.507238,8,-3,-153
1767172125.517238,7,-3,-153
1767172125.527238,4,-1,-157
1767172125.537238,4,0,-159
1767172125.547238,0,-4,-161
1767172125.557238,-3,-5,-149
1767172125.567238,1,-6,-150
1767172125.577238,1,-4,-155
1767172125.587238,0,0,-152
1767172125.597238,0,0,-151
1767172125.607238,6,-4,-145
1767172125.617238,2,-4,-142
1767172125.627238,5,-1,-137
1767172125.6372385,5,0,-137
1767172125.6472385,1,-1,-147
1767172125.6572382,1,-2,-145
1767172125.6672382,0,-5,-139
1767172125.6772382,1,-5,-134
1767172125.6872382,2,-5,-130
1767172125.6972382,2,-6,-133
1767172125.7072382,2,-5,-135
1767172125.7172382,8,-1,-136
1767172125.7272382,6,0,-131
1767172125.7372382,10,-2,-134
1767172125.7472382,5,-1,-138
1767172125.757238,8,-2,-140
1767172125.767238,4,-3,-136
1767172125.777238,0,-6,-139
1767172125.787238,-1,-8,-141
1767172125.797238,0,-9,-144
1767172125.807238,-2,-3,-143
1767172125.817238,0,-2,-139
1767172125.827238,-1,0,-143
1767172125.837238,1,-1,-137
1767172125.847238,0,0,-141
1767172125.857238,-2,-3,-144
1767172125.867238,-2,-4,-143
1767172125.877238,-4,0,-144
1767172125.8872385,-3,3,-144
1767172125.8972385,-3,1,-141
1767172125.9072382,-2,-1,-146
1767172125.9172382,-2,2,-150
1767172125.9272382,-2,1,-149
1767172125.9372382,2,1,-142
1767172125.9472382,0,0,-141
1767172125.9572382,-1,1,-137
1767172125.9672382,0,0,-133
1767172125.9772382,0,0,-140
1767172125.9872382,-2,-1,-141
1767172125.9972382,0,0,-147
1767172126.007238,-3,-2,-148
1767172126.017238,-3,-1,-145
1767172126.027238,-4,1,-142
1767172126.037238,-1,3,-150
1767172126.047238,1,2,-149
1767172126.057238,0,3,-146
1767172126.067238,0,1,-138
1767172126.077238,1,2,-144
1767172126.087238,0,0,-149
1767172126.097238,0,0,-148
1767172126.107238,0,3,-148
1767172126.117238,0,3,-146
1767172126.127238,-3,3,-146
1767172126.1372385,-9,2,-146
1767172126.1472385,-9,0,-135
1767172126.1572382,-7,0,-138
1767172126.1672382,-8,0,-138
1767172126.1772382,-7,0,-138
1767172126.1872382,-3,0,-140
1767172126.1972382,-1,-3,-139
1767172126.2072382,-4,-6,-132
1767172126.2172382,-9,-6,-136
1767172126.2272382,-9,-6,-142
1767172126.2372382,-13,-2,-145
1767172126.2472382,-12,-3,-140
1767172126.257238,-8,-1,-139
1767172126.267238,-4,-1,-139
1767172126.277238,-4,-6,-137
1767172126.287238,-1,-7,-134
1767172126.297238,-1,-8,-139
1767172126.307238,2,-5,-142
1767172126.317238,2,-3,-143
1767172126.327238,-1,-2,-140
1767172126.337238,0,0,-137
1767172126.347238,-3,1,-137
1767172126.357238,0,1,-135
1767172126.367238,-4,0,-127
1767172126.377238,-1,3,-122
1767172126.3872385,2,3,-126
1767172126.3972385,2,2,-132
1767172126.4072382,1,7,-132
1767172126.4172382,0,7,-136
1767172126.4272382,-1,9,-136
1767172126.4372382,-4,7,-136
1767172126.4472382,-8,4,-138
1767172126.4572382,-6,0,-140
1767172126.4672382,-3,0,-143
1767172126.4772382,-4,-1,-145
1767172126.4872382,-2,-2,-141
1767172126.4972382,0,-2,-145
1767172126.507238,1,0,-143
1767172126.517238,0,-2,-145
1767172126.527238,0,0,-146
1767172126.537238,0,-2,-142
1767172126.547238,4,-1,-142
1767172126.557238,5,0,-141
1767172126.567238,8,0,-146
1767172126.577238,8,-1,-146
1767172126.587238,6,0,-148
1767172126.597238,7,-3,-147
1767172126.607238,3,-4,-156
1767172126.617238,-2,0,-155
1767172126.627238,-4,3,-152
1767172126.6372385,-2,4,-150
1767172126.6472385,-6,1,-150
1767172126.6572382,-6,-4,-151
1767172126.6672382,-8,-7,-146
1767172126.6772382,-5,-7,-149
1767172126.6872382,-3,-3,-153
1767172126.6972382,-6,-3,-155
1767172126.7072382,-5,-3,-158
1767172126.7172382,-5,0,-157
1767172126.7272382,-3,0,-152
1767172126.7372382,-6,-4,-149
1767172126.7472382,-6,-3,-149
1767172126.757238,-4,-1,-151
1767172126.767238,-5,0,-154
1767172126.777238,1,-1,-148
1767172126.787238,0,0,-150
1767172126.797238,-2,-1,-143
1767172126.807238,-3,-1,-137
1767172126.817238,-3,0,-138
1767172126.827238,0,1,-145
1767172126.837238,-4,-2,-140
1767172126.847238,0,-6,-138
1767172126.857238,-1,-6,-138
1767172126.867238,0,-5,-136
1767172126.877238,-1,-4,-141
1767172126.8872385,-7,-3,-149
1767172126.8972385,-7,-2,-154
1767172126.9072382,-4,-1,-157
1767172126.9172382,-4,-1,-159
1767172126.9272382,-7,-4,-154
1767172126.9372382,-8,-1,-158
1767172126.9472382,-8,-1,-154
1767172126.9572382,-5,0,-155
1767172126.9672382,-4,4,-149
1767172126.9772382,-4,4,-148
1767172126.9872382,-10,4,-138
1767172126.9972382,-8,3,-133
1767172127.007238,-6,1,-142
1767172127.017238,-7,-1,-143
1767172127.027238,-4,-2,-141
1767172127.037238,-1,-3,-143
1767172127.047238,4,-4,-143
1767172127.057238,0,-1,-143
1767172127.067238,-3,-1,-139
1767172127.077238,-4,-4,-139
1767172127.087238,-7,-3,-142
1767172127.097238,-11,-1,-145
1767172127.107238,-12,-1,-149
1767172127.117238,-11,1,-149
1767172127.127238,-8,-3,-147
1767172127.1372385,-2,-4,-151
1767172127.1472385,-3,-3,-154
1767172127.1572382,0,-4,-155
1767172127.1672382,1,0,-161
1767172127.1772382,-3,-3,-162
1767172127.1872382,-5,-4,-157
1767172127.1972382,-3,-2,-157
1767172127.2072382,-7,-4,-152
1767172127.2172382,-9,-6,-152
1767172127.2272382,-3,-5,-160
1767172127.2372382,-1,-2,-156
1767172127.2472382,0,-1,-150
1767172127.257238,3,-2,-144
1767172127.267238,-1,-7,-143
1767172127.277238,0,-5,-148
1767172127.287238,4,-4,-148
1767172127.297238,4,-9,-150
1767172127.307238,4,-8,-152
1767172127.317238,5,-7,-147
1767172127.327238,7,-8,-144
1767172127.337238,4,-8,-143
1767172127.347238,2,-7,-147
1767172127.357238,3,-3,-145
1767172127.367238,0,0,-142
1767172127.377238,3,1,-141
1767172127.3872385,0,2,-144
1767172127.3972385,-3,1,-143
1767172127.4072382,0,-1,-149
1767172127.4172382,2,-2,-148
1767172127.4272382,1,-1,-149
1767172127.4372382,2,-3,-151
1767172127.4472382,3,-1,-151
1767172127.4572382,5,-3,-153
1767172127.4672382,8,-1,-155
1767172127.4772382,8,-4,-158
1767172127.4872382,5,-4,-158
1767172127.4972382,3,-3,-156
1767172127.507238,3,-3,-151
1767172127.517238,4,0,-139
1767172127.527238,3,2,-141
1767172127.538238,7,-3,-142
1767172127.548238,4,-3,-142
1767172127.5582385,2,-3,-143
1767172127.5682385,0,-1,-143
1767172127.5782382,3,-5,-141
1767172127.5882382,1,-4,-145
1767172127.5982382,-4,3,-145
1767172127.6082382,-1,1,-146
1767172127.6182382,-4,-2,-141
1767172127.6282382,-5,-1,-150
1767172127.6382382,-4,-3,-149
1767172127.6482382,-2,-2,-147
1767172127.6582382,1,-4,-143
1767172127.6682382,6,-5,-142
1767172127.689238,6,4,-145
1767172127.698238,4,5,-141
1767172127.708238,3,1,-137
1767172127.718238,4,3,-142
1767172127.728238,2,5,-143
1767172127.738238,1,5,-152
1767172127.748238,0,6,-153
1767172127.758238,-2,7,-156
1767172127.768238,0,3,-155
1767172127.778238,0,0,-153
1767172127.788238,0,3,-150
1767172127.798238,1,0,-150
1767172127.8082385,1,0,-150
1767172127.8182385,6,-1,-147
1767172127.8282382,5,-1,-148
1767172127.8382382,4,0,-144
1767172127.8482382,3,0,-148
1767172127.8582382,0,2,-147
1767172127.8682382,-5,0,-152
1767172127.8782382,-4,0,-153
1767172127.8882382,-5,-4,-152
1767172127.8982382,-5,0,-154
1767172127.9082382,-6,1,-159
1767172127.9182382,0,-5,-158
1767172127.9282382,-1,-5,-157
1767172127.938238,-3,-3,-153
1767172127.948238,-10,-6,-154
1767172127.958238,-9,-8,-148
1767172127.968238,-6,-10,-144
1767172127.978238,-6,-12,-148
1767172127.988238,-2,-12,-147
1767172127.998238,-2,-14,-146
1767172128.008238,-3,-11,-150
1767172128.018238,0,-4,-157
1767172128.028238,0,-6,-150
1767172128.038238,0,-7,-145
1767172128.048238,0,-3,-137
1767172128.0582385,2,-1,-134
1767172128.0682385,6,-4,-142
1767172128.0782382,2,-4,-146
1767172128.0882382,0,0,-149
1767172128.0982382,2,0,-143
1767172128.1082382,6,0,-144
1767172128.1182382,7,1,-149
1767172128.1282382,1,2,-149
1767172128.1382382,3,2,-145
1767172128.1482382,2,1,-140
1767172128.1582382,1,1,-137
1767172128.1682382,2,3,-132
1767172128.1782382,-1,4,-133
1767172128.188238,-5,0,-136
1767172128.198238,-2,0,-138
1767172128.208238,0,0,-141
1767172128.218238,3,-5,-143
1767172128.228238,3,-5,-143
1767172128.238238,3,-9,-142
1767172128.248238,2,0,-140
1767172128.258238,7,0,-139
1767172128.268238,1,0,-133
1767172128.278238,0,3,-132
1767172128.288238,1,0,-139
1767172128.298238,0,2,-139
1767172128.3082385,0,6,-139
1767172128.3182385,0,4,-145
1767172128.3282382,-2,-1,-144
1767172128.3382382,2,0,-142
1767172128.3482382,3,3,-136
1767172128.3582382,1,0,-134
1767172128.3682382,-2,-3,-136
1767172128.3782382,-1,-1,-141
1767172128.3882382,0,-1,-141
1767172128.3982382,0,-4,-142
1767172128.4082382,0,-3,-143
1767172128.4182382,2,0,-149
1767172128.4282382,2,-1,-142
1767172128.438238,3,-3,-151
1767172128.448238,2,-6,-156
1767172128.458238,3,-6,-146
1767172128.468238,4,-2,-148
1767172128.478238,9,0,-149
1767172128.488238,10,0,-145
1767172128.498238,9,0,-146
1767172128.508238,6,-4,-144
1767172128.518238,6,-1,-141
1767172128.528238,8,0,-140
1767172128.538238,7,-1,-138
1767172128.548238,5,0,-138
1767172128.5582385,6,-1,-136
1767172128.5682385,4,0,-140
1767172128.5782382,0,3,-140
1767172128.5882382,-2,2,-140
1767172128.5982382,-1,-4,-138
1767172128.6082382,3,-2,-136
1767172128.6182382,3,0,-144
1767172128.6282382,0,-3,-141
1767172128.6382382,-3,-3,-147
1767172128.6482382,-8,-1,-151
1767172128.6582382,-8,0,-146
1767172128.6682382,-10,-2,-149
1767172128.6782382,-7,-6,-145
1767172128.688238,-10,-5,-145
1767172128.698238,-2,-2,-150
1767172128.708238,0,3,-151
1767172128.718238,-1,0,-153
1767172128.728238,-2,0,-148
1767172128.738238,5,-1,-144
1767172128.748238,2,-1,-145
1767172128.758238,0,0,-144
1767172128.768238,0,0,-141
1767172128.778238,-1,-1,-137
1767172128.788238,2,-3,-145
1767172128.798238,3,-1,-144
1767172128.8082385,2,0,-142
1767172128.8182385,1,1,-148
1767172128.8282382,-2,0,-150
1767172128.8382382,-1,4,-148
1767172128.8482382,0,2,-149
1767172128.8582382,1,-2,-150
1767172128.8682382,0,-4,-156
1767172128.8782382,-1,-4,-150
1767172128.8882382,-1,-4,-148
1767172128.8982382,-4,-6,-140
1767172128.9082382,-6,-6,-140
1767172128.9182382,-3,-8,-142
1767172128.9282382,0,-5,-137
1767172128.938238,0,-5,-136
1767172128.948238,1,1,-140
1767172128.958238,3,2,-143
1767172128.968238,6,2,-144
1767172128.978238,4,1,-147
1767172128.988238,3,-2,-141
1767172128.998238,-1,0,-139
1767172129.008238,0,0,-144
1767172129.018238,-1,-2,-141
1767172129.028238,-4,1,-137
1767172129.038238,0,2,-139
1767172129.048238,-2,2,-145
1767172129.0582385,-3,1,-145
1767172129.0682385,-2,-4,-146
1767172129.0782382,-1,-2,-150
1767172129.0882382,-1,-4,-153
1767172129.0982382,0,-3,-151
1767172129.1082382,0,-4,-149
1767172129.1182382,-1,-5,-147
1767172129.1282382,0,-5,-153
1767172129.1382382,-1,-8,-150
1767172129.1482382,-2,-8,-147
1767172129.1582382,-1,-8,-143
1767172129.1682382,-4,-4,-145
1767172129.1782382,-3,-3,-146
1767172129.188238,-1,-2,-148
1767172129.198238,1,-1,-144
1767172129.208238,0,1,-150
1767172129.218238,-1,0,-155
1767172129.228238,2,2,-155
1767172129.238238,6,0,-148
1767172129.248238,4,-2,-148
1767172129.258238,2,-3,-153
1767172129.268238,0,-8,-149
1767172129.278238,4,-8,-143
1767172129.288238,0,-9,-140
1767172129.298238,6,-5,-139
1767172129.3082385,9,-2,-137
1767172129.3182385,5,0,-140
1767172129.3282382,5,2,-142
1767172129.3382382,0,0,-142
1767172129.3482382,0,0,-143
1767172129.3582382,-4,0,-147
1767172129.3682382,-6,-2,-145
1767172129.3782382,-1,-2,-143
1767172129.3882382,4,-2,-146
1767172129.3982382,3,-2,-150
1767172129.4082382,2,0,-142
1767172129.4182382,-1,0,-141
1767172129.4282382,-2,-2,-142
1767172129.438238,3,-4,-142
1767172129.448238,6,-7,-146
1767172129.458238,5,-8,-143
1767172129.468238,4,-3,-148
1767172129.478238,3,0,-143
1767172129.488238,6,-7,-138
1767172129.498238,4,-6,-143
1767172129.508238,-2,-4,-147
1767172129.518238,0,-4,-147
1767172129.528238,-4,-4,-147
1767172129.538238,-3,-3,-146
1767172129.548238,0,-3,-148
1767172129.5582385,-1,-5,-148
1767172129.5682385,-5,-2,-145
1767172129.5782382,-1,-3,-142
1767172129.5882382,-1,-4,-138
1767172129.5982382,1,-1,-134
1767172129.6082382,0,1,-136
1767172129.6182382,0,2,-137
1767172129.6282382,0,0,-135
1767172129.6382382,-3,2,-136
1767172129.6482382,-2,0,-138
1767172129.6582382,-1,-3,-140
1767172129.6682382,0,-2,-144
1767172129.6782382,-1,0,-145
1767172129.688238,0,1,-145
1767172129.698238,-1,1,-147
1767172129.708238,1,2,-147
1767172129.718238,0,3,-157
1767172129.728238,-2,0,-154
1767172129.738238,-1,-1,-146
1767172129.748238,-3,-3,-148
1767172129.758238,-2,-6,-145
1767172129.768238,0,-7,-143
1767172129.778238,3,-9,-146
1767172129.788238,3,-5,-151
1767172129.798238,-3,-4,-149
1767172129.8082385,-3,-5,-145
1767172129.8182385,-1,-9,-145
1767172129.8282382,0,-13,-145
1767172129.8382382,1,-13,-148
1767172129.8482382,3,-11,-151
1767172129.8582382,-2,-7,-147
1767172129.8682382,-2,-7,-152
1767172129.8782382,-2,-5,-152
1767172129.8882382,0,-6,-148
1767172129.8982382,0,-4,-146
1767172129.9082382,0,-3,-145
1767172129.9182382,0,-2,-146
1767172129.9282382,2,0,-144
1767172129.938238,0,-1,-144
1767172129.948238,-1,-1,-150
1767172129.958238,-4,-1,-149
1767172129.968238,-10,-2,-144
1767172129.978238,-11,-7,-143
1767172129.988238,-11,-11,-152
1767172129.998238,-5,-12,-156
1767172130.008238,-1,-11,-158
1767172130.018238,0,-9,-157
1767172130.028238,0,-6,-157
1767172130.038238,0,-6,-148
1767172130.048238,1,-9,-148
1767172130.0582385,-3,-5,-151
1767172130.0682385,-5,-3,-154
1767172130.0792382,-6,-3,-153
1767172130.0892382,-1,-6,-151
1767172130.0992382,0,-2,-158
1767172130.1082382,-2,2,-157
1767172130.119238,-2,-1,-153
1767172130.129238,0,0,-154
1767172130.139238,0,2,-156
1767172130.149238,-1,3,-150
1767172130.159238,1,-3,-155
1767172130.169238,4,-1,-147
1767172130.179238,1,-1,-148
1767172130.189238,0,0,-150
1767172130.199238,-1,-1,-144
1767172130.209238,-3,-1,-144
1767172130.219238,-8,0,-149
1767172130.2292385,-4,2,-149
1767172130.2392385,-5,4,-157
1767172130.2492385,-5,1,-160
1767172130.2592382,-4,0,-151
1767172130.2692382,0,0,-146
1767172130.2792382,-3,2,-143
1767172130.2892382,0,7,-144
1767172130.2992382,4,3,-140
1767172130.3092382,4,0,-145
1767172130.3192382,5,0,-142
1767172130.3292382,1,2,-144
1767172130.3392382,-5,4,-143
1767172130.3492382,-1,2,-143
1767172130.359238,0,1,-140
1767172130.369238,2,3,-131
1767172130.379238,5,4,-138
1767172130.389238,0,5,-144
1767172130.399238,-1,5,-140
1767172130.409238,-4,3,-141
1767172130.419238,-5,2,-138
1767172130.429238,-7,-2,-142
1767172130.439238,-4,-7,-143
1767172130.449238,-3,-8,-144
1767172130.459238,-3,-6,-152
1767172130.469238,-1,-8,-155
1767172130.4792385,0,-11,-153
1767172130.4892385,-3,-10,-148
1767172130.4992385,0,-12,-147
1767172130.5092382,2,-6,-153
1767172130.5192382,3,-4,-155
1767172130.5292382,1,-3,-153
1767172130.5392382,1,1,-151
1767172130.5492382,5,0,-149
1767172130.560238,3,3,-147
1767172130.5692382,4,-1,-146
1767172130.5792382,-1,-1,-145
1767172130.5892382,-4,0,-146
1767172130.5992382,-6,0,-145
1767172130.609238,-6,0,-146
1767172130.619238,-2,0,-141
1767172130.629238,-3,0,-149
1767172130.639238,-2,0,-147
1767172130.649238,-7,-1,-150
1767172130.659238,-6,-2,-146
1767172130.669238,-2,0,-152
1767172130.679238,-2,3,-150
1767172130.689238,0,2,-141
1767172130.699238,1,-1,-142
1767172130.709238,2,-3,-142
1767172130.719238,3,-1,-140
1767172130.7292385,4,-2,-133
1767172130.7392385,2,-3,-135
1767172130.7492385,0,-4,-133
1767172130.7592382,3,-4,-134
1767172130.7692382,1,-5,-136
1767172130.7792382,2,-5,-138
1767172130.7892382,0,-5,-138
1767172130.7992382,0,-6,-144
1767172130.8092382,0,-7,-139
1767172130.8192382,5,-8,-136
1767172130.8292382,4,-8,-145
1767172130.8392382,5,-9,-148
1767172130.8492382,4,-10,-153
1767172130.859238,2,-7,-152
1767172130.869238,-1,-9,-154
1767172130.879238,1,-9,-148
1767172130.889238,4,-6,-148
1767172130.899238,5,-2,-153
1767172130.909238,5,-3,-156
1767172130.919238,0,-4,-145
1767172130.929238,-1,-5,-146
1767172130.939238,1,-4,-147
1767172130.949238,1,-3,-136
1767172130.959238,2,0,-136
1767172130.969238,-3,1,-133
1767172130.9792385,0,0,-135
1767172130.9892385,4,-4,-133
1767172130.9992385,0,-5,-136
1767172131.0092382,0,-4,-135
1767172131.0192382,-1,-3,-134
1767172131.0292382,1,-6,-137
1767172131.0392382,4,-9,-136
1767172131.0492382,0,-12,-138
1767172131.0592382,1,-9,-138
1767172131.0692382,1,-10,-138
1767172131.0792382,-3,-8,-138
1767172131.0892382,0,-9,-141
1767172131.0992382,0,-11,-139
1767172131.109238,-2,-8,-139
1767172131.119238,-1,-10,-145
1767172131.129238,-3,-7,-148
1767172131.139238,0,-6,-145
1767172131.149238,0,-1,-144
1767172131.159238,0,1,-141
1767172131.169238,0,0,-137
1767172131.179238,-1,0,-137
1767172131.189238,-4,0,-141
1767172131.199238,-1,-3,-144
1767172131.209238,0,-3,-148
1767172131.219238,-3,-3,-143
1767172131.2292385,-3,-4,-140
1767172131.2392385,-8,-7,-137
1767172131.2492385,-2,-5,-133
1767172131.2592382,-4,-5,-133
1767172131.2692382,-2,-3,-137
1767172131.2792382,1,-3,-133
1767172131.2892382,-1,-4,-134
1767172131.2992382,-3,-5,-130
1767172131.3092382,-1,-6,-131
1767172131.3192382,-3,-1,-135
1767172131.3292382,1,0,-137
1767172131.3392382,3,0,-139
1767172131.3492382,4,0,-137
1767172131.359238,0,3,-139
1767172131.369238,-7,5,-136
1767172131.379238,-8,3,-135
1767172131.389238,-6,2,-138
1767172131.399238,-6,4,-140
1767172131.409238,-3,2,-135
1767172131.419238,-1,-1,-133
1767172131.429238,-4,-1,-136
1767172131.439238,-5,-3,-132
1767172131.449238,-6,-5,-134
1767172131.459238,-3,-5,-138
1767172131.469238,-3,-5,-144
1767172131.4792385,-4,-3,-143
1767172131.4892385,-3,-2,-148
1767172131.4992385,-6,-1,-144
1767172131.5092382,0,-1,-144
1767172131.5192382,0,-5,-143
1767172131.5292382,-2,-3,-145
1767172131.5392382,-2,-1,-146
1767172131.5492382,-3,2,-152
1767172131.5592382,-5,0,-157
1767172131.5692382,-4,-1,-160
1767172131.5792382,-2,1,-152
1767172131.5892382,-3,0,-147
1767172131.5992382,-3,-1,-145
1767172131.609238,-8,-3,-145
1767172131.619238,-8,-2,-142
1767172131.629238,-9,-1,-145
1767172131.639238,-8,-2,-144
1767172131.649238,-5,-4,-141
1767172131.659238,-6,0,-143
1767172131.669238,-4,2,-150
1767172131.679238,0,2,-146
1767172131.689238,0,0,-148
1767172131.699238,0,-3,-145
1767172131.709238,3,-5,-137
1767172131.719238,5,-5,-146
1767172131.7292385,5,-5,-149
1767172131.7392385,0,-2,-145
1767172131.7492385,3,-3,-145
1767172131.7592382,5,-3,-147
1767172131.7692382,4,-3,-147
1767172131.7792382,6,-1,-150
1767172131.7892382,10,-3,-150
1767172131.7992382,7,-5,-152
1767172131.8092382,1,-3,-155
1767172131.8192382,1,-2,-151
1767172131.8292382,-5,1,-152
1767172131.8392382,-8,3,-150
1767172131.8492382,-7,0,-151
1767172131.859238,-4,0,-156
1767172131.869238,-1,0,-156
1767172131.879238,3,1,-159
1767172131.889238,0,0,-151
1767172131.899238,2,0,-150
1767172131.909238,2,0,-142
1767172131.919238,1,-1,-142
1767172131.929238,0,0,-141
1767172131.939238,2,-2,-140
1767172131.949238,-2,-2,-136
1767172131.959238,0,-3,-136
1767172131.969238,5,-5,-138
1767172131.9792385,4,-3,-138
1767172131.9892385,8,0,-136
1767172131.9992385,10,-1,-135
1767172132.0092382,8,-2,-135
1767172132.0192382,4,-2,-145
1767172132.0292382,3,-2,-144
1767172132.0392382,2,0,-147
1767172132.0492382,4,-3,-148
1767172132.0592382,4,0,-146
1767172132.0692382,1,4,-148
1767172132.0792382,5,1,-150
1767172132.0892382,0,-1,-149
1767172132.0992382,1,-5,-150
1767172132.109238,2,-5,-154
1767172132.119238,1,-3,-154
1767172132.129238,0,-5,-154
1767172132.139238,-3,-5,-157
1767172132.149238,-7,-1,-150
1767172132.159238,-2,-4,-152
1767172132.169238,-4,-6,-155
1767172132.179238,0,-5,-152
1767172132.189238,4,0,-152
1767172132.199238,2,0,-152
1767172132.209238,-1,-3,-153
1767172132.219238,-1,-4,-149
1767172132.2292385,-2,-2,-147
1767172132.2392385,-2,0,-136
1767172132.2492385,-3,-2,-137
1767172132.2592382,-1,0,-140
1767172132.2692382,-2,-1,-137
1767172132.2792382,0,-4,-136
1767172132.2892382,-2,-8,-140
1767172132.2992382,-1,-6,-143
1767172132.3092382,-1,-4,-145
1767172132.3192382,-6,-1,-146
1767172132.3292382,-3,-2,-148
1767172132.3392382,0,-7,-145
1767172132.3492382,0,-6,-146
1767172132.359238,2,-6,-151
1767172132.369238,0,-3,-149
1767172132.379238,1,-3,-145
1767172132.389238,2,-3,-145
1767172132.399238,6,2,-150
1767172132.409238,4,5,-151
1767172132.419238,0,4,-149
1767172132.429238,-4,6,-158
1767172132.439238,-4,2,-154
1767172132.449238,-2,5,-152
1767172132.459238,-4,1,-148
1767172132.469238,-4,-2,-149
1767172132.4792385,-1,-5,-147
1767172132.4892385,-2,-6,-144
1767172132.4992385,-3,-5,-143
1767172132.5092382,1,-3,-150
1767172132.5192382,0,-6,-152
1767172132.5292382,-3,-7,-148
1767172132.5392382,-7,-1,-140
1767172132.5492382,-5,3,-140
1767172132.5592382,-4,1,-140
1767172132.5692382,-2,0,-134
1767172132.5792382,-1,-5,-137
1767172132.590238,-3,-9,-134
1767172132.600238,-3,-11,-136
1767172132.609238,1,-4,-138
1767172132.620238,2,0,-131
1767172132.630238,4,0,-135
1767172132.640238,6,-1,-139
1767172132.650238,5,0,-144
1767172132.6602385,0,-4,-148
1767172132.6702385,1,-7,-148
1767172132.6802382,3,-7,-144
1767172132.702238,0,-6,-137
1767172132.7102382,1,-9,-140
1767172132.7202382,5,-5,-137
1767172132.7302382,7,-4,-133
1767172132.7402382,5,-1,-133
1767172132.7502382,6,0,-133
1767172132.7602382,7,-2,-135
1767172132.7702382,3,-6,-133
1767172132.7802382,-5,-5,-132
1767172132.790238,-2,-4,-137
1767172132.800238,-3,-8,-138
1767172132.810238,-4,-11,-137
1767172132.820238,-4,-10,-135
1767172132.830238,-4,-6,-137
1767172132.840238,-4,-2,-135
1767172132.850238,-8,-3,-141
1767172132.860238,-6,-6,-149
1767172132.870238,-3,-9,-147
1767172132.880238,0,-8,-147
1767172132.890238,0,-9,-147
1767172132.900238,-1,-7,-146
1767172132.9102385,-4,-3,-150
1767172132.9202385,0,-6,-147
1767172132.9302382,4,-8,-147
1767172132.9402382,0,-5,-142
1767172132.9502382,-2,-1,-147
1767172132.9602382,0,3,-139
1767172132.9702382,0,4,-134
1767172132.9802382,-3,6,-136
1767172132.9902382,-2,8,-144
1767172133.0002382,0,4,-145
1767172133.0102382,-1,0,-146
1767172133.0202382,-4,1,-141
1767172133.0302382,-5,0,-134
1767172133.040238,0,3,-133
1767172133.050238,0,0,-132
1767172133.060238,0,-2,-140
1767172133.070238,4,0,-145
1767172133.080238,7,2,-149
1767172133.090238,0,4,-150
1767172133.100238,3,4,-148
1767172133.110238,2,2,-148
1767172133.120238,6,0,-147
1767172133.130238,9,0,-146
1767172133.140238,9,0,-149
1767172133.150238,0,-1,-147
1767172133.1602385,0,0,-146
1767172133.1702385,-5,-2,-148
1767172133.1802382,-7,1,-146
1767172133.1902382,-3,-1,-145
1767172133.2002382,0,-3,-140
1767172133.2102382,2,-3,-141
1767172133.2202382,5,-1,-132
1767172133.2302382,5,-3,-128
1767172133.2402382,4,-2,-130
1767172133.2502382,5,-2,-135
1767172133.2602382,7,0,-133
1767172133.2702382,1,0,-130
1767172133.2802382,0,0,-141
1767172133.290238,0,-3,-143
1767172133.300238,-1,-4,-138
1767172133.310238,-2,-4,-137
1767172133.320238,3,-8,-142
1767172133.330238,3,-6,-143
1767172133.340238,0,-5,-144
1767172133.350238,-4,-7,-148
1767172133.360238,-4,-6,-149
1767172133.370238,-1,-7,-142
1767172133.380238,2,-10,-147
1767172133.390238,4,-7,-147
1767172133.400238,8,-6,-151
1767172133.4102385,8,-5,-152
1767172133.4202385,10,-5,-154
1767172133.4302382,8,-4,-160
1767172133.4402382,6,-4,-154
1767172133.4502382,0,-1,-148
1767172133.4602382,-4,-2,-140
1767172133.4702382,-4,-4,-139
1767172133.4802382,-6,-1,-140
1767172133.4902382,-4,-1,-144
1767172133.5002382,-6,-5,-148
1767172133.5102382,-5,-6,-150
1767172133.5202382,0,-9,-149
1767172133.5302382,-3,-10,-149
1767172133.540238,-1,-8,-145
1767172133.550238,0,-6,-144
1767172133.560238,-2,-7,-144
1767172133.570238,1,-5,-147
1767172133.580238,0,-2,-148
1767172133.590238,-3,-1,-143
1767172133.600238,-8,4,-141
1767172133.610238,-8,1,-136
1767172133.620238,-9,1,-137
1767172133.630238,-6,0,-142
1767172133.640238,-9,-3,-139
1767172133.650238,-9,-6,-142
1767172133.6602385,-7,-3,-145
1767172133.6702385,-7,-5,-145
1767172133.6802382,-5,-4,-145
1767172133.6902382,-1,-4,-139
1767172133.7002382,0,-3,-142
1767172133.7102382,-1,-1,-141
1767172133.7202382,-3,-5,-139
1767172133.7302382,-3,0,-138
1767172133.7402382,0,2,-139
1767172133.7502382,2,1,-136
1767172133.7602382,0,5,-133
1767172133.7702382,-1,2,-130
1767172133.7802382,-2,-2,-135
1767172133.790238,-4,-5,-130
1767172133.800238,-1,-4,-139
1767172133.810238,-2,-2,-140
1767172133.820238,-1,-1,-146
1767172133.830238,2,0,-147
1767172133.840238,-1,-1,-147
1767172133.850238,-1,-2,-146
1767172133.860238,-4,-4,-145
1767172133.870238,-5,-5,-146
1767172133.880238,-1,-3,-152
1767172133.890238,0,0,-154
1767172133.900238,1,-1,-154
1767172133.9102385,1,-2,-149
1767172133.9202385,-2,0,-146
1767172133.9302382,-4,1,-143
1767172133.9402382,-4,1,-148
1767172133.9502382,-5,2,-155
1767172133.9602382,-2,3,-154
1767172133.9702382,1,2,-152
1767172133.9802382,1,3,-151
1767172133.9902382,-2,1,-151
1767172134.0002382,-3,-3,-150
1767172134.0102382,-6,-3,-148
1767172134.0202382,-8,-1,-145
1767172134.0302382,-10,0,-143
1767172134.040238,-11,0,-145
1767172134.050238,-11,-3,-139
1767172134.060238,-11,-6,-143
1767172134.070238,-11,-6,-141
1767172134.080238,-10,-4,-143
1767172134.090238,-8,-8,-144
1767172134.100238,-4,-5,-147
1767172134.110238,-2,-2,-143
1767172134.120238,-4,0,-139
1767172134.130238,-2,0,-141
1767172134.140238,-1,3,-144
1767172134.150238,-5,2,-147
1767172134.1602385,-7,-4,-150
1767172134.1702385,0,-8,-139
1767172134.1802382,1,-9,-135
1767172134.1902382,3,-6,-137
1767172134.2002382,5,-3,-141
1767172134.2102382,4,0,-138
1767172134.2202382,8,0,-135
1767172134.2302382,6,4,-146
1767172134.2402382,3,5,-145
1767172134.2502382,1,5,-146
1767172134.2602382,0,5,-149
1767172134.2702382,2,2,-147
1767172134.2802382,2,2,-144
1767172134.290238,0,0,-147
1767172134.300238,0,-2,-154
1767172134.310238,2,2,-160
1767172134.320238,0,3,-156
1767172134.330238,0,3,-149
1767172134.340238,0,5,-146
1767172134.350238,3,4,-150
1767172134.360238,4,2,-149
1767172134.370238,1,5,-147
1767172134.380238,-2,3,-141
1767172134.390238,-3,-2,-141
1767172134.400238,-4,-5,-145
1767172134.4102385,0,-8,-149
1767172134.4202385,2,-7,-150
1767172134.4302382,2,-5,-144
1767172134.4402382,6,-3,-145
1767172134.4502382,4,-3,-146
1767172134.4602382,3,-3,-146
1767172134.4702382,1,-1,-145
1767172134.4802382,3,-2,-147
1767172134.4902382,3,-4,-154
1767172134.5002382,0,-7,-151
1767172134.5102382,-1,-5,-152
1767172134.5202382,2,-2,-152
1767172134.5302382,5,0,-150
1767172134.540238,4,0,-147
1767172134.550238,1,-1,-153
1767172134.560238,3,0,-149
1767172134.570238,5,-3,-148
1767172134.580238,6,-2,-151
1767172134.590238,8,-2,-145
1767172134.600238,3,1,-139
1767172134.610238,1,1,-150
1767172134.620238,0,-1,-149
1767172134.630238,0,-4,-145
1767172134.640238,0,-4,-146
1767172134.650238,-2,-7,-153
1767172134.6602385,0,-4,-153
1767172134.6702385,-1,-1,-149
1767172134.6802382,0,0,-145
1767172134.6902382,5,0,-144
1767172134.7002382,3,0,-143
1767172134.7102382,0,0,-144
1767172134.7202382,2,0,-146
1767172134.7302382,1,1,-150
1767172134.7402382,-1,-4,-151
1767172134.7502382,1,-6,-150
1767172134.7602382,-2,-8,-148
1767172134.7702382,-2,-6,-144
1767172134.7802382,0,0,-145
1767172134.790238,0,0,-150
1767172134.800238,0,1,-149
1767172134.810238,-1,-4,-149
1767172134.820238,0,-6,-142
1767172134.830238,-1,-7,-137
1767172134.840238,1,-11,-138
1767172134.850238,1,-10,-138
1767172134.860238,0,-7,-139
1767172134.870238,1,-5,-139
1767172134.880238,0,-7,-148
1767172134.890238,-4,-6,-152
1767172134.900238,-8,-2,-154
1767172134.9102385,-8,0,-159
1767172134.9202385,-8,-3,-162
1767172134.9302382,-7,-2,-163
1767172134.9402382,-10,-5,-153
1767172134.9502382,-3,-9,-146
1767172134.9602382,2,-2,-141
1767172134.9702382,0,-2,-150
1767172134.9802382,0,-3,-155
1767172134.9902382,-2,0,-155
1767172135.0002382,0,-1,-149
1767172135.0102382,-1,-4,-151
1767172135.0202382,0,-2,-142
1767172135.0302382,-2,0,-142
1767172135.040238,-2,0,-145
1767172135.050238,0,0,-143
1767172135.060238,2,2,-140
1767172135.071238,7,-1,-137
1767172135.080238,6,-4,-138
1767172135.090238,2,-1,-141
1767172135.100238,0,2,-145
1767172135.1112382,-2,4,-149
1767172135.120238,0,7,-153
1767172135.1312382,0,1,-154
1767172135.1412382,-1,1,-159
1767172135.1512382,-4,-1,-154
1767172135.1612382,-4,1,-151
1767172135.1712382,-4,1,-149
1767172135.1812382,-3,2,-153
1767172135.1912382,-5,-1,-147
1767172135.2012382,-2,-3,-144
1767172135.211238,-1,-1,-144
1767172135.221238,-1,1,-146
1767172135.231238,-1,2,-149
1767172135.241238,-4,1,-153
1767172135.251238,-4,1,-145
1767172135.261238,-2,0,-146
1767172135.271238,0,0,-138
1767172135.281238,-1,-1,-133
1767172135.291238,0,-1,-140
1767172135.301238,0,-2,-147
1767172135.311238,1,-2,-153
1767172135.321238,4,-3,-150
1767172135.3312385,4,-4,-156
1767172135.3412385,2,0,-151
1767172135.3512385,1,1,-140
1767172135.3612382,2,0,-148
1767172135.3712382,4,0,-148
1767172135.3812382,7,1,-147
1767172135.3912382,4,1,-152
1767172135.4012382,2,0,-148
1767172135.4112382,1,-5,-146
1767172135.4212382,3,-5,-140
1767172135.4312382,2,-7,-147
1767172135.4412382,0,-4,-150
1767172135.4512382,0,-2,-150
1767172135.461238,0,-4,-146
1767172135.471238,-2,-4,-142
1767172135.481238,-1,-3,-142
1767172135.491238,0,0,-146
1767172135.501238,-5,0,-146
1767172135.511238,-4,-4,-150
1767172135.521238,-4,-4,-153
1767172135.531238,-3,-5,-155
1767172135.541238,-6,-4,-158
1767172135.551238,-7,0,-161
1767172135.561238,-6,-2,-161
1767172135.571238,-6,-3,-152
1767172135.5812385,-4,-3,-147
1767172135.5912385,-2,-6,-142
1767172135.6012385,-1,-6,-140
1767172135.6112382,0,-2,-141
1767172135.6212382,0,0,-144
1767172135.6312382,-1,0,-146
1767172135.6412382,0,0,-143
1767172135.6512382,-2,0,-148
1767172135.6612382,2,-2,-148
1767172135.6712382,0,-3,-143
1767172135.6812382,1,0,-134
1767172135.6912382,-2,0,-134
1767172135.7012382,2,0,-138
1767172135.711238,0,-1,-144
1767172135.721238,0,0,-145
1767172135.731238,1,1,-145
1767172135.741238,3,5,-140
1767172135.751238,3,0,-138
1767172135.761238,5,-4,-139
1767172135.771238,4,-5,-140
1767172135.781238,2,-6,-139
1767172135.791238,1,-2,-147
1767172135.801238,1,-1,-151
1767172135.811238,1,0,-154
1767172135.821238,-2,-2,-151
1767172135.8312385,-3,-6,-143
1767172135.8412385,-2,-5,-149
1767172135.8512385,-8,-3,-145
1767172135.8612382,-7,-2,-147
1767172135.8712382,-9,-5,-141
1767172135.8812382,-8,-3,-140
1767172135.8912382,-5,-3,-144
1767172135.9012382,-1,-8,-146
1767172135.9112382,-1,-7,-147
1767172135.9212382,-1,-6,-144
1767172135.9312382,0,-7,-149
1767172135.9412382,-2,-5,-153
1767172135.9512382,-4,-3,-154
1767172135.961238,-2,-1,-154
1767172135.971238,0,4,-153
1767172135.981238,-4,1,-147
1767172135.991238,-6,0,-149
1767172136.001238,0,-3,-143
1767172136.011238,5,-2,-150
1767172136.021238,6,-1,-145
1767172136.031238,1,-3,-139
1767172136.041238,-1,-2,-143
1767172136.051238,-1,0,-148
1767172136.061238,-4,0,-149
1767172136.071238,-9,2,-153
1767172136.0812385,-10,1,-156
1767172136.0912385,-6,1,-151
1767172136.1012385,-5,0,-145
1767172136.1112382,-3,-3,-146
1767172136.1212382,-6,-6,-145
1767172136.1312382,-2,-4,-146
1767172136.1412382,-4,-5,-142
1767172136.1512382,-5,-4,-135
1767172136.1612382,0,-5,-135
1767172136.1712382,0,-5,-135
1767172136.1812382,-1,-2,-136
1767172136.1912382,1,-1,-135
1767172136.2012382,0,0,-139
1767172136.211238,3,1,-135
1767172136.221238,3,0,-136
1767172136.231238,5,0,-144
1767172136.241238,6,0,-144
1767172136.251238,-1,-1,-147
1767172136.261238,0,0,-152
1767172136.271238,2,-1,-146
1767172136.281238,0,-3,-143
1767172136.291238,-3,-4,-139
1767172136.301238,-2,-4,-143
1767172136.311238,-4,-3,-141
1767172136.321238,-4,-4,-147
1767172136.3312385,-2,-2,-152
1767172136.3412385,1,2,-157
1767172136.3512385,0,3,-155
1767172136.3612382,1,5,-150
1767172136.3712382,0,2,-140
1767172136.3812382,-5,0,-139
1767172136.3912382,-10,3,-142
1767172136.4012382,-11,0,-142
1767172136.4112382,-10,-2,-147
1767172136.4212382,-4,-4,-152
1767172136.4312382,-2,-1,-156
1767172136.4412382,0,-3,-149
1767172136.4512382,1,0,-143
1767172136.461238,-1,5,-147
1767172136.471238,-1,0,-142
1767172136.481238,0,-2,-136
1767172136.491238,1,-2,-139
1767172136.501238,0,-2,-136
1767172136.511238,0,-6,-140
1767172136.521238,0,-3,-140
1767172136.531238,2,0,-141
1767172136.541238,5,0,-141
1767172136.551238,8,-1,-145
1767172136.561238,9,0,-150
1767172136.571238,5,0,-150
1767172136.5812385,0,0,-146
1767172136.5912385,0,-1,-142
1767172136.6012385,2,1,-140
1767172136.6112382,6,0,-140
1767172136.6212382,4,1,-139
1767172136.6312382,-1,0,-144
1767172136.6412382,-3,2,-150
1767172136.6512382,2,0,-146
1767172136.6612382,0,1,-144
1767172136.6712382,1,0,-148
1767172136.6812382,-1,0,-150
1767172136.6912382,-1,-1,-146
1767172136.7012382,-3,-4,-151
1767172136.711238,-5,-8,-154
1767172136.721238,-5,-6,-156
1767172136.731238,-4,-7,-150
1767172136.741238,-6,-8,-149
1767172136.751238,-6,-7,-147
1767172136.761238,-9,-5,-147
1767172136.771238,-9,-6,-146
1767172136.781238,-10,-4,-148
1767172136.791238,-7,-2,-147
1767172136.801238,-9,-3,-143
1767172136.811238,-13,-3,-146
1767172136.821238,-11,-4,-143
1767172136.8312385,-12,-6,-139
1767172136.8412385,-9,-8,-143
1767172136.8512385,-8,-11,-141
1767172136.8612382,-9,-8,-148
1767172136.8712382,-7,-3,-150
1767172136.8812382,-6,-1,-152
1767172136.8912382,-2,-4,-142
1767172136.9012382,-1,-4,-141
1767172136.9112382,-1,-7,-141
1767172136.9212382,1,-6,-144
1767172136.9312382,4,-2,-145
1767172136.9412382,-5,-3,-142
1767172136.9512382,-3,-1,-147
1767172136.961238,-4,0,-146
1767172136.971238,-5,2,-142
1767172136.981238,-8,5,-144
1767172136.991238,-5,5,-143
1767172137.001238,-1,6,-142
1767172137.011238,-3,5,-142
1767172137.021238,-5,4,-140
1767172137.031238,-2,2,-139
1767172137.041238,-2,-3,-145
1767172137.051238,-1,-5,-142
1767172137.061238,-2,-8,-147
1767172137.071238,-3,-11,-143
1767172137.0812385,1,-8,-148
1767172137.0912385,0,-4,-144
1767172137.1012385,-2,-4,-146
1767172137.1112382,-2,-3,-142
1767172137.1212382,-1,0,-145
1767172137.1312382,-4,-3,-143
1767172137.1412382,-4,-3,-145
1767172137.1512382,-6,-7,-148
1767172137.1612382,-10,-6,-146
1767172137.1712382,-9,-3,-146
1767172137.1812382,-9,-2,-140
1767172137.1912382,-9,-2,-137
1767172137.2012382,-9,-2,-142
1767172137.211238,-9,0,-139
1767172137.221238,-8,0,-134
1767172137.231238,-6,0,-134
1767172137.241238,-3,-3,-132
1767172137.251238,-5,-5,-129
1767172137.261238,-6,-4,-131
1767172137.271238,-3,-4,-137
1767172137.281238,1,-8,-138
1767172137.291238,-1,-9,-134
1767172137.301238,-6,-4,-135
1767172137.311238,-5,-3,-142
1767172137.321238,-5,0,-141
1767172137.3312385,-3,2,-139
1767172137.3412385,-2,4,-139
1767172137.3512385,-6,1,-141
1767172137.3612382,-6,0,-145
1767172137.3712382,-3,0,-151
1767172137.3812382,0,0,-153
1767172137.3912382,5,0,-154
1767172137.4012382,2,0,-154
1767172137.4112382,2,1,-151
1767172137.4212382,6,-3,-144
1767172137.4312382,2,-5,-147
1767172137.4412382,-1,-8,-138
1767172137.4512382,-1,-8,-131
1767172137.461238,-1,-6,-130
1767172137.471238,0,-4,-138
1767172137.481238,0,-3,-142
1767172137.491238,-2,-1,-143
1767172137.501238,-3,0,-138
1767172137.511238,-4,1,-144
1767172137.521238,0,2,-144
1767172137.531238,0,4,-147
1767172137.541238,-6,1,-144
1767172137.551238,-6,-1,-145
1767172137.561238,-10,-1,-143
1767172137.571238,-8,-5,-140
1767172137.5812385,-8,-3,-137
1767172137.5912385,-4,-1,-134
1767172137.6012385,-3,-4,-134
1767172137.6112382,-4,-5,-137
1767172137.6212382,-1,-4,-137
1767172137.6312382,-3,-5,-138
1767172137.6412382,-1,-4,-139
1767172137.6512382,0,-4,-137
1767172137.662238,2,-8,-134
1767172137.6712382,0,-3,-137
1767172137.682238,1,1,-134
1767172137.692238,3,1,-134
1767172137.7142382,0,0,-135
1767172137.722238,0,4,-138
1767172137.732238,2,3,-143
1767172137.742238,0,4,-141
1767172137.752238,-1,0,-139
1767172137.7622385,-4,0,-133
1767172137.7722385,-3,0,-132
1767172137.7822382,-5,0,-138
1767172137.7922382,-5,-1,-137
1767172137.8022382,-5,-4,-142
1767172137.8122382,-7,-6,-143
1767172137.8222382,-8,-6,-145
1767172137.8322382,-9,-3,-146
1767172137.8422382,-3,3,-144
1767172137.8522382,0,5,-143
1767172137.8622382,-1,1,-142
1767172137.8722382,2,3,-138
1767172137.882238,2,-2,-143
1767172137.892238,3,-5,-141
1767172137.902238,1,-3,-146
1767172137.912238,-1,0,-142
1767172137.922238,0,2,-143
1767172137.9332385,1,0,-137
1767172137.942238,2,-3,-145
1767172137.952238,6,-2,-144
1767172137.962238,5,-4,-135
1767172137.972238,5,-2,-135
1767172137.982238,4,-1,-135
1767172137.992238,3,0,-134
1767172138.002238,4,-2,-132
1767172138.0122385,7,-4,-134
1767172138.0222385,6,-6,-138
1767172138.0322382,4,-8,-139
1767172138.0422382,7,-5,-148
1767172138.0522382,4,-3,-151
1767172138.0622382,8,-2,-147
1767172138.0722382,3,1,-146
1767172138.0822382,2,1,-147
1767172138.0922382,0,4,-151
1767172138.1022382,0,5,-146
1767172138.1122382,-2,7,-149
1767172138.1222382,-3,7,-143
1767172138.132238,-9,7,-141
1767172138.142238,-7,6,-138
1767172138.152238,-6,2,-139
1767172138.162238,-12,0,-141
1767172138.172238,-9,1,-139
1767172138.182238,-6,0,-137
1767172138.192238,-2,-4,-138
1767172138.202238,0,-2,-141
1767172138.212238,-6,-6,-146
1767172138.222238,-1,-8,-150
1767172138.232238,2,-5,-152
1767172138.242238,6,-6,-153
1767172138.252238,0,-7,-144
1767172138.2622385,4,-4,-138
1767172138.2722385,1,-3,-141
1767172138.2822382,-2,-1,-143
1767172138.2922382,-4,-3,-148
1767172138.3022382,-5,-5,-142
1767172138.3122382,-2,-3,-136
1767172138.3222382,-6,-4,-137
1767172138.3322382,-3,-4,-136
1767172138.3422382,-3,-5,-137
1767172138.3522382,-4,-5,-135
1767172138.3622382,0,-4,-129
1767172138.3722382,0,-9,-130
1767172138.382238,-1,-10,-132
1767172138.392238,1,-8,-139
1767172138.402238,-5,-6,-142
1767172138.412238,-4,-6,-150
1767172138.422238,-2,-3,-145
1767172138.432238,-5,-2,-141
1767172138.442238,-2,-5,-147
1767172138.452238,1,0,-152
1767172138.462238,3,1,-153
1767172138.472238,1,0,-150
1767172138.482238,-1,-2,-149
1767172138.492238,-3,-2,-159
1767172138.502238,0,-5,-163
1767172138.5122385,5,-8,-155
1767172138.5222385,2,-5,-153
1767172138.5322382,-1,-3,-153
1767172138.5422382,-5,-4,-153
1767172138.5522382,-7,-4,-151
1767172138.5622382,-6,-7,-149
1767172138.5722382,-5,-4,-148
1767172138.5822382,-7,-3,-141
1767172138.5922382,-8,-2,-139
1767172138.6022382,-6,-3,-144
1767172138.6122382,-2,-1,-145
1767172138.6222382,-1,0,-142
1767172138.632238,0,-3,-144
1767172138.642238,3,-3,-140
1767172138.652238,4,-4,-141
1767172138.662238,0,-3,-147
1767172138.672238,0,2,-140
1767172138.682238,-3,4,-145
1767172138.692238,-4,4,-142
1767172138.702238,-4,7,-145
1767172138.712238,-2,6,-145
1767172138.722238,-5,5,-145
1767172138.732238,-5,1,-147
1767172138.742238,-4,0,-146
1767172138.752238,-6,0,-142
1767172138.7622385,-6,5,-140
1767172138.7722385,-1,2,-138
1767172138.7822382,-2,-1,-141
1767172138.7922382,-2,2,-140
1767172138.8022382,-1,4,-146
1767172138.8122382,2,1,-138
1767172138.8222382,4,1,-144
1767172138.8322382,4,6,-145
1767172138.8422382,0,1,-141
1767172138.8522382,0,-3,-147
1767172138.8622382,-1,-7,-139
1767172138.8722382,-1,-11,-141
1767172138.882238,-3,-8,-147
1767172138.892238,-6,-6,-146
1767172138.902238,-4,-6,-140
1767172138.912238,0,-7,-144
1767172138.922238,2,-3,-152
1767172138.932238,4,-2,-149
1767172138.942238,4,-1,-143
1767172138.952238,0,0,-145
1767172138.962238,0,0,-143
1767172138.972238,0,-1,-142
1767172138.982238,2,0,-142
1767172138.992238,5,2,-139
1767172139.002238,4,3,-141
1767172139.0122385,0,1,-145
1767172139.0222385,3,0,-152
1767172139.0322382,1,1,-154
1767172139.0422382,0,-2,-143
1767172139.0522382,-3,-1,-139
1767172139.0622382,-3,-1,-143
1767172139.0722382,-3,-1,-139
1767172139.0822382,0,-3,-134
1767172139.0922382,-1,-12,-133
1767172139.1022382,0,-14,-131
1767172139.1122382,2,-8,-133
1767172139.1222382,1,-8,-136
1767172139.132238,2,-10,-135
1767172139.142238,3,-9,-139
1767172139.152238,0,-7,-142
1767172139.162238,1,-6,-147
1767172139.172238,2,-5,-148
1767172139.182238,3,-5,-147
1767172139.192238,0,-2,-144
1767172139.202238,1,-3,-140
1767172139.212238,1,-6,-138
1767172139.222238,0,-3,-136
1767172139.232238,-3,-2,-135
1767172139.242238,-2,-3,-136
1767172139.252238,2,-2,-138
1767172139.2622385,1,2,-141
1767172139.2722385,1,0,-144
1767172139.2822382,1,-2,-145
1767172139.2922382,1,2,-142
1767172139.3022382,3,1,-138
1767172139.3122382,2,1,-132
1767172139.3222382,4,-5,-138
1767172139.3322382,0,-8,-143
1767172139.3422382,0,-9,-143
1767172139.3522382,0,-6,-148
1767172139.3622382,0,-5,-149
1767172139.3722382,7,-6,-149
1767172139.382238,7,-6,-144
1767172139.392238,2,-5,-138
1767172139.402238,-4,-6,-143
1767172139.412238,-5,-4,-150
1767172139.422238,-1,-1,-144
1767172139.432238,1,-1,-148
1767172139.442238,1,0,-145
1767172139.452238,3,1,-146
1767172139.462238,1,-1,-145
1767172139.472238,0,-1,-146
1767172139.482238,3,4,-150
1767172139.492238,4,3,-152
1767172139.502238,2,1,-148
1767172139.5122385,7,0,-147
1767172139.5222385,7,-5,-139
1767172139.5322382,3,-4,-142
1767172139.5422382,3,-1,-139
1767172139.5522382,3,-1,-142
1767172139.5622382,5,-4,-144
1767172139.5722382,6,0,-136
1767172139.5822382,5,-1,-133
1767172139.5922382,5,0,-130
1767172139.6022382,1,0,-139
1767172139.6122382,0,-1,-145
1767172139.6222382,-2,-3,-145
1767172139.632238,2,-1,-146
1767172139.642238,0,1,-140
1767172139.652238,5,0,-139
1767172139.662238,1,0,-144
1767172139.672238,0,-3,-144
1767172139.682238,0,-2,-142
1767172139.692238,1,-1,-136
1767172139.702238,1,-3,-138
1767172139.712238,0,-2,-135
1767172139.722238,0,-3,-138
1767172139.732238,0,-1,-137
1767172139.742238,2,0,-138
1767172139.752238,3,0,-136
1767172139.7622385,6,-1,-135
1767172139.7722385,6,-3,-141
1767172139.7822382,8,-9,-144
1767172139.7922382,8,-7,-136
1767172139.8022382,10,-3,-135
1767172139.8122382,5,-5,-138
1767172139.8222382,0,-5,-144
1767172139.8322382,1,-6,-145
1767172139.8422382,0,-4,-148
1767172139.8522382,4,-4,-157
1767172139.8622382,0,-2,-157
1767172139.8722382,-6,-2,-150
1767172139.882238,-3,-7,-149
1767172139.892238,-7,-7,-150
1767172139.902238,-8,-5,-153
1767172139.912238,-6,-4,-154
1767172139.922238,-3,-5,-156
1767172139.932238,2,-6,-157
1767172139.942238,5,-8,-155
1767172139.952238,5,-6,-153
1767172139.962238,5,-3,-149
1767172139.972238,1,-1,-147
1767172139.982238,1,-4,-145
1767172139.992238,-1,-4,-147
1767172140.002238,-3,-4,-142
1767172140.0122385,-2,-3,-140
1767172140.0222385,0,-4,-132
1767172140.0322382,0,-5,-138
1767172140.0422382,-1,-4,-143
1767172140.0522382,0,-6,-147
1767172140.0622382,5,-5,-146
1767172140.0722382,0,-2,-145
1767172140.0822382,0,-2,-139
1767172140.0922382,-2,-3,-140
1767172140.1022382,-1,-1,-146
1767172140.1122382,-1,-1,-148
1767172140.123238,1,-4,-147
1767172140.132238,0,-6,-143
1767172140.142238,-1,-5,-147
1767172140.152238,-1,-4,-147
1767172140.162238,-2,-6,-144
1767172140.172238,-3,-5,-135
1767172140.182238,0,-4,-134
1767172140.192238,0,-3,-127
1767172140.2032382,-1,0,-138
1767172140.2132382,-3,0,-140
1767172140.2232382,-4,-2,-142
1767172140.2332382,-2,1,-150
1767172140.2432382,-4,2,-149
1767172140.2532382,0,0,-150
1767172140.2632382,0,2,-149
1767172140.2732382,3,2,-147
1767172140.2832382,3,-3,-147
1767172140.2932382,4,-6,-145
1767172140.3032382,4,-5,-142
1767172140.313238,3,-6,-141
1767172140.323238,0,-6,-142
1767172140.333238,3,-4,-143
1767172140.343238,2,-1,-138
1767172140.353238,0,-3,-144
1767172140.363238,0,-6,-152
1767172140.373238,-5,-1,-155
1767172140.383238,0,0,-157
1767172140.393238,-1,-1,-157
1767172140.403238,-2,-2,-154
1767172140.413238,-4,-6,-154
1767172140.423238,-3,-6,-160
1767172140.4332385,0,-3,-155
1767172140.4432385,-3,0,-148
1767172140.4532382,-6,0,-147
1767172140.4632382,-4,5,-153
1767172140.4732382,-5,5,-147
1767172140.4832382,-4,1,-147
1767172140.4932382,-6,2,-149
1767172140.5032382,-4,0,-148
1767172140.5132382,-3,0,-150
1767172140.5232382,-1,1,-149
1767172140.5332382,2,1,-148
1767172140.5432382,0,0,-145
1767172140.5532382,3,-4,-141
1767172140.563238,3,-4,-140
1767172140.573238,5,-1,-144
1767172140.583238,0,0,-140
1767172140.593238,0,3,-141
1767172140.603238,0,0,-143
1767172140.613238,1,0,-138
1767172140.623238,0,-2,-139
1767172140.633238,0,0,-141
1767172140.643238,4,0,-144
1767172140.653238,3,0,-145
1767172140.663238,4,-2,-151
1767172140.673238,6,-5,-147
1767172140.6832385,7,-3,-147
1767172140.6932385,1,-3,-146
1767172140.7032382,-1,-2,-146
1767172140.7132382,-3,-3,-148
1767172140.7232382,-5,-1,-147
1767172140.7332382,-8,-4,-145
1767172140.7432382,-7,-5,-145
1767172140.7532382,-3,-6,-148
1767172140.7632382,-4,-6,-149
1767172140.7732382,-7,-1,-154
1767172140.7832382,-7,0,-152
1767172140.7932382,-3,4,-154
1767172140.8032382,2,0,-157
1767172140.813238,1,-3,-156
1767172140.823238,-3,0,-148
1767172140.833238,-4,0,-146
1767172140.843238,-6,3,-146
1767172140.853238,-5,0,-144
1767172140.863238,-3,3,-144
1767172140.873238,-2,3,-140
1767172140.883238,0,0,-143
1767172140.893238,-4,2,-139
1767172140.903238,-1,-1,-136
1767172140.913238,-3,-3,-137
1767172140.923238,-2,-4,-140
1767172140.9332385,1,-2,-142
1767172140.9432385,1,-4,-144
1767172140.9532382,5,-3,-154
1767172140.9632382,8,-1,-151
1767172140.9732382,2,-3,-150
1767172140.9832382,0,-3,-148
1767172140.9932382,-2,-2,-150
1767172141.0032382,-1,1,-150
1767172141.0132382,-1,0,-148
1767172141.0232382,-7,0,-143
1767172141.0332382,-6,3,-142
1767172141.0432382,-5,2,-142
1767172141.0532382,-7,1,-140
1767172141.063238,-9,-5,-145
1767172141.073238,-4,-6,-148
1767172141.083238,-2,-4,-150
1767172141.093238,-2,-4,-144
1767172141.103238,1,-6,-141
1767172141.113238,4,-5,-141
1767172141.123238,4,-4,-147
1767172141.133238,4,-6,-148
1767172141.143238,0,-4,-148
1767172141.153238,-2,-1,-147
1767172141.163238,-5,-3,-141
1767172141.173238,-8,-5,-144
1767172141.1832385,-8,-6,-143
1767172141.1932385,-8,-5,-147
1767172141.2032382,-10,-2,-150
1767172141.2132382,-5,1,-149
1767172141.2232382,-6,3,-152
1767172141.2332382,-6,-1,-151
1767172141.2432382,-4,0,-146
1767172141.2532382,-4,1,-146
1767172141.2632382,-4,1,-146
1767172141.2732382,-4,-1,-145
1767172141.2832382,-7,-3,-145
1767172141.2932382,-7,-4,-142
1767172141.3032382,-4,-6,-143
1767172141.313238,-3,-2,-144
1767172141.323238,-2,-4,-143
1767172141.333238,4,-3,-150
1767172141.343238,1,-3,-154
1767172141.353238,1,-1,-156
1767172141.363238,-4,-4,-159
1767172141.373238,-4,-2,-154
1767172141.383238,-2,-2,-157
1767172141.393238,-2,3,-159
1767172141.403238,2,2,-156
1767172141.413238,8,0,-154
1767172141.423238,3,-1,-151
1767172141.4332385,0,-2,-149
1767172141.4432385,-2,-1,-139
1767172141.4532382,-7,-2,-133
1767172141.4632382,-7,-4,-128
1767172141.4732382,-2,-8,-139
1767172141.4832382,-3,-5,-144
1767172141.4932382,1,-8,-142
1767172141.5032382,-1,-4,-138
1767172141.5132382,3,-2,-141
1767172141.5232382,1,-2,-144
1767172141.5332382,-1,0,-148
1767172141.5432382,-2,2,-151
1767172141.5532382,-5,0,-152
1767172141.563238,-4,0,-147
1767172141.573238,-1,3,-151
1767172141.583238,0,1,-151
1767172141.593238,-4,-1,-148
1767172141.603238,-5,1,-144
1767172141.613238,-7,4,-147
1767172141.623238,-6,-1,-142
1767172141.633238,-6,0,-143
1767172141.643238,-6,0,-137
1767172141.653238,-6,-1,-135
1767172141.663238,-4,0,-139
1767172141.673238,-2,3,-137
1767172141.6832385,0,2,-135
1767172141.6932385,-3,1,-138
1767172141.7032382,1,0,-140
1767172141.7132382,2,0,-140
1767172141.7232382,0,-3,-130
1767172141.7332382,0,-4,-135
1767172141.7432382,-4,-4,-141
1767172141.7532382,-6,-5,-144
1767172141.7632382,0,0,-144
1767172141.7732382,0,5,-146
1767172141.7832382,2,1,-144
1767172141.7932382,2,0,-139
1767172141.8032382,-1,-3,-141
1767172141.813238,-7,-3,-138
1767172141.823238,-7,-1,-142
1767172141.833238,-4,0,-145
1767172141.843238,-5,1,-143
1767172141.853238,-6,-1,-143
1767172141.863238,-1,-3,-142
1767172141.873238,-1,-2,-148
1767172141.883238,3,-1,-144
1767172141.893238,3,0,-146
1767172141.903238,2,-4,-142
1767172141.913238,1,-2,-139
1767172141.923238,2,0,-141
1767172141.9332385,2,-2,-138
1767172141.9432385,2,-3,-143
1767172141.9532382,0,0,-144
1767172141.9632382,0,0,-138
1767172141.9732382,0,-2,-140
1767172141.9832382,-4,0,-140
1767172141.9932382,-5,-3,-138
1767172142.0032382,-4,-5,-137
1767172142.0132382,-5,-6,-142
1767172142.0232382,-7,-4,-147
1767172142.0332382,-2,-6,-151
1767172142.0432382,-3,-4,-144
1767172142.0532382,-4,0,-151
1767172142.063238,3,0,-152
1767172142.073238,2,-2,-152
1767172142.083238,4,0,-147
1767172142.093238,13,0,-142
1767172142.103238,12,-2,-139
1767172142.113238,11,3,-143
1767172142.123238,7,3,-144
1767172142.133238,5,6,-143
1767172142.143238,4,10,-139
1767172142.153238,0,5,-137
1767172142.163238,-3,8,-136
1767172142.173238,-3,8,-134
1767172142.1832385,-6,10,-137
1767172142.1932385,-2,11,-143
1767172142.2032382,-3,7,-138
1767172142.2132382,-1,3,-141
1767172142.2232382,0,3,-148
1767172142.234238,1,2,-157
1767172142.2432382,2,2,-158
1767172142.2532382,5,0,-152
1767172142.2632382,3,0,-149
1767172142.2732382,0,-1,-150
1767172142.2832382,0,1,-150
1767172142.2932382,3,0,-149
1767172142.3032382,4,1,-144
1767172142.313238,3,4,-140
1767172142.323238,2,2,-138
1767172142.333238,1,0,-140
1767172142.343238,3,0,-143
1767172142.353238,3,-6,-145
1767172142.363238,2,-1,-148
1767172142.373238,0,3,-154
1767172142.383238,-2,0,-160
1767172142.393238,-5,0,-153
1767172142.403238,-2,-1,-149
1767172142.413238,-5,-5,-154
1767172142.423238,-4,-4,-159
1767172142.4332385,-5,0,-158
1767172142.4432385,-3,-1,-153
1767172142.4532382,2,0,-150
1767172142.4632382,0,-1,-147
1767172142.4732382,0,-5,-143
1767172142.4832382,-1,-9,-143
1767172142.4932382,-2,-9,-140
1767172142.5032382,-4,-7,-139
1767172142.5132382,0,-8,-139
1767172142.5232382,-2,-7,-140
1767172142.5332382,-3,-2,-146
1767172142.5432382,-4,-1,-143
1767172142.5532382,-2,-3,-140
1767172142.563238,-1,-4,-146
1767172142.573238,0,-3,-144
1767172142.583238,-2,0,-143
1767172142.593238,-1,0,-144
1767172142.603238,-3,2,-145
1767172142.613238,-5,4,-150
1767172142.623238,-9,1,-144
1767172142.633238,-7,-3,-143
1767172142.643238,-8,0,-150
1767172142.653238,-9,1,-154
1767172142.663238,-5,-2,-153
1767172142.673238,-5,0,-154
1767172142.6832385,-3,-1,-151
1767172142.6932385,0,-2,-149
1767172142.7032382,1,-4,-150
1767172142.725238,3,-5,-151
1767172142.7332382,0,-6,-149
1767172142.744238,0,-4,-147
1767172142.754238,-2,-3,-142
1767172142.764238,-6,-8,-140
1767172142.7732382,0,-5,-139
1767172142.784238,4,-2,-138
1767172142.794238,0,-1,-139
1767172142.804238,-1,-1,-142
1767172142.814238,-3,-4,-146
1767172142.824238,1,-5,-147
1767172142.834238,3,-4,-142
1767172142.844238,0,-3,-143
1767172142.8542385,1,-1,-145
1767172142.8642385,2,-3,-147
1767172142.8742385,0,-1,-146
1767172142.8842382,2,0,-146
1767172142.8942382,1,0,-151
1767172142.9042382,1,-1,-155
1767172142.9142382,0,-1,-150
1767172142.923238,1,0,-152
1767172142.9342382,-2,3,-145
1767172142.9442382,-3,0,-138
1767172142.9542382,1,0,-136
1767172142.9642382,5,-3,-133
1767172142.9742382,7,-3,-135
1767172142.984238,3,-3,-139
1767172142.994238,3,-5,-137
1767172143.004238,3,-5,-135
1767172143.014238,6,-4,-137
1767172143.024238,6,-4,-133
1767172143.034238,8,-6,-137
1767172143.044238,5,-6,-138
1767172143.054238,5,-5,-144
1767172143.064238,7,-2,-149
1767172143.074238,3,-2,-148
1767172143.084238,5,-4,-137
1767172143.094238,4,-4,-135
1767172143.1042385,1,-3,-134
1767172143.1142385,2,1,-134
1767172143.1242385,6,1,-137
1767172143.1342382,11,2,-142
1767172143.1442382,9,1,-142
1767172143.1542382,5,5,-142
1767172143.1642382,3,4,-144
1767172143.1742382,-1,2,-143
1767172143.1842382,-4,1,-139
1767172143.1942382,-3,3,-136
1767172143.2042382,-1,2,-138
1767172143.2142382,-2,2,-141
1767172143.2242382,-4,4,-146
1767172143.234238,-8,0,-150
1767172143.244238,-5,-2,-150
1767172143.254238,-5,-4,-144
1767172143.264238,-6,-3,-142
1767172143.274238,-3,-2,-148
1767172143.284238,0,-1,-152
1767172143.294238,0,-4,-145
1767172143.304238,0,-2,-142
1767172143.314238,0,0,-143
1767172143.324238,4,-1,-142
1767172143.334238,2,0,-142
1767172143.344238,2,1,-144
1767172143.3542385,7,-1,-140
1767172143.3642385,6,-2,-136
1767172143.3742385,5,0,-144
1767172143.3842382,4,3,-149
1767172143.3942382,2,5,-149
1767172143.4042382,1,2,-151
1767172143.4142382,0,1,-143
1767172143.4242382,2,3,-136
1767172143.4342382,2,2,-137
1767172143.4442382,0,2,-140
1767172143.4542382,1,5,-139
1767172143.4642382,0,3,-138
1767172143.4742382,3,4,-139
1767172143.484238,0,2,-144
1767172143.494238,-3,1,-147
1767172143.504238,-1,0,-150
1767172143.514238,-1,-3,-144
1767172143.524238,-4,-3,-139
1767172143.534238,-6,-1,-137
1767172143.544238,-5,-3,-144
1767172143.554238,-8,0,-144
1767172143.564238,-4,-1,-143
1767172143.574238,-3,1,-139
1767172143.584238,-3,5,-144
1767172143.594238,-2,6,-144
1767172143.6042385,0,3,-146
1767172143.6142385,-1,0,-145
1767172143.6242385,-3,0,-141
1767172143.6342382,-1,0,-142
1767172143.6442382,4,3,-137
1767172143.6542382,0,3,-134
1767172143.6642382,0,0,-142
1767172143.6742382,0,-1,-147
1767172143.6842382,-4,-1,-149
1767172143.6942382,0,-1,-146
1767172143.7042382,-1,-3,-145
1767172143.7142382,-1,-4,-138
1767172143.7242382,-3,-4,-136
1767172143.734238,-1,-6,-137
1767172143.744238,-2,-9,-141
1767172143.754238,-4,-5,-144
1767172143.764238,-2,-4,-154
1767172143.774238,0,-8,-145
1767172143.784238,0,-6,-150
1767172143.794238,2,-2,-148
1767172143.804238,0,1,-152
1767172143.814238,1,0,-145
1767172143.824238,5,1,-152
1767172143.834238,0,1,-157
1767172143.844238,1,3,-154
1767172143.8542385,6,-2,-149
1767172143.8642385,6,-6,-143
1767172143.8742385,7,-1,-140
1767172143.8842382,8,1,-142
1767172143.8942382,4,0,-142
1767172143.9042382,0,1,-145
1767172143.9142382,-1,0,-146
1767172143.9242382,-5,-5,-147
1767172143.9342382,-5,-6,-152
1767172143.9442382,-2,-2,-155
1767172143.9542382,0,-2,-153
1767172143.9642382,0,-2,-154
1767172143.9742382,0,-1,-154
1767172143.984238,-3,-1,-149
1767172143.994238,-1,0,-150
1767172144.004238,0,-1,-147
1767172144.014238,-3,0,-144
1767172144.024238,-6,4,-145
1767172144.034238,-5,1,-144
1767172144.044238,-4,1,-144
1767172144.054238,-3,0,-145
1767172144.064238,-4,1,-143
1767172144.074238,-1,0,-145
1767172144.084238,0,0,-143
1767172144.094238,0,0,-142
1767172144.1042385,-5,3,-144
1767172144.1142385,-4,1,-145
1767172144.1242385,0,0,-138
1767172144.1342382,0,-3,-142
1767172144.1442382,-5,1,-146
1767172144.1542382,-1,4,-145
1767172144.1642382,-2,0,-146
1767172144.1742382,-4,0,-147
1767172144.1842382,-2,-3,-145
1767172144.1942382,-1,-3,-140
1767172144.2042382,0,-7,-142
1767172144.2142382,0,-7,-142
1767172144.2242382,0,-3,-143
1767172144.234238,-2,-3,-146
1767172144.244238,0,-1,-144
1767172144.254238,0,0,-138
1767172144.264238,-1,-2,-136
1767172144.274238,-2,-3,-137
1767172144.284238,-4,-8,-140
1767172144.294238,-4,-4,-144
1767172144.304238,-10,-3,-144
1767172144.314238,-7,0,-154
1767172144.324238,-3,1,-154
1767172144.334238,-2,-2,-155
1767172144.344238,-5,-3,-159
1767172144.3542385,-7,-5,-160
1767172144.3642385,-6,-9,-158
1767172144.3742385,-5,-11,-155
1767172144.3842382,-4,-9,-152
1767172144.3942382,-4,-7,-156
1767172144.4042382,-3,-3,-157
1767172144.4142382,0,0,-158
1767172144.4242382,-2,-3,-152
1767172144.4342382,-4,-4,-148
1767172144.4442382,-3,-4,-142
1767172144.4542382,0,-8,-142
1767172144.4642382,-1,-5,-141
1767172144.4742382,-4,-4,-139
1767172144.484238,-2,-3,-146
1767172144.494238,0,0,-154
1767172144.504238,-4,-2,-160
1767172144.514238,-4,-8,-158
1767172144.524238,-4,-8,-157
1767172144.534238,-7,-6,-147
1767172144.544238,-6,-4,-142
1767172144.554238,-7,-3,-145
1767172144.564238,-4,-2,-140
1767172144.574238,-11,-2,-145
1767172144.584238,-8,0,-142
1767172144.594238,-5,-1,-139
1767172144.6042385,-1,2,-138
1767172144.6142385,-1,3,-134
1767172144.6242385,0,4,-133
1767172144.6342382,2,1,-135
1767172144.6442382,4,0,-145
1767172144.6542382,0,-3,-146
1767172144.6642382,2,0,-146
1767172144.6742382,9,1,-146
1767172144.6842382,7,1,-146
1767172144.6942382,5,-2,-147
1767172144.7042382,4,-7,-146
1767172144.7142382,0,-5,-139
1767172144.7242382,0,-4,-138
1767172144.734238,-5,-4,-136
1767172144.744238,-4,-4,-136
1767172144.754238,-8,-4,-139
1767172144.764238,-9,-1,-140
1767172144.774238,-7,-4,-139
1767172144.784238,-4,-6,-137
1767172144.794238,-5,-3,-144
1767172144.804238,-7,-2,-145
1767172144.814238,-7,-1,-144
1767172144.824238,-10,-1,-152
1767172144.834238,-8,-3,-147
1767172144.844238,-1,-1,-143
1767172144.8542385,-2,2,-140
1767172144.8642385,-2,6,-141
1767172144.8742385,3,0,-142
1767172144.8842382,4,-5,-144
1767172144.8942382,6,-3,-145
1767172144.9042382,8,-4,-144
1767172144.9142382,6,-1,-145
1767172144.9242382,2,3,-136
1767172144.9342382,1,6,-136
1767172144.9442382,5,4,-132
1767172144.9542382,0,1,-133
1767172144.9642382,0,2,-136
1767172144.9742382,1,2,-139
1767172144.984238,1,1,-143
1767172144.994238,-2,1,-148
1767172145.004238,-5,0,-144
1767172145.014238,-4,4,-145
1767172145.024238,1,5,-142
1767172145.034238,0,5,-140
1767172145.044238,0,3,-141
1767172145.054238,0,3,-137
1767172145.064238,3,2,-139
1767172145.074238,3,5,-136
1767172145.084238,0,3,-135
1767172145.094238,0,-2,-141
1767172145.1042385,-1,-1,-147
1767172145.1142385,-2,0,-152
1767172145.1242385,-4,0,-153
1767172145.1342382,0,0,-152
1767172145.1442382,2,0,-152
1767172145.1542382,7,2,-152
1767172145.1642382,4,-1,-155
1767172145.1742382,-1,-4,-148
1767172145.1842382,-6,-7,-143
1767172145.1942382,-3,-6,-141
1767172145.2042382,-2,-3,-144
1767172145.2142382,-2,-4,-145
1767172145.2242382,-3,-2,-147
1767172145.234238,-2,-2,-145
1767172145.245238,-4,-1,-146
1767172145.255238,-1,0,-146
1767172145.265238,1,2,-142
1767172145.274238,3,0,-146
1767172145.2852385,4,-3,-139
1767172145.2952385,0,-5,-126
1767172145.3052382,-3,-3,-128
1767172145.3152382,-3,-6,-133
1767172145.3252382,-2,-5,-135
1767172145.3352382,-7,-4,-141
1767172145.3452382,-4,-6,-144
1767172145.3552382,-8,-2,-149
1767172145.3652382,-2,-7,-145
1767172145.3752382,-3,-3,-136
1767172145.3852382,-7,-2,-138
1767172145.3952382,-4,-4,-143
1767172145.4052382,-3,-6,-145
1767172145.415238,-4,-6,-136
1767172145.425238,-2,-2,-137
1767172145.435238,-1,-1,-144
1767172145.445238,-1,2,-143
1767172145.455238,-2,3,-143
1767172145.465238,-4,3,-151
1767172145.475238,0,2,-149
1767172145.485238,-1,3,-147
1767172145.495238,0,1,-146
1767172145.505238,-2,0,-141
1767172145.515238,-1,0,-142
1767172145.525238,-3,0,-145
1767172145.5352385,-2,1,-145
1767172145.5452385,-3,1,-140
1767172145.5552382,0,2,-141
1767172145.5652382,2,3,-147
1767172145.5752382,5,2,-150
1767172145.5852382,6,1,-153
1767172145.5952382,7,3,-154
1767172145.6052382,4,1,-156
1767172145.6152382,5,-2,-149
1767172145.6252382,2,-3,-145
1767172145.6352382,0,0,-149
1767172145.6452382,0,-4,-145
1767172145.6552382,-1,-3,-143
1767172145.665238,1,-2,-143
1767172145.675238,-4,-5,-141
1767172145.685238,-7,-2,-146
1767172145.695238,-4,0,-145
1767172145.705238,-3,-1,-138
1767172145.715238,0,-2,-139
1767172145.725238,2,-4,-139
1767172145.735238,0,-6,-141
1767172145.745238,2,-3,-140
1767172145.755238,-3,-2,-147
1767172145.765238,-2,0,-158
1767172145.775238,-5,1,-150
1767172145.7852385,-4,3,-152
1767172145.7952385,-2,7,-147
1767172145.8052382,-3,8,-143
1767172145.8152382,-5,4,-140
1767172145.8252382,-2,1,-140
1767172145.8352382,0,-2,-144
1767172145.8452382,0,-1,-149
1767172145.8552382,0,2,-147
1767172145.8652382,1,3,-147
1767172145.8752382,-3,-2,-149
1767172145.8852382,-2,-5,-147
1767172145.8952382,-1,-4,-145
1767172145.9052382,2,-6,-145
1767172145.915238,4,-5,-148
1767172145.925238,5,-6,-146
1767172145.935238,4,-8,-146
1767172145.945238,4,0,-147
1767172145.955238,4,-2,-143
1767172145.965238,3,0,-145
1767172145.975238,3,-2,-150
1767172145.985238,2,-3,-153
1767172145.995238,0,-1,-151
1767172146.005238,2,-2,-149
1767172146.015238,5,-4,-146
1767172146.025238,5,-1,-142
1767172146.0352385,4,-5,-141
1767172146.0452385,2,-7,-134
1767172146.0552382,0,-7,-135
1767172146.0652382,0,-6,-144
1767172146.0752382,-1,-8,-144
1767172146.0852382,0,-12,-146
1767172146.0952382,4,-8,-144
1767172146.1052382,3,-6,-143
1767172146.1152382,2,-2,-141
1767172146.1252382,0,4,-135
1767172146.1352382,4,4,-137
1767172146.1452382,5,3,-133
1767172146.1552382,0,2,-140
1767172146.165238,-4,2,-147
1767172146.175238,-9,-2,-148
1767172146.185238,-2,-2,-150
1767172146.195238,-2,0,-154
1767172146.205238,0,1,-153
1767172146.215238,0,3,-154
1767172146.225238,3,-2,-148
1767172146.235238,1,-2,-151
1767172146.245238,-1,-4,-153
1767172146.255238,-9,-3,-144
1767172146.265238,-3,-5,-146
1767172146.275238,-3,-4,-147
1767172146.2852385,-3,-1,-148
1767172146.2952385,-2,-1,-138
1767172146.3052382,-5,0,-145
1767172146.3152382,-2,2,-139
1767172146.3252382,0,1,-146
1767172146.3352382,-5,0,-155
1767172146.3452382,-4,2,-158
1767172146.3552382,-1,2,-159
1767172146.3652382,-5,-2,-155
1767172146.3752382,-1,-4,-158
1767172146.3852382,-2,-6,-155
1767172146.3952382,-7,-5,-156
1767172146.4052382,-1,-9,-151
1767172146.415238,0,-12,-154
1767172146.425238,0,-11,-154
1767172146.435238,1,-11,-156
1767172146.445238,-1,-11,-158
1767172146.455238,2,-8,-151
1767172146.465238,6,-8,-143
1767172146.475238,2,-4,-138
1767172146.485238,-4,-5,-144
1767172146.495238,-1,-3,-144
1767172146.505238,0,3,-140
1767172146.515238,0,6,-146
1767172146.525238,1,4,-147
1767172146.5352385,1,4,-145
1767172146.5452385,-1,4,-139
1767172146.5552382,3,2,-147
1767172146.5652382,4,0,-149
1767172146.5752382,4,4,-150
1767172146.5852382,6,3,-152
1767172146.5952382,4,0,-148
1767172146.6052382,0,-5,-142
1767172146.6152382,0,-6,-147
1767172146.6252382,-1,-6,-142
1767172146.6352382,-3,-9,-142
1767172146.6452382,-6,-10,-134
1767172146.6552382,-7,-6,-132
1767172146.665238,-4,-3,-131
1767172146.675238,-3,-3,-137
1767172146.685238,0,0,-142
1767172146.695238,0,0,-146
1767172146.705238,0,1,-142
1767172146.715238,0,3,-147
1767172146.725238,2,3,-143
1767172146.735238,2,1,-150
1767172146.745238,3,-1,-148
1767172146.755238,4,0,-142
1767172146.765238,4,1,-145
1767172146.775238,5,0,-139
1767172146.7852385,6,-2,-130
1767172146.7952385,1,0,-134
1767172146.8052382,2,-1,-133
1767172146.8152382,1,0,-132
1767172146.8252382,-2,0,-135
1767172146.8352382,-3,0,-142
1767172146.8452382,-7,-2,-141
1767172146.8552382,-6,-4,-151
1767172146.8652382,-4,-2,-154
1767172146.8752382,0,0,-145
1767172146.8852382,0,-2,-151
1767172146.8952382,0,-1,-152
1767172146.9052382,0,-1,-148
1767172146.915238,-1,-1,-146
1767172146.925238,-2,-2,-145
1767172146.935238,-4,-3,-144
1767172146.945238,-3,-7,-145
1767172146.955238,2,-9,-142
1767172146.965238,7,-8,-143
1767172146.975238,8,-6,-145
1767172146.985238,7,-6,-144
1767172146.995238,2,-5,-143
1767172147.005238,3,-1,-143
1767172147.015238,3,0,-147
1767172147.025238,5,2,-143
1767172147.0352385,3,5,-143
1767172147.0452385,3,5,-145
1767172147.0552382,1,0,-144
1767172147.0652382,2,0,-142
1767172147.0752382,4,3,-139
1767172147.0852382,2,2,-143
1767172147.0952382,0,0,-139
1767172147.1052382,1,-6,-137
1767172147.1152382,0,-9,-141
1767172147.1252382,-2,-6,-145
1767172147.1352382,-6,-9,-146
1767172147.1452382,-7,-10,-140
1767172147.1552382,-3,-10,-148
1767172147.165238,-6,-9,-148
1767172147.175238,-1,-6,-141
1767172147.185238,1,-5,-140
1767172147.195238,4,2,-140
1767172147.205238,4,2,-145
1767172147.215238,1,1,-149
1767172147.225238,4,2,-146
1767172147.235238,5,0,-150
1767172147.245238,2,-2,-150
1767172147.255238,3,-2,-141
1767172147.265238,4,0,-141
1767172147.275238,6,-1,-140
1767172147.2852385,3,1,-143
1767172147.2952385,-3,0,-147
1767172147.3052382,0,0,-151
1767172147.3152382,0,-1,-157
1767172147.3252382,2,-1,-151
1767172147.3352382,4,0,-152
1767172147.3452382,5,-2,-146
1767172147.3552382,3,0,-144
1767172147.3652382,1,-2,-142
1767172147.3752382,4,-4,-144
1767172147.3852382,7,-6,-142
1767172147.3952382,4,-7,-141
1767172147.4052382,4,-8,-149
1767172147.415238,0,-7,-151
1767172147.425238,-2,0,-154
1767172147.435238,0,-4,-152
1767172147.445238,-1,-10,-147
1767172147.455238,0,-8,-146
1767172147.465238,-1,-4,-145
1767172147.475238,-1,-5,-143
1767172147.485238,0,-6,-146
1767172147.495238,0,-2,-147
1767172147.505238,-1,2,-149
1767172147.515238,-4,0,-152
1767172147.525238,-4,-1,-153
1767172147.5352385,-7,-1,-156
1767172147.5452385,-9,0,-155
1767172147.5552382,-7,-3,-156
1767172147.5652382,-4,-2,-159
1767172147.5752382,-3,0,-150
1767172147.5852382,1,2,-143
1767172147.5952382,1,1,-140
1767172147.6052382,1,3,-138
1767172147.6152382,-3,0,-145
1767172147.6252382,-5,-3,-148
1767172147.6352382,-3,-5,-149
1767172147.6452382,-3,-5,-150
1767172147.6552382,-4,-3,-153
1767172147.665238,0,3,-150
1767172147.675238,-2,5,-151
1767172147.685238,-1,2,-148
1767172147.695238,0,0,-141
1767172147.705238,2,-2,-146
1767172147.7162385,1,0,-149
1767172147.7372382,-1,-3,-140
1767172147.7462382,0,-6,-142
1767172147.7562382,-4,-5,-142
1767172147.765238,0,-2,-140
1767172147.775238,-6,-7,-141
1767172147.7862382,-4,-1,-148
1767172147.7962382,-3,2,-149
1767172147.8062382,-4,0,-138
1767172147.8162382,-6,-5,-139
1767172147.8252382,0,-9,-144
1767172147.836238,1,-11,-142
1767172147.846238,0,-10,-145
1767172147.856238,1,-5,-141
1767172147.866238,3,0,-144
1767172147.876238,5,-1,-137
1767172147.886238,6,-3,-142
1767172147.896238,2,-6,-141
1767172147.906238,3,-5,-142
1767172147.916238,2,-4,-144
1767172147.926238,2,0,-147
1767172147.936238,2,-1,-145
1767172147.946238,0,0,-138
1767172147.9562385,-3,-1,-135
1767172147.9662385,-2,0,-133
1767172147.9762385,-1,-4,-132
1767172147.9862382,-4,-7,-135
1767172147.9962382,0,-9,-141
1767172148.0062382,0,-9,-148
1767172148.0162382,-2,-6,-146
1767172148.0262382,-1,-9,-151
1767172148.0362382,-1,-8,-150
1767172148.0462382,0,-4,-141
1767172148.0562382,0,-4,-136
1767172148.0662382,1,-6,-143
1767172148.0762382,-1,-6,-144
1767172148.086238,0,-6,-144
1767172148.096238,-3,-6,-147
1767172148.106238,-3,-2,-146
1767172148.116238,-6,-6,-141
1767172148.126238,-3,-5,-144
1767172148.136238,0,-5,-147
1767172148.146238,0,-4,-150
1767172148.156238,0,-2,-146
1767172148.166238,0,-3,-144
1767172148.176238,0,-1,-149
1767172148.186238,1,-1,-148
1767172148.196238,0,0,-145
1767172148.2062385,0,0,-148
1767172148.2162385,2,-3,-146
1767172148.2262385,0,-4,-140
1767172148.2362382,9,-1,-136
1767172148.2462382,7,0,-137
1767172148.2562382,9,0,-148
1767172148.2662382,9,1,-152
1767172148.2762382,8,5,-155
1767172148.2862382,1,1,-157
1767172148.2962382,0,3,-153
1767172148.3062382,-1,0,-148
1767172148.3162382,-8,0,-143
1767172148.3262382,-5,0,-136
1767172148.336238,-4,-2,-141
1767172148.346238,-4,-2,-148
1767172148.356238,-3,0,-146
1767172148.366238,-2,0,-150
1767172148.376238,-6,-3,-144
1767172148.386238,-3,-3,-135
1767172148.396238,0,-2,-131
1767172148.406238,2,-6,-134
1767172148.416238,0,-3,-132
1767172148.426238,2,-4,-132
1767172148.436238,0,-2,-139
1767172148.446238,-2,-1,-136
1767172148.4562385,-4,-4,-144
1767172148.4662385,-8,-4,-148
1767172148.4762385,-8,-2,-145
1767172148.4862382,-5,-2,-148
1767172148.4962382,-4,-8,-151
1767172148.5062382,-5,-8,-147
1767172148.5162382,-6,-5,-158
1767172148.5262382,-7,-3,-157
1767172148.5362382,-13,-4,-155
1767172148.5462382,-11,0,-158
1767172148.5562382,-7,-3,-150
1767172148.5662382,-3,-2,-146
1767172148.5762382,-1,-1,-143
1767172148.586238,0,-1,-142
1767172148.596238,0,0,-140
1767172148.606238,0,2,-143
1767172148.616238,2,2,-140
1767172148.626238,1,-1,-139
1767172148.636238,0,-5,-147
1767172148.646238,-1,-8,-142
1767172148.656238,-2,-4,-142
1767172148.666238,0,-3,-139
1767172148.676238,3,1,-146
1767172148.686238,0,0,-143
1767172148.696238,-7,1,-146
1767172148.7062385,-10,3,-152
1767172148.7162385,-10,1,-151
1767172148.7262385,-9,2,-153
1767172148.7362382,-5,1,-155
1767172148.7462382,-2,1,-153
1767172148.7562382,-3,3,-149
1767172148.7662382,-3,3,-147
1767172148.7762382,-2,2,-146
1767172148.7862382,0,1,-149
1767172148.7962382,0,0,-149
1767172148.8062382,4,-2,-141
1767172148.8162382,4,-1,-141
1767172148.8262382,3,2,-140
1767172148.836238,6,2,-139
1767172148.846238,6,4,-142
1767172148.856238,8,1,-141
1767172148.866238,7,-3,-148
1767172148.876238,3,-6,-151
1767172148.886238,0,-5,-150
1767172148.896238,2,-5,-152
1767172148.906238,1,-6,-151
1767172148.916238,-1,-7,-149
1767172148.926238,0,-5,-144
1767172148.936238,3,-6,-136
1767172148.946238,1,-2,-130
1767172148.9562385,2,1,-129
1767172148.9662385,4,3,-140
1767172148.9762385,7,3,-144
1767172148.9862382,9,4,-145
1767172148.9962382,11,5,-144
1767172149.0062382,9,5,-146
1767172149.0162382,4,0,-142
1767172149.0262382,0,-4,-142
1767172149.0362382,-1,-6,-149
1767172149.0462382,0,-4,-153
1767172149.0562382,-2,0,-154
1767172149.0662382,-7,0,-155
1767172149.0762382,-6,0,-159
1767172149.086238,-8,0,-154
1767172149.096238,-8,4,-151
1767172149.106238,-10,5,-148
1767172149.116238,-10,3,-145
1767172149.126238,-10,1,-143
1767172149.136238,-7,0,-151
1767172149.146238,-5,2,-150
1767172149.156238,-9,0,-148
1767172149.166238,-6,0,-147
1767172149.176238,-8,1,-145
1767172149.186238,-6,-2,-146
1767172149.196238,-7,0,-146
1767172149.2062385,-9,5,-137
1767172149.2162385,-8,6,-132
1767172149.2262385,-9,4,-134
1767172149.2362382,-9,2,-138
1767172149.2462382,-5,0,-146
1767172149.2562382,-1,-3,-153
1767172149.2662382,-3,-1,-152
1767172149.2762382,-1,-4,-145
1767172149.2862382,2,-4,-146
1767172149.2962382,0,-1,-144
1767172149.3062382,0,-2,-142
1767172149.3162382,-3,-5,-137
1767172149.3262382,-7,-5,-140
1767172149.336238,-9,-7,-140
1767172149.346238,-6,-10,-142
1767172149.356238,-2,-8,-143
1767172149.366238,0,-8,-145
1767172149.376238,-2,-2,-149
1767172149.386238,1,-2,-154
1767172149.396238,0,0,-151
1767172149.406238,0,-2,-145
1767172149.416238,-1,0,-136
1767172149.426238,0,2,-136
1767172149.436238,4,3,-145
1767172149.446238,6,1,-144
1767172149.4562385,4,3,-143
1767172149.4662385,0,2,-148
1767172149.4762385,0,0,-153
1767172149.4862382,3,-3,-150
1767172149.4962382,8,-4,-149
1767172149.5062382,9,-10,-150
1767172149.5162382,11,-7,-153
1767172149.5262382,6,-3,-148
1767172149.5362382,9,-3,-147
1767172149.5462382,7,-4,-147
1767172149.5562382,8,-3,-145
1767172149.5662382,8,-3,-142
1767172149.5762382,9,-4,-136
1767172149.586238,7,-5,-133
1767172149.596238,4,-3,-136
1767172149.607238,1,-2,-137
1767172149.616238,3,-2,-142
1767172149.626238,0,0,-142
1767172149.636238,3,2,-143
1767172149.646238,3,6,-141
1767172149.656238,4,5,-137
1767172149.666238,0,5,-143
1767172149.676238,0,3,-143
1767172149.686238,-1,0,-136
1767172149.696238,0,1,-140
1767172149.7062385,1,3,-146
1767172149.7162385,1,0,-154
1767172149.7262385,3,0,-154
1767172149.7362382,3,2,-158
1767172149.7462382,0,-1,-152
1767172149.7562382,0,-4,-148
1767172149.7662382,-1,-5,-147
1767172149.7762382,5,-6,-146
1767172149.7862382,4,-3,-146
1767172149.7962382,2,-2,-150
1767172149.8062382,0,0,-151
1767172149.8162382,-1,1,-151
1767172149.8262382,-3,2,-156
1767172149.836238,0,0,-151
1767172149.846238,2,-1,-147
1767172149.856238,2,1,-145
1767172149.866238,4,1,-148
1767172149.876238,2,0,-146
1767172149.886238,4,-2,-149
1767172149.896238,4,0,-141
1767172149.906238,1,6,-138
1767172149.916238,4,7,-137
1767172149.926238,4,1,-139
1767172149.936238,0,-1,-145
1767172149.946238,4,-3,-146
1767172149.9562385,3,-1,-145
1767172149.9662385,1,-3,-147
1767172149.9762385,-1,-4,-156
1767172149.9862382,2,-1,-157
1767172149.9962382,-2,-3,-154
1767172150.0062382,-2,-2,-150
1767172150.0162382,0,-1,-149
1767172150.0262382,-1,-4,-144
1767172150.0362382,1,0,-143
1767172150.0462382,0,3,-146
1767172150.0562382,-5,3,-143
1767172150.0662382,-11,0,-148
1767172150.0762382,-8,2,-138
1767172150.086238,-10,2,-138
1767172150.096238,-7,3,-137
1767172150.106238,-12,6,-134
1767172150.116238,-6,3,-137
1767172150.126238,2,0,-137
1767172150.136238,3,4,-140
1767172150.146238,0,5,-143
1767172150.156238,2,1,-142
1767172150.166238,0,4,-140
1767172150.176238,0,1,-142
1767172150.186238,0,0,-139
1767172150.196238,0,0,-141
1767172150.2062385,-1,0,-140
1767172150.2162385,-3,0,-139
1767172150.2262385,-3,0,-138
1767172150.2362382,-2,0,-135
1767172150.2462382,0,-3,-133
1767172150.2562382,-1,-5,-134
1767172150.267238,-2,-3,-141
1767172150.2762382,0,-4,-143
1767172150.287238,1,-2,-149
1767172150.297238,2,0,-154
1767172150.307238,0,0,-158
1767172150.317238,2,1,-148
1767172150.327238,-2,2,-148
1767172150.337238,2,-1,-146
1767172150.347238,2,-2,-135
1767172150.357238,0,0,-142
1767172150.367238,-1,1,-147
1767172150.377238,-5,2,-151
1767172150.3872385,-5,3,-148
1767172150.3972385,-7,3,-144
1767172150.4072382,-5,2,-141
1767172150.4172382,-5,0,-142
1767172150.4272382,-8,-1,-142
1767172150.4372382,-9,0,-136
1767172150.4472382,-6,0,-134
1767172150.4572382,-9,0,-141
1767172150.4672382,-8,0,-137
1767172150.4772382,-4,1,-132
1767172150.4872382,-2,1,-137
1767172150.4972382,-4,3,-140
1767172150.507238,-9,2,-135
1767172150.517238,-6,0,-136
1767172150.527238,-10,1,-139
1767172150.537238,-10,-1,-141
1767172150.547238,-5,-4,-142
1767172150.557238,-2,-3,-140
1767172150.567238,0,-2,-149
1767172150.577238,3,-1,-155
1767172150.587238,0,0,-155
1767172150.597238,-3,3,-153
1767172150.607238,-2,0,-157
1767172150.617238,0,-2,-152
1767172150.627238,2,-2,-152
1767172150.6372385,4,-2,-150
1767172150.6472385,1,0,-148
1767172150.6572382,-4,0,-144
1767172150.6672382,-6,-1,-141
1767172150.6772382,-2,-6,-146
1767172150.6872382,-2,-1,-152
1767172150.6972382,-1,-2,-154
1767172150.7072382,-1,-1,-147
1767172150.7172382,-3,1,-142
1767172150.7272382,-6,1,-143
1767172150.7372382,-3,3,-141
1767172150.7472382,1,3,-138
1767172150.757238,1,3,-141
1767172150.767238,0,5,-148
1767172150.777238,-1,5,-156
1767172150.787238,-2,0,-159
1767172150.797238,1,-2,-155
1767172150.807238,4,-2,-155
1767172150.817238,6,-7,-150
1767172150.827238,8,-6,-148
1767172150.837238,13,-5,-149
1767172150.847238,9,-3,-148
1767172150.857238,10,1,-153
1767172150.867238,6,1,-156
1767172150.877238,5,0,-161
1767172150.8872385,0,2,-156
1767172150.8972385,0,-3,-147
1767172150.9072382,3,0,-143
1767172150.9172382,-2,-2,-142
1767172150.9272382,-3,0,-146
1767172150.9372382,-4,0,-151
1767172150.9472382,0,-2,-140
1767172150.9572382,1,-4,-142
1767172150.9672382,0,-3,-144
1767172150.9772382,1,-11,-148
1767172150.9872382,0,-9,-150
1767172150.9972382,3,-8,-143
1767172151.007238,3,-5,-139
1767172151.017238,3,-6,-146
1767172151.027238,3,-5,-142
1767172151.037238,0,-4,-149
1767172151.047238,0,3,-146
1767172151.057238,2,4,-139
1767172151.067238,7,1,-139
1767172151.077238,5,0,-144
1767172151.087238,4,-2,-139
1767172151.097238,6,-7,-134
1767172151.107238,5,-5,-138
1767172151.117238,4,-3,-132
1767172151.127238,5,-3,-128
1767172151.1372385,5,-4,-127
1767172151.1472385,0,-2,-131
1767172151.1572382,0,0,-139
1767172151.1672382,1,-3,-142
1767172151.1772382,0,-3,-138
1767172151.1872382,0,-1,-134
1767172151.1972382,1,0,-135
1767172151.2072382,-1,0,-139
1767172151.2172382,-3,0,-141
1767172151.2272382,-2,0,-143
1767172151.2372382,1,4,-142
1767172151.2472382,1,4,-140
1767172151.257238,3,3,-138
1767172151.267238,-2,4,-141
1767172151.277238,-6,2,-145
1767172151.287238,-4,4,-146
1767172151.297238,-3,0,-144
1767172151.307238,-1,-5,-151
1767172151.317238,-2,-1,-149
1767172151.327238,-2,-1,-147
1767172151.337238,-5,-2,-140
1767172151.347238,-4,-3,-144
1767172151.357238,1,-1,-141
1767172151.367238,5,0,-134
1767172151.377238,6,1,-129
1767172151.3872385,0,1,-135
1767172151.3972385,0,1,-136
1767172151.4072382,0,-1,-138
1767172151.4172382,0,0,-135
1767172151.4272382,-1,4,-133
1767172151.4372382,-1,5,-140
1767172151.4472382,0,5,-141
1767172151.4572382,0,3,-143
1767172151.4672382,1,3,-145
1767172151.4772382,1,-1,-139
1767172151.4872382,2,-4,-143
1767172151.4972382,-1,-5,-150
1767172151.507238,-1,-3,-152
1767172151.517238,-1,-7,-151
1767172151.527238,1,-4,-146
1767172151.537238,-1,-4,-150
1767172151.547238,-3,-3,-151
1767172151.557238,-2,0,-148
1767172151.567238,-4,-1,-147
1767172151.577238,-4,0,-146
1767172151.587238,-3,1,-150
1767172151.597238,-3,3,-148
1767172151.607238,-1,2,-146
1767172151.617238,-1,-1,-139
1767172151.627238,3,-1,-139
1767172151.6372385,2,0,-145
1767172151.6472385,1,-1,-148
1767172151.6572382,4,0,-147
1767172151.6672382,3,0,-150
1767172151.6772382,1,-1,-148
1767172151.6872382,8,-7,-149
1767172151.6972382,6,-4,-155
1767172151.7072382,6,0,-157
1767172151.7172382,6,0,-156
1767172151.7272382,5,-1,-151
1767172151.7372382,1,-2,-148
1767172151.7472382,0,2,-153
1767172151.757238,-1,1,-149
1767172151.767238,0,0,-149
1767172151.777238,2,1,-148
1767172151.787238,2,3,-149
1767172151.797238,1,3,-148
1767172151.807238,4,4,-147
1767172151.817238,7,0,-143
1767172151.827238,4,-2,-141
1767172151.837238,2,-5,-142
1767172151.847238,0,-2,-143
1767172151.857238,0,-1,-144
1767172151.867238,-1,0,-145
1767172151.877238,0,0,-149
1767172151.8872385,-1,-4,-148
1767172151.8972385,-4,-1,-150
1767172151.9072382,-5,4,-145
1767172151.9172382,0,1,-145
1767172151.9272382,0,5,-147
1767172151.9372382,-6,2,-141
1767172151.9472382,-2,4,-137
1767172151.9572382,-3,6,-145
1767172151.9672382,0,5,-144
1767172151.9772382,0,7,-143
1767172151.9872382,5,5,-138
1767172151.9972382,4,7,-143
1767172152.007238,3,3,-145
1767172152.017238,8,3,-144
1767172152.027238,8,5,-146
1767172152.037238,3,4,-141
1767172152.047238,0,4,-136
1767172152.057238,2,1,-134
1767172152.067238,3,0,-142
1767172152.077238,2,-4,-153
1767172152.087238,3,-2,-151
1767172152.097238,5,1,-147
1767172152.107238,6,3,-151
1767172152.117238,5,4,-145
1767172152.127238,7,1,-141
1767172152.1372385,7,0,-145
1767172152.1472385,6,1,-148
1767172152.1572382,5,1,-145
1767172152.1672382,7,-1,-141
1767172152.1772382,5,-2,-143
1767172152.1872382,3,2,-142
1767172152.1972382,2,6,-146
1767172152.2072382,0,5,-152
1767172152.2172382,1,0,-156
1767172152.2272382,2,-1,-154
1767172152.2372382,0,0,-158
1767172152.2472382,1,5,-154
1767172152.257238,2,1,-153
1767172152.267238,1,6,-151
1767172152.277238,1,6,-153
1767172152.287238,2,0,-151
1767172152.297238,0,-7,-146
1767172152.307238,1,-6,-138
1767172152.317238,3,-5,-131
1767172152.327238,5,-2,-137
1767172152.337238,0,-2,-145
1767172152.347238,-3,-2,-144
1767172152.357238,-7,-1,-143
1767172152.367238,-11,0,-138
1767172152.377238,-11,0,-139
1767172152.3872385,-9,-1,-141
1767172152.3972385,-8,0,-144
1767172152.4072382,-6,0,-146
1767172152.4172382,-8,0,-149
1767172152.4272382,-3,0,-148
1767172152.4372382,0,0,-149
1767172152.4472382,-1,2,-152
1767172152.4572382,-4,3,-148
1767172152.4672382,-2,4,-144
1767172152.4772382,0,4,-149
1767172152.4872382,-1,-1,-152
1767172152.4972382,0,0,-151
1767172152.507238,0,-1,-142
1767172152.517238,1,0,-143
1767172152.527238,0,-3,-147
1767172152.537238,2,-4,-153
1767172152.547238,3,-3,-158
1767172152.557238,5,1,-157
1767172152.567238,7,1,-153
1767172152.577238,8,1,-151
1767172152.587238,7,3,-153
1767172152.597238,8,0,-151
1767172152.607238,0,4,-150
1767172152.617238,0,3,-149
1767172152.627238,0,0,-153
1767172152.6372385,1,-1,-153
1767172152.6472385,0,-5,-148
1767172152.6572382,-1,-6,-154
1767172152.6672382,-2,1,-150
1767172152.6772382,1,1,-148
1767172152.6872382,0,0,-153
1767172152.6972382,-4,3,-149
1767172152.7072382,-4,3,-149
1767172152.7172382,-2,1,-147
1767172152.7272382,3,0,-146
1767172152.7492385,1,-2,-147
1767172152.757238,3,-5,-148
1767172152.767238,1,-3,-148
1767172152.777238,0,-3,-144
1767172152.787238,-5,-2,-142
1767172152.797238,-8,-3,-140
1767172152.807238,-4,-5,-140
1767172152.817238,2,-1,-148
1767172152.8282382,4,-2,-148
1767172152.8382382,5,-3,-150
1767172152.8482382,0,-1,-146
1767172152.8582382,0,1,-137
1767172152.8682382,0,1,-136
1767172152.8782382,-6,2,-138
1767172152.8882382,-6,0,-148
1767172152.8982382,-7,-2,-149
1767172152.9082382,-5,-1,-146
1767172152.9182382,-4,0,-146
1767172152.9282382,3,2,-142
1767172152.938238,3,-2,-139
1767172152.948238,0,-4,-143
1767172152.958238,-2,-4,-150
1767172152.968238,0,-6,-145
1767172152.978238,0,-5,-141
1767172152.988238,1,-4,-139
1767172152.998238,-6,-3,-138
1767172153.008238,-4,0,-141
1767172153.018238,-1,-3,-140
1767172153.028238,1,-1,-140
1767172153.038238,2,0,-134
1767172153.048238,0,0,-137
1767172153.0582385,-2,-3,-137
1767172153.0682385,-1,0,-148
1767172153.0782382,0,2,-146
1767172153.0882382,2,3,-145
1767172153.0982382,-1,6,-144
1767172153.1082382,-3,3,-142
1767172153.1182382,-6,7,-144
1767172153.1282382,-6,7,-148
1767172153.1382382,-5,5,-145
1767172153.1482382,-4,5,-140
1767172153.1582382,0,2,-138
1767172153.1682382,-3,2,-141
1767172153.1782382,-5,2,-144
1767172153.188238,-6,2,-142
1767172153.198238,-4,1,-142
1767172153.208238,-2,-2,-141
1767172153.218238,0,-3,-135
1767172153.228238,0,-4,-132
1767172153.238238,0,-1,-134
1767172153.248238,-1,3,-136
1767172153.258238,0,7,-143
1767172153.268238,-3,3,-144
1767172153.278238,0,0,-144
1767172153.288238,4,-1,-143
1767172153.298238,9,-4,-144
1767172153.3082385,7,0,-146
1767172153.3182385,8,2,-143
1767172153.3282382,4,4,-145
1767172153.3382382,1,4,-149
1767172153.3482382,0,2,-153
1767172153.3582382,0,1,-151
1767172153.3682382,-2,0,-150
1767172153.3782382,-1,-2,-152
1767172153.3882382,-7,-2,-152
1767172153.3982382,-1,-3,-157
1767172153.4082382,0,-3,-154
1767172153.4182382,0,-2,-153
1767172153.4282382,0,-2,-155
1767172153.438238,-4,-1,-154
1767172153.448238,-7,0,-155
1767172153.458238,-4,1,-147
1767172153.468238,-1,-4,-140
1767172153.478238,1,-1,-141
1767172153.488238,2,2,-136
1767172153.498238,6,1,-138
1767172153.508238,4,1,-139
1767172153.518238,4,0,-141
1767172153.528238,3,1,-140
1767172153.538238,3,1,-140
1767172153.548238,1,0,-144
1767172153.5582385,-1,-5,-148
1767172153.5682385,-2,-3,-145
1767172153.5782382,-2,-5,-142
1767172153.5882382,0,-5,-147
1767172153.5982382,1,-3,-147
1767172153.6082382,1,-1,-144
1767172153.6182382,4,-5,-143
1767172153.6282382,0,-6,-147
1767172153.6382382,-7,-2,-150
1767172153.6482382,-5,0,-150
1767172153.6582382,-8,1,-152
1767172153.6682382,-13,5,-155
1767172153.6782382,-7,5,-155
1767172153.688238,0,0,-158
1767172153.698238,-3,0,-158
1767172153.708238,0,0,-156
1767172153.718238,-2,-1,-153
1767172153.728238,-2,-3,-157
1767172153.738238,-3,-2,-153
1767172153.748238,-3,-1,-146
1767172153.758238,0,-4,-142
1767172153.768238,1,-3,-140
1767172153.778238,2,-4,-149
1767172153.788238,3,2,-144
1767172153.798238,1,5,-143
1767172153.8082385,3,4,-150
1767172153.8182385,4,4,-161
1767172153.8282382,3,4,-162
1767172153.8382382,4,3,-159
1767172153.8482382,2,1,-149
1767172153.8582382,0,1,-145
1767172153.8682382,0,1,-143
1767172153.8782382,1,-2,-142
1767172153.8882382,-4,-3,-144
1767172153.8982382,-11,-1,-144
1767172153.9082382,-5,-5,-140
1767172153.9182382,-1,-4,-137
1767172153.9282382,-2,0,-132
1767172153.938238,-1,3,-133
1767172153.948238,0,5,-125
1767172153.958238,0,2,-129
1767172153.968238,-5,1,-131
1767172153.978238,-5,1,-132
1767172153.988238,-8,0,-137
1767172153.998238,-10,-1,-144
1767172154.008238,-7,-5,-146
1767172154.018238,-4,-3,-146
1767172154.028238,-1,-1,-149
1767172154.038238,-5,-2,-155
1767172154.048238,-8,-4,-151
1767172154.0582385,-6,-1,-153
1767172154.0682385,-3,1,-147
1767172154.0782382,2,0,-146
1767172154.0882382,0,0,-139
1767172154.0982382,1,3,-140
1767172154.1082382,-1,0,-138
1767172154.1182382,-2,-3,-145
1767172154.1282382,-6,-4,-147
1767172154.1382382,-6,-1,-138
1767172154.1482382,-5,0,-138
1767172154.1582382,-2,0,-137
1767172154.1682382,-2,0,-132
1767172154.1782382,4,0,-136
1767172154.188238,7,-1,-138
1767172154.198238,6,1,-141
1767172154.208238,7,-2,-141
1767172154.218238,5,-5,-145
1767172154.228238,5,-4,-148
1767172154.238238,1,-5,-153
1767172154.248238,3,-3,-156
1767172154.258238,2,-1,-157
1767172154.268238,2,-2,-153
1767172154.278238,-2,-3,-147
1767172154.288238,1,-1,-142
1767172154.298238,5,2,-151
1767172154.3082385,5,0,-151
1767172154.3182385,-1,-5,-148
1767172154.3282382,-2,-4,-145
1767172154.3382382,-3,0,-145
1767172154.3482382,-1,1,-143
1767172154.3582382,-2,-2,-146
1767172154.3682382,1,-7,-148
1767172154.3782382,0,-6,-143
1767172154.3882382,-3,-5,-139
1767172154.3982382,0,-6,-140
1767172154.4082382,-2,-6,-142
1767172154.4182382,-7,-4,-141
1767172154.4282382,-5,-3,-147
1767172154.438238,-1,-3,-144
1767172154.448238,0,-1,-141
1767172154.458238,-3,3,-143
1767172154.468238,-5,4,-143
1767172154.478238,-12,4,-144
1767172154.488238,-12,5,-142
1767172154.498238,-13,3,-145
1767172154.508238,-14,5,-146
1767172154.518238,-11,3,-144
1767172154.528238,-8,0,-145
1767172154.538238,-6,0,-144
1767172154.548238,-4,-1,-141
1767172154.5582385,-4,-5,-141
1767172154.5682385,-9,-5,-147
1767172154.5782382,-5,-6,-147
1767172154.5882382,-4,-2,-144
1767172154.5982382,3,-4,-145
1767172154.6082382,-1,-4,-141
1767172154.6182382,0,-2,-140
1767172154.6282382,0,1,-140
1767172154.6382382,-3,2,-141
1767172154.6482382,-3,-1,-143
1767172154.6582382,-6,-2,-148
1767172154.6682382,-5,-1,-149
1767172154.6782382,-4,-3,-141
1767172154.688238,-7,-6,-140
1767172154.698238,-6,-2,-145
1767172154.708238,-4,0,-144
1767172154.718238,-1,0,-143
1767172154.728238,-3,2,-137
1767172154.738238,-1,-1,-137
1767172154.748238,-1,-2,-149
1767172154.758238,4,0,-150
1767172154.768238,6,-5,-147
1767172154.778238,1,-2,-146
1767172154.788238,-1,1,-146
1767172154.798238,-1,0,-143
1767172154.8082385,-1,0,-147
1767172154.8182385,-1,-2,-152
1767172154.8282382,0,-3,-150
1767172154.8382382,0,0,-141
1767172154.8482382,0,0,-141
1767172154.8582382,-1,2,-142
1767172154.8682382,-3,4,-140
1767172154.8782382,-3,1,-140
1767172154.8882382,-6,2,-147
1767172154.8982382,-10,0,-148
1767172154.9082382,-5,0,-149
1767172154.9182382,-2,0,-149
1767172154.9282382,-2,-2,-150
1767172154.938238,-2,0,-149
1767172154.948238,-2,4,-144
1767172154.958238,-2,2,-140
1767172154.968238,-5,3,-140
1767172154.978238,-5,0,-141
1767172154.988238,-3,2,-153
1767172154.998238,-3,0,-150
1767172155.008238,-3,0,-148
1767172155.018238,0,2,-149
1767172155.028238,0,0,-141
1767172155.038238,-3,0,-146
1767172155.048238,-6,1,-145
1767172155.0582385,-8,0,-148
1767172155.0682385,-9,0,-149
1767172155.0782382,-9,1,-152
1767172155.0882382,-9,0,-155
1767172155.0982382,-5,0,-152
1767172155.1082382,1,3,-156
1767172155.1182382,1,0,-145
1767172155.1282382,-2,-1,-146
1767172155.1382382,-4,1,-143
1767172155.1482382,-2,0,-140
1767172155.1582382,0,3,-136
1767172155.1682382,0,4,-130
1767172155.1782382,3,2,-128
1767172155.188238,4,4,-127
1767172155.198238,2,3,-132
1767172155.208238,0,2,-132
1767172155.218238,4,1,-133
1767172155.228238,0,0,-138
1767172155.238238,0,0,-143
1767172155.248238,2,-1,-140
1767172155.258238,3,1,-143
1767172155.268238,-1,0,-152
1767172155.278238,0,3,-151
1767172155.288238,-2,2,-145
1767172155.298238,-6,3,-136
1767172155.3082385,-1,3,-143
1767172155.3192382,-1,2,-135
1767172155.3282382,-3,5,-139
1767172155.3392382,-1,2,-143
1767172155.3482382,0,3,-143
1767172155.359238,2,0,-144
1767172155.3682382,1,-2,-141
1767172155.379238,-1,-4,-139
1767172155.3882382,-4,-6,-144
1767172155.399238,-5,-5,-146
1767172155.409238,-5,-3,-151
1767172155.419238,-2,-5,-155
1767172155.429238,-3,-3,-155
1767172155.439238,-10,-2,-154
1767172155.449238,-10,0,-143
1767172155.459238,-5,0,-140
1767172155.469238,-1,1,-141
1767172155.4792385,3,3,-138
1767172155.4892385,1,4,-137
1767172155.4992385,-1,4,-136
1767172155.5092382,4,3,-136
1767172155.5192382,5,3,-145
1767172155.5292382,5,3,-148
1767172155.5392382,4,-2,-146
1767172155.5492382,3,-3,-148
1767172155.5592382,5,0,-146
1767172155.5692382,5,0,-151
1767172155.5792382,7,0,-152
1767172155.5892382,5,1,-143
1767172155.5992382,4,4,-147
1767172155.609238,4,5,-147
1767172155.619238,4,2,-151
1767172155.629238,1,0,-146
1767172155.639238,0,-3,-147
1767172155.649238,-1,-3,-150
1767172155.659238,-3,0,-153
1767172155.669238,-9,4,-155
1767172155.679238,-7,6,-150
1767172155.689238,-7,4,-159
1767172155.699238,-2,4,-155
1767172155.709238,0,1,-151
1767172155.719238,-1,-1,-145
1767172155.7292385,-1,-1,-141
1767172155.7392385,-5,0,-139
1767172155.7492385,-4,0,-133
1767172155.7592382,-3,-2,-140
1767172155.7692382,-1,-2,-145
1767172155.7792382,1,0,-146
1767172155.7892382,0,0,-145
1767172155.7992382,0,-1,-145
1767172155.8092382,2,0,-146
1767172155.8192382,5,0,-139
1767172155.8292382,2,-4,-136
1767172155.8392382,-1,-7,-139
1767172155.8492382,-1,-5,-136
1767172155.859238,-3,-4,-136
1767172155.869238,-2,0,-133
1767172155.879238,0,-1,-131
1767172155.889238,3,2,-131
1767172155.899238,3,3,-132
1767172155.909238,1,4,-139
1767172155.919238,0,6,-139
1767172155.929238,0,6,-136
1767172155.939238,0,6,-141
1767172155.949238,-5,0,-150
1767172155.959238,-3,0,-148
1767172155.969238,-5,0,-147
1767172155.9792385,-6,0,-145
1767172155.9892385,-4,-2,-147
1767172155.9992385,-2,-2,-149
1767172156.0092382,-3,-1,-150
1767172156.0192382,-6,-1,-151
1767172156.0292382,-6,-4,-150
1767172156.0392382,-8,0,-147
1767172156.0492382,-4,0,-144
1767172156.0592382,0,0,-144
1767172156.0692382,1,0,-144
1767172156.0792382,3,-1,-150
1767172156.0892382,4,-1,-147
1767172156.0992382,5,-3,-145
1767172156.109238,7,-3,-141
1767172156.119238,11,0,-151
1767172156.129238,10,2,-157
1767172156.139238,3,0,-158
1767172156.149238,2,-1,-149
1767172156.159238,2,0,-143
1767172156.169238,3,0,-146
1767172156.179238,0,-5,-145
1767172156.189238,0,-5,-145
1767172156.199238,-1,-2,-144
1767172156.209238,0,-1,-140
1767172156.219238,0,-6,-140
1767172156.2292385,-1,-10,-144
1767172156.2392385,2,-8,-150
1767172156.2492385,-4,-6,-146
1767172156.2592382,-3,-6,-149
1767172156.2692382,0,-8,-149
1767172156.2792382,-3,-6,-147
1767172156.2892382,-4,-5,-142
1767172156.2992382,1,-2,-146
1767172156.3092382,2,-2,-146
1767172156.3192382,0,-2,-146
1767172156.3292382,0,4,-144
1767172156.3392382,-1,1,-144
1767172156.3492382,-2,-1,-147
1767172156.359238,-2,-3,-146
1767172156.369238,0,-5,-150
1767172156.379238,0,-2,-146
1767172156.389238,0,-2,-149
1767172156.399238,1,-4,-151
1767172156.409238,0,-1,-153
1767172156.419238,4,-3,-153
1767172156.429238,6,-4,-150
1767172156.439238,4,0,-156
1767172156.449238,3,3,-156
1767172156.459238,0,1,-157
1767172156.469238,-1,2,-153
1767172156.4792385,2,3,-151
1767172156.4892385,2,0,-146
1767172156.4992385,0,4,-147
1767172156.5092382,2,10,-147
1767172156.5192382,2,11,-142
1767172156.5292382,-4,6,-140
1767172156.5392382,-5,3,-138
1767172156.5492382,-1,4,-134
1767172156.5592382,-3,9,-129
1767172156.5692382,-1,5,-134
1767172156.5792382,1,1,-138
1767172156.5892382,3,4,-137
1767172156.5992382,4,4,-134
1767172156.609238,1,1,-138
1767172156.619238,1,0,-138
1767172156.629238,0,1,-139
1767172156.639238,0,0,-141
1767172156.649238,3,-3,-139
1767172156.659238,0,-1,-136
1767172156.669238,4,0,-143
1767172156.679238,9,0,-143
1767172156.689238,12,-4,-146
1767172156.699238,6,-2,-143
1767172156.709238,0,-5,-142
1767172156.719238,-2,-7,-146
1767172156.7292385,3,-6,-147
1767172156.7392385,1,-9,-152
1767172156.7492385,0,-5,-150
1767172156.7592382,3,-3,-151
1767172156.7692382,1,-2,-145
1767172156.7792382,-3,-4,-146
1767172156.7892382,-4,-6,-148
1767172156.7992382,1,-7,-151
1767172156.8092382,-1,-3,-150
1767172156.8192382,0,1,-147
1767172156.8292382,-2,4,-149
1767172156.8392382,2,0,-142
1767172156.8492382,6,-1,-142
1767172156.859238,4,-2,-142
1767172156.869238,5,-9,-142
1767172156.879238,3,-11,-141
1767172156.889238,8,-14,-139
1767172156.899238,3,-9,-141
1767172156.909238,0,-6,-142
1767172156.919238,3,-10,-139
1767172156.929238,4,-9,-137
1767172156.939238,5,-8,-138
1767172156.949238,3,-8,-144
1767172156.959238,5,-7,-137
1767172156.969238,7,-5,-143
1767172156.9792385,7,-4,-144
1767172156.9892385,3,-6,-149
1767172156.9992385,5,-4,-149
1767172157.0092382,2,-3,-141
1767172157.0192382,1,-4,-143
1767172157.0292382,-1,-2,-140
1767172157.0392382,0,-5,-145
1767172157.0492382,0,-5,-149
1767172157.0592382,0,-2,-153
1767172157.0692382,2,-5,-153
1767172157.0792382,3,-7,-147
1767172157.0892382,6,-10,-148
1767172157.0992382,1,-10,-144
1767172157.109238,0,-9,-139
1767172157.119238,0,-7,-141
1767172157.129238,-2,-7,-138
1767172157.139238,0,-4,-143
1767172157.149238,4,-3,-149
1767172157.159238,3,-4,-151
1767172157.169238,2,-1,-148
1767172157.179238,3,2,-152
1767172157.189238,3,2,-154
1767172157.199238,2,2,-146
1767172157.209238,-3,1,-151
1767172157.219238,-3,0,-146
1767172157.2292385,-3,0,-142
1767172157.2392385,-4,2,-143
1767172157.2492385,-3,0,-144
1767172157.2592382,-4,0,-147
1767172157.2692382,-4,-3,-153
1767172157.2792382,-1,-2,-156
1767172157.2892382,-2,1,-155
1767172157.2992382,-5,3,-156
1767172157.3092382,0,0,-157
1767172157.3192382,0,-6,-152
1767172157.3292382,0,-4,-155
1767172157.3392382,-6,-8,-152
1767172157.3492382,-2,-8,-153
1767172157.359238,-3,-7,-150
1767172157.369238,-1,-4,-154
1767172157.379238,2,-2,-154
1767172157.389238,0,-4,-152
1767172157.399238,3,0,-149
1767172157.409238,2,-2,-150
1767172157.419238,0,-4,-146
1767172157.429238,2,0,-145
1767172157.439238,2,0,-150
1767172157.449238,3,0,-148
1767172157.459238,2,-1,-150
1767172157.469238,4,0,-146
1767172157.4792385,6,0,-141
1767172157.4892385,7,0,-142
1767172157.4992385,8,-2,-149
1767172157.5092382,10,-5,-151
1767172157.5192382,9,-4,-156
1767172157.5292382,7,0,-157
1767172157.5392382,9,0,-153
1767172157.5492382,8,4,-143
1767172157.5592382,0,4,-145
1767172157.5692382,0,4,-144
1767172157.5792382,0,3,-147
1767172157.5892382,1,2,-143
1767172157.5992382,3,1,-135
1767172157.609238,5,1,-139
1767172157.619238,5,2,-132
1767172157.629238,1,2,-134
1767172157.639238,4,1,-137
1767172157.649238,1,2,-134
1767172157.659238,0,0,-138
1767172157.669238,1,0,-146
1767172157.679238,0,0,-154
1767172157.689238,0,0,-153
1767172157.699238,-2,-2,-147
1767172157.709238,-2,-5,-142
1767172157.719238,0,-2,-142
1767172157.7292385,0,-1,-143
1767172157.7392385,-1,2,-140
1767172157.761238,-3,0,-136
1767172157.7692382,-5,0,-134
1767172157.7792382,-4,0,-131
1767172157.7892382,-1,0,-135
1767172157.7992382,0,1,-140
1767172157.8092382,1,0,-140
1767172157.820238,2,-5,-139
1767172157.8292382,4,-3,-137
1767172157.8392382,6,0,-139
1767172157.8492382,0,1,-138
1767172157.859238,0,4,-137
1767172157.869238,0,6,-131
1767172157.879238,0,4,-129
1767172157.890238,0,-3,-130
1767172157.899238,0,-1,-129
1767172157.9102385,-1,1,-136
1767172157.9202385,1,0,-137
1767172157.9302382,2,2,-138
1767172157.9402382,0,0,-138
1767172157.9502382,-1,-2,-140
1767172157.9602382,-3,-1,-142
1767172157.9702382,-6,0,-144
1767172157.9802382,-6,0,-149
1767172157.9902382,-5,-2,-154
1767172158.0002382,-3,-9,-154
1767172158.0102382,-4,-9,-154
1767172158.0202382,0,-4,-149
1767172158.0302382,1,-1,-147
1767172158.040238,2,-4,-145
1767172158.050238,-1,-3,-142
1767172158.060238,0,2,-148
1767172158.070238,-2,3,-157
1767172158.080238,-5,-1,-158
1767172158.090238,-7,-4,-156
1767172158.100238,-7,0,-151
1767172158.110238,-8,-1,-148
1767172158.120238,-5,-8,-142
1767172158.130238,-5,-10,-150
1767172158.140238,-5,-12,-147
1767172158.150238,-3,-13,-146
1767172158.1602385,-3,-13,-147
1767172158.1702385,0,-11,-153
1767172158.1802382,0,-7,-154
1767172158.1902382,0,-3,-149
1767172158.2002382,0,0,-150
1767172158.2102382,4,2,-149
1767172158.2202382,2,2,-150
1767172158.2302382,-1,0,-148
1767172158.2402382,0,-2,-151
1767172158.2502382,3,-4,-153
1767172158.2602382,-3,-7,-149
1767172158.2702382,-7,-3,-146
1767172158.2802382,-3,0,-145
1767172158.290238,0,1,-146
1767172158.300238,-4,3,-154
1767172158.310238,-6,3,-152
1767172158.320238,-6,1,-151
1767172158.330238,-3,3,-146
1767172158.340238,-2,4,-143
1767172158.350238,0,5,-146
1767172158.360238,-2,9,-146
1767172158.370238,-5,10,-148
1767172158.380238,-5,10,-141
1767172158.390238,-7,10,-139
1767172158.400238,-3,6,-137
1767172158.4102385,1,5,-136
1767172158.4202385,-3,3,-142
1767172158.4302382,0,3,-147
1767172158.4402382,1,-1,-148
1767172158.4502382,11,-3,-145
1767172158.4602382,6,-4,-138
1767172158.4702382,3,-4,-135
1767172158.4802382,-1,-2,-140
1767172158.4902382,-1,-3,-142
1767172158.5002382,0,1,-146
1767172158.5102382,-1,-1,-150
1767172158.5202382,-1,-5,-148
1767172158.5302382,0,-1,-143
1767172158.540238,0,2,-146
1767172158.550238,-3,5,-143
1767172158.560238,-2,4,-139
1767172158.570238,-2,3,-135
1767172158.580238,0,-1,-138
1767172158.590238,-3,-6,-139
1767172158.600238,-6,-7,-146
1767172158.610238,-4,-3,-147
1767172158.620238,0,0,-149
1767172158.630238,1,0,-146
1767172158.640238,-1,6,-146
1767172158.650238,-2,6,-157
1767172158.6602385,0,2,-154
1767172158.6702385,-1,0,-155
1767172158.6802382,1,0,-154
1767172158.6902382,-3,-1,-155
1767172158.7002382,-2,-5,-157
1767172158.7102382,-2,-8,-151
1767172158.721238,4,-8,-147
1767172158.7302382,3,-4,-151
1767172158.7402382,0,-1,-147
1767172158.7502382,3,1,-145
1767172158.7602382,2,4,-144
1767172158.7702382,0,3,-137
1767172158.7802382,3,-2,-136
1767172158.790238,5,1,-131
1767172158.800238,1,4,-131
1767172158.810238,0,4,-130
1767172158.820238,0,3,-132
1767172158.830238,4,1,-128
1767172158.840238,2,2,-126
1767172158.850238,0,3,-127
1767172158.860238,0,1,-133
1767172158.870238,-7,8,-137
1767172158.880238,-11,6,-139
1767172158.890238,-9,5,-140
1767172158.900238,-6,5,-142
1767172158.9102385,-1,0,-142
1767172158.9202385,-3,2,-148
1767172158.9302382,-5,0,-152
1767172158.9402382,-2,-1,-153
1767172158.9502382,-1,-3,-150
1767172158.9602382,-4,-3,-152
1767172158.9702382,-3,-5,-149
1767172158.9802382,-7,-1,-151
1767172158.9902382,-8,0,-158
1767172159.0002382,-4,-2,-157
1767172159.0102382,0,-2,-157
1767172159.0202382,-1,-3,-156
1767172159.0302382,-5,0,-153
1767172159.040238,-5,2,-153
1767172159.050238,-3,-4,-151
1767172159.060238,-6,-5,-147
1767172159.070238,-4,-3,-150
1767172159.080238,1,-3,-144
1767172159.090238,5,-2,-142
1767172159.100238,1,-4,-140
1767172159.110238,-2,-8,-143
1767172159.120238,-5,-7,-143
1767172159.130238,-2,-5,-143
1767172159.140238,-1,-5,-143
1767172159.150238,-1,-5,-140
1767172159.1602385,-1,-4,-147
1767172159.1702385,-3,-1,-150
1767172159.1802382,-3,2,-146
1767172159.1902382,-1,2,-139
1767172159.2002382,-2,1,-138
1767172159.2102382,-1,-1,-137
1767172159.2202382,-5,-2,-139
1767172159.2302382,-8,-5,-144
1767172159.2402382,-2,-3,-145
1767172159.2502382,-1,-2,-145
1767172159.2602382,0,-2,-145
1767172159.2702382,1,-1,-151
1767172159.2802382,1,0,-158
1767172159.290238,0,0,-156
1767172159.300238,-3,0,-158
1767172159.310238,-2,0,-156
1767172159.320238,-3,-3,-154
1767172159.330238,-1,-4,-154
1767172159.340238,-2,-5,-157
1767172159.350238,-1,-1,-153
1767172159.360238,-5,-4,-154
1767172159.370238,-1,-3,-143
1767172159.380238,0,-1,-144
1767172159.390238,1,-2,-145
1767172159.400238,7,-6,-148
1767172159.4102385,6,-5,-148
1767172159.4202385,6,-5,-154
1767172159.4302382,5,-5,-153
1767172159.4402382,5,-6,-145
1767172159.4502382,3,-2,-141
1767172159.4602382,8,0,-142
1767172159.4702382,13,-3,-142
1767172159.4802382,10,-8,-143
1767172159.4902382,3,-5,-145
1767172159.5002382,1,-3,-149
1767172159.5102382,2,-1,-152
1767172159.5202382,8,-1,-147
1767172159.5302382,8,-2,-145
1767172159.540238,11,-3,-150
1767172159.550238,8,0,-153
1767172159.560238,6,0,-151
1767172159.570238,5,-3,-147
1767172159.580238,6,-6,-143
1767172159.590238,4,-6,-147
1767172159.600238,9,-2,-145
1767172159.610238,6,-2,-150
1767172159.620238,4,-5,-147
1767172159.630238,6,-3,-150
1767172159.640238,6,0,-145
1767172159.650238,6,-2,-141
1767172159.6602385,1,-4,-138
1767172159.6702385,0,-2,-138
1767172159.6802382,4,1,-136
1767172159.6902382,6,1,-139
1767172159.7002382,10,3,-143
1767172159.7102382,10,3,-146
1767172159.7202382,8,2,-141
1767172159.7302382,3,2,-147
1767172159.7402382,-1,0,-146
1767172159.7502382,-3,0,-141
1767172159.7602382,-6,0,-141
1767172159.7702382,-6,0,-141
1767172159.7802382,-2,4,-135
1767172159.790238,-4,1,-137
1767172159.800238,-8,-1,-141
1767172159.810238,-9,-2,-146
1767172159.820238,-9,-1,-144
1767172159.830238,-9,0,-143
1767172159.840238,-4,4,-146
1767172159.850238,-6,4,-141
1767172159.860238,-2,5,-139
1767172159.870238,0,0,-143
1767172159.880238,-3,-2,-147
1767172159.890238,-2,1,-146
1767172159.900238,-3,0,-149
1767172159.9102385,-5,-1,-151
1767172159.9202385,-1,-2,-151
1767172159.9302382,-2,0,-145
1767172159.9402382,0,-5,-146
1767172159.9502382,3,-5,-143
1767172159.9602382,4,-8,-138
1767172159.9702382,7,-2,-140
1767172159.9802382,2,-2,-136
1767172159.9902382,-1,-2,-138
1767172160.0002382,0,-1,-134
1767172160.0102382,-2,0,-133
1767172160.0202382,-6,0,-139
1767172160.0302382,-5,2,-140
1767172160.040238,-1,-1,-140
1767172160.050238,0,-4,-147
1767172160.060238,3,1,-149
1767172160.070238,1,4,-159
1767172160.080238,0,4,-166
1767172160.090238,0,4,-165
1767172160.100238,0,6,-154
1767172160.110238,2,5,-145
1767172160.120238,3,4,-141
1767172160.130238,4,3,-146
1767172160.140238,2,0,-145
1767172160.150238,2,0,-142
1767172160.1602385,2,-3,-143
1767172160.1702385,0,-7,-144
1767172160.1802382,-3,-1,-144
1767172160.1902382,-2,2,-144
1767172160.2002382,2,1,-148
1767172160.2102382,10,3,-144
1767172160.2202382,10,2,-150
1767172160.2302382,5,3,-154
1767172160.2402382,3,4,-159
1767172160.2502382,3,5,-153
1767172160.2602382,-2,1,-155
1767172160.2702382,1,-4,-151
1767172160.2802382,3,-4,-152
1767172160.290238,1,-2,-150
1767172160.300238,5,-4,-149
1767172160.310238,2,0,-146
1767172160.320238,-2,0,-150
1767172160.330238,-4,2,-149
1767172160.340238,-5,4,-149
1767172160.350238,-2,3,-151
1767172160.360238,-2,0,-148
1767172160.370238,-1,1,-146
1767172160.380238,-2,5,-142
1767172160.3912382,-1,6,-142
1767172160.400238,-4,7,-146
1767172160.4112382,-5,6,-151
1767172160.4202385,-7,6,-149
1767172160.4312382,-7,0,-151
1767172160.4402382,-5,0,-145
1767172160.4512382,-3,-1,-139
1767172160.461238,2,-2,-141
1767172160.471238,1,0,-141
1767172160.481238,-1,-3,-141
1767172160.491238,-3,-4,-143
1767172160.501238,-3,-4,-140
1767172160.511238,0,-8,-146
1767172160.521238,1,-4,-151
1767172160.531238,2,-6,-148
1767172160.541238,7,-5,-143
1767172160.551238,4,-2,-141
1767172160.561238,4,0,-147
1767172160.571238,0,0,-147
1767172160.5812385,1,0,-143
1767172160.5912385,-2,0,-137
1767172160.6012385,-2,0,-135
1767172160.6112382,-8,0,-139
1767172160.6212382,-5,1,-144
1767172160.6312382,0,4,-145
1767172160.6412382,-3,1,-149
1767172160.6512382,-5,1,-147
1767172160.6612382,-8,-1,-150
1767172160.6712382,-12,0,-151
1767172160.6812382,-12,-3,-153
1767172160.6912382,-8,-2,-147
1767172160.7012382,-8,-1,-144
1767172160.711238,-6,-4,-139
1767172160.721238,0,-1,-134
1767172160.731238,0,0,-131
1767172160.741238,-1,0,-138
1767172160.751238,0,0,-139
1767172160.761238,0,-1,-140
1767172160.771238,2,0,-140
1767172160.781238,2,0,-139
1767172160.791238,-2,1,-142
1767172160.801238,1,-1,-148
1767172160.811238,3,-4,-149
1767172160.821238,1,-2,-146
1767172160.8312385,0,1,-146
1767172160.8412385,2,0,-148
1767172160.8512385,-3,0,-150
1767172160.8612382,-2,1,-149
1767172160.8712382,-2,-3,-154
1767172160.8812382,-3,-5,-154
1767172160.8912382,-1,-5,-152
1767172160.9012382,-2,1,-152
1767172160.9112382,-1,3,-147
1767172160.9212382,2,5,-149
1767172160.9312382,4,1,-144
1767172160.9412382,4,0,-140
1767172160.9512382,-1,0,-142
1767172160.961238,-3,0,-145
1767172160.971238,-2,1,-147
1767172160.981238,0,0,-148
1767172160.991238,0,-1,-146
1767172161.001238,2,-3,-143
1767172161.011238,4,-2,-143
1767172161.021238,4,-1,-143
1767172161.031238,4,-2,-145
1767172161.041238,2,0,-146
1767172161.051238,4,3,-145
1767172161.061238,1,6,-148
1767172161.071238,-3,4,-146
1767172161.0812385,-6,2,-145
1767172161.0912385,0,0,-143
1767172161.1012385,3,-2,-145
1767172161.1112382,3,-4,-145
1767172161.1212382,6,-3,-148
1767172161.1312382,4,-1,-148
1767172161.1412382,4,1,-147
1767172161.1512382,8,0,-149
1767172161.1612382,9,-1,-146
1767172161.1712382,9,-1,-138
1767172161.1812382,9,0,-133
1767172161.1912382,10,2,-135
1767172161.2012382,9,2,-141
1767172161.211238,10,5,-137
1767172161.221238,7,7,-142
1767172161.231238,2,4,-145
1767172161.241238,-4,2,-139
1767172161.251238,-5,0,-144
1767172161.261238,-6,3,-146
1767172161.271238,-2,3,-146
1767172161.281238,-4,-2,-140
1767172161.291238,-5,-3,-148
1767172161.301238,0,-2,-142
1767172161.311238,0,-3,-141
1767172161.321238,-2,0,-142
1767172161.3312385,-4,2,-148
1767172161.3412385,-7,0,-141
1767172161.3512385,-7,-2,-136
1767172161.3612382,-8,0,-136
1767172161.3712382,-6,-3,-133
1767172161.3812382,-4,-7,-133
1767172161.3912382,-5,-6,-138
1767172161.4012382,-8,-3,-140
1767172161.4112382,-8,-4,-133
1767172161.4212382,-4,-5,-132
1767172161.4312382,-2,-3,-135
1767172161.4412382,1,-6,-137
1767172161.4512382,0,-7,-135
1767172161.461238,1,-2,-140
1767172161.471238,-3,2,-142
1767172161.481238,0,1,-139
1767172161.491238,1,0,-145
1767172161.501238,4,4,-142
1767172161.511238,3,3,-144
1767172161.521238,3,4,-146
1767172161.531238,3,1,-146
1767172161.541238,0,4,-148
1767172161.551238,-4,2,-147
1767172161.561238,-9,-3,-157
1767172161.571238,-5,-1,-152
1767172161.5812385,-2,0,-146
1767172161.5912385,0,0,-148
1767172161.6012385,0,-1,-141
1767172161.6112382,0,0,-143
1767172161.6212382,0,0,-144
1767172161.6312382,0,0,-145
1767172161.6412382,1,1,-137
1767172161.6512382,4,1,-129
1767172161.6612382,4,0,-134
1767172161.6712382,1,-1,-141
1767172161.6812382,3,4,-144
1767172161.6912382,3,6,-147
1767172161.7012382,5,4,-141
1767172161.711238,6,3,-140
1767172161.721238,3,1,-144
1767172161.731238,2,2,-147
1767172161.741238,8,2,-149
1767172161.751238,5,6,-150
1767172161.761238,0,3,-155
1767172161.771238,1,0,-152
1767172161.781238,0,-3,-147
1767172161.791238,3,-1,-148
1767172161.801238,3,-1,-151
1767172161.811238,5,-4,-146
1767172161.821238,1,-6,-142
1767172161.8312385,0,-6,-148
1767172161.8412385,-4,-5,-147
1767172161.8512385,0,-3,-148
1767172161.8612382,1,-1,-151
1767172161.8712382,4,-1,-152
1767172161.8812382,0,-1,-150
1767172161.8912382,-5,-2,-146
1767172161.9012382,-3,0,-145
1767172161.9112382,0,-2,-143
1767172161.9212382,-2,-1,-143
1767172161.9312382,-3,-1,-145
1767172161.9412382,-5,-4,-145
1767172161.9512382,-5,-8,-149
1767172161.961238,0,-6,-148
1767172161.971238,-2,-1,-147
1767172161.981238,-4,0,-140
1767172161.991238,-1,-1,-141
1767172162.001238,0,-2,-141
1767172162.011238,3,-6,-144
1767172162.021238,1,-6,-138
1767172162.031238,0,-9,-137
1767172162.041238,-4,-4,-141
1767172162.051238,-8,-6,-141
1767172162.061238,-10,-4,-142
1767172162.071238,-6,-3,-145
1767172162.0812385,-6,-4,-148
1767172162.0912385,-3,-4,-149
1767172162.1012385,1,-5,-143
1767172162.1112382,-2,0,-139
1767172162.1212382,-4,2,-131
1767172162.1312382,-11,1,-137
1767172162.1412382,-10,0,-143
1767172162.1512382,-9,2,-149
1767172162.1612382,-2,2,-144
1767172162.1712382,-4,0,-145
1767172162.1812382,-7,0,-143
1767172162.1912382,-15,1,-141
1767172162.2012382,-10,-4,-134
1767172162.211238,-6,-7,-136
1767172162.221238,-4,-3,-141
1767172162.231238,-4,0,-149
1767172162.241238,-4,-1,-150
1767172162.251238,-5,-2,-144
1767172162.261238,-8,0,-142
1767172162.271238,-3,-1,-140
1767172162.281238,2,-3,-140
1767172162.291238,0,-5,-140
1767172162.301238,0,-3,-142
1767172162.311238,-2,-3,-139
1767172162.321238,-5,-1,-140
1767172162.3312385,-2,-1,-139
1767172162.3412385,0,0,-133
1767172162.3512385,-3,0,-137
1767172162.3612382,-2,0,-140
1767172162.3712382,0,-1,-141
1767172162.3812382,5,4,-137
1767172162.3912382,13,1,-134
1767172162.4012382,11,-3,-139
1767172162.4112382,5,2,-138
1767172162.4212382,-1,5,-136
1767172162.4312382,-4,6,-137
1767172162.4412382,0,6,-141
1767172162.4512382,2,4,-151
1767172162.461238,6,6,-152
1767172162.471238,2,5,-151
1767172162.481238,3,5,-145
1767172162.491238,1,3,-144
1767172162.501238,-4,-1,-147
1767172162.511238,-3,-2,-144
1767172162.521238,-3,-4,-148
1767172162.531238,-3,-6,-144
1767172162.541238,-4,-4,-147
1767172162.551238,-5,0,-149
1767172162.561238,-2,2,-144
1767172162.571238,0,0,-144
1767172162.5812385,0,0,-138
1767172162.5912385,-5,-1,-139
1767172162.6012385,-2,1,-133
1767172162.6112382,0,-2,-139
1767172162.6212382,1,-1,-143
1767172162.6312382,-4,-3,-142
1767172162.6412382,-7,-3,-142
1767172162.6512382,-2,-7,-139
1767172162.6612382,-2,-7,-140
1767172162.6712382,-3,-4,-137
1767172162.6812382,-1,-2,-141
1767172162.6912382,1,-5,-140
1767172162.7012382,2,-1,-147
1767172162.711238,3,-5,-149
1767172162.721238,-1,-2,-150
1767172162.731238,-5,-2,-146
1767172162.741238,-3,-3,-144
1767172162.751238,0,-4,-147
1767172162.7732382,-4,0,-154
1767172162.781238,-3,-1,-155
1767172162.791238,-7,-2,-147
1767172162.801238,-5,0,-147
1767172162.811238,-5,-1,-145
1767172162.821238,0,-3,-143
1767172162.8312385,0,-3,-140
1767172162.8412385,0,-2,-143
1767172162.8512385,-2,-2,-147
1767172162.8612382,1,-6,-150
1767172162.8712382,3,-5,-151
1767172162.8812382,0,-3,-153
1767172162.8912382,4,-2,-156
1767172162.9012382,8,0,-154
1767172162.9112382,4,1,-154
1767172162.9212382,2,-1,-152
1767172162.9312382,1,-8,-151
1767172162.9412382,2,-5,-141
1767172162.952238,1,-1,-153
1767172162.962238,1,0,-150
1767172162.971238,0,1,-152
1767172162.982238,-6,-1,-153
1767172162.992238,-13,1,-160
1767172163.002238,-12,0,-156
1767172163.0122385,-10,2,-148
1767172163.0222385,-11,7,-139
1767172163.0322382,-9,9,-134
1767172163.0422382,-5,7,-131
1767172163.0522382,1,7,-137
1767172163.0622382,4,5,-138
1767172163.0722382,6,2,-142
1767172163.0822382,10,2,-141
1767172163.0922382,11,0,-145
1767172163.1022382,9,2,-146
1767172163.1122382,4,0,-152
1767172163.1222382,3,0,-153
1767172163.132238,1,2,-151
1767172163.142238,-4,1,-152
1767172163.152238,-2,0,-152
1767172163.162238,0,1,-149
1767172163.172238,3,4,-144
1767172163.182238,3,3,-142
1767172163.192238,6,3,-139
1767172163.202238,6,2,-140
1767172163.212238,9,3,-139
1767172163.222238,5,-1,-143
1767172163.232238,8,-5,-147
1767172163.242238,6,-3,-150
1767172163.252238,-1,-7,-147
1767172163.2622385,1,-7,-143
1767172163.2722385,0,-6,-141
1767172163.2822382,-3,-4,-145
1767172163.2922382,-3,0,-142
1767172163.3022382,0,1,-143
1767172163.3122382,0,2,-145
1767172163.3222382,2,2,-145
1767172163.3322382,4,2,-145
1767172163.3422382,5,1,-144
1767172163.3522382,0,1,-143
1767172163.3622382,2,0,-139
1767172163.3722382,-2,0,-142
1767172163.382238,-1,0,-150
1767172163.392238,-1,0,-146
1767172163.402238,-1,0,-143
1767172163.412238,-6,0,-141
1767172163.422238,-8,0,-145
1767172163.432238,-14,-4,-147
1767172163.442238,-12,-3,-150
1767172163.452238,-9,-4,-149
1767172163.462238,-4,-1,-154
1767172163.472238,-3,-3,-153
1767172163.482238,-6,-7,-154
1767172163.492238,-3,-5,-150
1767172163.502238,0,-6,-141
1767172163.5122385,4,-3,-142
1767172163.5222385,-1,-3,-138
1767172163.5322382,-2,0,-146
1767172163.5422382,-1,-1,-148
1767172163.5522382,0,-1,-150
1767172163.5622382,0,0,-150
1767172163.5722382,0,0,-140
1767172163.5822382,-3,-1,-140
1767172163.5922382,-2,0,-146
1767172163.6022382,0,2,-138
1767172163.6122382,-2,1,-132
1767172163.6222382,-2,3,-142
1767172163.632238,-4,2,-141
1767172163.642238,1,0,-143
1767172163.652238,-4,-1,-143
1767172163.662238,-1,0,-137
1767172163.672238,0,-3,-144
1767172163.682238,0,-4,-146
1767172163.692238,0,-7,-149
1767172163.702238,1,-5,-143
1767172163.712238,0,-4,-143
1767172163.722238,0,-2,-140
1767172163.732238,3,-2,-138
1767172163.742238,2,-1,-148
1767172163.752238,1,0,-156
1767172163.7622385,1,0,-156
1767172163.7722385,0,0,-150
1767172163.7822382,3,2,-145
1767172163.7922382,0,0,-142
1767172163.8022382,0,1,-141
1767172163.8122382,-3,0,-139
1767172163.8222382,-4,-4,-140
1767172163.8322382,-7,-4,-143
1767172163.8422382,-3,-4,-144
1767172163.8522382,-6,-5,-145
1767172163.8622382,-6,-3,-140
1767172163.8722382,-5,2,-145
1767172163.882238,-3,-2,-147
1767172163.892238,-1,0,-146
1767172163.902238,1,-1,-142
1767172163.912238,0,-1,-144
1767172163.922238,1,-1,-141
1767172163.932238,4,0,-146
1767172163.942238,2,-5,-144
1767172163.952238,-2,-9,-150
1767172163.962238,-2,-9,-153
1767172163.972238,-3,-9,-152
1767172163.982238,-8,-5,-155
1767172163.992238,-4,-3,-155
1767172164.002238,-8,-1,-157
1767172164.0122385,-3,0,-154
1767172164.0222385,-3,1,-143
1767172164.0322382,-2,2,-135
1767172164.0422382,0,4,-137
1767172164.0522382,1,5,-135
1767172164.0622382,0,1,-137
1767172164.0722382,3,0,-142
1767172164.0822382,4,-1,-142
1767172164.0922382,5,-2,-147
1767172164.1022382,2,0,-147
1767172164.1122382,-2,-1,-148
1767172164.1222382,-5,0,-144
1767172164.132238,-6,0,-147
1767172164.142238,-7,0,-146
1767172164.152238,-6,-4,-145
1767172164.162238,-7,-5,-150
1767172164.172238,-7,-8,-147
1767172164.182238,-8,-5,-148
1767172164.192238,-7,-4,-149
1767172164.202238,-6,-1,-156
1767172164.212238,-2,2,-155
1767172164.222238,1,0,-144
1767172164.232238,3,-3,-142
1767172164.242238,2,-1,-140
1767172164.252238,4,-1,-142
1767172164.2622385,3,0,-146
1767172164.2722385,6,0,-149
1767172164.2822382,7,0,-147
1767172164.2922382,3,-1,-156
1767172164.3022382,2,-4,-157
1767172164.3122382,2,0,-151
1767172164.3222382,2,1,-152
1767172164.3322382,0,-2,-148
1767172164.3422382,0,-2,-138
1767172164.3522382,0,-6,-135
1767172164.3622382,0,0,-135
1767172164.3722382,2,0,-145
1767172164.382238,0,-5,-147
1767172164.392238,0,-5,-149
1767172164.402238,-3,-4,-145
1767172164.412238,-3,-1,-140
1767172164.422238,-3,-4,-141
1767172164.432238,-5,-2,-145
1767172164.442238,-4,-5,-143
1767172164.452238,-2,-7,-142
1767172164.462238,1,-5,-140
1767172164.472238,3,-3,-132
1767172164.482238,3,-6,-133
1767172164.492238,0,-8,-136
1767172164.502238,-3,-7,-134
1767172164.5122385,-3,-7,-132
1767172164.5222385,-2,-10,-131
1767172164.5322382,-1,-12,-132
1767172164.5422382,-2,-10,-135
1767172164.5522382,-2,-5,-146
1767172164.5622382,-3,-3,-148
1767172164.5722382,-5,-5,-149
1767172164.5822382,-1,-4,-152
1767172164.5922382,-2,-5,-152
1767172164.6022382,-1,-4,-147
1767172164.6122382,0,-3,-140
1767172164.6222382,1,-4,-136
1767172164.632238,1,-6,-135
1767172164.642238,1,-5,-139
1767172164.652238,0,-3,-138
1767172164.662238,0,-1,-145
1767172164.672238,6,-2,-142
1767172164.682238,6,-2,-143
1767172164.692238,3,-5,-141
1767172164.702238,0,-7,-141
1767172164.712238,1,-8,-148
1767172164.722238,-1,-5,-156
1767172164.732238,-7,-2,-156
1767172164.742238,-3,-12,-153
1767172164.752238,0,-12,-153
1767172164.7622385,0,-13,-151
1767172164.7722385,-1,-15,-149
1767172164.7822382,-1,-7,-138
1767172164.7922382,-1,-4,-138
1767172164.8022382,1,-2,-144
1767172164.8122382,0,0,-149
1767172164.8222382,-3,-2,-144
1767172164.8322382,-1,1,-145
1767172164.8422382,-3,0,-145
1767172164.8522382,-4,2,-147
1767172164.8622382,-4,2,-153
1767172164.8722382,-1,3,-142
1767172164.882238,-2,2,-138
1767172164.892238,1,4,-135
1767172164.902238,-2,1,-129
1767172164.912238,-7,5,-134
1767172164.922238,-5,6,-137
1767172164.932238,-1,6,-144
1767172164.942238,0,2,-144
1767172164.952238,3,1,-141
1767172164.962238,2,2,-141
1767172164.972238,0,4,-136
1767172164.982238,3,1,-139
1767172164.992238,0,-3,-139
1767172165.002238,-1,0,-143
1767172165.0122385,-1,-4,-145
1767172165.0222385,-5,-3,-148
1767172165.0322382,-6,-2,-145
1767172165.0422382,-4,0,-142
1767172165.0522382,1,3,-142
1767172165.0622382,0,0,-143
1767172165.0722382,-1,-1,-136
1767172165.0822382,-4,-2,-136
1767172165.0922382,-7,-3,-138
1767172165.1022382,-10,-1,-138
1767172165.1122382,-3,0,-143
1767172165.1222382,-4,1,-145
1767172165.132238,-4,2,-149
1767172165.142238,0,3,-145
1767172165.152238,-5,2,-138
1767172165.162238,-2,0,-138
1767172165.172238,-1,2,-139
1767172165.182238,0,0,-140
1767172165.192238,-3,0,-137
1767172165.202238,-3,-1,-141
1767172165.212238,-5,-2,-136
1767172165.222238,-1,0,-135
1767172165.232238,0,-1,-134
1767172165.242238,-1,2,-140
1767172165.252238,-3,0,-145
1767172165.2622385,-2,-3,-144
1767172165.2722385,-3,1,-147
1767172165.2822382,-3,3,-146
1767172165.2922382,-3,1,-147
1767172165.3022382,-4,-4,-150
1767172165.3122382,-2,-6,-152
1767172165.3222382,1,-9,-157
1767172165.3322382,-1,-10,-158
1767172165.3422382,-2,-8,-156
1767172165.3522382,-1,-7,-153
1767172165.3622382,-5,-7,-154
1767172165.3722382,-10,-5,-153
1767172165.382238,-3,-2,-150
1767172165.392238,-2,0,-147
1767172165.402238,1,3,-148
1767172165.412238,5,5,-148
1767172165.422238,1,10,-148
1767172165.432238,0,6,-151
1767172165.442238,3,7,-151
1767172165.4532382,2,4,-148
1767172165.462238,-1,2,-140
1767172165.4732382,-2,0,-138
1767172165.4832382,1,2,-137
1767172165.4932382,-3,-1,-138
1767172165.5032382,0,1,-145
1767172165.5132382,2,1,-153
1767172165.5232382,5,0,-150
1767172165.5332382,6,0,-145
1767172165.5432382,8,-5,-139
1767172165.5532382,6,-3,-138
1767172165.563238,6,-4,-137
1767172165.573238,9,-4,-142
1767172165.583238,3,-3,-139
1767172165.593238,0,-3,-137
1767172165.603238,-1,-7,-141
1767172165.613238,-2,-8,-142
1767172165.623238,-2,0,-140
1767172165.633238,-1,-1,-138
1767172165.643238,-2,-1,-140
1767172165.653238,-3,-1,-138
1767172165.663238,-4,-1,-135
1767172165.673238,-6,-1,-137
1767172165.6832385,0,-2,-134
1767172165.6932385,5,-3,-129
1767172165.7032382,1,-2,-128
1767172165.7132382,0,-4,-131
1767172165.7232382,-1,-2,-135
1767172165.7332382,-1,3,-135
1767172165.7432382,-1,3,-135
1767172165.7532382,-1,1,-132
1767172165.7632382,0,1,-138
1767172165.7732382,0,-1,-141
1767172165.7832382,0,0,-147
1767172165.7932382,3,0,-147
1767172165.8032382,1,0,-148
1767172165.813238,4,0,-149
1767172165.823238,4,0,-149
1767172165.833238,0,1,-157
1767172165.843238,-1,-3,-155
1767172165.853238,3,-2,-151
1767172165.863238,2,-3,-149
1767172165.873238,0,0,-143
1767172165.883238,0,4,-146
1767172165.893238,2,0,-139
1767172165.903238,0,-4,-146
1767172165.913238,3,0,-146
1767172165.923238,2,0,-145
1767172165.9332385,0,0,-146
1767172165.9432385,0,3,-145
1767172165.9532382,-2,3,-151
1767172165.9632382,-3,5,-151
1767172165.9732382,-1,3,-146
1767172165.9832382,1,3,-136
1767172165.9932382,2,0,-142
1767172166.0032382,1,0,-149
1767172166.0132382,2,-3,-151
1767172166.0232382,-2,-5,-147
1767172166.0332382,-2,-4,-145
1767172166.0432382,-4,-7,-136
1767172166.0532382,-4,-1,-138
1767172166.063238,2,-1,-140
1767172166.073238,3,-1,-140
1767172166.083238,3,-3,-138
1767172166.094238,8,1,-128
1767172166.103238,8,2,-130
1767172166.113238,6,2,-132
1767172166.123238,3,2,-136
1767172166.133238,3,0,-147
1767172166.143238,2,-1,-150
1767172166.153238,-2,0,-152
1767172166.163238,-3,0,-153
1767172166.173238,-3,-2,-143
1767172166.1832385,-6,-4,-146
1767172166.1932385,-4,-2,-148
1767172166.2032382,-2,-2,-144
1767172166.2132382,-3,-6,-144
1767172166.2232382,-1,-8,-141
1767172166.2332382,1,-8,-142
1767172166.2432382,0,-4,-144
1767172166.2532382,2,-3,-144
1767172166.2632382,0,-2,-146
1767172166.2732382,3,0,-145
1767172166.2832382,5,3,-147
1767172166.2932382,-1,3,-147
1767172166.3032382,-5,2,-145
1767172166.313238,-7,0,-142
1767172166.323238,-7,2,-148
1767172166.333238,-7,-1,-144
1767172166.343238,-5,-2,-147
1767172166.353238,-7,0,-144
1767172166.363238,-7,2,-142
1767172166.373238,-6,2,-151
1767172166.383238,-2,0,-146
1767172166.393238,-1,-4,-144
1767172166.403238,0,-1,-143
1767172166.413238,3,0,-144
1767172166.423238,2,-1,-140
1767172166.4332385,3,-1,-137
1767172166.4432385,1,-5,-139
1767172166.4532382,1,-8,-146
1767172166.4632382,2,-5,-148
1767172166.4732382,0,-5,-143
1767172166.4832382,-1,-2,-149
1767172166.4932382,4,2,-143
1767172166.5032382,0,0,-137
1767172166.5132382,0,0,-144
1767172166.5232382,0,0,-138
1767172166.5332382,-1,3,-135
1767172166.5432382,-3,3,-135
1767172166.5532382,-3,4,-137
1767172166.563238,-5,2,-139
1767172166.573238,-5,-1,-135
1767172166.583238,-5,4,-133
1767172166.593238,0,4,-139
1767172166.603238,1,3,-145
1767172166.613238,4,1,-145
1767172166.623238,6,2,-143
1767172166.633238,7,0,-146
1767172166.643238,4,0,-143
1767172166.653238,4,1,-142
1767172166.663238,5,1,-143
1767172166.673238,6,0,-142
1767172166.6832385,2,-1,-141
1767172166.6932385,1,-7,-143
1767172166.7032382,2,-6,-141
1767172166.7132382,-1,-3,-138
1767172166.7232382,0,-2,-140
1767172166.7332382,1,-5,-143
1767172166.7432382,4,-7,-142
1767172166.7532382,5,-4,-142
1767172166.7632382,3,-3,-143
1767172166.7732382,2,-6,-142
1767172166.7832382,5,-5,-140
1767172166.7932382,4,-3,-134
1767172166.8032382,0,0,-134
1767172166.813238,4,0,-134
1767172166.823238,10,2,-139
1767172166.833238,8,2,-135
1767172166.843238,5,1,-130
1767172166.853238,4,-1,-135
1767172166.863238,5,-4,-140
1767172166.873238,0,-2,-149
1767172166.883238,0,0,-149
1767172166.893238,1,1,-146
1767172166.903238,0,1,-141
1767172166.913238,-2,3,-143
1767172166.923238,0,2,-143
1767172166.9332385,2,4,-144
1767172166.9432385,3,3,-143
1767172166.9532382,2,4,-139
1767172166.9632382,5,5,-136
1767172166.9732382,4,2,-137
1767172166.9832382,3,1,-141
1767172166.9932382,-2,-1,-139
1767172167.0032382,-2,-3,-136
1767172167.0132382,0,-2,-142
1767172167.0232382,-3,-1,-144
1767172167.0332382,0,0,-145
1767172167.0432382,-3,-3,-149
1767172167.0532382,-6,-3,-150
1767172167.063238,-6,-1,-142
1767172167.073238,-4,-2,-138
1767172167.083238,-4,-6,-136
1767172167.093238,-1,-11,-137
1767172167.103238,-4,-8,-134
1767172167.113238,-3,-10,-130
1767172167.123238,0,-6,-138
1767172167.133238,5,-5,-136
1767172167.143238,2,-1,-135
1767172167.153238,2,-2,-141
1767172167.163238,2,-4,-147
1767172167.173238,0,-4,-152
1767172167.1832385,0,-4,-150
1767172167.1932385,0,-3,-152
1767172167.2032382,-2,-2,-149
1767172167.2132382,-1,-2,-150
1767172167.2232382,-2,-1,-157
1767172167.2332382,-3,0,-153
1767172167.2432382,-2,2,-152
1767172167.2532382,-5,4,-146
1767172167.2632382,-3,3,-150
1767172167.2732382,0,0,-146
1767172167.2832382,2,2,-146
1767172167.2932382,-3,-3,-155
1767172167.3032382,3,0,-153
1767172167.313238,2,-5,-150
1767172167.323238,1,-7,-148
1767172167.333238,0,-6,-148
1767172167.343238,0,-5,-148
1767172167.353238,1,0,-141
1767172167.363238,-1,-3,-147
1767172167.373238,-1,-4,-149
1767172167.383238,1,-5,-150
1767172167.393238,0,-6,-147
1767172167.403238,0,-7,-144
1767172167.413238,0,-6,-145
1767172167.423238,-1,-7,-143
1767172167.4332385,0,-4,-136
1767172167.4432385,0,-6,-139
1767172167.4532382,4,-7,-143
1767172167.4632382,0,-5,-133
1767172167.4732382,1,-3,-135
1767172167.4832382,0,-2,-137
1767172167.4932382,0,-1,-140
1767172167.5032382,4,3,-145
1767172167.5132382,4,0,-145
1767172167.5232382,5,0,-140
1767172167.5332382,3,0,-139
1767172167.5432382,1,-3,-133
1767172167.5532382,1,-1,-139
1767172167.563238,-1,-1,-146
1767172167.573238,-4,0,-138
1767172167.583238,-8,4,-144
1767172167.593238,-5,5,-150
1767172167.603238,-2,2,-141
1767172167.613238,-4,0,-136
1767172167.623238,-4,0,-142
1767172167.633238,-4,-6,-143
1767172167.643238,-3,-4,-143
1767172167.653238,-2,-4,-143
1767172167.663238,0,-5,-142
1767172167.673238,-1,-4,-134
1767172167.6832385,-4,-6,-139
1767172167.6932385,-2,-4,-141
1767172167.7032382,-1,-5,-128
1767172167.7132382,0,-3,-127
1767172167.7232382,3,1,-131
1767172167.7332382,6,3,-137
1767172167.7432382,6,1,-142
1767172167.7532382,2,1,-144
1767172167.7632382,0,-1,-144
1767172167.7852385,0,-2,-147
1767172167.7932382,-2,-1,-154
1767172167.8032382,-3,-5,-159
1767172167.813238,-2,-2,-160
1767172167.823238,0,1,-152
1767172167.833238,-3,-2,-149
1767172167.843238,-5,-7,-149
1767172167.853238,-6,-7,-146
1767172167.863238,-7,-10,-144
1767172167.873238,-5,-8,-141
1767172167.883238,-2,-6,-142
1767172167.893238,-5,-3,-144
1767172167.903238,-8,-6,-145
1767172167.913238,-6,-10,-145
1767172167.923238,-5,-15,-142
1767172167.9332385,0,-16,-137
1767172167.9432385,0,-13,-142
1767172167.9532382,-4,-10,-141
1767172167.9632382,-3,-10,-149
1767172167.9732382,1,-10,-148
1767172167.9832382,4,-10,-146
1767172167.9932382,8,-11,-152
1767172168.004238,4,-9,-154
1767172168.014238,0,-10,-157
1767172168.024238,-3,-10,-157
1767172168.034238,0,-8,-156
1767172168.044238,3,-7,-158
1767172168.054238,3,-7,-155
1767172168.064238,-1,-5,-155
1767172168.074238,0,-7,-153
1767172168.084238,-1,-8,-152
1767172168.094238,0,-7,-150
1767172168.1042385,-3,-11,-149
1767172168.1142385,-2,-10,-145
1767172168.1242385,-3,-3,-145
1767172168.1342382,0,4,-141
1767172168.1442382,2,4,-142
1767172168.1542382,2,1,-143
1767172168.1642382,3,0,-145
1767172168.1742382,5,0,-140
1767172168.1842382,5,-1,-146
1767172168.1942382,2,-8,-140
1767172168.2042382,3,-9,-134
1767172168.2142382,4,-6,-131
1767172168.2242382,5,-3,-136
1767172168.234238,5,-3,-139
1767172168.244238,0,-2,-135
1767172168.254238,0,-2,-142
1767172168.264238,-6,-1,-149
1767172168.274238,-6,-3,-153
1767172168.284238,-5,-1,-148
1767172168.294238,-2,0,-140
1767172168.304238,0,0,-137
1767172168.314238,-1,-1,-134
1767172168.324238,-4,0,-143
1767172168.334238,-9,1,-144
1767172168.344238,-10,1,-141
1767172168.3542385,-4,-2,-148
1767172168.3642385,-2,-4,-149
1767172168.3742385,-5,-4,-151
1767172168.3842382,-2,-5,-154
1767172168.3942382,1,-6,-148
1767172168.4042382,-1,-10,-140
1767172168.4142382,-4,-8,-140
1767172168.4242382,-1,-6,-139
1767172168.4342382,-2,-2,-141
1767172168.4442382,-3,-4,-143
1767172168.4542382,0,-2,-138
1767172168.4642382,1,0,-143
1767172168.4742382,0,-2,-139
1767172168.484238,-2,0,-146
1767172168.494238,0,-2,-148
1767172168.504238,0,-2,-150
1767172168.514238,1,-2,-150
1767172168.524238,1,-9,-142
1767172168.534238,6,-8,-144
1767172168.544238,7,-6,-146
1767172168.554238,8,-3,-149
1767172168.564238,8,-3,-154
1767172168.574238,7,-2,-154
1767172168.584238,9,-2,-155
1767172168.594238,9,-3,-145
1767172168.6042385,9,0,-145
1767172168.6142385,6,1,-153
1767172168.6242385,7,-1,-149
1767172168.6342382,2,-3,-142
1767172168.6442382,0,0,-143
1767172168.6542382,0,0,-142
1767172168.6642382,1,-2,-144
1767172168.6742382,1,-4,-141
1767172168.6842382,-2,-4,-144
1767172168.6942382,0,-2,-136
1767172168.7042382,-3,-1,-143
1767172168.7142382,-1,-1,-149
1767172168.7242382,-1,-8,-154
1767172168.734238,-1,-11,-155
1767172168.744238,-6,-7,-152
1767172168.754238,-7,-6,-154
1767172168.764238,-6,-6,-157
1767172168.774238,-5,-3,-150
1767172168.784238,-3,-4,-140
1767172168.794238,0,1,-137
1767172168.804238,1,0,-139
1767172168.814238,3,1,-143
1767172168.824238,1,1,-145
1767172168.834238,0,2,-147
1767172168.844238,-2,4,-141
1767172168.8542385,1,3,-134
1767172168.8642385,2,3,-139
1767172168.8742385,-2,2,-144
1767172168.8842382,0,0,-152
1767172168.8942382,-1,0,-154
1767172168.9042382,2,2,-150
1767172168.9142382,2,0,-152
1767172168.9242382,3,0,-151
1767172168.9342382,3,-1,-151
1767172168.9442382,3,-2,-152
1767172168.9542382,2,-3,-157
1767172168.9642382,1,-4,-152
1767172168.9742382,2,-5,-152
1767172168.984238,2,-7,-154
1767172168.994238,1,-7,-159
1767172169.004238,0,-11,-151
1767172169.014238,-7,-12,-148
1767172169.024238,-7,-9,-147
1767172169.034238,-4,-7,-143
1767172169.044238,-5,-3,-145
1767172169.054238,-4,-10,-148
1767172169.064238,-5,-6,-153
1767172169.074238,-3,-7,-156
1767172169.084238,0,-9,-150
1767172169.094238,5,-7,-146
1767172169.1042385,6,-7,-152
1767172169.1142385,2,-6,-148
1767172169.1242385,4,-2,-143
1767172169.1342382,6,-3,-143
1767172169.1442382,1,-2,-144
1767172169.1542382,2,0,-143
1767172169.1642382,7,1,-147
1767172169.1742382,5,0,-145
1767172169.1842382,3,-2,-150
1767172169.1942382,5,-1,-156
1767172169.2042382,3,1,-157
1767172169.2142382,2,2,-153
1767172169.2242382,4,3,-148
1767172169.234238,1,1,-147
1767172169.244238,0,0,-150
1767172169.254238,-1,-4,-154
1767172169.264238,-1,-6,-152
1767172169.274238,-5,-7,-151
1767172169.284238,-4,-3,-145
1767172169.294238,-2,-5,-149
1767172169.304238,-1,-5,-155
1767172169.314238,-2,-4,-146
1767172169.324238,3,-5,-141
1767172169.334238,5,-8,-144
1767172169.344238,10,-7,-140
1767172169.3542385,5,-5,-143
1767172169.3642385,6,-5,-146
1767172169.3742385,7,-6,-144
1767172169.3842382,2,-7,-150
1767172169.3942382,-1,-7,-145
1767172169.4042382,1,-9,-143
1767172169.4142382,1,-8,-146
1767172169.4242382,-3,-6,-150
1767172169.4342382,-5,-2,-155
1767172169.4442382,-2,-1,-151
1767172169.4542382,0,-2,-154
1767172169.4642382,-4,-4,-155
1767172169.4742382,-1,-7,-156
1767172169.484238,0,-6,-159
1767172169.494238,4,-3,-157
1767172169.504238,0,-3,-155
1767172169.514238,-3,-3,-152
1767172169.524238,-4,-5,-152
1767172169.534238,-1,-5,-144
1767172169.544238,0,-1,-150
1767172169.554238,0,-2,-149
1767172169.564238,0,-3,-150
1767172169.574238,-2,-3,-146
1767172169.584238,-2,-2,-143
1767172169.594238,-2,0,-151
1767172169.6042385,-4,0,-153
1767172169.6142385,-5,0,-156
1767172169.6242385,-4,0,-156
1767172169.6342382,-3,0,-161
1767172169.6442382,-2,0,-160
1767172169.6542382,-1,0,-159
1767172169.6642382,1,0,-150
1767172169.6742382,-2,-2,-142
1767172169.6842382,-6,-1,-142
1767172169.6942382,-7,-2,-146
1767172169.7042382,-7,1,-147
1767172169.7142382,-3,-3,-146
1767172169.7242382,-6,-2,-143
1767172169.734238,-8,-2,-139
1767172169.744238,-2,-3,-134
1767172169.754238,-3,-5,-133
1767172169.764238,0,-4,-130
1767172169.774238,0,-4,-128
1767172169.784238,-3,-3,-139
1767172169.794238,-4,-3,-143
1767172169.804238,-5,-5,-151
1767172169.814238,-1,-2,-148
1767172169.824238,-2,-4,-144
1767172169.834238,1,-5,-139
1767172169.844238,3,-1,-136
1767172169.8542385,1,1,-138
1767172169.8642385,1,0,-139
1767172169.8742385,2,-1,-141
1767172169.8842382,2,0,-142
1767172169.8942382,6,3,-142
1767172169.9042382,8,2,-136
1767172169.9142382,6,-3,-137
1767172169.9242382,4,-4,-141
1767172169.9342382,2,-5,-134
1767172169.9442382,4,0,-136
1767172169.9542382,0,4,-132
1767172169.9642382,-5,3,-138
1767172169.9742382,-10,3,-136
1767172169.984238,-5,4,-143
1767172169.994238,-4,5,-146
1767172170.004238,0,2,-140
1767172170.014238,-3,3,-138
1767172170.024238,0,4,-135
1767172170.034238,0,1,-135
1767172170.044238,0,-1,-137
1767172170.054238,0,-2,-145
1767172170.064238,-3,-1,-144
1767172170.074238,-3,-4,-152
1767172170.084238,3,-6,-154
1767172170.094238,-4,-4,-154
1767172170.1042385,-7,-2,-156
1767172170.1142385,-6,-3,-148
1767172170.1242385,-4,-4,-150
1767172170.1342382,-3,-4,-142
1767172170.1442382,1,-4,-145
1767172170.1542382,0,-4,-139
1767172170.1642382,-2,-2,-138
1767172170.1742382,0,0,-136
1767172170.1842382,-1,0,-147
1767172170.1942382,1,-1,-142
1767172170.2042382,0,3,-141
1767172170.2142382,0,2,-140
1767172170.2242382,2,-1,-144
1767172170.234238,3,-4,-152
1767172170.244238,2,-3,-152
1767172170.254238,2,0,-145
1767172170.264238,1,-1,-142
1767172170.274238,0,-2,-137
1767172170.284238,1,-7,-136
1767172170.294238,3,-3,-139
1767172170.304238,2,1,-145
1767172170.314238,4,1,-143
1767172170.324238,2,0,-143
1767172170.334238,0,0,-146
1767172170.344238,3,0,-145
1767172170.3542385,-1,4,-141
1767172170.3642385,-3,0,-142
1767172170.3742385,0,4,-142
1767172170.3842382,0,1,-145
1767172170.3952382,1,0,-143
1767172170.4042382,1,-1,-141
1767172170.4142382,4,-1,-139
1767172170.4242382,3,-2,-146
1767172170.4342382,9,-3,-142
1767172170.4442382,6,1,-143
1767172170.4542382,2,3,-141
1767172170.4642382,0,0,-148
1767172170.4742382,0,-2,-148
1767172170.484238,5,-3,-150
1767172170.494238,1,-3,-148
1767172170.504238,1,0,-143
1767172170.514238,0,-2,-140
1767172170.524238,0,-2,-142
1767172170.534238,0,0,-140
1767172170.5452385,0,-4,-139
1767172170.5552382,-2,-6,-137
1767172170.5652382,2,-6,-135
1767172170.5752382,2,-1,-137
1767172170.5852382,0,0,-134
1767172170.5952382,0,1,-129
1767172170.6052382,-4,-3,-130
1767172170.6152382,-7,-1,-133
1767172170.6252382,-8,0,-134
1767172170.6352382,-8,4,-142
1767172170.6452382,-8,6,-138
1767172170.6552382,-3,4,-140
1767172170.665238,-3,0,-147
1767172170.675238,0,2,-137
1767172170.685238,1,0,-144
1767172170.695238,1,-1,-143
1767172170.705238,3,1,-141
1767172170.715238,2,3,-142
1767172170.725238,-2,0,-149
1767172170.735238,-2,1,-148
1767172170.745238,-4,0,-147
1767172170.755238,-1,-1,-149
1767172170.765238,0,1,-154
1767172170.775238,1,1,-152
1767172170.7852385,1,5,-142
1767172170.7952385,-1,7,-144
1767172170.8052382,0,6,-145
1767172170.8152382,1,2,-145
1767172170.8252382,3,1,-147
1767172170.8352382,5,1,-143
1767172170.8452382,7,0,-139
1767172170.8552382,5,1,-141
1767172170.8652382,6,7,-142
1767172170.8752382,6,4,-138
1767172170.8852382,9,4,-139
1767172170.8952382,11,5,-140
1767172170.9052382,10,1,-140
1767172170.915238,3,0,-141
1767172170.925238,0,-3,-143
1767172170.935238,0,-7,-146
1767172170.945238,0,-6,-139
1767172170.955238,-5,-8,-134
1767172170.965238,-2,-6,-137
1767172170.975238,-2,-1,-143
1767172170.985238,0,-4,-142
1767172170.995238,-1,-5,-140
1767172171.005238,-2,-1,-140
1767172171.015238,-1,0,-143
1767172171.025238,0,-2,-145
1767172171.0352385,1,2,-150
1767172171.0452385,3,1,-152
1767172171.0552382,1,0,-147
1767172171.0652382,0,-1,-147
1767172171.0752382,-3,-3,-145
1767172171.0852382,0,-1,-145
1767172171.0952382,2,-4,-140
1767172171.1052382,4,-6,-140
1767172171.1152382,0,-7,-140
1767172171.1252382,-1,-8,-142
1767172171.1352382,0,-6,-136
1767172171.1452382,0,-1,-143
1767172171.1552382,0,0,-141
1767172171.165238,-1,-3,-143
1767172171.175238,0,-4,-136
1767172171.185238,0,-5,-140
1767172171.195238,1,1,-148
1767172171.205238,2,6,-141
1767172171.215238,5,4,-145
1767172171.225238,4,0,-146
1767172171.235238,0,0,-148
1767172171.245238,0,0,-154
1767172171.255238,0,-1,-153
1767172171.265238,0,-1,-151
1767172171.275238,-4,-1,-151
1767172171.2852385,-7,-2,-151
1767172171.2952385,-7,0,-148
1767172171.3052382,-2,0,-146
1767172171.3152382,0,0,-148
1767172171.3252382,0,0,-145
1767172171.3352382,1,0,-145
1767172171.3452382,3,3,-143
1767172171.3552382,3,3,-138
1767172171.3652382,3,2,-140
1767172171.3752382,1,3,-143
1767172171.3852382,0,2,-140
1767172171.3952382,-1,0,-140
1767172171.4052382,0,6,-143
1767172171.415238,0,5,-143
1767172171.425238,-2,2,-147
1767172171.435238,-2,-1,-148
1767172171.445238,-3,1,-149
1767172171.455238,-5,2,-150
1767172171.465238,-4,1,-150
1767172171.475238,-2,-3,-149
1767172171.485238,-2,-5,-150
1767172171.495238,-4,0,-149
1767172171.505238,-2,1,-149
1767172171.515238,1,0,-149
1767172171.525238,2,0,-147
1767172171.5352385,-4,-1,-144
1767172171.5452385,0,-3,-144
1767172171.5552382,-1,1,-145
1767172171.5652382,-2,-1,-145
1767172171.5752382,-2,2,-148
1767172171.5852382,-6,-2,-150
1767172171.5952382,-8,-6,-146
1767172171.6052382,-5,-5,-139
1767172171.6152382,-5,-3,-137
1767172171.6252382,-2,-3,-142
1767172171.6352382,0,-1,-152
1767172171.6452382,2,-2,-154
1767172171.6552382,-1,-4,-153
1767172171.665238,0,-2,-153
1767172171.675238,0,0,-151
1767172171.685238,-1,-2,-143
1767172171.695238,-5,-3,-140
1767172171.705238,-5,-4,-145
1767172171.715238,-4,0,-142
1767172171.725238,-3,-3,-137
1767172171.735238,-3,-3,-141
1767172171.745238,-3,-2,-142
1767172171.755238,1,-3,-148
1767172171.765238,4,-2,-150
1767172171.775238,6,-2,-149
1767172171.7852385,1,-3,-144
1767172171.7952385,0,-1,-146
1767172171.8052382,1,-1,-144
1767172171.8152382,2,-3,-147
1767172171.8252382,4,-3,-146
1767172171.8352382,4,-3,-146
1767172171.8452382,2,-2,-148
1767172171.8552382,-2,-2,-142
1767172171.8652382,-1,-1,-142
1767172171.8752382,0,2,-147
1767172171.8852382,-1,0,-145
1767172171.8952382,-2,-1,-145
1767172171.9052382,1,-2,-138
1767172171.915238,1,0,-133
1767172171.925238,0,-1,-137
1767172171.935238,0,1,-140
1767172171.945238,2,2,-145
1767172171.955238,-1,1,-143
1767172171.965238,-3,0,-143
1767172171.975238,-3,0,-142
1767172171.985238,-5,0,-145
1767172171.995238,-4,3,-150
1767172172.005238,-5,1,-150
1767172172.015238,-6,-4,-145
1767172172.025238,-2,-3,-147
1767172172.0352385,-4,0,-145
1767172172.0452385,-10,4,-140
1767172172.0552382,-10,1,-136
1767172172.0652382,-13,0,-140
1767172172.0752382,-7,0,-136
1767172172.0852382,-8,3,-140
1767172172.0952382,-2,-1,-140
1767172172.1052382,0,-5,-144
1767172172.1152382,0,-5,-146
1767172172.1252382,-1,-9,-148
1767172172.1352382,-1,-6,-140
1767172172.1452382,1,-3,-132
1767172172.1552382,1,-1,-133
1767172172.165238,0,1,-144
1767172172.175238,3,3,-147
1767172172.185238,6,5,-143
1767172172.195238,7,1,-150
1767172172.205238,4,1,-157
1767172172.215238,5,0,-155
1767172172.225238,6,1,-147
1767172172.235238,5,2,-146
1767172172.245238,4,3,-150
1767172172.255238,5,6,-145
1767172172.265238,-2,2,-148
1767172172.275238,0,3,-153
1767172172.2852385,-1,0,-155
1767172172.2952385,-2,2,-145
1767172172.3052382,-1,4,-143
1767172172.3152382,0,6,-145
1767172172.3252382,-4,0,-150
1767172172.3352382,-8,1,-148
1767172172.3452382,-8,0,-152
1767172172.3552382,-3,-6,-153
1767172172.3652382,-2,-9,-151
1767172172.3752382,-3,-6,-152
1767172172.3852382,-2,-2,-153
1767172172.3952382,-1,-5,-150
1767172172.4052382,0,-4,-152
1767172172.415238,-2,-5,-151
1767172172.425238,0,-6,-151
1767172172.435238,2,-2,-150
1767172172.445238,-7,-3,-150
1767172172.455238,-10,-4,-151
1767172172.465238,-2,-7,-149
1767172172.475238,0,-3,-145
1767172172.485238,-1,1,-138
1767172172.495238,0,1,-132
1767172172.505238,0,0,-131
1767172172.515238,0,2,-139
1767172172.525238,1,2,-141
1767172172.5352385,4,6,-150
1767172172.5452385,3,3,-146
1767172172.5552382,0,-1,-148
1767172172.5652382,-2,-1,-144
1767172172.5752382,1,-4,-139
1767172172.5852382,5,-2,-140
1767172172.5952382,0,-3,-144
1767172172.6052382,-2,-2,-140
1767172172.6152382,1,-2,-137
1767172172.6252382,-3,0,-132
1767172172.6352382,-3,-1,-136
1767172172.6452382,-2,-1,-139
1767172172.6552382,-5,-5,-139
1767172172.665238,-9,-4,-135
1767172172.675238,-7,-5,-136
1767172172.685238,-5,-2,-142
1767172172.695238,-1,0,-151
1767172172.705238,3,-3,-149
1767172172.715238,5,-7,-151
1767172172.725238,6,-6,-145
1767172172.735238,5,-4,-146
1767172172.745238,0,0,-147
1767172172.755238,2,2,-142
1767172172.765238,4,0,-141
1767172172.775238,6,-2,-143
1767172172.797238,6,-5,-144
1767172172.8052382,2,-5,-140
1767172172.8152382,0,-4,-146
1767172172.8252382,0,1,-146
1767172172.8352382,-1,3,-145
1767172172.8452382,0,0,-150
1767172172.8552382,4,1,-153
1767172172.8652382,0,0,-154
1767172172.8752382,0,-5,-155
1767172172.8852382,0,-5,-153
1767172172.8952382,0,-6,-150
1767172172.9052382,1,-2,-145
1767172172.915238,2,1,-139
1767172172.925238,-1,0,-139
1767172172.935238,0,-3,-145
1767172172.945238,4,-1,-149
1767172172.955238,1,3,-157
1767172172.965238,3,6,-158
1767172172.975238,0,1,-161
1767172172.985238,0,2,-159
1767172172.995238,6,1,-150
1767172173.005238,5,0,-149
1767172173.015238,5,0,-150
1767172173.025238,6,1,-153
1767172173.0352385,2,-1,-145
1767172173.0452385,0,2,-143
1767172173.0562382,4,-1,-139
1767172173.0662382,3,0,-143
1767172173.0762382,4,0,-148
1767172173.0852382,6,1,-149
1767172173.096238,7,-1,-148
1767172173.106238,3,-3,-153
1767172173.116238,0,0,-146
1767172173.126238,0,-3,-142
1767172173.136238,0,-1,-141
1767172173.146238,-3,0,-146
1767172173.156238,0,2,-145
1767172173.166238,1,1,-143
1767172173.176238,1,2,-142
1767172173.186238,3,0,-146
1767172173.196238,1,-2,-145
1767172173.2062385,0,-6,-147
1767172173.2162385,0,-9,-144
1767172173.2262385,-1,-4,-145
1767172173.2362382,0,-8,-143
1767172173.2462382,0,-10,-148
1767172173.2562382,0,-8,-144
1767172173.2662382,-1,-8,-143
1767172173.2762382,0,-10,-146
1767172173.2862382,-1,-6,-151
1767172173.2962382,-1,-2,-152
1767172173.3062382,-4,-4,-155
1767172173.3162382,-6,-2,-155
1767172173.3262382,-7,-1,-150
1767172173.336238,-4,0,-143
1767172173.346238,-1,2,-143
1767172173.356238,-1,0,-144
1767172173.366238,-2,1,-138
1767172173.376238,-3,-1,-135
1767172173.386238,-3,-3,-136
1767172173.396238,2,-5,-141
1767172173.406238,9,-4,-144
1767172173.416238,9,-2,-144
1767172173.426238,3,-3,-147
1767172173.436238,1,-2,-147
1767172173.446238,5,-9,-147
1767172173.4562385,3,-7,-137
1767172173.4672382,1,-5,-137
1767172173.4762385,0,0,-139
1767172173.4862382,-1,1,-138
1767172173.4962382,2,2,-139
1767172173.5062382,0,-1,-140
1767172173.5162382,-4,0,-144
1767172173.5262382,-2,0,-144
1767172173.5362382,-1,6,-141
1767172173.5462382,-3,9,-136
1767172173.5562382,-1,6,-139
1767172173.5662382,-5,3,-140
1767172173.5762382,0,2,-140
1767172173.586238,3,2,-141
1767172173.596238,1,0,-142
1767172173.606238,1,-3,-139
1767172173.616238,3,-1,-140
1767172173.626238,6,0,-146
1767172173.636238,3,-4,-150
1767172173.646238,6,-6,-150
1767172173.656238,2,-5,-151
1767172173.666238,0,-6,-156
1767172173.676238,3,-4,-150
1767172173.686238,6,0,-153
1767172173.696238,2,-2,-150
1767172173.7062385,-2,-5,-147
1767172173.7162385,-2,-2,-148
1767172173.7262385,-1,-6,-146
1767172173.7362382,0,-3,-146
1767172173.7462382,-3,0,-148
1767172173.7562382,-3,3,-142
1767172173.7662382,-1,3,-139
1767172173.7762382,2,1,-141
1767172173.7862382,0,0,-143
1767172173.7962382,0,-1,-141
1767172173.8062382,0,2,-144
1767172173.8162382,-1,2,-148
1767172173.8262382,-4,1,-147
1767172173.836238,-3,0,-140
1767172173.846238,-4,3,-139
1767172173.856238,-7,3,-139
1767172173.866238,-3,0,-141
1767172173.876238,-2,-3,-146
1767172173.886238,-2,-1,-141
1767172173.896238,-1,1,-142
1767172173.906238,-2,5,-142
1767172173.916238,-1,5,-141
1767172173.926238,4,4,-139
1767172173.936238,4,0,-146
1767172173.946238,3,1,-148
1767172173.9562385,4,2,-146
1767172173.9662385,2,1,-148
1767172173.9762385,5,0,-149
1767172173.9862382,6,0,-152
1767172173.9962382,4,-1,-144
1767172174.0062382,3,-1,-141
1767172174.0162382,1,-3,-145
1767172174.0262382,0,-2,-154
1767172174.0362382,-2,0,-151
1767172174.0462382,-2,1,-157
1767172174.0562382,-4,0,-155
1767172174.0662382,-2,1,-152
1767172174.0762382,-3,6,-153
1767172174.086238,0,6,-154
1767172174.096238,3,3,-159
1767172174.106238,1,-1,-154
1767172174.116238,1,0,-150
1767172174.126238,2,-5,-146
1767172174.136238,0,-8,-147
1767172174.146238,0,-1,-145
1767172174.156238,1,2,-144
1767172174.166238,-2,3,-144
1767172174.176238,-2,4,-146
1767172174.186238,0,6,-142
1767172174.196238,0,6,-143
1767172174.2062385,5,3,-149
1767172174.2162385,8,5,-151
1767172174.2262385,8,5,-153
1767172174.2362382,7,6,-150
1767172174.2462382,4,3,-142
1767172174.2562382,4,0,-142
1767172174.2662382,7,-5,-144
1767172174.2762382,6,-7,-147
1767172174.2862382,2,-6,-146
1767172174.2962382,-1,-6,-149
1767172174.3062382,-1,-6,-150
1767172174.3162382,1,-4,-142
1767172174.3262382,1,-2,-138
1767172174.336238,-2,-5,-139
1767172174.346238,-2,-2,-143
1767172174.356238,-2,0,-140
1767172174.366238,-5,3,-139
1767172174.376238,-2,6,-139
1767172174.386238,-1,8,-149
1767172174.396238,-4,4,-147
1767172174.406238,-2,7,-152
1767172174.416238,-4,7,-151
1767172174.426238,-9,4,-153
1767172174.436238,-5,1,-151
1767172174.446238,-8,2,-147
1767172174.4562385,-8,2,-142
1767172174.4662385,-6,2,-143
1767172174.4762385,-6,0,-141
1767172174.4862382,-7,3,-143
1767172174.4962382,-6,5,-145
1767172174.5062382,-3,2,-143
1767172174.5162382,-5,1,-146
1767172174.5262382,-3,-2,-149
1767172174.5362382,-2,-3,-145
1767172174.5462382,-4,-2,-141
1767172174.5562382,-5,-3,-136
1767172174.5662382,-7,-3,-137
1767172174.5762382,-7,-3,-144
1767172174.586238,0,0,-148
1767172174.596238,-1,-2,-146
1767172174.606238,-1,2,-140
1767172174.616238,-6,-2,-148
1767172174.626238,-5,-6,-150
1767172174.636238,-2,-6,-149
1767172174.646238,1,-1,-144
1767172174.656238,2,0,-137
1767172174.666238,-1,0,-132
1767172174.676238,2,0,-123
1767172174.686238,3,-2,-122
1767172174.696238,5,-2,-129
1767172174.7062385,1,-3,-129
1767172174.7162385,0,-3,-133
1767172174.7262385,0,-7,-133
1767172174.7362382,1,-8,-141
1767172174.7462382,1,-6,-142
1767172174.7562382,2,-4,-140
1767172174.7662382,1,-3,-139
1767172174.7762382,2,-1,-140
1767172174.7862382,-3,-2,-135
1767172174.7962382,-5,-2,-140
1767172174.8062382,0,-1,-148
1767172174.8162382,-1,0,-148
1767172174.8262382,-3,-4,-144
1767172174.836238,-3,-1,-141
1767172174.846238,-4,-1,-135
1767172174.856238,-5,-2,-137
1767172174.866238,-3,-3,-139
1767172174.876238,0,0,-136
1767172174.886238,3,0,-144
1767172174.896238,5,0,-146
1767172174.906238,1,0,-140
1767172174.916238,2,-6,-148
1767172174.926238,0,-1,-148
1767172174.936238,2,2,-138
1767172174.946238,0,-2,-138
1767172174.9562385,-1,0,-138
1767172174.9662385,-2,-2,-139
1767172174.9762385,-1,0,-138
1767172174.9862382,2,-2,-138
1767172174.9962382,7,1,-151
1767172175.0062382,8,4,-146
1767172175.0162382,6,5,-145
1767172175.0262382,5,4,-143
1767172175.0362382,6,0,-141
1767172175.0462382,0,-1,-145
1767172175.0562382,0,-1,-144
1767172175.0662382,0,0,-143
1767172175.0762382,0,3,-141
1767172175.086238,0,3,-140
1767172175.096238,0,3,-145
1767172175.106238,-1,3,-146
1767172175.116238,1,0,-146
1767172175.126238,-4,-2,-145
1767172175.136238,-8,-6,-146
1767172175.146238,-10,-3,-141
1767172175.156238,-12,0,-133
1767172175.166238,-7,7,-139
1767172175.176238,-2,2,-137
1767172175.186238,-5,0,-138
1767172175.196238,-2,0,-136
1767172175.2062385,-4,0,-131
1767172175.2162385,-3,-1,-124
1767172175.2262385,-8,-3,-129
1767172175.2362382,-4,-6,-137
1767172175.2462382,-1,-8,-145
1767172175.2562382,-2,-3,-147
1767172175.2662382,-4,0,-145
1767172175.2762382,-6,-1,-139
1767172175.2862382,-6,-3,-144
1767172175.2962382,2,-4,-150
1767172175.3062382,2,-1,-153
1767172175.3162382,2,2,-149
1767172175.3262382,0,3,-140
1767172175.336238,2,0,-142
1767172175.346238,0,2,-139
1767172175.356238,-1,2,-140
1767172175.366238,0,4,-140
1767172175.376238,-3,4,-141
1767172175.386238,-4,6,-143
1767172175.396238,-6,3,-143
1767172175.406238,-2,3,-133
1767172175.416238,-2,4,-138
1767172175.426238,0,-4,-143
1767172175.436238,1,-6,-142
1767172175.446238,1,-12,-137
1767172175.4562385,0,-10,-137
1767172175.4662385,-1,-13,-128
1767172175.4762385,-3,-10,-121
1767172175.4862382,-7,-6,-130
1767172175.4962382,-7,-6,-142
1767172175.5062382,-10,-7,-140
1767172175.5162382,-9,-4,-142
1767172175.5262382,-6,-5,-142
1767172175.5362382,-8,-3,-139
1767172175.5462382,-8,-5,-141
1767172175.5562382,-9,-2,-143
1767172175.5662382,-11,-1,-146
1767172175.5762382,-11,0,-148
1767172175.586238,-9,1,-156
1767172175.597238,-9,0,-155
1767172175.607238,-10,0,-151
1767172175.617238,-5,-2,-156
1767172175.627238,-2,-1,-151
1767172175.636238,-3,0,-148
1767172175.6472385,-7,-1,-155
1767172175.6572382,-6,-2,-154
1767172175.6672382,-9,2,-152
1767172175.6772382,-6,3,-152
1767172175.6872382,-7,0,-155
1767172175.6972382,-7,-4,-158
1767172175.7072382,-7,-7,-153
1767172175.7172382,-6,-7,-152
1767172175.7272382,-1,-8,-153
1767172175.7372382,-2,-7,-148
1767172175.7472382,2,-2,-147
1767172175.757238,2,-3,-146
1767172175.767238,3,-4,-142
1767172175.777238,0,-6,-142
1767172175.787238,-2,-2,-133
1767172175.797238,-6,-2,-134
1767172175.807238,-6,-2,-135
1767172175.817238,-2,-2,-133
1767172175.827238,0,-3,-133
1767172175.837238,1,-3,-134
1767172175.847238,0,0,-141
1767172175.857238,-4,-2,-141
1767172175.867238,-6,-5,-140
1767172175.877238,-1,-6,-143
1767172175.8872385,-3,-6,-153
1767172175.8972385,-3,-4,-152
1767172175.9072382,-1,-7,-151
1767172175.9172382,-1,-7,-143
1767172175.9272382,3,-3,-142
1767172175.9372382,5,-2,-143
1767172175.9472382,4,-1,-145
1767172175.9572382,2,-1,-148
1767172175.9672382,0,0,-143
1767172175.9772382,2,0,-143
1767172175.9872382,3,-2,-144
1767172175.9972382,2,-2,-146
1767172176.007238,7,-1,-148
1767172176.017238,5,-2,-150
1767172176.027238,7,0,-143
1767172176.037238,4,0,-137
1767172176.047238,8,2,-138
1767172176.057238,5,1,-148
1767172176.067238,0,6,-150
1767172176.077238,-9,9,-152
1767172176.087238,-6,14,-151
1767172176.097238,-9,10,-148
1767172176.107238,-5,4,-149
1767172176.117238,-2,6,-146
1767172176.127238,0,4,-146
1767172176.1372385,3,2,-143
1767172176.1472385,1,2,-147
1767172176.1572382,-2,1,-144
1767172176.1672382,-5,-1,-146
1767172176.1772382,-9,-1,-141
1767172176.1872382,-7,-3,-145
1767172176.1972382,-5,0,-150
1767172176.2072382,-3,0,-142
1767172176.2172382,-4,-2,-139
1767172176.2272382,-3,0,-141
1767172176.2372382,-4,-1,-141
1767172176.2472382,-3,-2,-138
1767172176.257238,-4,-4,-142
1767172176.267238,-3,-4,-144
1767172176.277238,-2,0,-151
1767172176.287238,0,3,-146
1767172176.297238,-2,0,-149
1767172176.307238,0,-2,-140
1767172176.317238,1,0,-148
1767172176.327238,-2,0,-149
1767172176.337238,-4,-4,-144
1767172176.347238,-2,-1,-140
1767172176.357238,-1,0,-143
1767172176.367238,0,0,-141
1767172176.377238,-2,2,-140
1767172176.3872385,-2,2,-135
1767172176.3972385,-4,-1,-137
1767172176.4072382,-5,0,-140
1767172176.4172382,-4,-1,-144
1767172176.4272382,-3,-2,-144
1767172176.4372382,0,-5,-145
1767172176.4472382,4,-5,-144
1767172176.4572382,2,-3,-147
1767172176.4672382,3,1,-148
1767172176.4772382,6,0,-148
1767172176.4872382,2,-1,-140
1767172176.4972382,3,-1,-135
1767172176.507238,-1,-3,-137
1767172176.517238,-2,-5,-135
1767172176.527238,0,-3,-135
1767172176.537238,0,0,-132
1767172176.547238,-3,-1,-128
1767172176.557238,-5,-1,-133
1767172176.567238,-5,-5,-135
1767172176.577238,-5,-3,-137
1767172176.587238,-3,-2,-131
1767172176.597238,-1,-1,-137
1767172176.607238,-2,-5,-135
1767172176.617238,0,-6,-139
1767172176.627238,-1,-3,-144
1767172176.6372385,1,-2,-144
1767172176.6472385,-5,-2,-144
1767172176.6572382,-4,1,-143
1767172176.6672382,2,0,-143
1767172176.6772382,-1,3,-148
1767172176.6872382,2,3,-146
1767172176.6972382,0,0,-141
1767172176.7072382,1,0,-140
1767172176.7172382,2,0,-144
1767172176.7272382,-1,1,-142
1767172176.7372382,-2,1,-140
1767172176.7472382,-1,-1,-140
1767172176.757238,-2,-2,-138
1767172176.767238,-4,-5,-138
1767172176.777238,-5,-4,-142
1767172176.787238,-7,-4,-146
1767172176.797238,-3,-8,-152
1767172176.807238,-1,-7,-147
1767172176.817238,-2,-6,-146
1767172176.827238,-2,-9,-146
1767172176.837238,0,-8,-144
1767172176.847238,0,-5,-150
1767172176.857238,0,-6,-150
1767172176.867238,-2,-6,-153
1767172176.877238,-3,-4,-157
1767172176.8872385,-2,-1,-156
1767172176.8972385,-4,2,-145
1767172176.9072382,0,-1,-145
1767172176.9172382,0,-3,-143
1767172176.9272382,0,2,-146
1767172176.9372382,3,2,-142
1767172176.9472382,3,0,-141
1767172176.9572382,5,0,-134
1767172176.9672382,8,0,-141
1767172176.9772382,3,2,-137
1767172176.9872382,1,1,-139
1767172176.9972382,-1,0,-141
1767172177.007238,-6,0,-138
1767172177.017238,-4,0,-137
1767172177.027238,-2,0,-139
1767172177.037238,-1,-2,-141
1767172177.047238,-3,-2,-139
1767172177.057238,-6,-2,-137
1767172177.067238,-3,-5,-138
1767172177.077238,-3,-5,-143
1767172177.087238,-3,-2,-143
1767172177.097238,-3,-2,-138
1767172177.107238,-5,0,-141
1767172177.117238,-5,0,-139
1767172177.127238,-5,0,-139
1767172177.1372385,-4,-1,-136
1767172177.1472385,-5,-2,-140
1767172177.1572382,-3,-5,-143
1767172177.1672382,0,-6,-144
1767172177.1772382,-2,-4,-138
1767172177.1872382,1,-4,-142
1767172177.1972382,3,-3,-145
1767172177.2072382,0,-1,-140
1767172177.2172382,2,-2,-139
1767172177.2272382,0,-1,-142
1767172177.2372382,-2,0,-138
1767172177.2472382,-8,-4,-141
1767172177.257238,-6,-3,-142
1767172177.267238,-7,-4,-143
1767172177.277238,-6,-5,-147
1767172177.287238,-4,-2,-145
1767172177.297238,-6,-1,-135
1767172177.307238,-5,1,-139
1767172177.317238,-1,0,-140
1767172177.327238,0,1,-143
1767172177.337238,3,0,-147
1767172177.347238,4,-3,-142
1767172177.357238,0,-5,-142
1767172177.367238,7,-7,-143
1767172177.377238,8,-5,-148
1767172177.3872385,3,0,-143
1767172177.3972385,0,4,-142
1767172177.4072382,2,3,-143
1767172177.4172382,0,0,-149
1767172177.4272382,-1,-2,-147
1767172177.4372382,-1,-3,-151
1767172177.4472382,-1,-2,-151
1767172177.4572382,-5,0,-149
1767172177.4672382,-7,0,-143
1767172177.4772382,-8,1,-145
1767172177.4872382,-2,-1,-135
1767172177.4972382,1,0,-140
1767172177.507238,-3,-3,-141
1767172177.517238,-6,-5,-147
1767172177.527238,-10,-3,-143
1767172177.537238,-1,-4,-139
1767172177.547238,1,-2,-139
1767172177.557238,0,0,-137
1767172177.567238,0,0,-137
1767172177.577238,0,-2,-136
1767172177.587238,4,0,-140
1767172177.597238,5,3,-141
1767172177.607238,4,4,-141
1767172177.617238,1,1,-143
1767172177.627238,4,-1,-138
1767172177.6372385,5,-4,-137
1767172177.6472385,6,-4,-142
1767172177.6572382,4,-4,-141
1767172177.6672382,3,-4,-136
1767172177.6772382,1,-2,-132
1767172177.6872382,2,1,-136
1767172177.6972382,-1,0,-139
1767172177.7072382,0,0,-138
1767172177.7172382,1,3,-142
1767172177.7272382,-3,4,-141
1767172177.7372382,-4,4,-143
1767172177.7472382,-4,0,-141
1767172177.757238,-5,1,-139
1767172177.768238,-4,2,-136
1767172177.777238,-7,0,-137
1767172177.787238,-4,0,-134
1767172177.8082385,-1,0,-148
1767172177.817238,-2,1,-149
1767172177.827238,-4,1,-146
1767172177.837238,-2,-2,-144
1767172177.847238,2,-4,-142
1767172177.857238,1,-3,-142
1767172177.867238,1,-1,-142
1767172177.877238,1,0,-134
1767172177.8872385,0,0,-133
1767172177.8972385,-4,1,-133
1767172177.9072382,-6,3,-143
1767172177.9172382,-2,1,-143
1767172177.9272382,-2,2,-139
1767172177.9372382,-3,0,-140
1767172177.9472382,-1,1,-143
1767172177.9572382,-2,0,-143
1767172177.9672382,-11,0,-137
1767172177.9772382,-11,1,-146
1767172177.9872382,-12,2,-144
1767172177.9972382,-8,0,-147
1767172178.007238,-9,0,-146
1767172178.017238,-4,-1,-146
1767172178.027238,-1,0,-151
1767172178.037238,-1,0,-150
1767172178.047238,-3,0,-147
1767172178.057238,0,0,-147
1767172178.067238,2,0,-152
1767172178.077238,-2,-2,-152
1767172178.087238,-3,0,-155
1767172178.097238,0,1,-150
1767172178.107238,-1,2,-140
1767172178.1182382,3,4,-138
1767172178.1282382,2,2,-136
1767172178.1382382,4,1,-140
1767172178.1482382,7,3,-140
1767172178.1582382,5,2,-146
1767172178.1682382,5,0,-150
1767172178.1782382,7,1,-150
1767172178.188238,2,-2,-149
1767172178.198238,-1,0,-147
1767172178.208238,-2,-2,-145
1767172178.218238,-9,0,-146
1767172178.228238,-8,0,-151
1767172178.238238,-6,-1,-149
1767172178.248238,-4,0,-143
1767172178.258238,-3,0,-140
1767172178.268238,-2,0,-140
1767172178.278238,-6,-1,-142
1767172178.288238,-5,-7,-145
1767172178.298238,-4,-10,-142
1767172178.3082385,1,-9,-134
1767172178.3182385,4,-9,-135
1767172178.3282382,6,-4,-134
1767172178.3382382,6,0,-135
1767172178.3482382,7,2,-142
1767172178.3582382,6,0,-148
1767172178.3682382,4,0,-145
1767172178.3782382,4,0,-149
1767172178.3882382,6,-7,-144
1767172178.3982382,4,-5,-141
1767172178.4082382,-1,-2,-140
1767172178.4182382,1,1,-137
1767172178.4282382,-5,5,-135
1767172178.438238,-7,2,-135
1767172178.448238,-8,3,-139
1767172178.458238,-9,3,-144
1767172178.468238,-3,2,-144
1767172178.478238,1,0,-139
1767172178.488238,2,1,-142
1767172178.498238,3,2,-145
1767172178.508238,7,2,-142
1767172178.518238,7,1,-144
1767172178.528238,8,0,-143
1767172178.538238,5,3,-138
1767172178.548238,6,3,-142
1767172178.5582385,4,0,-142
1767172178.5682385,0,-1,-138
1767172178.5782382,-3,-2,-136
1767172178.5882382,-4,-4,-138
1767172178.5982382,-4,-5,-139
1767172178.6082382,-2,-6,-136
1767172178.6182382,-2,-10,-136
1767172178.6282382,-4,-6,-138
1767172178.6382382,-3,-6,-136
1767172178.6482382,2,-6,-140
1767172178.6582382,-4,-1,-149
1767172178.6682382,-5,-2,-156
1767172178.6782382,-5,-4,-152
1767172178.688238,-3,-1,-151
1767172178.698238,-2,-3,-151
1767172178.708238,-3,0,-155
1767172178.718238,-1,1,-156
1767172178.728238,-4,3,-150
1767172178.738238,0,3,-148
1767172178.748238,1,4,-152
1767172178.758238,3,0,-155
1767172178.768238,-1,0,-146
1767172178.778238,-3,2,-153
1767172178.788238,-5,4,-156
1767172178.798238,-2,4,-153
1767172178.8082385,-5,-1,-154
1767172178.8182385,-5,-2,-148
1767172178.8282382,-10,-4,-149
1767172178.8382382,-5,-6,-138
1767172178.8482382,-7,-4,-146
1767172178.8582382,-3,-2,-151
1767172178.8682382,-6,-3,-153
1767172178.8782382,-1,-4,-149
1767172178.8882382,0,-2,-152
1767172178.8982382,0,1,-148
1767172178.9082382,0,2,-150
1767172178.9182382,-2,5,-151
1767172178.9282382,-2,6,-146
1767172178.938238,-5,7,-145
1767172178.948238,-3,9,-144
1767172178.958238,-1,7,-135
1767172178.968238,3,6,-132
1767172178.978238,1,8,-137
1767172178.988238,1,5,-137
1767172178.998238,0,1,-142
1767172179.008238,4,1,-150
1767172179.018238,0,1,-157
1767172179.028238,0,-3,-157
1767172179.038238,0,-4,-157
1767172179.048238,0,-3,-151
1767172179.0582385,1,-4,-155
1767172179.0682385,3,-5,-153
1767172179.0782382,1,-5,-155
1767172179.0882382,0,-5,-160
1767172179.0982382,0,-4,-158
1767172179.1082382,2,-4,-152
1767172179.1182382,-1,-3,-150
1767172179.1282382,0,-4,-144
1767172179.1382382,0,-4,-144
1767172179.1482382,0,-3,-141
1767172179.1582382,2,-3,-144
1767172179.1682382,1,-5,-151
1767172179.1782382,2,-3,-151
1767172179.188238,0,-1,-143
1767172179.198238,-1,3,-141
1767172179.208238,-3,5,-134
1767172179.218238,1,9,-137
1767172179.228238,1,10,-143
1767172179.238238,2,2,-144
1767172179.248238,5,0,-141
1767172179.258238,4,4,-141
1767172179.268238,7,4,-139
1767172179.278238,2,1,-141
1767172179.288238,4,1,-141
1767172179.298238,6,1,-139
1767172179.3082385,6,2,-138
1767172179.3182385,8,0,-138
1767172179.3282382,9,0,-139
1767172179.3382382,7,-1,-138
1767172179.3482382,4,-6,-139
1767172179.3582382,5,-3,-143
1767172179.3682382,1,0,-143
1767172179.3782382,-2,0,-144
1767172179.3882382,-10,2,-132
1767172179.3982382,-6,1,-135
1767172179.4082382,-8,2,-136
1767172179.4182382,-7,1,-137
1767172179.4282382,-4,-2,-144
1767172179.438238,-2,-9,-138
1767172179.448238,2,-10,-145
1767172179.458238,1,-9,-140
1767172179.468238,-2,-6,-138
1767172179.478238,-1,-4,-135
1767172179.488238,-1,-6,-139
1767172179.498238,-6,-7,-141
1767172179.508238,-11,-8,-141
1767172179.518238,-12,-8,-143
1767172179.528238,-8,-10,-141
1767172179.538238,-7,-8,-141
1767172179.548238,-4,-7,-137
1767172179.5582385,0,-4,-133
1767172179.5682385,2,-3,-133
1767172179.5782382,0,-5,-135
1767172179.5882382,-1,-2,-138
1767172179.5982382,-1,-1,-144
1767172179.6082382,2,3,-146
1767172179.6182382,1,4,-142
1767172179.6282382,6,3,-143
1767172179.6382382,1,5,-145
1767172179.6482382,-4,6,-148
1767172179.6582382,-5,4,-149
1767172179.6682382,-8,0,-149
1767172179.6782382,-7,0,-150
1767172179.688238,-3,3,-145
1767172179.698238,-2,3,-140
1767172179.708238,0,0,-141
1767172179.718238,-3,1,-142
1767172179.728238,0,3,-141
1767172179.738238,0,3,-138
1767172179.748238,0,0,-136
1767172179.758238,1,0,-138
1767172179.768238,0,0,-133
1767172179.778238,1,-1,-133
1767172179.788238,1,1,-140
1767172179.798238,0,0,-140
1767172179.8082385,0,0,-140
1767172179.8182385,-2,-2,-140
1767172179.8282382,-1,-1,-143
1767172179.8382382,1,0,-139
1767172179.8482382,2,0,-138
1767172179.8582382,1,-1,-138
1767172179.8682382,4,0,-140
1767172179.8782382,5,-1,-139
1767172179.8882382,5,-5,-133
1767172179.8982382,4,-5,-133
1767172179.9082382,-1,-3,-137
1767172179.9182382,0,-3,-141
1767172179.9282382,5,-4,-144
1767172179.938238,4,-5,-146
1767172179.948238,4,-2,-142
1767172179.958238,2,-3,-143
1767172179.968238,0,-7,-145
1767172179.978238,-2,-9,-149
1767172179.988238,-7,-9,-147
1767172179.998238,-10,-4,-152
1767172180.008238,-8,-3,-150
1767172180.018238,-10,-3,-146
1767172180.028238,-13,-1,-143
1767172180.038238,-10,1,-148
1767172180.048238,-6,0,-156
1767172180.0582385,-5,-2,-154
1767172180.0682385,-5,-1,-145
1767172180.0782382,-2,-2,-135
1767172180.0882382,-6,-2,-133
1767172180.0982382,-7,-3,-135
1767172180.1082382,-4,-6,-134
1767172180.1182382,-5,-7,-135
1767172180.1282382,-3,-8,-134
1767172180.1382382,0,-8,-135
1767172180.1482382,-1,-8,-144
1767172180.1582382,-3,-7,-147
1767172180.1682382,0,-6,-145
1767172180.1782382,-3,-4,-139
1767172180.188238,-7,-6,-142
1767172180.198238,-7,-9,-139
1767172180.208238,-11,-5,-139
1767172180.218238,-11,-3,-142
1767172180.228238,-3,-4,-144
1767172180.238238,-4,-4,-148
1767172180.248238,-3,-4,-146
1767172180.258238,-6,-5,-141
1767172180.268238,0,0,-141
1767172180.278238,0,0,-144
1767172180.288238,-2,0,-143
1767172180.298238,0,3,-138
1767172180.3082385,1,3,-140
1767172180.3182385,3,3,-143
1767172180.3282382,3,4,-141
1767172180.3382382,4,2,-142
1767172180.3482382,0,0,-149
1767172180.3582382,-5,-1,-146
1767172180.3682382,-5,0,-147
1767172180.3782382,-7,0,-146
1767172180.3882382,-3,0,-149
1767172180.3982382,-6,0,-142
1767172180.4082382,-9,1,-139
1767172180.4182382,-5,0,-138
1767172180.4282382,0,0,-139
1767172180.438238,5,-4,-135
1767172180.448238,5,-4,-136
1767172180.458238,1,0,-141
1767172180.468238,6,2,-140
1767172180.478238,6,4,-134
1767172180.488238,3,4,-131
1767172180.498238,2,2,-136
1767172180.508238,1,0,-134
1767172180.518238,0,0,-131
1767172180.528238,0,2,-135
1767172180.538238,-1,3,-135
1767172180.548238,0,5,-139
1767172180.5582385,-2,3,-143
1767172180.5682385,-1,0,-138
1767172180.5782382,-1,6,-135
1767172180.5882382,-7,3,-136
1767172180.5982382,-7,5,-140
1767172180.6082382,-5,5,-137
1767172180.6182382,-8,5,-141
1767172180.629238,-3,5,-141
1767172180.6382382,-2,4,-138
1767172180.649238,-2,3,-141
1767172180.659238,-1,4,-143
1767172180.669238,4,0,-141
1767172180.679238,1,1,-147
1767172180.689238,-1,-2,-146
1767172180.699238,-2,-4,-139
1767172180.709238,-3,-4,-133
1767172180.719238,0,-9,-137
1767172180.7292385,-3,-7,-139
1767172180.7392385,-2,-7,-142
1767172180.7492385,-1,-7,-145
1767172180.7592382,-7,-5,-149
1767172180.7692382,-6,2,-150
1767172180.7792382,-8,3,-153
1767172180.7892382,-8,1,-150
1767172180.7992382,-9,-1,-148
1767172180.8092382,-1,0,-145
1767172180.8192382,0,2,-141
1767172180.8292382,-4,3,-145
1767172180.8392382,-7,1,-155
1767172180.8492382,-6,1,-154
1767172180.859238,-3,0,-150
1767172180.869238,1,-1,-140
1767172180.879238,3,-3,-140
1767172180.889238,3,-2,-139
1767172180.899238,0,0,-139
1767172180.909238,0,-1,-140
1767172180.919238,3,-5,-143
1767172180.929238,2,-7,-146
1767172180.939238,0,-2,-144
1767172180.949238,-1,0,-144
1767172180.959238,-1,-2,-141
1767172180.969238,-3,-1,-144
1767172180.9792385,0,-3,-143
1767172180.9892385,2,-1,-147
1767172180.9992385,1,0,-145
1767172181.0092382,0,4,-146
1767172181.0192382,-2,7,-150
1767172181.0292382,-1,9,-144
1767172181.0392382,0,6,-139
1767172181.0492382,-2,5,-135
1767172181.0592382,-3,0,-138
1767172181.0692382,-4,0,-136
1767172181.0792382,-6,-1,-134
1767172181.0892382,-4,-5,-134
1767172181.0992382,0,-4,-135
1767172181.109238,-2,-5,-139
1767172181.119238,-6,-6,-133
1767172181.129238,-2,-6,-138
1767172181.139238,-1,-10,-146
1767172181.149238,-3,-5,-146
1767172181.159238,0,-4,-143
1767172181.169238,-3,0,-151
1767172181.179238,-1,-2,-154
1767172181.189238,-1,-2,-146
1767172181.199238,0,-1,-148
1767172181.209238,-1,0,-146
1767172181.219238,-5,0,-141
1767172181.2292385,-7,0,-136
1767172181.2392385,-5,0,-137
1767172181.2492385,-3,1,-138
1767172181.2592382,-5,3,-142
1767172181.2692382,-2,2,-143
1767172181.2792382,-3,5,-143
1767172181.2892382,-1,7,-140
1767172181.2992382,-4,5,-140
1767172181.3092382,-6,3,-137
1767172181.3192382,-6,1,-135
1767172181.3292382,-2,2,-138
1767172181.3392382,-3,-2,-139
1767172181.3492382,-4,0,-139
1767172181.359238,-3,-2,-139
1767172181.369238,0,-5,-143
1767172181.379238,-1,-1,-142
1767172181.389238,-3,0,-142
1767172181.399238,-1,-1,-147
1767172181.409238,-3,-3,-144
1767172181.419238,1,-2,-146
1767172181.429238,-2,-3,-148
1767172181.439238,-7,1,-147
1767172181.449238,-6,1,-146
1767172181.459238,-1,1,-151
1767172181.469238,-3,3,-151
1767172181.4792385,-6,0,-146
1767172181.4892385,-5,2,-150
1767172181.4992385,-7,0,-145
1767172181.5092382,-2,-3,-142
1767172181.5192382,-2,2,-139
1767172181.5292382,-3,1,-141
1767172181.5392382,0,0,-139
1767172181.5492382,-4,0,-140
1767172181.5592382,-1,-2,-144
1767172181.5692382,1,-5,-147
1767172181.5792382,-3,-4,-146
1767172181.5892382,1,-9,-146
1767172181.5992382,-2,-7,-142
1767172181.609238,-3,-3,-139
1767172181.619238,-4,-1,-141
1767172181.629238,-4,-3,-144
1767172181.639238,-6,-8,-149
1767172181.649238,-4,-12,-151
1767172181.659238,-4,-11,-152
1767172181.669238,-4,-6,-149
1767172181.679238,1,-3,-149
1767172181.689238,4,-3,-146
1767172181.699238,7,0,-143
1767172181.709238,7,1,-145
1767172181.719238,6,2,-150
1767172181.7292385,3,3,-153
1767172181.7392385,6,1,-151
1767172181.7492385,8,0,-150
1767172181.7592382,9,0,-153
1767172181.7692382,8,0,-157
1767172181.7792382,3,-1,-165
1767172181.7892382,-3,-1,-159
1767172181.7992382,-7,0,-154
1767172181.8092382,-8,0,-148
1767172181.8192382,-12,1,-148
1767172181.8292382,-9,-2,-152
1767172181.8392382,-2,-3,-143
1767172181.8492382,0,-4,-144
1767172181.859238,0,-2,-141
1767172181.869238,0,-1,-147
1767172181.879238,0,0,-153
1767172181.889238,-2,-1,-157
1767172181.899238,-2,-4,-154
1767172181.909238,-2,-3,-149
1767172181.919238,-1,1,-154
1767172181.929238,3,0,-158
1767172181.939238,1,0,-161
1767172181.949238,0,0,-157
1767172181.959238,1,0,-156
1767172181.969238,0,-3,-151
1767172181.9792385,1,1,-154
1767172181.9892385,1,0,-147
1767172181.9992385,4,0,-147
1767172182.0092382,6,3,-145
1767172182.0192382,4,0,-147
1767172182.0292382,2,0,-155
1767172182.0392382,0,1,-157
1767172182.0492382,0,2,-155
1767172182.0592382,-1,3,-148
1767172182.0692382,2,3,-149
1767172182.0792382,2,2,-147
1767172182.0892382,0,1,-141
1767172182.0992382,-8,-2,-140
1767172182.109238,-8,-6,-144
1767172182.119238,-2,-7,-144
1767172182.129238,-3,-5,-139
1767172182.139238,0,-6,-139
1767172182.149238,0,-4,-143
1767172182.159238,0,-5,-145
1767172182.169238,1,-4,-145
1767172182.179238,0,-2,-141
1767172182.189238,0,-2,-146
1767172182.199238,0,-2,-141
1767172182.209238,0,-4,-147
1767172182.219238,0,-1,-147
1767172182.2292385,2,-1,-146
1767172182.2392385,3,0,-151
1767172182.2492385,0,-4,-154
1767172182.2592382,2,-2,-155
1767172182.2692382,0,-7,-157
1767172182.2792382,-1,-6,-163
1767172182.2892382,3,-5,-162
1767172182.2992382,0,-2,-154
1767172182.3092382,0,0,-152
1767172182.3192382,3,-2,-154
1767172182.3292382,-2,-1,-149
1767172182.3392382,0,-2,-147
1767172182.3492382,-1,-3,-143
1767172182.359238,-1,-6,-142
1767172182.369238,-1,-6,-146
1767172182.379238,1,-7,-146
1767172182.389238,-1,-3,-149
1767172182.399238,2,-2,-147
1767172182.409238,0,0,-143
1767172182.419238,-2,1,-143
1767172182.429238,-1,0,-140
1767172182.439238,1,0,-137
1767172182.449238,-2,0,-132
1767172182.459238,-3,1,-128
1767172182.469238,-1,-1,-133
1767172182.4792385,0,-1,-144
1767172182.4892385,2,0,-145
1767172182.4992385,5,0,-147
1767172182.5092382,1,0,-144
1767172182.5192382,2,0,-140
1767172182.5292382,1,0,-142
1767172182.5392382,-2,2,-140
1767172182.5492382,0,1,-140
1767172182.5592382,-1,3,-128
1767172182.5692382,-2,2,-126
1767172182.5792382,0,4,-129
1767172182.5892382,0,5,-137
1767172182.5992382,4,8,-140
1767172182.609238,6,10,-142
1767172182.619238,3,8,-144
1767172182.629238,0,7,-143
1767172182.639238,1,1,-146
1767172182.649238,-2,-3,-143
1767172182.659238,2,-2,-136
1767172182.669238,1,-4,-140
1767172182.679238,4,-8,-138
1767172182.689238,4,-6,-137
1767172182.699238,4,-5,-133
1767172182.709238,6,-7,-129
1767172182.719238,0,-8,-134
1767172182.7292385,2,-8,-130
1767172182.7392385,1,-9,-125
1767172182.7492385,3,-8,-130
1767172182.7592382,1,-6,-134
1767172182.7692382,0,-5,-135
1767172182.7792382,0,-1,-139
1767172182.7892382,0,-1,-144
1767172182.7992382,-1,1,-145
1767172182.820238,-1,3,-143
1767172182.8292382,-1,2,-143
1767172182.8392382,-3,0,-145
1767172182.8492382,-4,-1,-152
1767172182.859238,-2,-1,-149
1767172182.869238,-8,-4,-141
1767172182.879238,-10,-3,-138
1767172182.889238,-6,0,-137
1767172182.899238,-7,-6,-139
1767172182.909238,-7,-4,-141
1767172182.919238,-6,-2,-145
1767172182.929238,-2,0,-150
1767172182.939238,0,1,-146
1767172182.949238,-2,3,-140
1767172182.959238,-3,6,-146
1767172182.969238,-1,6,-146
1767172182.9792385,-1,6,-144
1767172182.9892385,0,0,-136
1767172182.9992385,0,-3,-142
1767172183.0092382,0,-3,-147
1767172183.0192382,3,-3,-147
1767172183.0292382,4,-3,-142
1767172183.0392382,5,-5,-137
1767172183.0492382,8,-6,-143
1767172183.0592382,3,-7,-144
1767172183.0692382,-3,-5,-141
1767172183.0792382,-1,-6,-138
1767172183.0892382,0,-7,-136
1767172183.0992382,2,-8,-134
1767172183.109238,-2,-4,-137
1767172183.119238,-1,0,-141
1767172183.129238,0,-1,-138
1767172183.139238,-1,-5,-140
1767172183.149238,-3,-3,-140
1767172183.159238,-8,-5,-149
1767172183.169238,-2,0,-153
1767172183.179238,-5,3,-149
1767172183.189238,-4,6,-148
1767172183.2002382,-7,4,-150
1767172183.2102382,-6,3,-154
1767172183.2202382,-8,2,-151
1767172183.2302382,-8,0,-145
1767172183.2402382,-4,-1,-145
1767172183.2502382,-3,-3,-146
1767172183.2602382,1,-6,-143
1767172183.2702382,0,-8,-142
1767172183.2802382,1,-8,-143
1767172183.290238,-4,-8,-143
1767172183.300238,-5,-3,-146
1767172183.310238,-7,1,-149
1767172183.320238,-5,4,-144
1767172183.330238,0,1,-147
1767172183.340238,3,-1,-146
1767172183.350238,1,-2,-148
1767172183.360238,4,0,-150
1767172183.370238,5,-1,-150
1767172183.380238,6,-1,-141
1767172183.390238,2,-4,-136
1767172183.400238,6,-4,-143
1767172183.4102385,4,-4,-144
1767172183.4202385,4,-1,-147
1767172183.4302382,1,0,-153
1767172183.4402382,0,1,-158
1767172183.4502382,-1,3,-156
1767172183.4602382,-2,2,-146
1767172183.4702382,-3,0,-145
1767172183.4802382,-1,0,-141
1767172183.4902382,3,5,-138
1767172183.5002382,2,4,-136
1767172183.5102382,-1,0,-135
1767172183.5202382,0,-1,-132
1767172183.5302382,1,-3,-125
1767172183.540238,0,-4,-133
1767172183.550238,-1,-1,-139
1767172183.560238,-1,0,-138
1767172183.570238,0,-6,-138
1767172183.580238,-4,-8,-144
1767172183.590238,-1,-7,-146
1767172183.600238,-2,-5,-151
1767172183.610238,-3,-5,-150
1767172183.620238,2,-2,-152
1767172183.630238,3,2,-157
1767172183.640238,1,4,-145
1767172183.650238,4,2,-141
1767172183.6602385,1,-1,-144
1767172183.6702385,-2,-2,-145
1767172183.6802382,0,0,-146
1767172183.6902382,3,-2,-146
1767172183.7002382,0,-3,-144
1767172183.7102382,0,-2,-146
1767172183.7202382,3,-3,-143
1767172183.7302382,6,-3,-140
1767172183.7402382,4,-1,-135
1767172183.7502382,0,0,-142
1767172183.7602382,-1,0,-144
1767172183.7702382,-2,1,-138
1767172183.7802382,-4,1,-142
1767172183.790238,-3,0,-141
1767172183.800238,-5,3,-141
1767172183.810238,-4,1,-142
1767172183.820238,-3,1,-144
1767172183.830238,-2,3,-153
1767172183.840238,2,-1,-148
1767172183.850238,0,-1,-150
1767172183.860238,1,-1,-150
1767172183.870238,0,-1,-146
1767172183.880238,2,-3,-145
1767172183.890238,3,-5,-149
1767172183.900238,1,3,-153
1767172183.9102385,1,2,-156
1767172183.9202385,4,0,-149
1767172183.9302382,4,0,-150
1767172183.9402382,4,3,-145
1767172183.9502382,2,-1,-143
1767172183.9602382,7,1,-150
1767172183.9702382,9,2,-146
1767172183.9802382,7,1,-146
1767172183.9902382,4,-1,-146
1767172184.0002382,1,-2,-148
1767172184.0102382,0,-1,-148
1767172184.0202382,2,-1,-144
1767172184.0302382,6,-2,-141
1767172184.040238,4,0,-140
1767172184.050238,2,2,-144
1767172184.060238,3,0,-140
1767172184.070238,0,1,-136
1767172184.080238,2,0,-140
1767172184.090238,0,0,-143
1767172184.100238,0,0,-146
1767172184.110238,0,2,-147
1767172184.120238,-3,2,-149
1767172184.130238,-7,2,-153
1767172184.140238,-9,3,-153
1767172184.150238,-4,8,-158
1767172184.1602385,-4,4,-150
1767172184.1702385,-8,3,-149
1767172184.1802382,-8,2,-146
1767172184.1902382,-7,0,-151
1767172184.2002382,-5,1,-154
1767172184.2102382,-6,-2,-146
1767172184.2202382,-2,-1,-139
1767172184.2302382,0,1,-139
1767172184.2402382,0,3,-136
1767172184.2502382,7,1,-134
1767172184.2602382,3,-2,-137
1767172184.2702382,2,-2,-138
1767172184.2802382,-2,-3,-140
1767172184.290238,-4,-3,-146
1767172184.300238,-5,-4,-147
1767172184.310238,-6,2,-147
1767172184.320238,-5,2,-145
1767172184.330238,-2,4,-142
1767172184.340238,-6,2,-146
1767172184.350238,-4,1,-152
1767172184.360238,0,0,-148
1767172184.370238,1,3,-148
1767172184.380238,-1,4,-143
1767172184.390238,0,5,-144
1767172184.400238,0,2,-148
1767172184.4102385,-2,3,-140
1767172184.4202385,0,0,-143
1767172184.4302382,-4,-3,-141
1767172184.4402382,-2,-3,-140
1767172184.4502382,-2,-7,-143
1767172184.4602382,-4,-8,-145
1767172184.4702382,-7,-8,-147
1767172184.4802382,-8,-7,-146
1767172184.4902382,-7,-5,-145
1767172184.5002382,-8,-3,-148
1767172184.5102382,-8,-4,-150
1767172184.5202382,-8,-8,-150
1767172184.5302382,-7,-8,-153
1767172184.540238,-4,-7,-152
1767172184.550238,-9,-8,-153
1767172184.560238,-5,-6,-150
1767172184.570238,-12,-7,-148
1767172184.580238,-4,-3,-150
1767172184.590238,-6,0,-152
1767172184.600238,-3,4,-152
1767172184.610238,0,2,-146
1767172184.620238,-3,0,-148
1767172184.630238,-5,-1,-152
1767172184.640238,-6,0,-156
1767172184.650238,-3,-1,-151
1767172184.6602385,0,2,-146
1767172184.6702385,-2,0,-142
1767172184.6802382,-3,0,-150
1767172184.6902382,-4,1,-150
1767172184.7002382,-5,2,-148
1767172184.7102382,-5,0,-147
1767172184.7202382,-6,-2,-152
1767172184.7302382,-2,-2,-161
1767172184.7402382,-2,-2,-155
1767172184.7502382,-3,0,-148
1767172184.7602382,-4,0,-146
1767172184.7702382,-6,0,-143
1767172184.7802382,-4,3,-143
1767172184.790238,0,3,-143
1767172184.800238,-1,-1,-142
1767172184.810238,0,0,-139
1767172184.820238,0,-1,-133
1767172184.830238,3,-3,-136
1767172184.840238,0,-5,-133
1767172184.850238,0,0,-136
1767172184.860238,-1,0,-138
1767172184.870238,0,3,-141
1767172184.880238,-3,1,-145
1767172184.890238,-9,3,-145
1767172184.900238,-10,7,-148
1767172184.9102385,-6,5,-149
1767172184.9202385,-4,4,-147
1767172184.9302382,-8,8,-144
1767172184.9402382,-11,1,-142
1767172184.9502382,-8,0,-141
1767172184.9602382,-8,0,-140
1767172184.9702382,-5,3,-140
1767172184.9802382,-4,4,-142
1767172184.9902382,0,5,-145
1767172185.0002382,0,5,-150
1767172185.0102382,-1,4,-153
1767172185.0202382,-1,6,-156
1767172185.0302382,-4,6,-160
1767172185.040238,-6,9,-155
1767172185.050238,-7,5,-153
1767172185.060238,-8,3,-150
1767172185.070238,-6,5,-151
1767172185.080238,-5,3,-153
1767172185.090238,-4,0,-146
1767172185.100238,-1,-2,-148
1767172185.110238,0,-3,-151
1767172185.120238,-2,-8,-156
1767172185.130238,0,-7,-153
1767172185.140238,1,-5,-154
1767172185.150238,1,-7,-150
1767172185.1602385,0,-4,-149
1767172185.1702385,2,2,-145
1767172185.1802382,0,3,-139
1767172185.1902382,0,4,-140
1767172185.2002382,0,2,-142
1767172185.2102382,0,2,-148
1767172185.2202382,0,0,-147
1767172185.2302382,-3,-2,-145
1767172185.2402382,-1,-4,-152
1767172185.2502382,5,-1,-148
1767172185.2602382,6,-3,-144
1767172185.2702382,6,-3,-151
1767172185.2802382,5,-5,-145
1767172185.290238,0,-4,-148
1767172185.300238,0,-1,-144
1767172185.310238,0,1,-138
1767172185.320238,-3,0,-136
1767172185.330238,-3,0,-141
1767172185.340238,0,-1,-141
1767172185.350238,1,1,-139
1767172185.360238,1,3,-137
1767172185.370238,0,0,-131
1767172185.380238,4,0,-130
1767172185.390238,2,-1,-137
1767172185.400238,1,-1,-142
1767172185.4102385,0,-1,-151
1767172185.4202385,2,0,-155
1767172185.4302382,-1,0,-149
1767172185.4402382,0,5,-151
1767172185.4502382,0,8,-146
1767172185.4602382,0,8,-147
1767172185.4702382,2,3,-144
1767172185.4802382,3,2,-142
1767172185.4902382,0,2,-147
1767172185.5002382,3,1,-153
1767172185.5102382,2,1,-151
1767172185.5202382,1,3,-151
1767172185.5302382,3,8,-151
1767172185.540238,0,5,-146
1767172185.550238,-4,3,-146
1767172185.560238,-4,1,-142
1767172185.570238,-6,-1,-152
1767172185.580238,-12,-4,-149
1767172185.590238,-10,-3,-146
1767172185.600238,-8,-2,-149
1767172185.610238,-5,0,-150
1767172185.620238,-1,0,-144
1767172185.630238,0,1,-143
1767172185.640238,-1,0,-141
1767172185.650238,-2,-2,-141
1767172185.6602385,-3,-3,-145
1767172185.6702385,-2,2,-144
1767172185.6802382,0,5,-139
1767172185.6902382,1,4,-141
1767172185.7002382,5,3,-146
1767172185.7102382,5,1,-148
1767172185.7202382,5,0,-145
1767172185.7302382,3,1,-150
1767172185.741238,3,0,-149
1767172185.751238,3,-2,-150
1767172185.761238,0,-3,-150
1767172185.771238,-2,-5,-145
1767172185.781238,-3,-8,-139
1767172185.791238,-4,-7,-139
1767172185.801238,0,-5,-139
1767172185.811238,-3,-4,-134
1767172185.821238,-3,-5,-136
1767172185.8312385,0,-3,-135
1767172185.8412385,0,-2,-133
1767172185.8512385,5,0,-133
1767172185.8612382,0,-1,-138
1767172185.8712382,-3,-2,-144
1767172185.8812382,-1,-2,-142
1767172185.8912382,-4,3,-148
1767172185.9012382,-2,-2,-139
1767172185.9112382,0,0,-142
1767172185.9212382,1,1,-138
1767172185.9312382,1,0,-141
1767172185.9412382,-3,-1,-148
1767172185.9512382,-1,-4,-151
1767172185.961238,-3,-6,-154
1767172185.971238,-3,-4,-151
1767172185.981238,0,-3,-148
1767172185.991238,-1,0,-144
1767172186.001238,-3,-1,-142
1767172186.011238,-5,-1,-151
1767172186.021238,0,0,-147
1767172186.031238,0,-3,-146
1767172186.041238,0,-2,-149
1767172186.051238,1,-3,-151
1767172186.061238,-1,-2,-154
1767172186.071238,-1,-2,-156
1767172186.0812385,0,-5,-150
1767172186.0912385,2,-5,-150
1767172186.1012385,1,-3,-151
1767172186.1112382,0,-4,-145
1767172186.1212382,3,-8,-140
1767172186.1312382,4,-8,-143
1767172186.1412382,4,-3,-143
1767172186.1512382,-2,-2,-147
1767172186.1612382,-3,-2,-149
1767172186.1712382,-1,-1,-152
1767172186.1812382,-2,-4,-146
1767172186.1912382,-3,-6,-148
1767172186.2012382,-3,-3,-146
1767172186.211238,-1,2,-152
1767172186.221238,-6,3,-148
1767172186.231238,-7,1,-149
1767172186.241238,-6,0,-145
1767172186.251238,-3,-2,-141
1767172186.261238,-3,-3,-146
1767172186.271238,1,-5,-148
1767172186.281238,0,-7,-141
1767172186.291238,0,-4,-139
1767172186.301238,-2,-6,-141
1767172186.311238,-4,-6,-140
1767172186.321238,0,-7,-137
1767172186.3312385,1,-7,-144
1767172186.3412385,1,-7,-142
1767172186.3512385,2,-5,-140
1767172186.3612382,6,-4,-141
1767172186.3712382,7,-2,-140
1767172186.3812382,8,0,-139
1767172186.3912382,7,0,-143
1767172186.4012382,5,1,-140
1767172186.4112382,0,0,-138
1767172186.4212382,-1,0,-140
1767172186.4312382,-4,-1,-140
1767172186.4412382,-5,-7,-139
1767172186.4512382,-6,-10,-141
1767172186.461238,-6,-11,-145
1767172186.471238,-5,-9,-142
1767172186.481238,0,-10,-147
1767172186.491238,-2,-7,-149
1767172186.501238,-4,-8,-144
1767172186.511238,-4,-3,-142
1767172186.521238,-4,0,-132
1767172186.531238,0,-1,-130
1767172186.541238,2,-3,-134
1767172186.551238,5,-2,-139
1767172186.561238,6,-4,-139
1767172186.571238,8,-1,-141
1767172186.5812385,6,-1,-137
1767172186.5912385,5,-4,-145
1767172186.6012385,4,0,-143
1767172186.6112382,7,-2,-144
1767172186.6212382,14,-3,-136
1767172186.6312382,12,-2,-144
1767172186.6412382,12,1,-145
1767172186.6512382,1,0,-146
1767172186.6612382,1,-2,-145
1767172186.6712382,0,-5,-142
1767172186.6812382,-2,-5,-142
1767172186.6912382,0,-2,-149
1767172186.7012382,-5,-1,-148
1767172186.711238,-4,-4,-147
1767172186.721238,-3,-3,-150
1767172186.731238,-6,-6,-144
1767172186.741238,-2,-4,-149
1767172186.751238,-1,-1,-150
1767172186.761238,-1,0,-150
1767172186.771238,3,-3,-150
1767172186.781238,8,-4,-142
1767172186.791238,7,0,-150
1767172186.801238,8,2,-154
1767172186.811238,8,5,-150
1767172186.821238,3,-1,-154
1767172186.8312385,3,-1,-151
1767172186.8412385,2,0,-147
1767172186.8512385,0,-4,-146
1767172186.8612382,1,-3,-145
1767172186.8712382,2,0,-139
1767172186.8812382,1,0,-143
1767172186.8912382,-1,-1,-142
1767172186.9012382,1,-2,-140
1767172186.9112382,5,0,-142
1767172186.9212382,5,0,-134
1767172186.9312382,1,-2,-134
1767172186.9412382,-2,-5,-135
1767172186.9512382,0,-9,-135
1767172186.961238,-2,-11,-137
1767172186.971238,-4,-11,-138
1767172186.981238,-5,-12,-140
1767172186.991238,-6,-6,-148
1767172187.001238,-4,-4,-146
1767172187.011238,1,-4,-146
1767172187.021238,0,-5,-147
1767172187.031238,-3,-9,-149
1767172187.041238,-4,-7,-149
1767172187.051238,-2,-5,-140
1767172187.061238,1,-2,-138
1767172187.071238,0,-1,-139
1767172187.0812385,0,-2,-152
1767172187.0912385,-2,-4,-149
1767172187.1012385,-6,-1,-147
1767172187.1112382,-2,-5,-141
1767172187.1212382,-2,-6,-138
1767172187.1312382,0,-1,-134
1767172187.1412382,-4,1,-135
1767172187.1512382,1,0,-135
1767172187.1612382,1,2,-140
1767172187.1712382,-3,0,-136
1767172187.1812382,-1,-1,-139
1767172187.1912382,0,-4,-139
1767172187.2012382,-3,-3,-138
1767172187.211238,-5,0,-135
1767172187.221238,-3,-2,-136
1767172187.231238,2,-3,-137
1767172187.241238,0,-4,-141
1767172187.251238,0,-4,-140
1767172187.261238,0,-1,-143
1767172187.271238,0,2,-145
1767172187.281238,1,0,-141
1767172187.291238,0,2,-149
1767172187.301238,2,2,-154
1767172187.311238,5,3,-150
1767172187.321238,9,0,-149
1767172187.3312385,12,-3,-150
1767172187.3412385,13,-6,-147
1767172187.3512385,15,-5,-146
1767172187.3612382,14,-6,-143
1767172187.3712382,11,-7,-152
1767172187.3812382,7,-8,-149
1767172187.3912382,0,-3,-150
1767172187.4012382,1,-4,-149
1767172187.4112382,2,-6,-154
1767172187.4212382,4,-3,-156
1767172187.4312382,8,-5,-158
1767172187.4412382,13,-4,-152
1767172187.4512382,6,-2,-148
1767172187.461238,3,-3,-152
1767172187.471238,0,-1,-150
1767172187.481238,-1,-2,-151
1767172187.491238,-2,-1,-145
1767172187.501238,-4,1,-140
1767172187.511238,-3,0,-138
1767172187.521238,-4,0,-136
1767172187.531238,-1,-1,-135
1767172187.541238,2,-3,-140
1767172187.551238,0,-3,-141
1767172187.561238,-1,-3,-144
1767172187.571238,0,-1,-144
1767172187.5812385,-1,-5,-148
1767172187.5912385,-3,-2,-148
1767172187.6012385,-3,-7,-155
1767172187.6112382,0,-8,-152
1767172187.6212382,-7,-7,-153
1767172187.6312382,-8,-10,-159
1767172187.6412382,-4,-9,-159
1767172187.6512382,-2,-3,-147
1767172187.6612382,0,-1,-148
1767172187.6712382,1,-2,-151
1767172187.6812382,-2,0,-153
1767172187.6912382,-2,0,-147
1767172187.7012382,-1,0,-142
1767172187.711238,1,0,-147
1767172187.721238,0,-1,-148
1767172187.731238,1,0,-149
1767172187.741238,3,0,-144
1767172187.751238,2,0,-149
1767172187.761238,0,-1,-146
1767172187.771238,-3,-3,-153
1767172187.781238,-5,0,-152
1767172187.791238,-7,1,-151
1767172187.801238,-9,3,-142
1767172187.811238,-10,5,-135
1767172187.8322382,-9,-1,-137
1767172187.8412385,-7,-3,-143
1767172187.8512385,-4,-2,-143
1767172187.8612382,-6,-1,-144
1767172187.8712382,1,-8,-141
1767172187.8812382,3,-8,-142
1767172187.8912382,-2,-10,-147
1767172187.9012382,-4,-9,-141
1767172187.9112382,-6,-8,-139
1767172187.9212382,-9,-5,-135
1767172187.9312382,-2,-3,-133
1767172187.9412382,-3,-3,-132
1767172187.9512382,-4,-3,-131
1767172187.961238,0,-4,-135
1767172187.971238,0,-4,-135
1767172187.981238,3,-6,-140
1767172187.991238,2,-7,-145
1767172188.001238,0,-2,-146
1767172188.011238,-1,2,-149
1767172188.021238,2,-1,-149
1767172188.031238,5,-5,-153
1767172188.041238,0,-5,-146
1767172188.051238,0,-3,-153
1767172188.061238,0,-7,-153
1767172188.071238,0,-7,-153
1767172188.0812385,1,-8,-146
1767172188.0912385,3,-12,-146
1767172188.1012385,0,-7,-147
1767172188.1112382,0,-3,-150
1767172188.1212382,0,-4,-149
1767172188.1312382,0,-9,-143
1767172188.1412382,3,-7,-140
1767172188.1512382,6,-3,-144
1767172188.1612382,4,-5,-145
1767172188.1712382,3,-3,-144
1767172188.1812382,6,0,-140
1767172188.1912382,7,0,-138
1767172188.2012382,6,-3,-134
1767172188.211238,5,-4,-132
1767172188.221238,1,0,-130
1767172188.232238,3,2,-129
1767172188.242238,0,1,-130
1767172188.252238,0,-3,-136
1767172188.2622385,-2,-4,-141
1767172188.271238,-6,-2,-135
1767172188.2822382,-1,-1,-131
1767172188.2922382,-2,-3,-134
1767172188.3022382,-7,-2,-139
1767172188.3122382,0,-6,-142
1767172188.3222382,0,-5,-145
1767172188.3322382,-1,-7,-149
1767172188.3422382,1,-5,-150
1767172188.3522382,3,-4,-146
1767172188.3622382,5,0,-144
1767172188.3722382,3,2,-143
1767172188.382238,7,0,-144
1767172188.392238,5,-1,-145
1767172188.402238,4,-5,-145
1767172188.412238,4,-6,-147
1767172188.422238,5,-3,-152
1767172188.432238,1,-2,-150
1767172188.442238,0,-3,-148
1767172188.452238,0,-3,-146
1767172188.462238,0,-2,-150
1767172188.472238,6,-3,-146
1767172188.482238,8,-4,-148
1767172188.492238,6,-8,-151
1767172188.502238,2,-7,-153
1767172188.5122385,-2,-7,-148
1767172188.5222385,-4,-6,-151
1767172188.5322382,-3,-5,-144
1767172188.5422382,-2,-2,-138
1767172188.5522382,-2,-3,-140
1767172188.5622382,0,-6,-149
1767172188.5722382,2,-1,-146
1767172188.5822382,0,1,-144
1767172188.5922382,-1,0,-152
1767172188.6022382,0,1,-157
1767172188.6122382,0,2,-157
1767172188.6222382,1,0,-154
1767172188.632238,2,0,-149
1767172188.642238,3,0,-147
1767172188.652238,0,-3,-143
1767172188.662238,-4,-1,-146
1767172188.672238,-6,-2,-150
1767172188.682238,-7,-6,-152
1767172188.692238,-5,-7,-159
1767172188.702238,-4,-7,-159
1767172188.712238,-6,-1,-147
1767172188.722238,-6,0,-143
1767172188.732238,-8,4,-139
1767172188.742238,-6,8,-139
1767172188.752238,-8,3,-141
1767172188.7622385,-7,0,-149
1767172188.7722385,-4,0,-147
1767172188.7822382,0,2,-151
1767172188.7922382,-2,2,-149
1767172188.8022382,-3,1,-153
1767172188.8122382,-2,0,-155
1767172188.8222382,-4,-1,-147
1767172188.8322382,-7,-5,-148
1767172188.8422382,-8,-2,-143
1767172188.8522382,-7,-3,-142
1767172188.8622382,-3,-4,-144
1767172188.8722382,-6,-5,-141
1767172188.882238,-6,-2,-145
1767172188.892238,-3,-1,-146
1767172188.902238,-2,-2,-138
1767172188.912238,-2,-2,-137
1767172188.922238,-3,-3,-143
1767172188.932238,0,0,-144
1767172188.942238,-2,0,-141
1767172188.952238,0,0,-143
1767172188.962238,1,-3,-143
1767172188.972238,4,0,-139
1767172188.982238,3,0,-145
1767172188.992238,1,-1,-151
1767172189.002238,0,-3,-148
1767172189.0122385,0,-4,-147
1767172189.0222385,-3,-2,-144
1767172189.0322382,0,-3,-139
1767172189.0422382,-3,-2,-142
1767172189.0522382,-1,0,-138
1767172189.0622382,-1,5,-135
1767172189.0722382,0,1,-144
1767172189.0822382,2,-4,-139
1767172189.0922382,6,-6,-140
1767172189.1022382,2,-7,-142
1767172189.1122382,3,-7,-142
1767172189.1222382,0,-5,-150
1767172189.132238,-2,-2,-153
1767172189.142238,1,-3,-155
1767172189.152238,1,-1,-155
1767172189.162238,1,-6,-152
1767172189.172238,0,-6,-149
1767172189.182238,0,-3,-146
1767172189.192238,-2,-4,-143
1767172189.202238,0,0,-144
1767172189.212238,-1,1,-147
1767172189.222238,-3,1,-147
1767172189.232238,-6,0,-144
1767172189.242238,-5,2,-138
1767172189.252238,2,3,-140
1767172189.2622385,0,2,-143
1767172189.2722385,2,4,-140
1767172189.2822382,-1,2,-148
1767172189.2922382,-1,6,-158
1767172189.3022382,-6,4,-158
1767172189.3122382,-7,-1,-153
1767172189.3222382,-4,-2,-145
1767172189.3322382,-3,-5,-143
1767172189.3422382,0,-6,-142
1767172189.3522382,3,-11,-146
1767172189.3622382,3,-8,-147
1767172189.3722382,3,-5,-155
1767172189.382238,4,-4,-153
1767172189.392238,4,-4,-156
1767172189.402238,3,0,-153
1767172189.412238,7,-4,-156
1767172189.422238,5,-3,-150
1767172189.432238,5,-4,-148
1767172189.442238,5,-9,-146
1767172189.452238,2,-12,-146
1767172189.462238,2,-11,-142
1767172189.472238,1,-11,-142
1767172189.482238,-2,-6,-142
1767172189.492238,0,-4,-142
1767172189.502238,0,-6,-142
1767172189.5122385,0,-5,-144
1767172189.5222385,0,0,-147
1767172189.5322382,-1,-1,-151
1767172189.5422382,2,-4,-150
1767172189.5522382,0,-7,-148
1767172189.5622382,-2,-4,-148
1767172189.5722382,-5,-2,-153
1767172189.5822382,-8,0,-153
1767172189.5922382,-8,4,-147
1767172189.6022382,-6,6,-140
1767172189.6122382,-5,2,-136
1767172189.6222382,-5,3,-129
1767172189.632238,3,3,-130
1767172189.642238,1,1,-136
1767172189.652238,-2,-1,-135
1767172189.662238,-1,0,-142
1767172189.672238,-2,0,-144
1767172189.682238,0,-2,-146
1767172189.692238,-1,-8,-142
1767172189.702238,0,-10,-136
1767172189.712238,0,-6,-136
1767172189.722238,-2,-4,-136
1767172189.732238,0,-4,-139
1767172189.742238,0,-3,-144
1767172189.752238,-3,-5,-149
1767172189.7622385,-1,-10,-155
1767172189.7722385,-3,-10,-148
1767172189.7822382,-2,-9,-140
1767172189.7922382,-1,-10,-137
1767172189.8022382,-2,-9,-143
1767172189.8122382,-3,-8,-141
1767172189.8222382,-4,-6,-142
1767172189.8322382,1,0,-144
1767172189.8422382,-1,0,-145
1767172189.8522382,0,-1,-142
1767172189.8622382,0,-1,-146
1767172189.8722382,1,-1,-146
1767172189.882238,0,-1,-143
1767172189.892238,1,2,-142
1767172189.902238,-1,0,-141
1767172189.912238,0,2,-138
1767172189.922238,-1,0,-136
1767172189.932238,1,-1,-140
1767172189.942238,-1,-5,-145
1767172189.952238,-7,-3,-145
1767172189.962238,-7,-3,-149
1767172189.972238,-5,-4,-148
1767172189.982238,-5,-6,-151
1767172189.992238,-4,-6,-148
1767172190.002238,-2,-1,-148
1767172190.0122385,0,1,-152
1767172190.0222385,1,0,-149
1767172190.0322382,1,0,-149
1767172190.0422382,3,-1,-153
1767172190.0522382,5,-3,-152
1767172190.0622382,2,0,-149
1767172190.0722382,7,3,-151
1767172190.0822382,7,2,-150
1767172190.0922382,6,-1,-155
1767172190.1022382,4,-4,-153
1767172190.1122382,1,0,-143
1767172190.1222382,3,0,-149
1767172190.132238,2,2,-146
1767172190.142238,0,3,-146
1767172190.152238,0,4,-147
1767172190.162238,-3,4,-144
1767172190.172238,-4,0,-144
1767172190.182238,-3,0,-144
1767172190.192238,-5,-2,-143
1767172190.202238,-3,-8,-145
1767172190.212238,-5,-9,-144
1767172190.222238,-1,-13,-146
1767172190.232238,-1,-9,-150
1767172190.242238,0,-7,-147
1767172190.252238,-1,-4,-152
1767172190.2622385,1,0,-156
1767172190.2722385,0,-3,-157
1767172190.2822382,-3,-4,-152
1767172190.2922382,-5,-5,-148
1767172190.3022382,0,-5,-150
1767172190.3122382,3,-2,-144
1767172190.3222382,-1,-1,-143
1767172190.3322382,-3,-1,-144
1767172190.3422382,-2,0,-142
1767172190.3522382,-1,2,-144
1767172190.3622382,0,2,-148
1767172190.3722382,0,1,-147
1767172190.382238,-6,3,-147
1767172190.392238,-9,-1,-145
1767172190.402238,-7,-6,-145
1767172190.412238,-1,-7,-140
1767172190.422238,0,-5,-139
1767172190.432238,0,-5,-139
1767172190.442238,1,-4,-138
1767172190.452238,2,0,-142
1767172190.462238,6,-1,-144
1767172190.472238,8,-4,-146
1767172190.482238,8,-3,-142
1767172190.492238,0,1,-143
1767172190.502238,5,4,-149
1767172190.5122385,7,3,-149
1767172190.5222385,2,0,-147
1767172190.5322382,4,0,-148
1767172190.5422382,1,-5,-147
1767172190.5522382,1,-7,-150
1767172190.5622382,0,-6,-151
1767172190.5722382,-1,-7,-151
1767172190.5822382,3,-5,-149
1767172190.5922382,0,-5,-147
1767172190.6022382,-4,-2,-146
1767172190.6122382,-8,0,-149
1767172190.6222382,-9,-1,-147
1767172190.632238,-5,-5,-150
1767172190.642238,-3,-4,-147
1767172190.652238,-5,-11,-142
1767172190.662238,-4,-10,-142
1767172190.672238,-3,-8,-137
1767172190.682238,-3,-1,-138
1767172190.692238,-6,0,-144
1767172190.702238,-6,-3,-145
1767172190.712238,-6,-4,-140
1767172190.722238,-6,-5,-144
1767172190.732238,-4,-2,-145
1767172190.7432382,-1,-2,-143
1767172190.7532382,-3,-3,-147
1767172190.7632382,-3,-1,-146
1767172190.7722385,-5,0,-146
1767172190.7832382,-6,1,-145
1767172190.7932382,-5,8,-141
1767172190.8032382,-3,9,-138
1767172190.813238,-4,6,-142
1767172190.823238,-8,5,-137
1767172190.833238,-7,2,-139
1767172190.843238,-2,0,-140
1767172190.853238,-5,5,-141
1767172190.863238,-8,0,-141
1767172190.873238,-8,0,-141
1767172190.883238,-3,0,-144
1767172190.893238,1,-7,-148
1767172190.903238,0,-10,-148
1767172190.913238,1,-9,-151
1767172190.923238,2,-8,-140
1767172190.9332385,0,-7,-137
1767172190.9432385,-2,-6,-138
1767172190.9532382,-4,-7,-136
1767172190.9632382,-6,-5,-145
1767172190.9732382,-6,-3,-148
1767172190.9832382,-3,0,-142
1767172190.9932382,0,0,-137
1767172191.0032382,0,1,-139
1767172191.0132382,-2,1,-142
1767172191.0232382,-4,2,-147
1767172191.0332382,-7,1,-147
1767172191.0432382,0,-2,-145
1767172191.0532382,1,-4,-138
1767172191.063238,4,0,-141
1767172191.073238,1,0,-136
1767172191.083238,1,0,-133
1767172191.093238,0,1,-134
1767172191.103238,3,2,-135
1767172191.113238,10,3,-142
1767172191.123238,9,7,-142
1767172191.133238,5,3,-147
1767172191.143238,3,5,-151
1767172191.153238,0,2,-153
1767172191.163238,0,6,-151
1767172191.173238,-1,0,-142
1767172191.1832385,0,-2,-137
1767172191.1932385,0,-2,-136
1767172191.2032382,-5,0,-144
1767172191.2132382,-3,-2,-147
1767172191.2232382,-1,-3,-146
1767172191.2332382,-2,-2,-141
1767172191.2432382,0,-1,-137
1767172191.2532382,-3,2,-138
1767172191.2632382,-3,1,-134
1767172191.2732382,-2,5,-137
1767172191.2832382,-2,3,-132
1767172191.2932382,1,2,-137
1767172191.3032382,0,2,-141
1767172191.313238,0,2,-143
1767172191.323238,-1,1,-141
1767172191.333238,-3,4,-139
1767172191.343238,-3,1,-141
1767172191.353238,-2,1,-142
1767172191.363238,-1,1,-140
1767172191.373238,2,0,-137
1767172191.383238,2,1,-137
1767172191.393238,3,3,-138
1767172191.403238,0,3,-142
1767172191.413238,-3,1,-132
1767172191.423238,-1,4,-133
1767172191.4332385,0,2,-139
1767172191.4432385,1,1,-139
1767172191.4532382,1,0,-140
1767172191.4632382,3,0,-144
1767172191.4732382,1,0,-143
1767172191.4832382,0,-1,-148
1767172191.4932382,-5,-6,-151
1767172191.5032382,-1,-1,-144
1767172191.5132382,2,2,-146
1767172191.5232382,1,0,-146
1767172191.5332382,0,-3,-146
1767172191.5432382,0,-3,-145
1767172191.5532382,-2,-7,-139
1767172191.563238,0,-5,-136
1767172191.573238,0,-2,-136
1767172191.583238,0,-4,-135
1767172191.593238,0,-4,-139
1767172191.603238,1,-5,-141
1767172191.613238,0,-2,-143
1767172191.623238,-1,-2,-142
1767172191.633238,-2,-3,-138
1767172191.643238,0,1,-137
1767172191.653238,-1,0,-145
1767172191.663238,1,0,-154
1767172191.673238,3,0,-156
1767172191.6832385,2,0,-158
1767172191.6932385,0,0,-161
1767172191.7032382,0,-4,-162
1767172191.7132382,-4,-1,-160
1767172191.7232382,-5,3,-162
1767172191.7332382,-1,2,-158
1767172191.7432382,-4,1,-155
1767172191.7532382,-3,-3,-159
1767172191.7632382,1,-2,-158
1767172191.7732382,3,-4,-154
1767172191.7832382,4,0,-153
1767172191.7932382,-1,0,-156
1767172191.8032382,0,3,-160
1767172191.813238,-2,1,-163
1767172191.823238,-4,-4,-158
1767172191.833238,-7,-6,-151
1767172191.843238,-3,-5,-149
1767172191.853238,-4,0,-150
1767172191.863238,-8,-1,-153
1767172191.873238,-7,-3,-155
1767172191.883238,-5,-3,-155
1767172191.893238,-6,-2,-152
1767172191.903238,-4,-3,-153
1767172191.913238,-1,-4,-146
1767172191.923238,-2,-3,-139
1767172191.9332385,-5,-6,-135
1767172191.9432385,-2,-7,-138
1767172191.9532382,0,-5,-137
1767172191.9632382,-2,-2,-139
1767172191.9732382,0,-1,-147
1767172191.9832382,-6,-2,-141
1767172191.9932382,-7,-1,-138
1767172192.0032382,-10,1,-136
1767172192.0132382,-7,-2,-143
1767172192.0232382,-5,-1,-139
1767172192.0332382,-3,2,-147
1767172192.0432382,-5,4,-145
1767172192.0532382,0,1,-145
1767172192.063238,1,2,-144
1767172192.073238,1,0,-142
1767172192.083238,0,1,-145
1767172192.093238,-2,0,-146
1767172192.103238,-3,4,-145
1767172192.113238,-5,6,-149
1767172192.123238,-5,4,-153
1767172192.133238,-1,1,-151
1767172192.143238,-2,1,-145
1767172192.153238,-3,3,-146
1767172192.163238,-5,6,-144
1767172192.173238,0,5,-145
1767172192.1832385,3,2,-147
1767172192.1932385,4,3,-147
1767172192.2032382,2,0,-156
1767172192.2132382,5,-2,-154
1767172192.2232382,6,-5,-144
1767172192.2332382,9,-3,-143
1767172192.2432382,7,-3,-143
1767172192.2532382,7,-2,-144
1767172192.2632382,2,-4,-138
1767172192.2732382,2,-13,-146
1767172192.2832382,3,-9,-147
1767172192.2932382,2,-7,-142
1767172192.3032382,6,-4,-152
1767172192.313238,4,-7,-146
1767172192.323238,0,-5,-142
1767172192.333238,-1,-5,-140
1767172192.343238,-2,-5,-132
1767172192.353238,-2,-4,-134
1767172192.363238,1,-3,-135
1767172192.373238,3,-2,-139
1767172192.383238,2,-3,-136
1767172192.393238,1,-1,-147
1767172192.403238,1,1,-150
1767172192.413238,-2,-1,-156
1767172192.423238,1,-4,-156
1767172192.4332385,0,-5,-155
1767172192.4432385,-1,-2,-150
1767172192.4532382,0,-1,-151
1767172192.4632382,-1,-4,-150
1767172192.4732382,-6,-1,-148
1767172192.4832382,-6,-1,-145
1767172192.4932382,-2,1,-143
1767172192.5032382,-2,0,-145
1767172192.5132382,-5,0,-145
1767172192.5232382,-10,0,-144
1767172192.5332382,-7,-2,-148
1767172192.5432382,-3,-4,-148
1767172192.5532382,-6,-5,-149
1767172192.563238,-5,-6,-145
1767172192.573238,-2,0,-140
1767172192.583238,2,1,-141
1767172192.593238,2,0,-146
1767172192.603238,3,0,-147
1767172192.613238,1,-2,-150
1767172192.623238,0,0,-152
1767172192.633238,0,2,-148
1767172192.643238,0,4,-153
1767172192.653238,0,1,-149
1767172192.663238,3,0,-143
1767172192.673238,3,1,-140
1767172192.6832385,0,1,-142
1767172192.6932385,-3,-4,-139
1767172192.7032382,-5,-5,-145
1767172192.7132382,-4,-1,-141
1767172192.7232382,-2,-3,-142
1767172192.7332382,-4,-3,-144
1767172192.7432382,-6,0,-147
1767172192.7532382,-2,-6,-146
1767172192.7632382,0,-8,-149
1767172192.7732382,-2,-7,-150
1767172192.7832382,-3,-5,-146
1767172192.7932382,-3,0,-145
1767172192.8032382,0,-1,-149
1767172192.813238,-4,0,-148
1767172192.823238,-2,-4,-153
1767172192.8452382,0,-3,-141
1767172192.853238,-1,-6,-145
1767172192.863238,0,-9,-140
1767172192.873238,-3,-6,-143
1767172192.883238,-8,-5,-145
1767172192.893238,-8,-6,-145
1767172192.903238,-5,-9,-147
1767172192.913238,-6,-6,-146
1767172192.923238,-7,-2,-147
1767172192.9332385,-3,-4,-147
1767172192.9432385,0,-3,-145
1767172192.9532382,0,-6,-151
1767172192.9632382,3,-3,-145
1767172192.9732382,-1,-1,-149
1767172192.9832382,-2,0,-145
1767172192.9932382,0,-3,-140
1767172193.0032382,-2,0,-134
1767172193.0132382,-1,-2,-142
1767172193.0232382,0,-7,-145
1767172193.0332382,-3,-5,-144
1767172193.0432382,-4,-7,-141
1767172193.0532382,-3,-7,-151
1767172193.063238,-3,-8,-149
1767172193.073238,0,-7,-141
1767172193.083238,1,-8,-136
1767172193.093238,-3,-5,-138
1767172193.103238,-3,-2,-136
1767172193.113238,-4,-2,-138
1767172193.123238,-2,0,-140
1767172193.133238,-2,-5,-147
1767172193.143238,-3,-7,-151
1767172193.153238,0,-6,-151
1767172193.163238,3,1,-146
1767172193.173238,3,4,-151
1767172193.1832385,-2,7,-154
1767172193.1932385,-3,3,-149
1767172193.2032382,-4,1,-152
1767172193.2132382,0,1,-155
1767172193.2232382,-2,2,-154
1767172193.2332382,-6,3,-153
1767172193.2432382,-2,6,-149
1767172193.2532382,0,7,-144
1767172193.2632382,0,2,-143
1767172193.2732382,0,5,-140
1767172193.2832382,1,8,-136
1767172193.2932382,0,7,-134
1767172193.3032382,2,5,-135
1767172193.314238,-1,4,-138
1767172193.324238,0,3,-137
1767172193.334238,0,-1,-140
1767172193.344238,-2,-6,-145
1767172193.3542385,2,-3,-148
1767172193.3642385,-2,-2,-141
1767172193.3742385,-4,1,-137
1767172193.3842382,-4,4,-143
1767172193.3942382,-4,1,-142
1767172193.4042382,-4,-4,-143
1767172193.4142382,-3,-5,-140
1767172193.4242382,-2,-5,-136
1767172193.4342382,-5,-2,-136
1767172193.4442382,-1,-3,-131
1767172193.4542382,0,1,-131
1767172193.4642382,0,-1,-131
1767172193.4742382,-2,1,-139
1767172193.484238,-2,1,-139
1767172193.494238,3,0,-135
1767172193.504238,3,-5,-139
1767172193.514238,0,-6,-139
1767172193.524238,-5,-8,-136
1767172193.534238,-4,-6,-139
1767172193.544238,-3,-2,-139
1767172193.554238,-5,-1,-139
1767172193.564238,-5,0,-143
1767172193.574238,4,0,-150
1767172193.584238,6,-5,-146
1767172193.594238,1,-6,-143
1767172193.6042385,6,-6,-143
1767172193.6142385,7,-7,-141
1767172193.6242385,9,-9,-146
1767172193.6342382,11,-10,-147
1767172193.6442382,9,-13,-151
1767172193.6542382,6,-8,-147
1767172193.6642382,0,-6,-147
1767172193.6742382,0,-8,-146
1767172193.6842382,2,-9,-145
1767172193.6942382,1,-9,-142
1767172193.7042382,0,-7,-146
1767172193.7142382,1,-6,-147
1767172193.7242382,2,-2,-151
1767172193.734238,4,-4,-145
1767172193.744238,0,-4,-146
1767172193.754238,-3,-4,-139
1767172193.764238,-3,-1,-139
1767172193.774238,-3,0,-137
1767172193.784238,1,1,-146
1767172193.794238,3,1,-148
1767172193.804238,3,3,-152
1767172193.814238,0,2,-152
1767172193.824238,1,3,-147
1767172193.834238,4,1,-141
1767172193.844238,3,0,-140
1767172193.8542385,5,-4,-142
1767172193.8642385,5,-3,-149
1767172193.8742385,6,-3,-150
1767172193.8842382,1,-5,-146
1767172193.8942382,-4,-7,-151
1767172193.9042382,0,-5,-149
1767172193.9142382,6,-5,-144
1767172193.9242382,8,-9,-139
1767172193.9342382,2,-5,-143
1767172193.9442382,0,-3,-142
1767172193.9542382,-3,-4,-139
1767172193.9642382,-1,-9,-141
1767172193.9742382,0,-6,-145
1767172193.984238,0,-7,-147
1767172193.994238,0,-8,-145
1767172194.004238,0,-10,-152
1767172194.014238,1,-10,-154
1767172194.024238,2,-10,-152
1767172194.034238,-2,-7,-146
1767172194.044238,-5,-3,-148
1767172194.054238,-3,-1,-150
1767172194.064238,-2,-1,-147
1767172194.074238,0,0,-152
1767172194.084238,0,0,-154
1767172194.094238,0,-4,-149
1767172194.1042385,2,-2,-148
1767172194.1142385,0,-3,-143
1767172194.1242385,0,-3,-151
1767172194.1342382,1,-4,-151
1767172194.1442382,2,-3,-144
1767172194.1542382,8,-2,-135
1767172194.1642382,6,-2,-136
1767172194.1742382,8,-3,-143
1767172194.1842382,5,-2,-144
1767172194.1942382,1,-6,-143
1767172194.2042382,-1,-4,-143
1767172194.2142382,1,-5,-149
1767172194.2242382,1,-3,-150
1767172194.234238,-1,-3,-148
1767172194.244238,0,-5,-139
1767172194.255238,-2,-7,-139
1767172194.264238,1,-7,-144
1767172194.274238,2,-10,-149
1767172194.284238,3,-9,-145
1767172194.294238,-1,-5,-149
1767172194.304238,-3,-6,-141
1767172194.314238,-4,-3,-133
1767172194.324238,-5,-1,-133
1767172194.334238,0,-1,-135
1767172194.344238,0,0,-137
1767172194.3542385,0,3,-135
1767172194.3642385,-2,5,-134
1767172194.3742385,2,5,-134
1767172194.3842382,5,4,-142
1767172194.3942382,0,1,-146
1767172194.4042382,-1,-3,-151
1767172194.4142382,-4,0,-156
1767172194.4242382,-1,-2,-151
1767172194.4342382,0,-2,-149
1767172194.4442382,-1,0,-150
1767172194.4542382,0,-2,-144
1767172194.4642382,-2,-1,-152
1767172194.4742382,0,-1,-150
1767172194.484238,-1,0,-145
1767172194.494238,-7,0,-143
1767172194.504238,-3,-1,-143
1767172194.514238,-3,0,-141
1767172194.524238,1,1,-143
1767172194.534238,3,0,-146
1767172194.544238,2,4,-148
1767172194.554238,-1,0,-140
1767172194.564238,2,0,-148
1767172194.574238,0,-1,-140
1767172194.584238,2,-5,-140
1767172194.594238,0,-2,-149
1767172194.6042385,1,-5,-147
1767172194.6142385,1,-7,-146
1767172194.6242385,0,-8,-158
1767172194.6342382,-2,-11,-153
1767172194.6442382,-1,-8,-148
1767172194.6542382,-2,-4,-148
1767172194.6642382,0,0,-150
1767172194.6742382,4,0,-150
1767172194.6842382,4,1,-147
1767172194.6942382,4,0,-140
1767172194.7042382,2,1,-145
1767172194.7142382,2,-1,-146
1767172194.7242382,2,0,-144
1767172194.734238,4,-1,-145
1767172194.744238,3,-2,-144
1767172194.754238,0,-1,-150
1767172194.764238,-1,0,-146
1767172194.774238,-2,0,-141
1767172194.784238,-4,-3,-147
1767172194.794238,-3,-3,-150
1767172194.804238,0,-1,-150
1767172194.814238,0,-4,-148
1767172194.824238,-1,-5,-147
1767172194.834238,-6,-3,-148
1767172194.844238,-7,-3,-138
1767172194.8542385,-10,-4,-135
1767172194.8642385,-10,-4,-133
1767172194.8742385,-9,-4,-132
1767172194.8842382,-5,0,-134
1767172194.8942382,-2,-5,-139
1767172194.9042382,-4,-2,-142
1767172194.9142382,-6,0,-143
1767172194.9242382,-10,0,-146
1767172194.9342382,-8,-1,-143
1767172194.9442382,-7,0,-143
1767172194.9542382,-3,0,-140
1767172194.9642382,-2,0,-139
1767172194.9742382,-3,-2,-147
1767172194.984238,3,-2,-150
1767172194.994238,5,-3,-144
1767172195.004238,1,-2,-142
1767172195.014238,-1,1,-148
1767172195.024238,0,5,-140
1767172195.034238,0,3,-140
1767172195.044238,-2,0,-139
1767172195.054238,-4,2,-137
1767172195.064238,1,4,-137
1767172195.074238,4,4,-139
1767172195.084238,0,5,-141
1767172195.094238,-5,1,-137
1767172195.1042385,-7,2,-141
1767172195.1142385,-7,3,-137
1767172195.1242385,-5,0,-134
1767172195.1342382,-2,1,-134
1767172195.1442382,0,1,-132
1767172195.1542382,-2,-1,-138
1767172195.1642382,0,-1,-141
1767172195.1742382,3,-5,-141
1767172195.1842382,-1,-2,-150
1767172195.1942382,-1,-6,-149
1767172195.2042382,-3,-6,-150
1767172195.2142382,-4,-5,-148
1767172195.2242382,-3,-8,-148
1767172195.234238,0,-3,-154
1767172195.244238,4,-5,-152
1767172195.254238,2,-2,-141
1767172195.264238,6,-2,-144
1767172195.274238,1,-3,-146
1767172195.284238,-2,-3,-149
1767172195.294238,-3,0,-149
1767172195.304238,-3,-2,-142
1767172195.314238,-4,-3,-145
1767172195.324238,-3,-1,-146
1767172195.334238,-3,-2,-144
1767172195.344238,-1,-4,-140
1767172195.3542385,-2,-5,-131
1767172195.3642385,-4,-4,-133
1767172195.3742385,1,-8,-134
1767172195.3842382,1,-12,-141
1767172195.3942382,2,-8,-142
1767172195.4042382,1,-4,-149
1767172195.4142382,4,-3,-154
1767172195.4242382,2,-3,-150
1767172195.4342382,-1,-3,-148
1767172195.4442382,0,-5,-145
1767172195.4542382,0,-5,-147
1767172195.4642382,5,0,-153
1767172195.4742382,3,2,-153
1767172195.484238,4,5,-148
1767172195.494238,4,4,-142
1767172195.504238,0,6,-141
1767172195.514238,0,1,-146
1767172195.524238,0,-2,-150
1767172195.534238,-2,-2,-145
1767172195.544238,0,1,-146
1767172195.554238,1,3,-141
1767172195.564238,6,-2,-140
1767172195.574238,4,-4,-137
1767172195.584238,6,0,-139
1767172195.594238,2,-1,-149
1767172195.6042385,-2,2,-146
1767172195.6142385,-6,2,-147
1767172195.6242385,-7,4,-147
1767172195.6342382,-9,5,-144
1767172195.6442382,-7,1,-145
1767172195.6542382,-4,1,-142
1767172195.6642382,-6,4,-138
1767172195.6742382,-3,1,-135
1767172195.6842382,-1,-1,-141
1767172195.6942382,-1,3,-140
1767172195.7042382,-5,4,-149
1767172195.7142382,-5,4,-152
1767172195.7242382,1,0,-147
1767172195.734238,4,0,-147
1767172195.744238,3,2,-144
1767172195.754238,0,0,-148
1767172195.764238,-2,-5,-148
1767172195.774238,-1,-6,-150
1767172195.784238,-1,-9,-156
1767172195.794238,1,-5,-152
1767172195.804238,1,-3,-153
1767172195.8152382,1,-5,-150
1767172195.824238,-1,-2,-154
1767172195.834238,1,-1,-155
1767172195.844238,1,0,-149
1767172195.8542385,1,-2,-143
1767172195.8642385,3,0,-154
1767172195.8752382,4,0,-154
1767172195.8852382,6,-3,-151
1767172195.8952382,4,-5,-149
1767172195.9052382,5,-6,-147
1767172195.915238,7,-5,-152
1767172195.925238,6,-3,-151
1767172195.935238,6,0,-152
1767172195.945238,2,5,-151
1767172195.955238,0,3,-146
1767172195.965238,-1,0,-136
1767172195.975238,-5,-3,-138
1767172195.985238,-5,-1,-138
1767172195.995238,-3,1,-142
1767172196.005238,-2,1,-140
1767172196.015238,-1,1,-146
1767172196.025238,-1,-2,-152
1767172196.0352385,0,-3,-149
1767172196.0452385,0,-3,-143
1767172196.0552382,0,-8,-150
1767172196.0652382,-4,-10,-148
1767172196.0752382,-2,-10,-145
1767172196.0852382,0,-5,-147
1767172196.0952382,-4,-7,-143
1767172196.1052382,-5,-7,-138
1767172196.1152382,-5,-4,-141
1767172196.1252382,-5,0,-145
1767172196.1352382,-2,0,-144
1767172196.1452382,-3,-3,-135
1767172196.1552382,-4,-1,-138
1767172196.165238,-6,-1,-146
1767172196.175238,-8,0,-152
1767172196.185238,-9,0,-153
1767172196.195238,-6,0,-147
1767172196.205238,-8,-1,-143
1767172196.215238,-9,-4,-142
1767172196.225238,-2,-5,-147
1767172196.235238,0,-1,-139
1767172196.245238,2,0,-138
1767172196.255238,2,2,-144
1767172196.265238,2,-2,-142
1767172196.275238,0,-3,-148
1767172196.2852385,-2,-2,-152
1767172196.2952385,-1,1,-150
1767172196.3052382,-4,0,-150
1767172196.3152382,-3,-4,-150
1767172196.3252382,-5,-5,-148
1767172196.3352382,-5,-1,-143
1767172196.3452382,0,0,-140
1767172196.3552382,0,0,-136
1767172196.3652382,-3,2,-139
1767172196.3752382,-1,3,-144
1767172196.3852382,-1,2,-141
1767172196.3952382,2,-6,-140
1767172196.4052382,6,-1,-138
1767172196.415238,5,3,-140
1767172196.425238,6,4,-138
1767172196.435238,3,1,-135
1767172196.445238,3,1,-142
1767172196.455238,3,1,-140
1767172196.465238,2,-2,-139
1767172196.475238,2,-8,-135
1767172196.485238,1,-7,-139
1767172196.495238,0,-6,-139
1767172196.505238,0,-6,-144
1767172196.515238,3,-4,-149
1767172196.525238,0,-5,-151
1767172196.5352385,7,-7,-144
1767172196.5452385,6,-1,-141
1767172196.5552382,3,-2,-138
1767172196.5652382,0,0,-135
1767172196.5752382,-2,-4,-132
1767172196.5852382,-4,-6,-130
1767172196.5952382,-1,-9,-136
1767172196.6052382,-1,-8,-141
1767172196.6152382,-3,-5,-150
1767172196.6252382,-7,-1,-150
1767172196.6352382,-9,-1,-154
1767172196.6452382,-6,0,-152
1767172196.6552382,-10,0,-146
1767172196.665238,-6,0,-145
1767172196.675238,0,2,-141
1767172196.685238,-2,1,-141
1767172196.695238,-5,1,-149
1767172196.705238,-6,-1,-145
1767172196.715238,-7,4,-149
1767172196.725238,-10,4,-141
1767172196.735238,-13,8,-141
1767172196.745238,-9,7,-147
1767172196.755238,-4,5,-143
1767172196.765238,-7,3,-147
1767172196.775238,-10,3,-144
1767172196.7852385,-8,3,-144
1767172196.7952385,-4,1,-149
1767172196.8052382,-4,0,-148
1767172196.8152382,-4,-3,-150
1767172196.8252382,-6,-5,-140
1767172196.8352382,-4,-5,-137
1767172196.8452382,-5,-9,-141
1767172196.8552382,0,-8,-138
1767172196.8652382,-6,-6,-142
1767172196.8752382,-3,-4,-144
1767172196.8852382,-1,0,-145
1767172196.8952382,-3,-2,-142
1767172196.9052382,-1,-2,-142
1767172196.915238,0,-2,-146
1767172196.925238,1,-1,-146
1767172196.935238,-3,0,-149
1767172196.945238,1,-4,-145
1767172196.955238,0,0,-149
1767172196.965238,1,-2,-148
1767172196.975238,0,0,-144
1767172196.985238,-2,2,-145
1767172196.995238,-2,0,-150
1767172197.005238,-4,2,-152
1767172197.015238,-2,3,-148
1767172197.025238,-5,0,-148
1767172197.0352385,-4,-1,-147
1767172197.0452385,-4,0,-147
1767172197.0552382,-1,2,-151
1767172197.0652382,-1,2,-150
1767172197.0752382,-3,-2,-152
1767172197.0852382,0,0,-150
1767172197.0952382,1,0,-147
1767172197.1052382,3,0,-147
1767172197.1152382,1,-2,-145
1767172197.1252382,0,-4,-135
1767172197.1352382,-3,-4,-132
1767172197.1452382,-4,-3,-136
1767172197.1552382,-3,-1,-142
1767172197.165238,1,2,-139
1767172197.175238,0,4,-142
1767172197.185238,-1,1,-144
1767172197.195238,-1,-1,-150
1767172197.205238,-1,1,-151
1767172197.215238,-1,4,-145
1767172197.225238,-2,4,-143
1767172197.235238,-7,0,-142
1767172197.245238,-7,0,-147
1767172197.255238,-7,1,-149
1767172197.265238,-4,-4,-149
1767172197.275238,-2,-2,-150
1767172197.2852385,-2,-3,-149
1767172197.2952385,0,-5,-147
1767172197.3052382,-4,-4,-154
1767172197.3152382,-8,-3,-150
1767172197.3252382,-9,-2,-142
1767172197.3352382,-6,-2,-135
1767172197.3452382,-6,-7,-135
1767172197.3552382,-7,-7,-132
1767172197.3652382,-4,-12,-140
1767172197.3752382,1,-10,-143
1767172197.3852382,0,-5,-146
1767172197.3952382,-2,-8,-147
1767172197.4052382,-5,-9,-145
1767172197.415238,-2,-8,-143
1767172197.425238,-1,-8,-144
1767172197.435238,-3,-5,-143
1767172197.445238,-2,-1,-141
1767172197.455238,0,-2,-142
1767172197.465238,3,-5,-142
1767172197.475238,5,-7,-135
1767172197.485238,2,-6,-136
1767172197.495238,-2,-6,-146
1767172197.505238,-3,-9,-143
1767172197.515238,-3,-8,-141
1767172197.525238,-4,-3,-140
1767172197.5352385,0,0,-142
1767172197.5452385,0,0,-145
1767172197.5552382,2,-2,-150
1767172197.5652382,0,-4,-152
1767172197.5752382,-1,-4,-151
1767172197.5852382,-2,-7,-148
1767172197.5952382,-1,-6,-147
1767172197.6052382,-2,-6,-136
1767172197.6152382,-2,-2,-136
1767172197.6252382,-3,1,-144
1767172197.6352382,-1,1,-147
1767172197.6452382,1,0,-144
1767172197.6552382,-2,0,-149
1767172197.665238,-3,0,-148
1767172197.675238,-4,0,-146
1767172197.685238,0,2,-144
1767172197.695238,0,3,-141
1767172197.705238,-1,5,-145
1767172197.715238,-4,0,-142
1767172197.725238,-6,0,-140
1767172197.735238,-5,-3,-141
1767172197.745238,-6,0,-141
1767172197.755238,-3,0,-135
1767172197.765238,-2,3,-137
1767172197.775238,-6,-1,-134
1767172197.7852385,-8,0,-134
1767172197.7952385,-10,0,-138
1767172197.8052382,-11,0,-141
1767172197.8152382,-9,2,-140
1767172197.8252382,-12,8,-138
1767172197.8352382,-14,5,-143
1767172197.857238,-9,1,-139
1767172197.8652382,-7,-3,-134
1767172197.8752382,-6,-3,-132
1767172197.8852382,0,-3,-133
1767172197.8952382,-1,-6,-139
1767172197.9052382,0,-8,-141
1767172197.915238,-3,-6,-139
1767172197.925238,-5,-4,-141
1767172197.935238,-3,-3,-141
1767172197.945238,-1,-2,-148
1767172197.955238,-3,-2,-149
1767172197.965238,-3,-2,-145
1767172197.975238,-1,-3,-145
1767172197.985238,-2,-1,-144
1767172197.995238,-5,0,-152
1767172198.005238,-7,-1,-147
1767172198.015238,-3,-3,-140
1767172198.025238,-2,-5,-143
1767172198.0352385,0,-4,-145
1767172198.0452385,0,-6,-147
1767172198.0552382,0,-4,-146
1767172198.0652382,2,-4,-145
1767172198.0752382,5,-7,-142
1767172198.0852382,9,-2,-138
1767172198.0952382,9,0,-134
1767172198.1052382,8,-1,-134
1767172198.1152382,5,-2,-135
1767172198.1252382,0,1,-141
1767172198.1352382,0,0,-140
1767172198.1452382,-4,-3,-146
1767172198.1552382,-2,-3,-145
1767172198.165238,-1,-4,-144
1767172198.175238,-2,-3,-143
1767172198.185238,-8,0,-144
1767172198.195238,-8,1,-135
1767172198.205238,-7,0,-140
1767172198.215238,-6,-4,-138
1767172198.225238,-3,-6,-138
1767172198.235238,-1,-1,-141
1767172198.245238,-1,0,-148
1767172198.255238,0,1,-150
1767172198.265238,1,3,-143
1767172198.275238,0,2,-145
1767172198.2852385,1,-4,-146
1767172198.2952385,2,-4,-140
1767172198.3052382,0,-7,-139
1767172198.3152382,0,-2,-146
1767172198.3252382,2,-1,-143
1767172198.3352382,0,-1,-142
1767172198.3452382,1,-3,-149
1767172198.3552382,3,-4,-146
1767172198.366238,0,-8,-156
1767172198.376238,-5,-5,-155
1767172198.3852382,-2,-3,-156
1767172198.396238,-5,-4,-154
1767172198.406238,-8,-3,-151
1767172198.416238,-6,0,-143
1767172198.426238,-3,0,-142
1767172198.436238,0,3,-147
1767172198.446238,0,-2,-149
1767172198.4562385,-1,0,-142
1767172198.4662385,-5,0,-145
1767172198.4762385,-4,-6,-141
1767172198.4862382,-2,-6,-139
1767172198.4962382,-3,-5,-140
1767172198.5062382,2,-5,-136
1767172198.5162382,3,-4,-135
1767172198.5262382,3,-3,-138
1767172198.5362382,3,-1,-130
1767172198.5462382,2,2,-136
1767172198.5562382,-2,7,-136
1767172198.5662382,0,7,-143
1767172198.5762382,-2,7,-142
1767172198.586238,-2,2,-133
1767172198.596238,-2,0,-130
1767172198.606238,-3,0,-130
1767172198.616238,-2,0,-124
1767172198.626238,-5,-2,-132
1767172198.636238,-3,-2,-138
1767172198.646238,-1,1,-138
1767172198.656238,0,-4,-140
1767172198.666238,-3,0,-140
1767172198.676238,-1,1,-133
1767172198.686238,-2,0,-139
1767172198.696238,1,-5,-146
1767172198.7062385,0,-5,-146
1767172198.7162385,-4,-5,-151
1767172198.7262385,-6,2,-160
1767172198.7362382,0,0,-167
1767172198.7462382,0,0,-169
1767172198.7562382,0,-4,-160
1767172198.7662382,0,-2,-151
1767172198.7762382,1,1,-148
1767172198.7862382,-3,2,-153
1767172198.7962382,-3,0,-149
1767172198.8062382,-1,-1,-149
1767172198.8162382,0,-2,-147
1767172198.8262382,-1,-3,-143
1767172198.836238,-3,-7,-142
1767172198.846238,-2,-8,-140
1767172198.856238,1,-5,-142
1767172198.866238,3,-2,-150
1767172198.876238,-1,-3,-152
1767172198.886238,0,-3,-149
1767172198.896238,0,-2,-147
1767172198.906238,0,0,-147
1767172198.916238,1,-1,-150
1767172198.926238,0,-5,-149
1767172198.936238,3,-5,-144
1767172198.946238,7,-4,-145
1767172198.9562385,11,-6,-137
1767172198.9662385,12,-2,-138
1767172198.9762385,7,0,-141
1767172198.9862382,7,6,-144
1767172198.9962382,7,0,-146
1767172199.0062382,3,-3,-146
1767172199.0162382,0,-2,-142
1767172199.0262382,3,-4,-148
1767172199.0362382,0,-5,-147
1767172199.0462382,0,-6,-150
1767172199.0562382,0,-4,-152
1767172199.0662382,0,0,-155
1767172199.0762382,0,-1,-155
1767172199.086238,-4,0,-155
1767172199.096238,2,-3,-157
1767172199.106238,0,-5,-156
1767172199.116238,2,-6,-157
1767172199.126238,2,-4,-152
1767172199.136238,0,3,-155
1767172199.146238,-4,2,-159
1767172199.156238,-4,-2,-160
1767172199.166238,-6,-4,-160
1767172199.176238,-4,0,-153
1767172199.186238,-4,-3,-151
1767172199.196238,-3,-6,-150
1767172199.2062385,-2,0,-146
1767172199.2162385,-1,-4,-146
1767172199.2262385,-4,0,-147
1767172199.2362382,0,-3,-146
1767172199.2462382,2,-5,-147
1767172199.2562382,0,-7,-149
1767172199.2662382,-7,-7,-146
1767172199.2762382,-6,-5,-145
1767172199.2862382,-9,-5,-144
1767172199.2962382,-5,-4,-143
1767172199.3062382,-3,-2,-148
1767172199.3162382,-4,-1,-140
1767172199.3262382,-1,0,-135
1767172199.336238,0,1,-138
1767172199.346238,-1,4,-135
1767172199.356238,0,0,-140
1767172199.366238,2,-3,-146
1767172199.376238,2,-3,-145
1767172199.386238,0,-3,-141
1767172199.396238,0,0,-142
1767172199.406238,-6,-1,-141
1767172199.416238,-6,-1,-136
1767172199.426238,-4,-5,-144
1767172199.436238,-2,-2,-149
1767172199.446238,0,-5,-154
1767172199.4562385,-3,-5,-157
1767172199.4662385,3,-6,-146
1767172199.4762385,0,-3,-147
1767172199.4862382,-3,1,-147
1767172199.4962382,-3,1,-150
1767172199.5062382,-4,0,-147
1767172199.5162382,-3,-2,-139
1767172199.5262382,-2,0,-134
1767172199.5362382,-3,0,-142
1767172199.5462382,-4,-1,-140
1767172199.5562382,-5,2,-144
1767172199.5662382,-4,0,-144
1767172199.5762382,-7,2,-140
1767172199.586238,-7,1,-139
1767172199.596238,-5,-2,-139
1767172199.606238,-5,-2,-137
1767172199.616238,-7,-1,-135
1767172199.626238,-2,-1,-137
1767172199.636238,0,-4,-143
1767172199.646238,2,-3,-145
1767172199.656238,-1,-5,-144
1767172199.666238,0,-5,-142
1767172199.676238,1,-4,-137
1767172199.686238,2,-4,-137
1767172199.696238,-1,-6,-134
1767172199.7062385,1,-4,-140
1767172199.7162385,0,-6,-146
1767172199.7262385,5,-5,-147
1767172199.7362382,5,-4,-150
1767172199.7462382,2,-1,-152
1767172199.7562382,-1,2,-152
1767172199.7662382,-2,4,-150
1767172199.7762382,0,2,-151
1767172199.7862382,-5,3,-151
1767172199.7962382,-2,1,-149
1767172199.8062382,0,3,-149
1767172199.8162382,-2,7,-151
1767172199.8262382,-5,3,-152
1767172199.836238,-1,0,-151
1767172199.846238,-2,-3,-151
1767172199.856238,-1,-2,-144
1767172199.866238,0,0,-140
1767172199.876238,-2,0,-140
1767172199.886238,0,-2,-145
1767172199.896238,3,-2,-151
1767172199.906238,2,0,-147
1767172199.916238,1,0,-147
1767172199.926238,2,1,-151
1767172199.936238,0,1,-148
1767172199.946238,-2,-4,-151
1767172199.9562385,-2,-1,-155
1767172199.9662385,-1,4,-160
1767172199.9762385,4,0,-163
1767172199.9862382,1,1,-155
1767172199.9962382,4,0,-149
1767172200.0062382,0,0,-146
1767172200.0162382,-4,-3,-145
1767172200.0262382,-3,-5,-135
1767172200.0362382,0,-4,-131
1767172200.0462382,0,-5,-133
1767172200.0562382,0,-6,-130
1767172200.0662382,4,-7,-133
1767172200.0762382,2,-4,-131
1767172200.086238,1,-4,-134
1767172200.096238,2,-1,-139
1767172200.106238,2,1,-143
1767172200.116238,-2,5,-144
1767172200.126238,-4,6,-138
1767172200.136238,-2,4,-139
1767172200.146238,-3,0,-147
1767172200.156238,1,0,-148
1767172200.166238,0,-3,-154
1767172200.176238,3,-4,-157
1767172200.186238,1,-4,-161
1767172200.196238,3,-2,-155
1767172200.2062385,3,-2,-149
1767172200.2162385,5,-4,-150
1767172200.2262385,3,-4,-149
1767172200.2362382,2,0,-150
1767172200.2462382,1,-3,-149
1767172200.2562382,-3,-5,-151
1767172200.2662382,-7,-4,-144
1767172200.2762382,-3,-5,-141
1767172200.2862382,-3,-7,-140
1767172200.2962382,1,-5,-141
1767172200.3062382,-5,0,-149
1767172200.3162382,-5,-1,-145
1767172200.3262382,0,0,-144
1767172200.336238,-4,0,-145
1767172200.346238,-9,2,-144
1767172200.356238,-3,3,-143
1767172200.366238,0,2,-142
1767172200.376238,3,2,-150
1767172200.386238,3,5,-144
1767172200.396238,3,3,-144
1767172200.406238,2,0,-141
1767172200.416238,4,0,-142
1767172200.426238,4,0,-145
1767172200.436238,2,0,-145
1767172200.446238,2,0,-148
1767172200.4562385,0,0,-150
1767172200.4662385,0,0,-150
1767172200.4762385,-4,2,-142
1767172200.4862382,-6,2,-139
1767172200.4962382,-5,0,-142
1767172200.5062382,-6,-2,-145
1767172200.5162382,-4,-3,-143
1767172200.5262382,-2,-1,-149
1767172200.5362382,-2,0,-138
1767172200.5462382,-1,-4,-141
1767172200.5562382,-6,-3,-140
1767172200.5662382,-5,-3,-147
1767172200.5762382,-6,1,-145
1767172200.586238,-3,3,-142
1767172200.596238,-1,2,-141
1767172200.606238,0,4,-144
1767172200.616238,-4,1,-146
1767172200.626238,0,0,-140
1767172200.636238,3,0,-148
1767172200.646238,1,5,-152
1767172200.656238,-3,2,-156
1767172200.666238,-4,0,-156
1767172200.676238,-3,0,-157
1767172200.686238,-5,-5,-151
1767172200.696238,-4,-6,-157
1767172200.7062385,-4,-3,-157
1767172200.7162385,-3,-3,-156
1767172200.7262385,-1,-5,-153
1767172200.7362382,-5,-4,-150
1767172200.7462382,0,-2,-147
1767172200.7562382,-1,1,-147
1767172200.7662382,0,0,-144
1767172200.7762382,-4,-1,-148
1767172200.7862382,-3,-4,-150
1767172200.7962382,-2,-6,-144
1767172200.8062382,0,-7,-141
1767172200.8162382,3,-5,-139
1767172200.8262382,3,-5,-143
1767172200.836238,-1,-8,-140
1767172200.846238,-3,-7,-137
1767172200.856238,-5,-5,-142
1767172200.866238,-8,-4,-141
1767172200.876238,-3,-7,-138
1767172200.886238,-1,-5,-143
1767172200.896238,-1,-4,-140
1767172200.906238,-1,-4,-141
1767172200.916238,1,-4,-149
1767172200.926238,1,-4,-149
1767172200.9372382,-1,-3,-147
1767172200.9472382,0,-1,-151
1767172200.9572382,3,-2,-146
1767172200.9672382,-1,-1,-139
1767172200.9772382,-2,-2,-142
1767172200.9872382,-2,-4,-140
1767172200.9972382,-1,-1,-140
1767172201.007238,0,0,-142
1767172201.017238,-3,2,-140
1767172201.027238,-3,-1,-141
1767172201.037238,0,0,-146
1767172201.047238,-2,-5,-141
1767172201.057238,1,-5,-137
1767172201.067238,5,-6,-139
1767172201.077238,4,-5,-144
1767172201.087238,1,-5,-142
1767172201.097238,-1,-7,-139
1767172201.107238,3,-5,-148
1767172201.117238,2,-5,-146
1767172201.127238,0,-6,-149
1767172201.1372385,2,-1,-154
1767172201.1472385,3,-4,-158
1767172201.1572382,5,-4,-157
1767172201.1672382,2,-1,-154
1767172201.1772382,-2,0,-144
1767172201.1872382,-1,2,-135
1767172201.1972382,-2,5,-139
1767172201.2072382,-4,6,-143
1767172201.2172382,-7,5,-144
1767172201.2272382,-6,1,-141
1767172201.2372382,-5,0,-144
1767172201.2472382,-5,0,-140
1767172201.257238,0,2,-141
1767172201.267238,6,0,-142
1767172201.277238,4,1,-142
1767172201.287238,3,3,-144
1767172201.297238,0,1,-154
1767172201.307238,-3,0,-152
1767172201.317238,-4,0,-148
1767172201.327238,-2,0,-147
1767172201.337238,-3,2,-150
1767172201.347238,-6,0,-149
1767172201.357238,-3,1,-150
1767172201.367238,1,4,-153
1767172201.377238,-3,4,-159
1767172201.3872385,-4,5,-154
1767172201.3972385,-6,3,-152
1767172201.4072382,-8,-1,-153
1767172201.4172382,-3,-1,-152
1767172201.4272382,0,-2,-154
1767172201.4372382,3,-4,-150
1767172201.4472382,0,-5,-147
1767172201.4572382,-3,-6,-148
1767172201.4672382,-2,-4,-144
1767172201.4772382,-2,-2,-144
1767172201.4872382,-6,-1,-133
1767172201.4972382,-3,1,-135
1767172201.507238,-4,3,-135
1767172201.517238,-12,6,-141
1767172201.527238,-9,0,-142
1767172201.537238,-8,0,-144
1767172201.547238,-7,5,-147
1767172201.557238,-5,4,-143
1767172201.567238,-3,1,-138
1767172201.577238,-4,3,-139
1767172201.587238,-3,9,-141
1767172201.597238,-2,6,-140
1767172201.607238,3,5,-134
1767172201.617238,4,4,-130
1767172201.6282382,0,-2,-138
1767172201.6372385,0,-7,-136
1767172201.6472385,-3,-6,-133
1767172201.6572382,-2,-8,-134
1767172201.6672382,-1,-6,-135
1767172201.6772382,1,-6,-134
1767172201.6872382,1,-4,-138
1767172201.6972382,0,1,-137
1767172201.7072382,-1,1,-141
1767172201.7172382,0,-3,-148
1767172201.7272382,0,-5,-149
1767172201.7372382,4,-6,-145
1767172201.7472382,0,-3,-145
1767172201.757238,3,0,-147
1767172201.767238,1,-1,-147
1767172201.777238,3,0,-145
1767172201.787238,3,3,-145
1767172201.797238,5,-1,-141
1767172201.807238,3,0,-145
1767172201.817238,1,0,-146
1767172201.827238,-2,0,-142
1767172201.837238,1,1,-148
1767172201.847238,-4,0,-148
1767172201.857238,-3,-1,-144
1767172201.867238,-5,-1,-143
1767172201.877238,-3,3,-143
1767172201.8872385,-3,3,-144
1767172201.8972385,-5,2,-144
1767172201.9072382,-2,7,-147
1767172201.9172382,-4,4,-150
1767172201.9272382,-6,3,-148
1767172201.9372382,-4,0,-143
1767172201.9472382,-1,0,-140
1767172201.9572382,-4,-3,-137
1767172201.9672382,-9,-6,-137
1767172201.9772382,-11,-1,-136
1767172201.9872382,-13,-7,-136
1767172201.9972382,-11,-6,-144
1767172202.007238,-6,-7,-147
1767172202.017238,-7,-4,-148
1767172202.027238,-7,-3,-142
1767172202.037238,-3,-6,-140
1767172202.047238,1,-4,-144
1767172202.057238,1,-6,-144
1767172202.067238,0,-9,-139
1767172202.077238,0,-6,-143
1767172202.087238,-2,-2,-140
1767172202.097238,-1,-1,-144
1767172202.107238,1,0,-147
1767172202.117238,2,1,-144
1767172202.127238,-1,-1,-143
1767172202.1372385,1,-2,-142
1767172202.1472385,2,-5,-145
1767172202.1572382,7,-7,-145
1767172202.1672382,7,-6,-149
1767172202.1772382,6,-8,-154
1767172202.1872382,3,-5,-155
1767172202.1972382,1,-2,-157
1767172202.2072382,0,1,-156
1767172202.2172382,3,4,-149
1767172202.2272382,-1,5,-149
1767172202.2372382,1,7,-147
1767172202.2472382,3,4,-146
1767172202.257238,2,4,-143
1767172202.267238,2,7,-143
1767172202.277238,1,4,-143
1767172202.287238,3,0,-143
1767172202.297238,2,2,-146
1767172202.307238,1,2,-145
1767172202.317238,-2,3,-152
1767172202.327238,-1,-2,-151
1767172202.337238,-3,2,-154
1767172202.347238,-5,2,-155
1767172202.357238,0,0,-155
1767172202.367238,1,-3,-149
1767172202.377238,6,-2,-142
1767172202.3872385,4,0,-138
1767172202.3972385,6,-1,-139
1767172202.4072382,5,-2,-137
1767172202.4172382,0,1,-133
1767172202.4272382,-2,0,-130
1767172202.4372382,-6,-4,-128
1767172202.4472382,-7,-2,-130
1767172202.4572382,-3,0,-130
1767172202.4672382,-1,-1,-134
1767172202.4772382,1,-3,-133
1767172202.4872382,-3,-4,-141
1767172202.4972382,-4,-6,-150
1767172202.507238,-6,-7,-143
1767172202.517238,-5,-5,-143
1767172202.527238,-9,-4,-152
1767172202.537238,-10,-3,-153
1767172202.547238,-10,0,-153
1767172202.557238,-14,0,-150
1767172202.567238,-8,-2,-152
1767172202.577238,-4,-1,-152
1767172202.587238,0,3,-155
1767172202.597238,-4,6,-153
1767172202.607238,-3,3,-151
1767172202.617238,-8,3,-148
1767172202.627238,-5,6,-153
1767172202.6372385,-4,6,-157
1767172202.6472385,-1,3,-151
1767172202.6572382,0,2,-146
1767172202.6672382,0,1,-147
1767172202.6772382,-3,-2,-149
1767172202.6872382,-4,2,-151
1767172202.6972382,-3,4,-145
1767172202.7072382,-3,0,-140
1767172202.7172382,0,-1,-139
1767172202.7272382,1,-4,-145
1767172202.7372382,1,-7,-152
1767172202.7472382,-2,-7,-147
1767172202.757238,-6,-6,-146
1767172202.767238,-2,-5,-139
1767172202.777238,0,-2,-142
1767172202.787238,5,1,-140
1767172202.797238,5,-3,-137
1767172202.807238,-2,-4,-143
1767172202.817238,-5,-1,-143
1767172202.827238,-8,0,-153
1767172202.837238,-4,-2,-150
1767172202.847238,0,-1,-143
1767172202.869238,-3,-2,-134
1767172202.877238,-1,-2,-134
1767172202.8872385,1,-4,-137
1767172202.8972385,1,-4,-138
1767172202.9072382,-1,-6,-138
1767172202.9172382,-4,-6,-143
1767172202.9272382,-7,-6,-140
1767172202.9372382,-2,-5,-142
1767172202.9472382,0,-8,-146
1767172202.9572382,-3,-9,-143
1767172202.9672382,0,-5,-146
1767172202.9772382,0,-8,-143
1767172202.9872382,-3,-7,-139
1767172202.9972382,-3,-7,-135
1767172203.007238,-3,-6,-134
1767172203.017238,-6,-3,-138
1767172203.027238,-6,-5,-140
1767172203.037238,-3,-1,-147
1767172203.047238,-3,-4,-146
1767172203.057238,-5,-5,-140
1767172203.067238,-5,-2,-141
1767172203.077238,-2,-3,-140
1767172203.087238,1,-2,-141
1767172203.097238,0,-1,-148
1767172203.107238,0,1,-149
1767172203.117238,-6,0,-151
1767172203.127238,-7,0,-146
1767172203.1372385,-1,-1,-139
1767172203.1472385,-3,0,-137
1767172203.1572382,-4,0,-137
1767172203.1672382,-3,-1,-137
1767172203.1772382,-5,-2,-133
1767172203.1872382,0,0,-133
1767172203.1972382,2,0,-131
1767172203.2072382,0,1,-133
1767172203.2172382,-2,0,-140
1767172203.2272382,2,0,-140
1767172203.2372382,1,-3,-140
1767172203.2472382,-1,-3,-135
1767172203.257238,-1,-3,-131
1767172203.267238,1,-6,-133
1767172203.277238,0,-5,-135
1767172203.287238,-6,-3,-141
1767172203.297238,-7,0,-145
1767172203.307238,2,-1,-144
1767172203.317238,1,3,-138
1767172203.327238,1,0,-136
1767172203.337238,0,-1,-137
1767172203.347238,-2,0,-132
1767172203.357238,-3,0,-133
1767172203.367238,-9,3,-139
1767172203.377238,-9,3,-142
1767172203.3872385,-7,3,-143
1767172203.3972385,-3,3,-141
1767172203.4072382,-4,0,-138
1767172203.4172382,0,0,-142
1767172203.4272382,1,-2,-143
1767172203.4372382,4,0,-145
1767172203.448238,3,1,-139
1767172203.458238,4,3,-142
1767172203.468238,1,4,-146
1767172203.478238,0,5,-153
1767172203.488238,2,3,-154
1767172203.498238,2,4,-151
1767172203.508238,1,4,-146
1767172203.518238,-1,3,-144
1767172203.528238,-6,0,-141
1767172203.538238,-4,-1,-134
1767172203.548238,-3,-2,-136
1767172203.5582385,-3,-1,-139
1767172203.5682385,-4,-5,-139
1767172203.5782382,-6,-6,-138
1767172203.5882382,-3,-5,-138
1767172203.5982382,-1,-2,-144
1767172203.6082382,-1,0,-144
1767172203.6182382,-2,1,-145
1767172203.6282382,0,0,-140
1767172203.6382382,1,-4,-145
1767172203.6482382,-1,-2,-146
1767172203.6582382,2,-4,-147
1767172203.6682382,4,-4,-148
1767172203.6782382,3,-7,-150
1767172203.688238,0,-3,-152
1767172203.698238,-2,-2,-147
1767172203.708238,1,-3,-149
1767172203.718238,2,-3,-147
1767172203.728238,0,-3,-146
1767172203.738238,-4,-4,-146
1767172203.748238,-2,-2,-146
1767172203.758238,-1,-4,-141
1767172203.768238,-2,-4,-136
1767172203.778238,-2,-2,-141
1767172203.788238,-3,-1,-145
1767172203.798238,0,-3,-144
1767172203.8082385,0,-5,-145
1767172203.8182385,0,-3,-147
1767172203.8282382,3,-3,-152
1767172203.8382382,1,-4,-151
1767172203.8482382,0,-8,-150
1767172203.8582382,-2,-3,-149
1767172203.8682382,-2,0,-151
1767172203.8782382,0,2,-150
1767172203.8882382,2,0,-150
1767172203.8982382,0,0,-154
1767172203.9082382,-2,0,-150
1767172203.9182382,-1,-3,-148
1767172203.9282382,-1,-2,-141
1767172203.938238,-1,0,-147
1767172203.948238,-6,-2,-142
1767172203.958238,-6,-3,-137
1767172203.968238,-8,-5,-132
1767172203.978238,-7,-2,-126
1767172203.988238,-6,-3,-125
1767172203.998238,-5,0,-134
1767172204.008238,-2,0,-142
1767172204.018238,-1,-2,-143
1767172204.028238,0,-4,-143
1767172204.038238,0,-6,-141
1767172204.048238,3,-5,-139
1767172204.0582385,3,-3,-138
1767172204.0682385,5,-4,-136
1767172204.0782382,6,-2,-138
1767172204.0882382,3,-1,-135
1767172204.0982382,3,-1,-137
1767172204.1082382,-1,-6,-141
1767172204.1182382,-2,-5,-144
1767172204.1282382,-6,-3,-144
1767172204.1382382,-5,-7,-140
1767172204.1482382,-1,-6,-138
1767172204.1582382,0,-3,-146
1767172204.1682382,-2,1,-146
1767172204.1782382,0,-1,-145
1767172204.188238,3,-3,-146
1767172204.198238,1,-4,-148
1767172204.208238,-1,0,-151
1767172204.218238,0,1,-155
1767172204.228238,0,-2,-146
1767172204.238238,3,-1,-147
1767172204.248238,-1,-3,-146
1767172204.258238,-4,2,-145
1767172204.268238,-7,2,-140
1767172204.278238,-3,3,-142
1767172204.288238,-1,2,-139
1767172204.298238,-4,2,-139
1767172204.3082385,-6,0,-141
1767172204.3182385,-8,-1,-141
1767172204.3282382,-7,0,-142
1767172204.3382382,-8,0,-142
1767172204.3482382,-5,2,-144
1767172204.3582382,1,5,-141
1767172204.3682382,1,4,-140
1767172204.3782382,1,3,-143
1767172204.3882382,1,1,-138
1767172204.3982382,2,-1,-139
1767172204.4082382,1,-3,-143
1767172204.4182382,0,-1,-139
1767172204.4282382,0,0,-138
1767172204.438238,9,2,-143
1767172204.448238,9,2,-147
1767172204.458238,5,0,-148
1767172204.468238,4,0,-144
1767172204.478238,3,2,-144
1767172204.488238,7,3,-141
1767172204.498238,8,1,-142
1767172204.508238,2,4,-138
1767172204.518238,-5,1,-139
1767172204.528238,-3,1,-146
1767172204.538238,-2,-1,-143
1767172204.548238,-1,-1,-145
1767172204.5582385,-5,0,-148
1767172204.5682385,-6,3,-150
1767172204.5782382,-2,3,-151
1767172204.5882382,0,2,-148
1767172204.5982382,0,0,-143
1767172204.6082382,0,-3,-137
1767172204.6182382,0,0,-133
1767172204.6282382,-2,0,-136
1767172204.6382382,-1,-1,-145
1767172204.6482382,-2,-1,-141
1767172204.6582382,0,-3,-136
1767172204.6682382,-1,-3,-138
1767172204.6782382,0,-2,-138
1767172204.688238,1,-1,-142
1767172204.698238,-3,-3,-146
1767172204.708238,-5,-5,-144
1767172204.718238,-6,-2,-142
1767172204.728238,-2,-1,-143
1767172204.738238,0,-4,-140
1767172204.748238,-3,-2,-150
1767172204.758238,-5,0,-156
1767172204.768238,0,0,-152
1767172204.778238,-1,0,-147
1767172204.788238,-2,-1,-140
1767172204.798238,-2,0,-139
1767172204.8082385,-3,4,-134
1767172204.8182385,-4,1,-131
1767172204.8282382,0,1,-132
1767172204.8382382,4,1,-138
1767172204.8482382,0,0,-142
1767172204.8582382,-3,1,-149
1767172204.8682382,-4,1,-148
1767172204.8782382,-2,1,-148
1767172204.8882382,0,0,-151
1767172204.8982382,-3,0,-148
1767172204.9082382,-1,-4,-147
1767172204.9182382,2,-6,-146
1767172204.9282382,3,-3,-145
1767172204.938238,-1,-3,-147
1767172204.948238,-3,-2,-147
1767172204.958238,-3,-1,-149
1767172204.968238,-5,1,-149
1767172204.978238,-6,-1,-145
1767172204.988238,-7,-2,-150
1767172204.998238,-5,-5,-153
1767172205.008238,-3,-6,-160
1767172205.018238,-2,-3,-159
1767172205.028238,-2,-3,-160
1767172205.038238,-2,0,-155
1767172205.048238,-3,0,-152
1767172205.0582385,-1,-2,-146
1767172205.0682385,-2,-3,-139
1767172205.0782382,-6,-1,-150
1767172205.0882382,-4,-2,-146
1767172205.0982382,-5,-1,-150
1767172205.1082382,-6,-6,-145
1767172205.1182382,-4,-7,-150
1767172205.1282382,-1,-7,-146
1767172205.1382382,-2,-8,-140
1767172205.1482382,0,-6,-140
1767172205.1582382,-2,-5,-146
1767172205.1682382,-4,-4,-143
1767172205.1782382,-2,-7,-141
1767172205.188238,-2,-6,-141
1767172205.198238,0,-6,-143
1767172205.208238,2,-9,-138
1767172205.218238,0,-7,-141
1767172205.228238,-6,-6,-140
1767172205.238238,-8,-8,-147
1767172205.248238,-6,-7,-141
1767172205.258238,-2,-7,-142
1767172205.268238,-3,-4,-138
1767172205.278238,-3,-3,-141
1767172205.288238,-1,-4,-136
1767172205.298238,0,-4,-140
1767172205.3082385,0,-3,-145
1767172205.3182385,-3,-5,-144
1767172205.3282382,-2,-3,-141
1767172205.3382382,-1,-6,-145
1767172205.3482382,-3,-8,-144
1767172205.3582382,-2,-7,-141
1767172205.3682382,-2,-6,-137
1767172205.3782382,0,-5,-138
1767172205.3882382,-1,-5,-141
1767172205.3982382,-2,-1,-149
1767172205.4082382,-2,1,-155
1767172205.4182382,-2,0,-156
1767172205.4282382,-3,1,-154
1767172205.438238,-7,0,-159
1767172205.448238,-9,-3,-157
1767172205.458238,-7,-6,-155
1767172205.468238,-6,-4,-152
1767172205.478238,-1,-5,-145
1767172205.488238,2,-4,-150
1767172205.498238,6,0,-147
1767172205.508238,10,0,-145
1767172205.518238,3,-1,-147
1767172205.528238,0,3,-144
1767172205.538238,-2,4,-147
1767172205.548238,-1,5,-151
1767172205.5582385,1,7,-148
1767172205.5682385,0,7,-142
1767172205.5782382,0,7,-142
1767172205.5882382,-2,5,-138
1767172205.5982382,-6,6,-135
1767172205.6082382,-2,1,-140
1767172205.6182382,1,1,-146
1767172205.6282382,1,-2,-147
1767172205.6382382,7,-4,-146
1767172205.6482382,8,-2,-143
1767172205.6582382,4,-4,-134
1767172205.6682382,6,-4,-134
1767172205.6782382,2,-1,-146
1767172205.688238,0,0,-152
1767172205.698238,1,0,-152
1767172205.708238,-2,-2,-149
1767172205.718238,-2,-4,-140
1767172205.728238,-3,-3,-144
1767172205.738238,-3,-4,-145
1767172205.748238,-7,-3,-143
1767172205.758238,-7,0,-144
1767172205.768238,-2,0,-145
1767172205.778238,0,1,-147
1767172205.788238,2,0,-149
1767172205.798238,0,-2,-150
1767172205.8082385,0,-3,-153
1767172205.8182385,0,-2,-149
1767172205.8282382,1,-2,-144
1767172205.8382382,0,-7,-142
1767172205.8482382,4,-9,-140
1767172205.8582382,6,-9,-139
1767172205.8682382,2,-11,-141
1767172205.8782382,0,-9,-141
1767172205.8882382,0,-9,-138
1767172205.8982382,2,-7,-138
1767172205.9082382,-1,-7,-141
1767172205.919238,2,-5,-148
1767172205.929238,2,-3,-146
1767172205.939238,4,-2,-141
1767172205.948238,4,0,-138
1767172205.958238,4,2,-134
1767172205.969238,4,0,-127
1767172205.9792385,8,-3,-138
1767172205.9892385,8,0,-135
1767172205.9992385,8,5,-126
1767172206.0092382,4,6,-130
1767172206.0192382,4,3,-126
1767172206.0292382,-5,0,-127
1767172206.0392382,-2,1,-125
1767172206.0492382,0,-2,-122
1767172206.0592382,0,-3,-130
1767172206.0692382,1,-5,-131
1767172206.0792382,1,-9,-128
1767172206.0892382,5,-12,-134
1767172206.0992382,7,-12,-135
1767172206.109238,8,-10,-133
1767172206.119238,1,-7,-135
1767172206.129238,3,-5,-130
1767172206.139238,4,-5,-131
1767172206.149238,7,-9,-138
1767172206.159238,7,-8,-146
1767172206.169238,6,-8,-146
1767172206.179238,0,-3,-147
1767172206.189238,-1,0,-147
1767172206.199238,0,2,-147
1767172206.209238,0,0,-138
1767172206.219238,0,0,-142
1767172206.2292385,2,-2,-140
1767172206.2392385,-1,-3,-140
1767172206.2492385,0,-3,-144
1767172206.2592382,2,-3,-146
1767172206.2692382,-3,-3,-152
1767172206.2792382,-5,-4,-148
1767172206.2892382,-5,-4,-145
1767172206.2992382,-6,-2,-142
1767172206.3092382,0,-2,-142
1767172206.3192382,0,0,-136
1767172206.3292382,-1,0,-140
1767172206.3392382,0,-1,-138
1767172206.3492382,4,0,-138
1767172206.359238,5,-1,-141
1767172206.369238,0,-1,-147
1767172206.379238,2,-1,-153
1767172206.389238,0,1,-146
1767172206.399238,0,2,-146
1767172206.409238,-1,1,-147
1767172206.419238,-3,2,-142
1767172206.429238,-5,0,-146
1767172206.439238,-5,-3,-139
1767172206.449238,-9,-7,-135
1767172206.459238,-6,-8,-136
1767172206.469238,0,-8,-140
1767172206.4792385,-4,-5,-134
1767172206.4892385,-1,-6,-134
1767172206.4992385,-3,-5,-137
1767172206.5092382,0,-5,-140
1767172206.5192382,0,0,-138
1767172206.5292382,2,0,-139
1767172206.5392382,0,1,-143
1767172206.5492382,-3,0,-146
1767172206.5592382,-3,-3,-155
1767172206.5692382,-3,-2,-157
1767172206.5792382,-6,0,-152
1767172206.5892382,-2,-2,-148
1767172206.5992382,0,-2,-146
1767172206.609238,2,1,-142
1767172206.619238,0,5,-143
1767172206.629238,-4,4,-142
1767172206.639238,0,3,-136
1767172206.649238,-3,2,-139
1767172206.659238,-6,0,-141
1767172206.669238,-4,-1,-144
1767172206.679238,-7,2,-144
1767172206.689238,-7,4,-138
1767172206.699238,-6,3,-134
1767172206.709238,-3,0,-141
1767172206.719238,-3,0,-150
1767172206.7292385,-1,0,-159
1767172206.7392385,0,2,-148
1767172206.7492385,1,0,-143
1767172206.7592382,0,-4,-150
1767172206.7692382,-3,-4,-143
1767172206.7792382,-2,-4,-145
1767172206.7892382,-2,-1,-148
1767172206.7992382,1,-2,-139
1767172206.8092382,0,-8,-144
1767172206.8192382,3,-10,-148
1767172206.8292382,3,-9,-147
1767172206.8392382,9,-6,-144
1767172206.8492382,4,-7,-135
1767172206.859238,1,-7,-138
1767172206.869238,2,-6,-137
1767172206.879238,0,-6,-135
1767172206.889238,-3,-4,-138
1767172206.899238,-4,-1,-141
1767172206.909238,-4,-4,-142
1767172206.919238,-6,-4,-144
1767172206.929238,-2,-3,-141
1767172206.939238,-4,-4,-142
1767172206.949238,-2,-6,-147
1767172206.959238,-1,-12,-148
1767172206.969238,-4,-7,-152
1767172206.9792385,-1,-4,-155
1767172206.9892385,0,0,-154
1767172206.9992385,-4,0,-154
1767172207.0092382,-2,-3,-154
1767172207.0192382,-1,-4,-154
1767172207.0292382,4,0,-155
1767172207.0392382,0,5,-150
1767172207.0492382,1,3,-144
1767172207.0592382,7,0,-145
1767172207.0692382,9,1,-148
1767172207.0792382,4,-1,-145
1767172207.0892382,3,-6,-145
1767172207.0992382,4,-5,-144
1767172207.109238,7,-6,-145
1767172207.119238,0,-8,-148
1767172207.129238,0,-3,-144
1767172207.139238,-3,-4,-133
1767172207.149238,-7,-4,-133
1767172207.159238,-8,-8,-133
1767172207.169238,-6,-10,-133
1767172207.179238,0,-10,-139
1767172207.189238,2,-10,-141
1767172207.199238,5,-10,-138
1767172207.209238,7,-6,-140
1767172207.219238,2,-2,-139
1767172207.2292385,2,-2,-141
1767172207.2392385,1,0,-137
1767172207.2492385,2,-2,-136
1767172207.2592382,6,-3,-143
1767172207.2692382,4,-5,-144
1767172207.2792382,5,-7,-142
1767172207.2892382,9,-10,-144
1767172207.2992382,8,-12,-144
1767172207.3092382,5,-11,-146
1767172207.3192382,0,-9,-149
1767172207.3292382,-4,-10,-141
1767172207.3392382,-4,-10,-140
1767172207.3492382,0,-11,-140
1767172207.359238,0,-10,-145
1767172207.369238,-2,-12,-155
1767172207.379238,0,-10,-158
1767172207.389238,1,-6,-153
1767172207.399238,-2,-6,-157
1767172207.409238,-6,-5,-152
1767172207.419238,-4,-5,-149
1767172207.429238,-1,-2,-150
1767172207.439238,-1,-1,-158
1767172207.449238,-1,0,-163
1767172207.459238,-7,0,-158
1767172207.469238,-10,0,-159
1767172207.4792385,-9,-1,-144
1767172207.4892385,-3,0,-139
1767172207.4992385,-1,-1,-139
1767172207.5092382,-7,0,-143
1767172207.5192382,-5,-4,-148
1767172207.5292382,-1,-4,-143
1767172207.5392382,-3,-1,-141
1767172207.5492382,-6,-3,-150
1767172207.5592382,-2,-8,-150
1767172207.5692382,-2,-9,-146
1767172207.5792382,-6,-6,-141
1767172207.5892382,-6,-4,-135
1767172207.5992382,-1,0,-133
1767172207.609238,0,0,-134
1767172207.619238,2,-3,-136
1767172207.629238,2,-4,-138
1767172207.639238,2,-3,-143
1767172207.649238,5,0,-150
1767172207.659238,7,-1,-155
1767172207.669238,4,-2,-153
1767172207.679238,0,-6,-147
1767172207.689238,-3,-5,-153
1767172207.699238,-1,-5,-153
1767172207.709238,2,-6,-146
1767172207.719238,3,-9,-148
1767172207.7292385,0,-8,-148
1767172207.7392385,2,-6,-148
1767172207.7492385,3,-1,-148
1767172207.7592382,7,-1,-155
1767172207.7692382,4,-5,-153
1767172207.7792382,4,-1,-154
1767172207.7892382,4,1,-147
1767172207.7992382,3,1,-145
1767172207.8092382,2,1,-149
1767172207.8192382,0,-1,-147
1767172207.8292382,-1,2,-146
1767172207.8392382,-3,4,-143
1767172207.8492382,0,3,-140
1767172207.859238,1,2,-147
1767172207.8812382,5,-4,-142
1767172207.889238,4,-5,-140
1767172207.899238,7,-2,-142
1767172207.909238,6,-2,-138
1767172207.919238,1,0,-142
1767172207.929238,3,-4,-145
1767172207.939238,0,-5,-147
1767172207.949238,-1,-2,-150
1767172207.959238,-2,-4,-142
1767172207.969238,-1,-5,-146
1767172207.9792385,-5,-7,-147
1767172207.9892385,-7,-7,-149
1767172207.9992385,-10,-7,-146
1767172208.0092382,-5,-9,-144
1767172208.0192382,0,-7,-142
1767172208.0292382,-1,-6,-144
1767172208.0392382,2,-8,-142
1767172208.0492382,7,-9,-142
1767172208.0592382,8,-7,-137
1767172208.0692382,9,-9,-140
1767172208.0792382,5,-8,-139
1767172208.0892382,5,-12,-140
1767172208.0992382,2,-11,-136
1767172208.109238,0,-12,-140
1767172208.119238,5,-10,-140
1767172208.129238,5,-4,-141
1767172208.139238,3,-4,-138
1767172208.149238,6,-3,-138
1767172208.159238,0,-2,-136
1767172208.169238,-1,-2,-139
1767172208.179238,-1,1,-136
1767172208.189238,-4,-4,-144
1767172208.199238,-5,-8,-142
1767172208.209238,-4,-8,-139
1767172208.219238,-2,-6,-144
1767172208.2292385,-5,-5,-144
1767172208.2392385,-5,2,-141
1767172208.2492385,-1,6,-144
1767172208.2592382,-5,4,-146
1767172208.2692382,-7,1,-146
1767172208.2792382,-8,4,-151
1767172208.2892382,-6,2,-148
1767172208.2992382,-7,-3,-144
1767172208.3092382,-1,-6,-140
1767172208.3192382,0,-5,-139
1767172208.3292382,5,-8,-144
1767172208.3392382,3,-4,-149
1767172208.3492382,0,-3,-148
1767172208.359238,-1,-3,-153
1767172208.369238,4,-4,-153
1767172208.379238,6,-3,-144
1767172208.389238,10,-5,-136
1767172208.399238,9,-4,-141
1767172208.409238,4,0,-142
1767172208.419238,2,3,-142
1767172208.429238,5,2,-140
1767172208.439238,7,2,-143
1767172208.449238,1,-2,-150
1767172208.4602382,-1,-1,-141
1767172208.469238,-1,2,-136
1767172208.4792385,1,-1,-142
1767172208.4892385,6,0,-147
1767172208.4992385,7,1,-142
1767172208.5102382,4,2,-144
1767172208.5202382,0,1,-147
1767172208.5302382,-2,-3,-141
1767172208.540238,0,-4,-146
1767172208.550238,-1,-4,-147
1767172208.560238,2,-5,-151
1767172208.570238,1,-2,-151
1767172208.580238,-1,0,-146
1767172208.590238,-6,0,-150
1767172208.600238,-8,1,-158
1767172208.610238,-12,1,-152
1767172208.620238,-12,-2,-153
1767172208.630238,-9,-5,-151
1767172208.640238,-5,-5,-150
1767172208.650238,-1,-3,-151
1767172208.6602385,-1,-1,-146
1767172208.6702385,-2,5,-145
1767172208.6802382,-3,5,-149
1767172208.6902382,-1,4,-146
1767172208.7002382,-1,0,-138
1767172208.7102382,1,-2,-144
1767172208.7202382,-2,0,-141
1767172208.7302382,-6,-1,-145
1767172208.7402382,-4,3,-149
1767172208.7502382,0,2,-156
1767172208.7602382,0,0,-150
1767172208.7702382,0,0,-144
1767172208.7802382,0,-2,-145
1767172208.790238,5,-1,-143
1767172208.800238,6,-5,-142
1767172208.810238,7,-6,-140
1767172208.820238,8,-7,-140
1767172208.830238,7,-2,-144
1767172208.840238,7,-1,-152
1767172208.850238,7,0,-146
1767172208.860238,6,0,-138
1767172208.870238,4,-1,-141
1767172208.880238,3,0,-143
1767172208.890238,-2,-2,-140
1767172208.900238,-3,-1,-140
1767172208.9102385,0,-1,-144
1767172208.9202385,-1,-4,-143
1767172208.9302382,-2,-7,-148
1767172208.9402382,-4,-9,-145
1767172208.9502382,-3,-6,-148
1767172208.9602382,-2,-4,-144
1767172208.9702382,0,-4,-147
1767172208.9802382,5,0,-150
1767172208.9902382,3,-1,-149
1767172209.0002382,0,0,-148
1767172209.0102382,-3,0,-142
1767172209.0202382,-8,3,-144
1767172209.0302382,-9,3,-146
1767172209.040238,-5,6,-145
1767172209.050238,-3,6,-145
1767172209.060238,-6,4,-148
1767172209.070238,-2,4,-150
1767172209.080238,-2,6,-147
1767172209.090238,-1,7,-148
1767172209.100238,-2,4,-143
1767172209.110238,2,0,-139
1767172209.120238,4,-1,-145
1767172209.130238,0,2,-145
1767172209.140238,1,3,-144
1767172209.150238,1,1,-142
1767172209.1602385,2,0,-142
1767172209.1702385,1,3,-142
1767172209.1802382,-1,5,-135
1767172209.1902382,-2,1,-132
1767172209.2002382,2,-2,-135
1767172209.2102382,0,-3,-135
1767172209.2202382,-2,-4,-142
1767172209.2302382,1,-4,-138
1767172209.2402382,-4,-4,-133
1767172209.2502382,-2,-5,-123
1767172209.2602382,1,-5,-131
1767172209.2702382,3,-6,-132
1767172209.2802382,3,-6,-136
1767172209.290238,2,-10,-143
1767172209.300238,2,-9,-145
1767172209.310238,0,-6,-143
1767172209.320238,3,-5,-144
1767172209.330238,-2,-6,-139
1767172209.340238,0,-7,-139
1767172209.350238,3,-7,-142
1767172209.360238,0,-5,-144
1767172209.370238,-1,-9,-142
1767172209.380238,-3,-8,-142
1767172209.390238,0,-12,-146
1767172209.400238,0,-11,-147
1767172209.4102385,-1,-7,-145
1767172209.4202385,1,-5,-147
1767172209.4302382,3,-8,-149
1767172209.4402382,3,-8,-150
1767172209.4502382,6,-8,-150
1767172209.4602382,3,-6,-153
1767172209.4702382,0,-5,-146
1767172209.4802382,-2,-2,-134
1767172209.4902382,0,-7,-138
1767172209.5002382,-4,-5,-139
1767172209.5102382,-3,0,-144
1767172209.5202382,0,0,-143
1767172209.5302382,-3,-2,-138
1767172209.540238,-4,-1,-142
1767172209.550238,-9,-2,-148
1767172209.560238,-6,1,-153
1767172209.570238,0,-1,-145
1767172209.580238,2,-4,-145
1767172209.590238,1,-4,-142
1767172209.600238,0,-7,-149
1767172209.610238,1,-3,-151
1767172209.620238,2,-3,-151
1767172209.630238,-2,-4,-149
1767172209.640238,0,-3,-148
1767172209.650238,-3,-9,-150
1767172209.6602385,-1,-8,-151
1767172209.6702385,2,-6,-150
1767172209.6802382,0,-2,-145
1767172209.6902382,0,-1,-145
1767172209.7002382,-1,0,-140
1767172209.7102382,-1,2,-141
1767172209.7202382,-6,2,-143
1767172209.7302382,-2,3,-144
1767172209.7402382,-1,1,-142
1767172209.7502382,-4,-6,-143
1767172209.7602382,-3,-7,-145
1767172209.7702382,2,-5,-141
1767172209.7802382,-1,-3,-143
1767172209.790238,0,-6,-145
1767172209.800238,-3,-5,-148
1767172209.810238,-5,-5,-141
1767172209.820238,-4,-4,-135
1767172209.830238,-4,-3,-138
1767172209.840238,-5,-2,-145
1767172209.850238,0,0,-143
1767172209.860238,1,0,-140
1767172209.870238,2,0,-144
1767172209.880238,0,-2,-149
1767172209.890238,-4,-4,-151
1767172209.900238,-3,-2,-146
1767172209.9102385,-2,-2,-138
1767172209.9202385,-2,0,-143
1767172209.9302382,0,-3,-151
1767172209.9402382,-1,-2,-150
1767172209.9502382,-2,-1,-150
1767172209.9602382,-3,-2,-150
1767172209.9702382,-5,0,-149
1767172209.9802382,-7,-5,-142
1767172209.9902382,-1,-3,-146
1767172210.0002382,0,-2,-144
1767172210.0102382,2,0,-137
1767172210.0202382,7,0,-139
1767172210.0302382,1,-1,-139
1767172210.040238,2,-1,-139
1767172210.050238,4,-3,-141
1767172210.060238,4,-3,-142
1767172210.070238,4,-1,-142
1767172210.080238,2,-4,-145
1767172210.090238,-2,-1,-139
1767172210.100238,1,-3,-136
1767172210.110238,4,0,-136
1767172210.120238,2,-2,-141
1767172210.130238,0,-1,-137
1767172210.140238,0,-1,-134
1767172210.150238,-2,0,-130
1767172210.1602385,-5,5,-137
1767172210.1702385,-3,2,-136
1767172210.1802382,-2,0,-136
1767172210.1902382,-3,-1,-140
1767172210.2002382,-7,0,-136
1767172210.2102382,-4,-5,-135
1767172210.2202382,-3,-8,-140
1767172210.2302382,-8,-5,-136
1767172210.2402382,-6,-9,-136
1767172210.2502382,-10,-12,-133
1767172210.2602382,-8,-11,-134
1767172210.2702382,-6,-7,-132
1767172210.2802382,-5,-6,-135
1767172210.290238,-4,-7,-137
1767172210.300238,-4,-9,-143
1767172210.310238,-6,-6,-145
1767172210.320238,-3,-4,-138
1767172210.330238,-5,-3,-138
1767172210.340238,-5,-5,-145
1767172210.350238,-2,-2,-150
1767172210.360238,-3,-2,-143
1767172210.370238,-7,-6,-137
1767172210.380238,-6,-8,-138
1767172210.390238,-5,-10,-135
1767172210.400238,-7,-8,-136
1767172210.4102385,-11,-8,-140
1767172210.4202385,-13,-9,-145
1767172210.4302382,-7,-9,-147
1767172210.4402382,-6,-8,-143
1767172210.4502382,-4,-6,-142
1767172210.4602382,-1,-4,-146
1767172210.4702382,-4,-3,-144
1767172210.4802382,-2,-5,-139
1767172210.4902382,-3,-4,-147
1767172210.5002382,-6,-4,-144
1767172210.5102382,-4,-6,-143
1767172210.5202382,1,-3,-149
1767172210.5302382,2,-4,-147
1767172210.540238,0,-6,-147
1767172210.550238,3,1,-144
1767172210.560238,4,3,-145
1767172210.570238,7,1,-147
1767172210.580238,7,0,-147
1767172210.590238,6,1,-150
1767172210.600238,7,-1,-145
1767172210.610238,0,0,-148
1767172210.620238,0,-2,-149
1767172210.630238,2,0,-150
1767172210.640238,2,0,-147
1767172210.650238,3,-7,-144
1767172210.6602385,0,-6,-144
1767172210.6702385,0,-4,-144
1767172210.6802382,0,-11,-141
1767172210.6902382,-3,-6,-138
1767172210.7002382,-3,-4,-146
1767172210.7102382,0,-4,-150
1767172210.7202382,3,-5,-151
1767172210.7302382,6,-6,-149
1767172210.7402382,6,-3,-151
1767172210.7502382,6,0,-147
1767172210.7602382,0,-1,-146
1767172210.7702382,-1,0,-140
1767172210.7802382,-2,0,-137
1767172210.790238,-2,0,-141
1767172210.800238,-1,-2,-141
1767172210.810238,0,-2,-144
1767172210.820238,1,1,-146
1767172210.830238,0,1,-142
1767172210.840238,-1,0,-136
1767172210.850238,3,0,-140
1767172210.860238,4,0,-142
1767172210.870238,5,1,-143
1767172210.880238,1,0,-145
1767172210.890238,1,-1,-148
1767172210.900238,-2,0,-141
1767172210.9102385,-3,2,-142
1767172210.9202385,-2,-1,-144
1767172210.9302382,-3,-4,-134
1767172210.9402382,0,-1,-135
1767172210.9502382,-4,0,-138
1767172210.9602382,-2,-1,-143
1767172210.9702382,0,0,-144
1767172210.9802382,0,1,-140
1767172210.9902382,1,2,-141
1767172211.0002382,-7,5,-136
1767172211.0102382,-8,0,-133
1767172211.0202382,-7,0,-137
1767172211.031238,-3,1,-137
1767172211.040238,0,0,-140
1767172211.050238,-3,1,-146
1767172211.061238,-5,4,-150
1767172211.071238,-5,3,-157
1767172211.0812385,-4,2,-157
1767172211.0912385,-1,3,-156
1767172211.1012385,-6,2,-152
1767172211.1112382,-5,2,-155
1767172211.1212382,-4,4,-151
1767172211.1312382,-2,3,-152
1767172211.1412382,-2,0,-155
1767172211.1512382,-6,-3,-153
1767172211.1612382,-1,-6,-144
1767172211.1712382,-2,-4,-146
1767172211.1812382,-3,0,-141
1767172211.1912382,-5,0,-142
1767172211.2012382,-5,-3,-146
1767172211.211238,-6,-1,-146
1767172211.221238,-3,1,-141
1767172211.231238,-11,2,-139
1767172211.241238,-11,-1,-144
1767172211.251238,-7,-2,-141
1767172211.261238,-8,-6,-140
1767172211.271238,-6,-7,-134
1767172211.281238,-7,-11,-135
1767172211.291238,-5,-8,-135
1767172211.301238,-4,-5,-136
1767172211.311238,-3,-3,-134
1767172211.321238,-1,-4,-136
1767172211.3312385,-3,-4,-138
1767172211.3412385,-3,-6,-145
1767172211.3512385,-3,-6,-139
1767172211.3612382,0,-4,-130
1767172211.3712382,-1,-3,-134
1767172211.3812382,0,-4,-137
1767172211.3912382,-4,-4,-136
1767172211.4012382,-2,-1,-138
1767172211.4112382,0,0,-140
1767172211.4212382,-1,-1,-147
1767172211.4312382,-1,0,-145
1767172211.4412382,-1,-1,-148
1767172211.4512382,-5,0,-145
1767172211.461238,-9,2,-143
1767172211.471238,-7,1,-141
1767172211.481238,-6,2,-140
1767172211.491238,-4,1,-141
1767172211.501238,-2,2,-146
1767172211.511238,3,3,-148
1767172211.521238,10,0,-147
1767172211.531238,16,0,-148
1767172211.541238,15,0,-137
1767172211.551238,13,-3,-132
1767172211.561238,9,-6,-137
1767172211.571238,10,-6,-131
1767172211.5812385,5,-4,-133
1767172211.5912385,3,0,-136
1767172211.6012385,-1,-2,-142
1767172211.6112382,-1,-4,-151
1767172211.6212382,-1,-4,-152
1767172211.6312382,0,-5,-155
1767172211.6412382,4,-8,-154
1767172211.6512382,8,-7,-149
1767172211.6612382,6,-7,-149
1767172211.6712382,1,-7,-148
1767172211.6812382,1,-5,-143
1767172211.6912382,5,-2,-145
1767172211.7012382,3,0,-143
1767172211.711238,6,0,-146
1767172211.721238,7,0,-158
1767172211.731238,3,4,-161
1767172211.741238,2,5,-157
1767172211.751238,1,1,-149
1767172211.761238,-2,4,-144
1767172211.771238,-5,1,-142
1767172211.781238,-3,0,-142
1767172211.791238,-2,-2,-140
1767172211.801238,0,-5,-134
1767172211.811238,0,-8,-132
1767172211.821238,1,-9,-127
1767172211.8312385,1,-7,-134
1767172211.8412385,-1,-6,-131
1767172211.8512385,2,-3,-134
1767172211.8612382,2,-4,-137
1767172211.8712382,7,-3,-140
1767172211.8812382,3,-4,-143
1767172211.8912382,5,-7,-139
1767172211.9012382,5,-9,-143
1767172211.9112382,1,-7,-146
1767172211.9212382,4,-2,-145
1767172211.9312382,4,-4,-146
1767172211.9412382,1,-6,-143
1767172211.9512382,3,-6,-141
1767172211.961238,1,-3,-143
1767172211.971238,-2,-2,-144
1767172211.981238,-3,-6,-144
1767172211.991238,-3,-1,-147
1767172212.001238,-3,1,-145
1767172212.011238,-1,0,-145
1767172212.021238,-3,0,-149
1767172212.031238,-5,-2,-149
1767172212.041238,-5,0,-151
1767172212.051238,0,1,-147
1767172212.061238,-1,0,-141
1767172212.071238,-2,-2,-137
1767172212.0812385,-1,-2,-141
1767172212.0912385,0,0,-142
1767172212.1012385,0,-1,-141
1767172212.1112382,-6,-2,-137
1767172212.1212382,-3,-2,-137
1767172212.1312382,-3,-1,-137
1767172212.1412382,-2,-2,-138
1767172212.1512382,-1,-4,-141
1767172212.1612382,-4,-2,-138
1767172212.1712382,-5,-2,-135
1767172212.1812382,-4,-2,-133
1767172212.1912382,0,-1,-140
1767172212.2012382,2,-1,-142
1767172212.211238,2,2,-145
1767172212.221238,2,0,-150
1767172212.231238,-1,1,-144
1767172212.241238,-4,0,-143
1767172212.251238,-5,2,-140
1767172212.261238,-5,0,-142
1767172212.271238,-2,-1,-147
1767172212.281238,1,1,-141
1767172212.291238,0,1,-143
1767172212.301238,-4,2,-147
1767172212.311238,-2,4,-150
1767172212.321238,0,2,-146
1767172212.3312385,0,1,-148
1767172212.3412385,-2,0,-150
1767172212.3512385,-2,0,-153
1767172212.3612382,-3,0,-152
1767172212.3712382,-2,0,-149
1767172212.3812382,0,2,-151
1767172212.3912382,1,3,-154
1767172212.4012382,2,4,-152
1767172212.4112382,0,1,-147
1767172212.4212382,-4,-1,-144
1767172212.4312382,-1,-1,-145
1767172212.4412382,1,5,-142
1767172212.4512382,0,2,-141
1767172212.461238,0,0,-143
1767172212.471238,3,-3,-145
1767172212.481238,0,-3,-144
1767172212.491238,-3,-2,-148
1767172212.501238,-5,0,-146
1767172212.511238,-6,1,-154
1767172212.521238,-6,2,-149
1767172212.531238,-6,1,-150
1767172212.541238,-9,0,-149
1767172212.551238,-5,0,-148
1767172212.561238,-3,0,-155
1767172212.571238,0,0,-150
1767172212.5812385,-2,-2,-153
1767172212.5912385,-3,0,-145
1767172212.6012385,-3,0,-136
1767172212.6112382,-6,1,-134
1767172212.6212382,-9,2,-137
1767172212.6312382,-4,0,-137
1767172212.6412382,0,0,-148
1767172212.6512382,-1,-2,-143
1767172212.6612382,-5,-4,-142
1767172212.6712382,-5,-5,-138
1767172212.6812382,-5,-4,-134
1767172212.6912382,-6,1,-139
1767172212.7012382,-3,-3,-139
1767172212.711238,0,-1,-135
1767172212.721238,-4,-3,-131
1767172212.731238,-4,-1,-141
1767172212.741238,-3,-1,-143
1767172212.751238,-5,0,-142
1767172212.761238,-2,-3,-143
1767172212.771238,-3,-5,-138
1767172212.781238,-4,-6,-140
1767172212.791238,-7,-3,-144
1767172212.801238,-7,0,-139
1767172212.811238,-6,0,-140
1767172212.821238,-1,1,-139
1767172212.8312385,0,3,-143
1767172212.8412385,-1,1,-144
1767172212.8512385,-2,1,-144
1767172212.8612382,-2,3,-146
1767172212.8712382,-3,1,-146
1767172212.893238,0,3,-142
1767172212.9012382,7,2,-140
1767172212.9112382,5,0,-138
1767172212.9212382,5,-4,-142
1767172212.9312382,3,-3,-141
1767172212.9412382,-2,-4,-139
1767172212.9512382,-4,-2,-138
1767172212.961238,-2,-4,-139
1767172212.971238,0,-5,-142
1767172212.981238,-8,0,-141
1767172212.991238,-8,-1,-136
1767172213.001238,-6,-3,-137
1767172213.011238,-5,-2,-138
1767172213.021238,-3,-2,-140
1767172213.031238,0,-3,-143
1767172213.041238,0,1,-142
1767172213.051238,2,1,-138
1767172213.061238,3,2,-141
1767172213.071238,4,2,-141
1767172213.0812385,7,1,-145
1767172213.0912385,10,3,-143
1767172213.1012385,8,4,-146
1767172213.1112382,4,4,-150
1767172213.1212382,1,5,-146
1767172213.1312382,0,4,-151
1767172213.1412382,0,0,-150
1767172213.1512382,0,-3,-149
1767172213.1612382,-4,0,-141
1767172213.1712382,-1,1,-141
1767172213.1812382,1,0,-145
1767172213.1912382,3,0,-146
1767172213.2012382,0,0,-143
1767172213.211238,-3,-1,-143
1767172213.221238,-3,-1,-149
1767172213.231238,2,0,-149
1767172213.241238,0,-2,-145
1767172213.251238,0,-3,-143
1767172213.261238,0,-4,-142
1767172213.271238,-5,0,-138
1767172213.281238,-6,0,-140
1767172213.291238,-6,1,-140
1767172213.301238,-4,-1,-140
1767172213.311238,-5,-8,-141
1767172213.321238,-10,-9,-138
1767172213.3312385,-11,-7,-145
1767172213.3412385,-12,-7,-148
1767172213.3512385,-14,-3,-138
1767172213.3612382,-14,-2,-139
1767172213.3712382,-16,-4,-148
1767172213.3812382,-10,-5,-148
1767172213.3912382,-8,-1,-146
1767172213.4012382,-7,1,-144
1767172213.4112382,-3,2,-142
1767172213.4212382,-2,0,-136
1767172213.4312382,-1,0,-136
1767172213.4412382,-5,1,-142
1767172213.4512382,-8,-2,-149
1767172213.461238,-8,-4,-142
1767172213.471238,-3,-2,-142
1767172213.481238,-1,0,-145
1767172213.491238,-3,3,-135
1767172213.501238,-6,0,-135
1767172213.511238,-7,0,-137
1767172213.521238,0,0,-139
1767172213.5322382,2,-6,-134
1767172213.541238,0,-8,-140
1767172213.551238,-2,-12,-139
1767172213.561238,-4,-3,-136
1767172213.5722382,0,-2,-137
1767172213.5822382,3,-5,-135
1767172213.5922382,2,-5,-145
1767172213.6022382,0,-4,-143
1767172213.6122382,-5,-2,-150
1767172213.6222382,-4,-4,-150
1767172213.632238,-7,-3,-141
1767172213.642238,-7,-5,-145
1767172213.652238,-2,-5,-140
1767172213.662238,-5,-3,-138
1767172213.672238,-3,0,-142
1767172213.682238,-2,2,-139
1767172213.692238,0,2,-137
1767172213.702238,2,4,-139
1767172213.712238,0,5,-137
1767172213.722238,0,1,-135
1767172213.732238,-1,-3,-136
1767172213.742238,-2,-3,-141
1767172213.752238,0,-3,-144
1767172213.7622385,-4,2,-149
1767172213.7722385,-9,1,-158
1767172213.7822382,-6,6,-153
1767172213.7922382,-7,5,-150
1767172213.8022382,-2,2,-149
1767172213.8122382,0,-3,-142
1767172213.8222382,-1,-2,-143
1767172213.8322382,0,-1,-140
1767172213.8422382,-1,0,-135
1767172213.8522382,-1,-4,-140
1767172213.8622382,0,-3,-149
1767172213.8722382,0,1,-150
1767172213.882238,-2,2,-153
1767172213.892238,0,7,-152
1767172213.902238,-1,3,-155
1767172213.912238,-2,-4,-150
1767172213.922238,-3,0,-144
1767172213.932238,-6,0,-146
1767172213.942238,-7,0,-151
1767172213.952238,-5,4,-146
1767172213.962238,-2,4,-143
1767172213.972238,1,7,-142
1767172213.982238,4,7,-145
1767172213.992238,4,1,-150
1767172214.002238,6,0,-149
1767172214.0122385,10,0,-146
1767172214.0222385,8,0,-148
1767172214.0322382,7,-1,-146
1767172214.0422382,7,-1,-143
1767172214.0522382,8,-2,-143
1767172214.0622382,8,-5,-142
1767172214.0722382,5,-6,-150
1767172214.0822382,2,-5,-149
1767172214.0922382,1,-7,-142
1767172214.1022382,1,-7,-136
1767172214.1122382,0,-7,-136
1767172214.1222382,0,-7,-140
1767172214.132238,0,-6,-140
1767172214.142238,-2,0,-136
1767172214.152238,-4,4,-129
1767172214.162238,-3,2,-138
1767172214.172238,-3,0,-143
1767172214.182238,1,-2,-140
1767172214.192238,2,1,-143
1767172214.202238,-1,0,-144
1767172214.212238,-3,3,-139
1767172214.222238,2,4,-134
1767172214.232238,-1,6,-140
1767172214.242238,0,2,-144
1767172214.252238,3,-1,-144
1767172214.2622385,2,0,-148
1767172214.2722385,0,2,-151
1767172214.2822382,-1,2,-148
1767172214.2922382,0,1,-144
1767172214.3022382,0,5,-141
1767172214.3122382,0,4,-141
1767172214.3222382,1,3,-135
1767172214.3322382,0,3,-137
1767172214.3422382,0,2,-145
1767172214.3522382,-1,-2,-154
1767172214.3622382,-4,-2,-150
1767172214.3722382,0,-3,-150
1767172214.382238,4,0,-149
1767172214.392238,5,5,-151
1767172214.402238,7,4,-152
1767172214.412238,5,0,-152
1767172214.422238,5,2,-150
1767172214.432238,4,4,-150
1767172214.442238,5,-1,-147
1767172214.452238,9,0,-141
1767172214.462238,9,-1,-140
1767172214.472238,9,0,-141
1767172214.482238,10,-2,-145
1767172214.492238,5,-2,-142
1767172214.502238,6,-5,-147
1767172214.5122385,4,-3,-144
1767172214.5222385,-2,-1,-140
1767172214.5322382,-5,-3,-141
1767172214.5422382,-5,-3,-137
1767172214.5522382,0,-5,-135
1767172214.5622382,0,-3,-136
1767172214.5722382,-2,-4,-136
1767172214.5822382,-4,-4,-133
1767172214.5922382,-3,-1,-135
1767172214.6022382,-2,-3,-137
1767172214.6122382,0,1,-141
1767172214.6222382,-3,-1,-143
1767172214.632238,-3,2,-148
1767172214.642238,-1,5,-153
1767172214.652238,0,4,-146
1767172214.662238,-4,6,-146
1767172214.672238,-2,6,-146
1767172214.682238,1,8,-147
1767172214.692238,2,9,-147
1767172214.702238,4,7,-146
1767172214.712238,3,3,-144
1767172214.722238,3,3,-140
1767172214.732238,2,3,-138
1767172214.742238,-1,3,-140
1767172214.752238,-2,3,-145
1767172214.7622385,-4,3,-153
1767172214.7722385,-3,4,-148
1767172214.7822382,1,0,-150
1767172214.7922382,0,1,-145
1767172214.8022382,0,-1,-144
1767172214.8122382,2,0,-144
1767172214.8222382,5,-3,-153
1767172214.8322382,4,-3,-150
1767172214.8422382,2,-3,-148
1767172214.8522382,0,-1,-150
1767172214.8622382,-2,-1,-155
1767172214.8722382,3,0,-147
1767172214.882238,3,-2,-146
1767172214.892238,5,1,-145
1767172214.902238,4,1,-145
1767172214.912238,3,0,-145
1767172214.922238,3,0,-140
1767172214.932238,5,3,-143
1767172214.942238,7,4,-142
1767172214.952238,5,6,-142
1767172214.962238,0,3,-144
1767172214.972238,0,0,-141
1767172214.982238,3,-2,-144
1767172214.992238,-2,-1,-136
1767172215.002238,-1,-2,-138
1767172215.0122385,-2,-1,-146
1767172215.0222385,-3,0,-147
1767172215.0322382,-1,2,-146
1767172215.0422382,-2,4,-146
1767172215.0522382,-3,9,-144
1767172215.0622382,-2,7,-138
1767172215.0722382,-2,0,-140
1767172215.0822382,-2,-1,-136
1767172215.0922382,-3,0,-145
1767172215.1022382,-1,0,-148
1767172215.1122382,-3,-1,-145
1767172215.1222382,-7,0,-145
1767172215.132238,-6,0,-149
1767172215.142238,-2,0,-145
1767172215.152238,-4,0,-142
1767172215.162238,0,-5,-136
1767172215.172238,2,-1,-137
1767172215.182238,0,-1,-143
1767172215.192238,0,-2,-153
1767172215.202238,-4,-6,-147
1767172215.212238,-5,-6,-142
1767172215.222238,-6,-5,-140
1767172215.232238,-4,-7,-133
1767172215.242238,0,-8,-132
1767172215.252238,4,-3,-133
1767172215.2622385,-1,-6,-143
1767172215.2722385,1,-5,-144
1767172215.2822382,5,-4,-141
1767172215.2922382,8,-7,-139
1767172215.3022382,8,-1,-144
1767172215.3122382,8,-1,-145
1767172215.3222382,13,-2,-144
1767172215.3322382,9,0,-141
1767172215.3422382,2,0,-142
1767172215.3522382,1,-2,-141
1767172215.3622382,2,-2,-143
1767172215.3722382,0,-1,-148
1767172215.382238,-2,0,-147
1767172215.392238,0,1,-148
1767172215.402238,-3,-2,-151
1767172215.412238,0,0,-148
1767172215.422238,0,-3,-146
1767172215.432238,-3,-3,-149
1767172215.442238,-6,0,-154
1767172215.452238,-6,2,-150
1767172215.462238,-7,5,-144
1767172215.472238,-8,8,-143
1767172215.482238,-9,4,-141
1767172215.492238,-4,0,-137
1767172215.502238,-2,-1,-146
1767172215.5122385,-3,-2,-148
1767172215.5222385,-1,-5,-152
1767172215.5322382,0,-3,-154
1767172215.5422382,-1,3,-145
1767172215.5522382,1,4,-142
1767172215.5622382,2,0,-140
1767172215.5722382,-2,-1,-141
1767172215.5822382,-2,0,-140
1767172215.5922382,-2,0,-138
1767172215.6022382,-3,0,-136
1767172215.6122382,0,2,-134
1767172215.6222382,5,1,-134
1767172215.632238,1,2,-141
1767172215.642238,3,-1,-143
1767172215.652238,1,-2,-147
1767172215.662238,4,-2,-145
1767172215.672238,2,0,-146
1767172215.682238,0,1,-145
1767172215.692238,0,-1,-147
1767172215.702238,-1,0,-150
1767172215.712238,-1,1,-147
1767172215.722238,2,0,-146
1767172215.732238,3,1,-146
1767172215.742238,4,0,-150
1767172215.752238,2,2,-150
1767172215.7622385,2,1,-155
1767172215.7722385,3,1,-151
1767172215.7822382,8,2,-148
1767172215.7922382,7,1,-144
1767172215.8022382,4,3,-137
1767172215.8122382,8,1,-134
1767172215.8222382,5,-4,-131
1767172215.8322382,1,-8,-131
1767172215.8422382,-4,-7,-130
1767172215.8522382,-5,-4,-131
1767172215.8622382,-8,-1,-139
1767172215.8722382,-1,-2,-146
1767172215.882238,-2,0,-147
1767172215.892238,-4,0,-144
1767172215.902238,-1,0,-144
1767172215.912238,0,0,-148
1767172215.922238,1,-3,-146
1767172215.932238,5,-2,-143
1767172215.942238,2,-2,-148
1767172215.952238,1,-3,-146
1767172215.962238,4,0,-150
1767172215.972238,4,0,-149
1767172215.982238,2,3,-157
1767172215.992238,2,1,-156
1767172216.002238,5,2,-154
1767172216.0122385,2,1,-154
1767172216.0222385,3,1,-151
1767172216.0322382,10,1,-149
1767172216.0422382,10,2,-152
1767172216.0522382,9,-3,-152
1767172216.0622382,10,-3,-149
1767172216.0722382,6,-2,-144
1767172216.083238,2,-1,-144
1767172216.0922382,5,-2,-148
1767172216.103238,4,-3,-150
1767172216.113238,6,-3,-151
1767172216.1222382,3,-3,-156
1767172216.133238,7,1,-161
1767172216.143238,6,3,-159
1767172216.153238,8,5,-155
1767172216.163238,8,4,-158
1767172216.173238,6,5,-152
1767172216.1832385,9,3,-148
1767172216.1932385,6,0,-147
1767172216.2032382,3,-6,-154
1767172216.2132382,1,-7,-161
1767172216.2232382,-3,-5,-161
1767172216.2332382,-2,-3,-157
1767172216.2432382,-1,-4,-149
1767172216.2532382,2,-6,-148
1767172216.2632382,0,-3,-150
1767172216.2732382,-2,-1,-146
1767172216.2832382,-5,-1,-141
1767172216.2932382,-2,-2,-141
1767172216.3032382,-5,-3,-142
1767172216.313238,-5,-1,-146
1767172216.323238,-3,3,-146
1767172216.333238,-4,2,-147
1767172216.343238,-4,2,-146
1767172216.353238,0,5,-151
1767172216.363238,1,5,-149
1767172216.373238,2,4,-148
1767172216.383238,3,4,-150
1767172216.393238,0,2,-152
1767172216.403238,2,2,-152
1767172216.413238,-1,4,-148
1767172216.423238,-3,2,-150
1767172216.4332385,-1,0,-139
1767172216.4432385,4,0,-139
1767172216.4532382,8,-2,-138
1767172216.4632382,8,-3,-141
1767172216.4732382,6,0,-138
1767172216.4832382,6,2,-144
1767172216.4932382,1,3,-141
1767172216.5032382,-2,2,-141
1767172216.5132382,-1,0,-140
1767172216.5232382,-3,0,-150
1767172216.5332382,0,-1,-145
1767172216.5432382,0,1,-153
1767172216.5532382,-4,1,-157
1767172216.563238,-5,3,-155
1767172216.573238,-11,0,-156
1767172216.583238,-9,1,-150
1767172216.593238,-8,2,-149
1767172216.603238,-8,-1,-151
1767172216.613238,-8,0,-146
1767172216.623238,-7,3,-146
1767172216.633238,-1,2,-138
1767172216.643238,0,3,-144
1767172216.653238,3,1,-139
1767172216.663238,1,0,-136
1767172216.673238,2,0,-133
1767172216.6832385,3,0,-134
1767172216.6932385,4,-2,-132
1767172216.7032382,3,-1,-136
1767172216.7132382,1,2,-138
1767172216.7232382,1,1,-138
1767172216.7332382,2,-2,-142
1767172216.7432382,2,-5,-147
1767172216.7532382,0,-1,-152
1767172216.7632382,-5,1,-154
1767172216.7732382,-3,2,-156
1767172216.7832382,-7,4,-155
1767172216.7932382,-3,1,-153
1767172216.8032382,-5,1,-153
1767172216.813238,-3,2,-148
1767172216.823238,-5,4,-147
1767172216.833238,-4,0,-151
1767172216.843238,-8,0,-156
1767172216.853238,-7,0,-160
1767172216.863238,-4,2,-164
1767172216.873238,1,2,-159
1767172216.883238,4,3,-161
1767172216.893238,1,5,-164
1767172216.903238,-3,6,-159
1767172216.913238,-7,4,-157
1767172216.923238,-8,3,-152
1767172216.9332385,-6,4,-148
1767172216.9432385,-5,4,-143
1767172216.9532382,-3,4,-146
1767172216.9632382,-3,4,-146
1767172216.9732382,-3,3,-151
1767172216.9832382,0,0,-154
1767172216.9932382,-2,0,-146
1767172217.0032382,-4,1,-144
1767172217.0132382,-5,-2,-145
1767172217.0232382,-5,-4,-150
1767172217.0332382,-1,-3,-146
1767172217.0432382,-2,-2,-146
1767172217.0532382,-5,2,-132
1767172217.063238,-7,8,-133
1767172217.073238,-12,10,-128
1767172217.083238,-9,9,-126
1767172217.093238,-4,7,-132
1767172217.103238,-5,3,-132
1767172217.113238,-6,3,-141
1767172217.123238,-7,-1,-141
1767172217.133238,-5,-3,-140
1767172217.143238,0,-3,-143
1767172217.153238,-1,-2,-148
1767172217.163238,2,-4,-145
1767172217.173238,3,-4,-145
1767172217.1832385,1,-9,-144
1767172217.1932385,-1,-10,-144
1767172217.2032382,-2,-7,-139
1767172217.2132382,-6,-2,-143
1767172217.2232382,-10,0,-148
1767172217.2332382,-4,3,-152
1767172217.2432382,-4,0,-146
1767172217.2532382,-1,-4,-149
1767172217.2632382,-2,-3,-150
1767172217.2732382,-1,0,-154
1767172217.2832382,-3,0,-147
1767172217.2932382,-1,-1,-149
1767172217.3032382,0,-1,-145
1767172217.313238,-2,-2,-145
1767172217.323238,0,-3,-141
1767172217.333238,4,-2,-142
1767172217.343238,0,-1,-144
1767172217.353238,2,-1,-145
1767172217.363238,2,3,-141
1767172217.373238,4,0,-140
1767172217.383238,3,0,-138
1767172217.393238,3,0,-140
1767172217.403238,4,-2,-138
1767172217.413238,2,0,-147
1767172217.423238,1,-5,-148
1767172217.4332385,-1,-1,-147
1767172217.4432385,-1,0,-154
1767172217.4532382,0,1,-153
1767172217.4632382,2,0,-150
1767172217.4732382,2,1,-146
1767172217.4832382,-1,-5,-148
1767172217.4932382,-3,-6,-141
1767172217.5032382,-1,-8,-142
1767172217.5132382,-1,-4,-143
1767172217.5232382,0,-5,-143
1767172217.5332382,4,-3,-145
1767172217.5432382,-4,0,-140
1767172217.5532382,-3,0,-136
1767172217.563238,-2,0,-135
1767172217.573238,2,0,-138
1767172217.583238,0,0,-140
1767172217.593238,1,-1,-133
1767172217.603238,4,0,-140
1767172217.613238,4,0,-142
1767172217.623238,4,-1,-145
1767172217.633238,7,1,-142
1767172217.643238,7,0,-144
1767172217.653238,12,0,-144
1767172217.663238,7,-2,-147
1767172217.673238,3,-2,-140
1767172217.6832385,1,0,-143
1767172217.6932385,2,6,-138
1767172217.7032382,1,3,-136
1767172217.7132382,3,-2,-139
1767172217.7232382,3,-5,-144
1767172217.7332382,0,-8,-151
1767172217.7432382,0,-7,-153
1767172217.7532382,4,-2,-149
1767172217.7632382,6,-3,-148
1767172217.7732382,4,-3,-150
1767172217.7832382,2,-2,-151
1767172217.7932382,-2,0,-150
1767172217.8032382,-3,0,-152
1767172217.813238,-4,0,-149
1767172217.823238,-4,1,-142
1767172217.833238,0,2,-142
1767172217.843238,-1,0,-146
1767172217.853238,0,-5,-146
1767172217.863238,-2,-7,-145
1767172217.873238,-2,-6,-144
1767172217.883238,-1,-5,-146
1767172217.9052382,-4,-4,-142
1767172217.913238,-4,-6,-142
1767172217.923238,-4,-5,-141
1767172217.9332385,-6,-4,-139
1767172217.9432385,-1,-2,-134
1767172217.9532382,0,0,-137
1767172217.9632382,0,0,-137
1767172217.9732382,3,-4,-137
1767172217.9832382,0,-5,-134
1767172217.9932382,-2,-7,-135
1767172218.0032382,2,-7,-137
1767172218.0132382,1,-8,-142
1767172218.0232382,6,-7,-145
1767172218.0332382,5,1,-143
1767172218.0432382,4,0,-141
1767172218.0532382,0,0,-137
1767172218.063238,2,0,-136
1767172218.073238,6,0,-143
1767172218.083238,4,0,-148
1767172218.093238,1,2,-148
1767172218.103238,2,1,-143
1767172218.113238,0,2,-139
1767172218.123238,-2,5,-141
1767172218.133238,-4,3,-145
1767172218.143238,-6,1,-143
1767172218.153238,-6,-2,-139
1767172218.163238,-2,-4,-137
1767172218.173238,-4,-2,-137
1767172218.1832385,-4,0,-141
1767172218.1932385,-5,0,-146
1767172218.2032382,-5,-2,-145
1767172218.2132382,0,-1,-147
1767172218.2232382,0,2,-150
1767172218.2332382,4,0,-145
1767172218.2432382,6,0,-137
1767172218.2532382,8,-1,-144
1767172218.2632382,11,0,-143
1767172218.2732382,8,-1,-144
1767172218.2832382,6,0,-131
1767172218.2932382,3,-1,-134
1767172218.3032382,0,-2,-138
1767172218.313238,-3,-2,-142
1767172218.323238,-4,-2,-145
1767172218.333238,-4,0,-148
1767172218.343238,-5,0,-152
1767172218.353238,-3,-5,-151
1767172218.363238,-2,-6,-145
1767172218.373238,-4,-3,-143
1767172218.383238,2,0,-147
1767172218.393238,4,0,-148
1767172218.403238,2,-4,-143
1767172218.413238,0,-7,-146
1767172218.423238,-1,-5,-145
1767172218.4332385,-4,-6,-143
1767172218.4432385,-7,-4,-147
1767172218.4532382,-9,-4,-151
1767172218.4632382,-10,-2,-157
1767172218.4732382,-8,-1,-158
1767172218.4832382,-7,0,-156
1767172218.4932382,-5,0,-162
1767172218.5032382,-4,-4,-160
1767172218.5132382,2,-2,-154
1767172218.5232382,2,-1,-156
1767172218.5332382,0,0,-154
1767172218.5432382,0,0,-155
1767172218.5532382,0,-1,-159
1767172218.563238,0,-5,-155
1767172218.573238,0,0,-148
1767172218.583238,-1,-4,-145
1767172218.593238,-3,-7,-144
1767172218.6042385,-4,-6,-146
1767172218.613238,-3,-7,-145
1767172218.623238,-5,-4,-144
1767172218.6342382,-4,0,-145
1767172218.6442382,-3,1,-155
1767172218.6542382,-1,-3,-147
1767172218.6642382,-1,-5,-145
1767172218.6742382,-1,-6,-137
1767172218.6842382,0,-1,-145
1767172218.6942382,-4,-3,-144
1767172218.7042382,-7,-4,-143
1767172218.7142382,-11,-6,-144
1767172218.7242382,-11,-9,-141
1767172218.734238,-13,-6,-139
1767172218.744238,-9,-9,-144
1767172218.754238,-10,-5,-139
1767172218.764238,-7,-1,-141
1767172218.774238,-5,0,-139
1767172218.784238,-5,2,-142
1767172218.794238,-2,0,-146
1767172218.804238,0,-1,-150
1767172218.814238,3,0,-141
1767172218.824238,4,-1,-140
1767172218.834238,3,0,-145
1767172218.844238,2,3,-147
1767172218.8542385,5,6,-151
1767172218.8642385,5,6,-158
1767172218.8742385,6,0,-156
1767172218.8842382,0,3,-150
1767172218.8942382,-4,-1,-150
1767172218.9042382,-1,-2,-150
1767172218.9142382,0,-5,-146
1767172218.9242382,-3,-3,-142
1767172218.9342382,-1,-4,-141
1767172218.9442382,-2,0,-141
1767172218.9542382,-1,-2,-148
1767172218.9642382,-3,3,-146
1767172218.9742382,3,2,-146
1767172218.984238,1,0,-148
1767172218.994238,2,3,-150
1767172219.004238,1,0,-151
1767172219.014238,-2,2,-146
1767172219.024238,-4,3,-150
1767172219.034238,-5,1,-148
1767172219.044238,-5,0,-152
1767172219.054238,-8,0,-141
1767172219.064238,-6,0,-137
1767172219.074238,-7,1,-143
1767172219.084238,-5,0,-139
1767172219.094238,-8,0,-141
1767172219.1042385,0,2,-144
1767172219.1142385,1,0,-138
1767172219.1242385,0,0,-141
1767172219.1342382,1,3,-136
1767172219.1442382,1,6,-138
1767172219.1542382,1,5,-143
1767172219.1642382,-4,5,-144
1767172219.1742382,-4,1,-144
1767172219.1842382,-3,2,-149
1767172219.1942382,0,1,-146
1767172219.2042382,1,0,-149
1767172219.2142382,4,-3,-146
1767172219.2242382,3,-1,-143
1767172219.234238,0,1,-141
1767172219.244238,0,-1,-138
1767172219.254238,0,-4,-140
1767172219.264238,-2,-2,-143
1767172219.274238,-4,-1,-143
1767172219.284238,-2,0,-135
1767172219.294238,-1,-6,-144
1767172219.304238,-6,-9,-146
1767172219.314238,-8,-10,-139
1767172219.324238,-7,-5,-142
1767172219.334238,-12,-6,-145
1767172219.344238,-3,-5,-141
1767172219.3542385,-7,-6,-141
1767172219.3642385,-9,-4,-137
1767172219.3742385,-14,-8,-135
1767172219.3842382,-8,-4,-138
1767172219.3942382,-4,-4,-141
1767172219.4042382,0,-3,-144
1767172219.4142382,0,-4,-149
1767172219.4242382,0,-1,-149
1767172219.4342382,-2,-1,-149
1767172219.4442382,-1,-5,-151
1767172219.4542382,-7,-2,-156
1767172219.4642382,-8,-2,-156
1767172219.4742382,-8,-4,-149
1767172219.484238,-8,0,-136
1767172219.494238,-5,-1,-137
1767172219.504238,-7,1,-138
1767172219.514238,-7,0,-140
1767172219.524238,-4,-1,-138
1767172219.534238,-4,-1,-136
1767172219.544238,-2,-2,-137
1767172219.554238,-4,0,-140
1767172219.564238,0,0,-145
1767172219.574238,2,1,-149
1767172219.584238,5,1,-147
1767172219.594238,5,2,-149
1767172219.6042385,3,5,-144
1767172219.6142385,3,6,-139
1767172219.6242385,1,0,-146
1767172219.6342382,0,-2,-148
1767172219.6442382,0,-9,-148
1767172219.6542382,-3,-8,-148
1767172219.6642382,-4,-7,-144
1767172219.6742382,-4,-5,-146
1767172219.6842382,-4,-5,-140
1767172219.6942382,-6,-6,-136
1767172219.7042382,-6,-6,-142
1767172219.7142382,-6,-6,-141
1767172219.7242382,-2,-7,-145
1767172219.734238,1,-3,-144
1767172219.744238,4,0,-143
1767172219.754238,3,0,-145
1767172219.764238,3,-2,-141
1767172219.774238,3,-2,-140
1767172219.784238,3,2,-137
1767172219.794238,-1,0,-137
1767172219.804238,1,1,-134
1767172219.814238,2,-2,-139
1767172219.824238,3,-2,-132
1767172219.834238,0,0,-137
1767172219.844238,0,0,-145
1767172219.8542385,4,1,-146
1767172219.8642385,4,0,-144
1767172219.8742385,0,0,-138
1767172219.8842382,0,-3,-140
1767172219.8942382,0,-2,-137
1767172219.9042382,-3,-6,-136
1767172219.9142382,0,-8,-139
1767172219.9242382,1,-10,-137
1767172219.9342382,0,-9,-141
1767172219.9442382,1,-6,-143
1767172219.9542382,0,-6,-146
1767172219.9642382,3,-5,-151
1767172219.9742382,5,-8,-148
1767172219.984238,4,-8,-145
1767172219.994238,0,-4,-152
1767172220.004238,0,-1,-157
1767172220.014238,0,-1,-159
1767172220.024238,2,-1,-156
1767172220.034238,6,-3,-153
1767172220.044238,11,-5,-147
1767172220.054238,10,-1,-150
1767172220.064238,11,1,-147
1767172220.074238,8,2,-147
1767172220.084238,9,0,-147
1767172220.094238,7,0,-147
1767172220.1042385,2,-1,-152
1767172220.1142385,0,0,-152
1767172220.1242385,2,1,-157
1767172220.1342382,2,1,-156
1767172220.1442382,0,0,-153
1767172220.1542382,2,-3,-154
1767172220.1642382,3,-2,-157
1767172220.1742382,4,0,-160
1767172220.1842382,2,2,-157
1767172220.1942382,0,1,-158
1767172220.2042382,-2,1,-153
1767172220.2142382,-1,0,-155
1767172220.2242382,0,0,-155
1767172220.234238,-1,2,-155
1767172220.244238,-2,-2,-156
1767172220.254238,0,-3,-160
1767172220.264238,-4,-9,-155
1767172220.274238,-2,-6,-154
1767172220.284238,-4,-8,-156
1767172220.294238,-6,-6,-158
1767172220.304238,-8,-4,-154
1767172220.314238,-6,-4,-149
1767172220.324238,-4,-4,-149
1767172220.334238,-9,-8,-145
1767172220.344238,-8,-11,-137
1767172220.3542385,-6,-14,-143
1767172220.3642385,-2,-10,-138
1767172220.3742385,0,-5,-139
1767172220.3842382,-2,-2,-145
1767172220.3942382,2,-6,-141
1767172220.4042382,-1,-7,-144
1767172220.4142382,-4,-8,-148
1767172220.4242382,-6,-8,-146
1767172220.4342382,-7,-3,-146
1767172220.4442382,-6,1,-149
1767172220.4542382,-7,0,-150
1767172220.4642382,-4,0,-156
1767172220.4742382,4,0,-158
1767172220.484238,5,0,-151
1767172220.494238,5,1,-146
1767172220.504238,-2,0,-144
1767172220.514238,0,-4,-145
1767172220.524238,0,-4,-145
1767172220.534238,-1,-2,-143
1767172220.544238,0,3,-140
1767172220.554238,2,0,-143
1767172220.564238,5,-2,-152
1767172220.574238,5,0,-156
1767172220.584238,1,-3,-157
1767172220.594238,-1,-3,-153
1767172220.6042385,-1,-6,-154
1767172220.6142385,-1,-5,-154
1767172220.6242385,1,-2,-154
1767172220.6342382,-1,-2,-155
1767172220.6442382,0,-1,-149
1767172220.6542382,-2,-2,-141
1767172220.6642382,1,-1,-139
1767172220.6742382,-1,0,-137
1767172220.6842382,0,-6,-136
1767172220.6942382,-3,-3,-138
1767172220.7042382,-6,2,-138
1767172220.7142382,-5,0,-139
1767172220.7242382,-3,3,-143
1767172220.734238,-2,-1,-141
1767172220.744238,-5,-2,-143
1767172220.754238,-5,-5,-142
1767172220.764238,-6,-2,-146
1767172220.774238,-9,-4,-143
1767172220.784238,-3,-6,-137
1767172220.794238,-1,-2,-138
1767172220.804238,0,-5,-132
1767172220.814238,0,-1,-128
1767172220.824238,2,0,-128
1767172220.834238,3,-1,-128
1767172220.844238,6,1,-128
1767172220.8542385,4,0,-131
1767172220.8642385,2,0,-140
1767172220.8742385,-1,-6,-139
1767172220.8842382,-4,-4,-137
1767172220.8942382,-3,-5,-134
1767172220.9042382,-7,0,-139
1767172220.9142382,-6,1,-138
1767172220.9242382,-8,2,-138
1767172220.9342382,-4,2,-136
1767172220.9442382,2,-1,-141
1767172220.9542382,2,-5,-146
1767172220.9642382,0,-2,-150
1767172220.9742382,0,-2,-151
1767172220.984238,-3,1,-149
1767172220.994238,-1,2,-148
1767172221.004238,-4,3,-148
1767172221.014238,-6,2,-150
1767172221.024238,-7,2,-159
1767172221.034238,0,4,-160
1767172221.044238,0,3,-160
1767172221.054238,-2,5,-157
1767172221.064238,1,2,-153
1767172221.074238,-1,0,-150
1767172221.084238,-2,-1,-158
1767172221.094238,0,-7,-155
1767172221.1042385,-1,-10,-155
1767172221.1142385,0,-11,-152
1767172221.1242385,-4,-10,-149
1767172221.1342382,-4,-6,-148
1767172221.1452382,-2,0,-140
1767172221.1552382,1,5,-143
1767172221.1642382,0,3,-137
1767172221.175238,5,2,-136
1767172221.1842382,6,0,-142
1767172221.195238,9,1,-144
1767172221.205238,4,0,-141
1767172221.215238,3,2,-144
1767172221.225238,1,-2,-142
1767172221.235238,-1,-1,-144
1767172221.245238,-5,0,-143
1767172221.255238,-7,6,-145
1767172221.265238,-6,2,-143
1767172221.275238,-5,3,-142
1767172221.2852385,-4,-1,-144
1767172221.2952385,-1,-2,-141
1767172221.3052382,-5,-3,-135
1767172221.3152382,2,-1,-138
1767172221.3252382,5,2,-138
1767172221.3352382,3,1,-141
1767172221.3452382,5,0,-139
1767172221.3552382,7,2,-139
1767172221.3652382,8,1,-136
1767172221.3752382,9,-1,-134
1767172221.3852382,4,-4,-138
1767172221.3952382,0,-7,-138
1767172221.4052382,0,-7,-139
1767172221.415238,2,-3,-139
1767172221.425238,-1,-3,-144
1767172221.435238,-2,-4,-144
1767172221.445238,-4,-5,-146
1767172221.455238,-6,-5,-151
1767172221.465238,0,-5,-150
1767172221.475238,-3,0,-148
1767172221.485238,-3,-1,-149
1767172221.495238,-5,-1,-144
1767172221.505238,-4,-1,-146
1767172221.515238,-4,-2,-149
1767172221.525238,-4,-2,-147
1767172221.5352385,-4,-2,-153
1767172221.5452385,-4,-1,-155
1767172221.5552382,-2,-3,-148
1767172221.5652382,2,-1,-145
1767172221.5752382,0,-2,-145
1767172221.5852382,-2,-1,-146
1767172221.5952382,1,-4,-153
1767172221.6052382,1,-1,-152
1767172221.6152382,2,1,-147
1767172221.6252382,4,-4,-146
1767172221.6352382,2,-4,-139
1767172221.6452382,-1,-5,-142
1767172221.6552382,0,-8,-141
1767172221.665238,0,-9,-143
1767172221.675238,0,-9,-138
1767172221.685238,4,-10,-140
1767172221.695238,2,-12,-142
1767172221.705238,4,-10,-151
1767172221.715238,0,-8,-153
1767172221.725238,1,-6,-149
1767172221.735238,0,-4,-145
1767172221.745238,-5,-7,-141
1767172221.755238,-4,-4,-141
1767172221.765238,-5,-2,-138
1767172221.775238,-8,-1,-149
1767172221.7852385,-12,-4,-152
1767172221.7952385,-13,-5,-144
1767172221.8052382,-11,-4,-138
1767172221.8152382,-5,-2,-140
1767172221.8252382,-3,0,-140
1767172221.8352382,0,1,-139
1767172221.8452382,2,0,-136
1767172221.8552382,3,-2,-134
1767172221.8652382,3,0,-138
1767172221.8752382,3,-3,-144
1767172221.8852382,6,0,-140
1767172221.8952382,1,0,-142
1767172221.9052382,-1,0,-147
1767172221.915238,-6,-1,-141
1767172221.925238,-6,-2,-143
1767172221.935238,-5,1,-142
1767172221.945238,-6,0,-143
1767172221.955238,-10,-6,-140
1767172221.965238,-7,-5,-141
1767172221.975238,-6,-4,-141
1767172221.985238,-7,-5,-133
1767172221.995238,-7,-1,-134
1767172222.005238,-3,-2,-136
1767172222.015238,3,-6,-132
1767172222.025238,4,-7,-134
1767172222.0352385,3,-8,-133
1767172222.0452385,4,-6,-136
1767172222.0552382,2,-6,-140
1767172222.0652382,7,-2,-142
1767172222.0752382,6,0,-147
1767172222.0852382,4,0,-142
1767172222.0952382,5,-5,-148
1767172222.1052382,7,-7,-148
1767172222.1152382,9,-4,-148
1767172222.1252382,7,1,-147
1767172222.1352382,5,3,-140
1767172222.1452382,4,4,-141
1767172222.1552382,4,4,-147
1767172222.165238,1,2,-148
1767172222.175238,3,3,-151
1767172222.185238,5,-2,-149
1767172222.195238,6,-4,-151
1767172222.205238,8,1,-149
1767172222.215238,7,5,-150
1767172222.225238,8,1,-151
1767172222.235238,8,0,-147
1767172222.245238,5,1,-150
1767172222.255238,0,3,-151
1767172222.265238,-3,3,-149
1767172222.275238,-3,-4,-146
1767172222.2852385,-7,-3,-147
1767172222.2952385,-9,-1,-152
1767172222.3052382,-10,1,-143
1767172222.3152382,-7,3,-137
1767172222.3252382,-5,0,-144
1767172222.3352382,-5,-4,-145
1767172222.3452382,-7,-2,-152
1767172222.3552382,-7,-1,-140
1767172222.3652382,-1,0,-145
1767172222.3752382,0,-4,-149
1767172222.3852382,5,-2,-142
1767172222.3952382,4,-1,-141
1767172222.4052382,3,0,-136
1767172222.415238,0,0,-141
1767172222.425238,2,-3,-147
1767172222.435238,0,-6,-148
1767172222.445238,0,-6,-153
1767172222.455238,-3,-5,-156
1767172222.465238,-5,-2,-152
1767172222.475238,-6,-1,-149
1767172222.485238,-5,0,-153
1767172222.495238,-6,2,-148
1767172222.505238,-4,3,-145
1767172222.515238,-2,0,-148
1767172222.525238,0,-1,-146
1767172222.5352385,3,-2,-147
1767172222.5452385,3,-1,-144
1767172222.5552382,0,1,-145
1767172222.5652382,0,2,-140
1767172222.5752382,-3,2,-140
1767172222.5852382,-1,0,-146
1767172222.5952382,1,-4,-148
1767172222.6052382,5,-5,-138
1767172222.6152382,8,-4,-139
1767172222.6252382,8,-3,-139
1767172222.6352382,5,0,-143
1767172222.6452382,1,-3,-142
1767172222.6552382,-1,-5,-137
1767172222.665238,-1,-8,-141
1767172222.675238,0,-7,-142
1767172222.685238,-3,-8,-143
1767172222.695238,-9,-8,-141
1767172222.705238,-5,-5,-143
1767172222.715238,-3,-5,-146
1767172222.725238,-1,-5,-149
1767172222.735238,-1,-4,-150
1767172222.745238,-3,0,-148
1767172222.755238,-8,-2,-151
1767172222.765238,-8,-3,-152
1767172222.775238,-7,-1,-154
1767172222.7852385,-9,0,-148
1767172222.7952385,-9,1,-151
1767172222.8052382,-9,0,-149
1767172222.8152382,-6,0,-151
1767172222.8252382,0,0,-147
1767172222.8352382,-1,2,-150
1767172222.8452382,1,0,-150
1767172222.8552382,0,-2,-148
1767172222.8652382,-1,-5,-142
1767172222.8752382,0,-5,-140
1767172222.8852382,-1,-2,-140
1767172222.8952382,-5,2,-135
1767172222.916238,-5,2,-143
1767172222.925238,-7,2,-140
1767172222.935238,-9,0,-138
1767172222.945238,-7,0,-147
1767172222.955238,-10,-1,-144
1767172222.965238,-8,-3,-143
1767172222.975238,-6,-3,-136
1767172222.985238,-6,-6,-136
1767172222.995238,-6,-11,-143
1767172223.005238,-2,-10,-148
1767172223.015238,0,-5,-150
1767172223.025238,0,-4,-144
1767172223.0352385,-2,-4,-141
1767172223.0452385,1,-6,-145
1767172223.0552382,-3,-5,-148
1767172223.0652382,-1,-6,-150
1767172223.0752382,-1,-7,-144
1767172223.0852382,-2,-8,-141
1767172223.0952382,-4,-2,-138
1767172223.1052382,0,-3,-139
1767172223.1152382,-3,-3,-143
1767172223.1252382,-5,-3,-137
1767172223.1352382,-5,-4,-139
1767172223.1452382,-6,-10,-136
1767172223.1552382,-3,-10,-135
1767172223.165238,0,-7,-129
1767172223.175238,-1,-6,-136
1767172223.185238,0,-3,-141
1767172223.195238,1,-1,-142
1767172223.205238,2,-1,-145
1767172223.215238,-1,-2,-155
1767172223.225238,5,0,-160
1767172223.235238,5,0,-148
1767172223.245238,10,0,-139
1767172223.255238,7,-1,-140
1767172223.265238,2,4,-137
1767172223.275238,-3,5,-139
1767172223.2852385,-3,2,-132
1767172223.2952385,-8,4,-129
1767172223.3052382,-4,1,-128
1767172223.3152382,-5,2,-131
1767172223.3252382,-6,3,-136
1767172223.3352382,-8,1,-137
1767172223.3452382,-6,0,-145
1767172223.3552382,-6,-1,-147
1767172223.3652382,-5,0,-150
1767172223.3752382,-6,2,-153
1767172223.3852382,-6,3,-154
1767172223.3952382,-5,6,-151
1767172223.4052382,0,6,-147
1767172223.415238,0,3,-149
1767172223.425238,0,3,-148
1767172223.435238,2,3,-151
1767172223.445238,4,0,-146
1767172223.455238,1,-1,-140
1767172223.465238,2,0,-141
1767172223.475238,6,0,-143
1767172223.485238,6,4,-143
1767172223.495238,3,2,-143
1767172223.505238,2,0,-152
1767172223.515238,0,-2,-149
1767172223.525238,3,-2,-140
1767172223.5352385,1,-7,-143
1767172223.5452385,0,-4,-133
1767172223.5552382,1,-3,-136
1767172223.5652382,-3,-7,-137
1767172223.5752382,-1,-6,-142
1767172223.5852382,-3,-7,-144
1767172223.5952382,0,-10,-141
1767172223.6052382,-1,-8,-137
1767172223.6152382,-1,-2,-134
1767172223.6252382,-2,-2,-137
1767172223.6352382,-1,-2,-141
1767172223.6452382,-3,0,-140
1767172223.6552382,-9,-3,-141
1767172223.665238,-6,-1,-144
1767172223.675238,0,1,-136
1767172223.685238,0,4,-128
1767172223.696238,1,3,-131
1767172223.7062385,-2,1,-134
1767172223.7162385,0,3,-137
1767172223.7262385,-1,5,-136
1767172223.7362382,0,1,-139
1767172223.7462382,3,0,-139
1767172223.7562382,3,1,-146
1767172223.7662382,6,0,-147
1767172223.7762382,4,-1,-140
1767172223.7862382,2,0,-141
1767172223.7962382,2,0,-137
1767172223.8062382,1,4,-136
1767172223.8162382,-3,0,-136
1767172223.8262382,-3,1,-138
1767172223.836238,-1,1,-133
1767172223.846238,1,3,-143
1767172223.856238,4,-1,-136
1767172223.866238,4,0,-135
1767172223.876238,8,0,-138
1767172223.886238,10,0,-145
1767172223.896238,4,-2,-154
1767172223.906238,4,-2,-155
1767172223.916238,1,-5,-153
1767172223.926238,7,-4,-151
1767172223.936238,4,-3,-147
1767172223.946238,2,-4,-143
1767172223.9562385,3,-2,-139
1767172223.9662385,4,-3,-147
1767172223.9762385,4,-4,-144
1767172223.9862382,5,-4,-145
1767172223.9962382,2,-3,-142
1767172224.0062382,2,0,-146
1767172224.0162382,6,-2,-150
1767172224.0262382,2,-1,-139
1767172224.0362382,2,0,-132
1767172224.0462382,0,1,-131
1767172224.0562382,1,1,-129
1767172224.0662382,-6,4,-123
1767172224.0762382,-6,2,-126
1767172224.086238,-1,3,-130
1767172224.096238,1,1,-130
1767172224.106238,0,-2,-135
1767172224.116238,-1,-3,-139
1767172224.126238,-6,-1,-141
1767172224.136238,-4,0,-137
1767172224.146238,-7,1,-138
1767172224.156238,-7,1,-130
1767172224.166238,-6,0,-131
1767172224.176238,-6,-1,-134
1767172224.186238,-4,0,-135
1767172224.196238,-7,2,-136
1767172224.2062385,-5,3,-146
1767172224.2162385,-4,0,-146
1767172224.2262385,-5,0,-145
1767172224.2362382,-4,1,-149
1767172224.2462382,0,3,-146
1767172224.2562382,-1,2,-147
1767172224.2662382,-5,-1,-148
1767172224.2762382,-5,-3,-148
1767172224.2862382,-10,-2,-144
1767172224.2962382,-9,-9,-148
1767172224.3062382,-7,-6,-151
1767172224.3162382,-4,-3,-141
1767172224.3262382,-1,1,-141
1767172224.336238,1,2,-146
1767172224.346238,0,4,-146
1767172224.356238,0,1,-141
1767172224.366238,0,1,-128
1767172224.376238,0,0,-131
1767172224.386238,-3,0,-134
1767172224.396238,-6,0,-134
1767172224.406238,-1,3,-139
1767172224.416238,-2,2,-142
1767172224.426238,0,2,-139
1767172224.436238,-1,0,-133
1767172224.446238,0,-1,-136
1767172224.4562385,-3,-4,-129
1767172224.4662385,-4,-8,-138
1767172224.4762385,-7,-5,-143
1767172224.4862382,-7,-6,-142
1767172224.4962382,-2,-5,-139
1767172224.5062382,-1,-7,-135
1767172224.5162382,-2,-6,-132
1767172224.5262382,-2,-5,-133
1767172224.5362382,1,-4,-138
1767172224.5462382,1,-2,-136
1767172224.5562382,2,-6,-135
1767172224.5662382,2,-5,-137
1767172224.5762382,0,-6,-140
1767172224.586238,0,-5,-140
1767172224.596238,-2,-5,-135
1767172224.606238,1,-1,-140
1767172224.616238,0,-5,-146
1767172224.626238,0,-6,-148
1767172224.636238,0,-6,-151
1767172224.646238,2,-5,-150
1767172224.656238,0,-1,-147
1767172224.666238,0,-1,-145
1767172224.676238,-3,-3,-144
1767172224.686238,-1,-3,-138
1767172224.696238,0,-7,-136
1767172224.7062385,-2,-8,-140
1767172224.7162385,-2,-5,-140
1767172224.7262385,-1,-6,-133
1767172224.7362382,-4,-2,-139
1767172224.7462382,-1,-5,-139
1767172224.7562382,2,-6,-146
1767172224.7662382,0,-5,-144
1767172224.7762382,0,-3,-139
1767172224.7862382,2,-5,-138
1767172224.7962382,0,-3,-135
1767172224.8062382,-2,-1,-132
1767172224.8162382,-1,-2,-129
1767172224.8262382,0,0,-130
1767172224.836238,-2,0,-129
1767172224.846238,-1,-3,-131
1767172224.856238,0,-2,-135
1767172224.866238,3,0,-137
1767172224.876238,0,0,-134
1767172224.886238,-2,-1,-138
1767172224.896238,0,-2,-140
1767172224.906238,-1,-3,-146
1767172224.916238,1,-3,-143
1767172224.926238,-2,0,-146
1767172224.936238,-1,-1,-144
1767172224.946238,0,2,-135
1767172224.9562385,6,6,-135
1767172224.9662385,6,4,-135
1767172224.9762385,1,0,-138
1767172224.9862382,0,0,-143
1767172224.9962382,-3,2,-141
1767172225.0062382,0,2,-145
1767172225.0162382,0,8,-147
1767172225.0262382,0,4,-150
1767172225.0362382,-2,4,-151
1767172225.0462382,2,3,-147
1767172225.0562382,1,5,-142
1767172225.0662382,8,7,-141
1767172225.0762382,10,7,-146
1767172225.086238,6,5,-144
1767172225.096238,2,4,-148
1767172225.106238,4,5,-144
1767172225.116238,3,2,-146
1767172225.126238,1,0,-145
1767172225.136238,0,-1,-153
1767172225.146238,4,-1,-151
1767172225.156238,4,1,-148
1767172225.166238,-1,0,-143
1767172225.176238,0,-1,-148
1767172225.186238,1,0,-153
1767172225.196238,-1,-4,-148
1767172225.2062385,-1,-6,-148
1767172225.2162385,3,-2,-150
1767172225.2262385,-1,0,-146
1767172225.2362382,0,1,-147
1767172225.2462382,0,0,-144
1767172225.2562382,-2,-1,-139
1767172225.2662382,-7,-3,-138
1767172225.2762382,-7,-3,-135
1767172225.2862382,-7,0,-135
1767172225.2962382,-7,-1,-137
1767172225.3062382,-6,-1,-139
1767172225.3162382,-3,0,-140
1767172225.3262382,0,-1,-144
1767172225.336238,-5,0,-141
1767172225.346238,-6,-4,-139
1767172225.356238,-7,-7,-147
1767172225.366238,-5,-7,-146
1767172225.376238,-6,-6,-148
1767172225.386238,-6,-1,-143
1767172225.396238,-7,-3,-145
1767172225.406238,-7,-6,-139
1767172225.416238,-4,-7,-143
1767172225.426238,-7,-3,-143
1767172225.436238,-3,-4,-138
1767172225.446238,-4,-4,-135
1767172225.4562385,-3,-2,-136
1767172225.4662385,-2,-1,-143
1767172225.4762385,0,0,-145
1767172225.4862382,-2,2,-142
1767172225.4962382,-3,-1,-139
1767172225.5062382,-6,0,-138
1767172225.5162382,-2,0,-139
1767172225.5262382,0,1,-142
1767172225.5362382,-4,0,-146
1767172225.5462382,-7,-3,-146
1767172225.5562382,-7,-3,-146
1767172225.5662382,-9,-2,-149
1767172225.5762382,-7,-5,-149
1767172225.586238,-8,-4,-150
1767172225.596238,-2,-3,-147
1767172225.606238,0,0,-144
1767172225.616238,4,-3,-141
1767172225.626238,6,-3,-136
1767172225.636238,1,-4,-141
1767172225.646238,-1,-2,-144
1767172225.656238,-3,-3,-147
1767172225.666238,-2,-1,-152
1767172225.676238,-3,0,-154
1767172225.686238,-2,1,-152
1767172225.696238,-1,1,-145
1767172225.7062385,1,3,-143
1767172225.7162385,0,6,-143
1767172225.7262385,0,5,-141
1767172225.7362382,1,7,-148
1767172225.7462382,-2,8,-152
1767172225.7562382,-8,2,-148
1767172225.7662382,-7,3,-144
1767172225.7762382,-6,3,-142
1767172225.7862382,-2,2,-140
1767172225.7962382,-4,4,-142
1767172225.8062382,1,4,-142
1767172225.8162382,6,2,-143
1767172225.8262382,6,0,-139
1767172225.836238,6,-4,-137
1767172225.846238,3,-6,-131
1767172225.856238,3,-5,-127
1767172225.866238,0,-4,-125
1767172225.876238,0,-8,-131
1767172225.886238,-5,-5,-131
1767172225.896238,-4,-1,-128
1767172225.906238,-2,0,-133
1767172225.916238,1,-1,-141
1767172225.926238,0,-5,-141
1767172225.936238,0,-2,-144
1767172225.946238,-2,-1,-155
1767172225.9562385,-2,-1,-159
1767172225.9662385,0,-2,-164
1767172225.9762385,4,-2,-157
1767172225.9862382,1,-2,-155
1767172225.9962382,1,2,-154
1767172226.0062382,3,0,-150
1767172226.0162382,2,0,-147
1767172226.0262382,2,-2,-148
1767172226.0362382,7,-1,-153
1767172226.0462382,11,-5,-149
1767172226.0562382,9,-5,-143
1767172226.0662382,7,-2,-146
1767172226.0762382,4,0,-146
1767172226.086238,0,-6,-146
1767172226.096238,3,-7,-153
1767172226.106238,0,-7,-158
1767172226.116238,-1,-7,-161
1767172226.126238,-3,-8,-152
1767172226.136238,-1,-5,-153
1767172226.146238,-1,-5,-145
1767172226.156238,0,-7,-147
1767172226.166238,-1,-2,-148
1767172226.176238,0,-2,-152
1767172226.186238,-8,2,-146
1767172226.1972382,-9,0,-141
1767172226.2062385,-10,0,-137
1767172226.2162385,-4,-3,-135
1767172226.2262385,2,-6,-137
1767172226.2372382,2,-4,-138
1767172226.2472382,1,-3,-139
1767172226.2562382,1,-1,-139
1767172226.267238,3,0,-134
1767172226.277238,4,0,-140
1767172226.287238,6,-1,-133
1767172226.297238,6,1,-132
1767172226.307238,5,4,-138
1767172226.317238,0,5,-138
1767172226.327238,-1,1,-140
1767172226.337238,0,1,-154
1767172226.347238,0,2,-156
1767172226.357238,3,3,-154
1767172226.367238,7,-1,-152
1767172226.377238,10,-3,-155
1767172226.3872385,7,0,-157
1767172226.3972385,9,1,-149
1767172226.4072382,9,-2,-146
1767172226.4172382,6,-2,-140
1767172226.4272382,4,-2,-146
1767172226.4372382,2,-1,-149
1767172226.4472382,-1,1,-149
1767172226.4572382,-2,2,-147
1767172226.4672382,-5,0,-147
1767172226.4772382,-4,-3,-153
1767172226.4872382,-4,-2,-151
1767172226.4972382,-4,0,-144
1767172226.507238,0,1,-144
1767172226.517238,0,0,-137
1767172226.527238,0,-5,-130
1767172226.537238,-3,-5,-134
1767172226.547238,-5,-8,-138
1767172226.557238,-3,-9,-140
1767172226.567238,0,-8,-141
1767172226.577238,2,-5,-133
1767172226.587238,1,-4,-130
1767172226.597238,0,-6,-128
1767172226.607238,1,-1,-134
1767172226.617238,2,-4,-146
1767172226.627238,0,-3,-147
1767172226.6372385,-1,-1,-138
1767172226.6472385,0,-2,-138
1767172226.6572382,0,-3,-147
1767172226.6672382,-1,-5,-147
1767172226.6772382,0,-2,-141
1767172226.6872382,1,0,-143
1767172226.6972382,-2,-4,-147
1767172226.7072382,0,-2,-149
1767172226.7172382,6,2,-148
1767172226.7272382,6,3,-145
1767172226.7372382,3,0,-141
1767172226.7472382,4,0,-140
1767172226.757238,4,-2,-137
1767172226.767238,2,-4,-134
1767172226.777238,1,-1,-136
1767172226.787238,0,1,-136
1767172226.797238,2,3,-138
1767172226.807238,5,3,-134
1767172226.817238,4,1,-126
1767172226.827238,0,4,-127
1767172226.837238,0,-1,-128
1767172226.847238,0,0,-129
1767172226.857238,4,0,-134
1767172226.867238,3,0,-139
1767172226.877238,5,-3,-146
1767172226.8872385,5,-2,-145
1767172226.8972385,4,0,-146
1767172226.9072382,2,1,-146
1767172226.9172382,-4,5,-143
1767172226.9272382,-9,1,-146
1767172226.9372382,-5,0,-150
1767172226.9472382,-2,3,-155
1767172226.9572382,0,2,-155
1767172226.9672382,2,1,-154
1767172226.9772382,0,-2,-153
1767172226.9872382,-1,-2,-154
1767172226.9972382,-1,-6,-148
1767172227.007238,0,-5,-141
1767172227.017238,0,-6,-140
1767172227.027238,0,-3,-138
1767172227.037238,-5,-6,-138
1767172227.047238,-1,-7,-142
1767172227.057238,0,-6,-148
1767172227.067238,0,-3,-148
1767172227.077238,4,-1,-145
1767172227.087238,5,0,-146
1767172227.097238,8,-3,-135
1767172227.107238,2,-2,-135
1767172227.117238,1,-3,-137
1767172227.127238,-1,-2,-139
1767172227.1372385,-3,-1,-137
1767172227.1472385,-2,-4,-137
1767172227.1572382,0,-1,-141
1767172227.1672382,2,-3,-140
1767172227.1772382,1,-1,-131
1767172227.1872382,-1,0,-130
1767172227.1972382,-3,-4,-138
1767172227.2072382,0,-9,-137
1767172227.2172382,-3,-10,-146
1767172227.2272382,-3,-8,-147
1767172227.2372382,-3,-7,-153
1767172227.2472382,-4,-5,-150
1767172227.257238,-8,-3,-148
1767172227.267238,-9,-3,-151
1767172227.277238,-4,-3,-153
1767172227.287238,-5,-3,-150
1767172227.297238,-8,-2,-142
1767172227.307238,-5,-1,-138
1767172227.317238,-4,-1,-135
1767172227.327238,-5,-1,-130
1767172227.337238,-4,-2,-132
1767172227.347238,-5,0,-136
1767172227.357238,-3,2,-144
1767172227.367238,0,4,-143
1767172227.377238,1,2,-145
1767172227.3872385,0,1,-146
1767172227.3972385,5,-4,-147
1767172227.4072382,4,-6,-144
1767172227.4172382,3,-8,-140
1767172227.4272382,3,-6,-138
1767172227.4372382,7,-9,-141
1767172227.4472382,8,-12,-144
1767172227.4572382,4,-12,-142
1767172227.4672382,4,-7,-146
1767172227.4772382,1,-7,-149
1767172227.4872382,-2,-6,-143
1767172227.4972382,-3,-2,-149
1767172227.507238,-4,0,-150
1767172227.517238,2,1,-156
1767172227.527238,7,5,-155
1767172227.537238,10,1,-156
1767172227.547238,5,0,-159
1767172227.557238,3,0,-155
1767172227.567238,3,2,-155
1767172227.577238,5,1,-147
1767172227.587238,5,0,-145
1767172227.597238,3,-6,-143
1767172227.607238,3,-4,-143
1767172227.617238,4,-7,-155
1767172227.627238,5,-11,-154
1767172227.6372385,4,-4,-151
1767172227.6472385,0,0,-151
1767172227.6572382,2,4,-140
1767172227.6672382,2,3,-132
1767172227.6772382,-3,0,-139
1767172227.6872382,-3,0,-136
1767172227.6972382,-6,-1,-139
1767172227.7072382,-4,-3,-142
1767172227.7172382,-8,0,-141
1767172227.7272382,-10,-3,-147
1767172227.7372382,-11,0,-147
1767172227.7472382,-9,0,-147
1767172227.757238,-12,-1,-146
1767172227.767238,-5,-6,-147
1767172227.777238,-6,-2,-149
1767172227.787238,-8,-1,-152
1767172227.797238,-6,-1,-154
1767172227.807238,-10,0,-152
1767172227.817238,-10,-2,-151
1767172227.827238,-4,0,-147
1767172227.837238,0,-3,-142
1767172227.847238,-3,-3,-139
1767172227.857238,-5,-1,-136
1767172227.867238,-6,-1,-141
1767172227.877238,-3,0,-144
1767172227.8872385,-1,1,-151
1767172227.8972385,-5,0,-152
1767172227.9072382,-4,-1,-149
1767172227.9282382,-1,4,-146
1767172227.9372382,-1,2,-144
1767172227.9472382,-2,2,-143
1767172227.9572382,-5,1,-145
1767172227.9672382,-1,4,-145
1767172227.9772382,2,2,-137
1767172227.9872382,4,1,-135
1767172227.9972382,2,1,-140
1767172228.007238,0,1,-139
1767172228.017238,0,2,-134
1767172228.027238,-1,-2,-135
1767172228.037238,-3,-4,-132
1767172228.047238,-5,-3,-130
1767172228.057238,-5,-7,-139
1767172228.067238,-5,-6,-136
1767172228.077238,-9,-3,-136
1767172228.087238,-11,-4,-143
1767172228.097238,-7,-8,-145
1767172228.107238,-6,-8,-148
1767172228.117238,-5,-8,-145
1767172228.127238,-5,-7,-145
1767172228.1372385,-7,-7,-147
1767172228.1472385,-8,-4,-150
1767172228.1572382,-9,-4,-152
1767172228.1672382,-9,-4,-153
1767172228.1772382,-10,-8,-151
1767172228.1872382,-8,-5,-151
1767172228.1972382,-10,-1,-146
1767172228.2072382,-6,0,-147
1767172228.2172382,-6,4,-141
1767172228.2272382,-2,5,-139
1767172228.2372382,-2,5,-142
1767172228.2472382,-4,4,-137
1767172228.257238,-3,5,-135
1767172228.267238,-3,1,-133
1767172228.277238,0,-1,-139
1767172228.287238,-2,0,-140
1767172228.297238,-3,2,-145
1767172228.307238,-5,2,-145
1767172228.317238,-8,-1,-148
1767172228.327238,-12,0,-148
1767172228.337238,-14,-1,-151
1767172228.347238,-12,-1,-149
1767172228.357238,-7,-1,-145
1767172228.367238,-5,-4,-145
1767172228.377238,-6,-3,-135
1767172228.3872385,-5,-1,-132
1767172228.3972385,-5,-1,-134
1767172228.4072382,-6,-2,-132
1767172228.4172382,-7,-5,-138
1767172228.4272382,-5,-2,-142
1767172228.4372382,-2,-1,-141
1767172228.4472382,-1,0,-144
1767172228.4572382,-6,2,-137
1767172228.4672382,0,5,-134
1767172228.4772382,2,3,-136
1767172228.4872382,1,3,-135
1767172228.4972382,1,0,-136
1767172228.507238,7,1,-135
1767172228.517238,6,-1,-133
1767172228.527238,8,-1,-135
1767172228.537238,8,0,-140
1767172228.547238,4,0,-140
1767172228.557238,3,-2,-141
1767172228.567238,0,-3,-143
1767172228.577238,-1,-3,-142
1767172228.587238,0,-3,-143
1767172228.597238,-1,-1,-144
1767172228.607238,2,0,-145
1767172228.617238,7,-2,-147
1767172228.627238,5,-6,-146
1767172228.6372385,4,-8,-146
1767172228.6472385,4,-11,-146
1767172228.6572382,4,-7,-144
1767172228.6672382,5,-5,-142
1767172228.6772382,4,-1,-147
1767172228.6872382,5,-2,-151
1767172228.6972382,1,-5,-150
1767172228.7072382,-3,-2,-144
1767172228.7172382,0,-1,-147
1767172228.7272382,1,-2,-142
1767172228.7372382,1,-3,-143
1767172228.748238,1,-2,-141
1767172228.757238,4,0,-144
1767172228.768238,0,0,-150
1767172228.778238,1,-3,-154
1767172228.788238,1,-2,-149
1767172228.798238,3,-1,-149
1767172228.8082385,6,-2,-150
1767172228.8182385,3,-2,-148
1767172228.8282382,4,1,-149
1767172228.8382382,7,0,-151
1767172228.8482382,9,-1,-155
1767172228.8582382,10,-4,-151
1767172228.8682382,10,-9,-148
1767172228.8782382,10,-3,-147
1767172228.8882382,6,-2,-142
1767172228.8982382,3,0,-152
1767172228.9082382,2,0,-160
1767172228.9182382,0,0,-154
1767172228.9282382,-5,-2,-150
1767172228.938238,-4,0,-144
1767172228.948238,-2,3,-146
1767172228.958238,-3,-1,-146
1767172228.968238,-7,-4,-148
1767172228.978238,-8,-3,-150
1767172228.988238,-8,-4,-151
1767172228.998238,-1,-6,-143
1767172229.008238,-6,-2,-138
1767172229.018238,-2,0,-138
1767172229.028238,3,1,-133
1767172229.038238,8,4,-129
1767172229.048238,3,1,-134
1767172229.0582385,3,3,-137
1767172229.0682385,7,2,-144
1767172229.0782382,5,3,-146
1767172229.0882382,5,8,-147
1767172229.0982382,4,7,-147
1767172229.1082382,3,8,-148
1767172229.1182382,2,6,-153
1767172229.1282382,5,7,-150
1767172229.1382382,2,4,-148
1767172229.1482382,-1,3,-141
1767172229.1582382,-6,10,-140
1767172229.1682382,-6,11,-137
1767172229.1782382,-9,7,-138
1767172229.188238,-5,0,-138
1767172229.198238,0,0,-137
1767172229.208238,1,0,-137
1767172229.218238,-3,-1,-130
1767172229.228238,0,-8,-133
1767172229.238238,0,-11,-137
1767172229.248238,0,-10,-145
1767172229.258238,-1,-4,-149
1767172229.268238,3,1,-148
1767172229.278238,1,3,-149
1767172229.288238,0,-3,-153
1767172229.298238,1,-1,-145
1767172229.3082385,0,-4,-148
1767172229.3182385,-1,-4,-147
1767172229.3282382,-1,-1,-144
1767172229.3382382,-3,-2,-143
1767172229.3482382,2,-1,-143
1767172229.3582382,-1,-1,-147
1767172229.3682382,2,-2,-140
1767172229.3782382,4,4,-141
1767172229.3882382,4,2,-140
1767172229.3982382,3,-3,-146
1767172229.4082382,1,-3,-152
1767172229.4182382,-3,0,-142
1767172229.4282382,-5,-1,-149
1767172229.438238,-4,-1,-148
1767172229.448238,-1,1,-143
1767172229.458238,1,-4,-139
1767172229.468238,-2,-4,-140
1767172229.478238,-1,-5,-147
1767172229.488238,0,0,-149
1767172229.498238,-1,0,-141
1767172229.508238,3,0,-146
1767172229.518238,3,0,-143
1767172229.528238,0,2,-142
1767172229.538238,0,2,-143
1767172229.548238,3,-1,-141
1767172229.5582385,2,-4,-139
1767172229.5682385,1,-2,-143
1767172229.5782382,-1,0,-141
1767172229.5882382,-3,1,-141
1767172229.5982382,-1,-1,-142
1767172229.6082382,0,-2,-145
1767172229.6182382,0,-5,-145
1767172229.6282382,-1,-2,-149
1767172229.6382382,-2,-1,-148
1767172229.6482382,-1,-2,-144
1767172229.6582382,-1,0,-148
1767172229.6682382,-2,-2,-143
1767172229.6782382,0,-6,-144
1767172229.688238,0,-4,-143
1767172229.698238,-1,-5,-138
1767172229.708238,-1,-2,-140
1767172229.718238,0,-4,-145
1767172229.728238,0,-5,-143
1767172229.738238,2,-7,-147
1767172229.748238,2,-3,-138
1767172229.758238,0,-2,-142
1767172229.768238,1,-1,-142
1767172229.778238,0,0,-145
1767172229.7892382,-7,0,-143
1767172229.798238,-2,0,-144
1767172229.8082385,-4,0,-139
1767172229.8182385,-6,1,-140
1767172229.8282382,-6,0,-141
1767172229.8382382,-1,-2,-135
1767172229.8482382,-1,-3,-134
1767172229.8582382,-2,-5,-135
1767172229.8682382,-5,-2,-142
1767172229.8782382,-4,3,-144
1767172229.8882382,-5,5,-141
1767172229.8982382,-1,3,-138
1767172229.9082382,-1,2,-136
1767172229.9182382,-2,3,-135
1767172229.9282382,-1,-1,-137
1767172229.938238,-3,-2,-138
1767172229.948238,2,-2,-140
1767172229.958238,0,0,-141
1767172229.968238,1,1,-141
1767172229.978238,3,2,-145
1767172229.988238,4,-3,-147
1767172229.998238,0,-4,-144
1767172230.008238,0,-4,-139
1767172230.018238,0,-4,-137
1767172230.028238,-1,-4,-138
1767172230.038238,-7,0,-139
1767172230.048238,-6,-1,-143
1767172230.0582385,-6,-2,-144
1767172230.0682385,-6,-1,-135
1767172230.0782382,-1,-3,-134
1767172230.0882382,-2,-6,-143
1767172230.0982382,2,-6,-143
1767172230.1082382,1,-8,-142
1767172230.1182382,0,-9,-142
1767172230.1282382,5,-1,-136
1767172230.1382382,7,0,-137
1767172230.1482382,4,2,-142
1767172230.1582382,6,0,-139
1767172230.1682382,6,0,-147
1767172230.1782382,1,-3,-145
1767172230.188238,0,-3,-145
1767172230.198238,-1,0,-149
1767172230.208238,-2,0,-149
1767172230.218238,-2,0,-142
1767172230.228238,-4,-4,-145
1767172230.238238,1,-3,-150
1767172230.248238,2,-1,-148
1767172230.258238,5,-1,-143
1767172230.268238,2,0,-145
1767172230.278238,-2,-1,-144
1767172230.288238,-3,1,-142
1767172230.298238,-7,2,-144
1767172230.3082385,-4,4,-144
1767172230.3182385,-2,0,-148
1767172230.3282382,-1,2,-146
1767172230.3382382,0,0,-146
1767172230.3482382,1,0,-146
1767172230.3582382,0,1,-142
1767172230.3682382,5,-2,-141
1767172230.3782382,4,-6,-143
1767172230.3882382,8,-3,-142
1767172230.3982382,8,-4,-137
1767172230.4082382,2,0,-139
1767172230.4182382,-2,0,-140
1767172230.4282382,-11,-2,-138
1767172230.438238,-14,-5,-143
1767172230.448238,-12,-3,-148
1767172230.458238,-14,-1,-144
1767172230.468238,-7,-2,-144
1767172230.478238,-4,-1,-156
1767172230.488238,-3,0,-152
1767172230.498238,-1,2,-145
1767172230.508238,1,-3,-145
1767172230.518238,1,-5,-147
1767172230.528238,3,-7,-147
1767172230.538238,1,-4,-146
1767172230.548238,0,-4,-146
1767172230.5582385,1,-4,-144
1767172230.5682385,0,-5,-151
1767172230.5782382,1,-4,-152
1767172230.5882382,1,-4,-149
1767172230.5982382,5,-4,-142
1767172230.6082382,-5,-3,-141
1767172230.6182382,-4,-4,-140
1767172230.6282382,-5,-6,-139
1767172230.6382382,-1,-8,-135
1767172230.6482382,-1,-9,-132
1767172230.6582382,0,-3,-128
1767172230.6682382,0,-3,-132
1767172230.6782382,0,0,-132
1767172230.688238,0,-1,-140
1767172230.698238,0,1,-141
1767172230.708238,1,2,-146
1767172230.718238,0,0,-143
1767172230.728238,0,-1,-146
1767172230.738238,0,1,-144
1767172230.748238,-2,-2,-145
1767172230.758238,-1,-8,-144
1767172230.768238,-4,-9,-141
1767172230.778238,-1,-9,-136
1767172230.788238,0,-9,-139
1767172230.798238,3,-6,-135
1767172230.8082385,-2,-8,-139
1767172230.8182385,-2,-10,-136
1767172230.8282382,0,-8,-132
1767172230.8382382,-3,-12,-133
1767172230.8482382,0,-11,-131
1767172230.8582382,0,-8,-134
1767172230.8682382,-1,-6,-135
1767172230.8782382,1,-6,-135
1767172230.8882382,0,-3,-141
1767172230.8982382,1,-4,-147
1767172230.9082382,0,-3,-145
1767172230.9182382,6,0,-142
1767172230.9282382,3,1,-144
1767172230.938238,2,-5,-137
1767172230.948238,4,-2,-134
1767172230.958238,5,-2,-139
1767172230.968238,2,0,-143
1767172230.978238,0,1,-140
1767172230.988238,-5,1,-135
1767172230.998238,-9,6,-140
1767172231.008238,-7,7,-140
1767172231.018238,-3,3,-143
1767172231.028238,2,1,-143
1767172231.038238,6,0,-144
1767172231.048238,5,0,-143
1767172231.0582385,3,-3,-135
1767172231.0682385,4,-2,-136
1767172231.0782382,1,0,-132
1767172231.0882382,8,0,-133
1767172231.0982382,8,3,-141
1767172231.1082382,7,1,-146
1767172231.1182382,5,-3,-151
1767172231.1282382,4,-7,-149
1767172231.1382382,3,-7,-145
1767172231.1482382,2,0,-144
1767172231.1582382,5,0,-142
1767172231.1682382,0,5,-143
1767172231.1782382,-1,3,-144
1767172231.188238,1,2,-145
1767172231.198238,3,3,-144
1767172231.208238,1,3,-144
1767172231.218238,2,4,-144
1767172231.228238,3,1,-145
1767172231.238238,2,-2,-150
1767172231.248238,0,-4,-144
1767172231.258238,-2,-1,-140
1767172231.268238,-1,1,-145
1767172231.278238,-3,0,-145
1767172231.288238,0,2,-145
1767172231.2992382,1,-1,-146
1767172231.3082385,-2,-2,-142
1767172231.3192382,0,0,-137
1767172231.3292382,-1,-3,-141
1767172231.3392382,0,-7,-143
1767172231.3492382,1,-6,-144
1767172231.359238,2,-7,-138
1767172231.369238,3,-5,-142
1767172231.379238,5,-9,-142
1767172231.389238,5,-9,-148
1767172231.399238,5,-2,-149
1767172231.409238,3,-3,-145
1767172231.419238,2,-1,-147
1767172231.429238,1,0,-141
1767172231.439238,4,-1,-146
1767172231.449238,1,0,-144
1767172231.459238,0,0,-144
1767172231.469238,2,-1,-139
1767172231.4792385,4,0,-139
1767172231.4892385,6,-1,-136
1767172231.4992385,3,-3,-138
1767172231.5092382,-4,-1,-137
1767172231.5192382,-3,-1,-142
1767172231.5292382,-4,-2,-137
1767172231.5392382,-4,-3,-137
1767172231.5492382,-2,-2,-142
1767172231.5592382,0,-1,-138
1767172231.5692382,0,2,-139
1767172231.5792382,-1,0,-138
1767172231.5892382,1,-3,-135
1767172231.5992382,1,-4,-136
1767172231.609238,-3,-1,-137
1767172231.619238,0,-2,-138
1767172231.629238,-2,-2,-136
1767172231.639238,0,-3,-145
1767172231.649238,-3,-3,-141
1767172231.659238,-4,-1,-142
1767172231.669238,-2,0,-141
1767172231.679238,-5,-4,-139
1767172231.689238,-4,-7,-140
1767172231.699238,-5,-5,-143
1767172231.709238,-2,-6,-148
1767172231.719238,-2,-8,-147
1767172231.7292385,-3,-7,-145
1767172231.7392385,-4,-8,-145
1767172231.7492385,-6,-6,-140
1767172231.7592382,-3,-5,-139
1767172231.7692382,0,-6,-137
1767172231.7792382,-1,-4,-135
1767172231.7892382,0,-6,-135
1767172231.7992382,5,-3,-137
1767172231.8092382,4,-2,-141
1767172231.8192382,3,-5,-151
1767172231.8292382,0,-6,-150
1767172231.8392382,0,-7,-146
1767172231.8492382,5,-5,-152
1767172231.859238,5,-7,-148
1767172231.869238,7,-9,-148
1767172231.879238,3,-7,-146
1767172231.889238,-2,-7,-152
1767172231.899238,-2,-2,-147
1767172231.909238,0,-7,-139
1767172231.919238,2,-8,-144
1767172231.929238,0,-6,-144
1767172231.939238,-2,-6,-146
1767172231.949238,-4,-2,-146
1767172231.959238,-5,-2,-143
1767172231.969238,-2,-2,-140
1767172231.9792385,0,2,-132
1767172231.9892385,0,4,-137
1767172231.9992385,-1,5,-134
1767172232.0092382,0,2,-138
1767172232.0192382,-3,0,-138
1767172232.0292382,-3,-3,-140
1767172232.0392382,-2,-7,-143
1767172232.0492382,-3,-8,-142
1767172232.0592382,1,-8,-149
1767172232.0692382,0,-4,-147
1767172232.0792382,0,-6,-140
1767172232.0892382,0,-11,-140
1767172232.0992382,-5,-13,-140
1767172232.109238,-2,-12,-145
1767172232.119238,-1,-10,-142
1767172232.129238,-2,-6,-139
1767172232.139238,1,-8,-142
1767172232.149238,0,-6,-148
1767172232.159238,5,-4,-144
1767172232.169238,5,-3,-144
1767172232.179238,5,-5,-142
1767172232.189238,4,-6,-140
1767172232.199238,6,-3,-146
1767172232.209238,2,-4,-147
1767172232.219238,-1,-6,-145
1767172232.2292385,2,-6,-146
1767172232.2392385,1,-6,-145
1767172232.2492385,-1,-11,-145
1767172232.2592382,2,-7,-142
1767172232.2692382,-1,-9,-141
1767172232.2792382,-6,-12,-144
1767172232.2892382,-12,-9,-142
1767172232.2992382,-11,-7,-142
1767172232.3092382,-9,-7,-139
1767172232.3192382,-9,-8,-142
1767172232.3292382,-5,-5,-144
1767172232.3392382,0,-5,-148
1767172232.3492382,1,-8,-140
1767172232.359238,5,-7,-149
1767172232.369238,7,-6,-147
1767172232.379238,3,-7,-146
1767172232.389238,-1,-3,-145
1767172232.399238,0,-6,-140
1767172232.409238,0,-4,-142
1767172232.419238,0,0,-139
1767172232.429238,-3,3,-136
1767172232.439238,-2,3,-136
1767172232.449238,-1,5,-144
1767172232.459238,0,0,-147
1767172232.469238,1,-3,-146
1767172232.4792385,0,1,-146
1767172232.4892385,2,0,-149
1767172232.4992385,3,0,-150
1767172232.5092382,5,-4,-149
1767172232.5192382,4,-3,-147
1767172232.5292382,5,-5,-148
1767172232.5392382,-1,-3,-143
1767172232.5492382,-2,-8,-143
1767172232.5592382,-4,-6,-148
1767172232.5692382,-2,-8,-149
1767172232.5792382,-5,-5,-139
1767172232.5892382,-2,-8,-138
1767172232.5992382,-4,-9,-139
1767172232.609238,-4,-6,-134
1767172232.619238,-6,-1,-134
1767172232.629238,-8,0,-143
1767172232.639238,-5,0,-144
1767172232.649238,-7,-1,-148
1767172232.659238,-6,-4,-145
1767172232.669238,-6,-6,-142
1767172232.679238,-10,-7,-140
1767172232.689238,-9,-4,-140
1767172232.699238,-7,-4,-142
1767172232.709238,-5,-2,-138
1767172232.719238,-4,0,-136
1767172232.7292385,-6,-2,-135
1767172232.7392385,-6,-1,-135
1767172232.7492385,-8,-1,-130
1767172232.7592382,-3,-5,-132
1767172232.7692382,-1,-3,-136
1767172232.7792382,0,-9,-137
1767172232.7892382,-3,-12,-137
1767172232.7992382,2,-13,-136
1767172232.8092382,2,-10,-141
1767172232.8192382,2,-8,-141
1767172232.8292382,0,-7,-132
1767172232.8392382,-2,-9,-136
1767172232.8492382,0,-13,-137
1767172232.859238,2,-11,-145
1767172232.869238,0,-8,-151
1767172232.879238,-4,-6,-156
1767172232.889238,-5,-10,-153
1767172232.899238,-4,-10,-153
1767172232.909238,0,-10,-145
1767172232.919238,2,-7,-144
1767172232.9412382,1,-2,-143
1767172232.949238,1,0,-137
1767172232.959238,0,-2,-141
1767172232.969238,-4,0,-141
1767172232.9792385,1,-1,-138
1767172232.9892385,-3,-4,-132
1767172232.9992385,0,-2,-140
1767172233.0092382,-3,1,-149
1767172233.0192382,-1,2,-148
1767172233.0292382,-2,2,-151
1767172233.0392382,0,3,-154
1767172233.0492382,-3,4,-148
1767172233.0592382,-7,4,-152
1767172233.0692382,-8,1,-147
1767172233.0792382,-6,0,-149
1767172233.0892382,-7,2,-149
1767172233.0992382,-4,2,-155
1767172233.109238,-3,0,-152
1767172233.119238,-3,-2,-142
1767172233.129238,-2,-3,-144
1767172233.139238,-3,-6,-145
1767172233.149238,1,-6,-146
1767172233.159238,0,-5,-147
1767172233.169238,-3,-6,-149
1767172233.179238,-3,-7,-146
1767172233.189238,-1,-11,-144
1767172233.199238,-2,-11,-144
1767172233.209238,-2,-12,-147
1767172233.219238,-3,-10,-147
1767172233.2292385,-1,-10,-148
1767172233.2392385,-2,-7,-153
1767172233.2492385,0,-8,-147
1767172233.2592382,2,-8,-150
1767172233.2692382,3,-4,-149
1767172233.2792382,3,-7,-143
1767172233.2892382,5,-2,-145
1767172233.2992382,5,-3,-143
1767172233.3092382,8,-4,-141
1767172233.3192382,8,-2,-141
1767172233.3292382,8,-2,-140
1767172233.3392382,5,-2,-143
1767172233.3492382,0,-2,-142
1767172233.359238,-3,-3,-145
1767172233.369238,-2,-3,-145
1767172233.379238,-1,0,-145
1767172233.389238,-4,0,-148
1767172233.399238,0,3,-147
1767172233.409238,0,6,-144
1767172233.419238,0,5,-148
1767172233.429238,2,8,-146
1767172233.439238,0,4,-145
1767172233.449238,-4,5,-153
1767172233.459238,-4,2,-149
1767172233.469238,-7,0,-148
1767172233.4792385,-3,0,-145
1767172233.4892385,1,0,-140
1767172233.4992385,0,0,-143
1767172233.5092382,-3,-4,-148
1767172233.5192382,0,-3,-150
1767172233.5292382,0,-4,-150
1767172233.5392382,2,-9,-156
1767172233.5492382,8,-8,-150
1767172233.5592382,6,-5,-145
1767172233.5692382,3,-3,-140
1767172233.5792382,7,-1,-135
1767172233.5892382,4,0,-137
1767172233.5992382,-1,1,-133
1767172233.609238,-4,4,-137
1767172233.619238,-5,5,-139
1767172233.629238,-6,6,-138
1767172233.639238,-7,8,-140
1767172233.649238,-4,5,-137
1767172233.659238,0,6,-135
1767172233.669238,-3,6,-134
1767172233.679238,-2,1,-142
1767172233.689238,-1,2,-149
1767172233.699238,-6,4,-149
1767172233.709238,-5,4,-150
1767172233.719238,0,4,-148
1767172233.7292385,2,3,-147
1767172233.7392385,0,0,-146
1767172233.7492385,-1,-7,-146
1767172233.7592382,0,-9,-147
1767172233.7692382,1,-7,-152
1767172233.7792382,0,-5,-149
1767172233.7892382,0,-5,-150
1767172233.800238,3,-3,-152
1767172233.8092382,2,-1,-146
1767172233.8192382,6,-2,-146
1767172233.8292382,4,-1,-148
1767172233.840238,5,-1,-152
1767172233.8492382,6,-1,-148
1767172233.859238,5,0,-146
1767172233.870238,6,0,-143
1767172233.880238,5,-4,-147
1767172233.890238,6,-5,-148
1767172233.900238,4,-2,-138
1767172233.909238,2,-2,-138
1767172233.9202385,0,-3,-144
1767172233.9302382,0,0,-145
1767172233.9402382,0,-5,-145
1767172233.9502382,0,-9,-146
1767172233.9602382,2,-9,-146
1767172233.9702382,3,-4,-154
1767172233.9802382,0,-6,-151
1767172233.9902382,-3,0,-149
1767172234.0002382,-2,-2,-148
1767172234.0102382,-3,-4,-151
1767172234.0202382,-3,-3,-154
1767172234.0302382,-2,-1,-156
1767172234.040238,0,0,-148
1767172234.050238,-1,1,-142
1767172234.060238,-2,1,-133
1767172234.070238,-8,-3,-137
1767172234.080238,-10,-4,-141
1767172234.090238,-11,-4,-142
1767172234.100238,-9,-1,-143
1767172234.110238,-6,-2,-147
1767172234.120238,-5,-2,-147
1767172234.130238,-2,0,-149
1767172234.140238,-3,4,-145
1767172234.150238,-1,3,-140
1767172234.1602385,0,0,-146
1767172234.1702385,0,0,-143
1767172234.1802382,0,-2,-146
1767172234.1902382,6,-4,-145
1767172234.2002382,8,-3,-138
1767172234.2102382,6,-5,-142
1767172234.2202382,4,-8,-143
1767172234.2302382,2,-7,-140
1767172234.2402382,0,-1,-137
1767172234.2502382,-7,1,-138
1767172234.2602382,-6,2,-139
1767172234.2702382,-9,4,-145
1767172234.2802382,-7,3,-143
1767172234.290238,-3,0,-139
1767172234.300238,0,-4,-140
1767172234.310238,-4,-5,-145
1767172234.320238,0,-7,-140
1767172234.330238,-1,-6,-143
1767172234.340238,0,-2,-148
1767172234.350238,-3,-4,-145
1767172234.360238,5,-5,-147
1767172234.370238,9,-4,-147
1767172234.380238,7,-5,-146
1767172234.390238,9,-4,-152
1767172234.400238,5,-4,-146
1767172234.4102385,5,-6,-145
1767172234.4202385,9,-6,-134
1767172234.4302382,5,-5,-138
1767172234.4402382,5,0,-135
1767172234.4502382,-3,0,-143
1767172234.4602382,-10,1,-143
1767172234.4702382,-10,-1,-147
1767172234.4802382,-13,-2,-147
1767172234.4902382,-7,-1,-150
1767172234.5002382,0,-1,-152
1767172234.5102382,0,-2,-152
1767172234.5202382,0,0,-153
1767172234.5302382,-1,0,-150
1767172234.540238,-4,-1,-149
1767172234.550238,-1,1,-147
1767172234.560238,-5,0,-148
1767172234.570238,-4,-1,-144
1767172234.580238,-5,1,-142
1767172234.590238,-2,0,-147
1767172234.600238,0,0,-150
1767172234.610238,0,1,-152
1767172234.620238,-4,2,-140
1767172234.630238,-3,2,-140
1767172234.640238,-3,0,-144
1767172234.650238,-3,-2,-145
1767172234.6602385,0,-4,-145
1767172234.6702385,-1,-7,-147
1767172234.6802382,2,-5,-151
1767172234.6902382,1,-4,-149
1767172234.7002382,-4,-5,-151
1767172234.7102382,-3,-5,-152
1767172234.7202382,-5,0,-155
1767172234.7302382,-3,-2,-158
1767172234.7402382,-2,-4,-150
1767172234.7502382,1,-7,-153
1767172234.7602382,1,-9,-154
1767172234.7702382,1,-11,-146
1767172234.7802382,1,-9,-145
1767172234.790238,1,-9,-146
1767172234.800238,0,-9,-144
1767172234.810238,-1,-4,-139
1767172234.820238,3,-5,-141
1767172234.830238,5,-9,-144
1767172234.840238,10,-9,-145
1767172234.850238,4,-3,-144
1767172234.860238,1,-2,-147
1767172234.870238,2,-2,-146
1767172234.880238,0,-1,-148
1767172234.890238,-1,-2,-145
1767172234.900238,0,1,-140
1767172234.9102385,-1,1,-139
1767172234.9202385,-2,-3,-142
1767172234.9302382,-3,-2,-140
1767172234.9402382,-2,1,-145
1767172234.9502382,-5,2,-150
1767172234.9602382,-1,1,-155
1767172234.9702382,4,2,-152
1767172234.9802382,9,0,-155
1767172234.9902382,12,0,-154
1767172235.0002382,9,-2,-149
1767172235.0102382,8,0,-144
1767172235.0202382,6,0,-139
1767172235.0302382,0,1,-136
1767172235.040238,-2,-2,-132
1767172235.050238,-5,-2,-135
1767172235.060238,-3,-2,-137
1767172235.070238,0,-3,-131
1767172235.080238,0,-2,-131
1767172235.090238,-5,-2,-129
1767172235.100238,-7,-5,-130
1767172235.110238,-5,-2,-138
1767172235.120238,-2,-1,-141
1767172235.130238,2,0,-137
1767172235.140238,0,-4,-134
1767172235.150238,-5,-2,-139
1767172235.1602385,-8,-2,-143
1767172235.1702385,-11,-1,-139
1767172235.1802382,-7,-1,-137
1767172235.1902382,-7,0,-143
1767172235.2002382,-7,0,-141
1767172235.2102382,-6,0,-143
1767172235.2202382,-6,-1,-141
1767172235.2302382,-4,-5,-140
1767172235.2402382,-4,-6,-149
1767172235.2502382,-9,-3,-151
1767172235.2602382,-7,-4,-146
1767172235.2702382,-6,-2,-147
1767172235.2802382,-5,0,-153
1767172235.290238,-5,1,-151
1767172235.300238,-3,0,-153
1767172235.310238,-5,-2,-148
1767172235.320238,-3,1,-146
1767172235.330238,-5,-1,-142
1767172235.340238,-5,-3,-141
1767172235.350238,-7,-4,-139
1767172235.360238,-6,-6,-135
1767172235.370238,-1,-4,-137
1767172235.380238,-1,-3,-136
1767172235.390238,-1,-5,-139
1767172235.400238,4,-4,-146
1767172235.4102385,3,-3,-144
1767172235.4202385,0,-3,-141
1767172235.4302382,-1,-3,-142
1767172235.4402382,-1,-2,-142
1767172235.4502382,-2,-4,-139
1767172235.4602382,0,-8,-137
1767172235.4702382,0,-4,-136
1767172235.4802382,0,-5,-136
1767172235.4902382,-3,-6,-136
1767172235.5002382,-2,-6,-134
1767172235.5102382,2,-8,-135
1767172235.5202382,1,-7,-135
1767172235.5302382,0,-7,-133
1767172235.540238,1,-6,-134
1767172235.550238,-1,-6,-141
1767172235.560238,-2,-7,-143
1767172235.570238,-1,-5,-134
1767172235.580238,0,-6,-138
1767172235.590238,2,-6,-134
1767172235.600238,1,-7,-137
1767172235.610238,1,-7,-143
1767172235.620238,4,-5,-140
1767172235.630238,6,-10,-138
1767172235.640238,5,-13,-138
1767172235.650238,1,-8,-149
1767172235.6602385,-1,-4,-154
1767172235.6702385,1,-6,-146
1767172235.6802382,4,-6,-144
1767172235.6902382,3,-4,-144
1767172235.7002382,0,0,-143
1767172235.7102382,-2,1,-146
1767172235.7202382,-4,4,-154
1767172235.7302382,0,0,-162
1767172235.7402382,1,-2,-156
1767172235.7502382,1,-2,-157
1767172235.7602382,4,-1,-152
1767172235.7702382,6,-1,-151
1767172235.7802382,6,-7,-153
1767172235.790238,6,-5,-151
1767172235.800238,6,-5,-147
1767172235.810238,4,-1,-143
1767172235.820238,0,-1,-138
1767172235.830238,-2,0,-144
1767172235.840238,0,0,-154
1767172235.850238,3,0,-145
1767172235.860238,4,1,-135
1767172235.870238,6,2,-133
1767172235.880238,4,1,-137
1767172235.890238,0,1,-141
1767172235.900238,-3,0,-140
1767172235.9102385,0,0,-144
1767172235.9202385,-4,-3,-151
1767172235.9302382,-3,-2,-150
1767172235.9402382,-4,-4,-156
1767172235.9502382,1,-4,-144
1767172235.9602382,0,-3,-144
1767172235.9702382,-3,-2,-134
1767172235.9802382,-3,-5,-134
1767172235.9902382,-2,-5,-139
1767172236.0002382,0,-6,-143
1767172236.0102382,0,-9,-141
1767172236.0202382,-1,-7,-142
1767172236.0302382,0,-1,-145
1767172236.040238,0,-3,-145
1767172236.050238,0,-1,-144
1767172236.060238,0,-1,-143
1767172236.070238,2,-4,-139
1767172236.080238,1,-4,-142
1767172236.090238,2,-4,-138
1767172236.100238,2,-6,-145
1767172236.110238,3,-5,-141
1767172236.120238,5,-5,-139
1767172236.130238,2,-2,-134
1767172236.140238,2,-1,-134
1767172236.150238,-3,-2,-137
1767172236.1602385,-1,-5,-139
1767172236.1702385,0,-7,-136
1767172236.1802382,1,-8,-139
1767172236.1902382,-1,-10,-139
1767172236.2002382,1,-9,-142
1767172236.2102382,4,-6,-145
1767172236.2202382,4,0,-143
1767172236.2302382,0,1,-139
1767172236.2402382,3,1,-137
1767172236.2502382,4,-2,-137
1767172236.2602382,3,-6,-143
1767172236.2702382,0,-7,-140
1767172236.2802382,-3,-3,-138
1767172236.290238,-4,3,-146
1767172236.300238,-4,3,-147
1767172236.310238,-6,6,-144
1767172236.320238,-4,2,-146
1767172236.330238,-2,0,-141
1767172236.340238,-2,-4,-150
1767172236.3512385,-4,-7,-142
1767172236.360238,-4,-2,-142
1767172236.370238,-5,3,-136
1767172236.3812382,-6,5,-140
1767172236.3912382,-6,10,-146
1767172236.4012382,-12,9,-146
1767172236.4102385,-12,8,-147
1767172236.4212382,-11,9,-145
1767172236.4312382,-6,9,-152
1767172236.4412382,-4,4,-156
1767172236.4512382,-6,2,-156
1767172236.461238,-4,0,-160
1767172236.471238,-5,-2,-162
1767172236.481238,-3,-5,-164
1767172236.491238,-1,-5,-154
1767172236.501238,-6,-2,-156
1767172236.511238,-4,-4,-149
1767172236.521238,-1,-4,-146
1767172236.531238,-2,-6,-148
1767172236.541238,-2,-3,-143
1767172236.551238,-1,-5,-145
1767172236.561238,0,-4,-150
1767172236.571238,0,-2,-144
1767172236.5812385,0,-2,-143
1767172236.5912385,1,-4,-139
1767172236.6012385,-2,-1,-135
1767172236.6112382,0,-5,-135
1767172236.6212382,0,-2,-137
1767172236.6312382,-3,1,-145
1767172236.6412382,-1,0,-150
1767172236.6512382,0,-1,-154
1767172236.6612382,0,-2,-151
1767172236.6712382,0,-3,-153
1767172236.6812382,0,-4,-150
1767172236.6912382,0,-5,-147
1767172236.7012382,2,-6,-139
1767172236.711238,-1,-9,-134
1767172236.721238,0,-8,-143
1767172236.731238,0,-11,-137
1767172236.741238,-2,-12,-140
1767172236.751238,-1,-9,-144
1767172236.761238,-4,-6,-144
1767172236.771238,-3,-6,-140
1767172236.781238,-2,-1,-143
1767172236.791238,-3,-3,-143
1767172236.801238,-5,0,-149
1767172236.811238,0,1,-151
1767172236.821238,-2,-1,-148
1767172236.8312385,-2,0,-148
1767172236.8412385,-3,2,-145
1767172236.8512385,-3,3,-144
1767172236.8612382,-4,4,-138
1767172236.8712382,-3,2,-138
1767172236.8812382,-4,0,-133
1767172236.8912382,-3,-2,-138
1767172236.9012382,-1,-2,-141
1767172236.9112382,-5,-3,-142
1767172236.9212382,0,-6,-138
1767172236.9312382,0,-5,-139
1767172236.9412382,-8,-4,-137
1767172236.9512382,-12,0,-142
1767172236.961238,-12,-2,-146
1767172236.971238,-8,0,-147
1767172236.981238,-5,-1,-152
1767172236.991238,-3,0,-150
1767172237.001238,0,0,-140
1767172237.011238,1,2,-142
1767172237.021238,2,3,-143
1767172237.031238,3,3,-140
1767172237.041238,8,8,-147
1767172237.051238,4,8,-143
1767172237.061238,5,2,-134
1767172237.071238,8,1,-136
1767172237.0812385,9,-2,-140
1767172237.0912385,6,0,-142
1767172237.1012385,8,1,-139
1767172237.1112382,6,6,-138
1767172237.1212382,1,5,-137
1767172237.1312382,0,-1,-140
1767172237.1412382,0,-3,-145
1767172237.1512382,0,-5,-140
1767172237.1612382,-2,-2,-141
1767172237.1712382,-3,0,-134
1767172237.1812382,-1,3,-137
1767172237.1912382,-3,2,-134
1767172237.2012382,-2,2,-133
1767172237.211238,-3,1,-135
1767172237.221238,-1,0,-132
1767172237.231238,-1,-2,-136
1767172237.241238,-1,0,-139
1767172237.251238,0,1,-141
1767172237.261238,0,1,-139
1767172237.271238,3,1,-138
1767172237.281238,1,2,-149
1767172237.291238,5,-1,-148
1767172237.301238,9,7,-146
1767172237.311238,9,7,-144
1767172237.321238,8,3,-150
1767172237.3312385,2,-4,-157
1767172237.3412385,1,-1,-149
1767172237.3512385,-1,0,-146
1767172237.3612382,-5,5,-144
1767172237.3712382,-10,2,-146
1767172237.3812382,-8,1,-141
1767172237.3912382,-3,-2,-141
1767172237.4012382,0,-5,-146
1767172237.4112382,1,-2,-143
1767172237.4212382,0,0,-150
1767172237.4312382,-4,0,-151
1767172237.4412382,-10,-3,-149
1767172237.4512382,-8,-3,-146
1767172237.461238,-8,-4,-150
1767172237.471238,-4,0,-149
1767172237.481238,-1,0,-152
1767172237.491238,0,-1,-151
1767172237.501238,-3,0,-150
1767172237.511238,-4,1,-146
1767172237.521238,0,-1,-143
1767172237.531238,-7,-1,-144
1767172237.541238,-6,-3,-141
1767172237.551238,-7,-7,-147
1767172237.561238,-4,-7,-147
1767172237.571238,-2,-5,-148
1767172237.5812385,0,-6,-151
1767172237.5912385,1,-6,-151
1767172237.6012385,-1,-6,-148
1767172237.6112382,-1,-6,-153
1767172237.6212382,1,-5,-150
1767172237.6312382,1,-1,-145
1767172237.6412382,1,0,-144
1767172237.6512382,5,4,-148
1767172237.6612382,5,2,-150
1767172237.6712382,0,4,-147
1767172237.6812382,-1,1,-143
1767172237.6912382,-2,1,-136
1767172237.7012382,-2,1,-135
1767172237.711238,-2,1,-135
1767172237.721238,-1,-2,-141
1767172237.731238,-1,-4,-148
1767172237.741238,0,-4,-146
1767172237.751238,-1,-2,-142
1767172237.761238,-1,-1,-145
1767172237.771238,-3,-1,-150
1767172237.781238,1,-1,-149
1767172237.791238,2,-3,-147
1767172237.801238,2,-2,-148
1767172237.811238,3,2,-139
1767172237.821238,6,1,-144
1767172237.8312385,9,-2,-142
1767172237.8412385,6,0,-142
1767172237.8512385,2,0,-143
1767172237.8612382,1,-1,-142
1767172237.8712382,0,-1,-138
1767172237.8812382,3,-1,-148
1767172237.8912382,4,-3,-148
1767172237.9012382,5,-4,-143
1767172237.9112382,0,-5,-137
1767172237.9212382,0,-12,-140
1767172237.9312382,-1,-8,-144
1767172237.9532382,-3,0,-149
1767172237.961238,-7,-2,-154
1767172237.971238,-6,-3,-152
1767172237.981238,-4,-3,-152
1767172237.991238,-6,0,-146
1767172238.001238,-4,0,-141
1767172238.011238,-4,0,-135
1767172238.021238,0,-1,-132
1767172238.031238,-6,-2,-123
1767172238.041238,-6,-3,-127
1767172238.051238,-5,-5,-126
1767172238.061238,-5,-3,-130
1767172238.071238,-6,-1,-135
1767172238.0812385,-4,-1,-132
1767172238.0912385,-6,-2,-126
1767172238.1012385,-8,-1,-124
1767172238.1112382,-8,-1,-126
1767172238.1212382,-1,-3,-133
1767172238.1312382,-1,3,-144
1767172238.1412382,-5,4,-145
1767172238.1512382,-2,1,-145
1767172238.1612382,-4,0,-151
1767172238.1712382,-2,0,-149
1767172238.1812382,-3,2,-148
1767172238.1912382,-2,1,-150
1767172238.2012382,0,1,-149
1767172238.211238,-3,0,-148
1767172238.221238,-6,-4,-142
1767172238.231238,-7,-4,-145
1767172238.241238,-7,-6,-149
1767172238.251238,-4,-6,-145
1767172238.261238,-5,-7,-143
1767172238.271238,-3,-10,-138
1767172238.281238,-2,-4,-142
1767172238.291238,-1,1,-145
1767172238.301238,-2,-2,-143
1767172238.311238,3,-4,-149
1767172238.321238,2,-6,-156
1767172238.3312385,5,-6,-150
1767172238.3412385,9,-4,-144
1767172238.3512385,10,-1,-143
1767172238.3612382,6,-5,-144
1767172238.3712382,7,0,-142
1767172238.3812382,7,3,-139
1767172238.3912382,3,3,-133
1767172238.4012382,4,2,-130
1767172238.4112382,0,0,-136
1767172238.4212382,0,0,-136
1767172238.4312382,1,0,-133
1767172238.4412382,2,0,-132
1767172238.4512382,0,-2,-137
1767172238.461238,-9,0,-135
1767172238.471238,-10,0,-136
1767172238.481238,-7,-2,-138
1767172238.491238,-2,-6,-136
1767172238.501238,0,-4,-138
1767172238.511238,2,-1,-141
1767172238.521238,0,0,-139
1767172238.531238,4,0,-143
1767172238.541238,5,0,-145
1767172238.551238,6,0,-142
1767172238.561238,7,0,-149
1767172238.571238,6,-2,-147
1767172238.5812385,1,-1,-151
1767172238.5912385,5,0,-151
1767172238.6012385,1,0,-154
1767172238.6112382,-2,2,-147
1767172238.6212382,-2,6,-146
1767172238.6312382,0,5,-152
1767172238.6412382,-2,2,-151
1767172238.6512382,1,2,-157
1767172238.6612382,6,5,-153
1767172238.6712382,6,5,-153
1767172238.6812382,6,0,-151
1767172238.6912382,1,-3,-140
1767172238.7012382,1,-3,-140
1767172238.711238,2,-6,-139
1767172238.721238,2,-12,-143
1767172238.731238,0,-8,-144
1767172238.741238,3,-3,-142
1767172238.751238,0,1,-143
1767172238.761238,0,6,-148
1767172238.771238,-1,5,-146
1767172238.781238,-1,4,-143
1767172238.791238,-1,5,-142
1767172238.801238,-2,5,-144
1767172238.811238,-3,4,-145
1767172238.821238,-3,2,-140
1767172238.8312385,-1,-3,-144
1767172238.8412385,3,-2,-145
1767172238.8512385,0,-1,-150
1767172238.8612382,1,-4,-147
1767172238.8712382,0,-2,-141
1767172238.882238,2,2,-145
1767172238.8912382,0,1,-142
1767172238.9012382,-3,-2,-137
1767172238.9112382,-2,-6,-139
1767172238.922238,1,-4,-140
1767172238.932238,2,-4,-145
1767172238.942238,1,-5,-145
1767172238.952238,0,-1,-145
1767172238.961238,-5,0,-139
1767172238.972238,-5,0,-137
1767172238.982238,-6,-1,-147
1767172238.992238,-4,-1,-156
1767172239.002238,0,-2,-151
1767172239.0122385,0,0,-146
1767172239.0222385,0,-2,-141
1767172239.0322382,-1,0,-133
1767172239.0422382,-3,0,-126
1767172239.0522382,0,-2,-130
1767172239.0622382,0,-2,-133
1767172239.0722382,1,-4,-129
1767172239.0822382,-2,-4,-136
1767172239.0922382,-1,0,-137
1767172239.1022382,0,2,-138
1767172239.1122382,-6,4,-135
1767172239.1222382,-5,0,-133
1767172239.132238,-4,0,-135
1767172239.142238,-2,0,-143
1767172239.152238,-8,1,-146
1767172239.162238,-7,2,-147
1767172239.172238,-4,3,-141
1767172239.182238,0,0,-145
1767172239.192238,-2,1,-145
1767172239.202238,0,-1,-143
1767172239.212238,-3,-1,-143
1767172239.222238,-4,-2,-138
1767172239.232238,-2,-6,-137
1767172239.242238,-4,-2,-140
1767172239.252238,0,4,-146
1767172239.2622385,2,4,-147
1767172239.2722385,-2,1,-149
1767172239.2822382,-5,2,-144
1767172239.2922382,-5,-4,-139
1767172239.3022382,-5,-4,-138
1767172239.3122382,-1,-3,-140
1767172239.3222382,0,-4,-135
1767172239.3322382,1,-3,-135
1767172239.3422382,3,-2,-139
1767172239.3522382,7,-3,-137
1767172239.3622382,5,0,-141
1767172239.3722382,4,-3,-144
1767172239.382238,1,-4,-145
1767172239.392238,1,-8,-139
1767172239.402238,-2,-9,-141
1767172239.412238,-6,-13,-143
1767172239.422238,-6,-13,-148
1767172239.432238,-7,-8,-148
1767172239.442238,-5,-6,-151
1767172239.452238,-2,-4,-151
1767172239.462238,-3,-5,-147
1767172239.472238,0,-4,-140
1767172239.482238,5,-7,-136
1767172239.492238,2,-8,-138
1767172239.502238,-2,-6,-136
1767172239.5122385,1,-4,-132
1767172239.5222385,5,-1,-139
1767172239.5322382,5,0,-141
1767172239.5422382,9,-1,-145
1767172239.5522382,5,-9,-151
1767172239.5622382,7,-14,-146
1767172239.5722382,1,-12,-146
1767172239.5822382,0,-11,-147
1767172239.5922382,0,-8,-144
1767172239.6022382,1,-9,-138
1767172239.6122382,-3,-9,-133
1767172239.6222382,-5,-7,-129
1767172239.632238,-9,-7,-127
1767172239.642238,-7,-5,-134
1767172239.652238,-9,-3,-142
1767172239.662238,-9,-1,-136
1767172239.672238,-7,2,-131
1767172239.682238,-3,2,-133
1767172239.692238,0,-1,-133
1767172239.702238,2,0,-136
1767172239.712238,3,1,-142
1767172239.722238,4,0,-143
1767172239.732238,7,0,-134
1767172239.742238,7,0,-135
1767172239.752238,6,3,-137
1767172239.7622385,3,4,-140
1767172239.7722385,-3,4,-137
1767172239.7822382,-1,0,-138
1767172239.7922382,-4,0,-142
1767172239.8022382,-2,0,-145
1767172239.8122382,-1,-1,-137
1767172239.8222382,-2,0,-137
1767172239.8322382,2,-2,-139
1767172239.8422382,3,-6,-138
1767172239.8522382,3,-4,-135
1767172239.8622382,4,-5,-135
1767172239.8722382,0,-2,-132
1767172239.882238,-1,1,-132
1767172239.892238,-5,-2,-129
1767172239.902238,-7,-2,-135
1767172239.912238,-5,-6,-143
1767172239.922238,-5,-6,-152
1767172239.932238,-3,-1,-150
1767172239.942238,-2,-3,-153
1767172239.952238,-1,-3,-158
1767172239.962238,3,-3,-158
1767172239.972238,-2,-6,-154
1767172239.982238,-5,-5,-151
1767172239.992238,0,-1,-151
1767172240.002238,1,0,-151
1767172240.0122385,5,0,-156
1767172240.0222385,5,-1,-152
1767172240.0322382,0,0,-146
1767172240.0422382,0,1,-150
1767172240.0522382,1,2,-149
1767172240.0622382,0,1,-145
1767172240.0722382,0,0,-140
1767172240.0822382,1,0,-135
1767172240.0922382,0,0,-137
1767172240.1022382,1,1,-133
1767172240.1122382,2,2,-137
1767172240.1222382,4,2,-146
1767172240.132238,2,-1,-144
1767172240.142238,0,-4,-143
1767172240.152238,-1,-7,-149
1767172240.162238,-2,-2,-148
1767172240.172238,-7,-3,-142
1767172240.182238,-6,-3,-142
1767172240.192238,-2,-7,-140
1767172240.202238,0,-5,-139
1767172240.212238,-1,-3,-138
1767172240.222238,0,-3,-138
1767172240.232238,5,1,-136
1767172240.242238,5,0,-140
1767172240.252238,0,0,-142
1767172240.2622385,2,-3,-148
1767172240.2722385,3,0,-147
1767172240.2822382,0,0,-143
1767172240.2922382,-1,1,-144
1767172240.3022382,-4,0,-139
1767172240.3122382,-2,2,-141
1767172240.3222382,0,4,-138
1767172240.3322382,6,3,-137
1767172240.3422382,5,6,-140
1767172240.3522382,-2,3,-139
1767172240.3622382,-8,4,-136
1767172240.3722382,-10,6,-140
1767172240.382238,-10,6,-150
1767172240.392238,-8,10,-149
1767172240.402238,-2,5,-154
1767172240.412238,-1,1,-149
1767172240.422238,1,-2,-149
1767172240.432238,4,-6,-144
1767172240.442238,1,-3,-141
1767172240.452238,1,0,-143
1767172240.462238,1,0,-140
1767172240.472238,-3,0,-143
1767172240.482238,-3,1,-142
1767172240.492238,-6,5,-141
1767172240.502238,-7,5,-142
1767172240.5122385,-8,3,-142
1767172240.5222385,-4,3,-145
1767172240.5322382,-4,3,-147
1767172240.5422382,-4,2,-147
1767172240.5522382,0,0,-145
1767172240.5622382,1,-1,-137
1767172240.5722382,2,-4,-138
1767172240.5822382,1,-8,-142
1767172240.5922382,-1,-3,-146
1767172240.6022382,-1,-3,-151
1767172240.6122382,-4,-6,-149
1767172240.6222382,-1,-10,-151
1767172240.632238,-2,-14,-149
1767172240.642238,-4,-11,-148
1767172240.652238,-3,-10,-149
1767172240.662238,-1,-10,-143
1767172240.672238,3,-9,-144
1767172240.682238,2,-10,-140
1767172240.692238,-5,-10,-131
1767172240.702238,-7,-9,-123
1767172240.712238,-8,-7,-133
1767172240.722238,-7,-8,-133
1767172240.732238,-4,-9,-136
1767172240.742238,-5,-7,-135
1767172240.752238,-5,-6,-142
1767172240.7622385,-5,-7,-140
1767172240.7722385,0,-4,-135
1767172240.7822382,2,-3,-132
1767172240.7922382,2,-1,-136
1767172240.8022382,1,0,-141
1767172240.8122382,5,-1,-146
1767172240.8222382,3,0,-148
1767172240.8322382,-3,1,-140
1767172240.8422382,-5,0,-139
1767172240.8522382,-6,0,-135
1767172240.8622382,-5,-3,-128
1767172240.8722382,-3,-3,-131
1767172240.882238,-3,0,-135
1767172240.892238,-5,-3,-141
1767172240.902238,-7,-4,-145
1767172240.912238,-7,-8,-142
1767172240.922238,-2,-10,-143
1767172240.932238,-2,-11,-146
1767172240.942238,0,-2,-146
1767172240.952238,-2,-4,-147
1767172240.962238,-3,0,-148
1767172240.972238,-5,-1,-143
1767172240.982238,-7,-4,-142
1767172240.992238,-2,-1,-139
1767172241.002238,0,-1,-143
1767172241.0122385,-1,1,-137
1767172241.0222385,-3,1,-140
1767172241.0322382,-2,2,-139
1767172241.0422382,-5,1,-134
1767172241.0522382,-4,-1,-134
1767172241.0622382,-7,-2,-136
1767172241.0722382,-6,-1,-142
1767172241.0822382,-4,0,-146
1767172241.0922382,-1,3,-153
1767172241.1022382,0,4,-148
1767172241.1122382,1,1,-149
1767172241.1222382,0,-4,-148
1767172241.132238,-3,-5,-149
1767172241.142238,0,-3,-146
1767172241.152238,-2,-3,-155
1767172241.162238,0,-3,-159
1767172241.172238,3,-3,-157
1767172241.182238,0,-1,-148
1767172241.192238,0,1,-149
1767172241.202238,5,-3,-153
1767172241.212238,0,-5,-151
1767172241.222238,2,-9,-146
1767172241.232238,6,-10,-151
1767172241.242238,5,-11,-156
1767172241.252238,5,-8,-155
1767172241.2622385,9,-10,-150
1767172241.2722385,7,-10,-152
1767172241.2822382,8,-8,-149
1767172241.2922382,6,-3,-144
1767172241.3022382,4,-2,-144
1767172241.3122382,2,-2,-144
1767172241.3222382,3,-1,-149
1767172241.3322382,4,-5,-146
1767172241.3422382,2,-8,-140
1767172241.3522382,4,-7,-142
1767172241.3622382,4,-4,-146
1767172241.3722382,5,0,-149
1767172241.382238,7,-2,-139
1767172241.392238,8,-6,-132
1767172241.402238,7,-3,-136
1767172241.412238,4,-5,-139
1767172241.423238,2,-5,-136
1767172241.432238,1,-2,-144
1767172241.442238,1,-3,-148
1767172241.452238,4,-3,-145
1767172241.4632382,3,-2,-142
1767172241.4732382,4,-1,-146
1767172241.4832382,2,-2,-146
1767172241.492238,2,-3,-145
1767172241.5032382,3,0,-141
1767172241.5132382,7,-4,-142
1767172241.5232382,1,-4,-144
1767172241.5332382,0,-2,-143
1767172241.5432382,0,-8,-143
1767172241.5532382,0,-9,-145
1767172241.563238,-4,-4,-142
1767172241.573238,-8,0,-143
1767172241.583238,-6,-2,-144
1767172241.593238,-7,-4,-144
1767172241.603238,-13,-7,-141
1767172241.613238,-11,-10,-143
1767172241.623238,-5,-8,-142
1767172241.633238,1,-4,-134
1767172241.643238,0,0,-129
1767172241.653238,-1,1,-125
1767172241.663238,-3,0,-129
1767172241.673238,-3,-2,-137
1767172241.6832385,-1,-5,-140
1767172241.6932385,1,-3,-140
1767172241.7032382,-2,-2,-141
1767172241.7132382,0,-5,-147
1767172241.7232382,1,-4,-147
1767172241.7332382,0,-2,-148
1767172241.7432382,0,-2,-146
1767172241.7532382,-1,-6,-144
1767172241.7632382,-2,-3,-146
1767172241.7732382,1,-3,-140
1767172241.7832382,3,-3,-149
1767172241.7932382,3,-7,-145
1767172241.8032382,1,-7,-150
1767172241.813238,2,-6,-144
1767172241.823238,4,-11,-143
1767172241.833238,6,-11,-147
1767172241.843238,5,-7,-148
1767172241.853238,6,-8,-145
1767172241.863238,0,-10,-144
1767172241.873238,0,-10,-146
1767172241.883238,-1,-8,-146
1767172241.893238,-2,-7,-142
1767172241.903238,-5,-4,-144
1767172241.913238,-7,-3,-146
1767172241.923238,-3,-7,-142
1767172241.9332385,-1,0,-143
1767172241.9432385,0,-1,-146
1767172241.9532382,0,0,-146
1767172241.9632382,-1,2,-150
1767172241.9732382,0,0,-146
1767172241.9832382,0,-3,-143
1767172241.9932382,0,-8,-142
1767172242.0032382,0,-9,-147
1767172242.0132382,-4,-6,-146
1767172242.0232382,2,-8,-146
1767172242.0332382,5,-9,-147
1767172242.0432382,7,-7,-137
1767172242.0532382,3,-5,-137
1767172242.063238,7,-4,-137
1767172242.073238,0,-3,-137
1767172242.083238,-6,-4,-142
1767172242.093238,-4,-2,-136
1767172242.103238,-7,-4,-134
1767172242.113238,-8,-6,-137
1767172242.123238,-6,-1,-135
1767172242.133238,-7,-1,-135
1767172242.143238,-4,0,-136
1767172242.153238,-3,4,-140
1767172242.163238,-6,4,-149
1767172242.173238,-9,2,-153
1767172242.1832385,-12,3,-158
1767172242.1932385,-11,6,-161
1767172242.2032382,-6,0,-156
1767172242.2132382,-7,2,-155
1767172242.2232382,-7,5,-149
1767172242.2332382,-7,7,-141
1767172242.2432382,-9,5,-141
1767172242.2532382,-8,-1,-143
1767172242.2632382,-8,0,-147
1767172242.2732382,-4,0,-152
1767172242.2832382,-4,0,-142
1767172242.2932382,-6,-1,-139
1767172242.3032382,-3,-1,-141
1767172242.313238,0,0,-149
1767172242.323238,-1,-2,-152
1767172242.333238,-4,-2,-151
1767172242.343238,-4,-4,-152
1767172242.353238,-5,-4,-154
1767172242.363238,1,-4,-153
1767172242.373238,3,-2,-149
1767172242.383238,-2,-2,-147
1767172242.393238,-3,-4,-148
1767172242.403238,-2,-8,-149
1767172242.413238,2,-5,-144
1767172242.423238,3,-4,-144
1767172242.4332385,1,-3,-147
1767172242.4432385,3,-1,-147
1767172242.4532382,5,-1,-147
1767172242.4632382,2,-3,-144
1767172242.4732382,-1,-1,-145
1767172242.4832382,-6,0,-149
1767172242.4932382,-2,-1,-147
1767172242.5032382,0,-2,-141
1767172242.5132382,-2,-5,-142
1767172242.5232382,-1,-7,-146
1767172242.5332382,2,-6,-147
1767172242.5432382,4,0,-148
1767172242.5532382,7,0,-146
1767172242.563238,5,1,-143
1767172242.573238,3,0,-141
1767172242.583238,-1,0,-137
1767172242.593238,-1,-4,-142
1767172242.603238,1,-6,-152
1767172242.613238,3,-6,-151
1767172242.623238,0,-3,-153
1767172242.633238,0,-5,-154
1767172242.643238,0,-6,-152
1767172242.653238,3,-2,-148
1767172242.663238,0,-2,-147
1767172242.673238,-3,-3,-142
1767172242.6832385,-5,-5,-146
1767172242.6932385,-4,-4,-147
1767172242.7032382,-5,-2,-145
1767172242.7132382,-8,-1,-146
1767172242.7232382,-4,1,-154
1767172242.7332382,-5,5,-158
1767172242.7432382,0,5,-160
1767172242.7532382,0,4,-158
1767172242.7632382,2,3,-152
1767172242.7732382,2,2,-149
1767172242.7832382,1,2,-151
1767172242.7932382,1,-1,-145
1767172242.8032382,0,-1,-143
1767172242.813238,-3,0,-146
1767172242.823238,-2,0,-148
1767172242.833238,0,2,-147
1767172242.843238,2,3,-153
1767172242.853238,0,5,-148
1767172242.863238,4,0,-147
1767172242.873238,1,-4,-149
1767172242.883238,4,-3,-146
1767172242.893238,1,-2,-142
1767172242.903238,0,0,-143
1767172242.913238,0,1,-140
1767172242.923238,0,2,-139
1767172242.9332385,0,1,-145
1767172242.9432385,0,0,-148
1767172242.965238,4,-2,-145
1767172242.9732382,3,-1,-148
1767172242.9832382,3,0,-147
1767172242.9932382,4,0,-145
1767172243.0032382,2,0,-147
1767172243.0132382,1,0,-150
1767172243.0232382,-2,4,-145
1767172243.0332382,-3,-1,-142
1767172243.0432382,0,-3,-143
1767172243.0532382,0,-2,-143
1767172243.063238,-6,-2,-139
1767172243.073238,-11,-3,-137
1767172243.083238,-9,-4,-141
1767172243.093238,-10,-1,-138
1767172243.103238,-9,1,-133
1767172243.113238,-7,0,-136
1767172243.123238,-10,-1,-143
1767172243.133238,-11,0,-148
1767172243.143238,-9,-2,-145
1767172243.153238,-4,-3,-145
1767172243.163238,-6,-6,-142
1767172243.173238,-2,-2,-147
1767172243.1832385,1,3,-150
1767172243.1932385,0,2,-156
1767172243.2042382,3,0,-149
1767172243.2132382,1,-1,-142
1767172243.2232382,0,-2,-147
1767172243.2332382,-1,-4,-143
1767172243.2432382,-2,-3,-143
1767172243.2532382,-1,-4,-143
1767172243.2632382,0,-2,-139
1767172243.2732382,3,-2,-138
1767172243.2832382,4,-2,-138
1767172243.2932382,2,-3,-141
1767172243.3032382,4,-6,-143
1767172243.313238,5,-3,-147
1767172243.323238,1,-3,-154
1767172243.333238,-2,-3,-153
1767172243.343238,-10,1,-144
1767172243.353238,-7,0,-149
1767172243.363238,-6,-1,-150
1767172243.373238,-3,1,-152
1767172243.383238,0,-2,-155
1767172243.393238,-2,-3,-154
1767172243.403238,0,-1,-157
1767172243.413238,2,-1,-157
1767172243.423238,0,-2,-152
1767172243.4332385,-2,-1,-151
1767172243.4432385,-1,0,-148
1767172243.4532382,2,0,-150
1767172243.4632382,0,-2,-148
1767172243.4732382,-3,0,-154
1767172243.4832382,0,-3,-155
1767172243.4932382,1,-3,-153
1767172243.5032382,2,-3,-148
1767172243.5132382,0,-3,-142
1767172243.5232382,0,-1,-139
1767172243.5332382,4,0,-142
1767172243.5432382,3,0,-146
1767172243.5532382,2,0,-144
1767172243.563238,2,-6,-144
1767172243.573238,6,-5,-140
1767172243.583238,5,4,-140
1767172243.593238,3,5,-141
1767172243.603238,-1,4,-138
1767172243.613238,-2,1,-138
1767172243.623238,-1,2,-137
1767172243.633238,0,0,-139
1767172243.643238,0,2,-138
1767172243.653238,1,0,-138
1767172243.663238,1,3,-138
1767172243.673238,5,5,-141
1767172243.6832385,1,2,-140
1767172243.6932385,-1,1,-144
1767172243.7032382,-1,-1,-148
1767172243.7132382,-1,-3,-140
1767172243.7232382,-1,0,-141
1767172243.7332382,-1,-6,-150
1767172243.7432382,0,-4,-143
1767172243.7532382,1,-4,-141
1767172243.7632382,4,-2,-142
1767172243.7732382,0,0,-147
1767172243.7832382,1,0,-145
1767172243.7932382,1,2,-141
1767172243.8032382,2,0,-141
1767172243.813238,2,1,-144
1767172243.823238,-1,0,-147
1767172243.833238,1,0,-148
1767172243.843238,3,-3,-149
1767172243.853238,2,-2,-155
1767172243.863238,1,-1,-151
1767172243.873238,2,2,-146
1767172243.883238,6,0,-145
1767172243.893238,2,-3,-137
1767172243.903238,1,-6,-136
1767172243.913238,1,-5,-141
1767172243.923238,0,-5,-138
1767172243.9332385,0,-2,-138
1767172243.9442382,3,0,-142
1767172243.9532382,-1,-1,-143
1767172243.9632382,-5,-2,-142
1767172243.9732382,-7,-5,-139
1767172243.9832382,-8,-2,-139
1767172243.994238,-7,-6,-151
1767172244.004238,-4,-3,-148
1767172244.014238,-6,-1,-139
1767172244.024238,-8,-1,-140
1767172244.034238,-11,-2,-140
1767172244.044238,-9,0,-142
1767172244.054238,-9,2,-135
1767172244.064238,-10,7,-135
1767172244.074238,-14,6,-136
1767172244.084238,-10,5,-136
1767172244.094238,-7,4,-135
1767172244.1042385,-10,3,-132
1767172244.1142385,-8,1,-133
1767172244.1242385,-7,0,-136
1767172244.1342382,-6,1,-139
1767172244.1442382,-2,2,-140
1767172244.1542382,-1,-1,-149
1767172244.1642382,-1,-4,-143
1767172244.1742382,-3,-4,-139
1767172244.1842382,-2,-2,-137
1767172244.1942382,-4,-2,-139
1767172244.2042382,-3,-3,-144
1767172244.2142382,-5,0,-141
1767172244.2242382,0,-2,-141
1767172244.234238,3,-2,-140
1767172244.244238,0,-2,-141
1767172244.254238,2,-3,-138
1767172244.264238,1,0,-138
1767172244.274238,-1,-5,-141
1767172244.284238,0,-5,-140
1767172244.294238,1,-6,-144
1767172244.304238,-2,0,-148
1767172244.314238,-1,-2,-156
1767172244.324238,-1,-1,-158
1767172244.334238,6,-2,-151
1767172244.344238,4,-4,-151
1767172244.3542385,7,-6,-147
1767172244.3642385,2,-7,-147
1767172244.3742385,0,-4,-143
1767172244.3842382,0,-2,-140
1767172244.3942382,2,-1,-141
1767172244.4042382,7,-1,-145
1767172244.4142382,8,1,-151
1767172244.4242382,10,1,-157
1767172244.4342382,8,2,-161
1767172244.4442382,4,3,-160
1767172244.4542382,5,3,-156
1767172244.4642382,5,0,-152
1767172244.4742382,5,-3,-144
1767172244.484238,4,-4,-149
1767172244.494238,1,-2,-145
1767172244.504238,6,-2,-143
1767172244.514238,2,-5,-141
1767172244.524238,1,-5,-140
1767172244.534238,3,-3,-140
1767172244.544238,1,0,-147
1767172244.554238,0,1,-140
1767172244.564238,0,0,-140
1767172244.574238,0,-4,-148
1767172244.584238,0,-2,-149
1767172244.594238,0,-1,-146
1767172244.6042385,-2,2,-143
1767172244.6142385,-1,1,-140
1767172244.6242385,0,2,-146
1767172244.6342382,-2,-2,-145
1767172244.6442382,-5,0,-139
1767172244.6542382,-6,2,-139
1767172244.6642382,-3,2,-130
1767172244.6742382,-1,-1,-122
1767172244.6842382,-1,-6,-130
1767172244.6942382,1,-4,-136
1767172244.7042382,3,-5,-132
1767172244.7142382,-1,-5,-139
1767172244.7242382,-7,-5,-138
1767172244.734238,-6,-5,-141
1767172244.744238,-3,-6,-145
1767172244.754238,0,-7,-141
1767172244.764238,2,-7,-143
1767172244.774238,4,-6,-139
1767172244.784238,1,-8,-140
1767172244.794238,0,-8,-142
1767172244.804238,-1,-5,-139
1767172244.814238,-2,-7,-143
1767172244.824238,-2,-3,-137
1767172244.834238,-3,-2,-137
1767172244.844238,-1,-1,-136
1767172244.8542385,2,0,-143
1767172244.8642385,2,0,-144
1767172244.8742385,3,2,-141
1767172244.8842382,-2,5,-144
1767172244.8942382,0,3,-145
1767172244.9042382,-1,3,-147
1767172244.9142382,0,1,-143
1767172244.9242382,-4,1,-144
1767172244.9342382,-5,0,-144
1767172244.9442382,-3,2,-142
1767172244.9542382,0,0,-138
1767172244.9642382,-2,-1,-135
1767172244.9742382,0,0,-140
1767172244.984238,0,-1,-140
1767172244.994238,1,2,-139
1767172245.004238,0,-1,-149
1767172245.014238,-5,-1,-149
1767172245.024238,-5,-3,-146
1767172245.034238,-4,-3,-147
1767172245.044238,-2,-4,-147
1767172245.054238,-8,-2,-141
1767172245.064238,-2,0,-135
1767172245.074238,-3,-1,-135
1767172245.084238,0,-2,-133
1767172245.094238,0,0,-138
1767172245.1042385,-2,0,-146
1767172245.1142385,-4,-1,-151
1767172245.1242385,-2,1,-153
1767172245.1342382,-3,2,-150
1767172245.1442382,-5,3,-146
1767172245.1542382,-3,-2,-146
1767172245.1642382,-4,-3,-138
1767172245.1742382,-5,0,-146
1767172245.1842382,-5,5,-145
1767172245.1942382,-4,0,-149
1767172245.2042382,-4,1,-152
1767172245.2142382,0,1,-148
1767172245.2242382,5,3,-150
1767172245.234238,0,3,-148
1767172245.244238,-2,0,-148
1767172245.254238,-1,2,-147
1767172245.264238,0,1,-147
1767172245.274238,1,0,-150
1767172245.284238,7,0,-151
1767172245.294238,8,5,-154
1767172245.304238,12,1,-152
1767172245.314238,10,-1,-146
1767172245.324238,2,0,-149
1767172245.334238,3,0,-146
1767172245.344238,-1,2,-150
1767172245.3542385,-5,3,-148
1767172245.3642385,-7,3,-147
1767172245.3742385,-8,1,-148
1767172245.3842382,-9,1,-154
1767172245.3942382,-5,-2,-153
1767172245.4042382,-4,-2,-151
1767172245.4142382,-3,0,-146
1767172245.4242382,-3,5,-142
1767172245.4342382,-5,2,-140
1767172245.4442382,-6,1,-138
1767172245.4542382,-4,1,-130
1767172245.4642382,0,2,-134
1767172245.4742382,-2,0,-130
1767172245.484238,-5,2,-128
1767172245.494238,-7,6,-130
1767172245.504238,0,1,-132
1767172245.514238,0,-1,-132
1767172245.524238,1,0,-135
1767172245.534238,0,3,-132
1767172245.544238,-2,3,-136
1767172245.554238,-5,2,-138
1767172245.564238,-3,0,-136
1767172245.574238,1,2,-139
1767172245.584238,3,3,-144
1767172245.594238,4,0,-145
1767172245.6042385,3,-1,-155
1767172245.6142385,1,-2,-151
1767172245.6242385,5,-2,-141
1767172245.6342382,7,-1,-141
1767172245.6442382,0,-1,-143
1767172245.6542382,-2,-1,-140
1767172245.6642382,-4,-6,-142
1767172245.6742382,-4,-6,-142
1767172245.6842382,-3,-3,-143
1767172245.6942382,-2,0,-150
1767172245.7042382,-1,-5,-153
1767172245.7142382,-3,-4,-149
1767172245.7242382,-5,-7,-146
1767172245.734238,-3,-2,-145
1767172245.744238,-7,0,-144
1767172245.754238,-6,-1,-141
1767172245.764238,-6,-2,-136
1767172245.774238,-4,-2,-127
1767172245.784238,0,0,-129
1767172245.794238,1,0,-142
1767172245.804238,-1,-2,-140
1767172245.814238,-4,1,-142
1767172245.824238,-5,1,-141
1767172245.834238,-4,0,-146
1767172245.844238,-2,0,-145
1767172245.8542385,0,-1,-144
1767172245.8642385,0,-2,-142
1767172245.8742385,-3,-2,-138
1767172245.8842382,-4,0,-136
1767172245.8942382,-1,0,-137
1767172245.9042382,-3,0,-137
1767172245.9142382,-2,-2,-137
1767172245.9242382,2,-2,-143
1767172245.9342382,-2,0,-138
1767172245.9442382,0,0,-136
1767172245.9542382,0,-2,-140
1767172245.9642382,2,-7,-141
1767172245.9742382,5,-4,-146
1767172245.984238,11,-5,-148
1767172245.994238,14,1,-150
1767172246.004238,13,1,-146
1767172246.014238,10,-1,-141
1767172246.024238,0,-5,-145
1767172246.034238,-2,-7,-143
1767172246.044238,-3,-4,-145
1767172246.054238,-3,-1,-146
1767172246.064238,-1,-4,-145
1767172246.074238,-3,-6,-147
1767172246.084238,-5,-4,-144
1767172246.094238,-2,-5,-144
1767172246.1042385,0,-6,-141
1767172246.1142385,0,-4,-144
1767172246.1242385,1,0,-145
1767172246.1342382,2,0,-147
1767172246.1442382,6,0,-146
1767172246.1542382,4,0,-145
1767172246.1642382,5,-2,-146
1767172246.1742382,4,0,-143
1767172246.1842382,-1,0,-139
1767172246.1942382,-5,-1,-135
1767172246.2042382,-4,-2,-137
1767172246.2142382,-7,-5,-143
1767172246.2242382,-6,-7,-143
1767172246.234238,1,-5,-137
1767172246.244238,-1,0,-130
1767172246.254238,-4,0,-134
1767172246.264238,-6,0,-142
1767172246.274238,-7,-2,-145
1767172246.284238,-1,-1,-143
1767172246.294238,2,-4,-137
1767172246.304238,0,-4,-140
1767172246.314238,-4,-4,-140
1767172246.324238,-5,-1,-143
1767172246.334238,-1,3,-149
1767172246.344238,0,6,-154
1767172246.3542385,1,11,-154
1767172246.3642385,1,6,-147
1767172246.3742385,1,1,-152
1767172246.3842382,4,2,-148
1767172246.3942382,0,-2,-142
1767172246.4042382,2,-5,-140
1767172246.4142382,4,-5,-141
1767172246.4242382,2,-3,-146
1767172246.4342382,6,-1,-154
1767172246.4442382,3,-2,-153
1767172246.4542382,1,0,-152
1767172246.4642382,2,-3,-153
1767172246.4742382,-2,-4,-152
1767172246.484238,-1,0,-151
1767172246.495238,0,2,-152
1767172246.504238,1,1,-153
1767172246.514238,4,0,-148
1767172246.525238,3,3,-151
1767172246.534238,-2,4,-151
1767172246.5452385,-6,2,-149
1767172246.5552382,-1,3,-145
1767172246.5652382,-3,6,-142
1767172246.5752382,-6,4,-134
1767172246.5852382,-8,6,-138
1767172246.5952382,-4,2,-137
1767172246.6052382,0,1,-142
1767172246.6152382,0,4,-144
1767172246.6252382,-6,5,-145
1767172246.6352382,-3,2,-150
1767172246.6452382,0,1,-148
1767172246.6552382,-1,0,-144
1767172246.665238,-5,-1,-139
1767172246.675238,0,-6,-143
1767172246.685238,-3,-3,-143
1767172246.695238,-2,1,-142
1767172246.705238,0,3,-143
1767172246.715238,-2,2,-147
1767172246.725238,-3,0,-151
1767172246.735238,-3,3,-151
1767172246.745238,-2,-1,-148
1767172246.755238,-5,-3,-153
1767172246.765238,-3,-3,-146
1767172246.775238,0,-7,-149
1767172246.7852385,0,-8,-146
1767172246.7952385,-4,-4,-149
1767172246.8052382,-3,-6,-144
1767172246.8152382,-1,0,-141
1767172246.8252382,0,0,-139
1767172246.8352382,0,0,-142
1767172246.8452382,-1,0,-143
1767172246.8552382,0,-2,-142
1767172246.8652382,-2,1,-144
1767172246.8752382,-4,-1,-148
1767172246.8852382,-2,-2,-146
1767172246.8952382,-2,-3,-145
1767172246.9052382,0,-3,-148
1767172246.915238,0,-3,-152
1767172246.925238,1,0,-156
1767172246.935238,0,1,-151
1767172246.945238,0,0,-151
1767172246.955238,0,0,-147
1767172246.965238,2,-4,-138
1767172246.975238,3,-7,-136
1767172246.985238,7,-8,-136
1767172246.995238,9,-9,-133
1767172247.005238,5,-2,-137
1767172247.015238,2,0,-142
1767172247.025238,1,3,-136
1767172247.0352385,2,0,-136
1767172247.0452385,5,-3,-140
1767172247.0552382,4,-2,-142
1767172247.0652382,4,-2,-144
1767172247.0752382,2,-1,-146
1767172247.0852382,3,2,-145
1767172247.0952382,4,-1,-151
1767172247.1052382,5,-4,-147
1767172247.1152382,7,-5,-148
1767172247.1252382,10,0,-151
1767172247.1352382,7,-2,-153
1767172247.1452382,6,-2,-156
1767172247.1552382,1,0,-155
1767172247.165238,0,0,-149
1767172247.175238,2,0,-144
1767172247.185238,-2,2,-138
1767172247.195238,-5,7,-141
1767172247.205238,-5,5,-145
1767172247.215238,-11,1,-138
1767172247.225238,-9,1,-133
1767172247.235238,-6,1,-136
1767172247.245238,-2,6,-137
1767172247.255238,0,8,-136
1767172247.265238,2,4,-137
1767172247.275238,3,0,-145
1767172247.2852385,5,0,-144
1767172247.2952385,8,0,-142
1767172247.3052382,12,0,-141
1767172247.3152382,4,-2,-139
1767172247.3252382,1,-3,-136
1767172247.3352382,3,0,-133
1767172247.3452382,7,2,-140
1767172247.3552382,2,0,-136
1767172247.3652382,-1,-1,-133
1767172247.3752382,1,0,-141
1767172247.3852382,-1,-2,-145
1767172247.3952382,0,0,-148
1767172247.4052382,-2,3,-150
1767172247.415238,-7,7,-149
1767172247.425238,-2,3,-146
1767172247.435238,-1,4,-146
1767172247.445238,-4,5,-142
1767172247.455238,-1,6,-144
1767172247.465238,-3,0,-143
1767172247.475238,0,3,-146
1767172247.485238,0,5,-144
1767172247.495238,0,6,-144
1767172247.505238,-1,8,-142
1767172247.515238,0,4,-143
1767172247.525238,1,5,-143
1767172247.5352385,-1,4,-140
1767172247.5452385,-3,2,-145
1767172247.5552382,-9,0,-150
1767172247.5652382,-8,1,-153
1767172247.5752382,-3,0,-145
1767172247.5852382,5,3,-141
1767172247.5952382,5,3,-142
1767172247.6052382,4,2,-143
1767172247.6152382,2,0,-142
1767172247.6252382,-1,2,-140
1767172247.6352382,2,4,-141
1767172247.6452382,0,8,-144
1767172247.6552382,0,12,-148
1767172247.665238,0,9,-146
1767172247.675238,1,6,-141
1767172247.685238,1,8,-142
1767172247.695238,-1,5,-143
1767172247.705238,-1,2,-141
1767172247.715238,-2,1,-136
1767172247.725238,-3,-1,-134
1767172247.735238,-2,-1,-138
1767172247.745238,1,1,-140
1767172247.755238,-2,0,-139
1767172247.765238,0,-2,-141
1767172247.775238,-2,0,-141
1767172247.7852385,0,-2,-135
1767172247.7952385,-1,-3,-138
1767172247.8052382,1,-3,-141
1767172247.8152382,0,-3,-148
1767172247.8252382,0,-7,-148
1767172247.8352382,1,-8,-148
1767172247.8452382,3,-9,-147
1767172247.8552382,2,-8,-146
1767172247.8652382,6,-5,-143
1767172247.8752382,6,-3,-145
1767172247.8852382,7,-1,-141
1767172247.8952382,5,-3,-134
1767172247.9052382,4,-4,-134
1767172247.915238,12,-5,-134
1767172247.925238,10,-5,-133
1767172247.935238,5,-7,-133
1767172247.945238,4,-3,-136
1767172247.955238,5,0,-137
1767172247.9762385,4,-1,-145
1767172247.985238,2,0,-145
1767172247.995238,0,-4,-145
1767172248.005238,-4,-3,-146
1767172248.015238,-2,-1,-147
1767172248.025238,0,0,-148
1767172248.0352385,-1,1,-141
1767172248.0452385,0,2,-136
1767172248.0552382,3,3,-137
1767172248.0652382,4,4,-146
1767172248.0752382,2,6,-148
1767172248.0852382,-4,6,-150
1767172248.0952382,-4,4,-154
1767172248.1052382,0,3,-150
1767172248.1152382,0,0,-151
1767172248.1252382,0,1,-145
1767172248.1352382,1,1,-143
1767172248.1452382,-2,0,-143
1767172248.1552382,-2,-2,-143
1767172248.165238,0,-2,-147
1767172248.175238,-3,0,-147
1767172248.185238,-6,-1,-148
1767172248.195238,-8,-1,-150
1767172248.205238,-2,1,-154
1767172248.215238,0,1,-145
1767172248.225238,0,2,-148
1767172248.235238,3,1,-147
1767172248.245238,3,-6,-142
1767172248.255238,6,-4,-140
1767172248.265238,4,0,-139
1767172248.275238,4,2,-141
1767172248.2852385,8,3,-144
1767172248.2952385,6,2,-141
1767172248.3052382,0,4,-140
1767172248.3152382,-3,0,-140
1767172248.3252382,-2,3,-142
1767172248.3352382,-3,3,-147
1767172248.3452382,-4,1,-142
1767172248.3552382,-5,1,-142
1767172248.3652382,-4,3,-145
1767172248.3752382,0,3,-144
1767172248.3852382,-3,7,-147
1767172248.3952382,-6,4,-147
1767172248.4052382,-6,4,-148
1767172248.415238,-3,3,-142
1767172248.425238,-5,4,-139
1767172248.435238,-8,2,-131
1767172248.445238,-6,0,-132
1767172248.455238,-4,0,-134
1767172248.465238,0,0,-136
1767172248.475238,2,-1,-137
1767172248.485238,2,0,-135
1767172248.495238,0,2,-139
1767172248.505238,3,2,-140
1767172248.515238,2,3,-141
1767172248.525238,1,5,-140
1767172248.5352385,-2,6,-143
1767172248.5452385,-7,3,-140
1767172248.5552382,-10,1,-137
1767172248.5652382,-11,3,-140
1767172248.5752382,-8,1,-145
1767172248.5852382,-6,1,-143
1767172248.5952382,-7,-1,-148
1767172248.6052382,-8,1,-146
1767172248.6152382,-4,5,-148
1767172248.6252382,-3,4,-149
1767172248.6352382,-5,1,-148
1767172248.6452382,-2,0,-147
1767172248.6552382,-4,1,-145
1767172248.665238,-1,2,-142
1767172248.675238,0,2,-143
1767172248.685238,0,-2,-140
1767172248.695238,1,-2,-141
1767172248.705238,-1,-4,-142
1767172248.715238,-3,1,-147
1767172248.725238,-5,3,-144
1767172248.735238,-7,3,-142
1767172248.745238,-5,2,-138
1767172248.755238,-6,0,-145
1767172248.765238,-5,1,-144
1767172248.775238,-5,2,-146
1767172248.7852385,-4,4,-152
1767172248.7952385,-3,3,-154
1767172248.8052382,-1,4,-149
1767172248.8152382,-6,0,-147
1767172248.8252382,-5,0,-138
1767172248.8352382,-4,-1,-145
1767172248.8452382,-3,-1,-147
1767172248.8552382,-9,-4,-149
1767172248.8652382,-12,0,-146
1767172248.8752382,-14,0,-140
1767172248.8852382,-12,0,-141
1767172248.8952382,-7,-1,-140
1767172248.9052382,-5,0,-137
1767172248.915238,-6,-1,-135
1767172248.925238,-6,3,-137
1767172248.935238,-6,2,-130
1767172248.945238,-5,0,-134
1767172248.955238,-7,-3,-135
1767172248.965238,-6,0,-133
1767172248.975238,-4,2,-138
1767172248.985238,-5,8,-148
1767172248.995238,-3,11,-144
1767172249.005238,-3,11,-143
1767172249.015238,-3,7,-142
1767172249.025238,-2,9,-146
1767172249.0352385,-1,7,-137
1767172249.0452385,1,6,-137
1767172249.0552382,0,3,-142
1767172249.0662382,1,4,-143
1767172249.0762382,1,-1,-140
1767172249.086238,3,0,-142
1767172249.096238,3,-1,-139
1767172249.106238,0,1,-143
1767172249.116238,-2,0,-144
1767172249.126238,-2,-1,-149
1767172249.136238,3,2,-149
1767172249.146238,5,0,-144
1767172249.1552382,1,-3,-141
1767172249.166238,0,-2,-144
1767172249.176238,0,-4,-148
1767172249.186238,-1,0,-146
1767172249.196238,-4,1,-150
1767172249.2062385,-1,-4,-146
1767172249.2162385,-2,-5,-144
1767172249.2262385,1,-4,-142
1767172249.2362382,0,1,-144
1767172249.2462382,0,0,-142
1767172249.2562382,-3,3,-140
1767172249.2662382,-2,4,-141
1767172249.2762382,-2,1,-146
1767172249.2862382,-3,3,-140
1767172249.2962382,-1,2,-140
1767172249.3062382,0,0,-143
1767172249.3162382,-3,3,-142
1767172249.3262382,-3,0,-139
1767172249.336238,-3,0,-144
1767172249.346238,-3,0,-151
1767172249.356238,0,1,-151
1767172249.366238,-4,-4,-154
1767172249.376238,-5,-5,-150
1767172249.386238,-2,-3,-153
1767172249.396238,-4,-2,-149
1767172249.406238,-3,-3,-148
1767172249.416238,-3,-2,-146
1767172249.426238,-3,-4,-145
1767172249.436238,-4,-5,-140
1767172249.446238,-8,-7,-144
1767172249.4562385,-5,-5,-149
1767172249.4662385,4,-4,-154
1767172249.4762385,5,-4,-153
1767172249.4862382,4,-5,-151
1767172249.4962382,3,-3,-158
1767172249.5062382,4,-1,-153
1767172249.5162382,2,-1,-147
1767172249.5262382,-6,1,-152
1767172249.5362382,-7,-2,-152
1767172249.5462382,-2,-1,-144
1767172249.5562382,-3,-1,-145
1767172249.5662382,-3,-2,-142
1767172249.5762382,-3,-5,-138
1767172249.586238,-7,-2,-137
1767172249.596238,-7,-2,-141
1767172249.606238,-2,-1,-143
1767172249.616238,-2,2,-140
1767172249.626238,0,6,-139
1767172249.636238,0,2,-138
1767172249.646238,-1,3,-141
1767172249.656238,0,-2,-139
1767172249.666238,4,0,-137
1767172249.676238,4,-2,-138
1767172249.686238,2,-2,-142
1767172249.696238,1,0,-138
1767172249.7062385,2,-2,-138
1767172249.7162385,0,0,-141
1767172249.7262385,0,-1,-144
1767172249.7362382,-2,-5,-136
1767172249.7462382,-2,-6,-137
1767172249.7562382,-3,-11,-139
1767172249.7662382,-6,-14,-144
1767172249.7762382,-7,-10,-139
1767172249.7862382,-6,-10,-140
1767172249.7962382,-3,-9,-144
1767172249.8062382,-3,-6,-147
1767172249.8162382,-2,-2,-144
1767172249.8262382,-5,-1,-149
1767172249.836238,-9,-3,-148
1767172249.846238,-9,-3,-148
1767172249.856238,-11,-3,-141
1767172249.866238,-12,-3,-142
1767172249.876238,-16,-1,-141
1767172249.886238,-15,0,-140
1767172249.896238,-11,4,-133
1767172249.906238,-7,0,-141
1767172249.916238,-5,0,-150
1767172249.926238,0,0,-148
1767172249.936238,0,-2,-145
1767172249.946238,-3,-3,-143
1767172249.9562385,-4,-4,-150
1767172249.9662385,-6,-4,-143
1767172249.9762385,-4,0,-135
1767172249.9862382,0,-4,-133
1767172249.9962382,2,0,-141
1767172250.0062382,1,-1,-139
1767172250.0162382,3,-7,-144
1767172250.0262382,4,-5,-149
1767172250.0362382,4,-8,-149
1767172250.0462382,3,-7,-146
1767172250.0562382,2,-7,-152
1767172250.0662382,0,-3,-149
1767172250.0762382,1,-3,-153
1767172250.086238,7,0,-151
1767172250.096238,5,1,-142
1767172250.106238,5,0,-139
1767172250.116238,3,-2,-138
1767172250.126238,-4,-5,-139
1767172250.136238,-3,-4,-134
1767172250.146238,0,1,-140
1767172250.156238,0,0,-143
1767172250.166238,-1,-1,-141
1767172250.176238,0,-2,-142
1767172250.186238,0,0,-143
1767172250.196238,-2,0,-146
1767172250.2062385,-1,-2,-142
1767172250.2162385,2,-2,-148
1767172250.2262385,0,0,-154
1767172250.2362382,1,-3,-148
1767172250.2462382,0,-3,-151
1767172250.2562382,-3,-8,-153
1767172250.2662382,-4,-10,-150
1767172250.2762382,-2,-9,-157
1767172250.2862382,0,-9,-158
1767172250.2962382,0,-5,-158
1767172250.3062382,3,-7,-150
1767172250.3162382,0,-7,-154
1767172250.3262382,-1,-5,-148
1767172250.336238,0,-2,-147
1767172250.346238,0,-1,-144
1767172250.356238,0,-2,-149
1767172250.366238,-2,0,-145
1767172250.376238,-2,1,-145
1767172250.386238,0,-2,-143
1767172250.396238,1,-4,-145
1767172250.406238,1,-4,-145
1767172250.416238,0,-2,-141
1767172250.426238,0,-3,-144
1767172250.436238,1,0,-144
1767172250.446238,-1,-3,-143
1767172250.4562385,1,-5,-144
1767172250.4662385,2,-2,-139
1767172250.4762385,5,1,-143
1767172250.4862382,3,4,-134
1767172250.4962382,11,4,-140
1767172250.5062382,5,0,-142
1767172250.5162382,2,-3,-144
1767172250.5262382,3,-1,-140
1767172250.5362382,3,-3,-135
1767172250.5462382,4,-5,-142
1767172250.5562382,2,-9,-140
1767172250.5662382,2,-12,-141
1767172250.5762382,0,-15,-140
1767172250.586238,1,-12,-134
1767172250.596238,-2,-7,-134
1767172250.606238,-3,-5,-140
1767172250.616238,-6,-8,-142
1767172250.626238,-7,-6,-141
1767172250.636238,-5,-4,-134
1767172250.646238,-2,-2,-140
1767172250.656238,0,-1,-143
1767172250.666238,2,0,-140
1767172250.676238,4,2,-141
1767172250.686238,5,5,-137
1767172250.696238,0,5,-141
1767172250.7062385,0,5,-139
1767172250.7162385,-2,5,-143
1767172250.7262385,-3,5,-139
1767172250.7362382,-3,5,-140
1767172250.7462382,2,3,-147
1767172250.7562382,4,4,-143
1767172250.7662382,3,3,-134
1767172250.7762382,0,2,-135
1767172250.7862382,-5,9,-132
1767172250.7962382,-6,12,-130
1767172250.8062382,-8,8,-136
1767172250.8162382,-4,10,-138
1767172250.8262382,-1,3,-137
1767172250.836238,0,0,-138
1767172250.846238,7,2,-139
1767172250.856238,8,-1,-142
1767172250.866238,8,0,-140
1767172250.876238,2,1,-138
1767172250.886238,1,5,-144
1767172250.896238,-2,4,-145
1767172250.906238,-3,3,-146
1767172250.916238,-3,0,-140
1767172250.926238,-5,-2,-126
1767172250.936238,-8,0,-127
1767172250.946238,-7,2,-128
1767172250.9562385,-9,4,-127
1767172250.9662385,-11,2,-132
1767172250.9762385,-11,-2,-136
1767172250.9862382,-6,0,-136
1767172250.9962382,0,1,-133
1767172251.0062382,2,2,-132
1767172251.0162382,4,2,-134
1767172251.0262382,0,2,-133
1767172251.0362382,0,1,-134
1767172251.0462382,0,-4,-132
1767172251.0562382,-1,-4,-136
1767172251.0662382,-4,-4,-138
1767172251.0762382,-1,-2,-141
1767172251.086238,1,1,-141
1767172251.096238,2,0,-137
1767172251.106238,1,-2,-141
1767172251.116238,0,-2,-141
1767172251.126238,0,-2,-144
1767172251.136238,-3,1,-145
1767172251.146238,-2,-1,-139
1767172251.156238,-3,1,-144
1767172251.166238,-2,2,-146
1767172251.176238,-2,-1,-149
1767172251.186238,-4,-3,-150
1767172251.196238,-2,-1,-148
1767172251.2062385,-1,-3,-143
1767172251.2162385,-2,0,-145
1767172251.2262385,-4,0,-139
1767172251.2362382,-3,0,-141
1767172251.2462382,0,-2,-141
1767172251.2562382,-3,-1,-137
1767172251.2662382,-4,0,-140
1767172251.2762382,-6,-4,-139
1767172251.2862382,-3,-5,-139
1767172251.2962382,-3,-6,-139
1767172251.3062382,-2,-2,-140
1767172251.3162382,-1,-2,-143
1767172251.3262382,0,-5,-144
1767172251.336238,0,-4,-139
1767172251.346238,-1,-2,-142
1767172251.356238,2,-3,-144
1767172251.366238,8,-2,-144
1767172251.376238,6,-6,-147
1767172251.386238,6,-8,-143
1767172251.396238,3,-3,-149
1767172251.406238,1,0,-147
1767172251.416238,0,3,-145
1767172251.426238,2,1,-144
1767172251.436238,4,3,-144
1767172251.446238,3,0,-141
1767172251.4562385,6,-1,-148
1767172251.4662385,4,-1,-149
1767172251.4762385,0,0,-147
1767172251.4862382,3,0,-136
1767172251.4962382,6,0,-128
1767172251.5062382,3,-1,-127
1767172251.5162382,3,0,-132
1767172251.5262382,0,0,-133
1767172251.537238,-4,0,-135
1767172251.5462382,-7,-1,-139
1767172251.5562382,-3,-1,-143
1767172251.5662382,-3,-4,-154
1767172251.577238,-6,-3,-146
1767172251.587238,-9,-4,-137
1767172251.597238,-9,-4,-134
1767172251.607238,-9,-2,-136
1767172251.617238,-12,-5,-141
1767172251.627238,-7,-2,-135
1767172251.6372385,-4,-2,-130
1767172251.6472385,-2,-2,-135
1767172251.6572382,-1,-4,-142
1767172251.6672382,2,-6,-145
1767172251.6772382,5,-3,-147
1767172251.6872382,4,-6,-151
1767172251.6972382,1,-3,-151
1767172251.7072382,-5,-5,-153
1767172251.7172382,-9,-6,-153
1767172251.7272382,-6,-6,-150
1767172251.7372382,-3,-3,-148
1767172251.7472382,-3,0,-145
1767172251.757238,0,-2,-146
1767172251.767238,0,-1,-142
1767172251.777238,-3,0,-145
1767172251.787238,-3,0,-141
1767172251.797238,-3,0,-137
1767172251.807238,-3,-4,-140
1767172251.817238,-4,-6,-131
1767172251.827238,-5,-5,-130
1767172251.837238,-6,-4,-141
1767172251.847238,-7,-3,-139
1767172251.857238,-7,1,-143
1767172251.867238,-5,0,-146
1767172251.877238,-4,-1,-140
1767172251.8872385,-2,-2,-148
1767172251.8972385,-3,0,-144
1767172251.9072382,2,-3,-140
1767172251.9172382,3,0,-137
1767172251.9272382,6,1,-136
1767172251.9372382,4,-1,-139
1767172251.9472382,3,-2,-142
1767172251.9572382,4,-2,-140
1767172251.9672382,0,0,-140
1767172251.9772382,-2,3,-136
1767172251.9872382,-2,-1,-142
1767172251.9972382,-3,0,-145
1767172252.007238,0,-1,-140
1767172252.017238,-1,-2,-140
1767172252.027238,-5,-4,-136
1767172252.037238,-3,-1,-144
1767172252.047238,-1,0,-142
1767172252.057238,-3,-1,-139
1767172252.067238,-1,-5,-140
1767172252.077238,4,-5,-144
1767172252.087238,6,-5,-145
1767172252.097238,9,-5,-143
1767172252.107238,4,-5,-146
1767172252.117238,8,-4,-144
1767172252.127238,8,-4,-141
1767172252.1372385,1,-5,-142
1767172252.1472385,-1,-5,-148
1767172252.1572382,-1,-5,-145
1767172252.1672382,-5,-2,-140
1767172252.1772382,-5,-3,-146
1767172252.1872382,-6,-3,-146
1767172252.1972382,-6,0,-159
1767172252.2072382,-5,0,-159
1767172252.2172382,-4,-1,-151
1767172252.2272382,-5,-2,-145
1767172252.2372382,1,-1,-148
1767172252.2472382,-1,-1,-146
1767172252.257238,-2,1,-150
1767172252.267238,-2,0,-148
1767172252.277238,0,1,-140
1767172252.287238,-1,7,-142
1767172252.297238,-5,7,-143
1767172252.307238,-2,10,-144
1767172252.317238,-3,4,-139
1767172252.327238,-1,6,-142
1767172252.337238,-3,9,-139
1767172252.347238,-5,10,-136
1767172252.357238,-8,10,-139
1767172252.367238,-8,12,-141
1767172252.377238,-6,14,-137
1767172252.3872385,0,12,-138
1767172252.3972385,0,12,-143
1767172252.4072382,0,7,-140
1767172252.4172382,2,6,-139
1767172252.4272382,0,5,-132
1767172252.4372382,-1,4,-135
1767172252.4472382,-4,0,-138
1767172252.4572382,-5,-1,-143
1767172252.4672382,-5,-3,-139
1767172252.4772382,1,-5,-137
1767172252.4872382,-3,-3,-135
1767172252.4972382,-3,0,-140
1767172252.507238,-5,3,-146
1767172252.517238,-7,2,-140
1767172252.527238,-11,1,-147
1767172252.537238,-11,-1,-147
1767172252.547238,-8,-5,-142
1767172252.557238,-6,-4,-139
1767172252.567238,-6,-4,-136
1767172252.577238,-2,-2,-140
1767172252.587238,-2,-1,-140
1767172252.597238,-4,-6,-146
1767172252.607238,-10,-1,-154
1767172252.617238,-8,2,-148
1767172252.627238,-6,1,-149
1767172252.6372385,-1,0,-149
1767172252.6472385,1,0,-148
1767172252.6572382,0,-3,-147
1767172252.6672382,2,-6,-146
1767172252.6772382,3,-4,-152
1767172252.6872382,1,-5,-146
1767172252.6972382,1,-4,-145
1767172252.7072382,2,-3,-150
1767172252.7172382,4,-8,-160
1767172252.7272382,7,-9,-159
1767172252.7372382,9,-7,-160
1767172252.7472382,5,-5,-150
1767172252.757238,6,-6,-142
1767172252.767238,3,-7,-140
1767172252.777238,1,-6,-139
1767172252.787238,2,-4,-138
1767172252.797238,0,-1,-144
1767172252.807238,0,2,-145
1767172252.817238,-1,2,-148
1767172252.827238,-2,0,-157
1767172252.837238,0,-2,-150
1767172252.847238,0,-3,-140
1767172252.857238,-1,-1,-138
1767172252.867238,-3,2,-142
1767172252.877238,-1,2,-144
1767172252.8872385,1,2,-142
1767172252.8972385,-2,2,-144
1767172252.9072382,0,1,-140
1767172252.9172382,0,-2,-147
1767172252.9272382,-1,-4,-145
1767172252.9372382,-1,-1,-145
1767172252.9472382,0,-1,-144
1767172252.9572382,1,0,-141
1767172252.9672382,-2,-4,-146
1767172252.9892385,3,-8,-147
1767172252.9972382,0,-6,-148
1767172253.007238,1,-7,-148
1767172253.017238,3,-10,-143
1767172253.027238,7,-10,-140
1767172253.037238,6,-4,-147
1767172253.047238,3,-2,-144
1767172253.057238,4,-6,-145
1767172253.067238,0,-6,-152
1767172253.077238,0,-6,-150
1767172253.087238,4,-7,-150
1767172253.097238,3,-4,-149
1767172253.107238,-2,0,-146
1767172253.117238,-3,6,-140
1767172253.127238,-1,5,-145
1767172253.1372385,0,2,-146
1767172253.1472385,-1,-5,-152
1767172253.1572382,1,-7,-142
1767172253.1672382,0,-9,-142
1767172253.1772382,-1,-7,-138
1767172253.1872382,-4,-9,-141
1767172253.1972382,-7,-10,-139
1767172253.2072382,-7,-8,-144
1767172253.2172382,-4,-7,-138
1767172253.2272382,-5,-4,-141
1767172253.2372382,-3,-8,-139
1767172253.2472382,4,-7,-138
1767172253.257238,7,-5,-142
1767172253.267238,7,-4,-141
1767172253.277238,3,-3,-139
1767172253.287238,1,-2,-140
1767172253.297238,3,-1,-146
1767172253.307238,2,-4,-148
1767172253.317238,1,-3,-143
1767172253.327238,-1,-2,-144
1767172253.337238,-4,-3,-152
1767172253.347238,-6,0,-148
1767172253.357238,-4,-3,-144
1767172253.367238,0,-2,-151
1767172253.377238,1,0,-158
1767172253.3872385,-1,-3,-159
1767172253.3972385,-1,-4,-156
1767172253.4072382,5,-5,-149
1767172253.4172382,6,-8,-144
1767172253.4272382,7,-8,-140
1767172253.4372382,11,-11,-147
1767172253.4472382,9,-8,-141
1767172253.4572382,6,-6,-142
1767172253.4672382,6,-6,-141
1767172253.4772382,12,-4,-147
1767172253.4872382,11,-1,-146
1767172253.4972382,10,1,-142
1767172253.507238,9,2,-138
1767172253.517238,12,1,-135
1767172253.527238,8,-3,-135
1767172253.537238,5,-6,-130
1767172253.547238,5,-7,-127
1767172253.557238,6,-9,-131
1767172253.567238,7,-11,-136
1767172253.577238,2,-9,-143
1767172253.587238,1,-8,-138
1767172253.597238,3,-4,-141
1767172253.607238,2,-2,-142
1767172253.617238,-2,-4,-138
1767172253.627238,-2,-6,-141
1767172253.6372385,-1,-5,-145
1767172253.6472385,0,-4,-149
1767172253.6572382,-3,-6,-144
1767172253.6672382,-5,-5,-140
1767172253.6772382,-6,-6,-143
1767172253.6872382,-5,-3,-142
1767172253.6972382,-7,-3,-139
1767172253.7072382,-5,-1,-144
1767172253.7172382,-5,-3,-144
1767172253.7272382,-1,-2,-152
1767172253.7372382,-4,-1,-155
1767172253.7472382,-4,-8,-154
1767172253.757238,-1,-3,-149
1767172253.767238,-2,0,-148
1767172253.777238,-9,0,-147
1767172253.787238,-4,0,-145
1767172253.797238,-2,-2,-144
1767172253.807238,1,-3,-144
1767172253.817238,-2,-1,-149
1767172253.827238,0,0,-146
1767172253.837238,-2,-1,-145
1767172253.847238,-5,0,-145
1767172253.857238,-2,5,-143
1767172253.867238,-4,4,-145
1767172253.877238,-4,1,-142
1767172253.8872385,-5,2,-141
1767172253.8972385,-11,2,-145
1767172253.9072382,-14,-1,-138
1767172253.9172382,-13,-3,-137
1767172253.9272382,-12,-6,-139
1767172253.9372382,-8,-7,-146
1767172253.9472382,-10,-6,-145
1767172253.9572382,-11,-9,-144
1767172253.9672382,-8,-5,-144
1767172253.9772382,-9,-9,-146
1767172253.9872382,-4,-7,-146
1767172253.9972382,-3,-3,-135
1767172254.007238,-4,-5,-135
1767172254.017238,-4,-2,-142
1767172254.027238,-2,-1,-139
1767172254.037238,0,-1,-137
1767172254.047238,1,-2,-131
1767172254.057238,4,-1,-131
1767172254.067238,2,-3,-144
1767172254.077238,2,0,-153
1767172254.0882382,6,0,-150
1767172254.097238,7,0,-141
1767172254.107238,6,1,-138
1767172254.1182382,5,0,-147
1767172254.1282382,2,-8,-148
1767172254.1372385,1,-11,-138
1767172254.1482382,1,-12,-138
1767172254.1582382,5,-7,-134
1767172254.1682382,0,-7,-134
1767172254.1782382,-3,-8,-139
1767172254.188238,-1,-3,-139
1767172254.198238,3,-1,-146
1767172254.208238,1,0,-148
1767172254.218238,3,0,-145
1767172254.228238,1,-1,-143
1767172254.238238,0,0,-137
1767172254.248238,0,2,-136
1767172254.258238,-6,5,-135
1767172254.268238,0,3,-140
1767172254.278238,0,3,-143
1767172254.288238,2,-3,-146
1767172254.298238,6,-4,-146
1767172254.3082385,7,-3,-143
1767172254.3182385,9,-2,-148
1767172254.3282382,5,-4,-152
1767172254.3382382,6,-7,-155
1767172254.3482382,4,-6,-161
1767172254.3582382,0,-5,-149
1767172254.3682382,-3,-3,-147
1767172254.3782382,0,-1,-145
1767172254.3882382,0,0,-147
1767172254.3982382,-2,-2,-147
1767172254.4082382,-4,-3,-145
1767172254.4182382,-7,-2,-149
1767172254.4282382,-1,-3,-149
1767172254.438238,-4,-2,-153
1767172254.448238,0,-2,-150
1767172254.458238,0,-1,-150
1767172254.468238,1,-8,-152
1767172254.478238,4,-7,-155
1767172254.488238,2,-7,-157
1767172254.498238,1,-6,-154
1767172254.508238,0,-7,-145
1767172254.518238,0,-9,-146
1767172254.528238,0,-11,-143
1767172254.538238,0,-7,-140
1767172254.548238,-1,-7,-134
1767172254.5582385,-3,-9,-138
1767172254.5682385,1,-7,-139
1767172254.5782382,-1,-5,-144
1767172254.5882382,-4,-5,-158
1767172254.5982382,0,-6,-158
1767172254.6082382,-4,0,-157
1767172254.6182382,-9,0,-155
1767172254.6282382,-4,0,-148
1767172254.6382382,-1,-3,-148
1767172254.6482382,2,-3,-143
1767172254.6582382,-1,-6,-141
1767172254.6682382,2,-11,-141
1767172254.6782382,5,-12,-139
1767172254.688238,4,-11,-137
1767172254.698238,1,-9,-137
1767172254.708238,0,-4,-141
1767172254.718238,-3,-3,-135
1767172254.728238,-3,-2,-139
1767172254.738238,-6,-4,-143
1767172254.748238,-9,-6,-139
1767172254.758238,-9,-5,-142
1767172254.768238,-5,-3,-142
1767172254.778238,-4,-4,-142
1767172254.788238,-4,-6,-144
1767172254.798238,-7,-6,-145
1767172254.8082385,-9,-5,-145
1767172254.8182385,-6,-4,-147
1767172254.8282382,-3,-3,-142
1767172254.8382382,-1,0,-138
1767172254.8482382,0,-2,-134
1767172254.8582382,-3,-3,-136
1767172254.8682382,-3,0,-135
1767172254.8782382,0,0,-136
1767172254.8882382,-3,0,-139
1767172254.8982382,-3,0,-132
1767172254.9082382,-5,-1,-126
1767172254.9182382,-4,2,-127
1767172254.9282382,-1,1,-129
1767172254.938238,-2,-3,-129
1767172254.948238,0,-6,-134
1767172254.958238,-2,-6,-143
1767172254.968238,2,-6,-145
1767172254.978238,3,-6,-144
1767172254.988238,1,-2,-144
1767172254.998238,0,-3,-143
1767172255.008238,3,-1,-149
1767172255.018238,5,-4,-152
1767172255.028238,5,-2,-152
1767172255.038238,5,0,-153
1767172255.048238,4,0,-156
1767172255.0582385,4,0,-155
1767172255.0682385,6,2,-151
1767172255.0782382,3,0,-150
1767172255.0882382,2,-1,-146
1767172255.0982382,3,0,-139
1767172255.1082382,7,2,-140
1767172255.1182382,6,0,-135
1767172255.1282382,7,-2,-135
1767172255.1382382,3,-6,-136
1767172255.1482382,0,-8,-139
1767172255.1582382,2,-3,-141
1767172255.1682382,2,1,-145
1767172255.1782382,1,0,-146
1767172255.188238,-2,2,-146
1767172255.198238,-2,2,-140
1767172255.208238,4,1,-141
1767172255.218238,0,3,-144
1767172255.228238,0,4,-143
1767172255.238238,-1,3,-143
1767172255.248238,-4,0,-138
1767172255.258238,-10,0,-135
1767172255.268238,-8,2,-137
1767172255.278238,-4,0,-142
1767172255.288238,-9,-2,-148
1767172255.298238,-9,1,-151
1767172255.3082385,-5,3,-147
1767172255.3182385,-1,4,-146
1767172255.3282382,-1,1,-152
1767172255.3382382,1,-3,-153
1767172255.3482382,-1,-3,-148
1767172255.3582382,-6,-7,-151
1767172255.3682382,-6,-2,-156
1767172255.3782382,-8,-4,-157
1767172255.3882382,-6,-1,-158
1767172255.3982382,-4,3,-155
1767172255.4082382,0,3,-150
1767172255.4182382,2,1,-150
1767172255.4282382,2,0,-147
1767172255.438238,0,1,-142
1767172255.448238,0,1,-143
1767172255.458238,-2,-1,-150
1767172255.468238,-4,-2,-147
1767172255.478238,-7,-2,-146
1767172255.488238,-7,-1,-148
1767172255.498238,-2,-3,-151
1767172255.508238,1,-4,-149
1767172255.518238,2,-8,-147
1767172255.528238,3,-9,-154
1767172255.538238,1,-11,-156
1767172255.548238,0,-8,-150
1767172255.5582385,-3,-6,-152
1767172255.5682385,-6,-6,-157
1767172255.5782382,-7,-5,-156
1767172255.5882382,-7,-3,-151
1767172255.5982382,-6,-6,-145
1767172255.6082382,-3,-2,-143
1767172255.6182382,-1,-3,-136
1767172255.6282382,0,0,-142
1767172255.6382382,0,0,-134
1767172255.6482382,-2,0,-141
1767172255.6582382,-6,-3,-145
1767172255.6682382,-1,-6,-149
1767172255.6782382,-2,-4,-156
1767172255.688238,-1,-2,-159
1767172255.698238,0,0,-157
1767172255.708238,1,-1,-152
1767172255.718238,-1,0,-145
1767172255.728238,-3,1,-142
1767172255.738238,-2,3,-142
1767172255.748238,-4,2,-146
1767172255.758238,-1,0,-147
1767172255.768238,1,-2,-147
1767172255.778238,3,-3,-150
1767172255.788238,6,1,-150
1767172255.798238,6,6,-149
1767172255.8082385,1,6,-147
1767172255.8182385,6,1,-144
1767172255.8282382,4,0,-139
1767172255.8382382,0,3,-141
1767172255.8482382,3,4,-144
1767172255.8582382,1,3,-149
1767172255.8682382,1,5,-145
1767172255.8782382,-2,5,-154
1767172255.8882382,-3,1,-154
1767172255.8982382,-5,-4,-155
1767172255.9082382,0,-7,-162
1767172255.9182382,0,-6,-159
1767172255.9282382,2,-6,-159
1767172255.938238,0,-6,-161
1767172255.948238,-8,-6,-157
1767172255.958238,-5,-2,-155
1767172255.968238,-4,-5,-154
1767172255.978238,-2,-1,-159
1767172255.988238,1,-2,-155
1767172255.998238,1,-2,-153
1767172256.008238,0,-5,-153
1767172256.018238,1,-6,-147
1767172256.028238,3,-6,-150
1767172256.038238,3,-3,-151
1767172256.048238,6,-1,-149
1767172256.0582385,5,-1,-150
1767172256.0682385,7,-5,-151
1767172256.0782382,10,-7,-154
1767172256.0882382,7,0,-157
1767172256.0982382,0,-4,-149
1767172256.1082382,0,-4,-140
1767172256.1182382,-1,-5,-144
1767172256.1282382,-1,-6,-137
1767172256.1382382,-7,-6,-138
1767172256.1482382,-11,-3,-138
1767172256.1582382,-10,-3,-142
1767172256.1682382,-10,2,-139
1767172256.1782382,-13,0,-140
1767172256.188238,-7,0,-139
1767172256.198238,-2,0,-135
1767172256.208238,-1,0,-137
1767172256.218238,0,-1,-139
1767172256.228238,0,0,-148
1767172256.238238,-1,0,-140
1767172256.248238,-5,0,-136
1767172256.258238,-1,5,-140
1767172256.268238,-2,3,-148
1767172256.278238,0,2,-142
1767172256.288238,1,4,-137
1767172256.298238,4,2,-135
1767172256.3082385,2,5,-133
1767172256.3182385,5,3,-136
1767172256.3282382,6,0,-135
1767172256.3382382,4,1,-141
1767172256.3482382,1,0,-149
1767172256.3582382,5,-1,-149
1767172256.3682382,-1,-1,-156
1767172256.3782382,-1,2,-152
1767172256.3882382,0,0,-154
1767172256.3982382,-6,1,-153
1767172256.4082382,-7,0,-152
1767172256.4182382,-7,-6,-149
1767172256.4282382,-1,-1,-146
1767172256.438238,-1,-1,-145
1767172256.448238,0,-3,-140
1767172256.458238,0,-3,-144
1767172256.468238,6,-2,-141
1767172256.478238,6,0,-138
1767172256.488238,2,-2,-140
1767172256.498238,2,-3,-139
1767172256.508238,4,0,-147
1767172256.518238,0,3,-141
1767172256.528238,0,2,-144
1767172256.538238,2,-1,-144
1767172256.548238,1,0,-149
1767172256.5582385,-1,0,-145
1767172256.5682385,-2,-7,-144
1767172256.5782382,-3,-9,-143
1767172256.5882382,2,-5,-142
1767172256.5982382,3,-3,-142
1767172256.609238,0,-7,-140
1767172256.6182382,0,-7,-146
1767172256.6282382,-2,-7,-138
1767172256.639238,-2,-7,-137
1767172256.649238,-1,-7,-136
1767172256.659238,1,-3,-141
1767172256.669238,-1,-4,-146
1767172256.679238,0,0,-148
1767172256.689238,0,0,-148
1767172256.699238,2,0,-145
1767172256.709238,2,-3,-142
1767172256.719238,3,-3,-142
1767172256.7292385,0,-2,-142
1767172256.7392385,0,3,-141
1767172256.7492385,2,2,-144
1767172256.7592382,4,-1,-149
1767172256.7692382,1,-3,-142
1767172256.7792382,0,-3,-145
1767172256.7892382,2,-3,-143
1767172256.7992382,0,-3,-144
1767172256.8092382,-3,-1,-149
1767172256.8192382,-3,1,-151
1767172256.8292382,-1,1,-156
1767172256.8392382,1,-2,-154
1767172256.8492382,0,0,-144
1767172256.859238,-4,0,-141
1767172256.869238,-1,-1,-139
1767172256.879238,0,-3,-143
1767172256.889238,-1,-3,-142
1767172256.899238,0,-3,-142
1767172256.909238,1,-3,-141
1767172256.919238,2,1,-141
1767172256.929238,1,4,-141
1767172256.939238,-5,2,-138
1767172256.949238,-3,1,-138
1767172256.959238,-3,0,-139
1767172256.969238,-2,-2,-137
1767172256.9792385,-3,-5,-137
1767172256.9892385,-4,0,-143
1767172256.9992385,-1,0,-151
1767172257.0092382,0,1,-158
1767172257.0192382,3,0,-154
1767172257.0292382,5,-3,-145
1767172257.0392382,7,-2,-132
1767172257.0492382,3,-3,-130
1767172257.0592382,-2,-4,-134
1767172257.0692382,-3,-1,-133
1767172257.0792382,-1,-1,-134
1767172257.0892382,-2,1,-135
1767172257.0992382,-4,1,-144
1767172257.109238,-1,2,-150
1767172257.119238,1,-3,-153
1767172257.129238,2,-6,-148
1767172257.139238,-5,-8,-146
1767172257.149238,-7,-10,-142
1767172257.159238,-4,-11,-145
1767172257.169238,-6,-11,-145
1767172257.179238,-3,-8,-143
1767172257.189238,-5,-8,-139
1767172257.199238,0,-9,-132
1767172257.209238,0,-8,-139
1767172257.219238,0,-6,-139
1767172257.2292385,0,-5,-133
1767172257.2392385,-1,-3,-139
1767172257.2492385,1,-7,-143
1767172257.2592382,-2,-9,-143
1767172257.2692382,-3,-13,-148
1767172257.2792382,-2,-11,-146
1767172257.2892382,0,-9,-145
1767172257.2992382,0,-5,-150
1767172257.3092382,-5,-4,-153
1767172257.3192382,-4,-1,-153
1767172257.3292382,-6,-1,-146
1767172257.3392382,-3,0,-141
1767172257.3492382,-5,0,-143
1767172257.359238,-1,-2,-142
1767172257.369238,-2,-7,-144
1767172257.379238,0,-9,-143
1767172257.389238,-1,-9,-152
1767172257.399238,1,-4,-156
1767172257.409238,1,-3,-154
1767172257.419238,-1,-8,-153
1767172257.429238,-2,-9,-143
1767172257.439238,-7,-5,-141
1767172257.449238,-9,1,-141
1767172257.459238,-5,0,-138
1767172257.469238,-6,0,-137
1767172257.4792385,-7,0,-135
1767172257.4892385,-3,-2,-140
1767172257.4992385,1,0,-135
1767172257.5092382,3,0,-138
1767172257.5192382,2,0,-137
1767172257.5292382,6,-1,-139
1767172257.5392382,11,2,-145
1767172257.5492382,8,4,-145
1767172257.5592382,6,2,-144
1767172257.5692382,0,2,-138
1767172257.5792382,0,1,-132
1767172257.5892382,5,0,-137
1767172257.5992382,3,-1,-137
1767172257.609238,1,1,-139
1767172257.619238,-5,3,-134
1767172257.629238,-3,0,-134
1767172257.639238,-4,1,-136
1767172257.649238,-5,2,-140
1767172257.659238,-4,2,-150
1767172257.669238,-4,0,-147
1767172257.679238,-4,-5,-148
1767172257.689238,-4,-9,-144
1767172257.699238,-7,-11,-142
1767172257.709238,-2,-8,-139
1767172257.719238,-1,-5,-138
1767172257.7292385,-5,-4,-137
1767172257.7392385,-2,-3,-140
1767172257.7492385,-1,-2,-139
1767172257.7592382,-3,-1,-143
1767172257.7692382,0,-3,-143
1767172257.7792382,-1,-2,-147
1767172257.7892382,0,0,-150
1767172257.7992382,-1,5,-148
1767172257.8092382,1,3,-147
1767172257.8192382,2,0,-144
1767172257.8292382,0,0,-142
1767172257.8392382,0,0,-140
1767172257.8492382,-3,-2,-141
1767172257.859238,-4,-3,-136
1767172257.869238,-2,-6,-131
1767172257.879238,-1,-7,-134
1767172257.889238,1,-5,-136
1767172257.899238,-2,-3,-135
1767172257.909238,-1,-4,-134
1767172257.919238,-4,-2,-132
1767172257.929238,0,2,-134
1767172257.939238,3,1,-134
1767172257.9502382,3,0,-135
1767172257.959238,0,0,-140
1767172257.969238,3,-3,-140
1767172257.9792385,0,-3,-142
1767172258.001238,-1,-7,-135
1767172258.0092382,-2,-5,-139
1767172258.0192382,-3,-4,-143
1767172258.0292382,-3,-3,-135
1767172258.0392382,-1,-5,-139
1767172258.0492382,2,-6,-136
1767172258.0592382,2,-4,-130
1767172258.0692382,6,-5,-132
1767172258.0792382,9,-2,-137
1767172258.0892382,1,-3,-137
1767172258.0992382,-1,-6,-136
1767172258.109238,0,-6,-137
1767172258.119238,4,-8,-137
1767172258.129238,0,-4,-137
1767172258.139238,-6,-1,-140
1767172258.149238,-4,-2,-140
1767172258.159238,-4,0,-140
1767172258.169238,0,1,-141
1767172258.179238,-1,2,-144
1767172258.189238,-4,0,-142
1767172258.199238,0,1,-136
1767172258.209238,1,2,-137
1767172258.219238,-1,0,-146
1767172258.2292385,0,-5,-146
1767172258.2392385,-3,-1,-142
1767172258.2492385,-2,3,-146
1767172258.2592382,-4,6,-140
1767172258.2692382,-6,-1,-137
1767172258.2792382,-1,-1,-136
1767172258.2892382,-2,-2,-134
1767172258.2992382,-1,-4,-132
1767172258.3092382,-1,-5,-131
1767172258.3192382,-4,-7,-131
1767172258.3292382,-2,-6,-132
1767172258.3392382,-1,-3,-135
1767172258.3492382,-1,-1,-136
1767172258.359238,-2,-1,-137
1767172258.369238,-1,-1,-140
1767172258.379238,-3,-3,-143
1767172258.389238,-4,-6,-141
1767172258.399238,-4,-4,-135
1767172258.409238,-5,-2,-142
1767172258.419238,-6,0,-146
1767172258.429238,-9,0,-152
1767172258.439238,-5,-2,-150
1767172258.449238,-5,1,-142
1767172258.459238,0,-3,-139
1767172258.469238,0,-2,-135
1767172258.4792385,1,-3,-139
1767172258.4892385,0,-4,-136
1767172258.4992385,0,-6,-140
1767172258.5092382,0,0,-142
1767172258.5192382,-2,0,-141
1767172258.5292382,-4,0,-135
1767172258.5392382,-4,0,-136
1767172258.5492382,-2,0,-139
1767172258.5592382,-2,0,-141
1767172258.5692382,0,-1,-137
1767172258.5792382,0,-3,-144
1767172258.5892382,1,0,-146
1767172258.5992382,-4,0,-140
1767172258.609238,-4,0,-137
1767172258.619238,0,-1,-140
1767172258.629238,2,0,-139
1767172258.639238,0,4,-136
1767172258.649238,-2,2,-142
1767172258.659238,2,1,-143
1767172258.669238,-5,2,-150
1767172258.679238,-10,2,-155
1767172258.689238,-10,3,-155
1767172258.699238,-11,5,-146
1767172258.709238,-5,4,-148
1767172258.719238,-2,3,-148
1767172258.7292385,2,0,-146
1767172258.7392385,0,-3,-152
1767172258.7492385,3,-2,-149
1767172258.7592382,2,-5,-149
1767172258.7692382,-1,-5,-153
1767172258.7792382,-2,-2,-149
1767172258.7892382,-3,3,-143
1767172258.7992382,0,1,-138
1767172258.8092382,-1,-4,-141
1767172258.8192382,-7,-3,-140
1767172258.8292382,-7,-4,-134
1767172258.8392382,-6,-7,-135
1767172258.8492382,-2,-9,-138
1767172258.859238,0,-10,-133
1767172258.869238,0,-7,-131
1767172258.879238,2,-1,-134
1767172258.889238,1,0,-138
1767172258.899238,-3,2,-143
1767172258.909238,-1,1,-141
1767172258.919238,0,2,-140
1767172258.929238,4,4,-133
1767172258.939238,5,3,-136
1767172258.949238,5,0,-144
1767172258.959238,3,-1,-141
1767172258.969238,3,-1,-146
1767172258.9792385,4,-2,-149
1767172258.9892385,8,-4,-155
1767172258.9992385,7,-5,-151
1767172259.0092382,2,-3,-157
1767172259.0192382,-1,-1,-155
1767172259.0292382,-1,-2,-154
1767172259.0392382,0,-1,-147
1767172259.0492382,-3,-3,-147
1767172259.0592382,0,-4,-139
1767172259.0692382,0,-7,-140
1767172259.0792382,1,-12,-136
1767172259.0892382,3,-11,-135
1767172259.0992382,0,-8,-128
1767172259.109238,-4,-6,-130
1767172259.119238,-3,-4,-132
1767172259.129238,-4,-2,-132
1767172259.140238,-1,-1,-135
1767172259.149238,-2,-5,-142
1767172259.159238,1,-6,-139
1767172259.169238,5,-2,-135
1767172259.179238,5,0,-135
1767172259.189238,9,0,-137
1767172259.2002382,8,-1,-137
1767172259.209238,5,-1,-136
1767172259.2202382,3,-1,-140
1767172259.2302382,3,-5,-140
1767172259.2402382,3,-5,-143
1767172259.2502382,2,-6,-145
1767172259.2602382,0,-9,-144
1767172259.2702382,0,-4,-144
1767172259.2802382,0,-3,-143
1767172259.290238,0,-5,-143
1767172259.300238,2,-8,-143
1767172259.310238,2,-10,-135
1767172259.320238,5,-10,-139
1767172259.330238,4,-9,-136
1767172259.340238,6,-7,-132
1767172259.350238,6,-7,-136
1767172259.360238,6,-7,-139
1767172259.370238,3,-11,-147
1767172259.380238,8,-11,-145
1767172259.390238,5,-8,-143
1767172259.400238,2,-8,-147
1767172259.4102385,-2,-4,-151
1767172259.4202385,-4,-4,-155
1767172259.4302382,-4,-7,-151
1767172259.4402382,-8,-7,-144
1767172259.4502382,-1,-1,-139
1767172259.4602382,4,0,-139
1767172259.4702382,2,-1,-141
1767172259.4802382,-1,-3,-144
1767172259.4902382,0,-3,-148
1767172259.5002382,-3,-3,-148
1767172259.5102382,-5,-4,-152
1767172259.5202382,-3,-6,-150
1767172259.5302382,-6,-3,-152
1767172259.540238,-8,-2,-148
1767172259.550238,-7,-4,-149
1767172259.560238,-2,-6,-149
1767172259.570238,-2,0,-150
1767172259.580238,-1,0,-147
1767172259.590238,-5,0,-149
1767172259.600238,-4,-5,-147
1767172259.610238,-3,-4,-144
1767172259.620238,0,-7,-144
1767172259.630238,2,-6,-144
1767172259.640238,4,-8,-145
1767172259.650238,5,-2,-144
1767172259.6602385,5,1,-138
1767172259.6702385,0,1,-146
1767172259.6802382,-2,1,-140
1767172259.6902382,0,1,-136
1767172259.7002382,0,1,-143
1767172259.7102382,-1,0,-150
1767172259.7202382,-2,0,-144
1767172259.7302382,-2,2,-149
1767172259.7402382,0,-1,-149
1767172259.7502382,2,-2,-146
1767172259.7602382,1,0,-149
1767172259.7702382,3,0,-157
1767172259.7802382,7,0,-148
1767172259.790238,0,0,-146
1767172259.800238,1,-1,-139
1767172259.810238,0,0,-138
1767172259.820238,1,2,-141
1767172259.830238,2,5,-140
1767172259.840238,3,4,-143
1767172259.850238,0,5,-134
1767172259.860238,-2,4,-132
1767172259.870238,-3,0,-143
1767172259.880238,-5,0,-151
1767172259.890238,-3,-1,-142
1767172259.900238,-1,-2,-139
1767172259.9102385,-2,-2,-139
1767172259.9202385,0,-2,-138
1767172259.9302382,-2,-3,-140
1767172259.9402382,-4,-1,-139
1767172259.9502382,-6,-3,-139
1767172259.9602382,-6,0,-136
1767172259.9702382,-8,0,-136
1767172259.9802382,-1,0,-136
1767172259.9902382,1,-4,-137
1767172260.0002382,-4,-2,-140
1767172260.0102382,-1,-3,-141
1767172260.0202382,0,-1,-141
1767172260.0302382,0,-3,-149
1767172260.040238,-1,-5,-146
1767172260.050238,-1,-3,-144
1767172260.060238,-1,-4,-152
1767172260.070238,0,-1,-145
1767172260.080238,6,-1,-147
1767172260.090238,7,-4,-147
1767172260.100238,4,-4,-145
1767172260.110238,5,-2,-143
1767172260.120238,4,-6,-145
1767172260.130238,8,-5,-143
1767172260.140238,8,-5,-140
1767172260.150238,6,-6,-143
1767172260.1602385,1,-4,-146
1767172260.1702385,0,-6,-145
1767172260.1802382,-1,-3,-145
1767172260.1902382,5,-6,-141
1767172260.2002382,5,-5,-137
1767172260.2102382,3,-1,-138
1767172260.2202382,4,0,-133
1767172260.2302382,3,-1,-134
1767172260.2402382,6,0,-138
1767172260.2502382,4,2,-143
1767172260.2602382,1,3,-148
1767172260.2702382,6,4,-142
1767172260.2802382,6,8,-141
1767172260.290238,7,4,-143
1767172260.300238,9,2,-143
1767172260.310238,6,-1,-137
1767172260.320238,5,1,-141
1767172260.330238,1,0,-152
1767172260.340238,1,0,-148
1767172260.350238,-3,-3,-150
1767172260.360238,-8,-3,-142
1767172260.370238,-5,-5,-141
1767172260.380238,-1,0,-144
1767172260.390238,-2,0,-149
1767172260.400238,-5,-2,-148
1767172260.4102385,-7,-8,-153
1767172260.4202385,-11,-3,-148
1767172260.4302382,-8,-5,-142
1767172260.4402382,-1,-2,-144
1767172260.4502382,-2,-1,-141
1767172260.4602382,0,0,-140
1767172260.4702382,1,-4,-138
1767172260.4802382,0,-7,-137
1767172260.4902382,0,-2,-136
1767172260.5002382,-1,-5,-139
1767172260.5102382,-1,-6,-143
1767172260.5202382,-4,-6,-146
1767172260.5302382,-3,-7,-148
1767172260.540238,-5,-4,-140
1767172260.550238,-1,-8,-135
1767172260.560238,-5,-4,-132
1767172260.570238,-6,-1,-134
1767172260.580238,-7,0,-137
1767172260.590238,0,1,-135
1767172260.600238,0,0,-131
1767172260.610238,0,0,-129
1767172260.620238,3,-2,-131
1767172260.630238,0,0,-132
1767172260.640238,3,0,-132
1767172260.650238,0,0,-134
1767172260.6602385,1,0,-138
1767172260.6702385,0,-1,-147
1767172260.6802382,1,0,-145
1767172260.6902382,1,1,-143
1767172260.7002382,3,-2,-142
1767172260.7102382,0,0,-142
1767172260.7202382,0,-1,-145
1767172260.7302382,1,-2,-142
1767172260.7402382,2,-4,-140
1767172260.7502382,1,-5,-141
1767172260.7602382,0,-3,-138
1767172260.7702382,0,-5,-138
1767172260.7802382,0,-6,-139
1767172260.790238,-1,-9,-140
1767172260.800238,-6,-9,-146
1767172260.810238,-11,-9,-146
1767172260.820238,-11,-5,-143
1767172260.830238,-9,-8,-143
1767172260.840238,-9,-9,-147
1767172260.850238,-9,-5,-153
1767172260.860238,-2,-3,-162
1767172260.870238,-1,-3,-155
1767172260.880238,-2,0,-153
1767172260.890238,-1,-2,-154
1767172260.900238,-1,-5,-152
1767172260.9102385,0,-7,-153
1767172260.9202385,0,-5,-152
1767172260.9302382,0,-4,-147
1767172260.9402382,-1,0,-142
1767172260.9502382,5,2,-145
1767172260.9602382,5,-4,-149
1767172260.9702382,4,-5,-148
1767172260.9802382,0,-4,-148
1767172260.9902382,1,0,-135
1767172261.0002382,3,0,-130
1767172261.0102382,2,0,-134
1767172261.0202382,0,0,-134
1767172261.0302382,-3,0,-128
1767172261.040238,-9,0,-129
1767172261.050238,-11,0,-128
1767172261.060238,-9,-1,-126
1767172261.070238,-11,0,-133
1767172261.080238,-7,1,-134
1767172261.090238,1,6,-140
1767172261.100238,5,7,-145
1767172261.110238,9,4,-147
1767172261.120238,6,3,-147
1767172261.130238,4,7,-143
1767172261.140238,0,7,-144
1767172261.150238,1,2,-143
1767172261.1602385,9,3,-148
1767172261.1702385,8,1,-150
1767172261.1802382,6,0,-154
1767172261.1902382,1,1,-150
1767172261.2002382,4,-1,-151
1767172261.2102382,0,-4,-149
1767172261.2202382,0,-3,-142
1767172261.2302382,1,-1,-144
1767172261.2402382,2,-1,-146
1767172261.2502382,1,1,-139
1767172261.2602382,1,2,-142
1767172261.2702382,-3,3,-144
1767172261.2802382,-2,3,-139
1767172261.290238,3,2,-139
1767172261.300238,0,0,-140
1767172261.310238,-2,0,-138
1767172261.320238,-1,1,-135
1767172261.330238,-4,2,-136
1767172261.340238,-5,-1,-139
1767172261.350238,-8,-3,-141
1767172261.360238,-2,0,-146
1767172261.370238,-6,3,-145
1767172261.380238,-5,3,-143
1767172261.390238,-3,4,-139
1767172261.400238,-4,0,-136
1767172261.4102385,0,0,-138
1767172261.4202385,1,0,-143
1767172261.4302382,-1,4,-141
1767172261.4402382,1,0,-140
1767172261.4502382,0,-1,-138
1767172261.4602382,3,0,-144
1767172261.4702382,0,-5,-149
1767172261.4802382,-4,-3,-154
1767172261.4902382,-7,-1,-153
1767172261.5002382,-5,0,-154
1767172261.5102382,-4,-3,-146
1767172261.5202382,-4,-2,-146
1767172261.5302382,-4,1,-149
1767172261.540238,-5,0,-144
1767172261.550238,-5,-6,-146
1767172261.560238,-5,-7,-147
1767172261.570238,-9,-6,-149
1767172261.580238,-6,-4,-146
1767172261.590238,-5,-7,-150
1767172261.600238,-8,-9,-155
1767172261.610238,-9,-3,-152
1767172261.620238,-9,0,-152
1767172261.630238,-4,-1,-151
1767172261.640238,-6,0,-155
1767172261.650238,-1,-5,-156
1767172261.6602385,0,-4,-157
1767172261.6702385,0,-1,-151
1767172261.6802382,2,-3,-143
1767172261.6902382,0,-4,-143
1767172261.7002382,-2,-2,-147
1767172261.7102382,-6,-6,-138
1767172261.7202382,-5,-2,-137
1767172261.7302382,-2,0,-134
1767172261.741238,-6,2,-134
1767172261.751238,-4,2,-138
1767172261.761238,-3,0,-134
1767172261.771238,-2,-2,-138
1767172261.781238,-1,-4,-141
1767172261.791238,0,-4,-147
1767172261.801238,2,-5,-141
1767172261.811238,3,-6,-145
1767172261.821238,2,-4,-144
1767172261.8312385,4,-6,-142
1767172261.8412385,1,-4,-137
1767172261.8512385,0,0,-134
1767172261.8612382,1,-1,-127
1767172261.8712382,3,0,-134
1767172261.8812382,4,-2,-135
1767172261.8912382,0,-4,-141
1767172261.9012382,0,-2,-140
1767172261.9112382,-1,-2,-140
1767172261.9212382,-1,0,-142
1767172261.9312382,6,7,-142
1767172261.9412382,5,7,-142
1767172261.9512382,1,8,-136
1767172261.961238,2,10,-137
1767172261.971238,-3,6,-144
1767172261.981238,0,2,-147
1767172261.991238,-2,1,-149
1767172262.001238,-4,1,-154
1767172262.011238,-4,1,-158
1767172262.021238,-2,-2,-150
1767172262.031238,-5,-1,-149
1767172262.041238,-7,-1,-147
1767172262.051238,-5,-4,-145
1767172262.061238,-5,-2,-144
1767172262.071238,-1,1,-143
1767172262.0812385,-1,1,-142
1767172262.0912385,1,0,-144
1767172262.1012385,0,-5,-142
1767172262.1112382,1,-3,-141
1767172262.1212382,1,0,-140
1767172262.1312382,1,-2,-144
1767172262.1412382,5,-2,-149
1767172262.1512382,1,0,-151
1767172262.1612382,1,0,-152
1767172262.1712382,3,0,-157
1767172262.1812382,0,-3,-151
1767172262.1912382,-4,-7,-150
1767172262.2012382,-3,-6,-149
1767172262.211238,-3,-1,-145
1767172262.221238,-1,-3,-148
1767172262.231238,-1,-7,-149
1767172262.241238,-1,-5,-148
1767172262.251238,0,-3,-153
1767172262.261238,-2,-3,-149
1767172262.271238,0,0,-145
1767172262.281238,-1,0,-145
1767172262.291238,0,0,-146
1767172262.301238,0,-4,-144
1767172262.311238,0,-4,-140
1767172262.321238,0,0,-139
1767172262.3312385,3,0,-141
1767172262.3412385,7,4,-139
1767172262.3512385,5,0,-135
1767172262.3612382,6,3,-135
1767172262.3712382,2,3,-133
1767172262.3812382,4,2,-131
1767172262.3912382,0,5,-134
1767172262.4012382,0,7,-134
1767172262.4112382,2,4,-137
1767172262.4212382,3,3,-137
1767172262.4312382,3,5,-130
1767172262.4412382,1,3,-125
1767172262.4512382,1,0,-121
1767172262.461238,1,1,-122
1767172262.471238,1,2,-121
1767172262.481238,4,-3,-116
1767172262.491238,0,-4,-115
1767172262.501238,4,-2,-124
1767172262.511238,1,-1,-127
1767172262.521238,-3,-1,-125
1767172262.531238,-5,0,-125
1767172262.541238,-2,1,-130
1767172262.551238,-3,6,-137
1767172262.561238,-5,4,-140
1767172262.571238,-1,3,-146
1767172262.5812385,2,3,-148
1767172262.5912385,0,2,-150
1767172262.6012385,2,-2,-150
1767172262.6112382,3,-2,-147
1767172262.6212382,0,-2,-146
1767172262.6312382,0,-1,-149
1767172262.6412382,0,0,-140
1767172262.6512382,2,-1,-138
1767172262.6612382,3,-1,-142
1767172262.6712382,5,3,-144
1767172262.6812382,8,6,-147
1767172262.6912382,1,6,-143
1767172262.7012382,0,5,-137
1767172262.711238,2,1,-130
1767172262.721238,1,1,-130
1767172262.731238,-1,5,-133
1767172262.741238,-2,5,-136
1767172262.751238,-5,2,-137
1767172262.761238,-4,3,-144
1767172262.771238,-4,0,-147
1767172262.781238,-5,-1,-150
1767172262.791238,-2,-1,-143
1767172262.801238,-1,1,-141
1767172262.811238,-4,1,-139
1767172262.821238,0,-4,-135
1767172262.8312385,1,-6,-143
1767172262.8412385,4,-7,-135
1767172262.8512385,7,-5,-139
1767172262.8612382,7,-4,-145
1767172262.8712382,8,-7,-146
1767172262.8812382,3,-2,-151
1767172262.8912382,0,0,-147
1767172262.9012382,0,-2,-138
1767172262.9112382,0,-2,-135
1767172262.9212382,0,-5,-143
1767172262.9312382,1,-7,-153
1767172262.9412382,4,-6,-152
1767172262.9512382,3,-6,-149
1767172262.961238,4,-3,-146
1767172262.971238,7,-3,-144
1767172262.981238,6,-7,-140
1767172262.991238,4,-5,-135
1767172263.0122385,2,-2,-138
1767172263.021238,7,-6,-140
1767172263.031238,3,-5,-140
1767172263.041238,0,-4,-139
1767172263.051238,-2,0,-145
1767172263.061238,-1,-1,-144
1767172263.071238,-4,-3,-144
1767172263.0812385,0,-8,-142
1767172263.0912385,0,-6,-151
1767172263.1012385,-5,-7,-151
1767172263.1112382,-6,-5,-153
1767172263.1212382,-4,0,-146
1767172263.1312382,-3,2,-149
1767172263.1412382,-5,1,-152
1767172263.1512382,-4,3,-150
1767172263.1612382,-2,3,-154
1767172263.1712382,-4,4,-156
1767172263.1812382,-5,2,-150
1767172263.1912382,-4,0,-143
1767172263.2012382,-3,0,-141
1767172263.211238,-3,-3,-145
1767172263.221238,-4,0,-143
1767172263.231238,-2,2,-142
1767172263.241238,-1,4,-147
1767172263.251238,0,3,-142
1767172263.261238,1,0,-143
1767172263.271238,1,-2,-146
1767172263.281238,0,0,-142
1767172263.291238,-4,0,-140
1767172263.301238,-5,-6,-150
1767172263.311238,-1,-4,-147
1767172263.321238,-1,-6,-143
1767172263.3312385,-3,-3,-142
1767172263.3412385,-4,1,-146
1767172263.3512385,-4,-2,-144
1767172263.3612382,-3,-1,-143
1767172263.3712382,-1,0,-146
1767172263.3812382,2,0,-152
1767172263.3912382,0,1,-162
1767172263.4012382,2,0,-157
1767172263.4112382,4,3,-153
1767172263.4212382,5,5,-148
1767172263.4312382,0,9,-155
1767172263.4412382,0,9,-150
1767172263.4512382,0,7,-147
1767172263.461238,-3,6,-145
1767172263.471238,-4,8,-144
1767172263.481238,0,7,-144
1767172263.491238,1,2,-145
1767172263.501238,0,2,-146
1767172263.511238,-3,5,-146
1767172263.521238,0,4,-144
1767172263.531238,-1,4,-145
1767172263.541238,0,0,-143
1767172263.551238,-1,0,-142
1767172263.561238,-3,3,-141
1767172263.571238,-2,3,-139
1767172263.5812385,-6,2,-141
1767172263.5912385,-1,4,-140
1767172263.6012385,-7,4,-137
1767172263.6112382,-4,4,-142
1767172263.6212382,-3,5,-146
1767172263.6312382,-4,2,-146
1767172263.6412382,-2,8,-141
1767172263.6512382,-6,5,-137
1767172263.6612382,-6,4,-135
1767172263.6712382,-3,3,-138
1767172263.6812382,-3,2,-137
1767172263.6912382,-3,3,-139
1767172263.7012382,-4,0,-141
1767172263.711238,-4,-1,-138
1767172263.721238,-4,-2,-142
1767172263.731238,-8,-5,-138
1767172263.741238,-9,-5,-134
1767172263.751238,-6,-7,-132
1767172263.761238,-3,-12,-134
1767172263.771238,-6,-9,-136
1767172263.781238,-2,-3,-137
1767172263.791238,-1,-1,-140
1767172263.801238,-2,0,-144
1767172263.811238,-7,-4,-151
1767172263.821238,-7,-4,-150
1767172263.8312385,-7,-5,-147
1767172263.8412385,-2,-5,-143
1767172263.8512385,1,-4,-145
1767172263.8612382,5,-3,-148
1767172263.8712382,6,-7,-146
1767172263.8812382,3,-4,-143
1767172263.8912382,0,-5,-146
1767172263.9012382,-1,-3,-150
1767172263.9112382,2,-3,-153
1767172263.9212382,3,0,-154
1767172263.9312382,3,-2,-152
1767172263.9412382,0,-5,-152
1767172263.9512382,-2,-1,-153
1767172263.961238,-4,0,-156
1767172263.971238,-6,-1,-151
1767172263.981238,-9,-1,-149
1767172263.991238,-7,-3,-149
1767172264.001238,-5,-3,-141
1767172264.011238,-3,-4,-141
1767172264.021238,-8,-9,-148
1767172264.031238,-7,-14,-156
1767172264.041238,-7,-13,-159
1767172264.051238,-4,-11,-162
1767172264.061238,-1,-9,-153
1767172264.071238,-5,-11,-150
1767172264.0812385,-5,-14,-142
1767172264.0912385,-2,-9,-138
1767172264.1012385,-4,-4,-144
1767172264.1112382,-3,-4,-146
1767172264.1212382,-4,-1,-138
1767172264.1312382,-6,0,-138
1767172264.1412382,-1,-2,-133
1767172264.1512382,0,0,-138
1767172264.1612382,1,0,-142
1767172264.1712382,1,1,-146
1767172264.1812382,3,0,-149
1767172264.1912382,1,2,-140
1767172264.2012382,0,3,-134
1767172264.211238,-6,5,-133
1767172264.221238,-5,5,-135
1767172264.231238,-3,0,-138
1767172264.241238,-3,4,-136
1767172264.252238,-4,5,-142
1767172264.261238,-3,6,-133
1767172264.271238,1,3,-135
1767172264.2822382,-3,0,-133
1767172264.2922382,0,0,-132
1767172264.3022382,-2,4,-139
1767172264.3122382,0,2,-146
1767172264.3222382,-1,3,-145
1767172264.3322382,0,5,-141
1767172264.3422382,-1,4,-138
1767172264.3522382,0,5,-135
1767172264.3622382,3,3,-136
1767172264.3722382,5,4,-141
1767172264.382238,5,3,-139
1767172264.392238,4,2,-138
1767172264.402238,4,0,-140
1767172264.412238,2,2,-144
1767172264.422238,1,3,-144
1767172264.432238,4,4,-140
1767172264.442238,3,2,-134
1767172264.452238,-1,2,-131
1767172264.462238,0,1,-128
1767172264.472238,0,2,-139
1767172264.482238,0,0,-141
1767172264.492238,0,0,-140
1767172264.502238,1,-2,-137
1767172264.5122385,2,-2,-143
1767172264.5222385,-1,-3,-146
1767172264.5322382,-2,-3,-149
1767172264.5422382,-7,0,-148
1767172264.5522382,-5,1,-148
1767172264.5622382,-6,1,-147
1767172264.5722382,-5,1,-144
1767172264.5822382,-5,0,-141
1767172264.5922382,-8,5,-144
1767172264.6022382,-3,4,-146
1767172264.6122382,-5,1,-145
1767172264.6222382,3,2,-147
1767172264.632238,8,0,-143
1767172264.642238,9,-2,-143
1767172264.652238,6,0,-140
1767172264.662238,2,0,-150
1767172264.672238,0,0,-144
1767172264.682238,0,1,-135
1767172264.692238,-4,4,-133
1767172264.702238,-1,7,-134
1767172264.712238,-1,7,-135
1767172264.722238,2,3,-137
1767172264.732238,6,-2,-138
1767172264.742238,3,-4,-140
1767172264.752238,6,-4,-142
1767172264.7622385,0,-4,-143
1767172264.7722385,-1,-5,-142
1767172264.7822382,-3,-1,-146
1767172264.7922382,-5,0,-148
1767172264.8022382,-3,1,-148
1767172264.8122382,0,0,-146
1767172264.8222382,-3,2,-142
1767172264.8322382,-10,0,-144
1767172264.8422382,-7,1,-141
1767172264.8522382,-3,-1,-147
1767172264.8622382,-3,-2,-143
1767172264.8722382,-7,-4,-141
1767172264.882238,-5,0,-138
1767172264.892238,-5,1,-139
1767172264.902238,-5,2,-137
1767172264.912238,-4,-1,-141
1767172264.922238,-4,-3,-142
1767172264.932238,-3,-2,-148
1767172264.942238,-1,-4,-149
1767172264.952238,0,-7,-144
1767172264.962238,0,-3,-144
1767172264.972238,0,0,-144
1767172264.982238,0,0,-138
1767172264.992238,3,-2,-132
1767172265.002238,3,-7,-137
1767172265.0122385,4,-5,-138
1767172265.0222385,7,-4,-144
1767172265.0322382,3,-3,-146
1767172265.0422382,4,-2,-141
1767172265.0522382,0,-4,-140
1767172265.0622382,-1,-5,-137
1767172265.0722382,-3,-3,-143
1767172265.0822382,0,-4,-142
1767172265.0922382,1,-3,-142
1767172265.1022382,-1,-3,-142
1767172265.1122382,-4,-4,-144
1767172265.1222382,-3,0,-148
1767172265.132238,-1,0,-145
1767172265.142238,-2,-2,-145
1767172265.152238,0,0,-143
1767172265.162238,-4,3,-147
1767172265.172238,-4,2,-147
1767172265.182238,-6,4,-143
1767172265.192238,-8,4,-142
1767172265.202238,-5,5,-146
1767172265.212238,-8,3,-142
1767172265.222238,-7,1,-138
1767172265.232238,0,-1,-137
1767172265.242238,-1,0,-138
1767172265.252238,-4,-1,-142
1767172265.2622385,-4,-1,-150
1767172265.2722385,-6,-2,-155
1767172265.2822382,-2,-4,-154
1767172265.2922382,-1,-9,-153
1767172265.3022382,0,-9,-149
1767172265.3122382,5,-7,-141
1767172265.323238,3,-2,-137
1767172265.3322382,3,-3,-131
1767172265.3422382,5,-6,-131
1767172265.3522382,6,-3,-138
1767172265.3622382,3,-1,-136
1767172265.3722382,6,0,-134
1767172265.382238,7,0,-140
1767172265.392238,5,1,-144
1767172265.402238,5,1,-145
1767172265.412238,1,3,-148
1767172265.422238,0,3,-152
1767172265.432238,7,-4,-152
1767172265.442238,8,-5,-154
1767172265.452238,6,-5,-148
1767172265.462238,5,-4,-145
1767172265.472238,3,-3,-147
1767172265.482238,3,2,-152
1767172265.492238,0,0,-147
1767172265.502238,-2,-3,-149
1767172265.5122385,-1,-7,-146
1767172265.5222385,0,-9,-140
1767172265.5322382,0,-6,-145
1767172265.5422382,3,-4,-142
1767172265.5522382,5,-5,-139
1767172265.5622382,3,-6,-140
1767172265.5722382,8,-6,-145
1767172265.5822382,5,-5,-145
1767172265.5922382,2,-7,-142
1767172265.6022382,3,-7,-143
1767172265.6122382,1,-6,-147
1767172265.6222382,3,-7,-150
1767172265.632238,0,-8,-154
1767172265.642238,-4,-9,-149
1767172265.652238,-5,-9,-147
1767172265.662238,-3,-7,-143
1767172265.672238,-2,-7,-143
1767172265.682238,0,-5,-134
1767172265.692238,0,-9,-128
1767172265.702238,1,-9,-131
1767172265.712238,-2,-8,-136
1767172265.722238,-4,-8,-139
1767172265.732238,-6,-4,-141
1767172265.742238,-7,0,-144
1767172265.752238,-8,3,-150
1767172265.7622385,-8,3,-147
1767172265.7722385,-6,1,-138
1767172265.7822382,0,-3,-144
1767172265.7922382,0,-2,-144
1767172265.8022382,0,-1,-145
1767172265.8122382,3,1,-145
1767172265.8222382,3,-1,-143
1767172265.8322382,0,-3,-144
1767172265.8422382,0,-2,-143
1767172265.8522382,-4,-1,-146
1767172265.8622382,-5,4,-144
1767172265.8722382,-2,5,-148
1767172265.882238,0,4,-145
1767172265.892238,0,3,-145
1767172265.902238,0,1,-149
1767172265.912238,2,0,-146
1767172265.922238,4,-2,-143
1767172265.932238,0,-2,-145
1767172265.942238,0,-2,-150
1767172265.952238,2,1,-148
1767172265.962238,3,-1,-141
1767172265.972238,0,0,-141
1767172265.982238,-5,1,-150
1767172265.992238,-1,5,-147
1767172266.002238,0,3,-147
1767172266.0122385,2,3,-147
1767172266.0222385,5,3,-143
1767172266.0322382,6,4,-147
1767172266.0422382,3,4,-151
1767172266.0522382,3,0,-148
1767172266.0622382,4,0,-143
1767172266.0722382,6,0,-138
1767172266.0822382,3,-2,-143
1767172266.0922382,6,-1,-148
1767172266.1022382,5,-2,-149
1767172266.1122382,0,-4,-148
1767172266.1222382,-2,-5,-147
1767172266.132238,-1,-4,-141
1767172266.142238,0,-1,-145
1767172266.152238,-2,0,-148
1767172266.162238,-3,0,-145
1767172266.172238,-5,-2,-140
1767172266.182238,-5,-1,-139
1767172266.192238,-2,0,-140
1767172266.202238,0,-1,-145
1767172266.212238,3,0,-145
1767172266.222238,5,-4,-145
1767172266.232238,2,-3,-143
1767172266.242238,-1,0,-146
1767172266.252238,0,-1,-146
1767172266.2622385,0,-2,-145
1767172266.2722385,-2,-3,-143
1767172266.2822382,-7,-3,-137
1767172266.2922382,-8,-5,-133
1767172266.3022382,-5,-8,-139
1767172266.3122382,-4,-7,-139
1767172266.3222382,0,-8,-136
1767172266.3322382,-1,-10,-130
1767172266.3422382,1,-10,-128
1767172266.3522382,1,-6,-130
1767172266.3622382,0,-4,-135
1767172266.3722382,1,-5,-142
1767172266.382238,0,-1,-152
1767172266.392238,1,-2,-145
1767172266.402238,0,0,-132
1767172266.412238,-1,2,-129
1767172266.422238,-1,5,-129
1767172266.432238,1,6,-135
1767172266.442238,6,4,-137
1767172266.452238,7,6,-138
1767172266.462238,8,8,-138
1767172266.472238,3,4,-147
1767172266.482238,5,0,-149
1767172266.492238,3,2,-147
1767172266.502238,5,4,-144
1767172266.5122385,3,6,-143
1767172266.5222385,2,7,-147
1767172266.5322382,1,8,-149
1767172266.5422382,3,5,-153
1767172266.5522382,0,5,-151
1767172266.5622382,-1,2,-141
1767172266.5722382,-5,-3,-136
1767172266.5822382,-1,-2,-139
1767172266.5922382,0,0,-142
1767172266.6022382,4,-4,-143
1767172266.6122382,2,-2,-141
1767172266.6222382,-1,5,-144
1767172266.632238,1,6,-144
1767172266.642238,0,6,-147
1767172266.652238,2,6,-145
1767172266.662238,2,0,-150
1767172266.672238,1,2,-150
1767172266.682238,1,0,-147
1767172266.692238,0,0,-153
1767172266.702238,2,1,-154
1767172266.712238,3,-1,-149
1767172266.722238,3,-2,-146
1767172266.732238,4,-7,-155
1767172266.742238,6,-12,-151
1767172266.752238,4,-13,-158
1767172266.7622385,4,-8,-153
1767172266.7722385,1,-6,-139
1767172266.7822382,-6,0,-143
1767172266.7922382,-7,0,-149
1767172266.8032382,-8,0,-151
1767172266.8122382,-7,1,-145
1767172266.823238,-6,-1,-141
1767172266.833238,-1,0,-140
1767172266.843238,0,1,-144
1767172266.853238,0,2,-144
1767172266.863238,0,2,-141
1767172266.873238,-2,4,-153
1767172266.883238,0,0,-156
1767172266.893238,4,1,-153
1767172266.903238,3,-3,-151
1767172266.913238,1,-3,-154
1767172266.923238,-1,-4,-159
1767172266.9332385,-1,-3,-157
1767172266.9432385,-1,-4,-148
1767172266.9532382,2,-5,-144
1767172266.9632382,3,-3,-142
1767172266.9732382,-2,-4,-139
1767172266.9832382,1,0,-143
1767172266.9932382,2,-2,-140
1767172267.0032382,5,1,-140
1767172267.0132382,-1,-1,-145
1767172267.0232382,0,0,-149
1767172267.0332382,1,-1,-158
1767172267.0432382,2,-1,-153
1767172267.0532382,4,-3,-155
1767172267.063238,4,-4,-161
1767172267.073238,6,-6,-161
1767172267.083238,1,-6,-157
1767172267.093238,-1,-4,-153
1767172267.103238,0,-1,-148
1767172267.113238,2,-1,-146
1767172267.123238,4,-3,-146
1767172267.133238,0,1,-146
1767172267.143238,-3,2,-147
1767172267.153238,-6,0,-152
1767172267.163238,-9,2,-153
1767172267.173238,-9,-1,-150
1767172267.1832385,-11,-4,-143
1767172267.1932385,-11,-3,-136
1767172267.2032382,-12,-4,-136
1767172267.2132382,-13,0,-137
1767172267.2232382,-12,0,-139
1767172267.2332382,-9,-4,-145
1767172267.2432382,-7,-5,-144
1767172267.2532382,-8,-1,-138
1767172267.2632382,-1,2,-130
1767172267.2732382,-2,0,-128
1767172267.2832382,-1,-1,-137
1767172267.2932382,-2,-3,-142
1767172267.3032382,-5,-4,-147
1767172267.313238,-6,-1,-140
1767172267.323238,-6,2,-146
1767172267.333238,-2,1,-149
1767172267.343238,-1,-3,-149
1767172267.353238,-2,-5,-149
1767172267.363238,0,-9,-151
1767172267.373238,2,-8,-153
1767172267.383238,3,-7,-150
1767172267.393238,0,-4,-143
1767172267.403238,0,-3,-145
1767172267.413238,5,-3,-145
1767172267.423238,6,-1,-147
1767172267.4332385,12,-2,-149
1767172267.4432385,8,-1,-149
1767172267.4532382,8,0,-148
1767172267.4632382,7,0,-143
1767172267.4732382,4,-2,-139
1767172267.4832382,2,-4,-146
1767172267.4932382,-1,-5,-146
1767172267.5032382,0,-1,-153
1767172267.5132382,2,1,-149
1767172267.5232382,2,2,-148
1767172267.5332382,0,0,-147
1767172267.5432382,-1,1,-142
1767172267.5532382,0,0,-141
1767172267.563238,0,-1,-143
1767172267.573238,0,0,-139
1767172267.583238,-1,-1,-134
1767172267.593238,-2,2,-133
1767172267.603238,0,1,-136
1767172267.613238,0,-1,-144
1767172267.623238,-5,-5,-148
1767172267.633238,-5,-3,-153
1767172267.643238,-3,-1,-149
1767172267.653238,-2,0,-148
1767172267.663238,-7,-6,-145
1767172267.673238,-5,-4,-149
1767172267.6832385,0,-2,-152
1767172267.6932385,4,-2,-144
1767172267.7032382,0,-4,-146
1767172267.7132382,0,-4,-149
1767172267.7232382,-1,-3,-146
1767172267.7332382,0,-4,-142
1767172267.7432382,1,-6,-141
1767172267.7532382,0,-5,-137
1767172267.7632382,0,-6,-141
1767172267.7732382,0,-4,-153
1767172267.7832382,0,-4,-160
1767172267.7932382,2,-2,-150
1767172267.8032382,2,-3,-147
1767172267.813238,4,0,-145
1767172267.823238,4,0,-145
1767172267.833238,3,-7,-151
1767172267.843238,1,-10,-147
1767172267.853238,-5,-10,-152
1767172267.863238,-5,-4,-144
1767172267.873238,-6,-4,-143
1767172267.883238,-5,-2,-147
1767172267.893238,-8,-3,-144
1767172267.903238,-7,3,-135
1767172267.913238,-6,3,-139
1767172267.923238,-9,-1,-144
1767172267.9332385,-4,-2,-145
1767172267.9432385,-5,1,-142
1767172267.9532382,-4,1,-141
1767172267.9632382,-4,1,-143
1767172267.9732382,-2,2,-149
1767172267.9832382,-3,0,-145
1767172267.9932382,-3,0,-147
1767172268.0032382,-2,0,-142
1767172268.025238,-1,-2,-144
1767172268.0332382,0,0,-143
1767172268.0432382,0,-3,-144
1767172268.0532382,-2,-2,-142
1767172268.063238,-7,-5,-141
1767172268.073238,-3,-3,-143
1767172268.083238,-2,-2,-142
1767172268.093238,0,-2,-141
1767172268.103238,-2,0,-143
1767172268.113238,-5,-1,-147
1767172268.123238,-6,-3,-147
1767172268.133238,-8,-4,-152
1767172268.143238,-5,-4,-140
1767172268.153238,-5,-1,-138
1767172268.163238,-5,0,-140
1767172268.173238,0,5,-144
1767172268.1832385,3,6,-143
1767172268.1932385,1,8,-141
1767172268.2032382,1,5,-137
1767172268.2132382,1,2,-137
1767172268.2232382,-1,1,-138
1767172268.2332382,0,0,-141
1767172268.2432382,-3,0,-143
1767172268.2532382,-3,0,-139
1767172268.2632382,-2,0,-142
1767172268.2732382,-3,-2,-138
1767172268.2832382,-4,2,-137
1767172268.2932382,-8,0,-134
1767172268.3032382,-2,-1,-132
1767172268.313238,-1,2,-125
1767172268.323238,-3,7,-131
1767172268.333238,-4,6,-135
1767172268.343238,-2,2,-142
1767172268.353238,-2,0,-144
1767172268.363238,-3,0,-140
1767172268.373238,-3,1,-143
1767172268.383238,-2,2,-141
1767172268.393238,-3,5,-143
1767172268.403238,-1,6,-145
1767172268.413238,-1,3,-149
1767172268.423238,-3,4,-148
1767172268.4332385,-5,1,-147
1767172268.4432385,-4,0,-155
1767172268.4532382,-4,0,-158
1767172268.4632382,-5,-2,-155
1767172268.4732382,0,-3,-148
1767172268.4832382,1,-1,-149
1767172268.4932382,3,3,-148
1767172268.5032382,5,2,-142
1767172268.5132382,7,3,-143
1767172268.5232382,6,4,-141
1767172268.5332382,0,0,-142
1767172268.5432382,-5,-4,-144
1767172268.5532382,-5,-4,-142
1767172268.563238,-10,1,-140
1767172268.573238,-8,0,-146
1767172268.583238,-3,0,-142
1767172268.593238,-2,2,-135
1767172268.603238,-8,5,-127
1767172268.613238,-9,8,-135
1767172268.623238,-7,3,-145
1767172268.633238,-6,4,-146
1767172268.643238,-3,4,-144
1767172268.653238,-3,0,-143
1767172268.663238,0,0,-146
1767172268.673238,2,1,-147
1767172268.6832385,1,0,-141
1767172268.6932385,0,0,-143
1767172268.7032382,-1,-1,-145
1767172268.7132382,-2,-2,-149
1767172268.7232382,1,0,-151
1767172268.7332382,3,-1,-150
1767172268.7432382,-1,-1,-147
1767172268.7532382,-4,1,-150
1767172268.7632382,0,6,-146
1767172268.7732382,4,2,-144
1767172268.7832382,3,4,-142
1767172268.7932382,-4,4,-143
1767172268.8032382,-5,3,-140
1767172268.813238,-2,-3,-144
1767172268.823238,-3,-1,-141
1767172268.833238,-6,3,-140
1767172268.843238,-11,3,-149
1767172268.853238,-11,0,-150
1767172268.863238,-4,-4,-148
1767172268.873238,1,-6,-149
1767172268.883238,1,-5,-153
1767172268.893238,0,0,-140
1767172268.903238,1,-1,-136
1767172268.913238,1,0,-136
1767172268.923238,5,2,-144
1767172268.9332385,7,5,-143
1767172268.9432385,9,4,-143
1767172268.9532382,7,1,-146
1767172268.9632382,4,-1,-143
1767172268.9732382,0,-2,-141
1767172268.9832382,-1,0,-137
1767172268.9932382,-7,-1,-130
1767172269.0032382,-5,0,-134
1767172269.0132382,-3,1,-138
1767172269.0232382,-3,2,-136
1767172269.0332382,0,0,-137
1767172269.0432382,4,-1,-139
1767172269.0532382,0,0,-137
1767172269.063238,3,-6,-133
1767172269.073238,3,-6,-143
1767172269.083238,4,-4,-143
1767172269.093238,4,-2,-147
1767172269.103238,2,2,-142
1767172269.113238,-1,2,-140
1767172269.123238,-2,6,-146
1767172269.133238,-1,2,-145
1767172269.143238,3,4,-146
1767172269.153238,0,7,-146
1767172269.163238,2,4,-147
1767172269.173238,2,0,-142
1767172269.1832385,0,1,-139
1767172269.1932385,2,-2,-141
1767172269.2032382,2,-2,-148
1767172269.2132382,3,-4,-153
1767172269.2232382,0,-2,-149
1767172269.2332382,3,0,-152
1767172269.2432382,1,-2,-151
1767172269.2532382,-4,4,-145
1767172269.2632382,-3,2,-141
1767172269.2732382,0,-1,-140
1767172269.2832382,-4,-4,-141
1767172269.2932382,-6,-2,-145
1767172269.3032382,-1,1,-147
1767172269.313238,0,0,-145
1767172269.323238,2,0,-146
1767172269.333238,1,-2,-154
1767172269.343238,0,-4,-154
1767172269.353238,-2,-2,-149
1767172269.3642385,-1,-4,-146
1767172269.3742385,0,-2,-148
1767172269.3842382,0,1,-152
1767172269.3942382,2,-3,-150
1767172269.4042382,1,-2,-146
1767172269.4142382,0,-1,-145
1767172269.4242382,0,-2,-142
1767172269.4342382,0,-7,-146
1767172269.4442382,-3,-4,-151
1767172269.4542382,-4,-5,-144
1767172269.4642382,-5,-7,-135
1767172269.4742382,-7,-7,-137
1767172269.484238,-6,-6,-137
1767172269.494238,0,-4,-148
1767172269.504238,-3,-8,-154
1767172269.514238,-5,-8,-154
1767172269.524238,-7,-5,-150
1767172269.534238,-9,-4,-148
1767172269.544238,-5,-4,-147
1767172269.554238,-7,-3,-147
1767172269.564238,-7,0,-144
1767172269.574238,-5,1,-145
1767172269.584238,-5,6,-145
1767172269.594238,-6,8,-141
1767172269.6042385,-6,6,-144
1767172269.6142385,-4,5,-144
1767172269.6242385,-4,5,-140
1767172269.6342382,-4,3,-143
1767172269.6442382,-4,3,-144
1767172269.6542382,-5,-3,-143
1767172269.6642382,-7,2,-145
1767172269.6742382,-6,3,-139
1767172269.6842382,-8,0,-137
1767172269.6942382,-7,-3,-138
1767172269.7042382,-2,-5,-137
1767172269.7142382,-3,-3,-136
1767172269.7242382,-2,-1,-136
1767172269.734238,0,0,-137
1767172269.744238,0,-4,-141
1767172269.754238,-2,-6,-149
1767172269.764238,0,-4,-145
1767172269.774238,-3,-3,-145
1767172269.784238,0,1,-141
1767172269.794238,0,0,-149
1767172269.804238,-1,0,-143
1767172269.814238,1,-2,-141
1767172269.824238,3,-2,-144
1767172269.834238,5,-1,-141
1767172269.844238,-2,-2,-144
1767172269.8542385,-2,-5,-137
1767172269.8642385,-1,-1,-135
1767172269.8742385,-3,0,-134
1767172269.8842382,-5,2,-132
1767172269.8942382,-7,1,-137
1767172269.9042382,-4,1,-144
1767172269.9142382,-2,2,-143
1767172269.9242382,-3,0,-140
1767172269.9342382,-1,2,-138
1767172269.9442382,-2,4,-137
1767172269.9542382,-3,0,-143
1767172269.9642382,-5,1,-138
1767172269.9742382,-6,-2,-141
1767172269.984238,-8,1,-140
1767172269.994238,-6,2,-145
1767172270.004238,-2,1,-148
1767172270.014238,0,-1,-151
1767172270.024238,-1,-2,-154
1767172270.034238,-2,0,-148
1767172270.044238,-4,2,-139
1767172270.054238,-1,2,-137
1767172270.064238,0,0,-135
1767172270.074238,1,-2,-137
1767172270.084238,0,-1,-138
1767172270.094238,-4,-2,-131
1767172270.1042385,-3,-5,-137
1767172270.1142385,-2,-3,-137
1767172270.1242385,2,-1,-134
1767172270.1342382,0,-3,-133
1767172270.1442382,-1,-5,-134
1767172270.1542382,0,-6,-134
1767172270.1642382,2,-3,-137
1767172270.1742382,2,-6,-141
1767172270.1842382,4,-6,-142
1767172270.1942382,2,-6,-142
1767172270.2042382,3,-6,-137
1767172270.2142382,4,-2,-137
1767172270.2242382,2,0,-142
1767172270.234238,3,0,-142
1767172270.244238,3,3,-142
1767172270.254238,0,6,-147
1767172270.264238,-1,4,-148
1767172270.274238,2,5,-154
1767172270.284238,-1,2,-155
1767172270.294238,-2,-1,-152
1767172270.304238,-1,-3,-151
1767172270.314238,-1,-6,-145
1767172270.324238,-3,-6,-142
1767172270.334238,-2,-2,-148
1767172270.344238,0,1,-147
1767172270.3542385,6,-3,-141
1767172270.3642385,10,1,-141
1767172270.3742385,8,5,-143
1767172270.3842382,9,0,-153
1767172270.3942382,5,-1,-148
1767172270.4042382,4,0,-140
1767172270.4142382,2,1,-137
1767172270.4242382,-3,1,-139
1767172270.4342382,-4,2,-137
1767172270.4442382,-4,-1,-140
1767172270.4542382,-6,-1,-136
1767172270.4642382,-3,-1,-138
1767172270.4742382,-2,0,-134
1767172270.484238,1,0,-132
1767172270.494238,0,-5,-135
1767172270.504238,-2,-5,-140
1767172270.514238,0,-7,-135
1767172270.524238,-4,-6,-137
1767172270.534238,-1,-3,-137
1767172270.544238,1,-6,-138
1767172270.554238,2,-5,-140
1767172270.564238,1,-2,-143
1767172270.574238,0,-5,-146
1767172270.584238,1,-3,-142
1767172270.594238,6,-4,-141
1767172270.6042385,0,-1,-145
1767172270.6142385,2,0,-143
1767172270.6242385,1,2,-140
1767172270.6342382,-3,1,-137
1767172270.6442382,-5,4,-137
1767172270.6542382,-4,1,-135
1767172270.6642382,1,-3,-136
1767172270.6742382,0,-2,-131
1767172270.6842382,4,-2,-138
1767172270.6942382,3,1,-139
1767172270.7042382,0,1,-132
1767172270.7142382,-4,0,-135
1767172270.7242382,1,-1,-135
1767172270.734238,2,0,-127
1767172270.744238,0,0,-134
1767172270.754238,-2,-4,-141
1767172270.764238,-3,-2,-143
1767172270.774238,-4,-1,-146
1767172270.784238,-2,-1,-140
1767172270.794238,-3,-2,-141
1767172270.804238,-5,-6,-146
1767172270.814238,-4,-11,-141
1767172270.824238,-2,-9,-144
1767172270.834238,1,-6,-144
1767172270.844238,-1,-3,-141
1767172270.8542385,-2,-1,-143
1767172270.8642385,-1,-3,-141
1767172270.8742385,-4,0,-139
1767172270.8842382,0,-2,-134
1767172270.8942382,5,0,-136
1767172270.9042382,6,-2,-138
1767172270.9142382,6,-4,-141
1767172270.9242382,1,-6,-148
1767172270.9342382,-1,-7,-147
1767172270.9442382,0,-9,-152
1767172270.9542382,-2,-9,-148
1767172270.9642382,0,-4,-139
1767172270.9742382,0,-3,-140
1767172270.984238,0,-1,-139
1767172270.994238,-3,-6,-140
1767172271.004238,-3,-6,-144
1767172271.014238,-3,-4,-149
1767172271.024238,-5,-5,-152
1767172271.034238,-1,-1,-151
1767172271.044238,-3,-2,-161
1767172271.054238,-5,-3,-165
1767172271.064238,-4,-9,-162
1767172271.074238,-4,-8,-156
1767172271.084238,-3,-2,-153
1767172271.094238,0,-4,-153
1767172271.1042385,-3,1,-150
1767172271.1142385,-3,2,-149
1767172271.1242385,-3,0,-149
1767172271.1342382,-5,0,-146
1767172271.1442382,-7,-1,-144
1767172271.1542382,-4,-5,-138
1767172271.1642382,-1,-3,-137
1767172271.1742382,0,0,-132
1767172271.1842382,-1,0,-129
1767172271.1942382,1,4,-134
1767172271.2042382,-1,0,-139
1767172271.2142382,0,-3,-134
1767172271.2242382,-4,-4,-140
1767172271.234238,-5,-2,-136
1767172271.244238,-1,0,-135
1767172271.254238,-4,-5,-141
1767172271.264238,-4,-1,-146
1767172271.274238,-6,3,-141
1767172271.284238,-5,6,-143
1767172271.294238,-1,7,-143
1767172271.304238,-3,6,-146
1767172271.314238,0,2,-146
1767172271.324238,3,-1,-148
1767172271.334238,6,-2,-151
1767172271.344238,0,-5,-147
1767172271.3542385,5,-5,-149
1767172271.3642385,3,-4,-149
1767172271.3742385,1,-5,-142
1767172271.3842382,1,-3,-138
1767172271.3942382,-4,0,-137
1767172271.4042382,-8,-1,-139
1767172271.4142382,-7,0,-144
1767172271.4242382,-5,0,-140
1767172271.4342382,0,-2,-142
1767172271.4442382,-4,-3,-142
1767172271.4542382,-6,-4,-144
1767172271.4642382,-7,-7,-152
1767172271.4742382,-3,-6,-148
1767172271.484238,-4,-7,-145
1767172271.494238,-1,-3,-145
1767172271.504238,0,-3,-146
1767172271.514238,-1,-7,-142
1767172271.524238,0,-5,-147
1767172271.534238,0,-2,-146
1767172271.544238,-1,0,-154
1767172271.554238,1,1,-157
1767172271.564238,2,0,-162
1767172271.574238,-5,3,-156
1767172271.584238,-3,5,-156
1767172271.594238,0,6,-156
1767172271.6042385,-3,7,-158
1767172271.6142385,-2,6,-162
1767172271.6242385,-3,5,-154
1767172271.6342382,-3,4,-154
1767172271.6442382,-4,3,-153
1767172271.6542382,-4,3,-148
1767172271.6642382,-3,0,-145
1767172271.6742382,-4,-1,-145
1767172271.6842382,-3,0,-143
1767172271.6942382,-5,0,-141
1767172271.7042382,-5,2,-140
1767172271.7142382,-2,-1,-139
1767172271.7242382,3,-3,-147
1767172271.734238,1,-5,-143
1767172271.744238,-1,-8,-140
1767172271.754238,3,-10,-137
1767172271.764238,3,-7,-141
1767172271.774238,0,-8,-148
1767172271.784238,0,-6,-145
1767172271.794238,-1,-7,-147
1767172271.804238,0,-3,-147
1767172271.814238,0,-2,-144
1767172271.824238,2,-2,-146
1767172271.834238,3,-1,-146
1767172271.844238,0,-2,-152
1767172271.8542385,0,-8,-154
1767172271.8652382,2,-6,-153
1767172271.8752382,3,-6,-143
1767172271.8842382,5,-3,-143
1767172271.8942382,2,-5,-144
1767172271.9052382,-3,-4,-143
1767172271.915238,-2,2,-140
1767172271.925238,0,1,-135
1767172271.935238,0,-1,-137
1767172271.945238,-1,1,-139
1767172271.955238,-1,-1,-140
1767172271.965238,-2,0,-144
1767172271.975238,-7,0,-138
1767172271.985238,-11,0,-132
1767172271.995238,-8,-1,-130
1767172272.005238,-4,-4,-130
1767172272.015238,-3,-2,-132
1767172272.025238,0,-3,-143
1767172272.0352385,-2,0,-146
1767172272.0452385,-1,0,-147
1767172272.0552382,-2,1,-149
1767172272.0652382,-4,0,-147
1767172272.0752382,0,0,-156
1767172272.0852382,-2,0,-151
1767172272.0952382,-3,-3,-149
1767172272.1052382,-2,-5,-148
1767172272.1152382,-7,-9,-144
1767172272.1252382,-7,-4,-146
1767172272.1352382,-4,-4,-151
1767172272.1452382,-1,-4,-147
1767172272.1552382,3,0,-143
1767172272.165238,4,-2,-135
1767172272.175238,0,-6,-131
1767172272.185238,-2,-6,-134
1767172272.195238,-1,-3,-142
1767172272.205238,3,0,-145
1767172272.215238,2,1,-145
1767172272.225238,2,-1,-143
1767172272.235238,1,-1,-139
1767172272.245238,1,-2,-138
1767172272.255238,5,0,-141
1767172272.265238,7,0,-140
1767172272.275238,7,2,-135
1767172272.2852385,5,0,-136
1767172272.2952385,4,5,-135
1767172272.3052382,1,7,-135
1767172272.3152382,0,5,-137
1767172272.3252382,1,1,-135
1767172272.3352382,6,0,-139
1767172272.3452382,1,2,-142
1767172272.3552382,1,-3,-136
1767172272.3652382,-1,-8,-131
1767172272.3752382,0,-8,-131
1767172272.3852382,0,-7,-136
1767172272.3952382,-2,-11,-134
1767172272.4052382,2,-11,-140
1767172272.415238,7,-16,-139
1767172272.425238,3,-11,-148
1767172272.435238,2,-4,-153
1767172272.445238,0,-1,-158
1767172272.455238,0,0,-161
1767172272.465238,1,0,-158
1767172272.475238,4,6,-147
1767172272.485238,2,1,-149
1767172272.495238,3,-4,-154
1767172272.505238,5,0,-153
1767172272.515238,4,-1,-156
1767172272.525238,3,-3,-157
1767172272.5352385,0,-5,-150
1767172272.5452385,0,-1,-153
1767172272.5552382,-6,-3,-145
1767172272.5652382,-5,-2,-139
1767172272.5752382,-9,-4,-137
1767172272.5852382,-11,1,-130
1767172272.5952382,-13,2,-134
1767172272.6052382,-6,1,-129
1767172272.6152382,-5,0,-135
1767172272.6252382,-4,1,-138
1767172272.6352382,-5,0,-144
1767172272.6452382,-7,2,-139
1767172272.6552382,-6,-1,-143
1767172272.665238,-4,-1,-144
1767172272.675238,-5,-1,-142
1767172272.685238,-1,1,-150
1767172272.695238,4,0,-151
1767172272.705238,4,2,-155
1767172272.715238,4,3,-148
1767172272.725238,0,-1,-147
1767172272.735238,6,0,-149
1767172272.745238,6,0,-142
1767172272.755238,1,0,-143
1767172272.765238,-1,0,-145
1767172272.775238,0,3,-142
1767172272.7852385,-1,-1,-144
1767172272.7952385,-1,-4,-142
1767172272.8052382,1,-6,-146
1767172272.8152382,2,-7,-148
1767172272.8252382,4,-2,-154
1767172272.8352382,0,-5,-156
1767172272.8452382,1,-5,-148
1767172272.8552382,0,-3,-147
1767172272.8652382,2,-4,-155
1767172272.8752382,1,-1,-153
1767172272.8852382,-5,-5,-151
1767172272.8952382,-7,-5,-152
1767172272.9052382,-9,-4,-149
1767172272.915238,-7,-1,-147
1767172272.925238,-7,-4,-140
1767172272.935238,-4,-5,-138
1767172272.945238,-2,-5,-133
1767172272.955238,2,-7,-130
1767172272.965238,-1,-6,-134
1767172272.975238,0,-4,-136
1767172272.985238,-1,0,-140
1767172272.995238,0,-3,-138
1767172273.005238,-6,0,-139
1767172273.015238,-9,1,-146
1767172273.0362382,-1,0,-149
1767172273.0452385,0,2,-151
1767172273.0552382,1,0,-151
1767172273.0652382,-1,-5,-147
1767172273.0752382,0,-1,-143
1767172273.0852382,-2,-5,-146
1767172273.0952382,-8,-6,-147
1767172273.1052382,-10,-7,-147
1767172273.1152382,-9,-4,-151
1767172273.1252382,-8,-4,-153
1767172273.1352382,-11,-7,-152
1767172273.1452382,-12,-3,-154
1767172273.1552382,-10,-1,-151
1767172273.165238,-8,-2,-150
1767172273.175238,-2,-2,-150
1767172273.185238,0,-2,-150
1767172273.195238,-3,-2,-149
1767172273.205238,-4,-1,-152
1767172273.215238,-3,-2,-149
1767172273.225238,-8,-4,-149
1767172273.235238,-8,-8,-143
1767172273.245238,-3,-10,-143
1767172273.255238,-4,-10,-145
1767172273.265238,-5,-9,-145
1767172273.275238,-8,-5,-151
1767172273.2852385,-6,-5,-158
1767172273.2952385,0,-2,-155
1767172273.3052382,0,-4,-157
1767172273.3152382,3,-2,-151
1767172273.3252382,2,-2,-153
1767172273.3352382,2,-2,-148
1767172273.3452382,4,-1,-148
1767172273.3552382,0,-1,-149
1767172273.3652382,-1,-1,-149
1767172273.3752382,4,-6,-149
1767172273.3852382,0,-1,-160
1767172273.3952382,2,0,-153
1767172273.4052382,1,-1,-139
1767172273.415238,2,-4,-130
1767172273.425238,2,-4,-135
1767172273.435238,4,-5,-133
1767172273.445238,4,-5,-125
1767172273.455238,1,-4,-128
1767172273.465238,3,-5,-129
1767172273.475238,2,-2,-126
1767172273.485238,3,1,-129
1767172273.495238,2,1,-128
1767172273.505238,1,0,-128
1767172273.515238,3,2,-137
1767172273.525238,-5,2,-141
1767172273.5352385,1,6,-148
1767172273.5452385,5,6,-144
1767172273.5552382,5,2,-142
1767172273.5652382,6,1,-143
1767172273.5752382,5,0,-144
1767172273.5852382,4,-1,-148
1767172273.5952382,1,1,-146
1767172273.6052382,2,-3,-146
1767172273.6152382,0,-4,-148
1767172273.6252382,-3,-8,-148
1767172273.6352382,-5,-6,-148
1767172273.6452382,-2,-5,-146
1767172273.6552382,-1,-2,-141
1767172273.665238,0,-2,-141
1767172273.675238,3,-4,-143
1767172273.685238,8,-4,-144
1767172273.695238,6,-4,-144
1767172273.705238,5,-4,-149
1767172273.715238,0,-5,-150
1767172273.725238,-3,-6,-150
1767172273.735238,-6,-1,-147
1767172273.745238,0,-3,-150
1767172273.755238,0,-3,-145
1767172273.765238,2,-2,-145
1767172273.775238,3,-1,-145
1767172273.7852385,4,0,-146
1767172273.7952385,2,4,-146
1767172273.8052382,0,-1,-149
1767172273.8152382,4,-1,-149
1767172273.8252382,6,1,-148
1767172273.8352382,6,1,-149
1767172273.8452382,5,3,-147
1767172273.8552382,3,3,-149
1767172273.8652382,2,2,-144
1767172273.8752382,0,0,-147
1767172273.8852382,1,2,-151
1767172273.8952382,-1,4,-144
1767172273.9052382,-4,5,-138
1767172273.915238,-5,2,-143
1767172273.925238,-6,1,-143
1767172273.935238,-4,2,-144
1767172273.945238,-1,4,-148
1767172273.955238,0,3,-152
1767172273.965238,2,2,-151
1767172273.975238,0,0,-149
1767172273.985238,0,-1,-146
1767172273.995238,4,-1,-150
1767172274.005238,10,2,-147
1767172274.015238,12,2,-152
1767172274.025238,15,4,-152
1767172274.0352385,9,3,-148
1767172274.0452385,4,2,-145
1767172274.0552382,4,0,-144
1767172274.0652382,2,0,-142
1767172274.0752382,4,0,-148
1767172274.0852382,1,0,-148
1767172274.0952382,1,-1,-147
1767172274.1052382,-3,-3,-143
1767172274.1152382,-2,-5,-134
1767172274.1252382,0,-3,-135
1767172274.1352382,0,-4,-138
1767172274.1452382,0,-1,-134
1767172274.1552382,0,0,-134
1767172274.165238,2,3,-139
1767172274.175238,0,4,-138
1767172274.185238,-2,4,-138
1767172274.195238,0,1,-143
1767172274.205238,2,3,-137
1767172274.215238,3,1,-141
1767172274.225238,3,0,-141
1767172274.235238,2,-5,-142
1767172274.245238,0,-3,-140
1767172274.255238,-6,2,-137
1767172274.265238,-10,2,-137
1767172274.275238,-6,2,-133
1767172274.2852385,-4,1,-132
1767172274.2952385,-7,4,-137
1767172274.3052382,-4,3,-139
1767172274.3152382,0,-2,-136
1767172274.3252382,-2,-3,-139
1767172274.3352382,0,-6,-140
1767172274.3452382,-1,-9,-145
1767172274.3552382,-2,-8,-145
1767172274.3652382,-3,-6,-146
1767172274.3752382,-6,-7,-142
1767172274.3852382,-2,-8,-139
1767172274.3952382,3,-8,-140
1767172274.4052382,4,-7,-139
1767172274.415238,4,-5,-142
1767172274.426238,1,-5,-142
1767172274.4372382,0,-6,-144
1767172274.445238,1,-3,-148
1767172274.455238,2,-2,-143
1767172274.4662385,4,-2,-138
1767172274.4762385,7,-2,-138
1767172274.4862382,4,-4,-134
1767172274.4962382,0,-6,-135
1767172274.5062382,-3,-7,-140
1767172274.5162382,-2,-7,-147
1767172274.5262382,-2,-8,-145
1767172274.5362382,-4,-5,-142
1767172274.5462382,-1,-5,-139
1767172274.5562382,-2,-5,-144
1767172274.5662382,-5,-1,-149
1767172274.5762382,1,-2,-148
1767172274.586238,3,-5,-147
1767172274.596238,0,-6,-150
1767172274.606238,3,-6,-145
1767172274.616238,2,-4,-139
1767172274.626238,2,-3,-134
1767172274.636238,0,-1,-136
1767172274.646238,-3,0,-144
1767172274.656238,-3,-2,-144
1767172274.666238,-1,-3,-147
1767172274.676238,2,-3,-150
1767172274.686238,1,-2,-146
1767172274.696238,-1,-4,-144
1767172274.7062385,0,-2,-144
1767172274.7162385,1,-1,-143
1767172274.7262385,5,-1,-143
1767172274.7362382,4,-5,-145
1767172274.7462382,0,-6,-144
1767172274.7562382,2,-8,-146
1767172274.7662382,1,-7,-148
1767172274.7762382,1,-3,-149
1767172274.7862382,-5,-2,-143
1767172274.7962382,-11,-2,-143
1767172274.8062382,-11,-6,-149
1767172274.8162382,-9,-6,-152
1767172274.8262382,-4,-4,-152
1767172274.836238,0,-6,-152
1767172274.846238,1,-7,-155
1767172274.856238,0,-4,-150
1767172274.866238,-1,-3,-150
1767172274.876238,-1,-5,-156
1767172274.886238,0,-3,-155
1767172274.896238,2,-2,-152
1767172274.906238,4,1,-151
1767172274.916238,4,0,-145
1767172274.926238,6,2,-148
1767172274.936238,2,1,-144
1767172274.946238,4,2,-146
1767172274.9562385,1,-2,-145
1767172274.9662385,-2,-8,-139
1767172274.9762385,-4,-10,-135
1767172274.9862382,0,-7,-132
1767172274.9962382,1,-2,-139
1767172275.0062382,2,0,-136
1767172275.0162382,1,-1,-137
1767172275.0262382,1,-3,-135
1767172275.0362382,4,-3,-135
1767172275.0462382,7,0,-139
1767172275.0562382,6,3,-138
1767172275.0662382,7,1,-138
1767172275.0762382,5,0,-134
1767172275.086238,2,1,-134
1767172275.096238,5,4,-143
1767172275.106238,4,0,-143
1767172275.116238,2,0,-147
1767172275.126238,3,0,-145
1767172275.136238,3,1,-146
1767172275.146238,0,4,-146
1767172275.156238,-3,4,-149
1767172275.166238,-4,2,-147
1767172275.176238,-9,4,-150
1767172275.186238,-8,2,-156
1767172275.196238,-8,2,-151
1767172275.2062385,-6,2,-150
1767172275.2162385,-5,2,-143
1767172275.2262385,-5,1,-139
1767172275.2362382,-6,1,-141
1767172275.2462382,-9,-1,-137
1767172275.2562382,-10,-2,-135
1767172275.2662382,-7,-3,-133
1767172275.2762382,-4,-5,-133
1767172275.2862382,-1,-3,-141
1767172275.2962382,-4,-5,-132
1767172275.3062382,-4,-4,-132
1767172275.3162382,-7,-7,-136
1767172275.3262382,-7,0,-139
1767172275.336238,-6,2,-138
1767172275.346238,-10,4,-146
1767172275.356238,-4,1,-140
1767172275.366238,0,2,-138
1767172275.376238,-4,0,-136
1767172275.386238,-6,0,-138
1767172275.396238,-4,0,-139
1767172275.406238,-2,-2,-135
1767172275.416238,0,-1,-135
1767172275.426238,-5,0,-135
1767172275.436238,0,0,-130
1767172275.446238,-4,0,-125
1767172275.4562385,-4,0,-133
1767172275.4662385,-2,-3,-133
1767172275.4762385,-3,1,-138
1767172275.4862382,-2,2,-141
1767172275.4962382,-2,3,-144
1767172275.5062382,-2,2,-139
1767172275.5162382,3,0,-146
1767172275.5262382,1,0,-147
1767172275.5362382,-1,-1,-136
1767172275.5462382,2,-2,-137
1767172275.5562382,2,-1,-135
1767172275.5662382,7,0,-139
1767172275.5762382,2,1,-138
1767172275.586238,6,2,-142
1767172275.596238,6,1,-147
1767172275.606238,1,-3,-151
1767172275.616238,2,-3,-157
1767172275.626238,5,0,-147
1767172275.636238,0,1,-136
1767172275.646238,4,-2,-141
1767172275.656238,2,-1,-138
1767172275.666238,2,0,-138
1767172275.676238,0,-2,-140
1767172275.686238,-2,-1,-142
1767172275.696238,-2,1,-140
1767172275.7062385,-3,0,-139
1767172275.7162385,-2,-1,-141
1767172275.7262385,-5,-1,-141
1767172275.7362382,-5,-3,-144
1767172275.7462382,-2,-2,-146
1767172275.7562382,-4,-4,-148
1767172275.7662382,-2,-5,-152
1767172275.7762382,-2,-5,-152
1767172275.7862382,-5,-2,-152
1767172275.7962382,-5,0,-146
1767172275.8062382,-3,-3,-144
1767172275.8162382,-5,-4,-150
1767172275.8262382,-3,-1,-153
1767172275.836238,-4,-4,-149
1767172275.846238,-6,-3,-140
1767172275.856238,-2,-4,-142
1767172275.866238,-3,-3,-143
1767172275.876238,1,-4,-145
1767172275.886238,2,-5,-145
1767172275.896238,2,-5,-142
1767172275.906238,5,-10,-147
1767172275.916238,2,-8,-139
1767172275.926238,3,-4,-139
1767172275.936238,5,-6,-139
1767172275.946238,3,-3,-130
1767172275.9562385,1,0,-135
1767172275.9662385,6,-1,-139
1767172275.9762385,8,-1,-139
1767172275.9862382,11,0,-142
1767172275.9962382,11,0,-143
1767172276.0062382,8,0,-140
1767172276.0162382,7,-1,-141
1767172276.0262382,6,-3,-136
1767172276.0362382,4,-2,-137
1767172276.0462382,5,-4,-144
1767172276.0562382,3,-4,-148
1767172276.0662382,0,-4,-142
1767172276.0762382,-6,-5,-136
1767172276.086238,-4,-4,-129
1767172276.096238,-2,-3,-134
1767172276.106238,0,0,-141
1767172276.116238,-6,2,-145
1767172276.126238,-9,2,-143
1767172276.136238,-5,1,-151
1767172276.146238,0,1,-154
1767172276.156238,-2,-1,-157
1767172276.166238,-3,-1,-158
1767172276.176238,-3,0,-158
1767172276.186238,-8,1,-159
1767172276.196238,-8,0,-155
1767172276.2062385,-5,-6,-147
1767172276.2162385,3,-5,-146
1767172276.2262385,7,-4,-146
1767172276.2362382,9,0,-145
1767172276.2462382,7,0,-147
1767172276.2562382,1,-2,-151
1767172276.2662382,-1,-2,-148
1767172276.2762382,-5,-4,-135
1767172276.2862382,-6,0,-135
1767172276.2962382,-6,0,-141
1767172276.3062382,-3,-1,-146
1767172276.3162382,2,-2,-147
1767172276.3262382,0,0,-148
1767172276.336238,2,-1,-144
1767172276.346238,1,0,-140
1767172276.356238,-1,1,-131
1767172276.366238,0,0,-120
1767172276.376238,0,0,-126
1767172276.386238,2,0,-131
1767172276.396238,0,0,-135
1767172276.406238,-2,-1,-128
1767172276.416238,-2,-1,-130
1767172276.426238,-4,1,-132
1767172276.436238,-5,0,-141
1767172276.446238,-2,0,-135
1767172276.4562385,-2,0,-136
1767172276.4662385,-3,-3,-137
1767172276.4762385,0,-3,-133
1767172276.4862382,0,-3,-129
1767172276.4962382,0,-1,-121
1767172276.5062382,0,1,-122
1767172276.5162382,0,-1,-130
1767172276.5262382,-3,1,-132
1767172276.5362382,-1,-2,-137
1767172276.5462382,0,-4,-133
1767172276.5562382,-2,-3,-137
1767172276.5662382,0,-2,-130
1767172276.5762382,-1,-1,-135
1767172276.586238,-4,-2,-133
1767172276.596238,-9,-2,-137
1767172276.606238,-14,0,-145
1767172276.616238,-6,1,-139
1767172276.626238,-7,0,-145
1767172276.636238,-3,-1,-149
1767172276.646238,-1,-3,-155
1767172276.656238,0,-4,-162
1767172276.666238,0,-3,-157
1767172276.676238,-2,-2,-161
1767172276.686238,0,3,-158
1767172276.696238,-2,4,-157
1767172276.7062385,0,2,-151
1767172276.7162385,1,2,-148
1767172276.7262385,-1,0,-151
1767172276.7362382,-2,-2,-161
1767172276.7462382,-4,-4,-158
1767172276.7562382,-5,-7,-147
1767172276.7662382,-3,-3,-146
1767172276.7762382,-3,-4,-148
1767172276.7862382,1,0,-148
1767172276.7962382,5,0,-142
1767172276.8062382,0,0,-147
1767172276.8162382,-3,-2,-144
1767172276.8262382,-1,-2,-149
1767172276.836238,0,1,-149
1767172276.846238,0,0,-147
1767172276.856238,-2,-5,-147
1767172276.866238,-3,-7,-149
1767172276.876238,-7,-11,-144
1767172276.886238,-6,-6,-141
1767172276.896238,-4,-6,-144
1767172276.906238,-1,-5,-141
1767172276.916238,0,-4,-136
1767172276.926238,-2,-4,-138
1767172276.9372382,-1,0,-139
1767172276.946238,-1,1,-137
1767172276.9562385,-4,-1,-138
1767172276.9672382,-2,-4,-132
1767172276.9772382,1,-3,-137
1767172276.9872382,1,-3,-135
1767172276.9972382,0,-2,-134
1767172277.007238,0,-2,-137
1767172277.017238,-5,-2,-135
1767172277.027238,-5,-2,-139
1767172277.037238,-6,0,-143
1767172277.047238,-7,1,-148
1767172277.057238,-9,1,-151
1767172277.067238,-11,3,-144
1767172277.077238,-6,2,-141
1767172277.087238,-3,2,-143
1767172277.097238,-4,2,-139
1767172277.107238,-6,2,-138
1767172277.117238,-1,0,-139
1767172277.127238,2,-3,-145
1767172277.1372385,2,-2,-148
1767172277.1472385,4,-1,-139
1767172277.1572382,1,0,-145
1767172277.1672382,2,0,-148
1767172277.1772382,2,0,-148
1767172277.1872382,3,-3,-140
1767172277.1972382,0,-3,-141
1767172277.2072382,1,-1,-135
1767172277.2172382,5,2,-139
1767172277.2272382,4,3,-143
1767172277.2372382,1,2,-144
1767172277.2472382,2,3,-146
1767172277.257238,-2,3,-142
1767172277.267238,-5,6,-142
1767172277.277238,-6,6,-138
1767172277.287238,-9,1,-137
1767172277.297238,-6,2,-142
1767172277.307238,0,4,-136
1767172277.317238,4,7,-130
1767172277.327238,5,4,-133
1767172277.337238,4,5,-135
1767172277.347238,2,5,-138
1767172277.357238,-3,3,-143
1767172277.367238,-3,3,-147
1767172277.377238,-7,0,-145
1767172277.3872385,-8,0,-142
1767172277.3972385,-6,3,-139
1767172277.4072382,-10,4,-134
1767172277.4172382,-12,-2,-139
1767172277.4272382,-13,-4,-136
1767172277.4372382,-9,-6,-141
1767172277.4472382,-8,-4,-140
1767172277.4572382,-5,-1,-146
1767172277.4672382,-1,1,-147
1767172277.4772382,0,2,-149
1767172277.4872382,0,0,-149
1767172277.4972382,-2,-2,-145
1767172277.507238,3,-1,-137
1767172277.517238,-1,-3,-139
1767172277.527238,-3,-3,-140
1767172277.537238,-7,-7,-136
1767172277.547238,-8,-5,-137
1767172277.557238,-11,-6,-142
1767172277.567238,-7,-7,-146
1767172277.577238,-6,-7,-152
1767172277.587238,-2,-11,-152
1767172277.597238,2,-12,-149
1767172277.607238,12,-9,-153
1767172277.617238,8,-6,-154
1767172277.627238,2,-7,-148
1767172277.6372385,0,-9,-144
1767172277.6472385,0,-5,-148
1767172277.6572382,1,-5,-144
1767172277.6672382,0,-10,-143
1767172277.6772382,-1,-3,-146
1767172277.6872382,1,-3,-150
1767172277.6972382,0,-2,-150
1767172277.7072382,-1,-3,-153
1767172277.7172382,-4,-3,-159
1767172277.7272382,-4,-3,-156
1767172277.7372382,-1,-1,-152
1767172277.7472382,3,0,-146
1767172277.757238,-1,2,-140
1767172277.767238,-1,1,-136
1767172277.777238,3,-2,-136
1767172277.787238,9,-2,-139
1767172277.797238,9,-2,-139
1767172277.807238,9,-4,-139
1767172277.817238,3,-2,-136
1767172277.827238,1,-1,-133
1767172277.837238,1,-7,-131
1767172277.847238,2,-7,-130
1767172277.857238,0,-4,-130
1767172277.867238,-2,0,-139
1767172277.877238,-2,3,-139
1767172277.8872385,-9,2,-138
1767172277.8972385,-6,-2,-140
1767172277.9072382,-5,-2,-144
1767172277.9172382,-2,-2,-148
1767172277.9272382,-1,-4,-151
1767172277.9372382,-4,-2,-151
1767172277.9472382,-1,-3,-144
1767172277.9572382,3,-1,-144
1767172277.9672382,5,-4,-140
1767172277.9772382,2,-4,-134
1767172277.9872382,-4,-1,-138
1767172277.9972382,-4,-2,-142
1767172278.007238,-3,-2,-147
1767172278.017238,0,-3,-151
1767172278.027238,-3,0,-155
1767172278.048238,0,5,-155
1767172278.057238,2,3,-149
1767172278.067238,9,3,-146
1767172278.077238,6,2,-143
1767172278.087238,1,3,-144
1767172278.097238,0,2,-142
1767172278.107238,0,-2,-139
1767172278.117238,1,0,-136
1767172278.127238,2,0,-141
1767172278.1372385,-3,1,-144
1767172278.1472385,-3,1,-140
1767172278.1572382,-6,-3,-142
1767172278.1672382,-6,-4,-145
1767172278.1772382,-4,-3,-141
1767172278.1872382,-5,-6,-139
1767172278.1972382,-10,-5,-136
1767172278.2072382,-9,-7,-135
1767172278.2172382,-9,-8,-143
1767172278.2272382,-6,-6,-142
1767172278.2372382,-2,-3,-139
1767172278.2472382,0,-1,-139
1767172278.257238,0,-4,-142
1767172278.267238,0,-6,-145
1767172278.277238,0,-6,-140
1767172278.287238,-1,-3,-143
1767172278.297238,0,-3,-146
1767172278.307238,3,-4,-144
1767172278.317238,4,0,-136
1767172278.327238,3,0,-139
1767172278.337238,1,4,-141
1767172278.347238,3,6,-139
1767172278.357238,-1,3,-134
1767172278.367238,-1,2,-140
1767172278.377238,-1,-3,-141
1767172278.3872385,0,-3,-139
1767172278.3972385,3,-2,-141
1767172278.4072382,2,3,-142
1767172278.4172382,1,-1,-141
1767172278.4272382,0,-4,-142
1767172278.4372382,-2,-3,-144
1767172278.4472382,0,-6,-147
1767172278.4572382,-3,-8,-144
1767172278.4672382,-2,-9,-144
1767172278.4772382,0,-6,-147
1767172278.4872382,0,-4,-145
1767172278.4972382,-4,-7,-152
1767172278.507238,-4,-7,-150
1767172278.517238,-2,-4,-151
1767172278.527238,-1,-4,-152
1767172278.537238,-1,0,-148
1767172278.547238,1,0,-145
1767172278.557238,1,4,-139
1767172278.567238,0,0,-140
1767172278.577238,1,1,-136
1767172278.587238,-1,0,-135
1767172278.597238,0,-1,-132
1767172278.607238,-2,-1,-129
1767172278.617238,-3,4,-133
1767172278.627238,-7,3,-131
1767172278.6372385,-4,4,-136
1767172278.6472385,-3,5,-139
1767172278.6572382,-6,6,-143
1767172278.6672382,-11,1,-140
1767172278.6772382,-7,-1,-137
1767172278.6872382,-5,1,-143
1767172278.6972382,-3,4,-142
1767172278.7072382,-1,7,-142
1767172278.7172382,-9,1,-140
1767172278.7272382,-9,0,-136
1767172278.738238,-9,0,-139
1767172278.7472382,-6,0,-144
1767172278.757238,-4,0,-140
1767172278.767238,-4,-1,-138
1767172278.777238,-2,-2,-137
1767172278.787238,0,4,-140
1767172278.797238,1,2,-147
1767172278.807238,0,0,-146
1767172278.817238,1,-1,-142
1767172278.827238,-3,2,-143
1767172278.837238,-2,4,-145
1767172278.847238,0,1,-151
1767172278.857238,2,1,-154
1767172278.867238,4,1,-151
1767172278.877238,7,1,-142
1767172278.8872385,1,2,-141
1767172278.8972385,3,2,-141
1767172278.9072382,2,2,-134
1767172278.9172382,-2,0,-134
1767172278.9272382,-4,-1,-138
1767172278.9372382,-4,1,-145
1767172278.9472382,-8,1,-141
1767172278.9572382,-6,3,-132
1767172278.9672382,-2,5,-129
1767172278.9772382,-7,2,-128
1767172278.9872382,-11,1,-138
1767172278.9972382,-9,1,-142
1767172279.007238,-8,-1,-139
1767172279.017238,-7,3,-139
1767172279.027238,-9,4,-139
1767172279.037238,-11,5,-138
1767172279.047238,-11,5,-136
1767172279.057238,-10,4,-135
1767172279.067238,-7,7,-143
1767172279.077238,-5,1,-144
1767172279.087238,-3,-2,-146
1767172279.097238,-1,-2,-152
1767172279.107238,2,-1,-150
1767172279.117238,4,1,-147
1767172279.127238,2,2,-144
1767172279.1372385,-3,0,-141
1767172279.1472385,-3,-4,-137
1767172279.1572382,-2,-1,-136
1767172279.1672382,0,2,-141
1767172279.1772382,0,5,-145
1767172279.1872382,0,5,-148
1767172279.1972382,-2,3,-154
1767172279.2072382,2,2,-153
1767172279.2172382,2,-1,-149
1767172279.2272382,-1,-1,-144
1767172279.2372382,-1,0,-144
1767172279.2472382,-1,3,-143
1767172279.257238,0,3,-141
1767172279.267238,0,5,-145
1767172279.277238,-3,3,-146
1767172279.287238,-9,2,-139
1767172279.297238,-11,-1,-137
1767172279.307238,-6,-7,-138
1767172279.317238,-8,-7,-138
1767172279.327238,-6,0,-134
1767172279.337238,-5,0,-139
1767172279.347238,-5,0,-143
1767172279.357238,-2,0,-140
1767172279.367238,-3,0,-138
1767172279.377238,-2,-1,-139
1767172279.3872385,0,-2,-146
1767172279.3972385,-1,0,-152
1767172279.4072382,-3,-2,-146
1767172279.4172382,-3,-4,-140
1767172279.4272382,5,0,-136
1767172279.4372382,6,-3,-138
1767172279.4472382,4,-3,-134
1767172279.4572382,2,-4,-133
1767172279.4672382,3,-4,-130
1767172279.4772382,0,-7,-137
1767172279.488238,1,-4,-144
1767172279.4972382,5,-2,-149
1767172279.507238,0,0,-153
1767172279.518238,-4,-2,-151
1767172279.528238,-4,-4,-145
1767172279.538238,0,-2,-146
1767172279.548238,-1,-3,-145
1767172279.5582385,-1,-1,-144
1767172279.5682385,-1,-5,-143
1767172279.5782382,1,-1,-137
1767172279.5882382,2,0,-134
1767172279.5982382,6,-4,-134
1767172279.6082382,9,-4,-141
1767172279.6182382,9,-6,-140
1767172279.6282382,2,-3,-143
1767172279.6382382,-2,-3,-142
1767172279.6482382,0,-1,-143
1767172279.6582382,-3,2,-147
1767172279.6682382,0,3,-145
1767172279.6782382,0,-1,-142
1767172279.688238,-5,-1,-140
1767172279.698238,-6,0,-137
1767172279.708238,-1,-2,-141
1767172279.718238,-2,-1,-137
1767172279.728238,1,0,-141
1767172279.738238,3,-1,-147
1767172279.748238,-2,-2,-146
1767172279.758238,-5,-1,-141
1767172279.768238,-1,-7,-143
1767172279.778238,-3,-3,-147
1767172279.788238,0,-3,-146
1767172279.798238,0,-1,-141
1767172279.8082385,0,0,-141
1767172279.8182385,-3,-4,-142
1767172279.8282382,0,-2,-143
1767172279.8382382,0,-3,-141
1767172279.8482382,-2,-6,-149
1767172279.8582382,-7,-8,-144
1767172279.8682382,-6,-1,-144
1767172279.8782382,-2,0,-140
1767172279.8882382,0,-4,-138
1767172279.8982382,1,-8,-138
1767172279.9082382,2,-9,-143
1767172279.9182382,-2,-5,-150
1767172279.9282382,-4,-3,-149
1767172279.938238,0,-4,-151
1767172279.948238,0,-4,-155
1767172279.958238,0,-4,-160
1767172279.968238,-1,-4,-159
1767172279.978238,0,-3,-147
1767172279.988238,-7,-6,-145
1767172279.998238,-7,-5,-142
1767172280.008238,-3,-5,-142
1767172280.018238,-6,-3,-136
1767172280.028238,-11,0,-132
1767172280.038238,-6,-4,-132
1767172280.048238,-2,-4,-138
1767172280.0582385,-2,-3,-140
1767172280.0682385,0,-1,-144
1767172280.0782382,-2,-2,-144
1767172280.0882382,0,-5,-144
1767172280.0982382,2,-6,-144
1767172280.1082382,3,-6,-140
1767172280.1182382,3,-3,-138
1767172280.1282382,-2,-5,-133
1767172280.1382382,0,-10,-132
1767172280.1482382,-2,-6,-138
1767172280.1582382,-1,-4,-147
1767172280.1682382,0,-3,-150
1767172280.1782382,0,-6,-146
1767172280.188238,0,-5,-143
1767172280.198238,-1,-1,-135
1767172280.208238,-2,-4,-134
1767172280.218238,1,-2,-133
1767172280.228238,-3,0,-135
1767172280.238238,-4,0,-136
1767172280.248238,-7,1,-143
1767172280.258238,-7,1,-144
1767172280.268238,-7,0,-148
1767172280.278238,-6,-2,-144
1767172280.288238,-7,-1,-141
1767172280.298238,-1,-2,-144
1767172280.3082385,0,-2,-151
1767172280.3182385,0,-5,-149
1767172280.3282382,0,-9,-153
1767172280.3382382,1,-11,-155
1767172280.3482382,3,-9,-153
1767172280.3582382,6,-9,-148
1767172280.3682382,4,-8,-138
1767172280.3782382,0,-4,-134
1767172280.3882382,-1,-3,-134
1767172280.3982382,-4,-2,-132
1767172280.4082382,-3,-2,-140
1767172280.4182382,-1,-4,-142
1767172280.4282382,-1,-5,-147
1767172280.438238,-4,0,-141
1767172280.448238,-2,4,-139
1767172280.458238,0,2,-142
1767172280.468238,-1,4,-145
1767172280.478238,0,2,-143
1767172280.488238,-5,2,-146
1767172280.498238,-2,0,-143
1767172280.508238,-4,-2,-148
1767172280.518238,-2,2,-155
1767172280.528238,-2,0,-146
1767172280.538238,0,0,-140
1767172280.548238,0,-3,-142
1767172280.5582385,0,-6,-145
1767172280.5682385,0,-5,-150
1767172280.5782382,4,-7,-149
1767172280.5882382,6,-1,-147
1767172280.5982382,4,-2,-145
1767172280.6082382,7,-2,-146
1767172280.6182382,1,-3,-137
1767172280.6282382,2,-1,-141
1767172280.6382382,4,0,-140
1767172280.6482382,3,1,-139
1767172280.6582382,2,0,-134
1767172280.6682382,6,0,-130
1767172280.6782382,7,0,-135
1767172280.688238,5,-1,-141
1767172280.698238,3,-3,-144
1767172280.708238,0,-6,-147
1767172280.718238,-4,-6,-150
1767172280.728238,-8,-6,-146
1767172280.738238,-2,-3,-147
1767172280.748238,-1,0,-147
1767172280.758238,-2,-4,-142
1767172280.768238,-1,-4,-137
1767172280.778238,2,-4,-138
1767172280.788238,-4,-4,-140
1767172280.798238,-8,-2,-133
1767172280.8082385,-6,1,-134
1767172280.8182385,-5,1,-136
1767172280.8282382,-9,0,-140
1767172280.8382382,-6,0,-141
1767172280.8482382,-2,1,-138
1767172280.8582382,-1,1,-132
1767172280.8682382,-2,4,-140
1767172280.8782382,0,1,-146
1767172280.8882382,4,-2,-149
1767172280.8982382,1,0,-144
1767172280.9082382,3,1,-142
1767172280.9182382,4,2,-148
1767172280.9282382,8,0,-148
1767172280.938238,11,2,-148
1767172280.948238,10,0,-146
1767172280.958238,9,1,-148
1767172280.968238,3,0,-146
1767172280.978238,6,-2,-149
1767172280.988238,2,-3,-149
1767172280.998238,-2,-5,-136
1767172281.008238,-2,-3,-136
1767172281.018238,-1,-4,-135
1767172281.028238,-6,0,-142
1767172281.038238,-6,2,-141
1767172281.048238,-8,3,-137
1767172281.0582385,-10,0,-138
1767172281.0682385,-11,-2,-138
1767172281.0782382,-11,-3,-134
1767172281.0882382,-12,-7,-134
1767172281.0982382,-10,-8,-136
1767172281.1082382,-4,-2,-136
1767172281.1182382,2,0,-126
1767172281.1282382,5,-2,-127
1767172281.1382382,6,0,-131
1767172281.1482382,6,-3,-137
1767172281.1582382,5,-2,-141
1767172281.1682382,4,-2,-140
1767172281.1782382,1,-5,-141
1767172281.188238,-1,-5,-140
1767172281.198238,-8,-4,-147
1767172281.208238,-11,-6,-145
1767172281.218238,-6,-5,-145
1767172281.228238,-2,0,-144
1767172281.238238,-2,-2,-140
1767172281.248238,-2,-3,-142
1767172281.258238,-6,-5,-147
1767172281.268238,-6,-3,-142
1767172281.278238,-1,-6,-145
1767172281.288238,-4,-5,-147
1767172281.298238,-7,-4,-144
1767172281.3082385,-2,-3,-147
1767172281.3182385,-2,-6,-144
1767172281.3282382,-4,-7,-149
1767172281.3382382,-6,-3,-146
1767172281.3482382,-5,0,-149
1767172281.3582382,-5,0,-146
1767172281.3682382,-4,0,-147
1767172281.3782382,-1,-2,-143
1767172281.3882382,-1,2,-144
1767172281.3982382,-3,2,-147
1767172281.4082382,1,4,-140
1767172281.4182382,0,6,-137
1767172281.4282382,-2,3,-145
1767172281.438238,-4,3,-146
1767172281.448238,0,3,-136
1767172281.458238,-1,6,-144
1767172281.468238,2,8,-145
1767172281.478238,3,4,-143
1767172281.488238,0,2,-141
1767172281.498238,1,2,-147
1767172281.508238,0,4,-148
1767172281.518238,4,6,-148
1767172281.528238,8,2,-146
1767172281.538238,7,0,-142
1767172281.548238,8,-3,-133
1767172281.5582385,7,-2,-140
1767172281.5682385,5,-1,-136
1767172281.5782382,5,0,-139
1767172281.5882382,-1,0,-136
1767172281.5982382,2,-2,-141
1767172281.6082382,2,-3,-143
1767172281.6182382,1,-5,-144
1767172281.6282382,1,-4,-147
1767172281.6382382,-3,-1,-145
1767172281.6482382,-2,-4,-146
1767172281.6582382,0,0,-148
1767172281.6682382,-2,-1,-146
1767172281.6782382,-7,-3,-142
1767172281.688238,-4,-5,-138
1767172281.698238,0,-3,-141
1767172281.708238,-2,-3,-142
1767172281.718238,-5,-4,-141
1767172281.728238,-4,-7,-142
1767172281.738238,2,-9,-148
1767172281.748238,4,-3,-143
1767172281.758238,4,-5,-140
1767172281.768238,3,-4,-138
1767172281.778238,6,-5,-133
1767172281.788238,8,-2,-130
1767172281.798238,6,-1,-132
1767172281.8082385,6,-3,-139
1767172281.8182385,5,-5,-146
1767172281.8282382,1,-5,-155
1767172281.8382382,0,-7,-156
1767172281.8482382,0,-6,-152
1767172281.8582382,1,-1,-148
1767172281.8682382,-2,0,-153
1767172281.8782382,-2,-1,-154
1767172281.8882382,-3,-2,-155
1767172281.8982382,0,-3,-147
1767172281.9082382,0,-3,-150
1767172281.9182382,0,-4,-144
1767172281.9282382,1,-4,-145
1767172281.938238,3,-1,-148
1767172281.948238,2,0,-149
1767172281.958238,4,0,-148
1767172281.968238,4,0,-145
1767172281.978238,3,-1,-150
1767172281.988238,2,0,-152
1767172281.998238,-2,2,-147
1767172282.008238,-5,2,-141
1767172282.0192382,-2,5,-144
1767172282.0292382,3,8,-148
1767172282.0392382,0,6,-144
1767172282.048238,2,6,-149
1767172282.0592382,-1,7,-146
1767172282.0682385,0,7,-151
1767172282.0792382,0,6,-152
1767172282.0892382,3,7,-147
1767172282.0992382,0,6,-149
1767172282.109238,-2,1,-148
1767172282.1182382,0,3,-146
1767172282.129238,-1,0,-151
1767172282.139238,-2,3,-151
1767172282.149238,0,6,-147
1767172282.159238,0,8,-143
1767172282.169238,5,0,-142
1767172282.179238,5,-2,-139
1767172282.189238,0,1,-143
1767172282.199238,-2,1,-146
1767172282.209238,-2,0,-149
1767172282.219238,-2,0,-143
1767172282.2292385,2,-1,-143
1767172282.2392385,3,-1,-144
1767172282.2492385,4,-5,-149
1767172282.2592382,2,-7,-153
1767172282.2692382,0,-8,-150
1767172282.2792382,0,-2,-145
1767172282.2892382,-1,2,-146
1767172282.2992382,-1,5,-148
1767172282.3092382,2,3,-148
1767172282.3192382,3,0,-143
1767172282.3292382,-1,0,-137
1767172282.3392382,-7,1,-145
1767172282.3492382,-6,3,-147
1767172282.359238,-2,6,-140
1767172282.369238,-5,4,-136
1767172282.379238,-2,2,-142
1767172282.389238,-1,3,-152
1767172282.399238,-4,2,-152
1767172282.409238,-6,4,-147
1767172282.419238,-4,6,-142
1767172282.429238,-4,2,-138
1767172282.439238,0,0,-137
1767172282.449238,7,-4,-129
1767172282.459238,7,-4,-133
1767172282.469238,6,-6,-135
1767172282.4792385,3,-11,-135
1767172282.4892385,0,-4,-132
1767172282.4992385,-3,-3,-132
1767172282.5092382,-6,-1,-133
1767172282.5192382,-5,-3,-134
1767172282.5292382,-5,0,-130
1767172282.5392382,-4,0,-134
1767172282.5492382,-5,2,-146
1767172282.5592382,-5,-3,-149
1767172282.5692382,-7,-6,-148
1767172282.5792382,-5,-5,-148
1767172282.5892382,0,0,-140
1767172282.5992382,-3,0,-135
1767172282.609238,-2,2,-138
1767172282.619238,-3,4,-135
1767172282.629238,-4,5,-130
1767172282.639238,-6,2,-134
1767172282.649238,-4,5,-134
1767172282.659238,-5,9,-130
1767172282.669238,-6,4,-126
1767172282.679238,-7,0,-127
1767172282.689238,-7,-3,-134
1767172282.699238,-7,-1,-132
1767172282.709238,-8,0,-132
1767172282.719238,-2,2,-133
1767172282.7292385,-4,0,-137
1767172282.7392385,-2,-1,-143
1767172282.7492385,-4,2,-142
1767172282.7592382,0,3,-145
1767172282.7692382,1,3,-146
1767172282.7792382,0,7,-141
1767172282.7892382,1,5,-144
1767172282.7992382,0,0,-152
1767172282.8092382,0,-3,-148
1767172282.8192382,0,-1,-147
1767172282.8292382,0,-3,-147
1767172282.8392382,-4,0,-141
1767172282.8492382,-8,-1,-139
1767172282.859238,-5,-5,-139
1767172282.869238,-1,-2,-135
1767172282.879238,0,-3,-132
1767172282.889238,0,-3,-136
1767172282.899238,1,-2,-143
1767172282.909238,0,-3,-147
1767172282.919238,-7,-4,-150
1767172282.929238,-20,-4,-148
1767172282.939238,-17,-9,-146
1767172282.949238,-15,-7,-152
1767172282.959238,-10,-4,-148
1767172282.969238,-9,0,-148
1767172282.9792385,-7,1,-150
1767172282.9892385,-3,0,-143
1767172282.9992385,-2,-1,-137
1767172283.0092382,0,-4,-130
1767172283.0192382,4,1,-132
1767172283.0292382,3,2,-136
1767172283.0392382,6,0,-142
1767172283.061238,9,2,-137
1767172283.0692382,8,1,-138
1767172283.0792382,1,0,-139
1767172283.0892382,-1,-1,-134
1767172283.0992382,0,-1,-136
1767172283.109238,-5,0,-133
1767172283.119238,-5,1,-134
1767172283.129238,-2,3,-135
1767172283.139238,-2,0,-136
1767172283.149238,-6,-1,-145
1767172283.159238,-4,0,-149
1767172283.169238,0,-2,-151
1767172283.179238,4,-1,-152
1767172283.189238,-2,-1,-150
1767172283.199238,0,-1,-147
1767172283.209238,-3,-1,-149
1767172283.219238,-1,-1,-146
1767172283.2292385,-2,-2,-147
1767172283.2392385,0,-5,-143
1767172283.2492385,1,-6,-147
1767172283.2592382,1,-6,-144
1767172283.2692382,2,-7,-143
1767172283.2792382,1,-6,-139
1767172283.2892382,3,-9,-144
1767172283.2992382,6,-5,-147
1767172283.3092382,5,-7,-146
1767172283.3192382,3,-5,-147
1767172283.3292382,0,-2,-142
1767172283.3392382,2,-2,-148
1767172283.3492382,0,-5,-144
1767172283.359238,-5,-5,-144
1767172283.369238,-1,-1,-137
1767172283.379238,3,-2,-137
1767172283.389238,0,-3,-139
1767172283.399238,-1,-1,-138
1767172283.409238,0,-1,-136
1767172283.419238,-5,-1,-141
1767172283.429238,-1,0,-141
1767172283.439238,-1,0,-138
1767172283.449238,-1,1,-148
1767172283.459238,-2,4,-147
1767172283.469238,-4,5,-147
1767172283.4792385,-1,3,-140
1767172283.4892385,-1,3,-143
1767172283.4992385,-2,2,-142
1767172283.5092382,-2,2,-140
1767172283.5192382,-1,3,-143
1767172283.5292382,-2,3,-150
1767172283.5392382,0,3,-148
1767172283.5492382,-3,0,-150
1767172283.5592382,-3,3,-147
1767172283.5692382,-3,4,-140
1767172283.5792382,-1,2,-142
1767172283.5892382,0,0,-135
1767172283.5992382,0,4,-136
1767172283.609238,0,6,-141
1767172283.619238,0,5,-143
1767172283.629238,-1,0,-141
1767172283.639238,0,-2,-144
1767172283.649238,0,-1,-143
1767172283.659238,0,4,-145
1767172283.669238,0,3,-142
1767172283.679238,4,3,-147
1767172283.689238,6,3,-148
1767172283.699238,4,-1,-145
1767172283.709238,-1,-2,-146
1767172283.719238,-2,-4,-149
1767172283.7292385,-2,-6,-150
1767172283.7392385,-3,-4,-145
1767172283.7492385,-8,-3,-150
1767172283.7592382,-10,-1,-151
1767172283.7692382,-7,-1,-155
1767172283.7792382,0,0,-152
1767172283.7892382,0,4,-149
1767172283.7992382,7,2,-148
1767172283.8092382,8,0,-145
1767172283.8192382,10,-2,-145
1767172283.8292382,7,-3,-146
1767172283.8392382,6,-1,-144
1767172283.8492382,5,0,-144
1767172283.859238,2,1,-141
1767172283.869238,0,2,-147
1767172283.879238,-5,3,-148
1767172283.889238,-7,2,-146
1767172283.899238,-3,4,-144
1767172283.909238,0,5,-138
1767172283.919238,0,2,-144
1767172283.929238,0,0,-146
1767172283.939238,0,-5,-147
1767172283.949238,3,-5,-137
1767172283.959238,0,-6,-145
1767172283.969238,1,-10,-144
1767172283.9792385,1,-3,-145
1767172283.9892385,-4,0,-146
1767172283.9992385,-4,-3,-144
1767172284.0092382,-10,-1,-142
1767172284.0192382,-12,0,-150
1767172284.0292382,-11,0,-145
1767172284.0392382,-9,2,-144
1767172284.0492382,-4,2,-143
1767172284.0592382,-2,0,-141
1767172284.0692382,-5,0,-141
1767172284.0792382,-6,-1,-138
1767172284.0892382,-7,-3,-139
1767172284.0992382,-7,-5,-141
1767172284.109238,-4,-4,-137
1767172284.119238,-3,-6,-139
1767172284.129238,-2,-3,-145
1767172284.139238,-2,-5,-148
1767172284.149238,-8,-5,-153
1767172284.159238,-9,-3,-148
1767172284.169238,-10,-2,-149
1767172284.179238,-6,-4,-145
1767172284.189238,-6,-3,-152
1767172284.199238,-6,-1,-150
1767172284.209238,-2,0,-146
1767172284.219238,-2,-1,-140
1767172284.2292385,-2,-2,-141
1767172284.2392385,-1,-6,-145
1767172284.2492385,0,-4,-142
1767172284.2592382,-4,-4,-144
1767172284.2692382,-7,-1,-149
1767172284.2792382,-3,3,-146
1767172284.2892382,0,2,-147
1767172284.2992382,4,2,-147
1767172284.3092382,4,3,-146
1767172284.3192382,2,4,-145
1767172284.3292382,1,4,-145
1767172284.3392382,-4,3,-140
1767172284.3492382,-5,0,-138
1767172284.359238,-6,0,-131
1767172284.369238,-6,0,-131
1767172284.379238,-3,-2,-130
1767172284.389238,-2,0,-132
1767172284.399238,-4,1,-136
1767172284.409238,-2,3,-135
1767172284.419238,-1,2,-137
1767172284.429238,2,1,-139
1767172284.439238,4,4,-133
1767172284.449238,1,6,-129
1767172284.459238,-2,4,-132
1767172284.469238,-3,4,-135
1767172284.4792385,-3,2,-134
1767172284.4892385,-1,3,-138
1767172284.4992385,3,1,-139
1767172284.5092382,1,1,-142
1767172284.5192382,-2,-4,-140
1767172284.5292382,-2,-6,-145
1767172284.5392382,-1,-10,-147
1767172284.5492382,1,-7,-147
1767172284.5592382,-2,-2,-148
1767172284.5692382,-3,-2,-149
1767172284.580238,0,-1,-145
1767172284.5892382,-2,-2,-148
1767172284.600238,0,-3,-146
1767172284.610238,2,1,-142
1767172284.619238,6,4,-145
1767172284.630238,4,5,-146
1767172284.640238,2,4,-145
1767172284.650238,4,7,-143
1767172284.6602385,7,4,-142
1767172284.6702385,8,0,-138
1767172284.6802382,6,-1,-133
1767172284.6902382,5,-3,-131
1767172284.7002382,8,-3,-137
1767172284.7102382,8,-5,-140
1767172284.7202382,5,-1,-145
1767172284.7302382,4,1,-152
1767172284.7402382,5,5,-154
1767172284.7502382,7,2,-145
1767172284.7602382,5,4,-137
1767172284.7702382,1,1,-135
1767172284.7802382,0,-1,-127
1767172284.790238,-4,0,-124
1767172284.800238,-3,3,-124
1767172284.810238,-1,5,-129
1767172284.820238,0,3,-132
1767172284.830238,3,5,-139
1767172284.840238,8,4,-143
1767172284.850238,5,5,-146
1767172284.860238,1,6,-156
1767172284.870238,0,7,-155
1767172284.880238,-1,6,-160
1767172284.890238,0,7,-162
1767172284.900238,0,5,-158
1767172284.9102385,-3,5,-155
1767172284.9202385,-6,7,-147
1767172284.9302382,-11,6,-139
1767172284.9402382,-4,6,-136
1767172284.9502382,-4,7,-136
1767172284.9602382,-4,2,-138
1767172284.9702382,-1,2,-141
1767172284.9802382,0,0,-143
1767172284.9902382,1,0,-145
1767172285.0002382,1,3,-143
1767172285.0102382,1,2,-138
1767172285.0202382,-3,-1,-144
1767172285.0302382,-6,-2,-149
1767172285.040238,-5,-7,-151
1767172285.050238,-3,-6,-152
1767172285.060238,-3,-8,-146
1767172285.070238,-1,-8,-140
1767172285.080238,-3,-4,-137
1767172285.090238,-1,-4,-136
1767172285.100238,3,-3,-136
1767172285.110238,0,-2,-138
1767172285.120238,2,-2,-142
1767172285.130238,-1,1,-147
1767172285.140238,0,3,-143
1767172285.150238,-1,-1,-139
1767172285.1602385,-2,-3,-144
1767172285.1702385,0,-5,-144
1767172285.1802382,0,-1,-144
1767172285.1902382,0,-5,-143
1767172285.2002382,2,-6,-143
1767172285.2102382,0,-4,-143
1767172285.2202382,0,-4,-142
1767172285.2302382,0,-5,-137
1767172285.2402382,-2,-3,-143
1767172285.2502382,-2,-3,-142
1767172285.2602382,0,-3,-149
1767172285.2702382,2,-5,-146
1767172285.2802382,3,-10,-150
1767172285.290238,3,-9,-146
1767172285.300238,3,-6,-140
1767172285.310238,4,-3,-140
1767172285.320238,-1,-1,-143
1767172285.330238,0,1,-138
1767172285.340238,0,0,-137
1767172285.350238,0,0,-142
1767172285.360238,0,0,-144
1767172285.370238,0,0,-145
1767172285.380238,-4,3,-146
1767172285.390238,-2,0,-146
1767172285.400238,0,-2,-145
1767172285.4102385,1,-2,-146
1767172285.4202385,2,-3,-135
1767172285.4302382,-4,-5,-130
1767172285.4402382,-7,-8,-135
1767172285.4502382,-10,-5,-136
1767172285.4602382,-8,-4,-132
1767172285.4702382,-6,-2,-141
1767172285.4802382,-2,-3,-141
1767172285.4902382,-2,-3,-146
1767172285.5002382,0,-2,-151
1767172285.5102382,3,2,-150
1767172285.5202382,5,1,-150
1767172285.5302382,2,-2,-150
1767172285.540238,-1,-2,-156
1767172285.550238,1,0,-150
1767172285.560238,1,0,-147
1767172285.570238,-2,1,-147
1767172285.580238,-8,2,-146
1767172285.590238,-5,3,-146
1767172285.600238,-6,2,-144
1767172285.610238,-2,0,-134
1767172285.620238,-2,1,-136
1767172285.630238,0,3,-140
1767172285.640238,-1,1,-142
1767172285.650238,-3,1,-138
1767172285.6602385,-2,1,-137
1767172285.6702385,-4,0,-139
1767172285.6802382,-4,-1,-147
1767172285.6902382,2,-3,-151
1767172285.7002382,-1,-2,-147
1767172285.7102382,-3,0,-143
1767172285.7202382,0,4,-142
1767172285.7302382,1,1,-146
1767172285.7402382,4,1,-147
1767172285.7502382,1,-1,-153
1767172285.7602382,1,-5,-152
1767172285.7702382,-1,-7,-145
1767172285.7802382,-2,-8,-150
1767172285.790238,-1,-8,-148
1767172285.800238,-2,0,-152
1767172285.810238,-6,1,-150
1767172285.820238,-2,3,-148
1767172285.830238,3,3,-148
1767172285.840238,1,1,-147
1767172285.850238,2,0,-145
1767172285.860238,3,-2,-137
1767172285.870238,-1,0,-143
1767172285.880238,-7,0,-143
1767172285.890238,-2,1,-137
1767172285.900238,-2,3,-135
1767172285.9102385,-1,2,-138
1767172285.9202385,1,2,-140
1767172285.9302382,1,1,-139
1767172285.9402382,-1,4,-138
1767172285.9502382,-3,6,-139
1767172285.9602382,-6,1,-138
1767172285.9702382,-4,3,-140
1767172285.9802382,0,3,-146
1767172285.9902382,1,5,-144
1767172286.0002382,0,5,-145
1767172286.0102382,-1,0,-149
1767172286.0202382,1,1,-148
1767172286.0302382,5,5,-143
1767172286.040238,6,0,-137
1767172286.050238,4,0,-132
1767172286.060238,4,0,-133
1767172286.070238,6,0,-131
1767172286.080238,7,0,-138
1767172286.090238,5,0,-144
1767172286.100238,6,-2,-150
1767172286.1112382,6,-2,-147
1767172286.120238,5,-2,-141
1767172286.130238,2,-3,-142
1767172286.140238,5,0,-143
1767172286.150238,2,-2,-144
1767172286.1602385,1,-1,-140
1767172286.1702385,2,3,-143
1767172286.1802382,0,5,-145
1767172286.1902382,0,5,-143
1767172286.2002382,0,2,-144
1767172286.2102382,3,2,-144
1767172286.2202382,3,0,-145
1767172286.2302382,4,0,-139
1767172286.2402382,9,3,-139
1767172286.2502382,9,-1,-144
1767172286.2602382,2,0,-143
1767172286.2702382,4,2,-143
1767172286.2802382,0,2,-136
1767172286.290238,-3,3,-137
1767172286.300238,2,7,-142
1767172286.310238,2,10,-143
1767172286.320238,-1,8,-150
1767172286.330238,-4,8,-150
1767172286.340238,-2,3,-153
1767172286.350238,-3,-2,-149
1767172286.360238,-4,-2,-145
1767172286.370238,-3,-4,-142
1767172286.380238,-3,-5,-145
1767172286.390238,-2,-5,-145
1767172286.400238,0,0,-146
1767172286.4102385,-2,3,-140
1767172286.4202385,0,7,-142
1767172286.4302382,0,2,-145
1767172286.4402382,0,6,-140
1767172286.4502382,1,5,-137
1767172286.4602382,2,9,-140
1767172286.4702382,-3,7,-141
1767172286.4802382,-3,7,-151
1767172286.4902382,-1,4,-146
1767172286.5002382,-2,1,-142
1767172286.5102382,-7,-1,-137
1767172286.5202382,-6,0,-135
1767172286.5302382,-6,0,-138
1767172286.540238,-5,1,-142
1767172286.550238,-4,-3,-138
1767172286.560238,-4,1,-135
1767172286.570238,-2,5,-138
1767172286.580238,0,5,-135
1767172286.590238,0,-1,-139
1767172286.600238,0,-4,-137
1767172286.610238,4,-6,-138
1767172286.620238,8,-1,-141
1767172286.630238,8,0,-146
1767172286.640238,8,0,-145
1767172286.650238,5,1,-146
1767172286.6602385,3,5,-143
1767172286.6702385,1,8,-150
1767172286.6802382,7,4,-144
1767172286.6902382,4,1,-137
1767172286.7002382,3,-1,-136
1767172286.7102382,1,-2,-136
1767172286.7202382,4,-1,-140
1767172286.7302382,5,0,-147
1767172286.7402382,6,0,-143
1767172286.7502382,7,-2,-144
1767172286.7602382,5,0,-141
1767172286.7702382,4,2,-143
1767172286.7802382,3,1,-138
1767172286.790238,1,0,-138
1767172286.800238,1,2,-141
1767172286.810238,1,5,-143
1767172286.820238,2,3,-143
1767172286.830238,1,3,-138
1767172286.840238,1,3,-148
1767172286.850238,1,3,-150
1767172286.860238,-3,3,-155
1767172286.870238,-6,0,-156
1767172286.880238,-11,-3,-146
1767172286.890238,-8,-5,-151
1767172286.900238,-3,-7,-152
1767172286.9102385,-1,-1,-147
1767172286.9202385,1,-2,-150
1767172286.9302382,1,-2,-144
1767172286.9402382,5,-3,-141
1767172286.9502382,3,-2,-143
1767172286.9602382,-1,-4,-142
1767172286.9702382,-5,-3,-142
1767172286.9802382,-5,0,-143
1767172286.9902382,-5,0,-148
1767172287.0002382,-3,2,-143
1767172287.0102382,-5,4,-144
1767172287.0202382,-6,0,-142
1767172287.0302382,-7,0,-145
1767172287.040238,-4,0,-146
1767172287.050238,-4,0,-143
1767172287.060238,-4,-2,-136
1767172287.070238,-6,-5,-138
1767172287.080238,-3,-3,-140
1767172287.090238,-4,0,-135
1767172287.100238,-4,5,-137
1767172287.110238,-5,6,-137
1767172287.120238,-6,4,-142
1767172287.130238,-6,5,-146
1767172287.140238,-4,3,-144
1767172287.1512382,-5,5,-142
1767172287.1612382,-3,2,-143
1767172287.1712382,-4,-1,-145
1767172287.1812382,-5,0,-149
1767172287.1912382,-1,-3,-146
1767172287.2012382,0,-5,-145
1767172287.211238,0,-6,-143
1767172287.221238,-2,-9,-142
1767172287.231238,-1,-6,-134
1767172287.241238,0,-2,-138
1767172287.251238,0,-7,-139
1767172287.261238,2,-5,-144
1767172287.271238,4,-6,-136
1767172287.281238,-1,-4,-141
1767172287.291238,0,-4,-141
1767172287.301238,1,-6,-137
1767172287.311238,0,-4,-142
1767172287.321238,-1,0,-144
1767172287.3312385,-3,-2,-141
1767172287.3412385,-6,0,-142
1767172287.3512385,-2,1,-140
1767172287.3612382,0,0,-134
1767172287.3712382,2,0,-134
1767172287.3812382,1,0,-130
1767172287.3912382,5,-4,-132
1767172287.4012382,2,-5,-136
1767172287.4112382,3,-6,-135
1767172287.4212382,6,-7,-140
1767172287.4312382,0,0,-140
1767172287.4412382,0,-8,-136
1767172287.4512382,-4,-10,-137
1767172287.461238,0,-11,-140
1767172287.471238,3,-7,-143
1767172287.481238,2,-2,-137
1767172287.491238,1,0,-139
1767172287.501238,2,0,-138
1767172287.511238,3,0,-143
1767172287.521238,4,-3,-144
1767172287.531238,0,-2,-141
1767172287.541238,-1,0,-137
1767172287.551238,-6,7,-136
1767172287.561238,-4,5,-139
1767172287.571238,0,3,-143
1767172287.5812385,0,3,-146
1767172287.5912385,-5,5,-141
1767172287.6012385,-4,4,-132
1767172287.6112382,0,4,-131
1767172287.6212382,0,0,-137
1767172287.6312382,1,0,-147
1767172287.6412382,-2,-1,-142
1767172287.6512382,-5,-5,-133
1767172287.6612382,-5,-4,-136
1767172287.6712382,-6,-3,-141
1767172287.6812382,-12,-2,-148
1767172287.6912382,-11,-1,-141
1767172287.7012382,-12,0,-144
1767172287.711238,-7,-2,-146
1767172287.721238,-3,-3,-139
1767172287.731238,-5,-1,-135
1767172287.741238,-9,-2,-138
1767172287.751238,-14,-3,-137
1767172287.761238,-11,-4,-142
1767172287.771238,-7,-4,-147
1767172287.781238,-6,-4,-144
1767172287.791238,-4,-1,-147
1767172287.801238,-8,-4,-148
1767172287.811238,-8,-6,-146
1767172287.821238,-4,-7,-149
1767172287.8312385,-1,-7,-148
1767172287.8412385,0,-4,-144
1767172287.8512385,1,-4,-140
1767172287.8612382,1,-3,-136
1767172287.8712382,1,-4,-137
1767172287.8812382,0,-7,-144
1767172287.8912382,-3,-3,-141
1767172287.9012382,-2,0,-143
1767172287.9112382,-4,-1,-144
1767172287.9212382,-8,0,-140
1767172287.9312382,-6,-3,-136
1767172287.9412382,-3,-1,-135
1767172287.9512382,-4,-3,-134
1767172287.961238,-4,-8,-132
1767172287.971238,-1,-7,-126
1767172287.981238,-2,-4,-127
1767172287.991238,-1,-5,-131
1767172288.001238,-1,-4,-128
1767172288.011238,-4,-6,-129
1767172288.021238,-3,-8,-137
1767172288.031238,0,-3,-136
1767172288.041238,3,-1,-135
1767172288.051238,4,-2,-135
1767172288.073238,0,0,-139
1767172288.0812385,0,4,-141
1767172288.0912385,1,4,-147
1767172288.1012385,-2,0,-142
1767172288.1112382,0,-1,-142
1767172288.1212382,0,-6,-134
1767172288.1312382,-1,-4,-137
1767172288.1412382,0,-4,-139
1767172288.1512382,-1,-7,-138
1767172288.1612382,-3,-8,-141
1767172288.1712382,-4,-2,-149
1767172288.1812382,-2,-2,-150
1767172288.1912382,-4,0,-154
1767172288.2012382,-6,-1,-154
1767172288.211238,-6,-1,-155
1767172288.221238,-6,1,-151
1767172288.231238,-3,3,-148
1767172288.241238,-4,4,-149
1767172288.251238,-4,4,-152
1767172288.261238,-3,0,-149
1767172288.271238,-3,-1,-149
1767172288.281238,-2,-4,-153
1767172288.291238,-3,-4,-151
1767172288.301238,-1,0,-154
1767172288.311238,-1,0,-146
1767172288.321238,-1,0,-146
1767172288.3312385,-1,1,-143
1767172288.3412385,0,5,-140
1767172288.3512385,-2,7,-137
1767172288.3612382,-4,0,-134
1767172288.3712382,-2,0,-134
1767172288.3812382,-5,-4,-137
1767172288.3912382,-5,-6,-138
1767172288.4012382,0,-9,-140
1767172288.4112382,0,-9,-147
1767172288.4212382,-1,-8,-152
1767172288.4312382,-3,-2,-152
1767172288.4412382,-3,-6,-155
1767172288.4512382,-3,-9,-155
1767172288.461238,-2,-8,-150
1767172288.471238,-3,-7,-146
1767172288.481238,-1,-4,-146
1767172288.491238,-6,-4,-148
1767172288.501238,-6,-2,-147
1767172288.511238,-10,0,-150
1767172288.521238,-5,0,-150
1767172288.531238,-3,-2,-150
1767172288.541238,-6,0,-148
1767172288.551238,-6,0,-143
1767172288.561238,-1,3,-151
1767172288.571238,0,0,-150
1767172288.5812385,2,1,-147
1767172288.5912385,-3,1,-146
1767172288.6012385,-2,0,-146
1767172288.6112382,0,0,-142
1767172288.6212382,3,0,-141
1767172288.6312382,2,1,-136
1767172288.6412382,-1,0,-135
1767172288.6512382,-1,-2,-134
1767172288.6612382,0,-7,-129
1767172288.6712382,0,-8,-139
1767172288.6812382,4,-6,-140
1767172288.6912382,5,-1,-142
1767172288.7012382,6,3,-148
1767172288.711238,3,5,-151
1767172288.721238,0,2,-149
1767172288.731238,-1,3,-150
1767172288.741238,0,-1,-151
1767172288.751238,2,-5,-150
1767172288.761238,0,-4,-148
1767172288.771238,0,-1,-145
1767172288.781238,5,5,-143
1767172288.791238,7,0,-137
1767172288.801238,8,0,-140
1767172288.811238,11,-1,-146
1767172288.821238,9,-2,-152
1767172288.8312385,8,-6,-152
1767172288.8412385,7,-2,-152
1767172288.8512385,5,3,-150
1767172288.8612382,3,1,-143
1767172288.8712382,2,2,-136
1767172288.8812382,0,0,-133
1767172288.8912382,0,-1,-137
1767172288.9012382,0,0,-142
1767172288.9112382,4,1,-139
1767172288.9212382,5,0,-137
1767172288.9312382,1,2,-138
1767172288.9412382,0,2,-144
1767172288.9512382,-2,-1,-141
1767172288.961238,-1,-3,-142
1767172288.971238,-1,-1,-136
1767172288.981238,0,-2,-137
1767172288.991238,-4,3,-142
1767172289.001238,-4,5,-143
1767172289.011238,-1,4,-143
1767172289.021238,0,-1,-136
1767172289.031238,-2,-2,-137
1767172289.041238,-2,0,-135
1767172289.051238,0,2,-136
1767172289.061238,4,3,-134
1767172289.071238,3,1,-139
1767172289.0812385,0,1,-138
1767172289.0912385,-2,2,-143
1767172289.1012385,1,3,-145
1767172289.1112382,0,6,-142
1767172289.1212382,1,4,-138
1767172289.1312382,-5,2,-145
1767172289.1412382,-4,1,-145
1767172289.1512382,-6,3,-138
1767172289.1612382,-2,1,-141
1767172289.1712382,4,0,-142
1767172289.1812382,3,0,-139
1767172289.1912382,0,1,-138
1767172289.2012382,1,0,-141
1767172289.211238,-1,-5,-144
1767172289.221238,-3,-6,-149
1767172289.231238,0,-5,-145
1767172289.241238,0,-7,-147
1767172289.251238,-1,-4,-140
1767172289.261238,0,-5,-141
1767172289.271238,7,-4,-138
1767172289.281238,8,1,-139
1767172289.291238,4,1,-140
1767172289.301238,0,-1,-142
1767172289.311238,1,0,-141
1767172289.321238,0,3,-142
1767172289.3312385,0,3,-146
1767172289.3412385,2,5,-140
1767172289.3512385,2,6,-141
1767172289.3612382,3,3,-143
1767172289.3712382,4,-3,-145
1767172289.3812382,3,-4,-137
1767172289.3912382,3,-2,-141
1767172289.4012382,4,-2,-145
1767172289.4112382,2,-5,-143
1767172289.4212382,4,-7,-148
1767172289.4312382,7,-4,-148
1767172289.4412382,6,-3,-148
1767172289.4512382,2,0,-140
1767172289.461238,2,6,-140
1767172289.471238,0,8,-140
1767172289.481238,2,5,-143
1767172289.491238,0,2,-141
1767172289.501238,0,-1,-140
1767172289.511238,2,-1,-131
1767172289.521238,-2,0,-135
1767172289.531238,0,-7,-132
1767172289.541238,0,-6,-138
1767172289.551238,3,-3,-140
1767172289.561238,0,-3,-137
1767172289.571238,0,-1,-139
1767172289.5812385,2,-1,-139
1767172289.5912385,1,-5,-142
1767172289.6012385,-2,-4,-144
1767172289.6112382,-3,-4,-144
1767172289.6222382,-5,-5,-144
1767172289.6312382,-8,-3,-141
1767172289.642238,-8,-1,-145
1767172289.652238,-6,-2,-148
1767172289.662238,-5,-3,-151
1767172289.672238,-7,1,-152
1767172289.6812382,-5,4,-145
1767172289.6912382,-2,7,-145
1767172289.702238,-4,4,-145
1767172289.712238,-3,2,-140
1767172289.722238,-1,1,-143
1767172289.732238,1,2,-139
1767172289.742238,-5,0,-142
1767172289.752238,-4,2,-140
1767172289.7622385,-3,1,-144
1767172289.7722385,-5,0,-145
1767172289.7822382,-4,0,-142
1767172289.7922382,-4,-2,-141
1767172289.8022382,-3,-3,-143
1767172289.8122382,0,-3,-139
1767172289.8222382,0,-7,-137
1767172289.8322382,-1,-7,-137
1767172289.8422382,0,-5,-134
1767172289.8522382,-1,-4,-132
1767172289.8622382,0,-5,-135
1767172289.8722382,-4,-5,-130
1767172289.882238,-4,-7,-128
1767172289.892238,-7,-6,-127
1767172289.902238,-4,-8,-128
1767172289.912238,-6,-4,-132
1767172289.922238,-6,0,-133
1767172289.932238,0,3,-131
1767172289.942238,-1,5,-132
1767172289.952238,0,-1,-131
1767172289.962238,1,-1,-133
1767172289.972238,2,1,-140
1767172289.982238,0,-1,-150
1767172289.992238,4,-1,-146
1767172290.002238,0,-1,-139
1767172290.0122385,-3,1,-140
1767172290.0222385,-4,0,-138
1767172290.0322382,0,0,-140
1767172290.0422382,-2,0,-135
1767172290.0522382,-5,-2,-139
1767172290.0622382,-1,-6,-138
1767172290.0722382,-3,-3,-136
1767172290.0822382,-2,-1,-135
1767172290.0922382,-6,-2,-136
1767172290.1022382,-5,0,-137
1767172290.1122382,0,3,-134
1767172290.1222382,3,0,-137
1767172290.132238,0,0,-134
1767172290.142238,2,0,-136
1767172290.152238,3,1,-139
1767172290.162238,3,3,-132
1767172290.172238,4,4,-129
1767172290.182238,-2,5,-135
1767172290.192238,-2,4,-134
1767172290.202238,0,5,-131
1767172290.212238,3,3,-140
1767172290.222238,3,4,-134
1767172290.232238,1,4,-138
1767172290.242238,0,8,-136
1767172290.252238,1,7,-138
1767172290.2622385,1,5,-143
1767172290.2722385,8,1,-142
1767172290.2822382,5,2,-141
1767172290.2922382,2,0,-143
1767172290.3022382,3,-2,-142
1767172290.3122382,2,-5,-143
1767172290.3222382,3,-4,-147
1767172290.3322382,-1,-3,-147
1767172290.3422382,-2,0,-144
1767172290.3522382,2,-1,-142
1767172290.3622382,1,-1,-141
1767172290.3722382,6,-2,-141
1767172290.382238,3,-1,-141
1767172290.392238,1,-3,-143
1767172290.402238,4,-1,-149
1767172290.412238,4,0,-156
1767172290.422238,1,-1,-152
1767172290.432238,2,-3,-144
1767172290.442238,-1,-1,-143
1767172290.452238,-4,1,-140
1767172290.462238,-3,-1,-143
1767172290.472238,-6,-2,-137
1767172290.482238,-4,-3,-141
1767172290.492238,-5,-3,-147
1767172290.502238,0,-5,-147
1767172290.5122385,-4,-3,-151
1767172290.5222385,-5,-4,-144
1767172290.5322382,-9,-1,-138
1767172290.5422382,-9,-5,-134
1767172290.5522382,-9,-9,-132
1767172290.5622382,-6,-9,-133
1767172290.5722382,-2,-4,-135
1767172290.5822382,-4,0,-130
1767172290.5922382,-6,-1,-129
1767172290.6022382,-6,-1,-136
1767172290.6122382,-7,0,-132
1767172290.6222382,-6,0,-131
1767172290.632238,-3,0,-130
1767172290.642238,-5,1,-133
1767172290.652238,-7,0,-130
1767172290.662238,-3,0,-131
1767172290.672238,0,1,-132
1767172290.682238,-1,2,-127
1767172290.692238,1,-1,-125
1767172290.702238,0,1,-133
1767172290.712238,1,-1,-135
1767172290.722238,-2,-3,-133
1767172290.732238,-5,0,-130
1767172290.742238,-1,0,-131
1767172290.752238,3,0,-132
1767172290.7622385,0,-1,-135
1767172290.7722385,0,-2,-136
1767172290.7822382,-3,-3,-131
1767172290.7922382,-8,0,-128
1767172290.8022382,-8,1,-128
1767172290.8122382,-3,6,-132
1767172290.8222382,0,5,-135
1767172290.8322382,-2,0,-141
1767172290.8422382,-4,-1,-134
1767172290.8522382,-4,2,-134
1767172290.8622382,-1,2,-142
1767172290.8722382,2,2,-140
1767172290.882238,0,0,-137
1767172290.892238,2,0,-143
1767172290.902238,4,2,-146
1767172290.912238,9,5,-142
1767172290.922238,2,4,-140
1767172290.932238,-2,2,-144
1767172290.942238,3,3,-144
1767172290.952238,3,1,-140
1767172290.962238,-3,-1,-140
1767172290.972238,-4,2,-137
1767172290.982238,-3,0,-140
1767172290.992238,0,0,-141
1767172291.002238,3,-2,-136
1767172291.0122385,4,0,-137
1767172291.0222385,5,-1,-140
1767172291.0322382,2,-3,-140
1767172291.0422382,-1,-3,-144
1767172291.0522382,-1,-5,-142
1767172291.0622382,2,-1,-141
1767172291.0722382,2,0,-144
1767172291.0822382,-1,2,-140
1767172291.0922382,-2,1,-143
1767172291.1022382,-1,0,-137
1767172291.1122382,-1,1,-133
1767172291.1222382,2,-2,-138
1767172291.132238,0,-2,-135
1767172291.142238,-2,-1,-139
1767172291.152238,-3,-3,-142
1767172291.162238,0,-2,-146
1767172291.172238,3,-2,-147
1767172291.182238,3,-1,-151
1767172291.192238,5,-3,-147
1767172291.202238,6,-3,-150
1767172291.212238,2,-1,-153
1767172291.222238,3,-4,-149
1767172291.232238,2,-3,-147
1767172291.242238,-1,-3,-143
1767172291.252238,-1,-3,-150
1767172291.2622385,1,0,-154
1767172291.2722385,2,-3,-153
1767172291.2822382,4,-3,-151
1767172291.2922382,0,0,-147
1767172291.3022382,-5,-2,-140
1767172291.3122382,-2,-1,-144
1767172291.3222382,1,0,-141
1767172291.3322382,0,-3,-142
1767172291.3422382,0,-2,-145
1767172291.3522382,1,-2,-148
1767172291.3622382,3,-4,-146
1767172291.3722382,0,-8,-150
1767172291.382238,-5,-9,-144
1767172291.392238,-4,-3,-143
1767172291.402238,-3,-2,-138
1767172291.412238,-3,0,-137
1767172291.422238,-5,-2,-140
1767172291.432238,-2,-6,-142
1767172291.442238,0,-4,-144
1767172291.452238,0,-5,-143
1767172291.462238,1,-4,-140
1767172291.472238,2,-6,-140
1767172291.482238,2,-5,-145
1767172291.492238,3,-6,-151
1767172291.502238,-3,-7,-145
1767172291.5122385,-2,-7,-145
1767172291.5222385,-2,-8,-142
1767172291.5322382,0,-5,-142
1767172291.5422382,1,-3,-145
1767172291.5522382,7,-3,-146
1767172291.5622382,7,-2,-148
1767172291.5722382,0,-3,-151
1767172291.5822382,0,-2,-153
1767172291.5922382,-4,-5,-144
1767172291.6022382,-3,-4,-143
1767172291.6122382,-6,-3,-149
1767172291.6222382,-10,-3,-147
1767172291.632238,-6,-1,-149
1767172291.642238,-3,0,-156
1767172291.652238,0,-2,-157
1767172291.662238,2,-3,-146
1767172291.672238,-1,0,-143
1767172291.682238,-2,0,-137
1767172291.692238,-4,-1,-141
1767172291.702238,-6,-4,-142
1767172291.712238,-5,-3,-142
1767172291.722238,-2,-1,-135
1767172291.732238,1,-4,-137
1767172291.742238,-1,-4,-139
1767172291.752238,-4,-8,-144
1767172291.7622385,-4,-7,-145
1767172291.7722385,-3,-6,-135
1767172291.7822382,-5,-5,-138
1767172291.7922382,0,-1,-138
1767172291.8022382,2,1,-140
1767172291.8122382,-2,-1,-142
1767172291.8222382,0,0,-141
1767172291.8322382,1,0,-144
1767172291.8422382,-3,-2,-147
1767172291.8522382,-2,-1,-147
1767172291.8622382,-4,1,-143
1767172291.8722382,-1,0,-149
1767172291.882238,0,0,-143
1767172291.892238,0,-5,-141
1767172291.902238,0,-1,-146
1767172291.912238,3,1,-147
1767172291.922238,0,-2,-154
1767172291.932238,-2,-4,-154
1767172291.942238,-4,0,-152
1767172291.952238,0,-4,-144
1767172291.962238,1,-3,-143
1767172291.972238,6,-4,-143
1767172291.982238,2,1,-147
1767172291.992238,0,0,-141
1767172292.002238,-3,1,-144
1767172292.0122385,-3,2,-144
1767172292.0222385,0,1,-150
1767172292.0322382,0,2,-150
1767172292.0422382,-2,0,-150
1767172292.0522382,-3,-1,-142
1767172292.0622382,-3,0,-140
1767172292.0722382,-3,1,-142
1767172292.0822382,-4,1,-144
1767172292.0922382,-3,0,-139
1767172292.1022382,-3,0,-132
1767172292.1122382,-4,4,-127
1767172292.1222382,-4,3,-132
1767172292.132238,-3,-1,-133
1767172292.142238,-3,-3,-138
1767172292.152238,-6,-3,-140
1767172292.162238,-6,-9,-138
1767172292.172238,-8,-6,-145
1767172292.182238,-5,-2,-139
1767172292.192238,-1,-4,-133
1767172292.2032382,-2,-4,-134
1767172292.2132382,-1,-3,-134
1767172292.222238,-1,-4,-131
1767172292.2332382,0,-4,-130
1767172292.2432382,0,-6,-126
1767172292.2532382,-2,-6,-129
1767172292.2632382,-2,-7,-138
1767172292.2732382,0,-7,-137
1767172292.2832382,4,-6,-134
1767172292.2932382,2,-2,-134
1767172292.3032382,1,-3,-128
1767172292.313238,4,-5,-131
1767172292.323238,2,-4,-132
1767172292.333238,-2,-2,-133
1767172292.343238,-5,-1,-135
1767172292.353238,-6,-4,-135
1767172292.363238,-7,-4,-135
1767172292.373238,-8,-5,-134
1767172292.383238,-7,-3,-136
1767172292.393238,-2,-4,-141
1767172292.403238,0,-7,-141
1767172292.413238,3,-4,-137
1767172292.423238,5,0,-147
1767172292.4332385,4,0,-146
1767172292.4432385,4,0,-147
1767172292.4532382,10,0,-144
1767172292.4632382,8,0,-141
1767172292.4732382,7,0,-139
1767172292.4832382,3,-1,-137
1767172292.4932382,8,-3,-134
1767172292.5032382,5,3,-134
1767172292.5132382,6,1,-131
1767172292.5232382,1,3,-132
1767172292.5332382,0,0,-132
1767172292.5432382,-5,-5,-127
1767172292.5532382,-4,-5,-136
1767172292.563238,-6,-5,-146
1767172292.573238,-7,-5,-143
1767172292.583238,-6,-2,-138
1767172292.593238,-2,-3,-137
1767172292.603238,0,-7,-135
1767172292.613238,-1,-8,-139
1767172292.623238,-2,-4,-143
1767172292.633238,-2,-7,-142
1767172292.643238,-2,-4,-144
1767172292.653238,-3,-5,-147
1767172292.663238,-3,-2,-146
1767172292.673238,-7,-1,-143
1767172292.6832385,-5,0,-144
1767172292.6932385,-5,2,-149
1767172292.7032382,-4,3,-146
1767172292.7132382,-3,-1,-150
1767172292.7232382,-1,0,-151
1767172292.7332382,-3,0,-154
1767172292.7432382,-1,0,-150
1767172292.7532382,-2,0,-153
1767172292.7632382,-5,0,-151
1767172292.7732382,-10,-1,-149
1767172292.7832382,-7,-2,-144
1767172292.7932382,-5,0,-147
1767172292.8032382,0,-3,-151
1767172292.813238,1,-7,-153
1767172292.823238,-1,-4,-153
1767172292.833238,-5,-3,-144
1767172292.843238,-5,-3,-138
1767172292.853238,-5,0,-143
1767172292.863238,-8,1,-146
1767172292.873238,-11,-3,-145
1767172292.883238,-8,-4,-144
1767172292.893238,-1,-1,-144
1767172292.903238,-3,0,-143
1767172292.913238,2,-2,-146
1767172292.923238,1,-3,-142
1767172292.9332385,0,-1,-147
1767172292.9432385,2,-2,-146
1767172292.9532382,0,1,-145
1767172292.9632382,0,0,-144
1767172292.9732382,-3,1,-139
1767172292.9832382,0,0,-134
1767172292.9932382,4,0,-134
1767172293.0032382,6,2,-140
1767172293.0132382,3,1,-142
1767172293.0232382,2,1,-147
1767172293.0332382,1,0,-141
1767172293.0432382,-4,-2,-136
1767172293.0532382,-3,-4,-137
1767172293.063238,-5,-2,-141
1767172293.0852382,-2,-6,-132
1767172293.093238,3,-5,-132
1767172293.103238,1,-4,-138
1767172293.113238,-2,-6,-137
1767172293.123238,-2,-6,-135
1767172293.133238,-4,-5,-137
1767172293.143238,-9,-4,-134
1767172293.153238,-5,-4,-135
1767172293.163238,-3,-6,-141
1767172293.173238,-5,-10,-142
1767172293.1832385,-6,-7,-144
1767172293.1932385,0,-5,-143
1767172293.2032382,-1,-4,-142
1767172293.2132382,-3,-3,-144
1767172293.2232382,-1,-4,-145
1767172293.2332382,2,1,-145
1767172293.2432382,4,-1,-148
1767172293.2532382,-1,-2,-145
1767172293.2632382,-1,-1,-144
1767172293.2732382,2,0,-146
1767172293.2832382,3,0,-139
1767172293.2932382,3,0,-138
1767172293.3032382,-1,0,-138
1767172293.313238,-3,-2,-138
1767172293.323238,-3,-5,-134
1767172293.333238,-3,-6,-136
1767172293.343238,-10,-4,-137
1767172293.353238,-6,-2,-139
1767172293.363238,-3,-1,-136
1767172293.373238,-3,0,-140
1767172293.383238,-2,0,-134
1767172293.393238,-4,0,-139
1767172293.403238,-1,-4,-142
1767172293.413238,-4,-3,-142
1767172293.423238,-1,-2,-148
1767172293.4332385,2,0,-150
1767172293.4432385,0,7,-143
1767172293.4532382,1,8,-140
1767172293.4632382,1,7,-141
1767172293.4732382,0,6,-145
1767172293.484238,1,0,-142
1767172293.4932382,2,-2,-142
1767172293.5032382,1,-1,-139
1767172293.5132382,-2,0,-137
1767172293.5232382,0,-5,-137
1767172293.5332382,-2,-4,-137
1767172293.5432382,-3,-1,-138
1767172293.5532382,1,-1,-136
1767172293.563238,4,-2,-144
1767172293.573238,5,-2,-144
1767172293.583238,6,0,-145
1767172293.593238,6,0,-148
1767172293.603238,8,-3,-146
1767172293.613238,9,-5,-145
1767172293.623238,9,-8,-148
1767172293.633238,8,-9,-148
1767172293.643238,7,-12,-148
1767172293.653238,7,-14,-145
1767172293.663238,3,-15,-144
1767172293.673238,3,-13,-139
1767172293.6832385,-1,-12,-140
1767172293.6932385,-6,-10,-136
1767172293.7032382,-9,-15,-135
1767172293.7132382,-1,-12,-140
1767172293.7232382,1,-11,-147
1767172293.7332382,2,-11,-150
1767172293.7432382,2,-5,-150
1767172293.7532382,7,0,-146
1767172293.7632382,0,-1,-140
1767172293.7732382,0,-6,-142
1767172293.7832382,0,-9,-146
1767172293.7932382,0,-8,-144
1767172293.8032382,-4,-10,-137
1767172293.813238,-1,-9,-142
1767172293.823238,-1,-4,-136
1767172293.833238,-3,-1,-137
1767172293.843238,-1,-2,-143
1767172293.853238,0,-1,-138
1767172293.863238,2,-4,-142
1767172293.873238,5,-1,-142
1767172293.883238,4,1,-142
1767172293.893238,4,2,-140
1767172293.903238,3,2,-137
1767172293.913238,2,1,-142
1767172293.923238,6,0,-147
1767172293.9332385,7,1,-139
1767172293.9432385,5,1,-139
1767172293.9532382,3,2,-136
1767172293.9632382,-1,1,-136
1767172293.9732382,-3,0,-135
1767172293.9832382,-3,-5,-135
1767172293.9932382,-1,-4,-134
1767172294.0032382,0,-3,-138
1767172294.0132382,-1,-4,-137
1767172294.0232382,-4,-6,-138
1767172294.0332382,2,-3,-141
1767172294.0432382,9,0,-142
1767172294.0532382,11,4,-139
1767172294.063238,10,4,-133
1767172294.073238,3,3,-137
1767172294.083238,-1,1,-138
1767172294.093238,0,-1,-136
1767172294.103238,0,-4,-142
1767172294.113238,-3,-4,-137
1767172294.123238,-4,-3,-140
1767172294.133238,0,-1,-141
1767172294.143238,0,-4,-139
1767172294.153238,0,-7,-131
1767172294.163238,-3,-6,-138
1767172294.173238,-1,-3,-141
1767172294.1832385,-1,1,-143
1767172294.1932385,0,2,-141
1767172294.2032382,0,0,-141
1767172294.2132382,3,-5,-142
1767172294.2232382,3,-3,-140
1767172294.2332382,5,0,-136
1767172294.2432382,7,-1,-139
1767172294.2532382,8,-6,-137
1767172294.2632382,8,-5,-144
1767172294.2732382,5,-3,-151
1767172294.2832382,2,-3,-144
1767172294.2932382,-1,0,-143
1767172294.3032382,0,1,-138
1767172294.313238,2,3,-142
1767172294.323238,5,1,-148
1767172294.333238,4,1,-146
1767172294.343238,0,-3,-147
1767172294.353238,0,-5,-143
1767172294.363238,0,-4,-146
1767172294.373238,4,-8,-147
1767172294.383238,6,-7,-137
1767172294.393238,5,-5,-140
1767172294.403238,0,-6,-146
1767172294.413238,-4,-4,-143
1767172294.423238,-5,-3,-144
1767172294.4332385,-5,-4,-152
1767172294.4432385,-3,-5,-150
1767172294.4532382,2,-3,-144
1767172294.4632382,-2,-6,-139
1767172294.4732382,-2,-6,-140
1767172294.4832382,-2,-7,-142
1767172294.4932382,-3,-7,-133
1767172294.5032382,1,-6,-140
1767172294.5132382,1,-6,-142
1767172294.5232382,2,-4,-152
1767172294.5332382,-2,-5,-156
1767172294.5432382,-2,-5,-151
1767172294.5532382,-3,-3,-145
1767172294.563238,-5,-2,-149
1767172294.573238,-3,2,-151
1767172294.583238,-1,1,-145
1767172294.593238,-1,0,-148
1767172294.603238,0,-7,-147
1767172294.613238,4,-8,-147
1767172294.623238,2,-7,-147
1767172294.633238,5,-8,-139
1767172294.643238,5,-5,-138
1767172294.653238,1,-4,-141
1767172294.663238,4,-3,-142
1767172294.673238,5,-3,-146
1767172294.6832385,3,-5,-140
1767172294.6932385,3,-6,-136
1767172294.7032382,1,-6,-141
1767172294.7132382,1,-5,-142
1767172294.7232382,1,-6,-145
1767172294.7332382,-4,-4,-142
1767172294.7432382,-7,-5,-149
1767172294.754238,-3,-2,-149
1767172294.7632382,0,0,-147
1767172294.7732382,0,1,-146
1767172294.7832382,2,-1,-142
1767172294.794238,2,0,-140
1767172294.804238,0,0,-141
1767172294.814238,-1,-3,-144
1767172294.824238,0,-3,-151
1767172294.834238,-3,-1,-151
1767172294.844238,-2,0,-148
1767172294.8542385,0,0,-150
1767172294.8642385,-4,0,-143
1767172294.8742385,-5,1,-138
1767172294.8842382,-4,0,-140
1767172294.8942382,-4,0,-139
1767172294.9042382,-5,0,-141
1767172294.9142382,-4,0,-147
1767172294.9242382,0,-2,-147
1767172294.9342382,0,-4,-145
1767172294.9442382,0,-4,-150
1767172294.9542382,-2,-3,-153
1767172294.9642382,-1,-2,-148
1767172294.9742382,0,-2,-144
1767172294.984238,4,-6,-145
1767172294.994238,1,-5,-148
1767172295.004238,2,-3,-148
1767172295.014238,0,-2,-142
1767172295.024238,1,1,-139
1767172295.034238,-2,-1,-136
1767172295.044238,0,-2,-142
1767172295.054238,2,0,-145
1767172295.064238,0,2,-146
1767172295.074238,-4,3,-148
1767172295.084238,-5,-1,-147
1767172295.094238,-5,-1,-151
1767172295.1042385,-3,-2,-150
1767172295.1142385,-7,-6,-146
1767172295.1242385,-9,-6,-145
1767172295.1342382,-7,-6,-147
1767172295.1442382,-7,-1,-143
1767172295.1542382,-4,-3,-140
1767172295.1642382,-3,0,-137
1767172295.1742382,0,4,-137
1767172295.1842382,-1,4,-142
1767172295.1942382,-6,2,-144
1767172295.2042382,-4,-2,-142
1767172295.2142382,-3,-1,-137
1767172295.2242382,0,-5,-137
1767172295.234238,-2,-5,-138
1767172295.244238,-3,-5,-141
1767172295.254238,-2,-10,-141
1767172295.264238,-3,-9,-139
1767172295.274238,-1,-10,-139
1767172295.284238,3,-7,-134
1767172295.294238,4,-7,-139
1767172295.304238,4,-6,-143
1767172295.314238,5,-4,-135
1767172295.324238,0,-3,-130
1767172295.334238,0,0,-130
1767172295.344238,0,2,-133
1767172295.3542385,-1,2,-139
1767172295.3642385,0,1,-145
1767172295.3742385,-5,3,-151
1767172295.3842382,-6,1,-151
1767172295.3942382,-1,-3,-150
1767172295.4042382,0,-1,-147
1767172295.4142382,0,1,-149
1767172295.4242382,0,0,-151
1767172295.4342382,2,2,-149
1767172295.4442382,4,2,-149
1767172295.4542382,1,1,-143
1767172295.4642382,0,0,-149
1767172295.4742382,0,2,-147
1767172295.484238,1,2,-144
1767172295.494238,3,1,-145
1767172295.504238,0,1,-152
1767172295.514238,0,0,-152
1767172295.524238,2,0,-146
1767172295.534238,5,0,-154
1767172295.544238,6,4,-160
1767172295.554238,3,5,-150
1767172295.564238,-1,4,-148
1767172295.574238,0,4,-147
1767172295.584238,-1,4,-135
1767172295.594238,0,0,-131
1767172295.6042385,0,-4,-127
1767172295.6142385,0,-4,-130
1767172295.6242385,-3,-2,-133
1767172295.6342382,-4,-6,-137
1767172295.6442382,-1,0,-139
1767172295.6542382,0,0,-138
1767172295.6642382,0,-1,-141
1767172295.6742382,-1,2,-142
1767172295.6842382,0,1,-146
1767172295.6942382,-2,-4,-154
1767172295.7042382,2,-3,-159
1767172295.7142382,7,-4,-160
1767172295.7242382,10,0,-153
1767172295.734238,8,0,-151
1767172295.744238,8,0,-147
1767172295.754238,10,-3,-147
1767172295.764238,10,-4,-144
1767172295.774238,5,-5,-139
1767172295.784238,3,-7,-143
1767172295.794238,6,-1,-143
1767172295.804238,0,3,-136
1767172295.814238,-2,2,-138
1767172295.824238,-4,1,-140
1767172295.834238,-2,1,-136
1767172295.844238,1,1,-138
1767172295.8542385,0,0,-142
1767172295.8642385,0,3,-142
1767172295.8742385,-1,-3,-142
1767172295.8842382,0,0,-142
1767172295.8942382,4,1,-140
1767172295.9042382,0,-2,-136
1767172295.9142382,0,-5,-139
1767172295.9242382,-2,0,-143
1767172295.9342382,-2,2,-147
1767172295.9442382,1,-2,-147
1767172295.9542382,0,-3,-144
1767172295.9642382,0,-4,-143
1767172295.9742382,0,-3,-145
1767172295.984238,-4,-7,-137
1767172295.994238,-9,-7,-142
1767172296.004238,-9,-2,-139
1767172296.014238,-6,-1,-138
1767172296.024238,-6,0,-141
1767172296.034238,-5,-1,-138
1767172296.044238,-5,-1,-140
1767172296.054238,-5,-3,-138
1767172296.064238,0,-5,-141
1767172296.074238,0,-8,-140
1767172296.084238,-3,-11,-140
1767172296.094238,0,-12,-134
1767172296.1042385,0,-9,-133
1767172296.1142385,2,-4,-136
1767172296.1242385,3,-3,-134
1767172296.1342382,-1,-3,-136
1767172296.1442382,2,-2,-140
1767172296.1542382,5,1,-136
1767172296.1642382,2,4,-130
1767172296.1742382,-1,7,-127
1767172296.1842382,-6,4,-125
1767172296.1942382,-11,4,-134
1767172296.2042382,-9,2,-138
1767172296.2142382,-1,-2,-143
1767172296.2242382,-1,-2,-140
1767172296.234238,-1,0,-136
1767172296.244238,-2,0,-127
1767172296.254238,2,1,-130
1767172296.264238,3,1,-139
1767172296.274238,7,-1,-141
1767172296.284238,8,0,-136
1767172296.294238,11,1,-136
1767172296.304238,12,0,-133
1767172296.314238,3,4,-131
1767172296.324238,2,2,-132
1767172296.334238,6,2,-140
1767172296.344238,10,-2,-139
1767172296.3542385,10,-2,-139
1767172296.3642385,6,2,-142
1767172296.3742385,0,1,-137
1767172296.3842382,1,0,-136
1767172296.3942382,2,-2,-143
1767172296.4042382,1,-3,-141
1767172296.4142382,0,1,-139
1767172296.4242382,-2,-1,-138
1767172296.4342382,-6,0,-134
1767172296.4442382,-3,-1,-130
1767172296.4542382,0,0,-127
1767172296.4642382,2,0,-126
1767172296.4742382,7,0,-130
1767172296.484238,3,0,-140
1767172296.494238,0,3,-143
1767172296.504238,0,-3,-144
1767172296.514238,0,-8,-147
1767172296.524238,0,-7,-138
1767172296.534238,-1,-5,-135
1767172296.544238,-2,-5,-140
1767172296.554238,-3,-6,-141
1767172296.564238,-6,-4,-144
1767172296.574238,-8,-3,-144
1767172296.584238,-6,-4,-142
1767172296.594238,-4,-5,-139
1767172296.6042385,-3,-5,-138
1767172296.6142385,0,-7,-140
1767172296.6242385,0,-8,-135
1767172296.6342382,1,-8,-134
1767172296.6442382,0,-9,-138
1767172296.6542382,0,-6,-141
1767172296.6642382,2,-4,-152
1767172296.6742382,3,-7,-155
1767172296.6842382,0,-3,-154
1767172296.6942382,-1,-1,-153
1767172296.7042382,-1,0,-154
1767172296.7142382,-1,0,-149
1767172296.7242382,0,-1,-147
1767172296.734238,0,-3,-138
1767172296.744238,0,0,-139
1767172296.754238,-5,0,-137
1767172296.764238,-3,1,-139
1767172296.774238,-2,-2,-138
1767172296.784238,1,0,-140
1767172296.794238,4,-1,-137
1767172296.804238,6,0,-140
1767172296.814238,8,0,-138
1767172296.824238,11,-1,-146
1767172296.834238,17,0,-149
1767172296.844238,10,0,-147
1767172296.8542385,10,0,-154
1767172296.8642385,8,-2,-154
1767172296.8742385,4,-3,-150
1767172296.8842382,9,-4,-141
1767172296.8942382,6,-5,-145
1767172296.9042382,3,-7,-148
1767172296.9142382,5,-9,-147
1767172296.9242382,8,-10,-146
1767172296.9342382,11,-8,-141
1767172296.9442382,8,-4,-142
1767172296.9542382,1,-2,-142
1767172296.9642382,1,-4,-142
1767172296.9742382,0,-5,-148
1767172296.984238,-2,-4,-147
1767172296.994238,-4,-6,-144
1767172297.004238,-4,-5,-155
1767172297.014238,-3,-3,-147
1767172297.024238,-4,-3,-145
1767172297.034238,-3,-2,-140
1767172297.044238,-3,0,-139
1767172297.054238,-2,-4,-137
1767172297.064238,0,-4,-139
1767172297.074238,2,0,-135
1767172297.084238,1,-2,-136
1767172297.094238,-3,-4,-136
1767172297.1042385,-3,-4,-131
1767172297.1142385,-3,-3,-129
1767172297.1242385,-2,-3,-130
1767172297.1342382,0,0,-134
1767172297.1442382,2,2,-140
1767172297.1542382,0,1,-145
1767172297.1642382,-1,0,-140
1767172297.1742382,-3,-1,-139
1767172297.1842382,-1,-1,-142
1767172297.1942382,1,0,-145
1767172297.2042382,3,0,-148
1767172297.2142382,6,-3,-151
1767172297.2242382,3,-4,-152
1767172297.234238,0,-4,-152
1767172297.244238,-3,2,-150
1767172297.254238,-3,5,-149
1767172297.264238,-6,4,-146
1767172297.274238,-4,3,-142
1767172297.2852385,-4,3,-151
1767172297.294238,-5,3,-152
1767172297.3052382,-5,-3,-144
1767172297.314238,-5,-5,-140
1767172297.3252382,1,-3,-141
1767172297.3352382,5,-1,-146
1767172297.3452382,9,-5,-147
1767172297.3552382,8,-8,-149
1767172297.3652382,4,-9,-146
1767172297.3752382,4,-6,-140
1767172297.3852382,0,-5,-148
1767172297.3952382,2,-1,-152
1767172297.4052382,0,-1,-151
1767172297.415238,2,0,-144
1767172297.425238,0,-3,-142
1767172297.435238,0,-4,-140
1767172297.445238,2,-4,-135
1767172297.455238,8,-3,-138
1767172297.465238,3,-2,-143
1767172297.475238,2,-4,-148
1767172297.485238,3,-4,-143
1767172297.495238,0,-1,-149
1767172297.505238,1,-3,-151
1767172297.515238,-3,0,-147
1767172297.525238,0,-1,-143
1767172297.5352385,2,0,-149
1767172297.5452385,-1,0,-150
1767172297.5552382,-2,0,-154
1767172297.5652382,-1,3,-152
1767172297.5752382,-3,1,-145
1767172297.5852382,-5,1,-142
1767172297.5952382,-6,0,-141
1767172297.6052382,-5,0,-144
1767172297.6152382,-8,2,-149
1767172297.6252382,-10,0,-142
1767172297.6352382,-6,0,-143
1767172297.6452382,-6,0,-145
1767172297.6552382,-4,1,-138
1767172297.665238,-6,0,-143
1767172297.675238,-8,0,-139
1767172297.685238,-8,3,-138
1767172297.695238,-5,2,-139
1767172297.705238,-2,0,-140
1767172297.715238,0,0,-150
1767172297.725238,-1,1,-148
1767172297.735238,1,-1,-147
1767172297.745238,0,-1,-147
1767172297.755238,-3,0,-149
1767172297.765238,-1,3,-153
1767172297.775238,0,-1,-155
1767172297.7852385,1,-2,-150
1767172297.7952385,-1,0,-151
1767172297.8052382,0,-1,-155
1767172297.8152382,5,0,-151
1767172297.8252382,1,-2,-144
1767172297.8352382,-2,-3,-144
1767172297.8452382,-5,-1,-137
1767172297.8552382,-2,-2,-135
1767172297.8652382,-6,-3,-144
1767172297.8752382,-5,-4,-151
1767172297.8852382,-6,-1,-143
1767172297.8952382,-6,-4,-137
1767172297.9052382,-6,-8,-140
1767172297.915238,-6,-2,-144
1767172297.925238,-6,-3,-152
1767172297.935238,-2,-3,-155
1767172297.945238,-5,-8,-159
1767172297.955238,-5,-9,-159
1767172297.965238,-3,-7,-155
1767172297.975238,-6,-4,-155
1767172297.985238,-4,-3,-152
1767172297.995238,-8,-2,-144
1767172298.005238,-6,0,-144
1767172298.015238,-3,-3,-142
1767172298.025238,-2,-4,-144
1767172298.0352385,2,-5,-148
1767172298.0452385,3,-1,-148
1767172298.0552382,0,-1,-144
1767172298.0652382,-2,-5,-141
1767172298.0752382,-11,-1,-141
1767172298.097238,-8,0,-133
1767172298.1052382,-2,2,-131
1767172298.1152382,-4,5,-131
1767172298.1252382,-1,2,-133
1767172298.1352382,-5,4,-141
1767172298.1452382,-7,2,-144
1767172298.1552382,-8,1,-152
1767172298.165238,-5,0,-157
1767172298.175238,1,0,-150
1767172298.185238,3,-1,-148
1767172298.195238,1,0,-148
1767172298.205238,-2,0,-152
1767172298.215238,-3,0,-147
1767172298.225238,-5,0,-141
1767172298.235238,-1,-1,-139
1767172298.245238,-4,-2,-142
1767172298.255238,-4,1,-143
1767172298.265238,-4,-1,-151
1767172298.275238,-1,4,-156
1767172298.2852385,0,1,-154
1767172298.2952385,-1,1,-155
1767172298.3052382,-4,0,-158
1767172298.3152382,-2,0,-166
1767172298.3252382,0,-2,-168
1767172298.3352382,2,-5,-161
1767172298.3452382,-3,-1,-158
1767172298.3552382,-4,0,-156
1767172298.3652382,-6,2,-153
1767172298.3752382,-6,3,-151
1767172298.3852382,-10,-1,-142
1767172298.3952382,-8,0,-138
1767172298.4052382,-6,0,-130
1767172298.415238,-7,0,-137
1767172298.425238,-6,1,-142
1767172298.435238,-4,2,-147
1767172298.445238,-2,2,-144
1767172298.455238,-2,4,-151
1767172298.465238,-1,6,-156
1767172298.475238,3,-1,-152
1767172298.485238,3,-1,-146
1767172298.495238,0,0,-143
1767172298.505238,5,0,-140
1767172298.515238,7,0,-144
1767172298.525238,3,-1,-144
1767172298.5352385,4,0,-144
1767172298.5452385,5,0,-144
1767172298.5552382,8,1,-143
1767172298.5652382,8,2,-141
1767172298.5752382,11,0,-139
1767172298.5852382,7,-3,-140
1767172298.5952382,8,-2,-139
1767172298.6052382,8,-7,-138
1767172298.6152382,8,-9,-138
1767172298.6252382,4,-9,-138
1767172298.6352382,0,-9,-136
1767172298.6452382,3,-8,-134
1767172298.6552382,6,-5,-137
1767172298.665238,2,-1,-137
1767172298.675238,1,-4,-139
1767172298.685238,1,-8,-140
1767172298.695238,3,-5,-140
1767172298.705238,5,-3,-144
1767172298.715238,1,-5,-139
1767172298.725238,1,-4,-142
1767172298.735238,3,-2,-138
1767172298.745238,1,1,-143
1767172298.755238,-2,0,-143
1767172298.765238,-4,-2,-145
1767172298.775238,-3,0,-147
1767172298.7852385,-4,0,-141
1767172298.7952385,-3,-1,-133
1767172298.8052382,-4,-2,-137
1767172298.8152382,-4,-1,-143
1767172298.8252382,-4,-2,-149
1767172298.8352382,2,0,-146
1767172298.8452382,1,0,-147
1767172298.8552382,2,0,-144
1767172298.8652382,3,1,-140
1767172298.8752382,2,3,-143
1767172298.8852382,3,3,-141
1767172298.8952382,1,1,-147
1767172298.9052382,0,0,-143
1767172298.915238,0,0,-145
1767172298.925238,-2,-5,-143
1767172298.935238,-1,-4,-146
1767172298.945238,-1,-1,-153
1767172298.955238,0,0,-153
1767172298.965238,-2,-1,-150
1767172298.975238,0,-2,-149
1767172298.985238,0,-2,-145
1767172298.995238,0,-2,-140
1767172299.005238,1,-2,-140
1767172299.015238,3,-5,-141
1767172299.025238,2,-6,-132
1767172299.0352385,2,-3,-127
1767172299.0452385,4,-4,-130
1767172299.0552382,4,-4,-138
1767172299.0652382,5,-4,-139
1767172299.0752382,4,-3,-141
1767172299.0852382,0,-2,-144
1767172299.0952382,0,-4,-144
1767172299.1052382,2,-2,-148
1767172299.1152382,4,-1,-140
1767172299.1252382,10,0,-148
1767172299.1352382,11,-1,-146
1767172299.1452382,9,1,-146
1767172299.1552382,13,-1,-149
1767172299.165238,8,-3,-149
1767172299.175238,1,-1,-155
1767172299.185238,-2,-5,-150
1767172299.195238,0,0,-144
1767172299.205238,1,-1,-144
1767172299.215238,-1,-3,-140
1767172299.225238,2,-6,-145
1767172299.235238,1,-3,-143
1767172299.245238,-1,1,-138
1767172299.255238,-2,0,-141
1767172299.265238,-1,0,-135
1767172299.275238,0,0,-141
1767172299.2852385,-1,-1,-138
1767172299.2952385,-4,-3,-141
1767172299.3052382,-2,-4,-137
1767172299.3152382,0,0,-139
1767172299.3252382,1,-2,-142
1767172299.3352382,0,0,-135
1767172299.3452382,-5,0,-136
1767172299.3552382,-5,0,-136
1767172299.3652382,-4,0,-134
1767172299.3752382,-9,-1,-141
1767172299.3852382,-7,-2,-138
1767172299.3952382,-2,-3,-141
1767172299.4052382,-1,-4,-144
1767172299.415238,-5,-4,-144
1767172299.425238,-4,-6,-142
1767172299.435238,2,-7,-148
1767172299.445238,5,-12,-153
1767172299.455238,7,-11,-157
1767172299.465238,8,-10,-157
1767172299.475238,6,-9,-155
1767172299.485238,4,-4,-156
1767172299.495238,0,2,-146
1767172299.505238,0,6,-148
1767172299.515238,0,2,-145
1767172299.525238,-3,0,-142
1767172299.5352385,-3,-3,-138
1767172299.5452385,-1,-3,-136
1767172299.5552382,-2,-1,-136
1767172299.5652382,0,0,-137
1767172299.5752382,3,1,-139
1767172299.5852382,2,0,-132
1767172299.5952382,0,-2,-128
1767172299.6052382,-1,-2,-130
1767172299.6152382,-5,-2,-135
1767172299.6252382,-6,-1,-137
1767172299.6352382,-2,4,-137
1767172299.6452382,-4,0,-137
1767172299.6552382,-11,3,-133
1767172299.665238,-9,0,-130
1767172299.675238,-7,0,-137
1767172299.685238,-4,3,-141
1767172299.695238,-4,2,-147
1767172299.705238,-2,0,-145
1767172299.715238,0,-1,-143
1767172299.725238,1,0,-146
1767172299.735238,4,-1,-143
1767172299.745238,5,2,-145
1767172299.755238,3,4,-148
1767172299.765238,0,5,-147
1767172299.775238,0,2,-148
1767172299.7852385,3,2,-148
1767172299.7952385,1,-2,-144
1767172299.8052382,-4,-4,-149
1767172299.8162382,-4,-3,-147
1767172299.8252382,-4,-5,-145
1767172299.8352382,-3,-6,-148
1767172299.846238,-1,-6,-144
1767172299.856238,4,-4,-139
1767172299.866238,5,-4,-142
1767172299.876238,6,-4,-142
1767172299.8852382,3,-5,-138
1767172299.896238,-1,-5,-139
1767172299.906238,-2,-9,-144
1767172299.916238,-4,-10,-140
1767172299.926238,-6,-14,-142
1767172299.935238,-5,-9,-145
1767172299.946238,-3,-9,-144
1767172299.9562385,-5,-9,-143
1767172299.9662385,0,-6,-146
1767172299.9762385,-2,-4,-146
1767172299.9862382,3,-6,-142
1767172299.9962382,3,-8,-138
1767172300.0062382,3,-8,-134
1767172300.0162382,2,-6,-142
1767172300.0262382,2,-5,-140
1767172300.0362382,-2,-3,-139
1767172300.0462382,-3,-2,-136
1767172300.0562382,0,-2,-133
1767172300.0662382,-2,-3,-137
1767172300.0762382,-2,-5,-136
1767172300.086238,-2,-6,-139
1767172300.096238,-2,-9,-139
1767172300.106238,-3,-4,-138
1767172300.116238,-5,-5,-144
1767172300.126238,-2,-4,-145
1767172300.136238,2,-1,-144
1767172300.146238,0,0,-147
1767172300.156238,-1,1,-146
1767172300.166238,-1,-1,-148
1767172300.176238,1,-4,-153
1767172300.186238,5,-3,-154
1767172300.196238,1,-3,-152
1767172300.2062385,0,-3,-145
1767172300.2162385,-1,-1,-148
1767172300.2262385,-4,-2,-149
1767172300.2362382,-2,1,-147
1767172300.2462382,2,1,-141
1767172300.2562382,2,-2,-150
1767172300.2662382,1,-6,-147
1767172300.2762382,0,-5,-143
1767172300.2862382,0,-5,-144
1767172300.2962382,0,-5,-151
1767172300.3062382,-2,-5,-151
1767172300.3162382,-1,-5,-156
1767172300.3262382,1,-1,-150
1767172300.336238,2,-1,-153
1767172300.346238,2,-2,-148
1767172300.356238,0,0,-146
1767172300.366238,0,0,-143
1767172300.376238,-2,0,-136
1767172300.386238,-6,0,-136
1767172300.396238,-1,3,-136
1767172300.406238,-1,0,-133
1767172300.416238,0,-1,-135
1767172300.426238,0,1,-142
1767172300.436238,-2,0,-141
1767172300.446238,-4,1,-137
1767172300.4562385,-10,2,-139
1767172300.4662385,-10,1,-142
1767172300.4762385,-4,2,-144
1767172300.4862382,-5,3,-145
1767172300.4962382,-1,4,-144
1767172300.5062382,0,2,-141
1767172300.5162382,-2,3,-138
1767172300.5262382,4,-1,-142
1767172300.5362382,4,-8,-146
1767172300.5462382,5,-4,-145
1767172300.5562382,8,-6,-145
1767172300.5662382,5,-4,-142
1767172300.5762382,7,-1,-148
1767172300.586238,3,1,-149
1767172300.596238,3,0,-142
1767172300.606238,1,1,-137
1767172300.616238,-1,-3,-139
1767172300.626238,-3,-4,-138
1767172300.636238,0,-4,-140
1767172300.646238,2,-2,-141
1767172300.656238,-1,3,-144
1767172300.666238,1,4,-144
1767172300.676238,5,5,-140
1767172300.686238,8,0,-141
1767172300.696238,3,0,-136
1767172300.7062385,2,0,-135
1767172300.7162385,0,0,-138
1767172300.7262385,0,1,-136
1767172300.7362382,-1,1,-136
1767172300.7462382,0,0,-138
1767172300.7562382,-3,0,-135
1767172300.7662382,-7,0,-131
1767172300.7762382,-10,-2,-134
1767172300.7862382,-15,-1,-135
1767172300.7962382,-13,3,-139
1767172300.8062382,-12,1,-144
1767172300.8162382,-8,-1,-144
1767172300.8262382,-6,-4,-148
1767172300.836238,-12,-4,-144
1767172300.846238,-12,-3,-145
1767172300.856238,-14,-4,-140
1767172300.866238,-9,-6,-135
1767172300.876238,-10,-8,-142
1767172300.886238,-5,-11,-146
1767172300.896238,0,-9,-147
1767172300.906238,3,-11,-146
1767172300.916238,3,-8,-144
1767172300.926238,2,-4,-139
1767172300.936238,0,-2,-139
1767172300.946238,2,0,-131
1767172300.9562385,6,1,-136
1767172300.9662385,1,-5,-136
1767172300.9762385,-3,-4,-143
1767172300.9862382,-4,0,-145
1767172300.9962382,-4,-2,-149
1767172301.0062382,-6,-7,-144
1767172301.0162382,-2,-6,-149
1767172301.0262382,-2,-3,-148
1767172301.0362382,-1,1,-145
1767172301.0462382,2,-2,-145
1767172301.0562382,3,-4,-145
1767172301.0662382,0,-1,-141
1767172301.0762382,-2,1,-139
1767172301.086238,0,1,-140
1767172301.096238,-2,2,-144
1767172301.106238,3,3,-144
1767172301.116238,5,1,-139
1767172301.126238,5,0,-138
1767172301.136238,5,-2,-137
1767172301.146238,7,-4,-134
1767172301.156238,6,0,-138
1767172301.166238,6,6,-139
1767172301.176238,2,1,-138
1767172301.186238,0,3,-141
1767172301.196238,0,6,-143
1767172301.2062385,4,5,-149
1767172301.2162385,1,4,-143
1767172301.2262385,3,0,-147
1767172301.2362382,4,-1,-146
1767172301.2462382,-2,-3,-147
1767172301.2562382,-3,-1,-152
1767172301.2662382,-3,1,-146
1767172301.2762382,-1,-4,-144
1767172301.2862382,0,-2,-143
1767172301.2962382,1,-3,-141
1767172301.3062382,3,-3,-145
1767172301.3162382,-3,-1,-133
1767172301.3262382,-2,0,-136
1767172301.336238,2,-3,-132
1767172301.346238,0,-2,-124
1767172301.356238,-2,-3,-123
1767172301.366238,-7,-3,-132
1767172301.376238,-3,1,-144
1767172301.386238,2,1,-140
1767172301.396238,-1,3,-140
1767172301.406238,0,5,-144
1767172301.416238,-2,0,-137
1767172301.426238,-2,1,-141
1767172301.436238,-1,-1,-144
1767172301.446238,-1,-5,-152
1767172301.4562385,0,-4,-150
1767172301.4662385,0,-2,-147
1767172301.4762385,5,-5,-139
1767172301.4862382,2,0,-142
1767172301.4962382,0,0,-153
1767172301.5062382,-1,-1,-155
1767172301.5162382,0,0,-152
1767172301.5262382,2,2,-150
1767172301.5362382,3,0,-148
1767172301.5462382,2,0,-145
1767172301.5562382,-3,-1,-151
1767172301.5662382,2,-4,-150
1767172301.5762382,8,-6,-141
1767172301.586238,8,-5,-142
1767172301.596238,7,-1,-137
1767172301.606238,6,-2,-142
1767172301.616238,2,0,-148
1767172301.626238,4,0,-149
1767172301.636238,3,-2,-149
1767172301.646238,0,0,-142
1767172301.656238,-6,-3,-137
1767172301.666238,-5,-4,-138
1767172301.676238,-4,-3,-141
1767172301.686238,-4,-6,-145
1767172301.696238,-3,-8,-143
1767172301.7062385,2,-11,-143
1767172301.7162385,-2,-6,-144
1767172301.7262385,-2,-7,-149
1767172301.7362382,-2,-7,-141
1767172301.7462382,0,-5,-143
1767172301.7562382,0,-5,-144
1767172301.7662382,1,-4,-147
1767172301.7762382,0,-6,-144
1767172301.7862382,-4,-5,-146
1767172301.7962382,0,-3,-147
1767172301.8062382,0,0,-147
1767172301.8162382,-5,0,-144
1767172301.8262382,-4,-3,-142
1767172301.836238,-2,-2,-137
1767172301.846238,-4,-4,-140
1767172301.856238,-4,-6,-144
1767172301.866238,-4,-5,-145
1767172301.876238,-3,-5,-141
1767172301.886238,-4,-5,-139
1767172301.896238,0,-6,-136
1767172301.906238,-1,-6,-140
1767172301.916238,0,-4,-142
1767172301.926238,1,-5,-140
1767172301.936238,-1,-5,-144
1767172301.946238,-3,-7,-141
1767172301.9562385,-10,-5,-136
1767172301.9662385,-6,-3,-136
1767172301.9762385,-3,0,-142
1767172301.9862382,-2,5,-149
1767172301.9962382,-2,2,-152
1767172302.0062382,0,2,-150
1767172302.0162382,2,3,-148
1767172302.0262382,0,7,-147
1767172302.0362382,0,7,-139
1767172302.0462382,3,4,-139
1767172302.0562382,3,4,-146
1767172302.0662382,5,4,-142
1767172302.0762382,4,0,-141
1767172302.086238,4,-3,-150
1767172302.096238,-3,-3,-153
1767172302.106238,-5,-1,-154
1767172302.116238,-4,-1,-152
1767172302.126238,-6,-1,-152
1767172302.136238,-1,-2,-151
1767172302.146238,0,-4,-148
1767172302.156238,0,-9,-152
1767172302.166238,-5,-7,-147
1767172302.176238,-1,-10,-152
1767172302.186238,-4,-9,-149
1767172302.196238,-2,-8,-142
1767172302.2062385,3,-6,-142
1767172302.2162385,7,-6,-136
1767172302.2262385,6,-7,-135
1767172302.2362382,3,-5,-141
1767172302.2462382,0,-6,-145
1767172302.2562382,-1,-7,-146
1767172302.2662382,-3,-5,-149
1767172302.2762382,0,-6,-146
1767172302.2862382,1,-5,-137
1767172302.2962382,0,-1,-142
1767172302.3062382,-2,0,-147
1767172302.3162382,-7,3,-150
1767172302.3262382,-7,5,-147
1767172302.336238,-5,6,-147
1767172302.347238,-4,1,-150
1767172302.356238,-6,2,-140
1767172302.366238,-7,3,-141
1767172302.377238,-8,1,-144
1767172302.386238,-8,1,-142
1767172302.3972385,-4,2,-138
1767172302.4072382,-5,5,-131
1767172302.4172382,-7,4,-135
1767172302.4272382,-6,1,-140
1767172302.436238,-4,1,-145
1767172302.4472382,-7,1,-142
1767172302.4572382,-5,0,-148
1767172302.4672382,-4,0,-144
1767172302.4772382,-5,0,-139
1767172302.4872382,-5,-3,-137
1767172302.4972382,-3,2,-135
1767172302.507238,-4,4,-139
1767172302.517238,0,-1,-141
1767172302.527238,-3,-4,-137
1767172302.537238,-3,-9,-133
1767172302.547238,-5,-8,-135
1767172302.557238,-4,-12,-135
1767172302.567238,-6,-7,-137
1767172302.577238,-3,-6,-139
1767172302.587238,-3,-4,-141
1767172302.597238,-1,-4,-138
1767172302.607238,-2,0,-141
1767172302.617238,-3,3,-141
1767172302.627238,-1,3,-140
1767172302.6372385,-2,0,-134
1767172302.6472385,-6,3,-133
1767172302.6572382,-8,1,-133
1767172302.6672382,-8,0,-136
1767172302.6772382,-5,0,-140
1767172302.6872382,-2,-2,-142
1767172302.6972382,0,-3,-138
1767172302.7072382,-4,-4,-138
1767172302.7172382,-2,-6,-137
1767172302.7272382,0,-5,-135
1767172302.7372382,0,-5,-134
1767172302.7472382,0,1,-134
1767172302.757238,4,1,-142
1767172302.767238,3,1,-147
1767172302.777238,0,0,-149
1767172302.787238,-4,0,-147
1767172302.797238,-3,3,-143
1767172302.807238,0,6,-148
1767172302.817238,-3,5,-150
1767172302.827238,-4,0,-148
1767172302.837238,-2,-2,-153
1767172302.847238,-3,-4,-148
1767172302.857238,0,-5,-150
1767172302.867238,2,-2,-148
1767172302.877238,0,-2,-146
1767172302.8872385,1,0,-147
1767172302.8972385,0,0,-141
1767172302.9072382,5,1,-134
1767172302.9172382,6,5,-139
1767172302.9272382,7,7,-142
1767172302.9372382,10,4,-152
1767172302.9472382,6,0,-157
1767172302.9572382,5,0,-157
1767172302.9672382,2,-1,-154
1767172302.9772382,4,4,-155
1767172302.9872382,0,5,-156
1767172302.9972382,3,7,-157
1767172303.007238,-1,8,-151
1767172303.017238,-1,4,-146
1767172303.027238,-2,3,-146
1767172303.037238,-5,0,-142
1767172303.047238,-3,1,-141
1767172303.057238,3,0,-141
1767172303.067238,6,0,-143
1767172303.077238,6,1,-140
1767172303.087238,6,0,-137
1767172303.1082382,5,2,-142
1767172303.117238,4,-2,-142
1767172303.127238,8,-1,-145
1767172303.1372385,5,0,-147
1767172303.1472385,4,-2,-152
1767172303.1572382,3,-6,-153
1767172303.1672382,0,-8,-154
1767172303.1772382,0,-5,-150
1767172303.1872382,0,0,-141
1767172303.1972382,-1,0,-135
1767172303.2072382,1,0,-137
1767172303.2172382,-4,-2,-136
1767172303.2272382,-2,-1,-136
1767172303.2372382,-3,-2,-136
1767172303.2472382,-2,0,-135
1767172303.257238,-2,7,-139
1767172303.267238,0,5,-141
1767172303.277238,0,2,-132
1767172303.287238,0,0,-133
1767172303.297238,-1,0,-123
1767172303.307238,-4,-2,-119
1767172303.317238,-3,-1,-125
1767172303.327238,1,0,-133
1767172303.337238,-3,0,-130
1767172303.347238,-1,0,-137
1767172303.357238,0,1,-139
1767172303.367238,-2,-2,-140
1767172303.377238,-3,-2,-137
1767172303.3872385,-3,-3,-145
1767172303.3972385,-2,1,-148
1767172303.4072382,0,1,-147
1767172303.4172382,2,0,-139
1767172303.4272382,2,-3,-135
1767172303.4372382,1,-2,-132
1767172303.4472382,2,-1,-129
1767172303.4572382,11,-1,-130
1767172303.4672382,11,1,-131
1767172303.4772382,6,3,-139
1767172303.4872382,9,1,-142
1767172303.4972382,8,0,-141
1767172303.507238,12,-1,-146
1767172303.517238,8,1,-143
1767172303.527238,8,0,-141
1767172303.537238,4,2,-146
1767172303.547238,2,3,-143
1767172303.557238,3,2,-145
1767172303.567238,4,2,-147
1767172303.577238,-1,0,-153
1767172303.587238,0,1,-150
1767172303.597238,0,2,-148
1767172303.607238,-1,5,-143
1767172303.617238,-7,0,-149
1767172303.627238,-4,-1,-149
1767172303.6372385,0,3,-152
1767172303.6472385,-2,1,-158
1767172303.6572382,-4,0,-153
1767172303.6672382,-8,0,-148
1767172303.6772382,-7,0,-144
1767172303.6872382,-8,-4,-145
1767172303.6972382,-6,-2,-144
1767172303.7072382,-7,-1,-145
1767172303.7172382,-8,0,-140
1767172303.7272382,-8,-4,-141
1767172303.7372382,-4,-1,-142
1767172303.7472382,-2,0,-145
1767172303.757238,0,-2,-146
1767172303.767238,-3,0,-150
1767172303.777238,-5,-1,-149
1767172303.787238,-4,-4,-146
1767172303.797238,1,-5,-149
1767172303.807238,-1,-8,-145
1767172303.817238,-3,-2,-139
1767172303.827238,-1,0,-135
1767172303.837238,2,0,-137
1767172303.847238,3,-2,-136
1767172303.857238,4,-3,-141
1767172303.867238,6,-4,-142
1767172303.877238,7,-4,-145
1767172303.8872385,6,-3,-147
1767172303.8972385,8,-3,-154
1767172303.9072382,8,-5,-150
1767172303.9172382,5,-9,-153
1767172303.9272382,6,-13,-153
1767172303.9372382,9,-11,-149
1767172303.9472382,8,-7,-152
1767172303.9572382,8,-1,-145
1767172303.9672382,5,0,-141
1767172303.9772382,2,0,-141
1767172303.9872382,1,1,-147
1767172303.9972382,0,1,-149
1767172304.007238,-1,5,-154
1767172304.017238,-6,2,-152
1767172304.027238,-7,-1,-146
1767172304.037238,-6,-6,-143
1767172304.047238,-7,-2,-142
1767172304.057238,-1,0,-150
1767172304.067238,-2,2,-151
1767172304.077238,0,2,-158
1767172304.087238,-2,0,-152
1767172304.097238,-1,-1,-146
1767172304.107238,-2,1,-145
1767172304.117238,2,-2,-146
1767172304.127238,7,-3,-147
1767172304.1372385,5,-4,-137
1767172304.1472385,5,0,-134
1767172304.1572382,6,-5,-138
1767172304.1672382,8,-6,-145
1767172304.1772382,5,-1,-145
1767172304.1872382,6,1,-138
1767172304.1972382,5,2,-140
1767172304.2072382,4,-1,-142
1767172304.2172382,1,-5,-142
1767172304.2272382,-1,-5,-141
1767172304.2372382,0,-3,-139
1767172304.2472382,-2,-5,-139
1767172304.257238,-1,-4,-143
1767172304.267238,-5,-5,-145
1767172304.277238,-2,-2,-149
1767172304.287238,-1,-2,-154
1767172304.297238,3,-6,-150
1767172304.307238,4,-8,-144
1767172304.317238,5,-7,-141
1767172304.327238,1,-5,-142
1767172304.337238,4,-4,-138
1767172304.347238,0,1,-131
1767172304.357238,2,2,-133
1767172304.367238,7,0,-133
1767172304.377238,2,-2,-133
1767172304.3872385,5,-3,-138
1767172304.3972385,4,0,-140
1767172304.4072382,1,-2,-132
1767172304.4172382,2,-4,-131
1767172304.4272382,1,-2,-133
1767172304.4372382,2,-3,-130
1767172304.4472382,3,-4,-127
1767172304.4572382,3,0,-132
1767172304.4672382,2,0,-137
1767172304.4772382,2,-1,-145
1767172304.4872382,4,0,-140
1767172304.4972382,0,-2,-142
1767172304.507238,1,-4,-151
1767172304.517238,0,-8,-152
1767172304.527238,0,-3,-152
1767172304.537238,1,-2,-151
1767172304.547238,3,-2,-153
1767172304.557238,4,-1,-151
1767172304.567238,3,0,-152
1767172304.577238,8,4,-149
1767172304.587238,2,1,-143
1767172304.597238,2,3,-140
1767172304.607238,0,5,-137
1767172304.617238,1,7,-136
1767172304.627238,1,5,-140
1767172304.6372385,-4,0,-148
1767172304.6472385,-1,2,-152
1767172304.6572382,-1,0,-156
1767172304.6672382,0,0,-152
1767172304.6772382,-1,0,-151
1767172304.6872382,1,0,-149
1767172304.6972382,0,0,-150
1767172304.7072382,-4,-2,-147
1767172304.7172382,-6,-4,-149
1767172304.7272382,-9,-4,-144
1767172304.7372382,-7,-3,-142
1767172304.7472382,-5,-4,-140
1767172304.757238,-3,-4,-142
1767172304.767238,-7,0,-142
1767172304.777238,-2,0,-146
1767172304.787238,1,0,-147
1767172304.797238,-1,1,-148
1767172304.807238,-4,2,-144
1767172304.817238,-6,1,-145
1767172304.827238,-6,0,-145
1767172304.837238,-6,0,-144
1767172304.847238,-7,-4,-144
1767172304.857238,-6,-7,-139
1767172304.867238,-4,-7,-141
1767172304.877238,-6,-3,-142
1767172304.8882382,-4,0,-144
1767172304.8982382,0,3,-148
1767172304.9082382,4,2,-151
1767172304.9172382,0,1,-151
1767172304.9282382,-2,1,-149
1767172304.938238,-4,-2,-140
1767172304.948238,-4,1,-137
1767172304.958238,-2,0,-128
1767172304.968238,-2,1,-133
1767172304.978238,-4,-5,-130
1767172304.988238,-4,-3,-134
1767172304.998238,-1,0,-141
1767172305.008238,-1,0,-142
1767172305.018238,-2,-1,-140
1767172305.028238,-2,-2,-132
1767172305.038238,-1,-2,-140
1767172305.048238,-2,-1,-142
1767172305.0582385,-1,-5,-135
1767172305.0682385,-3,-4,-141
1767172305.0782382,-1,-4,-141
1767172305.0882382,-3,-1,-138
1767172305.0982382,0,-2,-138
1767172305.1082382,-1,0,-143
1767172305.1182382,0,1,-148
1767172305.1282382,-1,0,-147
1767172305.1382382,-2,4,-149
1767172305.1482382,1,4,-146
1767172305.1582382,0,2,-147
1767172305.1682382,-4,4,-151
1767172305.1782382,-3,5,-149
1767172305.188238,-3,1,-150
1767172305.198238,-4,1,-149
1767172305.208238,-3,-1,-144
1767172305.218238,-2,3,-147
1767172305.228238,-2,0,-145
1767172305.238238,0,2,-150
1767172305.248238,0,4,-144
1767172305.258238,5,4,-147
1767172305.268238,8,-1,-137
1767172305.278238,6,-5,-140
1767172305.288238,4,-6,-143
1767172305.298238,2,-3,-142
1767172305.3082385,-1,-5,-143
1767172305.3182385,0,-4,-138
1767172305.3282382,0,-1,-133
1767172305.3382382,3,-2,-132
1767172305.3482382,5,-5,-132
1767172305.3582382,6,-2,-138
1767172305.3682382,4,0,-133
1767172305.3782382,6,0,-137
1767172305.3882382,5,-2,-138
1767172305.3982382,2,-4,-135
1767172305.4082382,1,-5,-144
1767172305.4182382,-2,-6,-143
1767172305.4282382,1,-2,-140
1767172305.438238,1,0,-137
1767172305.448238,-2,0,-132
1767172305.458238,-4,-1,-132
1767172305.468238,-7,-2,-132
1767172305.478238,-3,0,-132
1767172305.488238,-1,0,-134
1767172305.498238,-3,0,-130
1767172305.508238,-3,-1,-131
1767172305.518238,-1,-5,-141
1767172305.528238,0,-4,-145
1767172305.538238,1,-2,-146
1767172305.548238,3,0,-143
1767172305.5582385,5,-1,-146
1767172305.5682385,4,0,-144
1767172305.5782382,1,0,-136
1767172305.5882382,1,-2,-136
1767172305.5982382,-1,-3,-142
1767172305.6082382,-1,-5,-145
1767172305.6182382,1,-7,-143
1767172305.6282382,1,-12,-144
1767172305.6382382,-3,-8,-145
1767172305.6482382,-4,-8,-143
1767172305.6582382,-5,-5,-148
1767172305.6682382,-4,-5,-151
1767172305.6782382,-2,-6,-150
1767172305.688238,1,-3,-147
1767172305.698238,1,-2,-142
1767172305.708238,4,-2,-143
1767172305.718238,4,-3,-151
1767172305.728238,3,-7,-141
1767172305.738238,0,-3,-141
1767172305.748238,0,-3,-141
1767172305.758238,0,-8,-143
1767172305.768238,1,-8,-137
1767172305.778238,0,-4,-136
1767172305.788238,3,-4,-138
1767172305.798238,3,-2,-133
1767172305.8082385,7,-3,-136
1767172305.8182385,3,-2,-140
1767172305.8282382,0,-1,-140
1767172305.8382382,0,-2,-129
1767172305.8482382,0,-3,-135
1767172305.8582382,-1,-2,-138
1767172305.8682382,0,-5,-141
1767172305.8782382,2,-2,-146
1767172305.8882382,5,-3,-152
1767172305.8982382,4,-1,-144
1767172305.9082382,2,-6,-146
1767172305.9182382,2,-2,-148
1767172305.9282382,2,1,-145
1767172305.938238,-1,4,-144
1767172305.948238,0,0,-146
1767172305.958238,-3,-3,-147
1767172305.968238,-1,-5,-139
1767172305.978238,-2,-5,-137
1767172305.988238,0,-1,-143
1767172305.998238,0,0,-145
1767172306.008238,-5,0,-150
1767172306.018238,0,-5,-150
1767172306.028238,-1,-3,-145
1767172306.038238,-5,-4,-149
1767172306.048238,-7,-4,-145
1767172306.0582385,-4,-2,-139
1767172306.0682385,-1,-3,-141
1767172306.0782382,0,-1,-144
1767172306.0882382,-2,1,-138
1767172306.0982382,-1,1,-142
1767172306.1082382,-12,5,-148
1767172306.1182382,-10,5,-146
1767172306.1282382,-6,6,-142
1767172306.1382382,-7,4,-143
1767172306.1482382,-6,3,-150
1767172306.1582382,-4,2,-152
1767172306.1682382,0,1,-148
1767172306.1782382,0,0,-147
1767172306.188238,2,0,-148
1767172306.198238,1,-4,-144
1767172306.208238,2,-5,-142
1767172306.218238,1,-5,-147
1767172306.228238,1,-3,-151
1767172306.238238,2,-6,-148
1767172306.248238,-1,-2,-147
1767172306.258238,2,-1,-147
1767172306.268238,4,-4,-144
1767172306.278238,2,1,-145
1767172306.288238,5,6,-138
1767172306.298238,6,2,-133
1767172306.3082385,1,3,-124
1767172306.3182385,1,-1,-129
1767172306.3282382,0,-2,-133
1767172306.3382382,0,0,-136
1767172306.3482382,-3,0,-140
1767172306.3582382,-2,0,-141
1767172306.3682382,-2,0,-148
1767172306.3782382,-1,-2,-151
1767172306.3882382,-2,-1,-152
1767172306.3982382,-4,0,-154
1767172306.4082382,-4,1,-149
1767172306.4182382,-8,1,-148
1767172306.4282382,-10,2,-144
1767172306.438238,-8,0,-148
1767172306.448238,-2,-2,-151
1767172306.458238,-2,-2,-156
1767172306.468238,-1,-2,-150
1767172306.478238,0,-2,-144
1767172306.488238,-3,1,-142
1767172306.498238,-4,1,-141
1767172306.508238,-1,0,-144
1767172306.518238,-1,-2,-147
1767172306.528238,1,-6,-146
1767172306.538238,2,-3,-147
1767172306.548238,-1,-6,-144
1767172306.5582385,0,-4,-142
1767172306.5682385,4,-5,-144
1767172306.5782382,6,-3,-146
1767172306.5882382,5,-2,-146
1767172306.5982382,6,-4,-143
1767172306.6082382,4,0,-143
1767172306.6182382,5,0,-143
1767172306.6282382,8,2,-141
1767172306.6382382,5,1,-148
1767172306.6482382,6,-1,-145
1767172306.6582382,5,-1,-149
1767172306.6682382,3,-5,-153
1767172306.6782382,3,-6,-152
1767172306.688238,1,-5,-139
1767172306.698238,2,-1,-139
1767172306.708238,-2,-3,-142
1767172306.718238,-2,0,-145
1767172306.728238,5,1,-151
1767172306.738238,7,-2,-146
1767172306.748238,2,-3,-140
1767172306.758238,1,-2,-138
1767172306.768238,2,0,-139
1767172306.778238,0,-4,-141
1767172306.788238,0,-3,-135
1767172306.798238,-1,0,-137
1767172306.8082385,0,2,-135
1767172306.8182385,2,7,-131
1767172306.8282382,4,6,-129
1767172306.8382382,5,1,-128
1767172306.8482382,6,5,-129
1767172306.8582382,0,2,-134
1767172306.8682382,0,1,-137
1767172306.8782382,0,-1,-139
1767172306.8882382,2,-1,-138
1767172306.8982382,1,3,-147
1767172306.9082382,0,5,-143
1767172306.9182382,-2,5,-143
1767172306.9282382,-2,4,-142
1767172306.938238,-1,7,-136
1767172306.948238,0,5,-142
1767172306.958238,0,2,-136
1767172306.968238,3,0,-133
1767172306.978238,-1,-3,-134
1767172306.988238,0,-3,-139
1767172306.998238,0,-2,-139
1767172307.008238,-1,-5,-142
1767172307.018238,-4,-9,-144
1767172307.028238,-4,-9,-148
1767172307.038238,0,-3,-150
1767172307.048238,-2,-2,-154
1767172307.0582385,-4,-1,-154
1767172307.0682385,-1,-4,-149
1767172307.0782382,0,-1,-143
1767172307.0882382,-2,-6,-143
1767172307.0982382,-3,-6,-140
1767172307.1082382,-3,-4,-143
1767172307.1182382,-1,-3,-139
1767172307.1282382,-2,-4,-144
1767172307.1382382,-2,-1,-148
1767172307.1482382,0,-1,-142
1767172307.1582382,2,0,-143
1767172307.1682382,2,0,-142
1767172307.1782382,0,2,-142
1767172307.188238,0,0,-149
1767172307.198238,-1,1,-145
1767172307.208238,-3,3,-145
1767172307.218238,-6,2,-145
1767172307.228238,-9,-1,-145
1767172307.238238,-7,-5,-149
1767172307.248238,-7,-1,-146
1767172307.258238,-12,-1,-153
1767172307.268238,-10,-1,-151
1767172307.278238,-2,-2,-146
1767172307.288238,2,-4,-141
1767172307.298238,2,-8,-142
1767172307.3082385,4,-8,-147
1767172307.3182385,5,-7,-144
1767172307.3282382,3,-8,-138
1767172307.3382382,2,-5,-140
1767172307.3482382,-3,-7,-138
1767172307.3582382,-1,-5,-137
1767172307.3682382,-2,-3,-139
1767172307.3782382,-2,-2,-141
1767172307.3882382,-3,-5,-143
1767172307.3982382,-3,-4,-145
1767172307.4082382,0,-6,-142
1767172307.4182382,-1,-3,-138
1767172307.4282382,1,-4,-144
1767172307.439238,6,-9,-147
1767172307.448238,7,-10,-144
1767172307.459238,7,-8,-141
1767172307.469238,6,-4,-140
1767172307.4792385,1,-4,-143
1767172307.4892385,0,-2,-140
1767172307.4992385,0,0,-141
1767172307.5092382,0,0,-143
1767172307.5192382,-4,0,-147
1767172307.5292382,-6,0,-146
1767172307.5392382,-3,3,-145
1767172307.5492382,0,5,-149
1767172307.5592382,0,3,-147
1767172307.5692382,-2,4,-148
1767172307.5792382,2,2,-145
1767172307.5892382,0,2,-144
1767172307.5992382,0,2,-147
1767172307.609238,1,0,-141
1767172307.619238,1,5,-147
1767172307.629238,-3,1,-152
1767172307.639238,-3,-3,-154
1767172307.649238,0,-6,-154
1767172307.659238,1,-7,-149
1767172307.669238,4,-7,-144
1767172307.679238,1,-10,-141
1767172307.689238,8,-9,-142
1767172307.699238,10,-9,-141
1767172307.709238,4,-10,-141
1767172307.719238,1,-7,-138
1767172307.7292385,2,-9,-139
1767172307.7392385,2,-8,-141
1767172307.7492385,0,-3,-143
1767172307.7592382,-3,-5,-150
1767172307.7692382,-6,-6,-149
1767172307.7792382,-7,-6,-145
1767172307.7892382,-5,-2,-145
1767172307.7992382,0,1,-147
1767172307.8092382,2,3,-150
1767172307.8192382,-2,3,-152
1767172307.8292382,1,4,-152
1767172307.8392382,-2,6,-152
1767172307.8492382,-2,3,-151
1767172307.859238,-1,3,-148
1767172307.869238,-4,0,-141
1767172307.879238,0,1,-139
1767172307.889238,2,0,-138
1767172307.899238,2,0,-140
1767172307.909238,1,0,-142
1767172307.919238,1,1,-138
1767172307.929238,-2,1,-134
1767172307.939238,-4,0,-141
1767172307.949238,-1,-2,-143
1767172307.959238,-3,-3,-146
1767172307.969238,-4,-3,-144
1767172307.9792385,-4,-3,-144
1767172307.9892385,0,-4,-147
1767172307.9992385,7,-1,-151
1767172308.0092382,5,0,-150
1767172308.0192382,8,-2,-144
1767172308.0292382,8,-2,-144
1767172308.0392382,11,0,-146
1767172308.0492382,9,0,-142
1767172308.0592382,8,0,-140
1767172308.0692382,5,-3,-131
1767172308.0792382,6,-2,-131
1767172308.0892382,9,-2,-141
1767172308.0992382,7,0,-140
1767172308.120238,2,1,-140
1767172308.129238,3,-4,-142
1767172308.139238,5,-6,-146
1767172308.149238,7,-3,-143
1767172308.159238,0,-3,-144
1767172308.169238,-1,-6,-146
1767172308.179238,0,-4,-146
1767172308.189238,2,-1,-151
1767172308.199238,-2,2,-152
1767172308.209238,1,2,-145
1767172308.219238,5,0,-140
1767172308.2292385,4,4,-141
1767172308.2392385,5,1,-145
1767172308.2492385,3,5,-140
1767172308.2592382,2,6,-144
1767172308.2692382,2,4,-143
1767172308.2792382,-1,6,-138
1767172308.2892382,-3,7,-135
1767172308.2992382,0,7,-140
1767172308.3092382,1,2,-138
1767172308.3192382,2,0,-137
1767172308.3292382,2,-1,-139
1767172308.3392382,2,-6,-132
1767172308.3492382,5,-8,-133
1767172308.359238,5,-8,-135
1767172308.369238,0,-4,-136
1767172308.379238,-3,-5,-140
1767172308.389238,-4,-4,-137
1767172308.399238,-5,-2,-136
1767172308.409238,-2,-1,-139
1767172308.419238,-4,4,-143
1767172308.429238,-7,4,-141
1767172308.439238,-7,0,-138
1767172308.449238,-5,1,-136
1767172308.459238,-1,1,-137
1767172308.469238,0,-2,-139
1767172308.4792385,-2,0,-139
1767172308.4892385,-3,3,-141
1767172308.4992385,0,4,-144
1767172308.5092382,-1,5,-142
1767172308.5192382,-1,3,-141
1767172308.5292382,-3,5,-137
1767172308.5392382,-7,0,-138
1767172308.5492382,-6,-2,-142
1767172308.5592382,-6,0,-148
1767172308.5692382,-7,-1,-147
1767172308.5792382,-5,-2,-149
1767172308.5892382,-6,-3,-148
1767172308.5992382,-5,0,-150
1767172308.609238,-5,0,-152
1767172308.619238,-5,2,-155
1767172308.629238,-1,-1,-156
1767172308.639238,-2,2,-158
1767172308.649238,-2,1,-160
1767172308.659238,-4,3,-154
1767172308.669238,-6,2,-145
1767172308.679238,-2,1,-140
1767172308.689238,0,-3,-139
1767172308.699238,-2,-7,-139
1767172308.709238,-4,-6,-141
1767172308.719238,-8,-1,-145
1767172308.7292385,-9,-3,-144
1767172308.7392385,-9,-8,-139
1767172308.7492385,-7,-9,-142
1767172308.7592382,-8,-5,-135
1767172308.7692382,-8,-1,-131
1767172308.7792382,-9,0,-130
1767172308.7892382,-11,0,-126
1767172308.7992382,-6,1,-131
1767172308.8092382,-3,3,-135
1767172308.8192382,0,2,-133
1767172308.8292382,-3,0,-133
1767172308.8392382,-2,-5,-133
1767172308.8492382,-1,-6,-140
1767172308.859238,-6,-6,-141
1767172308.869238,-2,-8,-138
1767172308.879238,0,-2,-137
1767172308.889238,0,0,-136
1767172308.899238,-1,3,-140
1767172308.909238,0,5,-141
1767172308.919238,2,1,-146
1767172308.929238,3,2,-153
1767172308.939238,1,-5,-152
1767172308.949238,-2,-7,-148
1767172308.959238,1,-9,-142
1767172308.969238,2,-9,-136
1767172308.9792385,3,-6,-138
1767172308.9892385,3,0,-131
1767172308.9992385,1,-3,-134
1767172309.0092382,2,-5,-137
1767172309.0192382,1,-2,-134
1767172309.0292382,3,-1,-133
1767172309.0392382,3,-4,-138
1767172309.0492382,0,-8,-138
1767172309.0592382,0,-8,-138
1767172309.0692382,-5,-1,-142
1767172309.0792382,1,0,-147
1767172309.0892382,4,3,-147
1767172309.0992382,0,0,-143
1767172309.109238,0,1,-145
1767172309.119238,-2,-2,-152
1767172309.129238,-2,-1,-151
1767172309.139238,0,1,-152
1767172309.149238,4,0,-150
1767172309.159238,4,2,-147
1767172309.169238,3,0,-148
1767172309.179238,3,1,-154
1767172309.189238,2,3,-146
1767172309.199238,-3,2,-145
1767172309.209238,-4,3,-143
1767172309.219238,-5,4,-146
1767172309.2292385,-7,5,-139
1767172309.2392385,-6,9,-138
1767172309.2492385,-6,10,-135
1767172309.2592382,-3,6,-138
1767172309.2692382,-3,2,-134
1767172309.2792382,-2,2,-138
1767172309.2892382,0,0,-141
1767172309.2992382,5,0,-145
1767172309.3092382,6,3,-143
1767172309.3192382,0,4,-141
1767172309.3292382,2,2,-142
1767172309.3392382,-3,0,-133
1767172309.3492382,-1,0,-142
1767172309.359238,-3,-3,-143
1767172309.369238,0,-3,-140
1767172309.379238,0,-4,-139
1767172309.389238,0,-7,-139
1767172309.399238,0,-8,-135
1767172309.409238,0,-5,-137
1767172309.419238,2,-5,-144
1767172309.429238,3,-4,-144
1767172309.439238,2,-4,-142
1767172309.449238,3,-6,-141
1767172309.459238,-1,-1,-143
1767172309.469238,-1,1,-145
1767172309.4792385,0,-2,-141
1767172309.4892385,3,0,-142
1767172309.4992385,4,-2,-141
1767172309.5092382,7,-2,-142
1767172309.5192382,6,-7,-139
1767172309.5292382,5,-4,-136
1767172309.5392382,4,-3,-134
1767172309.5492382,4,1,-134
1767172309.5592382,-1,1,-137
1767172309.5692382,-1,4,-137
1767172309.5792382,-3,4,-142
1767172309.5892382,-6,3,-145
1767172309.5992382,-3,-4,-150
1767172309.609238,2,-1,-153
1767172309.619238,3,0,-153
1767172309.629238,5,4,-151
1767172309.639238,6,2,-150
1767172309.649238,5,-1,-156
1767172309.659238,4,-2,-162
1767172309.669238,5,0,-155
1767172309.679238,3,2,-152
1767172309.689238,0,2,-149
1767172309.699238,2,-2,-151
1767172309.709238,3,-1,-150
1767172309.719238,0,-3,-149
1767172309.7292385,-3,-5,-155
1767172309.7392385,-8,-4,-154
1767172309.7492385,-6,-2,-147
1767172309.7592382,-5,0,-145
1767172309.7692382,0,2,-141
1767172309.7792382,0,2,-141
1767172309.7892382,0,0,-137
1767172309.7992382,-2,0,-136
1767172309.8092382,-3,2,-139
1767172309.8192382,-7,2,-139
1767172309.8292382,-2,-3,-140
1767172309.8392382,-2,-7,-140
1767172309.8492382,-1,-6,-137
1767172309.859238,0,-7,-138
1767172309.869238,0,-3,-133
1767172309.879238,5,-8,-136
1767172309.889238,6,-7,-137
1767172309.899238,3,-7,-132
1767172309.909238,3,-4,-133
1767172309.919238,4,-3,-135
1767172309.929238,-1,-1,-144
1767172309.939238,-6,0,-152
1767172309.949238,-8,5,-155
1767172309.959238,0,7,-151
1767172309.969238,1,5,-149
1767172309.9792385,3,3,-144
1767172309.9892385,-3,4,-143
1767172310.0002382,-1,4,-146
1767172310.0102382,-3,0,-154
1767172310.0202382,-2,0,-157
1767172310.0292382,-5,0,-156
1767172310.040238,-7,0,-150
1767172310.050238,-9,-1,-150
1767172310.060238,-8,-3,-152
1767172310.070238,-3,0,-150
1767172310.080238,-2,-2,-151
1767172310.090238,2,-5,-152
1767172310.100238,2,-6,-149
1767172310.110238,2,0,-146
1767172310.120238,-1,0,-153
1767172310.130238,-3,1,-150
1767172310.139238,-1,-1,-141
1767172310.150238,2,0,-141
1767172310.1602385,8,-4,-151
1767172310.1702385,6,-2,-145
1767172310.1802382,9,-4,-144
1767172310.1902382,6,-6,-145
1767172310.2002382,6,-4,-137
1767172310.2102382,6,-4,-137
1767172310.2202382,7,-1,-140
1767172310.2302382,2,-1,-141
1767172310.2402382,2,-2,-144
1767172310.2502382,3,0,-142
1767172310.2602382,0,0,-151
1767172310.2702382,-2,1,-157
1767172310.2802382,0,0,-153
1767172310.290238,1,0,-145
1767172310.300238,2,-1,-143
1767172310.310238,3,0,-142
1767172310.320238,0,0,-141
1767172310.330238,0,0,-150
1767172310.340238,-1,-1,-154
1767172310.350238,4,-2,-155
1767172310.360238,5,1,-149
1767172310.370238,5,0,-141
1767172310.380238,0,2,-140
1767172310.390238,4,0,-145
1767172310.400238,4,-6,-150
1767172310.4102385,5,-4,-149
1767172310.4202385,3,-2,-145
1767172310.4302382,6,-5,-142
1767172310.4402382,6,-5,-144
1767172310.4502382,0,-7,-146
1767172310.4602382,0,-6,-148
1767172310.4702382,3,-7,-146
1767172310.4802382,7,-9,-137
1767172310.4902382,4,-7,-136
1767172310.5002382,4,-9,-134
1767172310.5102382,7,-10,-133
1767172310.5202382,5,-8,-146
1767172310.5302382,2,-5,-146
1767172310.540238,2,-3,-145
1767172310.550238,3,-5,-144
1767172310.560238,2,-5,-145
1767172310.570238,2,-3,-144
1767172310.580238,6,-3,-135
1767172310.590238,1,-5,-140
1767172310.600238,-1,-3,-147
1767172310.610238,-4,-1,-147
1767172310.620238,-2,0,-147
1767172310.630238,-2,0,-145
1767172310.640238,-3,0,-141
1767172310.650238,1,-2,-145
1767172310.6602385,0,0,-149
1767172310.6702385,1,0,-141
1767172310.6802382,0,2,-141
1767172310.6902382,4,3,-145
1767172310.7002382,10,2,-142
1767172310.7102382,10,0,-141
1767172310.7202382,6,-2,-145
1767172310.7302382,6,0,-145
1767172310.7402382,10,1,-152
1767172310.7502382,8,2,-146
1767172310.7602382,3,1,-148
1767172310.7702382,1,0,-145
1767172310.7802382,0,3,-142
1767172310.790238,0,0,-142
1767172310.800238,1,-3,-143
1767172310.810238,-2,-8,-144
1767172310.820238,-3,-8,-139
1767172310.830238,0,-8,-143
1767172310.840238,1,-9,-151
1767172310.850238,0,-9,-149
1767172310.860238,2,-7,-152
1767172310.870238,5,-5,-153
1767172310.880238,3,0,-149
1767172310.890238,2,3,-146
1767172310.900238,1,1,-150
1767172310.9102385,0,3,-148
1767172310.9202385,-5,4,-149
1767172310.9302382,-4,1,-150
1767172310.9402382,-5,-3,-147
1767172310.9502382,-1,-1,-147
1767172310.9602382,0,0,-146
1767172310.9702382,1,0,-143
1767172310.9802382,5,-1,-144
1767172310.9902382,4,-2,-146
1767172311.0002382,3,-3,-147
1767172311.0102382,6,-3,-149
1767172311.0202382,4,-1,-148
1767172311.0302382,2,-1,-146
1767172311.040238,-4,-4,-147
1767172311.050238,-5,-1,-143
1767172311.060238,-4,-1,-141
1767172311.070238,0,-1,-141
1767172311.080238,3,-4,-133
1767172311.090238,5,-3,-138
1767172311.100238,5,-5,-146
1767172311.110238,3,-4,-148
1767172311.120238,6,0,-146
1767172311.130238,3,1,-139
1767172311.140238,1,-1,-135
1767172311.150238,-2,-1,-134
1767172311.1602385,-2,-3,-131
1767172311.1702385,-4,-5,-133
1767172311.1802382,-6,-6,-136
1767172311.1902382,-6,-3,-138
1767172311.2002382,-5,-1,-140
1767172311.2102382,-1,-1,-141
1767172311.2202382,0,0,-150
1767172311.2302382,0,0,-146
1767172311.2402382,-1,2,-139
1767172311.2502382,3,2,-141
1767172311.2602382,4,-3,-143
1767172311.2702382,5,-8,-147
1767172311.2802382,6,-6,-145
1767172311.290238,7,-5,-147
1767172311.300238,0,-6,-149
1767172311.310238,-1,-7,-145
1767172311.320238,-2,-5,-148
1767172311.330238,-4,-4,-147
1767172311.340238,-4,-6,-148
1767172311.350238,-6,-5,-141
1767172311.360238,-6,-7,-142
1767172311.370238,-6,-3,-142
1767172311.380238,-2,-2,-141
1767172311.390238,3,-2,-146
1767172311.400238,1,-5,-146
1767172311.4102385,0,-5,-142
1767172311.4202385,0,-7,-144
1767172311.4302382,1,-5,-141
1767172311.4402382,0,-5,-144
1767172311.4502382,1,-7,-143
1767172311.4602382,-4,-6,-142
1767172311.4702382,-5,-9,-146
1767172311.4802382,-4,-5,-146
1767172311.4902382,-9,-2,-148
1767172311.5002382,-5,-1,-142
1767172311.5102382,0,-2,-148
1767172311.5202382,0,-8,-148
1767172311.5302382,2,-9,-150
1767172311.540238,4,-6,-149
1767172311.550238,0,-5,-145
1767172311.560238,-2,-5,-137
1767172311.570238,-2,-7,-138
1767172311.580238,-4,-9,-138
1767172311.590238,-4,-10,-146
1767172311.600238,-3,-10,-149
1767172311.610238,-1,-7,-150
1767172311.620238,1,-6,-149
1767172311.630238,1,-6,-144
1767172311.640238,0,-8,-140
1767172311.650238,0,-8,-141
1767172311.6602385,-2,-5,-144
1767172311.6702385,-1,-1,-143
1767172311.6802382,-1,-2,-142
1767172311.6902382,1,-2,-142
1767172311.7002382,1,0,-148
1767172311.7102382,1,-1,-148
1767172311.7202382,0,-1,-145
1767172311.7302382,-1,-3,-136
1767172311.7402382,-3,-3,-134
1767172311.7502382,0,-3,-140
1767172311.7602382,-2,-5,-146
1767172311.7702382,0,-1,-151
1767172311.7802382,0,-2,-157
1767172311.790238,-4,-3,-154
1767172311.800238,-4,-3,-151
1767172311.810238,-6,-4,-147
1767172311.820238,-5,-7,-146
1767172311.830238,-5,-3,-143
1767172311.840238,0,0,-145
1767172311.850238,-2,-1,-148
1767172311.860238,-7,0,-149
1767172311.870238,-8,-3,-142
1767172311.880238,-3,-3,-141
1767172311.890238,3,-5,-138
1767172311.900238,0,-1,-143
1767172311.9102385,0,0,-141
1767172311.9202385,0,0,-138
1767172311.9302382,-1,3,-134
1767172311.9402382,0,3,-127
1767172311.9502382,1,0,-123
1767172311.9602382,1,0,-128
1767172311.9702382,0,2,-135
1767172311.9802382,0,4,-135
1767172311.9902382,-5,0,-136
1767172312.0002382,-4,4,-135
1767172312.0102382,0,7,-137
1767172312.0202382,0,2,-138
1767172312.0302382,-3,1,-142
1767172312.040238,-4,1,-147
1767172312.050238,-5,0,-143
1767172312.060238,-5,0,-143
1767172312.070238,-4,0,-144
1767172312.080238,0,1,-141
1767172312.090238,-2,3,-141
1767172312.100238,0,0,-144
1767172312.110238,0,-5,-147
1767172312.120238,4,-5,-144
1767172312.130238,7,-3,-144
1767172312.140238,6,-5,-145
1767172312.150238,2,-3,-143
1767172312.1602385,1,-3,-140
1767172312.1702385,0,0,-141
1767172312.1802382,-2,-1,-140
1767172312.1902382,-7,-3,-138
1767172312.2002382,-3,-3,-135
1767172312.2102382,-2,-3,-134
1767172312.2202382,0,-1,-138
1767172312.2302382,0,0,-140
1767172312.2402382,2,-1,-146
1767172312.2502382,3,-3,-148
1767172312.2602382,4,-2,-155
1767172312.2702382,6,-1,-151
1767172312.2802382,4,-4,-144
1767172312.290238,2,-2,-142
1767172312.300238,-2,2,-131
1767172312.310238,-5,0,-138
1767172312.320238,-6,2,-151
1767172312.330238,-7,2,-153
1767172312.340238,-2,0,-152
1767172312.350238,0,-1,-152
1767172312.360238,-4,-2,-143
1767172312.370238,-1,1,-141
1767172312.380238,3,3,-146
1767172312.390238,3,3,-148
1767172312.400238,1,9,-153
1767172312.4102385,1,3,-157
1767172312.4202385,7,-1,-153
1767172312.4302382,8,-3,-153
1767172312.4402382,5,-6,-153
1767172312.4502382,0,-6,-159
1767172312.4602382,-1,-4,-156
1767172312.4702382,-4,-1,-152
1767172312.4802382,0,0,-151
1767172312.4902382,1,4,-153
1767172312.5002382,3,6,-152
1767172312.5102382,0,3,-142
1767172312.5202382,0,3,-140
1767172312.5302382,0,3,-143
1767172312.540238,0,3,-139
1767172312.551238,3,2,-140
1767172312.561238,-3,-1,-147
1767172312.571238,-4,-3,-143
1767172312.5812385,-5,-4,-145
1767172312.590238,-2,-3,-150
1767172312.6012385,2,-6,-144
1767172312.6112382,4,-9,-142
1767172312.6212382,5,-10,-148
1767172312.6312382,8,-7,-150
1767172312.6412382,8,-8,-145
1767172312.6512382,6,-10,-146
1767172312.6612382,6,-6,-149
1767172312.6712382,5,-1,-146
1767172312.6812382,3,0,-139
1767172312.6912382,3,0,-143
1767172312.7012382,1,-2,-146
1767172312.711238,2,0,-149
1767172312.721238,-1,2,-148
1767172312.731238,2,3,-147
1767172312.741238,1,7,-138
1767172312.751238,2,7,-139
1767172312.761238,0,8,-144
1767172312.771238,-2,2,-146
1767172312.781238,-3,5,-149
1767172312.791238,-1,1,-141
1767172312.801238,-1,0,-132
1767172312.811238,-1,0,-131
1767172312.821238,3,-2,-134
1767172312.8312385,6,-3,-144
1767172312.8412385,6,0,-146
1767172312.8512385,5,0,-150
1767172312.8612382,1,-5,-153
1767172312.8712382,0,-2,-155
1767172312.8812382,0,0,-155
1767172312.8912382,-1,0,-151
1767172312.9012382,-3,0,-144
1767172312.9112382,-1,-2,-144
1767172312.9212382,-4,-6,-134
1767172312.9312382,0,-6,-144
1767172312.9412382,-3,-11,-144
1767172312.9512382,-3,-7,-138
1767172312.961238,3,-3,-140
1767172312.971238,5,-2,-136
1767172312.981238,6,-3,-137
1767172312.991238,4,-3,-144
1767172313.001238,0,-4,-141
1767172313.011238,1,-1,-148
1767172313.021238,-3,-1,-140
1767172313.031238,-1,0,-142
1767172313.041238,0,1,-141
1767172313.051238,3,1,-144
1767172313.061238,0,4,-144
1767172313.071238,0,2,-143
1767172313.0812385,1,-3,-146
1767172313.0912385,0,-2,-149
1767172313.1012385,-2,-1,-148
1767172313.1112382,-2,-2,-151
1767172313.133238,-5,-1,-149
1767172313.1412382,-5,-1,-141
1767172313.1512382,-3,0,-142
1767172313.1612382,-3,-1,-138
1767172313.1712382,-6,-1,-135
1767172313.1812382,-4,-4,-129
1767172313.1912382,-3,-3,-124
1767172313.2012382,1,-1,-124
1767172313.211238,0,-1,-131
1767172313.221238,0,-1,-131
1767172313.231238,2,-1,-139
1767172313.241238,2,0,-149
1767172313.251238,1,-1,-145
1767172313.261238,3,-7,-144
1767172313.271238,4,-4,-144
1767172313.281238,2,-4,-139
1767172313.291238,-3,-2,-141
1767172313.301238,1,-3,-146
1767172313.311238,2,0,-142
1767172313.321238,3,-2,-140
1767172313.3312385,0,-2,-140
1767172313.3412385,3,-1,-139
1767172313.3512385,1,-3,-135
1767172313.3612382,-2,-4,-142
1767172313.3712382,-5,-3,-149
1767172313.3812382,-3,-4,-153
1767172313.3912382,-3,-3,-154
1767172313.4012382,-4,-4,-160
1767172313.4112382,-4,-3,-158
1767172313.4212382,-7,-3,-157
1767172313.4312382,-7,-3,-154
1767172313.4412382,-3,-3,-149
1767172313.4512382,-2,-3,-152
1767172313.461238,1,-3,-156
1767172313.471238,4,-1,-153
1767172313.481238,2,-2,-151
1767172313.491238,2,-5,-145
1767172313.501238,1,-5,-142
1767172313.511238,2,-5,-144
1767172313.521238,0,-7,-146
1767172313.531238,0,-5,-143
1767172313.541238,-5,-1,-146
1767172313.551238,-6,0,-143
1767172313.561238,-3,0,-141
1767172313.571238,0,0,-142
1767172313.5812385,0,0,-144
1767172313.5912385,0,0,-144
1767172313.6012385,0,1,-146
1767172313.6112382,-8,0,-146
1767172313.6212382,-10,0,-144
1767172313.6312382,-4,0,-140
1767172313.6412382,-3,2,-148
1767172313.6512382,-3,8,-154
1767172313.6612382,-1,5,-156
1767172313.6712382,-1,0,-151
1767172313.6812382,0,2,-148
1767172313.6912382,-3,1,-147
1767172313.7012382,-7,1,-142
1767172313.711238,-4,-2,-144
1767172313.721238,-1,-3,-143
1767172313.731238,-1,-1,-137
1767172313.741238,1,-5,-136
1767172313.751238,0,-1,-141
1767172313.761238,-2,-5,-145
1767172313.771238,-1,0,-145
1767172313.781238,-1,-1,-148
1767172313.791238,0,-1,-150
1767172313.801238,0,-1,-152
1767172313.811238,2,0,-154
1767172313.821238,0,-1,-150
1767172313.8312385,0,0,-148
1767172313.8412385,0,-1,-145
1767172313.8512385,1,-4,-151
1767172313.8612382,0,-5,-151
1767172313.8712382,-1,-5,-140
1767172313.8812382,0,-2,-134
1767172313.8912382,1,0,-140
1767172313.9012382,0,1,-144
1767172313.9112382,2,-1,-144
1767172313.9212382,0,0,-139
1767172313.9312382,0,2,-140
1767172313.9412382,3,0,-147
1767172313.9512382,4,-2,-144
1767172313.961238,5,-2,-141
1767172313.971238,4,-4,-142
1767172313.981238,2,-1,-137
1767172313.991238,0,-5,-135
1767172314.001238,-2,-4,-131
1767172314.011238,-4,-2,-136
1767172314.021238,-1,-1,-141
1767172314.031238,2,0,-141
1767172314.041238,3,-2,-141
1767172314.051238,5,-2,-141
1767172314.061238,3,-4,-143
1767172314.071238,4,-2,-145
1767172314.0812385,1,-5,-145
1767172314.0912385,1,-6,-143
1767172314.1012385,3,-7,-141
1767172314.1112382,1,-4,-144
1767172314.1212382,1,0,-143
1767172314.1312382,-2,0,-150
1767172314.1412382,-4,-3,-154
1767172314.1512382,-4,-4,-156
1767172314.1612382,-3,0,-158
1767172314.1712382,-3,0,-156
1767172314.1812382,-2,3,-157
1767172314.1912382,2,6,-159
1767172314.2012382,0,6,-165
1767172314.211238,-6,9,-162
1767172314.221238,-5,7,-149
1767172314.231238,-1,2,-146
1767172314.241238,-4,1,-147
1767172314.251238,-5,0,-150
1767172314.261238,-5,-3,-147
1767172314.2722385,-6,-3,-150
1767172314.281238,-7,-1,-149
1767172314.291238,-7,0,-148
1767172314.301238,-1,0,-141
1767172314.311238,2,0,-134
1767172314.321238,1,-1,-142
1767172314.3312385,0,-1,-144
1767172314.3412385,1,-4,-146
1767172314.3512385,0,0,-150
1767172314.3612382,-2,2,-151
1767172314.3712382,-2,3,-150
1767172314.3812382,0,2,-144
1767172314.3912382,0,0,-140
1767172314.4012382,1,1,-136
1767172314.4112382,-5,-3,-139
1767172314.4212382,0,-3,-143
1767172314.4312382,0,-6,-142
1767172314.4412382,0,-6,-136
1767172314.4512382,2,-7,-135
1767172314.461238,1,-9,-129
1767172314.471238,2,-6,-135
1767172314.481238,7,-4,-141
1767172314.491238,5,-6,-148
1767172314.501238,5,-7,-142
1767172314.511238,0,-4,-137
1767172314.521238,0,-1,-133
1767172314.531238,1,1,-133
1767172314.541238,-2,-3,-132
1767172314.551238,-2,-7,-130
1767172314.561238,-1,-5,-135
1767172314.571238,2,-2,-146
1767172314.5812385,6,-3,-145
1767172314.5912385,2,-1,-155
1767172314.6012385,2,1,-153
1767172314.6112382,2,1,-147
1767172314.6212382,3,-1,-149
1767172314.6312382,6,1,-145
1767172314.6412382,0,0,-146
1767172314.6512382,-1,-4,-141
1767172314.6612382,-2,-3,-136
1767172314.6712382,-3,0,-141
1767172314.6812382,-3,0,-143
1767172314.6912382,0,0,-150
1767172314.7012382,0,2,-150
1767172314.711238,-6,0,-143
1767172314.721238,-3,-5,-144
1767172314.731238,-5,-4,-143
1767172314.741238,-4,-9,-142
1767172314.751238,-3,-6,-143
1767172314.761238,-6,-6,-144
1767172314.771238,-10,-4,-144
1767172314.781238,-9,-4,-142
1767172314.791238,-8,-5,-142
1767172314.801238,-11,-1,-145
1767172314.811238,-10,0,-148
1767172314.821238,-10,1,-150
1767172314.8312385,-12,2,-156
1767172314.8412385,-5,3,-159
1767172314.8512385,0,0,-158
1767172314.8612382,0,1,-152
1767172314.8712382,0,1,-152
1767172314.8812382,7,0,-148
1767172314.8912382,7,2,-147
1767172314.9012382,7,1,-140
1767172314.9112382,7,-2,-135
1767172314.9212382,4,0,-139
1767172314.9312382,3,1,-139
1767172314.9412382,-1,2,-140
1767172314.9512382,-4,4,-152
1767172314.961238,-4,1,-150
1767172314.971238,-5,-2,-148
1767172314.981238,-6,-2,-146
1767172314.991238,-6,-3,-141
1767172315.001238,-3,-5,-137
1767172315.011238,2,-6,-132
1767172315.021238,3,-5,-134
1767172315.031238,0,-4,-138
1767172315.041238,-2,0,-136
1767172315.0522382,-9,-1,-140
1767172315.061238,-7,-1,-136
1767172315.0722382,-10,-1,-139
1767172315.0822382,-6,0,-139
1767172315.0912385,-3,0,-139
1767172315.1012385,-3,0,-140
1767172315.1112382,-5,0,-140
1767172315.1222382,-5,-5,-134
1767172315.132238,-4,-7,-130
1767172315.142238,-4,-6,-133
1767172315.152238,-6,-7,-140
1767172315.162238,-5,-6,-137
1767172315.172238,0,-4,-137
1767172315.182238,-1,-6,-142
1767172315.192238,-2,-4,-141
1767172315.202238,0,-1,-139
1767172315.212238,-5,-2,-143
1767172315.222238,-1,0,-144
1767172315.232238,-3,0,-138
1767172315.242238,-5,1,-139
1767172315.252238,-2,0,-142
1767172315.2622385,3,0,-142
1767172315.2722385,0,1,-144
1767172315.2822382,-2,-2,-144
1767172315.2922382,-4,-3,-147
1767172315.3022382,-2,-3,-144
1767172315.3122382,-2,3,-141
1767172315.3222382,-3,4,-140
1767172315.3322382,-2,0,-142
1767172315.3422382,2,1,-145
1767172315.3522382,3,1,-147
1767172315.3622382,0,2,-151
1767172315.3722382,0,2,-150
1767172315.382238,2,5,-147
1767172315.392238,-2,6,-151
1767172315.402238,-2,5,-145
1767172315.412238,-2,7,-147
1767172315.422238,0,7,-143
1767172315.432238,1,4,-143
1767172315.442238,-1,3,-144
1767172315.452238,-3,9,-148
1767172315.462238,-1,4,-145
1767172315.472238,-2,4,-136
1767172315.482238,-5,4,-136
1767172315.492238,-5,2,-141
1767172315.502238,-3,1,-140
1767172315.5122385,-6,0,-145
1767172315.5222385,-5,0,-143
1767172315.5322382,-4,1,-142
1767172315.5422382,-2,0,-140
1767172315.5522382,-2,-3,-138
1767172315.5622382,-3,5,-140
1767172315.5722382,-4,8,-134
1767172315.5822382,0,8,-137
1767172315.5922382,3,6,-139
1767172315.6022382,8,5,-141
1767172315.6122382,8,7,-136
1767172315.6222382,5,6,-141
1767172315.632238,5,0,-139
1767172315.642238,1,-1,-140
1767172315.652238,2,-2,-137
1767172315.662238,0,1,-137
1767172315.672238,-4,-2,-137
1767172315.682238,-3,-4,-130
1767172315.692238,0,0,-133
1767172315.702238,-1,-2,-125
1767172315.712238,-1,0,-124
1767172315.722238,-1,0,-131
1767172315.732238,-1,-4,-138
1767172315.742238,-2,-3,-137
1767172315.752238,-2,0,-140
1767172315.7622385,-1,0,-143
1767172315.7722385,-2,1,-148
1767172315.7822382,0,-1,-141
1767172315.7922382,-3,0,-144
1767172315.8022382,-6,-3,-144
1767172315.8122382,-6,0,-146
1767172315.8222382,-3,0,-139
1767172315.8322382,-1,0,-140
1767172315.8422382,0,-2,-143
1767172315.8522382,-1,-1,-139
1767172315.8622382,0,-1,-134
1767172315.8722382,-5,-1,-140
1767172315.882238,-8,1,-140
1767172315.892238,-7,0,-144
1767172315.902238,-5,-1,-140
1767172315.912238,-5,3,-139
1767172315.922238,-2,3,-145
1767172315.932238,-2,6,-147
1767172315.942238,-5,2,-143
1767172315.952238,-4,0,-148
1767172315.962238,-5,2,-150
1767172315.972238,1,3,-152
1767172315.982238,3,1,-150
1767172315.992238,3,1,-138
1767172316.002238,5,0,-138
1767172316.0122385,8,5,-149
1767172316.0222385,5,6,-144
1767172316.0322382,9,4,-142
1767172316.0422382,3,2,-144
1767172316.0522382,3,0,-143
1767172316.0622382,2,0,-147
1767172316.0722382,1,-5,-147
1767172316.0822382,1,-6,-137
1767172316.0922382,-1,-2,-139
1767172316.1022382,-2,-4,-136
1767172316.1122382,-4,-2,-141
1767172316.1222382,0,-4,-146
1767172316.132238,-3,-3,-139
1767172316.142238,-3,-4,-140
1767172316.152238,-4,-5,-140
1767172316.162238,-3,-6,-140
1767172316.172238,-1,-5,-140
1767172316.182238,-4,-1,-143
1767172316.192238,1,-1,-147
1767172316.202238,8,-2,-145
1767172316.212238,9,-3,-141
1767172316.222238,8,0,-138
1767172316.232238,4,1,-140
1767172316.242238,3,2,-138
1767172316.252238,4,1,-138
1767172316.2622385,2,0,-142
1767172316.2722385,3,0,-147
1767172316.2822382,5,-1,-152
1767172316.2922382,6,-1,-153
1767172316.3022382,0,-2,-146
1767172316.3122382,2,-2,-141
1767172316.3222382,0,-3,-140
1767172316.3322382,0,-1,-143
1767172316.3422382,3,0,-138
1767172316.3522382,3,-1,-137
1767172316.3622382,3,0,-135
1767172316.3722382,-1,0,-137
1767172316.382238,0,0,-137
1767172316.392238,1,0,-138
1767172316.402238,6,0,-145
1767172316.412238,5,-1,-145
1767172316.422238,0,-1,-150
1767172316.432238,0,-3,-153
1767172316.442238,0,-9,-156
1767172316.452238,-2,-7,-152
1767172316.462238,-4,-1,-149
1767172316.472238,-4,0,-150
1767172316.482238,-2,-2,-146
1767172316.492238,-1,0,-144
1767172316.502238,1,0,-147
1767172316.5122385,0,0,-150
1767172316.5222385,2,8,-142
1767172316.5322382,7,5,-139
1767172316.5422382,4,2,-138
1767172316.5522382,1,2,-138
1767172316.5622382,0,0,-135
1767172316.5722382,1,-4,-145
1767172316.5822382,0,0,-152
1767172316.5922382,1,0,-152
1767172316.6022382,2,0,-142
1767172316.6122382,8,0,-137
1767172316.6222382,5,0,-135
1767172316.632238,-2,1,-133
1767172316.642238,2,1,-128
1767172316.652238,2,2,-130
1767172316.662238,2,1,-133
1767172316.672238,0,0,-136
1767172316.682238,4,-1,-144
1767172316.692238,7,-5,-144
1767172316.702238,6,-9,-151
1767172316.712238,9,-9,-148
1767172316.722238,10,-6,-145
1767172316.732238,11,-3,-149
1767172316.742238,11,-9,-149
1767172316.752238,11,-10,-149
1767172316.7622385,10,-4,-147
1767172316.7722385,6,-8,-145
1767172316.7822382,4,-11,-147
1767172316.7922382,7,-9,-145
1767172316.8022382,0,-4,-150
1767172316.8122382,1,-3,-148
1767172316.8222382,-3,-5,-147
1767172316.8322382,-4,-4,-147
1767172316.8422382,-1,-9,-144
1767172316.8522382,0,-10,-145
1767172316.8622382,5,-9,-146
1767172316.8722382,4,-11,-141
1767172316.882238,3,-11,-136
1767172316.892238,8,-8,-133
1767172316.902238,3,-4,-139
1767172316.912238,4,-4,-138
1767172316.922238,2,-7,-143
1767172316.932238,-1,-3,-138
1767172316.942238,0,-3,-135
1767172316.952238,-1,0,-139
1767172316.962238,-4,0,-138
1767172316.972238,-2,0,-135
1767172316.982238,-3,-3,-136
1767172316.992238,1,-1,-141
1767172317.002238,-4,-3,-142
1767172317.0122385,-6,-2,-146
1767172317.0222385,-7,-1,-151
1767172317.0322382,-5,-2,-151
1767172317.0422382,-6,0,-150
1767172317.0522382,-9,-1,-151
1767172317.0622382,-9,-2,-152
1767172317.0722382,-11,-4,-144
1767172317.0822382,-7,-2,-138
1767172317.0922382,-6,-6,-139
1767172317.1022382,-9,-2,-136
1767172317.1122382,-6,-3,-139
1767172317.1222382,-6,-1,-144
1767172317.132238,-3,-1,-144
1767172317.142238,-1,-5,-144
1767172317.152238,-1,-5,-150
1767172317.162238,0,-7,-149
1767172317.172238,-2,-11,-142
1767172317.182238,-6,-13,-146
1767172317.192238,-9,-9,-146
1767172317.202238,-8,-8,-143
1767172317.212238,-3,-8,-146
1767172317.222238,-4,-6,-147
1767172317.232238,0,-1,-148
1767172317.242238,0,-5,-147
1767172317.252238,-3,-4,-145
1767172317.2622385,-3,-4,-139
1767172317.2722385,-2,-3,-134
1767172317.2822382,0,-1,-137
1767172317.2922382,5,2,-133
1767172317.3022382,6,2,-134
1767172317.3122382,3,0,-133
1767172317.3222382,4,0,-128
1767172317.3322382,2,-1,-135
1767172317.3422382,0,0,-142
1767172317.3522382,4,0,-146
1767172317.3622382,5,-2,-143
1767172317.3722382,5,-4,-149
1767172317.382238,6,-4,-148
1767172317.392238,2,-2,-142
1767172317.402238,0,0,-142
1767172317.412238,-4,-1,-141
1767172317.422238,-3,-4,-137
1767172317.432238,0,-1,-138
1767172317.442238,4,-2,-144
1767172317.452238,4,-4,-151
1767172317.462238,4,0,-154
1767172317.472238,3,4,-153
1767172317.482238,3,3,-156
1767172317.492238,2,-3,-150
1767172317.502238,0,-7,-143
1767172317.5122385,-1,-6,-136
1767172317.5222385,-2,-5,-135
1767172317.5322382,0,-4,-137
1767172317.5422382,-3,-7,-141
1767172317.5522382,-3,-4,-145
1767172317.5622382,0,0,-150
1767172317.5722382,-7,3,-150
1767172317.5822382,-6,4,-151
1767172317.5922382,-5,3,-148
1767172317.6022382,-5,0,-147
1767172317.6122382,-6,0,-146
1767172317.6222382,-4,0,-153
1767172317.632238,-3,0,-147
1767172317.642238,-2,0,-151
1767172317.653238,-7,-2,-156
1767172317.663238,1,-1,-156
1767172317.673238,4,1,-153
1767172317.6832385,1,1,-145
1767172317.6932385,1,-1,-150
1767172317.7032382,0,-1,-150
1767172317.7132382,1,0,-149
1767172317.7232382,2,0,-144
1767172317.7332382,5,0,-142
1767172317.7432382,5,1,-143
1767172317.7532382,6,0,-143
1767172317.7632382,0,-5,-142
1767172317.7732382,-2,-7,-142
1767172317.7832382,1,-5,-149
1767172317.7932382,-1,-4,-156
1767172317.8032382,-3,-2,-160
1767172317.813238,2,-2,-151
1767172317.823238,1,-3,-152
1767172317.833238,1,-7,-150
1767172317.843238,0,-6,-149
1767172317.853238,-3,-6,-152
1767172317.863238,1,-5,-153
1767172317.873238,1,-3,-151
1767172317.883238,3,-4,-147
1767172317.893238,6,-1,-155
1767172317.903238,7,-2,-148
1767172317.913238,8,-2,-151
1767172317.923238,5,-5,-152
1767172317.9332385,1,-1,-147
1767172317.9432385,2,-2,-139
1767172317.9532382,1,-3,-136
1767172317.9632382,0,-6,-140
1767172317.9732382,-1,-2,-136
1767172317.9832382,-2,-2,-138
1767172317.9932382,-7,-3,-146
1767172318.0032382,-7,-2,-144
1767172318.0132382,-6,-5,-137
1767172318.0232382,-6,-9,-135
1767172318.0332382,-1,-9,-138
1767172318.0432382,-1,-4,-143
1767172318.0532382,0,-3,-147
1767172318.063238,0,-2,-154
1767172318.073238,-1,0,-150
1767172318.083238,1,-1,-146
1767172318.093238,0,-7,-142
1767172318.103238,-1,-5,-144
1767172318.113238,6,-3,-141
1767172318.123238,4,1,-138
1767172318.1452382,4,4,-135
1767172318.153238,11,3,-132
1767172318.163238,9,1,-134
1767172318.173238,4,2,-133
1767172318.1832385,5,0,-141
1767172318.1932385,7,0,-139
1767172318.2032382,12,-1,-141
1767172318.2132382,7,-1,-136
1767172318.2232382,5,-1,-135
1767172318.2332382,0,1,-143
1767172318.2432382,0,0,-144
1767172318.2532382,-3,2,-144
1767172318.2632382,-6,-1,-143
1767172318.2732382,-5,-2,-141
1767172318.2832382,-7,-3,-139
1767172318.2932382,-6,-7,-136
1767172318.3032382,-6,-4,-137
1767172318.313238,-6,-1,-136
1767172318.323238,-5,2,-134
1767172318.333238,-9,5,-134
1767172318.343238,-5,6,-138
1767172318.353238,-4,4,-140
1767172318.363238,-6,8,-144
1767172318.373238,-1,5,-140
1767172318.383238,-1,2,-144
1767172318.393238,-1,0,-142
1767172318.403238,-3,0,-148
1767172318.413238,-1,2,-150
1767172318.423238,2,2,-148
1767172318.4332385,-4,1,-148
1767172318.4432385,-5,3,-153
1767172318.4532382,-2,-1,-146
1767172318.4632382,-6,-1,-143
1767172318.4732382,-10,-1,-142
1767172318.4832382,-11,0,-143
1767172318.4932382,-9,0,-151
1767172318.5032382,-8,2,-148
1767172318.5132382,-2,0,-147
1767172318.5232382,-4,0,-149
1767172318.5332382,-1,-1,-153
1767172318.5432382,0,-1,-147
1767172318.5532382,6,-5,-141
1767172318.563238,5,-7,-135
1767172318.573238,2,-5,-135
1767172318.583238,-2,-6,-139
1767172318.593238,-3,-3,-145
1767172318.603238,-3,-1,-146
1767172318.613238,-9,-3,-145
1767172318.623238,-8,-2,-140
1767172318.633238,-5,0,-138
1767172318.643238,-5,2,-141
1767172318.653238,-1,3,-146
1767172318.663238,-2,3,-144
1767172318.673238,-3,0,-150
1767172318.6832385,-7,1,-161
1767172318.6932385,-2,5,-159
1767172318.7032382,0,1,-155
1767172318.7132382,2,0,-153
1767172318.7232382,0,0,-151
1767172318.7332382,3,-1,-139
1767172318.7432382,6,-3,-133
1767172318.7532382,5,-4,-126
1767172318.7632382,1,-4,-124
1767172318.7732382,0,0,-121
1767172318.7832382,1,2,-125
1767172318.7932382,-1,3,-134
1767172318.8032382,-2,5,-131
1767172318.813238,0,5,-136
1767172318.823238,1,3,-137
1767172318.833238,-2,7,-133
1767172318.843238,0,5,-139
1767172318.853238,-1,1,-139
1767172318.863238,-2,1,-140
1767172318.873238,-3,0,-143
1767172318.883238,-5,0,-136
1767172318.893238,-2,0,-138
1767172318.903238,1,1,-138
1767172318.913238,0,0,-140
1767172318.923238,0,1,-138
1767172318.9332385,-3,-1,-136
1767172318.9432385,-5,0,-138
1767172318.9532382,-2,1,-131
1767172318.9632382,-5,1,-130
1767172318.9732382,-6,0,-133
1767172318.9832382,-10,0,-131
1767172318.9932382,-9,-5,-123
1767172319.0032382,-3,-5,-125
1767172319.0132382,-1,0,-123
1767172319.0232382,-2,0,-130
1767172319.0332382,1,1,-131
1767172319.0432382,0,0,-133
1767172319.0532382,3,0,-134
1767172319.063238,2,-3,-135
1767172319.073238,0,-7,-135
1767172319.083238,3,-6,-125
1767172319.093238,2,-6,-129
1767172319.103238,4,-5,-132
1767172319.113238,2,-3,-137
1767172319.123238,-5,0,-132
1767172319.133238,-3,6,-135
1767172319.143238,0,4,-142
1767172319.153238,2,7,-140
1767172319.163238,1,4,-140
1767172319.173238,-2,3,-135
1767172319.1832385,-5,-2,-131
1767172319.1932385,-4,-4,-129
1767172319.2032382,0,0,-131
1767172319.2132382,-2,3,-134
1767172319.2232382,0,0,-133
1767172319.2332382,1,-7,-134
1767172319.2432382,0,-9,-139
1767172319.2532382,5,-7,-142
1767172319.2632382,6,-3,-142
1767172319.2732382,3,-5,-142
1767172319.2832382,-1,-5,-142
1767172319.2932382,1,-3,-134
1767172319.3032382,2,-2,-139
1767172319.313238,3,-3,-145
1767172319.323238,-2,-5,-143
1767172319.333238,0,-2,-149
1767172319.343238,-2,0,-147
1767172319.353238,-4,-4,-137
1767172319.363238,-1,-2,-142
1767172319.373238,2,-2,-147
1767172319.383238,2,-7,-145
1767172319.393238,6,-6,-143
1767172319.403238,3,-4,-143
1767172319.413238,0,-3,-146
1767172319.423238,0,-4,-147
1767172319.4332385,0,-6,-144
1767172319.4432385,0,-3,-142
1767172319.4532382,-1,-4,-144
1767172319.4632382,-4,-2,-148
1767172319.4732382,-3,0,-149
1767172319.4832382,-2,0,-146
1767172319.4932382,-2,-1,-145
1767172319.5032382,-1,0,-143
1767172319.5132382,0,-1,-143
1767172319.5232382,0,-1,-147
1767172319.5332382,-4,-2,-145
1767172319.5432382,-1,0,-145
1767172319.5532382,0,1,-146
1767172319.563238,-1,0,-138
1767172319.573238,-3,1,-140
1767172319.583238,-2,3,-143
1767172319.593238,0,-1,-146
1767172319.603238,1,0,-146
1767172319.613238,0,1,-149
1767172319.623238,0,2,-149
1767172319.633238,4,2,-145
1767172319.643238,7,3,-149
1767172319.653238,4,1,-150
1767172319.663238,1,2,-151
1767172319.673238,3,2,-154
1767172319.6832385,-2,-2,-151
1767172319.6932385,-6,-3,-149
1767172319.7032382,-6,-1,-144
1767172319.7132382,-7,0,-142
1767172319.7232382,-6,-2,-141
1767172319.7332382,-4,0,-141
1767172319.7432382,-1,0,-140
1767172319.7532382,-3,2,-148
1767172319.7632382,-2,1,-150
1767172319.7732382,-5,-1,-150
1767172319.7832382,-5,-3,-149
1767172319.7932382,-6,-4,-142
1767172319.8032382,-3,-5,-141
1767172319.813238,3,-1,-141
1767172319.823238,4,-1,-142
1767172319.833238,5,-1,-142
1767172319.843238,7,-2,-136
1767172319.853238,7,-5,-136
1767172319.863238,6,-5,-136
1767172319.873238,3,-3,-131
1767172319.883238,3,-4,-131
1767172319.893238,0,-3,-134
1767172319.903238,4,-5,-132
1767172319.913238,5,-7,-127
1767172319.923238,4,-4,-121
1767172319.9332385,0,-4,-127
1767172319.9432385,1,-5,-127
1767172319.9532382,3,-3,-131
1767172319.9632382,6,-4,-129
1767172319.9732382,5,-6,-136
1767172319.9832382,10,-5,-137
1767172319.9932382,8,-1,-141
1767172320.0032382,8,0,-139
1767172320.0132382,6,-2,-133
1767172320.0232382,7,-8,-139
1767172320.0332382,1,-4,-140
1767172320.0432382,0,-5,-131
1767172320.0532382,-3,-6,-137
1767172320.063238,-4,-6,-138
1767172320.073238,-3,-2,-141
1767172320.083238,-1,-4,-148
1767172320.093238,-3,-4,-146
1767172320.103238,0,0,-146
1767172320.113238,-3,0,-141
1767172320.123238,-1,-5,-143
1767172320.133238,0,-4,-136
1767172320.143238,2,-5,-142
1767172320.1542382,1,-5,-139
1767172320.163238,7,-2,-138
1767172320.173238,7,1,-136
1767172320.1842382,6,0,-143
1767172320.1942382,5,2,-142
1767172320.2042382,7,-3,-145
1767172320.2142382,8,-2,-142
1767172320.2242382,1,-2,-143
1767172320.234238,1,-4,-140
1767172320.244238,3,-1,-144
1767172320.254238,1,-1,-144
1767172320.264238,0,2,-138
1767172320.274238,1,3,-134
1767172320.284238,-2,2,-138
1767172320.294238,-4,0,-134
1767172320.304238,-9,-1,-133
1767172320.314238,-7,-3,-137
1767172320.324238,-6,-1,-133
1767172320.334238,-1,0,-135
1767172320.344238,1,1,-137
1767172320.3542385,3,3,-138
1767172320.3642385,3,5,-136
1767172320.3742385,3,5,-142
1767172320.3842382,1,5,-147
1767172320.3942382,-2,3,-149
1767172320.4042382,-1,2,-150
1767172320.4142382,1,4,-145
1767172320.4242382,0,7,-147
1767172320.4342382,-3,4,-144
1767172320.4442382,-5,0,-144
1767172320.4542382,-5,2,-139
1767172320.4642382,-5,-2,-144
1767172320.4742382,-1,-5,-141
1767172320.484238,0,-6,-135
1767172320.494238,2,-4,-130
1767172320.504238,1,-6,-131
1767172320.514238,2,-6,-133
1767172320.524238,2,-5,-139
1767172320.534238,0,-3,-143
1767172320.544238,-3,-4,-148
1767172320.554238,-3,-1,-147
1767172320.564238,-1,-1,-148
1767172320.574238,-2,-4,-148
1767172320.584238,-3,-8,-156
1767172320.594238,0,-6,-152
1767172320.6042385,0,-1,-152
1767172320.6142385,-2,-1,-148
1767172320.6242385,-4,-3,-147
1767172320.6342382,-4,-5,-144
1767172320.6442382,-4,-2,-142
1767172320.6542382,-4,-1,-142
1767172320.6642382,-7,3,-144
1767172320.6742382,-6,0,-144
1767172320.6842382,-2,-1,-136
1767172320.6942382,0,0,-138
1767172320.7042382,1,2,-138
1767172320.7142382,1,1,-139
1767172320.7242382,0,2,-137
1767172320.734238,-2,3,-134
1767172320.744238,-4,1,-137
1767172320.754238,0,-1,-137
1767172320.764238,-1,0,-141
1767172320.774238,-6,2,-144
1767172320.784238,-4,-1,-136
1767172320.794238,-3,0,-145
1767172320.804238,0,-1,-143
1767172320.814238,0,-2,-146
1767172320.824238,0,-3,-151
1767172320.834238,-2,-6,-148
1767172320.844238,0,-6,-141
1767172320.8542385,-2,-4,-135
1767172320.8642385,-1,-1,-134
1767172320.8742385,-2,-1,-139
1767172320.8842382,-3,-2,-138
1767172320.8942382,2,0,-135
1767172320.9042382,5,0,-140
1767172320.9142382,7,1,-145
1767172320.9242382,8,2,-145
1767172320.9342382,5,2,-141
1767172320.9442382,4,3,-145
1767172320.9542382,1,-1,-139
1767172320.9642382,0,0,-137
1767172320.9742382,-7,1,-139
1767172320.984238,-7,-1,-143
1767172320.994238,-4,-2,-142
1767172321.004238,0,1,-133
1767172321.014238,-6,1,-134
1767172321.024238,-8,1,-140
1767172321.034238,-7,0,-145
1767172321.044238,-7,3,-142
1767172321.054238,-4,8,-146
1767172321.064238,-5,8,-145
1767172321.074238,-2,4,-143
1767172321.084238,-3,5,-145
1767172321.094238,0,1,-141
1767172321.1042385,1,0,-140
1767172321.1142385,5,-3,-139
1767172321.1242385,1,-6,-147
1767172321.1342382,2,-6,-148
1767172321.1442382,0,-2,-142
1767172321.1542382,0,4,-136
1767172321.1642382,-5,5,-133
1767172321.1742382,-7,5,-142
1767172321.1842382,-3,1,-141
1767172321.1942382,-2,0,-138
1767172321.2042382,-2,-3,-138
1767172321.2142382,0,-4,-148
1767172321.2242382,-2,-5,-147
1767172321.234238,-3,-4,-144
1767172321.244238,-3,-6,-141
1767172321.254238,-4,0,-140
1767172321.264238,-4,1,-147
1767172321.274238,-3,-4,-145
1767172321.284238,0,1,-142
1767172321.294238,0,1,-144
1767172321.304238,3,0,-145
1767172321.314238,5,-3,-145
1767172321.324238,4,-6,-144
1767172321.334238,4,0,-145
1767172321.344238,2,1,-143
1767172321.3542385,1,1,-142
1767172321.3642385,5,2,-134
1767172321.3742385,4,-4,-137
1767172321.3842382,0,-3,-139
1767172321.3942382,-3,-2,-138
1767172321.4042382,-1,0,-136
1767172321.4142382,-1,-2,-143
1767172321.4242382,1,-4,-145
1767172321.4342382,1,0,-142
1767172321.4442382,-1,-3,-143
1767172321.4542382,-5,-4,-144
1767172321.4642382,-4,-3,-141
1767172321.4742382,-7,-3,-140
1767172321.484238,-4,-1,-143
1767172321.494238,0,1,-139
1767172321.504238,1,1,-142
1767172321.514238,0,-4,-146
1767172321.524238,3,-4,-143
1767172321.534238,2,0,-145
1767172321.544238,5,0,-146
1767172321.554238,1,-3,-142
1767172321.564238,1,-3,-144
1767172321.574238,0,-3,-139
1767172321.584238,-2,-4,-140
1767172321.594238,1,-4,-142
1767172321.6042385,2,-4,-144
1767172321.6142385,1,3,-141
1767172321.6242385,-1,3,-149
1767172321.6342382,-6,3,-153
1767172321.6452382,0,1,-153
1767172321.6542382,-1,5,-149
1767172321.6642382,-2,7,-141
1767172321.6742382,-1,5,-144
1767172321.6842382,-1,2,-143
1767172321.6942382,-2,3,-148
1767172321.7042382,1,5,-144
1767172321.7142382,-1,6,-145
1767172321.7242382,0,2,-143
1767172321.734238,-2,4,-139
1767172321.744238,-2,6,-136
1767172321.754238,-1,2,-142
1767172321.764238,-1,2,-146
1767172321.774238,-4,3,-141
1767172321.784238,-4,5,-146
1767172321.794238,-2,-1,-142
1767172321.804238,-2,-3,-140
1767172321.814238,-3,-5,-139
1767172321.824238,-4,-7,-141
1767172321.834238,-4,-4,-135
1767172321.844238,-6,-2,-140
1767172321.8542385,-3,2,-140
1767172321.8642385,-2,1,-137
1767172321.8742385,-2,1,-136
1767172321.8842382,-1,3,-140
1767172321.8942382,-3,1,-138
1767172321.9042382,-3,5,-131
1767172321.9142382,-2,4,-133
1767172321.9242382,0,0,-136
1767172321.9342382,0,0,-137
1767172321.9442382,-2,0,-137
1767172321.9542382,1,-3,-132
1767172321.9642382,5,0,-139
1767172321.9742382,4,-1,-143
1767172321.984238,2,0,-140
1767172321.994238,4,0,-139
1767172322.004238,7,2,-140
1767172322.014238,2,2,-137
1767172322.024238,0,1,-133
1767172322.034238,0,1,-135
1767172322.044238,-6,2,-144
1767172322.054238,-6,-5,-144
1767172322.064238,-10,-7,-144
1767172322.074238,-11,-8,-142
1767172322.084238,-11,-5,-134
1767172322.094238,-8,-6,-138
1767172322.1042385,-6,-3,-142
1767172322.1142385,-3,-4,-150
1767172322.1242385,-2,-3,-153
1767172322.1342382,0,-6,-146
1767172322.1442382,-3,-1,-142
1767172322.1542382,-4,-1,-141
1767172322.1642382,-5,-3,-137
1767172322.1742382,-1,-4,-140
1767172322.1842382,0,-5,-137
1767172322.1942382,-2,-4,-140
1767172322.2042382,-3,-10,-139
1767172322.2142382,0,-12,-140
1767172322.2242382,0,-12,-144
1767172322.234238,8,-8,-144
1767172322.244238,1,-7,-136
1767172322.254238,-3,-4,-137
1767172322.264238,-4,0,-139
1767172322.274238,-1,5,-134
1767172322.284238,-3,7,-134
1767172322.294238,0,6,-133
1767172322.304238,7,5,-127
1767172322.314238,3,6,-126
1767172322.324238,5,6,-128
1767172322.334238,3,6,-128
1767172322.344238,1,5,-129
1767172322.3542385,5,4,-133
1767172322.3642385,3,5,-138
1767172322.3742385,5,3,-145
1767172322.3842382,0,5,-148
1767172322.3942382,1,4,-146
1767172322.4042382,2,1,-155
1767172322.4142382,3,0,-158
1767172322.4242382,1,-1,-157
1767172322.4342382,-2,-2,-154
1767172322.4442382,-3,-1,-149
1767172322.4542382,2,-5,-147
1767172322.4642382,0,-3,-140
1767172322.4742382,-1,1,-141
1767172322.484238,-5,2,-139
1767172322.494238,-7,-1,-133
1767172322.504238,-5,0,-130
1767172322.514238,-1,-1,-132
1767172322.524238,2,-1,-135
1767172322.534238,0,-3,-139
1767172322.544238,-2,-7,-142
1767172322.554238,0,-7,-143
1767172322.564238,-3,-3,-146
1767172322.574238,0,-3,-147
1767172322.584238,-2,-1,-149
1767172322.594238,-3,6,-148
1767172322.6042385,-4,7,-151
1767172322.6142385,-2,2,-152
1767172322.6242385,0,0,-146
1767172322.6342382,-3,0,-149
1767172322.6442382,-2,1,-153
1767172322.6542382,0,3,-150
1767172322.6642382,1,4,-152
1767172322.675238,6,0,-150
1767172322.6842382,9,-2,-148
1767172322.695238,11,1,-148
1767172322.705238,13,-1,-146
1767172322.715238,8,-2,-147
1767172322.725238,7,-3,-140
1767172322.734238,7,2,-142
1767172322.745238,2,1,-143
1767172322.755238,0,-1,-135
1767172322.765238,-2,-3,-141
1767172322.775238,2,-3,-152
1767172322.7852385,0,0,-152
1767172322.7952385,-3,1,-150
1767172322.8052382,-4,3,-151
1767172322.8152382,-5,2,-142
1767172322.8252382,-2,0,-144
1767172322.8352382,-6,-4,-148
1767172322.8452382,-9,-2,-150
1767172322.8552382,-6,-3,-150
1767172322.8652382,-4,0,-155
1767172322.8752382,-5,-1,-157
1767172322.8852382,-6,-3,-149
1767172322.8952382,-6,-4,-148
1767172322.9052382,-10,0,-149
1767172322.915238,-1,0,-148
1767172322.925238,-1,-1,-149
1767172322.935238,-1,-1,-143
1767172322.945238,-4,0,-139
1767172322.955238,-4,1,-135
1767172322.965238,-4,-2,-139
1767172322.975238,-3,0,-143
1767172322.985238,2,2,-141
1767172322.995238,1,1,-141
1767172323.005238,1,-2,-134
1767172323.015238,-1,2,-137
1767172323.025238,0,2,-138
1767172323.0352385,0,2,-138
1767172323.0452385,2,0,-131
1767172323.0552382,2,-1,-134
1767172323.0652382,0,-2,-133
1767172323.0752382,-2,0,-135
1767172323.0852382,-2,-5,-134
1767172323.0952382,-2,-5,-136
1767172323.1052382,-2,-9,-137
1767172323.1152382,-4,-11,-145
1767172323.1252382,-8,-8,-146
1767172323.1352382,-3,-6,-144
1767172323.156238,-2,-4,-149
1767172323.165238,0,-2,-141
1767172323.175238,0,-3,-139
1767172323.185238,-3,-4,-140
1767172323.195238,-2,-4,-141
1767172323.205238,0,-3,-144
1767172323.215238,-7,-2,-140
1767172323.225238,-3,-1,-142
1767172323.235238,-3,1,-139
1767172323.245238,-2,2,-137
1767172323.255238,0,0,-137
1767172323.265238,1,3,-137
1767172323.275238,1,4,-131
1767172323.2852385,0,6,-134
1767172323.2952385,-1,1,-132
1767172323.3052382,0,-2,-138
1767172323.3152382,0,-2,-140
1767172323.3252382,2,0,-137
1767172323.3352382,4,-5,-133
1767172323.3452382,1,-1,-136
1767172323.3552382,3,0,-145
1767172323.3652382,0,0,-151
1767172323.3752382,-8,-2,-147
1767172323.386238,-4,-1,-145
1767172323.3952382,-1,-3,-145
1767172323.4052382,1,-3,-145
1767172323.415238,1,-7,-147
1767172323.425238,5,-4,-142
1767172323.435238,1,-5,-134
1767172323.445238,3,-4,-131
1767172323.455238,6,0,-132
1767172323.465238,9,-2,-135
1767172323.475238,8,0,-133
1767172323.485238,8,0,-135
1767172323.495238,7,0,-142
1767172323.505238,3,-3,-137
1767172323.515238,0,0,-131
1767172323.525238,0,0,-129
1767172323.5352385,0,-1,-134
1767172323.5452385,1,-2,-140
1767172323.5552382,-1,-4,-143
1767172323.5652382,-1,-5,-143
1767172323.5752382,-2,-9,-141
1767172323.5852382,0,-14,-138
1767172323.5952382,0,-10,-142
1767172323.6052382,0,-4,-130
1767172323.6152382,0,-7,-131
1767172323.6252382,-3,-6,-132
1767172323.6352382,0,-4,-136
1767172323.6452382,-1,-5,-135
1767172323.6552382,-1,0,-136
1767172323.665238,1,-1,-141
1767172323.675238,0,-3,-146
1767172323.685238,-3,0,-146
1767172323.695238,-3,0,-141
1767172323.705238,-3,-5,-146
1767172323.715238,-3,-5,-153
1767172323.725238,-5,0,-150
1767172323.735238,-7,0,-153
1767172323.745238,-8,1,-155
1767172323.755238,-9,0,-148
1767172323.765238,-9,0,-148
1767172323.775238,-4,-2,-147
1767172323.7852385,-2,-5,-149
1767172323.7952385,0,-4,-150
1767172323.8052382,-1,0,-149
1767172323.8152382,-4,1,-151
1767172323.8252382,-3,1,-151
1767172323.8352382,-5,0,-144
1767172323.8452382,-9,0,-140
1767172323.8552382,-7,1,-146
1767172323.8652382,-4,0,-142
1767172323.8752382,-8,-2,-146
1767172323.8852382,-7,-4,-142
1767172323.8952382,-6,-2,-145
1767172323.9052382,-6,0,-148
1767172323.915238,-3,-1,-152
1767172323.925238,0,-3,-151
1767172323.935238,-4,0,-148
1767172323.945238,-4,1,-141
1767172323.955238,-7,6,-141
1767172323.965238,-9,4,-143
1767172323.975238,-9,1,-141
1767172323.985238,-7,0,-139
1767172323.995238,-4,0,-138
1767172324.005238,-2,2,-143
1767172324.015238,-6,-1,-141
1767172324.025238,-5,-9,-142
1767172324.0352385,-3,-3,-146
1767172324.0452385,-2,-1,-142
1767172324.0552382,-2,-3,-140
1767172324.0652382,0,1,-141
1767172324.0752382,-1,2,-150
1767172324.0852382,2,2,-151
1767172324.0952382,0,-2,-150
1767172324.1052382,0,1,-143
1767172324.1152382,-1,-2,-139
1767172324.1252382,4,-3,-134
1767172324.1352382,1,-2,-139
1767172324.1452382,2,0,-144
1767172324.1552382,2,-2,-141
1767172324.165238,0,-4,-131
1767172324.175238,3,0,-138
1767172324.185238,3,-1,-145
1767172324.195238,3,0,-146
1767172324.205238,6,0,-144
1767172324.215238,9,0,-147
1767172324.225238,6,0,-151
1767172324.235238,6,1,-149
1767172324.245238,5,4,-155
1767172324.255238,5,4,-157
1767172324.265238,8,3,-155
1767172324.275238,9,-1,-146
1767172324.2852385,7,-5,-143
1767172324.2952385,2,-5,-141
1767172324.3052382,6,-7,-143
1767172324.3152382,6,-8,-143
1767172324.3252382,7,-4,-141
1767172324.3352382,4,3,-142
1767172324.3452382,4,2,-142
1767172324.3552382,0,1,-141
1767172324.3652382,1,2,-141
1767172324.3752382,-1,-1,-139
1767172324.3852382,2,0,-146
1767172324.3952382,7,1,-149
1767172324.4052382,9,2,-150
1767172324.415238,6,1,-155
1767172324.425238,7,-4,-158
1767172324.435238,10,-5,-157
1767172324.445238,5,-7,-160
1767172324.455238,7,-3,-157
1767172324.465238,3,-7,-156
1767172324.475238,3,-4,-162
1767172324.485238,2,-3,-163
1767172324.495238,4,-6,-158
1767172324.505238,0,-3,-152
1767172324.515238,-1,-4,-152
1767172324.525238,-3,-2,-151
1767172324.5352385,-4,-2,-144
1767172324.5452385,-6,-2,-148
1767172324.5552382,-3,-2,-143
1767172324.5652382,-8,-5,-135
1767172324.5752382,-3,-2,-132
1767172324.5852382,1,-6,-124
1767172324.5952382,0,-5,-129
1767172324.6052382,1,-4,-137
1767172324.6152382,5,1,-138
1767172324.6252382,4,4,-139
1767172324.6352382,0,9,-148
1767172324.6452382,-2,4,-153
1767172324.6552382,-9,0,-154
1767172324.665238,-2,1,-156
1767172324.675238,-1,0,-154
1767172324.685238,-8,-5,-155
1767172324.695238,-4,-7,-151
1767172324.705238,-2,-5,-149
1767172324.715238,0,-4,-152
1767172324.725238,-1,-5,-151
1767172324.735238,0,-5,-147
1767172324.745238,1,-8,-142
1767172324.755238,4,-11,-137
1767172324.765238,0,-12,-136
1767172324.775238,-2,-10,-141
1767172324.7852385,1,-9,-140
1767172324.7952385,4,-7,-137
1767172324.8052382,1,-5,-141
1767172324.8152382,7,-7,-142
1767172324.8252382,6,-1,-147
1767172324.8352382,1,0,-141
1767172324.8452382,1,0,-141
1767172324.8552382,-1,1,-145
1767172324.8652382,-3,2,-147
1767172324.8752382,-3,-1,-145
1767172324.8852382,-3,-1,-139
1767172324.8952382,0,0,-142
1767172324.9052382,1,0,-137
1767172324.915238,1,-1,-140
1767172324.925238,3,-5,-137
1767172324.935238,5,-4,-139
1767172324.945238,3,-4,-142
1767172324.955238,10,-5,-137
1767172324.965238,6,-3,-132
1767172324.975238,6,-1,-132
1767172324.985238,9,1,-132
1767172324.995238,9,-3,-130
1767172325.005238,6,-1,-132
1767172325.015238,4,-1,-135
1767172325.025238,6,1,-136
1767172325.0352385,3,3,-132
1767172325.0452385,2,4,-133
1767172325.0552382,3,0,-132
1767172325.0652382,3,-1,-138
1767172325.0752382,2,-4,-142
1767172325.0852382,0,-1,-143
1767172325.0952382,0,0,-146
1767172325.1052382,2,1,-143
1767172325.1152382,0,3,-139
1767172325.1252382,-4,1,-137
1767172325.1352382,-8,-4,-130
1767172325.1452382,-9,-4,-135
1767172325.1552382,-8,-3,-138
1767172325.165238,-7,0,-139
1767172325.175238,-6,0,-136
1767172325.185238,-4,-4,-133
1767172325.195238,-5,-5,-134
1767172325.205238,-5,-4,-140
1767172325.215238,-2,-7,-139
1767172325.225238,0,-4,-136
1767172325.235238,-2,-3,-137
1767172325.2462382,-3,0,-135
1767172325.255238,-4,-3,-138
1767172325.2662382,-6,-4,-137
1767172325.2762382,-7,-5,-139
1767172325.2862382,0,-3,-145
1767172325.2952385,0,-3,-145
1767172325.3062382,1,-2,-148
1767172325.3162382,2,0,-147
1767172325.3262382,0,0,-138
1767172325.3352382,0,-2,-139
1767172325.346238,0,-1,-147
1767172325.356238,1,3,-150
1767172325.366238,0,3,-150
1767172325.376238,-3,-1,-144
1767172325.3852382,0,0,-149
1767172325.396238,1,-1,-150
1767172325.406238,1,0,-158
1767172325.416238,0,-1,-154
1767172325.426238,-1,0,-153
1767172325.436238,0,1,-150
1767172325.446238,0,1,-145
1767172325.4562385,2,-1,-140
1767172325.4662385,1,-1,-137
1767172325.4762385,2,-2,-133
1767172325.4862382,1,-1,-139
1767172325.4962382,0,0,-142
1767172325.5062382,2,0,-143
1767172325.5162382,1,-2,-141
1767172325.5262382,8,-3,-142
1767172325.5362382,9,0,-142
1767172325.5462382,7,0,-147
1767172325.5562382,11,0,-153
1767172325.5662382,7,0,-143
1767172325.5762382,8,0,-139
1767172325.586238,6,0,-143
1767172325.596238,3,0,-138
1767172325.606238,1,0,-140
1767172325.616238,2,-1,-141
1767172325.626238,-1,-1,-138
1767172325.636238,0,-4,-142
1767172325.646238,2,-5,-145
1767172325.656238,0,-4,-146
1767172325.666238,-4,0,-142
1767172325.676238,-2,-4,-146
1767172325.686238,0,-2,-141
1767172325.696238,-1,-3,-140
1767172325.7062385,0,-6,-133
1767172325.7162385,0,-3,-133
1767172325.7262385,-1,0,-143
1767172325.7362382,-3,0,-149
1767172325.7462382,-2,0,-148
1767172325.7562382,0,-1,-146
1767172325.7662382,0,-2,-149
1767172325.7762382,-2,0,-139
1767172325.7862382,-3,-2,-134
1767172325.7962382,-3,-6,-132
1767172325.8062382,-2,-8,-130
1767172325.8162382,0,-15,-133
1767172325.8262382,0,-9,-139
1767172325.836238,-1,-9,-141
1767172325.846238,1,-12,-141
1767172325.856238,0,-8,-143
1767172325.866238,1,-8,-143
1767172325.876238,-2,-10,-140
1767172325.886238,1,-1,-131
1767172325.896238,4,1,-130
1767172325.906238,0,2,-132
1767172325.916238,0,0,-135
1767172325.926238,0,0,-130
1767172325.936238,6,3,-136
1767172325.946238,9,-3,-136
1767172325.9562385,7,-5,-139
1767172325.9662385,1,-8,-138
1767172325.9762385,-8,-9,-145
1767172325.9862382,-7,-7,-151
1767172325.9962382,-1,-8,-152
1767172326.0062382,1,-8,-150
1767172326.0162382,2,-6,-144
1767172326.0262382,3,-9,-142
1767172326.0362382,-1,-7,-143
1767172326.0462382,-4,-4,-143
1767172326.0562382,-1,-3,-137
1767172326.0662382,0,0,-135
1767172326.0762382,-1,-1,-133
1767172326.086238,-3,2,-133
1767172326.096238,1,0,-142
1767172326.106238,3,0,-145
1767172326.116238,4,-1,-147
1767172326.126238,4,0,-144
1767172326.136238,8,3,-141
1767172326.146238,5,1,-139
1767172326.156238,3,1,-139
1767172326.166238,0,0,-129
1767172326.176238,-2,0,-125
1767172326.186238,0,0,-120
1767172326.196238,0,-2,-125
1767172326.2062385,2,0,-129
1767172326.2162385,2,0,-134
1767172326.2262385,1,-1,-133
1767172326.2362382,-1,-3,-130
1767172326.2462382,-3,-6,-134
1767172326.2562382,0,-4,-135
1767172326.2662382,0,-2,-141
1767172326.2762382,2,1,-140
1767172326.2862382,-2,4,-146
1767172326.2962382,0,3,-149
1767172326.3062382,3,-1,-153
1767172326.3162382,5,-3,-148
1767172326.3262382,6,-6,-145
1767172326.336238,8,-8,-143
1767172326.346238,6,-2,-144
1767172326.356238,9,-2,-145
1767172326.366238,9,-4,-154
1767172326.376238,5,0,-155
1767172326.386238,1,1,-152
1767172326.396238,1,-1,-145
1767172326.406238,0,1,-144
1767172326.416238,0,1,-143
1767172326.426238,-2,2,-142
1767172326.436238,-2,0,-142
1767172326.446238,-2,0,-139
1767172326.4562385,-1,-4,-137
1767172326.4662385,0,1,-139
1767172326.4762385,1,0,-143
1767172326.4862382,1,0,-138
1767172326.4962382,-1,2,-136
1767172326.5062382,4,1,-142
1767172326.5162382,7,0,-148
1767172326.5262382,6,-2,-148
1767172326.5362382,0,0,-146
1767172326.5462382,4,-5,-145
1767172326.5562382,-1,-9,-145
1767172326.5662382,-4,-4,-143
1767172326.5762382,-2,-7,-143
1767172326.586238,-2,-5,-145
1767172326.596238,-1,-3,-146
1767172326.606238,-3,-2,-143
1767172326.616238,-4,-4,-142
1767172326.626238,0,-2,-142
1767172326.636238,0,-2,-146
1767172326.646238,3,-1,-142
1767172326.656238,1,0,-146
1767172326.666238,0,0,-147
1767172326.676238,-2,0,-146
1767172326.686238,-3,0,-144
1767172326.696238,-1,-1,-147
1767172326.7062385,-2,-2,-145
1767172326.7162385,-5,0,-140
1767172326.7262385,-11,-1,-141
1767172326.7362382,-10,-1,-141
1767172326.7462382,-8,-1,-146
1767172326.7562382,-5,-1,-145
1767172326.7662382,-6,-2,-147
1767172326.7762382,-7,-6,-142
1767172326.7862382,-6,-6,-139
1767172326.7962382,-4,-4,-144
1767172326.8062382,-3,-6,-144
1767172326.8162382,-2,-3,-144
1767172326.8262382,-4,-1,-143
1767172326.836238,0,0,-142
1767172326.846238,-1,2,-142
1767172326.856238,-1,0,-143
1767172326.866238,2,0,-147
1767172326.876238,1,-2,-147
1767172326.886238,5,-1,-149
1767172326.896238,6,0,-149
1767172326.906238,7,-2,-143
1767172326.916238,4,0,-149
1767172326.926238,2,2,-151
1767172326.936238,1,0,-151
1767172326.946238,0,0,-139
1767172326.9562385,0,0,-144
1767172326.9662385,0,-1,-139
1767172326.9762385,-4,-1,-134
1767172326.9862382,-8,0,-132
1767172326.9962382,-3,-1,-136
1767172327.0062382,-3,1,-142
1767172327.0162382,-4,1,-146
1767172327.0262382,-1,2,-151
1767172327.0362382,1,2,-145
1767172327.0462382,0,0,-139
1767172327.0562382,4,0,-142
1767172327.0662382,4,-2,-146
1767172327.0762382,4,3,-147
1767172327.086238,4,2,-149
1767172327.096238,2,0,-145
1767172327.106238,2,0,-148
1767172327.116238,2,0,-150
1767172327.126238,-1,-1,-144
1767172327.136238,-1,1,-144
1767172327.146238,0,0,-140
1767172327.156238,0,-3,-134
1767172327.166238,2,-1,-130
1767172327.176238,1,-3,-134
1767172327.186238,5,-3,-138
1767172327.196238,2,-3,-140
1767172327.2062385,2,1,-139
1767172327.2162385,-3,-2,-138
1767172327.2262385,-2,-1,-141
1767172327.2362382,0,-2,-141
1767172327.2462382,4,0,-137
1767172327.2562382,5,2,-141
1767172327.2662382,5,0,-146
1767172327.2762382,6,-1,-146
1767172327.2862382,4,-2,-149
1767172327.2962382,5,-5,-148
1767172327.3062382,1,-5,-138
1767172327.3162382,1,-2,-139
1767172327.3262382,4,-1,-140
1767172327.336238,0,0,-147
1767172327.346238,-3,-2,-141
1767172327.356238,-1,0,-144
1767172327.366238,-7,-3,-144
1767172327.376238,-6,-1,-152
1767172327.386238,-6,0,-153
1767172327.396238,-9,0,-154
1767172327.406238,-7,-8,-146
1767172327.416238,-6,-11,-149
1767172327.426238,-3,-11,-144
1767172327.436238,-4,-8,-140
1767172327.446238,-2,-7,-136
1767172327.4562385,-2,-11,-133
1767172327.4662385,-7,-5,-138
1767172327.4762385,-4,-1,-142
1767172327.4862382,-6,-1,-142
1767172327.4962382,-5,-3,-142
1767172327.5062382,-5,0,-147
1767172327.5162382,-3,-1,-151
1767172327.5262382,-5,0,-152
1767172327.5362382,-6,0,-141
1767172327.5462382,-7,3,-139
1767172327.5562382,-7,4,-143
1767172327.5662382,-6,3,-141
1767172327.5762382,-11,5,-146
1767172327.586238,-11,3,-145
1767172327.596238,-5,3,-144
1767172327.606238,-2,6,-147
1767172327.616238,-3,6,-142
1767172327.626238,0,3,-141
1767172327.636238,3,5,-144
1767172327.646238,0,5,-142
1767172327.656238,-1,4,-144
1767172327.666238,0,4,-144
1767172327.676238,-1,3,-143
1767172327.686238,2,1,-143
1767172327.696238,2,1,-148
1767172327.7062385,1,0,-142
1767172327.7162385,-4,-1,-141
1767172327.7262385,-6,0,-143
1767172327.7362382,-4,0,-139
1767172327.7462382,-5,4,-142
1767172327.757238,-7,6,-143
1767172327.7662382,-5,5,-149
1767172327.7762382,-5,1,-150
1767172327.7862382,-5,1,-153
1767172327.797238,-3,0,-148
1767172327.807238,-6,-4,-145
1767172327.817238,0,-6,-144
1767172327.827238,0,-7,-141
1767172327.837238,-2,-4,-139
1767172327.847238,0,-2,-134
1767172327.857238,-1,2,-131
1767172327.867238,0,2,-138
1767172327.877238,-1,2,-136
1767172327.8872385,0,7,-138
1767172327.8972385,-1,9,-148
1767172327.9072382,0,5,-151
1767172327.9172382,2,2,-149
1767172327.9272382,-2,4,-150
1767172327.9372382,-2,0,-147
1767172327.9472382,-4,-5,-151
1767172327.9572382,-7,-4,-150
1767172327.9672382,-5,-1,-148
1767172327.9772382,-6,-2,-142
1767172327.9872382,-4,-1,-150
1767172327.9972382,1,0,-154
1767172328.007238,0,0,-150
1767172328.017238,-3,0,-150
1767172328.027238,-4,-1,-149
1767172328.037238,-4,-2,-145
1767172328.047238,-4,0,-150
1767172328.057238,-3,-1,-151
1767172328.067238,0,-3,-149
1767172328.077238,0,-2,-141
1767172328.087238,4,-2,-136
1767172328.097238,4,0,-141
1767172328.107238,5,-4,-147
1767172328.117238,6,-7,-152
1767172328.127238,3,-5,-152
1767172328.1372385,-2,0,-155
1767172328.1472385,-2,2,-150
1767172328.1682382,3,4,-155
1767172328.1772382,2,2,-153
1767172328.1872382,5,0,-141
1767172328.1972382,7,-2,-141
1767172328.2072382,6,-3,-146
1767172328.2172382,6,-4,-147
1767172328.2272382,4,-2,-148
1767172328.2372382,0,0,-149
1767172328.2472382,2,2,-147
1767172328.257238,0,1,-142
1767172328.267238,2,-2,-144
1767172328.277238,5,4,-147
1767172328.287238,7,3,-145
1767172328.297238,3,0,-147
1767172328.307238,0,0,-152
1767172328.317238,-2,0,-161
1767172328.327238,2,1,-159
1767172328.337238,4,4,-153
1767172328.347238,4,1,-149
1767172328.357238,0,7,-143
1767172328.367238,3,6,-149
1767172328.377238,8,4,-142
1767172328.3872385,1,0,-146
1767172328.3972385,3,-3,-144
1767172328.4072382,4,1,-138
1767172328.4172382,1,-1,-136
1767172328.4272382,0,3,-137
1767172328.4372382,0,1,-139
1767172328.4472382,-1,2,-133
1767172328.4572382,-3,-2,-135
1767172328.4672382,0,-4,-141
1767172328.4772382,-2,-8,-142
1767172328.4872382,-4,-3,-144
1767172328.4972382,0,-3,-139
1767172328.507238,0,-5,-145
1767172328.517238,-1,-5,-152
1767172328.527238,-4,-5,-152
1767172328.537238,0,-5,-146
1767172328.547238,0,-1,-145
1767172328.557238,2,0,-146
1767172328.567238,0,-4,-148
1767172328.577238,0,-4,-144
1767172328.587238,0,-3,-143
1767172328.597238,-3,-3,-141
1767172328.607238,-4,-1,-142
1767172328.617238,-2,-3,-141
1767172328.627238,0,-2,-144
1767172328.6372385,0,0,-144
1767172328.6472385,0,0,-143
1767172328.6572382,-2,2,-142
1767172328.6672382,-3,-1,-142
1767172328.6772382,0,-1,-145
1767172328.6872382,3,-2,-143
1767172328.6972382,0,-3,-143
1767172328.7072382,2,-5,-147
1767172328.7172382,1,-4,-144
1767172328.7272382,0,-2,-139
1767172328.7372382,-2,-4,-136
1767172328.7472382,-1,2,-134
1767172328.757238,-2,0,-135
1767172328.767238,0,-3,-138
1767172328.777238,3,-3,-142
1767172328.787238,4,-3,-141
1767172328.797238,2,-1,-148
1767172328.807238,0,-2,-147
1767172328.817238,1,0,-144
1767172328.827238,3,5,-139
1767172328.837238,2,4,-140
1767172328.847238,2,2,-137
1767172328.857238,1,1,-141
1767172328.867238,3,2,-141
1767172328.877238,0,4,-141
1767172328.8872385,0,0,-142
1767172328.8972385,1,1,-142
1767172328.9072382,0,1,-145
1767172328.9172382,0,0,-139
1767172328.9272382,-4,1,-136
1767172328.9372382,-3,2,-142
1767172328.9472382,1,0,-141
1767172328.9572382,2,2,-138
1767172328.9672382,8,1,-135
1767172328.9772382,4,3,-136
1767172328.9872382,0,2,-133
1767172328.9972382,-2,2,-136
1767172329.007238,-2,4,-134
1767172329.017238,-8,5,-135
1767172329.027238,-9,5,-135
1767172329.037238,-9,2,-129
1767172329.047238,-6,2,-127
1767172329.057238,-5,2,-128
1767172329.067238,-2,7,-133
1767172329.077238,-7,4,-132
1767172329.087238,-5,2,-134
1767172329.097238,-5,1,-137
1767172329.107238,-3,0,-147
1767172329.117238,3,3,-144
1767172329.127238,4,7,-142
1767172329.1372385,1,6,-145
1767172329.1472385,-2,2,-141
1767172329.1572382,-1,1,-139
1767172329.1672382,0,1,-133
1767172329.1772382,-1,2,-137
1767172329.1872382,-3,0,-143
1767172329.1972382,-5,1,-141
1767172329.2072382,-10,0,-139
1767172329.2172382,-11,1,-138
1767172329.2272382,-13,2,-136
1767172329.2372382,-11,3,-136
1767172329.2472382,-7,1,-136
1767172329.257238,-5,-1,-135
1767172329.267238,-7,0,-143
1767172329.277238,-4,-2,-136
1767172329.287238,-6,-1,-136
1767172329.297238,-3,1,-137
1767172329.307238,-10,1,-127
1767172329.317238,-9,-1,-134
1767172329.327238,-4,-2,-138
1767172329.337238,0,-1,-141
1767172329.347238,4,1,-142
1767172329.357238,4,0,-147
1767172329.367238,1,-1,-144
1767172329.377238,0,2,-147
1767172329.3872385,-3,1,-145
1767172329.3972385,0,-4,-144
1767172329.4072382,0,-1,-148
1767172329.4172382,1,-2,-149
1767172329.4272382,2,-2,-146
1767172329.4372382,4,-5,-145
1767172329.4472382,1,-5,-145
1767172329.4572382,5,-6,-140
1767172329.4672382,6,-4,-143
1767172329.4772382,0,0,-143
1767172329.4872382,2,-4,-144
1767172329.4972382,1,-1,-141
1767172329.507238,-1,-1,-137
1767172329.517238,0,-2,-140
1767172329.527238,0,0,-137
1767172329.537238,2,0,-139
1767172329.547238,0,4,-143
1767172329.557238,0,3,-141
1767172329.567238,1,3,-138
1767172329.577238,-1,0,-135
1767172329.587238,1,-1,-135
1767172329.597238,5,-2,-137
1767172329.607238,1,-3,-134
1767172329.617238,-1,-3,-137
1767172329.627238,0,-6,-140
1767172329.6372385,-3,-8,-136
1767172329.6472385,-2,-8,-140
1767172329.6572382,4,-12,-137
1767172329.6672382,8,-14,-138
1767172329.6772382,8,-13,-144
1767172329.6872382,2,-13,-148
1767172329.6972382,2,-3,-142
1767172329.7072382,1,-6,-139
1767172329.7172382,-1,-6,-138
1767172329.7272382,2,-6,-139
1767172329.7372382,1,-5,-139
1767172329.7472382,-1,-6,-137
1767172329.757238,-2,-6,-133
1767172329.767238,0,-4,-129
1767172329.777238,3,-3,-127
1767172329.787238,5,-5,-131
1767172329.797238,2,-6,-135
1767172329.807238,2,-7,-133
1767172329.817238,6,-5,-136
1767172329.827238,3,-3,-132
1767172329.837238,5,-2,-134
1767172329.847238,8,-2,-132
1767172329.857238,7,-1,-135
1767172329.867238,7,4,-137
1767172329.877238,8,4,-139
1767172329.8872385,8,2,-141
1767172329.8972385,1,3,-139
1767172329.9072382,0,0,-138
1767172329.9172382,2,-2,-147
1767172329.9272382,3,-2,-152
1767172329.9372382,6,-1,-150
1767172329.9472382,2,-3,-144
1767172329.9572382,4,-1,-143
1767172329.9672382,0,-2,-143
1767172329.9772382,4,-5,-143
1767172329.9872382,3,1,-147
1767172329.9972382,2,3,-151
1767172330.007238,0,-2,-149
1767172330.017238,-1,0,-152
1767172330.027238,-1,-2,-157
1767172330.037238,-4,-2,-154
1767172330.047238,0,-5,-148
1767172330.057238,2,-8,-148
1767172330.067238,0,-8,-149
1767172330.077238,0,-5,-152
1767172330.087238,-3,-4,-151
1767172330.097238,-6,-1,-148
1767172330.107238,-1,-3,-150
1767172330.117238,-1,-1,-146
1767172330.127238,0,-1,-143
1767172330.1372385,-4,0,-138
1767172330.1472385,-6,2,-137
1767172330.1572382,-3,-1,-139
1767172330.1672382,-4,-3,-147
1767172330.1772382,-9,-2,-144
1767172330.1872382,-8,-5,-141
1767172330.1972382,-10,-7,-141
1767172330.2072382,-3,-5,-143
1767172330.2172382,2,-5,-138
1767172330.2272382,0,-2,-139
1767172330.2372382,-2,-1,-144
1767172330.2472382,-1,3,-141
1767172330.257238,1,-1,-148
1767172330.267238,1,-3,-147
1767172330.277238,-5,-3,-145
1767172330.287238,-5,0,-145
1767172330.297238,-6,0,-145
1767172330.307238,-1,0,-143
1767172330.317238,-6,-2,-144
1767172330.3282382,-7,-4,-142
1767172330.3382382,-9,-4,-145
1767172330.3482382,-6,-2,-139
1767172330.357238,-7,-2,-140
1767172330.3682382,-7,1,-142
1767172330.3782382,-2,2,-145
1767172330.3882382,0,0,-145
1767172330.3982382,-1,3,-137
1767172330.4082382,-5,4,-139
1767172330.4182382,-4,6,-145
1767172330.4282382,-1,4,-148
1767172330.438238,0,5,-150
1767172330.448238,-4,3,-149
1767172330.458238,0,4,-147
1767172330.468238,3,2,-144
1767172330.478238,4,1,-147
1767172330.488238,4,-1,-150
1767172330.498238,6,0,-147
1767172330.508238,5,-4,-148
1767172330.518238,4,-5,-152
1767172330.528238,7,-6,-152
1767172330.538238,8,-6,-148
1767172330.548238,8,-3,-140
1767172330.5582385,8,-4,-140
1767172330.5682385,4,-2,-139
1767172330.5782382,1,-1,-142
1767172330.5882382,0,-3,-138
1767172330.5982382,1,-4,-136
1767172330.6082382,3,-10,-140
1767172330.6182382,6,-9,-139
1767172330.6282382,6,-9,-133
1767172330.6382382,4,-9,-130
1767172330.6482382,7,-9,-137
1767172330.6582382,6,-8,-140
1767172330.6682382,8,-4,-135
1767172330.6782382,7,-3,-137
1767172330.688238,8,-2,-139
1767172330.698238,4,-3,-140
1767172330.708238,3,0,-141
1767172330.718238,4,1,-143
1767172330.728238,-1,1,-146
1767172330.738238,-5,2,-144
1767172330.748238,-4,1,-143
1767172330.758238,-2,-1,-134
1767172330.768238,0,1,-133
1767172330.778238,0,1,-141
1767172330.788238,1,0,-144
1767172330.798238,1,-5,-140
1767172330.8082385,0,0,-141
1767172330.8182385,-1,-3,-136
1767172330.8282382,-1,-3,-134
1767172330.8382382,-6,-3,-139
1767172330.8482382,-2,0,-139
1767172330.8582382,-4,2,-141
1767172330.8682382,-7,0,-147
1767172330.8782382,-2,4,-156
1767172330.8882382,0,3,-151
1767172330.8982382,-1,-1,-148
1767172330.9082382,-2,-5,-148
1767172330.9182382,-5,-4,-147
1767172330.9282382,-5,-4,-147
1767172330.938238,-2,1,-150
1767172330.948238,-1,1,-144
1767172330.958238,2,3,-146
1767172330.968238,8,0,-152
1767172330.978238,9,0,-152
1767172330.988238,5,-2,-148
1767172330.998238,4,-1,-150
1767172331.008238,8,-3,-148
1767172331.018238,4,-4,-148
1767172331.028238,-1,-7,-139
1767172331.038238,1,-8,-139
1767172331.048238,1,-5,-139
1767172331.0582385,0,-3,-139
1767172331.0682385,-2,-5,-133
1767172331.0782382,-4,-1,-134
1767172331.0882382,-2,0,-133
1767172331.0982382,-3,0,-132
1767172331.1082382,-2,-2,-139
1767172331.1182382,2,-1,-138
1767172331.1282382,1,0,-137
1767172331.1382382,0,3,-134
1767172331.1482382,1,0,-132
1767172331.1582382,-1,0,-133
1767172331.1682382,3,-2,-141
1767172331.1782382,1,-6,-142
1767172331.188238,2,-6,-143
1767172331.198238,6,-8,-140
1767172331.208238,7,-10,-138
1767172331.218238,5,-9,-143
1767172331.228238,1,-10,-144
1767172331.238238,1,-3,-146
1767172331.248238,0,-1,-146
1767172331.258238,1,-4,-144
1767172331.268238,4,-5,-138
1767172331.278238,6,-4,-137
1767172331.288238,5,-2,-138
1767172331.298238,5,0,-135
1767172331.3082385,6,-3,-140
1767172331.3182385,2,-2,-147
1767172331.3282382,0,0,-154
1767172331.3382382,0,0,-155
1767172331.3482382,-2,-2,-150
1767172331.3582382,-2,-4,-147
1767172331.3682382,-3,-10,-148
1767172331.3782382,-1,-8,-145
1767172331.3882382,0,-9,-144
1767172331.3982382,0,-10,-146
1767172331.4082382,3,-9,-143
1767172331.4182382,3,-5,-141
1767172331.4282382,1,-2,-140
1767172331.438238,0,0,-138
1767172331.448238,4,-1,-137
1767172331.458238,4,-2,-134
1767172331.468238,2,1,-136
1767172331.478238,5,2,-131
1767172331.488238,3,-2,-130
1767172331.498238,4,-6,-137
1767172331.508238,3,-8,-139
1767172331.518238,1,-8,-143
1767172331.528238,0,-4,-147
1767172331.538238,0,-5,-148
1767172331.548238,-1,-6,-148
1767172331.5582385,-3,-6,-150
1767172331.5682385,-6,-3,-154
1767172331.5782382,-3,0,-154
1767172331.5882382,-2,2,-151
1767172331.5982382,-3,2,-148
1767172331.6082382,-6,0,-141
1767172331.6182382,-5,0,-139
1767172331.6282382,-2,0,-144
1767172331.6382382,-6,1,-139
1767172331.6482382,-9,3,-144
1767172331.6582382,-9,2,-144
1767172331.6682382,-4,2,-150
1767172331.6782382,-2,0,-148
1767172331.688238,0,1,-141
1767172331.698238,2,3,-142
1767172331.708238,6,6,-138
1767172331.718238,6,3,-137
1767172331.728238,5,2,-136
1767172331.738238,3,1,-138
1767172331.748238,5,0,-138
1767172331.758238,0,0,-141
1767172331.768238,-1,1,-146
1767172331.778238,0,3,-143
1767172331.788238,1,3,-143
1767172331.798238,0,0,-139
1767172331.8082385,2,-1,-145
1767172331.8182385,4,0,-147
1767172331.8282382,2,-6,-153
1767172331.8382382,6,-5,-150
1767172331.8482382,5,-1,-153
1767172331.8582382,2,1,-150
1767172331.8682382,-1,3,-147
1767172331.8782382,-3,0,-143
1767172331.8882382,-1,-2,-144
1767172331.8982382,-3,1,-143
1767172331.9082382,-1,2,-139
1767172331.9182382,0,-2,-140
1767172331.9282382,0,-7,-144
1767172331.938238,-2,-6,-144
1767172331.948238,-2,-14,-138
1767172331.958238,-4,-11,-137
1767172331.968238,-9,-11,-140
1767172331.978238,-10,-10,-139
1767172331.988238,-12,-6,-152
1767172331.998238,-10,-6,-144
1767172332.008238,-5,-2,-140
1767172332.018238,-3,-2,-130
1767172332.028238,-7,-1,-127
1767172332.038238,-6,1,-130
1767172332.048238,-3,-3,-133
1767172332.0582385,-1,-2,-137
1767172332.0682385,-3,-1,-139
1767172332.0782382,-2,0,-144
1767172332.0882382,0,0,-147
1767172332.0982382,0,0,-147
1767172332.1082382,3,-1,-149
1767172332.1182382,0,2,-145
1767172332.1282382,-5,0,-144
1767172332.1382382,-9,3,-146
1767172332.1482382,-9,3,-145
1767172332.1582382,-4,5,-137
1767172332.1682382,0,9,-133
1767172332.1782382,-5,9,-136
1767172332.188238,-4,6,-138
1767172332.198238,-4,3,-138
1767172332.208238,-4,0,-137
1767172332.218238,-9,-2,-143
1767172332.228238,-6,-4,-144
1767172332.238238,-2,0,-151
1767172332.248238,5,1,-151
1767172332.258238,5,1,-142
1767172332.268238,3,-2,-142
1767172332.278238,0,-6,-140
1767172332.288238,-2,-8,-139
1767172332.298238,-3,-7,-135
1767172332.3082385,-4,-5,-141
1767172332.3182385,-3,-6,-141
1767172332.3282382,-1,-5,-136
1767172332.3382382,-2,-5,-137
1767172332.3482382,-2,-3,-142
1767172332.3582382,0,0,-149
1767172332.3682382,0,0,-151
1767172332.3782382,0,3,-146
1767172332.3882382,4,2,-141
1767172332.3982382,5,3,-143
1767172332.4082382,5,0,-144
1767172332.4182382,4,-2,-149
1767172332.4282382,4,-7,-147
1767172332.438238,4,-10,-146
1767172332.448238,5,-6,-150
1767172332.458238,6,-6,-144
1767172332.468238,5,-2,-147
1767172332.478238,2,3,-145
1767172332.488238,3,1,-146
1767172332.498238,1,1,-142
1767172332.508238,0,1,-144
1767172332.518238,2,0,-150
1767172332.528238,2,-1,-149
1767172332.538238,2,-5,-147
1767172332.548238,7,-3,-138
1767172332.5582385,7,-4,-142
1767172332.5682385,4,-4,-147
1767172332.5782382,4,-2,-148
1767172332.5882382,3,-3,-149
1767172332.5982382,1,-4,-145
1767172332.6082382,1,-3,-147
1767172332.6182382,2,-2,-142
1767172332.6282382,1,0,-141
1767172332.6382382,-2,0,-142
1767172332.6482382,-7,4,-142
1767172332.6582382,-10,5,-144
1767172332.6682382,-8,3,-144
1767172332.6782382,-8,2,-144
1767172332.688238,-6,3,-144
1767172332.698238,-7,-1,-148
1767172332.708238,-4,-4,-146
1767172332.718238,-6,0,-140
1767172332.728238,-4,1,-145
1767172332.738238,1,1,-146
1767172332.748238,1,3,-143
1767172332.758238,0,0,-147
1767172332.768238,3,-1,-150
1767172332.778238,0,0,-154
1767172332.788238,2,2,-145
1767172332.798238,0,2,-142
1767172332.8082385,-1,0,-140
1767172332.8182385,-5,0,-146
1767172332.8282382,-9,5,-147
1767172332.8382382,-12,2,-142
1767172332.8482382,-11,1,-140
1767172332.8582382,-7,-1,-141
1767172332.8682382,-3,0,-138
1767172332.8782382,0,-2,-141
1767172332.889238,0,-1,-138
1767172332.899238,0,-3,-142
1767172332.9082382,-1,-3,-146
1767172332.9182382,0,-4,-142
1767172332.929238,0,-6,-145
1767172332.939238,-1,-2,-143
1767172332.949238,0,-2,-147
1767172332.959238,-3,2,-149
1767172332.969238,2,1,-148
1767172332.9792385,5,0,-147
1767172332.9892385,7,-6,-141
1767172332.9992385,5,-8,-147
1767172333.0092382,6,-7,-145
1767172333.0192382,5,-7,-147
1767172333.0292382,6,-5,-145
1767172333.0392382,2,-5,-144
1767172333.0492382,1,-4,-142
1767172333.0592382,4,-1,-141
1767172333.0692382,0,0,-144
1767172333.0792382,1,0,-138
1767172333.0892382,2,1,-133
1767172333.0992382,5,1,-132
1767172333.109238,7,0,-131
1767172333.119238,4,-6,-127
1767172333.129238,2,-5,-132
1767172333.139238,0,-4,-134
1767172333.149238,0,-2,-134
1767172333.159238,4,0,-138
1767172333.1812382,3,1,-138
1767172333.189238,8,-3,-140
1767172333.199238,11,-2,-145
1767172333.209238,13,0,-146
1767172333.219238,9,0,-144
1767172333.2292385,2,4,-141
1767172333.2392385,0,3,-145
1767172333.2492385,-2,0,-145
1767172333.2592382,-4,0,-137
1767172333.2692382,-5,5,-133
1767172333.2792382,-5,7,-135
1767172333.2892382,0,6,-133
1767172333.2992382,0,7,-135
1767172333.3092382,-7,6,-134
1767172333.3192382,-3,3,-131
1767172333.3292382,-2,0,-133
1767172333.3392382,-3,-1,-130
1767172333.3492382,-2,-1,-135
1767172333.359238,0,-1,-142
1767172333.369238,3,-2,-145
1767172333.379238,4,-4,-149
1767172333.389238,4,-8,-144
1767172333.399238,8,-6,-144
1767172333.409238,4,-5,-143
1767172333.419238,3,-2,-143
1767172333.429238,4,-4,-145
1767172333.439238,0,-3,-150
1767172333.449238,4,-2,-150
1767172333.459238,5,0,-154
1767172333.469238,2,0,-151
1767172333.4792385,2,2,-154
1767172333.4892385,3,4,-144
1767172333.4992385,4,0,-139
1767172333.5092382,6,-3,-136
1767172333.5192382,6,-4,-136
1767172333.5292382,8,-5,-137
1767172333.5392382,5,-1,-136
1767172333.5492382,5,1,-141
1767172333.5592382,2,0,-140
1767172333.5692382,3,1,-141
1767172333.5792382,0,-1,-140
1767172333.5892382,0,-4,-143
1767172333.5992382,-2,-1,-141
1767172333.609238,-3,-1,-141
1767172333.619238,-2,0,-142
1767172333.629238,-2,3,-144
1767172333.639238,-7,3,-145
1767172333.649238,-5,4,-147
1767172333.659238,-4,5,-146
1767172333.669238,-10,3,-146
1767172333.679238,-5,0,-142
1767172333.689238,-2,-4,-138
1767172333.699238,0,-7,-138
1767172333.709238,0,-7,-140
1767172333.719238,1,-8,-140
1767172333.7292385,2,-2,-140
1767172333.7392385,4,-2,-144
1767172333.7492385,3,-6,-143
1767172333.7592382,3,-5,-147
1767172333.7692382,3,-2,-143
1767172333.7792382,5,0,-142
1767172333.7892382,1,0,-143
1767172333.7992382,3,0,-144
1767172333.8092382,4,-1,-142
1767172333.8192382,5,-5,-144
1767172333.8292382,4,-3,-144
1767172333.8392382,1,1,-144
1767172333.8492382,-5,4,-134
1767172333.859238,-3,4,-139
1767172333.869238,-3,2,-140
1767172333.879238,-2,3,-151
1767172333.889238,0,5,-156
1767172333.899238,5,2,-153
1767172333.909238,5,3,-149
1767172333.919238,2,1,-150
1767172333.929238,2,-1,-153
1767172333.939238,1,0,-154
1767172333.949238,0,2,-151
1767172333.959238,1,4,-146
1767172333.969238,0,3,-149
1767172333.9792385,1,8,-143
1767172333.9892385,3,8,-137
1767172333.9992385,2,7,-135
1767172334.0092382,2,8,-140
1767172334.0192382,0,7,-141
1767172334.0292382,-1,7,-143
1767172334.0392382,0,8,-143
1767172334.0492382,0,9,-140
1767172334.0592382,2,6,-145
1767172334.0692382,1,6,-148
1767172334.0792382,-3,1,-142
1767172334.0892382,-4,-2,-136
1767172334.0992382,-2,-4,-135
1767172334.109238,-4,-4,-138
1767172334.119238,-2,-3,-136
1767172334.129238,-5,-2,-140
1767172334.139238,-4,0,-136
1767172334.149238,1,-4,-144
1767172334.159238,1,-7,-148
1767172334.169238,-4,-12,-151
1767172334.179238,-4,-9,-155
1767172334.189238,0,-5,-156
1767172334.199238,0,-4,-160
1767172334.209238,0,-2,-155
1767172334.219238,-1,0,-148
1767172334.2292385,0,0,-142
1767172334.2392385,0,1,-145
1767172334.2492385,-3,2,-140
1767172334.2592382,-6,-1,-142
1767172334.2692382,-3,-1,-141
1767172334.2792382,-1,0,-146
1767172334.2892382,-6,0,-148
1767172334.2992382,-7,-2,-147
1767172334.3092382,-7,-2,-147
1767172334.3192382,-7,-1,-143
1767172334.3292382,-5,1,-145
1767172334.3392382,0,2,-146
1767172334.3492382,0,0,-142
1767172334.359238,2,0,-146
1767172334.369238,0,0,-143
1767172334.379238,0,0,-141
1767172334.389238,0,0,-142
1767172334.399238,-3,-2,-141
1767172334.409238,0,0,-143
1767172334.419238,-1,-1,-138
1767172334.429238,0,-1,-139
1767172334.439238,0,0,-144
1767172334.449238,1,1,-147
1767172334.459238,2,2,-148
1767172334.469238,3,3,-147
1767172334.4792385,0,1,-147
1767172334.4892385,1,0,-147
1767172334.4992385,-3,-1,-146
1767172334.5092382,-3,0,-144
1767172334.5192382,-2,0,-143
1767172334.5292382,-1,0,-136
1767172334.5392382,-1,0,-139
1767172334.5492382,-2,0,-143
1767172334.5592382,-4,0,-143
1767172334.5692382,-1,1,-140
1767172334.5792382,1,0,-141
1767172334.5892382,2,-6,-143
1767172334.5992382,2,-5,-150
1767172334.609238,2,-4,-138
1767172334.619238,0,-7,-143
1767172334.629238,0,-10,-143
1767172334.639238,-2,-8,-145
1767172334.649238,-1,-7,-146
1767172334.659238,0,-4,-150
1767172334.669238,-2,-5,-145
1767172334.679238,-7,-5,-140
1767172334.689238,-8,-3,-137
1767172334.699238,-8,0,-142
1767172334.709238,-4,-4,-141
1767172334.719238,-3,-5,-134
1767172334.7292385,-2,-5,-138
1767172334.7392385,-1,-6,-139
1767172334.7492385,0,-5,-141
1767172334.7592382,2,-4,-140
1767172334.7692382,5,-4,-137
1767172334.7792382,4,-9,-137
1767172334.7892382,1,-8,-147
1767172334.7992382,-1,-6,-143
1767172334.8092382,-3,-1,-138
1767172334.8192382,-1,0,-140
1767172334.8292382,-4,1,-133
1767172334.8392382,-2,2,-135
1767172334.8492382,-5,2,-131
1767172334.859238,-5,4,-129
1767172334.869238,-3,3,-130
1767172334.879238,-1,2,-135
1767172334.889238,-1,0,-134
1767172334.899238,4,0,-134
1767172334.909238,10,-2,-137
1767172334.919238,8,0,-137
1767172334.929238,5,0,-144
1767172334.939238,8,0,-141
1767172334.949238,6,-1,-135
1767172334.959238,0,-5,-135
1767172334.969238,-2,0,-139
1767172334.9792385,0,0,-141
1767172334.9892385,-5,-2,-142
1767172334.9992385,-6,-3,-144
1767172335.0092382,-6,0,-143
1767172335.0192382,-3,2,-144
1767172335.0292382,-2,3,-144
1767172335.0392382,-1,2,-138
1767172335.0492382,-3,0,-133
1767172335.0592382,-3,0,-134
1767172335.0692382,-2,-2,-138
1767172335.0792382,0,-5,-137
1767172335.0892382,3,-4,-131
1767172335.0992382,5,-7,-127
1767172335.109238,9,-2,-128
1767172335.119238,9,0,-141
1767172335.129238,8,-3,-140
1767172335.139238,8,-4,-139
1767172335.149238,0,-5,-133
1767172335.159238,-1,-7,-130
1767172335.169238,0,-4,-133
1767172335.179238,-1,-2,-136
1767172335.189238,3,-1,-132
1767172335.199238,4,-3,-136
1767172335.209238,1,-1,-137
1767172335.219238,0,-5,-138
1767172335.2292385,0,-3,-138
1767172335.2392385,0,-3,-134
1767172335.2492385,0,0,-132
1767172335.2592382,1,-1,-134
1767172335.2692382,-2,-1,-137
1767172335.2792382,0,-1,-141
1767172335.2892382,-2,0,-147
1767172335.2992382,-2,1,-148
1767172335.3092382,-2,3,-141
1767172335.3192382,-1,2,-140
1767172335.3292382,-3,0,-138
1767172335.3392382,3,0,-135
1767172335.3492382,-2,-1,-135
1767172335.359238,0,-5,-133
1767172335.369238,2,-6,-135
1767172335.379238,1,-4,-140
1767172335.390238,-2,-2,-140
1767172335.399238,-5,-3,-141
1767172335.409238,-2,-2,-145
1767172335.419238,-4,-2,-147
1767172335.429238,-5,-2,-148
1767172335.4402382,-7,0,-142
1767172335.4502382,-10,0,-143
1767172335.4602382,-8,-2,-141
1767172335.4702382,-9,-2,-134
1767172335.4802382,-9,-2,-136
1767172335.4902382,-6,0,-142
1767172335.5002382,-9,-5,-144
1767172335.5102382,-9,-9,-143
1767172335.5202382,-9,-4,-141
1767172335.5302382,-9,-3,-139
1767172335.540238,-7,-8,-146
1767172335.550238,-4,-3,-149
1767172335.560238,-2,-2,-142
1767172335.570238,-2,-1,-140
1767172335.580238,-3,0,-131
1767172335.590238,-1,2,-132
1767172335.600238,0,1,-134
1767172335.610238,0,3,-143
1767172335.620238,-2,2,-140
1767172335.630238,-2,0,-137
1767172335.640238,-3,0,-138
1767172335.650238,0,-1,-142
1767172335.6602385,0,0,-139
1767172335.6702385,-4,0,-140
1767172335.6802382,-1,1,-141
1767172335.6902382,1,1,-141
1767172335.7002382,2,-1,-134
1767172335.7102382,2,-3,-130
1767172335.7202382,2,0,-128
1767172335.7302382,2,1,-127
1767172335.7402382,0,5,-134
1767172335.7502382,-1,4,-137
1767172335.7602382,0,4,-142
1767172335.7702382,2,1,-139
1767172335.7802382,0,3,-138
1767172335.790238,1,6,-142
1767172335.800238,-1,6,-141
1767172335.810238,-2,6,-142
1767172335.820238,0,4,-144
1767172335.830238,0,2,-150
1767172335.840238,0,1,-147
1767172335.850238,-6,1,-146
1767172335.860238,-4,4,-141
1767172335.870238,-5,1,-140
1767172335.880238,-7,-2,-141
1767172335.890238,-4,-3,-148
1767172335.900238,-3,0,-147
1767172335.9102385,-1,5,-146
1767172335.9202385,0,0,-143
1767172335.9302382,1,-4,-138
1767172335.9402382,3,-6,-130
1767172335.9502382,3,-5,-133
1767172335.9602382,3,-3,-124
1767172335.9702382,1,0,-130
1767172335.9802382,1,-3,-133
1767172335.9902382,0,-4,-132
1767172336.0002382,-2,-4,-129
1767172336.0102382,-2,-3,-126
1767172336.0202382,-1,0,-125
1767172336.0302382,-4,-4,-133
1767172336.040238,-5,-4,-138
1767172336.050238,-7,-3,-138
1767172336.060238,-7,-4,-141
1767172336.070238,-11,-1,-137
1767172336.080238,-10,-1,-134
1767172336.090238,-6,0,-136
1767172336.100238,-1,3,-145
1767172336.110238,-2,-4,-150
1767172336.120238,-5,-5,-149
1767172336.130238,-8,0,-146
1767172336.140238,-5,2,-145
1767172336.150238,-2,2,-143
1767172336.1602385,1,0,-135
1767172336.1702385,0,0,-142
1767172336.1802382,-2,-1,-142
1767172336.1902382,-1,0,-140
1767172336.2002382,-1,0,-136
1767172336.2102382,0,0,-139
1767172336.2202382,3,0,-145
1767172336.2302382,4,-3,-148
1767172336.2402382,1,-5,-149
1767172336.2502382,0,-8,-146
1767172336.2602382,2,-4,-146
1767172336.2702382,2,-1,-148
1767172336.2802382,3,1,-145
1767172336.290238,-2,0,-141
1767172336.300238,-3,-1,-136
1767172336.310238,-1,2,-130
1767172336.320238,-2,7,-136
1767172336.330238,5,7,-130
1767172336.340238,2,2,-135
1767172336.350238,2,-4,-137
1767172336.360238,1,-2,-133
1767172336.370238,-2,1,-138
1767172336.380238,-4,1,-135
1767172336.390238,-6,5,-129
1767172336.400238,-8,4,-128
1767172336.4102385,-3,0,-131
1767172336.4202385,-2,1,-143
1767172336.4302382,-1,3,-140
1767172336.4402382,3,8,-139
1767172336.4502382,3,4,-137
1767172336.4602382,3,4,-136
1767172336.4702382,0,7,-134
1767172336.4802382,1,8,-132
1767172336.4902382,0,5,-134
1767172336.5002382,-2,3,-134
1767172336.5102382,-5,3,-130
1767172336.5202382,-3,6,-134
1767172336.5302382,-3,2,-132
1767172336.540238,-4,-1,-130
1767172336.550238,0,-6,-134
1767172336.560238,-2,-10,-138
1767172336.570238,-2,-10,-142
1767172336.580238,-4,-13,-141
1767172336.590238,-8,-9,-137
1767172336.600238,-4,-6,-133
1767172336.610238,-1,-6,-136
1767172336.620238,0,-6,-132
1767172336.630238,-1,-6,-138
1767172336.640238,-3,-7,-142
1767172336.650238,-4,-4,-145
1767172336.6602385,1,0,-141
1767172336.6702385,6,0,-133
1767172336.6802382,3,0,-137
1767172336.6902382,0,0,-142
1767172336.7002382,0,-3,-152
1767172336.7102382,4,-2,-152
1767172336.7202382,4,0,-154
1767172336.7302382,-2,1,-150
1767172336.7402382,-4,3,-149
1767172336.7502382,-5,1,-148
1767172336.7602382,-3,-4,-143
1767172336.7702382,-3,-4,-139
1767172336.7802382,-3,-5,-137
1767172336.790238,2,-3,-139
1767172336.800238,3,-4,-145
1767172336.810238,2,0,-142
1767172336.820238,2,7,-146
1767172336.830238,1,7,-141
1767172336.840238,0,8,-146
1767172336.850238,0,4,-138
1767172336.860238,-2,1,-135
1767172336.870238,0,-2,-137
1767172336.880238,1,0,-143
1767172336.890238,-1,0,-145
1767172336.900238,-1,-1,-143
1767172336.9102385,0,0,-145
1767172336.9202385,1,0,-142
1767172336.9302382,3,0,-142
1767172336.9402382,2,-2,-139
1767172336.9502382,-6,0,-138
1767172336.9602382,-8,0,-145
1767172336.9702382,-4,-6,-141
1767172336.9802382,-3,-6,-141
1767172336.9902382,-1,-3,-140
1767172337.0002382,-1,-1,-136
1767172337.0102382,-2,-3,-138
1767172337.0202382,-4,-4,-136
1767172337.0302382,-5,-2,-141
1767172337.040238,-3,-3,-136
1767172337.050238,-3,-2,-137
1767172337.060238,-2,-6,-141
1767172337.070238,-1,-7,-140
1767172337.080238,1,-2,-142
1767172337.090238,3,-3,-148
1767172337.100238,-1,-2,-147
1767172337.110238,0,0,-151
1767172337.120238,-3,-2,-151
1767172337.130238,-2,-1,-143
1767172337.140238,-1,-1,-146
1767172337.150238,-1,-2,-147
1767172337.1602385,-4,-4,-143
1767172337.1702385,-4,-3,-152
1767172337.1802382,-5,-2,-150
1767172337.1902382,-3,-2,-152
1767172337.2002382,-5,-4,-138
1767172337.2102382,-9,0,-139
1767172337.2202382,-9,0,-138
1767172337.2302382,-15,-4,-138
1767172337.2402382,-12,-5,-139
1767172337.2502382,-8,-4,-140
1767172337.2602382,-4,-5,-140
1767172337.2702382,-3,-4,-137
1767172337.2802382,0,-1,-132
1767172337.290238,0,-2,-131
1767172337.300238,-3,-3,-132
1767172337.310238,-1,1,-137
1767172337.320238,-1,0,-142
1767172337.330238,-4,0,-147
1767172337.340238,-4,-2,-146
1767172337.350238,3,2,-143
1767172337.360238,0,0,-142
1767172337.370238,4,0,-139
1767172337.380238,4,0,-139
1767172337.390238,5,0,-145
1767172337.400238,2,-1,-141
1767172337.4102385,3,-5,-138
1767172337.4202385,4,-5,-134
1767172337.4302382,6,-2,-130
1767172337.4402382,7,-2,-136
1767172337.4502382,5,2,-138
1767172337.4602382,-2,3,-137
1767172337.4702382,-3,-2,-138
1767172337.4802382,-5,-5,-141
1767172337.4902382,0,-3,-135
1767172337.5002382,2,-3,-130
1767172337.5102382,1,0,-132
1767172337.5202382,1,-2,-134
1767172337.5302382,0,-1,-142
1767172337.540238,-3,0,-150
1767172337.550238,-6,-1,-147
1767172337.560238,-1,-4,-147
1767172337.570238,0,-9,-145
1767172337.580238,1,-7,-144
1767172337.590238,-1,-8,-134
1767172337.600238,0,-6,-136
1767172337.610238,-2,-7,-137
1767172337.620238,-5,-7,-135
1767172337.630238,-4,-6,-131
1767172337.640238,-5,-5,-128
1767172337.650238,-3,-7,-125
1767172337.6602385,-2,-11,-130
1767172337.6702385,0,-8,-137
1767172337.6802382,0,-7,-139
1767172337.6902382,1,-6,-137
1767172337.7002382,0,0,-137
1767172337.7102382,0,-1,-146
1767172337.7202382,-5,1,-139
1767172337.7302382,-8,1,-138
1767172337.7402382,-6,5,-138
1767172337.7502382,-3,6,-141
1767172337.7602382,-5,7,-145
1767172337.7702382,-6,8,-143
1767172337.7802382,-5,10,-149
1767172337.790238,-7,9,-151
1767172337.800238,-7,6,-149
1767172337.810238,-2,2,-150
1767172337.820238,-3,3,-144
1767172337.830238,0,3,-146
1767172337.840238,5,1,-140
1767172337.850238,6,-1,-140
1767172337.860238,6,-3,-146
1767172337.870238,6,-2,-146
1767172337.880238,6,0,-145
1767172337.890238,9,0,-144
1767172337.900238,7,-1,-142
1767172337.9102385,5,-1,-145
1767172337.9202385,1,-2,-151
1767172337.9302382,2,-1,-144
1767172337.9412382,1,1,-142
1767172337.9502382,4,1,-138
1767172337.9602382,6,0,-147
1767172337.971238,6,1,-145
1767172337.981238,3,-2,-149
1767172337.991238,2,0,-146
1767172338.001238,3,0,-143
1767172338.011238,1,-5,-146
1767172338.021238,1,0,-142
1767172338.031238,-1,-3,-147
1767172338.041238,-5,0,-151
1767172338.051238,-5,1,-147
1767172338.061238,-2,0,-143
1767172338.071238,-5,-5,-135
1767172338.0812385,-4,-2,-139
1767172338.0912385,-6,-1,-143
1767172338.1012385,-6,-4,-140
1767172338.1112382,-3,-4,-135
1767172338.1212382,-5,-2,-134
1767172338.132238,0,1,-141
1767172338.1412382,0,0,-145
1767172338.1512382,-2,0,-145
1767172338.1612382,-5,-5,-143
1767172338.1712382,-8,-4,-136
1767172338.1932385,-4,0,-140
1767172338.2012382,-1,1,-140
1767172338.211238,-4,-3,-141
1767172338.221238,-5,-4,-145
1767172338.231238,-5,-3,-150
1767172338.241238,0,0,-147
1767172338.251238,1,-4,-148
1767172338.261238,0,-3,-151
1767172338.271238,1,-2,-154
1767172338.281238,3,-1,-154
1767172338.291238,6,-6,-154
1767172338.301238,4,-5,-152
1767172338.311238,1,-3,-153
1767172338.321238,4,0,-147
1767172338.3312385,3,3,-144
1767172338.3412385,6,3,-141
1767172338.3512385,6,-1,-147
1767172338.3612382,-1,0,-153
1767172338.3712382,0,0,-152
1767172338.3812382,0,0,-150
1767172338.3912382,0,6,-151
1767172338.4012382,0,3,-152
1767172338.4112382,-5,4,-156
1767172338.4212382,-5,0,-158
1767172338.4312382,-2,-5,-151
1767172338.4412382,0,-3,-151
1767172338.4512382,-1,-6,-144
1767172338.461238,-5,-7,-138
1767172338.471238,-4,-3,-134
1767172338.481238,-2,-3,-134
1767172338.491238,1,-1,-130
1767172338.501238,-1,-1,-137
1767172338.511238,-1,-1,-143
1767172338.521238,0,-3,-141
1767172338.531238,-4,0,-144
1767172338.541238,0,2,-150
1767172338.551238,2,4,-148
1767172338.561238,1,0,-144
1767172338.571238,6,-2,-144
1767172338.5812385,6,0,-147
1767172338.5912385,5,-3,-151
1767172338.6012385,0,-5,-149
1767172338.6112382,0,-3,-147
1767172338.6212382,2,-4,-142
1767172338.6312382,0,-3,-134
1767172338.6412382,0,-3,-135
1767172338.6512382,3,1,-136
1767172338.6612382,0,-2,-133
1767172338.6712382,3,0,-138
1767172338.6812382,9,3,-139
1767172338.6912382,3,0,-137
1767172338.7012382,6,0,-132
1767172338.711238,2,3,-132
1767172338.721238,2,2,-132
1767172338.731238,1,0,-129
1767172338.741238,0,0,-138
1767172338.751238,0,-6,-144
1767172338.761238,2,-5,-153
1767172338.771238,2,-4,-155
1767172338.781238,-2,0,-147
1767172338.791238,0,0,-147
1767172338.801238,-1,-5,-143
1767172338.811238,-1,-3,-141
1767172338.821238,0,-1,-143
1767172338.8312385,0,-2,-147
1767172338.8412385,-1,-7,-139
1767172338.8512385,-4,-1,-140
1767172338.8612382,-7,0,-136
1767172338.8712382,-1,0,-136
1767172338.8812382,0,-3,-137
1767172338.8912382,-6,-4,-137
1767172338.9012382,-7,-4,-139
1767172338.9112382,-4,-4,-130
1767172338.9212382,-9,-5,-133
1767172338.9312382,-7,-4,-135
1767172338.9412382,-4,-2,-134
1767172338.9512382,-4,3,-129
1767172338.961238,-2,1,-132
1767172338.971238,0,4,-134
1767172338.981238,-3,3,-133
1767172338.991238,-1,-5,-133
1767172339.001238,-6,-3,-135
1767172339.011238,-6,0,-138
1767172339.021238,-5,0,-137
1767172339.031238,-4,0,-131
1767172339.041238,-6,-1,-136
1767172339.051238,-2,-3,-140
1767172339.061238,0,-4,-142
1767172339.071238,2,-2,-143
1767172339.0812385,4,-3,-140
1767172339.0912385,0,-4,-148
1767172339.1012385,2,-4,-149
1767172339.1112382,2,-3,-149
1767172339.1212382,8,-5,-142
1767172339.1312382,4,-3,-136
1767172339.1412382,4,-3,-136
1767172339.1512382,2,-3,-135
1767172339.1612382,0,-1,-142
1767172339.1712382,-1,-2,-142
1767172339.1812382,1,-1,-137
1767172339.1912382,3,-3,-139
1767172339.2012382,3,-3,-141
1767172339.211238,0,-2,-143
1767172339.221238,4,0,-136
1767172339.231238,6,-4,-139
1767172339.241238,3,-6,-141
1767172339.251238,2,-4,-140
1767172339.261238,4,-1,-142
1767172339.271238,2,-2,-134
1767172339.281238,1,-4,-137
1767172339.291238,0,-4,-136
1767172339.301238,-2,-3,-136
1767172339.311238,-4,-1,-138
1767172339.321238,-6,-2,-145
1767172339.3312385,-10,-4,-139
1767172339.3412385,-11,0,-139
1767172339.3512385,-8,-2,-143
1767172339.3612382,-8,-3,-145
1767172339.3712382,-6,-1,-151
1767172339.3812382,-2,0,-148
1767172339.3912382,-4,-4,-142
1767172339.4012382,-2,-1,-147
1767172339.4112382,-1,-2,-146
1767172339.4212382,-3,-4,-140
1767172339.4312382,-5,-4,-138
1767172339.4412382,-7,-2,-139
1767172339.4512382,-6,-2,-137
1767172339.461238,-7,1,-136
1767172339.471238,-4,1,-135
1767172339.481238,1,5,-132
1767172339.491238,7,4,-138
1767172339.501238,5,2,-136
1767172339.511238,3,0,-144
1767172339.521238,2,-1,-145
1767172339.531238,0,0,-146
1767172339.541238,1,0,-145
1767172339.551238,0,-2,-152
1767172339.561238,-1,-1,-149
1767172339.571238,1,0,-149
1767172339.5812385,4,3,-142
1767172339.5912385,6,1,-139
1767172339.6012385,0,0,-140
1767172339.6112382,-4,-4,-140
1767172339.6212382,-5,-2,-144
1767172339.6312382,-2,-5,-142
1767172339.6412382,-6,-3,-141
1767172339.6512382,-2,0,-144
1767172339.6612382,0,0,-144
1767172339.6712382,-2,-5,-142
1767172339.6812382,-3,-4,-145
1767172339.6912382,0,-5,-139
1767172339.7012382,0,-5,-146
1767172339.711238,-2,0,-144
1767172339.721238,-4,-4,-137
1767172339.731238,0,-4,-136
1767172339.741238,1,-3,-137
1767172339.751238,0,-1,-137
1767172339.761238,-4,0,-136
1767172339.771238,-3,-3,-139
1767172339.781238,-2,-5,-136
1767172339.791238,-4,-9,-139
1767172339.801238,-1,-11,-139
1767172339.811238,1,-9,-134
1767172339.821238,0,-7,-136
1767172339.8312385,1,-5,-145
1767172339.8412385,3,-5,-144
1767172339.8512385,0,-3,-144
1767172339.8612382,0,-1,-148
1767172339.8712382,-2,-1,-144
1767172339.8812382,0,-3,-145
1767172339.8912382,1,-3,-146
1767172339.9012382,1,0,-149
1767172339.9112382,1,0,-151
1767172339.9212382,-3,-3,-151
1767172339.9312382,-4,-10,-150
1767172339.9412382,-1,-9,-148
1767172339.9512382,1,-7,-144
1767172339.961238,2,-4,-144
1767172339.971238,0,-4,-142
1767172339.981238,6,0,-143
1767172339.991238,5,-1,-145
1767172340.001238,2,-3,-145
1767172340.011238,3,-7,-141
1767172340.021238,3,-4,-144
1767172340.031238,2,-1,-148
1767172340.041238,5,0,-145
1767172340.051238,4,-2,-145
1767172340.061238,0,-1,-144
1767172340.071238,-4,0,-144
1767172340.0812385,-2,-6,-149
1767172340.0912385,-1,-2,-157
1767172340.1012385,-4,0,-160
1767172340.1112382,-3,0,-153
1767172340.1212382,-3,0,-150
1767172340.1312382,-3,2,-148
1767172340.1412382,-1,0,-155
1767172340.1512382,-3,-1,-149
1767172340.1612382,0,-4,-143
1767172340.1712382,-4,-4,-140
1767172340.1812382,0,-9,-144
1767172340.1912382,5,-9,-142
1767172340.2012382,7,-7,-133
1767172340.211238,7,-7,-132
1767172340.221238,4,-5,-137
1767172340.231238,-1,-2,-134
1767172340.241238,-3,-2,-137
1767172340.251238,0,-2,-136
1767172340.261238,2,-8,-138
1767172340.271238,-1,-6,-143
1767172340.281238,0,-7,-146
1767172340.291238,0,-9,-149
1767172340.301238,-1,-9,-140
1767172340.311238,-3,-10,-143
1767172340.321238,-3,-8,-138
1767172340.3312385,-5,-6,-150
1767172340.3412385,-6,-7,-143
1767172340.3512385,-3,-5,-146
1767172340.3612382,-1,-5,-147
1767172340.3712382,2,-2,-145
1767172340.3812382,2,-2,-151
1767172340.3912382,-1,-1,-140
1767172340.4012382,-2,-2,-140
1767172340.4112382,-3,1,-137
1767172340.4212382,0,2,-135
1767172340.4312382,2,0,-132
1767172340.4412382,0,1,-139
1767172340.4512382,4,3,-138
1767172340.462238,1,4,-143
1767172340.471238,-7,2,-147
1767172340.481238,-8,0,-148
1767172340.491238,-8,-2,-143
1767172340.501238,-6,-4,-136
1767172340.5122385,-7,-3,-140
1767172340.5222385,-2,-5,-145
1767172340.531238,0,0,-147
1767172340.5422382,-3,0,-144
1767172340.5522382,-6,0,-138
1767172340.5622382,-4,0,-146
1767172340.5722382,0,0,-145
1767172340.5822382,5,1,-150
1767172340.5922382,3,7,-149
1767172340.6022382,2,6,-148
1767172340.6122382,1,9,-143
1767172340.6222382,2,6,-146
1767172340.632238,1,7,-146
1767172340.642238,3,12,-153
1767172340.652238,2,9,-148
1767172340.662238,5,4,-146
1767172340.672238,6,7,-148
1767172340.682238,12,3,-142
1767172340.692238,10,0,-142
1767172340.702238,5,0,-140
1767172340.712238,3,4,-139
1767172340.722238,2,3,-137
1767172340.732238,5,0,-133
1767172340.742238,5,0,-138
1767172340.752238,3,-3,-144
1767172340.7622385,-2,-5,-141
1767172340.7722385,-6,-5,-142
1767172340.7822382,-11,-5,-141
1767172340.7922382,-9,-4,-142
1767172340.8022382,-10,-7,-135
1767172340.8122382,-8,-8,-130
1767172340.8222382,-6,-6,-129
1767172340.8322382,0,-3,-137
1767172340.8422382,1,-4,-143
1767172340.8522382,-2,-1,-145
1767172340.8622382,0,-1,-151
1767172340.8722382,-2,1,-147
1767172340.882238,0,0,-144
1767172340.892238,2,3,-147
1767172340.902238,5,4,-144
1767172340.912238,5,3,-138
1767172340.922238,2,-1,-135
1767172340.932238,1,0,-138
1767172340.942238,4,0,-136
1767172340.952238,5,1,-132
1767172340.962238,5,2,-139
1767172340.972238,5,2,-142
1767172340.982238,1,-2,-139
1767172340.992238,0,0,-139
1767172341.002238,2,-1,-142
1767172341.0122385,3,-4,-140
1767172341.0222385,0,-3,-145
1767172341.0322382,-3,1,-138
1767172341.0422382,-3,0,-140
1767172341.0522382,-7,-1,-140
1767172341.0622382,-8,0,-139
1767172341.0722382,-9,1,-143
1767172341.0822382,-8,3,-150
1767172341.0922382,-5,4,-153
1767172341.1022382,-2,2,-146
1767172341.1122382,2,0,-149
1767172341.1222382,1,1,-153
1767172341.132238,0,-2,-147
1767172341.142238,2,-3,-146
1767172341.152238,2,-6,-146
1767172341.162238,4,-2,-143
1767172341.172238,5,1,-151
1767172341.182238,4,2,-155
1767172341.192238,0,5,-158
1767172341.202238,2,0,-156
1767172341.212238,-4,1,-148
1767172341.222238,-3,2,-149
1767172341.232238,-1,3,-150
1767172341.242238,1,2,-148
1767172341.252238,2,-2,-144
1767172341.2622385,-5,-3,-140
1767172341.2722385,-5,-1,-139
1767172341.2822382,-6,-1,-139
1767172341.2922382,-6,-1,-140
1767172341.3022382,0,-2,-140
1767172341.3122382,3,-3,-138
1767172341.3222382,0,-2,-130
1767172341.3322382,-5,-2,-137
1767172341.3422382,-3,-1,-136
1767172341.3522382,-1,-5,-140
1767172341.3622382,1,-3,-137
1767172341.3722382,-1,0,-136
1767172341.382238,-1,-2,-132
1767172341.392238,-1,-4,-132
1767172341.402238,6,-2,-140
1767172341.412238,6,-1,-141
1767172341.422238,6,-3,-140
1767172341.432238,8,-2,-146
1767172341.442238,6,0,-146
1767172341.452238,0,0,-138
1767172341.462238,0,0,-133
1767172341.472238,-2,-4,-135
1767172341.482238,-3,-5,-135
1767172341.492238,-7,-3,-132
1767172341.502238,-4,-2,-132
1767172341.5122385,2,-2,-134
1767172341.5222385,6,-3,-135
1767172341.5322382,2,-2,-134
1767172341.5422382,-3,-2,-129
1767172341.5522382,-6,3,-131
1767172341.5622382,2,5,-133
1767172341.5722382,3,4,-133
1767172341.5822382,3,0,-139
1767172341.5922382,1,0,-144
1767172341.6022382,-1,1,-135
1767172341.6122382,-1,-5,-138
1767172341.6222382,-4,-8,-143
1767172341.632238,-3,-7,-149
1767172341.642238,-2,-7,-151
1767172341.652238,-1,-6,-148
1767172341.662238,-2,-4,-145
1767172341.672238,-1,-3,-145
1767172341.682238,-1,0,-148
1767172341.692238,-4,0,-146
1767172341.702238,-5,0,-149
1767172341.712238,-5,0,-148
1767172341.722238,-5,-2,-142
1767172341.732238,-4,0,-144
1767172341.742238,-4,0,-144
1767172341.752238,-6,-1,-142
1767172341.7622385,-7,-3,-143
1767172341.7722385,-1,-2,-147
1767172341.7822382,1,-7,-146
1767172341.7922382,1,-9,-141
1767172341.8022382,3,-4,-141
1767172341.8122382,5,-7,-142
1767172341.8222382,7,-6,-141
1767172341.8322382,6,-5,-139
1767172341.8422382,5,-4,-134
1767172341.8522382,6,-5,-129
1767172341.8622382,4,-6,-130
1767172341.8722382,2,-10,-134
1767172341.882238,4,-11,-143
1767172341.892238,4,-11,-142
1767172341.902238,1,-4,-146
1767172341.912238,1,-3,-144
1767172341.922238,0,-2,-146
1767172341.932238,0,-4,-143
1767172341.942238,2,-4,-137
1767172341.952238,3,-1,-140
1767172341.962238,3,-1,-142
1767172341.972238,4,0,-149
1767172341.982238,4,1,-150
1767172341.992238,1,3,-149
1767172342.002238,-3,5,-144
1767172342.0122385,-7,4,-144
1767172342.0222385,-9,1,-146
1767172342.0322382,-7,0,-153
1767172342.0422382,-8,0,-154
1767172342.0522382,-8,0,-150
1767172342.0622382,-8,0,-149
1767172342.0722382,-7,-1,-149
1767172342.0822382,-3,-4,-146
1767172342.0922382,-8,-6,-152
1767172342.1022382,-6,-6,-144
1767172342.1122382,-3,-2,-146
1767172342.1222382,-3,0,-152
1767172342.132238,-4,-2,-158
1767172342.142238,-3,-7,-155
1767172342.152238,0,-6,-146
1767172342.162238,1,-5,-144
1767172342.172238,2,-2,-149
1767172342.182238,8,0,-146
1767172342.192238,11,1,-144
1767172342.202238,8,-1,-144
1767172342.212238,6,-5,-141
1767172342.222238,8,-5,-147
1767172342.232238,5,0,-140
1767172342.242238,3,3,-135
1767172342.252238,-1,6,-140
1767172342.2622385,0,10,-141
1767172342.2722385,0,5,-144
1767172342.2822382,-1,5,-144
1767172342.2922382,1,5,-141
1767172342.3022382,-1,2,-143
1767172342.3122382,0,5,-136
1767172342.3222382,0,4,-133
1767172342.3322382,3,3,-135
1767172342.3422382,7,4,-136
1767172342.3522382,9,3,-137
1767172342.3622382,6,0,-131
1767172342.3722382,2,-1,-131
1767172342.382238,-1,0,-131
1767172342.392238,-1,-3,-137
1767172342.402238,0,-5,-141
1767172342.412238,3,-2,-144
1767172342.422238,1,-3,-144
1767172342.432238,-2,0,-141
1767172342.442238,-3,4,-141
1767172342.452238,-1,4,-139
1767172342.462238,0,0,-145
1767172342.472238,-2,-1,-147
1767172342.482238,0,0,-147
1767172342.492238,1,2,-155
1767172342.502238,3,2,-157
1767172342.5122385,0,2,-153
1767172342.5222385,-1,3,-154
1767172342.5322382,1,3,-155
1767172342.5422382,0,3,-153
1767172342.5522382,-2,4,-151
1767172342.5622382,1,3,-150
1767172342.5722382,0,2,-146
1767172342.5822382,0,0,-146
1767172342.5922382,0,-4,-142
1767172342.6022382,0,-2,-143
1767172342.6122382,-3,1,-138
1767172342.6222382,-1,-1,-133
1767172342.632238,0,-1,-132
1767172342.642238,1,-7,-125
1767172342.652238,3,-6,-120
1767172342.662238,7,-2,-119
1767172342.672238,4,0,-119
1767172342.682238,0,-4,-119
1767172342.692238,-2,-2,-123
1767172342.702238,-6,0,-130
1767172342.712238,-5,0,-135
1767172342.722238,-3,-2,-133
1767172342.732238,0,0,-135
1767172342.742238,-1,1,-131
1767172342.752238,-2,3,-131
1767172342.7622385,1,1,-129
1767172342.7722385,2,-1,-130
1767172342.7822382,2,-6,-129
1767172342.7922382,3,-6,-122
1767172342.8022382,-2,-5,-125
1767172342.8122382,0,-7,-128
1767172342.8222382,-1,-8,-130
1767172342.8322382,0,-8,-136
1767172342.8422382,2,-6,-144
1767172342.8522382,4,-6,-144
1767172342.8622382,3,-8,-149
1767172342.8722382,3,-7,-141
1767172342.882238,0,-2,-145
1767172342.892238,0,1,-143
1767172342.902238,-4,5,-151
1767172342.912238,-7,1,-147
1767172342.922238,-2,0,-141
1767172342.932238,0,2,-144
1767172342.942238,-3,0,-144
1767172342.952238,-7,1,-145
1767172342.962238,-6,5,-139
1767172342.972238,-4,3,-138
1767172342.982238,-4,0,-133
1767172342.992238,-8,3,-138
1767172343.002238,-3,1,-138
1767172343.0122385,1,-1,-142
1767172343.0232382,2,-5,-139
1767172343.0332382,2,-5,-143
1767172343.0432382,0,-6,-145
1767172343.0522382,5,-7,-144
1767172343.0622382,4,-4,-143
1767172343.073238,3,0,-138
1767172343.0822382,2,1,-136
1767172343.0922382,0,0,-132
1767172343.103238,2,1,-131
1767172343.113238,6,-1,-128
1767172343.123238,4,0,-131
1767172343.133238,2,0,-130
1767172343.143238,4,2,-128
1767172343.153238,3,1,-137
1767172343.163238,1,2,-137
1767172343.173238,-1,4,-141
1767172343.1832385,0,1,-139
1767172343.2042382,-2,1,-142
1767172343.2132382,1,-3,-136
1767172343.2232382,2,-5,-138
1767172343.2332382,7,-3,-136
1767172343.2432382,7,-2,-137
1767172343.2532382,4,-4,-136
1767172343.2632382,8,-4,-139
1767172343.2732382,6,-3,-144
1767172343.2832382,4,0,-142
1767172343.2932382,3,0,-138
1767172343.3032382,0,-2,-143
1767172343.313238,5,-5,-139
1767172343.323238,4,-2,-136
1767172343.333238,-5,-3,-138
1767172343.343238,-8,-5,-138
1767172343.353238,-5,-6,-136
1767172343.363238,-2,-5,-136
1767172343.373238,1,-1,-137
1767172343.383238,1,-4,-134
1767172343.393238,0,-4,-135
1767172343.403238,2,-3,-138
1767172343.413238,1,0,-138
1767172343.423238,1,-3,-145
1767172343.4332385,2,-5,-141
1767172343.4432385,0,0,-141
1767172343.4532382,2,1,-140
1767172343.4632382,0,-1,-136
1767172343.4732382,-1,-1,-129
1767172343.4832382,0,-2,-136
1767172343.4932382,0,0,-138
1767172343.5032382,-2,4,-139
1767172343.5132382,0,2,-137
1767172343.5232382,-1,1,-138
1767172343.5332382,0,-2,-143
1767172343.5432382,-1,-6,-145
1767172343.5532382,2,-4,-146
1767172343.563238,3,-5,-143
1767172343.573238,0,-3,-141
1767172343.583238,0,-7,-134
1767172343.593238,-2,-2,-133
1767172343.603238,-4,-1,-141
1767172343.613238,-3,0,-148
1767172343.623238,-5,5,-150
1767172343.633238,0,2,-147
1767172343.643238,4,0,-153
1767172343.653238,3,2,-149
1767172343.663238,2,-2,-151
1767172343.673238,0,-3,-151
1767172343.6832385,2,-3,-156
1767172343.6932385,2,-4,-159
1767172343.7032382,3,-1,-157
1767172343.7132382,3,2,-158
1767172343.7232382,4,4,-156
1767172343.7332382,1,1,-158
1767172343.7432382,0,1,-161
1767172343.7532382,3,0,-154
1767172343.7632382,0,2,-153
1767172343.7732382,2,6,-150
1767172343.7832382,5,8,-152
1767172343.7932382,3,7,-152
1767172343.8032382,-2,5,-155
1767172343.813238,0,4,-149
1767172343.823238,0,6,-151
1767172343.833238,4,5,-147
1767172343.843238,4,3,-143
1767172343.853238,1,0,-143
1767172343.863238,2,2,-146
1767172343.873238,3,1,-146
1767172343.883238,4,2,-147
1767172343.893238,5,0,-146
1767172343.903238,3,-3,-149
1767172343.913238,1,-2,-149
1767172343.923238,-1,0,-148
1767172343.9332385,3,2,-147
1767172343.9432385,6,4,-152
1767172343.9532382,4,8,-153
1767172343.9632382,0,4,-145
1767172343.9732382,0,2,-143
1767172343.9832382,0,2,-141
1767172343.9932382,2,0,-135
1767172344.0032382,-1,5,-134
1767172344.0132382,-6,3,-134
1767172344.0232382,-6,0,-134
1767172344.0332382,-3,1,-135
1767172344.0432382,-4,-1,-140
1767172344.0532382,-7,3,-141
1767172344.063238,-5,4,-145
1767172344.073238,0,5,-141
1767172344.083238,-1,1,-139
1767172344.093238,-1,-4,-137
1767172344.103238,0,-7,-137
1767172344.113238,2,-5,-136
1767172344.123238,0,-5,-142
1767172344.133238,2,-5,-137
1767172344.143238,0,-1,-142
1767172344.153238,-2,-2,-137
1767172344.163238,-1,-3,-139
1767172344.173238,3,-5,-141
1767172344.1832385,4,-7,-145
1767172344.1932385,4,-6,-142
1767172344.2032382,-2,-2,-140
1767172344.2132382,-8,-2,-134
1767172344.2232382,-8,-2,-134
1767172344.2332382,-2,0,-140
1767172344.2432382,-6,-1,-141
1767172344.2532382,-3,-3,-138
1767172344.2632382,-2,-3,-133
1767172344.2732382,1,-2,-131
1767172344.2832382,0,-1,-129
1767172344.2932382,-1,-1,-131
1767172344.3032382,0,-3,-131
1767172344.313238,-1,-4,-128
1767172344.323238,0,-5,-134
1767172344.333238,-2,-3,-134
1767172344.343238,-2,-1,-137
1767172344.353238,-1,0,-139
1767172344.363238,0,-2,-140
1767172344.373238,0,-3,-141
1767172344.383238,0,-8,-142
1767172344.393238,1,-7,-148
1767172344.403238,3,-1,-142
1767172344.413238,7,-1,-136
1767172344.423238,2,-3,-128
1767172344.4332385,6,-2,-127
1767172344.4432385,7,-4,-136
1767172344.4532382,6,0,-142
1767172344.4632382,1,1,-150
1767172344.4732382,3,-2,-149
1767172344.4832382,2,-6,-138
1767172344.4932382,0,-3,-135
1767172344.5032382,1,-4,-137
1767172344.5132382,-1,-2,-138
1767172344.5232382,0,0,-142
1767172344.5332382,0,4,-149
1767172344.5432382,0,1,-147
1767172344.5532382,0,1,-146
1767172344.563238,3,4,-140
1767172344.573238,4,7,-140
1767172344.583238,2,2,-142
1767172344.593238,5,-1,-145
1767172344.603238,1,-5,-144
1767172344.613238,1,-4,-137
1767172344.623238,1,-2,-143
1767172344.633238,3,-5,-152
1767172344.643238,3,-5,-149
1767172344.653238,1,-7,-148
1767172344.663238,-3,-7,-155
1767172344.673238,-2,-10,-155
1767172344.6832385,1,-13,-155
1767172344.6932385,1,-10,-156
1767172344.7032382,2,-9,-158
1767172344.7132382,1,-6,-152
1767172344.7232382,3,-5,-149
1767172344.7332382,5,-1,-152
1767172344.7432382,6,-2,-152
1767172344.7532382,5,-5,-144
1767172344.7632382,5,-5,-144
1767172344.7732382,3,-4,-143
1767172344.7832382,6,-8,-143
1767172344.7932382,6,-7,-144
1767172344.8032382,4,-4,-146
1767172344.813238,6,-3,-141
1767172344.823238,8,-2,-146
1767172344.833238,5,-1,-149
1767172344.843238,5,0,-147
1767172344.853238,9,0,-148
1767172344.863238,10,-1,-145
1767172344.873238,4,-1,-135
1767172344.883238,7,-4,-138
1767172344.893238,5,-2,-142
1767172344.903238,7,-1,-143
1767172344.913238,5,-2,-147
1767172344.923238,5,-2,-146
1767172344.9332385,8,-1,-152
1767172344.9432385,11,-1,-149
1767172344.9532382,14,-6,-145
1767172344.9632382,8,-6,-150
1767172344.9732382,4,-3,-148
1767172344.9832382,3,-1,-150
1767172344.9932382,2,0,-146
1767172345.0032382,2,0,-143
1767172345.0132382,4,0,-141
1767172345.0232382,0,0,-137
1767172345.0332382,-3,0,-133
1767172345.0432382,3,4,-134
1767172345.0532382,3,2,-135
1767172345.063238,-3,0,-139
1767172345.073238,-1,-2,-140
1767172345.083238,-4,-4,-141
1767172345.093238,-5,-1,-136
1767172345.103238,-2,-1,-137
1767172345.113238,-1,-5,-131
1767172345.123238,-4,-2,-134
1767172345.133238,-2,-2,-130
1767172345.143238,0,-6,-119
1767172345.153238,0,-6,-123
1767172345.163238,0,-2,-129
1767172345.173238,3,-4,-134
1767172345.1832385,2,-4,-132
1767172345.1932385,1,0,-135
1767172345.2032382,0,0,-133
1767172345.2132382,5,-1,-134
1767172345.2232382,7,-5,-136
1767172345.2332382,7,-3,-133
1767172345.2432382,5,-2,-134
1767172345.2532382,7,-1,-139
1767172345.2632382,5,0,-135
1767172345.2732382,2,-2,-134
1767172345.2832382,0,0,-141
1767172345.2932382,0,1,-138
1767172345.3032382,0,0,-138
1767172345.313238,-1,0,-141
1767172345.323238,0,-4,-144
1767172345.333238,0,-5,-141
1767172345.343238,0,-3,-138
1767172345.353238,-1,-1,-138
1767172345.363238,0,-3,-139
1767172345.373238,0,-2,-148
1767172345.383238,0,-3,-152
1767172345.393238,0,0,-153
1767172345.403238,-2,-2,-154
1767172345.413238,1,-2,-155
1767172345.423238,0,-2,-153
1767172345.4332385,1,-3,-150
1767172345.4432385,3,-2,-140
1767172345.4532382,4,-2,-136
1767172345.4632382,5,-2,-133
1767172345.4732382,4,-7,-131
1767172345.4832382,4,-5,-137
1767172345.4932382,1,-5,-138
1767172345.5032382,2,-5,-141
1767172345.5132382,5,-2,-142
1767172345.5232382,5,2,-144
1767172345.5332382,1,2,-142
1767172345.5432382,-2,0,-139
1767172345.554238,-2,2,-133
1767172345.563238,-3,0,-132
1767172345.574238,-1,0,-135
1767172345.583238,3,0,-137
1767172345.593238,2,1,-140
1767172345.6042385,1,1,-139
1767172345.6142385,1,0,-140
1767172345.6242385,2,0,-138
1767172345.6342382,4,0,-141
1767172345.6442382,0,-2,-143
1767172345.6542382,-1,-7,-145
1767172345.6642382,0,-6,-144
1767172345.6742382,0,-3,-135
1767172345.6842382,3,-2,-132
1767172345.6942382,3,-2,-130
1767172345.7042382,4,-6,-133
1767172345.7142382,7,-7,-140
1767172345.7242382,9,-5,-141
1767172345.734238,2,-5,-137
1767172345.744238,2,-7,-141
1767172345.754238,0,-12,-141
1767172345.764238,-1,-5,-140
1767172345.774238,-6,-6,-141
1767172345.784238,-5,-5,-145
1767172345.794238,-4,-8,-139
1767172345.804238,-4,-5,-140
1767172345.814238,-6,-4,-139
1767172345.824238,-5,-4,-143
1767172345.834238,0,-7,-145
1767172345.844238,2,-6,-139
1767172345.8542385,3,-4,-143
1767172345.8642385,4,-1,-145
1767172345.8742385,4,-3,-146
1767172345.8842382,0,-2,-148
1767172345.8942382,1,0,-151
1767172345.9042382,2,0,-150
1767172345.9142382,0,-4,-148
1767172345.9242382,-2,-5,-147
1767172345.9342382,-5,-3,-139
1767172345.9442382,-8,-4,-140
1767172345.9542382,-6,-3,-142
1767172345.9642382,-3,-3,-144
1767172345.9742382,-3,-1,-140
1767172345.984238,0,0,-139
1767172345.994238,0,-2,-137
1767172346.004238,-3,-4,-138
1767172346.014238,0,0,-137
1767172346.024238,-2,1,-136
1767172346.034238,-1,3,-142
1767172346.044238,-3,0,-140
1767172346.054238,-1,-1,-138
1767172346.064238,0,-1,-131
1767172346.074238,-1,0,-128
1767172346.084238,1,-2,-127
1767172346.094238,-1,-2,-131
1767172346.1042385,0,-4,-140
1767172346.1142385,-2,-3,-144
1767172346.1242385,0,-6,-145
1767172346.1342382,1,-5,-146
1767172346.1442382,0,-2,-144
1767172346.1542382,2,0,-138
1767172346.1642382,1,-1,-136
1767172346.1742382,4,-4,-142
1767172346.1842382,2,-5,-142
1767172346.1942382,2,-2,-150
1767172346.2042382,1,-1,-148
1767172346.2142382,3,0,-145
1767172346.2242382,7,-3,-141
1767172346.234238,9,-3,-148
1767172346.244238,7,-5,-146
1767172346.254238,7,-3,-144
1767172346.264238,7,0,-141
1767172346.274238,6,2,-139
1767172346.284238,8,-2,-147
1767172346.294238,6,-5,-146
1767172346.304238,4,-4,-152
1767172346.314238,7,-3,-150
1767172346.324238,5,-5,-148
1767172346.334238,0,-4,-150
1767172346.344238,-4,-4,-153
1767172346.3542385,-5,-1,-151
1767172346.3642385,-4,0,-155
1767172346.3742385,-3,-3,-157
1767172346.3842382,-2,-3,-141
1767172346.3942382,-4,-1,-145
1767172346.4042382,-1,-3,-146
1767172346.4142382,-1,-3,-143
1767172346.4242382,-5,0,-139
1767172346.4342382,-5,0,-142
1767172346.4442382,-8,-2,-137
1767172346.4542382,-8,-7,-144
1767172346.4642382,-8,-5,-144
1767172346.4742382,-7,-2,-145
1767172346.484238,0,-2,-146
1767172346.494238,1,-3,-140
1767172346.504238,3,-6,-142
1767172346.514238,3,-8,-140
1767172346.524238,2,-8,-141
1767172346.534238,0,-6,-141
1767172346.544238,-1,-5,-146
1767172346.554238,-2,-8,-155
1767172346.564238,-5,-9,-156
1767172346.574238,-4,-7,-147
1767172346.584238,-3,-7,-147
1767172346.594238,0,-6,-155
1767172346.6042385,1,-4,-148
1767172346.6142385,4,-1,-151
1767172346.6242385,3,-1,-153
1767172346.6342382,6,-2,-154
1767172346.6442382,4,-1,-149
1767172346.6542382,2,-2,-147
1767172346.6642382,3,-4,-147
1767172346.6742382,1,-2,-140
1767172346.6842382,-1,0,-141
1767172346.6942382,-2,1,-140
1767172346.7042382,-4,0,-141
1767172346.7142382,0,-1,-140
1767172346.7242382,0,-4,-139
1767172346.734238,-3,-4,-144
1767172346.744238,-3,-3,-151
1767172346.754238,-3,-3,-149
1767172346.764238,-1,0,-144
1767172346.774238,-2,-2,-142
1767172346.784238,2,-2,-138
1767172346.794238,0,-2,-138
1767172346.804238,0,-5,-142
1767172346.814238,-1,-2,-148
1767172346.824238,-3,-1,-153
1767172346.834238,-5,-1,-153
1767172346.844238,-2,-1,-151
1767172346.8542385,-4,-4,-142
1767172346.8642385,-5,-4,-138
1767172346.8742385,-3,-4,-133
1767172346.8842382,1,-4,-132
1767172346.8942382,7,-3,-128
1767172346.9042382,7,-2,-134
1767172346.9142382,6,-1,-139
1767172346.9242382,5,-2,-148
1767172346.9342382,-3,-6,-148
1767172346.9442382,0,-3,-146
1767172346.9542382,0,-2,-147
1767172346.9642382,-3,1,-152
1767172346.9742382,-2,0,-142
1767172346.984238,-6,4,-146
1767172346.994238,-4,7,-148
1767172347.004238,-2,8,-144
1767172347.014238,-7,10,-140
1767172347.024238,-4,10,-133
1767172347.034238,-4,9,-132
1767172347.044238,-5,10,-128
1767172347.054238,-5,4,-126
1767172347.064238,-6,3,-131
1767172347.074238,-6,3,-134
1767172347.084238,-2,-2,-139
1767172347.094238,-1,-5,-137
1767172347.1042385,-5,-5,-132
1767172347.1142385,-4,-5,-129
1767172347.1242385,-4,-4,-135
1767172347.1342382,0,-6,-136
1767172347.1442382,-3,-6,-143
1767172347.1542382,-5,-6,-142
1767172347.1642382,-5,-3,-147
1767172347.1742382,-1,0,-142
1767172347.1842382,0,0,-146
1767172347.1942382,-7,3,-146
1767172347.2042382,-5,5,-149
1767172347.2142382,0,5,-147
1767172347.2242382,3,5,-145
1767172347.234238,3,-2,-144
1767172347.244238,1,0,-141
1767172347.254238,2,1,-144
1767172347.264238,8,2,-146
1767172347.274238,6,0,-144
1767172347.284238,3,-3,-139
1767172347.294238,3,-3,-138
1767172347.304238,0,-4,-136
1767172347.314238,-1,-1,-142
1767172347.324238,-2,1,-141
1767172347.334238,1,3,-145
1767172347.344238,-1,2,-150
1767172347.3542385,5,4,-141
1767172347.3642385,3,4,-137
1767172347.3742385,5,2,-137
1767172347.3842382,0,1,-137
1767172347.3942382,0,0,-142
1767172347.4042382,0,0,-138
1767172347.4142382,0,0,-139
1767172347.4242382,2,0,-143
1767172347.4342382,1,-2,-147
1767172347.4442382,0,-1,-147
1767172347.4542382,0,0,-148
1767172347.4642382,4,-4,-149
1767172347.4742382,7,0,-153
1767172347.484238,3,-1,-153
1767172347.494238,0,0,-154
1767172347.504238,-1,-1,-152
1767172347.514238,-4,-2,-143
1767172347.524238,-4,-2,-142
1767172347.534238,0,-2,-143
1767172347.544238,0,-2,-148
1767172347.554238,3,-6,-145
1767172347.564238,0,-3,-141
1767172347.574238,-3,-3,-143
1767172347.584238,-3,-1,-143
1767172347.594238,-3,0,-143
1767172347.6042385,-4,-1,-142
1767172347.6142385,-4,-5,-149
1767172347.6242385,-2,-6,-144
1767172347.6342382,-5,-8,-143
1767172347.6442382,-5,-6,-146
1767172347.6542382,-5,-4,-147
1767172347.6642382,-5,-1,-146
1767172347.6742382,-3,-2,-145
1767172347.6842382,-3,0,-141
1767172347.6942382,-1,-1,-147
1767172347.7042382,-1,0,-142
1767172347.7142382,1,1,-142
1767172347.7242382,3,1,-142
1767172347.734238,1,0,-148
1767172347.744238,0,2,-149
1767172347.754238,-1,4,-157
1767172347.764238,-2,8,-156
1767172347.774238,-2,4,-154
1767172347.784238,-1,4,-151
1767172347.794238,-2,2,-151
1767172347.804238,-4,1,-145
1767172347.814238,-3,-2,-145
1767172347.824238,-1,-2,-143
1767172347.834238,-2,0,-140
1767172347.844238,4,0,-137
1767172347.8542385,5,-3,-138
1767172347.8642385,6,-7,-138
1767172347.8742385,2,-7,-136
1767172347.8842382,-2,-4,-137
1767172347.8942382,-2,-4,-141
1767172347.9042382,0,-2,-140
1767172347.9142382,3,-2,-136
1767172347.9242382,5,0,-134
1767172347.9342382,1,0,-134
1767172347.9442382,0,-4,-136
1767172347.9542382,0,-4,-133
1767172347.9642382,-3,-7,-126
1767172347.9742382,0,-6,-127
1767172347.984238,0,-5,-129
1767172347.994238,-1,-5,-134
1767172348.004238,-2,-5,-136
1767172348.014238,-2,-3,-136
1767172348.024238,-3,-4,-140
1767172348.034238,1,-3,-136
1767172348.044238,3,-4,-138
1767172348.054238,10,-1,-140
1767172348.064238,8,-1,-133
1767172348.074238,8,0,-132
1767172348.084238,3,-1,-140
1767172348.094238,0,0,-131
1767172348.1042385,0,1,-131
1767172348.1142385,-1,-6,-142
1767172348.1242385,2,-6,-146
1767172348.1352382,2,-2,-146
1767172348.1442382,-2,-3,-143
1767172348.1542382,-3,-1,-137
1767172348.165238,1,-2,-139
1767172348.175238,-4,-4,-141
1767172348.185238,-6,-4,-139
1767172348.195238,-6,-1,-143
1767172348.2162385,-9,1,-135
1767172348.225238,-8,2,-138
1767172348.235238,-6,3,-139
1767172348.245238,0,3,-141
1767172348.255238,2,4,-137
1767172348.265238,-1,-1,-142
1767172348.275238,-1,-4,-143
1767172348.2852385,-2,-3,-139
1767172348.2952385,-1,-4,-141
1767172348.3052382,0,-1,-145
1767172348.3152382,0,1,-146
1767172348.3252382,3,1,-143
1767172348.3352382,3,4,-134
1767172348.3452382,-3,2,-136
1767172348.3552382,1,0,-134
1767172348.3652382,4,0,-138
1767172348.3752382,4,2,-146
1767172348.3852382,3,4,-143
1767172348.3952382,2,0,-136
1767172348.4052382,1,5,-129
1767172348.415238,0,1,-136
1767172348.425238,-1,-1,-137
1767172348.435238,2,-4,-135
1767172348.445238,3,-4,-139
1767172348.455238,1,-6,-134
1767172348.465238,-1,-3,-135
1767172348.475238,3,-2,-136
1767172348.485238,1,-4,-136
1767172348.495238,0,-3,-138
1767172348.505238,0,-3,-136
1767172348.515238,-1,-3,-136
1767172348.525238,1,-7,-143
1767172348.5352385,4,-9,-137
1767172348.5452385,3,-1,-135
1767172348.5552382,-2,-1,-139
1767172348.5652382,-1,-2,-137
1767172348.5752382,-3,-4,-141
1767172348.5852382,0,-5,-139
1767172348.5952382,-2,-4,-142
1767172348.6052382,-1,-8,-143
1767172348.6152382,0,-6,-139
1767172348.6252382,4,-3,-137
1767172348.6352382,4,-5,-131
1767172348.6452382,5,-7,-137
1767172348.6552382,6,-2,-144
1767172348.665238,1,-2,-144
1767172348.675238,3,-6,-144
1767172348.685238,5,-4,-147
1767172348.695238,0,-1,-145
1767172348.705238,-1,-3,-141
1767172348.715238,-1,-3,-135
1767172348.725238,-2,-4,-138
1767172348.735238,-6,-2,-141
1767172348.745238,-5,-3,-144
1767172348.755238,-3,-3,-144
1767172348.765238,0,-1,-138
1767172348.775238,0,0,-138
1767172348.7852385,-1,0,-137
1767172348.7952385,-5,-1,-128
1767172348.8052382,-7,-8,-128
1767172348.8152382,-4,-8,-129
1767172348.8252382,-2,-7,-140
1767172348.8352382,-3,-4,-139
1767172348.8452382,-2,-7,-139
1767172348.8552382,0,-6,-140
1767172348.8652382,-2,-4,-137
1767172348.8752382,-2,-4,-143
1767172348.8852382,0,-4,-154
1767172348.8952382,0,-6,-156
1767172348.9052382,0,-8,-150
1767172348.915238,1,-7,-147
1767172348.925238,0,-2,-142
1767172348.935238,5,-2,-142
1767172348.945238,3,0,-151
1767172348.955238,3,1,-151
1767172348.965238,2,0,-153
1767172348.975238,0,-1,-148
1767172348.985238,4,-6,-142
1767172348.995238,1,-3,-139
1767172349.005238,0,-3,-140
1767172349.015238,4,-4,-137
1767172349.025238,3,-5,-141
1767172349.0352385,4,-8,-142
1767172349.0452385,2,-6,-136
1767172349.0552382,1,-4,-131
1767172349.0652382,1,-7,-139
1767172349.0752382,2,-9,-146
1767172349.0852382,7,-9,-146
1767172349.0952382,10,-4,-151
1767172349.1052382,10,-6,-148
1767172349.1152382,12,-3,-146
1767172349.1252382,11,-2,-145
1767172349.1352382,9,-6,-144
1767172349.1452382,5,-4,-152
1767172349.1552382,2,4,-152
1767172349.165238,1,4,-150
1767172349.175238,2,0,-146
1767172349.185238,1,3,-143
1767172349.195238,0,0,-145
1767172349.205238,-2,-7,-139
1767172349.215238,0,-6,-138
1767172349.225238,-1,-9,-137
1767172349.235238,-2,-10,-134
1767172349.245238,-2,-9,-136
1767172349.255238,-4,-9,-135
1767172349.265238,-6,-11,-132
1767172349.275238,0,-13,-134
1767172349.2852385,-2,-11,-140
1767172349.2952385,0,-4,-135
1767172349.3052382,1,-6,-139
1767172349.3152382,1,-2,-142
1767172349.3252382,1,-5,-139
1767172349.3352382,0,-6,-135
1767172349.3452382,-1,-9,-141
1767172349.3552382,0,-5,-143
1767172349.3652382,4,-5,-148
1767172349.3752382,4,-8,-143
1767172349.3852382,5,-3,-139
1767172349.3952382,4,0,-133
1767172349.4052382,7,1,-134
1767172349.415238,7,1,-136
1767172349.425238,7,3,-139
1767172349.435238,7,1,-142
1767172349.445238,6,0,-143
1767172349.455238,5,-1,-142
1767172349.465238,4,0,-139
1767172349.475238,1,2,-140
1767172349.485238,0,-3,-133
1767172349.495238,-1,0,-126
1767172349.505238,-1,3,-128
1767172349.515238,0,1,-139
1767172349.525238,-1,0,-143
1767172349.5352385,0,0,-149
1767172349.5452385,-4,-2,-142
1767172349.5552382,-5,-4,-145
1767172349.5652382,-4,-2,-146
1767172349.5752382,0,-4,-141
1767172349.5852382,2,-8,-135
1767172349.5952382,0,-8,-132
1767172349.6052382,0,-7,-133
1767172349.6152382,0,-1,-138
1767172349.6252382,1,0,-139
1767172349.6352382,0,0,-143
1767172349.6452382,4,2,-148
1767172349.6552382,0,0,-149
1767172349.665238,-3,-2,-147
1767172349.675238,-5,-5,-150
1767172349.685238,-8,-6,-156
1767172349.695238,-6,-8,-149
1767172349.705238,-2,-7,-150
1767172349.715238,0,-1,-150
1767172349.725238,3,0,-145
1767172349.735238,1,0,-146
1767172349.745238,-1,0,-147
1767172349.755238,0,1,-145
1767172349.765238,1,1,-141
1767172349.775238,-1,0,-142
1767172349.7852385,-3,-2,-138
1767172349.7952385,-4,-2,-132
1767172349.8062382,-3,-3,-136
1767172349.8152382,-5,0,-141
1767172349.8252382,-8,3,-137
1767172349.8352382,-6,2,-136
1767172349.8452382,-6,-1,-138
1767172349.8552382,-2,-5,-137
1767172349.8652382,-3,-1,-143
1767172349.8752382,-4,0,-144
1767172349.8852382,-7,-2,-146
1767172349.8952382,-2,-5,-148
1767172349.9052382,-3,-5,-147
1767172349.915238,-1,-8,-149
1767172349.925238,-2,-8,-151
1767172349.935238,-4,-4,-145
1767172349.945238,-5,0,-144
1767172349.955238,-3,0,-139
1767172349.965238,-3,-4,-139
1767172349.975238,-2,-7,-137
1767172349.985238,0,-10,-141
1767172349.995238,1,-10,-147
1767172350.005238,0,-8,-146
1767172350.015238,1,-6,-141
1767172350.025238,3,-5,-141
1767172350.0352385,3,-3,-144
1767172350.0452385,2,-3,-143
1767172350.0552382,3,-1,-146
1767172350.0652382,3,-4,-141
1767172350.0752382,4,-3,-142
1767172350.0852382,0,-3,-139
1767172350.0952382,0,-5,-137
1767172350.1052382,4,-6,-133
1767172350.1152382,1,-1,-131
1767172350.1252382,0,0,-138
1767172350.1352382,0,0,-142
1767172350.1452382,-3,-3,-153
1767172350.1552382,-7,-6,-155
1767172350.165238,-6,-3,-152
1767172350.175238,-8,-1,-153
1767172350.185238,-7,-3,-157
1767172350.195238,-4,0,-155
1767172350.205238,0,2,-146
1767172350.215238,0,2,-143
1767172350.225238,0,2,-143
1767172350.235238,0,1,-146
1767172350.245238,0,1,-148
1767172350.255238,1,-1,-142
1767172350.265238,-1,-1,-135
1767172350.275238,-2,-2,-138
1767172350.2852385,-3,0,-149
1767172350.2952385,-4,2,-157
1767172350.3052382,-1,2,-152
1767172350.3152382,-3,1,-154
1767172350.3252382,0,0,-157
1767172350.3352382,0,-3,-158
1767172350.3452382,3,-4,-153
1767172350.3552382,0,-3,-154
1767172350.3652382,1,1,-151
1767172350.3752382,-1,0,-146
1767172350.3852382,-4,1,-144
1767172350.3952382,-4,2,-154
1767172350.4052382,-5,2,-151
1767172350.415238,-5,2,-151
1767172350.425238,-6,1,-144
1767172350.435238,-5,1,-146
1767172350.445238,-5,0,-145
1767172350.455238,-3,2,-144
1767172350.465238,-6,2,-144
1767172350.475238,-8,4,-140
1767172350.485238,-2,2,-142
1767172350.495238,-1,1,-144
1767172350.505238,0,0,-147
1767172350.515238,-1,-2,-145
1767172350.525238,0,-5,-146
1767172350.5352385,-1,-6,-149
1767172350.5452385,0,-7,-141
1767172350.5552382,0,-3,-141
1767172350.5652382,0,-1,-137
1767172350.5752382,-3,0,-131
1767172350.5852382,-1,1,-132
1767172350.5952382,-1,0,-130
1767172350.6052382,1,3,-130
1767172350.6152382,-1,1,-132
1767172350.6252382,-2,-3,-125
1767172350.6352382,-5,-3,-129
1767172350.6452382,-7,-1,-138
1767172350.6552382,-13,-6,-138
1767172350.665238,-16,-4,-140
1767172350.675238,-6,0,-147
1767172350.685238,-4,0,-154
1767172350.695238,0,-2,-156
1767172350.7062385,0,-1,-152
1767172350.715238,2,2,-153
1767172350.7262385,0,0,-153
1767172350.735238,4,-4,-152
1767172350.7462382,2,-3,-151
1767172350.7562382,1,-7,-145
1767172350.7662382,0,-5,-140
1767172350.7762382,2,-6,-145
1767172350.7852385,0,-8,-139
1767172350.7962382,-2,-8,-140
1767172350.8062382,-1,-9,-141
1767172350.8162382,-5,-8,-146
1767172350.8262382,-5,-3,-144
1767172350.8352382,-3,-3,-138
1767172350.846238,-1,0,-139
1767172350.856238,-5,0,-151
1767172350.866238,-7,-2,-149
1767172350.876238,-4,0,-147
1767172350.886238,-5,0,-149
1767172350.896238,-2,-1,-151
1767172350.906238,-1,2,-150
1767172350.916238,0,3,-148
1767172350.926238,-3,2,-150
1767172350.936238,-2,0,-148
1767172350.946238,-5,-2,-142
1767172350.9562385,-4,-1,-138
1767172350.9662385,-4,-3,-139
1767172350.9762385,-7,-3,-144
1767172350.9862382,0,-3,-140
1767172350.9962382,-1,-5,-140
1767172351.0062382,-2,-5,-139
1767172351.0162382,-1,-7,-140
1767172351.0262382,-2,-6,-145
1767172351.0362382,-1,-5,-147
1767172351.0462382,-2,-10,-148
1767172351.0562382,-1,-11,-151
1767172351.0662382,-3,-8,-146
1767172351.0762382,-4,-7,-142
1767172351.086238,-3,-9,-138
1767172351.096238,-5,-8,-142
1767172351.106238,-2,-4,-143
1767172351.116238,-3,0,-135
1767172351.126238,-7,-3,-130
1767172351.136238,-3,-4,-133
1767172351.146238,0,-5,-139
1767172351.156238,-2,-7,-137
1767172351.166238,-4,-7,-139
1767172351.176238,-4,-4,-141
1767172351.186238,0,-1,-141
1767172351.196238,1,-4,-146
1767172351.2062385,2,0,-140
1767172351.2162385,4,3,-148
1767172351.2262385,0,1,-152
1767172351.2362382,3,-3,-150
1767172351.2462382,1,-5,-153
1767172351.2562382,1,-6,-150
1767172351.2662382,-4,-6,-147
1767172351.2762382,-3,-6,-150
1767172351.2862382,0,-6,-153
1767172351.2962382,0,-6,-151
1767172351.3062382,0,-4,-153
1767172351.3162382,0,-6,-144
1767172351.3262382,-1,-9,-147
1767172351.336238,-1,-4,-150
1767172351.346238,-2,-4,-140
1767172351.356238,-2,-4,-141
1767172351.366238,1,-3,-147
1767172351.376238,3,0,-144
1767172351.386238,0,1,-140
1767172351.396238,-4,3,-137
1767172351.406238,-2,4,-138
1767172351.416238,0,3,-145
1767172351.426238,7,0,-142
1767172351.436238,5,-3,-145
1767172351.446238,0,-6,-147
1767172351.4562385,0,-5,-144
1767172351.4662385,0,-2,-137
1767172351.4762385,0,0,-140
1767172351.4862382,2,-5,-140
1767172351.4962382,3,-10,-140
1767172351.5062382,1,-12,-134
1767172351.5162382,-1,-9,-134
1767172351.5262382,0,-12,-129
1767172351.5362382,5,-10,-132
1767172351.5462382,4,-9,-132
1767172351.5562382,4,-9,-132
1767172351.5662382,4,-4,-140
1767172351.5762382,0,-3,-145
1767172351.586238,-2,-4,-146
1767172351.596238,2,-4,-143
1767172351.606238,6,-3,-137
1767172351.616238,0,-2,-143
1767172351.626238,-3,0,-141
1767172351.636238,-3,-1,-136
1767172351.646238,-6,-6,-132
1767172351.656238,-3,-7,-138
1767172351.666238,-2,-6,-139
1767172351.676238,-4,0,-139
1767172351.686238,-9,0,-138
1767172351.696238,-9,1,-134
1767172351.7062385,-4,4,-136
1767172351.7162385,-1,4,-141
1767172351.7262385,-2,5,-143
1767172351.7362382,-2,8,-143
1767172351.7462382,-5,4,-145
1767172351.7562382,-9,0,-143
1767172351.7662382,-8,0,-147
1767172351.7762382,-10,1,-142
1767172351.7862382,-8,0,-147
1767172351.7962382,-7,3,-149
1767172351.8062382,-7,0,-155
1767172351.8162382,-9,0,-152
1767172351.8262382,-5,0,-144
1767172351.836238,-3,2,-145
1767172351.846238,0,4,-149
1767172351.856238,-2,3,-151
1767172351.866238,-3,3,-148
1767172351.876238,-5,2,-144
1767172351.886238,-3,0,-145
1767172351.896238,-4,0,-142
1767172351.906238,0,2,-143
1767172351.916238,2,0,-147
1767172351.926238,1,-5,-149
1767172351.936238,5,-11,-145
1767172351.946238,4,-7,-143
1767172351.9562385,5,-3,-150
1767172351.9662385,6,1,-151
1767172351.9762385,-1,2,-152
1767172351.9862382,0,2,-153
1767172351.9962382,-2,1,-148
1767172352.0062382,-2,2,-149
1767172352.0162382,-4,3,-145
1767172352.0262382,-4,0,-145
1767172352.0362382,-3,0,-136
1767172352.0462382,0,4,-136
1767172352.0562382,-3,-1,-136
1767172352.0662382,-3,-2,-131
1767172352.0762382,-7,-6,-129
1767172352.086238,-3,-5,-133
1767172352.096238,-4,-4,-139
1767172352.106238,-2,-8,-140
1767172352.116238,-4,-7,-142
1767172352.126238,-3,-7,-139
1767172352.136238,-7,-8,-138
1767172352.146238,-5,-6,-142
1767172352.156238,-5,-7,-145
1767172352.166238,-6,-7,-138
1767172352.176238,-5,-4,-134
1767172352.186238,-3,-1,-134
1767172352.196238,-1,0,-136
1767172352.2062385,-2,2,-137
1767172352.2162385,0,2,-145
1767172352.2262385,1,3,-140
1767172352.2362382,3,5,-138
1767172352.2462382,2,1,-136
1767172352.2562382,1,1,-141
1767172352.2662382,5,2,-150
1767172352.2762382,5,1,-145
1767172352.2862382,3,-2,-140
1767172352.2962382,0,-4,-137
1767172352.3062382,1,-4,-139
1767172352.3162382,-2,0,-136
1767172352.3262382,2,-2,-137
1767172352.336238,3,-4,-135
1767172352.346238,2,-2,-128
1767172352.356238,0,1,-129
1767172352.366238,2,5,-129
1767172352.376238,0,1,-123
1767172352.386238,-1,0,-131
1767172352.396238,0,2,-131
1767172352.406238,0,4,-130
1767172352.416238,-5,2,-138
1767172352.426238,0,0,-142
1767172352.436238,-3,3,-139
1767172352.446238,-1,0,-138
1767172352.4562385,1,-3,-135
1767172352.4662385,2,-1,-134
1767172352.4762385,3,-2,-136
1767172352.4862382,0,-2,-136
1767172352.4962382,0,0,-133
1767172352.5062382,-3,-1,-139
1767172352.5162382,-1,-2,-141
1767172352.5262382,-5,-1,-146
1767172352.5362382,-9,0,-140
1767172352.5462382,-12,-1,-136
1767172352.5562382,-6,-3,-138
1767172352.5662382,-7,-2,-145
1767172352.5762382,-2,0,-146
1767172352.586238,-2,2,-142
1767172352.596238,-2,0,-146
1767172352.606238,-5,0,-141
1767172352.616238,-9,0,-138
1767172352.626238,-5,-1,-134
1767172352.636238,-2,-2,-133
1767172352.646238,-1,-3,-138
1767172352.656238,-5,-4,-140
1767172352.666238,-6,-6,-134
1767172352.676238,-6,-4,-138
1767172352.686238,-8,-3,-140
1767172352.696238,-8,0,-146
1767172352.7062385,-8,1,-147
1767172352.7162385,-7,2,-143
1767172352.7262385,-6,0,-142
1767172352.7362382,-7,1,-139
1767172352.7462382,-5,4,-149
1767172352.7562382,-5,0,-152
1767172352.7662382,-5,0,-151
1767172352.7762382,-1,-3,-151
1767172352.7862382,-6,-5,-150
1767172352.7962382,-2,-3,-147
1767172352.8062382,-3,-1,-146
1767172352.8162382,-7,0,-143
1767172352.8262382,-6,-3,-142
1767172352.836238,-1,-3,-141
1767172352.846238,0,0,-147
1767172352.856238,-5,0,-145
1767172352.866238,-2,-4,-143
1767172352.876238,-1,-3,-143
1767172352.886238,0,-1,-139
1767172352.896238,0,-1,-137
1767172352.906238,-3,0,-146
1767172352.916238,-3,-3,-146
1767172352.926238,-7,-1,-144
1767172352.936238,-8,-5,-140
1767172352.946238,-5,-7,-143
1767172352.9562385,-3,-4,-148
1767172352.9662385,0,-7,-148
1767172352.9762385,0,-13,-144
1767172352.9862382,-2,-11,-144
1767172352.9962382,-3,-9,-139
1767172353.0062382,-5,-4,-141
1767172353.0162382,-1,-1,-140
1767172353.0262382,1,2,-146
1767172353.0362382,6,5,-139
1767172353.0462382,3,5,-146
1767172353.0562382,1,1,-144
1767172353.0662382,-2,3,-143
1767172353.0762382,0,6,-143
1767172353.086238,0,7,-144
1767172353.096238,1,6,-142
1767172353.106238,4,4,-145
1767172353.116238,3,3,-142
1767172353.126238,5,2,-140
1767172353.136238,7,1,-135
1767172353.146238,4,-3,-137
1767172353.156238,4,-3,-137
1767172353.166238,0,0,-133
1767172353.176238,0,0,-132
1767172353.186238,0,0,-129
1767172353.196238,-3,-2,-124
1767172353.2062385,-2,-5,-125
1767172353.228238,-1,-12,-130
1767172353.2362382,-3,-12,-127
1767172353.2472382,-5,-9,-134
1767172353.257238,-3,-6,-133
1767172353.2662382,-4,-2,-140
1767172353.2762382,-6,2,-143
1767172353.287238,-1,1,-143
1767172353.297238,1,0,-141
1767172353.307238,4,0,-137
1767172353.317238,2,0,-136
1767172353.327238,3,0,-139
1767172353.337238,1,0,-142
1767172353.347238,1,0,-143
1767172353.357238,6,-2,-143
1767172353.367238,7,-3,-143
1767172353.377238,6,-2,-141
1767172353.3872385,9,-1,-146
1767172353.3972385,10,-1,-139
1767172353.4072382,11,-3,-137
1767172353.4172382,2,-5,-143
1767172353.4272382,2,-7,-142
1767172353.4372382,0,-6,-145
1767172353.4472382,2,-4,-145
1767172353.4572382,4,-3,-141
1767172353.4672382,7,-6,-142
1767172353.4772382,3,-5,-142
1767172353.4872382,0,0,-134
1767172353.4972382,-2,-1,-137
1767172353.507238,-2,2,-130
1767172353.517238,-1,0,-133
1767172353.527238,3,-1,-135
1767172353.537238,2,0,-134
1767172353.547238,3,2,-134
1767172353.557238,5,1,-136
1767172353.567238,4,0,-139
1767172353.577238,3,-2,-136
1767172353.587238,0,-1,-137
1767172353.597238,0,-2,-136
1767172353.607238,-1,-1,-139
1767172353.617238,-4,-4,-136
1767172353.627238,-3,-3,-141
1767172353.6372385,-3,0,-142
1767172353.6472385,-4,4,-139
1767172353.6572382,-9,5,-135
1767172353.6672382,-1,3,-136
1767172353.6772382,1,0,-135
1767172353.6872382,1,1,-139
1767172353.6972382,0,0,-146
1767172353.7072382,-1,0,-150
1767172353.7172382,-6,-2,-149
1767172353.7272382,-5,-6,-143
1767172353.7372382,-2,-6,-140
1767172353.7472382,-4,-1,-142
1767172353.757238,-2,-1,-138
1767172353.767238,0,-3,-134
1767172353.777238,0,-3,-134
1767172353.787238,0,0,-137
1767172353.797238,-1,0,-133
1767172353.807238,-1,-1,-124
1767172353.817238,-3,1,-124
1767172353.827238,-2,0,-131
1767172353.837238,-3,-4,-144
1767172353.847238,-3,-2,-145
1767172353.857238,-2,-5,-142
1767172353.867238,-4,-6,-145
1767172353.877238,-6,-7,-152
1767172353.8872385,-7,-2,-148
1767172353.8972385,-5,-1,-145
1767172353.9072382,-2,0,-144
1767172353.9172382,0,3,-144
1767172353.9272382,-2,4,-144
1767172353.9372382,0,2,-140
1767172353.9472382,0,0,-142
1767172353.9572382,0,2,-145
1767172353.9672382,0,3,-152
1767172353.9772382,0,3,-150
1767172353.9872382,0,1,-144
1767172353.9972382,1,1,-140
1767172354.007238,-2,0,-143
1767172354.017238,-2,1,-143
1767172354.027238,0,0,-142
1767172354.037238,-3,-2,-138
1767172354.047238,-2,1,-139
1767172354.057238,-2,6,-136
1767172354.067238,0,9,-138
1767172354.077238,5,8,-143
1767172354.087238,5,2,-144
1767172354.097238,5,1,-143
1767172354.107238,6,1,-144
1767172354.117238,3,-2,-152
1767172354.127238,1,-2,-152
1767172354.1372385,0,-1,-151
1767172354.1472385,1,-1,-151
1767172354.1572382,3,-4,-147
1767172354.1672382,2,-3,-154
1767172354.1772382,2,-2,-153
1767172354.1872382,5,-4,-149
1767172354.1972382,5,-3,-150
1767172354.2072382,4,-1,-148
1767172354.2172382,-1,0,-149
1767172354.2272382,-3,3,-149
1767172354.2372382,-3,1,-146
1767172354.2472382,0,0,-139
1767172354.257238,0,1,-136
1767172354.267238,-2,0,-138
1767172354.277238,-3,0,-134
1767172354.287238,-1,-5,-132
1767172354.297238,-3,-6,-140
1767172354.307238,0,-4,-141
1767172354.317238,-3,-3,-144
1767172354.327238,-5,-1,-144
1767172354.337238,-8,3,-149
1767172354.347238,-7,3,-146
1767172354.357238,-11,6,-145
1767172354.367238,-8,2,-142
1767172354.377238,0,-1,-145
1767172354.3872385,-1,0,-138
1767172354.3972385,-2,0,-139
1767172354.4072382,-7,1,-136
1767172354.4172382,-7,3,-136
1767172354.4272382,-6,3,-141
1767172354.4372382,-6,1,-138
1767172354.4472382,-5,2,-141
1767172354.4572382,-3,0,-141
1767172354.4672382,-8,-2,-144
1767172354.4772382,-11,-2,-143
1767172354.4872382,-13,-6,-143
1767172354.4972382,-14,-9,-142
1767172354.507238,-6,-12,-140
1767172354.517238,-10,-10,-134
1767172354.527238,-9,-6,-136
1767172354.537238,-8,-11,-135
1767172354.547238,-5,-9,-137
1767172354.557238,-4,-8,-145
1767172354.567238,-2,-5,-143
1767172354.577238,-1,-5,-143
1767172354.587238,0,-8,-146
1767172354.597238,-4,-9,-150
1767172354.607238,-1,-9,-144
1767172354.617238,0,-9,-145
1767172354.627238,-3,-5,-142
1767172354.6372385,0,-5,-139
1767172354.6472385,1,-2,-136
1767172354.6572382,2,-4,-135
1767172354.6672382,3,-2,-140
1767172354.6772382,4,-2,-143
1767172354.6872382,2,-3,-150
1767172354.6972382,1,0,-149
1767172354.7072382,5,2,-151
1767172354.7172382,7,0,-144
1767172354.7272382,8,0,-139
1767172354.7372382,5,-3,-142
1767172354.7472382,5,-4,-138
1767172354.757238,6,-7,-140
1767172354.767238,7,-6,-143
1767172354.777238,1,-2,-141
1767172354.787238,0,-4,-139
1767172354.797238,0,-6,-134
1767172354.807238,-2,0,-137
1767172354.817238,-4,0,-138
1767172354.827238,0,-4,-139
1767172354.837238,0,-2,-141
1767172354.847238,-4,-1,-140
1767172354.857238,0,-2,-140
1767172354.867238,5,-3,-137
1767172354.877238,8,-5,-138
1767172354.8872385,4,-4,-140
1767172354.8972385,2,-5,-139
1767172354.9072382,1,-4,-144
1767172354.9172382,0,-8,-141
1767172354.9272382,1,-9,-143
1767172354.9372382,1,-6,-140
1767172354.9472382,0,-1,-138
1767172354.9572382,0,2,-136
1767172354.9672382,-1,5,-133
1767172354.9772382,-4,2,-131
1767172354.9872382,0,2,-131
1767172354.9972382,-3,-1,-130
1767172355.007238,-1,-2,-128
1767172355.017238,0,0,-126
1767172355.027238,-3,2,-132
1767172355.037238,-1,2,-125
1767172355.047238,0,3,-120
1767172355.057238,-7,0,-122
1767172355.067238,-7,0,-127
1767172355.077238,-5,0,-128
1767172355.087238,-4,1,-133
1767172355.097238,-9,1,-127
1767172355.107238,-6,0,-126
1767172355.117238,-2,0,-130
1767172355.127238,-4,-2,-134
1767172355.1372385,-2,-3,-137
1767172355.1472385,-5,-5,-139
1767172355.1572382,-2,-5,-147
1767172355.1672382,0,-2,-147
1767172355.1772382,0,0,-143
1767172355.1872382,0,-2,-143
1767172355.1972382,-3,-2,-137
1767172355.2072382,0,-3,-131
1767172355.2172382,1,-3,-140
1767172355.2272382,0,-1,-137
1767172355.2372382,0,0,-140
1767172355.2472382,1,3,-138
1767172355.257238,3,4,-140
1767172355.267238,4,3,-139
1767172355.277238,2,2,-133
1767172355.287238,3,0,-130
1767172355.297238,3,3,-130
1767172355.307238,6,3,-136
1767172355.317238,6,1,-136
1767172355.327238,5,-1,-132
1767172355.337238,0,-4,-137
1767172355.347238,-2,-3,-138
1767172355.357238,1,-2,-144
1767172355.367238,3,0,-147
1767172355.377238,3,1,-145
1767172355.3872385,0,-2,-143
1767172355.3972385,-1,-1,-144
1767172355.4072382,6,-3,-144
1767172355.4172382,2,-2,-144
1767172355.4272382,-3,-4,-149
1767172355.4372382,-5,-1,-149
1767172355.4472382,-2,0,-151
1767172355.4572382,-8,0,-150
1767172355.4672382,-8,0,-147
1767172355.4772382,-5,-1,-149
1767172355.4872382,-3,0,-151
1767172355.4972382,1,-1,-149
1767172355.507238,0,1,-144
1767172355.517238,-1,-3,-138
1767172355.527238,-1,-5,-137
1767172355.537238,-1,-2,-139
1767172355.547238,-2,0,-137
1767172355.557238,-2,0,-140
1767172355.567238,-1,8,-140
1767172355.577238,-1,8,-141
1767172355.587238,2,5,-141
1767172355.597238,3,0,-149
1767172355.607238,0,-4,-151
1767172355.617238,-4,-6,-148
1767172355.627238,-1,-2,-144
1767172355.6372385,0,-4,-147
1767172355.6472385,0,-2,-143
1767172355.6572382,0,-4,-135
1767172355.6672382,3,-3,-130
1767172355.6772382,4,-5,-130
1767172355.6872382,5,-6,-130
1767172355.6972382,5,-9,-137
1767172355.7072382,-3,-4,-140
1767172355.7172382,0,-5,-146
1767172355.7272382,0,-6,-145
1767172355.7372382,-2,-9,-145
1767172355.7472382,-3,-8,-143
1767172355.757238,-1,-3,-139
1767172355.767238,0,0,-146
1767172355.778238,-1,2,-144
1767172355.787238,-4,0,-143
1767172355.798238,-2,1,-139
1767172355.8082385,0,0,-139
1767172355.8182385,4,0,-142
1767172355.8282382,6,4,-149
1767172355.8382382,7,1,-148
1767172355.8482382,7,2,-142
1767172355.8582382,6,0,-137
1767172355.8682382,9,0,-137
1767172355.8782382,7,0,-136
1767172355.8882382,7,1,-137
1767172355.8982382,7,5,-135
1767172355.9082382,8,0,-137
1767172355.9182382,6,-4,-139
1767172355.9282382,6,-7,-129
1767172355.938238,3,-8,-131
1767172355.948238,6,-11,-127
1767172355.958238,4,-12,-128
1767172355.968238,0,-11,-143
1767172355.978238,0,-7,-144
1767172355.988238,1,-5,-145
1767172355.998238,3,-5,-144
1767172356.008238,6,-8,-143
1767172356.018238,5,-7,-141
1767172356.028238,4,-5,-146
1767172356.038238,4,-4,-147
1767172356.048238,0,2,-148
1767172356.0582385,1,2,-150
1767172356.0682385,-4,2,-151
1767172356.0782382,-6,0,-152
1767172356.0882382,-8,-2,-150
1767172356.0982382,-2,-1,-143
1767172356.1082382,-1,-4,-145
1767172356.1182382,-1,-6,-149
1767172356.1282382,2,-3,-150
1767172356.1382382,0,-4,-146
1767172356.1482382,2,-2,-149
1767172356.1582382,0,-5,-148
1767172356.1682382,0,-2,-150
1767172356.1782382,0,-1,-151
1767172356.188238,1,0,-144
1767172356.198238,-2,0,-142
1767172356.208238,-1,2,-150
1767172356.218238,0,5,-150
1767172356.228238,-1,7,-147
1767172356.238238,-2,6,-149
1767172356.248238,-3,3,-147
1767172356.258238,-4,1,-145
1767172356.268238,-5,1,-142
1767172356.278238,-2,-1,-143
1767172356.288238,-8,1,-138
1767172356.298238,-6,-1,-144
1767172356.3082385,-5,0,-144
1767172356.3182385,-2,0,-143
1767172356.3282382,-4,0,-140
1767172356.3382382,-8,-1,-142
1767172356.3482382,-9,-1,-143
1767172356.3582382,-9,0,-140
1767172356.3682382,-9,0,-145
1767172356.3782382,-4,0,-138
1767172356.3882382,1,0,-132
1767172356.3982382,3,-1,-128
1767172356.4082382,4,0,-132
1767172356.4182382,1,-1,-133
1767172356.4282382,3,-2,-135
1767172356.438238,5,-5,-139
1767172356.448238,4,-4,-141
1767172356.458238,-1,-4,-138
1767172356.468238,1,-9,-132
1767172356.478238,2,-7,-133
1767172356.488238,-2,-7,-132
1767172356.498238,0,-4,-132
1767172356.508238,1,-2,-124
1767172356.518238,0,-4,-125
1767172356.528238,-4,-4,-129
1767172356.538238,-2,-5,-129
1767172356.548238,-1,-3,-131
1767172356.5582385,3,-3,-135
1767172356.5682385,3,-4,-137
1767172356.5782382,5,-3,-131
1767172356.5882382,4,-2,-136
1767172356.5982382,-2,-9,-137
1767172356.6082382,-5,-8,-136
1767172356.6182382,-1,-5,-130
1767172356.6282382,0,-3,-132
1767172356.6382382,-1,-2,-141
1767172356.6482382,0,-3,-140
1767172356.6582382,5,-3,-141
1767172356.6682382,3,-2,-139
1767172356.6782382,5,-4,-140
1767172356.688238,0,-6,-142
1767172356.698238,4,-4,-137
1767172356.708238,1,-5,-140
1767172356.718238,-1,-6,-138
1767172356.728238,-2,-6,-135
1767172356.738238,-1,-5,-137
1767172356.748238,-1,-7,-140
1767172356.758238,2,-5,-139
1767172356.768238,3,-2,-140
1767172356.778238,2,-2,-140
1767172356.788238,0,-3,-139
1767172356.798238,-3,0,-141
1767172356.8082385,-8,-1,-144
1767172356.8182385,-10,-2,-145
1767172356.8282382,-10,3,-150
1767172356.8382382,-10,4,-143
1767172356.8482382,-6,6,-143
1767172356.8582382,-8,4,-145
1767172356.8682382,-5,3,-137
1767172356.8782382,-3,0,-133
1767172356.8882382,-6,0,-133
1767172356.8982382,-7,3,-129
1767172356.9082382,-5,2,-130
1767172356.9182382,-10,-1,-144
1767172356.9282382,-10,-3,-156
1767172356.938238,-11,-3,-146
1767172356.948238,-11,-3,-139
1767172356.958238,-6,-4,-131
1767172356.968238,-8,-5,-135
1767172356.978238,-8,-6,-135
1767172356.988238,-9,-5,-143
1767172356.998238,-6,-6,-148
1767172357.008238,-3,-9,-144
1767172357.018238,-3,-7,-138
1767172357.028238,1,-2,-128
1767172357.038238,-3,-1,-128
1767172357.048238,0,-1,-132
1767172357.0582385,-5,-6,-140
1767172357.0682385,-3,-4,-141
1767172357.0782382,-2,-6,-138
1767172357.0882382,1,-5,-138
1767172357.0982382,-1,-2,-134
1767172357.1082382,0,-3,-135
1767172357.1182382,1,-1,-141
1767172357.1282382,2,-3,-140
1767172357.1382382,2,-3,-136
1767172357.1482382,2,-2,-135
1767172357.1582382,2,-5,-137
1767172357.1682382,1,-4,-134
1767172357.179238,1,-2,-137
1767172357.188238,0,-4,-141
1767172357.198238,-4,-2,-145
1767172357.208238,-3,-4,-147
1767172357.218238,-4,-5,-155
1767172357.228238,-6,-1,-151
1767172357.238238,-2,-3,-148
1767172357.248238,1,-1,-148
1767172357.258238,2,-1,-139
1767172357.268238,2,-1,-142
1767172357.278238,0,0,-145
1767172357.288238,-2,-2,-147
1767172357.298238,-2,0,-141
1767172357.3082385,-3,-2,-132
1767172357.3182385,-5,-3,-133
1767172357.3282382,-7,0,-132
1767172357.3382382,-8,0,-139
1767172357.3482382,-11,0,-138
1767172357.3582382,-10,-3,-141
1767172357.3682382,-9,1,-145
1767172357.3782382,-9,-1,-143
1767172357.3882382,-6,-3,-149
1767172357.3982382,0,-2,-150
1767172357.4082382,4,-1,-151
1767172357.4182382,2,-1,-144
1767172357.4282382,0,-3,-143
1767172357.438238,3,0,-146
1767172357.448238,-1,-2,-155
1767172357.458238,0,-1,-157
1767172357.468238,5,0,-144
1767172357.478238,5,0,-144
1767172357.488238,2,-1,-139
1767172357.498238,-1,-4,-137
1767172357.508238,-4,-2,-142
1767172357.518238,-3,-3,-141
1767172357.528238,-2,0,-141
1767172357.538238,-6,-2,-140
1767172357.548238,-5,0,-141
1767172357.5582385,2,2,-140
1767172357.5682385,0,-1,-136
1767172357.5782382,-1,-6,-136
1767172357.5882382,0,-6,-136
1767172357.5982382,-1,-8,-137
1767172357.6082382,-1,-6,-146
1767172357.6182382,1,-4,-149
1767172357.6282382,3,-3,-152
1767172357.6382382,1,0,-150
1767172357.6482382,1,-3,-150
1767172357.6582382,-1,-6,-149
1767172357.6682382,-4,0,-149
1767172357.6782382,0,3,-147
1767172357.688238,7,1,-145
1767172357.698238,11,0,-143
1767172357.708238,6,0,-140
1767172357.718238,5,0,-142
1767172357.728238,3,2,-142
1767172357.738238,4,2,-140
1767172357.748238,6,-2,-149
1767172357.758238,7,-4,-146
1767172357.768238,5,-1,-143
1767172357.778238,4,-5,-144
1767172357.788238,-2,-2,-147
1767172357.798238,-6,-2,-147
1767172357.8082385,-2,0,-144
1767172357.8182385,-1,0,-144
1767172357.8282382,2,-3,-148
1767172357.8382382,0,-3,-142
1767172357.8482382,-1,-2,-143
1767172357.8582382,0,-5,-140
1767172357.8682382,1,-4,-145
1767172357.8782382,0,-5,-146
1767172357.8882382,-1,-5,-150
1767172357.8982382,2,-4,-149
1767172357.9082382,0,0,-147
1767172357.9182382,-4,-1,-144
1767172357.9282382,-6,-4,-145
1767172357.938238,-8,-5,-147
1767172357.948238,-9,-2,-148
1767172357.958238,-7,-6,-150
1767172357.968238,-6,-5,-153
1767172357.978238,-2,-4,-150
1767172357.988238,-4,-4,-141
1767172357.998238,-11,-7,-137
1767172358.008238,-10,-5,-133
1767172358.018238,-5,-2,-135
1767172358.028238,-4,-2,-134
1767172358.038238,-7,-3,-126
1767172358.048238,-12,-6,-130
1767172358.0582385,-10,-5,-129
1767172358.0682385,-7,-6,-126
1767172358.0782382,-3,-7,-128
1767172358.0882382,-5,-5,-135
1767172358.0982382,-6,1,-136
1767172358.1082382,-6,3,-131
1767172358.1182382,-8,2,-138
1767172358.1282382,-8,1,-138
1767172358.1382382,-4,2,-136
1767172358.1482382,-2,6,-135
1767172358.1582382,0,4,-136
1767172358.1682382,0,1,-134
1767172358.1782382,-4,-1,-137
1767172358.188238,-6,-3,-132
1767172358.198238,-2,-5,-135
1767172358.208238,1,-9,-139
1767172358.218238,3,-6,-135
1767172358.2402382,-1,-4,-140
1767172358.248238,0,0,-137
1767172358.258238,0,1,-141
1767172358.268238,-6,0,-146
1767172358.278238,-3,-1,-156
1767172358.288238,0,0,-152
1767172358.298238,6,2,-145
1767172358.3092382,8,2,-147
1767172358.3182385,3,4,-152
1767172358.3282382,2,5,-153
1767172358.3382382,0,0,-155
1767172358.3482382,0,0,-153
1767172358.3582382,-2,-2,-154
1767172358.369238,-1,-2,-152
1767172358.379238,1,-4,-147
1767172358.389238,1,-5,-146
1767172358.399238,-2,-7,-149
1767172358.409238,0,-6,-153
1767172358.419238,-2,-5,-156
1767172358.429238,-2,-1,-157
1767172358.439238,0,0,-156
1767172358.449238,0,-1,-158
1767172358.459238,0,-3,-153
1767172358.469238,0,-2,-147
1767172358.4792385,-6,-2,-142
1767172358.4892385,-5,0,-145
1767172358.4992385,-4,1,-146
1767172358.5092382,-3,-4,-142
1767172358.5192382,-2,-5,-141
1767172358.5292382,1,-6,-136
1767172358.5392382,-1,-9,-139
1767172358.5492382,-5,-9,-136
1767172358.5592382,-2,-5,-136
1767172358.5692382,-1,-8,-141
1767172358.5792382,0,-7,-145
1767172358.5892382,4,-3,-141
1767172358.5992382,3,-4,-139
1767172358.609238,5,-5,-135
1767172358.619238,4,-5,-133
1767172358.629238,2,-6,-124
1767172358.639238,2,-7,-121
1767172358.649238,3,-6,-127
1767172358.659238,3,-8,-130
1767172358.669238,7,-10,-131
1767172358.679238,2,-6,-131
1767172358.689238,0,-2,-131
1767172358.699238,2,-2,-137
1767172358.709238,0,0,-140
1767172358.719238,-1,0,-139
1767172358.7292385,1,2,-138
1767172358.7392385,4,0,-139
1767172358.7492385,-2,0,-138
1767172358.7592382,-2,3,-145
1767172358.7692382,0,1,-152
1767172358.7792382,0,1,-146
1767172358.7892382,-1,0,-143
1767172358.7992382,-3,3,-140
1767172358.8092382,3,5,-140
1767172358.8192382,-1,7,-147
1767172358.8292382,0,8,-148
1767172358.8392382,-1,9,-137
1767172358.8492382,3,12,-141
1767172358.859238,2,10,-142
1767172358.869238,1,3,-138
1767172358.879238,1,3,-133
1767172358.889238,2,1,-129
1767172358.899238,2,2,-138
1767172358.909238,4,0,-145
1767172358.9202385,3,-2,-149
1767172358.929238,0,-1,-148
1767172358.939238,0,0,-141
1767172358.949238,-4,1,-135
1767172358.959238,2,1,-133
1767172358.969238,5,-2,-132
1767172358.9792385,7,-1,-134
1767172358.9892385,5,4,-140
1767172358.9992385,3,5,-137
1767172359.0092382,0,1,-138
1767172359.0192382,-3,0,-136
1767172359.0292382,1,-5,-136
1767172359.0392382,3,-5,-133
1767172359.0492382,4,-3,-130
1767172359.0592382,7,-4,-135
1767172359.0692382,6,-3,-133
1767172359.0792382,2,1,-131
1767172359.0892382,1,3,-136
1767172359.0992382,0,5,-134
1767172359.109238,-2,5,-129
1767172359.119238,-3,5,-136
1767172359.129238,-2,3,-137
1767172359.139238,-3,-2,-132
1767172359.149238,-4,0,-131
1767172359.159238,-2,2,-130
1767172359.169238,-1,0,-132
1767172359.179238,2,2,-128
1767172359.189238,4,0,-135
1767172359.199238,6,-1,-137
1767172359.209238,6,3,-139
1767172359.219238,7,0,-138
1767172359.2292385,11,2,-133
1767172359.2392385,8,3,-137
1767172359.2492385,4,3,-140
1767172359.2592382,1,3,-134
1767172359.2692382,0,-2,-138
1767172359.2792382,0,-1,-142
1767172359.2892382,0,-6,-141
1767172359.2992382,1,-3,-138
1767172359.3092382,0,-3,-141
1767172359.3192382,4,-1,-137
1767172359.3292382,4,0,-137
1767172359.3392382,0,1,-134
1767172359.3492382,-2,5,-137
1767172359.359238,-3,0,-143
1767172359.369238,-3,3,-147
1767172359.379238,-3,4,-146
1767172359.389238,-4,1,-145
1767172359.399238,-5,0,-131
1767172359.409238,-4,1,-133
1767172359.419238,-3,1,-142
1767172359.429238,-1,0,-147
1767172359.439238,-4,-4,-143
1767172359.449238,-6,-4,-141
1767172359.459238,-5,-2,-142
1767172359.469238,-7,-5,-141
1767172359.4792385,-4,-8,-133
1767172359.4892385,-1,-6,-138
1767172359.4992385,-2,-5,-140
1767172359.5092382,1,-3,-140
1767172359.5192382,1,0,-137
1767172359.5292382,4,-1,-141
1767172359.5392382,4,-4,-138
1767172359.5492382,2,-2,-143
1767172359.5592382,5,-4,-139
1767172359.5692382,4,0,-134
1767172359.5792382,1,3,-136
1767172359.5892382,0,2,-133
1767172359.5992382,1,0,-136
1767172359.609238,-1,1,-136
1767172359.619238,-4,9,-142
1767172359.629238,-6,6,-148
1767172359.639238,-5,6,-147
1767172359.649238,-7,2,-147
1767172359.659238,-6,1,-144
1767172359.669238,-4,3,-143
1767172359.679238,-5,0,-143
1767172359.689238,-3,-3,-142
1767172359.699238,1,-7,-140
1767172359.709238,2,-7,-135
1767172359.719238,1,-4,-131
1767172359.7292385,5,-3,-135
1767172359.7392385,5,-5,-130
1767172359.7492385,-1,-6,-137
1767172359.7592382,2,-1,-139
1767172359.7692382,1,3,-141
1767172359.7792382,0,6,-142
1767172359.7892382,0,8,-145
1767172359.7992382,-2,5,-147
1767172359.8092382,-4,1,-152
1767172359.8192382,0,-3,-146
1767172359.8292382,4,-3,-143
1767172359.8392382,4,-3,-139
1767172359.8492382,0,-4,-135
1767172359.859238,-4,0,-134
1767172359.869238,-1,0,-137
1767172359.879238,3,0,-132
1767172359.889238,0,0,-131
1767172359.899238,-1,2,-130
1767172359.909238,-1,-1,-140
1767172359.919238,-4,0,-137
1767172359.929238,0,2,-136
1767172359.939238,-2,2,-138
1767172359.949238,-3,2,-134
1767172359.959238,-3,0,-142
1767172359.969238,-1,-1,-140
1767172359.9792385,0,4,-140
1767172359.9892385,-2,6,-140
1767172359.9992385,0,4,-139
1767172360.0092382,0,-1,-139
1767172360.0192382,1,-2,-137
1767172360.0292382,4,-4,-138
1767172360.0392382,-1,-1,-137
1767172360.0492382,0,1,-138
1767172360.0592382,0,-3,-145
1767172360.0692382,2,-6,-141
1767172360.0792382,3,-4,-136
1767172360.0892382,3,-5,-134
1767172360.0992382,1,-3,-135
1767172360.109238,0,-5,-135
1767172360.119238,-1,-5,-141
1767172360.129238,-4,-1,-136
1767172360.139238,-4,-1,-141
1767172360.149238,-3,4,-139
1767172360.159238,-2,3,-148
1767172360.169238,0,-1,-147
1767172360.179238,-1,-2,-149
1767172360.189238,-1,-4,-140
1767172360.199238,0,-5,-139
1767172360.209238,-3,1,-142
1767172360.219238,-4,-1,-145
1767172360.2292385,-6,-4,-142
1767172360.2392385,-9,-2,-146
1767172360.2492385,-7,-3,-143
1767172360.2592382,-3,-7,-145
1767172360.2692382,-4,-10,-145
1767172360.2792382,-7,-11,-146
1767172360.2892382,-5,-5,-151
1767172360.2992382,0,-2,-145
1767172360.3092382,2,-4,-144
1767172360.3192382,5,-1,-144
1767172360.3292382,5,1,-143
1767172360.3392382,4,0,-147
1767172360.3492382,3,0,-142
1767172360.359238,1,-1,-141
1767172360.369238,2,0,-146
1767172360.379238,6,0,-144
1767172360.389238,6,-2,-142
1767172360.399238,4,-1,-135
1767172360.409238,3,-3,-134
1767172360.419238,-2,-3,-143
1767172360.429238,-3,0,-144
1767172360.439238,-2,0,-145
1767172360.449238,0,0,-136
1767172360.459238,-4,0,-139
1767172360.469238,-8,0,-140
1767172360.4792385,-9,-3,-148
1767172360.4892385,-6,0,-145
1767172360.4992385,-7,1,-142
1767172360.5092382,-8,5,-133
1767172360.5192382,-11,4,-142
1767172360.5292382,-17,2,-136
1767172360.5392382,-13,2,-131
1767172360.5492382,-7,0,-131
1767172360.5592382,-6,1,-124
1767172360.5692382,-2,1,-123
1767172360.5792382,-3,4,-130
1767172360.5892382,-1,4,-126
1767172360.5992382,-3,5,-124
1767172360.609238,-5,2,-125
1767172360.619238,0,0,-127
1767172360.629238,-2,5,-128
1767172360.639238,-1,4,-134
1767172360.649238,-6,7,-139
1767172360.659238,-3,3,-143
1767172360.669238,0,0,-149
1767172360.679238,0,-3,-148
1767172360.689238,0,-1,-146
1767172360.699238,4,-2,-146
1767172360.709238,3,-6,-150
1767172360.719238,0,-2,-148
1767172360.7292385,-2,-2,-150
1767172360.7392385,-2,1,-147
1767172360.7492385,-5,-2,-148
1767172360.7592382,-4,-4,-148
1767172360.7692382,-2,0,-147
1767172360.7792382,-2,3,-145
1767172360.7892382,-2,4,-144
1767172360.7992382,0,8,-142
1767172360.8092382,0,7,-136
1767172360.8192382,-3,3,-133
1767172360.8292382,0,3,-137
1767172360.8392382,1,2,-139
1767172360.8492382,0,1,-142
1767172360.859238,-2,-3,-142
1767172360.869238,0,-3,-144
1767172360.880238,-4,-8,-140
1767172360.889238,-3,-5,-138
1767172360.899238,-3,-3,-140
1767172360.9102385,-3,-3,-143
1767172360.9202385,-10,-3,-139
1767172360.9302382,-12,1,-138
1767172360.939238,-8,4,-139
1767172360.949238,-6,2,-137
1767172360.9602382,-6,2,-133
1767172360.9702382,-9,2,-134
1767172360.9802382,-6,-1,-141
1767172360.9902382,-1,0,-139
1767172361.0002382,0,1,-143
1767172361.0102382,2,1,-146
1767172361.0202382,0,0,-145
1767172361.0302382,1,-4,-145
1767172361.040238,0,-4,-143
1767172361.050238,0,-3,-137
1767172361.060238,2,0,-136
1767172361.070238,2,1,-133
1767172361.080238,2,-3,-142
1767172361.090238,3,-4,-140
1767172361.100238,5,0,-143
1767172361.110238,3,0,-142
1767172361.120238,1,0,-142
1767172361.130238,1,-2,-149
1767172361.140238,0,-3,-146
1767172361.150238,-2,-6,-142
1767172361.1602385,-5,-7,-147
1767172361.1702385,-2,-7,-146
1767172361.1802382,-3,-1,-135
1767172361.1902382,0,-2,-125
1767172361.2002382,0,0,-129
1767172361.2102382,2,0,-133
1767172361.2202382,6,3,-134
1767172361.2302382,5,1,-135
1767172361.2402382,4,-3,-138
1767172361.2502382,-2,-3,-135
1767172361.2602382,-6,-3,-135
1767172361.2702382,-2,0,-136
1767172361.2802382,-1,0,-137
1767172361.290238,-3,-3,-134
1767172361.300238,-4,-3,-129
1767172361.310238,-1,-7,-127
1767172361.320238,0,-6,-131
1767172361.330238,4,0,-131
1767172361.340238,1,0,-133
1767172361.350238,0,3,-132
1767172361.360238,2,4,-132
1767172361.370238,0,1,-134
1767172361.380238,1,0,-141
1767172361.390238,-4,0,-140
1767172361.400238,-6,0,-144
1767172361.4102385,-10,-1,-144
1767172361.4202385,-10,0,-144
1767172361.4302382,-9,1,-151
1767172361.4402382,-6,4,-150
1767172361.4502382,-2,0,-145
1767172361.4602382,-4,-3,-147
1767172361.4702382,0,-3,-140
1767172361.4802382,-1,-4,-141
1767172361.4902382,-1,-4,-139
1767172361.5002382,-2,0,-143
1767172361.5102382,0,0,-144
1767172361.5202382,1,-2,-144
1767172361.5302382,0,-3,-137
1767172361.540238,0,0,-146
1767172361.550238,-2,0,-141
1767172361.560238,0,0,-138
1767172361.570238,0,0,-139
1767172361.580238,0,-1,-141
1767172361.590238,-7,-1,-142
1767172361.600238,-7,-3,-138
1767172361.610238,-10,-4,-144
1767172361.620238,-7,0,-139
1767172361.630238,-4,-1,-140
1767172361.640238,-2,1,-143
1767172361.650238,-1,0,-153
1767172361.6602385,-1,-1,-151
1767172361.6702385,0,-1,-146
1767172361.6802382,3,-1,-142
1767172361.6902382,2,-5,-145
1767172361.7002382,0,-4,-144
1767172361.7102382,-1,-4,-143
1767172361.7202382,-3,-6,-136
1767172361.7302382,-2,-6,-141
1767172361.7402382,-5,-8,-145
1767172361.7502382,-4,-8,-148
1767172361.7602382,-6,-7,-152
1767172361.7702382,-2,-5,-152
1767172361.7802382,-2,-3,-152
1767172361.790238,0,-4,-148
1767172361.800238,-3,-3,-151
1767172361.810238,-6,-3,-148
1767172361.820238,-8,-2,-145
1767172361.830238,-4,-1,-142
1767172361.840238,0,0,-142
1767172361.850238,-1,4,-145
1767172361.860238,3,4,-142
1767172361.870238,3,1,-140
1767172361.880238,3,-3,-136
1767172361.890238,-1,-5,-129
1767172361.900238,2,-5,-133
1767172361.9102385,0,-3,-140
1767172361.9202385,-1,-1,-137
1767172361.9302382,0,-1,-136
1767172361.9402382,0,-1,-150
1767172361.9502382,-2,0,-150
1767172361.9602382,0,-1,-147
1767172361.9702382,2,0,-140
1767172361.9802382,6,-5,-140
1767172361.9902382,5,-3,-141
1767172362.0002382,6,0,-146
1767172362.0102382,3,-5,-146
1767172362.0202382,2,-3,-144
1767172362.0302382,2,-5,-142
1767172362.040238,3,1,-137
1767172362.050238,4,0,-135
1767172362.060238,0,1,-134
1767172362.070238,-1,1,-139
1767172362.080238,0,0,-140
1767172362.090238,2,0,-139
1767172362.100238,2,0,-137
1767172362.110238,0,3,-139
1767172362.120238,-2,3,-139
1767172362.130238,-3,3,-141
1767172362.140238,0,-1,-138
1767172362.150238,0,-3,-139
1767172362.1602385,2,-3,-139
1767172362.1702385,2,0,-139
1767172362.1802382,0,0,-136
1767172362.1902382,-7,0,-137
1767172362.2002382,-7,0,-144
1767172362.2102382,-5,0,-144
1767172362.2202382,-4,-3,-143
1767172362.2302382,-4,-3,-140
1767172362.2402382,-5,-2,-139
1767172362.2502382,-4,0,-137
1767172362.2602382,-2,-3,-145
1767172362.2702382,-3,-6,-146
1767172362.2802382,0,-6,-145
1767172362.290238,0,-7,-150
1767172362.300238,-3,-2,-154
1767172362.310238,0,0,-160
1767172362.320238,0,-1,-152
1767172362.330238,0,0,-150
1767172362.340238,3,2,-147
1767172362.350238,2,1,-145
1767172362.360238,3,-3,-145
1767172362.370238,4,-3,-148
1767172362.380238,2,-4,-146
1767172362.390238,5,-3,-143
1767172362.400238,4,1,-145
1767172362.4102385,-2,1,-147
1767172362.4202385,3,3,-144
1767172362.4302382,3,1,-147
1767172362.4402382,1,0,-145
1767172362.4502382,-1,-2,-147
1767172362.4602382,0,1,-149
1767172362.4702382,2,2,-151
1767172362.4802382,1,1,-155
1767172362.4902382,0,3,-159
1767172362.5002382,-4,2,-160
1767172362.5102382,-2,2,-162
1767172362.5202382,-2,2,-156
1767172362.5302382,-6,-1,-153
1767172362.540238,-4,0,-150
1767172362.550238,0,0,-148
1767172362.560238,4,-2,-148
1767172362.570238,0,-2,-145
1767172362.580238,3,-2,-141
1767172362.590238,6,-3,-139
1767172362.600238,0,-2,-143
1767172362.610238,-3,-3,-141
1767172362.620238,0,-2,-137
1767172362.630238,1,-1,-140
1767172362.640238,0,-1,-141
1767172362.650238,-2,0,-136
1767172362.6602385,0,-3,-139
1767172362.6702385,0,-7,-147
1767172362.6802382,-5,-2,-146
1767172362.6902382,-9,-2,-140
1767172362.7002382,-3,-8,-137
1767172362.7102382,-5,-4,-137
1767172362.7202382,-8,-6,-133
1767172362.7302382,-7,-8,-134
1767172362.7402382,-6,-4,-131
1767172362.7502382,-5,0,-137
1767172362.7602382,-8,0,-137
1767172362.7702382,-5,3,-134
1767172362.7802382,-2,2,-139
1767172362.790238,-2,0,-139
1767172362.800238,-6,-5,-135
1767172362.810238,-7,-1,-141
1767172362.820238,-10,0,-144
1767172362.830238,-9,0,-151
1767172362.840238,-4,0,-152
1767172362.850238,-4,-1,-152
1767172362.860238,-1,0,-153
1767172362.870238,0,0,-151
1767172362.880238,0,-4,-143
1767172362.890238,0,-2,-145
1767172362.900238,-5,-4,-144
1767172362.9102385,-5,-1,-145
1767172362.9202385,-3,-3,-144
1767172362.9302382,-1,-5,-139
1767172362.9402382,-2,-4,-138
1767172362.9502382,0,-2,-138
1767172362.9602382,-4,-5,-136
1767172362.9702382,-1,-4,-139
1767172362.9802382,0,-3,-144
1767172362.9902382,-2,-3,-143
1767172363.0002382,-1,-2,-140
1767172363.0102382,-1,-6,-144
1767172363.0202382,-5,-1,-146
1767172363.0302382,-5,0,-146
1767172363.040238,-3,0,-151
1767172363.050238,-2,0,-148
1767172363.060238,0,1,-150
1767172363.070238,2,-3,-154
1767172363.080238,3,-3,-156
1767172363.090238,-3,-3,-155
1767172363.100238,-1,-6,-150
1767172363.110238,-1,-3,-146
1767172363.120238,-3,0,-146
1767172363.130238,-1,2,-142
1767172363.140238,0,-4,-141
1767172363.150238,-3,-2,-143
1767172363.1602385,-3,-1,-147
1767172363.1702385,-6,0,-145
1767172363.1802382,-7,2,-142
1767172363.1902382,-3,1,-143
1767172363.2002382,3,4,-142
1767172363.2102382,5,8,-143
1767172363.2202382,5,6,-138
1767172363.2302382,6,8,-148
1767172363.251238,-2,8,-160
1767172363.2602382,-6,4,-163
1767172363.2702382,-5,4,-158
1767172363.2802382,-4,5,-158
1767172363.290238,0,5,-151
1767172363.300238,0,4,-150
1767172363.310238,2,1,-157
1767172363.320238,0,0,-153
1767172363.330238,0,-2,-157
1767172363.340238,0,-2,-147
1767172363.350238,0,3,-144
1767172363.360238,0,4,-140
1767172363.370238,-1,1,-144
1767172363.380238,0,4,-138
1767172363.390238,0,5,-140
1767172363.400238,1,3,-149
1767172363.4102385,3,3,-142
1767172363.4202385,1,1,-150
1767172363.4302382,3,0,-145
1767172363.4412382,0,-1,-147
1767172363.4512382,0,1,-150
1767172363.461238,-2,2,-153
1767172363.471238,-5,3,-158
1767172363.481238,-5,2,-147
1767172363.491238,-2,1,-143
1767172363.501238,0,1,-135
1767172363.511238,0,2,-131
1767172363.521238,0,1,-131
1767172363.531238,-3,1,-125
1767172363.541238,-2,0,-133
1767172363.551238,-2,0,-139
1767172363.561238,0,1,-141
1767172363.571238,0,3,-145
1767172363.5812385,-1,2,-143
1767172363.5912385,-2,1,-138
1767172363.6012385,-2,0,-141
1767172363.6112382,-2,0,-139
1767172363.6212382,-2,0,-139
1767172363.6312382,-6,0,-139
1767172363.6412382,-7,1,-135
1767172363.6512382,-8,0,-134
1767172363.6612382,-6,-1,-139
1767172363.6712382,-2,0,-138
1767172363.6812382,-4,0,-136
1767172363.6912382,-1,0,-141
1767172363.7012382,0,0,-138
1767172363.711238,0,0,-138
1767172363.721238,0,-1,-136
1767172363.731238,-2,0,-147
1767172363.741238,-4,0,-148
1767172363.751238,-4,1,-148
1767172363.761238,-6,2,-147
1767172363.771238,-2,4,-153
1767172363.781238,-1,7,-153
1767172363.791238,2,5,-150
1767172363.801238,1,4,-146
1767172363.811238,0,1,-141
1767172363.821238,-1,2,-135
1767172363.8312385,0,2,-135
1767172363.8412385,0,-4,-131
1767172363.8512385,-1,-5,-133
1767172363.8612382,-4,-6,-135
1767172363.8712382,-3,-4,-137
1767172363.8812382,0,-7,-143
1767172363.8912382,1,-6,-146
1767172363.9012382,2,-6,-142
1767172363.9112382,-2,-5,-140
1767172363.9212382,-4,-7,-142
1767172363.9312382,-3,-6,-146
1767172363.9412382,-5,-3,-145
1767172363.9512382,-4,-6,-148
1767172363.961238,-8,-2,-148
1767172363.971238,-7,-3,-149
1767172363.981238,-5,-4,-147
1767172363.991238,-4,-3,-145
1767172364.001238,-3,-5,-141
1767172364.011238,-1,-8,-146
1767172364.021238,-5,-5,-154
1767172364.031238,-3,-4,-150
1767172364.041238,-2,-5,-151
1767172364.051238,0,-4,-147
1767172364.061238,0,-3,-142
1767172364.071238,0,-5,-142
1767172364.0812385,1,-6,-139
1767172364.0912385,0,-4,-141
1767172364.1012385,-2,-7,-139
1767172364.1112382,0,-6,-137
1767172364.1212382,-2,-6,-141
1767172364.1312382,0,-9,-141
1767172364.1412382,1,-4,-148
1767172364.1512382,0,-4,-148
1767172364.1612382,0,-6,-136
1767172364.1712382,-1,-5,-133
1767172364.1812382,0,-4,-138
1767172364.1912382,-3,-2,-141
1767172364.2012382,-3,-1,-144
1767172364.211238,-4,-1,-146
1767172364.221238,-3,-1,-145
1767172364.231238,-2,3,-144
1767172364.241238,-4,0,-142
1767172364.251238,-9,0,-139
1767172364.261238,-8,1,-139
1767172364.271238,0,2,-144
1767172364.281238,0,1,-150
1767172364.291238,0,-1,-154
1767172364.301238,1,0,-151
1767172364.311238,7,2,-146
1767172364.321238,5,2,-150
1767172364.3312385,6,0,-145
1767172364.3412385,5,-3,-142
1767172364.3512385,0,-5,-140
1767172364.3612382,0,-8,-141
1767172364.3712382,-2,-4,-141
1767172364.3812382,-3,-2,-142
1767172364.3912382,-1,-1,-140
1767172364.4012382,-1,0,-133
1767172364.4112382,0,-3,-136
1767172364.4212382,0,-3,-133
1767172364.4312382,2,-3,-136
1767172364.4412382,2,-4,-135
1767172364.4512382,3,-4,-143
1767172364.461238,5,-3,-142
1767172364.471238,4,0,-151
1767172364.481238,5,-1,-156
1767172364.491238,5,2,-151
1767172364.501238,1,2,-154
1767172364.511238,-2,1,-152
1767172364.521238,0,-3,-154
1767172364.531238,0,-1,-154
1767172364.541238,-2,0,-148
1767172364.551238,0,3,-144
1767172364.561238,1,4,-150
1767172364.571238,3,3,-145
1767172364.5812385,2,0,-150
1767172364.5912385,0,-4,-148
1767172364.6012385,-2,-1,-151
1767172364.6112382,-5,-4,-143
1767172364.6212382,-1,-1,-139
1767172364.6312382,-6,-3,-148
1767172364.6412382,-5,-6,-150
1767172364.6512382,-4,-11,-142
1767172364.6612382,-3,-8,-144
1767172364.6712382,-1,-8,-143
1767172364.6812382,0,-7,-139
1767172364.6912382,0,-5,-138
1767172364.7012382,-1,-3,-140
1767172364.711238,-1,-5,-145
1767172364.721238,-4,-2,-138
1767172364.731238,0,-3,-133
1767172364.741238,7,-3,-136
1767172364.751238,9,-1,-130
1767172364.761238,2,0,-130
1767172364.771238,2,0,-136
1767172364.781238,5,0,-136
1767172364.791238,6,-1,-139
1767172364.801238,6,0,-141
1767172364.811238,8,0,-141
1767172364.821238,6,-2,-140
1767172364.8312385,2,-2,-139
1767172364.8412385,-1,-1,-136
1767172364.8512385,0,0,-140
1767172364.8612382,0,-3,-130
1767172364.8712382,-2,-1,-126
1767172364.8812382,-3,-3,-127
1767172364.8912382,-3,0,-126
1767172364.9012382,-4,1,-129
1767172364.9112382,-5,2,-132
1767172364.9212382,-6,3,-134
1767172364.9312382,-4,2,-140
1767172364.9412382,-4,4,-136
1767172364.9512382,-6,8,-138
1767172364.961238,-7,3,-140
1767172364.971238,-4,-1,-141
1767172364.981238,-3,0,-143
1767172364.991238,0,0,-154
1767172365.001238,0,0,-150
1767172365.011238,-5,-1,-147
1767172365.021238,-4,-5,-144
1767172365.031238,-7,-8,-145
1767172365.041238,-5,-6,-140
1767172365.051238,-2,-4,-131
1767172365.061238,1,-2,-140
1767172365.071238,3,-2,-143
1767172365.0812385,3,0,-145
1767172365.0912385,0,-2,-140
1767172365.1012385,-1,-1,-140
1767172365.1112382,-3,-2,-136
1767172365.1212382,-2,0,-132
1767172365.1312382,-1,1,-127
1767172365.1412382,-4,4,-132
1767172365.1512382,-4,2,-135
1767172365.1612382,-7,2,-139
1767172365.1712382,-11,1,-146
1767172365.1812382,-9,1,-140
1767172365.1912382,-7,3,-140
1767172365.2012382,-11,3,-139
1767172365.211238,-7,2,-132
1767172365.221238,-3,0,-132
1767172365.231238,-1,0,-133
1767172365.241238,-5,1,-137
1767172365.251238,-3,-2,-139
1767172365.261238,-1,0,-141
1767172365.271238,-4,2,-137
1767172365.281238,0,5,-145
1767172365.291238,0,0,-143
1767172365.301238,0,2,-140
1767172365.311238,0,6,-140
1767172365.321238,0,3,-150
1767172365.3312385,0,2,-159
1767172365.3412385,-4,3,-152
1767172365.3512385,-3,2,-146
1767172365.3612382,-5,2,-144
1767172365.3712382,-6,2,-142
1767172365.3812382,-4,2,-143
1767172365.3912382,-2,2,-144
1767172365.4012382,-2,0,-147
1767172365.4112382,-3,4,-142
1767172365.4212382,0,1,-136
1767172365.4312382,-2,2,-140
1767172365.4412382,-4,0,-138
1767172365.4512382,-6,1,-136
1767172365.461238,-1,-1,-132
1767172365.471238,-1,-1,-138
1767172365.481238,0,-1,-139
1767172365.491238,3,-4,-140
1767172365.501238,3,-3,-136
1767172365.511238,2,-6,-136
1767172365.521238,2,0,-140
1767172365.531238,0,-3,-142
1767172365.541238,1,-10,-142
1767172365.551238,4,-10,-148
1767172365.561238,6,-7,-140
1767172365.571238,3,-6,-141
1767172365.5812385,1,-11,-138
1767172365.5912385,0,-10,-144
1767172365.6012385,0,-8,-140
1767172365.6112382,-4,-2,-142
1767172365.6212382,-5,-4,-141
1767172365.6312382,-5,-3,-140
1767172365.6412382,-2,-3,-139
1767172365.6512382,-6,-1,-145
1767172365.6612382,-2,1,-146
1767172365.6712382,-1,-3,-145
1767172365.6812382,-2,-1,-137
1767172365.6912382,-3,-4,-141
1767172365.7012382,-4,-3,-131
1767172365.711238,-1,-2,-127
1767172365.721238,-1,-7,-131
1767172365.731238,-4,-6,-140
1767172365.741238,-6,-3,-139
1767172365.751238,-2,-1,-137
1767172365.761238,0,-3,-138
1767172365.771238,5,-1,-146
1767172365.781238,3,1,-147
1767172365.791238,2,0,-140
1767172365.801238,3,2,-142
1767172365.811238,3,2,-144
1767172365.821238,2,0,-141
1767172365.8312385,4,0,-142
1767172365.8412385,1,1,-144
1767172365.8512385,4,2,-146
1767172365.8612382,0,0,-146
1767172365.8712382,1,0,-143
1767172365.8812382,0,0,-139
1767172365.8912382,0,2,-138
1767172365.9012382,0,4,-142
1767172365.9112382,0,6,-144
1767172365.9212382,3,10,-143
1767172365.9312382,4,5,-147
1767172365.9412382,3,-3,-149
1767172365.9512382,2,-7,-146
1767172365.961238,1,-5,-145
1767172365.971238,2,-3,-138
1767172365.981238,1,0,-135
1767172365.991238,-1,0,-136
1767172366.002238,-2,4,-133
1767172366.0122385,-2,5,-131
1767172366.021238,0,6,-132
1767172366.0322382,2,8,-133
1767172366.0422382,4,5,-142
1767172366.0522382,2,1,-143
1767172366.0622382,-1,-1,-147
1767172366.071238,0,1,-150
1767172366.0822382,3,-1,-146
1767172366.0922382,4,0,-155
1767172366.1022382,7,0,-157
1767172366.1122382,5,-3,-154
1767172366.1222382,2,-3,-152
1767172366.132238,5,-6,-146
1767172366.142238,7,-9,-147
1767172366.152238,2,-10,-149
1767172366.162238,0,-9,-148
1767172366.172238,-3,-6,-149
1767172366.182238,-4,-1,-143
1767172366.192238,-3,3,-144
1767172366.202238,-2,2,-139
1767172366.212238,0,1,-142
1767172366.222238,-1,-1,-142
1767172366.232238,-3,-1,-144
1767172366.242238,-3,0,-149
1767172366.252238,-3,1,-152
1767172366.2622385,-3,1,-149
1767172366.2722385,-8,0,-142
1767172366.2822382,-7,-1,-142
1767172366.2932382,-4,-4,-142
1767172366.3022382,-6,-8,-138
1767172366.3122382,-4,-2,-133
1767172366.3222382,-4,3,-146
1767172366.3322382,-7,0,-152
1767172366.3422382,-6,4,-148
1767172366.3522382,-2,6,-144
1767172366.3622382,-1,2,-140
1767172366.3722382,-2,0,-139
1767172366.382238,0,-2,-134
1767172366.392238,1,0,-136
1767172366.402238,0,-3,-137
1767172366.412238,1,-4,-139
1767172366.422238,0,-1,-129
1767172366.432238,2,1,-125
1767172366.442238,0,1,-124
1767172366.452238,-5,0,-124
1767172366.462238,-7,-2,-136
1767172366.472238,-8,0,-140
1767172366.482238,-8,1,-136
1767172366.492238,-5,-1,-136
1767172366.502238,-7,-2,-138
1767172366.5122385,-3,-3,-140
1767172366.5222385,-6,1,-144
1767172366.5322382,-3,2,-150
1767172366.5422382,-5,3,-148
1767172366.5522382,-3,0,-143
1767172366.5622382,-3,1,-140
1767172366.5722382,0,5,-143
1767172366.5822382,0,3,-140
1767172366.5922382,-1,4,-136
1767172366.6022382,-1,7,-141
1767172366.6122382,0,4,-148
1767172366.6222382,0,3,-153
1767172366.632238,0,1,-147
1767172366.642238,-6,0,-152
1767172366.652238,-6,2,-149
1767172366.662238,-5,4,-140
1767172366.672238,-6,7,-140
1767172366.682238,-5,4,-136
1767172366.692238,-1,3,-135
1767172366.702238,-5,8,-140
1767172366.712238,-7,1,-142
1767172366.722238,-6,1,-145
1767172366.732238,-6,0,-145
1767172366.742238,-6,-6,-140
1767172366.752238,-6,-4,-139
1767172366.7622385,-6,-1,-140
1767172366.7722385,-6,1,-148
1767172366.7822382,-7,2,-140
1767172366.7922382,-8,4,-141
1767172366.8022382,-4,8,-140
1767172366.8122382,-2,6,-135
1767172366.8222382,0,8,-132
1767172366.8322382,-4,1,-135
1767172366.8422382,-3,0,-134
1767172366.8522382,0,-1,-137
1767172366.8622382,-2,-2,-142
1767172366.8722382,-8,-4,-143
1767172366.882238,-9,-4,-132
1767172366.892238,-9,-2,-132
1767172366.902238,-9,2,-137
1767172366.912238,-5,0,-129
1767172366.922238,-6,-2,-125
1767172366.932238,-9,-7,-127
1767172366.942238,-6,-1,-129
1767172366.952238,-7,3,-132
1767172366.962238,-7,4,-136
1767172366.972238,-5,0,-137
1767172366.982238,-5,-4,-139
1767172366.992238,-10,-8,-136
1767172367.002238,-11,-8,-135
1767172367.0122385,-11,-8,-133
1767172367.0222385,-6,-8,-140
1767172367.0322382,-7,-7,-134
1767172367.0422382,-3,-9,-136
1767172367.0522382,-2,-5,-141
1767172367.0622382,2,-2,-144
1767172367.0722382,-1,-2,-144
1767172367.0822382,1,0,-139
1767172367.0922382,-1,0,-140
1767172367.1022382,-3,0,-138
1767172367.1122382,-2,0,-138
1767172367.1222382,0,-3,-133
1767172367.132238,3,0,-140
1767172367.142238,3,2,-141
1767172367.152238,-3,1,-140
1767172367.162238,4,2,-149
1767172367.172238,8,2,-146
1767172367.182238,10,4,-137
1767172367.192238,4,4,-135
1767172367.202238,-3,0,-138
1767172367.212238,-5,0,-131
1767172367.222238,-3,2,-136
1767172367.232238,-2,0,-132
1767172367.242238,-1,2,-129
1767172367.252238,0,7,-128
1767172367.2622385,-1,3,-132
1767172367.2722385,0,0,-137
1767172367.2822382,-3,2,-135
1767172367.2922382,-1,2,-136
1767172367.3022382,4,0,-136
1767172367.3122382,5,0,-147
1767172367.3222382,3,-2,-147
1767172367.3322382,1,-5,-142
1767172367.3422382,1,-1,-142
1767172367.3522382,5,0,-147
1767172367.3622382,4,-1,-147
1767172367.3722382,1,0,-143
1767172367.382238,2,-2,-144
1767172367.392238,0,0,-136
1767172367.402238,1,-3,-138
1767172367.412238,0,0,-137
1767172367.422238,-3,2,-138
1767172367.432238,-2,0,-135
1767172367.442238,-5,-2,-134
1767172367.452238,-3,-3,-136
1767172367.462238,-1,-3,-134
1767172367.472238,-3,-2,-129
1767172367.482238,-1,-5,-126
1767172367.492238,-4,-7,-131
1767172367.502238,-3,-9,-140
1767172367.5122385,-2,-11,-138
1767172367.5222385,1,-8,-132
1767172367.5322382,2,-5,-136
1767172367.5422382,5,-3,-140
1767172367.5522382,4,-2,-136
1767172367.5622382,7,-4,-135
1767172367.5722382,7,-2,-139
1767172367.5822382,4,0,-138
1767172367.5922382,-1,1,-135
1767172367.6022382,2,5,-131
1767172367.6122382,-3,6,-134
1767172367.6222382,0,5,-132
1767172367.632238,0,3,-131
1767172367.642238,0,2,-135
1767172367.652238,0,-1,-148
1767172367.662238,0,-3,-158
1767172367.672238,-3,-3,-161
1767172367.682238,0,-8,-159
1767172367.692238,0,-6,-152
1767172367.702238,4,-7,-148
1767172367.712238,4,0,-148
1767172367.722238,0,0,-140
1767172367.732238,0,2,-143
1767172367.742238,3,6,-142
1767172367.752238,4,3,-142
1767172367.7622385,2,0,-147
1767172367.7722385,2,-1,-141
1767172367.7822382,6,0,-138
1767172367.7922382,6,1,-134
1767172367.8022382,5,3,-138
1767172367.8122382,4,4,-140
1767172367.8222382,5,0,-139
1767172367.8322382,5,0,-141
1767172367.8422382,4,0,-140
1767172367.8522382,5,-4,-141
1767172367.8622382,1,1,-141
1767172367.8722382,0,7,-146
1767172367.882238,0,6,-144
1767172367.892238,0,2,-147
1767172367.902238,-2,0,-154
1767172367.912238,0,-5,-154
1767172367.922238,0,-3,-153
1767172367.932238,-5,0,-146
1767172367.942238,0,0,-146
1767172367.952238,0,-3,-140
1767172367.962238,0,-3,-142
1767172367.972238,1,-5,-139
1767172367.982238,3,-5,-138
1767172367.992238,-1,-7,-140
1767172368.002238,-5,-9,-137
1767172368.0122385,-2,-9,-138
1767172368.0222385,-2,-7,-135
1767172368.0322382,-1,-3,-136
1767172368.0422382,0,-2,-132
1767172368.0522382,4,0,-139
1767172368.0622382,3,0,-140
1767172368.0722382,-1,-1,-139
1767172368.0822382,0,-3,-136
1767172368.0922382,0,-6,-138
1767172368.1022382,0,-5,-145
1767172368.1122382,3,-3,-142
1767172368.1222382,0,-4,-139
1767172368.132238,2,-5,-136
1767172368.142238,-1,-3,-138
1767172368.152238,-2,-3,-141
1767172368.162238,-2,-5,-138
1767172368.172238,-1,-5,-143
1767172368.182238,3,0,-145
1767172368.192238,7,0,-142
1767172368.202238,6,-2,-138
1767172368.212238,4,-5,-141
1767172368.222238,5,-2,-135
1767172368.232238,5,-6,-139
1767172368.242238,2,-11,-138
1767172368.2632382,-4,-7,-137
1767172368.2722385,-2,-6,-142
1767172368.2822382,-1,-6,-145
1767172368.2922382,2,-8,-138
1767172368.3022382,0,-7,-142
1767172368.3122382,0,-8,-139
1767172368.3222382,0,-5,-146
1767172368.3322382,0,-3,-147
1767172368.3422382,-3,2,-142
1767172368.3522382,-8,2,-134
1767172368.3622382,-8,0,-132
1767172368.3722382,-7,0,-128
1767172368.382238,-6,-1,-126
1767172368.392238,0,-2,-123
1767172368.402238,0,-2,-129
1767172368.412238,4,0,-136
1767172368.422238,4,2,-140
1767172368.432238,0,1,-142
1767172368.442238,1,0,-138
1767172368.452238,6,-2,-141
1767172368.462238,4,0,-134
1767172368.472238,5,4,-138
1767172368.4832382,2,4,-140
1767172368.492238,0,0,-133
1767172368.502238,-2,-1,-139
1767172368.5122385,1,-1,-143
1767172368.5222385,5,-1,-140
1767172368.5332382,3,-3,-143
1767172368.5432382,1,-7,-143
1767172368.5522382,2,-5,-145
1767172368.563238,3,0,-141
1767172368.573238,0,0,-144
1767172368.583238,2,-3,-137
1767172368.593238,0,-5,-138
1767172368.603238,1,-8,-144
1767172368.613238,1,-7,-146
1767172368.623238,4,-5,-141
1767172368.633238,3,-6,-140
1767172368.643238,2,-5,-137
1767172368.653238,4,0,-136
1767172368.663238,5,-2,-138
1767172368.673238,9,0,-140
1767172368.6832385,5,0,-141
1767172368.6932385,2,2,-138
1767172368.7032382,1,3,-138
1767172368.7132382,0,4,-139
1767172368.7232382,0,3,-141
1767172368.7332382,3,0,-137
1767172368.7432382,2,0,-140
1767172368.7532382,2,2,-140
1767172368.7632382,-1,2,-140
1767172368.7732382,0,5,-139
1767172368.7832382,1,10,-139
1767172368.7932382,4,11,-135
1767172368.8032382,8,6,-131
1767172368.813238,11,3,-138
1767172368.823238,9,-3,-137
1767172368.833238,3,-6,-139
1767172368.843238,7,-8,-143
1767172368.853238,8,-5,-140
1767172368.863238,6,-1,-137
1767172368.873238,6,1,-138
1767172368.883238,3,0,-145
1767172368.893238,2,-2,-147
1767172368.903238,0,-2,-147
1767172368.913238,2,1,-138
1767172368.923238,10,2,-144
1767172368.9332385,6,0,-150
1767172368.9432385,7,0,-150
1767172368.9532382,4,-5,-144
1767172368.9632382,3,-4,-140
1767172368.9732382,0,-4,-132
1767172368.9832382,1,-4,-137
1767172368.9932382,1,0,-136
1767172369.0032382,0,-2,-136
1767172369.0132382,-1,0,-139
1767172369.0232382,-3,-1,-143
1767172369.0332382,-8,-3,-141
1767172369.0432382,-7,-2,-134
1767172369.0532382,-6,-1,-135
1767172369.063238,-6,-3,-141
1767172369.073238,-2,-4,-146
1767172369.083238,1,-2,-147
1767172369.093238,1,-1,-144
1767172369.103238,0,0,-143
1767172369.113238,0,-3,-142
1767172369.123238,-1,-2,-144
1767172369.133238,4,-2,-135
1767172369.143238,4,-2,-138
1767172369.153238,3,-3,-142
1767172369.163238,2,1,-143
1767172369.173238,1,1,-146
1767172369.1832385,4,-3,-144
1767172369.1932385,4,-1,-146
1767172369.2032382,2,1,-139
1767172369.2132382,-2,1,-139
1767172369.2232382,-1,0,-137
1767172369.2332382,0,-4,-138
1767172369.2432382,-1,-5,-134
1767172369.2532382,0,-3,-135
1767172369.2632382,0,-7,-142
1767172369.2732382,-1,-1,-140
1767172369.2832382,-3,-2,-145
1767172369.2932382,-7,-1,-146
1767172369.3032382,-5,0,-142
1767172369.313238,-1,0,-139
1767172369.323238,-2,0,-143
1767172369.333238,-3,0,-144
1767172369.343238,-1,-1,-140
1767172369.353238,-1,-1,-140
1767172369.363238,-4,-6,-145
1767172369.373238,-4,-5,-141
1767172369.383238,-5,-8,-140
1767172369.393238,-3,-9,-141
1767172369.403238,-1,-9,-132
1767172369.413238,1,-6,-138
1767172369.423238,2,-4,-139
1767172369.4332385,5,-9,-138
1767172369.4432385,0,-5,-134
1767172369.4532382,1,-2,-143
1767172369.4632382,0,-5,-149
1767172369.4732382,3,-4,-152
1767172369.4832382,0,-6,-147
1767172369.4932382,1,0,-152
1767172369.5032382,0,-1,-151
1767172369.5132382,0,-2,-145
1767172369.5232382,-1,-2,-143
1767172369.5332382,-3,-2,-134
1767172369.5432382,-2,0,-139
1767172369.5532382,-2,0,-139
1767172369.563238,-2,1,-136
1767172369.573238,2,0,-135
1767172369.583238,1,0,-136
1767172369.593238,2,0,-130
1767172369.603238,6,-2,-128
1767172369.613238,6,-3,-131
1767172369.623238,12,0,-133
1767172369.633238,12,2,-139
1767172369.643238,15,2,-142
1767172369.653238,9,2,-143
1767172369.663238,1,4,-149
1767172369.673238,0,4,-150
1767172369.6832385,-1,3,-145
1767172369.6932385,-1,3,-141
1767172369.7032382,-3,2,-141
1767172369.7132382,-5,2,-143
1767172369.7232382,0,3,-133
1767172369.7332382,0,7,-138
1767172369.7432382,2,6,-141
1767172369.7532382,3,1,-143
1767172369.7632382,0,0,-146
1767172369.7732382,4,-4,-148
1767172369.7832382,2,-2,-148
1767172369.7932382,3,-1,-145
1767172369.8032382,11,0,-142
1767172369.813238,7,2,-145
1767172369.823238,8,0,-146
1767172369.833238,10,-3,-145
1767172369.843238,7,0,-141
1767172369.853238,7,4,-140
1767172369.863238,6,2,-142
1767172369.873238,9,2,-132
1767172369.883238,10,1,-133
1767172369.893238,7,2,-141
1767172369.903238,3,2,-141
1767172369.913238,2,1,-138
1767172369.923238,4,0,-141
1767172369.9332385,5,-3,-141
1767172369.9432385,5,-8,-144
1767172369.9532382,-2,-7,-144
1767172369.9632382,-3,-6,-146
1767172369.9732382,-1,-4,-139
1767172369.9832382,0,-4,-144
1767172369.9932382,5,-3,-142
1767172370.0032382,8,-5,-138
1767172370.0132382,4,2,-138
1767172370.0232382,4,0,-142
1767172370.0332382,5,-2,-144
1767172370.0432382,3,0,-141
1767172370.0532382,3,0,-145
1767172370.063238,2,0,-145
1767172370.073238,-1,0,-138
1767172370.083238,1,1,-141
1767172370.093238,4,2,-140
1767172370.103238,4,7,-142
1767172370.113238,3,6,-149
1767172370.123238,2,5,-151
1767172370.133238,0,4,-146
1767172370.143238,-1,1,-143
1767172370.153238,1,5,-146
1767172370.163238,4,3,-146
1767172370.173238,4,1,-153
1767172370.1832385,6,0,-148
1767172370.1932385,2,-6,-152
1767172370.2032382,3,-4,-154
1767172370.2132382,0,-4,-147
1767172370.2232382,-2,-2,-144
1767172370.2332382,4,-5,-150
1767172370.2432382,1,-5,-153
1767172370.2532382,4,-2,-151
1767172370.2632382,3,-2,-147
1767172370.2732382,-2,-4,-140
1767172370.2832382,1,-1,-142
1767172370.2932382,3,-3,-141
1767172370.3032382,3,-3,-139
1767172370.313238,4,-4,-138
1767172370.323238,-1,-6,-133
1767172370.333238,0,-6,-137
1767172370.343238,-1,-3,-133
1767172370.353238,-1,4,-136
1767172370.363238,2,6,-139
1767172370.373238,0,5,-141
1767172370.383238,0,2,-142
1767172370.393238,1,1,-136
1767172370.403238,0,-3,-137
1767172370.413238,-2,-1,-133
1767172370.423238,-3,-5,-137
1767172370.4332385,-3,-8,-139
1767172370.4432385,-1,-4,-140
1767172370.4532382,0,0,-140
1767172370.4632382,1,-2,-140
1767172370.4732382,4,-1,-145
1767172370.4832382,3,-5,-146
1767172370.4932382,0,-6,-143
1767172370.5032382,-1,-4,-137
1767172370.5132382,0,-2,-134
1767172370.5232382,-4,-1,-139
1767172370.5332382,-1,-1,-142
1767172370.5432382,1,-2,-142
1767172370.5532382,2,-3,-143
1767172370.563238,1,-4,-139
1767172370.573238,0,-3,-146
1767172370.583238,0,-2,-139
1767172370.594238,0,0,-140
1767172370.603238,0,0,-142
1767172370.613238,0,-1,-146
1767172370.623238,-2,-3,-145
1767172370.633238,-2,-4,-141
1767172370.643238,0,-8,-145
1767172370.653238,0,-5,-145
1767172370.663238,0,-7,-145
1767172370.673238,-1,-6,-146
1767172370.6832385,0,-5,-153
1767172370.6932385,-1,-7,-152
1767172370.7032382,-1,-8,-151
1767172370.7132382,-4,-6,-149
1767172370.7232382,-5,-5,-147
1767172370.7332382,-3,-5,-153
1767172370.7432382,-2,-5,-146
1767172370.7532382,-3,-2,-140
1767172370.7632382,-7,-1,-145
1767172370.7732382,-8,2,-145
1767172370.7832382,-8,1,-142
1767172370.7932382,-5,0,-138
1767172370.8032382,-6,-3,-134
1767172370.813238,-3,-7,-134
1767172370.823238,-1,-6,-133
1767172370.833238,1,-1,-133
1767172370.843238,-1,-3,-138
1767172370.853238,-3,1,-140
1767172370.863238,-1,-2,-141
1767172370.873238,-5,-2,-134
1767172370.883238,-7,-3,-137
1767172370.893238,-9,-1,-144
1767172370.903238,-2,-2,-143
1767172370.913238,3,-3,-142
1767172370.923238,2,-6,-139
1767172370.9332385,3,-5,-138
1767172370.9432385,4,-5,-139
1767172370.9532382,4,-4,-145
1767172370.9632382,0,-4,-146
1767172370.9732382,2,0,-145
1767172370.9832382,7,0,-144
1767172370.9932382,6,-3,-147
1767172371.0032382,2,-4,-143
1767172371.0132382,2,-3,-142
1767172371.0232382,7,-2,-146
1767172371.0332382,5,3,-136
1767172371.0432382,3,4,-142
1767172371.0532382,0,0,-139
1767172371.063238,3,4,-134
1767172371.073238,0,0,-131
1767172371.083238,0,-3,-134
1767172371.093238,3,-4,-137
1767172371.1042385,7,-7,-140
1767172371.113238,7,-7,-144
1767172371.1242385,0,-5,-149
1767172371.1342382,0,-6,-147
1767172371.1442382,2,-3,-144
1767172371.1542382,0,-4,-139
1767172371.1642382,0,-5,-135
1767172371.1742382,0,-1,-133
1767172371.1842382,1,0,-131
1767172371.1942382,1,-1,-132
1767172371.2042382,5,-2,-136
1767172371.2142382,6,0,-141
1767172371.2242382,2,-1,-142
1767172371.234238,9,-3,-151
1767172371.244238,6,-1,-147
1767172371.254238,6,-2,-142
1767172371.264238,5,-3,-143
1767172371.274238,2,-4,-139
1767172371.284238,0,-5,-136
1767172371.294238,6,-4,-136
1767172371.304238,3,-7,-138
1767172371.314238,2,-6,-140
1767172371.324238,1,-6,-137
1767172371.334238,-3,-4,-140
1767172371.344238,-2,-3,-137
1767172371.3542385,-1,-2,-137
1767172371.3642385,-3,-6,-138
1767172371.3742385,-2,-6,-136
1767172371.3842382,-1,-7,-140
1767172371.3942382,0,-9,-142
1767172371.4042382,2,-8,-134
1767172371.4142382,-4,-3,-133
1767172371.4242382,-7,-3,-133
1767172371.4342382,-9,0,-129
1767172371.4442382,-9,-2,-131
1767172371.4542382,-6,0,-134
1767172371.4642382,-8,3,-130
1767172371.4742382,-7,2,-140
1767172371.484238,-8,5,-137
1767172371.494238,-8,7,-139
1767172371.504238,-6,8,-140
1767172371.514238,-8,2,-135
1767172371.524238,-4,-1,-132
1767172371.534238,-6,1,-130
1767172371.544238,-5,1,-138
1767172371.554238,-5,2,-139
1767172371.564238,-3,4,-134
1767172371.574238,-9,1,-139
1767172371.584238,-8,0,-137
1767172371.594238,-7,0,-137
1767172371.6042385,-4,-1,-148
1767172371.6142385,-5,-1,-149
1767172371.6242385,-5,-2,-146
1767172371.6342382,-1,-3,-145
1767172371.6442382,1,-4,-149
1767172371.6542382,-1,-6,-146
1767172371.6642382,0,-6,-151
1767172371.6742382,-2,-2,-151
1767172371.6842382,0,0,-155
1767172371.6942382,2,0,-151
1767172371.7042382,2,1,-153
1767172371.7142382,4,2,-144
1767172371.7242382,2,2,-140
1767172371.734238,2,2,-141
1767172371.744238,1,4,-147
1767172371.754238,-2,0,-147
1767172371.764238,-1,-3,-145
1767172371.774238,1,0,-143
1767172371.784238,5,0,-146
1767172371.794238,5,0,-147
1767172371.804238,7,-2,-144
1767172371.814238,5,-3,-144
1767172371.824238,5,-1,-144
1767172371.834238,8,0,-139
1767172371.844238,7,0,-136
1767172371.8542385,7,-2,-143
1767172371.8642385,5,-5,-146
1767172371.8742385,6,-9,-143
1767172371.8842382,9,-12,-135
1767172371.8942382,6,-10,-136
1767172371.9042382,5,-9,-138
1767172371.9142382,3,-5,-140
1767172371.9242382,-1,-1,-139
1767172371.9342382,0,4,-143
1767172371.9442382,-2,1,-139
1767172371.9542382,-3,2,-144
1767172371.9642382,-5,0,-142
1767172371.9742382,-5,0,-141
1767172371.984238,-9,1,-147
1767172371.994238,-7,1,-151
1767172372.004238,-6,1,-151
1767172372.014238,0,0,-150
1767172372.024238,0,1,-146
1767172372.034238,0,2,-142
1767172372.044238,6,0,-141
1767172372.054238,5,-1,-134
1767172372.064238,3,4,-137
1767172372.074238,0,4,-140
1767172372.084238,0,3,-140
1767172372.094238,-4,1,-145
1767172372.1042385,-4,4,-146
1767172372.1142385,-4,4,-137
1767172372.1242385,-5,2,-138
1767172372.1342382,-2,2,-138
1767172372.1442382,-2,3,-139
1767172372.1542382,0,5,-136
1767172372.1642382,1,5,-139
1767172372.1742382,1,0,-138
1767172372.1842382,0,0,-138
1767172372.1942382,1,0,-138
1767172372.2042382,0,0,-131
1767172372.2142382,2,0,-135
1767172372.2242382,2,2,-134
1767172372.234238,4,3,-137
1767172372.244238,0,4,-144
1767172372.254238,-1,9,-146
1767172372.264238,-1,6,-141
1767172372.274238,-7,0,-143
1767172372.284238,-6,1,-147
1767172372.294238,-1,5,-145
1767172372.304238,-3,4,-145
1767172372.314238,-10,-1,-140
1767172372.324238,-9,-1,-138
1767172372.334238,0,2,-142
1767172372.344238,3,0,-145
1767172372.3542385,6,0,-144
1767172372.3642385,1,-2,-143
1767172372.3742385,4,-3,-142
1767172372.3842382,7,-4,-142
1767172372.3942382,10,-2,-145
1767172372.4042382,10,-7,-145
1767172372.4142382,5,-7,-146
1767172372.4242382,0,-4,-139
1767172372.4342382,-1,-8,-136
1767172372.4442382,2,-6,-137
1767172372.4542382,-1,-6,-143
1767172372.4642382,-4,-4,-141
1767172372.4742382,-1,1,-139
1767172372.484238,0,0,-140
1767172372.494238,1,-2,-142
1767172372.504238,0,-2,-141
1767172372.514238,3,-5,-138
1767172372.524238,2,-9,-139
1767172372.534238,1,-10,-144
1767172372.544238,0,-9,-135
1767172372.554238,0,-7,-131
1767172372.564238,3,-7,-131
1767172372.574238,1,-8,-129
1767172372.584238,0,-7,-134
1767172372.594238,-1,-2,-140
1767172372.6042385,-2,0,-144
1767172372.6142385,2,0,-144
1767172372.6242385,3,-3,-145
1767172372.6342382,7,-4,-144
1767172372.6442382,3,-9,-151
1767172372.6542382,3,-11,-154
1767172372.6642382,0,-11,-153
1767172372.6742382,2,-7,-141
1767172372.6842382,0,-7,-138
1767172372.6942382,-1,-6,-136
1767172372.7042382,3,-5,-133
1767172372.7142382,5,-2,-129
1767172372.7242382,4,0,-132
1767172372.734238,6,0,-136
1767172372.744238,2,4,-144
1767172372.754238,-1,4,-145
1767172372.764238,0,5,-146
1767172372.774238,-3,3,-139
1767172372.784238,-1,1,-136
1767172372.794238,-1,1,-133
1767172372.804238,-4,0,-134
1767172372.814238,-4,0,-132
1767172372.824238,-3,-4,-133
1767172372.834238,0,-5,-138
1767172372.844238,-2,-4,-141
1767172372.8542385,-2,-3,-137
1767172372.8642385,-2,-2,-135
1767172372.8742385,0,0,-136
1767172372.8842382,2,-1,-143
1767172372.8942382,4,0,-144
1767172372.9042382,0,1,-142
1767172372.9142382,-5,3,-138
1767172372.9242382,-7,2,-146
1767172372.9342382,-1,-2,-141
1767172372.9442382,0,-4,-139
1767172372.9542382,-4,-3,-140
1767172372.9642382,-1,-3,-142
1767172372.9742382,-1,-2,-141
1767172372.984238,-5,2,-144
1767172372.994238,-5,2,-139
1767172373.004238,-4,2,-138
1767172373.014238,0,2,-139
1767172373.024238,-1,0,-143
1767172373.034238,0,0,-140
1767172373.044238,4,0,-140
1767172373.054238,1,0,-134
1767172373.064238,-4,-4,-139
1767172373.074238,-1,-4,-144
1767172373.084238,0,-5,-144
1767172373.094238,0,-7,-144
1767172373.1042385,0,-3,-148
1767172373.1142385,2,-1,-145
1767172373.1242385,-1,0,-145
1767172373.1342382,-1,0,-144
1767172373.1442382,-2,1,-140
1767172373.1542382,0,0,-143
1767172373.1642382,1,0,-142
1767172373.1742382,4,-1,-140
1767172373.1842382,6,-2,-138
1767172373.1942382,5,-3,-135
1767172373.2042382,1,-1,-134
1767172373.2142382,0,-2,-135
1767172373.2242382,-1,0,-138
1767172373.234238,-2,-4,-137
1767172373.244238,0,-1,-139
1767172373.254238,-1,0,-144
1767172373.275238,-1,3,-135
1767172373.284238,-3,0,-139
1767172373.294238,-7,0,-142
1767172373.304238,0,0,-144
1767172373.314238,3,2,-142
1767172373.324238,0,2,-145
1767172373.334238,-2,0,-150
1767172373.344238,-5,3,-147
1767172373.3542385,-7,6,-141
1767172373.3642385,-7,4,-140
1767172373.3742385,-3,3,-141
1767172373.3842382,-1,4,-139
1767172373.3942382,-2,0,-142
1767172373.4042382,-2,-1,-144
1767172373.4142382,-1,0,-143
1767172373.4242382,-4,-1,-148
1767172373.4342382,-5,-3,-148
1767172373.4442382,-2,0,-146
1767172373.4542382,-1,0,-147
1767172373.4642382,-1,2,-148
1767172373.4742382,-8,5,-148
1767172373.484238,-6,-1,-144
1767172373.494238,-4,-2,-145
1767172373.504238,-1,1,-147
1767172373.514238,2,-1,-141
1767172373.524238,-2,-1,-134
1767172373.534238,3,-1,-141
1767172373.544238,4,-4,-143
1767172373.554238,3,-5,-146
1767172373.564238,5,-5,-153
1767172373.574238,1,-2,-155
1767172373.584238,-3,0,-150
1767172373.594238,-3,0,-145
1767172373.6052382,-7,-1,-139
1767172373.6142385,-8,-2,-137
1767172373.6242385,-8,-1,-142
1767172373.6342382,-6,-4,-139
1767172373.6452382,-5,0,-136
1767172373.6542382,0,0,-139
1767172373.666238,-1,0,-145
1767172373.675238,0,0,-145
1767172373.685238,-3,0,-142
1767172373.695238,0,0,-146
1767172373.705238,0,-2,-147
1767172373.715238,1,-1,-146
1767172373.725238,2,0,-139
1767172373.735238,0,-2,-139
1767172373.745238,-6,0,-130
1767172373.755238,-9,1,-139
1767172373.765238,-11,0,-143
1767172373.775238,-9,3,-143
1767172373.7852385,-7,2,-143
1767172373.7952385,-8,1,-141
1767172373.8052382,-6,2,-141
1767172373.8152382,-7,5,-136
1767172373.8252382,-2,7,-140
1767172373.8352382,-2,5,-142
1767172373.8452382,2,8,-140
1767172373.8552382,3,7,-139
1767172373.8652382,-2,5,-136
1767172373.8752382,-2,7,-143
1767172373.8852382,-1,6,-141
1767172373.8952382,2,3,-140
1767172373.9052382,4,1,-138
1767172373.915238,4,2,-135
1767172373.925238,2,5,-139
1767172373.935238,-2,2,-142
1767172373.945238,-1,2,-143
1767172373.955238,0,4,-142
1767172373.965238,-2,5,-137
1767172373.975238,-3,7,-139
1767172373.985238,-6,9,-139
1767172373.995238,-3,7,-135
1767172374.005238,-1,6,-133
1767172374.015238,-2,5,-129
1767172374.025238,-2,0,-133
1767172374.0352385,-4,-1,-135
1767172374.0452385,-3,0,-136
1767172374.0552382,-5,-1,-140
1767172374.0652382,0,0,-144
1767172374.0752382,0,0,-146
1767172374.0852382,-3,-2,-139
1767172374.0952382,-3,-2,-140
1767172374.1052382,-1,1,-143
1767172374.1152382,0,3,-144
1767172374.1252382,0,3,-138
1767172374.1352382,2,5,-131
1767172374.1452382,2,7,-131
1767172374.1552382,-2,5,-130
1767172374.165238,-4,3,-131
1767172374.175238,-5,2,-135
1767172374.185238,-3,2,-137
1767172374.195238,-2,-1,-136
1767172374.205238,-4,-6,-141
1767172374.215238,-12,-7,-141
1767172374.225238,-14,-5,-138
1767172374.235238,-13,0,-139
1767172374.245238,-8,0,-137
1767172374.255238,-7,1,-144
1767172374.265238,-8,3,-140
1767172374.275238,-5,0,-140
1767172374.2852385,-4,0,-138
1767172374.2952385,-3,-2,-140
1767172374.3052382,-4,2,-143
1767172374.3152382,-1,2,-143
1767172374.3252382,1,0,-145
1767172374.3352382,4,-1,-148
1767172374.3452382,10,1,-150
1767172374.3552382,5,4,-152
1767172374.3652382,-1,3,-148
1767172374.3752382,-2,0,-147
1767172374.3852382,-1,-1,-143
1767172374.3952382,-5,0,-142
1767172374.4052382,-7,3,-142
1767172374.415238,-4,4,-143
1767172374.425238,-2,1,-142
1767172374.435238,-8,3,-138
1767172374.445238,-8,5,-134
1767172374.455238,-5,3,-130
1767172374.465238,-4,-1,-130
1767172374.475238,0,-4,-137
1767172374.485238,0,-3,-146
1767172374.495238,2,-4,-146
1767172374.505238,4,-3,-146
1767172374.515238,5,-1,-146
1767172374.525238,0,2,-144
1767172374.5352385,-7,1,-143
1767172374.5452385,-8,1,-142
1767172374.5552382,-9,2,-140
1767172374.5652382,-9,-2,-137
1767172374.5752382,-7,-3,-142
1767172374.5852382,-9,-2,-142
1767172374.5952382,-16,-3,-141
1767172374.6052382,-13,-5,-145
1767172374.6152382,-11,-4,-140
1767172374.6252382,-8,-4,-142
1767172374.6352382,-5,-2,-139
1767172374.6452382,-2,0,-144
1767172374.6552382,-4,-1,-143
1767172374.665238,-4,-2,-142
1767172374.675238,-3,-1,-144
1767172374.685238,-6,0,-146
1767172374.695238,-7,0,-146
1767172374.705238,-7,0,-145
1767172374.715238,-4,1,-142
1767172374.725238,-4,5,-138
1767172374.735238,-5,2,-138
1767172374.745238,0,0,-138
1767172374.755238,3,-1,-139
1767172374.765238,3,0,-131
1767172374.775238,6,1,-132
1767172374.7852385,2,-1,-129
1767172374.7952385,-1,0,-123
1767172374.8052382,-4,1,-134
1767172374.8152382,-2,0,-143
1767172374.8252382,-3,1,-141
1767172374.8352382,0,4,-139
1767172374.8452382,3,4,-136
1767172374.8552382,4,4,-133
1767172374.8652382,7,4,-134
1767172374.8752382,8,5,-142
1767172374.8852382,5,4,-141
1767172374.8952382,7,3,-137
1767172374.9052382,6,6,-137
1767172374.915238,6,2,-137
1767172374.925238,4,1,-140
1767172374.935238,0,1,-141
1767172374.945238,1,-3,-145
1767172374.955238,0,-3,-137
1767172374.965238,0,-3,-138
1767172374.975238,0,0,-136
1767172374.985238,3,2,-133
1767172374.995238,6,5,-137
1767172375.005238,5,2,-143
1767172375.015238,2,0,-141
1767172375.025238,2,6,-144
1767172375.0352385,0,4,-146
1767172375.0452385,5,-1,-132
1767172375.0552382,2,-3,-134
1767172375.0652382,4,-4,-133
1767172375.0752382,4,-1,-140
1767172375.0852382,4,-2,-142
1767172375.0952382,0,-1,-141
1767172375.1052382,-2,-1,-141
1767172375.1152382,-4,0,-135
1767172375.1252382,0,1,-125
1767172375.1352382,-1,2,-122
1767172375.1452382,-5,0,-125
1767172375.1552382,-2,-7,-125
1767172375.165238,0,-8,-128
1767172375.175238,-2,-8,-134
1767172375.185238,-7,-6,-136
1767172375.195238,-8,-4,-133
1767172375.205238,-8,-3,-133
1767172375.215238,-5,-2,-134
1767172375.225238,-2,-5,-139
1767172375.235238,-1,-3,-138
1767172375.245238,1,2,-139
1767172375.255238,2,3,-142
1767172375.265238,3,3,-140
1767172375.275238,1,2,-143
1767172375.2852385,0,3,-144
1767172375.2952385,2,0,-142
1767172375.3052382,1,-2,-139
1767172375.3152382,-1,-2,-144
1767172375.3252382,-1,0,-143
1767172375.3352382,2,-3,-143
1767172375.3452382,1,-5,-146
1767172375.3552382,-2,-4,-149
1767172375.3652382,-2,-5,-154
1767172375.3752382,-3,-2,-148
1767172375.3852382,-1,-4,-138
1767172375.3952382,-2,-4,-142
1767172375.4052382,-4,-6,-141
1767172375.415238,-1,-8,-138
1767172375.425238,-2,-6,-136
1767172375.435238,-4,-2,-141
1767172375.445238,0,-1,-139
1767172375.455238,-1,-2,-137
1767172375.465238,-3,0,-141
1767172375.475238,-5,-1,-145
1767172375.485238,-6,3,-143
1767172375.495238,-5,3,-146
1767172375.505238,-3,6,-144
1767172375.515238,-3,7,-142
1767172375.525238,-1,0,-141
1767172375.5352385,-3,0,-141
1767172375.5452385,-4,-1,-148
1767172375.5552382,-5,-4,-150
1767172375.5652382,-2,-2,-149
1767172375.5752382,-3,0,-150
1767172375.5852382,-1,-1,-152
1767172375.5952382,0,-2,-150
1767172375.6052382,-1,-5,-149
1767172375.6152382,-5,-8,-150
1767172375.6252382,-5,-4,-147
1767172375.6352382,-4,-2,-144
1767172375.6452382,-6,-3,-151
1767172375.6552382,-4,-4,-157
1767172375.665238,0,-2,-149
1767172375.675238,0,-3,-148
1767172375.685238,0,-2,-140
1767172375.695238,-2,-3,-139
1767172375.705238,6,-4,-140
1767172375.715238,5,-2,-138
1767172375.725238,4,0,-141
1767172375.735238,-1,-2,-145
1767172375.745238,0,-2,-141
1767172375.755238,-2,-4,-137
1767172375.765238,-2,0,-141
1767172375.775238,4,3,-140
1767172375.7852385,3,5,-144
1767172375.7952385,2,0,-144
1767172375.8052382,4,0,-143
1767172375.8152382,0,0,-134
1767172375.8252382,-4,7,-132
1767172375.8352382,-1,4,-137
1767172375.8452382,0,3,-140
1767172375.8552382,-1,2,-142
1767172375.8652382,0,1,-143
1767172375.8752382,2,-1,-139
1767172375.8852382,-1,-2,-140
1767172375.8952382,-3,0,-145
1767172375.9052382,0,0,-142
1767172375.915238,2,0,-147
1767172375.925238,1,0,-141
1767172375.935238,1,5,-143
1767172375.945238,4,6,-144
1767172375.955238,6,6,-143
1767172375.965238,3,8,-140
1767172375.975238,7,6,-144
1767172375.985238,6,6,-148
1767172375.995238,6,5,-152
1767172376.005238,6,0,-143
1767172376.015238,3,0,-135
1767172376.025238,0,0,-132
1767172376.0352385,-5,1,-134
1767172376.0452385,-7,1,-128
1767172376.0552382,-6,-2,-129
1767172376.0652382,-5,0,-134
1767172376.0752382,-3,0,-136
1767172376.0852382,-2,4,-143
1767172376.0952382,-1,7,-140
1767172376.1052382,-2,7,-138
1767172376.1152382,-4,5,-135
1767172376.1252382,-2,6,-142
1767172376.1352382,0,5,-144
1767172376.1452382,-2,3,-144
1767172376.1552382,-1,-1,-142
1767172376.165238,-2,0,-138
1767172376.175238,-6,3,-143
1767172376.186238,-2,2,-143
1767172376.195238,-4,6,-145
1767172376.2062385,-8,7,-145
1767172376.2162385,-8,1,-137
1767172376.2262385,-7,-1,-142
1767172376.2362382,0,1,-139
1767172376.2462382,5,1,-140
1767172376.2562382,2,1,-143
1767172376.2662382,3,0,-146
1767172376.2762382,4,-1,-141
1767172376.2862382,0,-2,-144
1767172376.2962382,-2,0,-134
1767172376.3062382,-6,2,-133
1767172376.3162382,-6,1,-131
1767172376.3262382,-2,1,-132
1767172376.336238,-6,1,-133
1767172376.346238,0,-1,-132
1767172376.356238,0,-3,-133
1767172376.366238,-4,-1,-129
1767172376.376238,0,-3,-134
1767172376.386238,1,-4,-137
1767172376.396238,-5,-3,-144
1767172376.406238,0,-2,-148
1767172376.416238,-6,-4,-142
1767172376.426238,-3,-4,-142
1767172376.436238,-2,0,-140
1767172376.446238,1,1,-139
1767172376.4562385,2,3,-145
1767172376.4662385,3,6,-149
1767172376.4762385,6,3,-152
1767172376.4862382,1,3,-151
1767172376.4962382,0,5,-145
1767172376.5062382,-1,2,-137
1767172376.5162382,-1,3,-138
1767172376.5262382,0,0,-137
1767172376.5362382,1,-3,-135
1767172376.5462382,1,-3,-137
1767172376.5562382,0,-5,-135
1767172376.5662382,-1,-2,-133
1767172376.5762382,-3,-1,-130
1767172376.586238,-1,-1,-143
1767172376.596238,0,-2,-144
1767172376.606238,0,-3,-147
1767172376.616238,0,-3,-146
1767172376.626238,1,-2,-151
1767172376.636238,-1,-5,-148
1767172376.646238,-1,-4,-145
1767172376.656238,-3,-2,-143
1767172376.666238,-1,0,-144
1767172376.676238,1,-1,-147
1767172376.686238,-1,-6,-143
1767172376.696238,-6,-4,-133
1767172376.7062385,-5,0,-129
1767172376.7162385,-1,-3,-129
1767172376.7262385,0,-5,-131
1767172376.7362382,2,-4,-132
1767172376.7462382,1,-6,-132
1767172376.7562382,1,-3,-141
1767172376.7662382,-2,-2,-139
1767172376.7762382,-2,-2,-135
1767172376.7862382,-3,-1,-135
1767172376.7962382,-5,-2,-135
1767172376.8062382,-4,-3,-135
1767172376.8162382,0,-2,-136
1767172376.8262382,-2,-1,-142
1767172376.836238,-3,-5,-139
1767172376.846238,-3,-3,-142
1767172376.856238,-5,0,-146
1767172376.866238,-1,-1,-139
1767172376.876238,-1,-1,-146
1767172376.886238,0,0,-150
1767172376.896238,1,-2,-153
1767172376.906238,1,-3,-150
1767172376.916238,1,-5,-148
1767172376.926238,0,-6,-144
1767172376.936238,1,-3,-142
1767172376.946238,3,-1,-140
1767172376.9562385,0,-5,-143
1767172376.9662385,-2,-4,-149
1767172376.9762385,-2,-5,-153
1767172376.9862382,0,-6,-160
1767172376.9962382,3,-2,-152
1767172377.0062382,2,0,-147
1767172377.0162382,4,-1,-145
1767172377.0262382,3,0,-142
1767172377.0362382,2,4,-138
1767172377.0462382,-1,7,-135
1767172377.0562382,-4,7,-135
1767172377.0662382,-5,3,-135
1767172377.0762382,-1,2,-140
1767172377.086238,0,-2,-136
1767172377.096238,-3,-1,-133
1767172377.106238,-6,-2,-138
1767172377.116238,-1,-1,-135
1767172377.126238,-1,1,-136
1767172377.136238,0,0,-138
1767172377.146238,-1,5,-142
1767172377.156238,0,4,-138
1767172377.166238,3,0,-129
1767172377.176238,-3,0,-130
1767172377.186238,-3,-2,-134
1767172377.196238,0,-3,-138
1767172377.2062385,2,-5,-137
1767172377.2162385,4,-2,-137
1767172377.2262385,2,-1,-145
1767172377.2362382,1,-1,-140
1767172377.2462382,-2,0,-136
1767172377.2562382,-1,0,-131
1767172377.2662382,-6,1,-139
1767172377.2762382,-10,0,-138
1767172377.2862382,-8,4,-135
1767172377.2962382,-2,0,-138
1767172377.3062382,0,-2,-133
1767172377.3162382,-3,-3,-137
1767172377.3262382,-3,-4,-133
1767172377.336238,-1,-7,-131
1767172377.346238,-4,-10,-136
1767172377.356238,0,-7,-133
1767172377.366238,0,-5,-131
1767172377.376238,-5,-2,-131
1767172377.386238,0,0,-133
1767172377.396238,3,-1,-135
1767172377.406238,2,-3,-137
1767172377.416238,0,-5,-140
1767172377.426238,3,-5,-142
1767172377.436238,2,-3,-139
1767172377.446238,1,-4,-137
1767172377.4562385,1,-8,-137
1767172377.4662385,-2,-7,-137
1767172377.4762385,-5,-6,-142
1767172377.4862382,-4,-3,-144
1767172377.4962382,-3,-6,-139
1767172377.5062382,-2,-4,-137
1767172377.5162382,0,0,-141
1767172377.5262382,0,-1,-140
1767172377.5362382,0,-3,-142
1767172377.5462382,-1,0,-138
1767172377.5562382,0,0,-142
1767172377.5662382,0,3,-139
1767172377.5762382,-4,0,-137
1767172377.586238,-1,-2,-135
1767172377.596238,-2,-2,-137
1767172377.606238,-5,0,-140
1767172377.616238,-4,1,-145
1767172377.626238,-3,1,-143
1767172377.636238,1,0,-136
1767172377.646238,1,-2,-139
1767172377.656238,2,-5,-144
1767172377.666238,0,-6,-145
1767172377.676238,1,-4,-141
1767172377.686238,3,-5,-144
1767172377.696238,3,-3,-142
1767172377.7062385,1,-5,-146
1767172377.7162385,-2,-4,-148
1767172377.7262385,-7,0,-149
1767172377.7362382,-11,0,-154
1767172377.7462382,-11,-1,-165
1767172377.7562382,-8,-2,-160
1767172377.7662382,-7,-3,-156
1767172377.7762382,-11,-1,-151
1767172377.7862382,-5,-3,-144
1767172377.7962382,0,-3,-136
1767172377.8062382,-3,0,-133
1767172377.8162382,-6,2,-137
1767172377.8262382,-6,1,-143
1767172377.836238,-5,0,-143
1767172377.846238,-2,1,-148
1767172377.856238,6,2,-150
1767172377.866238,7,3,-150
1767172377.876238,7,1,-147
1767172377.886238,8,-1,-143
1767172377.896238,5,0,-145
1767172377.906238,2,0,-147
1767172377.916238,3,-2,-140
1767172377.926238,1,-4,-142
1767172377.936238,3,-5,-144
1767172377.946238,7,-7,-146
1767172377.9562385,5,-5,-145
1767172377.9672382,-1,-3,-143
1767172377.9762385,-1,-2,-139
1767172377.9862382,0,-4,-139
1767172377.9962382,0,-2,-140
1767172378.0062382,3,-1,-140
1767172378.0162382,7,-7,-151
1767172378.0262382,7,-5,-144
1767172378.0362382,6,-5,-138
1767172378.0462382,3,-5,-141
1767172378.0562382,1,-7,-141
1767172378.0662382,1,-8,-140
1767172378.0762382,2,-8,-139
1767172378.086238,2,-6,-147
1767172378.096238,0,-6,-147
1767172378.106238,0,-7,-148
1767172378.116238,-1,-3,-147
1767172378.126238,-4,-3,-153
1767172378.136238,-10,1,-147
1767172378.146238,-9,2,-141
1767172378.156238,-9,1,-145
1767172378.166238,-12,2,-142
1767172378.176238,-9,3,-139
1767172378.186238,-7,3,-136
1767172378.196238,0,1,-134
1767172378.2062385,0,3,-136
1767172378.2162385,0,4,-134
1767172378.2262385,-2,1,-132
1767172378.2362382,-2,0,-131
1767172378.2462382,-5,3,-138
1767172378.2562382,-5,1,-135
1767172378.2662382,-6,2,-136
1767172378.287238,1,-1,-142
1767172378.2962382,-1,-3,-144
1767172378.3062382,-5,-3,-149
1767172378.3162382,-4,-1,-152
1767172378.3262382,-2,-2,-147
1767172378.336238,-6,-1,-141
1767172378.346238,-3,4,-143
1767172378.356238,-2,6,-145
1767172378.366238,-1,8,-148
1767172378.376238,3,4,-149
1767172378.386238,5,2,-149
1767172378.396238,-3,0,-147
1767172378.406238,-4,4,-147
1767172378.416238,-5,5,-146
1767172378.426238,-3,3,-145
1767172378.436238,1,2,-135
1767172378.446238,5,1,-132
1767172378.4562385,4,2,-131
1767172378.4662385,3,1,-132
1767172378.4762385,2,0,-126
1767172378.4862382,1,-1,-132
1767172378.4962382,0,3,-134
1767172378.5062382,-5,3,-135
1767172378.5162382,-5,3,-144
1767172378.5262382,-9,5,-145
1767172378.5362382,-5,3,-141
1767172378.5462382,-4,2,-139
1767172378.5562382,-5,3,-137
1767172378.5662382,-6,0,-143
1767172378.5762382,-7,1,-145
1767172378.586238,-7,3,-142
1767172378.596238,-7,4,-143
1767172378.606238,-8,5,-146
1767172378.616238,-6,1,-150
1767172378.626238,-8,-1,-141
1767172378.636238,-9,-3,-143
1767172378.646238,-5,-3,-143
1767172378.656238,-2,-3,-147
1767172378.666238,0,0,-142
1767172378.676238,3,-4,-134
1767172378.686238,0,-6,-130
1767172378.696238,3,-5,-135
1767172378.7062385,3,-4,-131
1767172378.7162385,3,-3,-135
1767172378.7272382,3,-2,-136
1767172378.7362382,0,-5,-134
1767172378.7472382,1,-4,-132
1767172378.7562382,-1,-3,-132
1767172378.767238,2,-3,-138
1767172378.777238,1,-1,-142
1767172378.787238,-1,-3,-133
1767172378.797238,2,-5,-133
1767172378.807238,3,-4,-132
1767172378.817238,2,-1,-135
1767172378.827238,0,1,-140
1767172378.837238,0,0,-140
1767172378.847238,1,0,-138
1767172378.857238,3,2,-135
1767172378.867238,1,2,-132
1767172378.877238,6,4,-131
1767172378.8872385,3,1,-143
1767172378.8972385,1,1,-145
1767172378.9072382,-2,1,-139
1767172378.9172382,-2,-2,-141
1767172378.9272382,-2,-4,-143
1767172378.9372382,-3,-6,-144
1767172378.9472382,0,-2,-139
1767172378.9572382,-1,-1,-135
1767172378.9672382,-2,0,-137
1767172378.9772382,-2,5,-131
1767172378.9872382,0,5,-128
1767172378.9972382,-2,2,-127
1767172379.007238,-5,0,-130
1767172379.017238,-6,-2,-135
1767172379.027238,-3,1,-139
1767172379.037238,-4,1,-144
1767172379.047238,0,0,-140
1767172379.057238,1,0,-142
1767172379.067238,0,-4,-140
1767172379.077238,1,-2,-144
1767172379.087238,5,-4,-144
1767172379.097238,5,-5,-140
1767172379.107238,3,-5,-142
1767172379.117238,3,-7,-151
1767172379.127238,4,-7,-146
1767172379.1372385,6,-7,-144
1767172379.1472385,6,-6,-147
1767172379.1572382,4,-7,-150
1767172379.1672382,2,-12,-150
1767172379.1772382,5,-9,-147
1767172379.1872382,6,-7,-140
1767172379.1972382,3,-5,-139
1767172379.2072382,0,-5,-146
1767172379.2172382,-3,-6,-151
1767172379.2272382,-1,-7,-148
1767172379.2372382,-1,-5,-147
1767172379.2472382,-3,-2,-143
1767172379.257238,-2,-4,-143
1767172379.267238,-2,-1,-150
1767172379.277238,-2,-2,-155
1767172379.287238,-1,-4,-157
1767172379.297238,-1,-6,-150
1767172379.307238,0,-9,-149
1767172379.317238,0,-9,-145
1767172379.327238,-3,-9,-142
1767172379.337238,-3,-8,-138
1767172379.347238,-2,-5,-135
1767172379.357238,0,-4,-140
1767172379.367238,0,-2,-145
1767172379.377238,-2,0,-145
1767172379.3872385,-4,3,-138
1767172379.3972385,-3,0,-141
1767172379.4072382,-5,-4,-139
1767172379.4172382,-6,-2,-142
1767172379.4272382,-6,0,-147
1767172379.4372382,-6,0,-143
1767172379.4472382,-3,-1,-147
1767172379.4572382,-3,-4,-143
1767172379.4672382,-4,-2,-145
1767172379.4772382,-3,-3,-150
1767172379.4872382,-7,0,-144
1767172379.4972382,-4,-2,-142
1767172379.507238,-5,-1,-143
1767172379.517238,0,-3,-144
1767172379.527238,4,1,-150
1767172379.537238,1,3,-146
1767172379.547238,0,4,-148
1767172379.557238,-1,4,-148
1767172379.567238,0,1,-148
1767172379.577238,2,0,-141
1767172379.587238,0,-1,-140
1767172379.597238,0,-5,-144
1767172379.607238,3,-3,-145
1767172379.617238,3,-2,-140
1767172379.627238,1,0,-137
1767172379.6372385,2,2,-140
1767172379.6472385,1,0,-143
1767172379.6572382,0,0,-149
1767172379.6672382,4,-1,-154
1767172379.6772382,3,0,-161
1767172379.6872382,0,0,-155
1767172379.6972382,2,1,-147
1767172379.7072382,2,4,-148
1767172379.7172382,3,9,-146
1767172379.7272382,0,11,-146
1767172379.7372382,-1,10,-146
1767172379.7472382,-3,8,-139
1767172379.757238,-7,7,-136
1767172379.767238,-10,4,-133
1767172379.777238,-11,2,-134
1767172379.787238,-8,0,-135
1767172379.797238,-8,0,-146
1767172379.807238,-4,-2,-147
1767172379.817238,0,-3,-154
1767172379.827238,3,-2,-157
1767172379.837238,3,0,-150
1767172379.847238,0,-1,-147
1767172379.857238,-1,2,-137
1767172379.867238,-1,0,-143
1767172379.877238,-1,-1,-141
1767172379.8872385,2,-5,-141
1767172379.8972385,1,-7,-142
1767172379.9072382,2,-5,-129
1767172379.9172382,0,-4,-129
1767172379.9272382,-1,-8,-129
1767172379.9372382,2,-13,-133
1767172379.9472382,3,-13,-135
1767172379.9572382,4,-13,-143
1767172379.9672382,1,-5,-148
1767172379.9772382,0,-3,-149
1767172379.9872382,0,-1,-147
1767172379.9972382,-2,0,-143
1767172380.007238,0,0,-140
1767172380.017238,-2,0,-139
1767172380.027238,0,0,-141
1767172380.037238,-2,-2,-141
1767172380.047238,2,-5,-144
1767172380.057238,2,-6,-143
1767172380.067238,2,-5,-141
1767172380.077238,4,-1,-140
1767172380.087238,3,-4,-143
1767172380.097238,0,-8,-144
1767172380.107238,-5,-9,-143
1767172380.117238,-8,-4,-142
1767172380.127238,-12,-5,-144
1767172380.1372385,-12,-2,-140
1767172380.1472385,-6,0,-148
1767172380.1572382,-4,0,-148
1767172380.1672382,-4,-3,-143
1767172380.1772382,0,-3,-136
1767172380.1872382,0,-2,-137
1767172380.1972382,0,-1,-140
1767172380.2072382,4,0,-140
1767172380.2172382,4,0,-146
1767172380.2272382,3,0,-149
1767172380.2372382,3,2,-152
1767172380.2472382,8,2,-155
1767172380.257238,7,3,-151
1767172380.267238,6,0,-148
1767172380.277238,-1,0,-150
1767172380.287238,-4,0,-142
1767172380.297238,-4,-2,-140
1767172380.307238,-5,-4,-137
1767172380.317238,-1,-3,-136
1767172380.327238,5,-5,-130
1767172380.337238,4,0,-131
1767172380.347238,4,6,-132
1767172380.357238,2,8,-133
1767172380.367238,0,6,-133
1767172380.377238,-1,6,-135
1767172380.3872385,0,3,-137
1767172380.3972385,1,2,-143
1767172380.4072382,0,1,-144
1767172380.4172382,0,-2,-143
1767172380.4272382,-1,-5,-145
1767172380.4372382,0,-4,-143
1767172380.4472382,-2,-4,-144
1767172380.4572382,-2,-3,-146
1767172380.4672382,1,-6,-145
1767172380.4772382,3,-8,-142
1767172380.4872382,0,-3,-138
1767172380.4972382,0,-4,-134
1767172380.507238,6,-5,-131
1767172380.517238,2,-4,-133
1767172380.527238,-1,-2,-135
1767172380.537238,0,-1,-135
1767172380.547238,-1,-2,-141
1767172380.557238,1,-4,-137
1767172380.567238,2,-6,-142
1767172380.577238,2,-6,-139
1767172380.587238,5,-4,-139
1767172380.597238,6,-3,-141
1767172380.607238,3,-2,-141
1767172380.617238,2,2,-143
1767172380.627238,4,4,-140
1767172380.6372385,5,2,-139
1767172380.6472385,0,4,-140
1767172380.6572382,-8,0,-140
1767172380.6672382,-8,-1,-144
1767172380.6772382,-4,0,-144
1767172380.6872382,-5,-1,-141
1767172380.6972382,-5,-5,-148
1767172380.7072382,-2,-3,-147
1767172380.7172382,0,0,-145
1767172380.7272382,1,0,-141
1767172380.7372382,0,2,-138
1767172380.7472382,0,1,-139
1767172380.757238,0,0,-140
1767172380.767238,1,0,-138
1767172380.777238,4,-3,-136
1767172380.787238,1,-4,-138
1767172380.797238,-2,-6,-135
1767172380.807238,-3,-5,-136
1767172380.817238,-2,-4,-148
1767172380.827238,-1,-4,-145
1767172380.837238,0,-4,-150
1767172380.847238,1,-4,-149
1767172380.857238,8,-1,-156
1767172380.867238,7,-6,-157
1767172380.877238,5,-6,-153
1767172380.8872385,1,-8,-158
1767172380.8972385,0,-7,-161
1767172380.9072382,1,-5,-156
1767172380.9172382,0,-4,-153
1767172380.9272382,2,-3,-149
1767172380.9372382,4,-3,-144
1767172380.9472382,4,0,-143
1767172380.9572382,1,0,-140
1767172380.9672382,3,1,-133
1767172380.9772382,4,4,-131
1767172380.9872382,1,7,-128
1767172380.9972382,6,4,-129
1767172381.007238,6,4,-133
1767172381.017238,6,1,-133
1767172381.027238,4,5,-140
1767172381.037238,0,4,-145
1767172381.047238,-2,-1,-142
1767172381.057238,-4,-2,-134
1767172381.067238,-6,-5,-137
1767172381.077238,-3,-3,-139
1767172381.087238,0,0,-138
1767172381.097238,2,-1,-140
1767172381.107238,7,-1,-139
1767172381.117238,6,-4,-140
1767172381.127238,3,-2,-142
1767172381.1372385,2,-3,-133
1767172381.1472385,3,-2,-136
1767172381.1572382,3,-4,-140
1767172381.1672382,0,-3,-135
1767172381.1772382,-1,-5,-131
1767172381.1872382,-3,-2,-134
1767172381.1972382,-1,-1,-134
1767172381.2072382,-3,4,-133
1767172381.2172382,0,2,-132
1767172381.2272382,-2,4,-133
1767172381.2372382,-4,5,-139
1767172381.2472382,-2,3,-143
1767172381.257238,-1,1,-142
1767172381.267238,0,0,-144
1767172381.278238,1,-1,-138
1767172381.287238,-2,-3,-139
1767172381.298238,-1,-4,-139
1767172381.3082385,0,-4,-133
1767172381.3182385,-4,-3,-136
1767172381.3282382,-5,-1,-136
1767172381.3382382,-4,4,-142
1767172381.3482382,-4,3,-142
1767172381.3582382,-7,1,-139
1767172381.3682382,-6,-4,-141
1767172381.3782382,-7,-5,-137
1767172381.3882382,-6,-8,-133
1767172381.3982382,-5,-5,-137
1767172381.4082382,-5,-4,-142
1767172381.4182382,-8,-5,-138
1767172381.4282382,-5,0,-128
1767172381.438238,1,1,-132
1767172381.448238,3,0,-140
1767172381.458238,3,-3,-137
1767172381.468238,4,-3,-140
1767172381.478238,0,0,-134
1767172381.488238,2,-3,-135
1767172381.498238,-1,-5,-139
1767172381.508238,-2,-5,-140
1767172381.518238,-1,-9,-141
1767172381.528238,-1,-6,-136
1767172381.538238,-1,-4,-139
1767172381.548238,3,-6,-142
1767172381.5582385,4,-7,-148
1767172381.5682385,4,-8,-144
1767172381.5782382,2,-13,-147
1767172381.5882382,0,-13,-149
1767172381.5982382,-1,-10,-143
1767172381.6082382,0,-11,-141
1767172381.6182382,3,-9,-149
1767172381.6282382,4,-7,-150
1767172381.6382382,3,-5,-145
1767172381.6482382,3,-7,-137
1767172381.6582382,1,-5,-130
1767172381.6682382,2,-3,-136
1767172381.6782382,3,-2,-136
1767172381.688238,4,-2,-139
1767172381.698238,4,0,-133
1767172381.708238,2,0,-138
1767172381.718238,0,0,-134
1767172381.728238,0,-3,-141
1767172381.738238,2,-1,-143
1767172381.748238,0,0,-140
1767172381.758238,2,-2,-135
1767172381.768238,0,-4,-135
1767172381.778238,0,-5,-131
1767172381.788238,0,-4,-132
1767172381.798238,-5,-2,-132
1767172381.8082385,-1,-6,-136
1767172381.8182385,-4,-5,-137
1767172381.8282382,-4,-2,-137
1767172381.8382382,-3,-1,-135
1767172381.8482382,-3,-4,-140
1767172381.8582382,-3,-1,-141
1767172381.8682382,-3,-4,-141
1767172381.8782382,-6,-3,-149
1767172381.8882382,-5,-3,-144
1767172381.8982382,0,-2,-144
1767172381.9082382,1,-5,-151
1767172381.9182382,1,-8,-152
1767172381.9282382,2,-5,-154
1767172381.938238,2,-2,-149
1767172381.948238,3,-5,-150
1767172381.958238,4,-3,-145
1767172381.968238,1,-1,-146
1767172381.978238,0,-2,-144
1767172381.988238,1,-6,-147
1767172381.998238,0,-3,-145
1767172382.008238,-1,-4,-150
1767172382.018238,-4,-2,-160
1767172382.028238,0,0,-163
1767172382.038238,1,-2,-152
1767172382.048238,0,-2,-151
1767172382.0582385,0,0,-150
1767172382.0682385,0,0,-152
1767172382.0782382,3,2,-152
1767172382.0882382,-1,-2,-143
1767172382.0982382,-1,-1,-142
1767172382.1082382,0,1,-144
1767172382.1182382,0,1,-150
1767172382.1282382,0,3,-151
1767172382.1382382,0,1,-151
1767172382.1482382,3,3,-147
1767172382.1582382,2,4,-143
1767172382.1682382,-1,3,-146
1767172382.1782382,-2,2,-148
1767172382.188238,0,5,-145
1767172382.198238,0,4,-140
1767172382.208238,0,3,-141
1767172382.218238,1,-2,-137
1767172382.228238,0,-4,-135
1767172382.238238,4,-3,-144
1767172382.248238,1,-3,-140
1767172382.258238,4,-1,-138
1767172382.268238,5,2,-142
1767172382.278238,4,2,-142
1767172382.288238,2,-1,-142
1767172382.298238,0,-3,-143
1767172382.3082385,1,0,-142
1767172382.3182385,2,-1,-145
1767172382.3282382,0,-4,-148
1767172382.3382382,1,-4,-143
1767172382.3482382,2,-4,-144
1767172382.3582382,3,-7,-143
1767172382.3682382,1,-6,-145
1767172382.3782382,0,-3,-146
1767172382.3882382,-4,-3,-139
1767172382.3982382,-4,3,-143
1767172382.4082382,-1,5,-139
1767172382.4182382,0,5,-140
1767172382.4282382,-2,4,-138
1767172382.438238,-3,1,-142
1767172382.448238,0,0,-139
1767172382.458238,0,3,-142
1767172382.468238,-2,4,-142
1767172382.478238,-3,0,-140
1767172382.488238,0,3,-140
1767172382.498238,-1,5,-144
1767172382.508238,-2,2,-144
1767172382.518238,-3,0,-137
1767172382.528238,-3,1,-137
1767172382.538238,-1,0,-132
1767172382.548238,0,0,-129
1767172382.5582385,4,0,-134
1767172382.5682385,5,0,-125
1767172382.5782382,5,0,-122
1767172382.5882382,7,1,-123
1767172382.5982382,2,-3,-130
1767172382.6082382,4,-4,-131
1767172382.6182382,5,-2,-130
1767172382.6282382,4,-1,-128
1767172382.6382382,5,-2,-131
1767172382.6482382,2,-4,-125
1767172382.6582382,1,-6,-131
1767172382.6682382,-4,-2,-131
1767172382.6782382,-4,0,-133
1767172382.688238,-3,1,-141
1767172382.698238,0,4,-142
1767172382.708238,3,2,-137
1767172382.718238,-1,4,-143
1767172382.728238,-1,2,-140
1767172382.738238,-8,1,-146
1767172382.748238,-6,0,-151
1767172382.758238,-4,-2,-149
1767172382.768238,-4,-4,-144
1767172382.778238,-7,-3,-143
1767172382.788238,-6,-6,-147
1767172382.798238,0,-6,-154
1767172382.8082385,4,0,-152
1767172382.8182385,6,0,-146
1767172382.8282382,2,1,-144
1767172382.8382382,1,0,-139
1767172382.8482382,0,0,-141
1767172382.8582382,4,0,-141
1767172382.8682382,7,0,-142
1767172382.8782382,9,0,-144
1767172382.8882382,8,1,-142
1767172382.8982382,3,1,-139
1767172382.9082382,5,3,-145
1767172382.9182382,4,1,-146
1767172382.9282382,4,0,-145
1767172382.938238,6,-1,-145
1767172382.948238,6,0,-144
1767172382.958238,5,0,-136
1767172382.968238,3,2,-134
1767172382.978238,0,3,-133
1767172382.988238,0,1,-132
1767172382.998238,0,1,-135
1767172383.008238,0,3,-136
1767172383.018238,1,5,-142
1767172383.028238,1,5,-148
1767172383.038238,3,6,-153
1767172383.048238,5,5,-147
1767172383.0582385,1,4,-145
1767172383.0682385,5,5,-141
1767172383.0782382,3,2,-131
1767172383.0882382,0,4,-136
1767172383.0982382,0,4,-140
1767172383.1082382,-1,6,-138
1767172383.1182382,-5,-2,-138
1767172383.1282382,-1,-3,-142
1767172383.1382382,0,0,-145
1767172383.1482382,4,-4,-137
1767172383.1582382,0,-6,-139
1767172383.1682382,0,-2,-145
1767172383.1782382,2,-1,-143
1767172383.188238,1,-2,-149
1767172383.198238,6,-1,-148
1767172383.208238,9,-1,-146
1767172383.218238,6,-3,-147
1767172383.228238,4,-5,-147
1767172383.238238,3,-2,-148
1767172383.248238,1,-2,-147
1767172383.258238,3,0,-144
1767172383.268238,10,-1,-144
1767172383.278238,3,-3,-144
1767172383.2992382,4,0,-145
1767172383.3082385,6,0,-147
1767172383.3182385,10,0,-147
1767172383.3282382,11,0,-147
1767172383.3382382,15,-1,-148
1767172383.3482382,9,-5,-148
1767172383.3582382,0,-4,-151
1767172383.3682382,2,0,-155
1767172383.3782382,6,2,-155
1767172383.3882382,2,1,-150
1767172383.3982382,2,1,-148
1767172383.4082382,7,0,-148
1767172383.4182382,3,0,-146
1767172383.4282382,9,-1,-144
1767172383.438238,10,-2,-145
1767172383.448238,8,-5,-148
1767172383.458238,6,-2,-137
1767172383.468238,2,-3,-138
1767172383.478238,2,-6,-144
1767172383.488238,6,-5,-145
1767172383.498238,3,-3,-139
1767172383.508238,0,0,-134
1767172383.518238,1,-2,-134
1767172383.528238,2,0,-126
1767172383.538238,0,1,-124
1767172383.548238,0,4,-122
1767172383.5582385,0,3,-122
1767172383.5682385,0,2,-126
1767172383.5782382,-1,0,-127
1767172383.5882382,-1,-2,-131
1767172383.5982382,-3,-6,-134
1767172383.6082382,-3,-6,-138
1767172383.6182382,-9,-2,-140
1767172383.6282382,-7,3,-144
1767172383.6382382,-3,5,-147
1767172383.6482382,-4,1,-140
1767172383.6582382,-4,-1,-145
1767172383.6682382,0,-1,-145
1767172383.6782382,-3,4,-142
1767172383.688238,-4,6,-133
1767172383.698238,-2,0,-134
1767172383.708238,-3,-1,-138
1767172383.718238,-3,-1,-136
1767172383.728238,0,-1,-132
1767172383.738238,-2,0,-138
1767172383.748238,-1,-2,-144
1767172383.758238,0,-1,-142
1767172383.768238,0,-1,-144
1767172383.778238,-1,-1,-146
1767172383.788238,-5,-1,-139
1767172383.798238,-4,-6,-134
1767172383.8082385,-4,-4,-135
1767172383.8182385,-3,-1,-128
1767172383.8282382,1,0,-132
1767172383.8382382,0,1,-135
1767172383.8482382,2,1,-127
1767172383.8582382,4,1,-131
1767172383.869238,5,2,-138
1767172383.879238,-1,4,-137
1767172383.889238,2,1,-145
1767172383.899238,0,1,-147
1767172383.9082382,2,1,-149
1767172383.919238,-1,1,-146
1767172383.929238,1,1,-143
1767172383.939238,0,1,-141
1767172383.949238,2,-1,-140
1767172383.959238,2,2,-137
1767172383.969238,1,1,-135
1767172383.9792385,-3,4,-131
1767172383.9892385,-3,2,-142
1767172383.9992385,-4,-3,-146
1767172384.0092382,-2,-3,-143
1767172384.0192382,-5,-2,-139
1767172384.0292382,-6,-1,-140
1767172384.0392382,-4,0,-138
1767172384.0492382,-3,1,-134
1767172384.0592382,-5,5,-141
1767172384.0692382,-3,9,-147
1767172384.0792382,-7,7,-146
1767172384.0892382,-5,8,-142
1767172384.0992382,-6,9,-137
1767172384.109238,-1,9,-130
1767172384.119238,-1,10,-129
1767172384.129238,4,8,-133
1767172384.139238,2,6,-140
1767172384.149238,1,8,-143
1767172384.159238,1,4,-138
1767172384.169238,0,0,-136
1767172384.179238,1,1,-139
1767172384.189238,0,2,-141
1767172384.199238,2,2,-146
1767172384.209238,0,2,-143
1767172384.219238,1,5,-146
1767172384.2292385,0,5,-149
1767172384.2392385,-1,4,-148
1767172384.2492385,0,3,-143
1767172384.2592382,0,3,-137
1767172384.2692382,-4,-2,-138
1767172384.2792382,-6,-4,-143
1767172384.2892382,-7,1,-147
1767172384.2992382,-6,2,-141
1767172384.3092382,-4,2,-139
1767172384.3192382,-1,2,-143
1767172384.3292382,3,1,-141
1767172384.3392382,1,4,-145
1767172384.3492382,-1,7,-146
1767172384.359238,5,7,-150
1767172384.369238,2,2,-148
1767172384.379238,4,0,-144
1767172384.389238,3,-3,-144
1767172384.399238,3,-6,-145
1767172384.409238,3,-4,-149
1767172384.419238,0,1,-148
1767172384.429238,-3,5,-140
1767172384.439238,0,7,-142
1767172384.449238,2,5,-146
1767172384.459238,-4,4,-141
1767172384.469238,-4,4,-146
1767172384.4792385,1,0,-146
1767172384.4892385,3,0,-146
1767172384.4992385,8,0,-139
1767172384.5092382,5,1,-143
1767172384.5192382,2,0,-145
1767172384.5292382,1,0,-140
1767172384.5392382,1,-1,-137
1767172384.5492382,0,-1,-142
1767172384.5592382,-1,0,-142
1767172384.5692382,1,-3,-143
1767172384.5792382,4,-5,-147
1767172384.5892382,3,-4,-147
1767172384.5992382,2,-4,-146
1767172384.609238,2,-4,-148
1767172384.619238,0,-4,-137
1767172384.629238,0,-5,-131
1767172384.639238,4,-6,-135
1767172384.649238,2,-4,-139
1767172384.659238,4,-1,-142
1767172384.669238,-2,-3,-144
1767172384.679238,-4,-3,-143
1767172384.689238,0,-6,-143
1767172384.699238,3,-5,-141
1767172384.709238,8,-7,-143
1767172384.719238,5,-5,-150
1767172384.7292385,6,-4,-145
1767172384.7392385,3,-5,-139
1767172384.7492385,6,-6,-144
1767172384.7592382,8,-10,-138
1767172384.7692382,5,-5,-144
1767172384.7792382,1,-1,-146
1767172384.7892382,-5,-2,-142
1767172384.7992382,-3,-4,-147
1767172384.8092382,-9,-3,-143
1767172384.8192382,-8,-3,-140
1767172384.8292382,-8,-3,-137
1767172384.8392382,-1,-5,-138
1767172384.8492382,-1,-6,-135
1767172384.859238,-3,-6,-139
1767172384.869238,-3,-7,-141
1767172384.879238,-1,-7,-144
1767172384.889238,-1,-6,-142
1767172384.899238,-5,-5,-140
1767172384.909238,-3,-4,-145
1767172384.919238,-3,1,-151
1767172384.929238,-5,1,-159
1767172384.939238,-6,1,-162
1767172384.949238,-6,-2,-159
1767172384.959238,-3,0,-160
1767172384.969238,1,1,-159
1767172384.9792385,2,-1,-153
1767172384.9892385,4,-3,-150
1767172384.9992385,2,-2,-147
1767172385.0092382,1,-4,-146
1767172385.0192382,2,0,-146
1767172385.0292382,2,0,-146
1767172385.0392382,-1,1,-143
1767172385.0492382,-2,6,-137
1767172385.0592382,-3,3,-141
1767172385.0692382,0,0,-147
1767172385.0792382,3,-2,-147
1767172385.0892382,2,0,-142
1767172385.0992382,3,0,-139
1767172385.109238,5,-3,-141
1767172385.119238,4,-3,-146
1767172385.129238,7,-3,-143
1767172385.139238,7,-3,-146
1767172385.149238,6,-1,-150
1767172385.159238,7,-2,-146
1767172385.169238,6,-3,-144
1767172385.179238,8,0,-143
1767172385.189238,7,-2,-136
1767172385.199238,1,-2,-135
1767172385.209238,-1,1,-132
1767172385.219238,-2,1,-136
1767172385.2292385,-6,0,-136
1767172385.2392385,-8,1,-136
1767172385.2492385,-7,1,-136
1767172385.2592382,-3,1,-127
1767172385.2692382,-5,2,-123
1767172385.2792382,-6,3,-130
1767172385.2892382,-5,1,-136
1767172385.2992382,-7,3,-145
1767172385.3092382,-9,1,-147
1767172385.3192382,-11,1,-148
1767172385.3292382,-8,-1,-151
1767172385.340238,-9,-6,-149
1767172385.3492382,-6,-5,-147
1767172385.359238,-11,-4,-141
1767172385.369238,-8,-3,-138
1767172385.379238,-4,-3,-138
1767172385.389238,1,-3,-139
1767172385.399238,0,1,-132
1767172385.409238,0,4,-125
1767172385.419238,-4,6,-131
1767172385.429238,-3,5,-129
1767172385.439238,-1,1,-131
1767172385.449238,0,2,-134
1767172385.459238,-2,-1,-145
1767172385.469238,-1,-8,-135
1767172385.4792385,0,-11,-127
1767172385.4892385,0,-8,-131
1767172385.4992385,2,-6,-133
1767172385.5092382,1,-5,-135
1767172385.5192382,4,-2,-134
1767172385.5292382,1,-5,-135
1767172385.5392382,5,-3,-135
1767172385.5492382,3,-4,-144
1767172385.5592382,1,-4,-143
1767172385.5692382,0,0,-140
1767172385.5792382,1,1,-134
1767172385.5892382,3,0,-133
1767172385.5992382,4,3,-137
1767172385.609238,6,3,-145
1767172385.619238,13,1,-144
1767172385.629238,13,0,-141
1767172385.639238,7,1,-139
1767172385.649238,7,-1,-140
1767172385.659238,1,0,-137
1767172385.669238,0,2,-138
1767172385.679238,-1,2,-139
1767172385.689238,-2,0,-138
1767172385.699238,0,1,-139
1767172385.709238,-8,4,-134
1767172385.719238,-8,8,-133
1767172385.7292385,-5,7,-140
1767172385.7392385,-10,1,-139
1767172385.7492385,-8,0,-138
1767172385.7592382,-7,0,-139
1767172385.7692382,-6,-4,-139
1767172385.7792382,-4,-3,-139
1767172385.7892382,-5,-4,-132
1767172385.7992382,-1,-1,-131
1767172385.8092382,-4,0,-135
1767172385.8192382,-3,3,-136
1767172385.8292382,-3,5,-136
1767172385.8392382,-3,4,-141
1767172385.8492382,4,0,-139
1767172385.859238,3,-6,-144
1767172385.869238,0,-7,-142
1767172385.879238,3,-8,-141
1767172385.889238,3,-6,-135
1767172385.899238,3,-3,-131
1767172385.909238,8,-6,-131
1767172385.919238,8,-9,-136
1767172385.929238,6,-9,-140
1767172385.939238,4,-13,-129
1767172385.949238,3,-12,-129
1767172385.959238,3,-9,-134
1767172385.969238,1,-5,-134
1767172385.9792385,3,-5,-139
1767172385.9892385,0,-3,-136
1767172385.9992385,5,-2,-138
1767172386.0092382,4,-2,-136
1767172386.0192382,0,-2,-133
1767172386.0292382,3,-1,-137
1767172386.0392382,3,-2,-143
1767172386.0492382,2,0,-146
1767172386.0592382,2,1,-141
1767172386.0692382,0,0,-140
1767172386.0792382,-3,-1,-143
1767172386.0892382,0,-2,-142
1767172386.0992382,2,-4,-142
1767172386.109238,3,-4,-142
1767172386.119238,0,-6,-144
1767172386.129238,-1,-8,-148
1767172386.139238,-5,-5,-142
1767172386.149238,-4,-2,-139
1767172386.159238,-4,2,-133
1767172386.169238,-4,2,-138
1767172386.179238,-6,0,-148
1767172386.189238,-7,-1,-146
1767172386.199238,-11,0,-150
1767172386.209238,-7,2,-145
1767172386.219238,-4,0,-151
1767172386.2292385,3,-4,-150
1767172386.2392385,3,-4,-143
1767172386.2492385,2,-1,-148
1767172386.2592382,0,3,-141
1767172386.2692382,-4,2,-143
1767172386.2792382,-4,1,-137
1767172386.2892382,-4,5,-141
1767172386.2992382,-4,5,-142
1767172386.3092382,-4,2,-141
1767172386.320238,3,-3,-147
1767172386.3292382,4,-5,-148
1767172386.3392382,1,-3,-148
1767172386.350238,1,-6,-144
1767172386.359238,5,-5,-148
1767172386.369238,2,-2,-146
1767172386.379238,-2,-1,-143
1767172386.390238,-6,-3,-142
1767172386.399238,-6,-7,-139
1767172386.4102385,-5,-6,-135
1767172386.4202385,-8,-1,-130
1767172386.4302382,-9,0,-135
1767172386.4402382,-7,3,-142
1767172386.4502382,-5,8,-142
1767172386.4602382,-1,8,-143
1767172386.4702382,-1,5,-146
1767172386.4802382,0,2,-144
1767172386.4902382,0,0,-143
1767172386.5002382,0,-2,-143
1767172386.5102382,2,-8,-144
1767172386.5202382,-2,-7,-143
1767172386.5302382,-4,-4,-145
1767172386.540238,-2,-3,-143
1767172386.550238,-4,0,-139
1767172386.560238,-5,-6,-136
1767172386.570238,-1,-1,-135
1767172386.580238,0,0,-134
1767172386.590238,0,1,-139
1767172386.600238,-1,1,-138
1767172386.610238,2,0,-141
1767172386.620238,2,0,-139
1767172386.630238,-1,3,-146
1767172386.640238,-4,0,-143
1767172386.650238,0,-4,-151
1767172386.6602385,3,-1,-148
1767172386.6702385,0,0,-144
1767172386.6802382,-3,-1,-144
1767172386.6902382,-3,-5,-143
1767172386.7002382,2,-6,-141
1767172386.7102382,4,-4,-140
1767172386.7202382,1,-3,-142
1767172386.7302382,4,1,-138
1767172386.7402382,4,0,-133
1767172386.7502382,3,1,-134
1767172386.7602382,1,1,-130
1767172386.7702382,1,0,-131
1767172386.7802382,3,1,-133
1767172386.790238,5,0,-130
1767172386.800238,3,5,-128
1767172386.810238,-2,4,-132
1767172386.820238,-2,1,-130
1767172386.830238,0,-1,-132
1767172386.840238,-2,-2,-133
1767172386.850238,-4,-1,-138
1767172386.860238,-1,0,-136
1767172386.870238,0,-2,-138
1767172386.880238,4,-4,-141
1767172386.890238,5,-1,-142
1767172386.900238,0,-3,-142
1767172386.9102385,1,-4,-143
1767172386.9202385,1,1,-139
1767172386.9302382,1,2,-138
1767172386.9402382,1,-1,-136
1767172386.9502382,1,-2,-136
1767172386.9602382,0,-4,-138
1767172386.9702382,0,0,-138
1767172386.9802382,-2,0,-139
1767172386.9902382,-2,1,-140
1767172387.0002382,-4,6,-143
1767172387.0102382,-7,5,-151
1767172387.0202382,-8,5,-151
1767172387.0302382,-5,4,-156
1767172387.040238,-1,0,-155
1767172387.050238,-1,1,-149
1767172387.060238,1,0,-141
1767172387.070238,-3,1,-139
1767172387.080238,0,-1,-147
1767172387.090238,5,0,-145
1767172387.100238,5,0,-144
1767172387.110238,4,-1,-138
1767172387.120238,-1,1,-138
1767172387.130238,0,2,-132
1767172387.140238,1,4,-124
1767172387.150238,0,4,-120
1767172387.1602385,0,5,-124
1767172387.1702385,-3,4,-132
1767172387.1802382,-4,-2,-134
1767172387.1902382,-1,-2,-140
1767172387.2002382,-4,0,-144
1767172387.2102382,-4,0,-149
1767172387.2202382,-5,0,-149
1767172387.2302382,0,-3,-152
1767172387.2402382,-2,-3,-153
1767172387.2502382,-8,-4,-154
1767172387.2602382,-6,-1,-152
1767172387.2702382,2,0,-147
1767172387.2802382,1,0,-149
1767172387.290238,-3,2,-158
1767172387.300238,-3,4,-148
1767172387.310238,0,10,-144
1767172387.320238,-1,10,-148
1767172387.330238,-1,8,-145
1767172387.340238,-1,6,-145
1767172387.350238,0,0,-148
1767172387.360238,-5,-1,-148
1767172387.370238,-4,-2,-152
1767172387.380238,-4,0,-149
1767172387.390238,-5,5,-148
1767172387.400238,-2,7,-146
1767172387.4102385,-2,4,-145
1767172387.4202385,-3,8,-143
1767172387.4302382,0,6,-141
1767172387.4402382,1,2,-140
1767172387.4502382,0,-6,-146
1767172387.4602382,-3,-5,-139
1767172387.4702382,0,-8,-139
1767172387.4802382,-1,-10,-145
1767172387.4902382,0,-8,-146
1767172387.5002382,-3,-6,-147
1767172387.5102382,1,-3,-149
1767172387.5202382,7,-2,-150
1767172387.5302382,2,0,-141
1767172387.540238,6,1,-144
1767172387.550238,6,0,-144
1767172387.560238,10,0,-138
1767172387.570238,5,3,-134
1767172387.580238,3,1,-139
1767172387.590238,1,-1,-140
1767172387.600238,1,-1,-135
1767172387.610238,3,0,-130
1767172387.620238,2,-4,-130
1767172387.630238,1,-3,-134
1767172387.640238,-1,-2,-135
1767172387.650238,0,-4,-140
1767172387.6602385,-1,-9,-137
1767172387.6702385,0,-4,-136
1767172387.6802382,0,-4,-142
1767172387.6902382,3,0,-144
1767172387.7002382,2,2,-140
1767172387.7102382,-1,3,-141
1767172387.7202382,-3,1,-145
1767172387.7302382,-6,2,-146
1767172387.7402382,-1,-1,-146
1767172387.7502382,-4,0,-145
1767172387.7602382,-2,2,-133
1767172387.7702382,-2,0,-135
1767172387.7802382,-2,-2,-137
1767172387.790238,-2,-3,-138
1767172387.800238,0,-6,-140
1767172387.810238,1,-5,-139
1767172387.820238,3,-1,-136
1767172387.830238,1,0,-133
1767172387.840238,0,0,-131
1767172387.850238,0,-1,-132
1767172387.860238,0,-1,-134
1767172387.870238,-3,1,-135
1767172387.880238,-1,0,-140
1767172387.890238,-7,2,-139
1767172387.900238,-6,3,-138
1767172387.9102385,-7,2,-136
1767172387.9202385,-9,2,-135
1767172387.9302382,-12,0,-137
1767172387.9402382,-6,0,-143
1767172387.9502382,-2,-1,-149
1767172387.9602382,-4,2,-148
1767172387.9702382,-4,4,-140
1767172387.9802382,-1,4,-143
1767172387.9902382,-1,1,-147
1767172388.0002382,0,3,-145
1767172388.0102382,0,4,-148
1767172388.0202382,-1,4,-151
1767172388.0302382,-1,-1,-149
1767172388.040238,0,-3,-147
1767172388.050238,-5,-2,-148
1767172388.060238,-6,3,-149
1767172388.070238,-8,-1,-150
1767172388.080238,-8,1,-149
1767172388.090238,-6,-3,-146
1767172388.100238,-6,-3,-143
1767172388.110238,-5,0,-135
1767172388.120238,-6,-3,-135
1767172388.130238,-5,-5,-132
1767172388.140238,-1,-3,-139
1767172388.150238,0,-1,-140
1767172388.1602385,3,-3,-137
1767172388.1702385,3,-6,-137
1767172388.1802382,0,-5,-140
1767172388.1902382,0,0,-141
1767172388.2002382,0,2,-141
1767172388.2102382,0,5,-142
1767172388.2202382,-3,4,-133
1767172388.2302382,-4,1,-137
1767172388.2402382,0,0,-134
1767172388.2502382,-1,-4,-137
1767172388.2602382,-1,-2,-136
1767172388.2702382,-3,-1,-139
1767172388.2802382,-3,1,-141
1767172388.290238,-2,-1,-148
1767172388.3122382,-4,-5,-151
1767172388.320238,-2,-3,-147
1767172388.330238,-6,-6,-143
1767172388.340238,-5,-6,-136
1767172388.350238,-6,-3,-139
1767172388.360238,-4,-3,-138
1767172388.370238,-2,-1,-140
1767172388.380238,-1,-5,-148
1767172388.390238,-3,0,-150
1767172388.400238,0,-2,-147
1767172388.4102385,2,1,-148
1767172388.4202385,1,1,-147
1767172388.4302382,1,5,-149
1767172388.4402382,-3,2,-156
1767172388.4502382,-7,2,-157
1767172388.4602382,-9,1,-154
1767172388.4702382,-9,2,-155
1767172388.4802382,-9,2,-149
1767172388.4902382,-8,-4,-147
1767172388.5002382,-5,-1,-151
1767172388.5102382,0,0,-145
1767172388.5202382,4,2,-147
1767172388.5302382,3,1,-144
1767172388.540238,2,4,-144
1767172388.550238,1,1,-143
1767172388.560238,0,0,-146
1767172388.570238,1,1,-146
1767172388.580238,2,0,-146
1767172388.590238,8,-4,-147
1767172388.600238,7,-1,-147
1767172388.610238,5,0,-153
1767172388.620238,5,5,-155
1767172388.630238,2,1,-147
1767172388.640238,3,3,-141
1767172388.650238,2,0,-134
1767172388.6602385,2,-2,-133
1767172388.6702385,1,-5,-133
1767172388.6802382,0,-6,-135
1767172388.6902382,-1,-5,-140
1767172388.7002382,0,-4,-141
1767172388.7102382,1,-1,-143
1767172388.7202382,3,-3,-135
1767172388.7302382,5,-6,-136
1767172388.7402382,3,-7,-129
1767172388.7502382,4,-6,-131
1767172388.7602382,4,-5,-135
1767172388.7702382,2,-2,-130
1767172388.7802382,2,-2,-131
1767172388.790238,3,0,-135
1767172388.800238,7,1,-140
1767172388.810238,5,4,-147
1767172388.820238,2,1,-142
1767172388.830238,0,0,-148
1767172388.840238,-5,0,-146
1767172388.850238,-3,-1,-145
1767172388.860238,-9,2,-141
1767172388.870238,-8,1,-139
1767172388.880238,-7,0,-135
1767172388.890238,-9,3,-139
1767172388.900238,-9,0,-141
1767172388.9102385,-9,-1,-140
1767172388.9212382,-8,0,-141
1767172388.9312382,-2,1,-139
1767172388.9412382,-1,0,-141
1767172388.9502382,0,-1,-149
1767172388.961238,0,-3,-148
1767172388.971238,-1,-4,-148
1767172388.981238,2,0,-145
1767172388.991238,3,2,-144
1767172389.001238,1,2,-141
1767172389.011238,2,3,-136
1767172389.021238,-4,5,-130
1767172389.031238,0,1,-130
1767172389.041238,-1,2,-135
1767172389.051238,-3,1,-131
1767172389.061238,-8,0,-137
1767172389.071238,-8,2,-141
1767172389.0812385,-6,3,-148
1767172389.0912385,-4,4,-141
1767172389.1012385,-5,2,-144
1767172389.1112382,-6,0,-143
1767172389.1212382,-6,0,-148
1767172389.1312382,-7,-2,-147
1767172389.1412382,-2,-5,-144
1767172389.1512382,0,-6,-146
1767172389.1612382,3,-2,-148
1767172389.1712382,0,-2,-149
1767172389.1812382,3,0,-143
1767172389.1912382,2,1,-146
1767172389.2012382,5,0,-143
1767172389.211238,5,2,-143
1767172389.221238,9,4,-146
1767172389.231238,8,3,-145
1767172389.241238,6,6,-148
1767172389.251238,6,4,-144
1767172389.261238,5,0,-142
1767172389.271238,5,-2,-143
1767172389.281238,5,-1,-139
1767172389.291238,3,0,-143
1767172389.301238,8,-2,-144
1767172389.311238,7,-1,-141
1767172389.321238,3,2,-143
1767172389.3312385,1,3,-146
1767172389.3412385,1,2,-144
1767172389.3512385,0,0,-147
1767172389.3612382,0,0,-145
1767172389.3712382,0,0,-147
1767172389.3812382,-3,-2,-146
1767172389.3912382,-3,0,-141
1767172389.4012382,-4,0,-130
1767172389.4112382,-5,0,-131
1767172389.4212382,-6,0,-131
1767172389.4312382,-6,-3,-128
1767172389.4412382,-3,0,-123
1767172389.4512382,2,-4,-131
1767172389.461238,-1,-3,-137
1767172389.471238,-1,-4,-140
1767172389.481238,3,-4,-136
1767172389.491238,-2,-2,-137
1767172389.501238,-3,0,-137
1767172389.511238,-7,0,-145
1767172389.521238,-8,-2,-142
1767172389.531238,-4,-1,-137
1767172389.541238,0,0,-135
1767172389.551238,3,-1,-137
1767172389.561238,1,-2,-133
1767172389.571238,3,-8,-136
1767172389.5812385,-1,-8,-141
1767172389.5912385,1,-11,-137
1767172389.6012385,-1,-10,-139
1767172389.6112382,-4,-13,-147
1767172389.6212382,1,-6,-149
1767172389.6312382,3,-3,-149
1767172389.6412382,6,1,-139
1767172389.6512382,2,0,-137
1767172389.6612382,3,-2,-137
1767172389.6712382,4,0,-146
1767172389.6812382,1,-5,-141
1767172389.6912382,0,-4,-136
1767172389.7012382,1,-5,-137
1767172389.711238,2,-8,-143
1767172389.721238,3,-8,-136
1767172389.731238,5,-7,-139
1767172389.741238,2,-4,-140
1767172389.751238,1,2,-139
1767172389.761238,5,1,-141
1767172389.771238,7,5,-136
1767172389.781238,8,3,-129
1767172389.791238,0,2,-137
1767172389.801238,0,1,-142
1767172389.811238,-5,-2,-145
1767172389.821238,0,-6,-138
1767172389.8312385,0,-1,-138
1767172389.8412385,1,-1,-133
1767172389.8512385,0,-1,-131
1767172389.8612382,-1,0,-136
1767172389.8712382,-5,-5,-143
1767172389.8812382,-4,-1,-146
1767172389.8912382,-3,-1,-145
1767172389.9012382,-4,0,-143
1767172389.9112382,-4,-1,-132
1767172389.9212382,-2,0,-128
1767172389.9312382,-6,2,-128
1767172389.9412382,-3,4,-124
1767172389.9512382,-1,1,-128
1767172389.961238,3,0,-130
1767172389.971238,4,-2,-135
1767172389.981238,4,-1,-136
1767172389.991238,2,-2,-137
1767172390.001238,-2,-4,-134
1767172390.011238,-4,-2,-134
1767172390.021238,-6,2,-130
1767172390.031238,0,6,-133
1767172390.041238,0,8,-133
1767172390.051238,0,9,-134
1767172390.061238,-1,9,-140
1767172390.071238,-2,5,-143
1767172390.0812385,-3,4,-145
1767172390.0912385,-2,-2,-140
1767172390.1012385,0,-3,-139
1767172390.1112382,3,-5,-139
1767172390.1212382,1,-5,-134
1767172390.1312382,0,-6,-132
1767172390.1412382,1,-3,-133
1767172390.1512382,4,-3,-135
1767172390.1612382,3,-4,-140
1767172390.1712382,2,0,-141
1767172390.1812382,-2,-1,-140
1767172390.1912382,-2,-4,-142
1767172390.2012382,-2,-3,-146
1767172390.211238,1,1,-144
1767172390.221238,2,0,-153
1767172390.231238,0,-2,-157
1767172390.241238,-2,0,-148
1767172390.251238,0,1,-147
1767172390.261238,2,0,-145
1767172390.271238,3,1,-140
1767172390.281238,1,1,-143
1767172390.291238,2,3,-149
1767172390.301238,2,4,-149
1767172390.311238,0,2,-150
1767172390.321238,-1,2,-139
1767172390.3312385,0,-2,-131
1767172390.3412385,-2,-5,-131
1767172390.3512385,-5,-4,-131
1767172390.3612382,-7,-6,-134
1767172390.3712382,-7,-6,-133
1767172390.3812382,-1,-4,-130
1767172390.3912382,-5,-6,-135
1767172390.4012382,-1,-3,-131
1767172390.4112382,3,-4,-127
1767172390.4212382,-2,-3,-132
1767172390.4312382,-4,-3,-139
1767172390.4412382,0,-4,-142
1767172390.4512382,-2,-4,-144
1767172390.461238,-6,-4,-143
1767172390.471238,-3,-3,-153
1767172390.481238,-3,-3,-151
1767172390.491238,-1,-6,-148
1767172390.501238,1,-8,-143
1767172390.511238,5,-8,-140
1767172390.521238,7,-4,-141
1767172390.531238,6,-1,-141
1767172390.541238,12,1,-148
1767172390.551238,8,1,-151
1767172390.561238,5,-2,-145
1767172390.571238,3,3,-139
1767172390.5812385,1,4,-136
1767172390.5912385,-3,2,-142
1767172390.6012385,-3,-1,-140
1767172390.6112382,1,-2,-139
1767172390.6212382,1,-4,-141
1767172390.6312382,5,-6,-143
1767172390.6412382,5,-5,-148
1767172390.6512382,3,-5,-143
1767172390.6612382,0,-6,-133
1767172390.6712382,-1,-7,-137
1767172390.6812382,0,-7,-137
1767172390.6912382,-3,-5,-144
1767172390.7012382,-3,-7,-150
1767172390.711238,0,-7,-150
1767172390.721238,0,-7,-154
1767172390.731238,-3,-4,-152
1767172390.741238,-6,-4,-155
1767172390.751238,-3,-5,-151
1767172390.761238,4,-6,-151
1767172390.771238,4,-3,-141
1767172390.781238,6,-3,-140
1767172390.791238,6,0,-143
1767172390.801238,3,0,-147
1767172390.811238,-3,-3,-146
1767172390.821238,-4,0,-137
1767172390.8312385,-1,-1,-139
1767172390.8412385,0,0,-140
1767172390.8512385,-2,0,-137
1767172390.8612382,2,-2,-138
1767172390.8712382,1,1,-144
1767172390.8812382,1,0,-145
1767172390.8912382,2,2,-140
1767172390.9012382,-1,5,-138
1767172390.9112382,-4,2,-133
1767172390.9212382,-3,-2,-135
1767172390.9312382,1,0,-131
1767172390.9412382,1,1,-130
1767172390.9512382,-1,1,-132
1767172390.961238,-2,-3,-132
1767172390.971238,1,-5,-131
1767172390.981238,0,-5,-132
1767172390.991238,-6,-1,-132
1767172391.001238,-10,0,-138
1767172391.011238,-7,-1,-143
1767172391.021238,2,-3,-138
1767172391.031238,3,-2,-138
1767172391.041238,3,0,-136
1767172391.051238,3,0,-137
1767172391.061238,-1,1,-135
1767172391.071238,-5,-4,-136
1767172391.0812385,-4,-7,-140
1767172391.0912385,-10,-1,-140
1767172391.1012385,-9,-2,-142
1767172391.1112382,-4,0,-144
1767172391.1212382,0,-1,-139
1767172391.1312382,-2,1,-141
1767172391.1412382,-2,-1,-142
1767172391.1512382,0,0,-139
1767172391.1612382,0,0,-139
1767172391.1712382,3,-2,-141
1767172391.1812382,3,-3,-139
1767172391.1912382,0,-2,-134
1767172391.2012382,5,-1,-137
1767172391.211238,8,-3,-139
1767172391.221238,10,-4,-140
1767172391.231238,5,-5,-135
1767172391.241238,0,-4,-139
1767172391.251238,0,-2,-139
1767172391.261238,1,0,-137
1767172391.271238,0,1,-140
1767172391.281238,0,1,-139
1767172391.291238,-1,1,-147
1767172391.301238,2,1,-148
1767172391.311238,-1,2,-146
1767172391.321238,-2,1,-146
1767172391.3312385,-1,2,-144
1767172391.3412385,-3,4,-144
1767172391.3512385,-4,3,-138
1767172391.3612382,-7,2,-132
1767172391.3712382,-7,5,-126
1767172391.3812382,-3,4,-127
1767172391.3912382,-3,0,-128
1767172391.4012382,-1,1,-130
1767172391.4112382,2,1,-134
1767172391.4212382,7,0,-131
1767172391.4312382,5,0,-129
1767172391.4412382,7,0,-128
1767172391.4512382,5,-3,-128
1767172391.461238,6,-3,-132
1767172391.471238,7,-6,-136
1767172391.482238,1,-4,-137
1767172391.492238,0,-8,-145
1767172391.502238,-2,-8,-151
1767172391.5122385,-4,-7,-145
1767172391.5222385,-2,-6,-143
1767172391.5322382,2,-9,-137
1767172391.5422382,5,-5,-141
1767172391.5522382,2,-3,-134
1767172391.5622382,0,-4,-130
1767172391.5722382,-2,-9,-134
1767172391.5822382,-2,-7,-132
1767172391.5922382,-5,-1,-136
1767172391.6022382,-5,-2,-130
1767172391.6122382,1,-5,-134
1767172391.6222382,1,0,-141
1767172391.632238,-2,0,-141
1767172391.642238,-2,1,-143
1767172391.652238,-4,0,-142
1767172391.662238,-6,0,-145
1767172391.672238,-6,1,-140
1767172391.682238,-5,0,-137
1767172391.692238,-4,-4,-135
1767172391.702238,0,-9,-137
1767172391.712238,1,-3,-137
1767172391.722238,7,-5,-138
1767172391.732238,8,-8,-138
1767172391.742238,6,-8,-142
1767172391.752238,3,-7,-142
1767172391.7622385,0,-8,-144
1767172391.7722385,5,-9,-140
1767172391.7822382,1,-8,-139
1767172391.7922382,4,-5,-141
1767172391.8022382,5,-6,-141
1767172391.8122382,4,-4,-143
1767172391.8222382,0,-10,-140
1767172391.8322382,5,-7,-137
1767172391.8422382,6,-4,-139
1767172391.8522382,8,0,-137
1767172391.8622382,5,3,-138
1767172391.8722382,4,0,-141
1767172391.882238,2,0,-140
1767172391.892238,4,-2,-140
1767172391.902238,0,-4,-141
1767172391.912238,3,-3,-143
1767172391.922238,7,-2,-140
1767172391.932238,5,0,-144
1767172391.942238,3,2,-145
1767172391.952238,1,5,-147
1767172391.962238,1,3,-144
1767172391.972238,-3,0,-140
1767172391.982238,-4,-2,-136
1767172391.992238,-2,-1,-136
1767172392.002238,-5,-2,-138
1767172392.0122385,0,-4,-142
1767172392.0222385,0,-3,-142
1767172392.0322382,0,-1,-138
1767172392.0422382,0,-6,-139
1767172392.0522382,0,-9,-134
1767172392.0622382,-3,-7,-141
1767172392.0722382,-3,-7,-144
1767172392.0822382,-1,-7,-139
1767172392.0922382,-3,-5,-133
1767172392.1022382,0,-1,-137
1767172392.1122382,2,-2,-145
1767172392.1222382,-2,-2,-147
1767172392.132238,0,-9,-145
1767172392.142238,0,-10,-145
1767172392.152238,0,-7,-138
1767172392.162238,-1,-9,-140
1767172392.172238,-2,-7,-145
1767172392.182238,0,-9,-143
1767172392.192238,0,-6,-142
1767172392.202238,-2,-2,-146
1767172392.212238,-6,0,-151
1767172392.222238,-7,-1,-146
1767172392.232238,-7,0,-144
1767172392.242238,-1,0,-142
1767172392.252238,-3,-2,-136
1767172392.2622385,-5,-4,-140
1767172392.2722385,-2,-6,-140
1767172392.2822382,-2,-5,-144
1767172392.2922382,-3,-5,-143
1767172392.3022382,-5,-7,-143
1767172392.3122382,-6,-7,-139
1767172392.3222382,-3,-9,-138
1767172392.3322382,-4,-7,-142
1767172392.3422382,0,-6,-141
1767172392.3522382,-2,-3,-137
1767172392.3622382,0,-4,-135
1767172392.3722382,-3,-9,-137
1767172392.382238,-2,-6,-139
1767172392.392238,-1,-9,-138
1767172392.402238,-3,-4,-141
1767172392.412238,-2,-3,-144
1767172392.422238,-2,-4,-142
1767172392.432238,-6,-6,-136
1767172392.442238,-5,-4,-126
1767172392.452238,-2,-4,-128
1767172392.462238,1,-6,-132
1767172392.472238,0,0,-131
1767172392.482238,1,0,-137
1767172392.492238,-1,-3,-146
1767172392.502238,-1,-7,-149
1767172392.5122385,-4,-6,-148
1767172392.5222385,-6,-5,-139
1767172392.5322382,-2,0,-133
1767172392.5422382,-2,-2,-140
1767172392.5522382,-1,-4,-133
1767172392.5622382,-1,-2,-139
1767172392.5722382,0,2,-141
1767172392.5822382,0,4,-139
1767172392.5922382,1,8,-141
1767172392.6022382,7,6,-141
1767172392.6122382,8,9,-145
1767172392.6222382,3,7,-145
1767172392.632238,2,1,-142
1767172392.642238,3,0,-141
1767172392.652238,1,0,-136
1767172392.662238,2,0,-139
1767172392.672238,-2,0,-141
1767172392.682238,-1,0,-140
1767172392.692238,0,-2,-141
1767172392.702238,-4,-5,-138
1767172392.712238,-2,-9,-138
1767172392.722238,0,-11,-137
1767172392.732238,-4,-12,-137
1767172392.742238,-8,-10,-136
1767172392.752238,-4,-9,-142
1767172392.7622385,0,-5,-143
1767172392.7722385,-2,-7,-144
1767172392.7822382,-4,-3,-145
1767172392.7922382,-4,-1,-141
1767172392.8022382,-1,-2,-139
1767172392.8122382,0,-3,-137
1767172392.8222382,1,-4,-138
1767172392.8322382,-2,-6,-134
1767172392.8422382,-1,-3,-133
1767172392.8522382,-1,-3,-130
1767172392.8622382,0,-4,-131
1767172392.8722382,-4,-7,-135
1767172392.882238,-2,-6,-137
1767172392.892238,0,-9,-142
1767172392.902238,-3,-3,-139
1767172392.912238,-5,-3,-137
1767172392.922238,-6,-6,-138
1767172392.932238,-6,-5,-136
1767172392.942238,-6,-1,-147
1767172392.952238,-1,-2,-149
1767172392.962238,3,0,-147
1767172392.972238,5,0,-143
1767172392.982238,3,0,-135
1767172392.992238,7,1,-132
1767172393.002238,5,3,-127
1767172393.0122385,0,7,-127
1767172393.0222385,0,6,-131
1767172393.0322382,0,4,-133
1767172393.0422382,1,2,-135
1767172393.0522382,1,0,-138
1767172393.0622382,4,-1,-140
1767172393.0722382,6,0,-135
1767172393.0822382,5,-2,-135
1767172393.0922382,0,-1,-134
1767172393.1022382,-2,-5,-133
1767172393.1122382,-4,-3,-137
1767172393.1222382,-1,0,-145
1767172393.132238,0,-5,-145
1767172393.142238,2,-6,-143
1767172393.152238,1,-3,-142
1767172393.162238,0,-2,-146
1767172393.172238,3,-2,-148
1767172393.182238,5,-1,-147
1767172393.192238,2,-3,-148
1767172393.202238,0,-1,-142
1767172393.212238,0,-5,-138
1767172393.222238,-3,-1,-132
1767172393.232238,-6,-2,-135
1767172393.242238,-5,-4,-134
1767172393.252238,-1,-4,-138
1767172393.2622385,3,-4,-134
1767172393.2722385,3,-6,-134
1767172393.2822382,4,-7,-139
1767172393.2922382,5,-3,-135
1767172393.3022382,2,-5,-140
1767172393.324238,11,-5,-128
1767172393.3322382,8,-1,-126
1767172393.3422382,6,-1,-125
1767172393.3522382,1,-5,-124
1767172393.3622382,1,-5,-128
1767172393.3722382,7,-6,-128
1767172393.382238,2,-8,-130
1767172393.392238,1,-7,-131
1767172393.402238,-1,-4,-135
1767172393.412238,-1,2,-143
1767172393.422238,-1,5,-142
1767172393.432238,2,3,-142
1767172393.442238,3,4,-143
1767172393.452238,1,7,-144
1767172393.462238,0,6,-139
1767172393.472238,0,7,-140
1767172393.482238,0,8,-140
1767172393.492238,-3,8,-141
1767172393.502238,-3,3,-138
1767172393.5122385,-6,2,-136
1767172393.5222385,-3,-1,-135
1767172393.5322382,-2,-6,-139
1767172393.5422382,2,-1,-147
1767172393.5522382,5,0,-149
1767172393.5622382,3,0,-144
1767172393.5722382,-2,-1,-136
1767172393.5822382,0,-4,-128
1767172393.5922382,2,-6,-130
1767172393.6022382,2,-6,-135
1767172393.6122382,1,-3,-131
1767172393.6222382,0,-2,-137
1767172393.632238,-3,-2,-145
1767172393.642238,-6,0,-154
1767172393.652238,-4,-3,-152
1767172393.662238,-3,-1,-150
1767172393.672238,1,0,-146
1767172393.682238,2,-3,-151
1767172393.692238,1,-1,-144
1767172393.702238,2,-2,-144
1767172393.712238,0,-3,-143
1767172393.722238,2,-5,-142
1767172393.732238,1,-4,-143
1767172393.742238,1,0,-138
1767172393.752238,3,-5,-142
1767172393.7622385,2,-3,-145
1767172393.7722385,1,-1,-138
1767172393.7822382,1,0,-137
1767172393.7922382,0,1,-140
1767172393.8022382,-4,0,-148
1767172393.8122382,-3,1,-149
1767172393.8222382,-3,0,-143
1767172393.8322382,-5,-2,-136
1767172393.8422382,-1,-3,-144
1767172393.8522382,0,-6,-144
1767172393.8622382,-2,-5,-142
1767172393.8722382,-4,-8,-152
1767172393.882238,-5,-7,-154
1767172393.892238,-5,-5,-147
1767172393.902238,-2,-6,-143
1767172393.912238,-1,0,-141
1767172393.922238,0,-3,-137
1767172393.932238,-5,-5,-139
1767172393.942238,-6,-6,-133
1767172393.952238,-1,-4,-135
1767172393.962238,1,-5,-137
1767172393.972238,2,0,-139
1767172393.982238,-1,-1,-137
1767172393.992238,-4,-4,-145
1767172394.002238,-5,-10,-141
1767172394.0132382,0,-5,-138
1767172394.0222385,0,-10,-131
1767172394.0332382,-1,-8,-131
1767172394.0422382,-4,-7,-133
1767172394.0532382,-3,-7,-139
1767172394.063238,-3,-6,-147
1767172394.0722382,-4,-4,-146
1767172394.083238,-8,-6,-139
1767172394.093238,-7,-3,-139
1767172394.103238,-2,-1,-145
1767172394.113238,-1,-2,-148
1767172394.123238,0,-4,-149
1767172394.133238,0,-5,-153
1767172394.143238,4,-2,-145
1767172394.153238,2,-2,-148
1767172394.163238,5,-4,-148
1767172394.173238,4,-2,-152
1767172394.1832385,3,-5,-144
1767172394.1932385,1,-5,-148
1767172394.2032382,-3,-6,-150
1767172394.2132382,-1,-8,-154
1767172394.2232382,-5,-7,-151
1767172394.2332382,-4,-7,-146
1767172394.2432382,-2,-2,-149
1767172394.2532382,-3,-3,-142
1767172394.2632382,-6,-8,-143
1767172394.2732382,-10,-14,-144
1767172394.2832382,-5,-10,-144
1767172394.2932382,-2,-6,-147
1767172394.3032382,-1,-5,-150
1767172394.313238,0,0,-153
1767172394.323238,0,0,-152
1767172394.333238,-4,1,-154
1767172394.343238,0,2,-154
1767172394.353238,0,2,-157
1767172394.363238,3,0,-147
1767172394.373238,0,3,-146
1767172394.383238,1,5,-152
1767172394.393238,3,7,-156
1767172394.403238,0,5,-152
1767172394.413238,-2,8,-147
1767172394.423238,0,9,-144
1767172394.4332385,-2,7,-150
1767172394.4432385,0,11,-149
1767172394.4542382,3,9,-139
1767172394.4632382,2,9,-141
1767172394.4732382,-3,7,-143
1767172394.4832382,-1,5,-145
1767172394.4932382,-2,4,-142
1767172394.5032382,-3,1,-145
1767172394.5132382,-6,1,-140
1767172394.5232382,-1,1,-141
1767172394.5332382,0,0,-138
1767172394.5432382,2,1,-140
1767172394.5532382,6,1,-140
1767172394.563238,9,-1,-139
1767172394.573238,9,-6,-142
1767172394.583238,12,-4,-149
1767172394.593238,10,-6,-149
1767172394.603238,8,-6,-153
1767172394.613238,7,-6,-149
1767172394.623238,3,-6,-149
1767172394.633238,6,-6,-148
1767172394.643238,2,-5,-146
1767172394.653238,1,-6,-149
1767172394.663238,4,-6,-146
1767172394.673238,5,-2,-142
1767172394.6832385,9,-1,-140
1767172394.6932385,10,-2,-146
1767172394.7032382,5,-1,-148
1767172394.7132382,6,0,-151
1767172394.7232382,2,2,-152
1767172394.7332382,-1,1,-147
1767172394.7432382,-3,1,-149
1767172394.7532382,-2,4,-146
1767172394.7632382,-2,5,-144
1767172394.7732382,0,2,-145
1767172394.7832382,-4,0,-146
1767172394.7932382,-3,0,-141
1767172394.8032382,-1,3,-142
1767172394.813238,-1,0,-143
1767172394.823238,0,-4,-146
1767172394.833238,-1,0,-144
1767172394.843238,2,-2,-147
1767172394.853238,0,-1,-148
1767172394.863238,0,-3,-142
1767172394.873238,0,0,-140
1767172394.883238,-2,-4,-146
1767172394.893238,-7,-4,-148
1767172394.903238,-6,-5,-143
1767172394.913238,-7,-5,-144
1767172394.923238,-10,-2,-139
1767172394.9332385,-10,-1,-145
1767172394.9432385,-7,2,-145
1767172394.9532382,-5,2,-148
1767172394.9632382,-1,0,-146
1767172394.9732382,1,0,-142
1767172394.9832382,-1,0,-138
1767172394.9932382,-5,-4,-137
1767172395.0032382,-3,-4,-144
1767172395.0132382,-2,-6,-140
1767172395.0232382,0,0,-141
1767172395.0332382,0,-2,-140
1767172395.0432382,0,-6,-136
1767172395.0532382,-3,-2,-133
1767172395.063238,-5,-4,-135
1767172395.073238,-5,-2,-133
1767172395.083238,-6,0,-127
1767172395.093238,-1,-1,-128
1767172395.103238,2,-1,-130
1767172395.113238,0,-1,-132
1767172395.123238,1,-3,-129
1767172395.133238,0,-3,-127
1767172395.143238,-1,2,-124
1767172395.153238,-3,1,-131
1767172395.163238,-4,-1,-133
1767172395.173238,0,0,-133
1767172395.1832385,1,2,-139
1767172395.1932385,0,2,-132
1767172395.2032382,2,1,-133
1767172395.2132382,-1,-2,-135
1767172395.2232382,-5,-5,-137
1767172395.2332382,-2,-7,-143
1767172395.2432382,-1,-7,-149
1767172395.2532382,-1,-5,-147
1767172395.2632382,-1,-3,-143
1767172395.2732382,0,-5,-142
1767172395.2832382,-4,-5,-143
1767172395.2932382,-3,-2,-148
1767172395.3032382,-2,-4,-152
1767172395.313238,-5,-2,-152
1767172395.323238,-2,-4,-155
1767172395.333238,-5,-3,-155
1767172395.343238,-6,-6,-148
1767172395.353238,-4,-5,-143
1767172395.363238,0,-5,-134
1767172395.373238,-1,0,-138
1767172395.383238,-1,1,-142
1767172395.393238,-5,2,-144
1767172395.403238,-5,0,-153
1767172395.413238,-6,1,-156
1767172395.423238,-4,2,-147
1767172395.4332385,-2,1,-146
1767172395.4432385,0,2,-148
1767172395.4532382,0,-1,-148
1767172395.4632382,0,-1,-149
1767172395.4732382,-7,3,-152
1767172395.4832382,-2,5,-152
1767172395.4932382,-5,3,-146
1767172395.5032382,-3,2,-137
1767172395.5132382,0,0,-134
1767172395.5232382,1,0,-135
1767172395.5332382,1,-3,-135
1767172395.5432382,2,-5,-140
1767172395.5532382,0,0,-132
1767172395.563238,0,-1,-131
1767172395.573238,-2,0,-132
1767172395.583238,-5,0,-135
1767172395.593238,-2,-1,-129
1767172395.603238,-3,3,-131
1767172395.613238,-3,3,-132
1767172395.623238,0,1,-138
1767172395.633238,0,0,-135
1767172395.643238,-3,0,-139
1767172395.653238,0,0,-139
1767172395.663238,2,1,-134
1767172395.673238,4,2,-138
1767172395.6832385,4,0,-143
1767172395.6932385,3,3,-143
1767172395.7032382,3,-1,-145
1767172395.7132382,0,0,-149
1767172395.7232382,-6,1,-159
1767172395.7332382,-8,-2,-154
1767172395.7432382,-10,3,-149
1767172395.7532382,-4,0,-151
1767172395.7632382,-2,3,-147
1767172395.7732382,-3,4,-147
1767172395.7832382,-4,4,-153
1767172395.7932382,-4,6,-159
1767172395.8032382,-4,5,-151
1767172395.813238,-3,3,-146
1767172395.823238,-3,2,-144
1767172395.833238,-2,0,-145
1767172395.843238,-1,1,-139
1767172395.853238,-1,6,-138
1767172395.863238,0,5,-142
1767172395.873238,-3,4,-138
1767172395.883238,-5,3,-138
1767172395.893238,-3,5,-134
1767172395.903238,-1,3,-134
1767172395.913238,0,2,-131
1767172395.923238,0,1,-136
1767172395.9332385,3,-1,-138
1767172395.9432385,2,-1,-143
1767172395.9532382,-5,-1,-145
1767172395.9632382,-6,-4,-148
1767172395.9732382,0,-3,-140
1767172395.9832382,0,0,-144
1767172395.9932382,-3,1,-138
1767172396.0032382,0,0,-146
1767172396.0132382,0,0,-147
1767172396.0232382,0,1,-147
1767172396.0332382,4,1,-146
1767172396.0432382,5,0,-150
1767172396.0532382,4,0,-148
1767172396.063238,6,1,-146
1767172396.073238,6,1,-144
1767172396.083238,5,2,-143
1767172396.093238,6,3,-144
1767172396.103238,0,4,-142
1767172396.113238,-3,0,-143
1767172396.123238,-3,0,-137
1767172396.133238,-4,0,-134
1767172396.143238,-4,1,-140
1767172396.153238,-1,1,-145
1767172396.163238,1,2,-138
1767172396.173238,0,4,-146
1767172396.1832385,2,5,-142
1767172396.1932385,5,3,-143
1767172396.2032382,7,2,-146
1767172396.2132382,6,2,-144
1767172396.2232382,4,-1,-145
1767172396.2332382,4,0,-149
1767172396.2432382,4,-2,-151
1767172396.2532382,4,0,-150
1767172396.2632382,-3,-1,-144
1767172396.2732382,-4,1,-140
1767172396.2832382,-5,0,-141
1767172396.2932382,-5,-6,-142
1767172396.3032382,0,-6,-145
1767172396.313238,0,-11,-139
1767172396.323238,0,-7,-138
1767172396.333238,-2,-6,-136
1767172396.343238,0,-4,-136
1767172396.353238,-1,-5,-137
1767172396.363238,0,-7,-137
1767172396.373238,0,-5,-138
1767172396.383238,0,-4,-142
1767172396.393238,0,-2,-144
1767172396.403238,0,-5,-149
1767172396.413238,0,-5,-149
1767172396.423238,-2,-5,-147
1767172396.4332385,-1,-4,-147
1767172396.4432385,1,-6,-140
1767172396.4532382,0,-6,-143
1767172396.4632382,-2,-1,-144
1767172396.4732382,-4,0,-141
1767172396.4832382,-3,1,-144
1767172396.4932382,0,0,-142
1767172396.5032382,-6,-1,-142
1767172396.5132382,-10,-2,-136
1767172396.5232382,-8,-1,-143
1767172396.534238,-5,-1,-140
1767172396.5432382,-1,-3,-137
1767172396.5532382,-1,-4,-135
1767172396.563238,0,0,-138
1767172396.573238,-4,3,-147
1767172396.583238,-5,1,-145
1767172396.594238,-2,-1,-137
1767172396.603238,1,-4,-135
1767172396.613238,0,-3,-137
1767172396.623238,0,0,-138
1767172396.6342382,-3,2,-144
1767172396.6442382,-2,4,-144
1767172396.6542382,-3,2,-141
1767172396.6642382,1,4,-132
1767172396.6742382,1,4,-133
1767172396.6842382,0,0,-139
1767172396.6942382,2,1,-143
1767172396.7042382,2,3,-141
1767172396.7142382,0,0,-140
1767172396.7242382,-4,0,-143
1767172396.734238,-3,-3,-147
1767172396.744238,0,-6,-145
1767172396.754238,1,-5,-139
1767172396.764238,2,-6,-144
1767172396.774238,1,-8,-148
1767172396.784238,1,-2,-147
1767172396.794238,4,-2,-149
1767172396.804238,7,1,-141
1767172396.814238,9,4,-139
1767172396.824238,6,2,-141
1767172396.834238,6,4,-145
1767172396.844238,2,4,-140
1767172396.8542385,3,3,-139
1767172396.8642385,-2,0,-140
1767172396.8742385,-3,-2,-139
1767172396.8842382,-5,-6,-137
1767172396.8942382,-7,-5,-138
1767172396.9042382,-7,-6,-139
1767172396.9142382,-2,-5,-141
1767172396.9242382,-4,-6,-141
1767172396.9342382,0,-2,-135
1767172396.9442382,2,-2,-139
1767172396.9542382,4,-3,-138
1767172396.9642382,4,-2,-131
1767172396.9742382,6,-4,-132
1767172396.984238,3,0,-136
1767172396.994238,8,-2,-138
1767172397.004238,8,-1,-143
1767172397.014238,8,-1,-143
1767172397.024238,6,-5,-140
1767172397.034238,7,-7,-138
1767172397.044238,2,-4,-138
1767172397.054238,1,-5,-138
1767172397.064238,-1,-2,-142
1767172397.074238,-2,-4,-135
1767172397.084238,-3,-6,-128
1767172397.094238,-3,-2,-138
1767172397.1042385,-2,-2,-138
1767172397.1142385,-1,-2,-138
1767172397.1242385,-5,0,-140
1767172397.1342382,-5,-5,-138
1767172397.1442382,0,-5,-143
1767172397.1542382,4,-5,-141
1767172397.1642382,0,-2,-132
1767172397.1742382,-1,0,-133
1767172397.1842382,-2,2,-131
1767172397.1942382,-1,2,-135
1767172397.2042382,3,5,-141
1767172397.2142382,4,5,-141
1767172397.2242382,2,5,-142
1767172397.234238,-1,5,-146
1767172397.244238,5,2,-146
1767172397.254238,9,0,-140
1767172397.264238,6,0,-147
1767172397.274238,0,2,-151
1767172397.284238,-5,3,-156
1767172397.294238,0,-1,-152
1767172397.304238,1,-2,-148
1767172397.314238,0,-1,-146
1767172397.324238,0,-3,-143
1767172397.334238,3,0,-142
1767172397.344238,7,0,-144
1767172397.3542385,6,-7,-154
1767172397.3642385,1,-7,-151
1767172397.3742385,4,-5,-153
1767172397.3842382,5,-9,-154
1767172397.3942382,6,-11,-150
1767172397.4042382,5,-9,-147
1767172397.4142382,0,-8,-143
1767172397.4242382,-4,-5,-140
1767172397.4342382,-10,-1,-140
1767172397.4442382,-8,-1,-141
1767172397.4542382,-6,-6,-143
1767172397.4642382,-3,-5,-137
1767172397.4742382,-1,-4,-138
1767172397.484238,0,-2,-138
1767172397.494238,0,0,-148
1767172397.504238,-1,4,-143
1767172397.514238,-3,6,-135
1767172397.524238,-2,3,-135
1767172397.534238,-2,2,-136
1767172397.544238,-6,0,-137
1767172397.554238,-5,0,-138
1767172397.564238,0,1,-143
1767172397.574238,-4,-2,-149
1767172397.584238,0,-3,-137
1767172397.594238,4,-4,-136
1767172397.6042385,-1,-3,-136
1767172397.6142385,0,-2,-136
1767172397.6242385,-2,-3,-133
1767172397.6342382,-2,-1,-136
1767172397.6442382,-4,0,-141
1767172397.6542382,-7,0,-145
1767172397.6642382,-5,-1,-140
1767172397.6742382,-4,1,-134
1767172397.6842382,-2,0,-135
1767172397.6942382,-1,8,-138
1767172397.7042382,-5,9,-139
1767172397.7142382,-3,10,-144
1767172397.7242382,-3,3,-137
1767172397.734238,-2,1,-131
1767172397.744238,0,2,-132
1767172397.754238,0,5,-127
1767172397.764238,0,0,-132
1767172397.774238,-1,0,-137
1767172397.784238,0,2,-134
1767172397.794238,-3,2,-144
1767172397.804238,0,3,-145
1767172397.814238,6,3,-135
1767172397.824238,6,0,-142
1767172397.834238,1,4,-138
1767172397.844238,4,3,-138
1767172397.8542385,4,5,-136
1767172397.8642385,-2,6,-134
1767172397.8742385,-3,4,-130
1767172397.8842382,2,2,-130
1767172397.8942382,1,0,-140
1767172397.9042382,2,0,-141
1767172397.9142382,4,1,-140
1767172397.9242382,4,0,-145
1767172397.9342382,3,2,-144
1767172397.9442382,1,3,-147
1767172397.9542382,-1,2,-147
1767172397.9642382,-1,3,-145
1767172397.9742382,-1,1,-146
1767172397.984238,-8,0,-144
1767172397.994238,-9,3,-139
1767172398.004238,-7,4,-133
1767172398.014238,-7,2,-137
1767172398.024238,-6,0,-137
1767172398.034238,-10,5,-144
1767172398.044238,-12,3,-146
1767172398.054238,-8,0,-152
1767172398.064238,-8,-2,-153
1767172398.074238,-3,-7,-152
1767172398.084238,-6,-7,-154
1767172398.094238,-7,0,-153
1767172398.1042385,-8,0,-148
1767172398.1142385,-8,-2,-149
1767172398.1242385,-6,-5,-142
1767172398.1342382,-3,-6,-144
1767172398.1442382,-5,0,-141
1767172398.1542382,-5,2,-145
1767172398.1642382,-3,7,-150
1767172398.1742382,0,6,-152
1767172398.1842382,3,7,-158
1767172398.1942382,4,3,-159
1767172398.2042382,8,1,-150
1767172398.2142382,6,0,-147
1767172398.2242382,4,1,-144
1767172398.234238,3,1,-147
1767172398.244238,0,-4,-151
1767172398.254238,-1,0,-155
1767172398.264238,-3,0,-158
1767172398.274238,-5,-1,-150
1767172398.284238,-3,-7,-146
1767172398.294238,-1,-9,-142
1767172398.304238,-2,-5,-142
1767172398.314238,-3,-6,-146
1767172398.3352382,2,-6,-147
1767172398.344238,4,-4,-145
1767172398.3542385,3,-3,-143
1767172398.3642385,3,-1,-143
1767172398.3742385,0,-5,-143
1767172398.3842382,-2,-3,-142
1767172398.3942382,-3,0,-144
1767172398.4042382,-5,2,-136
1767172398.4142382,-5,1,-134
1767172398.4242382,0,0,-129
1767172398.4342382,4,0,-131
1767172398.4442382,1,0,-133
1767172398.4542382,0,0,-136
1767172398.4642382,0,-1,-140
1767172398.4742382,0,-1,-148
1767172398.484238,0,0,-148
1767172398.494238,2,-1,-140
1767172398.504238,-4,1,-137
1767172398.514238,-2,1,-140
1767172398.524238,1,0,-144
1767172398.534238,0,1,-146
1767172398.544238,0,1,-147
1767172398.554238,0,1,-145
1767172398.564238,3,2,-151
1767172398.574238,2,-2,-151
1767172398.584238,0,-3,-154
1767172398.594238,-1,-5,-150
1767172398.6042385,-3,-4,-149
1767172398.6142385,0,-4,-145
1767172398.6242385,3,-3,-146
1767172398.6342382,6,-10,-145
1767172398.6442382,3,-12,-143
1767172398.6542382,0,-10,-137
1767172398.6642382,0,-7,-138
1767172398.6742382,0,-5,-141
1767172398.6842382,1,-4,-136
1767172398.6942382,0,-7,-133
1767172398.7042382,-6,-6,-131
1767172398.7142382,-7,-5,-128
1767172398.7242382,-5,-5,-124
1767172398.734238,-3,-3,-128
1767172398.744238,-2,1,-134
1767172398.755238,0,2,-138
1767172398.764238,0,-2,-140
1767172398.774238,2,1,-135
1767172398.784238,-3,2,-143
1767172398.794238,-4,3,-146
1767172398.804238,-2,5,-145
1767172398.814238,-7,4,-141
1767172398.824238,-3,2,-138
1767172398.834238,0,3,-140
1767172398.844238,1,6,-138
1767172398.8542385,-1,4,-138
1767172398.8642385,-1,0,-142
1767172398.8742385,0,0,-142
1767172398.8842382,6,0,-145
1767172398.8942382,5,-1,-143
1767172398.9042382,11,-2,-138
1767172398.9142382,8,-2,-136
1767172398.9242382,3,-4,-132
1767172398.9342382,5,-2,-130
1767172398.9442382,3,-3,-132
1767172398.9542382,0,-1,-138
1767172398.9642382,0,-2,-134
1767172398.9742382,-1,-4,-135
1767172398.984238,0,-3,-137
1767172398.994238,4,-4,-142
1767172399.004238,1,-6,-144
1767172399.014238,-2,-6,-146
1767172399.024238,0,-7,-146
1767172399.034238,0,-6,-141
1767172399.044238,-2,-5,-134
1767172399.054238,-3,0,-138
1767172399.064238,-7,1,-144
1767172399.074238,-2,5,-149
1767172399.084238,0,1,-149
1767172399.094238,0,4,-145
1767172399.1042385,0,1,-150
1767172399.1142385,-5,-3,-145
1767172399.1252382,-2,-5,-147
1767172399.1342382,-2,-5,-143
1767172399.1452382,-4,-3,-137
1767172399.1552382,-3,-1,-134
1767172399.1642382,0,2,-141
1767172399.175238,1,2,-143
1767172399.185238,2,2,-142
1767172399.195238,3,1,-142
1767172399.205238,4,6,-140
1767172399.215238,3,2,-140
1767172399.225238,6,3,-145
1767172399.235238,7,1,-140
1767172399.245238,5,0,-134
1767172399.255238,3,-1,-134
1767172399.265238,3,-2,-133
1767172399.275238,6,3,-135
1767172399.2852385,7,3,-134
1767172399.2952385,6,2,-132
1767172399.3052382,4,1,-134
1767172399.3152382,0,0,-132
1767172399.3252382,-1,-3,-132
1767172399.3352382,-1,-2,-130
1767172399.3452382,0,-3,-135
1767172399.3552382,0,0,-131
1767172399.3652382,0,0,-129
1767172399.3752382,-3,-2,-133
1767172399.3852382,-2,-1,-136
1767172399.3952382,-4,-4,-135
1767172399.4052382,-4,-1,-131
1767172399.415238,-3,0,-131
1767172399.425238,-3,0,-138
1767172399.435238,-4,-1,-134
1767172399.445238,-3,-5,-136
1767172399.455238,-2,-5,-136
1767172399.465238,0,-4,-135
1767172399.475238,1,-2,-144
1767172399.485238,1,1,-151
1767172399.495238,0,1,-143
1767172399.505238,0,0,-141
1767172399.515238,-2,1,-143
1767172399.525238,0,0,-143
1767172399.5352385,-3,3,-147
1767172399.5452385,-2,6,-145
1767172399.5552382,-4,4,-149
1767172399.5652382,-2,5,-147
1767172399.5752382,-1,3,-151
1767172399.5852382,-3,0,-144
1767172399.5952382,-3,1,-141
1767172399.6052382,-4,0,-137
1767172399.6152382,-5,2,-144
1767172399.6252382,-7,-1,-148
1767172399.6352382,-6,0,-151
1767172399.6452382,-4,-7,-151
1767172399.6552382,-2,-4,-151
1767172399.665238,-3,-6,-154
1767172399.675238,-4,-6,-153
1767172399.685238,-5,-6,-149
1767172399.695238,1,-2,-148
1767172399.705238,3,0,-143
1767172399.715238,0,0,-139
1767172399.725238,-1,-2,-134
1767172399.735238,-1,-2,-137
1767172399.745238,-3,0,-137
1767172399.755238,-5,0,-143
1767172399.765238,-4,-3,-143
1767172399.775238,-6,-1,-147
1767172399.7852385,-4,-3,-142
1767172399.7952385,-6,-2,-145
1767172399.8052382,-7,-1,-146
1767172399.8152382,-8,-3,-142
1767172399.8252382,-7,-2,-138
1767172399.8352382,-9,-4,-137
1767172399.8452382,-8,-3,-141
1767172399.8552382,-8,0,-144
1767172399.8652382,-4,0,-144
1767172399.8752382,-1,-4,-145
1767172399.8852382,-3,-4,-148
1767172399.8952382,-2,-7,-148
1767172399.9052382,-3,-9,-149
1767172399.915238,-4,-7,-148
1767172399.925238,-8,-9,-143
1767172399.935238,-7,-8,-145
1767172399.945238,-2,-7,-139
1767172399.955238,-3,-5,-141
1767172399.965238,1,-8,-144
1767172399.975238,2,-2,-145
1767172399.985238,2,-1,-141
1767172399.995238,-3,-2,-146
1767172400.005238,-2,-6,-146
1767172400.015238,0,-5,-146
1767172400.025238,0,-5,-142
1767172400.0352385,-3,0,-135
1767172400.0452385,-4,1,-128
1767172400.0552382,-3,-1,-129
1767172400.0652382,-4,-1,-132
1767172400.0752382,1,2,-136
1767172400.0852382,-1,-1,-135
1767172400.0952382,-1,0,-133
1767172400.1052382,0,0,-136
1767172400.1152382,-1,0,-132
1767172400.1252382,-1,1,-134
1767172400.1352382,-1,3,-137
1767172400.1452382,-3,0,-140
1767172400.1552382,-2,0,-136
1767172400.165238,-2,-1,-130
1767172400.175238,0,-5,-132
1767172400.185238,0,-4,-132
1767172400.195238,0,-4,-137
1767172400.205238,-2,-4,-141
1767172400.215238,1,-5,-147
1767172400.225238,2,-5,-149
1767172400.235238,-3,0,-148
1767172400.245238,-4,-2,-148
1767172400.255238,-7,-3,-147
1767172400.265238,-11,-3,-150
1767172400.275238,-14,0,-152
1767172400.2852385,-15,0,-150
1767172400.2952385,-14,2,-142
1767172400.3052382,-11,-2,-135
1767172400.3152382,-10,-2,-136
1767172400.3252382,-6,-4,-130
1767172400.3352382,-7,-7,-133
1767172400.3452382,-5,-5,-131
1767172400.3552382,-4,-2,-135
1767172400.3652382,-2,-4,-138
1767172400.3752382,-4,-2,-133
1767172400.3852382,-2,-3,-136
1767172400.3952382,0,-5,-139
1767172400.4052382,-2,-5,-138
1767172400.415238,-3,-5,-135
1767172400.425238,0,-4,-136
1767172400.435238,0,-1,-139
1767172400.445238,2,2,-139
1767172400.455238,4,0,-136
1767172400.465238,4,-1,-140
1767172400.475238,1,-2,-146
1767172400.485238,1,-3,-144
1767172400.495238,0,-4,-144
1767172400.505238,3,0,-139
1767172400.515238,0,-1,-139
1767172400.525238,-1,0,-142
1767172400.5352385,-2,-2,-138
1767172400.5452385,0,0,-133
1767172400.5552382,-1,0,-143
1767172400.5652382,0,-4,-143
1767172400.5752382,-4,-5,-142
1767172400.5852382,-5,-4,-139
1767172400.5952382,-3,-3,-141
1767172400.6052382,1,0,-144
1767172400.6152382,1,1,-140
1767172400.6252382,1,0,-144
1767172400.6352382,1,-1,-136
1767172400.6452382,4,-4,-131
1767172400.6552382,6,-1,-132
1767172400.665238,4,3,-132
1767172400.675238,4,2,-137
1767172400.685238,3,3,-142
1767172400.695238,1,5,-143
1767172400.705238,1,7,-137
1767172400.715238,5,8,-137
1767172400.725238,6,1,-131
1767172400.735238,8,4,-131
1767172400.745238,9,3,-131
1767172400.755238,10,5,-133
1767172400.765238,8,5,-138
1767172400.775238,3,0,-135
1767172400.7852385,3,-6,-141
1767172400.7952385,-1,-8,-146
1767172400.8052382,-2,-5,-142
1767172400.8152382,-5,-7,-135
1767172400.8252382,1,-4,-136
1767172400.8352382,-2,-6,-141
1767172400.8452382,-4,-7,-145
1767172400.8552382,-1,-6,-150
1767172400.8652382,-3,-6,-147
1767172400.8752382,-4,-5,-143
1767172400.8852382,-3,-7,-138
1767172400.8952382,-3,-8,-133
1767172400.9052382,0,-6,-133
1767172400.915238,1,-7,-137
1767172400.925238,3,-6,-138
1767172400.935238,3,-5,-141
1767172400.945238,3,-5,-138
1767172400.955238,3,-6,-134
1767172400.965238,5,-6,-135
1767172400.975238,3,-3,-133
1767172400.985238,-3,0,-139
1767172400.995238,0,0,-142
1767172401.005238,2,1,-146
1767172401.015238,4,0,-147
1767172401.025238,0,-6,-144
1767172401.0352385,-3,-5,-141
1767172401.0452385,-3,-2,-139
1767172401.0552382,0,0,-131
1767172401.0652382,2,0,-136
1767172401.0752382,6,1,-139
1767172401.0852382,7,2,-133
1767172401.0952382,3,2,-138
1767172401.1052382,-2,0,-139
1767172401.1152382,-2,0,-141
1767172401.1252382,-6,1,-140
1767172401.1352382,-7,-1,-140
1767172401.1452382,-9,-3,-137
1767172401.1552382,-7,-7,-136
1767172401.165238,-3,-5,-138
1767172401.175238,-3,-5,-145
1767172401.185238,-2,-5,-142
1767172401.195238,4,-3,-143
1767172401.205238,5,2,-138
1767172401.215238,4,0,-134
1767172401.225238,1,-1,-132
1767172401.235238,-1,-2,-134
1767172401.245238,-4,0,-134
1767172401.255238,-4,0,-138
1767172401.265238,-4,0,-134
1767172401.275238,-3,-1,-137
1767172401.2852385,1,0,-142
1767172401.2952385,1,-5,-143
1767172401.3052382,3,-6,-140
1767172401.3152382,3,-4,-142
1767172401.3252382,2,-1,-143
1767172401.3352382,0,-2,-142
1767172401.3452382,0,0,-134
1767172401.3552382,0,-2,-132
1767172401.3652382,-2,-1,-132
1767172401.3752382,-3,-3,-127
1767172401.3852382,-2,1,-133
1767172401.3952382,-1,-2,-138
1767172401.4052382,0,0,-140
1767172401.415238,2,0,-137
1767172401.425238,1,1,-137
1767172401.435238,5,1,-140
1767172401.445238,3,0,-139
1767172401.455238,3,-2,-138
1767172401.465238,0,-2,-139
1767172401.475238,1,-1,-134
1767172401.485238,-2,2,-137
1767172401.495238,3,3,-140
1767172401.505238,3,3,-138
1767172401.515238,-1,0,-137
1767172401.525238,-3,0,-134
1767172401.5352385,0,-2,-136
1767172401.5452385,0,-2,-139
1767172401.5552382,-2,0,-140
1767172401.5652382,-2,-1,-141
1767172401.5752382,-2,-1,-141
1767172401.5852382,-3,0,-144
1767172401.5952382,-4,0,-143
1767172401.6052382,-9,0,-147
1767172401.6152382,-4,0,-149
1767172401.6252382,-4,-5,-149
1767172401.6352382,-6,-3,-141
1767172401.6452382,-4,0,-142
1767172401.6552382,-2,-1,-145
1767172401.665238,-1,-4,-142
1767172401.675238,1,-3,-135
1767172401.685238,-1,-2,-138
1767172401.696238,0,-2,-138
1767172401.7062385,-1,0,-137
1767172401.715238,-1,0,-139
1767172401.725238,1,3,-139
1767172401.7362382,1,2,-132
1767172401.7462382,1,-1,-137
1767172401.7562382,2,-1,-132
1767172401.765238,3,-2,-136
1767172401.7762382,-1,-3,-129
1767172401.7862382,0,-2,-127
1767172401.7962382,2,-4,-131
1767172401.8062382,0,-2,-128
1767172401.8162382,3,0,-130
1767172401.827238,5,4,-131
1767172401.836238,0,5,-129
1767172401.846238,-4,5,-126
1767172401.856238,-4,2,-131
1767172401.866238,0,-1,-134
1767172401.876238,4,0,-139
1767172401.886238,-1,4,-138
1767172401.896238,-3,4,-134
1767172401.906238,-3,7,-130
1767172401.916238,-5,3,-131
1767172401.926238,-4,0,-130
1767172401.936238,-3,-3,-138
1767172401.946238,-3,0,-141
1767172401.9562385,0,-4,-144
1767172401.9662385,-1,-4,-143
1767172401.9762385,0,-1,-137
1767172401.9862382,0,-1,-135
1767172401.9962382,4,-2,-137
1767172402.0062382,1,-3,-137
1767172402.0162382,2,-4,-141
1767172402.0262382,5,-2,-135
1767172402.0362382,8,-2,-138
1767172402.0462382,5,0,-141
1767172402.0562382,3,0,-144
1767172402.0662382,-3,1,-144
1767172402.0762382,-4,0,-143
1767172402.086238,-5,2,-138
1767172402.096238,-5,0,-136
1767172402.106238,-4,-1,-132
1767172402.116238,-11,2,-125
1767172402.126238,-9,5,-123
1767172402.136238,-2,4,-127
1767172402.146238,-3,3,-130
1767172402.156238,-4,2,-131
1767172402.166238,-4,3,-136
1767172402.176238,-2,0,-139
1767172402.186238,-2,-2,-139
1767172402.196238,2,-4,-142
1767172402.2062385,0,0,-140
1767172402.2162385,0,1,-142
1767172402.2262385,-1,1,-145
1767172402.2362382,0,3,-146
1767172402.2462382,4,0,-146
1767172402.2562382,4,0,-142
1767172402.2662382,-1,0,-141
1767172402.2762382,-1,0,-134
1767172402.2862382,0,-5,-134
1767172402.2962382,2,-3,-134
1767172402.3062382,0,1,-138
1767172402.3162382,-2,0,-145
1767172402.3262382,0,0,-145
1767172402.336238,-3,-1,-146
1767172402.346238,-2,3,-144
1767172402.356238,-3,4,-142
1767172402.366238,-3,2,-148
1767172402.376238,0,2,-146
1767172402.386238,2,0,-147
1767172402.396238,-1,-3,-144
1767172402.406238,2,-4,-141
1767172402.416238,2,-3,-136
1767172402.426238,5,-4,-142
1767172402.436238,4,-7,-140
1767172402.446238,0,-5,-145
1767172402.4562385,-2,-5,-140
1767172402.4662385,-2,-5,-138
1767172402.4762385,0,-6,-138
1767172402.4862382,-2,-7,-142
1767172402.4962382,-5,-6,-142
1767172402.5062382,-4,-5,-142
1767172402.5162382,-1,-4,-143
1767172402.5262382,-4,-2,-149
1767172402.5362382,-8,-2,-144
1767172402.5462382,-6,-2,-139
1767172402.5562382,2,0,-141
1767172402.5662382,1,-3,-140
1767172402.5762382,0,-6,-141
1767172402.586238,2,-5,-141
1767172402.596238,2,-3,-139
1767172402.606238,0,-1,-139
1767172402.616238,-4,0,-142
1767172402.626238,-1,-3,-140
1767172402.636238,1,-3,-139
1767172402.646238,0,-7,-137
1767172402.656238,0,-7,-132
1767172402.666238,-3,-8,-127
1767172402.676238,-1,-10,-128
1767172402.686238,0,-6,-130
1767172402.696238,1,-4,-136
1767172402.7062385,0,-3,-141
1767172402.7162385,-3,-6,-143
1767172402.7262385,-7,-13,-138
1767172402.7362382,-4,-13,-133
1767172402.7462382,-4,-13,-131
1767172402.7562382,-4,-12,-134
1767172402.7662382,-1,-9,-135
1767172402.7762382,3,-6,-133
1767172402.7862382,2,-1,-133
1767172402.7962382,2,-3,-132
1767172402.8062382,5,1,-137
1767172402.8162382,10,5,-135
1767172402.8262382,12,3,-137
1767172402.836238,13,1,-141
1767172402.846238,8,4,-140
1767172402.856238,6,3,-139
1767172402.866238,3,4,-140
1767172402.876238,-1,4,-137
1767172402.886238,-1,4,-136
1767172402.896238,0,3,-128
1767172402.906238,-5,6,-133
1767172402.916238,-3,7,-133
1767172402.926238,-3,5,-136
1767172402.936238,-4,4,-138
1767172402.946238,-2,5,-139
1767172402.9562385,0,3,-141
1767172402.9662385,0,4,-143
1767172402.9762385,-3,4,-143
1767172402.9862382,1,4,-141
1767172402.9962382,3,0,-135
1767172403.0062382,-2,0,-134
1767172403.0162382,-1,0,-134
1767172403.0262382,-4,0,-131
1767172403.0362382,-3,0,-130
1767172403.0462382,-1,-2,-130
1767172403.0562382,-3,0,-130
1767172403.0662382,-1,1,-138
1767172403.0762382,-3,1,-140
1767172403.086238,-9,1,-138
1767172403.096238,-13,-1,-133
1767172403.106238,-11,-3,-139
1767172403.116238,-6,0,-140
1767172403.126238,-1,2,-131
1767172403.136238,-1,2,-125
1767172403.146238,-2,3,-125
1767172403.156238,-2,-2,-133
1767172403.166238,0,-2,-132
1767172403.176238,2,-1,-135
1767172403.186238,3,0,-134
1767172403.196238,5,-3,-141
1767172403.2062385,3,-1,-143
1767172403.2162385,3,0,-146
1767172403.2262385,1,0,-141
1767172403.2362382,5,-4,-139
1767172403.2462382,2,-7,-143
1767172403.2562382,0,-9,-141
1767172403.2662382,-5,-9,-144
1767172403.2762382,-7,-10,-145
1767172403.2862382,-5,-9,-142
1767172403.2962382,-1,-8,-138
1767172403.3062382,0,-5,-136
1767172403.3162382,-2,-5,-134
1767172403.3262382,-1,-5,-136
1767172403.347238,-4,-6,-140
1767172403.356238,-5,-6,-139
1767172403.366238,-6,-3,-138
1767172403.376238,-8,-3,-139
1767172403.386238,-7,-1,-139
1767172403.396238,-9,0,-138
1767172403.406238,-8,1,-137
1767172403.416238,-6,-1,-126
1767172403.426238,-4,-5,-131
1767172403.436238,-1,-1,-140
1767172403.446238,2,1,-146
1767172403.4562385,3,2,-141
1767172403.4662385,0,3,-134
1767172403.4762385,2,0,-135
1767172403.4862382,3,0,-140
1767172403.4962382,2,2,-138
1767172403.5062382,1,1,-141
1767172403.5162382,-3,3,-140
1767172403.5262382,-3,6,-138
1767172403.5362382,-3,6,-141
1767172403.5462382,-1,2,-138
1767172403.5562382,-3,1,-140
1767172403.5662382,-3,0,-140
1767172403.5762382,-7,1,-143
1767172403.586238,-1,-4,-145
1767172403.596238,-1,-5,-142
1767172403.606238,1,-1,-145
1767172403.616238,0,-3,-142
1767172403.626238,-3,-2,-140
1767172403.636238,-5,0,-136
1767172403.646238,-5,-3,-135
1767172403.656238,-6,-3,-136
1767172403.666238,-8,-1,-137
1767172403.676238,-5,0,-137
1767172403.686238,0,-2,-132
1767172403.696238,3,0,-141
1767172403.7062385,0,0,-140
1767172403.7162385,-5,0,-137
1767172403.7262385,-4,3,-138
1767172403.7362382,-2,4,-135
1767172403.7462382,0,4,-135
1767172403.7562382,-1,3,-136
1767172403.7662382,-6,0,-140
1767172403.7762382,-5,2,-140
1767172403.7862382,0,4,-139
1767172403.7962382,2,3,-140
1767172403.8062382,3,2,-144
1767172403.8162382,4,1,-147
1767172403.8262382,2,0,-145
1767172403.836238,2,-3,-146
1767172403.846238,1,-1,-147
1767172403.856238,1,0,-142
1767172403.866238,1,-1,-142
1767172403.876238,2,-2,-145
1767172403.886238,2,1,-144
1767172403.896238,-1,-3,-146
1767172403.906238,-3,-2,-145
1767172403.916238,-6,-2,-148
1767172403.926238,-6,-1,-140
1767172403.936238,-10,3,-135
1767172403.946238,-8,-1,-139
1767172403.9562385,-8,1,-138
1767172403.9662385,-6,4,-137
1767172403.9762385,0,3,-139
1767172403.9862382,4,3,-144
1767172403.9962382,4,3,-149
1767172404.0062382,7,3,-148
1767172404.0162382,7,1,-150
1767172404.0262382,5,0,-146
1767172404.0362382,2,-3,-146
1767172404.0462382,3,-2,-142
1767172404.0562382,2,-2,-142
1767172404.0662382,-2,-2,-146
1767172404.0762382,-4,2,-145
1767172404.086238,0,0,-144
1767172404.096238,5,-5,-135
1767172404.106238,10,-7,-140
1767172404.116238,6,-3,-138
1767172404.126238,1,0,-140
1767172404.136238,0,1,-134
1767172404.146238,-4,2,-131
1767172404.156238,-2,0,-135
1767172404.166238,-1,-5,-132
1767172404.176238,-3,-5,-132
1767172404.186238,0,-3,-132
1767172404.196238,1,-1,-133
1767172404.2062385,4,-1,-142
1767172404.2162385,5,0,-141
1767172404.2272382,4,-2,-137
1767172404.2362382,4,-3,-139
1767172404.2462382,-1,-1,-143
1767172404.257238,-2,-1,-139
1767172404.2662382,0,-1,-143
1767172404.2762382,0,-3,-137
1767172404.2862382,1,-3,-133
1767172404.2962382,-1,-4,-137
1767172404.307238,1,-1,-140
1767172404.317238,0,0,-139
1767172404.327238,0,-2,-141
1767172404.337238,-1,-6,-136
1767172404.347238,-1,-2,-131
1767172404.357238,0,-4,-133
1767172404.367238,-1,-5,-132
1767172404.377238,-8,-6,-132
1767172404.3872385,-7,-3,-135
1767172404.3972385,-3,0,-137
1767172404.4072382,-5,1,-144
1767172404.4172382,-3,2,-143
1767172404.4272382,-3,-1,-144
1767172404.4372382,0,1,-140
1767172404.4472382,2,1,-135
1767172404.4572382,1,1,-141
1767172404.4672382,2,3,-149
1767172404.4772382,3,1,-147
1767172404.4872382,2,1,-149
1767172404.4972382,3,1,-144
1767172404.507238,0,4,-138
1767172404.517238,1,3,-143
1767172404.527238,2,4,-144
1767172404.537238,3,0,-144
1767172404.547238,5,-4,-141
1767172404.557238,3,-2,-144
1767172404.567238,5,-3,-142
1767172404.577238,1,-5,-139
1767172404.587238,0,-3,-133
1767172404.597238,1,-4,-130
1767172404.607238,3,-6,-136
1767172404.617238,2,-5,-140
1767172404.627238,6,-1,-145
1767172404.6372385,4,-3,-144
1767172404.6472385,4,-1,-145
1767172404.6572382,2,0,-139
1767172404.6672382,1,1,-136
1767172404.6772382,3,0,-134
1767172404.6872382,-1,0,-140
1767172404.6972382,-3,1,-138
1767172404.7072382,-4,0,-133
1767172404.7172382,-2,0,-130
1767172404.7272382,-1,0,-133
1767172404.7372382,0,0,-128
1767172404.7472382,-4,0,-125
1767172404.757238,-5,3,-122
1767172404.767238,-6,3,-128
1767172404.777238,-8,1,-137
1767172404.787238,1,3,-136
1767172404.797238,6,6,-135
1767172404.807238,0,7,-133
1767172404.817238,-1,3,-132
1767172404.827238,0,2,-136
1767172404.837238,1,3,-138
1767172404.847238,0,3,-137
1767172404.857238,6,3,-140
1767172404.867238,4,-2,-133
1767172404.877238,5,0,-137
1767172404.8872385,4,0,-140
1767172404.8972385,1,0,-139
1767172404.9072382,0,0,-135
1767172404.9172382,0,-2,-137
1767172404.9272382,7,-3,-132
1767172404.9372382,7,-4,-134
1767172404.9472382,3,-2,-138
1767172404.9572382,0,0,-145
1767172404.9672382,-2,-3,-145
1767172404.9772382,-7,-4,-135
1767172404.9872382,-7,-2,-131
1767172404.9972382,-10,0,-132
1767172405.007238,-8,2,-131
1767172405.017238,-3,-2,-129
1767172405.027238,-5,1,-135
1767172405.037238,-6,0,-134
1767172405.047238,-1,-2,-143
1767172405.057238,-4,0,-143
1767172405.067238,0,0,-141
1767172405.077238,-1,0,-149
1767172405.087238,0,0,-144
1767172405.097238,-1,0,-140
1767172405.107238,0,1,-142
1767172405.117238,0,0,-138
1767172405.127238,0,-2,-143
1767172405.1372385,3,-2,-136
1767172405.1472385,0,-7,-139
1767172405.1572382,-1,-4,-143
1767172405.1672382,1,-2,-146
1767172405.1772382,5,-3,-147
1767172405.1872382,6,-3,-145
1767172405.1972382,3,-1,-143
1767172405.2072382,0,-1,-140
1767172405.2172382,-1,-6,-135
1767172405.2272382,-1,-7,-135
1767172405.2372382,1,-6,-134
1767172405.2472382,-2,-3,-139
1767172405.257238,0,-6,-142
1767172405.267238,2,-5,-141
1767172405.277238,0,-3,-139
1767172405.287238,-1,-1,-135
1767172405.297238,0,0,-136
1767172405.307238,-2,2,-135
1767172405.317238,-3,0,-145
1767172405.327238,3,-1,-140
1767172405.337238,4,-6,-140
1767172405.347238,0,-6,-136
1767172405.357238,0,-6,-129
1767172405.367238,-3,-6,-136
1767172405.377238,0,-7,-140
1767172405.3872385,0,-4,-136
1767172405.3972385,-2,1,-129
1767172405.4072382,0,3,-136
1767172405.4172382,0,5,-142
1767172405.4272382,-2,6,-146
1767172405.4372382,-1,4,-142
1767172405.4472382,0,4,-140
1767172405.4572382,1,7,-137
1767172405.4672382,6,1,-135
1767172405.4772382,0,-1,-132
1767172405.4872382,-4,0,-130
1767172405.4972382,-1,0,-140
1767172405.507238,-1,-5,-139
1767172405.517238,-5,-6,-135
1767172405.527238,-5,-7,-136
1767172405.537238,-3,-7,-134
1767172405.547238,-3,-8,-131
1767172405.557238,-2,-8,-128
1767172405.567238,-3,-5,-128
1767172405.577238,-4,-1,-132
1767172405.587238,-5,-5,-137
1767172405.597238,-4,-4,-137
1767172405.607238,1,-2,-136
1767172405.617238,0,0,-142
1767172405.627238,0,4,-142
1767172405.6372385,0,1,-141
1767172405.6472385,2,0,-142
1767172405.6572382,0,-1,-146
1767172405.6672382,-3,-3,-149
1767172405.6772382,-4,0,-142
1767172405.6872382,-2,-4,-147
1767172405.6972382,-2,-1,-148
1767172405.7072382,-2,-2,-147
1767172405.7172382,-2,-1,-142
1767172405.7272382,-1,-2,-142
1767172405.7372382,-3,-4,-142
1767172405.7472382,-6,-4,-147
1767172405.757238,-8,-5,-143
1767172405.767238,-7,-6,-141
1767172405.777238,-9,-3,-143
1767172405.787238,-5,-6,-146
1767172405.797238,-6,-6,-145
1767172405.807238,-3,-6,-147
1767172405.817238,-5,-5,-140
1767172405.827238,2,-4,-139
1767172405.837238,5,-3,-138
1767172405.847238,7,0,-137
1767172405.857238,7,-2,-135
1767172405.867238,3,0,-137
1767172405.877238,1,2,-140
1767172405.8872385,5,0,-142
1767172405.8972385,7,0,-144
1767172405.9072382,2,0,-142
1767172405.9172382,3,-1,-143
1767172405.9272382,1,-6,-141
1767172405.9372382,2,-5,-141
1767172405.9472382,2,-3,-143
1767172405.9572382,-1,2,-144
1767172405.9672382,4,0,-139
1767172405.9772382,5,-1,-143
1767172405.9872382,4,-1,-139
1767172405.9972382,4,-2,-139
1767172406.007238,0,-5,-141
1767172406.017238,1,-2,-152
1767172406.027238,0,1,-150
1767172406.037238,0,1,-146
1767172406.047238,2,0,-146
1767172406.057238,4,1,-146
1767172406.067238,5,0,-141
1767172406.077238,5,-3,-143
1767172406.087238,3,-2,-146
1767172406.097238,6,0,-149
1767172406.107238,6,-1,-148
1767172406.117238,9,-3,-145
1767172406.1282382,10,-2,-141
1767172406.1372385,7,-1,-138
1767172406.1472385,7,0,-143
1767172406.1572382,7,2,-144
1767172406.1672382,4,3,-136
1767172406.1772382,0,1,-133
1767172406.1872382,-4,-1,-129
1767172406.1972382,-1,-2,-124
1767172406.2072382,-1,0,-128
1767172406.2172382,0,6,-133
1767172406.2272382,2,4,-132
1767172406.2372382,5,3,-132
1767172406.2472382,1,-3,-136
1767172406.257238,2,-5,-137
1767172406.267238,1,-4,-136
1767172406.277238,0,-6,-130
1767172406.287238,2,-4,-135
1767172406.297238,-5,-3,-138
1767172406.307238,2,0,-141
1767172406.317238,4,0,-142
1767172406.327238,4,0,-141
1767172406.337238,4,0,-145
1767172406.347238,2,2,-139
1767172406.357238,5,2,-132
1767172406.367238,2,-1,-134
1767172406.377238,0,-4,-139
1767172406.3872385,0,-5,-142
1767172406.3972385,-1,-5,-147
1767172406.4072382,-3,-5,-150
1767172406.4172382,-2,-3,-151
1767172406.4272382,-3,-4,-148
1767172406.4372382,-1,-3,-141
1767172406.4472382,3,-3,-138
1767172406.4572382,5,-5,-137
1767172406.4672382,2,-1,-134
1767172406.4772382,1,-2,-131
1767172406.4872382,0,0,-133
1767172406.4972382,3,0,-137
1767172406.507238,4,-1,-142
1767172406.517238,2,-5,-144
1767172406.527238,1,-6,-139
1767172406.537238,0,-2,-134
1767172406.547238,-3,-3,-135
1767172406.557238,0,0,-128
1767172406.567238,-1,-6,-128
1767172406.577238,-5,-6,-130
1767172406.587238,-3,-6,-129
1767172406.597238,0,-7,-128
1767172406.607238,-1,-2,-131
1767172406.617238,0,0,-137
1767172406.627238,-3,3,-141
1767172406.6372385,-1,4,-144
1767172406.6472385,0,3,-141
1767172406.6572382,0,6,-135
1767172406.6672382,1,3,-131
1767172406.6772382,-1,4,-140
1767172406.6872382,-2,3,-145
1767172406.6972382,-5,2,-147
1767172406.7072382,-6,2,-140
1767172406.7172382,-5,-3,-139
1767172406.7272382,-4,-2,-139
1767172406.7372382,0,-4,-142
1767172406.7472382,-4,-5,-145
1767172406.757238,0,-4,-137
1767172406.767238,5,-2,-136
1767172406.777238,7,-3,-135
1767172406.787238,4,0,-142
1767172406.797238,3,1,-141
1767172406.807238,-2,-1,-142
1767172406.817238,-7,-4,-140
1767172406.827238,-6,-7,-140
1767172406.837238,-4,-7,-143
1767172406.8482382,-5,-7,-139
1767172406.8582382,-9,-4,-141
1767172406.8682382,-4,-4,-142
1767172406.8782382,-5,-4,-142
1767172406.8882382,-5,-3,-142
1767172406.8982382,-1,0,-146
1767172406.9082382,0,-1,-146
1767172406.9182382,-1,-2,-147
1767172406.9282382,0,0,-142
1767172406.938238,2,0,-146
1767172406.948238,0,-3,-143
1767172406.958238,2,-4,-145
1767172406.968238,4,-3,-144
1767172406.978238,4,-7,-138
1767172406.988238,0,-6,-146
1767172406.998238,0,0,-142
1767172407.008238,-4,-4,-138
1767172407.018238,-7,-5,-137
1767172407.028238,-4,-4,-135
1767172407.038238,0,-6,-136
1767172407.048238,1,-3,-134
1767172407.0582385,0,-1,-139
1767172407.0682385,0,-7,-132
1767172407.0782382,-2,-3,-136
1767172407.0882382,-2,2,-134
1767172407.0982382,-2,4,-133
1767172407.1082382,-1,0,-138
1767172407.1182382,-2,-4,-132
1767172407.1282382,-2,-1,-134
1767172407.1382382,-1,0,-140
1767172407.1482382,-2,-5,-145
1767172407.1582382,-2,-4,-144
1767172407.1682382,0,-3,-138
1767172407.1782382,5,1,-134
1767172407.188238,3,-1,-133
1767172407.198238,1,1,-134
1767172407.208238,2,1,-130
1767172407.218238,0,0,-130
1767172407.228238,1,1,-135
1767172407.238238,-1,0,-136
1767172407.248238,-2,-2,-138
1767172407.258238,-3,-5,-134
1767172407.268238,-2,-4,-132
1767172407.278238,-2,-2,-137
1767172407.288238,-4,-2,-138
1767172407.298238,-6,2,-140
1767172407.3082385,-3,4,-144
1767172407.3182385,-7,0,-143
1767172407.3282382,-7,-1,-142
1767172407.3382382,-4,-1,-146
1767172407.3482382,-5,0,-141
1767172407.3582382,-7,0,-137
1767172407.3682382,-4,0,-134
1767172407.3782382,-2,0,-132
1767172407.3882382,0,2,-136
1767172407.3982382,-2,1,-139
1767172407.4082382,-3,1,-141
1767172407.4182382,-1,-1,-139
1767172407.4282382,-1,-1,-140
1767172407.438238,-3,-2,-139
1767172407.448238,-1,-2,-144
1767172407.458238,0,-1,-147
1767172407.468238,-4,0,-142
1767172407.478238,0,1,-138
1767172407.488238,-2,0,-142
1767172407.498238,-2,1,-146
1767172407.508238,0,0,-139
1767172407.518238,-2,-1,-137
1767172407.528238,0,-2,-134
1767172407.538238,-2,-2,-128
1767172407.548238,-3,-6,-128
1767172407.5582385,-1,-5,-135
1767172407.5682385,-3,-6,-141
1767172407.5782382,-2,-2,-139
1767172407.5882382,0,-2,-142
1767172407.5982382,0,-1,-138
1767172407.6082382,0,-3,-134
1767172407.6182382,0,-2,-135
1767172407.6282382,-5,-2,-140
1767172407.6382382,1,-5,-134
1767172407.6482382,-2,-5,-130
1767172407.6582382,0,-6,-139
1767172407.6682382,-2,-6,-147
1767172407.6782382,1,-7,-151
1767172407.688238,0,-3,-142
1767172407.698238,0,-1,-141
1767172407.708238,-1,3,-141
1767172407.718238,2,0,-145
1767172407.728238,3,4,-141
1767172407.738238,1,2,-139
1767172407.748238,0,0,-140
1767172407.758238,2,-2,-138
1767172407.768238,3,-1,-140
1767172407.778238,0,-2,-132
1767172407.788238,-1,-3,-133
1767172407.798238,-2,1,-134
1767172407.8082385,2,0,-135
1767172407.8182385,5,-2,-137
1767172407.8282382,7,-4,-140
1767172407.8382382,6,-2,-141
1767172407.8482382,4,-3,-136
1767172407.8582382,2,-6,-135
1767172407.8682382,-3,-2,-141
1767172407.8782382,0,-3,-141
1767172407.8882382,0,0,-144
1767172407.8982382,6,0,-143
1767172407.9082382,0,0,-144
1767172407.9182382,1,4,-154
1767172407.9282382,0,4,-152
1767172407.938238,1,6,-148
1767172407.948238,0,3,-147
1767172407.958238,0,4,-147
1767172407.968238,0,4,-147
1767172407.978238,-4,7,-143
1767172407.988238,-5,6,-146
1767172407.998238,-9,2,-150
1767172408.008238,-10,0,-142
1767172408.018238,-9,0,-139
1767172408.028238,-3,0,-146
1767172408.038238,-2,-5,-140
1767172408.048238,0,-5,-143
1767172408.0582385,0,-7,-146
1767172408.0682385,1,-7,-146
1767172408.0782382,0,-9,-145
1767172408.0882382,2,-5,-138
1767172408.0982382,0,-4,-141
1767172408.1082382,0,-4,-141
1767172408.1182382,-2,-6,-136
1767172408.1282382,-1,-10,-130
1767172408.1382382,0,-7,-138
1767172408.1482382,0,-3,-141
1767172408.1582382,2,-7,-145
1767172408.1682382,2,-9,-142
1767172408.1782382,-1,-7,-138
1767172408.188238,1,-3,-140
1767172408.198238,0,-2,-144
1767172408.208238,-4,-2,-137
1767172408.218238,-5,-2,-137
1767172408.228238,-7,-2,-129
1767172408.238238,-11,3,-134
1767172408.248238,-11,0,-132
1767172408.258238,-5,0,-135
1767172408.268238,-5,0,-141
1767172408.278238,-4,0,-141
1767172408.288238,-5,6,-146
1767172408.298238,-5,3,-143
1767172408.3082385,-4,-1,-142
1767172408.3182385,-2,-5,-136
1767172408.3282382,-3,-1,-132
1767172408.3382382,-3,-3,-138
1767172408.360238,-9,-2,-140
1767172408.3682382,-9,-2,-129
1767172408.3782382,-5,-3,-125
1767172408.3882382,-5,-4,-124
1767172408.3982382,-1,-7,-120
1767172408.4082382,0,-5,-127
1767172408.4182382,4,-5,-124
1767172408.4282382,4,-3,-129
1767172408.438238,2,-8,-135
1767172408.448238,0,-6,-136
1767172408.458238,-5,-6,-140
1767172408.468238,-4,-5,-135
1767172408.478238,-6,-6,-134
1767172408.488238,-7,-3,-137
1767172408.498238,-7,-4,-132
1767172408.508238,-6,-8,-135
1767172408.518238,-3,-10,-140
1767172408.528238,-3,-5,-138
1767172408.538238,-7,-6,-133
1767172408.548238,-6,-7,-131
1767172408.5582385,-4,-3,-138
1767172408.5682385,0,0,-143
1767172408.5782382,-4,-2,-150
1767172408.5882382,-1,-2,-150
1767172408.5982382,0,-5,-147
1767172408.6082382,2,-4,-148
1767172408.6182382,6,-7,-148
1767172408.6282382,3,-2,-148
1767172408.6382382,2,0,-149
1767172408.6482382,0,-4,-154
1767172408.6582382,0,-5,-149
1767172408.6682382,0,-4,-143
1767172408.6782382,0,-1,-145
1767172408.688238,3,-5,-141
1767172408.698238,0,-3,-136
1767172408.708238,3,0,-132
1767172408.718238,1,0,-133
1767172408.728238,0,0,-133
1767172408.738238,1,0,-132
1767172408.748238,1,0,-131
1767172408.758238,8,-5,-125
1767172408.768238,5,-5,-125
1767172408.778238,4,-4,-133
1767172408.788238,4,-2,-135
1767172408.798238,0,1,-132
1767172408.8082385,3,4,-132
1767172408.8182385,2,0,-138
1767172408.8282382,-1,-3,-135
1767172408.8382382,-7,-1,-136
1767172408.8482382,-6,1,-138
1767172408.8582382,-8,0,-136
1767172408.8682382,-8,0,-136
1767172408.8782382,-8,0,-139
1767172408.8882382,-6,-3,-142
1767172408.8982382,-6,0,-146
1767172408.9082382,-10,-1,-142
1767172408.9182382,-14,-7,-143
1767172408.9282382,-12,-7,-135
1767172408.938238,-12,-5,-138
1767172408.948238,-10,0,-138
1767172408.958238,-8,0,-139
1767172408.968238,-5,0,-141
1767172408.978238,-6,2,-142
1767172408.988238,-3,2,-148
1767172408.998238,0,-2,-150
1767172409.008238,0,0,-150
1767172409.018238,6,0,-147
1767172409.028238,10,-3,-144
1767172409.038238,8,-1,-139
1767172409.048238,7,1,-135
1767172409.0582385,6,1,-130
1767172409.0682385,3,4,-133
1767172409.0782382,6,2,-135
1767172409.0882382,4,2,-140
1767172409.0982382,-1,3,-139
1767172409.1082382,0,5,-142
1767172409.1182382,3,4,-140
1767172409.1282382,0,4,-141
1767172409.1382382,0,0,-138
1767172409.1482382,0,-3,-138
1767172409.1582382,1,0,-132
1767172409.1682382,-4,-2,-130
1767172409.1782382,-5,0,-130
1767172409.188238,-5,2,-129
1767172409.198238,-4,-1,-132
1767172409.208238,2,-4,-132
1767172409.218238,3,-2,-133
1767172409.228238,0,0,-135
1767172409.238238,-2,1,-136
1767172409.248238,-2,0,-142
1767172409.258238,-3,2,-145
1767172409.268238,-5,-1,-141
1767172409.278238,-8,-3,-140
1767172409.288238,-2,-6,-142
1767172409.298238,3,-2,-142
1767172409.3082385,5,-5,-144
1767172409.3182385,5,-9,-147
1767172409.3282382,3,-10,-151
1767172409.3382382,6,-7,-146
1767172409.3492382,6,-8,-145
1767172409.3582382,2,-7,-139
1767172409.369238,0,-5,-136
1767172409.379238,-1,-3,-137
1767172409.389238,0,-3,-134
1767172409.399238,-1,1,-133
1767172409.409238,0,2,-134
1767172409.419238,3,0,-135
1767172409.429238,6,2,-135
1767172409.439238,7,1,-139
1767172409.449238,7,0,-134
1767172409.459238,7,0,-138
1767172409.469238,4,0,-140
1767172409.4792385,0,4,-139
1767172409.4892385,-1,1,-134
1767172409.4992385,0,1,-129
1767172409.5092382,2,-1,-130
1767172409.5192382,0,-2,-132
1767172409.5292382,-4,-4,-136
1767172409.5392382,-4,-4,-138
1767172409.5492382,1,-6,-137
1767172409.5592382,0,-9,-133
1767172409.5692382,-1,-3,-135
1767172409.5792382,3,-4,-138
1767172409.5892382,0,-5,-138
1767172409.5992382,0,-5,-137
1767172409.609238,-2,-2,-135
1767172409.619238,-4,-6,-130
1767172409.629238,-3,-5,-131
1767172409.639238,-2,-4,-134
1767172409.649238,0,-1,-136
1767172409.659238,0,0,-133
1767172409.669238,1,1,-139
1767172409.679238,2,2,-142
1767172409.689238,-2,0,-139
1767172409.699238,-2,4,-139
1767172409.709238,0,7,-141
1767172409.719238,1,5,-144
1767172409.7292385,-1,3,-143
1767172409.7392385,-1,3,-141
1767172409.7492385,-2,8,-145
1767172409.7592382,-5,9,-144
1767172409.7692382,-5,9,-146
1767172409.7792382,-4,10,-142
1767172409.7892382,-8,6,-144
1767172409.7992382,-7,3,-139
1767172409.8092382,-7,1,-133
1767172409.8192382,-7,1,-139
1767172409.8292382,-8,5,-141
1767172409.8392382,-9,5,-137
1767172409.8492382,-1,5,-144
1767172409.859238,-3,6,-146
1767172409.869238,1,4,-149
1767172409.879238,2,4,-144
1767172409.889238,5,0,-142
1767172409.899238,2,2,-149
1767172409.909238,0,3,-151
1767172409.919238,-1,2,-148
1767172409.929238,-1,-4,-149
1767172409.939238,3,-5,-146
1767172409.949238,1,-7,-151
1767172409.959238,-1,-4,-157
1767172409.969238,0,-8,-153
1767172409.9792385,0,-11,-149
1767172409.9892385,0,-8,-146
1767172409.9992385,-1,-4,-148
1767172410.0092382,-7,-3,-149
1767172410.0192382,-5,-3,-143
1767172410.0292382,-3,0,-137
1767172410.0392382,1,-2,-135
1767172410.0492382,0,-3,-143
1767172410.0592382,-3,-3,-140
1767172410.0692382,1,-4,-137
1767172410.0792382,2,-5,-140
1767172410.0892382,5,0,-142
1767172410.0992382,1,-2,-144
1767172410.109238,0,0,-137
1767172410.119238,-1,2,-131
1767172410.129238,-3,-1,-139
1767172410.139238,0,0,-143
1767172410.149238,-3,0,-144
1767172410.159238,-3,2,-148
1767172410.169238,0,0,-152
1767172410.179238,0,0,-156
1767172410.189238,-2,0,-158
1767172410.199238,-7,1,-155
1767172410.209238,-4,3,-154
1767172410.219238,-7,0,-145
1767172410.2292385,-6,1,-136
1767172410.2392385,-1,1,-137
1767172410.2492385,-2,1,-135
1767172410.2592382,-1,-2,-138
1767172410.2692382,0,0,-140
1767172410.2792382,2,-1,-140
1767172410.2892382,1,-2,-138
1767172410.2992382,1,-2,-143
1767172410.3092382,4,-8,-140
1767172410.3192382,-1,-7,-136
1767172410.3292382,-4,-9,-139
1767172410.3392382,-4,-5,-137
1767172410.3492382,-5,0,-137
1767172410.359238,-8,2,-138
1767172410.369238,-8,0,-143
1767172410.379238,-7,-1,-141
1767172410.389238,-8,0,-134
1767172410.399238,-8,-3,-135
1767172410.409238,-7,-5,-133
1767172410.419238,-6,-7,-139
1767172410.429238,-2,-6,-143
1767172410.439238,0,-4,-144
1767172410.449238,2,-3,-152
1767172410.459238,2,-5,-158
1767172410.469238,8,-6,-161
1767172410.4792385,10,-4,-153
1767172410.4892385,6,-4,-159
1767172410.4992385,7,-5,-161
1767172410.5092382,5,-4,-153
1767172410.5192382,6,-7,-153
1767172410.5292382,4,-6,-148
1767172410.5392382,4,-3,-145
1767172410.5492382,4,-7,-141
1767172410.5592382,6,-5,-142
1767172410.5692382,1,-5,-139
1767172410.5792382,4,-4,-133
1767172410.5892382,8,-5,-134
1767172410.5992382,5,-4,-137
1767172410.609238,9,-5,-138
1767172410.619238,12,-5,-140
1767172410.629238,5,-7,-144
1767172410.639238,2,-4,-144
1767172410.649238,1,-4,-142
1767172410.659238,-1,-9,-144
1767172410.669238,0,-6,-142
1767172410.679238,-2,-6,-142
1767172410.689238,0,-7,-143
1767172410.699238,4,-5,-137
1767172410.709238,3,-2,-135
1767172410.719238,5,-2,-138
1767172410.7292385,6,-3,-137
1767172410.7392385,4,-2,-141
1767172410.7492385,1,0,-138
1767172410.7592382,0,0,-137
1767172410.7692382,-2,-2,-137
1767172410.7792382,0,-4,-137
1767172410.7892382,0,-5,-134
1767172410.7992382,1,-6,-128
1767172410.8092382,0,-9,-129
1767172410.8192382,1,-6,-136
1767172410.8292382,-3,-3,-139
1767172410.8392382,0,-1,-144
1767172410.8492382,4,-1,-141
1767172410.859238,-1,0,-142
1767172410.869238,-4,2,-141
1767172410.879238,-1,0,-139
1767172410.889238,1,2,-144
1767172410.899238,3,3,-145
1767172410.909238,3,2,-146
1767172410.919238,4,5,-142
1767172410.929238,2,3,-143
1767172410.939238,3,4,-147
1767172410.949238,4,3,-143
1767172410.959238,0,0,-135
1767172410.969238,1,1,-131
1767172410.9792385,5,3,-137
1767172410.9892385,7,2,-136
1767172410.9992385,8,0,-131
1767172411.0092382,7,-3,-134
1767172411.0192382,4,-6,-138
1767172411.0292382,2,-7,-133
1767172411.0392382,4,-6,-126
1767172411.0492382,0,-5,-126
1767172411.0592382,0,-3,-128
1767172411.0692382,0,-4,-130
1767172411.0792382,0,0,-131
1767172411.0892382,5,0,-123
1767172411.0992382,1,2,-126
1767172411.109238,0,1,-133
1767172411.119238,-2,0,-128
1767172411.129238,-3,4,-124
1767172411.139238,0,3,-123
1767172411.149238,0,0,-122
1767172411.159238,-1,2,-122
1767172411.169238,3,0,-130
1767172411.179238,3,0,-129
1767172411.189238,3,1,-136
1767172411.199238,2,4,-130
1767172411.209238,4,2,-126
1767172411.219238,1,0,-129
1767172411.2292385,2,-2,-125
1767172411.2392385,0,-3,-129
1767172411.2492385,0,-1,-136
1767172411.2592382,0,-2,-139
1767172411.2692382,2,-7,-139
1767172411.2792382,3,-8,-143
1767172411.2892382,4,-8,-139
1767172411.2992382,2,-3,-141
1767172411.3092382,4,0,-144
1767172411.3192382,6,-2,-145
1767172411.3292382,9,-8,-140
1767172411.3392382,10,-9,-140
1767172411.3492382,4,-8,-141
1767172411.359238,0,-8,-139
1767172411.369238,-6,-8,-143
1767172411.379238,-7,-4,-138
1767172411.389238,-5,-1,-143
1767172411.399238,-5,4,-148
1767172411.409238,-2,1,-146
1767172411.419238,-4,0,-144
1767172411.429238,0,1,-140
1767172411.439238,-7,-1,-139
1767172411.449238,-7,-1,-141
1767172411.459238,-11,-5,-137
1767172411.469238,-6,-5,-138
1767172411.4792385,-9,-2,-135
1767172411.4892385,-9,-1,-137
1767172411.4992385,-5,-2,-132
1767172411.5092382,-5,-3,-132
1767172411.5192382,-5,-1,-136
1767172411.5292382,-6,-1,-142
1767172411.5392382,-6,-3,-138
1767172411.5492382,-1,-3,-133
1767172411.5592382,0,-4,-133
1767172411.5692382,2,-3,-139
1767172411.5792382,1,-4,-138
1767172411.5892382,0,-5,-140
1767172411.5992382,0,-4,-139
1767172411.609238,-1,-3,-143
1767172411.619238,-1,-2,-140
1767172411.629238,0,-6,-140
1767172411.639238,0,-4,-140
1767172411.649238,3,-2,-132
1767172411.659238,4,-3,-137
1767172411.669238,4,-4,-149
1767172411.679238,4,0,-150
1767172411.689238,-2,-4,-140
1767172411.699238,-2,-8,-138
1767172411.709238,-1,-5,-143
1767172411.719238,-2,-4,-144
1767172411.7292385,0,-4,-137
1767172411.7392385,-2,-6,-136
1767172411.7492385,-1,-4,-137
1767172411.7592382,1,-1,-138
1767172411.7692382,-1,-2,-138
1767172411.7792382,-1,-3,-138
1767172411.7892382,0,-4,-140
1767172411.7992382,3,-5,-139
1767172411.8092382,0,-4,-134
1767172411.8192382,-1,-5,-132
1767172411.8292382,-3,-4,-129
1767172411.8392382,-6,-4,-129
1767172411.8492382,-1,-2,-132
1767172411.859238,0,-3,-137
1767172411.869238,1,-5,-146
1767172411.879238,0,-4,-149
1767172411.889238,0,-4,-143
1767172411.899238,-1,-3,-143
1767172411.909238,0,0,-140
1767172411.919238,2,2,-135
1767172411.9302382,3,0,-135
1767172411.9402382,7,2,-140
1767172411.9502382,3,1,-137
1767172411.9602382,3,4,-139
1767172411.9702382,7,6,-147
1767172411.9802382,5,4,-149
1767172411.9902382,4,1,-146
1767172412.0002382,3,2,-139
1767172412.0102382,3,0,-141
1767172412.0202382,4,0,-137
1767172412.0302382,2,-4,-135
1767172412.040238,1,-4,-139
1767172412.050238,0,-9,-138
1767172412.060238,4,-5,-135
1767172412.070238,6,-5,-137
1767172412.080238,2,-9,-140
1767172412.090238,3,-10,-144
1767172412.100238,6,-9,-143
1767172412.110238,9,-13,-142
1767172412.120238,5,-12,-143
1767172412.130238,4,-9,-144
1767172412.140238,2,-5,-137
1767172412.150238,5,-6,-139
1767172412.1602385,4,-7,-145
1767172412.1702385,4,-3,-142
1767172412.1802382,0,-3,-135
1767172412.1902382,-2,-3,-127
1767172412.2002382,1,-2,-129
1767172412.2102382,3,-3,-130
1767172412.2202382,2,-1,-137
1767172412.2302382,2,-5,-143
1767172412.2402382,2,-7,-142
1767172412.2502382,3,-7,-138
1767172412.2602382,7,-6,-139
1767172412.2702382,5,-3,-139
1767172412.2802382,0,-3,-136
1767172412.290238,2,-5,-134
1767172412.300238,1,-6,-128
1767172412.310238,-1,-8,-129
1767172412.320238,-5,-12,-131
1767172412.330238,-7,-10,-135
1767172412.340238,-5,-8,-141
1767172412.350238,-5,-7,-140
1767172412.360238,-8,-3,-134
1767172412.370238,-3,-5,-133
1767172412.380238,-3,-6,-137
1767172412.390238,-7,-4,-130
1767172412.400238,-3,-2,-129
1767172412.4102385,-2,-5,-133
1767172412.4202385,2,-7,-138
1767172412.4302382,4,-6,-134
1767172412.4402382,7,-5,-131
1767172412.4502382,7,2,-131
1767172412.4602382,5,1,-132
1767172412.4702382,4,-2,-138
1767172412.4802382,4,0,-140
1767172412.4902382,3,-1,-135
1767172412.5002382,2,-2,-128
1767172412.5102382,1,1,-128
1767172412.5202382,4,2,-130
1767172412.5302382,3,1,-133
1767172412.540238,7,2,-138
1767172412.550238,6,1,-138
1767172412.560238,7,2,-135
1767172412.570238,7,-2,-139
1767172412.580238,2,-2,-141
1767172412.590238,-2,-3,-137
1767172412.600238,-4,-2,-133
1767172412.610238,-9,-4,-136
1767172412.620238,-8,-4,-135
1767172412.630238,-6,-6,-138
1767172412.640238,-1,-9,-136
1767172412.650238,-4,-9,-139
1767172412.6602385,-6,-6,-132
1767172412.6702385,-3,-9,-134
1767172412.6802382,-1,-11,-134
1767172412.6902382,0,-7,-129
1767172412.7002382,5,-2,-131
1767172412.7102382,5,-4,-134
1767172412.7202382,3,1,-137
1767172412.7302382,-2,3,-141
1767172412.7402382,-3,0,-143
1767172412.7502382,-4,-1,-148
1767172412.7602382,-3,-2,-147
1767172412.7702382,-6,-1,-148
1767172412.7802382,-5,2,-146
1767172412.790238,-2,1,-135
1767172412.800238,-5,0,-134
1767172412.810238,-4,-1,-131
1767172412.820238,-3,-2,-136
1767172412.830238,-4,0,-140
1767172412.840238,-6,0,-141
1767172412.850238,-2,0,-142
1767172412.860238,-2,-1,-140
1767172412.870238,-5,2,-142
1767172412.880238,-3,0,-138
1767172412.890238,-3,0,-131
1767172412.900238,0,-1,-130
1767172412.9102385,0,-3,-128
1767172412.9202385,0,-4,-127
1767172412.9302382,2,-5,-129
1767172412.9402382,1,-8,-132
1767172412.9502382,3,-8,-140
1767172412.9602382,4,-6,-139
1767172412.9702382,1,-2,-138
1767172412.9802382,0,0,-141
1767172412.9902382,-1,-2,-133
1767172413.0002382,2,-1,-135
1767172413.0102382,2,-1,-138
1767172413.0202382,0,-6,-139
1767172413.0302382,-2,-4,-134
1767172413.040238,-1,-6,-135
1767172413.050238,-4,-5,-140
1767172413.060238,-2,-6,-145
1767172413.070238,-3,-7,-146
1767172413.080238,-2,-4,-148
1767172413.090238,0,-4,-145
1767172413.100238,7,-2,-144
1767172413.110238,1,-5,-139
1767172413.120238,0,-2,-137
1767172413.130238,-1,0,-138
1767172413.140238,-5,-1,-137
1767172413.150238,-6,-2,-139
1767172413.1602385,-8,-3,-137
1767172413.1702385,-5,-6,-140
1767172413.1802382,-6,-5,-141
1767172413.1902382,-6,-5,-143
1767172413.2002382,-9,-1,-144
1767172413.2102382,-7,-2,-145
1767172413.2202382,-9,-3,-140
1767172413.2302382,-5,-5,-140
1767172413.2402382,0,-4,-145
1767172413.2502382,3,-4,-148
1767172413.2602382,8,-5,-145
1767172413.2702382,4,-6,-132
1767172413.2802382,4,-6,-136
1767172413.290238,6,-8,-139
1767172413.300238,3,-4,-140
1767172413.310238,0,-7,-140
1767172413.320238,1,-5,-139
1767172413.330238,1,-2,-139
1767172413.340238,0,0,-136
1767172413.350238,1,-1,-137
1767172413.3712382,3,0,-126
1767172413.380238,3,2,-125
1767172413.390238,0,0,-131
1767172413.400238,-4,-2,-134
1767172413.4102385,-9,1,-137
1767172413.4202385,-8,0,-138
1767172413.4302382,-2,-7,-141
1767172413.4402382,1,-7,-141
1767172413.4502382,4,-9,-142
1767172413.4602382,6,-6,-142
1767172413.4702382,3,-1,-136
1767172413.4802382,7,-2,-140
1767172413.4902382,12,-5,-143
1767172413.5002382,13,-4,-148
1767172413.5102382,7,-5,-153
1767172413.5202382,8,-3,-157
1767172413.5302382,9,-5,-153
1767172413.540238,8,-4,-149
1767172413.550238,7,-6,-148
1767172413.560238,6,-4,-139
1767172413.570238,1,-2,-140
1767172413.580238,2,0,-140
1767172413.590238,2,-1,-134
1767172413.600238,-3,-1,-132
1767172413.610238,-3,0,-131
1767172413.620238,-1,-6,-131
1767172413.630238,0,-3,-130
1767172413.640238,1,-2,-134
1767172413.650238,0,0,-137
1767172413.6602385,0,1,-138
1767172413.6702385,0,1,-140
1767172413.6802382,1,0,-140
1767172413.6902382,3,-2,-141
1767172413.7002382,1,-5,-134
1767172413.7102382,-3,-3,-135
1767172413.7202382,-2,-2,-143
1767172413.7302382,-2,-3,-145
1767172413.7402382,-1,-2,-138
1767172413.7502382,2,-4,-145
1767172413.7602382,1,0,-149
1767172413.7702382,-3,2,-140
1767172413.7802382,-5,1,-129
1767172413.790238,-6,1,-129
1767172413.800238,-3,4,-130
1767172413.810238,2,0,-129
1767172413.820238,0,0,-133
1767172413.830238,4,-1,-139
1767172413.840238,3,-2,-140
1767172413.850238,2,-4,-146
1767172413.860238,0,-4,-145
1767172413.870238,3,-3,-143
1767172413.880238,8,0,-141
1767172413.890238,4,0,-149
1767172413.900238,6,0,-139
1767172413.9102385,2,3,-134
1767172413.9202385,4,2,-134
1767172413.9302382,4,2,-131
1767172413.9402382,3,0,-132
1767172413.9502382,0,1,-125
1767172413.9602382,0,1,-132
1767172413.9702382,0,0,-134
1767172413.9802382,-1,0,-138
1767172413.9902382,-1,2,-136
1767172414.0002382,-2,2,-132
1767172414.0102382,-2,1,-133
1767172414.0202382,1,-1,-137
1767172414.0302382,2,0,-134
1767172414.040238,5,2,-139
1767172414.050238,7,0,-143
1767172414.060238,8,0,-145
1767172414.070238,9,1,-147
1767172414.080238,3,0,-154
1767172414.090238,3,0,-159
1767172414.100238,4,1,-156
1767172414.110238,-1,-2,-153
1767172414.120238,-2,-2,-151
1767172414.130238,-3,0,-148
1767172414.140238,-1,-1,-150
1767172414.150238,-2,-1,-141
1767172414.1602385,1,-2,-136
1767172414.1702385,-4,2,-132
1767172414.1802382,-3,5,-133
1767172414.1902382,-3,0,-132
1767172414.2002382,-2,0,-134
1767172414.2102382,1,0,-139
1767172414.2202382,-1,-1,-148
1767172414.2302382,-1,2,-140
1767172414.2402382,0,3,-134
1767172414.2502382,-4,8,-135
1767172414.2602382,-4,6,-131
1767172414.2702382,-3,0,-136
1767172414.2802382,0,0,-132
1767172414.290238,-6,-1,-130
1767172414.300238,-2,-4,-134
1767172414.310238,-1,0,-139
1767172414.320238,0,1,-140
1767172414.330238,-6,1,-139
1767172414.340238,-9,1,-137
1767172414.350238,-12,0,-135
1767172414.360238,-14,-3,-136
1767172414.370238,-11,-9,-141
1767172414.380238,-11,-12,-148
1767172414.390238,-6,-7,-144
1767172414.400238,-11,-9,-140
1767172414.4102385,-14,-7,-141
1767172414.4202385,-6,-7,-139
1767172414.4312382,-3,-7,-143
1767172414.4412382,-2,-5,-146
1767172414.4502382,-2,-7,-141
1767172414.4602382,-3,-7,-137
1767172414.4702382,-9,-7,-140
1767172414.481238,-10,-2,-138
1767172414.491238,-7,-2,-140
1767172414.501238,-4,-1,-136
1767172414.511238,-7,0,-134
1767172414.521238,-6,1,-134
1767172414.531238,-5,-2,-140
1767172414.541238,-8,-1,-139
1767172414.551238,-5,-1,-141
1767172414.561238,0,-3,-140
1767172414.571238,2,-2,-139
1767172414.5812385,-1,-6,-138
1767172414.5912385,-2,-8,-141
1767172414.6012385,-6,-7,-140
1767172414.6112382,-6,-2,-141
1767172414.6212382,-9,0,-140
1767172414.6312382,-9,0,-143
1767172414.6412382,-6,1,-143
1767172414.6512382,-4,4,-142
1767172414.6612382,-6,3,-138
1767172414.6712382,-6,6,-133
1767172414.6812382,-11,8,-138
1767172414.6912382,-7,4,-132
1767172414.7012382,-5,2,-138
1767172414.711238,-4,1,-139
1767172414.721238,-1,2,-135
1767172414.731238,1,3,-137
1767172414.741238,1,1,-135
1767172414.751238,-3,1,-139
1767172414.761238,-3,0,-143
1767172414.771238,-1,-1,-141
1767172414.781238,-4,-3,-138
1767172414.791238,-1,-2,-141
1767172414.801238,3,-4,-139
1767172414.811238,5,-5,-137
1767172414.821238,2,-3,-143
1767172414.8312385,0,-2,-142
1767172414.8412385,-2,-7,-135
1767172414.8512385,-1,-7,-132
1767172414.8612382,-6,-10,-130
1767172414.8712382,-2,-10,-136
1767172414.8812382,-6,-8,-139
1767172414.8912382,0,-4,-138
1767172414.9012382,-1,0,-137
1767172414.9112382,-1,1,-141
1767172414.9212382,2,-2,-142
1767172414.9312382,4,-5,-141
1767172414.9412382,1,-8,-141
1767172414.9512382,-2,-8,-136
1767172414.961238,0,-3,-130
1767172414.971238,1,0,-138
1767172414.981238,4,0,-146
1767172414.991238,0,3,-146
1767172415.001238,-5,-1,-145
1767172415.011238,-7,-4,-137
1767172415.021238,-5,-4,-135
1767172415.031238,-2,-4,-139
1767172415.041238,0,-6,-140
1767172415.051238,-2,-3,-142
1767172415.061238,-2,-2,-144
1767172415.071238,-3,0,-149
1767172415.0812385,0,-1,-150
1767172415.0912385,-2,0,-148
1767172415.1012385,-3,0,-146
1767172415.1112382,-6,-1,-148
1767172415.1212382,-6,-1,-147
1767172415.1312382,-1,0,-148
1767172415.1412382,-3,-2,-147
1767172415.1512382,-3,-1,-145
1767172415.1612382,0,-3,-148
1767172415.1712382,-5,-1,-154
1767172415.1812382,-5,-3,-153
1767172415.1912382,-2,-3,-151
1767172415.2012382,-1,-8,-153
1767172415.211238,-3,-8,-149
1767172415.221238,-1,-6,-146
1767172415.231238,-6,-4,-150
1767172415.241238,-4,1,-153
1767172415.251238,-6,3,-151
1767172415.261238,-6,0,-147
1767172415.271238,-9,-1,-149
1767172415.281238,-9,0,-143
1767172415.291238,-12,-1,-144
1767172415.301238,-11,-5,-142
1767172415.311238,-10,-2,-139
1767172415.321238,-11,0,-136
1767172415.3312385,-10,0,-133
1767172415.3412385,-5,-3,-130
1767172415.3512385,-1,-1,-132
1767172415.3612382,0,-7,-130
1767172415.3712382,0,-7,-126
1767172415.3812382,0,-9,-129
1767172415.3912382,4,-10,-132
1767172415.4012382,4,-9,-132
1767172415.4112382,8,-6,-138
1767172415.4212382,5,-7,-146
1767172415.4312382,4,-7,-148
1767172415.4412382,0,-5,-140
1767172415.4512382,-2,0,-143
1767172415.461238,-2,-5,-144
1767172415.471238,1,-1,-141
1767172415.481238,-2,0,-138
1767172415.491238,0,-5,-141
1767172415.501238,-3,-5,-139
1767172415.511238,-2,-5,-139
1767172415.521238,-6,-4,-138
1767172415.531238,-3,-3,-140
1767172415.541238,-1,0,-141
1767172415.551238,0,0,-143
1767172415.561238,1,2,-145
1767172415.571238,-1,0,-144
1767172415.5812385,-4,-3,-153
1767172415.5912385,-5,-2,-153
1767172415.6012385,-4,-1,-146
1767172415.6112382,-4,-2,-145
1767172415.6212382,-4,-2,-145
1767172415.6312382,-8,1,-150
1767172415.6412382,-6,4,-149
1767172415.6512382,-9,5,-152
1767172415.6612382,-12,6,-146
1767172415.6712382,-11,5,-144
1767172415.6812382,-11,5,-143
1767172415.6912382,-10,5,-145
1767172415.7012382,-9,4,-140
1767172415.711238,-8,1,-141
1767172415.721238,-3,1,-140
1767172415.731238,0,5,-137
1767172415.741238,-5,4,-136
1767172415.751238,-1,0,-133
1767172415.761238,2,0,-136
1767172415.771238,-2,-1,-142
1767172415.781238,-2,-1,-142
1767172415.791238,0,-1,-142
1767172415.801238,2,6,-140
1767172415.811238,3,1,-141
1767172415.821238,3,0,-138
1767172415.8312385,1,2,-141
1767172415.8412385,0,2,-148
1767172415.8512385,0,-1,-143
1767172415.8612382,1,-3,-137
1767172415.8712382,6,2,-130
1767172415.8812382,6,2,-127
1767172415.8912382,13,-1,-136
1767172415.9012382,8,0,-139
1767172415.9112382,5,-2,-138
1767172415.9212382,2,-1,-139
1767172415.9312382,4,-3,-140
1767172415.9412382,3,-2,-140
1767172415.9512382,0,0,-139
1767172415.961238,-4,2,-147
1767172415.971238,-2,1,-149
1767172415.981238,-4,-2,-151
1767172415.991238,0,-5,-152
1767172416.001238,2,-3,-142
1767172416.011238,0,-3,-138
1767172416.021238,0,-5,-137
1767172416.031238,4,-5,-134
1767172416.041238,4,-5,-139
1767172416.051238,3,-7,-136
1767172416.061238,0,-7,-142
1767172416.071238,0,-5,-145
1767172416.0812385,2,-8,-140
1767172416.0912385,6,-12,-137
1767172416.1012385,7,-9,-136
1767172416.1112382,6,-5,-140
1767172416.1212382,7,-4,-143
1767172416.1312382,11,-2,-145
1767172416.1412382,7,-6,-152
1767172416.1512382,5,-4,-154
1767172416.1612382,4,-5,-149
1767172416.1712382,4,-3,-145
1767172416.1812382,1,-5,-147
1767172416.1912382,-5,-6,-146
1767172416.2012382,-1,-3,-143
1767172416.211238,3,-2,-139
1767172416.221238,4,1,-137
1767172416.231238,6,0,-133
1767172416.241238,8,-1,-132
1767172416.251238,9,-4,-132
1767172416.261238,9,-4,-137
1767172416.271238,8,-1,-140
1767172416.281238,11,-4,-149
1767172416.291238,5,-4,-149
1767172416.301238,2,-3,-146
1767172416.311238,0,-4,-137
1767172416.321238,-4,-1,-142
1767172416.3312385,0,0,-144
1767172416.3412385,5,0,-144
1767172416.3512385,5,0,-145
1767172416.3612382,0,1,-145
1767172416.3712382,0,5,-137
1767172416.3812382,-1,3,-134
1767172416.3912382,-1,9,-132
1767172416.4012382,-4,6,-127
1767172416.4112382,-4,2,-126
1767172416.4212382,-2,1,-132
1767172416.4312382,1,1,-133
1767172416.4412382,0,3,-133
1767172416.4512382,1,1,-134
1767172416.461238,0,4,-132
1767172416.471238,1,2,-131
1767172416.481238,1,5,-136
1767172416.491238,-2,7,-130
1767172416.501238,-2,7,-133
1767172416.511238,-1,4,-136
1767172416.521238,-4,2,-137
1767172416.531238,-4,1,-135
1767172416.541238,-4,5,-132
1767172416.551238,-9,7,-130
1767172416.561238,-11,6,-129
1767172416.571238,-9,2,-133
1767172416.5812385,-6,0,-131
1767172416.5912385,-8,0,-129
1767172416.6012385,-6,-1,-134
1767172416.6112382,-2,-1,-142
1767172416.6212382,2,0,-139
1767172416.6312382,2,-5,-136
1767172416.6412382,1,-9,-133
1767172416.6512382,-1,-11,-131
1767172416.6612382,-5,-7,-136
1767172416.6712382,-5,-4,-139
1767172416.6812382,-4,-3,-138
1767172416.6912382,-3,-4,-143
1767172416.7012382,-7,-4,-138
1767172416.711238,0,-2,-136
1767172416.721238,0,1,-143
1767172416.731238,-1,0,-139
1767172416.741238,-3,0,-134
1767172416.751238,-1,0,-129
1767172416.761238,-10,2,-122
1767172416.771238,-9,2,-132
1767172416.781238,-5,1,-136
1767172416.791238,-3,6,-138
1767172416.801238,-1,7,-139
1767172416.811238,-1,9,-136
1767172416.821238,0,4,-134
1767172416.8312385,4,2,-135
1767172416.8412385,2,1,-136
1767172416.8512385,3,-2,-139
1767172416.8612382,2,-5,-143
1767172416.8712382,2,-8,-141
1767172416.8812382,4,-4,-141
1767172416.8912382,5,0,-143
1767172416.9012382,7,1,-144
1767172416.9112382,5,1,-142
1767172416.9212382,3,0,-134
1767172416.9312382,-1,1,-135
1767172416.9412382,1,3,-139
1767172416.9512382,0,3,-139
1767172416.961238,1,5,-134
1767172416.971238,0,3,-129
1767172416.981238,0,7,-135
1767172416.991238,1,4,-134
1767172417.002238,0,0,-134
1767172417.011238,1,-1,-131
1767172417.021238,4,-1,-132
1767172417.0322382,-1,-3,-135
1767172417.041238,0,-3,-133
1767172417.0522382,2,-3,-131
1767172417.0622382,5,-2,-138
1767172417.0722382,0,-4,-142
1767172417.0822382,3,-1,-141
1767172417.0922382,4,-3,-142
1767172417.1022382,4,-6,-142
1767172417.1122382,8,-6,-139
1767172417.1222382,9,-4,-134
1767172417.132238,6,0,-132
1767172417.142238,6,4,-133
1767172417.152238,1,2,-135
1767172417.162238,0,0,-132
1767172417.172238,0,-1,-135
1767172417.182238,0,0,-141
1767172417.192238,1,-2,-147
1767172417.202238,0,0,-146
1767172417.212238,-4,1,-140
1767172417.222238,-4,0,-134
1767172417.232238,0,-1,-138
1767172417.242238,0,-1,-144
1767172417.252238,-5,-5,-143
1767172417.2622385,-6,-6,-139
1767172417.2722385,-3,-7,-141
1767172417.2822382,-3,-9,-140
1767172417.2922382,-3,-10,-141
1767172417.3022382,-1,-6,-144
1767172417.3122382,-2,0,-149
1767172417.3222382,-1,0,-155
1767172417.3322382,0,-1,-156
1767172417.3422382,6,0,-150
1767172417.3522382,5,1,-154
1767172417.3622382,5,2,-153
1767172417.3722382,5,3,-152
1767172417.382238,1,-2,-155
1767172417.392238,0,0,-147
1767172417.402238,1,1,-149
1767172417.412238,1,-3,-155
1767172417.422238,0,-6,-154
1767172417.432238,-2,-7,-153
1767172417.442238,0,-9,-149
1767172417.452238,2,-8,-148
1767172417.462238,-1,-7,-142
1767172417.472238,2,-7,-138
1767172417.482238,1,-5,-139
1767172417.492238,-2,-2,-138
1767172417.502238,-2,0,-139
1767172417.5122385,0,0,-143
1767172417.5222385,5,-1,-151
1767172417.5322382,1,2,-148
1767172417.5422382,2,0,-147
1767172417.5522382,-1,3,-143
1767172417.5622382,-1,8,-143
1767172417.5722382,-2,6,-133
1767172417.5822382,-3,7,-138
1767172417.5922382,0,6,-137
1767172417.6022382,4,3,-142
1767172417.6122382,7,0,-146
1767172417.6222382,10,0,-150
1767172417.632238,9,-4,-149
1767172417.642238,7,-8,-146
1767172417.652238,10,-5,-140
1767172417.662238,8,0,-140
1767172417.672238,1,0,-134
1767172417.682238,5,-2,-137
1767172417.692238,2,-5,-140
1767172417.702238,1,-1,-140
1767172417.712238,5,-3,-133
1767172417.722238,2,0,-135
1767172417.732238,0,-3,-144
1767172417.742238,0,-5,-140
1767172417.752238,-1,-4,-139
1767172417.7622385,-4,-2,-141
1767172417.7722385,-6,-5,-138
1767172417.7822382,-7,-4,-140
1767172417.7922382,-1,-1,-142
1767172417.8022382,-6,-1,-143
1767172417.8122382,-3,2,-140
1767172417.8222382,0,0,-142
1767172417.8322382,2,2,-145
1767172417.8422382,0,1,-143
1767172417.8522382,-3,1,-141
1767172417.8622382,-6,3,-144
1767172417.8722382,-4,5,-150
1767172417.882238,0,2,-145
1767172417.892238,3,5,-139
1767172417.902238,1,6,-136
1767172417.912238,0,5,-145
1767172417.922238,0,3,-149
1767172417.932238,0,2,-153
1767172417.942238,0,3,-153
1767172417.952238,3,3,-152
1767172417.962238,8,2,-151
1767172417.972238,6,2,-153
1767172417.982238,6,1,-140
1767172417.992238,5,1,-131
1767172418.002238,0,0,-134
1767172418.0122385,-1,0,-137
1767172418.0222385,-2,0,-134
1767172418.0322382,-6,4,-138
1767172418.0422382,-5,6,-146
1767172418.0522382,-5,0,-149
1767172418.0622382,-4,-1,-148
1767172418.0722382,-2,0,-151
1767172418.0822382,-2,1,-155
1767172418.0922382,-5,0,-151
1767172418.1022382,-11,0,-145
1767172418.1122382,-10,1,-143
1767172418.1222382,-8,1,-138
1767172418.132238,-8,0,-136
1767172418.142238,-3,-3,-133
1767172418.152238,-2,-4,-141
1767172418.162238,0,-2,-145
1767172418.172238,3,-4,-145
1767172418.182238,4,-4,-148
1767172418.192238,3,-4,-154
1767172418.202238,3,-4,-153
1767172418.212238,1,-2,-152
1767172418.222238,-1,2,-151
1767172418.232238,-2,2,-146
1767172418.242238,-3,8,-142
1767172418.252238,-4,5,-142
1767172418.2622385,-3,0,-143
1767172418.2722385,-2,1,-142
1767172418.2822382,-3,-3,-134
1767172418.2922382,-5,-4,-129
1767172418.3022382,-3,-3,-129
1767172418.3122382,-2,-2,-133
1767172418.3222382,-2,-4,-138
1767172418.3322382,1,-1,-138
1767172418.3422382,1,0,-139
1767172418.3522382,2,-3,-141
1767172418.3622382,-2,-7,-138
1767172418.383238,-1,-2,-131
1767172418.392238,1,0,-131
1767172418.402238,0,1,-132
1767172418.412238,4,1,-133
1767172418.422238,5,-3,-131
1767172418.432238,2,-4,-134
1767172418.442238,2,-6,-129
1767172418.452238,-1,-8,-128
1767172418.462238,-1,-5,-128
1767172418.472238,0,-4,-132
1767172418.482238,-1,-5,-141
1767172418.492238,2,-7,-147
1767172418.502238,4,-5,-145
1767172418.5122385,12,-4,-138
1767172418.5222385,11,-1,-137
1767172418.5322382,13,0,-133
1767172418.5422382,11,0,-138
1767172418.5522382,4,3,-139
1767172418.5622382,-1,1,-135
1767172418.5722382,0,-2,-132
1767172418.5822382,-3,-4,-133
1767172418.5922382,-4,-3,-135
1767172418.6022382,-2,-6,-133
1767172418.6122382,0,-4,-131
1767172418.6222382,0,-5,-128
1767172418.632238,1,-6,-135
1767172418.642238,-2,-4,-138
1767172418.652238,0,-2,-144
1767172418.662238,-1,-11,-147
1767172418.672238,-2,-11,-139
1767172418.682238,-5,-5,-144
1767172418.692238,-4,-5,-140
1767172418.702238,-1,-8,-138
1767172418.712238,-3,-10,-136
1767172418.722238,-4,-7,-135
1767172418.732238,0,-5,-124
1767172418.742238,-1,-6,-121
1767172418.752238,-2,-1,-123
1767172418.7622385,-2,-1,-131
1767172418.7722385,-3,0,-141
1767172418.7822382,-3,0,-140
1767172418.7922382,-3,1,-138
1767172418.8022382,-1,2,-140
1767172418.8122382,-7,1,-140
1767172418.8222382,-3,2,-143
1767172418.8322382,-5,0,-151
1767172418.8422382,-4,0,-147
1767172418.8522382,-4,2,-147
1767172418.8622382,-5,3,-144
1767172418.8722382,-4,0,-149
1767172418.882238,-3,0,-153
1767172418.892238,-2,0,-159
1767172418.902238,-1,0,-156
1767172418.912238,0,-2,-156
1767172418.922238,3,0,-157
1767172418.932238,6,0,-156
1767172418.942238,4,0,-155
1767172418.952238,5,1,-145
1767172418.962238,3,-1,-143
1767172418.972238,2,-1,-147
1767172418.982238,4,-2,-150
1767172418.992238,7,-6,-148
1767172419.002238,4,-7,-143
1767172419.0122385,0,-5,-137
1767172419.0222385,0,-3,-134
1767172419.0322382,2,-2,-138
1767172419.0422382,3,0,-141
1767172419.0522382,1,-1,-139
1767172419.0622382,0,0,-136
1767172419.0722382,0,-2,-140
1767172419.0822382,-6,-1,-138
1767172419.0922382,-3,-3,-143
1767172419.1022382,-4,-3,-142
1767172419.1122382,-3,0,-140
1767172419.1222382,-1,4,-138
1767172419.132238,0,2,-134
1767172419.142238,0,0,-133
1767172419.152238,0,-3,-138
1767172419.162238,0,-3,-140
1767172419.172238,-1,-1,-139
1767172419.182238,-3,1,-144
1767172419.192238,4,0,-144
1767172419.202238,5,1,-147
1767172419.212238,3,-1,-151
1767172419.222238,2,-5,-149
1767172419.232238,3,0,-151
1767172419.242238,3,-1,-154
1767172419.252238,0,0,-148
1767172419.2622385,-2,-1,-144
1767172419.2722385,0,0,-143
1767172419.2822382,0,5,-138
1767172419.2922382,-2,2,-136
1767172419.3022382,-5,2,-139
1767172419.3122382,-9,-1,-141
1767172419.3222382,-7,2,-143
1767172419.3322382,-4,2,-134
1767172419.3422382,-3,0,-133
1767172419.3522382,0,-2,-132
1767172419.3622382,-1,0,-131
1767172419.3722382,-4,1,-129
1767172419.382238,-6,0,-124
1767172419.392238,-10,0,-131
1767172419.402238,-6,0,-137
1767172419.412238,-1,-2,-138
1767172419.422238,1,-2,-140
1767172419.432238,2,-5,-139
1767172419.442238,2,-4,-142
1767172419.452238,5,-2,-140
1767172419.462238,3,-2,-132
1767172419.472238,6,-3,-135
1767172419.482238,7,-6,-130
1767172419.492238,2,-7,-127
1767172419.502238,0,-10,-123
1767172419.5122385,-1,-3,-123
1767172419.5222385,-2,0,-123
1767172419.5322382,0,-4,-120
1767172419.5422382,-2,-8,-129
1767172419.5522382,1,-9,-139
1767172419.5622382,-3,-5,-150
1767172419.5722382,-8,-2,-151
1767172419.583238,-3,0,-158
1767172419.5922382,-3,0,-150
1767172419.6022382,-3,-1,-149
1767172419.613238,-2,0,-144
1767172419.623238,0,-1,-131
1767172419.633238,-2,-4,-132
1767172419.643238,-7,0,-136
1767172419.652238,-9,4,-139
1767172419.663238,-7,1,-138
1767172419.673238,-6,4,-138
1767172419.6832385,-4,5,-142
1767172419.6932385,0,4,-137
1767172419.702238,-1,-1,-135
1767172419.7132382,0,-4,-138
1767172419.7232382,2,0,-136
1767172419.7332382,2,-2,-135
1767172419.7432382,0,-3,-140
1767172419.7532382,0,-4,-139
1767172419.7632382,1,-1,-138
1767172419.7732382,3,-2,-139
1767172419.7832382,4,-6,-133
1767172419.7932382,3,-7,-142
1767172419.8032382,2,-7,-146
1767172419.813238,4,-5,-145
1767172419.823238,4,-6,-143
1767172419.833238,0,-6,-147
1767172419.843238,0,-4,-147
1767172419.853238,0,-3,-150
1767172419.863238,0,0,-153
1767172419.873238,3,1,-149
1767172419.883238,-1,2,-147
1767172419.893238,-3,2,-143
1767172419.903238,-1,4,-149
1767172419.913238,0,6,-152
1767172419.923238,-1,2,-150
1767172419.9332385,-1,0,-151
1767172419.9432385,-2,-3,-150
1767172419.9532382,-3,0,-149
1767172419.9632382,-2,-3,-144
1767172419.9732382,-3,-6,-141
1767172419.9832382,-1,-4,-142
1767172419.9932382,0,-7,-140
1767172420.0032382,0,-6,-139
1767172420.0132382,2,-3,-141
1767172420.0232382,1,-4,-142
1767172420.0332382,5,0,-151
1767172420.0432382,9,2,-143
1767172420.0532382,6,2,-145
1767172420.063238,1,-2,-139
1767172420.073238,1,-4,-143
1767172420.083238,1,-6,-144
1767172420.093238,2,-2,-140
1767172420.103238,0,-5,-140
1767172420.113238,0,-4,-138
1767172420.123238,-2,0,-139
1767172420.133238,-5,1,-137
1767172420.143238,-3,-2,-136
1767172420.153238,-2,-6,-130
1767172420.163238,-3,-9,-131
1767172420.173238,-1,-8,-135
1767172420.1832385,-4,-5,-134
1767172420.1932385,-5,-5,-139
1767172420.2032382,-2,-2,-137
1767172420.2132382,0,-6,-138
1767172420.2232382,0,-5,-134
1767172420.2332382,2,-8,-139
1767172420.2432382,6,-4,-133
1767172420.2532382,6,0,-124
1767172420.2632382,3,1,-125
1767172420.2732382,2,3,-131
1767172420.2832382,1,-3,-126
1767172420.2932382,2,0,-118
1767172420.3032382,1,0,-121
1767172420.313238,1,-2,-125
1767172420.323238,2,-1,-124
1767172420.333238,3,-6,-130
1767172420.343238,3,-6,-131
1767172420.353238,2,-7,-128
1767172420.363238,0,-8,-123
1767172420.373238,-1,-7,-130
1767172420.383238,-1,-5,-125
1767172420.393238,1,-5,-128
1767172420.403238,1,-5,-123
1767172420.413238,-2,-5,-127
1767172420.423238,-2,-8,-128
1767172420.4332385,-4,-7,-133
1767172420.4432385,-4,-4,-133
1767172420.4532382,-3,-4,-134
1767172420.4632382,-1,-1,-141
1767172420.4732382,0,-6,-140
1767172420.4832382,1,-5,-130
1767172420.4932382,2,-4,-131
1767172420.5032382,2,-4,-134
1767172420.5132382,2,0,-131
1767172420.5232382,2,-1,-132
1767172420.5332382,5,0,-130
1767172420.5432382,8,0,-128
1767172420.5532382,3,-2,-129
1767172420.563238,1,1,-142
1767172420.573238,2,2,-143
1767172420.583238,3,9,-147
1767172420.593238,5,10,-141
1767172420.603238,7,8,-138
1767172420.613238,7,6,-131
1767172420.623238,11,2,-131
1767172420.633238,4,0,-137
1767172420.643238,4,-3,-134
1767172420.653238,4,-5,-132
1767172420.663238,6,-3,-135
1767172420.673238,7,-1,-129
1767172420.6832385,0,-2,-127
1767172420.6932385,-1,-3,-128
1767172420.7032382,2,-4,-130
1767172420.7132382,4,-1,-129
1767172420.7232382,4,0,-129
1767172420.7332382,4,-4,-124
1767172420.7432382,5,-6,-132
1767172420.7532382,1,-2,-132
1767172420.7632382,-3,-1,-135
1767172420.7732382,0,-3,-141
1767172420.7832382,0,-7,-140
1767172420.7932382,0,-5,-137
1767172420.8032382,1,-5,-134
1767172420.813238,3,-2,-135
1767172420.823238,4,-6,-140
1767172420.833238,1,-2,-138
1767172420.843238,2,1,-140
1767172420.853238,1,0,-138
1767172420.863238,2,-2,-139
1767172420.873238,1,-4,-145
1767172420.883238,-1,0,-137
1767172420.893238,3,-1,-133
1767172420.903238,1,0,-134
1767172420.913238,-2,1,-139
1767172420.923238,-5,1,-136
1767172420.9332385,-1,1,-141
1767172420.9432385,2,0,-137
1767172420.9532382,1,2,-138
1767172420.9632382,0,1,-139
1767172420.9732382,0,6,-141
1767172420.9832382,-1,2,-141
1767172420.9932382,-3,0,-145
1767172421.0032382,-2,0,-146
1767172421.0132382,-5,-3,-143
1767172421.0232382,-6,-1,-139
1767172421.0332382,-5,-3,-133
1767172421.0432382,-4,-2,-134
1767172421.0532382,-5,-7,-130
1767172421.063238,-3,-5,-128
1767172421.073238,-3,-4,-125
1767172421.083238,-1,-5,-131
1767172421.093238,-2,-4,-129
1767172421.103238,-2,-3,-134
1767172421.113238,-2,-2,-131
1767172421.123238,-5,-3,-134
1767172421.133238,-3,0,-135
1767172421.143238,-1,-2,-137
1767172421.153238,-1,0,-137
1767172421.163238,-3,0,-132
1767172421.173238,-3,2,-131
1767172421.1832385,-3,0,-129
1767172421.1932385,0,3,-131
1767172421.2032382,2,0,-135
1767172421.2132382,0,1,-145
1767172421.2232382,-7,2,-148
1767172421.2332382,-5,0,-153
1767172421.2432382,-4,-1,-154
1767172421.2532382,-3,-2,-150
1767172421.2632382,1,-1,-149
1767172421.2732382,-2,1,-150
1767172421.2832382,-3,4,-153
1767172421.2932382,-2,5,-154
1767172421.3032382,0,2,-145
1767172421.313238,1,4,-139
1767172421.323238,2,5,-140
1767172421.333238,7,0,-146
1767172421.343238,4,-5,-146
1767172421.353238,2,-1,-145
1767172421.363238,2,-6,-141
1767172421.373238,4,-2,-137
1767172421.383238,0,-3,-137
1767172421.393238,1,1,-142
1767172421.403238,5,0,-139
1767172421.413238,3,4,-137
1767172421.423238,2,3,-131
1767172421.4332385,4,3,-131
1767172421.4432385,5,0,-129
1767172421.4532382,4,0,-133
1767172421.4632382,0,0,-139
1767172421.4732382,-2,-1,-139
1767172421.4832382,-4,-2,-142
1767172421.4932382,-1,-3,-145
1767172421.5032382,-3,-5,-142
1767172421.5132382,-3,-6,-141
1767172421.5232382,-6,-2,-144
1767172421.5332382,-5,0,-149
1767172421.5432382,-4,-4,-152
1767172421.5532382,-8,-4,-153
1767172421.563238,-5,-3,-153
1767172421.573238,-4,-6,-139
1767172421.583238,-3,-5,-140
1767172421.593238,0,-8,-138
1767172421.603238,1,-8,-135
1767172421.613238,0,-10,-137
1767172421.623238,2,-8,-138
1767172421.633238,4,-4,-146
1767172421.643238,2,-5,-150
1767172421.653238,6,-1,-145
1767172421.663238,3,-3,-141
1767172421.673238,0,-4,-146
1767172421.6832385,-2,-5,-142
1767172421.6932385,-2,-6,-144
1767172421.7032382,-5,-4,-145
1767172421.7132382,-9,-9,-143
1767172421.7232382,-7,-6,-143
1767172421.7332382,-6,-2,-139
1767172421.7432382,-5,-2,-136
1767172421.7532382,0,-4,-133
1767172421.7632382,-1,-6,-131
1767172421.7732382,-4,-4,-130
1767172421.7832382,-3,-7,-135
1767172421.7932382,-1,-2,-140
1767172421.8032382,2,1,-143
1767172421.813238,1,0,-145
1767172421.823238,0,0,-143
1767172421.833238,1,0,-144
1767172421.843238,3,0,-147
1767172421.853238,2,0,-144
1767172421.863238,3,0,-145
1767172421.873238,6,-5,-145
1767172421.883238,4,-6,-148
1767172421.893238,2,-11,-149
1767172421.903238,0,-11,-149
1767172421.913238,0,-14,-147
1767172421.923238,1,-8,-141
1767172421.9332385,1,-5,-138
1767172421.9432385,-3,-6,-139
1767172421.9532382,-7,-6,-138
1767172421.9632382,-6,-6,-135
1767172421.9732382,0,-3,-130
1767172421.9832382,1,1,-137
1767172421.9932382,0,2,-135
1767172422.0032382,-1,-2,-132
1767172422.0132382,2,-2,-137
1767172422.0232382,5,0,-140
1767172422.0332382,3,0,-139
1767172422.0432382,4,-1,-137
1767172422.0532382,8,-4,-135
1767172422.063238,11,-3,-134
1767172422.073238,11,-2,-140
1767172422.083238,11,-3,-139
1767172422.094238,4,0,-139
1767172422.103238,2,-2,-145
1767172422.113238,2,-3,-144
1767172422.123238,2,-2,-153
1767172422.133238,0,-5,-149
1767172422.1442382,0,-1,-148
1767172422.1542382,5,0,-151
1767172422.1642382,4,2,-147
1767172422.1742382,5,2,-143
1767172422.1842382,5,1,-141
1767172422.1942382,4,0,-135
1767172422.2042382,4,-1,-143
1767172422.2142382,7,-3,-143
1767172422.2242382,7,-4,-145
1767172422.234238,8,-2,-144
1767172422.244238,7,-3,-143
1767172422.254238,9,-6,-146
1767172422.264238,5,-3,-142
1767172422.274238,4,0,-139
1767172422.284238,3,4,-136
1767172422.294238,3,1,-134
1767172422.304238,6,-1,-137
1767172422.314238,4,0,-138
1767172422.324238,3,-3,-139
1767172422.334238,0,-2,-144
1767172422.344238,2,-2,-143
1767172422.3542385,4,-4,-140
1767172422.3642385,0,-7,-142
1767172422.3742385,-1,-7,-143
1767172422.3842382,1,-6,-137
1767172422.3942382,1,-3,-137
1767172422.4042382,0,0,-137
1767172422.4142382,0,0,-139
1767172422.4242382,-4,1,-141
1767172422.4342382,-5,2,-138
1767172422.4442382,0,5,-133
1767172422.4542382,0,6,-126
1767172422.4642382,-1,8,-132
1767172422.4742382,2,10,-124
1767172422.484238,2,5,-125
1767172422.494238,-1,2,-122
1767172422.504238,-4,1,-128
1767172422.514238,-8,-1,-135
1767172422.524238,-5,-2,-134
1767172422.534238,-4,-5,-142
1767172422.544238,-4,-8,-138
1767172422.554238,0,-7,-138
1767172422.564238,5,-7,-139
1767172422.574238,3,-7,-140
1767172422.584238,0,-9,-136
1767172422.594238,0,-8,-140
1767172422.6042385,-8,-10,-136
1767172422.6152382,-8,-8,-137
1767172422.6242385,-9,-2,-137
1767172422.6342382,-3,-3,-139
1767172422.6442382,-3,-5,-138
1767172422.6542382,-5,-2,-139
1767172422.6642382,-2,-5,-138
1767172422.6742382,-4,-6,-136
1767172422.6842382,-1,-2,-136
1767172422.6942382,-2,-1,-141
1767172422.7042382,1,-2,-145
1767172422.7142382,6,-2,-147
1767172422.7242382,4,2,-146
1767172422.734238,-1,1,-140
1767172422.744238,1,-3,-142
1767172422.754238,0,-4,-141
1767172422.764238,-1,-3,-148
1767172422.774238,0,-3,-150
1767172422.784238,1,-5,-148
1767172422.794238,0,-2,-145
1767172422.804238,-1,0,-144
1767172422.814238,0,1,-140
1767172422.824238,-2,2,-139
1767172422.834238,-5,-5,-142
1767172422.844238,-2,-6,-144
1767172422.8542385,0,-3,-146
1767172422.8642385,0,-1,-142
1767172422.8742385,0,2,-144
1767172422.8842382,-3,4,-147
1767172422.8942382,-4,2,-146
1767172422.9042382,-8,0,-148
1767172422.9142382,-5,-2,-145
1767172422.9242382,-2,1,-145
1767172422.9342382,-2,1,-151
1767172422.9442382,2,1,-149
1767172422.9542382,0,-4,-152
1767172422.9642382,2,-5,-154
1767172422.9742382,1,-1,-154
1767172422.984238,1,-3,-160
1767172422.994238,1,-2,-160
1767172423.004238,4,0,-160
1767172423.014238,5,-1,-157
1767172423.024238,8,-1,-153
1767172423.034238,2,0,-149
1767172423.044238,0,-1,-145
1767172423.054238,0,-2,-137
1767172423.064238,-1,-4,-145
1767172423.074238,0,-5,-146
1767172423.084238,6,-5,-147
1767172423.094238,7,-5,-147
1767172423.1042385,4,-4,-145
1767172423.1142385,2,-3,-148
1767172423.1242385,0,-2,-148
1767172423.1342382,2,-6,-145
1767172423.1442382,0,-8,-145
1767172423.1542382,0,-3,-142
1767172423.1642382,0,-3,-141
1767172423.1742382,-1,0,-140
1767172423.1842382,3,0,-135
1767172423.1942382,6,4,-132
1767172423.2042382,7,1,-135
1767172423.2142382,1,0,-140
1767172423.2242382,0,2,-141
1767172423.234238,2,1,-138
1767172423.244238,1,-4,-138
1767172423.254238,1,-4,-141
1767172423.264238,0,-2,-146
1767172423.274238,-3,1,-153
1767172423.284238,-5,0,-149
1767172423.294238,-3,0,-146
1767172423.304238,-3,0,-150
1767172423.314238,5,0,-147
1767172423.324238,6,-1,-147
1767172423.334238,1,-6,-137
1767172423.344238,2,-7,-132
1767172423.3542385,5,-8,-136
1767172423.3642385,2,-4,-139
1767172423.3742385,2,-4,-139
1767172423.3952382,4,-6,-139
1767172423.4042382,6,-6,-137
1767172423.4142382,5,-5,-141
1767172423.4242382,0,-4,-143
1767172423.4342382,-4,-3,-139
1767172423.4442382,-8,0,-133
1767172423.4542382,-4,-3,-133
1767172423.4642382,-5,0,-134
1767172423.4742382,-2,-2,-135
1767172423.484238,-5,-2,-137
1767172423.494238,-4,-1,-139
1767172423.504238,-6,0,-134
1767172423.514238,-8,-3,-134
1767172423.524238,-6,-4,-127
1767172423.534238,-3,-1,-132
1767172423.544238,0,-2,-131
1767172423.554238,0,0,-127
1767172423.564238,1,4,-131
1767172423.574238,4,3,-140
1767172423.584238,6,3,-141
1767172423.594238,9,0,-140
1767172423.6042385,12,-4,-145
1767172423.6142385,11,-7,-144
1767172423.6242385,4,-9,-139
1767172423.6342382,0,-12,-141
1767172423.6442382,0,-11,-140
1767172423.6542382,-2,-9,-142
1767172423.6642382,-2,-6,-145
1767172423.6742382,0,-6,-147
1767172423.6842382,0,-8,-150
1767172423.6942382,1,-6,-148
1767172423.7042382,0,-6,-144
1767172423.7142382,2,-9,-143
1767172423.7242382,3,-9,-147
1767172423.734238,1,-6,-146
1767172423.744238,2,-2,-143
1767172423.754238,-1,-2,-141
1767172423.764238,-3,-4,-140
1767172423.774238,-1,0,-139
1767172423.784238,-2,-1,-143
1767172423.794238,-3,-7,-146
1767172423.804238,-1,-9,-150
1767172423.814238,0,-5,-148
1767172423.824238,0,-7,-148
1767172423.834238,3,-4,-146
1767172423.844238,1,-2,-145
1767172423.8542385,3,3,-145
1767172423.8642385,1,2,-139
1767172423.8742385,0,1,-137
1767172423.8842382,0,2,-136
1767172423.8942382,-2,-3,-133
1767172423.9042382,-2,0,-136
1767172423.9142382,-1,0,-139
1767172423.9242382,-3,-1,-140
1767172423.9342382,-7,-9,-137
1767172423.9442382,-7,-6,-139
1767172423.9542382,-9,-6,-140
1767172423.9642382,-8,-4,-140
1767172423.9742382,-6,0,-135
1767172423.984238,-4,0,-136
1767172423.994238,-2,0,-137
1767172424.004238,-5,0,-135
1767172424.014238,-8,2,-132
1767172424.024238,-8,2,-137
1767172424.034238,-7,4,-135
1767172424.044238,0,0,-138
1767172424.054238,2,0,-133
1767172424.064238,2,-3,-139
1767172424.074238,-1,0,-142
1767172424.084238,-2,-1,-144
1767172424.094238,-7,-5,-139
1767172424.1042385,-3,-6,-137
1767172424.1142385,0,-1,-141
1767172424.1242385,0,0,-144
1767172424.1342382,7,0,-136
1767172424.1442382,4,0,-138
1767172424.1542382,1,4,-136
1767172424.1642382,0,1,-134
1767172424.1742382,1,0,-139
1767172424.1842382,3,-2,-141
1767172424.1942382,4,-4,-141
1767172424.2042382,3,-1,-141
1767172424.2142382,-1,-2,-140
1767172424.2242382,1,-2,-145
1767172424.234238,1,-4,-143
1767172424.244238,1,-5,-148
1767172424.254238,2,-3,-151
1767172424.264238,4,-2,-145
1767172424.274238,6,0,-138
1767172424.284238,8,1,-133
1767172424.294238,8,0,-136
1767172424.304238,1,0,-136
1767172424.314238,0,0,-139
1767172424.324238,2,0,-143
1767172424.334238,4,-4,-138
1767172424.344238,2,-8,-131
1767172424.3542385,4,-3,-139
1767172424.3642385,1,-2,-138
1767172424.3742385,1,-4,-135
1767172424.3842382,8,-3,-135
1767172424.3942382,5,-5,-137
1767172424.4042382,0,-4,-138
1767172424.4142382,-2,0,-136
1767172424.4242382,-3,-2,-140
1767172424.4342382,-4,-3,-140
1767172424.4442382,0,-5,-142
1767172424.4542382,-2,-5,-137
1767172424.4642382,-2,-1,-138
1767172424.4742382,-4,1,-138
1767172424.484238,-7,-2,-137
1767172424.494238,-4,-3,-146
1767172424.504238,-1,-7,-151
1767172424.514238,2,-9,-150
1767172424.524238,1,-9,-150
1767172424.534238,0,-11,-151
1767172424.544238,-6,-8,-146
1767172424.554238,-8,-6,-149
1767172424.564238,-6,-7,-145
1767172424.574238,-4,-11,-139
1767172424.584238,-5,-6,-131
1767172424.594238,-3,-5,-133
1767172424.6042385,-6,0,-131
1767172424.6142385,-8,0,-134
1767172424.6242385,-2,0,-129
1767172424.6342382,-4,-1,-133
1767172424.6442382,-2,0,-134
1767172424.6542382,0,-1,-135
1767172424.6642382,0,-3,-135
1767172424.675238,1,-5,-131
1767172424.685238,1,-5,-135
1767172424.695238,-1,0,-135
1767172424.705238,-1,1,-143
1767172424.715238,-3,-1,-141
1767172424.7242382,-5,-4,-137
1767172424.735238,-4,-3,-135
1767172424.745238,0,-5,-136
1767172424.755238,1,-5,-135
1767172424.765238,2,-2,-130
1767172424.775238,-1,-4,-135
1767172424.7852385,0,-3,-131
1767172424.7952385,1,-3,-130
1767172424.8052382,0,-2,-142
1767172424.8152382,-1,-4,-143
1767172424.8252382,-3,-4,-142
1767172424.8352382,-1,0,-139
1767172424.8452382,0,2,-149
1767172424.8552382,0,0,-147
1767172424.8652382,-5,-1,-138
1767172424.8752382,-8,-6,-135
1767172424.8852382,-9,-11,-135
1767172424.8952382,-7,-14,-133
1767172424.9052382,-3,-11,-126
1767172424.915238,-4,-11,-127
1767172424.925238,-3,-9,-127
1767172424.935238,-6,-7,-131
1767172424.945238,-4,-6,-131
1767172424.955238,-1,-5,-132
1767172424.965238,0,-5,-136
1767172424.975238,0,-3,-139
1767172424.985238,-1,-3,-142
1767172424.995238,-3,-1,-141
1767172425.005238,-1,0,-139
1767172425.015238,-2,-1,-142
1767172425.025238,0,-3,-138
1767172425.0352385,1,-2,-143
1767172425.0452385,4,-4,-148
1767172425.0552382,5,-6,-148
1767172425.0652382,1,-6,-147
1767172425.0752382,-3,-6,-144
1767172425.0852382,-3,-2,-138
1767172425.0952382,-3,0,-139
1767172425.1052382,-3,-1,-140
1767172425.1152382,0,-6,-139
1767172425.1252382,0,-7,-140
1767172425.1352382,2,-10,-147
1767172425.1452382,0,-11,-141
1767172425.1552382,0,-8,-133
1767172425.165238,2,-5,-140
1767172425.175238,2,-2,-135
1767172425.185238,2,-1,-134
1767172425.195238,0,0,-132
1767172425.205238,-5,0,-133
1767172425.215238,-4,1,-136
1767172425.225238,-5,-2,-142
1767172425.235238,0,-4,-141
1767172425.245238,-2,-3,-142
1767172425.255238,0,-1,-148
1767172425.265238,0,0,-149
1767172425.275238,0,1,-150
1767172425.2852385,3,0,-152
1767172425.2952385,4,1,-151
1767172425.3052382,0,1,-146
1767172425.3152382,2,-2,-142
1767172425.3252382,0,-1,-139
1767172425.3352382,-1,-1,-145
1767172425.3452382,2,0,-144
1767172425.3552382,3,0,-147
1767172425.3652382,2,-3,-149
1767172425.3752382,1,-1,-150
1767172425.3852382,1,-1,-147
1767172425.3952382,3,-2,-138
1767172425.4052382,4,0,-141
1767172425.415238,5,1,-146
1767172425.425238,0,6,-143
1767172425.435238,0,4,-137
1767172425.445238,0,1,-139
1767172425.455238,0,0,-138
1767172425.465238,6,0,-142
1767172425.475238,3,4,-138
1767172425.485238,6,6,-144
1767172425.495238,1,5,-141
1767172425.505238,0,3,-135
1767172425.515238,-2,1,-138
1767172425.525238,1,0,-134
1767172425.5352385,1,2,-139
1767172425.5452385,-3,4,-145
1767172425.5552382,-1,0,-145
1767172425.5652382,2,-2,-139
1767172425.5752382,0,0,-141
1767172425.5852382,3,0,-137
1767172425.5952382,3,4,-138
1767172425.6052382,4,4,-145
1767172425.6152382,7,5,-143
1767172425.6252382,4,1,-136
1767172425.6352382,-1,0,-140
1767172425.6452382,-1,-1,-143
1767172425.6552382,-2,0,-143
1767172425.665238,-2,3,-139
1767172425.675238,-1,0,-144
1767172425.685238,-2,0,-143
1767172425.695238,0,0,-151
1767172425.705238,2,2,-155
1767172425.715238,1,2,-153
1767172425.725238,2,0,-148
1767172425.735238,0,0,-152
1767172425.745238,-6,0,-148
1767172425.755238,-1,2,-141
1767172425.765238,-2,0,-137
1767172425.775238,0,0,-133
1767172425.7852385,5,0,-134
1767172425.7952385,2,-1,-136
1767172425.8052382,0,-1,-136
1767172425.8152382,0,0,-133
1767172425.8252382,2,4,-137
1767172425.8352382,3,5,-134
1767172425.8452382,-2,1,-136
1767172425.8552382,-2,0,-133
1767172425.8652382,0,0,-139
1767172425.8752382,0,2,-141
1767172425.8852382,-3,0,-145
1767172425.8952382,-3,-3,-152
1767172425.9052382,-1,-6,-143
1767172425.915238,-3,-5,-146
1767172425.925238,1,-5,-149
1767172425.935238,2,-3,-147
1767172425.945238,5,-6,-149
1767172425.955238,3,-3,-150
1767172425.965238,1,-6,-147
1767172425.975238,1,-5,-146
1767172425.985238,1,-9,-140
1767172425.995238,1,-10,-134
1767172426.005238,3,-5,-136
1767172426.015238,7,-4,-137
1767172426.025238,3,-3,-132
1767172426.0352385,0,-2,-135
1767172426.0452385,0,-2,-135
1767172426.0552382,1,-2,-136
1767172426.0652382,0,-1,-138
1767172426.0752382,-1,-1,-142
1767172426.0852382,-2,-6,-141
1767172426.0952382,-2,-4,-143
1767172426.1052382,-1,-3,-143
1767172426.1152382,2,-7,-146
1767172426.1252382,4,-6,-144
1767172426.1352382,5,-7,-140
1767172426.1452382,3,-5,-142
1767172426.1552382,0,-4,-140
1767172426.165238,2,-2,-142
1767172426.175238,3,-3,-145
1767172426.185238,2,-4,-143
1767172426.195238,-2,-4,-138
1767172426.205238,4,-3,-135
1767172426.215238,6,-1,-141
1767172426.225238,7,4,-132
1767172426.235238,5,5,-132
1767172426.245238,6,1,-135
1767172426.255238,5,3,-139
1767172426.265238,0,1,-139
1767172426.275238,1,0,-139
1767172426.2852385,1,-2,-144
1767172426.2952385,-3,-3,-148
1767172426.3052382,-4,-1,-152
1767172426.3152382,-3,-6,-150
1767172426.3252382,-1,-8,-145
1767172426.3352382,-3,-8,-138
1767172426.3452382,1,-7,-142
1767172426.3552382,1,-8,-146
1767172426.3652382,-2,-6,-145
1767172426.3752382,2,-5,-141
1767172426.3852382,3,-5,-139
1767172426.3952382,-1,-5,-137
1767172426.4052382,-2,-2,-133
1767172426.415238,-2,1,-137
1767172426.425238,-4,0,-145
1767172426.435238,-3,-4,-147
1767172426.445238,-4,-4,-149
1767172426.455238,-5,0,-153
1767172426.465238,-9,5,-150
1767172426.475238,-7,5,-148
1767172426.485238,-4,0,-150
1767172426.495238,-4,0,-148
1767172426.505238,-3,-2,-150
1767172426.515238,-1,-1,-150
1767172426.525238,0,-1,-147
1767172426.5352385,1,-3,-146
1767172426.5452385,0,-1,-142
1767172426.5552382,0,0,-143
1767172426.5652382,-4,-1,-143
1767172426.5752382,-4,-1,-146
1767172426.5852382,-6,0,-141
1767172426.5952382,-4,1,-135
1767172426.6052382,-2,-2,-135
1767172426.6152382,-3,-6,-136
1767172426.6252382,-1,-4,-138
1767172426.6352382,0,-3,-135
1767172426.6452382,0,-2,-137
1767172426.6552382,0,-1,-137
1767172426.665238,-3,2,-141
1767172426.675238,-10,2,-141
1767172426.685238,-4,0,-142
1767172426.695238,-5,2,-136
1767172426.705238,-3,2,-134
1767172426.715238,-2,0,-134
1767172426.725238,-3,-5,-137
1767172426.735238,0,-4,-135
1767172426.745238,-3,-4,-132
1767172426.755238,-1,-3,-136
1767172426.765238,0,0,-134
1767172426.775238,0,-2,-141
1767172426.7852385,-3,-5,-138
1767172426.7952385,-4,-5,-138
1767172426.8052382,-4,-2,-147
1767172426.8152382,2,0,-147
1767172426.8252382,3,-5,-144
1767172426.8352382,4,-6,-144
1767172426.8452382,5,-9,-136
1767172426.8552382,3,-7,-132
1767172426.8652382,1,-5,-133
1767172426.8752382,2,-5,-132
1767172426.8852382,2,-4,-144
1767172426.8952382,0,-5,-142
1767172426.9052382,2,-4,-144
1767172426.915238,2,-6,-138
1767172426.925238,0,-5,-133
1767172426.935238,1,-5,-132
1767172426.945238,2,-4,-132
1767172426.955238,2,-4,-137
1767172426.965238,-1,-2,-145
1767172426.975238,0,-2,-143
1767172426.985238,-2,0,-135
1767172426.995238,0,-1,-137
1767172427.005238,2,2,-129
1767172427.015238,4,3,-136
1767172427.025238,5,3,-138
1767172427.0352385,-1,2,-137
1767172427.0452385,0,0,-143
1767172427.0552382,7,-1,-141
1767172427.0652382,0,0,-141
1767172427.0752382,-5,-4,-138
1767172427.0852382,-7,-3,-134
1767172427.0952382,-4,-2,-133
1767172427.1052382,-1,-2,-136
1767172427.1152382,-5,-3,-132
1767172427.1252382,-7,-7,-133
1767172427.1352382,-3,-8,-139
1767172427.1452382,-3,-7,-141
1767172427.1552382,-5,-7,-145
1767172427.165238,-8,-2,-145
1767172427.175238,-4,-6,-143
1767172427.185238,-4,-4,-143
1767172427.195238,-6,-3,-138
1767172427.205238,-5,-2,-138
1767172427.215238,-2,-5,-138
1767172427.225238,-2,-3,-144
1767172427.235238,0,-2,-139
1767172427.2462382,-2,-5,-143
1767172427.2562382,0,-4,-147
1767172427.2662382,0,-4,-142
1767172427.2762382,-1,-3,-139
1767172427.2862382,-1,-3,-134
1767172427.2962382,-1,-2,-132
1767172427.3062382,-1,-4,-136
1767172427.3162382,-4,-4,-136
1767172427.3262382,-6,-5,-136
1767172427.336238,-2,-1,-129
1767172427.346238,-1,-5,-132
1767172427.356238,-3,-6,-135
1767172427.366238,0,-7,-133
1767172427.376238,-8,-5,-132
1767172427.386238,-10,-1,-129
1767172427.396238,-12,-1,-132
1767172427.406238,-9,-2,-137
1767172427.416238,-8,-5,-140
1767172427.426238,-5,-4,-137
1767172427.436238,0,-7,-135
1767172427.446238,0,-8,-133
1767172427.4562385,0,-12,-135
1767172427.4662385,0,-8,-135
1767172427.4762385,4,-2,-139
1767172427.4862382,1,-1,-134
1767172427.4962382,0,-6,-136
1767172427.5062382,-3,-6,-136
1767172427.5162382,1,-1,-142
1767172427.5262382,3,-1,-144
1767172427.5362382,4,1,-149
1767172427.5462382,2,2,-150
1767172427.5562382,4,4,-143
1767172427.5662382,3,3,-141
1767172427.5762382,2,4,-137
1767172427.586238,0,2,-144
1767172427.596238,-2,-2,-144
1767172427.606238,-4,-3,-137
1767172427.616238,-3,-1,-139
1767172427.626238,-2,-1,-146
1767172427.636238,-3,0,-147
1767172427.646238,-4,0,-141
1767172427.656238,-5,0,-144
1767172427.666238,-1,-2,-138
1767172427.676238,0,0,-136
1767172427.686238,1,3,-132
1767172427.696238,4,4,-136
1767172427.7062385,1,2,-139
1767172427.7162385,3,0,-141
1767172427.7262385,7,-1,-133
1767172427.7362382,9,-2,-136
1767172427.7462382,6,-8,-135
1767172427.7562382,4,-1,-133
1767172427.7662382,2,-1,-128
1767172427.7762382,5,1,-122
1767172427.7862382,10,1,-127
1767172427.7962382,8,2,-132
1767172427.8062382,7,2,-135
1767172427.8162382,6,0,-139
1767172427.8262382,1,-3,-135
1767172427.836238,0,-6,-129
1767172427.846238,0,-3,-135
1767172427.856238,0,-3,-136
1767172427.866238,-1,-8,-135
1767172427.876238,-5,-6,-136
1767172427.886238,-5,-6,-139
1767172427.896238,-4,-10,-136
1767172427.906238,1,-11,-134
1767172427.916238,4,-10,-134
1767172427.926238,7,-5,-138
1767172427.936238,6,-4,-137
1767172427.946238,5,-4,-126
1767172427.9562385,4,-5,-126
1767172427.9662385,2,-6,-130
1767172427.9762385,1,-2,-131
1767172427.9862382,3,0,-136
1767172427.9962382,6,-1,-134
1767172428.0062382,8,-2,-135
1767172428.0162382,9,-5,-143
1767172428.0262382,7,-3,-144
1767172428.0362382,2,0,-147
1767172428.0462382,-1,2,-143
1767172428.0562382,-2,5,-148
1767172428.0662382,1,5,-140
1767172428.0762382,1,6,-136
1767172428.086238,3,4,-143
1767172428.096238,0,0,-144
1767172428.106238,3,-1,-142
1767172428.116238,2,-2,-136
1767172428.126238,-2,-2,-137
1767172428.136238,-1,-1,-145
1767172428.146238,-3,-4,-141
1767172428.156238,0,-4,-139
1767172428.166238,0,-7,-134
1767172428.176238,-2,-11,-133
1767172428.186238,-4,-11,-130
1767172428.196238,0,-7,-136
1767172428.2062385,-1,-7,-135
1767172428.2162385,-1,-5,-136
1767172428.2262385,-2,-2,-141
1767172428.2362382,1,-1,-143
1767172428.2462382,0,-1,-144
1767172428.2562382,2,0,-148
1767172428.2662382,-3,1,-149
1767172428.2762382,0,4,-140
1767172428.2862382,4,4,-134
1767172428.2962382,1,2,-136
1767172428.3062382,2,-2,-136
1767172428.3162382,4,-5,-132
1767172428.3262382,2,-4,-132
1767172428.336238,1,-5,-132
1767172428.346238,0,-7,-134
1767172428.356238,-1,-4,-131
1767172428.366238,-3,0,-134
1767172428.376238,-4,1,-136
1767172428.386238,-5,0,-134
1767172428.4072382,-1,0,-128
1767172428.416238,0,-3,-135
1767172428.426238,3,0,-143
1767172428.436238,0,-4,-148
1767172428.446238,1,-5,-149
1767172428.4562385,-2,0,-144
1767172428.4662385,-1,3,-142
1767172428.4762385,0,1,-141
1767172428.4862382,-4,0,-146
1767172428.4962382,-3,0,-142
1767172428.5062382,-1,0,-141
1767172428.5162382,-3,-1,-148
1767172428.5262382,-6,-4,-150
1767172428.5362382,-7,-4,-143
1767172428.5462382,-7,-5,-147
1767172428.5562382,-2,-3,-147
1767172428.5662382,2,0,-145
1767172428.5762382,6,4,-146
1767172428.586238,7,2,-141
1767172428.596238,12,7,-139
1767172428.606238,8,9,-138
1767172428.616238,9,7,-135
1767172428.626238,9,10,-135
1767172428.636238,3,7,-134
1767172428.646238,1,6,-132
1767172428.656238,0,4,-139
1767172428.666238,-1,4,-137
1767172428.676238,-3,9,-137
1767172428.686238,-3,3,-142
1767172428.696238,0,0,-150
1767172428.7062385,-4,3,-151
1767172428.7162385,-1,5,-153
1767172428.7262385,1,7,-145
1767172428.7362382,3,5,-140
1767172428.7462382,1,4,-145
1767172428.7562382,-2,0,-142
1767172428.7662382,-6,-2,-141
1767172428.7762382,-1,0,-142
1767172428.7862382,0,0,-148
1767172428.7962382,2,-3,-151
1767172428.8062382,2,-2,-150
1767172428.8162382,2,-3,-150
1767172428.8262382,1,-1,-152
1767172428.836238,5,-6,-144
1767172428.846238,5,-4,-140
1767172428.856238,2,-3,-138
1767172428.866238,-2,-2,-139
1767172428.876238,-1,-4,-144
1767172428.886238,0,-5,-142
1767172428.896238,-2,-4,-142
1767172428.906238,1,-5,-148
1767172428.916238,5,-4,-146
1767172428.926238,5,-1,-144
1767172428.936238,3,-2,-144
1767172428.946238,0,-2,-143
1767172428.9562385,-2,-3,-148
1767172428.9662385,-3,-2,-147
1767172428.9762385,4,-1,-145
1767172428.9862382,1,-1,-144
1767172428.9962382,-1,-3,-134
1767172429.0062382,0,-1,-131
1767172429.0162382,-4,-2,-134
1767172429.0262382,-5,-4,-137
1767172429.0362382,-5,-5,-136
1767172429.0462382,-4,-9,-139
1767172429.0562382,-4,-11,-131
1767172429.0662382,0,-10,-130
1767172429.0762382,-2,-6,-135
1767172429.086238,-2,-3,-130
1767172429.096238,-4,-2,-129
1767172429.106238,-6,-2,-131
1767172429.116238,-5,-3,-134
1767172429.126238,-2,-1,-136
1767172429.136238,-2,0,-135
1767172429.146238,0,-4,-132
1767172429.156238,0,-4,-135
1767172429.166238,-3,-2,-148
1767172429.176238,-5,-3,-149
1767172429.186238,-2,0,-150
1767172429.196238,-4,4,-150
1767172429.2062385,-7,2,-146
1767172429.2162385,-10,2,-148
1767172429.2262385,-9,0,-150
1767172429.2362382,-5,0,-154
1767172429.2462382,-5,2,-153
1767172429.2562382,-4,0,-142
1767172429.2662382,-3,3,-138
1767172429.2762382,-1,3,-137
1767172429.2862382,-1,0,-129
1767172429.2962382,-1,0,-135
1767172429.3062382,0,1,-137
1767172429.3162382,0,1,-141
1767172429.3262382,1,1,-147
1767172429.336238,1,-1,-144
1767172429.346238,0,0,-151
1767172429.356238,0,-3,-149
1767172429.366238,2,-2,-145
1767172429.376238,1,-3,-140
1767172429.386238,1,-6,-141
1767172429.396238,-3,-5,-144
1767172429.406238,-6,-6,-147
1767172429.416238,-2,-4,-141
1767172429.426238,-1,-3,-141
1767172429.436238,-2,-3,-138
1767172429.446238,-5,-5,-137
1767172429.4562385,-2,-5,-135
1767172429.4662385,2,-7,-137
1767172429.4762385,1,-8,-140
1767172429.4862382,0,-6,-144
1767172429.4962382,-1,-1,-140
1767172429.5062382,-4,0,-140
1767172429.5162382,-3,-1,-142
1767172429.5262382,-2,4,-145
1767172429.5362382,-2,2,-144
1767172429.5462382,-3,-2,-135
1767172429.5562382,-7,-1,-133
1767172429.5662382,-10,-3,-143
1767172429.5762382,-6,-1,-149
1767172429.586238,-6,0,-150
1767172429.596238,-5,-1,-144
1767172429.606238,-5,0,-140
1767172429.616238,-6,0,-134
1767172429.626238,-6,-3,-135
1767172429.636238,-6,-5,-138
1767172429.646238,-7,-3,-139
1767172429.656238,-8,-1,-140
1767172429.666238,-9,-2,-132
1767172429.676238,-6,-7,-128
1767172429.686238,-1,-8,-128
1767172429.696238,0,-8,-133
1767172429.7062385,0,-4,-137
1767172429.7162385,-4,-1,-139
1767172429.7262385,-6,-1,-143
1767172429.7362382,-2,0,-147
1767172429.7462382,-4,3,-153
1767172429.7562382,-9,3,-150
1767172429.7662382,-9,6,-144
1767172429.777238,-4,3,-139
1767172429.787238,-5,-1,-142
1767172429.797238,-5,-2,-133
1767172429.807238,-2,0,-129
1767172429.817238,0,0,-129
1767172429.827238,0,-3,-135
1767172429.837238,0,-7,-138
1767172429.847238,3,-9,-139
1767172429.857238,3,-5,-137
1767172429.867238,0,-1,-137
1767172429.877238,-2,0,-136
1767172429.8872385,-3,-2,-136
1767172429.8972385,-1,1,-135
1767172429.9072382,0,0,-140
1767172429.9172382,-1,0,-141
1767172429.9272382,0,-5,-141
1767172429.9372382,4,-4,-144
1767172429.9472382,2,-3,-150
1767172429.9572382,5,-6,-145
1767172429.9672382,3,-3,-146
1767172429.9772382,3,-2,-145
1767172429.988238,3,-1,-150
1767172429.9972382,4,-6,-144
1767172430.007238,3,-2,-142
1767172430.017238,6,-1,-136
1767172430.027238,5,2,-141
1767172430.037238,2,1,-147
1767172430.047238,2,4,-148
1767172430.057238,-2,5,-150
1767172430.067238,-2,4,-148
1767172430.077238,-1,0,-134
1767172430.087238,-2,0,-135
1767172430.097238,0,-1,-129
1767172430.107238,0,0,-132
1767172430.117238,0,-3,-128
1767172430.127238,0,-3,-129
1767172430.1372385,0,-3,-128
1767172430.1472385,0,-4,-136
1767172430.1572382,0,-5,-143
1767172430.1672382,2,-1,-147
1767172430.1772382,1,-1,-142
1767172430.1872382,-4,-2,-139
1767172430.1972382,3,0,-147
1767172430.2072382,-2,2,-144
1767172430.2172382,-1,0,-148
1767172430.2272382,-3,-2,-152
1767172430.2372382,-3,0,-149
1767172430.2472382,-2,4,-144
1767172430.257238,-5,7,-140
1767172430.267238,0,5,-142
1767172430.277238,-4,1,-147
1767172430.287238,-1,-4,-142
1767172430.297238,2,-8,-142
1767172430.307238,2,-9,-143
1767172430.317238,3,-5,-140
1767172430.327238,6,-7,-142
1767172430.337238,3,-7,-142
1767172430.347238,1,-5,-145
1767172430.357238,-2,-5,-143
1767172430.367238,-1,-2,-143
1767172430.377238,2,-2,-146
1767172430.3872385,1,2,-145
1767172430.3972385,4,6,-137
1767172430.4072382,1,8,-136
1767172430.4172382,0,3,-132
1767172430.4272382,0,2,-133
1767172430.4372382,2,1,-132
1767172430.4472382,0,3,-134
1767172430.4572382,-1,-1,-139
1767172430.4672382,0,2,-136
1767172430.4772382,1,1,-141
1767172430.4872382,-2,1,-149
1767172430.4972382,0,-1,-141
1767172430.507238,-3,-5,-140
1767172430.517238,-3,-8,-140
1767172430.527238,0,-9,-138
1767172430.537238,2,-5,-136
1767172430.547238,-2,-6,-135
1767172430.557238,-5,-6,-134
1767172430.567238,-6,0,-135
1767172430.577238,-7,-3,-132
1767172430.587238,-9,-3,-131
1767172430.597238,-5,-4,-136
1767172430.607238,0,-5,-134
1767172430.617238,0,-4,-139
1767172430.627238,2,0,-142
1767172430.6372385,0,1,-143
1767172430.6472385,-1,1,-143
1767172430.6572382,0,1,-137
1767172430.6672382,3,4,-136
1767172430.6772382,0,2,-139
1767172430.6872382,1,2,-131
1767172430.6972382,4,4,-132
1767172430.7072382,7,4,-133
1767172430.7172382,9,1,-130
1767172430.7272382,4,3,-134
1767172430.7372382,0,4,-141
1767172430.7472382,1,2,-135
1767172430.757238,3,3,-141
1767172430.767238,4,5,-146
1767172430.777238,2,5,-136
1767172430.787238,3,5,-129
1767172430.797238,-2,3,-130
1767172430.807238,-1,4,-136
1767172430.817238,-3,1,-138
1767172430.827238,0,-1,-132
1767172430.837238,1,-2,-128
1767172430.847238,3,-5,-134
1767172430.857238,1,-2,-138
1767172430.867238,-1,1,-139
1767172430.877238,-2,0,-136
1767172430.8872385,0,-1,-146
1767172430.8972385,3,0,-143
1767172430.9072382,3,0,-138
1767172430.9172382,2,-1,-136
1767172430.9272382,5,-1,-146
1767172430.9372382,5,-3,-148
1767172430.9472382,2,0,-143
1767172430.9572382,3,-1,-140
1767172430.9672382,2,0,-138
1767172430.9772382,1,1,-138
1767172430.9872382,-1,-2,-136
1767172430.9972382,-3,-2,-136
1767172431.007238,-6,0,-135
1767172431.017238,-5,-3,-138
1767172431.027238,-7,-3,-143
1767172431.037238,-2,-3,-142
1767172431.047238,0,-4,-140
1767172431.057238,-2,-7,-139
1767172431.067238,0,-4,-147
1767172431.077238,0,4,-141
1767172431.087238,-4,5,-145
1767172431.097238,-5,2,-150
1767172431.107238,-5,1,-150
1767172431.117238,-4,1,-151
1767172431.127238,-8,0,-146
1767172431.1372385,-5,0,-151
1767172431.1472385,-6,-2,-141
1767172431.1572382,-4,-1,-142
1767172431.1672382,-5,0,-140
1767172431.1772382,-5,0,-132
1767172431.1872382,-2,-5,-131
1767172431.1972382,-5,-5,-125
1767172431.2072382,-7,-4,-128
1767172431.2172382,-6,-6,-127
1767172431.2272382,-3,-3,-135
1767172431.2372382,-2,-7,-133
1767172431.2472382,0,-6,-135
1767172431.257238,-3,-3,-129
1767172431.267238,0,-6,-134
1767172431.277238,6,-6,-138
1767172431.287238,6,-5,-142
1767172431.297238,3,-3,-139
1767172431.307238,4,-5,-136
1767172431.317238,2,-1,-138
1767172431.327238,4,0,-142
1767172431.337238,2,0,-140
1767172431.347238,-3,-2,-135
1767172431.357238,0,-4,-133
1767172431.367238,-3,-8,-134
1767172431.377238,-3,-8,-132
1767172431.3872385,-1,-10,-133
1767172431.3972385,-1,-10,-134
1767172431.4072382,0,-4,-134
1767172431.4172382,4,-2,-135
1767172431.4272382,2,-1,-133
1767172431.4372382,-2,0,-130
1767172431.4472382,-2,-2,-132
1767172431.4572382,0,-2,-134
1767172431.4672382,4,1,-131
1767172431.4772382,9,1,-132
1767172431.4872382,3,3,-130
1767172431.4972382,2,1,-126
1767172431.507238,1,2,-135
1767172431.517238,0,-2,-136
1767172431.527238,2,-2,-137
1767172431.537238,-1,0,-141
1767172431.547238,-2,0,-140
1767172431.557238,-4,-1,-147
1767172431.567238,-5,0,-144
1767172431.577238,-2,-2,-133
1767172431.587238,-2,-3,-132
1767172431.597238,-1,1,-134
1767172431.607238,1,2,-135
1767172431.617238,0,-2,-135
1767172431.627238,0,-4,-140
1767172431.6372385,-1,-3,-146
1767172431.6472385,-5,-3,-150
1767172431.6572382,-5,-3,-154
1767172431.6672382,-4,-4,-152
1767172431.6772382,-2,-4,-150
1767172431.6872382,-7,-2,-154
1767172431.6972382,-7,0,-152
1767172431.7072382,-8,0,-151
1767172431.7172382,-6,0,-149
1767172431.7272382,-6,2,-142
1767172431.7372382,-6,1,-149
1767172431.7472382,-4,-1,-140
1767172431.757238,-5,1,-139
1767172431.767238,-4,1,-137
1767172431.777238,-9,-1,-136
1767172431.787238,-8,1,-140
1767172431.797238,-7,0,-139
1767172431.807238,-4,-3,-142
1767172431.817238,1,2,-142
1767172431.827238,4,7,-137
1767172431.837238,7,2,-134
1767172431.847238,9,-1,-143
1767172431.857238,5,-2,-146
1767172431.867238,2,-1,-142
1767172431.877238,0,-3,-139
1767172431.8872385,0,-2,-133
1767172431.8972385,0,-3,-134
1767172431.9072382,1,-4,-138
1767172431.9172382,1,-7,-137
1767172431.9272382,-1,-6,-140
1767172431.9372382,2,-6,-145
1767172431.9472382,0,-2,-142
1767172431.9572382,0,-1,-143
1767172431.9672382,0,4,-148
1767172431.9772382,0,1,-149
1767172431.9872382,1,1,-145
1767172431.9972382,3,0,-140
1767172432.007238,2,-1,-135
1767172432.017238,0,-1,-140
1767172432.027238,-3,-1,-144
1767172432.037238,0,1,-143
1767172432.047238,0,0,-142
1767172432.057238,-2,0,-142
1767172432.067238,1,0,-138
1767172432.077238,0,6,-141
1767172432.087238,-4,3,-142
1767172432.097238,-9,1,-139
1767172432.107238,-7,-1,-141
1767172432.117238,-3,2,-138
1767172432.127238,-5,3,-134
1767172432.1372385,-3,1,-129
1767172432.1472385,1,0,-130
1767172432.1572382,-2,-1,-128
1767172432.1672382,-4,-1,-131
1767172432.1772382,-1,-4,-132
1767172432.1872382,-3,-8,-141
1767172432.1972382,0,-7,-138
1767172432.2072382,-1,-3,-144
1767172432.2172382,-3,-1,-138
1767172432.2272382,3,0,-136
1767172432.2372382,1,1,-138
1767172432.2472382,-2,-1,-135
1767172432.257238,-2,-3,-133
1767172432.267238,-2,-3,-137
1767172432.277238,-6,0,-133
1767172432.287238,-6,-1,-125
1767172432.297238,-5,1,-125
1767172432.307238,-1,0,-125
1767172432.317238,0,1,-130
1767172432.327238,5,3,-138
1767172432.337238,7,4,-141
1767172432.347238,6,2,-146
1767172432.3582382,6,-3,-143
1767172432.3682382,5,3,-143
1767172432.3782382,3,6,-142
1767172432.3882382,4,7,-144
1767172432.3982382,7,2,-141
1767172432.4082382,2,2,-133
1767172432.4182382,-3,2,-131
1767172432.4282382,-7,2,-136
1767172432.438238,-6,1,-134
1767172432.448238,0,1,-138
1767172432.458238,0,0,-136
1767172432.468238,0,3,-137
1767172432.478238,0,3,-135
1767172432.488238,0,-1,-143
1767172432.498238,-2,-2,-141
1767172432.508238,-8,0,-141
1767172432.518238,-7,-3,-147
1767172432.528238,-5,-4,-149
1767172432.538238,-4,0,-144
1767172432.548238,0,-3,-146
1767172432.5582385,1,-5,-141
1767172432.5682385,3,-4,-140
1767172432.5782382,4,0,-137
1767172432.5882382,1,0,-132
1767172432.5982382,3,6,-119
1767172432.6082382,6,8,-115
1767172432.6182382,0,8,-121
1767172432.6282382,-2,5,-125
1767172432.6382382,-5,1,-131
1767172432.6482382,-1,0,-137
1767172432.6582382,0,0,-138
1767172432.6682382,0,-3,-141
1767172432.6782382,0,-2,-147
1767172432.688238,-2,-2,-141
1767172432.698238,0,-2,-146
1767172432.708238,0,-1,-147
1767172432.718238,0,2,-144
1767172432.728238,0,0,-143
1767172432.738238,0,-1,-142
1767172432.748238,4,0,-145
1767172432.758238,6,-5,-139
1767172432.768238,9,-1,-136
1767172432.778238,10,-2,-133
1767172432.788238,5,-5,-129
1767172432.798238,4,-3,-127
1767172432.8082385,3,-1,-128
1767172432.8182385,3,-4,-130
1767172432.8282382,0,-1,-134
1767172432.8382382,2,-4,-139
1767172432.8482382,5,-6,-144
1767172432.8582382,6,-4,-146
1767172432.8682382,-3,-5,-145
1767172432.8782382,-4,-7,-141
1767172432.8882382,-8,0,-136
1767172432.8982382,-8,0,-134
1767172432.9082382,-3,0,-135
1767172432.9182382,0,-3,-135
1767172432.9282382,0,2,-136
1767172432.938238,0,0,-132
1767172432.948238,-3,1,-135
1767172432.958238,-1,2,-141
1767172432.968238,1,0,-141
1767172432.978238,3,0,-141
1767172432.988238,1,-1,-134
1767172432.998238,-4,-3,-135
1767172433.008238,-2,-2,-131
1767172433.018238,0,-3,-133
1767172433.028238,-1,-1,-140
1767172433.038238,-2,0,-143
1767172433.048238,0,0,-141
1767172433.0582385,0,0,-137
1767172433.0682385,3,0,-132
1767172433.0782382,-2,1,-136
1767172433.0882382,-2,0,-132
1767172433.0982382,0,0,-132
1767172433.1082382,1,-1,-132
1767172433.1182382,2,0,-135
1767172433.1282382,2,-4,-139
1767172433.1382382,0,-6,-145
1767172433.1482382,-3,-4,-138
1767172433.1582382,0,-4,-139
1767172433.1682382,0,-4,-138
1767172433.1782382,-2,-1,-138
1767172433.188238,-2,-2,-137
1767172433.198238,-6,3,-140
1767172433.208238,-6,3,-141
1767172433.218238,-4,3,-135
1767172433.228238,-7,0,-140
1767172433.238238,-10,-3,-137
1767172433.248238,-15,-7,-136
1767172433.258238,-14,-1,-138
1767172433.268238,-11,-1,-138
1767172433.278238,-6,-5,-136
1767172433.288238,0,-4,-141
1767172433.298238,-1,0,-139
1767172433.3082385,-3,-3,-138
1767172433.3182385,0,-2,-136
1767172433.3282382,-2,-4,-137
1767172433.3382382,-2,-2,-141
1767172433.3482382,-4,0,-134
1767172433.3582382,-5,-1,-139
1767172433.3682382,-5,0,-140
1767172433.3782382,-7,-2,-145
1767172433.3882382,-14,-5,-141
1767172433.3982382,-10,-7,-147
1767172433.4202385,-2,-6,-144
1767172433.4282382,1,-2,-144
1767172433.438238,2,-1,-145
1767172433.448238,0,0,-140
1767172433.458238,1,0,-138
1767172433.468238,0,1,-137
1767172433.478238,4,-3,-134
1767172433.488238,3,-1,-130
1767172433.498238,4,-3,-134
1767172433.508238,6,-1,-139
1767172433.518238,5,0,-142
1767172433.528238,4,-2,-139
1767172433.538238,-7,-6,-140
1767172433.548238,-3,-10,-140
1767172433.5582385,4,-5,-145
1767172433.5682385,3,-2,-151
1767172433.5782382,3,0,-145
1767172433.5882382,1,5,-146
1767172433.5982382,-1,3,-147
1767172433.6082382,-1,0,-146
1767172433.6182382,0,2,-145
1767172433.6282382,1,-1,-148
1767172433.6382382,5,0,-153
1767172433.6482382,4,-5,-150
1767172433.6582382,6,-7,-148
1767172433.6682382,1,-5,-144
1767172433.6782382,1,-3,-150
1767172433.688238,0,-4,-148
1767172433.698238,0,-1,-148
1767172433.708238,3,0,-146
1767172433.718238,5,1,-147
1767172433.728238,0,-2,-149
1767172433.738238,0,-2,-144
1767172433.748238,0,-2,-145
1767172433.758238,-2,-4,-143
1767172433.768238,-4,-3,-143
1767172433.778238,-2,-4,-144
1767172433.788238,0,-1,-145
1767172433.798238,-4,-2,-146
1767172433.8082385,-8,0,-145
1767172433.8182385,-5,4,-142
1767172433.8282382,-6,7,-143
1767172433.8382382,-6,4,-136
1767172433.8482382,-2,1,-131
1767172433.8582382,0,2,-135
1767172433.8682382,2,3,-143
1767172433.8782382,2,-1,-145
1767172433.8882382,-1,4,-149
1767172433.8982382,1,6,-140
1767172433.9082382,3,0,-142
1767172433.9182382,4,1,-141
1767172433.9282382,6,0,-134
1767172433.938238,4,-3,-140
1767172433.948238,5,-2,-140
1767172433.958238,3,-2,-147
1767172433.968238,0,-2,-147
1767172433.978238,-4,-3,-146
1767172433.988238,-4,-3,-151
1767172433.998238,-2,-3,-149
1767172434.008238,0,-6,-150
1767172434.018238,-1,-6,-146
1767172434.028238,-4,-1,-143
1767172434.038238,-3,-1,-138
1767172434.048238,-3,0,-137
1767172434.0582385,-5,0,-139
1767172434.0682385,-5,-1,-137
1767172434.0782382,-6,-4,-135
1767172434.0882382,-6,-3,-129
1767172434.0982382,-2,0,-132
1767172434.1082382,0,-2,-135
1767172434.1182382,-2,-3,-138
1767172434.1282382,-4,-4,-141
1767172434.1382382,-6,0,-139
1767172434.1482382,-8,-2,-140
1767172434.1582382,-3,-1,-149
1767172434.1682382,-2,0,-146
1767172434.1782382,2,0,-146
1767172434.188238,1,0,-148
1767172434.198238,-3,1,-153
1767172434.208238,-7,2,-152
1767172434.218238,-4,-1,-150
1767172434.228238,-2,0,-148
1767172434.238238,2,1,-147
1767172434.248238,3,0,-153
1767172434.258238,1,0,-151
1767172434.268238,0,0,-150
1767172434.278238,-1,-2,-149
1767172434.2892382,-2,-5,-151
1767172434.298238,-1,-3,-149
1767172434.3082385,-1,0,-149
1767172434.3182385,2,0,-146
1767172434.3282382,4,-3,-144
1767172434.3382382,6,-5,-147
1767172434.3482382,2,-4,-146
1767172434.3582382,0,-7,-149
1767172434.3682382,0,-3,-146
1767172434.3782382,-1,-1,-140
1767172434.3882382,-3,-1,-137
1767172434.3982382,-1,-2,-140
1767172434.4082382,0,-2,-139
1767172434.4182382,-1,-4,-144
1767172434.4282382,-2,0,-151
1767172434.438238,0,2,-147
1767172434.448238,0,-1,-150
1767172434.458238,-3,2,-147
1767172434.468238,-2,0,-142
1767172434.478238,0,-1,-142
1767172434.488238,6,-2,-141
1767172434.498238,1,-1,-141
1767172434.508238,-1,-3,-145
1767172434.518238,4,-4,-136
1767172434.528238,5,-6,-134
1767172434.538238,0,-6,-135
1767172434.548238,0,-9,-141
1767172434.5582385,1,-10,-140
1767172434.5682385,0,-8,-142
1767172434.5782382,0,-5,-141
1767172434.5882382,-5,-5,-137
1767172434.5982382,-1,-2,-141
1767172434.6082382,2,0,-137
1767172434.6182382,-1,0,-137
1767172434.6282382,-1,-2,-141
1767172434.6382382,0,-2,-141
1767172434.6482382,1,-3,-145
1767172434.6582382,1,-2,-133
1767172434.6682382,0,2,-134
1767172434.6782382,-4,4,-134
1767172434.688238,-8,4,-132
1767172434.698238,-2,0,-132
1767172434.708238,0,-3,-136
1767172434.718238,-2,-8,-138
1767172434.728238,5,-6,-135
1767172434.738238,4,-8,-136
1767172434.748238,0,-8,-138
1767172434.758238,0,-9,-138
1767172434.768238,-1,-8,-135
1767172434.778238,-3,-8,-130
1767172434.788238,-1,-7,-137
1767172434.798238,-7,-5,-140
1767172434.8082385,-6,0,-139
1767172434.8182385,-6,0,-145
1767172434.8282382,-6,0,-139
1767172434.8382382,-7,0,-141
1767172434.8482382,-7,-2,-147
1767172434.8582382,-6,-2,-152
1767172434.8682382,-4,-1,-151
1767172434.8782382,-3,0,-148
1767172434.889238,0,0,-154
1767172434.8982382,3,1,-155
1767172434.9082382,3,1,-151
1767172434.9182382,5,4,-150
1767172434.929238,6,9,-147
1767172434.939238,9,10,-145
1767172434.948238,11,3,-144
1767172434.959238,4,2,-144
1767172434.969238,0,2,-147
1767172434.9792385,6,1,-141
1767172434.9892385,8,1,-134
1767172434.9992385,9,1,-137
1767172435.0092382,9,0,-140
1767172435.0192382,11,4,-144
1767172435.0292382,7,8,-145
1767172435.0392382,8,5,-136
1767172435.0492382,7,4,-132
1767172435.0592382,5,3,-128
1767172435.0692382,0,1,-130
1767172435.0792382,0,0,-124
1767172435.0892382,-4,0,-131
1767172435.0992382,-3,-2,-137
1767172435.109238,-1,-1,-137
1767172435.119238,1,-5,-135
1767172435.129238,2,-4,-141
1767172435.139238,4,-4,-137
1767172435.149238,5,0,-136
1767172435.159238,7,3,-144
1767172435.169238,3,5,-142
1767172435.179238,3,6,-137
1767172435.189238,2,0,-139
1767172435.199238,6,-1,-142
1767172435.209238,6,-5,-146
1767172435.219238,3,-1,-142
1767172435.2292385,3,0,-140
1767172435.2392385,2,-2,-140
1767172435.2492385,1,-3,-139
1767172435.2592382,4,-8,-137
1767172435.2692382,3,-9,-142
1767172435.2792382,3,-7,-142
1767172435.2892382,-6,-8,-144
1767172435.2992382,-7,-4,-143
1767172435.3092382,-6,0,-140
1767172435.3192382,-3,2,-132
1767172435.3292382,-5,5,-125
1767172435.3392382,-3,2,-123
1767172435.3492382,-5,0,-128
1767172435.359238,2,0,-130
1767172435.369238,5,0,-133
1767172435.379238,5,1,-132
1767172435.389238,5,1,-130
1767172435.399238,4,-1,-133
1767172435.409238,2,-3,-137
1767172435.419238,5,-4,-140
1767172435.429238,4,-2,-144
1767172435.439238,6,-2,-144
1767172435.449238,6,-4,-145
1767172435.459238,4,-1,-145
1767172435.469238,4,-4,-145
1767172435.4792385,3,-5,-148
1767172435.4892385,4,-6,-144
1767172435.4992385,2,-5,-139
1767172435.5092382,-1,-6,-135
1767172435.5192382,-1,-2,-135
1767172435.5292382,-1,-5,-139
1767172435.5392382,-1,-4,-144
1767172435.5492382,-4,-4,-149
1767172435.5592382,0,3,-145
1767172435.5692382,5,2,-147
1767172435.5792382,5,0,-146
1767172435.5892382,6,0,-140
1767172435.5992382,8,2,-137
1767172435.609238,8,1,-136
1767172435.619238,5,0,-139
1767172435.629238,5,-4,-139
1767172435.639238,2,-3,-140
1767172435.649238,1,-3,-144
1767172435.659238,6,-6,-146
1767172435.669238,3,-6,-141
1767172435.679238,1,-5,-144
1767172435.689238,-2,-4,-146
1767172435.699238,-2,-5,-139
1767172435.709238,-5,-4,-137
1767172435.719238,-2,-3,-134
1767172435.7292385,0,-1,-140
1767172435.7392385,-2,0,-147
1767172435.7492385,0,-3,-142
1767172435.7592382,2,-7,-141
1767172435.7692382,2,-5,-142
1767172435.7792382,0,-6,-141
1767172435.7892382,-3,-4,-136
1767172435.7992382,-4,-6,-139
1767172435.8092382,-3,-4,-138
1767172435.8192382,-4,-4,-142
1767172435.8292382,0,-5,-142
1767172435.8392382,0,-2,-144
1767172435.8492382,3,-2,-144
1767172435.859238,0,1,-137
1767172435.869238,-1,4,-133
1767172435.879238,3,3,-142
1767172435.889238,4,0,-146
1767172435.899238,0,0,-147
1767172435.909238,-1,-1,-146
1767172435.919238,0,-2,-150
1767172435.929238,3,2,-154
1767172435.939238,2,0,-150
1767172435.949238,0,0,-148
1767172435.959238,-1,-1,-147
1767172435.969238,0,-3,-145
1767172435.9792385,0,-8,-141
1767172435.9892385,-3,-8,-139
1767172435.9992385,-3,-4,-142
1767172436.0092382,-1,1,-138
1767172436.0192382,0,1,-131
1767172436.0292382,0,0,-135
1767172436.0392382,0,-1,-130
1767172436.0492382,0,0,-134
1767172436.0592382,0,0,-133
1767172436.0692382,-4,2,-135
1767172436.0792382,-7,0,-128
1767172436.0892382,-12,0,-125
1767172436.0992382,-3,0,-127
1767172436.109238,1,-3,-131
1767172436.119238,3,-7,-130
1767172436.129238,9,0,-133
1767172436.139238,5,-1,-135
1767172436.149238,2,0,-132
1767172436.159238,4,0,-132
1767172436.169238,1,-3,-138
1767172436.179238,-1,-3,-142
1767172436.189238,0,1,-139
1767172436.199238,1,-1,-138
1767172436.209238,0,0,-143
1767172436.219238,4,1,-141
1767172436.2292385,4,-1,-144
1767172436.2392385,0,-2,-144
1767172436.2492385,2,-3,-143
1767172436.2592382,2,0,-141
1767172436.2692382,0,0,-142
1767172436.2792382,-3,-2,-139
1767172436.2892382,-2,0,-142
1767172436.2992382,1,0,-147
1767172436.3092382,0,-1,-144
1767172436.3192382,3,-3,-140
1767172436.3292382,1,-5,-138
1767172436.3392382,-1,-7,-140
1767172436.3492382,-1,-9,-137
1767172436.359238,1,-5,-135
1767172436.369238,1,-2,-138
1767172436.379238,-2,-1,-137
1767172436.389238,-6,2,-139
1767172436.399238,-4,3,-141
1767172436.409238,0,2,-141
1767172436.419238,2,-3,-144
1767172436.429238,4,-6,-147
1767172436.439238,2,-2,-142
1767172436.449238,-2,-3,-141
1767172436.459238,-4,-5,-139
1767172436.469238,-4,-6,-139
1767172436.4792385,-1,-7,-139
1767172436.4892385,2,-7,-138
1767172436.4992385,3,-3,-138
1767172436.5092382,5,-5,-144
1767172436.5192382,3,-9,-141
1767172436.5292382,-2,-8,-128
1767172436.5392382,-4,-7,-130
1767172436.5492382,-4,-9,-134
1767172436.5592382,0,-8,-136
1767172436.5692382,-3,-6,-135
1767172436.5792382,-6,-3,-136
1767172436.5892382,-3,-1,-139
1767172436.5992382,0,-1,-147
1767172436.609238,2,-4,-150
1767172436.619238,1,-8,-141
1767172436.629238,2,-6,-131
1767172436.639238,1,-5,-130
1767172436.649238,0,-2,-132
1767172436.659238,1,-2,-129
1767172436.669238,-4,-3,-128
1767172436.679238,-1,-3,-124
1767172436.689238,0,-2,-125
1767172436.699238,3,-6,-127
1767172436.709238,0,-6,-124
1767172436.719238,-1,-3,-133
1767172436.7292385,-1,-4,-132
1767172436.7392385,-4,0,-133
1767172436.7492385,-5,2,-131
1767172436.7592382,-5,3,-128
1767172436.7692382,-5,1,-135
1767172436.7792382,4,5,-136
1767172436.7892382,2,0,-137
1767172436.7992382,-1,1,-138
1767172436.8092382,0,-1,-145
1767172436.8192382,-2,1,-145
1767172436.8292382,-1,1,-143
1767172436.8392382,0,0,-150
1767172436.8492382,-2,0,-155
1767172436.859238,1,-2,-155
1767172436.869238,0,-1,-149
1767172436.879238,-2,0,-141
1767172436.889238,-3,1,-139
1767172436.899238,-2,-3,-131
1767172436.909238,-1,-4,-127
1767172436.919238,0,1,-131
1767172436.929238,0,0,-134
1767172436.939238,3,-2,-135
1767172436.949238,1,-1,-138
1767172436.959238,3,0,-134
1767172436.969238,3,0,-132
1767172436.9792385,-3,-1,-129
1767172436.9892385,-3,-2,-132
1767172436.9992385,-1,0,-131
1767172437.0092382,-2,0,-135
1767172437.0192382,-7,0,-139
1767172437.0292382,-10,-4,-143
1767172437.0392382,-9,-7,-144
1767172437.0492382,-6,-5,-137
1767172437.0592382,-2,-3,-132
1767172437.0692382,-1,-2,-126
1767172437.0792382,0,-4,-126
1767172437.0892382,-3,-4,-135
1767172437.0992382,-5,-5,-142
1767172437.109238,-7,-4,-144
1767172437.119238,-4,-1,-144
1767172437.129238,-6,1,-140
1767172437.139238,-5,0,-148
1767172437.149238,-10,-1,-152
1767172437.159238,-5,-4,-148
1767172437.169238,-3,-3,-149
1767172437.179238,-3,0,-152
1767172437.189238,1,0,-146
1767172437.199238,3,-2,-147
1767172437.209238,0,-3,-144
1767172437.219238,0,-2,-135
1767172437.2292385,0,-7,-133
1767172437.2392385,-6,-9,-128
1767172437.2492385,-3,-10,-132
1767172437.2592382,-2,-9,-133
1767172437.2692382,-1,-6,-133
1767172437.2792382,0,-4,-139
1767172437.2892382,0,-8,-138
1767172437.2992382,-2,-6,-135
1767172437.3092382,0,-1,-136
1767172437.3192382,0,-5,-136
1767172437.3292382,1,-7,-138
1767172437.3392382,0,-8,-141
1767172437.3492382,2,-7,-148
1767172437.359238,4,-7,-144
1767172437.369238,5,-7,-143
1767172437.379238,3,-6,-142
1767172437.389238,2,-4,-142
1767172437.399238,2,3,-139
1767172437.409238,0,0,-144
1767172437.419238,-1,-2,-145
1767172437.429238,-2,-4,-139
1767172437.439238,-1,-4,-136
1767172437.4502382,0,0,-138
1767172437.459238,3,4,-139
1767172437.4702382,7,0,-137
1767172437.4802382,12,2,-140
1767172437.4902382,16,4,-137
1767172437.5002382,6,0,-139
1767172437.5102382,3,-1,-141
1767172437.5202382,2,3,-143
1767172437.5302382,0,1,-144
1767172437.540238,3,0,-149
1767172437.550238,3,-2,-146
1767172437.560238,1,-1,-144
1767172437.570238,0,-1,-141
1767172437.580238,0,1,-140
1767172437.590238,4,0,-139
1767172437.600238,3,0,-135
1767172437.610238,0,0,-143
1767172437.620238,5,0,-148
1767172437.630238,3,0,-149
1767172437.640238,2,2,-145
1767172437.650238,1,2,-139
1767172437.6602385,0,1,-141
1767172437.6702385,-7,-1,-143
1767172437.6802382,-4,-3,-138
1767172437.6902382,-1,-2,-128
1767172437.7002382,-2,-2,-129
1767172437.7102382,2,-3,-126
1767172437.7202382,-4,-1,-125
1767172437.7302382,-4,0,-129
1767172437.7402382,-7,-2,-125
1767172437.7502382,-6,-3,-130
1767172437.7602382,-3,-5,-135
1767172437.7702382,0,-3,-136
1767172437.7802382,5,-4,-142
1767172437.790238,2,0,-138
1767172437.800238,0,-1,-138
1767172437.810238,0,-7,-137
1767172437.820238,0,-7,-133
1767172437.830238,-1,-3,-126
1767172437.840238,-4,-1,-128
1767172437.850238,-7,-3,-136
1767172437.860238,-7,-4,-136
1767172437.870238,-12,-4,-135
1767172437.880238,-13,-6,-130
1767172437.890238,-13,-7,-120
1767172437.900238,-10,-6,-121
1767172437.9102385,-2,-5,-125
1767172437.9202385,0,-4,-130
1767172437.9302382,0,-5,-124
1767172437.9402382,-1,-3,-126
1767172437.9502382,0,-3,-136
1767172437.9602382,1,-2,-137
1767172437.9702382,0,-6,-138
1767172437.9802382,0,-3,-137
1767172437.9902382,5,-2,-137
1767172438.0002382,2,-1,-141
1767172438.0102382,1,-1,-140
1767172438.0202382,0,-3,-144
1767172438.0302382,3,-2,-144
1767172438.040238,2,-2,-146
1767172438.050238,4,-2,-143
1767172438.060238,6,0,-147
1767172438.070238,6,-2,-152
1767172438.080238,4,0,-147
1767172438.090238,5,0,-150
1767172438.100238,3,0,-140
1767172438.110238,-1,-1,-133
1767172438.120238,-1,-5,-134
1767172438.130238,-6,-7,-139
1767172438.140238,-6,-7,-140
1767172438.150238,-5,-6,-146
1767172438.1602385,-7,-6,-144
1767172438.1702385,-6,-3,-139
1767172438.1802382,-5,-5,-140
1767172438.1902382,-3,-5,-135
1767172438.2002382,-5,1,-129
1767172438.2102382,-2,0,-127
1767172438.2202382,-3,0,-129
1767172438.2302382,-4,3,-135
1767172438.2402382,-4,0,-140
1767172438.2502382,-1,-1,-145
1767172438.2602382,-3,-1,-148
1767172438.2702382,-3,-5,-151
1767172438.2802382,-2,-4,-151
1767172438.290238,-3,-3,-150
1767172438.300238,-2,-4,-147
1767172438.310238,-1,-2,-145
1767172438.320238,0,0,-146
1767172438.330238,3,1,-145
1767172438.340238,2,3,-145
1767172438.350238,0,4,-149
1767172438.360238,-1,2,-148
1767172438.370238,-1,0,-151
1767172438.380238,0,-2,-151
1767172438.390238,0,1,-153
1767172438.400238,0,0,-147
1767172438.4102385,-1,-5,-146
1767172438.4312382,4,-2,-149
1767172438.4402382,5,2,-141
1767172438.4502382,3,0,-135
1767172438.4602382,1,-1,-139
1767172438.4702382,0,1,-140
1767172438.4802382,0,5,-139
1767172438.4902382,0,2,-140
1767172438.5002382,-2,2,-142
1767172438.5102382,0,1,-142
1767172438.5202382,-3,5,-142
1767172438.5302382,-5,3,-137
1767172438.540238,-2,1,-134
1767172438.550238,-1,2,-130
1767172438.560238,2,1,-132
1767172438.570238,0,-3,-130
1767172438.580238,1,0,-132
1767172438.590238,1,0,-135
1767172438.600238,-2,2,-134
1767172438.610238,-4,3,-136
1767172438.620238,-2,-1,-139
1767172438.630238,-5,-3,-132
1767172438.640238,-5,-3,-133
1767172438.650238,-7,-3,-130
1767172438.6602385,-1,-1,-129
1767172438.6702385,0,-3,-137
1767172438.6802382,-1,-3,-136
1767172438.6902382,-4,0,-139
1767172438.7002382,-3,0,-136
1767172438.7102382,-3,-3,-138
1767172438.7202382,-5,-4,-140
1767172438.7302382,-8,-6,-144
1767172438.7402382,-7,-5,-141
1767172438.7502382,0,-5,-142
1767172438.7602382,0,-4,-137
1767172438.7702382,-1,-4,-137
1767172438.7802382,6,-7,-135
1767172438.790238,12,-7,-137
1767172438.800238,15,-6,-137
1767172438.810238,11,-6,-143
1767172438.820238,11,0,-138
1767172438.830238,8,-1,-136
1767172438.840238,9,0,-140
1767172438.850238,9,5,-137
1767172438.860238,6,2,-139
1767172438.870238,6,4,-139
1767172438.880238,5,4,-131
1767172438.890238,4,3,-129
1767172438.900238,2,0,-125
1767172438.9102385,0,-2,-125
1767172438.9202385,0,-3,-128
1767172438.9302382,1,0,-136
1767172438.9402382,-1,-2,-141
1767172438.9502382,-7,-3,-144
1767172438.9602382,-2,-2,-137
1767172438.9702382,-3,-4,-133
1767172438.9802382,0,-1,-133
1767172438.9902382,3,0,-133
1767172439.0002382,3,-5,-136
1767172439.0102382,2,-9,-134
1767172439.0202382,4,-6,-134
1767172439.0302382,5,-6,-137
1767172439.040238,5,-6,-135
1767172439.050238,-1,-10,-134
1767172439.060238,-2,-10,-135
1767172439.070238,-2,-7,-132
1767172439.080238,-3,-5,-140
1767172439.090238,2,-1,-143
1767172439.100238,0,-5,-143
1767172439.110238,-5,-9,-139
1767172439.120238,-5,-7,-146
1767172439.130238,-4,-4,-138
1767172439.140238,-6,-2,-136
1767172439.150238,-10,-1,-132
1767172439.1602385,-6,-4,-139
1767172439.1702385,-4,-5,-143
1767172439.1802382,0,-1,-143
1767172439.1902382,0,-2,-144
1767172439.2002382,1,0,-144
1767172439.2102382,2,2,-146
1767172439.2202382,6,2,-145
1767172439.2302382,2,-3,-149
1767172439.2402382,0,-1,-146
1767172439.2502382,-1,-1,-148
1767172439.2602382,-6,0,-148
1767172439.2702382,-3,-4,-152
1767172439.2802382,-4,-5,-143
1767172439.290238,-6,-4,-140
1767172439.300238,-6,-2,-139
1767172439.310238,-4,-4,-139
1767172439.320238,-7,-2,-137
1767172439.330238,-6,-1,-134
1767172439.340238,-1,-5,-128
1767172439.350238,1,0,-125
1767172439.360238,4,3,-124
1767172439.370238,5,0,-124
1767172439.380238,4,-4,-132
1767172439.390238,4,-3,-126
1767172439.400238,2,-1,-122
1767172439.4102385,0,0,-126
1767172439.4202385,-4,0,-131
1767172439.4302382,-7,-3,-128
1767172439.4402382,-1,-4,-122
1767172439.4502382,-7,-1,-125
1767172439.4602382,-8,-2,-124
1767172439.4702382,-4,-1,-126
1767172439.4802382,-7,0,-125
1767172439.4902382,-4,2,-125
1767172439.5002382,-2,0,-131
1767172439.5102382,0,0,-139
1767172439.5202382,-1,-3,-143
1767172439.5302382,0,-3,-139
1767172439.540238,0,-2,-130
1767172439.550238,2,-2,-128
1767172439.560238,2,-1,-128
1767172439.570238,3,0,-132
1767172439.580238,3,-2,-130
1767172439.590238,0,-3,-133
1767172439.600238,2,-5,-133
1767172439.610238,0,0,-139
1767172439.620238,-4,2,-139
1767172439.630238,-7,-1,-138
1767172439.640238,-4,-2,-140
1767172439.650238,-6,-2,-141
1767172439.6602385,-2,-5,-153
1767172439.6702385,-3,-4,-155
1767172439.6802382,-1,-6,-151
1767172439.6902382,0,-4,-144
1767172439.7002382,-3,-3,-142
1767172439.7102382,-3,-4,-135
1767172439.7202382,-2,-2,-136
1767172439.7302382,1,-3,-130
1767172439.7402382,5,-3,-137
1767172439.7502382,3,-2,-143
1767172439.7602382,5,-3,-140
1767172439.7702382,4,0,-145
1767172439.7802382,3,3,-151
1767172439.790238,4,1,-152
1767172439.800238,3,0,-144
1767172439.810238,-2,-1,-140
1767172439.820238,-1,-1,-138
1767172439.830238,0,-2,-142
1767172439.840238,4,0,-150
1767172439.850238,-2,0,-144
1767172439.860238,-4,-1,-141
1767172439.870238,-1,0,-147
1767172439.880238,2,2,-149
1767172439.890238,1,3,-150
1767172439.900238,3,3,-142
1767172439.9102385,2,2,-142
1767172439.9202385,1,0,-148
1767172439.9302382,1,0,-153
1767172439.9402382,-3,3,-153
1767172439.9502382,-1,-1,-142
1767172439.9602382,-1,-1,-141
1767172439.9702382,-3,0,-142
1767172439.9802382,-4,0,-142
1767172439.9902382,0,-3,-134
1767172440.0002382,2,-3,-142
1767172440.011238,2,-1,-150
1767172440.0202382,5,0,-139
1767172440.031238,3,1,-135
1767172440.041238,2,3,-139
1767172440.051238,0,0,-143
1767172440.061238,0,0,-146
1767172440.071238,4,0,-144
1767172440.0812385,3,-4,-143
1767172440.0912385,4,-5,-146
1767172440.1012385,0,-3,-149
1767172440.1112382,-1,3,-147
1767172440.1212382,-3,1,-142
1767172440.1312382,0,1,-141
1767172440.1412382,-1,-1,-135
1767172440.1512382,-1,-6,-134
1767172440.1612382,0,-5,-142
1767172440.1712382,0,-4,-139
1767172440.1812382,-4,-5,-137
1767172440.1912382,-1,-4,-137
1767172440.2012382,4,-3,-135
1767172440.211238,7,-1,-130
1767172440.221238,5,-2,-126
1767172440.231238,4,-4,-122
1767172440.241238,9,-5,-126
1767172440.251238,9,-3,-124
1767172440.261238,6,-2,-129
1767172440.271238,7,-1,-126
1767172440.281238,2,1,-130
1767172440.291238,4,1,-134
1767172440.301238,0,1,-135
1767172440.311238,1,1,-133
1767172440.321238,-1,0,-134
1767172440.3312385,-1,-1,-140
1767172440.3412385,3,-2,-138
1767172440.3512385,1,-2,-136
1767172440.3612382,4,-2,-128
1767172440.3712382,5,-2,-127
1767172440.3812382,1,-7,-134
1767172440.3912382,1,-8,-133
1767172440.4012382,0,-7,-130
1767172440.4112382,1,-2,-130
1767172440.4212382,-2,0,-130
1767172440.4312382,-3,4,-134
1767172440.4412382,-3,4,-135
1767172440.4512382,1,5,-139
1767172440.461238,-1,7,-139
1767172440.471238,0,4,-132
1767172440.481238,0,3,-129
1767172440.491238,1,1,-129
1767172440.501238,0,2,-136
1767172440.511238,0,2,-146
1767172440.521238,0,5,-140
1767172440.531238,0,-1,-140
1767172440.541238,0,-4,-147
1767172440.551238,-3,-1,-142
1767172440.561238,-3,2,-139
1767172440.571238,-6,0,-136
1767172440.5812385,-7,-2,-133
1767172440.5912385,-6,0,-129
1767172440.6012385,-6,0,-135
1767172440.6112382,-5,-5,-133
1767172440.6212382,-3,-4,-135
1767172440.6312382,-5,-5,-136
1767172440.6412382,-4,-4,-138
1767172440.6512382,0,-6,-139
1767172440.6612382,-4,-1,-135
1767172440.6712382,-2,-3,-136
1767172440.6812382,-3,2,-133
1767172440.6912382,-4,1,-133
1767172440.7012382,-2,1,-135
1767172440.711238,1,1,-134
1767172440.721238,2,1,-130
1767172440.731238,1,1,-131
1767172440.741238,-2,0,-128
1767172440.751238,1,-2,-132
1767172440.761238,0,-2,-137
1767172440.771238,1,-1,-141
1767172440.781238,-5,1,-136
1767172440.791238,1,1,-136
1767172440.801238,2,0,-133
1767172440.811238,1,0,-136
1767172440.821238,0,-1,-138
1767172440.8312385,-4,-3,-138
1767172440.8412385,0,-3,-145
1767172440.8512385,2,-5,-140
1767172440.8612382,1,-5,-138
1767172440.8712382,1,-4,-133
1767172440.8812382,8,-4,-134
1767172440.8912382,6,-5,-137
1767172440.9012382,6,-2,-142
1767172440.9112382,4,0,-145
1767172440.9212382,0,0,-139
1767172440.9312382,3,0,-140
1767172440.9412382,3,0,-136
1767172440.9512382,2,2,-139
1767172440.961238,1,1,-141
1767172440.971238,2,3,-146
1767172440.981238,-1,5,-145
1767172440.991238,1,5,-136
1767172441.001238,4,6,-138
1767172441.011238,5,7,-136
1767172441.021238,0,3,-140
1767172441.031238,-1,0,-144
1767172441.041238,-6,-6,-141
1767172441.051238,-7,-3,-136
1767172441.061238,-2,2,-135
1767172441.071238,-2,3,-135
1767172441.0812385,1,2,-138
1767172441.0912385,3,1,-143
1767172441.1012385,0,0,-145
1767172441.1112382,0,1,-145
1767172441.1212382,-1,1,-138
1767172441.1312382,-4,2,-137
1767172441.1412382,-3,2,-140
1767172441.1512382,0,4,-141
1767172441.1612382,4,0,-141
1767172441.1712382,4,-2,-138
1767172441.1812382,0,-2,-137
1767172441.1912382,-1,-1,-142
1767172441.2012382,1,-1,-145
1767172441.211238,0,1,-149
1767172441.221238,-1,2,-148
1767172441.231238,-1,-4,-146
1767172441.241238,3,-4,-140
1767172441.251238,1,-2,-137
1767172441.261238,-8,0,-140
1767172441.271238,-9,0,-138
1767172441.281238,-6,-1,-129
1767172441.291238,-2,-5,-135
1767172441.301238,0,-5,-135
1767172441.311238,2,-2,-140
1767172441.321238,2,-1,-143
1767172441.3312385,-3,-3,-142
1767172441.3412385,-5,-5,-149
1767172441.3512385,4,-4,-145
1767172441.3612382,0,-4,-150
1767172441.3712382,0,-1,-152
1767172441.3812382,-3,-2,-148
1767172441.3912382,0,-4,-146
1767172441.4012382,2,-5,-146
1767172441.4112382,5,-8,-143
1767172441.4212382,3,-2,-143
1767172441.4312382,6,-1,-140
1767172441.4412382,6,-1,-136
1767172441.4512382,2,0,-144
1767172441.461238,0,-2,-146
1767172441.471238,1,0,-150
1767172441.481238,-1,3,-149
1767172441.491238,-2,2,-140
1767172441.501238,0,0,-140
1767172441.511238,-3,-2,-142
1767172441.521238,-6,-1,-142
1767172441.531238,-5,-2,-151
1767172441.541238,-5,-3,-146
1767172441.551238,-1,1,-142
1767172441.561238,0,1,-141
1767172441.571238,-1,3,-140
1767172441.5812385,0,2,-142
1767172441.5912385,-1,0,-142
1767172441.6012385,-1,-5,-141
1767172441.6112382,1,-5,-140
1767172441.6212382,0,-5,-138
1767172441.6312382,1,-2,-133
1767172441.6412382,-2,-1,-136
1767172441.6512382,-6,-3,-138
1767172441.662238,-6,-3,-137
1767172441.6712382,-3,-2,-137
1767172441.6812382,-5,-4,-139
1767172441.6912382,-4,-2,-140
1767172441.7012382,0,0,-138
1767172441.711238,0,-3,-138
1767172441.721238,6,-4,-138
1767172441.731238,5,-5,-135
1767172441.741238,0,0,-142
1767172441.751238,-2,4,-138
1767172441.761238,-1,3,-146
1767172441.771238,0,0,-149
1767172441.781238,0,0,-154
1767172441.791238,0,3,-157
1767172441.801238,0,3,-159
1767172441.811238,3,5,-152
1767172441.821238,3,7,-146
1767172441.8312385,2,4,-151
1767172441.8412385,2,6,-147
1767172441.8512385,0,8,-148
1767172441.8612382,-1,4,-151
1767172441.8712382,-3,-2,-153
1767172441.8812382,-4,-6,-146
1767172441.8912382,-2,-1,-143
1767172441.9012382,0,-2,-141
1767172441.9112382,-4,-1,-136
1767172441.9212382,-6,3,-143
1767172441.9312382,-1,-2,-147
1767172441.9412382,-5,-2,-145
1767172441.9512382,-5,-2,-151
1767172441.961238,-1,0,-148
1767172441.971238,-1,0,-141
1767172441.981238,4,-2,-145
1767172441.991238,1,0,-144
1767172442.001238,0,-3,-140
1767172442.011238,-2,-2,-138
1767172442.021238,-6,-4,-144
1767172442.031238,-1,0,-140
1767172442.041238,-3,0,-142
1767172442.051238,-3,0,-143
1767172442.061238,-6,1,-140
1767172442.071238,-1,0,-136
1767172442.0812385,1,-6,-137
1767172442.0912385,3,-8,-141
1767172442.1012385,3,-5,-140
1767172442.1112382,0,-3,-137
1767172442.1212382,-5,-3,-136
1767172442.1312382,-3,-6,-136
1767172442.1412382,-1,-9,-141
1767172442.1512382,-2,-5,-145
1767172442.1612382,0,-1,-143
1767172442.1712382,0,-2,-141
1767172442.1812382,-4,-6,-144
1767172442.1912382,-5,-6,-140
1767172442.2012382,-2,0,-140
1767172442.211238,-4,-3,-141
1767172442.221238,-3,-1,-142
1767172442.231238,-5,-3,-138
1767172442.241238,-9,-2,-144
1767172442.251238,-11,-3,-145
1767172442.261238,-5,-2,-143
1767172442.271238,-4,2,-146
1767172442.281238,-2,3,-153
1767172442.291238,0,5,-153
1767172442.301238,-3,4,-154
1767172442.311238,0,4,-155
1767172442.321238,-2,8,-153
1767172442.3312385,-1,8,-152
1767172442.3412385,1,2,-150
1767172442.3512385,-2,-1,-144
1767172442.3612382,1,-1,-139
1767172442.3712382,3,-6,-142
1767172442.3812382,2,-8,-142
1767172442.3912382,1,-6,-139
1767172442.4012382,4,-8,-136
1767172442.4112382,7,-3,-137
1767172442.4212382,9,-5,-142
1767172442.4312382,3,-6,-140
1767172442.4412382,0,-1,-137
1767172442.4512382,1,-2,-138
1767172442.461238,-1,0,-138
1767172442.471238,0,0,-140
1767172442.481238,0,0,-139
1767172442.491238,-4,2,-136
1767172442.501238,-4,-1,-133
1767172442.511238,-6,0,-136
1767172442.521238,-3,2,-142
1767172442.531238,-2,5,-141
1767172442.541238,-3,10,-136
1767172442.551238,-3,8,-130
1767172442.5622382,0,7,-132
1767172442.571238,-1,8,-138
1767172442.5812385,-1,5,-144
1767172442.5922382,1,3,-141
1767172442.6022382,4,0,-144
1767172442.6122382,1,4,-146
1767172442.6212382,-1,1,-143
1767172442.632238,-3,0,-140
1767172442.642238,-3,1,-139
1767172442.652238,-4,1,-140
1767172442.662238,-2,3,-139
1767172442.672238,0,5,-135
1767172442.682238,-3,4,-133
1767172442.692238,-4,1,-138
1767172442.702238,-2,0,-135
1767172442.712238,-4,1,-132
1767172442.722238,-2,4,-135
1767172442.732238,-3,2,-137
1767172442.742238,-1,1,-141
1767172442.752238,0,4,-136
1767172442.7622385,-3,4,-136
1767172442.7722385,-6,6,-132
1767172442.7822382,-9,9,-132
1767172442.7922382,-10,9,-133
1767172442.8022382,-14,9,-133
1767172442.8122382,-11,3,-129
1767172442.8222382,-8,-1,-132
1767172442.8322382,-6,-4,-134
1767172442.8422382,-7,-3,-139
1767172442.8522382,-4,-5,-136
1767172442.8622382,-3,-5,-141
1767172442.8722382,-5,-6,-141
1767172442.882238,-2,-5,-150
1767172442.892238,1,-5,-145
1767172442.902238,0,-3,-146
1767172442.912238,-3,-2,-141
1767172442.922238,-3,2,-140
1767172442.932238,-6,2,-145
1767172442.942238,-4,1,-151
1767172442.952238,0,0,-149
1767172442.962238,-1,0,-150
1767172442.972238,-3,-2,-148
1767172442.982238,-6,-3,-145
1767172442.992238,-1,-3,-144
1767172443.002238,-1,-2,-143
1767172443.0122385,2,-3,-141
1767172443.0222385,2,-1,-148
1767172443.0322382,1,-4,-143
1767172443.0422382,-1,-7,-141
1767172443.0522382,-1,-3,-139
1767172443.0622382,-4,1,-139
1767172443.0722382,-1,1,-138
1767172443.0822382,-3,0,-140
1767172443.0922382,-5,0,-134
1767172443.1022382,-4,-4,-136
1767172443.1122382,-2,-5,-134
1767172443.1222382,-6,-2,-128
1767172443.132238,-3,0,-132
1767172443.142238,6,-3,-136
1767172443.152238,10,-7,-139
1767172443.162238,9,-5,-138
1767172443.172238,6,-3,-133
1767172443.182238,0,-2,-130
1767172443.192238,-5,-2,-133
1767172443.202238,-7,-3,-137
1767172443.212238,-2,-4,-137
1767172443.222238,0,-3,-138
1767172443.232238,5,-1,-138
1767172443.242238,4,-2,-145
1767172443.252238,1,-1,-150
1767172443.2622385,2,0,-151
1767172443.2722385,2,2,-151
1767172443.2822382,0,3,-148
1767172443.2922382,-1,1,-143
1767172443.3022382,-1,0,-147
1767172443.3122382,0,0,-147
1767172443.3222382,0,-1,-151
1767172443.3322382,0,3,-143
1767172443.3422382,1,3,-146
1767172443.3522382,-1,4,-152
1767172443.3622382,-3,6,-155
1767172443.3722382,-6,2,-152
1767172443.382238,-5,-1,-148
1767172443.392238,-5,0,-141
1767172443.402238,-3,-3,-138
1767172443.412238,0,-4,-146
1767172443.422238,2,-3,-143
1767172443.4432385,3,0,-146
1767172443.452238,2,2,-145
1767172443.462238,5,6,-142
1767172443.472238,9,8,-142
1767172443.482238,5,5,-141
1767172443.492238,0,5,-140
1767172443.502238,0,3,-143
1767172443.5122385,0,5,-141
1767172443.5222385,4,4,-141
1767172443.5322382,3,-2,-144
1767172443.5422382,4,-3,-130
1767172443.5522382,4,0,-131
1767172443.5622382,1,1,-133
1767172443.5722382,-3,2,-136
1767172443.5822382,0,2,-136
1767172443.5922382,0,-1,-132
1767172443.6022382,1,-2,-133
1767172443.6122382,3,-4,-130
1767172443.6222382,5,-1,-132
1767172443.632238,5,5,-134
1767172443.642238,4,4,-136
1767172443.652238,6,6,-135
1767172443.662238,4,3,-131
1767172443.672238,5,5,-131
1767172443.682238,3,4,-146
1767172443.692238,-1,3,-145
1767172443.702238,-1,5,-141
1767172443.712238,3,2,-143
1767172443.722238,0,1,-139
1767172443.732238,-2,0,-139
1767172443.742238,-2,-2,-136
1767172443.752238,-4,-1,-138
1767172443.7622385,1,0,-138
1767172443.7722385,5,1,-137
1767172443.7822382,2,2,-137
1767172443.7922382,1,4,-134
1767172443.8022382,1,0,-132
1767172443.8122382,4,2,-140
1767172443.8222382,6,0,-138
1767172443.8322382,6,0,-138
1767172443.8422382,4,-4,-138
1767172443.8522382,2,-1,-139
1767172443.8622382,3,0,-137
1767172443.8722382,4,4,-136
1767172443.882238,2,5,-134
1767172443.892238,4,5,-140
1767172443.902238,6,2,-144
1767172443.912238,3,0,-144
1767172443.922238,0,1,-137
1767172443.932238,2,2,-138
1767172443.942238,0,-1,-137
1767172443.952238,-2,-4,-131
1767172443.962238,-1,-2,-135
1767172443.972238,0,-4,-138
1767172443.982238,1,-5,-141
1767172443.992238,0,-6,-135
1767172444.002238,-2,-7,-137
1767172444.0122385,-1,-4,-133
1767172444.0222385,-5,-3,-134
1767172444.0322382,-9,-3,-131
1767172444.0422382,-10,-2,-130
1767172444.0522382,-2,0,-135
1767172444.0622382,1,1,-138
1767172444.0722382,-1,0,-140
1767172444.0822382,-1,-2,-133
1767172444.0922382,-3,-3,-135
1767172444.1022382,-3,2,-139
1767172444.1122382,0,0,-144
1767172444.1222382,1,0,-146
1767172444.132238,4,2,-146
1767172444.142238,1,0,-146
1767172444.152238,0,-4,-145
1767172444.162238,-1,-5,-139
1767172444.172238,3,-1,-139
1767172444.182238,3,1,-144
1767172444.192238,2,2,-148
1767172444.202238,4,5,-145
1767172444.212238,2,5,-140
1767172444.222238,2,2,-146
1767172444.232238,4,0,-145
1767172444.242238,1,0,-143
1767172444.252238,1,2,-145
1767172444.2622385,2,4,-137
1767172444.2722385,1,2,-129
1767172444.2822382,1,2,-135
1767172444.2922382,-1,-1,-140
1767172444.3022382,-1,-1,-141
1767172444.3122382,0,-4,-136
1767172444.3222382,2,-6,-134
1767172444.3322382,4,-4,-140
1767172444.3422382,4,-2,-149
1767172444.3522382,6,-4,-145
1767172444.3622382,6,-2,-142
1767172444.3722382,4,1,-139
1767172444.382238,5,0,-140
1767172444.392238,0,0,-140
1767172444.402238,2,0,-141
1767172444.412238,1,0,-146
1767172444.422238,1,-3,-144
1767172444.432238,-1,-2,-148
1767172444.442238,-4,0,-151
1767172444.452238,-6,2,-147
1767172444.462238,-6,4,-146
1767172444.472238,-4,4,-143
1767172444.482238,-5,2,-138
1767172444.492238,-5,0,-135
1767172444.502238,-2,0,-133
1767172444.5122385,0,-3,-141
1767172444.5222385,1,-3,-144
1767172444.5322382,2,0,-148
1767172444.5422382,4,0,-150
1767172444.5522382,1,-1,-149
1767172444.5622382,4,-2,-145
1767172444.5722382,0,-3,-144
1767172444.5822382,-2,-2,-144
1767172444.5922382,-2,-1,-139
1767172444.6022382,-3,2,-140
1767172444.6122382,-2,2,-135
1767172444.6222382,-5,6,-133
1767172444.632238,-4,4,-139
1767172444.642238,-5,1,-135
1767172444.652238,-10,4,-134
1767172444.662238,-10,2,-137
1767172444.672238,-5,1,-133
1767172444.682238,-3,4,-138
1767172444.692238,-3,2,-139
1767172444.702238,-4,-1,-138
1767172444.712238,-4,0,-137
1767172444.722238,-3,-2,-139
1767172444.732238,0,0,-143
1767172444.742238,-2,0,-141
1767172444.752238,-2,-2,-134
1767172444.7622385,1,-1,-125
1767172444.7722385,0,-4,-123
1767172444.7822382,-1,-2,-130
1767172444.7922382,0,-1,-131
1767172444.8022382,0,-2,-133
1767172444.8122382,-2,-2,-136
1767172444.8222382,-1,-4,-136
1767172444.8322382,-1,0,-136
1767172444.8422382,-1,-1,-138
1767172444.8522382,-2,-1,-139
1767172444.8622382,-8,-2,-144
1767172444.8722382,-6,-2,-146
1767172444.882238,-3,-3,-144
1767172444.892238,0,-1,-146
1767172444.902238,-4,-5,-136
1767172444.912238,-2,-6,-138
1767172444.922238,-5,-4,-139
1767172444.932238,-3,-4,-144
1767172444.942238,0,-4,-147
1767172444.952238,-1,2,-146
1767172444.962238,-3,2,-147
1767172444.972238,-1,3,-150
1767172444.982238,-3,5,-147
1767172444.992238,-3,1,-144
1767172445.002238,-5,1,-152
1767172445.0122385,-5,0,-152
1767172445.0222385,-5,1,-148
1767172445.0322382,-7,-5,-147
1767172445.0422382,-6,-2,-144
1767172445.0522382,0,1,-145
1767172445.0622382,2,1,-144
1767172445.0722382,2,0,-139
1767172445.0822382,4,0,-134
1767172445.0922382,5,0,-128
1767172445.1022382,4,3,-130
1767172445.1122382,7,6,-141
1767172445.1222382,6,3,-141
1767172445.132238,4,4,-135
1767172445.143238,4,0,-137
1767172445.153238,2,2,-150
1767172445.163238,-3,2,-144
1767172445.173238,-2,6,-151
1767172445.1832385,0,6,-152
1767172445.1932385,5,1,-147
1767172445.2032382,5,0,-142
1767172445.2132382,8,0,-138
1767172445.2232382,6,0,-137
1767172445.2332382,1,2,-130
1767172445.2432382,0,3,-136
1767172445.2532382,3,-1,-139
1767172445.2632382,1,0,-143
1767172445.2732382,2,0,-141
1767172445.2832382,0,1,-138
1767172445.2932382,0,3,-133
1767172445.3032382,-3,0,-134
1767172445.313238,0,-2,-136
1767172445.323238,3,0,-138
1767172445.333238,3,0,-140
1767172445.343238,3,-1,-139
1767172445.353238,3,-6,-131
1767172445.363238,7,-7,-133
1767172445.373238,2,-5,-134
1767172445.383238,-3,-6,-132
1767172445.393238,-4,1,-135
1767172445.403238,-8,0,-133
1767172445.413238,-6,2,-131
1767172445.423238,-5,0,-133
1767172445.4332385,-9,-1,-135
1767172445.4432385,-12,-1,-138
1767172445.4532382,-7,0,-144
1767172445.4632382,1,1,-141
1767172445.4732382,-2,3,-139
1767172445.4832382,-3,2,-143
1767172445.4932382,0,1,-149
1767172445.5032382,-1,-1,-148
1767172445.5132382,-4,-5,-146
1767172445.5232382,0,-11,-139
1767172445.5332382,3,-12,-142
1767172445.5432382,0,-8,-143
1767172445.5532382,2,-10,-144
1767172445.563238,1,-8,-143
1767172445.573238,-1,-5,-141
1767172445.583238,-1,-2,-137
1767172445.593238,1,0,-130
1767172445.603238,-1,2,-130
1767172445.613238,-3,1,-129
1767172445.623238,4,1,-133
1767172445.633238,4,0,-132
1767172445.643238,2,-2,-132
1767172445.653238,4,0,-138
1767172445.663238,0,-1,-143
1767172445.673238,5,-1,-142
1767172445.6832385,6,2,-140
1767172445.6932385,7,4,-144
1767172445.7032382,6,0,-150
1767172445.7132382,7,3,-146
1767172445.7232382,6,0,-145
1767172445.7332382,7,4,-138
1767172445.7432382,10,2,-134
1767172445.7532382,7,1,-129
1767172445.7632382,6,0,-136
1767172445.7732382,7,0,-137
1767172445.7832382,6,1,-128
1767172445.7932382,9,-1,-136
1767172445.8032382,8,2,-136
1767172445.813238,5,1,-142
1767172445.823238,0,-3,-136
1767172445.833238,-3,-2,-135
1767172445.843238,1,-5,-137
1767172445.853238,2,-1,-138
1767172445.863238,1,-2,-138
1767172445.873238,0,0,-140
1767172445.883238,-1,-2,-144
1767172445.893238,1,0,-137
1767172445.903238,-2,0,-135
1767172445.913238,-4,0,-134
1767172445.923238,-5,0,-130
1767172445.9332385,-4,-2,-129
1767172445.9432385,-6,0,-127
1767172445.9532382,-3,1,-130
1767172445.9632382,-4,3,-136
1767172445.9732382,-5,0,-137
1767172445.9832382,-4,0,-135
1767172445.9932382,-2,-2,-131
1767172446.0032382,-4,-8,-135
1767172446.0132382,-3,-4,-136
1767172446.0232382,-4,-1,-135
1767172446.0332382,-5,2,-138
1767172446.0432382,-2,1,-136
1767172446.0532382,0,3,-135
1767172446.063238,0,5,-137
1767172446.073238,-3,7,-140
1767172446.083238,-3,6,-143
1767172446.093238,-1,4,-139
1767172446.103238,4,4,-133
1767172446.113238,4,2,-134
1767172446.123238,1,1,-137
1767172446.133238,4,3,-140
1767172446.143238,3,-4,-136
1767172446.153238,6,-6,-137
1767172446.163238,5,-8,-136
1767172446.173238,4,-6,-133
1767172446.1832385,1,-4,-132
1767172446.1932385,0,-5,-137
1767172446.2032382,0,-1,-134
1767172446.2132382,0,0,-135
1767172446.2232382,0,0,-132
1767172446.2332382,-3,1,-141
1767172446.2432382,-2,4,-139
1767172446.2532382,-1,6,-138
1767172446.2632382,1,1,-136
1767172446.2732382,2,1,-139
1767172446.2832382,-2,1,-138
1767172446.2932382,-2,0,-135
1767172446.3032382,0,-1,-140
1767172446.313238,-1,-5,-135
1767172446.323238,0,0,-136
1767172446.333238,7,-2,-139
1767172446.343238,7,-2,-148
1767172446.353238,6,-3,-152
1767172446.363238,2,-1,-153
1767172446.373238,1,0,-154
1767172446.383238,0,3,-149
1767172446.393238,1,5,-143
1767172446.403238,-1,6,-141
1767172446.413238,-4,3,-142
1767172446.423238,-3,3,-141
1767172446.4332385,1,2,-144
1767172446.4432385,5,1,-143
1767172446.4532382,10,1,-142
1767172446.4632382,9,1,-137
1767172446.4732382,11,-2,-135
1767172446.4832382,11,-5,-141
1767172446.4932382,9,-6,-134
1767172446.5032382,3,-4,-133
1767172446.5132382,2,-3,-135
1767172446.5232382,2,-1,-138
1767172446.5332382,1,-3,-141
1767172446.5432382,3,1,-136
1767172446.5532382,7,1,-133
1767172446.563238,3,3,-137
1767172446.573238,6,0,-139
1767172446.583238,4,4,-137
1767172446.593238,2,0,-141
1767172446.603238,2,-1,-141
1767172446.613238,4,1,-140
1767172446.623238,5,0,-141
1767172446.633238,9,-3,-140
1767172446.643238,5,-2,-143
1767172446.653238,3,0,-145
1767172446.663238,2,0,-138
1767172446.673238,0,0,-138
1767172446.6832385,-2,5,-141
1767172446.6932385,-4,6,-139
1767172446.7032382,0,4,-141
1767172446.7132382,0,5,-145
1767172446.7232382,3,3,-143
1767172446.7332382,3,4,-141
1767172446.7432382,1,1,-139
1767172446.7532382,0,-3,-141
1767172446.7632382,2,-3,-140
1767172446.7732382,6,-6,-135
1767172446.7832382,4,-5,-131
1767172446.7932382,3,-1,-132
1767172446.8032382,0,-2,-138
1767172446.813238,-4,-1,-131
1767172446.823238,-6,0,-128
1767172446.833238,-8,0,-124
1767172446.843238,-5,0,-127
1767172446.853238,-3,4,-127
1767172446.863238,0,4,-133
1767172446.873238,1,3,-136
1767172446.883238,1,2,-128
1767172446.893238,1,4,-132
1767172446.903238,2,3,-137
1767172446.913238,1,1,-141
1767172446.923238,3,5,-145
1767172446.9332385,2,6,-144
1767172446.9432385,5,5,-136
1767172446.9532382,3,0,-129
1767172446.9632382,0,-2,-124
1767172446.9732382,2,-1,-124
1767172446.9832382,4,-1,-122
1767172446.9932382,4,-2,-127
1767172447.0032382,0,-1,-130
1767172447.0132382,3,1,-142
1767172447.0232382,5,0,-140
1767172447.0332382,4,-5,-137
1767172447.0432382,3,-4,-135
1767172447.0532382,2,-5,-139
1767172447.063238,6,-1,-143
1767172447.073238,8,1,-144
1767172447.083238,10,4,-141
1767172447.093238,7,1,-141
1767172447.103238,4,-3,-140
1767172447.113238,2,-5,-135
1767172447.123238,0,-2,-135
1767172447.133238,0,-2,-139
1767172447.143238,2,-2,-135
1767172447.153238,3,-3,-143
1767172447.163238,1,0,-146
1767172447.173238,1,3,-140
1767172447.1832385,1,4,-138
1767172447.1932385,5,4,-142
1767172447.2032382,1,4,-134
1767172447.2132382,4,4,-131
1767172447.2232382,0,1,-127
1767172447.2332382,-4,0,-125
1767172447.2432382,-1,0,-129
1767172447.2532382,0,1,-130
1767172447.2632382,1,6,-129
1767172447.2732382,3,1,-135
1767172447.2832382,0,1,-135
1767172447.2932382,-2,3,-137
1767172447.3032382,1,4,-140
1767172447.313238,3,5,-145
1767172447.323238,3,0,-136
1767172447.333238,4,-1,-134
1767172447.343238,4,-3,-140
1767172447.353238,3,-1,-145
1767172447.363238,0,0,-146
1767172447.373238,-5,3,-149
1767172447.383238,-5,-2,-143
1767172447.393238,-4,-3,-143
1767172447.403238,-4,-4,-142
1767172447.413238,-4,0,-138
1767172447.423238,-3,-1,-131
1767172447.4332385,0,-5,-131
1767172447.4432385,-1,-6,-127
1767172447.4532382,0,-8,-123
1767172447.4632382,-4,-5,-122
1767172447.4732382,0,-5,-126
1767172447.4832382,-1,-3,-120
1767172447.4932382,1,-3,-125
1767172447.5032382,4,-2,-131
1767172447.5132382,2,0,-126
1767172447.5232382,3,-5,-131
1767172447.5332382,3,-2,-131
1767172447.5432382,3,-2,-140
1767172447.5532382,3,-3,-145
1767172447.563238,0,0,-150
1767172447.573238,-1,1,-143
1767172447.583238,0,1,-144
1767172447.593238,-1,1,-145
1767172447.603238,-2,2,-145
1767172447.613238,1,1,-144
1767172447.623238,-1,6,-140
1767172447.633238,-2,0,-142
1767172447.643238,-5,1,-148
1767172447.653238,0,0,-148
1767172447.663238,-1,0,-149
1767172447.6742382,2,-2,-147
1767172447.6832385,1,0,-143
1767172447.6942382,0,0,-149
1767172447.7042382,0,0,-146
1767172447.7142382,-1,3,-141
1767172447.7242382,0,6,-134
1767172447.734238,0,6,-133
1767172447.744238,1,6,-132
1767172447.754238,3,3,-131
1767172447.764238,0,5,-133
1767172447.774238,1,5,-130
1767172447.784238,-1,2,-134
1767172447.794238,0,1,-133
1767172447.804238,4,-2,-138
1767172447.814238,3,-5,-145
1767172447.824238,2,-3,-146
1767172447.834238,2,-5,-142
1767172447.844238,3,-2,-146
1767172447.8542385,0,-3,-143
1767172447.8642385,-3,-2,-137
1767172447.8742385,0,3,-139
1767172447.8842382,0,2,-142
1767172447.8942382,5,4,-141
1767172447.9042382,3,4,-138
1767172447.9142382,2,0,-139
1767172447.9242382,-2,-2,-139
1767172447.9342382,-2,-4,-137
1767172447.9442382,3,-4,-136
1767172447.9542382,1,-5,-137
1767172447.9642382,0,0,-137
1767172447.9742382,-3,0,-138
1767172447.984238,1,0,-137
1767172447.994238,3,-1,-134
1767172448.004238,4,-2,-137
1767172448.014238,4,-4,-137
1767172448.024238,2,-6,-134
1767172448.034238,3,-4,-131
1767172448.044238,2,-4,-129
1767172448.054238,0,-2,-125
1767172448.064238,-3,0,-132
1767172448.074238,-5,2,-132
1767172448.084238,-4,-2,-129
1767172448.094238,-1,0,-132
1767172448.1042385,-3,-1,-138
1767172448.1142385,-2,-3,-139
1767172448.1242385,-6,-3,-140
1767172448.1342382,-8,0,-138
1767172448.1442382,-8,0,-138
1767172448.1542382,-1,0,-133
1767172448.1642382,1,-1,-132
1767172448.1742382,-2,0,-132
1767172448.1842382,-3,-3,-131
1767172448.1942382,-1,-5,-132
1767172448.2042382,-3,-8,-130
1767172448.2142382,-3,-4,-129
1767172448.2242382,-3,-8,-132
1767172448.234238,-3,-9,-132
1767172448.244238,0,-10,-142
1767172448.254238,-3,-8,-143
1767172448.264238,-8,-5,-144
1767172448.274238,-8,-4,-147
1767172448.284238,-2,-8,-152
1767172448.294238,-1,-3,-146
1767172448.304238,0,-4,-146
1767172448.314238,0,-1,-146
1767172448.324238,1,0,-143
1767172448.334238,3,4,-142
1767172448.344238,7,0,-145
1767172448.3542385,7,-3,-137
1767172448.3642385,12,-1,-135
1767172448.3742385,10,0,-142
1767172448.3842382,14,0,-144
1767172448.3942382,10,-3,-143
1767172448.4042382,7,-3,-138
1767172448.4142382,2,0,-137
1767172448.4242382,1,1,-138
1767172448.4342382,0,-1,-139
1767172448.455238,-2,0,-131
1767172448.4642382,-3,0,-133
1767172448.4742382,-4,-2,-127
1767172448.484238,-9,-5,-125
1767172448.494238,-5,-7,-123
1767172448.504238,-8,-5,-126
1767172448.514238,-6,0,-131
1767172448.524238,-4,-2,-136
1767172448.534238,-3,1,-138
1767172448.544238,-1,3,-136
1767172448.554238,-1,1,-133
1767172448.564238,0,4,-133
1767172448.574238,0,2,-134
1767172448.584238,-3,0,-136
1767172448.594238,-5,-3,-137
1767172448.6042385,-8,-5,-142
1767172448.6142385,-8,-8,-147
1767172448.6242385,-4,-7,-144
1767172448.6342382,-6,-5,-142
1767172448.6442382,-6,-1,-142
1767172448.6542382,-9,0,-139
1767172448.6642382,-9,0,-146
1767172448.6742382,-7,-3,-155
1767172448.6842382,-6,-3,-149
1767172448.6942382,1,-6,-148
1767172448.7042382,-1,-5,-140
1767172448.7142382,-3,-2,-140
1767172448.7242382,-2,-1,-146
1767172448.734238,-6,-4,-145
1767172448.744238,-7,-2,-143
1767172448.754238,-8,0,-143
1767172448.764238,-8,2,-143
1767172448.774238,-3,2,-142
1767172448.784238,-3,1,-139
1767172448.794238,-1,3,-141
1767172448.804238,0,1,-143
1767172448.814238,-3,-2,-141
1767172448.824238,-6,-2,-139
1767172448.834238,0,-2,-132
1767172448.844238,0,-3,-131
1767172448.8542385,0,-4,-135
1767172448.8642385,1,-4,-142
1767172448.8742385,4,-1,-145
1767172448.8842382,2,-2,-142
1767172448.8942382,-1,0,-137
1767172448.9042382,0,1,-141
1767172448.9142382,-1,-1,-142
1767172448.9242382,0,-2,-142
1767172448.9342382,-4,-3,-142
1767172448.9442382,-5,-8,-142
1767172448.9542382,-3,-6,-140
1767172448.9642382,-5,-5,-146
1767172448.9742382,-5,-7,-146
1767172448.984238,-4,-11,-148
1767172448.994238,-4,-8,-151
1767172449.004238,-1,-6,-152
1767172449.014238,5,0,-149
1767172449.024238,0,0,-151
1767172449.034238,-1,0,-159
1767172449.044238,0,0,-153
1767172449.054238,0,0,-149
1767172449.064238,4,3,-147
1767172449.074238,5,-1,-141
1767172449.084238,-1,-5,-135
1767172449.094238,-1,-3,-139
1767172449.1042385,0,-3,-139
1767172449.1142385,0,-3,-137
1767172449.1242385,0,-2,-140
1767172449.1342382,1,0,-141
1767172449.1442382,-1,3,-140
1767172449.1542382,0,1,-143
1767172449.1642382,-3,0,-145
1767172449.1742382,-2,-1,-144
1767172449.1842382,-1,0,-144
1767172449.1942382,-3,-1,-140
1767172449.2042382,-4,-3,-140
1767172449.2142382,0,-3,-141
1767172449.2242382,3,-1,-139
1767172449.234238,1,3,-138
1767172449.244238,3,1,-136
1767172449.254238,3,-1,-139
1767172449.264238,6,0,-138
1767172449.274238,8,0,-139
1767172449.284238,7,0,-143
1767172449.294238,4,2,-150
1767172449.304238,1,-2,-152
1767172449.314238,3,-3,-146
1767172449.324238,1,-2,-142
1767172449.334238,-1,-4,-137
1767172449.344238,-1,-3,-136
1767172449.3542385,-7,-5,-134
1767172449.3642385,-9,-5,-134
1767172449.3742385,-5,-1,-130
1767172449.3842382,-4,-2,-133
1767172449.3942382,-5,0,-131
1767172449.4042382,0,-4,-141
1767172449.4142382,-1,-3,-143
1767172449.4242382,0,-3,-145
1767172449.4342382,0,-4,-138
1767172449.4442382,0,-2,-138
1767172449.4542382,-1,2,-127
1767172449.4642382,-3,1,-127
1767172449.4742382,-4,-3,-131
1767172449.484238,-4,-5,-137
1767172449.494238,0,0,-138
1767172449.504238,3,5,-138
1767172449.514238,4,4,-136
1767172449.524238,5,2,-142
1767172449.534238,6,0,-136
1767172449.544238,6,-1,-140
1767172449.554238,8,-2,-143
1767172449.564238,7,1,-140
1767172449.574238,3,1,-138
1767172449.584238,5,-2,-141
1767172449.594238,4,1,-143
1767172449.6042385,-2,-1,-135
1767172449.6142385,0,1,-135
1767172449.6242385,4,1,-132
1767172449.6342382,4,6,-134
1767172449.6442382,4,5,-134
1767172449.6542382,5,7,-136
1767172449.6642382,3,4,-135
1767172449.6742382,2,0,-142
1767172449.6842382,-1,0,-152
1767172449.6942382,-4,-4,-154
1767172449.7042382,-5,-7,-156
1767172449.7142382,0,-4,-152
1767172449.7242382,3,-7,-145
1767172449.734238,3,-5,-147
1767172449.744238,2,-8,-144
1767172449.754238,5,-9,-141
1767172449.764238,5,-6,-139
1767172449.774238,1,-3,-141
1767172449.784238,3,2,-139
1767172449.794238,2,0,-141
1767172449.804238,4,0,-145
1767172449.814238,-1,-3,-144
1767172449.824238,-3,-4,-141
1767172449.834238,-1,-3,-145
1767172449.844238,-1,-3,-136
1767172449.8542385,0,0,-132
1767172449.8642385,-2,1,-141
1767172449.8742385,-1,0,-145
1767172449.8842382,1,1,-141
1767172449.8942382,-1,0,-143
1767172449.9042382,-2,0,-146
1767172449.9142382,0,-2,-141
1767172449.9242382,1,-1,-145
1767172449.9342382,1,2,-144
1767172449.9442382,-1,2,-142
1767172449.9542382,0,-1,-144
1767172449.9642382,1,-6,-141
1767172449.9742382,0,-8,-137
1767172449.984238,0,-9,-133
1767172449.994238,-2,-8,-140
1767172450.004238,-1,-4,-145
1767172450.014238,-2,-2,-145
1767172450.024238,-1,-3,-148
1767172450.034238,-1,-3,-143
1767172450.044238,-1,-3,-143
1767172450.054238,-3,0,-148
1767172450.064238,-4,4,-142
1767172450.074238,-8,4,-140
1767172450.084238,-4,5,-129
1767172450.094238,-2,6,-122
1767172450.1042385,-4,3,-122
1767172450.1142385,-5,0,-126
1767172450.1242385,-3,-4,-128
1767172450.1342382,0,-2,-134
1767172450.1442382,1,-3,-135
1767172450.1542382,0,-4,-133
1767172450.1642382,0,-6,-137
1767172450.1742382,2,-3,-140
1767172450.1842382,6,-4,-140
1767172450.1942382,1,-6,-147
1767172450.2042382,2,-1,-145
1767172450.2142382,3,-2,-144
1767172450.2242382,7,0,-143
1767172450.234238,11,-1,-145
1767172450.244238,11,0,-141
1767172450.254238,8,3,-141
1767172450.264238,6,5,-141
1767172450.274238,6,5,-140
1767172450.2852385,8,4,-148
1767172450.2952385,9,2,-149
1767172450.3052382,6,6,-151
1767172450.3152382,0,9,-150
1767172450.3252382,-4,10,-149
1767172450.3352382,-6,5,-151
1767172450.3452382,-3,2,-146
1767172450.3552382,-3,0,-141
1767172450.3652382,-3,1,-137
1767172450.3752382,-10,1,-133
1767172450.3852382,-5,1,-136
1767172450.3952382,-3,2,-132
1767172450.4052382,-1,4,-125
1767172450.415238,-3,5,-127
1767172450.425238,-2,6,-129
1767172450.435238,-2,3,-138
1767172450.445238,-4,1,-143
1767172450.455238,-4,-1,-140
1767172450.465238,-3,-1,-140
1767172450.475238,-3,-2,-137
1767172450.485238,-5,-2,-137
1767172450.495238,-8,-3,-137
1767172450.505238,-7,-4,-140
1767172450.515238,-6,-1,-138
1767172450.525238,-5,-1,-137
1767172450.5352385,-8,-3,-135
1767172450.5452385,-3,-9,-133
1767172450.5552382,-3,-5,-138
1767172450.5652382,-9,-2,-139
1767172450.5752382,-14,-1,-135
1767172450.5852382,-10,-1,-141
1767172450.5952382,-7,-6,-144
1767172450.6052382,-8,-4,-148
1767172450.6152382,-4,0,-148
1767172450.6252382,-2,2,-148
1767172450.6352382,0,2,-143
1767172450.6452382,0,0,-147
1767172450.6552382,1,1,-143
1767172450.665238,2,1,-140
1767172450.675238,4,0,-137
1767172450.685238,3,-3,-138
1767172450.695238,-1,-1,-131
1767172450.705238,0,0,-139
1767172450.715238,0,0,-139
1767172450.725238,-6,-1,-131
1767172450.735238,-6,-2,-136
1767172450.745238,-10,-1,-139
1767172450.755238,-9,-5,-138
1767172450.765238,-7,-6,-138
1767172450.7762382,-4,-9,-137
1767172450.7852385,0,-10,-139
1767172450.7952385,0,-5,-139
1767172450.8052382,0,-6,-137
1767172450.8152382,0,-4,-142
1767172450.8252382,0,-2,-146
1767172450.8352382,-1,-4,-147
1767172450.8452382,0,-6,-149
1767172450.8552382,0,-7,-147
1767172450.8652382,-2,-3,-143
1767172450.8752382,-3,-9,-147
1767172450.8852382,-3,-6,-151
1767172450.8952382,-7,-4,-153
1767172450.9052382,-1,-2,-153
1767172450.915238,2,-3,-144
1767172450.925238,7,-1,-140
1767172450.935238,0,-3,-136
1767172450.945238,0,-5,-133
1767172450.955238,1,-4,-135
1767172450.965238,0,0,-134
1767172450.975238,0,-1,-135
1767172450.985238,-1,0,-139
1767172450.995238,-5,0,-137
1767172451.005238,-1,-1,-136
1767172451.015238,-3,0,-134
1767172451.025238,-5,1,-130
1767172451.0352385,-8,4,-132
1767172451.0452385,-5,0,-132
1767172451.0552382,-1,1,-131
1767172451.0652382,3,-4,-130
1767172451.0752382,7,0,-129
1767172451.0852382,4,0,-131
1767172451.0952382,2,-2,-137
1767172451.1052382,3,0,-139
1767172451.1152382,2,1,-139
1767172451.1252382,1,1,-139
1767172451.1352382,1,1,-136
1767172451.1452382,-2,4,-139
1767172451.1552382,1,6,-145
1767172451.165238,0,3,-144
1767172451.175238,1,0,-142
1767172451.185238,-1,-1,-138
1767172451.195238,-1,-1,-139
1767172451.205238,0,-3,-143
1767172451.215238,-2,-5,-144
1767172451.225238,-4,-3,-142
1767172451.235238,-2,1,-140
1767172451.245238,-5,0,-145
1767172451.255238,-4,5,-144
1767172451.265238,-2,6,-140
1767172451.275238,-3,4,-131
1767172451.2852385,-1,3,-127
1767172451.2952385,0,-1,-130
1767172451.3052382,1,0,-130
1767172451.3152382,3,-1,-131
1767172451.3252382,3,-6,-138
1767172451.3352382,-1,0,-139
1767172451.3452382,-3,0,-141
1767172451.3552382,-4,-2,-136
1767172451.3652382,-2,2,-142
1767172451.3752382,-12,0,-142
1767172451.3852382,-8,-4,-150
1767172451.3952382,-7,-8,-146
1767172451.4052382,-7,-7,-145
1767172451.415238,0,-4,-140
1767172451.425238,0,-6,-141
1767172451.435238,-5,-4,-141
1767172451.445238,-4,-2,-141
1767172451.455238,-7,-3,-138
1767172451.465238,0,0,-138
1767172451.475238,3,1,-139
1767172451.485238,2,-4,-138
1767172451.495238,-3,-4,-135
1767172451.505238,-2,-4,-138
1767172451.515238,-3,-6,-140
1767172451.525238,-7,-3,-139
1767172451.5352385,-5,-6,-143
1767172451.5452385,0,-4,-141
1767172451.5552382,1,-6,-141
1767172451.5652382,2,-3,-134
1767172451.5752382,-3,-2,-139
1767172451.5852382,1,-1,-139
1767172451.5952382,6,0,-136
1767172451.6052382,4,0,-137
1767172451.6152382,6,1,-143
1767172451.6252382,4,3,-141
1767172451.6352382,5,-1,-147
1767172451.6452382,9,-2,-146
1767172451.6552382,10,-3,-143
1767172451.665238,12,-1,-143
1767172451.675238,15,-1,-142
1767172451.685238,13,0,-138
1767172451.695238,7,-5,-134
1767172451.705238,6,-5,-136
1767172451.715238,3,-3,-131
1767172451.725238,1,0,-134
1767172451.735238,-3,0,-139
1767172451.745238,-1,0,-144
1767172451.755238,0,-5,-143
1767172451.765238,0,-5,-143
1767172451.775238,0,-4,-140
1767172451.7852385,2,-7,-138
1767172451.7952385,0,-3,-137
1767172451.8052382,-4,0,-144
1767172451.8152382,-3,3,-143
1767172451.8252382,-3,4,-141
1767172451.8352382,-5,6,-148
1767172451.8452382,-4,4,-148
1767172451.8552382,-5,4,-145
1767172451.8652382,2,0,-142
1767172451.8752382,0,1,-141
1767172451.8852382,3,3,-143
1767172451.8952382,0,-1,-140
1767172451.9052382,-2,-3,-136
1767172451.915238,1,-5,-137
1767172451.925238,-2,-1,-131
1767172451.935238,-3,0,-133
1767172451.945238,-2,-1,-138
1767172451.955238,-2,-3,-143
1767172451.965238,-3,-3,-150
1767172451.975238,-3,-1,-147
1767172451.985238,-5,-1,-143
1767172451.995238,-2,0,-137
1767172452.005238,2,-4,-138
1767172452.015238,0,-4,-132
1767172452.025238,-4,-1,-130
1767172452.0352385,-6,0,-134
1767172452.0452385,-7,-1,-138
1767172452.0552382,-11,1,-138
1767172452.0652382,-4,0,-140
1767172452.0752382,-2,2,-141
1767172452.0852382,-1,0,-141
1767172452.0952382,0,0,-139
1767172452.1052382,0,1,-142
1767172452.1152382,0,-2,-135
1767172452.1252382,1,-3,-136
1767172452.1352382,0,-8,-145
1767172452.1452382,-5,-9,-148
1767172452.1552382,-4,-6,-143
1767172452.165238,-4,-3,-144
1767172452.175238,-8,-2,-139
1767172452.185238,-12,-4,-137
1767172452.195238,-6,-4,-144
1767172452.205238,0,-3,-147
1767172452.215238,1,-3,-148
1767172452.225238,0,-4,-143
1767172452.235238,0,-2,-147
1767172452.245238,-1,-1,-147
1767172452.255238,4,-1,-152
1767172452.265238,1,-1,-153
1767172452.275238,2,-3,-147
1767172452.2852385,0,-5,-147
1767172452.2952385,0,0,-154
1767172452.3052382,5,1,-152
1767172452.3152382,3,0,-150
1767172452.3252382,2,0,-149
1767172452.3352382,3,0,-149
1767172452.3452382,2,-1,-149
1767172452.3552382,-2,-1,-140
1767172452.3652382,-6,-4,-137
1767172452.3752382,-2,-5,-128
1767172452.3852382,-2,-7,-130
1767172452.3952382,-1,-4,-134
1767172452.4052382,1,-6,-137
1767172452.415238,-2,-7,-135
1767172452.425238,0,-5,-134
1767172452.435238,1,-6,-137
1767172452.445238,-1,-8,-141
1767172452.455238,-4,-3,-144
1767172452.465238,-6,-1,-149
1767172452.475238,-5,-3,-145
1767172452.485238,-2,-3,-148
1767172452.495238,-1,-4,-151
1767172452.505238,1,-4,-148
1767172452.515238,1,0,-144
1767172452.525238,0,0,-141
1767172452.5352385,-2,0,-142
1767172452.5452385,-7,0,-144
1767172452.5552382,-9,1,-150
1767172452.5652382,-6,5,-147
1767172452.5752382,-8,3,-146
1767172452.5852382,-2,5,-147
1767172452.5952382,-2,4,-147
1767172452.6052382,0,4,-149
1767172452.6152382,2,0,-146
1767172452.6252382,2,-1,-140
1767172452.6352382,5,-4,-139
1767172452.6452382,2,-6,-145
1767172452.6552382,-1,-10,-143
1767172452.665238,0,-8,-145
1767172452.675238,0,-8,-154
1767172452.685238,-6,-5,-155
1767172452.695238,-2,-2,-155
1767172452.705238,5,0,-147
1767172452.715238,8,0,-145
1767172452.725238,2,3,-147
1767172452.735238,2,1,-141
1767172452.745238,1,0,-136
1767172452.755238,-4,-5,-133
1767172452.765238,-4,-4,-135
1767172452.775238,-4,-2,-142
1767172452.7852385,-6,-5,-143
1767172452.7952385,-5,-2,-143
1767172452.8052382,0,-4,-145
1767172452.8162382,0,-3,-146
1767172452.8262382,1,-1,-141
1767172452.836238,1,3,-146
1767172452.846238,0,1,-143
1767172452.856238,1,0,-141
1767172452.866238,0,-3,-139
1767172452.876238,0,0,-143
1767172452.886238,-2,0,-145
1767172452.896238,-6,2,-140
1767172452.906238,-9,3,-140
1767172452.916238,-8,1,-136
1767172452.926238,-6,1,-133
1767172452.936238,-12,0,-127
1767172452.946238,-8,2,-132
1767172452.9562385,-6,5,-129
1767172452.9662385,-4,5,-130
1767172452.9762385,-5,6,-133
1767172452.9862382,-2,7,-131
1767172452.9962382,0,6,-143
1767172453.0062382,-1,3,-146
1767172453.0162382,-4,0,-146
1767172453.0262382,0,0,-143
1767172453.0362382,1,-1,-141
1767172453.0462382,3,-2,-145
1767172453.0562382,2,0,-147
1767172453.0662382,0,0,-149
1767172453.0762382,-1,0,-145
1767172453.086238,2,-4,-147
1767172453.096238,1,-7,-144
1767172453.106238,-3,-6,-145
1767172453.116238,-1,-4,-150
1767172453.126238,0,-4,-147
1767172453.136238,0,-5,-142
1767172453.146238,1,-7,-143
1767172453.156238,2,-3,-137
1767172453.166238,6,0,-136
1767172453.176238,7,-1,-136
1767172453.186238,8,-3,-139
1767172453.196238,7,0,-147
1767172453.2062385,5,2,-145
1767172453.2162385,10,5,-140
1767172453.2262385,12,2,-145
1767172453.2362382,6,0,-151
1767172453.2462382,2,0,-157
1767172453.2562382,0,-2,-157
1767172453.2662382,-1,-4,-143
1767172453.2762382,0,-3,-143
1767172453.2862382,0,0,-144
1767172453.2962382,0,0,-143
1767172453.3062382,0,-1,-142
1767172453.3162382,-2,-1,-148
1767172453.3262382,-4,-2,-146
1767172453.336238,-3,-4,-144
1767172453.346238,-4,-1,-148
1767172453.356238,-1,-2,-145
1767172453.366238,-1,-2,-140
1767172453.376238,-3,-1,-145
1767172453.386238,0,-2,-139
1767172453.396238,2,-1,-143
1767172453.406238,2,-4,-145
1767172453.416238,1,-7,-148
1767172453.426238,-1,-6,-149
1767172453.436238,0,-5,-142
1767172453.446238,-5,-10,-142
1767172453.4672382,-5,-7,-147
1767172453.4762385,-3,-6,-141
1767172453.4862382,1,-7,-140
1767172453.4962382,1,-5,-144
1767172453.5062382,1,-8,-146
1767172453.5162382,3,-7,-139
1767172453.5262382,7,-2,-142
1767172453.5362382,4,0,-148
1767172453.5462382,9,-1,-156
1767172453.5562382,5,-1,-147
1767172453.5662382,0,-4,-141
1767172453.5762382,0,-5,-142
1767172453.586238,1,-8,-151
1767172453.596238,1,-3,-149
1767172453.606238,1,-4,-148
1767172453.616238,1,0,-150
1767172453.626238,1,4,-146
1767172453.636238,5,6,-142
1767172453.646238,9,3,-142
1767172453.656238,9,2,-145
1767172453.666238,5,-1,-142
1767172453.676238,3,-1,-143
1767172453.686238,4,-6,-147
1767172453.696238,1,-5,-149
1767172453.7062385,3,-3,-149
1767172453.7162385,5,-3,-151
1767172453.7262385,1,0,-143
1767172453.7362382,-5,0,-138
1767172453.7462382,-6,-5,-143
1767172453.7562382,-2,-6,-143
1767172453.7662382,-1,-9,-146
1767172453.7762382,-5,-8,-143
1767172453.7862382,-4,-4,-141
1767172453.7962382,-3,-5,-146
1767172453.8062382,-4,-4,-142
1767172453.8162382,-6,-3,-137
1767172453.8262382,-7,-2,-136
1767172453.836238,-7,-2,-134
1767172453.846238,-7,-3,-136
1767172453.856238,-4,-4,-137
1767172453.866238,-3,-1,-130
1767172453.876238,-4,-1,-134
1767172453.886238,0,-1,-139
1767172453.896238,-1,0,-142
1767172453.906238,-6,2,-139
1767172453.916238,-5,0,-143
1767172453.926238,0,0,-141
1767172453.936238,-4,1,-141
1767172453.946238,-4,-1,-140
1767172453.9562385,-4,-2,-141
1767172453.9662385,-3,-1,-143
1767172453.9762385,0,-3,-145
1767172453.9862382,4,-5,-147
1767172453.9962382,0,-8,-143
1767172454.0062382,-1,-7,-143
1767172454.0162382,2,-9,-141
1767172454.0262382,4,-7,-142
1767172454.0362382,2,-6,-133
1767172454.0462382,3,-6,-130
1767172454.0562382,2,-3,-135
1767172454.0662382,5,-4,-135
1767172454.0762382,6,-3,-132
1767172454.086238,5,-2,-124
1767172454.096238,5,-4,-130
1767172454.106238,2,-2,-135
1767172454.116238,1,-5,-130
1767172454.126238,2,-4,-131
1767172454.136238,1,-1,-133
1767172454.146238,0,1,-135
1767172454.156238,2,0,-141
1767172454.166238,-2,-1,-140
1767172454.176238,-2,-1,-141
1767172454.186238,-1,-3,-137
1767172454.196238,-1,-4,-140
1767172454.2062385,1,-4,-142
1767172454.2162385,0,-9,-135
1767172454.2262385,3,-7,-135
1767172454.2362382,5,-4,-135
1767172454.2462382,2,-4,-143
1767172454.2562382,0,-7,-143
1767172454.2662382,0,-7,-136
1767172454.2762382,0,0,-129
1767172454.2862382,0,0,-124
1767172454.2962382,4,0,-129
1767172454.3062382,5,-2,-134
1767172454.3162382,5,-4,-139
1767172454.3262382,7,-1,-149
1767172454.336238,3,-5,-148
1767172454.346238,1,-4,-147
1767172454.356238,2,-4,-146
1767172454.366238,3,-7,-152
1767172454.376238,2,-4,-150
1767172454.386238,1,-1,-148
1767172454.396238,2,-3,-151
1767172454.406238,4,3,-142
1767172454.416238,6,3,-138
1767172454.426238,6,0,-135
1767172454.436238,3,0,-132
1767172454.446238,0,2,-128
1767172454.4562385,0,0,-129
1767172454.4662385,-3,2,-130
1767172454.4762385,-6,0,-133
1767172454.4862382,-1,-1,-128
1767172454.4962382,-1,0,-127
1767172454.5062382,-1,1,-134
1767172454.5162382,-1,3,-137
1767172454.5262382,-6,0,-143
1767172454.5362382,-6,-3,-141
1767172454.5462382,-5,0,-137
1767172454.5562382,-2,0,-138
1767172454.5662382,-4,4,-138
1767172454.5762382,-1,-1,-148
1767172454.586238,1,1,-148
1767172454.596238,5,-2,-141
1767172454.606238,2,-1,-139
1767172454.616238,1,-4,-141
1767172454.626238,2,-8,-142
1767172454.636238,2,-6,-146
1767172454.646238,5,-5,-143
1767172454.656238,2,-5,-143
1767172454.666238,0,-5,-140
1767172454.676238,-2,-4,-139
1767172454.686238,0,-2,-139
1767172454.696238,-1,-3,-139
1767172454.7062385,-1,-5,-138
1767172454.7162385,-2,-4,-130
1767172454.7262385,-3,-4,-136
1767172454.7362382,-3,-4,-140
1767172454.7462382,-2,-4,-136
1767172454.7562382,-1,-2,-141
1767172454.7662382,0,0,-144
1767172454.7762382,0,0,-148
1767172454.7862382,-2,0,-145
1767172454.7962382,-6,0,-140
1767172454.8062382,-2,0,-136
1767172454.8162382,4,5,-134
1767172454.8262382,1,2,-133
1767172454.836238,-3,5,-136
1767172454.846238,-4,6,-139
1767172454.856238,-1,5,-138
1767172454.866238,0,6,-141
1767172454.876238,0,8,-138
1767172454.886238,0,0,-134
1767172454.896238,1,-4,-135
1767172454.906238,0,-7,-134
1767172454.916238,0,-10,-134
1767172454.926238,0,-10,-134
1767172454.936238,4,-10,-138
1767172454.946238,2,-8,-141
1767172454.9562385,0,-4,-141
1767172454.9662385,0,-3,-149
1767172454.9762385,3,-3,-150
1767172454.9862382,2,0,-149
1767172454.9962382,8,-3,-142
1767172455.0062382,7,-5,-143
1767172455.0162382,8,-2,-134
1767172455.0262382,9,-3,-137
1767172455.0362382,9,-4,-135
1767172455.0462382,4,-2,-131
1767172455.0562382,3,-1,-133
1767172455.0662382,4,0,-134
1767172455.0762382,5,3,-129
1767172455.086238,3,2,-131
1767172455.096238,-1,1,-128
1767172455.106238,0,2,-122
1767172455.116238,0,-2,-134
1767172455.126238,1,-3,-134
1767172455.136238,1,-6,-139
1767172455.146238,-1,-8,-140
1767172455.156238,0,-5,-143
1767172455.166238,0,-5,-140
1767172455.176238,0,-6,-145
1767172455.186238,-1,0,-155
1767172455.196238,0,3,-145
1767172455.2062385,0,3,-141
1767172455.2162385,-1,6,-143
1767172455.2262385,-1,9,-139
1767172455.2362382,-1,7,-148
1767172455.2462382,1,5,-150
1767172455.2562382,3,5,-148
1767172455.2662382,0,1,-151
1767172455.2762382,0,-3,-148
1767172455.2862382,-2,-6,-144
1767172455.2962382,-3,-2,-145
1767172455.3062382,-2,-1,-147
1767172455.3162382,-4,-5,-150
1767172455.327238,0,-6,-155
1767172455.336238,0,-3,-145
1767172455.346238,0,-1,-141
1767172455.357238,0,-4,-141
1767172455.366238,-2,-2,-140
1767172455.376238,-3,-2,-135
1767172455.386238,-3,0,-136
1767172455.3972385,0,1,-140
1767172455.4072382,2,-1,-149
1767172455.4172382,4,-3,-153
1767172455.4272382,0,-3,-158
1767172455.4372382,1,-2,-159
1767172455.4472382,0,0,-159
1767172455.4572382,-3,1,-157
1767172455.4672382,-4,0,-144
1767172455.4772382,-2,-2,-144
1767172455.4872382,0,-3,-145
1767172455.4972382,-3,-6,-146
1767172455.507238,0,-7,-151
1767172455.517238,2,-5,-143
1767172455.527238,4,-1,-147
1767172455.537238,1,1,-146
1767172455.547238,0,0,-150
1767172455.557238,-1,0,-145
1767172455.567238,0,0,-143
1767172455.577238,4,2,-146
1767172455.587238,2,0,-144
1767172455.597238,-1,-1,-143
1767172455.607238,0,-2,-143
1767172455.617238,0,-5,-134
1767172455.627238,-4,-6,-136
1767172455.6372385,-5,-3,-135
1767172455.6472385,-2,-3,-133
1767172455.6572382,-3,0,-130
1767172455.6672382,-5,-5,-130
1767172455.6772382,-10,-8,-136
1767172455.6872382,-7,-4,-137
1767172455.6972382,-7,-3,-135
1767172455.7072382,-2,-1,-127
1767172455.7172382,0,-5,-133
1767172455.7272382,3,-3,-135
1767172455.7372382,9,-4,-127
1767172455.7472382,2,-5,-136
1767172455.757238,0,-7,-135
1767172455.767238,0,-6,-131
1767172455.777238,0,-4,-130
1767172455.787238,0,-4,-130
1767172455.797238,-3,-5,-130
1767172455.807238,-5,-2,-127
1767172455.817238,-4,-2,-130
1767172455.827238,-3,-2,-130
1767172455.837238,-2,-4,-130
1767172455.847238,-2,-1,-136
1767172455.857238,-1,0,-139
1767172455.867238,-3,-1,-142
1767172455.877238,-1,-4,-138
1767172455.8872385,3,-2,-136
1767172455.8972385,5,-2,-135
1767172455.9072382,4,2,-136
1767172455.9172382,-1,1,-137
1767172455.9272382,-8,1,-141
1767172455.9372382,-4,5,-138
1767172455.9472382,-7,5,-134
1767172455.9572382,0,3,-137
1767172455.9672382,0,1,-140
1767172455.9772382,0,0,-134
1767172455.9872382,2,0,-135
1767172455.9972382,0,0,-138
1767172456.007238,-1,-2,-140
1767172456.017238,-3,0,-134
1767172456.027238,-3,-5,-134
1767172456.037238,-3,-3,-128
1767172456.047238,0,-4,-124
1767172456.057238,2,-2,-126
1767172456.067238,-2,-4,-133
1767172456.077238,-5,0,-135
1767172456.087238,-6,-3,-140
1767172456.097238,-1,0,-134
1767172456.107238,-5,0,-136
1767172456.117238,-5,-2,-130
1767172456.127238,-5,-4,-130
1767172456.1372385,-8,-7,-134
1767172456.1472385,-7,-7,-134
1767172456.1572382,-5,-11,-130
1767172456.1672382,-3,-10,-125
1767172456.1772382,-4,-8,-124
1767172456.1872382,2,-4,-121
1767172456.1972382,-2,-1,-126
1767172456.2072382,-3,0,-131
1767172456.2172382,-2,4,-131
1767172456.2272382,0,3,-133
1767172456.2372382,0,1,-139
1767172456.2472382,0,0,-138
1767172456.257238,3,-3,-137
1767172456.267238,3,-2,-139
1767172456.277238,7,-3,-138
1767172456.287238,10,-4,-138
1767172456.297238,6,-2,-141
1767172456.307238,11,-2,-142
1767172456.317238,12,-2,-140
1767172456.327238,8,-2,-143
1767172456.337238,8,0,-142
1767172456.347238,11,0,-145
1767172456.357238,6,-1,-143
1767172456.367238,6,-4,-144
1767172456.377238,9,-1,-140
1767172456.3872385,10,2,-138
1767172456.3972385,6,3,-135
1767172456.4072382,4,0,-134
1767172456.4172382,3,-3,-132
1767172456.4272382,8,-1,-129
1767172456.4372382,6,0,-129
1767172456.4472382,2,-2,-128
1767172456.4572382,2,-3,-124
1767172456.4672382,-1,-3,-123
1767172456.4772382,-1,-4,-124
1767172456.4872382,2,-5,-128
1767172456.4972382,-1,-4,-132
1767172456.507238,-6,-6,-130
1767172456.517238,-4,-5,-129
1767172456.527238,-5,-3,-135
1767172456.537238,-9,0,-132
1767172456.547238,-9,-1,-132
1767172456.557238,-7,-5,-137
1767172456.567238,-2,-4,-131
1767172456.577238,-2,-2,-133
1767172456.587238,-4,-1,-130
1767172456.597238,-5,1,-134
1767172456.607238,-4,3,-135
1767172456.617238,-5,0,-129
1767172456.627238,-5,-3,-134
1767172456.6372385,-5,-8,-137
1767172456.6472385,-6,-5,-132
1767172456.6572382,-5,-5,-137
1767172456.6672382,-3,-2,-140
1767172456.6772382,-4,-4,-142
1767172456.6872382,-3,0,-142
1767172456.6972382,0,-1,-141
1767172456.7072382,0,-3,-140
1767172456.7172382,-2,-3,-141
1767172456.7272382,-5,-4,-140
1767172456.7372382,-6,-2,-135
1767172456.7472382,-2,-3,-133
1767172456.757238,0,-1,-129
1767172456.767238,-1,0,-129
1767172456.777238,-2,-2,-129
1767172456.787238,-2,-6,-131
1767172456.797238,0,-4,-130
1767172456.807238,0,-3,-134
1767172456.817238,0,-1,-137
1767172456.827238,1,-1,-131
1767172456.837238,0,-1,-131
1767172456.847238,-3,1,-136
1767172456.857238,-3,3,-134
1767172456.867238,-4,0,-135
1767172456.877238,-4,7,-133
1767172456.8872385,0,4,-137
1767172456.8972385,3,3,-136
1767172456.9072382,3,-2,-138
1767172456.9172382,1,-6,-142
1767172456.9272382,0,-4,-137
1767172456.9372382,3,-8,-139
1767172456.9472382,4,-5,-142
1767172456.9572382,5,0,-142
1767172456.9672382,2,0,-137
1767172456.9772382,7,-3,-138
1767172456.9872382,11,0,-134
1767172456.9972382,11,0,-134
1767172457.007238,8,2,-137
1767172457.017238,0,2,-131
1767172457.027238,-3,2,-130
1767172457.037238,-8,7,-136
1767172457.047238,-7,9,-131
1767172457.057238,-10,8,-136
1767172457.067238,-10,4,-133
1767172457.077238,-5,0,-129
1767172457.087238,-7,-5,-135
1767172457.097238,-6,-5,-133
1767172457.107238,-6,-3,-135
1767172457.117238,-2,-2,-138
1767172457.127238,0,-2,-134
1767172457.1372385,3,0,-130
1767172457.1472385,8,0,-136
1767172457.1572382,3,-1,-136
1767172457.1672382,2,-3,-133
1767172457.1772382,7,-2,-137
1767172457.1872382,7,-2,-132
1767172457.1972382,7,-1,-130
1767172457.2072382,3,0,-130
1767172457.2172382,4,0,-136
1767172457.2272382,1,0,-135
1767172457.2372382,4,2,-132
1767172457.2472382,1,4,-141
1767172457.257238,0,6,-143
1767172457.267238,5,8,-141
1767172457.277238,3,8,-139
1767172457.287238,2,9,-133
1767172457.297238,1,7,-142
1767172457.307238,0,6,-132
1767172457.317238,5,5,-132
1767172457.327238,0,3,-132
1767172457.337238,0,0,-125
1767172457.347238,1,7,-126
1767172457.357238,0,8,-127
1767172457.367238,0,4,-131
1767172457.377238,0,3,-131
1767172457.3872385,2,1,-128
1767172457.3972385,-5,-1,-127
1767172457.4072382,-4,-2,-131
1767172457.4172382,-3,-3,-139
1767172457.4272382,0,-1,-141
1767172457.4372382,1,-3,-139
1767172457.4472382,2,-3,-133
1767172457.4572382,1,-1,-134
1767172457.4672382,0,-2,-127
1767172457.4772382,0,-3,-125
1767172457.4872382,0,-5,-125
1767172457.4972382,2,-8,-133
1767172457.507238,3,-7,-133
1767172457.517238,3,-4,-140
1767172457.527238,2,-3,-145
1767172457.537238,5,0,-140
1767172457.547238,0,0,-137
1767172457.557238,-3,6,-134
1767172457.567238,1,6,-138
1767172457.577238,0,3,-143
1767172457.587238,0,5,-143
1767172457.597238,0,7,-138
1767172457.607238,-1,7,-143
1767172457.617238,0,7,-143
1767172457.627238,1,4,-142
1767172457.6372385,2,2,-142
1767172457.6472385,5,-1,-143
1767172457.6572382,6,-1,-145
1767172457.6672382,5,-3,-146
1767172457.6772382,3,-2,-147
1767172457.6872382,0,-1,-143
1767172457.6972382,0,0,-137
1767172457.7072382,-3,3,-136
1767172457.7172382,-8,-1,-138
1767172457.7272382,-10,-2,-136
1767172457.7372382,-5,-5,-142
1767172457.7472382,0,-9,-141
1767172457.757238,1,-9,-153
1767172457.767238,4,-5,-153
1767172457.777238,6,-3,-145
1767172457.787238,7,-2,-139
1767172457.797238,3,-5,-138
1767172457.807238,4,-3,-134
1767172457.817238,5,-2,-140
1767172457.827238,2,-5,-144
1767172457.837238,2,-10,-154
1767172457.847238,2,-5,-148
1767172457.857238,0,-5,-146
1767172457.867238,0,-1,-142
1767172457.877238,0,0,-140
1767172457.8872385,-2,-2,-140
1767172457.8972385,-4,-2,-139
1767172457.9072382,-1,0,-136
1767172457.9172382,-2,-2,-135
1767172457.9272382,-2,2,-138
1767172457.938238,0,3,-132
1767172457.9472382,1,1,-129
1767172457.9572382,1,3,-133
1767172457.968238,-2,2,-141
1767172457.978238,0,0,-144
1767172457.988238,1,0,-151
1767172457.998238,5,-2,-149
1767172458.008238,6,-1,-145
1767172458.018238,4,0,-141
1767172458.028238,0,2,-140
1767172458.038238,-2,2,-138
1767172458.048238,0,2,-136
1767172458.0582385,3,5,-136
1767172458.0682385,8,5,-139
1767172458.0782382,12,5,-143
1767172458.0882382,11,5,-146
1767172458.0982382,7,1,-139
1767172458.1082382,0,-1,-136
1767172458.1182382,-2,-2,-135
1767172458.1282382,-3,-6,-138
1767172458.1382382,0,-10,-137
1767172458.149238,-2,-11,-143
1767172458.1582382,-3,-10,-146
1767172458.1682382,-3,-10,-147
1767172458.1782382,-8,-8,-148
1767172458.188238,-9,-6,-147
1767172458.198238,-3,-5,-148
1767172458.208238,-3,-1,-142
1767172458.218238,0,-5,-139
1767172458.228238,-3,-5,-138
1767172458.238238,-1,-5,-141
1767172458.248238,2,-5,-138
1767172458.258238,5,-7,-135
1767172458.268238,3,-3,-132
1767172458.278238,4,-1,-137
1767172458.288238,3,0,-138
1767172458.298238,0,-2,-141
1767172458.3082385,-2,1,-140
1767172458.3182385,0,0,-138
1767172458.3282382,0,2,-139
1767172458.3382382,5,4,-139
1767172458.3482382,8,2,-142
1767172458.3582382,5,3,-141
1767172458.3682382,0,1,-136
1767172458.3782382,-3,2,-138
1767172458.3882382,-7,3,-142
1767172458.3982382,-4,0,-141
1767172458.4082382,-4,0,-145
1767172458.4182382,-3,4,-145
1767172458.4282382,0,4,-140
1767172458.438238,-2,2,-139
1767172458.448238,0,1,-146
1767172458.458238,-1,0,-144
1767172458.4802382,-1,0,-139
1767172458.488238,2,0,-133
1767172458.498238,5,-1,-135
1767172458.508238,1,-5,-142
1767172458.518238,0,-1,-141
1767172458.528238,-2,-7,-142
1767172458.538238,0,-8,-143
1767172458.548238,2,-9,-145
1767172458.5582385,1,-10,-148
1767172458.5682385,-2,-7,-148
1767172458.5782382,-7,-7,-148
1767172458.5882382,-8,-5,-149
1767172458.5982382,-4,-6,-141
1767172458.6082382,-8,0,-144
1767172458.6182382,-8,3,-147
1767172458.6282382,-8,1,-149
1767172458.6382382,-9,1,-142
1767172458.6482382,-6,-1,-145
1767172458.6582382,-6,-2,-136
1767172458.6682382,-3,-1,-135
1767172458.6782382,-7,-3,-138
1767172458.688238,-8,-2,-140
1767172458.698238,-5,-4,-146
1767172458.708238,-2,-2,-145
1767172458.718238,1,-2,-144
1767172458.728238,3,-5,-143
1767172458.738238,0,-4,-138
1767172458.748238,-1,-1,-131
1767172458.758238,0,-1,-130
1767172458.768238,-1,-5,-137
1767172458.778238,-7,-6,-144
1767172458.788238,-7,-4,-144
1767172458.798238,-3,-4,-141
1767172458.8082385,1,-4,-143
1767172458.8182385,0,-1,-138
1767172458.8282382,-1,0,-140
1767172458.8382382,-2,0,-134
1767172458.8482382,1,-2,-135
1767172458.8582382,3,-5,-144
1767172458.8682382,5,-4,-145
1767172458.8782382,2,0,-145
1767172458.8882382,0,-3,-145
1767172458.8982382,0,-4,-147
1767172458.9082382,0,-1,-144
1767172458.9182382,2,1,-143
1767172458.9282382,1,0,-140
1767172458.938238,1,-1,-141
1767172458.948238,3,-4,-139
1767172458.958238,2,-1,-138
1767172458.968238,5,1,-147
1767172458.978238,3,0,-152
1767172458.988238,0,-5,-140
1767172458.998238,-1,0,-139
1767172459.008238,-1,1,-138
1767172459.018238,0,-2,-140
1767172459.028238,3,-3,-138
1767172459.038238,2,-3,-137
1767172459.048238,0,-2,-138
1767172459.0582385,0,-2,-137
1767172459.0682385,-2,-5,-134
1767172459.0782382,-1,-6,-135
1767172459.0882382,2,-5,-141
1767172459.0982382,-1,0,-146
1767172459.1082382,-1,-2,-143
1767172459.1182382,1,0,-149
1767172459.1282382,0,0,-147
1767172459.1382382,-4,0,-141
1767172459.1482382,-2,-1,-135
1767172459.1582382,0,-3,-140
1767172459.1682382,4,-4,-143
1767172459.1782382,5,-1,-144
1767172459.188238,2,2,-139
1767172459.198238,-1,4,-135
1767172459.208238,-6,3,-136
1767172459.218238,-4,0,-132
1767172459.228238,-3,-3,-136
1767172459.238238,-1,2,-140
1767172459.248238,-2,5,-137
1767172459.258238,-2,4,-142
1767172459.268238,3,2,-142
1767172459.278238,4,2,-135
1767172459.288238,0,0,-139
1767172459.298238,-1,-2,-141
1767172459.3082385,-1,-1,-153
1767172459.3182385,-4,-2,-147
1767172459.3282382,-5,0,-138
1767172459.3382382,-1,1,-138
1767172459.3482382,1,-2,-134
1767172459.3582382,1,-4,-129
1767172459.3682382,-1,-4,-132
1767172459.3782382,-5,-4,-136
1767172459.3882382,-2,0,-145
1767172459.3982382,-5,1,-147
1767172459.4082382,-9,-1,-139
1767172459.4182382,-8,-3,-140
1767172459.4282382,-6,-3,-142
1767172459.438238,0,-2,-147
1767172459.448238,0,1,-141
1767172459.458238,-2,-1,-135
1767172459.468238,-2,1,-143
1767172459.478238,-6,3,-142
1767172459.488238,-5,1,-136
1767172459.498238,0,0,-137
1767172459.508238,-1,-1,-139
1767172459.518238,-3,-2,-147
1767172459.528238,-2,-5,-143
1767172459.538238,-2,-5,-142
1767172459.548238,4,-5,-141
1767172459.5582385,0,-4,-140
1767172459.5682385,-1,-2,-141
1767172459.5782382,-4,0,-144
1767172459.5882382,-5,1,-141
1767172459.5982382,-2,-2,-135
1767172459.6082382,-4,-2,-134
1767172459.6182382,-4,-1,-132
1767172459.6282382,-5,-1,-138
1767172459.6382382,1,2,-139
1767172459.6482382,4,-3,-136
1767172459.6582382,6,-8,-135
1767172459.6682382,7,-5,-138
1767172459.6782382,2,-5,-140
1767172459.688238,0,-1,-139
1767172459.698238,1,-1,-141
1767172459.708238,2,-7,-138
1767172459.718238,3,-7,-138
1767172459.728238,2,-4,-137
1767172459.738238,1,-5,-132
1767172459.748238,0,-7,-137
1767172459.758238,-1,-3,-140
1767172459.768238,2,0,-146
1767172459.778238,5,3,-146
1767172459.788238,0,4,-149
1767172459.798238,-1,5,-150
1767172459.8082385,0,7,-143
1767172459.8182385,5,6,-145
1767172459.8282382,6,5,-147
1767172459.8382382,3,1,-140
1767172459.8482382,0,5,-142
1767172459.8582382,-9,5,-143
1767172459.8682382,-2,4,-144
1767172459.8782382,-2,1,-139
1767172459.8882382,-4,-3,-137
1767172459.8982382,-4,-1,-142
1767172459.9082382,0,-1,-146
1767172459.9182382,0,-1,-146
1767172459.9282382,2,1,-150
1767172459.938238,1,2,-143
1767172459.948238,-5,3,-136
1767172459.958238,-5,2,-134
1767172459.968238,-5,0,-142
1767172459.978238,0,-2,-142
1767172459.988238,-2,0,-145
1767172459.998238,0,-1,-149
1767172460.008238,2,-2,-150
1767172460.018238,2,1,-147
1767172460.028238,0,1,-150
1767172460.038238,3,-1,-151
1767172460.048238,1,-5,-154
1767172460.0582385,-2,-3,-144
1767172460.0682385,-4,-2,-135
1767172460.0782382,-7,-1,-139
1767172460.0882382,-6,0,-142
1767172460.0982382,-4,-2,-138
1767172460.1082382,-9,-2,-130
1767172460.1182382,-8,-8,-127
1767172460.1282382,-6,-8,-123
1767172460.1382382,0,-3,-127
1767172460.1482382,2,-6,-131
1767172460.1582382,7,-1,-131
1767172460.1682382,4,1,-131
1767172460.1782382,1,0,-135
1767172460.188238,-2,0,-142
1767172460.198238,-4,-4,-143
1767172460.208238,-6,0,-142
1767172460.218238,-11,3,-141
1767172460.228238,-5,1,-136
1767172460.238238,-5,0,-131
1767172460.248238,-3,-2,-131
1767172460.258238,-4,-5,-136
1767172460.268238,-5,-2,-137
1767172460.278238,-6,-3,-141
1767172460.288238,-3,0,-143
1767172460.298238,-2,-3,-146
1767172460.3082385,-2,-6,-151
1767172460.3182385,3,-4,-152
1767172460.3282382,3,-2,-155
1767172460.3382382,0,-1,-147
1767172460.3482382,0,-5,-144
1767172460.3582382,0,-5,-144
1767172460.3682382,-2,-9,-144
1767172460.3782382,2,-8,-144
1767172460.3882382,3,-9,-145
1767172460.3982382,5,-8,-138
1767172460.4082382,2,-6,-139
1767172460.4182382,0,-8,-133
1767172460.4282382,0,-9,-134
1767172460.438238,0,-8,-138
1767172460.448238,4,-5,-136
1767172460.458238,0,-2,-137
1767172460.469238,0,-1,-131
1767172460.478238,0,0,-137
1767172460.488238,-3,0,-137
1767172460.498238,-4,-1,-135
1767172460.508238,-7,0,-139
1767172460.5192382,-8,-2,-137
1767172460.5292382,-4,-5,-137
1767172460.5392382,0,-3,-138
1767172460.5492382,1,2,-142
1767172460.5592382,2,5,-140
1767172460.5692382,7,3,-137
1767172460.5792382,3,2,-141
1767172460.5892382,3,3,-136
1767172460.5992382,2,2,-133
1767172460.609238,0,1,-127
1767172460.619238,3,0,-133
1767172460.629238,5,0,-132
1767172460.639238,4,4,-131
1767172460.649238,0,5,-134
1767172460.659238,1,3,-137
1767172460.669238,0,0,-136
1767172460.679238,-2,1,-131
1767172460.689238,0,6,-129
1767172460.699238,0,8,-132
1767172460.709238,1,9,-137
1767172460.719238,0,3,-135
1767172460.7292385,2,1,-132
1767172460.7392385,0,1,-138
1767172460.7492385,0,-1,-143
1767172460.7592382,0,-3,-141
1767172460.7692382,0,-4,-139
1767172460.7792382,0,-6,-142
1767172460.7892382,0,-3,-146
1767172460.7992382,3,-1,-145
1767172460.8092382,2,-5,-141
1767172460.8192382,0,-4,-147
1767172460.8292382,0,-6,-145
1767172460.8392382,0,-2,-148
1767172460.8492382,0,-4,-147
1767172460.859238,-1,-6,-142
1767172460.869238,-5,-5,-143
1767172460.879238,-2,-2,-138
1767172460.889238,1,1,-135
1767172460.899238,-3,0,-129
1767172460.909238,-4,-1,-130
1767172460.919238,-1,1,-129
1767172460.929238,0,2,-123
1767172460.939238,0,6,-128
1767172460.949238,-4,3,-133
1767172460.959238,-3,0,-139
1767172460.969238,0,-2,-147
1767172460.9792385,0,0,-143
1767172460.9892385,1,0,-138
1767172460.9992385,-1,-4,-142
1767172461.0092382,-1,-1,-144
1767172461.0192382,-2,0,-143
1767172461.0292382,-2,4,-141
1767172461.0392382,-1,4,-141
1767172461.0492382,0,4,-142
1767172461.0592382,1,1,-145
1767172461.0692382,3,0,-143
1767172461.0792382,7,0,-140
1767172461.0892382,5,-1,-138
1767172461.0992382,3,0,-142
1767172461.109238,0,0,-148
1767172461.119238,-5,3,-150
1767172461.129238,-7,-1,-145
1767172461.139238,-3,-1,-142
1767172461.149238,1,0,-141
1767172461.159238,2,1,-138
1767172461.169238,3,4,-129
1767172461.179238,0,5,-129
1767172461.189238,-2,4,-134
1767172461.199238,-7,0,-137
1767172461.209238,-6,0,-135
1767172461.219238,-7,2,-141
1767172461.2292385,-8,0,-138
1767172461.2392385,-9,1,-138
1767172461.2492385,-6,3,-137
1767172461.2592382,-3,2,-139
1767172461.2692382,0,4,-137
1767172461.2792382,-4,5,-135
1767172461.2892382,-8,-1,-139
1767172461.2992382,-11,-3,-139
1767172461.3092382,-14,-4,-132
1767172461.3192382,-12,-3,-132
1767172461.3292382,-6,-3,-136
1767172461.3392382,-6,-4,-142
1767172461.3492382,-4,-3,-142
1767172461.359238,-3,-5,-143
1767172461.369238,-6,0,-140
1767172461.379238,-7,2,-142
1767172461.389238,-8,3,-140
1767172461.399238,-3,2,-148
1767172461.409238,-7,1,-146
1767172461.419238,-6,0,-144
1767172461.429238,-8,-2,-143
1767172461.439238,-2,0,-143
1767172461.449238,-4,1,-141
1767172461.459238,1,1,-137
1767172461.469238,2,0,-137
1767172461.4792385,3,0,-145
1767172461.4892385,4,-3,-148
1767172461.4992385,-1,-4,-141
1767172461.5092382,0,-4,-143
1767172461.5192382,1,-1,-141
1767172461.5292382,3,-1,-138
1767172461.5392382,4,-1,-142
1767172461.5492382,3,-3,-141
1767172461.5592382,7,-1,-148
1767172461.5692382,6,-4,-147
1767172461.5792382,6,-4,-147
1767172461.5892382,1,0,-141
1767172461.5992382,2,-1,-139
1767172461.609238,2,-3,-139
1767172461.619238,2,-6,-142
1767172461.629238,1,-5,-141
1767172461.639238,1,-7,-135
1767172461.649238,0,-7,-136
1767172461.659238,1,-7,-138
1767172461.669238,3,-4,-141
1767172461.679238,2,-6,-143
1767172461.689238,3,-7,-149
1767172461.699238,2,-4,-149
1767172461.709238,-1,0,-142
1767172461.719238,0,2,-135
1767172461.7292385,-5,5,-136
1767172461.7392385,0,6,-148
1767172461.7492385,-4,0,-150
1767172461.7592382,-2,0,-151
1767172461.7692382,-2,3,-152
1767172461.7792382,-2,0,-150
1767172461.7892382,-2,0,-146
1767172461.7992382,-3,1,-143
1767172461.8092382,-1,1,-139
1767172461.8192382,0,1,-137
1767172461.8292382,2,1,-134
1767172461.8392382,3,2,-143
1767172461.8492382,3,-1,-138
1767172461.859238,2,-1,-127
1767172461.869238,-3,-1,-128
1767172461.879238,-5,1,-136
1767172461.889238,-7,0,-138
1767172461.899238,-7,-2,-140
1767172461.909238,-3,-2,-137
1767172461.919238,-5,2,-137
1767172461.929238,-5,4,-135
1767172461.939238,-4,6,-137
1767172461.949238,0,3,-134
1767172461.959238,4,2,-137
1767172461.969238,4,-1,-139
1767172461.9792385,3,4,-140
1767172461.9892385,3,7,-145
1767172461.9992385,2,7,-140
1767172462.0092382,1,7,-142
1767172462.0192382,5,3,-143
1767172462.0292382,0,0,-142
1767172462.0392382,0,4,-144
1767172462.0492382,-2,0,-140
1767172462.0592382,-3,-2,-139
1767172462.0692382,-2,-1,-130
1767172462.0792382,-4,-2,-130
1767172462.0892382,-5,0,-131
1767172462.0992382,-2,2,-134
1767172462.109238,-3,0,-132
1767172462.119238,-6,-2,-129
1767172462.129238,-5,-9,-122
1767172462.139238,0,-6,-124
1767172462.149238,0,-8,-122
1767172462.159238,-1,-7,-119
1767172462.169238,0,-6,-120
1767172462.179238,0,-4,-127
1767172462.189238,3,-2,-130
1767172462.199238,1,-7,-136
1767172462.209238,-1,-7,-142
1767172462.219238,-1,0,-147
1767172462.2292385,5,2,-148
1767172462.2392385,2,3,-147
1767172462.2492385,1,-1,-145
1767172462.2592382,1,-1,-143
1767172462.2692382,1,0,-143
1767172462.2792382,3,0,-133
1767172462.2892382,4,0,-132
1767172462.2992382,2,3,-137
1767172462.3092382,4,2,-145
1767172462.3192382,3,0,-143
1767172462.3292382,0,-1,-147
1767172462.3392382,0,-1,-146
1767172462.3492382,2,-1,-140
1767172462.359238,2,0,-136
1767172462.369238,0,3,-130
1767172462.379238,2,2,-129
1767172462.389238,1,0,-131
1767172462.399238,3,0,-127
1767172462.409238,3,0,-135
1767172462.419238,1,2,-138
1767172462.429238,0,1,-138
1767172462.439238,1,0,-136
1767172462.449238,1,-1,-132
1767172462.459238,0,3,-129
1767172462.469238,1,3,-131
1767172462.4792385,0,0,-135
1767172462.4892385,-2,-4,-134
1767172462.4992385,-2,-9,-134
1767172462.5092382,0,-8,-133
1767172462.5192382,1,-7,-137
1767172462.5292382,0,-5,-134
1767172462.5392382,1,-4,-135
1767172462.5492382,0,-5,-138
1767172462.5592382,3,-5,-129
1767172462.5692382,5,-2,-132
1767172462.5792382,11,-2,-135
1767172462.5892382,10,-2,-132
1767172462.5992382,9,-1,-137
1767172462.609238,7,1,-143
1767172462.619238,3,-1,-141
1767172462.629238,0,0,-136
1767172462.639238,2,0,-134
1767172462.649238,2,-1,-130
1767172462.659238,0,-1,-129
1767172462.669238,0,-7,-126
1767172462.679238,2,-5,-130
1767172462.689238,4,-3,-131
1767172462.699238,0,-4,-140
1767172462.709238,0,-3,-140
1767172462.719238,1,-5,-136
1767172462.7292385,2,-3,-130
1767172462.7392385,8,-1,-127
1767172462.7492385,11,-1,-132
1767172462.7592382,15,-4,-132
1767172462.7692382,11,0,-138
1767172462.7792382,5,0,-139
1767172462.7892382,2,-2,-132
1767172462.7992382,1,0,-140
1767172462.8092382,0,0,-134
1767172462.8192382,0,0,-136
1767172462.8292382,-4,-4,-141
1767172462.8392382,-7,-1,-135
1767172462.8492382,-8,0,-136
1767172462.859238,-5,3,-139
1767172462.869238,-3,1,-143
1767172462.879238,-4,3,-144
1767172462.889238,-3,7,-140
1767172462.899238,-4,9,-140
1767172462.909238,-7,2,-135
1767172462.919238,-6,-1,-132
1767172462.929238,-7,0,-131
1767172462.939238,-6,-1,-129
1767172462.949238,-7,0,-133
1767172462.959238,-4,2,-134
1767172462.969238,0,0,-134
1767172462.9792385,5,-5,-143
1767172462.9892385,7,-2,-142
1767172462.9992385,6,4,-137
1767172463.0102382,6,2,-136
1767172463.0192382,2,2,-136
1767172463.0292382,0,-1,-137
1767172463.040238,2,-4,-141
1767172463.050238,4,-4,-141
1767172463.0592382,4,-1,-141
1767172463.070238,6,2,-143
1767172463.080238,2,-2,-142
1767172463.090238,3,0,-137
1767172463.100238,4,1,-139
1767172463.110238,4,0,-140
1767172463.120238,0,0,-141
1767172463.130238,0,-1,-137
1767172463.140238,-4,3,-135
1767172463.150238,-8,5,-135
1767172463.1602385,-6,3,-131
1767172463.1702385,-2,3,-133
1767172463.1802382,-2,0,-137
1767172463.1902382,-2,3,-135
1767172463.2002382,1,4,-136
1767172463.2102382,2,1,-137
1767172463.2202382,-1,0,-137
1767172463.2302382,-4,-2,-128
1767172463.2402382,0,-3,-126
1767172463.2502382,0,-2,-134
1767172463.2602382,0,0,-136
1767172463.2702382,-2,0,-139
1767172463.2802382,-3,0,-141
1767172463.290238,-6,1,-136
1767172463.300238,-4,1,-130
1767172463.310238,-7,0,-129
1767172463.320238,-8,-2,-127
1767172463.330238,-6,0,-129
1767172463.340238,-6,1,-132
1767172463.350238,-9,3,-134
1767172463.360238,-9,2,-136
1767172463.370238,-3,2,-144
1767172463.380238,-5,2,-143
1767172463.390238,-9,0,-138
1767172463.400238,-5,-5,-139
1767172463.4102385,-5,-1,-141
1767172463.4202385,-5,1,-139
1767172463.4302382,-3,0,-140
1767172463.4402382,-3,-5,-139
1767172463.4502382,-6,-9,-143
1767172463.4602382,-1,-8,-141
1767172463.4702382,-2,-8,-139
1767172463.492238,0,-9,-146
1767172463.5002382,1,-8,-150
1767172463.5102382,-2,-5,-147
1767172463.5202382,-5,-4,-149
1767172463.5302382,-4,-5,-157
1767172463.540238,-5,-4,-150
1767172463.550238,-10,-4,-151
1767172463.560238,-12,-2,-140
1767172463.570238,-6,-4,-140
1767172463.580238,-6,-5,-143
1767172463.590238,-9,-1,-148
1767172463.600238,-10,0,-146
1767172463.610238,-8,0,-148
1767172463.620238,-7,2,-138
1767172463.630238,-5,2,-135
1767172463.640238,-1,2,-131
1767172463.650238,0,0,-129
1767172463.6602385,4,1,-132
1767172463.6702385,3,-2,-140
1767172463.6802382,1,-7,-146
1767172463.6902382,0,-7,-145
1767172463.7002382,-1,-12,-147
1767172463.7102382,0,-12,-145
1767172463.7202382,0,-9,-146
1767172463.7302382,1,-3,-142
1767172463.7402382,-1,-4,-141
1767172463.7502382,0,-4,-146
1767172463.7602382,3,-2,-144
1767172463.7702382,6,-5,-146
1767172463.7802382,4,-2,-147
1767172463.790238,1,-5,-144
1767172463.800238,0,-4,-144
1767172463.810238,-2,-7,-137
1767172463.820238,0,-6,-139
1767172463.830238,0,-6,-138
1767172463.840238,0,-8,-140
1767172463.850238,-1,-5,-141
1767172463.860238,-2,-3,-146
1767172463.870238,-3,-6,-144
1767172463.880238,-2,-6,-144
1767172463.890238,3,-7,-146
1767172463.900238,2,-7,-149
1767172463.9102385,1,-5,-147
1767172463.9202385,4,-5,-149
1767172463.9302382,8,-3,-147
1767172463.9402382,3,-3,-140
1767172463.9502382,-1,-2,-138
1767172463.9602382,1,-4,-135
1767172463.9702382,1,-5,-131
1767172463.9802382,0,-4,-132
1767172463.9902382,1,0,-134
1767172464.0002382,0,0,-137
1767172464.0102382,-3,-2,-142
1767172464.0202382,-3,2,-142
1767172464.0302382,3,0,-143
1767172464.040238,1,-1,-143
1767172464.050238,1,-5,-144
1767172464.060238,3,-7,-136
1767172464.070238,0,-3,-138
1767172464.080238,-3,-2,-138
1767172464.090238,-4,-1,-136
1767172464.100238,-2,-1,-134
1767172464.110238,-2,-6,-136
1767172464.120238,1,-6,-138
1767172464.130238,2,-6,-133
1767172464.140238,0,-5,-136
1767172464.150238,6,-6,-134
1767172464.1602385,4,-5,-126
1767172464.1702385,-3,-2,-130
1767172464.1802382,-6,0,-131
1767172464.1902382,-9,-2,-133
1767172464.2002382,-7,-1,-133
1767172464.2102382,-2,0,-133
1767172464.2202382,-3,1,-135
1767172464.2302382,0,0,-134
1767172464.2402382,0,0,-137
1767172464.2502382,0,0,-140
1767172464.2602382,0,0,-135
1767172464.2702382,0,2,-129
1767172464.2802382,-1,-1,-136
1767172464.290238,-5,2,-142
1767172464.300238,-5,-1,-143
1767172464.310238,-6,-6,-137
1767172464.320238,-5,-4,-134
1767172464.330238,-4,-4,-136
1767172464.340238,-2,-4,-143
1767172464.350238,2,-4,-140
1767172464.360238,0,-2,-137
1767172464.370238,0,-6,-134
1767172464.380238,-1,-8,-139
1767172464.390238,0,-6,-147
1767172464.400238,-1,-9,-147
1767172464.4102385,-2,-10,-154
1767172464.4202385,3,-6,-150
1767172464.4302382,1,-6,-151
1767172464.4402382,1,0,-156
1767172464.4502382,1,1,-151
1767172464.4602382,2,2,-147
1767172464.4702382,6,0,-143
1767172464.4802382,3,-3,-146
1767172464.4902382,-3,0,-144
1767172464.5002382,0,0,-139
1767172464.5102382,2,0,-131
1767172464.5202382,5,2,-135
1767172464.5302382,8,0,-146
1767172464.540238,4,-1,-144
1767172464.550238,7,0,-143
1767172464.560238,9,4,-141
1767172464.570238,8,5,-143
1767172464.580238,6,3,-143
1767172464.590238,2,1,-141
1767172464.600238,1,3,-142
1767172464.610238,-1,1,-147
1767172464.620238,4,0,-138
1767172464.630238,5,1,-134
1767172464.640238,7,-2,-130
1767172464.650238,6,-8,-132
1767172464.6602385,0,-3,-139
1767172464.6702385,-3,-4,-133
1767172464.6802382,-1,0,-142
1767172464.6902382,0,2,-145
1767172464.7002382,0,-2,-135
1767172464.7102382,1,-7,-135
1767172464.7202382,1,-5,-136
1767172464.7302382,4,-1,-138
1767172464.7402382,4,-3,-149
1767172464.7502382,4,-4,-147
1767172464.7602382,4,-7,-142
1767172464.7702382,4,-1,-146
1767172464.7802382,3,-6,-148
1767172464.790238,0,-5,-147
1767172464.800238,0,-2,-142
1767172464.810238,2,0,-143
1767172464.820238,4,0,-143
1767172464.830238,4,0,-138
1767172464.840238,8,-3,-137
1767172464.850238,3,-3,-138
1767172464.860238,6,-1,-137
1767172464.870238,4,-1,-133
1767172464.880238,1,-5,-138
1767172464.890238,-1,-8,-142
1767172464.900238,-6,-7,-151
1767172464.9102385,-2,-6,-142
1767172464.9202385,0,-4,-143
1767172464.9302382,0,-5,-139
1767172464.9402382,0,-6,-137
1767172464.9502382,-1,-6,-139
1767172464.9602382,-6,-2,-143
1767172464.9702382,-3,-1,-142
1767172464.9802382,-4,-3,-141
1767172464.9902382,-5,-3,-131
1767172465.0002382,-6,-1,-128
1767172465.0102382,-2,0,-133
1767172465.0202382,1,-4,-138
1767172465.0302382,0,-1,-140
1767172465.040238,0,0,-137
1767172465.050238,2,3,-138
1767172465.060238,1,0,-140
1767172465.070238,2,-4,-138
1767172465.080238,-2,-2,-140
1767172465.090238,-2,-2,-141
1767172465.100238,0,0,-140
1767172465.110238,-1,0,-143
1767172465.120238,1,-1,-147
1767172465.130238,0,-5,-143
1767172465.140238,-1,-6,-139
1767172465.150238,-5,-8,-140
1767172465.1602385,0,-7,-142
1767172465.1702385,0,-4,-146
1767172465.1802382,4,0,-148
1767172465.1902382,-2,-1,-151
1767172465.2002382,-1,-1,-147
1767172465.2102382,-3,0,-135
1767172465.2202382,-5,-1,-138
1767172465.2302382,-5,-2,-138
1767172465.2402382,0,0,-137
1767172465.2502382,2,0,-137
1767172465.2602382,5,-3,-136
1767172465.2702382,6,-2,-133
1767172465.2802382,6,-6,-132
1767172465.290238,0,-8,-135
1767172465.300238,0,-4,-144
1767172465.310238,3,0,-141
1767172465.320238,5,-1,-146
1767172465.330238,2,0,-146
1767172465.340238,-1,0,-145
1767172465.350238,-2,0,-147
1767172465.360238,-1,-2,-137
1767172465.370238,6,0,-136
1767172465.380238,7,1,-144
1767172465.390238,9,0,-144
1767172465.400238,2,1,-142
1767172465.4102385,0,0,-139
1767172465.4202385,-1,-3,-135
1767172465.4302382,0,-4,-137
1767172465.4402382,2,-2,-134
1767172465.4502382,4,1,-134
1767172465.4602382,5,-2,-137
1767172465.4702382,8,-4,-136
1767172465.4802382,4,-1,-135
1767172465.4902382,4,-5,-136
1767172465.5002382,4,-4,-135
1767172465.5102382,5,-5,-135
1767172465.5202382,4,-1,-134
1767172465.5302382,6,0,-137
1767172465.540238,4,0,-141
1767172465.550238,2,0,-147
1767172465.560238,0,0,-144
1767172465.570238,0,0,-140
1767172465.580238,-3,0,-140
1767172465.5912385,-4,-2,-141
1767172465.600238,-2,1,-143
1767172465.6112382,-1,1,-142
1767172465.620238,-1,1,-141
1767172465.6312382,-3,0,-139
1767172465.6412382,-2,-1,-142
1767172465.6512382,-1,-2,-146
1767172465.6612382,0,-4,-143
1767172465.6712382,1,-5,-143
1767172465.6812382,3,-7,-147
1767172465.6912382,3,-5,-144
1767172465.7012382,4,-2,-143
1767172465.711238,3,-3,-137
1767172465.721238,4,-4,-144
1767172465.731238,3,-4,-147
1767172465.741238,4,0,-143
1767172465.751238,2,-2,-138
1767172465.761238,3,-1,-140
1767172465.771238,0,-2,-145
1767172465.781238,-3,-4,-148
1767172465.791238,-8,0,-146
1767172465.801238,-8,2,-141
1767172465.811238,-10,3,-141
1767172465.821238,-7,0,-141
1767172465.8312385,-4,0,-138
1767172465.8412385,-5,-2,-141
1767172465.8512385,-4,-3,-137
1767172465.8612382,-6,-3,-139
1767172465.8712382,-2,3,-141
1767172465.8812382,-5,5,-142
1767172465.8912382,-1,1,-139
1767172465.9012382,-3,-1,-141
1767172465.9112382,-4,-5,-137
1767172465.9212382,0,-11,-132
1767172465.9312382,5,-3,-134
1767172465.9412382,9,-1,-135
1767172465.9512382,8,-1,-137
1767172465.961238,2,0,-139
1767172465.971238,-1,5,-134
1767172465.981238,-2,4,-137
1767172465.991238,-2,2,-142
1767172466.001238,-3,-1,-140
1767172466.011238,-3,-1,-138
1767172466.021238,-3,0,-137
1767172466.031238,-2,3,-136
1767172466.041238,-2,-2,-133
1767172466.051238,-2,-1,-130
1767172466.061238,-2,-2,-128
1767172466.071238,0,-5,-131
1767172466.0812385,-4,-3,-132
1767172466.0912385,1,-1,-133
1767172466.1012385,-1,0,-136
1767172466.1112382,-2,-3,-139
1767172466.1212382,-5,-5,-141
1767172466.1312382,-5,-9,-143
1767172466.1412382,-6,-4,-144
1767172466.1512382,-7,-6,-140
1767172466.1612382,-7,-6,-142
1767172466.1712382,-5,-7,-136
1767172466.1812382,-4,-9,-136
1767172466.1912382,-7,-7,-138
1767172466.2012382,-3,-5,-139
1767172466.211238,-8,-2,-139
1767172466.221238,-11,2,-145
1767172466.231238,-7,1,-145
1767172466.241238,-7,2,-140
1767172466.251238,-9,4,-144
1767172466.261238,-6,3,-145
1767172466.271238,-6,5,-147
1767172466.281238,-7,3,-141
1767172466.291238,-5,0,-137
1767172466.301238,0,-1,-136
1767172466.311238,0,-1,-142
1767172466.321238,0,0,-139
1767172466.3312385,6,0,-136
1767172466.3412385,4,-1,-141
1767172466.3512385,1,2,-139
1767172466.3612382,0,2,-138
1767172466.3712382,-2,2,-143
1767172466.3812382,-1,0,-145
1767172466.3912382,2,0,-142
1767172466.4012382,2,1,-138
1767172466.4112382,-1,0,-135
1767172466.4212382,2,3,-140
1767172466.4312382,1,0,-146
1767172466.4412382,0,-1,-145
1767172466.4512382,-2,-2,-143
1767172466.461238,-6,-4,-137
1767172466.471238,-4,-4,-135
1767172466.481238,-3,-5,-138
1767172466.491238,-3,-5,-138
1767172466.501238,-5,-6,-140
1767172466.511238,-6,-5,-138
1767172466.521238,-6,0,-145
1767172466.531238,-7,-3,-144
1767172466.541238,-6,-3,-139
1767172466.551238,-6,-2,-137
1767172466.561238,-2,-4,-139
1767172466.571238,2,0,-137
1767172466.5812385,-1,-1,-139
1767172466.5912385,-4,-1,-137
1767172466.6012385,-2,-2,-134
1767172466.6112382,-2,-3,-135
1767172466.6212382,0,-3,-132
1767172466.6312382,2,0,-140
1767172466.6412382,3,-3,-139
1767172466.6512382,4,-6,-135
1767172466.6612382,2,-4,-133
1767172466.6712382,4,-6,-136
1767172466.6812382,2,-5,-137
1767172466.6912382,3,-5,-136
1767172466.7012382,6,-2,-141
1767172466.711238,6,-1,-147
1767172466.721238,7,-4,-144
1767172466.731238,4,-5,-140
1767172466.741238,1,-5,-141
1767172466.751238,3,-7,-138
1767172466.761238,1,-6,-144
1767172466.771238,-2,-8,-142
1767172466.781238,-5,-6,-149
1767172466.791238,-7,-4,-150
1767172466.801238,-9,-2,-142
1767172466.811238,-7,-1,-141
1767172466.821238,-3,0,-133
1767172466.8312385,0,2,-130
1767172466.8412385,0,1,-124
1767172466.8512385,3,-1,-119
1767172466.8612382,5,-4,-126
1767172466.8712382,5,-3,-129
1767172466.8812382,2,-5,-129
1767172466.8912382,1,0,-125
1767172466.9012382,0,2,-134
1767172466.9112382,-1,1,-144
1767172466.9212382,-2,0,-133
1767172466.9312382,0,0,-126
1767172466.9412382,0,1,-130
1767172466.9512382,0,-2,-129
1767172466.961238,0,-5,-129
1767172466.971238,-1,-2,-130
1767172466.981238,-6,-4,-131
1767172466.991238,-7,-7,-134
1767172467.001238,-8,-5,-134
1767172467.011238,-2,-5,-135
1767172467.021238,-1,-10,-133
1767172467.031238,-3,-8,-134
1767172467.041238,-3,-8,-141
1767172467.051238,-1,-7,-146
1767172467.061238,8,-7,-146
1767172467.071238,6,-2,-144
1767172467.0812385,4,-2,-143
1767172467.0912385,4,-4,-140
1767172467.1012385,4,0,-141
1767172467.1112382,1,-1,-143
1767172467.1212382,0,-1,-136
1767172467.1312382,0,0,-134
1767172467.1412382,0,3,-135
1767172467.1512382,-3,2,-134
1767172467.1612382,-6,4,-140
1767172467.1712382,-4,6,-140
1767172467.1812382,-5,0,-139
1767172467.1912382,-1,-1,-144
1767172467.2012382,0,-2,-141
1767172467.211238,1,-5,-137
1767172467.221238,1,-9,-136
1767172467.231238,7,-6,-138
1767172467.241238,2,-5,-136
1767172467.251238,1,-6,-133
1767172467.261238,-1,-5,-136
1767172467.271238,0,-2,-139
1767172467.281238,0,-4,-140
1767172467.291238,1,-4,-144
1767172467.301238,0,-3,-148
1767172467.311238,-1,-3,-148
1767172467.321238,3,-5,-145
1767172467.3312385,3,-1,-143
1767172467.3412385,6,-3,-142
1767172467.3512385,8,-3,-133
1767172467.3612382,6,-8,-134
1767172467.3712382,8,-2,-134
1767172467.3812382,12,1,-131
1767172467.3912382,15,0,-131
1767172467.4012382,8,-1,-133
1767172467.4112382,5,2,-138
1767172467.4212382,2,3,-146
1767172467.4312382,-1,-3,-142
1767172467.4412382,2,1,-140
1767172467.4512382,5,0,-132
1767172467.461238,4,0,-129
1767172467.471238,0,-4,-126
1767172467.481238,0,-8,-133
1767172467.491238,-3,-7,-141
1767172467.501238,-4,-9,-145
1767172467.511238,-3,-11,-150
1767172467.521238,1,-11,-151
1767172467.531238,1,-9,-150
1767172467.541238,0,-8,-150
1767172467.551238,3,-5,-148
1767172467.561238,3,-5,-143
1767172467.571238,1,-2,-140
1767172467.5812385,0,2,-132
1767172467.5912385,2,3,-133
1767172467.6012385,6,4,-134
1767172467.6112382,1,0,-138
1767172467.6212382,0,-1,-143
1767172467.6312382,0,-5,-139
1767172467.6412382,3,-4,-140
1767172467.6512382,5,-2,-143
1767172467.6612382,7,3,-142
1767172467.6712382,6,2,-150
1767172467.6812382,1,1,-154
1767172467.6912382,2,-4,-155
1767172467.7012382,2,-3,-151
1767172467.711238,0,-2,-148
1767172467.721238,-2,1,-145
1767172467.731238,-2,-3,-138
1767172467.741238,-2,-8,-147
1767172467.751238,-6,-5,-149
1767172467.761238,-8,-7,-152
1767172467.771238,-8,-5,-148
1767172467.781238,-10,-5,-145
1767172467.791238,-13,1,-138
1767172467.801238,-9,0,-143
1767172467.811238,-10,3,-147
1767172467.821238,-10,2,-145
1767172467.8312385,-6,1,-149
1767172467.8412385,-2,0,-146
1767172467.8512385,0,0,-137
1767172467.8612382,0,-4,-133
1767172467.8712382,1,-1,-131
1767172467.8812382,1,-1,-133
1767172467.8912382,3,1,-135
1767172467.9012382,6,0,-144
1767172467.9112382,7,-4,-140
1767172467.9212382,3,-5,-143
1767172467.9312382,0,-5,-136
1767172467.9412382,-2,-7,-140
1767172467.9512382,1,-5,-136
1767172467.961238,2,-4,-135
1767172467.971238,1,-4,-134
1767172467.981238,3,-6,-137
1767172467.991238,2,-4,-144
1767172468.001238,1,-1,-143
1767172468.011238,5,0,-148
1767172468.021238,3,-1,-140
1767172468.031238,5,0,-137
1767172468.041238,8,0,-141
1767172468.051238,2,1,-140
1767172468.061238,3,5,-136
1767172468.071238,2,6,-142
1767172468.0812385,2,3,-141
1767172468.0912385,1,2,-148
1767172468.1012385,4,5,-141
1767172468.1112382,3,1,-136
1767172468.1212382,3,0,-148
1767172468.1312382,0,0,-146
1767172468.1412382,0,0,-146
1767172468.1512382,-1,-2,-142
1767172468.162238,0,0,-134
1767172468.172238,1,-3,-136
1767172468.182238,2,-4,-138
1767172468.192238,2,-1,-136
1767172468.202238,0,-5,-143
1767172468.212238,0,-9,-149
1767172468.222238,5,-3,-142
1767172468.232238,3,0,-143
1767172468.242238,7,3,-145
1767172468.252238,7,-4,-136
1767172468.2622385,3,-5,-135
1767172468.2722385,1,-2,-137
1767172468.2822382,-5,-2,-139
1767172468.2922382,-4,-2,-136
1767172468.3022382,-2,1,-132
1767172468.3122382,-4,4,-134
1767172468.3222382,-3,0,-137
1767172468.3322382,0,-3,-139
1767172468.3422382,1,-3,-140
1767172468.3522382,3,-4,-134
1767172468.3622382,0,-5,-137
1767172468.3722382,-3,-2,-135
1767172468.382238,-5,-4,-134
1767172468.392238,-3,-5,-139
1767172468.402238,0,-1,-139
1767172468.412238,1,-2,-139
1767172468.422238,-1,0,-143
1767172468.432238,3,-1,-142
1767172468.442238,3,0,-134
1767172468.452238,2,2,-134
1767172468.462238,0,1,-136
1767172468.472238,-1,0,-138
1767172468.482238,-1,1,-141
1767172468.5032382,0,-1,-140
1767172468.5122385,0,-1,-139
1767172468.5222385,0,-1,-132
1767172468.5322382,-1,-1,-137
1767172468.5422382,0,-4,-142
1767172468.5522382,-1,-4,-143
1767172468.5622382,-6,0,-146
1767172468.5722382,-6,1,-148
1767172468.5822382,-6,-2,-151
1767172468.5922382,-1,2,-151
1767172468.6022382,0,5,-146
1767172468.6122382,-2,4,-139
1767172468.6222382,-3,8,-135
1767172468.632238,0,6,-138
1767172468.642238,-1,0,-148
1767172468.652238,-2,0,-145
1767172468.662238,-2,3,-145
1767172468.672238,-1,3,-144
1767172468.682238,1,2,-140
1767172468.692238,5,0,-134
1767172468.702238,4,-2,-140
1767172468.712238,7,-6,-142
1767172468.722238,5,-3,-141
1767172468.732238,1,2,-138
1767172468.742238,4,1,-139
1767172468.752238,5,-1,-140
1767172468.7622385,3,0,-148
1767172468.7722385,0,1,-150
1767172468.7822382,-2,3,-147
1767172468.7922382,-1,4,-144
1767172468.8022382,0,1,-147
1767172468.8122382,2,1,-141
1767172468.8222382,0,-1,-141
1767172468.8322382,2,-2,-135
1767172468.8422382,2,-5,-136
1767172468.8522382,0,-3,-138
1767172468.8622382,4,-1,-139
1767172468.8722382,0,-1,-134
1767172468.882238,1,-2,-130
1767172468.892238,4,-2,-138
1767172468.902238,4,0,-138
1767172468.912238,8,0,-137
1767172468.922238,7,3,-135
1767172468.932238,5,0,-137
1767172468.942238,9,0,-138
1767172468.952238,5,-3,-146
1767172468.962238,0,-3,-141
1767172468.972238,0,1,-141
1767172468.982238,2,0,-133
1767172468.992238,4,-5,-133
1767172469.002238,5,-5,-130
1767172469.0122385,3,-2,-130
1767172469.0222385,3,0,-132
1767172469.0322382,6,-1,-139
1767172469.0422382,5,-2,-146
1767172469.0522382,4,-4,-147
1767172469.0622382,-1,-6,-148
1767172469.0722382,-1,-3,-148
1767172469.0822382,-5,-1,-143
1767172469.0922382,-3,-2,-144
1767172469.1022382,-1,0,-143
1767172469.1122382,-1,1,-151
1767172469.1222382,0,1,-150
1767172469.132238,3,2,-148
1767172469.142238,3,-3,-148
1767172469.152238,5,-2,-143
1767172469.162238,1,-2,-145
1767172469.172238,0,-4,-137
1767172469.182238,7,-6,-142
1767172469.192238,5,-4,-143
1767172469.202238,4,-3,-141
1767172469.212238,1,0,-147
1767172469.222238,-2,-1,-142
1767172469.232238,0,-4,-142
1767172469.242238,5,-3,-145
1767172469.252238,4,-4,-136
1767172469.2622385,6,-6,-143
1767172469.2722385,2,-4,-139
1767172469.2822382,3,-5,-134
1767172469.2922382,0,-1,-138
1767172469.3022382,0,2,-132
1767172469.3122382,2,0,-138
1767172469.3222382,4,0,-146
1767172469.3322382,4,-2,-141
1767172469.3422382,4,2,-142
1767172469.3522382,-3,0,-137
1767172469.3622382,-4,1,-145
1767172469.3722382,-5,2,-154
1767172469.382238,-3,0,-150
1767172469.392238,-5,-2,-143
1767172469.402238,-4,1,-140
1767172469.412238,0,5,-134
1767172469.422238,3,4,-133
1767172469.432238,7,1,-135
1767172469.442238,5,0,-138
1767172469.452238,2,0,-138
1767172469.462238,-1,-3,-138
1767172469.472238,-3,0,-138
1767172469.482238,-5,0,-138
1767172469.492238,-3,1,-142
1767172469.502238,-5,2,-142
1767172469.5122385,-3,2,-134
1767172469.5222385,-1,-1,-127
1767172469.5322382,-1,0,-128
1767172469.5422382,-1,-1,-140
1767172469.5522382,0,2,-142
1767172469.5622382,0,0,-141
1767172469.5722382,2,0,-139
1767172469.5822382,6,-3,-141
1767172469.5922382,6,-3,-140
1767172469.6022382,8,-2,-135
1767172469.6122382,6,-3,-134
1767172469.6222382,2,-3,-136
1767172469.632238,-2,-1,-134
1767172469.642238,-4,0,-137
1767172469.652238,2,-1,-142
1767172469.662238,4,-1,-145
1767172469.672238,4,-9,-141
1767172469.682238,6,-11,-143
1767172469.692238,5,-7,-145
1767172469.702238,3,-1,-142
1767172469.712238,-6,-1,-141
1767172469.722238,-5,-5,-141
1767172469.732238,-4,-5,-139
1767172469.742238,0,-1,-138
1767172469.752238,0,-6,-134
1767172469.7622385,-1,-2,-134
1767172469.7722385,1,-6,-143
1767172469.7822382,2,-3,-136
1767172469.7922382,2,-6,-145
1767172469.8022382,4,-4,-142
1767172469.8122382,5,1,-134
1767172469.823238,4,5,-137
1767172469.8322382,7,4,-137
1767172469.8422382,4,1,-136
1767172469.8522382,4,0,-146
1767172469.8622382,2,-2,-145
1767172469.8722382,5,-1,-143
1767172469.882238,8,-5,-142
1767172469.892238,7,-7,-137
1767172469.902238,6,-2,-134
1767172469.912238,5,0,-133
1767172469.922238,6,1,-135
1767172469.932238,-1,2,-133
1767172469.942238,1,3,-134
1767172469.952238,0,7,-137
1767172469.962238,-2,4,-136
1767172469.972238,-3,7,-130
1767172469.982238,-6,6,-130
1767172469.992238,-5,10,-133
1767172470.002238,-1,7,-125
1767172470.0122385,2,4,-129
1767172470.0222385,2,3,-128
1767172470.0322382,0,5,-132
1767172470.0422382,-3,7,-132
1767172470.0522382,0,4,-135
1767172470.0622382,-4,7,-132
1767172470.0722382,-8,4,-132
1767172470.0822382,-6,6,-137
1767172470.0922382,-2,3,-138
1767172470.1022382,0,-1,-134
1767172470.1122382,-1,-1,-137
1767172470.1222382,-2,1,-130
1767172470.132238,-5,2,-128
1767172470.142238,-2,0,-129
1767172470.152238,0,-1,-129
1767172470.162238,0,-1,-127
1767172470.172238,4,-5,-128
1767172470.182238,8,-5,-132
1767172470.192238,8,-3,-132
1767172470.202238,5,-1,-130
1767172470.212238,1,0,-129
1767172470.222238,3,1,-124
1767172470.232238,7,0,-126
1767172470.242238,8,2,-129
1767172470.252238,2,0,-129
1767172470.2622385,1,0,-132
1767172470.2722385,0,-1,-137
1767172470.2822382,-3,2,-137
1767172470.2922382,-5,-1,-139
1767172470.3022382,-2,-1,-135
1767172470.3122382,-5,0,-133
1767172470.3222382,-7,0,-132
1767172470.3322382,-2,-1,-133
1767172470.3422382,0,-1,-132
1767172470.3522382,0,-3,-132
1767172470.3622382,3,-4,-134
1767172470.3722382,5,-7,-140
1767172470.382238,5,-5,-137
1767172470.392238,3,0,-137
1767172470.402238,0,3,-134
1767172470.412238,-4,2,-138
1767172470.422238,-3,1,-135
1767172470.432238,-5,-2,-131
1767172470.442238,-3,-1,-134
1767172470.452238,-2,0,-136
1767172470.462238,0,1,-135
1767172470.472238,2,2,-139
1767172470.482238,2,5,-139
1767172470.492238,3,6,-138
1767172470.502238,0,2,-134
1767172470.5122385,0,1,-134
1767172470.5222385,-4,0,-132
1767172470.5322382,-1,4,-129
1767172470.5422382,0,5,-130
1767172470.5522382,0,6,-133
1767172470.5622382,8,6,-130
1767172470.5722382,4,5,-135
1767172470.5822382,3,6,-134
1767172470.5922382,0,3,-135
1767172470.6022382,0,0,-136
1767172470.6122382,4,3,-137
1767172470.6222382,9,5,-137
1767172470.632238,6,0,-139
1767172470.642238,0,-2,-141
1767172470.652238,6,-4,-138
1767172470.662238,3,-3,-137
1767172470.672238,0,0,-142
1767172470.682238,0,1,-138
1767172470.692238,-1,1,-141
1767172470.7032382,0,3,-139
1767172470.712238,0,5,-141
1767172470.7232382,0,2,-139
1767172470.7332382,1,-3,-142
1767172470.742238,-1,-6,-140
1767172470.7532382,-1,-3,-129
1767172470.7632382,-7,0,-128
1767172470.7732382,-6,-2,-139
1767172470.7832382,-2,-2,-138
1767172470.7932382,0,-2,-137
1767172470.8032382,0,-3,-138
1767172470.813238,4,-4,-138
1767172470.823238,0,-4,-139
1767172470.833238,1,-3,-143
1767172470.843238,3,-7,-136
1767172470.853238,1,-3,-138
1767172470.863238,0,-2,-136
1767172470.873238,-1,-2,-135
1767172470.883238,-3,0,-130
1767172470.893238,-1,3,-130
1767172470.903238,-4,3,-127
1767172470.913238,-3,3,-129
1767172470.923238,-3,0,-130
1767172470.9332385,3,-1,-131
1767172470.9432385,0,-4,-124
1767172470.9532382,-2,-6,-118
1767172470.9632382,0,-7,-124
1767172470.9732382,-4,-2,-125
1767172470.9832382,-3,0,-129
1767172470.9932382,-5,1,-132
1767172471.0032382,-7,-1,-134
1767172471.0132382,-2,-6,-135
1767172471.0232382,-4,-10,-138
1767172471.0332382,-1,-11,-136
1767172471.0432382,-2,-10,-135
1767172471.0532382,1,-5,-147
1767172471.063238,3,-4,-143
1767172471.073238,4,-4,-139
1767172471.083238,3,-6,-135
1767172471.093238,0,-2,-134
1767172471.103238,0,-2,-140
1767172471.113238,-5,-4,-135
1767172471.123238,-4,-2,-134
1767172471.133238,-1,-5,-135
1767172471.143238,-6,-6,-145
1767172471.153238,-5,-9,-142
1767172471.163238,-8,-9,-141
1767172471.173238,-7,-4,-145
1767172471.1832385,-8,-2,-147
1767172471.1932385,-9,-4,-148
1767172471.2032382,-6,-5,-149
1767172471.2132382,-6,-7,-143
1767172471.2232382,-4,-6,-151
1767172471.2332382,-3,-2,-146
1767172471.2432382,-6,1,-147
1767172471.2532382,-5,7,-145
1767172471.2632382,0,6,-146
1767172471.2732382,0,6,-143
1767172471.2832382,2,0,-141
1767172471.2932382,1,-1,-145
1767172471.3032382,2,0,-146
1767172471.313238,0,-1,-142
1767172471.323238,3,-4,-141
1767172471.333238,1,-3,-145
1767172471.343238,-1,0,-151
1767172471.353238,0,0,-156
1767172471.363238,1,-3,-151
1767172471.373238,2,-4,-146
1767172471.383238,3,-6,-143
1767172471.393238,3,-4,-139
1767172471.403238,2,-2,-133
1767172471.413238,0,-1,-134
1767172471.423238,2,0,-139
1767172471.4332385,0,-1,-140
1767172471.4432385,1,-3,-139
1767172471.4532382,0,-2,-137
1767172471.4632382,0,0,-135
1767172471.4732382,-2,-3,-139
1767172471.4832382,2,0,-139
1767172471.4932382,4,1,-134
1767172471.5032382,3,0,-131
1767172471.5132382,5,2,-133
1767172471.5232382,2,2,-138
1767172471.5332382,-1,0,-139
1767172471.5432382,2,-6,-142
1767172471.5532382,3,-3,-145
1767172471.563238,4,-8,-146
1767172471.573238,9,-7,-142
1767172471.583238,3,-6,-141
1767172471.593238,2,-3,-145
1767172471.603238,3,-1,-148
1767172471.613238,0,-1,-148
1767172471.623238,1,-2,-148
1767172471.633238,2,-3,-131
1767172471.643238,0,-6,-128
1767172471.653238,5,0,-130
1767172471.663238,6,3,-137
1767172471.673238,8,2,-141
1767172471.6832385,5,4,-139
1767172471.6932385,7,3,-133
1767172471.7032382,5,2,-135
1767172471.7132382,3,2,-138
1767172471.7232382,5,4,-136
1767172471.7332382,1,3,-134
1767172471.7432382,-1,2,-139
1767172471.7532382,-3,2,-141
1767172471.7632382,-2,0,-134
1767172471.7732382,0,3,-129
1767172471.7832382,0,3,-131
1767172471.7932382,-1,1,-139
1767172471.8032382,0,-1,-140
1767172471.813238,1,2,-142
1767172471.823238,0,3,-138
1767172471.833238,3,0,-135
1767172471.843238,6,-2,-143
1767172471.853238,4,-1,-140
1767172471.863238,-2,-3,-139
1767172471.873238,-1,-3,-144
1767172471.883238,-1,-2,-143
1767172471.893238,0,-1,-137
1767172471.903238,-1,-3,-141
1767172471.913238,0,-1,-146
1767172471.923238,-3,-2,-142
1767172471.9332385,0,-3,-145
1767172471.9432385,-2,-6,-144
1767172471.9532382,-3,-5,-139
1767172471.9632382,1,-6,-139
1767172471.9732382,2,-3,-141
1767172471.9832382,4,-7,-143
1767172471.9932382,4,-7,-149
1767172472.0032382,6,-4,-148
1767172472.0132382,6,-6,-154
1767172472.0232382,5,-7,-149
1767172472.0332382,3,-7,-147
1767172472.0432382,0,-5,-143
1767172472.0532382,1,0,-138
1767172472.063238,3,0,-133
1767172472.073238,0,0,-134
1767172472.083238,0,-3,-139
1767172472.093238,0,-2,-140
1767172472.103238,0,-2,-139
1767172472.113238,1,-2,-134
1767172472.123238,-1,1,-137
1767172472.133238,-1,-1,-128
1767172472.143238,2,-3,-129
1767172472.153238,0,-5,-131
1767172472.163238,3,-2,-125
1767172472.173238,2,-2,-128
1767172472.1832385,6,-2,-131
1767172472.1932385,5,-2,-136
1767172472.2032382,1,0,-132
1767172472.2132382,-1,-4,-133
1767172472.2232382,-1,-5,-139
1767172472.2332382,-7,-2,-147
1767172472.2432382,-8,0,-147
1767172472.2532382,-10,4,-140
1767172472.2632382,-11,7,-142
1767172472.2732382,-7,9,-144
1767172472.2832382,-9,7,-141
1767172472.2932382,-11,5,-143
1767172472.3032382,-11,2,-142
1767172472.313238,-3,3,-141
1767172472.323238,-4,0,-143
1767172472.333238,-3,0,-147
1767172472.343238,0,-1,-150
1767172472.353238,0,-3,-148
1767172472.363238,5,-3,-144
1767172472.373238,6,1,-144
1767172472.383238,9,0,-141
1767172472.393238,3,0,-139
1767172472.403238,0,0,-142
1767172472.413238,-2,-1,-150
1767172472.423238,-1,1,-148
1767172472.4332385,1,-1,-143
1767172472.4432385,3,-3,-144
1767172472.4532382,1,-3,-145
1767172472.4632382,0,-2,-142
1767172472.4732382,0,-1,-140
1767172472.4832382,-2,-6,-141
1767172472.4932382,-2,-4,-139
1767172472.5032382,-5,-10,-141
1767172472.5132382,-2,-7,-139
1767172472.5232382,-1,-2,-138
1767172472.5332382,-2,-5,-129
1767172472.5432382,2,-5,-131
1767172472.5532382,4,-2,-128
1767172472.563238,1,-3,-134
1767172472.573238,3,0,-137
1767172472.583238,0,0,-138
1767172472.593238,0,-3,-135
1767172472.603238,0,-6,-134
1767172472.613238,0,-4,-137
1767172472.623238,1,-1,-142
1767172472.633238,3,-1,-151
1767172472.643238,2,-3,-149
1767172472.653238,2,-3,-154
1767172472.663238,4,-5,-154
1767172472.673238,6,-8,-153
1767172472.6832385,1,-5,-153
1767172472.6932385,0,-5,-149
1767172472.7032382,0,-4,-145
1767172472.7132382,-2,-7,-139
1767172472.7232382,-4,-8,-141
1767172472.7332382,-2,-8,-138
1767172472.7432382,-1,-11,-139
1767172472.7532382,-3,-8,-141
1767172472.7632382,-9,-7,-140
1767172472.7732382,-9,-8,-143
1767172472.7832382,-4,-5,-146
1767172472.7932382,-1,-3,-142
1767172472.8032382,0,0,-139
1767172472.813238,1,-1,-136
1767172472.823238,0,0,-137
1767172472.833238,1,-1,-135
1767172472.843238,4,-1,-136
1767172472.853238,3,-2,-130
1767172472.863238,4,-2,-126
1767172472.873238,0,0,-130
1767172472.883238,2,-3,-144
1767172472.893238,2,-1,-146
1767172472.903238,5,-1,-140
1767172472.913238,4,-3,-143
1767172472.923238,2,0,-139
1767172472.9332385,2,2,-135
1767172472.9432385,1,2,-136
1767172472.9532382,-3,1,-134
1767172472.9632382,-2,5,-135
1767172472.9732382,-4,7,-135
1767172472.9832382,-3,7,-134
1767172472.9932382,-3,4,-138
1767172473.0032382,-1,4,-142
1767172473.0132382,-2,1,-144
1767172473.0232382,0,3,-147
1767172473.0332382,-4,5,-148
1767172473.0432382,-2,4,-152
1767172473.0532382,1,3,-153
1767172473.063238,3,0,-153
1767172473.073238,4,0,-150
1767172473.083238,4,-4,-143
1767172473.093238,1,-3,-141
1767172473.103238,4,-7,-139
1767172473.113238,0,-1,-139
1767172473.123238,2,-3,-138
1767172473.133238,0,0,-145
1767172473.143238,-2,-2,-137
1767172473.153238,1,-3,-139
1767172473.163238,5,-3,-135
1767172473.173238,2,-5,-133
1767172473.1832385,0,-2,-133
1767172473.1932385,0,-3,-131
1767172473.2032382,-1,-1,-130
1767172473.2132382,0,-1,-127
1767172473.2232382,0,-4,-130
1767172473.2332382,0,-7,-131
1767172473.2432382,0,-8,-133
1767172473.2532382,2,-4,-136
1767172473.2632382,1,-3,-141
1767172473.2732382,3,-2,-146
1767172473.284238,6,-4,-136
1767172473.2932382,7,0,-134
1767172473.3032382,1,-8,-138
1767172473.314238,1,-10,-140
1767172473.324238,0,-5,-145
1767172473.334238,1,-4,-141
1767172473.344238,5,-2,-135
1767172473.3542385,10,1,-142
1767172473.3642385,8,1,-147
1767172473.3742385,4,-1,-146
1767172473.3842382,0,-1,-143
1767172473.3942382,-2,-1,-141
1767172473.4042382,1,-1,-142
1767172473.4142382,1,-4,-145
1767172473.4242382,0,-3,-141
1767172473.4342382,-1,-1,-139
1767172473.4442382,0,-6,-140
1767172473.4542382,-2,-3,-145
1767172473.4642382,0,0,-138
1767172473.4742382,-4,3,-144
1767172473.484238,-1,3,-144
1767172473.494238,0,1,-141
1767172473.515238,1,4,-145
1767172473.524238,0,1,-146
1767172473.534238,0,2,-141
1767172473.544238,0,1,-138
1767172473.554238,2,5,-137
1767172473.564238,0,2,-136
1767172473.574238,-3,-4,-133
1767172473.584238,-4,-3,-128
1767172473.594238,-5,0,-136
1767172473.6042385,-4,-2,-138
1767172473.6142385,-1,-2,-138
1767172473.6242385,-1,-2,-142
1767172473.6342382,0,-1,-148
1767172473.6442382,-3,0,-150
1767172473.6542382,0,1,-148
1767172473.6642382,0,4,-148
1767172473.6742382,-1,2,-146
1767172473.6842382,-4,3,-139
1767172473.6942382,-4,4,-144
1767172473.7042382,-4,-1,-144
1767172473.7142382,-2,-2,-147
1767172473.7242382,-4,-1,-144
1767172473.734238,-2,-1,-142
1767172473.744238,2,-3,-146
1767172473.754238,3,-3,-150
1767172473.764238,2,-2,-151
1767172473.774238,-4,-3,-142
1767172473.784238,-2,-4,-132
1767172473.794238,-1,-10,-132
1767172473.804238,0,-9,-137
1767172473.814238,1,-9,-137
1767172473.824238,0,-3,-135
1767172473.834238,-7,-10,-138
1767172473.844238,-2,-9,-137
1767172473.8542385,0,-5,-137
1767172473.8642385,3,-4,-139
1767172473.8742385,7,-4,-141
1767172473.8842382,0,-5,-139
1767172473.8942382,3,-5,-132
1767172473.9042382,3,0,-132
1767172473.9142382,-1,0,-140
1767172473.9242382,-2,-1,-140
1767172473.9342382,-3,-6,-134
1767172473.9442382,-4,-5,-130
1767172473.9542382,-5,-3,-132
1767172473.9642382,-1,-3,-131
1767172473.9742382,0,-7,-130
1767172473.984238,0,-4,-129
1767172473.994238,0,-5,-129
1767172474.004238,0,-8,-132
1767172474.014238,0,-6,-133
1767172474.024238,-6,-4,-131
1767172474.034238,-2,0,-127
1767172474.044238,-1,2,-126
1767172474.054238,-1,2,-131
1767172474.064238,2,4,-132
1767172474.074238,1,0,-138
1767172474.084238,0,-3,-135
1767172474.094238,2,-6,-140
1767172474.1042385,6,-7,-136
1767172474.1142385,3,-5,-142
1767172474.1242385,0,-6,-141
1767172474.1342382,0,-6,-142
1767172474.1442382,0,-2,-144
1767172474.1542382,2,1,-151
1767172474.1642382,3,3,-146
1767172474.1742382,-1,2,-151
1767172474.1842382,-3,0,-149
1767172474.1942382,-2,0,-148
1767172474.2042382,1,2,-143
1767172474.2142382,3,0,-145
1767172474.2242382,3,2,-144
1767172474.234238,1,0,-132
1767172474.244238,2,2,-133
1767172474.254238,3,4,-133
1767172474.264238,3,3,-137
1767172474.274238,3,0,-135
1767172474.284238,4,-2,-142
1767172474.294238,0,-1,-147
1767172474.304238,-4,-1,-143
1767172474.314238,-3,-4,-146
1767172474.324238,2,-8,-140
1767172474.334238,0,-7,-141
1767172474.344238,-3,-6,-141
1767172474.3542385,0,-6,-146
1767172474.3642385,2,-11,-141
1767172474.3742385,2,-9,-137
1767172474.3842382,-2,-13,-134
1767172474.3942382,-4,-10,-136
1767172474.4042382,-4,-10,-134
1767172474.4142382,-4,-10,-140
1767172474.4242382,-3,-4,-145
1767172474.4342382,-4,-2,-144
1767172474.4442382,-2,-4,-156
1767172474.4542382,-4,-5,-159
1767172474.4642382,-6,-2,-155
1767172474.4742382,-6,-3,-151
1767172474.484238,-9,-6,-148
1767172474.494238,-2,-6,-148
1767172474.504238,0,-2,-136
1767172474.514238,-1,2,-134
1767172474.524238,1,4,-130
1767172474.534238,0,0,-131
1767172474.544238,-1,1,-127
1767172474.554238,0,-2,-134
1767172474.564238,-2,0,-142
1767172474.574238,0,-1,-147
1767172474.584238,4,0,-146
1767172474.594238,4,2,-144
1767172474.6042385,2,2,-139
1767172474.6142385,2,-1,-141
1767172474.6242385,2,-4,-142
1767172474.6342382,1,-3,-146
1767172474.6442382,-1,-2,-141
1767172474.6542382,0,-3,-147
1767172474.6642382,0,-2,-147
1767172474.6742382,2,0,-147
1767172474.6842382,0,0,-136
1767172474.6942382,1,-3,-141
1767172474.7042382,1,-1,-138
1767172474.7142382,-2,0,-142
1767172474.7242382,-7,1,-144
1767172474.734238,-7,6,-141
1767172474.744238,-7,4,-137
1767172474.754238,-3,1,-143
1767172474.764238,-3,0,-137
1767172474.774238,0,-4,-138
1767172474.784238,4,-1,-139
1767172474.794238,5,-3,-143
1767172474.804238,5,-3,-143
1767172474.814238,3,-4,-142
1767172474.824238,0,0,-144
1767172474.834238,-1,2,-152
1767172474.844238,1,0,-147
1767172474.8542385,-2,2,-144
1767172474.8642385,-5,0,-147
1767172474.8742385,-3,0,-149
1767172474.8842382,2,-1,-143
1767172474.8942382,0,1,-146
1767172474.9042382,1,-4,-139
1767172474.9142382,3,-4,-132
1767172474.9242382,9,-5,-134
1767172474.9342382,8,-4,-143
1767172474.9442382,4,-5,-140
1767172474.9542382,4,-2,-138
1767172474.9642382,3,0,-137
1767172474.9742382,-2,0,-138
1767172474.984238,-4,-1,-142
1767172474.994238,-3,0,-143
1767172475.004238,-5,-4,-141
1767172475.014238,-4,-4,-142
1767172475.024238,-3,-3,-139
1767172475.034238,-3,-6,-138
1767172475.044238,0,-6,-138
1767172475.054238,0,-6,-141
1767172475.064238,-2,-5,-144
1767172475.074238,-2,-5,-149
1767172475.084238,-5,-8,-144
1767172475.094238,-3,-7,-146
1767172475.1042385,-2,-4,-135
1767172475.1142385,-8,0,-131
1767172475.1242385,-8,3,-131
1767172475.1342382,-5,-1,-134
1767172475.1442382,0,0,-136
1767172475.1542382,-3,-1,-131
1767172475.1642382,-3,-4,-131
1767172475.1742382,-3,0,-132
1767172475.1842382,1,0,-138
1767172475.1942382,0,-2,-135
1767172475.2042382,4,-3,-129
1767172475.2142382,4,-4,-128
1767172475.2242382,-1,-7,-137
1767172475.234238,0,-3,-141
1767172475.244238,0,-5,-140
1767172475.254238,-2,-2,-143
1767172475.264238,-2,-3,-143
1767172475.274238,-1,-3,-146
1767172475.284238,2,-2,-141
1767172475.294238,2,-5,-143
1767172475.304238,4,-5,-140
1767172475.314238,5,-2,-142
1767172475.324238,0,-4,-143
1767172475.334238,2,0,-140
1767172475.344238,2,-1,-147
1767172475.3542385,2,0,-151
1767172475.3642385,0,1,-155
1767172475.3742385,-2,0,-151
1767172475.3842382,0,-2,-153
1767172475.3942382,2,1,-154
1767172475.4042382,4,-2,-144
1767172475.4142382,0,0,-146
1767172475.4242382,-4,0,-143
1767172475.4342382,-5,1,-144
1767172475.4442382,-4,-5,-137
1767172475.4542382,-8,-1,-140
1767172475.4642382,-10,1,-138
1767172475.4742382,-9,2,-141
1767172475.484238,-8,-2,-135
1767172475.494238,-9,-3,-135
1767172475.504238,-7,-2,-133
1767172475.514238,-6,-2,-133
1767172475.524238,-4,-2,-131
1767172475.534238,-1,-5,-127
1767172475.544238,-2,-3,-126
1767172475.554238,-4,-3,-129
1767172475.564238,-6,0,-139
1767172475.574238,-6,-2,-143
1767172475.584238,-4,-4,-142
1767172475.594238,0,-6,-146
1767172475.6042385,-1,-8,-146
1767172475.6142385,0,-10,-146
1767172475.6242385,0,-8,-143
1767172475.6342382,3,-5,-136
1767172475.6442382,2,-3,-133
1767172475.6542382,0,-2,-138
1767172475.6642382,-1,0,-142
1767172475.6742382,-2,-2,-143
1767172475.6842382,-3,-2,-136
1767172475.6942382,-1,2,-133
1767172475.7042382,-3,4,-138
1767172475.7142382,-1,3,-138
1767172475.7242382,-2,2,-139
1767172475.734238,0,5,-142
1767172475.744238,2,4,-146
1767172475.754238,4,0,-139
1767172475.764238,4,-4,-135
1767172475.774238,3,-5,-139
1767172475.784238,6,-4,-142
1767172475.794238,5,0,-140
1767172475.804238,9,0,-136
1767172475.814238,6,3,-131
1767172475.824238,3,4,-130
1767172475.8352382,1,6,-134
1767172475.8452382,0,5,-135
1767172475.8542385,-1,2,-136
1767172475.8642385,0,1,-142
1767172475.8752382,0,0,-142
1767172475.8852382,2,0,-135
1767172475.8952382,4,0,-137
1767172475.9052382,3,5,-138
1767172475.915238,2,4,-139
1767172475.925238,3,2,-143
1767172475.935238,10,3,-138
1767172475.945238,8,5,-142
1767172475.955238,7,4,-141
1767172475.965238,9,0,-134
1767172475.975238,10,0,-134
1767172475.985238,5,-1,-135
1767172475.995238,6,-2,-136
1767172476.005238,6,0,-141
1767172476.015238,3,2,-140
1767172476.025238,4,1,-145
1767172476.0352385,1,2,-143
1767172476.0452385,-2,-1,-138
1767172476.0552382,-4,-2,-142
1767172476.0652382,-5,-1,-145
1767172476.0752382,-5,0,-139
1767172476.0852382,3,2,-142
1767172476.0952382,8,3,-148
1767172476.1052382,8,3,-145
1767172476.1152382,4,5,-143
1767172476.1252382,3,2,-148
1767172476.1352382,2,1,-148
1767172476.1452382,0,0,-146
1767172476.1552382,1,0,-147
1767172476.165238,3,1,-150
1767172476.175238,3,1,-150
1767172476.185238,2,3,-143
1767172476.195238,0,0,-135
1767172476.205238,0,0,-137
1767172476.215238,7,-1,-139
1767172476.225238,11,-2,-141
1767172476.235238,15,-5,-143
1767172476.245238,9,-5,-136
1767172476.255238,7,-7,-129
1767172476.265238,8,-4,-133
1767172476.275238,7,-5,-135
1767172476.2852385,9,-9,-136
1767172476.2952385,7,-8,-135
1767172476.3052382,4,-7,-135
1767172476.3152382,4,-4,-133
1767172476.3252382,8,-4,-135
1767172476.3352382,8,-4,-134
1767172476.3452382,6,-3,-144
1767172476.3552382,-2,-3,-146
1767172476.3652382,-2,-4,-144
1767172476.3752382,-1,-3,-138
1767172476.3852382,0,-4,-139
1767172476.3952382,3,-5,-136
1767172476.4052382,2,-6,-139
1767172476.415238,-1,-3,-142
1767172476.425238,3,0,-138
1767172476.435238,6,-2,-134
1767172476.445238,6,-1,-136
1767172476.455238,5,3,-138
1767172476.465238,-1,1,-146
1767172476.475238,-2,3,-142
1767172476.485238,0,7,-145
1767172476.495238,0,7,-142
1767172476.505238,0,0,-139
1767172476.515238,-1,-2,-138
1767172476.525238,0,0,-139
1767172476.5352385,2,0,-140
1767172476.5452385,0,-1,-133
1767172476.5552382,2,0,-136
1767172476.5652382,4,-1,-146
1767172476.5752382,5,-2,-146
1767172476.5852382,7,-3,-143
1767172476.5952382,7,-1,-144
1767172476.6052382,5,0,-144
1767172476.6152382,6,-2,-143
1767172476.6252382,4,-1,-138
1767172476.6352382,4,0,-132
1767172476.6452382,2,-2,-132
1767172476.6552382,1,-5,-134
1767172476.665238,2,-3,-135
1767172476.675238,9,0,-133
1767172476.685238,9,2,-138
1767172476.695238,5,1,-142
1767172476.705238,3,2,-141
1767172476.715238,1,0,-136
1767172476.725238,4,-5,-138
1767172476.735238,2,-7,-142
1767172476.745238,5,-9,-141
1767172476.755238,2,-5,-134
1767172476.765238,-2,-1,-129
1767172476.775238,-6,-2,-133
1767172476.7852385,-6,1,-134
1767172476.7952385,-2,2,-132
1767172476.8052382,-11,2,-135
1767172476.8152382,-11,0,-134
1767172476.8252382,-9,0,-134
1767172476.8352382,-9,-1,-137
1767172476.8452382,-6,-6,-136
1767172476.8552382,-3,-7,-136
1767172476.8652382,-6,-9,-132
1767172476.8752382,-4,-5,-137
1767172476.8852382,3,-3,-143
1767172476.8952382,0,-5,-140
1767172476.9052382,0,-4,-135
1767172476.915238,-5,-6,-128
1767172476.925238,-5,-3,-130
1767172476.935238,-3,-2,-136
1767172476.945238,-7,0,-134
1767172476.955238,-8,2,-145
1767172476.965238,-8,5,-148
1767172476.975238,0,4,-141
1767172476.985238,-1,-1,-132
1767172476.995238,-1,-4,-137
1767172477.005238,-3,-7,-142
1767172477.015238,0,-10,-141
1767172477.025238,1,-8,-131
1767172477.0352385,0,-4,-136
1767172477.0452385,-1,0,-141
1767172477.0552382,1,0,-141
1767172477.0652382,1,0,-143
1767172477.0752382,5,-3,-149
1767172477.0852382,2,-4,-150
1767172477.0952382,-1,-2,-143
1767172477.1052382,-2,-1,-144
1767172477.1152382,-3,-2,-150
1767172477.1252382,-4,0,-149
1767172477.1352382,-1,-1,-146
1767172477.1452382,0,0,-145
1767172477.1552382,-2,1,-143
1767172477.165238,-1,-2,-138
1767172477.175238,1,-5,-141
1767172477.185238,-2,-6,-142
1767172477.195238,-4,-4,-144
1767172477.205238,-4,-8,-141
1767172477.215238,0,-9,-139
1767172477.225238,0,-5,-138
1767172477.235238,0,-5,-133
1767172477.245238,-2,-1,-133
1767172477.255238,2,2,-140
1767172477.265238,4,2,-141
1767172477.275238,0,0,-135
1767172477.2852385,1,3,-130
1767172477.2952385,2,5,-123
1767172477.3052382,8,4,-127
1767172477.3152382,8,0,-133
1767172477.3252382,3,0,-134
1767172477.3352382,1,-2,-133
1767172477.3452382,3,-5,-135
1767172477.3552382,-1,-8,-138
1767172477.3652382,0,-4,-138
1767172477.3752382,0,-2,-137
1767172477.3852382,0,0,-140
1767172477.3952382,1,0,-136
1767172477.4052382,-1,2,-137
1767172477.415238,0,0,-135
1767172477.425238,-3,0,-131
1767172477.435238,0,-5,-138
1767172477.445238,0,-4,-140
1767172477.455238,0,-1,-141
1767172477.465238,4,-4,-142
1767172477.475238,5,-5,-141
1767172477.485238,2,-8,-135
1767172477.495238,0,-8,-141
1767172477.505238,0,-5,-143
1767172477.515238,-2,-6,-139
1767172477.525238,0,-6,-140
1767172477.5352385,-2,-8,-136
1767172477.5452385,-2,-7,-136
1767172477.5552382,3,-9,-141
1767172477.5652382,3,-7,-150
1767172477.5752382,6,-6,-149
1767172477.5852382,6,-6,-146
1767172477.5952382,4,-5,-144
1767172477.6052382,0,-2,-138
1767172477.6152382,-1,0,-133
1767172477.6252382,0,-2,-131
1767172477.6352382,4,2,-129
1767172477.6452382,1,-1,-137
1767172477.6552382,6,-1,-137
1767172477.665238,6,2,-135
1767172477.675238,1,3,-142
1767172477.685238,0,6,-149
1767172477.695238,0,3,-147
1767172477.705238,3,1,-145
1767172477.715238,5,0,-140
1767172477.725238,4,-3,-142
1767172477.735238,9,-3,-141
1767172477.745238,8,0,-147
1767172477.755238,7,-2,-145
1767172477.765238,3,-4,-145
1767172477.775238,0,-5,-148
1767172477.7852385,0,-5,-146
1767172477.7952385,0,-4,-142
1767172477.8052382,-3,-2,-143
1767172477.8152382,-7,0,-140
1767172477.8252382,-3,3,-131
1767172477.8352382,-2,2,-125
1767172477.8452382,-2,0,-126
1767172477.8552382,-1,-2,-131
1767172477.8652382,3,0,-128
1767172477.8752382,2,0,-127
1767172477.8852382,5,0,-123
1767172477.8952382,4,6,-134
1767172477.9052382,2,7,-140
1767172477.915238,2,2,-140
1767172477.925238,0,2,-134
1767172477.935238,3,1,-129
1767172477.945238,8,3,-134
1767172477.955238,4,2,-133
1767172477.965238,0,-1,-133
1767172477.975238,-5,-3,-129
1767172477.985238,-5,0,-134
1767172477.995238,-7,2,-135
1767172478.005238,-3,1,-132
1767172478.015238,-1,2,-135
1767172478.025238,-3,-1,-135
1767172478.0352385,-7,1,-136
1767172478.0452385,-8,0,-134
1767172478.0552382,-7,-3,-135
1767172478.0652382,-7,-2,-134
1767172478.0752382,-9,0,-135
1767172478.0852382,-5,0,-136
1767172478.0952382,-6,1,-130
1767172478.1052382,-6,-1,-135
1767172478.1152382,-7,-2,-131
1767172478.1252382,-7,-3,-129
1767172478.1352382,-7,-1,-134
1767172478.1452382,-9,-1,-134
1767172478.1552382,-7,-2,-136
1767172478.165238,-3,0,-138
1767172478.175238,-1,1,-140
1767172478.185238,0,4,-138
1767172478.195238,1,1,-141
1767172478.205238,4,0,-143
1767172478.215238,3,-4,-145
1767172478.225238,-1,0,-142
1767172478.235238,-5,0,-140
1767172478.245238,-5,-3,-138
1767172478.255238,-5,-1,-139
1767172478.265238,-2,-3,-139
1767172478.275238,0,0,-139
1767172478.2852385,2,0,-139
1767172478.2952385,0,-2,-149
1767172478.3052382,0,-1,-140
1767172478.3152382,-3,0,-140
1767172478.3252382,-3,-3,-144
1767172478.3352382,0,-7,-139
1767172478.3452382,-2,-7,-134
1767172478.3552382,-2,-4,-139
1767172478.3652382,0,-3,-143
1767172478.3752382,-3,-7,-144
1767172478.3852382,-4,-10,-150
1767172478.3952382,-4,-4,-150
1767172478.4052382,-3,-3,-147
1767172478.415238,0,-3,-138
1767172478.426238,-3,-1,-136
1767172478.435238,0,0,-143
1767172478.445238,0,0,-139
1767172478.455238,1,-4,-131
1767172478.4662385,3,-2,-132
1767172478.4762385,3,-5,-131
1767172478.485238,1,-5,-139
1767172478.4962382,3,-7,-131
1767172478.5062382,3,-8,-129
1767172478.528238,2,-3,-129
1767172478.5362382,-1,-1,-128
1767172478.5462382,0,0,-125
1767172478.5562382,2,-3,-126
1767172478.5662382,4,-5,-134
1767172478.5762382,2,-4,-140
1767172478.586238,0,-4,-134
1767172478.596238,-2,-3,-140
1767172478.606238,-1,-4,-144
1767172478.616238,-3,-2,-147
1767172478.626238,-3,-5,-146
1767172478.636238,0,-1,-147
1767172478.646238,0,-3,-147
1767172478.656238,-2,0,-142
1767172478.666238,0,1,-144
1767172478.676238,0,0,-147
1767172478.686238,3,0,-143
1767172478.696238,3,0,-143
1767172478.7062385,6,-2,-143
1767172478.7162385,4,-5,-140
1767172478.7262385,4,-5,-147
1767172478.7362382,2,-6,-145
1767172478.7462382,0,-3,-144
1767172478.7562382,1,-5,-137
1767172478.7662382,0,-8,-139
1767172478.7762382,-5,-8,-139
1767172478.7862382,-3,-4,-145
1767172478.7962382,3,-2,-139
1767172478.8062382,3,1,-134
1767172478.8162382,2,1,-131
1767172478.8262382,1,6,-134
1767172478.836238,1,11,-143
1767172478.846238,2,10,-144
1767172478.856238,0,7,-145
1767172478.866238,0,5,-142
1767172478.876238,-2,0,-140
1767172478.886238,-9,-3,-138
1767172478.896238,-7,-4,-135
1767172478.906238,-6,-1,-141
1767172478.916238,-4,-3,-139
1767172478.926238,-2,-1,-142
1767172478.936238,-5,-1,-137
1767172478.946238,-3,-4,-144
1767172478.9562385,-1,-5,-145
1767172478.9662385,1,-6,-148
1767172478.9762385,0,-2,-145
1767172478.9862382,0,-1,-140
1767172478.9962382,1,2,-134
1767172479.0062382,2,0,-130
1767172479.0162382,2,0,-141
1767172479.0262382,5,0,-151
1767172479.0362382,0,-1,-149
1767172479.0462382,0,-3,-145
1767172479.0562382,-1,-6,-136
1767172479.0662382,0,-5,-138
1767172479.0762382,0,-1,-139
1767172479.086238,0,-1,-141
1767172479.096238,0,1,-143
1767172479.106238,0,-1,-144
1767172479.116238,-1,-4,-149
1767172479.126238,-2,-1,-146
1767172479.136238,-2,-1,-135
1767172479.146238,0,-4,-133
1767172479.156238,0,-1,-125
1767172479.166238,0,-1,-125
1767172479.176238,0,2,-131
1767172479.186238,-5,3,-137
1767172479.196238,-1,1,-134
1767172479.2062385,0,1,-134
1767172479.2162385,-3,3,-134
1767172479.2262385,-3,0,-137
1767172479.2362382,-7,-1,-135
1767172479.2462382,0,-3,-135
1767172479.2562382,-3,-4,-129
1767172479.2662382,-4,-3,-128
1767172479.2762382,-4,-1,-132
1767172479.2862382,-1,-3,-135
1767172479.2962382,0,-6,-138
1767172479.3062382,0,-7,-136
1767172479.3162382,1,-10,-140
1767172479.3262382,1,-11,-144
1767172479.336238,-3,-4,-139
1767172479.346238,-4,0,-136
1767172479.356238,-3,1,-130
1767172479.366238,-6,1,-127
1767172479.376238,-7,2,-128
1767172479.386238,-6,0,-131
1767172479.396238,0,-2,-136
1767172479.406238,2,-2,-135
1767172479.416238,2,-2,-132
1767172479.426238,2,0,-130
1767172479.436238,2,0,-131
1767172479.446238,-2,-1,-132
1767172479.4562385,-4,-1,-133
1767172479.4662385,-6,-2,-138
1767172479.4762385,-5,-1,-141
1767172479.4862382,-6,0,-142
1767172479.4962382,-9,3,-140
1767172479.5062382,-4,3,-139
1767172479.5162382,-7,4,-145
1767172479.5262382,-2,6,-143
1767172479.5362382,2,2,-146
1767172479.5462382,5,1,-141
1767172479.5562382,6,-1,-138
1767172479.5662382,3,1,-145
1767172479.5762382,1,0,-147
1767172479.586238,-1,-1,-136
1767172479.596238,-1,1,-136
1767172479.606238,0,1,-138
1767172479.616238,0,2,-137
1767172479.626238,-2,-2,-142
1767172479.636238,-1,-2,-146
1767172479.646238,-4,-2,-151
1767172479.656238,-4,-9,-149
1767172479.666238,-3,-8,-145
1767172479.676238,1,-7,-146
1767172479.686238,-1,-8,-137
1767172479.696238,-6,-4,-138
1767172479.7062385,-2,-5,-135
1767172479.7162385,-5,-2,-141
1767172479.7262385,-10,1,-140
1767172479.7362382,-7,5,-140
1767172479.7462382,-6,4,-139
1767172479.7562382,-7,4,-139
1767172479.7662382,-6,4,-138
1767172479.7762382,-7,2,-137
1767172479.7862382,-6,-3,-139
1767172479.7962382,-6,-2,-137
1767172479.8062382,-4,0,-140
1767172479.8162382,-5,-1,-139
1767172479.8262382,-5,0,-139
1767172479.836238,-2,-3,-137
1767172479.846238,-5,-4,-139
1767172479.856238,-2,-1,-142
1767172479.866238,-2,2,-141
1767172479.876238,-3,0,-144
1767172479.886238,-9,0,-147
1767172479.896238,-4,-3,-146
1767172479.906238,0,-1,-140
1767172479.916238,-4,-1,-139
1767172479.926238,1,-1,-133
1767172479.936238,-2,-3,-129
1767172479.946238,-1,0,-131
1767172479.9562385,-4,2,-139
1767172479.9662385,-1,1,-144
1767172479.9762385,0,0,-147
1767172479.9862382,-1,0,-152
1767172479.9962382,-6,0,-152
1767172480.0062382,-9,-1,-152
1767172480.0162382,-1,-4,-148
1767172480.0262382,1,-5,-151
1767172480.0362382,0,-9,-145
1767172480.0462382,2,-6,-148
1767172480.0562382,-1,-2,-147
1767172480.0662382,3,0,-136
1767172480.0762382,0,1,-138
1767172480.086238,1,-3,-139
1767172480.096238,-1,-4,-135
1767172480.106238,-5,1,-141
1767172480.116238,2,0,-142
1767172480.126238,2,-5,-139
1767172480.136238,8,-2,-135
1767172480.146238,9,0,-139
1767172480.156238,6,0,-143
1767172480.166238,2,-4,-147
1767172480.176238,3,-2,-144
1767172480.186238,2,-1,-133
1767172480.196238,0,1,-132
1767172480.2062385,3,2,-140
1767172480.2162385,1,3,-142
1767172480.2262385,2,0,-139
1767172480.2362382,4,-1,-139
1767172480.2462382,3,-2,-142
1767172480.2562382,4,-2,-145
1767172480.2662382,4,-2,-144
1767172480.2762382,5,-4,-141
1767172480.2862382,5,-3,-138
1767172480.2962382,0,0,-137
1767172480.3062382,-3,0,-139
1767172480.3162382,0,-3,-133
1767172480.3262382,0,-4,-137
1767172480.336238,-1,-3,-146
1767172480.346238,-4,-3,-146
1767172480.356238,0,-5,-141
1767172480.366238,2,-5,-142
1767172480.376238,3,-4,-144
1767172480.386238,-1,-5,-141
1767172480.396238,0,0,-138
1767172480.406238,0,0,-137
1767172480.416238,1,0,-142
1767172480.426238,2,0,-142
1767172480.436238,4,-1,-144
1767172480.446238,2,-6,-143
1767172480.4562385,0,-1,-140
1767172480.4662385,-1,2,-138
1767172480.4762385,0,4,-140
1767172480.4862382,2,3,-136
1767172480.4962382,0,1,-138
1767172480.5062382,0,1,-144
1767172480.5162382,4,1,-150
1767172480.5262382,6,0,-144
1767172480.5362382,2,-2,-145
1767172480.5462382,0,-2,-139
1767172480.5562382,-2,-3,-139
1767172480.5662382,-4,-5,-137
1767172480.5762382,0,-3,-145
1767172480.586238,-1,-4,-154
1767172480.596238,0,-3,-144
1767172480.606238,1,-5,-141
1767172480.616238,-4,-7,-142
1767172480.626238,-4,-4,-136
1767172480.636238,-3,1,-139
1767172480.646238,0,0,-139
1767172480.656238,-2,0,-138
1767172480.666238,3,-1,-140
1767172480.676238,2,0,-144
1767172480.686238,3,1,-141
1767172480.696238,4,0,-147
1767172480.7062385,0,2,-140
1767172480.7162385,-4,3,-141
1767172480.7262385,-4,1,-142
1767172480.7362382,-3,0,-140
1767172480.7462382,-7,1,-137
1767172480.7562382,-7,1,-140
1767172480.7662382,-4,4,-138
1767172480.7762382,0,0,-136
1767172480.7862382,-1,-3,-134
1767172480.7962382,-5,-5,-127
1767172480.8062382,1,-7,-138
1767172480.8162382,0,-7,-143
1767172480.8262382,1,-6,-144
1767172480.836238,3,-4,-143
1767172480.846238,1,-1,-136
1767172480.856238,2,0,-134
1767172480.866238,2,0,-138
1767172480.876238,2,1,-147
1767172480.886238,3,0,-139
1767172480.896238,3,-1,-132
1767172480.906238,2,-2,-128
1767172480.916238,1,-6,-130
1767172480.926238,0,-3,-127
1767172480.936238,-1,0,-131
1767172480.946238,1,1,-137
1767172480.9562385,5,2,-133
1767172480.9672382,5,2,-135
1767172480.9772382,1,0,-139
1767172480.9872382,0,2,-139
1767172480.9962382,-5,-1,-143
1767172481.007238,-6,-1,-138
1767172481.017238,-7,0,-138
1767172481.027238,-6,-2,-147
1767172481.037238,-5,-3,-144
1767172481.047238,-5,-5,-144
1767172481.057238,-9,-7,-144
1767172481.067238,-6,-6,-142
1767172481.077238,-5,-4,-133
1767172481.087238,-10,-6,-133
1767172481.097238,-11,-7,-131
1767172481.107238,-13,-3,-131
1767172481.117238,-11,-4,-140
1767172481.127238,-8,-5,-132
1767172481.1372385,-5,-7,-136
1767172481.1472385,-4,-6,-134
1767172481.1572382,-2,-1,-140
1767172481.1672382,0,1,-147
1767172481.1772382,-2,0,-150
1767172481.1872382,2,-3,-139
1767172481.1972382,5,-4,-141
1767172481.2072382,6,0,-143
1767172481.2172382,3,2,-150
1767172481.2272382,7,2,-145
1767172481.2372382,11,0,-149
1767172481.2472382,13,1,-148
1767172481.257238,11,1,-148
1767172481.267238,6,-1,-150
1767172481.277238,7,-3,-139
1767172481.287238,2,-1,-134
1767172481.297238,3,1,-133
1767172481.307238,0,7,-141
1767172481.317238,-3,0,-138
1767172481.327238,-3,-2,-139
1767172481.337238,-3,-1,-144
1767172481.347238,-2,-2,-143
1767172481.357238,-2,-2,-141
1767172481.367238,-2,-5,-140
1767172481.377238,-3,0,-136
1767172481.3872385,-3,0,-143
1767172481.3972385,-1,-2,-144
1767172481.4072382,4,-1,-145
1767172481.4172382,7,1,-150
1767172481.4272382,7,0,-142
1767172481.4372382,6,0,-140
1767172481.4472382,5,0,-138
1767172481.4572382,0,1,-137
1767172481.4672382,8,4,-141
1767172481.4772382,8,5,-143
1767172481.4872382,7,7,-140
1767172481.4972382,5,2,-138
1767172481.507238,4,0,-136
1767172481.517238,4,6,-133
1767172481.527238,9,6,-139
1767172481.537238,8,3,-141
1767172481.547238,5,0,-144
1767172481.557238,-1,0,-147
1767172481.567238,2,-2,-148
1767172481.577238,0,-2,-141
1767172481.587238,2,-2,-136
1767172481.597238,-3,-3,-134
1767172481.607238,-3,-2,-136
1767172481.617238,3,-1,-137
1767172481.627238,2,0,-136
1767172481.6372385,2,0,-139
1767172481.6472385,1,1,-138
1767172481.6572382,0,2,-140
1767172481.6672382,2,0,-146
1767172481.6772382,0,0,-140
1767172481.6872382,1,-1,-133
1767172481.6972382,0,-2,-130
1767172481.7072382,0,-4,-129
1767172481.7172382,0,-4,-130
1767172481.7272382,1,-1,-134
1767172481.7372382,5,-1,-139
1767172481.7472382,5,-4,-137
1767172481.757238,6,-3,-136
1767172481.767238,1,-3,-137
1767172481.777238,3,-2,-135
1767172481.787238,5,-1,-138
1767172481.797238,0,-5,-136
1767172481.807238,-3,-5,-134
1767172481.817238,-6,-7,-131
1767172481.827238,-5,-6,-140
1767172481.837238,-2,-4,-145
1767172481.847238,-1,-4,-147
1767172481.857238,4,-7,-146
1767172481.867238,6,-5,-145
1767172481.877238,6,-2,-140
1767172481.8872385,4,6,-135
1767172481.8972385,1,9,-140
1767172481.9072382,0,4,-143
1767172481.9172382,-3,-1,-147
1767172481.9272382,-4,-4,-144
1767172481.9372382,-3,-5,-149
1767172481.9472382,0,-4,-151
1767172481.9572382,2,-6,-151
1767172481.9672382,-1,-4,-151
1767172481.9772382,-4,-3,-147
1767172481.9872382,-1,-1,-149
1767172481.9972382,1,-3,-144
1767172482.007238,3,-4,-142
1767172482.017238,6,-1,-142
1767172482.027238,4,-1,-146
1767172482.037238,3,0,-142
1767172482.047238,-2,2,-143
1767172482.057238,-6,0,-135
1767172482.067238,-4,1,-129
1767172482.077238,-3,5,-135
1767172482.087238,-3,1,-136
1767172482.097238,0,2,-136
1767172482.107238,-4,1,-140
1767172482.117238,-8,2,-137
1767172482.127238,-10,2,-136
1767172482.1372385,-10,2,-146
1767172482.1472385,-8,0,-142
1767172482.1572382,-6,0,-139
1767172482.1672382,-6,-2,-138
1767172482.1772382,-6,-3,-139
1767172482.1872382,-5,-1,-137
1767172482.1972382,-2,1,-134
1767172482.2072382,-3,-1,-136
1767172482.2172382,-1,-1,-140
1767172482.2272382,2,-3,-138
1767172482.2372382,1,-4,-136
1767172482.2472382,0,-5,-137
1767172482.257238,-1,-5,-136
1767172482.267238,-3,-9,-138
1767172482.277238,1,-9,-138
1767172482.287238,6,-4,-144
1767172482.297238,8,-4,-147
1767172482.307238,2,-4,-154
1767172482.317238,-2,-5,-144
1767172482.327238,-3,-6,-138
1767172482.337238,0,0,-141
1767172482.347238,-1,7,-138
1767172482.357238,6,12,-136
1767172482.367238,6,8,-140
1767172482.377238,4,4,-142
1767172482.3872385,1,2,-145
1767172482.3972385,2,1,-151
1767172482.4072382,0,3,-151
1767172482.4172382,1,1,-152
1767172482.4272382,-1,0,-150
1767172482.4372382,-2,0,-149
1767172482.4472382,2,2,-149
1767172482.4572382,0,2,-146
1767172482.4672382,2,-1,-141
1767172482.4772382,4,-3,-143
1767172482.4872382,2,-3,-140
1767172482.4972382,3,-3,-139
1767172482.507238,-6,0,-143
1767172482.517238,-5,-1,-140
1767172482.527238,-5,1,-143
1767172482.537238,-5,1,-144
1767172482.547238,-4,0,-141
1767172482.557238,-5,-1,-139
1767172482.567238,-1,1,-134
1767172482.577238,2,2,-131
1767172482.587238,4,2,-133
1767172482.597238,6,0,-135
1767172482.607238,6,1,-135
1767172482.617238,-1,1,-138
1767172482.627238,-3,1,-136
1767172482.6372385,2,3,-136
1767172482.6472385,3,-1,-139
1767172482.6572382,0,-2,-139
1767172482.6672382,0,-1,-138
1767172482.6772382,0,-5,-132
1767172482.6872382,-2,-6,-134
1767172482.6972382,-3,-6,-130
1767172482.7072382,0,-6,-128
1767172482.7172382,3,-6,-122
1767172482.7272382,4,-9,-123
1767172482.7372382,1,-6,-128
1767172482.7472382,0,-3,-125
1767172482.757238,-4,-4,-130
1767172482.767238,-3,-3,-127
1767172482.777238,-5,0,-124
1767172482.787238,-4,-2,-126
1767172482.797238,-6,-2,-125
1767172482.807238,-6,-3,-126
1767172482.817238,-4,-5,-128
1767172482.827238,-9,-5,-130
1767172482.837238,-8,0,-127
1767172482.847238,-11,-3,-129
1767172482.857238,-9,0,-131
1767172482.867238,-4,0,-134
1767172482.877238,0,0,-137
1767172482.8872385,3,0,-137
1767172482.8972385,8,3,-141
1767172482.9072382,8,4,-143
1767172482.9172382,6,-1,-135
1767172482.9272382,6,-2,-138
1767172482.9372382,5,1,-151
1767172482.9472382,3,-2,-150
1767172482.9572382,5,-2,-145
1767172482.9672382,9,-3,-140
1767172482.9772382,9,-2,-137
1767172482.9872382,8,-1,-136
1767172482.9972382,2,-2,-139
1767172483.007238,3,0,-136
1767172483.017238,4,-1,-133
1767172483.027238,3,1,-133
1767172483.037238,0,0,-128
1767172483.047238,3,-1,-124
1767172483.057238,6,-3,-132
1767172483.067238,2,-2,-127
1767172483.077238,6,-1,-131
1767172483.087238,7,1,-134
1767172483.097238,7,0,-132
1767172483.107238,5,0,-135
1767172483.117238,6,0,-139
1767172483.127238,3,-4,-141
1767172483.1372385,10,-9,-144
1767172483.1472385,9,-6,-145
1767172483.1572382,8,-1,-142
1767172483.1672382,4,1,-146
1767172483.1772382,7,3,-147
1767172483.1872382,3,3,-146
1767172483.1972382,0,0,-148
1767172483.2072382,0,5,-150
1767172483.2172382,-2,3,-154
1767172483.2272382,-3,3,-150
1767172483.2372382,-2,2,-142
1767172483.2472382,-3,0,-141
1767172483.257238,-4,1,-144
1767172483.267238,-5,5,-137
1767172483.277238,-7,6,-139
1767172483.287238,1,6,-136
1767172483.297238,5,3,-139
1767172483.307238,7,-1,-145
1767172483.317238,7,1,-141
1767172483.327238,5,0,-136
1767172483.337238,0,-4,-138
1767172483.347238,1,-5,-143
1767172483.357238,2,-8,-144
1767172483.367238,8,-4,-139
1767172483.377238,7,-4,-140
1767172483.3872385,5,-4,-143
1767172483.3972385,7,-6,-138
1767172483.4072382,10,-3,-136
1767172483.4172382,7,-3,-131
1767172483.4272382,9,-4,-134
1767172483.4372382,10,-5,-140
1767172483.4472382,3,-1,-142
1767172483.4572382,2,0,-146
1767172483.4672382,1,0,-148
1767172483.4772382,3,0,-154
1767172483.4872382,1,0,-151
1767172483.4972382,2,1,-148
1767172483.507238,9,0,-144
1767172483.518238,4,2,-140
1767172483.5392382,0,3,-141
1767172483.547238,-1,4,-140
1767172483.5582385,0,8,-137
1767172483.5682385,-4,10,-139
1767172483.5782382,-7,9,-148
1767172483.5882382,-7,8,-144
1767172483.5982382,-3,6,-142
1767172483.6082382,-2,0,-136
1767172483.6182382,-5,-2,-137
1767172483.627238,-8,-5,-133
1767172483.6382382,-8,-7,-129
1767172483.6482382,-6,-6,-140
1767172483.6582382,-1,-1,-143
1767172483.6682382,0,-3,-138
1767172483.6782382,0,-1,-135
1767172483.688238,-2,0,-139
1767172483.698238,-1,4,-138
1767172483.708238,-2,2,-141
1767172483.718238,-4,4,-139
1767172483.728238,-3,0,-136
1767172483.738238,1,1,-138
1767172483.748238,7,0,-134
1767172483.758238,3,4,-129
1767172483.768238,2,4,-130
1767172483.778238,4,0,-132
1767172483.788238,2,-3,-135
1767172483.798238,3,-1,-139
1767172483.8082385,6,0,-142
1767172483.8182385,9,3,-142
1767172483.8282382,5,0,-139
1767172483.8382382,-1,-4,-143
1767172483.8482382,-1,-8,-140
1767172483.8582382,3,-12,-137
1767172483.8682382,-1,-11,-138
1767172483.8782382,-3,-8,-138
1767172483.8882382,0,-9,-136
1767172483.8982382,0,-3,-147
1767172483.9082382,3,-3,-148
1767172483.9182382,0,-2,-145
1767172483.9282382,-2,-3,-134
1767172483.938238,-7,5,-131
1767172483.948238,-3,4,-137
1767172483.958238,-8,1,-133
1767172483.968238,-9,2,-138
1767172483.978238,-12,-1,-136
1767172483.988238,-6,-3,-132
1767172483.998238,-2,-4,-134
1767172484.008238,0,1,-135
1767172484.018238,2,3,-138
1767172484.028238,0,-1,-146
1767172484.038238,0,-3,-148
1767172484.048238,-2,-4,-145
1767172484.0582385,-1,-6,-143
1767172484.0682385,6,-4,-148
1767172484.0782382,10,-3,-142
1767172484.0882382,11,0,-137
1767172484.0982382,7,0,-144
1767172484.1082382,4,-2,-144
1767172484.1182382,4,1,-142
1767172484.1282382,7,0,-138
1767172484.1382382,9,-4,-138
1767172484.1482382,9,-5,-146
1767172484.1582382,4,-1,-147
1767172484.1682382,2,0,-145
1767172484.1782382,-1,0,-137
1767172484.188238,-1,-2,-143
1767172484.198238,-4,-4,-142
1767172484.208238,-1,-3,-143
1767172484.218238,2,-3,-145
1767172484.228238,0,-6,-142
1767172484.238238,0,-10,-148
1767172484.248238,-4,-11,-145
1767172484.258238,-8,-8,-148
1767172484.268238,-2,-6,-147
1767172484.278238,0,-5,-144
1767172484.288238,2,-1,-140
1767172484.298238,1,-2,-139
1767172484.3082385,-2,-7,-135
1767172484.3182385,1,-6,-138
1767172484.3282382,0,-7,-134
1767172484.3382382,2,-7,-137
1767172484.3482382,0,-7,-145
1767172484.3582382,-2,-7,-151
1767172484.3682382,-3,-3,-150
1767172484.3782382,0,-4,-147
1767172484.3882382,3,-4,-150
1767172484.3982382,-1,-5,-153
1767172484.4082382,1,-2,-154
1767172484.4182382,-1,2,-152
1767172484.4282382,0,2,-143
1767172484.438238,0,0,-140
1767172484.448238,-4,0,-139
1767172484.458238,-4,0,-141
1767172484.468238,-5,0,-137
1767172484.478238,-3,-1,-136
1767172484.488238,-3,-4,-130
1767172484.498238,0,-6,-125
1767172484.508238,0,-2,-126
1767172484.518238,0,-2,-126
1767172484.528238,-2,-5,-128
1767172484.538238,-4,-3,-128
1767172484.548238,-3,-3,-130
1767172484.5582385,-1,0,-137
1767172484.5682385,-2,-1,-145
1767172484.5782382,-1,0,-148
1767172484.5882382,-4,-4,-152
1767172484.5982382,-2,-7,-152
1767172484.6082382,4,-9,-144
1767172484.6182382,2,-4,-138
1767172484.6282382,3,-3,-136
1767172484.6382382,7,0,-142
1767172484.6482382,2,-3,-140
1767172484.6582382,1,-5,-139
1767172484.6682382,1,0,-143
1767172484.6782382,2,0,-145
1767172484.688238,-4,0,-144
1767172484.698238,0,5,-138
1767172484.708238,4,6,-132
1767172484.718238,4,1,-132
1767172484.728238,0,0,-135
1767172484.738238,-3,0,-134
1767172484.748238,-5,-4,-144
1767172484.758238,-3,-8,-142
1767172484.768238,-3,-9,-144
1767172484.778238,-6,-8,-137
1767172484.788238,-6,-3,-128
1767172484.798238,-3,-2,-129
1767172484.8082385,-2,-1,-128
1767172484.8182385,0,-3,-132
1767172484.8282382,0,-1,-136
1767172484.8382382,-1,-3,-146
1767172484.8482382,0,-1,-153
1767172484.8582382,-3,0,-150
1767172484.8682382,2,1,-152
1767172484.8782382,7,1,-151
1767172484.8882382,4,1,-142
1767172484.8982382,7,2,-142
1767172484.9082382,5,3,-136
1767172484.9182382,6,6,-131
1767172484.9282382,6,5,-130
1767172484.938238,0,6,-125
1767172484.948238,0,3,-124
1767172484.958238,2,0,-129
1767172484.968238,0,1,-133
1767172484.978238,-4,1,-131
1767172484.988238,-7,1,-129
1767172484.998238,-3,-3,-129
1767172485.008238,-3,-7,-132
1767172485.018238,-4,-3,-135
1767172485.028238,-3,-6,-133
1767172485.038238,-1,-5,-142
1767172485.048238,-4,-3,-138
1767172485.0582385,-4,2,-135
1767172485.0682385,-1,2,-134
1767172485.0782382,0,0,-136
1767172485.0882382,-1,0,-132
1767172485.0982382,2,-1,-137
1767172485.1082382,4,-2,-142
1767172485.1182382,-2,-6,-142
1767172485.1282382,0,-6,-139
1767172485.1382382,-5,-3,-139
1767172485.1482382,-4,-4,-137
1767172485.1582382,0,-2,-137
1767172485.1682382,5,-2,-137
1767172485.1782382,5,-3,-137
1767172485.188238,7,-4,-142
1767172485.198238,4,-6,-142
1767172485.208238,2,-1,-149
1767172485.218238,5,0,-149
1767172485.228238,7,3,-143
1767172485.238238,6,4,-140
1767172485.248238,7,4,-143
1767172485.258238,7,4,-143
1767172485.268238,0,-1,-141
1767172485.278238,-2,-5,-134
1767172485.288238,-3,-4,-138
1767172485.298238,-5,-4,-141
1767172485.3082385,-6,-2,-142
1767172485.3182385,-2,-1,-136
1767172485.3282382,0,-2,-136
1767172485.3382382,2,-2,-135
1767172485.3482382,0,0,-139
1767172485.3582382,2,0,-143
1767172485.3682382,3,-2,-142
1767172485.3782382,3,-7,-140
1767172485.3882382,-2,-7,-142
1767172485.3982382,-3,-7,-138
1767172485.4082382,-4,-7,-139
1767172485.4182382,-2,-5,-138
1767172485.4282382,-1,-5,-135
1767172485.438238,5,-2,-129
1767172485.448238,10,1,-134
1767172485.458238,8,3,-136
1767172485.468238,6,-2,-139
1767172485.478238,0,-3,-146
1767172485.488238,1,-2,-141
1767172485.498238,0,0,-137
1767172485.508238,-2,2,-136
1767172485.518238,-2,-1,-139
1767172485.528238,-4,3,-138
1767172485.538238,-5,3,-139
1767172485.548238,-1,3,-140
1767172485.5582385,0,-3,-137
1767172485.5682385,-3,-2,-133
1767172485.5782382,-6,0,-134
1767172485.5882382,-5,-2,-133
1767172485.5982382,-1,0,-135
1767172485.6082382,0,0,-138
1767172485.6182382,-3,-6,-138
1767172485.6282382,-5,-4,-138
1767172485.6382382,-3,0,-136
1767172485.6482382,-8,0,-141
1767172485.6582382,-7,2,-138
1767172485.6682382,-3,3,-140
1767172485.6782382,0,1,-145
1767172485.688238,-1,0,-140
1767172485.698238,0,0,-137
1767172485.708238,-2,2,-136
1767172485.718238,-4,0,-145
1767172485.728238,-3,0,-148
1767172485.738238,-1,0,-149
1767172485.748238,0,-1,-142
1767172485.758238,-5,-3,-138
1767172485.768238,-5,-4,-134
1767172485.778238,-1,-2,-130
1767172485.788238,-2,-4,-125
1767172485.798238,0,1,-131
1767172485.8082385,0,5,-135
1767172485.8182385,0,0,-133
1767172485.8282382,1,2,-137
1767172485.8382382,5,1,-137
1767172485.8482382,8,1,-135
1767172485.8582382,4,0,-134
1767172485.8682382,5,0,-136
1767172485.8782382,0,0,-138
1767172485.8882382,0,-4,-148
1767172485.8982382,-2,-4,-141
1767172485.9082382,-2,-2,-139
1767172485.9182382,0,-3,-136
1767172485.9282382,-1,-6,-139
1767172485.938238,-5,-5,-143
1767172485.948238,-2,-2,-141
1767172485.958238,0,-6,-140
1767172485.968238,1,-5,-136
1767172485.978238,1,-4,-139
1767172485.988238,-1,-6,-134
1767172485.998238,-4,0,-137
1767172486.008238,0,2,-135
1767172486.018238,0,2,-135
1767172486.028238,2,0,-133
1767172486.038238,0,0,-129
1767172486.048238,0,1,-135
1767172486.0582385,1,0,-135
1767172486.0682385,0,0,-133
1767172486.0782382,1,2,-132
1767172486.0892382,0,2,-134
1767172486.0982382,0,2,-133
1767172486.1082382,-3,3,-128
1767172486.119238,-5,4,-135
1767172486.129238,-3,0,-135
1767172486.139238,-2,0,-127
1767172486.149238,-1,0,-126
1767172486.159238,-3,0,-133
1767172486.169238,-7,0,-136
1767172486.179238,-4,0,-134
1767172486.189238,-4,0,-134
1767172486.199238,-3,0,-141
1767172486.209238,0,-5,-145
1767172486.219238,3,-2,-147
1767172486.2292385,4,-3,-146
1767172486.2392385,-1,-7,-145
1767172486.2492385,-3,-8,-142
1767172486.2592382,-3,-11,-142
1767172486.2692382,0,-9,-140
1767172486.2792382,2,-9,-136
1767172486.2892382,6,-4,-141
1767172486.2992382,5,-1,-142
1767172486.310238,0,4,-139
1767172486.3192382,7,-1,-138
1767172486.3292382,4,0,-139
1767172486.3392382,1,0,-142
1767172486.3492382,2,-4,-140
1767172486.359238,0,-3,-144
1767172486.369238,3,-2,-146
1767172486.379238,2,-2,-148
1767172486.389238,1,-1,-145
1767172486.399238,-4,0,-138
1767172486.409238,-2,1,-134
1767172486.419238,1,2,-132
1767172486.429238,0,0,-134
1767172486.439238,-1,1,-135
1767172486.449238,1,-1,-138
1767172486.459238,2,0,-133
1767172486.469238,0,3,-143
1767172486.4792385,0,4,-137
1767172486.4892385,-1,2,-141
1767172486.4992385,0,1,-147
1767172486.5092382,0,0,-140
1767172486.5192382,-2,-4,-141
1767172486.5292382,2,-2,-137
1767172486.5392382,2,-2,-139
1767172486.5492382,2,-2,-130
1767172486.5592382,2,0,-129
1767172486.5692382,-1,0,-134
1767172486.5792382,-2,-1,-138
1767172486.5892382,-6,-2,-141
1767172486.5992382,-7,-3,-138
1767172486.609238,-5,-1,-133
1767172486.619238,-3,0,-135
1767172486.629238,-5,-4,-140
1767172486.639238,-2,-4,-136
1767172486.649238,0,-6,-134
1767172486.659238,-2,-2,-133
1767172486.669238,-1,0,-137
1767172486.679238,0,0,-137
1767172486.689238,0,1,-138
1767172486.699238,2,3,-135
1767172486.709238,2,-1,-139
1767172486.719238,4,-4,-140
1767172486.7292385,6,-3,-139
1767172486.7392385,4,-5,-139
1767172486.7492385,0,-7,-140
1767172486.7592382,-3,-8,-144
1767172486.7692382,-7,-5,-138
1767172486.7792382,-4,-4,-135
1767172486.7892382,0,-8,-147
1767172486.7992382,3,-4,-150
1767172486.8092382,1,-1,-152
1767172486.8192382,5,0,-140
1767172486.8292382,7,-1,-139
1767172486.8392382,0,-1,-138
1767172486.8492382,-4,0,-142
1767172486.859238,-5,-4,-138
1767172486.869238,-3,-8,-140
1767172486.879238,-5,-8,-143
1767172486.889238,-2,-5,-149
1767172486.899238,-1,-3,-143
1767172486.909238,-3,2,-142
1767172486.919238,0,3,-145
1767172486.929238,4,1,-147
1767172486.939238,2,1,-142
1767172486.949238,0,5,-144
1767172486.959238,-1,9,-149
1767172486.969238,-3,5,-151
1767172486.9792385,0,4,-149
1767172486.9892385,2,3,-147
1767172486.9992385,4,1,-144
1767172487.0092382,3,1,-142
1767172487.0192382,3,5,-146
1767172487.0292382,-2,10,-143
1767172487.0392382,0,9,-144
1767172487.0492382,2,7,-144
1767172487.0592382,2,3,-151
1767172487.0692382,0,-2,-157
1767172487.0792382,0,-2,-151
1767172487.0892382,0,-1,-143
1767172487.0992382,-5,0,-138
1767172487.109238,-2,-1,-136
1767172487.119238,-1,-1,-139
1767172487.129238,-1,-2,-141
1767172487.139238,-2,0,-142
1767172487.149238,-3,2,-140
1767172487.159238,-6,1,-139
1767172487.169238,-4,0,-140
1767172487.179238,-4,-3,-136
1767172487.189238,-4,0,-133
1767172487.199238,-3,0,-133
1767172487.209238,0,-3,-130
1767172487.219238,1,-1,-128
1767172487.2292385,0,0,-132
1767172487.2392385,1,0,-132
1767172487.2492385,4,2,-126
1767172487.2592382,0,4,-127
1767172487.2692382,1,2,-131
1767172487.2792382,0,-3,-138
1767172487.2892382,-1,-3,-142
1767172487.2992382,0,-4,-143
1767172487.3092382,-4,-2,-141
1767172487.3192382,-4,-3,-145
1767172487.3292382,-5,0,-148
1767172487.3392382,0,-7,-145
1767172487.3492382,0,-6,-144
1767172487.359238,-2,-7,-144
1767172487.369238,-1,-7,-138
1767172487.379238,-1,-3,-136
1767172487.389238,-2,1,-139
1767172487.399238,-5,0,-144
1767172487.409238,-5,2,-143
1767172487.419238,-7,4,-141
1767172487.429238,-11,0,-138
1767172487.439238,-9,2,-137
1767172487.449238,-7,0,-129
1767172487.459238,-9,0,-129
1767172487.469238,-3,0,-131
1767172487.4792385,-1,0,-135
1767172487.4892385,-2,1,-126
1767172487.4992385,-3,3,-128
1767172487.5092382,-1,4,-135
1767172487.5192382,0,2,-134
1767172487.5292382,5,3,-139
1767172487.5392382,3,5,-144
1767172487.5492382,0,0,-144
1767172487.5592382,1,0,-142
1767172487.5692382,2,1,-137
1767172487.5792382,2,2,-140
1767172487.5892382,3,2,-144
1767172487.5992382,4,0,-149
1767172487.609238,5,-1,-148
1767172487.619238,3,1,-142
1767172487.629238,1,4,-139
1767172487.639238,0,3,-142
1767172487.649238,0,2,-144
1767172487.659238,-3,0,-145
1767172487.669238,0,0,-143
1767172487.679238,0,0,-139
1767172487.689238,2,-1,-137
1767172487.699238,2,-1,-142
1767172487.709238,1,-1,-140
1767172487.719238,5,-1,-137
1767172487.7292385,2,0,-136
1767172487.7392385,-1,0,-142
1767172487.7492385,0,-2,-140
1767172487.7592382,-2,0,-138
1767172487.7692382,0,0,-135
1767172487.7792382,6,3,-134
1767172487.7892382,8,0,-141
1767172487.7992382,2,-1,-144
1767172487.8092382,0,-1,-140
1767172487.8192382,2,-2,-141
1767172487.8292382,3,-4,-137
1767172487.8392382,0,-2,-140
1767172487.8492382,-1,-2,-138
1767172487.859238,0,-1,-142
1767172487.869238,0,-5,-136
1767172487.879238,-3,-5,-135
1767172487.889238,-1,-5,-133
1767172487.899238,-4,-6,-130
1767172487.909238,-1,-4,-128
1767172487.919238,-4,-4,-127
1767172487.929238,-3,-6,-136
1767172487.939238,0,-4,-139
1767172487.949238,2,-1,-137
1767172487.959238,0,-5,-137
1767172487.969238,-2,-3,-137
1767172487.9792385,-7,-1,-137
1767172487.9892385,-6,-1,-139
1767172487.9992385,-4,-2,-142
1767172488.0092382,-3,0,-143
1767172488.0192382,-3,1,-140
1767172488.0292382,2,2,-142
1767172488.0392382,-2,2,-136
1767172488.0492382,0,2,-144
1767172488.0592382,0,4,-143
1767172488.0692382,-2,0,-144
1767172488.0792382,-2,1,-143
1767172488.0892382,0,0,-139
1767172488.0992382,-2,-4,-140
1767172488.109238,-6,0,-146
1767172488.119238,-5,1,-145
1767172488.129238,0,2,-147
1767172488.139238,0,1,-148
1767172488.149238,-3,2,-149
1767172488.159238,0,1,-149
1767172488.169238,1,0,-144
1767172488.179238,2,1,-143
1767172488.189238,0,0,-144
1767172488.199238,1,0,-140
1767172488.209238,3,0,-143
1767172488.219238,4,1,-144
1767172488.2292385,7,0,-138
1767172488.2392385,1,-2,-137
1767172488.2492385,2,-1,-145
1767172488.2592382,6,4,-152
1767172488.2692382,0,1,-155
1767172488.2792382,-4,-3,-149
1767172488.2892382,-4,-5,-147
1767172488.2992382,0,-2,-145
1767172488.3092382,0,1,-146
1767172488.3192382,5,2,-147
1767172488.3292382,5,1,-146
1767172488.3392382,10,0,-149
1767172488.3492382,9,-3,-145
1767172488.359238,8,0,-143
1767172488.369238,7,0,-143
1767172488.379238,4,0,-145
1767172488.389238,1,2,-140
1767172488.399238,3,4,-142
1767172488.409238,1,1,-146
1767172488.419238,-1,0,-146
1767172488.429238,-4,0,-146
1767172488.439238,0,1,-141
1767172488.449238,1,5,-142
1767172488.459238,0,7,-143
1767172488.469238,4,4,-144
1767172488.4792385,2,4,-140
1767172488.4892385,2,5,-138
1767172488.4992385,2,1,-133
1767172488.5092382,1,0,-139
1767172488.5192382,1,-1,-143
1767172488.5292382,0,0,-146
1767172488.551238,-3,-1,-142
1767172488.5592382,-1,-3,-141
1767172488.5692382,-2,-3,-140
1767172488.5792382,-3,-3,-137
1767172488.5892382,-2,-4,-133
1767172488.5992382,-1,-9,-141
1767172488.609238,-1,-5,-145
1767172488.619238,-6,-4,-140
1767172488.629238,-4,-5,-138
1767172488.639238,0,-3,-139
1767172488.650238,0,-5,-130
1767172488.659238,1,-7,-133
1767172488.669238,0,-6,-137
1767172488.6802382,0,-7,-139
1767172488.6902382,-5,-9,-142
1767172488.699238,-5,-8,-139
1767172488.7102382,-9,-8,-139
1767172488.7202382,-6,-3,-141
1767172488.7302382,-5,0,-142
1767172488.7402382,-7,1,-140
1767172488.7502382,-4,2,-141
1767172488.7602382,1,4,-146
1767172488.7702382,4,1,-146
1767172488.7802382,0,-5,-146
1767172488.790238,-1,-6,-146
1767172488.800238,2,-6,-144
1767172488.810238,2,-4,-134
1767172488.820238,1,-5,-131
1767172488.830238,2,-5,-133
1767172488.840238,3,-5,-139
1767172488.850238,1,-4,-139
1767172488.860238,4,0,-139
1767172488.870238,4,-6,-137
1767172488.880238,3,-4,-143
1767172488.890238,1,-3,-141
1767172488.900238,4,-4,-133
1767172488.9102385,-1,-1,-140
1767172488.9202385,-2,-2,-138
1767172488.9302382,-5,0,-134
1767172488.9402382,-1,0,-138
1767172488.9502382,-3,-2,-142
1767172488.9602382,-1,-6,-145
1767172488.9702382,-4,-7,-140
1767172488.9802382,1,-4,-143
1767172488.9902382,1,-1,-146
1767172489.0002382,4,0,-139
1767172489.0102382,4,1,-135
1767172489.0202382,3,1,-136
1767172489.0302382,2,-4,-141
1767172489.040238,3,-7,-140
1767172489.050238,1,-6,-140
1767172489.060238,4,-6,-145
1767172489.070238,3,-4,-145
1767172489.080238,0,-8,-144
1767172489.090238,-2,-8,-138
1767172489.100238,-2,-9,-137
1767172489.110238,-1,-7,-138
1767172489.120238,0,-3,-142
1767172489.130238,-2,-1,-142
1767172489.140238,-7,-2,-145
1767172489.150238,-9,-3,-146
1767172489.1602385,-9,-4,-141
1767172489.1702385,-4,-6,-142
1767172489.1802382,-1,-7,-144
1767172489.1902382,0,-11,-148
1767172489.2002382,0,-13,-144
1767172489.2102382,3,-11,-140
1767172489.2202382,4,-11,-134
1767172489.2302382,4,-9,-137
1767172489.2402382,4,-8,-133
1767172489.2502382,7,-4,-131
1767172489.2602382,7,-4,-129
1767172489.2702382,-1,-5,-140
1767172489.2802382,0,-6,-138
1767172489.290238,3,-6,-142
1767172489.300238,-3,-2,-145
1767172489.310238,-5,-1,-146
1767172489.320238,0,-3,-142
1767172489.330238,-2,-3,-147
1767172489.340238,0,-2,-148
1767172489.350238,3,0,-144
1767172489.360238,6,0,-147
1767172489.370238,2,3,-140
1767172489.380238,0,1,-143
1767172489.390238,0,5,-146
1767172489.400238,-1,2,-143
1767172489.4102385,0,-2,-138
1767172489.4202385,0,0,-137
1767172489.4302382,-1,-1,-136
1767172489.4402382,0,-3,-127
1767172489.4502382,-1,-3,-128
1767172489.4602382,-1,-3,-132
1767172489.4702382,1,2,-137
1767172489.4802382,2,0,-139
1767172489.4902382,3,0,-145
1767172489.5002382,1,1,-144
1767172489.5102382,1,0,-138
1767172489.5202382,1,-1,-148
1767172489.5302382,2,-1,-149
1767172489.540238,3,0,-146
1767172489.550238,0,3,-147
1767172489.560238,-1,5,-148
1767172489.570238,-1,3,-146
1767172489.580238,0,7,-139
1767172489.590238,2,-2,-135
1767172489.600238,-3,-4,-132
1767172489.610238,-4,-2,-142
1767172489.620238,-4,-2,-145
1767172489.630238,0,0,-143
1767172489.640238,0,4,-151
1767172489.650238,-3,3,-148
1767172489.6602385,-3,4,-145
1767172489.6702385,-2,3,-142
1767172489.6802382,-6,-1,-140
1767172489.6902382,-3,0,-139
1767172489.7002382,-4,-3,-140
1767172489.7102382,-3,-3,-143
1767172489.7202382,-2,0,-138
1767172489.7302382,-1,3,-139
1767172489.7402382,0,0,-139
1767172489.7502382,-3,0,-140
1767172489.7602382,-7,-1,-144
1767172489.7702382,-9,-2,-142
1767172489.7802382,-11,-1,-134
1767172489.790238,-9,-4,-130
1767172489.800238,-3,-7,-135
1767172489.810238,-4,-12,-143
1767172489.820238,-1,-11,-137
1767172489.830238,-1,-6,-132
1767172489.840238,-5,-3,-139
1767172489.850238,-5,-2,-140
1767172489.860238,-6,-5,-140
1767172489.870238,-4,-2,-150
1767172489.880238,-9,0,-149
1767172489.890238,-7,-2,-154
1767172489.900238,1,-4,-157
1767172489.9102385,0,-1,-156
1767172489.9202385,-4,0,-145
1767172489.9302382,-4,-3,-136
1767172489.9402382,-4,-2,-130
1767172489.9502382,-5,-2,-138
1767172489.9602382,-1,0,-139
1767172489.9702382,-2,1,-136
1767172489.9802382,0,2,-138
1767172489.9902382,0,0,-144
1767172490.0002382,0,-2,-144
1767172490.0102382,0,-6,-141
1767172490.0202382,3,-3,-136
1767172490.0302382,3,-2,-138
1767172490.040238,3,0,-134
1767172490.050238,0,-3,-137
1767172490.060238,-6,-1,-138
1767172490.070238,-8,-2,-141
1767172490.080238,-3,-2,-137
1767172490.090238,2,0,-138
1767172490.100238,3,1,-139
1767172490.110238,3,3,-141
1767172490.120238,2,3,-147
1767172490.130238,-2,2,-149
1767172490.140238,0,0,-143
1767172490.150238,-1,2,-136
1767172490.1602385,0,4,-136
1767172490.1702385,0,2,-137
1767172490.1802382,3,0,-134
1767172490.1902382,0,1,-134
1767172490.2002382,0,3,-128
1767172490.2102382,1,2,-131
1767172490.2202382,-2,-1,-138
1767172490.2302382,-1,-1,-139
1767172490.2402382,-1,-3,-129
1767172490.2502382,-1,-4,-129
1767172490.2602382,-4,-3,-132
1767172490.2702382,-6,-3,-139
1767172490.2802382,-5,-2,-142
1767172490.290238,-3,-4,-138
1767172490.300238,0,-4,-136
1767172490.310238,-1,-2,-138
1767172490.320238,-3,-1,-136
1767172490.330238,-3,-3,-142
1767172490.340238,-4,0,-148
1767172490.350238,-5,2,-148
1767172490.360238,-8,-2,-147
1767172490.370238,-6,0,-144
1767172490.380238,-5,0,-145
1767172490.390238,-3,1,-149
1767172490.400238,-10,0,-147
1767172490.4102385,-9,1,-146
1767172490.4202385,-9,0,-141
1767172490.4302382,-6,0,-138
1767172490.4402382,1,-4,-130
1767172490.4502382,1,-1,-135
1767172490.4602382,-3,-5,-135
1767172490.4702382,-4,-6,-143
1767172490.4802382,1,-1,-143
1767172490.4902382,3,-2,-145
1767172490.5002382,6,-3,-140
1767172490.5102382,3,-5,-134
1767172490.5202382,1,-8,-132
1767172490.5302382,-5,-4,-132
1767172490.540238,-4,-1,-136
1767172490.550238,-5,-4,-140
1767172490.560238,-3,-5,-135
1767172490.570238,-5,-6,-135
1767172490.580238,-6,-10,-136
1767172490.590238,-4,-10,-134
1767172490.600238,-5,-9,-135
1767172490.6112382,-5,-8,-135
1767172490.620238,-1,-11,-130
1767172490.630238,2,-7,-135
1767172490.640238,3,-4,-145
1767172490.650238,4,-3,-142
1767172490.6602385,2,0,-144
1767172490.6702385,-1,-2,-141
1767172490.6802382,0,-1,-138
1767172490.6902382,0,0,-134
1767172490.7002382,2,1,-135
1767172490.7102382,0,4,-141
1767172490.7202382,-1,0,-142
1767172490.7302382,-3,0,-134
1767172490.7402382,-2,2,-136
1767172490.7502382,-3,-2,-135
1767172490.7602382,-2,-3,-139
1767172490.7702382,-3,-2,-141
1767172490.7802382,-5,-2,-142
1767172490.790238,-8,-6,-139
1767172490.800238,-9,-6,-141
1767172490.810238,-2,-3,-139
1767172490.820238,-2,-7,-141
1767172490.830238,-3,0,-137
1767172490.840238,-4,5,-136
1767172490.850238,-7,2,-133
1767172490.860238,-2,3,-134
1767172490.870238,0,1,-135
1767172490.880238,3,4,-135
1767172490.890238,-1,2,-148
1767172490.900238,-3,1,-154
1767172490.9102385,-2,0,-150
1767172490.9202385,-2,-3,-149
1767172490.9302382,-4,-2,-150
1767172490.9402382,-5,-4,-146
1767172490.9502382,-4,-5,-146
1767172490.9602382,-3,-3,-143
1767172490.9702382,-1,-1,-138
1767172490.9802382,-1,-1,-131
1767172490.9902382,-4,-1,-132
1767172491.0002382,0,0,-134
1767172491.0102382,0,1,-139
1767172491.0202382,2,0,-139
1767172491.0302382,0,1,-138
1767172491.040238,0,1,-133
1767172491.050238,-1,-4,-128
1767172491.060238,-2,-3,-132
1767172491.070238,-5,-2,-141
1767172491.080238,-7,0,-150
1767172491.090238,-7,0,-154
1767172491.100238,-4,0,-150
1767172491.110238,2,0,-154
1767172491.120238,-2,0,-147
1767172491.130238,-1,-1,-147
1767172491.140238,0,1,-149
1767172491.150238,2,5,-141
1767172491.1602385,1,3,-140
1767172491.1702385,2,4,-137
1767172491.1802382,4,2,-138
1767172491.1902382,5,2,-142
1767172491.2002382,5,4,-140
1767172491.2102382,6,2,-137
1767172491.221238,4,5,-137
1767172491.2302382,0,2,-131
1767172491.2402382,0,0,-137
1767172491.2502382,-2,-2,-146
1767172491.261238,0,-5,-145
1767172491.271238,-1,-4,-141
1767172491.281238,-6,-7,-133
1767172491.291238,-6,-9,-142
1767172491.301238,-2,-8,-139
1767172491.311238,-2,-9,-135
1767172491.321238,-2,-7,-140
1767172491.3312385,0,-5,-139
1767172491.3412385,-2,-5,-137
1767172491.3512385,0,-3,-140
1767172491.3612382,1,-2,-140
1767172491.3712382,1,1,-145
1767172491.3812382,1,1,-145
1767172491.3912382,9,0,-146
1767172491.4012382,6,2,-147
1767172491.4112382,2,7,-151
1767172491.4212382,2,10,-145
1767172491.4312382,-2,6,-142
1767172491.4412382,-1,2,-136
1767172491.4512382,-2,3,-135
1767172491.461238,0,3,-134
1767172491.471238,2,3,-131
1767172491.481238,1,4,-131
1767172491.491238,1,3,-136
1767172491.501238,-1,0,-134
1767172491.511238,2,4,-134
1767172491.521238,0,3,-132
1767172491.531238,3,1,-132
1767172491.541238,8,-1,-136
1767172491.551238,7,0,-134
1767172491.561238,7,4,-133
1767172491.571238,0,5,-138
1767172491.5812385,1,6,-138
1767172491.5912385,2,6,-141
1767172491.6012385,0,6,-142
1767172491.6112382,0,8,-142
1767172491.6212382,1,4,-133
1767172491.6312382,1,2,-125
1767172491.6412382,0,0,-126
1767172491.6512382,4,0,-131
1767172491.6612382,8,3,-136
1767172491.6712382,5,2,-135
1767172491.6812382,5,0,-133
1767172491.6912382,1,-5,-140
1767172491.7012382,2,0,-142
1767172491.711238,3,-2,-147
1767172491.721238,1,-2,-147
1767172491.731238,2,-3,-142
1767172491.741238,2,-2,-141
1767172491.751238,0,1,-144
1767172491.761238,0,1,-139
1767172491.771238,0,-1,-140
1767172491.781238,0,-3,-141
1767172491.791238,-1,-6,-142
1767172491.801238,-4,-5,-141
1767172491.811238,-1,-2,-137
1767172491.821238,-2,-2,-134
1767172491.8312385,0,-1,-136
1767172491.8412385,0,4,-138
1767172491.8512385,0,4,-136
1767172491.8612382,-5,-1,-139
1767172491.8712382,-3,-3,-140
1767172491.8812382,-4,1,-139
1767172491.8912382,-4,1,-136
1767172491.9012382,-7,4,-139
1767172491.9112382,-7,5,-139
1767172491.9212382,0,6,-143
1767172491.9312382,0,4,-148
1767172491.9412382,7,1,-150
1767172491.9512382,6,0,-152
1767172491.961238,4,-2,-142
1767172491.971238,3,0,-141
1767172491.981238,3,2,-141
1767172491.991238,7,-3,-139
1767172492.001238,8,-1,-142
1767172492.011238,9,1,-141
1767172492.021238,4,0,-145
1767172492.031238,2,-1,-138
1767172492.041238,2,-3,-139
1767172492.051238,4,-1,-143
1767172492.061238,2,0,-140
1767172492.071238,1,-1,-139
1767172492.0812385,-2,-3,-144
1767172492.0912385,2,-6,-136
1767172492.1012385,0,-6,-136
1767172492.1112382,-2,-1,-138
1767172492.1212382,-3,0,-141
1767172492.1312382,-2,2,-145
1767172492.1412382,2,6,-140
1767172492.1512382,0,7,-132
1767172492.1612382,1,4,-134
1767172492.1712382,2,1,-136
1767172492.1812382,3,-1,-135
1767172492.1912382,0,0,-141
1767172492.2012382,0,1,-147
1767172492.211238,0,1,-146
1767172492.221238,4,-1,-145
1767172492.231238,1,0,-143
1767172492.241238,1,-1,-145
1767172492.251238,5,0,-147
1767172492.261238,3,0,-144
1767172492.271238,-1,-1,-146
1767172492.281238,0,0,-146
1767172492.291238,-1,-7,-142
1767172492.301238,-2,0,-141
1767172492.311238,-2,-1,-135
1767172492.321238,-3,1,-132
1767172492.3312385,-4,0,-133
1767172492.3412385,-5,-1,-132
1767172492.3512385,-5,-2,-137
1767172492.3612382,-5,-3,-141
1767172492.3712382,-8,-2,-143
1767172492.3812382,-5,-1,-143
1767172492.3912382,-5,-2,-147
1767172492.4012382,-6,-4,-146
1767172492.4112382,-4,-4,-139
1767172492.4212382,-4,-1,-133
1767172492.4312382,-4,-3,-134
1767172492.4412382,-6,-4,-132
1767172492.4512382,-5,-5,-133
1767172492.461238,-5,-8,-132
1767172492.471238,-2,-8,-134
1767172492.481238,0,-8,-138
1767172492.491238,2,-10,-140
1767172492.501238,-1,-7,-142
1767172492.511238,-1,-3,-138
1767172492.521238,5,0,-139
1767172492.531238,3,1,-136
1767172492.541238,5,4,-133
1767172492.551238,1,5,-134
1767172492.561238,1,5,-136
1767172492.571238,5,0,-141
1767172492.5812385,7,-3,-138
1767172492.5912385,10,-3,-138
1767172492.6012385,7,-2,-134
1767172492.6112382,5,-4,-132
1767172492.6212382,5,-5,-131
1767172492.6312382,8,-6,-136
1767172492.6412382,5,-4,-143
1767172492.6512382,4,-5,-142
1767172492.6612382,4,-3,-142
1767172492.6712382,2,1,-147
1767172492.6812382,0,1,-142
1767172492.6912382,1,0,-142
1767172492.7012382,3,0,-140
1767172492.711238,3,0,-137
1767172492.721238,0,0,-136
1767172492.731238,0,0,-137
1767172492.741238,0,0,-133
1767172492.751238,4,-4,-130
1767172492.761238,7,-5,-132
1767172492.771238,6,-5,-141
1767172492.781238,7,-4,-139
1767172492.791238,4,-4,-138
1767172492.801238,3,-5,-134
1767172492.811238,5,-3,-132
1767172492.821238,0,-3,-135
1767172492.8312385,5,-6,-138
1767172492.8412385,0,-3,-143
1767172492.8512385,-2,-1,-146
1767172492.8612382,-2,0,-148
1767172492.8712382,-4,0,-149
1767172492.8812382,0,0,-146
1767172492.8912382,1,0,-137
1767172492.9012382,-2,0,-137
1767172492.9112382,0,0,-137
1767172492.9212382,-1,-1,-134
1767172492.9312382,1,-1,-135
1767172492.9412382,0,1,-141
1767172492.9512382,-2,2,-135
1767172492.961238,0,0,-137
1767172492.971238,3,0,-139
1767172492.981238,4,1,-136
1767172492.991238,4,1,-135
1767172493.001238,4,0,-140
1767172493.011238,4,-2,-144
1767172493.021238,0,-5,-141
1767172493.031238,3,-6,-145
1767172493.041238,2,-6,-144
1767172493.051238,-1,0,-146
1767172493.061238,-1,3,-140
1767172493.071238,-3,3,-140
1767172493.0812385,-4,3,-145
1767172493.0912385,-3,-1,-146
1767172493.1012385,-3,0,-145
1767172493.1112382,-3,0,-145
1767172493.1212382,-3,-1,-139
1767172493.1312382,-3,-2,-137
1767172493.1412382,0,-7,-145
1767172493.1512382,0,-5,-150
1767172493.1612382,0,-4,-147
1767172493.1712382,1,-3,-148
1767172493.1812382,1,0,-140
1767172493.1912382,0,0,-140
1767172493.2012382,3,0,-138
1767172493.211238,5,0,-133
1767172493.221238,3,0,-138
1767172493.231238,0,-2,-129
1767172493.241238,0,-5,-134
1767172493.251238,-1,-5,-132
1767172493.261238,2,-4,-143
1767172493.271238,0,-2,-147
1767172493.281238,4,-2,-146
1767172493.291238,2,-5,-143
1767172493.301238,4,-7,-143
1767172493.311238,2,-6,-145
1767172493.321238,-3,-5,-138
1767172493.3312385,-6,-4,-140
1767172493.3412385,-3,-7,-142
1767172493.3512385,-2,-8,-139
1767172493.3612382,0,-5,-142
1767172493.3712382,-1,0,-147
1767172493.3812382,-2,4,-141
1767172493.3912382,-4,5,-145
1767172493.4012382,-3,5,-144
1767172493.4112382,-2,7,-142
1767172493.4212382,0,5,-145
1767172493.4312382,0,5,-147
1767172493.4412382,2,5,-145
1767172493.4512382,3,3,-140
1767172493.461238,3,3,-137
1767172493.471238,0,1,-141
1767172493.481238,2,2,-139
1767172493.491238,4,0,-147
1767172493.501238,1,-6,-140
1767172493.511238,0,-5,-142
1767172493.521238,1,-3,-144
1767172493.531238,1,-4,-144
1767172493.541238,-2,-3,-144
1767172493.5622382,-2,-3,-130
1767172493.571238,-2,-4,-134
1767172493.5812385,-2,-6,-133
1767172493.5912385,2,-7,-128
1767172493.6012385,1,-6,-133
1767172493.6112382,1,-6,-140
1767172493.6212382,5,-1,-136
1767172493.6312382,9,-2,-132
1767172493.6412382,6,-2,-135
1767172493.6512382,7,-1,-130
1767172493.6612382,1,2,-131
1767172493.6712382,2,0,-138
1767172493.6812382,0,-3,-138
1767172493.6912382,-1,-1,-144
1767172493.7012382,0,2,-139
1767172493.711238,1,0,-136
1767172493.721238,0,3,-137
1767172493.731238,2,1,-141
1767172493.741238,2,3,-136
1767172493.751238,3,2,-138
1767172493.761238,5,1,-135
1767172493.771238,0,0,-135
1767172493.781238,-1,0,-133
1767172493.791238,-1,0,-131
1767172493.801238,1,0,-129
1767172493.8122382,1,-1,-128
1767172493.8222382,0,0,-127
1767172493.8322382,1,1,-134
1767172493.8422382,3,1,-128
1767172493.8512385,3,5,-129
1767172493.8622382,6,0,-130
1767172493.8722382,5,-5,-139
1767172493.882238,3,-10,-137
1767172493.892238,0,-9,-134
1767172493.902238,-4,-6,-139
1767172493.912238,-6,-3,-144
1767172493.922238,-1,1,-149
1767172493.932238,2,1,-147
1767172493.942238,1,-2,-139
1767172493.952238,0,-7,-138
1767172493.962238,1,-8,-138
1767172493.972238,-2,-5,-134
1767172493.982238,0,-8,-133
1767172493.992238,3,-12,-135
1767172494.002238,0,-8,-132
1767172494.0122385,0,-7,-140
1767172494.0222385,0,-9,-141
1767172494.0322382,0,-6,-143
1767172494.0422382,-1,-9,-144
1767172494.0522382,-1,-7,-145
1767172494.0622382,-3,-6,-142
1767172494.0722382,-1,-7,-146
1767172494.0822382,-2,-9,-145
1767172494.0922382,0,-7,-146
1767172494.1022382,0,-3,-142
1767172494.1122382,0,0,-141
1767172494.1222382,0,0,-138
1767172494.132238,3,0,-139
1767172494.142238,3,0,-142
1767172494.152238,1,2,-142
1767172494.162238,0,4,-144
1767172494.172238,0,5,-149
1767172494.182238,-1,1,-147
1767172494.192238,-4,1,-149
1767172494.202238,0,0,-150
1767172494.212238,4,2,-148
1767172494.222238,0,1,-146
1767172494.232238,-1,-3,-146
1767172494.242238,-1,-2,-150
1767172494.252238,0,-5,-150
1767172494.2622385,1,-6,-146
1767172494.2722385,1,-5,-145
1767172494.2822382,4,-9,-143
1767172494.2922382,2,-8,-150
1767172494.3022382,-1,-6,-147
1767172494.3122382,0,-3,-148
1767172494.3222382,1,-3,-148
1767172494.3322382,0,-3,-149
1767172494.3422382,0,-2,-145
1767172494.3522382,0,-1,-146
1767172494.3622382,0,-4,-145
1767172494.3722382,-1,-8,-146
1767172494.382238,-2,-4,-145
1767172494.392238,2,-6,-135
1767172494.402238,0,0,-138
1767172494.412238,0,-1,-131
1767172494.422238,0,3,-134
1767172494.432238,1,0,-139
1767172494.442238,3,0,-139
1767172494.452238,3,-1,-136
1767172494.462238,0,0,-139
1767172494.472238,5,-4,-143
1767172494.482238,6,-3,-145
1767172494.492238,1,0,-138
1767172494.502238,1,1,-137
1767172494.5122385,0,0,-136
1767172494.5222385,1,-1,-139
1767172494.5322382,-3,-2,-141
1767172494.5422382,-3,-4,-140
1767172494.5522382,-1,1,-133
1767172494.5622382,0,4,-132
1767172494.5722382,0,4,-130
1767172494.5822382,-2,5,-135
1767172494.5922382,0,7,-136
1767172494.6022382,0,9,-128
1767172494.6122382,2,3,-128
1767172494.6222382,0,5,-125
1767172494.632238,-2,8,-132
1767172494.642238,-5,8,-136
1767172494.652238,-5,5,-133
1767172494.662238,0,3,-138
1767172494.672238,2,0,-143
1767172494.682238,0,-2,-146
1767172494.692238,-4,1,-138
1767172494.702238,0,-4,-139
1767172494.712238,-5,-6,-140
1767172494.722238,-3,-8,-140
1767172494.732238,-2,-8,-142
1767172494.742238,-4,-7,-142
1767172494.752238,-5,-8,-139
1767172494.7622385,-4,-8,-141
1767172494.7722385,-5,-6,-130
1767172494.7822382,-4,-6,-133
1767172494.7922382,-2,-4,-144
1767172494.8022382,0,-2,-143
1767172494.8122382,0,-5,-145
1767172494.8222382,0,-3,-143
1767172494.8322382,1,-1,-141
1767172494.8422382,1,-2,-143
1767172494.8522382,0,-1,-140
1767172494.8622382,2,-5,-137
1767172494.8722382,3,-8,-138
1767172494.882238,3,-9,-138
1767172494.892238,3,-12,-135
1767172494.902238,2,-12,-136
1767172494.912238,5,-11,-139
1767172494.922238,2,-8,-137
1767172494.932238,5,-9,-137
1767172494.942238,7,-11,-137
1767172494.952238,1,-12,-143
1767172494.962238,0,-9,-135
1767172494.972238,1,-7,-132
1767172494.982238,0,-4,-141
1767172494.992238,0,-5,-144
1767172495.002238,1,-3,-144
1767172495.0122385,-5,-4,-142
1767172495.0222385,-7,-2,-148
1767172495.0322382,-11,-6,-148
1767172495.0422382,-11,-7,-138
1767172495.0522382,-5,-5,-136
1767172495.0622382,-4,-3,-141
1767172495.0722382,-4,-1,-142
1767172495.0822382,-2,1,-143
1767172495.0922382,-1,-3,-142
1767172495.1022382,-4,-6,-131
1767172495.1122382,-5,-6,-130
1767172495.1222382,-4,-1,-131
1767172495.132238,-3,0,-136
1767172495.142238,2,1,-135
1767172495.152238,0,2,-138
1767172495.162238,0,0,-146
1767172495.172238,-2,0,-146
1767172495.182238,-3,0,-141
1767172495.192238,0,0,-144
1767172495.202238,0,0,-146
1767172495.212238,0,4,-140
1767172495.222238,-3,0,-145
1767172495.232238,-4,-3,-144
1767172495.242238,-2,-3,-144
1767172495.252238,0,0,-142
1767172495.2622385,0,1,-144
1767172495.2722385,0,-1,-141
1767172495.2822382,3,-1,-139
1767172495.2922382,2,0,-141
1767172495.3022382,3,-2,-142
1767172495.3122382,2,1,-145
1767172495.3222382,-2,1,-148
1767172495.3322382,0,2,-140
1767172495.3422382,-2,0,-133
1767172495.3522382,-8,-3,-138
1767172495.3622382,-9,-5,-151
1767172495.3722382,-11,-4,-150
1767172495.382238,-12,-2,-148
1767172495.392238,-11,-5,-145
1767172495.402238,-7,-6,-152
1767172495.412238,-2,-4,-144
1767172495.422238,-4,-1,-140
1767172495.432238,-3,-1,-143
1767172495.442238,-2,-3,-143
1767172495.452238,0,-2,-143
1767172495.462238,0,-3,-135
1767172495.472238,2,-3,-132
1767172495.482238,3,-1,-133
1767172495.492238,0,-1,-143
1767172495.502238,0,-1,-146
1767172495.5122385,0,-3,-147
1767172495.5222385,0,-4,-145
1767172495.5322382,1,0,-142
1767172495.5422382,0,-1,-141
1767172495.5522382,0,-1,-143
1767172495.5622382,2,0,-144
1767172495.5722382,3,1,-142
1767172495.5822382,0,-1,-143
1767172495.5922382,-3,-1,-137
1767172495.6022382,-3,-3,-141
1767172495.6122382,-4,-4,-141
1767172495.6222382,-6,-2,-138
1767172495.632238,-6,0,-143
1767172495.642238,-10,-1,-143
1767172495.652238,-13,0,-142
1767172495.662238,-9,3,-144
1767172495.672238,-6,3,-147
1767172495.682238,-3,3,-146
1767172495.692238,-3,6,-147
1767172495.702238,-1,7,-152
1767172495.712238,-7,5,-147
1767172495.722238,-5,2,-146
1767172495.732238,-8,1,-142
1767172495.742238,-10,3,-141
1767172495.752238,-9,2,-144
1767172495.7622385,-10,4,-140
1767172495.7722385,-7,1,-140
1767172495.7822382,-3,0,-137
1767172495.7922382,-6,-2,-138
1767172495.8022382,-2,-5,-136
1767172495.8122382,0,-2,-135
1767172495.8222382,1,-1,-136
1767172495.8322382,0,-1,-142
1767172495.8422382,-2,-3,-140
1767172495.8522382,-2,-3,-137
1767172495.8622382,-4,-3,-138
1767172495.8722382,-2,-2,-141
1767172495.882238,0,-3,-142
1767172495.892238,2,-10,-143
1767172495.902238,3,-11,-129
1767172495.912238,-1,-6,-130
1767172495.922238,-3,-5,-132
1767172495.932238,-2,-4,-130
1767172495.942238,1,-3,-135
1767172495.952238,2,1,-134
1767172495.962238,0,2,-137
1767172495.972238,0,1,-133
1767172495.982238,1,2,-134
1767172495.992238,3,3,-138
1767172496.002238,0,0,-144
1767172496.0122385,-1,0,-136
1767172496.0222385,-6,-4,-134
1767172496.0322382,-9,-4,-134
1767172496.0422382,-6,-4,-132
1767172496.0522382,-2,-2,-136
1767172496.0622382,-3,-4,-137
1767172496.0722382,-4,0,-134
1767172496.0822382,-7,1,-134
1767172496.0922382,-3,1,-136
1767172496.1022382,0,-3,-140
1767172496.1122382,6,-1,-140
1767172496.1222382,5,-6,-140
1767172496.132238,3,-6,-142
1767172496.142238,6,-1,-136
1767172496.152238,8,-4,-135
1767172496.162238,6,-8,-136
1767172496.172238,4,-9,-133
1767172496.182238,7,-10,-137
1767172496.192238,3,-4,-135
1767172496.202238,4,-2,-139
1767172496.212238,-1,0,-142
1767172496.222238,-2,0,-151
1767172496.232238,0,0,-149
1767172496.242238,-1,3,-149
1767172496.252238,-2,-2,-149
1767172496.2622385,-2,-4,-143
1767172496.2722385,-7,0,-139
1767172496.2822382,-8,-3,-131
1767172496.2922382,-7,-6,-134
1767172496.3022382,-6,-2,-137
1767172496.3122382,0,-2,-138
1767172496.3222382,1,0,-135
1767172496.3322382,3,0,-139
1767172496.3422382,4,-5,-137
1767172496.353238,4,-8,-140
1767172496.3622382,2,-5,-134
1767172496.373238,4,-1,-132
1767172496.383238,2,0,-131
1767172496.393238,2,-5,-135
1767172496.403238,2,-1,-131
1767172496.413238,5,-5,-134
1767172496.423238,5,-6,-136
1767172496.4332385,2,-5,-141
1767172496.4432385,2,-6,-146
1767172496.4532382,3,0,-144
1767172496.4632382,2,0,-140
1767172496.4732382,2,0,-141
1767172496.4832382,2,0,-137
1767172496.4932382,1,-3,-139
1767172496.5032382,1,-7,-134
1767172496.5132382,-1,-7,-136
1767172496.5232382,0,-7,-140
1767172496.5332382,0,-6,-142
1767172496.5432382,-2,-5,-146
1767172496.5532382,-4,-8,-147
1767172496.563238,0,-8,-148
1767172496.573238,-5,-3,-144
1767172496.583238,-6,-1,-137
1767172496.593238,-11,0,-134
1767172496.603238,-10,0,-138
1767172496.613238,-9,-8,-143
1767172496.623238,-8,-6,-141
1767172496.633238,-7,-4,-139
1767172496.643238,-9,-3,-134
1767172496.653238,-5,-1,-133
1767172496.663238,-6,0,-131
1767172496.673238,-6,0,-129
1767172496.6832385,-3,-2,-135
1767172496.6932385,1,-4,-138
1767172496.7032382,-1,0,-139
1767172496.7132382,0,-2,-136
1767172496.7232382,1,-3,-131
1767172496.7332382,1,-3,-139
1767172496.7432382,7,-1,-142
1767172496.7532382,8,-3,-136
1767172496.7632382,6,-2,-144
1767172496.7732382,1,-7,-133
1767172496.7832382,1,-4,-135
1767172496.7932382,5,-1,-132
1767172496.8032382,5,-3,-130
1767172496.813238,3,0,-135
1767172496.823238,-2,0,-142
1767172496.833238,3,2,-141
1767172496.843238,3,-1,-136
1767172496.853238,4,0,-134
1767172496.863238,6,-2,-141
1767172496.873238,8,-3,-147
1767172496.883238,4,0,-141
1767172496.893238,-4,0,-141
1767172496.903238,-9,-1,-135
1767172496.913238,-8,0,-139
1767172496.923238,-9,0,-143
1767172496.9332385,-6,0,-138
1767172496.9432385,-4,0,-135
1767172496.9532382,1,2,-139
1767172496.9632382,1,3,-140
1767172496.9732382,-1,0,-141
1767172496.9832382,-5,-1,-137
1767172496.9932382,-5,-4,-138
1767172497.0032382,-5,-1,-142
1767172497.0132382,-6,-4,-148
1767172497.0232382,-7,-5,-149
1767172497.0332382,-10,-3,-148
1767172497.0432382,-10,-7,-147
1767172497.0532382,-10,-9,-150
1767172497.063238,-2,-13,-144
1767172497.073238,-1,-8,-142
1767172497.083238,1,-7,-137
1767172497.093238,5,-6,-138
1767172497.103238,6,-9,-138
1767172497.113238,4,-5,-136
1767172497.123238,2,-7,-137
1767172497.133238,1,-5,-137
1767172497.143238,1,-7,-133
1767172497.153238,-3,-5,-131
1767172497.163238,-2,0,-126
1767172497.173238,0,-1,-132
1767172497.1832385,2,0,-136
1767172497.1932385,2,-1,-138
1767172497.2032382,0,-3,-141
1767172497.2132382,0,-2,-139
1767172497.2232382,-5,-3,-136
1767172497.2332382,-5,-2,-137
1767172497.2432382,-3,0,-135
1767172497.2532382,-4,0,-135
1767172497.2632382,-6,-3,-133
1767172497.2732382,-8,-3,-127
1767172497.2832382,-8,-3,-127
1767172497.2932382,-7,-5,-131
1767172497.3032382,-4,-8,-127
1767172497.313238,-1,-12,-128
1767172497.323238,-1,-5,-133
1767172497.333238,-1,-3,-138
1767172497.343238,0,-4,-138
1767172497.353238,5,-4,-138
1767172497.363238,5,-2,-138
1767172497.373238,3,-1,-139
1767172497.383238,4,1,-144
1767172497.393238,5,0,-151
1767172497.403238,7,-1,-148
1767172497.413238,8,-1,-141
1767172497.423238,7,-1,-135
1767172497.4332385,1,-1,-133
1767172497.4432385,1,-1,-140
1767172497.4532382,0,-6,-141
1767172497.4632382,0,-6,-146
1767172497.4732382,0,-6,-146
1767172497.4832382,-1,-2,-149
1767172497.4932382,-2,-1,-148
1767172497.5032382,-4,-3,-143
1767172497.5132382,-1,0,-139
1767172497.5232382,0,-2,-137
1767172497.5332382,-1,-5,-139
1767172497.5432382,4,-3,-144
1767172497.5532382,5,-3,-153
1767172497.563238,4,-2,-150
1767172497.573238,-1,1,-157
1767172497.583238,2,-3,-162
1767172497.593238,0,-3,-160
1767172497.603238,2,-2,-162
1767172497.613238,1,2,-164
1767172497.623238,1,0,-158
1767172497.633238,3,-1,-153
1767172497.643238,3,-1,-154
1767172497.653238,3,-1,-147
1767172497.663238,8,-2,-144
1767172497.673238,7,0,-144
1767172497.6832385,0,2,-148
1767172497.6932385,2,5,-146
1767172497.7032382,5,0,-144
1767172497.7132382,4,1,-143
1767172497.7232382,1,4,-146
1767172497.7332382,4,2,-144
1767172497.7432382,1,1,-145
1767172497.7532382,0,0,-149
1767172497.7632382,0,1,-148
1767172497.7732382,0,-1,-138
1767172497.7832382,-2,-3,-131
1767172497.7932382,-3,-1,-130
1767172497.8032382,-3,-3,-136
1767172497.813238,-3,-6,-138
1767172497.823238,-5,-3,-135
1767172497.833238,-2,-4,-134
1767172497.843238,-1,-2,-129
1767172497.853238,4,-5,-128
1767172497.863238,8,-9,-131
1767172497.873238,10,-10,-135
1767172497.883238,9,-9,-140
1767172497.893238,4,-5,-135
1767172497.903238,4,-5,-130
1767172497.913238,3,-4,-126
1767172497.923238,1,-4,-126
1767172497.9332385,-2,-2,-128
1767172497.9432385,-1,-1,-123
1767172497.9532382,-1,-3,-124
1767172497.9632382,0,-3,-129
1767172497.9732382,-2,-5,-133
1767172497.984238,0,-5,-133
1767172497.9932382,3,-2,-137
1767172498.0032382,-1,-3,-138
1767172498.0132382,3,-1,-142
1767172498.0232382,4,0,-139
1767172498.0332382,6,-1,-136
1767172498.0432382,7,-4,-137
1767172498.0532382,3,-9,-138
1767172498.063238,5,-6,-134
1767172498.073238,2,-3,-133
1767172498.083238,0,-3,-130
1767172498.093238,2,0,-137
1767172498.103238,3,1,-143
1767172498.113238,2,3,-140
1767172498.123238,4,1,-138
1767172498.133238,-3,0,-136
1767172498.143238,0,0,-133
1767172498.153238,-1,-1,-136
1767172498.163238,-3,0,-137
1767172498.173238,-3,1,-132
1767172498.1832385,0,0,-137
1767172498.1932385,4,-3,-134
1767172498.2032382,5,-1,-126
1767172498.2132382,7,-4,-135
1767172498.2232382,0,-4,-137
1767172498.2332382,0,-6,-135
1767172498.2432382,1,-6,-131
1767172498.2532382,2,-4,-134
1767172498.2632382,0,-3,-136
1767172498.2732382,-2,-4,-140
1767172498.2832382,-1,0,-132
1767172498.2932382,0,-1,-130
1767172498.3032382,0,-3,-136
1767172498.313238,1,-6,-139
1767172498.323238,0,-5,-140
1767172498.333238,0,-5,-138
1767172498.343238,1,-2,-136
1767172498.353238,4,-3,-132
1767172498.363238,0,-4,-138
1767172498.373238,-1,-2,-142
1767172498.383238,-3,-2,-136
1767172498.393238,-2,-1,-133
1767172498.403238,-3,-5,-138
1767172498.413238,-3,-6,-142
1767172498.423238,-3,-8,-146
1767172498.4332385,-3,-6,-144
1767172498.4432385,3,-7,-141
1767172498.4532382,9,-5,-145
1767172498.4632382,12,-6,-134
1767172498.4732382,9,-3,-134
1767172498.4832382,2,1,-130
1767172498.4932382,3,3,-136
1767172498.5032382,3,3,-137
1767172498.5132382,-1,0,-136
1767172498.5232382,-1,5,-135
1767172498.5332382,0,4,-133
1767172498.5432382,1,2,-133
1767172498.5532382,-3,0,-141
1767172498.5752382,-2,3,-138
1767172498.583238,-2,0,-139
1767172498.593238,-3,-2,-137
1767172498.603238,-3,-1,-130
1767172498.613238,2,-3,-137
1767172498.623238,3,-4,-138
1767172498.633238,4,-3,-139
1767172498.643238,6,0,-140
1767172498.653238,10,0,-138
1767172498.663238,9,0,-142
1767172498.673238,9,0,-144
1767172498.6832385,4,-2,-136
1767172498.6932385,2,0,-139
1767172498.7032382,1,1,-137
1767172498.7132382,1,-1,-133
1767172498.7232382,-1,-3,-134
1767172498.7332382,0,-1,-131
1767172498.7432382,3,-6,-129
1767172498.7532382,4,-3,-128
1767172498.7632382,6,1,-132
1767172498.7732382,1,4,-129
1767172498.7832382,-1,2,-132
1767172498.7932382,-2,1,-126
1767172498.8032382,0,0,-129
1767172498.813238,1,-2,-130
1767172498.823238,0,-4,-138
1767172498.833238,0,-4,-141
1767172498.843238,-1,-4,-142
1767172498.853238,-2,-2,-137
1767172498.863238,-4,-2,-142
1767172498.873238,-5,-1,-147
1767172498.883238,-5,-2,-145
1767172498.893238,-8,-1,-145
1767172498.903238,-5,-4,-142
1767172498.9142382,-2,-5,-141
1767172498.923238,0,-2,-138
1767172498.9342382,3,-5,-135
1767172498.9442382,-1,-3,-140
1767172498.9542382,0,-4,-142
1767172498.9642382,0,-7,-144
1767172498.9742382,3,-8,-151
1767172498.984238,1,-6,-148
1767172498.994238,0,-3,-152
1767172499.004238,1,0,-151
1767172499.014238,1,3,-147
1767172499.024238,2,2,-151
1767172499.034238,0,0,-150
1767172499.044238,-2,0,-141
1767172499.054238,0,0,-131
1767172499.064238,5,2,-129
1767172499.074238,6,-2,-133
1767172499.084238,5,-4,-135
1767172499.094238,0,-3,-137
1767172499.1042385,0,-2,-142
1767172499.1142385,-1,-3,-139
1767172499.1242385,0,-2,-138
1767172499.1342382,-5,2,-136
1767172499.1442382,-5,-1,-138
1767172499.1542382,-6,0,-140
1767172499.1642382,-3,1,-139
1767172499.1742382,0,1,-140
1767172499.1842382,4,0,-131
1767172499.1942382,5,-3,-136
1767172499.2042382,5,-5,-135
1767172499.2142382,3,-3,-133
1767172499.2242382,0,-6,-131
1767172499.234238,0,-6,-137
1767172499.244238,3,-3,-139
1767172499.254238,4,0,-139
1767172499.264238,4,1,-139
1767172499.274238,3,2,-141
1767172499.284238,1,3,-139
1767172499.294238,0,5,-137
1767172499.304238,0,4,-132
1767172499.314238,3,-1,-131
1767172499.324238,1,0,-137
1767172499.334238,4,-5,-133
1767172499.344238,6,-11,-127
1767172499.3542385,7,-11,-125
1767172499.3642385,4,-8,-127
1767172499.3742385,4,-8,-127
1767172499.3842382,4,-9,-134
1767172499.3942382,1,-7,-134
1767172499.4042382,-1,-8,-132
1767172499.4142382,3,-1,-137
1767172499.4242382,7,-1,-136
1767172499.4342382,4,-1,-134
1767172499.4442382,5,1,-138
1767172499.4542382,5,0,-137
1767172499.4642382,2,0,-136
1767172499.4742382,2,2,-136
1767172499.484238,2,-1,-136
1767172499.494238,7,1,-141
1767172499.504238,7,0,-146
1767172499.514238,4,0,-149
1767172499.524238,3,1,-151
1767172499.534238,3,4,-147
1767172499.544238,0,4,-143
1767172499.554238,-5,4,-146
1767172499.564238,-2,5,-147
1767172499.574238,-1,7,-147
1767172499.584238,-2,1,-148
1767172499.594238,-8,1,-150
1767172499.6042385,-7,5,-147
1767172499.6142385,-6,3,-143
1767172499.6242385,-4,4,-145
1767172499.6342382,-1,1,-144
1767172499.6442382,1,2,-143
1767172499.6542382,0,1,-141
1767172499.6642382,-1,2,-144
1767172499.6742382,0,-1,-142
1767172499.6842382,3,-2,-140
1767172499.6942382,4,-4,-136
1767172499.7042382,0,-9,-134
1767172499.7142382,0,-6,-134
1767172499.7242382,0,-4,-134
1767172499.734238,-2,-4,-133
1767172499.744238,-4,-4,-134
1767172499.754238,-5,-3,-135
1767172499.764238,0,-2,-137
1767172499.774238,0,-3,-137
1767172499.784238,-1,-1,-134
1767172499.794238,0,-4,-130
1767172499.804238,-1,-4,-134
1767172499.814238,-2,-5,-133
1767172499.824238,0,-6,-134
1767172499.834238,-1,-7,-132
1767172499.844238,-1,-4,-131
1767172499.8542385,2,-5,-125
1767172499.8642385,3,-3,-124
1767172499.8742385,2,-6,-128
1767172499.8842382,6,-6,-135
1767172499.8942382,5,-4,-135
1767172499.9042382,2,-2,-142
1767172499.9142382,2,0,-142
1767172499.9242382,-1,5,-153
1767172499.9342382,-9,2,-148
1767172499.9442382,-12,-1,-147
1767172499.9542382,-8,-6,-143
1767172499.9642382,-4,0,-135
1767172499.9742382,0,0,-128
1767172499.984238,5,0,-128
1767172499.994238,7,2,-126
1767172500.004238,4,2,-128
1767172500.014238,5,-2,-129
1767172500.024238,4,-2,-134
1767172500.034238,3,-1,-137
1767172500.044238,0,-2,-138
1767172500.054238,-2,-5,-139
1767172500.064238,3,-4,-143
1767172500.074238,3,-7,-146
1767172500.084238,3,-4,-147
1767172500.094238,4,-3,-145
1767172500.1042385,4,-5,-142
1767172500.1142385,0,-4,-138
1767172500.1242385,-1,-2,-143
1767172500.1342382,0,-3,-136
1767172500.1442382,1,-1,-139
1767172500.1542382,-4,2,-141
1767172500.1642382,0,4,-146
1767172500.1742382,-1,4,-141
1767172500.1842382,2,3,-137
1767172500.1942382,3,0,-129
1767172500.2042382,4,3,-125
1767172500.2142382,2,7,-121
1767172500.2242382,1,6,-130
1767172500.234238,0,2,-128
1767172500.244238,-3,1,-134
1767172500.254238,-4,1,-136
1767172500.264238,-2,0,-143
1767172500.274238,-2,-1,-139
1767172500.284238,-4,-2,-140
1767172500.294238,-3,0,-145
1767172500.304238,-3,-3,-141
1767172500.314238,-1,-1,-138
1767172500.324238,0,-2,-137
1767172500.334238,-7,0,-142
1767172500.344238,-3,-4,-143
1767172500.3542385,0,-4,-147
1767172500.3642385,-6,0,-145
1767172500.3742385,-3,-2,-141
1767172500.3842382,-3,0,-139
1767172500.3942382,-8,-3,-135
1767172500.4042382,-3,-7,-133
1767172500.4142382,-8,-7,-137
1767172500.4242382,-5,-9,-146
1767172500.4342382,0,-4,-149
1767172500.4442382,0,-3,-147
1767172500.4542382,-1,0,-145
1767172500.4642382,-4,1,-142
1767172500.4742382,-1,4,-143
1767172500.484238,3,0,-141
1767172500.494238,3,0,-138
1767172500.504238,2,0,-136
1767172500.514238,-2,0,-134
1767172500.524238,0,6,-137
1767172500.534238,0,5,-138
1767172500.544238,2,2,-140
1767172500.554238,5,2,-132
1767172500.564238,3,0,-138
1767172500.574238,6,-3,-141
1767172500.584238,4,-2,-146
1767172500.594238,0,2,-142
1767172500.6042385,0,2,-135
1767172500.6142385,2,2,-137
1767172500.6242385,4,3,-142
1767172500.6342382,4,1,-144
1767172500.6442382,1,1,-138
1767172500.6542382,1,1,-141
1767172500.6642382,-1,3,-140
1767172500.6742382,-5,4,-134
1767172500.6842382,-1,4,-129
1767172500.6942382,-2,1,-130
1767172500.7042382,-2,0,-132
1767172500.7142382,2,1,-137
1767172500.7242382,1,0,-139
1767172500.734238,2,1,-142
1767172500.744238,1,1,-140
1767172500.754238,-1,-1,-134
1767172500.764238,-3,-3,-131
1767172500.774238,0,0,-137
1767172500.784238,0,0,-141
1767172500.794238,0,-4,-144
1767172500.804238,4,-5,-146
1767172500.814238,2,-3,-145
1767172500.824238,5,-1,-156
1767172500.834238,6,-2,-154
1767172500.844238,6,-2,-154
1767172500.8542385,4,0,-148
1767172500.8642385,4,-2,-141
1767172500.8742385,5,0,-137
1767172500.8842382,2,1,-138
1767172500.8942382,2,3,-139
1767172500.9042382,1,2,-140
1767172500.9142382,2,1,-129
1767172500.9242382,3,0,-130
1767172500.9342382,1,-3,-127
1767172500.9442382,0,0,-130
1767172500.9542382,-1,0,-132
1767172500.9642382,-3,0,-138
1767172500.9742382,-4,-3,-139
1767172500.984238,-5,-5,-141
1767172500.994238,-4,-5,-138
1767172501.004238,-5,-6,-137
1767172501.014238,-6,-1,-135
1767172501.024238,-6,-3,-134
1767172501.034238,-7,-2,-140
1767172501.044238,-6,-6,-140
1767172501.054238,-7,-4,-136
1767172501.064238,-6,0,-131
1767172501.074238,-5,1,-129
1767172501.084238,-1,0,-130
1767172501.094238,-1,-4,-130
1767172501.1042385,-3,-5,-131
1767172501.1142385,-1,-2,-135
1767172501.1242385,0,-4,-136
1767172501.1342382,0,-5,-142
1767172501.1442382,-3,-6,-143
1767172501.1542382,-2,-3,-143
1767172501.1642382,-2,-4,-149
1767172501.1742382,-2,-3,-147
1767172501.1842382,3,-3,-139
1767172501.1942382,3,-5,-141
1767172501.2042382,-2,-5,-147
1767172501.2142382,-3,-2,-145
1767172501.2242382,-7,0,-141
1767172501.234238,-5,-3,-139
1767172501.244238,0,-3,-134
1767172501.254238,7,-4,-138
1767172501.264238,9,2,-137
1767172501.274238,14,-2,-139
1767172501.284238,15,-3,-142
1767172501.294238,13,-6,-142
1767172501.304238,9,-8,-140
1767172501.314238,4,-8,-146
1767172501.324238,0,-8,-144
1767172501.334238,1,-8,-142
1767172501.344238,-3,-4,-145
1767172501.3542385,-2,1,-146
1767172501.3642385,-1,2,-147
1767172501.3742385,0,0,-146
1767172501.3842382,3,-3,-150
1767172501.3942382,6,-4,-148
1767172501.4042382,5,-1,-145
1767172501.4142382,2,1,-144
1767172501.4242382,-2,-1,-143
1767172501.4342382,-3,-2,-137
1767172501.4442382,-1,0,-136
1767172501.455238,0,4,-134
1767172501.465238,0,6,-132
1767172501.475238,0,4,-134
1767172501.485238,0,0,-132
1767172501.495238,2,3,-131
1767172501.505238,0,0,-134
1767172501.515238,1,0,-140
1767172501.525238,8,1,-136
1767172501.5352385,3,4,-135
1767172501.5452385,5,3,-128
1767172501.5552382,5,5,-128
1767172501.5652382,7,-2,-134
1767172501.5752382,7,0,-132
1767172501.5852382,3,1,-140
1767172501.5952382,4,-1,-142
1767172501.6052382,6,-5,-140
1767172501.6152382,5,-5,-146
1767172501.6252382,4,-2,-139
1767172501.6352382,3,0,-135
1767172501.6452382,2,-1,-140
1767172501.6552382,-1,-2,-139
1767172501.665238,-5,-5,-135
1767172501.675238,-3,-8,-144
1767172501.685238,-1,-9,-146
1767172501.695238,-2,-8,-142
1767172501.705238,-4,-13,-136
1767172501.715238,-4,-12,-130
1767172501.725238,0,-12,-128
1767172501.735238,0,-10,-135
1767172501.745238,0,-13,-138
1767172501.755238,0,-9,-136
1767172501.765238,0,-7,-129
1767172501.775238,3,-8,-129
1767172501.7852385,4,-7,-131
1767172501.7952385,7,-4,-128
1767172501.8052382,7,-2,-129
1767172501.8152382,2,-1,-134
1767172501.8252382,6,-2,-136
1767172501.8352382,4,0,-133
1767172501.8452382,0,2,-128
1767172501.8552382,3,3,-128
1767172501.8652382,2,1,-129
1767172501.8752382,4,2,-133
1767172501.8852382,4,0,-133
1767172501.8952382,1,-2,-136
1767172501.9052382,4,-1,-137
1767172501.915238,0,-4,-135
1767172501.925238,-2,-2,-131
1767172501.935238,-5,0,-130
1767172501.945238,-7,1,-127
1767172501.955238,-7,0,-131
1767172501.965238,-7,0,-136
1767172501.975238,-3,0,-137
1767172501.985238,-6,-1,-136
1767172501.995238,-5,-2,-140
1767172502.005238,0,0,-144
1767172502.015238,-1,1,-143
1767172502.025238,-1,4,-147
1767172502.0352385,-3,4,-148
1767172502.0452385,-3,3,-147
1767172502.0552382,-4,3,-144
1767172502.0652382,-1,0,-147
1767172502.0752382,-5,6,-140
1767172502.0852382,-4,3,-135
1767172502.0952382,0,4,-140
1767172502.1052382,-2,4,-134
1767172502.1152382,-3,4,-134
1767172502.1252382,-2,0,-133
1767172502.1352382,-3,2,-134
1767172502.1452382,-2,3,-130
1767172502.1552382,4,5,-129
1767172502.165238,3,5,-139
1767172502.175238,1,1,-131
1767172502.185238,0,2,-134
1767172502.195238,1,3,-139
1767172502.205238,0,2,-140
1767172502.215238,0,2,-138
1767172502.225238,-3,3,-133
1767172502.235238,-3,4,-131
1767172502.245238,-4,4,-131
1767172502.255238,-7,2,-136
1767172502.265238,-9,-4,-136
1767172502.275238,-8,-7,-139
1767172502.2852385,-3,-6,-140
1767172502.2952385,-3,-9,-136
1767172502.3052382,-4,-4,-142
1767172502.3152382,-8,0,-142
1767172502.3252382,-11,-1,-147
1767172502.3352382,-10,-2,-146
1767172502.3452382,-4,1,-141
1767172502.3552382,-4,-3,-139
1767172502.3652382,-5,-5,-140
1767172502.3752382,-6,-5,-142
1767172502.3852382,-4,-7,-133
1767172502.3952382,-1,-6,-131
1767172502.4052382,-1,-5,-133
1767172502.415238,-1,-4,-135
1767172502.425238,0,-4,-133
1767172502.435238,2,0,-129
1767172502.445238,3,-3,-135
1767172502.455238,2,-4,-141
1767172502.465238,3,-3,-143
1767172502.475238,0,-1,-140
1767172502.485238,2,2,-139
1767172502.495238,1,1,-134
1767172502.505238,-2,1,-133
1767172502.515238,-4,0,-132
1767172502.525238,-8,2,-135
1767172502.5352385,-7,-1,-136
1767172502.5452385,-6,-5,-139
1767172502.5552382,-4,-5,-139
1767172502.5652382,-3,-4,-133
1767172502.5752382,-6,-2,-131
1767172502.5852382,-5,-1,-133
1767172502.5952382,0,-1,-136
1767172502.6052382,1,0,-136
1767172502.6152382,-1,3,-138
1767172502.6252382,-6,0,-144
1767172502.6352382,-5,0,-141
1767172502.6452382,-7,-1,-138
1767172502.6552382,0,0,-140
1767172502.665238,0,2,-141
1767172502.675238,4,5,-141
1767172502.685238,5,2,-139
1767172502.695238,6,0,-137
1767172502.705238,7,0,-136
1767172502.715238,6,-5,-142
1767172502.725238,1,0,-144
1767172502.735238,1,2,-141
1767172502.745238,-4,0,-143
1767172502.755238,1,2,-140
1767172502.765238,2,2,-145
1767172502.775238,0,3,-142
1767172502.7852385,0,0,-145
1767172502.7952385,2,0,-144
1767172502.8052382,6,1,-142
1767172502.8152382,10,0,-145
1767172502.8252382,6,-2,-145
1767172502.8352382,1,0,-140
1767172502.8452382,3,-2,-132
1767172502.8552382,0,0,-135
1767172502.8652382,0,1,-135
1767172502.8752382,2,2,-137
1767172502.8852382,6,4,-140
1767172502.8952382,4,2,-139
1767172502.9052382,2,1,-149
1767172502.915238,-1,2,-151
1767172502.925238,-7,2,-150
1767172502.935238,-5,-1,-148
1767172502.945238,-5,-2,-145
1767172502.955238,-1,1,-146
1767172502.965238,2,-1,-142
1767172502.975238,2,0,-144
1767172502.985238,2,-3,-144
1767172502.995238,-2,0,-142
1767172503.005238,-3,0,-138
1767172503.015238,-3,1,-139
1767172503.025238,2,3,-132
1767172503.0352385,4,0,-133
1767172503.0452385,5,1,-132
1767172503.0552382,4,2,-130
1767172503.0652382,3,2,-135
1767172503.0752382,1,1,-139
1767172503.0852382,-3,4,-142
1767172503.0952382,-4,3,-143
1767172503.1052382,-3,5,-147
1767172503.1152382,-6,8,-142
1767172503.1252382,-3,7,-146
1767172503.1352382,-2,7,-143
1767172503.1452382,-2,2,-139
1767172503.1552382,-5,1,-141
1767172503.165238,-3,0,-137
1767172503.175238,-1,0,-130
1767172503.185238,-4,0,-131
1767172503.195238,-8,-5,-141
1767172503.205238,-7,-3,-144
1767172503.215238,-2,-1,-143
1767172503.225238,0,-3,-137
1767172503.235238,-1,-1,-141
1767172503.245238,-2,0,-143
1767172503.255238,-3,-2,-136
1767172503.265238,0,-4,-135
1767172503.275238,0,-2,-143
1767172503.2852385,8,-1,-140
1767172503.2952385,7,-3,-140
1767172503.3052382,7,0,-139
1767172503.3152382,5,0,-146
1767172503.3252382,2,0,-147
1767172503.3352382,-1,-1,-148
1767172503.3452382,-8,-6,-150
1767172503.3552382,-8,-1,-147
1767172503.3652382,-6,3,-152
1767172503.3752382,-7,1,-159
1767172503.3852382,-1,-1,-155
1767172503.3952382,0,0,-151
1767172503.4052382,2,-2,-147
1767172503.415238,0,-2,-147
1767172503.425238,-2,1,-150
1767172503.435238,-2,6,-146
1767172503.445238,-4,3,-150
1767172503.455238,-1,4,-150
1767172503.465238,-1,4,-149
1767172503.475238,0,1,-147
1767172503.485238,0,2,-146
1767172503.495238,0,2,-142
1767172503.505238,-3,3,-143
1767172503.515238,-3,2,-143
1767172503.525238,-3,4,-146
1767172503.5352385,-3,5,-139
1767172503.5452385,-2,3,-143
1767172503.5552382,-6,-1,-148
1767172503.5652382,-4,-3,-148
1767172503.586238,0,0,-144
1767172503.5952382,-3,0,-139
1767172503.6052382,-8,2,-134
1767172503.6152382,-9,-3,-137
1767172503.6252382,-10,-7,-133
1767172503.6352382,-8,-5,-138
1767172503.6452382,-8,1,-141
1767172503.6552382,-8,0,-135
1767172503.665238,-7,1,-136
1767172503.675238,-6,1,-135
1767172503.685238,-2,0,-133
1767172503.695238,-2,-3,-131
1767172503.705238,-1,-3,-132
1767172503.715238,-1,-2,-140
1767172503.725238,-4,0,-139
1767172503.735238,-4,0,-136
1767172503.745238,-2,4,-129
1767172503.755238,-1,3,-131
1767172503.765238,4,1,-130
1767172503.775238,6,4,-123
1767172503.7852385,5,5,-125
1767172503.7952385,5,1,-130
1767172503.8052382,-1,-1,-133
1767172503.8152382,-1,2,-133
1767172503.8252382,0,2,-138
1767172503.8352382,-3,3,-138
1767172503.8452382,-3,8,-140
1767172503.8552382,-7,4,-139
1767172503.8652382,-3,2,-141
1767172503.8752382,-1,1,-139
1767172503.8852382,-2,-2,-137
1767172503.8952382,-4,-4,-138
1767172503.9052382,-4,-5,-134
1767172503.915238,0,-5,-132
1767172503.925238,0,-7,-132
1767172503.935238,0,-7,-129
1767172503.945238,-2,-10,-126
1767172503.955238,-2,-7,-130
1767172503.965238,-4,-5,-136
1767172503.975238,-4,-2,-133
1767172503.985238,-3,-1,-129
1767172503.995238,-1,-1,-131
1767172504.005238,2,0,-124
1767172504.015238,2,0,-132
1767172504.025238,0,-1,-134
1767172504.0362382,-2,-1,-130
1767172504.0452385,0,-1,-134
1767172504.0562382,2,-2,-135
1767172504.0652382,1,0,-133
1767172504.0762382,1,3,-139
1767172504.086238,0,5,-140
1767172504.096238,-1,6,-133
1767172504.106238,-2,5,-126
1767172504.116238,4,2,-126
1767172504.126238,2,-1,-130
1767172504.136238,2,-5,-134
1767172504.146238,6,-4,-128
1767172504.156238,1,-4,-134
1767172504.166238,1,-3,-137
1767172504.176238,-2,-4,-135
1767172504.186238,-3,-7,-143
1767172504.196238,0,-3,-150
1767172504.2062385,0,-2,-150
1767172504.2162385,-1,-5,-142
1767172504.2262385,-1,-4,-140
1767172504.2362382,-3,0,-138
1767172504.2462382,0,-2,-141
1767172504.2562382,-3,-4,-143
1767172504.2662382,-4,-1,-139
1767172504.2762382,-6,-1,-138
1767172504.2862382,-7,-2,-140
1767172504.2962382,-6,-1,-143
1767172504.3062382,-3,0,-144
1767172504.3162382,-5,-3,-138
1767172504.3262382,-3,-6,-134
1767172504.336238,-4,-5,-143
1767172504.346238,-4,-5,-142
1767172504.356238,-7,-6,-140
1767172504.366238,-8,-4,-138
1767172504.376238,-2,-1,-137
1767172504.386238,-6,-2,-131
1767172504.396238,-10,-5,-133
1767172504.406238,-9,-8,-137
1767172504.416238,-8,-7,-139
1767172504.426238,-4,-4,-137
1767172504.436238,0,-8,-138
1767172504.446238,1,-8,-140
1767172504.4562385,4,-6,-141
1767172504.4662385,5,-6,-141
1767172504.4762385,6,-4,-138
1767172504.4862382,2,-4,-138
1767172504.4962382,1,-1,-144
1767172504.5062382,3,0,-141
1767172504.5162382,5,3,-138
1767172504.5262382,4,0,-136
1767172504.5362382,3,-1,-136
1767172504.5462382,3,0,-136
1767172504.5562382,2,1,-135
1767172504.5662382,3,2,-135
1767172504.5762382,5,3,-139
1767172504.586238,6,1,-138
1767172504.596238,2,1,-136
1767172504.606238,2,1,-144
1767172504.616238,1,-1,-142
1767172504.626238,4,1,-136
1767172504.636238,2,-1,-133
1767172504.646238,1,-6,-135
1767172504.656238,0,-5,-131
1767172504.666238,-2,-5,-132
1767172504.676238,-4,-5,-136
1767172504.686238,-2,-5,-136
1767172504.696238,0,-9,-134
1767172504.7062385,1,-8,-141
1767172504.7162385,1,-5,-143
1767172504.7262385,0,-5,-144
1767172504.7362382,1,-3,-143
1767172504.7462382,-1,-1,-147
1767172504.7562382,-2,0,-147
1767172504.7662382,2,-3,-145
1767172504.7762382,0,-1,-148
1767172504.7862382,-1,-1,-147
1767172504.7962382,-5,4,-145
1767172504.8062382,0,8,-140
1767172504.8162382,0,7,-138
1767172504.8262382,4,7,-138
1767172504.836238,0,7,-132
1767172504.846238,-4,5,-129
1767172504.856238,-5,2,-131
1767172504.866238,-1,4,-132
1767172504.876238,4,0,-131
1767172504.886238,2,2,-128
1767172504.896238,3,0,-129
1767172504.906238,-2,2,-122
1767172504.916238,-3,-1,-132
1767172504.926238,-2,-2,-130
1767172504.936238,-1,-4,-129
1767172504.946238,2,-5,-133
1767172504.9562385,1,-4,-142
1767172504.9662385,2,-8,-141
1767172504.9762385,4,-10,-145
1767172504.9862382,8,-9,-144
1767172504.9962382,7,-8,-146
1767172505.0062382,4,-3,-146
1767172505.0162382,4,-1,-142
1767172505.0262382,4,-1,-143
1767172505.0362382,6,0,-141
1767172505.0462382,7,0,-145
1767172505.0562382,3,2,-142
1767172505.0662382,2,3,-141
1767172505.0762382,2,4,-142
1767172505.086238,1,8,-141
1767172505.096238,1,8,-139
1767172505.106238,6,7,-139
1767172505.116238,4,1,-146
1767172505.126238,6,0,-136
1767172505.136238,7,-1,-136
1767172505.146238,10,0,-141
1767172505.156238,10,-3,-139
1767172505.166238,7,-1,-145
1767172505.176238,6,0,-140
1767172505.186238,1,0,-139
1767172505.196238,4,-1,-136
1767172505.2062385,3,-3,-135
1767172505.2162385,2,-3,-129
1767172505.2262385,2,-6,-132
1767172505.2362382,1,-7,-133
1767172505.2462382,4,-10,-133
1767172505.2562382,3,-7,-132
1767172505.2662382,6,-4,-142
1767172505.2762382,2,-3,-147
1767172505.2862382,3,-6,-145
1767172505.2962382,2,-5,-148
1767172505.3062382,-2,-5,-146
1767172505.3162382,0,-6,-143
1767172505.3262382,-6,-8,-144
1767172505.336238,-5,-10,-143
1767172505.346238,-1,-8,-141
1767172505.357238,0,-5,-143
1767172505.366238,-1,-2,-144
1767172505.376238,-1,-1,-140
1767172505.386238,-2,-5,-141
1767172505.396238,-5,-5,-139
1767172505.406238,0,-4,-140
1767172505.416238,-1,-2,-139
1767172505.426238,-1,0,-137
1767172505.436238,1,-1,-132
1767172505.446238,1,0,-134
1767172505.4562385,4,1,-137
1767172505.4662385,5,0,-135
1767172505.4762385,1,1,-133
1767172505.4862382,-2,0,-143
1767172505.4962382,0,0,-146
1767172505.5062382,3,0,-141
1767172505.5162382,6,-1,-134
1767172505.5262382,7,3,-132
1767172505.5362382,2,4,-136
1767172505.5462382,-1,5,-130
1767172505.5562382,1,4,-130
1767172505.5662382,0,0,-127
1767172505.5762382,0,0,-133
1767172505.586238,0,2,-136
1767172505.596238,-9,3,-134
1767172505.606238,-13,2,-138
1767172505.616238,-14,0,-140
1767172505.626238,-14,1,-138
1767172505.636238,-12,-2,-134
1767172505.646238,-6,-1,-127
1767172505.656238,-7,-1,-134
1767172505.666238,0,-1,-137
1767172505.676238,-1,-3,-140
1767172505.686238,-2,-2,-143
1767172505.696238,0,-3,-141
1767172505.7062385,-1,-2,-138
1767172505.7162385,0,-7,-137
1767172505.7262385,0,-11,-141
1767172505.7362382,1,-8,-136
1767172505.7462382,-2,-6,-132
1767172505.7562382,-1,-7,-135
1767172505.7662382,-2,-7,-134
1767172505.7762382,-1,-9,-135
1767172505.7862382,-2,-9,-142
1767172505.7962382,-1,-8,-136
1767172505.8062382,-3,-6,-132
1767172505.8162382,-3,-7,-130
1767172505.8262382,-3,-4,-124
1767172505.836238,-2,-3,-126
1767172505.846238,0,-1,-127
1767172505.856238,0,0,-127
1767172505.866238,-2,0,-127
1767172505.876238,1,0,-132
1767172505.886238,0,0,-140
1767172505.896238,0,-2,-151
1767172505.906238,0,1,-153
1767172505.916238,0,0,-150
1767172505.926238,0,0,-141
1767172505.936238,2,0,-137
1767172505.946238,3,-2,-128
1767172505.9562385,3,-2,-124
1767172505.9662385,10,-2,-125
1767172505.9762385,8,-2,-128
1767172505.9862382,5,-5,-134
1767172505.9962382,3,-5,-141
1767172506.0062382,1,-3,-141
1767172506.0162382,-2,-3,-151
1767172506.0262382,-4,-1,-148
1767172506.0362382,0,-2,-147
1767172506.0462382,0,-1,-146
1767172506.0562382,0,1,-145
1767172506.0662382,0,0,-144
1767172506.0762382,0,-1,-145
1767172506.086238,0,-2,-143
1767172506.096238,0,-6,-144
1767172506.106238,2,-6,-143
1767172506.116238,0,-4,-145
1767172506.126238,0,-2,-143
1767172506.136238,-3,0,-142
1767172506.146238,-3,0,-144
1767172506.156238,-2,0,-141
1767172506.166238,-1,0,-141
1767172506.176238,-5,-1,-143
1767172506.186238,-2,-2,-143
1767172506.196238,-5,-4,-137
1767172506.2062385,0,-4,-128
1767172506.2162385,1,-2,-126
1767172506.2262385,0,-1,-129
1767172506.2362382,1,0,-131
1767172506.2462382,1,1,-135
1767172506.2562382,4,-5,-143
1767172506.2662382,0,-9,-142
1767172506.2762382,-3,-7,-142
1767172506.2862382,0,-1,-137
1767172506.2962382,0,4,-131
1767172506.3062382,0,7,-133
1767172506.3162382,-6,3,-129
1767172506.3262382,-4,0,-131
1767172506.336238,-3,2,-132
1767172506.346238,-2,1,-135
1767172506.356238,-1,1,-132
1767172506.366238,-1,5,-130
1767172506.376238,4,0,-133
1767172506.386238,3,2,-138
1767172506.396238,3,1,-140
1767172506.406238,1,0,-138
1767172506.416238,5,-2,-133
1767172506.426238,4,2,-131
1767172506.436238,6,2,-130
1767172506.446238,7,0,-129
1767172506.4562385,6,-2,-133
1767172506.4662385,7,-1,-131
1767172506.4762385,9,-3,-133
1767172506.4862382,5,-5,-133
1767172506.4962382,1,-2,-135
1767172506.5062382,3,-3,-137
1767172506.5162382,4,0,-140
1767172506.5262382,6,1,-135
1767172506.5362382,1,0,-136
1767172506.5462382,3,-1,-138
1767172506.5562382,4,2,-132
1767172506.5662382,0,0,-130
1767172506.5762382,0,2,-126
1767172506.586238,-3,2,-129
1767172506.596238,-3,2,-134
1767172506.607238,-8,3,-131
1767172506.617238,-8,4,-132
1767172506.627238,-4,5,-128
1767172506.6372385,-1,2,-131
1767172506.6472385,2,2,-128
1767172506.6572382,3,3,-128
1767172506.6672382,3,2,-134
1767172506.6772382,2,4,-140
1767172506.6872382,1,5,-143
1767172506.6972382,2,3,-148
1767172506.7072382,1,2,-146
1767172506.7172382,-3,3,-141
1767172506.7272382,-2,2,-150
1767172506.7372382,-6,2,-147
1767172506.7472382,-5,2,-147
1767172506.757238,-8,0,-147
1767172506.767238,-5,-5,-151
1767172506.777238,-7,-7,-147
1767172506.787238,-8,-8,-145
1767172506.797238,-9,-8,-149
1767172506.807238,-14,-5,-151
1767172506.817238,-9,-1,-139
1767172506.827238,-9,1,-146
1767172506.837238,-5,-1,-146
1767172506.847238,2,-1,-143
1767172506.857238,4,-1,-146
1767172506.867238,4,-3,-150
1767172506.877238,1,-6,-145
1767172506.8872385,0,-3,-143
1767172506.8972385,1,-4,-137
1767172506.9072382,0,-7,-137
1767172506.9172382,0,-8,-144
1767172506.9272382,2,-5,-140
1767172506.9372382,0,-5,-139
1767172506.9472382,-2,0,-142
1767172506.9572382,-1,-4,-141
1767172506.9672382,-2,-6,-138
1767172506.9772382,0,-5,-139
1767172506.9872382,3,-4,-136
1767172506.9972382,0,-1,-134
1767172507.007238,0,-2,-129
1767172507.017238,4,-1,-131
1767172507.027238,7,-2,-132
1767172507.037238,9,-2,-131
1767172507.047238,4,-1,-136
1767172507.057238,0,-1,-136
1767172507.067238,-1,2,-140
1767172507.077238,3,3,-142
1767172507.087238,2,2,-145
1767172507.097238,4,2,-143
1767172507.107238,5,0,-145
1767172507.117238,5,-1,-147
1767172507.127238,0,-5,-144
1767172507.1372385,-1,-1,-146
1767172507.1472385,-3,-2,-144
1767172507.1572382,-4,2,-142
1767172507.1672382,-4,2,-140
1767172507.1772382,-2,1,-141
1767172507.1872382,-2,0,-137
1767172507.1972382,-3,-3,-137
1767172507.2072382,5,-6,-137
1767172507.2172382,6,-9,-135
1767172507.2272382,4,-8,-136
1767172507.2372382,2,-6,-139
1767172507.2472382,-1,-8,-140
1767172507.257238,-3,-6,-136
1767172507.267238,-5,0,-134
1767172507.277238,-2,-1,-134
1767172507.287238,2,-1,-134
1767172507.297238,2,1,-130
1767172507.307238,3,-2,-134
1767172507.317238,-1,2,-142
1767172507.327238,-3,2,-142
1767172507.337238,-3,0,-141
1767172507.347238,-3,-2,-144
1767172507.357238,-1,-7,-143
1767172507.367238,4,-5,-146
1767172507.377238,8,-3,-139
1767172507.3872385,8,1,-136
1767172507.3972385,7,-1,-135
1767172507.4072382,3,0,-133
1767172507.4172382,-2,0,-135
1767172507.4272382,-10,-1,-136
1767172507.4372382,-12,-1,-148
1767172507.4472382,-9,0,-148
1767172507.4572382,-7,-2,-139
1767172507.4672382,-8,0,-134
1767172507.4772382,-6,0,-132
1767172507.4872382,-6,0,-141
1767172507.4972382,-5,-3,-144
1767172507.507238,-4,-1,-142
1767172507.517238,-1,-3,-141
1767172507.527238,0,-3,-137
1767172507.537238,-4,-3,-133
1767172507.547238,-2,-4,-133
1767172507.557238,-6,-4,-140
1767172507.567238,-7,-4,-147
1767172507.577238,-6,-5,-142
1767172507.587238,-3,-8,-144
1767172507.597238,-3,-6,-141
1767172507.607238,-2,-6,-139
1767172507.617238,-3,-6,-144
1767172507.627238,0,-3,-140
1767172507.6372385,-2,-6,-139
1767172507.6472385,-1,-12,-142
1767172507.6572382,2,-10,-150
1767172507.6672382,2,-7,-152
1767172507.6772382,2,-5,-153
1767172507.6872382,3,-1,-150
1767172507.6972382,-3,-3,-147
1767172507.7072382,-1,-6,-142
1767172507.7172382,-1,-2,-143
1767172507.7272382,-1,0,-136
1767172507.7372382,0,4,-138
1767172507.7472382,-3,4,-140
1767172507.757238,-1,2,-136
1767172507.767238,0,-2,-139
1767172507.777238,-3,-4,-135
1767172507.787238,0,-2,-136
1767172507.797238,0,2,-143
1767172507.807238,0,5,-142
1767172507.817238,1,4,-138
1767172507.827238,0,2,-135
1767172507.837238,-4,2,-132
1767172507.847238,-2,1,-138
1767172507.857238,0,0,-138
1767172507.867238,-1,1,-136
1767172507.877238,0,4,-141
1767172507.8872385,0,1,-138
1767172507.8972385,-3,1,-132
1767172507.9072382,-2,1,-134
1767172507.9172382,-3,4,-132
1767172507.9272382,-5,4,-135
1767172507.9372382,-3,4,-128
1767172507.9472382,2,5,-132
1767172507.9572382,6,3,-128
1767172507.9672382,11,1,-128
1767172507.9772382,14,-4,-135
1767172507.9872382,9,-1,-142
1767172507.9972382,9,0,-147
1767172508.007238,9,0,-149
1767172508.017238,5,0,-152
1767172508.027238,3,-1,-152
1767172508.037238,3,-2,-156
1767172508.047238,6,-4,-146
1767172508.057238,2,-3,-145
1767172508.067238,1,-4,-141
1767172508.077238,1,-2,-139
1767172508.087238,1,-5,-137
1767172508.097238,0,-4,-134
1767172508.107238,4,-2,-136
1767172508.117238,6,0,-140
1767172508.127238,10,2,-137
1767172508.1372385,12,3,-141
1767172508.1472385,7,2,-138
1767172508.1572382,7,0,-136
1767172508.1672382,6,-2,-137
1767172508.1772382,-1,1,-134
1767172508.1872382,-3,1,-139
1767172508.1972382,1,-2,-136
1767172508.2072382,0,-6,-137
1767172508.2172382,0,-4,-141
1767172508.2272382,-1,-4,-141
1767172508.2372382,-3,-3,-141
1767172508.2472382,-6,-4,-138
1767172508.257238,-1,-5,-131
1767172508.267238,0,-1,-130
1767172508.277238,6,0,-130
1767172508.287238,9,0,-130
1767172508.297238,6,1,-124
1767172508.307238,4,0,-126
1767172508.317238,8,-2,-130
1767172508.327238,5,-2,-136
1767172508.337238,8,0,-136
1767172508.347238,9,0,-142
1767172508.357238,4,0,-142
1767172508.367238,0,1,-140
1767172508.377238,0,4,-138
1767172508.3872385,0,6,-134
1767172508.3972385,4,5,-130
1767172508.4072382,0,3,-128
1767172508.4172382,5,2,-131
1767172508.4272382,3,0,-134
1767172508.4372382,4,-4,-133
1767172508.4472382,0,-3,-128
1767172508.4572382,1,-3,-135
1767172508.4672382,-2,0,-139
1767172508.4772382,-1,0,-136
1767172508.4872382,-2,0,-129
1767172508.4972382,-1,0,-135
1767172508.507238,-2,-1,-138
1767172508.517238,-4,-3,-140
1767172508.527238,-6,-2,-143
1767172508.537238,-11,-5,-146
1767172508.547238,-9,-4,-147
1767172508.557238,-5,-3,-146
1767172508.567238,-11,-4,-144
1767172508.577238,-8,-6,-142
1767172508.5992382,-1,-3,-132
1767172508.607238,3,-1,-137
1767172508.617238,5,-3,-132
1767172508.627238,2,-4,-130
1767172508.6372385,0,-3,-134
1767172508.6472385,0,-4,-133
1767172508.6572382,-1,0,-129
1767172508.6672382,1,3,-129
1767172508.6772382,-4,0,-132
1767172508.6872382,-5,0,-130
1767172508.6972382,-8,-4,-133
1767172508.7072382,-6,-10,-132
1767172508.7172382,-7,-7,-130
1767172508.7272382,-8,-8,-134
1767172508.7372382,-7,-8,-136
1767172508.7472382,-9,-7,-138
1767172508.757238,-7,-4,-142
1767172508.767238,-3,-4,-141
1767172508.777238,0,-5,-141
1767172508.787238,-3,-3,-137
1767172508.797238,-7,-2,-136
1767172508.807238,0,-3,-136
1767172508.817238,0,-2,-143
1767172508.827238,0,0,-145
1767172508.837238,-1,0,-137
1767172508.847238,1,-2,-136
1767172508.857238,5,-2,-137
1767172508.867238,4,-4,-138
1767172508.877238,0,-1,-140
1767172508.8872385,-4,-2,-138
1767172508.8972385,-5,-2,-137
1767172508.9072382,-6,-2,-133
1767172508.9172382,-3,-5,-131
1767172508.9272382,-3,-6,-142
1767172508.9372382,-1,-4,-137
1767172508.9472382,-1,-3,-132
1767172508.9572382,-1,-6,-127
1767172508.9672382,-1,-6,-126
1767172508.9772382,-1,-3,-128
1767172508.9872382,0,-7,-128
1767172508.9972382,2,-7,-126
1767172509.007238,1,-5,-135
1767172509.017238,0,-2,-139
1767172509.027238,-3,0,-138
1767172509.037238,0,0,-138
1767172509.047238,-5,0,-142
1767172509.057238,-3,2,-145
1767172509.067238,-2,-1,-145
1767172509.077238,-7,0,-144
1767172509.087238,-5,0,-138
1767172509.097238,-2,-7,-134
1767172509.107238,-2,-9,-131
1767172509.117238,-1,-6,-133
1767172509.127238,-7,-2,-140
1767172509.1372385,-10,-1,-137
1767172509.1482382,-11,-1,-139
1767172509.1582382,-4,-1,-136
1767172509.1672382,-5,-3,-134
1767172509.1772382,-7,-2,-133
1767172509.1872382,-5,-1,-136
1767172509.1972382,-1,0,-136
1767172509.2072382,-2,2,-142
1767172509.218238,0,3,-146
1767172509.228238,0,1,-145
1767172509.238238,1,0,-135
1767172509.248238,-1,-2,-130
1767172509.258238,0,-1,-133
1767172509.268238,-1,-3,-138
1767172509.278238,1,-5,-133
1767172509.288238,1,0,-132
1767172509.298238,4,2,-139
1767172509.3082385,6,0,-141
1767172509.3182385,7,0,-140
1767172509.3282382,1,1,-140
1767172509.3382382,0,0,-148
1767172509.3482382,1,0,-153
1767172509.3582382,2,0,-149
1767172509.3682382,0,3,-153
1767172509.3782382,2,-1,-153
1767172509.3882382,1,-4,-150
1767172509.3982382,0,-7,-150
1767172509.4082382,0,-6,-148
1767172509.4182382,4,-1,-142
1767172509.4282382,8,-3,-146
1767172509.438238,3,-3,-146
1767172509.448238,4,-2,-148
1767172509.458238,0,-4,-144
1767172509.468238,-2,-2,-146
1767172509.478238,-5,2,-144
1767172509.488238,-5,-2,-148
1767172509.498238,-6,-4,-148
1767172509.508238,-6,-4,-142
1767172509.518238,-8,-6,-137
1767172509.528238,-8,-5,-135
1767172509.538238,-5,-3,-136
1767172509.548238,-2,-1,-133
1767172509.5582385,-3,-3,-128
1767172509.5682385,-3,-1,-124
1767172509.5782382,-7,-2,-126
1767172509.5882382,-5,-2,-130
1767172509.5982382,-2,0,-136
1767172509.6082382,-4,0,-137
1767172509.6182382,-6,-1,-142
1767172509.6282382,-2,-1,-140
1767172509.6382382,1,-1,-140
1767172509.6482382,2,-2,-146
1767172509.6582382,0,0,-149
1767172509.6682382,2,2,-143
1767172509.6782382,1,4,-141
1767172509.688238,0,-1,-140
1767172509.698238,2,-2,-136
1767172509.708238,4,-3,-128
1767172509.718238,3,-1,-129
1767172509.728238,5,0,-135
1767172509.738238,4,2,-139
1767172509.748238,1,3,-136
1767172509.758238,-4,0,-131
1767172509.768238,-1,2,-129
1767172509.778238,2,1,-137
1767172509.788238,4,2,-138
1767172509.798238,8,0,-138
1767172509.8082385,3,-2,-135
1767172509.8182385,4,-2,-128
1767172509.8282382,5,-1,-128
1767172509.8382382,4,0,-130
1767172509.8482382,0,0,-136
1767172509.8582382,-1,-2,-141
1767172509.8682382,1,-3,-143
1767172509.8782382,1,-6,-140
1767172509.8882382,0,-7,-146
1767172509.8982382,-3,-3,-147
1767172509.9082382,-2,-1,-145
1767172509.9182382,-1,0,-146
1767172509.9282382,-2,0,-147
1767172509.938238,0,-1,-151
1767172509.948238,-2,-4,-147
1767172509.958238,1,-1,-139
1767172509.968238,3,-1,-138
1767172509.978238,4,0,-133
1767172509.988238,0,0,-131
1767172509.998238,1,2,-133
1767172510.008238,-1,-1,-138
1767172510.018238,-2,-6,-136
1767172510.028238,-2,-4,-138
1767172510.038238,0,-4,-136
1767172510.048238,-1,0,-137
1767172510.0582385,-3,-1,-136
1767172510.0682385,-4,2,-141
1767172510.0782382,-4,0,-146
1767172510.0882382,-2,0,-145
1767172510.0982382,2,2,-140
1767172510.1082382,-1,1,-136
1767172510.1182382,-2,1,-132
1767172510.1282382,-6,0,-128
1767172510.1382382,-1,2,-131
1767172510.1482382,1,-5,-131
1767172510.1582382,0,-2,-134
1767172510.1682382,0,-6,-134
1767172510.1782382,0,-4,-134
1767172510.188238,-2,-1,-131
1767172510.198238,-5,1,-137
1767172510.208238,-5,2,-140
1767172510.218238,-2,1,-138
1767172510.228238,0,2,-141
1767172510.238238,0,6,-142
1767172510.248238,-4,9,-138
1767172510.258238,2,5,-134
1767172510.268238,1,5,-137
1767172510.278238,-1,5,-134
1767172510.288238,0,4,-135
1767172510.298238,0,5,-131
1767172510.3082385,0,5,-134
1767172510.3182385,4,1,-134
1767172510.3282382,8,-1,-131
1767172510.3382382,5,-1,-132
1767172510.3482382,0,1,-134
1767172510.3582382,-1,-2,-129
1767172510.3682382,-1,-3,-128
1767172510.3782382,-2,-6,-126
1767172510.3882382,-2,-7,-138
1767172510.3982382,-1,-6,-138
1767172510.4082382,-3,-4,-141
1767172510.4182382,-3,-4,-145
1767172510.4282382,-2,-4,-147
1767172510.438238,1,-2,-143
1767172510.448238,0,1,-144
1767172510.458238,-2,-1,-144
1767172510.468238,0,-5,-138
1767172510.478238,5,-3,-137
1767172510.488238,10,-3,-138
1767172510.498238,8,-4,-141
1767172510.508238,5,-2,-140
1767172510.518238,0,-1,-144
1767172510.528238,1,-3,-138
1767172510.538238,1,0,-138
1767172510.548238,6,-1,-135
1767172510.5582385,5,-1,-140
1767172510.5682385,4,1,-138
1767172510.5782382,4,1,-140
1767172510.5882382,0,6,-146
1767172510.5982382,1,6,-140
1767172510.6082382,1,0,-140
1767172510.6182382,-1,2,-137
1767172510.6282382,0,4,-137
1767172510.6382382,3,1,-142
1767172510.6482382,1,-2,-145
1767172510.6582382,-1,-3,-138
1767172510.6682382,-3,-1,-132
1767172510.6782382,-5,-2,-134
1767172510.688238,-12,-3,-131
1767172510.698238,-7,-3,-127
1767172510.708238,-6,-5,-128
1767172510.718238,-2,-4,-129
1767172510.728238,1,-4,-127
1767172510.738238,3,-1,-130
1767172510.748238,1,0,-133
1767172510.758238,4,-2,-130
1767172510.768238,3,-1,-131
1767172510.778238,2,1,-133
1767172510.788238,0,-3,-132
1767172510.798238,1,0,-137
1767172510.8082385,-4,-1,-139
1767172510.8182385,-1,-3,-143
1767172510.8282382,-3,-4,-143
1767172510.8382382,-2,-3,-139
1767172510.8482382,0,-1,-142
1767172510.8582382,0,0,-149
1767172510.8682382,-1,-1,-150
1767172510.8782382,-5,-1,-151
1767172510.8882382,-3,-4,-145
1767172510.8982382,-6,-2,-142
1767172510.9082382,-6,-5,-144
1767172510.9182382,-9,-4,-148
1767172510.9282382,-6,-7,-152
1767172510.938238,-4,-5,-150
1767172510.948238,-5,-5,-146
1767172510.958238,-6,-3,-146
1767172510.968238,-3,-2,-148
1767172510.978238,-5,-1,-147
1767172510.988238,-5,-6,-145
1767172510.998238,-1,-3,-143
1767172511.008238,-1,-2,-141
1767172511.018238,0,-7,-142
1767172511.028238,-2,-10,-139
1767172511.038238,-3,-10,-136
1767172511.048238,-5,-7,-137
1767172511.0582385,-5,-4,-137
1767172511.0682385,-5,-6,-138
1767172511.0782382,-2,-7,-134
1767172511.0882382,0,-8,-133
1767172511.0982382,0,-4,-131
1767172511.1082382,3,-3,-133
1767172511.1182382,3,1,-134
1767172511.1282382,0,-1,-137
1767172511.1382382,3,-1,-140
1767172511.1482382,6,1,-138
1767172511.1582382,4,3,-142
1767172511.1682382,1,2,-147
1767172511.1782382,2,0,-150
1767172511.188238,-1,-3,-152
1767172511.198238,-1,0,-151
1767172511.208238,0,0,-149
1767172511.218238,-5,0,-149
1767172511.228238,-10,-1,-150
1767172511.238238,-5,-1,-149
1767172511.248238,-1,0,-145
1767172511.258238,0,0,-144
1767172511.268238,1,-3,-146
1767172511.278238,2,-8,-141
1767172511.288238,3,-9,-142
1767172511.298238,1,-6,-143
1767172511.3082385,2,-5,-141
1767172511.3182385,4,-2,-137
1767172511.3282382,0,-1,-135
1767172511.3382382,1,-5,-135
1767172511.3482382,3,-8,-135
1767172511.3582382,2,-6,-137
1767172511.3682382,3,-7,-139
1767172511.3782382,7,-7,-140
1767172511.3882382,9,-6,-136
1767172511.3982382,11,-1,-138
1767172511.4082382,12,-1,-141
1767172511.4182382,7,-4,-147
1767172511.4282382,3,-3,-141
1767172511.438238,6,-7,-135
1767172511.448238,7,-7,-141
1767172511.458238,0,-4,-143
1767172511.468238,0,1,-144
1767172511.478238,-2,0,-145
1767172511.488238,-2,0,-145
1767172511.498238,-3,0,-144
1767172511.508238,-8,0,-142
1767172511.518238,-10,-2,-137
1767172511.528238,-4,-1,-141
1767172511.538238,-2,-3,-145
1767172511.548238,0,-2,-146
1767172511.5582385,0,0,-142
1767172511.5682385,-2,1,-137
1767172511.5782382,0,0,-133
1767172511.5882382,0,1,-138
1767172511.5982382,-1,6,-136
1767172511.6082382,-2,8,-135
1767172511.6182382,-1,5,-132
1767172511.6282382,-2,1,-131
1767172511.6382382,-1,0,-135
1767172511.6482382,-2,0,-139
1767172511.6582382,-3,1,-142
1767172511.6682382,0,0,-141
1767172511.6782382,1,0,-141
1767172511.688238,0,2,-142
1767172511.699238,1,3,-147
1767172511.708238,1,2,-146
1767172511.718238,5,4,-148
1767172511.728238,-3,0,-144
1767172511.738238,-3,-5,-141
1767172511.7492385,-1,-2,-143
1767172511.7592382,-2,-1,-145
1767172511.768238,0,0,-141
1767172511.7792382,-3,0,-145
1767172511.7892382,-2,-1,-143
1767172511.7992382,-6,-1,-142
1767172511.8092382,-8,0,-139
1767172511.8192382,-4,-3,-133
1767172511.8292382,-5,-3,-130
1767172511.8392382,-3,-2,-131
1767172511.8492382,-1,-1,-129
1767172511.859238,1,-3,-128
1767172511.869238,1,-3,-132
1767172511.879238,3,-6,-131
1767172511.889238,-2,-5,-127
1767172511.899238,-1,-3,-133
1767172511.909238,0,-7,-134
1767172511.919238,-1,-2,-131
1767172511.929238,2,-2,-137
1767172511.939238,-1,1,-136
1767172511.949238,0,0,-132
1767172511.959238,-2,-1,-131
1767172511.969238,-2,-3,-133
1767172511.9792385,-4,-4,-129
1767172511.9892385,-8,-3,-135
1767172511.9992385,-9,-2,-137
1767172512.0092382,-10,-4,-138
1767172512.0192382,-8,-3,-144
1767172512.0292382,-7,-3,-150
1767172512.0392382,-5,-1,-143
1767172512.0492382,-5,-3,-142
1767172512.0592382,-4,-4,-146
1767172512.0692382,-8,-8,-139
1767172512.0792382,-11,-4,-139
1767172512.0892382,-8,-4,-134
1767172512.0992382,-6,-4,-135
1767172512.109238,-4,-11,-141
1767172512.119238,-3,-4,-154
1767172512.129238,-4,-1,-156
1767172512.139238,-2,-1,-153
1767172512.149238,-4,-3,-153
1767172512.159238,-4,-4,-152
1767172512.169238,0,-5,-146
1767172512.179238,-2,0,-139
1767172512.189238,-1,3,-138
1767172512.199238,-1,1,-133
1767172512.209238,0,0,-132
1767172512.219238,0,4,-128
1767172512.2292385,0,2,-137
1767172512.2392385,-2,1,-134
1767172512.2492385,-3,0,-136
1767172512.2592382,0,-3,-140
1767172512.2692382,1,-7,-146
1767172512.2792382,1,-5,-144
1767172512.2892382,0,-10,-144
1767172512.2992382,1,-8,-138
1767172512.3092382,0,-5,-137
1767172512.3192382,-2,-3,-137
1767172512.3292382,-2,-5,-142
1767172512.3392382,-2,-3,-138
1767172512.3492382,0,-2,-130
1767172512.359238,0,0,-130
1767172512.369238,0,-1,-137
1767172512.379238,-1,-2,-136
1767172512.389238,-2,0,-130
1767172512.399238,-1,-2,-132
1767172512.409238,0,-4,-134
1767172512.419238,0,-9,-134
1767172512.429238,-2,-9,-135
1767172512.439238,-4,-10,-138
1767172512.449238,0,-11,-141
1767172512.459238,-2,-11,-142
1767172512.469238,-5,-11,-140
1767172512.4792385,-2,-6,-136
1767172512.4892385,0,-1,-133
1767172512.4992385,-5,0,-139
1767172512.5092382,-2,-3,-128
1767172512.5192382,0,0,-132
1767172512.5292382,-2,0,-136
1767172512.5392382,-1,-3,-133
1767172512.5492382,0,-2,-131
1767172512.5592382,3,-2,-130
1767172512.5692382,5,-1,-135
1767172512.5792382,4,-4,-131
1767172512.5892382,0,-3,-127
1767172512.5992382,2,0,-136
1767172512.609238,3,0,-145
1767172512.619238,0,-2,-152
1767172512.629238,-1,0,-153
1767172512.639238,-2,1,-154
1767172512.649238,-2,0,-150
1767172512.659238,0,3,-149
1767172512.669238,1,12,-150
1767172512.679238,0,8,-147
1767172512.689238,0,4,-144
1767172512.699238,4,3,-137
1767172512.709238,5,3,-134
1767172512.719238,5,0,-134
1767172512.7292385,3,-1,-132
1767172512.7392385,6,-4,-139
1767172512.7492385,7,-2,-138
1767172512.7592382,5,0,-136
1767172512.7692382,1,1,-132
1767172512.7792382,2,0,-137
1767172512.7892382,0,-2,-135
1767172512.7992382,-1,-4,-135
1767172512.8092382,-1,-5,-138
1767172512.8192382,-3,-8,-133
1767172512.8292382,-1,-5,-129
1767172512.8392382,1,-5,-128
1767172512.8492382,-1,-5,-130
1767172512.859238,-1,-4,-136
1767172512.869238,2,-6,-139
1767172512.879238,4,-1,-132
1767172512.889238,5,-2,-134
1767172512.899238,5,-6,-139
1767172512.909238,4,-3,-137
1767172512.919238,0,-3,-138
1767172512.929238,-1,-4,-136
1767172512.939238,-3,-3,-137
1767172512.949238,-4,-7,-133
1767172512.959238,-2,-9,-139
1767172512.969238,2,-4,-135
1767172512.9792385,0,-1,-128
1767172512.9892385,3,-3,-130
1767172512.9992385,0,-1,-137
1767172513.0092382,-4,-1,-142
1767172513.0192382,-6,-2,-150
1767172513.0292382,-6,0,-147
1767172513.0392382,0,5,-140
1767172513.0492382,0,1,-138
1767172513.0592382,-2,2,-143
1767172513.0692382,0,1,-139
1767172513.0792382,0,2,-139
1767172513.0892382,1,3,-137
1767172513.0992382,3,1,-137
1767172513.109238,2,0,-133
1767172513.119238,0,1,-133
1767172513.129238,-1,-2,-128
1767172513.139238,-1,-3,-132
1767172513.149238,-1,-4,-129
1767172513.159238,-2,-11,-130
1767172513.169238,0,-12,-139
1767172513.179238,0,-13,-137
1767172513.189238,4,-10,-135
1767172513.199238,0,-6,-133
1767172513.209238,0,-5,-130
1767172513.219238,0,-3,-133
1767172513.2292385,-1,-7,-133
1767172513.2392385,1,-5,-131
1767172513.2492385,2,-5,-130
1767172513.2592382,2,-8,-128
1767172513.2692382,2,-5,-132
1767172513.2792382,6,0,-137
1767172513.2892382,7,-1,-133
1767172513.2992382,1,0,-135
1767172513.3092382,-1,1,-137
1767172513.3192382,-2,4,-136
1767172513.3292382,-1,0,-141
1767172513.3392382,2,2,-146
1767172513.3492382,-3,5,-146
1767172513.359238,-1,8,-138
1767172513.369238,0,5,-138
1767172513.379238,0,2,-136
1767172513.389238,0,3,-136
1767172513.399238,4,4,-135
1767172513.409238,9,2,-136
1767172513.419238,7,-2,-130
1767172513.429238,4,0,-126
1767172513.439238,8,1,-132
1767172513.449238,4,1,-138
1767172513.459238,3,0,-134
1767172513.469238,5,0,-130
1767172513.4792385,6,5,-134
1767172513.4892385,1,3,-136
1767172513.4992385,-5,-2,-134
1767172513.5092382,-8,-3,-136
1767172513.5192382,-5,0,-132
1767172513.5292382,-6,-2,-140
1767172513.5392382,-8,-2,-132
1767172513.5492382,-5,-3,-134
1767172513.5592382,-4,-7,-134
1767172513.5692382,0,-9,-134
1767172513.5792382,0,-10,-134
1767172513.5892382,8,-7,-132
1767172513.610238,4,-6,-131
1767172513.619238,5,-9,-134
1767172513.629238,3,-7,-132
1767172513.639238,7,-6,-130
1767172513.649238,10,-8,-141
1767172513.659238,1,-10,-147
1767172513.669238,-4,-8,-143
1767172513.679238,-6,-3,-137
1767172513.689238,-8,-3,-138
1767172513.699238,-4,-4,-137
1767172513.709238,0,-3,-133
1767172513.719238,0,-2,-137
1767172513.7292385,-1,0,-135
1767172513.7392385,3,0,-139
1767172513.7492385,1,0,-143
1767172513.7592382,0,0,-139
1767172513.7692382,-3,-3,-137
1767172513.7792382,-2,-5,-136
1767172513.7892382,0,-4,-137
1767172513.7992382,0,-4,-135
1767172513.8092382,0,-8,-137
1767172513.8192382,2,-8,-135
1767172513.8292382,4,-8,-130
1767172513.8392382,5,-6,-129
1767172513.8492382,-2,-4,-128
1767172513.859238,-1,-2,-134
1767172513.869238,0,-6,-137
1767172513.879238,3,-5,-140
1767172513.889238,-1,-14,-140
1767172513.899238,-1,-13,-139
1767172513.909238,0,-13,-137
1767172513.919238,0,-13,-142
1767172513.929238,0,-12,-143
1767172513.939238,-3,-13,-142
1767172513.949238,0,-9,-141
1767172513.959238,-2,-10,-142
1767172513.969238,-3,-6,-140
1767172513.9792385,-1,-4,-135
1767172513.9892385,0,-5,-136
1767172513.9992385,0,0,-134
1767172514.0092382,-2,1,-134
1767172514.0192382,-6,0,-133
1767172514.0292382,-5,1,-138
1767172514.0392382,-7,-3,-138
1767172514.0492382,-9,-5,-134
1767172514.0592382,-4,-5,-130
1767172514.0692382,-3,-6,-125
1767172514.0792382,-3,0,-126
1767172514.0892382,-3,-1,-128
1767172514.0992382,-1,-2,-127
1767172514.109238,0,-4,-128
1767172514.119238,0,-5,-132
1767172514.129238,0,-3,-138
1767172514.139238,4,-3,-138
1767172514.149238,5,-1,-136
1767172514.159238,2,-3,-135
1767172514.169238,7,-5,-135
1767172514.179238,5,-1,-141
1767172514.189238,3,-1,-149
1767172514.199238,0,0,-150
1767172514.209238,-1,0,-153
1767172514.219238,-2,-1,-151
1767172514.2292385,-8,0,-151
1767172514.2392385,-4,-1,-148
1767172514.2492385,-1,0,-149
1767172514.2592382,1,-2,-143
1767172514.2692382,0,0,-135
1767172514.2792382,0,1,-140
1767172514.2892382,-3,-1,-136
1767172514.2992382,-4,3,-132
1767172514.310238,-1,5,-137
1767172514.320238,0,3,-136
1767172514.330238,3,0,-134
1767172514.340238,3,0,-136
1767172514.3492382,4,-1,-138
1767172514.360238,9,-2,-139
1767172514.370238,7,-2,-133
1767172514.380238,3,-4,-135
1767172514.390238,1,0,-139
1767172514.400238,0,-2,-143
1767172514.4102385,-2,-1,-141
1767172514.4202385,-5,-1,-139
1767172514.4302382,-4,-3,-134
1767172514.4402382,0,-3,-135
1767172514.4502382,2,0,-138
1767172514.4602382,3,-1,-146
1767172514.4702382,3,0,-150
1767172514.4802382,3,-3,-153
1767172514.4902382,1,-6,-148
1767172514.5002382,0,-6,-147
1767172514.5102382,0,-8,-151
1767172514.5202382,-3,-10,-150
1767172514.5302382,-1,-5,-150
1767172514.540238,-3,-6,-155
1767172514.550238,-3,-6,-150
1767172514.560238,0,-6,-145
1767172514.570238,-4,-3,-140
1767172514.580238,-5,-4,-141
1767172514.590238,-6,-5,-143
1767172514.600238,-5,-4,-140
1767172514.610238,0,-2,-133
1767172514.620238,-1,-2,-134
1767172514.630238,-1,-5,-132
1767172514.640238,-3,-4,-128
1767172514.650238,1,-4,-132
1767172514.6602385,2,-2,-135
1767172514.6702385,0,-2,-137
1767172514.6802382,1,-4,-138
1767172514.6902382,2,-5,-139
1767172514.7002382,0,-1,-133
1767172514.7102382,0,-2,-133
1767172514.7202382,0,-4,-134
1767172514.7302382,2,-2,-131
1767172514.7402382,-3,-4,-140
1767172514.7502382,0,-2,-145
1767172514.7602382,0,3,-145
1767172514.7702382,-4,7,-145
1767172514.7802382,-2,3,-135
1767172514.790238,1,2,-139
1767172514.800238,2,4,-143
1767172514.810238,1,4,-140
1767172514.820238,3,0,-131
1767172514.830238,7,-2,-132
1767172514.840238,5,-1,-132
1767172514.850238,6,3,-133
1767172514.860238,9,4,-139
1767172514.870238,7,7,-145
1767172514.880238,7,8,-148
1767172514.890238,4,4,-146
1767172514.900238,3,2,-140
1767172514.9102385,0,4,-138
1767172514.9202385,1,3,-137
1767172514.9302382,0,0,-132
1767172514.9402382,0,1,-130
1767172514.9502382,-4,0,-127
1767172514.9602382,-5,0,-128
1767172514.9702382,-4,-2,-127
1767172514.9802382,0,-6,-125
1767172514.9902382,-1,-5,-133
1767172515.0002382,-1,0,-137
1767172515.0102382,-4,0,-140
1767172515.0202382,-8,-1,-141
1767172515.0302382,-8,0,-138
1767172515.040238,-7,0,-142
1767172515.050238,-7,0,-145
1767172515.060238,-1,-4,-139
1767172515.070238,4,-6,-134
1767172515.080238,2,-5,-134
1767172515.090238,2,-1,-135
1767172515.100238,0,-4,-133
1767172515.110238,1,-3,-138
1767172515.120238,-1,-5,-134
1767172515.130238,-4,-8,-133
1767172515.140238,-1,-9,-133
1767172515.150238,-2,-11,-132
1767172515.1602385,-1,-13,-134
1767172515.1702385,-4,-11,-131
1767172515.1802382,-6,-10,-130
1767172515.1902382,-4,-1,-130
1767172515.2002382,-2,0,-131
1767172515.2102382,-3,3,-131
1767172515.2202382,0,1,-132
1767172515.2302382,0,3,-138
1767172515.2402382,3,0,-134
1767172515.2502382,3,1,-132
1767172515.2602382,1,-1,-139
1767172515.2702382,3,-5,-140
1767172515.2802382,2,-4,-135
1767172515.290238,0,0,-131
1767172515.300238,-1,-4,-133
1767172515.310238,0,-4,-137
1767172515.320238,-3,-6,-133
1767172515.330238,-8,-4,-135
1767172515.340238,-5,-4,-136
1767172515.350238,0,-2,-134
1767172515.360238,-3,-4,-135
1767172515.370238,-7,-1,-135
1767172515.380238,-8,-3,-131
1767172515.390238,-5,-4,-126
1767172515.400238,-6,-2,-131
1767172515.4102385,-5,-4,-132
1767172515.4202385,-5,-3,-138
1767172515.4302382,-5,-3,-131
1767172515.4402382,-8,-1,-130
1767172515.4502382,-5,0,-130
1767172515.4602382,-5,0,-133
1767172515.4702382,-7,-1,-133
1767172515.4802382,-5,-4,-133
1767172515.4902382,-8,-3,-136
1767172515.5002382,-10,-1,-137
1767172515.5102382,-10,0,-136
1767172515.5202382,-12,0,-129
1767172515.5302382,-11,-4,-130
1767172515.540238,-9,-4,-126
1767172515.550238,-4,-4,-128
1767172515.560238,-7,-2,-127
1767172515.570238,-3,0,-135
1767172515.580238,-2,1,-136
1767172515.590238,-3,0,-135
1767172515.600238,-3,-3,-134
1767172515.610238,-1,-5,-136
1767172515.620238,-5,-4,-137
1767172515.630238,-5,-5,-131
1767172515.640238,-3,-6,-139
1767172515.650238,-5,-6,-139
1767172515.6602385,-6,-5,-144
1767172515.6702385,-4,-6,-147
1767172515.6802382,-2,-3,-158
1767172515.6902382,-2,-2,-158
1767172515.7002382,0,0,-148
1767172515.7102382,1,-2,-141
1767172515.7202382,1,-4,-134
1767172515.7302382,1,-8,-132
1767172515.7402382,1,-5,-128
1767172515.7502382,3,0,-133
1767172515.7602382,0,1,-139
1767172515.7702382,-3,0,-137
1767172515.7802382,-5,0,-133
1767172515.790238,-2,0,-133
1767172515.800238,-1,-2,-137
1767172515.810238,1,-4,-136
1767172515.820238,0,0,-131
1767172515.830238,-1,0,-135
1767172515.840238,-5,-3,-139
1767172515.850238,-10,-3,-133
1767172515.860238,-12,-2,-132
1767172515.870238,-10,-3,-134
1767172515.880238,-9,-4,-133
1767172515.890238,-9,-5,-141
1767172515.900238,-5,-4,-142
1767172515.9102385,1,-1,-143
1767172515.9202385,6,-4,-145
1767172515.9302382,6,-4,-144
1767172515.9402382,2,-4,-142
1767172515.9502382,3,-1,-141
1767172515.9602382,6,-1,-137
1767172515.9702382,3,-1,-136
1767172515.9802382,5,0,-145
1767172515.9902382,3,-1,-145
1767172516.0002382,1,-1,-148
1767172516.0102382,-2,0,-147
1767172516.0202382,-1,1,-143
1767172516.0302382,-3,1,-139
1767172516.040238,-6,6,-131
1767172516.050238,-5,5,-137
1767172516.060238,-9,4,-132
1767172516.070238,-6,0,-134
1767172516.080238,-1,0,-132
1767172516.090238,0,-4,-135
1767172516.100238,6,-2,-137
1767172516.110238,4,-2,-130
1767172516.120238,6,-1,-129
1767172516.130238,7,-7,-133
1767172516.140238,6,-5,-134
1767172516.150238,7,-3,-138
1767172516.1602385,2,-4,-134
1767172516.1702385,1,-3,-136
1767172516.1802382,-1,-6,-143
1767172516.1902382,-1,-6,-139
1767172516.2002382,3,-1,-136
1767172516.2102382,3,1,-138
1767172516.2202382,7,2,-139
1767172516.2302382,7,0,-138
1767172516.2402382,7,-1,-139
1767172516.2502382,4,-7,-137
1767172516.2602382,3,-7,-139
1767172516.2702382,3,-4,-142
1767172516.2802382,2,-3,-142
1767172516.290238,0,-2,-140
1767172516.300238,-1,-4,-139
1767172516.310238,-2,-3,-142
1767172516.320238,-2,-1,-146
1767172516.330238,-2,3,-137
1767172516.340238,-3,2,-142
1767172516.350238,-3,5,-141
1767172516.360238,2,5,-142
1767172516.370238,-2,3,-145
1767172516.380238,-2,-2,-146
1767172516.390238,4,-3,-138
1767172516.400238,7,-5,-138
1767172516.4102385,5,-2,-140
1767172516.4202385,2,-7,-145
1767172516.4302382,-3,-8,-136
1767172516.4402382,-2,-7,-138
1767172516.4502382,-3,-8,-141
1767172516.4602382,-5,-4,-146
1767172516.4702382,-2,0,-143
1767172516.4802382,-4,-2,-141
1767172516.4902382,-2,-6,-139
1767172516.5002382,1,-6,-137
1767172516.5102382,3,-9,-142
1767172516.5202382,-5,-10,-137
1767172516.5302382,-7,-5,-132
1767172516.540238,-11,-6,-139
1767172516.550238,-10,-1,-143
1767172516.560238,0,-5,-146
1767172516.570238,1,-9,-142
1767172516.580238,4,-7,-137
1767172516.590238,4,-4,-131
1767172516.600238,4,-1,-141
1767172516.610238,2,-6,-139
1767172516.620238,0,-7,-138
1767172516.630238,-2,-8,-138
1767172516.640238,0,-4,-139
1767172516.650238,-1,-5,-140
1767172516.6602385,-2,-7,-135
1767172516.6702385,-5,-6,-139
1767172516.6802382,-7,-3,-144
1767172516.6902382,-7,-1,-144
1767172516.7002382,-2,-2,-143
1767172516.7102382,2,-1,-141
1767172516.7202382,1,0,-146
1767172516.7302382,2,0,-144
1767172516.7402382,0,0,-145
1767172516.7502382,-2,0,-145
1767172516.7602382,-5,0,-145
1767172516.7702382,-5,-1,-140
1767172516.7802382,-3,0,-139
1767172516.790238,0,0,-141
1767172516.800238,-3,1,-146
1767172516.810238,0,0,-140
1767172516.820238,2,1,-144
1767172516.8312385,3,-1,-147
1767172516.8412385,1,0,-151
1767172516.850238,0,-3,-152
1767172516.860238,-1,-2,-151
1767172516.870238,-3,-3,-151
1767172516.8812382,-5,-8,-152
1767172516.8912382,-10,-6,-143
1767172516.9012382,-8,-6,-147
1767172516.9102385,-5,-3,-148
1767172516.9212382,-8,-2,-147
1767172516.9312382,-9,-3,-150
1767172516.9412382,-3,-3,-152
1767172516.9512382,-2,-2,-148
1767172516.961238,-1,-1,-146
1767172516.971238,1,-5,-143
1767172516.981238,0,-9,-140
1767172516.991238,5,-10,-147
1767172517.001238,5,-10,-141
1767172517.011238,5,-9,-136
1767172517.021238,3,-3,-138
1767172517.031238,5,0,-142
1767172517.041238,5,-4,-143
1767172517.051238,6,-2,-145
1767172517.061238,5,-3,-145
1767172517.071238,9,-1,-148
1767172517.0812385,3,-2,-149
1767172517.0912385,0,-3,-143
1767172517.1012385,-3,-3,-147
1767172517.1112382,-3,-1,-143
1767172517.1212382,-5,0,-140
1767172517.1312382,-3,-3,-139
1767172517.1412382,-1,0,-134
1767172517.1512382,-2,1,-136
1767172517.1612382,-3,-1,-140
1767172517.1712382,-5,-5,-143
1767172517.1812382,-5,-5,-142
1767172517.1912382,-1,-3,-139
1767172517.2012382,-4,-2,-134
1767172517.211238,-4,-7,-139
1767172517.221238,-2,-5,-137
1767172517.231238,0,0,-132
1767172517.241238,2,1,-128
1767172517.251238,1,0,-125
1767172517.261238,-2,0,-129
1767172517.271238,0,0,-127
1767172517.281238,0,0,-133
1767172517.291238,3,0,-137
1767172517.301238,2,0,-146
1767172517.311238,3,2,-148
1767172517.321238,4,0,-149
1767172517.3312385,0,0,-151
1767172517.3412385,1,-2,-155
1767172517.3512385,2,0,-157
1767172517.3612382,2,-2,-153
1767172517.3712382,-3,-5,-144
1767172517.3812382,-7,-5,-147
1767172517.3912382,-4,-2,-146
1767172517.4012382,0,0,-146
1767172517.4112382,-1,-3,-147
1767172517.4212382,-1,-2,-145
1767172517.4312382,-1,-4,-141
1767172517.4412382,0,-1,-146
1767172517.4512382,-5,2,-144
1767172517.461238,-5,2,-141
1767172517.471238,-4,1,-141
1767172517.481238,-1,0,-132
1767172517.491238,0,0,-130
1767172517.501238,2,-3,-125
1767172517.511238,0,-3,-132
1767172517.521238,-3,-2,-137
1767172517.531238,-4,-2,-140
1767172517.541238,-2,-1,-137
1767172517.551238,0,-4,-132
1767172517.561238,0,-9,-133
1767172517.571238,-3,-6,-131
1767172517.5812385,-1,-1,-129
1767172517.5912385,-1,-1,-135
1767172517.6012385,0,3,-136
1767172517.6112382,0,6,-133
1767172517.6212382,3,3,-136
1767172517.6312382,9,-2,-131
1767172517.6412382,9,0,-138
1767172517.6512382,8,0,-136
1767172517.6612382,3,-2,-139
1767172517.6712382,0,-4,-140
1767172517.6812382,-1,-1,-147
1767172517.6912382,-1,-6,-138
1767172517.7012382,-4,-6,-137
1767172517.711238,-3,0,-133
1767172517.721238,-1,0,-135
1767172517.731238,2,6,-133
1767172517.741238,-1,4,-133
1767172517.751238,-2,0,-133
1767172517.761238,-4,0,-131
1767172517.771238,-5,-3,-128
1767172517.781238,-2,-5,-132
1767172517.791238,6,-5,-136
1767172517.801238,9,0,-138
1767172517.811238,6,-2,-145
1767172517.821238,4,0,-146
1767172517.8312385,7,-1,-139
1767172517.8412385,6,-1,-142
1767172517.8512385,1,-2,-145
1767172517.8612382,1,-3,-145
1767172517.8712382,2,-1,-147
1767172517.8812382,2,-4,-141
1767172517.8912382,0,-6,-139
1767172517.9012382,0,-5,-135
1767172517.9112382,0,-2,-137
1767172517.9212382,-2,-8,-139
1767172517.9312382,-9,-5,-137
1767172517.9412382,-6,-3,-136
1767172517.9512382,-4,-10,-139
1767172517.961238,-1,-12,-139
1767172517.971238,-1,-12,-143
1767172517.981238,0,-7,-149
1767172517.991238,-2,-6,-148
1767172518.001238,-1,-2,-145
1767172518.011238,1,-6,-141
1767172518.021238,1,-7,-139
1767172518.031238,2,-7,-136
1767172518.041238,4,-2,-133
1767172518.051238,3,-3,-128
1767172518.061238,7,-5,-124
1767172518.071238,9,-7,-127
1767172518.0812385,12,-6,-124
1767172518.0912385,11,-4,-123
1767172518.1012385,11,1,-124
1767172518.1112382,10,-3,-128
1767172518.1212382,7,-2,-135
1767172518.1312382,4,-2,-138
1767172518.1412382,3,-2,-139
1767172518.1512382,0,-4,-132
1767172518.1612382,0,-4,-139
1767172518.1712382,0,-5,-144
1767172518.1812382,1,-2,-148
1767172518.1912382,3,-1,-148
1767172518.2012382,2,0,-150
1767172518.211238,1,0,-144
1767172518.221238,-1,0,-145
1767172518.231238,-1,-4,-147
1767172518.241238,0,-6,-151
1767172518.251238,1,-6,-146
1767172518.261238,2,-7,-146
1767172518.271238,2,-4,-147
1767172518.281238,-1,-7,-142
1767172518.291238,-2,-9,-145
1767172518.301238,-3,-6,-150
1767172518.311238,-7,-2,-151
1767172518.321238,-9,-1,-145
1767172518.3312385,-6,0,-132
1767172518.3412385,-3,0,-135
1767172518.3512385,-2,1,-139
1767172518.3612382,-4,-4,-143
1767172518.3712382,-5,0,-148
1767172518.3812382,0,2,-154
1767172518.3912382,1,3,-151
1767172518.4012382,3,2,-146
1767172518.4112382,0,1,-146
1767172518.4212382,0,0,-145
1767172518.4312382,-2,-2,-139
1767172518.4412382,-1,-5,-139
1767172518.4512382,-3,-4,-140
1767172518.461238,-5,-3,-141
1767172518.471238,-5,-3,-140
1767172518.481238,-2,-1,-142
1767172518.491238,0,1,-136
1767172518.501238,-1,0,-135
1767172518.511238,-1,-4,-138
1767172518.521238,2,-3,-133
1767172518.531238,2,-5,-134
1767172518.541238,5,0,-131
1767172518.551238,3,2,-131
1767172518.561238,0,0,-134
1767172518.571238,1,-1,-139
1767172518.5812385,2,-1,-140
1767172518.5912385,3,1,-144
1767172518.6012385,9,5,-141
1767172518.623238,0,0,-144
1767172518.6312382,-3,-3,-139
1767172518.6412382,-5,0,-140
1767172518.6512382,0,-5,-135
1767172518.6612382,0,-9,-132
1767172518.6712382,3,-4,-134
1767172518.6812382,3,-2,-140
1767172518.6912382,1,-1,-140
1767172518.7012382,-2,-2,-134
1767172518.711238,-2,1,-140
1767172518.721238,-1,-2,-144
1767172518.731238,-1,-4,-150
1767172518.741238,-3,-8,-146
1767172518.751238,-5,-11,-134
1767172518.761238,-4,-5,-135
1767172518.771238,-7,-2,-131
1767172518.781238,-5,-3,-134
1767172518.791238,-9,-3,-136
1767172518.801238,-8,-2,-140
1767172518.811238,-5,0,-136
1767172518.821238,-8,0,-132
1767172518.8312385,-6,-2,-134
1767172518.8412385,-3,-2,-134
1767172518.8512385,3,0,-138
1767172518.8612382,0,0,-140
1767172518.8712382,0,0,-144
1767172518.8812382,-1,-2,-143
1767172518.8912382,1,-2,-141
1767172518.9012382,2,-3,-135
1767172518.9112382,3,-1,-140
1767172518.9212382,0,-3,-138
1767172518.9312382,2,-1,-139
1767172518.9412382,4,1,-140
1767172518.9512382,4,2,-138
1767172518.961238,5,-1,-136
1767172518.971238,4,2,-132
1767172518.981238,2,0,-122
1767172518.991238,1,0,-130
1767172519.001238,3,-2,-131
1767172519.011238,5,-2,-134
1767172519.021238,6,0,-140
1767172519.031238,6,0,-141
1767172519.041238,5,-1,-141
1767172519.051238,4,4,-128
1767172519.061238,3,2,-138
1767172519.071238,5,1,-142
1767172519.0812385,0,1,-142
1767172519.0912385,-2,4,-138
1767172519.1012385,-5,4,-140
1767172519.1112382,-2,3,-139
1767172519.1212382,-4,3,-133
1767172519.1312382,-7,0,-138
1767172519.1412382,-9,-1,-133
1767172519.1512382,-9,-5,-123
1767172519.1612382,-3,-10,-123
1767172519.1712382,-6,-11,-130
1767172519.1812382,-3,-11,-135
1767172519.1912382,-1,-10,-130
1767172519.2012382,0,-8,-128
1767172519.211238,0,-8,-123
1767172519.221238,2,-4,-128
1767172519.231238,0,-6,-131
1767172519.241238,0,-5,-130
1767172519.251238,4,-5,-129
1767172519.261238,9,-6,-130
1767172519.271238,10,-8,-132
1767172519.281238,4,-4,-130
1767172519.291238,0,-3,-132
1767172519.301238,2,-5,-131
1767172519.311238,6,-5,-128
1767172519.321238,6,-4,-134
1767172519.3312385,4,-7,-136
1767172519.3412385,1,-6,-137
1767172519.3512385,0,-1,-140
1767172519.3612382,-4,-2,-136
1767172519.3712382,3,2,-136
1767172519.3812382,1,2,-142
1767172519.3912382,0,-1,-139
1767172519.4012382,4,-5,-138
1767172519.4112382,1,-7,-140
1767172519.4212382,0,-8,-141
1767172519.4312382,2,-7,-143
1767172519.4412382,2,-7,-140
1767172519.4512382,2,-4,-136
1767172519.461238,0,1,-135
1767172519.472238,-1,0,-135
1767172519.481238,-1,-1,-130
1767172519.492238,-2,-2,-129
1767172519.502238,1,1,-132
1767172519.5122385,5,0,-133
1767172519.5222385,6,-2,-143
1767172519.5322382,5,0,-138
1767172519.5422382,4,0,-139
1767172519.5522382,6,0,-140
1767172519.5622382,5,-2,-139
1767172519.5722382,0,3,-146
1767172519.5822382,0,4,-149
1767172519.5922382,0,4,-143
1767172519.6022382,3,3,-142
1767172519.6122382,5,0,-147
1767172519.6222382,3,4,-144
1767172519.632238,-2,6,-145
1767172519.642238,-6,4,-149
1767172519.652238,-6,3,-149
1767172519.662238,-1,0,-142
1767172519.672238,1,-1,-140
1767172519.682238,5,-2,-139
1767172519.692238,1,-4,-134
1767172519.702238,-3,-2,-129
1767172519.712238,-3,-2,-126
1767172519.722238,-3,-3,-129
1767172519.732238,-4,-4,-127
1767172519.742238,-7,-4,-129
1767172519.752238,-7,-5,-129
1767172519.7622385,-6,-4,-128
1767172519.7722385,-5,-6,-135
1767172519.7822382,-2,-8,-138
1767172519.7922382,0,-7,-138
1767172519.8022382,3,0,-146
1767172519.8122382,3,0,-146
1767172519.8222382,0,0,-139
1767172519.8322382,-3,0,-134
1767172519.8422382,-5,-4,-136
1767172519.8522382,-5,-3,-137
1767172519.8622382,-1,-1,-139
1767172519.8722382,0,-7,-141
1767172519.882238,0,-8,-145
1767172519.892238,2,-7,-145
1767172519.902238,3,-7,-143
1767172519.912238,1,-7,-139
1767172519.922238,1,-8,-135
1767172519.932238,2,-6,-140
1767172519.942238,0,-4,-142
1767172519.952238,2,1,-148
1767172519.962238,1,3,-138
1767172519.972238,0,0,-139
1767172519.982238,3,0,-133
1767172519.992238,4,3,-135
1767172520.002238,4,1,-133
1767172520.0122385,3,-2,-137
1767172520.0222385,8,0,-139
1767172520.0322382,4,1,-141
1767172520.0422382,-1,0,-145
1767172520.0522382,-1,-2,-151
1767172520.0622382,-5,-2,-147
1767172520.0722382,-5,-1,-152
1767172520.0822382,-4,-1,-147
1767172520.0922382,0,0,-145
1767172520.1022382,-1,-3,-142
1767172520.1122382,-4,0,-150
1767172520.1222382,-3,-1,-145
1767172520.132238,0,2,-145
1767172520.142238,0,0,-144
1767172520.152238,-3,2,-142
1767172520.162238,0,0,-135
1767172520.172238,1,0,-135
1767172520.182238,0,-3,-133
1767172520.192238,0,-4,-136
1767172520.202238,3,-5,-137
1767172520.212238,5,-6,-132
1767172520.222238,4,-6,-130
1767172520.232238,4,0,-134
1767172520.242238,1,0,-134
1767172520.252238,-2,1,-132
1767172520.2622385,-2,-3,-138
1767172520.2722385,3,-2,-140
1767172520.2822382,4,-1,-148
1767172520.2922382,1,-3,-151
1767172520.3022382,-3,-3,-156
1767172520.3122382,2,0,-150
1767172520.3222382,3,2,-142
1767172520.3322382,2,0,-142
1767172520.3422382,2,1,-147
1767172520.3522382,-3,5,-144
1767172520.3622382,-2,5,-143
1767172520.3722382,2,4,-140
1767172520.382238,3,1,-142
1767172520.392238,0,0,-143
1767172520.402238,0,0,-142
1767172520.412238,-1,0,-137
1767172520.422238,-1,0,-132
1767172520.432238,1,4,-127
1767172520.442238,-2,0,-132
1767172520.452238,0,0,-127
1767172520.462238,0,0,-133
1767172520.472238,0,0,-123
1767172520.482238,5,-4,-130
1767172520.492238,3,-2,-135
1767172520.502238,1,3,-136
1767172520.5122385,1,7,-133
1767172520.5222385,3,9,-127
1767172520.5322382,2,6,-133
1767172520.5422382,-1,2,-136
1767172520.5522382,1,0,-137
1767172520.5622382,2,1,-134
1767172520.5722382,-3,1,-135
1767172520.5822382,-3,2,-139
1767172520.5922382,-3,3,-143
1767172520.6022382,-1,1,-145
1767172520.6122382,0,-1,-141
1767172520.6222382,1,-1,-144
1767172520.632238,0,0,-135
1767172520.642238,2,0,-128
1767172520.652238,0,1,-130
1767172520.662238,-1,1,-136
1767172520.672238,-4,1,-137
1767172520.682238,-4,0,-137
1767172520.692238,-3,-1,-140
1767172520.702238,0,0,-136
1767172520.712238,0,0,-138
1767172520.722238,0,-4,-133
1767172520.732238,0,-3,-140
1767172520.742238,0,-3,-141
1767172520.752238,2,-2,-150
1767172520.7622385,1,-4,-149
1767172520.7722385,-1,-1,-146
1767172520.7822382,-5,-4,-141
1767172520.7922382,-2,-5,-132
1767172520.8022382,-4,-4,-132
1767172520.8122382,-5,-3,-134
1767172520.8222382,-3,-6,-135
1767172520.8322382,0,-4,-130
1767172520.8422382,-2,-7,-130
1767172520.8522382,-2,-7,-133
1767172520.8622382,-4,-4,-137
1767172520.8722382,-2,-9,-137
1767172520.882238,-1,-9,-137
1767172520.892238,-2,-8,-136
1767172520.902238,-1,-7,-133
1767172520.912238,-1,-4,-132
1767172520.922238,0,-3,-135
1767172520.932238,-2,-3,-135
1767172520.942238,-2,-3,-136
1767172520.952238,-5,-4,-136
1767172520.962238,-6,-4,-133
1767172520.972238,-8,0,-133
1767172520.982238,-7,0,-135
1767172520.992238,-7,-5,-137
1767172521.002238,-6,-3,-140
1767172521.0122385,0,-3,-141
1767172521.0222385,-2,-1,-141
1767172521.0322382,0,1,-137
1767172521.0422382,2,1,-139
1767172521.0522382,1,-1,-137
1767172521.0622382,3,0,-137
1767172521.0722382,0,4,-139
1767172521.0822382,-3,4,-134
1767172521.0922382,-4,2,-134
1767172521.1022382,-3,2,-139
1767172521.1122382,-6,4,-147
1767172521.1222382,-1,-1,-152
1767172521.132238,2,0,-149
1767172521.142238,2,-1,-143
1767172521.152238,-1,-2,-141
1767172521.162238,0,-4,-137
1767172521.172238,1,-4,-134
1767172521.182238,2,-3,-131
1767172521.192238,3,-2,-135
1767172521.202238,1,-1,-140
1767172521.212238,1,0,-140
1767172521.222238,7,-2,-139
1767172521.232238,5,-1,-130
1767172521.242238,8,0,-131
1767172521.252238,3,-2,-128
1767172521.2622385,0,0,-135
1767172521.2722385,0,-1,-137
1767172521.2822382,0,-4,-134
1767172521.2922382,0,-3,-133
1767172521.3022382,3,-6,-130
1767172521.3122382,3,-3,-128
1767172521.3222382,1,-5,-128
1767172521.3322382,-1,-6,-120
1767172521.3422382,2,-6,-133
1767172521.3522382,-2,-5,-130
1767172521.3622382,-5,-4,-129
1767172521.3722382,-4,-6,-135
1767172521.382238,-5,-10,-141
1767172521.392238,-5,-11,-137
1767172521.402238,-5,-10,-140
1767172521.412238,-7,-5,-135
1767172521.422238,-8,-4,-136
1767172521.432238,-8,-2,-145
1767172521.442238,-1,1,-144
1767172521.452238,1,2,-143
1767172521.462238,1,4,-143
1767172521.472238,1,3,-142
1767172521.482238,0,0,-141
1767172521.492238,-2,1,-144
1767172521.502238,-3,-2,-151
1767172521.5122385,0,0,-148
1767172521.5222385,0,-1,-147
1767172521.5322382,-4,0,-140
1767172521.5422382,0,0,-142
1767172521.5522382,0,2,-145
1767172521.5622382,0,0,-147
1767172521.5722382,1,0,-145
1767172521.5822382,1,1,-142
1767172521.5922382,0,3,-147
1767172521.6022382,2,-1,-144
1767172521.6122382,1,0,-140
1767172521.6222382,1,-3,-135
1767172521.632238,-3,-3,-133
1767172521.642238,-6,0,-131
1767172521.652238,-6,-1,-127
1767172521.662238,-3,-3,-125
1767172521.672238,-1,-4,-130
1767172521.682238,-2,-7,-134
1767172521.692238,-2,-8,-130
1767172521.702238,0,-12,-129
1767172521.712238,-2,-8,-130
1767172521.722238,-4,-8,-128
1767172521.732238,-3,-8,-126
1767172521.742238,3,-8,-129
1767172521.752238,6,-4,-126
1767172521.7622385,5,-4,-132
1767172521.7722385,1,-6,-137
1767172521.7822382,0,-6,-145
1767172521.7922382,3,-3,-145
1767172521.8022382,2,-2,-145
1767172521.8122382,1,-3,-145
1767172521.8222382,3,-2,-142
1767172521.8322382,2,-3,-146
1767172521.8422382,4,-2,-151
1767172521.8522382,7,-2,-147
1767172521.8622382,8,-4,-147
1767172521.8722382,8,0,-138
1767172521.882238,7,0,-137
1767172521.892238,3,1,-126
1767172521.902238,5,0,-124
1767172521.912238,-1,0,-125
1767172521.922238,1,1,-130
1767172521.932238,3,2,-130
1767172521.942238,2,3,-136
1767172521.952238,1,4,-137
1767172521.962238,0,3,-133
1767172521.972238,1,0,-134
1767172521.982238,-2,2,-136
1767172521.992238,-2,0,-134
1767172522.0032382,1,-6,-134
1767172522.0122385,0,-8,-133
1767172522.0222385,0,-10,-135
1767172522.0332382,0,-7,-142
1767172522.0422382,-3,-6,-138
1767172522.0532382,0,-6,-144
1767172522.063238,0,-6,-140
1767172522.073238,-1,-10,-134
1767172522.083238,-5,-11,-129
1767172522.093238,1,-9,-133
1767172522.103238,0,-8,-134
1767172522.113238,2,-2,-137
1767172522.123238,0,-5,-136
1767172522.133238,2,-4,-136
1767172522.143238,-5,-5,-140
1767172522.153238,-5,-5,-145
1767172522.163238,0,0,-141
1767172522.173238,1,-1,-148
1767172522.1832385,2,0,-143
1767172522.1932385,0,1,-142
1767172522.2032382,-2,0,-138
1767172522.2132382,-2,2,-143
1767172522.2232382,-4,2,-146
1767172522.2332382,-1,0,-147
1767172522.2432382,-4,-5,-148
1767172522.2532382,-4,-7,-142
1767172522.2632382,-3,-7,-139
1767172522.2732382,-5,0,-135
1767172522.2832382,-5,0,-136
1767172522.2932382,-1,-3,-137
1767172522.3032382,0,0,-138
1767172522.313238,-3,0,-138
1767172522.323238,-7,2,-143
1767172522.333238,-6,2,-147
1767172522.343238,-5,-1,-155
1767172522.353238,-8,0,-151
1767172522.363238,-7,-4,-154
1767172522.373238,-8,-5,-146
1767172522.383238,-8,-6,-139
1767172522.393238,-6,-9,-140
1767172522.403238,-6,-5,-132
1767172522.413238,-8,-4,-137
1767172522.423238,-4,-3,-144
1767172522.4332385,-3,-2,-138
1767172522.4432385,-8,4,-135
1767172522.4532382,-8,4,-135
1767172522.4632382,-8,5,-133
1767172522.4732382,-10,3,-132
1767172522.4832382,-7,4,-134
1767172522.4932382,-4,4,-130
1767172522.5032382,0,2,-133
1767172522.5132382,0,1,-138
1767172522.5232382,-1,-2,-144
1767172522.5332382,0,-1,-146
1767172522.5432382,-5,-1,-149
1767172522.5532382,-7,-1,-146
1767172522.563238,-10,-1,-144
1767172522.573238,-9,-3,-148
1767172522.583238,-4,0,-143
1767172522.593238,-5,1,-144
1767172522.603238,-5,-4,-128
1767172522.613238,-6,-6,-132
1767172522.623238,-8,-8,-137
1767172522.633238,-8,-4,-139
1767172522.643238,-6,0,-133
1767172522.653238,-4,2,-139
1767172522.663238,-3,1,-140
1767172522.673238,-6,-3,-135
1767172522.6832385,-6,-3,-138
1767172522.6932385,-1,-7,-145
1767172522.7032382,-2,-5,-142
1767172522.7132382,-1,-5,-143
1767172522.7232382,-2,-5,-147
1767172522.7332382,-3,-6,-143
1767172522.7432382,-3,-5,-151
1767172522.7532382,-6,-4,-148
1767172522.7632382,-10,0,-144
1767172522.7732382,-6,-1,-149
1767172522.7832382,-4,-5,-141
1767172522.7932382,0,-4,-136
1767172522.8032382,-3,0,-136
1767172522.813238,-3,-1,-135
1767172522.823238,-4,-4,-135
1767172522.833238,-1,-4,-135
1767172522.843238,-2,-7,-134
1767172522.853238,-2,-8,-141
1767172522.863238,0,-7,-136
1767172522.873238,-4,-7,-139
1767172522.883238,-2,-3,-140
1767172522.893238,-4,0,-143
1767172522.903238,-8,0,-143
1767172522.913238,-6,0,-141
1767172522.923238,-1,0,-142
1767172522.9332385,2,3,-140
1767172522.9432385,0,-1,-141
1767172522.9532382,0,-6,-138
1767172522.9632382,-5,-6,-133
1767172522.9732382,-5,-1,-130
1767172522.9832382,-6,1,-133
1767172522.9932382,-9,-2,-135
1767172523.0032382,-9,0,-139
1767172523.0132382,-14,-4,-135
1767172523.0232382,-14,-6,-136
1767172523.0332382,-9,0,-133
1767172523.0432382,-1,-1,-132
1767172523.0532382,1,2,-133
1767172523.063238,2,0,-143
1767172523.073238,5,0,-142
1767172523.083238,5,-6,-138
1767172523.093238,1,-6,-134
1767172523.103238,6,-7,-135
1767172523.113238,7,-6,-130
1767172523.123238,4,-5,-130
1767172523.133238,4,-3,-132
1767172523.143238,5,-4,-139
1767172523.153238,5,-9,-138
1767172523.163238,0,-6,-144
1767172523.173238,-1,-3,-150
1767172523.1832385,-5,-1,-146
1767172523.1932385,0,-4,-147
1767172523.2032382,1,-6,-152
1767172523.2132382,3,-8,-145
1767172523.2232382,1,-5,-139
1767172523.2332382,2,-6,-133
1767172523.2432382,1,-6,-133
1767172523.2532382,5,-8,-126
1767172523.2632382,5,-5,-123
1767172523.2732382,1,-4,-117
1767172523.2832382,0,-3,-121
1767172523.2932382,1,-6,-125
1767172523.3032382,1,-9,-123
1767172523.313238,1,-5,-130
1767172523.323238,0,-3,-130
1767172523.333238,-4,-1,-123
1767172523.343238,-3,0,-124
1767172523.353238,0,0,-124
1767172523.363238,-2,-2,-129
1767172523.373238,0,0,-124
1767172523.383238,1,0,-128
1767172523.393238,4,3,-136
1767172523.403238,3,1,-142
1767172523.413238,5,0,-145
1767172523.423238,5,-1,-146
1767172523.4332385,5,-1,-148
1767172523.4432385,4,-2,-146
1767172523.4532382,2,0,-148
1767172523.4632382,4,0,-148
1767172523.4732382,0,0,-140
1767172523.4832382,0,0,-149
1767172523.4932382,0,0,-151
1767172523.5032382,1,-4,-152
1767172523.5132382,8,-2,-146
1767172523.5232382,6,-4,-146
1767172523.5332382,7,-8,-143
1767172523.5432382,2,-7,-136
1767172523.5532382,1,-11,-136
1767172523.563238,-1,-9,-132
1767172523.573238,-4,-7,-137
1767172523.583238,-3,-5,-141
1767172523.593238,-7,-4,-138
1767172523.603238,-7,-9,-141
1767172523.613238,-4,-11,-143
1767172523.6352382,5,-5,-131
1767172523.643238,2,-2,-123
1767172523.653238,1,-6,-120
1767172523.663238,3,-6,-127
1767172523.673238,2,-4,-135
1767172523.6832385,7,-3,-138
1767172523.6932385,6,-2,-139
1767172523.7032382,1,-2,-138
1767172523.7132382,0,0,-134
1767172523.7232382,2,-5,-134
1767172523.7332382,0,-2,-132
1767172523.7432382,0,0,-137
1767172523.7532382,1,0,-135
1767172523.7632382,-5,-1,-139
1767172523.7732382,-3,0,-145
1767172523.7832382,-4,3,-144
1767172523.7932382,-2,-1,-143
1767172523.8032382,-2,-1,-137
1767172523.813238,5,-5,-139
1767172523.823238,3,-5,-137
1767172523.833238,-2,-3,-133
1767172523.843238,-1,-5,-135
1767172523.853238,4,-5,-134
1767172523.863238,6,-2,-132
1767172523.873238,5,-5,-134
1767172523.883238,2,-7,-134
1767172523.893238,1,-8,-136
1767172523.903238,3,-4,-135
1767172523.913238,-3,-4,-140
1767172523.923238,-5,-1,-137
1767172523.9332385,-3,-2,-136
1767172523.9432385,0,0,-136
1767172523.9532382,-4,-1,-137
1767172523.9632382,-3,-3,-142
1767172523.9732382,0,-2,-142
1767172523.9832382,-2,-3,-143
1767172523.9932382,-5,-3,-146
1767172524.0032382,-3,-2,-152
1767172524.0132382,-2,0,-147
1767172524.0232382,-2,-3,-136
1767172524.0332382,0,-2,-130
1767172524.0432382,2,0,-130
1767172524.0532382,1,0,-132
1767172524.063238,0,1,-127
1767172524.073238,1,3,-129
1767172524.083238,2,3,-135
1767172524.093238,1,1,-131
1767172524.103238,0,2,-138
1767172524.113238,0,2,-140
1767172524.123238,1,0,-143
1767172524.133238,3,0,-140
1767172524.143238,2,0,-137
1767172524.153238,-1,0,-133
1767172524.163238,-3,0,-135
1767172524.173238,-2,1,-140
1767172524.1832385,0,-1,-145
1767172524.1932385,-3,-4,-144
1767172524.2032382,-2,-2,-151
1767172524.2132382,0,-4,-141
1767172524.2232382,2,-4,-137
1767172524.2332382,0,-6,-137
1767172524.2432382,6,-8,-136
1767172524.2532382,6,-3,-133
1767172524.2632382,1,-4,-136
1767172524.2732382,8,-5,-137
1767172524.2832382,11,-6,-136
1767172524.2932382,11,-3,-133
1767172524.3032382,10,-3,-127
1767172524.313238,4,-3,-127
1767172524.323238,5,-4,-135
1767172524.333238,5,-5,-136
1767172524.343238,3,-2,-134
1767172524.353238,3,1,-133
1767172524.363238,5,4,-140
1767172524.373238,3,1,-139
1767172524.383238,1,0,-132
1767172524.393238,2,-5,-139
1767172524.403238,1,-4,-141
1767172524.413238,-2,-4,-148
1767172524.423238,0,-7,-148
1767172524.4332385,3,-4,-139
1767172524.4432385,2,-4,-136
1767172524.4532382,1,-4,-144
1767172524.4632382,-2,-2,-137
1767172524.4732382,-3,-4,-137
1767172524.4832382,0,0,-134
1767172524.4932382,-4,-1,-138
1767172524.5032382,-6,0,-132
1767172524.5132382,-4,4,-129
1767172524.5232382,-2,4,-131
1767172524.5332382,0,0,-127
1767172524.5432382,-2,2,-129
1767172524.5532382,-3,2,-130
1767172524.563238,-6,2,-125
1767172524.574238,-7,2,-130
1767172524.583238,-4,0,-136
1767172524.594238,-4,-5,-135
1767172524.6042385,-3,-9,-141
1767172524.6142385,-1,-9,-139
1767172524.6242385,-2,-8,-133
1767172524.6342382,-1,-10,-136
1767172524.6442382,-1,-9,-139
1767172524.6542382,0,-4,-143
1767172524.6642382,-2,-5,-140
1767172524.6742382,0,-7,-143
1767172524.6842382,0,-5,-145
1767172524.6942382,5,-1,-147
1767172524.7042382,3,0,-144
1767172524.7142382,0,0,-138
1767172524.7242382,2,0,-137
1767172524.734238,0,1,-141
1767172524.744238,0,-3,-142
1767172524.754238,-2,-10,-139
1767172524.764238,-6,-8,-144
1767172524.774238,-7,-4,-141
1767172524.784238,-3,0,-137
1767172524.794238,0,-3,-137
1767172524.804238,-5,-5,-141
1767172524.814238,0,-1,-143
1767172524.824238,2,-2,-145
1767172524.834238,-3,-5,-140
1767172524.844238,0,-4,-140
1767172524.8542385,1,-3,-145
1767172524.8642385,3,-1,-147
1767172524.8742385,1,-1,-142
1767172524.8842382,-5,0,-138
1767172524.8942382,-4,1,-139
1767172524.9042382,-3,0,-137
1767172524.9142382,0,0,-136
1767172524.9242382,1,0,-136
1767172524.9342382,0,-3,-138
1767172524.9442382,-3,-3,-140
1767172524.9542382,-6,-4,-147
1767172524.9642382,-3,-3,-148
1767172524.9742382,0,0,-146
1767172524.984238,-1,2,-141
1767172524.994238,0,3,-144
1767172525.004238,-1,2,-145
1767172525.014238,0,1,-145
1767172525.024238,2,5,-148
1767172525.034238,4,6,-148
1767172525.044238,6,1,-146
1767172525.054238,5,0,-138
1767172525.064238,0,-5,-139
1767172525.074238,-1,-6,-146
1767172525.084238,-4,-6,-141
1767172525.094238,-3,-2,-139
1767172525.1042385,-6,-4,-143
1767172525.1142385,-6,-4,-145
1767172525.1242385,-3,-4,-143
1767172525.1342382,-3,-4,-148
1767172525.1442382,-2,-4,-153
1767172525.1542382,-1,-3,-160
1767172525.1642382,-2,-3,-156
1767172525.1742382,0,-3,-155
1767172525.1842382,2,-3,-153
1767172525.1942382,0,-6,-157
1767172525.2042382,1,-4,-156
1767172525.2142382,2,-4,-155
1767172525.2242382,2,-7,-155
1767172525.234238,-1,-3,-156
1767172525.244238,-3,0,-155
1767172525.254238,-4,-1,-151
1767172525.264238,0,-4,-150
1767172525.274238,-1,-1,-147
1767172525.284238,0,0,-139
1767172525.294238,-1,2,-133
1767172525.304238,7,0,-132
1767172525.314238,8,-2,-134
1767172525.324238,6,0,-136
1767172525.334238,6,0,-141
1767172525.344238,2,0,-140
1767172525.3542385,0,0,-142
1767172525.3642385,0,0,-148
1767172525.3742385,0,-1,-141
1767172525.3842382,-2,-6,-137
1767172525.3942382,-9,-5,-131
1767172525.4042382,-8,0,-130
1767172525.4142382,-11,-2,-132
1767172525.4242382,-10,0,-133
1767172525.4342382,-11,-4,-132
1767172525.4442382,-7,-5,-135
1767172525.4542382,-5,-5,-140
1767172525.4642382,-5,-5,-140
1767172525.4742382,-8,-4,-143
1767172525.484238,-10,0,-146
1767172525.494238,-10,-6,-144
1767172525.504238,-10,-9,-137
1767172525.514238,-6,-5,-133
1767172525.524238,-7,-4,-135
1767172525.534238,-9,-4,-131
1767172525.544238,-7,-7,-128
1767172525.554238,-3,-5,-125
1767172525.564238,-1,0,-133
1767172525.574238,-4,1,-143
1767172525.584238,-2,0,-140
1767172525.594238,5,0,-134
1767172525.6042385,2,0,-138
1767172525.6142385,-2,0,-141
1767172525.6242385,-2,0,-135
1767172525.6342382,-4,-2,-133
1767172525.6442382,-10,0,-137
1767172525.6542382,-7,-2,-135
1767172525.6642382,-6,-6,-140
1767172525.6742382,-9,-3,-136
1767172525.6842382,-7,-7,-142
1767172525.6942382,-8,-12,-142
1767172525.7042382,-5,-11,-137
1767172525.7142382,-5,-11,-146
1767172525.7242382,-6,-11,-144
1767172525.734238,-3,-9,-142
1767172525.744238,0,-6,-142
1767172525.754238,1,-7,-148
1767172525.764238,-2,-4,-150
1767172525.774238,-5,-2,-147
1767172525.784238,0,-4,-151
1767172525.794238,4,-4,-152
1767172525.804238,3,-5,-150
1767172525.814238,3,-6,-143
1767172525.824238,-1,-5,-144
1767172525.834238,3,-2,-143
1767172525.844238,2,0,-137
1767172525.8542385,-3,0,-139
1767172525.8642385,-5,-1,-136
1767172525.8742385,-8,2,-134
1767172525.8842382,-9,7,-136
1767172525.8942382,-7,4,-132
1767172525.9042382,-7,4,-136
1767172525.9142382,-8,2,-131
1767172525.9242382,-4,-1,-133
1767172525.9342382,-3,-2,-140
1767172525.9442382,-1,-2,-141
1767172525.9542382,0,-3,-136
1767172525.9642382,1,-3,-138
1767172525.9742382,1,-4,-141
1767172525.984238,2,-6,-139
1767172525.994238,0,-5,-141
1767172526.004238,0,-5,-142
1767172526.014238,0,-5,-137
1767172526.024238,-4,-5,-132
1767172526.034238,2,-2,-135
1767172526.044238,1,-1,-133
1767172526.054238,0,-4,-141
1767172526.064238,0,-3,-136
1767172526.074238,-1,-3,-137
1767172526.084238,-1,0,-138
1767172526.094238,-6,2,-146
1767172526.1042385,-3,0,-144
1767172526.1142385,-1,-3,-137
1767172526.1242385,2,1,-132
1767172526.1342382,2,-2,-129
1767172526.1452382,0,0,-120
1767172526.1542382,-2,0,-113
1767172526.1642382,-7,-6,-117
1767172526.1742382,-7,-8,-115
1767172526.1842382,-2,-4,-124
1767172526.1942382,0,-1,-124
1767172526.2042382,2,0,-128
1767172526.2142382,4,-1,-131
1767172526.2242382,2,-1,-134
1767172526.234238,2,-5,-137
1767172526.244238,0,-4,-135
1767172526.254238,3,-4,-127
1767172526.264238,0,-3,-133
1767172526.274238,0,0,-128
1767172526.284238,-1,0,-127
1767172526.294238,1,-1,-126
1767172526.304238,0,0,-132
1767172526.314238,-1,3,-133
1767172526.324238,-1,1,-131
1767172526.334238,2,-1,-133
1767172526.344238,3,-3,-133
1767172526.3542385,4,-5,-133
1767172526.3642385,1,-2,-133
1767172526.3742385,-2,1,-128
1767172526.3842382,0,2,-126
1767172526.3942382,3,0,-131
1767172526.4042382,5,3,-127
1767172526.4142382,2,4,-133
1767172526.4242382,2,6,-140
1767172526.4342382,2,7,-137
1767172526.4442382,1,6,-139
1767172526.4542382,4,3,-143
1767172526.4642382,4,2,-141
1767172526.4742382,4,1,-143
1767172526.484238,2,0,-137
1767172526.494238,4,1,-144
1767172526.504238,6,-1,-149
1767172526.514238,5,-4,-150
1767172526.524238,6,-2,-144
1767172526.534238,2,0,-141
1767172526.544238,0,-2,-134
1767172526.554238,-1,-2,-138
1767172526.564238,1,-3,-141
1767172526.574238,1,-7,-141
1767172526.584238,4,-9,-150
1767172526.594238,2,-6,-143
1767172526.6042385,0,-1,-141
1767172526.6142385,2,-1,-143
1767172526.6242385,5,-4,-142
1767172526.6342382,4,-6,-135
1767172526.6442382,-2,-4,-132
1767172526.6542382,-1,-6,-134
1767172526.6642382,-1,-9,-131
1767172526.6742382,0,-6,-132
1767172526.6842382,2,-7,-130
1767172526.6942382,4,-4,-129
1767172526.7042382,6,-1,-124
1767172526.7142382,6,0,-117
1767172526.7242382,2,-1,-120
1767172526.734238,0,-5,-123
1767172526.744238,3,-3,-122
1767172526.754238,6,-5,-119
1767172526.764238,0,-5,-130
1767172526.774238,0,-6,-140
1767172526.784238,-1,-1,-145
1767172526.794238,-2,-1,-147
1767172526.804238,-1,-7,-139
1767172526.814238,-3,-4,-137
1767172526.824238,4,-4,-146
1767172526.834238,3,-8,-150
1767172526.844238,5,-6,-148
1767172526.8542385,3,-3,-148
1767172526.8642385,3,-6,-146
1767172526.8742385,0,-4,-145
1767172526.8842382,0,-7,-133
1767172526.8942382,-2,-8,-132
1767172526.9042382,-1,-5,-139
1767172526.9142382,2,-2,-142
1767172526.9242382,4,0,-137
1767172526.9342382,3,0,-140
1767172526.9442382,1,0,-140
1767172526.9542382,2,0,-140
1767172526.9642382,0,2,-136
1767172526.9742382,4,-2,-137
1767172526.984238,10,-3,-137
1767172526.994238,8,0,-140
1767172527.004238,9,0,-148
1767172527.014238,3,0,-140
1767172527.024238,1,0,-135
1767172527.034238,1,0,-138
1767172527.044238,6,-1,-139
1767172527.054238,7,-2,-137
1767172527.064238,3,-4,-138
1767172527.074238,4,-5,-133
1767172527.084238,5,-5,-140
1767172527.094238,5,-6,-139
1767172527.1052382,5,-5,-135
1767172527.1142385,8,-2,-136
1767172527.1242385,3,-1,-142
1767172527.1352382,3,0,-141
1767172527.1452382,7,1,-140
1767172527.1552382,6,1,-134
1767172527.165238,9,-1,-139
1767172527.175238,6,-4,-139
1767172527.185238,7,-9,-136
1767172527.195238,4,-5,-143
1767172527.205238,0,-4,-143
1767172527.215238,-2,1,-138
1767172527.225238,-2,-2,-144
1767172527.235238,5,-5,-140
1767172527.245238,1,-6,-142
1767172527.255238,0,-8,-150
1767172527.265238,0,-2,-153
1767172527.275238,4,4,-149
1767172527.2852385,2,2,-153
1767172527.2952385,0,1,-156
1767172527.3052382,2,1,-151
1767172527.3152382,4,1,-144
1767172527.3252382,4,1,-140
1767172527.3352382,5,1,-140
1767172527.3452382,8,-1,-137
1767172527.3552382,7,-6,-133
1767172527.3652382,7,-8,-136
1767172527.3752382,5,-7,-138
1767172527.3852382,5,-8,-141
1767172527.3952382,1,-7,-142
1767172527.4052382,-5,-4,-137
1767172527.415238,0,0,-136
1767172527.425238,0,1,-139
1767172527.435238,2,0,-139
1767172527.445238,3,-3,-140
1767172527.455238,3,3,-131
1767172527.465238,1,0,-130
1767172527.475238,2,0,-130
1767172527.485238,0,0,-132
1767172527.495238,-3,-1,-137
1767172527.505238,-3,-2,-144
1767172527.515238,2,-4,-143
1767172527.525238,5,-1,-145
1767172527.5352385,8,0,-139
1767172527.5452385,12,1,-136
1767172527.5552382,11,0,-134
1767172527.5652382,9,-1,-133
1767172527.5752382,6,-1,-129
1767172527.5852382,3,0,-129
1767172527.5952382,5,-4,-133
1767172527.6052382,4,-7,-132
1767172527.6152382,6,-6,-133
1767172527.6252382,3,-5,-132
1767172527.6352382,4,-6,-138
1767172527.6452382,5,-3,-142
1767172527.6552382,5,-2,-136
1767172527.665238,0,0,-131
1767172527.675238,-4,-4,-135
1767172527.685238,-4,-2,-139
1767172527.695238,-6,0,-142
1767172527.705238,-6,0,-136
1767172527.715238,-4,0,-135
1767172527.725238,-5,-1,-136
1767172527.735238,-6,-1,-138
1767172527.745238,-4,-2,-138
1767172527.755238,-6,-4,-135
1767172527.765238,-8,-4,-139
1767172527.775238,-8,-1,-140
1767172527.7852385,-3,-1,-139
1767172527.7952385,-5,0,-131
1767172527.8052382,-4,0,-129
1767172527.8152382,-2,-1,-130
1767172527.8252382,-3,0,-136
1767172527.8352382,-3,-1,-140
1767172527.8452382,5,-3,-135
1767172527.8552382,12,-1,-140
1767172527.8652382,9,1,-146
1767172527.8752382,8,-1,-143
1767172527.8852382,8,-4,-137
1767172527.8952382,6,-1,-131
1767172527.9052382,8,0,-136
1767172527.915238,8,2,-141
1767172527.925238,10,3,-136
1767172527.935238,6,0,-128
1767172527.945238,5,-2,-124
1767172527.955238,6,0,-127
1767172527.965238,8,0,-136
1767172527.975238,10,-1,-138
1767172527.985238,7,-1,-135
1767172527.995238,4,-1,-129
1767172528.005238,-1,0,-133
1767172528.015238,-1,-3,-130
1767172528.025238,1,-2,-136
1767172528.0352385,3,-3,-135
1767172528.0452385,3,-3,-136
1767172528.0552382,3,-1,-131
1767172528.0652382,2,-4,-132
1767172528.0752382,1,-2,-133
1767172528.0852382,5,0,-136
1767172528.0952382,4,0,-136
1767172528.1052382,2,0,-136
1767172528.1152382,1,-2,-138
1767172528.1252382,7,-1,-141
1767172528.1352382,7,3,-136
1767172528.1452382,5,-1,-132
1767172528.1552382,10,0,-137
1767172528.165238,9,-1,-143
1767172528.175238,5,-6,-140
1767172528.185238,7,-5,-142
1767172528.195238,0,-1,-136
1767172528.205238,0,-3,-139
1767172528.215238,0,-5,-134
1767172528.225238,2,-3,-136
1767172528.235238,5,-1,-136
1767172528.245238,0,0,-130
1767172528.255238,2,-2,-125
1767172528.265238,5,0,-129
1767172528.275238,4,0,-136
1767172528.2852385,4,2,-137
1767172528.2952385,2,1,-133
1767172528.3052382,-3,4,-134
1767172528.3152382,-3,3,-139
1767172528.3252382,-3,-2,-143
1767172528.3352382,-5,0,-137
1767172528.3452382,0,4,-135
1767172528.3552382,1,5,-138
1767172528.3652382,-1,4,-134
1767172528.3752382,0,0,-135
1767172528.3852382,3,1,-130
1767172528.3952382,-3,1,-136
1767172528.4052382,-7,1,-138
1767172528.415238,-7,0,-140
1767172528.425238,-2,2,-141
1767172528.435238,0,1,-146
1767172528.445238,1,2,-139
1767172528.455238,3,6,-138
1767172528.465238,6,0,-138
1767172528.475238,11,-2,-133
1767172528.485238,9,-2,-136
1767172528.495238,6,0,-138
1767172528.505238,3,-2,-147
1767172528.515238,3,-3,-137
1767172528.525238,3,-1,-142
1767172528.5352385,1,-3,-143
1767172528.5452385,-2,-3,-142
1767172528.5552382,-5,-5,-146
1767172528.5652382,-4,-4,-139
1767172528.5752382,-2,-1,-138
1767172528.5852382,-4,-2,-134
1767172528.5952382,-3,-6,-127
1767172528.6052382,-4,-11,-131
1767172528.6152382,-4,-13,-130
1767172528.6252382,-5,-14,-131
1767172528.646238,-2,-13,-129
1767172528.6552382,1,-14,-138
1767172528.665238,2,-9,-137
1767172528.675238,1,-5,-143
1767172528.685238,0,0,-142
1767172528.695238,0,2,-140
1767172528.705238,2,5,-134
1767172528.715238,-1,6,-138
1767172528.725238,3,0,-143
1767172528.735238,0,-2,-142
1767172528.745238,1,-4,-140
1767172528.755238,1,-5,-132
1767172528.765238,-1,-2,-133
1767172528.775238,-2,0,-141
1767172528.7852385,-2,0,-139
1767172528.7952385,-1,0,-134
1767172528.8052382,1,-1,-136
1767172528.8152382,2,-1,-138
1767172528.8252382,0,-2,-142
1767172528.8352382,0,-4,-144
1767172528.8452382,0,-5,-144
1767172528.8552382,4,-3,-137
1767172528.8652382,10,-1,-129
1767172528.8752382,1,-1,-129
1767172528.8852382,-1,-2,-136
1767172528.8952382,-2,-1,-133
1767172528.9052382,2,2,-126
1767172528.915238,2,4,-129
1767172528.925238,3,1,-128
1767172528.935238,5,3,-129
1767172528.945238,6,-1,-133
1767172528.955238,3,-3,-137
1767172528.965238,5,-5,-137
1767172528.975238,-1,-8,-149
1767172528.985238,-1,-12,-147
1767172528.995238,-3,-11,-146
1767172529.005238,-4,-10,-146
1767172529.015238,-2,-8,-145
1767172529.025238,0,-9,-144
1767172529.0352385,1,-9,-148
1767172529.0452385,2,-9,-145
1767172529.0552382,0,-5,-149
1767172529.0652382,0,-5,-151
1767172529.0752382,-3,-7,-152
1767172529.0852382,2,-4,-153
1767172529.0952382,5,-1,-157
1767172529.1052382,0,-3,-151
1767172529.1152382,-1,-6,-145
1767172529.1252382,-5,-7,-145
1767172529.1352382,-2,-9,-145
1767172529.1452382,-3,-3,-135
1767172529.1552382,-3,2,-133
1767172529.165238,-3,1,-132
1767172529.175238,-5,0,-135
1767172529.185238,-7,0,-130
1767172529.195238,-4,0,-136
1767172529.205238,-1,-2,-139
1767172529.215238,-8,-1,-144
1767172529.225238,0,3,-139
1767172529.235238,-3,3,-139
1767172529.245238,-1,-2,-138
1767172529.255238,1,-5,-138
1767172529.265238,1,-6,-133
1767172529.275238,1,-9,-131
1767172529.2852385,6,-4,-134
1767172529.2952385,5,-3,-136
1767172529.3052382,4,-4,-134
1767172529.3152382,4,-7,-131
1767172529.3252382,2,-2,-130
1767172529.3352382,1,-3,-131
1767172529.3452382,0,-2,-129
1767172529.3552382,0,0,-124
1767172529.3652382,2,-2,-119
1767172529.3752382,2,-1,-119
1767172529.3852382,3,0,-119
1767172529.3952382,-4,-2,-118
1767172529.4052382,-5,0,-124
1767172529.415238,-9,0,-126
1767172529.425238,-2,-2,-129
1767172529.435238,1,-5,-134
1767172529.445238,-1,-3,-133
1767172529.455238,3,-6,-135
1767172529.465238,3,-6,-141
1767172529.475238,0,-4,-144
1767172529.485238,-1,-6,-146
1767172529.495238,0,-2,-140
1767172529.505238,2,-4,-135
1767172529.515238,3,-6,-140
1767172529.525238,0,-6,-138
1767172529.5352385,-3,-9,-140
1767172529.5452385,-2,-11,-139
1767172529.5552382,-1,-8,-143
1767172529.5652382,-2,-6,-144
1767172529.5752382,-5,-9,-139
1767172529.5852382,-2,-9,-139
1767172529.5952382,0,-6,-141
1767172529.6052382,-2,-5,-141
1767172529.6152382,1,-5,-139
1767172529.6252382,0,0,-146
1767172529.6352382,-5,-3,-138
1767172529.6452382,-2,-3,-138
1767172529.6552382,2,-7,-138
1767172529.665238,3,-6,-143
1767172529.675238,-3,-5,-144
1767172529.685238,-7,-7,-139
1767172529.695238,-9,-6,-131
1767172529.7062385,-9,-4,-138
1767172529.7162385,-11,-3,-144
1767172529.7262385,-11,-5,-137
1767172529.7362382,-6,-1,-129
1767172529.7462382,-9,0,-128
1767172529.7562382,-10,2,-125
1767172529.7662382,-8,5,-120
1767172529.7762382,-5,6,-130
1767172529.7862382,-5,5,-134
1767172529.7962382,-4,3,-127
1767172529.8062382,2,4,-135
1767172529.8162382,4,4,-145
1767172529.8262382,2,3,-148
1767172529.836238,-1,2,-150
1767172529.846238,0,1,-146
1767172529.856238,2,1,-149
1767172529.866238,2,-1,-151
1767172529.876238,0,1,-141
1767172529.886238,1,1,-143
1767172529.896238,2,2,-143
1767172529.906238,5,1,-137
1767172529.916238,6,2,-135
1767172529.926238,5,-1,-139
1767172529.936238,0,0,-145
1767172529.946238,0,3,-141
1767172529.9562385,-3,4,-133
1767172529.9662385,-1,5,-133
1767172529.9762385,-1,5,-131
1767172529.9862382,0,3,-131
1767172529.9962382,1,1,-140
1767172530.0062382,0,2,-139
1767172530.0162382,4,0,-142
1767172530.0262382,5,5,-141
1767172530.0362382,5,5,-139
1767172530.0462382,2,3,-139
1767172530.0562382,0,4,-135
1767172530.0662382,-4,4,-140
1767172530.0762382,-7,0,-142
1767172530.086238,-5,-2,-142
1767172530.096238,-2,0,-143
1767172530.106238,-3,0,-141
1767172530.116238,1,-4,-140
1767172530.126238,-3,-6,-141
1767172530.136238,-3,-8,-140
1767172530.146238,-3,-9,-143
1767172530.156238,0,-8,-147
1767172530.166238,0,-10,-150
1767172530.176238,-3,-7,-147
1767172530.186238,-1,-1,-144
1767172530.196238,-1,-3,-141
1767172530.2062385,-3,-5,-140
1767172530.2162385,-5,-3,-140
1767172530.2262385,-3,-2,-132
1767172530.2362382,-8,0,-127
1767172530.2462382,-10,2,-131
1767172530.2562382,-7,0,-127
1767172530.2662382,-3,0,-132
1767172530.2762382,0,-2,-132
1767172530.2862382,4,-2,-136
1767172530.2962382,2,1,-133
1767172530.3062382,-2,4,-138
1767172530.3162382,0,3,-137
1767172530.3262382,0,2,-134
1767172530.336238,-3,5,-137
1767172530.346238,0,7,-135
1767172530.356238,5,6,-131
1767172530.366238,1,5,-128
1767172530.376238,-3,-1,-132
1767172530.386238,-2,-1,-139
1767172530.396238,-3,-4,-142
1767172530.406238,-4,-8,-141
1767172530.416238,-5,-5,-140
1767172530.426238,-3,-7,-136
1767172530.436238,-2,-4,-140
1767172530.446238,-5,-4,-137
1767172530.4562385,-1,-4,-137
1767172530.4662385,-3,-4,-139
1767172530.4762385,-4,-1,-139
1767172530.4862382,-4,0,-138
1767172530.4962382,0,3,-137
1767172530.5062382,0,3,-136
1767172530.5162382,0,2,-137
1767172530.5262382,1,1,-138
1767172530.5362382,4,0,-139
1767172530.5462382,5,1,-136
1767172530.5562382,5,1,-127
1767172530.5662382,5,-1,-130
1767172530.5762382,7,1,-133
1767172530.586238,9,3,-135
1767172530.596238,2,2,-133
1767172530.606238,0,1,-128
1767172530.616238,-2,4,-132
1767172530.626238,-1,2,-133
1767172530.636238,0,0,-125
1767172530.646238,0,0,-126
1767172530.656238,-2,0,-129
1767172530.666238,-1,0,-132
1767172530.676238,0,-2,-136
1767172530.686238,-1,0,-138
1767172530.696238,-2,0,-133
1767172530.7062385,0,-3,-131
1767172530.7162385,4,-4,-130
1767172530.7262385,-2,-5,-132
1767172530.7362382,0,-5,-133
1767172530.7462382,-2,-1,-127
1767172530.7562382,0,-4,-129
1767172530.7662382,7,-5,-132
1767172530.7762382,5,-4,-133
1767172530.7862382,5,-6,-136
1767172530.7962382,6,-6,-139
1767172530.8062382,5,-4,-143
1767172530.8162382,0,-3,-143
1767172530.8262382,-1,-3,-148
1767172530.836238,0,-5,-149
1767172530.846238,2,-2,-148
1767172530.856238,0,-1,-149
1767172530.866238,2,1,-150
1767172530.876238,-1,0,-151
1767172530.886238,-3,-1,-148
1767172530.896238,-3,-1,-146
1767172530.906238,0,0,-138
1767172530.916238,-1,0,-137
1767172530.926238,0,0,-139
1767172530.936238,3,0,-133
1767172530.946238,6,-1,-138
1767172530.9562385,7,-1,-138
1767172530.9662385,6,0,-135
1767172530.9762385,3,0,-133
1767172530.9862382,4,0,-137
1767172530.9962382,4,0,-132
1767172531.0062382,3,-1,-128
1767172531.0162382,5,-7,-125
1767172531.0262382,3,-3,-127
1767172531.0362382,2,-6,-128
1767172531.0462382,2,-10,-125
1767172531.0562382,2,-6,-121
1767172531.0662382,-3,-4,-119
1767172531.0762382,-4,-4,-122
1767172531.086238,-4,-5,-125
1767172531.096238,-7,-5,-132
1767172531.106238,-2,-8,-141
1767172531.116238,-1,-11,-145
1767172531.126238,-1,-11,-148
1767172531.136238,-2,-10,-146
1767172531.146238,-2,-10,-138
1767172531.156238,-2,-8,-132
1767172531.166238,1,-2,-131
1767172531.176238,0,0,-131
1767172531.186238,-1,-5,-133
1767172531.196238,0,-5,-134
1767172531.2062385,-2,-3,-129
1767172531.2162385,-2,1,-123
1767172531.2262385,-5,0,-124
1767172531.2362382,-1,2,-134
1767172531.2462382,1,4,-138
1767172531.2562382,0,3,-143
1767172531.2662382,-1,7,-141
1767172531.2762382,-4,5,-140
1767172531.2862382,-2,5,-133
1767172531.2962382,-3,5,-137
1767172531.3062382,-3,4,-142
1767172531.3162382,-3,0,-137
1767172531.3262382,0,-3,-141
1767172531.336238,0,-2,-145
1767172531.346238,0,0,-153
1767172531.356238,-2,0,-147
1767172531.366238,2,0,-137
1767172531.376238,-1,0,-138
1767172531.386238,1,1,-142
1767172531.396238,-1,0,-138
1767172531.406238,-4,3,-137
1767172531.416238,-5,0,-138
1767172531.426238,-5,0,-139
1767172531.436238,-3,0,-142
1767172531.446238,-1,-1,-142
1767172531.4562385,2,-2,-139
1767172531.4662385,5,-3,-141
1767172531.4762385,2,-2,-138
1767172531.4862382,1,-4,-141
1767172531.4962382,0,-4,-138
1767172531.5062382,-4,-8,-140
1767172531.5162382,-4,-12,-138
1767172531.5262382,-1,-10,-134
1767172531.5362382,2,-7,-140
1767172531.5462382,2,-6,-145
1767172531.5562382,0,-6,-146
1767172531.5662382,0,-5,-142
1767172531.5762382,2,-3,-143
1767172531.586238,2,-2,-137
1767172531.596238,0,-4,-143
1767172531.606238,3,-5,-136
1767172531.616238,9,-1,-135
1767172531.626238,6,2,-133
1767172531.636238,6,0,-131
1767172531.646238,7,-1,-135
1767172531.656238,6,-2,-140
1767172531.666238,5,0,-137
1767172531.676238,-2,1,-138
1767172531.686238,-3,-3,-141
1767172531.696238,0,-2,-143
1767172531.7062385,1,-2,-139
1767172531.7162385,2,-1,-141
1767172531.7262385,3,-3,-137
1767172531.7362382,0,-5,-139
1767172531.7462382,-4,0,-138
1767172531.7562382,-5,0,-137
1767172531.7662382,1,-2,-143
1767172531.7762382,3,-4,-137
1767172531.7862382,0,-6,-147
1767172531.7962382,-2,-5,-154
1767172531.8062382,-2,-4,-155
1767172531.8162382,3,-5,-147
1767172531.8262382,0,-3,-144
1767172531.836238,1,-3,-142
1767172531.846238,0,-3,-138
1767172531.856238,0,-4,-139
1767172531.866238,0,-5,-140
1767172531.876238,0,-2,-139
1767172531.886238,-4,1,-140
1767172531.896238,-4,4,-137
1767172531.906238,-4,3,-141
1767172531.916238,-9,0,-139
1767172531.926238,-1,0,-139
1767172531.936238,0,2,-136
1767172531.946238,3,5,-139
1767172531.9562385,3,3,-138
1767172531.9662385,3,-1,-137
1767172531.9762385,4,-5,-146
1767172531.9862382,4,-6,-150
1767172531.9962382,1,-6,-151
1767172532.0062382,-1,-4,-155
1767172532.0162382,-2,-1,-152
1767172532.0262382,0,0,-144
1767172532.0362382,1,-3,-139
1767172532.0462382,1,-7,-138
1767172532.0562382,0,-2,-137
1767172532.0662382,-4,-1,-131
1767172532.0762382,-5,1,-125
1767172532.086238,-2,0,-122
1767172532.096238,-5,-1,-126
1767172532.106238,-6,-7,-123
1767172532.116238,-6,-6,-128
1767172532.126238,-1,-7,-125
1767172532.136238,-1,-4,-124
1767172532.146238,-3,-1,-126
1767172532.156238,-1,-1,-134
1767172532.166238,2,-6,-137
1767172532.176238,0,-7,-137
1767172532.186238,1,-4,-136
1767172532.196238,2,-5,-136
1767172532.2062385,2,-4,-132
1767172532.2172382,2,-2,-131
1767172532.2262385,3,-1,-134
1767172532.2362382,6,-4,-136
1767172532.2462382,9,-3,-134
1767172532.2562382,9,-3,-134
1767172532.267238,10,0,-137
1767172532.2762382,5,-1,-131
1767172532.287238,5,1,-124
1767172532.297238,7,-1,-127
1767172532.307238,7,1,-135
1767172532.317238,2,0,-134
1767172532.327238,0,3,-130
1767172532.337238,2,2,-133
1767172532.347238,2,1,-140
1767172532.357238,6,6,-144
1767172532.367238,0,8,-143
1767172532.377238,0,3,-135
1767172532.3872385,3,0,-138
1767172532.3972385,0,-2,-138
1767172532.4072382,4,-1,-134
1767172532.4172382,1,1,-137
1767172532.4272382,-4,5,-149
1767172532.4372382,-4,5,-144
1767172532.4472382,-2,3,-143
1767172532.4572382,-2,1,-143
1767172532.4672382,0,-1,-140
1767172532.4772382,-3,0,-143
1767172532.4872382,-6,3,-147
1767172532.4972382,-7,5,-144
1767172532.507238,-6,2,-140
1767172532.517238,-6,-5,-144
1767172532.527238,-9,-5,-150
1767172532.537238,-11,-4,-146
1767172532.547238,-7,-3,-139
1767172532.557238,-3,1,-139
1767172532.567238,-1,1,-142
1767172532.577238,-1,0,-146
1767172532.587238,-2,-1,-144
1767172532.597238,1,-1,-141
1767172532.607238,0,-5,-141
1767172532.617238,-3,-7,-146
1767172532.627238,-4,-7,-148
1767172532.6372385,0,-10,-156
1767172532.6472385,2,-9,-153
1767172532.6572382,3,-3,-152
1767172532.6672382,5,0,-148
1767172532.6772382,5,3,-147
1767172532.6872382,3,2,-140
1767172532.6972382,2,-1,-143
1767172532.7072382,0,2,-139
1767172532.7172382,-2,0,-138
1767172532.7272382,-4,0,-146
1767172532.7372382,0,-1,-141
1767172532.7472382,0,-1,-143
1767172532.757238,-1,-2,-138
1767172532.767238,0,0,-138
1767172532.777238,3,-2,-139
1767172532.787238,1,-6,-140
1767172532.797238,-1,-7,-139
1767172532.807238,-2,-7,-138
1767172532.817238,3,-6,-142
1767172532.827238,7,-8,-141
1767172532.837238,4,-5,-139
1767172532.847238,4,-3,-142
1767172532.857238,5,-3,-137
1767172532.867238,12,-5,-134
1767172532.877238,12,-3,-137
1767172532.8872385,6,-2,-136
1767172532.8972385,3,0,-138
1767172532.9072382,1,0,-137
1767172532.9172382,-1,1,-137
1767172532.9272382,0,-1,-139
1767172532.9372382,1,-5,-141
1767172532.9472382,4,-4,-141
1767172532.9572382,8,-7,-141
1767172532.9672382,9,-4,-139
1767172532.9772382,4,-3,-137
1767172532.9872382,3,-3,-146
1767172532.9972382,2,-3,-144
1767172533.007238,-1,-1,-142
1767172533.017238,1,1,-142
1767172533.027238,3,-1,-145
1767172533.037238,1,-3,-140
1767172533.047238,1,-3,-139
1767172533.057238,2,-2,-144
1767172533.067238,4,-6,-140
1767172533.077238,5,-7,-136
1767172533.087238,3,-6,-133
1767172533.097238,2,-7,-131
1767172533.107238,3,-2,-130
1767172533.117238,1,-2,-132
1767172533.127238,-1,-3,-134
1767172533.1372385,-2,-4,-138
1767172533.1472385,-3,-8,-137
1767172533.1572382,-7,-10,-145
1767172533.1672382,-8,-11,-144
1767172533.1772382,-4,-8,-142
1767172533.1872382,-2,-5,-138
1767172533.1972382,-2,-8,-132
1767172533.2072382,0,-6,-136
1767172533.2172382,-1,-8,-139
1767172533.2272382,0,-6,-141
1767172533.2372382,-5,-7,-138
1767172533.2472382,-12,-2,-137
1767172533.257238,-14,-2,-136
1767172533.267238,-14,0,-134
1767172533.277238,-8,-2,-136
1767172533.287238,-6,-2,-133
1767172533.297238,-6,0,-134
1767172533.307238,-5,0,-133
1767172533.317238,0,-1,-140
1767172533.327238,1,-1,-138
1767172533.337238,5,-4,-139
1767172533.347238,3,-6,-143
1767172533.357238,0,-5,-151
1767172533.367238,-2,1,-138
1767172533.377238,-2,4,-136
1767172533.3872385,2,1,-141
1767172533.3972385,5,2,-139
1767172533.4072382,1,3,-140
1767172533.4172382,-1,4,-139
1767172533.4272382,-4,2,-143
1767172533.4372382,-5,1,-134
1767172533.4472382,-6,1,-127
1767172533.4572382,-8,0,-126
1767172533.4672382,-6,-4,-123
1767172533.4772382,-9,-6,-123
1767172533.4872382,-7,-6,-121
1767172533.4972382,-11,-5,-125
1767172533.507238,-6,-1,-122
1767172533.518238,-4,0,-120
1767172533.527238,-4,-1,-119
1767172533.537238,-4,-6,-124
1767172533.547238,0,-10,-131
1767172533.557238,0,-10,-138
1767172533.567238,0,-8,-143
1767172533.577238,-1,-4,-147
1767172533.587238,2,-6,-141
1767172533.597238,2,-2,-140
1767172533.607238,0,-5,-146
1767172533.617238,1,-4,-147
1767172533.627238,1,0,-142
1767172533.6372385,-4,0,-136
1767172533.659238,-4,-3,-140
1767172533.6672382,-5,-4,-139
1767172533.6772382,-4,0,-136
1767172533.6872382,-8,1,-136
1767172533.6972382,-7,0,-135
1767172533.7072382,-5,0,-133
1767172533.7172382,-9,2,-134
1767172533.7272382,-7,1,-141
1767172533.7372382,-7,0,-140
1767172533.7472382,-1,-1,-143
1767172533.757238,-2,0,-142
1767172533.767238,-2,0,-143
1767172533.777238,1,3,-136
1767172533.787238,-1,6,-137
1767172533.797238,-2,8,-139
1767172533.807238,-1,14,-142
1767172533.817238,-4,13,-138
1767172533.827238,-5,15,-137
1767172533.837238,-3,10,-136
1767172533.847238,-7,11,-142
1767172533.857238,-5,3,-148
1767172533.867238,-11,1,-144
1767172533.877238,-9,0,-138
1767172533.8872385,-4,2,-136
1767172533.8972385,0,3,-128
1767172533.9072382,2,-1,-137
1767172533.9172382,-3,0,-145
1767172533.9272382,-3,2,-146
1767172533.9372382,-3,1,-149
1767172533.9472382,-6,0,-144
1767172533.9572382,-10,-2,-144
1767172533.9672382,-9,3,-141
1767172533.9772382,-11,1,-135
1767172533.9872382,-5,0,-136
1767172533.9972382,-5,4,-137
1767172534.007238,-6,0,-128
1767172534.017238,-6,1,-133
1767172534.027238,-3,-2,-127
1767172534.037238,0,1,-130
1767172534.047238,4,5,-126
1767172534.057238,0,3,-131
1767172534.067238,0,-1,-135
1767172534.077238,1,0,-134
1767172534.087238,-1,-3,-134
1767172534.097238,-4,1,-135
1767172534.107238,-4,3,-134
1767172534.117238,-3,4,-133
1767172534.127238,-3,4,-132
1767172534.1372385,-6,1,-133
1767172534.1472385,-1,-2,-130
1767172534.1572382,0,-4,-136
1767172534.1672382,0,-6,-140
1767172534.1772382,-2,-5,-143
1767172534.1872382,-3,-4,-149
1767172534.1972382,-1,-1,-145
1767172534.2072382,0,1,-138
1767172534.2172382,-1,4,-137
1767172534.2272382,2,3,-135
1767172534.2372382,5,0,-139
1767172534.2472382,-1,0,-139
1767172534.257238,2,0,-145
1767172534.267238,-1,0,-146
1767172534.277238,-4,-1,-149
1767172534.287238,-2,-1,-144
1767172534.297238,-4,1,-143
1767172534.307238,-6,0,-142
1767172534.317238,-6,0,-140
1767172534.327238,-6,0,-143
1767172534.337238,-4,3,-141
1767172534.347238,-3,6,-139
1767172534.357238,1,8,-143
1767172534.367238,2,3,-145
1767172534.377238,0,2,-142
1767172534.3872385,1,1,-140
1767172534.3972385,-2,-2,-138
1767172534.4072382,-6,0,-131
1767172534.4172382,-5,2,-135
1767172534.4272382,-7,0,-139
1767172534.4372382,-1,-2,-141
1767172534.4472382,0,-2,-149
1767172534.4572382,0,0,-148
1767172534.4672382,3,-1,-149
1767172534.4772382,6,0,-143
1767172534.4872382,5,3,-143
1767172534.4972382,6,4,-137
1767172534.507238,7,-2,-130
1767172534.517238,10,-4,-126
1767172534.527238,9,-2,-132
1767172534.537238,4,-1,-136
1767172534.547238,3,-2,-135
1767172534.557238,2,0,-139
1767172534.567238,-1,0,-144
1767172534.577238,0,-2,-142
1767172534.587238,-4,-1,-142
1767172534.597238,-3,-7,-139
1767172534.607238,-6,-6,-131
1767172534.617238,-4,-4,-131
1767172534.627238,0,-7,-129
1767172534.6372385,0,-2,-136
1767172534.6472385,2,-2,-137
1767172534.6572382,-2,0,-136
1767172534.6672382,-3,-1,-143
1767172534.6772382,-4,0,-139
1767172534.6872382,-1,-1,-136
1767172534.6972382,3,-1,-142
1767172534.7072382,3,-1,-151
1767172534.7172382,2,3,-150
1767172534.7272382,0,3,-151
1767172534.7372382,-1,1,-147
1767172534.7472382,-4,1,-144
1767172534.757238,-5,1,-137
1767172534.767238,-4,0,-135
1767172534.777238,0,-3,-143
1767172534.787238,-4,-5,-146
1767172534.797238,-6,-7,-143
1767172534.807238,-6,-4,-143
1767172534.8182385,-6,-6,-134
1767172534.8282382,-6,-8,-131
1767172534.837238,-5,-4,-133
1767172534.8482382,-3,-5,-130
1767172534.8582382,-4,-3,-136
1767172534.8682382,-3,-3,-145
1767172534.8782382,-4,-6,-141
1767172534.8882382,-4,-5,-146
1767172534.8982382,-5,-3,-140
1767172534.9082382,-3,1,-137
1767172534.9182382,0,2,-136
1767172534.9282382,-1,1,-134
1767172534.938238,1,4,-133
1767172534.948238,0,1,-136
1767172534.958238,-2,1,-136
1767172534.968238,-3,-2,-132
1767172534.978238,-2,-3,-129
1767172534.988238,0,-7,-131
1767172534.998238,-2,-4,-129
1767172535.008238,0,-2,-127
1767172535.018238,-1,-3,-129
1767172535.028238,-3,-7,-125
1767172535.038238,-4,-3,-125
1767172535.048238,-8,-3,-124
1767172535.0582385,-6,-2,-121
1767172535.0682385,-1,-4,-121
1767172535.0782382,-3,-2,-125
1767172535.0882382,0,-7,-127
1767172535.0982382,0,-4,-134
1767172535.1082382,0,-1,-137
1767172535.1182382,0,-4,-144
1767172535.1282382,-2,-6,-146
1767172535.1382382,-4,-9,-142
1767172535.1482382,-8,-7,-141
1767172535.1582382,-3,-10,-139
1767172535.1682382,0,-8,-137
1767172535.1782382,2,-8,-138
1767172535.188238,-1,-9,-144
1767172535.198238,-2,-9,-143
1767172535.208238,-1,-7,-140
1767172535.218238,-1,-7,-139
1767172535.228238,-1,-9,-131
1767172535.238238,-2,-7,-132
1767172535.248238,-2,-8,-129
1767172535.258238,-1,-8,-131
1767172535.268238,0,-1,-130
1767172535.278238,0,-1,-124
1767172535.288238,-1,0,-129
1767172535.298238,1,0,-132
1767172535.3082385,-4,2,-132
1767172535.3182385,-7,5,-129
1767172535.3282382,-4,3,-131
1767172535.3382382,0,2,-135
1767172535.3482382,-1,-2,-136
1767172535.3582382,3,-1,-134
1767172535.3682382,4,0,-143
1767172535.3782382,1,0,-140
1767172535.3882382,1,3,-143
1767172535.3982382,0,6,-145
1767172535.4082382,-3,6,-149
1767172535.4182382,-3,6,-144
1767172535.4282382,-8,4,-141
1767172535.438238,-8,7,-146
1767172535.448238,-1,0,-149
1767172535.458238,1,0,-143
1767172535.468238,3,3,-142
1767172535.478238,1,4,-136
1767172535.488238,-3,2,-137
1767172535.498238,-4,-1,-144
1767172535.508238,-4,-6,-139
1767172535.518238,-4,-6,-136
1767172535.528238,-4,-5,-141
1767172535.538238,-2,-4,-139
1767172535.548238,-3,-3,-143
1767172535.5582385,-3,0,-150
1767172535.5682385,-2,-5,-150
1767172535.5782382,-5,-3,-139
1767172535.5882382,-5,0,-139
1767172535.5982382,-3,0,-136
1767172535.6082382,-2,0,-138
1767172535.6182382,-5,0,-142
1767172535.6282382,-4,-7,-143
1767172535.6382382,0,-6,-138
1767172535.6482382,0,-6,-144
1767172535.6582382,-1,-9,-148
1767172535.6682382,-1,-7,-141
1767172535.6782382,-3,-8,-148
1767172535.688238,-6,-9,-145
1767172535.698238,-4,-7,-136
1767172535.708238,-4,-5,-132
1767172535.718238,-4,0,-139
1767172535.728238,-3,0,-135
1767172535.738238,0,1,-137
1767172535.748238,0,0,-137
1767172535.758238,-2,3,-136
1767172535.768238,-2,2,-135
1767172535.778238,-3,0,-134
1767172535.788238,-3,-4,-142
1767172535.798238,-3,-7,-140
1767172535.8082385,0,-7,-134
1767172535.8182385,2,-11,-135
1767172535.8282382,1,-8,-130
1767172535.8382382,0,-6,-137
1767172535.8482382,-5,-2,-128
1767172535.8582382,-3,0,-125
1767172535.8682382,-7,0,-125
1767172535.8782382,-8,-1,-129
1767172535.8882382,-11,-3,-127
1767172535.8982382,-13,-4,-125
1767172535.9082382,-10,-5,-125
1767172535.9182382,-4,-7,-127
1767172535.9282382,0,-3,-129
1767172535.938238,0,0,-132
1767172535.948238,-3,2,-137
1767172535.958238,-6,0,-138
1767172535.968238,-4,0,-134
1767172535.978238,-5,-3,-133
1767172535.988238,-2,0,-138
1767172535.998238,-5,-1,-145
1767172536.008238,-6,-1,-145
1767172536.018238,-3,-5,-150
1767172536.028238,-4,-7,-145
1767172536.038238,-6,-7,-145
1767172536.048238,-6,-1,-146
1767172536.0582385,-8,2,-152
1767172536.0682385,-5,1,-152
1767172536.0782382,-5,1,-149
1767172536.0882382,-5,0,-145
1767172536.0982382,-5,2,-137
1767172536.1082382,0,2,-136
1767172536.1182382,0,3,-141
1767172536.1282382,0,0,-140
1767172536.1382382,5,0,-135
1767172536.1482382,4,-3,-137
1767172536.1582382,4,-1,-136
1767172536.1682382,0,-4,-141
1767172536.1782382,-2,-5,-142
1767172536.188238,3,-7,-149
1767172536.198238,4,-3,-147
1767172536.208238,6,-2,-147
1767172536.218238,5,-7,-141
1767172536.228238,0,-8,-140
1767172536.238238,0,-7,-137
1767172536.248238,2,-10,-141
1767172536.258238,3,-9,-141
1767172536.268238,5,-6,-141
1767172536.278238,3,-7,-141
1767172536.288238,3,-8,-146
1767172536.298238,4,-8,-138
1767172536.3082385,0,-6,-134
1767172536.3182385,-1,-8,-133
1767172536.3282382,-2,-6,-137
1767172536.3382382,-3,-5,-143
1767172536.3482382,-5,-12,-149
1767172536.3582382,-4,-12,-145
1767172536.3682382,-1,-7,-141
1767172536.3782382,-2,-1,-145
1767172536.3882382,-3,-2,-146
1767172536.3982382,-3,-2,-142
1767172536.4082382,1,-4,-142
1767172536.4182382,5,-6,-144
1767172536.4282382,3,-6,-140
1767172536.438238,0,-3,-135
1767172536.448238,-4,0,-130
1767172536.458238,-4,1,-126
1767172536.468238,-3,-3,-126
1767172536.478238,0,-3,-127
1767172536.488238,0,-1,-131
1767172536.498238,4,-2,-128
1767172536.508238,3,-2,-131
1767172536.518238,1,-5,-134
1767172536.528238,0,-1,-134
1767172536.538238,5,-1,-136
1767172536.548238,2,0,-141
1767172536.5582385,2,0,-146
1767172536.5682385,0,-5,-141
1767172536.5782382,-2,-5,-135
1767172536.5882382,0,-9,-130
1767172536.5982382,0,-11,-131
1767172536.6082382,0,-7,-138
1767172536.6182382,-1,0,-138
1767172536.6282382,4,0,-145
1767172536.6382382,4,0,-143
1767172536.6482382,8,0,-145
1767172536.6582382,6,-5,-146
1767172536.6682382,4,-5,-142
1767172536.6782382,4,-5,-134
1767172536.688238,6,-5,-136
1767172536.698238,8,-5,-132
1767172536.708238,6,-3,-130
1767172536.718238,8,-4,-133
1767172536.728238,9,2,-134
1767172536.738238,11,1,-136
1767172536.748238,6,0,-142
1767172536.758238,7,1,-148
1767172536.768238,8,2,-157
1767172536.778238,10,0,-151
1767172536.788238,10,0,-141
1767172536.798238,5,-2,-141
1767172536.8082385,-1,-3,-142
1767172536.8182385,1,-6,-139
1767172536.8282382,3,-8,-145
1767172536.8382382,0,-6,-142
1767172536.8482382,0,-5,-141
1767172536.8582382,-4,-7,-137
1767172536.8682382,-5,-8,-145
1767172536.8782382,-3,-9,-143
1767172536.8882382,1,-9,-135
1767172536.8982382,3,-9,-143
1767172536.9082382,2,-12,-140
1767172536.9182382,-1,-3,-147
1767172536.9282382,0,-3,-139
1767172536.938238,1,-5,-136
1767172536.948238,0,-1,-135
1767172536.958238,0,4,-134
1767172536.968238,-2,7,-139
1767172536.978238,-4,4,-133
1767172536.988238,-4,2,-131
1767172536.998238,-1,4,-129
1767172537.008238,1,-1,-130
1767172537.018238,0,-1,-125
1767172537.028238,0,0,-133
1767172537.038238,3,1,-133
1767172537.048238,1,-1,-136
1767172537.0582385,-1,-3,-135
1767172537.0682385,-2,-4,-131
1767172537.0782382,0,-1,-137
1767172537.0882382,0,1,-137
1767172537.0982382,-1,-2,-142
1767172537.1082382,0,-2,-143
1767172537.1182382,0,2,-140
1767172537.1282382,-2,3,-142
1767172537.1382382,0,2,-137
1767172537.1482382,-4,0,-131
1767172537.1582382,-5,0,-129
1767172537.1682382,-8,0,-129
1767172537.1782382,-12,-4,-129
1767172537.188238,-4,-4,-129
1767172537.198238,-5,-3,-127
1767172537.208238,-9,-3,-127
1767172537.218238,-9,-7,-133
1767172537.228238,-2,-10,-131
1767172537.238238,-4,-6,-132
1767172537.248238,-7,-3,-132
1767172537.258238,-5,-4,-129
1767172537.268238,2,0,-128
1767172537.278238,2,0,-123
1767172537.288238,0,-1,-126
1767172537.298238,0,0,-129
1767172537.3082385,2,-4,-131
1767172537.3182385,4,-3,-131
1767172537.3282382,0,-3,-132
1767172537.3382382,0,-5,-130
1767172537.3482382,1,-7,-130
1767172537.3582382,1,-8,-128
1767172537.3682382,3,-4,-126
1767172537.3782382,1,-3,-130
1767172537.389238,1,2,-135
1767172537.399238,0,3,-131
1767172537.409238,-7,0,-134
1767172537.4182382,-7,0,-136
1767172537.429238,-4,0,-137
1767172537.438238,0,-4,-139
1767172537.449238,0,-2,-145
1767172537.459238,-1,-2,-147
1767172537.468238,0,-1,-152
1767172537.4792385,0,-4,-147
1767172537.4892385,2,-2,-143
1767172537.4992385,4,-2,-139
1767172537.5092382,4,-4,-134
1767172537.518238,2,-5,-133
1767172537.5292382,2,-9,-137
1767172537.5392382,6,-7,-132
1767172537.5492382,4,-6,-134
1767172537.5592382,4,0,-127
1767172537.5692382,3,-2,-131
1767172537.5792382,2,-2,-131
1767172537.5892382,1,-1,-135
1767172537.5992382,4,-2,-130
1767172537.609238,7,1,-130
1767172537.619238,8,0,-134
1767172537.629238,8,3,-129
1767172537.639238,8,0,-133
1767172537.649238,4,0,-136
1767172537.659238,9,0,-136
1767172537.669238,4,0,-132
1767172537.679238,4,-3,-126
1767172537.689238,0,-4,-132
1767172537.699238,2,-2,-134
1767172537.709238,0,-1,-134
1767172537.719238,-1,-4,-133
1767172537.7292385,-7,-3,-135
1767172537.7392385,-9,-3,-140
1767172537.7492385,-6,-5,-141
1767172537.7592382,-6,-4,-144
1767172537.7692382,-3,-4,-144
1767172537.7792382,0,0,-147
1767172537.7892382,-5,4,-143
1767172537.7992382,-7,1,-144
1767172537.8092382,-8,3,-141
1767172537.8192382,-9,4,-148
1767172537.8292382,-9,3,-147
1767172537.8392382,-6,1,-143
1767172537.8492382,-5,3,-138
1767172537.859238,-4,5,-133
1767172537.869238,-7,8,-132
1767172537.879238,-4,5,-136
1767172537.889238,-1,3,-137
1767172537.899238,0,0,-140
1767172537.909238,-4,0,-133
1767172537.919238,2,0,-139
1767172537.929238,10,-4,-135
1767172537.939238,10,0,-132
1767172537.949238,3,0,-132
1767172537.959238,0,0,-129
1767172537.969238,-2,-2,-130
1767172537.9792385,-4,-3,-131
1767172537.9892385,-1,-4,-136
1767172537.9992385,-4,-5,-137
1767172538.0092382,-4,-5,-138
1767172538.0192382,-8,-6,-135
1767172538.0292382,-5,-5,-132
1767172538.0392382,-1,-3,-128
1767172538.0492382,5,-4,-126
1767172538.0592382,3,-7,-128
1767172538.0692382,3,-10,-134
1767172538.0792382,4,-8,-139
1767172538.0892382,4,-7,-142
1767172538.0992382,2,-6,-145
1767172538.109238,-1,-2,-137
1767172538.119238,-5,3,-143
1767172538.129238,-5,2,-141
1767172538.139238,-2,2,-145
1767172538.149238,0,3,-146
1767172538.159238,5,3,-146
1767172538.169238,3,1,-142
1767172538.179238,4,-3,-140
1767172538.189238,3,0,-139
1767172538.199238,-4,0,-138
1767172538.209238,-4,0,-142
1767172538.219238,1,0,-146
1767172538.2292385,1,-1,-142
1767172538.2392385,0,0,-137
1767172538.2492385,0,1,-139
1767172538.2592382,0,2,-141
1767172538.2692382,-1,6,-144
1767172538.2792382,-2,7,-151
1767172538.2892382,-3,3,-150
1767172538.2992382,-1,3,-141
1767172538.3092382,-1,-3,-142
1767172538.3192382,0,-3,-141
1767172538.3292382,0,-2,-137
1767172538.3392382,4,0,-133
1767172538.3492382,3,2,-140
1767172538.359238,0,2,-140
1767172538.369238,0,3,-144
1767172538.379238,1,0,-147
1767172538.389238,1,0,-143
1767172538.399238,-5,-1,-146
1767172538.409238,-3,-7,-145
1767172538.419238,0,-4,-144
1767172538.429238,5,-3,-138
1767172538.439238,3,-3,-139
1767172538.449238,0,-4,-143
1767172538.459238,-3,-5,-144
1767172538.469238,4,-6,-138
1767172538.4792385,8,-5,-140
1767172538.4892385,5,-5,-135
1767172538.4992385,8,-7,-137
1767172538.5092382,6,-9,-132
1767172538.5192382,4,-3,-133
1767172538.5292382,1,-4,-135
1767172538.5392382,2,-3,-130
1767172538.5492382,0,1,-131
1767172538.5592382,-3,0,-131
1767172538.5692382,-1,-2,-132
1767172538.5792382,0,-3,-136
1767172538.5892382,0,-2,-137
1767172538.5992382,-1,-5,-138
1767172538.609238,0,-6,-136
1767172538.619238,0,-7,-134
1767172538.629238,-2,-10,-129
1767172538.639238,-3,-8,-129
1767172538.649238,-5,-3,-129
1767172538.6712382,-3,-1,-127
1767172538.679238,-3,-4,-129
1767172538.689238,0,-5,-132
1767172538.699238,1,-5,-132
1767172538.709238,4,-5,-140
1767172538.719238,2,-7,-140
1767172538.7292385,1,-6,-135
1767172538.7392385,-2,-5,-141
1767172538.7492385,-4,-1,-143
1767172538.7592382,3,-3,-140
1767172538.7692382,4,-3,-137
1767172538.7792382,5,-5,-137
1767172538.7892382,0,-3,-130
1767172538.7992382,2,-3,-129
1767172538.8092382,0,-3,-135
1767172538.8192382,2,-1,-139
1767172538.8292382,0,-1,-135
1767172538.8392382,-1,-1,-141
1767172538.8492382,0,0,-143
1767172538.859238,-2,2,-143
1767172538.869238,-4,6,-139
1767172538.879238,-1,4,-137
1767172538.889238,-1,7,-147
1767172538.899238,-1,6,-146
1767172538.909238,0,6,-137
1767172538.919238,0,4,-136
1767172538.929238,-1,2,-145
1767172538.939238,-3,0,-137
1767172538.949238,-4,-1,-137
1767172538.959238,-4,4,-131
1767172538.969238,-2,5,-137
1767172538.9792385,-2,3,-136
1767172538.9892385,0,2,-136
1767172538.9992385,-3,0,-136
1767172539.0092382,-2,-2,-141
1767172539.0192382,0,2,-133
1767172539.0292382,1,4,-135
1767172539.0392382,3,4,-134
1767172539.0492382,4,0,-135
1767172539.0592382,2,-3,-132
1767172539.0692382,1,-2,-126
1767172539.0792382,9,-5,-127
1767172539.0892382,5,-7,-136
1767172539.0992382,4,-6,-132
1767172539.109238,4,-5,-138
1767172539.119238,4,-8,-140
1767172539.129238,6,-3,-142
1767172539.139238,2,-3,-139
1767172539.149238,3,-2,-132
1767172539.159238,4,-2,-131
1767172539.169238,5,-3,-128
1767172539.179238,3,-5,-129
1767172539.189238,3,-6,-136
1767172539.199238,5,-8,-138
1767172539.209238,4,-6,-133
1767172539.219238,3,-5,-131
1767172539.2292385,0,-2,-132
1767172539.2392385,2,-4,-137
1767172539.2492385,2,-2,-135
1767172539.2592382,1,-2,-134
1767172539.2692382,-2,-1,-138
1767172539.2792382,-6,-2,-144
1767172539.2892382,-7,0,-140
1767172539.2992382,-3,3,-135
1767172539.3092382,-1,4,-133
1767172539.3192382,1,3,-133
1767172539.3292382,2,0,-138
1767172539.3392382,0,0,-137
1767172539.3492382,-2,-1,-133
1767172539.359238,-5,-2,-130
1767172539.369238,-4,-1,-132
1767172539.379238,0,-3,-134
1767172539.389238,0,-8,-140
1767172539.399238,0,-8,-144
1767172539.409238,0,-6,-149
1767172539.419238,2,-3,-149
1767172539.429238,0,-5,-146
1767172539.439238,3,-8,-143
1767172539.449238,0,-10,-142
1767172539.459238,0,-7,-138
1767172539.469238,2,-8,-138
1767172539.4792385,4,-7,-132
1767172539.4892385,1,-3,-132
1767172539.4992385,-3,-3,-129
1767172539.5092382,-4,-4,-134
1767172539.5192382,-1,-7,-135
1767172539.5292382,0,-6,-136
1767172539.5392382,-2,-7,-137
1767172539.5492382,-3,-6,-136
1767172539.5592382,-4,-5,-136
1767172539.5692382,0,-4,-131
1767172539.5792382,6,-4,-130
1767172539.5892382,5,-5,-125
1767172539.5992382,6,-3,-126
1767172539.609238,4,-2,-128
1767172539.619238,0,3,-134
1767172539.629238,-7,3,-133
1767172539.639238,-8,-1,-136
1767172539.649238,-9,0,-134
1767172539.659238,-6,0,-138
1767172539.669238,-3,-4,-143
1767172539.679238,-4,-4,-139
1767172539.689238,-2,-6,-141
1767172539.699238,-6,-5,-144
1767172539.709238,-6,-6,-147
1767172539.719238,-6,-4,-143
1767172539.7292385,-6,-6,-143
1767172539.7392385,0,0,-146
1767172539.7492385,-1,-2,-139
1767172539.7592382,-2,0,-139
1767172539.7692382,-3,0,-139
1767172539.7792382,-5,-1,-141
1767172539.7892382,-4,-1,-146
1767172539.7992382,0,0,-147
1767172539.8092382,3,2,-143
1767172539.8192382,1,4,-145
1767172539.8292382,0,6,-139
1767172539.8392382,-2,4,-143
1767172539.8492382,-2,2,-143
1767172539.859238,-1,0,-148
1767172539.869238,0,-3,-145
1767172539.879238,-3,-1,-148
1767172539.889238,0,2,-146
1767172539.899238,-4,2,-149
1767172539.909238,-2,0,-153
1767172539.919238,-3,0,-155
1767172539.929238,-2,3,-155
1767172539.939238,2,0,-146
1767172539.949238,1,0,-143
1767172539.959238,2,-1,-146
1767172539.969238,0,-2,-145
1767172539.9792385,0,0,-141
1767172539.9902382,1,0,-139
1767172539.9992385,2,-2,-143
1767172540.0102382,0,-4,-142
1767172540.0192382,0,-2,-142
1767172540.0302382,0,3,-144
1767172540.040238,-2,0,-140
1767172540.050238,-5,0,-137
1767172540.060238,-5,0,-142
1767172540.070238,-3,-5,-143
1767172540.080238,1,-4,-146
1767172540.090238,1,-1,-146
1767172540.100238,0,-2,-137
1767172540.110238,-3,-1,-134
1767172540.120238,-2,-3,-140
1767172540.130238,-1,0,-134
1767172540.140238,-3,-2,-132
1767172540.150238,3,-1,-136
1767172540.1602385,10,-4,-142
1767172540.1702385,13,-1,-142
1767172540.1802382,13,-1,-139
1767172540.1902382,11,0,-144
1767172540.2002382,6,-1,-154
1767172540.2102382,4,-5,-153
1767172540.2202382,1,-6,-149
1767172540.2302382,0,-3,-143
1767172540.2402382,2,-1,-149
1767172540.2502382,3,2,-149
1767172540.2602382,3,-1,-148
1767172540.2702382,5,-5,-144
1767172540.2802382,-2,-5,-141
1767172540.290238,0,-6,-141
1767172540.300238,0,-4,-147
1767172540.310238,1,-5,-150
1767172540.320238,-1,-9,-139
1767172540.330238,-5,-8,-136
1767172540.340238,-6,-7,-138
1767172540.350238,-4,-7,-137
1767172540.360238,-2,-10,-141
1767172540.370238,0,-12,-138
1767172540.380238,1,-7,-140
1767172540.390238,1,-2,-143
1767172540.400238,-4,-1,-144
1767172540.4102385,-8,-3,-136
1767172540.4202385,-8,-2,-134
1767172540.4302382,-6,-6,-139
1767172540.4402382,-4,-1,-137
1767172540.4502382,-1,0,-138
1767172540.4602382,3,1,-132
1767172540.4702382,0,4,-133
1767172540.4802382,-3,5,-135
1767172540.4902382,-7,2,-137
1767172540.5002382,-6,1,-138
1767172540.5102382,-1,0,-138
1767172540.5202382,5,-2,-143
1767172540.5302382,10,-1,-141
1767172540.540238,9,-2,-138
1767172540.550238,8,-3,-133
1767172540.560238,10,0,-131
1767172540.570238,9,0,-129
1767172540.580238,9,0,-129
1767172540.590238,9,-2,-125
1767172540.600238,7,0,-125
1767172540.610238,4,3,-128
1767172540.620238,7,2,-134
1767172540.630238,3,0,-131
1767172540.640238,-3,5,-132
1767172540.650238,-5,0,-132
1767172540.6602385,-10,0,-135
1767172540.6702385,-8,0,-135
1767172540.6802382,-5,-4,-135
1767172540.6902382,-7,-7,-141
1767172540.7002382,-5,-5,-137
1767172540.7102382,-2,-1,-133
1767172540.7202382,-4,-2,-126
1767172540.7302382,-5,-2,-128
1767172540.7402382,-5,-4,-124
1767172540.7502382,-7,-7,-118
1767172540.7602382,-7,-5,-120
1767172540.7702382,-5,-5,-123
1767172540.7802382,0,-4,-129
1767172540.790238,-2,-5,-129
1767172540.800238,-4,-6,-137
1767172540.810238,-7,-8,-141
1767172540.820238,-6,-5,-144
1767172540.830238,-5,-5,-141
1767172540.840238,-2,-4,-139
1767172540.850238,-5,-4,-135
1767172540.860238,-4,-6,-139
1767172540.870238,-7,-7,-135
1767172540.880238,-9,-7,-134
1767172540.890238,-10,-5,-139
1767172540.900238,-2,-1,-141
1767172540.9102385,-1,-2,-140
1767172540.9202385,-3,-3,-142
1767172540.9302382,-1,1,-143
1767172540.9402382,0,2,-141
1767172540.9502382,0,3,-140
1767172540.9602382,4,0,-138
1767172540.9702382,5,-1,-132
1767172540.9802382,2,0,-133
1767172540.9902382,-1,0,-133
1767172541.0002382,-1,-3,-136
1767172541.0102382,-5,0,-136
1767172541.0202382,-3,3,-135
1767172541.0302382,-5,0,-134
1767172541.040238,-7,-2,-128
1767172541.050238,-5,1,-123
1767172541.060238,0,3,-125
1767172541.070238,-1,4,-131
1767172541.080238,-5,4,-137
1767172541.090238,-4,0,-135
1767172541.100238,-3,1,-133
1767172541.110238,-2,1,-136
1767172541.120238,0,6,-139
1767172541.130238,-3,0,-141
1767172541.140238,-1,1,-137
1767172541.150238,-2,1,-136
1767172541.1602385,-2,0,-139
1767172541.1702385,1,-3,-137
1767172541.1802382,5,-1,-138
1767172541.1902382,5,0,-142
1767172541.2002382,4,3,-138
1767172541.2102382,0,6,-139
1767172541.2202382,2,4,-138
1767172541.2302382,6,2,-138
1767172541.2402382,7,3,-142
1767172541.2502382,6,1,-140
1767172541.2602382,3,-1,-143
1767172541.2702382,0,-4,-135
1767172541.2802382,-4,-6,-131
1767172541.290238,-5,-6,-136
1767172541.300238,-9,-5,-142
1767172541.310238,-12,-4,-142
1767172541.320238,-10,-8,-133
1767172541.330238,-3,-8,-136
1767172541.340238,0,-4,-130
1767172541.350238,0,-4,-135
1767172541.360238,0,-5,-136
1767172541.370238,0,0,-130
1767172541.380238,0,-2,-132
1767172541.390238,-4,-2,-125
1767172541.400238,-1,1,-132
1767172541.4102385,2,-2,-134
1767172541.4202385,4,-5,-137
1767172541.4302382,1,-7,-137
1767172541.4402382,2,-1,-141
1767172541.4502382,0,-1,-144
1767172541.4602382,5,-2,-142
1767172541.4702382,7,-6,-143
1767172541.4802382,8,-8,-143
1767172541.4902382,6,-1,-143
1767172541.5002382,6,0,-147
1767172541.5102382,2,-3,-138
1767172541.5202382,0,0,-139
1767172541.5302382,-5,3,-141
1767172541.540238,-7,0,-131
1767172541.550238,-7,0,-128
1767172541.560238,-5,0,-129
1767172541.570238,-4,0,-125
1767172541.580238,-2,0,-127
1767172541.590238,-5,-2,-129
1767172541.600238,-5,-2,-135
1767172541.610238,-3,0,-141
1767172541.620238,1,-1,-145
1767172541.630238,1,-2,-147
1767172541.640238,4,-4,-152
1767172541.650238,3,0,-146
1767172541.6602385,5,0,-143
1767172541.6702385,7,1,-143
1767172541.6802382,2,-6,-141
1767172541.6902382,6,-7,-135
1767172541.7002382,4,-3,-139
1767172541.7102382,3,-1,-134
1767172541.7202382,4,3,-138
1767172541.7302382,6,-2,-139
1767172541.7402382,4,-6,-141
1767172541.7502382,1,-2,-135
1767172541.7602382,0,-1,-134
1767172541.7702382,0,1,-134
1767172541.7802382,1,0,-133
1767172541.790238,0,-1,-136
1767172541.800238,1,-4,-134
1767172541.810238,0,-3,-134
1767172541.820238,-2,-2,-135
1767172541.830238,0,-5,-139
1767172541.840238,2,-5,-140
1767172541.850238,1,-7,-145
1767172541.860238,-5,-6,-143
1767172541.870238,-3,-6,-142
1767172541.880238,-3,-5,-140
1767172541.890238,-5,-9,-142
1767172541.900238,-6,-10,-138
1767172541.9102385,-1,-13,-141
1767172541.9202385,0,-9,-142
1767172541.9302382,-3,-5,-146
1767172541.9402382,-2,-3,-140
1767172541.9502382,-3,-4,-142
1767172541.9602382,-3,-6,-135
1767172541.9702382,-3,-11,-141
1767172541.9802382,-8,-6,-144
1767172541.9902382,-3,-4,-139
1767172542.0002382,-1,-6,-144
1767172542.0102382,-2,-2,-147
1767172542.0202382,-6,-2,-145
1767172542.0302382,-1,0,-143
1767172542.040238,-2,0,-145
1767172542.050238,-4,3,-142
1767172542.060238,-2,-1,-135
1767172542.070238,0,-6,-134
1767172542.080238,-1,-4,-134
1767172542.090238,3,-4,-131
1767172542.100238,5,-4,-130
1767172542.110238,0,-2,-138
1767172542.120238,1,0,-136
1767172542.130238,0,0,-139
1767172542.140238,0,-2,-142
1767172542.150238,4,0,-141
1767172542.1602385,5,-2,-137
1767172542.1702385,3,1,-137
1767172542.1802382,6,0,-140
1767172542.1902382,7,0,-140
1767172542.2002382,6,1,-140
1767172542.2102382,4,2,-132
1767172542.2202382,3,2,-132
1767172542.2302382,-5,2,-139
1767172542.2402382,-8,-1,-140
1767172542.2502382,-7,-1,-138
1767172542.2602382,-4,2,-138
1767172542.2702382,-6,7,-136
1767172542.2802382,-6,7,-138
1767172542.290238,-3,10,-138
1767172542.300238,-1,6,-143
1767172542.310238,-1,4,-143
1767172542.320238,1,2,-145
1767172542.330238,2,4,-141
1767172542.340238,2,2,-141
1767172542.350238,0,3,-139
1767172542.360238,-5,2,-143
1767172542.370238,-4,1,-144
1767172542.380238,-10,0,-144
1767172542.390238,-7,1,-140
1767172542.400238,-7,-1,-140
1767172542.4102385,0,-1,-140
1767172542.4202385,-2,-1,-140
1767172542.4302382,-1,3,-148
1767172542.4402382,-4,3,-145
1767172542.4502382,-4,2,-142
1767172542.4602382,-3,2,-141
1767172542.4702382,-4,2,-134
1767172542.4802382,-2,0,-139
1767172542.4902382,0,0,-146
1767172542.5002382,2,4,-148
1767172542.5102382,0,5,-144
1767172542.5202382,0,4,-135
1767172542.5302382,0,4,-143
1767172542.540238,-1,0,-152
1767172542.551238,0,-3,-151
1767172542.561238,3,-2,-149
1767172542.571238,6,-3,-145
1767172542.5812385,5,2,-143
1767172542.5912385,0,4,-144
1767172542.6012385,-2,2,-151
1767172542.6112382,-2,1,-148
1767172542.6212382,0,3,-145
1767172542.632238,-3,3,-148
1767172542.6412382,-2,2,-144
1767172542.6512382,-4,-1,-144
1767172542.6612382,-2,-6,-144
1767172542.6712382,0,-6,-146
1767172542.6812382,0,-5,-133
1767172542.6912382,-2,0,-132
1767172542.7012382,2,-2,-129
1767172542.711238,0,-7,-130
1767172542.721238,0,-5,-127
1767172542.731238,3,0,-134
1767172542.741238,3,6,-137
1767172542.751238,3,7,-135
1767172542.761238,3,4,-133
1767172542.771238,4,3,-135
1767172542.781238,8,2,-138
1767172542.791238,6,2,-133
1767172542.801238,2,2,-130
1767172542.811238,3,4,-129
1767172542.821238,0,2,-132
1767172542.8312385,2,1,-128
1767172542.8412385,2,0,-125
1767172542.8512385,0,-2,-126
1767172542.8612382,3,-1,-127
1767172542.8712382,0,0,-131
1767172542.8812382,1,0,-125
1767172542.8912382,-1,-1,-126
1767172542.9012382,-6,-2,-128
1767172542.9112382,-1,-4,-130
1767172542.9212382,-4,-3,-132
1767172542.9312382,-7,-6,-137
1767172542.9412382,-9,-5,-142
1767172542.9512382,-5,-9,-144
1767172542.961238,-5,-10,-140
1767172542.971238,-8,-7,-139
1767172542.981238,-9,-5,-140
1767172542.991238,-2,-3,-136
1767172543.001238,0,1,-136
1767172543.011238,4,3,-133
1767172543.021238,0,2,-137
1767172543.031238,0,-1,-137
1767172543.041238,-1,-1,-145
1767172543.051238,1,0,-146
1767172543.061238,4,2,-148
1767172543.071238,1,-1,-145
1767172543.0812385,-4,0,-141
1767172543.0912385,-6,1,-138
1767172543.1012385,-8,6,-136
1767172543.1112382,-5,3,-131
1767172543.1212382,0,3,-133
1767172543.1312382,0,3,-135
1767172543.1412382,0,-2,-140
1767172543.1512382,2,-3,-148
1767172543.1612382,0,-6,-144
1767172543.1712382,0,0,-142
1767172543.1812382,1,1,-138
1767172543.1912382,0,-3,-146
1767172543.2012382,0,-3,-143
1767172543.211238,-1,0,-138
1767172543.221238,3,-4,-134
1767172543.231238,4,-1,-139
1767172543.241238,7,0,-141
1767172543.251238,7,0,-141
1767172543.261238,10,0,-142
1767172543.271238,7,4,-141
1767172543.281238,1,3,-141
1767172543.291238,0,4,-143
1767172543.301238,-7,3,-142
1767172543.311238,-8,0,-141
1767172543.321238,-2,1,-138
1767172543.3312385,-1,-3,-143
1767172543.3412385,2,-6,-142
1767172543.3512385,1,-4,-138
1767172543.3612382,1,-4,-143
1767172543.3712382,0,-5,-138
1767172543.3812382,0,-5,-139
1767172543.3912382,-1,-5,-141
1767172543.4012382,0,-4,-139
1767172543.4112382,0,-2,-138
1767172543.4212382,-4,1,-132
1767172543.4312382,-8,0,-132
1767172543.4412382,-8,1,-130
1767172543.4512382,-6,3,-131
1767172543.461238,-3,3,-132
1767172543.471238,0,-1,-132
1767172543.481238,3,0,-137
1767172543.491238,0,-1,-138
1767172543.501238,0,-3,-138
1767172543.511238,3,0,-136
1767172543.521238,0,0,-135
1767172543.531238,0,-2,-142
1767172543.541238,2,-1,-143
1767172543.551238,0,2,-146
1767172543.561238,-4,1,-149
1767172543.571238,-1,-1,-155
1767172543.5812385,-1,-1,-152
1767172543.5912385,-1,-2,-148
1767172543.6012385,-1,-3,-145
1767172543.6112382,-4,-2,-148
1767172543.6212382,-7,-4,-150
1767172543.6312382,-5,-2,-157
1767172543.6412382,-6,2,-151
1767172543.6512382,-6,6,-144
1767172543.6612382,-3,5,-145
1767172543.6832385,-5,0,-144
1767172543.6912382,-4,0,-143
1767172543.7012382,-1,0,-139
1767172543.711238,2,0,-132
1767172543.721238,2,0,-133
1767172543.731238,3,0,-136
1767172543.741238,0,-1,-139
1767172543.751238,2,0,-142
1767172543.761238,-1,3,-144
1767172543.771238,-2,1,-141
1767172543.781238,-1,3,-140
1767172543.791238,-3,1,-142
1767172543.801238,-4,0,-145
1767172543.811238,-2,0,-145
1767172543.821238,-5,0,-140
1767172543.8312385,-5,-1,-137
1767172543.8412385,-6,-2,-131
1767172543.8512385,0,-1,-131
1767172543.8612382,0,-6,-138
1767172543.8712382,0,-5,-140
1767172543.8812382,0,-2,-137
1767172543.8912382,0,0,-140
1767172543.9012382,0,-1,-140
1767172543.9112382,3,-4,-136
1767172543.9212382,1,-9,-139
1767172543.9312382,5,-10,-136
1767172543.9412382,8,-10,-135
1767172543.9512382,10,-6,-133
1767172543.961238,10,-7,-135
1767172543.971238,4,-10,-139
1767172543.981238,5,-7,-131
1767172543.991238,6,-3,-142
1767172544.001238,8,-3,-143
1767172544.011238,7,-3,-143
1767172544.021238,6,0,-142
1767172544.031238,-1,2,-133
1767172544.041238,0,0,-134
1767172544.051238,-5,-1,-134
1767172544.061238,-2,-6,-134
1767172544.071238,-4,-9,-136
1767172544.0812385,-2,-4,-135
1767172544.0912385,0,-4,-128
1767172544.1012385,2,-6,-125
1767172544.1112382,3,-8,-123
1767172544.1212382,-1,-9,-126
1767172544.1312382,0,-7,-130
1767172544.1412382,1,-6,-132
1767172544.1512382,3,-7,-136
1767172544.1612382,5,-7,-139
1767172544.1712382,4,-8,-135
1767172544.1812382,2,-4,-138
1767172544.1912382,0,-1,-135
1767172544.2012382,0,0,-133
1767172544.211238,0,1,-133
1767172544.221238,-3,2,-134
1767172544.231238,-6,0,-135
1767172544.241238,0,-1,-133
1767172544.251238,2,-1,-134
1767172544.261238,0,-1,-138
1767172544.271238,-6,-4,-138
1767172544.281238,-3,-8,-139
1767172544.291238,1,-4,-139
1767172544.301238,2,0,-140
1767172544.311238,0,-3,-141
1767172544.321238,-2,-1,-139
1767172544.3312385,0,0,-132
1767172544.3412385,2,0,-130
1767172544.3512385,3,0,-126
1767172544.3612382,1,0,-128
1767172544.3712382,6,-2,-125
1767172544.3812382,4,0,-125
1767172544.3912382,6,0,-127
1767172544.4012382,8,-1,-134
1767172544.4112382,6,-3,-141
1767172544.4212382,0,-7,-138
1767172544.4312382,0,-7,-135
1767172544.4412382,0,-8,-134
1767172544.4512382,3,-6,-140
1767172544.461238,3,-7,-147
1767172544.471238,3,-5,-145
1767172544.481238,5,-4,-148
1767172544.491238,1,-1,-151
1767172544.501238,1,0,-152
1767172544.511238,-2,-2,-148
1767172544.521238,-2,-7,-139
1767172544.531238,-4,-6,-145
1767172544.541238,-2,-6,-148
1767172544.551238,0,-4,-149
1767172544.561238,2,-2,-140
1767172544.571238,2,-1,-134
1767172544.5812385,0,0,-139
1767172544.5912385,-1,-3,-136
1767172544.6012385,0,-4,-133
1767172544.6112382,-1,-1,-131
1767172544.6212382,-6,-7,-136
1767172544.6312382,-4,-8,-139
1767172544.6412382,-2,-9,-138
1767172544.6512382,-2,-6,-141
1767172544.6612382,-2,-7,-144
1767172544.6712382,-2,-6,-148
1767172544.6812382,-4,-4,-139
1767172544.6912382,-3,0,-137
1767172544.7012382,-2,-1,-132
1767172544.711238,0,0,-128
1767172544.721238,0,0,-135
1767172544.731238,1,2,-129
1767172544.741238,1,5,-136
1767172544.751238,-1,7,-142
1767172544.761238,-3,9,-136
1767172544.771238,-5,6,-140
1767172544.781238,-3,4,-145
1767172544.791238,-4,3,-146
1767172544.801238,-3,2,-136
1767172544.811238,0,1,-140
1767172544.821238,0,0,-141
1767172544.8312385,1,-1,-139
1767172544.8412385,0,0,-134
1767172544.8512385,-1,-2,-128
1767172544.8612382,-5,-1,-138
1767172544.8712382,-7,-2,-135
1767172544.8812382,-10,-4,-138
1767172544.8912382,-9,-1,-134
1767172544.9012382,-9,-2,-137
1767172544.9112382,-8,-2,-141
1767172544.9212382,-9,-3,-138
1767172544.9312382,-10,-2,-130
1767172544.9412382,-12,-2,-131
1767172544.9512382,-14,-2,-137
1767172544.961238,-13,-1,-131
1767172544.971238,-15,-5,-126
1767172544.981238,-14,-3,-123
1767172544.991238,-14,-1,-126
1767172545.001238,-6,-4,-132
1767172545.011238,-3,-7,-133
1767172545.021238,-6,-5,-135
1767172545.031238,-2,-6,-129
1767172545.041238,0,-6,-132
1767172545.051238,0,-5,-130
1767172545.061238,0,-4,-129
1767172545.071238,-3,-4,-135
1767172545.0812385,-7,0,-138
1767172545.0912385,-8,-2,-138
1767172545.1012385,-7,-2,-130
1767172545.1112382,-2,1,-126
1767172545.1222382,-1,4,-133
1767172545.132238,-3,4,-130
1767172545.142238,-2,4,-125
1767172545.152238,1,2,-129
1767172545.162238,2,0,-137
1767172545.172238,0,0,-131
1767172545.182238,2,2,-126
1767172545.192238,-2,4,-133
1767172545.202238,0,4,-133
1767172545.212238,-2,5,-135
1767172545.222238,-6,1,-142
1767172545.232238,-3,0,-143
1767172545.242238,-3,-4,-149
1767172545.252238,0,-8,-143
1767172545.2622385,2,-2,-137
1767172545.2722385,2,0,-138
1767172545.2822382,0,-2,-131
1767172545.2922382,-2,0,-136
1767172545.3022382,1,0,-145
1767172545.3122382,0,1,-142
1767172545.3222382,-2,3,-139
1767172545.3322382,-2,0,-138
1767172545.3422382,0,0,-139
1767172545.3522382,-4,-2,-136
1767172545.3622382,-4,-6,-137
1767172545.3722382,-7,-9,-136
1767172545.382238,-11,-6,-132
1767172545.392238,-10,-5,-132
1767172545.402238,-8,-9,-127
1767172545.412238,-8,-10,-131
1767172545.422238,-8,-8,-136
1767172545.432238,-9,-4,-132
1767172545.442238,-5,-5,-135
1767172545.452238,-2,-3,-144
1767172545.462238,0,-5,-138
1767172545.472238,-4,-6,-138
1767172545.482238,-3,-3,-130
1767172545.492238,0,-1,-134
1767172545.502238,2,-1,-136
1767172545.5122385,1,0,-140
1767172545.5222385,5,0,-141
1767172545.5322382,5,-1,-137
1767172545.5422382,0,-4,-138
1767172545.5522382,-1,-5,-137
1767172545.5622382,-1,-7,-131
1767172545.5722382,0,-3,-135
1767172545.5822382,1,3,-133
1767172545.5922382,0,4,-128
1767172545.6022382,1,2,-128
1767172545.6122382,2,2,-132
1767172545.6222382,3,0,-135
1767172545.632238,2,-3,-129
1767172545.642238,3,-2,-137
1767172545.652238,3,-3,-140
1767172545.662238,2,-1,-132
1767172545.672238,-1,-5,-131
1767172545.682238,-1,-6,-128
1767172545.692238,0,-3,-137
1767172545.702238,0,-2,-136
1767172545.712238,-1,-2,-134
1767172545.722238,-5,-2,-138
1767172545.732238,1,-4,-133
1767172545.742238,2,-6,-138
1767172545.752238,4,-6,-136
1767172545.7622385,2,-5,-138
1767172545.7722385,0,-4,-138
1767172545.7822382,3,0,-139
1767172545.7922382,4,0,-138
1767172545.8022382,7,-2,-134
1767172545.8122382,0,-2,-138
1767172545.8222382,0,0,-139
1767172545.8322382,-3,-2,-136
1767172545.8422382,-6,0,-137
1767172545.8522382,-6,1,-133
1767172545.8622382,-2,0,-134
1767172545.8722382,0,0,-135
1767172545.882238,0,4,-138
1767172545.892238,0,4,-135
1767172545.902238,1,3,-134
1767172545.912238,0,0,-129
1767172545.922238,0,-2,-132
1767172545.932238,0,-4,-139
1767172545.942238,0,-1,-141
1767172545.952238,-3,0,-140
1767172545.962238,-2,0,-141
1767172545.972238,7,-3,-141
1767172545.982238,10,-5,-140
1767172545.992238,7,-3,-135
1767172546.002238,3,-4,-138
1767172546.0122385,2,-2,-142
1767172546.0222385,3,0,-135
1767172546.0322382,-1,-2,-135
1767172546.0422382,0,-7,-141
1767172546.0522382,0,-7,-142
1767172546.0622382,0,-7,-136
1767172546.0722382,-1,-4,-134
1767172546.0822382,-3,-5,-131
1767172546.0922382,-7,-7,-132
1767172546.1022382,-7,-10,-134
1767172546.1122382,-6,-8,-139
1767172546.1222382,-6,-6,-136
1767172546.132238,-7,-3,-134
1767172546.142238,-3,-6,-135
1767172546.152238,-3,-4,-140
1767172546.162238,-1,-2,-142
1767172546.172238,0,-1,-138
1767172546.182238,2,-2,-136
1767172546.192238,0,-1,-136
1767172546.202238,-3,-1,-140
1767172546.212238,-2,-2,-142
1767172546.222238,-1,-3,-140
1767172546.232238,-4,-5,-140
1767172546.242238,-6,-3,-143
1767172546.252238,-5,0,-141
1767172546.2622385,-2,1,-142
1767172546.2722385,-5,0,-141
1767172546.2822382,-1,2,-137
1767172546.2922382,0,0,-137
1767172546.3022382,-3,2,-147
1767172546.3122382,-8,0,-141
1767172546.3222382,-3,0,-133
1767172546.3322382,-6,2,-128
1767172546.3422382,-1,3,-132
1767172546.3522382,2,4,-134
1767172546.3622382,3,5,-138
1767172546.3722382,-1,4,-140
1767172546.382238,-3,3,-143
1767172546.392238,-4,2,-141
1767172546.402238,-5,5,-137
1767172546.412238,-4,6,-137
1767172546.422238,0,1,-140
1767172546.432238,1,-3,-143
1767172546.442238,5,0,-146
1767172546.452238,1,0,-147
1767172546.462238,1,-1,-148
1767172546.472238,1,2,-139
1767172546.482238,0,2,-137
1767172546.492238,2,1,-130
1767172546.502238,5,0,-126
1767172546.5122385,3,0,-138
1767172546.5222385,2,-1,-138
1767172546.5322382,6,-2,-139
1767172546.5422382,0,-4,-138
1767172546.5522382,-1,-7,-143
1767172546.5622382,0,-4,-145
1767172546.5722382,2,-3,-143
1767172546.5822382,1,-5,-140
1767172546.5922382,0,0,-139
1767172546.6022382,1,0,-143
1767172546.6122382,-1,0,-145
1767172546.6222382,-2,1,-144
1767172546.632238,-1,0,-141
1767172546.642238,-2,-1,-131
1767172546.652238,-3,-2,-126
1767172546.662238,-7,-1,-129
1767172546.672238,-4,-3,-132
1767172546.682238,1,2,-127
1767172546.692238,2,5,-130
1767172546.702238,2,4,-128
1767172546.712238,1,2,-127
1767172546.722238,-1,2,-126
1767172546.732238,4,2,-130
1767172546.742238,3,1,-137
1767172546.752238,4,0,-141
1767172546.7622385,3,3,-139
1767172546.7722385,3,2,-140
1767172546.7822382,0,-8,-134
1767172546.7922382,1,-12,-138
1767172546.8022382,8,-9,-140
1767172546.8122382,13,-6,-136
1767172546.8222382,7,-3,-140
1767172546.8322382,4,-4,-144
1767172546.8422382,2,-1,-140
1767172546.8522382,0,-3,-138
1767172546.8622382,3,-1,-135
1767172546.8722382,1,-3,-131
1767172546.882238,-1,-7,-139
1767172546.892238,-1,-4,-137
1767172546.902238,-1,-3,-137
1767172546.912238,-2,0,-135
1767172546.922238,0,-1,-129
1767172546.932238,0,1,-125
1767172546.942238,-4,3,-137
1767172546.952238,-7,-3,-141
1767172546.962238,-4,-5,-143
1767172546.972238,1,-2,-148
1767172546.982238,2,-2,-149
1767172546.992238,4,-3,-149
1767172547.002238,3,0,-148
1767172547.0122385,0,1,-138
1767172547.0222385,2,5,-131
1767172547.0322382,3,9,-131
1767172547.0422382,4,5,-134
1767172547.0522382,3,2,-136
1767172547.0622382,5,2,-138
1767172547.0722382,9,0,-138
1767172547.0822382,3,0,-141
1767172547.0922382,1,4,-140
1767172547.1022382,0,5,-136
1767172547.1122382,-1,6,-135
1767172547.1222382,-2,1,-130
1767172547.132238,0,-2,-127
1767172547.142238,2,-4,-131
1767172547.152238,3,-6,-133
1767172547.162238,0,-5,-132
1767172547.172238,-1,-2,-128
1767172547.182238,-4,0,-134
1767172547.192238,-2,-1,-134
1767172547.202238,-1,-3,-135
1767172547.212238,-2,-1,-139
1767172547.222238,-7,-1,-138
1767172547.232238,-4,0,-144
1767172547.242238,-6,3,-147
1767172547.252238,-7,3,-140
1767172547.2622385,-7,4,-138
1767172547.2722385,-5,5,-133
1767172547.2822382,-5,7,-136
1767172547.2922382,-2,5,-140
1767172547.3022382,1,0,-142
1767172547.3122382,7,-2,-137
1767172547.3222382,4,-1,-139
1767172547.3322382,0,0,-134
1767172547.3422382,-1,0,-132
1767172547.3522382,0,1,-128
1767172547.3622382,-1,6,-127
1767172547.3722382,3,3,-130
1767172547.382238,1,0,-136
1767172547.392238,0,0,-139
1767172547.402238,1,-3,-136
1767172547.412238,-1,-1,-132
1767172547.422238,-3,-1,-132
1767172547.432238,-5,0,-136
1767172547.442238,-5,0,-130
1767172547.452238,0,0,-131
1767172547.462238,2,0,-132
1767172547.472238,0,0,-134
1767172547.482238,0,1,-141
1767172547.492238,5,0,-137
1767172547.502238,3,3,-133
1767172547.5122385,6,0,-134
1767172547.5222385,3,3,-144
1767172547.5322382,1,0,-148
1767172547.5422382,8,0,-143
1767172547.5522382,4,-1,-140
1767172547.5622382,-1,0,-137
1767172547.5722382,-6,-8,-132
1767172547.5822382,-6,-9,-130
1767172547.5922382,-5,-5,-136
1767172547.6022382,0,-6,-138
1767172547.6122382,0,-6,-142
1767172547.6222382,0,-9,-141
1767172547.632238,3,-8,-141
1767172547.642238,7,-8,-134
1767172547.652238,4,-6,-133
1767172547.662238,3,-6,-122
1767172547.672238,5,-9,-119
1767172547.6832385,5,-8,-113
1767172547.6932385,-2,-6,-117
1767172547.702238,0,-1,-118
1767172547.7132382,-1,-2,-127
1767172547.7232382,-2,-3,-127
1767172547.7332382,2,0,-130
1767172547.7432382,3,-2,-130
1767172547.7532382,3,-5,-130
1767172547.7632382,8,-4,-124
1767172547.7732382,8,-2,-125
1767172547.7832382,4,-1,-134
1767172547.7932382,3,0,-135
1767172547.8032382,3,-1,-137
1767172547.813238,-3,-2,-135
1767172547.823238,-3,-1,-139
1767172547.833238,-1,-2,-153
1767172547.843238,-4,-4,-147
1767172547.853238,-5,-3,-138
1767172547.863238,-3,-1,-134
1767172547.873238,-6,1,-134
1767172547.883238,-7,1,-131
1767172547.893238,-6,1,-131
1767172547.903238,-5,1,-130
1767172547.913238,-8,-3,-135
1767172547.923238,-3,-5,-128
1767172547.9332385,-5,-8,-125
1767172547.9432385,-6,-5,-126
1767172547.9532382,-7,0,-135
1767172547.9632382,-2,0,-130
1767172547.9732382,-1,0,-134
1767172547.9832382,-4,-1,-140
1767172547.9932382,-7,0,-140
1767172548.0032382,-3,5,-135
1767172548.0132382,-2,2,-138
1767172548.0232382,-3,0,-139
1767172548.0332382,0,0,-140
1767172548.0432382,0,0,-146
1767172548.0532382,0,2,-146
1767172548.063238,-1,4,-151
1767172548.073238,-1,1,-147
1767172548.083238,-2,3,-141
1767172548.093238,-6,7,-137
1767172548.103238,-5,6,-142
1767172548.113238,-3,3,-138
1767172548.123238,-6,0,-134
1767172548.133238,-3,0,-132
1767172548.143238,-3,-3,-132
1767172548.153238,-7,-3,-126
1767172548.163238,-5,-2,-127
1767172548.173238,-4,-4,-131
1767172548.1832385,-1,-4,-137
1767172548.1932385,0,0,-136
1767172548.2032382,0,3,-137
1767172548.2132382,-2,3,-133
1767172548.2232382,-3,2,-130
1767172548.2332382,-2,1,-131
1767172548.2432382,2,1,-131
1767172548.2532382,2,0,-129
1767172548.2632382,-1,-2,-134
1767172548.2732382,1,-3,-134
1767172548.2832382,0,-7,-137
1767172548.2932382,1,-2,-134
1767172548.3032382,2,-1,-140
1767172548.313238,4,-2,-141
1767172548.323238,4,-4,-147
1767172548.333238,3,-4,-146
1767172548.343238,0,-3,-143
1767172548.353238,-3,-5,-140
1767172548.363238,0,-7,-145
1767172548.373238,4,-6,-139
1767172548.383238,3,-4,-136
1767172548.393238,-1,-2,-131
1767172548.403238,-1,-4,-138
1767172548.413238,-2,0,-138
1767172548.423238,-1,-2,-138
1767172548.4332385,-1,-5,-132
1767172548.4432385,-3,-6,-129
1767172548.4532382,-5,-2,-130
1767172548.4632382,-2,0,-124
1767172548.4732382,-2,0,-121
1767172548.4832382,-4,-6,-123
1767172548.4932382,-9,-8,-128
1767172548.5032382,-6,-9,-131
1767172548.5132382,-2,-10,-137
1767172548.5232382,0,-10,-149
1767172548.5332382,1,-8,-147
1767172548.5432382,0,-2,-144
1767172548.5532382,-1,0,-152
1767172548.563238,1,-4,-155
1767172548.573238,7,-2,-149
1767172548.583238,9,1,-143
1767172548.593238,1,0,-143
1767172548.603238,-2,-3,-137
1767172548.613238,-4,-3,-144
1767172548.623238,-6,0,-147
1767172548.633238,-2,0,-140
1767172548.643238,-2,1,-138
1767172548.653238,-4,2,-144
1767172548.663238,-4,0,-136
1767172548.673238,-4,-1,-134
1767172548.6942382,-1,0,-137
1767172548.7032382,-4,-1,-140
1767172548.7132382,-5,-3,-144
1767172548.7232382,-9,-1,-147
1767172548.7332382,0,-2,-148
1767172548.7432382,-1,-1,-147
1767172548.7532382,-3,0,-140
1767172548.7632382,0,-1,-144
1767172548.7732382,2,2,-143
1767172548.7832382,1,2,-140
1767172548.7932382,0,4,-140
1767172548.8032382,-5,7,-148
1767172548.813238,-5,9,-141
1767172548.823238,-7,3,-140
1767172548.833238,-7,1,-139
1767172548.843238,-1,1,-145
1767172548.853238,-1,-2,-152
1767172548.863238,0,-1,-156
1767172548.873238,-3,-3,-151
1767172548.883238,0,-5,-154
1767172548.893238,-1,-2,-156
1767172548.903238,0,0,-156
1767172548.913238,-2,-1,-151
1767172548.923238,-4,-5,-154
1767172548.9332385,-2,0,-151
1767172548.9432385,3,-1,-146
1767172548.9532382,5,5,-141
1767172548.9632382,7,2,-140
1767172548.9732382,3,4,-136
1767172548.9832382,2,2,-143
1767172548.9932382,4,-3,-143
1767172549.0032382,7,-6,-137
1767172549.0132382,5,-8,-135
1767172549.0232382,2,-6,-131
1767172549.0332382,2,-4,-130
1767172549.0432382,0,-5,-131
1767172549.0532382,1,-3,-129
1767172549.063238,1,-8,-129
1767172549.073238,0,-11,-130
1767172549.083238,0,-10,-130
1767172549.093238,0,-9,-135
1767172549.103238,0,-7,-134
1767172549.113238,3,0,-124
1767172549.123238,4,1,-124
1767172549.133238,3,0,-131
1767172549.143238,1,0,-127
1767172549.153238,2,-3,-127
1767172549.163238,6,-3,-126
1767172549.173238,4,-5,-123
1767172549.1832385,4,-3,-127
1767172549.1932385,6,-6,-135
1767172549.2032382,4,-3,-128
1767172549.2132382,4,-6,-126
1767172549.2232382,6,-6,-132
1767172549.2332382,3,-8,-138
1767172549.2432382,4,-5,-140
1767172549.2532382,6,-4,-141
1767172549.2632382,1,-1,-150
1767172549.2732382,2,0,-147
1767172549.2832382,1,1,-140
1767172549.2932382,4,3,-133
1767172549.3032382,2,1,-140
1767172549.313238,-2,-5,-137
1767172549.323238,-2,-7,-142
1767172549.333238,-7,-10,-146
1767172549.343238,-3,-10,-144
1767172549.353238,0,-8,-145
1767172549.363238,1,-7,-151
1767172549.373238,0,-5,-152
1767172549.383238,-1,-4,-152
1767172549.393238,1,-2,-146
1767172549.403238,3,0,-139
1767172549.413238,7,0,-131
1767172549.423238,4,1,-132
1767172549.4332385,-1,2,-141
1767172549.4432385,0,0,-144
1767172549.4532382,-1,-3,-148
1767172549.4632382,-2,-1,-144
1767172549.4732382,-2,3,-146
1767172549.4832382,2,2,-141
1767172549.4932382,3,1,-134
1767172549.5032382,4,1,-136
1767172549.5132382,2,5,-133
1767172549.5232382,2,8,-133
1767172549.5332382,1,9,-133
1767172549.5432382,1,9,-132
1767172549.5532382,-2,7,-137
1767172549.563238,-1,4,-134
1767172549.573238,-3,3,-133
1767172549.583238,0,2,-135
1767172549.593238,-1,0,-135
1767172549.603238,0,0,-133
1767172549.613238,-3,0,-132
1767172549.623238,-8,2,-138
1767172549.633238,-4,0,-141
1767172549.643238,0,2,-136
1767172549.653238,0,0,-141
1767172549.663238,0,0,-152
1767172549.673238,-3,0,-149
1767172549.6832385,-4,-1,-144
1767172549.6932385,-2,-1,-147
1767172549.7032382,1,1,-151
1767172549.7132382,2,0,-150
1767172549.7232382,2,1,-151
1767172549.7332382,-1,0,-146
1767172549.7432382,-2,-1,-140
1767172549.7532382,-1,1,-142
1767172549.7632382,-1,2,-140
1767172549.7732382,0,5,-137
1767172549.7832382,0,3,-134
1767172549.7932382,-3,0,-130
1767172549.8032382,-3,0,-132
1767172549.813238,-1,0,-135
1767172549.823238,0,-2,-135
1767172549.833238,3,-1,-136
1767172549.843238,5,0,-140
1767172549.853238,4,-1,-141
1767172549.863238,0,-5,-143
1767172549.873238,-1,-3,-141
1767172549.883238,-4,-4,-140
1767172549.893238,2,-2,-140
1767172549.903238,6,-3,-142
1767172549.913238,5,-5,-141
1767172549.923238,0,-2,-145
1767172549.9332385,0,2,-143
1767172549.9432385,-2,2,-148
1767172549.9532382,-2,0,-153
1767172549.9632382,-2,-1,-150
1767172549.9732382,-2,2,-146
1767172549.9832382,-2,3,-137
1767172549.9932382,-6,1,-134
1767172550.0032382,0,4,-134
1767172550.0132382,2,2,-139
1767172550.0232382,3,1,-141
1767172550.0332382,2,5,-141
1767172550.0432382,-1,2,-138
1767172550.0532382,-8,1,-136
1767172550.063238,-3,4,-139
1767172550.073238,0,3,-138
1767172550.083238,0,0,-139
1767172550.093238,3,-1,-141
1767172550.103238,0,-1,-145
1767172550.113238,-2,-1,-138
1767172550.123238,-3,1,-139
1767172550.133238,-3,3,-139
1767172550.143238,-5,1,-143
1767172550.153238,-3,3,-143
1767172550.163238,-3,1,-137
1767172550.173238,0,3,-139
1767172550.1832385,-2,3,-144
1767172550.1932385,-2,1,-147
1767172550.2032382,-7,1,-144
1767172550.2132382,-8,-2,-140
1767172550.2232382,-1,0,-141
1767172550.234238,-1,0,-141
1767172550.2432382,1,0,-144
1767172550.2532382,-1,-2,-144
1767172550.264238,-3,-3,-138
1767172550.274238,-2,-2,-137
1767172550.284238,1,0,-136
1767172550.294238,4,0,-140
1767172550.304238,-2,-4,-140
1767172550.314238,1,-2,-136
1767172550.324238,3,0,-137
1767172550.334238,0,-4,-136
1767172550.344238,0,-3,-131
1767172550.3542385,0,-1,-129
1767172550.3642385,1,0,-136
1767172550.3742385,-1,-3,-133
1767172550.3842382,-5,-2,-128
1767172550.3942382,-5,-3,-133
1767172550.4042382,-2,-2,-139
1767172550.4142382,0,0,-142
1767172550.4242382,7,-7,-148
1767172550.4342382,6,-6,-141
1767172550.4442382,2,-7,-139
1767172550.4542382,3,-4,-135
1767172550.4642382,5,-3,-138
1767172550.4742382,7,-2,-142
1767172550.484238,7,-3,-144
1767172550.494238,1,-2,-140
1767172550.504238,2,1,-132
1767172550.514238,1,-5,-129
1767172550.524238,0,-1,-134
1767172550.534238,-1,0,-134
1767172550.544238,0,0,-135
1767172550.554238,0,0,-136
1767172550.564238,-1,-1,-147
1767172550.574238,2,-1,-145
1767172550.584238,0,1,-140
1767172550.594238,0,2,-144
1767172550.6042385,-2,2,-145
1767172550.6142385,0,5,-146
1767172550.6242385,0,1,-149
1767172550.6342382,-6,0,-150
1767172550.6442382,-3,0,-144
1767172550.6542382,-3,-3,-137
1767172550.6642382,0,-3,-138
1767172550.6742382,-1,-6,-139
1767172550.6842382,-3,-7,-137
1767172550.6942382,0,-5,-140
1767172550.7042382,-4,-4,-145
1767172550.7142382,-8,1,-147
1767172550.7242382,-10,2,-148
1767172550.734238,-11,3,-152
1767172550.744238,-8,4,-149
1767172550.754238,-4,2,-147
1767172550.764238,-1,3,-147
1767172550.774238,0,4,-145
1767172550.784238,-3,2,-140
1767172550.794238,-8,0,-142
1767172550.804238,-8,2,-144
1767172550.814238,-7,2,-142
1767172550.824238,-4,0,-141
1767172550.834238,-3,0,-141
1767172550.844238,-3,3,-139
1767172550.8542385,0,1,-142
1767172550.8642385,0,2,-140
1767172550.8742385,0,0,-137
1767172550.8842382,-1,4,-136
1767172550.8942382,1,5,-137
1767172550.9042382,-2,5,-142
1767172550.9142382,-5,5,-137
1767172550.9242382,-6,5,-136
1767172550.9342382,-3,6,-138
1767172550.9442382,-3,1,-137
1767172550.9542382,-3,4,-135
1767172550.9642382,-1,2,-133
1767172550.9742382,2,1,-133
1767172550.984238,4,0,-130
1767172550.994238,2,-1,-132
1767172551.004238,3,-2,-138
1767172551.014238,-2,-2,-139
1767172551.024238,-5,-6,-136
1767172551.034238,-7,-1,-142
1767172551.044238,-2,-4,-142
1767172551.054238,0,0,-142
1767172551.064238,-1,2,-146
1767172551.074238,1,0,-143
1767172551.084238,1,0,-137
1767172551.094238,-2,-2,-138
1767172551.1042385,-3,-2,-139
1767172551.1142385,-2,2,-140
1767172551.1242385,-2,1,-139
1767172551.1342382,0,-1,-141
1767172551.1442382,2,-3,-142
1767172551.1542382,6,-5,-138
1767172551.1642382,5,-2,-141
1767172551.1742382,0,-6,-140
1767172551.1842382,2,-5,-139
1767172551.1942382,1,-5,-142
1767172551.2042382,-1,-3,-138
1767172551.2142382,-1,0,-138
1767172551.2242382,-5,2,-140
1767172551.234238,-5,1,-141
1767172551.244238,-7,-4,-144
1767172551.254238,-7,-5,-145
1767172551.264238,-6,-2,-142
1767172551.274238,-2,-2,-141
1767172551.284238,-2,-4,-137
1767172551.294238,-4,-5,-138
1767172551.304238,-7,-1,-133
1767172551.314238,-8,2,-130
1767172551.324238,-1,-3,-121
1767172551.334238,2,-3,-125
1767172551.344238,3,-4,-132
1767172551.3542385,4,-3,-137
1767172551.3642385,3,-1,-138
1767172551.3742385,3,-6,-143
1767172551.3842382,4,-5,-139
1767172551.3942382,1,0,-138
1767172551.4042382,0,-4,-134
1767172551.4142382,1,-7,-131
1767172551.4242382,-1,-6,-128
1767172551.4342382,-3,-6,-122
1767172551.4442382,-1,-7,-125
1767172551.4542382,-2,-3,-131
1767172551.4642382,-6,0,-136
1767172551.4742382,-8,-1,-130
1767172551.484238,-8,-3,-128
1767172551.494238,-5,-6,-124
1767172551.504238,-8,-6,-124
1767172551.514238,-8,-6,-122
1767172551.524238,-10,-5,-123
1767172551.534238,-10,-8,-126
1767172551.544238,-11,-7,-127
1767172551.554238,-8,-7,-131
1767172551.564238,-12,-7,-134
1767172551.574238,-12,-9,-131
1767172551.584238,-6,-8,-135
1767172551.594238,-5,-4,-132
1767172551.6042385,-4,-3,-131
1767172551.6142385,-3,-2,-139
1767172551.6242385,-3,-1,-133
1767172551.6342382,-3,-1,-134
1767172551.6442382,0,0,-134
1767172551.6542382,0,1,-134
1767172551.6642382,-2,-1,-134
1767172551.6742382,-1,-2,-125
1767172551.6842382,0,0,-127
1767172551.6942382,0,-2,-131
1767172551.7042382,0,-5,-130
1767172551.7142382,3,-6,-131
1767172551.7242382,6,-6,-130
1767172551.734238,9,-1,-132
1767172551.744238,7,-2,-131
1767172551.754238,6,-4,-130
1767172551.764238,6,-4,-138
1767172551.774238,7,-5,-137
1767172551.784238,9,-7,-133
1767172551.794238,5,-8,-137
1767172551.804238,0,-1,-137
1767172551.814238,2,0,-138
1767172551.824238,0,0,-142
1767172551.834238,0,-2,-137
1767172551.844238,-4,-5,-133
1767172551.8542385,-10,-3,-135
1767172551.8642385,-6,-3,-129
1767172551.8742385,-8,-5,-125
1767172551.8842382,-10,-5,-130
1767172551.8942382,-8,-7,-138
1767172551.9042382,-3,-7,-136
1767172551.9142382,2,-5,-137
1767172551.9242382,6,-3,-133
1767172551.9342382,8,-8,-134
1767172551.9442382,7,-5,-130
1767172551.9542382,4,-4,-134
1767172551.9642382,1,-2,-133
1767172551.9742382,-2,0,-136
1767172551.984238,2,0,-138
1767172551.994238,2,0,-132
1767172552.004238,4,-2,-132
1767172552.014238,2,-3,-131
1767172552.024238,-2,0,-133
1767172552.034238,-2,-3,-139
1767172552.044238,0,-7,-138
1767172552.054238,2,-7,-141
1767172552.064238,4,-9,-145
1767172552.074238,3,-13,-146
1767172552.084238,0,-12,-141
1767172552.094238,-1,-10,-142
1767172552.1042385,3,-6,-139
1767172552.1142385,0,-7,-135
1767172552.1242385,0,-4,-136
1767172552.1342382,3,-4,-139
1767172552.1442382,5,-6,-141
1767172552.1542382,5,-5,-142
1767172552.1642382,7,0,-143
1767172552.1742382,3,3,-142
1767172552.1842382,6,0,-143
1767172552.1942382,7,1,-144
1767172552.2042382,2,-1,-145
1767172552.2142382,-1,1,-146
1767172552.2242382,-5,0,-140
1767172552.234238,0,0,-139
1767172552.244238,0,-2,-142
1767172552.254238,3,-6,-142
1767172552.264238,0,-6,-144
1767172552.274238,-1,-6,-145
1767172552.284238,-4,-5,-144
1767172552.294238,-2,-6,-149
1767172552.304238,-1,-4,-149
1767172552.314238,0,-2,-155
1767172552.324238,-1,-1,-157
1767172552.334238,-3,-1,-153
1767172552.344238,0,0,-144
1767172552.3542385,1,0,-139
1767172552.3642385,5,-4,-136
1767172552.3742385,6,-2,-135
1767172552.3842382,2,0,-142
1767172552.3942382,0,-3,-140
1767172552.4042382,-3,-4,-135
1767172552.4142382,1,-5,-131
1767172552.4242382,6,-3,-130
1767172552.4342382,3,0,-133
1767172552.4442382,0,1,-134
1767172552.4542382,-2,5,-137
1767172552.4642382,-1,4,-137
1767172552.4742382,0,6,-138
1767172552.484238,2,8,-136
1767172552.494238,-3,5,-136
1767172552.504238,0,1,-140
1767172552.514238,3,-2,-135
1767172552.524238,2,-2,-135
1767172552.534238,5,-2,-133
1767172552.544238,8,-1,-136
1767172552.554238,11,-6,-134
1767172552.564238,14,-1,-131
1767172552.574238,11,0,-135
1767172552.584238,11,3,-138
1767172552.594238,9,6,-140
1767172552.6042385,7,4,-136
1767172552.6142385,5,3,-133
1767172552.6242385,2,2,-132
1767172552.6342382,7,0,-131
1767172552.6442382,6,2,-129
1767172552.6542382,6,3,-130
1767172552.6642382,2,4,-134
1767172552.6742382,2,7,-131
1767172552.6842382,4,8,-129
1767172552.6942382,5,9,-129
1767172552.7042382,3,8,-133
1767172552.7142382,2,9,-138
1767172552.7242382,1,7,-139
1767172552.734238,0,6,-137
1767172552.744238,0,5,-138
1767172552.754238,0,1,-129
1767172552.764238,3,0,-125
1767172552.774238,0,0,-130
1767172552.784238,-1,-1,-130
1767172552.7952385,-1,0,-133
1767172552.8052382,-1,-2,-137
1767172552.8152382,-3,-3,-141
1767172552.824238,-4,-3,-135
1767172552.8352382,-8,-5,-136
1767172552.8452382,-9,-5,-135
1767172552.8552382,-6,-7,-138
1767172552.8652382,-3,-10,-141
1767172552.8752382,-1,-6,-145
1767172552.8852382,-1,-5,-148
1767172552.8952382,-1,-1,-148
1767172552.9052382,0,0,-146
1767172552.915238,1,1,-151
1767172552.925238,-2,3,-141
1767172552.935238,-2,1,-139
1767172552.945238,-1,0,-137
1767172552.955238,-3,4,-147
1767172552.965238,2,-2,-150
1767172552.975238,7,-3,-153
1767172552.985238,8,0,-150
1767172552.995238,4,-2,-155
1767172553.005238,-1,-4,-158
1767172553.015238,-2,-2,-149
1767172553.025238,0,-3,-146
1767172553.0352385,2,-1,-149
1767172553.0452385,-2,-2,-144
1767172553.0552382,0,-1,-143
1767172553.0652382,-1,-2,-138
1767172553.0752382,1,-1,-134
1767172553.0852382,-1,0,-131
1767172553.0952382,-1,6,-127
1767172553.1052382,-6,6,-129
1767172553.1152382,-8,2,-132
1767172553.1252382,-1,1,-134
1767172553.1352382,2,-3,-132
1767172553.1452382,0,-4,-134
1767172553.1552382,-2,-4,-133
1767172553.165238,-2,-5,-134
1767172553.175238,-2,-2,-139
1767172553.185238,-1,0,-140
1767172553.195238,-1,6,-134
1767172553.205238,-4,6,-130
1767172553.215238,-3,6,-130
1767172553.225238,2,4,-138
1767172553.235238,-3,0,-146
1767172553.245238,-6,1,-146
1767172553.255238,-5,0,-144
1767172553.265238,-10,-1,-131
1767172553.275238,-10,-3,-131
1767172553.2852385,-8,0,-130
1767172553.2952385,-3,-1,-140
1767172553.3052382,-7,-4,-134
1767172553.3152382,-4,-5,-137
1767172553.3252382,-2,-4,-135
1767172553.3352382,0,0,-142
1767172553.3452382,0,-3,-141
1767172553.3552382,-4,-4,-138
1767172553.3652382,-4,-7,-129
1767172553.3752382,-3,-5,-127
1767172553.3852382,3,-7,-131
1767172553.3952382,0,-7,-131
1767172553.4052382,0,-5,-131
1767172553.415238,0,-2,-130
1767172553.425238,-2,-3,-129
1767172553.435238,-1,-11,-128
1767172553.445238,0,-4,-132
1767172553.455238,-5,-4,-137
1767172553.465238,-4,-4,-139
1767172553.475238,-3,-2,-140
1767172553.485238,-2,-2,-139
1767172553.495238,-2,-1,-141
1767172553.505238,-4,0,-144
1767172553.515238,0,-4,-144
1767172553.525238,0,-3,-139
1767172553.5352385,-2,-1,-139
1767172553.5452385,-4,-3,-137
1767172553.5552382,-2,0,-138
1767172553.5652382,0,0,-149
1767172553.5752382,-1,0,-153
1767172553.5852382,-1,-3,-153
1767172553.5952382,-1,-6,-154
1767172553.6052382,0,-4,-152
1767172553.6152382,-1,-4,-144
1767172553.6252382,-3,-4,-139
1767172553.6352382,-7,-3,-142
1767172553.6452382,-12,-3,-141
1767172553.6552382,-8,-1,-141
1767172553.665238,-4,-7,-136
1767172553.675238,0,-7,-141
1767172553.685238,0,-8,-141
1767172553.7072382,3,-7,-136
1767172553.715238,1,-3,-136
1767172553.725238,-1,-5,-136
1767172553.735238,-1,-4,-135
1767172553.745238,-5,-5,-127
1767172553.755238,-1,-2,-129
1767172553.765238,1,1,-127
1767172553.775238,1,0,-123
1767172553.7852385,1,5,-124
1767172553.7952385,0,6,-125
1767172553.8052382,-1,2,-129
1767172553.8152382,-5,2,-132
1767172553.8252382,0,0,-129
1767172553.8352382,3,5,-131
1767172553.8452382,0,7,-135
1767172553.8552382,1,6,-139
1767172553.8652382,4,6,-140
1767172553.8752382,3,3,-137
1767172553.8852382,0,-1,-141
1767172553.8952382,0,-3,-138
1767172553.9052382,3,-3,-137
1767172553.915238,7,-3,-132
1767172553.925238,12,-4,-132
1767172553.935238,10,-7,-126
1767172553.945238,4,-5,-124
1767172553.955238,6,-6,-124
1767172553.965238,3,-5,-124
1767172553.975238,6,-1,-131
1767172553.985238,0,0,-130
1767172553.995238,0,0,-132
1767172554.005238,0,-5,-142
1767172554.015238,0,-2,-144
1767172554.025238,-1,-1,-139
1767172554.0352385,2,-4,-139
1767172554.0452385,1,-2,-136
1767172554.0552382,4,0,-135
1767172554.0652382,6,-3,-135
1767172554.0752382,5,-3,-132
1767172554.0852382,4,0,-132
1767172554.0952382,3,-5,-129
1767172554.1052382,4,-5,-128
1767172554.1152382,0,-7,-128
1767172554.1252382,1,-7,-126
1767172554.1352382,-1,-6,-132
1767172554.1452382,-1,-6,-136
1767172554.1552382,0,-6,-135
1767172554.165238,0,-7,-134
1767172554.175238,2,-6,-136
1767172554.185238,2,-9,-131
1767172554.195238,2,-8,-136
1767172554.205238,3,-8,-136
1767172554.215238,3,-5,-142
1767172554.225238,7,-8,-143
1767172554.235238,8,-3,-145
1767172554.245238,7,-2,-151
1767172554.255238,2,-1,-150
1767172554.265238,0,-3,-140
1767172554.275238,1,-2,-141
1767172554.2852385,4,-2,-139
1767172554.2952385,8,-2,-136
1767172554.3062382,11,0,-136
1767172554.3152382,6,-2,-139
1767172554.3252382,1,-1,-143
1767172554.3352382,2,0,-142
1767172554.3452382,-3,-1,-135
1767172554.3552382,0,-1,-131
1767172554.3652382,2,0,-130
1767172554.3752382,1,1,-131
1767172554.3852382,3,1,-136
1767172554.3952382,0,3,-138
1767172554.4052382,-3,2,-136
1767172554.415238,-7,3,-130
1767172554.425238,-6,4,-131
1767172554.435238,-6,3,-137
1767172554.445238,-5,3,-140
1767172554.455238,-3,6,-139
1767172554.465238,-5,5,-136
1767172554.475238,-4,0,-135
1767172554.485238,2,1,-136
1767172554.495238,0,2,-132
1767172554.505238,-2,0,-135
1767172554.515238,-2,-1,-136
1767172554.525238,0,1,-133
1767172554.5352385,1,1,-137
1767172554.5452385,-1,1,-132
1767172554.5552382,-3,0,-129
1767172554.5652382,-1,-3,-135
1767172554.5752382,0,-2,-140
1767172554.5852382,0,-4,-143
1767172554.5952382,-1,-6,-141
1767172554.6052382,-3,-5,-135
1767172554.6152382,-2,-6,-135
1767172554.6252382,2,-2,-134
1767172554.6352382,6,-1,-138
1767172554.6452382,3,-5,-141
1767172554.6552382,0,-2,-145
1767172554.665238,0,-1,-141
1767172554.675238,-1,-1,-143
1767172554.685238,0,-3,-155
1767172554.695238,2,-5,-152
1767172554.705238,4,-9,-150
1767172554.715238,7,-9,-149
1767172554.725238,3,-5,-147
1767172554.735238,0,-8,-144
1767172554.745238,-1,-5,-143
1767172554.755238,1,-4,-145
1767172554.765238,0,-4,-150
1767172554.775238,-1,-4,-153
1767172554.7852385,-3,-1,-153
1767172554.7952385,1,-2,-152
1767172554.8052382,2,-1,-143
1767172554.8152382,5,-4,-141
1767172554.8252382,5,-2,-143
1767172554.8352382,2,0,-141
1767172554.8452382,3,-2,-144
1767172554.8552382,5,0,-144
1767172554.8652382,0,6,-139
1767172554.8752382,0,3,-147
1767172554.8852382,0,-1,-147
1767172554.8952382,2,0,-145
1767172554.9052382,-2,2,-144
1767172554.915238,-3,0,-140
1767172554.925238,-7,1,-137
1767172554.935238,-2,2,-135
1767172554.945238,0,3,-134
1767172554.955238,-1,0,-134
1767172554.965238,0,-2,-133
1767172554.975238,4,-4,-134
1767172554.985238,0,-3,-136
1767172554.995238,-2,0,-138
1767172555.005238,-3,2,-143
1767172555.015238,-6,0,-140
1767172555.025238,-9,0,-142
1767172555.0352385,-5,0,-141
1767172555.0452385,-5,-2,-141
1767172555.0552382,-5,-1,-152
1767172555.0652382,-5,-1,-149
1767172555.0752382,-5,-3,-148
1767172555.0852382,-5,0,-143
1767172555.0952382,-1,0,-140
1767172555.1052382,-1,-2,-140
1767172555.1152382,0,-1,-141
1767172555.1252382,3,0,-141
1767172555.1352382,7,0,-142
1767172555.1452382,5,0,-141
1767172555.1552382,3,1,-139
1767172555.165238,3,2,-140
1767172555.175238,0,3,-138
1767172555.185238,3,2,-139
1767172555.195238,2,0,-139
1767172555.205238,0,-3,-136
1767172555.215238,-1,0,-140
1767172555.225238,2,-1,-140
1767172555.235238,-1,2,-143
1767172555.245238,-2,5,-147
1767172555.255238,1,11,-150
1767172555.265238,-4,10,-146
1767172555.275238,-2,5,-146
1767172555.2852385,-5,2,-141
1767172555.2952385,-2,3,-137
1767172555.3052382,-3,2,-139
1767172555.3152382,0,-5,-142
1767172555.3252382,0,-3,-148
1767172555.3352382,1,0,-141
1767172555.3452382,-1,3,-145
1767172555.3552382,0,1,-136
1767172555.3652382,3,0,-135
1767172555.3752382,1,0,-136
1767172555.386238,-3,-1,-134
1767172555.396238,-2,0,-135
1767172555.406238,0,0,-135
1767172555.415238,2,2,-137
1767172555.426238,5,0,-135
1767172555.436238,1,1,-135
1767172555.446238,-1,1,-128
1767172555.4562385,0,3,-131
1767172555.4662385,1,2,-138
1767172555.4762385,4,0,-146
1767172555.4862382,3,-2,-151
1767172555.4962382,1,-4,-155
1767172555.5062382,0,-5,-151
1767172555.5162382,0,-3,-146
1767172555.5262382,1,-3,-147
1767172555.5362382,0,-2,-145
1767172555.5462382,0,-5,-145
1767172555.5562382,-5,-6,-137
1767172555.5662382,-5,-6,-132
1767172555.5762382,-2,-6,-139
1767172555.586238,2,-4,-141
1767172555.596238,2,-4,-146
1767172555.606238,3,-1,-141
1767172555.616238,0,-1,-134
1767172555.626238,-2,-2,-138
1767172555.636238,-3,0,-126
1767172555.646238,-4,0,-133
1767172555.656238,-5,0,-130
1767172555.666238,-4,-1,-124
1767172555.676238,-4,-5,-125
1767172555.686238,-3,-4,-128
1767172555.696238,-3,-3,-129
1767172555.7062385,-7,-2,-127
1767172555.7162385,-2,-1,-129
1767172555.7262385,0,2,-136
1767172555.7362382,0,3,-137
1767172555.7462382,0,5,-139
1767172555.7562382,-1,3,-132
1767172555.7662382,-2,4,-135
1767172555.7762382,0,3,-135
1767172555.7862382,-2,5,-133
1767172555.7962382,-4,2,-132
1767172555.8062382,-1,-1,-131
1767172555.8162382,0,0,-130
1767172555.8262382,0,-2,-130
1767172555.836238,0,-1,-133
1767172555.846238,3,1,-140
1767172555.856238,8,2,-137
1767172555.866238,7,5,-137
1767172555.876238,2,9,-138
1767172555.886238,0,9,-147
1767172555.896238,-6,7,-145
1767172555.906238,-3,5,-139
1767172555.916238,-1,4,-135
1767172555.926238,-1,1,-135
1767172555.936238,-8,0,-135
1767172555.946238,-7,-1,-135
1767172555.9562385,-6,0,-136
1767172555.9662385,-2,-3,-139
1767172555.9762385,0,-3,-133
1767172555.9862382,-1,-3,-130
1767172555.9962382,3,-2,-129
1767172556.0062382,3,0,-128
1767172556.0162382,0,0,-124
1767172556.0262382,-3,-4,-128
1767172556.0362382,-5,-7,-133
1767172556.0462382,-4,-9,-137
1767172556.0562382,-2,-8,-134
1767172556.0662382,1,-6,-142
1767172556.0762382,0,-3,-146
1767172556.086238,0,-2,-140
1767172556.096238,1,0,-142
1767172556.106238,-1,-3,-147
1767172556.116238,-3,-3,-142
1767172556.126238,-6,-6,-138
1767172556.136238,-6,-5,-140
1767172556.146238,-5,-7,-135
1767172556.156238,-5,-2,-133
1767172556.166238,-3,-2,-134
1767172556.176238,0,-4,-134
1767172556.186238,-3,-6,-142
1767172556.196238,-7,-1,-144
1767172556.2062385,-8,0,-144
1767172556.2162385,-3,-2,-140
1767172556.2262385,0,-1,-136
1767172556.2362382,0,2,-134
1767172556.2462382,-2,3,-143
1767172556.2562382,-2,4,-141
1767172556.2662382,0,7,-140
1767172556.2762382,1,5,-139
1767172556.2862382,3,3,-130
1767172556.2962382,-1,5,-130
1767172556.3062382,-3,4,-132
1767172556.3162382,-4,2,-136
1767172556.3262382,-2,-1,-142
1767172556.336238,-4,-1,-135
1767172556.346238,-8,0,-132
1767172556.356238,-7,0,-120
1767172556.366238,-5,-3,-126
1767172556.376238,-4,-2,-125
1767172556.386238,-10,-3,-130
1767172556.396238,-14,-6,-131
1767172556.406238,-13,-8,-137
1767172556.416238,-7,-4,-146
1767172556.426238,1,-4,-141
1767172556.436238,1,-3,-142
1767172556.446238,2,-1,-137
1767172556.4562385,-2,-3,-133
1767172556.4662385,-4,-5,-138
1767172556.4762385,-3,-8,-150
1767172556.4862382,-6,-7,-149
1767172556.4962382,-5,-5,-146
1767172556.5062382,-4,-4,-139
1767172556.5162382,-3,-6,-137
1767172556.5262382,-4,-4,-146
1767172556.5362382,-1,-5,-143
1767172556.5462382,4,-6,-141
1767172556.5562382,5,0,-140
1767172556.5662382,2,0,-133
1767172556.5762382,1,1,-132
1767172556.586238,2,-2,-139
1767172556.596238,4,-5,-143
1767172556.606238,3,-4,-145
1767172556.616238,5,0,-148
1767172556.626238,5,-1,-146
1767172556.636238,0,-3,-148
1767172556.646238,1,-3,-148
1767172556.656238,3,-4,-143
1767172556.666238,6,-1,-137
1767172556.676238,7,-1,-139
1767172556.686238,4,0,-146
1767172556.696238,5,0,-144
1767172556.7062385,9,2,-146
1767172556.7162385,4,-1,-140
1767172556.7262385,3,-4,-136
1767172556.7362382,5,-2,-139
1767172556.7462382,3,-4,-137
1767172556.7562382,0,-4,-135
1767172556.7662382,-3,-5,-132
1767172556.7762382,-1,-5,-130
1767172556.7862382,-2,-6,-136
1767172556.7962382,0,-5,-137
1767172556.8062382,-2,-5,-138
1767172556.8162382,-5,-5,-133
1767172556.8262382,0,-4,-139
1767172556.836238,-5,-3,-146
1767172556.846238,-7,-5,-150
1767172556.856238,-7,-5,-148
1767172556.866238,-12,-5,-142
1767172556.876238,-7,-5,-138
1767172556.886238,-6,-4,-141
1767172556.896238,-5,-4,-138
1767172556.906238,-3,1,-134
1767172556.916238,-4,2,-143
1767172556.926238,-3,0,-147
1767172556.936238,-4,2,-147
1767172556.946238,1,1,-146
1767172556.9562385,0,1,-141
1767172556.9662385,0,-1,-134
1767172556.9762385,-3,0,-129
1767172556.9862382,-5,0,-131
1767172556.9962382,-3,2,-131
1767172557.0062382,1,5,-129
1767172557.0162382,3,3,-124
1767172557.0262382,0,4,-120
1767172557.0362382,-4,8,-127
1767172557.0462382,-5,4,-122
1767172557.0562382,-4,3,-126
1767172557.0662382,0,0,-129
1767172557.0762382,3,2,-133
1767172557.086238,5,7,-129
1767172557.096238,6,4,-133
1767172557.106238,5,1,-132
1767172557.116238,1,-2,-130
1767172557.126238,0,-3,-131
1767172557.136238,-6,-6,-134
1767172557.146238,-6,-4,-134
1767172557.156238,-4,-2,-142
1767172557.166238,-7,0,-145
1767172557.176238,-4,0,-146
1767172557.186238,-1,0,-142
1767172557.196238,-2,0,-139
1767172557.2062385,0,0,-135
1767172557.2162385,0,-1,-135
1767172557.2262385,1,-2,-138
1767172557.2362382,0,2,-139
1767172557.2462382,1,2,-140
1767172557.2562382,5,0,-146
1767172557.2662382,6,-1,-146
1767172557.2762382,4,-4,-133
1767172557.2862382,6,-4,-133
1767172557.2962382,5,0,-133
1767172557.3062382,2,-4,-131
1767172557.3162382,5,-5,-135
1767172557.3262382,2,-5,-133
1767172557.336238,0,-5,-136
1767172557.346238,-1,-4,-134
1767172557.356238,-3,-5,-132
1767172557.366238,0,-3,-130
1767172557.376238,-2,-2,-137
1767172557.386238,-2,0,-136
1767172557.396238,-2,2,-135
1767172557.406238,-2,1,-133
1767172557.416238,0,2,-133
1767172557.426238,0,-1,-131
1767172557.436238,2,-3,-133
1767172557.446238,5,-4,-129
1767172557.4562385,6,-8,-128
1767172557.4662385,1,-7,-128
1767172557.4762385,0,-5,-128
1767172557.4862382,-2,-2,-132
1767172557.4962382,0,-2,-133
1767172557.5062382,2,2,-132
1767172557.5162382,1,0,-137
1767172557.5262382,2,0,-138
1767172557.5362382,0,0,-130
1767172557.5462382,0,2,-131
1767172557.5562382,-3,6,-130
1767172557.5662382,-3,6,-128
1767172557.5762382,-2,3,-124
1767172557.586238,-4,3,-123
1767172557.596238,-7,4,-127
1767172557.606238,-3,1,-136
1767172557.616238,-2,0,-132
1767172557.626238,2,1,-132
1767172557.636238,4,1,-143
1767172557.646238,6,-3,-144
1767172557.656238,0,-2,-144
1767172557.666238,0,-3,-141
1767172557.676238,-1,-5,-146
1767172557.686238,2,-5,-149
1767172557.696238,2,-1,-142
1767172557.7062385,2,-2,-138
1767172557.7162385,1,-2,-143
1767172557.7262385,-4,1,-143
1767172557.7362382,-9,2,-140
1767172557.7462382,-5,0,-139
1767172557.7562382,-3,1,-132
1767172557.7662382,-2,-2,-132
1767172557.7762382,3,-2,-130
1767172557.7862382,1,-3,-126
1767172557.7962382,1,0,-134
1767172557.8062382,1,1,-137
1767172557.8162382,-1,0,-134
1767172557.8262382,-1,-4,-137
1767172557.836238,-5,-6,-133
1767172557.846238,-2,-5,-133
1767172557.856238,-6,-5,-129
1767172557.866238,-8,-4,-132
1767172557.876238,-8,-5,-135
1767172557.886238,-4,-9,-134
1767172557.896238,-3,-7,-133
1767172557.906238,-2,-4,-130
1767172557.916238,-3,-1,-128
1767172557.926238,-3,-2,-131
1767172557.936238,0,-6,-130
1767172557.946238,2,-6,-144
1767172557.9572382,0,-4,-146
1767172557.9662385,-2,-4,-143
1767172557.9772382,-5,-2,-137
1767172557.9872382,-5,-4,-129
1767172557.9972382,-10,-5,-131
1767172558.007238,-6,-3,-139
1767172558.0162382,-4,-5,-134
1767172558.027238,-4,-8,-138
1767172558.037238,-3,-6,-139
1767172558.047238,-5,-4,-135
1767172558.057238,-4,-4,-133
1767172558.067238,-1,-7,-137
1767172558.077238,0,-3,-134
1767172558.087238,0,-1,-131
1767172558.097238,-2,-6,-131
1767172558.107238,0,-6,-132
1767172558.117238,-1,-5,-137
1767172558.127238,0,0,-144
1767172558.1372385,-1,-3,-146
1767172558.1472385,0,-4,-146
1767172558.1572382,0,-3,-134
1767172558.1672382,1,-4,-131
1767172558.1772382,-1,-4,-127
1767172558.1872382,1,-7,-125
1767172558.1972382,0,-7,-135
1767172558.2072382,-2,-7,-135
1767172558.2172382,-1,0,-143
1767172558.2272382,-3,-3,-150
1767172558.2372382,0,-4,-147
1767172558.2472382,0,-4,-139
1767172558.257238,-3,-2,-133
1767172558.267238,-4,-5,-130
1767172558.277238,-2,-3,-126
1767172558.287238,0,-5,-130
1767172558.297238,-1,-5,-136
1767172558.307238,-2,-8,-137
1767172558.317238,-6,-7,-131
1767172558.327238,0,-3,-117
1767172558.337238,0,-1,-121
1767172558.347238,3,-5,-122
1767172558.357238,2,-1,-131
1767172558.367238,2,-1,-136
1767172558.377238,5,0,-134
1767172558.3872385,3,1,-135
1767172558.3972385,3,3,-137
1767172558.4072382,2,0,-141
1767172558.4172382,2,-8,-142
1767172558.4272382,2,-7,-138
1767172558.4372382,10,-7,-134
1767172558.4472382,8,-5,-138
1767172558.4572382,7,-2,-133
1767172558.4672382,4,-4,-133
1767172558.4772382,2,-3,-134
1767172558.4872382,5,-3,-134
1767172558.4972382,10,2,-127
1767172558.507238,5,2,-125
1767172558.517238,3,1,-125
1767172558.527238,1,0,-122
1767172558.537238,5,-5,-123
1767172558.547238,5,-8,-130
1767172558.557238,2,-7,-132
1767172558.567238,3,-3,-128
1767172558.577238,3,-3,-133
1767172558.587238,5,0,-131
1767172558.597238,3,-3,-129
1767172558.607238,-6,0,-125
1767172558.617238,-4,1,-133
1767172558.627238,0,1,-144
1767172558.6372385,-4,1,-152
1767172558.6472385,-8,2,-147
1767172558.6572382,-10,3,-142
1767172558.6672382,-6,3,-139
1767172558.6772382,-1,3,-141
1767172558.6872382,-4,4,-136
1767172558.6972382,-3,5,-135
1767172558.719238,0,0,-126
1767172558.7272382,-2,0,-128
1767172558.7372382,-4,1,-130
1767172558.7472382,-2,2,-132
1767172558.757238,0,0,-134
1767172558.767238,2,0,-141
1767172558.777238,5,-5,-138
1767172558.787238,1,-3,-135
1767172558.797238,0,-1,-138
1767172558.807238,-1,1,-142
1767172558.817238,0,8,-145
1767172558.827238,-3,7,-144
1767172558.837238,-3,3,-143
1767172558.847238,0,-1,-136
1767172558.857238,3,-3,-136
1767172558.867238,0,-2,-132
1767172558.877238,1,0,-135
1767172558.8872385,-3,0,-137
1767172558.8972385,-3,-1,-137
1767172558.9072382,-6,-5,-137
1767172558.9172382,-5,-2,-139
1767172558.9272382,-2,-5,-136
1767172558.9372382,-1,-9,-138
1767172558.9472382,-1,-8,-146
1767172558.9572382,0,-2,-144
1767172558.9672382,1,0,-147
1767172558.9772382,2,-2,-145
1767172558.9872382,1,-2,-153
1767172558.9972382,2,-4,-154
1767172559.007238,8,-2,-152
1767172559.017238,8,-1,-151
1767172559.027238,8,-1,-147
1767172559.037238,6,0,-150
1767172559.047238,8,1,-147
1767172559.057238,6,1,-149
1767172559.067238,4,1,-145
1767172559.077238,4,2,-147
1767172559.087238,4,0,-150
1767172559.097238,2,0,-144
1767172559.107238,0,1,-142
1767172559.117238,-1,0,-144
1767172559.127238,-3,-2,-145
1767172559.1372385,0,-4,-145
1767172559.1472385,2,-5,-147
1767172559.1572382,2,-4,-147
1767172559.1672382,1,-1,-149
1767172559.1772382,0,-2,-148
1767172559.1872382,-1,-2,-145
1767172559.1972382,-4,0,-147
1767172559.2072382,0,0,-146
1767172559.2172382,-1,0,-148
1767172559.2272382,1,-1,-148
1767172559.2372382,6,-3,-141
1767172559.2472382,5,-3,-138
1767172559.257238,4,-4,-133
1767172559.267238,4,0,-132
1767172559.277238,6,-2,-135
1767172559.287238,3,-2,-132
1767172559.297238,0,3,-129
1767172559.307238,-5,3,-126
1767172559.317238,-2,2,-129
1767172559.327238,2,6,-128
1767172559.337238,7,8,-127
1767172559.347238,4,8,-129
1767172559.357238,6,6,-135
1767172559.367238,8,1,-140
1767172559.377238,6,1,-147
1767172559.3872385,8,1,-142
1767172559.3972385,7,-1,-138
1767172559.4072382,5,0,-139
1767172559.4172382,8,-2,-135
1767172559.4272382,6,-4,-132
1767172559.4372382,4,-4,-135
1767172559.4472382,0,0,-142
1767172559.4572382,-1,2,-142
1767172559.4672382,-2,1,-137
1767172559.4772382,-3,0,-140
1767172559.4872382,-1,0,-141
1767172559.4972382,-2,-1,-138
1767172559.507238,0,0,-143
1767172559.517238,1,5,-146
1767172559.527238,3,6,-141
1767172559.537238,6,1,-142
1767172559.547238,1,0,-142
1767172559.557238,1,1,-144
1767172559.567238,-3,1,-146
1767172559.577238,-8,3,-149
1767172559.587238,-5,3,-145
1767172559.597238,-5,3,-144
1767172559.607238,-4,-1,-142
1767172559.617238,-4,-6,-142
1767172559.627238,-4,-7,-139
1767172559.6372385,-3,-8,-142
1767172559.6472385,-4,-7,-141
1767172559.6572382,-4,-7,-142
1767172559.6672382,-9,-7,-145
1767172559.6772382,-12,-5,-150
1767172559.6872382,-5,-5,-140
1767172559.6972382,-3,-6,-144
1767172559.7072382,-5,-4,-144
1767172559.7172382,-5,-3,-140
1767172559.7272382,-10,-1,-146
1767172559.7372382,-10,-2,-148
1767172559.7472382,-10,-4,-150
1767172559.757238,-6,-7,-142
1767172559.767238,-3,-6,-134
1767172559.777238,-2,1,-132
1767172559.787238,2,-3,-135
1767172559.797238,2,0,-137
1767172559.807238,1,-2,-142
1767172559.817238,-3,-7,-141
1767172559.827238,-6,-6,-137
1767172559.837238,-2,-8,-132
1767172559.847238,0,-5,-126
1767172559.857238,0,-2,-125
1767172559.867238,-1,0,-136
1767172559.877238,3,-1,-142
1767172559.8872385,5,0,-140
1767172559.8972385,6,-1,-140
1767172559.9072382,0,-5,-138
1767172559.9172382,-1,-5,-133
1767172559.9272382,0,-4,-138
1767172559.9372382,-1,-2,-131
1767172559.9472382,-2,-3,-140
1767172559.9572382,0,1,-135
1767172559.9672382,3,1,-128
1767172559.9772382,4,-1,-131
1767172559.9872382,0,-5,-135
1767172559.9972382,2,-6,-144
1767172560.007238,2,-9,-139
1767172560.017238,5,-5,-137
1767172560.027238,4,-7,-137
1767172560.037238,5,-4,-134
1767172560.047238,2,-1,-137
1767172560.057238,2,2,-135
1767172560.067238,-1,2,-134
1767172560.077238,-3,-1,-134
1767172560.087238,-7,-1,-129
1767172560.097238,0,0,-123
1767172560.107238,4,0,-122
1767172560.117238,3,0,-130
1767172560.127238,0,1,-131
1767172560.1372385,1,2,-141
1767172560.1472385,0,0,-149
1767172560.1572382,-2,-1,-149
1767172560.1672382,-3,-2,-146
1767172560.1772382,-3,-3,-144
1767172560.1872382,0,0,-137
1767172560.1972382,0,1,-134
1767172560.2072382,-3,0,-134
1767172560.2172382,-3,0,-129
1767172560.2272382,-5,-3,-135
1767172560.2372382,-2,0,-136
1767172560.2472382,-1,-1,-140
1767172560.257238,0,0,-140
1767172560.267238,0,1,-141
1767172560.277238,5,1,-135
1767172560.287238,3,-2,-136
1767172560.297238,-1,-2,-135
1767172560.307238,-1,-1,-140
1767172560.317238,1,-3,-134
1767172560.327238,0,-1,-132
1767172560.337238,-1,-3,-131
1767172560.347238,2,-4,-130
1767172560.357238,0,-6,-133
1767172560.367238,0,-4,-130
1767172560.377238,-1,-2,-136
1767172560.3872385,0,-4,-135
1767172560.3972385,3,-1,-134
1767172560.4072382,4,-3,-134
1767172560.4172382,1,0,-136
1767172560.4272382,-1,1,-136
1767172560.4372382,2,-3,-137
1767172560.4472382,1,-4,-139
1767172560.4572382,3,-6,-140
1767172560.4672382,0,-7,-138
1767172560.4772382,3,-6,-139
1767172560.4872382,3,-3,-136
1767172560.4972382,0,0,-139
1767172560.507238,-1,-6,-142
1767172560.517238,0,-8,-137
1767172560.527238,0,-7,-135
1767172560.537238,-1,-9,-141
1767172560.548238,-4,-6,-132
1767172560.5582385,-4,-2,-131
1767172560.567238,-5,-2,-130
1767172560.5782382,-7,-2,-129
1767172560.5882382,-3,0,-134
1767172560.5982382,-1,0,-139
1767172560.6082382,0,3,-137
1767172560.6182382,-3,2,-146
1767172560.6282382,-2,0,-148
1767172560.6382382,0,0,-153
1767172560.6482382,0,-2,-145
1767172560.6582382,0,-3,-145
1767172560.6682382,-2,-5,-146
1767172560.6782382,-6,-2,-140
1767172560.688238,-2,-3,-134
1767172560.698238,3,-3,-140
1767172560.708238,0,-2,-142
1767172560.718238,-3,-2,-140
1767172560.728238,-4,-1,-141
1767172560.738238,0,0,-138
1767172560.748238,-2,0,-139
1767172560.758238,-4,-2,-144
1767172560.768238,-2,-4,-138
1767172560.778238,-4,-4,-131
1767172560.788238,-7,-3,-137
1767172560.798238,-10,-4,-139
1767172560.8082385,-6,-3,-144
1767172560.8182385,-7,0,-146
1767172560.8282382,-5,1,-140
1767172560.8382382,-1,0,-137
1767172560.8482382,0,0,-132
1767172560.8582382,4,-1,-133
1767172560.8682382,6,-2,-136
1767172560.8782382,6,-6,-141
1767172560.8882382,7,-4,-136
1767172560.8982382,1,-2,-127
1767172560.9082382,3,-2,-130
1767172560.9182382,4,-6,-130
1767172560.9282382,5,-4,-129
1767172560.938238,1,-3,-134
1767172560.948238,5,-4,-133
1767172560.958238,3,0,-133
1767172560.968238,1,4,-134
1767172560.978238,1,3,-134
1767172560.988238,0,3,-132
1767172560.998238,-3,0,-135
1767172561.008238,-3,-2,-132
1767172561.018238,2,-4,-136
1767172561.028238,3,-5,-135
1767172561.038238,3,-6,-135
1767172561.048238,3,-4,-133
1767172561.0582385,0,-1,-138
1767172561.0682385,-3,0,-142
1767172561.0782382,-7,-4,-144
1767172561.0882382,-10,-6,-142
1767172561.0982382,-6,-4,-142
1767172561.1082382,-3,0,-146
1767172561.1182382,-7,3,-138
1767172561.1282382,-5,2,-137
1767172561.1382382,-7,0,-139
1767172561.1482382,-6,-1,-136
1767172561.1582382,-4,-6,-143
1767172561.1682382,-4,-7,-148
1767172561.1782382,-5,-4,-148
1767172561.188238,-8,-1,-142
1767172561.198238,-7,0,-137
1767172561.208238,-7,-2,-142
1767172561.218238,-5,-8,-144
1767172561.228238,-5,-10,-149
1767172561.238238,-7,-8,-152
1767172561.248238,-7,-11,-153
1767172561.258238,-5,-10,-155
1767172561.268238,0,-8,-153
1767172561.278238,-1,-6,-146
1767172561.288238,0,-2,-148
1767172561.298238,-1,-1,-140
1767172561.3082385,0,0,-135
1767172561.3182385,0,0,-129
1767172561.3282382,3,-1,-126
1767172561.3382382,1,-1,-124
1767172561.3482382,-2,0,-132
1767172561.3582382,0,1,-135
1767172561.3682382,5,3,-140
1767172561.3782382,0,1,-142
1767172561.3882382,-3,-2,-146
1767172561.3982382,0,-1,-151
1767172561.4082382,-3,-1,-148
1767172561.4182382,-2,1,-150
1767172561.4282382,1,-3,-148
1767172561.438238,2,-1,-140
1767172561.448238,0,0,-133
1767172561.458238,6,-1,-124
1767172561.468238,4,1,-124
1767172561.478238,8,1,-129
1767172561.488238,13,1,-131
1767172561.498238,8,-2,-128
1767172561.508238,5,-2,-132
1767172561.518238,3,-5,-139
1767172561.528238,1,-3,-141
1767172561.538238,2,-2,-138
1767172561.548238,0,0,-141
1767172561.5582385,0,0,-146
1767172561.5682385,1,-2,-146
1767172561.5782382,-2,-3,-142
1767172561.5882382,-3,-6,-139
1767172561.5982382,-4,-3,-148
1767172561.6082382,-9,-2,-149
1767172561.6182382,-6,-1,-142
1767172561.6282382,-4,-1,-139
1767172561.6382382,-1,2,-136
1767172561.6482382,-2,0,-134
1767172561.6582382,0,4,-130
1767172561.6682382,1,4,-131
1767172561.679238,0,2,-129
1767172561.688238,2,4,-135
1767172561.698238,3,3,-138
1767172561.708238,1,2,-142
1767172561.718238,-4,1,-140
1767172561.728238,-5,2,-137
1767172561.738238,-6,0,-132
1767172561.748238,-4,-4,-129
1767172561.758238,-1,-7,-126
1767172561.768238,0,-8,-127
1767172561.778238,1,-5,-131
1767172561.788238,0,-6,-137
1767172561.798238,-1,-3,-131
1767172561.8082385,2,-5,-125
1767172561.8182385,5,-4,-129
1767172561.8282382,2,-6,-131
1767172561.8382382,1,-4,-129
1767172561.8482382,2,-1,-135
1767172561.8582382,2,3,-135
1767172561.8682382,3,5,-135
1767172561.8782382,1,7,-135
1767172561.8882382,4,8,-141
1767172561.8982382,4,4,-136
1767172561.9082382,2,0,-136
1767172561.9182382,7,0,-137
1767172561.9282382,4,-2,-141
1767172561.938238,3,-1,-142
1767172561.948238,-1,0,-142
1767172561.958238,0,-1,-139
1767172561.968238,2,2,-138
1767172561.978238,3,0,-133
1767172561.988238,0,-2,-126
1767172561.998238,1,-6,-129
1767172562.008238,-2,-7,-127
1767172562.018238,-4,-7,-136
1767172562.028238,-5,-5,-137
1767172562.038238,0,-5,-137
1767172562.048238,1,-4,-139
1767172562.0582385,-1,0,-141
1767172562.0682385,0,0,-146
1767172562.0782382,-2,-2,-137
1767172562.0882382,1,-3,-144
1767172562.0982382,7,-6,-143
1767172562.1082382,0,-6,-144
1767172562.1182382,0,-5,-147
1767172562.1282382,2,-5,-144
1767172562.1382382,3,-9,-137
1767172562.1482382,5,-11,-140
1767172562.1582382,2,-8,-140
1767172562.1682382,-6,-4,-144
1767172562.1782382,-6,-2,-143
1767172562.188238,-5,4,-139
1767172562.198238,-9,4,-134
1767172562.208238,-10,0,-132
1767172562.218238,-3,0,-128
1767172562.228238,0,-2,-134
1767172562.238238,0,-4,-146
1767172562.248238,0,-3,-146
1767172562.258238,-2,-1,-145
1767172562.268238,0,-5,-134
1767172562.278238,2,-7,-125
1767172562.288238,4,-7,-126
1767172562.298238,2,-6,-129
1767172562.3082385,0,-6,-130
1767172562.3182385,-3,-5,-129
1767172562.3282382,0,-3,-123
1767172562.3382382,5,-6,-123
1767172562.3482382,8,-3,-132
1767172562.3582382,1,-6,-128
1767172562.3682382,3,-6,-127
1767172562.3782382,2,-7,-132
1767172562.3882382,3,-8,-129
1767172562.3982382,2,-1,-132
1767172562.4082382,0,-1,-130
1767172562.4182382,5,-5,-133
1767172562.4282382,4,-4,-130
1767172562.438238,5,-2,-125
1767172562.448238,0,-3,-130
1767172562.458238,-1,-3,-139
1767172562.468238,-2,-5,-141
1767172562.478238,-6,-1,-139
1767172562.488238,-4,-3,-132
1767172562.498238,-5,2,-121
1767172562.508238,-7,4,-122
1767172562.518238,-6,8,-122
1767172562.528238,-5,4,-134
1767172562.538238,-5,3,-134
1767172562.548238,1,4,-126
1767172562.5582385,3,0,-127
1767172562.5682385,6,0,-128
1767172562.5782382,2,-1,-132
1767172562.5882382,2,-2,-132
1767172562.5982382,1,0,-128
1767172562.6082382,3,0,-133
1767172562.6182382,0,0,-134
1767172562.6282382,1,0,-133
1767172562.6382382,0,-1,-128
1767172562.6482382,0,2,-129
1767172562.6582382,0,-1,-137
1767172562.6682382,2,0,-145
1767172562.6782382,3,-1,-149
1767172562.688238,0,-1,-146
1767172562.698238,-3,-3,-141
1767172562.708238,-1,-2,-141
1767172562.718238,-1,2,-141
1767172562.728238,0,-1,-143
1767172562.738238,4,0,-137
1767172562.748238,1,-4,-140
1767172562.758238,0,-6,-141
1767172562.768238,-1,-7,-141
1767172562.778238,-2,-7,-142
1767172562.788238,-6,-6,-140
1767172562.798238,-1,-3,-133
1767172562.8082385,1,-3,-130
1767172562.8182385,1,-6,-127
1767172562.8282382,3,-6,-129
1767172562.8382382,7,-8,-123
1767172562.8482382,5,-5,-125
1767172562.8582382,2,-2,-131
1767172562.8682382,-1,0,-127
1767172562.8782382,-3,1,-126
1767172562.8882382,0,5,-120
1767172562.8982382,-2,4,-124
1767172562.9082382,2,6,-124
1767172562.9182382,0,8,-124
1767172562.9282382,2,9,-132
1767172562.938238,5,6,-128
1767172562.948238,3,6,-129
1767172562.958238,1,6,-134
1767172562.968238,5,3,-125
1767172562.978238,6,4,-124
1767172562.988238,4,3,-122
1767172562.998238,4,-1,-128
1767172563.008238,0,-1,-129
1767172563.018238,-1,-1,-137
1767172563.028238,0,-1,-141
1767172563.038238,2,-1,-133
1767172563.048238,6,-5,-131
1767172563.0582385,4,-4,-139
1767172563.0682385,9,0,-142
1767172563.0782382,6,1,-150
1767172563.0882382,7,0,-146
1767172563.0982382,8,-2,-139
1767172563.109238,2,0,-134
1767172563.119238,0,4,-135
1767172563.129238,-4,0,-133
1767172563.139238,-3,-1,-134
1767172563.149238,-3,-1,-135
1767172563.159238,-3,-3,-140
1767172563.169238,-5,-7,-148
1767172563.179238,-4,-6,-149
1767172563.189238,-7,-1,-139
1767172563.199238,-4,0,-137
1767172563.209238,-5,-1,-139
1767172563.219238,0,0,-144
1767172563.2292385,2,-3,-141
1767172563.2392385,1,-5,-142
1767172563.2492385,0,-4,-141
1767172563.2592382,0,-3,-141
1767172563.2692382,0,-4,-144
1767172563.2792382,-1,-3,-149
1767172563.2892382,4,-3,-143
1767172563.2992382,3,0,-138
1767172563.3092382,1,-2,-140
1767172563.3192382,3,-4,-133
1767172563.3292382,7,-1,-128
1767172563.3392382,5,1,-134
1767172563.3492382,3,1,-134
1767172563.359238,5,-1,-132
1767172563.369238,3,3,-130
1767172563.379238,5,0,-128
1767172563.389238,1,-6,-130
1767172563.399238,0,-4,-140
1767172563.409238,-2,-6,-137
1767172563.419238,-1,-4,-128
1767172563.429238,1,-3,-133
1767172563.439238,0,-6,-130
1767172563.449238,0,-5,-131
1767172563.459238,4,-1,-132
1767172563.469238,2,2,-136
1767172563.4792385,4,5,-137
1767172563.4892385,7,4,-134
1767172563.4992385,3,2,-130
1767172563.5092382,5,2,-129
1767172563.5192382,5,2,-134
1767172563.5292382,9,-2,-131
1767172563.5392382,6,-2,-128
1767172563.5492382,0,-3,-128
1767172563.5592382,-3,0,-126
1767172563.5692382,-1,1,-129
1767172563.5792382,1,0,-129
1767172563.5892382,-1,-5,-129
1767172563.5992382,2,-8,-130
1767172563.609238,3,-2,-133
1767172563.619238,0,0,-138
1767172563.629238,1,-2,-140
1767172563.639238,6,0,-142
1767172563.649238,3,0,-144
1767172563.659238,0,-2,-146
1767172563.669238,-2,-4,-141
1767172563.679238,-1,-3,-141
1767172563.689238,0,-6,-141
1767172563.699238,0,-7,-144
1767172563.709238,-3,-8,-145
1767172563.7302382,0,-6,-144
1767172563.7392385,-1,-1,-139
1767172563.7492385,-5,-2,-141
1767172563.7592382,-2,0,-136
1767172563.7692382,0,-2,-136
1767172563.7792382,7,-3,-135
1767172563.7892382,10,0,-127
1767172563.7992382,11,-1,-134
1767172563.8092382,6,-4,-134
1767172563.8192382,5,0,-136
1767172563.8292382,6,3,-131
1767172563.8392382,3,2,-134
1767172563.8492382,2,3,-136
1767172563.859238,-1,6,-130
1767172563.869238,-1,5,-130
1767172563.879238,-1,5,-128
1767172563.889238,-4,4,-125
1767172563.899238,-4,-2,-131
1767172563.909238,1,-1,-135
1767172563.919238,4,2,-130
1767172563.929238,8,2,-130
1767172563.939238,9,2,-137
1767172563.949238,4,4,-144
1767172563.959238,-3,1,-150
1767172563.969238,-2,-2,-146
1767172563.9792385,-4,-3,-142
1767172563.9892385,-1,-5,-139
1767172563.9992385,-1,-6,-143
1767172564.0092382,0,-6,-145
1767172564.0192382,3,-10,-141
1767172564.0292382,0,-8,-134
1767172564.0392382,3,-7,-132
1767172564.0492382,2,-5,-130
1767172564.0592382,4,-4,-132
1767172564.0692382,1,-2,-135
1767172564.0792382,-1,-2,-131
1767172564.0892382,0,-3,-137
1767172564.0992382,2,-5,-135
1767172564.109238,3,-4,-133
1767172564.119238,-1,0,-124
1767172564.129238,-4,0,-127
1767172564.139238,-6,0,-131
1767172564.149238,0,-2,-132
1767172564.159238,0,-2,-132
1767172564.169238,0,3,-133
1767172564.179238,-4,6,-138
1767172564.189238,-4,6,-145
1767172564.199238,-4,7,-149
1767172564.209238,-5,7,-144
1767172564.219238,-10,6,-141
1767172564.2292385,-10,2,-139
1767172564.2392385,-4,3,-137
1767172564.2492385,-4,6,-131
1767172564.2592382,-3,4,-132
1767172564.2692382,0,1,-135
1767172564.2792382,6,0,-138
1767172564.2892382,6,2,-140
1767172564.2992382,4,3,-138
1767172564.3092382,0,0,-142
1767172564.3192382,-2,0,-144
1767172564.3292382,0,2,-134
1767172564.3392382,4,3,-130
1767172564.3492382,3,0,-130
1767172564.359238,1,-1,-135
1767172564.369238,1,1,-139
1767172564.379238,6,0,-142
1767172564.389238,5,-3,-136
1767172564.399238,4,-7,-132
1767172564.409238,0,-4,-129
1767172564.419238,1,-2,-132
1767172564.429238,0,-4,-140
1767172564.439238,3,-2,-127
1767172564.449238,4,0,-127
1767172564.459238,5,0,-134
1767172564.469238,2,0,-133
1767172564.4792385,-2,0,-133
1767172564.4892385,-7,0,-133
1767172564.4992385,-10,1,-135
1767172564.5092382,-8,2,-134
1767172564.5192382,-10,-4,-129
1767172564.5292382,-11,-6,-128
1767172564.5392382,-10,-8,-128
1767172564.5492382,-9,-9,-128
1767172564.5592382,-5,-2,-123
1767172564.5692382,-1,0,-130
1767172564.5792382,0,-2,-131
1767172564.5892382,1,-2,-137
1767172564.5992382,-3,-1,-133
1767172564.609238,-1,0,-137
1767172564.619238,1,1,-140
1767172564.629238,0,1,-139
1767172564.639238,-4,2,-138
1767172564.649238,-8,1,-134
1767172564.659238,-7,-1,-136
1767172564.669238,-2,-2,-138
1767172564.679238,0,0,-134
1767172564.689238,0,0,-139
1767172564.699238,2,-1,-151
1767172564.709238,1,0,-154
1767172564.719238,0,0,-146
1767172564.7292385,0,0,-140
1767172564.7392385,0,0,-140
1767172564.7492385,-1,-4,-140
1767172564.7592382,2,0,-141
1767172564.7692382,2,0,-143
1767172564.7792382,0,0,-147
1767172564.7892382,-4,3,-142
1767172564.7992382,-8,1,-141
1767172564.8092382,-6,0,-137
1767172564.8192382,-7,0,-136
1767172564.8292382,-5,-1,-137
1767172564.8392382,-4,-5,-134
1767172564.8492382,0,-8,-135
1767172564.859238,-1,-8,-135
1767172564.869238,-6,-10,-135
1767172564.879238,-5,-7,-132
1767172564.889238,-3,-8,-132
1767172564.899238,-3,-6,-131
1767172564.909238,-6,-6,-132
1767172564.919238,-5,-3,-130
1767172564.929238,-4,-2,-127
1767172564.939238,-4,-1,-124
1767172564.949238,-4,0,-124
1767172564.959238,0,-1,-125
1767172564.969238,2,-2,-128
1767172564.9792385,2,-1,-135
1767172564.9892385,-1,-1,-141
1767172564.9992385,0,-2,-141
1767172565.0092382,1,0,-146
1767172565.0192382,3,3,-138
1767172565.0292382,8,6,-134
1767172565.0392382,7,6,-137
1767172565.0492382,3,3,-141
1767172565.0592382,0,2,-138
1767172565.0692382,0,4,-135
1767172565.0792382,0,3,-132
1767172565.0892382,2,0,-137
1767172565.0992382,4,-1,-139
1767172565.109238,3,-4,-141
1767172565.119238,3,-5,-140
1767172565.129238,0,-5,-147
1767172565.139238,0,-4,-145
1767172565.149238,4,-3,-138
1767172565.159238,2,-1,-141
1767172565.169238,1,-1,-138
1767172565.179238,-1,-1,-141
1767172565.189238,3,0,-141
1767172565.199238,5,0,-145
1767172565.209238,5,4,-145
1767172565.219238,1,0,-141
1767172565.2292385,1,-1,-145
1767172565.2392385,0,-3,-145
1767172565.2492385,-3,-4,-143
1767172565.2592382,0,-4,-146
1767172565.2692382,0,0,-150
1767172565.2792382,0,1,-153
1767172565.2892382,4,1,-153
1767172565.2992382,6,5,-147
1767172565.3092382,-1,5,-141
1767172565.3192382,-5,4,-138
1767172565.3292382,-2,4,-129
1767172565.3392382,-4,2,-134
1767172565.3492382,-1,2,-134
1767172565.359238,-2,4,-127
1767172565.369238,0,6,-136
1767172565.379238,0,2,-137
1767172565.389238,0,0,-142
1767172565.399238,-1,-3,-141
1767172565.409238,2,1,-142
1767172565.419238,1,2,-141
1767172565.429238,0,4,-138
1767172565.439238,0,4,-142
1767172565.449238,-4,0,-142
1767172565.459238,-4,7,-136
1767172565.469238,-6,0,-144
1767172565.4792385,-4,-3,-138
1767172565.4892385,-2,0,-140
1767172565.4992385,2,6,-134
1767172565.5092382,0,5,-138
1767172565.5192382,-3,4,-137
1767172565.5292382,-4,2,-136
1767172565.5392382,0,2,-138
1767172565.5492382,-2,0,-136
1767172565.5592382,1,0,-130
1767172565.5692382,-1,-5,-120
1767172565.5792382,0,-7,-128
1767172565.5892382,4,-9,-133
1767172565.5992382,2,-7,-136
1767172565.609238,4,-6,-141
1767172565.619238,3,-4,-139
1767172565.629238,0,-5,-136
1767172565.639238,0,-3,-138
1767172565.649238,0,-3,-139
1767172565.659238,-2,-1,-140
1767172565.669238,-4,-6,-135
1767172565.6802382,1,-8,-132
1767172565.6902382,2,-8,-135
1767172565.7002382,1,-5,-132
1767172565.709238,2,-3,-135
1767172565.7202382,2,-4,-137
1767172565.7302382,6,-7,-131
1767172565.7402382,5,-6,-128
1767172565.7502382,5,-3,-128
1767172565.7602382,4,0,-123
1767172565.7702382,0,0,-122
1767172565.7802382,2,3,-127
1767172565.790238,1,0,-129
1767172565.800238,3,0,-129
1767172565.810238,0,0,-125
1767172565.820238,0,0,-128
1767172565.830238,-5,-1,-131
1767172565.840238,-4,-4,-135
1767172565.850238,-2,-4,-138
1767172565.860238,1,-1,-131
1767172565.870238,1,-1,-135
1767172565.880238,2,0,-139
1767172565.890238,3,-1,-140
1767172565.900238,3,1,-133
1767172565.9102385,0,0,-137
1767172565.9202385,1,0,-143
1767172565.9302382,-1,0,-149
1767172565.9402382,0,-1,-146
1767172565.9502382,0,-2,-143
1767172565.9602382,2,-2,-143
1767172565.9702382,1,-4,-138
1767172565.9802382,0,-4,-139
1767172565.9902382,0,-2,-140
1767172566.0002382,1,-1,-143
1767172566.0102382,0,0,-138
1767172566.0202382,-6,0,-128
1767172566.0302382,-3,2,-129
1767172566.040238,-2,1,-130
1767172566.050238,-6,-3,-137
1767172566.060238,-6,-4,-140
1767172566.070238,-7,-4,-150
1767172566.080238,-11,0,-148
1767172566.090238,-11,2,-138
1767172566.100238,-9,1,-138
1767172566.110238,-5,5,-134
1767172566.120238,-6,1,-132
1767172566.130238,-5,0,-129
1767172566.140238,-7,0,-133
1767172566.150238,-7,1,-126
1767172566.1602385,-1,-1,-132
1767172566.1702385,1,-1,-130
1767172566.1802382,0,-1,-135
1767172566.1902382,0,2,-137
1767172566.2002382,1,3,-138
1767172566.2102382,5,2,-140
1767172566.2202382,0,1,-138
1767172566.2302382,-1,4,-135
1767172566.2402382,1,1,-127
1767172566.2502382,6,1,-125
1767172566.2602382,4,4,-127
1767172566.2702382,5,2,-135
1767172566.2802382,0,-2,-136
1767172566.290238,-2,-1,-142
1767172566.300238,-1,0,-142
1767172566.310238,-1,1,-143
1767172566.320238,0,0,-140
1767172566.330238,-2,3,-131
1767172566.340238,-1,2,-134
1767172566.350238,-4,-1,-138
1767172566.360238,-8,-4,-136
1767172566.370238,-9,-3,-135
1767172566.380238,-6,-3,-131
1767172566.390238,-6,-1,-128
1767172566.400238,-7,0,-130
1767172566.4102385,-8,3,-139
1767172566.4202385,-2,0,-136
1767172566.4302382,0,-1,-141
1767172566.4402382,0,0,-140
1767172566.4502382,1,-4,-142
1767172566.4602382,0,-5,-144
1767172566.4702382,3,0,-146
1767172566.4802382,4,0,-141
1767172566.4902382,4,-4,-144
1767172566.5002382,4,-3,-136
1767172566.5102382,3,-3,-139
1767172566.5202382,4,2,-141
1767172566.5302382,3,3,-143
1767172566.540238,2,4,-139
1767172566.550238,1,-1,-139
1767172566.560238,0,0,-138
1767172566.570238,-4,1,-136
1767172566.580238,-5,0,-129
1767172566.590238,1,-2,-130
1767172566.600238,1,-3,-132
1767172566.610238,1,0,-133
1767172566.620238,1,1,-129
1767172566.630238,4,-3,-141
1767172566.640238,9,-5,-137
1767172566.650238,11,-3,-140
1767172566.6602385,10,0,-136
1767172566.6702385,6,3,-138
1767172566.6802382,9,3,-140
1767172566.6902382,8,-2,-137
1767172566.7002382,12,-4,-137
1767172566.7102382,12,-1,-135
1767172566.7202382,11,-2,-134
1767172566.7302382,11,-2,-139
1767172566.7402382,11,0,-133
1767172566.7502382,8,-1,-130
1767172566.7602382,8,0,-138
1767172566.7702382,3,0,-135
1767172566.7802382,4,3,-134
1767172566.790238,-1,3,-131
1767172566.800238,-3,-1,-131
1767172566.810238,-5,-3,-135
1767172566.820238,-4,-4,-136
1767172566.830238,0,-6,-136
1767172566.840238,1,-2,-138
1767172566.850238,1,0,-137
1767172566.860238,0,0,-141
1767172566.870238,0,2,-148
1767172566.880238,0,4,-142
1767172566.890238,-1,1,-139
1767172566.900238,0,0,-136
1767172566.9102385,0,0,-139
1767172566.9202385,4,1,-132
1767172566.9302382,7,3,-133
1767172566.9402382,4,2,-136
1767172566.9502382,1,-1,-137
1767172566.9602382,0,1,-135
1767172566.9702382,-5,-2,-136
1767172566.9802382,-8,-1,-130
1767172566.9902382,-6,2,-123
1767172567.0002382,-3,1,-127
1767172567.0102382,0,1,-128
1767172567.0202382,0,0,-129
1767172567.0302382,1,0,-132
1767172567.040238,2,0,-135
1767172567.050238,1,0,-130
1767172567.060238,2,2,-128
1767172567.070238,3,2,-129
1767172567.080238,2,0,-129
1767172567.090238,-1,1,-130
1767172567.100238,1,-3,-133
1767172567.110238,0,0,-130
1767172567.120238,-1,2,-130
1767172567.130238,-4,0,-134
1767172567.140238,-4,-1,-134
1767172567.150238,0,1,-138
1767172567.1602385,-5,-1,-136
1767172567.1702385,-3,0,-138
1767172567.1802382,-2,-5,-135
1767172567.1902382,-4,-1,-133
1767172567.2002382,-2,-2,-134
1767172567.2102382,-1,-2,-129
1767172567.2202382,-2,0,-129
1767172567.2302382,1,0,-127
1767172567.2402382,6,0,-123
1767172567.2502382,5,0,-121
1767172567.2602382,6,1,-122
1767172567.2702382,2,1,-126
1767172567.2802382,2,0,-124
1767172567.290238,4,0,-121
1767172567.300238,9,2,-122
1767172567.310238,5,2,-119
1767172567.320238,-1,0,-122
1767172567.330238,-1,0,-130
1767172567.340238,0,0,-130
1767172567.350238,0,-1,-131
1767172567.360238,-1,-3,-138
1767172567.370238,-4,-2,-131
1767172567.380238,-1,-1,-131
1767172567.390238,0,-2,-133
1767172567.400238,-1,0,-130
1767172567.4102385,-3,-2,-127
1767172567.4202385,-4,0,-131
1767172567.4302382,-6,-3,-134
1767172567.4402382,-8,-4,-130
1767172567.4502382,-15,-5,-133
1767172567.4602382,-12,0,-139
1767172567.4702382,-14,0,-137
1767172567.4802382,-12,5,-141
1767172567.4902382,-13,3,-141
1767172567.5002382,-11,4,-141
1767172567.5102382,-10,6,-138
1767172567.5202382,-8,4,-143
1767172567.5302382,-2,5,-154
1767172567.540238,0,7,-149
1767172567.550238,3,4,-146
1767172567.560238,-2,8,-142
1767172567.570238,0,8,-148
1767172567.580238,-3,10,-146
1767172567.590238,-2,5,-145
1767172567.600238,-2,0,-142
1767172567.610238,1,0,-144
1767172567.620238,-2,0,-144
1767172567.630238,-3,3,-147
1767172567.640238,-7,5,-150
1767172567.650238,-10,2,-142
1767172567.6602385,-4,0,-146
1767172567.6702385,-3,0,-144
1767172567.6802382,-3,-3,-150
1767172567.6902382,-1,-6,-148
1767172567.7002382,-6,-4,-147
1767172567.7102382,-10,-3,-142
1767172567.7202382,-7,-5,-142
1767172567.7302382,-4,-4,-137
1767172567.7402382,-1,-5,-130
1767172567.7502382,1,-5,-131
1767172567.7602382,3,-5,-133
1767172567.7702382,2,-5,-131
1767172567.7802382,0,-4,-134
1767172567.790238,-2,-6,-130
1767172567.800238,-4,-3,-131
1767172567.810238,-3,-3,-134
1767172567.820238,-4,-4,-129
1767172567.830238,-1,-5,-132
1767172567.840238,-2,-7,-137
1767172567.850238,-2,-4,-138
1767172567.860238,4,-6,-131
1767172567.870238,2,-8,-133
1767172567.880238,-4,-6,-132
1767172567.890238,-8,-2,-130
1767172567.900238,-5,-6,-130
1767172567.9102385,-2,-1,-134
1767172567.9202385,-1,0,-138
1767172567.9302382,-1,0,-139
1767172567.9402382,0,4,-145
1767172567.9502382,2,6,-148
1767172567.9602382,3,6,-141
1767172567.9702382,0,0,-141
1767172567.9802382,-5,0,-141
1767172567.9902382,-8,-4,-140
1767172568.0002382,-3,-4,-139
1767172568.0102382,-2,0,-133
1767172568.0202382,1,2,-145
1767172568.0302382,-2,2,-148
1767172568.040238,-2,5,-146
1767172568.050238,-4,4,-147
1767172568.060238,-2,0,-144
1767172568.070238,-2,-1,-144
1767172568.080238,-1,-3,-139
1767172568.090238,-2,-2,-141
1767172568.100238,0,-3,-144
1767172568.110238,-3,-2,-143
1767172568.120238,0,-2,-144
1767172568.130238,-2,-1,-144
1767172568.140238,1,-2,-148
1767172568.150238,0,-2,-147
1767172568.1602385,0,-3,-142
1767172568.1702385,-2,-3,-135
1767172568.1802382,1,-4,-137
1767172568.1902382,1,-3,-140
1767172568.2002382,1,-6,-137
1767172568.2102382,0,-7,-133
1767172568.2202382,5,-6,-135
1767172568.2302382,6,-3,-136
1767172568.2402382,3,-3,-139
1767172568.251238,4,-5,-140
1767172568.261238,5,-7,-139
1767172568.271238,4,-7,-137
1767172568.281238,7,-8,-135
1767172568.291238,1,-6,-132
1767172568.301238,0,-4,-135
1767172568.311238,0,-7,-128
1767172568.321238,3,-6,-137
1767172568.3312385,4,-4,-144
1767172568.3412385,2,-6,-141
1767172568.3512385,1,-1,-136
1767172568.3612382,0,-1,-132
1767172568.3712382,2,-1,-130
1767172568.3812382,0,-4,-131
1767172568.3912382,0,-5,-134
1767172568.4012382,-3,-6,-135
1767172568.4112382,-1,-5,-138
1767172568.4212382,0,-6,-136
1767172568.4312382,0,-6,-135
1767172568.4412382,0,-3,-138
1767172568.4512382,0,-3,-133
1767172568.461238,-2,-2,-130
1767172568.471238,-5,-4,-128
1767172568.481238,-5,0,-128
1767172568.491238,-4,0,-134
1767172568.501238,-4,1,-132
1767172568.511238,-5,-1,-129
1767172568.521238,0,-5,-136
1767172568.531238,1,-6,-140
1767172568.541238,-1,-10,-136
1767172568.551238,-6,-12,-131
1767172568.561238,-6,-10,-133
1767172568.571238,-5,-9,-134
1767172568.5812385,-6,-13,-128
1767172568.5912385,-3,-4,-130
1767172568.6012385,-3,-3,-135
1767172568.6112382,2,0,-139
1767172568.6212382,3,-1,-134
1767172568.6312382,6,-5,-133
1767172568.6412382,7,-5,-139
1767172568.6512382,13,-1,-142
1767172568.6612382,7,-3,-142
1767172568.6712382,2,-2,-141
1767172568.6812382,6,0,-139
1767172568.6912382,5,-2,-136
1767172568.7012382,4,0,-136
1767172568.711238,-2,0,-130
1767172568.721238,-2,0,-127
1767172568.742238,-3,5,-132
1767172568.751238,0,3,-130
1767172568.761238,0,0,-133
1767172568.771238,0,-1,-139
1767172568.781238,-3,2,-139
1767172568.791238,-6,0,-135
1767172568.801238,-8,0,-134
1767172568.811238,-10,3,-139
1767172568.821238,-12,-1,-143
1767172568.8312385,-8,-5,-140
1767172568.8412385,-8,-6,-145
1767172568.8512385,0,-7,-141
1767172568.8612382,3,-10,-136
1767172568.8712382,4,-10,-136
1767172568.8812382,6,-9,-136
1767172568.8912382,0,-6,-137
1767172568.9012382,0,-4,-136
1767172568.9112382,0,-4,-131
1767172568.9212382,0,-3,-134
1767172568.9312382,0,-1,-129
1767172568.9412382,-5,-2,-135
1767172568.9512382,-6,0,-137
1767172568.961238,-5,-1,-135
1767172568.971238,-7,-5,-137
1767172568.981238,-5,-6,-132
1767172568.991238,-1,-10,-128
1767172569.001238,-4,-7,-134
1767172569.011238,-6,-6,-136
1767172569.021238,-10,-3,-140
1767172569.031238,-12,-2,-141
1767172569.041238,-9,0,-144
1767172569.051238,-9,-3,-141
1767172569.061238,-11,-1,-132
1767172569.071238,-10,-2,-130
1767172569.0812385,-9,-3,-132
1767172569.0912385,-4,-1,-139
1767172569.1012385,-1,-4,-137
1767172569.1112382,-4,-4,-138
1767172569.1212382,-5,-3,-138
1767172569.1312382,-3,-1,-141
1767172569.1412382,-2,-2,-143
1767172569.1512382,0,0,-143
1767172569.1612382,-1,-2,-136
1767172569.1712382,-4,0,-140
1767172569.1812382,0,-1,-140
1767172569.1912382,-1,0,-143
1767172569.2012382,-4,0,-140
1767172569.211238,1,0,-133
1767172569.221238,2,-3,-135
1767172569.231238,0,-5,-136
1767172569.241238,-1,-6,-134
1767172569.251238,-6,-5,-134
1767172569.261238,-9,-4,-131
1767172569.271238,-9,-6,-124
1767172569.281238,-8,-5,-116
1767172569.291238,-8,-4,-124
1767172569.301238,-5,-2,-125
1767172569.311238,-2,-5,-124
1767172569.321238,-5,-3,-127
1767172569.3312385,-3,-7,-128
1767172569.3412385,-1,-5,-128
1767172569.3512385,-1,-2,-124
1767172569.3612382,-2,-3,-126
1767172569.3712382,-2,-1,-137
1767172569.3812382,-3,-3,-142
1767172569.3912382,-1,-3,-146
1767172569.4012382,0,-6,-148
1767172569.4112382,0,-2,-148
1767172569.4212382,1,-4,-145
1767172569.4312382,3,-3,-143
1767172569.4412382,3,-6,-144
1767172569.4512382,1,-4,-144
1767172569.461238,-1,-4,-139
1767172569.471238,3,1,-135
1767172569.481238,1,0,-135
1767172569.491238,-4,0,-135
1767172569.501238,-5,1,-131
1767172569.511238,-4,3,-132
1767172569.521238,0,6,-135
1767172569.531238,3,6,-136
1767172569.541238,3,4,-140
1767172569.551238,-2,5,-144
1767172569.561238,-1,5,-141
1767172569.571238,3,5,-132
1767172569.5812385,7,6,-133
1767172569.5912385,8,2,-134
1767172569.6012385,2,2,-133
1767172569.6112382,6,2,-136
1767172569.6212382,2,4,-132
1767172569.6312382,2,4,-132
1767172569.6412382,-1,6,-136
1767172569.6512382,0,1,-140
1767172569.6612382,0,1,-144
1767172569.6712382,0,1,-139
1767172569.6812382,2,2,-141
1767172569.6912382,1,0,-135
1767172569.7012382,4,-1,-137
1767172569.711238,6,-1,-137
1767172569.721238,7,-3,-132
1767172569.731238,6,-7,-133
1767172569.741238,4,-8,-126
1767172569.751238,0,-5,-122
1767172569.761238,1,-2,-120
1767172569.771238,1,-2,-124
1767172569.781238,1,-5,-125
1767172569.791238,0,-4,-129
1767172569.801238,0,-9,-129
1767172569.811238,0,-6,-132
1767172569.821238,0,0,-134
1767172569.8312385,2,1,-131
1767172569.8412385,2,0,-129
1767172569.8512385,0,1,-129
1767172569.8612382,2,2,-130
1767172569.8712382,-4,1,-132
1767172569.8812382,-7,6,-129
1767172569.8912382,-2,5,-132
1767172569.9012382,-3,1,-134
1767172569.9112382,-4,0,-128
1767172569.9212382,-1,-3,-128
1767172569.9312382,-3,-5,-132
1767172569.9412382,-10,-5,-139
1767172569.9512382,-6,-6,-146
1767172569.961238,-5,-4,-149
1767172569.971238,-5,-3,-148
1767172569.981238,-3,-5,-147
1767172569.991238,-4,-10,-143
1767172570.001238,-3,-10,-137
1767172570.011238,0,-9,-134
1767172570.021238,-5,-6,-134
1767172570.031238,-7,-6,-137
1767172570.041238,-8,-8,-134
1767172570.051238,-9,-10,-137
1767172570.061238,-5,-4,-136
1767172570.071238,0,-7,-138
1767172570.0812385,3,-2,-141
1767172570.0912385,3,-1,-145
1767172570.1012385,-2,2,-144
1767172570.1112382,-6,2,-143
1767172570.1212382,-8,-2,-142
1767172570.1312382,-6,1,-142
1767172570.1412382,-3,1,-139
1767172570.1512382,0,-1,-133
1767172570.1612382,-1,-5,-129
1767172570.1712382,-1,-6,-132
1767172570.1812382,-2,-6,-128
1767172570.1912382,-2,-9,-121
1767172570.2012382,0,-3,-131
1767172570.211238,1,-2,-140
1767172570.221238,3,0,-144
1767172570.231238,3,-1,-143
1767172570.241238,3,-2,-146
1767172570.251238,1,-5,-141
1767172570.261238,1,-6,-138
1767172570.271238,3,-4,-138
1767172570.281238,0,-2,-141
1767172570.291238,0,0,-144
1767172570.301238,2,1,-135
1767172570.311238,4,1,-137
1767172570.321238,8,5,-136
1767172570.3312385,5,10,-130
1767172570.3412385,-1,6,-137
1767172570.3512385,1,6,-135
1767172570.3612382,3,2,-137
1767172570.3712382,-2,5,-133
1767172570.3812382,-2,0,-130
1767172570.3912382,-2,-1,-130
1767172570.4012382,0,0,-130
1767172570.4112382,-1,0,-135
1767172570.4212382,-1,1,-134
1767172570.4312382,1,-1,-135
1767172570.4412382,0,-4,-138
1767172570.4512382,0,-6,-142
1767172570.461238,-2,-4,-146
1767172570.471238,-6,-6,-142
1767172570.481238,-7,-5,-142
1767172570.491238,1,-7,-141
1767172570.501238,-1,-13,-136
1767172570.511238,-2,-5,-129
1767172570.521238,0,-3,-134
1767172570.531238,1,-4,-144
1767172570.541238,3,-5,-150
1767172570.551238,4,-1,-149
1767172570.561238,3,-2,-138
1767172570.571238,3,-2,-140
1767172570.5812385,4,-2,-144
1767172570.5912385,3,0,-142
1767172570.6012385,4,1,-138
1767172570.6112382,4,2,-138
1767172570.6212382,1,1,-137
1767172570.6312382,-2,2,-136
1767172570.6412382,-5,-1,-134
1767172570.6512382,-8,-3,-140
1767172570.6612382,-4,0,-142
1767172570.6712382,-3,0,-142
1767172570.6812382,4,1,-141
1767172570.6912382,6,-4,-143
1767172570.7012382,6,-4,-141
1767172570.711238,4,-5,-143
1767172570.721238,3,-5,-143
1767172570.731238,7,-2,-143
1767172570.741238,9,-4,-140
1767172570.751238,4,-6,-140
1767172570.761238,3,-1,-141
1767172570.771238,0,2,-140
1767172570.781238,-3,2,-145
1767172570.791238,-3,0,-145
1767172570.8022382,0,0,-151
1767172570.811238,1,0,-151
1767172570.821238,0,-7,-157
1767172570.8322382,-1,-5,-156
1767172570.8422382,-9,-5,-145
1767172570.8522382,-7,-1,-137
1767172570.8622382,-2,-1,-136
1767172570.8722382,-1,-5,-134
1767172570.882238,-3,-6,-143
1767172570.892238,-5,-6,-137
1767172570.902238,-7,-3,-136
1767172570.912238,0,-3,-144
1767172570.922238,-1,-7,-145
1767172570.932238,-1,-4,-148
1767172570.942238,3,-3,-148
1767172570.952238,5,-4,-146
1767172570.962238,6,-3,-148
1767172570.972238,3,-3,-142
1767172570.982238,0,-2,-144
1767172570.992238,0,-2,-144
1767172571.002238,-4,1,-143
1767172571.0122385,0,2,-143
1767172571.0222385,1,-1,-137
1767172571.0322382,3,0,-127
1767172571.0422382,9,-2,-130
1767172571.0522382,12,-4,-134
1767172571.0622382,10,-3,-140
1767172571.0722382,3,-5,-145
1767172571.0822382,-1,-9,-151
1767172571.0922382,-1,-6,-150
1767172571.1022382,0,-1,-149
1767172571.1122382,-4,-1,-145
1767172571.1222382,-5,1,-141
1767172571.132238,-4,-1,-140
1767172571.142238,-6,-3,-143
1767172571.152238,-9,-4,-143
1767172571.162238,-5,-4,-148
1767172571.172238,-4,-4,-146
1767172571.182238,-3,-5,-140
1767172571.192238,-5,-8,-135
1767172571.202238,-3,-3,-135
1767172571.212238,-3,-1,-136
1767172571.222238,-4,-1,-137
1767172571.232238,1,-1,-135
1767172571.242238,-2,-3,-141
1767172571.252238,0,-2,-144
1767172571.2622385,0,-2,-145
1767172571.2722385,-3,-2,-139
1767172571.2822382,-4,2,-138
1767172571.2922382,-6,-2,-139
1767172571.3022382,0,0,-134
1767172571.3122382,0,-2,-131
1767172571.3222382,-3,-2,-136
1767172571.3322382,0,0,-139
1767172571.3422382,-1,0,-140
1767172571.3522382,-3,-2,-138
1767172571.3622382,-1,-5,-138
1767172571.3722382,0,-3,-138
1767172571.382238,0,-1,-144
1767172571.392238,-5,0,-144
1767172571.402238,-2,-5,-146
1767172571.412238,-2,-6,-146
1767172571.422238,0,-4,-145
1767172571.432238,4,-3,-142
1767172571.442238,0,0,-141
1767172571.452238,-1,1,-143
1767172571.462238,-1,3,-145
1767172571.472238,-1,-2,-140
1767172571.482238,-6,-1,-139
1767172571.492238,-7,-2,-139
1767172571.502238,-1,-3,-142
1767172571.5122385,1,-3,-139
1767172571.5222385,0,-2,-137
1767172571.5322382,0,-1,-139
1767172571.5422382,1,-4,-136
1767172571.5522382,5,-1,-140
1767172571.5622382,4,0,-145
1767172571.5722382,2,0,-143
1767172571.5822382,0,-2,-143
1767172571.5922382,-2,0,-138
1767172571.6022382,-1,3,-144
1767172571.6122382,0,2,-151
1767172571.6222382,3,2,-148
1767172571.632238,8,5,-150
1767172571.642238,9,0,-140
1767172571.652238,9,-3,-136
1767172571.662238,7,-8,-138
1767172571.672238,4,-10,-135
1767172571.682238,0,-5,-137
1767172571.692238,-1,-4,-137
1767172571.702238,3,-8,-139
1767172571.712238,7,-7,-141
1767172571.722238,7,-3,-144
1767172571.732238,3,-4,-140
1767172571.742238,1,-7,-141
1767172571.752238,0,-2,-135
1767172571.7622385,3,-1,-136
1767172571.7722385,-2,-1,-137
1767172571.7822382,-1,-3,-135
1767172571.7922382,1,-3,-132
1767172571.8022382,5,-2,-132
1767172571.8122382,3,-1,-131
1767172571.8222382,-2,1,-132
1767172571.8322382,-4,3,-136
1767172571.8422382,-5,4,-142
1767172571.8522382,-4,4,-137
1767172571.8622382,-4,-3,-135
1767172571.8722382,-2,-1,-138
1767172571.882238,-5,1,-141
1767172571.892238,-6,-2,-136
1767172571.902238,0,-4,-135
1767172571.912238,7,-3,-143
1767172571.922238,6,-5,-142
1767172571.932238,6,-1,-140
1767172571.942238,0,-3,-139
1767172571.952238,0,-1,-139
1767172571.962238,0,-4,-133
1767172571.972238,0,-8,-137
1767172571.982238,-1,-3,-137
1767172571.992238,1,0,-140
1767172572.002238,1,-1,-143
1767172572.0122385,2,0,-143
1767172572.0222385,0,-1,-149
1767172572.0322382,-6,-2,-143
1767172572.0422382,-3,-3,-142
1767172572.0522382,0,-3,-141
1767172572.0622382,0,-1,-142
1767172572.0722382,-5,0,-143
1767172572.0822382,-1,0,-144
1767172572.0922382,-3,0,-141
1767172572.1022382,-5,0,-144
1767172572.1122382,-4,0,-145
1767172572.1222382,-2,6,-152
1767172572.132238,4,0,-145
1767172572.142238,0,0,-140
1767172572.152238,1,2,-139
1767172572.162238,0,1,-136
1767172572.172238,1,-1,-138
1767172572.182238,0,-2,-135
1767172572.192238,1,-3,-135
1767172572.202238,5,0,-130
1767172572.212238,5,-2,-133
1767172572.222238,4,-3,-139
1767172572.232238,4,-3,-140
1767172572.242238,0,-3,-139
1767172572.252238,-6,0,-138
1767172572.2622385,-3,0,-138
1767172572.2722385,-2,-3,-136
1767172572.2822382,-3,0,-135
1767172572.2922382,-4,2,-139
1767172572.3022382,-6,1,-131
1767172572.3122382,-7,3,-137
1767172572.3222382,-4,6,-136
1767172572.3322382,-3,4,-136
1767172572.3422382,-3,2,-144
1767172572.3522382,0,0,-136
1767172572.3622382,-2,1,-141
1767172572.3722382,-2,-1,-137
1767172572.382238,-2,-2,-131
1767172572.392238,0,-1,-128
1767172572.402238,1,1,-131
1767172572.412238,0,-1,-130
1767172572.422238,-1,-2,-133
1767172572.432238,1,-2,-128
1767172572.442238,2,-3,-131
1767172572.452238,1,-4,-137
1767172572.462238,-1,-1,-131
1767172572.472238,0,0,-135
1767172572.482238,0,0,-129
1767172572.492238,-1,-4,-130
1767172572.502238,-2,-3,-131
1767172572.5122385,-4,-1,-136
1767172572.5222385,-4,-2,-135
1767172572.5322382,-3,-1,-133
1767172572.5422382,-1,-2,-129
1767172572.5522382,-5,1,-133
1767172572.5622382,-6,2,-138
1767172572.5722382,-2,-2,-135
1767172572.5822382,-4,-1,-128
1767172572.5922382,1,-8,-127
1767172572.6022382,1,-7,-127
1767172572.6122382,-1,-3,-128
1767172572.6222382,0,0,-131
1767172572.632238,0,0,-134
1767172572.642238,0,0,-134
1767172572.652238,3,0,-143
1767172572.662238,5,3,-147
1767172572.672238,2,2,-141
1767172572.682238,1,-1,-138
1767172572.692238,0,-4,-131
1767172572.702238,5,-3,-132
1767172572.712238,5,-5,-139
1767172572.722238,6,-5,-139
1767172572.732238,4,-6,-133
1767172572.742238,4,-4,-128
1767172572.752238,6,0,-125
1767172572.7622385,5,-4,-126
1767172572.7722385,5,-3,-127
1767172572.7822382,8,0,-137
1767172572.7922382,5,3,-143
1767172572.8022382,7,2,-134
1767172572.8122382,5,7,-138
1767172572.8222382,6,6,-135
1767172572.8322382,7,8,-134
1767172572.8422382,6,7,-131
1767172572.8522382,3,1,-135
1767172572.8622382,1,-2,-137
1767172572.8722382,0,-3,-137
1767172572.882238,5,0,-141
1767172572.892238,5,-2,-133
1767172572.902238,1,-7,-133
1767172572.912238,0,-7,-130
1767172572.922238,-1,-7,-128
1767172572.932238,0,-5,-129
1767172572.942238,1,0,-129
1767172572.952238,1,-2,-131
1767172572.962238,0,-2,-128
1767172572.972238,0,0,-127
1767172572.982238,4,0,-130
1767172572.992238,0,0,-133
1767172573.002238,-3,0,-132
1767172573.0122385,-8,1,-130
1767172573.0222385,-7,2,-127
1767172573.0322382,-8,2,-133
1767172573.0422382,-9,3,-141
1767172573.0522382,-4,0,-142
1767172573.0622382,-3,0,-141
1767172573.0722382,-4,-3,-144
1767172573.0822382,-6,-1,-137
1767172573.0922382,-1,0,-141
1767172573.1022382,2,2,-142
1767172573.1122382,10,6,-142
1767172573.1222382,8,5,-138
1767172573.132238,5,0,-137
1767172573.142238,6,-5,-139
1767172573.152238,4,-5,-139
1767172573.162238,5,-6,-143
1767172573.172238,3,-6,-141
1767172573.182238,1,-2,-137
1767172573.192238,3,-4,-135
1767172573.202238,0,-1,-133
1767172573.212238,3,0,-131
1767172573.222238,1,0,-137
1767172573.232238,3,-2,-134
1767172573.242238,3,-1,-132
1767172573.252238,3,-2,-129
1767172573.2622385,3,-1,-123
1767172573.2722385,2,0,-127
1767172573.2822382,-3,-2,-130
1767172573.2922382,0,0,-128
1767172573.3022382,2,0,-127
1767172573.3122382,2,-1,-126
1767172573.3222382,0,2,-127
1767172573.3322382,-2,3,-136
1767172573.3422382,0,-1,-138
1767172573.353238,2,1,-138
1767172573.3622382,2,-2,-140
1767172573.3722382,0,-1,-138
1767172573.382238,1,1,-140
1767172573.392238,2,2,-139
1767172573.403238,3,1,-138
1767172573.413238,2,2,-135
1767172573.422238,0,0,-139
1767172573.4332385,-2,-1,-143
1767172573.4432385,0,0,-141
1767172573.4532382,-4,0,-144
1767172573.4632382,-7,-2,-145
1767172573.472238,-5,-1,-149
1767172573.4832382,-3,-2,-146
1767172573.4932382,-1,-1,-145
1767172573.5032382,2,-3,-144
1767172573.5132382,1,-1,-144
1767172573.5222385,0,-6,-144
1767172573.5332382,-4,-9,-145
1767172573.5432382,-1,-10,-140
1767172573.5532382,-1,-11,-140
1767172573.563238,0,-8,-141
1767172573.573238,-6,-4,-137
1767172573.583238,-13,0,-139
1767172573.593238,-10,-1,-139
1767172573.603238,-7,-4,-136
1767172573.613238,-5,-2,-136
1767172573.623238,-4,-1,-137
1767172573.633238,-6,-1,-134
1767172573.643238,-5,-2,-134
1767172573.653238,-1,-1,-130
1767172573.663238,0,-1,-130
1767172573.673238,-2,0,-131
1767172573.6832385,0,0,-139
1767172573.6932385,0,0,-136
1767172573.7032382,-2,-3,-132
1767172573.7132382,-3,-6,-139
1767172573.7232382,-1,-4,-141
1767172573.7332382,-2,-1,-146
1767172573.754238,-4,0,-146
1767172573.7632382,-1,-1,-147
1767172573.7732382,0,0,-148
1767172573.7832382,0,0,-143
1767172573.7932382,-1,2,-145
1767172573.8032382,1,3,-144
1767172573.813238,0,2,-146
1767172573.823238,-3,3,-140
1767172573.833238,-3,1,-133
1767172573.843238,1,-3,-133
1767172573.853238,4,-5,-138
1767172573.863238,3,-7,-138
1767172573.873238,4,-6,-137
1767172573.883238,4,-5,-141
1767172573.893238,2,-6,-145
1767172573.903238,-1,-6,-144
1767172573.913238,3,-8,-142
1767172573.923238,5,-5,-136
1767172573.9332385,5,-3,-133
1767172573.9432385,5,-4,-138
1767172573.9532382,3,-5,-137
1767172573.9632382,2,-5,-135
1767172573.9732382,3,-5,-133
1767172573.9832382,1,-3,-134
1767172573.9932382,1,-5,-138
1767172574.0032382,0,-2,-137
1767172574.0132382,2,3,-140
1767172574.0232382,4,0,-145
1767172574.0332382,4,1,-151
1767172574.0432382,3,1,-149
1767172574.0532382,3,-1,-150
1767172574.063238,-1,-3,-142
1767172574.073238,-2,0,-141
1767172574.083238,-5,0,-144
1767172574.093238,-9,0,-144
1767172574.103238,-1,1,-143
1767172574.113238,3,4,-138
1767172574.123238,4,2,-137
1767172574.133238,8,0,-130
1767172574.143238,6,1,-125
1767172574.153238,7,-1,-134
1767172574.163238,7,0,-136
1767172574.173238,7,2,-139
1767172574.1832385,6,4,-141
1767172574.1932385,1,0,-144
1767172574.2032382,-4,-1,-140
1767172574.2132382,-2,-3,-142
1767172574.2232382,-4,-6,-144
1767172574.2332382,-1,-5,-143
1767172574.2432382,-3,-5,-144
1767172574.2532382,-5,-4,-142
1767172574.2632382,-1,-3,-144
1767172574.2732382,0,-1,-147
1767172574.2832382,-1,-4,-144
1767172574.2932382,-7,-5,-141
1767172574.3032382,-8,-8,-144
1767172574.313238,-6,-6,-138
1767172574.323238,-6,-2,-134
1767172574.333238,-1,-5,-135
1767172574.343238,0,-7,-141
1767172574.353238,4,0,-144
1767172574.363238,5,-1,-142
1767172574.373238,6,0,-139
1767172574.383238,0,-2,-136
1767172574.393238,0,-3,-140
1767172574.403238,0,-2,-140
1767172574.413238,2,-1,-140
1767172574.423238,1,-1,-134
1767172574.4332385,0,0,-137
1767172574.4432385,5,0,-139
1767172574.4532382,2,3,-142
1767172574.4632382,1,6,-142
1767172574.4732382,7,3,-140
1767172574.4832382,7,2,-142
1767172574.4932382,3,0,-143
1767172574.5032382,0,3,-148
1767172574.5132382,2,6,-140
1767172574.5232382,4,2,-142
1767172574.5332382,2,3,-146
1767172574.5432382,-4,0,-141
1767172574.5532382,-8,0,-139
1767172574.563238,-7,1,-133
1767172574.573238,-2,0,-133
1767172574.583238,-2,1,-136
1767172574.593238,0,0,-140
1767172574.603238,0,0,-134
1767172574.613238,3,-1,-138
1767172574.623238,7,0,-132
1767172574.633238,9,1,-132
1767172574.643238,8,1,-131
1767172574.653238,7,0,-136
1767172574.663238,6,-3,-128
1767172574.673238,9,-3,-125
1767172574.6832385,8,-4,-124
1767172574.6932385,11,-4,-131
1767172574.7032382,7,-10,-133
1767172574.7132382,10,-2,-133
1767172574.7232382,10,-3,-132
1767172574.7332382,10,-2,-126
1767172574.7432382,10,2,-122
1767172574.7532382,8,0,-125
1767172574.7632382,3,-5,-122
1767172574.7732382,7,-2,-125
1767172574.7832382,3,-1,-124
1767172574.7932382,3,2,-124
1767172574.8032382,0,0,-129
1767172574.813238,-1,-4,-127
1767172574.823238,-2,-5,-127
1767172574.833238,-4,-6,-132
1767172574.843238,-4,-3,-139
1767172574.853238,-1,-3,-141
1767172574.863238,-5,-3,-143
1767172574.873238,-1,0,-141
1767172574.883238,-3,-1,-131
1767172574.893238,0,-2,-134
1767172574.903238,0,-3,-131
1767172574.913238,-5,0,-133
1767172574.923238,-5,3,-133
1767172574.9332385,-4,0,-137
1767172574.9432385,-5,-2,-135
1767172574.9532382,-6,-3,-141
1767172574.9632382,-7,-3,-145
1767172574.9732382,-10,-4,-146
1767172574.9832382,-5,-3,-141
1767172574.9932382,-7,3,-140
1767172575.0032382,-6,0,-138
1767172575.0132382,-6,3,-138
1767172575.0232382,-6,0,-136
1767172575.0332382,-8,0,-129
1767172575.0432382,-7,-3,-129
1767172575.0532382,-4,-4,-131
1767172575.063238,-5,-3,-136
1767172575.073238,-3,-7,-140
1767172575.083238,-3,-10,-136
1767172575.093238,-2,-5,-129
1767172575.103238,-2,-8,-128
1767172575.113238,-5,-4,-127
1767172575.123238,-3,0,-127
1767172575.133238,-2,0,-127
1767172575.143238,0,-1,-130
1767172575.153238,1,-2,-135
1767172575.163238,0,-1,-138
1767172575.173238,0,-4,-140
1767172575.1832385,-3,-6,-144
1767172575.1932385,-7,-3,-144
1767172575.2032382,-12,0,-137
1767172575.2132382,-9,-3,-136
1767172575.2232382,-8,-5,-136
1767172575.2332382,-7,-4,-140
1767172575.2432382,-6,-3,-143
1767172575.2532382,-4,-1,-143
1767172575.2632382,-2,-3,-145
1767172575.2732382,-2,-1,-146
1767172575.2832382,-1,-4,-143
1767172575.2932382,1,-1,-138
1767172575.3032382,-1,-3,-138
1767172575.313238,-1,0,-140
1767172575.323238,-2,5,-148
1767172575.333238,1,6,-149
1767172575.343238,5,7,-148
1767172575.353238,3,2,-150
1767172575.363238,0,-2,-150
1767172575.373238,0,-1,-141
1767172575.383238,2,-2,-137
1767172575.393238,-1,-3,-138
1767172575.403238,0,-5,-133
1767172575.413238,0,-7,-131
1767172575.423238,-1,-7,-132
1767172575.4332385,-1,-8,-134
1767172575.4432385,4,-3,-135
1767172575.4532382,4,-6,-132
1767172575.4632382,3,-4,-136
1767172575.4732382,1,0,-138
1767172575.4832382,3,-3,-133
1767172575.4932382,1,-7,-137
1767172575.5032382,-1,-7,-129
1767172575.5132382,4,-5,-129
1767172575.5232382,1,-7,-128
1767172575.5332382,0,-10,-135
1767172575.5432382,2,-13,-135
1767172575.5532382,4,-9,-137
1767172575.563238,3,-8,-134
1767172575.573238,-2,-10,-129
1767172575.583238,-5,-7,-133
1767172575.593238,-6,-7,-137
1767172575.603238,-2,-8,-135
1767172575.613238,2,-7,-133
1767172575.623238,9,-2,-138
1767172575.633238,11,-2,-138
1767172575.643238,5,-5,-138
1767172575.653238,3,-7,-137
1767172575.663238,0,-8,-129
1767172575.673238,1,-7,-129
1767172575.6832385,1,-5,-131
1767172575.6932385,1,-4,-135
1767172575.7032382,1,-6,-144
1767172575.7132382,1,-4,-145
1767172575.7232382,1,-2,-148
1767172575.7332382,3,0,-150
1767172575.7432382,4,-2,-148
1767172575.7532382,3,-4,-146
1767172575.7632382,0,-3,-139
1767172575.7732382,-1,-1,-134
1767172575.7832382,0,-2,-135
1767172575.7932382,0,-6,-136
1767172575.8032382,-6,-7,-137
1767172575.813238,-5,-11,-139
1767172575.823238,-2,-10,-135
1767172575.833238,-2,-10,-124
1767172575.843238,-1,-6,-130
1767172575.853238,-5,-11,-132
1767172575.863238,-2,-15,-138
1767172575.873238,-2,-10,-139
1767172575.883238,-3,-7,-135
1767172575.893238,-8,-3,-134
1767172575.903238,-2,-4,-131
1767172575.913238,0,-1,-135
1767172575.923238,-3,-4,-134
1767172575.9332385,-7,-1,-132
1767172575.9432385,-6,0,-133
1767172575.9532382,1,0,-134
1767172575.9642382,5,0,-131
1767172575.9732382,1,-2,-133
1767172575.984238,3,-5,-138
1767172575.994238,2,-9,-138
1767172576.004238,-2,-8,-137
1767172576.014238,-7,-2,-128
1767172576.0232382,-4,-1,-130
1767172576.034238,-4,1,-136
1767172576.044238,-8,4,-133
1767172576.054238,-6,3,-129
1767172576.064238,-7,-2,-130
1767172576.073238,-9,-5,-127
1767172576.084238,-6,-3,-130
1767172576.094238,-1,0,-139
1767172576.1042385,-1,1,-143
1767172576.1142385,-4,2,-143
1767172576.123238,-6,1,-137
1767172576.1342382,-4,0,-133
1767172576.1442382,0,-3,-131
1767172576.1542382,2,-5,-134
1767172576.1642382,3,-4,-136
1767172576.1742382,4,-1,-144
1767172576.1842382,6,-1,-144
1767172576.1942382,4,4,-149
1767172576.2042382,1,4,-145
1767172576.2142382,0,5,-139
1767172576.2232382,-4,5,-133
1767172576.234238,-3,5,-136
1767172576.244238,-3,1,-135
1767172576.254238,-3,4,-141
1767172576.264238,0,3,-143
1767172576.274238,4,0,-135
1767172576.284238,2,3,-134
1767172576.294238,1,6,-135
1767172576.304238,2,5,-138
1767172576.314238,-2,7,-140
1767172576.324238,0,2,-134
1767172576.334238,0,5,-135
1767172576.344238,0,1,-133
1767172576.3542385,-2,0,-134
1767172576.3642385,-3,0,-134
1767172576.3742385,-1,0,-134
1767172576.3842382,0,-1,-131
1767172576.3942382,0,-2,-135
1767172576.4042382,0,-1,-135
1767172576.4142382,0,-2,-134
1767172576.4242382,-2,0,-121
1767172576.4342382,1,-2,-121
1767172576.4442382,6,1,-124
1767172576.4542382,0,1,-132
1767172576.4642382,-2,0,-140
1767172576.4742382,-4,-3,-138
1767172576.484238,-2,-3,-139
1767172576.494238,-2,-2,-139
1767172576.504238,-2,-1,-134
1767172576.514238,-2,3,-132
1767172576.524238,0,2,-133
1767172576.534238,3,4,-135
1767172576.544238,1,1,-137
1767172576.554238,-1,3,-136
1767172576.564238,0,0,-127
1767172576.574238,3,2,-132
1767172576.584238,3,3,-130
1767172576.594238,1,1,-135
1767172576.6042385,0,4,-131
1767172576.6142385,0,1,-126
1767172576.6242385,1,-1,-124
1767172576.6342382,0,-2,-131
1767172576.6442382,2,0,-138
1767172576.6542382,5,1,-139
1767172576.6642382,2,0,-141
1767172576.6742382,3,-2,-141
1767172576.6842382,0,-6,-139
1767172576.6942382,2,-4,-140
1767172576.7042382,3,-1,-136
1767172576.7142382,5,-3,-132
1767172576.7242382,3,-3,-138
1767172576.734238,-1,-4,-138
1767172576.744238,-5,-1,-131
1767172576.754238,-7,-1,-127
1767172576.764238,-6,-1,-132
1767172576.774238,-2,-2,-140
1767172576.784238,-3,-2,-138
1767172576.794238,-5,-10,-141
1767172576.804238,-5,-12,-138
1767172576.814238,-1,-14,-131
1767172576.824238,2,-11,-128
1767172576.834238,0,-6,-130
1767172576.844238,-3,-4,-133
1767172576.8542385,-2,-3,-128
1767172576.8642385,1,-3,-126
1767172576.8742385,2,-2,-128
1767172576.8842382,4,-2,-129
1767172576.8942382,4,-2,-135
1767172576.9042382,7,0,-135
1767172576.9142382,5,0,-135
1767172576.9242382,5,-2,-135
1767172576.9342382,3,-4,-136
1767172576.9442382,2,-5,-135
1767172576.9542382,0,-8,-137
1767172576.9642382,-8,-4,-134
1767172576.9742382,-6,-1,-132
1767172576.984238,-5,3,-134
1767172576.994238,-7,2,-142
1767172577.004238,-5,-1,-144
1767172577.014238,-4,0,-144
1767172577.024238,-1,3,-145
1767172577.034238,-2,2,-140
1767172577.044238,-3,1,-147
1767172577.054238,-3,-2,-145
1767172577.064238,0,-2,-147
1767172577.074238,3,-4,-147
1767172577.084238,4,-3,-147
1767172577.094238,3,-2,-148
1767172577.1042385,3,0,-152
1767172577.1142385,1,1,-152
1767172577.1242385,1,-1,-147
1767172577.1342382,1,1,-142
1767172577.1442382,3,1,-134
1767172577.1542382,0,1,-136
1767172577.1642382,1,1,-138
1767172577.1742382,-1,0,-132
1767172577.1842382,-1,1,-132
1767172577.1942382,-2,-2,-133
1767172577.2042382,0,-7,-135
1767172577.2142382,1,-9,-140
1767172577.2242382,4,-3,-140
1767172577.234238,2,-3,-141
1767172577.244238,3,-2,-141
1767172577.254238,1,-3,-143
1767172577.264238,0,-4,-140
1767172577.274238,-4,-2,-141
1767172577.284238,0,-2,-145
1767172577.294238,3,-5,-143
1767172577.304238,0,-4,-142
1767172577.314238,-2,-6,-136
1767172577.324238,-4,-8,-144
1767172577.334238,-3,-10,-143
1767172577.344238,-1,-8,-132
1767172577.3542385,2,-8,-138
1767172577.3642385,4,-5,-133
1767172577.3742385,5,-2,-129
1767172577.3842382,2,0,-129
1767172577.3942382,0,0,-135
1767172577.4042382,3,5,-135
1767172577.4142382,0,2,-140
1767172577.4242382,0,-3,-137
1767172577.4342382,1,-7,-136
1767172577.4442382,4,-6,-143
1767172577.4542382,1,-3,-141
1767172577.4642382,0,-2,-135
1767172577.4742382,1,-5,-128
1767172577.484238,-2,-7,-128
1767172577.494238,-2,-8,-128
1767172577.504238,-2,-11,-135
1767172577.514238,-1,-11,-138
1767172577.524238,1,-10,-132
1767172577.534238,0,-4,-130
1767172577.544238,-3,-4,-132
1767172577.554238,-7,-7,-134
1767172577.564238,-6,-8,-135
1767172577.574238,-3,-3,-139
1767172577.584238,0,-1,-138
1767172577.594238,-7,0,-144
1767172577.6042385,-10,-4,-143
1767172577.6142385,-13,-5,-143
1767172577.6242385,-7,-3,-148
1767172577.6342382,-7,-2,-141
1767172577.6442382,-5,-4,-136
1767172577.6542382,0,-3,-131
1767172577.6642382,0,0,-135
1767172577.6742382,2,-1,-133
1767172577.6842382,-1,0,-133
1767172577.6942382,-3,1,-134
1767172577.7042382,-4,2,-129
1767172577.7142382,-2,-1,-130
1767172577.7242382,1,-2,-127
1767172577.734238,1,-4,-129
1767172577.744238,3,-4,-128
1767172577.754238,7,-4,-133
1767172577.764238,5,0,-140
1767172577.774238,5,0,-142
1767172577.784238,7,-3,-142
1767172577.794238,5,-3,-145
1767172577.804238,4,-1,-146
1767172577.814238,5,-1,-141
1767172577.824238,4,-4,-137
1767172577.834238,4,0,-136
1767172577.844238,4,-2,-136
1767172577.8542385,5,-2,-138
1767172577.8642385,6,-4,-141
1767172577.8742385,3,-3,-134
1767172577.8842382,1,-3,-129
1767172577.8942382,3,-1,-136
1767172577.9042382,5,-2,-134
1767172577.9142382,3,-2,-130
1767172577.9242382,2,1,-131
1767172577.9342382,1,-2,-128
1767172577.9442382,1,-2,-133
1767172577.9542382,1,-4,-137
1767172577.9642382,3,-4,-134
1767172577.9742382,1,-3,-138
1767172577.984238,1,-4,-135
1767172577.994238,1,-4,-128
1767172578.004238,3,-8,-129
1767172578.014238,0,-3,-121
1767172578.024238,0,-4,-121
1767172578.034238,0,-3,-130
1767172578.044238,-3,0,-131
1767172578.054238,1,2,-136
1767172578.064238,-3,3,-136
1767172578.074238,-5,3,-137
1767172578.084238,-3,1,-140
1767172578.094238,3,0,-135
1767172578.1042385,2,0,-139
1767172578.1142385,-1,0,-142
1767172578.1242385,-7,2,-139
1767172578.1342382,-7,5,-136
1767172578.1442382,-2,0,-135
1767172578.1542382,-2,0,-135
1767172578.1642382,-3,-1,-138
1767172578.1742382,-2,-1,-138
1767172578.1842382,-2,3,-140
1767172578.1942382,-2,2,-144
1767172578.2042382,-4,2,-150
1767172578.2142382,-6,0,-151
1767172578.2242382,-5,-3,-147
1767172578.234238,-6,0,-143
1767172578.244238,-6,1,-143
1767172578.254238,-4,4,-148
1767172578.264238,-3,-1,-148
1767172578.274238,-5,0,-145
1767172578.284238,-5,2,-145
1767172578.294238,-4,-1,-134
1767172578.304238,-1,2,-139
1767172578.314238,-1,3,-140
1767172578.324238,-1,2,-138
1767172578.334238,-1,-1,-130
1767172578.344238,-1,1,-125
1767172578.3542385,1,1,-130
1767172578.3642385,0,2,-129
1767172578.3742385,0,3,-128
1767172578.3842382,0,4,-124
1767172578.3942382,0,4,-132
1767172578.4042382,0,2,-141
1767172578.4142382,-3,0,-142
1767172578.4242382,0,-2,-143
1767172578.4342382,-3,-3,-135
1767172578.4442382,-4,-3,-134
1767172578.4542382,-2,-1,-139
1767172578.465238,-1,-3,-137
1767172578.4742382,1,1,-140
1767172578.484238,0,-4,-140
1767172578.495238,-3,-3,-136
1767172578.504238,-6,-5,-147
1767172578.514238,-2,-4,-148
1767172578.524238,-1,-6,-143
1767172578.5352385,-3,-9,-138
1767172578.5452385,-3,-5,-135
1767172578.5552382,1,-7,-128
1767172578.5652382,2,-5,-132
1767172578.574238,3,-8,-137
1767172578.5852382,5,-8,-145
1767172578.5952382,2,-12,-150
1767172578.6052382,-1,-12,-152
1767172578.6152382,-2,-6,-145
1767172578.6242385,-1,-11,-144
1767172578.6352382,0,-14,-143
1767172578.6452382,4,-10,-144
1767172578.6552382,1,-3,-144
1767172578.665238,3,-5,-140
1767172578.675238,2,-5,-139
1767172578.685238,2,-5,-134
1767172578.695238,0,-7,-135
1767172578.705238,0,-6,-128
1767172578.715238,2,-6,-136
1767172578.725238,3,-4,-141
1767172578.735238,1,-5,-137
1767172578.745238,0,-3,-133
1767172578.767238,0,1,-137
1767172578.775238,0,2,-138
1767172578.7852385,2,2,-139
1767172578.7952385,2,0,-143
1767172578.8052382,5,1,-137
1767172578.8152382,4,2,-134
1767172578.8252382,4,3,-137
1767172578.8352382,5,1,-139
1767172578.8452382,4,4,-141
1767172578.8552382,3,5,-140
1767172578.8652382,1,3,-146
1767172578.8752382,-2,2,-147
1767172578.8852382,-3,2,-147
1767172578.8952382,0,3,-149
1767172578.9052382,-1,1,-145
1767172578.915238,0,-3,-141
1767172578.925238,-1,-2,-133
1767172578.935238,-3,-1,-134
1767172578.945238,-1,0,-134
1767172578.955238,-5,1,-134
1767172578.965238,-4,4,-134
1767172578.975238,-6,1,-127
1767172578.985238,-2,0,-131
1767172578.995238,0,-2,-130
1767172579.005238,0,-5,-128
1767172579.015238,-5,-3,-129
1767172579.025238,0,-5,-133
1767172579.0352385,0,-7,-136
1767172579.0452385,2,-6,-140
1767172579.0552382,1,-4,-148
1767172579.0652382,1,-1,-155
1767172579.0752382,2,-2,-149
1767172579.0852382,1,-6,-145
1767172579.0952382,1,-6,-147
1767172579.1052382,0,-3,-140
1767172579.1152382,0,-3,-143
1767172579.1252382,-3,-3,-142
1767172579.1352382,0,0,-142
1767172579.1452382,0,0,-138
1767172579.1552382,1,0,-135
1767172579.165238,0,-1,-126
1767172579.175238,-4,-1,-127
1767172579.185238,-3,-1,-125
1767172579.195238,1,-2,-129
1767172579.205238,3,-4,-131
1767172579.215238,0,-4,-137
1767172579.225238,0,0,-137
1767172579.235238,1,1,-139
1767172579.245238,0,0,-141
1767172579.255238,0,1,-142
1767172579.265238,-1,2,-137
1767172579.275238,-2,-2,-133
1767172579.2852385,-1,-1,-128
1767172579.2952385,-3,-2,-124
1767172579.3052382,-8,0,-118
1767172579.3152382,-9,0,-124
1767172579.3252382,-8,1,-128
1767172579.3352382,-4,6,-131
1767172579.3452382,1,7,-124
1767172579.3552382,2,4,-127
1767172579.3652382,1,5,-123
1767172579.3752382,-2,0,-123
1767172579.3852382,0,1,-126
1767172579.3952382,0,-1,-125
1767172579.4052382,-1,0,-122
1767172579.415238,0,0,-122
1767172579.425238,0,-1,-131
1767172579.435238,0,1,-137
1767172579.445238,2,0,-144
1767172579.455238,2,-1,-141
1767172579.465238,-1,0,-139
1767172579.475238,1,3,-133
1767172579.485238,2,0,-138
1767172579.495238,4,-3,-137
1767172579.505238,3,-2,-130
1767172579.515238,4,-2,-137
1767172579.525238,6,-4,-142
1767172579.5352385,3,-3,-145
1767172579.5452385,1,-8,-139
1767172579.5552382,-1,-7,-143
1767172579.5652382,-2,-7,-142
1767172579.5752382,-4,-2,-137
1767172579.5852382,1,0,-132
1767172579.5952382,3,-2,-135
1767172579.6052382,3,-6,-144
1767172579.6152382,2,-6,-147
1767172579.6252382,1,-4,-143
1767172579.6352382,0,0,-146
1767172579.6452382,0,0,-147
1767172579.6552382,3,0,-150
1767172579.665238,-1,-1,-140
1767172579.675238,-2,-5,-139
1767172579.685238,-1,-2,-145
1767172579.695238,0,-5,-142
1767172579.705238,0,-7,-141
1767172579.715238,0,-7,-139
1767172579.725238,-5,-10,-134
1767172579.735238,-6,-8,-136
1767172579.745238,-7,-7,-145
1767172579.755238,1,-6,-141
1767172579.765238,4,-7,-138
1767172579.775238,6,-7,-141
1767172579.7852385,7,-6,-136
1767172579.7952385,10,-6,-132
1767172579.8052382,8,-5,-137
1767172579.8152382,2,-3,-136
1767172579.8252382,-2,-5,-131
1767172579.8352382,0,-4,-130
1767172579.8452382,1,2,-129
1767172579.8552382,1,1,-131
1767172579.8652382,2,3,-128
1767172579.8752382,1,1,-130
1767172579.8852382,3,4,-130
1767172579.8952382,2,3,-133
1767172579.9052382,2,0,-126
1767172579.915238,1,-3,-124
1767172579.925238,0,-1,-123
1767172579.935238,1,-2,-132
1767172579.945238,-2,-3,-128
1767172579.955238,-4,0,-124
1767172579.965238,-3,-1,-127
1767172579.975238,1,-4,-139
1767172579.985238,2,-7,-135
1767172579.995238,4,-2,-133
1767172580.005238,3,-3,-130
1767172580.015238,6,-7,-134
1767172580.025238,4,-5,-132
1767172580.0352385,6,-1,-129
1767172580.0452385,7,4,-131
1767172580.0552382,3,5,-133
1767172580.0652382,2,5,-127
1767172580.0752382,0,0,-134
1767172580.0852382,-6,0,-131
1767172580.0952382,-2,0,-134
1767172580.1052382,-3,2,-137
1767172580.1152382,-1,1,-142
1767172580.1252382,-1,0,-142
1767172580.1352382,-3,-2,-136
1767172580.1452382,0,0,-131
1767172580.1552382,1,0,-126
1767172580.165238,0,1,-125
1767172580.175238,0,-1,-129
1767172580.185238,-1,-3,-133
1767172580.195238,-2,-2,-134
1767172580.205238,-2,-3,-135
1767172580.215238,1,-2,-136
1767172580.225238,2,-6,-139
1767172580.235238,5,-1,-145
1767172580.245238,4,-5,-147
1767172580.255238,1,-3,-150
1767172580.265238,-2,-3,-149
1767172580.275238,-4,-4,-148
1767172580.2852385,-7,-4,-154
1767172580.2952385,-9,-5,-145
1767172580.3052382,-4,-7,-145
1767172580.3152382,-2,-8,-142
1767172580.3252382,-4,-9,-140
1767172580.3352382,-5,-7,-138
1767172580.3452382,-6,-1,-138
1767172580.3552382,0,-3,-138
1767172580.3652382,1,-2,-133
1767172580.3752382,4,-2,-134
1767172580.3852382,2,-3,-129
1767172580.3952382,3,-1,-136
1767172580.4052382,4,-6,-136
1767172580.415238,4,-5,-138
1767172580.425238,1,0,-136
1767172580.435238,0,0,-138
1767172580.445238,-1,-1,-143
1767172580.455238,2,-3,-135
1767172580.465238,0,0,-138
1767172580.475238,-2,0,-132
1767172580.485238,-2,-2,-129
1767172580.495238,1,-7,-131
1767172580.505238,-4,-5,-131
1767172580.515238,-7,-4,-127
1767172580.525238,-6,2,-125
1767172580.5352385,-3,5,-126
1767172580.5452385,-4,2,-131
1767172580.5552382,-3,0,-129
1767172580.5652382,0,0,-127
1767172580.5752382,-3,-1,-129
1767172580.5852382,-2,-3,-129
1767172580.5952382,-3,-4,-131
1767172580.6052382,-3,1,-131
1767172580.6152382,-1,-1,-131
1767172580.6252382,2,0,-131
1767172580.6352382,0,-3,-135
1767172580.6452382,0,-2,-132
1767172580.6552382,6,0,-139
1767172580.665238,1,-1,-146
1767172580.675238,0,-1,-143
1767172580.685238,0,-4,-136
1767172580.695238,-3,-7,-132
1767172580.705238,0,-9,-130
1767172580.715238,2,-2,-126
1767172580.725238,1,1,-125
1767172580.735238,4,-3,-117
1767172580.745238,3,-1,-121
1767172580.755238,1,0,-124
1767172580.765238,-1,3,-130
1767172580.775238,-2,2,-127
1767172580.7852385,-6,1,-127
1767172580.7952385,-4,3,-130
1767172580.8052382,-2,3,-123
1767172580.8152382,-1,0,-123
1767172580.8252382,2,4,-126
1767172580.8352382,0,4,-131
1767172580.8452382,-2,5,-136
1767172580.8552382,-3,3,-143
1767172580.8652382,0,0,-143
1767172580.8752382,1,-3,-134
1767172580.8852382,-2,-3,-129
1767172580.8952382,-5,-6,-131
1767172580.9052382,-8,-6,-130
1767172580.915238,-8,-4,-133
1767172580.925238,-6,-5,-130
1767172580.935238,-5,-7,-129
1767172580.945238,-4,-5,-136
1767172580.955238,-4,-2,-135
1767172580.965238,0,-2,-136
1767172580.975238,2,-1,-137
1767172580.985238,1,-3,-138
1767172580.995238,1,-1,-137
1767172581.005238,0,0,-140
1767172581.015238,5,3,-137
1767172581.025238,5,0,-139
1767172581.0352385,2,0,-138
1767172581.0452385,4,0,-132
1767172581.0552382,5,-1,-131
1767172581.0652382,2,-2,-133
1767172581.0752382,6,-2,-135
1767172581.0852382,3,1,-132
1767172581.0952382,2,-2,-130
1767172581.1052382,2,-5,-130
1767172581.116238,0,-5,-128
1767172581.126238,-4,-5,-133
1767172581.136238,-2,-6,-134
1767172581.146238,1,-3,-133
1767172581.156238,4,1,-132
1767172581.166238,3,1,-130
1767172581.176238,3,0,-131
1767172581.186238,4,3,-136
1767172581.196238,1,3,-138
1767172581.2062385,0,2,-134
1767172581.2162385,-1,4,-135
1767172581.2262385,-7,3,-137
1767172581.2362382,-4,4,-134
1767172581.2462382,0,-1,-133
1767172581.2562382,-2,2,-131
1767172581.2662382,-2,3,-134
1767172581.2762382,0,0,-142
1767172581.2862382,0,-5,-140
1767172581.2962382,-2,-5,-128
1767172581.3062382,-2,-8,-139
1767172581.3162382,1,-7,-149
1767172581.3262382,0,-5,-144
1767172581.336238,1,-3,-146
1767172581.346238,-1,0,-139
1767172581.356238,1,-2,-132
1767172581.366238,1,-3,-137
1767172581.376238,2,-3,-135
1767172581.386238,1,-4,-134
1767172581.396238,4,-4,-136
1767172581.406238,4,-4,-139
1767172581.416238,2,-5,-143
1767172581.426238,1,-9,-150
1767172581.436238,-3,-5,-151
1767172581.446238,0,-4,-151
1767172581.4562385,1,-5,-150
1767172581.4662385,0,-3,-147
1767172581.4762385,-3,-1,-144
1767172581.4862382,-4,-6,-141
1767172581.4962382,-2,-6,-137
1767172581.5062382,-1,-2,-135
1767172581.5162382,-6,-5,-138
1767172581.5262382,-8,-5,-145
1767172581.5362382,-11,-4,-140
1767172581.5462382,-10,-9,-138
1767172581.5562382,-10,-9,-143
1767172581.5662382,-13,-12,-147
1767172581.5762382,-15,-12,-149
1767172581.586238,-13,-9,-150
1767172581.596238,-8,-4,-143
1767172581.606238,-5,-8,-141
1767172581.616238,-5,-5,-143
1767172581.626238,-2,-2,-141
1767172581.636238,-1,-1,-145
1767172581.646238,-1,-5,-141
1767172581.656238,-3,-6,-144
1767172581.666238,-1,-6,-140
1767172581.676238,3,-8,-132
1767172581.686238,8,-7,-138
1767172581.696238,9,-8,-141
1767172581.7062385,12,-7,-137
1767172581.7162385,12,-10,-139
1767172581.7262385,10,-10,-138
1767172581.7362382,6,-6,-142
1767172581.7462382,5,-5,-136
1767172581.7562382,2,-2,-136
1767172581.7662382,4,-5,-142
1767172581.7762382,7,-5,-144
1767172581.7862382,2,-5,-138
1767172581.7962382,0,-9,-140
1767172581.8062382,1,-7,-144
1767172581.8162382,3,-5,-147
1767172581.8262382,0,-4,-142
1767172581.836238,-6,-9,-138
1767172581.846238,-5,-7,-140
1767172581.856238,-1,-4,-140
1767172581.866238,-7,-5,-139
1767172581.876238,-6,-5,-144
1767172581.886238,-3,-8,-144
1767172581.896238,-6,-10,-145
1767172581.906238,-11,-6,-144
1767172581.916238,-9,1,-143
1767172581.926238,-8,2,-139
1767172581.936238,-6,1,-139
1767172581.946238,-5,4,-131
1767172581.9562385,-1,3,-129
1767172581.9662385,4,1,-130
1767172581.9762385,6,0,-135
1767172581.9862382,8,2,-139
1767172581.9962382,7,0,-144
1767172582.0062382,8,3,-139
1767172582.0162382,3,2,-132
1767172582.0262382,2,1,-132
1767172582.0362382,2,1,-131
1767172582.0462382,2,0,-134
1767172582.0562382,2,1,-136
1767172582.0662382,0,0,-145
1767172582.0762382,0,0,-141
1767172582.086238,1,3,-136
1767172582.096238,2,0,-138
1767172582.106238,3,4,-137
1767172582.116238,0,0,-138
1767172582.126238,2,-3,-140
1767172582.136238,-1,-5,-133
1767172582.146238,-2,-6,-128
1767172582.156238,0,-4,-133
1767172582.166238,1,0,-136
1767172582.176238,-1,1,-131
1767172582.186238,-3,-1,-140
1767172582.196238,-2,0,-139
1767172582.2062385,-2,-4,-134
1767172582.2162385,4,-11,-138
1767172582.2262385,6,-8,-141
1767172582.2362382,3,-7,-138
1767172582.2462382,0,-3,-135
1767172582.2562382,1,-3,-135
1767172582.2662382,2,-3,-129
1767172582.2762382,3,-2,-134
1767172582.2862382,0,-2,-138
1767172582.2962382,-3,-3,-137
1767172582.3062382,-6,-6,-136
1767172582.3162382,-3,-6,-137
1767172582.3262382,0,-4,-140
1767172582.336238,-3,-4,-139
1767172582.346238,-5,-4,-144
1767172582.356238,-5,-5,-150
1767172582.366238,0,-4,-146
1767172582.376238,1,-8,-141
1767172582.386238,0,-11,-136
1767172582.396238,-1,-9,-132
1767172582.406238,0,-8,-128
1767172582.416238,-3,-4,-131
1767172582.426238,-2,-2,-132
1767172582.436238,-5,-2,-130
1767172582.446238,-4,-1,-131
1767172582.4562385,-4,-3,-139
1767172582.4662385,-1,-5,-141
1767172582.4762385,-1,-6,-140
1767172582.4862382,0,-2,-142
1767172582.4962382,4,-8,-139
1767172582.5062382,6,-9,-131
1767172582.5162382,5,-10,-127
1767172582.5262382,8,-7,-126
1767172582.5362382,8,-7,-132
1767172582.5462382,7,-7,-130
1767172582.5562382,8,-7,-127
1767172582.5662382,7,-7,-134
1767172582.5762382,10,-9,-140
1767172582.586238,6,-4,-139
1767172582.596238,2,-2,-144
1767172582.606238,4,-7,-141
1767172582.616238,3,-4,-138
1767172582.626238,5,-8,-142
1767172582.636238,1,-11,-138
1767172582.646238,-3,-10,-136
1767172582.656238,-1,-9,-138
1767172582.666238,2,-4,-137
1767172582.676238,0,1,-139
1767172582.686238,4,0,-131
1767172582.696238,4,0,-129
1767172582.7062385,2,2,-134
1767172582.7162385,0,4,-129
1767172582.7262385,1,0,-136
1767172582.7362382,-1,-3,-137
1767172582.7462382,-2,-5,-135
1767172582.7562382,0,-1,-133
1767172582.7662382,1,-1,-127
1767172582.7762382,4,0,-125
1767172582.7862382,4,-2,-133
1767172582.7962382,0,-3,-140
1767172582.8062382,3,-3,-143
1767172582.8162382,1,-2,-142
1767172582.8262382,0,-2,-142
1767172582.836238,-2,-2,-143
1767172582.846238,0,-3,-134
1767172582.856238,0,0,-133
1767172582.866238,-2,0,-133
1767172582.876238,-1,-5,-138
1767172582.886238,-3,-3,-135
1767172582.896238,-6,-2,-132
1767172582.906238,-4,1,-134
1767172582.916238,-2,-1,-137
1767172582.926238,0,0,-140
1767172582.936238,0,-2,-144
1767172582.946238,0,-4,-145
1767172582.9562385,2,-1,-147
1767172582.9662385,4,0,-146
1767172582.9762385,5,-2,-142
1767172582.9862382,7,-1,-142
1767172582.9962382,4,-2,-130
1767172583.0062382,-2,-5,-136
1767172583.0162382,-3,-7,-140
1767172583.0262382,-6,-5,-139
1767172583.0362382,-6,-6,-143
1767172583.0462382,-6,-4,-137
1767172583.0562382,1,0,-139
1767172583.0662382,1,-1,-139
1767172583.0762382,0,-3,-133
1767172583.086238,0,-2,-127
1767172583.096238,-4,-4,-129
1767172583.106238,0,-1,-132
1767172583.116238,0,-3,-134
1767172583.126238,0,1,-137
1767172583.136238,-1,3,-140
1767172583.146238,1,0,-147
1767172583.156238,4,0,-142
1767172583.166238,0,2,-134
1767172583.176238,2,1,-133
1767172583.186238,3,1,-136
1767172583.196238,3,0,-129
1767172583.2062385,2,-1,-129
1767172583.2162385,5,-1,-127
1767172583.2262385,1,-2,-126
1767172583.2362382,-1,0,-127
1767172583.2462382,-3,-2,-130
1767172583.2562382,0,2,-131
1767172583.2662382,2,-2,-133
1767172583.2762382,3,0,-130
1767172583.2862382,-1,1,-133
1767172583.2962382,-1,-1,-137
1767172583.3062382,0,-2,-135
1767172583.3162382,-1,2,-131
1767172583.3262382,0,3,-130
1767172583.336238,-4,0,-129
1767172583.346238,-2,0,-128
1767172583.356238,0,-3,-125
1767172583.366238,1,-8,-127
1767172583.376238,0,-12,-133
1767172583.386238,-1,-10,-140
1767172583.396238,-4,-8,-143
1767172583.406238,-1,-7,-139
1767172583.416238,-2,-7,-145
1767172583.426238,-1,-7,-144
1767172583.436238,0,-5,-139
1767172583.446238,0,-6,-134
1767172583.4562385,-3,-9,-132
1767172583.4662385,-2,-8,-132
1767172583.4762385,-6,-9,-130
1767172583.4862382,-4,-9,-136
1767172583.4962382,-7,-8,-144
1767172583.5062382,-10,-8,-140
1767172583.5162382,-7,-12,-138
1767172583.5262382,-4,-8,-144
1767172583.5362382,-4,-7,-149
1767172583.5462382,-2,-4,-152
1767172583.5562382,-1,-5,-156
1767172583.5662382,4,-6,-154
1767172583.5762382,3,-7,-147
1767172583.586238,2,-8,-145
1767172583.596238,-1,-5,-140
1767172583.606238,0,0,-140
1767172583.616238,0,0,-144
1767172583.627238,1,-2,-140
1767172583.636238,0,0,-137
1767172583.646238,-2,-1,-136
1767172583.6572382,-5,6,-138
1767172583.666238,-4,9,-138
1767172583.676238,-3,11,-140
1767172583.686238,0,12,-143
1767172583.696238,-2,8,-142
1767172583.7072382,0,6,-144
1767172583.7172382,-3,6,-138
1767172583.7272382,-1,8,-138
1767172583.7372382,2,6,-142
1767172583.7472382,5,3,-143
1767172583.757238,1,0,-136
1767172583.778238,0,-1,-133
1767172583.787238,0,0,-135
1767172583.797238,-1,-2,-139
1767172583.807238,3,-6,-142
1767172583.817238,4,-7,-139
1767172583.827238,3,-9,-139
1767172583.837238,2,-5,-144
1767172583.847238,0,-5,-147
1767172583.857238,-3,-6,-147
1767172583.867238,0,-3,-147
1767172583.877238,1,0,-141
1767172583.8872385,4,7,-137
1767172583.8972385,2,4,-138
1767172583.9072382,0,2,-134
1767172583.9172382,-2,1,-131
1767172583.9272382,0,3,-133
1767172583.9372382,-3,2,-128
1767172583.9472382,-1,1,-135
1767172583.9572382,0,0,-132
1767172583.9672382,-4,-1,-124
1767172583.9772382,-5,-8,-128
1767172583.9872382,-4,-4,-127
1767172583.9972382,0,-5,-125
1767172584.007238,1,-2,-124
1767172584.017238,1,3,-128
1767172584.027238,3,2,-133
1767172584.037238,3,2,-132
1767172584.047238,3,2,-128
1767172584.057238,3,2,-122
1767172584.067238,1,2,-117
1767172584.077238,-3,1,-119
1767172584.087238,-2,3,-122
1767172584.097238,0,0,-118
1767172584.107238,3,-1,-120
1767172584.117238,3,0,-117
1767172584.127238,2,2,-124
1767172584.1372385,1,4,-129
1767172584.1472385,-4,9,-135
1767172584.1572382,-5,10,-132
1767172584.1672382,0,6,-137
1767172584.1772382,-1,6,-139
1767172584.1872382,-6,5,-137
1767172584.1972382,-5,1,-139
1767172584.2072382,0,4,-142
1767172584.2172382,0,0,-136
1767172584.2272382,4,-3,-130
1767172584.2372382,0,-2,-127
1767172584.2472382,2,0,-127
1767172584.257238,7,-3,-126
1767172584.267238,0,-7,-127
1767172584.277238,2,-8,-128
1767172584.287238,5,-3,-127
1767172584.297238,4,0,-130
1767172584.307238,2,0,-127
1767172584.317238,0,-4,-124
1767172584.327238,-1,0,-127
1767172584.337238,0,-4,-127
1767172584.347238,-1,0,-123
1767172584.357238,-4,0,-132
1767172584.367238,-5,-1,-134
1767172584.377238,-2,-2,-141
1767172584.3872385,0,-4,-139
1767172584.3972385,2,0,-138
1767172584.4072382,4,1,-136
1767172584.4172382,2,1,-135
1767172584.4272382,-3,0,-137
1767172584.4372382,-1,0,-128
1767172584.4472382,-2,0,-131
1767172584.4572382,-3,1,-132
1767172584.4672382,-6,0,-135
1767172584.4772382,-4,2,-138
1767172584.4872382,-4,2,-134
1767172584.4972382,-2,0,-136
1767172584.507238,0,-6,-146
1767172584.517238,0,-7,-142
1767172584.527238,-2,-4,-143
1767172584.537238,1,-3,-141
1767172584.547238,4,-5,-132
1767172584.557238,1,-4,-132
1767172584.567238,1,-3,-135
1767172584.577238,0,0,-132
1767172584.587238,0,1,-134
1767172584.597238,-5,5,-139
1767172584.607238,-7,4,-138
1767172584.617238,-3,8,-136
1767172584.627238,1,11,-131
1767172584.6372385,2,10,-131
1767172584.6472385,3,8,-133
1767172584.6572382,5,1,-132
1767172584.6672382,4,-1,-135
1767172584.6772382,6,2,-135
1767172584.6872382,4,4,-135
1767172584.6972382,4,4,-126
1767172584.7072382,5,5,-133
1767172584.7172382,4,6,-135
1767172584.7272382,1,6,-137
1767172584.7372382,2,5,-134
1767172584.7472382,1,1,-136
1767172584.757238,1,-2,-133
1767172584.767238,4,0,-138
1767172584.777238,5,0,-140
1767172584.787238,9,2,-140
1767172584.797238,2,1,-145
1767172584.807238,3,2,-147
1767172584.817238,2,3,-143
1767172584.827238,4,-3,-139
1767172584.837238,3,-3,-133
1767172584.847238,0,1,-136
1767172584.857238,0,2,-134
1767172584.867238,1,-1,-139
1767172584.877238,3,-3,-145
1767172584.8872385,0,0,-150
1767172584.8972385,0,3,-149
1767172584.9072382,-2,1,-151
1767172584.9172382,1,1,-153
1767172584.9272382,0,0,-146
1767172584.9372382,1,-7,-146
1767172584.9472382,0,-8,-147
1767172584.9572382,2,-10,-148
1767172584.9672382,2,-8,-142
1767172584.9772382,2,-10,-140
1767172584.9872382,0,-11,-143
1767172584.9972382,2,-8,-148
1767172585.007238,3,-10,-144
1767172585.017238,1,-4,-140
1767172585.027238,-3,-2,-143
1767172585.037238,-4,-2,-142
1767172585.047238,-1,0,-147
1767172585.057238,-2,-2,-142
1767172585.067238,-4,-2,-137
1767172585.077238,-5,-2,-138
1767172585.087238,0,0,-136
1767172585.097238,3,-1,-134
1767172585.107238,3,-2,-129
1767172585.117238,3,0,-133
1767172585.127238,5,0,-137
1767172585.1372385,6,0,-136
1767172585.1472385,1,0,-130
1767172585.1572382,-2,-2,-125
1767172585.1672382,-1,2,-123
1767172585.1772382,-3,1,-118
1767172585.1872382,-3,-2,-127
1767172585.1972382,-5,-4,-127
1767172585.2072382,-3,-3,-132
1767172585.2172382,-5,-2,-138
1767172585.2272382,-6,-2,-133
1767172585.2372382,-7,0,-128
1767172585.2472382,-7,-2,-128
1767172585.257238,-5,-7,-131
1767172585.267238,-4,-9,-129
1767172585.277238,-2,-7,-127
1767172585.287238,-4,-3,-130
1767172585.297238,-2,-4,-130
1767172585.307238,-5,-2,-132
1767172585.317238,-2,0,-124
1767172585.327238,-1,0,-130
1767172585.337238,-3,3,-134
1767172585.347238,-6,3,-138
1767172585.357238,-5,6,-135
1767172585.367238,-4,3,-136
1767172585.377238,-1,0,-138
1767172585.3872385,0,0,-134
1767172585.3972385,-1,-4,-140
1767172585.4072382,-1,-3,-149
1767172585.4172382,-2,-4,-148
1767172585.4272382,-5,-3,-150
1767172585.4372382,-8,-7,-151
1767172585.4472382,-3,-3,-149
1767172585.4572382,-9,-3,-158
1767172585.4672382,-8,-1,-151
1767172585.4772382,-4,-4,-143
1767172585.4872382,-3,-2,-141
1767172585.4972382,-6,-3,-141
1767172585.507238,-3,0,-138
1767172585.517238,-2,3,-141
1767172585.527238,2,2,-143
1767172585.537238,4,2,-143
1767172585.547238,0,4,-144
1767172585.557238,-2,0,-143
1767172585.567238,-4,0,-144
1767172585.577238,-5,0,-142
1767172585.587238,-8,-1,-141
1767172585.597238,-12,-2,-140
1767172585.607238,-5,-7,-138
1767172585.617238,-4,-5,-135
1767172585.627238,0,-6,-131
1767172585.6372385,4,-4,-126
1767172585.6472385,4,-2,-125
1767172585.6572382,3,-2,-126
1767172585.6672382,3,-2,-127
1767172585.6772382,7,-2,-131
1767172585.6872382,4,-1,-133
1767172585.6972382,5,0,-134
1767172585.7072382,1,0,-131
1767172585.7172382,2,0,-131
1767172585.7272382,3,0,-134
1767172585.7372382,0,-4,-129
1767172585.7472382,-3,-1,-125
1767172585.757238,-3,-2,-126
1767172585.767238,-6,0,-127
1767172585.777238,-3,3,-128
1767172585.787238,-5,3,-127
1767172585.797238,-3,1,-131
1767172585.807238,-4,0,-135
1767172585.817238,-3,-2,-136
1767172585.827238,-4,-2,-133
1767172585.837238,-3,-5,-140
1767172585.847238,-4,-14,-142
1767172585.857238,-5,-16,-140
1767172585.867238,-9,-11,-142
1767172585.877238,-6,-8,-143
1767172585.8872385,-3,-1,-146
1767172585.8972385,3,-2,-139
1767172585.9072382,5,-4,-142
1767172585.9172382,3,-5,-139
1767172585.9272382,6,-3,-143
1767172585.9372382,4,-2,-143
1767172585.9472382,3,-3,-142
1767172585.9572382,-1,-4,-139
1767172585.9672382,0,-1,-140
1767172585.9772382,0,-1,-141
1767172585.9872382,-1,1,-139
1767172585.9972382,-2,1,-141
1767172586.007238,-6,-2,-140
1767172586.017238,-3,1,-138
1767172586.027238,-1,1,-138
1767172586.037238,1,0,-138
1767172586.047238,2,-2,-133
1767172586.057238,5,0,-138
1767172586.067238,1,-2,-140
1767172586.077238,0,-7,-138
1767172586.087238,0,-3,-138
1767172586.097238,-3,-5,-141
1767172586.107238,-1,-5,-143
1767172586.117238,1,-6,-148
1767172586.127238,5,-6,-145
1767172586.1372385,5,-8,-146
1767172586.1472385,7,-6,-143
1767172586.1572382,5,0,-140
1767172586.1672382,5,3,-141
1767172586.1772382,9,0,-145
1767172586.1872382,7,1,-140
1767172586.1972382,4,0,-138
1767172586.2072382,6,0,-135
1767172586.2172382,10,-3,-142
1767172586.2272382,6,-1,-142
1767172586.2372382,3,0,-138
1767172586.248238,3,0,-139
1767172586.258238,0,-1,-139
1767172586.268238,0,0,-137
1767172586.277238,0,2,-130
1767172586.287238,2,-2,-128
1767172586.297238,0,-3,-125
1767172586.3082385,2,-5,-128
1767172586.3182385,8,-1,-138
1767172586.3282382,3,1,-136
1767172586.3382382,0,1,-129
1767172586.3482382,1,0,-140
1767172586.3582382,3,0,-146
1767172586.3682382,5,-3,-146
1767172586.3782382,4,-7,-142
1767172586.3882382,6,-8,-140
1767172586.3982382,1,-8,-134
1767172586.4082382,3,-3,-131
1767172586.4182382,-1,0,-128
1767172586.4282382,-5,0,-128
1767172586.438238,-4,0,-130
1767172586.448238,-4,-4,-135
1767172586.458238,0,-4,-132
1767172586.468238,0,-1,-134
1767172586.478238,-1,-1,-139
1767172586.488238,-3,-2,-136
1767172586.498238,-5,-4,-137
1767172586.508238,-6,-3,-132
1767172586.518238,-1,-3,-131
1767172586.528238,3,-3,-136
1767172586.538238,0,-1,-138
1767172586.548238,0,-1,-131
1767172586.5582385,0,-1,-127
1767172586.5682385,-1,0,-124
1767172586.5782382,-3,1,-123
1767172586.5882382,-4,2,-122
1767172586.5982382,-4,2,-124
1767172586.6082382,-3,0,-130
1767172586.6182382,5,-3,-130
1767172586.6282382,2,-9,-127
1767172586.6382382,3,-8,-122
1767172586.6482382,3,-8,-125
1767172586.6582382,7,-6,-128
1767172586.6682382,1,-3,-128
1767172586.6782382,-2,-3,-127
1767172586.688238,1,-4,-134
1767172586.698238,-1,-4,-130
1767172586.708238,-1,-6,-130
1767172586.718238,-3,-3,-124
1767172586.728238,-7,0,-132
1767172586.738238,-7,-1,-135
1767172586.748238,-4,-1,-129
1767172586.758238,-4,-4,-121
1767172586.768238,-5,-1,-124
1767172586.778238,0,-2,-127
1767172586.788238,4,2,-130
1767172586.798238,2,-3,-132
1767172586.8082385,0,0,-138
1767172586.8182385,-2,-1,-138
1767172586.8282382,-3,-4,-139
1767172586.8382382,-2,-2,-133
1767172586.8482382,-6,-2,-135
1767172586.8582382,-2,-6,-125
1767172586.8682382,0,-4,-126
1767172586.8782382,-1,-3,-127
1767172586.8882382,2,-3,-131
1767172586.8982382,0,-3,-135
1767172586.9082382,0,-4,-132
1767172586.9182382,5,-5,-126
1767172586.9282382,6,-4,-127
1767172586.938238,2,-1,-127
1767172586.948238,0,-3,-136
1767172586.958238,-1,-1,-134
1767172586.968238,1,-3,-135
1767172586.978238,5,-3,-130
1767172586.988238,7,-5,-132
1767172586.998238,5,0,-130
1767172587.008238,7,2,-134
1767172587.018238,1,4,-131
1767172587.028238,-5,2,-131
1767172587.038238,-3,0,-130
1767172587.048238,-3,-1,-128
1767172587.0582385,-6,0,-135
1767172587.0682385,-3,-3,-131
1767172587.0782382,2,-2,-128
1767172587.0882382,7,0,-121
1767172587.0982382,7,-6,-118
1767172587.1082382,-1,-10,-125
1767172587.1182382,-1,-10,-132
1767172587.1282382,0,-14,-134
1767172587.1382382,4,-11,-131
1767172587.1482382,3,-8,-135
1767172587.1582382,0,-5,-133
1767172587.1682382,1,-4,-133
1767172587.1782382,1,-1,-132
1767172587.188238,1,-1,-132
1767172587.198238,1,0,-135
1767172587.208238,5,0,-140
1767172587.218238,2,0,-139
1767172587.228238,4,1,-143
1767172587.238238,2,0,-140
1767172587.248238,4,-3,-142
1767172587.258238,6,-7,-147
1767172587.268238,3,-8,-143
1767172587.278238,2,-6,-139
1767172587.288238,0,-6,-136
1767172587.298238,1,-7,-139
1767172587.3082385,5,-7,-135
1767172587.3182385,3,-2,-138
1767172587.3282382,1,1,-129
1767172587.3382382,-2,2,-128
1767172587.3482382,-3,1,-126
1767172587.3582382,-4,2,-133
1767172587.3682382,-6,2,-145
1767172587.3782382,-3,4,-148
1767172587.3882382,-2,4,-149
1767172587.3982382,-2,1,-150
1767172587.4082382,-2,1,-144
1767172587.4182382,0,3,-145
1767172587.4282382,-3,4,-135
1767172587.438238,-4,5,-129
1767172587.448238,-5,-4,-130
1767172587.458238,-5,-5,-134
1767172587.468238,-10,-8,-142
1767172587.478238,-8,-6,-144
1767172587.488238,-10,-5,-141
1767172587.498238,-5,-2,-142
1767172587.508238,-4,0,-137
1767172587.518238,0,0,-134
1767172587.528238,-1,0,-141
1767172587.538238,1,0,-135
1767172587.548238,0,-1,-132
1767172587.5582385,-1,3,-131
1767172587.5682385,-2,0,-130
1767172587.5782382,-5,-1,-129
1767172587.5882382,-6,-1,-130
1767172587.5982382,-5,-7,-138
1767172587.6082382,0,-6,-137
1767172587.6182382,-4,-2,-133
1767172587.6282382,-5,-3,-132
1767172587.6382382,-5,-3,-133
1767172587.6482382,-8,-2,-135
1767172587.6582382,-9,-3,-137
1767172587.6682382,-5,-6,-135
1767172587.6782382,-3,-9,-135
1767172587.688238,-3,-11,-137
1767172587.698238,-5,-9,-133
1767172587.708238,-4,-8,-135
1767172587.718238,0,-8,-129
1767172587.728238,-3,-7,-134
1767172587.738238,-3,-8,-127
1767172587.748238,-1,-5,-122
1767172587.758238,-2,-5,-131
1767172587.768238,1,-3,-132
1767172587.778238,0,-2,-129
1767172587.788238,3,0,-129
1767172587.798238,0,-2,-127
1767172587.8082385,1,-4,-127
1767172587.8182385,4,-8,-130
1767172587.8282382,3,-5,-136
1767172587.8382382,-1,-4,-133
1767172587.8482382,-9,-3,-136
1767172587.8582382,-11,-5,-134
1767172587.8682382,-3,-3,-142
1767172587.8782382,1,-1,-140
1767172587.8882382,4,2,-137
1767172587.8982382,6,0,-138
1767172587.9082382,4,1,-138
1767172587.9182382,6,2,-132
1767172587.9282382,1,3,-130
1767172587.938238,-1,0,-131
1767172587.948238,-3,0,-131
1767172587.958238,-6,-1,-133
1767172587.968238,-5,-3,-128
1767172587.978238,-4,-2,-132
1767172587.988238,0,-1,-138
1767172587.998238,0,-3,-142
1767172588.008238,2,-4,-143
1767172588.018238,0,-7,-144
1767172588.028238,4,-10,-137
1767172588.038238,-1,-8,-137
1767172588.048238,0,-9,-142
1767172588.0582385,2,-10,-141
1767172588.0682385,2,-10,-138
1767172588.0782382,-4,-15,-132
1767172588.0882382,-3,-15,-136
1767172588.0982382,-3,-13,-132
1767172588.1082382,0,-9,-129
1767172588.1182382,0,-7,-133
1767172588.1282382,2,-6,-133
1767172588.1382382,-1,-4,-132
1767172588.1482382,-1,-4,-136
1767172588.1582382,-2,-6,-134
1767172588.1682382,0,-4,-137
1767172588.1782382,6,-4,-141
1767172588.188238,5,-2,-143
1767172588.198238,0,-3,-145
1767172588.208238,-1,-3,-144
1767172588.218238,0,-6,-144
1767172588.228238,1,-6,-140
1767172588.238238,1,-7,-140
1767172588.248238,5,-6,-138
1767172588.258238,2,-4,-140
1767172588.268238,-3,-4,-138
1767172588.278238,-4,-5,-136
1767172588.288238,-1,-5,-135
1767172588.298238,0,-8,-135
1767172588.3082385,-4,-5,-139
1767172588.3182385,-2,-6,-138
1767172588.3282382,-1,-5,-129
1767172588.3382382,-3,-8,-126
1767172588.3482382,-2,-5,-131
1767172588.3582382,1,-3,-134
1767172588.3682382,1,1,-136
1767172588.3782382,-4,-2,-138
1767172588.3882382,-3,-5,-147
1767172588.3982382,0,-3,-142
1767172588.4082382,1,-2,-145
1767172588.4182382,5,-2,-148
1767172588.4282382,6,-1,-141
1767172588.438238,1,0,-136
1767172588.448238,4,0,-141
1767172588.458238,6,0,-142
1767172588.468238,6,1,-135
1767172588.478238,8,0,-143
1767172588.488238,5,-2,-144
1767172588.498238,3,-4,-151
1767172588.508238,-2,-3,-148
1767172588.518238,2,-2,-145
1767172588.528238,-1,0,-146
1767172588.538238,-1,1,-144
1767172588.548238,-1,1,-138
1767172588.5582385,-1,2,-136
1767172588.5682385,-3,-1,-132
1767172588.5782382,-8,-2,-126
1767172588.5882382,-10,-4,-121
1767172588.5982382,-5,-3,-123
1767172588.6082382,-2,-2,-131
1767172588.6182382,-3,-4,-134
1767172588.6282382,-4,-2,-138
1767172588.6382382,-7,0,-130
1767172588.6482382,-11,-3,-124
1767172588.6582382,-10,-4,-123
1767172588.6682382,-3,0,-122
1767172588.6782382,0,-2,-127
1767172588.688238,1,-4,-126
1767172588.698238,0,-4,-137
1767172588.708238,5,-1,-140
1767172588.718238,3,-4,-139
1767172588.728238,6,-2,-140
1767172588.738238,3,0,-143
1767172588.748238,-1,-4,-142
1767172588.758238,2,-4,-140
1767172588.768238,6,0,-133
1767172588.790238,12,0,-132
1767172588.798238,10,-2,-138
1767172588.8082385,3,0,-138
1767172588.8182385,-4,0,-135
1767172588.8292382,-5,1,-131
1767172588.8392382,-5,4,-130
1767172588.8482382,-4,3,-139
1767172588.859238,-2,4,-142
1767172588.8682382,-2,3,-143
1767172588.879238,-5,0,-143
1767172588.889238,-6,0,-138
1767172588.899238,-4,0,-143
1767172588.909238,-9,-4,-148
1767172588.919238,-6,-2,-148
1767172588.929238,-5,0,-150
1767172588.939238,-6,0,-146
1767172588.949238,-1,-6,-141
1767172588.959238,-1,-7,-135
1767172588.969238,-3,-5,-140
1767172588.9792385,-4,-2,-137
1767172588.9892385,-4,-1,-145
1767172588.9992385,0,-7,-146
1767172589.0092382,0,-9,-150
1767172589.0192382,2,-5,-149
1767172589.0292382,4,-2,-146
1767172589.0392382,2,0,-142
1767172589.0492382,0,-2,-137
1767172589.0592382,0,1,-135
1767172589.0692382,0,-4,-136
1767172589.0792382,4,-4,-131
1767172589.0892382,2,-6,-130
1767172589.0992382,0,-6,-140
1767172589.109238,1,-7,-147
1767172589.119238,0,-4,-146
1767172589.129238,0,-4,-144
1767172589.139238,0,-5,-138
1767172589.149238,3,1,-145
1767172589.159238,5,0,-145
1767172589.169238,3,-1,-144
1767172589.179238,0,-3,-148
1767172589.189238,1,-4,-145
1767172589.199238,-1,-2,-148
1767172589.209238,3,-4,-147
1767172589.219238,3,-6,-151
1767172589.2292385,6,-6,-145
1767172589.2392385,5,-4,-147
1767172589.2492385,-1,-1,-142
1767172589.2592382,0,0,-136
1767172589.2692382,-3,1,-138
1767172589.2792382,-9,-3,-137
1767172589.2892382,-4,-2,-132
1767172589.2992382,3,-3,-137
1767172589.3092382,-1,-3,-134
1767172589.3192382,0,-1,-136
1767172589.3292382,0,-2,-141
1767172589.3392382,1,0,-135
1767172589.3492382,0,-2,-139
1767172589.359238,0,0,-135
1767172589.369238,2,-1,-132
1767172589.379238,5,-2,-132
1767172589.389238,2,-1,-129
1767172589.399238,4,0,-133
1767172589.409238,5,-1,-138
1767172589.419238,7,-3,-143
1767172589.429238,2,-4,-140
1767172589.439238,-2,-1,-141
1767172589.449238,-2,-1,-148
1767172589.459238,-1,2,-139
1767172589.469238,-4,0,-133
1767172589.4792385,-5,1,-129
1767172589.4892385,-7,2,-134
1767172589.4992385,-5,0,-132
1767172589.5092382,-10,-2,-135
1767172589.5192382,-9,-1,-134
1767172589.5292382,-10,1,-131
1767172589.5392382,-10,-2,-130
1767172589.5492382,-10,-1,-129
1767172589.5592382,-8,-1,-132
1767172589.5692382,-4,-3,-135
1767172589.5792382,-2,-3,-136
1767172589.5892382,-3,-5,-139
1767172589.5992382,-4,-4,-141
1767172589.609238,-2,-1,-138
1767172589.619238,-3,-1,-138
1767172589.629238,-2,2,-138
1767172589.639238,0,5,-140
1767172589.649238,3,3,-133
1767172589.659238,1,0,-131
1767172589.669238,0,-1,-140
1767172589.679238,-2,-1,-143
1767172589.689238,-7,-2,-141
1767172589.699238,-7,-5,-138
1767172589.709238,-3,-2,-145
1767172589.719238,-1,-6,-150
1767172589.7292385,-3,-1,-154
1767172589.7392385,0,0,-152
1767172589.7492385,-2,-1,-148
1767172589.7592382,-4,0,-146
1767172589.7692382,0,0,-145
1767172589.7792382,-2,0,-146
1767172589.7892382,-2,0,-139
1767172589.7992382,-8,2,-136
1767172589.8092382,-6,2,-132
1767172589.8192382,0,0,-132
1767172589.8292382,0,-2,-133
1767172589.840238,1,-5,-127
1767172589.8492382,2,-7,-127
1767172589.859238,0,-5,-128
1767172589.869238,-2,-8,-130
1767172589.879238,-5,-7,-130
1767172589.889238,0,-6,-130
1767172589.899238,0,-3,-128
1767172589.909238,-1,-2,-131
1767172589.919238,3,0,-130
1767172589.929238,4,2,-131
1767172589.939238,4,0,-128
1767172589.949238,4,1,-128
1767172589.959238,1,2,-134
1767172589.969238,1,3,-134
1767172589.9792385,-1,2,-132
1767172589.9892385,-2,0,-134
1767172589.9992385,0,0,-132
1767172590.0092382,-2,2,-126
1767172590.0192382,-4,4,-127
1767172590.0292382,-8,2,-134
1767172590.0392382,-4,4,-134
1767172590.0492382,-5,2,-138
1767172590.0592382,-7,4,-137
1767172590.0692382,-9,1,-137
1767172590.0792382,-10,1,-139
1767172590.0892382,-9,3,-139
1767172590.0992382,-6,3,-137
1767172590.109238,-4,0,-130
1767172590.119238,0,4,-121
1767172590.129238,0,4,-117
1767172590.139238,-2,4,-120
1767172590.149238,-4,1,-123
1767172590.159238,-4,2,-132
1767172590.169238,-3,3,-131
1767172590.179238,-1,5,-136
1767172590.189238,-4,5,-137
1767172590.199238,-6,3,-140
1767172590.209238,-3,0,-147
1767172590.219238,0,-2,-144
1767172590.2292385,-2,-4,-140
1767172590.2392385,-1,-5,-139
1767172590.2492385,-1,-8,-139
1767172590.2592382,-2,-9,-130
1767172590.2692382,-2,-7,-135
1767172590.2792382,-5,-6,-141
1767172590.2892382,-8,-6,-143
1767172590.2992382,-10,-2,-142
1767172590.3092382,-8,0,-147
1767172590.3192382,-7,1,-142
1767172590.3292382,-4,5,-150
1767172590.3392382,-2,5,-152
1767172590.3492382,-6,1,-153
1767172590.359238,-6,0,-150
1767172590.369238,-9,-4,-151
1767172590.379238,-6,-8,-149
1767172590.389238,0,-8,-141
1767172590.399238,1,-9,-139
1767172590.409238,5,-8,-134
1767172590.419238,3,-5,-137
1767172590.429238,2,-5,-135
1767172590.439238,5,-8,-144
1767172590.449238,7,-10,-146
1767172590.459238,2,-6,-146
1767172590.469238,0,-7,-149
1767172590.4792385,0,-7,-147
1767172590.4892385,2,-4,-140
1767172590.4992385,3,-6,-140
1767172590.5092382,1,-8,-141
1767172590.5192382,6,-8,-137
1767172590.5292382,3,-6,-139
1767172590.5392382,-2,-4,-141
1767172590.5492382,-5,-6,-135
1767172590.5592382,-1,-6,-132
1767172590.5692382,-3,-8,-130
1767172590.5792382,-4,-5,-130
1767172590.5892382,-1,-2,-131
1767172590.5992382,2,0,-137
1767172590.609238,4,-2,-135
1767172590.619238,6,-7,-135
1767172590.629238,5,-7,-140
1767172590.639238,7,-4,-139
1767172590.649238,10,-3,-135
1767172590.659238,11,1,-139
1767172590.669238,11,3,-136
1767172590.679238,7,5,-142
1767172590.689238,6,9,-142
1767172590.699238,7,9,-142
1767172590.709238,5,6,-144
1767172590.719238,1,5,-149
1767172590.7292385,-1,6,-139
1767172590.7392385,-4,0,-144
1767172590.7492385,-6,-1,-140
1767172590.7592382,-3,-1,-139
1767172590.7692382,2,-3,-134
1767172590.7792382,-3,-2,-131
1767172590.7892382,-1,-2,-130
1767172590.7992382,-4,-1,-130
1767172590.8092382,-6,-7,-131
1767172590.8192382,-6,-6,-133
1767172590.8292382,-3,-8,-136
1767172590.8392382,0,-5,-136
1767172590.8492382,0,-7,-130
1767172590.859238,0,-6,-129
1767172590.869238,1,-4,-135
1767172590.879238,2,-1,-133
1767172590.889238,-1,2,-136
1767172590.899238,-1,-2,-142
1767172590.909238,-1,-2,-146
1767172590.919238,0,-1,-145
1767172590.929238,0,-3,-145
1767172590.939238,0,-3,-146
1767172590.949238,3,-2,-142
1767172590.959238,3,-4,-140
1767172590.969238,3,-4,-140
1767172590.9792385,3,-2,-138
1767172590.9892385,0,-8,-139
1767172590.9992385,-4,-11,-139
1767172591.0092382,-3,-5,-133
1767172591.0192382,0,-2,-128
1767172591.0292382,5,-7,-124
1767172591.0392382,7,-9,-127
1767172591.0492382,10,-6,-128
1767172591.0592382,9,-8,-137
1767172591.0692382,8,-6,-134
1767172591.0792382,4,-6,-130
1767172591.0892382,1,-5,-132
1767172591.0992382,2,-3,-125
1767172591.109238,-2,-7,-135
1767172591.119238,-1,-11,-137
1767172591.129238,-4,-6,-139
1767172591.139238,-7,-8,-141
1767172591.149238,-3,-6,-145
1767172591.159238,-5,-1,-148
1767172591.169238,-4,-2,-146
1767172591.179238,-6,-3,-138
1767172591.189238,-6,-1,-145
1767172591.199238,-5,2,-147
1767172591.209238,-7,-2,-147
1767172591.219238,-5,0,-147
1767172591.2292385,-5,0,-146
1767172591.2392385,-4,0,-141
1767172591.2492385,-5,3,-139
1767172591.2592382,-6,0,-142
1767172591.2692382,-3,-1,-149
1767172591.2792382,0,-5,-150
1767172591.2892382,-1,-5,-153
1767172591.2992382,1,-4,-151
1767172591.3092382,2,-1,-142
1767172591.3192382,4,0,-141
1767172591.3292382,1,-2,-141
1767172591.3392382,1,-1,-142
1767172591.3492382,4,-4,-136
1767172591.360238,8,-4,-143
1767172591.369238,7,-7,-143
1767172591.379238,10,-5,-138
1767172591.389238,5,-4,-140
1767172591.400238,2,-6,-144
1767172591.4102385,4,-6,-145
1767172591.4202385,3,-8,-152
1767172591.429238,0,-6,-152
1767172591.4402382,0,-5,-147
1767172591.4502382,0,-10,-146
1767172591.4602382,-4,-10,-150
1767172591.4702382,0,-6,-143
1767172591.4792385,0,-3,-144
1767172591.4902382,-3,-3,-149
1767172591.5002382,-1,0,-151
1767172591.5102382,-3,-4,-149
1767172591.5202382,2,-2,-156
1767172591.5292382,-1,-5,-147
1767172591.540238,-3,-4,-142
1767172591.550238,-1,-3,-134
1767172591.560238,2,-2,-135
1767172591.570238,0,-4,-131
1767172591.580238,0,-5,-136
1767172591.590238,-4,-5,-137
1767172591.600238,-6,-4,-130
1767172591.610238,-7,-9,-132
1767172591.620238,-4,-1,-133
1767172591.630238,-6,0,-134
1767172591.640238,-5,-2,-138
1767172591.650238,-9,-4,-137
1767172591.6602385,-10,-2,-129
1767172591.6702385,-10,0,-136
1767172591.6802382,-5,-1,-140
1767172591.6902382,-2,5,-143
1767172591.7002382,0,2,-138
1767172591.7102382,1,1,-138
1767172591.7202382,-2,-2,-147
1767172591.7302382,0,-6,-144
1767172591.7402382,1,-3,-141
1767172591.7502382,1,-4,-136
1767172591.7602382,7,-5,-133
1767172591.7702382,5,-2,-139
1767172591.7802382,3,1,-140
1767172591.790238,1,2,-136
1767172591.800238,-1,3,-138
1767172591.810238,0,2,-136
1767172591.820238,3,3,-136
1767172591.830238,7,4,-143
1767172591.840238,7,1,-146
1767172591.850238,6,-3,-142
1767172591.860238,4,-6,-141
1767172591.870238,1,-1,-140
1767172591.880238,1,-1,-140
1767172591.890238,1,-3,-139
1767172591.900238,5,-1,-143
1767172591.9102385,6,-1,-147
1767172591.9202385,2,0,-146
1767172591.9302382,5,3,-148
1767172591.9402382,3,1,-147
1767172591.9502382,-2,0,-140
1767172591.9602382,2,1,-138
1767172591.9702382,3,0,-129
1767172591.9802382,1,1,-129
1767172591.9902382,3,0,-125
1767172592.0002382,2,0,-130
1767172592.0102382,2,0,-125
1767172592.0202382,0,0,-126
1767172592.0302382,-1,-2,-132
1767172592.040238,-2,-4,-138
1767172592.050238,0,0,-143
1767172592.060238,0,1,-141
1767172592.070238,1,0,-137
1767172592.080238,0,-2,-137
1767172592.090238,2,0,-136
1767172592.100238,2,0,-132
1767172592.110238,4,0,-138
1767172592.120238,6,1,-140
1767172592.130238,1,0,-138
1767172592.140238,5,-2,-142
1767172592.150238,2,-4,-137
1767172592.1602385,-1,-6,-128
1767172592.1702385,-1,-6,-128
1767172592.1802382,0,-6,-131
1767172592.1902382,-3,-9,-141
1767172592.2002382,-3,-9,-146
1767172592.2102382,-3,-7,-143
1767172592.2202382,-2,-5,-144
1767172592.2302382,-5,-6,-142
1767172592.2402382,-6,-5,-141
1767172592.2502382,-10,-3,-142
1767172592.2602382,-10,-3,-137
1767172592.2702382,-7,-5,-137
1767172592.2802382,-7,-6,-135
1767172592.290238,-7,-4,-128
1767172592.300238,-13,-3,-125
1767172592.310238,-8,-6,-128
1767172592.320238,-6,-6,-128
1767172592.330238,-2,-6,-131
1767172592.340238,0,-4,-139
1767172592.350238,1,-1,-148
1767172592.360238,3,-2,-150
1767172592.370238,2,0,-151
1767172592.380238,4,-3,-148
1767172592.390238,2,-4,-138
1767172592.400238,1,-3,-139
1767172592.4102385,-3,-6,-140
1767172592.4202385,-2,-4,-148
1767172592.4302382,2,2,-147
1767172592.4402382,0,1,-138
1767172592.4502382,1,0,-140
1767172592.4602382,-4,1,-138
1767172592.4702382,-8,1,-140
1767172592.4802382,-6,0,-138
1767172592.4902382,-5,-2,-140
1767172592.5002382,-9,-4,-134
1767172592.5102382,-7,-1,-132
1767172592.5202382,-4,0,-137
1767172592.5302382,-1,1,-137
1767172592.540238,0,0,-136
1767172592.550238,-5,-2,-131
1767172592.560238,-4,-1,-132
1767172592.570238,-5,0,-136
1767172592.580238,0,0,-139
1767172592.590238,1,1,-139
1767172592.600238,2,3,-133
1767172592.610238,0,0,-133
1767172592.620238,2,0,-133
1767172592.630238,2,0,-129
1767172592.640238,2,2,-124
1767172592.650238,3,3,-136
1767172592.6602385,1,4,-141
1767172592.6702385,-1,5,-141
1767172592.6802382,0,4,-142
1767172592.6902382,4,6,-135
1767172592.7002382,0,5,-131
1767172592.7102382,0,4,-131
1767172592.7202382,0,2,-137
1767172592.7302382,-2,-1,-140
1767172592.7402382,-2,-3,-133
1767172592.7502382,-3,-6,-137
1767172592.7602382,-9,-8,-141
1767172592.7702382,-10,-4,-142
1767172592.7802382,-10,0,-150
1767172592.790238,-4,4,-149
1767172592.800238,-8,-1,-153
1767172592.810238,-6,-1,-148
1767172592.820238,-6,1,-146
1767172592.830238,-3,0,-140
1767172592.840238,-8,4,-139
1767172592.850238,-3,3,-141
1767172592.860238,-2,3,-142
1767172592.870238,-5,3,-139
1767172592.880238,-2,5,-139
1767172592.890238,-4,5,-145
1767172592.900238,-1,4,-138
1767172592.9102385,-3,6,-142
1767172592.9202385,-1,2,-134
1767172592.9302382,-6,3,-128
1767172592.9402382,-9,2,-131
1767172592.9502382,-8,2,-135
1767172592.9602382,-4,1,-134
1767172592.9702382,-5,-2,-137
1767172592.9802382,-2,-6,-138
1767172592.9902382,1,-8,-137
1767172593.0002382,0,-2,-137
1767172593.0102382,0,0,-140
1767172593.0202382,3,0,-145
1767172593.0302382,0,1,-146
1767172593.040238,-2,0,-141
1767172593.050238,-6,0,-142
1767172593.060238,-9,0,-137
1767172593.070238,-6,-4,-130
1767172593.080238,-7,-4,-125
1767172593.090238,-2,-4,-129
1767172593.100238,-3,-4,-132
1767172593.110238,3,-4,-133
1767172593.120238,0,-4,-140
1767172593.130238,0,-3,-146
1767172593.140238,1,-2,-144
1767172593.150238,1,1,-147
1767172593.1602385,0,5,-143
1767172593.1702385,0,7,-142
1767172593.1802382,4,6,-136
1767172593.1902382,2,2,-143
1767172593.2002382,1,0,-145
1767172593.2102382,1,-4,-143
1767172593.2202382,5,-3,-139
1767172593.2302382,4,-1,-140
1767172593.2402382,3,5,-137
1767172593.2502382,5,7,-135
1767172593.2602382,0,7,-141
1767172593.2702382,-1,5,-135
1767172593.2802382,-5,1,-136
1767172593.290238,-4,0,-137
1767172593.300238,-6,0,-138
1767172593.310238,-4,0,-130
1767172593.320238,-4,0,-131
1767172593.330238,-3,-1,-128
1767172593.340238,-3,3,-127
1767172593.350238,-5,2,-124
1767172593.360238,-4,4,-124
1767172593.370238,-4,0,-125
1767172593.380238,-3,-6,-133
1767172593.390238,-3,-5,-139
1767172593.400238,0,-1,-134
1767172593.4102385,1,0,-137
1767172593.4202385,3,-5,-130
1767172593.4302382,5,-6,-127
1767172593.4402382,3,-5,-131
1767172593.4502382,0,-3,-132
1767172593.4602382,0,0,-131
1767172593.4702382,2,-2,-124
1767172593.4802382,0,0,-130
1767172593.4902382,2,0,-137
1767172593.5002382,3,0,-138
1767172593.5102382,1,-5,-135
1767172593.5202382,0,-6,-135
1767172593.5302382,-3,-4,-136
1767172593.540238,-2,-3,-138
1767172593.550238,-7,0,-138
1767172593.560238,-6,2,-138
1767172593.570238,-5,2,-140
1767172593.580238,-1,0,-135
1767172593.590238,-4,1,-135
1767172593.600238,-3,2,-138
1767172593.610238,0,1,-142
1767172593.620238,2,0,-135
1767172593.630238,0,-1,-138
1767172593.640238,-1,-3,-141
1767172593.650238,1,-6,-145
1767172593.6602385,0,-5,-139
1767172593.6702385,0,-1,-139
1767172593.6802382,0,-1,-143
1767172593.6902382,0,-2,-144
1767172593.7002382,-1,-4,-144
1767172593.7102382,0,-4,-147
1767172593.7202382,-1,-3,-136
1767172593.7302382,1,-3,-138
1767172593.7402382,6,-3,-140
1767172593.7502382,3,-5,-138
1767172593.7602382,7,-5,-137
1767172593.7702382,3,-5,-143
1767172593.7802382,2,-4,-143
1767172593.801238,-3,0,-136
1767172593.810238,-6,-2,-129
1767172593.820238,-8,-3,-129
1767172593.830238,-9,-8,-125
1767172593.840238,-9,-8,-130
1767172593.850238,-6,-7,-133
1767172593.860238,-3,-8,-134
1767172593.870238,-3,-6,-136
1767172593.880238,0,-6,-140
1767172593.890238,-2,-1,-146
1767172593.900238,-5,-2,-145
1767172593.9102385,-3,-4,-144
1767172593.9202385,-1,-4,-142
1767172593.9302382,-1,0,-140
1767172593.9402382,-2,1,-142
1767172593.9502382,-1,5,-144
1767172593.961238,0,7,-145
1767172593.9702382,-1,3,-140
1767172593.981238,0,4,-138
1767172593.9902382,-1,6,-132
1767172594.001238,-1,2,-128
1767172594.011238,-3,3,-134
1767172594.0202382,-3,2,-132
1767172594.031238,-3,2,-138
1767172594.041238,-3,0,-144
1767172594.051238,-3,-1,-141
1767172594.061238,4,0,-150
1767172594.071238,-2,-2,-158
1767172594.0812385,0,-3,-157
1767172594.0912385,-3,-4,-150
1767172594.1012385,-6,0,-145
1767172594.1112382,-2,3,-145
1767172594.1212382,-5,1,-139
1767172594.1312382,-4,1,-136
1767172594.1412382,-3,0,-141
1767172594.1512382,0,-4,-139
1767172594.1612382,-3,-2,-139
1767172594.1712382,0,0,-147
1767172594.1812382,2,-2,-153
1767172594.1912382,0,-5,-147
1767172594.2012382,0,-6,-143
1767172594.211238,-6,-9,-142
1767172594.221238,-5,-9,-146
1767172594.231238,0,-8,-143
1767172594.241238,-2,-7,-138
1767172594.251238,-2,-4,-134
1767172594.261238,0,-2,-130
1767172594.271238,-3,0,-129
1767172594.281238,-2,-3,-129
1767172594.291238,-4,-5,-130
1767172594.301238,-3,-4,-134
1767172594.311238,-5,-5,-131
1767172594.321238,-3,-8,-128
1767172594.3312385,-4,-8,-128
1767172594.3412385,-2,-4,-125
1767172594.3512385,-3,-1,-134
1767172594.3612382,-2,4,-139
1767172594.3712382,0,1,-134
1767172594.3812382,-1,6,-139
1767172594.3912382,4,6,-149
1767172594.4012382,-1,0,-144
1767172594.4112382,-3,1,-141
1767172594.4212382,-1,-2,-138
1767172594.4312382,0,-2,-138
1767172594.4412382,0,0,-135
1767172594.4512382,0,1,-138
1767172594.461238,1,4,-143
1767172594.471238,3,1,-143
1767172594.481238,2,1,-144
1767172594.491238,0,1,-146
1767172594.501238,1,0,-138
1767172594.511238,0,-4,-137
1767172594.521238,1,-3,-137
1767172594.531238,-1,-2,-136
1767172594.541238,-2,-1,-141
1767172594.551238,-5,-2,-147
1767172594.561238,-3,-3,-149
1767172594.571238,-3,-1,-144
1767172594.5812385,0,0,-142
1767172594.5912385,4,-4,-151
1767172594.6012385,1,-1,-146
1767172594.6112382,2,-1,-140
1767172594.6212382,-1,-2,-137
1767172594.6312382,-4,-1,-140
1767172594.6412382,-2,-2,-137
1767172594.6512382,-4,-1,-130
1767172594.6612382,1,0,-126
1767172594.6712382,-4,0,-126
1767172594.6812382,-1,-1,-128
1767172594.6912382,-2,-4,-124
1767172594.7012382,-2,-3,-131
1767172594.711238,3,-1,-127
1767172594.721238,6,-2,-128
1767172594.731238,5,-6,-132
1767172594.741238,2,-7,-133
1767172594.751238,0,-11,-135
1767172594.761238,-1,-9,-134
1767172594.771238,1,-4,-140
1767172594.781238,0,-5,-145
1767172594.791238,-1,-1,-148
1767172594.801238,2,0,-145
1767172594.811238,0,-3,-144
1767172594.821238,-4,-2,-143
1767172594.8312385,-1,-3,-138
1767172594.8412385,-3,-3,-144
1767172594.8512385,-1,-1,-144
1767172594.8612382,-4,-3,-145
1767172594.8712382,-8,-3,-140
1767172594.8812382,-4,-3,-140
1767172594.8912382,-4,-5,-141
1767172594.9012382,-1,-6,-138
1767172594.9112382,2,-5,-132
1767172594.9212382,0,-8,-131
1767172594.9312382,-1,-10,-137
1767172594.9412382,0,-10,-132
1767172594.9512382,3,-9,-131
1767172594.961238,2,-7,-136
1767172594.971238,1,-7,-134
1767172594.981238,3,-3,-137
1767172594.991238,2,-3,-138
1767172595.001238,0,-2,-139
1767172595.011238,-3,-6,-142
1767172595.021238,-6,-8,-144
1767172595.031238,-1,-4,-144
1767172595.041238,0,-4,-139
1767172595.051238,0,-3,-135
1767172595.061238,2,-1,-130
1767172595.071238,2,-2,-132
1767172595.0812385,1,-2,-140
1767172595.0912385,0,-2,-144
1767172595.1012385,0,0,-145
1767172595.1112382,-3,-1,-142
1767172595.1212382,-7,1,-141
1767172595.1312382,-7,4,-139
1767172595.1412382,-3,4,-139
1767172595.1512382,-6,6,-139
1767172595.1612382,-5,4,-136
1767172595.1712382,-2,3,-137
1767172595.1812382,-1,2,-135
1767172595.1912382,0,7,-141
1767172595.2012382,1,6,-140
1767172595.211238,0,4,-142
1767172595.221238,0,5,-144
1767172595.231238,-1,0,-141
1767172595.241238,-6,-2,-144
1767172595.251238,-5,0,-149
1767172595.261238,-6,0,-146
1767172595.271238,-4,-1,-144
1767172595.281238,-3,1,-139
1767172595.291238,0,-2,-144
1767172595.301238,-1,-3,-146
1767172595.311238,-2,-3,-142
1767172595.321238,0,0,-139
1767172595.3312385,0,0,-140
1767172595.3412385,0,0,-144
1767172595.3512385,2,2,-139
1767172595.3612382,2,2,-141
1767172595.3712382,2,1,-138
1767172595.3812382,3,1,-138
1767172595.3912382,4,-1,-139
1767172595.4012382,0,-1,-140
1767172595.4112382,-1,0,-132
1767172595.4212382,-7,-1,-132
1767172595.4312382,-6,0,-129
1767172595.4412382,-7,-1,-127
1767172595.4512382,-7,-1,-129
1767172595.461238,-5,0,-130
1767172595.471238,-6,-2,-134
1767172595.481238,-4,-3,-131
1767172595.491238,-4,0,-123
1767172595.501238,-1,0,-126
1767172595.511238,-3,0,-129
1767172595.521238,0,0,-137
1767172595.531238,-3,0,-136
1767172595.541238,4,0,-135
1767172595.551238,1,2,-144
1767172595.561238,2,1,-145
1767172595.571238,1,0,-144
1767172595.5812385,1,-3,-149
1767172595.5912385,2,-1,-152
1767172595.6012385,8,-5,-150
1767172595.6112382,11,-10,-150
1767172595.6212382,6,-3,-150
1767172595.6312382,5,-4,-152
1767172595.6412382,4,-3,-152
1767172595.6512382,0,0,-151
1767172595.6612382,3,-6,-142
1767172595.6712382,4,-6,-144
1767172595.6812382,5,-3,-141
1767172595.6912382,3,-1,-138
1767172595.7012382,0,1,-135
1767172595.711238,-2,0,-140
1767172595.721238,0,-1,-144
1767172595.731238,2,-1,-140
1767172595.741238,7,3,-139
1767172595.751238,8,2,-139
1767172595.761238,10,2,-136
1767172595.771238,12,2,-130
1767172595.781238,13,5,-132
1767172595.791238,12,7,-129
1767172595.801238,13,0,-137
1767172595.811238,11,1,-141
1767172595.821238,10,1,-139
1767172595.8312385,10,0,-143
1767172595.8412385,8,4,-136
1767172595.8512385,3,0,-138
1767172595.8612382,0,0,-133
1767172595.8712382,-2,0,-141
1767172595.8812382,-1,-2,-146
1767172595.8912382,0,-2,-144
1767172595.9012382,3,-2,-141
1767172595.9112382,4,-3,-140
1767172595.9212382,7,-4,-134
1767172595.9312382,8,-3,-131
1767172595.9412382,11,-4,-139
1767172595.9512382,7,-2,-137
1767172595.961238,4,-3,-129
1767172595.971238,6,-3,-134
1767172595.981238,4,2,-136
1767172595.991238,4,3,-131
1767172596.001238,0,-2,-135
1767172596.011238,-1,-2,-136
1767172596.021238,4,-1,-133
1767172596.031238,-1,2,-131
1767172596.041238,-3,1,-134
1767172596.051238,-2,6,-134
1767172596.061238,0,4,-135
1767172596.071238,1,3,-137
1767172596.0812385,0,0,-142
1767172596.0912385,6,-1,-137
1767172596.1012385,6,-2,-132
1767172596.1112382,7,-1,-137
1767172596.1212382,4,-3,-133
1767172596.1312382,1,-1,-136
1767172596.1412382,4,-4,-131
1767172596.1512382,7,-10,-141
1767172596.1612382,5,-9,-136
1767172596.1712382,5,-12,-134
1767172596.1812382,7,-10,-136
1767172596.1912382,11,-8,-139
1767172596.2012382,9,-8,-147
1767172596.211238,5,-8,-147
1767172596.221238,6,-6,-140
1767172596.231238,4,-4,-136
1767172596.241238,4,-3,-135
1767172596.251238,2,-4,-140
1767172596.261238,2,0,-136
1767172596.271238,-2,0,-129
1767172596.281238,-2,-1,-127
1767172596.291238,0,-2,-130
1767172596.301238,4,0,-124
1767172596.311238,1,0,-118
1767172596.321238,0,-2,-124
1767172596.3312385,0,-1,-126
1767172596.3412385,-5,-6,-128
1767172596.3512385,-4,-7,-129
1767172596.3612382,-4,-6,-130
1767172596.3712382,0,-2,-136
1767172596.3812382,2,-2,-142
1767172596.3912382,0,0,-143
1767172596.4012382,4,4,-145
1767172596.4112382,6,1,-148
1767172596.4212382,4,0,-151
1767172596.4312382,2,-1,-158
1767172596.4412382,1,0,-156
1767172596.4512382,3,1,-148
1767172596.461238,3,1,-142
1767172596.471238,0,0,-138
1767172596.481238,-2,-1,-134
1767172596.491238,2,0,-136
1767172596.501238,2,-1,-138
1767172596.511238,0,-1,-140
1767172596.521238,-2,0,-138
1767172596.5322382,-1,1,-142
1767172596.5422382,3,-1,-139
1767172596.551238,1,0,-135
1767172596.5622382,0,0,-130
1767172596.5722382,-5,2,-127
1767172596.5822382,-7,1,-128
1767172596.5922382,-3,1,-134
1767172596.6022382,2,-1,-136
1767172596.6122382,3,-5,-137
1767172596.6222382,5,-4,-139
1767172596.632238,6,-3,-138
1767172596.642238,7,-3,-142
1767172596.652238,4,-1,-144
1767172596.662238,2,-3,-149
1767172596.672238,5,-7,-151
1767172596.682238,4,-3,-151
1767172596.692238,5,-3,-148
1767172596.702238,2,-2,-144
1767172596.712238,0,-4,-143
1767172596.722238,-3,0,-137
1767172596.732238,-1,0,-139
1767172596.742238,0,-1,-139
1767172596.752238,-1,3,-134
1767172596.7622385,-1,0,-136
1767172596.7722385,0,3,-138
1767172596.7822382,0,4,-132
1767172596.7922382,0,0,-130
1767172596.8022382,0,1,-129
1767172596.8122382,-3,0,-130
1767172596.8222382,-4,0,-132
1767172596.8322382,-7,-1,-139
1767172596.8422382,-5,-1,-144
1767172596.8522382,-6,0,-142
1767172596.8622382,-10,-1,-140
1767172596.8722382,-11,0,-142
1767172596.882238,-6,0,-138
1767172596.892238,-4,-4,-137
1767172596.902238,-3,-4,-135
1767172596.912238,-2,-3,-140
1767172596.922238,0,-5,-142
1767172596.932238,4,-3,-144
1767172596.942238,0,-2,-144
1767172596.952238,-3,-3,-138
1767172596.962238,0,-4,-135
1767172596.972238,-1,-3,-129
1767172596.982238,1,-2,-132
1767172596.992238,0,-3,-131
1767172597.002238,-1,-2,-128
1767172597.0122385,-2,-5,-132
1767172597.0222385,-1,-4,-131
1767172597.0322382,0,-1,-130
1767172597.0422382,-2,3,-130
1767172597.0522382,0,0,-125
1767172597.0622382,-2,-2,-127
1767172597.0722382,0,-2,-127
1767172597.0822382,2,-5,-124
1767172597.0922382,1,-3,-127
1767172597.1022382,0,-4,-124
1767172597.1122382,0,-3,-128
1767172597.1222382,6,-3,-135
1767172597.132238,5,-2,-144
1767172597.142238,0,0,-144
1767172597.152238,-3,1,-141
1767172597.162238,-3,1,-142
1767172597.172238,-6,-5,-138
1767172597.182238,-4,-4,-136
1767172597.192238,0,-3,-135
1767172597.202238,-1,0,-137
1767172597.212238,-5,0,-131
1767172597.222238,-4,-4,-130
1767172597.232238,-1,-1,-130
1767172597.242238,0,0,-127
1767172597.252238,-2,0,-129
1767172597.2622385,-3,0,-138
1767172597.2722385,-1,-2,-139
1767172597.2822382,0,-1,-141
1767172597.2922382,4,-4,-137
1767172597.3022382,5,-7,-140
1767172597.3122382,4,-7,-144
1767172597.3222382,4,-5,-139
1767172597.3322382,2,-4,-135
1767172597.3422382,3,-1,-136
1767172597.3522382,0,-3,-139
1767172597.3622382,2,-7,-143
1767172597.3722382,1,-6,-145
1767172597.382238,-5,-3,-144
1767172597.392238,-5,-6,-145
1767172597.402238,-7,-5,-145
1767172597.412238,-3,-1,-151
1767172597.422238,0,0,-151
1767172597.432238,-1,-1,-146
1767172597.442238,-3,-3,-139
1767172597.452238,0,-1,-138
1767172597.462238,0,2,-137
1767172597.472238,-2,-2,-131
1767172597.482238,-2,-2,-134
1767172597.492238,-2,-5,-134
1767172597.502238,-3,0,-131
1767172597.5122385,-4,0,-135
1767172597.5222385,-4,2,-130
1767172597.5322382,0,0,-132
1767172597.5422382,-2,-2,-136
1767172597.5522382,-1,-3,-142
1767172597.5622382,1,1,-135
1767172597.5722382,3,0,-138
1767172597.5822382,4,4,-141
1767172597.5922382,3,3,-143
1767172597.6022382,1,0,-144
1767172597.6122382,2,1,-147
1767172597.6222382,3,5,-142
1767172597.632238,0,7,-141
1767172597.642238,4,4,-136
1767172597.652238,-3,1,-131
1767172597.662238,0,0,-133
1767172597.672238,1,4,-139
1767172597.682238,0,8,-137
1767172597.692238,0,6,-135
1767172597.702238,0,0,-132
1767172597.712238,0,-1,-121
1767172597.722238,0,-2,-121
1767172597.732238,0,-7,-122
1767172597.742238,0,-9,-123
1767172597.752238,0,-7,-126
1767172597.7622385,-1,-3,-134
1767172597.7722385,0,0,-139
1767172597.7822382,-4,2,-139
1767172597.7922382,-2,1,-139
1767172597.8022382,0,0,-135
1767172597.8122382,-2,1,-131
1767172597.8222382,-6,-1,-130
1767172597.8322382,-4,-3,-129
1767172597.8422382,-2,-4,-137
1767172597.8522382,4,-3,-137
1767172597.8622382,6,-5,-135
1767172597.8722382,4,-4,-141
1767172597.882238,6,-4,-141
1767172597.892238,6,-4,-136
1767172597.902238,-1,-4,-137
1767172597.912238,0,-5,-135
1767172597.922238,0,-4,-135
1767172597.932238,0,-1,-138
1767172597.942238,-1,1,-144
1767172597.952238,-1,0,-140
1767172597.962238,0,1,-138
1767172597.972238,-2,0,-140
1767172597.982238,2,0,-142
1767172597.992238,1,-3,-143
1767172598.002238,0,-1,-141
1767172598.0122385,2,0,-138
1767172598.0222385,0,-4,-137
1767172598.0322382,0,-5,-138
1767172598.0422382,-1,-5,-132
1767172598.0522382,-1,-1,-131
1767172598.0622382,0,-1,-131
1767172598.0722382,1,2,-132
1767172598.0822382,0,1,-135
1767172598.0922382,0,-2,-132
1767172598.1022382,-2,-4,-132
1767172598.1122382,-4,0,-136
1767172598.1222382,-2,0,-136
1767172598.132238,0,-3,-140
1767172598.142238,5,-2,-146
1767172598.152238,4,0,-141
1767172598.162238,1,-3,-140
1767172598.172238,1,-3,-144
1767172598.182238,0,-4,-145
1767172598.192238,-2,-2,-140
1767172598.202238,-8,0,-138
1767172598.212238,-7,-1,-136
1767172598.222238,-7,-4,-141
1767172598.232238,-2,-5,-134
1767172598.242238,-2,-2,-137
1767172598.252238,-5,-4,-141
1767172598.2622385,0,-7,-138
1767172598.2722385,3,-2,-139
1767172598.2822382,4,-1,-135
1767172598.2922382,0,-1,-127
1767172598.3022382,3,0,-125
1767172598.3122382,-1,0,-132
1767172598.3222382,0,-2,-138
1767172598.3322382,4,0,-145
1767172598.3422382,1,3,-146
1767172598.3522382,1,0,-147
1767172598.3622382,-1,0,-148
1767172598.3722382,-1,-1,-157
1767172598.382238,-2,2,-155
1767172598.392238,0,0,-150
1767172598.402238,-2,-3,-146
1767172598.412238,-3,-7,-138
1767172598.422238,-4,-3,-140
1767172598.432238,-3,-5,-139
1767172598.442238,-4,-2,-136
1767172598.452238,-3,-1,-133
1767172598.462238,-6,2,-134
1767172598.472238,-5,3,-142
1767172598.482238,-4,1,-136
1767172598.492238,-6,1,-135
1767172598.502238,0,4,-139
1767172598.5122385,2,0,-140
1767172598.5222385,2,0,-135
1767172598.5322382,0,2,-132
1767172598.5422382,-3,2,-132
1767172598.5522382,1,0,-141
1767172598.5622382,4,1,-143
1767172598.5722382,5,0,-140
1767172598.5822382,2,-5,-134
1767172598.5922382,1,-10,-136
1767172598.6022382,-2,-9,-141
1767172598.6122382,-3,-8,-140
1767172598.6222382,0,-1,-143
1767172598.632238,-3,0,-139
1767172598.642238,-3,3,-134
1767172598.652238,0,-1,-131
1767172598.662238,2,0,-131
1767172598.672238,1,1,-134
1767172598.682238,0,0,-127
1767172598.692238,-2,-2,-129
1767172598.702238,2,0,-130
1767172598.712238,3,0,-133
1767172598.722238,1,1,-136
1767172598.732238,0,2,-137
1767172598.742238,-1,0,-135
1767172598.752238,0,-1,-130
1767172598.7622385,2,-2,-127
1767172598.7722385,0,-2,-131
1767172598.7822382,0,-4,-128
1767172598.7922382,0,-5,-128
1767172598.814238,4,-3,-123
1767172598.8222382,5,-2,-126
1767172598.8322382,4,-2,-126
1767172598.8422382,3,0,-128
1767172598.8522382,3,0,-130
1767172598.8622382,4,0,-133
1767172598.8722382,-1,3,-136
1767172598.882238,-3,4,-135
1767172598.892238,-7,0,-132
1767172598.902238,-6,0,-143
1767172598.912238,-6,-2,-153
1767172598.922238,-4,-2,-154
1767172598.932238,-4,-8,-152
1767172598.942238,-2,-7,-156
1767172598.952238,0,-1,-152
1767172598.962238,0,0,-143
1767172598.972238,0,4,-142
1767172598.982238,-3,1,-144
1767172598.992238,-2,1,-141
1767172599.002238,-4,0,-138
1767172599.0122385,-6,1,-134
1767172599.0222385,-3,0,-135
1767172599.0322382,-1,-2,-139
1767172599.0422382,-3,-4,-141
1767172599.0522382,3,0,-143
1767172599.0622382,1,0,-146
1767172599.0722382,-1,0,-143
1767172599.0822382,0,0,-144
1767172599.0922382,1,0,-149
1767172599.103238,1,2,-149
1767172599.113238,5,0,-149
1767172599.123238,1,-3,-148
1767172599.133238,0,-2,-143
1767172599.143238,-2,0,-144
1767172599.153238,-4,-3,-139
1767172599.163238,-6,-6,-142
1767172599.173238,-2,-5,-139
1767172599.1832385,-5,-4,-143
1767172599.1932385,-1,-5,-149
1767172599.2032382,0,-5,-151
1767172599.2132382,1,-1,-152
1767172599.2232382,0,-2,-151
1767172599.2332382,-2,-3,-149
1767172599.2432382,-1,-5,-152
1767172599.2532382,1,-4,-152
1767172599.2632382,-3,-2,-148
1767172599.2732382,-7,-3,-143
1767172599.2832382,-6,-6,-145
1767172599.2932382,-2,-8,-148
1767172599.3032382,4,-4,-150
1767172599.313238,3,-5,-156
1767172599.323238,5,-2,-156
1767172599.333238,4,-2,-153
1767172599.343238,3,-2,-151
1767172599.353238,-1,-3,-149
1767172599.363238,-4,-3,-143
1767172599.373238,0,-4,-143
1767172599.383238,-2,-5,-147
1767172599.393238,1,-3,-152
1767172599.403238,-1,-3,-146
1767172599.413238,-3,-5,-141
1767172599.423238,0,-4,-141
1767172599.4332385,0,-2,-138
1767172599.4432385,1,-5,-143
1767172599.4532382,3,-4,-143
1767172599.4632382,3,-5,-140
1767172599.4732382,6,-3,-143
1767172599.4832382,6,-1,-146
1767172599.4932382,4,-1,-144
1767172599.5032382,6,0,-136
1767172599.5132382,4,-3,-135
1767172599.5232382,-1,-3,-135
1767172599.5332382,-3,-4,-137
1767172599.5432382,-1,-2,-137
1767172599.5532382,3,-5,-128
1767172599.563238,4,-2,-127
1767172599.573238,0,-1,-126
1767172599.583238,1,-4,-128
1767172599.593238,3,-4,-126
1767172599.603238,4,-1,-128
1767172599.613238,-3,-6,-129
1767172599.623238,-3,-9,-128
1767172599.633238,0,-9,-129
1767172599.643238,4,-9,-130
1767172599.653238,0,-5,-128
1767172599.663238,0,-1,-130
1767172599.673238,0,0,-132
1767172599.6832385,2,-5,-133
1767172599.6932385,5,-4,-140
1767172599.7032382,6,-2,-142
1767172599.7132382,4,-2,-142
1767172599.7232382,4,-6,-146
1767172599.7332382,5,-5,-149
1767172599.7432382,-1,-4,-147
1767172599.7532382,0,-6,-145
1767172599.7632382,4,-6,-145
1767172599.7732382,4,-4,-140
1767172599.7832382,2,-7,-146
1767172599.7932382,0,-4,-145
1767172599.8032382,0,-4,-137
1767172599.813238,-2,-11,-137
1767172599.823238,0,-14,-128
1767172599.833238,3,-7,-129
1767172599.843238,0,-6,-132
1767172599.853238,2,-5,-131
1767172599.863238,5,-3,-140
1767172599.873238,5,-6,-143
1767172599.883238,4,-2,-142
1767172599.893238,2,-1,-142
1767172599.903238,0,-1,-143
1767172599.913238,3,-1,-148
1767172599.923238,5,-2,-149
1767172599.9332385,2,0,-151
1767172599.9432385,6,-3,-154
1767172599.9532382,6,-5,-153
1767172599.9632382,7,-3,-150
1767172599.9732382,1,-3,-151
1767172599.9832382,-1,-3,-151
1767172599.9932382,0,-3,-146
1767172600.0032382,3,-5,-148
1767172600.0132382,9,-6,-142
1767172600.0232382,9,-1,-139
1767172600.0332382,10,-4,-134
1767172600.0432382,6,-3,-136
1767172600.0532382,3,-8,-142
1767172600.063238,4,-4,-144
1767172600.073238,0,-3,-141
1767172600.083238,2,-1,-143
1767172600.093238,5,0,-136
1767172600.103238,6,2,-140
1767172600.113238,1,1,-139
1767172600.123238,-1,1,-139
1767172600.133238,-1,-3,-138
1767172600.143238,-1,-2,-136
1767172600.153238,-2,-1,-139
1767172600.163238,-6,-2,-139
1767172600.173238,-7,-1,-139
1767172600.1832385,-3,5,-144
1767172600.1932385,-5,2,-136
1767172600.2032382,-6,-1,-134
1767172600.2132382,-5,-1,-133
1767172600.2232382,-5,2,-133
1767172600.2332382,-1,2,-126
1767172600.2432382,2,4,-131
1767172600.2532382,4,5,-133
1767172600.2632382,3,1,-141
1767172600.2732382,3,0,-136
1767172600.2832382,4,8,-138
1767172600.2932382,0,6,-135
1767172600.3032382,1,6,-130
1767172600.313238,4,6,-132
1767172600.323238,5,5,-132
1767172600.333238,5,4,-134
1767172600.343238,2,1,-134
1767172600.353238,2,1,-135
1767172600.363238,0,0,-128
1767172600.373238,3,-2,-134
1767172600.383238,0,-3,-135
1767172600.393238,-1,-3,-129
1767172600.403238,-4,-2,-126
1767172600.413238,2,1,-126
1767172600.423238,3,4,-131
1767172600.4332385,1,0,-133
1767172600.4432385,-4,1,-136
1767172600.4532382,-1,2,-127
1767172600.4632382,1,0,-131
1767172600.4732382,1,-5,-129
1767172600.4832382,0,-3,-134
1767172600.4932382,0,-6,-137
1767172600.5032382,-2,-8,-143
1767172600.5132382,-4,-7,-148
1767172600.5232382,-5,-6,-145
1767172600.5332382,-4,0,-144
1767172600.5432382,-5,0,-141
1767172600.5532382,-5,1,-132
1767172600.563238,-2,-4,-130
1767172600.573238,1,-4,-133
1767172600.583238,-1,-2,-136
1767172600.593238,-1,-1,-136
1767172600.603238,-1,-3,-138
1767172600.613238,0,-2,-136
1767172600.623238,0,-3,-135
1767172600.633238,2,0,-139
1767172600.643238,5,1,-142
1767172600.653238,5,0,-147
1767172600.663238,7,0,-142
1767172600.673238,5,0,-140
1767172600.6832385,4,1,-141
1767172600.6932385,0,-1,-140
1767172600.7032382,-2,0,-144
1767172600.7132382,-2,1,-141
1767172600.7232382,0,1,-149
1767172600.7332382,1,-3,-147
1767172600.7432382,0,-7,-150
1767172600.7532382,1,-10,-149
1767172600.7632382,0,-3,-148
1767172600.7732382,0,1,-147
1767172600.7832382,-5,2,-147
1767172600.7932382,-2,0,-146
1767172600.8032382,0,-3,-146
1767172600.813238,0,-5,-137
1767172600.823238,-1,-9,-136
1767172600.833238,2,-9,-132
1767172600.843238,3,-5,-121
1767172600.853238,5,0,-129
1767172600.863238,5,0,-133
1767172600.873238,6,0,-133
1767172600.883238,3,7,-138
1767172600.893238,2,8,-139
1767172600.903238,2,6,-133
1767172600.913238,5,2,-136
1767172600.923238,8,2,-136
1767172600.9332385,3,2,-137
1767172600.9432385,2,-1,-131
1767172600.9532382,1,0,-137
1767172600.9632382,1,0,-135
1767172600.9732382,0,0,-133
1767172600.9832382,-1,-3,-135
1767172600.9932382,1,-5,-138
1767172601.0032382,5,-3,-144
1767172601.0132382,9,-5,-139
1767172601.0232382,8,-6,-137
1767172601.0332382,8,-7,-134
1767172601.0432382,8,-1,-126
1767172601.0532382,6,-2,-127
1767172601.063238,8,-5,-129
1767172601.073238,9,-7,-126
1767172601.083238,6,-7,-125
1767172601.093238,5,-5,-126
1767172601.103238,1,-9,-128
1767172601.113238,0,-7,-125
1767172601.123238,-1,-3,-126
1767172601.133238,-4,-5,-125
1767172601.143238,-1,-5,-131
1767172601.153238,-1,-8,-134
1767172601.163238,-1,-7,-138
1767172601.173238,-3,-9,-136
1767172601.1832385,0,-8,-134
1767172601.1932385,-5,-8,-140
1767172601.2032382,-4,-6,-141
1767172601.2132382,-9,-4,-140
1767172601.2232382,-3,-3,-141
1767172601.2332382,-3,-2,-148
1767172601.2432382,-1,-5,-144
1767172601.2532382,-2,-2,-143
1767172601.2632382,0,-2,-139
1767172601.2732382,0,0,-142
1767172601.2832382,-3,0,-140
1767172601.2932382,-6,2,-137
1767172601.3032382,0,1,-132
1767172601.313238,-2,1,-131
1767172601.323238,-4,-3,-126
1767172601.333238,-6,-7,-124
1767172601.343238,-5,-9,-120
1767172601.353238,-5,-11,-119
1767172601.363238,-5,-9,-128
1767172601.373238,-7,-6,-132
1767172601.383238,-9,-3,-130
1767172601.393238,-6,-4,-132
1767172601.403238,-5,-3,-127
1767172601.413238,-2,0,-129
1767172601.423238,-1,-5,-134
1767172601.4332385,2,-3,-133
1767172601.4432385,3,-4,-137
1767172601.4532382,5,0,-141
1767172601.4632382,5,4,-139
1767172601.4732382,3,6,-145
1767172601.4832382,-1,0,-145
1767172601.4932382,0,2,-146
1767172601.5032382,1,5,-145
1767172601.514238,0,6,-145
1767172601.5232382,3,4,-149
1767172601.5332382,5,4,-143
1767172601.5432382,0,2,-144
1767172601.5532382,1,0,-145
1767172601.563238,2,-2,-150
1767172601.573238,0,-2,-145
1767172601.583238,-3,-6,-147
1767172601.593238,-7,-5,-145
1767172601.603238,-7,-4,-147
1767172601.613238,-7,-5,-143
1767172601.623238,-5,-2,-145
1767172601.633238,-2,0,-139
1767172601.643238,-4,-2,-139
1767172601.653238,0,-2,-145
1767172601.663238,-1,-2,-146
1767172601.673238,0,-5,-146
1767172601.6842382,-1,-6,-144
1767172601.6932385,0,-5,-137
1767172601.7042382,-1,-3,-134
1767172601.7142382,-3,-1,-133
1767172601.7242382,-1,0,-142
1767172601.734238,0,0,-141
1767172601.7432382,-3,-2,-141
1767172601.754238,0,-2,-141
1767172601.764238,4,-3,-142
1767172601.774238,7,-4,-136
1767172601.784238,4,-5,-136
1767172601.794238,3,-5,-128
1767172601.804238,6,-5,-124
1767172601.814238,4,-7,-128
1767172601.824238,4,1,-125
1767172601.834238,3,4,-124
1767172601.844238,2,4,-125
1767172601.8542385,2,3,-131
1767172601.8642385,1,1,-129
1767172601.8742385,-2,-3,-127
1767172601.8842382,-1,-2,-134
1767172601.8942382,-6,0,-134
1767172601.9042382,-6,1,-134
1767172601.9142382,-7,-1,-133
1767172601.9242382,-7,-3,-139
1767172601.9342382,-5,-5,-139
1767172601.9442382,-2,0,-127
1767172601.9542382,0,2,-129
1767172601.9642382,1,0,-126
1767172601.9742382,-3,0,-126
1767172601.984238,-5,1,-126
1767172601.994238,-4,3,-129
1767172602.004238,-4,1,-133
1767172602.014238,0,1,-134
1767172602.024238,1,4,-130
1767172602.034238,2,3,-131
1767172602.044238,4,-2,-134
1767172602.054238,3,1,-139
1767172602.064238,-1,-4,-138
1767172602.074238,-8,0,-135
1767172602.084238,-5,0,-136
1767172602.094238,-8,0,-136
1767172602.1042385,-2,1,-134
1767172602.1142385,1,2,-129
1767172602.1242385,-2,0,-131
1767172602.1342382,-1,-1,-133
1767172602.1442382,0,-5,-136
1767172602.1542382,0,-3,-137
1767172602.1642382,-1,-3,-130
1767172602.1742382,0,-1,-132
1767172602.1842382,0,-2,-137
1767172602.1942382,-3,-5,-136
1767172602.2042382,0,-8,-129
1767172602.2142382,3,-5,-128
1767172602.2242382,-2,-4,-134
1767172602.234238,-4,-4,-138
1767172602.244238,-3,-2,-134
1767172602.254238,-5,-4,-134
1767172602.264238,-9,-6,-128
1767172602.274238,-8,-5,-132
1767172602.284238,-3,-1,-130
1767172602.294238,-1,-4,-134
1767172602.304238,-5,-1,-138
1767172602.314238,-5,-4,-140
1767172602.324238,-3,-2,-140
1767172602.334238,-1,0,-141
1767172602.344238,0,1,-144
1767172602.3542385,-1,0,-144
1767172602.3642385,3,-4,-139
1767172602.3742385,1,-5,-137
1767172602.3842382,0,-4,-135
1767172602.3942382,-1,-2,-141
1767172602.4042382,2,-5,-136
1767172602.4142382,4,-9,-140
1767172602.4242382,5,-8,-143
1767172602.4342382,7,-7,-144
1767172602.4442382,5,-6,-146
1767172602.4542382,9,-4,-142
1767172602.4642382,11,-4,-141
1767172602.4742382,4,-4,-141
1767172602.484238,1,-7,-140
1767172602.494238,5,-5,-134
1767172602.504238,6,-5,-136
1767172602.514238,1,-3,-131
1767172602.524238,-1,-1,-133
1767172602.534238,-3,-4,-137
1767172602.544238,-1,-1,-137
1767172602.554238,0,0,-142
1767172602.564238,3,0,-143
1767172602.574238,2,-1,-144
1767172602.584238,1,-5,-143
1767172602.594238,1,-9,-134
1767172602.6042385,5,-9,-136
1767172602.6142385,3,-6,-130
1767172602.6242385,1,-4,-128
1767172602.6342382,0,-8,-130
1767172602.6442382,2,-6,-132
1767172602.6542382,4,-4,-130
1767172602.6642382,3,-4,-136
1767172602.6742382,9,-8,-133
1767172602.6842382,8,-2,-127
1767172602.6942382,11,-2,-130
1767172602.7042382,7,-5,-132
1767172602.7142382,5,-4,-128
1767172602.7242382,2,-10,-135
1767172602.734238,0,-10,-138
1767172602.744238,0,-5,-136
1767172602.754238,-1,-7,-133
1767172602.764238,-2,-5,-140
1767172602.774238,-8,-7,-141
1767172602.784238,-5,-6,-136
1767172602.794238,-3,-4,-134
1767172602.804238,0,-4,-136
1767172602.814238,1,-4,-132
1767172602.824238,-1,-5,-135
1767172602.834238,4,-2,-136
1767172602.844238,6,-1,-141
1767172602.8542385,10,0,-140
1767172602.8642385,8,-1,-133
1767172602.8742385,0,-2,-132
1767172602.8842382,2,-6,-129
1767172602.8942382,0,-2,-125
1767172602.9042382,-1,-1,-127
1767172602.9142382,-3,-4,-130
1767172602.9242382,-1,-2,-134
1767172602.9342382,0,1,-139
1767172602.9442382,0,0,-137
1767172602.9542382,2,3,-141
1767172602.9642382,0,7,-143
1767172602.9742382,0,8,-143
1767172602.984238,-2,7,-140
1767172602.994238,-1,4,-137
1767172603.004238,1,5,-135
1767172603.014238,2,5,-134
1767172603.024238,4,3,-137
1767172603.034238,2,0,-138
1767172603.044238,6,2,-146
1767172603.054238,7,0,-143
1767172603.064238,7,-1,-136
1767172603.074238,5,-6,-136
1767172603.084238,8,-5,-137
1767172603.094238,5,-2,-135
1767172603.1042385,-1,-1,-130
1767172603.1142385,-2,-1,-135
1767172603.1242385,-2,0,-134
1767172603.1342382,-4,1,-136
1767172603.1442382,-4,2,-131
1767172603.1542382,-4,1,-142
1767172603.1642382,-3,1,-141
1767172603.1742382,-2,0,-140
1767172603.1842382,-6,1,-142
1767172603.1942382,-9,1,-139
1767172603.2042382,-4,-3,-139
1767172603.2142382,-2,-2,-137
1767172603.2242382,0,-3,-134
1767172603.234238,4,-2,-136
1767172603.244238,9,-2,-132
1767172603.254238,9,0,-136
1767172603.264238,2,1,-139
1767172603.274238,0,0,-140
1767172603.284238,0,-3,-150
1767172603.294238,0,-3,-154
1767172603.304238,-1,0,-153
1767172603.314238,1,3,-156
1767172603.324238,0,2,-155
1767172603.334238,4,0,-151
1767172603.344238,4,0,-152
1767172603.3542385,3,0,-150
1767172603.3642385,3,-3,-154
1767172603.3742385,0,-2,-151
1767172603.3842382,0,1,-146
1767172603.3942382,0,0,-137
1767172603.4042382,0,0,-140
1767172603.4142382,-6,1,-145
1767172603.4242382,-3,0,-144
1767172603.4342382,-5,-3,-145
1767172603.4442382,-7,-5,-146
1767172603.4542382,-4,-3,-142
1767172603.4642382,-4,-5,-145
1767172603.4742382,-7,-2,-136
1767172603.484238,-10,2,-134
1767172603.494238,-11,6,-134
1767172603.504238,-13,9,-136
1767172603.514238,-10,7,-137
1767172603.524238,-8,5,-135
1767172603.534238,-4,2,-136
1767172603.544238,1,0,-138
1767172603.554238,2,-1,-133
1767172603.564238,2,-3,-133
1767172603.574238,0,1,-132
1767172603.584238,1,3,-138
1767172603.594238,-2,1,-136
1767172603.6042385,-6,1,-141
1767172603.6142385,-5,3,-142
1767172603.6242385,-4,2,-142
1767172603.6342382,-6,2,-145
1767172603.6442382,-4,4,-140
1767172603.6542382,-1,1,-136
1767172603.6642382,-1,-6,-134
1767172603.6742382,0,-8,-135
1767172603.6842382,2,-9,-133
1767172603.6942382,2,-4,-131
1767172603.7042382,0,0,-135
1767172603.7142382,1,0,-134
1767172603.7242382,-2,0,-138
1767172603.734238,-1,0,-135
1767172603.744238,-2,0,-127
1767172603.754238,-3,1,-125
1767172603.764238,-2,-1,-121
1767172603.774238,-1,0,-126
1767172603.784238,0,-3,-133
1767172603.794238,-1,0,-136
1767172603.804238,-2,-3,-141
1767172603.8252382,-7,-8,-140
1767172603.834238,-6,-5,-143
1767172603.844238,-8,-2,-136
1767172603.8542385,-1,-4,-135
1767172603.8642385,5,-4,-133
1767172603.8742385,1,-7,-131
1767172603.8842382,0,-7,-127
1767172603.8942382,4,-3,-125
1767172603.9042382,0,-4,-122
1767172603.9142382,0,-1,-132
1767172603.9242382,1,-1,-135
1767172603.9342382,0,-1,-129
1767172603.9442382,0,0,-127
1767172603.9542382,1,0,-132
1767172603.9642382,-4,1,-137
1767172603.9742382,-8,0,-137
1767172603.984238,-7,-1,-136
1767172603.994238,-4,-2,-130
1767172604.004238,-1,-1,-129
1767172604.014238,3,-1,-134
1767172604.024238,-1,-1,-134
1767172604.034238,-3,2,-136
1767172604.044238,-5,1,-137
1767172604.054238,-3,2,-139
1767172604.064238,-4,0,-140
1767172604.074238,-1,-4,-144
1767172604.084238,3,-4,-138
1767172604.094238,0,-4,-141
1767172604.1042385,1,-4,-140
1767172604.1142385,0,-4,-141
1767172604.1242385,-3,0,-139
1767172604.1342382,-3,-1,-137
1767172604.1442382,-3,-1,-137
1767172604.1542382,-5,-1,-136
1767172604.1642382,2,0,-133
1767172604.1742382,6,-2,-131
1767172604.1842382,2,-1,-133
1767172604.1942382,0,-1,-133
1767172604.2042382,0,4,-136
1767172604.2142382,2,4,-129
1767172604.2242382,3,4,-138
1767172604.235238,2,-2,-136
1767172604.244238,3,-1,-140
1767172604.254238,0,-3,-136
1767172604.265238,0,-7,-131
1767172604.274238,-3,-9,-129
1767172604.284238,-4,-2,-127
1767172604.2952385,-1,-1,-128
1767172604.3052382,-1,3,-129
1767172604.3152382,0,3,-135
1767172604.3252382,-1,4,-138
1767172604.3352382,0,0,-140
1767172604.3452382,3,0,-135
1767172604.3552382,0,1,-130
1767172604.3652382,0,1,-121
1767172604.3752382,4,-1,-124
1767172604.3852382,3,-4,-124
1767172604.3952382,3,-4,-119
1767172604.4052382,1,-8,-124
1767172604.415238,5,-6,-124
1767172604.425238,5,-6,-131
1767172604.435238,5,-9,-133
1767172604.445238,6,-9,-137
1767172604.455238,3,-10,-143
1767172604.465238,-2,-6,-139
1767172604.475238,-4,-8,-140
1767172604.485238,-3,-7,-136
1767172604.495238,-3,-7,-132
1767172604.505238,-4,-3,-124
1767172604.515238,0,-3,-122
1767172604.525238,-3,-5,-120
1767172604.5352385,-2,-3,-129
1767172604.5452385,-1,0,-135
1767172604.5552382,-2,-3,-133
1767172604.5652382,-8,0,-136
1767172604.5752382,-3,0,-144
1767172604.5852382,-10,0,-146
1767172604.5952382,-10,-3,-148
1767172604.6052382,-4,-6,-150
1767172604.6152382,-3,-6,-148
1767172604.6252382,0,-9,-144
1767172604.6352382,-1,-10,-136
1767172604.6452382,-3,-7,-132
1767172604.6552382,0,-5,-135
1767172604.665238,-1,-6,-133
1767172604.675238,-2,-10,-134
1767172604.685238,-5,-7,-136
1767172604.695238,-3,-11,-139
1767172604.705238,1,-16,-136
1767172604.715238,6,-15,-139
1767172604.725238,1,-16,-141
1767172604.735238,0,-11,-146
1767172604.745238,3,-8,-141
1767172604.755238,3,-7,-140
1767172604.765238,2,-7,-137
1767172604.775238,-2,-3,-143
1767172604.7852385,-1,-3,-138
1767172604.7952385,0,-2,-134
1767172604.8052382,0,2,-139
1767172604.8152382,0,1,-143
1767172604.8252382,0,0,-138
1767172604.8352382,0,0,-137
1767172604.8452382,-1,0,-139
1767172604.8552382,2,3,-139
1767172604.8652382,1,5,-140
1767172604.8752382,-3,0,-142
1767172604.8852382,-3,0,-140
1767172604.8952382,-1,-2,-149
1767172604.9052382,-3,0,-149
1767172604.915238,0,-1,-144
1767172604.925238,0,0,-142
1767172604.935238,4,-1,-133
1767172604.945238,1,0,-134
1767172604.955238,0,1,-129
1767172604.965238,0,0,-130
1767172604.975238,2,0,-127
1767172604.985238,4,-1,-134
1767172604.995238,5,-1,-139
1767172605.005238,10,2,-139
1767172605.015238,6,0,-138
1767172605.025238,4,-1,-144
1767172605.0352385,1,-1,-144
1767172605.0452385,0,-3,-142
1767172605.0552382,-4,-7,-134
1767172605.0652382,-9,-6,-134
1767172605.0752382,-8,-4,-132
1767172605.0852382,-7,-3,-133
1767172605.0952382,-8,0,-141
1767172605.1052382,-10,2,-138
1767172605.1152382,-8,3,-135
1767172605.1252382,-7,5,-134
1767172605.1352382,-8,4,-135
1767172605.1452382,-12,1,-137
1767172605.1552382,-6,-3,-130
1767172605.165238,-6,-1,-134
1767172605.175238,-6,0,-129
1767172605.185238,-1,0,-129
1767172605.195238,-4,1,-132
1767172605.205238,-2,-2,-134
1767172605.215238,-1,-6,-137
1767172605.225238,-5,-9,-135
1767172605.235238,0,-13,-132
1767172605.245238,0,-13,-135
1767172605.255238,0,-16,-141
1767172605.265238,-1,-16,-144
1767172605.275238,-1,-14,-146
1767172605.2852385,-2,-11,-139
1767172605.2952385,-3,-8,-137
1767172605.3052382,-5,-4,-143
1767172605.3152382,-1,-3,-146
1767172605.3252382,-4,-2,-147
1767172605.3352382,-3,-1,-145
1767172605.3452382,-4,-1,-149
1767172605.3552382,-2,-1,-148
1767172605.3652382,-1,0,-137
1767172605.3752382,0,0,-135
1767172605.3852382,-4,-3,-137
1767172605.3952382,-6,-3,-143
1767172605.4052382,-9,-2,-144
1767172605.415238,-9,-2,-143
1767172605.425238,-14,-2,-137
1767172605.435238,-11,-3,-137
1767172605.445238,-10,-6,-142
1767172605.455238,-11,-1,-145
1767172605.465238,-9,-3,-142
1767172605.475238,-3,-2,-132
1767172605.485238,-6,-2,-136
1767172605.495238,-6,0,-136
1767172605.505238,-11,-1,-134
1767172605.515238,-10,0,-131
1767172605.525238,-5,0,-133
1767172605.5352385,2,-2,-140
1767172605.5452385,1,-5,-136
1767172605.5552382,4,-3,-129
1767172605.5652382,10,-5,-126
1767172605.5752382,11,-7,-129
1767172605.5852382,3,-5,-135
1767172605.5952382,0,-3,-143
1767172605.6052382,3,-3,-140
1767172605.6152382,1,-4,-136
1767172605.6252382,-3,-5,-135
1767172605.6352382,-3,-6,-136
1767172605.6452382,-5,-1,-131
1767172605.6552382,-3,0,-126
1767172605.665238,-5,0,-128
1767172605.675238,-4,-1,-128
1767172605.685238,2,-5,-134
1767172605.695238,1,-5,-130
1767172605.705238,1,-7,-128
1767172605.715238,0,-5,-124
1767172605.725238,0,-7,-130
1767172605.735238,2,-4,-137
1767172605.745238,2,-3,-138
1767172605.755238,0,-3,-141
1767172605.765238,-5,-3,-141
1767172605.775238,-7,-2,-133
1767172605.7852385,0,-2,-133
1767172605.7952385,-3,-4,-138
1767172605.8052382,-1,-4,-139
1767172605.8152382,4,-6,-145
1767172605.8252382,5,-5,-142
1767172605.8352382,5,-3,-147
1767172605.8452382,4,-5,-143
1767172605.8552382,3,-6,-139
1767172605.8652382,3,-8,-141
1767172605.8752382,-1,-7,-134
1767172605.8852382,-5,-7,-126
1767172605.8952382,-5,-9,-129
1767172605.9052382,-11,-6,-139
1767172605.915238,-10,-3,-138
1767172605.925238,-9,0,-136
1767172605.935238,-7,0,-131
1767172605.945238,-7,-1,-129
1767172605.955238,-5,-4,-133
1767172605.965238,-4,-1,-130
1767172605.975238,-3,0,-133
1767172605.985238,-2,5,-130
1767172605.995238,-5,2,-123
1767172606.005238,-4,4,-117
1767172606.015238,-6,1,-121
1767172606.025238,-9,1,-128
1767172606.0352385,-7,0,-132
1767172606.0452385,-5,0,-134
1767172606.0552382,-1,0,-136
1767172606.0652382,-2,2,-137
1767172606.0752382,-4,1,-143
1767172606.0852382,0,0,-144
1767172606.0952382,5,0,-142
1767172606.1052382,5,0,-132
1767172606.1152382,8,1,-128
1767172606.1252382,6,0,-129
1767172606.1352382,1,-3,-135
1767172606.1452382,-3,-4,-143
1767172606.1552382,-3,-6,-136
1767172606.165238,-3,-7,-138
1767172606.175238,-2,-6,-137
1767172606.185238,-2,-8,-143
1767172606.195238,-3,-8,-134
1767172606.205238,-8,-5,-131
1767172606.215238,-5,-7,-131
1767172606.225238,-5,-4,-137
1767172606.235238,-1,0,-142
1767172606.245238,0,0,-143
1767172606.255238,0,-2,-136
1767172606.265238,0,-3,-144
1767172606.275238,0,0,-150
1767172606.2852385,2,2,-147
1767172606.2952385,-1,2,-142
1767172606.3052382,0,2,-141
1767172606.3152382,1,0,-139
1767172606.3252382,2,0,-138
1767172606.3352382,4,-1,-142
1767172606.3452382,0,-3,-141
1767172606.3552382,0,0,-141
1767172606.3652382,0,-3,-134
1767172606.3752382,1,-5,-134
1767172606.3852382,2,-4,-141
1767172606.3952382,0,-8,-145
1767172606.4052382,1,-6,-142
1767172606.415238,-2,-5,-139
1767172606.425238,-5,-7,-143
1767172606.435238,-6,-7,-146
1767172606.445238,-9,-7,-145
1767172606.455238,-7,-4,-141
1767172606.465238,-6,0,-137
1767172606.475238,-6,-2,-140
1767172606.485238,-3,1,-144
1767172606.495238,-3,-1,-147
1767172606.505238,-4,0,-140
1767172606.515238,0,-1,-133
1767172606.525238,3,-3,-134
1767172606.5352385,0,-3,-143
1767172606.5452385,-1,0,-140
1767172606.5552382,0,-4,-134
1767172606.5652382,1,-6,-151
1767172606.5752382,4,-2,-146
1767172606.5852382,5,-2,-148
1767172606.5952382,6,-5,-144
1767172606.6052382,9,-3,-140
1767172606.6152382,1,-1,-144
1767172606.6252382,0,0,-149
1767172606.6352382,-3,-3,-149
1767172606.6452382,-3,-6,-147
1767172606.6552382,-2,-7,-143
1767172606.665238,0,-9,-140
1767172606.675238,2,-6,-140
1767172606.685238,1,-7,-143
1767172606.695238,2,-6,-141
1767172606.705238,1,-4,-139
1767172606.715238,-5,-4,-131
1767172606.725238,-6,-2,-128
1767172606.735238,-5,1,-127
1767172606.745238,0,5,-130
1767172606.755238,1,5,-130
1767172606.765238,0,2,-132
1767172606.775238,-2,-3,-142
1767172606.7852385,-1,-4,-137
1767172606.7952385,3,-5,-141
1767172606.8052382,2,-1,-141
1767172606.8152382,3,1,-143
1767172606.8262382,0,0,-134
1767172606.8352382,-6,-2,-134
1767172606.8452382,-8,-5,-136
1767172606.856238,-8,-3,-138
1767172606.866238,-6,-4,-137
1767172606.876238,-7,-6,-140
1767172606.886238,-6,-6,-136
1767172606.896238,-6,-8,-140
1767172606.906238,-6,-6,-134
1767172606.916238,-2,-6,-131
1767172606.926238,-5,-5,-134
1767172606.936238,-7,-7,-131
1767172606.946238,-6,-6,-139
1767172606.9562385,-6,-8,-136
1767172606.9662385,0,-6,-137
1767172606.9762385,0,-3,-140
1767172606.9862382,0,-6,-136
1767172606.9962382,5,-7,-139
1767172607.0062382,8,0,-139
1767172607.0162382,5,0,-138
1767172607.0262382,1,-5,-138
1767172607.0362382,1,-7,-139
1767172607.0462382,0,-5,-140
1767172607.0562382,0,-4,-140
1767172607.0662382,0,-6,-143
1767172607.0762382,-3,-9,-147
1767172607.086238,-2,-10,-146
1767172607.096238,-7,-10,-141
1767172607.106238,-5,-5,-142
1767172607.116238,-4,-6,-140
1767172607.126238,-2,-3,-145
1767172607.136238,-2,-1,-143
1767172607.146238,-1,-2,-148
1767172607.156238,-5,0,-148
1767172607.166238,-2,0,-145
1767172607.176238,0,-4,-148
1767172607.186238,-2,0,-143
1767172607.196238,-3,2,-137
1767172607.2062385,-2,1,-141
1767172607.2162385,0,0,-133
1767172607.2262385,-1,0,-144
1767172607.2362382,-2,2,-140
1767172607.2462382,-5,2,-137
1767172607.2562382,-3,-1,-141
1767172607.2662382,-6,-3,-138
1767172607.2762382,-6,-8,-132
1767172607.2862382,-6,-6,-130
1767172607.2962382,-8,-4,-128
1767172607.3062382,-9,-6,-124
1767172607.3162382,-7,-3,-127
1767172607.3262382,-3,0,-130
1767172607.336238,-4,-1,-127
1767172607.346238,-9,0,-133
1767172607.356238,-8,0,-134
1767172607.366238,-2,1,-135
1767172607.376238,0,0,-134
1767172607.386238,0,0,-139
1767172607.396238,2,-3,-137
1767172607.406238,-3,-3,-136
1767172607.416238,-2,-4,-135
1767172607.426238,-3,-8,-141
1767172607.436238,-2,-7,-147
1767172607.446238,-1,-7,-140
1767172607.4562385,1,-7,-139
1767172607.4662385,1,-6,-146
1767172607.4762385,-4,-5,-145
1767172607.4862382,-2,-2,-143
1767172607.4962382,-6,-2,-141
1767172607.5062382,-2,-1,-140
1767172607.5162382,0,-2,-146
1767172607.5262382,1,0,-147
1767172607.5362382,-2,5,-146
1767172607.5462382,-5,0,-151
1767172607.5562382,-3,0,-134
1767172607.5662382,-2,1,-131
1767172607.5762382,-2,2,-125
1767172607.586238,-4,2,-127
1767172607.596238,-3,1,-132
1767172607.606238,2,0,-139
1767172607.616238,1,-1,-134
1767172607.626238,1,-4,-134
1767172607.636238,-3,-2,-135
1767172607.646238,-3,0,-136
1767172607.656238,-4,-2,-139
1767172607.666238,-3,-4,-142
1767172607.676238,-5,-1,-136
1767172607.686238,0,-1,-132
1767172607.696238,3,1,-129
1767172607.7062385,3,2,-132
1767172607.7162385,0,5,-130
1767172607.7262385,-6,2,-139
1767172607.7362382,-4,-2,-140
1767172607.7462382,-5,-6,-140
1767172607.7562382,-5,-8,-136
1767172607.7662382,-2,-6,-137
1767172607.7762382,-2,-4,-135
1767172607.7862382,-7,-5,-133
1767172607.7962382,-2,-9,-134
1767172607.8062382,0,-11,-126
1767172607.8162382,-1,-6,-124
1767172607.8262382,-3,-7,-127
1767172607.836238,-5,-5,-128
1767172607.846238,-4,-5,-126
1767172607.856238,-8,-6,-125
1767172607.866238,-7,-2,-129
1767172607.876238,-5,0,-127
1767172607.886238,-4,-1,-126
1767172607.896238,2,-4,-128
1767172607.906238,-1,-4,-132
1767172607.916238,1,-4,-135
1767172607.926238,3,0,-142
1767172607.936238,3,1,-143
1767172607.946238,2,-2,-136
1767172607.9562385,4,-2,-133
1767172607.9662385,7,-3,-134
1767172607.9762385,6,-1,-132
1767172607.9862382,6,-2,-130
1767172607.9962382,3,-2,-132
1767172608.0062382,0,-4,-131
1767172608.0162382,1,-2,-134
1767172608.0262382,1,-1,-136
1767172608.0362382,0,0,-132
1767172608.0462382,-1,-1,-129
1767172608.0562382,-4,-1,-127
1767172608.0662382,-8,0,-134
1767172608.0762382,-5,-2,-137
1767172608.086238,-6,0,-136
1767172608.096238,-1,0,-134
1767172608.106238,0,-1,-134
1767172608.116238,1,-1,-140
1767172608.126238,2,0,-141
1767172608.136238,3,-2,-142
1767172608.146238,0,-3,-141
1767172608.156238,2,-2,-143
1767172608.166238,5,-1,-143
1767172608.176238,4,-2,-133
1767172608.186238,4,-2,-135
1767172608.196238,-2,0,-133
1767172608.2062385,-4,0,-125
1767172608.2162385,-6,2,-126
1767172608.2262385,-4,-1,-132
1767172608.2362382,-1,-2,-138
1767172608.2462382,1,-6,-137
1767172608.2562382,-3,-3,-138
1767172608.2662382,-6,0,-130
1767172608.2762382,0,2,-128
1767172608.2862382,0,0,-128
1767172608.2962382,1,-4,-129
1767172608.3062382,-3,0,-135
1767172608.3162382,-5,0,-132
1767172608.3262382,-4,-5,-130
1767172608.336238,-2,-6,-132
1767172608.346238,-3,-7,-147
1767172608.356238,-5,-7,-151
1767172608.366238,-8,-5,-152
1767172608.376238,-5,-5,-145
1767172608.386238,-7,-7,-143
1767172608.396238,-7,-4,-140
1767172608.406238,-2,0,-139
1767172608.416238,-1,-1,-139
1767172608.426238,1,0,-139
1767172608.436238,0,-4,-136
1767172608.446238,-3,-5,-136
1767172608.4562385,-1,-5,-140
1767172608.4662385,0,-3,-135
1767172608.4762385,1,-1,-141
1767172608.4862382,-4,-1,-139
1767172608.4962382,-5,-3,-142
1767172608.5062382,-5,-5,-145
1767172608.5162382,-3,-5,-134
1767172608.5262382,-4,-5,-139
1767172608.5362382,-5,-1,-137
1767172608.5462382,-7,-1,-134
1767172608.5562382,-4,-4,-127
1767172608.5662382,-1,-2,-124
1767172608.5762382,-1,-2,-126
1767172608.586238,-2,0,-134
1767172608.596238,-3,0,-131
1767172608.606238,-6,-2,-134
1767172608.616238,-4,0,-139
1767172608.626238,-3,0,-136
1767172608.636238,-4,-2,-140
1767172608.646238,0,-5,-136
1767172608.656238,1,-6,-133
1767172608.666238,0,-5,-136
1767172608.676238,3,-5,-133
1767172608.686238,3,-4,-131
1767172608.696238,6,-1,-137
1767172608.7062385,6,0,-138
1767172608.7162385,6,0,-136
1767172608.7262385,0,0,-131
1767172608.7362382,-1,1,-131
1767172608.7462382,-2,1,-130
1767172608.7562382,-1,1,-133
1767172608.7662382,0,0,-140
1767172608.7762382,2,-4,-140
1767172608.7862382,1,-11,-140
1767172608.7962382,2,-10,-136
1767172608.8062382,2,-7,-137
1767172608.8162382,2,-3,-139
1767172608.8382382,7,-1,-135
1767172608.846238,8,-5,-141
1767172608.856238,7,-4,-142
1767172608.866238,9,0,-143
1767172608.876238,13,1,-142
1767172608.886238,9,-1,-142
1767172608.896238,4,-5,-138
1767172608.906238,1,-8,-130
1767172608.916238,3,-7,-126
1767172608.926238,0,-9,-134
1767172608.936238,-1,-10,-133
1767172608.946238,-6,-7,-142
1767172608.9562385,-10,-5,-143
1767172608.9662385,-7,-2,-141
1767172608.9762385,-4,-2,-138
1767172608.9862382,-5,-1,-139
1767172608.9962382,-2,-5,-139
1767172609.0062382,-4,-6,-136
1767172609.0162382,-3,-7,-134
1767172609.0262382,-5,-7,-132
1767172609.0362382,-4,-7,-129
1767172609.0462382,-3,-9,-129
1767172609.0562382,-6,-10,-129
1767172609.0662382,-3,-11,-136
1767172609.0762382,-2,-9,-144
1767172609.086238,2,-5,-143
1767172609.096238,3,-3,-142
1767172609.106238,4,0,-141
1767172609.116238,2,-1,-147
1767172609.126238,4,-7,-149
1767172609.136238,5,-9,-148
1767172609.146238,5,-8,-142
1767172609.156238,3,-9,-141
1767172609.166238,0,-10,-139
1767172609.176238,-4,-11,-136
1767172609.186238,-4,-10,-136
1767172609.196238,-4,-8,-143
1767172609.2062385,-6,-2,-152
1767172609.2162385,-8,-1,-148
1767172609.2262385,-5,-1,-145
1767172609.2362382,-4,-4,-146
1767172609.2462382,0,0,-149
1767172609.2562382,2,-1,-147
1767172609.2662382,5,-1,-142
1767172609.2762382,7,-3,-140
1767172609.2862382,6,-4,-140
1767172609.2962382,5,-4,-139
1767172609.3062382,10,-4,-129
1767172609.3162382,8,-3,-126
1767172609.3262382,6,1,-127
1767172609.336238,4,1,-130
1767172609.346238,2,0,-130
1767172609.356238,4,1,-128
1767172609.366238,-1,3,-136
1767172609.376238,-2,3,-140
1767172609.386238,-2,5,-145
1767172609.396238,-1,1,-138
1767172609.406238,1,4,-132
1767172609.416238,0,6,-134
1767172609.4272382,0,5,-141
1767172609.4372382,3,1,-140
1767172609.4472382,2,0,-137
1767172609.4572382,3,-2,-137
1767172609.4672382,5,-3,-141
1767172609.4772382,0,-8,-141
1767172609.4872382,1,-7,-139
1767172609.4972382,0,-2,-136
1767172609.507238,0,-1,-140
1767172609.517238,1,1,-141
1767172609.527238,0,2,-137
1767172609.537238,1,1,-137
1767172609.547238,0,-1,-144
1767172609.557238,1,-3,-138
1767172609.567238,2,-3,-136
1767172609.577238,-5,-1,-131
1767172609.587238,-3,-2,-129
1767172609.597238,-1,-2,-129
1767172609.607238,1,-4,-130
1767172609.617238,-2,0,-131
1767172609.627238,-4,-1,-134
1767172609.6372385,-2,-4,-138
1767172609.6472385,0,-1,-142
1767172609.6572382,0,0,-140
1767172609.6672382,-4,-2,-144
1767172609.6772382,0,1,-147
1767172609.6872382,-1,0,-146
1767172609.6972382,-1,0,-148
1767172609.7072382,3,-1,-141
1767172609.7172382,1,-5,-140
1767172609.7272382,4,-3,-137
1767172609.7372382,4,-5,-141
1767172609.7472382,2,-1,-138
1767172609.757238,-4,-4,-130
1767172609.767238,-2,-3,-133
1767172609.777238,-2,-1,-141
1767172609.787238,-2,0,-140
1767172609.797238,-4,3,-143
1767172609.807238,-3,3,-144
1767172609.817238,-4,0,-145
1767172609.827238,-5,4,-143
1767172609.837238,-6,5,-142
1767172609.847238,-4,6,-141
1767172609.857238,-3,6,-137
1767172609.867238,-3,0,-133
1767172609.877238,-3,0,-132
1767172609.8872385,1,-1,-133
1767172609.8972385,1,0,-131
1767172609.9072382,0,-2,-130
1767172609.9172382,0,-1,-131
1767172609.9272382,-1,-1,-125
1767172609.9372382,3,2,-123
1767172609.9472382,5,2,-128
1767172609.9572382,5,0,-128
1767172609.9672382,0,-2,-128
1767172609.9772382,1,-3,-126
1767172609.9872382,0,-1,-135
1767172609.9972382,1,-1,-133
1767172610.007238,2,0,-131
1767172610.017238,2,0,-131
1767172610.027238,3,1,-126
1767172610.037238,1,-5,-130
1767172610.047238,3,-2,-137
1767172610.057238,1,-1,-135
1767172610.067238,1,0,-131
1767172610.077238,0,1,-129
1767172610.087238,-2,-1,-130
1767172610.097238,1,-3,-131
1767172610.107238,1,-1,-127
1767172610.117238,0,-4,-124
1767172610.127238,4,-4,-127
1767172610.1372385,4,-5,-132
1767172610.1472385,1,-5,-135
1767172610.1572382,-3,-8,-140
1767172610.1672382,-2,-7,-138
1767172610.1772382,-3,-6,-138
1767172610.1872382,-4,-2,-141
1767172610.1972382,-5,0,-136
1767172610.2072382,-2,-1,-131
1767172610.2172382,-1,-1,-130
1767172610.2272382,4,-2,-125
1767172610.2372382,2,-2,-122
1767172610.2472382,0,-2,-126
1767172610.257238,3,-5,-126
1767172610.267238,4,-6,-132
1767172610.277238,4,-5,-129
1767172610.287238,3,-6,-132
1767172610.297238,6,-5,-134
1767172610.307238,2,-3,-130
1767172610.317238,7,-8,-127
1767172610.327238,10,-7,-130
1767172610.337238,4,-6,-127
1767172610.347238,2,-5,-131
1767172610.357238,0,-4,-129
1767172610.367238,1,-5,-132
1767172610.377238,1,-4,-124
1767172610.3872385,2,-2,-135
1767172610.3972385,1,0,-137
1767172610.4072382,1,1,-135
1767172610.4172382,-2,0,-131
1767172610.4272382,-5,-1,-134
1767172610.4372382,0,-2,-132
1767172610.4472382,1,0,-124
1767172610.4572382,0,0,-119
1767172610.4672382,0,0,-123
1767172610.4772382,0,-1,-131
1767172610.4872382,-3,-3,-134
1767172610.4972382,-2,-4,-140
1767172610.507238,0,-5,-136
1767172610.517238,1,-9,-132
1767172610.527238,-4,-9,-134
1767172610.537238,-7,-7,-131
1767172610.547238,-7,-6,-135
1767172610.557238,-1,-4,-134
1767172610.567238,0,-1,-136
1767172610.577238,0,1,-142
1767172610.587238,2,1,-136
1767172610.597238,2,1,-132
1767172610.607238,2,1,-139
1767172610.617238,3,-3,-144
1767172610.627238,0,-8,-146
1767172610.6372385,-2,-5,-139
1767172610.6472385,-4,-3,-134
1767172610.6572382,-9,-2,-136
1767172610.6672382,-7,-5,-135
1767172610.6772382,-7,-3,-136
1767172610.6872382,1,-1,-142
1767172610.6972382,0,-2,-143
1767172610.7072382,-1,0,-143
1767172610.7172382,-1,1,-139
1767172610.7272382,-1,2,-137
1767172610.7372382,-1,0,-132
1767172610.7472382,-2,-5,-132
1767172610.757238,4,-5,-132
1767172610.767238,4,-3,-136
1767172610.777238,4,-5,-130
1767172610.787238,1,-2,-130
1767172610.797238,2,0,-130
1767172610.807238,-1,-1,-125
1767172610.817238,-4,-1,-124
1767172610.827238,0,-2,-134
1767172610.837238,-2,-5,-145
1767172610.847238,-3,-6,-147
1767172610.857238,-4,-2,-143
1767172610.867238,-3,0,-145
1767172610.877238,1,1,-145
1767172610.8872385,2,1,-141
1767172610.8972385,5,4,-144
1767172610.9072382,6,0,-142
1767172610.9172382,2,-2,-140
1767172610.9272382,5,-3,-135
1767172610.9372382,0,0,-132
1767172610.9472382,-2,0,-133
1767172610.9572382,2,0,-134
1767172610.9672382,-2,0,-129
1767172610.9772382,0,-2,-130
1767172610.9872382,6,-1,-134
1767172610.9972382,7,-2,-139
1767172611.007238,6,-2,-136
1767172611.017238,2,-4,-137
1767172611.027238,2,-4,-138
1767172611.037238,1,-6,-148
1767172611.047238,1,-5,-146
1767172611.057238,1,-4,-146
1767172611.067238,6,-4,-145
1767172611.077238,9,-6,-144
1767172611.087238,6,-6,-140
1767172611.097238,2,-9,-144
1767172611.107238,6,-7,-145
1767172611.117238,7,-8,-149
1767172611.127238,10,-7,-142
1767172611.1372385,15,-5,-135
1767172611.1472385,11,-2,-137
1767172611.1572382,9,-3,-140
1767172611.1672382,8,-3,-140
1767172611.1772382,10,-1,-138
1767172611.1872382,9,-5,-143
1767172611.1972382,4,-6,-135
1767172611.2072382,4,-3,-132
1767172611.2172382,3,0,-132
1767172611.2272382,3,2,-128
1767172611.2372382,3,2,-129
1767172611.2472382,7,1,-126
1767172611.257238,3,1,-131
1767172611.267238,2,-1,-131
1767172611.277238,0,-4,-140
1767172611.287238,-3,-5,-138
1767172611.297238,-3,-2,-139
1767172611.307238,-7,0,-134
1767172611.317238,-5,-1,-130
1767172611.327238,-4,-1,-128
1767172611.337238,-4,-5,-127
1767172611.347238,0,-4,-128
1767172611.357238,-2,-4,-133
1767172611.367238,0,-1,-129
1767172611.377238,-2,-3,-120
1767172611.3872385,-4,-1,-124
1767172611.3972385,2,0,-126
1767172611.4072382,0,0,-129
1767172611.4172382,3,-2,-130
1767172611.4272382,3,-1,-132
1767172611.4372382,2,0,-125
1767172611.4472382,5,-1,-133
1767172611.4572382,4,-4,-133
1767172611.4672382,6,-3,-131
1767172611.4772382,2,-4,-133
1767172611.4872382,0,-4,-133
1767172611.4972382,-3,-1,-133
1767172611.507238,-2,-1,-134
1767172611.517238,2,-5,-133
1767172611.527238,2,-7,-140
1767172611.537238,0,-4,-137
1767172611.547238,0,-3,-128
1767172611.557238,0,0,-133
1767172611.567238,0,0,-128
1767172611.577238,-1,-1,-131
1767172611.587238,2,-2,-131
1767172611.597238,0,0,-136
1767172611.607238,2,-2,-127
1767172611.617238,1,-6,-134
1767172611.627238,3,-8,-141
1767172611.6372385,2,-7,-143
1767172611.6472385,0,-9,-139
1767172611.6572382,-4,-9,-133
1767172611.6672382,-2,-8,-134
1767172611.6772382,-5,-5,-138
1767172611.6872382,-4,-3,-131
1767172611.6972382,-6,3,-130
1767172611.7072382,-4,5,-138
1767172611.7172382,0,5,-148
1767172611.7272382,-6,2,-146
1767172611.7372382,-6,4,-146
1767172611.7472382,-5,4,-145
1767172611.757238,-4,2,-144
1767172611.767238,-7,0,-146
1767172611.777238,-5,-2,-147
1767172611.787238,-3,-3,-142
1767172611.797238,1,-4,-147
1767172611.807238,-1,-3,-147
1767172611.817238,0,-6,-144
1767172611.827238,-3,-3,-143
1767172611.837238,0,-2,-142
1767172611.847238,-1,-2,-142
1767172611.857238,1,-3,-136
1767172611.867238,4,-4,-136
1767172611.877238,4,-3,-130
1767172611.8872385,0,-1,-127
1767172611.8972385,-1,-1,-129
1767172611.9072382,0,1,-131
1767172611.9172382,0,3,-126
1767172611.9272382,0,0,-124
1767172611.9372382,0,0,-122
1767172611.9472382,-3,-4,-126
1767172611.9572382,-2,-3,-124
1767172611.9672382,-2,-8,-122
1767172611.9772382,-1,-8,-125
1767172611.988238,0,-8,-124
1767172611.998238,0,-5,-124
1767172612.008238,-4,-3,-123
1767172612.018238,-4,-2,-132
1767172612.028238,-5,-3,-136
1767172612.038238,-7,-6,-138
1767172612.048238,-8,-8,-142
1767172612.0582385,-5,-5,-137
1767172612.0682385,0,-4,-132
1767172612.0782382,3,-6,-135
1767172612.0882382,2,-7,-135
1767172612.0982382,1,-5,-133
1767172612.1082382,2,-3,-134
1767172612.1182382,-2,-1,-143
1767172612.1282382,0,0,-143
1767172612.1382382,0,-2,-139
1767172612.1482382,3,-6,-134
1767172612.1582382,0,-7,-140
1767172612.1682382,0,-7,-137
1767172612.1782382,0,-7,-142
1767172612.188238,-2,-5,-138
1767172612.198238,-3,-5,-140
1767172612.208238,-1,-3,-139
1767172612.218238,2,0,-142
1767172612.228238,3,-2,-135
1767172612.238238,2,-4,-135
1767172612.248238,5,-6,-137
1767172612.258238,3,-2,-142
1767172612.268238,4,0,-141
1767172612.278238,3,-4,-137
1767172612.288238,0,-2,-133
1767172612.298238,0,0,-138
1767172612.3082385,4,-1,-145
1767172612.3182385,1,-2,-146
1767172612.3282382,0,-2,-144
1767172612.3382382,-2,-4,-142
1767172612.3482382,0,-3,-141
1767172612.3582382,-2,-3,-134
1767172612.3682382,-2,-4,-135
1767172612.3782382,-2,-3,-130
1767172612.3882382,-5,-6,-128
1767172612.3982382,0,-7,-132
1767172612.4082382,0,-6,-133
1767172612.4182382,0,0,-137
1767172612.4282382,-2,0,-139
1767172612.438238,-1,2,-133
1767172612.448238,-1,0,-132
1767172612.458238,3,-1,-132
1767172612.468238,4,-3,-142
1767172612.478238,4,-1,-145
1767172612.488238,5,-6,-142
1767172612.498238,1,-4,-142
1767172612.508238,1,-5,-136
1767172612.518238,0,-4,-131
1767172612.528238,-3,-4,-128
1767172612.538238,-1,-6,-128
1767172612.548238,-4,-5,-131
1767172612.5582385,-5,-2,-138
1767172612.5682385,-2,0,-142
1767172612.5782382,3,1,-137
1767172612.5882382,-2,-2,-139
1767172612.5982382,-4,-2,-141
1767172612.6082382,-5,2,-143
1767172612.6182382,-3,3,-144
1767172612.6282382,-5,3,-144
1767172612.6382382,0,1,-138
1767172612.6482382,-1,1,-130
1767172612.6582382,-1,1,-131
1767172612.6682382,-3,3,-138
1767172612.6782382,0,2,-134
1767172612.688238,2,-2,-134
1767172612.698238,4,-1,-134
1767172612.708238,2,-4,-135
1767172612.718238,0,0,-140
1767172612.728238,-1,0,-140
1767172612.738238,-6,1,-138
1767172612.748238,-4,0,-132
1767172612.758238,-6,1,-134
1767172612.768238,-4,4,-132
1767172612.778238,-2,0,-135
1767172612.788238,-2,-2,-136
1767172612.798238,0,1,-138
1767172612.8082385,1,3,-131
1767172612.8182385,1,4,-130
1767172612.8282382,6,-2,-135
1767172612.8382382,2,0,-132
1767172612.8482382,0,-2,-133
1767172612.8582382,-5,-4,-130
1767172612.8682382,-5,-1,-133
1767172612.8782382,-4,-1,-135
1767172612.8882382,-3,-2,-138
1767172612.8982382,-3,0,-139
1767172612.9082382,-3,0,-145
1767172612.9182382,-6,1,-146
1767172612.9282382,-3,1,-148
1767172612.938238,-2,-1,-145
1767172612.948238,0,0,-143
1767172612.958238,0,2,-145
1767172612.968238,4,2,-147
1767172612.978238,5,1,-146
1767172612.988238,4,1,-148
1767172612.998238,2,0,-152
1767172613.008238,1,-4,-146
1767172613.018238,3,-4,-142
1767172613.028238,7,-5,-135
1767172613.038238,4,-6,-131
1767172613.048238,3,-3,-131
1767172613.0582385,1,-3,-125
1767172613.0682385,-2,-8,-130
1767172613.0782382,-1,-6,-132
1767172613.0882382,0,-3,-135
1767172613.0982382,1,-6,-132
1767172613.1082382,0,-9,-132
1767172613.1182382,0,-4,-140
1767172613.1282382,0,-1,-138
1767172613.1382382,-2,0,-140
1767172613.1482382,-2,0,-141
1767172613.1582382,-4,-5,-146
1767172613.1682382,-3,-3,-148
1767172613.1782382,-1,-1,-140
1767172613.188238,-2,0,-140
1767172613.198238,0,0,-135
1767172613.208238,0,-1,-137
1767172613.218238,-2,-4,-140
1767172613.228238,-1,-4,-140
1767172613.238238,-2,-3,-136
1767172613.248238,-3,-1,-138
1767172613.258238,-6,0,-141
1767172613.268238,-10,1,-142
1767172613.278238,-11,2,-147
1767172613.288238,-9,3,-139
1767172613.298238,-8,4,-139
1767172613.3082385,-6,3,-141
1767172613.3182385,-2,3,-144
1767172613.3282382,1,5,-142
1767172613.3382382,0,0,-143
1767172613.3482382,-2,0,-149
1767172613.3582382,-5,-3,-150
1767172613.3682382,0,-6,-147
1767172613.3782382,0,-8,-140
1767172613.3882382,-1,-7,-135
1767172613.3982382,2,-6,-133
1767172613.4082382,3,-7,-135
1767172613.4182382,2,-2,-135
1767172613.4282382,2,-4,-137
1767172613.438238,0,-6,-145
1767172613.448238,-3,-6,-146
1767172613.458238,-3,-4,-143
1767172613.468238,-4,-5,-140
1767172613.478238,-2,-6,-147
1767172613.488238,3,-4,-140
1767172613.498238,6,0,-137
1767172613.508238,4,-1,-140
1767172613.518238,0,-5,-139
1767172613.528238,0,-5,-138
1767172613.538238,3,-8,-135
1767172613.548238,6,-11,-133
1767172613.5582385,6,-11,-131
1767172613.5682385,2,-9,-135
1767172613.5782382,2,-7,-133
1767172613.5882382,-1,-6,-138
1767172613.5982382,-3,-6,-148
1767172613.6082382,-1,-1,-145
1767172613.6182382,0,0,-138
1767172613.6282382,-1,-1,-142
1767172613.6382382,0,0,-140
1767172613.6482382,0,0,-141
1767172613.6582382,0,2,-139
1767172613.6682382,0,2,-137
1767172613.6782382,-2,4,-142
1767172613.688238,0,4,-135
1767172613.698238,0,3,-133
1767172613.708238,1,1,-130
1767172613.718238,0,1,-126
1767172613.728238,-3,3,-128
1767172613.738238,-8,3,-126
1767172613.748238,-9,4,-132
1767172613.758238,-7,0,-135
1767172613.768238,-2,-1,-140
1767172613.778238,-2,-2,-130
1767172613.788238,-2,-2,-127
1767172613.798238,-1,-5,-133
1767172613.8082385,-3,-9,-140
1767172613.8182385,1,-6,-141
1767172613.8282382,2,-8,-143
1767172613.850238,-2,-6,-145
1767172613.8582382,-7,-4,-147
1767172613.8682382,-8,-3,-143
1767172613.8782382,-5,-5,-139
1767172613.8882382,-4,0,-140
1767172613.8982382,-4,0,-144
1767172613.9082382,-7,-3,-143
1767172613.9182382,-7,-3,-151
1767172613.9282382,-8,0,-149
1767172613.938238,-9,2,-152
1767172613.948238,-7,3,-146
1767172613.958238,-4,0,-140
1767172613.968238,0,-1,-139
1767172613.978238,-1,0,-142
1767172613.988238,0,-2,-137
1767172613.998238,0,-2,-132
1767172614.008238,1,-3,-128
1767172614.018238,3,-1,-129
1767172614.028238,0,-2,-127
1767172614.038238,0,-1,-130
1767172614.048238,10,3,-130
1767172614.0582385,7,-1,-133
1767172614.0682385,9,-4,-136
1767172614.0782382,9,-5,-132
1767172614.0882382,6,-1,-133
1767172614.0982382,0,-2,-132
1767172614.1082382,-3,-3,-135
1767172614.1182382,-2,-3,-136
1767172614.1282382,1,-1,-138
1767172614.1382382,-1,0,-143
1767172614.1482382,-1,-1,-148
1767172614.1582382,0,-2,-144
1767172614.1682382,1,-2,-143
1767172614.1782382,1,-4,-149
1767172614.188238,3,-2,-149
1767172614.198238,0,-4,-147
1767172614.208238,0,-3,-143
1767172614.218238,2,-5,-142
1767172614.228238,-4,-1,-142
1767172614.238238,-4,1,-142
1767172614.248238,-3,-1,-140
1767172614.258238,-9,-4,-147
1767172614.268238,-8,-2,-149
1767172614.278238,1,-1,-156
1767172614.288238,4,0,-151
1767172614.298238,-1,-3,-150
1767172614.3082385,1,-5,-143
1767172614.3182385,-1,-5,-142
1767172614.3282382,2,-2,-142
1767172614.3382382,6,-1,-140
1767172614.3482382,2,2,-134
1767172614.3582382,0,0,-134
1767172614.3682382,-1,3,-132
1767172614.3782382,1,0,-134
1767172614.3882382,-1,-1,-135
1767172614.3982382,-1,-1,-136
1767172614.4082382,2,-1,-135
1767172614.4182382,3,0,-135
1767172614.4282382,3,3,-140
1767172614.438238,4,2,-137
1767172614.448238,8,0,-138
1767172614.458238,11,1,-134
1767172614.468238,8,4,-134
1767172614.478238,11,2,-134
1767172614.488238,6,4,-133
1767172614.498238,2,3,-133
1767172614.508238,-3,3,-140
1767172614.518238,-9,4,-138
1767172614.528238,-6,8,-142
1767172614.538238,-4,2,-136
1767172614.5492382,-3,4,-137
1767172614.5582385,-8,1,-147
1767172614.5682385,-5,-1,-150
1767172614.5792382,-2,-2,-145
1767172614.5892382,-4,-3,-141
1767172614.5992382,0,-6,-141
1767172614.609238,4,-3,-139
1767172614.619238,5,2,-141
1767172614.629238,3,3,-140
1767172614.639238,4,0,-138
1767172614.649238,1,-3,-132
1767172614.659238,-6,1,-129
1767172614.669238,-3,0,-130
1767172614.679238,-3,-1,-133
1767172614.689238,0,0,-139
1767172614.699238,0,1,-146
1767172614.709238,3,-1,-146
1767172614.719238,0,-4,-151
1767172614.7292385,-2,-2,-146
1767172614.7392385,-2,-5,-140
1767172614.7492385,1,-4,-140
1767172614.7592382,0,-7,-144
1767172614.7692382,-1,-11,-144
1767172614.7792382,-1,-6,-146
1767172614.7892382,-3,-4,-148
1767172614.7992382,0,-5,-146
1767172614.8092382,0,-5,-144
1767172614.8192382,6,-4,-140
1767172614.8292382,0,-7,-136
1767172614.8392382,-1,-2,-131
1767172614.8492382,0,-1,-132
1767172614.859238,0,-1,-132
1767172614.869238,-2,4,-135
1767172614.879238,-3,0,-139
1767172614.889238,-3,-2,-139
1767172614.899238,-3,0,-139
1767172614.909238,-3,-4,-137
1767172614.919238,-9,-4,-140
1767172614.929238,-7,-3,-138
1767172614.939238,-6,-8,-136
1767172614.949238,-2,-6,-142
1767172614.959238,-2,-2,-145
1767172614.969238,-2,-2,-142
1767172614.9792385,-3,-1,-140
1767172614.9892385,1,0,-147
1767172614.9992385,6,-2,-143
1767172615.0092382,2,-1,-140
1767172615.0192382,2,-2,-133
1767172615.0292382,5,-1,-134
1767172615.0392382,0,-3,-132
1767172615.0492382,-4,-1,-128
1767172615.0592382,-7,0,-122
1767172615.0692382,-5,0,-126
1767172615.0792382,-1,1,-127
1767172615.0892382,-6,-2,-130
1767172615.0992382,-3,-8,-135
1767172615.109238,0,-8,-131
1767172615.119238,5,-4,-132
1767172615.129238,3,0,-135
1767172615.139238,6,-1,-136
1767172615.149238,4,-2,-139
1767172615.159238,-1,0,-149
1767172615.169238,-2,-3,-144
1767172615.179238,-4,-6,-145
1767172615.189238,-7,-3,-146
1767172615.199238,-5,-3,-138
1767172615.209238,-5,-4,-133
1767172615.219238,-5,-3,-140
1767172615.2292385,-1,-2,-136
1767172615.2392385,0,-1,-137
1767172615.2492385,0,-1,-132
1767172615.2592382,-2,0,-132
1767172615.2692382,1,-3,-134
1767172615.2792382,3,0,-135
1767172615.2892382,6,2,-129
1767172615.2992382,3,2,-132
1767172615.3092382,9,3,-136
1767172615.3192382,6,2,-137
1767172615.3292382,6,1,-141
1767172615.3392382,2,1,-139
1767172615.3492382,-2,0,-142
1767172615.359238,0,-1,-142
1767172615.369238,-1,-1,-136
1767172615.379238,-3,4,-134
1767172615.389238,-5,2,-131
1767172615.399238,-3,3,-132
1767172615.409238,-2,-1,-133
1767172615.419238,-2,-7,-128
1767172615.429238,0,-7,-133
1767172615.439238,0,-7,-139
1767172615.449238,3,-6,-131
1767172615.459238,0,-5,-137
1767172615.469238,2,-3,-146
1767172615.4792385,7,3,-148
1767172615.4892385,7,2,-146
1767172615.4992385,0,-1,-145
1767172615.5092382,-1,-2,-140
1767172615.5192382,-3,0,-141
1767172615.5292382,-3,-2,-136
1767172615.5392382,-5,-4,-136
1767172615.5492382,-6,-3,-141
1767172615.5592382,-8,0,-134
1767172615.5692382,-4,3,-132
1767172615.5792382,0,2,-140
1767172615.5892382,5,1,-145
1767172615.5992382,4,3,-140
1767172615.609238,3,1,-143
1767172615.619238,1,0,-139
1767172615.629238,2,1,-141
1767172615.639238,4,0,-140
1767172615.649238,1,0,-140
1767172615.659238,-3,0,-134
1767172615.669238,0,1,-135
1767172615.679238,1,-1,-129
1767172615.689238,1,-6,-134
1767172615.699238,0,-4,-137
1767172615.709238,0,-5,-136
1767172615.719238,-5,-6,-127
1767172615.7292385,0,-5,-133
1767172615.7392385,1,-4,-136
1767172615.7492385,-4,-5,-141
1767172615.7592382,-2,-3,-142
1767172615.7692382,-4,-3,-137
1767172615.7792382,-3,-4,-136
1767172615.7892382,-2,-5,-134
1767172615.7992382,-1,-3,-141
1767172615.8092382,3,0,-143
1767172615.8192382,0,0,-140
1767172615.8292382,2,-3,-139
1767172615.8392382,7,0,-135
1767172615.8492382,3,2,-135
1767172615.859238,4,1,-135
1767172615.869238,5,0,-130
1767172615.879238,3,3,-136
1767172615.889238,5,0,-136
1767172615.899238,2,2,-136
1767172615.909238,-4,0,-136
1767172615.919238,-1,0,-134
1767172615.929238,3,0,-131
1767172615.939238,0,-1,-128
1767172615.949238,0,0,-131
1767172615.959238,0,-1,-130
1767172615.969238,-3,0,-130
1767172615.9792385,-2,2,-142
1767172615.9892385,0,1,-140
1767172615.9992385,-2,0,-142
1767172616.0092382,3,2,-139
1767172616.0192382,2,1,-136
1767172616.0292382,2,-2,-140
1767172616.0392382,0,-3,-142
1767172616.0492382,-4,-8,-141
1767172616.0592382,-2,-5,-140
1767172616.0692382,-5,-5,-142
1767172616.0792382,-5,-4,-138
1767172616.0892382,-1,1,-137
1767172616.0992382,-6,-1,-136
1767172616.109238,-3,0,-136
1767172616.119238,0,-2,-135
1767172616.129238,0,-3,-138
1767172616.139238,-2,-6,-134
1767172616.149238,-2,-10,-129
1767172616.159238,-1,-6,-133
1767172616.169238,1,-4,-133
1767172616.179238,0,-7,-135
1767172616.189238,0,-9,-132
1767172616.199238,0,-8,-128
1767172616.209238,-2,-7,-128
1767172616.219238,-3,-5,-127
1767172616.2292385,3,-1,-131
1767172616.2392385,2,-6,-135
1767172616.2492385,-1,-5,-146
1767172616.2592382,-5,-5,-140
1767172616.2692382,-4,0,-141
1767172616.2792382,0,-5,-139
1767172616.2892382,-2,-6,-139
1767172616.2992382,-4,-4,-139
1767172616.3092382,-6,-5,-136
1767172616.3192382,-3,-3,-133
1767172616.3292382,0,-3,-135
1767172616.3392382,1,-3,-133
1767172616.3492382,0,0,-130
1767172616.359238,-3,0,-126
1767172616.369238,-5,-3,-126
1767172616.379238,-1,-7,-126
1767172616.389238,-2,-5,-130
1767172616.399238,-1,-5,-136
1767172616.409238,0,0,-134
1767172616.419238,0,4,-138
1767172616.429238,-2,3,-138
1767172616.439238,4,-3,-134
1767172616.449238,5,0,-131
1767172616.459238,0,4,-133
1767172616.469238,-5,5,-135
1767172616.4792385,0,5,-139
1767172616.4892385,1,5,-137
1767172616.4992385,1,5,-134
1767172616.5092382,0,5,-132
1767172616.5192382,3,7,-134
1767172616.5292382,2,6,-131
1767172616.5392382,2,9,-128
1767172616.5492382,5,8,-125
1767172616.5592382,1,6,-124
1767172616.5692382,0,6,-129
1767172616.5792382,2,3,-131
1767172616.5892382,0,-1,-130
1767172616.5992382,0,-2,-134
1767172616.609238,2,-5,-137
1767172616.619238,1,-3,-141
1767172616.629238,0,0,-146
1767172616.639238,-4,0,-143
1767172616.649238,-1,-1,-138
1767172616.659238,-1,0,-142
1767172616.669238,0,-3,-146
1767172616.679238,4,-8,-146
1767172616.689238,4,-6,-143
1767172616.699238,3,-6,-148
1767172616.709238,2,-5,-151
1767172616.719238,0,-2,-146
1767172616.7292385,0,-4,-142
1767172616.7392385,3,-6,-142
1767172616.7492385,-3,-5,-142
1767172616.7592382,0,-3,-137
1767172616.7692382,0,0,-135
1767172616.7792382,0,0,-140
1767172616.7892382,-1,-4,-140
1767172616.7992382,-1,-3,-144
1767172616.8092382,-2,-3,-146
1767172616.8192382,0,-4,-137
1767172616.8292382,-4,-6,-130
1767172616.8392382,-3,-7,-131
1767172616.8492382,-2,-2,-135
1767172616.859238,-3,-6,-142
1767172616.869238,-4,-1,-140
1767172616.879238,-3,-2,-142
1767172616.889238,-4,2,-142
1767172616.899238,-6,0,-146
1767172616.909238,-3,0,-140
1767172616.919238,-5,-3,-139
1767172616.929238,-7,-4,-143
1767172616.939238,-6,0,-144
1767172616.949238,-7,1,-141
1767172616.959238,-12,0,-144
1767172616.969238,-10,5,-143
1767172616.9792385,-4,2,-144
1767172616.9892385,0,-3,-141
1767172616.9992385,0,0,-137
1767172617.0092382,2,-3,-133
1767172617.0192382,0,-2,-135
1767172617.0292382,-3,1,-131
1767172617.0392382,-1,0,-133
1767172617.0492382,-2,2,-129
1767172617.0592382,-1,0,-128
1767172617.0692382,1,-2,-132
1767172617.0792382,4,-1,-133
1767172617.0892382,4,-2,-129
1767172617.0992382,2,-4,-134
1767172617.109238,2,-5,-128
1767172617.119238,3,-1,-131
1767172617.129238,3,-3,-134
1767172617.139238,1,-6,-134
1767172617.149238,0,-4,-136
1767172617.1602385,2,0,-134
1767172617.1702385,2,2,-128
1767172617.1802382,3,1,-130
1767172617.1902382,5,-3,-135
1767172617.2002382,5,-3,-135
1767172617.2102382,3,-2,-135
1767172617.2202382,3,-3,-133
1767172617.2302382,3,-1,-131
1767172617.2402382,4,-5,-133
1767172617.2502382,6,-9,-139
1767172617.2602382,3,-8,-139
1767172617.2702382,0,-4,-140
1767172617.2802382,-1,-4,-139
1767172617.290238,0,-3,-144
1767172617.300238,-4,-2,-142
1767172617.310238,-1,-3,-145
1767172617.320238,1,-2,-147
1767172617.330238,1,0,-143
1767172617.340238,1,2,-146
1767172617.350238,0,0,-148
1767172617.360238,2,1,-152
1767172617.370238,5,1,-151
1767172617.380238,5,0,-156
1767172617.390238,7,0,-156
1767172617.400238,8,0,-152
1767172617.4102385,6,2,-146
1767172617.4202385,3,5,-149
1767172617.4302382,4,2,-146
1767172617.4402382,5,0,-145
1767172617.4502382,5,0,-150
1767172617.4602382,6,-1,-149
1767172617.4702382,4,-1,-141
1767172617.4802382,0,-1,-136
1767172617.4902382,1,-2,-133
1767172617.5002382,5,-2,-130
1767172617.5102382,-1,-1,-130
1767172617.5202382,-1,-3,-137
1767172617.5302382,0,2,-136
1767172617.540238,0,1,-140
1767172617.550238,-2,3,-144
1767172617.560238,0,0,-140
1767172617.570238,3,-3,-136
1767172617.580238,2,0,-136
1767172617.590238,2,-1,-139
1767172617.600238,2,1,-137
1767172617.610238,0,4,-139
1767172617.620238,6,1,-136
1767172617.630238,7,0,-138
1767172617.640238,7,0,-133
1767172617.650238,2,-1,-129
1767172617.6602385,3,-3,-134
1767172617.6702385,3,-5,-136
1767172617.6802382,9,-5,-138
1767172617.6902382,10,0,-142
1767172617.7002382,9,-2,-140
1767172617.7102382,7,-4,-140
1767172617.7202382,3,-2,-132
1767172617.7302382,5,-6,-132
1767172617.7402382,0,-6,-131
1767172617.7502382,-1,-4,-133
1767172617.7602382,-4,-1,-135
1767172617.7702382,0,0,-133
1767172617.7802382,0,-2,-137
1767172617.790238,0,-6,-143
1767172617.800238,-3,-3,-143
1767172617.810238,-2,-3,-142
1767172617.820238,-2,-3,-140
1767172617.830238,-8,-1,-140
1767172617.840238,-9,0,-142
1767172617.850238,-8,2,-143
1767172617.860238,-7,5,-144
1767172617.870238,-6,5,-137
1767172617.880238,-6,5,-135
1767172617.890238,-3,1,-135
1767172617.900238,-4,-1,-137
1767172617.9102385,-1,0,-135
1767172617.9202385,-1,1,-134
1767172617.9302382,-3,-2,-135
1767172617.9402382,1,-2,-138
1767172617.9502382,0,-1,-138
1767172617.9602382,-2,2,-132
1767172617.9702382,-1,3,-130
1767172617.9802382,2,0,-130
1767172617.9902382,-2,-1,-129
1767172618.001238,-2,1,-136
1767172618.0102382,0,0,-138
1767172618.0202382,0,-4,-143
1767172618.0302382,1,-7,-141
1767172618.040238,0,-8,-141
1767172618.050238,0,-6,-143
1767172618.060238,0,-6,-138
1767172618.070238,5,0,-140
1767172618.080238,4,0,-140
1767172618.090238,3,-2,-139
1767172618.100238,1,-1,-141
1767172618.110238,3,-2,-138
1767172618.120238,3,-2,-139
1767172618.130238,1,-2,-136
1767172618.140238,3,0,-139
1767172618.150238,0,5,-139
1767172618.1602385,1,5,-140
1767172618.1702385,6,6,-137
1767172618.1802382,3,8,-142
1767172618.1902382,0,8,-147
1767172618.2002382,-2,3,-142
1767172618.2102382,-1,1,-135
1767172618.2202382,3,0,-137
1767172618.2302382,4,-5,-143
1767172618.2402382,2,-2,-143
1767172618.2502382,4,0,-145
1767172618.2602382,0,0,-143
1767172618.2702382,0,-1,-150
1767172618.2802382,-1,-4,-149
1767172618.290238,3,-5,-142
1767172618.300238,4,-4,-137
1767172618.310238,3,-6,-142
1767172618.320238,0,-8,-142
1767172618.330238,0,-7,-144
1767172618.340238,-2,-4,-141
1767172618.350238,-3,-6,-134
1767172618.360238,-4,-8,-127
1767172618.370238,-1,-2,-128
1767172618.380238,3,0,-126
1767172618.390238,4,-5,-131
1767172618.400238,4,-5,-133
1767172618.4102385,0,-2,-134
1767172618.4202385,0,-1,-143
1767172618.4302382,1,-5,-147
1767172618.4402382,2,-2,-147
1767172618.4502382,1,-1,-149
1767172618.4602382,2,0,-144
1767172618.4702382,0,2,-147
1767172618.4802382,-4,2,-145
1767172618.4902382,-5,4,-150
1767172618.5002382,-6,0,-143
1767172618.5102382,-6,-2,-136
1767172618.5202382,-2,-2,-138
1767172618.5302382,1,0,-139
1767172618.540238,3,-2,-145
1767172618.550238,0,-3,-143
1767172618.560238,-2,-3,-135
1767172618.570238,-3,-2,-137
1767172618.580238,-2,-1,-140
1767172618.590238,0,-1,-133
1767172618.600238,-1,2,-131
1767172618.610238,-3,0,-126
1767172618.620238,-3,-5,-124
1767172618.630238,-2,-2,-131
1767172618.640238,0,2,-127
1767172618.650238,5,0,-132
1767172618.6602385,3,0,-134
1767172618.6702385,0,-2,-133
1767172618.6802382,0,-5,-139
1767172618.6902382,2,-5,-141
1767172618.7002382,-2,-5,-133
1767172618.7102382,-5,-1,-135
1767172618.7202382,-6,0,-137
1767172618.7302382,0,-2,-135
1767172618.7402382,0,0,-136
1767172618.7502382,-1,0,-131
1767172618.7602382,-1,-2,-134
1767172618.7702382,-4,-3,-136
1767172618.7802382,-2,0,-136
1767172618.790238,-4,0,-134
1767172618.800238,-6,-4,-132
1767172618.810238,-4,0,-135
1767172618.820238,0,-3,-139
1767172618.830238,-3,-2,-139
1767172618.840238,-4,-2,-143
1767172618.8622382,-2,-3,-146
1767172618.870238,-4,-3,-150
1767172618.880238,-4,-6,-149
1767172618.890238,-2,-8,-152
1767172618.900238,0,-7,-148
1767172618.9102385,0,-5,-142
1767172618.9202385,-3,-7,-142
1767172618.9302382,0,-8,-139
1767172618.9402382,0,-2,-142
1767172618.9502382,-4,-1,-137
1767172618.9602382,-6,0,-134
1767172618.9702382,-5,1,-131
1767172618.9802382,-4,2,-128
1767172618.9902382,-7,2,-131
1767172619.0002382,-6,2,-129
1767172619.0102382,-6,1,-131
1767172619.0202382,-11,1,-136
1767172619.0302382,-12,-1,-136
1767172619.040238,-15,-3,-131
1767172619.050238,-12,-4,-138
1767172619.060238,-13,0,-143
1767172619.070238,-15,1,-132
1767172619.080238,-13,0,-135
1767172619.090238,-10,2,-140
1767172619.100238,-8,1,-137
1767172619.110238,-8,0,-135
1767172619.120238,-5,-1,-137
1767172619.130238,0,-2,-135
1767172619.140238,-2,-1,-130
1767172619.150238,-4,-2,-133
1767172619.1602385,-6,-2,-131
1767172619.1702385,-4,-1,-130
1767172619.1802382,-3,-1,-131
1767172619.1902382,-2,0,-132
1767172619.2002382,-2,-2,-128
1767172619.2102382,1,-4,-128
1767172619.2202382,3,0,-132
1767172619.2302382,6,0,-135
1767172619.2402382,8,2,-143
1767172619.2502382,1,0,-142
1767172619.2602382,-1,1,-144
1767172619.2702382,2,2,-142
1767172619.2802382,4,2,-144
1767172619.290238,2,3,-149
1767172619.300238,1,2,-145
1767172619.310238,2,0,-145
1767172619.320238,4,0,-143
1767172619.330238,4,-4,-145
1767172619.340238,1,-5,-145
1767172619.350238,0,-6,-137
1767172619.360238,-2,-2,-137
1767172619.370238,1,0,-146
1767172619.380238,3,-1,-147
1767172619.390238,-1,0,-152
1767172619.400238,-1,3,-150
1767172619.4102385,-5,4,-148
1767172619.4202385,-4,1,-142
1767172619.4302382,-3,0,-137
1767172619.4402382,0,-1,-136
1767172619.4502382,-3,1,-141
1767172619.4602382,0,-1,-145
1767172619.4702382,0,0,-143
1767172619.4802382,-1,-1,-139
1767172619.4902382,-3,-6,-137
1767172619.5002382,-2,-5,-139
1767172619.5102382,1,-2,-137
1767172619.5202382,0,0,-142
1767172619.5302382,0,0,-140
1767172619.540238,0,0,-138
1767172619.550238,0,-1,-143
1767172619.560238,-2,4,-149
1767172619.570238,1,4,-137
1767172619.580238,2,2,-134
1767172619.590238,2,2,-136
1767172619.600238,-1,1,-138
1767172619.610238,0,-1,-138
1767172619.620238,0,-1,-144
1767172619.630238,-3,0,-145
1767172619.640238,0,3,-137
1767172619.650238,0,-1,-136
1767172619.6602385,0,2,-138
1767172619.6702385,-4,-1,-139
1767172619.6802382,-1,-3,-138
1767172619.6902382,1,-2,-137
1767172619.7002382,3,1,-135
1767172619.711238,1,1,-132
1767172619.7202382,5,1,-133
1767172619.7302382,5,7,-133
1767172619.741238,3,8,-139
1767172619.751238,3,8,-136
1767172619.761238,6,5,-131
1767172619.771238,4,0,-135
1767172619.781238,3,1,-136
1767172619.791238,0,0,-139
1767172619.801238,-9,-5,-137
1767172619.811238,-5,-4,-138
1767172619.821238,-1,-4,-136
1767172619.8312385,1,-6,-137
1767172619.8412385,-1,-4,-134
1767172619.8512385,-6,-2,-143
1767172619.8612382,-3,0,-137
1767172619.8712382,-1,0,-135
1767172619.8812382,-4,0,-137
1767172619.8912382,-6,3,-140
1767172619.9012382,-8,3,-140
1767172619.9112382,-6,4,-137
1767172619.9212382,0,0,-143
1767172619.9312382,2,1,-146
1767172619.9412382,3,0,-140
1767172619.9512382,2,-3,-134
1767172619.961238,3,-4,-134
1767172619.971238,3,-5,-136
1767172619.981238,1,-5,-140
1767172619.991238,0,-5,-140
1767172620.001238,2,-11,-141
1767172620.011238,4,-12,-135
1767172620.021238,3,-8,-135
1767172620.031238,0,-9,-134
1767172620.041238,-3,-4,-137
1767172620.051238,1,-1,-134
1767172620.061238,-1,-1,-136
1767172620.071238,2,0,-136
1767172620.0812385,1,-2,-136
1767172620.0912385,0,-2,-139
1767172620.1012385,0,-3,-137
1767172620.1112382,-2,-7,-131
1767172620.1212382,-4,-3,-139
1767172620.1312382,0,-1,-148
1767172620.1412382,-2,-2,-150
1767172620.1512382,-3,0,-148
1767172620.1612382,-8,0,-145
1767172620.1712382,-11,1,-142
1767172620.1812382,-5,1,-137
1767172620.1912382,-5,1,-136
1767172620.2012382,-2,-1,-138
1767172620.211238,-2,0,-134
1767172620.221238,2,-4,-133
1767172620.231238,4,-5,-138
1767172620.241238,1,-6,-134
1767172620.251238,3,-2,-133
1767172620.261238,5,2,-133
1767172620.271238,4,3,-131
1767172620.281238,0,0,-132
1767172620.291238,-1,-2,-136
1767172620.301238,0,-5,-145
1767172620.311238,4,-5,-148
1767172620.321238,6,-1,-148
1767172620.3312385,5,1,-139
1767172620.3412385,1,1,-138
1767172620.3512385,2,1,-139
1767172620.3612382,7,4,-140
1767172620.3712382,7,3,-142
1767172620.3812382,5,2,-149
1767172620.3912382,4,1,-144
1767172620.4012382,3,0,-142
1767172620.4112382,4,-2,-141
1767172620.4212382,4,0,-140
1767172620.4312382,0,1,-139
1767172620.4412382,-4,0,-144
1767172620.4512382,-8,2,-148
1767172620.461238,-8,-3,-146
1767172620.471238,-2,-4,-138
1767172620.481238,-1,-2,-140
1767172620.491238,2,-1,-140
1767172620.501238,0,-4,-138
1767172620.511238,-3,-4,-136
1767172620.521238,-5,-6,-137
1767172620.531238,-5,-3,-138
1767172620.541238,-3,0,-137
1767172620.551238,0,3,-132
1767172620.561238,1,3,-135
1767172620.571238,3,0,-134
1767172620.5812385,6,-2,-138
1767172620.5912385,4,1,-142
1767172620.6012385,2,-2,-140
1767172620.6112382,1,-3,-139
1767172620.6212382,0,-6,-141
1767172620.6312382,0,0,-145
1767172620.6412382,0,-1,-145
1767172620.6512382,0,-6,-145
1767172620.6612382,6,-10,-145
1767172620.6712382,6,-7,-141
1767172620.6812382,6,-10,-139
1767172620.6912382,2,-9,-136
1767172620.7012382,0,-11,-138
1767172620.711238,1,-11,-140
1767172620.721238,0,-10,-133
1767172620.731238,-4,-6,-134
1767172620.741238,-3,-10,-138
1767172620.751238,-2,-8,-138
1767172620.761238,0,-6,-142
1767172620.771238,0,-11,-142
1767172620.781238,2,-9,-148
1767172620.791238,-2,-6,-143
1767172620.801238,-7,0,-138
1767172620.811238,-10,0,-131
1767172620.821238,-8,1,-128
1767172620.8312385,-6,2,-127
1767172620.8412385,-8,1,-138
1767172620.8512385,-10,3,-143
1767172620.8612382,-7,0,-147
1767172620.8712382,-5,-2,-145
1767172620.8812382,-1,-2,-139
1767172620.8912382,-3,-1,-136
1767172620.9012382,-4,-3,-138
1767172620.9112382,-8,-3,-138
1767172620.9212382,-9,-6,-134
1767172620.9312382,-10,-5,-130
1767172620.9412382,-9,-4,-135
1767172620.9512382,-10,-3,-135
1767172620.961238,-8,-1,-133
1767172620.971238,-8,1,-138
1767172620.981238,-5,0,-135
1767172620.991238,1,0,-137
1767172621.001238,1,-3,-138
1767172621.011238,2,-1,-145
1767172621.021238,3,-2,-144
1767172621.031238,2,-4,-152
1767172621.041238,-2,-6,-155
1767172621.051238,-3,-6,-155
1767172621.061238,-2,-4,-150
1767172621.071238,-2,-4,-146
1767172621.0812385,-1,0,-151
1767172621.0912385,0,0,-152
1767172621.1012385,0,0,-153
1767172621.1112382,2,-4,-151
1767172621.1212382,4,-4,-151
1767172621.1312382,1,-2,-146
1767172621.1412382,0,-4,-145
1767172621.1512382,0,0,-143
1767172621.1612382,-1,-2,-146
1767172621.1712382,-1,-1,-145
1767172621.1812382,-4,0,-140
1767172621.1912382,-5,1,-142
1767172621.2012382,-1,0,-144
1767172621.211238,-1,-4,-145
1767172621.221238,0,-6,-141
1767172621.231238,-4,-7,-139
1767172621.241238,-2,-8,-138
1767172621.251238,0,-10,-134
1767172621.261238,2,-9,-131
1767172621.271238,0,-7,-128
1767172621.281238,2,-8,-132
1767172621.291238,2,-2,-130
1767172621.301238,5,-4,-122
1767172621.311238,6,-4,-124
1767172621.321238,4,-2,-122
1767172621.3312385,0,0,-122
1767172621.3412385,0,0,-121
1767172621.3512385,2,-1,-122
1767172621.3612382,0,0,-127
1767172621.3712382,1,0,-125
1767172621.3812382,1,1,-118
1767172621.3912382,3,-1,-117
1767172621.4012382,3,0,-120
1767172621.4112382,1,0,-114
1767172621.4212382,2,-1,-117
1767172621.4312382,2,-3,-120
1767172621.4412382,0,-6,-123
1767172621.4512382,-1,0,-129
1767172621.461238,1,2,-133
1767172621.471238,2,4,-130
1767172621.481238,0,7,-132
1767172621.491238,3,8,-132
1767172621.501238,3,4,-133
1767172621.511238,-3,0,-138
1767172621.521238,-6,0,-135
1767172621.531238,-3,1,-135
1767172621.541238,-2,0,-127
1767172621.551238,-2,-1,-126
1767172621.561238,1,1,-135
1767172621.571238,-4,2,-139
1767172621.5812385,-5,0,-137
1767172621.5912385,0,-1,-138
1767172621.6012385,3,2,-140
1767172621.6112382,0,-1,-145
1767172621.6212382,-5,1,-146
1767172621.6312382,-1,0,-140
1767172621.6412382,-3,2,-135
1767172621.6512382,-6,1,-139
1767172621.6612382,-7,5,-137
1767172621.6712382,-3,4,-140
1767172621.6812382,3,2,-143
1767172621.6912382,1,3,-142
1767172621.7012382,1,3,-145
1767172621.711238,0,1,-141
1767172621.721238,0,0,-139
1767172621.731238,3,0,-142
1767172621.741238,1,3,-142
1767172621.751238,5,2,-144
1767172621.761238,3,0,-144
1767172621.771238,5,-5,-139
1767172621.781238,4,-8,-134
1767172621.791238,3,-2,-134
1767172621.801238,2,-3,-135
1767172621.811238,4,-4,-136
1767172621.821238,-1,-2,-129
1767172621.8312385,-2,-4,-126
1767172621.8412385,-2,-5,-133
1767172621.8512385,-4,-10,-131
1767172621.8612382,-6,-7,-131
1767172621.8712382,-3,-6,-134
1767172621.8812382,-2,-8,-133
1767172621.8912382,-3,-6,-131
1767172621.9012382,0,-6,-134
1767172621.9112382,-3,-6,-145
1767172621.9212382,-4,0,-137
1767172621.9312382,-4,0,-137
1767172621.9412382,-3,-1,-136
1767172621.9512382,0,-2,-136
1767172621.961238,1,-4,-136
1767172621.971238,5,-2,-139
1767172621.981238,7,-3,-135
1767172621.991238,9,-5,-142
1767172622.001238,9,-6,-142
1767172622.011238,8,-7,-146
1767172622.021238,8,-4,-138
1767172622.031238,9,-2,-127
1767172622.041238,8,0,-124
1767172622.051238,3,-1,-130
1767172622.061238,1,0,-138
1767172622.071238,-3,1,-140
1767172622.0812385,-3,0,-136
1767172622.0912385,-3,-4,-133
1767172622.1012385,1,-6,-138
1767172622.1112382,5,-6,-128
1767172622.1212382,2,-8,-126
1767172622.1312382,3,-7,-125
1767172622.1412382,2,-1,-127
1767172622.1512382,0,0,-129
1767172622.1612382,0,0,-129
1767172622.1712382,-2,-1,-133
1767172622.1812382,-2,-2,-137
1767172622.1912382,-4,-4,-139
1767172622.2012382,-3,-5,-143
1767172622.211238,-8,-2,-143
1767172622.221238,-4,-1,-146
1767172622.231238,-1,-3,-146
1767172622.241238,0,-2,-145
1767172622.251238,0,0,-142
1767172622.261238,2,-4,-139
1767172622.271238,1,-5,-144
1767172622.281238,1,-4,-140
1767172622.2922382,4,-6,-137
1767172622.3022382,1,-3,-135
1767172622.311238,2,-8,-137
1767172622.321238,2,-7,-136
1767172622.3322382,1,-7,-135
1767172622.3422382,3,-4,-136
1767172622.3522382,2,-4,-144
1767172622.3622382,2,-7,-147
1767172622.3722382,3,-7,-144
1767172622.382238,6,-4,-145
1767172622.392238,3,-4,-144
1767172622.402238,3,-4,-144
1767172622.412238,1,-5,-137
1767172622.422238,-1,-3,-140
1767172622.432238,0,-4,-139
1767172622.442238,-2,-4,-134
1767172622.452238,0,-7,-133
1767172622.462238,0,-4,-130
1767172622.472238,-1,0,-128
1767172622.482238,-1,0,-133
1767172622.492238,1,-5,-129
1767172622.502238,2,-1,-127
1767172622.5122385,3,0,-132
1767172622.5222385,1,1,-138
1767172622.5322382,0,0,-131
1767172622.5422382,-1,0,-127
1767172622.5522382,2,0,-130
1767172622.5622382,-4,4,-129
1767172622.5722382,-4,1,-128
1767172622.5822382,-1,0,-127
1767172622.5922382,-3,-1,-136
1767172622.6022382,2,2,-135
1767172622.6122382,2,1,-136
1767172622.6222382,0,0,-133
1767172622.632238,0,-6,-127
1767172622.642238,0,-1,-130
1767172622.652238,-3,0,-130
1767172622.662238,-5,0,-136
1767172622.672238,-7,0,-130
1767172622.682238,-6,2,-132
1767172622.692238,-2,6,-135
1767172622.702238,-1,4,-138
1767172622.712238,4,3,-143
1767172622.722238,6,4,-147
1767172622.732238,0,0,-144
1767172622.742238,2,-1,-141
1767172622.752238,3,-4,-138
1767172622.7622385,2,-2,-136
1767172622.7722385,-4,-2,-139
1767172622.7822382,-1,2,-133
1767172622.7922382,0,-1,-136
1767172622.8022382,-4,-3,-137
1767172622.8122382,-2,-2,-132
1767172622.8222382,1,-3,-133
1767172622.8322382,1,-4,-132
1767172622.8422382,-1,-1,-128
1767172622.8522382,-2,0,-133
1767172622.8622382,-3,0,-138
1767172622.8722382,1,-1,-136
1767172622.882238,1,-3,-139
1767172622.892238,0,-1,-141
1767172622.902238,-2,0,-141
1767172622.912238,-1,3,-143
1767172622.922238,-4,7,-147
1767172622.932238,0,5,-142
1767172622.942238,-1,1,-137
1767172622.952238,-2,0,-133
1767172622.962238,-3,-3,-130
1767172622.972238,0,-4,-130
1767172622.982238,1,-1,-131
1767172622.992238,-1,1,-130
1767172623.002238,-3,-1,-128
1767172623.0122385,0,-3,-132
1767172623.0222385,-3,-2,-137
1767172623.0322382,0,1,-133
1767172623.0422382,1,-2,-133
1767172623.0522382,2,-4,-134
1767172623.0622382,4,-3,-134
1767172623.0722382,7,1,-130
1767172623.0822382,8,0,-132
1767172623.0922382,2,-1,-136
1767172623.1022382,2,-5,-144
1767172623.1122382,0,-4,-141
1767172623.1222382,0,-4,-144
1767172623.132238,1,-1,-146
1767172623.142238,3,-2,-142
1767172623.152238,0,0,-134
1767172623.162238,-2,1,-140
1767172623.172238,-2,1,-140
1767172623.182238,-1,-3,-135
1767172623.192238,0,-4,-134
1767172623.202238,1,-2,-140
1767172623.212238,2,-4,-140
1767172623.222238,0,0,-133
1767172623.232238,-1,1,-136
1767172623.242238,1,6,-138
1767172623.252238,1,7,-135
1767172623.2622385,0,7,-135
1767172623.2722385,-2,5,-135
1767172623.2822382,4,2,-142
1767172623.2922382,5,1,-144
1767172623.3022382,3,1,-146
1767172623.3122382,2,-2,-144
1767172623.3222382,5,-4,-142
1767172623.3322382,6,-1,-143
1767172623.3422382,3,-3,-139
1767172623.3522382,-2,-1,-136
1767172623.3622382,-2,0,-133
1767172623.3722382,0,-2,-130
1767172623.382238,-1,-5,-134
1767172623.392238,0,-4,-128
1767172623.402238,0,-3,-132
1767172623.412238,1,-1,-135
1767172623.422238,0,0,-137
1767172623.432238,-3,2,-137
1767172623.442238,-1,0,-136
1767172623.452238,-1,1,-137
1767172623.462238,-1,3,-137
1767172623.472238,-3,3,-141
1767172623.482238,-2,3,-140
1767172623.492238,-2,2,-139
1767172623.502238,-2,5,-136
1767172623.5122385,-2,7,-131
1767172623.5222385,1,3,-139
1767172623.5322382,5,4,-140
1767172623.5422382,5,1,-141
1767172623.5522382,3,-1,-128
1767172623.5622382,-2,-7,-132
1767172623.5722382,-5,-4,-132
1767172623.5822382,-4,0,-135
1767172623.5922382,-6,0,-132
1767172623.6022382,-8,0,-136
1767172623.6122382,-5,-2,-136
1767172623.6222382,-12,-1,-127
1767172623.632238,-10,-2,-132
1767172623.642238,-7,-3,-129
1767172623.652238,-3,-7,-129
1767172623.662238,-4,-10,-133
1767172623.672238,-9,-12,-131
1767172623.682238,-8,-6,-133
1767172623.692238,-6,-7,-132
1767172623.702238,-9,-3,-133
1767172623.712238,-9,-1,-138
1767172623.722238,-4,-2,-135
1767172623.732238,-2,-5,-133
1767172623.742238,0,-9,-132
1767172623.752238,0,-8,-130
1767172623.7622385,-2,-10,-130
1767172623.7722385,-1,-9,-130
1767172623.7822382,-1,-6,-130
1767172623.7922382,-3,-3,-130
1767172623.8022382,-3,-6,-130
1767172623.8122382,0,-5,-134
1767172623.8222382,-1,-6,-133
1767172623.8322382,-2,-4,-129
1767172623.8422382,0,0,-130
1767172623.8522382,-1,2,-127
1767172623.873238,0,2,-130
1767172623.882238,2,1,-133
1767172623.892238,2,1,-132
1767172623.902238,2,0,-124
1767172623.912238,2,-1,-125
1767172623.922238,3,1,-127
1767172623.932238,5,0,-128
1767172623.942238,4,-3,-129
1767172623.952238,5,-1,-134
1767172623.962238,5,-3,-138
1767172623.972238,0,-7,-135
1767172623.982238,0,-6,-134
1767172623.992238,2,-5,-132
1767172624.002238,0,-8,-129
1767172624.0122385,2,-4,-126
1767172624.0222385,3,-3,-124
1767172624.0322382,0,-4,-132
1767172624.0422382,-6,0,-134
1767172624.0522382,-9,-8,-136
1767172624.0622382,-8,-5,-135
1767172624.0722382,-7,0,-132
1767172624.0822382,-7,-4,-135
1767172624.0922382,-3,-2,-135
1767172624.1022382,0,1,-127
1767172624.1122382,-1,3,-127
1767172624.1222382,-2,-2,-131
1767172624.132238,-6,-2,-128
1767172624.142238,-5,-2,-117
1767172624.152238,-4,0,-119
1767172624.162238,-4,5,-126
1767172624.172238,-7,2,-119
1767172624.182238,-5,0,-127
1767172624.192238,-4,1,-130
1767172624.202238,-1,-2,-132
1767172624.212238,2,-4,-139
1767172624.222238,-1,-3,-142
1767172624.232238,0,-2,-142
1767172624.242238,4,-2,-136
1767172624.252238,3,-1,-138
1767172624.2622385,5,-3,-135
1767172624.2722385,3,-3,-129
1767172624.2822382,1,-5,-131
1767172624.2922382,0,-7,-133
1767172624.3022382,2,-6,-132
1767172624.3122382,4,-8,-131
1767172624.3222382,2,-5,-135
1767172624.3322382,1,-4,-133
1767172624.3422382,6,-4,-131
1767172624.3522382,10,-5,-126
1767172624.3622382,7,-2,-125
1767172624.3722382,7,0,-126
1767172624.382238,6,0,-123
1767172624.392238,4,3,-124
1767172624.402238,1,0,-129
1767172624.412238,2,-1,-129
1767172624.422238,0,1,-134
1767172624.432238,0,-3,-138
1767172624.442238,-3,-5,-143
1767172624.452238,-2,-4,-144
1767172624.462238,-3,-2,-142
1767172624.472238,-1,0,-146
1767172624.482238,0,-3,-138
1767172624.492238,-2,-1,-139
1767172624.502238,-1,-2,-130
1767172624.5122385,-1,-2,-132
1767172624.5222385,-2,-3,-137
1767172624.5322382,-5,-3,-141
1767172624.5422382,-2,0,-140
1767172624.5522382,-2,-1,-138
1767172624.5622382,-3,-4,-138
1767172624.5722382,-5,-2,-145
1767172624.5822382,-5,2,-144
1767172624.5922382,-6,5,-141
1767172624.6022382,-4,4,-141
1767172624.6122382,-4,0,-139
1767172624.6222382,-3,1,-137
1767172624.632238,-2,-3,-137
1767172624.642238,-2,-8,-132
1767172624.652238,0,-7,-129
1767172624.662238,-1,-5,-130
1767172624.672238,-1,-4,-132
1767172624.682238,2,-2,-131
1767172624.692238,5,-3,-126
1767172624.702238,4,-6,-123
1767172624.712238,7,-3,-121
1767172624.722238,5,1,-115
1767172624.732238,7,3,-115
1767172624.742238,5,0,-117
1767172624.752238,1,-2,-121
1767172624.7622385,1,0,-127
1767172624.7722385,0,3,-129
1767172624.7822382,-3,2,-129
1767172624.7922382,-4,-1,-136
1767172624.8022382,-6,0,-134
1767172624.8122382,-2,0,-129
1767172624.8222382,-1,0,-134
1767172624.8322382,0,0,-137
1767172624.8422382,-1,2,-134
1767172624.8522382,0,-1,-135
1767172624.8622382,-4,0,-136
1767172624.8722382,-6,0,-131
1767172624.882238,-7,2,-134
1767172624.893238,-4,1,-132
1767172624.902238,2,0,-139
1767172624.913238,6,-1,-136
1767172624.922238,4,0,-134
1767172624.932238,2,0,-135
1767172624.9432385,2,1,-132
1767172624.9532382,-2,3,-136
1767172624.9632382,-4,3,-137
1767172624.9732382,0,3,-135
1767172624.9832382,-1,2,-134
1767172624.9932382,0,3,-132
1767172625.0032382,0,2,-141
1767172625.0132382,-1,0,-138
1767172625.0232382,0,1,-136
1767172625.0332382,-4,1,-135
1767172625.0432382,2,0,-140
1767172625.0532382,-1,-2,-141
1767172625.063238,0,-4,-140
1767172625.073238,3,-3,-131
1767172625.083238,0,-2,-134
1767172625.093238,0,-1,-130
1767172625.103238,1,-2,-129
1767172625.113238,0,2,-124
1767172625.123238,-1,-1,-125
1767172625.133238,0,0,-121
1767172625.143238,-1,-1,-117
1767172625.153238,-5,-6,-118
1767172625.163238,-2,-8,-123
1767172625.173238,-2,-8,-131
1767172625.1832385,-4,0,-132
1767172625.1932385,-7,4,-130
1767172625.2032382,1,1,-131
1767172625.2132382,3,0,-126
1767172625.2232382,0,1,-134
1767172625.2332382,0,6,-135
1767172625.2432382,5,8,-133
1767172625.2532382,4,7,-135
1767172625.2632382,3,7,-135
1767172625.2732382,0,7,-133
1767172625.2832382,-2,6,-132
1767172625.2932382,-2,4,-132
1767172625.3032382,-1,5,-128
1767172625.313238,0,2,-127
1767172625.323238,0,2,-125
1767172625.333238,-2,-2,-128
1767172625.343238,-3,-4,-132
1767172625.353238,-3,-3,-135
1767172625.363238,-2,-1,-132
1767172625.373238,0,-3,-133
1767172625.383238,-3,-4,-137
1767172625.393238,-3,-2,-139
1767172625.403238,-2,-6,-146
1767172625.413238,1,-3,-148
1767172625.423238,1,-3,-138
1767172625.4332385,-1,-5,-136
1767172625.4432385,-3,-8,-140
1767172625.4532382,-3,-6,-149
1767172625.4632382,1,-6,-146
1767172625.4732382,1,-2,-147
1767172625.4832382,-2,1,-149
1767172625.4932382,-3,5,-146
1767172625.5032382,-4,4,-143
1767172625.5132382,-3,3,-141
1767172625.5232382,-4,6,-146
1767172625.5332382,-1,2,-138
1767172625.5432382,0,-1,-135
1767172625.5532382,-1,6,-135
1767172625.563238,2,3,-130
1767172625.573238,5,4,-139
1767172625.583238,4,1,-143
1767172625.593238,-2,0,-142
1767172625.603238,-2,-2,-139
1767172625.613238,0,-6,-142
1767172625.623238,5,-3,-147
1767172625.633238,7,0,-142
1767172625.643238,1,-2,-143
1767172625.653238,-4,0,-133
1767172625.663238,-6,6,-132
1767172625.673238,-5,9,-136
1767172625.6832385,-3,8,-139
1767172625.6932385,-5,6,-139
1767172625.7032382,-8,3,-139
1767172625.7132382,-8,1,-138
1767172625.7232382,-6,2,-132
1767172625.7332382,-2,0,-129
1767172625.7432382,0,0,-122
1767172625.7532382,-3,0,-120
1767172625.7632382,-1,0,-118
1767172625.7732382,2,0,-125
1767172625.7832382,0,1,-130
1767172625.7932382,-1,0,-133
1767172625.8032382,-4,-1,-139
1767172625.813238,-2,-1,-141
1767172625.823238,-4,-2,-137
1767172625.833238,-1,-1,-138
1767172625.843238,0,1,-136
1767172625.853238,-3,2,-137
1767172625.863238,-4,1,-136
1767172625.873238,-1,3,-131
1767172625.883238,1,7,-132
1767172625.893238,4,9,-135
1767172625.903238,1,3,-141
1767172625.913238,-3,0,-146
1767172625.923238,-2,0,-138
1767172625.9332385,0,1,-138
1767172625.9432385,-1,0,-138
1767172625.9532382,-2,0,-131
1767172625.9632382,4,2,-131
1767172625.9732382,4,2,-132
1767172625.9832382,3,3,-129
1767172625.9932382,1,1,-136
1767172626.0032382,1,-1,-140
1767172626.0132382,2,-4,-142
1767172626.0232382,-2,-7,-135
1767172626.0332382,-5,-7,-131
1767172626.0432382,-8,-6,-138
1767172626.0532382,-8,-5,-138
1767172626.063238,-8,-1,-140
1767172626.073238,-2,-2,-136
1767172626.083238,1,-1,-138
1767172626.093238,0,-1,-137
1767172626.103238,0,-2,-136
1767172626.113238,3,-7,-132
1767172626.123238,3,-6,-135
1767172626.133238,0,-9,-136
1767172626.143238,0,-10,-136
1767172626.153238,-2,-6,-131
1767172626.163238,-4,-6,-129
1767172626.173238,0,-5,-125
1767172626.1832385,4,-5,-127
1767172626.1932385,2,-3,-124
1767172626.2032382,0,4,-126
1767172626.2132382,2,4,-121
1767172626.2232382,3,4,-124
1767172626.2332382,2,2,-129
1767172626.2432382,0,0,-129
1767172626.2532382,3,0,-129
1767172626.2632382,4,2,-135
1767172626.2732382,5,5,-135
1767172626.2832382,1,6,-138
1767172626.2932382,1,5,-132
1767172626.3032382,0,4,-130
1767172626.313238,0,4,-134
1767172626.323238,0,4,-137
1767172626.333238,1,3,-137
1767172626.343238,0,3,-135
1767172626.353238,1,2,-136
1767172626.363238,0,0,-139
1767172626.373238,0,2,-138
1767172626.383238,-1,2,-139
1767172626.393238,-2,2,-137
1767172626.403238,-5,3,-134
1767172626.413238,-6,3,-129
1767172626.423238,-3,-1,-130
1767172626.4332385,1,1,-127
1767172626.4432385,1,0,-127
1767172626.4532382,-1,0,-130
1767172626.4632382,0,0,-134
1767172626.4732382,0,3,-132
1767172626.4832382,0,5,-129
1767172626.4932382,-1,8,-131
1767172626.5032382,1,7,-134
1767172626.5132382,-4,2,-134
1767172626.5232382,-9,1,-129
1767172626.5332382,-7,2,-133
1767172626.5432382,-6,0,-139
1767172626.5532382,-4,1,-139
1767172626.563238,-3,1,-140
1767172626.573238,-3,2,-141
1767172626.583238,-4,0,-136
1767172626.593238,-5,-3,-131
1767172626.603238,-4,-1,-136
1767172626.613238,-6,-1,-141
1767172626.623238,-6,-1,-141
1767172626.633238,-8,-1,-138
1767172626.643238,-3,0,-135
1767172626.653238,-4,-2,-134
1767172626.663238,-5,-3,-128
1767172626.673238,-10,-6,-129
1767172626.6832385,-13,-4,-129
1767172626.6932385,-8,-3,-127
1767172626.7032382,-6,-1,-133
1767172626.7132382,-4,2,-138
1767172626.7232382,0,-1,-140
1767172626.7332382,3,0,-132
1767172626.7432382,3,3,-136
1767172626.7532382,4,2,-130
1767172626.7632382,1,0,-128
1767172626.7732382,0,0,-136
1767172626.7832382,0,0,-142
1767172626.7932382,-2,0,-135
1767172626.8032382,-3,-1,-136
1767172626.813238,-1,-3,-134
1767172626.823238,0,-4,-142
1767172626.833238,0,-5,-139
1767172626.843238,1,-7,-138
1767172626.853238,1,-8,-140
1767172626.863238,0,-7,-137
1767172626.873238,-1,-5,-130
1767172626.883238,-5,-2,-134
1767172626.893238,-2,0,-136
1767172626.903238,-2,0,-141
1767172626.913238,0,-2,-141
1767172626.923238,-1,0,-140
1767172626.9332385,-1,4,-140
1767172626.9432385,-6,6,-140
1767172626.9532382,-3,3,-142
1767172626.9632382,-3,3,-135
1767172626.9732382,-4,3,-141
1767172626.9832382,-4,2,-138
1767172626.9932382,-1,0,-129
1767172627.0032382,0,0,-129
1767172627.0132382,-1,3,-135
1767172627.0232382,-5,6,-137
1767172627.0332382,-3,2,-144
1767172627.0432382,-2,0,-142
1767172627.0532382,-1,2,-143
1767172627.063238,-3,4,-139
1767172627.073238,2,4,-140
1767172627.083238,2,5,-138
1767172627.093238,1,0,-143
1767172627.103238,0,-2,-141
1767172627.113238,4,-1,-135
1767172627.123238,7,-2,-141
1767172627.133238,6,-5,-133
1767172627.143238,5,-3,-135
1767172627.153238,1,-6,-136
1767172627.163238,-3,-4,-129
1767172627.173238,-3,-1,-130
1767172627.1832385,-5,3,-126
1767172627.1932385,-4,2,-123
1767172627.2032382,-7,2,-120
1767172627.2132382,-7,1,-126
1767172627.2232382,-4,2,-130
1767172627.2332382,-4,0,-130
1767172627.2432382,-5,-3,-127
1767172627.2532382,-11,-7,-131
1767172627.2632382,-7,-8,-141
1767172627.2732382,-7,-7,-149
1767172627.2832382,-6,-7,-151
1767172627.2932382,-5,-6,-158
1767172627.3032382,-5,-6,-154
1767172627.313238,-2,-6,-152
1767172627.323238,-5,-2,-154
1767172627.333238,-1,-1,-151
1767172627.343238,2,0,-144
1767172627.353238,3,0,-147
1767172627.363238,3,0,-148
1767172627.373238,-2,3,-145
1767172627.383238,-1,2,-138
1767172627.393238,-4,-1,-142
1767172627.403238,-1,-3,-141
1767172627.413238,-1,-5,-135
1767172627.423238,0,-8,-134
1767172627.4332385,0,-11,-144
1767172627.4442382,-1,-5,-148
1767172627.4532382,-3,0,-147
1767172627.4632382,-5,0,-142
1767172627.4742382,-6,0,-144
1767172627.4832382,-4,-2,-145
1767172627.494238,-3,-3,-143
1767172627.504238,0,-1,-144
1767172627.514238,0,0,-141
1767172627.524238,-3,1,-142
1767172627.534238,-4,2,-130
1767172627.544238,-6,1,-128
1767172627.554238,-6,0,-135
1767172627.564238,-5,1,-134
1767172627.574238,-3,0,-136
1767172627.584238,-1,1,-135
1767172627.594238,1,1,-130
1767172627.6042385,6,-2,-127
1767172627.6142385,7,1,-131
1767172627.6242385,9,0,-132
1767172627.6342382,5,0,-126
1767172627.6442382,6,-1,-130
1767172627.6542382,1,-4,-125
1767172627.6642382,-2,-4,-132
1767172627.6742382,-2,-4,-137
1767172627.6842382,0,-4,-141
1767172627.6942382,1,-4,-137
1767172627.7042382,-1,-6,-136
1767172627.7142382,-1,-9,-138
1767172627.7242382,-2,-10,-136
1767172627.734238,5,-9,-133
1767172627.744238,3,-6,-132
1767172627.754238,0,-3,-135
1767172627.764238,0,-3,-137
1767172627.774238,0,-7,-142
1767172627.784238,-4,-1,-143
1767172627.794238,0,0,-143
1767172627.804238,-3,-2,-149
1767172627.814238,-1,-2,-147
1767172627.824238,-1,0,-142
1767172627.834238,-2,-3,-145
1767172627.844238,-3,-4,-143
1767172627.8542385,-1,-1,-142
1767172627.8642385,1,0,-144
1767172627.8742385,3,3,-153
1767172627.8842382,4,2,-147
1767172627.8942382,8,0,-142
1767172627.9042382,6,2,-139
1767172627.9142382,3,0,-133
1767172627.9242382,0,4,-133
1767172627.9342382,-4,2,-135
1767172627.9442382,-2,0,-133
1767172627.9542382,-5,3,-131
1767172627.9642382,-6,4,-139
1767172627.9742382,0,0,-140
1767172627.984238,1,-2,-139
1767172627.994238,2,0,-133
1767172628.004238,0,0,-139
1767172628.014238,0,0,-139
1767172628.024238,-1,-3,-147
1767172628.034238,-1,-5,-145
1767172628.044238,-5,-4,-145
1767172628.054238,-6,-2,-141
1767172628.064238,-3,-3,-140
1767172628.074238,-6,-3,-136
1767172628.084238,-4,-2,-144
1767172628.094238,-5,4,-140
1767172628.1042385,-2,1,-138
1767172628.1142385,0,0,-138
1767172628.1242385,2,5,-136
1767172628.1342382,4,2,-134
1767172628.1442382,3,0,-130
1767172628.1542382,1,0,-135
1767172628.1642382,-3,0,-138
1767172628.1742382,-9,2,-145
1767172628.1842382,-11,2,-142
1767172628.1942382,-11,4,-140
1767172628.2042382,-8,0,-142
1767172628.2142382,-6,0,-148
1767172628.2242382,-5,-2,-140
1767172628.234238,-2,-4,-141
1767172628.244238,-4,-3,-140
1767172628.254238,0,0,-142
1767172628.264238,2,-3,-146
1767172628.274238,5,-1,-140
1767172628.284238,4,-1,-139
1767172628.294238,3,0,-142
1767172628.304238,1,-3,-135
1767172628.314238,1,-9,-135
1767172628.324238,-3,-8,-127
1767172628.334238,-2,-6,-135
1767172628.344238,3,-3,-136
1767172628.3542385,4,-2,-137
1767172628.3642385,7,0,-136
1767172628.3742385,3,0,-133
1767172628.3842382,1,0,-134
1767172628.3942382,0,1,-125
1767172628.4042382,0,2,-129
1767172628.4142382,-1,0,-133
1767172628.4242382,0,-1,-136
1767172628.4342382,0,-3,-139
1767172628.4442382,-1,0,-136
1767172628.4542382,2,0,-139
1767172628.4642382,3,0,-141
1767172628.4742382,2,-2,-141
1767172628.484238,4,1,-136
1767172628.494238,1,3,-140
1767172628.504238,-3,2,-139
1767172628.514238,-7,-2,-142
1767172628.524238,-8,-3,-138
1767172628.534238,-4,-8,-128
1767172628.544238,-2,-9,-133
1767172628.554238,-4,-8,-129
1767172628.564238,-6,-7,-131
1767172628.574238,-7,-8,-135
1767172628.584238,-6,-8,-132
1767172628.594238,-7,-5,-138
1767172628.6042385,-10,-3,-136
1767172628.6142385,-12,-6,-138
1767172628.6242385,-6,-5,-132
1767172628.6342382,-2,-6,-130
1767172628.6442382,-3,-7,-128
1767172628.6542382,-2,-9,-129
1767172628.6642382,-1,-7,-134
1767172628.6742382,-1,-2,-136
1767172628.6842382,1,0,-141
1767172628.6942382,5,1,-144
1767172628.7042382,4,-2,-142
1767172628.7142382,1,-4,-141
1767172628.7242382,0,-5,-139
1767172628.734238,-1,-5,-137
1767172628.744238,2,-7,-137
1767172628.754238,2,-4,-139
1767172628.764238,-1,0,-140
1767172628.774238,-3,0,-139
1767172628.784238,1,-3,-142
1767172628.794238,4,-2,-138
1767172628.804238,1,-1,-137
1767172628.814238,2,-1,-132
1767172628.824238,5,-1,-132
1767172628.834238,3,2,-131
1767172628.844238,4,3,-130
1767172628.8542385,3,0,-136
1767172628.8642385,2,-3,-138
1767172628.8852382,4,-4,-131
1767172628.8942382,8,-3,-128
1767172628.9042382,2,1,-127
1767172628.9142382,0,2,-132
1767172628.9242382,0,-4,-135
1767172628.9342382,2,-8,-132
1767172628.9442382,7,-8,-131
1767172628.9542382,2,-5,-136
1767172628.9642382,-1,-9,-137
1767172628.9742382,0,-7,-131
1767172628.984238,0,-9,-134
1767172628.994238,-1,-6,-135
1767172629.004238,-1,0,-141
1767172629.014238,0,3,-148
1767172629.024238,-2,0,-147
1767172629.034238,-1,-3,-142
1767172629.044238,0,-6,-135
1767172629.054238,-2,-5,-133
1767172629.064238,-1,-6,-125
1767172629.074238,0,-4,-135
1767172629.084238,-1,-2,-137
1767172629.094238,0,0,-135
1767172629.1042385,0,-1,-133
1767172629.1142385,1,-4,-135
1767172629.1242385,5,-6,-129
1767172629.1342382,1,-10,-129
1767172629.1442382,3,-2,-131
1767172629.1542382,3,-2,-132
1767172629.1642382,0,-2,-132
1767172629.1742382,3,0,-131
1767172629.1842382,1,1,-133
1767172629.1942382,2,3,-134
1767172629.2042382,2,4,-129
1767172629.2142382,2,6,-132
1767172629.2242382,3,4,-129
1767172629.234238,8,6,-128
1767172629.244238,5,6,-125
1767172629.254238,3,5,-126
1767172629.264238,2,5,-134
1767172629.274238,6,0,-132
1767172629.284238,4,-1,-133
1767172629.294238,3,0,-130
1767172629.304238,1,-3,-125
1767172629.314238,0,-3,-126
1767172629.324238,-3,-4,-130
1767172629.334238,-4,-6,-128
1767172629.344238,2,-5,-135
1767172629.3542385,6,-6,-135
1767172629.3642385,1,-4,-137
1767172629.3742385,0,-1,-139
1767172629.3842382,0,-5,-136
1767172629.3942382,3,-3,-133
1767172629.4042382,5,-3,-134
1767172629.4142382,2,-2,-134
1767172629.4242382,2,-6,-135
1767172629.4342382,4,-5,-140
1767172629.4442382,4,-6,-141
1767172629.4542382,7,-5,-139
1767172629.4642382,7,-4,-138
1767172629.4742382,5,0,-135
1767172629.484238,6,2,-136
1767172629.494238,6,0,-133
1767172629.504238,4,-2,-132
1767172629.514238,5,0,-134
1767172629.524238,3,0,-127
1767172629.534238,4,1,-116
1767172629.544238,4,0,-126
1767172629.554238,6,2,-133
1767172629.564238,6,0,-136
1767172629.574238,6,-4,-137
1767172629.584238,2,0,-137
1767172629.594238,3,2,-131
1767172629.6042385,0,2,-131
1767172629.6142385,-1,-1,-141
1767172629.6242385,3,-1,-148
1767172629.6342382,1,-4,-145
1767172629.6442382,-1,-2,-144
1767172629.6542382,-5,-3,-145
1767172629.6642382,-6,-1,-142
1767172629.675238,-6,0,-145
1767172629.6842382,-5,3,-149
1767172629.6942382,-4,4,-147
1767172629.7042382,0,4,-143
1767172629.7142382,0,0,-140
1767172629.7242382,2,-2,-134
1767172629.734238,1,-2,-137
1767172629.744238,0,0,-143
1767172629.754238,1,0,-145
1767172629.764238,2,2,-143
1767172629.774238,0,1,-139
1767172629.784238,-3,2,-136
1767172629.794238,-5,3,-145
1767172629.804238,-3,5,-146
1767172629.814238,-2,4,-146
1767172629.824238,0,1,-145
1767172629.834238,-4,2,-145
1767172629.844238,-1,-1,-137
1767172629.8542385,-6,-4,-134
1767172629.8642385,-8,-5,-139
1767172629.8742385,-4,-6,-136
1767172629.8842382,-2,-4,-136
1767172629.8942382,-2,-9,-135
1767172629.9042382,-2,-8,-140
1767172629.9142382,-5,-6,-137
1767172629.9242382,-6,-6,-137
1767172629.9342382,-8,-5,-139
1767172629.9442382,-9,-6,-140
1767172629.9542382,-6,-1,-137
1767172629.9642382,-3,-5,-135
1767172629.9742382,0,-8,-134
1767172629.984238,0,-6,-135
1767172629.994238,-2,-6,-131
1767172630.004238,-5,-6,-131
1767172630.014238,-1,-4,-137
1767172630.025238,0,0,-138
1767172630.0352385,-1,3,-148
1767172630.044238,-2,-1,-150
1767172630.0552382,-3,1,-149
1767172630.0652382,-2,1,-156
1767172630.0752382,-1,1,-145
1767172630.0852382,0,3,-138
1767172630.0952382,-2,0,-142
1767172630.1052382,-5,2,-148
1767172630.1152382,-4,8,-155
1767172630.1252382,-5,6,-155
1767172630.1352382,-5,8,-151
1767172630.1452382,-3,8,-146
1767172630.1552382,-2,4,-145
1767172630.165238,-5,4,-141
1767172630.175238,-3,0,-136
1767172630.185238,-3,0,-140
1767172630.195238,-7,2,-140
1767172630.205238,-7,2,-140
1767172630.215238,-5,0,-137
1767172630.225238,-3,-2,-138
1767172630.235238,-1,-6,-135
1767172630.245238,-1,-4,-133
1767172630.255238,-1,-2,-133
1767172630.265238,-3,0,-131
1767172630.275238,-2,-2,-137
1767172630.2852385,-4,2,-141
1767172630.2952385,-7,0,-141
1767172630.3052382,-3,0,-141
1767172630.3152382,0,3,-140
1767172630.3252382,0,1,-140
1767172630.3352382,0,0,-149
1767172630.3452382,-1,0,-140
1767172630.3552382,0,-3,-137
1767172630.3652382,0,-3,-136
1767172630.3752382,2,-3,-139
1767172630.3852382,1,0,-135
1767172630.3952382,1,0,-132
1767172630.4052382,3,0,-127
1767172630.415238,6,1,-121
1767172630.425238,4,0,-123
1767172630.435238,4,-4,-128
1767172630.445238,1,-1,-130
1767172630.455238,3,2,-133
1767172630.465238,1,4,-136
1767172630.475238,0,0,-143
1767172630.485238,7,0,-139
1767172630.495238,8,-1,-133
1767172630.505238,5,0,-137
1767172630.515238,2,0,-133
1767172630.525238,4,-2,-130
1767172630.5352385,8,-5,-132
1767172630.5452385,7,-4,-133
1767172630.5552382,5,-3,-135
1767172630.5652382,3,-3,-135
1767172630.5752382,2,-2,-136
1767172630.5852382,0,-2,-139
1767172630.5952382,-2,-4,-136
1767172630.6052382,0,-2,-131
1767172630.6152382,4,-5,-133
1767172630.6252382,1,-4,-134
1767172630.6352382,3,-4,-139
1767172630.6452382,5,-5,-145
1767172630.6552382,2,-5,-131
1767172630.665238,2,-1,-125
1767172630.675238,1,-1,-121
1767172630.685238,2,0,-129
1767172630.695238,-1,0,-128
1767172630.705238,-2,0,-135
1767172630.715238,2,-1,-135
1767172630.725238,7,-1,-131
1767172630.735238,4,-1,-133
1767172630.745238,2,-1,-133
1767172630.755238,1,1,-142
1767172630.765238,3,2,-145
1767172630.775238,-1,2,-143
1767172630.7852385,0,3,-142
1767172630.7952385,0,4,-148
1767172630.8052382,0,3,-144
1767172630.8152382,0,0,-137
1767172630.8252382,0,1,-129
1767172630.8352382,3,-1,-129
1767172630.8452382,0,-3,-128
1767172630.8552382,3,-6,-132
1767172630.8652382,0,-6,-128
1767172630.8752382,-1,-8,-125
1767172630.8852382,-4,-6,-122
1767172630.8952382,-6,-5,-123
1767172630.9052382,-5,-3,-127
1767172630.915238,-8,1,-130
1767172630.925238,-7,-1,-133
1767172630.935238,-5,-5,-134
1767172630.945238,-6,-2,-134
1767172630.955238,-2,-5,-131
1767172630.965238,-1,-2,-136
1767172630.975238,2,0,-134
1767172630.985238,7,-1,-136
1767172630.995238,8,-4,-136
1767172631.005238,4,-5,-138
1767172631.015238,3,-2,-139
1767172631.025238,0,-1,-138
1767172631.0352385,1,0,-142
1767172631.0452385,0,1,-134
1767172631.0552382,1,-4,-132
1767172631.0652382,4,-5,-130
1767172631.0752382,1,-7,-130
1767172631.0852382,1,-4,-128
1767172631.0952382,-1,-5,-131
1767172631.1052382,-5,-2,-134
1767172631.1152382,-3,-3,-136
1767172631.1252382,0,0,-132
1767172631.1352382,0,2,-134
1767172631.1452382,-1,2,-132
1767172631.1552382,-1,0,-139
1767172631.165238,-6,1,-142
1767172631.175238,-2,3,-149
1767172631.185238,0,2,-156
1767172631.195238,2,0,-152
1767172631.205238,4,-2,-145
1767172631.215238,1,-2,-141
1767172631.225238,4,0,-139
1767172631.235238,0,-4,-133
1767172631.245238,-1,2,-128
1767172631.255238,-4,4,-124
1767172631.265238,-7,6,-130
1767172631.275238,-5,4,-135
1767172631.2852385,-3,6,-135
1767172631.2952385,0,4,-133
1767172631.3052382,-2,5,-137
1767172631.3152382,-5,10,-137
1767172631.3252382,-6,9,-142
1767172631.3352382,-6,7,-146
1767172631.3452382,-8,5,-147
1767172631.3552382,-1,-1,-141
1767172631.3652382,0,-2,-140
1767172631.3752382,2,-3,-146
1767172631.3852382,1,-2,-140
1767172631.3952382,0,1,-135
1767172631.4052382,-2,-3,-133
1767172631.415238,0,-4,-132
1767172631.425238,1,-4,-131
1767172631.435238,0,-1,-135
1767172631.445238,0,-1,-138
1767172631.455238,-3,2,-138
1767172631.465238,-1,1,-130
1767172631.475238,0,0,-131
1767172631.485238,0,0,-138
1767172631.495238,-7,0,-136
1767172631.505238,0,-3,-141
1767172631.515238,-1,-1,-141
1767172631.525238,-1,-4,-146
1767172631.5352385,1,-4,-138
1767172631.5452385,3,-2,-138
1767172631.5552382,-2,-1,-138
1767172631.5652382,-5,-2,-140
1767172631.5752382,-5,0,-140
1767172631.5852382,-6,0,-143
1767172631.5952382,-6,3,-142
1767172631.6052382,0,4,-135
1767172631.6152382,3,2,-136
1767172631.6252382,5,2,-135
1767172631.6352382,2,2,-137
1767172631.6452382,0,3,-141
1767172631.6552382,-1,4,-136
1767172631.665238,-1,5,-135
1767172631.675238,1,6,-134
1767172631.685238,5,6,-132
1767172631.695238,3,3,-137
1767172631.705238,3,-2,-137
1767172631.715238,1,0,-135
1767172631.725238,3,0,-139
1767172631.735238,-1,0,-139
1767172631.745238,1,1,-133
1767172631.755238,3,0,-134
1767172631.765238,9,0,-142
1767172631.775238,5,-2,-141
1767172631.7852385,2,-2,-142
1767172631.7952385,1,-1,-140
1767172631.8052382,0,-3,-143
1767172631.8152382,0,-2,-142
1767172631.8252382,-1,-4,-145
1767172631.8352382,0,-4,-144
1767172631.8452382,1,-3,-142
1767172631.8552382,4,1,-137
1767172631.8652382,5,3,-135
1767172631.8752382,4,5,-136
1767172631.8852382,2,4,-137
1767172631.8952382,5,3,-141
1767172631.9052382,10,4,-135
1767172631.915238,12,-2,-141
1767172631.925238,9,-5,-143
1767172631.935238,11,-4,-140
1767172631.945238,13,-1,-136
1767172631.955238,11,-4,-139
1767172631.965238,12,-5,-135
1767172631.975238,8,-3,-141
1767172631.985238,3,1,-146
1767172631.995238,6,2,-140
1767172632.005238,7,-3,-146
1767172632.015238,3,-3,-138
1767172632.025238,-2,-4,-133
1767172632.0352385,-3,-4,-134
1767172632.0452385,0,-4,-129
1767172632.0552382,0,-2,-133
1767172632.0652382,-1,-3,-135
1767172632.0752382,-1,-2,-136
1767172632.0852382,3,-4,-133
1767172632.0952382,3,-7,-134
1767172632.1052382,2,-3,-140
1767172632.1152382,-4,-1,-147
1767172632.1252382,-9,0,-145
1767172632.1352382,-5,0,-145
1767172632.1452382,-1,-1,-142
1767172632.1552382,3,0,-138
1767172632.165238,2,-1,-145
1767172632.175238,1,0,-146
1767172632.185238,2,-3,-146
1767172632.195238,4,-1,-148
1767172632.205238,0,0,-144
1767172632.215238,-1,0,-139
1767172632.225238,-5,0,-137
1767172632.235238,-2,-1,-138
1767172632.245238,0,-1,-139
1767172632.255238,2,-5,-134
1767172632.265238,2,-1,-138
1767172632.275238,-2,4,-141
1767172632.2852385,-5,5,-136
1767172632.2952385,-2,6,-134
1767172632.3052382,-2,3,-139
1767172632.3152382,-2,0,-143
1767172632.3252382,4,0,-145
1767172632.3352382,4,-1,-137
1767172632.3452382,8,-1,-138
1767172632.3552382,4,-3,-138
1767172632.3652382,-2,-3,-133
1767172632.3752382,-3,-3,-131
1767172632.3852382,-5,0,-132
1767172632.3952382,-6,1,-130
1767172632.4052382,-5,0,-132
1767172632.415238,-4,2,-134
1767172632.425238,-1,2,-136
1767172632.435238,-2,1,-138
1767172632.445238,-1,0,-138
1767172632.455238,1,0,-140
1767172632.465238,3,-1,-140
1767172632.475238,2,-1,-139
1767172632.485238,3,-4,-138
1767172632.495238,1,-3,-136
1767172632.505238,-3,2,-136
1767172632.515238,-7,5,-133
1767172632.525238,-8,5,-136
1767172632.5352385,-8,1,-132
1767172632.5452385,-6,1,-132
1767172632.5552382,-11,1,-131
1767172632.5652382,-10,0,-128
1767172632.5752382,-6,-1,-128
1767172632.5852382,-2,-1,-131
1767172632.5952382,-3,3,-132
1767172632.6052382,0,4,-133
1767172632.6152382,0,0,-126
1767172632.6252382,-2,0,-128
1767172632.6352382,-5,1,-134
1767172632.6452382,-4,1,-138
1767172632.656238,-3,3,-139
1767172632.666238,-1,3,-141
1767172632.676238,0,4,-143
1767172632.686238,1,0,-140
1767172632.696238,3,0,-138
1767172632.7062385,6,-4,-141
1767172632.7162385,6,-4,-142
1767172632.7262385,5,-2,-140
1767172632.7362382,7,-4,-143
1767172632.7462382,5,-6,-150
1767172632.7562382,1,-5,-149
1767172632.7662382,5,-6,-146
1767172632.7762382,4,-7,-137
1767172632.7862382,4,-5,-142
1767172632.7962382,0,-7,-149
1767172632.8062382,1,-7,-143
1767172632.8162382,-1,-4,-147
1767172632.8262382,-4,-8,-146
1767172632.836238,-1,-7,-143
1767172632.846238,0,-9,-145
1767172632.856238,-2,-9,-140
1767172632.866238,-2,-10,-144
1767172632.876238,0,-9,-140
1767172632.886238,1,-9,-143
1767172632.896238,2,-9,-142
1767172632.906238,2,-10,-135
1767172632.916238,1,-5,-134
1767172632.926238,2,-3,-145
1767172632.936238,2,-3,-145
1767172632.946238,2,-2,-147
1767172632.9562385,0,-5,-147
1767172632.9662385,0,-6,-143
1767172632.9762385,-4,-10,-147
1767172632.9862382,-2,-10,-152
1767172632.9962382,-1,-10,-145
1767172633.0062382,-3,-7,-134
1767172633.0162382,-5,-5,-132
1767172633.0262382,-1,0,-132
1767172633.0362382,0,1,-135
1767172633.0462382,-3,6,-134
1767172633.0562382,-6,5,-133
1767172633.0662382,-9,1,-141
1767172633.0762382,-6,0,-140
1767172633.086238,-3,2,-137
1767172633.096238,-7,1,-142
1767172633.106238,-5,2,-138
1767172633.116238,-6,1,-141
1767172633.126238,-5,0,-139
1767172633.136238,-3,-1,-142
1767172633.146238,-3,-2,-134
1767172633.156238,-5,-2,-134
1767172633.166238,-1,-4,-137
1767172633.176238,-1,-4,-138
1767172633.186238,-4,0,-142
1767172633.196238,-6,0,-145
1767172633.2062385,-4,1,-143
1767172633.2162385,-6,1,-137
1767172633.2262385,-4,1,-136
1767172633.2362382,-4,2,-143
1767172633.2462382,-5,2,-143
1767172633.2562382,-2,5,-147
1767172633.2662382,-5,3,-144
1767172633.2762382,0,1,-138
1767172633.2862382,3,2,-127
1767172633.2962382,0,1,-126
1767172633.3062382,1,0,-133
1767172633.3162382,0,0,-137
1767172633.3262382,3,0,-132
1767172633.336238,5,-1,-125
1767172633.346238,2,3,-129
1767172633.356238,0,0,-128
1767172633.366238,0,0,-125
1767172633.376238,-2,1,-122
1767172633.386238,0,0,-126
1767172633.396238,-6,1,-131
1767172633.406238,-6,0,-131
1767172633.416238,-3,-2,-131
1767172633.426238,0,-2,-135
1767172633.436238,-4,0,-136
1767172633.446238,-6,0,-135
1767172633.4562385,-9,0,-136
1767172633.4662385,-7,2,-142
1767172633.4762385,-3,1,-145
1767172633.4862382,-4,1,-142
1767172633.4962382,-2,0,-148
1767172633.5062382,3,0,-145
1767172633.5162382,2,5,-141
1767172633.5262382,-3,6,-138
1767172633.5362382,-4,4,-138
1767172633.5462382,-1,0,-144
1767172633.5562382,0,-2,-147
1767172633.5662382,-1,-2,-145
1767172633.5762382,-1,-5,-142
1767172633.586238,-3,-9,-142
1767172633.596238,-2,-7,-135
1767172633.606238,-2,-4,-133
1767172633.616238,0,-3,-126
1767172633.626238,0,-4,-128
1767172633.636238,-3,-3,-134
1767172633.646238,-7,-1,-137
1767172633.656238,-3,1,-135
1767172633.666238,3,0,-130
1767172633.676238,4,-3,-130
1767172633.686238,4,-2,-130
1767172633.696238,1,0,-135
1767172633.7062385,6,0,-139
1767172633.7162385,4,0,-133
1767172633.7262385,2,0,-130
1767172633.7362382,3,1,-133
1767172633.7462382,7,2,-134
1767172633.7562382,5,1,-132
1767172633.7662382,7,-1,-128
1767172633.7762382,6,-2,-131
1767172633.7862382,2,-2,-128
1767172633.7962382,-1,0,-124
1767172633.8062382,-3,-1,-131
1767172633.8162382,-3,1,-137
1767172633.8262382,1,0,-143
1767172633.836238,0,-4,-145
1767172633.846238,4,-3,-140
1767172633.856238,5,0,-138
1767172633.866238,4,-1,-144
1767172633.876238,2,-6,-145
1767172633.8972385,5,-7,-140
1767172633.906238,1,-3,-140
1767172633.916238,1,0,-142
1767172633.926238,5,3,-141
1767172633.936238,4,0,-136
1767172633.946238,4,3,-140
1767172633.9562385,6,4,-139
1767172633.9662385,1,0,-136
1767172633.9762385,0,-3,-135
1767172633.9862382,-1,-2,-136
1767172633.9962382,0,-1,-137
1767172634.0062382,0,0,-142
1767172634.0162382,1,3,-136
1767172634.0262382,-2,0,-139
1767172634.0362382,-4,3,-134
1767172634.0462382,0,2,-132
1767172634.0562382,-1,2,-140
1767172634.0662382,-1,0,-143
1767172634.0762382,-5,3,-141
1767172634.086238,-4,3,-140
1767172634.096238,-7,1,-133
1767172634.106238,-5,4,-138
1767172634.116238,-5,0,-141
1767172634.126238,0,0,-132
1767172634.136238,3,0,-129
1767172634.146238,-1,1,-134
1767172634.156238,-2,3,-141
1767172634.166238,0,0,-150
1767172634.176238,0,4,-146
1767172634.186238,-3,2,-144
1767172634.196238,-7,0,-140
1767172634.2062385,-2,0,-131
1767172634.2162385,2,4,-135
1767172634.2262385,2,2,-128
1767172634.2362382,2,1,-130
1767172634.2462382,1,7,-134
1767172634.2562382,-2,7,-140
1767172634.2662382,-6,5,-135
1767172634.2762382,-3,1,-131
1767172634.2862382,0,0,-128
1767172634.2962382,5,-3,-129
1767172634.3062382,2,-6,-126
1767172634.3162382,3,-2,-135
1767172634.3262382,4,-1,-136
1767172634.336238,6,-3,-138
1767172634.346238,8,-4,-137
1767172634.356238,8,-5,-141
1767172634.366238,7,-6,-143
1767172634.376238,4,-4,-132
1767172634.386238,2,-4,-128
1767172634.396238,2,-5,-125
1767172634.406238,3,-5,-131
1767172634.416238,0,-5,-129
1767172634.426238,0,-4,-137
1767172634.436238,-1,-2,-137
1767172634.446238,-4,-3,-136
1767172634.4562385,-3,0,-134
1767172634.4662385,-3,-2,-140
1767172634.4762385,-4,-7,-142
1767172634.4862382,-7,-5,-146
1767172634.4962382,-7,-3,-143
1767172634.5062382,-6,-8,-146
1767172634.5162382,-6,-6,-142
1767172634.5262382,-6,-5,-140
1767172634.5362382,-8,-5,-147
1767172634.5462382,-11,-6,-140
1767172634.5562382,-5,-3,-136
1767172634.5662382,-8,-1,-134
1767172634.5762382,-12,1,-134
1767172634.586238,-13,4,-137
1767172634.596238,-13,2,-142
1767172634.606238,-8,1,-136
1767172634.616238,-6,6,-133
1767172634.626238,-6,0,-133
1767172634.636238,2,2,-140
1767172634.646238,3,1,-140
1767172634.656238,5,0,-139
1767172634.666238,3,0,-134
1767172634.676238,4,0,-140
1767172634.686238,8,-4,-141
1767172634.696238,7,-6,-144
1767172634.7062385,2,-2,-141
1767172634.7162385,3,3,-141
1767172634.7262385,4,2,-138
1767172634.7362382,1,-2,-138
1767172634.7462382,3,-6,-142
1767172634.7562382,0,-11,-139
1767172634.7662382,-2,-9,-140
1767172634.7762382,-5,-4,-140
1767172634.7862382,-6,-2,-134
1767172634.7962382,-1,-1,-143
1767172634.8062382,-2,-2,-137
1767172634.8162382,-4,-1,-133
1767172634.8262382,0,-4,-134
1767172634.836238,5,-5,-133
1767172634.846238,5,-7,-134
1767172634.856238,0,-3,-137
1767172634.866238,-4,-5,-130
1767172634.876238,-2,1,-129
1767172634.886238,-2,4,-130
1767172634.896238,-3,0,-130
1767172634.906238,2,-1,-129
1767172634.916238,0,-1,-131
1767172634.926238,0,-1,-129
1767172634.936238,1,0,-129
1767172634.946238,5,-1,-133
1767172634.9562385,4,-3,-134
1767172634.9662385,6,0,-131
1767172634.9762385,7,-4,-131
1767172634.9862382,10,-4,-136
1767172634.9962382,7,-1,-142
1767172635.0062382,4,0,-145
1767172635.0162382,6,-1,-147
1767172635.0262382,7,0,-142
1767172635.0362382,5,-1,-138
1767172635.0462382,4,-2,-134
1767172635.0562382,4,-2,-133
1767172635.0662382,2,-2,-133
1767172635.0762382,0,1,-134
1767172635.086238,4,2,-142
1767172635.096238,0,0,-141
1767172635.106238,0,1,-146
1767172635.116238,-1,2,-137
1767172635.126238,-3,2,-141
1767172635.136238,-4,2,-136
1767172635.146238,-3,4,-131
1767172635.1572382,1,0,-136
1767172635.166238,1,-3,-140
1767172635.1772382,0,-2,-146
1767172635.186238,0,0,-141
1767172635.1972382,0,2,-136
1767172635.2062385,0,2,-138
1767172635.2162385,-2,1,-138
1767172635.2272382,0,1,-138
1767172635.2372382,0,1,-140
1767172635.2472382,1,0,-145
1767172635.257238,2,-3,-139
1767172635.2662382,1,-5,-139
1767172635.277238,1,-4,-135
1767172635.287238,0,-2,-135
1767172635.297238,0,-3,-131
1767172635.307238,5,-2,-129
1767172635.317238,1,-2,-131
1767172635.327238,-2,0,-135
1767172635.337238,-2,1,-139
1767172635.347238,-3,1,-132
1767172635.357238,-1,2,-132
1767172635.367238,0,3,-133
1767172635.377238,0,0,-138
1767172635.3872385,1,-2,-145
1767172635.3972385,5,-5,-140
1767172635.4072382,4,-5,-130
1767172635.4172382,0,0,-133
1767172635.4272382,0,0,-131
1767172635.4372382,-2,-2,-131
1767172635.4472382,1,-3,-129
1767172635.4572382,-2,-1,-128
1767172635.4672382,-1,1,-128
1767172635.4772382,-4,-6,-130
1767172635.4872382,-2,-4,-128
1767172635.4972382,-3,-5,-129
1767172635.507238,0,-1,-130
1767172635.517238,-1,0,-130
1767172635.527238,2,1,-126
1767172635.537238,3,0,-130
1767172635.547238,5,-1,-131
1767172635.557238,7,-1,-131
1767172635.567238,3,0,-134
1767172635.577238,2,0,-136
1767172635.587238,-3,1,-140
1767172635.597238,-4,3,-140
1767172635.607238,-4,2,-141
1767172635.617238,-2,0,-134
1767172635.627238,-2,-2,-131
1767172635.6372385,-1,-1,-134
1767172635.6472385,-4,-2,-136
1767172635.6572382,-8,-1,-135
1767172635.6672382,-4,0,-133
1767172635.6772382,-3,-5,-138
1767172635.6872382,-6,-4,-145
1767172635.6972382,-5,-5,-145
1767172635.7072382,-9,-7,-144
1767172635.7172382,-6,-4,-135
1767172635.7272382,0,-4,-140
1767172635.7372382,-1,0,-142
1767172635.7472382,-4,-2,-146
1767172635.757238,-4,-1,-147
1767172635.767238,-2,-1,-144
1767172635.777238,-5,-2,-145
1767172635.787238,-7,-4,-149
1767172635.797238,-4,-6,-148
1767172635.807238,-3,-6,-147
1767172635.817238,1,-4,-141
1767172635.827238,1,-3,-134
1767172635.837238,-1,-2,-128
1767172635.847238,0,2,-129
1767172635.857238,-1,0,-126
1767172635.867238,-1,3,-128
1767172635.877238,-8,6,-130
1767172635.8872385,-5,7,-130
1767172635.8972385,-5,6,-133
1767172635.9072382,-4,2,-135
1767172635.9172382,-7,2,-140
1767172635.9272382,0,2,-139
1767172635.9372382,-2,0,-135
1767172635.9472382,-2,-1,-136
1767172635.9572382,-3,-2,-137
1767172635.9672382,-3,-1,-132
1767172635.9772382,0,-2,-133
1767172635.9872382,0,-4,-132
1767172635.9972382,2,-4,-129
1767172636.007238,5,-4,-128
1767172636.017238,3,-4,-134
1767172636.027238,1,-5,-134
1767172636.037238,3,-4,-142
1767172636.047238,4,-5,-138
1767172636.057238,4,-2,-137
1767172636.067238,0,1,-141
1767172636.077238,0,1,-140
1767172636.087238,-2,4,-143
1767172636.097238,2,8,-142
1767172636.107238,3,9,-144
1767172636.117238,3,4,-145
1767172636.127238,5,0,-146
1767172636.1372385,6,-1,-142
1767172636.1472385,11,-3,-135
1767172636.1572382,15,-2,-136
1767172636.1672382,13,4,-140
1767172636.1772382,8,0,-141
1767172636.1872382,3,1,-140
1767172636.1972382,0,-4,-130
1767172636.2072382,0,-3,-128
1767172636.2172382,5,-1,-130
1767172636.2272382,2,-1,-132
1767172636.2372382,2,-3,-130
1767172636.2472382,3,0,-139
1767172636.257238,1,1,-140
1767172636.267238,1,1,-143
1767172636.277238,-1,0,-142
1767172636.287238,0,0,-145
1767172636.297238,-3,-1,-142
1767172636.307238,-7,-1,-137
1767172636.317238,-4,0,-136
1767172636.327238,0,-4,-133
1767172636.337238,1,-2,-129
1767172636.347238,0,-2,-132
1767172636.357238,-2,0,-137
1767172636.367238,-1,3,-138
1767172636.377238,1,0,-140
1767172636.3872385,-3,-5,-145
1767172636.3972385,-4,-6,-144
1767172636.4072382,-4,-7,-144
1767172636.4172382,-2,-9,-149
1767172636.4272382,-3,-10,-146
1767172636.4372382,-1,-6,-139
1767172636.4472382,1,-1,-136
1767172636.4572382,0,-1,-129
1767172636.4672382,4,-2,-124
1767172636.4772382,6,-3,-126
1767172636.4872382,-1,-5,-125
1767172636.4972382,-5,-5,-129
1767172636.507238,-8,-5,-136
1767172636.517238,-2,-3,-130
1767172636.527238,0,2,-133
1767172636.537238,4,3,-132
1767172636.547238,4,1,-137
1767172636.557238,4,4,-141
1767172636.567238,5,2,-141
1767172636.577238,3,3,-138
1767172636.587238,4,1,-136
1767172636.597238,6,1,-145
1767172636.607238,4,1,-142
1767172636.617238,4,1,-137
1767172636.627238,3,0,-135
1767172636.6372385,4,-2,-135
1767172636.6472385,-1,-2,-133
1767172636.6572382,3,0,-144
1767172636.6672382,10,-1,-148
1767172636.6772382,5,1,-141
1767172636.6872382,0,-2,-136
1767172636.6972382,-2,-1,-146
1767172636.7072382,-5,0,-145
1767172636.7172382,-3,0,-145
1767172636.7272382,0,2,-150
1767172636.7372382,-1,-1,-149
1767172636.7472382,0,0,-148
1767172636.757238,-4,-1,-145
1767172636.767238,-2,1,-147
1767172636.777238,1,1,-145
1767172636.787238,0,3,-146
1767172636.797238,-2,2,-143
1767172636.807238,-3,7,-142
1767172636.817238,-3,7,-145
1767172636.827238,-2,5,-146
1767172636.837238,-2,7,-144
1767172636.847238,0,9,-144
1767172636.857238,-1,2,-144
1767172636.867238,-1,0,-144
1767172636.877238,0,2,-147
1767172636.8872385,-7,1,-142
1767172636.8972385,-4,1,-141
1767172636.9072382,0,3,-139
1767172636.9172382,0,1,-133
1767172636.9272382,-1,-2,-132
1767172636.9372382,-2,-1,-138
1767172636.9472382,-3,-7,-140
1767172636.9572382,-4,-9,-146
1767172636.9672382,-2,-7,-141
1767172636.9772382,-2,-7,-138
1767172636.9872382,1,-7,-144
1767172636.9972382,0,-5,-144
1767172637.007238,0,-3,-138
1767172637.017238,-1,-5,-135
1767172637.027238,-4,0,-139
1767172637.037238,-3,-1,-134
1767172637.047238,-5,-2,-137
1767172637.057238,-5,-1,-136
1767172637.067238,-8,0,-136
1767172637.077238,-2,0,-139
1767172637.087238,-1,2,-139
1767172637.097238,-1,-2,-147
1767172637.107238,2,-4,-143
1767172637.117238,0,-7,-149
1767172637.127238,-4,-11,-140
1767172637.1372385,-3,-11,-137
1767172637.1472385,-4,-2,-139
1767172637.1572382,-5,-4,-139
1767172637.1672382,-6,-7,-137
1767172637.1772382,-5,-5,-134
1767172637.1872382,-2,-2,-134
1767172637.1972382,0,-2,-135
1767172637.2072382,3,-3,-132
1767172637.2172382,3,-3,-129
1767172637.2272382,1,-4,-130
1767172637.2372382,-1,-5,-127
1767172637.2472382,0,-4,-131
1767172637.257238,2,-6,-125
1767172637.267238,1,-5,-130
1767172637.277238,1,0,-135
1767172637.287238,0,-1,-139
1767172637.297238,-1,-4,-142
1767172637.307238,-2,0,-134
1767172637.317238,-4,0,-135
1767172637.327238,-3,-2,-132
1767172637.337238,0,-3,-126
1767172637.347238,0,-3,-130
1767172637.357238,0,-6,-139
1767172637.367238,2,-6,-142
1767172637.377238,-1,-6,-138
1767172637.3872385,-3,-5,-135
1767172637.3972385,1,-7,-140
1767172637.4072382,0,-8,-142
1767172637.4172382,1,-11,-148
1767172637.4272382,2,-9,-155
1767172637.4372382,4,-11,-158
1767172637.4472382,3,-9,-154
1767172637.4572382,0,-7,-147
1767172637.4672382,-4,-6,-140
1767172637.4772382,-9,-7,-141
1767172637.4872382,-8,-4,-142
1767172637.4972382,-5,-1,-144
1767172637.507238,-4,-4,-134
1767172637.517238,0,-6,-132
1767172637.527238,1,-5,-133
1767172637.537238,0,-6,-135
1767172637.547238,0,-10,-138
1767172637.557238,-1,-10,-136
1767172637.567238,1,-7,-134
1767172637.577238,4,-4,-130
1767172637.587238,5,-5,-140
1767172637.597238,2,-8,-144
1767172637.607238,6,-5,-147
1767172637.617238,1,-5,-150
1767172637.627238,0,-2,-148
1767172637.6372385,3,-3,-155
1767172637.6472385,4,-3,-155
1767172637.6572382,10,-7,-152
1767172637.6672382,8,-3,-145
1767172637.6772382,7,-2,-142
1767172637.6872382,9,-2,-138
1767172637.6972382,7,-3,-141
1767172637.7072382,3,-3,-135
1767172637.7172382,4,-2,-138
1767172637.7272382,3,-5,-142
1767172637.7372382,0,-8,-134
1767172637.7472382,1,-5,-126
1767172637.757238,-4,-3,-121
1767172637.768238,-2,-5,-128
1767172637.778238,-2,-3,-130
1767172637.788238,-2,-3,-130
1767172637.798238,0,0,-127
1767172637.8082385,-4,0,-130
1767172637.8182385,-4,3,-128
1767172637.8282382,-3,4,-133
1767172637.8382382,-5,2,-133
1767172637.8482382,-3,0,-134
1767172637.8582382,0,0,-134
1767172637.8682382,2,1,-134
1767172637.8782382,0,0,-138
1767172637.8882382,-3,0,-135
1767172637.8982382,-1,-1,-133
1767172637.9082382,0,0,-129
1767172637.9182382,0,0,-124
1767172637.9282382,-1,-4,-125
1767172637.938238,-6,-6,-125
1767172637.948238,-10,-5,-126
1767172637.958238,-13,-1,-125
1767172637.968238,-9,-3,-129
1767172637.978238,-7,-4,-136
1767172637.988238,-3,0,-141
1767172637.998238,-3,1,-140
1767172638.008238,-2,5,-136
1767172638.018238,-4,5,-132
1767172638.028238,-3,2,-139
1767172638.038238,-4,1,-136
1767172638.048238,-4,1,-139
1767172638.0582385,-7,0,-138
1767172638.0682385,-4,2,-131
1767172638.0782382,-6,1,-126
1767172638.0882382,-7,-2,-132
1767172638.0982382,-5,-3,-135
1767172638.1082382,1,-4,-135
1767172638.1182382,5,-1,-133
1767172638.1282382,7,-1,-128
1767172638.1382382,2,-4,-129
1767172638.1482382,1,-4,-132
1767172638.1582382,0,-2,-132
1767172638.1682382,1,-4,-140
1767172638.1782382,-1,-2,-140
1767172638.188238,-1,-3,-142
1767172638.198238,-1,-5,-137
1767172638.208238,-2,0,-138
1767172638.218238,5,0,-142
1767172638.228238,6,0,-136
1767172638.238238,7,-3,-137
1767172638.248238,2,0,-137
1767172638.258238,1,-4,-134
1767172638.268238,-2,-4,-133
1767172638.278238,1,-4,-126
1767172638.288238,2,-1,-131
1767172638.298238,4,1,-131
1767172638.3082385,5,1,-133
1767172638.3182385,4,5,-133
1767172638.3282382,7,2,-136
1767172638.3382382,9,2,-137
1767172638.3482382,7,2,-141
1767172638.3582382,2,-1,-139
1767172638.3682382,0,0,-137
1767172638.3782382,0,-1,-139
1767172638.3882382,-3,-3,-139
1767172638.3982382,-2,0,-140
1767172638.4082382,1,0,-141
1767172638.4182382,-1,-3,-146
1767172638.4282382,-1,-1,-138
1767172638.438238,0,2,-139
1767172638.448238,-3,6,-138
1767172638.458238,-3,4,-136
1767172638.468238,-3,6,-135
1767172638.478238,-3,2,-134
1767172638.488238,0,-2,-136
1767172638.498238,3,-5,-138
1767172638.508238,1,-2,-138
1767172638.518238,0,-7,-135
1767172638.528238,2,-5,-132
1767172638.538238,3,-3,-137
1767172638.548238,0,-5,-143
1767172638.5582385,2,-5,-139
1767172638.5682385,4,-6,-134
1767172638.5782382,2,-6,-129
1767172638.5882382,0,-8,-126
1767172638.5982382,-5,-5,-128
1767172638.6082382,-5,-7,-127
1767172638.6182382,-1,-4,-126
1767172638.6282382,-3,-3,-126
1767172638.6382382,-1,-5,-128
1767172638.6482382,0,-7,-128
1767172638.6582382,2,-6,-130
1767172638.6682382,4,-6,-133
1767172638.6782382,2,-7,-133
1767172638.688238,4,-6,-139
1767172638.698238,1,-7,-133
1767172638.708238,2,-6,-134
1767172638.718238,6,-3,-128
1767172638.728238,9,0,-140
1767172638.738238,9,-1,-142
1767172638.748238,8,0,-144
1767172638.758238,8,-2,-143
1767172638.768238,9,-5,-145
1767172638.778238,10,-5,-146
1767172638.7892382,7,-4,-142
1767172638.798238,4,-1,-144
1767172638.8082385,-1,-4,-140
1767172638.8182385,-1,-7,-138
1767172638.8282382,-5,-8,-139
1767172638.8382382,-2,-9,-143
1767172638.8482382,-2,-10,-142
1767172638.8582382,-7,-10,-135
1767172638.8682382,-4,-8,-137
1767172638.8782382,-2,-7,-139
1767172638.8882382,-3,-8,-136
1767172638.9102385,-2,-5,-136
1767172638.9182382,4,-5,-143
1767172638.9282382,2,-2,-142
1767172638.938238,1,-7,-137
1767172638.948238,0,-6,-136
1767172638.958238,-3,-4,-133
1767172638.968238,-5,-3,-137
1767172638.978238,-5,-4,-138
1767172638.988238,-2,-3,-134
1767172638.998238,-2,-2,-139
1767172639.008238,-4,-1,-136
1767172639.018238,0,0,-138
1767172639.028238,2,-7,-135
1767172639.038238,0,-7,-135
1767172639.048238,0,-6,-129
1767172639.0582385,-1,-8,-124
1767172639.0682385,0,-7,-129
1767172639.0782382,1,-5,-133
1767172639.0882382,3,-5,-134
1767172639.0982382,1,-2,-136
1767172639.1082382,-3,-3,-134
1767172639.1182382,-6,-2,-133
1767172639.1282382,-8,-1,-134
1767172639.1382382,-6,1,-131
1767172639.1482382,-1,-2,-132
1767172639.1582382,-3,-3,-131
1767172639.1682382,-1,-1,-135
1767172639.1782382,-1,0,-137
1767172639.188238,0,0,-145
1767172639.198238,0,-1,-142
1767172639.208238,-5,-5,-142
1767172639.218238,-4,-6,-142
1767172639.228238,0,-2,-130
1767172639.238238,0,1,-133
1767172639.248238,-4,-1,-123
1767172639.258238,-2,-3,-131
1767172639.268238,-3,-7,-135
1767172639.278238,-7,-8,-131
1767172639.288238,-6,-6,-137
1767172639.298238,0,-2,-142
1767172639.3082385,1,0,-146
1767172639.3182385,0,-1,-134
1767172639.3282382,1,1,-129
1767172639.3382382,1,1,-131
1767172639.3482382,2,-3,-128
1767172639.3582382,-2,-2,-132
1767172639.3682382,-2,0,-133
1767172639.3782382,-3,1,-132
1767172639.3882382,-2,0,-131
1767172639.3982382,0,0,-132
1767172639.4082382,-1,0,-134
1767172639.4182382,-2,-1,-136
1767172639.4282382,-4,-3,-133
1767172639.438238,-6,-1,-143
1767172639.448238,-4,-1,-145
1767172639.458238,-4,-5,-137
1767172639.468238,-8,-1,-139
1767172639.478238,-7,3,-141
1767172639.488238,-7,3,-139
1767172639.498238,-10,1,-135
1767172639.508238,-5,1,-133
1767172639.518238,-2,4,-135
1767172639.528238,-3,1,-133
1767172639.538238,-2,2,-136
1767172639.548238,-1,-1,-136
1767172639.5582385,0,-1,-137
1767172639.5682385,0,-5,-137
1767172639.5782382,5,-5,-139
1767172639.5882382,8,-4,-142
1767172639.5982382,8,-2,-147
1767172639.6082382,6,2,-141
1767172639.6182382,1,0,-137
1767172639.6282382,-3,0,-134
1767172639.6382382,-5,-2,-128
1767172639.6482382,-2,-1,-130
1767172639.6582382,0,-1,-127
1767172639.6682382,-4,-4,-125
1767172639.6782382,-7,-4,-124
1767172639.688238,-4,-4,-122
1767172639.698238,-1,0,-121
1767172639.708238,-1,-1,-120
1767172639.718238,-1,0,-123
1767172639.728238,-3,-4,-130
1767172639.738238,2,-5,-132
1767172639.748238,0,-9,-133
1767172639.758238,5,-6,-139
1767172639.768238,5,-7,-141
1767172639.778238,1,-3,-142
1767172639.788238,1,-1,-137
1767172639.798238,-1,-2,-135
1767172639.8082385,0,-2,-138
1767172639.8182385,2,-3,-144
1767172639.8282382,3,0,-143
1767172639.8382382,3,-2,-141
1767172639.8482382,-1,0,-138
1767172639.8582382,-4,0,-141
1767172639.8682382,-5,2,-143
1767172639.8782382,-2,2,-140
1767172639.8882382,0,3,-139
1767172639.8982382,0,4,-134
1767172639.9082382,-1,6,-135
1767172639.9182382,0,5,-138
1767172639.9282382,-4,4,-140
1767172639.938238,-6,2,-141
1767172639.948238,-3,0,-139
1767172639.958238,-2,2,-144
1767172639.968238,-3,2,-141
1767172639.978238,3,-1,-141
1767172639.988238,1,-2,-142
1767172639.998238,-6,-1,-146
1767172640.008238,-3,-2,-140
1767172640.018238,-3,0,-141
1767172640.028238,-4,-1,-139
1767172640.038238,-4,-3,-141
1767172640.048238,-2,-1,-135
1767172640.0582385,-5,3,-134
1767172640.0682385,-6,4,-136
1767172640.0782382,-2,1,-138
1767172640.0882382,-3,-2,-148
1767172640.0982382,-4,-6,-146
1767172640.1082382,-6,-10,-145
1767172640.1182382,-1,-9,-139
1767172640.1282382,-1,-7,-132
1767172640.1382382,0,-7,-128
1767172640.1482382,0,-5,-120
1767172640.1582382,-3,-2,-126
1767172640.1682382,-5,0,-124
1767172640.1782382,-3,0,-127
1767172640.188238,0,0,-131
1767172640.198238,2,4,-131
1767172640.208238,0,0,-130
1767172640.218238,-2,0,-135
1767172640.228238,2,-2,-135
1767172640.238238,6,-2,-131
1767172640.248238,6,-2,-131
1767172640.258238,3,-4,-132
1767172640.268238,2,-3,-130
1767172640.278238,4,-2,-123
1767172640.288238,3,-2,-125
1767172640.298238,-1,-1,-130
1767172640.3082385,-2,-2,-134
1767172640.3182385,4,-1,-141
1767172640.3282382,6,1,-135
1767172640.3382382,6,0,-139
1767172640.3482382,5,0,-137
1767172640.3582382,4,2,-136
1767172640.369238,4,4,-133
1767172640.3782382,2,2,-132
1767172640.389238,2,-1,-133
1767172640.399238,2,-3,-130
1767172640.409238,1,-2,-131
1767172640.419238,2,-5,-135
1767172640.429238,0,-3,-134
1767172640.439238,-3,-3,-129
1767172640.449238,-1,-6,-127
1767172640.459238,-2,-7,-133
1767172640.469238,-2,-6,-133
1767172640.4792385,-1,-5,-133
1767172640.4892385,-3,-7,-128
1767172640.4992385,-2,-7,-131
1767172640.5092382,0,-6,-133
1767172640.5192382,5,-6,-131
1767172640.5292382,7,0,-129
1767172640.5392382,4,-1,-130
1767172640.5492382,1,0,-138
1767172640.5592382,0,0,-142
1767172640.5692382,-1,-1,-144
1767172640.5792382,2,-2,-133
1767172640.5892382,7,-7,-137
1767172640.5992382,15,-3,-141
1767172640.609238,11,-3,-139
1767172640.619238,7,-3,-139
1767172640.629238,3,-6,-141
1767172640.639238,5,-7,-145
1767172640.649238,4,-7,-140
1767172640.659238,4,-5,-139
1767172640.669238,1,-3,-133
1767172640.679238,2,-4,-132
1767172640.689238,3,-2,-135
1767172640.699238,1,-6,-135
1767172640.709238,-1,-2,-141
1767172640.719238,-3,1,-142
1767172640.7292385,0,3,-149
1767172640.7392385,0,3,-145
1767172640.7492385,-3,3,-141
1767172640.7592382,-5,3,-138
1767172640.7692382,-2,4,-139
1767172640.7792382,-3,1,-139
1767172640.7892382,-1,3,-144
1767172640.7992382,-5,3,-140
1767172640.8092382,-3,1,-141
1767172640.8192382,-9,2,-144
1767172640.8292382,-11,2,-140
1767172640.8392382,-9,4,-142
1767172640.8492382,-9,3,-140
1767172640.859238,-6,-4,-145
1767172640.869238,-5,-2,-144
1767172640.879238,-3,0,-149
1767172640.889238,-1,3,-151
1767172640.899238,-1,-1,-148
1767172640.909238,2,-1,-147
1767172640.919238,2,-2,-140
1767172640.929238,-3,-3,-139
1767172640.939238,-9,-1,-139
1767172640.949238,-3,0,-133
1767172640.959238,-4,-4,-131
1767172640.969238,-8,-4,-144
1767172640.9792385,-10,-5,-142
1767172640.9892385,-7,-6,-142
1767172640.9992385,-2,-6,-138
1767172641.0092382,-1,-5,-133
1767172641.0192382,0,-2,-138
1767172641.0292382,1,0,-139
1767172641.0392382,7,0,-142
1767172641.0492382,8,-2,-140
1767172641.0592382,6,0,-140
1767172641.0692382,1,-1,-135
1767172641.0792382,3,-3,-136
1767172641.0892382,3,-5,-137
1767172641.0992382,0,-5,-134
1767172641.109238,1,-6,-133
1767172641.119238,1,-6,-130
1767172641.129238,5,-5,-126
1767172641.139238,1,-3,-130
1767172641.149238,1,-1,-133
1767172641.159238,1,1,-137
1767172641.169238,0,-3,-139
1767172641.179238,-2,-4,-128
1767172641.189238,-3,-3,-132
1767172641.199238,0,-4,-136
1767172641.209238,-4,-5,-145
1767172641.219238,-7,-3,-144
1767172641.2292385,-6,2,-144
1767172641.2392385,0,5,-144
1767172641.2492385,-1,0,-144
1767172641.2592382,0,0,-142
1767172641.2692382,0,0,-135
1767172641.2792382,-1,0,-135
1767172641.2892382,-1,-5,-136
1767172641.2992382,-1,-5,-137
1767172641.3092382,0,2,-134
1767172641.3192382,-2,4,-131
1767172641.3292382,-3,4,-133
1767172641.3392382,-3,0,-130
1767172641.3492382,-4,-1,-135
1767172641.359238,-5,-4,-135
1767172641.369238,-2,-11,-143
1767172641.379238,-6,-9,-140
1767172641.389238,-1,-11,-141
1767172641.399238,-7,-8,-142
1767172641.409238,-11,-2,-145
1767172641.419238,-6,1,-143
1767172641.429238,-2,1,-138
1767172641.439238,-9,0,-135
1767172641.449238,-7,-2,-135
1767172641.459238,-5,0,-140
1767172641.469238,-4,4,-138
1767172641.4792385,-6,3,-139
1767172641.4892385,-6,-2,-137
1767172641.4992385,-5,-3,-138
1767172641.5092382,-4,0,-137
1767172641.5192382,-2,-3,-142
1767172641.5292382,-6,-2,-140
1767172641.5392382,-5,-1,-142
1767172641.5492382,-1,-4,-140
1767172641.5592382,-2,-4,-129
1767172641.5692382,-3,-3,-126
1767172641.5792382,-3,0,-132
1767172641.5892382,-2,0,-139
1767172641.5992382,1,-2,-143
1767172641.609238,2,0,-147
1767172641.619238,1,1,-151
1767172641.629238,0,1,-147
1767172641.639238,0,3,-143
1767172641.649238,4,2,-146
1767172641.659238,6,3,-144
1767172641.669238,5,2,-142
1767172641.679238,3,-3,-139
1767172641.689238,2,-3,-133
1767172641.699238,2,0,-132
1767172641.709238,0,1,-137
1767172641.719238,4,0,-143
1767172641.7292385,6,-7,-136
1767172641.7392385,10,-6,-129
1767172641.7492385,9,-9,-134
1767172641.7592382,6,-7,-130
1767172641.7692382,2,-8,-129
1767172641.7792382,0,-7,-123
1767172641.7892382,1,-3,-124
1767172641.7992382,1,-3,-123
1767172641.8092382,1,0,-130
1767172641.8192382,4,0,-135
1767172641.8292382,10,3,-131
1767172641.8392382,4,1,-132
1767172641.8492382,3,0,-139
1767172641.859238,0,-2,-136
1767172641.869238,-5,0,-136
1767172641.879238,-3,0,-146
1767172641.889238,-5,-2,-145
1767172641.899238,-4,-4,-148
1767172641.909238,-3,-5,-149
1767172641.919238,-2,-2,-139
1767172641.929238,0,-1,-138
1767172641.939238,-1,2,-135
1767172641.949238,-3,3,-129
1767172641.959238,-3,-3,-125
1767172641.969238,-2,-4,-126
1767172641.9792385,-1,-3,-129
1767172641.9892385,-1,0,-129
1767172641.9992385,-3,2,-127
1767172642.0092382,-1,5,-132
1767172642.0192382,2,5,-132
1767172642.0292382,6,6,-139
1767172642.0392382,5,5,-141
1767172642.0492382,2,0,-136
1767172642.0592382,3,-1,-137
1767172642.0692382,5,-4,-137
1767172642.0792382,4,-3,-135
1767172642.0892382,4,-5,-137
1767172642.0992382,2,-5,-135
1767172642.109238,3,-4,-139
1767172642.119238,5,-1,-132
1767172642.129238,6,0,-134
1767172642.139238,1,-1,-132
1767172642.149238,0,-2,-138
1767172642.159238,-5,-3,-135
1767172642.169238,0,-5,-131
1767172642.179238,0,-3,-133
1767172642.189238,0,-1,-141
1767172642.199238,-2,-4,-143
1767172642.209238,-4,-4,-145
1767172642.219238,-1,-4,-142
1767172642.2292385,-1,-5,-144
1767172642.2392385,1,-4,-139
1767172642.2492385,5,-5,-130
1767172642.2592382,6,-7,-125
1767172642.2692382,1,-7,-121
1767172642.2792382,1,-6,-122
1767172642.2892382,2,-7,-123
1767172642.2992382,3,-6,-123
1767172642.3092382,1,-3,-123
1767172642.3192382,0,-4,-130
1767172642.3292382,0,-5,-130
1767172642.3392382,3,-2,-134
1767172642.3492382,5,-1,-139
1767172642.359238,6,-1,-137
1767172642.369238,5,-1,-132
1767172642.379238,-1,-5,-134
1767172642.389238,0,-1,-134
1767172642.399238,1,1,-138
1767172642.409238,0,-2,-135
1767172642.419238,0,-2,-136
1767172642.429238,-1,-2,-141
1767172642.439238,1,-2,-140
1767172642.449238,6,-3,-134
1767172642.459238,7,0,-130
1767172642.469238,3,0,-131
1767172642.4792385,1,1,-126
1767172642.4892385,0,-4,-126
1767172642.4992385,0,-2,-131
1767172642.5092382,2,-4,-141
1767172642.5192382,1,-2,-145
1767172642.5292382,2,-3,-142
1767172642.5392382,2,-2,-143
1767172642.5492382,0,-1,-139
1767172642.5592382,1,-3,-139
1767172642.5692382,-2,0,-139
1767172642.5792382,-2,2,-141
1767172642.5892382,-2,2,-145
1767172642.5992382,-4,4,-141
1767172642.609238,-2,2,-136
1767172642.619238,-6,0,-133
1767172642.629238,-4,0,-137
1767172642.639238,0,-6,-136
1767172642.649238,0,-6,-128
1767172642.659238,1,-2,-127
1767172642.669238,0,-1,-130
1767172642.679238,-1,-1,-132
1767172642.689238,0,0,-130
1767172642.699238,-2,0,-130
1767172642.709238,-1,-1,-138
1767172642.719238,3,-3,-142
1767172642.7292385,2,-3,-146
1767172642.7392385,1,-2,-139
1767172642.7492385,3,-1,-142
1767172642.7592382,0,1,-143
1767172642.7692382,-2,4,-137
1767172642.7792382,-2,7,-129
1767172642.7892382,-5,3,-135
1767172642.7992382,-1,3,-137
1767172642.8092382,-2,0,-138
1767172642.8192382,-3,-5,-138
1767172642.8292382,-4,-2,-141
1767172642.8392382,-5,0,-135
1767172642.8492382,-3,2,-140
1767172642.859238,-6,0,-144
1767172642.869238,-3,0,-142
1767172642.879238,-5,-1,-144
1767172642.890238,-2,0,-140
1767172642.899238,0,4,-136
1767172642.909238,-4,3,-138
1767172642.9202385,-4,7,-134
1767172642.929238,-3,3,-137
1767172642.9402382,-4,3,-137
1767172642.9502382,0,0,-139
1767172642.959238,2,0,-135
1767172642.969238,2,-2,-130
1767172642.9802382,-2,-2,-131
1767172642.9902382,-1,-3,-131
1767172643.0002382,-1,0,-139
1767172643.0102382,1,2,-137
1767172643.0202382,3,2,-140
1767172643.0302382,5,0,-140
1767172643.040238,5,-2,-141
1767172643.050238,8,0,-134
1767172643.060238,6,2,-130
1767172643.070238,7,1,-126
1767172643.080238,6,0,-131
1767172643.090238,5,0,-133
1767172643.100238,-1,1,-137
1767172643.110238,0,1,-136
1767172643.120238,-5,2,-136
1767172643.130238,-4,5,-136
1767172643.140238,-6,4,-132
1767172643.150238,-7,1,-131
1767172643.1602385,-6,0,-127
1767172643.1702385,-4,-3,-130
1767172643.1802382,-1,-2,-136
1767172643.1902382,-1,-2,-136
1767172643.2002382,0,1,-141
1767172643.2102382,3,5,-146
1767172643.2202382,0,3,-146
1767172643.2302382,-4,2,-146
1767172643.2402382,-3,2,-141
1767172643.2502382,-3,2,-140
1767172643.2602382,-2,4,-138
1767172643.2702382,0,0,-138
1767172643.2802382,4,-3,-137
1767172643.290238,5,-4,-131
1767172643.300238,0,-2,-127
1767172643.310238,-2,0,-128
1767172643.320238,-1,0,-129
1767172643.330238,0,-2,-132
1767172643.340238,0,-1,-134
1767172643.350238,-1,1,-145
1767172643.360238,-2,0,-140
1767172643.370238,-1,-1,-136
1767172643.380238,0,-3,-142
1767172643.390238,1,-3,-142
1767172643.400238,0,-2,-128
1767172643.4102385,0,-3,-130
1767172643.4202385,0,-4,-124
1767172643.4302382,1,-2,-126
1767172643.4402382,1,-2,-127
1767172643.4502382,-1,2,-130
1767172643.4602382,-8,0,-130
1767172643.4702382,-8,0,-136
1767172643.4802382,-5,0,-134
1767172643.4902382,-6,0,-137
1767172643.5002382,-5,-1,-140
1767172643.5102382,0,-3,-147
1767172643.5202382,-1,-1,-139
1767172643.5302382,4,0,-139
1767172643.540238,-1,0,-141
1767172643.550238,5,1,-139
1767172643.560238,1,-1,-140
1767172643.570238,3,-1,-142
1767172643.580238,3,-5,-142
1767172643.590238,5,-8,-137
1767172643.600238,4,-9,-136
1767172643.610238,1,-7,-134
1767172643.620238,0,-9,-129
1767172643.630238,-1,-5,-140
1767172643.640238,-1,-1,-145
1767172643.650238,-5,4,-147
1767172643.6602385,-4,4,-150
1767172643.6702385,-4,0,-144
1767172643.6802382,-4,0,-131
1767172643.6902382,-4,1,-138
1767172643.7002382,-5,1,-143
1767172643.7102382,-1,-3,-140
1767172643.7202382,-3,-5,-144
1767172643.7302382,-5,-5,-142
1767172643.7402382,-3,-7,-141
1767172643.7502382,-2,-10,-132
1767172643.7602382,-2,-11,-129
1767172643.7702382,0,-11,-132
1767172643.7802382,0,-11,-134
1767172643.790238,-1,-8,-134
1767172643.800238,-1,-2,-133
1767172643.810238,-2,-5,-137
1767172643.820238,0,-6,-131
1767172643.830238,0,-5,-140
1767172643.840238,0,-8,-153
1767172643.850238,1,-8,-150
1767172643.860238,-1,-5,-138
1767172643.870238,-4,-2,-134
1767172643.880238,-3,-2,-130
1767172643.890238,-3,-4,-138
1767172643.900238,-4,-1,-139
1767172643.922238,-1,3,-130
1767172643.9302382,-2,0,-134
1767172643.9402382,0,-1,-131
1767172643.9502382,1,-1,-138
1767172643.9602382,1,-1,-134
1767172643.9702382,1,-1,-128
1767172643.9802382,2,-1,-128
1767172643.9902382,3,0,-129
1767172644.0002382,8,1,-126
1767172644.0102382,7,4,-129
1767172644.0202382,3,6,-132
1767172644.0302382,5,4,-131
1767172644.040238,3,2,-139
1767172644.050238,2,-1,-147
1767172644.060238,3,2,-143
1767172644.070238,9,-1,-140
1767172644.080238,9,-1,-140
1767172644.090238,8,0,-137
1767172644.100238,8,1,-138
1767172644.110238,6,-1,-136
1767172644.120238,3,-7,-133
1767172644.130238,5,-5,-137
1767172644.140238,8,-3,-134
1767172644.150238,8,-2,-135
1767172644.1602385,4,-4,-136
1767172644.1702385,2,-8,-137
1767172644.1802382,3,-6,-132
1767172644.1902382,6,-7,-133
1767172644.2002382,8,-10,-142
1767172644.2102382,8,-5,-143
1767172644.2202382,5,-2,-142
1767172644.2302382,6,-5,-136
1767172644.2402382,4,-2,-135
1767172644.2502382,4,-2,-133
1767172644.2602382,3,0,-132
1767172644.2702382,3,-2,-133
1767172644.2802382,2,0,-132
1767172644.290238,2,0,-134
1767172644.300238,0,3,-139
1767172644.310238,1,3,-136
1767172644.320238,0,3,-144
1767172644.330238,-4,3,-147
1767172644.340238,-5,3,-142
1767172644.350238,-11,1,-140
1767172644.360238,-3,0,-138
1767172644.370238,-1,2,-132
1767172644.380238,1,0,-136
1767172644.390238,2,-4,-135
1767172644.400238,4,-1,-141
1767172644.4102385,5,-3,-143
1767172644.4202385,4,-4,-152
1767172644.4302382,3,-3,-151
1767172644.4402382,2,-3,-145
1767172644.4502382,5,0,-140
1767172644.4602382,2,1,-140
1767172644.4702382,4,1,-138
1767172644.4802382,2,-1,-139
1767172644.4902382,0,-5,-141
1767172644.5002382,0,-4,-138
1767172644.5102382,0,-2,-138
1767172644.5202382,2,-3,-137
1767172644.5302382,0,-3,-137
1767172644.540238,-1,-5,-131
1767172644.550238,-1,-7,-132
1767172644.560238,0,-7,-134
1767172644.570238,-1,-3,-135
1767172644.580238,-4,-2,-140
1767172644.590238,-3,-1,-143
1767172644.600238,-4,0,-137
1767172644.610238,-2,0,-143
1767172644.620238,0,4,-144
1767172644.630238,0,7,-142
1767172644.640238,2,5,-137
1767172644.650238,5,4,-131
1767172644.6602385,6,2,-133
1767172644.6702385,8,1,-133
1767172644.6802382,3,-3,-131
1767172644.6902382,1,2,-129
1767172644.7002382,1,3,-131
1767172644.7102382,4,5,-125
1767172644.7202382,2,2,-124
1767172644.7302382,3,2,-122
1767172644.7402382,3,0,-122
1767172644.7502382,5,-2,-115
1767172644.7602382,3,-1,-116
1767172644.7702382,1,0,-119
1767172644.7802382,1,3,-120
1767172644.790238,-1,1,-122
1767172644.800238,-2,6,-123
1767172644.810238,-1,4,-132
1767172644.820238,-2,6,-140
1767172644.830238,-6,3,-136
1767172644.840238,-7,-1,-129
1767172644.850238,-4,-2,-133
1767172644.860238,-6,0,-139
1767172644.870238,-2,2,-141
1767172644.880238,0,0,-136
1767172644.890238,0,0,-139
1767172644.900238,1,0,-139
1767172644.9102385,1,-1,-131
1767172644.9202385,3,-3,-136
1767172644.9302382,6,-1,-136
1767172644.9402382,0,-10,-137
1767172644.9502382,-1,-10,-139
1767172644.9602382,2,-10,-139
1767172644.9702382,3,-12,-139
1767172644.9802382,2,-9,-138
1767172644.9902382,3,-3,-138
1767172645.0002382,2,0,-137
1767172645.0102382,-2,-3,-137
1767172645.0202382,-1,-1,-137
1767172645.0302382,-2,0,-137
1767172645.040238,-3,0,-143
1767172645.050238,-7,-1,-147
1767172645.060238,-9,0,-142
1767172645.070238,-5,-2,-136
1767172645.080238,-3,-5,-135
1767172645.090238,-2,0,-138
1767172645.100238,-4,-2,-144
1767172645.110238,-3,-2,-150
1767172645.120238,0,-2,-153
1767172645.130238,0,-1,-154
1767172645.140238,-1,-2,-149
1767172645.150238,-1,1,-150
1767172645.1602385,-4,0,-144
1767172645.1702385,0,-3,-139
1767172645.1802382,0,-1,-136
1767172645.1902382,2,5,-133
1767172645.2002382,0,3,-137
1767172645.2102382,0,0,-130
1767172645.2202382,0,1,-126
1767172645.2302382,0,0,-133
1767172645.2402382,2,0,-138
1767172645.2502382,3,-2,-137
1767172645.2602382,0,1,-130
1767172645.2702382,0,1,-128
1767172645.2802382,3,1,-131
1767172645.290238,6,8,-137
1767172645.300238,3,10,-139
1767172645.310238,5,2,-146
1767172645.320238,5,2,-141
1767172645.330238,2,3,-139
1767172645.340238,6,3,-140
1767172645.350238,5,0,-134
1767172645.360238,4,-1,-132
1767172645.370238,0,-5,-131
1767172645.380238,-2,-6,-127
1767172645.390238,-2,-8,-129
1767172645.400238,-2,-13,-128
1767172645.4102385,-1,-11,-123
1767172645.4202385,-1,-5,-127
1767172645.4302382,-2,-6,-134
1767172645.4402382,1,-4,-130
1767172645.4502382,0,-3,-132
1767172645.4602382,-4,0,-134
1767172645.4702382,-2,1,-138
1767172645.4802382,-1,0,-141
1767172645.4902382,0,0,-135
1767172645.501238,1,2,-137
1767172645.511238,0,1,-135
1767172645.5202382,-4,-3,-134
1767172645.531238,-2,-3,-134
1767172645.541238,-1,-6,-136
1767172645.551238,1,-5,-136
1767172645.561238,1,-3,-140
1767172645.571238,0,-4,-140
1767172645.5812385,1,-2,-135
1767172645.5912385,1,0,-138
1767172645.6012385,0,-2,-136
1767172645.6112382,0,-4,-142
1767172645.6212382,-3,-4,-141
1767172645.6312382,-4,-2,-138
1767172645.6412382,-6,-1,-132
1767172645.6512382,-8,0,-134
1767172645.6612382,-4,-1,-135
1767172645.6712382,-4,-1,-135
1767172645.6812382,-2,-1,-141
1767172645.6912382,-4,-1,-143
1767172645.7012382,-3,0,-145
1767172645.711238,-3,0,-140
1767172645.721238,1,1,-138
1767172645.731238,2,0,-137
1767172645.741238,3,1,-148
1767172645.751238,-1,-2,-144
1767172645.761238,-8,0,-139
1767172645.771238,-7,-4,-136
1767172645.781238,-7,-3,-141
1767172645.791238,-4,0,-143
1767172645.801238,0,0,-141
1767172645.811238,-2,-2,-139
1767172645.821238,-6,-4,-134
1767172645.8312385,-4,-4,-138
1767172645.8412385,-3,-2,-137
1767172645.8512385,-3,0,-136
1767172645.8612382,-1,0,-137
1767172645.8712382,-4,0,-132
1767172645.8812382,-4,-1,-127
1767172645.8912382,-6,1,-129
1767172645.9012382,-3,0,-127
1767172645.9112382,1,2,-126
1767172645.9212382,1,0,-131
1767172645.9312382,-4,-5,-133
1767172645.9412382,-1,-5,-137
1767172645.9512382,-2,-8,-139
1767172645.961238,-1,-10,-138
1767172645.971238,-2,-7,-139
1767172645.981238,6,-10,-136
1767172645.991238,6,-9,-136
1767172646.001238,7,-7,-137
1767172646.011238,5,-7,-128
1767172646.021238,4,-4,-125
1767172646.031238,3,-5,-126
1767172646.041238,0,-7,-128
1767172646.051238,-4,-1,-133
1767172646.061238,-3,-2,-140
1767172646.071238,-4,-2,-140
1767172646.0812385,0,-1,-147
1767172646.0912385,6,-6,-144
1767172646.1012385,5,-9,-132
1767172646.1112382,7,-9,-129
1767172646.1212382,2,-9,-126
1767172646.1312382,0,-9,-130
1767172646.1412382,-2,-1,-126
1767172646.1512382,-5,0,-129
1767172646.162238,-4,-3,-135
1767172646.1712382,-5,-2,-139
1767172646.1812382,-7,-7,-133
1767172646.1912382,-3,-9,-134
1767172646.2012382,-5,-8,-136
1767172646.211238,-4,-6,-131
1767172646.221238,-4,-2,-133
1767172646.231238,-3,-2,-131
1767172646.241238,-6,0,-132
1767172646.251238,-5,-1,-132
1767172646.261238,0,1,-129
1767172646.271238,-1,3,-141
1767172646.281238,1,1,-143
1767172646.291238,2,2,-139
1767172646.301238,6,0,-143
1767172646.311238,8,-2,-144
1767172646.321238,7,-3,-142
1767172646.3312385,9,-3,-144
1767172646.3412385,9,-6,-142
1767172646.3512385,5,-7,-145
1767172646.3612382,2,-8,-143
1767172646.3712382,0,-6,-146
1767172646.3812382,0,-6,-143
1767172646.3912382,-1,-1,-151
1767172646.4012382,0,-2,-148
1767172646.4112382,1,-2,-140
1767172646.4212382,1,-2,-138
1767172646.4312382,1,-3,-141
1767172646.4412382,3,-5,-143
1767172646.4512382,2,-4,-142
1767172646.461238,3,0,-137
1767172646.471238,4,1,-136
1767172646.481238,-1,1,-142
1767172646.491238,-1,1,-139
1767172646.501238,-2,0,-138
1767172646.511238,0,-1,-140
1767172646.521238,0,-2,-135
1767172646.531238,-1,0,-140
1767172646.541238,-2,3,-138
1767172646.551238,-1,2,-140
1767172646.561238,-4,2,-135
1767172646.571238,-5,2,-135
1767172646.5812385,-4,3,-135
1767172646.5912385,-2,3,-139
1767172646.6012385,-3,5,-132
1767172646.6112382,-1,2,-128
1767172646.6212382,-5,-1,-132
1767172646.6312382,1,-4,-139
1767172646.6412382,-1,-4,-141
1767172646.6512382,1,-1,-141
1767172646.6612382,-1,-1,-134
1767172646.6712382,-4,-2,-138
1767172646.6812382,-2,-3,-144
1767172646.6912382,0,-4,-148
1767172646.7012382,-1,-3,-147
1767172646.711238,3,-4,-139
1767172646.721238,2,-1,-140
1767172646.731238,0,0,-141
1767172646.741238,2,-1,-136
1767172646.751238,2,-2,-136
1767172646.761238,0,-5,-140
1767172646.771238,3,-4,-148
1767172646.781238,5,-4,-141
1767172646.791238,1,-2,-141
1767172646.801238,2,0,-140
1767172646.811238,0,-2,-142
1767172646.821238,-2,-5,-138
1767172646.8312385,0,-4,-136
1767172646.8412385,3,-4,-133
1767172646.8512385,6,-5,-134
1767172646.8612382,5,-7,-135
1767172646.8712382,1,-8,-134
1767172646.8812382,1,-3,-138
1767172646.8912382,2,-4,-140
1767172646.9012382,7,-3,-144
1767172646.9112382,5,0,-144
1767172646.9212382,2,-2,-138
1767172646.9312382,4,-2,-134
1767172646.9412382,5,0,-139
1767172646.9512382,5,0,-139
1767172646.961238,6,1,-137
1767172646.971238,2,2,-132
1767172646.981238,3,0,-136
1767172646.991238,0,-1,-139
1767172647.001238,1,-1,-133
1767172647.011238,0,2,-136
1767172647.021238,0,1,-138
1767172647.031238,0,-5,-134
1767172647.041238,0,-6,-138
1767172647.051238,-5,-4,-137
1767172647.061238,-6,-4,-140
1767172647.071238,-3,0,-143
1767172647.0812385,-6,-3,-144
1767172647.0912385,-4,-6,-138
1767172647.1012385,-2,-7,-132
1767172647.1112382,0,1,-130
1767172647.1212382,1,1,-130
1767172647.1312382,0,-1,-133
1767172647.1412382,2,0,-131
1767172647.1512382,2,-3,-130
1767172647.1612382,1,-3,-135
1767172647.1712382,4,-2,-134
1767172647.1812382,4,-1,-137
1767172647.1912382,5,1,-139
1767172647.2012382,7,3,-138
1767172647.211238,5,5,-133
1767172647.221238,7,3,-132
1767172647.231238,4,0,-133
1767172647.241238,1,-4,-132
1767172647.251238,3,-1,-128
1767172647.261238,5,-3,-129
1767172647.271238,9,-1,-136
1767172647.281238,7,1,-140
1767172647.291238,7,4,-137
1767172647.301238,3,3,-141
1767172647.311238,5,3,-136
1767172647.321238,6,3,-128
1767172647.3312385,-3,2,-120
1767172647.3412385,-2,3,-121
1767172647.3512385,-2,1,-129
1767172647.3612382,0,0,-135
1767172647.3712382,0,2,-134
1767172647.3812382,-1,1,-144
1767172647.3912382,-3,2,-141
1767172647.4012382,-4,6,-139
1767172647.4112382,-4,5,-133
1767172647.4212382,-3,5,-134
1767172647.4312382,-1,2,-137
1767172647.4412382,-2,3,-138
1767172647.4512382,0,0,-138
1767172647.461238,-5,-1,-137
1767172647.471238,-4,-4,-134
1767172647.481238,-3,-7,-138
1767172647.491238,-1,-3,-138
1767172647.501238,3,2,-139
1767172647.511238,2,-1,-137
1767172647.521238,0,0,-136
1767172647.531238,0,5,-134
1767172647.541238,-1,4,-140
1767172647.551238,1,1,-145
1767172647.561238,2,3,-142
1767172647.571238,2,-1,-148
1767172647.5812385,3,0,-144
1767172647.5912385,1,-1,-143
1767172647.6012385,2,-3,-142
1767172647.6112382,1,-7,-140
1767172647.6212382,-4,-6,-143
1767172647.6312382,-4,-3,-143
1767172647.6412382,-1,-4,-139
1767172647.6512382,-2,-4,-137
1767172647.6612382,2,-6,-133
1767172647.6712382,5,-5,-134
1767172647.6812382,4,-3,-136
1767172647.6912382,4,-3,-129
1767172647.7012382,-4,-1,-125
1767172647.711238,-7,-1,-132
1767172647.721238,-4,2,-133
1767172647.731238,-3,-3,-135
1767172647.741238,-3,-1,-130
1767172647.751238,-6,0,-126
1767172647.761238,-2,3,-130
1767172647.771238,-3,0,-127
1767172647.781238,-2,-1,-131
1767172647.791238,0,0,-138
1767172647.801238,-2,0,-139
1767172647.811238,0,0,-133
1767172647.821238,5,3,-133
1767172647.8312385,4,7,-133
1767172647.8412385,2,5,-126
1767172647.8512385,3,2,-123
1767172647.8612382,4,0,-127
1767172647.8712382,4,0,-135
1767172647.8812382,5,-4,-134
1767172647.8912382,6,-2,-139
1767172647.9012382,11,-2,-141
1767172647.9112382,10,-1,-139
1767172647.9212382,0,-3,-143
1767172647.9312382,0,-4,-145
1767172647.9412382,3,-6,-146
1767172647.9512382,7,-8,-147
1767172647.961238,9,-8,-147
1767172647.971238,7,-10,-141
1767172647.981238,6,-12,-141
1767172647.991238,7,-8,-132
1767172648.001238,4,-5,-131
1767172648.011238,1,-9,-134
1767172648.021238,0,-7,-133
1767172648.031238,3,-2,-138
1767172648.041238,6,2,-139
1767172648.051238,1,2,-141
1767172648.061238,-3,1,-143
1767172648.071238,-7,0,-136
1767172648.0812385,-4,0,-137
1767172648.0912385,-2,1,-142
1767172648.1022382,-1,2,-140
1767172648.1122382,2,0,-134
1767172648.1212382,4,0,-130
1767172648.132238,1,-2,-128
1767172648.142238,-2,-1,-133
1767172648.152238,-3,-3,-132
1767172648.162238,-6,-6,-137
1767172648.172238,-4,-6,-136
1767172648.182238,-1,-4,-136
1767172648.192238,2,0,-139
1767172648.202238,8,2,-143
1767172648.212238,8,-2,-141
1767172648.222238,3,0,-138
1767172648.232238,0,-1,-138
1767172648.242238,0,-3,-141
1767172648.252238,1,-2,-137
1767172648.2622385,4,-4,-136
1767172648.2722385,7,-2,-135
1767172648.2822382,5,-1,-141
1767172648.2922382,3,-5,-146
1767172648.3022382,2,-6,-152
1767172648.3122382,0,-4,-153
1767172648.3222382,0,-5,-151
1767172648.3322382,-4,-5,-147
1767172648.3422382,0,-10,-144
1767172648.3522382,0,-9,-146
1767172648.3622382,0,-6,-148
1767172648.3722382,0,-6,-146
1767172648.382238,-2,-1,-147
1767172648.392238,0,-1,-146
1767172648.402238,0,0,-144
1767172648.412238,0,-1,-144
1767172648.422238,0,-1,-145
1767172648.432238,-6,-2,-140
1767172648.442238,-3,0,-142
1767172648.452238,1,0,-146
1767172648.462238,-5,0,-145
1767172648.472238,-4,0,-143
1767172648.482238,-1,-2,-144
1767172648.492238,1,0,-141
1767172648.502238,-2,-1,-136
1767172648.5122385,-3,-2,-138
1767172648.5222385,0,-1,-150
1767172648.5322382,0,-1,-151
1767172648.5422382,4,0,-145
1767172648.5522382,3,3,-140
1767172648.5622382,6,2,-135
1767172648.5722382,7,2,-136
1767172648.5822382,3,5,-135
1767172648.5922382,3,2,-139
1767172648.6022382,0,0,-141
1767172648.6122382,-2,-2,-145
1767172648.6222382,-7,-3,-141
1767172648.632238,-4,-6,-140
1767172648.642238,-4,-9,-144
1767172648.652238,-4,-8,-137
1767172648.662238,-2,-6,-134
1767172648.672238,-1,-4,-131
1767172648.682238,1,-6,-129
1767172648.692238,0,-4,-129
1767172648.702238,1,-3,-131
1767172648.712238,0,0,-132
1767172648.722238,-1,-1,-131
1767172648.732238,-4,-1,-134
1767172648.742238,-5,0,-138
1767172648.752238,-8,4,-136
1767172648.7622385,-8,4,-137
1767172648.7722385,-4,1,-138
1767172648.7822382,-4,-1,-144
1767172648.7922382,-2,-3,-137
1767172648.8022382,0,0,-131
1767172648.8122382,-4,4,-125
1767172648.8222382,0,1,-133
1767172648.8322382,3,2,-131
1767172648.8422382,2,1,-131
1767172648.8522382,3,0,-134
1767172648.8622382,1,0,-131
1767172648.8722382,1,1,-131
1767172648.882238,0,3,-129
1767172648.892238,0,3,-125
1767172648.902238,-3,1,-126
1767172648.912238,-5,0,-129
1767172648.9332385,-6,1,-134
1767172648.942238,-8,0,-133
1767172648.952238,-6,1,-133
1767172648.962238,-7,0,-130
1767172648.972238,-5,-1,-130
1767172648.982238,-7,-7,-129
1767172648.992238,-9,-8,-130
1767172649.002238,-7,-8,-133
1767172649.0122385,-1,-6,-136
1767172649.0222385,0,-6,-138
1767172649.0322382,1,-7,-136
1767172649.0422382,4,-4,-139
1767172649.0522382,3,-5,-137
1767172649.0622382,0,-2,-137
1767172649.0722382,-1,-5,-136
1767172649.0822382,-2,-5,-135
1767172649.0922382,0,-1,-130
1767172649.1022382,-4,0,-132
1767172649.1122382,0,2,-134
1767172649.1222382,0,2,-137
1767172649.132238,2,4,-142
1767172649.142238,0,5,-138
1767172649.152238,3,3,-130
1767172649.162238,0,1,-129
1767172649.172238,-1,0,-126
1767172649.182238,-2,-2,-129
1767172649.192238,0,0,-131
1767172649.202238,1,2,-131
1767172649.212238,-3,1,-132
1767172649.222238,1,1,-136
1767172649.232238,3,0,-133
1767172649.242238,5,-4,-131
1767172649.252238,1,-3,-129
1767172649.2622385,4,-1,-138
1767172649.2722385,6,1,-145
1767172649.2822382,4,6,-145
1767172649.2922382,0,5,-147
1767172649.3022382,2,5,-147
1767172649.3122382,5,3,-141
1767172649.3222382,5,4,-126
1767172649.3322382,-2,4,-123
1767172649.3422382,-3,0,-126
1767172649.3522382,-2,-1,-127
1767172649.3622382,0,-2,-132
1767172649.3722382,1,-3,-128
1767172649.382238,-4,0,-135
1767172649.392238,-4,0,-132
1767172649.402238,-4,0,-132
1767172649.412238,-1,1,-134
1767172649.422238,-2,2,-137
1767172649.432238,-5,0,-137
1767172649.442238,-5,0,-138
1767172649.452238,-6,-2,-131
1767172649.462238,-1,-3,-126
1767172649.472238,-7,-1,-131
1767172649.482238,-5,3,-135
1767172649.492238,-8,0,-132
1767172649.502238,-3,2,-139
1767172649.5122385,0,2,-134
1767172649.5222385,4,0,-139
1767172649.5322382,4,-2,-137
1767172649.5422382,0,-2,-132
1767172649.5522382,4,-1,-129
1767172649.5622382,4,-1,-133
1767172649.5722382,1,-5,-138
1767172649.5822382,2,-8,-140
1767172649.5922382,-1,-6,-144
1767172649.6022382,-2,-3,-144
1767172649.6122382,-4,-1,-147
1767172649.6222382,-2,-1,-144
1767172649.632238,-3,2,-144
1767172649.642238,0,-1,-146
1767172649.652238,-1,-2,-142
1767172649.662238,1,3,-139
1767172649.672238,3,2,-143
1767172649.682238,2,0,-140
1767172649.692238,-1,2,-136
1767172649.702238,-2,1,-126
1767172649.712238,-1,7,-127
1767172649.722238,-2,5,-132
1767172649.732238,2,1,-133
1767172649.742238,4,0,-134
1767172649.752238,2,0,-136
1767172649.7622385,0,0,-132
1767172649.7722385,-1,1,-138
1767172649.7822382,1,3,-141
1767172649.7922382,-3,2,-139
1767172649.8022382,-2,1,-134
1767172649.8122382,-1,5,-136
1767172649.8222382,-4,5,-136
1767172649.8322382,-8,0,-135
1767172649.8422382,-7,2,-136
1767172649.8522382,-3,0,-138
1767172649.8622382,-7,-2,-134
1767172649.8722382,-6,-1,-138
1767172649.882238,-5,0,-143
1767172649.892238,-9,1,-137
1767172649.902238,-5,2,-136
1767172649.912238,-6,0,-141
1767172649.922238,-4,-3,-141
1767172649.932238,-4,-7,-134
1767172649.942238,1,-3,-129
1767172649.952238,2,-5,-130
1767172649.962238,4,-6,-127
1767172649.972238,4,-4,-131
1767172649.982238,1,-5,-127
1767172649.992238,-3,-8,-132
1767172650.002238,-2,-9,-133
1767172650.0122385,-5,-7,-136
1767172650.0222385,-5,-4,-136
1767172650.0322382,-7,-9,-136
1767172650.0422382,-8,-6,-129
1767172650.0522382,-11,-7,-126
1767172650.0622382,-7,-8,-131
1767172650.0722382,-4,-6,-131
1767172650.0822382,0,-4,-133
1767172650.0922382,2,-2,-132
1767172650.1022382,2,-2,-136
1767172650.1122382,4,1,-142
1767172650.1222382,5,-1,-138
1767172650.132238,2,-2,-143
1767172650.142238,1,-1,-140
1767172650.152238,0,0,-142
1767172650.162238,4,1,-138
1767172650.172238,3,-3,-136
1767172650.182238,4,-4,-134
1767172650.192238,1,-5,-131
1767172650.202238,2,-1,-127
1767172650.212238,0,-2,-127
1767172650.222238,4,0,-129
1767172650.232238,0,-4,-133
1767172650.242238,2,-2,-134
1767172650.252238,2,-1,-140
1767172650.2622385,2,0,-140
1767172650.2722385,5,-1,-144
1767172650.2822382,1,-3,-144
1767172650.2922382,1,-2,-139
1767172650.3022382,1,-2,-134
1767172650.3122382,0,-1,-137
1767172650.3222382,-5,-2,-135
1767172650.3322382,-5,-1,-132
1767172650.3422382,-2,-3,-132
1767172650.3522382,-5,-1,-132
1767172650.3622382,-3,-3,-128
1767172650.3722382,-4,0,-131
1767172650.382238,0,3,-127
1767172650.392238,0,2,-124
1767172650.402238,2,2,-130
1767172650.412238,-2,5,-126
1767172650.422238,1,4,-129
1767172650.432238,2,0,-126
1767172650.442238,2,-3,-134
1767172650.452238,2,-1,-127
1767172650.462238,2,0,-129
1767172650.472238,-3,-1,-136
1767172650.482238,-3,-2,-139
1767172650.492238,-6,0,-137
1767172650.502238,-2,2,-134
1767172650.5122385,3,1,-134
1767172650.5222385,2,0,-131
1767172650.5322382,2,1,-133
1767172650.5422382,0,-1,-131
1767172650.5522382,-3,2,-130
1767172650.5622382,-2,3,-127
1767172650.5722382,-3,0,-132
1767172650.5822382,0,1,-133
1767172650.5922382,2,5,-135
1767172650.6022382,6,3,-138
1767172650.6122382,6,2,-129
1767172650.6222382,2,2,-130
1767172650.632238,4,2,-126
1767172650.642238,0,0,-127
1767172650.652238,1,0,-131
1767172650.662238,7,0,-131
1767172650.672238,7,-3,-135
1767172650.6832385,6,-5,-140
1767172650.6932385,5,-4,-137
1767172650.7032382,-5,-5,-133
1767172650.7132382,-1,-5,-132
1767172650.7232382,3,-3,-135
1767172650.7332382,3,-2,-142
1767172650.7432382,-1,0,-135
1767172650.7532382,0,-1,-132
1767172650.7632382,3,-2,-134
1767172650.7732382,3,-7,-139
1767172650.7832382,-4,-8,-139
1767172650.7932382,-5,-9,-139
1767172650.8032382,-6,-7,-143
1767172650.813238,-6,-4,-145
1767172650.823238,-6,-7,-149
1767172650.833238,1,-6,-146
1767172650.843238,3,-5,-139
1767172650.853238,6,1,-140
1767172650.863238,2,4,-143
1767172650.873238,0,7,-135
1767172650.883238,-3,7,-137
1767172650.893238,-6,3,-137
1767172650.903238,-1,-1,-138
1767172650.913238,-4,0,-139
1767172650.923238,-7,-3,-140
1767172650.9332385,-10,-7,-136
1767172650.9432385,-5,-4,-137
1767172650.9532382,-1,-3,-132
1767172650.9632382,-1,-3,-130
1767172650.9732382,-2,-5,-124
1767172650.9832382,-2,-1,-136
1767172650.9932382,-4,-2,-135
1767172651.0032382,0,-2,-135
1767172651.0132382,0,-2,-129
1767172651.0232382,4,-1,-129
1767172651.0332382,5,0,-125
1767172651.0432382,3,0,-129
1767172651.0532382,6,-1,-123
1767172651.063238,5,1,-128
1767172651.073238,8,2,-129
1767172651.083238,8,1,-131
1767172651.093238,6,0,-132
1767172651.103238,4,0,-135
1767172651.113238,1,-5,-143
1767172651.123238,0,-3,-140
1767172651.133238,3,0,-140
1767172651.143238,2,0,-138
1767172651.153238,0,-4,-134
1767172651.163238,-1,-4,-139
1767172651.173238,1,-3,-138
1767172651.1832385,4,-1,-139
1767172651.1932385,2,0,-142
1767172651.2032382,4,-4,-142
1767172651.2132382,4,-5,-139
1767172651.2232382,3,-2,-143
1767172651.2332382,4,-6,-147
1767172651.2432382,4,-5,-144
1767172651.2532382,7,-1,-139
1767172651.2632382,5,1,-139
1767172651.2732382,7,4,-141
1767172651.2832382,5,4,-139
1767172651.2932382,3,2,-136
1767172651.3032382,4,3,-136
1767172651.313238,0,4,-133
1767172651.323238,0,3,-135
1767172651.333238,-4,4,-141
1767172651.343238,-7,0,-139
1767172651.353238,-7,-2,-139
1767172651.363238,-4,0,-137
1767172651.373238,-5,-6,-137
1767172651.383238,-2,-7,-137
1767172651.393238,0,-6,-134
1767172651.403238,-6,-6,-134
1767172651.413238,-4,-2,-137
1767172651.423238,-9,0,-136
1767172651.4332385,-7,-5,-138
1767172651.4432385,-2,-10,-130
1767172651.4532382,-1,-6,-132
1767172651.4632382,-6,-4,-132
1767172651.4732382,-4,-9,-133
1767172651.4832382,-2,-6,-134
1767172651.4932382,-4,-4,-133
1767172651.5032382,-4,-3,-130
1767172651.5132382,0,-2,-129
1767172651.5232382,-3,2,-134
1767172651.5332382,-5,2,-133
1767172651.5432382,-1,0,-132
1767172651.5532382,-3,1,-135
1767172651.563238,-2,1,-135
1767172651.573238,0,1,-128
1767172651.583238,4,6,-126
1767172651.593238,4,4,-137
1767172651.603238,1,3,-139
1767172651.613238,-4,6,-140
1767172651.623238,-2,7,-133
1767172651.633238,2,8,-130
1767172651.643238,5,5,-130
1767172651.653238,4,4,-125
1767172651.663238,2,7,-132
1767172651.673238,1,6,-135
1767172651.6832385,4,4,-135
1767172651.6932385,5,5,-133
1767172651.7032382,5,8,-132
1767172651.7132382,5,6,-131
1767172651.7232382,1,1,-132
1767172651.7332382,0,3,-140
1767172651.7432382,-2,0,-142
1767172651.7532382,-3,1,-137
1767172651.7632382,-2,2,-138
1767172651.7732382,-1,4,-135
1767172651.7832382,-2,5,-136
1767172651.7932382,-1,3,-130
1767172651.8032382,-1,4,-131
1767172651.813238,-1,3,-137
1767172651.823238,0,2,-132
1767172651.833238,2,-1,-128
1767172651.843238,5,-3,-131
1767172651.853238,10,-4,-131
1767172651.863238,8,0,-136
1767172651.873238,0,3,-139
1767172651.883238,-3,6,-142
1767172651.893238,-3,5,-142
1767172651.903238,-6,2,-145
1767172651.913238,-5,4,-148
1767172651.923238,-1,5,-146
1767172651.9332385,-2,7,-144
1767172651.9432385,-2,5,-145
1767172651.9532382,3,4,-150
1767172651.9632382,3,2,-153
1767172651.9732382,1,2,-155
1767172651.9832382,1,0,-149
1767172651.9932382,0,-1,-143
1767172652.0032382,4,-2,-140
1767172652.0132382,3,1,-144
1767172652.0232382,0,-1,-148
1767172652.0332382,2,-3,-150
1767172652.0432382,3,-1,-144
1767172652.0532382,-1,1,-144
1767172652.063238,-2,2,-147
1767172652.073238,0,4,-145
1767172652.083238,-1,3,-138
1767172652.093238,0,0,-133
1767172652.103238,1,1,-135
1767172652.113238,-2,1,-138
1767172652.123238,-6,1,-134
1767172652.133238,-6,4,-134
1767172652.143238,-9,-1,-141
1767172652.153238,-10,-3,-140
1767172652.163238,-10,-2,-139
1767172652.173238,-8,-2,-133
1767172652.1832385,-9,-4,-137
1767172652.1932385,-6,-5,-137
1767172652.2032382,0,-7,-133
1767172652.2132382,2,-8,-131
1767172652.2232382,2,-4,-130
1767172652.2332382,-4,-3,-128
1767172652.2432382,-2,-5,-128
1767172652.2532382,3,-1,-123
1767172652.2632382,3,-2,-129
1767172652.2732382,3,-6,-132
1767172652.2832382,3,-2,-136
1767172652.2932382,1,0,-139
1767172652.3032382,-5,3,-148
1767172652.313238,-2,1,-135
1767172652.323238,-2,-1,-131
1767172652.333238,0,-1,-133
1767172652.343238,1,0,-132
1767172652.353238,-6,0,-132
1767172652.363238,-8,0,-136
1767172652.373238,-8,-1,-129
1767172652.383238,-5,-2,-126
1767172652.393238,-4,-2,-120
1767172652.403238,-1,-4,-120
1767172652.413238,-4,-2,-127
1767172652.423238,-5,-4,-125
1767172652.4332385,-5,-1,-126
1767172652.4432385,-5,1,-125
1767172652.4532382,-1,0,-127
1767172652.4632382,-1,-4,-129
1767172652.4732382,0,-7,-134
1767172652.4832382,1,-10,-131
1767172652.4932382,-2,-4,-130
1767172652.5032382,0,-2,-131
1767172652.5132382,5,-2,-129
1767172652.5232382,3,-2,-132
1767172652.5332382,4,0,-132
1767172652.5432382,4,0,-140
1767172652.5532382,5,-4,-141
1767172652.563238,4,-5,-136
1767172652.573238,-2,-9,-133
1767172652.583238,0,-12,-131
1767172652.593238,-2,-9,-132
1767172652.603238,4,-2,-128
1767172652.613238,0,-6,-130
1767172652.623238,0,-1,-128
1767172652.633238,-4,2,-121
1767172652.643238,-7,1,-124
1767172652.653238,-5,0,-131
1767172652.663238,-5,1,-138
1767172652.673238,-5,-1,-137
1767172652.6832385,-5,2,-140
1767172652.6932385,-2,3,-139
1767172652.7032382,-3,0,-137
1767172652.7132382,-3,-1,-127
1767172652.7232382,-4,-4,-125
1767172652.7332382,-2,-2,-129
1767172652.7432382,0,-2,-137
1767172652.7532382,0,-3,-139
1767172652.7632382,3,-4,-139
1767172652.7732382,1,-6,-136
1767172652.7832382,-2,-2,-134
1767172652.7932382,-1,-1,-139
1767172652.8032382,8,-1,-145
1767172652.813238,11,0,-141
1767172652.823238,5,0,-144
1767172652.833238,1,0,-137
1767172652.843238,-2,0,-132
1767172652.853238,-4,1,-130
1767172652.863238,-2,6,-126
1767172652.873238,2,8,-129
1767172652.883238,0,5,-128
1767172652.893238,-4,7,-134
1767172652.903238,0,8,-129
1767172652.913238,0,11,-138
1767172652.923238,-2,5,-141
1767172652.9332385,0,0,-146
1767172652.9432385,-3,-6,-144
1767172652.9532382,-5,-8,-142
1767172652.9632382,-5,-8,-141
1767172652.9732382,-2,-7,-135
1767172652.9832382,1,-4,-134
1767172652.9932382,1,-1,-137
1767172653.0032382,0,1,-139
1767172653.0132382,-2,3,-132
1767172653.0232382,-1,0,-132
1767172653.0332382,-4,0,-133
1767172653.0432382,-4,0,-133
1767172653.0532382,-3,1,-134
1767172653.063238,-1,2,-146
1767172653.073238,-5,2,-144
1767172653.083238,-6,1,-138
1767172653.093238,-5,-3,-133
1767172653.103238,-5,0,-127
1767172653.113238,-4,0,-125
1767172653.123238,0,-3,-125
1767172653.133238,3,-5,-129
1767172653.143238,4,-1,-126
1767172653.153238,1,0,-131
1767172653.163238,2,-2,-130
1767172653.173238,1,0,-129
1767172653.1832385,1,4,-127
1767172653.1932385,6,4,-121
1767172653.2032382,2,0,-126
1767172653.2132382,3,0,-132
1767172653.2232382,0,-1,-137
1767172653.2332382,-1,1,-132
1767172653.244238,0,3,-132
1767172653.2532382,2,4,-130
1767172653.264238,-1,1,-130
1767172653.274238,-2,1,-134
1767172653.284238,-3,0,-138
1767172653.2932382,-2,0,-139
1767172653.304238,0,1,-142
1767172653.314238,1,-2,-147
1767172653.324238,-2,-4,-146
1767172653.334238,-2,-6,-148
1767172653.344238,0,-2,-143
1767172653.3542385,0,-1,-145
1767172653.3642385,-4,-1,-143
1767172653.3742385,0,-2,-146
1767172653.3842382,-3,-3,-152
1767172653.3942382,-3,1,-148
1767172653.4042382,0,2,-146
1767172653.4142382,-5,1,-143
1767172653.4242382,-6,1,-140
1767172653.4342382,-6,-2,-138
1767172653.4442382,-2,1,-136
1767172653.4542382,0,0,-136
1767172653.4642382,-3,2,-139
1767172653.4742382,-3,2,-139
1767172653.484238,-4,-2,-144
1767172653.494238,-3,1,-140
1767172653.504238,-5,2,-135
1767172653.514238,0,0,-133
1767172653.524238,0,-4,-139
1767172653.534238,0,-7,-137
1767172653.544238,-1,-6,-132
1767172653.554238,-5,-12,-127
1767172653.564238,-2,-13,-124
1767172653.574238,-3,-11,-129
1767172653.584238,0,-10,-131
1767172653.594238,2,-10,-131
1767172653.6042385,0,-5,-125
1767172653.6142385,0,-5,-127
1767172653.6242385,2,-2,-130
1767172653.6342382,5,1,-130
1767172653.6442382,1,0,-132
1767172653.6542382,2,0,-137
1767172653.6642382,0,-1,-132
1767172653.6742382,0,0,-133
1767172653.6842382,0,-2,-132
1767172653.6942382,0,-4,-131
1767172653.7042382,4,-4,-133
1767172653.7142382,3,-3,-129
1767172653.7242382,-3,-8,-131
1767172653.734238,0,-7,-135
1767172653.744238,-1,-8,-136
1767172653.754238,-1,-3,-125
1767172653.764238,-1,-2,-122
1767172653.774238,-6,-1,-121
1767172653.784238,-9,-2,-132
1767172653.794238,-9,1,-133
1767172653.804238,-12,2,-135
1767172653.814238,-11,0,-131
1767172653.824238,-5,0,-139
1767172653.834238,-6,-3,-140
1767172653.844238,-3,-1,-146
1767172653.8542385,-1,2,-136
1767172653.8642385,2,5,-138
1767172653.8742385,5,-1,-133
1767172653.8842382,-1,-1,-124
1767172653.8942382,0,-1,-123
1767172653.9042382,2,-2,-130
1767172653.9142382,1,0,-131
1767172653.9242382,-1,4,-132
1767172653.945238,0,6,-126
1767172653.9542382,0,3,-131
1767172653.9642382,4,3,-126
1767172653.9742382,5,1,-124
1767172653.984238,2,-3,-132
1767172653.994238,7,-5,-142
1767172654.004238,9,-4,-139
1767172654.014238,10,-2,-141
1767172654.024238,6,-3,-139
1767172654.034238,3,-5,-139
1767172654.044238,0,-5,-140
1767172654.054238,0,-1,-141
1767172654.064238,1,5,-137
1767172654.074238,3,8,-136
1767172654.084238,1,2,-141
1767172654.094238,0,5,-143
1767172654.1042385,-5,9,-144
1767172654.1142385,-5,8,-141
1767172654.1242385,-4,7,-141
1767172654.1342382,3,8,-145
1767172654.1442382,0,4,-148
1767172654.1542382,-1,3,-149
1767172654.1642382,-1,3,-145
1767172654.1742382,0,5,-137
1767172654.1842382,3,3,-136
1767172654.1942382,2,1,-132
1767172654.2042382,0,1,-130
1767172654.2142382,1,0,-127
1767172654.2242382,1,-2,-124
1767172654.234238,0,-5,-118
1767172654.244238,0,-6,-126
1767172654.254238,-1,-4,-130
1767172654.264238,0,-5,-130
1767172654.274238,1,-4,-130
1767172654.284238,3,-5,-131
1767172654.294238,3,-8,-133
1767172654.304238,5,-7,-142
1767172654.314238,1,-4,-144
1767172654.324238,-2,-6,-147
1767172654.334238,0,-5,-142
1767172654.344238,2,0,-142
1767172654.3542385,3,2,-144
1767172654.3642385,2,0,-138
1767172654.3742385,3,-1,-129
1767172654.3842382,-1,-6,-129
1767172654.3942382,-4,-2,-132
1767172654.4042382,-6,-6,-138
1767172654.4142382,-4,-5,-143
1767172654.4242382,-4,-2,-141
1767172654.4342382,-3,0,-140
1767172654.4442382,2,3,-146
1767172654.4542382,2,4,-141
1767172654.4642382,-2,7,-143
1767172654.4742382,2,2,-144
1767172654.484238,0,-1,-144
1767172654.494238,0,0,-147
1767172654.504238,0,-1,-147
1767172654.514238,0,-2,-152
1767172654.524238,2,-6,-150
1767172654.534238,-1,-2,-145
1767172654.544238,4,-5,-144
1767172654.554238,4,-8,-135
1767172654.564238,4,-6,-132
1767172654.574238,2,-5,-131
1767172654.584238,0,-7,-137
1767172654.594238,-5,-5,-137
1767172654.6042385,-5,-5,-143
1767172654.6142385,-2,-3,-140
1767172654.6242385,2,-1,-136
1767172654.6342382,3,-2,-145
1767172654.6442382,4,1,-151
1767172654.6542382,2,3,-145
1767172654.6642382,7,-1,-145
1767172654.6742382,7,0,-152
1767172654.6842382,6,-3,-149
1767172654.6942382,7,-5,-146
1767172654.7042382,0,-5,-140
1767172654.7142382,1,-2,-135
1767172654.7242382,1,0,-129
1767172654.734238,0,-1,-132
1767172654.744238,3,-3,-136
1767172654.754238,0,-4,-135
1767172654.764238,3,-5,-140
1767172654.774238,1,-3,-134
1767172654.784238,0,-2,-125
1767172654.794238,-3,1,-121
1767172654.804238,-1,4,-125
1767172654.814238,-4,5,-132
1767172654.824238,-4,4,-138
1767172654.834238,-4,8,-139
1767172654.844238,-2,7,-139
1767172654.8542385,-4,5,-137
1767172654.8642385,-2,3,-138
1767172654.8742385,-4,1,-143
1767172654.8842382,-3,-3,-143
1767172654.8942382,0,0,-147
1767172654.9042382,0,1,-151
1767172654.9142382,0,2,-148
1767172654.9242382,-5,0,-143
1767172654.9342382,-8,-5,-142
1767172654.9442382,-10,-7,-148
1767172654.9542382,-7,-8,-150
1767172654.9642382,-5,-4,-143
1767172654.9742382,-3,-7,-139
1767172654.984238,-1,-9,-134
1767172654.994238,-5,-4,-134
1767172655.004238,-8,-5,-135
1767172655.014238,-8,-6,-133
1767172655.024238,-5,-3,-133
1767172655.034238,-7,-1,-130
1767172655.044238,1,0,-129
1767172655.054238,2,2,-129
1767172655.064238,2,5,-134
1767172655.074238,3,4,-137
1767172655.084238,0,3,-131
1767172655.094238,-2,5,-130
1767172655.1042385,0,3,-131
1767172655.1142385,-3,4,-132
1767172655.1242385,-5,2,-138
1767172655.1342382,-2,0,-134
1767172655.1442382,-5,0,-132
1767172655.1542382,-6,-1,-135
1767172655.1642382,-4,-1,-131
1767172655.1742382,-5,-4,-134
1767172655.1842382,-1,-3,-134
1767172655.1942382,0,0,-137
1767172655.2042382,0,5,-143
1767172655.2142382,-1,3,-141
1767172655.2242382,-5,0,-138
1767172655.234238,-1,4,-133
1767172655.244238,1,4,-133
1767172655.254238,5,0,-126
1767172655.264238,2,0,-123
1767172655.274238,-1,7,-127
1767172655.284238,-2,9,-127
1767172655.294238,-3,2,-124
1767172655.304238,-1,-3,-126
1767172655.314238,1,-6,-132
1767172655.324238,1,-6,-138
1767172655.334238,-2,-6,-134
1767172655.344238,-3,-2,-134
1767172655.3542385,-3,-2,-131
1767172655.3642385,-2,0,-128
1767172655.3742385,0,0,-127
1767172655.3842382,2,2,-131
1767172655.3942382,3,0,-134
1767172655.4042382,6,-2,-131
1767172655.4142382,4,-3,-138
1767172655.4242382,4,-2,-141
1767172655.4342382,2,-2,-137
1767172655.4442382,-1,-8,-125
1767172655.4542382,5,-12,-118
1767172655.4642382,7,-6,-119
1767172655.4742382,6,-6,-122
1767172655.484238,4,-4,-124
1767172655.494238,3,-4,-124
1767172655.504238,1,-5,-128
1767172655.514238,2,-7,-127
1767172655.524238,2,-2,-125
1767172655.534238,-1,-2,-128
1767172655.544238,0,-3,-132
1767172655.554238,1,-6,-132
1767172655.564238,4,-4,-131
1767172655.574238,1,-6,-134
1767172655.584238,-2,-6,-135
1767172655.594238,-7,-2,-136
1767172655.6042385,-5,-2,-135
1767172655.6142385,-3,-7,-136
1767172655.6242385,2,-4,-137
1767172655.6342382,4,-5,-131
1767172655.6442382,0,-3,-132
1767172655.6542382,0,-7,-134
1767172655.6642382,-1,-3,-138
1767172655.6742382,6,0,-133
1767172655.6842382,4,-3,-133
1767172655.6942382,1,-5,-130
1767172655.7042382,2,-4,-140
1767172655.7142382,5,-6,-138
1767172655.7242382,3,-4,-136
1767172655.734238,4,1,-139
1767172655.744238,10,3,-139
1767172655.754238,6,6,-130
1767172655.764238,2,6,-128
1767172655.774238,0,4,-138
1767172655.784238,-2,0,-149
1767172655.7952385,-1,-1,-146
1767172655.804238,-3,1,-143
1767172655.814238,-4,1,-134
1767172655.824238,0,2,-128
1767172655.8352382,2,5,-123
1767172655.844238,7,7,-131
1767172655.8542385,11,5,-129
1767172655.8652382,8,7,-130
1767172655.8752382,12,2,-133
1767172655.8852382,9,2,-130
1767172655.8952382,7,2,-129
1767172655.9052382,2,1,-130
1767172655.915238,1,0,-128
1767172655.925238,2,-1,-130
1767172655.935238,5,0,-130
1767172655.945238,5,0,-128
1767172655.955238,3,0,-134
1767172655.965238,3,0,-145
1767172655.975238,8,3,-144
1767172655.985238,0,3,-143
1767172655.995238,0,2,-146
1767172656.005238,3,3,-141
1767172656.015238,8,-2,-131
1767172656.025238,8,-3,-144
1767172656.0352385,5,0,-139
1767172656.0452385,1,0,-140
1767172656.0552382,1,-2,-138
1767172656.0652382,0,1,-135
1767172656.0752382,2,3,-138
1767172656.0852382,3,0,-138
1767172656.0952382,6,-2,-141
1767172656.1052382,2,-3,-141
1767172656.1152382,2,-5,-144
1767172656.1252382,0,-7,-144
1767172656.1352382,-4,-3,-142
1767172656.1452382,0,1,-135
1767172656.1552382,1,0,-132
1767172656.165238,4,-2,-131
1767172656.175238,6,-5,-132
1767172656.185238,7,-4,-126
1767172656.195238,5,-6,-134
1767172656.205238,5,-5,-137
1767172656.215238,3,-7,-136
1767172656.225238,4,-7,-140
1767172656.235238,0,-7,-139
1767172656.245238,-8,-2,-136
1767172656.255238,-4,-2,-141
1767172656.265238,0,-3,-147
1767172656.275238,-3,-4,-139
1767172656.2852385,-5,1,-137
1767172656.2952385,-5,0,-142
1767172656.3052382,-3,1,-139
1767172656.3152382,-7,2,-139
1767172656.3252382,-4,2,-139
1767172656.3352382,-1,5,-133
1767172656.3452382,3,2,-135
1767172656.3552382,0,0,-134
1767172656.3652382,2,0,-137
1767172656.3752382,4,0,-145
1767172656.3852382,2,-3,-142
1767172656.3952382,3,0,-143
1767172656.4052382,5,0,-141
1767172656.415238,5,-3,-135
1767172656.425238,3,-7,-126
1767172656.435238,6,-9,-124
1767172656.445238,8,-7,-134
1767172656.455238,9,-3,-137
1767172656.465238,4,-2,-141
1767172656.475238,5,1,-138
1767172656.485238,0,0,-130
1767172656.495238,0,-1,-123
1767172656.505238,3,-5,-125
1767172656.515238,4,-6,-123
1767172656.525238,-2,-2,-125
1767172656.5352385,-6,-3,-134
1767172656.5452385,-7,-2,-135
1767172656.5552382,-7,4,-132
1767172656.5652382,-7,4,-134
1767172656.5752382,-4,3,-125
1767172656.5852382,0,2,-124
1767172656.5952382,4,3,-132
1767172656.6052382,3,1,-130
1767172656.6152382,5,0,-133
1767172656.6252382,4,3,-136
1767172656.6352382,6,5,-134
1767172656.6452382,0,3,-133
1767172656.6552382,-4,3,-130
1767172656.665238,-2,4,-128
1767172656.675238,0,3,-127
1767172656.685238,0,6,-132
1767172656.695238,-4,1,-133
1767172656.705238,0,-1,-137
1767172656.715238,0,-4,-142
1767172656.725238,0,-3,-140
1767172656.735238,4,-1,-141
1767172656.745238,2,-4,-135
1767172656.755238,0,0,-130
1767172656.765238,-1,0,-130
1767172656.775238,-1,-1,-133
1767172656.7852385,1,0,-137
1767172656.7952385,3,-3,-141
1767172656.8052382,1,-7,-138
1767172656.8152382,-1,-9,-130
1767172656.8252382,-1,-10,-133
1767172656.8352382,0,-6,-131
1767172656.8452382,1,-2,-129
1767172656.8552382,3,-1,-133
1767172656.8652382,-2,0,-143
1767172656.8752382,-2,-2,-138
1767172656.8852382,0,0,-133
1767172656.8952382,0,2,-134
1767172656.9052382,4,0,-131
1767172656.915238,5,-3,-131
1767172656.925238,5,-6,-131
1767172656.935238,-3,-4,-134
1767172656.945238,-5,-4,-140
1767172656.955238,-1,-2,-144
1767172656.965238,0,-2,-136
1767172656.975238,0,0,-135
1767172656.985238,-3,-2,-140
1767172656.995238,-5,-5,-138
1767172657.005238,0,-7,-141
1767172657.015238,4,-8,-139
1767172657.025238,0,-5,-136
1767172657.0352385,-3,-3,-132
1767172657.0452385,0,-1,-129
1767172657.0552382,-1,-1,-131
1767172657.0652382,1,0,-128
1767172657.0752382,1,-2,-134
1767172657.0852382,2,0,-140
1767172657.0952382,1,3,-143
1767172657.1052382,2,3,-142
1767172657.1152382,-1,-2,-140
1767172657.1252382,1,-4,-138
1767172657.1352382,4,-2,-135
1767172657.1452382,0,0,-138
1767172657.1552382,-4,0,-139
1767172657.165238,-3,-3,-133
1767172657.175238,-7,-5,-131
1767172657.185238,-2,-3,-134
1767172657.195238,-1,-1,-133
1767172657.205238,0,-3,-134
1767172657.215238,1,-4,-137
1767172657.225238,0,-5,-130
1767172657.235238,0,1,-132
1767172657.245238,0,3,-132
1767172657.255238,0,3,-132
1767172657.265238,0,4,-130
1767172657.275238,2,5,-137
1767172657.2852385,4,1,-137
1767172657.2952385,3,3,-138
1767172657.3052382,1,-1,-134
1767172657.3152382,-1,-2,-128
1767172657.3252382,0,-1,-135
1767172657.3352382,0,-4,-144
1767172657.3452382,0,-6,-144
1767172657.3552382,2,-8,-146
1767172657.3652382,-1,-4,-145
1767172657.3752382,-1,-6,-148
1767172657.3852382,-5,-2,-149
1767172657.3952382,-6,-8,-141
1767172657.4052382,-3,-8,-139
1767172657.415238,-2,-8,-142
1767172657.425238,1,-4,-143
1767172657.435238,-1,0,-139
1767172657.445238,-3,-3,-138
1767172657.455238,-1,-2,-137
1767172657.465238,-4,-3,-136
1767172657.475238,-3,1,-135
1767172657.485238,1,2,-131
1767172657.495238,-1,7,-131
1767172657.505238,0,8,-126
1767172657.515238,-4,10,-131
1767172657.525238,-7,10,-136
1767172657.5352385,-3,7,-133
1767172657.5452385,-3,2,-134
1767172657.5552382,0,2,-139
1767172657.5652382,3,4,-139
1767172657.5752382,4,2,-136
1767172657.5852382,2,2,-137
1767172657.5952382,0,1,-140
1767172657.6052382,1,0,-144
1767172657.6152382,1,-1,-138
1767172657.6252382,4,-1,-133
1767172657.6352382,5,-2,-132
1767172657.6452382,5,0,-137
1767172657.6552382,4,2,-141
1767172657.665238,6,1,-143
1767172657.675238,4,2,-135
1767172657.685238,5,1,-129
1767172657.695238,3,0,-127
1767172657.705238,1,0,-124
1767172657.715238,2,0,-126
1767172657.725238,-2,4,-124
1767172657.735238,0,4,-125
1767172657.745238,1,7,-132
1767172657.755238,0,7,-136
1767172657.765238,1,2,-130
1767172657.775238,1,0,-128
1767172657.7852385,3,-3,-131
1767172657.7952385,0,-8,-131
1767172657.8052382,-2,-8,-136
1767172657.8152382,-7,-4,-139
1767172657.8252382,-4,-3,-144
1767172657.836238,-1,-5,-142
1767172657.8452382,2,-1,-143
1767172657.8552382,3,-4,-147
1767172657.8652382,3,-3,-153
1767172657.8752382,3,-2,-150
1767172657.8852382,-1,-2,-142
1767172657.8952382,-1,-2,-143
1767172657.9052382,-3,1,-141
1767172657.915238,-9,0,-148
1767172657.925238,-8,-2,-156
1767172657.935238,-9,-4,-155
1767172657.945238,-5,-8,-162
1767172657.955238,-4,-4,-158
1767172657.965238,-1,-8,-154
1767172657.975238,2,-8,-142
1767172657.985238,4,-8,-139
1767172657.995238,4,-7,-140
1767172658.005238,1,-3,-138
1767172658.015238,-2,2,-141
1767172658.025238,-4,1,-142
1767172658.0352385,0,0,-149
1767172658.0452385,0,0,-146
1767172658.0552382,0,0,-142
1767172658.0652382,0,1,-136
1767172658.0752382,3,0,-138
1767172658.0852382,3,-2,-138
1767172658.0952382,4,0,-137
1767172658.1052382,1,-2,-133
1767172658.1152382,0,-6,-137
1767172658.1252382,0,-9,-144
1767172658.1352382,3,-10,-149
1767172658.1452382,5,-7,-149
1767172658.1552382,4,-8,-146
1767172658.165238,0,-8,-144
1767172658.175238,0,-10,-140
1767172658.185238,-2,-8,-137
1767172658.195238,-7,-6,-135
1767172658.205238,-8,-1,-134
1767172658.215238,-6,4,-129
1767172658.225238,-5,5,-126
1767172658.235238,-3,3,-135
1767172658.245238,0,2,-138
1767172658.255238,0,0,-141
1767172658.265238,0,-4,-139
1767172658.275238,0,-3,-138
1767172658.2852385,4,-4,-136
1767172658.2952385,5,-4,-134
1767172658.3052382,6,-2,-131
1767172658.3152382,1,-1,-127
1767172658.3252382,3,-4,-127
1767172658.3352382,2,-7,-128
1767172658.3452382,-1,-10,-128
1767172658.3552382,-2,-10,-136
1767172658.3652382,-7,-6,-135
1767172658.3752382,-4,-3,-134
1767172658.386238,-2,-2,-132
1767172658.3952382,-6,-2,-129
1767172658.406238,-2,-1,-135
1767172658.416238,-5,-3,-135
1767172658.426238,-3,-1,-132
1767172658.435238,-1,-2,-133
1767172658.445238,1,-3,-130
1767172658.4562385,2,-5,-131
1767172658.4662385,10,-4,-127
1767172658.4762385,12,-3,-128
1767172658.4862382,9,1,-131
1767172658.4962382,7,4,-131
1767172658.5062382,-1,0,-135
1767172658.5162382,-3,0,-133
1767172658.5262382,0,-1,-131
1767172658.5362382,2,-1,-136
1767172658.5462382,-2,-5,-138
1767172658.5562382,-2,-2,-133
1767172658.5662382,0,-2,-131
1767172658.5762382,3,-5,-136
1767172658.586238,2,-2,-134
1767172658.596238,4,-5,-126
1767172658.606238,1,0,-128
1767172658.616238,6,0,-131
1767172658.626238,8,-2,-129
1767172658.636238,5,-2,-132
1767172658.646238,3,0,-127
1767172658.656238,0,2,-128
1767172658.666238,-2,3,-129
1767172658.676238,-3,-1,-129
1767172658.686238,-2,-1,-129
1767172658.696238,-4,0,-134
1767172658.7062385,-6,-1,-137
1767172658.7162385,-5,-9,-140
1767172658.7262385,0,-7,-146
1767172658.7362382,0,-5,-144
1767172658.7462382,-1,-4,-142
1767172658.7562382,-2,-1,-138
1767172658.7662382,1,-1,-139
1767172658.7762382,1,-1,-134
1767172658.7862382,1,-2,-135
1767172658.7962382,3,-6,-127
1767172658.8062382,5,-7,-134
1767172658.8162382,3,-7,-140
1767172658.8262382,1,-5,-138
1767172658.836238,1,-6,-139
1767172658.846238,4,-2,-130
1767172658.856238,5,-5,-122
1767172658.866238,3,-3,-121
1767172658.876238,0,0,-127
1767172658.886238,-2,1,-136
1767172658.896238,-6,0,-137
1767172658.906238,-2,0,-139
1767172658.916238,0,0,-136
1767172658.926238,0,1,-142
1767172658.936238,2,2,-141
1767172658.9572382,-2,2,-145
1767172658.9662385,-2,3,-142
1767172658.9762385,-4,-2,-144
1767172658.9862382,-5,-2,-143
1767172658.9962382,-2,-7,-138
1767172659.0062382,0,-6,-142
1767172659.0162382,0,-1,-142
1767172659.0262382,4,1,-149
1767172659.0362382,5,0,-144
1767172659.0462382,3,0,-138
1767172659.0562382,0,4,-127
1767172659.0662382,4,3,-129
1767172659.0762382,6,0,-124
1767172659.086238,6,0,-126
1767172659.096238,5,-3,-124
1767172659.106238,2,-4,-124
1767172659.116238,4,-5,-128
1767172659.126238,7,-4,-133
1767172659.136238,7,-3,-138
1767172659.146238,3,-6,-139
1767172659.156238,4,1,-140
1767172659.166238,4,-1,-137
1767172659.176238,1,0,-142
1767172659.186238,0,-2,-139
1767172659.196238,-3,0,-140
1767172659.2062385,-2,-1,-136
1767172659.2162385,-1,-2,-135
1767172659.2262385,0,-3,-127
1767172659.2362382,0,-3,-127
1767172659.2462382,2,-2,-129
1767172659.2562382,2,-2,-131
1767172659.2662382,3,-7,-140
1767172659.2762382,1,-5,-143
1767172659.2862382,1,-4,-143
1767172659.2962382,1,-5,-139
1767172659.3062382,-2,-4,-136
1767172659.3162382,-1,-3,-132
1767172659.3262382,0,-2,-135
1767172659.336238,2,1,-138
1767172659.346238,-2,1,-138
1767172659.356238,-4,2,-136
1767172659.366238,-2,2,-134
1767172659.376238,-3,0,-136
1767172659.386238,-3,-2,-136
1767172659.396238,-1,-1,-138
1767172659.406238,0,0,-143
1767172659.416238,0,-3,-139
1767172659.426238,2,-6,-138
1767172659.436238,5,-9,-143
1767172659.446238,6,-6,-134
1767172659.4562385,4,-1,-134
1767172659.4662385,2,3,-128
1767172659.4762385,0,1,-126
1767172659.4862382,1,-2,-122
1767172659.4962382,3,-3,-129
1767172659.5062382,2,-2,-127
1767172659.5162382,2,-2,-126
1767172659.5262382,0,-2,-123
1767172659.5362382,-5,3,-129
1767172659.5462382,-3,2,-136
1767172659.5562382,-1,-4,-135
1767172659.5662382,2,-4,-137
1767172659.5762382,2,-4,-137
1767172659.586238,4,0,-135
1767172659.596238,2,1,-137
1767172659.606238,3,1,-139
1767172659.616238,8,-1,-142
1767172659.626238,8,-3,-144
1767172659.636238,3,-4,-141
1767172659.646238,2,-8,-139
1767172659.656238,3,-7,-140
1767172659.666238,0,-12,-137
1767172659.676238,0,-11,-137
1767172659.686238,-2,-6,-135
1767172659.696238,2,-5,-132
1767172659.7062385,0,-8,-135
1767172659.7162385,0,-4,-132
1767172659.7262385,2,-3,-130
1767172659.7362382,-1,1,-130
1767172659.7462382,3,1,-128
1767172659.7562382,3,0,-126
1767172659.7662382,-3,-3,-122
1767172659.7762382,0,-2,-118
1767172659.7862382,0,1,-127
1767172659.7962382,0,3,-133
1767172659.8062382,-2,4,-131
1767172659.8162382,-3,3,-135
1767172659.8262382,-3,4,-132
1767172659.836238,-4,1,-132
1767172659.846238,-6,0,-125
1767172659.856238,-11,-3,-122
1767172659.866238,-5,-1,-119
1767172659.876238,-3,1,-125
1767172659.886238,-5,3,-128
1767172659.896238,-9,-2,-134
1767172659.906238,-7,-4,-133
1767172659.916238,-9,0,-134
1767172659.926238,-6,0,-137
1767172659.936238,-6,0,-130
1767172659.946238,-4,5,-134
1767172659.9562385,-1,2,-133
1767172659.9662385,-2,-1,-129
1767172659.9762385,-1,-3,-125
1767172659.9862382,-1,-5,-125
1767172659.9962382,-1,-6,-123
1767172660.0062382,4,-11,-125
1767172660.0162382,7,-8,-135
1767172660.0262382,10,-5,-133
1767172660.0362382,8,-5,-127
1767172660.0462382,6,-2,-131
1767172660.0562382,4,-3,-130
1767172660.0662382,1,-1,-128
1767172660.0762382,-2,-1,-126
1767172660.086238,4,0,-128
1767172660.096238,0,-1,-125
1767172660.106238,1,-2,-123
1767172660.116238,1,-1,-130
1767172660.126238,-1,-2,-125
1767172660.136238,-5,0,-118
1767172660.146238,-3,0,-123
1767172660.156238,-3,0,-124
1767172660.166238,-3,1,-130
1767172660.176238,-1,1,-133
1767172660.186238,2,1,-137
1767172660.196238,0,0,-134
1767172660.2062385,1,-2,-132
1767172660.2162385,-5,-4,-134
1767172660.2262385,-5,-9,-140
1767172660.2362382,-6,-11,-142
1767172660.2462382,-7,-8,-138
1767172660.2562382,-2,-9,-137
1767172660.2662382,-3,-9,-128
1767172660.2762382,0,-3,-127
1767172660.2862382,3,-3,-132
1767172660.2962382,4,-4,-131
1767172660.3062382,3,-4,-126
1767172660.3162382,0,-2,-122
1767172660.3262382,-2,-2,-126
1767172660.336238,-3,-5,-126
1767172660.346238,0,-3,-125
1767172660.356238,1,-2,-127
1767172660.366238,-1,-2,-127
1767172660.376238,3,-1,-129
1767172660.386238,6,0,-132
1767172660.396238,0,4,-135
1767172660.406238,0,1,-138
1767172660.416238,-2,0,-137
1767172660.426238,-4,0,-134
1767172660.436238,-2,4,-135
1767172660.446238,0,6,-133
1767172660.4562385,0,6,-131
1767172660.4662385,4,2,-130
1767172660.4762385,7,0,-128
1767172660.4862382,1,0,-130
1767172660.4962382,0,-2,-139
1767172660.5062382,2,-4,-136
1767172660.5162382,0,-3,-132
1767172660.5262382,0,-2,-130
1767172660.5362382,0,-3,-140
1767172660.5462382,-1,-3,-143
1767172660.5562382,1,-1,-140
1767172660.5662382,1,0,-137
1767172660.5762382,0,2,-140
1767172660.586238,-2,-1,-137
1767172660.596238,-2,-4,-127
1767172660.606238,0,-3,-127
1767172660.616238,-3,-6,-123
1767172660.626238,0,-4,-129
1767172660.636238,0,-4,-126
1767172660.646238,-1,-1,-126
1767172660.656238,-3,0,-131
1767172660.666238,-3,0,-137
1767172660.676238,1,0,-136
1767172660.686238,3,2,-137
1767172660.696238,5,2,-137
1767172660.7062385,2,0,-136
1767172660.7162385,0,-4,-131
1767172660.7262385,-2,-5,-135
1767172660.7362382,-4,-5,-133
1767172660.7462382,0,-7,-136
1767172660.7562382,-1,-1,-141
1767172660.7662382,-5,-4,-139
1767172660.7762382,-4,-7,-139
1767172660.7862382,-5,-7,-137
1767172660.7962382,-1,-8,-127
1767172660.8062382,-1,-4,-133
1767172660.8162382,-2,-6,-136
1767172660.8262382,-4,-4,-135
1767172660.836238,0,-4,-133
1767172660.846238,0,-9,-130
1767172660.856238,0,-10,-129
1767172660.866238,-3,-7,-133
1767172660.876238,-1,-3,-132
1767172660.886238,-6,-2,-127
1767172660.896238,-3,-2,-129
1767172660.906238,-2,-2,-133
1767172660.916238,-2,1,-135
1767172660.926238,-2,0,-141
1767172660.936238,0,0,-142
1767172660.946238,0,3,-144
1767172660.9562385,0,4,-137
1767172660.9672382,-4,-1,-135
1767172660.9762385,-2,0,-132
1767172660.9862382,1,-1,-131
1767172660.9972382,5,-2,-133
1767172661.007238,5,-5,-133
1767172661.0162382,4,-3,-135
1767172661.027238,6,-1,-134
1767172661.037238,8,1,-140
1767172661.047238,7,0,-139
1767172661.057238,3,3,-137
1767172661.067238,-1,4,-137
1767172661.077238,-4,3,-137
1767172661.087238,0,2,-129
1767172661.097238,-2,4,-127
1767172661.107238,-1,4,-126
1767172661.117238,-1,4,-132
1767172661.127238,-3,5,-137
1767172661.1372385,-3,5,-135
1767172661.1472385,-7,6,-129
1767172661.1572382,-6,5,-128
1767172661.1672382,-3,3,-127
1767172661.1772382,-2,3,-128
1767172661.1872382,-1,-1,-133
1767172661.1972382,-3,0,-130
1767172661.2072382,-1,0,-130
1767172661.2172382,2,-2,-128
1767172661.2272382,0,-2,-125
1767172661.2372382,0,-3,-122
1767172661.2472382,1,-2,-119
1767172661.257238,5,1,-118
1767172661.267238,1,2,-122
1767172661.277238,0,0,-123
1767172661.287238,-2,-3,-127
1767172661.297238,2,-4,-128
1767172661.307238,-2,-5,-138
1767172661.317238,-1,-4,-141
1767172661.327238,1,-5,-141
1767172661.337238,-3,-2,-140
1767172661.347238,-9,2,-138
1767172661.357238,-6,1,-131
1767172661.367238,-4,-4,-139
1767172661.377238,-4,-3,-139
1767172661.3872385,-2,-2,-136
1767172661.3972385,-1,-2,-130
1767172661.4072382,0,0,-127
1767172661.4172382,-2,1,-130
1767172661.4272382,-1,1,-124
1767172661.4372382,4,-4,-127
1767172661.4472382,-2,-5,-130
1767172661.4572382,-2,-3,-133
1767172661.4672382,3,-6,-131
1767172661.4772382,6,-4,-135
1767172661.4872382,6,-1,-132
1767172661.4972382,-1,-1,-130
1767172661.507238,-4,0,-130
1767172661.517238,-2,2,-137
1767172661.527238,0,1,-137
1767172661.537238,0,1,-141
1767172661.547238,-1,-1,-140
1767172661.557238,-3,-1,-133
1767172661.567238,0,0,-133
1767172661.577238,1,4,-136
1767172661.587238,2,4,-135
1767172661.597238,4,5,-136
1767172661.607238,2,2,-137
1767172661.617238,-3,0,-141
1767172661.627238,-5,0,-136
1767172661.6372385,-6,-2,-136
1767172661.6472385,-8,-3,-139
1767172661.6572382,-4,-7,-135
1767172661.6672382,-4,-7,-132
1767172661.6772382,-2,-3,-136
1767172661.6872382,0,-3,-137
1767172661.6972382,3,-2,-144
1767172661.7072382,3,-4,-143
1767172661.7172382,5,-3,-142
1767172661.7272382,8,0,-145
1767172661.7372382,7,0,-143
1767172661.7472382,6,-3,-140
1767172661.757238,8,-3,-140
1767172661.767238,3,-4,-134
1767172661.777238,-2,0,-134
1767172661.787238,-6,1,-134
1767172661.797238,-5,-1,-136
1767172661.807238,-5,-5,-139
1767172661.817238,-3,-3,-143
1767172661.827238,0,-3,-140
1767172661.837238,0,-6,-146
1767172661.847238,2,-7,-149
1767172661.857238,2,-10,-137
1767172661.867238,-2,-14,-137
1767172661.877238,-2,-14,-140
1767172661.8872385,0,-10,-136
1767172661.8972385,1,-6,-131
1767172661.9072382,3,-8,-143
1767172661.9172382,0,-5,-143
1767172661.9272382,-1,-3,-137
1767172661.9372382,1,-5,-134
1767172661.9472382,0,-3,-132
1767172661.9572382,2,-3,-137
1767172661.9672382,-1,0,-138
1767172661.9772382,1,3,-145
1767172661.9872382,1,5,-135
1767172661.9972382,0,2,-140
1767172662.007238,0,3,-139
1767172662.017238,1,0,-142
1767172662.027238,-1,1,-141
1767172662.037238,-3,1,-132
1767172662.047238,2,1,-132
1767172662.057238,1,1,-128
1767172662.067238,0,5,-129
1767172662.077238,-2,1,-123
1767172662.087238,-1,3,-122
1767172662.097238,-1,3,-123
1767172662.107238,4,4,-122
1767172662.117238,4,1,-129
1767172662.127238,4,1,-132
1767172662.1372385,2,0,-132
1767172662.1472385,1,0,-139
1767172662.1572382,1,-3,-143
1767172662.1672382,1,-4,-140
1767172662.1772382,1,-6,-139
1767172662.1872382,-1,-6,-138
1767172662.1972382,-6,-8,-131
1767172662.2072382,-7,-9,-132
1767172662.2172382,-9,-11,-129
1767172662.2272382,-2,-12,-135
1767172662.2372382,0,-11,-134
1767172662.2472382,-3,-4,-134
1767172662.257238,0,0,-133
1767172662.267238,0,5,-136
1767172662.277238,-2,8,-134
1767172662.287238,-5,3,-136
1767172662.297238,-3,1,-140
1767172662.307238,-2,0,-142
1767172662.317238,-1,3,-143
1767172662.327238,0,2,-139
1767172662.337238,0,0,-140
1767172662.347238,2,1,-140
1767172662.357238,5,1,-136
1767172662.367238,3,-1,-140
1767172662.377238,3,-1,-143
1767172662.3872385,4,0,-144
1767172662.3972385,5,2,-145
1767172662.4072382,9,2,-143
1767172662.4172382,4,3,-139
1767172662.4272382,0,0,-141
1767172662.4372382,1,2,-143
1767172662.4472382,-1,6,-142
1767172662.4572382,-3,6,-136
1767172662.4672382,-3,5,-140
1767172662.4772382,-3,2,-135
1767172662.4872382,-5,1,-136
1767172662.4972382,-6,3,-135
1767172662.507238,-5,0,-134
1767172662.517238,-6,0,-127
1767172662.527238,-6,-2,-122
1767172662.537238,-4,-2,-125
1767172662.547238,-6,-5,-130
1767172662.557238,-9,-4,-132
1767172662.567238,-7,-7,-130
1767172662.577238,-6,-4,-131
1767172662.587238,-6,-4,-130
1767172662.597238,-3,-1,-130
1767172662.607238,-5,-2,-133
1767172662.617238,-5,-4,-135
1767172662.627238,-4,-5,-133
1767172662.6372385,-7,-7,-137
1767172662.6472385,-7,-9,-141
1767172662.6572382,-5,-10,-146
1767172662.6672382,-2,-12,-144
1767172662.6772382,-4,-8,-144
1767172662.6872382,-6,-9,-150
1767172662.6972382,-6,-9,-151
1767172662.7072382,-5,-6,-144
1767172662.7172382,-3,-3,-138
1767172662.7272382,-2,0,-142
1767172662.7372382,0,1,-138
1767172662.7472382,-3,3,-131
1767172662.757238,0,0,-131
1767172662.767238,0,0,-139
1767172662.777238,0,2,-146
1767172662.787238,2,0,-145
1767172662.797238,2,0,-147
1767172662.807238,4,-3,-141
1767172662.817238,0,-3,-136
1767172662.827238,0,-5,-134
1767172662.837238,1,-4,-142
1767172662.847238,0,-3,-137
1767172662.857238,-1,-4,-132
1767172662.867238,3,-3,-132
1767172662.877238,1,-3,-131
1767172662.8872385,-2,-4,-135
1767172662.8972385,-5,-3,-139
1767172662.9072382,-3,-2,-133
1767172662.9172382,-6,-3,-129
1767172662.9272382,-6,-2,-130
1767172662.9372382,-8,-2,-132
1767172662.9472382,-4,-4,-128
1767172662.9572382,-1,-4,-131
1767172662.9672382,2,-4,-133
1767172662.9772382,0,-4,-136
1767172662.9872382,0,-4,-136
1767172662.9972382,-1,-2,-136
1767172663.007238,-1,2,-139
1767172663.017238,-1,0,-146
1767172663.027238,0,-3,-151
1767172663.037238,4,-9,-141
1767172663.047238,6,-9,-137
1767172663.057238,5,-5,-138
1767172663.067238,2,-1,-138
1767172663.077238,0,0,-143
1767172663.087238,5,0,-141
1767172663.097238,7,0,-143
1767172663.107238,3,-2,-140
1767172663.117238,1,0,-138
1767172663.127238,-3,0,-140
1767172663.1372385,-2,3,-143
1767172663.1472385,-3,4,-147
1767172663.1572382,-5,7,-142
1767172663.1672382,-4,5,-134
1767172663.1772382,-6,-1,-133
1767172663.1872382,-9,-3,-129
1767172663.1972382,-11,2,-128
1767172663.2072382,-9,0,-129
1767172663.2172382,-11,0,-126
1767172663.2272382,-12,-3,-126
1767172663.2372382,-13,-3,-129
1767172663.2472382,-15,-1,-129
1767172663.257238,-13,0,-133
1767172663.267238,-8,-1,-128
1767172663.277238,-7,0,-131
1767172663.287238,-6,0,-136
1767172663.297238,-5,1,-134
1767172663.307238,-3,0,-138
1767172663.317238,0,-2,-141
1767172663.327238,0,-4,-147
1767172663.337238,-2,-4,-139
1767172663.347238,-4,-2,-140
1767172663.357238,1,1,-139
1767172663.367238,1,-1,-138
1767172663.377238,0,0,-132
1767172663.3872385,2,3,-130
1767172663.3972385,1,2,-133
1767172663.4072382,0,0,-133
1767172663.4172382,-1,0,-131
1767172663.4272382,-4,0,-128
1767172663.4372382,-2,0,-132
1767172663.4472382,-3,0,-130
1767172663.4572382,-6,-1,-130
1767172663.4672382,-6,-2,-132
1767172663.4772382,-7,0,-130
1767172663.4872382,-7,0,-129
1767172663.4972382,-10,-2,-134
1767172663.507238,-10,-6,-130
1767172663.517238,-8,-6,-124
1767172663.528238,-5,-3,-130
1767172663.537238,-1,-7,-133
1767172663.548238,2,-4,-134
1767172663.5582385,4,-4,-135
1767172663.567238,7,-4,-138
1767172663.577238,5,-5,-137
1767172663.587238,6,-5,-140
1767172663.5982382,9,-5,-143
1767172663.6082382,7,-2,-145
1767172663.6182382,4,-5,-141
1767172663.6282382,4,-6,-144
1767172663.6382382,7,-1,-139
1767172663.6482382,7,-3,-132
1767172663.6582382,6,0,-137
1767172663.6682382,9,0,-138
1767172663.6782382,7,0,-137
1767172663.688238,7,-3,-135
1767172663.698238,2,-3,-132
1767172663.708238,2,0,-132
1767172663.718238,-1,-1,-131
1767172663.728238,-3,-2,-131
1767172663.738238,-3,-6,-130
1767172663.748238,-7,-3,-127
1767172663.758238,-7,-2,-126
1767172663.768238,0,0,-129
1767172663.778238,3,-3,-130
1767172663.788238,2,-3,-125
1767172663.798238,5,2,-125
1767172663.8082385,3,3,-125
1767172663.8182385,3,4,-125
1767172663.8282382,3,1,-129
1767172663.8382382,4,-2,-123
1767172663.8482382,8,-6,-125
1767172663.8582382,6,-6,-121
1767172663.8682382,5,-8,-127
1767172663.8782382,0,-4,-127
1767172663.8882382,0,-8,-126
1767172663.8982382,1,-8,-126
1767172663.9082382,0,-6,-127
1767172663.9182382,1,-3,-133
1767172663.9282382,0,-1,-136
1767172663.938238,2,0,-135
1767172663.948238,4,0,-134
1767172663.9702382,6,0,-137
1767172663.978238,3,6,-141
1767172663.988238,6,1,-147
1767172663.998238,4,2,-146
1767172664.008238,6,-5,-149
1767172664.018238,8,-3,-145
1767172664.028238,8,0,-144
1767172664.038238,2,2,-142
1767172664.048238,-2,0,-141
1767172664.0582385,-6,-1,-144
1767172664.0682385,-6,0,-147
1767172664.0782382,-4,-1,-142
1767172664.0882382,-7,-1,-138
1767172664.0982382,-6,0,-132
1767172664.1082382,-1,2,-132
1767172664.1182382,8,0,-133
1767172664.1282382,9,3,-131
1767172664.1382382,10,4,-134
1767172664.1482382,11,2,-138
1767172664.1582382,7,2,-137
1767172664.1682382,8,-1,-140
1767172664.1782382,5,0,-143
1767172664.188238,3,3,-142
1767172664.198238,6,0,-141
1767172664.208238,6,2,-134
1767172664.218238,1,2,-137
1767172664.228238,-1,0,-137
1767172664.238238,-6,-4,-136
1767172664.248238,-5,-2,-133
1767172664.258238,-3,0,-136
1767172664.268238,0,0,-141
1767172664.278238,0,0,-136
1767172664.288238,2,-1,-139
1767172664.298238,5,1,-130
1767172664.3082385,5,0,-129
1767172664.3182385,3,-2,-126
1767172664.3282382,4,-2,-129
1767172664.3382382,5,-5,-133
1767172664.3482382,5,-2,-131
1767172664.3582382,4,-4,-129
1767172664.3682382,2,-8,-126
1767172664.3782382,2,-9,-130
1767172664.3882382,0,-9,-131
1767172664.3982382,2,-5,-129
1767172664.4082382,0,-4,-136
1767172664.4182382,-1,-4,-139
1767172664.4282382,1,-4,-136
1767172664.438238,0,-9,-141
1767172664.448238,2,-7,-143
1767172664.458238,1,-5,-143
1767172664.468238,3,-6,-146
1767172664.478238,4,-6,-153
1767172664.488238,2,-4,-151
1767172664.498238,0,-6,-145
1767172664.508238,0,-11,-139
1767172664.518238,-3,-10,-134
1767172664.528238,0,-8,-133
1767172664.538238,1,-5,-131
1767172664.548238,1,-1,-129
1767172664.5582385,-6,-4,-129
1767172664.5682385,-5,-4,-123
1767172664.5782382,-4,0,-122
1767172664.5882382,0,0,-130
1767172664.5982382,1,-3,-129
1767172664.6082382,1,-2,-125
1767172664.6182382,4,0,-127
1767172664.6282382,6,-2,-129
1767172664.6382382,7,-1,-128
1767172664.6482382,9,-4,-133
1767172664.6582382,6,-2,-139
1767172664.6682382,7,-1,-138
1767172664.6782382,4,0,-136
1767172664.688238,6,2,-132
1767172664.698238,5,1,-134
1767172664.708238,2,4,-139
1767172664.718238,1,1,-143
1767172664.728238,1,3,-141
1767172664.738238,3,4,-135
1767172664.748238,1,6,-136
1767172664.758238,0,7,-141
1767172664.768238,-2,3,-131
1767172664.778238,-1,2,-133
1767172664.788238,-1,0,-132
1767172664.798238,-1,0,-133
1767172664.8082385,-3,0,-135
1767172664.8182385,-3,-6,-137
1767172664.8282382,0,-2,-139
1767172664.8382382,-7,-4,-139
1767172664.8482382,-3,-1,-139
1767172664.8582382,-3,2,-133
1767172664.8682382,-4,5,-130
1767172664.8782382,-4,6,-130
1767172664.8882382,0,4,-127
1767172664.8982382,-1,-2,-128
1767172664.9082382,-1,-2,-135
1767172664.9182382,0,-3,-131
1767172664.9282382,0,-5,-136
1767172664.938238,-1,0,-139
1767172664.948238,-1,5,-140
1767172664.958238,-7,5,-140
1767172664.968238,-9,0,-146
1767172664.978238,-4,0,-148
1767172664.988238,-2,3,-143
1767172664.998238,-6,1,-142
1767172665.008238,-9,1,-141
1767172665.018238,-5,1,-145
1767172665.028238,-5,-2,-147
1767172665.038238,-11,-1,-145
1767172665.048238,-9,-1,-140
1767172665.0582385,-7,-1,-140
1767172665.0682385,-8,-1,-139
1767172665.0782382,-6,3,-138
1767172665.0882382,-5,2,-133
1767172665.0982382,-4,0,-129
1767172665.1082382,-5,0,-132
1767172665.1182382,-4,0,-139
1767172665.1282382,-6,1,-141
1767172665.1382382,-7,0,-142
1767172665.1482382,-3,-4,-140
1767172665.1582382,-6,-1,-140
1767172665.1682382,-9,0,-140
1767172665.1782382,-6,1,-131
1767172665.188238,-4,0,-134
1767172665.198238,-3,1,-138
1767172665.208238,-5,0,-136
1767172665.218238,-5,-1,-137
1767172665.228238,-3,-1,-141
1767172665.238238,-4,-1,-139
1767172665.248238,-1,-1,-132
1767172665.258238,-3,-1,-130
1767172665.268238,-4,0,-127
1767172665.278238,-5,4,-127
1767172665.288238,-3,4,-126
1767172665.298238,-3,4,-131
1767172665.3082385,-3,2,-129
1767172665.3182385,-2,1,-135
1767172665.3282382,0,0,-134
1767172665.3382382,-5,0,-129
1767172665.3482382,-3,1,-129
1767172665.3582382,-1,2,-131
1767172665.3682382,2,0,-131
1767172665.3782382,3,0,-131
1767172665.3882382,3,0,-135
1767172665.3982382,3,0,-131
1767172665.4082382,0,1,-134
1767172665.4182382,-1,-4,-134
1767172665.4282382,0,-6,-136
1767172665.438238,2,-8,-131
1767172665.448238,4,-9,-131
1767172665.458238,0,-12,-134
1767172665.468238,-3,-10,-134
1767172665.478238,-1,-6,-125
1767172665.488238,-1,-6,-135
1767172665.498238,-3,-6,-137
1767172665.508238,0,-6,-135
1767172665.518238,-2,-7,-142
1767172665.528238,2,-7,-139
1767172665.538238,-2,-6,-134
1767172665.548238,-2,-5,-134
1767172665.5582385,1,0,-137
1767172665.5682385,-4,0,-141
1767172665.5782382,-4,-2,-143
1767172665.5882382,-3,-1,-140
1767172665.5982382,-2,0,-134
1767172665.6082382,-2,-1,-129
1767172665.6182382,-7,-1,-132
1767172665.6282382,-2,0,-131
1767172665.6382382,0,1,-140
1767172665.6482382,0,2,-139
1767172665.6582382,-1,-2,-140
1767172665.6682382,3,-2,-151
1767172665.6782382,3,-7,-149
1767172665.688238,2,-6,-147
1767172665.698238,1,-4,-145
1767172665.708238,3,0,-144
1767172665.718238,0,-2,-141
1767172665.728238,-3,-5,-148
1767172665.738238,-4,-6,-143
1767172665.748238,-3,-6,-141
1767172665.758238,-1,-5,-137
1767172665.768238,-2,-5,-134
1767172665.778238,-2,-4,-130
1767172665.788238,-3,-5,-132
1767172665.798238,0,-4,-134
1767172665.8082385,0,-5,-132
1767172665.8182385,0,-2,-131
1767172665.8282382,0,0,-127
1767172665.8382382,0,1,-131
1767172665.8482382,0,1,-132
1767172665.8582382,5,3,-133
1767172665.8682382,1,1,-137
1767172665.8782382,-2,0,-137
1767172665.8882382,0,0,-135
1767172665.8982382,-2,-3,-134
1767172665.9082382,3,-2,-141
1767172665.9182382,5,-2,-140
1767172665.9282382,6,-1,-134
1767172665.938238,5,-1,-127
1767172665.948238,4,0,-131
1767172665.958238,2,1,-133
1767172665.968238,0,1,-131
1767172665.978238,-3,2,-132
1767172665.988238,-4,1,-132
1767172665.998238,-5,-2,-134
1767172666.008238,0,-2,-136
1767172666.018238,0,-1,-134
1767172666.028238,3,0,-132
1767172666.038238,1,0,-136
1767172666.048238,2,-2,-140
1767172666.0582385,3,-2,-142
1767172666.0682385,0,-8,-137
1767172666.0782382,-1,-8,-129
1767172666.0882382,0,-7,-129
1767172666.0982382,-1,-3,-123
1767172666.1082382,1,-4,-127
1767172666.1182382,-4,-2,-130
1767172666.1282382,-3,1,-135
1767172666.1382382,-6,3,-133
1767172666.1482382,3,-1,-129
1767172666.1582382,5,-1,-131
1767172666.1682382,4,0,-140
1767172666.179238,1,-5,-143
1767172666.188238,-4,-4,-137
1767172666.199238,0,0,-136
1767172666.209238,0,0,-140
1767172666.218238,0,-4,-143
1767172666.2292385,3,-7,-140
1767172666.2392385,5,-11,-140
1767172666.2492385,4,-9,-143
1767172666.2592382,3,-6,-140
1767172666.2692382,3,-3,-138
1767172666.2792382,1,-2,-138
1767172666.2892382,-1,-4,-138
1767172666.2992382,1,-5,-136
1767172666.3092382,1,-7,-137
1767172666.3192382,1,-8,-140
1767172666.3292382,0,-12,-141
1767172666.3392382,0,-10,-143
1767172666.3492382,3,-9,-137
1767172666.359238,4,-10,-130
1767172666.369238,4,-10,-131
1767172666.379238,0,-8,-133
1767172666.389238,-1,-4,-136
1767172666.399238,2,-3,-135
1767172666.409238,2,0,-136
1767172666.419238,2,1,-138
1767172666.429238,1,0,-139
1767172666.439238,0,-1,-132
1767172666.449238,3,0,-134
1767172666.459238,3,0,-138
1767172666.469238,1,6,-142
1767172666.4792385,1,3,-140
1767172666.4892385,3,0,-140
1767172666.4992385,2,3,-140
1767172666.5092382,1,2,-148
1767172666.5192382,5,0,-142
1767172666.5292382,-1,0,-139
1767172666.5392382,0,-1,-144
1767172666.5492382,4,-1,-143
1767172666.5592382,6,-1,-136
1767172666.5692382,7,1,-134
1767172666.5792382,7,1,-131
1767172666.5892382,4,-2,-129
1767172666.5992382,4,-1,-127
1767172666.609238,2,-1,-129
1767172666.619238,0,0,-130
1767172666.629238,3,0,-130
1767172666.639238,2,-4,-130
1767172666.649238,1,-1,-136
1767172666.659238,3,-2,-135
1767172666.669238,-1,-5,-136
1767172666.679238,1,-4,-132
1767172666.689238,-2,-3,-134
1767172666.699238,-1,-3,-132
1767172666.709238,0,-5,-138
1767172666.719238,0,-4,-138
1767172666.7292385,3,-5,-143
1767172666.7392385,1,-5,-142
1767172666.7492385,-1,-6,-149
1767172666.7592382,2,-7,-146
1767172666.7692382,5,-3,-143
1767172666.7792382,5,0,-145
1767172666.7892382,3,0,-134
1767172666.7992382,2,0,-131
1767172666.8092382,4,-1,-130
1767172666.8192382,2,-4,-128
1767172666.8292382,6,0,-128
1767172666.8392382,6,-3,-133
1767172666.8492382,3,-6,-136
1767172666.859238,6,-4,-134
1767172666.869238,7,-4,-129
1767172666.879238,9,-3,-133
1767172666.889238,5,-5,-130
1767172666.899238,2,-1,-134
1767172666.909238,-1,-1,-137
1767172666.919238,-2,-2,-139
1767172666.929238,-1,-4,-143
1767172666.939238,-3,0,-146
1767172666.949238,-5,0,-148
1767172666.959238,-2,-1,-145
1767172666.969238,0,-1,-149
1767172666.9792385,-1,-3,-143
1767172666.9892385,1,-1,-146
1767172666.9992385,1,0,-141
1767172667.0092382,1,0,-137
1767172667.0192382,0,2,-133
1767172667.0292382,-3,0,-140
1767172667.0392382,-5,-2,-140
1767172667.0492382,-4,-4,-148
1767172667.0592382,-3,-3,-147
1767172667.0692382,-7,-3,-145
1767172667.0792382,-3,-5,-148
1767172667.0892382,0,-6,-145
1767172667.0992382,2,-2,-145
1767172667.109238,0,-1,-141
1767172667.119238,-2,4,-138
1767172667.129238,-2,-1,-136
1767172667.139238,-2,-6,-136
1767172667.149238,-1,-5,-141
1767172667.159238,-3,-7,-132
1767172667.169238,1,-4,-140
1767172667.179238,3,-4,-142
1767172667.189238,4,0,-135
1767172667.199238,4,-3,-134
1767172667.209238,-2,-4,-133
1767172667.219238,-4,-3,-135
1767172667.2292385,-2,2,-141
1767172667.2392385,-1,1,-137
1767172667.2492385,1,-1,-142
1767172667.2592382,2,-3,-144
1767172667.2692382,6,-3,-146
1767172667.2792382,6,-3,-141
1767172667.2892382,4,-5,-151
1767172667.2992382,4,-7,-157
1767172667.3092382,1,-5,-154
1767172667.3192382,1,-8,-160
1767172667.3292382,4,-5,-152
1767172667.3392382,8,-3,-152
1767172667.3492382,6,1,-154
1767172667.359238,1,2,-141
1767172667.369238,0,3,-139
1767172667.379238,1,2,-138
1767172667.389238,-5,0,-135
1767172667.399238,-6,3,-128
1767172667.409238,-2,1,-133
1767172667.419238,0,0,-142
1767172667.429238,0,1,-140
1767172667.439238,0,2,-138
1767172667.449238,0,5,-139
1767172667.459238,0,3,-140
1767172667.469238,0,-3,-136
1767172667.4792385,0,-3,-136
1767172667.4892385,4,-3,-130
1767172667.4992385,8,-3,-135
1767172667.5092382,10,-1,-134
1767172667.5192382,9,-1,-139
1767172667.5292382,3,-3,-137
1767172667.5392382,-2,-3,-133
1767172667.5492382,-1,-4,-131
1767172667.5592382,0,-5,-134
1767172667.5692382,-3,-3,-138
1767172667.5792382,-3,-5,-139
1767172667.5892382,0,-5,-134
1767172667.5992382,0,-6,-129
1767172667.609238,0,-5,-130
1767172667.619238,3,0,-132
1767172667.629238,1,0,-133
1767172667.639238,0,-6,-136
1767172667.649238,-2,-5,-143
1767172667.659238,-1,-9,-133
1767172667.669238,-3,-12,-135
1767172667.679238,-2,-15,-136
1767172667.689238,-3,-6,-139
1767172667.699238,-3,-5,-138
1767172667.709238,-4,-5,-137
1767172667.719238,-2,-5,-134
1767172667.7292385,-4,-4,-135
1767172667.7392385,-4,-3,-137
1767172667.7492385,-3,-3,-137
1767172667.7592382,-1,-5,-137
1767172667.7692382,0,0,-130
1767172667.7792382,-3,0,-131
1767172667.7892382,-2,-1,-133
1767172667.7992382,-2,-6,-141
1767172667.8092382,0,-6,-144
1767172667.8192382,0,-6,-139
1767172667.8292382,-3,-4,-135
1767172667.8392382,-3,-3,-138
1767172667.8492382,-1,-4,-145
1767172667.859238,-2,-7,-146
1767172667.869238,-6,-5,-141
1767172667.879238,-4,-2,-143
1767172667.889238,-5,-2,-145
1767172667.899238,-7,-4,-138
1767172667.909238,-3,0,-141
1767172667.919238,-1,-1,-137
1767172667.929238,2,1,-133
1767172667.939238,3,2,-132
1767172667.949238,6,-2,-132
1767172667.959238,3,-4,-126
1767172667.969238,6,1,-128
1767172667.9792385,5,1,-126
1767172667.9892385,7,0,-130
1767172667.9992385,7,-3,-128
1767172668.0092382,4,0,-126
1767172668.0192382,2,-3,-123
1767172668.0292382,0,2,-121
1767172668.0392382,-1,2,-121
1767172668.0492382,2,-2,-120
1767172668.0592382,3,-6,-123
1767172668.0692382,1,-3,-130
1767172668.0792382,0,-2,-136
1767172668.0892382,2,0,-138
1767172668.0992382,0,1,-135
1767172668.109238,1,0,-138
1767172668.119238,3,-3,-132
1767172668.129238,2,-5,-133
1767172668.139238,0,-2,-134
1767172668.149238,1,-4,-136
1767172668.159238,0,-1,-135
1767172668.169238,-1,-3,-136
1767172668.179238,2,-4,-130
1767172668.189238,3,-3,-128
1767172668.199238,5,-8,-131
1767172668.209238,8,-11,-132
1767172668.219238,10,-11,-128
1767172668.2292385,4,-8,-136
1767172668.2392385,3,-6,-136
1767172668.2492385,4,-3,-141
1767172668.2592382,2,-5,-139
1767172668.2692382,7,-5,-133
1767172668.2792382,0,-3,-133
1767172668.2892382,1,-2,-130
1767172668.2992382,0,-1,-132
1767172668.3092382,1,-1,-131
1767172668.3192382,3,-2,-131
1767172668.3292382,-1,-3,-133
1767172668.3392382,-3,-4,-136
1767172668.3492382,-1,0,-136
1767172668.359238,0,1,-135
1767172668.369238,1,1,-138
1767172668.379238,0,-2,-136
1767172668.389238,0,2,-137
1767172668.399238,0,4,-136
1767172668.409238,0,2,-134
1767172668.419238,1,2,-135
1767172668.429238,-2,-1,-142
1767172668.439238,0,-2,-135
1767172668.449238,0,-2,-132
1767172668.459238,-1,0,-133
1767172668.469238,-3,0,-132
1767172668.4792385,-2,-1,-135
1767172668.4892385,-2,0,-133
1767172668.4992385,0,0,-136
1767172668.5092382,1,-1,-132
1767172668.5192382,0,-4,-134
1767172668.5292382,0,-5,-141
1767172668.5392382,0,-3,-139
1767172668.5492382,-3,-7,-134
1767172668.5592382,-4,-4,-126
1767172668.5692382,-3,-5,-128
1767172668.5792382,-5,-2,-128
1767172668.5892382,0,0,-134
1767172668.5992382,-2,-2,-132
1767172668.609238,0,2,-136
1767172668.619238,-1,0,-140
1767172668.629238,2,-1,-137
1767172668.639238,1,1,-133
1767172668.649238,1,0,-132
1767172668.659238,0,2,-134
1767172668.669238,1,3,-130
1767172668.679238,0,1,-129
1767172668.689238,-2,1,-130
1767172668.699238,0,1,-123
1767172668.709238,6,2,-123
1767172668.7202382,2,1,-124
1767172668.7302382,1,-5,-131
1767172668.7392385,4,-7,-130
1767172668.7502382,5,-6,-136
1767172668.7602382,6,-5,-138
1767172668.7702382,7,-5,-140
1767172668.7802382,3,0,-135
1767172668.790238,0,-2,-140
1767172668.7992382,-1,-2,-145
1767172668.810238,2,-2,-142
1767172668.820238,2,-5,-137
1767172668.830238,3,-8,-136
1767172668.840238,3,-9,-132
1767172668.850238,5,-3,-125
1767172668.860238,0,0,-119
1767172668.870238,-1,-4,-119
1767172668.880238,-2,0,-123
1767172668.890238,0,-7,-126
1767172668.900238,-2,-8,-127
1767172668.9102385,1,-5,-124
1767172668.9202385,0,-5,-122
1767172668.9302382,-1,-3,-124
1767172668.9402382,-2,-5,-126
1767172668.9502382,-3,-5,-127
1767172668.9602382,-2,-5,-131
1767172668.981238,-2,0,-134
1767172668.9902382,3,1,-132
1767172669.0002382,0,1,-126
1767172669.0102382,0,-2,-124
1767172669.0202382,0,-1,-129
1767172669.0302382,-1,-2,-131
1767172669.040238,1,-1,-137
1767172669.050238,3,2,-138
1767172669.060238,4,5,-142
1767172669.070238,2,-1,-143
1767172669.080238,0,1,-145
1767172669.090238,1,1,-144
1767172669.100238,2,3,-139
1767172669.110238,4,6,-133
1767172669.120238,-3,1,-129
1767172669.130238,0,-1,-136
1767172669.140238,-4,-1,-133
1767172669.150238,-1,-2,-136
1767172669.1602385,0,-4,-130
1767172669.1702385,1,-6,-130
1767172669.1802382,1,-2,-129
1767172669.1902382,3,-2,-131
1767172669.2002382,0,-4,-131
1767172669.2102382,-3,-2,-136
1767172669.2202382,0,0,-132
1767172669.2302382,-4,-4,-142
1767172669.2402382,0,-4,-142
1767172669.2502382,0,-4,-135
1767172669.2602382,-2,-1,-131
1767172669.2702382,-1,1,-130
1767172669.2802382,0,2,-125
1767172669.290238,7,0,-135
1767172669.300238,9,-1,-134
1767172669.310238,8,-4,-133
1767172669.320238,8,-4,-129
1767172669.330238,0,-2,-121
1767172669.340238,-3,0,-128
1767172669.350238,-3,0,-130
1767172669.360238,1,3,-123
1767172669.370238,0,6,-133
1767172669.380238,1,2,-138
1767172669.390238,4,1,-143
1767172669.400238,0,-1,-143
1767172669.4102385,0,-4,-140
1767172669.4202385,0,-5,-138
1767172669.4302382,1,-6,-133
1767172669.4402382,0,-5,-137
1767172669.4502382,2,-4,-134
1767172669.4602382,2,-1,-137
1767172669.4702382,0,-1,-135
1767172669.4802382,0,1,-132
1767172669.4902382,-4,0,-132
1767172669.5002382,-4,1,-129
1767172669.5102382,-4,-1,-128
1767172669.5202382,-7,0,-128
1767172669.5302382,-2,6,-139
1767172669.540238,-2,4,-138
1767172669.550238,-2,1,-138
1767172669.560238,0,-1,-142
1767172669.570238,-4,0,-140
1767172669.580238,-3,1,-143
1767172669.590238,-1,2,-142
1767172669.600238,0,0,-144
1767172669.610238,2,1,-142
1767172669.620238,1,0,-136
1767172669.630238,-4,0,-138
1767172669.640238,-4,0,-138
1767172669.650238,0,2,-140
1767172669.6602385,-1,6,-143
1767172669.6702385,-2,2,-150
1767172669.6802382,-5,1,-149
1767172669.6902382,-9,1,-146
1767172669.7002382,-7,0,-146
1767172669.7102382,-7,-1,-143
1767172669.7202382,-6,0,-145
1767172669.7302382,-2,0,-146
1767172669.7402382,-4,-2,-139
1767172669.7502382,4,-4,-144
1767172669.7602382,1,1,-140
1767172669.7702382,3,3,-132
1767172669.7802382,7,5,-132
1767172669.790238,10,3,-138
1767172669.800238,10,-3,-137
1767172669.810238,7,-7,-142
1767172669.820238,9,-4,-147
1767172669.830238,6,-2,-146
1767172669.840238,3,-7,-146
1767172669.850238,0,-5,-147
1767172669.860238,-3,-3,-144
1767172669.870238,-2,-4,-146
1767172669.880238,-2,-3,-146
1767172669.890238,-4,-2,-145
1767172669.900238,-3,0,-142
1767172669.9102385,0,-1,-139
1767172669.9202385,0,-6,-130
1767172669.9302382,3,-1,-118
1767172669.9402382,4,-1,-119
1767172669.9502382,0,-2,-119
1767172669.9602382,-4,0,-124
1767172669.9702382,0,0,-124
1767172669.9802382,2,0,-126
1767172669.9902382,4,-3,-129
1767172670.0002382,2,-3,-125
1767172670.0102382,5,-5,-122
1767172670.0202382,3,-7,-119
1767172670.0302382,1,-4,-116
1767172670.040238,4,-4,-121
1767172670.050238,7,-4,-128
1767172670.060238,4,-3,-130
1767172670.070238,1,-4,-131
1767172670.080238,-2,-3,-130
1767172670.090238,-5,-8,-137
1767172670.100238,-6,-5,-135
1767172670.110238,-3,-5,-130
1767172670.120238,-1,-5,-134
1767172670.130238,1,-2,-133
1767172670.140238,2,0,-128
1767172670.150238,2,-1,-127
1767172670.1602385,1,0,-124
1767172670.1702385,-2,3,-132
1767172670.1802382,-8,4,-126
1767172670.1902382,-10,1,-134
1767172670.2002382,-7,5,-137
1767172670.2102382,-5,0,-134
1767172670.2202382,-4,0,-138
1767172670.2302382,-4,0,-137
1767172670.2402382,-1,-4,-135
1767172670.2502382,0,-4,-135
1767172670.2602382,0,-1,-141
1767172670.2702382,0,0,-144
1767172670.2802382,1,0,-143
1767172670.290238,2,-1,-137
1767172670.300238,4,2,-138
1767172670.310238,4,2,-144
1767172670.320238,4,6,-142
1767172670.330238,1,3,-151
1767172670.340238,4,4,-155
1767172670.350238,1,1,-145
1767172670.360238,1,-2,-138
1767172670.370238,2,-3,-135
1767172670.380238,3,-2,-132
1767172670.390238,1,-5,-129
1767172670.400238,0,-8,-133
1767172670.4102385,0,-9,-137
1767172670.4202385,1,-8,-134
1767172670.4302382,2,-3,-135
1767172670.4402382,1,1,-134
1767172670.4502382,-1,2,-128
1767172670.4602382,0,1,-135
1767172670.4702382,1,0,-139
1767172670.4802382,2,-3,-142
1767172670.4902382,0,-3,-139
1767172670.5002382,1,-5,-132
1767172670.5102382,0,-2,-134
1767172670.5202382,2,-1,-136
1767172670.5302382,3,0,-134
1767172670.540238,3,0,-135
1767172670.550238,-1,0,-139
1767172670.560238,1,2,-141
1767172670.570238,1,2,-143
1767172670.580238,2,1,-141
1767172670.590238,3,5,-135
1767172670.600238,0,4,-130
1767172670.610238,-1,5,-137
1767172670.620238,-1,0,-136
1767172670.630238,-1,0,-136
1767172670.640238,-1,-4,-137
1767172670.650238,1,-8,-133
1767172670.6602385,-3,-6,-133
1767172670.6702385,1,-6,-127
1767172670.6802382,4,-2,-126
1767172670.6902382,6,-3,-134
1767172670.7002382,9,-4,-137
1767172670.7102382,8,-5,-133
1767172670.7202382,7,-5,-134
1767172670.7302382,6,-4,-130
1767172670.7402382,4,-2,-132
1767172670.7502382,3,1,-130
1767172670.7602382,2,8,-130
1767172670.7702382,-2,3,-133
1767172670.7802382,-2,1,-135
1767172670.790238,-5,0,-129
1767172670.800238,-3,1,-127
1767172670.810238,-3,0,-128
1767172670.820238,0,-1,-134
1767172670.830238,3,0,-138
1767172670.840238,2,0,-140
1767172670.850238,-1,0,-139
1767172670.860238,-4,3,-141
1767172670.870238,-2,2,-141
1767172670.880238,2,1,-145
1767172670.890238,11,0,-145
1767172670.900238,10,-2,-149
1767172670.9102385,5,-4,-144
1767172670.9202385,5,-3,-145
1767172670.9302382,1,0,-139
1767172670.9402382,0,2,-131
1767172670.9502382,-2,1,-136
1767172670.9602382,-5,-1,-132
1767172670.9702382,-4,-2,-125
1767172670.9802382,-1,-1,-126
1767172670.9902382,1,-2,-129
1767172671.0002382,0,-2,-131
1767172671.0102382,0,0,-136
1767172671.0202382,-1,4,-132
1767172671.0302382,0,4,-134
1767172671.040238,0,1,-136
1767172671.050238,0,3,-135
1767172671.060238,3,3,-134
1767172671.070238,4,4,-138
1767172671.080238,3,3,-139
1767172671.090238,0,4,-140
1767172671.100238,1,1,-136
1767172671.110238,0,4,-134
1767172671.120238,-2,1,-125
1767172671.130238,-1,-3,-128
1767172671.140238,2,-5,-132
1767172671.150238,3,-9,-131
1767172671.1602385,-1,-8,-135
1767172671.1702385,0,-4,-130
1767172671.1802382,1,-2,-125
1767172671.1902382,4,0,-129
1767172671.2002382,12,2,-132
1767172671.2102382,15,0,-129
1767172671.2202382,11,-1,-134
1767172671.2302382,12,-4,-129
1767172671.2402382,14,-5,-129
1767172671.2502382,10,-2,-133
1767172671.2602382,7,1,-137
1767172671.2702382,9,0,-137
1767172671.2802382,7,0,-143
1767172671.290238,4,0,-141
1767172671.300238,5,-1,-137
1767172671.310238,1,-4,-135
1767172671.321238,3,-4,-132
1767172671.330238,4,-3,-127
1767172671.3412385,4,-8,-129
1767172671.3512385,1,-8,-129
1767172671.3612382,4,-8,-130
1767172671.3712382,4,-5,-137
1767172671.3812382,4,-3,-142
1767172671.3912382,8,-6,-138
1767172671.4012382,12,-3,-141
1767172671.4112382,4,-2,-141
1767172671.4212382,0,-3,-133
1767172671.4312382,1,-4,-133
1767172671.4412382,5,-4,-129
1767172671.4512382,5,-5,-127
1767172671.461238,3,-5,-130
1767172671.471238,-3,-6,-135
1767172671.481238,-9,-7,-135
1767172671.491238,-9,-3,-134
1767172671.501238,-4,-2,-133
1767172671.511238,-1,0,-133
1767172671.521238,0,0,-134
1767172671.531238,3,-4,-130
1767172671.541238,7,-4,-131
1767172671.551238,4,-2,-128
1767172671.561238,1,-5,-126
1767172671.571238,2,-11,-138
1767172671.5812385,6,-10,-144
1767172671.5912385,4,-11,-141
1767172671.6012385,2,-7,-140
1767172671.6112382,0,-4,-135
1767172671.6212382,0,0,-136
1767172671.6312382,1,2,-143
1767172671.6412382,1,-2,-136
1767172671.6512382,0,-2,-142
1767172671.6612382,-3,0,-147
1767172671.6712382,-1,1,-148
1767172671.6812382,-6,0,-142
1767172671.6912382,-4,-3,-134
1767172671.7012382,-2,-5,-128
1767172671.711238,-8,-4,-131
1767172671.721238,-3,-1,-132
1767172671.731238,0,-1,-125
1767172671.741238,-1,-3,-125
1767172671.751238,-2,-3,-130
1767172671.761238,-4,-1,-129
1767172671.771238,-2,0,-134
1767172671.781238,-5,-4,-137
1767172671.791238,-4,-1,-140
1767172671.801238,-5,-3,-146
1767172671.811238,-6,-4,-146
1767172671.821238,-5,-7,-146
1767172671.8312385,-4,-6,-144
1767172671.8412385,0,-6,-145
1767172671.8512385,1,-5,-145
1767172671.8612382,2,-5,-144
1767172671.8712382,2,-9,-144
1767172671.8812382,0,-12,-142
1767172671.8912382,0,-9,-133
1767172671.9012382,-1,-6,-134
1767172671.9112382,0,-5,-133
1767172671.9212382,3,0,-139
1767172671.9312382,1,-1,-136
1767172671.9412382,0,-3,-134
1767172671.9512382,0,-3,-135
1767172671.961238,-1,-4,-132
1767172671.971238,-3,-4,-138
1767172671.981238,-7,-1,-141
1767172671.991238,-2,0,-144
1767172672.001238,1,1,-137
1767172672.011238,0,0,-134
1767172672.021238,-2,-3,-132
1767172672.031238,0,-3,-133
1767172672.041238,2,-5,-137
1767172672.051238,5,-5,-132
1767172672.061238,2,-2,-135
1767172672.071238,0,0,-133
1767172672.0812385,0,1,-137
1767172672.0912385,0,0,-141
1767172672.1012385,-5,-3,-146
1767172672.1112382,-5,-6,-143
1767172672.1212382,-6,-7,-142
1767172672.1312382,-8,-11,-138
1767172672.1412382,-11,-14,-130
1767172672.1512382,-10,-14,-134
1767172672.1612382,-9,-9,-128
1767172672.1712382,-5,-5,-129
1767172672.1812382,-4,-11,-132
1767172672.1912382,-2,-8,-136
1767172672.2012382,0,-6,-133
1767172672.211238,4,-1,-135
1767172672.221238,6,0,-132
1767172672.231238,3,-3,-130
1767172672.241238,1,-1,-131
1767172672.251238,-1,-4,-131
1767172672.261238,-2,-6,-133
1767172672.271238,-2,-1,-137
1767172672.281238,8,0,-145
1767172672.291238,4,0,-142
1767172672.301238,0,-2,-143
1767172672.311238,-3,-6,-139
1767172672.321238,-8,-6,-137
1767172672.3312385,-14,-3,-135
1767172672.3412385,-13,1,-138
1767172672.3512385,-10,0,-145
1767172672.3612382,-9,-2,-148
1767172672.3712382,-10,-6,-149
1767172672.3812382,-8,-6,-144
1767172672.3912382,-9,-4,-136
1767172672.4012382,-7,-6,-129
1767172672.4112382,-2,-6,-129
1767172672.4212382,0,-4,-128
1767172672.4312382,-3,0,-127
1767172672.4412382,-4,0,-129
1767172672.4512382,-6,-1,-132
1767172672.461238,-3,-3,-134
1767172672.471238,-1,-2,-139
1767172672.481238,-7,1,-133
1767172672.491238,-8,1,-134
1767172672.501238,-6,1,-133
1767172672.511238,-3,2,-136
1767172672.521238,1,6,-138
1767172672.531238,2,5,-140
1767172672.541238,2,5,-141
1767172672.551238,0,7,-146
1767172672.561238,-5,6,-145
1767172672.571238,-3,5,-142
1767172672.5812385,-1,1,-143
1767172672.5912385,-2,0,-142
1767172672.6012385,0,-2,-141
1767172672.6112382,3,1,-139
1767172672.6212382,3,-1,-145
1767172672.6312382,8,-2,-143
1767172672.6412382,10,2,-140
1767172672.6512382,7,3,-144
1767172672.6612382,0,5,-146
1767172672.6712382,-1,6,-147
1767172672.6812382,-9,6,-155
1767172672.6912382,-13,1,-152
1767172672.7012382,-9,4,-150
1767172672.711238,-6,1,-145
1767172672.721238,-4,3,-141
1767172672.731238,0,1,-136
1767172672.741238,0,2,-136
1767172672.751238,2,4,-141
1767172672.761238,4,1,-137
1767172672.771238,0,0,-137
1767172672.781238,2,0,-137
1767172672.791238,3,-2,-133
1767172672.801238,2,0,-132
1767172672.811238,1,6,-135
1767172672.821238,-1,3,-137
1767172672.8312385,-1,3,-138
1767172672.8412385,-1,0,-140
1767172672.8512385,-1,-1,-140
1767172672.8612382,-1,-1,-142
1767172672.8712382,-1,-2,-141
1767172672.8812382,-3,0,-143
1767172672.8912382,-4,0,-145
1767172672.9012382,-3,-2,-146
1767172672.9112382,-3,-1,-149
1767172672.9212382,-6,-2,-149
1767172672.9312382,-3,-2,-149
1767172672.9412382,4,-4,-149
1767172672.9512382,6,-2,-144
1767172672.961238,7,0,-144
1767172672.971238,8,0,-141
1767172672.981238,10,-1,-143
1767172672.991238,11,0,-148
1767172673.001238,7,-5,-141
1767172673.011238,6,-6,-139
1767172673.021238,2,-8,-134
1767172673.031238,0,-5,-140
1767172673.041238,-2,-1,-143
1767172673.051238,-5,-2,-139
1767172673.061238,-3,-5,-136
1767172673.071238,-3,-7,-137
1767172673.0812385,0,-9,-141
1767172673.0912385,-1,-7,-148
1767172673.1012385,-1,-7,-145
1767172673.1112382,0,-5,-143
1767172673.1212382,5,-2,-133
1767172673.1312382,6,-3,-131
1767172673.1412382,10,-1,-134
1767172673.1512382,4,1,-132
1767172673.1612382,4,2,-132
1767172673.1712382,4,1,-130
1767172673.1812382,6,-3,-132
1767172673.1912382,7,-3,-132
1767172673.2012382,8,-4,-133
1767172673.211238,7,-7,-136
1767172673.221238,5,-5,-139
1767172673.231238,4,-2,-135
1767172673.241238,3,-4,-130
1767172673.251238,0,-3,-129
1767172673.261238,2,-1,-127
1767172673.271238,0,-2,-126
1767172673.281238,1,-1,-130
1767172673.291238,3,0,-135
1767172673.301238,5,1,-136
1767172673.311238,4,0,-133
1767172673.321238,8,1,-134
1767172673.3312385,7,2,-135
1767172673.3412385,4,1,-132
1767172673.3512385,2,-2,-127
1767172673.3612382,1,1,-127
1767172673.3712382,-1,0,-132
1767172673.3812382,-3,3,-133
1767172673.3912382,-6,4,-134
1767172673.4012382,-6,4,-137
1767172673.4112382,-3,2,-144
1767172673.4212382,0,-1,-138
1767172673.4312382,0,0,-135
1767172673.4412382,0,-2,-139
1767172673.4512382,-1,-2,-141
1767172673.461238,0,-3,-141
1767172673.471238,-3,-1,-146
1767172673.481238,-6,-3,-156
1767172673.491238,-6,-5,-153
1767172673.501238,-6,-7,-147
1767172673.511238,-2,-10,-142
1767172673.521238,2,-9,-139
1767172673.531238,3,-7,-135
1767172673.541238,3,-4,-132
1767172673.551238,1,-3,-130
1767172673.561238,3,1,-132
1767172673.571238,8,3,-135
1767172673.5812385,2,3,-132
1767172673.5912385,4,4,-132
1767172673.6012385,7,7,-130
1767172673.6112382,11,4,-127
1767172673.6212382,7,0,-133
1767172673.6312382,6,-1,-134
1767172673.6412382,3,0,-135
1767172673.6512382,1,0,-139
1767172673.6612382,0,1,-136
1767172673.6712382,0,1,-132
1767172673.6812382,0,0,-136
1767172673.6912382,0,0,-135
1767172673.7012382,2,2,-128
1767172673.711238,2,1,-126
1767172673.721238,0,2,-128
1767172673.731238,-4,3,-130
1767172673.741238,-5,-1,-136
1767172673.751238,-3,-1,-138
1767172673.761238,0,-3,-135
1767172673.771238,6,-7,-135
1767172673.781238,4,-9,-140
1767172673.791238,0,-4,-140
1767172673.801238,6,-1,-140
1767172673.811238,5,-1,-145
1767172673.821238,7,-2,-142
1767172673.8312385,6,-5,-146
1767172673.8412385,3,-7,-143
1767172673.8512385,2,-3,-141
1767172673.8612382,0,-4,-149
1767172673.8722382,-1,-6,-145
1767172673.8812382,-2,1,-143
1767172673.8912382,-1,-1,-143
1767172673.9012382,-2,-3,-148
1767172673.9112382,1,-2,-149
1767172673.9212382,0,-3,-148
1767172673.932238,-1,-3,-149
1767172673.942238,-4,-4,-144
1767172673.952238,0,-6,-149
1767172673.962238,1,-3,-148
1767172673.972238,0,-3,-138
1767172673.994238,2,-1,-145
1767172674.002238,0,-2,-150
1767172674.0122385,-1,-4,-142
1767172674.0222385,-2,-1,-134
1767172674.031238,-3,1,-130
1767172674.0422382,-2,-1,-128
1767172674.0522382,-3,-1,-128
1767172674.0622382,1,-1,-126
1767172674.0722382,0,-2,-125
1767172674.0822382,-2,0,-126
1767172674.0922382,-2,0,-127
1767172674.1022382,0,-2,-123
1767172674.1122382,0,-5,-123
1767172674.1222382,1,-4,-127
1767172674.132238,2,-2,-126
1767172674.142238,2,0,-134
1767172674.152238,-3,4,-140
1767172674.162238,1,0,-141
1767172674.172238,1,0,-135
1767172674.182238,4,-1,-137
1767172674.192238,-1,0,-134
1767172674.202238,-5,2,-133
1767172674.212238,-2,0,-135
1767172674.222238,-3,-1,-144
1767172674.232238,-9,2,-147
1767172674.242238,-8,2,-142
1767172674.252238,1,0,-135
1767172674.2622385,-1,0,-132
1767172674.2722385,-2,-1,-133
1767172674.2822382,-2,0,-130
1767172674.2922382,-4,2,-130
1767172674.3022382,-4,-3,-134
1767172674.3122382,0,1,-134
1767172674.323238,-4,0,-140
1767172674.3322382,-8,1,-138
1767172674.3422382,-7,0,-139
1767172674.3522382,-5,-3,-136
1767172674.3622382,-3,-3,-136
1767172674.3722382,-6,-6,-143
1767172674.382238,-3,-8,-146
1767172674.392238,1,-8,-137
1767172674.402238,5,-2,-133
1767172674.412238,2,-4,-130
1767172674.422238,1,-1,-130
1767172674.432238,1,0,-131
1767172674.442238,0,-3,-138
1767172674.452238,2,-2,-132
1767172674.462238,0,-2,-130
1767172674.472238,3,-2,-134
1767172674.482238,2,-2,-136
1767172674.492238,3,0,-135
1767172674.502238,7,0,-139
1767172674.5122385,3,-1,-149
1767172674.5222385,3,-3,-150
1767172674.5322382,3,1,-143
1767172674.5422382,3,6,-138
1767172674.5522382,4,5,-138
1767172674.5622382,4,6,-139
1767172674.5722382,0,5,-134
1767172674.5822382,-3,6,-130
1767172674.5922382,-7,4,-128
1767172674.6022382,-3,2,-131
1767172674.6122382,-5,-2,-131
1767172674.6222382,-5,0,-129
1767172674.632238,0,1,-131
1767172674.642238,2,-2,-137
1767172674.652238,3,-5,-135
1767172674.662238,5,-6,-132
1767172674.672238,1,-3,-130
1767172674.682238,1,2,-126
1767172674.692238,1,4,-119
1767172674.702238,-1,3,-122
1767172674.712238,-4,0,-126
1767172674.722238,-2,-3,-124
1767172674.732238,-1,-3,-127
1767172674.742238,-2,-3,-134
1767172674.752238,0,-6,-136
1767172674.7622385,0,-8,-140
1767172674.7722385,0,-7,-140
1767172674.7822382,1,-6,-139
1767172674.7922382,0,-5,-135
1767172674.8022382,1,-4,-136
1767172674.8122382,0,-6,-143
1767172674.8222382,-3,-5,-139
1767172674.8322382,-3,-6,-143
1767172674.8422382,0,-7,-139
1767172674.8522382,0,-8,-136
1767172674.8622382,-3,-7,-133
1767172674.8722382,-3,-7,-131
1767172674.882238,-3,0,-138
1767172674.892238,-6,0,-149
1767172674.902238,-5,-3,-151
1767172674.912238,-1,-2,-151
1767172674.922238,-4,-1,-152
1767172674.932238,-8,-3,-152
1767172674.942238,-10,0,-149
1767172674.952238,-6,0,-148
1767172674.962238,-5,2,-142
1767172674.972238,-2,8,-145
1767172674.982238,-3,5,-139
1767172674.992238,-5,2,-132
1767172675.002238,-6,5,-134
1767172675.0122385,-1,1,-139
1767172675.0222385,4,-1,-146
1767172675.0322382,1,0,-140
1767172675.0422382,1,0,-139
1767172675.0522382,0,1,-140
1767172675.0622382,-1,0,-140
1767172675.0722382,-1,-5,-141
1767172675.0822382,-5,-7,-138
1767172675.0922382,-5,-5,-131
1767172675.1022382,-8,-1,-134
1767172675.1122382,-7,1,-141
1767172675.1222382,-5,4,-133
1767172675.132238,-6,1,-130
1767172675.142238,-3,0,-125
1767172675.152238,1,0,-133
1767172675.162238,0,0,-136
1767172675.172238,-2,0,-134
1767172675.182238,-3,0,-135
1767172675.192238,5,1,-129
1767172675.202238,5,2,-134
1767172675.212238,4,5,-133
1767172675.222238,0,1,-132
1767172675.232238,4,7,-134
1767172675.242238,2,10,-134
1767172675.252238,1,9,-135
1767172675.2622385,1,6,-131
1767172675.2722385,1,8,-133
1767172675.2822382,-1,8,-136
1767172675.2922382,-3,3,-136
1767172675.3022382,-2,0,-136
1767172675.3122382,-1,0,-135
1767172675.3222382,0,-3,-135
1767172675.3322382,-2,-7,-130
1767172675.3422382,1,-5,-131
1767172675.3522382,0,-5,-137
1767172675.3622382,0,-6,-140
1767172675.3722382,0,-6,-140
1767172675.382238,-4,-2,-141
1767172675.392238,-5,0,-141
1767172675.402238,-3,-2,-143
1767172675.412238,-2,-6,-141
1767172675.422238,-2,0,-134
1767172675.432238,-8,-3,-133
1767172675.442238,-5,-4,-134
1767172675.452238,-1,-5,-136
1767172675.462238,-1,-4,-134
1767172675.472238,0,-3,-136
1767172675.482238,-3,-5,-145
1767172675.492238,-4,-2,-140
1767172675.502238,-9,-2,-135
1767172675.5122385,-7,-3,-141
1767172675.5222385,-5,0,-142
1767172675.5322382,-3,-5,-135
1767172675.5422382,-7,-3,-127
1767172675.5522382,-8,0,-120
1767172675.5622382,-3,0,-119
1767172675.5722382,-1,-1,-122
1767172675.5822382,0,2,-124
1767172675.5922382,-5,3,-131
1767172675.6022382,-4,4,-134
1767172675.6122382,0,3,-142
1767172675.6222382,3,4,-140
1767172675.632238,0,-2,-144
1767172675.642238,1,0,-145
1767172675.652238,0,1,-139
1767172675.662238,0,2,-137
1767172675.672238,-2,2,-137
1767172675.682238,-4,5,-136
1767172675.692238,-6,1,-140
1767172675.702238,-9,3,-140
1767172675.712238,-3,1,-140
1767172675.722238,1,2,-134
1767172675.732238,5,3,-138
1767172675.742238,3,3,-135
1767172675.752238,5,0,-134
1767172675.7622385,7,1,-131
1767172675.7722385,2,-2,-133
1767172675.7822382,-1,1,-137
1767172675.7922382,-3,1,-143
1767172675.8022382,-1,1,-143
1767172675.8122382,1,1,-139
1767172675.8222382,3,-1,-140
1767172675.8322382,7,0,-140
1767172675.8422382,5,0,-139
1767172675.8522382,5,-1,-142
1767172675.8622382,11,-1,-140
1767172675.8722382,7,1,-136
1767172675.882238,1,2,-135
1767172675.892238,3,4,-138
1767172675.902238,-2,1,-133
1767172675.912238,-7,0,-133
1767172675.922238,-5,-7,-134
1767172675.932238,-5,-5,-134
1767172675.942238,-1,-5,-140
1767172675.952238,-1,-5,-143
1767172675.962238,0,-5,-137
1767172675.972238,1,-4,-134
1767172675.982238,1,-2,-134
1767172675.992238,0,-3,-140
1767172676.002238,-3,-2,-137
1767172676.0122385,-2,-4,-136
1767172676.0222385,2,-6,-135
1767172676.0322382,0,-6,-134
1767172676.0422382,-2,-10,-139
1767172676.0522382,2,-6,-140
1767172676.0622382,1,-5,-142
1767172676.0722382,-5,0,-137
1767172676.0822382,-10,-1,-140
1767172676.0922382,-11,0,-139
1767172676.1022382,-9,-3,-136
1767172676.1122382,-10,-6,-136
1767172676.1222382,-2,-7,-135
1767172676.132238,0,-5,-140
1767172676.142238,1,-5,-148
1767172676.152238,-1,-5,-147
1767172676.162238,-2,-6,-144
1767172676.172238,-5,-10,-143
1767172676.182238,-8,-9,-143
1767172676.192238,-9,-10,-143
1767172676.202238,-10,-10,-139
1767172676.212238,-11,-6,-143
1767172676.222238,-13,-4,-144
1767172676.232238,-4,-1,-144
1767172676.242238,-2,3,-136
1767172676.252238,1,0,-138
1767172676.2622385,-1,-1,-137
1767172676.2722385,-3,0,-137
1767172676.2822382,-2,0,-137
1767172676.2922382,0,1,-133
1767172676.3022382,2,2,-131
1767172676.3122382,4,1,-133
1767172676.3222382,4,-1,-138
1767172676.3322382,5,-5,-139
1767172676.3422382,4,-3,-140
1767172676.3522382,3,0,-143
1767172676.3622382,0,1,-139
1767172676.3722382,4,-5,-135
1767172676.382238,2,-1,-136
1767172676.392238,6,3,-137
1767172676.402238,3,2,-127
1767172676.412238,3,-1,-129
1767172676.422238,1,-4,-128
1767172676.432238,3,-2,-125
1767172676.442238,1,0,-136
1767172676.452238,0,0,-142
1767172676.462238,1,-3,-141
1767172676.472238,0,-1,-145
1767172676.482238,-4,0,-141
1767172676.492238,-6,2,-140
1767172676.5032382,-7,1,-138
1767172676.5132382,-13,0,-135
1767172676.5232382,-11,0,-129
1767172676.5332382,-11,0,-134
1767172676.5432382,-10,-5,-131
1767172676.5532382,-8,-7,-132
1767172676.563238,-8,-8,-129
1767172676.573238,-5,-5,-124
1767172676.583238,-8,-6,-126
1767172676.593238,-6,-3,-126
1767172676.603238,-5,-2,-133
1767172676.613238,-6,-1,-129
1767172676.623238,-4,-1,-122
1767172676.633238,-2,-1,-118
1767172676.643238,0,-2,-120
1767172676.653238,-1,-2,-120
1767172676.663238,-5,5,-126
1767172676.673238,-4,5,-124
1767172676.6832385,-3,2,-125
1767172676.6932385,-2,3,-123
1767172676.7032382,-3,5,-131
1767172676.7132382,-2,4,-136
1767172676.7232382,-1,2,-141
1767172676.7332382,-2,-3,-143
1767172676.7432382,0,-3,-138
1767172676.7532382,-1,-4,-138
1767172676.7632382,-7,-5,-143
1767172676.7732382,-6,-3,-139
1767172676.7832382,-7,-4,-142
1767172676.7932382,-6,0,-142
1767172676.8032382,-8,0,-146
1767172676.813238,-10,-1,-141
1767172676.823238,-10,-3,-138
1767172676.833238,-11,-8,-132
1767172676.843238,-11,-5,-134
1767172676.853238,-7,-4,-137
1767172676.863238,-8,-6,-132
1767172676.873238,-8,-4,-136
1767172676.883238,-9,-5,-137
1767172676.893238,-6,0,-139
1767172676.903238,-8,-5,-137
1767172676.913238,-6,-3,-141
1767172676.923238,-1,-3,-140
1767172676.9332385,-1,-8,-140
1767172676.9432385,0,-5,-137
1767172676.9532382,1,-2,-134
1767172676.9632382,0,-2,-134
1767172676.9732382,4,-5,-144
1767172676.9832382,8,-2,-147
1767172676.9932382,4,-3,-144
1767172677.0032382,4,-6,-140
1767172677.0132382,3,-8,-137
1767172677.0232382,0,-5,-137
1767172677.0332382,1,-3,-140
1767172677.0432382,4,-2,-138
1767172677.0532382,6,-1,-137
1767172677.063238,4,-4,-141
1767172677.073238,2,-3,-131
1767172677.083238,0,-3,-132
1767172677.093238,-5,-4,-135
1767172677.103238,-4,-3,-140
1767172677.113238,-2,-8,-138
1767172677.123238,0,-6,-141
1767172677.133238,2,-3,-135
1767172677.143238,1,-2,-138
1767172677.153238,0,-6,-139
1767172677.163238,-1,-4,-143
1767172677.173238,2,-3,-143
1767172677.1832385,2,-4,-149
1767172677.1932385,6,-5,-147
1767172677.2032382,6,-4,-142
1767172677.2132382,1,-9,-137
1767172677.2232382,2,-11,-136
1767172677.2332382,4,-6,-132
1767172677.2432382,6,-6,-130
1767172677.2532382,7,-4,-142
1767172677.2632382,6,-4,-146
1767172677.2732382,6,-4,-146
1767172677.2832382,6,-6,-150
1767172677.2932382,5,-5,-144
1767172677.3032382,4,-2,-136
1767172677.313238,2,0,-136
1767172677.323238,1,2,-133
1767172677.333238,0,2,-131
1767172677.343238,2,1,-132
1767172677.353238,2,-1,-126
1767172677.363238,0,-3,-126
1767172677.373238,-1,0,-131
1767172677.383238,0,-2,-131
1767172677.393238,4,-1,-129
1767172677.403238,1,0,-130
1767172677.413238,4,0,-133
1767172677.423238,3,0,-137
1767172677.4332385,2,-1,-135
1767172677.4432385,0,-1,-131
1767172677.4532382,2,1,-130
1767172677.4632382,-3,5,-128
1767172677.4732382,-1,0,-135
1767172677.4832382,-2,1,-136
1767172677.4932382,-3,0,-136
1767172677.5032382,-1,0,-140
1767172677.5132382,-1,-1,-143
1767172677.5232382,-1,1,-150
1767172677.5332382,-4,-3,-152
1767172677.5432382,-1,-2,-146
1767172677.5532382,0,0,-147
1767172677.563238,2,0,-143
1767172677.573238,2,0,-138
1767172677.583238,6,0,-132
1767172677.593238,6,-2,-129
1767172677.603238,6,-5,-133
1767172677.613238,6,-7,-139
1767172677.623238,4,-7,-138
1767172677.633238,1,-4,-143
1767172677.643238,0,-1,-139
1767172677.653238,-1,-6,-140
1767172677.663238,0,-9,-138
1767172677.673238,0,-5,-133
1767172677.6832385,2,-2,-133
1767172677.6932385,2,0,-131
1767172677.7032382,-2,-6,-131
1767172677.7132382,1,-9,-131
1767172677.7232382,1,-11,-132
1767172677.7332382,-5,-11,-136
1767172677.7432382,-5,-8,-142
1767172677.7532382,-1,-4,-141
1767172677.7632382,1,-6,-141
1767172677.7732382,4,-1,-138
1767172677.7832382,3,0,-137
1767172677.7932382,0,0,-135
1767172677.8032382,3,-3,-132
1767172677.813238,6,-5,-126
1767172677.823238,6,-6,-127
1767172677.833238,3,-5,-125
1767172677.843238,-1,-5,-125
1767172677.853238,-2,-5,-133
1767172677.863238,-2,-2,-133
1767172677.873238,-7,-3,-129
1767172677.883238,-3,-3,-135
1767172677.893238,1,-1,-138
1767172677.903238,3,-3,-136
1767172677.913238,-2,-2,-134
1767172677.923238,0,1,-134
1767172677.9332385,1,2,-137
1767172677.9432385,2,3,-133
1767172677.9532382,5,2,-132
1767172677.9632382,6,0,-128
1767172677.9732382,5,0,-133
1767172677.9832382,6,2,-140
1767172677.9932382,5,3,-138
1767172678.0032382,1,0,-145
1767172678.0132382,-5,-6,-141
1767172678.0232382,-1,-7,-134
1767172678.0332382,-4,-7,-128
1767172678.0432382,-7,-9,-133
1767172678.0532382,-7,-4,-131
1767172678.063238,-7,-4,-123
1767172678.073238,-6,-7,-118
1767172678.083238,-5,-7,-120
1767172678.093238,-8,-5,-130
1767172678.103238,-5,-6,-138
1767172678.113238,-4,-8,-142
1767172678.123238,-5,-7,-141
1767172678.133238,0,-5,-134
1767172678.143238,-2,-5,-135
1767172678.153238,-1,-3,-133
1767172678.163238,-7,0,-142
1767172678.173238,-4,2,-142
1767172678.1832385,-6,0,-137
1767172678.1932385,-5,-4,-137
1767172678.2032382,-8,-2,-140
1767172678.2132382,-4,-1,-142
1767172678.2232382,-2,0,-141
1767172678.2332382,2,-2,-131
1767172678.2432382,3,-6,-132
1767172678.2532382,4,-2,-138
1767172678.2632382,4,-2,-128
1767172678.2732382,2,0,-134
1767172678.2832382,-1,0,-142
1767172678.2932382,3,0,-139
1767172678.3032382,0,-2,-143
1767172678.313238,-1,-5,-141
1767172678.323238,-6,-4,-137
1767172678.333238,-2,-3,-138
1767172678.343238,-1,-1,-138
1767172678.353238,0,0,-136
1767172678.363238,1,-1,-132
1767172678.373238,-1,-3,-136
1767172678.383238,-1,-3,-132
1767172678.393238,-3,-3,-137
1767172678.403238,-4,0,-139
1767172678.413238,-2,0,-140
1767172678.423238,-2,-2,-138
1767172678.4332385,-2,-6,-136
1767172678.4432385,-1,-1,-126
1767172678.4532382,-1,1,-120
1767172678.4632382,0,2,-126
1767172678.4732382,-2,0,-135
1767172678.4832382,-2,2,-135
1767172678.4932382,-5,2,-135
1767172678.5032382,-6,0,-132
1767172678.5132382,0,-3,-132
1767172678.5232382,8,0,-133
1767172678.5332382,6,-1,-130
1767172678.5432382,6,-2,-125
1767172678.5532382,3,-4,-131
1767172678.563238,3,-5,-132
1767172678.573238,6,-5,-127
1767172678.583238,2,2,-125
1767172678.593238,3,3,-125
1767172678.603238,3,1,-129
1767172678.613238,-2,0,-131
1767172678.6242385,-3,1,-131
1767172678.633238,-4,0,-132
1767172678.643238,-3,-2,-128
1767172678.653238,-6,-7,-130
1767172678.663238,-7,-7,-131
1767172678.673238,-3,-9,-134
1767172678.6832385,-4,-9,-128
1767172678.6932385,-4,-13,-129
1767172678.7032382,-3,-12,-128
1767172678.7132382,-6,-7,-129
1767172678.7232382,-12,-5,-126
1767172678.7332382,-10,-4,-126
1767172678.7432382,-5,-5,-128
1767172678.7532382,-8,-3,-122
1767172678.7632382,-6,-1,-130
1767172678.7732382,-5,-6,-133
1767172678.7832382,-4,-4,-137
1767172678.7932382,-5,-5,-137
1767172678.8032382,-1,-8,-142
1767172678.813238,0,-5,-144
1767172678.823238,-3,-5,-143
1767172678.833238,-4,-5,-143
1767172678.843238,1,-3,-143
1767172678.853238,1,-4,-138
1767172678.863238,-1,-5,-146
1767172678.873238,0,0,-147
1767172678.883238,1,-2,-141
1767172678.893238,0,-3,-142
1767172678.903238,-1,-4,-142
1767172678.913238,-3,-5,-140
1767172678.923238,-3,-4,-138
1767172678.9332385,0,1,-137
1767172678.9432385,-2,1,-129
1767172678.9532382,-3,3,-129
1767172678.9632382,-5,6,-128
1767172678.9732382,-7,0,-127
1767172678.9832382,-12,-3,-127
1767172679.005238,-9,-1,-138
1767172679.0132382,-8,-3,-143
1767172679.0232382,-10,-8,-146
1767172679.034238,-6,-9,-151
1767172679.0432382,-1,-9,-153
1767172679.0532382,2,-11,-152
1767172679.063238,3,-10,-153
1767172679.073238,4,-11,-154
1767172679.084238,4,-7,-153
1767172679.094238,1,-9,-148
1767172679.1042385,1,-4,-145
1767172679.1142385,0,0,-143
1767172679.1242385,-2,0,-147
1767172679.1342382,-1,0,-142
1767172679.1442382,0,4,-140
1767172679.1542382,0,6,-144
1767172679.1642382,0,0,-141
1767172679.1742382,0,0,-149
1767172679.1842382,1,0,-147
1767172679.1942382,-2,1,-147
1767172679.2042382,-5,3,-142
1767172679.2142382,-5,4,-145
1767172679.2242382,-4,-1,-143
1767172679.234238,-3,-4,-143
1767172679.244238,-1,-1,-139
1767172679.254238,0,0,-135
1767172679.264238,1,1,-137
1767172679.274238,0,0,-142
1767172679.284238,2,-2,-142
1767172679.294238,1,-5,-133
1767172679.304238,0,-2,-128
1767172679.314238,-3,0,-125
1767172679.324238,-2,1,-124
1767172679.334238,-2,0,-131
1767172679.344238,0,0,-136
1767172679.3542385,-2,-1,-138
1767172679.3642385,-6,-1,-139
1767172679.3742385,-6,0,-138
1767172679.3842382,-8,-1,-144
1767172679.3942382,-8,-5,-142
1767172679.4042382,-7,-5,-139
1767172679.4142382,-5,-4,-135
1767172679.4242382,0,-6,-133
1767172679.4342382,0,-6,-133
1767172679.4442382,0,-11,-134
1767172679.4542382,2,-9,-133
1767172679.4642382,0,-8,-133
1767172679.4742382,0,-3,-130
1767172679.484238,4,-4,-131
1767172679.494238,5,-7,-132
1767172679.504238,7,-4,-137
1767172679.514238,4,-2,-135
1767172679.524238,1,-3,-137
1767172679.534238,0,-6,-141
1767172679.544238,2,-10,-138
1767172679.554238,5,-10,-144
1767172679.564238,0,-9,-139
1767172679.574238,0,-7,-129
1767172679.584238,0,-8,-136
1767172679.594238,3,-11,-130
1767172679.6042385,4,-9,-121
1767172679.6142385,3,-7,-124
1767172679.6242385,9,-6,-131
1767172679.6342382,9,-6,-134
1767172679.6442382,9,-8,-134
1767172679.6542382,8,-10,-139
1767172679.6642382,6,-8,-132
1767172679.6742382,5,-6,-129
1767172679.6842382,0,-6,-135
1767172679.6942382,-5,-6,-139
1767172679.7042382,-5,-6,-139
1767172679.7142382,-6,-9,-140
1767172679.7242382,-9,-2,-134
1767172679.734238,-9,-1,-134
1767172679.744238,-10,0,-134
1767172679.754238,-7,3,-133
1767172679.764238,-9,5,-137
1767172679.774238,-5,5,-137
1767172679.784238,0,6,-128
1767172679.794238,-5,3,-134
1767172679.804238,-3,3,-140
1767172679.814238,-4,6,-143
1767172679.824238,-4,3,-137
1767172679.834238,-2,-1,-131
1767172679.844238,2,0,-134
1767172679.8542385,2,-4,-131
1767172679.8642385,3,-3,-138
1767172679.8742385,1,-2,-145
1767172679.8842382,0,-6,-146
1767172679.8942382,2,-2,-146
1767172679.9042382,1,0,-144
1767172679.9142382,0,-4,-144
1767172679.9242382,0,-6,-145
1767172679.9342382,2,-6,-150
1767172679.9442382,1,-6,-149
1767172679.9542382,-1,-7,-146
1767172679.9642382,-3,-8,-140
1767172679.9742382,0,-4,-137
1767172679.984238,5,-5,-135
1767172679.994238,10,-4,-144
1767172680.004238,9,-4,-142
1767172680.014238,8,-3,-138
1767172680.024238,2,-4,-138
1767172680.034238,-2,-5,-137
1767172680.044238,-2,-2,-147
1767172680.054238,-5,0,-145
1767172680.064238,-4,0,-142
1767172680.074238,0,-3,-139
1767172680.084238,1,-8,-142
1767172680.094238,3,-11,-143
1767172680.1042385,5,-9,-143
1767172680.1142385,7,-10,-142
1767172680.1242385,4,-8,-141
1767172680.1342382,0,-3,-141
1767172680.1442382,-1,-3,-143
1767172680.1542382,-6,0,-142
1767172680.1642382,-5,0,-131
1767172680.1742382,-3,-4,-135
1767172680.1842382,-5,-8,-131
1767172680.1942382,-1,-7,-136
1767172680.2042382,-2,-7,-138
1767172680.2142382,2,-6,-144
1767172680.2242382,7,-3,-149
1767172680.234238,6,-4,-146
1767172680.244238,0,0,-146
1767172680.254238,-1,4,-142
1767172680.264238,-3,1,-141
1767172680.274238,-3,1,-142
1767172680.284238,-1,2,-146
1767172680.294238,4,4,-137
1767172680.304238,2,4,-134
1767172680.314238,2,4,-127
1767172680.324238,2,1,-126
1767172680.334238,3,2,-132
1767172680.344238,2,3,-137
1767172680.3542385,1,-1,-137
1767172680.3642385,-2,-1,-137
1767172680.3742385,-3,-1,-138
1767172680.3842382,-2,-2,-138
1767172680.3942382,-3,-3,-133
1767172680.4042382,-4,-7,-130
1767172680.4142382,-4,-3,-134
1767172680.4242382,-2,0,-136
1767172680.4342382,-3,-2,-135
1767172680.4442382,-7,0,-135
1767172680.4542382,-3,1,-135
1767172680.4642382,0,3,-136
1767172680.4742382,-1,1,-136
1767172680.484238,1,0,-141
1767172680.494238,-3,1,-143
1767172680.504238,-7,1,-136
1767172680.514238,-7,-2,-139
1767172680.524238,-2,-4,-140
1767172680.534238,-2,-6,-138
1767172680.544238,-3,-6,-136
1767172680.554238,-1,-8,-135
1767172680.564238,4,-6,-132
1767172680.574238,4,-7,-129
1767172680.584238,7,-7,-132
1767172680.594238,8,-2,-125
1767172680.6042385,7,-1,-127
1767172680.6142385,5,0,-131
1767172680.6242385,4,4,-134
1767172680.6342382,2,-1,-134
1767172680.6442382,1,-4,-132
1767172680.6542382,2,-4,-135
1767172680.6642382,2,-6,-128
1767172680.6742382,4,-4,-129
1767172680.6842382,6,-4,-132
1767172680.6942382,6,-1,-136
1767172680.7042382,1,1,-131
1767172680.7142382,0,0,-131
1767172680.7242382,2,-1,-129
1767172680.734238,3,-2,-136
1767172680.744238,2,-2,-129
1767172680.754238,0,-7,-126
1767172680.764238,0,-7,-123
1767172680.774238,-1,-8,-126
1767172680.784238,0,-6,-131
1767172680.794238,-3,-8,-142
1767172680.804238,0,-8,-138
1767172680.814238,-1,-10,-142
1767172680.824238,-2,-8,-143
1767172680.834238,-2,-4,-139
1767172680.844238,0,-8,-132
1767172680.8542385,2,-9,-134
1767172680.8642385,-1,-6,-140
1767172680.8742385,1,-8,-136
1767172680.8842382,-1,-6,-129
1767172680.8942382,-5,-4,-137
1767172680.9042382,-5,-4,-137
1767172680.9142382,-5,-5,-133
1767172680.9242382,-6,-5,-130
1767172680.9342382,-4,-5,-128
1767172680.9442382,-5,-1,-123
1767172680.9542382,-4,0,-124
1767172680.9642382,-1,0,-126
1767172680.9742382,0,0,-126
1767172680.984238,0,-2,-124
1767172680.994238,1,-5,-127
1767172681.004238,2,-4,-134
1767172681.014238,1,-4,-143
1767172681.024238,0,-5,-141
1767172681.034238,0,-2,-127
1767172681.044238,-6,-1,-126
1767172681.054238,-11,-1,-125
1767172681.064238,-9,0,-132
1767172681.074238,-10,0,-131
1767172681.084238,-5,0,-127
1767172681.094238,-3,-1,-129
1767172681.1042385,-1,-1,-130
1767172681.1142385,0,0,-137
1767172681.1242385,6,-1,-135
1767172681.1342382,7,2,-131
1767172681.1442382,5,2,-128
1767172681.1542382,1,3,-137
1767172681.1642382,0,0,-133
1767172681.1742382,0,5,-130
1767172681.1842382,0,5,-128
1767172681.1942382,2,2,-131
1767172681.2042382,2,0,-135
1767172681.2142382,1,0,-142
1767172681.2242382,0,0,-143
1767172681.234238,4,0,-146
1767172681.244238,5,2,-143
1767172681.254238,5,0,-134
1767172681.264238,5,0,-136
1767172681.274238,7,0,-137
1767172681.284238,6,1,-141
1767172681.294238,3,1,-136
1767172681.304238,1,3,-134
1767172681.314238,5,2,-135
1767172681.324238,7,3,-135
1767172681.334238,5,7,-137
1767172681.344238,5,8,-140
1767172681.3542385,2,5,-142
1767172681.3642385,-3,2,-140
1767172681.3742385,-4,1,-139
1767172681.3842382,-1,-1,-140
1767172681.3942382,-3,-2,-139
1767172681.4042382,0,1,-140
1767172681.4142382,0,2,-140
1767172681.4242382,1,2,-140
1767172681.4342382,0,-1,-139
1767172681.4442382,-3,-5,-142
1767172681.4542382,0,-3,-143
1767172681.4642382,2,-3,-143
1767172681.4742382,-5,-5,-142
1767172681.484238,-6,-4,-142
1767172681.494238,-4,-6,-138
1767172681.504238,-2,-1,-142
1767172681.514238,-3,0,-138
1767172681.524238,0,1,-133
1767172681.534238,0,2,-136
1767172681.544238,1,0,-143
1767172681.554238,-4,-1,-137
1767172681.564238,-8,0,-135
1767172681.574238,-10,1,-135
1767172681.584238,-9,1,-134
1767172681.594238,-7,-1,-139
1767172681.6042385,-3,-6,-137
1767172681.6142385,0,-5,-143
1767172681.6242385,-2,-4,-145
1767172681.6342382,-7,-1,-140
1767172681.6442382,-6,3,-136
1767172681.6552382,-4,-1,-133
1767172681.665238,-5,-1,-132
1767172681.675238,-5,-4,-133
1767172681.685238,-6,-4,-128
1767172681.6942382,-12,-1,-123
1767172681.705238,-12,0,-126
1767172681.715238,-9,1,-128
1767172681.725238,-10,5,-130
1767172681.735238,-6,5,-131
1767172681.745238,-2,6,-138
1767172681.755238,3,2,-141
1767172681.765238,4,1,-139
1767172681.775238,0,3,-131
1767172681.7852385,-2,2,-125
1767172681.7952385,-9,3,-127
1767172681.8052382,-10,0,-128
1767172681.8152382,-10,0,-130
1767172681.8252382,-1,1,-132
1767172681.8352382,-1,0,-130
1767172681.8452382,-1,4,-134
1767172681.8552382,0,2,-134
1767172681.8652382,-1,4,-129
1767172681.8752382,-2,4,-129
1767172681.8852382,-1,2,-136
1767172681.8952382,2,0,-136
1767172681.9052382,-1,0,-136
1767172681.915238,-1,-2,-135
1767172681.925238,0,-1,-132
1767172681.935238,0,-1,-129
1767172681.945238,1,4,-127
1767172681.955238,1,3,-125
1767172681.965238,3,4,-128
1767172681.975238,0,6,-130
1767172681.985238,-1,1,-131
1767172681.995238,0,2,-136
1767172682.005238,-2,3,-137
1767172682.015238,-1,0,-135
1767172682.025238,2,3,-136
1767172682.0352385,6,0,-137
1767172682.0452385,5,-2,-143
1767172682.0552382,4,0,-136
1767172682.0652382,6,-3,-134
1767172682.0752382,0,-1,-136
1767172682.0852382,0,-3,-134
1767172682.0952382,5,0,-132
1767172682.1052382,7,0,-135
1767172682.1152382,4,-4,-135
1767172682.1252382,2,-2,-137
1767172682.1352382,0,1,-139
1767172682.1452382,-4,3,-146
1767172682.1552382,-1,2,-144
1767172682.165238,0,2,-144
1767172682.175238,3,1,-147
1767172682.185238,4,2,-147
1767172682.195238,0,4,-140
1767172682.205238,-2,4,-139
1767172682.215238,-3,3,-137
1767172682.225238,2,-3,-138
1767172682.235238,-1,0,-143
1767172682.245238,-4,0,-141
1767172682.255238,0,0,-142
1767172682.265238,1,0,-138
1767172682.275238,6,-1,-137
1767172682.2852385,4,-2,-137
1767172682.2952385,4,0,-136
1767172682.3052382,4,0,-138
1767172682.3152382,1,1,-140
1767172682.3252382,0,-1,-138
1767172682.3352382,2,-5,-134
1767172682.3452382,0,-7,-133
1767172682.3552382,0,-5,-129
1767172682.3652382,0,1,-135
1767172682.3752382,-1,-1,-130
1767172682.3852382,-4,-3,-130
1767172682.3952382,-4,-3,-139
1767172682.4052382,-10,-1,-143
1767172682.415238,-4,-1,-139
1767172682.425238,3,-4,-140
1767172682.435238,4,-3,-139
1767172682.445238,5,0,-139
1767172682.455238,4,-4,-138
1767172682.465238,5,-4,-143
1767172682.475238,5,-8,-145
1767172682.485238,1,-12,-137
1767172682.495238,1,-11,-130
1767172682.505238,0,-9,-123
1767172682.515238,1,-12,-131
1767172682.525238,-2,-8,-134
1767172682.5352385,0,-8,-135
1767172682.5452385,-2,-6,-138
1767172682.5552382,-1,-4,-142
1767172682.5652382,-1,-1,-142
1767172682.5752382,0,-1,-142
1767172682.5852382,1,-3,-145
1767172682.5952382,3,-3,-142
1767172682.6052382,1,-5,-142
1767172682.6152382,-1,-3,-134
1767172682.6252382,-1,-4,-139
1767172682.6352382,-5,-3,-141
1767172682.6452382,-7,-5,-139
1767172682.6552382,-13,-1,-135
1767172682.665238,-11,3,-135
1767172682.675238,-7,2,-134
1767172682.685238,-3,0,-132
1767172682.695238,-2,0,-127
1767172682.705238,-4,5,-119
1767172682.715238,-6,4,-117
1767172682.725238,-8,0,-124
1767172682.735238,-6,-3,-121
1767172682.745238,-5,-1,-124
1767172682.755238,-3,-2,-128
1767172682.765238,-4,0,-126
1767172682.775238,-3,1,-122
1767172682.7852385,-2,0,-120
1767172682.7952385,0,-1,-125
1767172682.8052382,0,1,-125
1767172682.8152382,3,0,-133
1767172682.8252382,1,0,-137
1767172682.8352382,-1,-2,-146
1767172682.8452382,0,-5,-143
1767172682.8552382,2,-7,-140
1767172682.8652382,3,-9,-133
1767172682.8752382,1,-8,-136
1767172682.8852382,1,-1,-143
1767172682.8952382,1,0,-141
1767172682.9052382,0,1,-140
1767172682.915238,-5,1,-138
1767172682.925238,-3,3,-136
1767172682.935238,-2,2,-141
1767172682.945238,-1,-1,-148
1767172682.955238,-2,-1,-148
1767172682.965238,-2,2,-149
1767172682.975238,-2,5,-148
1767172682.985238,-5,4,-142
1767172682.995238,-8,0,-138
1767172683.005238,-5,1,-143
1767172683.015238,-4,3,-138
1767172683.025238,-5,2,-142
1767172683.0352385,-7,2,-143
1767172683.0452385,-6,-1,-144
1767172683.0552382,-3,-2,-142
1767172683.0652382,0,-1,-145
1767172683.0752382,4,-2,-144
1767172683.0852382,7,3,-145
1767172683.0952382,11,0,-139
1767172683.1052382,6,-2,-136
1767172683.1152382,5,-3,-133
1767172683.1252382,6,-2,-131
1767172683.1352382,4,1,-133
1767172683.1452382,1,2,-134
1767172683.1552382,3,2,-136
1767172683.165238,1,0,-142
1767172683.175238,-2,0,-144
1767172683.185238,-3,1,-142
1767172683.195238,-5,0,-137
1767172683.205238,-6,0,-137
1767172683.215238,-2,0,-140
1767172683.225238,0,0,-140
1767172683.235238,1,3,-140
1767172683.245238,0,0,-137
1767172683.255238,0,0,-139
1767172683.265238,-2,1,-144
1767172683.275238,0,-1,-145
1767172683.2852385,4,-3,-151
1767172683.2952385,-2,0,-137
1767172683.3052382,-5,1,-128
1767172683.3152382,-6,4,-126
1767172683.3252382,-7,2,-131
1767172683.3352382,-9,4,-139
1767172683.3452382,-3,1,-143
1767172683.3552382,-3,-2,-135
1767172683.3652382,-5,-2,-136
1767172683.3752382,-4,0,-138
1767172683.3852382,0,0,-142
1767172683.3952382,-1,0,-141
1767172683.4052382,1,4,-140
1767172683.415238,3,2,-138
1767172683.425238,2,-2,-137
1767172683.435238,0,-4,-136
1767172683.445238,-9,-6,-137
1767172683.455238,-12,-7,-135
1767172683.465238,-11,-3,-137
1767172683.475238,-6,0,-140
1767172683.485238,-7,0,-141
1767172683.495238,-9,5,-138
1767172683.505238,-9,5,-139
1767172683.515238,-6,6,-142
1767172683.525238,-1,7,-137
1767172683.5352385,0,4,-141
1767172683.5452385,0,3,-144
1767172683.5552382,0,2,-138
1767172683.5652382,0,1,-142
1767172683.5752382,-1,0,-137
1767172683.5852382,0,-4,-137
1767172683.5952382,-5,-2,-143
1767172683.6052382,-3,-2,-138
1767172683.6152382,-2,-2,-133
1767172683.6252382,0,0,-130
1767172683.6352382,1,0,-132
1767172683.6452382,1,1,-138
1767172683.6552382,1,0,-138
1767172683.665238,-1,0,-141
1767172683.675238,6,-3,-138
1767172683.685238,5,-3,-138
1767172683.695238,6,-5,-138
1767172683.705238,4,-3,-136
1767172683.715238,2,-1,-129
1767172683.725238,2,-1,-139
1767172683.735238,6,0,-140
1767172683.745238,4,0,-144
1767172683.755238,2,-4,-146
1767172683.765238,0,-2,-147
1767172683.775238,0,-1,-145
1767172683.7852385,2,0,-147
1767172683.7952385,6,0,-144
1767172683.8052382,6,3,-142
1767172683.8152382,6,0,-140
1767172683.8252382,4,-2,-144
1767172683.8352382,0,0,-138
1767172683.8452382,-1,-4,-136
1767172683.8552382,-1,-6,-131
1767172683.8652382,-4,-3,-130
1767172683.8752382,-3,1,-129
1767172683.8852382,-5,7,-131
1767172683.8952382,-3,7,-138
1767172683.9052382,0,3,-141
1767172683.915238,1,2,-135
1767172683.925238,3,0,-138
1767172683.935238,6,1,-137
1767172683.945238,5,2,-140
1767172683.955238,9,0,-146
1767172683.965238,11,-2,-147
1767172683.975238,11,0,-148
1767172683.985238,7,-3,-152
1767172683.995238,7,-5,-151
1767172684.0162382,6,-3,-143
1767172684.025238,9,0,-139
1767172684.0352385,6,3,-134
1767172684.0452385,2,2,-127
1767172684.0552382,5,0,-133
1767172684.0652382,5,0,-133
1767172684.0752382,3,1,-134
1767172684.0852382,3,0,-136
1767172684.0952382,1,-1,-139
1767172684.1052382,1,0,-134
1767172684.1152382,0,-2,-134
1767172684.1252382,0,-1,-134
1767172684.1352382,0,-2,-134
1767172684.1452382,-1,-5,-131
1767172684.1552382,0,-5,-131
1767172684.165238,-5,-3,-130
1767172684.175238,-7,-4,-126
1767172684.185238,-7,-2,-125
1767172684.195238,-7,-2,-125
1767172684.205238,0,0,-129
1767172684.215238,-1,3,-133
1767172684.225238,0,5,-131
1767172684.235238,0,3,-130
1767172684.2462382,-2,1,-136
1767172684.2562382,1,-2,-135
1767172684.2662382,4,-2,-136
1767172684.2762382,4,-3,-140
1767172684.2852385,1,-2,-137
1767172684.2962382,3,0,-132
1767172684.3062382,4,3,-139
1767172684.3162382,7,2,-141
1767172684.3262382,2,6,-144
1767172684.3352382,0,7,-138
1767172684.346238,0,4,-140
1767172684.356238,0,2,-141
1767172684.366238,0,0,-147
1767172684.376238,0,0,-147
1767172684.3852382,-1,-3,-141
1767172684.396238,1,-6,-139
1767172684.406238,0,-7,-143
1767172684.416238,-3,-2,-137
1767172684.426238,-5,-3,-140
1767172684.436238,-3,-4,-143
1767172684.446238,-4,-4,-143
1767172684.4562385,-1,-2,-142
1767172684.4662385,0,0,-137
1767172684.4762385,-2,-4,-143
1767172684.4862382,1,-3,-138
1767172684.4962382,3,-2,-139
1767172684.5062382,6,-1,-143
1767172684.5162382,4,-2,-144
1767172684.5262382,3,-2,-136
1767172684.5362382,7,1,-133
1767172684.5462382,3,0,-135
1767172684.5562382,0,0,-138
1767172684.5662382,-3,1,-137
1767172684.5762382,-1,-2,-138
1767172684.586238,0,-3,-138
1767172684.596238,-2,0,-137
1767172684.606238,0,1,-138
1767172684.616238,4,-1,-139
1767172684.626238,6,3,-137
1767172684.636238,7,5,-142
1767172684.646238,4,1,-137
1767172684.656238,2,2,-138
1767172684.666238,3,0,-138
1767172684.676238,-1,0,-131
1767172684.686238,-2,0,-128
1767172684.696238,-4,-5,-129
1767172684.7062385,-4,-6,-134
1767172684.7162385,0,-1,-134
1767172684.7262385,1,-6,-134
1767172684.7362382,3,-7,-130
1767172684.7462382,0,-6,-135
1767172684.7562382,-1,-6,-139
1767172684.7662382,-2,-6,-142
1767172684.7762382,-1,-2,-136
1767172684.7862382,-1,-5,-135
1767172684.7962382,-1,-6,-133
1767172684.8062382,2,-6,-128
1767172684.8162382,0,-1,-134
1767172684.8262382,-1,2,-137
1767172684.836238,-4,6,-136
1767172684.846238,-9,3,-135
1767172684.856238,-11,0,-133
1767172684.866238,-7,-1,-134
1767172684.876238,-7,0,-140
1767172684.886238,-3,0,-139
1767172684.896238,-2,1,-132
1767172684.906238,-5,4,-128
1767172684.916238,-8,3,-123
1767172684.926238,-6,0,-125
1767172684.936238,-7,0,-133
1767172684.946238,-6,-1,-136
1767172684.9562385,0,-2,-136
1767172684.9662385,0,-5,-137
1767172684.9762385,3,-4,-142
1767172684.9862382,3,0,-138
1767172684.9962382,3,3,-135
1767172685.0062382,2,0,-140
1767172685.0162382,2,-1,-137
1767172685.0262382,8,0,-141
1767172685.0362382,7,3,-137
1767172685.0462382,9,6,-140
1767172685.0562382,7,7,-141
1767172685.0662382,4,2,-141
1767172685.0762382,6,8,-136
1767172685.086238,3,6,-135
1767172685.096238,4,7,-136
1767172685.106238,1,4,-140
1767172685.116238,2,4,-136
1767172685.126238,0,4,-131
1767172685.136238,-1,7,-134
1767172685.146238,0,7,-134
1767172685.156238,-2,0,-133
1767172685.166238,2,0,-130
1767172685.176238,4,0,-131
1767172685.186238,0,-4,-132
1767172685.196238,0,-7,-128
1767172685.2062385,-1,-8,-131
1767172685.2162385,-3,-9,-131
1767172685.2262385,-4,-5,-126
1767172685.2362382,-4,-2,-125
1767172685.2462382,-3,-2,-119
1767172685.2562382,-1,2,-124
1767172685.2662382,-2,3,-134
1767172685.2762382,-3,3,-134
1767172685.2862382,-6,4,-137
1767172685.2962382,-6,1,-138
1767172685.3062382,-5,0,-138
1767172685.3162382,-4,3,-141
1767172685.3262382,-3,1,-138
1767172685.336238,1,2,-137
1767172685.346238,0,0,-135
1767172685.356238,-2,0,-140
1767172685.366238,0,-1,-135
1767172685.376238,0,0,-126
1767172685.386238,2,-2,-123
1767172685.396238,4,-6,-131
1767172685.406238,5,-5,-131
1767172685.416238,2,-5,-133
1767172685.426238,0,-7,-137
1767172685.436238,-1,-10,-139
1767172685.446238,-6,-10,-140
1767172685.4562385,-1,-5,-142
1767172685.4662385,0,-2,-141
1767172685.4762385,4,-3,-142
1767172685.4862382,8,-2,-146
1767172685.4962382,7,0,-143
1767172685.5062382,4,-2,-148
1767172685.5162382,-1,0,-142
1767172685.5262382,-1,-3,-146
1767172685.5362382,-3,-4,-153
1767172685.5462382,-4,-4,-144
1767172685.5562382,-2,-1,-131
1767172685.5662382,-5,-1,-130
1767172685.5762382,-3,1,-128
1767172685.586238,0,4,-136
1767172685.596238,0,3,-139
1767172685.606238,-1,2,-140
1767172685.616238,-6,0,-144
1767172685.626238,-5,-1,-134
1767172685.636238,-7,2,-129
1767172685.646238,-6,1,-132
1767172685.656238,0,2,-129
1767172685.666238,0,0,-135
1767172685.676238,1,0,-141
1767172685.686238,4,-2,-146
1767172685.696238,0,0,-138
1767172685.7062385,4,0,-139
1767172685.7162385,5,0,-136
1767172685.7262385,10,0,-133
1767172685.7362382,6,-2,-138
1767172685.7462382,3,-1,-133
1767172685.7562382,3,0,-131
1767172685.7662382,5,3,-130
1767172685.7762382,1,0,-134
1767172685.7862382,3,2,-133
1767172685.7962382,4,5,-134
1767172685.8062382,3,3,-132
1767172685.8162382,0,0,-126
1767172685.8262382,3,-2,-134
1767172685.836238,5,0,-136
1767172685.846238,7,1,-137
1767172685.856238,5,1,-132
1767172685.866238,0,1,-137
1767172685.876238,9,1,-137
1767172685.886238,9,-4,-137
1767172685.896238,6,-4,-138
1767172685.906238,5,-3,-139
1767172685.916238,5,-2,-143
1767172685.926238,7,-3,-151
1767172685.936238,7,0,-144
1767172685.946238,10,3,-141
1767172685.9562385,5,1,-135
1767172685.9662385,2,0,-136
1767172685.9762385,4,-4,-135
1767172685.9862382,3,-4,-138
1767172685.9972382,5,-4,-140
1767172686.0062382,2,-7,-142
1767172686.0162382,-1,-8,-140
1767172686.0262382,0,-6,-140
1767172686.0362382,-4,-4,-135
1767172686.0462382,-3,-3,-133
1767172686.0562382,0,-5,-133
1767172686.0662382,-2,-3,-139
1767172686.0762382,-1,1,-135
1767172686.086238,0,0,-131
1767172686.096238,3,-1,-133
1767172686.106238,1,0,-129
1767172686.116238,-1,-1,-126
1767172686.126238,-1,-1,-124
1767172686.136238,0,0,-122
1767172686.146238,-4,-1,-131
1767172686.156238,-3,-4,-139
1767172686.166238,0,-6,-137
1767172686.176238,1,-3,-136
1767172686.186238,0,-1,-131
1767172686.196238,2,0,-127
1767172686.2062385,3,0,-131
1767172686.2162385,2,0,-137
1767172686.2262385,-1,3,-138
1767172686.2362382,-5,7,-140
1767172686.2462382,-8,10,-128
1767172686.2562382,-6,8,-130
1767172686.2662382,-2,3,-132
1767172686.2762382,2,-2,-134
1767172686.2862382,5,-2,-138
1767172686.2962382,10,-2,-139
1767172686.3062382,7,-4,-143
1767172686.3162382,10,-4,-140
1767172686.3262382,5,-4,-144
1767172686.336238,0,-4,-137
1767172686.346238,1,-4,-135
1767172686.356238,0,-5,-138
1767172686.366238,-4,-5,-140
1767172686.376238,-5,-7,-139
1767172686.386238,-4,-8,-139
1767172686.396238,-2,-3,-136
1767172686.406238,0,-3,-132
1767172686.416238,0,-4,-130
1767172686.426238,0,-6,-135
1767172686.436238,1,-4,-142
1767172686.446238,2,-2,-144
1767172686.4562385,3,0,-141
1767172686.4662385,3,1,-140
1767172686.4762385,0,0,-136
1767172686.4862382,0,0,-134
1767172686.4962382,2,1,-126
1767172686.5062382,-1,1,-124
1767172686.5162382,-3,2,-126
1767172686.5262382,0,0,-129
1767172686.5362382,1,-2,-132
1767172686.5462382,0,0,-125
1767172686.5562382,-3,1,-129
1767172686.5662382,-3,2,-138
1767172686.5762382,0,-1,-140
1767172686.586238,-2,-4,-138
1767172686.596238,-3,-6,-136
1767172686.606238,-7,-2,-135
1767172686.616238,-9,-3,-132
1767172686.626238,-6,-4,-139
1767172686.636238,-1,-2,-140
1767172686.646238,5,-4,-137
1767172686.656238,5,-5,-133
1767172686.666238,4,-3,-133
1767172686.676238,0,-2,-130
1767172686.686238,0,-3,-131
1767172686.696238,-1,0,-128
1767172686.7062385,-3,0,-133
1767172686.7162385,-2,0,-135
1767172686.7262385,-1,5,-128
1767172686.7362382,-2,5,-129
1767172686.7462382,0,1,-131
1767172686.7562382,-2,-5,-127
1767172686.7662382,0,-3,-131
1767172686.7762382,-1,-4,-131
1767172686.7862382,-1,-1,-131
1767172686.7962382,-4,-10,-135
1767172686.8062382,-5,-6,-139
1767172686.8162382,-2,-7,-137
1767172686.8262382,-1,-6,-138
1767172686.837238,-1,-4,-144
1767172686.847238,0,-3,-138
1767172686.857238,2,-5,-138
1767172686.867238,0,-1,-140
1767172686.877238,3,-2,-140
1767172686.8872385,5,-4,-143
1767172686.8972385,2,-1,-138
1767172686.9072382,-2,2,-138
1767172686.9172382,-3,-1,-137
1767172686.9272382,-2,-1,-135
1767172686.9372382,-2,0,-135
1767172686.9472382,2,-2,-135
1767172686.9572382,4,-7,-129
1767172686.9672382,0,-7,-131
1767172686.9772382,2,-8,-131
1767172686.9872382,4,-7,-133
1767172686.9972382,4,-9,-138
1767172687.007238,2,-11,-142
1767172687.017238,1,-10,-140
1767172687.027238,3,-11,-142
1767172687.037238,6,-9,-145
1767172687.047238,10,-4,-142
1767172687.057238,7,-3,-136
1767172687.067238,6,-1,-128
1767172687.077238,4,1,-128
1767172687.087238,1,4,-132
1767172687.097238,7,4,-142
1767172687.107238,6,3,-145
1767172687.117238,8,5,-144
1767172687.127238,1,1,-140
1767172687.1372385,1,0,-138
1767172687.1472385,1,-1,-136
1767172687.1572382,4,-4,-135
1767172687.1672382,0,-6,-128
1767172687.1772382,-4,-4,-132
1767172687.1872382,-8,-1,-130
1767172687.1972382,-10,0,-137
1767172687.2072382,-6,-2,-138
1767172687.2172382,-4,-6,-143
1767172687.2272382,2,-3,-142
1767172687.2372382,4,0,-145
1767172687.2472382,3,1,-144
1767172687.257238,1,0,-143
1767172687.267238,0,1,-146
1767172687.277238,0,0,-133
1767172687.287238,3,0,-130
1767172687.297238,6,-3,-127
1767172687.307238,7,-2,-124
1767172687.317238,3,-1,-136
1767172687.327238,0,-1,-139
1767172687.337238,2,-2,-141
1767172687.347238,0,-3,-136
1767172687.357238,1,-3,-138
1767172687.367238,0,-3,-139
1767172687.377238,1,-3,-142
1767172687.3872385,5,-4,-140
1767172687.3972385,7,-7,-139
1767172687.4072382,5,-9,-137
1767172687.4172382,5,-12,-131
1767172687.4272382,2,-7,-133
1767172687.4372382,2,-7,-132
1767172687.4472382,-1,-12,-131
1767172687.4572382,0,-12,-127
1767172687.4672382,2,-8,-127
1767172687.4772382,2,-7,-131
1767172687.4872382,0,-7,-134
1767172687.4972382,2,-3,-133
1767172687.507238,2,-2,-132
1767172687.517238,1,0,-129
1767172687.527238,3,-4,-129
1767172687.537238,3,-6,-127
1767172687.547238,3,-1,-124
1767172687.557238,5,-3,-126
1767172687.567238,3,-1,-127
1767172687.577238,1,-4,-127
1767172687.587238,5,-5,-125
1767172687.597238,2,-2,-131
1767172687.607238,4,-7,-135
1767172687.617238,6,-8,-137
1767172687.627238,3,-8,-135
1767172687.6372385,2,-7,-138
1767172687.6472385,3,-11,-133
1767172687.6572382,0,-12,-133
1767172687.6672382,0,-8,-136
1767172687.6772382,-1,-7,-142
1767172687.6872382,0,-5,-145
1767172687.6972382,0,-2,-141
1767172687.7072382,0,-3,-135
1767172687.7172382,-1,-3,-136
1767172687.7272382,1,-2,-139
1767172687.7372382,0,-3,-136
1767172687.7472382,-4,-4,-130
1767172687.757238,-1,-4,-134
1767172687.767238,1,0,-134
1767172687.777238,1,0,-134
1767172687.787238,-1,-2,-124
1767172687.797238,2,-3,-120
1767172687.807238,0,-4,-124
1767172687.817238,-1,-7,-128
1767172687.827238,-1,-10,-133
1767172687.837238,-1,-8,-136
1767172687.847238,0,-5,-139
1767172687.857238,-4,-4,-143
1767172687.867238,-3,-4,-144
1767172687.877238,-7,-3,-142
1767172687.8872385,-7,-2,-136
1767172687.8972385,-5,0,-134
1767172687.9072382,-3,-2,-135
1767172687.9172382,-1,-3,-132
1767172687.9272382,0,-3,-135
1767172687.9372382,-3,-3,-131
1767172687.9472382,-4,-1,-135
1767172687.9572382,-7,-2,-134
1767172687.9672382,-6,-3,-141
1767172687.9772382,-4,-5,-136
1767172687.9872382,1,-6,-131
1767172687.9972382,1,-8,-134
1767172688.007238,0,-5,-139
1767172688.017238,-1,-2,-138
1767172688.027238,-2,-5,-135
1767172688.037238,1,-3,-138
1767172688.047238,1,0,-141
1767172688.057238,1,-1,-140
1767172688.067238,0,-1,-147
1767172688.077238,-5,1,-147
1767172688.087238,-1,1,-148
1767172688.097238,0,-1,-137
1767172688.107238,-2,-2,-140
1767172688.117238,-2,-2,-140
1767172688.127238,-7,-4,-138
1767172688.1372385,-11,-4,-135
1767172688.1472385,-10,-5,-132
1767172688.1572382,-10,-1,-129
1767172688.1672382,-7,0,-130
1767172688.1772382,-3,2,-133
1767172688.1872382,-2,2,-132
1767172688.1972382,-5,0,-129
1767172688.2072382,0,5,-131
1767172688.2172382,-2,1,-135
1767172688.2272382,-7,2,-136
1767172688.2372382,-7,0,-141
1767172688.2472382,-4,0,-139
1767172688.257238,-3,0,-141
1767172688.267238,-4,-2,-140
1767172688.277238,0,0,-138
1767172688.287238,2,0,-137
1767172688.297238,4,-2,-134
1767172688.307238,1,-1,-135
1767172688.317238,6,0,-135
1767172688.327238,8,0,-135
1767172688.337238,4,-4,-134
1767172688.347238,9,-3,-134
1767172688.357238,14,1,-129
1767172688.367238,10,-1,-131
1767172688.377238,5,-2,-126
1767172688.3872385,0,-1,-136
1767172688.3972385,-2,3,-138
1767172688.4072382,-3,7,-131
1767172688.4172382,-3,4,-137
1767172688.4272382,-8,7,-137
1767172688.4372382,-6,11,-134
1767172688.4472382,-2,7,-136
1767172688.4572382,-2,4,-149
1767172688.4672382,4,3,-146
1767172688.4772382,5,1,-135
1767172688.4872382,6,1,-130
1767172688.4972382,6,1,-132
1767172688.507238,1,4,-137
1767172688.517238,2,5,-143
1767172688.527238,2,2,-148
1767172688.537238,2,0,-150
1767172688.547238,0,0,-143
1767172688.557238,-3,0,-144
1767172688.567238,-1,-3,-147
1767172688.577238,-2,0,-147
1767172688.587238,0,0,-142
1767172688.597238,0,3,-142
1767172688.607238,-2,0,-140
1767172688.617238,0,0,-142
1767172688.627238,0,1,-138
1767172688.6372385,1,-3,-139
1767172688.6472385,1,0,-140
1767172688.6572382,0,2,-146
1767172688.6672382,2,3,-152
1767172688.6772382,-1,0,-151
1767172688.6872382,0,2,-147
1767172688.6972382,0,2,-151
1767172688.7072382,0,-1,-154
1767172688.7172382,0,0,-150
1767172688.7272382,-5,-1,-151
1767172688.7372382,-5,-2,-153
1767172688.7472382,-3,0,-150
1767172688.757238,-1,0,-145
1767172688.767238,0,-1,-135
1767172688.777238,-1,-5,-136
1767172688.787238,3,-1,-136
1767172688.797238,3,-5,-141
1767172688.807238,-1,-4,-142
1767172688.817238,-2,-3,-137
1767172688.827238,1,-4,-134
1767172688.837238,3,-3,-130
1767172688.847238,4,-7,-136
1767172688.857238,0,-5,-140
1767172688.867238,0,0,-138
1767172688.877238,0,0,-137
1767172688.8872385,-1,0,-137
1767172688.8972385,0,-1,-140
1767172688.9072382,0,-1,-139
1767172688.9172382,0,-1,-139
1767172688.9272382,1,0,-139
1767172688.9372382,5,1,-142
1767172688.9472382,7,0,-146
1767172688.9572382,7,-3,-149
1767172688.9672382,10,-8,-147
1767172688.9772382,11,-8,-140
1767172688.9872382,9,-4,-131
1767172688.9972382,6,-5,-132
1767172689.007238,0,-9,-133
1767172689.028238,2,-3,-136
1767172689.037238,1,-4,-140
1767172689.047238,-1,-2,-143
1767172689.057238,2,-4,-142
1767172689.067238,2,-8,-141
1767172689.077238,1,-9,-143
1767172689.087238,3,-7,-144
1767172689.097238,4,-7,-144
1767172689.107238,1,-5,-140
1767172689.117238,3,-2,-136
1767172689.127238,0,-3,-135
1767172689.1372385,-3,-3,-134
1767172689.1472385,-4,-4,-137
1767172689.1572382,-3,-4,-137
1767172689.1672382,-7,-6,-132
1767172689.1772382,-8,-4,-130
1767172689.1872382,-7,-3,-125
1767172689.1972382,-7,0,-122
1767172689.2072382,-6,1,-125
1767172689.2172382,-4,1,-122
1767172689.2272382,-1,0,-123
1767172689.2372382,-2,0,-129
1767172689.2472382,-1,0,-133
1767172689.257238,1,-1,-129
1767172689.267238,3,-2,-126
1767172689.277238,0,1,-128
1767172689.287238,-2,-1,-126
1767172689.297238,-4,-6,-138
1767172689.307238,-2,-5,-138
1767172689.317238,0,-4,-137
1767172689.327238,0,1,-137
1767172689.337238,3,0,-134
1767172689.347238,6,0,-139
1767172689.357238,3,0,-138
1767172689.367238,1,-3,-135
1767172689.3782382,2,-11,-128
1767172689.3872385,6,-11,-123
1767172689.3972385,3,-9,-125
1767172689.4082382,5,-11,-127
1767172689.4172382,4,-3,-127
1767172689.4282382,3,0,-129
1767172689.438238,2,0,-131
1767172689.4472382,0,0,-136
1767172689.458238,0,-2,-136
1767172689.4672382,0,-2,-135
1767172689.478238,2,-1,-133
1767172689.488238,4,0,-132
1767172689.498238,7,0,-135
1767172689.508238,4,0,-130
1767172689.517238,2,0,-134
1767172689.528238,3,-2,-136
1767172689.538238,1,-1,-136
1767172689.548238,0,-5,-141
1767172689.5582385,1,-2,-143
1767172689.567238,-6,1,-142
1767172689.5782382,-5,1,-144
1767172689.5882382,-3,0,-132
1767172689.5982382,-1,0,-129
1767172689.6082382,0,-2,-128
1767172689.6182382,0,-3,-128
1767172689.6282382,-2,-6,-129
1767172689.6382382,0,-5,-131
1767172689.6482382,1,-5,-132
1767172689.6582382,-1,-5,-136
1767172689.6682382,-4,-6,-134
1767172689.6782382,-5,-2,-132
1767172689.688238,-1,-2,-134
1767172689.698238,2,-3,-134
1767172689.708238,1,-4,-132
1767172689.718238,-2,-5,-133
1767172689.728238,-4,-4,-134
1767172689.738238,-2,-3,-132
1767172689.748238,1,-2,-129
1767172689.758238,0,-2,-134
1767172689.768238,-2,-3,-132
1767172689.778238,-2,-5,-133
1767172689.788238,0,-4,-132
1767172689.798238,-3,-5,-132
1767172689.8082385,1,-5,-131
1767172689.8182385,0,-5,-129
1767172689.8282382,-2,-5,-130
1767172689.8382382,0,-7,-133
1767172689.8482382,-2,-10,-134
1767172689.8582382,0,-9,-136
1767172689.8682382,0,-6,-138
1767172689.8782382,1,-6,-142
1767172689.8882382,-2,-4,-142
1767172689.8982382,2,-6,-133
1767172689.9082382,3,-4,-137
1767172689.9182382,0,-2,-136
1767172689.9282382,-3,-1,-133
1767172689.938238,-1,0,-128
1767172689.948238,-1,1,-124
1767172689.958238,-3,0,-129
1767172689.968238,-2,-3,-133
1767172689.978238,-2,2,-139
1767172689.988238,0,2,-148
1767172689.998238,-2,0,-146
1767172690.008238,3,0,-146
1767172690.018238,7,0,-141
1767172690.028238,9,0,-141
1767172690.038238,8,-3,-141
1767172690.048238,6,-5,-138
1767172690.0582385,4,-4,-139
1767172690.0682385,2,-5,-142
1767172690.0782382,2,-5,-141
1767172690.0882382,2,-6,-145
1767172690.0982382,2,-3,-143
1767172690.1082382,3,-3,-140
1767172690.1182382,0,-4,-141
1767172690.1282382,1,-8,-140
1767172690.1382382,0,-5,-141
1767172690.1482382,1,-2,-141
1767172690.1582382,-1,-1,-142
1767172690.1682382,0,-5,-132
1767172690.1782382,-4,-7,-133
1767172690.188238,-1,-7,-133
1767172690.198238,-4,-5,-128
1767172690.208238,-4,-5,-139
1767172690.218238,-6,0,-140
1767172690.228238,-7,4,-141
1767172690.238238,-7,3,-134
1767172690.248238,-5,0,-129
1767172690.258238,-4,-3,-127
1767172690.268238,-5,-5,-126
1767172690.278238,-7,-5,-127
1767172690.288238,-4,-7,-129
1767172690.298238,-6,-11,-131
1767172690.3082385,-6,-6,-138
1767172690.3182385,0,-4,-143
1767172690.3282382,-2,-1,-145
1767172690.3382382,-5,-1,-140
1767172690.3482382,-4,-3,-137
1767172690.3582382,-1,-7,-140
1767172690.3682382,-2,-7,-140
1767172690.3782382,0,-5,-145
1767172690.3882382,-6,-4,-143
1767172690.3982382,-7,-6,-136
1767172690.4082382,-6,0,-141
1767172690.4182382,-7,0,-140
1767172690.4282382,-4,3,-140
1767172690.438238,1,3,-140
1767172690.448238,-1,0,-135
1767172690.458238,1,-3,-135
1767172690.468238,-1,-2,-136
1767172690.478238,-1,-1,-142
1767172690.488238,1,-4,-137
1767172690.498238,-2,-3,-125
1767172690.508238,-2,-3,-124
1767172690.518238,-3,0,-124
1767172690.528238,-1,2,-131
1767172690.538238,4,5,-139
1767172690.548238,2,4,-136
1767172690.5582385,3,0,-137
1767172690.5682385,0,-4,-136
1767172690.5782382,-3,-6,-129
1767172690.5882382,-6,-5,-122
1767172690.5982382,0,-2,-127
1767172690.6082382,1,0,-125
1767172690.6182382,5,2,-131
1767172690.6282382,2,2,-133
1767172690.6382382,0,-1,-138
1767172690.6482382,2,0,-134
1767172690.6582382,-2,0,-133
1767172690.6682382,-6,2,-137
1767172690.6782382,-4,3,-137
1767172690.688238,4,1,-134
1767172690.698238,8,1,-130
1767172690.708238,8,2,-126
1767172690.718238,7,1,-129
1767172690.728238,2,-1,-132
1767172690.738238,1,-1,-131
1767172690.748238,1,0,-127
1767172690.758238,2,1,-126
1767172690.768238,4,0,-128
1767172690.778238,2,-3,-134
1767172690.788238,-2,-6,-138
1767172690.798238,0,-9,-139
1767172690.8082385,-2,-8,-138
1767172690.8182385,0,-9,-133
1767172690.8282382,1,-7,-136
1767172690.8382382,6,-4,-135
1767172690.8482382,9,-4,-138
1767172690.8582382,7,-4,-140
1767172690.8682382,4,-1,-138
1767172690.8782382,-1,-2,-139
1767172690.8882382,-4,-4,-132
1767172690.8982382,-6,-6,-135
1767172690.9082382,-6,-5,-143
1767172690.9182382,-5,-4,-147
1767172690.9282382,-6,-5,-153
1767172690.938238,-4,-8,-150
1767172690.948238,-2,-7,-152
1767172690.958238,0,-4,-149
1767172690.968238,-2,-1,-142
1767172690.978238,-2,0,-141
1767172690.988238,-3,5,-143
1767172690.998238,-6,5,-139
1767172691.008238,-4,7,-136
1767172691.018238,0,5,-135
1767172691.028238,-1,5,-132
1767172691.038238,-3,3,-131
1767172691.048238,-1,2,-129
1767172691.0582385,0,2,-130
1767172691.0682385,-3,5,-135
1767172691.0782382,-1,1,-136
1767172691.0882382,0,2,-137
1767172691.0982382,0,0,-133
1767172691.1082382,0,-3,-132
1767172691.1182382,0,-8,-127
1767172691.1282382,-2,-9,-129
1767172691.1382382,-1,-1,-132
1767172691.1482382,3,-1,-130
1767172691.1582382,5,0,-137
1767172691.1682382,3,-3,-137
1767172691.1782382,0,-1,-136
1767172691.188238,-2,-1,-141
1767172691.198238,-5,-3,-138
1767172691.208238,-6,-5,-137
1767172691.218238,-2,-3,-136
1767172691.228238,-4,-3,-140
1767172691.238238,-6,-5,-148
1767172691.248238,-4,-6,-149
1767172691.258238,0,-5,-145
1767172691.268238,0,-7,-140
1767172691.278238,3,-2,-131
1767172691.288238,5,3,-133
1767172691.298238,5,1,-134
1767172691.3082385,5,-1,-137
1767172691.3182385,4,-3,-132
1767172691.3282382,7,-6,-136
1767172691.3382382,5,-5,-138
1767172691.3482382,3,-3,-142
1767172691.3582382,1,-2,-145
1767172691.3682382,-1,-4,-145
1767172691.3782382,-1,-5,-140
1767172691.3882382,-5,-5,-135
1767172691.3982382,-8,-4,-139
1767172691.4082382,-8,-7,-145
1767172691.4182382,-6,-9,-152
1767172691.4282382,-3,-11,-150
1767172691.438238,-1,-9,-147
1767172691.448238,-2,-7,-141
1767172691.458238,-2,-6,-137
1767172691.468238,0,-3,-133
1767172691.478238,0,0,-137
1767172691.488238,3,1,-145
1767172691.498238,0,3,-141
1767172691.508238,0,3,-135
1767172691.518238,-2,-2,-132
1767172691.528238,-4,-3,-130
1767172691.538238,-5,-7,-125
1767172691.548238,-3,-5,-123
1767172691.5582385,0,2,-127
1767172691.5682385,4,2,-130
1767172691.5782382,3,3,-131
1767172691.5882382,2,0,-130
1767172691.5982382,0,-2,-134
1767172691.6082382,-1,-5,-138
1767172691.6182382,0,-5,-134
1767172691.6282382,4,-5,-134
1767172691.6382382,-2,-6,-139
1767172691.6482382,0,-6,-140
1767172691.6582382,-2,-3,-138
1767172691.6682382,-3,-6,-133
1767172691.6782382,-3,-9,-132
1767172691.688238,-1,-12,-126
1767172691.698238,-3,-7,-120
1767172691.708238,0,-3,-122
1767172691.718238,6,-7,-129
1767172691.728238,3,-8,-140
1767172691.738238,3,-7,-141
1767172691.748238,2,-2,-144
1767172691.758238,0,-2,-136
1767172691.768238,-1,-4,-135
1767172691.778238,-3,-8,-143
1767172691.788238,-4,-11,-152
1767172691.798238,-2,-9,-148
1767172691.8082385,-3,-10,-132
1767172691.8182385,-4,-8,-131
1767172691.8282382,0,-7,-132
1767172691.8382382,-1,-5,-133
1767172691.8482382,-3,-4,-130
1767172691.8582382,0,-2,-134
1767172691.8682382,-1,-2,-135
1767172691.8782382,2,-7,-130
1767172691.8882382,1,-6,-134
1767172691.8982382,1,-3,-131
1767172691.9082382,-4,-3,-127
1767172691.9182382,-2,-2,-126
1767172691.9282382,0,1,-130
1767172691.938238,-1,1,-129
1767172691.948238,-5,0,-135
1767172691.958238,-5,1,-142
1767172691.969238,-2,-1,-141
1767172691.978238,-3,-7,-146
1767172691.988238,-3,-4,-144
1767172691.9992385,-6,0,-137
1767172692.0092382,-6,0,-142
1767172692.0192382,-1,-2,-144
1767172692.0292382,-1,-2,-142
1767172692.0392382,2,-3,-141
1767172692.0492382,2,-6,-138
1767172692.0592382,1,-10,-140
1767172692.0692382,1,-10,-146
1767172692.0792382,3,-15,-148
1767172692.0892382,5,-13,-153
1767172692.0992382,5,-5,-149
1767172692.1082382,6,-7,-146
1767172692.119238,0,-9,-148
1767172692.129238,1,-6,-143
1767172692.139238,-2,-5,-138
1767172692.149238,0,0,-133
1767172692.159238,2,-1,-133
1767172692.169238,2,0,-140
1767172692.179238,1,-2,-143
1767172692.189238,2,0,-137
1767172692.199238,4,-4,-132
1767172692.209238,2,-3,-139
1767172692.219238,4,-3,-144
1767172692.2292385,3,-1,-140
1767172692.2392385,2,-7,-137
1767172692.2492385,3,-5,-139
1767172692.2592382,7,-3,-137
1767172692.2692382,4,-1,-130
1767172692.2792382,4,-1,-125
1767172692.2892382,4,1,-126
1767172692.2992382,11,5,-130
1767172692.3092382,10,4,-130
1767172692.3192382,7,0,-134
1767172692.3292382,4,0,-132
1767172692.3392382,3,-4,-133
1767172692.3492382,2,0,-130
1767172692.359238,0,0,-132
1767172692.369238,-4,-1,-130
1767172692.379238,-6,1,-137
1767172692.389238,-6,2,-137
1767172692.399238,-7,0,-143
1767172692.409238,-5,2,-136
1767172692.419238,-4,0,-136
1767172692.429238,0,1,-136
1767172692.439238,2,2,-137
1767172692.449238,1,7,-138
1767172692.459238,2,6,-143
1767172692.469238,6,10,-135
1767172692.4792385,3,4,-137
1767172692.4892385,0,4,-142
1767172692.4992385,-1,4,-133
1767172692.5092382,0,1,-130
1767172692.5192382,5,3,-125
1767172692.5292382,4,4,-122
1767172692.5392382,0,3,-134
1767172692.5492382,-2,1,-135
1767172692.5592382,0,0,-131
1767172692.5692382,-1,0,-128
1767172692.5792382,-3,1,-127
1767172692.5892382,-4,0,-129
1767172692.5992382,-4,-3,-132
1767172692.609238,-5,-6,-134
1767172692.619238,-3,-6,-132
1767172692.629238,0,-5,-129
1767172692.639238,8,0,-134
1767172692.649238,7,0,-136
1767172692.659238,10,-1,-135
1767172692.669238,11,-1,-139
1767172692.679238,6,-1,-141
1767172692.689238,2,-4,-136
1767172692.699238,-3,-4,-133
1767172692.709238,-4,-1,-135
1767172692.719238,1,-2,-132
1767172692.7292385,-2,-4,-129
1767172692.7392385,0,-2,-134
1767172692.7492385,0,-3,-136
1767172692.7592382,-2,-5,-135
1767172692.7692382,-3,-10,-136
1767172692.7792382,-3,-8,-137
1767172692.7892382,-3,-11,-136
1767172692.7992382,-1,-7,-139
1767172692.8092382,0,-3,-140
1767172692.8192382,1,-4,-139
1767172692.8292382,0,-7,-139
1767172692.8392382,-4,-6,-141
1767172692.8492382,-5,-1,-141
1767172692.859238,-6,-1,-145
1767172692.869238,-8,-1,-141
1767172692.879238,-3,-2,-134
1767172692.889238,0,-4,-127
1767172692.899238,-1,-5,-131
1767172692.909238,-3,-4,-132
1767172692.919238,-4,-4,-135
1767172692.929238,-5,-3,-130
1767172692.939238,-7,-3,-135
1767172692.949238,-9,-2,-134
1767172692.959238,-7,0,-131
1767172692.969238,-4,-1,-130
1767172692.9792385,-3,-1,-127
1767172692.9892385,-3,-2,-134
1767172692.9992385,0,-5,-137
1767172693.0092382,0,-8,-139
1767172693.0192382,1,-8,-138
1767172693.0292382,0,-6,-130
1767172693.0392382,1,-4,-124
1767172693.0492382,0,-6,-129
1767172693.0592382,0,-6,-128
1767172693.0692382,0,-7,-125
1767172693.0792382,-2,-9,-125
1767172693.0892382,-8,-8,-129
1767172693.0992382,-8,1,-132
1767172693.109238,-8,2,-136
1767172693.119238,-4,-3,-133
1767172693.129238,-3,-5,-139
1767172693.139238,2,-4,-140
1767172693.149238,2,-5,-140
1767172693.159238,3,-3,-143
1767172693.169238,1,-1,-143
1767172693.179238,0,-1,-141
1767172693.189238,0,-2,-143
1767172693.199238,-4,-1,-138
1767172693.209238,-2,-2,-135
1767172693.219238,2,-1,-145
1767172693.2292385,1,-1,-144
1767172693.2392385,3,-3,-144
1767172693.2492385,4,-2,-144
1767172693.2592382,4,-1,-143
1767172693.2692382,2,0,-136
1767172693.2792382,0,0,-135
1767172693.2892382,1,-2,-137
1767172693.2992382,0,-4,-141
1767172693.3092382,0,-4,-141
1767172693.3192382,1,-6,-134
1767172693.3292382,1,-8,-136
1767172693.3392382,-1,-10,-141
1767172693.3492382,0,-10,-143
1767172693.359238,-4,-9,-148
1767172693.369238,-5,-10,-144
1767172693.379238,-8,-10,-142
1767172693.389238,-6,-9,-142
1767172693.399238,-4,-6,-138
1767172693.409238,-6,-5,-135
1767172693.419238,-4,-2,-136
1767172693.429238,-3,-5,-137
1767172693.439238,-6,-7,-137
1767172693.449238,-5,-5,-138
1767172693.459238,-6,-6,-142
1767172693.469238,-4,-6,-146
1767172693.4792385,-3,-6,-139
1767172693.4892385,-4,-4,-136
1767172693.4992385,-8,-3,-129
1767172693.5092382,-9,-5,-131
1767172693.5192382,-5,-3,-136
1767172693.5292382,-6,0,-137
1767172693.5392382,-5,-1,-135
1767172693.5492382,-8,0,-133
1767172693.5592382,-10,-4,-133
1767172693.5692382,-11,-4,-131
1767172693.5792382,-10,-3,-131
1767172693.5892382,-9,-6,-136
1767172693.5992382,-7,-5,-135
1767172693.609238,-3,-4,-134
1767172693.619238,0,-6,-139
1767172693.629238,1,-7,-138
1767172693.639238,0,-3,-135
1767172693.649238,2,-2,-135
1767172693.659238,3,0,-134
1767172693.669238,-1,8,-131
1767172693.679238,0,8,-132
1767172693.689238,-4,10,-138
1767172693.699238,-3,8,-136
1767172693.709238,-3,8,-142
1767172693.719238,0,8,-144
1767172693.7292385,-2,4,-138
1767172693.7392385,-7,0,-134
1767172693.7492385,-5,0,-135
1767172693.7592382,-6,0,-134
1767172693.7692382,-4,-1,-140
1767172693.7792382,-2,-6,-140
1767172693.7892382,-4,-4,-134
1767172693.7992382,-2,-5,-128
1767172693.8092382,1,-5,-134
1767172693.8192382,0,-8,-134
1767172693.8292382,3,-8,-130
1767172693.8392382,-1,-5,-134
1767172693.8492382,-2,-3,-131
1767172693.859238,0,-5,-136
1767172693.869238,1,-9,-144
1767172693.879238,0,-8,-143
1767172693.889238,0,-5,-138
1767172693.899238,1,-5,-132
1767172693.909238,3,-5,-131
1767172693.919238,1,-4,-124
1767172693.929238,-1,-3,-131
1767172693.939238,-6,1,-125
1767172693.949238,-9,1,-124
1767172693.959238,-9,1,-127
1767172693.969238,-3,4,-129
1767172693.9792385,-3,2,-134
1767172693.9892385,-6,4,-132
1767172693.9992385,-3,0,-128
1767172694.0092382,-3,-3,-130
1767172694.0192382,-4,-7,-129
1767172694.041238,-6,-2,-139
1767172694.0492382,-5,-5,-141
1767172694.0592382,-1,-10,-134
1767172694.0692382,0,-5,-131
1767172694.0792382,3,-4,-134
1767172694.0892382,1,-3,-134
1767172694.0992382,3,-6,-129
1767172694.109238,2,-8,-133
1767172694.119238,-2,-5,-131
1767172694.129238,-6,-6,-130
1767172694.139238,-7,-5,-130
1767172694.149238,-5,-5,-119
1767172694.159238,-4,-7,-121
1767172694.169238,0,-6,-122
1767172694.179238,1,-5,-129
1767172694.189238,1,-7,-131
1767172694.199238,0,-8,-128
1767172694.209238,-4,-7,-129
1767172694.219238,-2,-9,-129
1767172694.2292385,-3,-9,-131
1767172694.2392385,1,-12,-131
1767172694.2492385,2,-12,-138
1767172694.2592382,1,-13,-140
1767172694.2692382,2,-13,-140
1767172694.2792382,0,-8,-139
1767172694.2892382,0,-7,-134
1767172694.2992382,1,-4,-139
1767172694.3092382,4,-4,-135
1767172694.3192382,2,-2,-134
1767172694.3292382,-1,0,-137
1767172694.3392382,-1,0,-131
1767172694.3492382,-2,-2,-131
1767172694.359238,-2,-1,-136
1767172694.369238,-1,1,-135
1767172694.379238,-4,4,-136
1767172694.389238,-5,1,-136
1767172694.399238,-5,0,-138
1767172694.409238,-4,1,-139
1767172694.419238,0,-1,-139
1767172694.429238,1,-2,-127
1767172694.439238,1,-3,-124
1767172694.449238,0,0,-124
1767172694.459238,-4,1,-131
1767172694.469238,0,5,-127
1767172694.4792385,2,5,-129
1767172694.4892385,2,2,-128
1767172694.4992385,0,2,-134
1767172694.5092382,-3,2,-131
1767172694.5192382,-2,0,-128
1767172694.5292382,-3,-1,-126
1767172694.540238,-4,-4,-123
1767172694.5492382,-1,-2,-124
1767172694.5592382,0,0,-130
1767172694.5692382,1,0,-132
1767172694.580238,0,-1,-126
1767172694.590238,0,-5,-127
1767172694.600238,-5,-4,-128
1767172694.610238,-10,-3,-132
1767172694.620238,-7,-4,-139
1767172694.630238,-4,-4,-147
1767172694.640238,-3,-5,-145
1767172694.650238,-4,-4,-147
1767172694.6602385,-6,-4,-149
1767172694.6702385,-8,-3,-149
1767172694.6802382,-8,-3,-140
1767172694.6902382,-7,-1,-134
1767172694.7002382,-5,0,-136
1767172694.7102382,-2,2,-135
1767172694.7202382,-4,4,-142
1767172694.7302382,-2,2,-144
1767172694.7402382,0,2,-142
1767172694.7502382,2,1,-138
1767172694.7602382,0,4,-141
1767172694.7702382,4,3,-139
1767172694.7802382,5,1,-135
1767172694.790238,6,2,-136
1767172694.800238,4,0,-132
1767172694.810238,-2,-3,-136
1767172694.820238,-2,-4,-134
1767172694.830238,-1,-3,-136
1767172694.840238,-3,-7,-129
1767172694.850238,-2,-4,-135
1767172694.860238,-3,-3,-137
1767172694.870238,-5,0,-144
1767172694.880238,-5,2,-145
1767172694.890238,-1,2,-140
1767172694.900238,0,3,-140
1767172694.9102385,0,1,-146
1767172694.9202385,2,3,-145
1767172694.9302382,0,2,-147
1767172694.9402382,-3,0,-142
1767172694.9502382,-3,0,-137
1767172694.9602382,-5,-1,-139
1767172694.9702382,-4,0,-143
1767172694.9802382,0,-3,-146
1767172694.9902382,3,-10,-142
1767172695.0002382,1,-8,-139
1767172695.0102382,3,-6,-144
1767172695.0202382,2,-5,-142
1767172695.0302382,2,-4,-143
1767172695.040238,1,-8,-141
1767172695.050238,2,-7,-141
1767172695.060238,5,-9,-146
1767172695.070238,0,-8,-140
1767172695.080238,-1,-5,-141
1767172695.090238,3,-3,-136
1767172695.100238,0,-2,-134
1767172695.110238,2,-1,-130
1767172695.120238,5,0,-130
1767172695.130238,9,0,-134
1767172695.140238,1,0,-131
1767172695.150238,-4,-2,-129
1767172695.1602385,-3,0,-133
1767172695.1702385,-2,-2,-139
1767172695.1802382,-3,0,-136
1767172695.1902382,-5,-1,-134
1767172695.2002382,-4,-3,-131
1767172695.2102382,-5,0,-126
1767172695.2202382,-4,0,-125
1767172695.2302382,-2,-2,-130
1767172695.2402382,-4,-3,-126
1767172695.2502382,-1,-5,-127
1767172695.2602382,-6,-4,-133
1767172695.2702382,0,-3,-133
1767172695.2802382,-3,-2,-132
1767172695.290238,-5,-1,-133
1767172695.300238,-9,0,-133
1767172695.310238,-8,2,-134
1767172695.320238,-6,5,-135
1767172695.330238,0,1,-140
1767172695.340238,0,-3,-138
1767172695.350238,1,-6,-140
1767172695.360238,4,-4,-135
1767172695.370238,1,-4,-136
1767172695.380238,2,-3,-135
1767172695.390238,0,-5,-129
1767172695.400238,-2,-6,-134
1767172695.4102385,0,-1,-129
1767172695.4202385,1,-1,-131
1767172695.4302382,0,0,-136
1767172695.4402382,-2,-4,-134
1767172695.4502382,-3,0,-136
1767172695.4602382,0,-4,-139
1767172695.4702382,0,-3,-138
1767172695.4802382,0,-5,-134
1767172695.4902382,2,-5,-131
1767172695.5002382,2,-5,-134
1767172695.5102382,6,-5,-141
1767172695.5202382,5,-8,-142
1767172695.5302382,2,-6,-143
1767172695.540238,3,0,-140
1767172695.550238,0,2,-140
1767172695.560238,-2,3,-137
1767172695.570238,-6,3,-136
1767172695.580238,-1,-1,-136
1767172695.590238,-3,-5,-132
1767172695.600238,-3,-4,-131
1767172695.610238,1,-9,-131
1767172695.620238,-3,-6,-128
1767172695.630238,-4,-2,-133
1767172695.640238,-3,-1,-136
1767172695.650238,0,-5,-143
1767172695.6602385,2,-9,-141
1767172695.6702385,0,-9,-145
1767172695.6802382,9,-7,-141
1767172695.6902382,5,-6,-138
1767172695.7002382,5,-3,-132
1767172695.7102382,4,-7,-127
1767172695.7202382,7,-9,-128
1767172695.7302382,13,-8,-127
1767172695.7402382,12,-8,-136
1767172695.7502382,8,-3,-133
1767172695.7602382,8,-7,-127
1767172695.7702382,9,-6,-132
1767172695.7802382,6,-5,-126
1767172695.790238,6,-5,-125
1767172695.800238,1,-5,-131
1767172695.810238,0,-2,-137
1767172695.820238,-2,0,-138
1767172695.830238,-4,1,-135
1767172695.840238,-3,1,-137
1767172695.850238,-2,0,-137
1767172695.860238,-1,-1,-138
1767172695.870238,-1,-1,-138
1767172695.880238,-4,3,-140
1767172695.890238,-1,5,-143
1767172695.900238,1,5,-139
1767172695.9102385,-6,1,-135
1767172695.9202385,-6,-1,-131
1767172695.9302382,-6,-2,-127
1767172695.9402382,-5,0,-128
1767172695.9502382,-5,0,-131
1767172695.9602382,-2,-2,-133
1767172695.9702382,1,-4,-133
1767172695.9802382,1,-7,-140
1767172695.9902382,1,-8,-142
1767172696.0002382,1,-9,-134
1767172696.0102382,1,-8,-132
1767172696.0202382,0,-5,-133
1767172696.0302382,1,0,-134
1767172696.040238,-1,1,-134
1767172696.050238,-1,4,-137
1767172696.060238,-3,0,-137
1767172696.070238,-1,0,-144
1767172696.080238,0,-4,-138
1767172696.090238,3,-4,-138
1767172696.100238,-1,-1,-142
1767172696.110238,-2,-2,-139
1767172696.120238,-2,-5,-133
1767172696.130238,-1,-7,-131
1767172696.140238,0,-5,-129
1767172696.150238,-3,0,-132
1767172696.1602385,-7,0,-134
1767172696.1702385,-6,1,-132
1767172696.1802382,-5,1,-131
1767172696.1902382,-2,0,-133
1767172696.2002382,1,-1,-135
1767172696.2102382,7,-1,-136
1767172696.2202382,3,-1,-138
1767172696.2302382,0,0,-138
1767172696.2402382,2,3,-141
1767172696.2502382,2,0,-142
1767172696.2602382,-4,-1,-137
1767172696.2702382,0,-3,-140
1767172696.2802382,0,-6,-133
1767172696.290238,0,-7,-127
1767172696.300238,1,-5,-129
1767172696.310238,0,-4,-133
1767172696.320238,0,-4,-133
1767172696.330238,0,-2,-139
1767172696.340238,1,-6,-132
1767172696.350238,3,-3,-127
1767172696.360238,-1,-4,-134
1767172696.370238,-4,-8,-137
1767172696.380238,0,-6,-138
1767172696.390238,4,0,-137
1767172696.400238,5,-5,-138
1767172696.4102385,3,-9,-142
1767172696.4202385,2,-9,-143
1767172696.4302382,3,-3,-153
1767172696.4402382,2,-4,-160
1767172696.4502382,5,-2,-156
1767172696.4602382,0,-4,-150
1767172696.4702382,0,0,-149
1767172696.4802382,3,4,-148
1767172696.4902382,1,2,-146
1767172696.5002382,2,1,-143
1767172696.5102382,3,1,-141
1767172696.5202382,0,1,-132
1767172696.5302382,-1,0,-129
1767172696.540238,1,3,-126
1767172696.550238,0,2,-128
1767172696.560238,0,2,-134
1767172696.570238,1,3,-137
1767172696.580238,1,3,-136
1767172696.590238,-2,4,-134
1767172696.600238,-2,6,-133
1767172696.610238,-7,4,-129
1767172696.620238,-7,0,-132
1767172696.630238,-6,0,-134
1767172696.640238,-6,1,-131
1767172696.650238,-1,0,-129
1767172696.6602385,0,-5,-131
1767172696.6702385,-3,-2,-138
1767172696.6802382,-1,-2,-140
1767172696.6902382,-2,0,-139
1767172696.7002382,-2,0,-140
1767172696.7102382,-1,-4,-137
1767172696.7202382,2,-5,-137
1767172696.7302382,0,-4,-137
1767172696.7402382,-1,-1,-137
1767172696.7502382,-1,-1,-134
1767172696.7602382,-1,-1,-142
1767172696.7702382,1,-1,-136
1767172696.7802382,-2,-2,-130
1767172696.790238,-5,0,-131
1767172696.800238,-7,1,-135
1767172696.810238,-4,0,-133
1767172696.820238,0,-2,-134
1767172696.830238,-5,-3,-137
1767172696.840238,-6,-5,-139
1767172696.850238,-3,-7,-138
1767172696.860238,1,-8,-130
1767172696.870238,5,-9,-134
1767172696.880238,3,-9,-139
1767172696.890238,0,-6,-139
1767172696.900238,0,-2,-137
1767172696.9102385,2,-3,-134
1767172696.9202385,6,-5,-134
1767172696.9302382,4,-7,-138
1767172696.9402382,2,-4,-140
1767172696.9502382,0,-5,-142
1767172696.9602382,3,-6,-137
1767172696.9702382,2,-8,-134
1767172696.9802382,3,-7,-139
1767172696.9902382,2,-7,-138
1767172697.0002382,1,-6,-139
1767172697.0102382,2,-4,-132
1767172697.0202382,7,-4,-136
1767172697.0302382,9,-8,-135
1767172697.040238,9,-11,-140
1767172697.050238,2,-5,-140
1767172697.060238,2,-2,-139
1767172697.070238,1,0,-139
1767172697.080238,0,-1,-145
1767172697.090238,0,0,-147
1767172697.100238,1,1,-142
1767172697.110238,0,1,-139
1767172697.120238,1,0,-147
1767172697.130238,3,-1,-146
1767172697.140238,0,-4,-144
1767172697.150238,-3,-4,-141
1767172697.1602385,-2,1,-137
1767172697.1712382,-1,0,-135
1767172697.1812382,0,-3,-135
1767172697.1912382,-3,-8,-141
1767172697.2012382,-1,-8,-137
1767172697.211238,-8,-5,-139
1767172697.221238,-12,-3,-140
1767172697.231238,-10,-6,-137
1767172697.241238,-10,-4,-131
1767172697.251238,-8,-2,-136
1767172697.261238,-6,-4,-136
1767172697.271238,0,-7,-138
1767172697.281238,5,-8,-139
1767172697.291238,2,-6,-136
1767172697.301238,1,-3,-136
1767172697.311238,4,-5,-136
1767172697.321238,1,-5,-139
1767172697.3312385,3,-4,-137
1767172697.3412385,0,0,-132
1767172697.3512385,1,1,-134
1767172697.3612382,1,1,-131
1767172697.3712382,-1,-1,-128
1767172697.3812382,-2,-3,-124
1767172697.3912382,-6,-4,-124
1767172697.4012382,-6,-1,-128
1767172697.4112382,-5,0,-127
1767172697.4212382,-4,2,-129
1767172697.4312382,-4,2,-128
1767172697.4412382,-1,3,-131
1767172697.4512382,-7,-1,-135
1767172697.461238,-6,-2,-136
1767172697.471238,1,0,-131
1767172697.481238,4,0,-131
1767172697.491238,3,-2,-133
1767172697.501238,5,-1,-130
1767172697.511238,3,0,-137
1767172697.521238,3,-4,-142
1767172697.531238,2,-2,-137
1767172697.541238,0,-4,-141
1767172697.551238,4,-2,-142
1767172697.561238,4,0,-137
1767172697.571238,2,-2,-138
1767172697.5812385,2,-4,-131
1767172697.5912385,7,-4,-125
1767172697.6012385,5,-5,-127
1767172697.6112382,3,-7,-133
1767172697.6212382,1,-7,-128
1767172697.6312382,4,0,-131
1767172697.6412382,4,0,-134
1767172697.6512382,4,0,-139
1767172697.6612382,5,0,-136
1767172697.6712382,4,-5,-136
1767172697.6812382,1,-9,-131
1767172697.6912382,-1,-9,-132
1767172697.7012382,-3,-3,-136
1767172697.711238,-1,-1,-144
1767172697.721238,0,-6,-133
1767172697.731238,-1,-12,-136
1767172697.741238,-1,-8,-136
1767172697.751238,-4,-7,-133
1767172697.761238,-3,-6,-138
1767172697.771238,-6,-1,-140
1767172697.781238,-9,-2,-142
1767172697.791238,-5,0,-136
1767172697.801238,0,0,-129
1767172697.811238,-4,0,-128
1767172697.821238,0,1,-132
1767172697.8312385,-1,0,-128
1767172697.8412385,3,0,-125
1767172697.8512385,6,3,-131
1767172697.8612382,6,4,-134
1767172697.8712382,8,4,-140
1767172697.8812382,6,5,-145
1767172697.8912382,3,5,-143
1767172697.9012382,2,4,-136
1767172697.9112382,0,-2,-137
1767172697.9212382,-1,-1,-134
1767172697.9312382,1,-2,-134
1767172697.9412382,3,-2,-136
1767172697.9512382,4,-5,-141
1767172697.961238,5,-6,-136
1767172697.971238,4,-6,-140
1767172697.981238,2,-4,-140
1767172697.991238,5,-5,-142
1767172698.001238,2,-3,-133
1767172698.011238,0,0,-137
1767172698.021238,0,0,-137
1767172698.031238,0,-2,-132
1767172698.041238,0,1,-141
1767172698.051238,-2,5,-134
1767172698.061238,0,6,-130
1767172698.071238,3,5,-132
1767172698.0812385,0,4,-125
1767172698.0912385,1,5,-122
1767172698.1012385,0,5,-124
1767172698.1112382,3,2,-127
1767172698.1212382,2,-1,-133
1767172698.1312382,2,-4,-138
1767172698.1412382,0,-7,-134
1767172698.1512382,0,-4,-137
1767172698.1612382,-1,0,-134
1767172698.1712382,-7,-1,-136
1767172698.1812382,-6,0,-135
1767172698.1912382,-6,-3,-138
1767172698.2012382,-8,-3,-135
1767172698.211238,-9,-5,-130
1767172698.221238,-5,-2,-130
1767172698.231238,-7,-1,-133
1767172698.241238,-5,-2,-139
1767172698.251238,-2,-5,-137
1767172698.261238,5,-3,-138
1767172698.271238,3,-3,-142
1767172698.281238,5,-2,-145
1767172698.291238,7,-3,-142
1767172698.301238,3,-4,-145
1767172698.311238,0,-2,-148
1767172698.321238,0,0,-142
1767172698.3312385,0,0,-138
1767172698.3412385,-4,-2,-135
1767172698.3512385,-1,-3,-138
1767172698.3612382,0,-2,-138
1767172698.3712382,3,-2,-132
1767172698.3812382,0,-3,-138
1767172698.3912382,2,-7,-137
1767172698.4012382,8,-6,-134
1767172698.4112382,7,-9,-137
1767172698.4212382,3,-8,-132
1767172698.4312382,5,-8,-134
1767172698.4412382,4,-6,-133
1767172698.4512382,-2,-2,-131
1767172698.461238,-2,-2,-133
1767172698.471238,2,-7,-135
1767172698.481238,-2,-8,-133
1767172698.491238,-4,-5,-130
1767172698.501238,-3,-4,-134
1767172698.511238,-3,0,-140
1767172698.521238,0,-1,-135
1767172698.531238,2,-4,-134
1767172698.541238,1,0,-127
1767172698.551238,4,0,-126
1767172698.561238,3,0,-132
1767172698.571238,6,0,-138
1767172698.5812385,-1,-2,-146
1767172698.5912385,-1,-3,-142
1767172698.6012385,0,-3,-141
1767172698.6112382,5,-2,-141
1767172698.6212382,4,-4,-140
1767172698.6312382,3,-5,-140
1767172698.6412382,0,-7,-135
1767172698.6512382,1,-6,-135
1767172698.6612382,2,-4,-136
1767172698.6712382,-2,-6,-135
1767172698.6812382,0,-4,-133
1767172698.6912382,0,-4,-123
1767172698.7012382,3,-3,-126
1767172698.711238,5,-1,-125
1767172698.721238,5,-2,-125
1767172698.731238,2,0,-128
1767172698.741238,0,0,-133
1767172698.751238,1,-2,-134
1767172698.761238,3,0,-136
1767172698.771238,2,1,-138
1767172698.781238,1,-2,-146
1767172698.791238,-1,-4,-136
1767172698.801238,2,-3,-139
1767172698.811238,2,-5,-150
1767172698.821238,2,-5,-146
1767172698.8312385,5,0,-145
1767172698.8412385,0,0,-140
1767172698.8512385,3,-2,-139
1767172698.8612382,-2,-4,-137
1767172698.8712382,-1,-3,-140
1767172698.8812382,-2,-4,-140
1767172698.8912382,-1,-2,-134
1767172698.9012382,0,0,-132
1767172698.9112382,-1,0,-133
1767172698.9212382,-1,-1,-130
1767172698.9312382,-5,-4,-126
1767172698.9412382,-2,-6,-128
1767172698.9512382,-3,-3,-131
1767172698.961238,-2,-3,-130
1767172698.971238,-3,-5,-134
1767172698.981238,-4,-4,-136
1767172698.991238,-2,-4,-133
1767172699.001238,-3,-4,-132
1767172699.011238,-5,-6,-127
1767172699.021238,-3,-8,-130
1767172699.031238,4,-6,-128
1767172699.0532382,3,-7,-129
1767172699.061238,5,-7,-126
1767172699.071238,5,-6,-128
1767172699.0812385,1,-2,-132
1767172699.0912385,5,-1,-135
1767172699.1012385,5,-3,-140
1767172699.1112382,4,-2,-141
1767172699.1212382,5,-6,-143
1767172699.1312382,3,-7,-142
1767172699.1412382,4,-3,-136
1767172699.1512382,0,-3,-127
1767172699.1612382,0,0,-122
1767172699.1712382,-4,1,-125
1767172699.1812382,-6,-1,-132
1767172699.1912382,-3,-4,-133
1767172699.2012382,-6,-6,-131
1767172699.211238,-3,-1,-126
1767172699.221238,-3,-2,-129
1767172699.231238,0,-4,-129
1767172699.241238,-2,-2,-134
1767172699.251238,-5,-5,-132
1767172699.261238,-4,-3,-126
1767172699.271238,0,-4,-131
1767172699.281238,-1,-1,-131
1767172699.291238,0,3,-139
1767172699.301238,0,0,-141
1767172699.311238,-1,-2,-134
1767172699.321238,4,-2,-137
1767172699.3312385,3,-6,-139
1767172699.3412385,4,-8,-131
1767172699.3512385,0,-7,-131
1767172699.3612382,-4,-5,-130
1767172699.3712382,-4,-5,-135
1767172699.3812382,-3,-3,-142
1767172699.3912382,0,-2,-141
1767172699.4012382,1,-3,-138
1767172699.4112382,2,-7,-134
1767172699.4212382,0,-7,-135
1767172699.4312382,1,-4,-133
1767172699.4412382,6,-1,-127
1767172699.4512382,0,-3,-133
1767172699.461238,-6,0,-136
1767172699.471238,-3,0,-142
1767172699.481238,-3,1,-137
1767172699.491238,0,4,-141
1767172699.501238,1,0,-140
1767172699.511238,3,-2,-138
1767172699.521238,5,-4,-140
1767172699.531238,-1,-5,-140
1767172699.541238,-3,-3,-135
1767172699.551238,-3,-2,-135
1767172699.561238,-2,-1,-136
1767172699.571238,-4,-1,-141
1767172699.5812385,-3,-1,-142
1767172699.5912385,1,-3,-149
1767172699.6012385,5,-3,-153
1767172699.6112382,5,-1,-151
1767172699.6212382,7,1,-145
1767172699.6312382,5,0,-140
1767172699.6412382,5,-1,-131
1767172699.6512382,4,-1,-131
1767172699.6612382,1,0,-138
1767172699.6712382,0,-1,-140
1767172699.6812382,1,-5,-144
1767172699.6912382,4,-5,-151
1767172699.7012382,4,-6,-147
1767172699.711238,3,-9,-142
1767172699.721238,0,-8,-142
1767172699.732238,2,-5,-143
1767172699.742238,0,-6,-140
1767172699.752238,-2,-6,-144
1767172699.7622385,1,-4,-137
1767172699.7722385,1,1,-130
1767172699.7822382,3,1,-132
1767172699.7922382,4,-1,-133
1767172699.8022382,4,0,-131
1767172699.8122382,0,-3,-135
1767172699.8222382,-1,-4,-142
1767172699.8322382,2,1,-142
1767172699.8422382,2,2,-142
1767172699.8522382,3,0,-143
1767172699.8622382,2,-2,-143
1767172699.8722382,3,-1,-144
1767172699.882238,5,-1,-145
1767172699.892238,3,2,-137
1767172699.902238,6,3,-132
1767172699.912238,5,0,-134
1767172699.922238,-1,-3,-141
1767172699.932238,-3,-7,-143
1767172699.942238,-5,-9,-140
1767172699.952238,-7,-7,-137
1767172699.962238,-4,-7,-138
1767172699.972238,-7,-6,-138
1767172699.982238,-9,-8,-136
1767172699.992238,-9,-6,-133
1767172700.002238,-8,-6,-133
1767172700.0122385,-9,-3,-131
1767172700.0222385,-10,-8,-141
1767172700.0322382,-4,-9,-140
1767172700.0422382,-2,-6,-136
1767172700.0522382,-6,-6,-136
1767172700.0622382,-8,-5,-137
1767172700.0722382,-7,-5,-131
1767172700.0822382,-7,-7,-132
1767172700.0922382,-9,-10,-136
1767172700.1022382,-7,-3,-134
1767172700.1122382,-4,0,-128
1767172700.1222382,-1,-3,-135
1767172700.132238,0,-1,-133
1767172700.142238,0,2,-130
1767172700.152238,-2,1,-130
1767172700.162238,-3,3,-130
1767172700.172238,-5,0,-132
1767172700.182238,-7,0,-129
1767172700.192238,-3,-1,-128
1767172700.202238,-5,-1,-132
1767172700.212238,-4,-2,-133
1767172700.222238,-1,-2,-127
1767172700.232238,0,-1,-131
1767172700.242238,-1,-4,-128
1767172700.252238,-1,-4,-126
1767172700.2622385,0,-4,-122
1767172700.2722385,1,-2,-121
1767172700.2822382,3,-1,-126
1767172700.2922382,6,0,-127
1767172700.3022382,7,3,-127
1767172700.3122382,7,0,-128
1767172700.3222382,6,0,-129
1767172700.3322382,5,4,-132
1767172700.3422382,-3,4,-131
1767172700.3522382,-5,7,-133
1767172700.3622382,-12,8,-130
1767172700.3722382,-11,6,-134
1767172700.382238,-6,6,-144
1767172700.392238,-3,4,-146
1767172700.402238,-6,3,-150
1767172700.412238,-2,2,-140
1767172700.422238,-1,3,-137
1767172700.432238,-2,4,-131
1767172700.442238,-2,3,-133
1767172700.452238,-5,1,-135
1767172700.462238,-4,2,-134
1767172700.472238,-2,1,-133
1767172700.482238,0,0,-138
1767172700.492238,-2,1,-139
1767172700.502238,-1,-1,-139
1767172700.5122385,-1,-4,-135
1767172700.5222385,0,-3,-135
1767172700.5322382,-1,-2,-134
1767172700.5422382,0,1,-131
1767172700.5522382,0,3,-138
1767172700.5622382,-2,3,-133
1767172700.5722382,0,2,-135
1767172700.5822382,1,1,-141
1767172700.5922382,0,1,-137
1767172700.6022382,1,2,-128
1767172700.6122382,0,0,-127
1767172700.6222382,-1,1,-130
1767172700.632238,-2,-3,-132
1767172700.642238,-4,-5,-133
1767172700.652238,-5,-8,-130
1767172700.662238,-6,-5,-132
1767172700.672238,-4,-6,-130
1767172700.682238,-3,-3,-131
1767172700.692238,-3,-3,-127
1767172700.702238,0,-4,-131
1767172700.712238,2,-5,-129
1767172700.722238,5,-4,-123
1767172700.732238,0,-6,-119
1767172700.742238,0,0,-116
1767172700.752238,0,0,-122
1767172700.7622385,0,-2,-126
1767172700.7722385,0,-5,-129
1767172700.7822382,0,-5,-126
1767172700.7922382,-5,-3,-129
1767172700.8022382,-7,0,-128
1767172700.8122382,-2,0,-128
1767172700.8222382,0,1,-128
1767172700.8322382,3,0,-134
1767172700.8422382,-5,-2,-140
1767172700.8522382,-2,0,-144
1767172700.8622382,0,0,-142
1767172700.8722382,-2,-2,-144
1767172700.882238,0,-2,-146
1767172700.892238,0,-3,-140
1767172700.902238,3,-3,-136
1767172700.912238,0,-3,-141
1767172700.922238,0,-1,-143
1767172700.932238,0,-4,-140
1767172700.942238,1,0,-135
1767172700.952238,5,-3,-133
1767172700.962238,3,-3,-131
1767172700.972238,2,-1,-127
1767172700.982238,-2,-2,-132
1767172700.992238,-1,-2,-133
1767172701.002238,-2,-2,-128
1767172701.0122385,0,-1,-126
1767172701.0222385,0,-1,-123
1767172701.0322382,-1,-3,-126
1767172701.0422382,0,-2,-129
1767172701.0522382,1,-1,-129
1767172701.0622382,4,-3,-132
1767172701.0722382,2,-1,-135
1767172701.0822382,0,0,-139
1767172701.0922382,-1,1,-144
1767172701.1022382,-3,0,-144
1767172701.1122382,0,2,-142
1767172701.1222382,4,2,-144
1767172701.132238,4,3,-139
1767172701.142238,3,1,-137
1767172701.152238,3,2,-142
1767172701.162238,1,3,-135
1767172701.172238,-3,5,-134
1767172701.182238,-4,4,-133
1767172701.192238,0,3,-134
1767172701.202238,1,3,-139
1767172701.212238,4,3,-138
1767172701.222238,5,0,-134
1767172701.232238,2,1,-138
1767172701.242238,2,4,-145
1767172701.252238,3,3,-136
1767172701.2622385,-2,5,-140
1767172701.2722385,0,1,-135
1767172701.2822382,4,0,-134
1767172701.2922382,7,0,-133
1767172701.3022382,6,-3,-137
1767172701.3122382,4,-4,-135
1767172701.3222382,1,-5,-124
1767172701.3322382,4,-5,-125
1767172701.3422382,8,-4,-128
1767172701.3522382,11,-5,-131
1767172701.3622382,8,-3,-131
1767172701.3722382,6,-3,-134
1767172701.382238,6,-7,-135
1767172701.392238,4,-7,-133
1767172701.402238,5,-5,-133
1767172701.412238,7,-5,-131
1767172701.422238,7,-4,-132
1767172701.432238,8,-2,-129
1767172701.442238,9,-1,-126
1767172701.452238,6,0,-131
1767172701.462238,3,0,-138
1767172701.472238,1,-3,-140
1767172701.482238,0,-2,-140
1767172701.492238,0,0,-141
1767172701.502238,0,-4,-136
1767172701.5122385,-2,-3,-134
1767172701.5222385,0,-6,-142
1767172701.5322382,-1,-4,-145
1767172701.5422382,1,0,-142
1767172701.5522382,-1,-6,-145
1767172701.5622382,4,-4,-141
1767172701.5722382,2,-4,-148
1767172701.5822382,4,-8,-143
1767172701.5922382,5,-5,-136
1767172701.6022382,5,-3,-141
1767172701.6122382,0,-5,-142
1767172701.6222382,0,-4,-146
1767172701.632238,0,-3,-138
1767172701.642238,0,-2,-139
1767172701.652238,0,0,-142
1767172701.662238,-3,2,-133
1767172701.672238,0,2,-135
1767172701.682238,-1,2,-141
1767172701.692238,0,5,-131
1767172701.702238,4,2,-135
1767172701.712238,7,5,-134
1767172701.722238,5,4,-133
1767172701.732238,3,0,-129
1767172701.742238,3,-2,-135
1767172701.752238,0,0,-132
1767172701.7622385,-2,1,-128
1767172701.7722385,1,-1,-128
1767172701.7822382,-1,0,-129
1767172701.7922382,-1,0,-128
1767172701.8022382,-5,0,-129
1767172701.8122382,-9,0,-135
1767172701.8222382,-5,0,-137
1767172701.8322382,-5,-3,-135
1767172701.8422382,0,-1,-131
1767172701.8522382,-1,-4,-132
1767172701.8622382,1,-1,-132
1767172701.8722382,0,0,-133
1767172701.882238,-2,2,-134
1767172701.892238,-4,-2,-138
1767172701.902238,-5,-2,-143
1767172701.912238,-5,-3,-140
1767172701.922238,-1,-4,-134
1767172701.932238,-1,-4,-132
1767172701.942238,-1,0,-133
1767172701.952238,-3,-1,-130
1767172701.962238,-1,-2,-125
1767172701.972238,-2,0,-128
1767172701.982238,0,0,-131
1767172701.992238,0,-4,-136
1767172702.002238,-1,-3,-131
1767172702.0122385,-5,-4,-128
1767172702.0222385,-3,-3,-130
1767172702.0322382,-7,-1,-130
1767172702.0422382,-5,0,-141
1767172702.0522382,-2,0,-140
1767172702.0622382,0,-2,-131
1767172702.0722382,0,-6,-122
1767172702.0822382,-2,-4,-119
1767172702.0922382,-1,-4,-121
1767172702.1022382,-5,-8,-117
1767172702.1122382,-1,-5,-119
1767172702.1222382,-2,-6,-123
1767172702.132238,-2,-9,-130
1767172702.142238,-1,-12,-132
1767172702.152238,0,-4,-137
1767172702.162238,5,-6,-140
1767172702.172238,7,-9,-143
1767172702.182238,9,-5,-144
1767172702.192238,5,-6,-141
1767172702.202238,2,-9,-147
1767172702.212238,0,-8,-143
1767172702.222238,-1,-3,-143
1767172702.232238,-2,0,-137
1767172702.242238,-2,0,-131
1767172702.252238,2,1,-129
1767172702.2622385,2,0,-134
1767172702.2732382,0,-5,-135
1767172702.2822382,-3,-8,-137
1767172702.2922382,-3,-7,-137
1767172702.3022382,0,-1,-140
1767172702.313238,1,0,-139
1767172702.323238,2,-5,-137
1767172702.333238,4,-4,-143
1767172702.3422382,1,-3,-145
1767172702.353238,0,-3,-144
1767172702.363238,0,-5,-147
1767172702.373238,0,-6,-141
1767172702.383238,-3,-5,-141
1767172702.393238,-3,-7,-142
1767172702.403238,-4,-7,-131
1767172702.413238,-4,-6,-132
1767172702.423238,-1,-5,-135
1767172702.4332385,3,-5,-137
1767172702.4432385,7,-6,-139
1767172702.4532382,0,-5,-136
1767172702.4632382,1,-4,-136
1767172702.4732382,0,-2,-136
1767172702.484238,0,-4,-134
1767172702.4932382,-1,-4,-135
1767172702.5032382,0,-6,-133
1767172702.5132382,2,-6,-136
1767172702.5232382,0,-4,-135
1767172702.5332382,-1,-1,-138
1767172702.5432382,-4,0,-138
1767172702.5532382,-2,-2,-137
1767172702.563238,-1,-2,-134
1767172702.573238,1,0,-133
1767172702.583238,0,-1,-129
1767172702.593238,-2,-3,-125
1767172702.603238,-5,-7,-132
1767172702.613238,-2,-7,-130
1767172702.623238,-2,-6,-122
1767172702.633238,-5,-2,-124
1767172702.643238,-3,0,-127
1767172702.653238,5,0,-132
1767172702.663238,6,-3,-133
1767172702.673238,4,-2,-136
1767172702.6832385,1,-3,-141
1767172702.6932385,2,-3,-141
1767172702.7032382,2,0,-133
1767172702.7132382,-3,1,-136
1767172702.7232382,-2,0,-129
1767172702.7332382,3,-2,-131
1767172702.7432382,0,-5,-124
1767172702.7532382,0,-5,-127
1767172702.7632382,3,-2,-128
1767172702.7732382,7,-2,-132
1767172702.7832382,10,-3,-136
1767172702.7932382,9,-3,-145
1767172702.8032382,3,-1,-144
1767172702.813238,7,0,-137
1767172702.823238,5,-2,-137
1767172702.833238,5,-3,-135
1767172702.843238,8,-7,-135
1767172702.853238,5,-9,-133
1767172702.863238,5,-3,-135
1767172702.873238,5,0,-141
1767172702.883238,4,-1,-142
1767172702.893238,3,-5,-134
1767172702.903238,1,-2,-132
1767172702.913238,0,-5,-129
1767172702.923238,4,-4,-127
1767172702.9332385,8,-3,-129
1767172702.9432385,5,-3,-135
1767172702.9532382,4,1,-137
1767172702.9632382,1,0,-132
1767172702.9732382,0,4,-131
1767172702.9832382,-2,0,-137
1767172702.9932382,-3,1,-138
1767172703.0032382,-2,5,-136
1767172703.0132382,-1,5,-135
1767172703.0232382,1,-2,-142
1767172703.0332382,4,-8,-151
1767172703.0432382,1,-10,-147
1767172703.0532382,3,-7,-148
1767172703.063238,3,-3,-145
1767172703.073238,2,-1,-140
1767172703.083238,4,-3,-144
1767172703.093238,2,-4,-143
1767172703.103238,3,-5,-141
1767172703.113238,4,-3,-135
1767172703.123238,1,0,-129
1767172703.133238,2,4,-123
1767172703.143238,5,5,-129
1767172703.153238,0,3,-133
1767172703.163238,0,2,-126
1767172703.173238,0,5,-125
1767172703.1832385,0,3,-124
1767172703.1932385,-3,0,-129
1767172703.2032382,0,-1,-133
1767172703.2132382,0,0,-137
1767172703.2232382,-1,4,-138
1767172703.2332382,-1,3,-136
1767172703.2432382,5,1,-136
1767172703.2532382,7,-2,-138
1767172703.2632382,3,-2,-140
1767172703.2732382,-1,-2,-139
1767172703.2832382,0,0,-138
1767172703.2932382,1,2,-140
1767172703.3032382,2,2,-136
1767172703.313238,4,-1,-133
1767172703.323238,3,-4,-132
1767172703.333238,1,-3,-127
1767172703.343238,0,-2,-132
1767172703.353238,0,-1,-131
1767172703.363238,1,-2,-128
1767172703.373238,0,-2,-128
1767172703.383238,-2,-1,-133
1767172703.393238,-4,-1,-131
1767172703.403238,-3,-3,-133
1767172703.413238,-1,-5,-124
1767172703.423238,2,-6,-128
1767172703.4332385,1,-4,-132
1767172703.4432385,-2,-5,-130
1767172703.4532382,0,-7,-134
1767172703.4632382,0,-5,-139
1767172703.4732382,0,-5,-136
1767172703.4832382,-1,-2,-135
1767172703.4932382,0,-1,-133
1767172703.5032382,0,-5,-139
1767172703.5132382,-1,-4,-139
1767172703.5232382,0,-3,-137
1767172703.5332382,-3,-4,-139
1767172703.5432382,0,-2,-143
1767172703.5532382,0,0,-143
1767172703.563238,1,2,-140
1767172703.573238,0,-1,-138
1767172703.583238,-1,-3,-134
1767172703.593238,-3,-2,-131
1767172703.603238,-5,0,-133
1767172703.613238,-5,3,-135
1767172703.623238,-5,1,-138
1767172703.633238,0,0,-137
1767172703.643238,2,0,-135
1767172703.653238,3,-2,-141
1767172703.663238,4,-3,-140
1767172703.673238,3,-4,-145
1767172703.6832385,0,-5,-145
1767172703.6932385,-4,-4,-140
1767172703.7032382,-3,-3,-134
1767172703.7132382,-8,-6,-126
1767172703.7232382,-7,-3,-129
1767172703.7332382,-3,4,-127
1767172703.7432382,-3,3,-131
1767172703.7532382,0,1,-137
1767172703.7632382,-2,-2,-134
1767172703.7732382,-3,0,-132
1767172703.7832382,-1,-1,-134
1767172703.7932382,-6,-2,-132
1767172703.8032382,-2,-3,-138
1767172703.813238,0,1,-142
1767172703.823238,-2,0,-143
1767172703.833238,-3,0,-136
1767172703.843238,-1,-1,-141
1767172703.853238,-1,0,-142
1767172703.863238,-2,0,-139
1767172703.873238,0,0,-136
1767172703.883238,1,2,-131
1767172703.893238,1,3,-131
1767172703.903238,3,0,-134
1767172703.913238,1,1,-137
1767172703.923238,4,1,-126
1767172703.9332385,4,-1,-129
1767172703.9432385,3,1,-132
1767172703.9532382,7,4,-132
1767172703.9632382,0,4,-136
1767172703.9732382,0,1,-136
1767172703.9832382,-1,1,-140
1767172703.9932382,3,1,-139
1767172704.0032382,7,4,-143
1767172704.0132382,6,1,-140
1767172704.0232382,5,-1,-135
1767172704.0332382,5,-1,-138
1767172704.0432382,4,3,-131
1767172704.064238,4,-6,-143
1767172704.073238,0,-6,-135
1767172704.083238,1,-3,-139
1767172704.093238,0,2,-132
1767172704.103238,0,6,-129
1767172704.113238,4,3,-130
1767172704.123238,2,3,-133
1767172704.133238,1,3,-131
1767172704.143238,-1,2,-132
1767172704.153238,3,0,-138
1767172704.163238,2,7,-140
1767172704.173238,-1,5,-139
1767172704.1832385,-1,4,-135
1767172704.1932385,2,0,-136
1767172704.2032382,3,-3,-133
1767172704.2132382,1,0,-127
1767172704.2232382,2,0,-131
1767172704.2332382,-1,1,-130
1767172704.2432382,5,-2,-135
1767172704.2532382,0,-3,-130
1767172704.2632382,1,-5,-127
1767172704.2732382,-1,-4,-134
1767172704.2832382,0,-4,-134
1767172704.2932382,0,-4,-130
1767172704.3032382,-2,-3,-134
1767172704.313238,-4,-2,-132
1767172704.323238,-7,-3,-122
1767172704.333238,-4,-4,-122
1767172704.343238,-7,-3,-124
1767172704.353238,-8,-6,-125
1767172704.363238,-5,-5,-135
1767172704.373238,-2,-2,-133
1767172704.383238,-3,-5,-131
1767172704.393238,-2,-3,-131
1767172704.403238,-6,-3,-133
1767172704.413238,-7,-4,-142
1767172704.423238,-10,-3,-143
1767172704.4332385,-5,-1,-139
1767172704.4432385,-7,2,-132
1767172704.4532382,-5,-1,-136
1767172704.4632382,0,4,-132
1767172704.4732382,0,6,-133
1767172704.4832382,0,2,-137
1767172704.4932382,-4,0,-134
1767172704.5032382,-8,3,-135
1767172704.5132382,-5,1,-141
1767172704.5232382,-1,-1,-140
1767172704.5332382,0,-3,-138
1767172704.5432382,0,-4,-136
1767172704.5532382,3,-5,-131
1767172704.563238,3,0,-131
1767172704.573238,1,3,-127
1767172704.583238,0,3,-127
1767172704.593238,-1,2,-130
1767172704.603238,0,1,-129
1767172704.613238,1,1,-130
1767172704.623238,0,3,-136
1767172704.633238,-3,5,-140
1767172704.643238,-2,2,-137
1767172704.653238,-4,4,-134
1767172704.663238,-2,8,-131
1767172704.673238,0,5,-131
1767172704.6832385,-3,0,-133
1767172704.6932385,-2,-1,-132
1767172704.7032382,0,-3,-127
1767172704.7132382,1,0,-127
1767172704.7232382,-1,-2,-122
1767172704.7332382,1,-1,-126
1767172704.7432382,2,-4,-127
1767172704.7532382,2,-6,-128
1767172704.7632382,5,-6,-135
1767172704.7732382,3,-3,-137
1767172704.7832382,0,-3,-137
1767172704.7932382,0,-1,-139
1767172704.8032382,-1,0,-139
1767172704.813238,1,-1,-140
1767172704.823238,2,-2,-143
1767172704.833238,3,-3,-141
1767172704.843238,6,-6,-144
1767172704.853238,4,-4,-142
1767172704.863238,3,-4,-139
1767172704.873238,2,0,-133
1767172704.883238,-2,-6,-129
1767172704.893238,-7,-4,-130
1767172704.9042382,-6,-5,-133
1767172704.913238,-10,-2,-132
1767172704.9242382,-9,0,-134
1767172704.9342382,-4,-2,-135
1767172704.9442382,0,-4,-133
1767172704.9542382,-4,-7,-131
1767172704.9642382,-7,-5,-132
1767172704.9742382,-4,0,-129
1767172704.984238,-3,-3,-125
1767172704.994238,-8,-2,-130
1767172705.004238,-4,-6,-127
1767172705.014238,-4,-9,-127
1767172705.024238,0,-5,-128
1767172705.034238,-1,-4,-128
1767172705.044238,0,-2,-130
1767172705.054238,1,-1,-137
1767172705.064238,0,0,-137
1767172705.074238,-3,-2,-139
1767172705.084238,-3,-1,-138
1767172705.094238,0,0,-139
1767172705.1042385,1,0,-141
1767172705.1142385,1,0,-147
1767172705.1242385,1,0,-150
1767172705.1342382,-2,-3,-151
1767172705.1442382,-4,0,-145
1767172705.1542382,-5,2,-146
1767172705.1642382,-4,1,-143
1767172705.1742382,-4,0,-136
1767172705.1842382,-5,-1,-141
1767172705.1942382,-4,-5,-141
1767172705.2042382,-8,-3,-140
1767172705.2142382,-5,-7,-136
1767172705.2242382,-4,-4,-137
1767172705.234238,-6,-3,-133
1767172705.244238,-3,-1,-129
1767172705.254238,-1,1,-128
1767172705.264238,-3,1,-125
1767172705.274238,-5,-1,-125
1767172705.284238,-3,0,-130
1767172705.294238,-3,-2,-129
1767172705.304238,0,-3,-135
1767172705.314238,0,-3,-132
1767172705.324238,0,-2,-129
1767172705.334238,-1,-4,-132
1767172705.344238,-4,-8,-132
1767172705.3542385,-3,-8,-133
1767172705.3642385,0,-4,-137
1767172705.3742385,2,-4,-137
1767172705.3842382,1,0,-137
1767172705.3942382,0,-6,-136
1767172705.4042382,4,-7,-141
1767172705.4142382,0,-7,-143
1767172705.4242382,0,-5,-138
1767172705.4342382,-3,-4,-140
1767172705.4442382,-4,-1,-135
1767172705.4542382,-1,-1,-135
1767172705.4642382,-3,-2,-136
1767172705.4742382,-1,-1,-141
1767172705.484238,0,4,-140
1767172705.494238,1,2,-139
1767172705.504238,3,0,-139
1767172705.514238,5,-2,-135
1767172705.524238,1,-2,-128
1767172705.534238,-4,-1,-124
1767172705.544238,-4,1,-123
1767172705.554238,-4,4,-123
1767172705.564238,-3,0,-119
1767172705.574238,-4,2,-124
1767172705.584238,-1,0,-126
1767172705.594238,-3,1,-123
1767172705.6042385,-1,0,-125
1767172705.6142385,-2,-5,-130
1767172705.6242385,-1,-5,-132
1767172705.6342382,-2,-3,-131
1767172705.6442382,-1,-1,-132
1767172705.6542382,-2,0,-130
1767172705.6642382,-2,2,-134
1767172705.6742382,-1,0,-135
1767172705.6842382,2,-1,-137
1767172705.6942382,1,-4,-135
1767172705.7042382,2,-2,-139
1767172705.7142382,0,-2,-138
1767172705.7242382,0,-2,-140
1767172705.734238,6,-1,-136
1767172705.744238,-1,-2,-129
1767172705.754238,-2,-2,-129
1767172705.764238,0,-2,-129
1767172705.774238,0,0,-124
1767172705.784238,-3,3,-119
1767172705.794238,-1,2,-119
1767172705.804238,-3,0,-123
1767172705.814238,-2,-5,-122
1767172705.824238,-2,-5,-125
1767172705.834238,-2,-3,-132
1767172705.844238,1,0,-136
1767172705.8542385,0,-1,-131
1767172705.8642385,0,-3,-131
1767172705.8742385,0,-1,-128
1767172705.8842382,-2,0,-130
1767172705.8942382,-1,1,-126
1767172705.9042382,-2,2,-131
1767172705.9142382,1,0,-129
1767172705.9242382,2,1,-129
1767172705.9342382,6,1,-134
1767172705.9442382,3,0,-132
1767172705.9542382,3,-1,-134
1767172705.9642382,0,-1,-136
1767172705.9742382,0,-1,-135
1767172705.984238,-5,0,-137
1767172705.994238,-3,-1,-144
1767172706.004238,-2,-4,-139
1767172706.014238,-2,-5,-134
1767172706.024238,-3,-2,-133
1767172706.034238,-3,1,-132
1767172706.044238,-5,3,-129
1767172706.054238,2,3,-128
1767172706.064238,2,0,-129
1767172706.074238,4,-3,-132
1767172706.084238,4,-3,-131
1767172706.094238,2,0,-129
1767172706.1042385,5,-4,-127
1767172706.1142385,5,-5,-133
1767172706.1242385,7,-1,-134
1767172706.1342382,7,-2,-139
1767172706.1442382,1,-2,-141
1767172706.1542382,0,-5,-144
1767172706.1642382,3,0,-145
1767172706.1742382,2,0,-141
1767172706.1842382,2,3,-145
1767172706.1942382,3,4,-141
1767172706.2042382,5,5,-140
1767172706.2142382,6,4,-135
1767172706.2242382,10,3,-132
1767172706.234238,10,0,-135
1767172706.244238,8,1,-132
1767172706.254238,4,2,-128
1767172706.264238,0,6,-133
1767172706.274238,-3,8,-136
1767172706.284238,-2,10,-143
1767172706.294238,-2,7,-140
1767172706.304238,-2,5,-146
1767172706.314238,-1,6,-144
1767172706.324238,1,4,-140
1767172706.334238,4,1,-144
1767172706.344238,3,1,-140
1767172706.3542385,5,-1,-134
1767172706.3642385,8,0,-134
1767172706.3742385,4,1,-129
1767172706.3842382,3,1,-134
1767172706.3942382,6,0,-134
1767172706.4042382,9,0,-131
1767172706.4142382,8,3,-127
1767172706.4242382,8,5,-127
1767172706.4342382,4,3,-132
1767172706.4442382,0,-1,-137
1767172706.4542382,-2,-1,-135
1767172706.4642382,-2,-1,-136
1767172706.4742382,0,0,-141
1767172706.484238,1,2,-141
1767172706.494238,2,0,-135
1767172706.504238,-2,-2,-138
1767172706.514238,-6,-2,-141
1767172706.524238,-4,-4,-138
1767172706.534238,-1,-4,-135
1767172706.544238,-3,0,-138
1767172706.554238,-1,0,-131
1767172706.564238,3,-2,-135
1767172706.574238,1,-1,-132
1767172706.584238,-4,-2,-134
1767172706.594238,0,-4,-137
1767172706.6042385,2,-3,-140
1767172706.6142385,-2,0,-135
1767172706.6242385,1,-3,-133
1767172706.6342382,3,0,-138
1767172706.6442382,2,-1,-138
1767172706.6542382,-2,-2,-141
1767172706.6642382,0,-5,-137
1767172706.6742382,0,0,-143
1767172706.6842382,2,-1,-143
1767172706.6942382,3,0,-140
1767172706.7042382,4,3,-138
1767172706.7142382,1,1,-137
1767172706.7242382,2,0,-140
1767172706.734238,0,3,-145
1767172706.744238,-5,1,-144
1767172706.754238,-3,0,-138
1767172706.764238,-2,-9,-132
1767172706.774238,-6,-8,-126
1767172706.784238,-6,-7,-133
1767172706.794238,-5,-6,-132
1767172706.804238,-1,-5,-124
1767172706.814238,-3,-2,-126
1767172706.824238,-5,-3,-125
1767172706.834238,0,-1,-132
1767172706.844238,3,-2,-139
1767172706.8542385,-3,0,-137
1767172706.8642385,-11,1,-132
1767172706.8742385,-5,-1,-129
1767172706.8842382,-6,-3,-134
1767172706.8942382,-3,-4,-133
1767172706.9042382,-2,-4,-134
1767172706.9142382,-2,-4,-140
1767172706.9242382,0,-3,-143
1767172706.9342382,0,-9,-135
1767172706.9442382,6,-5,-139
1767172706.9542382,6,-1,-142
1767172706.9642382,5,-1,-144
1767172706.9742382,0,-5,-136
1767172706.984238,-2,-5,-139
1767172706.994238,-6,0,-137
1767172707.004238,-7,0,-133
1767172707.014238,-5,-3,-135
1767172707.024238,-2,-3,-138
1767172707.034238,-4,-2,-136
1767172707.044238,-4,-3,-130
1767172707.054238,-5,1,-132
1767172707.064238,-5,-2,-137
1767172707.074238,-7,-8,-140
1767172707.084238,-6,-10,-140
1767172707.094238,-3,-7,-139
1767172707.1042385,-3,-6,-141
1767172707.1142385,-4,-2,-143
1767172707.1242385,1,-1,-142
1767172707.1342382,5,0,-144
1767172707.1442382,1,2,-138
1767172707.1542382,5,4,-136
1767172707.1642382,0,3,-137
1767172707.1742382,-3,2,-135
1767172707.1842382,-4,4,-131
1767172707.1942382,1,4,-132
1767172707.2042382,3,8,-128
1767172707.2142382,5,8,-131
1767172707.2242382,7,6,-137
1767172707.234238,9,7,-143
1767172707.244238,13,6,-148
1767172707.254238,11,4,-143
1767172707.264238,4,-1,-131
1767172707.274238,4,0,-136
1767172707.284238,3,-4,-137
1767172707.294238,0,-2,-141
1767172707.304238,-3,2,-137
1767172707.314238,-6,0,-135
1767172707.324238,-6,2,-136
1767172707.334238,-8,-2,-142
1767172707.344238,-4,-2,-140
1767172707.3542385,-3,-4,-143
1767172707.3642385,-4,-1,-143
1767172707.3742385,-3,1,-139
1767172707.3842382,1,-4,-136
1767172707.3942382,3,-6,-140
1767172707.4042382,4,-3,-136
1767172707.4142382,4,0,-133
1767172707.4242382,3,-2,-134
1767172707.4342382,4,0,-133
1767172707.4442382,2,3,-135
1767172707.4542382,-2,7,-138
1767172707.4642382,2,2,-145
1767172707.475238,4,1,-148
1767172707.484238,1,3,-150
1767172707.495238,1,0,-146
1767172707.504238,2,4,-142
1767172707.514238,0,4,-146
1767172707.525238,0,0,-145
1767172707.5352385,2,-4,-148
1767172707.5452385,-1,-4,-143
1767172707.5552382,-1,-2,-137
1767172707.5652382,-1,-2,-135
1767172707.5752382,-4,-2,-140
1767172707.5852382,-9,-1,-141
1767172707.5952382,-7,-1,-145
1767172707.6052382,-10,-1,-138
1767172707.6152382,-14,0,-135
1767172707.6252382,-10,-3,-138
1767172707.6352382,-13,-4,-136
1767172707.6452382,-12,-2,-131
1767172707.6552382,-10,-3,-128
1767172707.665238,-5,-5,-126
1767172707.675238,-8,-6,-130
1767172707.685238,-6,-6,-126
1767172707.695238,0,-5,-134
1767172707.705238,-2,-4,-143
1767172707.715238,-1,-3,-149
1767172707.725238,-2,0,-148
1767172707.735238,-2,0,-141
1767172707.745238,-5,-3,-138
1767172707.755238,-8,-4,-139
1767172707.765238,-4,-3,-136
1767172707.775238,0,-1,-139
1767172707.7852385,4,0,-140
1767172707.7952385,0,2,-136
1767172707.8052382,0,1,-130
1767172707.8152382,-1,2,-124
1767172707.8252382,-2,5,-122
1767172707.8352382,0,3,-128
1767172707.8452382,0,4,-131
1767172707.8552382,0,5,-144
1767172707.8652382,2,0,-143
1767172707.8752382,-3,-2,-140
1767172707.8852382,0,-3,-135
1767172707.8952382,0,0,-141
1767172707.9052382,-4,2,-139
1767172707.915238,-8,1,-138
1767172707.925238,-9,4,-137
1767172707.935238,-3,2,-137
1767172707.945238,-2,0,-136
1767172707.955238,-2,-1,-127
1767172707.965238,-3,1,-127
1767172707.975238,-5,0,-136
1767172707.985238,-6,0,-143
1767172707.995238,-4,0,-136
1767172708.005238,0,0,-137
1767172708.015238,4,2,-135
1767172708.025238,4,0,-140
1767172708.0352385,3,0,-143
1767172708.0452385,3,1,-137
1767172708.0552382,1,4,-144
1767172708.0652382,0,4,-141
1767172708.0752382,0,0,-142
1767172708.0852382,0,-1,-140
1767172708.0952382,3,-6,-142
1767172708.1052382,4,-8,-142
1767172708.1152382,0,-7,-140
1767172708.1252382,4,-6,-131
1767172708.1352382,0,-1,-130
1767172708.1452382,0,0,-131
1767172708.1552382,0,0,-127
1767172708.165238,1,0,-128
1767172708.175238,2,1,-128
1767172708.185238,0,-1,-129
1767172708.195238,2,0,-123
1767172708.205238,-2,0,-129
1767172708.215238,-5,-2,-129
1767172708.225238,-6,-2,-133
1767172708.235238,-5,-2,-138
1767172708.245238,-3,-1,-138
1767172708.255238,-7,-3,-135
1767172708.265238,-3,3,-132
1767172708.275238,-4,5,-137
1767172708.2852385,-4,9,-135
1767172708.2952385,-5,9,-135
1767172708.3052382,-3,5,-135
1767172708.3152382,-6,4,-139
1767172708.3252382,-4,0,-148
1767172708.3352382,-4,0,-148
1767172708.3452382,-4,1,-152
1767172708.3552382,-2,1,-154
1767172708.3652382,-1,0,-150
1767172708.3752382,-3,-4,-144
1767172708.3852382,-1,-4,-134
1767172708.3952382,-5,1,-133
1767172708.4052382,-5,0,-127
1767172708.415238,-4,-1,-129
1767172708.425238,-1,0,-134
1767172708.435238,10,-1,-139
1767172708.445238,8,-2,-143
1767172708.455238,8,0,-139
1767172708.465238,8,0,-133
1767172708.475238,12,0,-135
1767172708.485238,12,-2,-134
1767172708.495238,8,-3,-137
1767172708.505238,4,0,-138
1767172708.515238,2,-2,-138
1767172708.525238,0,-1,-137
1767172708.5352385,0,-1,-138
1767172708.5452385,1,-4,-134
1767172708.5552382,5,-4,-139
1767172708.5652382,7,0,-135
1767172708.5752382,4,-6,-130
1767172708.5852382,0,-1,-130
1767172708.5952382,0,-1,-130
1767172708.6052382,-3,-3,-139
1767172708.6152382,0,-2,-140
1767172708.6252382,2,-2,-145
1767172708.6352382,1,0,-137
1767172708.6452382,4,3,-134
1767172708.6552382,2,2,-136
1767172708.665238,1,1,-131
1767172708.675238,1,4,-130
1767172708.685238,0,3,-136
1767172708.695238,0,0,-135
1767172708.705238,0,1,-129
1767172708.715238,-7,-1,-136
1767172708.725238,-10,1,-133
1767172708.735238,-8,2,-137
1767172708.745238,-6,1,-142
1767172708.755238,-8,1,-142
1767172708.765238,-4,0,-145
1767172708.775238,-6,0,-145
1767172708.7852385,-3,3,-137
1767172708.7952385,-4,2,-137
1767172708.8052382,-3,0,-129
1767172708.8152382,-3,-1,-131
1767172708.8252382,-3,0,-134
1767172708.8352382,-1,-4,-131
1767172708.8452382,-6,-6,-130
1767172708.8552382,-12,-8,-131
1767172708.8652382,-10,-5,-135
1767172708.8752382,-6,-4,-137
1767172708.8852382,-4,-2,-139
1767172708.8952382,-5,0,-136
1767172708.9052382,0,5,-132
1767172708.915238,2,2,-137
1767172708.925238,-2,-2,-135
1767172708.935238,3,-5,-135
1767172708.945238,0,-5,-137
1767172708.955238,-1,0,-139
1767172708.965238,-1,0,-133
1767172708.975238,-2,0,-129
1767172708.985238,0,-3,-136
1767172708.995238,-3,-1,-137
1767172709.005238,-2,2,-135
1767172709.015238,-4,2,-130
1767172709.025238,-2,0,-131
1767172709.0352385,2,1,-134
1767172709.0452385,3,2,-139
1767172709.0552382,2,1,-144
1767172709.0762382,0,4,-130
1767172709.0852382,1,0,-122
1767172709.0952382,1,-1,-127
1767172709.1052382,-2,-1,-123
1767172709.1152382,-6,0,-125
1767172709.1252382,-6,-3,-127
1767172709.1352382,0,-2,-125
1767172709.1452382,0,-3,-128
1767172709.1552382,0,-5,-124
1767172709.165238,1,-4,-123
1767172709.175238,1,-13,-123
1767172709.185238,1,-14,-129
1767172709.195238,8,-14,-129
1767172709.205238,10,-8,-134
1767172709.215238,8,-9,-128
1767172709.225238,5,-10,-130
1767172709.235238,1,-10,-131
1767172709.245238,-1,-10,-137
1767172709.255238,-3,-6,-139
1767172709.265238,-2,-8,-133
1767172709.275238,-4,-7,-132
1767172709.2852385,3,0,-127
1767172709.2952385,4,3,-128
1767172709.3052382,4,-1,-128
1767172709.3152382,4,0,-128
1767172709.3252382,0,0,-127
1767172709.3352382,0,2,-130
1767172709.3452382,5,-3,-129
1767172709.3552382,4,-6,-124
1767172709.3652382,0,-8,-127
1767172709.3752382,1,-5,-133
1767172709.3852382,3,-1,-137
1767172709.3952382,2,2,-145
1767172709.4052382,2,2,-148
1767172709.415238,4,3,-142
1767172709.425238,5,-2,-140
1767172709.435238,6,0,-140
1767172709.445238,2,-1,-140
1767172709.455238,3,-3,-137
1767172709.465238,3,-1,-132
1767172709.475238,-4,-1,-131
1767172709.485238,-3,-4,-130
1767172709.495238,0,-6,-130
1767172709.505238,5,-5,-138
1767172709.515238,5,-8,-131
1767172709.525238,4,-5,-135
1767172709.5352385,3,-4,-137
1767172709.5452385,5,-4,-137
1767172709.5552382,6,-2,-132
1767172709.5652382,3,-4,-135
1767172709.5752382,4,-2,-137
1767172709.5852382,4,0,-144
1767172709.5952382,1,0,-136
1767172709.6052382,-1,1,-137
1767172709.6152382,0,5,-138
1767172709.6252382,0,3,-144
1767172709.6352382,0,2,-141
1767172709.6452382,4,3,-137
1767172709.6552382,3,0,-138
1767172709.665238,0,-1,-146
1767172709.675238,0,-4,-147
1767172709.685238,1,0,-143
1767172709.695238,-3,4,-146
1767172709.705238,-6,2,-147
1767172709.715238,-11,0,-147
1767172709.725238,-9,-3,-142
1767172709.735238,-4,-6,-134
1767172709.745238,0,-7,-133
1767172709.755238,-2,-2,-136
1767172709.765238,0,-3,-129
1767172709.775238,-2,0,-127
1767172709.7852385,-3,0,-123
1767172709.7952385,-2,1,-122
1767172709.8052382,-4,-3,-125
1767172709.8152382,-2,-2,-131
1767172709.8252382,-3,-1,-129
1767172709.8352382,-6,-4,-123
1767172709.8452382,2,-9,-130
1767172709.8552382,6,-7,-135
1767172709.8652382,4,-4,-136
1767172709.8752382,0,-4,-137
1767172709.8852382,1,0,-142
1767172709.8952382,2,3,-136
1767172709.9052382,3,4,-135
1767172709.915238,5,2,-132
1767172709.925238,2,1,-129
1767172709.935238,0,-1,-131
1767172709.945238,-3,-1,-138
1767172709.955238,-5,1,-135
1767172709.965238,-1,3,-132
1767172709.975238,-4,0,-129
1767172709.985238,-7,-2,-134
1767172709.995238,-8,-3,-129
1767172710.005238,-4,-5,-130
1767172710.015238,-3,-9,-133
1767172710.025238,-7,-10,-127
1767172710.0352385,-7,-8,-124
1767172710.0462382,-5,-5,-123
1767172710.0552382,-6,-3,-127
1767172710.0662382,-8,-2,-127
1767172710.0752382,-12,-2,-131
1767172710.086238,-12,-4,-140
1767172710.0952382,-11,-7,-139
1767172710.106238,-8,-6,-141
1767172710.116238,-5,-8,-136
1767172710.126238,-8,-3,-133
1767172710.1352382,-11,-4,-135
1767172710.146238,-7,-1,-137
1767172710.156238,-9,0,-138
1767172710.166238,-6,-4,-134
1767172710.176238,-5,0,-127
1767172710.186238,-2,3,-125
1767172710.196238,-3,1,-128
1767172710.2062385,-3,1,-128
1767172710.2162385,-2,-2,-130
1767172710.2262385,1,-2,-130
1767172710.2362382,6,-4,-128
1767172710.2462382,5,-1,-127
1767172710.2562382,3,2,-133
1767172710.2662382,2,0,-136
1767172710.2762382,2,0,-136
1767172710.2862382,1,0,-132
1767172710.2962382,0,-1,-134
1767172710.3062382,3,-2,-135
1767172710.3162382,0,-1,-134
1767172710.3262382,0,-2,-133
1767172710.336238,-2,-4,-135
1767172710.346238,-5,-4,-131
1767172710.356238,-2,-5,-123
1767172710.366238,-2,-2,-122
1767172710.376238,-3,-2,-129
1767172710.386238,-3,-1,-129
1767172710.396238,-1,-5,-138
1767172710.406238,2,-3,-138
1767172710.416238,4,-1,-137
1767172710.426238,6,0,-137
1767172710.436238,3,2,-130
1767172710.446238,1,0,-131
1767172710.4562385,2,0,-125
1767172710.4662385,0,-2,-120
1767172710.4762385,-1,-1,-119
1767172710.4862382,2,0,-124
1767172710.4962382,2,3,-125
1767172710.5062382,2,1,-129
1767172710.5162382,6,-1,-128
1767172710.5262382,5,0,-134
1767172710.5362382,1,-1,-142
1767172710.5462382,0,-5,-141
1767172710.5562382,0,-1,-148
1767172710.5662382,-5,-1,-145
1767172710.5762382,-7,-1,-143
1767172710.586238,-7,0,-143
1767172710.596238,0,0,-140
1767172710.606238,0,-3,-138
1767172710.616238,1,-4,-129
1767172710.626238,-2,-3,-132
1767172710.636238,-4,0,-138
1767172710.646238,-2,0,-141
1767172710.656238,-4,8,-139
1767172710.666238,-3,5,-136
1767172710.676238,-2,0,-131
1767172710.686238,-2,0,-129
1767172710.696238,-1,5,-130
1767172710.7062385,-1,4,-135
1767172710.7162385,1,2,-136
1767172710.7262385,0,0,-136
1767172710.7362382,-1,2,-134
1767172710.7462382,-1,1,-139
1767172710.7562382,-2,3,-139
1767172710.7662382,-4,3,-144
1767172710.7762382,-3,4,-139
1767172710.7862382,0,6,-139
1767172710.7962382,-1,1,-137
1767172710.8062382,-2,4,-134
1767172710.8162382,-1,2,-135
1767172710.8262382,-1,0,-127
1767172710.836238,0,0,-131
1767172710.846238,-7,-1,-126
1767172710.856238,-5,-3,-121
1767172710.866238,-4,-6,-123
1767172710.876238,-10,-9,-128
1767172710.886238,-13,-7,-132
1767172710.896238,-12,-4,-134
1767172710.906238,-8,-3,-131
1767172710.916238,-4,-2,-126
1767172710.926238,-6,-1,-127
1767172710.936238,-2,-1,-135
1767172710.946238,1,-4,-135
1767172710.9562385,-3,-1,-135
1767172710.9662385,-4,2,-134
1767172710.9762385,-6,0,-128
1767172710.9862382,-4,-2,-131
1767172710.9962382,-5,-4,-130
1767172711.0062382,-7,-5,-126
1767172711.0162382,-6,-7,-129
1767172711.0262382,-7,-5,-132
1767172711.0362382,-4,-3,-133
1767172711.0462382,-5,-5,-134
1767172711.0562382,-8,-4,-134
1767172711.0662382,-10,-3,-129
1767172711.0762382,-9,-4,-128
1767172711.086238,-4,-3,-139
1767172711.096238,-3,-5,-141
1767172711.106238,-3,0,-147
1767172711.116238,-4,0,-147
1767172711.126238,0,1,-147
1767172711.136238,0,0,-143
1767172711.146238,-2,0,-145
1767172711.156238,-2,-2,-144
1767172711.166238,0,-8,-144
1767172711.176238,1,-7,-142
1767172711.186238,0,-5,-144
1767172711.196238,-3,-7,-145
1767172711.2062385,-4,-6,-143
1767172711.2162385,-4,-6,-138
1767172711.2262385,-4,-3,-135
1767172711.2362382,-3,-4,-131
1767172711.2462382,0,-3,-129
1767172711.2562382,0,-1,-129
1767172711.2662382,-1,0,-133
1767172711.2762382,1,-3,-138
1767172711.2862382,0,-1,-143
1767172711.2962382,-3,-2,-147
1767172711.3062382,-2,-2,-146
1767172711.3162382,-3,-1,-132
1767172711.3262382,-2,-3,-121
1767172711.336238,-5,-5,-120
1767172711.346238,-9,-4,-118
1767172711.356238,-9,-1,-117
1767172711.366238,-11,3,-121
1767172711.376238,-4,4,-127
1767172711.386238,0,0,-128
1767172711.396238,3,1,-131
1767172711.406238,1,3,-134
1767172711.416238,3,0,-137
1767172711.426238,6,-1,-139
1767172711.436238,6,-4,-137
1767172711.446238,5,-5,-135
1767172711.4562385,0,0,-139
1767172711.4662385,3,0,-140
1767172711.4762385,-3,0,-137
1767172711.4862382,-3,0,-139
1767172711.4962382,-3,6,-133
1767172711.5062382,0,7,-137
1767172711.5162382,2,6,-127
1767172711.5262382,4,2,-127
1767172711.5362382,4,3,-133
1767172711.5462382,4,5,-134
1767172711.5562382,2,2,-131
1767172711.5662382,-2,0,-132
1767172711.5762382,-5,1,-130
1767172711.586238,-5,-1,-127
1767172711.596238,0,2,-135
1767172711.606238,6,6,-132
1767172711.616238,1,9,-132
1767172711.626238,3,9,-135
1767172711.636238,-1,4,-133
1767172711.646238,2,1,-136
1767172711.656238,4,0,-137
1767172711.666238,2,-1,-135
1767172711.676238,2,0,-136
1767172711.686238,3,-1,-128
1767172711.696238,-4,-4,-125
1767172711.7062385,-3,-2,-126
1767172711.7162385,-4,-1,-122
1767172711.7262385,-6,-1,-121
1767172711.7362382,-6,0,-125
1767172711.7462382,-5,-2,-133
1767172711.7562382,-3,-2,-126
1767172711.7662382,0,-1,-129
1767172711.7762382,0,-1,-131
1767172711.7862382,3,-3,-131
1767172711.7962382,1,-1,-134
1767172711.8062382,-2,-2,-121
1767172711.8162382,-2,-1,-132
1767172711.8262382,0,0,-141
1767172711.836238,1,0,-145
1767172711.846238,0,-2,-142
1767172711.856238,2,0,-138
1767172711.866238,0,2,-141
1767172711.876238,5,0,-137
1767172711.886238,6,-1,-142
1767172711.896238,7,-3,-147
1767172711.906238,4,0,-145
1767172711.916238,0,-1,-140
1767172711.926238,-1,0,-137
1767172711.936238,0,1,-133
1767172711.946238,-2,-2,-136
1767172711.9562385,-5,2,-136
1767172711.9662385,-4,4,-140
1767172711.9762385,0,3,-141
1767172711.9862382,0,2,-141
1767172711.9962382,5,-2,-141
1767172712.0062382,2,2,-140
1767172712.0162382,2,2,-138
1767172712.0262382,-1,0,-139
1767172712.0362382,-3,-3,-137
1767172712.0462382,1,-5,-141
1767172712.0562382,3,-5,-131
1767172712.0662382,-2,0,-131
1767172712.0762382,-2,-3,-140
1767172712.086238,-3,-5,-135
1767172712.096238,0,-4,-132
1767172712.106238,1,-4,-134
1767172712.116238,0,1,-130
1767172712.126238,3,2,-128
1767172712.136238,2,3,-129
1767172712.146238,-1,3,-126
1767172712.156238,-2,2,-131
1767172712.166238,-3,0,-139
1767172712.176238,-5,1,-145
1767172712.186238,-2,1,-140
1767172712.196238,-4,2,-138
1767172712.2062385,-6,3,-140
1767172712.2162385,-3,1,-136
1767172712.2262385,4,0,-135
1767172712.2362382,1,-1,-135
1767172712.2462382,-4,0,-134
1767172712.2562382,-3,0,-129
1767172712.2662382,-3,0,-125
1767172712.2762382,-6,3,-131
1767172712.2862382,-9,0,-138
1767172712.2962382,-2,-1,-136
1767172712.3062382,0,-3,-136
1767172712.3162382,-1,-6,-135
1767172712.3262382,0,-5,-129
1767172712.336238,1,-6,-133
1767172712.346238,1,-7,-134
1767172712.356238,2,-6,-135
1767172712.366238,1,-5,-138
1767172712.376238,2,-2,-141
1767172712.386238,1,-1,-139
1767172712.396238,-1,-4,-140
1767172712.406238,0,1,-142
1767172712.416238,0,3,-151
1767172712.426238,0,1,-144
1767172712.436238,-6,-1,-145
1767172712.446238,-6,-4,-139
1767172712.4562385,-11,-1,-138
1767172712.4662385,-5,1,-142
1767172712.4762385,-2,0,-137
1767172712.4862382,-1,-2,-134
1767172712.4962382,-4,-2,-129
1767172712.5062382,-8,-2,-130
1767172712.5162382,-3,-1,-139
1767172712.5262382,-7,0,-135
1767172712.5362382,-10,-2,-135
1767172712.5462382,-8,-2,-135
1767172712.5562382,-10,-1,-138
1767172712.5662382,-7,-5,-142
1767172712.5762382,-1,-4,-131
1767172712.586238,0,-4,-129
1767172712.596238,0,-3,-124
1767172712.606238,1,-2,-122
1767172712.616238,0,0,-127
1767172712.626238,0,-3,-129
1767172712.636238,0,-2,-131
1767172712.646238,2,-4,-128
1767172712.656238,0,-1,-132
1767172712.666238,1,-3,-132
1767172712.6772382,3,-6,-131
1767172712.6872382,-3,-12,-124
1767172712.6972382,-9,-14,-124
1767172712.7072382,-8,-9,-125
1767172712.7172382,-5,-6,-130
1767172712.7272382,-3,-6,-133
1767172712.7372382,-6,-4,-129
1767172712.7472382,-6,-1,-125
1767172712.757238,-4,0,-126
1767172712.767238,-3,-3,-128
1767172712.777238,-1,-1,-132
1767172712.787238,1,0,-131
1767172712.797238,7,-3,-131
1767172712.807238,8,-5,-124
1767172712.817238,8,-4,-125
1767172712.827238,6,-7,-135
1767172712.837238,6,-5,-136
1767172712.847238,7,-3,-142
1767172712.857238,1,-2,-139
1767172712.867238,-1,-4,-136
1767172712.877238,-3,0,-133
1767172712.8872385,-4,0,-129
1767172712.8972385,0,0,-131
1767172712.9072382,0,0,-129
1767172712.9172382,-3,0,-131
1767172712.9272382,0,1,-133
1767172712.9372382,-5,4,-130
1767172712.9472382,-3,3,-133
1767172712.9572382,0,-1,-139
1767172712.9672382,-1,0,-137
1767172712.9772382,0,-4,-138
1767172712.9872382,-1,-3,-141
1767172712.9972382,-2,-5,-142
1767172713.007238,1,-4,-147
1767172713.017238,0,-2,-145
1767172713.027238,-3,0,-143
1767172713.037238,-3,1,-140
1767172713.047238,-5,3,-134
1767172713.057238,-4,4,-131
1767172713.067238,-2,3,-135
1767172713.077238,1,0,-139
1767172713.087238,6,0,-137
1767172713.097238,-2,0,-137
1767172713.107238,-3,3,-141
1767172713.117238,1,3,-138
1767172713.127238,-3,4,-139
1767172713.1372385,-1,4,-130
1767172713.1472385,0,1,-130
1767172713.1572382,2,1,-137
1767172713.1672382,3,-3,-135
1767172713.1772382,0,-8,-131
1767172713.1872382,1,-8,-128
1767172713.1972382,3,-5,-129
1767172713.2072382,3,-4,-129
1767172713.2172382,3,-3,-126
1767172713.2272382,0,-6,-133
1767172713.2372382,0,-5,-136
1767172713.2472382,0,-9,-129
1767172713.257238,1,-5,-118
1767172713.267238,1,-5,-125
1767172713.277238,3,-2,-122
1767172713.287238,3,-3,-121
1767172713.297238,3,-1,-121
1767172713.307238,0,-2,-123
1767172713.317238,-1,-1,-126
1767172713.327238,0,-4,-127
1767172713.337238,-2,0,-128
1767172713.347238,-9,2,-125
1767172713.357238,-5,0,-129
1767172713.367238,-1,1,-136
1767172713.377238,-1,1,-139
1767172713.3872385,-3,4,-134
1767172713.3972385,-5,6,-131
1767172713.4072382,-4,2,-128
1767172713.4172382,-3,0,-130
1767172713.4272382,-4,-2,-131
1767172713.4372382,-1,0,-128
1767172713.4472382,1,0,-124
1767172713.4572382,2,-1,-130
1767172713.4672382,4,1,-135
1767172713.4772382,5,-1,-141
1767172713.4872382,2,-5,-137
1767172713.4972382,-1,-8,-129
1767172713.507238,0,-4,-127
1767172713.517238,1,-1,-122
1767172713.527238,2,0,-124
1767172713.537238,2,3,-128
1767172713.547238,-4,4,-133
1767172713.557238,-6,6,-126
1767172713.567238,-4,3,-126
1767172713.577238,-8,0,-129
1767172713.587238,-6,0,-129
1767172713.597238,-9,0,-126
1767172713.607238,-12,1,-128
1767172713.617238,-9,0,-128
1767172713.627238,-5,-2,-130
1767172713.6372385,-1,0,-130
1767172713.6472385,7,1,-138
1767172713.6572382,8,-1,-139
1767172713.6672382,0,-4,-130
1767172713.6772382,0,-5,-139
1767172713.6872382,-1,-6,-143
1767172713.6972382,-1,0,-143
1767172713.7072382,-5,0,-144
1767172713.7172382,-3,-2,-142
1767172713.7272382,-10,-3,-140
1767172713.7372382,-9,0,-138
1767172713.7472382,-5,-2,-133
1767172713.757238,-3,3,-134
1767172713.767238,-1,8,-135
1767172713.777238,-2,12,-138
1767172713.787238,3,9,-135
1767172713.797238,4,5,-134
1767172713.807238,-1,3,-139
1767172713.817238,-3,2,-139
1767172713.827238,-3,3,-132
1767172713.837238,-1,0,-130
1767172713.847238,0,-1,-135
1767172713.857238,2,2,-141
1767172713.867238,10,2,-142
1767172713.877238,8,1,-142
1767172713.8872385,12,0,-144
1767172713.8972385,9,1,-138
1767172713.9072382,13,1,-138
1767172713.9172382,6,0,-138
1767172713.9272382,4,1,-137
1767172713.9372382,0,3,-134
1767172713.9472382,0,-4,-139
1767172713.9572382,0,-9,-137
1767172713.9672382,-4,-8,-141
1767172713.9772382,-2,-7,-140
1767172713.9872382,0,-7,-141
1767172713.9972382,2,-9,-130
1767172714.007238,7,-8,-137
1767172714.017238,6,-4,-132
1767172714.027238,7,-6,-136
1767172714.037238,4,-5,-137
1767172714.047238,-1,0,-136
1767172714.057238,-5,-4,-137
1767172714.067238,-2,-4,-140
1767172714.0892382,-3,-6,-133
1767172714.097238,-5,-8,-136
1767172714.107238,-5,-5,-141
1767172714.117238,-9,-8,-136
1767172714.127238,-8,-6,-137
1767172714.1372385,-7,-4,-134
1767172714.1472385,-9,-4,-137
1767172714.1572382,-5,-1,-133
1767172714.1672382,-6,0,-132
1767172714.1772382,-1,2,-137
1767172714.1872382,-1,2,-134
1767172714.1972382,-1,-2,-141
1767172714.2072382,3,-2,-144
1767172714.2172382,8,-4,-143
1767172714.2272382,10,-6,-133
1767172714.2372382,9,-5,-127
1767172714.2472382,10,-2,-124
1767172714.257238,8,-1,-122
1767172714.267238,8,-2,-133
1767172714.277238,8,-4,-134
1767172714.287238,10,-7,-131
1767172714.297238,10,-4,-125
1767172714.307238,6,-3,-126
1767172714.317238,3,0,-134
1767172714.327238,0,-2,-140
1767172714.337238,0,0,-138
1767172714.347238,-1,-2,-138
1767172714.357238,-1,-3,-138
1767172714.367238,-4,-4,-143
1767172714.377238,1,-5,-154
1767172714.3872385,3,0,-155
1767172714.3972385,6,0,-145
1767172714.4072382,0,-4,-144
1767172714.4172382,-3,-5,-146
1767172714.4272382,-1,-2,-144
1767172714.4372382,-3,-2,-136
1767172714.4472382,-1,-6,-139
1767172714.4572382,2,-6,-138
1767172714.4672382,1,-6,-135
1767172714.4772382,0,-5,-142
1767172714.4872382,0,-3,-144
1767172714.4972382,1,-1,-140
1767172714.507238,2,0,-135
1767172714.517238,7,0,-133
1767172714.527238,9,1,-136
1767172714.537238,7,0,-136
1767172714.547238,1,2,-140
1767172714.557238,-1,-1,-137
1767172714.567238,0,0,-137
1767172714.577238,2,0,-133
1767172714.587238,-1,0,-128
1767172714.597238,-2,0,-143
1767172714.607238,5,-1,-142
1767172714.617238,4,2,-147
1767172714.627238,5,3,-147
1767172714.6372385,7,0,-144
1767172714.6472385,4,-2,-139
1767172714.6572382,6,0,-142
1767172714.6672382,7,-1,-144
1767172714.6772382,6,0,-142
1767172714.6872382,2,4,-141
1767172714.6972382,0,5,-136
1767172714.7072382,7,3,-133
1767172714.7172382,3,3,-129
1767172714.7272382,-2,1,-126
1767172714.7372382,-5,2,-124
1767172714.7472382,-7,0,-118
1767172714.757238,-7,-2,-126
1767172714.767238,-9,-1,-134
1767172714.777238,-5,1,-140
1767172714.787238,-4,3,-140
1767172714.797238,-8,10,-144
1767172714.807238,-8,8,-147
1767172714.817238,-10,5,-146
1767172714.827238,-8,3,-139
1767172714.837238,-10,0,-136
1767172714.847238,-7,0,-138
1767172714.857238,-3,-1,-140
1767172714.867238,-3,-1,-139
1767172714.877238,-6,0,-134
1767172714.8872385,-7,4,-134
1767172714.8972385,-8,2,-135
1767172714.9072382,-5,3,-139
1767172714.9172382,-1,2,-136
1767172714.9272382,-1,2,-134
1767172714.9372382,0,2,-133
1767172714.9472382,0,4,-128
1767172714.9572382,-2,2,-130
1767172714.9672382,-2,7,-128
1767172714.9772382,-4,11,-124
1767172714.9872382,-7,12,-122
1767172714.9972382,-6,3,-126
1767172715.007238,-8,0,-131
1767172715.017238,-6,-1,-136
1767172715.027238,-8,-2,-135
1767172715.037238,-8,-1,-138
1767172715.047238,-8,-5,-134
1767172715.057238,-5,-5,-131
1767172715.067238,-5,-4,-142
1767172715.077238,-4,-6,-140
1767172715.087238,-3,-4,-136
1767172715.097238,-5,-4,-131
1767172715.107238,-2,-6,-135
1767172715.117238,-2,-3,-137
1767172715.127238,1,-5,-132
1767172715.1372385,1,-3,-130
1767172715.1472385,0,0,-129
1767172715.1572382,1,-3,-125
1767172715.1672382,-2,-5,-127
1767172715.1772382,0,-2,-132
1767172715.1872382,-2,-3,-134
1767172715.1972382,2,-3,-135
1767172715.2072382,-1,-2,-139
1767172715.2172382,2,-1,-140
1767172715.2272382,-4,-3,-136
1767172715.238238,-4,-3,-131
1767172715.2472382,0,-4,-135
1767172715.258238,1,-1,-133
1767172715.267238,0,0,-133
1767172715.278238,-2,2,-125
1767172715.288238,-2,5,-128
1767172715.298238,-2,3,-135
1767172715.3082385,-2,1,-132
1767172715.3182385,-4,1,-128
1767172715.3282382,-4,-1,-129
1767172715.3382382,-6,0,-132
1767172715.3482382,-5,-4,-134
1767172715.3582382,-3,-6,-134
1767172715.3682382,-1,-4,-139
1767172715.3782382,2,-3,-140
1767172715.3882382,4,-3,-140
1767172715.3982382,4,-7,-136
1767172715.4082382,4,-2,-130
1767172715.4182382,-1,-4,-129
1767172715.4282382,-2,-2,-133
1767172715.438238,-4,1,-131
1767172715.448238,-5,3,-126
1767172715.458238,-3,7,-126
1767172715.468238,-4,7,-128
1767172715.478238,-1,5,-131
1767172715.488238,0,1,-133
1767172715.498238,-1,2,-132
1767172715.508238,-1,0,-134
1767172715.518238,1,-2,-137
1767172715.528238,1,-5,-135
1767172715.538238,3,-6,-132
1767172715.548238,7,-3,-138
1767172715.5582385,5,-1,-139
1767172715.5682385,6,2,-143
1767172715.5782382,7,4,-142
1767172715.5882382,6,0,-142
1767172715.5982382,5,-3,-139
1767172715.6082382,2,-6,-135
1767172715.6182382,4,-5,-134
1767172715.6282382,1,-3,-134
1767172715.6382382,-1,-4,-137
1767172715.6482382,-2,-6,-141
1767172715.6582382,-1,-5,-140
1767172715.6682382,2,-4,-139
1767172715.6782382,0,-1,-141
1767172715.688238,-3,1,-136
1767172715.698238,0,-1,-136
1767172715.708238,2,1,-136
1767172715.718238,0,3,-140
1767172715.728238,0,1,-144
1767172715.738238,-2,0,-137
1767172715.748238,-2,-2,-139
1767172715.758238,-2,1,-138
1767172715.768238,-1,0,-139
1767172715.778238,3,2,-136
1767172715.788238,2,4,-138
1767172715.798238,0,5,-144
1767172715.8082385,2,4,-142
1767172715.8182385,1,0,-139
1767172715.8282382,-2,0,-133
1767172715.8382382,-1,0,-134
1767172715.8482382,-2,6,-137
1767172715.8582382,0,4,-143
1767172715.8682382,-5,4,-147
1767172715.8782382,-2,5,-149
1767172715.8882382,1,1,-151
1767172715.8982382,-2,3,-152
1767172715.9082382,-7,1,-151
1767172715.9182382,-5,0,-150
1767172715.9282382,-5,-1,-146
1767172715.938238,-4,-2,-148
1767172715.948238,-2,-3,-145
1767172715.958238,-6,-3,-140
1767172715.968238,-2,-4,-138
1767172715.978238,-4,-7,-138
1767172715.988238,-2,-7,-137
1767172715.998238,5,-8,-131
1767172716.008238,5,-8,-130
1767172716.018238,5,-5,-134
1767172716.028238,7,-11,-131
1767172716.038238,2,-16,-125
1767172716.048238,0,-12,-130
1767172716.0582385,3,-6,-134
1767172716.0682385,6,-4,-134
1767172716.0782382,8,-3,-137
1767172716.0882382,4,-4,-133
1767172716.0982382,4,-3,-132
1767172716.1082382,2,-5,-131
1767172716.1182382,6,-2,-133
1767172716.1282382,0,0,-132
1767172716.1382382,1,-3,-121
1767172716.1482382,-5,-4,-128
1767172716.1582382,-6,-5,-128
1767172716.1682382,0,-6,-129
1767172716.1782382,-2,-5,-135
1767172716.188238,-2,-6,-133
1767172716.198238,-3,-1,-131
1767172716.208238,-2,1,-139
1767172716.218238,-4,-2,-141
1767172716.228238,-3,-4,-139
1767172716.238238,-4,0,-139
1767172716.248238,-5,-1,-134
1767172716.258238,-5,-3,-137
1767172716.268238,-5,-2,-134
1767172716.278238,-1,0,-133
1767172716.288238,-3,1,-131
1767172716.298238,-2,-1,-132
1767172716.3082385,-6,-1,-133
1767172716.3182385,-6,-1,-128
1767172716.3282382,-6,-2,-127
1767172716.3382382,-1,-4,-131
1767172716.3482382,-1,-3,-135
1767172716.3582382,-1,-1,-130
1767172716.3682382,0,-3,-124
1767172716.3782382,0,-2,-120
1767172716.3882382,0,-2,-122
1767172716.3982382,2,-1,-122
1767172716.4082382,-1,-3,-116
1767172716.4182382,-1,-7,-121
1767172716.4282382,1,-4,-117
1767172716.438238,1,-5,-118
1767172716.448238,-6,-4,-124
1767172716.458238,-3,-3,-124
1767172716.468238,-3,-3,-125
1767172716.478238,-4,-5,-120
1767172716.488238,-5,-3,-121
1767172716.498238,-5,-6,-124
1767172716.508238,-2,-6,-124
1767172716.518238,4,-3,-127
1767172716.528238,6,-3,-134
1767172716.538238,4,-5,-136
1767172716.548238,-2,-4,-134
1767172716.5582385,-1,-7,-132
1767172716.5682385,-1,-5,-126
1767172716.5782382,0,-1,-131
1767172716.5882382,1,-1,-130
1767172716.5982382,3,-2,-135
1767172716.6082382,5,-2,-127
1767172716.6182382,7,3,-132
1767172716.6282382,0,1,-134
1767172716.6382382,-2,1,-138
1767172716.6482382,-2,0,-139
1767172716.6582382,0,0,-136
1767172716.6682382,0,1,-141
1767172716.6782382,0,0,-141
1767172716.688238,5,0,-140
1767172716.698238,7,-2,-136
1767172716.708238,10,0,-138
1767172716.718238,9,1,-138
1767172716.728238,8,3,-131
1767172716.738238,5,0,-133
1767172716.748238,6,4,-134
1767172716.758238,3,4,-129
1767172716.768238,2,3,-131
1767172716.778238,4,1,-132
1767172716.788238,0,0,-125
1767172716.798238,1,-1,-128
1767172716.8082385,0,-1,-126
1767172716.8182385,-1,-2,-129
1767172716.8282382,-4,-2,-132
1767172716.8382382,-2,-3,-128
1767172716.8482382,-2,-2,-130
1767172716.8582382,-5,-2,-128
1767172716.8682382,-8,-3,-129
1767172716.8782382,-7,-5,-124
1767172716.8882382,-7,-5,-127
1767172716.8982382,-1,-2,-132
1767172716.9082382,0,-4,-139
1767172716.9182382,0,-4,-148
1767172716.9282382,-1,-3,-141
1767172716.938238,-6,0,-139
1767172716.948238,-6,0,-144
1767172716.958238,-9,-4,-140
1767172716.968238,-8,-3,-140
1767172716.978238,-6,-7,-140
1767172716.988238,-5,-9,-139
1767172716.998238,-6,-9,-141
1767172717.008238,-7,-6,-146
1767172717.018238,-1,-4,-148
1767172717.028238,0,-5,-147
1767172717.038238,-3,-4,-143
1767172717.048238,-4,-1,-136
1767172717.0582385,-1,-4,-136
1767172717.0682385,0,-4,-136
1767172717.0782382,0,-5,-135
1767172717.0882382,-3,-2,-134
1767172717.0982382,-4,0,-129
1767172717.1082382,-5,0,-129
1767172717.1182382,-5,0,-130
1767172717.1282382,-2,0,-132
1767172717.1382382,1,0,-129
1767172717.1482382,-1,0,-136
1767172717.1582382,1,1,-135
1767172717.1682382,3,0,-121
1767172717.1782382,4,0,-125
1767172717.188238,1,-1,-133
1767172717.198238,0,-1,-136
1767172717.208238,-5,-1,-137
1767172717.218238,-8,0,-139
1767172717.228238,-7,-2,-135
1767172717.238238,-3,-5,-139
1767172717.248238,0,-5,-133
1767172717.258238,0,-4,-128
1767172717.268238,3,-1,-136
1767172717.278238,2,0,-139
1767172717.288238,1,0,-145
1767172717.298238,-2,0,-148
1767172717.3082385,0,-2,-144
1767172717.3182385,-1,-4,-144
1767172717.3282382,-1,-2,-144
1767172717.3382382,0,-1,-141
1767172717.3482382,2,-1,-132
1767172717.3582382,7,-2,-127
1767172717.3682382,6,2,-134
1767172717.3782382,4,0,-130
1767172717.3882382,2,0,-128
1767172717.3982382,3,1,-135
1767172717.4082382,2,1,-139
1767172717.4182382,-2,2,-138
1767172717.4282382,-3,1,-141
1767172717.438238,-4,1,-141
1767172717.448238,-5,0,-139
1767172717.458238,1,2,-140
1767172717.468238,2,0,-146
1767172717.478238,2,-5,-142
1767172717.488238,2,-5,-147
1767172717.498238,0,-4,-148
1767172717.508238,3,-3,-142
1767172717.518238,5,-5,-141
1767172717.528238,2,-7,-137
1767172717.538238,1,-7,-137
1767172717.548238,4,-9,-132
1767172717.5582385,2,-6,-131
1767172717.5682385,6,-8,-133
1767172717.5782382,4,-10,-138
1767172717.5882382,3,-5,-134
1767172717.5982382,0,-3,-131
1767172717.6082382,-2,-3,-133
1767172717.6182382,-4,-5,-132
1767172717.6282382,0,-9,-131
1767172717.6382382,4,-12,-129
1767172717.6482382,0,-11,-132
1767172717.6582382,-2,-3,-129
1767172717.6682382,-2,-3,-128
1767172717.6782382,-1,1,-131
1767172717.688238,-2,2,-130
1767172717.698238,-1,2,-131
1767172717.708238,0,4,-136
1767172717.718238,-4,4,-135
1767172717.728238,-4,1,-136
1767172717.738238,-4,0,-134
1767172717.748238,-6,-3,-134
1767172717.758238,-7,-2,-139
1767172717.768238,-3,0,-140
1767172717.778238,-1,-3,-138
1767172717.788238,0,0,-141
1767172717.798238,4,-5,-138
1767172717.8092382,3,-5,-136
1767172717.8182385,1,-3,-140
1767172717.8282382,4,-3,-143
1767172717.8382382,4,-6,-140
1767172717.8482382,4,-7,-145
1767172717.8582382,1,-8,-140
1767172717.8682382,0,-3,-136
1767172717.8782382,2,0,-138
1767172717.8882382,2,-1,-139
1767172717.899238,2,-2,-133
1767172717.909238,2,-1,-124
1767172717.919238,6,-3,-127
1767172717.929238,3,-4,-126
1767172717.939238,0,-5,-122
1767172717.949238,0,-5,-127
1767172717.959238,2,-5,-128
1767172717.969238,3,-9,-129
1767172717.9792385,0,-1,-134
1767172717.9892385,0,-7,-133
1767172717.9992385,4,-8,-138
1767172718.0092382,2,-7,-137
1767172718.018238,0,-4,-135
1767172718.0292382,-3,-3,-140
1767172718.0392382,-4,-2,-134
1767172718.0492382,-3,-2,-131
1767172718.0592382,-1,0,-132
1767172718.0692382,-7,0,-134
1767172718.0792382,-3,3,-138
1767172718.0892382,0,0,-135
1767172718.0992382,0,-4,-133
1767172718.109238,-2,-5,-139
1767172718.119238,0,-3,-139
1767172718.129238,1,-1,-136
1767172718.139238,1,-1,-138
1767172718.149238,0,-1,-136
1767172718.159238,0,-1,-135
1767172718.169238,0,-5,-139
1767172718.179238,0,-5,-133
1767172718.189238,1,-1,-135
1767172718.199238,4,0,-128
1767172718.209238,6,3,-127
1767172718.219238,8,3,-132
1767172718.2292385,3,5,-136
1767172718.2392385,1,0,-134
1767172718.2492385,1,-2,-133
1767172718.2592382,0,-1,-136
1767172718.2692382,0,1,-132
1767172718.2792382,0,1,-133
1767172718.2892382,3,4,-141
1767172718.2992382,0,4,-131
1767172718.3092382,-1,2,-124
1767172718.3192382,4,0,-130
1767172718.3292382,2,-2,-131
1767172718.3392382,4,-5,-130
1767172718.3492382,4,-2,-133
1767172718.359238,2,-3,-133
1767172718.369238,0,-5,-131
1767172718.379238,-3,-5,-133
1767172718.389238,0,-2,-136
1767172718.399238,0,-6,-138
1767172718.409238,0,-7,-140
1767172718.419238,-3,-1,-133
1767172718.429238,-5,-3,-125
1767172718.439238,-6,-4,-127
1767172718.449238,-4,-6,-129
1767172718.459238,-3,-4,-131
1767172718.469238,-3,-2,-135
1767172718.4792385,3,0,-131
1767172718.4892385,6,2,-136
1767172718.4992385,4,-1,-133
1767172718.5092382,5,-1,-134
1767172718.5192382,0,2,-141
1767172718.5292382,-5,0,-147
1767172718.5392382,-3,0,-150
1767172718.5492382,-2,1,-143
1767172718.5592382,-1,0,-141
1767172718.5692382,-2,-4,-139
1767172718.5792382,-2,-3,-142
1767172718.5892382,-9,-3,-141
1767172718.5992382,-9,-5,-143
1767172718.609238,-7,-7,-142
1767172718.619238,-8,-3,-132
1767172718.629238,-4,-1,-126
1767172718.639238,-2,-2,-129
1767172718.649238,0,-3,-135
1767172718.659238,2,-4,-127
1767172718.669238,2,-1,-130
1767172718.679238,1,-1,-131
1767172718.689238,0,0,-131
1767172718.699238,0,-1,-126
1767172718.709238,0,-2,-123
1767172718.719238,5,-3,-122
1767172718.7292385,4,0,-125
1767172718.7392385,1,0,-121
1767172718.7492385,1,-1,-121
1767172718.7592382,-1,-2,-130
1767172718.7692382,0,0,-136
1767172718.7792382,-3,-2,-140
1767172718.7892382,-7,-4,-136
1767172718.7992382,-6,-4,-139
1767172718.8092382,-4,-1,-137
1767172718.8192382,-6,1,-134
1767172718.8292382,-1,1,-132
1767172718.8392382,0,0,-132
1767172718.8492382,0,0,-133
1767172718.859238,0,2,-134
1767172718.869238,1,4,-132
1767172718.879238,3,1,-132
1767172718.889238,-1,-2,-135
1767172718.899238,-1,-2,-135
1767172718.909238,-6,0,-134
1767172718.919238,-5,3,-134
1767172718.929238,-6,2,-137
1767172718.939238,0,3,-147
1767172718.949238,-1,4,-154
1767172718.959238,-3,5,-158
1767172718.969238,0,1,-152
1767172718.9792385,-5,-3,-141
1767172718.9892385,-4,-5,-137
1767172718.9992385,-3,-6,-138
1767172719.0092382,-1,-7,-141
1767172719.0192382,0,-4,-142
1767172719.0292382,0,-2,-146
1767172719.0392382,2,0,-144
1767172719.0492382,1,-2,-138
1767172719.0592382,-1,-3,-137
1767172719.0692382,0,-4,-136
1767172719.0792382,0,-8,-131
1767172719.1012385,-1,-9,-128
1767172719.109238,-1,-7,-128
1767172719.119238,1,-8,-133
1767172719.129238,1,-11,-135
1767172719.139238,4,-11,-132
1767172719.149238,4,-12,-136
1767172719.159238,1,-13,-138
1767172719.169238,0,-8,-135
1767172719.179238,1,-10,-133
1767172719.189238,0,-7,-132
1767172719.199238,0,-5,-135
1767172719.209238,-1,-4,-131
1767172719.219238,4,-6,-127
1767172719.2292385,3,-7,-126
1767172719.2392385,2,-1,-128
1767172719.2492385,2,-2,-131
1767172719.2592382,1,-1,-131
1767172719.2692382,-3,0,-131
1767172719.2792382,0,0,-127
1767172719.2892382,0,-1,-125
1767172719.2992382,-1,-2,-127
1767172719.3092382,0,-4,-122
1767172719.3192382,-1,-5,-128
1767172719.3292382,-1,-3,-131
1767172719.3392382,0,-3,-134
1767172719.3492382,0,-5,-142
1767172719.359238,-2,-10,-149
1767172719.369238,0,-7,-145
1767172719.379238,0,-7,-140
1767172719.389238,-1,-9,-145
1767172719.399238,0,-8,-139
1767172719.409238,0,-6,-135
1767172719.419238,0,-5,-135
1767172719.429238,-1,-5,-130
1767172719.439238,2,-3,-132
1767172719.449238,3,-2,-131
1767172719.459238,0,-8,-131
1767172719.469238,-2,-7,-136
1767172719.4792385,-1,-6,-132
1767172719.4892385,-2,-8,-128
1767172719.4992385,-3,-2,-125
1767172719.5092382,-2,-3,-124
1767172719.5192382,-2,0,-129
1767172719.5292382,-2,1,-124
1767172719.5392382,-4,1,-125
1767172719.5492382,-4,0,-125
1767172719.5592382,-1,0,-131
1767172719.5692382,2,-3,-129
1767172719.5792382,6,-3,-132
1767172719.5892382,4,-4,-140
1767172719.5992382,2,-5,-133
1767172719.609238,0,-3,-133
1767172719.619238,-1,-3,-137
1767172719.629238,0,-4,-139
1767172719.639238,-2,-6,-139
1767172719.649238,-11,-8,-145
1767172719.659238,-9,-5,-140
1767172719.669238,-7,-3,-140
1767172719.679238,-4,-6,-140
1767172719.689238,1,-9,-141
1767172719.699238,2,-8,-133
1767172719.709238,-2,-8,-130
1767172719.719238,-1,-5,-131
1767172719.7292385,3,-7,-132
1767172719.7392385,10,-4,-135
1767172719.7492385,8,-7,-137
1767172719.7592382,3,-8,-142
1767172719.7692382,7,-8,-146
1767172719.7792382,8,-6,-145
1767172719.7892382,9,-5,-142
1767172719.7992382,5,-5,-133
1767172719.8092382,4,-3,-133
1767172719.8192382,-1,-2,-137
1767172719.8292382,3,-4,-135
1767172719.8392382,5,-1,-139
1767172719.8492382,4,0,-142
1767172719.859238,4,-1,-141
1767172719.869238,1,-5,-143
1767172719.879238,0,-4,-143
1767172719.889238,0,-9,-145
1767172719.899238,-1,-7,-139
1767172719.909238,2,-3,-130
1767172719.919238,5,-2,-128
1767172719.929238,7,-2,-128
1767172719.939238,3,0,-131
1767172719.949238,-3,1,-131
1767172719.959238,0,1,-130
1767172719.969238,0,2,-131
1767172719.9792385,-1,0,-131
1767172719.9892385,-1,0,-133
1767172719.9992385,-1,0,-133
1767172720.0092382,-1,-1,-130
1767172720.0192382,-1,-2,-130
1767172720.0292382,0,-3,-134
1767172720.0392382,0,-6,-134
1767172720.0492382,0,-8,-137
1767172720.0592382,-6,-11,-139
1767172720.0692382,-8,-10,-134
1767172720.0792382,-4,-8,-137
1767172720.0892382,0,-7,-142
1767172720.0992382,3,-11,-134
1767172720.109238,4,-12,-136
1767172720.119238,7,-9,-138
1767172720.129238,5,-4,-137
1767172720.139238,6,0,-132
1767172720.149238,4,1,-132
1767172720.159238,-2,1,-128
1767172720.169238,-4,1,-126
1767172720.179238,-7,-1,-125
1767172720.189238,-8,-3,-124
1767172720.199238,-6,-5,-123
1767172720.209238,-7,-5,-123
1767172720.219238,-5,-5,-125
1767172720.2292385,-14,-3,-128
1767172720.2392385,-14,-1,-127
1767172720.2492385,-14,-2,-133
1767172720.2592382,-14,-1,-136
1767172720.2692382,-10,-2,-137
1767172720.2792382,-3,-3,-133
1767172720.2892382,-3,-5,-131
1767172720.2992382,-2,-7,-132
1767172720.3092382,-2,-5,-136
1767172720.3192382,-2,-6,-138
1767172720.3292382,-5,-2,-142
1767172720.3392382,-5,-4,-145
1767172720.3492382,-5,-4,-149
1767172720.359238,-1,-3,-150
1767172720.369238,0,0,-153
1767172720.379238,-1,-2,-146
1767172720.389238,4,-6,-146
1767172720.399238,3,-3,-142
1767172720.4102385,1,0,-138
1767172720.4202385,-3,1,-139
1767172720.429238,-3,1,-139
1767172720.4402382,-6,0,-140
1767172720.4502382,-4,-2,-130
1767172720.4602382,-2,-4,-129
1767172720.4702382,1,0,-130
1767172720.4802382,4,2,-135
1767172720.4902382,5,3,-139
1767172720.5002382,4,7,-138
1767172720.5102382,3,3,-143
1767172720.5202382,3,4,-140
1767172720.5302382,0,0,-142
1767172720.540238,0,0,-140
1767172720.550238,1,3,-130
1767172720.560238,0,3,-133
1767172720.570238,4,5,-141
1767172720.580238,3,0,-141
1767172720.590238,4,-2,-136
1767172720.600238,0,-1,-132
1767172720.610238,-3,-2,-131
1767172720.620238,0,0,-130
1767172720.630238,0,3,-131
1767172720.640238,4,1,-126
1767172720.650238,4,-3,-123
1767172720.6602385,0,-3,-122
1767172720.6702385,0,-2,-123
1767172720.6802382,4,-3,-125
1767172720.6902382,3,1,-125
1767172720.7002382,4,1,-131
1767172720.7102382,2,-4,-135
1767172720.7202382,0,-4,-139
1767172720.7302382,-1,-5,-137
1767172720.7402382,-4,-4,-135
1767172720.7502382,-3,-2,-136
1767172720.7602382,-2,-3,-139
1767172720.7702382,0,0,-134
1767172720.7802382,2,-1,-124
1767172720.790238,3,0,-128
1767172720.800238,-1,-6,-133
1767172720.810238,-3,-8,-141
1767172720.820238,-1,-7,-146
1767172720.830238,-4,-10,-146
1767172720.840238,-4,-10,-141
1767172720.850238,-3,-8,-140
1767172720.860238,-1,-9,-134
1767172720.870238,7,-6,-142
1767172720.880238,10,-7,-140
1767172720.890238,10,-7,-145
1767172720.900238,10,-8,-145
1767172720.9102385,7,-8,-142
1767172720.9202385,6,-7,-142
1767172720.9302382,8,-6,-141
1767172720.9402382,10,-5,-140
1767172720.9502382,7,-1,-131
1767172720.9602382,3,-3,-133
1767172720.9702382,5,-3,-137
1767172720.9802382,3,-4,-138
1767172720.9902382,4,-1,-136
1767172721.0002382,1,0,-135
1767172721.0102382,3,-2,-133
1767172721.0202382,0,-3,-132
1767172721.0302382,-2,3,-134
1767172721.040238,-4,0,-142
1767172721.050238,-5,2,-145
1767172721.060238,-3,0,-140
1767172721.070238,-4,-1,-141
1767172721.080238,-1,-2,-141
1767172721.090238,-5,-1,-141
1767172721.100238,-5,-5,-143
1767172721.110238,-5,-5,-133
1767172721.120238,-4,-7,-129
1767172721.130238,-3,-5,-127
1767172721.140238,-3,-5,-123
1767172721.150238,-2,-2,-129
1767172721.1602385,-1,-2,-124
1767172721.1702385,2,-1,-127
1767172721.1802382,0,-6,-130
1767172721.1902382,-2,-9,-129
1767172721.2002382,-4,-9,-130
1767172721.2102382,-3,-8,-132
1767172721.2202382,-3,-3,-133
1767172721.2302382,-6,0,-136
1767172721.2402382,-5,-4,-134
1767172721.2502382,-3,-5,-138
1767172721.2602382,-4,-7,-141
1767172721.2702382,0,-10,-139
1767172721.2802382,6,-8,-143
1767172721.290238,8,-7,-144
1767172721.300238,7,-7,-140
1767172721.310238,0,-6,-137
1767172721.320238,-1,-3,-139
1767172721.330238,0,-3,-140
1767172721.340238,-6,-5,-141
1767172721.350238,-4,-3,-140
1767172721.360238,-3,-1,-135
1767172721.370238,-1,1,-142
1767172721.380238,0,1,-143
1767172721.390238,-3,1,-142
1767172721.400238,-5,0,-140
1767172721.4102385,-6,0,-132
1767172721.4202385,-11,0,-128
1767172721.4302382,-11,-3,-122
1767172721.4402382,-7,-7,-123
1767172721.4502382,-11,-4,-122
1767172721.4602382,-10,-5,-120
1767172721.4702382,-6,-10,-120
1767172721.4802382,-1,-13,-116
1767172721.4902382,-3,-12,-122
1767172721.5002382,0,-7,-128
1767172721.5102382,3,-7,-131
1767172721.5202382,3,-4,-134
1767172721.531238,2,-5,-132
1767172721.540238,2,-4,-133
1767172721.550238,0,-5,-135
1767172721.560238,-1,-6,-124
1767172721.570238,0,-4,-122
1767172721.580238,1,-3,-122
1767172721.590238,-2,-2,-128
1767172721.600238,-2,-3,-134
1767172721.610238,-1,-5,-134
1767172721.620238,5,-5,-136
1767172721.630238,5,-4,-132
1767172721.640238,3,-1,-128
1767172721.650238,2,0,-133
1767172721.6602385,0,-1,-130
1767172721.6702385,-1,-2,-128
1767172721.6802382,-4,0,-125
1767172721.6902382,-3,-3,-127
1767172721.7002382,-6,0,-126
1767172721.7102382,-4,2,-127
1767172721.7202382,-4,5,-129
1767172721.7302382,-3,3,-128
1767172721.7402382,-3,6,-130
1767172721.7502382,0,7,-130
1767172721.7602382,2,0,-132
1767172721.7702382,5,-4,-127
1767172721.7802382,3,-4,-131
1767172721.790238,4,-1,-129
1767172721.800238,0,0,-135
1767172721.810238,-2,0,-132
1767172721.820238,-5,-4,-130
1767172721.830238,0,-4,-130
1767172721.840238,1,-1,-136
1767172721.850238,-4,-5,-134
1767172721.860238,0,-7,-135
1767172721.870238,7,-7,-136
1767172721.880238,6,-6,-136
1767172721.890238,2,-7,-140
1767172721.900238,1,-3,-148
1767172721.9102385,-1,0,-141
1767172721.9202385,0,0,-142
1767172721.9302382,0,1,-144
1767172721.9402382,0,0,-146
1767172721.9502382,0,-3,-141
1767172721.9602382,2,-1,-137
1767172721.9702382,6,0,-138
1767172721.9802382,2,-2,-138
1767172721.9902382,1,-10,-139
1767172722.0002382,4,-7,-136
1767172722.0102382,3,-8,-136
1767172722.0202382,3,-9,-132
1767172722.0302382,4,-7,-133
1767172722.040238,6,-5,-135
1767172722.050238,6,-3,-138
1767172722.060238,7,-8,-145
1767172722.070238,5,-6,-153
1767172722.080238,6,-7,-153
1767172722.090238,3,-8,-158
1767172722.100238,5,-7,-156
1767172722.110238,1,-4,-154
1767172722.120238,0,-4,-148
1767172722.130238,0,-7,-145
1767172722.140238,3,-7,-135
1767172722.150238,0,-7,-139
1767172722.1602385,0,-7,-139
1767172722.1702385,-1,-5,-141
1767172722.1802382,-1,-5,-138
1767172722.1902382,1,0,-134
1767172722.2002382,7,0,-131
1767172722.2102382,11,-3,-130
1767172722.2202382,10,0,-132
1767172722.2302382,8,2,-133
1767172722.2402382,4,3,-133
1767172722.2502382,2,5,-142
1767172722.2602382,4,4,-143
1767172722.2702382,4,2,-148
1767172722.2802382,-2,4,-149
1767172722.290238,-1,5,-149
1767172722.300238,0,3,-145
1767172722.310238,0,4,-143
1767172722.320238,0,0,-136
1767172722.330238,2,-3,-137
1767172722.340238,3,-4,-139
1767172722.350238,2,-2,-142
1767172722.360238,2,-1,-144
1767172722.370238,3,-2,-143
1767172722.380238,6,-1,-135
1767172722.390238,5,0,-131
1767172722.400238,3,4,-129
1767172722.4102385,3,0,-129
1767172722.4202385,1,-4,-129
1767172722.4302382,3,-2,-132
1767172722.4402382,6,0,-133
1767172722.4502382,9,0,-141
1767172722.4602382,9,-1,-132
1767172722.4702382,6,2,-134
1767172722.4802382,4,3,-129
1767172722.4902382,0,1,-126
1767172722.5002382,-4,-2,-128
1767172722.5102382,-9,-3,-123
1767172722.5202382,-3,-3,-125
1767172722.5302382,-6,-2,-124
1767172722.540238,-4,-2,-127
1767172722.550238,-4,0,-126
1767172722.560238,-1,3,-126
1767172722.570238,-1,4,-130
1767172722.580238,0,3,-134
1767172722.590238,-2,1,-135
1767172722.600238,-2,0,-139
1767172722.610238,-3,-1,-141
1767172722.620238,-4,0,-139
1767172722.630238,-2,1,-131
1767172722.640238,-1,1,-127
1767172722.650238,-4,0,-122
1767172722.6602385,-8,-2,-125
1767172722.6702385,-7,-4,-131
1767172722.6802382,-3,3,-132
1767172722.6902382,-3,0,-138
1767172722.7002382,1,0,-136
1767172722.7102382,0,0,-134
1767172722.7202382,-2,-2,-133
1767172722.7302382,-4,-2,-138
1767172722.7402382,-6,-5,-141
1767172722.7502382,-2,-2,-137
1767172722.7602382,-5,-6,-135
1767172722.7702382,-4,-5,-137
1767172722.7802382,-3,-2,-141
1767172722.790238,-3,0,-139
1767172722.800238,0,4,-145
1767172722.810238,0,4,-140
1767172722.820238,-2,3,-140
1767172722.830238,1,2,-136
1767172722.840238,-1,3,-128
1767172722.850238,0,1,-127
1767172722.860238,-4,3,-117
1767172722.870238,-3,-2,-123
1767172722.880238,-9,-2,-131
1767172722.890238,-3,-2,-137
1767172722.900238,0,-2,-134
1767172722.9102385,0,-3,-130
1767172722.9202385,3,-3,-130
1767172722.9302382,3,-5,-134
1767172722.9402382,5,-6,-136
1767172722.9502382,3,-8,-136
1767172722.9602382,8,-7,-136
1767172722.9702382,8,-7,-138
1767172722.9802382,4,-5,-137
1767172722.9902382,4,-5,-135
1767172723.0002382,0,1,-132
1767172723.0102382,-1,2,-129
1767172723.021238,1,-2,-129
1767172723.031238,1,-5,-130
1767172723.041238,0,-3,-133
1767172723.050238,0,0,-129
1767172723.061238,5,-6,-126
1767172723.071238,2,-13,-125
1767172723.0812385,1,-11,-130
1767172723.0912385,0,-10,-141
1767172723.1012385,0,-7,-142
1767172723.1112382,1,-5,-131
1767172723.1212382,0,-6,-126
1767172723.1312382,-1,-7,-128
1767172723.1412382,-2,-10,-132
1767172723.1512382,-1,-4,-140
1767172723.1612382,2,-3,-137
1767172723.1712382,-2,-6,-131
1767172723.1812382,-4,-6,-135
1767172723.1912382,-1,-7,-137
1767172723.2012382,0,-8,-139
1767172723.211238,-3,-10,-138
1767172723.221238,-5,-8,-135
1767172723.231238,-7,-4,-135
1767172723.241238,-6,0,-140
1767172723.251238,-5,-3,-141
1767172723.261238,-2,-5,-133
1767172723.2722385,0,-2,-128
1767172723.281238,1,2,-123
1767172723.291238,0,2,-129
1767172723.301238,3,4,-128
1767172723.311238,4,3,-131
1767172723.321238,3,2,-130
1767172723.3312385,0,6,-132
1767172723.3412385,-4,8,-126
1767172723.3512385,-6,6,-120
1767172723.3612382,-7,4,-120
1767172723.3712382,-7,3,-120
1767172723.3812382,-5,2,-126
1767172723.3912382,-3,0,-121
1767172723.4012382,-4,0,-120
1767172723.4112382,-1,-3,-122
1767172723.4212382,-1,-3,-121
1767172723.4312382,-4,-2,-131
1767172723.4412382,-6,2,-132
1767172723.4512382,-1,1,-132
1767172723.461238,3,-1,-142
1767172723.471238,2,0,-141
1767172723.481238,0,2,-144
1767172723.491238,-2,4,-146
1767172723.501238,-5,0,-144
1767172723.511238,-6,-1,-145
1767172723.521238,0,-3,-142
1767172723.531238,0,-5,-146
1767172723.541238,-2,-4,-145
1767172723.551238,-1,-2,-150
1767172723.561238,-2,0,-144
1767172723.571238,-2,2,-138
1767172723.5812385,-3,1,-138
1767172723.5912385,-2,1,-142
1767172723.6012385,2,-2,-136
1767172723.6112382,2,-4,-132
1767172723.6212382,1,-4,-136
1767172723.6312382,-5,-4,-139
1767172723.6412382,-6,-5,-138
1767172723.6512382,-4,-6,-135
1767172723.6612382,2,-2,-140
1767172723.6712382,5,-2,-147
1767172723.6812382,5,-3,-141
1767172723.6912382,2,-2,-139
1767172723.7012382,0,1,-136
1767172723.711238,5,0,-135
1767172723.721238,1,0,-132
1767172723.731238,0,0,-133
1767172723.741238,-4,3,-136
1767172723.751238,-1,2,-133
1767172723.761238,0,1,-126
1767172723.771238,0,-1,-128
1767172723.781238,0,-1,-126
1767172723.791238,-1,-4,-135
1767172723.801238,-2,-6,-130
1767172723.811238,-4,-9,-130
1767172723.821238,-4,-8,-134
1767172723.8312385,-5,-6,-133
1767172723.8412385,-9,-4,-134
1767172723.8512385,-6,-3,-132
1767172723.8612382,-4,-3,-131
1767172723.8712382,-5,-4,-131
1767172723.8812382,-5,-1,-132
1767172723.8912382,0,0,-126
1767172723.9012382,2,-3,-121
1767172723.9112382,3,-4,-127
1767172723.9212382,2,-4,-131
1767172723.9312382,0,-2,-139
1767172723.9412382,2,-4,-142
1767172723.9512382,4,-4,-137
1767172723.961238,3,-4,-136
1767172723.971238,0,1,-133
1767172723.981238,1,0,-135
1767172723.991238,4,-1,-133
1767172724.001238,0,-3,-135
1767172724.011238,0,-4,-133
1767172724.021238,-1,-4,-138
1767172724.031238,-3,-1,-139
1767172724.041238,-10,-3,-136
1767172724.051238,-3,-5,-132
1767172724.061238,-2,-7,-128
1767172724.071238,-3,-6,-125
1767172724.0812385,-1,-5,-121
1767172724.0912385,0,-3,-116
1767172724.113238,1,3,-126
1767172724.1212382,2,3,-123
1767172724.1312382,6,1,-121
1767172724.1412382,7,-1,-125
1767172724.1512382,6,-5,-129
1767172724.1612382,5,0,-138
1767172724.1712382,2,-4,-135
1767172724.1812382,3,-3,-135
1767172724.1912382,-1,-2,-140
1767172724.2012382,0,-3,-143
1767172724.211238,2,-2,-135
1767172724.221238,3,-1,-140
1767172724.231238,0,-3,-135
1767172724.241238,-1,-3,-132
1767172724.251238,0,-2,-132
1767172724.261238,4,-3,-138
1767172724.271238,0,0,-140
1767172724.281238,0,0,-131
1767172724.291238,-1,-2,-134
1767172724.301238,-3,-1,-133
1767172724.311238,-2,0,-134
1767172724.321238,-2,-1,-127
1767172724.3312385,-3,1,-130
1767172724.3412385,-7,-1,-130
1767172724.3512385,-6,1,-127
1767172724.3612382,-2,4,-124
1767172724.3712382,0,5,-122
1767172724.3812382,0,5,-122
1767172724.3912382,-3,5,-122
1767172724.4012382,-2,4,-126
1767172724.4112382,0,2,-129
1767172724.4212382,0,1,-135
1767172724.4312382,0,0,-141
1767172724.4412382,0,1,-145
1767172724.4512382,0,0,-146
1767172724.461238,0,0,-147
1767172724.471238,2,0,-152
1767172724.481238,4,2,-153
1767172724.491238,0,0,-149
1767172724.501238,2,0,-141
1767172724.511238,5,0,-143
1767172724.521238,4,0,-140
1767172724.531238,1,0,-135
1767172724.541238,-2,-5,-135
1767172724.551238,-3,-5,-133
1767172724.561238,-5,-3,-132
1767172724.571238,-4,-2,-136
1767172724.5812385,-5,0,-135
1767172724.5912385,-3,6,-133
1767172724.6012385,-1,1,-137
1767172724.6112382,-3,2,-135
1767172724.6212382,-2,0,-137
1767172724.6312382,-4,-2,-140
1767172724.6412382,0,-3,-142
1767172724.6512382,3,-3,-139
1767172724.6612382,4,-5,-141
1767172724.6712382,2,-4,-138
1767172724.6812382,0,-5,-141
1767172724.6912382,3,-3,-144
1767172724.7012382,3,-4,-144
1767172724.711238,6,-1,-136
1767172724.721238,7,2,-134
1767172724.731238,8,5,-133
1767172724.741238,6,4,-129
1767172724.751238,5,0,-126
1767172724.761238,4,1,-127
1767172724.771238,2,1,-135
1767172724.781238,0,2,-139
1767172724.791238,0,3,-142
1767172724.801238,-2,0,-138
1767172724.811238,-1,0,-142
1767172724.821238,-3,1,-146
1767172724.8312385,-3,0,-140
1767172724.8412385,-3,1,-134
1767172724.8512385,0,-1,-133
1767172724.8612382,3,-1,-139
1767172724.8712382,3,0,-141
1767172724.8812382,5,0,-138
1767172724.8912382,5,1,-132
1767172724.9012382,0,2,-134
1767172724.9112382,-3,0,-133
1767172724.9212382,-2,-4,-127
1767172724.9312382,0,-2,-125
1767172724.9412382,7,2,-130
1767172724.9512382,12,0,-132
1767172724.961238,12,-2,-137
1767172724.971238,9,0,-142
1767172724.981238,9,-3,-140
1767172724.991238,6,-7,-136
1767172725.001238,3,-5,-136
1767172725.011238,4,-4,-135
1767172725.021238,2,-2,-132
1767172725.031238,-2,-5,-129
1767172725.041238,-2,-6,-124
1767172725.051238,-2,-6,-130
1767172725.061238,-5,-7,-138
1767172725.071238,-3,-4,-136
1767172725.0812385,0,-5,-140
1767172725.0912385,0,-1,-129
1767172725.1012385,3,-4,-136
1767172725.1112382,0,-2,-140
1767172725.1212382,0,-1,-141
1767172725.1312382,2,-1,-137
1767172725.1412382,2,-2,-132
1767172725.1512382,0,-4,-126
1767172725.1612382,-2,-4,-133
1767172725.1712382,-1,-6,-134
1767172725.1812382,0,-6,-138
1767172725.1912382,0,-6,-138
1767172725.2012382,4,-6,-141
1767172725.211238,0,-6,-143
1767172725.221238,2,-9,-137
1767172725.231238,0,-8,-137
1767172725.241238,-1,-8,-136
1767172725.251238,0,-4,-134
1767172725.261238,2,-3,-130
1767172725.271238,3,-1,-131
1767172725.281238,3,-1,-132
1767172725.291238,0,-5,-125
1767172725.301238,1,-2,-124
1767172725.311238,1,-5,-123
1767172725.321238,-1,-2,-124
1767172725.3312385,0,0,-124
1767172725.3412385,0,-8,-124
1767172725.3512385,7,-7,-122
1767172725.3612382,5,-3,-128
1767172725.3712382,-2,0,-127
1767172725.3812382,-3,4,-125
1767172725.3912382,-4,6,-134
1767172725.4012382,-2,2,-136
1767172725.4112382,-1,1,-131
1767172725.4212382,-4,3,-135
1767172725.4312382,-4,8,-135
1767172725.4412382,-3,4,-135
1767172725.4512382,-4,1,-137
1767172725.461238,-4,2,-137
1767172725.471238,-6,2,-132
1767172725.481238,1,0,-136
1767172725.491238,2,0,-135
1767172725.501238,8,-3,-131
1767172725.511238,7,-1,-133
1767172725.521238,2,-2,-136
1767172725.531238,1,0,-134
1767172725.541238,3,1,-129
1767172725.551238,4,3,-128
1767172725.5622382,3,0,-131
1767172725.571238,3,0,-133
1767172725.5812385,0,-1,-139
1767172725.5912385,-1,1,-142
1767172725.6012385,-2,-1,-141
1767172725.6122382,-3,-4,-140
1767172725.6222382,-2,-4,-139
1767172725.632238,2,-8,-141
1767172725.642238,4,-6,-142
1767172725.652238,0,-1,-139
1767172725.662238,0,-1,-132
1767172725.672238,1,0,-128
1767172725.682238,5,2,-123
1767172725.692238,6,-1,-121
1767172725.702238,4,0,-123
1767172725.712238,2,-2,-122
1767172725.722238,-4,0,-124
1767172725.732238,-5,4,-124
1767172725.742238,-5,1,-130
1767172725.752238,-3,3,-132
1767172725.7622385,-5,2,-128
1767172725.7722385,-2,-1,-119
1767172725.7822382,-2,-4,-119
1767172725.7922382,0,-5,-121
1767172725.8022382,0,-4,-119
1767172725.8122382,1,-7,-129
1767172725.8222382,2,-5,-128
1767172725.8322382,0,-4,-130
1767172725.8422382,-1,-3,-124
1767172725.8522382,-3,-3,-131
1767172725.8622382,-3,-3,-127
1767172725.8722382,-3,3,-125
1767172725.882238,-2,1,-137
1767172725.892238,-5,0,-137
1767172725.902238,-4,-2,-140
1767172725.912238,-5,1,-136
1767172725.922238,-4,1,-133
1767172725.932238,-7,4,-135
1767172725.942238,-5,4,-138
1767172725.952238,-3,5,-135
1767172725.962238,-5,4,-136
1767172725.972238,-1,2,-140
1767172725.982238,0,-4,-142
1767172725.992238,-3,1,-135
1767172726.002238,-4,1,-132
1767172726.0122385,-4,-4,-129
1767172726.0222385,-1,-7,-128
1767172726.0322382,-2,-8,-131
1767172726.0422382,-2,-5,-140
1767172726.0522382,-4,-4,-143
1767172726.0622382,-11,-1,-137
1767172726.0722382,-12,-1,-142
1767172726.0822382,-9,-2,-144
1767172726.0922382,-1,0,-143
1767172726.1022382,1,-1,-149
1767172726.1122382,2,1,-145
1767172726.1222382,3,0,-144
1767172726.132238,2,0,-146
1767172726.142238,3,1,-146
1767172726.152238,1,3,-142
1767172726.162238,3,2,-141
1767172726.172238,0,0,-139
1767172726.182238,-3,3,-130
1767172726.192238,-3,0,-132
1767172726.202238,-4,0,-136
1767172726.212238,-5,2,-138
1767172726.222238,-4,0,-148
1767172726.232238,-4,-1,-148
1767172726.242238,-4,-3,-138
1767172726.252238,-2,-7,-131
1767172726.2622385,0,-6,-126
1767172726.2722385,-3,-3,-130
1767172726.2822382,-1,-1,-131
1767172726.2922382,0,-3,-130
1767172726.3022382,-3,-2,-136
1767172726.3122382,-4,0,-144
1767172726.3222382,-2,0,-147
1767172726.3322382,-2,0,-142
1767172726.3422382,-2,0,-141
1767172726.3522382,-3,2,-142
1767172726.3622382,-7,6,-136
1767172726.3722382,-7,6,-134
1767172726.382238,-5,8,-135
1767172726.392238,-2,9,-134
1767172726.402238,0,7,-132
1767172726.412238,0,3,-130
1767172726.422238,0,0,-133
1767172726.432238,-4,-2,-131
1767172726.442238,-4,-4,-134
1767172726.452238,-1,-3,-134
1767172726.462238,0,-2,-136
1767172726.472238,2,-2,-133
1767172726.482238,-1,-4,-133
1767172726.492238,1,-5,-132
1767172726.502238,3,-3,-138
1767172726.5122385,4,-1,-130
1767172726.5222385,0,-5,-137
1767172726.5322382,-4,-3,-141
1767172726.5422382,-3,-2,-141
1767172726.5522382,-5,-3,-143
1767172726.5622382,-6,0,-140
1767172726.5722382,-7,-2,-138
1767172726.5822382,-6,-2,-136
1767172726.5922382,-1,0,-137
1767172726.6022382,0,1,-138
1767172726.6122382,0,-1,-137
1767172726.6222382,-4,0,-138
1767172726.632238,-3,-1,-141
1767172726.642238,-3,-4,-135
1767172726.652238,-2,0,-130
1767172726.662238,3,-1,-136
1767172726.672238,0,-1,-136
1767172726.682238,-4,-4,-131
1767172726.692238,-3,-3,-127
1767172726.702238,-1,-2,-131
1767172726.712238,-3,-4,-128
1767172726.722238,1,-2,-135
1767172726.732238,0,-1,-130
1767172726.742238,0,1,-134
1767172726.752238,1,0,-141
1767172726.7622385,1,-1,-143
1767172726.7722385,0,-5,-148
1767172726.7822382,1,-10,-155
1767172726.7922382,-1,-6,-149
1767172726.8022382,0,-1,-149
1767172726.8122382,4,-1,-147
1767172726.8222382,0,0,-140
1767172726.8322382,0,0,-135
1767172726.8422382,-1,0,-134
1767172726.8522382,-3,2,-140
1767172726.8622382,-2,6,-138
1767172726.8722382,-1,3,-136
1767172726.882238,-3,3,-136
1767172726.892238,-7,2,-136
1767172726.902238,-6,1,-141
1767172726.912238,-5,0,-143
1767172726.922238,-3,-2,-142
1767172726.932238,-3,-3,-140
1767172726.942238,0,-5,-136
1767172726.952238,7,-3,-140
1767172726.962238,0,-3,-136
1767172726.972238,-3,0,-136
1767172726.982238,0,0,-139
1767172726.992238,2,1,-139
1767172727.002238,1,3,-141
1767172727.0122385,4,0,-147
1767172727.0222385,2,2,-144
1767172727.0322382,1,1,-137
1767172727.0422382,1,0,-132
1767172727.0522382,0,-1,-133
1767172727.0622382,0,-4,-129
1767172727.0722382,0,-1,-137
1767172727.0822382,2,-2,-138
1767172727.0922382,0,-3,-137
1767172727.1022382,-2,-4,-138
1767172727.1122382,0,-4,-133
1767172727.1222382,-1,0,-134
1767172727.132238,-1,0,-135
1767172727.142238,0,-4,-129
1767172727.152238,-2,-9,-126
1767172727.162238,2,-10,-126
1767172727.172238,4,-6,-129
1767172727.182238,4,-4,-135
1767172727.192238,5,-1,-132
1767172727.202238,2,-6,-136
1767172727.212238,0,-7,-142
1767172727.222238,4,-4,-138
1767172727.232238,6,-5,-141
1767172727.242238,6,-5,-142
1767172727.252238,7,-1,-143
1767172727.2622385,6,-1,-144
1767172727.2722385,5,-3,-143
1767172727.2822382,8,0,-134
1767172727.2922382,5,0,-132
1767172727.3022382,8,2,-132
1767172727.3122382,5,-2,-128
1767172727.3222382,3,-1,-132
1767172727.3322382,4,2,-130
1767172727.3422382,0,3,-129
1767172727.3522382,3,7,-130
1767172727.3622382,0,8,-130
1767172727.3722382,1,6,-127
1767172727.382238,2,3,-129
1767172727.392238,4,0,-127
1767172727.402238,0,-1,-128
1767172727.412238,-2,-4,-125
1767172727.422238,-3,-6,-125
1767172727.432238,0,-8,-128
1767172727.442238,0,-9,-130
1767172727.452238,0,-7,-136
1767172727.462238,-2,-7,-132
1767172727.472238,-3,-5,-128
1767172727.482238,-1,-3,-131
1767172727.492238,0,-3,-131
1767172727.502238,3,-3,-129
1767172727.5122385,3,-4,-125
1767172727.5222385,5,-5,-126
1767172727.5322382,1,-1,-133
1767172727.5422382,1,0,-134
1767172727.5522382,4,-5,-133
1767172727.5622382,2,0,-135
1767172727.5722382,-2,1,-139
1767172727.5822382,-6,2,-140
1767172727.5922382,-1,-1,-140
1767172727.6022382,-5,-4,-133
1767172727.6122382,-3,-6,-136
1767172727.6222382,-4,-8,-145
1767172727.632238,-1,-6,-144
1767172727.642238,2,-3,-142
1767172727.652238,3,-5,-137
1767172727.662238,4,-3,-141
1767172727.672238,-1,0,-138
1767172727.682238,-3,1,-138
1767172727.692238,-7,4,-145
1767172727.702238,-3,3,-140
1767172727.712238,-3,2,-137
1767172727.722238,-4,2,-143
1767172727.732238,-2,3,-132
1767172727.742238,-2,4,-128
1767172727.752238,-3,3,-132
1767172727.7622385,-2,2,-129
1767172727.7722385,-4,0,-130
1767172727.7822382,-2,0,-132
1767172727.7922382,-5,-1,-136
1767172727.8022382,-5,-4,-137
1767172727.8122382,-8,-2,-138
1767172727.8222382,-4,0,-136
1767172727.8322382,-3,-4,-134
1767172727.8422382,-7,-4,-129
1767172727.8522382,-4,-3,-135
1767172727.8622382,-4,1,-135
1767172727.8722382,-3,2,-125
1767172727.882238,0,3,-124
1767172727.892238,0,7,-129
1767172727.902238,0,5,-134
1767172727.912238,1,1,-136
1767172727.922238,0,2,-132
1767172727.932238,3,2,-139
1767172727.942238,5,1,-137
1767172727.952238,4,-1,-140
1767172727.962238,-1,-2,-134
1767172727.972238,-1,-2,-135
1767172727.982238,0,-3,-138
1767172727.992238,0,-4,-138
1767172728.002238,-2,-3,-142
1767172728.0122385,0,-4,-138
1767172728.0222385,1,-3,-134
1767172728.0322382,1,-4,-133
1767172728.0422382,0,-8,-133
1767172728.0522382,0,-8,-127
1767172728.0622382,3,-7,-127
1767172728.0722382,1,-8,-130
1767172728.0822382,0,-9,-133
1767172728.0922382,-2,-5,-133
1767172728.1022382,-1,-4,-140
1767172728.1122382,0,-6,-143
1767172728.1222382,-3,-4,-136
1767172728.132238,0,-4,-134
1767172728.142238,-2,-4,-133
1767172728.152238,-1,-5,-137
1767172728.162238,1,-6,-137
1767172728.172238,0,-8,-134
1767172728.182238,4,-8,-139
1767172728.192238,0,-11,-141
1767172728.2032382,-4,-8,-136
1767172728.2132382,-3,-5,-142
1767172728.2232382,-2,-4,-134
1767172728.2332382,-4,0,-129
1767172728.242238,0,0,-129
1767172728.2532382,-1,-2,-136
1767172728.2632382,-4,2,-128
1767172728.2732382,-6,2,-131
1767172728.2832382,-6,1,-134
1767172728.2922382,0,0,-135
1767172728.3032382,1,0,-137
1767172728.313238,-4,0,-131
1767172728.323238,-3,-1,-119
1767172728.333238,-1,0,-115
1767172728.343238,2,3,-122
1767172728.353238,3,6,-129
1767172728.363238,2,6,-126
1767172728.373238,2,2,-130
1767172728.383238,1,0,-137
1767172728.393238,-1,-2,-141
1767172728.403238,-1,-2,-144
1767172728.413238,0,-4,-139
1767172728.423238,-5,-1,-139
1767172728.4332385,-2,-2,-141
1767172728.4432385,-3,-1,-140
1767172728.4532382,0,0,-143
1767172728.4632382,-3,-1,-135
1767172728.4732382,-5,-1,-128
1767172728.4832382,-1,2,-123
1767172728.4932382,0,0,-126
1767172728.5032382,2,-3,-125
1767172728.5132382,-4,-4,-124
1767172728.5232382,1,-5,-133
1767172728.5332382,3,-6,-143
1767172728.5432382,1,-2,-135
1767172728.5532382,0,-1,-135
1767172728.563238,1,-1,-130
1767172728.573238,6,1,-130
1767172728.583238,6,0,-127
1767172728.593238,5,-1,-135
1767172728.603238,6,-3,-132
1767172728.613238,9,-2,-133
1767172728.623238,8,1,-134
1767172728.633238,10,1,-136
1767172728.643238,6,-1,-140
1767172728.653238,4,0,-140
1767172728.663238,6,0,-131
1767172728.673238,7,-1,-128
1767172728.6832385,11,0,-130
1767172728.6932385,11,2,-131
1767172728.7032382,3,3,-133
1767172728.7132382,3,4,-135
1767172728.7232382,2,6,-139
1767172728.7332382,1,7,-143
1767172728.7432382,2,4,-143
1767172728.7532382,1,0,-147
1767172728.7632382,0,-3,-150
1767172728.7732382,1,-5,-143
1767172728.7832382,1,-6,-139
1767172728.7932382,1,-6,-140
1767172728.8032382,-1,-5,-141
1767172728.813238,-2,-5,-140
1767172728.823238,-3,-4,-144
1767172728.833238,-3,-2,-147
1767172728.843238,-3,-3,-148
1767172728.853238,-6,-3,-142
1767172728.863238,-13,-1,-141
1767172728.873238,-12,0,-143
1767172728.883238,-9,0,-143
1767172728.893238,-4,0,-142
1767172728.903238,-4,-3,-140
1767172728.913238,0,2,-135
1767172728.923238,0,2,-140
1767172728.9332385,0,0,-133
1767172728.9432385,0,0,-140
1767172728.9532382,-1,-1,-139
1767172728.9632382,-3,0,-122
1767172728.9732382,0,0,-117
1767172728.9832382,4,0,-122
1767172728.9932382,5,0,-122
1767172729.0032382,6,1,-121
1767172729.0132382,4,0,-124
1767172729.0232382,3,-5,-126
1767172729.0332382,1,-3,-130
1767172729.0432382,1,-1,-127
1767172729.0532382,1,1,-123
1767172729.063238,4,1,-125
1767172729.073238,8,0,-132
1767172729.083238,2,-2,-131
1767172729.093238,4,-6,-134
1767172729.103238,6,-6,-137
1767172729.1242385,3,-4,-131
1767172729.133238,0,-10,-136
1767172729.143238,0,-11,-141
1767172729.153238,0,-7,-139
1767172729.163238,3,-5,-136
1767172729.173238,4,-1,-143
1767172729.1832385,2,0,-144
1767172729.1932385,0,-1,-138
1767172729.2032382,-4,-2,-140
1767172729.2132382,-4,-3,-139
1767172729.2232382,-1,-1,-140
1767172729.2332382,-3,0,-131
1767172729.2432382,-1,1,-133
1767172729.2532382,1,0,-134
1767172729.2632382,0,0,-135
1767172729.2732382,-1,-1,-136
1767172729.2832382,-1,-4,-138
1767172729.2932382,-1,0,-131
1767172729.3032382,-1,0,-129
1767172729.313238,-5,-4,-133
1767172729.323238,-4,-3,-133
1767172729.333238,-7,0,-134
1767172729.343238,-2,-5,-133
1767172729.353238,-2,-2,-133
1767172729.363238,-5,-2,-139
1767172729.373238,-5,-3,-137
1767172729.383238,-3,-2,-133
1767172729.393238,-1,-2,-134
1767172729.403238,1,0,-130
1767172729.413238,0,2,-134
1767172729.423238,0,-3,-139
1767172729.4332385,0,-9,-142
1767172729.4432385,1,-5,-139
1767172729.4532382,3,-2,-134
1767172729.4632382,3,-4,-131
1767172729.4732382,3,-2,-137
1767172729.4832382,2,-4,-133
1767172729.4932382,3,-3,-143
1767172729.5032382,3,-3,-138
1767172729.5132382,0,-6,-134
1767172729.5232382,-5,-7,-133
1767172729.5332382,-5,-6,-141
1767172729.5432382,-4,-6,-149
1767172729.5532382,-3,-8,-146
1767172729.563238,-3,-7,-144
1767172729.573238,-3,-7,-135
1767172729.583238,-1,-6,-135
1767172729.593238,-2,-7,-133
1767172729.603238,-3,-7,-129
1767172729.613238,-1,-7,-127
1767172729.623238,1,-6,-125
1767172729.633238,3,-7,-129
1767172729.643238,6,-8,-134
1767172729.653238,9,-9,-140
1767172729.663238,10,-11,-135
1767172729.673238,8,-10,-130
1767172729.6832385,5,-12,-133
1767172729.6932385,7,-9,-138
1767172729.7032382,8,-6,-130
1767172729.7132382,10,-7,-136
1767172729.7232382,3,-5,-131
1767172729.7332382,4,-5,-138
1767172729.7432382,2,-4,-141
1767172729.7532382,1,-6,-144
1767172729.7632382,2,-6,-143
1767172729.7732382,1,-6,-143
1767172729.7832382,1,-10,-140
1767172729.7932382,0,-7,-138
1767172729.8032382,0,-5,-137
1767172729.813238,0,-5,-138
1767172729.823238,-1,-1,-139
1767172729.833238,-1,-2,-133
1767172729.843238,0,-2,-131
1767172729.853238,0,-3,-130
1767172729.863238,-1,-4,-129
1767172729.873238,-4,-6,-124
1767172729.883238,-3,-5,-117
1767172729.893238,-4,-3,-117
1767172729.903238,-6,-2,-122
1767172729.913238,-6,-2,-123
1767172729.923238,-5,-3,-121
1767172729.9332385,-7,-5,-124
1767172729.9432385,-7,-3,-125
1767172729.9532382,-7,0,-123
1767172729.9632382,-5,0,-123
1767172729.9732382,-4,-2,-118
1767172729.9832382,-5,0,-121
1767172729.9932382,-4,0,-128
1767172730.0032382,0,-3,-128
1767172730.0132382,2,-1,-132
1767172730.0232382,8,2,-141
1767172730.0332382,7,6,-138
1767172730.0432382,5,1,-138
1767172730.0532382,6,0,-141
1767172730.063238,2,-1,-144
1767172730.073238,2,-6,-147
1767172730.083238,0,-7,-137
1767172730.093238,-1,-9,-134
1767172730.103238,-3,-10,-133
1767172730.113238,-6,-10,-133
1767172730.123238,-7,-10,-128
1767172730.133238,-10,-7,-131
1767172730.143238,-9,-5,-130
1767172730.153238,-6,-3,-134
1767172730.163238,-6,-5,-130
1767172730.173238,-5,-4,-126
1767172730.1832385,-6,-3,-123
1767172730.1932385,-9,-5,-127
1767172730.2032382,-3,-3,-126
1767172730.2132382,-7,-2,-132
1767172730.2232382,-2,-3,-133
1767172730.2332382,-1,-2,-138
1767172730.2432382,0,0,-140
1767172730.2532382,-1,0,-135
1767172730.2632382,-2,2,-129
1767172730.2732382,1,0,-130
1767172730.2832382,3,0,-139
1767172730.2932382,6,-1,-140
1767172730.3032382,7,-3,-141
1767172730.313238,4,-2,-136
1767172730.323238,-1,-5,-139
1767172730.333238,-3,-4,-140
1767172730.343238,-7,-5,-132
1767172730.353238,-5,-5,-132
1767172730.363238,-5,-1,-140
1767172730.373238,-3,0,-137
1767172730.383238,0,-2,-133
1767172730.393238,0,-3,-136
1767172730.403238,-1,-5,-142
1767172730.413238,-2,-2,-139
1767172730.423238,-6,-4,-136
1767172730.4332385,-5,0,-133
1767172730.4432385,1,0,-133
1767172730.4532382,1,-5,-133
1767172730.4632382,0,-7,-129
1767172730.4732382,0,-9,-126
1767172730.4832382,2,-11,-127
1767172730.4932382,-2,-4,-130
1767172730.5032382,-3,-6,-134
1767172730.5132382,-1,-5,-134
1767172730.5232382,0,0,-134
1767172730.5332382,2,0,-130
1767172730.5432382,2,0,-132
1767172730.5532382,5,0,-136
1767172730.563238,3,-3,-132
1767172730.573238,6,-6,-129
1767172730.583238,6,-6,-132
1767172730.593238,10,-8,-136
1767172730.603238,10,-10,-135
1767172730.613238,10,-7,-132
1767172730.623238,6,-9,-139
1767172730.633238,4,-6,-142
1767172730.643238,4,-5,-135
1767172730.653238,3,-5,-137
1767172730.663238,-5,-5,-137
1767172730.673238,-8,-4,-139
1767172730.6832385,-11,-4,-141
1767172730.6932385,-8,1,-138
1767172730.7032382,-11,2,-132
1767172730.7132382,-8,0,-126
1767172730.7232382,-7,-3,-129
1767172730.7332382,-3,-5,-129
1767172730.7432382,-6,-6,-128
1767172730.7532382,-6,-4,-125
1767172730.7632382,-5,-7,-128
1767172730.774238,-7,-7,-133
1767172730.784238,-8,-7,-134
1767172730.794238,-10,-4,-137
1767172730.804238,-10,-9,-139
1767172730.814238,-7,-7,-139
1767172730.824238,-3,-9,-143
1767172730.834238,-3,-12,-140
1767172730.844238,2,-8,-133
1767172730.8542385,1,-9,-137
1767172730.8642385,1,-6,-136
1767172730.8742385,1,-7,-139
1767172730.8842382,0,-5,-144
1767172730.8942382,0,-3,-131
1767172730.9042382,0,-3,-130
1767172730.9142382,-2,-5,-127
1767172730.9242382,-4,-5,-131
1767172730.9342382,-4,-5,-134
1767172730.9442382,-5,-8,-135
1767172730.9542382,0,-8,-131
1767172730.9642382,0,-7,-127
1767172730.9742382,0,-6,-124
1767172730.984238,0,-1,-134
1767172730.994238,5,0,-140
1767172731.004238,3,-3,-135
1767172731.014238,1,-5,-141
1767172731.024238,-1,-3,-145
1767172731.034238,0,-2,-147
1767172731.044238,0,0,-142
1767172731.054238,-3,-5,-137
1767172731.064238,-5,-5,-137
1767172731.074238,-7,-4,-134
1767172731.084238,-3,-1,-129
1767172731.094238,0,-2,-133
1767172731.1042385,-1,-2,-128
1767172731.1142385,-5,1,-127
1767172731.1242385,-2,1,-130
1767172731.1342382,-4,0,-136
1767172731.1442382,-1,-2,-135
1767172731.1542382,-1,-2,-128
1767172731.1642382,-2,-6,-125
1767172731.1742382,-9,-7,-124
1767172731.1842382,-9,-6,-124
1767172731.1942382,-7,-4,-127
1767172731.2042382,-9,-4,-127
1767172731.2142382,-7,-5,-125
1767172731.2242382,-7,0,-128
1767172731.234238,-4,-2,-128
1767172731.244238,1,-5,-129
1767172731.254238,0,-2,-131
1767172731.264238,-3,-6,-127
1767172731.274238,-3,-9,-124
1767172731.284238,-4,-9,-124
1767172731.294238,-2,-7,-124
1767172731.304238,3,-7,-134
1767172731.314238,4,-4,-136
1767172731.324238,3,-9,-136
1767172731.334238,1,-13,-130
1767172731.344238,2,-12,-138
1767172731.3542385,5,-11,-144
1767172731.3642385,3,-9,-147
1767172731.3742385,1,-4,-146
1767172731.3842382,1,1,-142
1767172731.3942382,2,-5,-140
1767172731.4042382,1,-6,-146
1767172731.4142382,-3,-4,-145
1767172731.4242382,-4,-2,-141
1767172731.4342382,-3,0,-140
1767172731.4442382,-3,-1,-143
1767172731.4542382,-4,-1,-144
1767172731.4642382,-9,0,-141
1767172731.4742382,-5,0,-142
1767172731.484238,-1,-2,-142
1767172731.494238,-2,-4,-136
1767172731.504238,0,-4,-132
1767172731.514238,0,-4,-130
1767172731.524238,0,-8,-135
1767172731.534238,3,-9,-141
1767172731.544238,0,-8,-143
1767172731.554238,-1,-9,-145
1767172731.564238,-5,-14,-140
1767172731.574238,-5,-10,-137
1767172731.584238,-4,-4,-140
1767172731.594238,-1,2,-142
1767172731.6042385,-1,3,-136
1767172731.6142385,0,-1,-138
1767172731.6242385,-3,-1,-142
1767172731.6342382,0,-1,-142
1767172731.6442382,0,-2,-141
1767172731.6542382,4,-7,-136
1767172731.6642382,6,-9,-136
1767172731.6742382,4,-8,-130
1767172731.6842382,3,-4,-135
1767172731.6942382,1,-3,-131
1767172731.7042382,5,-1,-138
1767172731.7142382,0,2,-137
1767172731.7242382,2,1,-133
1767172731.734238,7,0,-131
1767172731.744238,10,0,-136
1767172731.754238,8,0,-137
1767172731.764238,4,0,-140
1767172731.774238,3,-4,-140
1767172731.784238,9,-4,-135
1767172731.794238,4,-5,-132
1767172731.804238,7,-5,-131
1767172731.814238,4,0,-127
1767172731.824238,1,0,-125
1767172731.834238,0,0,-132
1767172731.844238,-1,-3,-135
1767172731.8542385,-4,-8,-135
1767172731.8642385,-2,-7,-135
1767172731.8742385,0,-7,-129
1767172731.8842382,-2,-3,-125
1767172731.8942382,-3,1,-131
1767172731.9042382,-3,0,-132
1767172731.9142382,-4,-2,-136
1767172731.9242382,-2,-3,-140
1767172731.9342382,0,0,-142
1767172731.9442382,-2,3,-137
1767172731.9542382,0,3,-140
1767172731.9642382,-2,3,-140
1767172731.9742382,2,0,-134
1767172731.984238,3,-1,-132
1767172731.994238,0,0,-144
1767172732.004238,-3,-1,-145
1767172732.014238,-2,-4,-143
1767172732.024238,-1,0,-135
1767172732.034238,0,0,-134
1767172732.044238,3,-1,-136
1767172732.054238,3,-2,-143
1767172732.064238,-2,-1,-137
1767172732.074238,-3,-6,-136
1767172732.084238,-1,-7,-134
1767172732.094238,1,-9,-140
1767172732.1042385,0,-7,-145
1767172732.1142385,-3,-2,-139
1767172732.1242385,0,-2,-134
1767172732.1342382,1,-3,-132
1767172732.1442382,2,-1,-139
1767172732.1542382,1,2,-136
1767172732.1642382,-1,3,-134
1767172732.1742382,0,2,-129
1767172732.1842382,0,0,-130
1767172732.1942382,-4,-1,-127
1767172732.2042382,-3,-4,-130
1767172732.2142382,-3,-2,-127
1767172732.2242382,-4,-1,-129
1767172732.234238,2,-2,-131
1767172732.244238,4,-2,-131
1767172732.254238,3,-1,-132
1767172732.264238,-1,-1,-133
1767172732.274238,-1,-6,-129
1767172732.284238,-2,-9,-123
1767172732.294238,-1,-10,-119
1767172732.304238,0,-7,-121
1767172732.314238,-2,-3,-128
1767172732.324238,-2,-3,-126
1767172732.334238,0,-5,-125
1767172732.344238,1,0,-124
1767172732.3542385,6,-3,-126
1767172732.3642385,4,-5,-119
1767172732.3742385,1,-5,-115
1767172732.3842382,2,-6,-117
1767172732.3942382,-1,-7,-120
1767172732.4042382,-3,-4,-128
1767172732.4142382,-5,-3,-134
1767172732.4242382,-5,-2,-133
1767172732.4342382,-2,-2,-131
1767172732.4442382,-3,-1,-137
1767172732.4542382,-2,-3,-138
1767172732.4642382,-7,-1,-137
1767172732.4742382,-4,-3,-135
1767172732.484238,-3,-6,-125
1767172732.494238,-5,-5,-127
1767172732.504238,-4,-4,-124
1767172732.514238,-1,-3,-123
1767172732.524238,-4,0,-132
1767172732.534238,-2,0,-135
1767172732.544238,-3,0,-135
1767172732.554238,-4,1,-130
1767172732.564238,-3,1,-132
1767172732.574238,-4,-2,-130
1767172732.584238,-1,-3,-131
1767172732.594238,2,-3,-130
1767172732.6042385,6,-3,-125
1767172732.6142385,5,-2,-130
1767172732.6242385,6,1,-137
1767172732.6342382,0,4,-139
1767172732.6442382,2,4,-137
1767172732.6542382,0,0,-132
1767172732.6642382,0,-2,-125
1767172732.6742382,0,-4,-124
1767172732.6842382,0,-3,-129
1767172732.6942382,0,-1,-130
1767172732.7042382,0,-1,-131
1767172732.7142382,0,0,-139
1767172732.7242382,-1,-5,-138
1767172732.734238,-2,-5,-140
1767172732.744238,-1,-5,-135
1767172732.754238,-3,-5,-132
1767172732.764238,-4,-5,-131
1767172732.774238,-3,-8,-129
1767172732.784238,0,-6,-127
1767172732.794238,0,-3,-132
1767172732.804238,0,-5,-134
1767172732.814238,-2,-10,-134
1767172732.824238,0,-13,-127
1767172732.834238,5,-6,-132
1767172732.844238,5,-2,-135
1767172732.8542385,2,-6,-132
1767172732.8642385,-1,-8,-131
1767172732.8742385,-2,-8,-129
1767172732.8842382,-3,-8,-129
1767172732.8942382,0,-10,-126
1767172732.9042382,4,-9,-132
1767172732.9142382,4,-6,-122
1767172732.9242382,2,-6,-128
1767172732.9342382,4,-7,-126
1767172732.9442382,4,-9,-128
1767172732.9542382,0,-7,-136
1767172732.9642382,-2,-6,-134
1767172732.9742382,-3,-3,-133
1767172732.984238,-2,-5,-139
1767172732.994238,0,-9,-141
1767172733.004238,-1,-8,-141
1767172733.014238,-1,-7,-139
1767172733.024238,-1,-8,-142
1767172733.034238,-3,-13,-141
1767172733.044238,-1,-13,-139
1767172733.054238,1,-8,-142
1767172733.064238,6,-5,-143
1767172733.074238,2,-7,-144
1767172733.084238,2,-3,-140
1767172733.094238,-3,0,-140
1767172733.1042385,-1,-2,-142
1767172733.1142385,0,-4,-138
1767172733.1242385,-3,-4,-137
1767172733.1342382,4,-7,-135
1767172733.1442382,6,-8,-141
1767172733.1542382,4,-5,-138
1767172733.1642382,4,-2,-132
1767172733.1742382,5,0,-137
1767172733.1842382,9,0,-133
1767172733.1942382,4,-3,-137
1767172733.205238,3,0,-134
1767172733.2142382,1,1,-133
1767172733.2242382,-1,3,-134
1767172733.234238,0,1,-128
1767172733.244238,-2,0,-134
1767172733.254238,-1,0,-133
1767172733.264238,-4,0,-129
1767172733.274238,-1,2,-119
1767172733.284238,4,0,-123
1767172733.294238,1,-1,-124
1767172733.304238,0,-4,-127
1767172733.314238,-3,-7,-127
1767172733.324238,-6,-5,-129
1767172733.334238,-4,-3,-135
1767172733.344238,-3,-1,-134
1767172733.3552382,-2,4,-137
1767172733.3652382,0,4,-135
1767172733.3752382,0,5,-139
1767172733.3852382,4,6,-143
1767172733.3952382,3,0,-143
1767172733.4052382,2,0,-140
1767172733.415238,1,-4,-141
1767172733.425238,2,-3,-146
1767172733.435238,1,-4,-141
1767172733.445238,-1,1,-140
1767172733.455238,-2,6,-141
1767172733.465238,-3,4,-139
1767172733.475238,-1,4,-139
1767172733.485238,0,3,-134
1767172733.495238,3,5,-135
1767172733.505238,7,4,-142
1767172733.515238,3,0,-147
1767172733.525238,6,0,-144
1767172733.5352385,9,-6,-142
1767172733.5452385,7,-5,-145
1767172733.5552382,7,-6,-143
1767172733.5652382,7,0,-145
1767172733.5752382,1,0,-143
1767172733.5852382,5,-1,-139
1767172733.5952382,7,-3,-139
1767172733.6052382,5,-7,-140
1767172733.6152382,1,-8,-141
1767172733.6252382,-1,-7,-137
1767172733.6352382,-5,-4,-129
1767172733.6452382,-6,-8,-132
1767172733.6552382,-4,-4,-136
1767172733.665238,-2,-1,-131
1767172733.675238,-3,-7,-135
1767172733.685238,-2,-7,-134
1767172733.695238,0,-7,-137
1767172733.705238,-2,-8,-135
1767172733.715238,-4,-2,-138
1767172733.725238,0,-4,-137
1767172733.735238,-2,-8,-135
1767172733.745238,4,-4,-135
1767172733.755238,5,-5,-133
1767172733.765238,8,-1,-131
1767172733.775238,4,-1,-136
1767172733.7852385,0,0,-142
1767172733.7952385,1,-3,-143
1767172733.8052382,2,1,-138
1767172733.8152382,5,0,-131
1767172733.8252382,2,0,-130
1767172733.8352382,-4,1,-133
1767172733.8452382,-1,0,-138
1767172733.8552382,2,0,-130
1767172733.8652382,2,-2,-128
1767172733.8752382,0,-2,-129
1767172733.8852382,-1,-3,-134
1767172733.8952382,1,-1,-135
1767172733.9052382,0,2,-133
1767172733.915238,1,1,-131
1767172733.925238,5,4,-136
1767172733.935238,3,0,-136
1767172733.945238,6,-2,-135
1767172733.955238,2,-2,-141
1767172733.965238,3,2,-138
1767172733.975238,4,6,-133
1767172733.985238,2,5,-141
1767172733.995238,6,3,-142
1767172734.005238,1,2,-141
1767172734.015238,-4,0,-134
1767172734.025238,0,0,-133
1767172734.0352385,0,0,-129
1767172734.0452385,0,-5,-132
1767172734.0552382,5,-5,-136
1767172734.0652382,0,-5,-138
1767172734.0752382,-7,-7,-147
1767172734.0852382,-5,-10,-147
1767172734.0952382,-5,-7,-145
1767172734.1052382,-7,-7,-142
1767172734.1152382,-9,-1,-141
1767172734.1372385,-5,-1,-133
1767172734.1452382,-5,0,-129
1767172734.1552382,-3,1,-124
1767172734.165238,-1,2,-124
1767172734.175238,0,3,-127
1767172734.185238,-1,1,-125
1767172734.195238,-7,3,-127
1767172734.205238,-6,1,-135
1767172734.215238,0,4,-135
1767172734.225238,0,2,-135
1767172734.235238,-2,0,-134
1767172734.245238,0,-3,-130
1767172734.255238,3,1,-134
1767172734.265238,4,4,-128
1767172734.275238,4,1,-128
1767172734.2852385,1,1,-129
1767172734.2952385,4,0,-135
1767172734.3052382,-1,-4,-129
1767172734.3152382,-3,-3,-119
1767172734.3252382,-4,-1,-123
1767172734.3352382,-4,-4,-128
1767172734.3452382,0,-3,-133
1767172734.3552382,0,-3,-134
1767172734.3652382,1,-3,-135
1767172734.3752382,3,-1,-137
1767172734.3852382,3,0,-133
1767172734.3952382,2,1,-138
1767172734.4052382,4,3,-145
1767172734.415238,5,4,-139
1767172734.425238,4,2,-131
1767172734.435238,4,-3,-136
1767172734.445238,0,0,-133
1767172734.455238,-4,3,-126
1767172734.465238,-8,1,-125
1767172734.475238,-5,0,-128
1767172734.485238,-1,-2,-126
1767172734.495238,-2,-2,-131
1767172734.505238,-2,-2,-135
1767172734.515238,-5,-2,-139
1767172734.525238,-3,1,-136
1767172734.5352385,-3,-1,-136
1767172734.5452385,-8,-2,-131
1767172734.5552382,-6,0,-131
1767172734.5652382,-6,0,-122
1767172734.5752382,-6,0,-125
1767172734.5852382,-5,1,-137
1767172734.5952382,-4,2,-136
1767172734.6052382,-3,3,-135
1767172734.6152382,-2,1,-132
1767172734.6252382,-5,-1,-136
1767172734.6352382,-7,1,-136
1767172734.6452382,-11,0,-136
1767172734.6552382,-8,0,-133
1767172734.665238,-6,-3,-132
1767172734.675238,-5,-2,-134
1767172734.685238,0,1,-139
1767172734.695238,0,2,-142
1767172734.705238,-3,1,-132
1767172734.715238,-1,0,-132
1767172734.725238,-1,0,-132
1767172734.735238,0,-2,-131
1767172734.745238,-2,0,-128
1767172734.755238,2,-5,-131
1767172734.765238,3,-3,-136
1767172734.775238,1,-2,-138
1767172734.7852385,1,0,-139
1767172734.7952385,0,-1,-131
1767172734.8052382,3,-1,-134
1767172734.8152382,3,0,-137
1767172734.8252382,2,-1,-139
1767172734.8352382,1,0,-142
1767172734.8452382,3,2,-145
1767172734.8552382,-1,1,-141
1767172734.8652382,0,-2,-140
1767172734.8752382,0,0,-137
1767172734.8852382,-2,0,-132
1767172734.8952382,-5,0,-134
1767172734.9052382,-3,-3,-133
1767172734.915238,-2,-3,-135
1767172734.925238,-4,-2,-143
1767172734.935238,1,-3,-145
1767172734.946238,1,-10,-141
1767172734.955238,0,-9,-138
1767172734.965238,0,-4,-144
1767172734.975238,-2,0,-149
1767172734.985238,-1,5,-144
1767172734.995238,-2,3,-135
1767172735.005238,-6,4,-134
1767172735.015238,-10,3,-135
1767172735.025238,-8,-3,-135
1767172735.0352385,-6,-4,-129
1767172735.0452385,-3,-2,-136
1767172735.0552382,-2,-4,-136
1767172735.0652382,-1,-2,-137
1767172735.0752382,0,-1,-138
1767172735.0852382,0,-2,-139
1767172735.0952382,-2,0,-144
1767172735.1052382,0,-1,-142
1767172735.1152382,2,-3,-136
1767172735.1252382,7,-5,-138
1767172735.1352382,5,-1,-136
1767172735.1452382,2,-4,-136
1767172735.1552382,0,0,-134
1767172735.165238,3,3,-135
1767172735.175238,0,4,-139
1767172735.185238,-1,5,-138
1767172735.195238,-3,0,-142
1767172735.205238,0,0,-139
1767172735.215238,0,1,-135
1767172735.225238,2,5,-132
1767172735.235238,0,4,-132
1767172735.245238,3,3,-133
1767172735.255238,7,3,-132
1767172735.265238,10,5,-134
1767172735.275238,8,5,-133
1767172735.2852385,3,2,-138
1767172735.2952385,0,0,-133
1767172735.3052382,3,1,-134
1767172735.3152382,5,-1,-135
1767172735.3252382,4,1,-134
1767172735.3352382,1,2,-132
1767172735.3452382,0,0,-131
1767172735.3552382,3,-2,-131
1767172735.3652382,4,-2,-131
1767172735.3752382,7,0,-132
1767172735.3852382,5,-3,-129
1767172735.3952382,6,-4,-131
1767172735.4052382,1,1,-134
1767172735.415238,0,1,-134
1767172735.425238,0,0,-121
1767172735.435238,-6,-3,-126
1767172735.445238,-6,-2,-125
1767172735.455238,-2,-3,-125
1767172735.465238,-3,-4,-130
1767172735.475238,-3,-3,-130
1767172735.485238,-1,-6,-134
1767172735.495238,1,-3,-145
1767172735.505238,3,1,-146
1767172735.515238,3,2,-149
1767172735.525238,1,5,-140
1767172735.5352385,-3,5,-135
1767172735.5452385,-6,2,-140
1767172735.5552382,-3,0,-141
1767172735.5652382,-4,-3,-135
1767172735.5752382,-3,-6,-134
1767172735.5852382,-3,-5,-135
1767172735.5952382,0,-9,-138
1767172735.6052382,0,-9,-141
1767172735.6152382,-1,-5,-136
1767172735.6252382,-3,-3,-133
1767172735.6352382,-1,0,-139
1767172735.6452382,-3,2,-138
1767172735.6552382,-1,0,-141
1767172735.665238,-2,4,-140
1767172735.675238,1,6,-140
1767172735.685238,1,3,-140
1767172735.695238,0,0,-134
1767172735.705238,0,-3,-131
1767172735.715238,0,-1,-132
1767172735.725238,-2,0,-137
1767172735.735238,1,0,-139
1767172735.745238,-1,-1,-130
1767172735.755238,0,1,-128
1767172735.765238,-1,1,-125
1767172735.775238,0,4,-123
1767172735.7852385,0,2,-129
1767172735.7952385,0,1,-135
1767172735.8052382,0,-2,-135
1767172735.8152382,-1,-4,-132
1767172735.8252382,0,-9,-136
1767172735.8352382,0,-12,-130
1767172735.8452382,0,-12,-127
1767172735.8552382,0,-8,-129
1767172735.8652382,-2,-4,-131
1767172735.8752382,2,-2,-132
1767172735.8852382,2,-1,-129
1767172735.8952382,4,-1,-130
1767172735.9052382,0,-2,-131
1767172735.915238,-1,-2,-129
1767172735.925238,-2,-1,-132
1767172735.935238,-3,-4,-135
1767172735.946238,0,-1,-134
1767172735.9562385,-1,-2,-131
1767172735.9662385,0,0,-132
1767172735.9762385,0,0,-136
1767172735.9862382,0,0,-134
1767172735.9962382,2,1,-135
1767172736.0062382,-1,1,-130
1767172736.0162382,-1,0,-135
1767172736.0262382,-2,3,-137
1767172736.0362382,0,6,-133
1767172736.0462382,0,7,-129
1767172736.0562382,-2,6,-133
1767172736.0662382,0,2,-137
1767172736.0762382,0,6,-135
1767172736.086238,0,5,-143
1767172736.096238,-2,5,-142
1767172736.106238,0,2,-140
1767172736.116238,6,0,-142
1767172736.126238,3,0,-140
1767172736.136238,2,0,-144
1767172736.146238,1,1,-141
1767172736.156238,-2,3,-138
1767172736.166238,-3,3,-136
1767172736.176238,0,1,-133
1767172736.186238,0,3,-138
1767172736.196238,0,5,-143
1767172736.2062385,0,0,-137
1767172736.2162385,1,4,-137
1767172736.2262385,6,4,-138
1767172736.2362382,7,0,-144
1767172736.2462382,8,3,-141
1767172736.2562382,7,0,-140
1767172736.2662382,6,-3,-136
1767172736.2762382,0,-3,-135
1767172736.2862382,1,-3,-132
1767172736.2962382,-1,-6,-133
1767172736.3062382,-6,-6,-132
1767172736.3162382,-7,-5,-141
1767172736.3262382,-4,0,-143
1767172736.336238,-6,0,-138
1767172736.346238,-9,0,-145
1767172736.356238,-4,-1,-144
1767172736.366238,-1,0,-138
1767172736.376238,-4,2,-138
1767172736.386238,-4,1,-136
1767172736.396238,-3,0,-132
1767172736.406238,-3,-4,-133
1767172736.416238,-7,0,-128
1767172736.426238,-9,1,-136
1767172736.436238,-7,1,-133
1767172736.446238,-5,2,-129
1767172736.4562385,-6,5,-128
1767172736.4662385,-7,7,-131
1767172736.4762385,-7,10,-131
1767172736.4862382,-5,9,-130
1767172736.4962382,-6,5,-133
1767172736.5062382,-2,6,-130
1767172736.5162382,0,4,-132
1767172736.5262382,1,0,-132
1767172736.5362382,1,-2,-129
1767172736.5462382,5,0,-129
1767172736.5562382,3,-3,-136
1767172736.5662382,5,-4,-137
1767172736.5762382,3,1,-142
1767172736.586238,0,1,-140
1767172736.596238,6,0,-142
1767172736.606238,2,-2,-139
1767172736.616238,-3,0,-139
1767172736.626238,-2,0,-139
1767172736.636238,-2,-3,-135
1767172736.646238,2,-5,-134
1767172736.656238,6,-4,-136
1767172736.666238,4,-2,-127
1767172736.676238,1,-4,-126
1767172736.686238,-1,-4,-130
1767172736.696238,1,-3,-134
1767172736.7062385,4,-8,-137
1767172736.7162385,1,-6,-139
1767172736.7262385,0,-5,-139
1767172736.7362382,-2,-8,-143
1767172736.7462382,-2,-5,-147
1767172736.7562382,-4,-6,-143
1767172736.7662382,-6,-4,-138
1767172736.7762382,-8,-7,-139
1767172736.7862382,-8,-6,-136
1767172736.7962382,-12,-8,-134
1767172736.8062382,-11,-3,-129
1767172736.8162382,-5,0,-131
1767172736.8262382,-5,0,-134
1767172736.836238,-4,0,-133
1767172736.846238,-4,3,-130
1767172736.856238,-4,2,-127
1767172736.866238,0,3,-129
1767172736.876238,-1,1,-129
1767172736.886238,-5,2,-125
1767172736.896238,-5,2,-123
1767172736.906238,-2,-1,-122
1767172736.916238,0,1,-125
1767172736.926238,-2,3,-128
1767172736.936238,-1,2,-127
1767172736.946238,-1,4,-127
1767172736.9562385,-3,3,-128
1767172736.9662385,-4,1,-131
1767172736.9762385,-4,-1,-131
1767172736.9862382,-2,0,-135
1767172736.9962382,-3,0,-133
1767172737.0062382,-3,2,-127
1767172737.0162382,-2,3,-128
1767172737.0262382,0,4,-132
1767172737.0362382,0,3,-137
1767172737.0462382,4,2,-136
1767172737.0562382,1,3,-143
1767172737.0662382,0,2,-148
1767172737.0762382,-1,5,-144
1767172737.086238,0,3,-142
1767172737.096238,-1,4,-140
1767172737.106238,4,4,-141
1767172737.116238,0,3,-143
1767172737.126238,-1,3,-137
1767172737.136238,-2,2,-134
1767172737.146238,-4,0,-135
1767172737.156238,-4,0,-135
1767172737.166238,-3,-2,-137
1767172737.176238,-2,-3,-135
1767172737.186238,1,1,-133
1767172737.196238,0,5,-137
1767172737.2062385,-1,2,-139
1767172737.2162385,0,0,-143
1767172737.2262385,-3,2,-146
1767172737.2362382,-5,0,-143
1767172737.2462382,-2,-2,-138
1767172737.2562382,-1,-2,-138
1767172737.2662382,-1,-2,-140
1767172737.2762382,0,0,-138
1767172737.2862382,1,3,-139
1767172737.2962382,0,1,-135
1767172737.3062382,-2,2,-134
1767172737.3162382,-1,0,-133
1767172737.3262382,0,-1,-130
1767172737.336238,2,-3,-129
1767172737.346238,2,-2,-130
1767172737.356238,1,0,-132
1767172737.366238,3,-5,-129
1767172737.376238,5,-2,-134
1767172737.386238,5,-6,-139
1767172737.396238,3,-7,-142
1767172737.406238,3,-5,-134
1767172737.416238,5,-3,-135
1767172737.426238,3,-2,-138
1767172737.436238,4,-3,-146
1767172737.446238,5,-3,-143
1767172737.4562385,2,-5,-140
1767172737.4662385,1,-3,-141
1767172737.4762385,0,-4,-139
1767172737.4862382,-2,0,-130
1767172737.4962382,-2,0,-133
1767172737.5062382,1,0,-130
1767172737.5162382,0,2,-131
1767172737.5262382,0,9,-125
1767172737.5362382,1,5,-126
1767172737.5462382,-2,2,-137
1767172737.5562382,-1,0,-141
1767172737.5662382,0,5,-139
1767172737.5762382,2,3,-135
1767172737.586238,2,5,-133
1767172737.596238,3,8,-136
1767172737.606238,0,7,-130
1767172737.616238,5,5,-138
1767172737.626238,5,6,-142
1767172737.636238,3,10,-141
1767172737.646238,3,3,-138
1767172737.656238,4,0,-138
1767172737.666238,2,2,-146
1767172737.676238,-3,0,-142
1767172737.686238,-3,1,-140
1767172737.696238,0,-2,-139
1767172737.7062385,3,0,-134
1767172737.7162385,1,0,-131
1767172737.7262385,-1,-1,-126
1767172737.7362382,1,0,-129
1767172737.7462382,1,1,-127
1767172737.7562382,-1,4,-133
1767172737.7662382,0,1,-136
1767172737.7762382,2,0,-138
1767172737.7862382,2,3,-137
1767172737.7962382,4,5,-131
1767172737.8062382,7,4,-125
1767172737.8162382,8,-1,-125
1767172737.8262382,6,-1,-126
1767172737.836238,-2,0,-124
1767172737.846238,0,3,-126
1767172737.856238,-4,3,-124
1767172737.866238,-3,2,-123
1767172737.876238,-4,0,-127
1767172737.886238,0,3,-123
1767172737.896238,3,1,-134
1767172737.906238,1,0,-142
1767172737.916238,-2,-3,-142
1767172737.926238,-4,-4,-138
1767172737.936238,-2,0,-138
1767172737.946238,0,-1,-133
1767172737.9562385,-1,3,-138
1767172737.9662385,0,3,-141
1767172737.9762385,0,3,-139
1767172737.9862382,0,5,-137
1767172737.9962382,-2,0,-138
1767172738.0062382,0,-2,-139
1767172738.0162382,-3,1,-136
1767172738.0262382,-1,0,-135
1767172738.0362382,0,-2,-141
1767172738.0462382,-5,-2,-136
1767172738.0562382,-5,-4,-134
1767172738.0662382,-4,-5,-141
1767172738.0762382,2,-5,-145
1767172738.086238,5,-4,-147
1767172738.096238,2,-3,-143
1767172738.106238,1,-1,-145
1767172738.116238,0,0,-148
1767172738.126238,0,-4,-152
1767172738.136238,-1,-2,-142
1767172738.146238,1,-1,-141
1767172738.156238,0,0,-140
1767172738.166238,-1,-2,-139
1767172738.176238,-1,-1,-139
1767172738.186238,0,-1,-130
1767172738.196238,-2,2,-134
1767172738.2062385,1,0,-134
1767172738.2162385,2,-2,-134
1767172738.2262385,0,-4,-138
1767172738.2362382,0,-2,-134
1767172738.2462382,4,-2,-128
1767172738.2562382,3,-3,-125
1767172738.2662382,0,-3,-130
1767172738.2762382,-1,0,-130
1767172738.2862382,0,-5,-132
1767172738.2962382,0,-2,-126
1767172738.3062382,-2,-2,-123
1767172738.3162382,3,-1,-128
1767172738.3262382,0,0,-136
1767172738.336238,0,4,-137
1767172738.346238,1,1,-144
1767172738.356238,3,0,-144
1767172738.366238,4,2,-139
1767172738.376238,2,6,-142
1767172738.386238,4,5,-141
1767172738.396238,2,8,-140
1767172738.406238,1,5,-143
1767172738.416238,0,7,-147
1767172738.426238,0,6,-146
1767172738.436238,3,3,-142
1767172738.446238,3,0,-145
1767172738.4562385,-1,-2,-144
1767172738.4662385,0,-2,-142
1767172738.4762385,-2,-2,-141
1767172738.4862382,-3,-1,-142
1767172738.4962382,0,-2,-138
1767172738.5062382,0,-3,-140
1767172738.5162382,0,-6,-142
1767172738.527238,1,-7,-140
1767172738.537238,0,-3,-132
1767172738.5462382,-1,-1,-138
1767172738.557238,2,1,-135
1767172738.5662382,6,2,-141
1767172738.577238,8,0,-143
1767172738.587238,9,0,-134
1767172738.597238,10,0,-143
1767172738.607238,6,1,-143
1767172738.617238,6,1,-140
1767172738.627238,2,0,-142
1767172738.6372385,-1,-1,-144
1767172738.6472385,-1,-2,-146
1767172738.6572382,0,0,-145
1767172738.6672382,1,0,-138
1767172738.6772382,-1,-4,-135
1767172738.6872382,-2,0,-136
1767172738.6972382,0,-7,-132
1767172738.7072382,0,-7,-134
1767172738.7172382,1,-6,-124
1767172738.7272382,-1,-4,-126
1767172738.7372382,-3,-6,-123
1767172738.7472382,-4,-9,-126
1767172738.757238,-2,-7,-124
1767172738.767238,-3,-6,-126
1767172738.777238,0,-2,-133
1767172738.787238,-2,-1,-137
1767172738.797238,-2,0,-142
1767172738.807238,-7,-1,-141
1767172738.817238,-7,0,-140
1767172738.827238,-3,0,-136
1767172738.837238,-3,2,-135
1767172738.847238,0,0,-132
1767172738.857238,2,0,-127
1767172738.867238,0,4,-135
1767172738.877238,3,8,-136
1767172738.8872385,3,10,-137
1767172738.8972385,3,10,-134
1767172738.9072382,5,7,-133
1767172738.9172382,6,4,-133
1767172738.9272382,2,2,-130
1767172738.9372382,0,2,-133
1767172738.9472382,-1,2,-135
1767172738.9572382,-1,4,-137
1767172738.9672382,0,2,-137
1767172738.9772382,2,1,-135
1767172738.9872382,-2,-2,-131
1767172738.9972382,-2,-1,-135
1767172739.007238,-3,-1,-132
1767172739.017238,-1,-3,-138
1767172739.027238,-2,-3,-136
1767172739.037238,0,-3,-131
1767172739.047238,4,-1,-126
1767172739.057238,0,0,-126
1767172739.067238,-5,-2,-133
1767172739.077238,-9,-2,-132
1767172739.087238,-8,-3,-135
1767172739.097238,-4,-1,-129
1767172739.107238,1,-2,-130
1767172739.117238,-1,-7,-131
1767172739.127238,0,-9,-132
1767172739.1482382,2,-3,-141
1767172739.1572382,6,-1,-144
1767172739.1672382,7,-1,-148
1767172739.1772382,5,-3,-143
1767172739.1872382,5,0,-136
1767172739.1972382,2,2,-133
1767172739.2072382,6,2,-138
1767172739.2172382,7,1,-143
1767172739.2272382,8,0,-146
1767172739.2372382,9,2,-143
1767172739.2472382,8,0,-142
1767172739.257238,7,-3,-138
1767172739.267238,5,-4,-139
1767172739.277238,3,-3,-137
1767172739.287238,3,-4,-135
1767172739.297238,-2,0,-139
1767172739.307238,-2,0,-146
1767172739.317238,-1,0,-142
1767172739.327238,0,0,-141
1767172739.337238,2,0,-137
1767172739.347238,3,4,-138
1767172739.357238,1,5,-144
1767172739.367238,1,2,-146
1767172739.377238,0,3,-141
1767172739.3872385,0,2,-140
1767172739.3972385,-1,2,-136
1767172739.4072382,-5,0,-134
1767172739.4172382,-2,0,-136
1767172739.4272382,-4,2,-138
1767172739.4372382,3,0,-137
1767172739.4472382,0,1,-135
1767172739.4572382,-1,3,-130
1767172739.4672382,-2,4,-133
1767172739.4772382,-3,3,-132
1767172739.4872382,-3,3,-122
1767172739.4972382,-4,1,-127
1767172739.507238,-5,3,-125
1767172739.517238,-9,7,-133
1767172739.527238,-5,10,-135
1767172739.537238,-4,6,-136
1767172739.547238,-3,6,-138
1767172739.557238,-2,5,-137
1767172739.567238,-3,1,-137
1767172739.577238,-6,1,-141
1767172739.587238,-9,2,-139
1767172739.597238,-4,1,-143
1767172739.607238,-2,4,-141
1767172739.617238,0,1,-143
1767172739.627238,1,1,-135
1767172739.6372385,1,-1,-138
1767172739.6472385,0,0,-138
1767172739.6572382,1,0,-134
1767172739.6672382,3,-1,-132
1767172739.6772382,3,0,-130
1767172739.6872382,3,-3,-132
1767172739.6972382,1,-2,-132
1767172739.7072382,2,-2,-133
1767172739.7172382,2,-1,-136
1767172739.7272382,2,1,-131
1767172739.7372382,-2,-3,-134
1767172739.7472382,-4,-8,-139
1767172739.757238,-2,-7,-141
1767172739.767238,0,-8,-138
1767172739.777238,1,-10,-136
1767172739.787238,-2,-8,-131
1767172739.797238,-2,-6,-132
1767172739.807238,1,-4,-130
1767172739.817238,3,-3,-129
1767172739.827238,6,-3,-129
1767172739.837238,6,-1,-130
1767172739.847238,0,1,-136
1767172739.857238,-1,1,-141
1767172739.867238,-2,2,-148
1767172739.877238,-6,4,-141
1767172739.8872385,-2,3,-136
1767172739.8972385,-2,4,-135
1767172739.9072382,0,7,-135
1767172739.9172382,0,6,-136
1767172739.9272382,-3,4,-132
1767172739.9372382,-2,2,-137
1767172739.9472382,-5,4,-145
1767172739.9572382,-4,8,-142
1767172739.9672382,-3,9,-144
1767172739.9772382,0,9,-136
1767172739.9872382,-2,8,-138
1767172739.9972382,0,5,-143
1767172740.007238,1,3,-143
1767172740.017238,0,1,-138
1767172740.027238,-2,0,-135
1767172740.037238,0,-3,-132
1767172740.047238,1,0,-131
1767172740.057238,-1,7,-131
1767172740.067238,0,4,-140
1767172740.077238,0,0,-141
1767172740.087238,-2,1,-139
1767172740.097238,-1,6,-137
1767172740.107238,-2,5,-126
1767172740.117238,0,2,-125
1767172740.127238,-3,-2,-129
1767172740.1372385,-4,-7,-134
1767172740.1472385,-5,-8,-134
1767172740.1572382,-3,-5,-139
1767172740.1672382,-2,0,-136
1767172740.1772382,-4,0,-131
1767172740.1872382,-9,0,-132
1767172740.1972382,-5,1,-129
1767172740.2072382,-2,2,-135
1767172740.2172382,-5,2,-137
1767172740.2272382,-6,1,-136
1767172740.2372382,-2,3,-135
1767172740.2472382,0,4,-133
1767172740.257238,-2,1,-134
1767172740.267238,0,0,-132
1767172740.277238,-5,0,-135
1767172740.287238,-10,1,-137
1767172740.297238,-7,2,-130
1767172740.307238,-9,0,-125
1767172740.317238,-9,-1,-127
1767172740.327238,-8,0,-136
1767172740.337238,-10,-2,-133
1767172740.347238,-11,-2,-131
1767172740.357238,-6,-4,-127
1767172740.367238,0,-5,-124
1767172740.377238,0,-3,-123
1767172740.3872385,-2,-1,-126
1767172740.3972385,0,0,-122
1767172740.4072382,0,-3,-125
1767172740.4172382,2,-6,-123
1767172740.4272382,-1,-1,-129
1767172740.4372382,0,-1,-126
1767172740.4472382,4,-2,-126
1767172740.4572382,4,-1,-123
1767172740.4672382,4,-1,-124
1767172740.4772382,0,-2,-125
1767172740.4872382,6,-3,-130
1767172740.4972382,4,-8,-131
1767172740.507238,3,-5,-132
1767172740.517238,0,-6,-136
1767172740.527238,-2,-3,-134
1767172740.537238,0,-5,-136
1767172740.547238,1,-7,-130
1767172740.557238,0,-12,-139
1767172740.567238,2,-8,-145
1767172740.577238,4,-6,-142
1767172740.587238,0,-6,-140
1767172740.597238,-3,0,-139
1767172740.607238,0,-1,-132
1767172740.617238,2,-5,-129
1767172740.627238,0,-7,-132
1767172740.6372385,-3,-4,-134
1767172740.6472385,-5,-4,-134
1767172740.6572382,-9,-5,-135
1767172740.6672382,-4,-3,-136
1767172740.6772382,-3,-5,-137
1767172740.6872382,3,-3,-137
1767172740.6972382,5,-6,-144
1767172740.7072382,-1,-5,-144
1767172740.7172382,2,-3,-143
1767172740.7272382,3,-3,-144
1767172740.7372382,4,-7,-142
1767172740.7472382,0,-7,-142
1767172740.757238,-2,-4,-141
1767172740.767238,-2,-2,-130
1767172740.777238,-3,-3,-131
1767172740.787238,-3,-2,-130
1767172740.797238,-2,-1,-125
1767172740.807238,-6,0,-124
1767172740.817238,-6,-2,-132
1767172740.827238,-3,0,-133
1767172740.837238,0,2,-129
1767172740.847238,-3,6,-129
1767172740.857238,-6,7,-131
1767172740.867238,-4,3,-137
1767172740.877238,-4,3,-139
1767172740.8872385,-2,1,-138
1767172740.8972385,-2,0,-138
1767172740.9072382,-1,0,-134
1767172740.9172382,1,0,-125
1767172740.9272382,0,0,-125
1767172740.9372382,-1,-1,-122
1767172740.9472382,0,0,-125
1767172740.9572382,2,-2,-130
1767172740.9672382,1,-4,-128
1767172740.9772382,2,-4,-133
1767172740.9872382,-2,-6,-134
1767172740.9972382,-2,-1,-133
1767172741.007238,-1,0,-131
1767172741.017238,-3,3,-131
1767172741.027238,-3,4,-132
1767172741.037238,2,8,-135
1767172741.047238,3,7,-136
1767172741.057238,2,6,-137
1767172741.067238,-3,0,-136
1767172741.077238,-7,0,-142
1767172741.087238,-7,-2,-140
1767172741.097238,-7,0,-138
1767172741.107238,-4,-2,-137
1767172741.117238,-2,-3,-131
1767172741.127238,4,1,-130
1767172741.1372385,4,0,-131
1767172741.1482382,5,0,-139
1767172741.1582382,8,-2,-139
1767172741.1682382,11,0,-138
1767172741.1782382,13,0,-138
1767172741.188238,11,2,-142
1767172741.198238,5,3,-142
1767172741.208238,3,3,-142
1767172741.218238,3,2,-133
1767172741.228238,4,0,-128
1767172741.238238,1,-2,-122
1767172741.248238,0,0,-128
1767172741.258238,4,0,-132
1767172741.268238,4,0,-135
1767172741.278238,3,-5,-139
1767172741.288238,2,-9,-134
1767172741.298238,1,-9,-131
1767172741.3082385,3,-6,-133
1767172741.3182385,3,0,-141
1767172741.3282382,3,-3,-147
1767172741.3382382,5,-7,-143
1767172741.3482382,8,-6,-139
1767172741.3582382,5,-4,-133
1767172741.3682382,8,-4,-129
1767172741.3782382,7,-2,-131
1767172741.3882382,4,-3,-126
1767172741.3982382,6,0,-131
1767172741.4082382,5,-1,-131
1767172741.4182382,4,-1,-133
1767172741.4282382,1,-4,-135
1767172741.438238,2,-10,-132
1767172741.448238,-1,-8,-136
1767172741.458238,-2,-9,-136
1767172741.468238,-2,-6,-147
1767172741.478238,-7,-3,-147
1767172741.488238,-6,-3,-147
1767172741.498238,-4,0,-140
1767172741.508238,-3,-1,-136
1767172741.518238,-5,-1,-137
1767172741.528238,-5,-3,-141
1767172741.538238,-6,0,-147
1767172741.548238,-4,-1,-146
1767172741.5582385,-4,-1,-142
1767172741.5682385,-5,-5,-131
1767172741.5782382,-1,1,-126
1767172741.5882382,-5,0,-123
1767172741.5982382,-8,-2,-128
1767172741.6082382,-7,-7,-127
1767172741.6182382,-3,-3,-132
1767172741.6282382,-10,-2,-134
1767172741.6382382,-9,-1,-139
1767172741.6482382,-4,0,-140
1767172741.6582382,-5,-3,-142
1767172741.6682382,-4,-3,-145
1767172741.6782382,-3,-4,-143
1767172741.688238,-11,-2,-140
1767172741.698238,-13,0,-135
1767172741.708238,-14,0,-132
1767172741.718238,-14,0,-130
1767172741.728238,-10,-1,-128
1767172741.738238,-6,-2,-129
1767172741.748238,-4,-3,-135
1767172741.758238,-3,-4,-138
1767172741.768238,-3,-2,-133
1767172741.778238,-1,-2,-133
1767172741.788238,1,-2,-135
1767172741.798238,4,-4,-131
1767172741.8082385,4,-7,-132
1767172741.8182385,2,-3,-135
1767172741.8282382,5,0,-136
1767172741.8382382,3,-4,-129
1767172741.8482382,5,-4,-127
1767172741.8582382,1,-5,-126
1767172741.8682382,1,-4,-126
1767172741.8782382,-2,-7,-130
1767172741.8882382,-1,-4,-133
1767172741.8982382,-1,-1,-128
1767172741.9082382,-3,1,-133
1767172741.9182382,-2,4,-135
1767172741.9282382,-2,6,-134
1767172741.938238,-1,7,-125
1767172741.948238,-1,2,-125
1767172741.958238,0,3,-121
1767172741.968238,2,7,-119
1767172741.978238,5,5,-129
1767172741.988238,7,2,-128
1767172741.998238,10,-1,-129
1767172742.008238,13,-5,-135
1767172742.018238,11,-8,-136
1767172742.028238,8,-12,-127
1767172742.038238,6,-7,-125
1767172742.048238,1,-6,-124
1767172742.0582385,2,-5,-118
1767172742.0682385,-5,-1,-117
1767172742.0782382,-6,0,-120
1767172742.0882382,-5,0,-120
1767172742.0982382,-6,-2,-125
1767172742.1082382,-1,0,-129
1767172742.1182382,2,-2,-132
1767172742.1282382,8,0,-135
1767172742.1382382,10,-4,-134
1767172742.1482382,10,-5,-139
1767172742.1582382,8,-11,-140
1767172742.1682382,10,-10,-136
1767172742.1782382,8,-6,-144
1767172742.188238,6,0,-144
1767172742.198238,6,1,-142
1767172742.208238,5,0,-130
1767172742.218238,6,-1,-128
1767172742.228238,6,1,-122
1767172742.238238,6,1,-125
1767172742.248238,5,-1,-129
1767172742.258238,0,-3,-132
1767172742.268238,-3,-3,-122
1767172742.278238,0,0,-126
1767172742.288238,-1,-1,-130
1767172742.298238,-3,-5,-134
1767172742.3082385,-3,-4,-126
1767172742.3192382,-1,-3,-127
1767172742.3282382,1,-5,-125
1767172742.3382382,2,-5,-120
1767172742.3482382,0,-2,-126
1767172742.3582382,0,-2,-122
1767172742.3682382,0,-3,-123
1767172742.3782382,-1,-5,-128
1767172742.3882382,0,-3,-130
1767172742.3982382,1,-5,-129
1767172742.4082382,1,-3,-133
1767172742.4182382,0,-7,-133
1767172742.4282382,2,-3,-129
1767172742.438238,-1,0,-128
1767172742.448238,-2,-1,-137
1767172742.458238,-1,-1,-135
1767172742.468238,3,0,-136
1767172742.478238,0,-3,-133
1767172742.488238,-1,-2,-136
1767172742.498238,2,1,-139
1767172742.508238,1,-4,-134
1767172742.518238,1,-3,-135
1767172742.528238,5,-1,-130
1767172742.538238,1,-3,-134
1767172742.548238,0,-3,-136
1767172742.5582385,1,0,-137
1767172742.5682385,0,-1,-139
1767172742.5782382,-4,-1,-139
1767172742.5882382,-5,-1,-137
1767172742.5982382,-5,-1,-136
1767172742.6082382,-3,-1,-136
1767172742.6182382,-5,0,-138
1767172742.6282382,-4,-1,-133
1767172742.6382382,-2,6,-133
1767172742.6482382,-5,1,-132
1767172742.6582382,-3,2,-125
1767172742.6682382,-3,3,-123
1767172742.6782382,-7,4,-122
1767172742.688238,-6,3,-129
1767172742.698238,-2,-1,-120
1767172742.708238,0,-4,-115
1767172742.718238,1,-5,-116
1767172742.728238,-1,0,-119
1767172742.738238,-3,-4,-122
1767172742.748238,1,-3,-130
1767172742.758238,6,2,-134
1767172742.768238,6,2,-137
1767172742.778238,3,2,-139
1767172742.788238,0,3,-136
1767172742.798238,5,2,-138
1767172742.8082385,1,0,-132
1767172742.8182385,1,0,-133
1767172742.8282382,0,-2,-130
1767172742.8382382,3,-3,-125
1767172742.8482382,4,-6,-121
1767172742.8582382,4,-5,-119
1767172742.8682382,0,-3,-118
1767172742.8782382,-2,-1,-122
1767172742.8882382,-4,-8,-130
1767172742.8982382,-4,-6,-129
1767172742.9082382,-7,-3,-131
1767172742.9182382,-6,-5,-127
1767172742.9282382,0,-6,-124
1767172742.938238,-2,-5,-126
1767172742.948238,0,-3,-131
1767172742.958238,0,-6,-129
1767172742.968238,-1,-4,-129
1767172742.978238,-5,-3,-137
1767172742.988238,-9,-2,-134
1767172742.998238,-9,-6,-131
1767172743.008238,-4,-4,-128
1767172743.018238,-2,-3,-127
1767172743.028238,-1,-6,-132
1767172743.038238,-2,-6,-136
1767172743.048238,-1,-5,-134
1767172743.0582385,0,-4,-123
1767172743.0682385,0,-8,-127
1767172743.0782382,2,-7,-124
1767172743.0882382,1,-6,-131
1767172743.0982382,1,-4,-133
1767172743.1082382,-1,-6,-131
1767172743.1182382,-4,-6,-131
1767172743.1282382,-4,-9,-125
1767172743.1382382,-3,-7,-121
1767172743.1482382,-8,-7,-121
1767172743.1582382,-8,-7,-123
1767172743.1682382,-3,-10,-118
1767172743.1782382,-3,-6,-121
1767172743.188238,-5,-5,-125
1767172743.198238,0,-5,-132
1767172743.208238,3,-5,-135
1767172743.218238,1,-5,-136
1767172743.228238,-1,-2,-133
1767172743.238238,0,-3,-130
1767172743.248238,-1,-1,-128
1767172743.258238,-2,-2,-130
1767172743.268238,2,-1,-133
1767172743.278238,0,0,-136
1767172743.288238,-2,-4,-135
1767172743.298238,-4,-2,-138
1767172743.3082385,0,-2,-139
1767172743.3182385,-2,0,-134
1767172743.3282382,0,0,-131
1767172743.3382382,-3,-1,-133
1767172743.3482382,0,1,-134
1767172743.3582382,1,-1,-127
1767172743.3682382,1,1,-127
1767172743.3782382,0,0,-125
1767172743.3882382,1,-3,-126
1767172743.3982382,0,-6,-126
1767172743.4082382,1,-5,-130
1767172743.4182382,-1,0,-128
1767172743.4282382,1,1,-128
1767172743.438238,8,2,-130
1767172743.448238,8,1,-136
1767172743.458238,7,-1,-136
1767172743.468238,4,-2,-135
1767172743.478238,2,-3,-139
1767172743.488238,-3,1,-143
1767172743.498238,-1,0,-149
1767172743.508238,0,1,-144
1767172743.518238,2,3,-138
1767172743.528238,1,3,-138
1767172743.538238,-1,3,-134
1767172743.548238,-2,0,-132
1767172743.5582385,-3,-1,-127
1767172743.5682385,-2,-2,-133
1767172743.5782382,0,-1,-132
1767172743.5882382,2,0,-136
1767172743.5982382,3,1,-139
1767172743.6082382,0,2,-137
1767172743.6182382,-4,2,-138
1767172743.6282382,-1,2,-127
1767172743.6382382,1,0,-122
1767172743.6482382,0,-1,-129
1767172743.6582382,0,0,-137
1767172743.6682382,0,-1,-138
1767172743.6782382,-2,1,-139
1767172743.688238,-2,2,-135
1767172743.698238,1,1,-140
1767172743.708238,5,0,-136
1767172743.719238,7,-2,-134
1767172743.7292385,4,-1,-135
1767172743.7392385,0,-2,-139
1767172743.7492385,-1,0,-139
1767172743.7592382,3,-1,-142
1767172743.768238,5,-2,-132
1767172743.7792382,2,-2,-134
1767172743.7892382,1,-4,-134
1767172743.7992382,0,-5,-135
1767172743.8092382,-2,-1,-137
1767172743.8182385,-7,-4,-136
1767172743.8292382,-9,-5,-132
1767172743.8392382,-7,-3,-130
1767172743.8492382,0,-3,-135
1767172743.859238,3,-3,-129
1767172743.869238,0,-3,-125
1767172743.879238,1,-2,-126
1767172743.889238,0,0,-129
1767172743.899238,0,-1,-127
1767172743.909238,-2,0,-125
1767172743.919238,0,6,-129
1767172743.929238,2,0,-132
1767172743.939238,5,-6,-128
1767172743.949238,5,-5,-126
1767172743.959238,2,-5,-128
1767172743.969238,3,-2,-132
1767172743.9792385,1,-2,-138
1767172743.9892385,-1,-4,-143
1767172743.9992385,-3,-4,-144
1767172744.0092382,0,-6,-135
1767172744.0192382,0,-4,-126
1767172744.0292382,0,-2,-126
1767172744.0392382,-3,-4,-124
1767172744.0492382,-5,-1,-127
1767172744.0592382,-5,-2,-125
1767172744.0692382,0,0,-130
1767172744.0792382,-1,1,-132
1767172744.0892382,-2,2,-132
1767172744.0992382,-2,5,-133
1767172744.109238,-4,3,-134
1767172744.119238,0,6,-136
1767172744.129238,2,2,-138
1767172744.139238,1,2,-145
1767172744.1602385,1,2,-142
1767172744.169238,7,4,-140
1767172744.179238,8,2,-137
1767172744.189238,8,-1,-145
1767172744.199238,6,0,-143
1767172744.209238,0,0,-139
1767172744.219238,0,0,-144
1767172744.2292385,-4,2,-147
1767172744.2392385,-5,3,-144
1767172744.2492385,-3,0,-147
1767172744.2592382,-4,1,-143
1767172744.2692382,-7,1,-139
1767172744.2792382,-8,0,-134
1767172744.2892382,-3,-1,-132
1767172744.2992382,1,-1,-135
1767172744.3092382,3,1,-138
1767172744.3192382,4,0,-137
1767172744.3292382,8,1,-139
1767172744.3392382,10,2,-139
1767172744.3492382,6,7,-142
1767172744.359238,5,7,-138
1767172744.369238,1,6,-135
1767172744.379238,0,2,-136
1767172744.389238,0,2,-140
1767172744.399238,1,1,-139
1767172744.409238,3,4,-136
1767172744.419238,5,1,-134
1767172744.429238,1,-1,-129
1767172744.439238,5,-4,-138
1767172744.449238,2,1,-140
1767172744.459238,4,3,-141
1767172744.469238,0,2,-136
1767172744.4792385,-3,-1,-136
1767172744.4892385,-2,-2,-134
1767172744.4992385,0,0,-136
1767172744.5092382,1,-2,-142
1767172744.5192382,1,-3,-145
1767172744.5292382,0,-4,-141
1767172744.5392382,0,-3,-137
1767172744.5492382,-1,-1,-140
1767172744.5592382,0,-3,-137
1767172744.5692382,0,-1,-130
1767172744.5792382,-4,5,-129
1767172744.5892382,-1,7,-128
1767172744.5992382,-2,3,-130
1767172744.609238,-1,2,-134
1767172744.619238,-1,2,-134
1767172744.629238,-5,1,-139
1767172744.639238,-10,-2,-136
1767172744.649238,-8,-1,-138
1767172744.659238,-2,-2,-131
1767172744.669238,-1,-1,-135
1767172744.679238,-7,0,-129
1767172744.689238,-6,-2,-132
1767172744.699238,-4,-5,-127
1767172744.709238,1,-4,-130
1767172744.719238,1,-8,-130
1767172744.7292385,0,-8,-134
1767172744.7392385,-1,-6,-135
1767172744.7492385,-4,-6,-133
1767172744.7592382,0,-8,-130
1767172744.7692382,0,-9,-123
1767172744.7792382,2,-7,-132
1767172744.7892382,0,-7,-135
1767172744.7992382,3,-6,-137
1767172744.8092382,0,-3,-140
1767172744.8192382,0,0,-138
1767172744.8292382,0,-2,-140
1767172744.8392382,6,-3,-139
1767172744.8492382,0,-2,-141
1767172744.859238,3,0,-140
1767172744.869238,2,2,-140
1767172744.879238,5,1,-140
1767172744.889238,5,1,-142
1767172744.899238,2,-1,-143
1767172744.909238,0,0,-147
1767172744.919238,-2,0,-147
1767172744.929238,-2,5,-146
1767172744.939238,0,5,-137
1767172744.949238,0,5,-129
1767172744.959238,-1,4,-122
1767172744.969238,-1,2,-116
1767172744.9792385,2,2,-115
1767172744.9892385,0,4,-121
1767172744.9992385,-4,4,-127
1767172745.0092382,-3,6,-131
1767172745.0192382,0,2,-129
1767172745.0292382,-5,-1,-129
1767172745.0392382,-2,-2,-128
1767172745.0492382,0,-2,-126
1767172745.0592382,0,0,-128
1767172745.0692382,-3,5,-132
1767172745.0792382,-2,4,-138
1767172745.0892382,-1,9,-139
1767172745.0992382,-3,4,-135
1767172745.109238,-1,3,-133
1767172745.119238,-2,5,-137
1767172745.129238,-1,-1,-133
1767172745.139238,1,-2,-132
1767172745.149238,1,-2,-130
1767172745.159238,2,0,-131
1767172745.169238,2,2,-140
1767172745.179238,-1,1,-139
1767172745.189238,0,0,-136
1767172745.199238,-5,3,-134
1767172745.209238,-3,0,-130
1767172745.219238,-1,-2,-138
1767172745.2292385,-2,0,-138
1767172745.2392385,-3,1,-139
1767172745.2492385,-5,1,-139
1767172745.2592382,-4,2,-136
1767172745.2692382,0,3,-133
1767172745.2792382,-1,0,-132
1767172745.2892382,-2,1,-134
1767172745.2992382,-2,3,-131
1767172745.3092382,-6,1,-129
1767172745.3192382,-4,0,-137
1767172745.3292382,0,-2,-134
1767172745.3392382,-1,-2,-137
1767172745.3492382,0,-2,-134
1767172745.359238,0,-5,-133
1767172745.369238,0,-3,-129
1767172745.379238,0,-2,-128
1767172745.389238,2,-4,-134
1767172745.399238,2,-2,-133
1767172745.409238,2,-2,-134
1767172745.419238,2,-3,-132
1767172745.429238,-1,0,-136
1767172745.439238,-1,0,-131
1767172745.449238,-1,-1,-135
1767172745.459238,2,0,-136
1767172745.469238,4,1,-140
1767172745.4792385,5,0,-137
1767172745.4892385,8,-5,-128
1767172745.4992385,8,-3,-129
1767172745.5092382,4,3,-131
1767172745.5192382,6,0,-131
1767172745.5292382,6,0,-132
1767172745.5392382,6,4,-128
1767172745.5492382,4,7,-122
1767172745.5592382,-2,7,-116
1767172745.5692382,-1,1,-114
1767172745.5792382,3,-2,-118
1767172745.5892382,0,0,-124
1767172745.5992382,-2,0,-131
1767172745.609238,-4,-3,-134
1767172745.619238,-1,-5,-135
1767172745.629238,1,-5,-135
1767172745.639238,1,-2,-130
1767172745.649238,0,-2,-125
1767172745.659238,-1,-6,-118
1767172745.669238,-1,0,-123
1767172745.679238,0,-1,-127
1767172745.689238,-5,1,-129
1767172745.699238,-7,1,-130
1767172745.709238,-8,3,-125
1767172745.719238,-8,0,-124
1767172745.7292385,-5,-2,-122
1767172745.7392385,-4,-2,-127
1767172745.7492385,-4,-1,-126
1767172745.7592382,-5,-3,-127
1767172745.7692382,-4,-6,-124
1767172745.7792382,-5,-5,-127
1767172745.7892382,-1,-7,-127
1767172745.7992382,5,-2,-132
1767172745.8092382,7,-1,-141
1767172745.8192382,2,0,-145
1767172745.8292382,3,3,-145
1767172745.8392382,0,3,-145
1767172745.8492382,4,3,-141
1767172745.859238,6,-1,-133
1767172745.869238,3,-6,-130
1767172745.879238,0,-7,-128
1767172745.889238,0,-4,-133
1767172745.899238,0,-5,-132
1767172745.909238,5,-5,-134
1767172745.919238,7,1,-136
1767172745.929238,5,5,-139
1767172745.939238,5,9,-140
1767172745.949238,4,4,-140
1767172745.959238,4,1,-134
1767172745.969238,2,2,-129
1767172745.9792385,2,5,-128
1767172745.9892385,1,3,-133
1767172745.9992385,3,1,-130
1767172746.0092382,2,0,-125
1767172746.0192382,5,1,-126
1767172746.0292382,6,0,-123
1767172746.0392382,5,0,-133
1767172746.0492382,6,-1,-137
1767172746.0592382,7,-2,-132
1767172746.0692382,9,0,-133
1767172746.0792382,2,-1,-133
1767172746.0892382,-4,3,-130
1767172746.0992382,-6,1,-133
1767172746.109238,-10,1,-140
1767172746.119238,-8,0,-132
1767172746.129238,-4,-1,-122
1767172746.139238,-1,0,-122
1767172746.149238,0,0,-123
1767172746.159238,-1,-1,-123
1767172746.169238,-3,1,-129
1767172746.179238,-2,1,-127
1767172746.189238,-5,0,-130
1767172746.199238,-2,-2,-133
1767172746.209238,1,-8,-136
1767172746.219238,-2,-10,-141
1767172746.2292385,-1,-8,-142
1767172746.2392385,0,-7,-137
1767172746.2492385,2,-5,-140
1767172746.2592382,1,-3,-143
1767172746.2702382,-1,-2,-145
1767172746.2792382,-1,0,-145
1767172746.2892382,-4,0,-144
1767172746.2992382,-4,-5,-138
1767172746.3092382,-8,-7,-138
1767172746.3192382,-10,-8,-136
1767172746.3292382,-6,-7,-130
1767172746.340238,-4,-7,-138
1767172746.350238,-1,-8,-140
1767172746.360238,-1,-5,-137
1767172746.370238,2,-1,-134
1767172746.380238,0,3,-137
1767172746.390238,0,1,-135
1767172746.400238,-2,0,-136
1767172746.4102385,-4,0,-140
1767172746.4202385,-3,0,-136
1767172746.4302382,-1,-1,-141
1767172746.4402382,-2,-1,-144
1767172746.4502382,-2,-3,-143
1767172746.4602382,-3,-1,-143
1767172746.4702382,-5,0,-142
1767172746.4802382,-5,0,-142
1767172746.4902382,-5,-2,-138
1767172746.5002382,-4,-3,-139
1767172746.5102382,-5,-2,-140
1767172746.5202382,-6,-2,-141
1767172746.5302382,0,-1,-144
1767172746.540238,-1,-5,-141
1767172746.550238,-4,-3,-144
1767172746.560238,-2,0,-142
1767172746.570238,0,0,-143
1767172746.580238,0,-4,-140
1767172746.590238,3,-3,-133
1767172746.600238,5,-6,-125
1767172746.610238,5,-5,-125
1767172746.620238,4,0,-121
1767172746.630238,4,0,-130
1767172746.640238,4,0,-128
1767172746.650238,2,0,-125
1767172746.6602385,10,2,-122
1767172746.6702385,6,1,-125
1767172746.6802382,6,0,-130
1767172746.6902382,4,0,-132
1767172746.7002382,2,-2,-137
1767172746.7102382,-1,-2,-134
1767172746.7202382,-2,-1,-135
1767172746.7302382,-1,-3,-137
1767172746.7402382,-4,-2,-131
1767172746.7502382,-3,-1,-132
1767172746.7602382,3,-1,-130
1767172746.7702382,9,0,-131
1767172746.7802382,6,-1,-130
1767172746.790238,6,-2,-130
1767172746.800238,3,-6,-131
1767172746.810238,7,-8,-135
1767172746.820238,10,-6,-131
1767172746.830238,9,-2,-133
1767172746.840238,7,-3,-128
1767172746.850238,7,-4,-134
1767172746.860238,5,-2,-140
1767172746.870238,4,0,-135
1767172746.880238,4,-5,-131
1767172746.890238,0,-2,-131
1767172746.900238,-3,1,-132
1767172746.9102385,-2,-1,-135
1767172746.9202385,-7,-4,-135
1767172746.9302382,-5,-1,-131
1767172746.9402382,-2,1,-133
1767172746.9502382,2,-1,-124
1767172746.9602382,3,0,-126
1767172746.9702382,0,0,-137
1767172746.9802382,-2,-2,-143
1767172746.9902382,-2,0,-146
1767172747.0002382,0,-3,-141
1767172747.0102382,1,-1,-139
1767172747.0202382,2,0,-139
1767172747.0302382,2,-2,-136
1767172747.040238,0,-3,-138
1767172747.050238,-3,-5,-137
1767172747.060238,-3,-8,-141
1767172747.070238,-7,-9,-145
1767172747.080238,-6,-5,-146
1767172747.090238,-4,-2,-142
1767172747.100238,-2,-3,-143
1767172747.110238,0,-4,-143
1767172747.120238,0,-2,-142
1767172747.130238,0,1,-147
1767172747.140238,3,3,-145
1767172747.150238,3,1,-146
1767172747.1602385,5,3,-145
1767172747.1702385,7,2,-144
1767172747.1802382,5,0,-144
1767172747.1902382,2,0,-141
1767172747.2002382,1,2,-149
1767172747.2102382,0,6,-142
1767172747.2202382,-2,11,-145
1767172747.2302382,1,5,-143
1767172747.2402382,2,0,-138
1767172747.2502382,5,0,-137
1767172747.2602382,5,-2,-135
1767172747.2702382,5,-4,-133
1767172747.2802382,1,-3,-135
1767172747.290238,1,-2,-135
1767172747.300238,-3,-4,-134
1767172747.310238,0,-2,-140
1767172747.320238,0,-2,-141
1767172747.330238,-3,2,-144
1767172747.340238,-1,3,-137
1767172747.350238,0,2,-135
1767172747.360238,0,2,-136
1767172747.370238,-3,4,-138
1767172747.380238,-1,0,-138
1767172747.390238,0,1,-145
1767172747.400238,0,6,-152
1767172747.4102385,-1,5,-151
1767172747.4202385,-1,4,-147
1767172747.4302382,1,5,-142
1767172747.4402382,0,2,-140
1767172747.4502382,0,0,-137
1767172747.4602382,0,-1,-139
1767172747.4702382,-1,-2,-142
1767172747.4802382,-4,-7,-142
1767172747.4902382,-5,-2,-140
1767172747.5002382,-6,-3,-136
1767172747.5102382,-5,-5,-137
1767172747.5202382,-4,-4,-129
1767172747.5302382,-3,-2,-133
1767172747.540238,-1,0,-130
1767172747.550238,-6,1,-132
1767172747.560238,-4,2,-134
1767172747.570238,-1,-1,-138
1767172747.580238,-2,-1,-136
1767172747.590238,-1,-2,-135
1767172747.600238,-1,-4,-135
1767172747.610238,-1,-2,-137
1767172747.620238,-3,-1,-137
1767172747.630238,0,-2,-138
1767172747.640238,-4,-5,-143
1767172747.650238,-4,-3,-140
1767172747.6602385,-2,-5,-140
1767172747.6702385,-1,-5,-140
1767172747.6802382,-4,-3,-139
1767172747.6902382,-2,-5,-134
1767172747.7002382,-2,-4,-132
1767172747.7102382,-3,0,-132
1767172747.7202382,-7,0,-137
1767172747.7302382,-6,1,-138
1767172747.7402382,0,0,-136
1767172747.7502382,1,0,-139
1767172747.7602382,5,-3,-130
1767172747.7702382,3,0,-132
1767172747.7802382,6,4,-135
1767172747.790238,9,2,-136
1767172747.800238,12,3,-144
1767172747.810238,10,6,-140
1767172747.820238,6,1,-137
1767172747.830238,7,-3,-132
1767172747.840238,7,0,-129
1767172747.850238,6,-3,-132
1767172747.860238,0,1,-131
1767172747.870238,-2,-2,-126
1767172747.880238,-1,-2,-129
1767172747.890238,0,-1,-131
1767172747.900238,-7,-1,-128
1767172747.9102385,-8,0,-129
1767172747.9202385,-3,-3,-126
1767172747.9302382,-3,-2,-127
1767172747.9402382,0,-2,-126
1767172747.9502382,3,-3,-129
1767172747.9602382,7,-2,-128
1767172747.9702382,9,-1,-128
1767172747.9802382,6,-1,-129
1767172747.9902382,0,-2,-129
1767172748.0002382,0,1,-123
1767172748.0102382,-3,0,-125
1767172748.0202382,-2,-4,-124
1767172748.0302382,-6,-7,-120
1767172748.040238,-7,-10,-130
1767172748.050238,-4,-6,-136
1767172748.060238,-2,-3,-145
1767172748.070238,0,-4,-145
1767172748.080238,1,-4,-137
1767172748.090238,0,-3,-132
1767172748.100238,0,0,-130
1767172748.110238,0,2,-133
1767172748.120238,2,5,-138
1767172748.130238,1,3,-143
1767172748.140238,0,6,-144
1767172748.150238,0,2,-142
1767172748.1602385,3,-3,-140
1767172748.1702385,0,0,-133
1767172748.1802382,1,2,-129
1767172748.1902382,1,3,-131
1767172748.2002382,2,2,-135
1767172748.2102382,2,2,-138
1767172748.2202382,1,-1,-149
1767172748.2302382,1,-2,-143
1767172748.2402382,0,-4,-138
1767172748.2502382,1,-4,-140
1767172748.2602382,3,0,-142
1767172748.2702382,4,1,-139
1767172748.2802382,6,0,-135
1767172748.290238,3,-4,-130
1767172748.300238,3,-3,-134
1767172748.310238,3,0,-138
1767172748.320238,3,0,-132
1767172748.330238,2,-5,-133
1767172748.340238,2,-10,-128
1767172748.350238,2,-12,-133
1767172748.360238,3,-9,-132
1767172748.370238,0,-6,-130
1767172748.380238,1,-7,-133
1767172748.390238,1,-3,-140
1767172748.400238,-2,-3,-143
1767172748.4102385,-1,0,-145
1767172748.4202385,0,1,-144
1767172748.4302382,-1,1,-145
1767172748.4402382,0,1,-145
1767172748.4502382,-3,0,-142
1767172748.4602382,-2,-3,-135
1767172748.4702382,-3,-3,-139
1767172748.4802382,-3,-3,-132
1767172748.4902382,-5,0,-137
1767172748.5002382,-5,-1,-135
1767172748.5102382,-4,-4,-134
1767172748.5202382,-1,-7,-127
1767172748.5302382,-5,-8,-125
1767172748.540238,-4,-8,-121
1767172748.550238,0,-12,-116
1767172748.560238,0,-8,-121
1767172748.570238,0,-4,-135
1767172748.580238,1,-4,-135
1767172748.590238,3,-4,-129
1767172748.600238,1,-7,-133
1767172748.610238,0,-10,-133
1767172748.620238,-1,-8,-133
1767172748.630238,-4,-10,-128
1767172748.640238,-3,-8,-127
1767172748.650238,-2,-6,-124
1767172748.6602385,0,-6,-131
1767172748.6702385,0,-2,-129
1767172748.6802382,1,0,-130
1767172748.6902382,6,0,-138
1767172748.7002382,6,2,-142
1767172748.7102382,0,6,-145
1767172748.7202382,-7,0,-141
1767172748.7302382,-6,-1,-136
1767172748.7402382,-2,3,-132
1767172748.7502382,2,2,-133
1767172748.7602382,7,2,-129
1767172748.7702382,4,3,-129
1767172748.7802382,4,-2,-132
1767172748.790238,1,-1,-130
1767172748.800238,0,-2,-129
1767172748.810238,0,-1,-127
1767172748.820238,0,0,-130
1767172748.830238,2,0,-130
1767172748.840238,0,-4,-128
1767172748.8512385,0,-6,-124
1767172748.860238,-1,-3,-123
1767172748.870238,-4,-3,-120
1767172748.880238,-3,-3,-123
1767172748.890238,-2,-2,-121
1767172748.9012382,0,0,-119
1767172748.9112382,2,-2,-125
1767172748.9212382,5,-3,-129
1767172748.9312382,5,-3,-135
1767172748.9412382,2,-2,-135
1767172748.9512382,0,-4,-135
1767172748.961238,-3,-5,-136
1767172748.971238,-1,-5,-134
1767172748.981238,1,-2,-132
1767172748.991238,1,-4,-127
1767172749.0002382,2,-4,-128
1767172749.011238,5,-6,-132
1767172749.021238,5,-2,-136
1767172749.031238,2,-2,-139
1767172749.041238,-2,-3,-139
1767172749.051238,-1,-2,-140
1767172749.061238,2,0,-144
1767172749.071238,5,0,-139
1767172749.0812385,5,-8,-135
1767172749.0912385,2,-8,-139
1767172749.1012385,0,-10,-138
1767172749.1112382,-3,-10,-128
1767172749.1212382,-7,-7,-134
1767172749.1312382,-5,-1,-132
1767172749.1412382,-5,0,-137
1767172749.1512382,-8,1,-140
1767172749.172238,-2,1,-131
1767172749.1812382,-1,4,-123
1767172749.1912382,0,3,-125
1767172749.2012382,0,2,-129
1767172749.211238,1,5,-128
1767172749.221238,6,7,-132
1767172749.231238,9,0,-130
1767172749.241238,4,-1,-133
1767172749.251238,6,0,-134
1767172749.261238,5,1,-132
1767172749.271238,3,4,-123
1767172749.281238,-4,6,-123
1767172749.291238,-2,2,-122
1767172749.301238,-1,1,-127
1767172749.311238,-1,0,-137
1767172749.321238,-4,-1,-140
1767172749.3312385,-8,-1,-140
1767172749.3412385,-4,0,-139
1767172749.3512385,-6,-2,-138
1767172749.3612382,-3,-1,-144
1767172749.3712382,-2,1,-144
1767172749.3812382,0,0,-148
1767172749.3912382,1,2,-139
1767172749.4012382,1,0,-137
1767172749.4112382,3,-2,-136
1767172749.4212382,4,-3,-133
1767172749.4312382,3,-6,-129
1767172749.4412382,2,-7,-129
1767172749.4512382,1,-4,-127
1767172749.461238,2,-4,-129
1767172749.471238,2,-4,-131
1767172749.481238,0,-5,-132
1767172749.491238,0,-5,-131
1767172749.501238,-2,0,-129
1767172749.511238,-5,3,-131
1767172749.521238,-4,0,-128
1767172749.531238,-6,-3,-126
1767172749.541238,0,-5,-129
1767172749.551238,-1,-3,-131
1767172749.561238,0,-3,-133
1767172749.571238,2,-5,-131
1767172749.5812385,0,-3,-131
1767172749.5912385,2,-3,-134
1767172749.6012385,3,-4,-131
1767172749.6112382,7,0,-129
1767172749.6212382,6,-4,-125
1767172749.6312382,6,-4,-129
1767172749.6412382,4,-5,-138
1767172749.6512382,4,-3,-138
1767172749.6612382,6,-2,-137
1767172749.6712382,6,-1,-137
1767172749.6812382,4,0,-147
1767172749.692238,6,-2,-144
1767172749.7012382,10,-5,-137
1767172749.711238,12,-5,-135
1767172749.721238,14,-3,-142
1767172749.731238,7,0,-143
1767172749.741238,4,-6,-140
1767172749.751238,0,-3,-131
1767172749.761238,-2,-4,-137
1767172749.771238,-1,-5,-142
1767172749.781238,0,-4,-146
1767172749.791238,-1,-6,-141
1767172749.801238,0,-7,-139
1767172749.811238,2,-4,-137
1767172749.821238,3,-4,-133
1767172749.8312385,0,-6,-135
1767172749.8412385,-2,-1,-134
1767172749.8512385,-1,-2,-132
1767172749.8612382,3,-4,-132
1767172749.8712382,1,-3,-130
1767172749.8812382,0,0,-130
1767172749.8912382,-4,0,-135
1767172749.9012382,-5,-3,-130
1767172749.9112382,-3,-6,-134
1767172749.9212382,-1,-8,-137
1767172749.9312382,0,-4,-138
1767172749.9412382,4,-5,-140
1767172749.9512382,1,-4,-139
1767172749.961238,-1,-4,-132
1767172749.971238,0,0,-119
1767172749.981238,2,1,-120
1767172749.991238,0,5,-126
1767172750.001238,0,2,-126
1767172750.011238,0,4,-127
1767172750.021238,1,4,-131
1767172750.031238,2,0,-138
1767172750.041238,3,1,-134
1767172750.051238,-2,1,-132
1767172750.061238,0,-2,-126
1767172750.071238,-1,-1,-131
1767172750.0812385,-7,-4,-133
1767172750.0912385,-10,-4,-133
1767172750.1012385,-7,-3,-132
1767172750.1112382,-5,-3,-136
1767172750.1212382,-2,-3,-138
1767172750.1312382,-5,-6,-131
1767172750.1412382,-6,-7,-139
1767172750.1512382,-5,-9,-142
1767172750.1612382,-4,-10,-143
1767172750.1712382,-5,-6,-137
1767172750.1812382,-3,-2,-139
1767172750.1912382,-2,0,-128
1767172750.2012382,0,0,-123
1767172750.211238,4,-1,-130
1767172750.221238,2,0,-135
1767172750.231238,7,1,-136
1767172750.241238,8,-1,-134
1767172750.251238,1,1,-134
1767172750.261238,1,3,-133
1767172750.271238,0,3,-134
1767172750.281238,2,4,-140
1767172750.291238,3,3,-139
1767172750.301238,3,3,-137
1767172750.311238,0,0,-132
1767172750.321238,0,-2,-130
1767172750.3312385,-1,-1,-138
1767172750.3412385,-2,1,-139
1767172750.3512385,-5,0,-135
1767172750.3612382,-4,-3,-133
1767172750.3712382,-1,-6,-133
1767172750.3812382,-1,0,-133
1767172750.3912382,-5,-2,-133
1767172750.4012382,-9,-4,-128
1767172750.4112382,-10,-3,-117
1767172750.4212382,-9,1,-121
1767172750.4312382,-8,6,-129
1767172750.4412382,-4,6,-136
1767172750.4512382,-4,0,-141
1767172750.461238,-3,1,-140
1767172750.471238,-1,-1,-138
1767172750.481238,2,-6,-138
1767172750.491238,-3,-5,-132
1767172750.501238,-2,-5,-136
1767172750.511238,-5,-6,-130
1767172750.521238,-2,-9,-123
1767172750.531238,0,-11,-125
1767172750.541238,-4,-3,-128
1767172750.551238,-7,-5,-119
1767172750.561238,-4,-3,-123
1767172750.571238,-9,-4,-115
1767172750.5812385,-9,-4,-116
1767172750.5912385,-11,-5,-125
1767172750.6012385,-9,-5,-125
1767172750.6112382,-6,-4,-117
1767172750.6212382,-3,-7,-123
1767172750.6312382,0,-6,-120
1767172750.6412382,-1,-5,-121
1767172750.6512382,-1,-3,-121
1767172750.6612382,0,-5,-122
1767172750.6712382,-5,0,-127
1767172750.6812382,-5,-2,-129
1767172750.6912382,-3,-1,-126
1767172750.7012382,-2,0,-129
1767172750.711238,2,-1,-136
1767172750.721238,0,-4,-139
1767172750.731238,-2,-3,-138
1767172750.741238,2,-6,-137
1767172750.751238,5,-4,-132
1767172750.761238,8,-8,-129
1767172750.771238,6,-9,-138
1767172750.781238,-2,-11,-146
1767172750.791238,-4,-8,-145
1767172750.801238,-7,-5,-144
1767172750.811238,-2,0,-143
1767172750.821238,0,-3,-132
1767172750.8312385,0,-7,-130
1767172750.8412385,-2,-9,-130
1767172750.8512385,-2,-7,-136
1767172750.8612382,-1,-3,-138
1767172750.8712382,0,0,-134
1767172750.8812382,-2,1,-135
1767172750.8912382,-4,0,-132
1767172750.9012382,0,5,-128
1767172750.9112382,0,4,-133
1767172750.9212382,-1,1,-137
1767172750.9312382,0,0,-139
1767172750.9412382,3,1,-137
1767172750.9512382,3,1,-138
1767172750.961238,4,0,-135
1767172750.971238,5,0,-141
1767172750.981238,7,-1,-144
1767172750.991238,6,-4,-146
1767172751.001238,6,-8,-145
1767172751.011238,2,-10,-143
1767172751.021238,3,-8,-141
1767172751.031238,-1,-5,-136
1767172751.041238,-8,-7,-133
1767172751.051238,-4,-5,-136
1767172751.061238,-1,-3,-139
1767172751.071238,1,0,-143
1767172751.0812385,7,-3,-141
1767172751.0912385,4,-3,-136
1767172751.1012385,1,-6,-137
1767172751.1112382,0,-9,-135
1767172751.1212382,2,-5,-142
1767172751.1312382,0,-3,-147
1767172751.1412382,3,-4,-140
1767172751.1512382,6,-4,-138
1767172751.1612382,3,-3,-138
1767172751.1712382,4,-2,-135
1767172751.1812382,2,-5,-129
1767172751.1912382,1,-6,-130
1767172751.2012382,1,-9,-128
1767172751.211238,5,-6,-131
1767172751.221238,2,-4,-131
1767172751.231238,2,-3,-141
1767172751.241238,4,-1,-139
1767172751.251238,3,-2,-139
1767172751.261238,5,-4,-134
1767172751.271238,6,-2,-125
1767172751.281238,6,0,-125
1767172751.291238,5,0,-125
1767172751.301238,3,-5,-131
1767172751.311238,2,-6,-132
1767172751.321238,5,-3,-126
1767172751.3312385,3,-2,-127
1767172751.3412385,6,-1,-130
1767172751.3512385,7,0,-136
1767172751.3612382,6,3,-137
1767172751.3712382,4,0,-132
1767172751.3812382,4,0,-132
1767172751.3912382,2,0,-138
1767172751.4012382,0,-2,-142
1767172751.4112382,0,-5,-142
1767172751.4212382,-2,-10,-137
1767172751.4312382,-4,-8,-133
1767172751.4412382,-4,-7,-135
1767172751.4512382,-5,-3,-137
1767172751.461238,-3,-1,-135
1767172751.471238,-2,-2,-133
1767172751.481238,-6,-1,-134
1767172751.492238,-6,-3,-133
1767172751.502238,-7,-2,-133
1767172751.5122385,-6,-5,-128
1767172751.5222385,-3,-3,-130
1767172751.5322382,-4,-1,-133
1767172751.5422382,3,1,-133
1767172751.5522382,6,-2,-139
1767172751.5622382,5,0,-139
1767172751.5722382,2,0,-131
1767172751.5822382,0,-4,-130
1767172751.5922382,-2,-11,-133
1767172751.6022382,-4,-5,-133
1767172751.6122382,-5,-3,-133
1767172751.6222382,-2,-5,-130
1767172751.632238,-3,-6,-127
1767172751.642238,-4,-4,-128
1767172751.652238,-6,-8,-131
1767172751.662238,-5,-11,-131
1767172751.672238,-5,-11,-130
1767172751.682238,2,-5,-129
1767172751.692238,1,-8,-134
1767172751.702238,2,-11,-133
1767172751.712238,1,-11,-131
1767172751.722238,1,-8,-134
1767172751.732238,2,-12,-133
1767172751.742238,1,-11,-133
1767172751.752238,3,-9,-130
1767172751.7622385,2,-2,-130
1767172751.7722385,2,-1,-131
1767172751.7822382,3,0,-129
1767172751.7922382,0,-3,-132
1767172751.8022382,0,-3,-138
1767172751.8122382,3,3,-136
1767172751.8222382,1,4,-136
1767172751.8322382,0,8,-137
1767172751.8422382,0,8,-142
1767172751.8522382,0,8,-142
1767172751.8622382,0,6,-140
1767172751.8722382,1,2,-146
1767172751.882238,-1,6,-146
1767172751.892238,-3,2,-139
1767172751.902238,1,-1,-134
1767172751.912238,-1,-3,-135
1767172751.922238,-2,-4,-134
1767172751.932238,-3,-6,-135
1767172751.942238,-2,-3,-127
1767172751.952238,-4,0,-124
1767172751.962238,-6,-3,-125
1767172751.972238,-2,-2,-127
1767172751.982238,1,0,-126
1767172751.992238,2,-1,-133
1767172752.002238,0,3,-137
1767172752.0122385,5,1,-136
1767172752.0222385,5,2,-129
1767172752.0322382,5,1,-131
1767172752.0422382,1,3,-130
1767172752.0522382,-3,3,-125
1767172752.0622382,-1,5,-123
1767172752.0722382,0,7,-120
1767172752.0822382,-1,4,-125
1767172752.0922382,0,2,-124
1767172752.1022382,1,5,-124
1767172752.1122382,0,1,-127
1767172752.1222382,-3,2,-130
1767172752.132238,-5,2,-131
1767172752.142238,-3,6,-132
1767172752.152238,-5,1,-128
1767172752.162238,-3,1,-129
1767172752.172238,1,-1,-125
1767172752.182238,1,-2,-123
1767172752.192238,-1,-1,-124
1767172752.202238,-4,-5,-129
1767172752.212238,-4,-8,-134
1767172752.222238,-2,-11,-136
1767172752.232238,-5,-11,-139
1767172752.242238,-6,-6,-137
1767172752.252238,-5,-2,-134
1767172752.2622385,-5,-2,-129
1767172752.2722385,-6,-2,-133
1767172752.2822382,-7,-2,-136
1767172752.2922382,-7,-3,-136
1767172752.3022382,-7,-1,-134
1767172752.3122382,-1,1,-139
1767172752.3222382,-6,0,-134
1767172752.3322382,-8,-2,-139
1767172752.3422382,-10,-8,-143
1767172752.3522382,-12,-8,-140
1767172752.3622382,-11,-7,-139
1767172752.3722382,-8,-8,-140
1767172752.382238,-8,-4,-136
1767172752.392238,-3,-4,-137
1767172752.402238,0,-5,-137
1767172752.412238,-1,-8,-129
1767172752.422238,-4,-7,-131
1767172752.432238,-4,-3,-138
1767172752.442238,-6,0,-134
1767172752.452238,-9,1,-130
1767172752.462238,-8,3,-127
1767172752.472238,-6,4,-133
1767172752.482238,-8,3,-132
1767172752.492238,-8,0,-132
1767172752.502238,-9,-2,-137
1767172752.5122385,-5,-4,-141
1767172752.5222385,-4,-8,-141
1767172752.5322382,-5,-7,-144
1767172752.5422382,-4,-6,-140
1767172752.5522382,-3,-10,-136
1767172752.5622382,-5,-9,-132
1767172752.5722382,-2,-9,-132
1767172752.5822382,-4,-9,-129
1767172752.5922382,-3,-5,-129
1767172752.6022382,-2,-6,-125
1767172752.6122382,-2,-5,-124
1767172752.6222382,-4,-7,-131
1767172752.632238,0,-12,-134
1767172752.642238,2,-9,-134
1767172752.652238,-1,-13,-137
1767172752.662238,0,-9,-134
1767172752.672238,2,-8,-130
1767172752.682238,0,-5,-126
1767172752.692238,0,-2,-133
1767172752.702238,0,-3,-138
1767172752.712238,0,-2,-142
1767172752.722238,0,-6,-134
1767172752.732238,0,-6,-129
1767172752.742238,1,-7,-130
1767172752.752238,1,-10,-130
1767172752.7622385,-1,-7,-130
1767172752.7722385,0,-4,-127
1767172752.7822382,1,-5,-129
1767172752.7922382,-2,-5,-131
1767172752.8022382,-3,-9,-138
1767172752.8122382,-2,-4,-137
1767172752.8222382,0,-1,-131
1767172752.8322382,0,-1,-131
1767172752.8422382,-2,-3,-137
1767172752.8522382,-6,-5,-133
1767172752.8622382,-10,-3,-130
1767172752.8722382,-6,0,-126
1767172752.882238,-8,-3,-130
1767172752.892238,-2,-5,-128
1767172752.902238,-2,-6,-136
1767172752.912238,-2,-10,-135
1767172752.922238,-1,-7,-133
1767172752.932238,0,-6,-138
1767172752.942238,-3,-4,-145
1767172752.952238,0,-8,-147
1767172752.962238,0,-7,-141
1767172752.972238,0,-10,-131
1767172752.982238,-3,-3,-132
1767172752.992238,-6,-6,-132
1767172753.002238,-1,-10,-135
1767172753.0122385,2,-9,-133
1767172753.0222385,3,-7,-131
1767172753.0322382,5,-6,-134
1767172753.0422382,4,-6,-130
1767172753.0522382,3,-7,-131
1767172753.0622382,2,-4,-133
1767172753.0722382,2,-7,-130
1767172753.0822382,2,-5,-127
1767172753.0922382,-1,-5,-128
1767172753.1022382,0,-2,-126
1767172753.1122382,0,0,-125
1767172753.1222382,5,2,-129
1767172753.132238,5,2,-133
1767172753.142238,5,0,-137
1767172753.152238,7,-4,-129
1767172753.162238,12,-1,-124
1767172753.172238,10,1,-128
1767172753.182238,8,0,-132
1767172753.192238,9,-3,-131
1767172753.202238,4,-3,-130
1767172753.212238,3,-6,-136
1767172753.222238,0,-6,-127
1767172753.232238,-2,-7,-124
1767172753.242238,-2,-5,-120
1767172753.252238,0,-3,-121
1767172753.2622385,1,-1,-127
1767172753.2722385,-1,-1,-130
1767172753.2822382,-4,0,-133
1767172753.2922382,-4,-3,-131
1767172753.3022382,-5,-2,-129
1767172753.3122382,-1,1,-129
1767172753.3222382,3,0,-134
1767172753.3322382,2,0,-129
1767172753.3422382,-3,-1,-130
1767172753.3522382,-1,-6,-130
1767172753.3622382,-3,-7,-128
1767172753.3722382,-2,-3,-127
1767172753.382238,0,-2,-131
1767172753.392238,4,-5,-132
1767172753.402238,0,0,-129
1767172753.412238,-2,0,-132
1767172753.422238,-4,6,-130
1767172753.432238,-2,3,-127
1767172753.442238,2,7,-129
1767172753.452238,0,9,-130
1767172753.462238,1,7,-128
1767172753.472238,4,5,-125
1767172753.482238,-1,4,-128
1767172753.492238,-5,0,-135
1767172753.502238,-1,-1,-132
1767172753.5122385,0,-1,-139
1767172753.5222385,-2,0,-135
1767172753.5322382,-1,2,-129
1767172753.5422382,1,0,-127
1767172753.5522382,3,0,-122
1767172753.5622382,3,-3,-132
1767172753.5722382,0,0,-135
1767172753.5822382,0,-1,-131
1767172753.5922382,-3,1,-133
1767172753.6022382,-2,0,-140
1767172753.6122382,-2,0,-137
1767172753.6222382,0,-2,-141
1767172753.632238,1,-8,-140
1767172753.642238,-1,-7,-140
1767172753.652238,-1,-6,-143
1767172753.662238,-1,-7,-140
1767172753.672238,-1,-8,-140
1767172753.682238,-3,-8,-140
1767172753.692238,-3,-6,-134
1767172753.702238,-1,-7,-131
1767172753.712238,0,-2,-132
1767172753.722238,-4,-2,-123
1767172753.732238,-5,-6,-130
1767172753.742238,-7,-11,-138
1767172753.752238,-8,-6,-134
1767172753.7622385,-10,0,-126
1767172753.7722385,-7,3,-124
1767172753.7822382,0,2,-125
1767172753.7922382,1,-1,-124
1767172753.8022382,-1,-1,-130
1767172753.8122382,-4,-3,-134
1767172753.8222382,-4,-7,-130
1767172753.8322382,-2,-7,-127
1767172753.8422382,0,-3,-134
1767172753.8522382,-2,-1,-132
1767172753.8622382,-4,-2,-125
1767172753.8722382,-2,-3,-126
1767172753.882238,-1,0,-130
1767172753.892238,0,1,-134
1767172753.902238,0,1,-132
1767172753.912238,-2,-1,-136
1767172753.922238,-8,-3,-141
1767172753.932238,-6,-5,-140
1767172753.942238,-3,-7,-138
1767172753.952238,-5,-5,-138
1767172753.962238,2,-5,-138
1767172753.972238,-5,-4,-134
1767172753.982238,-3,-6,-133
1767172753.9932382,0,-5,-133
1767172754.002238,3,-3,-127
1767172754.0122385,4,-5,-131
1767172754.0222385,4,-2,-135
1767172754.0322382,-3,-1,-133
1767172754.0422382,-6,-2,-127
1767172754.0522382,-6,2,-128
1767172754.0622382,-1,2,-129
1767172754.0722382,-3,-1,-135
1767172754.083238,-5,-4,-136
1767172754.0922382,-9,-4,-130
1767172754.103238,-6,-3,-128
1767172754.113238,-1,-2,-126
1767172754.123238,-5,-5,-128
1767172754.133238,-4,-4,-129
1767172754.143238,-2,-4,-131
1767172754.153238,-3,-7,-129
1767172754.163238,-8,-4,-126
1767172754.185238,-6,-2,-131
1767172754.1932385,-3,-1,-131
1767172754.2032382,-3,0,-135
1767172754.2132382,-3,-1,-139
1767172754.2232382,-1,-2,-145
1767172754.2332382,2,-1,-141
1767172754.2432382,3,-3,-142
1767172754.2532382,1,0,-140
1767172754.2632382,3,-3,-137
1767172754.2732382,-2,-1,-140
1767172754.2832382,0,0,-135
1767172754.2932382,0,-4,-132
1767172754.3032382,2,-5,-135
1767172754.313238,0,-2,-137
1767172754.323238,0,-4,-139
1767172754.333238,0,-5,-138
1767172754.343238,-1,0,-138
1767172754.353238,0,1,-140
1767172754.363238,0,2,-139
1767172754.373238,0,5,-125
1767172754.383238,1,3,-120
1767172754.393238,0,0,-128
1767172754.403238,0,-3,-125
1767172754.413238,-2,-4,-132
1767172754.423238,-3,-3,-130
1767172754.4332385,-3,-5,-126
1767172754.4432385,-3,-5,-129
1767172754.4532382,-3,-5,-121
1767172754.4632382,-1,-9,-117
1767172754.4732382,1,-9,-125
1767172754.4832382,2,-6,-125
1767172754.4932382,0,-2,-125
1767172754.5032382,-1,-1,-126
1767172754.5132382,-3,1,-127
1767172754.5232382,0,0,-126
1767172754.5332382,-4,-3,-124
1767172754.5432382,0,-4,-124
1767172754.5532382,0,-7,-131
1767172754.563238,-1,-7,-137
1767172754.573238,0,-4,-132
1767172754.583238,1,-3,-131
1767172754.593238,4,-2,-129
1767172754.603238,5,-2,-134
1767172754.613238,7,0,-135
1767172754.623238,4,-1,-134
1767172754.633238,0,-1,-132
1767172754.643238,-1,-1,-135
1767172754.653238,-2,-1,-138
1767172754.663238,1,-4,-131
1767172754.673238,6,-5,-126
1767172754.6832385,4,-3,-124
1767172754.6932385,3,-4,-122
1767172754.7032382,7,-6,-120
1767172754.7132382,9,-8,-128
1767172754.7232382,6,-5,-129
1767172754.7332382,5,-1,-134
1767172754.7432382,8,2,-131
1767172754.7532382,2,0,-131
1767172754.7632382,4,-1,-129
1767172754.7732382,3,-1,-133
1767172754.7832382,2,-3,-130
1767172754.7932382,5,-1,-127
1767172754.8032382,6,-3,-131
1767172754.813238,4,-4,-136
1767172754.823238,0,-5,-134
1767172754.833238,-3,-4,-137
1767172754.843238,-3,0,-134
1767172754.853238,2,0,-134
1767172754.863238,5,0,-134
1767172754.873238,4,-7,-136
1767172754.883238,2,-7,-144
1767172754.893238,7,-6,-150
1767172754.903238,0,-5,-150
1767172754.913238,-2,-5,-147
1767172754.923238,-1,-8,-145
1767172754.9332385,-1,-10,-143
1767172754.9432385,0,-9,-142
1767172754.9532382,4,-7,-138
1767172754.9632382,3,-3,-134
1767172754.9732382,5,-5,-138
1767172754.9832382,3,0,-134
1767172754.9932382,4,-2,-142
1767172755.0032382,2,-4,-146
1767172755.0132382,3,-5,-142
1767172755.0232382,3,-2,-144
1767172755.0332382,2,0,-143
1767172755.0432382,0,4,-140
1767172755.0532382,1,1,-137
1767172755.063238,3,0,-139
1767172755.073238,5,0,-142
1767172755.083238,3,0,-143
1767172755.093238,5,-4,-132
1767172755.103238,4,-2,-131
1767172755.113238,4,-3,-136
1767172755.123238,0,-6,-138
1767172755.133238,0,-5,-134
1767172755.143238,0,-1,-134
1767172755.153238,1,-3,-132
1767172755.163238,5,-5,-136
1767172755.173238,5,-6,-138
1767172755.1832385,0,-8,-136
1767172755.1932385,-1,-7,-132
1767172755.2032382,1,-6,-127
1767172755.2132382,-6,-6,-124
1767172755.2232382,0,-7,-125
1767172755.2332382,0,-5,-125
1767172755.2432382,-1,-7,-120
1767172755.2532382,1,-7,-116
1767172755.2632382,1,-7,-108
1767172755.2732382,0,-6,-115
1767172755.2832382,-6,-5,-121
1767172755.2932382,-8,-6,-125
1767172755.3032382,-5,-7,-131
1767172755.313238,-3,-4,-128
1767172755.323238,-3,-5,-130
1767172755.333238,-2,-4,-126
1767172755.343238,-3,-5,-130
1767172755.353238,-2,-5,-132
1767172755.363238,-2,-4,-131
1767172755.373238,-1,-5,-136
1767172755.383238,-1,-4,-142
1767172755.393238,-1,-9,-146
1767172755.403238,-1,-8,-145
1767172755.413238,-2,-7,-147
1767172755.423238,-3,-6,-141
1767172755.4332385,0,-9,-134
1767172755.4432385,4,-8,-129
1767172755.4532382,4,-7,-130
1767172755.4632382,3,-4,-133
1767172755.4732382,0,-1,-132
1767172755.4832382,2,-1,-136
1767172755.4932382,1,-4,-138
1767172755.5032382,1,-7,-139
1767172755.5132382,4,-7,-142
1767172755.5232382,3,-7,-139
1767172755.5332382,3,-6,-129
1767172755.5432382,3,-6,-130
1767172755.5532382,4,-6,-132
1767172755.563238,3,-6,-138
1767172755.573238,1,-1,-138
1767172755.583238,2,3,-136
1767172755.593238,2,3,-132
1767172755.603238,0,5,-129
1767172755.613238,-3,5,-134
1767172755.623238,0,1,-139
1767172755.633238,-2,0,-145
1767172755.643238,-9,2,-148
1767172755.653238,-9,3,-149
1767172755.663238,-8,3,-153
1767172755.673238,-4,-1,-152
1767172755.6832385,-1,-2,-142
1767172755.6932385,-1,0,-135
1767172755.7032382,1,0,-137
1767172755.7132382,0,-2,-142
1767172755.7232382,3,-4,-141
1767172755.7332382,2,-7,-134
1767172755.7432382,3,-5,-129
1767172755.7532382,2,-3,-128
1767172755.7632382,1,0,-127
1767172755.7732382,-4,0,-130
1767172755.7832382,-3,-3,-127
1767172755.7932382,-3,0,-130
1767172755.8032382,-2,-1,-129
1767172755.813238,-3,-3,-127
1767172755.823238,-8,-2,-131
1767172755.833238,-7,-3,-123
1767172755.843238,0,-2,-120
1767172755.853238,3,-4,-120
1767172755.863238,0,-4,-123
1767172755.873238,0,-6,-123
1767172755.883238,-2,-8,-125
1767172755.893238,-8,-3,-132
1767172755.903238,-9,-1,-135
1767172755.913238,-11,-1,-129
1767172755.923238,-7,1,-130
1767172755.9332385,-5,1,-135
1767172755.9432385,-5,1,-132
1767172755.9532382,-6,-2,-130
1767172755.9632382,-4,-1,-133
1767172755.9732382,-4,0,-137
1767172755.9832382,-3,0,-134
1767172755.9932382,-1,1,-132
1767172756.0032382,3,1,-135
1767172756.0132382,2,0,-135
1767172756.0232382,7,0,-136
1767172756.0332382,1,2,-135
1767172756.0432382,5,5,-135
1767172756.0532382,3,3,-136
1767172756.063238,5,-2,-132
1767172756.073238,4,-3,-129
1767172756.083238,4,-7,-130
1767172756.093238,5,-8,-130
1767172756.103238,5,-8,-131
1767172756.113238,2,-6,-134
1767172756.123238,1,-3,-130
1767172756.133238,0,0,-127
1767172756.143238,0,-2,-126
1767172756.153238,0,0,-127
1767172756.163238,-4,0,-131
1767172756.173238,-6,4,-132
1767172756.1832385,0,3,-129
1767172756.1932385,-1,2,-129
1767172756.2032382,-6,1,-124
1767172756.2132382,-8,-1,-126
1767172756.2232382,-7,-1,-127
1767172756.2332382,-5,1,-128
1767172756.2432382,-8,2,-134
1767172756.2532382,-9,3,-138
1767172756.2632382,-1,1,-136
1767172756.2732382,-2,0,-134
1767172756.2832382,-7,-3,-136
1767172756.2932382,-11,-2,-133
1767172756.3032382,-12,0,-135
1767172756.313238,-13,-2,-139
1767172756.323238,-12,-3,-134
1767172756.333238,-4,-3,-132
1767172756.343238,0,-7,-130
1767172756.353238,-2,-8,-131
1767172756.363238,-5,-4,-133
1767172756.373238,-6,-2,-132
1767172756.383238,-5,-1,-133
1767172756.393238,-1,-6,-133
1767172756.403238,-5,-5,-137
1767172756.413238,0,-5,-135
1767172756.423238,-1,-7,-131
1767172756.4332385,0,-2,-133
1767172756.4432385,3,-1,-127
1767172756.4532382,4,-2,-132
1767172756.4632382,7,-2,-133
1767172756.4732382,5,-7,-131
1767172756.4832382,5,-10,-134
1767172756.4932382,6,-7,-136
1767172756.5032382,7,-6,-136
1767172756.5132382,4,-7,-137
1767172756.5232382,-2,-2,-134
1767172756.5332382,-2,-2,-139
1767172756.5432382,-3,2,-137
1767172756.5532382,-4,3,-136
1767172756.563238,-6,2,-133
1767172756.573238,-7,3,-131
1767172756.583238,-6,3,-123
1767172756.593238,0,0,-122
1767172756.6042385,0,0,-123
1767172756.613238,-1,-1,-122
1767172756.623238,0,1,-126
1767172756.633238,2,-1,-123
1767172756.643238,2,-8,-124
1767172756.6542382,0,-10,-126
1767172756.6642382,2,-7,-133
1767172756.6742382,-1,-5,-139
1767172756.6832385,-1,-4,-140
1767172756.6942382,-6,1,-130
1767172756.7042382,-4,0,-128
1767172756.7142382,0,0,-132
1767172756.7242382,-1,0,-131
1767172756.734238,0,-2,-126
1767172756.744238,1,-3,-125
1767172756.754238,-4,-2,-130
1767172756.764238,0,-2,-136
1767172756.774238,0,2,-141
1767172756.7832382,3,4,-140
1767172756.794238,1,2,-142
1767172756.804238,5,4,-145
1767172756.814238,5,5,-141
1767172756.824238,7,1,-133
1767172756.834238,4,-1,-134
1767172756.844238,0,-2,-134
1767172756.8542385,0,0,-129
1767172756.8642385,1,-2,-130
1767172756.8742385,-2,-1,-126
1767172756.8842382,-1,-6,-123
1767172756.8942382,-2,-6,-129
1767172756.9042382,0,-6,-128
1767172756.9142382,6,-7,-124
1767172756.9242382,8,-8,-120
1767172756.9342382,5,-10,-121
1767172756.9442382,7,-8,-124
1767172756.9542382,9,-10,-122
1767172756.9642382,8,-8,-126
1767172756.9742382,4,-3,-125
1767172756.984238,6,-4,-125
1767172756.994238,-1,-4,-130
1767172757.004238,0,-4,-133
1767172757.014238,-3,-4,-131
1767172757.024238,-7,-3,-130
1767172757.034238,-5,-3,-132
1767172757.044238,-5,0,-126
1767172757.054238,-2,1,-123
1767172757.064238,-4,0,-124
1767172757.074238,1,-1,-128
1767172757.084238,7,0,-127
1767172757.094238,5,-1,-122
1767172757.1042385,5,1,-126
1767172757.1142385,3,2,-140
1767172757.1242385,3,0,-137
1767172757.1342382,2,3,-141
1767172757.1442382,3,2,-134
1767172757.1542382,6,-1,-130
1767172757.1642382,5,0,-131
1767172757.1742382,4,0,-136
1767172757.1842382,1,0,-132
1767172757.1942382,-1,0,-129
1767172757.2042382,0,-2,-133
1767172757.2142382,-2,-1,-134
1767172757.2242382,-5,0,-137
1767172757.234238,-4,0,-138
1767172757.244238,0,1,-137
1767172757.254238,0,2,-138
1767172757.264238,3,-5,-139
1767172757.274238,4,-8,-140
1767172757.284238,0,-4,-139
1767172757.294238,-3,-4,-143
1767172757.304238,-1,-8,-149
1767172757.314238,-2,-5,-143
1767172757.324238,-2,-4,-142
1767172757.334238,-1,-2,-144
1767172757.344238,2,-1,-148
1767172757.3542385,6,0,-140
1767172757.3642385,4,2,-136
1767172757.3742385,5,0,-130
1767172757.3842382,1,0,-126
1767172757.3942382,1,1,-128
1767172757.4042382,2,-3,-132
1767172757.4142382,1,0,-136
1767172757.4242382,1,0,-134
1767172757.4342382,5,0,-136
1767172757.4442382,8,-1,-135
1767172757.4542382,6,-2,-131
1767172757.4642382,-2,0,-131
1767172757.4742382,0,0,-133
1767172757.484238,7,-5,-140
1767172757.494238,4,-1,-139
1767172757.504238,0,-2,-135
1767172757.514238,-5,-5,-136
1767172757.524238,-6,0,-141
1767172757.534238,-3,1,-142
1767172757.544238,-2,0,-145
1767172757.554238,-2,-1,-136
1767172757.564238,0,0,-135
1767172757.574238,-3,5,-138
1767172757.584238,-2,3,-140
1767172757.594238,-7,4,-143
1767172757.6042385,-6,1,-141
1767172757.6142385,0,1,-140
1767172757.6242385,2,1,-134
1767172757.6342382,1,1,-133
1767172757.6442382,2,-1,-138
1767172757.6542382,0,-4,-135
1767172757.6642382,3,-4,-131
1767172757.6742382,1,-2,-134
1767172757.6842382,-2,-3,-131
1767172757.6942382,-1,-3,-137
1767172757.7042382,-3,0,-131
1767172757.7142382,-4,2,-125
1767172757.7242382,-1,2,-128
1767172757.734238,2,2,-133
1767172757.744238,4,1,-134
1767172757.754238,1,0,-141
1767172757.764238,0,4,-144
1767172757.774238,1,3,-141
1767172757.784238,0,1,-133
1767172757.794238,-1,0,-134
1767172757.804238,0,-1,-136
1767172757.814238,-2,-3,-137
1767172757.824238,-1,-6,-138
1767172757.834238,-2,-8,-136
1767172757.844238,-1,-7,-129
1767172757.8542385,-4,-4,-138
1767172757.8642385,-2,-2,-137
1767172757.8742385,-1,-2,-139
1767172757.8842382,-4,0,-127
1767172757.8942382,-4,-2,-135
1767172757.9042382,-5,0,-138
1767172757.9142382,-6,-2,-141
1767172757.9242382,-5,-8,-143
1767172757.9342382,-6,-8,-136
1767172757.9442382,-6,-6,-138
1767172757.9542382,-7,1,-140
1767172757.9642382,-1,-4,-145
1767172757.9742382,0,-4,-144
1767172757.984238,-3,-2,-136
1767172757.994238,-5,-6,-136
1767172758.004238,-5,-5,-132
1767172758.014238,-5,-2,-124
1767172758.024238,-6,-2,-121
1767172758.034238,-6,0,-132
1767172758.044238,-7,0,-133
1767172758.054238,-8,1,-133
1767172758.064238,-8,0,-130
1767172758.074238,-5,-2,-132
1767172758.084238,-7,-4,-136
1767172758.094238,-2,-3,-139
1767172758.1042385,0,-3,-140
1767172758.1142385,0,0,-138
1767172758.1242385,-2,-1,-142
1767172758.1342382,0,-3,-137
1767172758.1442382,2,-6,-130
1767172758.1542382,6,-8,-129
1767172758.1642382,8,-2,-137
1767172758.1742382,3,-5,-138
1767172758.1842382,2,-3,-140
1767172758.1942382,0,-1,-136
1767172758.2042382,4,0,-137
1767172758.2142382,4,1,-130
1767172758.2242382,8,4,-125
1767172758.234238,8,0,-132
1767172758.244238,9,-3,-127
1767172758.254238,15,-3,-127
1767172758.264238,13,0,-125
1767172758.274238,6,0,-129
1767172758.284238,4,-3,-128
1767172758.294238,4,-3,-132
1767172758.304238,3,-3,-133
1767172758.314238,5,-1,-135
1767172758.324238,0,0,-134
1767172758.334238,-2,-1,-127
1767172758.344238,-3,-1,-127
1767172758.3542385,-3,-3,-128
1767172758.3642385,-1,-2,-127
1767172758.3742385,-1,-7,-122
1767172758.3842382,-4,-7,-126
1767172758.3942382,-3,-7,-131
1767172758.4042382,0,-7,-133
1767172758.4142382,5,-8,-133
1767172758.4242382,3,-9,-129
1767172758.4342382,0,-5,-126
1767172758.4442382,-5,-10,-130
1767172758.4542382,-8,-7,-132
1767172758.4642382,-5,-4,-135
1767172758.4742382,-5,-1,-139
1767172758.484238,0,0,-138
1767172758.494238,0,2,-130
1767172758.504238,0,1,-134
1767172758.514238,2,-1,-137
1767172758.524238,0,0,-137
1767172758.534238,1,0,-136
1767172758.544238,2,0,-135
1767172758.554238,0,0,-135
1767172758.564238,-2,0,-135
1767172758.574238,-2,0,-131
1767172758.584238,-5,0,-131
1767172758.594238,-2,-2,-134
1767172758.6042385,-7,-3,-138
1767172758.6142385,-3,-1,-139
1767172758.6242385,-2,1,-137
1767172758.6342382,-1,0,-140
1767172758.6442382,-5,4,-142
1767172758.6542382,-8,3,-138
1767172758.6642382,-8,4,-136
1767172758.6742382,-6,2,-130
1767172758.6842382,-5,2,-132
1767172758.6942382,-3,0,-128
1767172758.7042382,-3,-5,-127
1767172758.7142382,-6,-4,-123
1767172758.7242382,-4,-5,-121
1767172758.734238,-2,-6,-128
1767172758.744238,-5,-7,-133
1767172758.754238,-6,-6,-138
1767172758.764238,-6,-7,-139
1767172758.774238,-4,-8,-137
1767172758.784238,-3,-5,-140
1767172758.794238,-1,-5,-141
1767172758.804238,1,-6,-137
1767172758.814238,4,-4,-133
1767172758.824238,0,-3,-130
1767172758.834238,-2,-4,-133
1767172758.844238,2,-1,-130
1767172758.8542385,6,0,-126
1767172758.8642385,5,-3,-129
1767172758.8742385,0,-4,-129
1767172758.8842382,2,-3,-125
1767172758.8942382,1,-4,-127
1767172758.9042382,0,-3,-127
1767172758.9142382,-3,0,-131
1767172758.9242382,-4,0,-132
1767172758.9342382,-7,1,-126
1767172758.9442382,-1,0,-123
1767172758.9542382,2,1,-125
1767172758.9642382,6,1,-128
1767172758.9742382,5,0,-119
1767172758.984238,2,1,-121
1767172758.994238,3,3,-124
1767172759.004238,1,0,-126
1767172759.014238,-1,-1,-123
1767172759.024238,-3,-2,-128
1767172759.034238,-3,-5,-132
1767172759.044238,0,-5,-126
1767172759.054238,2,-5,-130
1767172759.064238,-1,-3,-133
1767172759.074238,-6,0,-134
1767172759.084238,-7,2,-129
1767172759.094238,-4,0,-129
1767172759.1042385,-2,0,-124
1767172759.1142385,0,0,-115
1767172759.1242385,0,4,-117
1767172759.1342382,-1,1,-117
1767172759.1442382,0,-1,-124
1767172759.1542382,-1,-1,-124
1767172759.1642382,-2,-2,-122
1767172759.1742382,-4,-3,-126
1767172759.196238,-3,4,-123
1767172759.2042382,0,2,-116
1767172759.2142382,0,-1,-126
1767172759.2242382,2,0,-131
1767172759.234238,4,0,-128
1767172759.245238,9,3,-128
1767172759.255238,3,3,-129
1767172759.265238,3,5,-127
1767172759.275238,3,1,-131
1767172759.284238,4,0,-130
1767172759.2952385,6,-1,-128
1767172759.3052382,5,0,-124
1767172759.3152382,3,4,-130
1767172759.3252382,0,0,-126
1767172759.3352382,0,0,-125
1767172759.3452382,5,-2,-125
1767172759.3552382,7,-5,-132
1767172759.3652382,4,-6,-134
1767172759.3752382,1,-6,-130
1767172759.3852382,0,-6,-133
1767172759.3952382,0,-6,-135
1767172759.4052382,0,-6,-133
1767172759.415238,-1,-7,-128
1767172759.425238,3,-12,-130
1767172759.435238,3,-13,-128
1767172759.445238,5,-10,-127
1767172759.455238,6,-11,-128
1767172759.465238,6,-11,-132
1767172759.475238,3,-8,-124
1767172759.485238,0,-7,-118
1767172759.495238,0,-6,-123
1767172759.505238,-3,-7,-127
1767172759.515238,-1,-7,-133
1767172759.525238,-3,-7,-132
1767172759.5352385,-9,-5,-131
1767172759.5452385,-4,-3,-126
1767172759.5552382,-5,-3,-125
1767172759.5652382,-1,-2,-121
1767172759.5752382,0,-6,-125
1767172759.5852382,0,-4,-127
1767172759.5952382,0,-1,-123
1767172759.6052382,5,0,-125
1767172759.6152382,6,0,-127
1767172759.6252382,2,2,-125
1767172759.6352382,4,0,-130
1767172759.6452382,7,-2,-127
1767172759.6552382,7,0,-126
1767172759.665238,5,-3,-126
1767172759.675238,7,-3,-129
1767172759.685238,4,0,-130
1767172759.695238,2,2,-134
1767172759.705238,1,0,-135
1767172759.715238,3,0,-136
1767172759.725238,2,-3,-142
1767172759.735238,3,-4,-137
1767172759.745238,3,0,-137
1767172759.755238,0,0,-141
1767172759.765238,-3,0,-141
1767172759.775238,-6,0,-139
1767172759.7852385,-8,-2,-140
1767172759.7952385,-6,-7,-143
1767172759.8052382,-1,-6,-143
1767172759.8152382,1,-7,-139
1767172759.8252382,0,-5,-128
1767172759.8352382,3,-5,-132
1767172759.8452382,0,-6,-133
1767172759.8552382,0,-5,-134
1767172759.8652382,2,-5,-132
1767172759.8752382,0,-4,-132
1767172759.8852382,3,-8,-131
1767172759.8952382,6,-7,-131
1767172759.9052382,6,-11,-131
1767172759.915238,4,-10,-134
1767172759.925238,1,-10,-130
1767172759.935238,0,-6,-134
1767172759.945238,2,-4,-132
1767172759.955238,2,-3,-133
1767172759.965238,0,-2,-136
1767172759.975238,2,2,-131
1767172759.985238,1,3,-132
1767172759.995238,4,1,-130
1767172760.005238,7,-1,-127
1767172760.015238,5,-1,-123
1767172760.025238,0,-5,-126
1767172760.0352385,-1,-6,-124
1767172760.0452385,-1,-5,-127
1767172760.0552382,-1,-5,-120
1767172760.0652382,-2,-1,-124
1767172760.0752382,-1,0,-129
1767172760.0852382,-3,0,-135
1767172760.0952382,-8,2,-140
1767172760.1052382,-8,0,-141
1767172760.1152382,-7,-1,-136
1767172760.1252382,-4,0,-136
1767172760.1352382,-5,0,-135
1767172760.1452382,-4,0,-131
1767172760.1552382,-4,-3,-136
1767172760.165238,-2,-1,-138
1767172760.175238,2,1,-138
1767172760.185238,-1,1,-135
1767172760.195238,-1,-2,-135
1767172760.205238,-2,-4,-136
1767172760.215238,1,-3,-133
1767172760.225238,3,-4,-140
1767172760.235238,6,-8,-133
1767172760.245238,10,-7,-127
1767172760.255238,6,-5,-131
1767172760.265238,4,-1,-138
1767172760.275238,5,-4,-151
1767172760.2852385,4,-2,-152
1767172760.2952385,5,-5,-146
1767172760.3052382,4,-1,-137
1767172760.3152382,5,-2,-136
1767172760.3252382,2,-1,-138
1767172760.3352382,4,0,-128
1767172760.3452382,-2,-1,-125
1767172760.3552382,0,0,-126
1767172760.3652382,-1,0,-125
1767172760.3752382,-2,0,-130
1767172760.3852382,-2,0,-129
1767172760.3952382,-1,3,-131
1767172760.4052382,-4,5,-131
1767172760.415238,-8,10,-132
1767172760.425238,-5,11,-140
1767172760.435238,-3,6,-138
1767172760.445238,-3,0,-136
1767172760.455238,-10,3,-135
1767172760.465238,-12,3,-136
1767172760.475238,-7,2,-138
1767172760.485238,-2,0,-136
1767172760.495238,-4,2,-133
1767172760.505238,-4,2,-136
1767172760.515238,0,0,-130
1767172760.525238,0,-1,-127
1767172760.5352385,0,-1,-126
1767172760.5452385,-1,0,-122
1767172760.5552382,-1,-1,-126
1767172760.5652382,0,0,-128
1767172760.5752382,0,-2,-130
1767172760.5852382,0,4,-128
1767172760.5952382,0,3,-133
1767172760.6052382,2,1,-134
1767172760.6152382,6,0,-132
1767172760.6252382,3,0,-135
1767172760.6352382,1,3,-131
1767172760.6452382,1,3,-128
1767172760.6552382,0,1,-129
1767172760.665238,0,-2,-130
1767172760.675238,4,-1,-130
1767172760.685238,1,0,-130
1767172760.695238,0,0,-127
1767172760.705238,0,-1,-132
1767172760.715238,-1,-2,-130
1767172760.725238,0,-8,-131
1767172760.735238,1,-3,-131
1767172760.745238,0,0,-128
1767172760.755238,3,0,-127
1767172760.765238,2,0,-128
1767172760.775238,1,0,-128
1767172760.7852385,3,3,-129
1767172760.7952385,1,2,-136
1767172760.8052382,4,0,-130
1767172760.8152382,4,-2,-130
1767172760.8252382,2,-3,-129
1767172760.8352382,8,-4,-122
1767172760.8452382,8,-5,-122
1767172760.8552382,10,-4,-122
1767172760.8652382,11,-7,-130
1767172760.8752382,9,-7,-128
1767172760.8852382,6,-5,-137
1767172760.8952382,9,-4,-134
1767172760.9052382,6,-3,-136
1767172760.915238,5,-3,-140
1767172760.925238,4,-3,-135
1767172760.935238,3,-1,-136
1767172760.945238,0,-5,-135
1767172760.955238,0,-2,-136
1767172760.965238,2,0,-138
1767172760.975238,1,-5,-139
1767172760.985238,0,0,-136
1767172760.995238,-1,1,-140
1767172761.005238,3,3,-136
1767172761.015238,5,0,-133
1767172761.025238,5,0,-131
1767172761.0352385,3,-2,-138
1767172761.0452385,2,-2,-135
1767172761.0552382,5,-1,-138
1767172761.0652382,7,-3,-136
1767172761.0752382,6,-8,-132
1767172761.0852382,4,-4,-128
1767172761.0952382,5,-3,-126
1767172761.1052382,6,-2,-129
1767172761.1152382,2,-6,-131
1767172761.1252382,0,-7,-136
1767172761.1352382,-2,-6,-137
1767172761.1452382,-4,-7,-133
1767172761.1552382,-4,-6,-135
1767172761.165238,-6,-6,-132
1767172761.175238,-4,-2,-135
1767172761.185238,-2,1,-134
1767172761.195238,-2,3,-129
1767172761.205238,-1,0,-129
1767172761.215238,-1,0,-128
1767172761.225238,-4,-4,-129
1767172761.235238,-2,-5,-127
1767172761.245238,-4,-4,-132
1767172761.255238,-7,-5,-140
1767172761.265238,-8,-4,-136
1767172761.275238,-13,-6,-133
1767172761.2852385,-12,-4,-137
1767172761.2952385,-5,-4,-139
1767172761.3052382,3,-3,-138
1767172761.3152382,5,-3,-134
1767172761.3252382,3,-4,-133
1767172761.3352382,2,-3,-130
1767172761.3452382,-1,-1,-136
1767172761.3552382,-2,-6,-141
1767172761.366238,0,-3,-139
1767172761.3752382,-3,-1,-137
1767172761.3852382,-3,-1,-131
1767172761.3952382,-2,-3,-125
1767172761.4052382,0,1,-127
1767172761.415238,0,1,-128
1767172761.425238,3,0,-130
1767172761.435238,2,0,-127
1767172761.445238,1,1,-135
1767172761.455238,3,0,-138
1767172761.465238,1,-4,-134
1767172761.475238,2,1,-134
1767172761.485238,0,0,-135
1767172761.495238,-3,-3,-137
1767172761.505238,-4,0,-137
1767172761.515238,-9,-6,-137
1767172761.525238,-13,-7,-141
1767172761.5352385,-10,0,-132
1767172761.5452385,-5,0,-129
1767172761.5552382,-4,-2,-126
1767172761.5652382,-2,-4,-132
1767172761.5752382,-2,-4,-130
1767172761.5852382,-2,-4,-133
1767172761.5952382,-5,-5,-136
1767172761.6052382,0,-6,-133
1767172761.6152382,2,-5,-134
1767172761.6252382,-1,-2,-135
1767172761.6352382,-1,-1,-134
1767172761.6452382,1,-2,-130
1767172761.6552382,-4,-4,-135
1767172761.665238,-3,-3,-134
1767172761.675238,-1,0,-132
1767172761.685238,-1,3,-136
1767172761.695238,1,3,-139
1767172761.705238,0,2,-137
1767172761.715238,-4,-1,-143
1767172761.725238,-3,0,-137
1767172761.735238,-1,-1,-138
1767172761.745238,-3,-4,-136
1767172761.755238,2,-3,-132
1767172761.765238,1,-2,-131
1767172761.775238,-4,0,-130
1767172761.7852385,-4,0,-127
1767172761.7952385,0,0,-128
1767172761.8052382,0,0,-135
1767172761.8162382,-1,-1,-139
1767172761.8252382,-2,-4,-139
1767172761.8352382,-1,-3,-133
1767172761.8452382,0,-2,-128
1767172761.856238,1,-3,-129
1767172761.866238,-1,-5,-131
1767172761.8752382,-3,-3,-135
1767172761.886238,-8,-3,-132
1767172761.896238,-3,-4,-137
1767172761.906238,-3,-3,-139
1767172761.916238,-2,0,-137
1767172761.926238,0,-1,-128
1767172761.936238,0,0,-127
1767172761.946238,1,0,-124
1767172761.9562385,0,-1,-126
1767172761.9662385,-2,0,-128
1767172761.9762385,-5,-1,-133
1767172761.9862382,-3,-4,-140
1767172761.9962382,-2,-2,-135
1767172762.0062382,-5,-3,-133
1767172762.0162382,-1,-5,-135
1767172762.0262382,-5,-7,-132
1767172762.0362382,0,-7,-135
1767172762.0462382,-3,-3,-136
1767172762.0562382,-4,-3,-135
1767172762.0662382,-3,0,-135
1767172762.0762382,0,-2,-136
1767172762.086238,-1,-1,-138
1767172762.096238,-1,-1,-138
1767172762.106238,-5,0,-141
1767172762.116238,-3,2,-141
1767172762.126238,-6,3,-144
1767172762.136238,-8,5,-149
1767172762.146238,-6,5,-147
1767172762.156238,-3,3,-150
1767172762.166238,0,1,-145
1767172762.176238,-3,1,-141
1767172762.186238,0,0,-133
1767172762.196238,0,-2,-133
1767172762.2062385,0,-1,-132
1767172762.2162385,1,0,-126
1767172762.2262385,3,0,-130
1767172762.2362382,0,3,-141
1767172762.2462382,0,6,-138
1767172762.2562382,-3,3,-137
1767172762.2662382,-3,0,-133
1767172762.2762382,-2,1,-139
1767172762.2862382,1,0,-129
1767172762.2962382,0,-2,-122
1767172762.3062382,0,-3,-124
1767172762.3162382,0,-6,-124
1767172762.3262382,3,-4,-131
1767172762.336238,3,-3,-134
1767172762.346238,0,-4,-137
1767172762.356238,0,1,-140
1767172762.366238,-1,0,-144
1767172762.376238,-3,0,-144
1767172762.386238,-1,0,-150
1767172762.396238,-2,1,-149
1767172762.406238,2,2,-151
1767172762.416238,2,1,-149
1767172762.426238,1,-5,-138
1767172762.436238,2,-9,-144
1767172762.446238,1,-10,-144
1767172762.4562385,1,-9,-138
1767172762.4662385,0,-13,-134
1767172762.4762385,0,-11,-132
1767172762.4862382,2,-5,-134
1767172762.4962382,8,-9,-136
1767172762.5062382,6,-6,-134
1767172762.5162382,9,-3,-136
1767172762.5262382,6,0,-130
1767172762.5362382,6,-1,-135
1767172762.5462382,4,0,-141
1767172762.5562382,4,0,-142
1767172762.5662382,1,-4,-137
1767172762.5762382,4,-5,-130
1767172762.586238,5,-5,-129
1767172762.596238,8,-2,-124
1767172762.606238,7,-2,-131
1767172762.616238,4,0,-128
1767172762.626238,5,0,-136
1767172762.636238,7,1,-133
1767172762.646238,4,0,-133
1767172762.656238,0,-4,-132
1767172762.666238,2,-3,-132
1767172762.676238,3,-4,-130
1767172762.686238,2,-4,-131
1767172762.696238,1,0,-134
1767172762.7062385,2,0,-139
1767172762.7162385,4,0,-143
1767172762.7262385,5,1,-146
1767172762.7362382,4,0,-142
1767172762.7462382,1,-2,-136
1767172762.7562382,0,-4,-134
1767172762.7662382,-1,-5,-138
1767172762.7762382,2,-3,-140
1767172762.7862382,2,-3,-146
1767172762.7962382,1,-3,-144
1767172762.8062382,0,-5,-141
1767172762.8162382,-2,-4,-143
1767172762.8262382,0,-7,-148
1767172762.836238,2,-10,-148
1767172762.846238,0,-13,-152
1767172762.856238,1,-6,-151
1767172762.866238,1,-4,-148
1767172762.876238,-3,0,-143
1767172762.886238,-1,1,-140
1767172762.896238,0,0,-136
1767172762.906238,-1,-3,-135
1767172762.916238,-3,-1,-136
1767172762.926238,-4,-1,-135
1767172762.936238,-4,-1,-133
1767172762.946238,0,0,-136
1767172762.9562385,0,0,-130
1767172762.9662385,0,-2,-129
1767172762.9762385,-2,-4,-136
1767172762.9862382,-2,0,-139
1767172762.9962382,-1,0,-144
1767172763.0062382,-1,0,-144
1767172763.0162382,0,-1,-143
1767172763.0262382,2,-1,-136
1767172763.0362382,4,-4,-144
1767172763.0462382,3,-1,-148
1767172763.0562382,8,-2,-146
1767172763.0662382,8,-2,-150
1767172763.0762382,6,-1,-152
1767172763.086238,5,-3,-146
1767172763.096238,1,-2,-140
1767172763.106238,0,-4,-138
1767172763.116238,0,-7,-136
1767172763.126238,-4,-10,-137
1767172763.136238,-1,-7,-135
1767172763.146238,-1,-8,-134
1767172763.156238,-1,-8,-135
1767172763.166238,-3,-6,-140
1767172763.176238,-4,-5,-144
1767172763.186238,-1,-4,-142
1767172763.196238,0,0,-139
1767172763.2062385,0,0,-138
1767172763.2162385,1,-2,-140
1767172763.2262385,0,1,-144
1767172763.2362382,-1,0,-141
1767172763.2462382,-3,-3,-136
1767172763.2562382,-1,-3,-129
1767172763.2662382,-3,-4,-133
1767172763.2762382,-6,-2,-137
1767172763.2862382,-7,-2,-132
1767172763.2962382,-8,-1,-130
1767172763.3062382,-5,-4,-129
1767172763.3162382,-5,-2,-135
1767172763.3262382,-2,-1,-142
1767172763.336238,-6,-6,-142
1767172763.346238,-6,-3,-147
1767172763.356238,-7,-5,-147
1767172763.366238,-7,-5,-141
1767172763.376238,-7,-2,-138
1767172763.386238,-5,-1,-130
1767172763.396238,-2,1,-127
1767172763.406238,-4,0,-126
1767172763.416238,-5,-4,-126
1767172763.426238,-5,-5,-123
1767172763.436238,-3,-9,-125
1767172763.446238,-7,-10,-120
1767172763.4562385,-3,-7,-124
1767172763.4662385,2,-3,-119
1767172763.4762385,-2,-1,-123
1767172763.4862382,-4,-5,-123
1767172763.4962382,-3,-4,-129
1767172763.5062382,-3,-5,-130
1767172763.5162382,-6,-2,-127
1767172763.5262382,-1,-1,-125
1767172763.5362382,-3,2,-127
1767172763.5462382,-2,2,-127
1767172763.5562382,0,0,-131
1767172763.5662382,-5,0,-131
1767172763.5762382,-5,-2,-130
1767172763.586238,-4,-2,-136
1767172763.596238,-2,0,-141
1767172763.606238,-1,4,-140
1767172763.616238,0,1,-142
1767172763.626238,-1,0,-144
1767172763.636238,-1,-2,-142
1767172763.646238,1,-4,-143
1767172763.656238,4,-7,-147
1767172763.666238,6,-4,-142
1767172763.676238,4,-5,-143
1767172763.686238,1,0,-141
1767172763.696238,2,-1,-132
1767172763.7062385,0,-3,-137
1767172763.7162385,-2,-4,-134
1767172763.7262385,-3,-4,-130
1767172763.7362382,-1,-4,-130
1767172763.7462382,6,-1,-135
1767172763.7562382,5,-4,-139
1767172763.7662382,4,-5,-137
1767172763.7762382,1,-7,-136
1767172763.7862382,1,-5,-132
1767172763.7962382,-2,-2,-132
1767172763.8062382,0,-3,-130
1767172763.8162382,2,-2,-130
1767172763.8262382,6,0,-128
1767172763.836238,2,2,-120
1767172763.846238,2,7,-125
1767172763.856238,-1,5,-131
1767172763.866238,-2,3,-135
1767172763.876238,-4,2,-132
1767172763.886238,0,0,-135
1767172763.896238,2,-1,-132
1767172763.906238,4,0,-132
1767172763.916238,3,0,-132
1767172763.926238,-1,-4,-135
1767172763.936238,0,0,-133
1767172763.946238,0,0,-131
1767172763.9562385,-2,-2,-130
1767172763.9662385,-5,0,-132
1767172763.9762385,-4,0,-126
1767172763.9862382,-3,-8,-130
1767172763.9962382,0,-3,-132
1767172764.0062382,0,-3,-128
1767172764.0162382,0,-3,-127
1767172764.0262382,-1,-4,-123
1767172764.0362382,1,-5,-128
1767172764.0462382,-4,-4,-126
1767172764.0562382,-3,-4,-125
1767172764.0662382,-7,-3,-130
1767172764.0762382,-7,-3,-130
1767172764.086238,-5,-1,-136
1767172764.096238,-6,-1,-140
1767172764.106238,-5,-5,-136
1767172764.116238,-1,-4,-139
1767172764.126238,2,1,-134
1767172764.136238,2,1,-131
1767172764.146238,0,-4,-132
1767172764.156238,0,-5,-130
1767172764.166238,4,-7,-134
1767172764.176238,6,-7,-132
1767172764.186238,0,-6,-133
1767172764.2072382,-1,-6,-145
1767172764.2162385,0,-7,-143
1767172764.2262385,-3,-3,-144
1767172764.2362382,-6,-5,-143
1767172764.2462382,-5,-1,-144
1767172764.2562382,-8,2,-137
1767172764.2662382,0,-2,-129
1767172764.2762382,-5,-4,-129
1767172764.2862382,-3,0,-132
1767172764.2962382,-5,-2,-135
1767172764.3062382,-4,0,-128
1767172764.3162382,-3,0,-132
1767172764.3262382,-2,-6,-126
1767172764.336238,0,-5,-124
1767172764.346238,0,-5,-122
1767172764.356238,2,-3,-126
1767172764.366238,0,-7,-133
1767172764.376238,0,-2,-128
1767172764.386238,-1,0,-126
1767172764.396238,0,0,-130
1767172764.406238,-2,0,-127
1767172764.416238,0,-3,-127
1767172764.4272382,0,-4,-136
1767172764.4372382,0,-2,-142
1767172764.4472382,-3,-4,-138
1767172764.4572382,-1,-6,-136
1767172764.4672382,-3,-5,-133
1767172764.4772382,-3,-1,-130
1767172764.4872382,0,-1,-124
1767172764.4972382,-3,-2,-126
1767172764.507238,-5,-5,-129
1767172764.517238,-4,-7,-129
1767172764.527238,0,-7,-139
1767172764.537238,-1,-4,-145
1767172764.547238,1,-7,-139
1767172764.557238,0,-7,-138
1767172764.567238,2,-1,-147
1767172764.577238,1,0,-144
1767172764.587238,1,1,-140
1767172764.597238,1,2,-135
1767172764.607238,0,0,-136
1767172764.617238,-2,0,-130
1767172764.627238,1,-1,-128
1767172764.6372385,0,-1,-127
1767172764.6472385,0,-1,-133
1767172764.6572382,4,0,-142
1767172764.6672382,7,0,-143
1767172764.6772382,5,-2,-139
1767172764.6872382,4,0,-137
1767172764.6972382,7,2,-136
1767172764.7072382,2,2,-138
1767172764.7172382,0,3,-137
1767172764.7272382,0,3,-125
1767172764.7372382,2,-2,-129
1767172764.7472382,3,0,-129
1767172764.757238,3,-5,-136
1767172764.767238,1,-7,-135
1767172764.777238,0,-5,-129
1767172764.787238,1,-3,-134
1767172764.797238,1,-2,-140
1767172764.807238,2,-3,-134
1767172764.817238,4,-1,-141
1767172764.827238,3,-5,-139
1767172764.837238,2,-3,-125
1767172764.847238,2,-1,-119
1767172764.857238,-3,-4,-131
1767172764.867238,-4,-4,-137
1767172764.877238,-4,-3,-138
1767172764.8872385,-4,-5,-142
1767172764.8972385,-4,-4,-141
1767172764.9072382,-3,-4,-143
1767172764.9172382,-2,-3,-143
1767172764.9272382,4,0,-143
1767172764.9372382,0,-3,-141
1767172764.9472382,-3,0,-137
1767172764.9572382,-2,-3,-135
1767172764.9672382,-5,-2,-130
1767172764.9772382,-4,-1,-136
1767172764.9872382,-5,-4,-136
1767172764.9972382,-5,-3,-137
1767172765.007238,-1,-3,-146
1767172765.017238,0,-3,-144
1767172765.027238,1,-1,-146
1767172765.037238,2,0,-143
1767172765.047238,1,1,-136
1767172765.057238,0,0,-134
1767172765.067238,-2,-3,-136
1767172765.077238,1,-4,-133
1767172765.087238,3,-6,-133
1767172765.097238,5,-4,-133
1767172765.107238,3,-3,-133
1767172765.117238,1,-7,-136
1767172765.127238,7,-7,-128
1767172765.1372385,6,-5,-123
1767172765.1472385,-1,-3,-121
1767172765.1572382,-10,-5,-119
1767172765.1672382,-14,-4,-126
1767172765.1772382,-12,-4,-131
1767172765.1872382,-5,-5,-131
1767172765.1972382,-5,-2,-133
1767172765.2072382,-2,0,-134
1767172765.2172382,0,-3,-138
1767172765.2272382,-3,0,-134
1767172765.2372382,0,1,-128
1767172765.2472382,3,0,-130
1767172765.257238,7,0,-133
1767172765.267238,4,0,-130
1767172765.277238,5,0,-132
1767172765.287238,5,-3,-139
1767172765.297238,4,-7,-138
1767172765.307238,5,-5,-137
1767172765.317238,1,-5,-137
1767172765.327238,1,-4,-141
1767172765.337238,4,-4,-140
1767172765.347238,3,-2,-135
1767172765.357238,-1,-5,-134
1767172765.367238,-3,2,-132
1767172765.377238,-3,3,-122
1767172765.3872385,-6,1,-122
1767172765.3972385,-3,0,-120
1767172765.4072382,-3,-1,-119
1767172765.4172382,-1,-1,-126
1767172765.4272382,2,-2,-130
1767172765.4372382,4,-5,-133
1767172765.4472382,2,-2,-135
1767172765.4572382,0,-1,-135
1767172765.4672382,0,-4,-136
1767172765.4772382,4,-3,-137
1767172765.4872382,6,0,-142
1767172765.4972382,5,-2,-142
1767172765.507238,5,-2,-149
1767172765.517238,6,-2,-151
1767172765.527238,10,-1,-149
1767172765.537238,9,1,-141
1767172765.547238,7,0,-143
1767172765.557238,4,-1,-142
1767172765.567238,7,-6,-139
1767172765.577238,5,-3,-140
1767172765.587238,4,2,-143
1767172765.597238,-1,0,-145
1767172765.607238,1,-2,-150
1767172765.617238,0,-2,-150
1767172765.627238,0,-5,-147
1767172765.6372385,-1,-6,-143
1767172765.6472385,-2,-6,-143
1767172765.6572382,0,-4,-138
1767172765.6672382,3,-3,-140
1767172765.6772382,2,-1,-143
1767172765.6872382,1,-6,-137
1767172765.6972382,1,-5,-135
1767172765.7072382,0,-7,-135
1767172765.7172382,0,-5,-133
1767172765.7272382,1,-1,-130
1767172765.7372382,1,-4,-134
1767172765.7472382,-1,-1,-134
1767172765.757238,0,3,-133
1767172765.767238,0,2,-137
1767172765.777238,2,0,-139
1767172765.787238,0,-3,-139
1767172765.797238,-6,-5,-138
1767172765.807238,-8,-4,-137
1767172765.817238,-3,-6,-134
1767172765.827238,0,-7,-136
1767172765.837238,1,-6,-141
1767172765.847238,1,-4,-138
1767172765.857238,1,-3,-136
1767172765.867238,4,0,-142
1767172765.877238,0,2,-140
1767172765.8872385,0,0,-139
1767172765.8972385,-4,-3,-139
1767172765.9072382,-4,-3,-137
1767172765.9172382,-8,-5,-136
1767172765.9272382,-9,-6,-136
1767172765.9372382,-6,-9,-135
1767172765.9472382,-2,-8,-131
1767172765.9572382,1,-5,-133
1767172765.9672382,7,-4,-137
1767172765.9772382,12,-7,-133
1767172765.9872382,9,-11,-132
1767172765.9972382,3,-7,-142
1767172766.007238,2,-7,-138
1767172766.017238,2,-6,-137
1767172766.027238,2,-5,-134
1767172766.037238,3,-9,-129
1767172766.047238,4,-9,-134
1767172766.057238,0,-7,-136
1767172766.067238,-1,-2,-131
1767172766.077238,-1,-5,-131
1767172766.087238,0,-5,-132
1767172766.097238,-3,-4,-131
1767172766.107238,-2,-4,-128
1767172766.117238,-3,-5,-127
1767172766.127238,-2,0,-129
1767172766.1372385,0,3,-133
1767172766.1472385,0,0,-133
1767172766.1572382,-2,0,-128
1767172766.1672382,-2,1,-125
1767172766.1772382,-4,5,-127
1767172766.1872382,-4,0,-134
1767172766.1972382,-4,-1,-137
1767172766.2072382,-4,-1,-134
1767172766.2172382,-2,0,-135
1767172766.2272382,-1,0,-127
1767172766.2372382,0,1,-125
1767172766.2472382,5,1,-121
1767172766.257238,5,1,-119
1767172766.267238,6,0,-119
1767172766.277238,3,0,-123
1767172766.287238,1,-2,-129
1767172766.297238,4,-2,-134
1767172766.307238,2,-3,-144
1767172766.317238,1,-1,-140
1767172766.327238,-2,0,-133
1767172766.337238,-5,2,-132
1767172766.347238,-4,9,-136
1767172766.357238,-4,7,-133
1767172766.367238,-6,6,-128
1767172766.377238,-2,8,-131
1767172766.3872385,-3,9,-131
1767172766.3972385,-2,7,-130
1767172766.4072382,-3,6,-127
1767172766.4172382,-6,6,-131
1767172766.4272382,-5,6,-137
1767172766.4372382,-4,2,-137
1767172766.4472382,-8,-1,-137
1767172766.4572382,-6,-4,-135
1767172766.4672382,0,-3,-128
1767172766.4772382,1,-6,-130
1767172766.4872382,1,-4,-129
1767172766.4972382,1,-3,-127
1767172766.507238,3,-5,-134
1767172766.517238,5,1,-132
1767172766.527238,0,3,-132
1767172766.537238,0,2,-132
1767172766.547238,-2,0,-128
1767172766.557238,-3,-1,-121
1767172766.567238,1,0,-125
1767172766.577238,7,0,-128
1767172766.587238,3,1,-129
1767172766.597238,4,-1,-137
1767172766.607238,4,-3,-149
1767172766.617238,0,-4,-142
1767172766.627238,2,0,-139
1767172766.6372385,7,0,-130
1767172766.6472385,4,6,-130
1767172766.6572382,-3,7,-132
1767172766.6672382,-1,5,-128
1767172766.6772382,-2,1,-129
1767172766.6872382,0,3,-128
1767172766.6972382,0,0,-132
1767172766.7072382,-2,-4,-141
1767172766.7172382,-3,-1,-136
1767172766.7272382,-8,0,-136
1767172766.7372382,-5,0,-139
1767172766.7472382,-3,0,-132
1767172766.757238,-6,-2,-132
1767172766.767238,-7,-1,-135
1767172766.777238,-9,-7,-130
1767172766.787238,-6,-8,-128
1767172766.797238,-7,-8,-132
1767172766.807238,-6,-3,-129
1767172766.817238,0,0,-131
1767172766.827238,-1,0,-132
1767172766.837238,-1,0,-127
1767172766.847238,-3,-3,-132
1767172766.857238,1,-4,-132
1767172766.867238,0,-6,-133
1767172766.877238,0,-6,-128
1767172766.8872385,1,-1,-125
1767172766.8972385,2,0,-125
1767172766.9072382,6,1,-119
1767172766.9172382,5,0,-129
1767172766.9272382,3,2,-132
1767172766.9372382,1,2,-132
1767172766.9472382,0,3,-140
1767172766.9572382,-3,4,-144
1767172766.9672382,-4,1,-141
1767172766.9772382,0,2,-135
1767172766.9872382,2,-1,-136
1767172766.9972382,5,0,-133
1767172767.008238,8,2,-133
1767172767.018238,6,2,-131
1767172767.028238,9,2,-129
1767172767.038238,12,2,-136
1767172767.047238,10,0,-135
1767172767.0582385,8,0,-133
1767172767.0682385,5,1,-129
1767172767.0782382,4,2,-119
1767172767.0882382,5,3,-121
1767172767.0982382,5,6,-127
1767172767.1082382,7,7,-133
1767172767.1182382,6,3,-132
1767172767.1282382,6,0,-133
1767172767.1382382,3,-2,-134
1767172767.1482382,10,-1,-134
1767172767.1582382,7,0,-129
1767172767.1682382,6,-2,-124
1767172767.1782382,2,0,-117
1767172767.188238,0,-1,-116
1767172767.198238,-5,-4,-116
1767172767.208238,-1,-4,-120
1767172767.218238,1,-9,-119
1767172767.228238,-4,-4,-121
1767172767.238238,-7,-7,-118
1767172767.248238,-8,-9,-116
1767172767.258238,-6,-7,-121
1767172767.268238,0,-5,-123
1767172767.278238,-4,-6,-125
1767172767.288238,-1,0,-132
1767172767.298238,-2,5,-129
1767172767.3082385,-2,5,-123
1767172767.3182385,-3,4,-125
1767172767.3282382,-3,3,-133
1767172767.3382382,-2,1,-133
1767172767.3482382,-1,2,-128
1767172767.3582382,-5,0,-128
1767172767.3682382,-6,-4,-131
1767172767.3782382,-5,-4,-138
1767172767.3882382,-4,-2,-140
1767172767.3982382,-2,-7,-147
1767172767.4082382,-5,-8,-144
1767172767.4182382,-5,-7,-138
1767172767.4282382,-3,-2,-133
1767172767.438238,0,0,-134
1767172767.448238,-3,-1,-136
1767172767.458238,-4,-2,-140
1767172767.468238,-3,-2,-138
1767172767.478238,-2,-1,-140
1767172767.488238,0,1,-141
1767172767.498238,1,1,-139
1767172767.508238,3,4,-142
1767172767.518238,1,0,-135
1767172767.528238,2,0,-135
1767172767.538238,0,3,-134
1767172767.548238,-1,1,-136
1767172767.5582385,-9,4,-133
1767172767.5682385,-7,2,-130
1767172767.5782382,-6,1,-133
1767172767.5882382,-4,2,-128
1767172767.5982382,-1,1,-127
1767172767.6082382,0,-2,-129
1767172767.6182382,0,-3,-126
1767172767.6282382,0,0,-128
1767172767.6382382,-2,-6,-134
1767172767.6482382,-2,-8,-136
1767172767.6582382,0,-3,-132
1767172767.6682382,1,-8,-137
1767172767.6782382,2,-8,-130
1767172767.688238,-1,-6,-126
1767172767.698238,-1,-4,-124
1767172767.708238,-5,-3,-128
1767172767.718238,-4,-3,-130
1767172767.728238,1,-4,-125
1767172767.738238,2,-4,-126
1767172767.748238,0,-7,-125
1767172767.758238,1,-6,-129
1767172767.768238,7,-2,-129
1767172767.778238,6,0,-133
1767172767.788238,0,-1,-140
1767172767.798238,-3,-1,-144
1767172767.8082385,0,0,-140
1767172767.8182385,-4,-6,-138
1767172767.8282382,-2,-12,-138
1767172767.8382382,-2,-10,-133
1767172767.8482382,0,-12,-129
1767172767.8582382,-1,-6,-133
1767172767.8682382,0,0,-135
1767172767.8782382,-1,3,-137
1767172767.8882382,4,4,-136
1767172767.8982382,5,6,-131
1767172767.9082382,4,0,-130
1767172767.9182382,3,-3,-132
1767172767.9282382,3,-6,-124
1767172767.938238,1,-5,-122
1767172767.948238,3,-3,-121
1767172767.958238,2,-3,-124
1767172767.968238,0,-10,-128
1767172767.978238,6,-7,-126
1767172767.988238,2,-5,-126
1767172767.998238,0,-6,-128
1767172768.008238,0,-4,-129
1767172768.018238,0,-1,-138
1767172768.028238,0,0,-139
1767172768.038238,-6,-2,-141
1767172768.048238,-8,-2,-140
1767172768.0582385,-4,-5,-137
1767172768.0682385,-7,-5,-138
1767172768.0782382,-4,-6,-139
1767172768.0882382,0,-4,-144
1767172768.0982382,0,-6,-138
1767172768.1082382,3,-3,-138
1767172768.1182382,6,-1,-135
1767172768.1282382,2,0,-137
1767172768.1382382,-1,0,-130
1767172768.1482382,-6,-2,-133
1767172768.1582382,-6,-5,-131
1767172768.1682382,-4,-3,-132
1767172768.1782382,-1,-12,-137
1767172768.188238,-8,-13,-137
1767172768.198238,-6,-8,-138
1767172768.208238,-5,-7,-143
1767172768.218238,-2,-7,-133
1767172768.228238,0,-4,-125
1767172768.238238,-1,-7,-126
1767172768.248238,-1,-3,-123
1767172768.258238,0,-5,-127
1767172768.268238,0,-2,-134
1767172768.278238,-8,-1,-132
1767172768.288238,-6,2,-131
1767172768.298238,-6,2,-125
1767172768.3082385,-8,0,-126
1767172768.3182385,-6,0,-132
1767172768.3282382,-5,1,-127
1767172768.3382382,-6,1,-131
1767172768.3482382,-4,0,-140
1767172768.3582382,0,1,-143
1767172768.3682382,0,0,-139
1767172768.3782382,1,3,-142
1767172768.3882382,-1,0,-139
1767172768.3982382,1,0,-141
1767172768.4082382,-2,-3,-143
1767172768.4182382,-1,-3,-145
1767172768.4282382,1,-1,-147
1767172768.438238,0,-2,-143
1767172768.448238,-4,-2,-136
1767172768.458238,-3,-1,-139
1767172768.468238,-2,-2,-138
1767172768.478238,-5,-3,-138
1767172768.488238,-6,-1,-142
1767172768.498238,-2,0,-140
1767172768.508238,-3,2,-135
1767172768.518238,-3,0,-142
1767172768.528238,-3,-1,-135
1767172768.538238,-3,-3,-126
1767172768.548238,-2,-5,-126
1767172768.5582385,-4,-1,-121
1767172768.5682385,0,0,-124
1767172768.5782382,-3,-2,-131
1767172768.5882382,0,-3,-130
1767172768.5982382,-4,0,-128
1767172768.6082382,-4,-1,-126
1767172768.6182382,-2,-2,-134
1767172768.6282382,0,-5,-135
1767172768.6382382,0,-4,-132
1767172768.6482382,-1,-3,-128
1767172768.6582382,2,0,-125
1767172768.6682382,1,0,-127
1767172768.6782382,-1,0,-127
1767172768.688238,0,0,-123
1767172768.698238,0,1,-134
1767172768.708238,-2,0,-144
1767172768.718238,0,0,-147
1767172768.728238,-2,-2,-146
1767172768.738238,0,-5,-142
1767172768.748238,2,-4,-136
1767172768.758238,4,-2,-133
1767172768.768238,3,-2,-131
1767172768.778238,9,-4,-132
1767172768.788238,9,-3,-132
1767172768.798238,6,-6,-132
1767172768.8082385,4,-7,-128
1767172768.8182385,5,-4,-128
1767172768.8282382,7,-4,-129
1767172768.8382382,3,-2,-126
1767172768.8482382,-3,-3,-125
1767172768.8582382,-4,-2,-134
1767172768.8682382,-2,-1,-133
1767172768.8782382,0,-3,-136
1767172768.8882382,-1,-5,-139
1767172768.8982382,-3,-2,-131
1767172768.9082382,1,0,-129
1767172768.9182382,0,2,-136
1767172768.9282382,3,2,-141
1767172768.938238,1,0,-138
1767172768.948238,2,-4,-134
1767172768.958238,6,-3,-133
1767172768.968238,5,-6,-131
1767172768.978238,5,-6,-133
1767172768.988238,4,-6,-140
1767172768.998238,0,-10,-136
1767172769.008238,-2,-6,-131
1767172769.018238,-1,-2,-130
1767172769.028238,4,-5,-136
1767172769.038238,3,-6,-136
1767172769.048238,6,-6,-140
1767172769.0582385,3,-1,-136
1767172769.0682385,5,-5,-133
1767172769.0782382,4,-5,-129
1767172769.0882382,0,-8,-123
1767172769.0982382,-7,-3,-133
1767172769.1082382,-4,-4,-134
1767172769.1182382,0,-4,-136
1767172769.1282382,0,-3,-139
1767172769.1382382,-1,0,-135
1767172769.1482382,-3,-2,-134
1767172769.1582382,-2,-4,-137
1767172769.1682382,0,-5,-129
1767172769.1782382,-1,-6,-127
1767172769.188238,-3,-5,-131
1767172769.198238,-1,-1,-135
1767172769.219238,-4,0,-143
1767172769.228238,0,1,-142
1767172769.238238,0,1,-139
1767172769.248238,0,3,-136
1767172769.258238,-2,4,-132
1767172769.268238,-2,0,-129
1767172769.278238,1,0,-129
1767172769.288238,-1,-3,-126
1767172769.298238,-1,-3,-127
1767172769.3082385,-2,-1,-125
1767172769.3182385,-6,-6,-120
1767172769.3282382,-9,-10,-128
1767172769.3382382,-5,-10,-134
1767172769.3482382,-1,-11,-136
1767172769.3582382,2,-8,-137
1767172769.3682382,1,-5,-140
1767172769.3782382,0,-4,-137
1767172769.3882382,-2,-4,-133
1767172769.3982382,1,0,-139
1767172769.4082382,0,0,-136
1767172769.4182382,0,0,-146
1767172769.4282382,0,2,-143
1767172769.438238,2,3,-148
1767172769.448238,5,0,-141
1767172769.458238,4,-1,-136
1767172769.468238,3,0,-133
1767172769.478238,7,-2,-134
1767172769.488238,8,-4,-132
1767172769.498238,3,-4,-129
1767172769.508238,4,-2,-124
1767172769.518238,3,-2,-128
1767172769.528238,3,-1,-127
1767172769.538238,3,-1,-128
1767172769.548238,-2,0,-131
1767172769.5582385,-10,0,-128
1767172769.5682385,-6,-5,-124
1767172769.5782382,-4,-4,-126
1767172769.5882382,1,-2,-135
1767172769.5982382,3,-2,-132
1767172769.6082382,9,0,-126
1767172769.619238,7,-1,-126
1767172769.629238,9,-3,-130
1767172769.6382382,7,0,-136
1767172769.649238,4,1,-132
1767172769.659238,0,6,-134
1767172769.669238,0,5,-128
1767172769.679238,5,5,-132
1767172769.689238,4,6,-131
1767172769.699238,5,3,-135
1767172769.709238,3,0,-137
1767172769.719238,1,-1,-134
1767172769.7292385,0,-3,-136
1767172769.7392385,0,-7,-138
1767172769.7492385,-2,-8,-141
1767172769.7592382,0,-5,-138
1767172769.7692382,4,-2,-135
1767172769.7792382,1,0,-136
1767172769.7892382,0,0,-133
1767172769.7992382,2,-4,-131
1767172769.8092382,7,-3,-135
1767172769.8192382,4,0,-137
1767172769.8292382,2,-2,-141
1767172769.8392382,3,-1,-137
1767172769.8492382,-1,-2,-136
1767172769.859238,-3,-4,-132
1767172769.869238,0,0,-127
1767172769.879238,-2,0,-131
1767172769.889238,2,0,-136
1767172769.899238,4,1,-130
1767172769.909238,2,0,-132
1767172769.919238,1,-1,-131
1767172769.929238,0,0,-131
1767172769.939238,-4,-1,-133
1767172769.949238,-2,1,-132
1767172769.959238,-2,0,-136
1767172769.969238,-3,-1,-136
1767172769.9792385,-3,-3,-133
1767172769.9892385,-3,-6,-128
1767172769.9992385,0,-9,-125
1767172770.0092382,-3,-10,-126
1767172770.0192382,-4,-11,-125
1767172770.0292382,-6,-7,-127
1767172770.0392382,-1,-2,-125
1767172770.0492382,-7,-1,-123
1767172770.0592382,-7,-2,-128
1767172770.0692382,-3,-2,-123
1767172770.0792382,-3,-2,-129
1767172770.0892382,-4,-1,-137
1767172770.0992382,-4,-3,-143
1767172770.109238,-1,0,-148
1767172770.119238,-8,2,-139
1767172770.129238,-4,0,-134
1767172770.139238,-5,2,-138
1767172770.149238,-1,0,-137
1767172770.159238,-3,6,-134
1767172770.169238,-4,6,-137
1767172770.179238,-7,6,-127
1767172770.189238,-3,2,-128
1767172770.199238,-4,1,-126
1767172770.209238,-6,0,-125
1767172770.219238,-7,0,-125
1767172770.2292385,-5,1,-125
1767172770.2392385,0,2,-125
1767172770.2492385,-1,4,-127
1767172770.2592382,0,0,-128
1767172770.2692382,-3,1,-126
1767172770.2792382,-5,-1,-129
1767172770.2892382,0,-4,-129
1767172770.2992382,-2,-2,-129
1767172770.3092382,-1,4,-126
1767172770.3192382,2,4,-134
1767172770.3292382,4,4,-139
1767172770.3392382,4,3,-140
1767172770.3492382,3,1,-136
1767172770.359238,0,2,-141
1767172770.369238,-1,-2,-137
1767172770.379238,2,-2,-134
1767172770.389238,0,0,-132
1767172770.399238,0,1,-130
1767172770.409238,-3,-2,-132
1767172770.419238,-4,0,-139
1767172770.429238,-8,0,-144
1767172770.439238,-3,-2,-141
1767172770.449238,-1,-2,-144
1767172770.459238,-3,0,-139
1767172770.469238,0,5,-133
1767172770.4802382,-2,3,-137
1767172770.4892385,0,0,-136
1767172770.4992385,0,0,-139
1767172770.5092382,2,-2,-136
1767172770.5192382,-3,0,-135
1767172770.5292382,-2,-1,-136
1767172770.5392382,-5,-1,-130
1767172770.5492382,-5,-3,-136
1767172770.5592382,-1,-2,-143
1767172770.5692382,-2,-4,-135
1767172770.5792382,-2,-1,-138
1767172770.5892382,-6,-2,-143
1767172770.5992382,-8,-2,-140
1767172770.609238,-8,-1,-136
1767172770.619238,-3,-5,-136
1767172770.629238,-5,-5,-143
1767172770.639238,-5,-1,-145
1767172770.649238,-7,-2,-146
1767172770.659238,-4,-1,-142
1767172770.669238,-4,-1,-137
1767172770.679238,-5,-7,-136
1767172770.689238,-9,-5,-135
1767172770.699238,-6,0,-132
1767172770.709238,-7,0,-126
1767172770.719238,-3,-3,-121
1767172770.7292385,-3,-1,-121
1767172770.7392385,-3,-2,-118
1767172770.7492385,-4,-3,-117
1767172770.7592382,-2,-6,-112
1767172770.7692382,0,0,-119
1767172770.7792382,-3,-1,-130
1767172770.7892382,-5,-2,-132
1767172770.7992382,-8,-3,-134
1767172770.8092382,-7,-5,-136
1767172770.8192382,-4,-4,-139
1767172770.8292382,-3,0,-138
1767172770.8392382,-2,2,-139
1767172770.8492382,-1,2,-142
1767172770.859238,-1,0,-140
1767172770.869238,1,1,-137
1767172770.879238,0,0,-128
1767172770.889238,0,0,-133
1767172770.899238,0,1,-127
1767172770.909238,-2,-1,-134
1767172770.919238,3,-2,-137
1767172770.929238,4,0,-135
1767172770.939238,2,-2,-134
1767172770.949238,4,1,-127
1767172770.959238,3,2,-125
1767172770.969238,1,0,-126
1767172770.9792385,-4,-3,-130
1767172770.9892385,-5,-3,-131
1767172770.9992385,-3,-4,-129
1767172771.0092382,4,0,-131
1767172771.0192382,2,-3,-132
1767172771.0292382,2,-5,-130
1767172771.0392382,-1,-5,-133
1767172771.0492382,-3,-3,-134
1767172771.0592382,-6,0,-135
1767172771.0692382,-6,0,-127
1767172771.0792382,-8,0,-124
1767172771.0892382,-5,0,-128
1767172771.0992382,-3,1,-129
1767172771.109238,-2,3,-128
1767172771.119238,0,6,-132
1767172771.129238,-1,7,-127
1767172771.139238,0,5,-122
1767172771.149238,0,4,-120
1767172771.159238,0,0,-118
1767172771.169238,1,-2,-127
1767172771.179238,2,-3,-127
1767172771.189238,6,-5,-127
1767172771.199238,4,-5,-133
1767172771.209238,1,-3,-135
1767172771.219238,0,-2,-135
1767172771.2292385,0,-4,-137
1767172771.2392385,3,-8,-136
1767172771.2492385,7,-5,-136
1767172771.2592382,6,-6,-136
1767172771.2692382,7,-6,-142
1767172771.2792382,6,-3,-139
1767172771.2892382,5,-1,-133
1767172771.2992382,3,1,-134
1767172771.3092382,0,2,-133
1767172771.3192382,-2,-1,-132
1767172771.3292382,-2,1,-129
1767172771.3392382,-7,2,-128
1767172771.3492382,-7,2,-130
1767172771.359238,-5,5,-132
1767172771.369238,-5,5,-131
1767172771.379238,-5,0,-128
1767172771.389238,-4,0,-126
1767172771.399238,-3,0,-128
1767172771.409238,-2,-1,-127
1767172771.419238,-3,-3,-128
1767172771.429238,-4,-5,-137
1767172771.439238,-4,-4,-133
1767172771.449238,-10,-1,-129
1767172771.459238,-6,-2,-126
1767172771.469238,-2,-3,-130
1767172771.4792385,-4,-1,-129
1767172771.4892385,-1,-1,-134
1767172771.4992385,1,0,-138
1767172771.5092382,4,0,-133
1767172771.5192382,4,2,-139
1767172771.5292382,0,1,-143
1767172771.5392382,0,3,-138
1767172771.5492382,3,0,-136
1767172771.5592382,1,2,-133
1767172771.5692382,5,0,-126
1767172771.5792382,4,0,-122
1767172771.5892382,9,-4,-126
1767172771.5992382,8,-3,-125
1767172771.609238,3,0,-134
1767172771.619238,5,0,-137
1767172771.629238,4,2,-138
1767172771.639238,8,4,-139
1767172771.649238,3,1,-136
1767172771.659238,-1,-1,-139
1767172771.669238,-6,-3,-132
1767172771.679238,-6,0,-131
1767172771.689238,-4,-2,-135
1767172771.699238,-1,-1,-137
1767172771.709238,-2,-3,-128
1767172771.719238,-4,0,-130
1767172771.7292385,-8,0,-125
1767172771.7392385,-10,-2,-128
1767172771.7492385,-11,-2,-136
1767172771.7592382,-4,-2,-135
1767172771.7692382,-2,3,-137
1767172771.7792382,-1,3,-133
1767172771.7892382,-1,1,-131
1767172771.7992382,0,1,-129
1767172771.8092382,-3,1,-132
1767172771.8192382,-5,0,-135
1767172771.8292382,0,-1,-132
1767172771.8392382,0,-2,-136
1767172771.8492382,3,-4,-133
1767172771.859238,1,-4,-132
1767172771.869238,1,-2,-129
1767172771.879238,0,-6,-128
1767172771.889238,-2,-6,-129
1767172771.899238,0,-3,-124
1767172771.909238,1,2,-121
1767172771.919238,0,3,-120
1767172771.929238,-2,5,-118
1767172771.939238,-3,5,-123
1767172771.949238,-7,-4,-125
1767172771.959238,-9,-2,-130
1767172771.969238,-2,-2,-130
1767172771.9792385,-3,-5,-133
1767172771.9892385,-6,-5,-133
1767172771.9992385,-4,-6,-134
1767172772.0092382,-3,-7,-140
1767172772.0192382,-4,-6,-133
1767172772.0292382,0,-5,-134
1767172772.0392382,1,-7,-136
1767172772.0492382,3,-9,-128
1767172772.0592382,7,-2,-128
1767172772.0692382,4,-3,-126
1767172772.0792382,1,1,-127
1767172772.0892382,1,0,-127
1767172772.0992382,0,0,-119
1767172772.109238,0,-3,-120
1767172772.119238,5,-3,-120
1767172772.129238,1,-2,-122
1767172772.139238,0,-3,-121
1767172772.149238,0,-2,-121
1767172772.1602385,3,-3,-126
1767172772.169238,1,-6,-129
1767172772.179238,4,-7,-131
1767172772.189238,4,-7,-133
1767172772.199238,5,-7,-131
1767172772.209238,2,-7,-136
1767172772.2202382,1,-7,-137
1767172772.2302382,4,-4,-138
1767172772.2402382,4,-1,-127
1767172772.2502382,4,0,-124
1767172772.2602382,5,0,-122
1767172772.2702382,3,-1,-124
1767172772.2802382,5,-2,-125
1767172772.290238,2,6,-123
1767172772.300238,3,5,-129
1767172772.310238,3,5,-131
1767172772.320238,3,6,-132
1767172772.330238,2,3,-132
1767172772.340238,0,3,-136
1767172772.350238,1,2,-134
1767172772.360238,-5,-1,-131
1767172772.370238,-8,-3,-136
1767172772.380238,-7,-4,-144
1767172772.390238,-6,-5,-145
1767172772.400238,-4,-5,-144
1767172772.4102385,-1,-3,-137
1767172772.4202385,2,-3,-130
1767172772.4302382,2,-4,-130
1767172772.4402382,4,-2,-133
1767172772.4502382,4,-1,-132
1767172772.4602382,1,-1,-133
1767172772.4702382,1,1,-138
1767172772.4802382,0,-4,-134
1767172772.4902382,2,-6,-133
1767172772.5002382,-1,-5,-138
1767172772.5102382,0,-8,-140
1767172772.5202382,1,-8,-134
1767172772.5302382,0,-7,-137
1767172772.540238,-1,-7,-135
1767172772.550238,1,-3,-141
1767172772.560238,0,-1,-139
1767172772.570238,3,-2,-132
1767172772.580238,5,1,-126
1767172772.590238,0,0,-122
1767172772.600238,0,0,-133
1767172772.610238,0,-4,-139
1767172772.620238,-6,-5,-134
1767172772.630238,-4,-6,-131
1767172772.640238,-1,-4,-135
1767172772.650238,1,-6,-139
1767172772.6602385,2,-6,-138
1767172772.6702385,-1,-8,-136
1767172772.6802382,-3,-5,-134
1767172772.6902382,-6,-7,-137
1767172772.7002382,-5,-9,-140
1767172772.7102382,-6,-8,-140
1767172772.7202382,-5,-7,-137
1767172772.7302382,-5,-6,-138
1767172772.7402382,-5,-7,-137
1767172772.7502382,0,-7,-134
1767172772.7602382,4,-3,-138
1767172772.7702382,2,-2,-137
1767172772.7802382,3,-4,-133
1767172772.790238,7,-4,-133
1767172772.800238,8,0,-136
1767172772.810238,7,-2,-143
1767172772.820238,2,-4,-145
1767172772.830238,0,-5,-146
1767172772.840238,1,-3,-141
1767172772.850238,-1,-1,-138
1767172772.860238,0,0,-136
1767172772.870238,-2,5,-137
1767172772.880238,-1,8,-137
1767172772.890238,-3,7,-133
1767172772.900238,-5,4,-131
1767172772.9102385,0,4,-130
1767172772.9202385,1,3,-129
1767172772.9302382,0,2,-128
1767172772.9402382,0,0,-132
1767172772.9502382,-2,2,-135
1767172772.9602382,-4,2,-138
1767172772.9702382,-6,-3,-133
1767172772.9802382,-7,-3,-137
1767172772.9902382,-5,0,-140
1767172773.0002382,-2,4,-138
1767172773.0102382,1,5,-133
1767172773.0202382,5,5,-130
1767172773.0302382,3,3,-134
1767172773.040238,5,-2,-142
1767172773.050238,6,0,-138
1767172773.060238,2,0,-139
1767172773.070238,-2,2,-132
1767172773.080238,-3,3,-127
1767172773.090238,-3,6,-130
1767172773.100238,-2,7,-135
1767172773.110238,-3,3,-134
1767172773.120238,-4,2,-130
1767172773.130238,-2,0,-136
1767172773.140238,-6,0,-141
1767172773.150238,-5,0,-137
1767172773.1602385,-2,0,-142
1767172773.1702385,-3,-1,-141
1767172773.1802382,-4,-2,-141
1767172773.1902382,-2,-1,-140
1767172773.2002382,-5,0,-141
1767172773.2102382,-3,0,-134
1767172773.2202382,-2,-1,-130
1767172773.2302382,-5,-3,-133
1767172773.2402382,-7,-2,-130
1767172773.2502382,-8,-4,-130
1767172773.2602382,-7,-3,-130
1767172773.2702382,-4,-3,-135
1767172773.2802382,-1,-5,-131
1767172773.290238,-2,-6,-127
1767172773.300238,1,-3,-130
1767172773.310238,0,-1,-134
1767172773.320238,-4,-5,-142
1767172773.330238,-3,-7,-146
1767172773.340238,-2,0,-143
1767172773.350238,-3,0,-131
1767172773.360238,-5,-3,-134
1767172773.370238,-5,-4,-134
1767172773.380238,-4,1,-132
1767172773.390238,-3,3,-132
1767172773.400238,-5,0,-134
1767172773.4102385,-3,1,-134
1767172773.4202385,-2,0,-135
1767172773.4302382,0,-4,-132
1767172773.4402382,4,-2,-127
1767172773.4502382,0,0,-125
1767172773.4602382,-1,3,-131
1767172773.4702382,0,1,-131
1767172773.4802382,-2,-3,-134
1767172773.4902382,1,-5,-133
1767172773.5002382,0,-7,-136
1767172773.5102382,-3,-11,-140
1767172773.5202382,-8,-9,-141
1767172773.5302382,-8,-10,-142
1767172773.540238,-6,-10,-137
1767172773.550238,-5,-10,-139
1767172773.560238,-10,-9,-145
1767172773.570238,-7,-7,-140
1767172773.580238,-8,-4,-139
1767172773.590238,-6,-3,-138
1767172773.600238,-3,0,-131
1767172773.610238,0,-1,-127
1767172773.620238,1,-2,-134
1767172773.630238,-2,-3,-140
1767172773.640238,-6,-6,-143
1767172773.650238,-5,-5,-145
1767172773.6602385,-1,-4,-142
1767172773.6702385,2,-3,-140
1767172773.6802382,1,-3,-136
1767172773.6902382,-3,-5,-129
1767172773.7002382,-6,-3,-131
1767172773.7102382,-4,-4,-131
1767172773.7202382,2,-4,-128
1767172773.7302382,1,-3,-128
1767172773.7402382,1,-1,-129
1767172773.7502382,-3,-3,-126
1767172773.7602382,-1,-4,-128
1767172773.7702382,2,-5,-136
1767172773.7802382,-1,-3,-137
1767172773.790238,-3,-2,-134
1767172773.800238,-1,-1,-134
1767172773.810238,0,-3,-133
1767172773.820238,0,-4,-130
1767172773.830238,-5,-3,-138
1767172773.840238,-2,-3,-143
1767172773.850238,0,-3,-148
1767172773.860238,0,0,-146
1767172773.870238,-1,0,-141
1767172773.880238,3,-1,-135
1767172773.890238,5,-1,-130
1767172773.900238,4,-4,-135
1767172773.9102385,3,-6,-137
1767172773.9202385,1,-6,-142
1767172773.9302382,5,-5,-136
1767172773.9402382,7,-6,-138
1767172773.9502382,5,-9,-139
1767172773.9602382,3,-5,-143
1767172773.9702382,4,-2,-142
1767172773.9802382,4,-4,-135
1767172773.9902382,3,-8,-135
1767172774.0002382,1,-6,-141
1767172774.0102382,2,-4,-138
1767172774.0202382,5,-1,-135
1767172774.0302382,1,-1,-142
1767172774.040238,-6,-6,-139
1767172774.050238,-2,-6,-131
1767172774.060238,-1,-5,-129
1767172774.070238,-4,-8,-130
1767172774.080238,-2,-9,-133
1767172774.090238,-2,-8,-130
1767172774.100238,0,-11,-127
1767172774.110238,-1,-9,-130
1767172774.120238,-5,-5,-128
1767172774.130238,-11,-4,-127
1767172774.140238,-12,-2,-125
1767172774.150238,-7,0,-124
1767172774.1602385,-10,1,-123
1767172774.1702385,-11,2,-125
1767172774.1802382,-6,-2,-133
1767172774.1902382,-1,-5,-130
1767172774.2002382,1,-6,-130
1767172774.2102382,2,-7,-131
1767172774.231238,3,-8,-132
1767172774.2402382,3,-6,-131
1767172774.2502382,1,-4,-132
1767172774.2602382,4,-3,-127
1767172774.2702382,9,-2,-127
1767172774.2802382,5,0,-122
1767172774.290238,-2,3,-121
1767172774.300238,-1,3,-125
1767172774.310238,-3,3,-128
1767172774.320238,0,3,-129
1767172774.330238,2,4,-129
1767172774.340238,4,4,-135
1767172774.350238,5,0,-142
1767172774.360238,2,1,-142
1767172774.370238,4,0,-142
1767172774.380238,2,0,-137
1767172774.390238,4,1,-135
1767172774.400238,6,-2,-135
1767172774.4102385,5,-3,-130
1767172774.4202385,1,-2,-123
1767172774.4302382,-4,-1,-123
1767172774.4402382,0,0,-128
1767172774.4502382,-2,-4,-126
1767172774.4602382,-1,-1,-126
1767172774.4702382,2,-2,-128
1767172774.4802382,0,-1,-131
1767172774.4902382,2,3,-138
1767172774.5002382,4,6,-134
1767172774.5102382,4,8,-124
1767172774.5202382,0,6,-125
1767172774.5302382,3,4,-129
1767172774.540238,3,2,-131
1767172774.550238,4,1,-138
1767172774.560238,4,2,-136
1767172774.570238,-1,1,-138
1767172774.580238,1,3,-137
1767172774.590238,0,4,-140
1767172774.600238,-1,5,-141
1767172774.610238,0,2,-141
1767172774.620238,2,-4,-142
1767172774.630238,1,-9,-147
1767172774.640238,2,-6,-146
1767172774.650238,1,-3,-142
1767172774.6602385,1,0,-137
1767172774.6702385,3,0,-137
1767172774.6802382,7,-3,-132
1767172774.6902382,5,-2,-134
1767172774.7002382,5,0,-134
1767172774.7102382,7,0,-134
1767172774.7202382,5,1,-134
1767172774.7302382,4,7,-127
1767172774.7402382,2,1,-124
1767172774.7502382,0,1,-123
1767172774.7602382,-4,4,-126
1767172774.7702382,-2,2,-128
1767172774.781238,-2,1,-128
1767172774.790238,0,0,-132
1767172774.801238,1,0,-133
1767172774.811238,-1,0,-135
1767172774.821238,-4,0,-132
1767172774.8312385,-1,-2,-121
1767172774.840238,-1,-1,-122
1767172774.8512385,0,-3,-129
1767172774.8612382,0,-2,-125
1767172774.8712382,-4,-6,-118
1767172774.8812382,-3,-8,-128
1767172774.8912382,-4,-6,-130
1767172774.9012382,-6,-8,-133
1767172774.9112382,-2,-8,-132
1767172774.9212382,-2,-4,-131
1767172774.9312382,-5,-2,-129
1767172774.9412382,-5,2,-128
1767172774.9512382,-7,1,-124
1767172774.961238,-6,5,-122
1767172774.971238,-7,5,-125
1767172774.981238,-8,4,-127
1767172774.991238,-5,7,-133
1767172775.001238,-3,4,-133
1767172775.011238,0,0,-127
1767172775.021238,-2,-2,-133
1767172775.031238,0,2,-132
1767172775.041238,3,0,-134
1767172775.051238,7,-2,-128
1767172775.061238,7,-3,-129
1767172775.071238,4,-2,-129
1767172775.0812385,4,-3,-128
1767172775.0912385,1,-4,-132
1767172775.1012385,2,-7,-135
1767172775.1112382,1,-5,-135
1767172775.1212382,3,-1,-144
1767172775.1312382,2,0,-144
1767172775.1412382,1,0,-145
1767172775.1512382,1,0,-140
1767172775.1612382,-1,0,-139
1767172775.1712382,-3,-3,-138
1767172775.1812382,1,-4,-140
1767172775.1912382,2,1,-143
1767172775.2012382,0,1,-146
1767172775.211238,0,0,-134
1767172775.221238,0,-4,-131
1767172775.231238,-3,-3,-131
1767172775.241238,-5,-1,-130
1767172775.251238,-8,2,-133
1767172775.261238,-6,-3,-134
1767172775.271238,-9,-3,-135
1767172775.281238,-5,-4,-135
1767172775.291238,-4,-5,-136
1767172775.301238,-2,-4,-140
1767172775.311238,1,-2,-140
1767172775.321238,-3,0,-135
1767172775.3312385,0,0,-131
1767172775.3412385,-2,3,-129
1767172775.3512385,-1,4,-130
1767172775.3612382,0,2,-133
1767172775.3712382,-1,2,-138
1767172775.3812382,-2,2,-139
1767172775.3912382,-1,0,-142
1767172775.4012382,0,-4,-139
1767172775.4112382,3,-4,-139
1767172775.4212382,5,-1,-142
1767172775.4312382,5,0,-145
1767172775.4412382,2,-4,-142
1767172775.4512382,0,-4,-140
1767172775.461238,1,-3,-144
1767172775.471238,1,-3,-134
1767172775.481238,0,-10,-127
1767172775.491238,1,-6,-128
1767172775.501238,-3,-4,-133
1767172775.511238,-6,-4,-127
1767172775.521238,-8,-2,-125
1767172775.531238,-9,-6,-127
1767172775.541238,-8,-5,-125
1767172775.551238,-7,-7,-124
1767172775.561238,-4,-6,-124
1767172775.571238,-4,0,-124
1767172775.5812385,-5,0,-125
1767172775.5912385,-3,-1,-126
1767172775.6012385,-4,0,-129
1767172775.6112382,-5,-1,-131
1767172775.6212382,-2,-4,-135
1767172775.6312382,2,-4,-134
1767172775.6412382,5,-6,-132
1767172775.6512382,5,-5,-133
1767172775.6612382,8,-5,-134
1767172775.6712382,6,-6,-131
1767172775.6812382,2,-2,-139
1767172775.6912382,1,1,-141
1767172775.7012382,0,2,-139
1767172775.711238,-3,4,-137
1767172775.721238,-3,6,-138
1767172775.731238,-1,3,-129
1767172775.741238,-1,1,-136
1767172775.751238,-4,-2,-131
1767172775.761238,-7,-5,-127
1767172775.771238,-9,-3,-126
1767172775.781238,-8,-2,-131
1767172775.791238,-8,-3,-136
1767172775.801238,-4,-5,-137
1767172775.811238,-1,-2,-132
1767172775.821238,-5,-2,-132
1767172775.8312385,1,-4,-134
1767172775.8412385,1,-7,-140
1767172775.8512385,2,-4,-149
1767172775.8612382,0,0,-146
1767172775.8712382,-1,-2,-145
1767172775.8812382,1,-8,-141
1767172775.8912382,3,-12,-132
1767172775.9012382,8,-13,-127
1767172775.9112382,5,-8,-132
1767172775.9212382,0,-7,-138
1767172775.9312382,-2,-5,-133
1767172775.9412382,0,-4,-134
1767172775.9512382,0,-3,-136
1767172775.961238,0,-6,-134
1767172775.971238,-4,-5,-132
1767172775.981238,-4,-2,-124
1767172775.991238,-3,1,-132
1767172776.001238,-4,-3,-138
1767172776.011238,-8,-3,-135
1767172776.021238,-6,-4,-129
1767172776.031238,-5,-4,-130
1767172776.041238,-10,-3,-125
1767172776.051238,-8,-1,-125
1767172776.061238,-3,-7,-123
1767172776.071238,0,-7,-124
1767172776.0812385,2,-7,-128
1767172776.0912385,3,-8,-128
1767172776.1012385,2,-2,-132
1767172776.1112382,6,0,-130
1767172776.1212382,5,-2,-132
1767172776.1312382,2,0,-136
1767172776.1412382,-1,3,-138
1767172776.1512382,-8,2,-138
1767172776.1612382,-7,-1,-132
1767172776.1712382,-5,-4,-134
1767172776.1812382,-6,-4,-134
1767172776.1912382,-5,-4,-129
1767172776.2012382,-4,-5,-130
1767172776.211238,-6,-3,-130
1767172776.221238,-6,-3,-132
1767172776.231238,-3,0,-130
1767172776.241238,-3,-3,-125
1767172776.251238,-5,-3,-127
1767172776.261238,-7,-1,-128
1767172776.271238,-4,-3,-126
1767172776.281238,-1,-2,-130
1767172776.291238,-1,-2,-134
1767172776.301238,-3,-2,-139
1767172776.311238,-5,-4,-144
1767172776.321238,-3,-9,-145
1767172776.3312385,-2,-8,-143
1767172776.3412385,-2,-1,-147
1767172776.3512385,-6,-2,-150
1767172776.3612382,-8,0,-144
1767172776.3712382,-5,0,-142
1767172776.3812382,-5,-4,-137
1767172776.3912382,0,-5,-138
1767172776.4012382,2,-9,-147
1767172776.4112382,0,-12,-143
1767172776.4212382,-6,-13,-140
1767172776.4312382,-7,-13,-134
1767172776.4412382,-8,-10,-126
1767172776.4512382,-8,-6,-129
1767172776.461238,-5,-6,-135
1767172776.471238,0,-1,-143
1767172776.481238,2,-2,-139
1767172776.491238,2,-6,-132
1767172776.501238,3,-5,-134
1767172776.511238,3,-6,-139
1767172776.521238,2,-5,-143
1767172776.531238,-2,-6,-142
1767172776.541238,-3,-7,-138
1767172776.551238,-1,-6,-136
1767172776.561238,1,-4,-135
1767172776.571238,2,-5,-139
1767172776.5812385,2,-5,-134
1767172776.5912385,2,-6,-136
1767172776.6012385,1,-6,-137
1767172776.6112382,1,-5,-136
1767172776.6212382,0,-7,-133
1767172776.6312382,-1,-5,-132
1767172776.6412382,-5,-6,-139
1767172776.6512382,-7,-6,-132
1767172776.6612382,-6,-6,-125
1767172776.6712382,-5,-2,-124
1767172776.6812382,0,0,-124
1767172776.6912382,1,3,-130
1767172776.7012382,-3,1,-129
1767172776.711238,0,3,-136
1767172776.721238,-4,-3,-142
1767172776.731238,-3,-5,-138
1767172776.741238,-4,-3,-138
1767172776.751238,-4,-4,-137
1767172776.761238,-1,-5,-137
1767172776.771238,0,-3,-136
1767172776.781238,0,-7,-135
1767172776.791238,-4,-10,-125
1767172776.801238,-5,-10,-118
1767172776.811238,-2,-1,-124
1767172776.821238,-2,-1,-128
1767172776.8312385,-2,-1,-134
1767172776.8412385,0,-6,-136
1767172776.8512385,5,-7,-136
1767172776.8612382,1,-8,-127
1767172776.8712382,0,-3,-127
1767172776.8812382,1,2,-127
1767172776.8912382,1,4,-125
1767172776.9012382,2,5,-133
1767172776.9112382,4,6,-139
1767172776.9212382,0,8,-145
1767172776.9312382,1,14,-140
1767172776.9412382,0,14,-142
1767172776.9512382,0,8,-141
1767172776.961238,-4,5,-136
1767172776.971238,-4,1,-130
1767172776.981238,1,0,-133
1767172776.991238,-1,-1,-137
1767172777.001238,0,-5,-136
1767172777.011238,0,-4,-132
1767172777.021238,2,-2,-138
1767172777.031238,1,0,-137
1767172777.041238,-2,-3,-132
1767172777.051238,-3,-4,-132
1767172777.061238,-2,-2,-133
1767172777.071238,-3,0,-130
1767172777.0812385,-2,1,-138
1767172777.0912385,-1,-1,-139
1767172777.1012385,1,0,-129
1767172777.1112382,-1,2,-131
1767172777.1212382,-2,3,-134
1767172777.1312382,-2,1,-134
1767172777.1412382,-2,1,-133
1767172777.1512382,1,1,-136
1767172777.1612382,3,4,-142
1767172777.1712382,2,7,-152
1767172777.1812382,0,8,-147
1767172777.1912382,1,5,-149
1767172777.2012382,0,4,-144
1767172777.211238,1,0,-143
1767172777.221238,-2,3,-141
1767172777.231238,-6,7,-141
1767172777.241238,-7,4,-140
1767172777.251238,-6,0,-136
1767172777.261238,-5,1,-133
1767172777.271238,-2,6,-136
1767172777.281238,-5,1,-138
1767172777.291238,-4,0,-131
1767172777.301238,-4,-5,-132
1767172777.311238,-7,-2,-139
1767172777.321238,-5,0,-138
1767172777.3312385,-4,0,-132
1767172777.3412385,-4,-1,-125
1767172777.3512385,0,-1,-126
1767172777.3612382,0,0,-129
1767172777.3712382,-1,1,-126
1767172777.3812382,0,-1,-121
1767172777.392238,-1,0,-121
1767172777.402238,-3,1,-128
1767172777.412238,0,2,-134
1767172777.422238,1,-2,-135
1767172777.432238,2,-1,-138
1767172777.442238,1,2,-138
1767172777.452238,0,1,-138
1767172777.462238,0,1,-139
1767172777.472238,0,3,-141
1767172777.482238,0,4,-140
1767172777.492238,-2,6,-136
1767172777.502238,-3,6,-131
1767172777.5122385,-4,4,-129
1767172777.5222385,0,2,-134
1767172777.5322382,0,0,-129
1767172777.5422382,2,0,-133
1767172777.5522382,2,-2,-138
1767172777.5622382,6,-4,-131
1767172777.5722382,7,-6,-125
1767172777.5822382,1,-2,-119
1767172777.5922382,-3,-1,-124
1767172777.6022382,-1,-2,-123
1767172777.6122382,-1,-2,-133
1767172777.6222382,-3,-4,-138
1767172777.632238,-3,-4,-140
1767172777.642238,-3,-3,-137
1767172777.652238,-1,-5,-138
1767172777.662238,1,0,-138
1767172777.672238,4,0,-135
1767172777.682238,2,2,-127
1767172777.692238,2,7,-131
1767172777.702238,1,5,-138
1767172777.712238,2,6,-136
1767172777.722238,7,8,-130
1767172777.732238,7,5,-126
1767172777.742238,4,0,-133
1767172777.752238,6,0,-131
1767172777.7622385,5,-1,-128
1767172777.7722385,0,-2,-123
1767172777.7822382,-1,-3,-125
1767172777.7922382,-1,-3,-126
1767172777.8022382,0,-4,-128
1767172777.8122382,0,-3,-127
1767172777.8222382,-2,-2,-127
1767172777.8322382,2,-5,-124
1767172777.8422382,6,-8,-129
1767172777.853238,3,-8,-129
1767172777.8622382,0,-4,-127
1767172777.8722382,0,0,-131
1767172777.882238,-3,-2,-134
1767172777.892238,-1,-1,-136
1767172777.902238,-2,-2,-135
1767172777.912238,-7,-6,-138
1767172777.922238,-8,-7,-140
1767172777.932238,-9,-6,-144
1767172777.942238,-4,-6,-140
1767172777.952238,-6,-2,-133
1767172777.962238,-4,-2,-131
1767172777.972238,-3,0,-129
1767172777.982238,-2,2,-133
1767172777.992238,1,4,-130
1767172778.002238,1,1,-130
1767172778.0122385,4,0,-133
1767172778.0222385,4,0,-133
1767172778.0322382,9,-4,-129
1767172778.0422382,5,-1,-125
1767172778.0522382,1,-4,-132
1767172778.0622382,0,-5,-125
1767172778.0722382,-2,-1,-120
1767172778.0822382,-7,-8,-115
1767172778.0922382,-5,-6,-114
1767172778.1022382,-6,-8,-119
1767172778.1122382,-6,-6,-117
1767172778.1222382,-9,-5,-128
1767172778.132238,-6,-7,-135
1767172778.142238,-8,-9,-129
1767172778.152238,-4,-8,-124
1767172778.162238,0,-7,-124
1767172778.172238,-2,-8,-120
1767172778.182238,-1,-5,-130
1767172778.192238,0,-1,-136
1767172778.202238,-2,3,-138
1767172778.212238,-3,0,-137
1767172778.222238,0,1,-136
1767172778.232238,2,0,-136
1767172778.242238,0,0,-136
1767172778.252238,-4,-4,-138
1767172778.2622385,-2,-4,-129
1767172778.2722385,-1,-4,-128
1767172778.2822382,-4,-4,-116
1767172778.2922382,-6,-7,-116
1767172778.3022382,-6,-8,-122
1767172778.3122382,-6,-6,-126
1767172778.3222382,-4,-6,-130
1767172778.3322382,0,-5,-127
1767172778.3422382,0,-4,-123
1767172778.3522382,3,-1,-132
1767172778.3622382,2,0,-131
1767172778.3722382,1,1,-127
1767172778.382238,3,0,-128
1767172778.392238,7,-2,-131
1767172778.402238,7,1,-133
1767172778.412238,8,0,-133
1767172778.422238,2,-3,-131
1767172778.432238,0,-1,-136
1767172778.442238,0,-2,-138
1767172778.452238,1,0,-138
1767172778.462238,-1,-2,-132
1767172778.472238,-4,-3,-124
1767172778.482238,-8,-2,-123
1767172778.492238,-5,-3,-123
1767172778.502238,-4,-1,-123
1767172778.5122385,-4,0,-124
1767172778.5222385,0,0,-124
1767172778.5322382,-1,0,-129
1767172778.5422382,-1,0,-126
1767172778.5522382,-1,0,-127
1767172778.5622382,0,-2,-130
1767172778.5722382,0,-6,-124
1767172778.5822382,0,-3,-122
1767172778.5922382,1,0,-117
1767172778.6022382,-1,1,-119
1767172778.6122382,-2,3,-122
1767172778.6222382,0,6,-126
1767172778.632238,0,5,-127
1767172778.642238,4,4,-126
1767172778.652238,0,5,-130
1767172778.662238,-2,8,-132
1767172778.672238,-2,8,-135
1767172778.682238,0,6,-135
1767172778.692238,0,3,-140
1767172778.702238,-2,6,-138
1767172778.712238,-5,4,-143
1767172778.722238,-6,0,-143
1767172778.732238,-10,-1,-139
1767172778.742238,-8,-1,-134
1767172778.752238,-4,-3,-130
1767172778.7622385,-4,-1,-130
1767172778.7722385,-4,-6,-130
1767172778.7822382,-5,-7,-139
1767172778.7922382,-7,-7,-145
1767172778.8022382,-7,-1,-143
1767172778.8122382,-1,1,-144
1767172778.8222382,-4,4,-146
1767172778.8322382,-6,2,-141
1767172778.8422382,-6,-2,-143
1767172778.8522382,-6,-1,-136
1767172778.8622382,-6,3,-134
1767172778.8722382,-6,-1,-134
1767172778.882238,-10,0,-133
1767172778.892238,-2,-4,-130
1767172778.902238,-1,1,-135
1767172778.912238,0,3,-136
1767172778.922238,0,4,-136
1767172778.932238,0,0,-134
1767172778.942238,0,0,-123
1767172778.952238,4,-3,-117
1767172778.962238,7,-1,-120
1767172778.972238,0,-1,-129
1767172778.982238,-5,-2,-132
1767172778.992238,-4,-2,-137
1767172779.002238,-5,-1,-138
1767172779.0122385,-4,-1,-133
1767172779.0222385,-4,0,-133
1767172779.0322382,-1,-2,-131
1767172779.0422382,0,-4,-134
1767172779.0522382,-1,-4,-137
1767172779.0622382,0,-7,-135
1767172779.0722382,0,-5,-124
1767172779.0822382,2,-9,-126
1767172779.0922382,0,-9,-126
1767172779.1022382,0,-9,-129
1767172779.1122382,2,-13,-123
1767172779.1222382,1,-11,-119
1767172779.132238,1,-11,-123
1767172779.142238,-1,-7,-123
1767172779.152238,-1,-5,-126
1767172779.162238,1,-2,-132
1767172779.172238,-2,-1,-141
1767172779.182238,-2,-4,-136
1767172779.192238,-3,-2,-132
1767172779.202238,-4,-1,-128
1767172779.212238,-4,-1,-122
1767172779.222238,-7,-1,-125
1767172779.244238,-4,-1,-139
1767172779.252238,-1,-1,-133
1767172779.2622385,-3,-2,-126
1767172779.2722385,0,-6,-123
1767172779.2822382,2,-4,-129
1767172779.2922382,5,-4,-129
1767172779.3022382,6,-8,-125
1767172779.3122382,2,-6,-126
1767172779.3222382,0,-1,-131
1767172779.3322382,-1,-2,-124
1767172779.3422382,-1,-6,-120
1767172779.3522382,-2,-5,-122
1767172779.3622382,-9,-4,-125
1767172779.3722382,-3,-5,-135
1767172779.382238,-1,-7,-136
1767172779.392238,-1,-6,-132
1767172779.402238,1,-4,-135
1767172779.412238,6,-4,-139
1767172779.422238,8,-7,-134
1767172779.432238,6,-1,-131
1767172779.442238,6,0,-129
1767172779.452238,10,0,-126
1767172779.462238,9,-1,-129
1767172779.472238,5,-2,-128
1767172779.482238,7,-2,-124
1767172779.492238,5,-4,-125
1767172779.502238,3,-1,-126
1767172779.5122385,-5,0,-129
1767172779.5222385,-7,-1,-132
1767172779.5322382,-9,0,-135
1767172779.5422382,-12,-1,-142
1767172779.5522382,-8,-1,-141
1767172779.5622382,-7,0,-139
1767172779.5722382,-8,-1,-141
1767172779.5822382,-5,-3,-137
1767172779.5922382,-4,-3,-135
1767172779.6022382,-4,-1,-137
1767172779.6122382,0,-1,-138
1767172779.6222382,-1,-2,-137
1767172779.632238,0,-2,-139
1767172779.642238,2,-2,-138
1767172779.652238,0,0,-135
1767172779.662238,3,0,-131
1767172779.672238,6,0,-126
1767172779.682238,3,1,-127
1767172779.692238,1,0,-136
1767172779.702238,-1,-2,-134
1767172779.712238,0,-1,-132
1767172779.722238,-1,-3,-134
1767172779.732238,-3,-4,-132
1767172779.742238,-6,-5,-134
1767172779.752238,0,-8,-139
1767172779.7622385,2,-10,-139
1767172779.7722385,1,-8,-145
1767172779.7822382,0,-9,-141
1767172779.7922382,1,-7,-135
1767172779.8022382,0,-4,-135
1767172779.8122382,1,0,-137
1767172779.8222382,0,0,-139
1767172779.8322382,-1,0,-136
1767172779.8422382,-2,1,-137
1767172779.8522382,-2,-2,-139
1767172779.8622382,-2,-5,-138
1767172779.8722382,-1,-3,-141
1767172779.882238,-1,0,-137
1767172779.892238,-2,3,-131
1767172779.902238,0,2,-131
1767172779.912238,-1,1,-136
1767172779.922238,0,1,-138
1767172779.932238,-1,2,-133
1767172779.942238,-1,0,-128
1767172779.952238,4,-1,-129
1767172779.962238,7,-3,-128
1767172779.972238,8,-2,-123
1767172779.9832382,6,-1,-132
1767172779.9932382,3,0,-140
1767172780.0032382,2,0,-142
1767172780.0132382,6,-5,-139
1767172780.0232382,5,-7,-140
1767172780.0332382,5,-3,-143
1767172780.0432382,3,-5,-143
1767172780.0532382,0,-6,-143
1767172780.063238,-2,-5,-141
1767172780.073238,-2,-3,-138
1767172780.083238,-3,-5,-132
1767172780.093238,-4,0,-134
1767172780.103238,-4,0,-137
1767172780.113238,-4,5,-146
1767172780.123238,-2,-1,-147
1767172780.133238,-4,-8,-140
1767172780.143238,-1,-6,-139
1767172780.153238,-1,-6,-141
1767172780.163238,-5,-2,-140
1767172780.173238,-3,1,-139
1767172780.1832385,-1,-1,-145
1767172780.1932385,-4,-3,-142
1767172780.2032382,0,-3,-147
1767172780.2132382,0,-7,-147
1767172780.2232382,1,-9,-144
1767172780.2332382,2,-8,-145
1767172780.2432382,4,-3,-143
1767172780.2532382,-1,0,-142
1767172780.2632382,-2,-3,-142
1767172780.2732382,-1,-2,-142
1767172780.2832382,-1,-3,-145
1767172780.2932382,-4,-1,-148
1767172780.3032382,3,-3,-134
1767172780.313238,6,-3,-124
1767172780.323238,5,-3,-130
1767172780.333238,1,-2,-129
1767172780.343238,2,2,-129
1767172780.353238,1,1,-132
1767172780.363238,-4,1,-135
1767172780.373238,0,0,-139
1767172780.383238,-1,-1,-137
1767172780.393238,0,-2,-138
1767172780.403238,0,-3,-134
1767172780.413238,0,-1,-131
1767172780.423238,0,-1,-123
1767172780.4332385,1,0,-127
1767172780.4432385,0,0,-127
1767172780.4532382,-1,0,-126
1767172780.4632382,-2,2,-125
1767172780.4732382,-6,1,-127
1767172780.4832382,-6,0,-128
1767172780.4932382,-9,-1,-133
1767172780.5032382,-10,0,-138
1767172780.5132382,-10,-2,-133
1767172780.5232382,-6,-3,-134
1767172780.5332382,0,0,-131
1767172780.5432382,-1,-1,-133
1767172780.5532382,0,0,-134
1767172780.563238,0,0,-143
1767172780.573238,-1,3,-145
1767172780.583238,-1,1,-139
1767172780.593238,-2,4,-133
1767172780.603238,0,3,-131
1767172780.613238,1,0,-123
1767172780.623238,3,0,-124
1767172780.633238,0,0,-131
1767172780.643238,2,0,-135
1767172780.653238,-1,2,-129
1767172780.663238,-2,3,-128
1767172780.673238,-3,1,-124
1767172780.6832385,-5,0,-131
1767172780.6932385,-1,2,-130
1767172780.7032382,1,1,-134
1767172780.7132382,-1,2,-134
1767172780.7232382,-2,1,-140
1767172780.7332382,-5,2,-147
1767172780.7432382,-4,1,-148
1767172780.7532382,-7,-4,-147
1767172780.7632382,-6,-5,-151
1767172780.7732382,-1,-6,-143
1767172780.7832382,1,-6,-148
1767172780.7932382,-1,-5,-142
1767172780.8032382,-1,-5,-134
1767172780.813238,-3,0,-129
1767172780.823238,-2,-1,-127
1767172780.833238,-4,-2,-119
1767172780.843238,-6,-3,-119
1767172780.853238,0,-5,-121
1767172780.863238,2,-6,-116
1767172780.873238,3,-3,-122
1767172780.883238,5,0,-124
1767172780.893238,3,-2,-127
1767172780.903238,5,-1,-125
1767172780.913238,4,-1,-131
1767172780.923238,3,-3,-127
1767172780.9332385,2,-9,-125
1767172780.9432385,0,-8,-123
1767172780.9532382,-2,-5,-126
1767172780.9632382,-4,-7,-122
1767172780.9732382,-1,-4,-124
1767172780.9832382,-3,-6,-131
1767172780.9932382,-1,-9,-127
1767172781.0032382,0,-11,-125
1767172781.0132382,3,-6,-121
1767172781.0232382,-2,-7,-135
1767172781.0332382,0,-9,-137
1767172781.0432382,1,-7,-137
1767172781.0532382,0,-6,-138
1767172781.063238,-1,-6,-139
1767172781.073238,-1,-3,-140
1767172781.083238,-1,-3,-138
1767172781.093238,0,-3,-140
1767172781.103238,-5,-3,-138
1767172781.113238,-4,-3,-138
1767172781.123238,0,-5,-130
1767172781.133238,1,-7,-126
1767172781.143238,1,-4,-127
1767172781.153238,2,-1,-128
1767172781.163238,-5,-3,-135
1767172781.173238,-3,-6,-128
1767172781.1832385,-3,-4,-120
1767172781.1932385,-8,-4,-120
1767172781.2032382,-6,-3,-126
1767172781.2132382,-6,-3,-124
1767172781.2232382,-4,-8,-128
1767172781.2332382,-4,-5,-132
1767172781.2432382,-7,-4,-134
1767172781.2532382,-2,-1,-131
1767172781.2632382,-3,-2,-138
1767172781.2732382,0,-1,-132
1767172781.2832382,-1,3,-127
1767172781.2932382,0,2,-128
1767172781.3032382,6,0,-130
1767172781.313238,1,-1,-134
1767172781.323238,0,-2,-127
1767172781.333238,-4,0,-128
1767172781.343238,-7,0,-123
1767172781.353238,-5,-1,-127
1767172781.363238,-5,-3,-134
1767172781.373238,-3,-3,-137
1767172781.383238,-4,-1,-139
1767172781.393238,-6,-1,-135
1767172781.403238,-5,-2,-126
1767172781.413238,-6,-4,-126
1767172781.423238,-9,-4,-126
1767172781.4332385,-6,-4,-128
1767172781.4432385,-7,0,-126
1767172781.4532382,-9,4,-133
1767172781.4632382,-10,3,-130
1767172781.4732382,-10,4,-129
1767172781.4832382,-12,2,-136
1767172781.4932382,-8,4,-135
1767172781.5032382,-9,1,-139
1767172781.5132382,-3,6,-135
1767172781.5232382,2,8,-137
1767172781.5332382,0,6,-130
1767172781.5432382,6,5,-130
1767172781.5532382,0,-1,-122
1767172781.563238,1,-3,-129
1767172781.573238,-2,-1,-127
1767172781.583238,-5,0,-126
1767172781.593238,-6,-6,-132
1767172781.603238,-9,-6,-132
1767172781.613238,-9,-2,-133
1767172781.623238,-8,-4,-136
1767172781.633238,-6,-5,-135
1767172781.643238,-7,-5,-133
1767172781.653238,-3,-5,-128
1767172781.663238,-3,-2,-131
1767172781.673238,-4,-3,-130
1767172781.6832385,0,-2,-135
1767172781.6932385,2,-4,-131
1767172781.7032382,-2,-6,-129
1767172781.7132382,-3,-6,-133
1767172781.7232382,-1,-3,-130
1767172781.7332382,-4,-2,-124
1767172781.7432382,-3,-7,-122
1767172781.7532382,-8,-3,-125
1767172781.7632382,-8,-3,-130
1767172781.7732382,-1,-2,-131
1767172781.7832382,3,0,-130
1767172781.7932382,2,0,-129
1767172781.8032382,0,4,-126
1767172781.813238,1,3,-130
1767172781.823238,-4,4,-131
1767172781.833238,-4,4,-131
1767172781.843238,-3,3,-122
1767172781.853238,-6,-1,-131
1767172781.863238,-6,-4,-139
1767172781.873238,-7,-5,-137
1767172781.883238,-4,-2,-142
1767172781.893238,-1,-3,-144
1767172781.903238,-1,3,-144
1767172781.913238,-2,3,-139
1767172781.923238,-2,0,-141
1767172781.9332385,0,0,-142
1767172781.9432385,5,-2,-140
1767172781.9532382,1,-2,-134
1767172781.9632382,2,-5,-131
1767172781.9732382,2,-1,-128
1767172781.9832382,0,0,-130
1767172781.9932382,0,1,-131
1767172782.0032382,0,-2,-134
1767172782.0132382,-1,-1,-135
1767172782.0232382,-2,-4,-132
1767172782.0332382,0,-2,-134
1767172782.0432382,2,3,-132
1767172782.0532382,0,1,-133
1767172782.063238,0,0,-133
1767172782.073238,6,1,-139
1767172782.083238,3,0,-144
1767172782.093238,-1,-2,-141
1767172782.103238,-3,-3,-132
1767172782.113238,-1,-2,-131
1767172782.123238,5,-1,-131
1767172782.133238,7,0,-133
1767172782.143238,8,0,-133
1767172782.1542382,9,-2,-128
1767172782.163238,8,2,-125
1767172782.173238,1,5,-129
1767172782.1832385,0,5,-126
1767172782.1932385,0,1,-120
1767172782.2032382,0,0,-123
1767172782.2132382,-1,0,-128
1767172782.2232382,-1,0,-136
1767172782.2332382,-6,-2,-130
1767172782.2432382,-6,-2,-138
1767172782.2532382,-8,-4,-137
1767172782.2632382,-6,-4,-130
1767172782.2732382,-7,-3,-127
1767172782.2832382,-3,-5,-130
1767172782.2932382,-3,-4,-132
1767172782.3032382,-1,-2,-127
1767172782.313238,3,-5,-129
1767172782.323238,4,-7,-137
1767172782.333238,6,-4,-143
1767172782.343238,3,-9,-144
1767172782.353238,5,-8,-140
1767172782.363238,8,-6,-143
1767172782.373238,3,-3,-141
1767172782.383238,4,0,-136
1767172782.393238,3,-1,-130
1767172782.403238,-1,1,-123
1767172782.413238,-3,0,-123
1767172782.423238,-3,1,-123
1767172782.4332385,-1,0,-120
1767172782.4432385,0,0,-125
1767172782.4532382,2,0,-137
1767172782.4632382,4,3,-135
1767172782.4732382,0,2,-135
1767172782.4832382,2,3,-130
1767172782.4932382,6,2,-125
1767172782.5032382,2,5,-126
1767172782.5132382,2,2,-123
1767172782.5232382,6,0,-130
1767172782.5332382,4,1,-133
1767172782.5432382,2,-4,-133
1767172782.5532382,1,-2,-135
1767172782.563238,2,1,-135
1767172782.573238,0,4,-139
1767172782.583238,5,5,-138
1767172782.593238,1,7,-146
1767172782.6042385,2,4,-139
1767172782.6142385,7,1,-138
1767172782.6242385,4,0,-138
1767172782.6342382,8,0,-136
1767172782.6442382,11,1,-137
1767172782.6542382,7,2,-142
1767172782.6642382,6,1,-142
1767172782.6742382,5,3,-140
1767172782.6842382,1,3,-146
1767172782.6942382,0,3,-142
1767172782.7042382,1,3,-135
1767172782.7142382,0,0,-126
1767172782.7242382,5,-1,-126
1767172782.734238,8,2,-125
1767172782.744238,4,-1,-127
1767172782.754238,4,-5,-131
1767172782.764238,2,-8,-137
1767172782.774238,4,-8,-133
1767172782.784238,4,-5,-127
1767172782.794238,2,-3,-134
1767172782.804238,3,-2,-142
1767172782.814238,-1,-2,-143
1767172782.824238,-2,-5,-138
1767172782.834238,-2,-8,-133
1767172782.844238,0,-5,-136
1767172782.8542385,6,0,-134
1767172782.8642385,10,-2,-134
1767172782.8742385,7,-1,-135
1767172782.8842382,9,0,-134
1767172782.8942382,6,0,-138
1767172782.9042382,1,3,-136
1767172782.9142382,0,1,-127
1767172782.9242382,4,0,-135
1767172782.9342382,1,-2,-139
1767172782.9442382,4,-1,-133
1767172782.9542382,5,2,-131
1767172782.9642382,4,2,-127
1767172782.9742382,6,1,-124
1767172782.984238,2,0,-120
1767172782.994238,-1,-2,-120
1767172783.004238,-4,-2,-119
1767172783.014238,-1,-4,-118
1767172783.024238,1,-5,-123
1767172783.034238,0,-4,-125
1767172783.044238,-1,-3,-124
1767172783.054238,0,-3,-129
1767172783.064238,0,-1,-130
1767172783.074238,-1,0,-126
1767172783.084238,-1,1,-120
1767172783.094238,-3,0,-118
1767172783.1042385,-5,-1,-123
1767172783.1142385,-3,0,-124
1767172783.1242385,0,0,-119
1767172783.1342382,3,-2,-124
1767172783.1442382,0,-1,-129
1767172783.1542382,2,0,-139
1767172783.1642382,4,-1,-134
1767172783.1742382,3,0,-133
1767172783.1842382,5,-6,-132
1767172783.1942382,4,-4,-137
1767172783.2042382,0,-3,-136
1767172783.2142382,-3,-8,-133
1767172783.2242382,-3,-8,-128
1767172783.234238,-2,-7,-123
1767172783.244238,-4,-10,-123
1767172783.254238,-1,-6,-129
1767172783.264238,-3,-5,-129
1767172783.274238,2,-2,-132
1767172783.284238,2,-2,-126
1767172783.294238,1,-5,-129
1767172783.304238,0,-4,-127
1767172783.314238,-3,-7,-126
1767172783.324238,2,-6,-124
1767172783.334238,1,-3,-129
1767172783.344238,2,-4,-132
1767172783.3542385,-1,-4,-133
1767172783.3642385,-4,-2,-130
1767172783.3742385,0,-2,-131
1767172783.3842382,0,-6,-132
1767172783.3942382,0,-8,-136
1767172783.4042382,1,-6,-138
1767172783.4142382,5,0,-138
1767172783.4242382,4,1,-130
1767172783.4342382,2,-5,-130
1767172783.4442382,5,-3,-132
1767172783.4542382,6,-1,-127
1767172783.4642382,4,1,-128
1767172783.4742382,4,-2,-131
1767172783.484238,5,2,-138
1767172783.494238,2,0,-130
1767172783.504238,0,-2,-127
1767172783.514238,-6,-2,-131
1767172783.524238,-5,0,-133
1767172783.534238,-2,0,-131
1767172783.544238,0,-3,-129
1767172783.554238,-2,-2,-131
1767172783.564238,-6,-1,-124
1767172783.574238,-6,2,-124
1767172783.584238,-6,2,-123
1767172783.594238,-3,-1,-122
1767172783.6042385,-4,-2,-127
1767172783.6142385,-1,-3,-130
1767172783.6242385,-3,-7,-129
1767172783.6342382,0,-4,-126
1767172783.6442382,0,-3,-129
1767172783.6542382,-1,-6,-120
1767172783.6642382,-3,-9,-119
1767172783.6742382,-1,-9,-125
1767172783.6842382,-2,-4,-132
1767172783.6942382,-2,-3,-141
1767172783.7042382,-3,2,-140
1767172783.7142382,-1,4,-143
1767172783.7242382,3,3,-145
1767172783.734238,4,3,-140
1767172783.744238,7,2,-135
1767172783.754238,5,3,-129
1767172783.764238,2,0,-132
1767172783.774238,1,-5,-133
1767172783.784238,0,-3,-133
1767172783.794238,0,0,-135
1767172783.804238,0,-2,-134
1767172783.814238,1,-2,-140
1767172783.824238,0,-4,-138
1767172783.834238,0,1,-133
1767172783.844238,1,2,-137
1767172783.8542385,4,0,-138
1767172783.8642385,3,0,-141
1767172783.8742385,2,1,-139
1767172783.8842382,-1,-2,-143
1767172783.8942382,0,0,-143
1767172783.9042382,0,-1,-142
1767172783.9142382,-1,4,-141
1767172783.9242382,-2,3,-139
1767172783.9342382,-5,0,-134
1767172783.9442382,0,-1,-136
1767172783.9542382,3,-4,-136
1767172783.9642382,3,0,-127
1767172783.9742382,2,-2,-131
1767172783.984238,-1,-2,-134
1767172783.994238,0,-7,-138
1767172784.004238,-1,-8,-134
1767172784.014238,0,-7,-135
1767172784.024238,-1,-6,-140
1767172784.034238,-2,0,-143
1767172784.044238,0,1,-145
1767172784.054238,3,-4,-141
1767172784.064238,0,-2,-140
1767172784.074238,-1,2,-141
1767172784.084238,0,3,-136
1767172784.094238,0,2,-132
1767172784.1042385,1,2,-133
1767172784.1142385,0,4,-124
1767172784.1242385,3,0,-132
1767172784.1342382,2,-2,-124
1767172784.1442382,1,-2,-122
1767172784.1542382,2,0,-125
1767172784.1642382,1,-3,-128
1767172784.1742382,2,-4,-129
1767172784.1842382,0,0,-130
1767172784.1942382,0,0,-132
1767172784.2042382,0,0,-139
1767172784.2142382,0,0,-136
1767172784.2242382,0,-4,-131
1767172784.234238,1,-1,-132
1767172784.2562382,3,-5,-128
1767172784.264238,5,-7,-129
1767172784.274238,0,-8,-131
1767172784.284238,0,-5,-125
1767172784.294238,2,-1,-123
1767172784.304238,0,-2,-130
1767172784.314238,-3,-1,-135
1767172784.324238,-7,-2,-137
1767172784.334238,-8,-1,-138
1767172784.344238,-2,0,-138
1767172784.3542385,-2,0,-135
1767172784.3642385,-2,-2,-139
1767172784.3742385,-5,-1,-134
1767172784.3842382,-3,-3,-136
1767172784.3942382,-3,-2,-137
1767172784.4042382,1,-3,-142
1767172784.4142382,1,-2,-140
1767172784.4242382,2,-7,-147
1767172784.4342382,3,-7,-141
1767172784.4442382,6,-6,-144
1767172784.4542382,6,-5,-142
1767172784.4642382,3,-4,-139
1767172784.4742382,5,-4,-139
1767172784.484238,4,-3,-141
1767172784.494238,2,-4,-149
1767172784.504238,4,-3,-149
1767172784.514238,8,-1,-148
1767172784.524238,2,-1,-144
1767172784.534238,3,-1,-141
1767172784.544238,2,0,-136
1767172784.554238,-2,-3,-135
1767172784.564238,-4,-4,-135
1767172784.574238,-5,-3,-134
1767172784.584238,-3,0,-129
1767172784.594238,-4,-1,-132
1767172784.6042385,-5,-2,-134
1767172784.6142385,-6,-3,-135
1767172784.6242385,-7,-5,-132
1767172784.6342382,-1,-3,-131
1767172784.6442382,-3,1,-131
1767172784.6542382,-2,2,-136
1767172784.6642382,-2,6,-144
1767172784.6742382,1,3,-142
1767172784.6842382,1,1,-140
1767172784.6942382,2,-2,-135
1767172784.7042382,0,-8,-131
1767172784.7142382,0,-4,-131
1767172784.7242382,0,-1,-138
1767172784.734238,1,2,-134
1767172784.744238,0,0,-126
1767172784.754238,1,-3,-132
1767172784.764238,0,-5,-135
1767172784.774238,0,-5,-136
1767172784.784238,4,-5,-141
1767172784.794238,2,-4,-138
1767172784.804238,-2,1,-132
1767172784.814238,-3,-1,-134
1767172784.824238,-5,-3,-132
1767172784.834238,-6,-6,-131
1767172784.844238,-3,-3,-137
1767172784.8542385,1,-2,-135
1767172784.8642385,1,-2,-135
1767172784.8742385,2,-3,-131
1767172784.8842382,1,1,-132
1767172784.8942382,0,4,-137
1767172784.9042382,0,5,-132
1767172784.9142382,4,0,-134
1767172784.9242382,3,0,-136
1767172784.9342382,2,-3,-136
1767172784.9442382,3,-4,-136
1767172784.9542382,3,-4,-138
1767172784.9642382,0,-2,-139
1767172784.9742382,-2,-3,-138
1767172784.984238,-3,-2,-138
1767172784.994238,-2,-4,-134
1767172785.004238,-2,-2,-141
1767172785.014238,-4,-2,-140
1767172785.024238,-5,-1,-145
1767172785.034238,-2,1,-143
1767172785.044238,-3,2,-139
1767172785.054238,-2,3,-141
1767172785.064238,0,2,-136
1767172785.074238,-2,2,-130
1767172785.084238,-10,0,-135
1767172785.094238,-12,2,-136
1767172785.1042385,-8,0,-133
1767172785.1142385,0,1,-132
1767172785.1252382,2,2,-136
1767172785.1342382,-2,2,-137
1767172785.1452382,-6,0,-139
1767172785.1542382,-5,1,-135
1767172785.165238,-4,1,-133
1767172785.175238,0,4,-129
1767172785.185238,0,4,-136
1767172785.195238,1,3,-135
1767172785.205238,0,0,-139
1767172785.215238,3,-3,-143
1767172785.225238,3,-5,-137
1767172785.235238,-1,-3,-129
1767172785.245238,-3,-3,-127
1767172785.255238,-1,1,-128
1767172785.265238,-1,7,-132
1767172785.275238,2,3,-129
1767172785.2852385,6,3,-133
1767172785.2952385,7,0,-134
1767172785.3052382,8,0,-129
1767172785.3152382,5,0,-127
1767172785.3252382,7,1,-126
1767172785.3352382,9,2,-124
1767172785.3452382,6,3,-117
1767172785.3552382,4,5,-120
1767172785.3652382,0,2,-125
1767172785.3752382,3,-1,-128
1767172785.3852382,3,-5,-134
1767172785.3952382,3,-3,-132
1767172785.4052382,-1,-2,-127
1767172785.415238,-8,-4,-127
1767172785.425238,-7,-5,-130
1767172785.435238,-5,2,-128
1767172785.445238,0,1,-129
1767172785.455238,0,-1,-127
1767172785.465238,-1,0,-124
1767172785.475238,-4,1,-123
1767172785.485238,-1,0,-131
1767172785.495238,0,-1,-134
1767172785.505238,1,-1,-130
1767172785.515238,0,-2,-134
1767172785.525238,-1,-6,-140
1767172785.5352385,0,-5,-139
1767172785.5452385,0,-2,-143
1767172785.5552382,-3,0,-142
1767172785.5652382,-2,-1,-138
1767172785.5752382,-5,0,-141
1767172785.5852382,-2,0,-135
1767172785.5952382,-3,1,-139
1767172785.6052382,-2,2,-145
1767172785.6152382,-3,1,-144
1767172785.6252382,-4,1,-139
1767172785.6352382,-3,0,-133
1767172785.6452382,-4,1,-129
1767172785.6552382,-5,4,-125
1767172785.665238,-8,3,-130
1767172785.675238,-7,2,-132
1767172785.685238,-3,1,-122
1767172785.695238,-2,1,-120
1767172785.705238,1,0,-126
1767172785.715238,0,5,-130
1767172785.725238,-2,4,-128
1767172785.735238,0,3,-121
1767172785.745238,-5,3,-124
1767172785.755238,-5,3,-129
1767172785.765238,-6,0,-126
1767172785.775238,-7,0,-126
1767172785.7852385,-8,0,-131
1767172785.7952385,-8,0,-129
1767172785.8052382,-7,0,-123
1767172785.8152382,-6,0,-124
1767172785.8252382,-1,2,-126
1767172785.8352382,-4,1,-123
1767172785.8452382,0,0,-131
1767172785.8552382,1,0,-136
1767172785.8652382,2,2,-139
1767172785.8752382,2,-1,-139
1767172785.8852382,2,-4,-133
1767172785.8952382,-1,-2,-133
1767172785.9052382,0,-6,-128
1767172785.915238,2,-5,-129
1767172785.925238,6,-4,-125
1767172785.935238,2,-6,-133
1767172785.945238,0,-7,-138
1767172785.955238,5,-7,-137
1767172785.965238,5,-7,-140
1767172785.975238,4,-12,-142
1767172785.985238,2,-9,-142
1767172785.995238,1,-8,-143
1767172786.005238,5,-4,-144
1767172786.015238,5,-1,-145
1767172786.025238,5,-1,-144
1767172786.0352385,9,-1,-142
1767172786.0452385,7,-7,-138
1767172786.0552382,6,-8,-133
1767172786.0652382,4,-9,-128
1767172786.0752382,5,-6,-132
1767172786.0852382,7,-6,-130
1767172786.0952382,8,0,-132
1767172786.1052382,11,3,-128
1767172786.1152382,13,4,-133
1767172786.1252382,9,3,-134
1767172786.1352382,3,2,-131
1767172786.1452382,4,0,-129
1767172786.1552382,1,0,-132
1767172786.165238,6,0,-131
1767172786.175238,4,0,-129
1767172786.185238,0,0,-128
1767172786.195238,5,0,-128
1767172786.205238,7,0,-124
1767172786.215238,8,-3,-118
1767172786.225238,9,0,-118
1767172786.235238,9,0,-123
1767172786.245238,9,-3,-122
1767172786.255238,8,-4,-124
1767172786.265238,2,-1,-124
1767172786.275238,1,1,-123
1767172786.2852385,1,-1,-122
1767172786.2952385,-1,-6,-122
1767172786.3052382,-2,-6,-118
1767172786.3152382,-3,-2,-124
1767172786.3252382,-4,-6,-134
1767172786.3352382,-4,-7,-144
1767172786.3452382,-5,-7,-142
1767172786.3552382,-7,-8,-139
1767172786.3652382,-3,-6,-142
1767172786.3752382,-1,-4,-141
1767172786.3852382,1,0,-144
1767172786.3952382,3,3,-145
1767172786.4052382,1,3,-145
1767172786.415238,0,3,-150
1767172786.425238,-4,1,-146
1767172786.435238,-6,-1,-148
1767172786.445238,-2,-1,-148
1767172786.455238,-3,-1,-147
1767172786.465238,-4,-4,-145
1767172786.475238,-7,-5,-142
1767172786.485238,-5,-5,-137
1767172786.495238,-3,-2,-132
1767172786.505238,0,-2,-132
1767172786.515238,-1,-1,-137
1767172786.525238,-1,1,-141
1767172786.5352385,4,0,-138
1767172786.5452385,0,-2,-140
1767172786.5552382,3,-4,-143
1767172786.5652382,1,-2,-147
1767172786.5752382,-4,0,-143
1767172786.5852382,-5,2,-141
1767172786.5952382,-4,-1,-144
1767172786.6052382,-7,-1,-145
1767172786.6152382,-5,-4,-147
1767172786.6252382,0,-4,-144
1767172786.6352382,1,-6,-133
1767172786.6452382,7,-6,-129
1767172786.6552382,4,-7,-131
1767172786.665238,0,-7,-125
1767172786.675238,4,-3,-126
1767172786.685238,5,0,-133
1767172786.695238,2,7,-140
1767172786.705238,0,6,-136
1767172786.715238,6,4,-132
1767172786.725238,2,0,-125
1767172786.735238,2,1,-131
1767172786.745238,2,3,-126
1767172786.755238,0,9,-127
1767172786.765238,0,4,-126
1767172786.775238,2,3,-129
1767172786.7852385,1,6,-133
1767172786.7952385,1,7,-130
1767172786.8052382,0,6,-126
1767172786.8152382,1,1,-136
1767172786.8252382,1,0,-139
1767172786.8352382,1,0,-142
1767172786.8452382,-2,4,-137
1767172786.8552382,-3,1,-142
1767172786.8652382,-4,2,-138
1767172786.8752382,-3,4,-138
1767172786.8852382,0,5,-138
1767172786.8952382,-1,5,-139
1767172786.9052382,0,3,-137
1767172786.915238,-3,2,-134
1767172786.925238,0,0,-133
1767172786.935238,0,3,-134
1767172786.945238,3,9,-127
1767172786.955238,0,8,-134
1767172786.965238,0,8,-137
1767172786.975238,5,8,-131
1767172786.985238,7,4,-134
1767172786.995238,4,8,-135
1767172787.005238,1,3,-131
1767172787.015238,1,0,-130
1767172787.025238,0,2,-129
1767172787.0352385,-3,0,-129
1767172787.0452385,-2,-3,-125
1767172787.0552382,-2,-2,-124
1767172787.0652382,-3,-1,-125
1767172787.0752382,-7,-3,-130
1767172787.0852382,-8,-6,-138
1767172787.0952382,-9,-7,-138
1767172787.1052382,-1,-6,-141
1767172787.1152382,-2,-8,-139
1767172787.1252382,0,-6,-135
1767172787.1352382,-6,-4,-131
1767172787.1452382,-5,-3,-130
1767172787.1552382,2,-6,-134
1767172787.165238,-1,-7,-140
1767172787.175238,-4,-7,-135
1767172787.185238,-3,-6,-129
1767172787.195238,-2,-3,-127
1767172787.205238,-2,-3,-133
1767172787.215238,-2,0,-134
1767172787.225238,-2,-5,-130
1767172787.235238,0,-6,-128
1767172787.245238,1,-6,-136
1767172787.255238,-2,-2,-138
1767172787.265238,-3,-1,-140
1767172787.275238,-7,0,-133
1767172787.2852385,-6,0,-133
1767172787.2952385,0,-4,-127
1767172787.3052382,3,-5,-123
1767172787.3152382,0,-5,-126
1767172787.3252382,-1,-6,-130
1767172787.3352382,-2,-7,-133
1767172787.3452382,-1,-10,-131
1767172787.3552382,0,-10,-133
1767172787.3652382,1,-7,-130
1767172787.3752382,5,-1,-125
1767172787.3852382,4,0,-125
1767172787.3952382,4,3,-131
1767172787.4052382,3,0,-133
1767172787.415238,-1,1,-126
1767172787.425238,1,-2,-125
1767172787.435238,0,-5,-125
1767172787.445238,-1,-6,-127
1767172787.455238,1,-6,-128
1767172787.465238,2,0,-132
1767172787.475238,-1,0,-134
1767172787.485238,-1,1,-137
1767172787.495238,0,1,-134
1767172787.505238,3,-2,-135
1767172787.515238,-1,-2,-139
1767172787.525238,-4,2,-145
1767172787.5352385,-4,0,-142
1767172787.5452385,-4,1,-131
1767172787.5552382,-5,0,-129
1767172787.5652382,-5,0,-130
1767172787.5752382,-9,0,-130
1767172787.5852382,-12,-4,-128
1767172787.5952382,-11,-5,-121
1767172787.6052382,-8,-5,-124
1767172787.6152382,-8,-3,-128
1767172787.6252382,-4,-4,-125
1767172787.6352382,-4,-4,-119
1767172787.6452382,-3,-3,-117
1767172787.6552382,-3,-5,-118
1767172787.665238,-4,-3,-121
1767172787.675238,-2,-2,-122
1767172787.685238,0,0,-125
1767172787.695238,2,-2,-136
1767172787.705238,0,-2,-131
1767172787.715238,-4,0,-124
1767172787.725238,-1,-4,-135
1767172787.735238,1,-2,-133
1767172787.745238,0,-5,-128
1767172787.755238,-4,-1,-130
1767172787.7662382,-1,-1,-125
1767172787.7762382,0,-1,-126
1767172787.7862382,-1,0,-123
1767172787.7962382,-2,6,-133
1767172787.8062382,-1,7,-131
1767172787.8162382,0,5,-131
1767172787.8262382,2,10,-127
1767172787.836238,3,13,-131
1767172787.846238,3,10,-137
1767172787.856238,0,4,-140
1767172787.866238,-5,6,-138
1767172787.876238,-5,4,-135
1767172787.886238,-5,1,-129
1767172787.896238,1,1,-133
1767172787.906238,2,1,-133
1767172787.916238,0,1,-128
1767172787.926238,-5,-1,-129
1767172787.936238,2,-3,-136
1767172787.946238,5,-7,-140
1767172787.9562385,0,-7,-137
1767172787.9662385,0,-1,-133
1767172787.9762385,-2,-1,-128
1767172787.9862382,1,1,-127
1767172787.9962382,3,-1,-127
1767172788.0062382,5,-5,-132
1767172788.0162382,2,-3,-135
1767172788.0262382,0,0,-135
1767172788.0362382,-1,-1,-139
1767172788.0462382,-1,-3,-134
1767172788.0562382,0,-4,-132
1767172788.0662382,5,-6,-125
1767172788.0762382,5,-8,-124
1767172788.086238,3,-11,-118
1767172788.096238,0,-9,-118
1767172788.106238,0,-5,-126
1767172788.116238,0,-3,-126
1767172788.126238,0,-3,-127
1767172788.136238,3,1,-129
1767172788.146238,1,2,-132
1767172788.156238,0,2,-134
1767172788.166238,-2,-1,-133
1767172788.176238,-4,-4,-134
1767172788.186238,-1,-3,-137
1767172788.196238,0,-6,-140
1767172788.2062385,1,-6,-149
1767172788.2162385,3,-5,-149
1767172788.2262385,0,-4,-144
1767172788.2362382,-5,-4,-141
1767172788.2462382,-6,-2,-134
1767172788.2562382,-3,3,-127
1767172788.2662382,-3,2,-129
1767172788.2762382,1,0,-130
1767172788.2862382,3,0,-135
1767172788.2962382,3,0,-135
1767172788.3062382,4,3,-134
1767172788.3162382,0,0,-128
1767172788.3262382,1,-6,-127
1767172788.336238,5,-9,-123
1767172788.346238,6,-3,-127
1767172788.356238,4,0,-137
1767172788.366238,4,-1,-141
1767172788.376238,4,0,-141
1767172788.386238,1,-4,-138
1767172788.396238,1,-3,-137
1767172788.406238,0,-3,-137
1767172788.416238,-2,-6,-138
1767172788.426238,0,-5,-128
1767172788.436238,-2,-6,-131
1767172788.446238,-3,0,-129
1767172788.4562385,-2,-1,-137
1767172788.4662385,0,-8,-148
1767172788.4762385,-3,-7,-147
1767172788.4862382,-1,-6,-150
1767172788.4962382,2,-4,-149
1767172788.5062382,2,0,-151
1767172788.5162382,6,-1,-143
1767172788.5262382,5,-7,-134
1767172788.5362382,2,-6,-134
1767172788.5462382,1,-9,-136
1767172788.5562382,-1,-10,-133
1767172788.5662382,-3,-11,-132
1767172788.5762382,0,-9,-131
1767172788.586238,-6,-10,-138
1767172788.596238,-7,-5,-132
1767172788.606238,-4,-5,-136
1767172788.616238,-10,-7,-137
1767172788.626238,-11,-6,-135
1767172788.636238,-9,-5,-138
1767172788.646238,-6,-6,-139
1767172788.656238,-8,-9,-141
1767172788.666238,-6,-5,-141
1767172788.676238,-8,-3,-136
1767172788.686238,-7,0,-138
1767172788.696238,-4,-2,-138
1767172788.7062385,-5,-4,-138
1767172788.7162385,-13,-3,-136
1767172788.7262385,-13,-1,-137
1767172788.7362382,-9,0,-140
1767172788.7462382,-5,-5,-145
1767172788.7562382,-2,-6,-150
1767172788.7662382,0,-5,-151
1767172788.7762382,-2,-6,-146
1767172788.7862382,-3,-5,-142
1767172788.7962382,-3,-7,-141
1767172788.8062382,-2,-6,-137
1767172788.8162382,-1,-4,-138
1767172788.8262382,1,0,-140
1767172788.836238,4,1,-141
1767172788.846238,3,-2,-143
1767172788.856238,-1,-2,-147
1767172788.866238,-1,-3,-144
1767172788.876238,-2,-3,-137
1767172788.886238,1,-2,-137
1767172788.896238,1,-3,-132
1767172788.906238,-2,-4,-130
1767172788.916238,-2,-5,-126
1767172788.926238,1,-6,-134
1767172788.936238,-3,-4,-136
1767172788.946238,0,-9,-130
1767172788.9562385,2,-5,-121
1767172788.9662385,2,0,-124
1767172788.9762385,0,0,-137
1767172788.9862382,-4,0,-137
1767172788.9962382,-2,-2,-133
1767172789.0062382,0,-1,-132
1767172789.0162382,-1,-6,-134
1767172789.0262382,0,-9,-138
1767172789.0362382,5,-8,-146
1767172789.0462382,8,-4,-146
1767172789.0562382,5,0,-144
1767172789.0662382,3,0,-142
1767172789.0762382,0,3,-138
1767172789.086238,0,-2,-140
1767172789.096238,-1,-4,-144
1767172789.106238,-1,-2,-141
1767172789.116238,2,-4,-133
1767172789.126238,-4,-5,-133
1767172789.136238,-12,-4,-135
1767172789.146238,-10,-1,-140
1767172789.156238,-6,-1,-139
1767172789.166238,-1,2,-136
1767172789.176238,2,4,-132
1767172789.186238,2,4,-129
1767172789.196238,-1,-1,-125
1767172789.2062385,0,-7,-130
1767172789.2162385,0,-9,-136
1767172789.2262385,1,-7,-142
1767172789.2362382,1,-6,-137
1767172789.2462382,1,-11,-133
1767172789.267238,1,-8,-127
1767172789.2762382,3,-5,-128
1767172789.2862382,3,-4,-134
1767172789.2962382,2,1,-129
1767172789.3062382,4,0,-129
1767172789.3162382,7,0,-127
1767172789.3262382,5,0,-128
1767172789.336238,8,0,-121
1767172789.346238,6,-2,-124
1767172789.356238,6,-2,-127
1767172789.366238,6,0,-130
1767172789.376238,2,2,-129
1767172789.386238,4,1,-124
1767172789.396238,8,0,-128
1767172789.406238,5,1,-128
1767172789.416238,4,5,-124
1767172789.426238,3,6,-121
1767172789.436238,3,2,-123
1767172789.446238,2,1,-129
1767172789.4562385,3,5,-126
1767172789.4662385,3,4,-126
1767172789.4762385,2,4,-121
1767172789.4862382,-3,1,-124
1767172789.4962382,-5,0,-133
1767172789.5062382,-8,1,-132
1767172789.5162382,-7,0,-136
1767172789.527238,-7,-2,-133
1767172789.5362382,-7,0,-130
1767172789.5462382,-8,1,-127
1767172789.5562382,-5,3,-132
1767172789.5662382,-5,6,-128
1767172789.5762382,-5,1,-129
1767172789.586238,-2,0,-130
1767172789.596238,-1,0,-132
1767172789.606238,-3,1,-135
1767172789.616238,-5,1,-137
1767172789.626238,-5,3,-133
1767172789.636238,-3,3,-126
1767172789.646238,-1,0,-121
1767172789.656238,-7,0,-125
1767172789.666238,-1,1,-126
1767172789.676238,3,-3,-126
1767172789.686238,1,-2,-127
1767172789.696238,-4,-3,-129
1767172789.7062385,-6,-3,-126
1767172789.7162385,-5,-4,-127
1767172789.7262385,-8,-7,-131
1767172789.7362382,-5,-6,-139
1767172789.7462382,-1,-9,-140
1767172789.7562382,1,-9,-134
1767172789.7662382,1,-9,-129
1767172789.7762382,0,-5,-123
1767172789.7862382,-3,-3,-129
1767172789.7962382,-5,-3,-132
1767172789.8062382,0,-1,-130
1767172789.8162382,0,1,-124
1767172789.8262382,-3,6,-132
1767172789.836238,-5,3,-136
1767172789.846238,-8,2,-129
1767172789.856238,-1,0,-130
1767172789.866238,0,1,-133
1767172789.876238,1,-2,-141
1767172789.886238,3,-4,-139
1767172789.896238,0,-4,-140
1767172789.906238,-1,-1,-138
1767172789.916238,-5,0,-132
1767172789.926238,-5,-1,-133
1767172789.936238,-1,0,-134
1767172789.946238,0,-3,-138
1767172789.9562385,0,-4,-132
1767172789.9662385,0,-3,-130
1767172789.9762385,-1,-2,-129
1767172789.9862382,-2,-7,-127
1767172789.9962382,1,-4,-131
1767172790.0062382,4,-2,-123
1767172790.0162382,7,-3,-126
1767172790.0262382,10,0,-128
1767172790.0362382,5,0,-125
1767172790.0462382,5,-1,-128
1767172790.0562382,1,-4,-136
1767172790.0662382,0,-10,-134
1767172790.0762382,0,-9,-133
1767172790.086238,0,-7,-136
1767172790.096238,0,-4,-137
1767172790.106238,1,-3,-134
1767172790.116238,3,-1,-134
1767172790.126238,-2,-1,-138
1767172790.136238,-1,-1,-134
1767172790.146238,-4,-3,-127
1767172790.156238,-5,-3,-127
1767172790.166238,-7,-3,-134
1767172790.176238,-2,-4,-139
1767172790.186238,1,-2,-139
1767172790.196238,2,-1,-135
1767172790.2062385,0,0,-138
1767172790.2162385,0,0,-138
1767172790.2262385,5,1,-139
1767172790.2362382,2,2,-137
1767172790.2462382,0,5,-136
1767172790.2562382,2,4,-127
1767172790.2662382,5,8,-125
1767172790.2762382,0,7,-125
1767172790.2862382,1,6,-124
1767172790.2962382,6,4,-125
1767172790.3062382,3,2,-130
1767172790.3162382,1,1,-129
1767172790.3262382,3,2,-132
1767172790.336238,1,5,-136
1767172790.347238,4,4,-133
1767172790.357238,1,2,-134
1767172790.367238,0,0,-128
1767172790.377238,3,2,-134
1767172790.3872385,1,4,-135
1767172790.3972385,0,4,-136
1767172790.4072382,-3,4,-136
1767172790.4172382,-6,3,-130
1767172790.4272382,-3,0,-131
1767172790.4372382,-3,1,-132
1767172790.4472382,-4,4,-131
1767172790.4572382,-4,4,-128
1767172790.4672382,-1,7,-128
1767172790.4772382,-1,3,-132
1767172790.4872382,-7,3,-134
1767172790.4972382,-1,7,-132
1767172790.507238,-3,2,-129
1767172790.517238,3,-2,-132
1767172790.527238,1,-4,-132
1767172790.537238,0,-3,-127
1767172790.547238,-2,-4,-125
1767172790.557238,-1,1,-127
1767172790.567238,-3,2,-131
1767172790.577238,-3,7,-127
1767172790.587238,-2,8,-125
1767172790.597238,-4,8,-130
1767172790.607238,-8,6,-125
1767172790.617238,-5,7,-123
1767172790.627238,-1,8,-125
1767172790.6372385,-3,4,-127
1767172790.6472385,-2,3,-123
1767172790.6572382,0,8,-124
1767172790.6672382,1,9,-126
1767172790.6772382,-1,6,-125
1767172790.6872382,-3,3,-127
1767172790.6972382,-1,0,-123
1767172790.7072382,-2,0,-122
1767172790.7172382,0,0,-126
1767172790.7272382,2,0,-129
1767172790.7372382,2,5,-132
1767172790.7472382,0,5,-135
1767172790.757238,-2,2,-132
1767172790.767238,-2,-3,-136
1767172790.777238,-3,-3,-140
1767172790.787238,-2,-5,-139
1767172790.797238,0,-7,-132
1767172790.807238,-4,-9,-127
1767172790.817238,0,-6,-124
1767172790.827238,3,-8,-127
1767172790.837238,3,-11,-122
1767172790.847238,-2,-7,-123
1767172790.857238,0,-4,-124
1767172790.867238,4,-3,-129
1767172790.877238,5,-5,-125
1767172790.8872385,4,-2,-131
1767172790.8972385,3,0,-133
1767172790.9072382,6,-2,-142
1767172790.9172382,9,1,-144
1767172790.9272382,2,0,-141
1767172790.9372382,0,2,-145
1767172790.9472382,-2,1,-140
1767172790.9572382,3,1,-137
1767172790.9672382,0,1,-138
1767172790.9772382,-2,1,-140
1767172790.9872382,0,0,-141
1767172790.9972382,2,-2,-145
1767172791.007238,3,-5,-143
1767172791.017238,5,-5,-145
1767172791.027238,3,-2,-143
1767172791.037238,0,0,-137
1767172791.047238,-2,1,-139
1767172791.057238,-7,1,-134
1767172791.067238,-7,0,-133
1767172791.077238,-3,-1,-138
1767172791.087238,-3,-4,-137
1767172791.097238,-3,-1,-131
1767172791.107238,-3,-2,-125
1767172791.117238,-4,1,-124
1767172791.127238,0,0,-122
1767172791.1372385,-1,0,-123
1767172791.1472385,1,0,-130
1767172791.1572382,0,3,-129
1767172791.1672382,0,4,-135
1767172791.1772382,-1,2,-133
1767172791.1872382,-5,3,-129
1767172791.1972382,-3,5,-131
1767172791.2072382,-5,8,-129
1767172791.2172382,0,5,-128
1767172791.2272382,2,5,-127
1767172791.2372382,3,4,-127
1767172791.2472382,4,3,-131
1767172791.257238,2,2,-131
1767172791.267238,0,-1,-132
1767172791.277238,2,-4,-138
1767172791.287238,2,-4,-136
1767172791.297238,2,0,-124
1767172791.307238,3,0,-120
1767172791.317238,5,1,-120
1767172791.327238,4,0,-120
1767172791.337238,4,0,-116
1767172791.347238,6,0,-118
1767172791.357238,4,0,-120
1767172791.367238,3,0,-127
1767172791.377238,-2,-1,-121
1767172791.3872385,-5,-3,-129
1767172791.3972385,-5,-7,-124
1767172791.4072382,-5,-7,-127
1767172791.4172382,-5,-4,-126
1767172791.4272382,-3,-4,-130
1767172791.4372382,1,-8,-132
1767172791.4472382,1,-9,-124
1767172791.4572382,1,-5,-126
1767172791.4672382,2,-4,-124
1767172791.4772382,0,-1,-128
1767172791.4872382,0,-1,-128
1767172791.4972382,-3,0,-127
1767172791.507238,-6,-1,-127
1767172791.517238,-6,-1,-129
1767172791.527238,-4,1,-127
1767172791.537238,-1,-1,-126
1767172791.547238,-3,0,-123
1767172791.557238,-2,0,-125
1767172791.567238,-2,-3,-131
1767172791.577238,0,-2,-128
1767172791.587238,2,-1,-127
1767172791.597238,-2,-2,-138
1767172791.607238,-2,-1,-135
1767172791.617238,-4,0,-138
1767172791.627238,-2,0,-135
1767172791.6372385,-1,0,-139
1767172791.6472385,1,3,-132
1767172791.6572382,1,5,-128
1767172791.6672382,1,4,-125
1767172791.6772382,-1,2,-126
1767172791.6872382,-2,5,-127
1767172791.6972382,-2,6,-130
1767172791.7072382,0,2,-130
1767172791.7172382,2,0,-132
1767172791.7272382,4,-2,-131
1767172791.7372382,2,-1,-130
1767172791.7472382,0,-4,-130
1767172791.757238,7,0,-133
1767172791.767238,12,2,-139
1767172791.777238,9,4,-143
1767172791.787238,4,2,-145
1767172791.797238,2,-1,-150
1767172791.807238,-5,-2,-146
1767172791.817238,-6,0,-139
1767172791.827238,-1,3,-138
1767172791.837238,0,6,-135
1767172791.847238,3,8,-138
1767172791.857238,3,8,-138
1767172791.867238,4,5,-141
1767172791.877238,5,2,-139
1767172791.8872385,4,0,-137
1767172791.8972385,3,0,-136
1767172791.9072382,0,2,-131
1767172791.9172382,2,-3,-124
1767172791.9272382,0,-3,-123
1767172791.9372382,1,-4,-129
1767172791.9472382,0,-6,-130
1767172791.9572382,2,-6,-132
1767172791.9672382,4,-5,-123
1767172791.9772382,5,-5,-128
1767172791.9872382,6,-5,-127
1767172791.9972382,1,-5,-128
1767172792.007238,0,-4,-125
1767172792.017238,0,-3,-127
1767172792.027238,0,0,-129
1767172792.037238,0,4,-130
1767172792.047238,6,0,-127
1767172792.057238,6,-1,-123
1767172792.067238,7,-2,-125
1767172792.077238,6,-1,-124
1767172792.087238,6,0,-126
1767172792.097238,8,-1,-123
1767172792.107238,4,-1,-123
1767172792.117238,3,0,-129
1767172792.127238,2,0,-135
1767172792.1372385,0,-4,-135
1767172792.1472385,-2,-3,-135
1767172792.1572382,-3,-2,-136
1767172792.1672382,-5,-3,-134
1767172792.1772382,-5,-4,-133
1767172792.1872382,-6,-3,-130
1767172792.1972382,-9,-3,-130
1767172792.2072382,-5,0,-132
1767172792.2172382,-3,0,-134
1767172792.2272382,-5,-2,-132
1767172792.2372382,-1,-2,-133
1767172792.2472382,0,2,-134
1767172792.257238,-1,2,-141
1767172792.267238,5,5,-140
1767172792.277238,2,0,-139
1767172792.287238,5,-2,-139
1767172792.297238,5,-4,-142
1767172792.307238,-1,-4,-140
1767172792.317238,0,-5,-138
1767172792.327238,-2,-8,-133
1767172792.337238,0,-10,-132
1767172792.347238,3,-9,-127
1767172792.357238,5,-5,-134
1767172792.367238,1,-6,-136
1767172792.377238,-1,-6,-142
1767172792.3872385,1,-4,-139
1767172792.3972385,-3,-2,-137
1767172792.4072382,-3,-6,-140
1767172792.4172382,-4,-8,-145
1767172792.4272382,-4,-6,-139
1767172792.4372382,0,-5,-136
1767172792.4472382,5,-8,-139
1767172792.4572382,2,-4,-137
1767172792.4672382,3,-3,-138
1767172792.4772382,2,-3,-137
1767172792.4872382,-5,-6,-137
1767172792.4972382,-7,-6,-136
1767172792.507238,-4,-4,-134
1767172792.517238,0,-1,-133
1767172792.527238,2,-3,-136
1767172792.537238,0,-2,-136
1767172792.547238,-2,-4,-136
1767172792.557238,0,-3,-136
1767172792.567238,0,-3,-136
1767172792.577238,1,-2,-137
1767172792.587238,-1,-3,-136
1767172792.597238,0,-6,-128
1767172792.607238,0,-2,-125
1767172792.617238,1,-1,-124
1767172792.627238,0,-6,-123
1767172792.6372385,-3,-4,-130
1767172792.6472385,0,-7,-126
1767172792.6572382,0,-6,-129
1767172792.6672382,-5,-6,-137
1767172792.6772382,-9,-4,-134
1767172792.6872382,-7,0,-127
1767172792.6972382,-6,-2,-126
1767172792.7072382,-1,3,-131
1767172792.7172382,-5,2,-131
1767172792.7272382,-4,3,-135
1767172792.7372382,-2,0,-138
1767172792.7472382,1,1,-135
1767172792.757238,-2,0,-132
1767172792.767238,-3,1,-130
1767172792.777238,-3,1,-128
1767172792.787238,0,2,-129
1767172792.797238,-1,2,-127
1767172792.807238,-1,3,-125
1767172792.817238,0,4,-134
1767172792.827238,0,0,-138
1767172792.837238,1,-2,-133
1767172792.847238,1,-2,-126
1767172792.857238,2,-1,-127
1767172792.867238,2,-5,-123
1767172792.877238,-1,-3,-125
1767172792.8872385,-4,1,-132
1767172792.8972385,-7,3,-130
1767172792.9072382,-4,0,-130
1767172792.9172382,-3,0,-133
1767172792.9272382,-4,0,-133
1767172792.9372382,-5,4,-127
1767172792.948238,-3,4,-131
1767172792.958238,-3,3,-133
1767172792.968238,1,1,-133
1767172792.978238,2,0,-133
1767172792.988238,-2,3,-135
1767172792.998238,-6,4,-134
1767172793.008238,-2,0,-132
1767172793.018238,-4,4,-134
1767172793.028238,-5,4,-129
1767172793.038238,-1,0,-130
1767172793.048238,0,-2,-131
1767172793.0582385,0,-5,-131
1767172793.0682385,-1,-4,-138
1767172793.0782382,-3,-4,-140
1767172793.0882382,-1,-6,-132
1767172793.0982382,-7,-11,-132
1767172793.1082382,-8,-10,-131
1767172793.1182382,-6,-6,-130
1767172793.1282382,-7,-5,-134
1767172793.1382382,-11,-3,-129
1767172793.1482382,-6,-2,-130
1767172793.1582382,-11,-2,-134
1767172793.1682382,-11,-5,-134
1767172793.1782382,-2,-10,-137
1767172793.188238,0,-7,-136
1767172793.198238,4,0,-136
1767172793.208238,1,-2,-136
1767172793.218238,0,-3,-138
1767172793.228238,-2,1,-137
1767172793.238238,-3,-1,-132
1767172793.248238,0,0,-135
1767172793.258238,1,0,-140
1767172793.268238,0,1,-139
1767172793.278238,-3,0,-138
1767172793.288238,-3,1,-145
1767172793.298238,-2,2,-153
1767172793.3082385,-1,1,-154
1767172793.3182385,0,-3,-146
1767172793.3282382,4,-2,-147
1767172793.3382382,5,-3,-150
1767172793.3482382,2,0,-145
1767172793.3582382,4,-4,-132
1767172793.3682382,-1,-6,-131
1767172793.3782382,0,-3,-136
1767172793.3882382,5,-6,-138
1767172793.3982382,2,-5,-137
1767172793.4082382,4,-3,-135
1767172793.4182382,4,0,-135
1767172793.4282382,0,-2,-141
1767172793.438238,0,-4,-140
1767172793.448238,-1,-5,-135
1767172793.458238,0,-6,-139
1767172793.468238,0,-8,-139
1767172793.478238,0,-7,-140
1767172793.488238,1,-7,-142
1767172793.498238,2,-5,-138
1767172793.508238,0,-6,-140
1767172793.518238,1,-4,-145
1767172793.528238,0,-2,-142
1767172793.538238,-3,-6,-141
1767172793.548238,-4,-5,-141
1767172793.5582385,-6,-4,-141
1767172793.5682385,0,0,-143
1767172793.5782382,-1,-2,-140
1767172793.5882382,0,-2,-142
1767172793.5982382,-2,-5,-143
1767172793.6082382,-1,-3,-148
1767172793.6182382,-4,2,-144
1767172793.6282382,-4,3,-137
1767172793.6382382,-5,0,-128
1767172793.6482382,-4,-3,-130
1767172793.6582382,-8,0,-136
1767172793.6682382,-1,-1,-139
1767172793.6782382,4,0,-148
1767172793.688238,5,0,-144
1767172793.698238,1,2,-137
1767172793.708238,4,1,-138
1767172793.718238,5,0,-139
1767172793.728238,-1,0,-141
1767172793.738238,-2,0,-139
1767172793.748238,-4,1,-135
1767172793.758238,-4,1,-131
1767172793.768238,-1,3,-135
1767172793.778238,0,1,-136
1767172793.788238,-2,1,-134
1767172793.798238,-1,0,-136
1767172793.8082385,0,-1,-129
1767172793.8182385,-2,-6,-131
1767172793.8282382,-1,-4,-140
1767172793.8382382,1,-3,-146
1767172793.8482382,1,-2,-143
1767172793.8582382,-3,1,-136
1767172793.8682382,-3,0,-128
1767172793.8782382,-2,0,-134
1767172793.8882382,0,3,-130
1767172793.8982382,1,0,-129
1767172793.9082382,0,0,-127
1767172793.9182382,-1,0,-129
1767172793.9282382,-8,2,-125
1767172793.938238,-8,0,-123
1767172793.948238,-7,-2,-120
1767172793.958238,-8,-5,-118
1767172793.968238,-7,-1,-119
1767172793.978238,-6,-2,-124
1767172793.988238,-2,-5,-122
1767172793.998238,-1,-4,-121
1767172794.008238,0,-10,-127
1767172794.018238,1,-6,-129
1767172794.028238,2,-6,-125
1767172794.038238,1,-3,-127
1767172794.048238,3,-2,-125
1767172794.0582385,2,-1,-127
1767172794.0682385,1,-2,-125
1767172794.0782382,2,-5,-123
1767172794.0882382,2,-4,-119
1767172794.0982382,-3,-7,-126
1767172794.1082382,-4,-4,-128
1767172794.1182382,-3,0,-125
1767172794.1282382,-3,-1,-127
1767172794.1382382,-4,-1,-131
1767172794.1482382,-5,-1,-131
1767172794.1582382,-1,2,-133
1767172794.1682382,-3,-1,-133
1767172794.1782382,-1,-3,-139
1767172794.188238,-3,-6,-138
1767172794.198238,-3,-12,-132
1767172794.208238,-1,-10,-133
1767172794.218238,-3,-6,-134
1767172794.228238,-4,-4,-138
1767172794.238238,-7,-6,-138
1767172794.248238,-6,-6,-126
1767172794.258238,-4,-4,-131
1767172794.2792382,-1,0,-122
1767172794.288238,-6,0,-124
1767172794.298238,-4,0,-121
1767172794.3082385,0,-2,-121
1767172794.3182385,0,-4,-128
1767172794.3282382,2,0,-125
1767172794.3382382,5,-4,-126
1767172794.3482382,7,-6,-126
1767172794.3582382,6,-1,-126
1767172794.3682382,1,-3,-127
1767172794.3782382,0,-2,-128
1767172794.3882382,-1,-4,-126
1767172794.3982382,-3,-4,-124
1767172794.4082382,-3,-6,-126
1767172794.4182382,-3,-7,-136
1767172794.4282382,-6,-10,-133
1767172794.438238,-4,-8,-134
1767172794.448238,-2,-7,-134
1767172794.458238,-2,-6,-130
1767172794.468238,1,-3,-133
1767172794.478238,-3,-2,-135
1767172794.488238,-4,-4,-135
1767172794.498238,0,0,-145
1767172794.508238,-1,0,-144
1767172794.518238,-1,0,-143
1767172794.528238,-1,0,-131
1767172794.538238,-4,-2,-127
1767172794.548238,-5,-1,-128
1767172794.5582385,0,-4,-128
1767172794.5682385,1,-1,-137
1767172794.5782382,2,-2,-133
1767172794.5882382,1,-3,-131
1767172794.5982382,-1,-6,-127
1767172794.6082382,0,-8,-128
1767172794.6182382,-2,-6,-137
1767172794.6282382,0,-4,-141
1767172794.6382382,0,-3,-138
1767172794.6482382,-1,-2,-136
1767172794.6582382,-3,-1,-131
1767172794.6682382,-3,0,-133
1767172794.6782382,-10,2,-127
1767172794.688238,-15,-1,-130
1767172794.698238,-8,-2,-131
1767172794.708238,-2,0,-133
1767172794.718238,-3,0,-139
1767172794.728238,-1,0,-136
1767172794.738238,1,0,-132
1767172794.748238,0,-1,-129
1767172794.758238,0,2,-127
1767172794.768238,0,1,-124
1767172794.778238,0,1,-125
1767172794.788238,0,0,-125
1767172794.798238,-3,-1,-126
1767172794.8082385,1,-6,-130
1767172794.8182385,2,-4,-130
1767172794.8282382,4,-6,-129
1767172794.8382382,7,-6,-125
1767172794.8482382,2,-4,-127
1767172794.8582382,0,-5,-134
1767172794.8682382,-4,-6,-137
1767172794.8782382,-2,-7,-139
1767172794.8882382,0,-9,-135
1767172794.8982382,-2,-8,-134
1767172794.9082382,0,-10,-136
1767172794.9182382,3,-6,-135
1767172794.9282382,2,-4,-129
1767172794.938238,4,-7,-127
1767172794.948238,4,-7,-125
1767172794.958238,0,-10,-123
1767172794.968238,1,-10,-124
1767172794.978238,-1,-10,-127
1767172794.988238,0,-13,-129
1767172794.998238,0,-10,-124
1767172795.008238,0,-4,-121
1767172795.018238,-3,-3,-128
1767172795.028238,-1,-4,-134
1767172795.038238,0,-3,-130
1767172795.048238,2,-1,-129
1767172795.0582385,7,0,-127
1767172795.0682385,3,0,-125
1767172795.0782382,1,-1,-125
1767172795.0882382,5,-2,-127
1767172795.0982382,8,1,-131
1767172795.1082382,4,2,-131
1767172795.1182382,1,0,-136
1767172795.1282382,1,2,-138
1767172795.1382382,2,0,-145
1767172795.1482382,0,3,-151
1767172795.1582382,1,2,-144
1767172795.1682382,0,-1,-148
1767172795.1782382,1,-5,-142
1767172795.188238,6,-5,-141
1767172795.198238,1,-9,-136
1767172795.208238,5,-10,-131
1767172795.218238,4,-8,-127
1767172795.228238,2,-8,-125
1767172795.238238,1,-10,-130
1767172795.248238,4,-11,-129
1767172795.258238,0,-10,-128
1767172795.268238,0,-11,-135
1767172795.278238,0,-7,-134
1767172795.288238,-2,-2,-137
1767172795.298238,0,0,-135
1767172795.3082385,1,-2,-138
1767172795.3182385,6,-2,-139
1767172795.3282382,2,-6,-136
1767172795.3382382,-1,-5,-136
1767172795.3482382,-1,1,-129
1767172795.3582382,-4,-1,-132
1767172795.3682382,0,-1,-130
1767172795.3782382,0,-3,-134
1767172795.3882382,3,-3,-136
1767172795.3982382,2,-3,-130
1767172795.4082382,4,-4,-123
1767172795.4182382,-1,-4,-123
1767172795.4282382,0,-4,-121
1767172795.438238,-1,-5,-126
1767172795.448238,-4,-5,-125
1767172795.458238,-5,-6,-129
1767172795.468238,-5,-5,-130
1767172795.478238,-8,-2,-134
1767172795.488238,-5,-4,-139
1767172795.498238,0,-3,-140
1767172795.5092382,-3,-7,-143
1767172795.5192382,-1,-8,-143
1767172795.5292382,1,-8,-139
1767172795.538238,-1,-2,-140
1767172795.5492382,-2,-3,-139
1767172795.5592382,-2,-3,-139
1767172795.5692382,-4,-1,-139
1767172795.5792382,0,-3,-128
1767172795.5892382,4,-2,-128
1767172795.5992382,1,-1,-126
1767172795.609238,-2,-6,-124
1767172795.619238,-5,-7,-128
1767172795.629238,-4,-3,-126
1767172795.639238,-2,-4,-133
1767172795.649238,4,0,-135
1767172795.659238,6,-4,-133
1767172795.669238,5,-2,-137
1767172795.679238,7,0,-139
1767172795.689238,7,2,-137
1767172795.699238,6,2,-136
1767172795.709238,10,2,-133
1767172795.719238,9,4,-138
1767172795.7292385,7,3,-132
1767172795.7392385,8,-3,-131
1767172795.7492385,9,-2,-123
1767172795.7592382,6,0,-119
1767172795.7692382,2,2,-117
1767172795.7792382,2,0,-124
1767172795.7892382,4,-1,-129
1767172795.7992382,4,0,-132
1767172795.8092382,6,1,-133
1767172795.8192382,1,1,-123
1767172795.8292382,0,-3,-121
1767172795.8392382,1,-2,-124
1767172795.8492382,5,-1,-125
1767172795.859238,3,-3,-129
1767172795.869238,-5,-5,-133
1767172795.879238,-6,-6,-135
1767172795.889238,-7,-5,-137
1767172795.899238,-7,-5,-131
1767172795.909238,-6,1,-138
1767172795.919238,-4,1,-137
1767172795.929238,-6,0,-138
1767172795.939238,-2,-3,-139
1767172795.949238,0,-7,-139
1767172795.959238,-4,-9,-135
1767172795.969238,-2,-8,-140
1767172795.9792385,-4,-9,-135
1767172795.9892385,-5,-8,-124
1767172795.9992385,0,-13,-130
1767172796.0092382,-1,-11,-129
1767172796.0192382,2,-7,-135
1767172796.0292382,0,-8,-144
1767172796.0392382,1,-7,-145
1767172796.0492382,2,-5,-137
1767172796.0592382,4,-4,-134
1767172796.0692382,1,-3,-132
1767172796.0792382,2,-2,-131
1767172796.0892382,0,-1,-133
1767172796.0992382,2,0,-136
1767172796.109238,0,1,-138
1767172796.119238,0,2,-137
1767172796.129238,0,2,-136
1767172796.139238,-2,2,-136
1767172796.149238,0,0,-138
1767172796.159238,3,0,-131
1767172796.169238,-2,2,-130
1767172796.179238,-2,-1,-130
1767172796.189238,0,0,-131
1767172796.199238,1,-2,-131
1767172796.209238,0,-5,-126
1767172796.219238,0,-7,-126
1767172796.2292385,0,-8,-129
1767172796.2392385,0,-3,-128
1767172796.2492385,2,0,-128
1767172796.2592382,-1,0,-129
1767172796.2692382,1,-2,-129
1767172796.2792382,-1,-1,-131
1767172796.2892382,1,-3,-127
1767172796.2992382,3,0,-129
1767172796.3092382,0,-1,-124
1767172796.3192382,0,-4,-128
1767172796.3292382,2,-2,-128
1767172796.3392382,3,-4,-124
1767172796.3492382,0,-2,-128
1767172796.359238,-1,2,-130
1767172796.369238,0,2,-130
1767172796.379238,-1,1,-133
1767172796.389238,3,3,-131
1767172796.399238,6,-1,-129
1767172796.409238,6,2,-133
1767172796.419238,5,3,-132
1767172796.429238,5,6,-135
1767172796.439238,2,4,-131
1767172796.449238,6,3,-124
1767172796.459238,7,3,-126
1767172796.469238,5,0,-134
1767172796.4792385,2,-3,-135
1767172796.4892385,2,2,-133
1767172796.4992385,5,2,-133
1767172796.5092382,2,1,-131
1767172796.5192382,4,-1,-132
1767172796.5292382,2,-2,-135
1767172796.5392382,-2,0,-136
1767172796.5492382,-4,-1,-141
1767172796.5592382,-9,-5,-142
1767172796.5692382,-2,-7,-137
1767172796.5792382,-2,-4,-139
1767172796.5892382,-2,-3,-144
1767172796.5992382,0,-6,-139
1767172796.609238,0,-4,-141
1767172796.619238,0,-2,-137
1767172796.629238,4,2,-131
1767172796.639238,5,1,-131
1767172796.649238,-2,-1,-129
1767172796.659238,-2,-2,-127
1767172796.669238,-2,0,-127
1767172796.679238,0,0,-128
1767172796.689238,0,-2,-129
1767172796.699238,1,0,-130
1767172796.709238,0,2,-132
1767172796.719238,1,0,-131
1767172796.7292385,-7,0,-130
1767172796.7392385,-8,-3,-138
1767172796.7492385,-11,0,-139
1767172796.7592382,-6,3,-133
1767172796.7692382,-4,3,-134
1767172796.7792382,-2,3,-133
1767172796.7892382,-4,4,-131
1767172796.7992382,-1,3,-136
1767172796.8092382,-2,1,-135
1767172796.8192382,0,0,-143
1767172796.8292382,2,1,-141
1767172796.8392382,0,0,-140
1767172796.8492382,-4,0,-134
1767172796.859238,-2,0,-131
1767172796.869238,1,0,-133
1767172796.879238,3,-3,-137
1767172796.889238,3,-2,-138
1767172796.899238,0,-4,-137
1767172796.909238,-5,0,-135
1767172796.919238,-7,2,-133
1767172796.929238,-5,1,-132
1767172796.939238,-3,0,-135
1767172796.949238,-2,0,-136
1767172796.959238,-4,0,-139
1767172796.969238,-8,2,-138
1767172796.9792385,-9,0,-138
1767172796.9892385,-7,-1,-136
1767172796.9992385,-6,-4,-135
1767172797.0092382,-4,-1,-144
1767172797.0192382,-1,0,-143
1767172797.0292382,-1,-1,-140
1767172797.0392382,-3,-5,-137
1767172797.0492382,-4,-2,-137
1767172797.0592382,-4,0,-133
1767172797.0692382,-2,-3,-133
1767172797.0792382,-1,-6,-135
1767172797.0892382,-2,-4,-135
1767172797.0992382,-2,-6,-139
1767172797.109238,0,-5,-141
1767172797.119238,0,-1,-146
1767172797.129238,3,4,-146
1767172797.139238,5,2,-145
1767172797.149238,6,0,-139
1767172797.159238,8,-2,-138
1767172797.169238,0,-2,-136
1767172797.179238,0,-5,-132
1767172797.189238,1,-7,-129
1767172797.199238,0,-8,-132
1767172797.209238,-1,-12,-132
1767172797.219238,-5,-11,-123
1767172797.2292385,-2,-12,-129
1767172797.2392385,-1,-6,-135
1767172797.2492385,0,-1,-139
1767172797.2592382,1,0,-139
1767172797.2692382,0,0,-137
1767172797.2792382,-8,-3,-129
1767172797.2892382,-4,-3,-122
1767172797.2992382,-2,-2,-121
1767172797.3092382,0,-1,-118
1767172797.3192382,-2,0,-124
1767172797.3292382,-4,0,-131
1767172797.3392382,-4,-3,-131
1767172797.3492382,0,-9,-129
1767172797.359238,1,-4,-133
1767172797.369238,0,-3,-133
1767172797.379238,0,-3,-135
1767172797.389238,2,-1,-137
1767172797.399238,3,1,-139
1767172797.409238,3,3,-136
1767172797.419238,7,-1,-133
1767172797.429238,4,0,-134
1767172797.439238,5,0,-131
1767172797.449238,4,-3,-134
1767172797.459238,-1,0,-139
1767172797.469238,3,0,-139
1767172797.4792385,0,0,-129
1767172797.4892385,0,4,-127
1767172797.4992385,1,3,-131
1767172797.5092382,0,2,-136
1767172797.5192382,2,-3,-136
1767172797.5292382,-3,-2,-133
1767172797.5392382,-2,-3,-137
1767172797.5492382,1,-4,-139
1767172797.5592382,2,-3,-131
1767172797.5692382,1,0,-127
1767172797.5792382,2,0,-135
1767172797.5892382,2,-1,-128
1767172797.5992382,1,0,-130
1767172797.609238,2,1,-127
1767172797.619238,3,4,-132
1767172797.629238,5,4,-135
1767172797.639238,3,2,-127
1767172797.649238,0,5,-124
1767172797.659238,2,6,-126
1767172797.669238,-1,3,-129
1767172797.679238,0,-1,-123
1767172797.689238,0,-4,-125
1767172797.699238,2,-5,-128
1767172797.709238,-2,-8,-133
1767172797.719238,2,-6,-135
1767172797.7292385,3,-3,-135
1767172797.7392385,1,-4,-133
1767172797.7492385,0,-2,-138
1767172797.7592382,-2,0,-140
1767172797.7692382,-3,-2,-146
1767172797.7792382,-5,-3,-148
1767172797.7892382,-4,-5,-145
1767172797.7992382,-5,-4,-144
1767172797.8092382,0,2,-146
1767172797.8192382,0,0,-146
1767172797.8292382,-2,-2,-146
1767172797.8392382,-3,-1,-142
1767172797.8492382,-3,-2,-143
1767172797.859238,-8,-2,-146
1767172797.869238,-10,-1,-147
1767172797.879238,-11,-1,-141
1767172797.889238,-8,-1,-138
1767172797.899238,-2,0,-135
1767172797.909238,0,1,-136
1767172797.919238,-5,5,-138
1767172797.929238,-4,0,-143
1767172797.939238,-7,0,-137
1767172797.949238,-6,0,-135
1767172797.959238,-7,0,-137
1767172797.969238,-6,-2,-141
1767172797.9792385,-4,1,-141
1767172797.9892385,-3,5,-143
1767172797.9992385,0,6,-154
1767172798.0092382,-2,4,-144
1767172798.0192382,-2,-2,-144
1767172798.0292382,-4,-1,-135
1767172798.0392382,-3,0,-132
1767172798.0492382,-1,0,-135
1767172798.0592382,-1,-3,-135
1767172798.0692382,-4,-3,-135
1767172798.0792382,-2,-5,-133
1767172798.0892382,2,-9,-134
1767172798.100238,4,-8,-137
1767172798.109238,3,-7,-140
1767172798.119238,1,-9,-137
1767172798.129238,1,-9,-139
1767172798.140238,-1,-9,-138
1767172798.150238,-3,-9,-132
1767172798.1602385,-1,-6,-132
1767172798.1702385,-3,-6,-137
1767172798.1802382,-2,-4,-133
1767172798.1902382,-1,-1,-132
1767172798.2002382,0,-1,-131
1767172798.2102382,1,-4,-133
1767172798.2202382,1,-2,-129
1767172798.2302382,0,0,-135
1767172798.2402382,-5,-2,-135
1767172798.2502382,-5,-5,-139
1767172798.2602382,-2,-5,-145
1767172798.2702382,2,-4,-142
1767172798.2802382,-1,-1,-138
1767172798.290238,-5,-6,-137
1767172798.300238,-4,-5,-138
1767172798.310238,-4,-7,-136
1767172798.320238,-2,-2,-133
1767172798.330238,4,-2,-131
1767172798.340238,3,-3,-136
1767172798.350238,5,-2,-141
1767172798.360238,0,1,-150
1767172798.370238,-3,0,-150
1767172798.380238,-2,-1,-147
1767172798.390238,0,-1,-144
1767172798.400238,1,0,-144
1767172798.4102385,-1,0,-144
1767172798.4202385,0,-1,-139
1767172798.4302382,4,-2,-131
1767172798.4402382,4,0,-125
1767172798.4502382,7,-1,-115
1767172798.4602382,5,-3,-117
1767172798.4702382,2,-4,-120
1767172798.4802382,0,-6,-129
1767172798.4902382,-1,-1,-133
1767172798.5002382,-1,-2,-132
1767172798.5102382,-1,0,-129
1767172798.5202382,0,-2,-129
1767172798.5302382,3,-1,-130
1767172798.540238,0,-2,-131
1767172798.550238,1,-2,-127
1767172798.560238,1,0,-128
1767172798.570238,1,-1,-129
1767172798.580238,4,0,-127
1767172798.590238,1,-1,-132
1767172798.600238,-2,-2,-135
1767172798.610238,-1,-1,-134
1767172798.620238,-1,0,-138
1767172798.630238,0,-1,-134
1767172798.6412382,2,-2,-131
1767172798.650238,7,-4,-129
1767172798.6602385,7,-3,-133
1767172798.6702385,2,0,-134
1767172798.6802382,0,0,-133
1767172798.6902382,5,-5,-136
1767172798.7002382,1,-5,-135
1767172798.7102382,0,-4,-134
1767172798.7202382,5,-5,-131
1767172798.7302382,0,-2,-127
1767172798.7402382,-1,-1,-128
1767172798.7502382,3,0,-137
1767172798.7602382,5,4,-136
1767172798.7702382,1,2,-134
1767172798.7802382,2,0,-134
1767172798.790238,4,0,-139
1767172798.800238,6,-1,-134
1767172798.810238,3,1,-132
1767172798.820238,1,1,-133
1767172798.830238,0,0,-136
1767172798.840238,-3,-1,-135
1767172798.850238,-8,-3,-129
1767172798.860238,-1,-5,-137
1767172798.870238,-4,-5,-144
1767172798.880238,-4,-5,-141
1767172798.890238,-5,-2,-134
1767172798.900238,-7,-1,-132
1767172798.9102385,-4,-3,-127
1767172798.9202385,-2,-2,-124
1767172798.9302382,-3,-2,-129
1767172798.9402382,-7,0,-130
1767172798.9502382,-3,0,-127
1767172798.9602382,-4,-2,-129
1767172798.9702382,-4,0,-133
1767172798.9802382,-5,2,-131
1767172798.9902382,-5,2,-128
1767172799.0002382,-7,3,-119
1767172799.0102382,-7,0,-117
1767172799.0202382,-3,2,-121
1767172799.0302382,0,5,-123
1767172799.040238,0,3,-129
1767172799.050238,0,3,-127
1767172799.060238,0,1,-133
1767172799.070238,-1,-1,-136
1767172799.080238,-4,-3,-127
1767172799.090238,-1,-4,-128
1767172799.100238,0,-8,-129
1767172799.110238,3,-9,-140
1767172799.120238,2,-8,-134
1767172799.130238,0,0,-133
1767172799.140238,2,4,-128
1767172799.150238,2,4,-133
1767172799.1602385,0,1,-128
1767172799.1702385,3,4,-131
1767172799.1802382,1,1,-137
1767172799.1902382,1,7,-136
1767172799.2002382,0,8,-139
1767172799.2102382,2,5,-140
1767172799.2202382,3,6,-143
1767172799.2302382,2,4,-142
1767172799.2402382,2,3,-140
1767172799.2502382,4,7,-136
1767172799.2602382,2,10,-129
1767172799.2702382,0,9,-135
1767172799.291238,0,2,-134
1767172799.300238,1,0,-126
1767172799.310238,-2,-3,-124
1767172799.320238,-2,-2,-123
1767172799.330238,-4,0,-119
1767172799.340238,-7,2,-116
1767172799.350238,-5,5,-116
1767172799.360238,1,1,-125
1767172799.370238,-1,2,-131
1767172799.380238,2,5,-128
1767172799.390238,1,1,-128
1767172799.400238,0,3,-133
1767172799.4102385,-3,0,-134
1767172799.4202385,-2,1,-130
1767172799.4302382,0,-1,-136
1767172799.4402382,1,3,-134
1767172799.4502382,3,2,-132
1767172799.4602382,5,1,-130
1767172799.4702382,2,2,-125
1767172799.4802382,0,2,-123
1767172799.4902382,0,6,-123
1767172799.5002382,-6,0,-126
1767172799.5102382,-8,1,-129
1767172799.5202382,-4,-1,-134
1767172799.5302382,6,-4,-134
1767172799.540238,7,-1,-136
1767172799.550238,5,2,-133
1767172799.560238,3,3,-133
1767172799.570238,4,1,-132
1767172799.580238,4,1,-136
1767172799.590238,0,1,-140
1767172799.600238,0,0,-144
1767172799.610238,2,2,-145
1767172799.620238,-1,-2,-143
1767172799.630238,0,-3,-141
1767172799.640238,2,-2,-147
1767172799.650238,3,-4,-150
1767172799.6602385,4,-4,-144
1767172799.6702385,5,-3,-138
1767172799.6802382,7,0,-137
1767172799.6902382,6,0,-138
1767172799.7002382,3,0,-137
1767172799.7102382,4,0,-140
1767172799.7202382,11,2,-150
1767172799.7302382,5,-1,-145
1767172799.7402382,5,3,-149
1767172799.7502382,3,-1,-142
1767172799.7602382,4,-5,-137
1767172799.7702382,5,-2,-135
1767172799.7802382,3,-3,-140
1767172799.790238,3,-2,-143
1767172799.800238,3,-5,-146
1767172799.810238,0,-4,-151
1767172799.820238,0,-4,-153
1767172799.830238,-1,-7,-152
1767172799.840238,1,-4,-148
1767172799.850238,0,-5,-137
1767172799.860238,-1,-5,-134
1767172799.870238,-2,-6,-128
1767172799.880238,-2,-4,-128
1767172799.890238,0,-2,-129
1767172799.900238,0,0,-128
1767172799.9102385,-3,1,-128
1767172799.9202385,0,2,-128
1767172799.9302382,-1,3,-125
1767172799.9402382,5,1,-126
1767172799.9502382,8,0,-125
1767172799.9602382,10,-3,-122
1767172799.9702382,11,-2,-124
1767172799.9802382,7,-1,-118
1767172799.9902382,0,0,-114
1767172800.0002382,1,0,-116
1767172800.0102382,0,2,-120
1767172800.0202382,0,1,-122
1767172800.0302382,1,0,-119
1767172800.040238,-2,-2,-118
1767172800.050238,-2,0,-119
1767172800.060238,0,0,-123
1767172800.070238,2,2,-124
1767172800.080238,3,2,-123
1767172800.090238,3,0,-130
1767172800.100238,-3,0,-131
1767172800.110238,-3,-2,-133
1767172800.120238,0,-3,-140
1767172800.130238,0,0,-141
1767172800.140238,-3,0,-145
1767172800.150238,0,-1,-138
1767172800.1602385,3,0,-133
1767172800.1702385,0,0,-137
1767172800.1802382,4,2,-133
1767172800.1902382,9,0,-132
1767172800.2002382,8,-3,-135
1767172800.2102382,8,-1,-135
1767172800.2202382,3,1,-137
1767172800.2302382,6,-2,-131
1767172800.2402382,7,-2,-137
1767172800.2502382,2,0,-142
1767172800.2602382,0,0,-135
1767172800.2702382,6,2,-131
1767172800.2802382,4,0,-132
1767172800.290238,0,-2,-133
1767172800.300238,0,0,-132
1767172800.310238,3,-3,-132
1767172800.320238,1,-7,-134
1767172800.330238,5,-10,-138
1767172800.340238,7,-7,-134
1767172800.350238,3,-5,-136
1767172800.360238,2,-7,-136
1767172800.370238,-4,-7,-132
1767172800.380238,-5,-4,-128
1767172800.390238,-5,-6,-123
1767172800.400238,0,-9,-130
1767172800.4102385,-3,-10,-129
1767172800.4202385,-1,-6,-136
1767172800.4302382,-3,-3,-134
1767172800.4402382,-4,-1,-135
1767172800.4502382,-6,-5,-138
1767172800.4602382,0,-5,-142
1767172800.4702382,-1,-4,-135
1767172800.4802382,1,-3,-130
1767172800.4902382,-1,-1,-136
1767172800.5002382,0,-3,-137
1767172800.5102382,-3,0,-128
1767172800.5202382,-2,1,-125
1767172800.5302382,-1,0,-126
1767172800.540238,-5,-1,-133
1767172800.550238,-4,-1,-125
1767172800.560238,-1,0,-128
1767172800.570238,-5,3,-129
1767172800.580238,-5,6,-131
1767172800.590238,-3,8,-129
1767172800.600238,-4,5,-128
1767172800.610238,-4,2,-127
1767172800.620238,-4,0,-128
1767172800.630238,-6,0,-135
1767172800.640238,-6,-2,-140
1767172800.650238,0,-4,-141
1767172800.6602385,4,-4,-138
1767172800.6702385,3,-6,-132
1767172800.6802382,0,-4,-137
1767172800.6902382,1,-6,-134
1767172800.7002382,-1,-4,-134
1767172800.7102382,-3,-1,-137
1767172800.721238,-1,0,-139
1767172800.731238,-3,5,-134
1767172800.741238,0,5,-129
1767172800.751238,3,5,-138
1767172800.761238,1,5,-138
1767172800.771238,0,6,-142
1767172800.781238,2,4,-136
1767172800.791238,4,4,-130
1767172800.801238,0,4,-134
1767172800.811238,0,0,-141
1767172800.821238,-2,0,-137
1767172800.8312385,0,-3,-141
1767172800.8412385,0,-3,-133
1767172800.8512385,-4,0,-122
1767172800.8612382,-4,0,-124
1767172800.8712382,-6,2,-127
1767172800.8812382,-6,3,-122
1767172800.8912382,-1,0,-120
1767172800.9012382,1,-2,-128
1767172800.9112382,2,-8,-129
1767172800.9212382,0,-7,-135
1767172800.9312382,-3,-4,-141
1767172800.9412382,-5,-9,-130
1767172800.9512382,-4,-7,-124
1767172800.961238,-2,-5,-126
1767172800.971238,0,-6,-128
1767172800.981238,0,-7,-131
1767172800.991238,-1,-7,-131
1767172801.001238,0,-4,-131
1767172801.011238,0,0,-135
1767172801.021238,1,0,-142
1767172801.031238,1,2,-136
1767172801.041238,-2,2,-135
1767172801.051238,1,0,-134
1767172801.061238,3,0,-133
1767172801.071238,6,0,-137
1767172801.0812385,4,0,-143
1767172801.0912385,5,-1,-144
1767172801.1012385,2,-4,-140
1767172801.1112382,0,-4,-132
1767172801.1212382,0,-1,-127
1767172801.1312382,-2,0,-122
1767172801.1412382,-1,3,-121
1767172801.1512382,-1,2,-121
1767172801.1612382,2,6,-121
1767172801.1712382,2,4,-119
1767172801.1812382,3,5,-128
1767172801.1912382,0,3,-130
1767172801.2012382,-3,1,-129
1767172801.211238,-4,0,-128
1767172801.221238,-2,0,-125
1767172801.231238,0,2,-122
1767172801.241238,1,0,-123
1767172801.251238,0,-1,-130
1767172801.261238,-2,-4,-128
1767172801.271238,-1,-4,-128
1767172801.281238,4,-2,-135
1767172801.291238,0,-1,-125
1767172801.301238,0,-1,-125
1767172801.311238,2,0,-129
1767172801.321238,6,-1,-129
1767172801.3312385,6,1,-126
1767172801.3412385,5,0,-127
1767172801.3512385,6,0,-131
1767172801.3612382,4,2,-132
1767172801.3712382,3,3,-128
1767172801.3812382,1,3,-130
1767172801.3912382,0,4,-130
1767172801.4012382,2,3,-132
1767172801.4112382,1,4,-132
1767172801.4212382,2,1,-132
1767172801.4312382,5,2,-125
1767172801.4412382,4,4,-128
1767172801.4512382,2,2,-128
1767172801.461238,2,1,-125
1767172801.471238,2,1,-127
1767172801.481238,-1,0,-122
1767172801.491238,0,1,-126
1767172801.501238,0,-1,-128
1767172801.511238,0,0,-129
1767172801.521238,0,-2,-132
1767172801.531238,-2,-3,-131
1767172801.541238,-2,2,-131
1767172801.551238,-4,2,-135
1767172801.561238,0,0,-138
1767172801.571238,3,0,-139
1767172801.5812385,2,0,-135
1767172801.5912385,-1,-1,-130
1767172801.6012385,-3,-3,-127
1767172801.6112382,-3,-1,-135
1767172801.6212382,-1,-2,-137
1767172801.6312382,-1,-4,-137
1767172801.6412382,0,-6,-137
1767172801.6512382,0,-1,-138
1767172801.6612382,4,3,-133
1767172801.6712382,-1,2,-133
1767172801.6812382,-4,0,-124
1767172801.6912382,0,2,-123
1767172801.7012382,-1,0,-119
1767172801.711238,1,0,-119
1767172801.721238,0,0,-117
1767172801.731238,-2,2,-127
1767172801.741238,-4,4,-134
1767172801.751238,-5,1,-134
1767172801.761238,-1,-1,-132
1767172801.771238,-1,0,-131
1767172801.781238,3,0,-134
1767172801.791238,5,-2,-132
1767172801.801238,1,-3,-128
1767172801.811238,1,0,-136
1767172801.821238,-1,0,-131
1767172801.8312385,0,1,-134
1767172801.8412385,3,1,-134
1767172801.8512385,4,0,-138
1767172801.8612382,0,1,-129
1767172801.8712382,-4,0,-128
1767172801.8812382,-3,-1,-131
1767172801.8912382,-2,-2,-130
1767172801.9012382,0,0,-129
1767172801.9112382,2,0,-130
1767172801.9212382,4,-3,-125
1767172801.9312382,3,-1,-120
1767172801.9412382,2,2,-121
1767172801.9512382,0,4,-123
1767172801.961238,2,2,-129
1767172801.971238,4,1,-127
1767172801.981238,0,0,-123
1767172801.991238,2,3,-120
1767172802.001238,4,5,-118
1767172802.011238,2,0,-120
1767172802.021238,3,0,-118
1767172802.031238,0,0,-129
1767172802.041238,0,2,-133
1767172802.051238,-2,0,-136
1767172802.061238,-4,-3,-140
1767172802.071238,-4,0,-139
1767172802.0812385,-4,-2,-136
1767172802.0912385,-1,0,-134
1767172802.1012385,-5,0,-130
1767172802.1112382,-4,0,-124
1767172802.1212382,1,0,-125
1767172802.1312382,0,1,-126
1767172802.1412382,-2,1,-133
1767172802.1512382,0,1,-133
1767172802.1612382,0,0,-127
1767172802.1712382,0,3,-123
1767172802.1812382,1,0,-130
1767172802.1912382,-2,-1,-136
1767172802.2012382,1,0,-134
1767172802.211238,4,-4,-137
1767172802.221238,3,-6,-142
1767172802.231238,4,-3,-136
1767172802.241238,5,-2,-131
1767172802.251238,1,-3,-130
1767172802.261238,0,-2,-135
1767172802.271238,-2,1,-136
1767172802.281238,-8,7,-132
1767172802.291238,-6,11,-125
1767172802.301238,-5,15,-132
1767172802.311238,-5,11,-128
1767172802.321238,-4,5,-128
1767172802.3312385,-1,6,-124
1767172802.3412385,-5,4,-116
1767172802.3512385,-5,1,-122
1767172802.3612382,-4,0,-120
1767172802.3712382,-1,0,-119
1767172802.3812382,0,-2,-119
1767172802.3912382,0,-1,-120
1767172802.4012382,0,1,-120
1767172802.4112382,-3,2,-124
1767172802.4212382,-6,0,-125
1767172802.4312382,-4,0,-125
1767172802.4412382,-4,0,-122
1767172802.4512382,-4,0,-129
1767172802.461238,-7,5,-127
1767172802.471238,-4,8,-129
1767172802.481238,-4,7,-134
1767172802.491238,-7,5,-131
1767172802.501238,-8,2,-134
1767172802.511238,-7,0,-135
1767172802.521238,-3,3,-135
1767172802.531238,-2,1,-133
1767172802.541238,-4,0,-131
1767172802.551238,-3,0,-134
1767172802.561238,0,0,-136
1767172802.571238,1,2,-138
1767172802.5812385,3,0,-139
1767172802.5912385,2,0,-134
1767172802.6012385,4,0,-136
1767172802.6112382,2,-3,-133
1767172802.6212382,1,-4,-136
1767172802.6312382,4,-3,-131
1767172802.6412382,2,-5,-133
1767172802.6512382,6,-6,-139
1767172802.6612382,5,-6,-141
1767172802.6712382,2,-6,-139
1767172802.6812382,0,-6,-132
1767172802.6912382,-1,0,-133
1767172802.7012382,-4,-2,-136
1767172802.711238,-2,-3,-137
1767172802.721238,-2,-2,-139
1767172802.731238,0,0,-140
1767172802.741238,-3,-1,-134
1767172802.751238,-6,-1,-127
1767172802.761238,-4,-1,-136
1767172802.771238,0,-1,-145
1767172802.781238,2,-5,-139
1767172802.791238,3,-6,-143
1767172802.801238,0,-8,-145
1767172802.811238,-2,-4,-144
1767172802.821238,2,0,-138
1767172802.8312385,8,2,-136
1767172802.8412385,6,0,-132
1767172802.8512385,7,-1,-132
1767172802.8612382,9,0,-130
1767172802.8712382,6,-4,-136
1767172802.8812382,3,-8,-135
1767172802.8912382,3,-6,-134
1767172802.9012382,2,-3,-140
1767172802.9112382,5,-1,-135
1767172802.9212382,5,0,-132
1767172802.9312382,2,-1,-126
1767172802.9412382,3,0,-123
1767172802.9512382,0,2,-124
1767172802.961238,1,1,-123
1767172802.971238,1,-2,-132
1767172802.981238,1,4,-132
1767172802.991238,2,5,-125
1767172803.001238,3,4,-131
1767172803.011238,1,3,-131
1767172803.021238,1,-3,-130
1767172803.031238,5,-9,-122
1767172803.041238,6,-9,-125
1767172803.051238,2,-6,-135
1767172803.061238,4,-6,-135
1767172803.071238,6,-4,-132
1767172803.0812385,0,-8,-129
1767172803.0912385,-1,-4,-128
1767172803.1012385,0,-1,-124
1767172803.1112382,0,1,-116
1767172803.1212382,-3,2,-126
1767172803.1312382,-2,5,-129
1767172803.1412382,-7,8,-128
1767172803.1512382,-4,5,-131
1767172803.1612382,0,4,-129
1767172803.1712382,-2,1,-126
1767172803.1812382,-2,2,-131
1767172803.1912382,0,0,-128
1767172803.2012382,1,-1,-123
1767172803.211238,0,-3,-130
1767172803.221238,-4,-4,-127
1767172803.231238,-6,-2,-125
1767172803.241238,-10,-1,-126
1767172803.251238,-8,0,-127
1767172803.261238,-5,-5,-126
1767172803.2722385,-4,-8,-127
1767172803.281238,-1,-5,-134
1767172803.291238,-1,-5,-137
1767172803.301238,0,0,-134
1767172803.3122382,-1,0,-130
1767172803.3222382,-1,1,-136
1767172803.3322382,0,4,-138
1767172803.3412385,-5,0,-132
1767172803.3522382,-2,-1,-137
1767172803.3622382,3,-4,-130
1767172803.3722382,3,-7,-128
1767172803.382238,9,-10,-131
1767172803.392238,11,-7,-137
1767172803.402238,9,-5,-131
1767172803.412238,8,-3,-130
1767172803.422238,7,-1,-130
1767172803.432238,6,-2,-128
1767172803.442238,2,0,-128
1767172803.452238,3,3,-129
1767172803.462238,0,3,-129
1767172803.472238,-2,1,-126
1767172803.482238,0,2,-133
1767172803.492238,1,2,-140
1767172803.502238,1,2,-141
1767172803.5122385,-1,3,-139
1767172803.5222385,-5,4,-133
1767172803.5322382,-6,6,-130
1767172803.5422382,-2,5,-131
1767172803.5522382,2,6,-134
1767172803.5622382,3,3,-138
1767172803.5722382,3,-1,-128
1767172803.5822382,0,-1,-128
1767172803.5922382,2,2,-132
1767172803.6022382,0,3,-135
1767172803.6122382,-1,0,-132
1767172803.6222382,-2,0,-136
1767172803.632238,0,-4,-142
1767172803.642238,1,0,-136
1767172803.652238,5,0,-133
1767172803.662238,4,0,-133
1767172803.672238,3,0,-138
1767172803.682238,0,3,-138
1767172803.692238,0,5,-137
1767172803.702238,1,6,-128
1767172803.712238,0,3,-125
1767172803.722238,1,-3,-126
1767172803.732238,4,-6,-122
1767172803.742238,6,-4,-125
1767172803.752238,7,-3,-127
1767172803.7622385,0,-6,-135
1767172803.7722385,2,-2,-132
1767172803.7822382,2,0,-129
1767172803.7922382,-2,-2,-128
1767172803.8022382,-8,-7,-127
1767172803.8122382,-7,-10,-130
1767172803.8222382,-3,-8,-126
1767172803.8322382,-2,-8,-123
1767172803.8422382,-7,-6,-121
1767172803.8522382,0,-7,-122
1767172803.8622382,0,-4,-127
1767172803.8722382,-1,0,-134
1767172803.882238,2,-2,-140
1767172803.892238,7,3,-144
1767172803.902238,5,1,-149
1767172803.912238,4,1,-152
1767172803.922238,0,0,-152
1767172803.932238,-2,-1,-149
1767172803.942238,2,0,-151
1767172803.952238,9,0,-145
1767172803.962238,5,-1,-143
1767172803.972238,4,0,-139
1767172803.982238,2,1,-130
1767172803.992238,0,2,-131
1767172804.002238,0,0,-128
1767172804.0122385,-2,0,-120
1767172804.0222385,0,-3,-117
1767172804.0322382,3,-5,-118
1767172804.0422382,2,-6,-120
1767172804.0522382,2,-5,-124
1767172804.0622382,9,-7,-129
1767172804.0722382,9,-10,-132
1767172804.0822382,9,-11,-126
1767172804.0922382,4,-11,-129
1767172804.1022382,3,-13,-124
1767172804.1122382,6,-8,-125
1767172804.1222382,7,-10,-124
1767172804.132238,3,-8,-126
1767172804.142238,0,-8,-132
1767172804.152238,-3,-2,-134
1767172804.162238,0,0,-141
1767172804.172238,-3,-2,-137
1767172804.182238,-2,-4,-135
1767172804.192238,0,-4,-138
1767172804.202238,1,-2,-139
1767172804.212238,-4,0,-136
1767172804.222238,-1,-1,-146
1767172804.232238,-1,0,-146
1767172804.242238,-7,2,-143
1767172804.252238,-6,1,-140
1767172804.2622385,-6,-4,-138
1767172804.2722385,-2,-5,-133
1767172804.2822382,-2,-10,-132
1767172804.304238,-1,-7,-131
1767172804.3122382,0,-7,-127
1767172804.3222382,-2,-4,-132
1767172804.3322382,-1,-3,-128
1767172804.3422382,0,-1,-125
1767172804.3522382,6,1,-125
1767172804.3622382,9,2,-134
1767172804.3722382,9,-2,-132
1767172804.382238,3,-1,-125
1767172804.392238,2,-4,-121
1767172804.402238,-2,-8,-127
1767172804.412238,-2,-11,-133
1767172804.422238,1,-8,-137
1767172804.432238,0,-13,-134
1767172804.442238,0,-7,-135
1767172804.452238,0,-1,-132
1767172804.462238,0,0,-136
1767172804.472238,0,0,-138
1767172804.482238,-1,0,-139
1767172804.492238,-2,-3,-145
1767172804.502238,-6,-1,-146
1767172804.5122385,-9,1,-140
1767172804.5222385,-5,0,-137
1767172804.5322382,-4,0,-135
1767172804.5422382,0,-2,-139
1767172804.5522382,-2,-3,-138
1767172804.5622382,-2,-2,-139
1767172804.5722382,-4,0,-140
1767172804.5822382,2,0,-135
1767172804.5922382,0,-3,-133
1767172804.6022382,2,0,-133
1767172804.6122382,-1,-4,-139
1767172804.6222382,-7,-5,-134
1767172804.632238,-9,-7,-131
1767172804.642238,-8,-9,-130
1767172804.652238,-5,-5,-129
1767172804.662238,-4,-6,-130
1767172804.672238,-2,-5,-134
1767172804.682238,0,-2,-133
1767172804.692238,0,-2,-135
1767172804.702238,-2,-3,-132
1767172804.712238,-1,-3,-133
1767172804.722238,-1,-4,-140
1767172804.732238,0,-8,-144
1767172804.742238,-3,-8,-145
1767172804.752238,2,-7,-148
1767172804.7622385,3,-2,-148
1767172804.7722385,2,-4,-147
1767172804.7822382,3,-4,-144
1767172804.7922382,2,-5,-140
1767172804.8022382,0,-8,-135
1767172804.8122382,-1,-4,-134
1767172804.8222382,-2,-3,-138
1767172804.8322382,-3,-2,-135
1767172804.8422382,-1,-2,-130
1767172804.8522382,-1,-3,-134
1767172804.8622382,1,-1,-136
1767172804.8722382,1,-2,-133
1767172804.882238,-5,-3,-130
1767172804.892238,-4,0,-126
1767172804.902238,-3,-3,-128
1767172804.912238,-2,-1,-130
1767172804.922238,-6,3,-135
1767172804.932238,-7,4,-130
1767172804.942238,-8,0,-128
1767172804.952238,-6,1,-130
1767172804.962238,-6,6,-129
1767172804.972238,-4,5,-129
1767172804.982238,-5,1,-126
1767172804.992238,-2,3,-123
1767172805.002238,-3,1,-124
1767172805.0122385,-1,0,-125
1767172805.0222385,4,-2,-132
1767172805.0322382,4,-8,-130
1767172805.0422382,3,-7,-119
1767172805.0522382,2,-6,-116
1767172805.0622382,5,-7,-120
1767172805.0722382,2,-8,-126
1767172805.0822382,2,-10,-132
1767172805.0922382,3,-8,-128
1767172805.1022382,-1,-6,-129
1767172805.1122382,0,-4,-133
1767172805.1222382,4,-4,-136
1767172805.132238,2,-6,-138
1767172805.142238,2,-7,-144
1767172805.152238,0,-6,-146
1767172805.162238,-1,0,-142
1767172805.172238,-3,0,-148
1767172805.182238,-3,1,-144
1767172805.192238,-4,1,-144
1767172805.202238,-5,0,-144
1767172805.212238,-6,-1,-136
1767172805.222238,-6,-3,-133
1767172805.232238,-9,-3,-134
1767172805.242238,-4,1,-137
1767172805.252238,-1,-1,-131
1767172805.2622385,-3,-5,-132
1767172805.2722385,-9,-6,-132
1767172805.2822382,-12,-7,-130
1767172805.2922382,-11,-5,-129
1767172805.3022382,-7,-3,-131
1767172805.3122382,-4,-4,-134
1767172805.3222382,-6,-3,-139
1767172805.3322382,-7,0,-134
1767172805.3422382,-9,0,-139
1767172805.3522382,-11,1,-144
1767172805.3622382,-12,2,-139
1767172805.3722382,-6,4,-135
1767172805.382238,1,1,-137
1767172805.392238,2,0,-133
1767172805.402238,1,0,-132
1767172805.412238,6,-1,-128
1767172805.422238,6,0,-129
1767172805.432238,2,1,-126
1767172805.442238,3,3,-127
1767172805.452238,1,1,-125
1767172805.462238,3,0,-127
1767172805.472238,-3,1,-125
1767172805.482238,-5,2,-131
1767172805.492238,-6,4,-135
1767172805.502238,-4,1,-131
1767172805.5122385,-4,0,-136
1767172805.5222385,0,0,-146
1767172805.5322382,5,-1,-145
1767172805.5422382,3,-5,-144
1767172805.5522382,2,-2,-147
1767172805.5622382,0,2,-144
1767172805.5722382,-1,0,-138
1767172805.5822382,0,0,-144
1767172805.5922382,0,0,-141
1767172805.6022382,3,0,-134
1767172805.6122382,0,-2,-128
1767172805.6222382,-2,-2,-117
1767172805.632238,-3,0,-119
1767172805.642238,2,1,-124
1767172805.652238,1,0,-129
1767172805.662238,4,-5,-130
1767172805.672238,2,-9,-139
1767172805.682238,1,-7,-132
1767172805.692238,3,-6,-127
1767172805.702238,4,-2,-125
1767172805.712238,3,-4,-122
1767172805.722238,6,-1,-121
1767172805.732238,3,1,-132
1767172805.742238,0,-3,-132
1767172805.752238,-2,-2,-135
1767172805.7622385,-3,-3,-134
1767172805.7722385,-2,-6,-136
1767172805.7822382,-4,-8,-140
1767172805.7922382,-4,-8,-145
1767172805.8022382,-1,-8,-146
1767172805.8122382,0,-4,-143
1767172805.8222382,-4,-2,-138
1767172805.8322382,-1,-3,-137
1767172805.8422382,1,-4,-138
1767172805.8522382,0,-6,-140
1767172805.8622382,2,-4,-134
1767172805.873238,2,-1,-134
1767172805.882238,3,-2,-128
1767172805.893238,4,-2,-130
1767172805.903238,3,0,-132
1767172805.912238,3,3,-133
1767172805.923238,3,1,-133
1767172805.9332385,8,-1,-135
1767172805.9432385,4,-2,-128
1767172805.9532382,-2,-1,-128
1767172805.9632382,0,0,-130
1767172805.9732382,0,-1,-127
1767172805.9832382,-2,0,-129
1767172805.9932382,-5,-3,-122
1767172806.0032382,-1,-4,-119
1767172806.014238,1,-1,-121
1767172806.0232382,2,-2,-119
1767172806.0332382,4,-2,-123
1767172806.0432382,5,-3,-123
1767172806.0532382,1,-1,-124
1767172806.063238,0,1,-129
1767172806.073238,0,1,-133
1767172806.083238,0,1,-133
1767172806.093238,2,-2,-132
1767172806.103238,0,-2,-139
1767172806.113238,-6,-1,-134
1767172806.123238,-3,-1,-128
1767172806.133238,-1,-2,-128
1767172806.143238,0,-5,-125
1767172806.153238,0,-6,-127
1767172806.163238,-1,-1,-131
1767172806.173238,0,-3,-130
1767172806.1832385,0,-4,-133
1767172806.1932385,-4,-2,-129
1767172806.2032382,-4,1,-132
1767172806.2132382,-5,6,-129
1767172806.2232382,-6,6,-130
1767172806.2332382,-3,3,-136
1767172806.2432382,-4,3,-134
1767172806.2532382,-3,3,-127
1767172806.2632382,-6,-1,-125
1767172806.2732382,-5,2,-125
1767172806.2832382,-4,5,-130
1767172806.2932382,1,0,-131
1767172806.3032382,4,-7,-135
1767172806.313238,5,-8,-130
1767172806.323238,7,-9,-130
1767172806.333238,8,-11,-124
1767172806.343238,1,-7,-128
1767172806.353238,0,-2,-128
1767172806.363238,-2,-2,-131
1767172806.373238,3,0,-133
1767172806.383238,3,0,-137
1767172806.393238,4,6,-143
1767172806.403238,7,4,-142
1767172806.413238,3,6,-142
1767172806.423238,2,5,-142
1767172806.4332385,1,1,-143
1767172806.4432385,0,0,-137
1767172806.4532382,-2,0,-136
1767172806.4632382,-2,3,-134
1767172806.4732382,1,2,-140
1767172806.4832382,2,2,-138
1767172806.4932382,-1,4,-134
1767172806.5032382,0,8,-132
1767172806.5132382,0,1,-133
1767172806.5232382,1,0,-138
1767172806.5332382,2,-1,-134
1767172806.5432382,8,-2,-140
1767172806.5532382,7,-1,-138
1767172806.563238,3,-1,-136
1767172806.573238,2,0,-135
1767172806.583238,3,2,-136
1767172806.593238,4,1,-134
1767172806.603238,1,-1,-138
1767172806.613238,1,-5,-135
1767172806.623238,1,-3,-135
1767172806.633238,-1,-1,-138
1767172806.643238,-6,0,-139
1767172806.653238,-5,3,-142
1767172806.663238,-5,4,-135
1767172806.673238,-3,3,-138
1767172806.6832385,-5,0,-137
1767172806.6932385,-3,1,-137
1767172806.7032382,-2,2,-139
1767172806.7132382,0,3,-140
1767172806.7232382,2,1,-149
1767172806.7332382,2,3,-149
1767172806.7432382,3,3,-146
1767172806.7532382,3,2,-141
1767172806.7632382,4,-1,-140
1767172806.7732382,1,-2,-132
1767172806.7832382,0,-2,-132
1767172806.7932382,-3,2,-131
1767172806.8032382,0,1,-135
1767172806.813238,-1,2,-140
1767172806.823238,-1,1,-137
1767172806.833238,0,-1,-131
1767172806.843238,-1,0,-138
1767172806.853238,-2,3,-143
1767172806.863238,-1,4,-144
1767172806.873238,0,3,-140
1767172806.883238,-2,2,-144
1767172806.893238,1,0,-140
1767172806.903238,6,-2,-138
1767172806.913238,5,-4,-136
1767172806.923238,1,-5,-131
1767172806.9332385,8,-5,-132
1767172806.9432385,3,-4,-132
1767172806.9532382,3,-7,-128
1767172806.9632382,-2,-8,-131
1767172806.9732382,-4,-6,-138
1767172806.9832382,-1,-4,-135
1767172806.9932382,-2,-3,-132
1767172807.0032382,-4,-3,-127
1767172807.0132382,1,-3,-130
1767172807.0232382,1,-4,-134
1767172807.0332382,1,-4,-142
1767172807.0432382,0,-5,-145
1767172807.0532382,-2,-6,-141
1767172807.063238,-3,-4,-137
1767172807.073238,-4,-3,-137
1767172807.083238,-2,-2,-142
1767172807.093238,-5,-2,-140
1767172807.103238,-8,-1,-139
1767172807.113238,-10,-2,-141
1767172807.123238,-5,-3,-139
1767172807.133238,-3,-4,-144
1767172807.143238,-3,-5,-144
1767172807.153238,-1,-7,-137
1767172807.163238,-2,-10,-131
1767172807.173238,-2,-9,-133
1767172807.1832385,-1,-8,-137
1767172807.1932385,0,-4,-132
1767172807.2032382,3,-2,-130
1767172807.2132382,1,1,-124
1767172807.2232382,-2,-1,-127
1767172807.2332382,-4,0,-132
1767172807.2432382,0,0,-129
1767172807.2532382,1,2,-121
1767172807.2632382,3,1,-119
1767172807.2732382,5,0,-122
1767172807.2832382,2,1,-123
1767172807.2932382,6,0,-128
1767172807.3032382,4,0,-130
1767172807.313238,4,0,-132
1767172807.323238,1,0,-135
1767172807.333238,5,0,-135
1767172807.343238,6,1,-133
1767172807.353238,5,0,-131
1767172807.363238,1,0,-132
1767172807.373238,1,1,-126
1767172807.383238,0,-2,-115
1767172807.393238,0,-3,-106
1767172807.403238,-2,-6,-107
1767172807.413238,3,-8,-114
1767172807.423238,1,-7,-125
1767172807.4332385,1,-2,-126
1767172807.4432385,1,-2,-129
1767172807.4532382,0,-3,-127
1767172807.4632382,2,-1,-125
1767172807.4732382,4,0,-120
1767172807.4832382,-1,0,-124
1767172807.4932382,-3,4,-122
1767172807.5032382,-5,5,-128
1767172807.5132382,-3,2,-131
1767172807.5232382,-4,0,-129
1767172807.5332382,-6,-1,-134
1767172807.5432382,-3,-5,-136
1767172807.5532382,0,-8,-140
1767172807.563238,2,-6,-134
1767172807.573238,0,-5,-138
1767172807.583238,0,-6,-137
1767172807.593238,-3,-9,-139
1767172807.603238,-6,-9,-141
1767172807.613238,-4,-8,-135
1767172807.623238,-5,-5,-134
1767172807.633238,-2,-5,-131
1767172807.643238,-4,-1,-129
1767172807.653238,-3,-4,-131
1767172807.663238,-2,-4,-129
1767172807.673238,2,-6,-130
1767172807.6832385,-2,-6,-135
1767172807.6932385,-4,-5,-129
1767172807.7032382,-3,-4,-128
1767172807.7132382,-6,-3,-131
1767172807.7232382,-1,-5,-134
1767172807.7332382,0,-4,-129
1767172807.7432382,2,-5,-129
1767172807.7532382,6,-4,-131
1767172807.7632382,4,-1,-136
1767172807.7732382,5,-2,-137
1767172807.7832382,5,-3,-132
1767172807.7932382,4,-1,-134
1767172807.8032382,3,0,-132
1767172807.813238,2,-2,-140
1767172807.823238,2,0,-139
1767172807.833238,5,1,-145
1767172807.843238,1,-4,-145
1767172807.853238,3,-2,-143
1767172807.863238,5,1,-141
1767172807.873238,1,2,-137
1767172807.883238,1,4,-148
1767172807.893238,0,3,-150
1767172807.903238,0,2,-143
1767172807.913238,0,0,-141
1767172807.923238,1,1,-140
1767172807.9332385,-2,-4,-134
1767172807.9432385,-4,-3,-132
1767172807.9532382,-6,-1,-130
1767172807.9632382,-5,-2,-136
1767172807.9732382,-4,2,-140
1767172807.9832382,-3,1,-134
1767172807.9932382,-6,4,-137
1767172808.0032382,-10,3,-141
1767172808.0132382,-7,4,-137
1767172808.0232382,-2,-3,-130
1767172808.0332382,-1,1,-132
1767172808.0432382,2,1,-128
1767172808.0532382,0,0,-134
1767172808.063238,0,-1,-133
1767172808.073238,1,5,-138
1767172808.083238,1,2,-134
1767172808.093238,4,3,-137
1767172808.103238,0,-2,-134
1767172808.113238,-1,1,-132
1767172808.123238,0,0,-134
1767172808.133238,-2,-2,-133
1767172808.143238,-3,1,-139
1767172808.153238,2,0,-134
1767172808.163238,1,-4,-140
1767172808.173238,2,-2,-147
1767172808.1832385,0,-1,-152
1767172808.1932385,0,-3,-151
1767172808.2032382,-3,-2,-144
1767172808.2132382,-9,-1,-142
1767172808.2232382,-10,0,-133
1767172808.2332382,-8,1,-122
1767172808.2432382,-7,-2,-122
1767172808.2532382,-6,-4,-127
1767172808.2632382,-4,0,-130
1767172808.2732382,1,-5,-127
1767172808.2832382,-4,-6,-132
1767172808.2932382,-2,-5,-134
1767172808.3032382,-3,-3,-126
1767172808.313238,-8,-1,-129
1767172808.323238,-6,0,-130
1767172808.333238,-5,0,-133
1767172808.343238,-2,-2,-135
1767172808.353238,0,-4,-129
1767172808.363238,0,-1,-129
1767172808.373238,-1,3,-132
1767172808.383238,-2,0,-130
1767172808.393238,-3,0,-127
1767172808.403238,1,4,-135
1767172808.413238,0,6,-137
1767172808.423238,2,9,-135
1767172808.4332385,0,8,-140
1767172808.4432385,-1,8,-141
1767172808.4532382,-1,7,-141
1767172808.4632382,0,6,-136
1767172808.4732382,-1,5,-129
1767172808.484238,-2,1,-124
1767172808.4932382,-1,2,-130
1767172808.504238,-4,2,-132
1767172808.5132382,-5,0,-124
1767172808.524238,-7,0,-123
1767172808.534238,-3,1,-127
1767172808.544238,-4,-1,-135
1767172808.554238,-1,0,-136
1767172808.564238,-1,1,-145
1767172808.574238,1,1,-153
1767172808.584238,1,-1,-153
1767172808.594238,0,-1,-151
1767172808.6042385,-3,-3,-149
1767172808.6142385,0,-1,-143
1767172808.6242385,-5,0,-140
1767172808.6342382,-4,2,-140
1767172808.6442382,-7,1,-130
1767172808.6542382,-11,0,-133
1767172808.6642382,-12,-2,-134
1767172808.6742382,-11,-1,-126
1767172808.6842382,-8,-1,-127
1767172808.6942382,-8,-1,-130
1767172808.7042382,-9,2,-129
1767172808.7142382,-9,2,-132
1767172808.7242382,-8,2,-130
1767172808.734238,-6,1,-129
1767172808.744238,-6,0,-133
1767172808.754238,-2,1,-133
1767172808.764238,-6,2,-131
1767172808.774238,-9,2,-134
1767172808.784238,-7,-2,-134
1767172808.794238,-6,-2,-138
1767172808.804238,-1,-3,-139
1767172808.814238,0,0,-133
1767172808.824238,0,0,-130
1767172808.834238,2,0,-129
1767172808.844238,2,0,-127
1767172808.8542385,4,2,-131
1767172808.8642385,0,3,-140
1767172808.8742385,0,4,-141
1767172808.8842382,1,5,-134
1767172808.8942382,-1,2,-133
1767172808.9042382,1,6,-132
1767172808.9142382,-1,6,-133
1767172808.9242382,-2,3,-126
1767172808.9342382,-5,0,-120
1767172808.9442382,-5,0,-126
1767172808.9542382,-6,0,-123
1767172808.9642382,-5,0,-127
1767172808.9742382,0,-2,-132
1767172808.984238,1,-4,-131
1767172808.994238,0,-5,-132
1767172809.004238,2,-7,-130
1767172809.014238,-4,-4,-129
1767172809.024238,-6,-4,-126
1767172809.034238,-7,-4,-128
1767172809.044238,-2,-3,-127
1767172809.054238,-1,0,-131
1767172809.064238,-2,-5,-119
1767172809.074238,-4,-6,-125
1767172809.084238,-6,-3,-127
1767172809.094238,-5,-2,-129
1767172809.1042385,-3,1,-127
1767172809.1142385,-4,-1,-122
1767172809.1242385,0,-5,-127
1767172809.1342382,-4,-5,-128
1767172809.1442382,-7,-4,-133
1767172809.1542382,-7,-2,-131
1767172809.1642382,-5,0,-126
1767172809.1742382,-3,-4,-131
1767172809.1842382,0,-6,-128
1767172809.1942382,3,-6,-134
1767172809.2042382,6,-5,-141
1767172809.2142382,0,-3,-140
1767172809.2242382,-5,-4,-137
1767172809.234238,-6,-5,-143
1767172809.244238,-4,-6,-143
1767172809.254238,-2,-5,-139
1767172809.264238,-3,-4,-135
1767172809.274238,-4,-1,-125
1767172809.284238,-4,1,-129
1767172809.294238,0,4,-134
1767172809.3162382,-1,3,-129
1767172809.324238,0,7,-129
1767172809.334238,0,8,-127
1767172809.344238,3,1,-129
1767172809.3542385,6,4,-134
1767172809.3642385,8,4,-132
1767172809.3742385,7,1,-130
1767172809.3842382,5,1,-126
1767172809.3942382,0,2,-125
1767172809.4042382,0,0,-123
1767172809.4142382,-2,-1,-118
1767172809.4242382,-3,-4,-120
1767172809.4342382,-5,-7,-120
1767172809.4442382,-4,-9,-121
1767172809.4542382,-3,-7,-123
1767172809.4642382,0,-3,-120
1767172809.4742382,0,-4,-124
1767172809.484238,-3,-3,-131
1767172809.494238,-4,-2,-134
1767172809.504238,0,-1,-136
1767172809.514238,0,1,-139
1767172809.524238,0,-1,-136
1767172809.534238,3,3,-131
1767172809.544238,6,1,-136
1767172809.554238,3,0,-145
1767172809.564238,1,0,-148
1767172809.574238,0,-1,-140
1767172809.584238,0,0,-140
1767172809.594238,2,-4,-141
1767172809.6042385,1,-5,-140
1767172809.6142385,0,-1,-135
1767172809.6242385,2,-4,-135
1767172809.6342382,3,0,-133
1767172809.6442382,5,0,-132
1767172809.6542382,0,0,-133
1767172809.6642382,-2,0,-135
1767172809.6742382,-7,1,-139
1767172809.6842382,-7,3,-138
1767172809.6942382,-2,-2,-134
1767172809.7042382,-4,-4,-136
1767172809.7142382,-6,-3,-136
1767172809.7242382,0,-1,-140
1767172809.734238,-1,-7,-141
1767172809.744238,1,-7,-147
1767172809.754238,0,-6,-146
1767172809.764238,0,-5,-139
1767172809.774238,3,-5,-131
1767172809.784238,1,-2,-131
1767172809.794238,0,0,-130
1767172809.804238,4,1,-135
1767172809.814238,1,4,-133
1767172809.824238,2,4,-128
1767172809.834238,2,1,-129
1767172809.844238,-1,-1,-129
1767172809.8542385,0,0,-136
1767172809.8642385,-4,-5,-143
1767172809.8742385,-7,-4,-141
1767172809.8842382,-8,-1,-138
1767172809.8942382,-6,-1,-138
1767172809.9042382,-8,1,-135
1767172809.9142382,-7,0,-137
1767172809.9242382,-3,0,-130
1767172809.9342382,0,2,-134
1767172809.9442382,0,0,-135
1767172809.9542382,1,-3,-132
1767172809.9642382,-1,-6,-139
1767172809.9742382,6,-5,-135
1767172809.984238,7,0,-134
1767172809.994238,2,3,-133
1767172810.004238,3,3,-132
1767172810.014238,-1,3,-132
1767172810.024238,-1,1,-129
1767172810.034238,-2,0,-130
1767172810.044238,0,0,-125
1767172810.054238,3,-1,-133
1767172810.064238,7,-3,-134
1767172810.074238,3,-3,-132
1767172810.084238,1,-4,-132
1767172810.094238,0,-3,-134
1767172810.1042385,2,2,-142
1767172810.1142385,4,3,-142
1767172810.1242385,7,3,-139
1767172810.1342382,8,0,-142
1767172810.1442382,5,0,-142
1767172810.1542382,0,-3,-142
1767172810.1642382,1,-1,-137
1767172810.1742382,6,0,-140
1767172810.1842382,6,0,-144
1767172810.1942382,7,-4,-138
1767172810.2042382,9,0,-134
1767172810.2142382,10,3,-134
1767172810.2242382,8,2,-133
1767172810.234238,0,1,-128
1767172810.244238,-2,-1,-125
1767172810.254238,0,-1,-126
1767172810.264238,-4,-2,-126
1767172810.274238,0,-2,-123
1767172810.284238,0,-3,-120
1767172810.294238,-2,-5,-118
1767172810.304238,-2,-7,-120
1767172810.3152382,-1,-8,-122
1767172810.324238,-2,-2,-124
1767172810.334238,-3,1,-127
1767172810.344238,-2,0,-127
1767172810.3542385,-1,-2,-133
1767172810.3642385,-3,-2,-137
1767172810.3742385,-1,-7,-137
1767172810.3842382,-1,-5,-133
1767172810.3942382,-1,-1,-129
1767172810.4042382,-6,1,-122
1767172810.4142382,-5,-1,-126
1767172810.4242382,-4,-2,-126
1767172810.4342382,-3,0,-122
1767172810.4442382,-1,-4,-121
1767172810.4542382,-1,-5,-129
1767172810.4642382,0,-6,-125
1767172810.4742382,1,-3,-125
1767172810.484238,0,-2,-124
1767172810.494238,-3,-2,-123
1767172810.504238,-5,-1,-127
1767172810.514238,0,0,-125
1767172810.524238,6,0,-128
1767172810.534238,3,3,-122
1767172810.544238,6,-2,-129
1767172810.554238,6,-4,-132
1767172810.564238,5,-8,-131
1767172810.574238,4,-4,-134
1767172810.584238,3,-3,-130
1767172810.594238,-3,-4,-132
1767172810.6042385,-1,-4,-133
1767172810.6142385,0,-1,-141
1767172810.6242385,0,-2,-143
1767172810.6342382,-3,-2,-139
1767172810.6442382,-1,-1,-134
1767172810.6542382,0,-2,-129
1767172810.6642382,-2,0,-127
1767172810.6742382,-7,-4,-130
1767172810.6842382,-10,-1,-131
1767172810.6942382,-7,1,-132
1767172810.7042382,-4,-1,-131
1767172810.7142382,-7,0,-131
1767172810.7242382,-6,-3,-135
1767172810.734238,-5,-5,-138
1767172810.744238,-1,-3,-134
1767172810.754238,0,-2,-136
1767172810.764238,-1,0,-136
1767172810.774238,0,0,-134
1767172810.784238,0,-3,-136
1767172810.794238,-2,-2,-134
1767172810.804238,0,-1,-132
1767172810.814238,0,-2,-128
1767172810.824238,3,0,-127
1767172810.834238,8,-4,-129
1767172810.844238,9,-6,-132
1767172810.8542385,8,-10,-130
1767172810.8642385,0,-9,-130
1767172810.8742385,-2,-8,-128
1767172810.8842382,0,-7,-133
1767172810.8942382,-1,-6,-128
1767172810.9042382,-5,-2,-130
1767172810.9142382,-5,-2,-134
1767172810.9242382,-3,-2,-138
1767172810.9342382,-4,-1,-137
1767172810.9442382,-5,0,-138
1767172810.9542382,-4,0,-140
1767172810.9642382,-4,2,-136
1767172810.9742382,0,2,-128
1767172810.984238,0,0,-127
1767172810.994238,1,0,-133
1767172811.004238,-1,0,-132
1767172811.014238,0,0,-132
1767172811.024238,1,-1,-131
1767172811.034238,-3,0,-125
1767172811.044238,-3,1,-121
1767172811.054238,-2,-2,-122
1767172811.064238,-2,-4,-126
1767172811.074238,2,-1,-126
1767172811.084238,1,-1,-124
1767172811.094238,8,-1,-123
1767172811.1042385,9,-5,-118
1767172811.1142385,7,0,-120
1767172811.1242385,2,1,-119
1767172811.1352382,1,2,-131
1767172811.1452382,1,1,-125
1767172811.1552382,2,-2,-130
1767172811.165238,0,-4,-129
1767172811.175238,0,-8,-122
1767172811.185238,0,-8,-124
1767172811.195238,4,-3,-128
1767172811.205238,4,-4,-127
1767172811.215238,5,-1,-131
1767172811.225238,6,-4,-137
1767172811.235238,6,-3,-133
1767172811.245238,3,-4,-131
1767172811.255238,0,-5,-125
1767172811.265238,0,-3,-128
1767172811.275238,1,-2,-130
1767172811.2852385,-1,0,-132
1767172811.2952385,0,3,-127
1767172811.3052382,-5,2,-133
1767172811.3152382,-10,6,-134
1767172811.3252382,-8,6,-132
1767172811.3352382,-9,2,-136
1767172811.3452382,-6,2,-136
1767172811.3552382,-9,0,-127
1767172811.3652382,-9,-1,-125
1767172811.3752382,-7,0,-125
1767172811.3852382,-7,-2,-117
1767172811.3952382,-6,-2,-120
1767172811.4052382,-8,-1,-126
1767172811.415238,-6,1,-124
1767172811.425238,-1,-2,-130
1767172811.435238,1,-2,-129
1767172811.445238,0,3,-132
1767172811.455238,0,7,-135
1767172811.465238,4,8,-127
1767172811.475238,4,3,-128
1767172811.485238,4,2,-123
1767172811.495238,4,1,-118
1767172811.505238,8,4,-120
1767172811.515238,5,3,-129
1767172811.525238,3,0,-130
1767172811.5352385,2,1,-125
1767172811.5452385,1,3,-129
1767172811.5552382,1,4,-130
1767172811.5652382,0,6,-128
1767172811.5752382,2,3,-129
1767172811.5852382,1,2,-132
1767172811.5952382,3,2,-134
1767172811.6052382,1,2,-135
1767172811.6152382,0,0,-128
1767172811.6252382,1,2,-129
1767172811.6352382,1,3,-126
1767172811.6452382,0,-1,-128
1767172811.6552382,1,0,-123
1767172811.665238,-3,4,-131
1767172811.675238,0,0,-131
1767172811.685238,0,-3,-130
1767172811.695238,0,-3,-128
1767172811.705238,4,0,-130
1767172811.715238,0,-1,-134
1767172811.725238,2,-3,-130
1767172811.735238,3,-4,-122
1767172811.745238,0,-3,-120
1767172811.755238,-1,-1,-126
1767172811.765238,-2,-3,-129
1767172811.775238,-2,-3,-127
1767172811.7852385,-7,-3,-128
1767172811.7952385,-6,-1,-130
1767172811.8052382,-1,-1,-134
1767172811.8152382,0,-3,-132
1767172811.8252382,3,0,-132
1767172811.8352382,5,0,-135
1767172811.8452382,3,-1,-135
1767172811.8552382,0,0,-133
1767172811.8652382,0,1,-127
1767172811.8752382,0,0,-127
1767172811.8852382,5,-3,-133
1767172811.8952382,8,-1,-128
1767172811.9052382,7,-1,-121
1767172811.915238,3,-3,-127
1767172811.925238,0,0,-132
1767172811.935238,0,-3,-136
1767172811.945238,-4,-3,-130
1767172811.955238,-3,-4,-129
1767172811.965238,-5,-1,-116
1767172811.975238,-5,-4,-120
1767172811.985238,-9,-3,-122
1767172811.995238,-4,0,-137
1767172812.005238,-1,2,-134
1767172812.015238,0,1,-135
1767172812.025238,0,3,-130
1767172812.0352385,-3,3,-134
1767172812.0452385,0,5,-127
1767172812.0552382,2,4,-131
1767172812.0652382,2,1,-133
1767172812.0752382,6,-1,-130
1767172812.0852382,4,0,-132
1767172812.0952382,2,0,-133
1767172812.1052382,5,-2,-137
1767172812.1152382,4,1,-131
1767172812.1252382,5,3,-129
1767172812.1352382,2,4,-129
1767172812.1452382,0,1,-132
1767172812.1552382,4,3,-131
1767172812.165238,2,5,-138
1767172812.175238,0,4,-144
1767172812.185238,1,0,-145
1767172812.195238,-1,1,-144
1767172812.205238,1,3,-140
1767172812.215238,0,5,-141
1767172812.225238,-2,7,-137
1767172812.235238,2,6,-142
1767172812.245238,6,6,-143
1767172812.255238,5,9,-143
1767172812.265238,7,12,-141
1767172812.275238,5,9,-134
1767172812.2852385,1,6,-136
1767172812.2952385,0,4,-137
1767172812.3052382,-2,0,-136
1767172812.3152382,-4,-4,-140
1767172812.3252382,-8,-6,-135
1767172812.3352382,-3,-7,-134
1767172812.3452382,0,-4,-135
1767172812.3552382,-4,-1,-133
1767172812.3652382,-3,-3,-132
1767172812.3752382,-3,-2,-130
1767172812.3852382,0,-5,-127
1767172812.3952382,-2,-7,-126
1767172812.4052382,-5,-7,-133
1767172812.415238,-5,-10,-128
1767172812.425238,-6,-8,-125
1767172812.435238,-5,-8,-127
1767172812.445238,-8,-7,-126
1767172812.455238,-8,-3,-124
1767172812.465238,-6,0,-125
1767172812.475238,-9,-1,-127
1767172812.485238,-10,0,-126
1767172812.495238,-11,0,-124
1767172812.505238,-10,-1,-124
1767172812.515238,-6,1,-121
1767172812.525238,-7,3,-120
1767172812.5352385,-2,2,-124
1767172812.5452385,0,2,-128
1767172812.5552382,-1,-1,-130
1767172812.5652382,0,-2,-133
1767172812.5752382,-2,-5,-130
1767172812.5852382,-4,-8,-125
1767172812.5952382,-3,-9,-129
1767172812.6052382,0,-9,-134
1767172812.6152382,-1,-10,-134
1767172812.6252382,-1,-11,-139
1767172812.6352382,0,-7,-140
1767172812.6452382,-1,-6,-132
1767172812.6552382,0,-3,-132
1767172812.665238,0,0,-128
1767172812.675238,-2,-1,-138
1767172812.685238,-1,0,-139
1767172812.695238,-3,0,-139
1767172812.705238,0,0,-136
1767172812.715238,1,-1,-136
1767172812.725238,1,0,-130
1767172812.735238,1,-5,-136
1767172812.745238,-2,-5,-135
1767172812.755238,-3,-5,-139
1767172812.765238,-1,-6,-141
1767172812.775238,2,-4,-133
1767172812.7852385,3,-3,-141
1767172812.7952385,7,0,-142
1767172812.8052382,4,-2,-136
1767172812.8152382,1,-2,-135
1767172812.8252382,0,-5,-140
1767172812.8352382,-3,-7,-136
1767172812.8452382,-3,-2,-133
1767172812.8552382,-5,0,-132
1767172812.8652382,-8,1,-130
1767172812.8752382,-7,2,-129
1767172812.8852382,-5,1,-125
1767172812.8952382,-1,-1,-126
1767172812.9052382,-1,-2,-121
1767172812.915238,0,-4,-119
1767172812.925238,-1,-3,-119
1767172812.935238,-4,-1,-128
1767172812.945238,0,0,-132
1767172812.955238,-2,0,-132
1767172812.965238,-2,0,-133
1767172812.975238,-7,4,-136
1767172812.985238,-7,3,-138
1767172812.995238,-9,-1,-136
1767172813.005238,-4,-4,-137
1767172813.015238,-3,-4,-134
1767172813.025238,-3,-3,-131
1767172813.0352385,-5,-2,-134
1767172813.0452385,-3,-3,-132
1767172813.0552382,-3,-2,-128
1767172813.0652382,-2,-3,-135
1767172813.0752382,-5,-7,-134
1767172813.0852382,-5,-5,-131
1767172813.0952382,-3,-5,-135
1767172813.1052382,1,-7,-131
1767172813.1152382,3,-5,-126
1767172813.1252382,2,-8,-124
1767172813.1352382,3,-10,-125
1767172813.1452382,-1,-6,-131
1767172813.1552382,-5,-4,-132
1767172813.165238,-6,-7,-129
1767172813.175238,-6,-5,-125
1767172813.185238,-3,-3,-126
1767172813.195238,-5,-4,-132
1767172813.205238,-6,-3,-133
1767172813.215238,-10,-2,-134
1767172813.225238,-6,-6,-132
1767172813.235238,0,-6,-130
1767172813.245238,-2,-6,-127
1767172813.255238,-3,-5,-138
1767172813.265238,-5,-5,-141
1767172813.275238,-5,-5,-142
1767172813.2852385,0,-2,-146
1767172813.2952385,1,3,-144
1767172813.3052382,2,3,-146
1767172813.3152382,0,1,-138
1767172813.3252382,-2,3,-138
1767172813.3352382,-2,0,-137
1767172813.3452382,-1,1,-131
1767172813.3552382,-5,2,-128
1767172813.3652382,-8,1,-137
1767172813.3752382,-4,1,-139
1767172813.3852382,-6,2,-140
1767172813.3952382,-1,0,-137
1767172813.4052382,0,-2,-137
1767172813.415238,0,-4,-133
1767172813.425238,0,-7,-129
1767172813.435238,-3,-4,-130
1767172813.445238,-1,-3,-127
1767172813.455238,0,-2,-130
1767172813.465238,0,1,-131
1767172813.475238,-3,4,-124
1767172813.485238,-3,3,-128
1767172813.495238,1,1,-129
1767172813.505238,1,0,-133
1767172813.515238,0,0,-137
1767172813.525238,0,-3,-139
1767172813.5352385,0,-2,-138
1767172813.5452385,1,-3,-136
1767172813.5552382,-2,-4,-136
1767172813.5652382,2,-8,-136
1767172813.5752382,2,-11,-136
1767172813.5852382,2,-5,-136
1767172813.5952382,3,-4,-138
1767172813.6052382,4,-3,-132
1767172813.6152382,3,-3,-135
1767172813.6252382,2,-2,-130
1767172813.6352382,1,0,-128
1767172813.6452382,2,0,-129
1767172813.6552382,0,0,-126
1767172813.665238,2,0,-121
1767172813.676238,-1,0,-114
1767172813.686238,-5,1,-115
1767172813.696238,-8,2,-124
1767172813.7062385,-4,0,-130
1767172813.7162385,-3,0,-133
1767172813.725238,0,2,-136
1767172813.7362382,-1,3,-134
1767172813.7462382,-3,-2,-135
1767172813.7562382,0,-5,-140
1767172813.7662382,2,-1,-139
1767172813.7762382,0,-2,-139
1767172813.7862382,3,-3,-132
1767172813.7962382,4,-6,-137
1767172813.8062382,-2,-7,-133
1767172813.8162382,-2,-6,-137
1767172813.8262382,-1,-2,-126
1767172813.836238,-3,2,-135
1767172813.846238,-4,4,-141
1767172813.856238,0,3,-140
1767172813.866238,-3,0,-135
1767172813.876238,-4,-2,-139
1767172813.886238,-4,-3,-130
1767172813.896238,-5,-3,-127
1767172813.906238,-5,-7,-131
1767172813.916238,-1,-7,-120
1767172813.926238,0,-6,-123
1767172813.936238,-3,-8,-127
1767172813.946238,-1,-10,-126
1767172813.9562385,0,-9,-125
1767172813.9662385,1,-8,-125
1767172813.9762385,0,-8,-120
1767172813.9862382,0,-2,-123
1767172813.9962382,-2,-5,-131
1767172814.0062382,0,-5,-129
1767172814.0162382,1,-1,-132
1767172814.0262382,-3,2,-128
1767172814.0362382,-5,1,-132
1767172814.0462382,-7,1,-133
1767172814.0562382,-9,1,-123
1767172814.0662382,-4,2,-127
1767172814.0762382,0,0,-124
1767172814.086238,0,-3,-125
1767172814.096238,0,-1,-123
1767172814.106238,-1,-2,-131
1767172814.116238,1,3,-130
1767172814.126238,6,1,-137
1767172814.136238,5,0,-134
1767172814.146238,3,4,-132
1767172814.156238,2,1,-137
1767172814.166238,4,2,-143
1767172814.176238,3,0,-144
1767172814.186238,5,4,-141
1767172814.196238,1,3,-137
1767172814.2062385,0,1,-130
1767172814.2162385,6,3,-134
1767172814.2262385,7,1,-128
1767172814.2362382,2,4,-133
1767172814.2462382,0,3,-132
1767172814.2562382,0,0,-129
1767172814.2662382,-3,4,-129
1767172814.2762382,-9,4,-127
1767172814.2862382,-8,3,-128
1767172814.2962382,-5,6,-129
1767172814.3062382,-1,3,-133
1767172814.3282382,-1,-2,-140
1767172814.336238,-1,-4,-133
1767172814.346238,3,0,-132
1767172814.356238,2,-3,-142
1767172814.366238,4,-7,-139
1767172814.376238,3,-4,-143
1767172814.386238,5,-1,-140
1767172814.396238,4,-2,-135
1767172814.406238,4,-2,-133
1767172814.416238,-1,-3,-134
1767172814.426238,-1,0,-133
1767172814.436238,-5,-1,-133
1767172814.446238,-6,5,-129
1767172814.4562385,-7,2,-127
1767172814.4662385,-2,0,-124
1767172814.4762385,-1,2,-122
1767172814.4862382,-4,0,-125
1767172814.4962382,-2,0,-130
1767172814.5062382,-1,0,-137
1767172814.5162382,1,2,-137
1767172814.5262382,6,2,-139
1767172814.5362382,4,1,-142
1767172814.5462382,-1,0,-140
1767172814.5562382,-3,-3,-133
1767172814.5662382,-3,-5,-135
1767172814.5762382,0,-7,-132
1767172814.586238,-2,-8,-135
1767172814.596238,-1,-6,-134
1767172814.606238,1,-3,-141
1767172814.616238,-2,-4,-139
1767172814.626238,-4,-7,-136
1767172814.636238,-4,-2,-132
1767172814.646238,0,0,-130
1767172814.656238,1,-1,-131
1767172814.666238,1,1,-139
1767172814.676238,-3,0,-138
1767172814.686238,-6,-5,-135
1767172814.696238,-4,-5,-134
1767172814.7062385,-6,-8,-132
1767172814.7162385,-7,-6,-131
1767172814.7262385,-5,-6,-128
1767172814.7362382,-9,-4,-128
1767172814.7462382,-5,-5,-128
1767172814.7562382,-4,-5,-119
1767172814.7662382,0,-4,-126
1767172814.7762382,0,-4,-131
1767172814.7862382,-3,-5,-125
1767172814.7962382,0,-6,-128
1767172814.8062382,1,-5,-130
1767172814.8162382,2,-3,-133
1767172814.8262382,2,-5,-134
1767172814.836238,1,0,-133
1767172814.846238,1,1,-130
1767172814.856238,1,-2,-129
1767172814.866238,5,-6,-131
1767172814.876238,3,-7,-133
1767172814.886238,5,-7,-125
1767172814.896238,4,-5,-124
1767172814.906238,6,-4,-124
1767172814.916238,10,-7,-122
1767172814.926238,7,-9,-120
1767172814.936238,1,-3,-125
1767172814.946238,3,-4,-127
1767172814.9562385,4,-3,-132
1767172814.9662385,9,0,-132
1767172814.9762385,7,1,-127
1767172814.9862382,7,-3,-130
1767172814.9962382,5,-6,-130
1767172815.0062382,2,-1,-133
1767172815.0162382,-1,-3,-127
1767172815.0262382,-2,-1,-126
1767172815.0362382,0,2,-125
1767172815.0462382,4,4,-132
1767172815.0562382,8,0,-137
1767172815.0662382,8,0,-131
1767172815.0762382,7,1,-127
1767172815.086238,5,1,-126
1767172815.096238,2,3,-122
1767172815.106238,2,5,-125
1767172815.116238,5,4,-133
1767172815.126238,5,2,-135
1767172815.136238,5,1,-146
1767172815.146238,1,0,-144
1767172815.156238,0,-4,-136
1767172815.166238,2,-5,-139
1767172815.176238,-1,0,-142
1767172815.186238,-1,3,-149
1767172815.196238,6,6,-143
1767172815.2062385,1,5,-136
1767172815.2162385,-2,7,-135
1767172815.2262385,-5,11,-137
1767172815.2362382,-6,11,-136
1767172815.2462382,-4,9,-133
1767172815.2562382,-6,10,-133
1767172815.2662382,-5,8,-134
1767172815.2762382,-3,4,-129
1767172815.2862382,-1,4,-131
1767172815.2962382,0,4,-130
1767172815.3062382,-1,4,-132
1767172815.3162382,-3,2,-134
1767172815.3262382,-5,2,-133
1767172815.336238,-5,3,-137
1767172815.346238,-5,1,-137
1767172815.356238,-5,4,-133
1767172815.366238,-6,0,-135
1767172815.376238,-1,3,-133
1767172815.386238,1,3,-130
1767172815.396238,3,3,-121
1767172815.406238,1,3,-123
1767172815.416238,3,0,-125
1767172815.426238,0,-4,-129
1767172815.436238,-6,-6,-131
1767172815.446238,-7,-4,-126
1767172815.4562385,-12,-5,-125
1767172815.4662385,-13,-7,-126
1767172815.4762385,-10,-5,-119
1767172815.4862382,-5,-2,-118
1767172815.4962382,-4,-1,-123
1767172815.5062382,-4,1,-124
1767172815.5162382,-5,1,-130
1767172815.5262382,0,-4,-128
1767172815.5362382,-2,-4,-130
1767172815.5462382,-1,-5,-131
1767172815.5562382,-2,-4,-129
1767172815.5662382,-1,-3,-123
1767172815.5762382,1,-1,-130
1767172815.586238,1,-4,-128
1767172815.596238,3,-3,-131
1767172815.606238,4,-4,-132
1767172815.616238,8,-8,-130
1767172815.626238,6,-6,-132
1767172815.636238,7,-5,-137
1767172815.646238,6,-3,-139
1767172815.656238,5,-7,-137
1767172815.666238,1,-2,-136
1767172815.676238,2,-4,-139
1767172815.686238,1,-5,-143
1767172815.696238,-3,-2,-137
1767172815.7062385,-5,-4,-136
1767172815.7162385,-3,-4,-138
1767172815.7262385,-1,-3,-137
1767172815.7362382,4,-5,-134
1767172815.7462382,1,-7,-130
1767172815.7562382,1,-6,-133
1767172815.7662382,3,-8,-141
1767172815.7762382,1,-6,-134
1767172815.7862382,2,-2,-133
1767172815.7962382,0,0,-139
1767172815.8062382,2,-2,-143
1767172815.8162382,0,-6,-136
1767172815.8262382,0,-8,-142
1767172815.836238,-3,-8,-143
1767172815.846238,-3,-7,-140
1767172815.856238,3,-4,-140
1767172815.866238,7,-12,-144
1767172815.876238,10,-8,-138
1767172815.886238,1,-5,-139
1767172815.896238,4,-3,-147
1767172815.906238,2,-3,-146
1767172815.916238,2,2,-141
1767172815.926238,1,2,-141
1767172815.936238,0,-3,-137
1767172815.946238,0,0,-137
1767172815.9562385,1,2,-138
1767172815.9662385,2,-1,-143
1767172815.9762385,2,-2,-143
1767172815.9862382,-1,-3,-140
1767172815.9962382,1,-6,-143
1767172816.0062382,2,0,-132
1767172816.0162382,1,2,-124
1767172816.0262382,1,1,-123
1767172816.0362382,-3,-3,-130
1767172816.0462382,-7,-2,-136
1767172816.0562382,0,0,-133
1767172816.0662382,0,0,-127
1767172816.0762382,-3,-2,-123
1767172816.086238,-1,-6,-117
1767172816.096238,-2,-7,-119
1767172816.106238,0,-7,-120
1767172816.116238,-2,-7,-121
1767172816.126238,-2,-6,-119
1767172816.136238,2,-1,-112
1767172816.146238,1,-1,-109
1767172816.156238,3,1,-117
1767172816.166238,4,0,-117
1767172816.176238,3,-2,-120
1767172816.186238,4,0,-117
1767172816.196238,1,1,-122
1767172816.2062385,0,1,-121
1767172816.2162385,-1,-3,-124
1767172816.2262385,-4,-5,-122
1767172816.2362382,-3,-4,-121
1767172816.2462382,-6,-3,-119
1767172816.2562382,-7,0,-124
1767172816.2662382,-5,-2,-125
1767172816.2762382,-6,-3,-131
1767172816.287238,-7,-5,-126
1767172816.297238,-4,-2,-127
1767172816.307238,0,-1,-126
1767172816.317238,5,-1,-128
1767172816.327238,7,0,-125
1767172816.337238,10,-3,-125
1767172816.347238,11,-1,-126
1767172816.357238,11,-3,-128
1767172816.367238,8,-4,-126
1767172816.377238,10,0,-129
1767172816.3872385,10,-1,-124
1767172816.3972385,7,-3,-131
1767172816.4072382,9,-4,-135
1767172816.4172382,7,-4,-135
1767172816.4272382,1,-3,-138
1767172816.4372382,0,0,-132
1767172816.4472382,2,0,-128
1767172816.4572382,0,-1,-136
1767172816.4672382,-2,0,-131
1767172816.4772382,-8,0,-135
1767172816.4872382,-7,0,-140
1767172816.4972382,-6,1,-140
1767172816.507238,-9,2,-134
1767172816.517238,-5,2,-126
1767172816.527238,-7,1,-124
1767172816.537238,-8,2,-120
1767172816.547238,-7,1,-126
1767172816.557238,-4,1,-126
1767172816.567238,0,1,-125
1767172816.577238,-2,1,-126
1767172816.587238,-1,1,-127
1767172816.597238,0,2,-128
1767172816.607238,4,4,-129
1767172816.617238,4,0,-124
1767172816.627238,4,0,-129
1767172816.6372385,3,2,-138
1767172816.6472385,1,3,-137
1767172816.6572382,2,4,-128
1767172816.6672382,2,2,-126
1767172816.6772382,1,0,-127
1767172816.6872382,-2,-2,-128
1767172816.6972382,-2,-3,-134
1767172816.7072382,2,0,-137
1767172816.7172382,1,0,-133
1767172816.7272382,5,-2,-127
1767172816.7372382,3,-4,-125
1767172816.7472382,5,-2,-122
1767172816.757238,5,0,-131
1767172816.767238,1,1,-133
1767172816.777238,3,0,-135
1767172816.787238,-3,1,-139
1767172816.797238,-7,4,-138
1767172816.807238,0,6,-133
1767172816.817238,0,5,-133
1767172816.827238,-2,3,-135
1767172816.837238,-3,4,-133
1767172816.847238,-4,3,-136
1767172816.857238,-2,1,-133
1767172816.867238,-7,0,-136
1767172816.877238,-10,-7,-135
1767172816.8872385,-8,-5,-130
1767172816.8972385,-11,-5,-130
1767172816.9072382,-4,-4,-128
1767172816.9172382,-1,-3,-130
1767172816.9272382,1,-1,-134
1767172816.9372382,3,-1,-125
1767172816.9472382,3,0,-123
1767172816.9572382,0,0,-123
1767172816.9672382,0,-7,-125
1767172816.9772382,-5,-5,-132
1767172816.9872382,-1,-4,-134
1767172816.9972382,-2,-8,-127
1767172817.007238,0,-5,-135
1767172817.017238,2,-7,-146
1767172817.027238,4,-6,-140
1767172817.037238,0,-3,-132
1767172817.047238,4,-5,-134
1767172817.057238,4,-7,-131
1767172817.067238,6,-6,-129
1767172817.077238,6,-5,-129
1767172817.087238,6,-3,-136
1767172817.097238,4,-6,-140
1767172817.107238,3,-8,-131
1767172817.117238,4,-8,-131
1767172817.127238,1,-10,-131
1767172817.1372385,0,-9,-129
1767172817.1472385,0,-5,-133
1767172817.1572382,3,-5,-138
1767172817.1672382,1,-8,-139
1767172817.1772382,0,-10,-131
1767172817.1872382,3,-8,-132
1767172817.1972382,3,-5,-135
1767172817.2072382,1,-6,-138
1767172817.2172382,0,-3,-138
1767172817.2272382,-2,0,-135
1767172817.2372382,-3,-2,-136
1767172817.2472382,-2,0,-138
1767172817.257238,0,1,-137
1767172817.267238,-2,4,-139
1767172817.277238,-3,2,-149
1767172817.287238,-3,0,-147
1767172817.297238,-1,2,-146
1767172817.307238,5,4,-149
1767172817.317238,2,5,-141
1767172817.327238,1,2,-139
1767172817.337238,0,3,-139
1767172817.347238,0,1,-132
1767172817.357238,-1,0,-129
1767172817.367238,-4,0,-131
1767172817.377238,-4,0,-133
1767172817.3872385,0,4,-132
1767172817.3972385,1,1,-128
1767172817.4072382,3,-4,-134
1767172817.4172382,8,-6,-134
1767172817.4272382,3,-5,-135
1767172817.4372382,2,0,-135
1767172817.4472382,0,0,-136
1767172817.4572382,-2,-2,-127
1767172817.4672382,-5,-4,-124
1767172817.4772382,-5,-5,-126
1767172817.4872382,-3,-5,-124
1767172817.4972382,-2,-3,-125
1767172817.507238,-3,0,-122
1767172817.517238,-5,0,-119
1767172817.527238,-3,1,-125
1767172817.537238,-2,3,-120
1767172817.547238,3,5,-121
1767172817.557238,6,1,-123
1767172817.567238,1,4,-130
1767172817.577238,3,2,-135
1767172817.587238,5,3,-137
1767172817.597238,2,2,-131
1767172817.607238,5,4,-138
1767172817.617238,1,1,-137
1767172817.627238,2,1,-137
1767172817.6372385,-2,4,-135
1767172817.6472385,1,2,-137
1767172817.6572382,3,6,-140
1767172817.6672382,4,5,-142
1767172817.6772382,7,0,-137
1767172817.688238,7,0,-136
1767172817.6972382,6,-1,-138
1767172817.7072382,6,-4,-137
1767172817.7172382,0,-9,-129
1767172817.7272382,1,-9,-133
1767172817.7372382,0,-10,-138
1767172817.7472382,0,-11,-141
1767172817.757238,1,-9,-133
1767172817.767238,2,-4,-138
1767172817.777238,3,2,-135
1767172817.787238,0,0,-136
1767172817.797238,-3,0,-129
1767172817.807238,-3,0,-137
1767172817.817238,1,0,-140
1767172817.827238,1,-2,-139
1767172817.837238,0,-5,-138
1767172817.847238,3,-7,-130
1767172817.857238,2,-9,-122
1767172817.867238,-1,-7,-120
1767172817.877238,-3,-3,-120
1767172817.8872385,-7,-2,-121
1767172817.8972385,-3,0,-128
1767172817.9072382,0,2,-125
1767172817.9172382,4,1,-130
1767172817.9272382,3,3,-133
1767172817.9372382,3,0,-129
1767172817.9472382,3,-1,-133
1767172817.9572382,1,0,-129
1767172817.9672382,1,-1,-133
1767172817.9772382,0,-2,-134
1767172817.9872382,0,-2,-138
1767172817.9972382,3,0,-140
1767172818.007238,2,-1,-145
1767172818.017238,0,-2,-146
1767172818.027238,0,-3,-139
1767172818.037238,0,-1,-143
1767172818.047238,0,-3,-144
1767172818.057238,-4,-2,-139
1767172818.067238,-1,-2,-132
1767172818.077238,1,0,-133
1767172818.087238,1,2,-141
1767172818.097238,1,4,-138
1767172818.107238,0,5,-137
1767172818.117238,-2,7,-138
1767172818.127238,-5,3,-143
1767172818.1372385,-5,2,-138
1767172818.1472385,-2,-4,-142
1767172818.1572382,-2,-4,-140
1767172818.1672382,-2,-4,-141
1767172818.1772382,-7,0,-142
1767172818.1872382,-9,3,-139
1767172818.1972382,-7,1,-140
1767172818.2072382,-1,-1,-137
1767172818.2172382,-2,2,-129
1767172818.2272382,-2,1,-137
1767172818.2372382,-6,0,-141
1767172818.2472382,-7,0,-138
1767172818.257238,-6,1,-133
1767172818.267238,-2,5,-128
1767172818.277238,-2,3,-132
1767172818.287238,-5,1,-133
1767172818.297238,-2,0,-129
1767172818.307238,1,-3,-128
1767172818.317238,2,0,-132
1767172818.327238,3,-5,-131
1767172818.337238,3,-6,-139
1767172818.347238,1,-5,-145
1767172818.357238,2,-2,-143
1767172818.367238,1,-3,-142
1767172818.377238,3,-8,-134
1767172818.3872385,0,-9,-131
1767172818.3972385,0,0,-133
1767172818.4072382,0,-3,-140
1767172818.4172382,2,-9,-135
1767172818.4272382,0,-11,-135
1767172818.4372382,-1,-6,-130
1767172818.4472382,0,-1,-132
1767172818.4572382,0,0,-132
1767172818.4672382,-2,4,-123
1767172818.4772382,-2,5,-121
1767172818.4872382,-3,0,-117
1767172818.4972382,-1,-1,-122
1767172818.507238,-2,-5,-121
1767172818.517238,-3,-6,-126
1767172818.527238,-3,-7,-123
1767172818.537238,2,-4,-131
1767172818.547238,3,-4,-131
1767172818.557238,2,-6,-130
1767172818.567238,0,-7,-126
1767172818.577238,2,-9,-130
1767172818.587238,3,-8,-137
1767172818.597238,7,-5,-142
1767172818.607238,3,0,-141
1767172818.617238,4,-2,-145
1767172818.627238,5,-1,-145
1767172818.6372385,3,-4,-142
1767172818.6472385,3,-6,-141
1767172818.6572382,-4,-7,-139
1767172818.6672382,-5,-10,-136
1767172818.6772382,-1,-5,-132
1767172818.6872382,-2,-3,-128
1767172818.6972382,0,-3,-128
1767172818.7072382,-2,-2,-129
1767172818.7172382,0,-1,-125
1767172818.7272382,0,-1,-121
1767172818.7372382,-1,-2,-126
1767172818.7472382,-2,-1,-131
1767172818.757238,-1,5,-133
1767172818.767238,2,5,-133
1767172818.777238,-1,3,-137
1767172818.787238,-2,2,-136
1767172818.797238,1,3,-137
1767172818.8082385,1,-2,-134
1767172818.817238,4,-1,-129
1767172818.827238,8,-2,-130
1767172818.837238,6,-3,-130
1767172818.847238,4,-3,-128
1767172818.857238,5,-5,-132
1767172818.867238,3,-6,-135
1767172818.877238,6,-6,-132
1767172818.8882382,3,-6,-138
1767172818.8982382,1,-5,-138
1767172818.9082382,0,-4,-142
1767172818.9182382,2,-8,-140
1767172818.9282382,0,-9,-134
1767172818.938238,-1,-3,-131
1767172818.948238,3,1,-133
1767172818.958238,5,1,-135
1767172818.968238,6,5,-135
1767172818.978238,5,8,-133
1767172818.988238,-1,7,-134
1767172818.998238,2,4,-133
1767172819.008238,3,-1,-134
1767172819.018238,0,-6,-140
1767172819.028238,0,-6,-137
1767172819.038238,1,-7,-139
1767172819.048238,0,0,-135
1767172819.0582385,5,-2,-133
1767172819.0682385,2,-2,-133
1767172819.0782382,0,-5,-128
1767172819.0882382,3,-1,-130
1767172819.0982382,0,-4,-133
1767172819.1082382,3,-3,-136
1767172819.1182382,3,-2,-132
1767172819.1282382,-2,-2,-128
1767172819.1382382,-3,1,-129
1767172819.1482382,-9,0,-129
1767172819.1582382,-4,3,-129
1767172819.1682382,-3,6,-125
1767172819.1782382,-2,7,-124
1767172819.188238,1,6,-123
1767172819.198238,0,0,-119
1767172819.208238,-1,-1,-119
1767172819.218238,0,-4,-122
1767172819.228238,1,-1,-126
1767172819.238238,1,-2,-136
1767172819.248238,3,-3,-133
1767172819.258238,5,-1,-130
1767172819.268238,2,0,-131
1767172819.278238,4,0,-133
1767172819.288238,0,6,-142
1767172819.298238,0,2,-143
1767172819.3082385,0,2,-142
1767172819.3182385,-3,6,-135
1767172819.3392382,1,1,-124
1767172819.3482382,-1,-1,-127
1767172819.3582382,2,-3,-129
1767172819.3682382,-2,0,-119
1767172819.3782382,-1,2,-124
1767172819.3882382,0,3,-130
1767172819.3982382,-2,3,-122
1767172819.4082382,0,0,-118
1767172819.4182382,2,0,-112
1767172819.4282382,2,1,-113
1767172819.438238,0,0,-124
1767172819.448238,3,1,-127
1767172819.458238,1,3,-124
1767172819.468238,-2,3,-122
1767172819.478238,-2,2,-125
1767172819.488238,2,5,-127
1767172819.498238,2,6,-127
1767172819.508238,2,8,-136
1767172819.518238,3,4,-132
1767172819.528238,2,4,-138
1767172819.538238,3,3,-137
1767172819.548238,0,2,-131
1767172819.5582385,-2,1,-130
1767172819.5682385,-5,0,-139
1767172819.5782382,-7,0,-138
1767172819.5882382,-4,2,-142
1767172819.5982382,-5,2,-139
1767172819.6082382,-7,0,-129
1767172819.6182382,-8,1,-129
1767172819.6282382,-5,3,-133
1767172819.6382382,-4,2,-135
1767172819.6482382,-3,-3,-133
1767172819.6582382,0,1,-132
1767172819.6682382,0,-2,-134
1767172819.6782382,2,-1,-131
1767172819.688238,5,0,-129
1767172819.698238,6,1,-130
1767172819.708238,1,0,-134
1767172819.718238,0,2,-134
1767172819.728238,-2,3,-140
1767172819.738238,0,5,-142
1767172819.748238,3,5,-145
1767172819.758238,7,3,-147
1767172819.768238,8,1,-148
1767172819.778238,6,-1,-146
1767172819.788238,4,0,-146
1767172819.798238,-2,3,-136
1767172819.8082385,-5,5,-142
1767172819.8182385,-6,3,-130
1767172819.8282382,-4,0,-132
1767172819.8382382,-6,-4,-136
1767172819.8482382,-8,-1,-144
1767172819.8582382,-5,0,-147
1767172819.8682382,-4,-2,-143
1767172819.8782382,-1,-9,-139
1767172819.8882382,-2,-10,-139
1767172819.8982382,0,-6,-145
1767172819.9082382,2,-4,-141
1767172819.9182382,2,-2,-143
1767172819.9282382,5,-2,-145
1767172819.938238,6,-4,-138
1767172819.948238,2,-3,-140
1767172819.958238,1,1,-137
1767172819.968238,0,0,-127
1767172819.978238,-4,1,-128
1767172819.988238,-5,3,-135
1767172819.998238,-6,-1,-138
1767172820.008238,-2,-3,-139
1767172820.018238,-3,-2,-139
1767172820.028238,-4,0,-139
1767172820.038238,-4,-2,-135
1767172820.048238,-1,-5,-131
1767172820.0582385,0,-3,-132
1767172820.0682385,-2,0,-134
1767172820.0782382,-5,-1,-130
1767172820.0882382,-5,-1,-128
1767172820.0982382,-5,-3,-130
1767172820.1082382,0,-4,-129
1767172820.1182382,1,-2,-127
1767172820.1282382,4,-2,-128
1767172820.1382382,1,0,-121
1767172820.1482382,2,0,-125
1767172820.1582382,0,2,-131
1767172820.1682382,-1,5,-128
1767172820.1782382,0,2,-131
1767172820.188238,1,3,-132
1767172820.198238,0,1,-133
1767172820.208238,1,-4,-132
1767172820.218238,2,-3,-130
1767172820.228238,-1,0,-128
1767172820.238238,-4,-1,-126
1767172820.248238,-3,-3,-129
1767172820.258238,-5,0,-126
1767172820.268238,-5,0,-130
1767172820.278238,-3,4,-129
1767172820.288238,-3,3,-126
1767172820.298238,-1,0,-131
1767172820.3082385,-1,4,-128
1767172820.3182385,-3,4,-127
1767172820.3282382,-2,8,-130
1767172820.3382382,-3,4,-137
1767172820.3482382,-3,1,-136
1767172820.3582382,-8,-1,-136
1767172820.3682382,-4,-1,-144
1767172820.3782382,0,1,-142
1767172820.3882382,3,0,-136
1767172820.3982382,4,-2,-135
1767172820.4082382,-1,2,-139
1767172820.4182382,-2,1,-130
1767172820.4282382,-3,-2,-131
1767172820.438238,-4,-2,-131
1767172820.448238,-4,-2,-128
1767172820.458238,-3,-1,-121
1767172820.468238,-8,3,-122
1767172820.478238,-6,2,-124
1767172820.488238,-2,0,-121
1767172820.498238,-3,-4,-126
1767172820.508238,-3,0,-131
1767172820.518238,0,-2,-133
1767172820.528238,3,-3,-134
1767172820.538238,2,-1,-133
1767172820.548238,4,-2,-134
1767172820.5582385,2,1,-136
1767172820.5682385,3,4,-131
1767172820.5782382,2,2,-141
1767172820.5882382,0,3,-143
1767172820.5982382,-5,4,-133
1767172820.6082382,-6,4,-137
1767172820.6182382,-3,-1,-138
1767172820.6282382,-6,-2,-142
1767172820.6382382,-3,-2,-152
1767172820.6482382,-1,-3,-151
1767172820.6582382,2,-2,-148
1767172820.6682382,4,-2,-143
1767172820.6782382,5,-2,-142
1767172820.688238,5,-2,-139
1767172820.698238,7,-5,-133
1767172820.708238,6,-8,-129
1767172820.718238,2,-1,-130
1767172820.728238,0,-2,-131
1767172820.738238,0,-3,-122
1767172820.748238,0,-2,-124
1767172820.758238,3,-5,-130
1767172820.768238,7,0,-134
1767172820.778238,5,-1,-141
1767172820.788238,7,-4,-139
1767172820.798238,3,0,-137
1767172820.8082385,4,4,-134
1767172820.8182385,1,3,-137
1767172820.8282382,1,0,-138
1767172820.8382382,-2,3,-141
1767172820.8482382,-1,1,-142
1767172820.8582382,0,0,-141
1767172820.8682382,-2,0,-142
1767172820.8782382,-1,1,-142
1767172820.8882382,2,1,-144
1767172820.8982382,5,-1,-142
1767172820.9082382,2,-2,-132
1767172820.9182382,1,0,-126
1767172820.9282382,-1,0,-126
1767172820.938238,0,0,-129
1767172820.948238,0,3,-127
1767172820.958238,-1,-3,-128
1767172820.968238,1,-2,-134
1767172820.978238,2,0,-134
1767172820.988238,1,0,-134
1767172820.998238,2,1,-132
1767172821.008238,2,0,-136
1767172821.018238,2,0,-134
1767172821.028238,2,1,-132
1767172821.038238,0,8,-136
1767172821.048238,-1,7,-135
1767172821.0582385,0,6,-139
1767172821.0682385,1,6,-137
1767172821.0782382,3,8,-136
1767172821.0882382,1,8,-133
1767172821.0982382,3,6,-133
1767172821.1082382,4,7,-133
1767172821.1182382,0,5,-141
1767172821.1282382,1,3,-143
1767172821.1382382,3,1,-140
1767172821.1482382,3,-2,-142
1767172821.1582382,4,-4,-141
1767172821.1682382,5,-5,-142
1767172821.1782382,3,-2,-138
1767172821.188238,1,-2,-140
1767172821.198238,-2,-3,-133
1767172821.208238,-3,0,-136
1767172821.218238,-2,-1,-138
1767172821.228238,-1,-1,-145
1767172821.238238,2,-3,-144
1767172821.248238,-1,-3,-138
1767172821.258238,0,1,-141
1767172821.268238,-1,1,-144
1767172821.278238,1,2,-137
1767172821.288238,0,3,-136
1767172821.298238,0,0,-143
1767172821.3082385,-5,2,-141
1767172821.3182385,-4,2,-140
1767172821.3282382,-4,0,-137
1767172821.3382382,-5,1,-133
1767172821.3482382,-2,3,-131
1767172821.3582382,2,4,-134
1767172821.3682382,3,3,-138
1767172821.3782382,6,5,-142
1767172821.3882382,3,6,-142
1767172821.3982382,0,3,-137
1767172821.4082382,-2,2,-144
1767172821.4182382,-4,3,-139
1767172821.4282382,-2,4,-134
1767172821.438238,-3,1,-141
1767172821.448238,-2,0,-134
1767172821.459238,-1,0,-133
1767172821.468238,-2,0,-134
1767172821.4792385,-3,-3,-135
1767172821.4892385,-2,-2,-137
1767172821.4992385,-2,0,-137
1767172821.5092382,2,-3,-132
1767172821.5192382,0,-5,-128
1767172821.5292382,1,-6,-127
1767172821.5392382,3,-5,-130
1767172821.5492382,4,-2,-136
1767172821.5592382,5,-3,-135
1767172821.5692382,0,-1,-131
1767172821.5792382,-1,-2,-122
1767172821.5892382,0,-5,-122
1767172821.5992382,-2,-3,-127
1767172821.609238,-3,-4,-125
1767172821.619238,-2,-5,-126
1767172821.629238,2,0,-132
1767172821.639238,4,-1,-133
1767172821.649238,8,0,-138
1767172821.659238,10,-2,-136
1767172821.669238,11,-7,-129
1767172821.679238,9,-6,-132
1767172821.689238,4,-3,-138
1767172821.699238,3,-3,-133
1767172821.709238,0,-3,-131
1767172821.719238,3,-4,-133
1767172821.7292385,-2,-3,-137
1767172821.7392385,0,-4,-140
1767172821.7492385,5,0,-140
1767172821.7592382,7,-1,-140
1767172821.7692382,5,0,-139
1767172821.7792382,5,0,-135
1767172821.7892382,3,-1,-134
1767172821.7992382,2,-2,-142
1767172821.8092382,6,-4,-139
1767172821.8192382,4,-1,-137
1767172821.8292382,8,2,-130
1767172821.8392382,9,2,-130
1767172821.8492382,7,1,-130
1767172821.859238,4,0,-123
1767172821.869238,3,-2,-120
1767172821.879238,3,0,-126
1767172821.889238,3,1,-131
1767172821.899238,3,2,-130
1767172821.909238,4,1,-129
1767172821.919238,1,0,-132
1767172821.929238,-1,-3,-130
1767172821.939238,-2,-5,-130
1767172821.949238,-8,-6,-130
1767172821.959238,-5,-2,-133
1767172821.969238,-4,-3,-134
1767172821.9792385,-6,-1,-136
1767172821.9892385,-7,0,-128
1767172821.9992385,-6,3,-127
1767172822.0092382,-4,5,-127
1767172822.0192382,0,6,-133
1767172822.0292382,-3,7,-128
1767172822.0392382,-6,3,-125
1767172822.0492382,-4,2,-130
1767172822.0592382,-4,2,-129
1767172822.0692382,0,0,-133
1767172822.0792382,1,-1,-131
1767172822.0892382,1,-2,-130
1767172822.0992382,-2,2,-134
1767172822.109238,-5,6,-139
1767172822.119238,-9,7,-132
1767172822.129238,-4,5,-132
1767172822.139238,0,0,-133
1767172822.149238,3,1,-136
1767172822.159238,2,4,-127
1767172822.169238,5,1,-130
1767172822.179238,2,1,-129
1767172822.189238,-1,-2,-132
1767172822.199238,-6,0,-131
1767172822.209238,-11,0,-130
1767172822.219238,-8,0,-133
1767172822.2292385,-5,1,-133
1767172822.2392385,-2,1,-132
1767172822.2492385,-3,4,-137
1767172822.2592382,-1,2,-137
1767172822.2692382,3,3,-134
1767172822.2792382,4,8,-130
1767172822.2892382,-2,8,-131
1767172822.2992382,-3,8,-126
1767172822.3092382,-2,8,-125
1767172822.3192382,-1,6,-131
1767172822.3292382,-2,3,-131
1767172822.3392382,1,1,-127
1767172822.3492382,0,-1,-128
1767172822.359238,1,-4,-131
1767172822.369238,-1,0,-128
1767172822.379238,-5,0,-126
1767172822.389238,-8,2,-128
1767172822.399238,-2,3,-126
1767172822.409238,0,1,-124
1767172822.419238,2,0,-125
1767172822.429238,7,2,-129
1767172822.439238,8,1,-132
1767172822.449238,5,1,-132
1767172822.459238,0,1,-134
1767172822.469238,-2,0,-139
1767172822.4792385,0,0,-140
1767172822.4892385,-1,-4,-135
1767172822.4992385,-1,-4,-136
1767172822.5092382,0,-5,-134
1767172822.5192382,0,-3,-124
1767172822.5292382,-2,-3,-122
1767172822.5392382,-2,-1,-117
1767172822.5492382,0,-1,-123
1767172822.5592382,2,-3,-126
1767172822.5692382,8,-5,-123
1767172822.5792382,7,-4,-126
1767172822.5892382,7,-5,-131
1767172822.5992382,7,-4,-127
1767172822.609238,5,-5,-125
1767172822.619238,1,-4,-131
1767172822.629238,2,-8,-133
1767172822.639238,3,-3,-137
1767172822.649238,2,-5,-135
1767172822.659238,0,-3,-136
1767172822.669238,0,-3,-134
1767172822.679238,0,-1,-129
1767172822.689238,6,-5,-124
1767172822.699238,3,-7,-129
1767172822.709238,0,-1,-135
1767172822.719238,-1,0,-137
1767172822.7292385,0,0,-133
1767172822.7392385,0,0,-125
1767172822.7492385,-1,3,-133
1767172822.7592382,0,4,-130
1767172822.7692382,3,5,-124
1767172822.7792382,1,1,-121
1767172822.7892382,4,2,-126
1767172822.7992382,4,1,-120
1767172822.8092382,1,0,-122
1767172822.8192382,-1,0,-128
1767172822.8292382,-3,1,-128
1767172822.8392382,-6,-1,-135
1767172822.8492382,-14,1,-135
1767172822.859238,-15,2,-127
1767172822.869238,-10,-2,-126
1767172822.879238,-10,-3,-126
1767172822.889238,-9,-7,-133
1767172822.899238,-8,-7,-132
1767172822.909238,-4,-3,-135
1767172822.919238,-3,-2,-134
1767172822.929238,-3,0,-132
1767172822.939238,6,0,-127
1767172822.949238,7,1,-124
1767172822.959238,2,0,-121
1767172822.969238,-2,0,-127
1767172822.9792385,-1,-4,-132
1767172822.9892385,0,-4,-137
1767172822.9992385,0,-3,-139
1767172823.0092382,-4,-4,-142
1767172823.0192382,-9,-3,-140
1767172823.0292382,-11,-5,-133
1767172823.0392382,-3,-6,-133
1767172823.0492382,-3,-2,-138
1767172823.0592382,-2,-1,-144
1767172823.0692382,-3,-2,-144
1767172823.0792382,-4,-1,-142
1767172823.0892382,0,1,-145
1767172823.0992382,3,-1,-145
1767172823.109238,5,0,-143
1767172823.119238,5,-1,-141
1767172823.129238,7,-4,-134
1767172823.139238,7,-4,-136
1767172823.149238,2,-5,-127
1767172823.159238,0,-6,-134
1767172823.169238,-5,-4,-135
1767172823.179238,-5,-5,-137
1767172823.189238,-3,-4,-139
1767172823.199238,-3,1,-138
1767172823.209238,-5,-3,-133
1767172823.219238,-6,-3,-132
1767172823.2292385,-1,-4,-132
1767172823.2392385,-1,-1,-137
1767172823.2492385,-2,-3,-134
1767172823.2592382,-2,-7,-133
1767172823.2692382,-3,-6,-134
1767172823.2792382,-6,-5,-135
1767172823.2892382,-9,-4,-139
1767172823.2992382,-2,-5,-143
1767172823.3092382,-1,-8,-140
1767172823.3192382,-1,-11,-139
1767172823.3292382,-6,-6,-135
1767172823.3392382,-11,-1,-133
1767172823.3492382,-9,0,-129
1767172823.359238,-5,1,-131
1767172823.369238,-2,-1,-131
1767172823.379238,-6,-1,-134
1767172823.389238,-5,-4,-137
1767172823.399238,-5,-2,-136
1767172823.409238,-6,-5,-134
1767172823.419238,-7,-4,-129
1767172823.429238,-7,-3,-130
1767172823.439238,-2,0,-139
1767172823.449238,2,-2,-137
1767172823.459238,-1,-3,-127
1767172823.469238,-6,-7,-127
1767172823.4792385,-3,-7,-121
1767172823.4892385,-1,-7,-124
1767172823.4992385,0,-6,-133
1767172823.5092382,1,-4,-128
1767172823.5192382,-2,-4,-128
1767172823.5292382,0,-2,-137
1767172823.5392382,6,-1,-138
1767172823.5492382,10,1,-133
1767172823.5592382,9,0,-125
1767172823.5692382,8,1,-127
1767172823.5792382,6,2,-128
1767172823.5892382,1,0,-127
1767172823.5992382,2,-4,-126
1767172823.609238,0,0,-127
1767172823.619238,2,2,-127
1767172823.629238,-1,5,-131
1767172823.639238,0,5,-134
1767172823.649238,5,4,-134
1767172823.659238,3,5,-133
1767172823.669238,1,5,-136
1767172823.679238,0,6,-136
1767172823.689238,-5,10,-137
1767172823.699238,-7,0,-139
1767172823.709238,-4,0,-140
1767172823.719238,0,-1,-134
1767172823.7292385,-4,-2,-131
1767172823.7392385,0,-2,-136
1767172823.7492385,0,0,-135
1767172823.7592382,-1,-1,-133
1767172823.7692382,0,0,-137
1767172823.7792382,3,0,-137
1767172823.7892382,4,5,-140
1767172823.7992382,4,7,-139
1767172823.8092382,0,5,-138
1767172823.8192382,-3,3,-129
1767172823.8292382,-4,0,-125
1767172823.8392382,-3,-1,-127
1767172823.8492382,-3,-2,-132
1767172823.859238,-3,-2,-129
1767172823.869238,-5,1,-134
1767172823.879238,-4,0,-134
1767172823.889238,-2,1,-128
1767172823.899238,-4,0,-133
1767172823.909238,-1,-3,-132
1767172823.919238,-2,-3,-133
1767172823.929238,-2,0,-141
1767172823.939238,-1,5,-141
1767172823.949238,-1,1,-138
1767172823.959238,-3,1,-134
1767172823.969238,-4,2,-130
1767172823.9792385,0,1,-133
1767172823.9892385,3,2,-133
1767172823.9992385,1,-1,-137
1767172824.0092382,0,0,-140
1767172824.0192382,3,-2,-143
1767172824.0292382,7,0,-147
1767172824.0392382,7,-2,-146
1767172824.0492382,5,-1,-144
1767172824.0592382,1,-3,-141
1767172824.0692382,0,-2,-135
1767172824.080238,1,0,-138
1767172824.090238,-3,0,-141
1767172824.0992382,-6,0,-137
1767172824.110238,-4,3,-136
1767172824.120238,-5,0,-138
1767172824.130238,-7,0,-133
1767172824.140238,-4,2,-133
1767172824.150238,-2,2,-134
1767172824.1602385,1,1,-136
1767172824.1702385,0,0,-139
1767172824.1802382,-1,1,-144
1767172824.1902382,0,3,-138
1767172824.2002382,-2,3,-138
1767172824.2102382,-3,2,-139
1767172824.2202382,-2,3,-137
1767172824.2302382,0,5,-134
1767172824.2402382,2,4,-132
1767172824.2502382,1,0,-133
1767172824.2602382,2,-1,-134
1767172824.2702382,0,0,-136
1767172824.2802382,-1,0,-131
1767172824.290238,-2,0,-130
1767172824.300238,-6,2,-128
1767172824.310238,-6,2,-129
1767172824.320238,-4,1,-131
1767172824.330238,0,-1,-126
1767172824.3522382,-4,-3,-129
1767172824.360238,-2,-5,-126
1767172824.370238,4,-10,-125
1767172824.380238,6,-11,-126
1767172824.390238,5,-11,-125
1767172824.400238,1,-8,-128
1767172824.4102385,-2,-6,-132
1767172824.4202385,-4,-1,-132
1767172824.4302382,0,-4,-129
1767172824.4402382,0,0,-132
1767172824.4502382,1,-4,-134
1767172824.4602382,0,1,-133
1767172824.4702382,-3,0,-136
1767172824.4802382,0,0,-133
1767172824.4902382,2,-1,-132
1767172824.5002382,3,4,-130
1767172824.5102382,0,7,-130
1767172824.5202382,-8,10,-136
1767172824.5302382,-11,7,-130
1767172824.540238,-5,8,-135
1767172824.550238,-2,2,-133
1767172824.560238,-2,2,-134
1767172824.570238,-2,1,-136
1767172824.580238,0,4,-139
1767172824.590238,0,3,-142
1767172824.600238,0,5,-145
1767172824.610238,-2,6,-146
1767172824.620238,0,2,-139
1767172824.630238,-4,1,-137
1767172824.640238,-4,0,-134
1767172824.650238,-3,0,-130
1767172824.6602385,0,-5,-131
1767172824.6702385,1,-1,-133
1767172824.6802382,2,-2,-134
1767172824.6902382,6,-1,-138
1767172824.7002382,8,-3,-139
1767172824.7102382,7,-3,-138
1767172824.7202382,5,-1,-128
1767172824.7302382,5,-2,-128
1767172824.7402382,2,-2,-122
1767172824.7502382,0,-1,-119
1767172824.7602382,-1,0,-127
1767172824.7702382,-2,0,-124
1767172824.7802382,-2,-1,-125
1767172824.790238,0,-3,-130
1767172824.800238,-2,-7,-131
1767172824.810238,-6,-5,-133
1767172824.820238,-7,-6,-138
1767172824.830238,-7,-6,-135
1767172824.840238,-5,-5,-132
1767172824.850238,-3,-8,-130
1767172824.860238,-7,-5,-127
1767172824.870238,-5,-3,-125
1767172824.880238,-7,-7,-129
1767172824.890238,-7,-4,-135
1767172824.900238,-8,-6,-131
1767172824.9102385,-6,-5,-134
1767172824.9202385,-5,-2,-135
1767172824.9302382,-2,-7,-132
1767172824.9402382,0,-4,-137
1767172824.9502382,-1,-3,-134
1767172824.9602382,-3,0,-132
1767172824.9702382,-2,-2,-133
1767172824.9802382,-5,-3,-127
1767172824.9902382,-5,2,-130
1767172825.0002382,-10,2,-132
1767172825.0102382,-8,0,-132
1767172825.0202382,-1,-2,-139
1767172825.0302382,-4,-3,-149
1767172825.040238,-3,-1,-152
1767172825.050238,-5,-4,-155
1767172825.060238,-3,-1,-150
1767172825.070238,-3,4,-145
1767172825.080238,-5,6,-144
1767172825.090238,-3,7,-144
1767172825.100238,-3,6,-149
1767172825.110238,-2,8,-145
1767172825.120238,-4,11,-151
1767172825.130238,-5,15,-146
1767172825.140238,-1,11,-141
1767172825.150238,0,9,-134
1767172825.1602385,-2,5,-133
1767172825.1702385,0,1,-132
1767172825.1802382,2,0,-130
1767172825.1902382,-1,0,-127
1767172825.2002382,-2,0,-122
1767172825.2102382,-5,-2,-117
1767172825.2202382,-2,-4,-127
1767172825.2302382,1,-4,-127
1767172825.2402382,3,-1,-123
1767172825.2502382,6,1,-121
1767172825.2602382,4,3,-128
1767172825.2702382,5,3,-128
1767172825.2802382,1,0,-129
1767172825.290238,1,-4,-128
1767172825.300238,3,-3,-127
1767172825.310238,9,0,-134
1767172825.320238,4,11,-137
1767172825.330238,5,12,-139
1767172825.340238,7,13,-139
1767172825.350238,1,10,-140
1767172825.360238,-3,11,-139
1767172825.370238,-9,10,-134
1767172825.380238,-7,4,-134
1767172825.390238,-3,3,-130
1767172825.400238,-2,4,-133
1767172825.4102385,-3,1,-129
1767172825.4202385,-3,0,-131
1767172825.4302382,-3,-2,-128
1767172825.4402382,-3,-2,-125
1767172825.4502382,-1,-2,-123
1767172825.4602382,0,-2,-123
1767172825.4702382,-1,-3,-118
1767172825.4802382,0,-8,-123
1767172825.4902382,0,-5,-125
1767172825.5002382,-1,-4,-123
1767172825.5102382,-2,0,-127
1767172825.5202382,1,0,-128
1767172825.5302382,-2,0,-130
1767172825.540238,-2,-6,-133
1767172825.550238,-7,-7,-134
1767172825.560238,-10,-6,-132
1767172825.570238,-7,-5,-132
1767172825.580238,-12,-6,-131
1767172825.590238,-10,-9,-131
1767172825.600238,-6,-8,-136
1767172825.610238,-7,-6,-134
1767172825.620238,-5,-6,-136
1767172825.630238,-4,-5,-134
1767172825.640238,-3,-4,-131
1767172825.650238,-2,-1,-133
1767172825.6602385,0,0,-129
1767172825.6702385,2,-3,-130
1767172825.6802382,0,-5,-133
1767172825.6902382,-1,-4,-129
1767172825.7002382,0,-5,-133
1767172825.7102382,0,-2,-131
1767172825.7202382,0,-2,-136
1767172825.7302382,-3,-1,-142
1767172825.7402382,0,1,-137
1767172825.7502382,4,-1,-138
1767172825.7602382,3,3,-139
1767172825.7702382,-2,0,-140
1767172825.7802382,-8,-2,-135
1767172825.790238,-5,-1,-137
1767172825.800238,-3,-1,-138
1767172825.810238,-2,-2,-138
1767172825.820238,0,-1,-140
1767172825.830238,3,-3,-136
1767172825.840238,1,-5,-134
1767172825.850238,2,-5,-132
1767172825.860238,8,-6,-133
1767172825.870238,4,-5,-127
1767172825.880238,1,-2,-136
1767172825.890238,0,-6,-139
1767172825.900238,3,-7,-139
1767172825.9102385,7,-11,-137
1767172825.9202385,9,-12,-129
1767172825.9302382,5,-11,-132
1767172825.9402382,3,-7,-129
1767172825.9502382,0,-3,-130
1767172825.9602382,2,-3,-131
1767172825.9702382,-1,-5,-137
1767172825.9802382,-3,-4,-133
1767172825.9902382,-1,-7,-131
1767172826.0002382,-3,-4,-126
1767172826.0102382,0,-2,-122
1767172826.0202382,2,-3,-124
1767172826.0302382,4,-1,-128
1767172826.040238,3,4,-127
1767172826.050238,0,4,-125
1767172826.060238,2,3,-126
1767172826.070238,4,2,-133
1767172826.080238,1,0,-140
1767172826.090238,0,-1,-146
1767172826.100238,0,-1,-141
1767172826.110238,5,-1,-138
1767172826.120238,4,0,-135
1767172826.130238,7,-1,-138
1767172826.140238,6,-3,-130
1767172826.150238,6,-1,-130
1767172826.1602385,3,2,-129
1767172826.1702385,8,6,-132
1767172826.1802382,5,4,-135
1767172826.1902382,2,1,-131
1767172826.2002382,3,2,-129
1767172826.2102382,0,-1,-126
1767172826.2202382,0,-2,-133
1767172826.2302382,0,-2,-134
1767172826.2402382,-1,-3,-135
1767172826.2502382,-1,-2,-134
1767172826.2602382,0,-2,-135
1767172826.2702382,2,-3,-134
1767172826.2802382,1,0,-140
1767172826.290238,4,1,-141
1767172826.300238,2,2,-136
1767172826.310238,3,1,-137
1767172826.320238,-1,0,-137
1767172826.330238,-5,-2,-140
1767172826.340238,-8,0,-138
1767172826.350238,-4,-3,-139
1767172826.360238,-5,-4,-142
1767172826.370238,-3,-5,-138
1767172826.380238,-1,-4,-136
1767172826.390238,-1,-6,-138
1767172826.400238,-3,-5,-135
1767172826.4102385,-2,-3,-136
1767172826.4202385,-3,-3,-131
1767172826.4302382,3,-1,-129
1767172826.4402382,2,0,-132
1767172826.4502382,-2,0,-132
1767172826.4602382,-1,2,-128
1767172826.4702382,1,4,-132
1767172826.4802382,3,1,-134
1767172826.4902382,3,0,-134
1767172826.5002382,-2,0,-129
1767172826.5102382,-4,-4,-134
1767172826.5202382,-5,1,-126
1767172826.5302382,0,3,-130
1767172826.540238,1,3,-134
1767172826.550238,3,-1,-135
1767172826.560238,3,-2,-137
1767172826.570238,2,-1,-135
1767172826.580238,4,-1,-129
1767172826.590238,5,-1,-129
1767172826.600238,6,-1,-124
1767172826.610238,1,0,-126
1767172826.620238,0,0,-136
1767172826.630238,-1,-3,-138
1767172826.640238,-3,-5,-136
1767172826.6512382,-3,-5,-129
1767172826.6612382,-2,-6,-133
1767172826.6712382,4,-5,-132
1767172826.6812382,6,0,-138
1767172826.6912382,6,4,-135
1767172826.7012382,4,3,-136
1767172826.711238,3,1,-143
1767172826.721238,6,0,-142
1767172826.731238,2,0,-148
1767172826.741238,0,-1,-148
1767172826.751238,1,-3,-147
1767172826.761238,-2,-3,-144
1767172826.771238,-2,-1,-144
1767172826.781238,-2,-1,-147
1767172826.791238,0,1,-143
1767172826.8022382,-1,2,-140
1767172826.811238,-3,0,-136
1767172826.821238,-6,0,-138
1767172826.8312385,-4,0,-141
1767172826.8412385,-1,1,-137
1767172826.8512385,0,3,-131
1767172826.8612382,4,4,-128
1767172826.8712382,2,0,-130
1767172826.8812382,0,-1,-128
1767172826.8912382,0,2,-122
1767172826.9012382,1,0,-128
1767172826.9112382,2,0,-126
1767172826.9212382,0,-3,-127
1767172826.9312382,-1,0,-127
1767172826.9412382,0,1,-129
1767172826.9512382,0,2,-128
1767172826.961238,0,0,-137
1767172826.971238,2,2,-136
1767172826.981238,3,4,-137
1767172826.991238,0,0,-129
1767172827.001238,-1,-1,-132
1767172827.011238,0,2,-133
1767172827.021238,-1,2,-131
1767172827.031238,-7,3,-133
1767172827.041238,-8,1,-133
1767172827.051238,-6,0,-142
1767172827.061238,-4,1,-141
1767172827.071238,-4,5,-139
1767172827.0812385,-2,4,-131
1767172827.0912385,-5,6,-126
1767172827.1012385,-6,5,-128
1767172827.1112382,-5,1,-131
1767172827.1212382,-2,0,-131
1767172827.1312382,-8,0,-136
1767172827.1412382,-7,-2,-141
1767172827.1512382,-5,-1,-144
1767172827.1612382,-4,1,-149
1767172827.1712382,-8,-4,-146
1767172827.1812382,-8,-2,-142
1767172827.1912382,-9,-4,-147
1767172827.2012382,-8,0,-148
1767172827.211238,-4,-1,-149
1767172827.221238,-6,-3,-142
1767172827.231238,-11,-4,-141
1767172827.241238,-7,-4,-137
1767172827.251238,-4,-5,-138
1767172827.261238,-5,0,-142
1767172827.271238,-1,0,-145
1767172827.281238,-1,-2,-144
1767172827.291238,-6,-3,-145
1767172827.301238,-4,-4,-142
1767172827.311238,-4,-6,-138
1767172827.321238,-1,-6,-139
1767172827.3312385,-1,-3,-138
1767172827.3412385,-3,-4,-135
1767172827.3512385,0,-2,-133
1767172827.3612382,-1,0,-139
1767172827.3712382,-3,1,-136
1767172827.3812382,-1,4,-138
1767172827.3912382,-2,2,-144
1767172827.4012382,-1,0,-140
1767172827.4112382,0,0,-139
1767172827.4212382,0,0,-140
1767172827.4312382,1,0,-144
1767172827.4412382,3,-2,-147
1767172827.4512382,0,-1,-148
1767172827.461238,0,0,-150
1767172827.471238,1,5,-150
1767172827.481238,1,6,-146
1767172827.491238,3,4,-144
1767172827.501238,1,3,-140
1767172827.511238,2,1,-140
1767172827.521238,5,-1,-132
1767172827.531238,7,-3,-127
1767172827.541238,11,-5,-122
1767172827.551238,9,-2,-128
1767172827.561238,7,-4,-129
1767172827.571238,4,0,-128
1767172827.5812385,5,1,-132
1767172827.5912385,10,2,-138
1767172827.6012385,10,1,-147
1767172827.6112382,4,1,-147
1767172827.6212382,7,5,-141
1767172827.6312382,9,7,-137
1767172827.6412382,10,3,-133
1767172827.6512382,8,3,-133
1767172827.6612382,7,3,-131
1767172827.6712382,1,2,-132
1767172827.6812382,6,0,-128
1767172827.6912382,7,1,-129
1767172827.7012382,4,-1,-134
1767172827.711238,6,2,-136
1767172827.721238,7,2,-135
1767172827.731238,7,0,-131
1767172827.741238,4,-1,-133
1767172827.751238,8,-4,-132
1767172827.761238,5,-7,-137
1767172827.771238,5,0,-137
1767172827.781238,2,-1,-141
1767172827.791238,-2,-2,-141
1767172827.801238,-2,-1,-137
1767172827.811238,-6,-6,-135
1767172827.821238,-5,-6,-138
1767172827.8312385,0,-7,-143
1767172827.8412385,0,-5,-144
1767172827.8512385,0,-1,-138
1767172827.8612382,3,-4,-142
1767172827.8712382,3,-2,-135
1767172827.8812382,1,-1,-137
1767172827.8912382,0,0,-140
1767172827.9012382,-2,0,-131
1767172827.9112382,2,-1,-129
1767172827.9212382,4,0,-135
1767172827.9312382,-4,3,-137
1767172827.9412382,-5,2,-138
1767172827.9512382,-6,-1,-136
1767172827.961238,-3,-4,-134
1767172827.971238,-3,-7,-135
1767172827.981238,-6,-9,-142
1767172827.991238,-8,-9,-144
1767172828.001238,-4,-10,-144
1767172828.011238,-1,-5,-139
1767172828.021238,-1,-3,-136
1767172828.031238,-1,-3,-129
1767172828.041238,1,-4,-133
1767172828.051238,0,-4,-134
1767172828.061238,0,-5,-141
1767172828.071238,-3,-4,-136
1767172828.0812385,-3,-1,-129
1767172828.0912385,-5,-4,-130
1767172828.1012385,-5,-6,-126
1767172828.1112382,-6,-3,-126
1767172828.1212382,-3,-9,-131
1767172828.1312382,-4,-5,-131
1767172828.1412382,-6,-7,-133
1767172828.1512382,-1,-6,-127
1767172828.1612382,0,-5,-122
1767172828.1712382,-2,-6,-127
1767172828.1812382,0,-4,-136
1767172828.1912382,-1,-2,-139
1767172828.2012382,0,0,-132
1767172828.211238,2,-1,-131
1767172828.221238,-2,-1,-130
1767172828.231238,-5,1,-136
1767172828.241238,0,0,-133
1767172828.251238,-1,-4,-133
1767172828.261238,1,-4,-132
1767172828.271238,4,-11,-128
1767172828.281238,0,-12,-130
1767172828.291238,0,-11,-134
1767172828.301238,-1,-8,-127
1767172828.311238,0,-8,-124
1767172828.321238,-2,-2,-128
1767172828.3312385,-2,1,-133
1767172828.3412385,-2,3,-134
1767172828.3512385,-3,3,-131
1767172828.3612382,-1,-1,-135
1767172828.3712382,1,-3,-133
1767172828.3812382,0,-5,-136
1767172828.3912382,-2,-3,-138
1767172828.4012382,-3,0,-139
1767172828.4112382,0,-4,-139
1767172828.4212382,-2,-2,-136
1767172828.4312382,1,0,-135
1767172828.4412382,1,-2,-135
1767172828.4512382,1,-1,-133
1767172828.461238,3,-3,-128
1767172828.471238,5,0,-132
1767172828.481238,3,0,-137
1767172828.491238,4,0,-139
1767172828.501238,1,0,-138
1767172828.511238,0,-3,-133
1767172828.521238,1,1,-131
1767172828.531238,6,7,-130
1767172828.541238,5,5,-133
1767172828.551238,8,3,-136
1767172828.561238,3,2,-135
1767172828.571238,0,1,-138
1767172828.5812385,3,0,-135
1767172828.5912385,1,0,-132
1767172828.6012385,3,1,-129
1767172828.6112382,4,4,-132
1767172828.6212382,4,2,-138
1767172828.6312382,1,0,-138
1767172828.6412382,3,-3,-126
1767172828.6512382,2,-5,-123
1767172828.6612382,0,-7,-122
1767172828.6712382,-3,-8,-124
1767172828.6812382,-3,-8,-115
1767172828.6912382,-4,-7,-122
1767172828.7012382,-1,-6,-123
1767172828.711238,-3,-10,-130
1767172828.721238,-2,-6,-127
1767172828.731238,-5,-4,-128
1767172828.741238,-1,0,-132
1767172828.751238,2,0,-133
1767172828.761238,2,0,-131
1767172828.771238,1,3,-133
1767172828.781238,2,1,-133
1767172828.791238,4,4,-129
1767172828.801238,7,-1,-134
1767172828.811238,5,3,-139
1767172828.821238,-1,0,-145
1767172828.8312385,-1,0,-144
1767172828.8412385,0,0,-136
1767172828.8512385,0,0,-132
1767172828.8612382,0,-3,-126
1767172828.8712382,0,-4,-127
1767172828.8812382,-3,-3,-127
1767172828.8912382,0,0,-134
1767172828.9012382,0,0,-130
1767172828.9112382,1,0,-133
1767172828.9212382,2,0,-136
1767172828.9312382,-2,1,-137
1767172828.9412382,-3,3,-139
1767172828.9512382,-3,8,-137
1767172828.961238,-3,8,-131
1767172828.971238,-1,6,-136
1767172828.981238,1,4,-137
1767172828.991238,0,0,-143
1767172829.001238,5,0,-149
1767172829.011238,6,3,-141
1767172829.021238,7,6,-142
1767172829.031238,5,7,-141
1767172829.041238,2,4,-137
1767172829.051238,0,7,-133
1767172829.061238,0,6,-126
1767172829.071238,-4,5,-133
1767172829.0812385,-6,0,-133
1767172829.0912385,-10,0,-131
1767172829.1012385,-11,-2,-135
1767172829.1112382,-6,-1,-138
1767172829.1212382,-7,0,-141
1767172829.1312382,-6,0,-139
1767172829.1412382,-7,0,-139
1767172829.1512382,-2,-1,-136
1767172829.1612382,0,-3,-130
1767172829.1712382,-7,-5,-130
1767172829.1812382,-5,-9,-131
1767172829.1912382,-6,-7,-131
1767172829.2012382,-4,-5,-134
1767172829.211238,-1,-7,-130
1767172829.221238,1,-8,-132
1767172829.232238,0,-5,-124
1767172829.242238,3,-2,-128
1767172829.252238,0,0,-129
1767172829.2622385,0,-4,-129
1767172829.271238,0,-6,-123
1767172829.2822382,3,-2,-124
1767172829.2922382,6,-3,-128
1767172829.3022382,3,-4,-127
1767172829.3122382,0,-5,-129
1767172829.3222382,-3,-5,-129
1767172829.3322382,-3,-6,-134
1767172829.3422382,0,-2,-130
1767172829.363238,0,-6,-134
1767172829.3722382,-5,-5,-133
1767172829.382238,0,-4,-135
1767172829.392238,-1,-3,-134
1767172829.402238,1,-1,-134
1767172829.412238,2,2,-141
1767172829.422238,0,1,-139
1767172829.432238,1,2,-140
1767172829.442238,0,4,-131
1767172829.452238,1,1,-125
1767172829.462238,0,-1,-122
1767172829.472238,-1,0,-121
1767172829.482238,-7,3,-123
1767172829.492238,-7,-1,-131
1767172829.502238,-5,-5,-132
1767172829.5122385,-11,-7,-130
1767172829.5222385,-9,-5,-135
1767172829.5322382,-6,-1,-131
1767172829.5422382,-2,0,-128
1767172829.5522382,-2,-1,-127
1767172829.5622382,0,-3,-125
1767172829.5722382,-2,0,-124
1767172829.5822382,-2,1,-124
1767172829.5922382,0,3,-122
1767172829.6022382,0,4,-125
1767172829.6122382,0,3,-128
1767172829.6222382,-2,0,-128
1767172829.632238,-1,-1,-126
1767172829.642238,0,0,-127
1767172829.652238,-1,0,-126
1767172829.662238,0,-4,-128
1767172829.672238,3,0,-130
1767172829.682238,1,0,-130
1767172829.692238,-1,4,-130
1767172829.702238,-2,3,-131
1767172829.712238,-6,-1,-128
1767172829.722238,-10,-2,-124
1767172829.732238,-5,0,-121
1767172829.742238,-4,1,-129
1767172829.752238,-3,2,-127
1767172829.7622385,0,2,-132
1767172829.7722385,1,2,-129
1767172829.7822382,-1,0,-127
1767172829.7922382,0,0,-130
1767172829.8022382,4,3,-126
1767172829.8122382,2,1,-136
1767172829.8222382,0,5,-137
1767172829.8322382,-4,7,-138
1767172829.8422382,-4,1,-140
1767172829.8522382,-4,0,-138
1767172829.8622382,-3,0,-127
1767172829.8722382,-5,-1,-129
1767172829.882238,-2,0,-133
1767172829.892238,-4,0,-131
1767172829.902238,0,1,-127
1767172829.912238,0,0,-131
1767172829.922238,-1,1,-132
1767172829.932238,-5,-1,-137
1767172829.942238,-5,2,-135
1767172829.952238,0,2,-131
1767172829.962238,0,0,-131
1767172829.972238,-1,-1,-132
1767172829.982238,-5,0,-134
1767172829.992238,-2,2,-138
1767172830.002238,-2,0,-141
1767172830.0122385,-2,-2,-140
1767172830.0222385,-5,-3,-133
1767172830.0322382,-2,-5,-129
1767172830.0422382,-1,-5,-125
1767172830.0522382,0,-4,-126
1767172830.0622382,0,0,-127
1767172830.0722382,-4,4,-128
1767172830.0822382,-1,2,-128
1767172830.0922382,2,6,-132
1767172830.1022382,5,4,-136
1767172830.1122382,7,2,-137
1767172830.1222382,6,6,-148
1767172830.132238,2,6,-145
1767172830.142238,3,0,-141
1767172830.152238,4,-1,-138
1767172830.162238,1,1,-140
1767172830.172238,0,0,-139
1767172830.182238,0,-1,-134
1767172830.192238,2,-3,-129
1767172830.202238,2,-6,-124
1767172830.212238,0,-9,-120
1767172830.222238,-1,-7,-125
1767172830.232238,-3,-7,-126
1767172830.242238,0,-10,-135
1767172830.252238,-2,-12,-129
1767172830.2622385,-2,-10,-124
1767172830.2722385,-2,-10,-127
1767172830.2822382,-2,-6,-130
1767172830.2922382,-2,-5,-128
1767172830.3022382,0,-1,-128
1767172830.3122382,-5,-2,-127
1767172830.3222382,-2,-2,-122
1767172830.3322382,0,-1,-119
1767172830.3422382,0,0,-121
1767172830.3522382,4,1,-128
1767172830.3622382,5,0,-133
1767172830.3722382,2,0,-131
1767172830.382238,2,3,-128
1767172830.392238,2,0,-135
1767172830.402238,3,-2,-136
1767172830.412238,2,0,-136
1767172830.422238,0,2,-133
1767172830.432238,3,2,-129
1767172830.442238,3,2,-136
1767172830.452238,4,0,-136
1767172830.462238,7,0,-135
1767172830.472238,9,-1,-136
1767172830.482238,9,0,-137
1767172830.492238,10,-1,-131
1767172830.502238,6,-2,-129
1767172830.5122385,4,1,-130
1767172830.5222385,2,3,-136
1767172830.5322382,2,1,-141
1767172830.5422382,1,-1,-136
1767172830.5522382,1,-8,-131
1767172830.5622382,0,-9,-132
1767172830.5722382,-3,-8,-135
1767172830.5822382,-1,-6,-134
1767172830.5922382,0,-7,-135
1767172830.6022382,-1,-6,-124
1767172830.6122382,-5,-5,-125
1767172830.6222382,-5,-5,-122
1767172830.632238,-4,-3,-120
1767172830.642238,-1,1,-120
1767172830.652238,-3,5,-129
1767172830.662238,-4,8,-130
1767172830.672238,-5,4,-130
1767172830.682238,0,2,-136
1767172830.692238,0,1,-137
1767172830.702238,2,-1,-136
1767172830.712238,6,0,-137
1767172830.722238,3,0,-144
1767172830.732238,0,0,-146
1767172830.742238,3,-1,-142
1767172830.752238,4,0,-141
1767172830.7622385,2,1,-147
1767172830.7722385,1,0,-144
1767172830.7822382,0,0,-137
1767172830.7922382,0,-1,-136
1767172830.8022382,1,-3,-140
1767172830.8122382,-1,-2,-138
1767172830.8222382,0,-5,-134
1767172830.8322382,-3,-1,-134
1767172830.8422382,0,0,-135
1767172830.8522382,5,-1,-131
1767172830.8622382,7,-2,-133
1767172830.8722382,5,0,-137
1767172830.882238,1,-2,-138
1767172830.892238,3,-5,-140
1767172830.902238,2,-6,-136
1767172830.912238,5,-6,-132
1767172830.922238,6,-8,-134
1767172830.932238,0,-3,-132
1767172830.942238,0,0,-134
1767172830.952238,-2,-5,-131
1767172830.962238,-4,-6,-131
1767172830.972238,-2,-2,-131
1767172830.982238,-1,0,-131
1767172830.992238,4,0,-134
1767172831.002238,0,0,-134
1767172831.0122385,-3,1,-137
1767172831.0222385,-7,5,-136
1767172831.0322382,-4,6,-137
1767172831.0422382,-2,5,-134
1767172831.0522382,-1,4,-130
1767172831.0622382,0,1,-135
1767172831.0722382,4,1,-141
1767172831.0822382,5,3,-140
1767172831.0922382,5,4,-138
1767172831.1022382,6,5,-143
1767172831.1122382,3,6,-147
1767172831.1222382,4,7,-145
1767172831.132238,4,7,-143
1767172831.142238,2,1,-139
1767172831.152238,3,0,-147
1767172831.162238,3,0,-142
1767172831.172238,3,0,-140
1767172831.182238,7,-3,-141
1767172831.192238,8,-3,-147
1767172831.202238,4,-6,-142
1767172831.212238,8,-8,-142
1767172831.222238,9,-7,-139
1767172831.232238,11,-5,-138
1767172831.242238,8,-2,-138
1767172831.252238,4,0,-138
1767172831.2622385,3,1,-139
1767172831.2722385,4,-3,-138
1767172831.2822382,6,-2,-134
1767172831.2922382,11,-5,-140
1767172831.3022382,14,-5,-136
1767172831.3122382,5,-5,-129
1767172831.3222382,1,-6,-132
1767172831.3322382,5,-7,-130
1767172831.3422382,4,-5,-136
1767172831.3522382,5,-3,-134
1767172831.3622382,0,-3,-133
1767172831.3722382,0,-7,-132
1767172831.382238,-1,-8,-138
1767172831.392238,-1,-10,-140
1767172831.402238,-1,-7,-137
1767172831.412238,-5,-3,-133
1767172831.422238,-9,1,-139
1767172831.432238,-8,-1,-145
1767172831.442238,-6,-3,-141
1767172831.452238,-9,-2,-139
1767172831.462238,-5,0,-137
1767172831.472238,-7,0,-139
1767172831.482238,-3,2,-139
1767172831.492238,-6,2,-143
1767172831.502238,-8,1,-150
1767172831.5122385,-6,2,-147
1767172831.5222385,-3,0,-148
1767172831.5322382,-4,0,-143
1767172831.5422382,-1,1,-136
1767172831.5522382,3,1,-138
1767172831.5622382,1,0,-134
1767172831.5722382,0,-4,-130
1767172831.5822382,-1,-3,-127
1767172831.5922382,-3,0,-128
1767172831.6022382,-8,-5,-125
1767172831.6122382,-10,-2,-128
1767172831.6222382,-8,-5,-128
1767172831.632238,-7,-4,-131
1767172831.642238,-4,-5,-132
1767172831.652238,0,-3,-128
1767172831.662238,-2,-2,-133
1767172831.672238,-2,-4,-132
1767172831.682238,-3,-4,-134
1767172831.692238,2,-1,-133
1767172831.702238,4,1,-130
1767172831.712238,3,-1,-137
1767172831.722238,0,-1,-135
1767172831.732238,1,1,-134
1767172831.742238,-1,-1,-135
1767172831.752238,-2,-4,-132
1767172831.7622385,-4,-4,-129
1767172831.7722385,0,0,-130
1767172831.7822382,2,-3,-132
1767172831.7922382,-2,-5,-131
1767172831.8022382,-7,0,-129
1767172831.8122382,-3,4,-126
1767172831.8222382,-2,4,-128
1767172831.8322382,0,0,-128
1767172831.8422382,-1,-4,-129
1767172831.8522382,-5,0,-132
1767172831.8622382,-6,0,-131
1767172831.8722382,-5,1,-134
1767172831.883238,-5,-1,-124
1767172831.893238,0,-5,-124
1767172831.903238,-1,-6,-125
1767172831.913238,-4,-4,-120
1767172831.923238,-1,0,-116
1767172831.9332385,0,-1,-121
1767172831.9432385,1,-1,-122
1767172831.9532382,-1,0,-123
1767172831.9632382,-2,0,-128
1767172831.9732382,-3,2,-126
1767172831.9832382,-4,3,-126
1767172831.9932382,2,-2,-129
1767172832.0032382,0,0,-129
1767172832.0132382,-3,0,-133
1767172832.0232382,-2,3,-138
1767172832.0332382,-1,-1,-135
1767172832.0432382,-2,0,-131
1767172832.0532382,3,-1,-127
1767172832.063238,6,-2,-120
1767172832.073238,6,-2,-123
1767172832.083238,5,-5,-124
1767172832.093238,6,-2,-128
1767172832.103238,3,-3,-133
1767172832.113238,0,-5,-139
1767172832.123238,1,-2,-142
1767172832.133238,0,-3,-139
1767172832.143238,3,-1,-140
1767172832.153238,3,-7,-146
1767172832.163238,5,-8,-145
1767172832.173238,0,-10,-135
1767172832.1832385,0,-5,-129
1767172832.1932385,4,-8,-130
1767172832.2032382,4,-7,-128
1767172832.2132382,3,-5,-132
1767172832.2232382,2,0,-141
1767172832.2332382,3,2,-141
1767172832.2432382,0,0,-143
1767172832.2532382,0,-2,-145
1767172832.2632382,0,-1,-153
1767172832.2732382,1,-1,-152
1767172832.2832382,-1,0,-146
1767172832.2932382,-6,1,-142
1767172832.3032382,-1,1,-135
1767172832.313238,-2,2,-141
1767172832.323238,4,2,-142
1767172832.333238,7,5,-144
1767172832.343238,5,1,-140
1767172832.353238,5,-2,-132
1767172832.363238,2,-1,-137
1767172832.373238,2,-1,-138
1767172832.383238,-1,-3,-135
1767172832.393238,-1,-4,-133
1767172832.403238,0,-3,-126
1767172832.413238,1,-4,-123
1767172832.423238,-4,-4,-132
1767172832.4332385,-2,-5,-138
1767172832.4432385,-4,-3,-140
1767172832.4532382,-1,-3,-140
1767172832.4632382,0,-4,-139
1767172832.4732382,2,-5,-134
1767172832.4832382,0,-1,-133
1767172832.4932382,0,1,-133
1767172832.5032382,-5,-2,-132
1767172832.5132382,-8,-8,-142
1767172832.5232382,-11,-6,-141
1767172832.5332382,-10,-6,-146
1767172832.5432382,-3,-8,-138
1767172832.5532382,0,-4,-134
1767172832.563238,3,-3,-134
1767172832.573238,0,-1,-135
1767172832.583238,0,2,-136
1767172832.593238,-3,5,-135
1767172832.603238,-5,7,-132
1767172832.613238,-1,3,-131
1767172832.623238,-3,0,-126
1767172832.633238,-4,0,-120
1767172832.643238,-7,-2,-126
1767172832.653238,-4,-1,-119
1767172832.663238,-4,0,-118
1767172832.673238,-2,2,-125
1767172832.6832385,2,1,-129
1767172832.6932385,-2,-2,-132
1767172832.7032382,-2,-2,-130
1767172832.7132382,4,-4,-124
1767172832.7232382,0,-10,-126
1767172832.7332382,2,-9,-120
1767172832.7432382,2,-7,-124
1767172832.7532382,2,-3,-123
1767172832.7632382,0,0,-123
1767172832.7732382,0,2,-121
1767172832.7832382,2,2,-117
1767172832.7932382,4,2,-117
1767172832.8032382,2,-1,-121
1767172832.813238,4,-2,-126
1767172832.823238,1,0,-125
1767172832.833238,-2,2,-123
1767172832.843238,-1,4,-122
1767172832.853238,-2,2,-127
1767172832.863238,-3,0,-120
1767172832.873238,0,1,-126
1767172832.883238,-3,3,-127
1767172832.893238,-6,0,-130
1767172832.903238,-5,-2,-133
1767172832.913238,-5,-1,-130
1767172832.923238,-2,-3,-131
1767172832.9332385,-1,-4,-125
1767172832.9432385,-2,-7,-127
1767172832.9532382,-4,-4,-131
1767172832.9632382,-1,-4,-136
1767172832.9732382,-1,-5,-138
1767172832.9832382,-1,-4,-140
1767172832.9932382,0,-5,-143
1767172833.0032382,-3,-5,-145
1767172833.0132382,-4,-3,-139
1767172833.0232382,0,-2,-130
1767172833.0332382,2,0,-135
1767172833.0432382,9,-3,-134
1767172833.0532382,3,-4,-131
1767172833.063238,-2,-3,-131
1767172833.073238,-4,-5,-138
1767172833.083238,-5,-1,-130
1767172833.093238,-4,5,-132
1767172833.103238,1,3,-134
1767172833.113238,4,0,-136
1767172833.123238,6,-2,-139
1767172833.133238,6,-4,-138
1767172833.143238,0,-5,-140
1767172833.153238,1,-4,-137
1767172833.163238,3,-5,-136
1767172833.173238,1,-2,-130
1767172833.1832385,1,-2,-128
1767172833.1932385,0,0,-126
1767172833.2032382,1,0,-124
1767172833.2132382,-1,-2,-126
1767172833.2232382,0,0,-127
1767172833.2332382,-4,0,-124
1767172833.2432382,-5,2,-127
1767172833.2532382,-5,0,-124
1767172833.2632382,-1,0,-125
1767172833.2732382,1,-4,-134
1767172833.2832382,6,-4,-133
1767172833.2932382,1,-2,-133
1767172833.3032382,-2,-5,-132
1767172833.313238,-2,-5,-135
1767172833.323238,-2,-3,-137
1767172833.333238,-3,-2,-134
1767172833.343238,-3,-5,-136
1767172833.353238,0,-4,-138
1767172833.363238,2,-5,-142
1767172833.373238,3,-4,-142
1767172833.383238,5,-6,-139
1767172833.393238,8,-5,-134
1767172833.403238,8,-5,-134
1767172833.413238,11,-6,-139
1767172833.423238,12,-3,-137
1767172833.4332385,11,-2,-137
1767172833.4432385,10,-2,-143
1767172833.4532382,9,-3,-141
1767172833.4632382,4,-7,-141
1767172833.4732382,8,-4,-143
1767172833.4832382,2,-4,-145
1767172833.4932382,-1,-1,-141
1767172833.5032382,0,-3,-141
1767172833.5132382,-1,-3,-137
1767172833.5232382,-3,-1,-134
1767172833.5332382,-2,1,-135
1767172833.5432382,-1,2,-131
1767172833.5532382,-6,6,-134
1767172833.563238,-3,4,-128
1767172833.573238,0,0,-130
1767172833.583238,4,-3,-129
1767172833.593238,7,-1,-130
1767172833.603238,6,-1,-126
1767172833.613238,3,-1,-125
1767172833.623238,5,0,-118
1767172833.633238,3,-3,-120
1767172833.643238,2,-6,-124
1767172833.653238,1,-4,-125
1767172833.663238,6,-5,-133
1767172833.673238,6,-3,-130
1767172833.6832385,6,1,-132
1767172833.6932385,7,3,-136
1767172833.7032382,7,2,-141
1767172833.7132382,3,0,-137
1767172833.7232382,2,-5,-133
1767172833.7332382,-5,-9,-127
1767172833.7432382,0,-6,-132
1767172833.7532382,0,-6,-136
1767172833.7632382,0,-1,-135
1767172833.7732382,7,0,-135
1767172833.7832382,5,1,-134
1767172833.7932382,0,1,-133
1767172833.8032382,-1,0,-135
1767172833.813238,-7,0,-132
1767172833.823238,-6,-3,-142
1767172833.833238,-2,-8,-145
1767172833.843238,0,-8,-140
1767172833.853238,7,-5,-135
1767172833.863238,5,-4,-140
1767172833.873238,5,-4,-145
1767172833.883238,0,-2,-141
1767172833.893238,2,-6,-131
1767172833.903238,3,-5,-126
1767172833.913238,3,-6,-133
1767172833.923238,3,-6,-138
1767172833.9332385,0,-4,-140
1767172833.9432385,0,-3,-139
1767172833.9532382,2,-3,-134
1767172833.9632382,0,-5,-132
1767172833.9732382,-1,-3,-126
1767172833.9832382,0,-2,-122
1767172833.9932382,1,2,-126
1767172834.0032382,0,2,-126
1767172834.0132382,1,3,-126
1767172834.0232382,0,3,-122
1767172834.0332382,1,0,-123
1767172834.0432382,2,2,-122
1767172834.0532382,1,0,-123
1767172834.063238,1,-1,-123
1767172834.073238,-3,-1,-128
1767172834.083238,-1,-1,-129
1767172834.093238,-2,-3,-125
1767172834.103238,-4,-3,-128
1767172834.113238,-2,-1,-128
1767172834.123238,-1,1,-131
1767172834.133238,-6,1,-134
1767172834.143238,0,3,-135
1767172834.153238,0,2,-140
1767172834.163238,-3,0,-139
1767172834.173238,-4,-1,-138
1767172834.1832385,0,-4,-141
1767172834.1932385,0,0,-137
1767172834.2032382,-2,0,-138
1767172834.2132382,0,-2,-134
1767172834.2232382,-1,-3,-134
1767172834.2332382,0,-7,-127
1767172834.2432382,0,-6,-127
1767172834.2532382,0,-4,-123
1767172834.2632382,-4,-4,-120
1767172834.2732382,-6,-2,-129
1767172834.2832382,-7,-5,-135
1767172834.2932382,-10,-3,-139
1767172834.3032382,-11,-3,-138
1767172834.313238,-9,-3,-132
1767172834.323238,-7,-4,-129
1767172834.333238,-4,-2,-128
1767172834.343238,1,-2,-132
1767172834.353238,3,-6,-124
1767172834.3752382,3,-7,-132
1767172834.383238,0,-2,-133
1767172834.393238,0,-1,-140
1767172834.403238,0,-4,-143
1767172834.413238,1,-7,-138
1767172834.423238,1,-5,-133
1767172834.4332385,2,-5,-129
1767172834.4432385,4,-2,-123
1767172834.4532382,3,-4,-124
1767172834.4642382,0,0,-128
1767172834.4732382,0,-2,-136
1767172834.484238,-1,-2,-138
1767172834.494238,0,-1,-144
1767172834.504238,-6,-5,-144
1767172834.514238,-4,-2,-140
1767172834.524238,-5,-2,-137
1767172834.534238,-1,0,-138
1767172834.544238,3,1,-140
1767172834.5532382,0,-1,-144
1767172834.564238,-1,0,-144
1767172834.574238,0,4,-140
1767172834.584238,3,6,-142
1767172834.594238,3,4,-142
1767172834.6042385,2,3,-142
1767172834.6142385,-2,3,-139
1767172834.6242385,-2,3,-136
1767172834.6342382,-3,0,-136
1767172834.6442382,-1,0,-135
1767172834.6542382,-3,-3,-135
1767172834.6642382,0,-2,-127
1767172834.6742382,6,0,-126
1767172834.6842382,4,0,-129
1767172834.6942382,5,0,-135
1767172834.7042382,3,-1,-133
1767172834.7142382,4,-2,-123
1767172834.7242382,2,1,-118
1767172834.734238,1,0,-124
1767172834.744238,3,-1,-129
1767172834.754238,4,0,-127
1767172834.764238,1,1,-121
1767172834.774238,-2,-1,-123
1767172834.784238,1,0,-124
1767172834.794238,0,0,-122
1767172834.804238,-2,-3,-114
1767172834.814238,0,-5,-127
1767172834.824238,1,-7,-128
1767172834.834238,0,-5,-128
1767172834.844238,0,-2,-122
1767172834.8542385,0,-2,-132
1767172834.8642385,-1,-1,-137
1767172834.8742385,-4,-3,-137
1767172834.8842382,-2,-3,-140
1767172834.8942382,-3,0,-138
1767172834.9042382,-5,0,-133
1767172834.9142382,-3,0,-130
1767172834.9242382,-1,-3,-131
1767172834.9342382,-3,-4,-136
1767172834.9442382,-3,-11,-139
1767172834.9542382,-2,-10,-130
1767172834.9642382,0,-9,-130
1767172834.9742382,-1,-8,-134
1767172834.984238,-1,-4,-131
1767172834.994238,0,-4,-135
1767172835.004238,-3,-2,-135
1767172835.014238,-3,-3,-132
1767172835.024238,0,-3,-130
1767172835.034238,4,-1,-134
1767172835.044238,0,-1,-135
1767172835.054238,-1,-1,-136
1767172835.064238,-2,0,-141
1767172835.074238,-2,-1,-136
1767172835.084238,-6,0,-133
1767172835.094238,-6,0,-133
1767172835.1042385,-2,-3,-136
1767172835.1142385,-4,-1,-138
1767172835.1242385,-3,1,-139
1767172835.1342382,-2,2,-141
1767172835.1442382,-4,2,-138
1767172835.1542382,-2,0,-130
1767172835.1642382,-5,-4,-122
1767172835.1742382,-8,-2,-121
1767172835.1842382,-7,-5,-115
1767172835.1942382,-6,-4,-114
1767172835.2042382,-5,-6,-115
1767172835.2142382,-5,-4,-122
1767172835.2242382,-4,0,-125
1767172835.234238,0,-1,-127
1767172835.244238,-2,-7,-130
1767172835.254238,3,-7,-131
1767172835.264238,3,-7,-125
1767172835.274238,7,-2,-127
1767172835.284238,11,-2,-129
1767172835.294238,10,-6,-128
1767172835.304238,8,-9,-132
1767172835.314238,9,-10,-136
1767172835.324238,1,-9,-136
1767172835.334238,4,-13,-135
1767172835.344238,3,-7,-130
1767172835.3542385,2,-5,-127
1767172835.3642385,3,-6,-132
1767172835.3742385,0,-8,-133
1767172835.3842382,0,-8,-134
1767172835.3942382,-3,-4,-133
1767172835.4042382,-1,-5,-138
1767172835.4142382,-1,-5,-138
1767172835.4242382,0,-2,-145
1767172835.4342382,3,1,-145
1767172835.4442382,2,2,-142
1767172835.4542382,0,4,-139
1767172835.4642382,-2,4,-139
1767172835.4742382,1,2,-134
1767172835.484238,0,6,-133
1767172835.494238,2,1,-138
1767172835.504238,5,0,-137
1767172835.514238,6,2,-130
1767172835.524238,7,-1,-133
1767172835.534238,8,0,-140
1767172835.544238,1,1,-139
1767172835.554238,3,-3,-137
1767172835.564238,4,-3,-136
1767172835.574238,2,-7,-133
1767172835.584238,7,-3,-134
1767172835.594238,0,-5,-136
1767172835.6042385,2,-6,-138
1767172835.6142385,-2,-2,-132
1767172835.6242385,-5,-3,-134
1767172835.6342382,-5,-3,-130
1767172835.6442382,-9,-3,-128
1767172835.6542382,-8,0,-130
1767172835.6642382,-4,4,-131
1767172835.6742382,0,5,-133
1767172835.6842382,2,7,-128
1767172835.6942382,0,5,-130
1767172835.7042382,-1,8,-125
1767172835.7142382,2,2,-120
1767172835.7242382,0,3,-123
1767172835.734238,0,0,-120
1767172835.744238,2,1,-126
1767172835.754238,0,0,-124
1767172835.764238,2,1,-125
1767172835.774238,5,5,-126
1767172835.784238,8,7,-127
1767172835.794238,10,5,-136
1767172835.804238,11,3,-137
1767172835.814238,11,8,-133
1767172835.824238,8,9,-127
1767172835.834238,4,9,-125
1767172835.844238,0,8,-124
1767172835.8542385,3,4,-131
1767172835.8642385,3,5,-135
1767172835.8742385,1,5,-145
1767172835.8842382,1,8,-139
1767172835.8942382,0,9,-140
1767172835.9042382,-4,8,-143
1767172835.9142382,-4,9,-141
1767172835.9242382,-2,8,-140
1767172835.9342382,-3,5,-137
1767172835.9442382,-6,4,-131
1767172835.9542382,-6,5,-125
1767172835.9642382,-5,3,-125
1767172835.9742382,-5,2,-123
1767172835.984238,-6,1,-114
1767172835.994238,-6,-5,-116
1767172836.004238,-1,-4,-117
1767172836.014238,0,-3,-126
1767172836.024238,0,1,-129
1767172836.034238,-1,-1,-132
1767172836.044238,-1,1,-129
1767172836.054238,-1,-1,-128
1767172836.064238,1,-2,-130
1767172836.074238,1,-3,-129
1767172836.084238,2,-6,-131
1767172836.094238,2,-5,-135
1767172836.1042385,0,-6,-137
1767172836.1142385,4,-5,-138
1767172836.1242385,1,-5,-131
1767172836.1342382,-3,-8,-136
1767172836.1442382,0,-10,-140
1767172836.1542382,5,-1,-135
1767172836.1642382,2,5,-130
1767172836.1742382,7,6,-127
1767172836.1842382,5,5,-124
1767172836.1942382,6,5,-124
1767172836.2042382,2,4,-125
1767172836.2142382,5,0,-126
1767172836.2242382,8,0,-127
1767172836.234238,6,2,-131
1767172836.244238,5,0,-136
1767172836.254238,6,0,-137
1767172836.264238,2,-3,-134
1767172836.274238,-2,-1,-133
1767172836.284238,-6,0,-134
1767172836.294238,-3,-1,-136
1767172836.304238,-4,-5,-145
1767172836.314238,-4,-4,-141
1767172836.324238,-3,-9,-134
1767172836.334238,2,-5,-134
1767172836.344238,4,1,-133
1767172836.3542385,0,3,-130
1767172836.3642385,-1,-1,-129
1767172836.3742385,1,-1,-129
1767172836.3842382,-1,0,-132
1767172836.3942382,-3,0,-132
1767172836.4042382,-3,0,-130
1767172836.4142382,-2,0,-123
1767172836.4242382,0,-1,-130
1767172836.4342382,0,-1,-132
1767172836.4442382,-6,-3,-137
1767172836.4542382,-3,-7,-134
1767172836.4642382,0,-2,-136
1767172836.4742382,0,-1,-137
1767172836.484238,1,-3,-139
1767172836.494238,0,-3,-140
1767172836.504238,-4,-3,-140
1767172836.514238,-3,0,-142
1767172836.524238,0,-1,-134
1767172836.534238,-3,-3,-132
1767172836.544238,-5,-3,-126
1767172836.554238,-10,-6,-119
1767172836.564238,-8,-1,-122
1767172836.574238,-6,-3,-121
1767172836.584238,-2,0,-127
1767172836.594238,-1,-3,-124
1767172836.6042385,-2,-2,-122
1767172836.6142385,-3,0,-126
1767172836.6242385,-1,1,-127
1767172836.6342382,-1,2,-133
1767172836.6442382,0,1,-130
1767172836.6542382,0,3,-125
1767172836.6642382,0,0,-128
1767172836.6742382,3,-2,-129
1767172836.6842382,3,1,-128
1767172836.6942382,3,1,-130
1767172836.7042382,0,-2,-132
1767172836.7142382,4,-3,-135
1767172836.7242382,2,-5,-147
1767172836.734238,3,-2,-151
1767172836.744238,5,1,-148
1767172836.754238,1,0,-150
1767172836.764238,-1,0,-158
1767172836.774238,0,0,-150
1767172836.784238,0,-1,-145
1767172836.794238,-3,-3,-139
1767172836.804238,-3,-1,-140
1767172836.814238,-6,1,-137
1767172836.824238,-1,0,-130
1767172836.834238,-3,1,-135
1767172836.844238,2,2,-134
1767172836.8542385,5,1,-130
1767172836.8642385,1,0,-128
1767172836.8742385,1,2,-127
1767172836.8842382,1,1,-141
1767172836.8942382,-2,1,-138
1767172836.9042382,-2,1,-136
1767172836.9142382,0,0,-139
1767172836.9242382,2,1,-137
1767172836.9342382,1,-1,-133
1767172836.9442382,1,0,-131
1767172836.9542382,0,1,-130
1767172836.9642382,0,1,-133
1767172836.9742382,1,1,-129
1767172836.984238,0,2,-135
1767172836.994238,0,1,-136
1767172837.004238,0,0,-140
1767172837.015238,0,-1,-135
1767172837.024238,-1,-1,-137
1767172837.034238,-5,1,-140
1767172837.044238,-2,-1,-145
1767172837.0552382,-6,-3,-138
1767172837.0652382,-8,-1,-135
1767172837.074238,-3,1,-138
1767172837.0852382,0,0,-134
1767172837.0952382,2,2,-129
1767172837.1052382,0,1,-121
1767172837.1152382,0,2,-122
1767172837.1252382,0,6,-128
1767172837.1352382,0,4,-131
1767172837.1452382,2,3,-125
1767172837.1552382,0,5,-131
1767172837.165238,1,-1,-129
1767172837.175238,2,0,-130
1767172837.185238,4,1,-131
1767172837.195238,3,-2,-129
1767172837.205238,2,-2,-127
1767172837.215238,3,0,-130
1767172837.225238,3,-1,-136
1767172837.235238,3,-1,-130
1767172837.245238,5,0,-133
1767172837.255238,4,0,-135
1767172837.265238,6,7,-139
1767172837.275238,4,8,-136
1767172837.2852385,0,8,-140
1767172837.2952385,2,14,-143
1767172837.3052382,0,12,-143
1767172837.3152382,0,9,-142
1767172837.3252382,0,8,-141
1767172837.3352382,-2,3,-142
1767172837.3452382,-7,0,-139
1767172837.3552382,-9,-2,-140
1767172837.3652382,-5,-2,-138
1767172837.3752382,-8,-1,-137
1767172837.3852382,-6,-2,-136
1767172837.3952382,-3,-1,-135
1767172837.4052382,-1,0,-135
1767172837.415238,-6,0,-136
1767172837.425238,-7,-2,-137
1767172837.435238,-8,0,-136
1767172837.445238,-4,1,-134
1767172837.455238,1,-2,-128
1767172837.465238,0,-3,-126
1767172837.475238,0,-3,-131
1767172837.485238,0,-4,-134
1767172837.495238,0,-4,-133
1767172837.505238,0,-2,-129
1767172837.515238,-1,-6,-133
1767172837.525238,0,-4,-133
1767172837.5352385,1,-6,-136
1767172837.5452385,5,-1,-134
1767172837.5552382,6,-1,-132
1767172837.5652382,2,-1,-133
1767172837.5752382,3,0,-123
1767172837.5852382,3,-1,-122
1767172837.5952382,-1,-2,-127
1767172837.6052382,0,-2,-129
1767172837.6152382,1,-3,-138
1767172837.6252382,3,-6,-133
1767172837.6352382,0,-8,-130
1767172837.6452382,-1,-4,-127
1767172837.6552382,-1,1,-132
1767172837.665238,0,5,-135
1767172837.675238,5,2,-136
1767172837.685238,9,2,-137
1767172837.695238,8,5,-138
1767172837.705238,4,2,-133
1767172837.715238,4,0,-134
1767172837.725238,3,3,-134
1767172837.735238,4,0,-129
1767172837.745238,5,1,-131
1767172837.755238,4,0,-127
1767172837.765238,1,-1,-126
1767172837.775238,2,-3,-130
1767172837.7852385,0,-4,-137
1767172837.7952385,0,0,-139
1767172837.8052382,1,3,-142
1767172837.8152382,3,2,-142
1767172837.8252382,1,0,-141
1767172837.8352382,0,0,-141
1767172837.8452382,-1,-2,-138
1767172837.8552382,-3,-3,-137
1767172837.8652382,0,-2,-134
1767172837.8752382,2,-3,-139
1767172837.8852382,8,-1,-141
1767172837.8952382,6,0,-143
1767172837.9052382,8,1,-144
1767172837.915238,6,0,-142
1767172837.925238,0,1,-147
1767172837.935238,0,-3,-137
1767172837.945238,-2,-5,-133
1767172837.955238,-2,-4,-127
1767172837.965238,0,0,-128
1767172837.975238,0,0,-129
1767172837.985238,1,-3,-133
1767172837.995238,3,-1,-133
1767172838.005238,3,-1,-139
1767172838.015238,0,-3,-133
1767172838.025238,0,-3,-125
1767172838.0352385,1,-1,-120
1767172838.0452385,-1,0,-122
1767172838.0552382,0,-1,-122
1767172838.0652382,3,-3,-124
1767172838.0752382,3,-1,-120
1767172838.0852382,1,0,-129
1767172838.0952382,-2,1,-134
1767172838.1052382,0,-4,-134
1767172838.1152382,1,-4,-128
1767172838.1252382,5,-2,-125
1767172838.1352382,5,-3,-124
1767172838.1452382,5,-2,-126
1767172838.1552382,4,0,-126
1767172838.165238,6,1,-127
1767172838.175238,3,5,-136
1767172838.185238,1,4,-140
1767172838.195238,-2,5,-145
1767172838.205238,-4,4,-145
1767172838.215238,0,5,-137
1767172838.225238,0,2,-135
1767172838.235238,0,-1,-133
1767172838.245238,-3,0,-131
1767172838.255238,0,0,-127
1767172838.265238,1,1,-127
1767172838.275238,0,4,-133
1767172838.2852385,-1,0,-131
1767172838.2952385,0,0,-129
1767172838.3052382,-2,0,-132
1767172838.3152382,-1,-7,-138
1767172838.3252382,2,-3,-139
1767172838.3352382,-1,-3,-138
1767172838.3452382,1,0,-140
1767172838.3552382,2,1,-140
1767172838.3652382,1,3,-145
1767172838.3752382,0,5,-145
1767172838.3852382,0,5,-143
1767172838.3952382,-2,2,-142
1767172838.4052382,5,3,-139
1767172838.415238,5,4,-132
1767172838.425238,4,7,-129
1767172838.435238,3,9,-131
1767172838.445238,2,7,-126
1767172838.455238,4,8,-128
1767172838.465238,3,2,-132
1767172838.4762385,1,-1,-135
1767172838.485238,2,0,-132
1767172838.495238,1,0,-131
1767172838.505238,-3,2,-134
1767172838.515238,-1,6,-134
1767172838.525238,-3,8,-132
1767172838.5352385,-7,7,-129
1767172838.5452385,-9,3,-131
1767172838.5552382,-3,0,-132
1767172838.5652382,0,-1,-128
1767172838.5752382,2,0,-128
1767172838.5852382,2,0,-131
1767172838.5952382,0,0,-131
1767172838.6052382,-2,0,-130
1767172838.6152382,-4,0,-130
1767172838.6252382,-1,0,-128
1767172838.6352382,-1,-1,-128
1767172838.6452382,0,0,-127
1767172838.6552382,-1,0,-126
1767172838.665238,-2,-1,-135
1767172838.675238,0,2,-132
1767172838.685238,2,3,-134
1767172838.695238,1,0,-134
1767172838.705238,0,-3,-136
1767172838.715238,-2,-3,-138
1767172838.725238,-2,-3,-137
1767172838.735238,-6,-1,-137
1767172838.745238,-7,-6,-140
1767172838.755238,-8,-5,-134
1767172838.765238,-4,-5,-137
1767172838.775238,-5,-5,-136
1767172838.7852385,-6,-3,-137
1767172838.7952385,-4,-1,-134
1767172838.8052382,-4,-1,-136
1767172838.8152382,-4,-5,-139
1767172838.8252382,1,-6,-138
1767172838.8352382,3,-7,-133
1767172838.8452382,1,-6,-139
1767172838.8552382,-1,-2,-140
1767172838.8652382,0,-1,-139
1767172838.8752382,1,-2,-139
1767172838.8852382,1,-3,-141
1767172838.8952382,1,0,-142
1767172838.9052382,1,-1,-134
1767172838.915238,0,-1,-135
1767172838.925238,0,1,-132
1767172838.935238,-4,5,-127
1767172838.945238,-4,12,-127
1767172838.955238,-10,9,-130
1767172838.965238,-7,7,-128
1767172838.975238,-5,5,-123
1767172838.985238,-8,1,-132
1767172838.995238,-7,-2,-133
1767172839.005238,-4,-2,-132
1767172839.015238,-5,1,-126
1767172839.025238,-6,-1,-123
1767172839.0352385,0,-5,-131
1767172839.0452385,-2,-6,-121
1767172839.0552382,-1,-1,-126
1767172839.0652382,0,-3,-131
1767172839.0752382,5,-4,-129
1767172839.0852382,6,-3,-126
1767172839.0952382,1,-2,-126
1767172839.1052382,1,-4,-128
1767172839.1152382,0,-5,-130
1767172839.1252382,0,-3,-124
1767172839.1352382,-1,-1,-126
1767172839.1452382,-4,-3,-130
1767172839.1552382,-1,-3,-140
1767172839.165238,-4,-1,-138
1767172839.175238,-5,0,-136
1767172839.185238,-7,0,-135
1767172839.195238,-8,1,-137
1767172839.205238,-6,4,-137
1767172839.215238,0,2,-133
1767172839.225238,1,3,-130
1767172839.235238,3,4,-129
1767172839.245238,3,-2,-134
1767172839.255238,0,0,-135
1767172839.265238,0,2,-131
1767172839.275238,-4,1,-128
1767172839.2852385,-6,1,-131
1767172839.2952385,-11,0,-134
1767172839.3052382,-8,0,-135
1767172839.3152382,-5,0,-130
1767172839.3252382,-5,4,-134
1767172839.3352382,-5,3,-138
1767172839.3452382,-3,5,-139
1767172839.3552382,-6,3,-139
1767172839.3652382,-6,3,-136
1767172839.386238,-1,0,-137
1767172839.3952382,1,1,-136
1767172839.4052382,2,4,-133
1767172839.415238,0,6,-131
1767172839.425238,-2,7,-132
1767172839.435238,-3,3,-128
1767172839.445238,-1,2,-120
1767172839.455238,0,0,-123
1767172839.465238,1,0,-129
1767172839.475238,0,0,-135
1767172839.485238,1,0,-133
1767172839.495238,0,1,-129
1767172839.505238,0,5,-127
1767172839.515238,0,5,-127
1767172839.525238,-3,6,-125
1767172839.5352385,0,0,-123
1767172839.5452385,5,1,-127
1767172839.5552382,5,0,-131
1767172839.5652382,9,0,-128
1767172839.5752382,11,-1,-127
1767172839.5852382,11,-8,-127
1767172839.5952382,4,-7,-120
1767172839.606238,4,-9,-123
1767172839.616238,6,-11,-129
1767172839.6252382,2,-6,-133
1767172839.6352382,-2,-4,-134
1767172839.6452382,3,-3,-136
1767172839.656238,3,1,-139
1767172839.665238,1,0,-138
1767172839.675238,0,-1,-136
1767172839.686238,0,0,-136
1767172839.696238,-1,0,-132
1767172839.7062385,-2,0,-131
1767172839.7162385,0,3,-131
1767172839.7262385,0,6,-126
1767172839.7362382,1,1,-135
1767172839.7462382,1,-1,-131
1767172839.7562382,2,-1,-138
1767172839.7662382,7,0,-132
1767172839.7762382,3,6,-131
1767172839.7862382,2,7,-133
1767172839.7962382,2,3,-131
1767172839.8062382,0,0,-130
1767172839.8162382,0,-4,-123
1767172839.8262382,-2,-1,-131
1767172839.836238,-7,0,-140
1767172839.846238,-9,-5,-140
1767172839.856238,-3,-4,-140
1767172839.866238,-1,-3,-141
1767172839.876238,-6,-4,-135
1767172839.886238,-3,-5,-135
1767172839.896238,-6,-3,-136
1767172839.906238,-6,-6,-133
1767172839.916238,-7,-4,-131
1767172839.926238,-4,-3,-126
1767172839.936238,-2,-3,-123
1767172839.946238,-1,-3,-123
1767172839.9562385,-2,0,-124
1767172839.9662385,-2,1,-123
1767172839.9762385,-2,0,-125
1767172839.9862382,0,-1,-132
1767172839.9962382,0,-2,-128
1767172840.0062382,0,-1,-131
1767172840.0162382,2,1,-132
1767172840.0262382,5,4,-133
1767172840.0362382,4,5,-129
1767172840.0462382,3,4,-124
1767172840.0562382,3,0,-132
1767172840.0662382,0,-1,-135
1767172840.0762382,1,0,-134
1767172840.086238,2,0,-138
1767172840.096238,1,-2,-146
1767172840.106238,-1,-3,-141
1767172840.116238,-1,-3,-136
1767172840.126238,-2,-5,-133
1767172840.136238,2,-6,-132
1767172840.146238,2,-4,-132
1767172840.156238,-2,-1,-136
1767172840.166238,-3,0,-137
1767172840.176238,3,0,-133
1767172840.186238,2,-3,-134
1767172840.196238,3,-5,-138
1767172840.2062385,0,-2,-132
1767172840.2162385,-2,0,-130
1767172840.2262385,1,0,-125
1767172840.2362382,4,-7,-123
1767172840.2462382,3,-3,-131
1767172840.2562382,2,-2,-132
1767172840.2662382,4,-5,-130
1767172840.2762382,1,-3,-130
1767172840.2862382,-2,-2,-122
1767172840.2962382,1,-2,-125
1767172840.3062382,1,0,-119
1767172840.3162382,3,0,-122
1767172840.3262382,7,0,-122
1767172840.336238,4,1,-126
1767172840.346238,8,0,-133
1767172840.356238,2,-4,-132
1767172840.366238,0,-3,-128
1767172840.376238,-2,0,-131
1767172840.386238,-2,1,-126
1767172840.396238,-2,7,-119
1767172840.406238,-5,2,-129
1767172840.416238,-6,0,-128
1767172840.426238,-6,-3,-128
1767172840.436238,-2,-1,-132
1767172840.446238,1,-3,-130
1767172840.4562385,0,-2,-130
1767172840.4662385,-1,-3,-131
1767172840.4762385,-2,-5,-125
1767172840.4862382,1,-5,-125
1767172840.4962382,6,-4,-130
1767172840.5062382,4,-4,-128
1767172840.5162382,9,0,-133
1767172840.5262382,9,3,-137
1767172840.5362382,6,0,-142
1767172840.5462382,5,1,-146
1767172840.5562382,5,1,-143
1767172840.5662382,5,3,-143
1767172840.5762382,0,0,-138
1767172840.586238,0,4,-132
1767172840.596238,4,4,-133
1767172840.606238,3,0,-131
1767172840.616238,7,0,-134
1767172840.626238,8,0,-131
1767172840.636238,6,-3,-132
1767172840.646238,6,-2,-134
1767172840.656238,8,-1,-128
1767172840.666238,6,-3,-125
1767172840.676238,2,-8,-117
1767172840.686238,0,-10,-114
1767172840.696238,-3,-8,-116
1767172840.7062385,-3,-4,-119
1767172840.7162385,-2,-6,-126
1767172840.7262385,1,-12,-131
1767172840.7362382,5,-9,-136
1767172840.7462382,0,-4,-133
1767172840.7562382,0,-6,-134
1767172840.7662382,0,-6,-131
1767172840.7762382,0,-4,-131
1767172840.7862382,-3,-1,-129
1767172840.7962382,1,-2,-127
1767172840.8062382,1,0,-127
1767172840.8162382,0,0,-128
1767172840.8262382,3,-3,-128
1767172840.836238,1,-3,-130
1767172840.846238,5,0,-133
1767172840.856238,3,1,-127
1767172840.866238,4,2,-131
1767172840.876238,1,4,-130
1767172840.886238,4,5,-135
1767172840.896238,5,6,-139
1767172840.906238,4,6,-142
1767172840.916238,-1,0,-143
1767172840.926238,2,1,-143
1767172840.936238,1,3,-149
1767172840.946238,6,1,-146
1767172840.9562385,0,3,-144
1767172840.9662385,-3,3,-145
1767172840.9762385,-2,-1,-139
1767172840.9862382,-2,2,-137
1767172840.9962382,-1,2,-130
1767172841.0062382,0,3,-132
1767172841.0162382,0,5,-130
1767172841.0262382,3,4,-132
1767172841.0362382,5,3,-133
1767172841.0462382,4,0,-133
1767172841.0562382,4,-4,-134
1767172841.0662382,2,-7,-143
1767172841.0762382,0,-5,-137
1767172841.086238,1,-3,-134
1767172841.096238,4,-4,-131
1767172841.106238,6,-6,-128
1767172841.116238,3,-6,-128
1767172841.126238,3,-1,-130
1767172841.136238,4,-3,-137
1767172841.146238,1,-3,-145
1767172841.156238,2,0,-142
1767172841.166238,1,-5,-132
1767172841.176238,-1,-7,-130
1767172841.186238,-3,-9,-134
1767172841.196238,-6,-8,-132
1767172841.2062385,-5,-5,-135
1767172841.2162385,-6,-4,-136
1767172841.2262385,-7,-4,-136
1767172841.2362382,-3,-6,-137
1767172841.2462382,0,-6,-140
1767172841.2562382,2,-7,-142
1767172841.2662382,3,-6,-144
1767172841.2762382,3,-5,-133
1767172841.2862382,3,-5,-131
1767172841.2962382,3,-1,-138
1767172841.3062382,-1,-3,-135
1767172841.3162382,-4,-5,-132
1767172841.3262382,-5,-7,-123
1767172841.336238,0,-6,-118
1767172841.346238,-1,-5,-123
1767172841.356238,-4,-3,-122
1767172841.366238,-5,-4,-124
1767172841.376238,-5,-4,-127
1767172841.386238,-6,-1,-123
1767172841.396238,-3,-1,-123
1767172841.406238,-2,0,-123
1767172841.416238,-6,-1,-122
1767172841.426238,-3,0,-120
1767172841.436238,-1,0,-119
1767172841.446238,3,-2,-117
1767172841.4562385,6,-1,-115
1767172841.4662385,2,2,-119
1767172841.4762385,2,2,-121
1767172841.4862382,-3,1,-122
1767172841.4962382,-5,0,-130
1767172841.5062382,-1,-2,-130
1767172841.5162382,0,-1,-140
1767172841.5262382,0,0,-137
1767172841.5362382,-3,-2,-136
1767172841.5462382,-6,-1,-131
1767172841.5562382,-6,-3,-132
1767172841.5662382,-2,-2,-135
1767172841.5762382,-4,-1,-133
1767172841.586238,-1,0,-131
1767172841.596238,0,-1,-129
1767172841.606238,-2,1,-132
1767172841.616238,4,1,-132
1767172841.626238,4,4,-131
1767172841.636238,8,4,-133
1767172841.646238,7,2,-131
1767172841.656238,2,2,-132
1767172841.666238,-2,6,-135
1767172841.676238,1,5,-134
1767172841.686238,6,3,-134
1767172841.696238,7,3,-129
1767172841.7062385,2,3,-133
1767172841.7162385,1,1,-137
1767172841.7262385,-1,3,-129
1767172841.7362382,-3,5,-130
1767172841.7462382,-11,3,-131
1767172841.7562382,-11,4,-132
1767172841.7662382,-4,5,-133
1767172841.7762382,-3,0,-133
1767172841.7862382,-5,2,-141
1767172841.7962382,-3,0,-129
1767172841.8062382,-2,2,-129
1767172841.8162382,-4,1,-130
1767172841.8262382,-1,0,-132
1767172841.836238,1,0,-138
1767172841.846238,2,0,-140
1767172841.856238,-1,-1,-138
1767172841.866238,-2,-5,-129
1767172841.876238,-2,-1,-125
1767172841.886238,-3,-3,-123
1767172841.896238,-11,0,-126
1767172841.906238,-9,0,-132
1767172841.916238,-6,-3,-139
1767172841.926238,-1,-6,-138
1767172841.936238,6,0,-140
1767172841.946238,5,0,-142
1767172841.9562385,3,-3,-143
1767172841.9662385,1,0,-138
1767172841.9762385,2,-1,-141
1767172841.9862382,5,3,-139
1767172841.9962382,10,2,-129
1767172842.0062382,7,1,-120
1767172842.0162382,5,0,-121
1767172842.0262382,4,3,-123
1767172842.0362382,1,1,-125
1767172842.0462382,-1,-4,-130
1767172842.0562382,0,-3,-134
1767172842.0662382,3,1,-135
1767172842.0762382,2,0,-132
1767172842.086238,6,-1,-134
1767172842.096238,7,-3,-136
1767172842.106238,3,-2,-136
1767172842.116238,-1,-5,-136
1767172842.126238,0,-3,-140
1767172842.136238,5,-3,-137
1767172842.146238,-1,-1,-135
1767172842.156238,-3,0,-136
1767172842.166238,-2,0,-134
1767172842.176238,1,-1,-137
1767172842.186238,6,-2,-136
1767172842.196238,8,-1,-132
1767172842.2062385,5,0,-127
1767172842.2162385,7,3,-130
1767172842.2262385,3,4,-138
1767172842.2372382,5,8,-137
1767172842.2462382,4,7,-136
1767172842.257238,3,5,-136
1767172842.267238,5,3,-133
1767172842.277238,3,2,-146
1767172842.287238,0,-3,-145
1767172842.297238,0,-4,-141
1767172842.307238,-2,-2,-140
1767172842.317238,-1,1,-132
1767172842.327238,0,0,-125
1767172842.337238,3,1,-126
1767172842.347238,2,0,-133
1767172842.357238,-3,-4,-133
1767172842.367238,-3,-5,-131
1767172842.377238,-5,-1,-132
1767172842.3872385,-1,1,-134
1767172842.3972385,0,1,-136
1767172842.4072382,2,2,-131
1767172842.4172382,4,0,-132
1767172842.4272382,2,-1,-129
1767172842.4372382,4,-2,-128
1767172842.4472382,9,-5,-130
1767172842.4572382,9,-5,-133
1767172842.4672382,9,-5,-133
1767172842.4762385,10,-1,-130
1767172842.4872382,7,1,-129
1767172842.4972382,3,1,-134
1767172842.507238,4,0,-129
1767172842.517238,6,2,-124
1767172842.527238,2,2,-133
1767172842.537238,-1,0,-132
1767172842.547238,0,0,-126
1767172842.557238,1,-2,-132
1767172842.567238,0,0,-137
1767172842.577238,-3,1,-135
1767172842.587238,-3,0,-134
1767172842.597238,-9,0,-133
1767172842.607238,-10,-2,-133
1767172842.617238,-4,0,-139
1767172842.627238,-4,-1,-137
1767172842.6372385,2,-2,-137
1767172842.6472385,2,-1,-142
1767172842.6572382,5,-3,-139
1767172842.6672382,7,-3,-127
1767172842.6772382,4,-6,-121
1767172842.6872382,-1,-9,-121
1767172842.6972382,0,-8,-127
1767172842.7072382,4,-5,-128
1767172842.7172382,3,-2,-130
1767172842.7272382,2,-4,-134
1767172842.7372382,1,0,-136
1767172842.7472382,0,0,-135
1767172842.757238,-2,2,-136
1767172842.767238,0,1,-137
1767172842.777238,1,1,-138
1767172842.787238,2,0,-144
1767172842.797238,-2,-4,-143
1767172842.807238,-2,-4,-136
1767172842.817238,-5,-4,-134
1767172842.827238,-1,-3,-136
1767172842.837238,-3,-1,-130
1767172842.847238,-5,0,-133
1767172842.857238,-2,-2,-135
1767172842.867238,-2,3,-130
1767172842.877238,-2,4,-129
1767172842.8872385,-3,3,-136
1767172842.8972385,-1,7,-136
1767172842.9072382,0,10,-135
1767172842.9172382,1,5,-130
1767172842.9272382,-4,2,-127
1767172842.9372382,-5,-2,-127
1767172842.9472382,-4,0,-132
1767172842.9572382,-4,0,-130
1767172842.9672382,-3,-5,-131
1767172842.9772382,1,0,-128
1767172842.9872382,2,-4,-129
1767172842.9972382,4,-3,-125
1767172843.007238,2,1,-125
1767172843.017238,1,2,-128
1767172843.027238,-4,0,-138
1767172843.037238,-2,0,-139
1767172843.047238,0,2,-131
1767172843.057238,-2,1,-130
1767172843.067238,-5,-1,-131
1767172843.077238,-4,0,-130
1767172843.087238,-2,0,-134
1767172843.097238,-2,0,-133
1767172843.107238,1,0,-131
1767172843.117238,1,0,-131
1767172843.127238,5,0,-134
1767172843.1372385,3,3,-135
1767172843.1472385,0,4,-137
1767172843.1572382,0,3,-137
1767172843.1672382,1,0,-139
1767172843.1772382,4,0,-136
1767172843.1872382,3,-1,-132
1767172843.1972382,6,-2,-130
1767172843.2072382,4,-1,-138
1767172843.2172382,1,0,-139
1767172843.2272382,-3,0,-137
1767172843.2372382,-3,1,-138
1767172843.2472382,-6,0,-139
1767172843.257238,-2,1,-128
1767172843.267238,0,-1,-133
1767172843.277238,0,0,-126
1767172843.287238,1,1,-124
1767172843.297238,-3,1,-126
1767172843.307238,-2,0,-124
1767172843.317238,-3,0,-120
1767172843.327238,-3,2,-119
1767172843.337238,-9,0,-122
1767172843.347238,-12,0,-131
1767172843.357238,-8,1,-139
1767172843.367238,-9,2,-137
1767172843.377238,-5,-1,-141
1767172843.3872385,-5,-2,-138
1767172843.3972385,-2,-4,-139
1767172843.4072382,0,-4,-140
1767172843.4172382,1,-3,-137
1767172843.4272382,0,-2,-133
1767172843.4372382,-1,0,-130
1767172843.4472382,-6,1,-132
1767172843.4572382,-4,2,-137
1767172843.4672382,2,0,-134
1767172843.4772382,4,-1,-129
1767172843.4872382,4,0,-128
1767172843.4972382,4,1,-128
1767172843.507238,5,3,-130
1767172843.517238,0,0,-125
1767172843.527238,0,-5,-130
1767172843.537238,-2,-4,-131
1767172843.547238,0,-3,-123
1767172843.557238,-3,0,-129
1767172843.567238,-2,-2,-130
1767172843.577238,-5,0,-130
1767172843.587238,-8,3,-130
1767172843.597238,-8,0,-135
1767172843.607238,-10,0,-136
1767172843.617238,-6,4,-135
1767172843.627238,-7,8,-133
1767172843.6372385,-2,10,-127
1767172843.6472385,0,6,-119
1767172843.6572382,3,3,-126
1767172843.6672382,2,1,-130
1767172843.6772382,2,-1,-130
1767172843.6872382,5,0,-125
1767172843.6972382,4,-1,-123
1767172843.7072382,7,-2,-121
1767172843.7172382,8,-4,-124
1767172843.7272382,5,-6,-125
1767172843.7372382,2,-5,-131
1767172843.7472382,1,-5,-131
1767172843.757238,2,-7,-132
1767172843.767238,2,-4,-135
1767172843.777238,0,-1,-133
1767172843.787238,0,-1,-131
1767172843.797238,4,-1,-127
1767172843.807238,3,0,-127
1767172843.817238,3,0,-123
1767172843.827238,1,0,-127
1767172843.837238,-2,-2,-126
1767172843.847238,-4,0,-127
1767172843.857238,-4,-3,-129
1767172843.867238,-3,-3,-132
1767172843.877238,0,0,-138
1767172843.8872385,-2,-1,-141
1767172843.8972385,0,-3,-146
1767172843.9072382,-2,-3,-137
1767172843.9172382,-5,-2,-138
1767172843.9272382,-1,-3,-134
1767172843.9372382,-2,-5,-130
1767172843.9472382,-6,-1,-129
1767172843.9572382,-3,0,-131
1767172843.9672382,-4,0,-128
1767172843.9772382,-8,0,-133
1767172843.9872382,-4,0,-130
1767172843.9972382,-1,-1,-125
1767172844.007238,-4,0,-121
1767172844.017238,-7,-3,-113
1767172844.027238,-7,-5,-115
1767172844.037238,-2,-7,-123
1767172844.047238,-2,-7,-128
1767172844.057238,0,-4,-135
1767172844.067238,1,-2,-130
1767172844.077238,1,-1,-132
1767172844.087238,-5,-3,-130
1767172844.097238,-10,-4,-136
1767172844.107238,-6,-5,-131
1767172844.117238,-6,-2,-127
1767172844.127238,-2,0,-128
1767172844.1372385,-5,-1,-122
1767172844.1472385,-5,0,-120
1767172844.1572382,-3,0,-124
1767172844.1672382,1,0,-122
1767172844.1772382,2,2,-128
1767172844.1872382,0,0,-126
1767172844.1972382,4,-1,-129
1767172844.2072382,6,-2,-123
1767172844.2172382,6,0,-128
1767172844.2272382,11,3,-127
1767172844.2372382,9,1,-131
1767172844.2472382,2,2,-129
1767172844.257238,-3,1,-130
1767172844.267238,-4,2,-128
1767172844.277238,2,-1,-125
1767172844.287238,8,-2,-125
1767172844.297238,8,0,-130
1767172844.307238,2,-4,-128
1767172844.317238,-1,-1,-125
1767172844.327238,-2,0,-125
1767172844.337238,-5,-1,-121
1767172844.347238,-3,-2,-130
1767172844.357238,0,0,-131
1767172844.367238,0,3,-133
1767172844.377238,0,5,-133
1767172844.3982382,2,3,-129
1767172844.4072382,-3,1,-134
1767172844.4172382,-4,1,-133
1767172844.4272382,-1,0,-135
1767172844.4372382,0,0,-131
1767172844.4472382,-6,5,-138
1767172844.4572382,-4,4,-131
1767172844.4672382,-6,1,-137
1767172844.4772382,-6,-3,-140
1767172844.4872382,-6,-2,-144
1767172844.4972382,-8,-3,-146
1767172844.507238,-6,-3,-142
1767172844.517238,0,-5,-138
1767172844.527238,4,-4,-139
1767172844.537238,0,-3,-128
1767172844.547238,2,-1,-127
1767172844.557238,0,1,-123
1767172844.567238,1,2,-121
1767172844.577238,3,3,-126
1767172844.587238,3,1,-126
1767172844.597238,1,0,-133
1767172844.607238,-1,0,-139
1767172844.617238,-5,1,-134
1767172844.627238,-4,0,-133
1767172844.6372385,-3,0,-129
1767172844.6472385,-1,-2,-132
1767172844.6572382,2,-4,-131
1767172844.6672382,0,-1,-129
1767172844.6772382,0,-3,-127
1767172844.6872382,4,-1,-130
1767172844.6972382,4,0,-128
1767172844.7072382,5,0,-135
1767172844.7172382,7,0,-134
1767172844.7272382,6,-1,-128
1767172844.7372382,8,-3,-131
1767172844.7472382,6,-5,-133
1767172844.757238,4,-11,-134
1767172844.767238,0,-12,-136
1767172844.777238,-2,-13,-142
1767172844.787238,-2,-9,-134
1767172844.797238,4,-8,-130
1767172844.807238,2,-4,-133
1767172844.817238,6,-3,-134
1767172844.827238,6,-4,-130
1767172844.8382382,4,-2,-135
1767172844.8482382,5,-4,-134
1767172844.8582382,8,-2,-132
1767172844.8682382,3,0,-132
1767172844.8782382,1,4,-138
1767172844.8882382,2,5,-133
1767172844.8982382,3,0,-127
1767172844.9082382,3,1,-129
1767172844.9182382,2,0,-138
1767172844.9282382,-1,-1,-134
1767172844.938238,0,-1,-138
1767172844.948238,-1,-1,-140
1767172844.958238,0,1,-144
1767172844.968238,0,2,-143
1767172844.978238,-3,0,-145
1767172844.988238,-1,-3,-140
1767172844.998238,-2,-6,-141
1767172845.008238,0,-6,-141
1767172845.018238,0,-3,-141
1767172845.028238,4,-4,-142
1767172845.038238,1,-5,-143
1767172845.048238,0,-2,-147
1767172845.0582385,-6,1,-148
1767172845.0682385,-6,1,-150
1767172845.0782382,-1,0,-149
1767172845.0882382,-1,-5,-144
1767172845.0982382,1,-4,-143
1767172845.1082382,5,-7,-147
1767172845.1182382,4,-7,-144
1767172845.1282382,5,-12,-145
1767172845.1382382,6,-10,-143
1767172845.1482382,7,-8,-145
1767172845.1582382,6,-7,-144
1767172845.1682382,2,-5,-142
1767172845.1782382,0,-1,-140
1767172845.188238,-2,-1,-134
1767172845.198238,-4,0,-138
1767172845.208238,-8,-1,-140
1767172845.218238,-4,-1,-140
1767172845.228238,2,-3,-136
1767172845.238238,1,0,-141
1767172845.248238,9,0,-139
1767172845.258238,7,0,-141
1767172845.268238,2,0,-138
1767172845.278238,-2,3,-136
1767172845.288238,-2,0,-135
1767172845.298238,-1,-1,-132
1767172845.3082385,-1,2,-127
1767172845.3182385,-4,1,-124
1767172845.3282382,-2,-2,-126
1767172845.3382382,-3,-4,-126
1767172845.3482382,-3,-6,-128
1767172845.3582382,-3,-3,-126
1767172845.3682382,-5,-1,-130
1767172845.3782382,-3,1,-126
1767172845.3882382,-5,2,-121
1767172845.3982382,-7,0,-120
1767172845.4082382,-9,-3,-121
1767172845.4182382,-5,-6,-126
1767172845.4282382,0,-5,-135
1767172845.438238,2,-5,-131
1767172845.448238,5,-3,-133
1767172845.458238,2,-2,-131
1767172845.468238,-2,-3,-129
1767172845.478238,-2,-2,-131
1767172845.488238,-4,-2,-134
1767172845.498238,-1,-3,-134
1767172845.508238,1,-6,-136
1767172845.518238,-3,-2,-139
1767172845.528238,-3,-4,-133
1767172845.538238,-3,-4,-135
1767172845.548238,-4,-10,-144
1767172845.5582385,-7,-8,-136
1767172845.5682385,-3,-7,-135
1767172845.5782382,-1,-6,-131
1767172845.5882382,0,-4,-133
1767172845.5982382,-2,-7,-129
1767172845.6082382,-9,-4,-122
1767172845.6182382,-5,-3,-121
1767172845.6282382,-2,-1,-120
1767172845.6382382,-5,-1,-124
1767172845.6482382,-2,-2,-136
1767172845.6582382,-1,0,-133
1767172845.6682382,-7,0,-133
1767172845.6782382,-6,-1,-136
1767172845.688238,-4,-5,-137
1767172845.698238,-1,-3,-140
1767172845.708238,-1,0,-133
1767172845.718238,1,-2,-131
1767172845.728238,5,-2,-135
1767172845.738238,5,-1,-140
1767172845.748238,2,0,-147
1767172845.758238,0,-3,-142
1767172845.768238,-1,-5,-140
1767172845.778238,-3,-4,-141
1767172845.788238,-3,-2,-137
1767172845.798238,-3,-8,-140
1767172845.8082385,2,-4,-141
1767172845.8182385,1,0,-147
1767172845.8282382,-1,-4,-149
1767172845.8382382,-1,-3,-150
1767172845.8492382,-1,-2,-140
1767172845.8582382,1,0,-138
1767172845.8682382,-1,2,-133
1767172845.8782382,-3,6,-130
1767172845.8882382,-1,9,-132
1767172845.8982382,0,6,-127
1767172845.9082382,0,5,-131
1767172845.9182382,1,7,-127
1767172845.9282382,2,5,-133
1767172845.938238,4,3,-134
1767172845.948238,6,1,-138
1767172845.958238,6,-2,-137
1767172845.968238,8,-5,-139
1767172845.978238,8,-3,-139
1767172845.988238,10,-5,-134
1767172845.998238,8,-4,-131
1767172846.008238,6,-4,-128
1767172846.018238,2,-4,-125
1767172846.028238,3,-3,-133
1767172846.038238,4,0,-137
1767172846.048238,8,-1,-141
1767172846.0582385,5,-5,-136
1767172846.0682385,5,-2,-136
1767172846.0782382,5,2,-131
1767172846.0882382,4,4,-137
1767172846.0982382,0,3,-138
1767172846.1082382,1,3,-141
1767172846.1182382,-1,5,-138
1767172846.1282382,-5,0,-136
1767172846.1382382,-4,-3,-129
1767172846.1482382,-3,-7,-125
1767172846.1582382,-5,-5,-126
1767172846.1682382,-8,-7,-131
1767172846.1782382,-7,-7,-129
1767172846.188238,-6,-6,-132
1767172846.198238,-1,-3,-129
1767172846.208238,1,0,-124
1767172846.218238,5,-1,-129
1767172846.228238,-3,-3,-130
1767172846.238238,-7,-6,-127
1767172846.248238,-10,-2,-123
1767172846.258238,-9,-1,-131
1767172846.268238,-8,2,-134
1767172846.278238,-6,1,-136
1767172846.288238,-3,0,-137
1767172846.298238,-1,-1,-130
1767172846.3082385,-1,-2,-129
1767172846.3182385,0,-2,-124
1767172846.3282382,0,-5,-124
1767172846.3382382,-7,0,-129
1767172846.3482382,-6,2,-134
1767172846.3582382,-3,0,-135
1767172846.3682382,0,0,-139
1767172846.3782382,2,2,-141
1767172846.3882382,1,0,-136
1767172846.3982382,0,1,-136
1767172846.4082382,5,-3,-133
1767172846.4182382,6,-5,-129
1767172846.4282382,2,-2,-129
1767172846.438238,-3,0,-132
1767172846.448238,-2,-2,-129
1767172846.458238,2,0,-128
1767172846.468238,2,-1,-122
1767172846.478238,3,-2,-125
1767172846.488238,-2,-2,-133
1767172846.498238,-3,0,-131
1767172846.508238,0,-4,-131
1767172846.518238,1,-6,-133
1767172846.528238,1,-5,-144
1767172846.538238,2,-2,-142
1767172846.548238,-1,-5,-137
1767172846.5582385,-1,-3,-134
1767172846.5682385,-2,-2,-136
1767172846.5782382,0,-1,-136
1767172846.5882382,-1,-4,-136
1767172846.5982382,1,-5,-144
1767172846.6082382,0,-3,-152
1767172846.6182382,1,-4,-148
1767172846.6282382,-3,-7,-143
1767172846.6382382,0,-2,-142
1767172846.6482382,-1,0,-143
1767172846.6582382,2,2,-146
1767172846.6682382,-2,4,-139
1767172846.6782382,-1,2,-140
1767172846.688238,0,1,-135
1767172846.698238,0,0,-132
1767172846.708238,-1,2,-131
1767172846.718238,4,5,-127
1767172846.728238,6,-2,-121
1767172846.738238,2,-5,-123
1767172846.748238,-2,-8,-127
1767172846.758238,-2,-6,-125
1767172846.768238,-1,-2,-124
1767172846.778238,0,-2,-127
1767172846.788238,3,-4,-132
1767172846.798238,3,-3,-130
1767172846.8082385,-1,-2,-125
1767172846.8182385,0,-1,-120
1767172846.8282382,0,-2,-127
1767172846.8382382,0,-4,-131
1767172846.8482382,2,-6,-134
1767172846.8582382,0,-3,-141
1767172846.8682382,-2,-3,-137
1767172846.8782382,-4,-2,-138
1767172846.8882382,-2,-2,-138
1767172846.8982382,0,0,-134
1767172846.9082382,-7,-2,-133
1767172846.9182382,-3,0,-134
1767172846.9282382,-6,-5,-134
1767172846.938238,-2,-6,-136
1767172846.948238,-3,-2,-139
1767172846.958238,-3,-3,-130
1767172846.968238,-1,-3,-126
1767172846.978238,0,-4,-122
1767172846.988238,2,-1,-116
1767172846.998238,6,4,-119
1767172847.008238,5,3,-119
1767172847.018238,2,0,-122
1767172847.028238,2,5,-126
1767172847.038238,1,-1,-128
1767172847.048238,4,-4,-131
1767172847.0582385,1,-2,-132
1767172847.0682385,0,0,-135
1767172847.0782382,1,1,-133
1767172847.0882382,0,2,-139
1767172847.0982382,1,0,-136
1767172847.1082382,0,0,-131
1767172847.1182382,0,-1,-132
1767172847.1282382,3,1,-134
1767172847.1382382,4,0,-134
1767172847.1482382,1,-1,-129
1767172847.1582382,0,2,-119
1767172847.1682382,-6,0,-125
1767172847.1782382,-6,0,-127
1767172847.188238,-6,2,-128
1767172847.198238,-2,0,-129
1767172847.208238,-2,-4,-130
1767172847.218238,-5,-2,-128
1767172847.228238,-4,1,-127
1767172847.238238,-2,2,-128
1767172847.248238,-2,0,-127
1767172847.258238,-6,-2,-130
1767172847.268238,-2,-4,-130
1767172847.278238,0,-4,-127
1767172847.288238,0,-2,-124
1767172847.298238,0,0,-118
1767172847.3082385,7,0,-117
1767172847.3182385,3,0,-120
1767172847.3282382,3,-1,-121
1767172847.3382382,2,-3,-119
1767172847.3482382,4,-5,-123
1767172847.3582382,2,-4,-126
1767172847.3682382,2,-2,-127
1767172847.3782382,-1,-4,-131
1767172847.3882382,-5,-4,-132
1767172847.3982382,-3,-4,-133
1767172847.409238,0,0,-135
1767172847.4182382,3,-4,-132
1767172847.4282382,3,-5,-137
1767172847.439238,4,-2,-143
1767172847.449238,4,-2,-138
1767172847.459238,0,3,-139
1767172847.469238,0,0,-132
1767172847.4792385,-2,1,-128
1767172847.4892385,-2,-1,-130
1767172847.4992385,-2,-4,-128
1767172847.5092382,0,-1,-127
1767172847.5192382,-1,0,-131
1767172847.5292382,-6,-6,-130
1767172847.5392382,-3,-6,-122
1767172847.5492382,-3,-7,-119
1767172847.5592382,-2,-7,-123
1767172847.5692382,-4,-2,-125
1767172847.5792382,-7,-2,-127
1767172847.5892382,-6,-1,-134
1767172847.5992382,-7,-5,-131
1767172847.609238,-5,-5,-129
1767172847.619238,-5,-3,-129
1767172847.629238,-3,-2,-135
1767172847.639238,-3,1,-130
1767172847.649238,-4,2,-125
1767172847.659238,-6,-1,-125
1767172847.669238,0,-5,-128
1767172847.679238,-1,-3,-126
1767172847.689238,-4,-6,-128
1767172847.699238,-6,-6,-127
1767172847.709238,-7,-9,-127
1767172847.719238,-7,-12,-124
1767172847.7292385,-12,-8,-129
1767172847.7392385,-9,-4,-127
1767172847.7492385,-7,-3,-125
1767172847.7592382,-7,-1,-127
1767172847.7692382,-4,-4,-133
1767172847.7792382,-3,-2,-128
1767172847.7892382,-2,-1,-127
1767172847.7992382,0,-2,-125
1767172847.8092382,0,-2,-124
1767172847.8192382,3,3,-126
1767172847.8292382,3,0,-127
1767172847.8392382,4,-1,-132
1767172847.8492382,3,0,-139
1767172847.859238,5,3,-138
1767172847.869238,2,3,-138
1767172847.879238,-2,1,-132
1767172847.889238,-2,4,-128
1767172847.899238,-7,1,-131
1767172847.909238,-9,-2,-134
1767172847.919238,-7,-6,-135
1767172847.929238,-1,-8,-141
1767172847.939238,2,-7,-140
1767172847.949238,2,-4,-142
1767172847.959238,1,-1,-143
1767172847.969238,4,-2,-140
1767172847.9792385,6,-2,-130
1767172847.9892385,5,-3,-127
1767172847.9992385,0,-3,-126
1767172848.0092382,-2,-3,-128
1767172848.0192382,-2,0,-128
1767172848.0292382,0,4,-128
1767172848.0392382,0,2,-129
1767172848.0492382,-3,0,-123
1767172848.0592382,-4,0,-125
1767172848.0692382,-2,4,-125
1767172848.0792382,1,4,-126
1767172848.0892382,-1,1,-129
1767172848.0992382,-1,-2,-131
1767172848.109238,3,-5,-129
1767172848.119238,1,-5,-128
1767172848.129238,5,-6,-128
1767172848.139238,2,-9,-131
1767172848.149238,3,-4,-134
1767172848.159238,0,-6,-134
1767172848.169238,1,-5,-139
1767172848.179238,3,-6,-140
1767172848.189238,5,-3,-139
1767172848.199238,5,-7,-135
1767172848.209238,11,-3,-139
1767172848.219238,9,-4,-139
1767172848.2292385,4,-1,-137
1767172848.2392385,5,0,-137
1767172848.2492385,8,0,-137
1767172848.2592382,8,-2,-133
1767172848.2692382,3,-4,-126
1767172848.2792382,2,0,-129
1767172848.2892382,2,-1,-125
1767172848.2992382,4,-5,-122
1767172848.3092382,7,-4,-121
1767172848.3192382,3,-2,-114
1767172848.3292382,1,-1,-113
1767172848.3392382,1,2,-119
1767172848.3492382,0,0,-117
1767172848.359238,0,0,-119
1767172848.369238,6,0,-126
1767172848.379238,9,0,-130
1767172848.389238,5,4,-128
1767172848.399238,7,4,-134
1767172848.409238,11,5,-136
1767172848.419238,11,4,-138
1767172848.429238,7,-1,-133
1767172848.439238,7,-4,-130
1767172848.449238,4,-2,-132
1767172848.459238,1,-2,-139
1767172848.469238,0,-4,-142
1767172848.4792385,-2,-5,-141
1767172848.4892385,-1,-7,-137
1767172848.4992385,4,-5,-135
1767172848.5092382,0,-2,-134
1767172848.5192382,-1,-3,-135
1767172848.5292382,2,-2,-131
1767172848.5392382,5,-2,-130
1767172848.5492382,5,0,-130
1767172848.5592382,2,4,-132
1767172848.5692382,3,4,-130
1767172848.5792382,4,0,-130
1767172848.5892382,6,0,-126
1767172848.5992382,4,0,-121
1767172848.609238,3,3,-121
1767172848.619238,2,2,-121
1767172848.629238,-3,0,-118
1767172848.639238,-2,1,-120
1767172848.649238,2,2,-126
1767172848.659238,2,4,-129
1767172848.669238,0,6,-127
1767172848.679238,-3,1,-125
1767172848.689238,-6,-4,-130
1767172848.699238,-4,-6,-129
1767172848.709238,-8,-1,-124
1767172848.719238,-3,0,-129
1767172848.7292385,0,-1,-130
1767172848.7392385,4,4,-133
1767172848.7492385,0,3,-141
1767172848.7592382,-2,4,-138
1767172848.7692382,-5,4,-127
1767172848.7792382,-1,4,-131
1767172848.7892382,-2,3,-144
1767172848.7992382,-3,0,-141
1767172848.8092382,0,-2,-142
1767172848.8192382,-1,-3,-135
1767172848.8292382,0,-4,-133
1767172848.8392382,-1,-5,-137
1767172848.8492382,-1,-6,-144
1767172848.859238,0,-4,-144
1767172848.869238,3,-6,-146
1767172848.879238,0,-5,-146
1767172848.889238,3,0,-139
1767172848.899238,5,-2,-134
1767172848.909238,5,-3,-126
1767172848.919238,8,-7,-128
1767172848.929238,6,-6,-126
1767172848.939238,2,0,-130
1767172848.949238,1,-2,-131
1767172848.959238,3,-2,-127
1767172848.969238,10,-2,-130
1767172848.9792385,7,1,-132
1767172848.9892385,6,0,-132
1767172848.9992385,2,0,-133
1767172849.0092382,3,0,-130
1767172849.0192382,3,0,-130
1767172849.0292382,0,4,-141
1767172849.0392382,0,7,-136
1767172849.0492382,1,5,-132
1767172849.0592382,-1,-1,-130
1767172849.0692382,1,-1,-124
1767172849.0792382,6,-6,-123
1767172849.0892382,4,-4,-130
1767172849.0992382,6,-5,-130
1767172849.109238,3,-1,-128
1767172849.119238,0,-1,-126
1767172849.129238,0,-3,-128
1767172849.139238,0,-7,-137
1767172849.149238,-1,-7,-133
1767172849.159238,-4,-5,-134
1767172849.169238,-5,-7,-135
1767172849.179238,-3,-3,-134
1767172849.189238,0,-6,-133
1767172849.199238,3,-5,-132
1767172849.209238,3,-9,-132
1767172849.219238,4,-10,-131
1767172849.2292385,2,-4,-133
1767172849.2392385,0,-5,-137
1767172849.2492385,1,0,-136
1767172849.2592382,-1,-1,-131
1767172849.2692382,-4,-3,-133
1767172849.2792382,-1,1,-137
1767172849.2892382,1,2,-139
1767172849.2992382,-1,0,-144
1767172849.3092382,-3,-2,-142
1767172849.3192382,-3,-7,-136
1767172849.3292382,1,-8,-136
1767172849.3392382,-1,-7,-128
1767172849.3492382,-2,-9,-129
1767172849.359238,-3,-4,-131
1767172849.369238,-1,-4,-134
1767172849.379238,-3,-6,-136
1767172849.389238,-4,-6,-136
1767172849.4102385,-4,0,-133
1767172849.419238,-2,-1,-135
1767172849.429238,-2,-2,-130
1767172849.439238,2,-5,-130
1767172849.449238,4,-4,-128
1767172849.459238,0,-1,-134
1767172849.469238,1,-2,-123
1767172849.4792385,-1,-3,-121
1767172849.4892385,0,-1,-116
1767172849.4992385,0,-6,-110
1767172849.5092382,0,-5,-118
1767172849.5192382,2,-8,-124
1767172849.5292382,1,-5,-131
1767172849.5392382,-2,-6,-128
1767172849.5492382,-5,-2,-137
1767172849.5592382,0,0,-136
1767172849.5692382,1,0,-138
1767172849.5792382,5,-1,-133
1767172849.5892382,11,2,-133
1767172849.5992382,4,2,-133
1767172849.609238,0,1,-133
1767172849.619238,0,0,-133
1767172849.629238,-6,0,-135
1767172849.639238,-4,-1,-142
1767172849.649238,-6,1,-140
1767172849.659238,-5,2,-142
1767172849.669238,-3,1,-144
1767172849.679238,-7,0,-141
1767172849.689238,-5,-1,-136
1767172849.699238,-1,-5,-133
1767172849.709238,-3,-2,-141
1767172849.719238,-4,-4,-137
1767172849.7292385,-2,-1,-136
1767172849.7392385,1,-2,-142
1767172849.7492385,0,-4,-136
1767172849.7592382,-5,-3,-134
1767172849.7692382,-3,-4,-138
1767172849.7792382,0,-5,-136
1767172849.7892382,5,-6,-133
1767172849.7992382,2,-11,-137
1767172849.8092382,0,-11,-141
1767172849.8192382,-4,-2,-138
1767172849.8292382,-2,0,-137
1767172849.8392382,-5,3,-134
1767172849.8492382,-3,4,-145
1767172849.859238,-2,4,-142
1767172849.869238,-6,2,-133
1767172849.879238,-3,3,-135
1767172849.889238,-1,4,-132
1767172849.899238,1,2,-134
1767172849.909238,-4,-1,-139
1767172849.919238,-11,-2,-139
1767172849.929238,-13,-4,-132
1767172849.939238,-7,0,-132
1767172849.949238,-4,-3,-136
1767172849.959238,-1,-1,-135
1767172849.969238,6,-3,-133
1767172849.9792385,7,-3,-135
1767172849.9892385,6,0,-130
1767172849.9992385,5,-3,-130
1767172850.0102382,5,-3,-132
1767172850.0192382,4,-5,-132
1767172850.0292382,2,-3,-131
1767172850.0392382,5,-3,-131
1767172850.050238,5,-2,-135
1767172850.060238,4,-2,-137
1767172850.070238,3,-6,-138
1767172850.080238,3,-6,-145
1767172850.090238,1,-3,-144
1767172850.100238,0,0,-140
1767172850.110238,-1,0,-140
1767172850.120238,-1,-3,-136
1767172850.130238,1,-5,-134
1767172850.140238,-4,-5,-141
1767172850.150238,0,-7,-143
1767172850.1602385,-4,-6,-146
1767172850.1702385,-4,-7,-147
1767172850.1802382,-4,-9,-143
1767172850.1902382,-1,-8,-136
1767172850.2002382,-8,-6,-134
1767172850.2102382,-7,-3,-134
1767172850.2202382,-6,1,-130
1767172850.2302382,-8,-2,-128
1767172850.2402382,-5,0,-124
1767172850.2502382,-3,0,-132
1767172850.2602382,-5,0,-131
1767172850.2702382,-5,-4,-137
1767172850.2802382,0,-1,-136
1767172850.290238,-2,0,-137
1767172850.300238,-4,-6,-137
1767172850.310238,0,0,-135
1767172850.320238,0,0,-135
1767172850.330238,2,1,-134
1767172850.340238,4,0,-134
1767172850.350238,5,-4,-141
1767172850.360238,5,-3,-142
1767172850.370238,5,0,-143
1767172850.380238,5,-2,-140
1767172850.390238,7,-5,-147
1767172850.400238,9,-7,-147
1767172850.4102385,6,-4,-148
1767172850.4202385,2,-3,-148
1767172850.4302382,2,0,-147
1767172850.4402382,5,0,-142
1767172850.4502382,4,0,-138
1767172850.4602382,7,0,-142
1767172850.4702382,5,0,-128
1767172850.4802382,6,-1,-124
1767172850.4902382,2,-3,-121
1767172850.5002382,-5,-6,-114
1767172850.5102382,-7,-5,-118
1767172850.5202382,-6,-5,-122
1767172850.5302382,-6,-5,-121
1767172850.540238,-2,-3,-126
1767172850.550238,-1,-3,-131
1767172850.560238,-5,-2,-138
1767172850.570238,-3,1,-137
1767172850.580238,-1,3,-134
1767172850.590238,-1,0,-134
1767172850.600238,0,-3,-133
1767172850.610238,-4,-1,-132
1767172850.620238,-3,-3,-128
1767172850.630238,-2,-4,-128
1767172850.640238,-3,-1,-133
1767172850.650238,0,-8,-130
1767172850.6602385,0,-9,-126
1767172850.6702385,0,-10,-127
1767172850.6802382,-1,-12,-126
1767172850.6902382,-1,-9,-130
1767172850.7002382,1,-9,-131
1767172850.7102382,2,-8,-138
1767172850.7202382,1,-8,-136
1767172850.7302382,0,-11,-139
1767172850.7402382,-2,-6,-139
1767172850.7502382,0,1,-141
1767172850.7602382,0,1,-139
1767172850.7702382,-1,2,-136
1767172850.7802382,0,2,-128
1767172850.790238,3,0,-123
1767172850.800238,5,0,-121
1767172850.810238,0,0,-126
1767172850.820238,-4,0,-127
1767172850.830238,-7,0,-133
1767172850.840238,-6,-4,-138
1767172850.850238,0,-4,-131
1767172850.860238,0,-3,-128
1767172850.870238,0,-1,-128
1767172850.880238,-1,-1,-135
1767172850.890238,-5,0,-134
1767172850.900238,-4,3,-139
1767172850.9102385,0,0,-146
1767172850.9202385,6,-4,-144
1767172850.9302382,4,-5,-141
1767172850.9402382,0,-6,-138
1767172850.9502382,2,-5,-134
1767172850.9602382,0,-4,-134
1767172850.9702382,2,-3,-128
1767172850.9802382,0,-2,-128
1767172850.9902382,-1,0,-129
1767172851.0002382,2,1,-132
1767172851.0102382,-1,1,-133
1767172851.0202382,-2,1,-137
1767172851.0302382,-3,-2,-137
1767172851.040238,-3,-1,-134
1767172851.050238,0,-1,-134
1767172851.060238,0,2,-134
1767172851.070238,-2,0,-132
1767172851.080238,-3,0,-134
1767172851.090238,-1,-1,-137
1767172851.100238,0,-2,-139
1767172851.110238,-3,2,-136
1767172851.120238,-6,7,-138
1767172851.130238,-1,5,-139
1767172851.140238,1,2,-140
1767172851.150238,2,0,-143
1767172851.1602385,0,0,-138
1767172851.1702385,-6,0,-140
1767172851.1802382,-7,3,-139
1767172851.1902382,-2,3,-136
1767172851.2002382,1,0,-136
1767172851.2102382,6,0,-138
1767172851.2202382,4,-1,-132
1767172851.2302382,0,2,-128
1767172851.2402382,0,0,-127
1767172851.2502382,-4,1,-129
1767172851.2602382,-4,1,-134
1767172851.2702382,0,2,-134
1767172851.2802382,2,1,-139
1767172851.290238,3,0,-136
1767172851.300238,5,-1,-137
1767172851.310238,7,-2,-135
1767172851.320238,5,-1,-135
1767172851.330238,6,1,-131
1767172851.340238,5,0,-128
1767172851.350238,1,1,-132
1767172851.360238,1,0,-123
1767172851.370238,0,0,-125
1767172851.380238,-2,2,-129
1767172851.390238,-1,1,-129
1767172851.400238,-3,3,-129
1767172851.4102385,-1,2,-126
1767172851.4202385,0,4,-134
1767172851.4302382,1,6,-141
1767172851.4402382,1,7,-139
1767172851.4502382,3,5,-131
1767172851.4602382,3,0,-126
1767172851.4702382,2,-1,-121
1767172851.4802382,0,-5,-125
1767172851.4902382,3,-5,-128
1767172851.5002382,1,-1,-131
1767172851.5102382,1,0,-130
1767172851.5202382,0,0,-136
1767172851.5302382,0,2,-143
1767172851.540238,-1,3,-140
1767172851.550238,0,2,-143
1767172851.560238,1,2,-138
1767172851.570238,-7,1,-139
1767172851.580238,-8,0,-141
1767172851.590238,-6,2,-134
1767172851.600238,-8,1,-130
1767172851.610238,-5,-3,-138
1767172851.620238,-5,-4,-140
1767172851.630238,-3,-7,-149
1767172851.640238,-6,-5,-137
1767172851.650238,0,-2,-139
1767172851.6602385,-4,1,-143
1767172851.6702385,-1,6,-142
1767172851.6802382,-3,8,-136
1767172851.6902382,-3,5,-131
1767172851.7002382,0,5,-129
1767172851.7102382,-1,2,-127
1767172851.7202382,0,0,-125
1767172851.7302382,-3,2,-128
1767172851.7402382,0,2,-125
1767172851.7502382,0,-1,-115
1767172851.7602382,-2,-3,-114
1767172851.7702382,-1,-2,-116
1767172851.7802382,0,-5,-112
1767172851.790238,-1,-3,-121
1767172851.800238,-1,0,-121
1767172851.810238,-6,0,-119
1767172851.820238,-4,0,-129
1767172851.830238,-3,1,-134
1767172851.840238,-1,1,-139
1767172851.850238,2,0,-137
1767172851.860238,0,1,-138
1767172851.870238,-2,0,-135
1767172851.880238,-3,0,-132
1767172851.890238,-3,0,-129
1767172851.900238,1,-5,-132
1767172851.9102385,-3,-9,-136
1767172851.9202385,-6,-6,-134
1767172851.9302382,-6,-2,-134
1767172851.9402382,-6,-2,-134
1767172851.9502382,-9,-1,-133
1767172851.9602382,-4,-6,-128
1767172851.9702382,-2,-2,-121
1767172851.9802382,-3,0,-124
1767172851.9902382,-8,0,-119
1767172852.0002382,-8,0,-121
1767172852.0102382,-4,-1,-124
1767172852.0202382,-4,-3,-124
1767172852.0302382,-3,-3,-131
1767172852.040238,-2,-4,-137
1767172852.050238,-3,-4,-134
1767172852.060238,0,-5,-135
1767172852.070238,-1,-2,-133
1767172852.080238,1,0,-135
1767172852.090238,3,1,-141
1767172852.100238,2,1,-140
1767172852.110238,-3,-1,-135
1767172852.120238,0,0,-143
1767172852.130238,0,3,-139
1767172852.140238,-2,4,-134
1767172852.150238,-2,2,-133
1767172852.1602385,-3,-1,-124
1767172852.1702385,-4,0,-124
1767172852.1802382,1,3,-126
1767172852.1902382,0,3,-125
1767172852.2002382,0,2,-122
1767172852.2102382,0,1,-120
1767172852.2202382,1,2,-119
1767172852.2302382,0,0,-116
1767172852.2402382,2,2,-117
1767172852.2502382,6,2,-123
1767172852.2602382,8,0,-126
1767172852.2702382,6,-2,-136
1767172852.2802382,6,-5,-132
1767172852.290238,4,-8,-135
1767172852.300238,5,-7,-144
1767172852.310238,6,-2,-144
1767172852.320238,6,5,-136
1767172852.330238,6,2,-131
1767172852.340238,4,3,-130
1767172852.350238,5,3,-131
1767172852.360238,6,2,-132
1767172852.370238,5,-2,-136
1767172852.380238,2,-3,-137
1767172852.390238,0,-2,-136
1767172852.400238,-2,-4,-138
1767172852.4102385,-1,-3,-136
1767172852.4202385,2,-4,-133
1767172852.4302382,2,-2,-137
1767172852.4402382,0,-2,-136
1767172852.4502382,3,0,-134
1767172852.4602382,6,-3,-128
1767172852.4702382,9,-7,-131
1767172852.4802382,10,-9,-137
1767172852.4902382,7,-8,-134
1767172852.5002382,4,-6,-134
1767172852.5102382,0,-5,-138
1767172852.5202382,-1,0,-142
1767172852.5302382,-2,-1,-143
1767172852.540238,1,-1,-141
1767172852.550238,-3,-4,-140
1767172852.560238,-6,-8,-141
1767172852.570238,-4,-11,-139
1767172852.580238,-3,-10,-143
1767172852.590238,0,-5,-141
1767172852.600238,-2,-4,-136
1767172852.610238,-5,-2,-139
1767172852.620238,-5,-1,-141
1767172852.6312382,-4,-1,-144
1767172852.640238,-4,0,-144
1767172852.6512382,-6,-4,-139
1767172852.6612382,-5,-5,-139
1767172852.6712382,-3,-5,-139
1767172852.6802382,1,-7,-133
1767172852.6912382,-1,-9,-133
1767172852.7012382,-2,-9,-135
1767172852.711238,-3,-12,-132
1767172852.721238,0,-8,-134
1767172852.731238,0,-9,-135
1767172852.741238,0,-7,-139
1767172852.751238,2,-5,-144
1767172852.761238,4,-1,-142
1767172852.771238,0,0,-142
1767172852.781238,0,-1,-138
1767172852.791238,0,-1,-133
1767172852.801238,-1,1,-129
1767172852.811238,-1,4,-122
1767172852.821238,-4,2,-130
1767172852.8312385,-6,3,-137
1767172852.8412385,-3,0,-140
1767172852.8512385,2,-2,-141
1767172852.8612382,5,-1,-139
1767172852.8712382,8,0,-139
1767172852.8812382,10,-3,-137
1767172852.8912382,7,-6,-134
1767172852.9012382,10,-1,-136
1767172852.9112382,10,-3,-136
1767172852.9212382,11,-1,-141
1767172852.9312382,7,2,-133
1767172852.9412382,5,0,-137
1767172852.9512382,4,0,-139
1767172852.961238,5,0,-135
1767172852.971238,3,2,-134
1767172852.981238,3,3,-138
1767172852.991238,5,4,-140
1767172853.001238,4,1,-137
1767172853.011238,5,0,-129
1767172853.021238,5,-1,-131
1767172853.031238,4,0,-135
1767172853.041238,1,0,-136
1767172853.051238,4,0,-134
1767172853.061238,1,-2,-133
1767172853.071238,2,0,-131
1767172853.0812385,2,-1,-136
1767172853.0912385,0,0,-134
1767172853.1012385,-2,-1,-134
1767172853.1112382,-4,-2,-129
1767172853.1212382,0,-1,-127
1767172853.1312382,0,0,-135
1767172853.1412382,-1,0,-135
1767172853.1512382,1,-3,-133
1767172853.1612382,2,-1,-131
1767172853.1712382,4,1,-128
1767172853.1812382,-4,0,-133
1767172853.1912382,-7,3,-136
1767172853.2012382,-6,4,-136
1767172853.211238,-2,1,-141
1767172853.221238,2,0,-140
1767172853.231238,4,0,-137
1767172853.241238,5,0,-140
1767172853.251238,0,0,-145
1767172853.261238,2,-1,-140
1767172853.271238,4,-3,-138
1767172853.281238,3,-4,-140
1767172853.291238,1,1,-144
1767172853.301238,-2,0,-145
1767172853.311238,0,4,-140
1767172853.321238,2,1,-142
1767172853.3312385,0,2,-137
1767172853.3412385,2,4,-145
1767172853.3512385,3,3,-151
1767172853.3612382,4,1,-156
1767172853.3712382,1,-2,-145
1767172853.3812382,-1,-3,-148
1767172853.3912382,-1,-2,-147
1767172853.4012382,-2,-3,-154
1767172853.4112382,0,0,-151
1767172853.4212382,1,0,-144
1767172853.4312382,0,0,-139
1767172853.4412382,-1,0,-132
1767172853.4512382,-2,-2,-131
1767172853.461238,-2,0,-134
1767172853.471238,-3,1,-138
1767172853.481238,-2,0,-136
1767172853.491238,-1,-2,-143
1767172853.501238,0,-1,-143
1767172853.511238,-4,-2,-138
1767172853.521238,-3,-2,-136
1767172853.531238,0,0,-132
1767172853.541238,-3,0,-131
1767172853.551238,-1,2,-136
1767172853.561238,-1,2,-134
1767172853.571238,0,1,-131
1767172853.5812385,0,-2,-137
1767172853.5912385,-2,-3,-139
1767172853.6012385,-3,-7,-136
1767172853.6112382,-4,-6,-139
1767172853.6212382,-2,-4,-136
1767172853.6312382,2,-4,-136
1767172853.6412382,1,-1,-134
1767172853.6512382,2,-1,-136
1767172853.6612382,2,0,-131
1767172853.6712382,3,0,-134
1767172853.6812382,2,0,-138
1767172853.6912382,0,1,-136
1767172853.7012382,-2,2,-131
1767172853.711238,-3,3,-129
1767172853.721238,-3,-1,-131
1767172853.731238,-4,0,-139
1767172853.741238,-1,1,-147
1767172853.751238,0,0,-145
1767172853.761238,0,1,-142
1767172853.771238,0,0,-142
1767172853.781238,0,2,-141
1767172853.791238,2,2,-135
1767172853.801238,5,0,-137
1767172853.811238,2,4,-140
1767172853.821238,-3,3,-144
1767172853.8312385,0,0,-147
1767172853.8412385,-2,-3,-155
1767172853.8512385,1,-4,-143
1767172853.8612382,0,-3,-132
1767172853.8712382,0,-4,-132
1767172853.8812382,5,-7,-133
1767172853.8912382,3,-5,-133
1767172853.9012382,4,-1,-130
1767172853.9112382,6,0,-131
1767172853.9212382,-1,-2,-141
1767172853.9312382,-5,-4,-142
1767172853.9412382,-9,-2,-145
1767172853.9512382,-7,-4,-145
1767172853.961238,-8,-6,-141
1767172853.971238,-5,-6,-141
1767172853.981238,-7,-4,-136
1767172853.991238,0,-4,-136
1767172854.001238,0,-5,-140
1767172854.011238,1,-4,-144
1767172854.021238,3,0,-143
1767172854.031238,0,2,-141
1767172854.041238,0,0,-142
1767172854.051238,1,1,-142
1767172854.061238,2,-1,-135
1767172854.071238,0,-2,-133
1767172854.0812385,-3,-2,-138
1767172854.0912385,3,3,-133
1767172854.1012385,3,0,-135
1767172854.1112382,0,0,-132
1767172854.1212382,3,-1,-127
1767172854.1312382,0,-1,-131
1767172854.1412382,-6,-1,-129
1767172854.1512382,-4,-3,-138
1767172854.1612382,-2,-4,-138
1767172854.1712382,0,-7,-141
1767172854.1812382,0,-5,-140
1767172854.1912382,-3,-4,-133
1767172854.2012382,-4,-1,-130
1767172854.211238,0,0,-133
1767172854.221238,-2,-1,-128
1767172854.231238,2,-2,-135
1767172854.241238,0,-4,-139
1767172854.251238,0,-4,-146
1767172854.261238,-2,-5,-147
1767172854.271238,-4,-4,-141
1767172854.281238,-5,-5,-133
1767172854.291238,-4,-5,-137
1767172854.301238,-8,-1,-142
1767172854.311238,-12,-2,-138
1767172854.321238,-12,1,-136
1767172854.3312385,-16,3,-133
1767172854.3412385,-7,2,-139
1767172854.3512385,0,3,-138
1767172854.3612382,1,1,-138
1767172854.3712382,1,0,-140
1767172854.3812382,2,0,-140
1767172854.3912382,4,-1,-135
1767172854.4012382,0,-2,-134
1767172854.423238,-4,0,-131
1767172854.4312382,0,-2,-136
1767172854.4412382,0,0,-128
1767172854.4512382,-4,-1,-130
1767172854.461238,-10,-2,-123
1767172854.471238,-7,0,-121
1767172854.481238,-6,2,-124
1767172854.491238,-3,-1,-129
1767172854.501238,-2,-1,-131
1767172854.511238,-6,2,-131
1767172854.521238,-5,1,-137
1767172854.531238,-3,0,-140
1767172854.541238,-3,4,-138
1767172854.551238,-3,6,-134
1767172854.561238,-5,7,-137
1767172854.571238,-2,2,-136
1767172854.5812385,-1,1,-138
1767172854.5912385,-2,3,-143
1767172854.6012385,-5,0,-143
1767172854.6112382,-7,2,-138
1767172854.6212382,-7,0,-140
1767172854.6312382,-1,-1,-136
1767172854.6412382,-4,-2,-139
1767172854.6512382,-3,-1,-136
1767172854.6612382,0,-8,-138
1767172854.6712382,-1,-8,-138
1767172854.6812382,0,-2,-134
1767172854.6912382,1,-2,-140
1767172854.7012382,1,-1,-140
1767172854.711238,3,0,-135
1767172854.721238,4,-1,-128
1767172854.731238,6,-2,-128
1767172854.741238,8,2,-124
1767172854.751238,8,4,-124
1767172854.761238,10,5,-133
1767172854.771238,8,3,-128
1767172854.781238,8,3,-126
1767172854.791238,8,1,-130
1767172854.801238,5,1,-127
1767172854.811238,5,-2,-135
1767172854.821238,2,-6,-135
1767172854.8312385,1,-3,-135
1767172854.8412385,0,-4,-126
1767172854.8512385,0,-5,-124
1767172854.8612382,0,-7,-133
1767172854.8712382,0,-5,-132
1767172854.8812382,-1,1,-136
1767172854.8912382,1,0,-136
1767172854.9012382,3,-3,-132
1767172854.9112382,5,-5,-133
1767172854.9212382,6,-6,-135
1767172854.9312382,-1,-5,-135
1767172854.9412382,-4,-2,-139
1767172854.9512382,-6,-1,-140
1767172854.961238,-2,-5,-137
1767172854.971238,-1,-2,-141
1767172854.981238,-2,-1,-136
1767172854.991238,-1,0,-137
1767172855.001238,0,2,-133
1767172855.011238,-1,0,-127
1767172855.021238,-2,4,-125
1767172855.031238,0,0,-123
1767172855.041238,-2,-1,-125
1767172855.051238,4,-1,-132
1767172855.061238,2,1,-125
1767172855.071238,-1,2,-123
1767172855.0812385,-2,3,-129
1767172855.0912385,-1,3,-136
1767172855.1012385,-1,0,-134
1767172855.1112382,0,0,-133
1767172855.1212382,0,1,-130
1767172855.1312382,-1,-2,-133
1767172855.1412382,1,-1,-130
1767172855.1512382,7,1,-129
1767172855.1612382,10,1,-129
1767172855.1712382,4,0,-137
1767172855.1812382,1,0,-139
1767172855.192238,2,-3,-134
1767172855.2012382,0,-10,-143
1767172855.212238,0,-12,-137
1767172855.221238,-4,-10,-137
1767172855.231238,-2,-8,-136
1767172855.242238,-4,-9,-133
1767172855.252238,-3,-7,-128
1767172855.2622385,-2,-4,-121
1767172855.2722385,0,-1,-124
1767172855.2822382,-4,0,-131
1767172855.2922382,-5,-1,-136
1767172855.3022382,-6,-2,-131
1767172855.3122382,-2,-5,-136
1767172855.3222382,2,-4,-136
1767172855.3322382,3,-4,-141
1767172855.3422382,8,-1,-136
1767172855.3522382,7,0,-134
1767172855.3622382,7,2,-127
1767172855.3722382,1,0,-129
1767172855.382238,4,-1,-132
1767172855.392238,5,-1,-130
1767172855.402238,6,2,-139
1767172855.412238,4,1,-137
1767172855.422238,2,0,-137
1767172855.432238,0,-1,-138
1767172855.442238,-1,3,-133
1767172855.452238,-3,0,-130
1767172855.462238,-10,-1,-132
1767172855.472238,-6,-4,-136
1767172855.482238,-2,-3,-146
1767172855.492238,0,-2,-144
1767172855.502238,-4,0,-136
1767172855.5122385,-5,-4,-134
1767172855.5222385,-6,-4,-138
1767172855.5322382,-2,-2,-139
1767172855.5422382,-2,0,-136
1767172855.5522382,-2,-2,-140
1767172855.5622382,-8,0,-143
1767172855.5722382,-12,0,-143
1767172855.5822382,-9,-1,-136
1767172855.5922382,-4,-1,-132
1767172855.6022382,-2,1,-127
1767172855.6122382,-3,0,-131
1767172855.6222382,4,3,-131
1767172855.632238,4,2,-134
1767172855.642238,3,-2,-137
1767172855.652238,3,-5,-135
1767172855.662238,0,-4,-132
1767172855.672238,0,-3,-128
1767172855.682238,-6,-2,-128
1767172855.692238,-6,1,-123
1767172855.702238,-3,-2,-126
1767172855.712238,1,-1,-127
1767172855.722238,1,-2,-127
1767172855.732238,5,-2,-127
1767172855.742238,4,-5,-127
1767172855.752238,0,-3,-123
1767172855.7622385,-2,0,-124
1767172855.7722385,-4,0,-126
1767172855.7822382,-1,-4,-128
1767172855.7922382,-2,-4,-130
1767172855.8022382,1,-5,-135
1767172855.8122382,-1,-4,-135
1767172855.8222382,-4,-4,-132
1767172855.8322382,0,-5,-129
1767172855.8422382,1,-4,-130
1767172855.8522382,1,0,-136
1767172855.8622382,-1,4,-133
1767172855.8722382,-7,4,-140
1767172855.882238,-5,5,-144
1767172855.892238,-5,2,-142
1767172855.902238,-8,1,-136
1767172855.912238,-6,3,-129
1767172855.922238,-5,0,-124
1767172855.932238,-1,0,-127
1767172855.942238,0,-3,-130
1767172855.952238,-1,-4,-129
1767172855.962238,-2,-4,-129
1767172855.972238,-3,-4,-123
1767172855.982238,-4,-4,-120
1767172855.992238,-4,-8,-115
1767172856.002238,-1,-5,-116
1767172856.0122385,0,-4,-120
1767172856.0222385,0,-4,-122
1767172856.0322382,0,-3,-127
1767172856.0422382,0,2,-130
1767172856.0522382,-4,0,-132
1767172856.0622382,-6,-1,-136
1767172856.0722382,-5,-3,-135
1767172856.0822382,-1,0,-136
1767172856.0922382,-3,4,-139
1767172856.1022382,0,0,-128
1767172856.1122382,-4,1,-122
1767172856.1222382,-7,3,-120
1767172856.132238,-7,3,-124
1767172856.142238,-2,7,-127
1767172856.152238,-3,6,-125
1767172856.162238,-6,5,-125
1767172856.172238,-4,1,-122
1767172856.182238,-6,-1,-118
1767172856.192238,-4,-1,-118
1767172856.202238,-3,-2,-116
1767172856.212238,-1,0,-122
1767172856.222238,0,-2,-124
1767172856.232238,-3,-1,-125
1767172856.242238,-3,-2,-124
1767172856.252238,-2,0,-123
1767172856.2622385,-2,2,-132
1767172856.2722385,-1,-2,-135
1767172856.2822382,6,-2,-125
1767172856.2922382,3,-6,-126
1767172856.3022382,4,-2,-127
1767172856.3122382,3,-3,-124
1767172856.3222382,2,-2,-134
1767172856.3322382,1,0,-132
1767172856.3422382,6,1,-132
1767172856.3522382,4,0,-129
1767172856.3622382,2,1,-128
1767172856.3722382,2,4,-126
1767172856.382238,-1,0,-131
1767172856.392238,-1,1,-139
1767172856.402238,0,0,-131
1767172856.412238,-5,-3,-132
1767172856.422238,-10,0,-134
1767172856.432238,-11,2,-134
1767172856.442238,-8,3,-133
1767172856.452238,0,1,-137
1767172856.462238,1,0,-132
1767172856.472238,1,0,-132
1767172856.482238,-3,0,-130
1767172856.492238,0,0,-131
1767172856.502238,0,0,-134
1767172856.5122385,-1,0,-137
1767172856.5222385,-1,0,-139
1767172856.5322382,-5,0,-137
1767172856.5422382,-4,-4,-143
1767172856.5522382,-2,-1,-145
1767172856.5622382,-5,1,-142
1767172856.5722382,-5,0,-139
1767172856.5822382,-2,0,-139
1767172856.5922382,4,0,-150
1767172856.6022382,-1,2,-145
1767172856.6122382,0,2,-139
1767172856.6222382,0,0,-138
1767172856.632238,1,2,-140
1767172856.642238,1,2,-142
1767172856.652238,2,1,-137
1767172856.662238,5,1,-132
1767172856.672238,7,0,-123
1767172856.682238,6,1,-121
1767172856.692238,2,3,-119
1767172856.702238,4,0,-121
1767172856.712238,4,0,-122
1767172856.722238,6,1,-123
1767172856.732238,0,-2,-129
1767172856.742238,2,-4,-134
1767172856.752238,4,-3,-137
1767172856.7622385,4,-2,-129
1767172856.7722385,-1,2,-128
1767172856.7822382,-1,5,-128
1767172856.7922382,0,0,-127
1767172856.8022382,-1,1,-128
1767172856.8122382,-1,0,-131
1767172856.8222382,-1,0,-140
1767172856.8322382,-1,1,-137
1767172856.8422382,-2,0,-138
1767172856.8522382,-2,0,-129
1767172856.8622382,-3,1,-129
1767172856.8722382,-2,0,-130
1767172856.882238,0,1,-127
1767172856.892238,-1,1,-126
1767172856.902238,-1,0,-135
1767172856.912238,1,-1,-138
1767172856.922238,-1,-8,-138
1767172856.932238,-3,-14,-138
1767172856.942238,-1,-14,-139
1767172856.952238,-2,-13,-141
1767172856.962238,-3,-8,-145
1767172856.972238,-5,-2,-146
1767172856.982238,-5,1,-139
1767172856.992238,-1,6,-136
1767172857.002238,0,1,-131
1767172857.0122385,0,-3,-133
1767172857.0222385,0,0,-132
1767172857.0322382,3,0,-124
1767172857.0422382,0,3,-122
1767172857.0522382,-1,5,-122
1767172857.0622382,-3,5,-125
1767172857.0722382,-2,2,-123
1767172857.0822382,0,5,-132
1767172857.0922382,-2,2,-132
1767172857.1022382,2,0,-132
1767172857.1122382,2,-3,-127
1767172857.1222382,4,0,-121
1767172857.132238,3,0,-119
1767172857.142238,5,-1,-124
1767172857.152238,3,-3,-129
1767172857.162238,-2,0,-126
1767172857.172238,0,0,-131
1767172857.182238,0,-1,-134
1767172857.192238,1,2,-135
1767172857.202238,0,0,-131
1767172857.212238,3,-2,-132
1767172857.222238,3,-4,-130
1767172857.232238,0,-2,-135
1767172857.242238,-2,-3,-133
1767172857.252238,-2,-5,-127
1767172857.2622385,0,-4,-124
1767172857.2722385,0,-3,-119
1767172857.2822382,0,0,-121
1767172857.2922382,-2,0,-124
1767172857.3022382,-1,0,-119
1767172857.3122382,1,3,-120
1767172857.3222382,3,-3,-121
1767172857.3322382,3,-8,-124
1767172857.3422382,6,-10,-127
1767172857.3522382,8,-8,-130
1767172857.3622382,6,-7,-127
1767172857.3722382,3,-3,-128
1767172857.382238,3,1,-126
1767172857.392238,6,2,-131
1767172857.402238,5,1,-129
1767172857.412238,5,0,-136
1767172857.422238,1,6,-138
1767172857.432238,0,3,-138
1767172857.442238,0,0,-140
1767172857.452238,-1,0,-138
1767172857.462238,-2,2,-143
1767172857.472238,-1,1,-147
1767172857.482238,1,0,-151
1767172857.492238,3,4,-147
1767172857.502238,3,6,-146
1767172857.5122385,3,6,-136
1767172857.5232382,5,5,-131
1767172857.5322382,5,0,-130
1767172857.5422382,4,0,-128
1767172857.5522382,1,-6,-127
1767172857.5622382,2,-8,-128
1767172857.5722382,-1,-6,-127
1767172857.5822382,-2,-3,-122
1767172857.5922382,-5,0,-120
1767172857.6022382,-6,-2,-121
1767172857.6122382,-5,1,-123
1767172857.6222382,-1,5,-125
1767172857.632238,-1,5,-128
1767172857.642238,3,2,-131
1767172857.652238,1,-2,-131
1767172857.662238,5,-2,-134
1767172857.672238,2,-7,-130
1767172857.682238,0,-5,-135
1767172857.692238,1,-6,-134
1767172857.702238,6,-8,-133
1767172857.712238,6,-2,-122
1767172857.722238,11,-1,-119
1767172857.732238,11,1,-120
1767172857.742238,11,6,-121
1767172857.752238,9,3,-125
1767172857.7622385,6,3,-129
1767172857.7722385,2,1,-129
1767172857.7822382,-2,0,-123
1767172857.7922382,0,0,-119
1767172857.8022382,-1,0,-123
1767172857.8122382,-4,4,-125
1767172857.8222382,-2,1,-130
1767172857.8322382,0,1,-123
1767172857.843238,0,0,-128
1767172857.8522382,-3,0,-131
1767172857.863238,-4,0,-138
1767172857.873238,-3,3,-140
1767172857.883238,-5,5,-135
1767172857.893238,-2,5,-135
1767172857.903238,-1,6,-131
1767172857.913238,-3,4,-128
1767172857.923238,0,3,-135
1767172857.9332385,0,5,-131
1767172857.9432385,-3,8,-128
1767172857.9532382,-3,7,-136
1767172857.9632382,-3,4,-140
1767172857.9732382,-3,3,-135
1767172857.9832382,-3,0,-133
1767172857.9932382,-5,-2,-129
1767172858.0032382,-2,-3,-125
1767172858.0132382,-1,-2,-129
1767172858.0232382,-5,-3,-131
1767172858.0332382,-2,-1,-130
1767172858.0432382,-1,1,-132
1767172858.0532382,-1,3,-139
1767172858.063238,0,3,-139
1767172858.073238,2,-1,-139
1767172858.083238,-4,0,-139
1767172858.093238,-4,-1,-136
1767172858.103238,-5,-5,-133
1767172858.113238,-5,-3,-136
1767172858.123238,-3,0,-136
1767172858.133238,0,2,-134
1767172858.143238,-3,6,-128
1767172858.153238,-1,7,-131
1767172858.163238,0,3,-129
1767172858.173238,-1,-3,-131
1767172858.1832385,-3,-9,-125
1767172858.1932385,0,-5,-118
1767172858.2032382,0,1,-114
1767172858.2132382,1,0,-114
1767172858.2232382,1,1,-119
1767172858.2332382,3,-1,-119
1767172858.2432382,-1,0,-114
1767172858.2532382,0,5,-117
1767172858.2632382,-1,4,-122
1767172858.2732382,-1,0,-129
1767172858.2832382,-1,0,-132
1767172858.2932382,-2,-2,-127
1767172858.3032382,1,-6,-127
1767172858.313238,2,-7,-126
1767172858.323238,1,-4,-126
1767172858.333238,0,-3,-129
1767172858.343238,0,-1,-125
1767172858.353238,-3,-3,-132
1767172858.363238,-5,-3,-131
1767172858.373238,-6,-3,-137
1767172858.383238,-6,-6,-145
1767172858.393238,0,-6,-147
1767172858.403238,-3,-8,-150
1767172858.413238,-5,-3,-151
1767172858.423238,-7,-4,-147
1767172858.4332385,-4,-7,-151
1767172858.4432385,-6,-2,-149
1767172858.4532382,-5,1,-148
1767172858.4632382,-2,0,-143
1767172858.4732382,0,-2,-143
1767172858.4832382,-5,-7,-141
1767172858.4932382,-3,-2,-139
1767172858.5032382,-4,-3,-135
1767172858.5132382,-3,-6,-137
1767172858.5232382,-5,-5,-143
1767172858.5332382,-1,0,-139
1767172858.5432382,1,-3,-134
1767172858.5532382,1,-6,-134
1767172858.563238,1,-3,-136
1767172858.573238,3,-4,-135
1767172858.583238,4,-5,-139
1767172858.593238,4,-1,-136
1767172858.603238,5,-2,-131
1767172858.613238,5,-2,-130
1767172858.623238,5,-1,-131
1767172858.633238,4,-1,-131
1767172858.643238,2,-3,-127
1767172858.653238,5,-5,-124
1767172858.663238,2,-2,-127
1767172858.673238,4,-1,-131
1767172858.6832385,6,3,-128
1767172858.6932385,4,4,-129
1767172858.7032382,6,6,-120
1767172858.7132382,6,4,-114
1767172858.7232382,3,3,-116
1767172858.7332382,1,2,-115
1767172858.7432382,8,0,-122
1767172858.7532382,4,1,-126
1767172858.7632382,-1,0,-125
1767172858.7732382,0,1,-132
1767172858.7832382,3,2,-128
1767172858.7932382,1,2,-126
1767172858.8032382,0,2,-135
1767172858.813238,-3,1,-134
1767172858.823238,-6,2,-131
1767172858.833238,-4,-2,-131
1767172858.843238,-7,-5,-134
1767172858.853238,-7,-3,-135
1767172858.863238,-1,-3,-133
1767172858.873238,-3,-1,-128
1767172858.883238,-2,-3,-131
1767172858.893238,-2,-4,-129
1767172858.903238,0,0,-132
1767172858.913238,5,-1,-130
1767172858.923238,4,-2,-130
1767172858.9332385,0,0,-133
1767172858.9432385,1,1,-132
1767172858.9532382,1,0,-131
1767172858.9632382,0,-1,-130
1767172858.9732382,1,2,-129
1767172858.9832382,3,0,-133
1767172858.9932382,0,0,-129
1767172859.0032382,2,3,-129
1767172859.0132382,3,7,-132
1767172859.0232382,3,6,-131
1767172859.0332382,7,7,-124
1767172859.0432382,1,2,-128
1767172859.0532382,2,5,-129
1767172859.063238,-4,7,-128
1767172859.073238,-2,7,-124
1767172859.083238,0,8,-126
1767172859.093238,0,6,-130
1767172859.103238,0,4,-134
1767172859.113238,1,7,-135
1767172859.123238,-5,9,-137
1767172859.133238,-1,7,-132
1767172859.143238,-1,4,-128
1767172859.153238,-3,4,-128
1767172859.163238,-4,4,-127
1767172859.173238,-3,4,-132
1767172859.1832385,-6,3,-131
1767172859.1932385,-5,-1,-128
1767172859.2032382,-5,-3,-129
1767172859.2132382,-1,-5,-128
1767172859.2232382,-1,-4,-127
1767172859.2332382,0,-3,-121
1767172859.2432382,-1,0,-123
1767172859.2532382,-4,0,-118
1767172859.2632382,-2,2,-118
1767172859.2732382,-3,4,-122
1767172859.2832382,0,0,-119
1767172859.2932382,-1,2,-113
1767172859.3032382,-6,2,-120
1767172859.313238,-8,2,-126
1767172859.323238,-4,1,-119
1767172859.333238,-5,-3,-122
1767172859.343238,-6,-4,-126
1767172859.353238,-2,-5,-117
1767172859.363238,0,-4,-112
1767172859.373238,0,-2,-118
1767172859.383238,-2,-3,-121
1767172859.393238,-2,-4,-128
1767172859.403238,1,-3,-138
1767172859.413238,0,-4,-139
1767172859.4342382,5,-6,-133
1767172859.4432385,8,-4,-131
1767172859.4532382,4,-3,-128
1767172859.4632382,0,-1,-127
1767172859.4732382,0,-1,-127
1767172859.4832382,0,0,-136
1767172859.4932382,2,4,-139
1767172859.5032382,0,4,-135
1767172859.5132382,-5,3,-135
1767172859.5232382,-5,4,-133
1767172859.5332382,-5,0,-139
1767172859.5432382,-6,0,-132
1767172859.5532382,0,3,-133
1767172859.563238,3,1,-131
1767172859.573238,5,1,-130
1767172859.583238,6,-3,-136
1767172859.593238,7,-1,-135
1767172859.603238,5,0,-136
1767172859.613238,1,0,-133
1767172859.623238,0,1,-133
1767172859.633238,-4,-2,-141
1767172859.643238,-3,-4,-141
1767172859.653238,-3,-5,-143
1767172859.663238,-5,-6,-140
1767172859.673238,-8,-7,-139
1767172859.6832385,-7,-8,-136
1767172859.6932385,-2,-4,-140
1767172859.7032382,2,-1,-135
1767172859.7132382,4,1,-134
1767172859.7232382,3,2,-136
1767172859.7332382,3,2,-134
1767172859.7432382,3,-1,-137
1767172859.7532382,2,-1,-135
1767172859.7632382,-3,-2,-131
1767172859.7732382,-1,0,-129
1767172859.7832382,-2,-3,-136
1767172859.7932382,-3,-4,-127
1767172859.8032382,0,-3,-131
1767172859.813238,-5,-5,-129
1767172859.823238,3,-3,-133
1767172859.833238,1,-10,-135
1767172859.843238,-2,-7,-137
1767172859.853238,-2,-8,-136
1767172859.863238,-5,-11,-135
1767172859.873238,-2,-7,-133
1767172859.883238,-10,-4,-142
1767172859.893238,-6,-6,-139
1767172859.903238,-3,-3,-138
1767172859.913238,-5,-3,-135
1767172859.923238,-2,0,-142
1767172859.9332385,-6,-2,-136
1767172859.9432385,-13,-5,-131
1767172859.9532382,-9,-3,-135
1767172859.9632382,-7,-1,-136
1767172859.9732382,-3,0,-135
1767172859.9832382,-6,1,-136
1767172859.9932382,-1,0,-137
1767172860.0032382,1,-1,-141
1767172860.0132382,2,0,-141
1767172860.0232382,-5,-1,-131
1767172860.0332382,-6,0,-122
1767172860.0432382,-6,1,-130
1767172860.0532382,-11,2,-136
1767172860.063238,-10,-1,-141
1767172860.073238,-3,1,-139
1767172860.083238,0,2,-131
1767172860.093238,0,0,-120
1767172860.103238,-4,-1,-122
1767172860.113238,-3,-2,-126
1767172860.123238,-2,-1,-127
1767172860.133238,-3,-2,-131
1767172860.143238,0,-7,-124
1767172860.153238,1,-3,-126
1767172860.163238,0,-1,-131
1767172860.173238,-4,0,-144
1767172860.1832385,-5,-2,-146
1767172860.1932385,-4,-5,-148
1767172860.2032382,-2,-6,-143
1767172860.2132382,-1,-5,-141
1767172860.2232382,0,-5,-140
1767172860.2332382,4,-4,-139
1767172860.2432382,6,-6,-143
1767172860.2532382,3,-7,-138
1767172860.2632382,0,-5,-140
1767172860.2732382,0,-2,-135
1767172860.2832382,-2,-4,-130
1767172860.2932382,-4,-2,-131
1767172860.3032382,0,-1,-133
1767172860.313238,0,-1,-137
1767172860.323238,1,3,-134
1767172860.333238,3,0,-134
1767172860.343238,-3,2,-140
1767172860.353238,-2,-1,-136
1767172860.363238,0,-4,-140
1767172860.373238,0,-2,-132
1767172860.383238,1,-1,-128
1767172860.3942382,-1,-1,-118
1767172860.403238,0,-1,-121
1767172860.413238,-2,-3,-125
1767172860.423238,-3,-1,-131
1767172860.4342382,-3,-3,-133
1767172860.4442382,3,-5,-132
1767172860.4542382,1,0,-138
1767172860.4642382,2,0,-137
1767172860.4742382,2,0,-136
1767172860.484238,2,3,-142
1767172860.494238,0,5,-136
1767172860.504238,0,3,-141
1767172860.514238,-2,4,-146
1767172860.524238,-3,8,-150
1767172860.534238,-3,4,-149
1767172860.544238,-1,4,-142
1767172860.554238,-4,1,-135
1767172860.564238,-3,1,-133
1767172860.574238,0,3,-125
1767172860.584238,6,0,-129
1767172860.594238,6,0,-132
1767172860.6042385,5,0,-134
1767172860.6142385,5,-1,-132
1767172860.6242385,3,-4,-132
1767172860.6342382,0,-3,-130
1767172860.6442382,-1,-6,-132
1767172860.6542382,0,-7,-134
1767172860.6642382,0,-3,-133
1767172860.6742382,0,-1,-137
1767172860.6842382,2,0,-132
1767172860.6942382,5,0,-134
1767172860.7042382,2,-1,-125
1767172860.7142382,0,-1,-121
1767172860.7242382,0,0,-129
1767172860.734238,0,2,-132
1767172860.744238,0,1,-131
1767172860.754238,0,-4,-132
1767172860.764238,-1,-4,-133
1767172860.774238,-1,-5,-136
1767172860.784238,1,-5,-135
1767172860.794238,4,-7,-137
1767172860.804238,4,-10,-138
1767172860.814238,7,-11,-140
1767172860.824238,5,-6,-143
1767172860.834238,4,-3,-139
1767172860.844238,4,1,-137
1767172860.8542385,-1,0,-136
1767172860.8642385,-5,-1,-134
1767172860.8742385,-3,0,-130
1767172860.8842382,-5,-1,-128
1767172860.8942382,-7,0,-120
1767172860.9042382,-6,-4,-130
1767172860.9142382,0,-5,-130
1767172860.9242382,-3,-6,-129
1767172860.9342382,-4,-6,-130
1767172860.9442382,-1,-6,-133
1767172860.9542382,-6,-5,-132
1767172860.9642382,-7,-4,-136
1767172860.9742382,-8,-4,-138
1767172860.984238,-4,-3,-136
1767172860.994238,2,-5,-139
1767172861.004238,9,-5,-138
1767172861.014238,6,-1,-128
1767172861.024238,-2,4,-132
1767172861.034238,-1,4,-129
1767172861.044238,0,1,-124
1767172861.054238,-5,0,-123
1767172861.064238,-2,-1,-126
1767172861.074238,-2,1,-124
1767172861.084238,-2,-1,-124
1767172861.094238,-3,-2,-126
1767172861.1042385,-2,-1,-128
1767172861.1142385,-1,2,-133
1767172861.1242385,-4,2,-139
1767172861.1342382,-8,-3,-136
1767172861.1442382,-7,-5,-137
1767172861.1542382,-6,-4,-133
1767172861.1642382,0,-4,-128
1767172861.1742382,3,-6,-129
1767172861.1842382,1,-6,-135
1767172861.1942382,0,-2,-139
1767172861.2042382,2,0,-137
1767172861.2142382,0,-1,-138
1767172861.2242382,-5,2,-138
1767172861.234238,-1,2,-132
1767172861.244238,-2,0,-130
1767172861.254238,0,1,-129
1767172861.264238,-3,-3,-127
1767172861.274238,-3,-5,-129
1767172861.284238,-7,-7,-131
1767172861.294238,-8,-7,-133
1767172861.304238,-4,-3,-132
1767172861.314238,-2,-6,-136
1767172861.324238,-3,0,-129
1767172861.334238,-4,0,-130
1767172861.344238,-3,-2,-130
1767172861.3542385,-1,2,-135
1767172861.3642385,1,0,-136
1767172861.3742385,4,0,-139
1767172861.3842382,2,-3,-139
1767172861.3942382,1,-3,-145
1767172861.4042382,-1,-4,-145
1767172861.4142382,-3,-5,-149
1767172861.4242382,-3,0,-147
1767172861.4342382,0,1,-143
1767172861.4442382,-1,2,-135
1767172861.4542382,0,4,-133
1767172861.4642382,1,4,-134
1767172861.4742382,2,5,-137
1767172861.484238,0,6,-136
1767172861.494238,-4,3,-140
1767172861.504238,-2,1,-136
1767172861.514238,-2,0,-136
1767172861.524238,-3,-1,-139
1767172861.534238,-5,-5,-135
1767172861.544238,-2,-7,-136
1767172861.554238,0,-8,-139
1767172861.564238,-4,-9,-138
1767172861.574238,-9,-5,-142
1767172861.584238,-10,-4,-135
1767172861.594238,-7,0,-129
1767172861.6042385,-6,1,-135
1767172861.6142385,-4,-2,-135
1767172861.6242385,-5,-3,-139
1767172861.6342382,-5,-7,-141
1767172861.6442382,-3,-5,-129
1767172861.6542382,-5,-5,-136
1767172861.6642382,-2,-1,-131
1767172861.6742382,-3,0,-134
1767172861.6842382,-6,0,-133
1767172861.6942382,-4,-2,-143
1767172861.7042382,-5,0,-146
1767172861.7142382,0,-3,-150
1767172861.7242382,3,0,-134
1767172861.734238,2,0,-130
1767172861.744238,1,0,-124
1767172861.754238,-3,-1,-129
1767172861.764238,-4,0,-134
1767172861.774238,0,1,-135
1767172861.784238,0,6,-135
1767172861.794238,0,6,-133
1767172861.804238,0,5,-139
1767172861.814238,1,1,-137
1767172861.824238,0,1,-135
1767172861.834238,-2,-1,-136
1767172861.844238,-7,-3,-134
1767172861.8542385,-9,-1,-137
1767172861.8642385,-5,-1,-132
1767172861.8742385,-6,-2,-131
1767172861.8842382,-1,-3,-130
1767172861.8942382,0,-3,-132
1767172861.9042382,0,-5,-133
1767172861.9142382,1,-2,-139
1767172861.9242382,-2,-2,-148
1767172861.9342382,-4,0,-150
1767172861.9442382,-3,0,-143
1767172861.9542382,0,2,-141
1767172861.9642382,0,-1,-141
1767172861.9742382,1,-3,-139
1767172861.984238,3,-4,-138
1767172861.994238,4,-3,-136
1767172862.004238,8,-4,-140
1767172862.014238,3,-3,-136
1767172862.024238,2,-4,-134
1767172862.034238,1,-2,-134
1767172862.044238,1,-1,-140
1767172862.054238,0,1,-142
1767172862.064238,0,-2,-149
1767172862.074238,-3,-3,-145
1767172862.084238,-3,0,-139
1767172862.094238,-5,0,-138
1767172862.1042385,-5,-4,-138
1767172862.1142385,-4,-5,-131
1767172862.1242385,3,-1,-135
1767172862.1342382,4,-3,-127
1767172862.1442382,7,-3,-128
1767172862.1542382,7,-4,-132
1767172862.1642382,9,-4,-137
1767172862.1742382,11,-3,-141
1767172862.1842382,9,-6,-143
1767172862.1942382,8,-7,-140
1767172862.2042382,5,-2,-137
1767172862.2142382,8,-1,-140
1767172862.2242382,11,-3,-136
1767172862.234238,8,0,-135
1767172862.244238,5,2,-136
1767172862.254238,4,0,-131
1767172862.264238,4,4,-130
1767172862.274238,3,2,-131
1767172862.284238,7,6,-129
1767172862.294238,11,8,-130
1767172862.304238,11,9,-132
1767172862.314238,12,0,-130
1767172862.324238,10,0,-132
1767172862.334238,4,2,-125
1767172862.344238,0,3,-125
1767172862.3542385,0,0,-127
1767172862.3642385,1,3,-124
1767172862.3742385,3,3,-125
1767172862.3842382,4,4,-128
1767172862.3942382,5,1,-128
1767172862.4042382,2,0,-132
1767172862.4142382,0,-5,-137
1767172862.4242382,-3,-4,-138
1767172862.4342382,-5,-2,-143
1767172862.4442382,-5,-1,-133
1767172862.4542382,-7,-1,-134
1767172862.4642382,-10,1,-130
1767172862.4742382,-11,0,-132
1767172862.484238,-6,-1,-137
1767172862.494238,-3,2,-133
1767172862.504238,-9,-2,-132
1767172862.514238,0,-8,-138
1767172862.524238,3,-8,-140
1767172862.534238,4,-6,-139
1767172862.544238,1,-4,-132
1767172862.554238,4,-1,-134
1767172862.564238,1,-5,-134
1767172862.574238,1,-5,-142
1767172862.584238,0,-3,-144
1767172862.594238,0,-5,-129
1767172862.6042385,-3,-7,-127
1767172862.6142385,0,-7,-130
1767172862.6242385,1,-1,-125
1767172862.6342382,0,3,-133
1767172862.6442382,0,2,-135
1767172862.6542382,0,3,-133
1767172862.6642382,-7,0,-137
1767172862.6742382,-7,-5,-141
1767172862.6842382,-7,-5,-138
1767172862.6942382,-6,0,-137
1767172862.7042382,-3,0,-137
1767172862.7142382,-1,1,-134
1767172862.7242382,-1,0,-126
1767172862.734238,4,-1,-132
1767172862.744238,3,-3,-134
1767172862.754238,9,-5,-134
1767172862.764238,3,-4,-140
1767172862.774238,-1,-1,-136
1767172862.784238,-6,-1,-130
1767172862.794238,-9,-3,-131
1767172862.804238,-6,-1,-134
1767172862.814238,-7,-2,-131
1767172862.824238,-2,-1,-128
1767172862.834238,0,-1,-124
1767172862.844238,0,0,-125
1767172862.8542385,-3,-3,-123
1767172862.8642385,-6,-2,-131
1767172862.8742385,-5,-2,-132
1767172862.8842382,-5,-1,-129
1767172862.8942382,-7,0,-122
1767172862.9042382,-5,0,-121
1767172862.9142382,-5,0,-120
1767172862.9242382,-4,2,-123
1767172862.9342382,-3,3,-129
1767172862.9442382,-6,1,-126
1767172862.9542382,-10,-1,-132
1767172862.965238,-10,-1,-128
1767172862.9742382,-2,0,-130
1767172862.984238,2,-2,-134
1767172862.995238,6,-2,-140
1767172863.004238,4,0,-140
1767172863.015238,5,0,-138
1767172863.024238,5,0,-135
1767172863.0352385,5,-1,-132
1767172863.0452385,4,-1,-136
1767172863.0552382,1,-1,-132
1767172863.0652382,3,-4,-127
1767172863.0752382,-1,-2,-126
1767172863.0852382,5,-2,-128
1767172863.0952382,-3,-2,-129
1767172863.1052382,-2,-4,-131
1767172863.1152382,-2,-6,-133
1767172863.1252382,-4,-4,-129
1767172863.1352382,-2,-6,-132
1767172863.1452382,-3,-6,-125
1767172863.1552382,-3,-6,-123
1767172863.165238,-5,-3,-121
1767172863.175238,-5,-6,-119
1767172863.185238,-3,-9,-119
1767172863.195238,0,-4,-119
1767172863.205238,0,-2,-123
1767172863.215238,3,-4,-131
1767172863.225238,3,-2,-132
1767172863.235238,5,-3,-126
1767172863.245238,1,0,-128
1767172863.255238,-2,0,-125
1767172863.265238,-7,0,-126
1767172863.275238,-4,0,-128
1767172863.2852385,-3,0,-132
1767172863.2952385,2,-1,-131
1767172863.3052382,0,-2,-128
1767172863.3152382,1,0,-133
1767172863.3252382,4,1,-136
1767172863.3352382,0,1,-142
1767172863.3452382,3,3,-144
1767172863.3552382,2,2,-150
1767172863.3652382,-1,-1,-147
1767172863.3752382,-6,1,-148
1767172863.3852382,-5,2,-143
1767172863.3952382,-3,0,-145
1767172863.4052382,-3,5,-145
1767172863.415238,0,5,-137
1767172863.425238,1,2,-137
1767172863.435238,2,2,-137
1767172863.445238,1,-2,-136
1767172863.455238,0,-4,-141
1767172863.465238,1,0,-135
1767172863.475238,2,0,-135
1767172863.485238,0,0,-136
1767172863.495238,0,-2,-142
1767172863.505238,1,-4,-138
1767172863.515238,0,-5,-131
1767172863.525238,-2,-6,-134
1767172863.5352385,-7,-3,-133
1767172863.5452385,-6,-4,-126
1767172863.5552382,-8,0,-120
1767172863.5652382,-3,-2,-126
1767172863.5752382,-1,0,-127
1767172863.5852382,0,-2,-128
1767172863.5952382,4,2,-127
1767172863.6052382,8,0,-130
1767172863.6152382,6,0,-125
1767172863.6252382,1,1,-129
1767172863.6352382,1,0,-125
1767172863.6452382,0,-3,-124
1767172863.6552382,-3,-1,-123
1767172863.665238,-3,-2,-123
1767172863.675238,0,-1,-120
1767172863.685238,1,-6,-120
1767172863.695238,0,-5,-122
1767172863.705238,0,-3,-130
1767172863.715238,-2,-2,-131
1767172863.725238,-4,-1,-128
1767172863.735238,0,0,-128
1767172863.745238,0,0,-129
1767172863.755238,4,-1,-137
1767172863.765238,2,0,-142
1767172863.775238,2,4,-146
1767172863.7852385,0,3,-146
1767172863.7952385,-3,3,-145
1767172863.8052382,-3,-3,-146
1767172863.8152382,-1,-6,-145
1767172863.8252382,0,-1,-148
1767172863.8352382,-2,0,-154
1767172863.8452382,-3,0,-152
1767172863.8552382,-3,-2,-148
1767172863.8652382,-3,-1,-143
1767172863.8752382,-1,-2,-145
1767172863.8852382,2,-1,-147
1767172863.8952382,2,-1,-151
1767172863.9052382,5,-4,-149
1767172863.915238,1,-5,-138
1767172863.925238,-1,-5,-139
1767172863.935238,-4,-6,-140
1767172863.945238,2,-2,-133
1767172863.955238,1,-2,-133
1767172863.965238,0,-2,-134
1767172863.975238,0,-5,-132
1767172863.985238,1,-1,-139
1767172863.995238,0,0,-139
1767172864.005238,0,-1,-133
1767172864.015238,-4,-1,-132
1767172864.025238,-4,0,-130
1767172864.0352385,-2,1,-129
1767172864.0452385,1,-3,-132
1767172864.0552382,-3,-2,-131
1767172864.0652382,-5,-5,-133
1767172864.0752382,-6,-10,-134
1767172864.0852382,-5,-6,-135
1767172864.0952382,-6,-2,-135
1767172864.1052382,-5,-1,-138
1767172864.1152382,-5,-2,-138
1767172864.1252382,-6,-3,-138
1767172864.1352382,-7,-4,-140
1767172864.1452382,-1,-2,-142
1767172864.1552382,0,-1,-140
1767172864.165238,-1,-7,-134
1767172864.175238,0,-7,-135
1767172864.185238,7,-7,-126
1767172864.195238,0,-4,-126
1767172864.205238,1,-4,-126
1767172864.215238,-3,-4,-131
1767172864.225238,-5,-2,-132
1767172864.235238,-1,-5,-127
1767172864.245238,0,-6,-128
1767172864.255238,-1,-5,-132
1767172864.265238,-4,-4,-136
1767172864.275238,-5,-5,-144
1767172864.2852385,-7,-9,-140
1767172864.2952385,-8,-7,-142
1767172864.3052382,-3,-6,-144
1767172864.3152382,-1,0,-137
1767172864.3252382,-1,1,-135
1767172864.3352382,2,0,-132
1767172864.3452382,1,-1,-128
1767172864.3552382,-3,-4,-128
1767172864.3652382,-9,-6,-128
1767172864.3752382,-3,-8,-130
1767172864.3852382,0,-5,-134
1767172864.3952382,0,-6,-129
1767172864.4052382,2,-5,-126
1767172864.415238,1,-7,-125
1767172864.425238,1,-10,-128
1767172864.446238,0,-8,-131
1767172864.455238,1,-7,-125
1767172864.465238,4,-7,-126
1767172864.475238,3,-6,-130
1767172864.485238,3,-5,-135
1767172864.495238,6,-2,-128
1767172864.505238,0,0,-133
1767172864.515238,0,2,-135
1767172864.525238,0,0,-131
1767172864.5352385,-3,-2,-133
1767172864.5452385,0,-2,-130
1767172864.5552382,-2,-4,-124
1767172864.5652382,-4,-7,-127
1767172864.5752382,-5,-5,-128
1767172864.5852382,-6,-5,-136
1767172864.5952382,-6,-4,-126
1767172864.6052382,-2,-2,-121
1767172864.6152382,-2,-2,-125
1767172864.6252382,-2,0,-122
1767172864.6352382,1,0,-128
1767172864.6452382,-2,2,-131
1767172864.6552382,-1,-3,-130
1767172864.665238,-1,-6,-129
1767172864.675238,-2,-5,-131
1767172864.685238,0,-3,-132
1767172864.695238,0,-3,-133
1767172864.705238,3,-3,-132
1767172864.715238,7,-2,-134
1767172864.725238,4,-7,-135
1767172864.735238,1,-7,-131
1767172864.745238,-1,-6,-132
1767172864.755238,0,-2,-136
1767172864.765238,0,-2,-138
1767172864.775238,2,-1,-135
1767172864.7852385,0,-2,-142
1767172864.7952385,2,-4,-139
1767172864.8052382,0,-3,-140
1767172864.8152382,-2,-4,-130
1767172864.8252382,0,-5,-126
1767172864.8352382,1,-3,-124
1767172864.8452382,1,-3,-123
1767172864.8552382,0,-8,-127
1767172864.8652382,-2,-4,-127
1767172864.8752382,-5,-6,-139
1767172864.8852382,-3,-3,-145
1767172864.8952382,-4,-1,-141
1767172864.9052382,0,-1,-131
1767172864.915238,-3,-3,-126
1767172864.925238,0,-1,-129
1767172864.935238,1,0,-133
1767172864.945238,7,1,-135
1767172864.955238,10,1,-138
1767172864.965238,7,4,-142
1767172864.975238,5,3,-141
1767172864.985238,1,1,-142
1767172864.995238,0,2,-142
1767172865.005238,0,7,-143
1767172865.015238,1,6,-140
1767172865.025238,0,6,-137
1767172865.0352385,-3,2,-137
1767172865.0452385,-1,-1,-134
1767172865.0552382,2,-4,-135
1767172865.0652382,-1,-7,-131
1767172865.0752382,0,-6,-131
1767172865.0852382,1,-6,-130
1767172865.0952382,0,-1,-135
1767172865.1052382,0,-3,-135
1767172865.1152382,1,-3,-133
1767172865.1252382,-2,-3,-133
1767172865.1352382,0,-2,-133
1767172865.1452382,2,0,-128
1767172865.1552382,1,-2,-131
1767172865.165238,-2,-1,-121
1767172865.175238,-4,0,-119
1767172865.185238,-4,-1,-120
1767172865.195238,-6,-2,-125
1767172865.205238,-6,-3,-127
1767172865.215238,-5,0,-122
1767172865.225238,0,0,-116
1767172865.235238,4,3,-121
1767172865.245238,0,7,-128
1767172865.255238,-2,6,-126
1767172865.265238,0,4,-128
1767172865.275238,0,5,-135
1767172865.2852385,4,0,-135
1767172865.2952385,6,0,-140
1767172865.3052382,3,0,-136
1767172865.3152382,-2,-3,-133
1767172865.3252382,-8,-5,-139
1767172865.3352382,-6,-4,-138
1767172865.3452382,-11,-6,-137
1767172865.3552382,-10,-7,-135
1767172865.3652382,-2,-4,-132
1767172865.3752382,2,-4,-130
1767172865.3852382,5,-1,-132
1767172865.3952382,5,1,-139
1767172865.4052382,7,1,-142
1767172865.415238,2,-2,-137
1767172865.425238,1,-4,-134
1767172865.435238,4,-5,-130
1767172865.445238,2,-5,-133
1767172865.455238,3,-8,-131
1767172865.465238,7,-10,-134
1767172865.475238,5,-9,-132
1767172865.485238,6,-4,-125
1767172865.495238,5,-8,-137
1767172865.505238,2,-1,-144
1767172865.515238,0,-1,-144
1767172865.525238,0,-2,-145
1767172865.5352385,-2,-1,-140
1767172865.5452385,0,1,-135
1767172865.5552382,-1,0,-120
1767172865.5652382,0,-4,-121
1767172865.5752382,0,0,-120
1767172865.5852382,2,-2,-127
1767172865.5952382,-4,-3,-132
1767172865.6052382,0,-8,-132
1767172865.6152382,2,-5,-138
1767172865.626238,3,-2,-137
1767172865.636238,1,-4,-139
1767172865.646238,5,-3,-138
1767172865.656238,5,-3,-134
1767172865.665238,2,-7,-140
1767172865.676238,2,-9,-136
1767172865.686238,2,-10,-134
1767172865.696238,3,-10,-129
1767172865.7062385,3,-8,-127
1767172865.7162385,3,-6,-127
1767172865.7262385,1,-5,-122
1767172865.7362382,0,-6,-122
1767172865.7462382,-3,-4,-129
1767172865.7562382,-4,-3,-139
1767172865.7662382,-6,-3,-141
1767172865.7762382,-5,-3,-144
1767172865.7862382,-3,-4,-140
1767172865.7962382,-1,-4,-131
1767172865.8062382,-4,-7,-131
1767172865.8162382,-2,-2,-134
1767172865.8262382,0,0,-133
1767172865.836238,1,-3,-134
1767172865.846238,0,-2,-133
1767172865.856238,-3,0,-132
1767172865.866238,0,0,-135
1767172865.876238,0,-4,-134
1767172865.886238,5,-2,-131
1767172865.896238,6,-4,-135
1767172865.906238,7,-4,-132
1767172865.916238,3,-1,-138
1767172865.926238,0,-1,-135
1767172865.936238,5,0,-133
1767172865.946238,12,-5,-136
1767172865.9562385,11,-10,-136
1767172865.9662385,11,-11,-140
1767172865.9762385,8,-11,-139
1767172865.9862382,6,-12,-143
1767172865.9962382,4,-11,-137
1767172866.0062382,1,-10,-130
1767172866.0162382,0,-11,-130
1767172866.0262382,2,-12,-131
1767172866.0362382,4,-6,-131
1767172866.0462382,10,-3,-133
1767172866.0562382,7,-3,-127
1767172866.0662382,4,-2,-129
1767172866.0762382,4,0,-126
1767172866.086238,-5,2,-131
1767172866.096238,-1,1,-129
1767172866.106238,0,-2,-130
1767172866.116238,3,0,-128
1767172866.126238,1,0,-128
1767172866.136238,0,-3,-133
1767172866.146238,2,-3,-135
1767172866.156238,2,2,-141
1767172866.166238,4,3,-141
1767172866.176238,6,0,-138
1767172866.186238,5,-1,-139
1767172866.196238,2,-2,-134
1767172866.2062385,3,-1,-135
1767172866.2162385,0,-3,-131
1767172866.2262385,0,-1,-127
1767172866.2362382,3,-3,-125
1767172866.2462382,0,-5,-125
1767172866.2562382,0,-5,-125
1767172866.2662382,1,-7,-137
1767172866.2762382,-1,-8,-134
1767172866.2862382,-1,-10,-133
1767172866.2962382,0,-9,-132
1767172866.3062382,-2,-5,-134
1767172866.3162382,-2,-3,-130
1767172866.3262382,0,-4,-129
1767172866.336238,-5,-3,-132
1767172866.346238,-1,-4,-129
1767172866.356238,-2,-4,-132
1767172866.366238,-1,-3,-128
1767172866.376238,1,0,-138
1767172866.386238,2,0,-139
1767172866.396238,2,2,-135
1767172866.406238,1,0,-135
1767172866.416238,-1,0,-132
1767172866.426238,-1,0,-129
1767172866.436238,-2,-1,-129
1767172866.446238,3,-2,-129
1767172866.4562385,1,0,-137
1767172866.4662385,-2,0,-138
1767172866.4762385,-6,-1,-129
1767172866.4862382,-7,-2,-134
1767172866.4962382,-3,-4,-139
1767172866.5062382,-2,-5,-137
1767172866.5162382,-3,-4,-131
1767172866.5262382,0,-9,-133
1767172866.5362382,-3,-10,-127
1767172866.5462382,-11,-10,-128
1767172866.5562382,-14,-7,-132
1767172866.5662382,-9,-9,-136
1767172866.5762382,-3,-9,-129
1767172866.586238,-4,-7,-130
1767172866.596238,-3,-6,-131
1767172866.606238,-2,-4,-130
1767172866.616238,-5,-8,-131
1767172866.626238,-6,-7,-132
1767172866.6372385,-4,-4,-128
1767172866.646238,-7,-2,-128
1767172866.656238,-6,0,-130
1767172866.666238,-3,0,-127
1767172866.676238,-3,-1,-126
1767172866.686238,0,-2,-123
1767172866.696238,-2,-2,-126
1767172866.7062385,1,-6,-133
1767172866.7162385,-1,-2,-136
1767172866.7262385,0,2,-132
1767172866.7362382,0,3,-124
1767172866.7462382,0,-1,-118
1767172866.7562382,0,-2,-119
1767172866.7662382,-2,-5,-121
1767172866.7762382,0,-3,-125
1767172866.7862382,0,-1,-124
1767172866.7962382,5,0,-126
1767172866.8062382,4,-3,-132
1767172866.8162382,6,-7,-131
1767172866.8262382,3,-7,-136
1767172866.836238,0,-6,-142
1767172866.846238,0,-4,-137
1767172866.856238,0,0,-136
1767172866.866238,-1,-1,-138
1767172866.876238,2,-2,-137
1767172866.886238,7,-7,-132
1767172866.896238,2,-10,-135
1767172866.906238,5,-10,-129
1767172866.916238,3,-9,-130
1767172866.926238,-2,-7,-128
1767172866.936238,-2,-1,-133
1767172866.946238,4,-2,-129
1767172866.9562385,2,-5,-132
1767172866.9662385,3,-9,-132
1767172866.9762385,0,-5,-127
1767172866.9862382,-1,-3,-131
1767172866.9962382,-2,-3,-129
1767172867.0062382,0,-4,-135
1767172867.0162382,1,-4,-134
1767172867.0262382,0,-4,-132
1767172867.0362382,-1,-2,-129
1767172867.0462382,-1,0,-124
1767172867.0562382,0,-3,-123
1767172867.0662382,4,-4,-126
1767172867.0762382,0,0,-120
1767172867.086238,2,0,-123
1767172867.096238,3,1,-126
1767172867.106238,3,5,-130
1767172867.116238,3,4,-125
1767172867.126238,0,8,-133
1767172867.136238,0,5,-129
1767172867.146238,-1,4,-137
1767172867.156238,-3,0,-139
1767172867.166238,-3,0,-139
1767172867.176238,-2,0,-141
1767172867.186238,-2,-1,-137
1767172867.196238,0,0,-136
1767172867.2062385,1,2,-132
1767172867.2162385,2,1,-127
1767172867.2262385,-1,1,-128
1767172867.2362382,0,0,-129
1767172867.2462382,3,-2,-128
1767172867.2562382,1,-4,-134
1767172867.2662382,1,-5,-140
1767172867.2762382,0,-5,-136
1767172867.2862382,1,-6,-134
1767172867.2962382,1,-3,-144
1767172867.3062382,7,-4,-141
1767172867.3162382,6,-4,-136
1767172867.3262382,2,-3,-135
1767172867.336238,1,-5,-133
1767172867.346238,1,-6,-144
1767172867.356238,1,-6,-145
1767172867.366238,5,-6,-143
1767172867.376238,4,-5,-141
1767172867.386238,4,-3,-144
1767172867.396238,5,-2,-139
1767172867.406238,2,-7,-135
1767172867.416238,3,-4,-136
1767172867.426238,6,-5,-134
1767172867.436238,5,-5,-133
1767172867.446238,0,-7,-136
1767172867.4562385,-4,-8,-140
1767172867.4662385,-4,-15,-134
1767172867.4762385,-3,-9,-128
1767172867.4862382,-1,-2,-129
1767172867.4962382,0,-3,-128
1767172867.5062382,-2,-2,-129
1767172867.5162382,0,-1,-124
1767172867.5262382,-1,-1,-132
1767172867.5362382,-2,-2,-135
1767172867.5462382,1,-5,-128
1767172867.5562382,6,-6,-130
1767172867.5662382,5,-4,-134
1767172867.5762382,5,-7,-135
1767172867.586238,1,-3,-134
1767172867.596238,0,-1,-140
1767172867.606238,2,1,-142
1767172867.616238,2,4,-141
1767172867.626238,0,0,-137
1767172867.636238,3,-1,-137
1767172867.646238,2,-3,-132
1767172867.656238,0,-10,-132
1767172867.666238,-1,-8,-142
1767172867.676238,-2,-6,-138
1767172867.686238,-2,-4,-137
1767172867.696238,0,-1,-141
1767172867.7062385,-3,3,-139
1767172867.7162385,0,6,-135
1767172867.7262385,2,7,-130
1767172867.7362382,9,2,-129
1767172867.7462382,6,-1,-126
1767172867.7562382,3,-5,-133
1767172867.7662382,-2,-8,-129
1767172867.7762382,-6,-4,-128
1767172867.7862382,-2,0,-136
1767172867.7962382,0,-1,-136
1767172867.8062382,-6,-2,-134
1767172867.8162382,-7,0,-137
1767172867.8262382,-8,0,-141
1767172867.836238,-8,1,-140
1767172867.846238,-7,0,-148
1767172867.856238,-1,1,-143
1767172867.866238,-2,1,-133
1767172867.876238,-1,1,-128
1767172867.886238,2,3,-121
1767172867.896238,3,5,-121
1767172867.906238,1,2,-127
1767172867.916238,4,3,-128
1767172867.926238,5,0,-126
1767172867.936238,7,0,-134
1767172867.946238,6,0,-137
1767172867.9562385,7,-1,-137
1767172867.9662385,6,-5,-136
1767172867.9762385,3,-7,-136
1767172867.9862382,-2,-4,-138
1767172867.9962382,0,-4,-138
1767172868.0062382,5,-4,-129
1767172868.0162382,5,-6,-126
1767172868.0262382,0,-4,-124
1767172868.0362382,5,-6,-128
1767172868.0462382,6,-6,-130
1767172868.0562382,8,-3,-130
1767172868.0662382,1,-3,-131
1767172868.0762382,0,0,-131
1767172868.086238,-1,-2,-137
1767172868.096238,-1,-3,-144
1767172868.106238,-5,-4,-140
1767172868.116238,-1,-3,-133
1767172868.126238,1,-1,-133
1767172868.136238,0,0,-134
1767172868.146238,2,2,-141
1767172868.156238,0,0,-145
1767172868.166238,1,-4,-137
1767172868.176238,-1,-3,-135
1767172868.186238,-1,0,-135
1767172868.196238,-3,-2,-138
1767172868.2062385,0,-2,-139
1767172868.2162385,0,-2,-139
1767172868.2272382,-3,2,-138
1767172868.2372382,-3,3,-148
1767172868.2462382,0,3,-144
1767172868.257238,2,2,-144
1767172868.267238,1,1,-140
1767172868.277238,4,-2,-139
1767172868.287238,3,2,-139
1767172868.297238,-1,4,-135
1767172868.307238,0,4,-136
1767172868.317238,2,4,-137
1767172868.327238,0,-2,-141
1767172868.337238,0,-4,-141
1767172868.347238,5,0,-138
1767172868.357238,5,1,-134
1767172868.367238,4,-1,-132
1767172868.377238,4,0,-131
1767172868.3872385,1,0,-131
1767172868.3972385,0,0,-132
1767172868.4072382,0,0,-132
1767172868.4172382,0,2,-136
1767172868.4272382,4,1,-137
1767172868.4372382,0,-2,-134
1767172868.4472382,2,-5,-133
1767172868.4572382,0,-2,-133
1767172868.4672382,0,-6,-129
1767172868.4772382,0,1,-128
1767172868.4872382,5,1,-126
1767172868.4972382,5,0,-124
1767172868.507238,6,0,-131
1767172868.517238,5,-2,-135
1767172868.527238,4,-2,-135
1767172868.537238,0,-5,-133
1767172868.547238,-3,-1,-130
1767172868.557238,-5,-4,-130
1767172868.567238,-2,-5,-129
1767172868.577238,0,-2,-127
1767172868.587238,0,2,-129
1767172868.597238,-2,-1,-131
1767172868.607238,-9,-2,-127
1767172868.617238,-4,-2,-132
1767172868.627238,-3,0,-131
1767172868.6372385,-2,1,-138
1767172868.6472385,-2,-2,-132
1767172868.6572382,-3,0,-128
1767172868.6672382,-3,0,-127
1767172868.6772382,-4,2,-130
1767172868.6872382,-5,2,-129
1767172868.6972382,-3,0,-131
1767172868.7072382,0,-1,-132
1767172868.7172382,-2,-3,-133
1767172868.7272382,0,0,-131
1767172868.7372382,1,0,-131
1767172868.7472382,2,0,-135
1767172868.757238,5,-4,-135
1767172868.767238,9,-6,-140
1767172868.777238,7,-6,-145
1767172868.787238,2,-2,-139
1767172868.797238,-3,-5,-135
1767172868.807238,-1,-2,-125
1767172868.817238,-5,0,-119
1767172868.827238,-9,0,-121
1767172868.837238,-8,0,-125
1767172868.847238,-4,-1,-134
1767172868.857238,-4,1,-131
1767172868.867238,-1,2,-131
1767172868.877238,-1,3,-126
1767172868.8872385,0,3,-126
1767172868.8972385,-1,2,-123
1767172868.9072382,-2,0,-121
1767172868.9172382,0,-1,-123
1767172868.9272382,7,-2,-122
1767172868.9372382,7,-3,-128
1767172868.9472382,5,-1,-134
1767172868.9572382,2,-3,-134
1767172868.9672382,0,-4,-134
1767172868.9772382,-2,-3,-139
1767172868.9872382,-1,-5,-135
1767172868.9972382,-1,-3,-135
1767172869.007238,2,0,-132
1767172869.017238,4,2,-130
1767172869.027238,3,0,-131
1767172869.037238,7,1,-129
1767172869.047238,8,0,-131
1767172869.057238,6,0,-133
1767172869.067238,5,0,-128
1767172869.077238,2,-3,-126
1767172869.087238,4,-7,-126
1767172869.097238,0,-7,-125
1767172869.107238,-3,-8,-131
1767172869.117238,0,-8,-134
1767172869.127238,-1,-10,-139
1767172869.1372385,-2,-8,-138
1767172869.1472385,-1,-4,-140
1767172869.1572382,-2,0,-146
1767172869.1672382,-1,3,-147
1767172869.1772382,-4,0,-148
1767172869.1872382,-3,0,-151
1767172869.1972382,-3,-6,-153
1767172869.2072382,-5,-5,-143
1767172869.2172382,-4,-4,-141
1767172869.2272382,-3,-5,-138
1767172869.2372382,-3,-2,-130
1767172869.2472382,-2,-3,-133
1767172869.257238,-4,-2,-137
1767172869.267238,-6,0,-136
1767172869.277238,-3,-1,-136
1767172869.287238,-3,2,-135
1767172869.297238,0,0,-140
1767172869.307238,-3,0,-145
1767172869.317238,0,4,-149
1767172869.327238,2,-1,-149
1767172869.337238,2,0,-148
1767172869.347238,-2,3,-144
1767172869.357238,0,0,-145
1767172869.367238,-1,1,-143
1767172869.377238,-4,2,-141
1767172869.3872385,-2,3,-145
1767172869.3972385,-2,4,-143
1767172869.4072382,2,3,-142
1767172869.4172382,0,1,-139
1767172869.4272382,6,0,-138
1767172869.4372382,10,3,-130
1767172869.459238,4,-2,-126
1767172869.4672382,2,-2,-126
1767172869.4772382,4,-1,-123
1767172869.4872382,5,-1,-133
1767172869.4972382,4,0,-126
1767172869.507238,3,-2,-126
1767172869.517238,1,-1,-127
1767172869.527238,2,0,-130
1767172869.537238,4,0,-127
1767172869.547238,2,-3,-124
1767172869.557238,-1,-8,-126
1767172869.567238,0,-6,-128
1767172869.577238,2,-3,-139
1767172869.587238,0,0,-136
1767172869.597238,-1,1,-132
1767172869.607238,0,0,-132
1767172869.617238,0,3,-134
1767172869.627238,0,5,-137
1767172869.6372385,0,7,-138
1767172869.6472385,-2,7,-140
1767172869.6572382,0,4,-136
1767172869.6672382,-2,4,-135
1767172869.6772382,1,3,-135
1767172869.6872382,0,0,-132
1767172869.6972382,3,-3,-129
1767172869.7072382,3,-4,-129
1767172869.7172382,4,-6,-127
1767172869.7272382,0,-5,-132
1767172869.7372382,-2,-8,-131
1767172869.7472382,0,-9,-126
1767172869.757238,-1,-11,-123
1767172869.767238,3,-13,-128
1767172869.777238,3,-11,-134
1767172869.787238,4,-4,-135
1767172869.797238,0,0,-131
1767172869.807238,0,-3,-131
1767172869.817238,0,-1,-136
1767172869.827238,-3,-1,-135
1767172869.837238,0,-1,-139
1767172869.847238,0,-4,-142
1767172869.857238,2,-6,-144
1767172869.867238,4,-5,-145
1767172869.877238,7,-3,-148
1767172869.8872385,8,1,-141
1767172869.8972385,9,0,-137
1767172869.9072382,4,1,-133
1767172869.9172382,7,-2,-134
1767172869.9272382,2,2,-128
1767172869.9372382,2,4,-137
1767172869.9472382,3,2,-133
1767172869.9572382,3,2,-135
1767172869.9672382,-1,-1,-135
1767172869.9772382,-1,-1,-130
1767172869.9872382,2,-2,-136
1767172869.9972382,5,-7,-139
1767172870.007238,4,-7,-137
1767172870.017238,7,-6,-136
1767172870.027238,0,-3,-132
1767172870.037238,-2,-1,-128
1767172870.047238,-4,0,-137
1767172870.057238,-2,-2,-135
1767172870.067238,-1,-4,-138
1767172870.077238,0,-8,-133
1767172870.087238,0,-8,-131
1767172870.097238,-1,-4,-133
1767172870.107238,-1,-2,-136
1767172870.117238,-1,-2,-134
1767172870.127238,-2,-2,-133
1767172870.1372385,0,-3,-136
1767172870.1472385,1,-2,-129
1767172870.1572382,2,2,-128
1767172870.1672382,1,2,-131
1767172870.1772382,1,0,-128
1767172870.1872382,1,-3,-130
1767172870.1972382,3,-1,-138
1767172870.2072382,2,0,-135
1767172870.2172382,-3,1,-131
1767172870.2272382,-5,0,-132
1767172870.2372382,-1,0,-128
1767172870.2472382,-1,0,-131
1767172870.257238,-5,0,-136
1767172870.267238,-2,-2,-135
1767172870.277238,-2,-5,-135
1767172870.287238,0,-6,-137
1767172870.297238,-1,-8,-134
1767172870.307238,0,-7,-130
1767172870.317238,1,-7,-130
1767172870.327238,0,-6,-132
1767172870.337238,-2,0,-138
1767172870.347238,-4,2,-138
1767172870.357238,0,1,-137
1767172870.367238,-2,0,-139
1767172870.377238,-1,0,-140
1767172870.3872385,0,0,-142
1767172870.3972385,1,1,-144
1767172870.4072382,1,-1,-141
1767172870.4172382,-2,-5,-139
1767172870.4272382,-3,-5,-137
1767172870.4372382,0,-2,-131
1767172870.4472382,-2,-5,-128
1767172870.4572382,-3,-9,-128
1767172870.4672382,0,-6,-123
1767172870.4772382,2,-2,-125
1767172870.4872382,1,2,-127
1767172870.4972382,0,0,-125
1767172870.507238,0,1,-127
1767172870.517238,0,0,-125
1767172870.527238,0,-3,-128
1767172870.537238,3,1,-125
1767172870.547238,4,3,-124
1767172870.557238,1,0,-128
1767172870.567238,1,1,-133
1767172870.577238,0,0,-138
1767172870.587238,0,-2,-142
1767172870.597238,-1,-4,-143
1767172870.607238,-1,-1,-139
1767172870.617238,0,-1,-135
1767172870.627238,0,-4,-143
1767172870.6372385,-4,-3,-142
1767172870.6472385,-3,-2,-141
1767172870.6572382,-5,-1,-142
1767172870.6672382,-12,0,-136
1767172870.6772382,-15,1,-130
1767172870.6872382,-7,0,-130
1767172870.6972382,-3,1,-137
1767172870.7072382,-6,-1,-143
1767172870.7172382,-7,0,-142
1767172870.7272382,-7,1,-143
1767172870.7372382,-8,3,-144
1767172870.7472382,-6,1,-148
1767172870.757238,-6,2,-144
1767172870.767238,-5,0,-143
1767172870.777238,-1,0,-137
1767172870.787238,1,-1,-137
1767172870.798238,5,-1,-135
1767172870.8082385,3,-1,-141
1767172870.8182385,0,-1,-136
1767172870.8282382,-1,-1,-134
1767172870.8382382,3,-1,-136
1767172870.847238,3,1,-128
1767172870.8582382,0,0,-132
1767172870.8682382,0,0,-128
1767172870.8782382,0,3,-129
1767172870.8882382,2,0,-132
1767172870.8982382,4,2,-133
1767172870.9082382,8,0,-132
1767172870.9182382,7,-1,-134
1767172870.9282382,7,-1,-138
1767172870.938238,7,-1,-133
1767172870.948238,1,-1,-134
1767172870.958238,1,-2,-135
1767172870.968238,3,-4,-133
1767172870.978238,1,-4,-135
1767172870.988238,1,-6,-133
1767172870.998238,-2,-1,-129
1767172871.008238,-5,-1,-129
1767172871.018238,-3,-2,-124
1767172871.028238,-4,-2,-126
1767172871.038238,-6,-2,-126
1767172871.048238,-3,-1,-129
1767172871.0582385,0,-1,-135
1767172871.0682385,-1,0,-134
1767172871.0782382,-2,1,-129
1767172871.0882382,1,0,-134
1767172871.0982382,0,0,-132
1767172871.1082382,-1,-3,-136
1767172871.1182382,0,-1,-133
1767172871.1282382,-1,0,-134
1767172871.1382382,1,-2,-137
1767172871.1482382,2,-2,-138
1767172871.1582382,5,-4,-137
1767172871.1682382,5,-4,-133
1767172871.1782382,6,-4,-126
1767172871.188238,6,-2,-123
1767172871.198238,10,-2,-123
1767172871.208238,6,-3,-120
1767172871.218238,7,-2,-123
1767172871.228238,5,2,-123
1767172871.238238,2,1,-132
1767172871.248238,0,-3,-136
1767172871.258238,0,0,-136
1767172871.268238,0,0,-137
1767172871.278238,3,2,-131
1767172871.288238,5,3,-125
1767172871.298238,4,-2,-125
1767172871.3082385,4,-3,-129
1767172871.3182385,6,0,-130
1767172871.3282382,1,0,-131
1767172871.3382382,0,0,-135
1767172871.3482382,0,0,-138
1767172871.3582382,-1,2,-132
1767172871.3682382,2,0,-138
1767172871.3782382,6,0,-137
1767172871.3882382,4,-2,-140
1767172871.3982382,2,-1,-144
1767172871.4082382,2,-3,-149
1767172871.4182382,5,-3,-143
1767172871.4282382,1,-3,-136
1767172871.438238,1,-5,-134
1767172871.448238,2,-4,-134
1767172871.458238,3,-6,-136
1767172871.468238,2,-8,-141
1767172871.478238,0,-5,-136
1767172871.488238,-2,-3,-136
1767172871.498238,0,-3,-131
1767172871.508238,2,-6,-135
1767172871.518238,5,-6,-140
1767172871.528238,8,-6,-141
1767172871.538238,4,-6,-138
1767172871.548238,2,-5,-136
1767172871.5582385,2,-3,-143
1767172871.5682385,0,-4,-141
1767172871.5782382,3,0,-135
1767172871.5882382,6,4,-141
1767172871.5982382,4,4,-146
1767172871.6082382,2,6,-146
1767172871.6182382,-1,3,-149
1767172871.6282382,0,3,-143
1767172871.6382382,0,0,-147
1767172871.6482382,0,0,-149
1767172871.6582382,0,0,-143
1767172871.6682382,2,0,-140
1767172871.6782382,0,1,-137
1767172871.688238,-2,0,-136
1767172871.698238,-4,-1,-137
1767172871.708238,0,-4,-142
1767172871.718238,-2,-3,-144
1767172871.728238,-1,1,-140
1767172871.738238,-5,6,-141
1767172871.748238,0,3,-131
1767172871.758238,-1,2,-133
1767172871.768238,1,2,-134
1767172871.778238,3,2,-135
1767172871.788238,6,2,-132
1767172871.798238,8,0,-132
1767172871.8082385,11,-5,-128
1767172871.8182385,11,-6,-132
1767172871.8282382,9,-2,-132
1767172871.8382382,7,0,-134
1767172871.8482382,5,1,-132
1767172871.8582382,3,2,-129
1767172871.8682382,0,4,-131
1767172871.8782382,0,5,-131
1767172871.8882382,1,3,-135
1767172871.8982382,2,0,-129
1767172871.9082382,6,1,-126
1767172871.9182382,7,0,-119
1767172871.9282382,7,-2,-125
1767172871.938238,4,-3,-128
1767172871.948238,2,-3,-132
1767172871.958238,0,-1,-128
1767172871.968238,0,-1,-133
1767172871.978238,1,-2,-135
1767172871.988238,0,-4,-134
1767172871.998238,7,0,-135
1767172872.008238,6,0,-131
1767172872.018238,6,-2,-133
1767172872.028238,7,0,-131
1767172872.038238,6,0,-135
1767172872.048238,3,3,-131
1767172872.0582385,0,0,-128
1767172872.0682385,-2,1,-131
1767172872.0782382,-2,0,-129
1767172872.0882382,-1,-2,-126
1767172872.0982382,-2,-3,-127
1767172872.1082382,0,-1,-131
1767172872.1182382,-1,0,-134
1767172872.1282382,-4,0,-137
1767172872.1382382,-2,1,-135
1767172872.1482382,2,-5,-137
1767172872.1582382,1,-2,-141
1767172872.1682382,4,0,-137
1767172872.1782382,1,0,-137
1767172872.188238,-4,2,-135
1767172872.198238,-7,0,-135
1767172872.208238,-8,4,-138
1767172872.218238,-2,7,-144
1767172872.228238,0,7,-141
1767172872.238238,1,9,-138
1767172872.248238,1,7,-137
1767172872.258238,1,8,-136
1767172872.268238,0,5,-135
1767172872.278238,3,3,-134
1767172872.288238,0,2,-135
1767172872.298238,-3,-2,-138
1767172872.3082385,-6,-4,-134
1767172872.3182385,-4,-2,-145
1767172872.3282382,0,-1,-136
1767172872.3382382,-2,-2,-133
1767172872.3482382,-1,-5,-133
1767172872.3582382,-4,-6,-136
1767172872.3682382,-9,-5,-138
1767172872.3782382,-8,-3,-136
1767172872.3882382,-3,0,-131
1767172872.3982382,-2,-4,-128
1767172872.4082382,-2,-4,-127
1767172872.4182382,-1,-4,-128
1767172872.4282382,-1,-6,-130
1767172872.438238,-3,-5,-137
1767172872.448238,-3,-6,-139
1767172872.458238,-2,-5,-135
1767172872.468238,0,-4,-133
1767172872.478238,0,-1,-135
1767172872.488238,-4,1,-134
1767172872.498238,-6,0,-126
1767172872.508238,-4,-1,-123
1767172872.518238,1,0,-129
1767172872.528238,0,1,-129
1767172872.538238,-1,3,-129
1767172872.548238,-6,3,-122
1767172872.5582385,-7,4,-124
1767172872.5682385,-4,2,-126
1767172872.5782382,-6,0,-127
1767172872.5882382,-9,-1,-133
1767172872.5982382,-5,-4,-138
1767172872.6082382,-3,-3,-135
1767172872.6182382,-3,0,-134
1767172872.6282382,1,6,-137
1767172872.6382382,0,3,-130
1767172872.6482382,0,0,-125
1767172872.6582382,0,-2,-125
1767172872.6682382,-2,-6,-130
1767172872.6782382,-4,-7,-125
1767172872.688238,0,-10,-130
1767172872.698238,3,-7,-133
1767172872.708238,5,-5,-133
1767172872.718238,2,-6,-137
1767172872.728238,0,-6,-139
1767172872.738238,-4,-10,-139
1767172872.748238,-4,-9,-136
1767172872.758238,-2,-6,-143
1767172872.768238,-4,1,-149
1767172872.778238,-5,0,-144
1767172872.788238,-5,-1,-141
1767172872.798238,-7,-2,-138
1767172872.8082385,-10,-5,-137
1767172872.8182385,-7,-5,-131
1767172872.8282382,-6,-5,-125
1767172872.8382382,-4,0,-127
1767172872.8482382,-5,-1,-134
1767172872.8582382,-6,-5,-135
1767172872.8682382,-6,-5,-145
1767172872.8782382,-8,-9,-133
1767172872.8882382,-11,-6,-130
1767172872.8982382,-11,-6,-129
1767172872.9082382,-11,-5,-140
1767172872.9182382,-10,-6,-139
1767172872.9282382,-10,-4,-137
1767172872.938238,-7,-5,-142
1767172872.948238,-11,-5,-144
1767172872.958238,-10,-9,-139
1767172872.968238,-7,-9,-141
1767172872.978238,-4,-7,-139
1767172872.988238,-6,-5,-140
1767172872.998238,-3,-3,-133
1767172873.008238,-1,3,-131
1767172873.018238,0,4,-136
1767172873.028238,-3,-1,-136
1767172873.038238,-7,0,-137
1767172873.048238,-4,0,-142
1767172873.0582385,-2,-3,-136
1767172873.0682385,0,-8,-133
1767172873.0782382,2,-9,-127
1767172873.0882382,1,-7,-125
1767172873.0982382,1,-7,-129
1767172873.1082382,3,-6,-123
1767172873.1182382,5,-6,-129
1767172873.1282382,2,-8,-137
1767172873.1382382,1,-4,-136
1767172873.1482382,0,-3,-132
1767172873.1582382,0,-1,-129
1767172873.1682382,2,-1,-128
1767172873.1782382,2,0,-125
1767172873.188238,0,1,-124
1767172873.198238,-1,4,-122
1767172873.208238,-2,2,-123
1767172873.218238,-3,0,-129
1767172873.228238,-2,0,-129
1767172873.238238,-2,-3,-129
1767172873.248238,0,-5,-131
1767172873.258238,1,-2,-128
1767172873.268238,0,2,-129
1767172873.278238,0,7,-127
1767172873.288238,0,8,-122
1767172873.298238,0,6,-128
1767172873.3082385,-3,4,-126
1767172873.3182385,-3,1,-126
1767172873.3282382,0,1,-133
1767172873.3382382,-1,2,-138
1767172873.3482382,0,-2,-131
1767172873.3582382,1,-1,-141
1767172873.3682382,3,-2,-133
1767172873.3782382,2,0,-125
1767172873.3882382,0,1,-131
1767172873.3982382,0,0,-128
1767172873.409238,-2,1,-131
1767172873.419238,-7,0,-132
1767172873.429238,-1,1,-135
1767172873.439238,0,5,-129
1767172873.449238,-5,2,-130
1767172873.459238,-6,-3,-140
1767172873.469238,-4,0,-136
1767172873.4792385,-6,2,-133
1767172873.4892385,-4,4,-133
1767172873.4992385,-5,1,-136
1767172873.5092382,-5,0,-137
1767172873.5192382,0,0,-127
1767172873.5292382,0,-2,-129
1767172873.5392382,0,-4,-133
1767172873.5492382,0,-5,-135
1767172873.5592382,0,-5,-136
1767172873.5692382,-3,-5,-136
1767172873.5792382,0,-3,-131
1767172873.5892382,1,-4,-126
1767172873.5992382,-2,-3,-129
1767172873.609238,-5,-2,-136
1767172873.619238,-7,-4,-136
1767172873.629238,-7,-4,-131
1767172873.639238,-1,0,-130
1767172873.649238,-1,1,-129
1767172873.659238,0,-2,-136
1767172873.669238,0,-1,-137
1767172873.679238,2,-1,-133
1767172873.689238,-2,-2,-132
1767172873.699238,-3,0,-126
1767172873.709238,0,1,-126
1767172873.719238,-2,1,-132
1767172873.7292385,-5,3,-132
1767172873.7392385,-2,-1,-136
1767172873.7492385,-5,-4,-137
1767172873.7592382,-4,-6,-136
1767172873.7692382,0,-3,-133
1767172873.7792382,0,-3,-136
1767172873.7892382,4,-2,-139
1767172873.7992382,4,0,-139
1767172873.8092382,4,-1,-137
1767172873.8192382,3,0,-139
1767172873.8292382,0,-3,-134
1767172873.8392382,-3,-2,-136
1767172873.8492382,0,-5,-137
1767172873.859238,3,-6,-139
1767172873.869238,0,-5,-144
1767172873.879238,0,-2,-138
1767172873.889238,-1,0,-137
1767172873.899238,-2,2,-142
1767172873.909238,-6,0,-145
1767172873.919238,-6,-1,-140
1767172873.929238,-5,-2,-139
1767172873.939238,-6,-4,-135
1767172873.949238,-2,-6,-129
1767172873.959238,1,-9,-129
1767172873.969238,2,-7,-139
1767172873.9792385,0,-6,-138
1767172873.9892385,1,-4,-136
1767172873.9992385,0,-4,-134
1767172874.0102382,-2,-5,-139
1767172874.0192382,-2,-4,-138
1767172874.0292382,-1,-1,-139
1767172874.0392382,-6,-5,-139
1767172874.0492382,-4,-5,-135
1767172874.0592382,-5,-7,-127
1767172874.0692382,-6,-7,-119
1767172874.0792382,-2,-9,-115
1767172874.0892382,-5,-5,-123
1767172874.0992382,-6,-2,-124
1767172874.109238,-4,-2,-126
1767172874.119238,-5,-2,-128
1767172874.129238,-8,2,-127
1767172874.139238,0,2,-126
1767172874.149238,0,3,-129
1767172874.159238,-3,0,-137
1767172874.169238,0,-2,-136
1767172874.179238,3,-2,-135
1767172874.189238,-3,-1,-133
1767172874.199238,-6,-4,-138
1767172874.209238,-8,-1,-133
1767172874.219238,-5,-5,-123
1767172874.2292385,-2,0,-126
1767172874.2392385,-4,0,-130
1767172874.2492385,-3,0,-131
1767172874.2592382,-1,1,-128
1767172874.2692382,-3,3,-127
1767172874.2792382,-3,2,-129
1767172874.2892382,-1,1,-124
1767172874.2992382,-4,3,-123
1767172874.3092382,-6,-2,-125
1767172874.3192382,-5,-2,-129
1767172874.3292382,-3,-1,-133
1767172874.3392382,0,-1,-130
1767172874.3492382,1,-3,-133
1767172874.359238,3,-3,-134
1767172874.369238,0,-2,-136
1767172874.379238,2,2,-136
1767172874.389238,-1,3,-137
1767172874.399238,-1,5,-144
1767172874.409238,-5,3,-142
1767172874.419238,-7,4,-137
1767172874.429238,-7,0,-134
1767172874.439238,-5,0,-136
1767172874.449238,-3,0,-134
1767172874.471238,-1,1,-138
1767172874.4792385,-2,1,-139
1767172874.4892385,-3,4,-134
1767172874.4992385,-2,4,-134
1767172874.5092382,-5,-1,-134
1767172874.5192382,-6,0,-129
1767172874.5292382,3,0,-128
1767172874.5392382,2,1,-127
1767172874.5492382,0,4,-126
1767172874.5592382,-2,-1,-121
1767172874.5692382,-2,-1,-126
1767172874.5792382,0,2,-129
1767172874.5892382,2,0,-129
1767172874.5992382,5,3,-127
1767172874.609238,2,3,-129
1767172874.619238,0,2,-127
1767172874.629238,-4,0,-127
1767172874.639238,0,0,-126
1767172874.649238,1,0,-126
1767172874.659238,-2,2,-125
1767172874.669238,-5,2,-120
1767172874.679238,-4,1,-117
1767172874.689238,0,-2,-119
1767172874.699238,2,-1,-126
1767172874.709238,1,0,-124
1767172874.719238,-7,-5,-126
1767172874.7292385,-9,0,-126
1767172874.7392385,-6,0,-131
1767172874.7492385,-3,0,-133
1767172874.7592382,-6,0,-131
1767172874.7692382,-10,0,-131
1767172874.7792382,-6,0,-138
1767172874.7892382,-3,-3,-139
1767172874.7992382,0,0,-140
1767172874.8092382,4,-2,-138
1767172874.8192382,1,-1,-141
1767172874.8292382,-3,1,-139
1767172874.8392382,0,3,-132
1767172874.8492382,2,6,-134
1767172874.859238,1,7,-135
1767172874.869238,0,0,-133
1767172874.879238,5,-1,-135
1767172874.889238,7,-3,-133
1767172874.899238,7,0,-134
1767172874.909238,10,-3,-132
1767172874.919238,8,0,-125
1767172874.929238,5,-4,-127
1767172874.939238,7,-3,-129
1767172874.949238,4,-7,-128
1767172874.959238,4,-5,-127
1767172874.969238,3,-5,-128
1767172874.9792385,0,-5,-134
1767172874.9892385,1,-5,-141
1767172874.9992385,-1,-1,-139
1767172875.0092382,-3,-1,-135
1767172875.0192382,0,-2,-134
1767172875.0292382,0,-2,-137
1767172875.0392382,-2,-4,-135
1767172875.0492382,-1,-5,-133
1767172875.0592382,3,-5,-125
1767172875.0692382,5,-5,-129
1767172875.0792382,6,-5,-135
1767172875.0892382,0,-7,-135
1767172875.0992382,0,-5,-130
1767172875.109238,-5,-4,-130
1767172875.119238,-8,-4,-128
1767172875.129238,-9,-4,-122
1767172875.139238,-8,-5,-130
1767172875.149238,-8,-4,-127
1767172875.159238,-7,-4,-125
1767172875.169238,-7,-4,-126
1767172875.179238,-4,-3,-121
1767172875.189238,-1,-6,-128
1767172875.199238,2,-7,-133
1767172875.209238,0,-10,-124
1767172875.219238,-3,-12,-121
1767172875.2292385,0,-11,-126
1767172875.2392385,2,-9,-129
1767172875.2492385,8,-6,-124
1767172875.2592382,12,-3,-126
1767172875.2692382,9,-2,-127
1767172875.2792382,1,-3,-130
1767172875.2892382,-4,-3,-130
1767172875.2992382,-5,-4,-133
1767172875.3092382,-4,-3,-133
1767172875.3192382,-4,-5,-141
1767172875.3292382,-8,-2,-135
1767172875.3392382,-6,1,-135
1767172875.3492382,-4,-2,-135
1767172875.359238,-4,-4,-129
1767172875.369238,-6,0,-133
1767172875.379238,-3,-1,-133
1767172875.389238,0,0,-135
1767172875.399238,0,1,-132
1767172875.409238,0,0,-130
1767172875.419238,3,-2,-137
1767172875.429238,2,-5,-139
1767172875.439238,3,-6,-138
1767172875.449238,7,-3,-135
1767172875.459238,4,-5,-130
1767172875.469238,6,-4,-124
1767172875.4792385,1,-5,-128
1767172875.4892385,0,-5,-128
1767172875.4992385,-2,-3,-126
1767172875.5092382,-1,-2,-130
1767172875.5192382,2,-1,-128
1767172875.5292382,-1,1,-132
1767172875.5392382,0,-2,-134
1767172875.5492382,4,-4,-128
1767172875.5592382,6,-3,-128
1767172875.5692382,4,-3,-131
1767172875.5792382,0,0,-130
1767172875.5892382,-3,0,-127
1767172875.5992382,-2,0,-130
1767172875.609238,-1,-1,-130
1767172875.619238,0,0,-130
1767172875.629238,4,-1,-129
1767172875.639238,4,-3,-135
1767172875.649238,-3,-1,-142
1767172875.659238,-5,1,-143
1767172875.669238,-2,-2,-139
1767172875.679238,-3,-2,-138
1767172875.689238,0,-4,-135
1767172875.699238,0,0,-133
1767172875.709238,7,2,-138
1767172875.719238,0,4,-137
1767172875.7292385,2,0,-135
1767172875.7392385,7,-1,-142
1767172875.7492385,5,-5,-130
1767172875.7592382,4,-3,-129
1767172875.7692382,4,-2,-131
1767172875.7792382,4,-2,-135
1767172875.7892382,3,-2,-127
1767172875.7992382,6,0,-127
1767172875.8092382,4,-1,-122
1767172875.8192382,6,-2,-127
1767172875.8292382,8,-6,-129
1767172875.8392382,6,-4,-127
1767172875.8492382,6,-6,-127
1767172875.859238,2,-8,-130
1767172875.869238,1,-9,-133
1767172875.879238,0,-9,-134
1767172875.889238,1,-12,-133
1767172875.899238,0,-10,-135
1767172875.909238,-2,-10,-136
1767172875.919238,0,-7,-132
1767172875.929238,-4,-4,-132
1767172875.939238,-1,-7,-139
1767172875.949238,-1,-7,-133
1767172875.959238,0,-6,-135
1767172875.969238,0,-4,-136
1767172875.9792385,0,-2,-140
1767172875.9892385,-3,-1,-143
1767172875.9992385,-4,-3,-138
1767172876.0092382,-5,-7,-144
1767172876.0192382,-5,-5,-148
1767172876.0292382,-6,-3,-147
1767172876.040238,0,-4,-141
1767172876.050238,-1,-6,-139
1767172876.060238,-3,-8,-146
1767172876.070238,0,-6,-135
1767172876.080238,2,1,-139
1767172876.090238,1,5,-141
1767172876.100238,-3,3,-137
1767172876.110238,-10,3,-137
1767172876.120238,-13,4,-138
1767172876.130238,-7,2,-138
1767172876.140238,-7,1,-141
1767172876.150238,-10,0,-138
1767172876.1602385,-10,-1,-139
1767172876.1702385,-3,0,-140
1767172876.1802382,-2,-1,-141
1767172876.1902382,-2,-6,-137
1767172876.2002382,-3,-8,-133
1767172876.2102382,-3,-9,-132
1767172876.2202382,-3,-6,-138
1767172876.2302382,2,-7,-134
1767172876.2402382,3,-5,-134
1767172876.2502382,0,-6,-136
1767172876.2602382,-3,-3,-135
1767172876.2702382,0,-1,-137
1767172876.2802382,0,-3,-128
1767172876.290238,1,-6,-125
1767172876.300238,-1,-3,-131
1767172876.310238,1,-6,-139
1767172876.320238,0,-9,-139
1767172876.330238,-6,-5,-140
1767172876.340238,-10,-6,-133
1767172876.350238,-6,-5,-134
1767172876.360238,-3,-6,-137
1767172876.370238,0,-8,-133
1767172876.380238,0,-5,-135
1767172876.390238,0,0,-139
1767172876.400238,-1,1,-144
1767172876.4102385,-9,0,-142
1767172876.4202385,-8,-2,-142
1767172876.4302382,-7,-3,-145
1767172876.4402382,-11,0,-143
1767172876.4502382,-13,-1,-138
1767172876.4602382,-9,-1,-138
1767172876.4702382,-6,2,-130
1767172876.4802382,-6,5,-134
1767172876.4902382,-5,4,-140
1767172876.5002382,-1,6,-135
1767172876.5102382,3,2,-131
1767172876.5202382,2,1,-130
1767172876.5302382,1,0,-131
1767172876.540238,1,0,-137
1767172876.550238,3,2,-142
1767172876.560238,1,1,-140
1767172876.570238,-2,1,-134
1767172876.580238,-3,0,-142
1767172876.590238,-2,1,-141
1767172876.600238,0,-1,-138
1767172876.610238,-5,-1,-134
1767172876.620238,-4,-2,-136
1767172876.630238,-3,-2,-131
1767172876.640238,1,0,-129
1767172876.650238,0,-1,-125
1767172876.6602385,4,-1,-126
1767172876.6702385,3,0,-122
1767172876.6802382,6,2,-129
1767172876.6902382,2,1,-134
1767172876.7002382,1,-3,-135
1767172876.7102382,-1,-4,-140
1767172876.7202382,-4,-2,-135
1767172876.7302382,-3,-1,-133
1767172876.7402382,-2,-7,-133
1767172876.7502382,-3,-5,-135
1767172876.7602382,-6,-3,-135
1767172876.7702382,-2,-6,-135
1767172876.7802382,-1,-12,-137
1767172876.790238,-1,-15,-132
1767172876.800238,0,-8,-138
1767172876.810238,0,-4,-138
1767172876.820238,-1,-4,-139
1767172876.830238,0,-2,-137
1767172876.840238,0,-4,-130
1767172876.850238,-1,-4,-133
1767172876.860238,-2,-4,-137
1767172876.870238,-1,-7,-136
1767172876.880238,-4,-7,-131
1767172876.890238,-7,-4,-128
1767172876.900238,-3,-5,-131
1767172876.9102385,-6,-5,-135
1767172876.9202385,-6,-2,-130
1767172876.9302382,-8,0,-131
1767172876.9402382,-7,1,-138
1767172876.9502382,-8,4,-140
1767172876.9602382,-5,0,-140
1767172876.9702382,-5,0,-139
1767172876.9802382,-7,-3,-140
1767172876.9902382,-6,-3,-143
1767172877.0002382,-3,-3,-146
1767172877.0102382,-2,-5,-137
1767172877.0202382,-3,-3,-135
1767172877.0302382,-2,-6,-139
1767172877.040238,-3,-5,-140
1767172877.050238,-5,-1,-141
1767172877.060238,-1,-1,-139
1767172877.070238,-3,-3,-138
1767172877.080238,0,-4,-135
1767172877.090238,2,-1,-131
1767172877.100238,5,0,-132
1767172877.110238,5,0,-141
1767172877.120238,2,-1,-137
1767172877.130238,0,-3,-134
1767172877.140238,1,-1,-129
1767172877.150238,1,1,-132
1767172877.1602385,-1,3,-133
1767172877.1702385,-1,5,-134
1767172877.1802382,0,3,-127
1767172877.1902382,-1,1,-122
1767172877.2002382,-1,1,-126
1767172877.2102382,0,-1,-131
1767172877.2202382,3,-3,-131
1767172877.2302382,1,-1,-126
1767172877.2402382,0,-3,-127
1767172877.2502382,-1,-2,-124
1767172877.2602382,-3,-2,-124
1767172877.2702382,-3,0,-119
1767172877.2802382,-3,4,-119
1767172877.290238,-4,-1,-120
1767172877.300238,-3,-2,-112
1767172877.310238,-4,-3,-121
1767172877.320238,-4,0,-120
1767172877.330238,-8,0,-119
1767172877.340238,-13,-1,-128
1767172877.350238,-8,1,-131
1767172877.360238,-5,2,-123
1767172877.370238,-2,2,-129
1767172877.380238,2,5,-133
1767172877.390238,-3,1,-133
1767172877.400238,-5,3,-131
1767172877.4102385,-5,3,-133
1767172877.4202385,-6,0,-125
1767172877.4302382,-2,3,-127
1767172877.4402382,-1,6,-130
1767172877.4502382,1,2,-129
1767172877.4602382,3,0,-130
1767172877.4702382,0,-5,-126
1767172877.4802382,0,-3,-117
1767172877.4902382,-1,-6,-114
1767172877.5002382,-2,-6,-115
1767172877.5102382,-5,-11,-126
1767172877.5202382,-4,-12,-128
1767172877.5302382,-5,-7,-129
1767172877.540238,0,-3,-130
1767172877.550238,1,-1,-130
1767172877.560238,-1,1,-127
1767172877.570238,0,-1,-127
1767172877.580238,1,-2,-130
1767172877.590238,1,-4,-130
1767172877.600238,-1,-5,-136
1767172877.610238,0,-9,-131
1767172877.620238,2,-7,-130
1767172877.630238,5,-8,-126
1767172877.640238,8,-6,-128
1767172877.650238,5,-2,-130
1767172877.6602385,4,0,-127
1767172877.6702385,0,-2,-131
1767172877.6802382,-2,-2,-126
1767172877.6902382,0,0,-126
1767172877.7002382,5,0,-130
1767172877.7102382,9,4,-134
1767172877.7202382,7,3,-132
1767172877.7302382,5,2,-129
1767172877.7402382,5,2,-126
1767172877.7502382,0,0,-135
1767172877.7602382,-1,-3,-132
1767172877.7702382,-2,0,-131
1767172877.7802382,-1,-3,-129
1767172877.790238,0,-1,-125
1767172877.800238,4,0,-121
1767172877.810238,0,0,-127
1767172877.820238,0,-1,-129
1767172877.830238,-2,0,-130
1767172877.840238,-3,-1,-124
1767172877.850238,0,-3,-125
1767172877.860238,5,0,-129
1767172877.870238,3,-4,-133
1767172877.880238,7,-4,-137
1767172877.890238,3,-5,-137
1767172877.900238,1,-4,-143
1767172877.9102385,0,-7,-135
1767172877.9202385,0,-9,-136
1767172877.9302382,-1,-8,-136
1767172877.9402382,-4,-6,-137
1767172877.9502382,-4,-8,-140
1767172877.9602382,-7,0,-135
1767172877.9702382,-3,-1,-129
1767172877.9802382,-2,-2,-127
1767172877.9902382,-6,-4,-123
1767172878.0002382,-9,-5,-127
1767172878.0102382,-8,-5,-131
1767172878.0202382,-5,-6,-123
1767172878.0302382,-8,-3,-130
1767172878.040238,-11,-2,-129
1767172878.050238,-10,-3,-135
1767172878.060238,-6,-5,-138
1767172878.070238,-7,-5,-139
1767172878.080238,-6,-7,-135
1767172878.090238,-6,-5,-132
1767172878.100238,-5,-3,-128
1767172878.110238,-8,-7,-122
1767172878.120238,-3,-9,-119
1767172878.130238,0,-3,-124
1767172878.140238,-3,0,-131
1767172878.150238,-4,-2,-131
1767172878.1602385,0,-4,-133
1767172878.1702385,0,0,-133
1767172878.1802382,-2,0,-135
1767172878.1902382,-4,0,-130
1767172878.2002382,-3,-1,-131
1767172878.2102382,-1,0,-129
1767172878.2202382,-1,-5,-128
1767172878.2302382,0,-6,-130
1767172878.2402382,0,-3,-137
1767172878.2502382,1,-2,-138
1767172878.2602382,-1,-6,-136
1767172878.2702382,-3,-4,-142
1767172878.2802382,-5,-2,-140
1767172878.290238,-4,-2,-135
1767172878.300238,-2,-1,-136
1767172878.311238,-8,-2,-143
1767172878.320238,-5,-2,-145
1767172878.330238,-3,-1,-136
1767172878.340238,-2,0,-136
1767172878.350238,-4,-1,-139
1767172878.360238,-3,0,-137
1767172878.370238,-8,-1,-135
1767172878.380238,-8,-2,-132
1767172878.390238,-2,-2,-134
1767172878.400238,-1,-1,-133
1767172878.4102385,4,2,-138
1767172878.4202385,1,0,-137
1767172878.4302382,5,-2,-139
1767172878.4402382,3,-5,-142
1767172878.4502382,4,-5,-138
1767172878.4602382,4,-6,-139
1767172878.4702382,2,-4,-137
1767172878.4802382,3,0,-136
1767172878.4902382,0,0,-136
1767172878.5002382,2,-1,-125
1767172878.5102382,2,-3,-118
1767172878.5202382,5,3,-121
1767172878.5302382,3,6,-121
1767172878.540238,3,7,-125
1767172878.550238,3,5,-128
1767172878.560238,4,0,-128
1767172878.570238,0,1,-122
1767172878.5812385,0,4,-127
1767172878.590238,-5,1,-126
1767172878.600238,-5,-1,-129
1767172878.610238,-4,0,-130
1767172878.620238,-3,0,-127
1767172878.6312382,-3,0,-136
1767172878.640238,0,0,-138
1767172878.6512382,0,-1,-140
1767172878.6612382,0,-1,-132
1767172878.6712382,0,-3,-127
1767172878.6812382,0,-1,-126
1767172878.6912382,0,0,-130
1767172878.7012382,0,0,-135
1767172878.711238,2,4,-134
1767172878.721238,0,2,-138
1767172878.731238,3,-3,-136
1767172878.741238,10,-3,-131
1767172878.751238,8,-2,-132
1767172878.761238,5,-4,-131
1767172878.771238,4,-1,-134
1767172878.781238,-1,-1,-134
1767172878.791238,-4,0,-142
1767172878.801238,-2,4,-142
1767172878.811238,0,6,-138
1767172878.821238,2,3,-127
1767172878.8312385,3,1,-128
1767172878.8412385,0,1,-131
1767172878.8512385,-3,5,-130
1767172878.8612382,-5,3,-130
1767172878.8712382,-3,2,-124
1767172878.8812382,-1,0,-127
1767172878.8912382,0,1,-127
1767172878.9012382,7,3,-130
1767172878.9112382,8,3,-128
1767172878.9212382,4,2,-124
1767172878.9312382,3,5,-127
1767172878.9412382,6,5,-125
1767172878.9512382,4,0,-128
1767172878.961238,5,-4,-134
1767172878.971238,2,-5,-134
1767172878.981238,1,-5,-144
1767172878.991238,2,0,-136
1767172879.001238,0,0,-134
1767172879.011238,-2,-1,-128
1767172879.021238,1,1,-133
1767172879.031238,1,0,-136
1767172879.041238,-1,0,-146
1767172879.051238,1,3,-144
1767172879.061238,-1,2,-139
1767172879.071238,0,-2,-141
1767172879.0812385,-5,0,-137
1767172879.0912385,-8,-3,-136
1767172879.1012385,-6,-4,-143
1767172879.1112382,0,-2,-147
1767172879.1212382,-2,-2,-146
1767172879.1312382,3,-5,-140
1767172879.1412382,0,-3,-136
1767172879.1512382,-3,-1,-138
1767172879.1612382,-3,0,-137
1767172879.1712382,-7,-5,-138
1767172879.1812382,-7,-6,-133
1767172879.1912382,-4,0,-138
1767172879.2012382,-4,-1,-138
1767172879.211238,-9,-4,-132
1767172879.221238,-9,-5,-132
1767172879.231238,-5,-4,-130
1767172879.241238,-5,-1,-131
1767172879.251238,-5,2,-130
1767172879.261238,-7,3,-131
1767172879.271238,-4,0,-135
1767172879.281238,-3,-3,-135
1767172879.291238,-1,-6,-133
1767172879.301238,5,-3,-128
1767172879.311238,5,-7,-125
1767172879.321238,6,-8,-124
1767172879.3312385,7,-10,-123
1767172879.3412385,8,-6,-124
1767172879.3512385,6,-4,-123
1767172879.3612382,4,0,-129
1767172879.3712382,2,0,-139
1767172879.3812382,1,1,-137
1767172879.3912382,0,0,-128
1767172879.4012382,-1,0,-129
1767172879.4112382,1,-3,-134
1767172879.4212382,0,-4,-133
1767172879.4312382,-2,-6,-136
1767172879.4412382,1,-8,-128
1767172879.4512382,-4,-4,-132
1767172879.461238,-3,-3,-129
1767172879.4832382,-6,-10,-127
1767172879.491238,-4,-9,-128
1767172879.501238,-3,-6,-133
1767172879.511238,-4,-8,-129
1767172879.521238,-2,-12,-130
1767172879.531238,-3,-9,-132
1767172879.541238,0,-7,-135
1767172879.551238,-2,-8,-129
1767172879.561238,-2,-3,-123
1767172879.571238,0,-2,-118
1767172879.5812385,1,-7,-122
1767172879.5912385,2,-9,-126
1767172879.6012385,1,-10,-127
1767172879.6112382,1,-10,-126
1767172879.6212382,0,-10,-133
1767172879.6312382,-1,-8,-137
1767172879.6412382,-1,-8,-140
1767172879.6512382,0,-5,-135
1767172879.6612382,0,-6,-130
1767172879.6712382,0,-9,-125
1767172879.6812382,4,-6,-133
1767172879.6912382,1,-6,-133
1767172879.7012382,0,-7,-133
1767172879.711238,0,-5,-122
1767172879.721238,-2,-1,-127
1767172879.731238,-4,0,-124
1767172879.741238,-7,1,-123
1767172879.751238,-4,1,-128
1767172879.761238,0,2,-133
1767172879.771238,2,4,-133
1767172879.781238,-2,0,-130
1767172879.791238,0,1,-131
1767172879.801238,-4,1,-129
1767172879.811238,-7,-3,-123
1767172879.821238,-5,0,-126
1767172879.8312385,-2,2,-126
1767172879.8412385,-6,1,-127
1767172879.8512385,-3,0,-127
1767172879.8612382,3,0,-136
1767172879.8712382,2,3,-139
1767172879.8812382,-1,4,-132
1767172879.8912382,-4,3,-126
1767172879.9012382,-2,1,-125
1767172879.9112382,-5,5,-126
1767172879.9212382,-5,7,-124
1767172879.9312382,-5,1,-126
1767172879.9412382,-2,-2,-130
1767172879.9512382,-1,-6,-134
1767172879.961238,-3,-5,-133
1767172879.971238,-2,-5,-136
1767172879.981238,-4,-4,-134
1767172879.991238,-4,0,-134
1767172880.001238,0,0,-132
1767172880.011238,2,5,-126
1767172880.021238,4,4,-120
1767172880.031238,-1,1,-126
1767172880.041238,-8,0,-133
1767172880.051238,-7,-3,-131
1767172880.061238,-1,-3,-134
1767172880.071238,-8,1,-139
1767172880.0812385,-5,1,-133
1767172880.0912385,-6,4,-142
1767172880.1012385,-5,3,-133
1767172880.1112382,2,0,-132
1767172880.1212382,-1,2,-129
1767172880.1312382,-2,1,-123
1767172880.1412382,-2,-2,-129
1767172880.1512382,-3,-5,-133
1767172880.1612382,-5,-7,-131
1767172880.1712382,-3,-7,-136
1767172880.1812382,-3,-7,-131
1767172880.1912382,-5,-6,-128
1767172880.2012382,-3,-2,-128
1767172880.211238,2,-2,-122
1767172880.221238,0,0,-121
1767172880.231238,0,0,-115
1767172880.241238,0,0,-122
1767172880.251238,0,-4,-120
1767172880.261238,5,-2,-126
1767172880.271238,5,-5,-128
1767172880.281238,1,-3,-130
1767172880.291238,0,-3,-127
1767172880.301238,-2,-1,-126
1767172880.311238,-3,-2,-125
1767172880.321238,-2,-2,-127
1767172880.3312385,1,-2,-131
1767172880.3412385,1,0,-131
1767172880.3512385,3,0,-130
1767172880.3612382,5,0,-128
1767172880.3712382,7,1,-129
1767172880.3812382,9,-3,-131
1767172880.3912382,5,-1,-132
1767172880.4012382,-1,1,-131
1767172880.4112382,-2,-1,-131
1767172880.4212382,-4,-6,-127
1767172880.4312382,-1,-4,-125
1767172880.4412382,-2,-8,-127
1767172880.4512382,0,-6,-133
1767172880.461238,0,-3,-134
1767172880.471238,3,-2,-134
1767172880.481238,4,0,-134
1767172880.491238,3,3,-137
1767172880.501238,4,1,-138
1767172880.511238,-4,2,-137
1767172880.521238,0,-1,-137
1767172880.531238,-2,0,-137
1767172880.541238,-2,0,-139
1767172880.551238,-2,0,-137
1767172880.561238,-3,4,-133
1767172880.571238,-6,0,-131
1767172880.5812385,-5,1,-135
1767172880.5912385,-8,5,-131
1767172880.6012385,-5,7,-130
1767172880.6112382,-4,4,-131
1767172880.6212382,-3,4,-134
1767172880.6312382,4,5,-129
1767172880.6412382,4,5,-130
1767172880.6512382,0,6,-135
1767172880.6612382,-1,5,-133
1767172880.6712382,3,5,-130
1767172880.6812382,3,3,-137
1767172880.6912382,3,5,-140
1767172880.7012382,0,7,-141
1767172880.711238,-1,7,-147
1767172880.721238,0,4,-146
1767172880.731238,1,4,-147
1767172880.741238,0,5,-142
1767172880.751238,-2,5,-141
1767172880.761238,0,1,-134
1767172880.771238,-3,1,-134
1767172880.781238,-2,2,-131
1767172880.791238,1,0,-133
1767172880.801238,2,-6,-129
1767172880.811238,0,-4,-131
1767172880.821238,1,-2,-134
1767172880.8312385,-2,-1,-134
1767172880.8412385,-3,-1,-131
1767172880.8512385,-1,-2,-131
1767172880.8612382,3,-6,-134
1767172880.8712382,2,-7,-136
1767172880.8812382,4,-3,-130
1767172880.8912382,0,-3,-136
1767172880.9012382,-8,-6,-138
1767172880.9112382,-12,-2,-132
1767172880.9212382,-12,0,-128
1767172880.9312382,-10,0,-127
1767172880.9412382,-6,3,-124
1767172880.9512382,-2,2,-125
1767172880.961238,-2,0,-131
1767172880.971238,-6,-1,-138
1767172880.981238,-3,-5,-137
1767172880.991238,1,-1,-141
1767172881.001238,4,0,-142
1767172881.011238,1,-1,-146
1767172881.021238,2,0,-142
1767172881.031238,0,2,-140
1767172881.041238,0,2,-135
1767172881.051238,0,1,-139
1767172881.061238,0,-1,-138
1767172881.071238,0,-9,-137
1767172881.0812385,0,-4,-133
1767172881.0912385,-1,-4,-133
1767172881.1012385,1,0,-132
1767172881.1112382,3,2,-136
1767172881.1212382,2,0,-135
1767172881.1312382,0,-3,-136
1767172881.1412382,0,0,-135
1767172881.1512382,-2,-3,-136
1767172881.1612382,-1,1,-135
1767172881.1712382,-1,6,-133
1767172881.182238,0,7,-137
1767172881.1912382,-1,3,-139
1767172881.202238,-2,1,-133
1767172881.211238,-6,-1,-140
1767172881.222238,-9,-2,-153
1767172881.231238,-7,-3,-151
1767172881.242238,-6,-2,-148
1767172881.252238,-2,-4,-135
1767172881.2622385,-6,-4,-130
1767172881.2722385,-6,-1,-126
1767172881.2822382,-3,-2,-126
1767172881.2922382,-2,-5,-129
1767172881.3022382,2,-4,-128
1767172881.3122382,3,0,-121
1767172881.3222382,0,-4,-125
1767172881.3322382,-5,-2,-123
1767172881.3422382,-8,-1,-123
1767172881.3522382,-5,1,-120
1767172881.3622382,-5,2,-121
1767172881.3722382,-2,-2,-121
1767172881.382238,-2,-6,-118
1767172881.392238,-3,-4,-121
1767172881.402238,2,-4,-122
1767172881.412238,2,-8,-128
1767172881.422238,1,-7,-131
1767172881.432238,-1,-4,-131
1767172881.442238,0,-2,-127
1767172881.452238,-5,-2,-130
1767172881.462238,-2,0,-134
1767172881.472238,-2,0,-132
1767172881.482238,-1,0,-129
1767172881.492238,-1,0,-131
1767172881.502238,0,-1,-136
1767172881.5122385,3,-2,-134
1767172881.5222385,6,-5,-135
1767172881.5322382,4,-8,-138
1767172881.5422382,0,-5,-138
1767172881.5522382,0,-5,-141
1767172881.5622382,0,-4,-142
1767172881.5722382,4,-5,-140
1767172881.5822382,3,-4,-135
1767172881.5922382,0,0,-134
1767172881.6022382,1,-2,-125
1767172881.6122382,4,0,-127
1767172881.6222382,0,0,-131
1767172881.632238,1,0,-130
1767172881.642238,2,-1,-131
1767172881.652238,6,0,-134
1767172881.662238,6,-1,-133
1767172881.672238,7,-1,-135
1767172881.682238,6,0,-143
1767172881.692238,5,2,-145
1767172881.702238,4,2,-143
1767172881.712238,0,0,-136
1767172881.722238,3,-3,-130
1767172881.732238,2,0,-125
1767172881.742238,0,0,-127
1767172881.752238,2,-2,-130
1767172881.7622385,0,0,-133
1767172881.7722385,0,0,-131
1767172881.7822382,0,-2,-138
1767172881.7922382,-3,-2,-141
1767172881.8022382,-1,-5,-148
1767172881.8122382,0,-3,-142
1767172881.8222382,-1,0,-140
1767172881.8322382,-1,4,-135
1767172881.8422382,-1,7,-136
1767172881.8522382,2,2,-138
1767172881.8622382,1,3,-141
1767172881.8722382,2,1,-139
1767172881.882238,2,-1,-137
1767172881.892238,3,0,-131
1767172881.902238,3,-1,-128
1767172881.912238,0,-1,-125
1767172881.922238,-1,-2,-122
1767172881.932238,0,-2,-128
1767172881.942238,3,-3,-127
1767172881.952238,5,-7,-122
1767172881.962238,5,-6,-122
1767172881.972238,2,2,-121
1767172881.982238,0,5,-123
1767172881.992238,0,4,-127
1767172882.002238,0,3,-127
1767172882.0122385,2,1,-130
1767172882.0222385,1,2,-128
1767172882.0322382,8,-4,-121
1767172882.0422382,4,-2,-118
1767172882.0522382,8,-3,-120
1767172882.0622382,7,-7,-124
1767172882.0722382,5,-2,-120
1767172882.0822382,0,-3,-123
1767172882.0922382,-7,1,-124
1767172882.1022382,-4,1,-130
1767172882.1122382,-5,4,-135
1767172882.1222382,0,7,-130
1767172882.132238,0,2,-130
1767172882.142238,0,4,-133
1767172882.152238,7,2,-131
1767172882.162238,4,3,-129
1767172882.172238,1,4,-128
1767172882.182238,0,4,-135
1767172882.192238,0,2,-128
1767172882.202238,-3,0,-125
1767172882.212238,-4,-3,-130
1767172882.222238,-7,-3,-128
1767172882.232238,-5,-1,-124
1767172882.242238,-2,-3,-118
1767172882.252238,0,-5,-119
1767172882.2622385,0,-5,-125
1767172882.2722385,-3,-5,-124
1767172882.2822382,-4,-6,-124
1767172882.2922382,-3,-6,-128
1767172882.3022382,0,-5,-127
1767172882.3122382,3,-5,-129
1767172882.3222382,2,-4,-130
1767172882.3322382,1,-3,-127
1767172882.3422382,7,-3,-122
1767172882.3522382,5,0,-119
1767172882.3622382,0,-1,-119
1767172882.3722382,-6,-1,-124
1767172882.382238,-6,-3,-135
1767172882.392238,-9,0,-137
1767172882.402238,-14,-3,-136
1767172882.412238,-8,-3,-144
1767172882.422238,-3,2,-147
1767172882.432238,0,-1,-144
1767172882.442238,0,0,-141
1767172882.452238,0,2,-133
1767172882.462238,1,5,-132
1767172882.472238,5,6,-135
1767172882.482238,4,8,-129
1767172882.492238,7,6,-137
1767172882.502238,11,2,-146
1767172882.5122385,7,0,-134
1767172882.5222385,0,2,-130
1767172882.5322382,0,3,-134
1767172882.5422382,0,2,-137
1767172882.5522382,-1,0,-130
1767172882.5622382,0,-3,-131
1767172882.5722382,2,-4,-124
1767172882.5822382,-2,-6,-130
1767172882.5922382,-12,-6,-138
1767172882.6022382,-14,-7,-139
1767172882.6122382,-12,-5,-134
1767172882.6222382,-10,0,-138
1767172882.632238,-4,1,-134
1767172882.642238,-2,3,-135
1767172882.652238,-2,4,-136
1767172882.662238,1,0,-137
1767172882.672238,0,-1,-133
1767172882.682238,0,-1,-129
1767172882.692238,1,-2,-130
1767172882.702238,0,-4,-136
1767172882.712238,3,-9,-133
1767172882.722238,5,-5,-132
1767172882.732238,2,-2,-137
1767172882.742238,3,-1,-131
1767172882.752238,-2,-3,-129
1767172882.7622385,-6,-5,-129
1767172882.7722385,-2,-3,-133
1767172882.7822382,-1,-4,-138
1767172882.7922382,-3,-3,-130
1767172882.8022382,-5,-3,-130
1767172882.8122382,0,-6,-127
1767172882.8222382,1,-6,-127
1767172882.8322382,2,-5,-125
1767172882.8422382,7,-7,-124
1767172882.8522382,9,-4,-122
1767172882.8622382,5,-1,-128
1767172882.8722382,5,0,-131
1767172882.882238,1,2,-127
1767172882.892238,0,-1,-127
1767172882.902238,3,-1,-130
1767172882.912238,4,-4,-135
1767172882.922238,3,-4,-134
1767172882.932238,0,0,-134
1767172882.942238,-5,0,-134
1767172882.952238,-4,4,-129
1767172882.962238,0,0,-125
1767172882.972238,0,-1,-129
1767172882.982238,0,0,-139
1767172882.992238,-5,0,-145
1767172883.002238,-4,0,-144
1767172883.0122385,-4,-1,-144
1767172883.0222385,-4,2,-145
1767172883.0322382,-2,2,-147
1767172883.0422382,-6,0,-146
1767172883.0522382,-8,1,-141
1767172883.0622382,-4,1,-137
1767172883.0722382,-7,-1,-133
1767172883.0822382,-7,0,-134
1767172883.0922382,-9,0,-139
1767172883.1022382,-6,-1,-139
1767172883.1122382,-8,1,-138
1767172883.1222382,-10,0,-144
1767172883.132238,-7,0,-143
1767172883.142238,-3,-1,-144
1767172883.152238,0,-3,-139
1767172883.162238,2,-5,-136
1767172883.172238,0,-9,-134
1767172883.182238,-3,-7,-135
1767172883.192238,-6,-5,-137
1767172883.202238,-2,-6,-140
1767172883.212238,2,-7,-135
1767172883.222238,6,-9,-136
1767172883.232238,6,-7,-129
1767172883.242238,8,-8,-119
1767172883.252238,12,-10,-122
1767172883.2622385,7,-4,-120
1767172883.2722385,7,0,-126
1767172883.2822382,6,2,-123
1767172883.2922382,7,0,-122
1767172883.3022382,5,0,-134
1767172883.3122382,2,0,-138
1767172883.3222382,-2,1,-137
1767172883.3322382,-3,-1,-135
1767172883.3422382,0,-1,-136
1767172883.3522382,0,-3,-138
1767172883.3622382,-1,-7,-138
1767172883.3722382,-1,-7,-130
1767172883.382238,-4,-9,-123
1767172883.392238,-9,-7,-126
1767172883.402238,-7,-5,-124
1767172883.412238,0,-4,-129
1767172883.422238,5,-3,-123
1767172883.432238,4,-1,-127
1767172883.442238,0,1,-130
1767172883.452238,2,0,-129
1767172883.462238,-3,-1,-130
1767172883.472238,0,-3,-128
1767172883.482238,0,-1,-131
1767172883.492238,-5,-2,-134
1767172883.502238,-7,-2,-139
1767172883.5122385,-5,-2,-134
1767172883.5222385,-2,2,-132
1767172883.5322382,0,2,-132
1767172883.5422382,4,2,-131
1767172883.5522382,8,3,-135
1767172883.5622382,6,5,-138
1767172883.5722382,2,5,-142
1767172883.5822382,0,0,-142
1767172883.5922382,0,0,-139
1767172883.6022382,1,-2,-138
1767172883.6122382,0,-4,-139
1767172883.6222382,0,-6,-142
1767172883.632238,-5,-6,-137
1767172883.642238,0,-1,-129
1767172883.652238,-1,1,-127
1767172883.662238,-6,3,-124
1767172883.672238,-4,3,-125
1767172883.682238,1,0,-132
1767172883.692238,2,0,-130
1767172883.702238,2,2,-130
1767172883.712238,4,2,-133
1767172883.722238,3,0,-132
1767172883.732238,5,-2,-128
1767172883.742238,5,0,-132
1767172883.752238,5,-3,-132
1767172883.7622385,-1,-2,-139
1767172883.7722385,0,-2,-133
1767172883.7822382,7,-3,-132
1767172883.7922382,12,-2,-138
1767172883.8032382,9,-3,-135
1767172883.813238,8,0,-130
1767172883.8222382,6,0,-134
1767172883.8322382,5,-2,-139
1767172883.843238,0,-2,-135
1767172883.853238,-4,-2,-135
1767172883.863238,-8,-8,-133
1767172883.873238,-10,-8,-133
1767172883.883238,-9,-9,-135
1767172883.893238,-6,-6,-139
1767172883.903238,-4,-8,-140
1767172883.913238,-3,-6,-135
1767172883.923238,-8,-5,-126
1767172883.9332385,-6,-6,-124
1767172883.9432385,-9,-6,-120
1767172883.9532382,-3,-4,-129
1767172883.9632382,0,-5,-138
1767172883.9732382,0,-3,-128
1767172883.9832382,1,-1,-123
1767172883.9932382,2,0,-120
1767172884.0032382,3,0,-125
1767172884.0132382,6,-1,-128
1767172884.0232382,6,-2,-129
1767172884.0332382,2,0,-131
1767172884.0432382,1,-2,-132
1767172884.0532382,0,5,-132
1767172884.063238,-2,6,-140
1767172884.073238,3,7,-142
1767172884.083238,4,12,-140
1767172884.093238,4,11,-131
1767172884.103238,1,5,-129
1767172884.113238,1,4,-127
1767172884.123238,0,3,-129
1767172884.133238,0,2,-126
1767172884.143238,-1,-1,-122
1767172884.153238,4,-1,-131
1767172884.163238,8,0,-135
1767172884.173238,4,3,-128
1767172884.1832385,0,8,-127
1767172884.1932385,0,6,-131
1767172884.2032382,0,4,-131
1767172884.2132382,0,2,-135
1767172884.2232382,0,0,-139
1767172884.2332382,0,-4,-133
1767172884.2432382,0,-3,-132
1767172884.2532382,-1,-2,-137
1767172884.2632382,-5,3,-125
1767172884.2732382,-5,4,-117
1767172884.2832382,-3,4,-121
1767172884.2932382,0,1,-124
1767172884.3032382,0,0,-129
1767172884.313238,0,4,-132
1767172884.323238,2,0,-134
1767172884.333238,3,4,-136
1767172884.343238,3,4,-139
1767172884.353238,4,0,-137
1767172884.363238,2,2,-135
1767172884.373238,2,-1,-132
1767172884.383238,0,1,-130
1767172884.393238,-2,-2,-130
1767172884.403238,-3,-4,-126
1767172884.413238,-7,-3,-126
1767172884.423238,-5,-1,-123
1767172884.4332385,-5,-2,-124
1767172884.4432385,-4,0,-130
1767172884.4532382,-1,0,-128
1767172884.4632382,2,-3,-128
1767172884.4732382,2,-2,-134
1767172884.495238,0,2,-141
1767172884.5032382,-2,3,-136
1767172884.5132382,0,0,-137
1767172884.5232382,-2,0,-140
1767172884.5332382,-6,-1,-137
1767172884.5432382,-4,0,-130
1767172884.5532382,-3,-2,-134
1767172884.563238,-2,-2,-137
1767172884.573238,0,-3,-136
1767172884.583238,0,-4,-136
1767172884.593238,-1,-4,-130
1767172884.603238,-1,-3,-129
1767172884.613238,1,-2,-131
1767172884.623238,0,0,-132
1767172884.633238,-1,0,-132
1767172884.643238,-3,-3,-137
1767172884.653238,-7,-3,-144
1767172884.663238,-5,-2,-149
1767172884.673238,-12,-1,-145
1767172884.6832385,-11,0,-142
1767172884.6932385,-11,2,-141
1767172884.7032382,-14,2,-147
1767172884.7132382,-12,-1,-147
1767172884.7232382,-6,1,-147
1767172884.7332382,-9,0,-145
1767172884.7432382,-3,-2,-146
1767172884.7532382,-1,-7,-144
1767172884.7632382,0,-8,-148
1767172884.7732382,3,-7,-147
1767172884.7832382,3,-5,-144
1767172884.7932382,0,-4,-136
1767172884.8032382,2,-5,-130
1767172884.813238,6,-3,-132
1767172884.823238,3,0,-128
1767172884.833238,1,0,-128
1767172884.843238,-1,0,-136
1767172884.853238,2,-4,-136
1767172884.863238,7,-7,-135
1767172884.873238,5,-4,-133
1767172884.883238,2,-4,-137
1767172884.893238,-3,-8,-138
1767172884.903238,-1,-5,-131
1767172884.913238,-3,-7,-128
1767172884.923238,-2,-3,-126
1767172884.9332385,-5,0,-132
1767172884.9432385,-3,-2,-134
1767172884.9532382,-5,0,-133
1767172884.9632382,-3,3,-131
1767172884.9732382,-4,0,-127
1767172884.9832382,0,-4,-124
1767172884.9932382,0,-3,-118
1767172885.0032382,1,0,-117
1767172885.0132382,1,1,-127
1767172885.0232382,0,0,-122
1767172885.0332382,-3,0,-122
1767172885.0432382,-5,4,-125
1767172885.0532382,0,3,-128
1767172885.063238,0,2,-130
1767172885.073238,-2,0,-130
1767172885.083238,-1,-2,-132
1767172885.093238,-1,0,-132
1767172885.103238,-2,1,-134
1767172885.113238,-3,0,-132
1767172885.123238,-5,1,-131
1767172885.133238,-3,-2,-132
1767172885.143238,-6,-4,-131
1767172885.153238,-6,-5,-131
1767172885.163238,-3,0,-130
1767172885.173238,4,-1,-131
1767172885.1832385,7,0,-131
1767172885.1932385,6,-5,-130
1767172885.2032382,2,-5,-138
1767172885.2132382,3,-6,-136
1767172885.2232382,4,-1,-133
1767172885.2332382,3,0,-131
1767172885.2432382,0,-2,-136
1767172885.2532382,2,0,-132
1767172885.2632382,7,0,-124
1767172885.2732382,5,-2,-118
1767172885.2832382,3,-4,-122
1767172885.2932382,3,-6,-122
1767172885.3032382,-2,-6,-116
1767172885.313238,-4,-8,-121
1767172885.323238,-1,-4,-128
1767172885.333238,-3,-3,-129
1767172885.343238,-3,-1,-129
1767172885.353238,0,-3,-132
1767172885.363238,-1,-4,-129
1767172885.373238,-1,-2,-129
1767172885.383238,-2,1,-133
1767172885.393238,-2,3,-144
1767172885.403238,0,6,-139
1767172885.413238,3,1,-141
1767172885.423238,0,0,-137
1767172885.4332385,-1,-1,-130
1767172885.4432385,0,-2,-127
1767172885.4532382,-2,-4,-131
1767172885.4632382,0,-2,-129
1767172885.4732382,2,-1,-125
1767172885.4832382,4,-1,-123
1767172885.4932382,1,0,-123
1767172885.5032382,2,1,-127
1767172885.5132382,2,1,-123
1767172885.5232382,-1,1,-125
1767172885.5332382,1,3,-123
1767172885.5432382,0,4,-129
1767172885.5532382,0,0,-125
1767172885.563238,3,0,-131
1767172885.573238,2,0,-137
1767172885.583238,1,4,-139
1767172885.593238,-3,3,-136
1767172885.603238,-1,3,-133
1767172885.613238,-3,2,-129
1767172885.623238,-1,0,-129
1767172885.633238,0,0,-129
1767172885.643238,-2,-2,-127
1767172885.653238,-2,-5,-125
1767172885.663238,-1,-4,-126
1767172885.673238,-9,-7,-127
1767172885.6842382,-8,-10,-126
1767172885.6932385,-8,-7,-125
1767172885.7032382,-6,-6,-124
1767172885.7132382,-3,-5,-128
1767172885.7232382,0,-5,-124
1767172885.7332382,-3,-6,-121
1767172885.7432382,-6,-3,-123
1767172885.7532382,-4,-5,-128
1767172885.7632382,-5,-6,-122
1767172885.7732382,-2,0,-120
1767172885.7832382,-5,1,-124
1767172885.7932382,-7,-2,-124
1767172885.8032382,-4,-3,-131
1767172885.813238,-2,-3,-130
1767172885.823238,-2,2,-135
1767172885.833238,4,5,-139
1767172885.843238,2,0,-140
1767172885.853238,0,0,-143
1767172885.863238,2,0,-139
1767172885.873238,3,-3,-141
1767172885.883238,3,-3,-137
1767172885.893238,2,1,-130
1767172885.903238,4,2,-123
1767172885.913238,4,3,-117
1767172885.923238,8,2,-116
1767172885.9332385,6,-1,-122
1767172885.9432385,2,-2,-123
1767172885.9532382,0,-5,-127
1767172885.9632382,1,-3,-131
1767172885.9732382,2,-1,-134
1767172885.9832382,3,0,-131
1767172885.9932382,3,-1,-134
1767172886.0032382,11,4,-134
1767172886.0132382,10,1,-136
1767172886.0232382,7,-1,-141
1767172886.0332382,3,0,-142
1767172886.0432382,1,0,-142
1767172886.0532382,2,0,-135
1767172886.063238,6,-1,-132
1767172886.073238,6,-1,-129
1767172886.083238,5,-5,-132
1767172886.093238,5,-4,-131
1767172886.103238,2,-3,-141
1767172886.113238,0,-5,-146
1767172886.123238,0,-5,-140
1767172886.133238,1,-2,-132
1767172886.143238,0,-4,-131
1767172886.153238,0,-2,-131
1767172886.163238,0,0,-135
1767172886.173238,2,-2,-135
1767172886.1832385,0,-1,-139
1767172886.1932385,0,-5,-138
1767172886.2032382,-2,-4,-137
1767172886.2132382,-2,-7,-135
1767172886.2232382,3,-5,-137
1767172886.2332382,6,-2,-137
1767172886.2432382,4,-3,-136
1767172886.2532382,0,-2,-137
1767172886.2632382,2,-3,-138
1767172886.2732382,2,-5,-139
1767172886.2832382,0,-4,-140
1767172886.2932382,2,-6,-131
1767172886.3032382,-1,-7,-131
1767172886.313238,-1,-6,-134
1767172886.323238,1,-2,-131
1767172886.333238,4,0,-127
1767172886.343238,3,1,-134
1767172886.353238,0,3,-135
1767172886.363238,-3,3,-135
1767172886.373238,-4,3,-140
1767172886.383238,-5,3,-138
1767172886.393238,-5,0,-141
1767172886.4042382,-6,0,-137
1767172886.413238,-8,0,-128
1767172886.423238,-9,3,-133
1767172886.4342382,-3,5,-136
1767172886.4432385,-6,3,-137
1767172886.4542382,-2,4,-136
1767172886.4642382,-1,3,-140
1767172886.4742382,2,1,-134
1767172886.484238,1,2,-131
1767172886.494238,1,1,-127
1767172886.504238,3,3,-127
1767172886.514238,4,1,-127
1767172886.524238,5,3,-136
1767172886.534238,1,2,-140
1767172886.544238,6,3,-138
1767172886.554238,4,1,-133
1767172886.564238,0,3,-136
1767172886.574238,1,2,-145
1767172886.584238,0,2,-142
1767172886.594238,-2,3,-139
1767172886.6042385,-4,1,-141
1767172886.6142385,-2,2,-139
1767172886.6242385,-2,2,-137
1767172886.6342382,-5,0,-138
1767172886.6442382,-4,0,-142
1767172886.6542382,-1,2,-142
1767172886.6642382,1,7,-139
1767172886.6742382,1,0,-131
1767172886.6842382,-2,3,-129
1767172886.6942382,-3,5,-128
1767172886.7042382,-4,7,-124
1767172886.7142382,-2,2,-128
1767172886.7242382,-3,6,-129
1767172886.734238,0,3,-135
1767172886.744238,2,0,-142
1767172886.754238,5,-1,-137
1767172886.764238,4,0,-139
1767172886.774238,6,-3,-138
1767172886.784238,2,-3,-137
1767172886.794238,2,-3,-141
1767172886.804238,1,-3,-141
1767172886.814238,0,-7,-139
1767172886.824238,2,-10,-140
1767172886.834238,0,-6,-137
1767172886.844238,-1,-5,-129
1767172886.8542385,-5,-1,-132
1767172886.8642385,-2,0,-133
1767172886.8742385,-4,3,-133
1767172886.8842382,0,5,-128
1767172886.8942382,0,4,-129
1767172886.9042382,3,3,-130
1767172886.9142382,6,0,-127
1767172886.9242382,0,0,-126
1767172886.9342382,0,0,-127
1767172886.9442382,2,-1,-129
1767172886.9542382,4,0,-127
1767172886.9642382,5,0,-128
1767172886.9742382,3,-1,-130
1767172886.984238,0,-5,-133
1767172886.994238,-2,-6,-135
1767172887.004238,2,-2,-129
1767172887.014238,3,-1,-124
1767172887.024238,2,-2,-125
1767172887.034238,5,-1,-127
1767172887.044238,4,1,-130
1767172887.054238,2,1,-137
1767172887.064238,4,-1,-138
1767172887.074238,1,-4,-137
1767172887.084238,1,-6,-139
1767172887.094238,2,-12,-140
1767172887.1042385,4,-10,-138
1767172887.1142385,4,-6,-137
1767172887.1242385,3,-3,-137
1767172887.1342382,1,0,-141
1767172887.1442382,0,0,-143
1767172887.1542382,0,-1,-148
1767172887.1642382,5,-1,-145
1767172887.1742382,7,0,-146
1767172887.1842382,4,0,-142
1767172887.1942382,0,-1,-142
1767172887.2042382,2,-1,-142
1767172887.2142382,-1,1,-134
1767172887.2242382,-2,3,-137
1767172887.234238,-8,4,-133
1767172887.244238,-4,2,-135
1767172887.254238,0,2,-130
1767172887.264238,1,-1,-127
1767172887.274238,0,2,-130
1767172887.284238,-4,0,-135
1767172887.294238,-4,-3,-138
1767172887.304238,-1,-2,-138
1767172887.314238,4,-1,-132
1767172887.324238,4,-7,-126
1767172887.334238,5,-3,-126
1767172887.344238,5,-4,-129
1767172887.3542385,3,-4,-134
1767172887.3642385,0,-3,-134
1767172887.3742385,5,-3,-134
1767172887.3842382,5,-8,-130
1767172887.3942382,-1,-8,-137
1767172887.4042382,-1,-8,-137
1767172887.4142382,0,-4,-139
1767172887.4242382,3,-2,-138
1767172887.4342382,1,-3,-135
1767172887.4442382,-2,-5,-135
1767172887.4542382,-1,-3,-130
1767172887.4642382,0,-1,-131
1767172887.4742382,0,0,-134
1767172887.484238,-3,1,-136
1767172887.494238,-5,4,-135
1767172887.504238,-1,6,-128
1767172887.514238,1,7,-127
1767172887.524238,5,12,-126
1767172887.534238,4,14,-126
1767172887.544238,6,9,-130
1767172887.554238,7,6,-131
1767172887.564238,7,5,-136
1767172887.574238,6,8,-133
1767172887.584238,4,10,-128
1767172887.594238,3,6,-123
1767172887.6042385,0,3,-121
1767172887.6142385,-4,2,-119
1767172887.6242385,-4,0,-125
1767172887.6342382,-5,-1,-127
1767172887.6442382,-3,-3,-127
1767172887.6542382,-3,1,-129
1767172887.6642382,-1,2,-128
1767172887.6742382,-2,5,-134
1767172887.6842382,-2,4,-135
1767172887.6942382,-5,4,-129
1767172887.7042382,-2,3,-130
1767172887.7142382,0,4,-132
1767172887.7242382,1,4,-138
1767172887.734238,-2,5,-141
1767172887.744238,-3,3,-137
1767172887.754238,0,3,-135
1767172887.764238,0,1,-133
1767172887.774238,0,3,-128
1767172887.784238,0,4,-129
1767172887.794238,0,4,-125
1767172887.804238,1,3,-130
1767172887.814238,1,5,-129
1767172887.824238,0,6,-128
1767172887.834238,2,7,-124
1767172887.844238,0,4,-130
1767172887.8542385,3,2,-130
1767172887.8642385,0,-2,-133
1767172887.8742385,2,0,-130
1767172887.8842382,2,0,-124
1767172887.8942382,-1,-1,-126
1767172887.9042382,-2,-2,-131
1767172887.9142382,0,-4,-132
1767172887.9242382,5,-1,-137
1767172887.9342382,4,0,-136
1767172887.9442382,0,0,-142
1767172887.9542382,-2,-4,-139
1767172887.9642382,-2,-4,-137
1767172887.9742382,-2,-1,-133
1767172887.984238,-2,-1,-138
1767172887.994238,-1,-1,-134
1767172888.004238,0,-2,-132
1767172888.014238,-1,0,-126
1767172888.024238,1,-2,-127
1767172888.034238,-2,-2,-132
1767172888.044238,-3,-1,-131
1767172888.054238,-6,0,-128
1767172888.064238,-2,-2,-130
1767172888.074238,-4,-3,-131
1767172888.084238,-4,-1,-133
1767172888.094238,-5,-2,-130
1767172888.1042385,0,-2,-130
1767172888.1142385,-2,-1,-127
1767172888.1242385,-1,-2,-124
1767172888.1342382,-1,-3,-122
1767172888.1442382,-3,-3,-124
1767172888.1542382,-1,-4,-130
1767172888.1642382,0,-1,-132
1767172888.1742382,-3,-2,-130
1767172888.1842382,-6,-3,-133
1767172888.1942382,-7,-5,-136
1767172888.2042382,-7,-4,-133
1767172888.2142382,-11,-1,-129
1767172888.2242382,-7,0,-126
1767172888.234238,-4,0,-121
1767172888.244238,-1,0,-126
1767172888.254238,-6,-1,-128
1767172888.264238,-1,-1,-132
1767172888.274238,0,2,-140
1767172888.284238,1,0,-137
1767172888.294238,-3,-2,-136
1767172888.304238,-8,-2,-141
1767172888.314238,-6,0,-134
1767172888.324238,-7,2,-131
1767172888.334238,-1,0,-129
1767172888.344238,0,-2,-135
1767172888.3542385,1,0,-136
1767172888.3642385,2,0,-135
1767172888.3742385,2,-1,-138
1767172888.3842382,3,-3,-140
1767172888.3942382,6,-3,-147
1767172888.4042382,7,-6,-148
1767172888.4142382,9,-3,-149
1767172888.4242382,6,-4,-144
1767172888.4342382,11,-3,-140
1767172888.4442382,3,-2,-136
1767172888.4542382,6,-4,-135
1767172888.4642382,3,-4,-137
1767172888.4742382,0,-3,-126
1767172888.484238,-2,-5,-126
1767172888.494238,-3,-2,-125
1767172888.504238,-1,0,-126
1767172888.514238,-2,0,-129
1767172888.524238,-1,0,-133
1767172888.534238,-2,1,-136
1767172888.544238,0,0,-129
1767172888.554238,-3,0,-128
1767172888.564238,-3,2,-137
1767172888.574238,-2,-1,-135
1767172888.584238,0,1,-130
1767172888.594238,0,0,-135
1767172888.6042385,-1,0,-130
1767172888.6142385,2,0,-125
1767172888.6242385,-1,0,-122
1767172888.6342382,3,1,-117
1767172888.6442382,1,-1,-119
1767172888.6542382,0,-4,-125
1767172888.6642382,-1,-8,-130
1767172888.6742382,0,-6,-126
1767172888.6842382,-3,-4,-127
1767172888.6942382,-5,-3,-125
1767172888.7042382,-5,-3,-127
1767172888.7142382,-6,-4,-126
1767172888.7242382,-6,0,-132
1767172888.734238,-8,-3,-136
1767172888.744238,-1,-1,-137
1767172888.754238,-3,0,-132
1767172888.764238,-6,3,-138
1767172888.774238,-8,6,-136
1767172888.784238,-7,5,-134
1767172888.794238,0,2,-131
1767172888.804238,0,0,-129
1767172888.814238,-3,0,-131
1767172888.824238,-4,-1,-138
1767172888.834238,-3,-2,-140
1767172888.844238,0,-1,-138
1767172888.8542385,2,-1,-141
1767172888.8642385,1,-4,-142
1767172888.8742385,0,-4,-136
1767172888.8842382,1,-3,-137
1767172888.8942382,0,-1,-130
1767172888.9042382,0,-2,-126
1767172888.9142382,3,-7,-120
1767172888.9242382,5,-3,-120
1767172888.9342382,0,-4,-115
1767172888.9442382,0,-3,-115
1767172888.9542382,-1,-6,-121
1767172888.9642382,0,-7,-124
1767172888.9742382,2,-2,-129
1767172888.984238,3,-1,-130
1767172888.994238,5,-3,-123
1767172889.004238,7,-7,-119
1767172889.014238,12,-9,-126
1767172889.024238,7,-13,-123
1767172889.034238,4,-10,-134
1767172889.044238,2,-4,-134
1767172889.0552382,-1,-2,-133
1767172889.0652382,0,-1,-130
1767172889.0752382,3,-2,-130
1767172889.0852382,5,-5,-132
1767172889.0952382,4,-7,-126
1767172889.1052382,1,-7,-124
1767172889.1152382,3,-12,-128
1767172889.1252382,-3,-11,-130
1767172889.1352382,-10,-9,-132
1767172889.1452382,-9,-6,-128
1767172889.1552382,-9,-9,-131
1767172889.165238,-8,-7,-137
1767172889.175238,-7,-5,-135
1767172889.185238,-5,-5,-135
1767172889.195238,-3,0,-132
1767172889.205238,-2,-2,-131
1767172889.215238,-3,-1,-131
1767172889.225238,-4,0,-128
1767172889.235238,-3,0,-120
1767172889.245238,0,-3,-125
1767172889.255238,0,-2,-124
1767172889.265238,3,3,-121
1767172889.275238,0,4,-121
1767172889.2852385,2,0,-121
1767172889.2952385,0,0,-121
1767172889.3052382,0,-2,-124
1767172889.3152382,-6,-3,-133
1767172889.3252382,-11,-1,-131
1767172889.3352382,-6,0,-133
1767172889.3452382,-6,3,-131
1767172889.3552382,-7,1,-130
1767172889.3652382,-6,-1,-125
1767172889.3752382,-3,-8,-125
1767172889.3852382,-5,-8,-129
1767172889.3952382,-1,-9,-126
1767172889.4052382,1,-10,-123
1767172889.415238,6,0,-120
1767172889.425238,6,2,-122
1767172889.435238,7,3,-130
1767172889.445238,4,0,-125
1767172889.455238,3,1,-128
1767172889.465238,1,1,-119
1767172889.475238,2,4,-123
1767172889.485238,0,0,-122
1767172889.5062382,-1,-5,-126
1767172889.515238,-2,-7,-125
1767172889.525238,-2,-4,-123
1767172889.5352385,-5,-6,-123
1767172889.5452385,-7,-3,-120
1767172889.5552382,-10,0,-118
1767172889.5652382,-3,2,-119
1767172889.5752382,-5,3,-122
1767172889.5852382,-3,2,-124
1767172889.5952382,-2,-2,-121
1767172889.6052382,1,-2,-125
1767172889.6152382,6,-7,-130
1767172889.6252382,1,-6,-135
1767172889.6352382,0,-6,-135
1767172889.6452382,-1,-8,-141
1767172889.6552382,0,-3,-137
1767172889.665238,-2,-2,-137
1767172889.675238,-2,-3,-138
1767172889.685238,2,-1,-136
1767172889.695238,1,-2,-130
1767172889.705238,-2,-2,-125
1767172889.715238,-2,2,-120
1767172889.725238,0,1,-120
1767172889.735238,4,0,-123
1767172889.745238,0,-1,-126
1767172889.755238,0,0,-140
1767172889.765238,1,2,-139
1767172889.775238,-3,1,-129
1767172889.7852385,0,-1,-125
1767172889.7952385,4,-1,-130
1767172889.8052382,2,-3,-132
1767172889.8152382,0,0,-129
1767172889.8252382,2,-1,-133
1767172889.8352382,4,-4,-139
1767172889.8452382,3,0,-137
1767172889.8552382,6,3,-139
1767172889.8652382,6,2,-137
1767172889.8752382,3,5,-136
1767172889.8852382,0,5,-138
1767172889.8952382,-1,0,-136
1767172889.9052382,1,-5,-136
1767172889.915238,-1,-5,-133
1767172889.925238,0,-7,-133
1767172889.935238,1,-8,-133
1767172889.945238,0,-7,-136
1767172889.955238,0,-6,-136
1767172889.965238,-6,-9,-136
1767172889.975238,-6,-8,-145
1767172889.985238,-5,-2,-145
1767172889.995238,-9,0,-141
1767172890.005238,-2,1,-147
1767172890.015238,-2,1,-144
1767172890.025238,-2,0,-135
1767172890.0352385,1,3,-135
1767172890.0452385,3,0,-136
1767172890.0552382,3,-4,-136
1767172890.0652382,1,-9,-134
1767172890.0752382,5,-4,-138
1767172890.0852382,4,-6,-138
1767172890.0952382,1,-5,-142
1767172890.1052382,1,-8,-142
1767172890.1152382,-5,-4,-142
1767172890.1252382,-2,-2,-143
1767172890.1352382,-4,-2,-140
1767172890.1452382,-2,-4,-135
1767172890.1552382,-2,-9,-131
1767172890.165238,-2,-10,-129
1767172890.175238,1,-10,-128
1767172890.185238,0,-6,-132
1767172890.195238,-3,-4,-133
1767172890.205238,-5,-1,-130
1767172890.215238,-1,-2,-136
1767172890.225238,-2,-5,-131
1767172890.235238,-1,-7,-133
1767172890.245238,-4,-7,-136
1767172890.255238,-3,-6,-132
1767172890.265238,-4,0,-129
1767172890.275238,-4,3,-133
1767172890.2852385,-10,2,-126
1767172890.2952385,-9,3,-117
1767172890.3052382,-12,3,-121
1767172890.3152382,-12,2,-118
1767172890.3252382,-6,0,-125
1767172890.3352382,-5,1,-131
1767172890.3452382,-3,1,-127
1767172890.3552382,-2,4,-125
1767172890.3652382,-1,3,-128
1767172890.3752382,0,1,-132
1767172890.3852382,1,0,-132
1767172890.3952382,0,5,-133
1767172890.4052382,-2,5,-135
1767172890.415238,-2,2,-135
1767172890.425238,-6,3,-137
1767172890.435238,-10,0,-130
1767172890.445238,-12,2,-123
1767172890.455238,-7,0,-123
1767172890.465238,-4,1,-123
1767172890.475238,-1,2,-120
1767172890.485238,0,0,-118
1767172890.495238,1,0,-123
1767172890.505238,4,4,-123
1767172890.515238,0,2,-129
1767172890.525238,-2,0,-130
1767172890.5352385,-5,2,-137
1767172890.5452385,-2,2,-130
1767172890.5552382,2,2,-128
1767172890.5652382,3,1,-136
1767172890.5752382,3,2,-134
1767172890.5852382,-1,4,-134
1767172890.5952382,-2,2,-131
1767172890.6052382,-2,-2,-122
1767172890.6152382,0,-1,-134
1767172890.6252382,2,0,-134
1767172890.6352382,7,1,-130
1767172890.6452382,1,-2,-122
1767172890.6552382,4,-2,-130
1767172890.665238,6,-2,-130
1767172890.675238,8,-3,-131
1767172890.685238,7,1,-125
1767172890.695238,3,0,-127
1767172890.705238,-2,-2,-127
1767172890.715238,-7,-2,-128
1767172890.725238,-8,-4,-125
1767172890.735238,-11,-6,-129
1767172890.745238,-12,-4,-131
1767172890.755238,-6,-4,-137
1767172890.765238,-2,0,-137
1767172890.775238,-4,1,-133
1767172890.7852385,-2,2,-130
1767172890.7952385,-2,1,-129
1767172890.8052382,1,1,-129
1767172890.8152382,-1,0,-134
1767172890.8252382,-3,0,-136
1767172890.8352382,-3,-1,-132
1767172890.8452382,1,-3,-131
1767172890.8552382,-1,-2,-124
1767172890.8652382,-4,-3,-125
1767172890.8752382,-2,-2,-128
1767172890.8852382,-1,0,-129
1767172890.8952382,-2,2,-135
1767172890.9052382,0,4,-136
1767172890.915238,5,2,-128
1767172890.925238,0,1,-122
1767172890.935238,-6,0,-125
1767172890.945238,-2,-2,-127
1767172890.955238,-2,-6,-127
1767172890.965238,4,-7,-129
1767172890.975238,0,-9,-130
1767172890.985238,2,-5,-137
1767172890.995238,1,-6,-136
1767172891.005238,0,-5,-126
1767172891.015238,2,-5,-127
1767172891.025238,-2,-1,-125
1767172891.0352385,4,2,-132
1767172891.0452385,7,0,-139
1767172891.0552382,7,-1,-143
1767172891.0652382,5,0,-144
1767172891.0752382,2,-2,-135
1767172891.0852382,-1,-2,-135
1767172891.0952382,0,-1,-131
1767172891.1052382,1,1,-132
1767172891.1152382,0,-1,-128
1767172891.1252382,0,0,-132
1767172891.1352382,-2,-1,-134
1767172891.1452382,-7,-2,-136
1767172891.1552382,-8,-1,-132
1767172891.165238,-6,1,-129
1767172891.175238,-6,3,-128
1767172891.185238,-5,4,-135
1767172891.195238,-4,1,-138
1767172891.205238,-1,0,-139
1767172891.215238,-3,2,-140
1767172891.225238,-3,-2,-140
1767172891.235238,1,-5,-141
1767172891.245238,0,-2,-138
1767172891.255238,0,0,-134
1767172891.265238,-3,0,-132
1767172891.275238,-3,-1,-135
1767172891.2852385,0,0,-129
1767172891.2952385,0,6,-127
1767172891.3052382,0,3,-124
1767172891.3152382,1,1,-122
1767172891.3252382,4,0,-118
1767172891.3352382,2,3,-120
1767172891.3452382,0,1,-125
1767172891.3552382,1,2,-118
1767172891.3652382,1,-3,-119
1767172891.3752382,0,0,-120
1767172891.3852382,0,-2,-122
1767172891.3952382,0,-4,-122
1767172891.4052382,-2,-3,-122
1767172891.415238,-4,-2,-128
1767172891.425238,-3,-2,-133
1767172891.435238,-5,-2,-130
1767172891.445238,-8,-4,-128
1767172891.455238,-6,-2,-131
1767172891.465238,-4,-1,-131
1767172891.475238,-4,-3,-137
1767172891.485238,-3,0,-134
1767172891.495238,0,2,-143
1767172891.505238,0,-1,-138
1767172891.515238,-1,-6,-135
1767172891.525238,0,-3,-138
1767172891.5352385,-1,1,-135
1767172891.5452385,0,0,-135
1767172891.5552382,-2,-2,-127
1767172891.5652382,0,-4,-135
1767172891.5762382,-3,-2,-135
1767172891.5852382,-4,-1,-137
1767172891.596238,-3,-2,-139
1767172891.606238,0,-2,-142
1767172891.616238,-2,-4,-144
1767172891.626238,0,-6,-133
1767172891.636238,3,-6,-138
1767172891.646238,4,-7,-141
1767172891.656238,7,-5,-142
1767172891.666238,1,-2,-142
1767172891.676238,2,-1,-137
1767172891.686238,0,0,-139
1767172891.696238,-1,-1,-134
1767172891.7062385,-2,-1,-130
1767172891.7162385,-3,-2,-135
1767172891.7262385,-6,-2,-124
1767172891.7362382,-4,-2,-125
1767172891.7462382,-4,0,-131
1767172891.7562382,-4,2,-124
1767172891.7662382,-3,-1,-124
1767172891.7762382,3,-1,-124
1767172891.7862382,0,0,-122
1767172891.7962382,1,0,-127
1767172891.8062382,7,0,-132
1767172891.8162382,3,-2,-135
1767172891.8262382,5,-1,-134
1767172891.836238,4,-2,-130
1767172891.846238,1,-3,-128
1767172891.856238,-1,-5,-124
1767172891.866238,0,-4,-120
1767172891.876238,-1,-1,-128
1767172891.886238,-2,-4,-124
1767172891.896238,2,-7,-124
1767172891.906238,5,-3,-122
1767172891.916238,3,-1,-128
1767172891.926238,2,-6,-131
1767172891.936238,4,-4,-135
1767172891.946238,6,-3,-137
1767172891.9562385,9,-1,-136
1767172891.9662385,9,0,-138
1767172891.9762385,5,0,-140
1767172891.9862382,0,-3,-133
1767172891.9962382,-1,-2,-136
1767172892.0062382,-1,-3,-134
1767172892.0162382,-1,-3,-137
1767172892.0262382,4,-3,-138
1767172892.0362382,2,-2,-134
1767172892.0462382,-2,-7,-133
1767172892.0562382,-2,-10,-131
1767172892.0662382,-5,-7,-128
1767172892.0762382,-5,1,-122
1767172892.086238,0,4,-129
1767172892.096238,-2,2,-128
1767172892.106238,4,-1,-133
1767172892.116238,2,1,-135
1767172892.126238,3,5,-131
1767172892.136238,-1,4,-130
1767172892.146238,1,2,-131
1767172892.156238,6,3,-130
1767172892.166238,3,2,-133
1767172892.176238,0,2,-129
1767172892.186238,-4,0,-121
1767172892.196238,-3,-1,-124
1767172892.2062385,-5,2,-131
1767172892.2162385,-1,3,-136
1767172892.2262385,-2,2,-136
1767172892.2362382,-1,-2,-135
1767172892.2462382,-2,-2,-138
1767172892.2562382,-4,-3,-137
1767172892.2662382,-2,-4,-139
1767172892.2762382,0,-2,-135
1767172892.2862382,0,-1,-132
1767172892.2962382,1,2,-132
1767172892.3062382,1,3,-129
1767172892.3162382,-3,2,-129
1767172892.3262382,1,-3,-125
1767172892.336238,1,-3,-130
1767172892.346238,2,-3,-129
1767172892.356238,-1,-6,-130
1767172892.366238,-1,-3,-133
1767172892.376238,-1,-1,-133
1767172892.386238,-2,-3,-129
1767172892.396238,-5,1,-124
1767172892.406238,-7,5,-133
1767172892.416238,-6,8,-133
1767172892.426238,-5,8,-136
1767172892.436238,-6,6,-133
1767172892.446238,-3,2,-132
1767172892.4562385,0,3,-127
1767172892.4662385,1,0,-126
1767172892.4762385,4,0,-128
1767172892.4862382,5,0,-122
1767172892.4962382,5,0,-124
1767172892.5062382,8,-3,-127
1767172892.5162382,7,-2,-124
1767172892.5262382,1,-3,-127
1767172892.5362382,3,-4,-127
1767172892.5462382,9,-2,-127
1767172892.5562382,4,0,-125
1767172892.5662382,0,0,-126
1767172892.5762382,4,2,-127
1767172892.586238,2,-5,-132
1767172892.596238,2,-3,-127
1767172892.606238,2,0,-126
1767172892.616238,0,0,-124
1767172892.626238,1,1,-121
1767172892.636238,1,0,-130
1767172892.646238,3,0,-137
1767172892.656238,2,1,-135
1767172892.666238,3,-2,-132
1767172892.676238,0,-8,-138
1767172892.686238,2,-8,-129
1767172892.696238,2,-9,-129
1767172892.7062385,6,-4,-132
1767172892.7162385,1,-3,-131
1767172892.7262385,-1,-3,-137
1767172892.7362382,0,-3,-136
1767172892.7462382,3,-3,-135
1767172892.7562382,6,-3,-133
1767172892.7662382,7,-9,-134
1767172892.7762382,4,-8,-129
1767172892.7862382,3,-13,-133
1767172892.7962382,2,-13,-138
1767172892.8062382,2,-16,-137
1767172892.8162382,4,-15,-131
1767172892.8262382,6,-11,-135
1767172892.836238,3,-6,-131
1767172892.846238,7,-2,-132
1767172892.856238,7,-5,-136
1767172892.866238,4,-6,-132
1767172892.876238,4,-6,-127
1767172892.886238,3,-7,-132
1767172892.896238,-3,-6,-128
1767172892.906238,-2,-3,-129
1767172892.916238,0,-2,-130
1767172892.926238,0,0,-133
1767172892.936238,1,-2,-133
1767172892.946238,4,-2,-127
1767172892.9562385,11,-3,-125
1767172892.9662385,10,-5,-128
1767172892.9762385,5,-6,-135
1767172892.9862382,4,-8,-132
1767172892.9962382,2,-7,-136
1767172893.0062382,2,-4,-137
1767172893.0162382,0,0,-136
1767172893.0262382,2,1,-133
1767172893.0362382,0,-2,-135
1767172893.0462382,-1,-1,-138
1767172893.0562382,0,-2,-139
1767172893.0662382,3,-3,-136
1767172893.0762382,0,-1,-132
1767172893.086238,-1,-3,-133
1767172893.096238,2,-6,-128
1767172893.106238,1,-8,-124
1767172893.116238,-1,-4,-120
1767172893.126238,0,-2,-134
1767172893.136238,0,-1,-134
1767172893.146238,2,0,-135
1767172893.156238,-1,3,-135
1767172893.166238,0,6,-132
1767172893.176238,-2,4,-130
1767172893.186238,0,0,-136
1767172893.196238,2,-3,-135
1767172893.2062385,4,0,-133
1767172893.2162385,0,-5,-125
1767172893.2262385,-2,-6,-127
1767172893.2362382,1,-7,-132
1767172893.2462382,0,-5,-136
1767172893.2562382,-5,-5,-131
1767172893.2662382,-2,-8,-124
1767172893.2762382,2,-2,-127
1767172893.2862382,0,0,-136
1767172893.2962382,-5,1,-141
1767172893.3062382,-6,1,-139
1767172893.3162382,-9,-2,-129
1767172893.3262382,-7,-2,-128
1767172893.336238,-2,-1,-124
1767172893.346238,-3,1,-121
1767172893.356238,-3,1,-125
1767172893.366238,-3,3,-131
1767172893.376238,0,2,-129
1767172893.386238,1,-2,-129
1767172893.396238,7,-4,-136
1767172893.406238,5,-6,-133
1767172893.416238,3,-6,-130
1767172893.426238,0,-4,-130
1767172893.436238,-3,-5,-132
1767172893.446238,-1,-6,-139
1767172893.4562385,-5,-5,-136
1767172893.4662385,-7,-2,-142
1767172893.4762385,-8,-2,-143
1767172893.4862382,-6,0,-140
1767172893.4962382,-7,-3,-134
1767172893.5062382,-5,-2,-138
1767172893.5162382,-6,1,-139
1767172893.5262382,-3,-2,-138
1767172893.5362382,0,-3,-132
1767172893.5462382,2,-3,-129
1767172893.5562382,3,-3,-131
1767172893.5662382,0,0,-128
1767172893.5762382,1,-1,-135
1767172893.586238,2,1,-128
1767172893.596238,-2,0,-135
1767172893.606238,-3,-1,-141
1767172893.616238,-5,-2,-140
1767172893.626238,-1,0,-132
1767172893.636238,-2,0,-130
1767172893.646238,0,0,-132
1767172893.656238,0,-1,-127
1767172893.666238,2,0,-122
1767172893.676238,3,1,-117
1767172893.686238,2,-1,-119
1767172893.696238,1,3,-121
1767172893.7062385,4,1,-117
1767172893.7162385,0,3,-112
1767172893.7262385,0,-3,-107
1767172893.7362382,0,-2,-122
1767172893.7462382,0,-8,-128
1767172893.7562382,0,-5,-129
1767172893.7662382,2,-2,-131
1767172893.7762382,0,-1,-129
1767172893.7862382,-3,-2,-125
1767172893.7962382,0,-7,-126
1767172893.8062382,2,-9,-133
1767172893.8162382,3,-5,-133
1767172893.8262382,4,0,-130
1767172893.836238,1,0,-134
1767172893.846238,0,-1,-135
1767172893.856238,0,-3,-133
1767172893.866238,2,-3,-132
1767172893.876238,1,-3,-125
1767172893.886238,2,-2,-127
1767172893.896238,0,-1,-133
1767172893.906238,1,-4,-136
1767172893.916238,3,-3,-136
1767172893.926238,3,-2,-136
1767172893.936238,2,-4,-127
1767172893.946238,-2,-6,-122
1767172893.9562385,-1,-10,-127
1767172893.9662385,0,-7,-123
1767172893.9762385,3,-7,-127
1767172893.9862382,4,-4,-132
1767172893.9962382,7,-3,-126
1767172894.0062382,4,-3,-128
1767172894.0162382,3,-4,-126
1767172894.0262382,2,-7,-124
1767172894.0362382,-3,-8,-120
1767172894.0462382,-3,-8,-119
1767172894.0562382,0,-7,-125
1767172894.0662382,2,-5,-137
1767172894.0762382,6,-4,-143
1767172894.086238,3,-4,-135
1767172894.096238,4,-2,-132
1767172894.106238,0,-6,-135
1767172894.116238,-5,-8,-134
1767172894.126238,-6,-8,-126
1767172894.136238,-4,-7,-126
1767172894.146238,-2,-5,-122
1767172894.156238,0,-9,-119
1767172894.166238,0,-9,-126
1767172894.176238,1,-1,-129
1767172894.186238,1,2,-135
1767172894.196238,0,3,-133
1767172894.2062385,0,0,-136
1767172894.2162385,-3,2,-133
1767172894.2272382,-2,2,-132
1767172894.2372382,-6,3,-134
1767172894.2472382,-5,2,-139
1767172894.257238,-2,2,-130
1767172894.267238,-4,0,-128
1767172894.277238,-3,-1,-130
1767172894.287238,2,-2,-131
1767172894.297238,2,-4,-137
1767172894.307238,0,-3,-133
1767172894.317238,0,-1,-137
1767172894.327238,0,0,-137
1767172894.337238,-3,-1,-137
1767172894.347238,-2,0,-134
1767172894.357238,-3,2,-130
1767172894.367238,-1,2,-132
1767172894.377238,-3,0,-136
1767172894.3872385,-3,-1,-139
1767172894.3972385,0,-3,-135
1767172894.4072382,0,-6,-134
1767172894.4172382,1,-3,-127
1767172894.4272382,3,-3,-130
1767172894.4372382,6,-3,-132
1767172894.4472382,8,-3,-129
1767172894.4572382,7,-4,-131
1767172894.4672382,4,-4,-137
1767172894.4772382,5,-1,-131
1767172894.4872382,3,1,-137
1767172894.4972382,3,0,-133
1767172894.518238,0,0,-139
1767172894.527238,-4,0,-135
1767172894.537238,-5,0,-135
1767172894.547238,-8,-3,-136
1767172894.557238,-2,-4,-132
1767172894.567238,-2,-4,-131
1767172894.577238,-2,-4,-138
1767172894.587238,1,-3,-134
1767172894.597238,6,0,-132
1767172894.607238,4,-3,-137
1767172894.617238,4,-5,-141
1767172894.627238,-2,-9,-133
1767172894.6372385,-6,-8,-133
1767172894.6472385,-5,-8,-137
1767172894.6572382,-4,-5,-137
1767172894.6672382,-2,-5,-139
1767172894.6772382,2,-3,-133
1767172894.6872382,3,-5,-127
1767172894.6972382,1,-5,-133
1767172894.7072382,-2,-6,-134
1767172894.7172382,0,0,-135
1767172894.7272382,3,3,-135
1767172894.7372382,2,2,-133
1767172894.7472382,3,2,-129
1767172894.757238,2,0,-127
1767172894.767238,-3,0,-126
1767172894.777238,-6,-2,-117
1767172894.787238,-6,0,-112
1767172894.798238,-7,-2,-109
1767172894.807238,-8,2,-111
1767172894.817238,-8,4,-121
1767172894.827238,-7,0,-121
1767172894.837238,-2,1,-131
1767172894.847238,0,0,-134
1767172894.857238,1,0,-141
1767172894.867238,0,1,-150
1767172894.877238,0,2,-153
1767172894.8872385,1,0,-146
1767172894.8972385,1,3,-140
1767172894.9072382,0,5,-140
1767172894.9172382,4,2,-141
1767172894.9272382,2,0,-139
1767172894.9372382,0,1,-137
1767172894.9472382,-2,3,-136
1767172894.9572382,-5,4,-131
1767172894.9672382,-8,3,-135
1767172894.9772382,-6,1,-134
1767172894.9872382,-2,-1,-133
1767172894.9972382,-6,-3,-130
1767172895.007238,-6,0,-128
1767172895.017238,-4,-5,-134
1767172895.027238,-3,-5,-135
1767172895.037238,-2,-2,-134
1767172895.047238,-1,-3,-127
1767172895.057238,-1,-3,-126
1767172895.067238,-6,-5,-128
1767172895.077238,-4,-5,-133
1767172895.087238,-3,-4,-139
1767172895.097238,-7,-5,-139
1767172895.107238,-5,-3,-138
1767172895.117238,-6,0,-137
1767172895.127238,-4,-1,-129
1767172895.1372385,-3,-2,-128
1767172895.1472385,-6,-4,-131
1767172895.1572382,-5,-2,-127
1767172895.1672382,-2,0,-132
1767172895.1772382,-2,-2,-128
1767172895.1872382,1,1,-134
1767172895.1972382,1,1,-132
1767172895.2072382,6,0,-130
1767172895.2172382,1,0,-128
1767172895.2272382,1,2,-129
1767172895.2372382,4,0,-125
1767172895.2472382,2,3,-134
1767172895.257238,0,0,-136
1767172895.267238,0,-1,-130
1767172895.277238,-1,-5,-130
1767172895.287238,1,-4,-129
1767172895.297238,3,-1,-122
1767172895.307238,0,-2,-125
1767172895.317238,-8,-4,-122
1767172895.327238,-9,-2,-123
1767172895.337238,-9,-5,-124
1767172895.347238,-6,-6,-131
1767172895.357238,-3,-6,-130
1767172895.367238,-2,-3,-129
1767172895.377238,-4,-4,-135
1767172895.3872385,-1,-2,-138
1767172895.3972385,-1,-2,-139
1767172895.4072382,-5,-1,-135
1767172895.4172382,-4,0,-136
1767172895.4272382,-2,0,-139
1767172895.4372382,-1,-2,-139
1767172895.4472382,1,1,-138
1767172895.4572382,7,4,-140
1767172895.4672382,6,7,-140
1767172895.4772382,6,7,-129
1767172895.4872382,6,4,-126
1767172895.4972382,8,3,-129
1767172895.507238,9,1,-130
1767172895.517238,8,3,-124
1767172895.527238,5,-1,-129
1767172895.537238,-1,-4,-130
1767172895.547238,-2,-1,-138
1767172895.557238,-2,-1,-137
1767172895.567238,-6,3,-144
1767172895.577238,-7,1,-140
1767172895.587238,-3,2,-138
1767172895.597238,-4,1,-133
1767172895.607238,-6,0,-138
1767172895.617238,-6,0,-146
1767172895.627238,-4,0,-142
1767172895.6372385,-2,1,-144
1767172895.6472385,0,4,-139
1767172895.6572382,0,3,-139
1767172895.6672382,1,-2,-138
1767172895.6772382,0,-3,-139
1767172895.6872382,0,-3,-131
1767172895.6972382,0,-3,-129
1767172895.7072382,0,-3,-128
1767172895.7172382,-1,-4,-129
1767172895.7272382,-2,-2,-130
1767172895.7372382,0,-4,-131
1767172895.7472382,3,-8,-131
1767172895.757238,5,0,-126
1767172895.767238,8,-1,-123
1767172895.777238,10,1,-126
1767172895.787238,11,1,-125
1767172895.797238,12,-2,-125
1767172895.807238,6,0,-127
1767172895.817238,6,0,-136
1767172895.827238,5,2,-132
1767172895.837238,0,3,-132
1767172895.847238,0,1,-133
1767172895.857238,0,2,-140
1767172895.867238,0,0,-141
1767172895.877238,0,-3,-139
1767172895.8872385,-3,2,-133
1767172895.8972385,-4,3,-132
1767172895.9072382,-3,0,-129
1767172895.9172382,0,0,-121
1767172895.9272382,-2,-4,-125
1767172895.9372382,-5,0,-129
1767172895.9472382,-7,-2,-131
1767172895.9572382,-10,-7,-130
1767172895.9672382,-10,-2,-129
1767172895.9772382,-5,1,-125
1767172895.9872382,1,0,-122
1767172895.9972382,5,0,-123
1767172896.007238,3,0,-124
1767172896.017238,-2,0,-120
1767172896.027238,0,0,-118
1767172896.037238,0,0,-119
1767172896.047238,3,0,-125
1767172896.057238,4,-2,-129
1767172896.067238,2,-4,-127
1767172896.077238,1,-5,-128
1767172896.087238,-6,-8,-128
1767172896.097238,-6,-6,-123
1767172896.107238,-5,-5,-126
1767172896.117238,0,-4,-122
1767172896.127238,3,-4,-127
1767172896.1372385,1,-1,-130
1767172896.1472385,3,-2,-130
1767172896.1572382,3,-1,-128
1767172896.1672382,2,0,-128
1767172896.1772382,4,0,-134
1767172896.1872382,2,1,-138
1767172896.1972382,-2,-1,-140
1767172896.2072382,-2,-2,-143
1767172896.2172382,0,-1,-139
1767172896.2272382,-3,-3,-139
1767172896.2372382,-3,-3,-143
1767172896.2472382,-2,-2,-148
1767172896.257238,-4,-1,-143
1767172896.267238,-5,0,-138
1767172896.277238,-2,-1,-136
1767172896.287238,-1,-2,-142
1767172896.297238,3,-7,-149
1767172896.307238,1,-7,-141
1767172896.317238,5,0,-137
1767172896.327238,4,-2,-143
1767172896.337238,5,-2,-141
1767172896.347238,0,-6,-136
1767172896.357238,-1,-10,-129
1767172896.367238,0,-10,-128
1767172896.377238,-2,-7,-125
1767172896.3872385,-1,-4,-122
1767172896.3972385,0,-2,-127
1767172896.4072382,3,0,-128
1767172896.4172382,2,-7,-127
1767172896.4272382,1,-7,-129
1767172896.4372382,3,-6,-129
1767172896.4472382,2,-2,-130
1767172896.4572382,0,-2,-125
1767172896.4672382,1,0,-124
1767172896.4772382,-1,-3,-126
1767172896.4872382,0,-3,-126
1767172896.4972382,1,-1,-127
1767172896.507238,2,-4,-126
1767172896.517238,-2,-1,-133
1767172896.527238,-2,-3,-139
1767172896.537238,-3,0,-137
1767172896.547238,-3,3,-142
1767172896.557238,-7,1,-135
1767172896.567238,-11,0,-138
1767172896.577238,-7,1,-138
1767172896.587238,0,3,-139
1767172896.597238,3,2,-136
1767172896.607238,0,2,-131
1767172896.617238,4,-2,-131
1767172896.627238,1,0,-132
1767172896.6372385,3,1,-130
1767172896.6472385,8,-2,-137
1767172896.6572382,11,-4,-138
1767172896.6672382,6,-2,-136
1767172896.6772382,7,-1,-141
1767172896.6872382,6,2,-142
1767172896.6972382,4,1,-144
1767172896.7072382,8,-3,-139
1767172896.7172382,7,-4,-135
1767172896.7272382,3,-5,-137
1767172896.7372382,0,-10,-136
1767172896.7472382,3,-8,-127
1767172896.757238,0,-4,-129
1767172896.767238,-5,-3,-120
1767172896.778238,-4,-2,-123
1767172896.788238,-4,-1,-122
1767172896.798238,-2,-1,-123
1767172896.8082385,-1,-3,-129
1767172896.8182385,0,-2,-131
1767172896.8282382,-2,-2,-133
1767172896.8382382,0,-3,-128
1767172896.8482382,2,-4,-127
1767172896.8582382,3,0,-133
1767172896.8682382,4,-2,-131
1767172896.8782382,-1,-3,-129
1767172896.8882382,-1,-4,-127
1767172896.8982382,-3,-5,-131
1767172896.9082382,-6,-2,-136
1767172896.9182382,-8,0,-142
1767172896.9282382,-4,0,-135
1767172896.938238,-3,0,-132
1767172896.948238,-2,-4,-133
1767172896.958238,-3,-7,-133
1767172896.968238,0,-6,-137
1767172896.978238,-3,-4,-138
1767172896.988238,-7,-3,-137
1767172896.998238,-11,-3,-132
1767172897.008238,-7,-3,-132
1767172897.018238,-4,-5,-131
1767172897.028238,-5,-5,-134
1767172897.038238,-7,-4,-129
1767172897.048238,-8,0,-125
1767172897.0582385,-11,0,-130
1767172897.0682385,-11,0,-133
1767172897.0782382,-6,0,-131
1767172897.0882382,-1,-3,-129
1767172897.0982382,1,-2,-129
1767172897.1082382,6,-1,-126
1767172897.1182382,6,-2,-137
1767172897.1282382,5,-2,-140
1767172897.1382382,4,-5,-136
1767172897.1482382,5,-3,-135
1767172897.1582382,-1,-6,-133
1767172897.1682382,-7,-6,-130
1767172897.1782382,-8,-7,-132
1767172897.188238,-1,-6,-131
1767172897.198238,0,-3,-130
1767172897.208238,0,-4,-131
1767172897.218238,-4,-3,-129
1767172897.228238,-1,0,-136
1767172897.238238,0,-1,-136
1767172897.248238,-2,0,-128
1767172897.258238,-3,2,-125
1767172897.268238,-5,0,-128
1767172897.278238,-5,-3,-130
1767172897.288238,-4,-3,-131
1767172897.298238,-4,-3,-132
1767172897.3082385,-8,-3,-136
1767172897.3182385,-12,0,-135
1767172897.3282382,-8,-1,-136
1767172897.3382382,-6,-2,-133
1767172897.3482382,-1,2,-134
1767172897.3582382,2,-1,-134
1767172897.3682382,2,0,-134
1767172897.3782382,1,0,-133
1767172897.3882382,-3,4,-127
1767172897.3982382,-3,0,-130
1767172897.4082382,-3,0,-132
1767172897.4182382,-4,-4,-134
1767172897.4282382,-3,-7,-136
1767172897.438238,-5,-4,-135
1767172897.448238,-6,-1,-141
1767172897.458238,-5,-4,-140
1767172897.468238,-5,-6,-140
1767172897.478238,-3,-5,-135
1767172897.488238,-1,-3,-135
1767172897.498238,-3,0,-131
1767172897.508238,0,0,-134
1767172897.518238,-1,3,-135
1767172897.528238,0,3,-134
1767172897.538238,-2,1,-133
1767172897.548238,-5,2,-138
1767172897.5582385,-3,4,-135
1767172897.5682385,-1,3,-129
1767172897.5782382,1,-1,-126
1767172897.5882382,0,-2,-124
1767172897.5982382,-2,-1,-122
1767172897.6082382,-8,-2,-129
1767172897.6182382,-10,0,-131
1767172897.6282382,-6,0,-134
1767172897.6382382,-4,1,-133
1767172897.6482382,0,4,-128
1767172897.6582382,-1,0,-132
1767172897.6682382,-3,2,-137
1767172897.6782382,-1,0,-135
1767172897.688238,0,-4,-133
1767172897.698238,1,-5,-139
1767172897.708238,-2,-11,-142
1767172897.718238,0,-9,-146
1767172897.728238,1,-8,-149
1767172897.738238,1,-9,-143
1767172897.748238,0,-13,-134
1767172897.758238,0,-10,-140
1767172897.768238,2,-5,-139
1767172897.778238,-1,-5,-132
1767172897.788238,-2,-4,-135
1767172897.798238,-1,-2,-134
1767172897.8082385,1,-7,-137
1767172897.8182385,5,-8,-138
1767172897.8282382,4,-5,-132
1767172897.8382382,5,-3,-127
1767172897.8482382,6,0,-126
1767172897.8582382,4,-5,-129
1767172897.8682382,0,-2,-132
1767172897.8782382,-2,3,-131
1767172897.8882382,-3,4,-128
1767172897.8982382,-1,2,-131
1767172897.9082382,-1,0,-129
1767172897.9182382,-6,4,-123
1767172897.9282382,-5,4,-125
1767172897.938238,-7,3,-130
1767172897.948238,-9,2,-134
1767172897.958238,-8,1,-132
1767172897.968238,-7,1,-134
1767172897.978238,-6,2,-139
1767172897.988238,-5,-1,-136
1767172897.998238,-8,-2,-135
1767172898.008238,-7,-1,-131
1767172898.018238,-7,0,-133
1767172898.028238,-3,0,-135
1767172898.038238,0,1,-135
1767172898.048238,2,1,-144
1767172898.0582385,3,1,-144
1767172898.0682385,6,-2,-139
1767172898.0782382,1,0,-139
1767172898.0882382,-2,0,-132
1767172898.0982382,1,2,-132
1767172898.1082382,4,2,-135
1767172898.1182382,1,0,-137
1767172898.1282382,-4,2,-136
1767172898.1382382,-5,0,-137
1767172898.1482382,0,-5,-136
1767172898.1582382,3,-5,-130
1767172898.1682382,0,-1,-126
1767172898.1782382,1,0,-121
1767172898.188238,1,2,-121
1767172898.198238,5,4,-121
1767172898.208238,2,4,-123
1767172898.218238,2,-1,-129
1767172898.228238,0,2,-134
1767172898.238238,-2,0,-133
1767172898.248238,-2,2,-130
1767172898.258238,0,-1,-138
1767172898.268238,0,-6,-139
1767172898.278238,-4,-9,-140
1767172898.288238,-5,-6,-138
1767172898.298238,-6,-6,-135
1767172898.3082385,-4,-3,-135
1767172898.3182385,-5,-2,-131
1767172898.3282382,-6,-1,-135
1767172898.3382382,-3,-2,-133
1767172898.3482382,-7,0,-131
1767172898.3582382,-3,-2,-133
1767172898.3682382,-1,0,-131
1767172898.3782382,-2,4,-133
1767172898.3882382,1,7,-130
1767172898.3982382,1,7,-137
1767172898.4082382,0,4,-140
1767172898.4182382,1,2,-139
1767172898.4282382,0,1,-137
1767172898.438238,0,0,-131
1767172898.448238,-3,0,-129
1767172898.458238,-1,0,-132
1767172898.468238,0,-4,-134
1767172898.478238,6,-4,-129
1767172898.488238,2,-1,-126
1767172898.498238,0,0,-129
1767172898.508238,-1,1,-124
1767172898.518238,-3,2,-119
1767172898.528238,-10,6,-126
1767172898.538238,-10,4,-124
1767172898.548238,-10,4,-123
1767172898.5582385,-10,3,-122
1767172898.5682385,-7,4,-124
1767172898.5782382,-2,3,-124
1767172898.5882382,-3,2,-125
1767172898.5982382,0,4,-127
1767172898.6082382,-2,-1,-126
1767172898.6182382,-1,-1,-129
1767172898.6282382,-5,0,-131
1767172898.6382382,-7,0,-134
1767172898.6482382,-4,3,-131
1767172898.6582382,0,1,-134
1767172898.6682382,3,0,-133
1767172898.6782382,2,-1,-136
1767172898.688238,0,2,-137
1767172898.698238,-2,4,-135
1767172898.708238,-3,1,-139
1767172898.718238,-6,1,-139
1767172898.728238,-4,0,-141
1767172898.738238,-4,-3,-138
1767172898.748238,-2,0,-137
1767172898.758238,-3,-2,-136
1767172898.768238,0,-3,-135
1767172898.778238,-5,0,-128
1767172898.788238,-9,-4,-129
1767172898.798238,-13,-2,-128
1767172898.8082385,-10,0,-125
1767172898.8182385,-9,-2,-129
1767172898.8282382,-5,-1,-126
1767172898.8382382,-6,-5,-132
1767172898.8482382,-3,-4,-132
1767172898.8582382,-3,-4,-131
1767172898.8682382,-3,-3,-129
1767172898.8782382,-4,-6,-134
1767172898.8882382,-4,-4,-129
1767172898.8982382,0,0,-130
1767172898.9082382,1,1,-130
1767172898.9182382,-3,0,-127
1767172898.9282382,1,-1,-127
1767172898.938238,4,-3,-125
1767172898.948238,-1,-2,-134
1767172898.958238,0,-4,-135
1767172898.968238,4,-5,-134
1767172898.978238,4,-3,-131
1767172898.988238,2,-4,-137
1767172898.998238,3,-2,-135
1767172899.008238,-2,-1,-131
1767172899.018238,-5,-1,-129
1767172899.028238,-4,-4,-125
1767172899.038238,0,-4,-124
1767172899.048238,0,-3,-122
1767172899.0582385,2,-3,-124
1767172899.0682385,2,0,-128
1767172899.0782382,3,-1,-133
1767172899.0882382,1,1,-139
1767172899.0982382,1,1,-141
1767172899.1082382,-1,0,-135
1767172899.1182382,0,-4,-132
1767172899.1282382,0,-6,-130
1767172899.1382382,-1,-4,-126
1767172899.1482382,-2,0,-128
1767172899.1582382,-5,-2,-131
1767172899.1682382,-9,-6,-129
1767172899.1782382,-4,-10,-133
1767172899.188238,-4,-10,-138
1767172899.198238,-3,-3,-137
1767172899.208238,-8,-3,-129
1767172899.218238,-5,-3,-127
1767172899.228238,-7,-2,-130
1767172899.238238,-7,-6,-132
1767172899.248238,-4,-5,-133
1767172899.258238,-5,-5,-130
1767172899.268238,-4,-2,-131
1767172899.278238,0,-3,-134
1767172899.288238,-2,0,-128
1767172899.298238,0,0,-131
1767172899.3082385,0,0,-133
1767172899.3182385,0,-1,-129
1767172899.3282382,0,-1,-118
1767172899.3382382,2,-6,-123
1767172899.3482382,2,-6,-124
1767172899.3582382,2,-5,-126
1767172899.3682382,0,-4,-130
1767172899.3782382,-6,-1,-130
1767172899.3882382,-9,0,-133
1767172899.3982382,-7,0,-131
1767172899.409238,-1,1,-130
1767172899.4182382,-2,1,-136
1767172899.4282382,0,0,-142
1767172899.439238,1,2,-142
1767172899.449238,0,2,-143
1767172899.459238,-3,-1,-139
1767172899.469238,-3,-4,-133
1767172899.4792385,0,0,-134
1767172899.4892385,4,0,-139
1767172899.4992385,3,2,-140
1767172899.5092382,1,0,-141
1767172899.531238,5,-5,-144
1767172899.5392382,2,-7,-145
1767172899.5492382,0,-7,-143
1767172899.5592382,4,-8,-134
1767172899.5692382,1,-4,-129
1767172899.5792382,4,-3,-128
1767172899.5892382,4,0,-125
1767172899.5992382,2,0,-132
1767172899.609238,1,2,-132
1767172899.619238,0,0,-129
1767172899.629238,2,-1,-128
1767172899.639238,2,-5,-130
1767172899.649238,0,-2,-137
1767172899.659238,-3,3,-134
1767172899.669238,0,3,-134
1767172899.679238,-4,0,-133
1767172899.689238,-3,0,-129
1767172899.699238,-3,3,-131
1767172899.709238,-1,-2,-133
1767172899.719238,-2,-4,-138
1767172899.7292385,1,-4,-129
1767172899.7392385,-1,-4,-135
1767172899.7492385,-2,-2,-138
1767172899.7592382,0,-1,-145
1767172899.7692382,3,0,-144
1767172899.7792382,6,-1,-136
1767172899.7892382,8,0,-142
1767172899.7992382,5,0,-145
1767172899.8092382,1,-4,-140
1767172899.8192382,1,-4,-133
1767172899.8292382,0,-4,-129
1767172899.8392382,-1,-5,-130
1767172899.8492382,0,-11,-121
1767172899.859238,-2,-11,-122
1767172899.869238,1,-7,-123
1767172899.879238,2,-5,-132
1767172899.889238,3,-7,-139
1767172899.899238,1,-7,-133
1767172899.909238,1,-4,-126
1767172899.919238,-2,-2,-125
1767172899.929238,-1,1,-126
1767172899.939238,-6,1,-134
1767172899.949238,-6,-1,-134
1767172899.959238,-2,-1,-137
1767172899.969238,0,-3,-136
1767172899.9792385,0,-2,-131
1767172899.9892385,-2,-4,-131
1767172899.9992385,1,-4,-132
1767172900.0092382,3,-4,-130
1767172900.0192382,-3,0,-128
1767172900.0292382,-2,0,-139
1767172900.0392382,-3,0,-145
1767172900.0492382,-5,0,-137
1767172900.0592382,-4,-1,-133
1767172900.0692382,-9,-2,-132
1767172900.0792382,-8,-2,-129
1767172900.0892382,-8,0,-129
1767172900.0992382,-7,-4,-131
1767172900.109238,-8,1,-132
1767172900.119238,-10,1,-135
1767172900.129238,-11,0,-133
1767172900.139238,-11,1,-133
1767172900.149238,-13,1,-130
1767172900.159238,-10,1,-132
1767172900.169238,-5,2,-133
1767172900.179238,-1,6,-130
1767172900.189238,2,3,-131
1767172900.199238,0,2,-133
1767172900.209238,7,2,-132
1767172900.219238,7,0,-133
1767172900.2292385,4,-3,-132
1767172900.2392385,5,-5,-132
1767172900.2492385,2,-2,-135
1767172900.2592382,3,-4,-134
1767172900.2692382,2,-4,-139
1767172900.2792382,2,-2,-134
1767172900.2892382,4,-6,-135
1767172900.2992382,1,-4,-134
1767172900.3092382,2,-7,-131
1767172900.3192382,0,-3,-129
1767172900.3292382,0,0,-127
1767172900.3392382,-1,0,-132
1767172900.3492382,0,-4,-128
1767172900.359238,0,-2,-127
1767172900.369238,-1,-3,-124
1767172900.379238,-2,0,-129
1767172900.389238,-3,-2,-123
1767172900.399238,-2,3,-124
1767172900.409238,0,2,-128
1767172900.419238,1,0,-129
1767172900.429238,5,-1,-133
1767172900.439238,3,-3,-132
1767172900.449238,2,-7,-137
1767172900.459238,6,-5,-131
1767172900.469238,6,0,-137
1767172900.4792385,7,2,-131
1767172900.4892385,6,4,-127
1767172900.4992385,4,2,-124
1767172900.5092382,3,0,-121
1767172900.5192382,8,-1,-120
1767172900.5292382,8,-5,-126
1767172900.5392382,4,-8,-127
1767172900.5492382,5,-9,-126
1767172900.5592382,2,-8,-130
1767172900.5692382,1,-7,-129
1767172900.5792382,1,-6,-129
1767172900.5892382,3,0,-129
1767172900.5992382,7,2,-129
1767172900.609238,6,2,-133
1767172900.619238,3,2,-137
1767172900.629238,-1,1,-137
1767172900.639238,-2,1,-131
1767172900.649238,-3,3,-124
1767172900.659238,-3,1,-126
1767172900.669238,-4,0,-132
1767172900.679238,-3,0,-135
1767172900.689238,-3,-3,-132
1767172900.699238,0,-6,-123
1767172900.709238,0,-6,-130
1767172900.719238,1,-6,-130
1767172900.7292385,-2,-5,-130
1767172900.7392385,-1,-5,-135
1767172900.7492385,0,-8,-138
1767172900.7592382,0,-6,-129
1767172900.7692382,-4,-5,-128
1767172900.7792382,-2,-4,-126
1767172900.7892382,-3,-3,-127
1767172900.7992382,-2,-5,-121
1767172900.8092382,0,-1,-123
1767172900.8192382,0,-1,-125
1767172900.8292382,1,0,-131
1767172900.8392382,3,-1,-131
1767172900.8492382,0,-1,-125
1767172900.859238,-2,0,-117
1767172900.869238,0,0,-120
1767172900.879238,4,-2,-119
1767172900.889238,3,-4,-122
1767172900.899238,3,-2,-128
1767172900.909238,2,0,-130
1767172900.919238,3,0,-129
1767172900.929238,3,-1,-119
1767172900.939238,0,-4,-121
1767172900.949238,1,0,-123
1767172900.959238,3,-1,-122
1767172900.969238,5,0,-127
1767172900.9792385,9,2,-127
1767172900.9892385,10,0,-121
1767172900.9992385,5,-1,-129
1767172901.0092382,0,1,-132
1767172901.0192382,-1,2,-132
1767172901.0292382,0,-2,-136
1767172901.0392382,2,-4,-131
1767172901.0492382,1,-1,-131
1767172901.0592382,0,2,-128
1767172901.0692382,-1,3,-126
1767172901.0792382,-1,2,-124
1767172901.0892382,0,0,-129
1767172901.0992382,2,-2,-127
1767172901.109238,-2,-3,-130
1767172901.119238,-3,-2,-125
1767172901.129238,-3,0,-122
1767172901.139238,-3,0,-124
1767172901.149238,-7,1,-130
1767172901.159238,-4,3,-124
1767172901.169238,-6,3,-127
1767172901.179238,-3,2,-127
1767172901.189238,-1,1,-120
1767172901.199238,-3,5,-122
1767172901.209238,-2,6,-115
1767172901.219238,0,2,-127
1767172901.2292385,-1,4,-128
1767172901.2392385,0,1,-129
1767172901.2492385,3,-1,-137
1767172901.2592382,-2,0,-133
1767172901.2692382,-3,-7,-131
1767172901.2792382,-1,-10,-135
1767172901.2892382,0,-9,-133
1767172901.2992382,0,-9,-136
1767172901.3092382,-2,-4,-139
1767172901.3192382,-3,-3,-135
1767172901.3292382,-3,-5,-130
1767172901.3392382,-1,-6,-132
1767172901.3492382,-3,-3,-131
1767172901.359238,-3,0,-132
1767172901.369238,-5,1,-132
1767172901.379238,-2,0,-137
1767172901.389238,-2,0,-139
1767172901.399238,-4,0,-139
1767172901.409238,-5,0,-141
1767172901.419238,-8,1,-137
1767172901.429238,-8,1,-139
1767172901.439238,-5,4,-138
1767172901.449238,-1,0,-138
1767172901.459238,0,-2,-139
1767172901.469238,0,2,-144
1767172901.4792385,0,1,-138
1767172901.4892385,0,-5,-139
1767172901.4992385,0,-2,-145
1767172901.5092382,0,-4,-140
1767172901.5192382,-2,-1,-138
1767172901.5292382,1,1,-138
1767172901.5392382,2,0,-137
1767172901.5492382,2,-2,-136
1767172901.5592382,3,-2,-133
1767172901.5692382,5,0,-143
1767172901.5792382,0,2,-142
1767172901.5892382,0,2,-137
1767172901.5992382,-3,0,-137
1767172901.609238,1,2,-130
1767172901.619238,7,-1,-133
1767172901.629238,7,0,-131
1767172901.639238,5,-3,-128
1767172901.649238,3,-5,-130
1767172901.659238,2,-3,-141
1767172901.669238,-1,-4,-143
1767172901.679238,1,-4,-144
1767172901.689238,0,-4,-137
1767172901.699238,3,-5,-131
1767172901.709238,4,-4,-135
1767172901.719238,3,-7,-138
1767172901.7292385,-2,-5,-138
1767172901.7392385,-3,-4,-140
1767172901.7492385,-5,-2,-132
1767172901.7592382,-7,-6,-129
1767172901.7692382,-8,-8,-130
1767172901.7792382,-3,-11,-130
1767172901.7892382,-2,-10,-129
1767172901.7992382,-5,-6,-132
1767172901.8092382,-6,0,-134
1767172901.8192382,-6,2,-130
1767172901.8292382,-5,2,-135
1767172901.8392382,-2,1,-136
1767172901.8492382,1,4,-137
1767172901.859238,3,1,-128
1767172901.869238,5,3,-136
1767172901.879238,1,3,-140
1767172901.889238,2,5,-138
1767172901.899238,1,6,-134
1767172901.909238,4,4,-133
1767172901.919238,0,4,-132
1767172901.929238,-3,0,-130
1767172901.939238,-5,-2,-130
1767172901.949238,-3,-4,-135
1767172901.959238,-3,-5,-139
1767172901.969238,-1,-1,-137
1767172901.9792385,2,-1,-132
1767172901.9892385,0,-2,-127
1767172901.9992385,0,-4,-123
1767172902.0092382,-1,0,-126
1767172902.0202382,0,-1,-133
1767172902.0302382,0,1,-134
1767172902.040238,-2,-1,-129
1767172902.050238,5,-1,-129
1767172902.060238,6,-4,-131
1767172902.070238,7,-7,-137
1767172902.080238,2,-10,-141
1767172902.090238,1,-9,-145
1767172902.100238,4,-5,-144
1767172902.110238,4,-1,-143
1767172902.120238,3,0,-131
1767172902.130238,0,1,-131
1767172902.140238,4,-3,-131
1767172902.150238,5,-2,-133
1767172902.1602385,6,0,-134
1767172902.1702385,4,5,-135
1767172902.1802382,3,3,-134
1767172902.1902382,0,1,-133
1767172902.2002382,5,-1,-135
1767172902.2102382,5,0,-137
1767172902.2202382,0,1,-143
1767172902.2302382,-2,0,-151
1767172902.2402382,-1,3,-148
1767172902.2502382,-3,-1,-144
1767172902.2602382,-3,-6,-139
1767172902.2702382,-1,-5,-136
1767172902.2802382,-4,-2,-137
1767172902.290238,-4,0,-135
1767172902.300238,0,0,-132
1767172902.310238,2,0,-135
1767172902.320238,1,0,-135
1767172902.330238,0,-1,-133
1767172902.340238,-1,3,-126
1767172902.350238,-5,-2,-129
1767172902.360238,-8,-3,-132
1767172902.370238,-11,0,-132
1767172902.380238,-10,0,-126
1767172902.390238,-4,-1,-127
1767172902.400238,-7,-2,-130
1767172902.4102385,-3,0,-133
1767172902.4202385,-3,0,-143
1767172902.4302382,0,0,-148
1767172902.4402382,2,0,-145
1767172902.4502382,3,2,-142
1767172902.4602382,6,2,-138
1767172902.4702382,4,-2,-138
1767172902.4802382,5,-1,-128
1767172902.4902382,7,0,-129
1767172902.5002382,7,-3,-125
1767172902.5102382,0,-6,-129
1767172902.5202382,0,-5,-132
1767172902.5302382,5,-4,-129
1767172902.540238,6,-2,-130
1767172902.550238,5,-4,-131
1767172902.560238,4,-7,-134
1767172902.570238,6,-5,-138
1767172902.580238,0,-4,-137
1767172902.590238,2,-3,-138
1767172902.600238,-1,-2,-133
1767172902.610238,2,0,-139
1767172902.620238,6,-1,-133
1767172902.630238,3,0,-134
1767172902.640238,-1,-1,-124
1767172902.650238,-1,-2,-127
1767172902.6602385,0,-3,-130
1767172902.6702385,-1,0,-127
1767172902.6802382,0,0,-130
1767172902.6902382,0,0,-128
1767172902.7002382,-2,1,-126
1767172902.7102382,-1,-1,-129
1767172902.7202382,-2,0,-129
1767172902.7302382,-2,-1,-131
1767172902.7402382,-1,0,-132
1767172902.7502382,3,1,-134
1767172902.7602382,0,4,-137
1767172902.7702382,0,5,-142
1767172902.7802382,1,4,-139
1767172902.790238,0,6,-138
1767172902.800238,-2,2,-130
1767172902.810238,0,-1,-128
1767172902.820238,0,-4,-131
1767172902.830238,1,-4,-132
1767172902.840238,3,-2,-124
1767172902.850238,2,-4,-124
1767172902.860238,0,-7,-123
1767172902.870238,0,-7,-125
1767172902.880238,0,-7,-126
1767172902.890238,-4,-6,-128
1767172902.900238,-2,-9,-120
1767172902.9102385,0,-8,-120
1767172902.9202385,1,-6,-119
1767172902.9302382,1,-2,-123
1767172902.9402382,0,-2,-117
1767172902.9502382,3,0,-113
1767172902.9602382,2,0,-117
1767172902.9702382,1,0,-122
1767172902.9802382,1,-2,-124
1767172902.9902382,0,-6,-126
1767172903.0002382,0,-4,-131
1767172903.0102382,-2,-2,-132
1767172903.0202382,-1,-2,-126
1767172903.0302382,-3,-1,-127
1767172903.040238,-7,-2,-128
1767172903.050238,-6,-1,-126
1767172903.060238,-3,-3,-119
1767172903.070238,0,-3,-123
1767172903.080238,-5,-1,-128
1767172903.090238,-6,-4,-132
1767172903.100238,0,-6,-133
1767172903.110238,1,-4,-133
1767172903.120238,1,-2,-130
1767172903.130238,1,0,-126
1767172903.140238,0,-2,-132
1767172903.150238,-1,-2,-140
1767172903.1602385,0,-3,-140
1767172903.1702385,-1,-2,-141
1767172903.1802382,0,-3,-142
1767172903.1902382,1,-4,-142
1767172903.2002382,1,-5,-146
1767172903.2102382,3,-5,-149
1767172903.2202382,1,-4,-147
1767172903.2302382,1,-7,-143
1767172903.2402382,1,-4,-143
1767172903.2502382,0,0,-143
1767172903.2602382,-4,1,-140
1767172903.2702382,-7,-2,-142
1767172903.2802382,-5,-1,-138
1767172903.290238,-7,1,-135
1767172903.300238,-3,0,-137
1767172903.310238,-2,0,-133
1767172903.320238,-3,0,-131
1767172903.330238,0,4,-133
1767172903.340238,0,3,-133
1767172903.350238,-1,0,-133
1767172903.360238,-1,0,-129
1767172903.370238,-6,0,-123
1767172903.380238,-5,0,-124
1767172903.390238,-6,1,-122
1767172903.400238,-6,-4,-126
1767172903.4102385,2,-4,-123
1767172903.4202385,2,-5,-125
1767172903.4302382,-2,-7,-128
1767172903.4402382,0,-5,-136
1767172903.4502382,-1,-7,-137
1767172903.4602382,-2,-4,-139
1767172903.4702382,0,1,-137
1767172903.4802382,1,2,-140
1767172903.4902382,0,1,-134
1767172903.5002382,-2,0,-130
1767172903.5102382,-5,1,-130
1767172903.5202382,-6,0,-121
1767172903.5302382,-3,-3,-123
1767172903.540238,-6,-1,-114
1767172903.550238,-8,2,-125
1767172903.560238,-8,0,-126
1767172903.570238,-7,1,-129
1767172903.580238,-9,0,-135
1767172903.590238,-6,-1,-132
1767172903.600238,-4,-1,-131
1767172903.610238,-2,-2,-135
1767172903.620238,-1,0,-132
1767172903.630238,0,0,-131
1767172903.640238,-2,1,-128
1767172903.650238,-4,-3,-123
1767172903.6602385,-4,-8,-126
1767172903.6702385,-7,-7,-127
1767172903.6802382,-1,-3,-129
1767172903.6902382,0,-2,-126
1767172903.7002382,1,0,-128
1767172903.7102382,2,2,-135
1767172903.7202382,0,-2,-135
1767172903.7302382,3,-4,-135
1767172903.7402382,8,-2,-135
1767172903.7502382,2,-2,-136
1767172903.7602382,3,0,-140
1767172903.7702382,1,0,-141
1767172903.7802382,0,4,-143
1767172903.790238,0,1,-140
1767172903.800238,0,2,-136
1767172903.810238,-5,3,-129
1767172903.820238,-5,3,-132
1767172903.830238,-6,0,-132
1767172903.840238,-5,-2,-142
1767172903.850238,-3,1,-137
1767172903.860238,-3,2,-134
1767172903.870238,0,3,-140
1767172903.880238,1,4,-132
1767172903.890238,0,5,-129
1767172903.900238,0,5,-125
1767172903.9102385,0,3,-130
1767172903.9202385,1,3,-128
1767172903.9302382,2,-1,-134
1767172903.9402382,0,3,-133
1767172903.9502382,0,7,-134
1767172903.9602382,0,6,-130
1767172903.9702382,0,3,-125
1767172903.9802382,-6,3,-131
1767172903.9902382,-4,2,-127
1767172904.0002382,0,1,-130
1767172904.0102382,6,1,-129
1767172904.0202382,5,3,-129
1767172904.0302382,1,5,-132
1767172904.040238,2,2,-125
1767172904.050238,0,-2,-129
1767172904.060238,-4,0,-129
1767172904.070238,-1,-2,-130
1767172904.080238,-3,-4,-126
1767172904.090238,0,-4,-125
1767172904.100238,0,-1,-127
1767172904.110238,0,0,-126
1767172904.120238,-4,0,-128
1767172904.130238,-5,1,-130
1767172904.140238,-4,1,-134
1767172904.150238,-3,2,-133
1767172904.1602385,-3,3,-134
1767172904.1702385,0,6,-134
1767172904.1802382,-1,2,-132
1767172904.1902382,-4,0,-125
1767172904.2002382,2,3,-122
1767172904.2102382,1,2,-126
1767172904.2202382,1,5,-128
1767172904.2302382,1,5,-133
1767172904.2402382,0,6,-140
1767172904.2502382,3,2,-138
1767172904.2602382,0,2,-131
1767172904.2702382,0,1,-133
1767172904.2802382,0,0,-129
1767172904.290238,-2,0,-127
1767172904.300238,0,3,-127
1767172904.310238,-3,6,-128
1767172904.320238,-1,4,-124
1767172904.330238,0,3,-121
1767172904.340238,0,0,-120
1767172904.350238,-2,1,-122
1767172904.360238,-5,3,-116
1767172904.370238,-6,-1,-118
1767172904.380238,-3,2,-120
1767172904.390238,1,0,-130
1767172904.400238,2,2,-133
1767172904.4102385,3,3,-136
1767172904.4202385,0,6,-135
1767172904.4302382,2,1,-131
1767172904.4402382,0,0,-127
1767172904.4502382,0,-1,-120
1767172904.4602382,0,-2,-121
1767172904.4702382,-1,-1,-128
1767172904.4802382,-4,-1,-128
1767172904.4902382,-3,-5,-128
1767172904.5002382,-4,-4,-133
1767172904.5102382,-4,-6,-133
1767172904.5202382,-1,-7,-133
1767172904.5422382,-5,-1,-131
1767172904.550238,-2,-2,-133
1767172904.560238,0,-2,-135
1767172904.570238,0,-2,-134
1767172904.580238,-2,-3,-137
1767172904.590238,-3,-5,-131
1767172904.6012385,-3,-5,-133
1767172904.610238,-5,-4,-135
1767172904.6212382,-10,-6,-136
1767172904.6312382,-6,-7,-134
1767172904.640238,-9,-5,-140
1767172904.6512382,-12,-1,-137
1767172904.6612382,-7,-2,-135
1767172904.6712382,-4,0,-139
1767172904.6812382,-7,-1,-139
1767172904.6912382,-7,-1,-135
1767172904.7012382,-5,0,-132
1767172904.711238,-1,0,-136
1767172904.721238,0,-3,-138
1767172904.731238,-3,-1,-134
1767172904.741238,-4,0,-132
1767172904.751238,-5,4,-129
1767172904.761238,-4,3,-126
1767172904.771238,-6,0,-133
1767172904.781238,-2,-3,-129
1767172904.791238,0,-6,-127
1767172904.801238,1,-1,-127
1767172904.811238,1,-2,-125
1767172904.821238,0,-2,-128
1767172904.8312385,-5,0,-132
1767172904.8412385,-5,0,-135
1767172904.8512385,-1,-1,-137
1767172904.8612382,-1,0,-136
1767172904.8712382,1,0,-135
1767172904.8812382,2,-2,-135
1767172904.8912382,5,-5,-137
1767172904.9012382,3,-7,-133
1767172904.9112382,5,-2,-131
1767172904.9212382,4,3,-126
1767172904.9312382,6,2,-133
1767172904.9412382,4,0,-134
1767172904.9512382,5,-4,-129
1767172904.961238,9,-5,-127
1767172904.971238,6,-4,-132
1767172904.981238,2,-2,-136
1767172904.991238,-1,-2,-139
1767172905.001238,1,-3,-137
1767172905.011238,1,-3,-135
1767172905.021238,5,-5,-135
1767172905.031238,4,-3,-127
1767172905.041238,3,-1,-127
1767172905.051238,0,0,-130
1767172905.061238,-1,1,-134
1767172905.071238,1,3,-135
1767172905.0812385,-1,8,-137
1767172905.0912385,0,4,-135
1767172905.1012385,0,2,-133
1767172905.1112382,4,2,-134
1767172905.1212382,6,0,-132
1767172905.1312382,2,0,-136
1767172905.1412382,0,-5,-133
1767172905.1512382,0,-10,-136
1767172905.1612382,-4,-11,-135
1767172905.1712382,-3,-13,-141
1767172905.1812382,-3,-11,-140
1767172905.1912382,-1,-9,-135
1767172905.2012382,-2,-5,-133
1767172905.211238,-1,0,-138
1767172905.221238,-3,0,-139
1767172905.231238,0,-1,-140
1767172905.241238,-3,0,-136
1767172905.251238,0,2,-129
1767172905.261238,4,2,-125
1767172905.271238,1,0,-130
1767172905.281238,0,0,-128
1767172905.291238,-1,-4,-129
1767172905.301238,-5,-2,-132
1767172905.311238,-7,-8,-126
1767172905.321238,-6,-7,-115
1767172905.3312385,-4,-7,-122
1767172905.3412385,-5,-8,-129
1767172905.3512385,-6,-8,-131
1767172905.3612382,-4,-10,-128
1767172905.3712382,0,-6,-130
1767172905.3812382,-1,-1,-132
1767172905.3912382,-3,-1,-136
1767172905.4012382,0,0,-135
1767172905.4112382,0,6,-131
1767172905.4212382,2,8,-130
1767172905.4312382,-2,2,-133
1767172905.4412382,0,0,-141
1767172905.4512382,0,-4,-146
1767172905.461238,0,-3,-140
1767172905.471238,3,-4,-136
1767172905.481238,0,-4,-136
1767172905.491238,0,-5,-135
1767172905.501238,0,0,-137
1767172905.511238,-3,0,-134
1767172905.521238,-4,2,-136
1767172905.531238,-1,1,-135
1767172905.541238,-4,-1,-137
1767172905.551238,-2,-2,-148
1767172905.561238,-5,-9,-142
1767172905.571238,-4,-13,-139
1767172905.5812385,-1,-10,-132
1767172905.5912385,0,-13,-131
1767172905.6012385,-1,-8,-130
1767172905.6112382,-1,-6,-128
1767172905.6212382,2,-5,-124
1767172905.6312382,1,-5,-126
1767172905.6412382,-1,-5,-121
1767172905.6512382,-5,-2,-125
1767172905.6612382,-1,0,-130
1767172905.6712382,4,2,-135
1767172905.6812382,5,2,-130
1767172905.6912382,0,2,-124
1767172905.7012382,0,0,-121
1767172905.711238,-1,0,-135
1767172905.721238,-2,5,-139
1767172905.731238,-2,4,-139
1767172905.741238,0,3,-135
1767172905.751238,2,1,-132
1767172905.761238,1,0,-137
1767172905.771238,0,5,-130
1767172905.781238,-4,5,-127
1767172905.791238,-4,3,-132
1767172905.801238,0,6,-130
1767172905.811238,-1,4,-129
1767172905.821238,-6,1,-127
1767172905.8312385,-4,0,-127
1767172905.8412385,0,-1,-131
1767172905.8512385,2,-1,-130
1767172905.8612382,2,-4,-122
1767172905.8712382,2,0,-123
1767172905.8812382,5,-2,-128
1767172905.8912382,1,-2,-130
1767172905.9012382,-3,-1,-132
1767172905.9112382,-4,0,-139
1767172905.9212382,-1,-3,-137
1767172905.9312382,0,2,-127
1767172905.9412382,2,1,-132
1767172905.9512382,3,0,-135
1767172905.961238,2,0,-134
1767172905.971238,6,4,-138
1767172905.981238,3,0,-136
1767172905.991238,3,-1,-129
1767172906.001238,4,-5,-129
1767172906.011238,8,-2,-129
1767172906.021238,8,-1,-127
1767172906.031238,10,-3,-130
1767172906.041238,10,-3,-134
1767172906.051238,11,0,-139
1767172906.061238,8,-1,-142
1767172906.071238,4,0,-141
1767172906.0812385,4,1,-138
1767172906.0912385,0,0,-136
1767172906.1012385,0,0,-137
1767172906.1112382,-5,0,-131
1767172906.1212382,-1,4,-120
1767172906.1312382,-1,1,-114
1767172906.1412382,-3,-3,-114
1767172906.1512382,1,-5,-113
1767172906.1612382,5,-2,-118
1767172906.1712382,2,-3,-114
1767172906.1812382,-1,-1,-116
1767172906.1912382,-3,0,-121
1767172906.2012382,0,0,-123
1767172906.211238,-1,-2,-124
1767172906.221238,3,-2,-126
1767172906.231238,3,1,-121
1767172906.241238,3,0,-123
1767172906.251238,1,3,-129
1767172906.261238,1,5,-124
1767172906.271238,0,5,-131
1767172906.281238,3,4,-138
1767172906.291238,1,1,-134
1767172906.301238,3,1,-128
1767172906.311238,4,2,-129
1767172906.321238,-1,2,-128
1767172906.3312385,-4,2,-123
1767172906.3412385,-3,0,-128
1767172906.3512385,0,0,-137
1767172906.3612382,-1,-1,-137
1767172906.3712382,-5,1,-125
1767172906.3812382,0,7,-120
1767172906.3912382,0,7,-126
1767172906.4012382,0,4,-129
1767172906.4112382,0,0,-130
1767172906.4212382,1,0,-134
1767172906.4312382,-2,2,-134
1767172906.4412382,1,1,-129
1767172906.4512382,3,-1,-129
1767172906.461238,1,0,-129
1767172906.472238,3,4,-134
1767172906.481238,2,1,-132
1767172906.491238,2,-1,-132
1767172906.501238,1,-5,-124
1767172906.511238,-2,-4,-123
1767172906.521238,-4,1,-130
1767172906.531238,0,0,-133
1767172906.541238,2,1,-137
1767172906.551238,-3,4,-145
1767172906.561238,-3,1,-140
1767172906.571238,0,1,-133
1767172906.5812385,-1,2,-141
1767172906.5912385,0,-1,-141
1767172906.6012385,-1,0,-138
1767172906.6112382,-4,2,-136
1767172906.6212382,-5,1,-138
1767172906.6312382,-5,-2,-128
1767172906.6412382,-1,-3,-133
1767172906.6512382,3,-5,-136
1767172906.6612382,5,-3,-135
1767172906.6712382,2,-4,-138
1767172906.6812382,0,-2,-134
1767172906.6912382,3,0,-130
1767172906.7012382,8,-1,-130
1767172906.711238,8,1,-134
1767172906.721238,3,0,-131
1767172906.731238,7,0,-132
1767172906.741238,2,3,-135
1767172906.751238,4,3,-134
1767172906.761238,1,5,-132
1767172906.771238,1,-1,-128
1767172906.781238,2,-5,-134
1767172906.791238,0,-3,-146
1767172906.801238,0,-6,-145
1767172906.811238,0,-7,-147
1767172906.821238,4,-2,-140
1767172906.8312385,1,-2,-136
1767172906.8412385,0,-3,-143
1767172906.8512385,0,-3,-144
1767172906.8612382,1,-2,-145
1767172906.8712382,-1,-3,-144
1767172906.8812382,-1,-1,-144
1767172906.8912382,0,0,-139
1767172906.9012382,6,0,-139
1767172906.9112382,-2,-1,-142
1767172906.9212382,-4,0,-135
1767172906.9312382,-3,0,-138
1767172906.9412382,-1,-5,-139
1767172906.9512382,0,-4,-136
1767172906.961238,2,-5,-135
1767172906.971238,-2,-5,-137
1767172906.981238,0,-3,-141
1767172906.991238,0,0,-144
1767172907.001238,0,4,-140
1767172907.011238,0,1,-126
1767172907.021238,3,1,-129
1767172907.031238,4,-1,-132
1767172907.041238,1,-3,-134
1767172907.051238,0,-2,-136
1767172907.061238,-2,-3,-128
1767172907.071238,-5,-1,-129
1767172907.0812385,-4,0,-131
1767172907.0912385,-3,0,-127
1767172907.1012385,-2,0,-136
1767172907.1112382,-4,-5,-135
1767172907.1212382,-2,-8,-131
1767172907.1312382,-4,-1,-128
1767172907.1412382,-3,0,-130
1767172907.1512382,-4,-1,-128
1767172907.1612382,2,1,-128
1767172907.1712382,3,0,-132
1767172907.182238,3,-2,-126
1767172907.1912382,3,-1,-127
1767172907.2012382,0,0,-125
1767172907.211238,2,-1,-130
1767172907.221238,-1,-1,-130
1767172907.232238,-3,-1,-131
1767172907.242238,-2,-2,-131
1767172907.252238,1,-4,-138
1767172907.2622385,-1,-2,-133
1767172907.2722385,-4,-3,-131
1767172907.2822382,0,-6,-126
1767172907.2922382,-2,-4,-136
1767172907.3022382,-3,-1,-134
1767172907.3122382,-3,4,-131
1767172907.3222382,-5,5,-138
1767172907.3322382,0,5,-135
1767172907.3422382,0,5,-143
1767172907.3522382,5,4,-143
1767172907.3622382,5,5,-141
1767172907.3722382,3,1,-142
1767172907.382238,2,0,-141
1767172907.392238,5,6,-142
1767172907.402238,4,4,-143
1767172907.412238,-1,3,-139
1767172907.422238,-4,4,-135
1767172907.432238,1,5,-142
1767172907.442238,0,3,-144
1767172907.452238,-2,2,-139
1767172907.462238,0,0,-136
1767172907.472238,1,0,-132
1767172907.482238,3,0,-133
1767172907.492238,1,0,-135
1767172907.502238,0,3,-135
1767172907.5122385,0,6,-130
1767172907.5222385,1,2,-130
1767172907.5322382,-2,-1,-130
1767172907.5422382,-4,-3,-128
1767172907.5522382,-2,0,-126
1767172907.5622382,1,2,-129
1767172907.5722382,9,8,-133
1767172907.5822382,8,9,-131
1767172907.5922382,7,9,-130
1767172907.6022382,7,9,-135
1767172907.6122382,5,6,-134
1767172907.6222382,7,5,-129
1767172907.632238,5,3,-127
1767172907.642238,1,3,-129
1767172907.652238,0,2,-124
1767172907.662238,-1,0,-124
1767172907.672238,-5,-2,-122
1767172907.682238,-1,-3,-131
1767172907.692238,-2,-7,-134
1767172907.702238,0,-7,-138
1767172907.712238,0,-6,-135
1767172907.722238,-2,-4,-130
1767172907.732238,0,-1,-130
1767172907.742238,0,-4,-129
1767172907.752238,1,-4,-129
1767172907.7622385,-2,0,-131
1767172907.7722385,-5,2,-133
1767172907.7822382,-7,3,-135
1767172907.7922382,-10,5,-138
1767172907.8022382,-8,2,-136
1767172907.8122382,-9,1,-131
1767172907.8222382,-7,0,-133
1767172907.8322382,-7,1,-132
1767172907.8422382,-8,-3,-129
1767172907.8522382,-9,0,-126
1767172907.8622382,-3,2,-125
1767172907.8722382,0,-3,-121
1767172907.882238,0,-1,-125
1767172907.892238,2,-1,-129
1767172907.902238,2,-3,-127
1767172907.912238,0,0,-133
1767172907.922238,0,0,-136
1767172907.932238,3,-2,-146
1767172907.942238,1,-3,-142
1767172907.952238,-1,-2,-142
1767172907.962238,-4,0,-140
1767172907.972238,-4,0,-140
1767172907.982238,-3,0,-138
1767172907.992238,-1,0,-138
1767172908.002238,2,1,-139
1767172908.0122385,0,-4,-142
1767172908.0222385,-1,-6,-140
1767172908.0322382,-5,-4,-135
1767172908.0422382,-5,-2,-134
1767172908.0522382,-5,-3,-136
1767172908.0622382,-5,-2,-134
1767172908.0722382,-11,-2,-133
1767172908.0822382,-11,-3,-133
1767172908.0922382,-10,-8,-129
1767172908.1022382,-7,-8,-122
1767172908.1122382,-5,-2,-124
1767172908.1222382,-6,1,-121
1767172908.132238,-1,0,-117
1767172908.142238,-1,-2,-125
1767172908.152238,0,-2,-130
1767172908.162238,-1,-3,-133
1767172908.172238,-2,-5,-141
1767172908.182238,1,-6,-137
1767172908.192238,2,-3,-139
1767172908.202238,1,-6,-137
1767172908.212238,3,-7,-134
1767172908.222238,3,-7,-134
1767172908.232238,2,-7,-134
1767172908.242238,2,-2,-133
1767172908.252238,4,-2,-136
1767172908.2622385,0,-5,-136
1767172908.2722385,1,-2,-138
1767172908.2822382,0,-2,-138
1767172908.2922382,-3,0,-137
1767172908.3022382,-1,2,-136
1767172908.3122382,-1,6,-138
1767172908.3222382,0,3,-137
1767172908.3322382,-7,6,-138
1767172908.3422382,-6,6,-135
1767172908.3522382,0,3,-133
1767172908.3622382,-3,1,-136
1767172908.3722382,-2,-2,-136
1767172908.382238,-2,-3,-136
1767172908.392238,-3,1,-133
1767172908.402238,0,2,-128
1767172908.412238,3,-1,-121
1767172908.422238,1,-2,-129
1767172908.432238,-4,-3,-132
1767172908.442238,-2,-1,-131
1767172908.452238,-5,-4,-133
1767172908.462238,-6,-4,-131
1767172908.472238,-3,-2,-130
1767172908.482238,-1,-3,-133
1767172908.492238,-6,1,-139
1767172908.502238,-3,0,-131
1767172908.5122385,-4,0,-125
1767172908.5222385,-3,-1,-126
1767172908.5322382,-4,0,-132
1767172908.5422382,-3,3,-125
1767172908.5522382,-2,0,-124
1767172908.5622382,-6,4,-125
1767172908.5722382,-5,0,-124
1767172908.5822382,-3,-2,-122
1767172908.5922382,-4,0,-120
1767172908.6022382,-5,0,-123
1767172908.6122382,-3,1,-129
1767172908.6222382,1,2,-123
1767172908.632238,3,1,-122
1767172908.642238,3,0,-128
1767172908.652238,7,4,-135
1767172908.662238,2,3,-135
1767172908.672238,-2,-2,-135
1767172908.682238,-1,-3,-130
1767172908.692238,2,-2,-126
1767172908.702238,3,-2,-123
1767172908.712238,3,-1,-122
1767172908.722238,-1,0,-124
1767172908.732238,-1,7,-132
1767172908.742238,-1,9,-131
1767172908.752238,-2,7,-132
1767172908.7622385,-2,4,-134
1767172908.7722385,-3,0,-132
1767172908.7822382,0,1,-132
1767172908.7922382,-3,4,-136
1767172908.8022382,-2,5,-134
1767172908.8122382,-1,6,-128
1767172908.8222382,0,2,-135
1767172908.8322382,1,3,-141
1767172908.8422382,1,3,-143
1767172908.8522382,1,5,-143
1767172908.8622382,2,4,-140
1767172908.8722382,3,3,-140
1767172908.882238,7,0,-145
1767172908.892238,5,0,-139
1767172908.902238,1,-2,-134
1767172908.912238,-2,-3,-140
1767172908.922238,-7,-5,-137
1767172908.932238,-2,-5,-134
1767172908.942238,1,-4,-132
1767172908.952238,0,0,-131
1767172908.962238,-1,0,-131
1767172908.972238,-3,0,-136
1767172908.982238,-3,-2,-137
1767172908.992238,-2,-1,-133
1767172909.002238,-6,1,-131
1767172909.0122385,-5,1,-127
1767172909.0222385,-4,-2,-132
1767172909.0322382,-5,-4,-135
1767172909.0422382,-5,-6,-136
1767172909.0522382,-2,-9,-139
1767172909.0622382,-2,-6,-135
1767172909.0722382,-1,-5,-133
1767172909.0822382,2,-7,-136
1767172909.0922382,0,-3,-134
1767172909.1022382,-1,0,-133
1767172909.1122382,-2,-1,-137
1767172909.1222382,-2,-6,-136
1767172909.132238,-1,-1,-133
1767172909.142238,0,0,-132
1767172909.152238,0,0,-132
1767172909.162238,1,0,-135
1767172909.172238,-1,-3,-140
1767172909.182238,1,-1,-141
1767172909.192238,2,-6,-131
1767172909.202238,1,-1,-133
1767172909.212238,-3,2,-133
1767172909.222238,-1,0,-134
1767172909.232238,-3,0,-140
1767172909.242238,-3,0,-147
1767172909.252238,-1,1,-144
1767172909.2622385,-3,0,-146
1767172909.2722385,-5,-2,-142
1767172909.2822382,-5,-1,-142
1767172909.2922382,-4,-1,-140
1767172909.3022382,-3,-4,-138
1767172909.3122382,-1,-7,-134
1767172909.3222382,0,-4,-131
1767172909.3322382,0,-7,-134
1767172909.3422382,-2,-6,-133
1767172909.3522382,-3,-3,-131
1767172909.3622382,-1,-3,-133
1767172909.3722382,1,0,-131
1767172909.382238,-1,1,-138
1767172909.392238,0,3,-132
1767172909.402238,0,4,-130
1767172909.412238,1,3,-129
1767172909.422238,5,2,-134
1767172909.432238,0,2,-133
1767172909.442238,0,2,-130
1767172909.452238,-1,1,-127
1767172909.462238,-1,4,-133
1767172909.472238,0,0,-133
1767172909.482238,0,0,-135
1767172909.492238,-1,0,-126
1767172909.502238,0,0,-127
1767172909.5122385,6,2,-123
1767172909.5222385,5,0,-125
1767172909.5322382,0,0,-126
1767172909.5532382,1,0,-133
1767172909.5622382,3,-1,-135
1767172909.5722382,2,-5,-136
1767172909.5822382,1,-4,-135
1767172909.5922382,0,-4,-132
1767172909.6022382,0,0,-134
1767172909.6122382,2,3,-132
1767172909.6222382,3,3,-128
1767172909.632238,2,0,-122
1767172909.642238,2,-1,-121
1767172909.652238,1,-2,-116
1767172909.662238,2,-1,-117
1767172909.672238,3,-1,-123
1767172909.682238,5,1,-126
1767172909.692238,0,2,-126
1767172909.702238,0,4,-124
1767172909.712238,2,4,-118
1767172909.722238,1,2,-115
1767172909.732238,1,0,-117
1767172909.742238,0,-1,-119
1767172909.752238,2,-3,-123
1767172909.7622385,4,-2,-123
1767172909.7722385,3,-1,-128
1767172909.7822382,5,0,-128
1767172909.7922382,4,1,-130
1767172909.8022382,3,-3,-132
1767172909.813238,0,-4,-134
1767172909.823238,-3,-7,-129
1767172909.833238,-7,-8,-130
1767172909.843238,-6,-6,-133
1767172909.853238,-7,-6,-136
1767172909.863238,-3,-6,-130
1767172909.873238,-6,-3,-124
1767172909.883238,-7,-5,-125
1767172909.893238,-6,-6,-122
1767172909.903238,-8,-4,-126
1767172909.913238,-9,-3,-127
1767172909.923238,-10,-6,-123
1767172909.9332385,-9,-5,-127
1767172909.9432385,-7,-5,-129
1767172909.9532382,-8,-3,-125
1767172909.9632382,-5,0,-127
1767172909.9732382,0,5,-131
1767172909.9832382,-2,3,-138
1767172909.9932382,0,3,-143
1767172910.0032382,1,2,-144
1767172910.0132382,-3,5,-145
1767172910.0232382,-6,2,-141
1767172910.0332382,-1,0,-137
1767172910.0432382,-5,0,-130
1767172910.0532382,-5,1,-130
1767172910.063238,-5,2,-128
1767172910.073238,-4,3,-129
1767172910.083238,3,2,-123
1767172910.093238,4,-3,-121
1767172910.103238,5,-1,-124
1767172910.113238,8,-4,-131
1767172910.123238,6,-4,-129
1767172910.133238,7,-7,-125
1767172910.143238,5,-7,-126
1767172910.153238,4,-6,-130
1767172910.163238,5,-4,-131
1767172910.173238,5,-4,-129
1767172910.1832385,4,-3,-126
1767172910.1932385,3,-2,-124
1767172910.2032382,0,-5,-123
1767172910.2132382,4,-5,-127
1767172910.2232382,3,-3,-132
1767172910.2332382,5,-2,-133
1767172910.2432382,-1,-5,-134
1767172910.2532382,-1,-3,-133
1767172910.2632382,2,-3,-134
1767172910.2732382,0,-1,-132
1767172910.2832382,-3,-2,-135
1767172910.2932382,0,-1,-135
1767172910.3032382,0,0,-137
1767172910.313238,-2,-1,-131
1767172910.323238,0,-3,-134
1767172910.333238,5,-1,-131
1767172910.343238,2,-2,-135
1767172910.353238,1,0,-136
1767172910.363238,-1,-4,-138
1767172910.373238,-3,-1,-135
1767172910.383238,-3,-1,-133
1767172910.393238,-6,1,-137
1767172910.403238,-5,7,-128
1767172910.413238,-4,6,-128
1767172910.423238,-3,2,-128
1767172910.4332385,-1,1,-121
1767172910.4432385,1,1,-127
1767172910.4532382,-2,-1,-128
1767172910.4632382,0,0,-126
1767172910.4732382,-4,0,-130
1767172910.4832382,-2,0,-132
1767172910.4932382,-4,1,-137
1767172910.5032382,-5,0,-133
1767172910.5132382,-5,0,-129
1767172910.5232382,-7,5,-131
1767172910.5332382,-9,3,-127
1767172910.5432382,-6,0,-129
1767172910.5532382,-3,-3,-126
1767172910.563238,-4,-5,-127
1767172910.573238,-8,0,-128
1767172910.583238,-11,0,-127
1767172910.593238,-7,1,-132
1767172910.603238,-4,-1,-127
1767172910.613238,-6,-2,-134
1767172910.623238,-3,-5,-141
1767172910.633238,-3,-4,-145
1767172910.643238,-1,-1,-137
1767172910.653238,-3,-1,-130
1767172910.663238,-1,0,-128
1767172910.673238,2,-3,-124
1767172910.6832385,1,-4,-128
1767172910.6932385,5,-5,-121
1767172910.7032382,2,-8,-130
1767172910.7132382,-2,-3,-131
1767172910.7232382,-7,-7,-129
1767172910.7332382,-5,-4,-128
1767172910.7432382,-2,-2,-129
1767172910.7532382,-5,-1,-123
1767172910.7632382,-5,-1,-125
1767172910.7732382,-7,-1,-135
1767172910.7832382,-4,-1,-131
1767172910.7932382,1,0,-133
1767172910.8032382,-3,0,-140
1767172910.813238,-1,-2,-141
1767172910.823238,0,-2,-141
1767172910.833238,1,-1,-136
1767172910.843238,2,0,-136
1767172910.853238,-1,0,-137
1767172910.863238,-3,4,-133
1767172910.873238,-4,5,-139
1767172910.883238,-4,5,-142
1767172910.893238,-3,0,-136
1767172910.903238,-6,-2,-135
1767172910.913238,-4,-5,-131
1767172910.923238,-2,-3,-127
1767172910.9332385,2,-3,-132
1767172910.9432385,3,-3,-132
1767172910.9532382,1,-3,-136
1767172910.9632382,4,1,-141
1767172910.9732382,4,2,-140
1767172910.9832382,8,1,-139
1767172910.9932382,5,0,-140
1767172911.0032382,3,0,-139
1767172911.0132382,0,0,-138
1767172911.0232382,2,-1,-138
1767172911.0332382,-1,-2,-138
1767172911.0432382,-4,-5,-140
1767172911.0532382,-5,-3,-135
1767172911.063238,-4,0,-136
1767172911.073238,-2,0,-141
1767172911.083238,-1,2,-151
1767172911.093238,0,1,-149
1767172911.103238,-7,3,-145
1767172911.113238,-8,4,-142
1767172911.123238,-8,0,-138
1767172911.133238,-11,-2,-136
1767172911.143238,-4,-4,-135
1767172911.153238,-2,-2,-138
1767172911.163238,0,-2,-139
1767172911.173238,0,-1,-135
1767172911.1832385,-2,-1,-142
1767172911.1932385,-2,-1,-137
1767172911.2032382,-6,0,-136
1767172911.2132382,-8,-1,-131
1767172911.2232382,-10,-1,-129
1767172911.2332382,-7,-4,-134
1767172911.2432382,-5,-2,-137
1767172911.2532382,0,-2,-142
1767172911.2632382,-3,-3,-143
1767172911.2732382,-5,-6,-144
1767172911.2832382,-10,-5,-138
1767172911.2932382,-8,-4,-141
1767172911.3032382,-10,-4,-136
1767172911.313238,-8,-7,-133
1767172911.323238,-5,-1,-127
1767172911.333238,-3,-2,-128
1767172911.343238,0,-7,-131
1767172911.353238,-1,-5,-130
1767172911.363238,1,-6,-134
1767172911.373238,0,-2,-129
1767172911.383238,1,-5,-126
1767172911.393238,1,-5,-122
1767172911.403238,1,-2,-123
1767172911.413238,-3,-3,-128
1767172911.423238,-4,0,-133
1767172911.4332385,-4,-2,-132
1767172911.4432385,0,1,-132
1767172911.4532382,-5,-2,-123
1767172911.4632382,-5,-2,-126
1767172911.4732382,-3,-2,-136
1767172911.4832382,-3,-2,-137
1767172911.4932382,0,-2,-137
1767172911.5032382,3,0,-133
1767172911.5132382,7,0,-130
1767172911.5232382,9,-6,-127
1767172911.5332382,2,-8,-125
1767172911.5432382,0,-2,-119
1767172911.5532382,0,0,-130
1767172911.563238,5,4,-133
1767172911.573238,4,6,-137
1767172911.583238,0,2,-142
1767172911.593238,-1,2,-138
1767172911.603238,-1,-1,-146
1767172911.613238,-1,-1,-146
1767172911.623238,-1,-5,-141
1767172911.633238,-1,-6,-143
1767172911.643238,0,-9,-143
1767172911.653238,-4,-6,-146
1767172911.663238,-7,-7,-149
1767172911.673238,-8,-4,-142
1767172911.6832385,-3,-2,-133
1767172911.6932385,-1,-6,-132
1767172911.7032382,-1,-4,-132
1767172911.7132382,-2,-4,-137
1767172911.7232382,-5,-2,-141
1767172911.7332382,-8,1,-141
1767172911.7432382,-6,2,-139
1767172911.7532382,-4,2,-144
1767172911.7632382,-4,0,-145
1767172911.7732382,0,0,-142
1767172911.7832382,0,-2,-140
1767172911.7932382,0,-4,-141
1767172911.8032382,-2,-3,-135
1767172911.813238,0,-7,-133
1767172911.823238,1,-5,-132
1767172911.833238,-3,-3,-138
1767172911.843238,-5,0,-140
1767172911.853238,-4,-5,-142
1767172911.863238,-9,-3,-139
1767172911.873238,-2,1,-137
1767172911.883238,-2,0,-135
1767172911.893238,-4,0,-139
1767172911.903238,-7,0,-141
1767172911.913238,-4,3,-137
1767172911.923238,-3,0,-137
1767172911.9332385,0,0,-145
1767172911.9432385,2,-4,-139
1767172911.9532382,2,0,-132
1767172911.9632382,-2,0,-133
1767172911.9732382,-4,2,-137
1767172911.9832382,-5,1,-135
1767172911.9932382,-5,0,-135
1767172912.0032382,-4,4,-134
1767172912.0132382,-5,1,-133
1767172912.0232382,-6,2,-140
1767172912.0332382,-4,1,-137
1767172912.0432382,-4,3,-138
1767172912.0532382,-4,4,-138
1767172912.063238,-4,0,-132
1767172912.073238,-5,1,-130
1767172912.083238,-2,5,-130
1767172912.093238,0,4,-131
1767172912.103238,0,3,-127
1767172912.113238,-5,0,-121
1767172912.123238,-5,2,-121
1767172912.133238,-4,2,-119
1767172912.143238,-1,-1,-121
1767172912.153238,0,-3,-125
1767172912.163238,-1,-1,-123
1767172912.173238,-5,2,-121
1767172912.1832385,-7,0,-127
1767172912.1932385,-7,0,-126
1767172912.2032382,-5,-1,-127
1767172912.2132382,-8,-1,-127
1767172912.2232382,-5,0,-130
1767172912.2332382,-4,-1,-133
1767172912.2432382,-2,-4,-136
1767172912.2532382,0,-3,-132
1767172912.2632382,3,-4,-137
1767172912.2732382,0,-4,-137
1767172912.2832382,0,-3,-135
1767172912.2932382,-2,0,-131
1767172912.3032382,-4,-1,-133
1767172912.313238,0,-4,-135
1767172912.323238,0,-8,-140
1767172912.333238,4,-4,-139
1767172912.343238,3,-6,-128
1767172912.353238,6,-9,-128
1767172912.363238,6,-3,-134
1767172912.373238,1,-7,-137
1767172912.383238,0,-9,-132
1767172912.393238,-2,-9,-127
1767172912.4042382,-2,-11,-134
1767172912.413238,0,-7,-139
1767172912.423238,2,-1,-138
1767172912.4342382,2,0,-139
1767172912.4432385,9,2,-133
1767172912.4542382,15,2,-132
1767172912.4642382,12,1,-130
1767172912.4742382,10,-2,-132
1767172912.484238,7,0,-138
1767172912.494238,7,1,-135
1767172912.504238,4,1,-132
1767172912.514238,5,0,-123
1767172912.524238,2,0,-118
1767172912.534238,3,0,-123
1767172912.544238,3,-3,-132
1767172912.554238,0,-1,-138
1767172912.564238,-4,0,-137
1767172912.574238,-3,-1,-135
1767172912.584238,0,0,-133
1767172912.594238,2,1,-129
1767172912.6042385,0,0,-126
1767172912.6142385,0,0,-129
1767172912.6242385,0,1,-130
1767172912.6342382,-3,0,-137
1767172912.6442382,0,0,-148
1767172912.6542382,2,0,-144
1767172912.6642382,1,0,-138
1767172912.6742382,2,1,-138
1767172912.6842382,1,0,-134
1767172912.6942382,1,-1,-136
1767172912.7042382,0,-2,-140
1767172912.7142382,1,-2,-135
1767172912.7242382,3,-4,-131
1767172912.734238,3,-2,-129
1767172912.744238,2,-2,-130
1767172912.754238,0,-6,-134
1767172912.764238,-3,-5,-137
1767172912.774238,-6,-4,-138
1767172912.784238,-6,-6,-135
1767172912.794238,-7,-8,-132
1767172912.804238,-6,-11,-127
1767172912.814238,-5,-9,-129
1767172912.824238,0,-6,-128
1767172912.834238,3,-2,-131
1767172912.844238,5,0,-138
1767172912.8542385,2,0,-141
1767172912.8642385,0,-2,-134
1767172912.8742385,-2,-3,-128
1767172912.8842382,-2,0,-127
1767172912.8942382,5,2,-136
1767172912.9042382,1,0,-138
1767172912.9142382,2,1,-140
1767172912.9242382,5,3,-141
1767172912.9342382,3,-2,-133
1767172912.9442382,1,-6,-135
1767172912.9542382,0,-5,-141
1767172912.9642382,-1,-5,-136
1767172912.9742382,-5,-5,-126
1767172912.984238,-9,-6,-125
1767172912.994238,-10,-7,-126
1767172913.004238,-10,-5,-128
1767172913.014238,-8,-2,-129
1767172913.024238,0,0,-126
1767172913.034238,2,1,-126
1767172913.044238,-3,1,-123
1767172913.054238,-1,1,-127
1767172913.064238,-2,0,-130
1767172913.074238,-6,2,-131
1767172913.084238,0,4,-130
1767172913.094238,0,6,-127
1767172913.1042385,0,4,-130
1767172913.1142385,0,4,-134
1767172913.1242385,-3,1,-131
1767172913.1342382,-1,1,-127
1767172913.1442382,-5,0,-128
1767172913.1542382,-3,-2,-128
1767172913.1642382,-5,-2,-119
1767172913.1742382,-3,0,-127
1767172913.1842382,-5,-2,-121
1767172913.1942382,2,-1,-125
1767172913.2042382,1,-2,-128
1767172913.2142382,5,0,-131
1767172913.2242382,4,-2,-133
1767172913.234238,2,-1,-137
1767172913.244238,0,1,-135
1767172913.254238,1,0,-130
1767172913.264238,5,1,-137
1767172913.274238,11,-1,-137
1767172913.284238,8,-6,-141
1767172913.294238,7,-4,-143
1767172913.304238,3,2,-140
1767172913.314238,0,0,-138
1767172913.324238,1,0,-138
1767172913.334238,1,0,-132
1767172913.344238,3,-1,-135
1767172913.3542385,3,0,-134
1767172913.3642385,6,4,-131
1767172913.3742385,1,4,-134
1767172913.3842382,-1,2,-143
1767172913.3942382,-1,0,-139
1767172913.4042382,-3,0,-139
1767172913.4142382,-4,0,-137
1767172913.4242382,-2,1,-130
1767172913.4342382,0,0,-126
1767172913.4442382,0,0,-132
1767172913.4542382,0,1,-128
1767172913.4642382,2,0,-132
1767172913.4742382,0,1,-132
1767172913.484238,0,0,-133
1767172913.494238,0,4,-136
1767172913.504238,-1,6,-130
1767172913.514238,-4,6,-133
1767172913.524238,-5,7,-133
1767172913.534238,-8,6,-137
1767172913.544238,-12,2,-137
1767172913.554238,-9,3,-136
1767172913.564238,-10,1,-138
1767172913.574238,-5,0,-136
1767172913.584238,-4,-1,-132
1767172913.594238,0,1,-133
1767172913.6042385,0,2,-132
1767172913.6142385,3,-2,-132
1767172913.6242385,3,-5,-126
1767172913.6342382,1,-6,-131
1767172913.6442382,2,-3,-136
1767172913.6542382,1,-1,-138
1767172913.6642382,1,2,-139
1767172913.6742382,0,1,-144
1767172913.6842382,0,2,-147
1767172913.6942382,0,1,-151
1767172913.7042382,-6,0,-143
1767172913.7142382,-5,-2,-140
1767172913.7242382,-8,0,-133
1767172913.734238,-6,0,-132
1767172913.744238,-6,-1,-129
1767172913.754238,-3,0,-128
1767172913.764238,-3,1,-129
1767172913.774238,0,5,-133
1767172913.784238,4,3,-132
1767172913.794238,8,1,-126
1767172913.804238,5,2,-125
1767172913.814238,2,-1,-132
1767172913.824238,-1,-3,-134
1767172913.834238,2,-3,-125
1767172913.8452382,4,-1,-128
1767172913.8542385,1,-4,-131
1767172913.8642385,2,-3,-128
1767172913.8742385,7,-3,-127
1767172913.8842382,4,-6,-130
1767172913.8942382,-3,-6,-132
1767172913.9042382,1,-4,-128
1767172913.9142382,3,-4,-129
1767172913.9242382,4,-1,-130
1767172913.9342382,5,-3,-127
1767172913.9442382,2,-3,-123
1767172913.9542382,1,-1,-126
1767172913.9642382,3,-2,-130
1767172913.9742382,4,-2,-134
1767172913.984238,5,0,-140
1767172913.994238,0,-3,-136
1767172914.004238,2,-5,-130
1767172914.014238,2,-1,-129
1767172914.024238,0,-2,-136
1767172914.034238,-1,-5,-138
1767172914.044238,2,-7,-138
1767172914.054238,3,-8,-139
1767172914.064238,2,-5,-136
1767172914.074238,1,-7,-129
1767172914.084238,0,-8,-133
1767172914.094238,-2,-8,-131
1767172914.1042385,-1,-5,-138
1767172914.1142385,-3,-6,-142
1767172914.1242385,-7,-2,-137
1767172914.1342382,-6,0,-131
1767172914.1442382,-4,0,-128
1767172914.1542382,-4,1,-126
1767172914.1642382,0,0,-133
1767172914.1742382,-2,-1,-134
1767172914.1842382,0,0,-134
1767172914.1942382,0,0,-133
1767172914.2042382,0,4,-131
1767172914.2142382,1,0,-133
1767172914.2242382,4,-3,-131
1767172914.234238,7,-4,-131
1767172914.244238,5,-4,-133
1767172914.254238,2,0,-136
1767172914.264238,1,0,-127
1767172914.274238,2,-2,-125
1767172914.284238,-1,-2,-124
1767172914.294238,-1,0,-126
1767172914.304238,0,-2,-124
1767172914.314238,-2,-3,-126
1767172914.324238,0,0,-128
1767172914.334238,1,0,-129
1767172914.344238,2,2,-128
1767172914.3542385,0,3,-127
1767172914.3642385,-1,0,-133
1767172914.3742385,0,0,-139
1767172914.3842382,0,2,-142
1767172914.3942382,2,0,-140
1767172914.4042382,5,0,-130
1767172914.4142382,3,-3,-132
1767172914.4242382,0,0,-137
1767172914.4342382,0,-5,-139
1767172914.4442382,0,-9,-141
1767172914.4542382,0,-7,-136
1767172914.4642382,0,-3,-139
1767172914.4742382,-1,-1,-139
1767172914.484238,-3,-4,-138
1767172914.494238,-6,-3,-135
1767172914.504238,-3,-4,-131
1767172914.514238,-3,0,-133
1767172914.524238,-5,4,-132
1767172914.534238,-1,5,-142
1767172914.544238,0,4,-151
1767172914.5662382,2,3,-147
1767172914.574238,2,2,-145
1767172914.584238,1,3,-144
1767172914.594238,1,6,-142
1767172914.6042385,2,3,-143
1767172914.6142385,1,4,-141
1767172914.6242385,-1,5,-132
1767172914.6342382,-1,3,-134
1767172914.6442382,-2,2,-139
1767172914.6542382,1,3,-138
1767172914.6642382,2,1,-131
1767172914.6742382,1,0,-131
1767172914.6842382,1,-1,-138
1767172914.6942382,2,-2,-134
1767172914.7042382,2,-3,-136
1767172914.7142382,1,-3,-135
1767172914.7242382,0,-2,-137
1767172914.734238,0,-5,-130
1767172914.744238,0,-4,-131
1767172914.754238,-5,-2,-135
1767172914.764238,-3,-2,-136
1767172914.774238,-3,-3,-135
1767172914.784238,1,-5,-133
1767172914.794238,1,-6,-135
1767172914.804238,6,-1,-138
1767172914.814238,2,-1,-133
1767172914.824238,0,0,-125
1767172914.834238,-1,-3,-129
1767172914.844238,1,-2,-134
1767172914.8542385,-2,-3,-138
1767172914.8642385,-2,-1,-136
1767172914.8742385,-2,-2,-137
1767172914.8842382,0,-1,-134
1767172914.8942382,0,-6,-128
1767172914.9042382,0,-7,-126
1767172914.9142382,3,-2,-132
1767172914.9242382,0,-6,-136
1767172914.9342382,-3,-10,-137
1767172914.9442382,-6,-9,-128
1767172914.9542382,-2,-6,-134
1767172914.9642382,-3,0,-131
1767172914.9742382,0,0,-130
1767172914.984238,2,-3,-130
1767172914.994238,6,0,-134
1767172915.005238,3,3,-136
1767172915.014238,7,2,-142
1767172915.025238,7,5,-142
1767172915.034238,3,3,-146
1767172915.044238,0,1,-143
1767172915.0552382,0,0,-138
1767172915.0652382,-1,-1,-136
1767172915.0752382,-5,0,-135
1767172915.0852382,-2,0,-131
1767172915.0952382,-2,-2,-128
1767172915.1052382,-2,0,-134
1767172915.1152382,-4,0,-130
1767172915.1252382,0,-3,-126
1767172915.1352382,-1,-2,-127
1767172915.1452382,-1,0,-125
1767172915.1552382,2,1,-129
1767172915.165238,5,-3,-132
1767172915.175238,7,-7,-140
1767172915.185238,2,-8,-138
1767172915.195238,3,-5,-131
1767172915.205238,1,-5,-129
1767172915.215238,2,-8,-137
1767172915.225238,2,-3,-137
1767172915.235238,4,-1,-128
1767172915.245238,1,0,-128
1767172915.255238,0,0,-131
1767172915.265238,-1,1,-133
1767172915.275238,-2,0,-134
1767172915.2852385,-2,-1,-140
1767172915.2952385,-4,0,-137
1767172915.3052382,-6,0,-132
1767172915.3152382,-4,3,-127
1767172915.3252382,-3,3,-131
1767172915.3352382,1,3,-133
1767172915.3452382,1,2,-130
1767172915.3552382,0,4,-131
1767172915.3652382,-2,9,-127
1767172915.3752382,-1,6,-135
1767172915.3852382,-7,4,-134
1767172915.3952382,-3,2,-134
1767172915.4052382,0,2,-136
1767172915.415238,0,0,-134
1767172915.425238,1,-6,-131
1767172915.435238,2,-2,-127
1767172915.445238,5,0,-135
1767172915.455238,3,1,-134
1767172915.465238,1,0,-136
1767172915.475238,1,1,-132
1767172915.485238,1,2,-128
1767172915.495238,2,1,-126
1767172915.505238,0,0,-128
1767172915.515238,0,0,-129
1767172915.525238,-1,0,-129
1767172915.5352385,-1,-2,-132
1767172915.5452385,-1,1,-129
1767172915.5552382,-2,0,-128
1767172915.5652382,-2,0,-132
1767172915.5752382,-3,2,-134
1767172915.5852382,-2,4,-129
1767172915.5952382,0,1,-129
1767172915.6052382,1,-1,-130
1767172915.6152382,-1,0,-132
1767172915.6252382,0,-5,-125
1767172915.6352382,3,-6,-121
1767172915.6452382,3,-5,-125
1767172915.6552382,1,-6,-131
1767172915.665238,0,-1,-134
1767172915.675238,0,-1,-129
1767172915.685238,-1,-2,-124
1767172915.695238,0,-2,-130
1767172915.705238,2,-3,-124
1767172915.715238,7,-1,-122
1767172915.725238,1,-2,-126
1767172915.735238,1,4,-124
1767172915.745238,1,4,-123
1767172915.755238,0,3,-121
1767172915.765238,1,1,-126
1767172915.775238,1,-2,-124
1767172915.7852385,-2,3,-127
1767172915.7952385,-2,2,-127
1767172915.8052382,0,2,-128
1767172915.8152382,-8,2,-132
1767172915.8252382,-9,0,-136
1767172915.8352382,-4,0,-138
1767172915.8452382,1,-3,-143
1767172915.8552382,0,-6,-140
1767172915.8652382,2,-4,-137
1767172915.8752382,4,-2,-131
1767172915.8852382,5,-2,-135
1767172915.8952382,0,0,-131
1767172915.9052382,1,1,-139
1767172915.915238,0,-1,-139
1767172915.925238,1,-4,-137
1767172915.935238,4,-6,-132
1767172915.945238,4,-11,-136
1767172915.955238,2,-12,-137
1767172915.965238,2,-8,-135
1767172915.975238,4,-4,-135
1767172915.985238,4,-3,-130
1767172915.995238,4,-4,-129
1767172916.005238,4,0,-129
1767172916.015238,1,0,-129
1767172916.025238,1,-3,-129
1767172916.0352385,0,-2,-137
1767172916.0452385,-3,-3,-139
1767172916.0552382,-6,-4,-140
1767172916.0652382,-5,-6,-135
1767172916.0752382,-3,-2,-126
1767172916.0852382,-1,-4,-120
1767172916.0952382,0,-2,-121
1767172916.1052382,2,0,-124
1767172916.1152382,0,-3,-126
1767172916.1252382,1,-3,-128
1767172916.1352382,3,-5,-133
1767172916.1452382,2,-6,-135
1767172916.1552382,2,-9,-133
1767172916.165238,-1,-6,-135
1767172916.175238,-3,-6,-136
1767172916.185238,-6,-7,-138
1767172916.195238,-4,-10,-134
1767172916.205238,-5,-12,-136
1767172916.215238,-4,-5,-136
1767172916.225238,-4,-1,-140
1767172916.235238,-6,-2,-134
1767172916.245238,-11,-1,-134
1767172916.255238,-8,0,-131
1767172916.265238,-6,-1,-129
1767172916.275238,-4,-3,-127
1767172916.2852385,-1,-8,-126
1767172916.2952385,0,-1,-134
1767172916.3052382,-1,0,-140
1767172916.3152382,-3,-4,-140
1767172916.3252382,-2,-4,-140
1767172916.3352382,-1,-9,-141
1767172916.3452382,0,-8,-145
1767172916.3552382,0,-11,-145
1767172916.3652382,4,-7,-144
1767172916.3752382,5,-6,-144
1767172916.3852382,2,-6,-134
1767172916.3952382,3,-6,-136
1767172916.4052382,8,-5,-140
1767172916.415238,6,-6,-138
1767172916.425238,6,-5,-135
1767172916.435238,0,-9,-134
1767172916.445238,1,-10,-135
1767172916.455238,3,-8,-137
1767172916.465238,3,-5,-136
1767172916.475238,2,-1,-134
1767172916.485238,2,0,-135
1767172916.495238,5,-2,-135
1767172916.505238,5,-3,-136
1767172916.515238,6,-7,-143
1767172916.525238,7,-6,-134
1767172916.5352385,7,-6,-133
1767172916.5452385,5,-3,-135
1767172916.5552382,4,-1,-137
1767172916.5652382,5,0,-137
1767172916.5752382,1,3,-139
1767172916.5852382,1,0,-136
1767172916.5952382,2,0,-128
1767172916.6052382,5,0,-130
1767172916.6152382,7,0,-133
1767172916.6252382,10,0,-136
1767172916.6352382,6,-5,-141
1767172916.6452382,3,-7,-145
1767172916.6552382,0,-6,-148
1767172916.665238,0,-3,-148
1767172916.675238,-4,-4,-151
1767172916.685238,-2,-5,-140
1767172916.695238,-1,-4,-138
1767172916.705238,1,0,-141
1767172916.715238,-1,-5,-148
1767172916.725238,1,-11,-149
1767172916.735238,4,-9,-143
1767172916.745238,0,-11,-145
1767172916.755238,-1,-8,-141
1767172916.765238,0,-7,-141
1767172916.775238,-2,-3,-139
1767172916.7852385,-3,0,-137
1767172916.7952385,-5,2,-130
1767172916.8052382,-5,-2,-131
1767172916.8152382,-5,-2,-136
1767172916.8252382,-10,-6,-133
1767172916.8352382,-11,-5,-136
1767172916.8452382,-7,-3,-146
1767172916.8552382,-3,-3,-149
1767172916.8652382,0,-1,-150
1767172916.8752382,-3,-3,-141
1767172916.8852382,-7,-6,-137
1767172916.8952382,-10,-8,-136
1767172916.9052382,-12,-11,-132
1767172916.915238,-7,-5,-137
1767172916.925238,-6,-4,-141
1767172916.935238,-5,-3,-141
1767172916.945238,-4,0,-142
1767172916.955238,-4,1,-137
1767172916.965238,-7,2,-136
1767172916.975238,-8,2,-132
1767172916.985238,-6,2,-132
1767172916.995238,-3,4,-130
1767172917.005238,-9,4,-125
1767172917.015238,-7,0,-130
1767172917.025238,-6,-3,-137
1767172917.0352385,-5,-1,-138
1767172917.0452385,-6,-4,-137
1767172917.0552382,-5,-7,-132
1767172917.0652382,-5,-5,-135
1767172917.0752382,-4,-6,-135
1767172917.0852382,-4,-7,-132
1767172917.0952382,-4,-4,-123
1767172917.1052382,-5,-3,-125
1767172917.1152382,-1,-2,-125
1767172917.1252382,0,-1,-124
1767172917.1352382,0,0,-124
1767172917.1452382,2,4,-129
1767172917.1552382,3,0,-138
1767172917.165238,4,0,-143
1767172917.175238,7,-2,-148
1767172917.185238,8,-3,-147
1767172917.195238,8,-5,-135
1767172917.205238,9,-7,-131
1767172917.215238,7,-11,-131
1767172917.225238,-2,-12,-131
1767172917.235238,-3,-10,-132
1767172917.245238,0,-8,-135
1767172917.255238,-3,-4,-135
1767172917.265238,-7,-5,-139
1767172917.275238,-10,-2,-130
1767172917.2852385,-9,-4,-127
1767172917.2952385,-9,-3,-127
1767172917.3052382,-11,-1,-131
1767172917.3152382,-7,-3,-132
1767172917.3252382,-3,-2,-130
1767172917.3352382,-2,-2,-125
1767172917.3452382,-1,0,-120
1767172917.3552382,-4,1,-117
1767172917.3652382,-3,3,-113
1767172917.3752382,-2,2,-114
1767172917.3852382,-1,5,-116
1767172917.3952382,-4,5,-119
1767172917.4052382,-1,5,-123
1767172917.415238,2,3,-126
1767172917.425238,5,-2,-129
1767172917.435238,2,-1,-133
1767172917.445238,-1,-5,-136
1767172917.455238,-2,-4,-135
1767172917.465238,-3,-4,-130
1767172917.475238,-3,0,-135
1767172917.485238,-1,0,-135
1767172917.495238,-4,0,-134
1767172917.505238,-7,0,-138
1767172917.515238,-9,4,-135
1767172917.525238,-5,0,-134
1767172917.5352385,-6,3,-134
1767172917.5452385,-1,2,-136
1767172917.5552382,-5,0,-143
1767172917.5652382,-6,3,-146
1767172917.5752382,-6,2,-144
1767172917.5852382,-6,0,-144
1767172917.5952382,-4,2,-144
1767172917.6052382,-2,1,-140
1767172917.6152382,-1,-4,-134
1767172917.6252382,0,-8,-130
1767172917.6352382,4,-6,-133
1767172917.646238,4,-1,-135
1767172917.656238,1,-1,-134
1767172917.666238,2,0,-139
1767172917.676238,3,0,-145
1767172917.686238,2,0,-149
1767172917.696238,0,0,-147
1767172917.7062385,1,0,-142
1767172917.7162385,0,1,-139
1767172917.7262385,-2,0,-130
1767172917.7362382,0,0,-124
1767172917.7462382,3,-1,-124
1767172917.7562382,3,3,-125
1767172917.7662382,2,2,-127
1767172917.7762382,-6,0,-131
1767172917.7862382,-4,-2,-134
1767172917.7962382,-4,-3,-140
1767172917.8062382,-1,-5,-141
1767172917.8162382,0,-2,-133
1767172917.8262382,0,-1,-124
1767172917.836238,1,0,-124
1767172917.846238,0,1,-124
1767172917.856238,-2,2,-127
1767172917.866238,0,0,-118
1767172917.876238,0,0,-118
1767172917.886238,0,-2,-118
1767172917.896238,1,-3,-116
1767172917.906238,4,-4,-110
1767172917.916238,4,0,-119
1767172917.926238,-4,-1,-122
1767172917.936238,-3,-2,-126
1767172917.946238,-6,-1,-132
1767172917.9562385,-9,2,-137
1767172917.9662385,-6,1,-138
1767172917.9762385,-4,3,-139
1767172917.9862382,0,1,-130
1767172917.9962382,0,0,-132
1767172918.0062382,0,0,-134
1767172918.0162382,1,-3,-133
1767172918.0262382,4,2,-137
1767172918.0362382,3,0,-132
1767172918.0462382,3,0,-131
1767172918.0562382,3,1,-128
1767172918.0662382,2,-1,-127
1767172918.0762382,2,-1,-134
1767172918.086238,0,2,-134
1767172918.096238,-1,4,-138
1767172918.106238,-3,3,-137
1767172918.116238,-2,3,-131
1767172918.126238,-1,5,-129
1767172918.136238,-2,3,-137
1767172918.146238,-2,4,-138
1767172918.156238,-6,2,-135
1767172918.166238,-6,0,-134
1767172918.176238,-3,2,-134
1767172918.186238,-3,0,-136
1767172918.196238,-5,-4,-143
1767172918.2062385,-9,0,-142
1767172918.2162385,-9,0,-135
1767172918.2262385,-8,0,-134
1767172918.2362382,-5,-3,-126
1767172918.2462382,-5,-2,-127
1767172918.2562382,0,0,-124
1767172918.2662382,-2,-1,-120
1767172918.2762382,-5,-2,-116
1767172918.2862382,-2,-2,-123
1767172918.2962382,-3,0,-122
1767172918.3062382,-5,0,-127
1767172918.3162382,-7,-2,-127
1767172918.3262382,-3,-4,-129
1767172918.336238,-3,-9,-132
1767172918.346238,-4,-6,-131
1767172918.356238,-5,-3,-129
1767172918.366238,-2,-4,-135
1767172918.376238,-1,-4,-134
1767172918.386238,1,-2,-137
1767172918.396238,-1,0,-133
1767172918.406238,-3,4,-135
1767172918.416238,-7,8,-130
1767172918.426238,-3,5,-134
1767172918.436238,1,4,-137
1767172918.446238,5,1,-138
1767172918.4562385,1,2,-137
1767172918.4662385,-1,3,-132
1767172918.4762385,-4,1,-135
1767172918.4862382,0,0,-132
1767172918.4962382,1,-1,-132
1767172918.5062382,5,-7,-132
1767172918.5162382,7,-2,-129
1767172918.5262382,1,-2,-129
1767172918.5362382,0,0,-128
1767172918.5462382,-2,0,-132
1767172918.5562382,-3,0,-131
1767172918.5662382,-2,-3,-133
1767172918.5762382,-5,-3,-134
1767172918.586238,-5,-6,-141
1767172918.596238,0,-1,-137
1767172918.606238,-1,-5,-134
1767172918.616238,-4,-1,-131
1767172918.626238,-4,0,-131
1767172918.636238,5,-2,-134
1767172918.646238,6,-5,-129
1767172918.656238,5,-8,-128
1767172918.666238,1,-9,-133
1767172918.676238,0,-10,-135
1767172918.686238,1,-9,-139
1767172918.696238,1,-7,-144
1767172918.7062385,0,-4,-141
1767172918.7162385,0,-2,-141
1767172918.7262385,0,-6,-138
1767172918.7362382,0,-6,-130
1767172918.7462382,1,-8,-131
1767172918.7562382,1,-7,-136
1767172918.7662382,-3,-7,-141
1767172918.7762382,-1,-8,-141
1767172918.7862382,-2,-8,-135
1767172918.7962382,-1,-8,-127
1767172918.8062382,-3,-6,-129
1767172918.8162382,-5,-1,-132
1767172918.8262382,-9,-3,-134
1767172918.836238,-7,-7,-134
1767172918.846238,-4,-11,-131
1767172918.856238,-1,-10,-128
1767172918.866238,5,-7,-117
1767172918.876238,3,-6,-126
1767172918.886238,5,-3,-126
1767172918.896238,5,0,-128
1767172918.906238,8,0,-121
1767172918.916238,5,-3,-124
1767172918.926238,3,-2,-133
1767172918.936238,5,-4,-126
1767172918.946238,9,-4,-126
1767172918.9562385,6,-2,-128
1767172918.9662385,4,-5,-127
1767172918.9762385,3,-2,-122
1767172918.9862382,2,0,-119
1767172918.9962382,1,0,-124
1767172919.0062382,-1,0,-129
1767172919.0162382,1,0,-123
1767172919.0262382,2,0,-119
1767172919.0362382,3,2,-120
1767172919.0462382,1,2,-118
1767172919.0562382,0,4,-123
1767172919.0662382,3,4,-128
1767172919.0762382,5,3,-132
1767172919.086238,6,5,-131
1767172919.096238,5,4,-130
1767172919.106238,0,0,-134
1767172919.116238,2,0,-133
1767172919.126238,5,-4,-128
1767172919.136238,3,-1,-126
1767172919.146238,3,-3,-132
1767172919.156238,0,-3,-126
1767172919.166238,1,-1,-126
1767172919.176238,4,-1,-130
1767172919.186238,2,-1,-126
1767172919.196238,7,-3,-121
1767172919.2062385,0,-3,-123
1767172919.2162385,0,-4,-126
1767172919.2262385,-2,-3,-131
1767172919.2362382,-4,-3,-132
1767172919.2462382,-8,-4,-130
1767172919.2562382,-5,0,-128
1767172919.2662382,1,0,-131
1767172919.2762382,2,-1,-136
1767172919.2862382,1,2,-138
1767172919.2962382,2,-1,-142
1767172919.3062382,0,-1,-134
1767172919.3162382,3,0,-131
1767172919.3262382,0,0,-132
1767172919.336238,0,-1,-132
1767172919.346238,-1,-1,-133
1767172919.356238,-3,-1,-129
1767172919.366238,-3,-6,-120
1767172919.376238,-7,-7,-124
1767172919.386238,-6,-7,-123
1767172919.396238,-1,-8,-128
1767172919.406238,1,-4,-129
1767172919.416238,-3,3,-130
1767172919.426238,-3,2,-132
1767172919.436238,-1,-1,-133
1767172919.446238,3,0,-132
1767172919.4562385,-2,-6,-125
1767172919.4662385,-1,-8,-131
1767172919.4762385,-5,-5,-141
1767172919.4862382,-7,-7,-141
1767172919.4962382,-10,-1,-132
1767172919.5062382,-10,0,-138
1767172919.5162382,-7,-1,-136
1767172919.5262382,0,0,-135
1767172919.5362382,0,-1,-130
1767172919.5462382,0,-2,-126
1767172919.5562382,-2,-4,-125
1767172919.5782382,-6,1,-122
1767172919.586238,-7,-2,-130
1767172919.596238,-4,0,-135
1767172919.606238,-4,0,-142
1767172919.616238,-7,1,-142
1767172919.626238,-9,0,-140
1767172919.636238,-9,0,-133
1767172919.646238,-4,0,-130
1767172919.656238,-3,0,-129
1767172919.666238,-2,-4,-125
1767172919.676238,-6,-4,-125
1767172919.686238,-7,-5,-130
1767172919.696238,-5,-9,-134
1767172919.7062385,-7,-6,-132
1767172919.7162385,-5,-1,-133
1767172919.7262385,-8,1,-133
1767172919.7362382,-1,-2,-138
1767172919.7462382,0,-2,-144
1767172919.7562382,3,-1,-143
1767172919.7662382,3,-1,-140
1767172919.7762382,3,-1,-136
1767172919.7862382,3,-5,-137
1767172919.7962382,0,-2,-137
1767172919.8062382,1,1,-129
1767172919.8162382,0,1,-122
1767172919.8262382,2,1,-130
1767172919.836238,2,0,-132
1767172919.846238,3,-3,-134
1767172919.856238,3,-7,-134
1767172919.866238,1,-5,-134
1767172919.876238,-3,-4,-136
1767172919.8872385,-4,-2,-137
1767172919.896238,-3,1,-134
1767172919.906238,0,3,-129
1767172919.916238,0,0,-123
1767172919.926238,2,-2,-124
1767172919.936238,2,-2,-127
1767172919.946238,0,-4,-131
1767172919.9562385,0,-6,-132
1767172919.9662385,2,-6,-135
1767172919.9762385,2,-2,-138
1767172919.9862382,0,0,-133
1767172919.9962382,2,-1,-137
1767172920.0062382,4,-1,-136
1767172920.0162382,4,0,-127
1767172920.0262382,2,-1,-126
1767172920.0362382,0,1,-121
1767172920.0462382,2,0,-118
1767172920.0562382,3,-1,-120
1767172920.0662382,6,-3,-120
1767172920.0762382,2,-5,-125
1767172920.086238,-2,-11,-121
1767172920.096238,-3,-9,-122
1767172920.106238,0,-6,-126
1767172920.116238,0,-2,-128
1767172920.126238,-2,-4,-135
1767172920.136238,-2,-4,-135
1767172920.146238,-4,-1,-133
1767172920.156238,-5,-2,-135
1767172920.166238,-6,-2,-137
1767172920.176238,-6,-2,-138
1767172920.186238,-6,-1,-141
1767172920.1972382,-3,1,-136
1767172920.2072382,-2,0,-135
1767172920.2162385,0,-1,-128
1767172920.2262385,-2,1,-121
1767172920.2372382,-1,-1,-123
1767172920.2472382,0,-3,-123
1767172920.257238,-1,-4,-126
1767172920.267238,1,-4,-117
1767172920.277238,2,-1,-127
1767172920.287238,2,4,-129
1767172920.297238,6,5,-130
1767172920.307238,4,10,-130
1767172920.317238,1,8,-133
1767172920.327238,2,4,-135
1767172920.337238,4,1,-135
1767172920.347238,0,2,-133
1767172920.357238,2,2,-139
1767172920.367238,4,-1,-139
1767172920.377238,1,1,-138
1767172920.3872385,0,0,-138
1767172920.3972385,-2,2,-130
1767172920.4072382,-5,2,-132
1767172920.4172382,-5,1,-131
1767172920.4272382,-5,2,-129
1767172920.4372382,-6,3,-131
1767172920.4472382,-9,-2,-141
1767172920.4572382,-8,-7,-142
1767172920.4672382,-9,-3,-136
1767172920.4772382,-11,-1,-134
1767172920.4872382,-8,0,-135
1767172920.4972382,-10,-4,-129
1767172920.507238,-10,-4,-128
1767172920.517238,-10,-3,-127
1767172920.527238,-7,-4,-127
1767172920.537238,-5,-6,-125
1767172920.547238,-3,-5,-124
1767172920.557238,-2,-4,-123
1767172920.567238,1,-5,-128
1767172920.577238,0,-5,-133
1767172920.587238,1,-4,-135
1767172920.597238,-1,-2,-132
1767172920.607238,0,-2,-131
1767172920.617238,-1,2,-133
1767172920.627238,1,3,-138
1767172920.6372385,-2,3,-134
1767172920.6472385,-1,4,-136
1767172920.6572382,2,0,-136
1767172920.6672382,2,2,-136
1767172920.6772382,2,-1,-132
1767172920.6872382,2,-4,-133
1767172920.6972382,0,-6,-131
1767172920.7072382,-5,-5,-130
1767172920.7172382,-3,-6,-131
1767172920.7272382,-4,-7,-130
1767172920.7372382,0,-10,-126
1767172920.7472382,0,-4,-130
1767172920.757238,5,-8,-136
1767172920.767238,3,-7,-136
1767172920.777238,-1,-4,-135
1767172920.787238,-3,-4,-126
1767172920.797238,-2,-2,-130
1767172920.807238,-2,-1,-127
1767172920.817238,-3,-6,-125
1767172920.827238,-3,-9,-128
1767172920.837238,-3,-11,-120
1767172920.847238,-2,-10,-122
1767172920.857238,0,-10,-127
1767172920.867238,-3,-7,-127
1767172920.877238,-4,-7,-125
1767172920.8872385,0,-7,-122
1767172920.8972385,3,-11,-127
1767172920.9072382,1,-12,-128
1767172920.9172382,1,-9,-131
1767172920.9272382,-4,-8,-133
1767172920.9372382,-7,-8,-137
1767172920.9472382,-3,-7,-129
1767172920.9572382,-2,-10,-132
1767172920.9672382,0,-8,-131
1767172920.9772382,-2,-8,-134
1767172920.9872382,-4,-11,-124
1767172920.9972382,-3,-15,-127
1767172921.007238,0,-14,-132
1767172921.017238,3,-12,-135
1767172921.027238,8,-9,-138
1767172921.037238,9,-6,-138
1767172921.047238,5,-1,-138
1767172921.057238,5,0,-136
1767172921.067238,6,-2,-136
1767172921.077238,4,2,-135
1767172921.087238,-1,0,-136
1767172921.097238,-4,0,-132
1767172921.107238,-4,-1,-128
1767172921.117238,-2,0,-128
1767172921.127238,1,-1,-128
1767172921.1372385,1,-3,-123
1767172921.1472385,-2,0,-125
1767172921.1572382,-4,4,-129
1767172921.1672382,-5,0,-125
1767172921.1772382,-3,-4,-126
1767172921.1872382,-3,-9,-132
1767172921.1972382,0,-5,-135
1767172921.2072382,0,-2,-135
1767172921.2172382,0,-4,-138
1767172921.2272382,4,-4,-138
1767172921.2372382,1,-7,-133
1767172921.2472382,0,-6,-132
1767172921.257238,1,-6,-135
1767172921.267238,-4,-6,-135
1767172921.277238,-5,-7,-129
1767172921.287238,-7,1,-132
1767172921.297238,-2,6,-129
1767172921.307238,1,6,-133
1767172921.317238,6,2,-135
1767172921.327238,5,0,-133
1767172921.337238,2,4,-135
1767172921.347238,3,1,-133
1767172921.357238,4,3,-127
1767172921.367238,0,5,-126
1767172921.377238,2,5,-127
1767172921.3872385,4,3,-123
1767172921.3972385,5,1,-123
1767172921.4072382,3,0,-117
1767172921.4172382,-3,0,-120
1767172921.4272382,-2,-2,-113
1767172921.4372382,0,1,-120
1767172921.4472382,0,1,-131
1767172921.4572382,0,0,-137
1767172921.4672382,-2,-3,-137
1767172921.4772382,1,-4,-138
1767172921.4872382,1,-6,-144
1767172921.4972382,5,-7,-147
1767172921.507238,2,-6,-146
1767172921.517238,4,-5,-142
1767172921.527238,5,-9,-140
1767172921.537238,2,-13,-136
1767172921.547238,0,-8,-131
1767172921.557238,2,-9,-132
1767172921.567238,0,-11,-133
1767172921.577238,-2,-5,-135
1767172921.587238,-1,-4,-133
1767172921.597238,-1,-8,-133
1767172921.607238,-5,-10,-132
1767172921.617238,-5,-3,-133
1767172921.627238,-1,-4,-130
1767172921.6372385,-1,-7,-133
1767172921.6472385,-5,-9,-135
1767172921.6572382,0,-9,-135
1767172921.6672382,3,-9,-128
1767172921.6772382,1,-5,-127
1767172921.6872382,-1,-8,-134
1767172921.6972382,0,-7,-137
1767172921.7072382,-7,-4,-132
1767172921.7172382,-9,0,-133
1767172921.7272382,-4,5,-131
1767172921.7372382,-4,5,-132
1767172921.7472382,-2,2,-137
1767172921.757238,-8,3,-137
1767172921.767238,-7,1,-134
1767172921.777238,-7,0,-130
1767172921.787238,-7,0,-124
1767172921.797238,-9,-1,-127
1767172921.807238,-8,-5,-128
1767172921.817238,-10,-1,-123
1767172921.827238,-7,-2,-125
1767172921.837238,-7,-7,-128
1767172921.847238,-4,-3,-128
1767172921.857238,-4,-2,-135
1767172921.867238,-4,-8,-130
1767172921.877238,0,-3,-126
1767172921.8872385,0,-1,-128
1767172921.8972385,0,1,-127
1767172921.9072382,-1,1,-130
1767172921.9172382,-1,1,-125
1767172921.9272382,-1,0,-132
1767172921.9372382,-3,0,-136
1767172921.9472382,-3,-8,-133
1767172921.9572382,-3,-7,-123
1767172921.9672382,-1,-7,-126
1767172921.9772382,1,-4,-129
1767172921.9872382,2,-1,-120
1767172921.9972382,6,1,-130
1767172922.007238,5,0,-127
1767172922.017238,0,0,-126
1767172922.027238,-2,0,-127
1767172922.037238,-5,0,-131
1767172922.047238,-2,1,-141
1767172922.057238,0,5,-141
1767172922.067238,3,6,-143
1767172922.077238,4,4,-147
1767172922.087238,5,0,-144
1767172922.097238,4,-3,-142
1767172922.107238,3,-5,-141
1767172922.117238,6,-7,-137
1767172922.127238,5,-5,-136
1767172922.1372385,0,-1,-134
1767172922.1472385,-5,-2,-133
1767172922.1572382,-1,-4,-133
1767172922.1672382,0,-3,-138
1767172922.1772382,-2,-3,-133
1767172922.1872382,-7,-8,-132
1767172922.1972382,-3,-8,-134
1767172922.2072382,-3,-3,-133
1767172922.2172382,-1,-5,-134
1767172922.2272382,0,-3,-123
1767172922.2372382,-6,0,-123
1767172922.2472382,-8,-2,-126
1767172922.257238,-6,-6,-127
1767172922.267238,-4,-6,-132
1767172922.277238,-9,-8,-127
1767172922.287238,-6,-6,-127
1767172922.297238,-4,0,-132
1767172922.307238,-4,-4,-128
1767172922.317238,-3,-5,-127
1767172922.327238,0,-4,-127
1767172922.337238,0,-7,-124
1767172922.347238,3,-5,-131
1767172922.357238,3,1,-134
1767172922.367238,1,0,-136
1767172922.377238,0,1,-132
1767172922.3872385,-3,2,-122
1767172922.3972385,-3,3,-116
1767172922.4072382,-5,0,-119
1767172922.4172382,-11,0,-124
1767172922.4272382,-7,4,-129
1767172922.4372382,-5,-1,-126
1767172922.4472382,-4,-6,-128
1767172922.4572382,-3,-6,-123
1767172922.4672382,-4,-3,-116
1767172922.4772382,-1,-2,-118
1767172922.4872382,-4,-3,-125
1767172922.4972382,-4,-1,-128
1767172922.507238,-5,-1,-130
1767172922.517238,-8,1,-131
1767172922.527238,-7,0,-131
1767172922.537238,-5,2,-128
1767172922.547238,-3,1,-120
1767172922.557238,-4,0,-118
1767172922.567238,-2,1,-120
1767172922.577238,-3,-1,-124
1767172922.587238,-1,1,-131
1767172922.597238,-2,0,-136
1767172922.607238,0,-4,-133
1767172922.617238,-1,-2,-129
1767172922.627238,-2,0,-134
1767172922.6372385,-8,1,-128
1767172922.6472385,-2,0,-126
1767172922.6572382,-3,1,-125
1767172922.6672382,-3,-5,-127
1767172922.6772382,-7,-2,-124
1767172922.6872382,-6,-5,-124
1767172922.6972382,-9,-6,-129
1767172922.7072382,-8,-7,-123
1767172922.7172382,-7,-5,-124
1767172922.7272382,-6,-3,-127
1767172922.7372382,-3,-4,-126
1767172922.7472382,-1,0,-126
1767172922.757238,0,0,-130
1767172922.767238,0,1,-134
1767172922.777238,-1,-2,-131
1767172922.787238,-2,0,-130
1767172922.797238,-5,0,-126
1767172922.807238,-5,1,-129
1767172922.8182385,-3,-1,-127
1767172922.827238,-7,0,-120
1767172922.8382382,-3,-3,-123
1767172922.8482382,-4,-3,-125
1767172922.8582382,-4,-1,-137
1767172922.8682382,-5,0,-135
1767172922.8782382,-4,3,-136
1767172922.8882382,-4,5,-141
1767172922.8982382,-5,6,-139
1767172922.9082382,-1,1,-139
1767172922.9182382,-1,-1,-135
1767172922.9282382,-4,-5,-136
1767172922.938238,-2,-5,-132
1767172922.948238,-2,-3,-133
1767172922.958238,-2,-6,-129
1767172922.968238,-2,0,-128
1767172922.978238,-6,-4,-126
1767172922.988238,-2,-4,-128
1767172922.998238,-6,-4,-129
1767172923.008238,-3,-1,-126
1767172923.018238,0,0,-129
1767172923.028238,-3,-3,-137
1767172923.038238,0,-3,-138
1767172923.048238,0,-3,-137
1767172923.0582385,-3,-4,-139
1767172923.0682385,-3,-2,-140
1767172923.0782382,-2,-1,-136
1767172923.0882382,0,0,-138
1767172923.0982382,-3,-1,-141
1767172923.1082382,-5,-2,-134
1767172923.1182382,-6,0,-129
1767172923.1282382,-6,-2,-130
1767172923.1382382,-7,0,-129
1767172923.1482382,-10,1,-133
1767172923.1582382,-7,1,-136
1767172923.1682382,-6,-1,-131
1767172923.1782382,-3,-6,-132
1767172923.188238,-3,-8,-140
1767172923.198238,-5,-7,-146
1767172923.208238,-3,-2,-143
1767172923.218238,0,-1,-134
1767172923.228238,-2,0,-136
1767172923.238238,-1,2,-132
1767172923.248238,-5,-2,-130
1767172923.258238,-1,0,-122
1767172923.268238,0,2,-126
1767172923.278238,0,0,-130
1767172923.288238,3,-1,-130
1767172923.298238,-2,-3,-132
1767172923.3082385,0,0,-136
1767172923.3182385,-2,0,-133
1767172923.3282382,-4,0,-126
1767172923.3382382,-4,-3,-133
1767172923.3482382,-3,-3,-132
1767172923.3582382,2,-2,-135
1767172923.3682382,0,0,-137
1767172923.3782382,0,2,-134
1767172923.3882382,1,2,-130
1767172923.3982382,-2,2,-137
1767172923.4082382,-1,2,-136
1767172923.4182382,0,5,-136
1767172923.4282382,-4,7,-134
1767172923.438238,-3,5,-130
1767172923.448238,-3,6,-129
1767172923.458238,-3,7,-131
1767172923.468238,-3,5,-137
1767172923.478238,-6,1,-133
1767172923.488238,0,0,-134
1767172923.498238,0,4,-139
1767172923.508238,1,5,-142
1767172923.518238,2,2,-140
1767172923.528238,3,7,-129
1767172923.538238,1,7,-125
1767172923.548238,2,4,-123
1767172923.5582385,0,0,-122
1767172923.5682385,-5,0,-117
1767172923.5782382,-4,-3,-125
1767172923.5882382,-2,-6,-125
1767172923.5982382,-7,-2,-139
1767172923.6082382,-6,0,-146
1767172923.6182382,-2,-1,-138
1767172923.6282382,-2,-1,-133
1767172923.6382382,-1,-1,-134
1767172923.6482382,0,-4,-131
1767172923.6582382,0,-3,-126
1767172923.6682382,-1,-4,-131
1767172923.6782382,-2,-5,-135
1767172923.688238,-3,-7,-133
1767172923.698238,-2,-2,-133
1767172923.708238,0,0,-129
1767172923.718238,4,0,-130
1767172923.728238,4,0,-142
1767172923.738238,4,-1,-142
1767172923.748238,2,0,-138
1767172923.758238,-1,1,-141
1767172923.768238,0,2,-136
1767172923.778238,0,7,-128
1767172923.788238,0,3,-130
1767172923.798238,5,4,-132
1767172923.8082385,0,4,-136
1767172923.8182385,-4,6,-137
1767172923.8282382,-3,4,-136
1767172923.8382382,-2,8,-138
1767172923.8482382,-3,2,-137
1767172923.8582382,3,1,-132
1767172923.8682382,1,2,-132
1767172923.8782382,1,1,-135
1767172923.8882382,2,2,-133
1767172923.8982382,3,2,-139
1767172923.9082382,2,0,-137
1767172923.9182382,1,3,-137
1767172923.9282382,4,0,-134
1767172923.938238,7,-2,-127
1767172923.948238,7,-2,-124
1767172923.958238,5,-3,-123
1767172923.968238,10,0,-126
1767172923.978238,10,0,-123
1767172923.988238,7,-3,-126
1767172923.998238,9,0,-136
1767172924.008238,6,-2,-141
1767172924.018238,3,2,-143
1767172924.028238,1,4,-134
1767172924.038238,-3,3,-129
1767172924.048238,-4,-2,-129
1767172924.0582385,-4,-6,-129
1767172924.0682385,-2,-5,-133
1767172924.0782382,0,-6,-139
1767172924.0882382,-5,-4,-141
1767172924.0982382,0,-4,-137
1767172924.1082382,2,-2,-137
1767172924.1182382,3,-2,-137
1767172924.1282382,1,-6,-135
1767172924.1382382,1,-3,-136
1767172924.1482382,0,-2,-135
1767172924.1582382,2,-5,-137
1767172924.1682382,1,-6,-136
1767172924.1782382,-2,-9,-134
1767172924.188238,-5,-9,-139
1767172924.198238,-8,-7,-136
1767172924.208238,-10,-4,-133
1767172924.218238,-6,-3,-138
1767172924.228238,-6,-2,-132
1767172924.238238,0,-6,-127
1767172924.248238,2,-1,-131
1767172924.258238,0,-1,-132
1767172924.268238,1,-3,-134
1767172924.278238,3,-5,-131
1767172924.288238,0,-9,-130
1767172924.298238,-4,-5,-126
1767172924.3082385,-3,-3,-123
1767172924.3182385,-2,-1,-127
1767172924.3282382,-1,0,-130
1767172924.3382382,0,0,-130
1767172924.3482382,0,1,-129
1767172924.3582382,1,1,-123
1767172924.3682382,3,3,-120
1767172924.3782382,4,0,-125
1767172924.3882382,0,0,-128
1767172924.3982382,0,-4,-123
1767172924.4082382,-3,-6,-123
1767172924.4182382,-9,-8,-125
1767172924.4282382,-2,-5,-126
1767172924.438238,-1,-8,-130
1767172924.448238,0,-7,-130
1767172924.458238,0,0,-134
1767172924.468238,-2,2,-131
1767172924.478238,0,-1,-135
1767172924.488238,5,-2,-139
1767172924.498238,0,-3,-137
1767172924.508238,0,0,-134
1767172924.518238,-1,0,-138
1767172924.528238,0,-3,-135
1767172924.538238,-4,1,-132
1767172924.548238,-2,0,-130
1767172924.5582385,0,0,-123
1767172924.5682385,-1,-1,-122
1767172924.590238,-1,0,-136
1767172924.5982382,0,0,-131
1767172924.6082382,0,-3,-133
1767172924.6182382,1,-4,-122
1767172924.6282382,0,-6,-123
1767172924.6382382,-4,-6,-125
1767172924.6482382,-7,-5,-125
1767172924.6582382,-10,-5,-125
1767172924.6682382,-10,-8,-125
1767172924.6782382,-6,-9,-125
1767172924.688238,-4,-4,-122
1767172924.698238,-4,-2,-121
1767172924.708238,-3,-2,-121
1767172924.718238,-1,-2,-127
1767172924.728238,-1,-2,-131
1767172924.738238,1,-3,-135
1767172924.748238,6,-3,-138
1767172924.758238,4,0,-128
1767172924.768238,0,0,-124
1767172924.778238,-2,0,-132
1767172924.788238,-2,1,-132
1767172924.798238,-1,5,-135
1767172924.8082385,0,3,-136
1767172924.8182385,7,-4,-131
1767172924.8282382,6,-1,-129
1767172924.8382382,5,-2,-132
1767172924.8482382,2,-3,-137
1767172924.8582382,1,-4,-141
1767172924.8682382,-1,-5,-140
1767172924.8782382,-2,-2,-138
1767172924.8882382,-6,0,-134
1767172924.8982382,-5,-1,-134
1767172924.9082382,-5,0,-128
1767172924.9182382,-7,1,-129
1767172924.9282382,-4,4,-136
1767172924.938238,-4,6,-125
1767172924.948238,-4,4,-120
1767172924.958238,-4,2,-121
1767172924.968238,-2,1,-128
1767172924.978238,-1,1,-132
1767172924.988238,-3,2,-130
1767172924.998238,-1,3,-132
1767172925.008238,-1,0,-133
1767172925.018238,-1,1,-129
1767172925.028238,-2,-4,-132
1767172925.038238,-4,-7,-139
1767172925.048238,-3,-4,-135
1767172925.0582385,-4,-3,-131
1767172925.0682385,-3,-4,-129
1767172925.0782382,-1,-2,-130
1767172925.0882382,1,-3,-133
1767172925.0982382,1,-2,-131
1767172925.1082382,0,-5,-136
1767172925.1182382,-1,-4,-140
1767172925.1282382,-4,-3,-140
1767172925.1382382,-1,0,-135
1767172925.1482382,-1,-1,-134
1767172925.1582382,-3,0,-139
1767172925.1682382,-5,-4,-135
1767172925.1782382,-7,-2,-131
1767172925.188238,-4,-3,-132
1767172925.198238,-2,3,-131
1767172925.208238,2,1,-125
1767172925.218238,3,3,-121
1767172925.228238,5,1,-131
1767172925.238238,7,1,-135
1767172925.248238,0,0,-132
1767172925.258238,3,-3,-137
1767172925.268238,7,-3,-135
1767172925.278238,4,-2,-136
1767172925.288238,1,-5,-132
1767172925.298238,0,-2,-135
1767172925.3082385,-3,-2,-135
1767172925.3182385,1,-1,-135
1767172925.3282382,1,0,-138
1767172925.3382382,-2,-1,-135
1767172925.3482382,0,-1,-136
1767172925.3582382,-1,-1,-135
1767172925.3682382,-2,0,-135
1767172925.3782382,-2,0,-131
1767172925.3882382,0,3,-131
1767172925.3982382,-1,3,-132
1767172925.409238,1,7,-135
1767172925.419238,1,4,-140
1767172925.429238,1,2,-143
1767172925.439238,0,2,-139
1767172925.449238,-3,-2,-137
1767172925.459238,-7,-4,-136
1767172925.469238,-6,-1,-130
1767172925.4792385,-2,1,-130
1767172925.4892385,-3,2,-132
1767172925.4992385,-6,3,-132
1767172925.508238,-7,1,-125
1767172925.5192382,-8,-2,-126
1767172925.5292382,-5,-5,-125
1767172925.5392382,-6,-7,-129
1767172925.5492382,-4,-10,-133
1767172925.5592382,-6,-8,-134
1767172925.5692382,-6,-6,-139
1767172925.5792382,-2,-6,-142
1767172925.5892382,0,-9,-141
1767172925.5992382,0,-5,-140
1767172925.609238,-3,0,-138
1767172925.619238,-7,-3,-135
1767172925.629238,-8,-6,-137
1767172925.639238,-7,-7,-137
1767172925.649238,-5,-8,-130
1767172925.659238,-7,-3,-129
1767172925.669238,-6,-2,-129
1767172925.679238,-2,-2,-126
1767172925.689238,3,-2,-127
1767172925.699238,0,-4,-130
1767172925.709238,-1,-3,-131
1767172925.719238,0,-2,-132
1767172925.7292385,2,-5,-133
1767172925.7392385,1,-7,-137
1767172925.7492385,2,-5,-129
1767172925.7592382,0,-5,-128
1767172925.7692382,0,-3,-130
1767172925.7792382,-1,-5,-130
1767172925.7892382,-2,-8,-131
1767172925.7992382,-4,-4,-132
1767172925.8092382,0,-3,-126
1767172925.8192382,3,-4,-129
1767172925.8292382,2,-7,-136
1767172925.8392382,0,-3,-140
1767172925.8492382,2,-2,-139
1767172925.859238,0,1,-135
1767172925.869238,0,-1,-137
1767172925.879238,-1,-4,-135
1767172925.889238,-3,0,-133
1767172925.899238,1,0,-133
1767172925.909238,-3,-4,-134
1767172925.919238,0,-4,-135
1767172925.929238,1,-4,-128
1767172925.939238,1,-2,-129
1767172925.949238,4,-1,-132
1767172925.959238,6,0,-129
1767172925.969238,4,1,-123
1767172925.9792385,2,1,-123
1767172925.9892385,0,-1,-123
1767172925.9992385,-2,-1,-129
1767172926.0092382,0,-1,-140
1767172926.0192382,0,-2,-146
1767172926.0292382,1,-2,-145
1767172926.0392382,3,2,-140
1767172926.0492382,-3,0,-136
1767172926.0592382,0,-1,-142
1767172926.0692382,2,3,-144
1767172926.0792382,-5,0,-139
1767172926.0892382,-5,-1,-138
1767172926.0992382,-4,1,-137
1767172926.109238,-5,3,-133
1767172926.119238,-2,6,-137
1767172926.129238,0,3,-137
1767172926.139238,-3,1,-136
1767172926.149238,-4,-2,-130
1767172926.159238,-1,-6,-131
1767172926.169238,0,-6,-130
1767172926.179238,5,-8,-131
1767172926.189238,4,-9,-128
1767172926.199238,1,-9,-126
1767172926.209238,-4,-6,-132
1767172926.219238,-2,-3,-134
1767172926.2292385,-1,-2,-131
1767172926.2392385,-2,-4,-130
1767172926.2492385,-3,-5,-132
1767172926.2592382,0,-7,-137
1767172926.2692382,0,-6,-137
1767172926.2792382,4,-6,-138
1767172926.2892382,6,-6,-137
1767172926.2992382,5,-8,-138
1767172926.3092382,5,-9,-136
1767172926.3192382,5,-7,-132
1767172926.3292382,7,-11,-133
1767172926.3392382,8,-5,-134
1767172926.3492382,6,-4,-129
1767172926.359238,7,-3,-129
1767172926.369238,7,-4,-126
1767172926.379238,3,-4,-133
1767172926.389238,3,-3,-135
1767172926.399238,-2,-2,-133
1767172926.409238,-2,-4,-138
1767172926.419238,-1,-1,-143
1767172926.429238,-2,-3,-152
1767172926.439238,0,-5,-145
1767172926.449238,-3,-7,-141
1767172926.459238,1,-5,-138
1767172926.469238,1,-5,-132
1767172926.4792385,0,-6,-131
1767172926.4892385,2,-8,-136
1767172926.4992385,5,-5,-136
1767172926.5092382,3,-5,-129
1767172926.5192382,5,0,-133
1767172926.5292382,2,-2,-138
1767172926.5392382,-2,-4,-141
1767172926.5492382,-4,-8,-138
1767172926.5592382,-4,-5,-135
1767172926.5692382,-6,-4,-135
1767172926.5792382,-5,-3,-138
1767172926.5892382,-2,-8,-140
1767172926.5992382,0,-6,-131
1767172926.609238,2,0,-131
1767172926.619238,0,0,-125
1767172926.629238,3,-3,-129
1767172926.639238,1,-3,-129
1767172926.649238,0,0,-129
1767172926.659238,-2,-1,-131
1767172926.669238,-3,-2,-127
1767172926.679238,-2,-2,-131
1767172926.689238,-2,-2,-135
1767172926.699238,-6,-6,-139
1767172926.709238,-3,-6,-134
1767172926.719238,-2,-1,-128
1767172926.7292385,-5,-4,-129
1767172926.7392385,-7,-10,-130
1767172926.7492385,-9,-6,-128
1767172926.7592382,-8,-5,-126
1767172926.7692382,-7,-4,-122
1767172926.7792382,-5,-6,-123
1767172926.7892382,0,-7,-128
1767172926.7992382,1,-5,-132
1767172926.8092382,2,-8,-127
1767172926.8192382,1,-9,-130
1767172926.8292382,0,-8,-128
1767172926.8392382,1,-6,-135
1767172926.8492382,0,-4,-136
1767172926.859238,3,-4,-136
1767172926.869238,3,1,-137
1767172926.879238,4,5,-132
1767172926.889238,2,2,-130
1767172926.899238,5,1,-137
1767172926.909238,1,1,-132
1767172926.919238,1,-4,-128
1767172926.929238,0,-1,-131
1767172926.939238,-2,1,-129
1767172926.949238,-1,0,-130
1767172926.959238,1,-1,-125
1767172926.969238,6,-2,-127
1767172926.9792385,7,-1,-131
1767172926.9892385,5,0,-129
1767172926.9992385,5,0,-129
1767172927.0092382,5,3,-128
1767172927.0192382,11,0,-128
1767172927.0292382,8,0,-124
1767172927.0392382,5,0,-125
1767172927.0492382,0,-2,-128
1767172927.0592382,3,-5,-132
1767172927.0692382,4,0,-135
1767172927.0792382,3,0,-135
1767172927.0892382,2,-3,-132
1767172927.0992382,0,-2,-137
1767172927.109238,0,3,-136
1767172927.119238,0,1,-138
1767172927.129238,-1,1,-141
1767172927.139238,-3,1,-141
1767172927.149238,-4,0,-139
1767172927.159238,-3,3,-135
1767172927.169238,0,0,-136
1767172927.179238,1,1,-139
1767172927.189238,0,0,-139
1767172927.199238,1,0,-135
1767172927.209238,2,0,-131
1767172927.219238,-2,1,-125
1767172927.2292385,-1,0,-126
1767172927.2392385,0,-3,-122
1767172927.2492385,-1,-7,-125
1767172927.2592382,0,-10,-123
1767172927.2692382,3,-9,-126
1767172927.2792382,0,-7,-129
1767172927.2892382,-4,-5,-134
1767172927.2992382,-4,-10,-139
1767172927.3092382,-4,-9,-130
1767172927.3192382,-3,-6,-126
1767172927.3292382,-1,-7,-127
1767172927.3392382,0,-4,-130
1767172927.3492382,0,-3,-126
1767172927.359238,2,-1,-136
1767172927.369238,0,-3,-133
1767172927.379238,0,-7,-135
1767172927.389238,-2,-7,-132
1767172927.399238,-5,-2,-129
1767172927.409238,-5,-1,-128
1767172927.419238,-5,-4,-127
1767172927.429238,-7,-6,-127
1767172927.439238,-1,-5,-129
1767172927.449238,-4,-6,-134
1767172927.459238,-3,-1,-129
1767172927.469238,0,2,-132
1767172927.4792385,2,2,-131
1767172927.4892385,2,7,-134
1767172927.4992385,0,6,-139
1767172927.5092382,1,4,-137
1767172927.5192382,-1,2,-136
1767172927.5292382,-3,3,-131
1767172927.5392382,-5,-2,-133
1767172927.5492382,-1,-4,-137
1767172927.5592382,2,-7,-139
1767172927.5692382,3,-10,-135
1767172927.5792382,2,-5,-132
1767172927.5892382,0,-3,-128
1767172927.5992382,-1,2,-125
1767172927.609238,-1,0,-128
1767172927.619238,2,-1,-128
1767172927.629238,4,-1,-128
1767172927.639238,7,-1,-125
1767172927.649238,9,-4,-123
1767172927.659238,5,-3,-121
1767172927.669238,6,0,-125
1767172927.679238,7,4,-129
1767172927.689238,7,1,-127
1767172927.699238,6,0,-131
1767172927.709238,2,-3,-131
1767172927.719238,0,-1,-130
1767172927.7292385,0,-2,-131
1767172927.7392385,-1,-1,-131
1767172927.7492385,-2,0,-137
1767172927.7592382,-8,0,-137
1767172927.7692382,-5,2,-134
1767172927.7792382,-6,2,-136
1767172927.7892382,-4,-2,-135
1767172927.7992382,-2,1,-128
1767172927.8092382,0,6,-125
1767172927.8192382,1,2,-123
1767172927.8292382,5,3,-120
1767172927.8392382,8,2,-120
1767172927.8492382,8,-1,-122
1767172927.859238,7,3,-128
1767172927.869238,7,0,-128
1767172927.879238,2,-2,-134
1767172927.889238,0,-4,-134
1767172927.899238,5,-3,-138
1767172927.909238,5,0,-142
1767172927.919238,4,-1,-139
1767172927.929238,6,0,-132
1767172927.939238,3,-4,-124
1767172927.949238,3,-3,-120
1767172927.959238,2,1,-118
1767172927.969238,4,4,-116
1767172927.9792385,4,4,-112
1767172927.9892385,4,4,-122
1767172927.9992385,1,3,-128
1767172928.0092382,3,0,-127
1767172928.0192382,-1,-3,-128
1767172928.0302382,-1,-4,-124
1767172928.040238,-1,-1,-123
1767172928.050238,-5,0,-134
1767172928.060238,-6,0,-133
1767172928.070238,-6,-2,-135
1767172928.080238,-3,-3,-131
1767172928.090238,-4,-4,-129
1767172928.100238,-9,-6,-128
1767172928.110238,-7,-6,-132
1767172928.120238,-5,-3,-141
1767172928.130238,-7,-1,-140
1767172928.140238,-5,1,-136
1767172928.150238,0,-1,-134
1767172928.1602385,0,-5,-142
1767172928.1702385,-2,-6,-140
1767172928.1802382,-2,-6,-134
1767172928.1902382,-3,-4,-132
1767172928.2002382,-3,-2,-132
1767172928.2102382,-5,-4,-130
1767172928.2202382,-6,-2,-130
1767172928.2302382,-4,-3,-133
1767172928.2402382,-4,-4,-135
1767172928.2502382,-6,-6,-133
1767172928.2602382,-2,-8,-133
1767172928.2702382,-4,-7,-132
1767172928.2802382,-4,-6,-129
1767172928.290238,-2,0,-133
1767172928.300238,-1,-3,-133
1767172928.310238,-1,-5,-136
1767172928.320238,-5,-4,-133
1767172928.330238,-3,-2,-136
1767172928.340238,-3,-3,-138
1767172928.350238,-3,-7,-142
1767172928.360238,-4,-8,-138
1767172928.370238,-3,-6,-135
1767172928.380238,1,-4,-136
1767172928.390238,4,0,-131
1767172928.400238,4,0,-128
1767172928.4102385,4,1,-127
1767172928.4202385,4,1,-127
1767172928.4302382,3,1,-122
1767172928.4402382,0,0,-117
1767172928.4502382,0,0,-123
1767172928.4602382,-1,1,-125
1767172928.4702382,1,-2,-128
1767172928.4802382,-1,-2,-126
1767172928.4902382,-3,-8,-120
1767172928.5002382,1,-4,-117
1767172928.5102382,4,-5,-128
1767172928.5202382,1,-5,-127
1767172928.5302382,1,-7,-127
1767172928.540238,6,-9,-124
1767172928.550238,6,-10,-126
1767172928.560238,4,-13,-121
1767172928.570238,0,-12,-123
1767172928.580238,-3,-8,-124
1767172928.590238,-1,-6,-130
1767172928.600238,0,-8,-133
1767172928.610238,-1,-9,-135
1767172928.620238,-1,-10,-134
1767172928.630238,0,-8,-135
1767172928.640238,0,-6,-131
1767172928.650238,0,-3,-128
1767172928.6602385,1,-2,-134
1767172928.6702385,0,-3,-140
1767172928.6802382,1,-1,-140
1767172928.6902382,0,-1,-148
1767172928.7002382,-2,-1,-154
1767172928.7102382,-2,-5,-151
1767172928.7202382,-1,-7,-147
1767172928.7302382,-3,-4,-146
1767172928.7402382,-4,-5,-153
1767172928.7502382,-4,-4,-148
1767172928.7602382,-3,-2,-145
1767172928.7702382,-7,-2,-144
1767172928.7802382,-6,-4,-139
1767172928.790238,-3,-3,-140
1767172928.800238,-1,-2,-140
1767172928.810238,2,-4,-137
1767172928.820238,4,-2,-132
1767172928.830238,5,-1,-130
1767172928.840238,6,-1,-129
1767172928.850238,1,1,-130
1767172928.860238,-3,0,-131
1767172928.870238,-5,2,-131
1767172928.880238,1,2,-131
1767172928.890238,0,3,-127
1767172928.900238,-1,2,-122
1767172928.9102385,-1,1,-119
1767172928.9202385,-1,2,-124
1767172928.9302382,3,-2,-126
1767172928.9402382,1,0,-121
1767172928.9502382,2,3,-121
1767172928.9602382,-3,1,-127
1767172928.9702382,-2,1,-126
1767172928.9802382,-1,1,-129
1767172928.9902382,-3,-4,-129
1767172929.0002382,-1,-4,-130
1767172929.0102382,0,-5,-130
1767172929.0202382,-2,-2,-128
1767172929.0302382,-6,-3,-130
1767172929.040238,-10,-4,-138
1767172929.050238,-10,-5,-135
1767172929.060238,-9,-5,-133
1767172929.070238,-6,-2,-131
1767172929.080238,-5,0,-133
1767172929.090238,0,3,-136
1767172929.100238,8,2,-140
1767172929.110238,5,1,-145
1767172929.120238,5,-3,-144
1767172929.130238,7,-1,-146
1767172929.140238,6,0,-141
1767172929.150238,5,0,-138
1767172929.1602385,2,0,-130
1767172929.1702385,0,1,-131
1767172929.1802382,2,0,-132
1767172929.1902382,1,-5,-130
1767172929.2002382,4,-14,-130
1767172929.2102382,5,-13,-128
1767172929.2202382,4,-12,-124
1767172929.2302382,0,-4,-124
1767172929.2402382,3,0,-122
1767172929.2502382,1,3,-118
1767172929.2602382,2,0,-124
1767172929.2702382,0,-2,-127
1767172929.2802382,4,-5,-129
1767172929.290238,0,-4,-125
1767172929.300238,0,-2,-132
1767172929.310238,-4,-6,-133
1767172929.320238,-7,-4,-133
1767172929.330238,-7,-2,-135
1767172929.340238,-4,-1,-139
1767172929.350238,-9,-4,-141
1767172929.360238,-12,-2,-139
1767172929.370238,-11,-1,-135
1767172929.380238,-10,-2,-130
1767172929.390238,-4,-4,-130
1767172929.400238,-2,-4,-128
1767172929.4102385,5,-2,-133
1767172929.4202385,4,-1,-135
1767172929.4302382,5,0,-130
1767172929.4402382,0,1,-128
1767172929.4502382,4,-1,-126
1767172929.4602382,8,-3,-130
1767172929.4702382,6,-3,-125
1767172929.4802382,0,-5,-129
1767172929.4902382,0,-1,-136
1767172929.5002382,0,0,-134
1767172929.5102382,-1,-3,-139
1767172929.5202382,-3,-3,-133
1767172929.5302382,-4,-1,-128
1767172929.540238,-5,-3,-128
1767172929.550238,-9,-2,-125
1767172929.560238,-7,-2,-116
1767172929.570238,-1,-3,-117
1767172929.580238,-4,-8,-123
1767172929.6012385,0,-8,-132
1767172929.610238,2,-4,-136
1767172929.620238,0,-4,-139
1767172929.630238,6,-5,-139
1767172929.640238,0,-5,-138
1767172929.650238,-6,-5,-132
1767172929.6602385,-7,-7,-132
1767172929.6702385,-5,-5,-129
1767172929.6802382,-1,-5,-130
1767172929.6902382,0,-6,-132
1767172929.7002382,1,-2,-133
1767172929.7102382,1,-1,-137
1767172929.7202382,-1,-2,-133
1767172929.7302382,-3,-5,-130
1767172929.7402382,-2,-4,-132
1767172929.7502382,0,-4,-129
1767172929.7602382,-1,-2,-132
1767172929.7702382,2,-2,-132
1767172929.7802382,3,-1,-134
1767172929.790238,0,-2,-141
1767172929.800238,0,-2,-140
1767172929.810238,0,0,-140
1767172929.820238,0,1,-145
1767172929.830238,-1,0,-143
1767172929.840238,0,-1,-140
1767172929.850238,0,0,-133
1767172929.860238,-1,0,-127
1767172929.870238,0,-3,-129
1767172929.880238,1,-3,-127
1767172929.890238,-3,-6,-126
1767172929.900238,-5,-8,-125
1767172929.9102385,-1,-8,-126
1767172929.9202385,0,-10,-125
1767172929.9302382,1,-10,-125
1767172929.9402382,2,-9,-127
1767172929.9502382,7,-9,-127
1767172929.9602382,2,-8,-124
1767172929.9702382,0,-10,-129
1767172929.9802382,2,-8,-133
1767172929.9902382,0,-4,-132
1767172930.0002382,0,-1,-125
1767172930.0102382,0,1,-132
1767172930.0202382,0,2,-131
1767172930.0302382,1,0,-134
1767172930.040238,-6,-2,-135
1767172930.050238,-7,-3,-129
1767172930.060238,-5,-7,-128
1767172930.070238,-1,-8,-125
1767172930.080238,5,-7,-126
1767172930.090238,6,-8,-127
1767172930.100238,8,-5,-138
1767172930.110238,3,-5,-145
1767172930.120238,-2,-1,-142
1767172930.130238,0,-1,-145
1767172930.140238,0,3,-139
1767172930.150238,-3,2,-137
1767172930.1602385,-2,5,-136
1767172930.1702385,-4,1,-133
1767172930.1802382,-4,-1,-129
1767172930.1902382,-3,-2,-136
1767172930.2002382,-1,2,-129
1767172930.2102382,0,1,-127
1767172930.2202382,-1,-1,-128
1767172930.2302382,0,-2,-125
1767172930.2402382,4,-4,-120
1767172930.2502382,1,-5,-115
1767172930.2602382,1,-7,-110
1767172930.2702382,0,-8,-116
1767172930.2802382,-1,-5,-123
1767172930.290238,-2,-3,-127
1767172930.300238,-1,0,-127
1767172930.310238,0,-6,-122
1767172930.320238,1,-8,-125
1767172930.330238,-1,-7,-117
1767172930.340238,-2,-6,-119
1767172930.350238,0,-6,-122
1767172930.360238,-2,-3,-118
1767172930.370238,-2,-5,-117
1767172930.380238,0,-4,-122
1767172930.390238,1,-2,-122
1767172930.400238,0,2,-129
1767172930.4102385,-2,-1,-130
1767172930.4202385,-3,-3,-129
1767172930.4302382,-3,-2,-132
1767172930.4402382,0,0,-127
1767172930.4502382,-5,0,-135
1767172930.4602382,-10,0,-131
1767172930.4702382,-8,0,-128
1767172930.4802382,-7,0,-122
1767172930.4902382,-7,-5,-121
1767172930.5002382,-7,-6,-117
1767172930.5102382,-5,-4,-112
1767172930.5202382,-8,-1,-110
1767172930.5302382,-6,0,-116
1767172930.540238,-5,0,-119
1767172930.550238,-4,0,-122
1767172930.560238,-2,0,-127
1767172930.570238,-2,-1,-126
1767172930.580238,-2,5,-127
1767172930.590238,1,7,-135
1767172930.600238,2,4,-132
1767172930.610238,3,2,-135
1767172930.620238,4,1,-138
1767172930.630238,6,0,-133
1767172930.6412382,2,-2,-133
1767172930.6512382,0,-1,-135
1767172930.6612382,0,0,-133
1767172930.6712382,0,-3,-126
1767172930.6812382,0,-4,-125
1767172930.6912382,0,1,-119
1767172930.7012382,3,0,-117
1767172930.711238,2,0,-115
1767172930.721238,9,0,-119
1767172930.731238,4,1,-126
1767172930.741238,8,3,-129
1767172930.751238,7,3,-133
1767172930.761238,3,0,-129
1767172930.771238,1,-4,-130
1767172930.781238,1,-5,-128
1767172930.791238,0,-2,-133
1767172930.801238,4,-1,-132
1767172930.811238,1,-1,-128
1767172930.821238,2,1,-130
1767172930.8312385,-1,3,-131
1767172930.8412385,-2,3,-130
1767172930.8512385,1,3,-132
1767172930.8612382,0,0,-135
1767172930.8712382,4,-1,-132
1767172930.8812382,5,0,-133
1767172930.8912382,2,4,-136
1767172930.9012382,1,4,-132
1767172930.9112382,1,3,-131
1767172930.9212382,0,3,-124
1767172930.9312382,3,4,-125
1767172930.9412382,3,4,-117
1767172930.9512382,7,2,-122
1767172930.961238,6,1,-122
1767172930.971238,5,0,-126
1767172930.981238,2,0,-121
1767172930.991238,0,1,-123
1767172931.001238,-4,4,-130
1767172931.011238,-3,2,-133
1767172931.021238,1,2,-129
1767172931.031238,4,-2,-129
1767172931.041238,3,3,-127
1767172931.051238,3,7,-133
1767172931.061238,-1,7,-132
1767172931.071238,-3,6,-134
1767172931.0812385,1,3,-137
1767172931.0912385,0,0,-137
1767172931.1012385,0,0,-136
1767172931.1112382,1,-3,-133
1767172931.1212382,-3,-2,-131
1767172931.1312382,0,-2,-131
1767172931.1412382,-1,-1,-124
1767172931.1512382,1,-4,-126
1767172931.1612382,6,-5,-125
1767172931.1712382,8,-6,-136
1767172931.1812382,7,-2,-136
1767172931.1912382,4,-1,-133
1767172931.2012382,3,-3,-125
1767172931.211238,4,-1,-120
1767172931.221238,-1,0,-117
1767172931.231238,-2,0,-121
1767172931.241238,0,4,-119
1767172931.251238,0,3,-128
1767172931.261238,-3,1,-129
1767172931.271238,-4,2,-134
1767172931.281238,-6,0,-136
1767172931.291238,-11,0,-131
1767172931.301238,-10,4,-129
1767172931.311238,-10,2,-133
1767172931.321238,-7,-3,-135
1767172931.3312385,-4,-2,-131
1767172931.3412385,-9,-5,-130
1767172931.3512385,-8,-3,-130
1767172931.3612382,-6,0,-125
1767172931.3712382,-6,3,-123
1767172931.3812382,-7,2,-124
1767172931.3912382,-8,0,-130
1767172931.4012382,-4,1,-130
1767172931.4112382,-2,2,-128
1767172931.4212382,0,1,-127
1767172931.4312382,-1,2,-128
1767172931.4412382,-1,-4,-128
1767172931.4512382,0,-3,-126
1767172931.461238,0,-1,-128
1767172931.471238,1,0,-129
1767172931.481238,0,1,-130
1767172931.491238,3,-2,-131
1767172931.501238,4,-5,-130
1767172931.511238,6,-3,-127
1767172931.521238,7,-2,-133
1767172931.531238,6,-5,-133
1767172931.541238,0,-6,-130
1767172931.551238,-2,-6,-126
1767172931.561238,0,-7,-128
1767172931.571238,-2,-4,-131
1767172931.5812385,-4,-6,-127
1767172931.5912385,0,-3,-126
1767172931.6012385,2,-4,-125
1767172931.6112382,-3,-4,-122
1767172931.6212382,-4,-3,-126
1767172931.6312382,-6,0,-132
1767172931.6412382,-6,1,-136
1767172931.6512382,-5,-2,-135
1767172931.6612382,-1,-3,-133
1767172931.6712382,2,-4,-138
1767172931.6812382,3,-7,-131
1767172931.6912382,-2,-8,-128
1767172931.7012382,-2,-5,-130
1767172931.711238,-3,-7,-129
1767172931.721238,-1,-4,-138
1767172931.731238,0,0,-139
1767172931.741238,-1,0,-138
1767172931.751238,-3,2,-132
1767172931.761238,-2,2,-129
1767172931.771238,-1,1,-125
1767172931.781238,1,0,-132
1767172931.791238,3,3,-135
1767172931.801238,0,0,-136
1767172931.811238,-1,-1,-140
1767172931.821238,-1,-1,-131
1767172931.8312385,-1,-4,-128
1767172931.8412385,-1,-3,-128
1767172931.8512385,-4,-1,-125
1767172931.8612382,-6,-5,-130
1767172931.8712382,-2,-3,-130
1767172931.8812382,-1,0,-131
1767172931.8912382,-6,-2,-136
1767172931.9012382,-6,-1,-136
1767172931.9112382,-8,-1,-136
1767172931.9212382,-4,-3,-132
1767172931.9312382,-1,-8,-131
1767172931.9412382,0,-11,-131
1767172931.9512382,-7,-8,-125
1767172931.961238,-3,-5,-122
1767172931.971238,-3,-9,-117
1767172931.981238,0,-9,-115
1767172931.991238,-3,-3,-121
1767172932.001238,-1,-4,-125
1767172932.011238,3,-6,-121
1767172932.021238,3,-9,-125
1767172932.031238,-3,-7,-134
1767172932.041238,-4,-8,-131
1767172932.051238,-5,-6,-132
1767172932.061238,-4,-4,-132
1767172932.071238,-3,-6,-136
1767172932.0812385,-1,-4,-136
1767172932.0912385,-1,-6,-136
1767172932.1012385,-6,-7,-132
1767172932.1112382,-7,-6,-131
1767172932.1212382,-5,-3,-131
1767172932.1312382,-6,-4,-132
1767172932.1412382,-5,-1,-131
1767172932.1512382,-4,-4,-129
1767172932.1612382,-6,-7,-139
1767172932.1712382,-3,-6,-135
1767172932.1812382,0,-7,-131
1767172932.1912382,4,-7,-134
1767172932.2012382,4,-10,-128
1767172932.211238,0,-7,-133
1767172932.221238,0,-6,-137
1767172932.231238,2,-4,-139
1767172932.241238,2,-6,-134
1767172932.251238,3,-3,-128
1767172932.261238,4,0,-133
1767172932.271238,-2,-1,-133
1767172932.281238,-1,-2,-132
1767172932.291238,1,-3,-134
1767172932.301238,-2,0,-139
1767172932.311238,-3,-5,-130
1767172932.321238,-3,-4,-134
1767172932.3312385,-2,0,-137
1767172932.3412385,-6,1,-137
1767172932.3512385,-6,-4,-135
1767172932.3612382,-4,0,-136
1767172932.3712382,0,2,-136
1767172932.3812382,2,5,-134
1767172932.3912382,-1,5,-128
1767172932.4012382,-7,5,-122
1767172932.4112382,-3,3,-129
1767172932.4212382,-1,2,-134
1767172932.4312382,-5,-1,-130
1767172932.4412382,-6,0,-130
1767172932.4512382,-8,2,-132
1767172932.461238,-11,1,-133
1767172932.471238,-10,0,-131
1767172932.481238,-5,0,-134
1767172932.491238,-2,0,-133
1767172932.501238,0,-1,-129
1767172932.511238,8,1,-129
1767172932.521238,12,-1,-134
1767172932.531238,9,-1,-132
1767172932.541238,9,-3,-133
1767172932.551238,5,0,-132
1767172932.561238,3,2,-131
1767172932.571238,1,3,-129
1767172932.5812385,2,1,-134
1767172932.5912385,5,1,-134
1767172932.6012385,3,0,-138
1767172932.6112382,5,1,-140
1767172932.6212382,5,2,-132
1767172932.6312382,3,4,-133
1767172932.6412382,2,-1,-138
1767172932.6512382,0,1,-138
1767172932.6612382,2,4,-137
1767172932.6712382,4,4,-136
1767172932.6812382,3,5,-136
1767172932.6912382,4,2,-132
1767172932.7012382,0,1,-124
1767172932.711238,0,2,-127
1767172932.721238,-4,0,-126
1767172932.731238,-7,0,-129
1767172932.741238,-7,-2,-130
1767172932.751238,-5,-5,-132
1767172932.761238,-3,-2,-132
1767172932.771238,0,-1,-129
1767172932.781238,-2,0,-135
1767172932.791238,2,-1,-139
1767172932.801238,7,2,-137
1767172932.811238,4,-1,-137
1767172932.821238,4,2,-132
1767172932.8312385,5,4,-127
1767172932.8412385,6,3,-131
1767172932.8512385,1,2,-127
1767172932.8612382,-1,-2,-131
1767172932.8712382,4,0,-129
1767172932.8812382,0,1,-130
1767172932.8912382,1,1,-130
1767172932.9012382,0,0,-125
1767172932.9112382,-6,0,-115
1767172932.9212382,-8,0,-123
1767172932.9312382,-7,0,-128
1767172932.9412382,-3,-1,-134
1767172932.9512382,1,-2,-138
1767172932.961238,0,-2,-132
1767172932.971238,1,-4,-126
1767172932.981238,0,-5,-122
1767172932.991238,0,-6,-120
1767172933.001238,-2,-4,-128
1767172933.011238,-4,0,-127
1767172933.021238,-5,-3,-130
1767172933.031238,-1,-4,-128
1767172933.041238,0,-3,-131
1767172933.051238,-4,-1,-135
1767172933.061238,0,2,-134
1767172933.071238,-1,0,-130
1767172933.0812385,0,1,-131
1767172933.0912385,0,3,-129
1767172933.1012385,0,2,-125
1767172933.1112382,0,1,-129
1767172933.1212382,-1,2,-128
1767172933.1312382,-1,0,-132
1767172933.1412382,-4,-3,-135
1767172933.1512382,-5,-6,-133
1767172933.1612382,-6,-3,-126
1767172933.1712382,-6,-5,-124
1767172933.1812382,-4,-2,-132
1767172933.1912382,-1,-4,-137
1767172933.2012382,-1,-2,-140
1767172933.211238,-2,-3,-148
1767172933.221238,-5,-7,-144
1767172933.231238,-7,-5,-148
1767172933.241238,-7,-5,-144
1767172933.252238,-5,-4,-138
1767172933.2622385,-5,1,-137
1767172933.2722385,-9,0,-129
1767172933.2822382,-5,0,-130
1767172933.2922382,3,-1,-131
1767172933.3022382,6,-4,-126
1767172933.3122382,-1,-5,-127
1767172933.3222382,0,-4,-127
1767172933.3322382,-2,-5,-128
1767172933.3422382,-3,-2,-130
1767172933.3522382,-6,0,-139
1767172933.3622382,-13,3,-137
1767172933.3722382,-20,5,-134
1767172933.382238,-19,4,-139
1767172933.392238,-14,7,-135
1767172933.402238,-9,0,-134
1767172933.412238,-5,-4,-137
1767172933.422238,-7,-1,-123
1767172933.432238,-5,0,-121
1767172933.442238,-3,0,-125
1767172933.452238,-10,-4,-129
1767172933.462238,-5,-4,-136
1767172933.472238,-1,-2,-132
1767172933.482238,1,0,-130
1767172933.492238,3,0,-131
1767172933.502238,-2,-2,-133
1767172933.5122385,3,-1,-128
1767172933.5222385,5,1,-124
1767172933.5322382,1,3,-128
1767172933.5422382,1,0,-132
1767172933.5522382,0,-1,-134
1767172933.5622382,-3,2,-132
1767172933.5722382,-1,2,-135
1767172933.5822382,-1,-2,-139
1767172933.5922382,-4,-2,-140
1767172933.6022382,-3,-3,-140
1767172933.6122382,-1,2,-138
1767172933.6222382,-3,-2,-135
1767172933.632238,-5,-4,-137
1767172933.642238,-3,-3,-129
1767172933.652238,-2,0,-129
1767172933.662238,-1,5,-130
1767172933.672238,-3,3,-131
1767172933.682238,-4,4,-136
1767172933.692238,-4,6,-137
1767172933.702238,-4,4,-137
1767172933.712238,-4,2,-141
1767172933.722238,-3,3,-142
1767172933.732238,-2,5,-140
1767172933.742238,-2,4,-134
1767172933.752238,-3,-1,-133
1767172933.7622385,-5,-8,-131
1767172933.7722385,0,-8,-137
1767172933.7822382,1,-8,-132
1767172933.7922382,0,-7,-136
1767172933.8022382,0,-8,-134
1767172933.8122382,2,-6,-129
1767172933.8222382,1,-4,-134
1767172933.8322382,1,-3,-133
1767172933.8422382,-1,-3,-136
1767172933.8522382,0,-2,-134
1767172933.8622382,3,-2,-140
1767172933.8722382,1,-3,-142
1767172933.882238,2,-6,-137
1767172933.892238,2,-4,-136
1767172933.902238,1,-2,-136
1767172933.912238,4,0,-132
1767172933.922238,5,2,-135
1767172933.932238,5,1,-135
1767172933.942238,5,1,-139
1767172933.952238,5,0,-134
1767172933.962238,3,-2,-131
1767172933.972238,3,-2,-133
1767172933.982238,1,-5,-133
1767172933.992238,-4,-7,-130
1767172934.002238,-6,-3,-133
1767172934.0122385,-3,-1,-131
1767172934.0222385,-6,-5,-133
1767172934.0322382,-5,-4,-134
1767172934.0422382,-5,-2,-130
1767172934.0522382,0,0,-129
1767172934.0622382,3,2,-133
1767172934.0722382,5,0,-130
1767172934.0822382,1,1,-126
1767172934.0922382,1,-2,-130
1767172934.1022382,0,-2,-132
1767172934.1122382,0,-2,-133
1767172934.1222382,4,-2,-130
1767172934.132238,-2,0,-137
1767172934.142238,0,-2,-141
1767172934.152238,0,-2,-138
1767172934.162238,4,-5,-129
1767172934.172238,1,-5,-131
1767172934.182238,0,-2,-137
1767172934.192238,1,-3,-140
1767172934.202238,2,0,-139
1767172934.212238,2,3,-143
1767172934.222238,0,0,-135
1767172934.232238,0,0,-132
1767172934.242238,0,-4,-131
1767172934.252238,-3,-10,-134
1767172934.2622385,-6,-10,-138
1767172934.2722385,-5,-9,-146
1767172934.2822382,-9,-11,-140
1767172934.2922382,-9,-7,-137
1767172934.3022382,-8,-5,-136
1767172934.3122382,-3,-7,-134
1767172934.3222382,0,-2,-132
1767172934.3322382,2,-4,-133
1767172934.3422382,-1,-3,-138
1767172934.3522382,1,-3,-133
1767172934.3622382,5,-2,-134
1767172934.3722382,3,-2,-134
1767172934.382238,0,-6,-129
1767172934.392238,1,-6,-127
1767172934.402238,0,-6,-132
1767172934.412238,3,-3,-133
1767172934.422238,2,-5,-131
1767172934.432238,2,-1,-121
1767172934.442238,3,-1,-121
1767172934.452238,0,-2,-125
1767172934.462238,0,-1,-127
1767172934.472238,2,-1,-123
1767172934.482238,1,-1,-122
1767172934.492238,2,-3,-121
1767172934.502238,2,-1,-128
1767172934.5122385,1,-3,-136
1767172934.5222385,-1,-3,-137
1767172934.5322382,-1,0,-141
1767172934.5422382,-2,0,-138
1767172934.5522382,0,2,-137
1767172934.5622382,-2,3,-142
1767172934.5722382,-5,2,-141
1767172934.5822382,-5,-2,-134
1767172934.5922382,-3,-3,-131
1767172934.6142385,-2,-2,-140
1767172934.6222382,-1,-4,-139
1767172934.632238,3,-6,-140
1767172934.642238,2,-7,-142
1767172934.652238,-1,-6,-139
1767172934.662238,-3,-5,-137
1767172934.672238,-2,-4,-137
1767172934.682238,-4,-2,-133
1767172934.692238,-5,-3,-129
1767172934.702238,-4,-4,-130
1767172934.712238,-3,-5,-130
1767172934.722238,0,-4,-132
1767172934.732238,0,0,-123
1767172934.742238,-3,2,-126
1767172934.752238,-5,2,-132
1767172934.7622385,-7,1,-132
1767172934.7722385,-8,2,-138
1767172934.7822382,-5,0,-138
1767172934.7922382,-2,-2,-136
1767172934.8022382,-1,-4,-136
1767172934.8122382,-4,-7,-140
1767172934.8222382,-2,-10,-137
1767172934.8322382,0,-4,-133
1767172934.8422382,0,-1,-124
1767172934.8522382,0,0,-124
1767172934.8622382,0,-1,-120
1767172934.8722382,-2,-4,-125
1767172934.882238,-1,-6,-127
1767172934.892238,1,-3,-130
1767172934.902238,1,-3,-130
1767172934.912238,1,-1,-129
1767172934.922238,-4,0,-128
1767172934.932238,-3,-2,-123
1767172934.942238,-2,-5,-124
1767172934.952238,-3,-8,-127
1767172934.962238,1,-4,-131
1767172934.972238,4,-7,-135
1767172934.982238,-1,-3,-137
1767172934.992238,0,-3,-138
1767172935.002238,-3,-6,-133
1767172935.0122385,-3,-5,-135
1767172935.0222385,-2,-7,-134
1767172935.0322382,0,0,-136
1767172935.0422382,1,-1,-135
1767172935.0522382,1,-3,-133
1767172935.0622382,-1,-10,-137
1767172935.0722382,0,-10,-129
1767172935.0822382,-3,-6,-123
1767172935.0922382,-6,-2,-128
1767172935.1022382,-7,-1,-130
1767172935.1122382,-7,-3,-131
1767172935.1222382,-7,-5,-135
1767172935.132238,-7,-7,-132
1767172935.142238,-10,-2,-129
1767172935.152238,-9,-2,-131
1767172935.162238,-10,0,-128
1767172935.172238,-9,-3,-133
1767172935.182238,-6,-1,-132
1767172935.192238,-4,0,-131
1767172935.202238,-1,-2,-128
1767172935.212238,-1,-2,-126
1767172935.222238,-1,-4,-127
1767172935.232238,0,-6,-133
1767172935.242238,-1,-4,-127
1767172935.252238,0,-4,-131
1767172935.2622385,-3,-5,-129
1767172935.2722385,-5,-2,-127
1767172935.2822382,-4,-4,-125
1767172935.2922382,-4,-10,-130
1767172935.3022382,0,-8,-129
1767172935.3122382,-2,-5,-132
1767172935.3222382,1,-3,-134
1767172935.3322382,1,-1,-128
1767172935.3422382,0,0,-125
1767172935.3522382,1,3,-121
1767172935.3622382,0,0,-120
1767172935.3722382,-1,5,-125
1767172935.382238,0,3,-123
1767172935.392238,0,0,-124
1767172935.402238,4,0,-127
1767172935.412238,6,1,-129
1767172935.422238,1,-5,-129
1767172935.432238,-4,-6,-134
1767172935.442238,-4,-6,-138
1767172935.452238,1,-7,-136
1767172935.462238,-3,0,-136
1767172935.472238,-1,6,-133
1767172935.482238,2,4,-133
1767172935.492238,6,5,-137
1767172935.502238,13,3,-136
1767172935.5122385,11,1,-132
1767172935.5222385,10,2,-129
1767172935.5322382,5,0,-132
1767172935.5422382,2,-1,-125
1767172935.5522382,-3,-2,-123
1767172935.5622382,-2,-2,-126
1767172935.5722382,-8,-1,-131
1767172935.5822382,-6,0,-132
1767172935.5922382,-4,0,-137
1767172935.6022382,-4,2,-138
1767172935.6122382,-6,0,-144
1767172935.6222382,-3,0,-148
1767172935.632238,-6,-1,-142
1767172935.642238,-4,0,-139
1767172935.652238,-1,-1,-135
1767172935.662238,0,0,-138
1767172935.672238,0,1,-137
1767172935.682238,0,0,-134
1767172935.692238,0,0,-137
1767172935.702238,-1,-3,-132
1767172935.712238,-6,0,-130
1767172935.722238,-5,1,-126
1767172935.732238,-8,1,-126
1767172935.742238,-7,5,-134
1767172935.752238,-7,1,-130
1767172935.7622385,0,0,-124
1767172935.7722385,0,-2,-126
1767172935.7832382,0,-1,-129
1767172935.7922382,6,-1,-133
1767172935.8022382,4,2,-136
1767172935.8122382,6,2,-136
1767172935.8222382,7,0,-137
1767172935.833238,2,0,-132
1767172935.8422382,7,1,-130
1767172935.853238,3,-4,-141
1767172935.8622382,4,-5,-136
1767172935.873238,0,-3,-131
1767172935.883238,-2,-4,-138
1767172935.893238,-4,-6,-136
1767172935.903238,-2,-5,-132
1767172935.913238,-9,-4,-125
1767172935.923238,-6,-5,-130
1767172935.9332385,-7,-6,-132
1767172935.9432385,0,-9,-132
1767172935.9532382,4,-7,-132
1767172935.9632382,4,-5,-134
1767172935.9732382,4,-2,-131
1767172935.9832382,5,0,-131
1767172935.9932382,5,-1,-124
1767172936.0032382,5,-2,-125
1767172936.0132382,5,0,-133
1767172936.0232382,0,1,-140
1767172936.0332382,0,-1,-142
1767172936.0432382,6,-1,-143
1767172936.0532382,6,0,-144
1767172936.063238,7,-5,-139
1767172936.073238,4,-4,-146
1767172936.083238,2,0,-147
1767172936.093238,3,-1,-148
1767172936.103238,1,-4,-135
1767172936.113238,0,-5,-132
1767172936.123238,-3,-6,-135
1767172936.133238,-4,-6,-137
1767172936.143238,-4,-11,-135
1767172936.153238,-4,-8,-131
1767172936.163238,-1,-8,-129
1767172936.173238,2,-5,-126
1767172936.1832385,0,-6,-128
1767172936.1932385,0,-9,-125
1767172936.2032382,0,-9,-123
1767172936.2132382,1,-5,-124
1767172936.2232382,-2,-1,-125
1767172936.2332382,0,-1,-129
1767172936.2432382,0,-3,-124
1767172936.2532382,1,-2,-128
1767172936.2632382,0,-1,-125
1767172936.2732382,-1,-2,-127
1767172936.2832382,-1,-3,-126
1767172936.2932382,-1,-8,-132
1767172936.3032382,1,-8,-133
1767172936.313238,-3,-7,-131
1767172936.323238,-7,-8,-132
1767172936.333238,-7,-4,-132
1767172936.343238,-3,-4,-131
1767172936.353238,-4,-1,-124
1767172936.363238,-3,-3,-123
1767172936.373238,-2,-7,-118
1767172936.383238,-4,-7,-118
1767172936.393238,-4,-5,-126
1767172936.403238,-8,-7,-125
1767172936.413238,-8,-7,-125
1767172936.423238,-3,-3,-128
1767172936.4332385,-6,-4,-132
1767172936.4432385,-7,0,-128
1767172936.4532382,-8,1,-128
1767172936.4632382,-6,2,-121
1767172936.4732382,-2,3,-114
1767172936.4832382,-3,-1,-122
1767172936.4932382,-1,-5,-122
1767172936.5032382,2,-2,-116
1767172936.5132382,7,0,-118
1767172936.5232382,2,1,-125
1767172936.5332382,2,2,-129
1767172936.5432382,3,5,-125
1767172936.5532382,3,3,-124
1767172936.563238,2,-1,-130
1767172936.573238,0,-3,-126
1767172936.583238,-3,-3,-125
1767172936.593238,-2,-5,-127
1767172936.603238,0,-4,-135
1767172936.613238,0,-7,-136
1767172936.623238,-5,-4,-133
1767172936.633238,-5,-6,-133
1767172936.643238,0,-3,-132
1767172936.653238,0,-3,-133
1767172936.663238,-3,-2,-135
1767172936.673238,-3,-8,-136
1767172936.6832385,-3,-11,-131
1767172936.6932385,-5,-7,-135
1767172936.7032382,-5,-1,-140
1767172936.7132382,-3,-3,-130
1767172936.7232382,-4,-1,-124
1767172936.7332382,-9,0,-127
1767172936.7432382,-9,-2,-129
1767172936.7532382,-7,-2,-124
1767172936.7632382,-1,-4,-121
1767172936.7732382,0,-4,-119
1767172936.7832382,4,-5,-122
1767172936.7932382,5,-5,-124
1767172936.8032382,5,-3,-127
1767172936.813238,2,-2,-131
1767172936.823238,-2,0,-132
1767172936.833238,-7,-3,-136
1767172936.843238,-3,-1,-139
1767172936.853238,-2,-3,-140
1767172936.863238,0,-2,-143
1767172936.873238,-4,-3,-141
1767172936.883238,0,0,-138
1767172936.893238,0,3,-135
1767172936.903238,-3,0,-134
1767172936.913238,-6,-1,-135
1767172936.923238,-6,-2,-136
1767172936.9332385,-7,0,-138
1767172936.9432385,-3,0,-134
1767172936.9532382,0,4,-127
1767172936.9632382,-1,4,-129
1767172936.9732382,0,2,-128
1767172936.9832382,0,0,-128
1767172936.9932382,0,-2,-132
1767172937.0032382,-1,0,-135
1767172937.0132382,0,-1,-134
1767172937.0232382,1,-1,-137
1767172937.0332382,2,0,-138
1767172937.0432382,2,3,-132
1767172937.0532382,0,1,-136
1767172937.063238,2,3,-133
1767172937.073238,3,1,-137
1767172937.083238,0,1,-131
1767172937.093238,-3,0,-123
1767172937.103238,-4,-1,-124
1767172937.113238,-3,-3,-131
1767172937.123238,-6,0,-125
1767172937.133238,-1,0,-128
1767172937.143238,4,-1,-127
1767172937.153238,3,-3,-125
1767172937.163238,2,2,-124
1767172937.173238,0,1,-125
1767172937.1832385,-3,-1,-131
1767172937.1932385,-4,0,-131
1767172937.2032382,1,0,-133
1767172937.2132382,0,0,-135
1767172937.2232382,-1,-1,-137
1767172937.2332382,-1,0,-137
1767172937.2432382,0,-1,-137
1767172937.2532382,-3,-1,-132
1767172937.2632382,-6,-1,-132
1767172937.2732382,-3,-7,-130
1767172937.2832382,1,-7,-124
1767172937.2932382,-1,-5,-127
1767172937.3032382,-3,-7,-128
1767172937.313238,0,-9,-128
1767172937.323238,0,-6,-131
1767172937.333238,0,-5,-131
1767172937.343238,-2,-3,-129
1767172937.353238,-1,0,-137
1767172937.363238,-4,-1,-134
1767172937.373238,0,-7,-132
1767172937.383238,0,-7,-134
1767172937.393238,-2,-7,-135
1767172937.403238,-2,-9,-129
1767172937.413238,2,-8,-129
1767172937.423238,5,-8,-128
1767172937.4332385,10,-4,-124
1767172937.4432385,7,0,-125
1767172937.4532382,9,-4,-127
1767172937.4632382,3,-5,-134
1767172937.4732382,1,-3,-129
1767172937.4832382,1,-8,-127
1767172937.4932382,0,-5,-126
1767172937.5032382,0,-4,-124
1767172937.5132382,-4,-1,-126
1767172937.5232382,-5,-4,-130
1767172937.5332382,-8,0,-134
1767172937.5432382,-6,3,-134
1767172937.5532382,-1,3,-133
1767172937.563238,-3,3,-140
1767172937.573238,-4,2,-143
1767172937.583238,0,0,-140
1767172937.593238,-5,-1,-142
1767172937.603238,-4,-2,-132
1767172937.613238,-3,-1,-128
1767172937.623238,-6,-1,-124
1767172937.633238,-1,0,-128
1767172937.643238,-2,-3,-129
1767172937.653238,-3,-2,-130
1767172937.663238,-6,-3,-128
1767172937.673238,-6,-4,-124
1767172937.6832385,-5,-3,-117
1767172937.6932385,-1,0,-116
1767172937.7032382,-1,2,-117
1767172937.7132382,-4,-2,-123
1767172937.7232382,-2,-2,-130
1767172937.7332382,-3,-6,-133
1767172937.7432382,0,-3,-128
1767172937.7532382,4,-7,-128
1767172937.7632382,1,-7,-124
1767172937.7732382,1,-6,-120
1767172937.7832382,-7,-4,-119
1767172937.7932382,-3,-3,-115
1767172937.8032382,0,-3,-117
1767172937.813238,0,-4,-115
1767172937.823238,-2,-4,-115
1767172937.833238,-2,-6,-117
1767172937.843238,-3,-6,-129
1767172937.853238,-4,-4,-126
1767172937.863238,-5,-8,-123
1767172937.873238,-7,-6,-128
1767172937.883238,-9,-6,-132
1767172937.893238,-11,-3,-133
1767172937.903238,-11,-1,-136
1767172937.913238,-5,0,-133
1767172937.923238,-5,-1,-129
1767172937.9332385,-4,-1,-135
1767172937.9432385,-3,0,-139
1767172937.9532382,-5,-7,-138
1767172937.9632382,-8,-8,-137
1767172937.9732382,-9,-4,-139
1767172937.9832382,-5,-1,-139
1767172937.9932382,-1,0,-142
1767172938.0032382,2,-4,-141
1767172938.0132382,1,-4,-136
1767172938.0232382,1,-7,-140
1767172938.0332382,4,-10,-139
1767172938.0432382,3,-7,-144
1767172938.0532382,1,-2,-146
1767172938.063238,0,-1,-134
1767172938.073238,0,-3,-128
1767172938.083238,0,0,-129
1767172938.093238,-3,-3,-125
1767172938.103238,3,-5,-130
1767172938.113238,0,-8,-131
1767172938.123238,-1,-6,-136
1767172938.133238,-3,-8,-136
1767172938.143238,-5,-7,-133
1767172938.153238,-3,0,-132
1767172938.163238,0,0,-129
1767172938.173238,-2,1,-129
1767172938.1832385,-4,6,-131
1767172938.1932385,-3,6,-136
1767172938.2032382,-3,4,-132
1767172938.2132382,-3,-3,-120
1767172938.2232382,-4,-5,-117
1767172938.2332382,0,-4,-114
1767172938.2432382,4,-3,-125
1767172938.2532382,0,-5,-131
1767172938.2632382,-2,-4,-131
1767172938.2732382,-3,-5,-134
1767172938.2832382,0,-5,-134
1767172938.2932382,-1,-5,-135
1767172938.3032382,-1,-5,-134
1767172938.313238,2,-4,-133
1767172938.323238,0,-8,-131
1767172938.333238,0,-2,-135
1767172938.343238,0,-2,-134
1767172938.353238,2,-4,-127
1767172938.363238,2,-5,-124
1767172938.373238,2,-4,-125
1767172938.383238,5,-3,-129
1767172938.3942382,1,-3,-129
1767172938.403238,4,-1,-129
1767172938.413238,6,0,-125
1767172938.423238,5,1,-128
1767172938.4332385,3,0,-129
1767172938.4432385,1,-2,-128
1767172938.4542382,1,-7,-126
1767172938.4642382,0,-9,-129
1767172938.4732382,0,-10,-132
1767172938.484238,1,-11,-133
1767172938.494238,0,-6,-135
1767172938.504238,2,-6,-131
1767172938.514238,2,-12,-133
1767172938.524238,2,-10,-129
1767172938.534238,2,-10,-128
1767172938.544238,-3,-12,-127
1767172938.554238,-4,-10,-123
1767172938.564238,-3,-5,-129
1767172938.574238,-8,-3,-129
1767172938.584238,-3,1,-125
1767172938.594238,4,1,-133
1767172938.6042385,7,1,-140
1767172938.6142385,12,-1,-136
1767172938.6242385,12,-1,-132
1767172938.6342382,9,0,-132
1767172938.6442382,5,0,-129
1767172938.6542382,8,1,-129
1767172938.6642382,6,-1,-134
1767172938.6742382,4,-3,-139
1767172938.6842382,3,-5,-137
1767172938.6942382,0,-3,-139
1767172938.7042382,-2,-12,-138
1767172938.7142382,-6,-15,-141
1767172938.7242382,-2,-9,-142
1767172938.734238,-2,-6,-139
1767172938.744238,0,-6,-134
1767172938.754238,-4,-2,-137
1767172938.764238,0,-5,-136
1767172938.774238,-2,-2,-132
1767172938.784238,-1,0,-129
1767172938.794238,0,0,-128
1767172938.804238,2,-1,-128
1767172938.814238,3,-6,-129
1767172938.824238,2,-3,-126
1767172938.834238,1,-6,-127
1767172938.844238,0,-4,-131
1767172938.8542385,-3,0,-131
1767172938.8642385,-2,0,-129
1767172938.8742385,-2,-1,-131
1767172938.8842382,-2,-1,-135
1767172938.8942382,-2,0,-133
1767172938.9042382,-3,-3,-135
1767172938.9142382,-3,-3,-134
1767172938.9242382,2,-2,-138
1767172938.9342382,0,-3,-130
1767172938.9442382,0,0,-130
1767172938.9542382,-1,0,-130
1767172938.9642382,-1,-1,-121
1767172938.9742382,0,-6,-122
1767172938.984238,-1,-6,-127
1767172938.994238,-4,-7,-132
1767172939.004238,-13,-6,-132
1767172939.014238,-9,-6,-140
1767172939.024238,-10,-2,-137
1767172939.034238,-9,-3,-136
1767172939.044238,-4,-2,-141
1767172939.054238,-4,-1,-145
1767172939.064238,-5,0,-143
1767172939.074238,-2,-1,-142
1767172939.084238,0,1,-134
1767172939.094238,1,0,-134
1767172939.1042385,0,-2,-134
1767172939.1142385,0,-5,-134
1767172939.1242385,3,-2,-134
1767172939.1342382,0,0,-139
1767172939.1442382,-2,-1,-143
1767172939.1542382,-5,-5,-139
1767172939.1642382,-3,-8,-133
1767172939.1742382,-7,-11,-131
1767172939.1842382,-6,-7,-139
1767172939.1942382,-2,-5,-141
1767172939.2042382,2,-1,-145
1767172939.2142382,1,0,-141
1767172939.2242382,1,-2,-138
1767172939.234238,3,-4,-130
1767172939.244238,0,-6,-131
1767172939.254238,5,-5,-130
1767172939.264238,8,-1,-129
1767172939.274238,5,0,-135
1767172939.284238,6,-2,-139
1767172939.294238,1,0,-135
1767172939.304238,-1,1,-131
1767172939.314238,-4,0,-128
1767172939.324238,-2,0,-134
1767172939.334238,0,-3,-131
1767172939.344238,0,-3,-131
1767172939.3542385,-2,-6,-130
1767172939.3642385,0,-3,-129
1767172939.3742385,-1,-2,-134
1767172939.3842382,0,-4,-137
1767172939.3942382,-3,-1,-137
1767172939.4042382,0,0,-138
1767172939.4142382,0,-1,-137
1767172939.4242382,0,-3,-131
1767172939.4342382,-2,-5,-132
1767172939.4442382,0,-7,-133
1767172939.4542382,1,-11,-134
1767172939.4642382,3,-12,-136
1767172939.4742382,2,-9,-128
1767172939.484238,-1,-6,-122
1767172939.494238,-3,-2,-121
1767172939.504238,0,0,-122
1767172939.514238,0,-3,-121
1767172939.524238,0,-1,-127
1767172939.534238,0,-1,-136
1767172939.544238,-1,2,-140
1767172939.554238,0,-1,-140
1767172939.564238,3,-7,-136
1767172939.574238,3,-8,-132
1767172939.584238,2,-9,-133
1767172939.594238,0,-11,-130
1767172939.6042385,1,-15,-125
1767172939.626238,3,-11,-125
1767172939.6342382,-1,-5,-120
1767172939.6442382,0,-3,-121
1767172939.6542382,-4,-2,-124
1767172939.6642382,-5,-4,-134
1767172939.6742382,-5,-1,-133
1767172939.6842382,-6,-4,-136
1767172939.6942382,0,-7,-146
1767172939.7042382,0,-5,-147
1767172939.7142382,-3,-6,-137
1767172939.7242382,0,-6,-134
1767172939.734238,1,-6,-134
1767172939.744238,0,-7,-139
1767172939.754238,0,-7,-135
1767172939.764238,-1,-5,-131
1767172939.774238,1,-4,-128
1767172939.784238,0,-3,-132
1767172939.794238,2,1,-133
1767172939.804238,6,3,-136
1767172939.814238,6,-1,-138
1767172939.824238,7,0,-135
1767172939.834238,1,0,-137
1767172939.844238,-1,0,-140
1767172939.8542385,-6,-1,-135
1767172939.8642385,-4,-1,-129
1767172939.8742385,-4,-3,-125
1767172939.8842382,-4,-5,-127
1767172939.8942382,0,-5,-127
1767172939.9042382,5,-2,-130
1767172939.9142382,5,-3,-134
1767172939.9242382,1,-3,-135
1767172939.9342382,1,-5,-135
1767172939.9442382,-1,-3,-137
1767172939.9542382,0,-8,-139
1767172939.9642382,2,-5,-134
1767172939.9742382,0,-7,-134
1767172939.984238,0,-8,-133
1767172939.994238,0,-4,-131
1767172940.004238,-2,-2,-131
1767172940.014238,-4,-4,-134
1767172940.024238,-1,-3,-137
1767172940.034238,1,-7,-129
1767172940.044238,1,-5,-134
1767172940.054238,4,-4,-133
1767172940.064238,5,-2,-133
1767172940.074238,2,-1,-130
1767172940.084238,2,-3,-131
1767172940.094238,4,-6,-133
1767172940.1042385,7,-5,-134
1767172940.1142385,11,-8,-133
1767172940.1242385,9,0,-134
1767172940.1342382,5,0,-128
1767172940.1442382,4,0,-130
1767172940.1542382,2,1,-130
1767172940.1642382,2,-5,-124
1767172940.1742382,0,-7,-124
1767172940.1842382,-2,-4,-130
1767172940.1942382,0,-5,-130
1767172940.2042382,-5,-7,-134
1767172940.2142382,-3,-4,-137
1767172940.2242382,-2,0,-135
1767172940.234238,3,-1,-134
1767172940.244238,-2,-6,-131
1767172940.254238,-1,-3,-133
1767172940.264238,-1,-7,-135
1767172940.274238,0,-7,-131
1767172940.284238,2,-9,-135
1767172940.294238,3,-6,-134
1767172940.304238,2,-7,-130
1767172940.314238,-4,-8,-134
1767172940.324238,-3,-3,-139
1767172940.334238,0,-2,-138
1767172940.344238,4,-1,-139
1767172940.3542385,5,-1,-140
1767172940.3642385,4,-3,-139
1767172940.3742385,3,-6,-139
1767172940.3842382,2,-8,-134
1767172940.3942382,4,-11,-129
1767172940.4042382,2,-6,-127
1767172940.4142382,-1,-6,-130
1767172940.4242382,-4,-6,-131
1767172940.4342382,-4,-7,-130
1767172940.4442382,-3,-5,-135
1767172940.4542382,-8,-3,-135
1767172940.4642382,-10,-4,-138
1767172940.4742382,-6,-2,-135
1767172940.484238,-5,-3,-131
1767172940.494238,-4,-4,-135
1767172940.504238,-3,0,-138
1767172940.514238,-2,0,-130
1767172940.524238,-4,0,-126
1767172940.534238,-3,-2,-131
1767172940.544238,0,-1,-131
1767172940.554238,-1,1,-136
1767172940.564238,-1,-1,-138
1767172940.574238,-4,-3,-140
1767172940.584238,0,1,-138
1767172940.594238,1,-2,-141
1767172940.6042385,6,-1,-136
1767172940.6142385,6,-1,-137
1767172940.6242385,4,-1,-145
1767172940.6342382,3,0,-142
1767172940.6442382,1,2,-138
1767172940.6542382,-2,4,-146
1767172940.6642382,0,1,-143
1767172940.6742382,-4,2,-139
1767172940.6842382,0,3,-134
1767172940.6942382,1,2,-127
1767172940.7042382,1,1,-123
1767172940.7142382,5,7,-121
1767172940.7242382,6,5,-129
1767172940.734238,4,1,-133
1767172940.744238,0,1,-134
1767172940.754238,1,3,-138
1767172940.764238,3,3,-136
1767172940.774238,5,3,-132
1767172940.784238,8,-1,-141
1767172940.794238,7,-5,-140
1767172940.804238,7,-4,-141
1767172940.814238,9,-2,-143
1767172940.824238,8,-5,-140
1767172940.834238,2,-3,-141
1767172940.844238,-1,-2,-144
1767172940.8542385,0,1,-150
1767172940.8642385,-5,1,-150
1767172940.8742385,-6,0,-151
1767172940.8842382,-5,-2,-150
1767172940.8942382,0,0,-141
1767172940.9042382,0,-1,-136
1767172940.9142382,0,-2,-134
1767172940.9242382,0,-2,-126
1767172940.9342382,4,-1,-123
1767172940.9442382,5,-1,-127
1767172940.9542382,4,0,-127
1767172940.9642382,7,0,-126
1767172940.9742382,6,1,-133
1767172940.984238,5,1,-132
1767172940.994238,3,2,-128
1767172941.004238,0,2,-128
1767172941.014238,-4,0,-129
1767172941.025238,-5,0,-133
1767172941.034238,-8,0,-133
1767172941.0452385,-8,0,-128
1767172941.054238,-6,0,-127
1767172941.064238,-5,0,-132
1767172941.0752382,-1,-3,-139
1767172941.0852382,0,-4,-136
1767172941.0952382,0,-5,-129
1767172941.1052382,-1,-5,-126
1767172941.1152382,-1,-3,-127
1767172941.1252382,-3,-5,-127
1767172941.1352382,-1,-6,-130
1767172941.1452382,1,-6,-131
1767172941.1552382,0,-6,-137
1767172941.1642382,0,-5,-136
1767172941.175238,0,-4,-133
1767172941.185238,0,-7,-130
1767172941.195238,-5,-10,-117
1767172941.205238,-2,-13,-109
1767172941.215238,0,-11,-112
1767172941.225238,-1,-6,-116
1767172941.235238,0,-4,-126
1767172941.245238,-2,0,-125
1767172941.255238,-5,1,-126
1767172941.265238,-2,1,-129
1767172941.275238,-1,0,-128
1767172941.2852385,-2,-4,-124
1767172941.2952385,-1,-5,-129
1767172941.3052382,-2,-3,-131
1767172941.3152382,-3,-5,-127
1767172941.3252382,-6,0,-131
1767172941.3352382,-4,1,-124
1767172941.3452382,-4,-1,-120
1767172941.3552382,-4,0,-128
1767172941.3652382,-2,-1,-129
1767172941.3752382,-1,-1,-134
1767172941.3852382,3,-4,-134
1767172941.3952382,3,-5,-135
1767172941.4052382,2,-2,-128
1767172941.415238,2,-8,-129
1767172941.425238,4,-3,-125
1767172941.435238,-1,-3,-119
1767172941.445238,0,-2,-123
1767172941.455238,0,-2,-123
1767172941.465238,0,-2,-124
1767172941.475238,0,0,-124
1767172941.485238,-1,2,-128
1767172941.495238,0,-3,-126
1767172941.505238,3,-1,-129
1767172941.515238,1,0,-130
1767172941.525238,-6,0,-130
1767172941.5352385,-8,0,-129
1767172941.5452385,-1,0,-133
1767172941.5552382,0,0,-145
1767172941.5652382,-1,-4,-139
1767172941.5752382,0,-5,-131
1767172941.5852382,-2,-10,-137
1767172941.5952382,-4,-11,-136
1767172941.6052382,-1,-12,-139
1767172941.6152382,-3,-9,-132
1767172941.6252382,-3,-4,-127
1767172941.6352382,0,-4,-121
1767172941.6452382,0,-4,-119
1767172941.6552382,0,-4,-121
1767172941.665238,2,-3,-123
1767172941.675238,1,0,-124
1767172941.685238,0,-1,-124
1767172941.695238,-3,-3,-124
1767172941.705238,-4,-1,-123
1767172941.715238,-2,-1,-127
1767172941.725238,-1,-3,-131
1767172941.735238,-5,-1,-133
1767172941.745238,-5,-1,-127
1767172941.755238,-4,-3,-134
1767172941.765238,-3,-2,-136
1767172941.775238,-6,-2,-133
1767172941.7852385,-3,-1,-140
1767172941.7952385,0,-2,-135
1767172941.8052382,-2,-1,-130
1767172941.8152382,-2,-4,-128
1767172941.8252382,-1,-6,-128
1767172941.8352382,1,-5,-127
1767172941.8452382,4,-8,-123
1767172941.8552382,5,-6,-122
1767172941.8652382,2,-10,-126
1767172941.8752382,-3,-9,-124
1767172941.8852382,-4,-7,-124
1767172941.8952382,-5,-6,-124
1767172941.9052382,0,-5,-130
1767172941.915238,-2,-1,-131
1767172941.925238,-3,2,-136
1767172941.935238,-2,3,-137
1767172941.945238,-1,1,-141
1767172941.955238,2,1,-140
1767172941.965238,-1,0,-142
1767172941.975238,1,0,-134
1767172941.985238,0,2,-131
1767172941.995238,-2,4,-135
1767172942.0062382,-1,2,-139
1767172942.015238,3,6,-136
1767172942.025238,7,3,-137
1767172942.0352385,9,0,-136
1767172942.0452385,8,-2,-135
1767172942.0552382,7,-2,-132
1767172942.0652382,6,-3,-141
1767172942.0752382,5,1,-139
1767172942.0852382,6,4,-132
1767172942.0952382,3,1,-133
1767172942.1052382,4,-4,-137
1767172942.1152382,0,-7,-144
1767172942.1252382,-1,-5,-140
1767172942.1352382,-3,-2,-132
1767172942.1452382,-3,0,-128
1767172942.1552382,-2,-5,-133
1767172942.165238,-4,-5,-128
1767172942.175238,-3,-3,-126
1767172942.185238,-4,-2,-126
1767172942.195238,-1,-3,-128
1767172942.205238,4,-6,-129
1767172942.215238,0,-8,-123
1767172942.225238,0,-9,-121
1767172942.235238,-2,-4,-122
1767172942.245238,-2,0,-124
1767172942.255238,-6,-3,-133
1767172942.265238,-10,-2,-133
1767172942.275238,-6,-4,-137
1767172942.2852385,-3,-6,-135
1767172942.2952385,-2,-7,-131
1767172942.3052382,-3,-7,-135
1767172942.3152382,-6,-8,-135
1767172942.3252382,-7,-3,-137
1767172942.3352382,-2,-5,-136
1767172942.3452382,-3,-2,-133
1767172942.3552382,-3,-1,-139
1767172942.3652382,-4,-1,-140
1767172942.3752382,-5,-2,-140
1767172942.3852382,-5,-6,-134
1767172942.3952382,-2,-4,-130
1767172942.4052382,0,-3,-128
1767172942.415238,1,-8,-129
1767172942.425238,0,-8,-128
1767172942.435238,2,-4,-130
1767172942.445238,1,-1,-124
1767172942.455238,9,0,-122
1767172942.465238,9,3,-123
1767172942.475238,7,5,-122
1767172942.485238,1,4,-126
1767172942.495238,1,5,-133
1767172942.505238,0,4,-142
1767172942.515238,1,0,-140
1767172942.525238,-1,1,-142
1767172942.5352385,-1,5,-139
1767172942.5452385,-2,4,-136
1767172942.5552382,-5,5,-133
1767172942.5652382,-4,3,-129
1767172942.5752382,-2,1,-129
1767172942.5852382,-6,0,-130
1767172942.5952382,-2,-1,-131
1767172942.6052382,0,-1,-139
1767172942.6152382,2,0,-139
1767172942.6252382,2,3,-135
1767172942.6352382,3,3,-135
1767172942.6452382,3,5,-127
1767172942.6552382,3,4,-127
1767172942.665238,3,0,-130
1767172942.675238,6,0,-126
1767172942.685238,0,-1,-124
1767172942.695238,2,-1,-125
1767172942.705238,2,0,-126
1767172942.715238,-2,1,-133
1767172942.725238,-1,2,-138
1767172942.735238,-4,5,-136
1767172942.745238,-5,0,-134
1767172942.755238,-10,-4,-131
1767172942.765238,-7,-5,-125
1767172942.775238,-6,-4,-125
1767172942.7852385,-5,-1,-128
1767172942.7952385,-5,-1,-129
1767172942.8052382,-7,-3,-135
1767172942.8152382,-5,-2,-137
1767172942.8252382,-4,-2,-136
1767172942.8352382,-7,0,-138
1767172942.8452382,-9,-1,-137
1767172942.8552382,-1,-1,-132
1767172942.8652382,0,-2,-129
1767172942.8752382,1,1,-122
1767172942.8852382,0,3,-121
1767172942.8952382,-4,0,-123
1767172942.9052382,-1,0,-123
1767172942.915238,0,-1,-122
1767172942.925238,0,-2,-131
1767172942.935238,4,-1,-133
1767172942.945238,3,0,-130
1767172942.955238,1,-1,-128
1767172942.965238,-4,0,-129
1767172942.975238,-3,-2,-132
1767172942.985238,-3,0,-138
1767172942.995238,-6,1,-138
1767172943.005238,-6,1,-139
1767172943.015238,-7,0,-140
1767172943.025238,-8,0,-136
1767172943.0352385,-3,2,-130
1767172943.0452385,-3,3,-136
1767172943.0552382,-6,0,-135
1767172943.0652382,-1,0,-137
1767172943.0752382,1,-2,-136
1767172943.0852382,0,-3,-134
1767172943.0952382,1,0,-138
1767172943.1052382,1,1,-141
1767172943.1152382,4,-1,-134
1767172943.1252382,3,-1,-134
1767172943.1352382,5,-2,-139
1767172943.1452382,0,0,-136
1767172943.1552382,-7,1,-130
1767172943.165238,-4,1,-129
1767172943.175238,-6,2,-133
1767172943.185238,-6,2,-133
1767172943.195238,-4,2,-129
1767172943.205238,0,3,-131
1767172943.215238,-3,1,-133
1767172943.225238,0,1,-137
1767172943.235238,-1,0,-136
1767172943.245238,-3,-1,-134
1767172943.255238,-4,-1,-133
1767172943.265238,-2,3,-133
1767172943.275238,-5,1,-130
1767172943.2852385,-3,-1,-129
1767172943.2952385,-4,0,-131
1767172943.3052382,-4,1,-124
1767172943.3152382,-1,2,-119
1767172943.3252382,0,3,-125
1767172943.3352382,1,5,-128
1767172943.3452382,0,4,-128
1767172943.3552382,-2,5,-131
1767172943.3652382,-2,2,-126
1767172943.3752382,0,2,-126
1767172943.3852382,3,0,-126
1767172943.3952382,4,2,-128
1767172943.4052382,4,4,-129
1767172943.415238,0,4,-133
1767172943.425238,0,5,-131
1767172943.435238,0,0,-133
1767172943.445238,1,0,-133
1767172943.455238,1,-2,-133
1767172943.465238,4,-6,-130
1767172943.475238,4,-7,-130
1767172943.485238,1,-4,-132
1767172943.495238,4,-4,-131
1767172943.505238,1,-1,-135
1767172943.515238,1,0,-128
1767172943.525238,0,0,-133
1767172943.5352385,0,4,-136
1767172943.5452385,-2,3,-132
1767172943.5552382,-4,-1,-132
1767172943.5652382,-5,-2,-128
1767172943.5752382,-8,-1,-127
1767172943.5852382,-11,-2,-124
1767172943.5952382,-8,-1,-125
1767172943.6052382,-3,-2,-128
1767172943.616238,0,-2,-128
1767172943.6252382,1,-1,-126
1767172943.6352382,1,2,-124
1767172943.6452382,-2,-1,-123
1767172943.6552382,0,-4,-119
1767172943.665238,1,-6,-120
1767172943.676238,-1,-7,-127
1767172943.686238,-2,-1,-124
1767172943.696238,-5,-2,-122
1767172943.7062385,-3,-2,-118
1767172943.715238,-5,-1,-115
1767172943.7262385,-1,0,-115
1767172943.7362382,3,0,-125
1767172943.7462382,3,-2,-131
1767172943.7562382,7,-5,-133
1767172943.7662382,7,-7,-135
1767172943.7762382,9,-1,-133
1767172943.7862382,11,2,-132
1767172943.7962382,11,3,-136
1767172943.8062382,8,4,-135
1767172943.8162382,2,2,-136
1767172943.8262382,3,1,-128
1767172943.836238,1,2,-123
1767172943.846238,-2,-1,-124
1767172943.856238,-6,0,-132
1767172943.866238,0,-4,-131
1767172943.876238,0,-6,-134
1767172943.886238,0,-1,-136
1767172943.896238,1,-2,-132
1767172943.906238,-1,-2,-133
1767172943.916238,1,-6,-124
1767172943.926238,3,-5,-126
1767172943.936238,-2,-5,-127
1767172943.946238,-3,-4,-126
1767172943.9562385,-5,-6,-130
1767172943.9662385,-7,-3,-138
1767172943.9762385,-8,-5,-134
1767172943.9862382,-6,-7,-134
1767172943.9962382,-5,-3,-126
1767172944.0062382,-4,-2,-121
1767172944.0162382,-1,-3,-123
1767172944.0262382,0,-8,-123
1767172944.0362382,-1,-6,-122
1767172944.0462382,0,-6,-124
1767172944.0562382,-2,-6,-133
1767172944.0662382,2,-4,-137
1767172944.0762382,1,0,-132
1767172944.086238,1,0,-130
1767172944.096238,3,2,-133
1767172944.106238,-1,-2,-130
1767172944.116238,-3,1,-130
1767172944.126238,-1,0,-130
1767172944.136238,-1,1,-133
1767172944.146238,0,2,-132
1767172944.156238,0,0,-133
1767172944.166238,2,0,-130
1767172944.176238,2,2,-129
1767172944.186238,3,0,-129
1767172944.196238,2,-2,-129
1767172944.2062385,1,-1,-126
1767172944.2162385,0,0,-129
1767172944.2262385,0,-1,-129
1767172944.2362382,3,-3,-130
1767172944.2462382,3,-5,-136
1767172944.2562382,6,-2,-133
1767172944.2662382,6,-3,-131
1767172944.2762382,4,-2,-125
1767172944.2862382,0,-1,-128
1767172944.2962382,0,-1,-128
1767172944.3062382,-3,-2,-130
1767172944.3162382,-2,-4,-135
1767172944.3262382,0,-1,-135
1767172944.336238,3,-1,-139
1767172944.346238,1,-3,-133
1767172944.356238,1,0,-139
1767172944.366238,-2,0,-140
1767172944.376238,-6,2,-131
1767172944.386238,-6,0,-127
1767172944.396238,-3,0,-124
1767172944.406238,-3,-2,-122
1767172944.416238,0,-1,-119
1767172944.426238,0,1,-126
1767172944.436238,0,-2,-121
1767172944.446238,0,-3,-119
1767172944.4562385,-5,-4,-122
1767172944.4662385,-4,-1,-131
1767172944.4762385,0,0,-135
1767172944.4862382,-4,3,-134
1767172944.4962382,-4,4,-136
1767172944.5062382,-10,4,-131
1767172944.5162382,-7,0,-122
1767172944.5262382,-2,-1,-128
1767172944.5362382,-3,1,-128
1767172944.5462382,-1,0,-122
1767172944.5562382,-3,-3,-125
1767172944.5662382,-4,-2,-130
1767172944.5762382,-6,-4,-133
1767172944.586238,-3,-6,-132
1767172944.596238,-3,-6,-130
1767172944.606238,-3,-3,-130
1767172944.616238,-5,-1,-129
1767172944.6372385,-2,-3,-118
1767172944.646238,-2,0,-120
1767172944.656238,1,4,-122
1767172944.666238,2,2,-123
1767172944.676238,0,0,-120
1767172944.686238,-4,0,-119
1767172944.696238,-9,-1,-119
1767172944.7062385,-7,-2,-125
1767172944.7162385,-6,0,-130
1767172944.7262385,-4,0,-124
1767172944.7362382,0,0,-126
1767172944.7462382,5,-4,-129
1767172944.7562382,4,-5,-137
1767172944.7662382,2,-6,-146
1767172944.7762382,2,-7,-152
1767172944.7862382,0,-5,-147
1767172944.7962382,-2,-4,-146
1767172944.8062382,1,-1,-146
1767172944.8162382,5,3,-142
1767172944.8262382,6,4,-142
1767172944.836238,2,4,-146
1767172944.846238,1,4,-146
1767172944.856238,1,2,-139
1767172944.866238,-2,1,-132
1767172944.876238,-3,0,-126
1767172944.886238,-4,0,-121
1767172944.896238,-2,2,-120
1767172944.906238,-5,4,-116
1767172944.916238,-1,3,-114
1767172944.926238,-2,3,-118
1767172944.936238,0,7,-126
1767172944.946238,-3,7,-134
1767172944.9562385,-5,9,-130
1767172944.9662385,-5,9,-124
1767172944.9762385,-2,8,-122
1767172944.9862382,-3,2,-122
1767172944.9962382,-5,2,-129
1767172945.0062382,-5,1,-127
1767172945.0162382,0,-2,-119
1767172945.0262382,0,-5,-127
1767172945.0362382,0,-4,-126
1767172945.0462382,-2,-6,-127
1767172945.0562382,-2,-6,-127
1767172945.0662382,-1,-6,-133
1767172945.0762382,-1,-8,-134
1767172945.086238,1,-7,-134
1767172945.096238,4,-6,-135
1767172945.106238,3,-5,-134
1767172945.116238,3,-5,-134
1767172945.126238,10,-3,-138
1767172945.136238,8,-3,-133
1767172945.146238,8,-2,-131
1767172945.156238,5,-4,-132
1767172945.166238,3,-7,-126
1767172945.176238,6,-5,-124
1767172945.186238,5,-7,-126
1767172945.196238,-2,-7,-125
1767172945.2062385,1,-7,-124
1767172945.2162385,0,-1,-124
1767172945.2262385,-3,-3,-126
1767172945.2362382,0,-4,-131
1767172945.2462382,-3,-5,-131
1767172945.2562382,-8,-5,-128
1767172945.2662382,-8,-4,-128
1767172945.2762382,-8,-3,-138
1767172945.2862382,-6,-4,-141
1767172945.2962382,-8,-7,-142
1767172945.3062382,-5,-8,-140
1767172945.3162382,1,-6,-139
1767172945.3262382,6,-5,-140
1767172945.336238,6,-3,-139
1767172945.346238,5,0,-135
1767172945.356238,2,3,-129
1767172945.366238,2,3,-131
1767172945.376238,1,0,-125
1767172945.386238,1,4,-122
1767172945.396238,-7,3,-128
1767172945.406238,-8,4,-128
1767172945.416238,-10,0,-126
1767172945.426238,-6,0,-131
1767172945.436238,0,-1,-129
1767172945.446238,-2,-7,-130
1767172945.4562385,0,-9,-125
1767172945.4662385,-1,-9,-132
1767172945.4762385,0,-7,-136
1767172945.4862382,0,-4,-131
1767172945.4962382,0,-5,-128
1767172945.5062382,0,-6,-121
1767172945.5162382,3,-5,-121
1767172945.5262382,3,-6,-123
1767172945.5362382,4,-4,-123
1767172945.5462382,3,-8,-129
1767172945.5562382,0,-6,-135
1767172945.5662382,0,-9,-131
1767172945.5762382,0,-11,-128
1767172945.586238,3,-13,-127
1767172945.596238,6,-9,-125
1767172945.606238,4,-5,-120
1767172945.616238,6,-9,-128
1767172945.626238,3,-8,-131
1767172945.636238,1,-9,-134
1767172945.646238,2,-3,-130
1767172945.656238,2,-1,-130
1767172945.666238,-3,-2,-128
1767172945.676238,-4,0,-125
1767172945.686238,1,-6,-119
1767172945.696238,2,-10,-118
1767172945.7062385,0,-9,-121
1767172945.7162385,0,-7,-122
1767172945.7262385,5,-5,-124
1767172945.7362382,7,-3,-122
1767172945.7462382,9,0,-121
1767172945.7562382,3,-2,-121
1767172945.7662382,6,1,-122
1767172945.7762382,6,0,-122
1767172945.7862382,5,-1,-115
1767172945.7962382,7,2,-112
1767172945.8062382,7,0,-115
1767172945.8162382,3,0,-119
1767172945.8262382,-3,0,-119
1767172945.836238,-3,-2,-119
1767172945.846238,-7,-5,-120
1767172945.856238,-5,-12,-122
1767172945.866238,-5,-8,-122
1767172945.876238,-3,-3,-119
1767172945.886238,0,0,-124
1767172945.896238,-2,-2,-133
1767172945.906238,-4,-4,-133
1767172945.916238,-3,-4,-134
1767172945.926238,-5,-5,-137
1767172945.936238,-11,-4,-135
1767172945.946238,-6,0,-135
1767172945.9562385,-6,-1,-133
1767172945.9662385,-10,2,-134
1767172945.9762385,-5,2,-133
1767172945.9862382,-5,0,-131
1767172945.9962382,-4,0,-132
1767172946.0062382,-2,-3,-141
1767172946.0162382,-2,0,-136
1767172946.0262382,0,0,-135
1767172946.0362382,-1,3,-130
1767172946.0462382,-3,5,-132
1767172946.0562382,-5,2,-129
1767172946.0662382,-4,3,-128
1767172946.0762382,-5,3,-127
1767172946.086238,1,2,-132
1767172946.096238,0,2,-129
1767172946.106238,-2,5,-129
1767172946.116238,0,6,-129
1767172946.126238,4,4,-129
1767172946.136238,3,5,-131
1767172946.146238,5,6,-131
1767172946.156238,1,-1,-124
1767172946.166238,0,-1,-125
1767172946.176238,-1,1,-125
1767172946.186238,-4,-2,-127
1767172946.196238,-2,0,-130
1767172946.2062385,0,-1,-130
1767172946.2162385,1,-3,-128
1767172946.2262385,-3,-2,-129
1767172946.2362382,-4,-3,-125
1767172946.2462382,-4,-4,-127
1767172946.257238,-2,-3,-135
1767172946.267238,-2,1,-137
1767172946.277238,-2,0,-134
1767172946.287238,-6,-2,-135
1767172946.297238,-2,-3,-138
1767172946.307238,-2,0,-137
1767172946.317238,2,0,-136
1767172946.327238,-1,0,-132
1767172946.337238,2,-1,-133
1767172946.347238,5,-2,-133
1767172946.357238,5,-2,-137
1767172946.367238,1,-2,-140
1767172946.377238,3,-3,-135
1767172946.3872385,1,-5,-131
1767172946.3972385,-2,-7,-130
1767172946.4072382,0,-5,-124
1767172946.4172382,0,-6,-131
1767172946.4272382,4,-6,-133
1767172946.4372382,3,-5,-133
1767172946.4472382,0,0,-130
1767172946.4572382,3,0,-136
1767172946.4672382,2,1,-136
1767172946.4772382,0,0,-139
1767172946.4872382,0,0,-137
1767172946.4972382,5,1,-140
1767172946.507238,4,0,-138
1767172946.517238,0,0,-138
1767172946.527238,-3,0,-135
1767172946.537238,0,-1,-139
1767172946.547238,-2,-4,-130
1767172946.557238,-6,-4,-129
1767172946.567238,-9,0,-130
1767172946.577238,-8,3,-125
1767172946.587238,-6,-3,-133
1767172946.597238,-4,-3,-133
1767172946.607238,-4,-3,-135
1767172946.617238,-4,-1,-135
1767172946.627238,-4,0,-125
1767172946.6372385,-4,-1,-124
1767172946.6472385,-5,1,-121
1767172946.6572382,-4,-1,-131
1767172946.6672382,-4,0,-135
1767172946.6772382,-5,-2,-136
1767172946.6872382,-3,-2,-137
1767172946.6972382,-3,-1,-130
1767172946.7072382,-3,1,-127
1767172946.7172382,0,0,-122
1767172946.7272382,0,3,-126
1767172946.7372382,2,4,-132
1767172946.7472382,1,0,-135
1767172946.757238,0,-1,-138
1767172946.767238,-6,0,-134
1767172946.777238,-9,-5,-132
1767172946.787238,-8,-6,-132
1767172946.797238,-4,-6,-133
1767172946.807238,-3,-8,-135
1767172946.817238,-2,-5,-132
1767172946.827238,-3,-4,-126
1767172946.837238,3,-7,-132
1767172946.847238,3,-6,-131
1767172946.857238,1,-4,-129
1767172946.867238,1,-4,-121
1767172946.877238,0,-5,-121
1767172946.8872385,0,-2,-126
1767172946.8972385,0,-3,-122
1767172946.9072382,-3,-5,-122
1767172946.9172382,-3,-1,-129
1767172946.9272382,-2,-4,-130
1767172946.9372382,-5,-6,-125
1767172946.9472382,-3,-6,-119
1767172946.9572382,-4,-3,-125
1767172946.9672382,0,-3,-119
1767172946.9772382,-2,-5,-123
1767172946.9872382,-5,-3,-126
1767172946.9972382,-10,-5,-128
1767172947.007238,-12,-3,-131
1767172947.017238,-11,-4,-132
1767172947.027238,-10,-4,-129
1767172947.037238,-4,-3,-127
1767172947.047238,-3,-2,-129
1767172947.057238,-2,-5,-129
1767172947.067238,-3,-4,-126
1767172947.077238,-3,-7,-127
1767172947.087238,1,-4,-130
1767172947.097238,2,-4,-130
1767172947.107238,2,-3,-125
1767172947.117238,3,-3,-125
1767172947.127238,0,-3,-125
1767172947.1372385,2,-3,-129
1767172947.1472385,0,-3,-127
1767172947.1572382,1,0,-128
1767172947.1672382,-5,-1,-127
1767172947.1772382,-6,-4,-125
1767172947.1872382,-5,-4,-121
1767172947.1972382,-1,-8,-119
1767172947.2072382,2,-9,-122
1767172947.2172382,4,-12,-119
1767172947.2272382,5,-10,-119
1767172947.2372382,1,-7,-119
1767172947.2472382,0,-6,-127
1767172947.257238,-2,-4,-130
1767172947.267238,-1,1,-130
1767172947.277238,-2,0,-132
1767172947.287238,0,-3,-133
1767172947.297238,0,0,-136
1767172947.307238,-5,-4,-129
1767172947.317238,-8,-2,-128
1767172947.327238,-9,-3,-133
1767172947.337238,-9,-2,-136
1767172947.347238,-7,-1,-142
1767172947.357238,-3,-6,-136
1767172947.367238,0,-7,-136
1767172947.377238,-1,-4,-138
1767172947.3872385,0,-2,-134
1767172947.3972385,-5,0,-130
1767172947.4072382,-7,4,-129
1767172947.4172382,0,1,-130
1767172947.4272382,0,1,-125
1767172947.4372382,0,-2,-125
1767172947.4472382,-2,0,-124
1767172947.4572382,-3,1,-134
1767172947.4672382,1,0,-137
1767172947.4772382,-2,0,-136
1767172947.4872382,1,-2,-136
1767172947.4972382,0,-5,-138
1767172947.507238,1,-8,-140
1767172947.517238,4,-8,-138
1767172947.527238,0,-8,-134
1767172947.537238,2,-5,-136
1767172947.547238,-1,-7,-134
1767172947.557238,2,-4,-134
1767172947.567238,4,-2,-135
1767172947.577238,3,-1,-123
1767172947.587238,-4,4,-120
1767172947.597238,-5,-1,-124
1767172947.607238,-4,-4,-129
1767172947.617238,0,-6,-131
1767172947.627238,0,-7,-132
1767172947.6372385,3,-5,-137
1767172947.6472385,2,0,-138
1767172947.6572382,-1,-1,-130
1767172947.6672382,-1,-4,-124
1767172947.6772382,-4,-4,-124
1767172947.6872382,-5,-2,-124
1767172947.6972382,-7,-1,-123
1767172947.7072382,-6,-3,-122
1767172947.7172382,-6,0,-129
1767172947.7272382,-10,-3,-132
1767172947.7372382,-11,-1,-132
1767172947.7472382,-9,-1,-130
1767172947.757238,-9,-1,-129
1767172947.767238,-14,-2,-129
1767172947.777238,-8,-4,-128
1767172947.787238,-6,-3,-129
1767172947.797238,-9,-2,-131
1767172947.807238,-10,-3,-140
1767172947.817238,-8,-3,-144
1767172947.827238,-5,0,-138
1767172947.837238,-4,1,-132
1767172947.847238,-3,0,-128
1767172947.857238,-5,0,-130
1767172947.867238,-7,2,-133
1767172947.877238,-10,5,-135
1767172947.8872385,-6,1,-137
1767172947.8972385,-7,2,-134
1767172947.9072382,-4,2,-134
1767172947.9172382,-3,5,-136
1767172947.9272382,-1,4,-133
1767172947.9372382,-5,4,-123
1767172947.9472382,-1,0,-121
1767172947.9572382,-2,-6,-123
1767172947.9672382,0,-6,-122
1767172947.9772382,-2,-7,-128
1767172947.9872382,-3,-7,-132
1767172947.9972382,-4,-6,-127
1767172948.007238,-3,-4,-127
1767172948.017238,0,0,-131
1767172948.027238,-4,0,-134
1767172948.037238,0,-1,-136
1767172948.047238,0,-5,-134
1767172948.057238,-2,-2,-130
1767172948.067238,0,0,-126
1767172948.077238,3,0,-126
1767172948.087238,2,-2,-130
1767172948.097238,0,-2,-131
1767172948.107238,3,-4,-123
1767172948.117238,4,-4,-119
1767172948.127238,4,-5,-123
1767172948.1372385,2,-3,-133
1767172948.1472385,-1,-2,-129
1767172948.1572382,-7,-4,-127
1767172948.1672382,-5,-3,-125
1767172948.1772382,-3,-6,-126
1767172948.1872382,-4,-7,-126
1767172948.1972382,0,-6,-132
1767172948.2072382,0,-5,-133
1767172948.2172382,0,-7,-139
1767172948.2272382,0,-7,-135
1767172948.2372382,2,-9,-134
1767172948.2472382,0,-6,-131
1767172948.257238,-3,-7,-132
1767172948.267238,-4,-7,-130
1767172948.277238,-4,-2,-124
1767172948.287238,-4,-6,-126
1767172948.297238,-3,-3,-123
1767172948.307238,0,-1,-125
1767172948.317238,0,0,-131
1767172948.327238,-2,0,-120
1767172948.337238,-3,-1,-120
1767172948.347238,-6,1,-127
1767172948.357238,-5,0,-131
1767172948.367238,-6,1,-130
1767172948.377238,-3,-1,-125
1767172948.3872385,-2,-1,-122
1767172948.3972385,-1,0,-126
1767172948.4072382,-1,1,-128
1767172948.4172382,0,2,-136
1767172948.4272382,1,3,-133
1767172948.4372382,1,7,-139
1767172948.4472382,0,8,-139
1767172948.4572382,-1,9,-135
1767172948.4672382,-4,3,-131
1767172948.4772382,-6,3,-132
1767172948.4872382,-5,2,-139
1767172948.4972382,-5,2,-136
1767172948.507238,-9,0,-131
1767172948.517238,-7,0,-136
1767172948.527238,-4,-3,-132
1767172948.537238,-1,-6,-129
1767172948.547238,0,-4,-126
1767172948.557238,1,-9,-131
1767172948.567238,2,-10,-137
1767172948.577238,-1,-11,-141
1767172948.587238,-1,-11,-135
1767172948.597238,0,-9,-137
1767172948.607238,4,-7,-134
1767172948.617238,4,-4,-129
1767172948.627238,4,-3,-132
1767172948.6372385,-1,0,-131
1767172948.6472385,0,-3,-126
1767172948.6572382,-5,-4,-120
1767172948.6672382,-9,-1,-118
1767172948.6772382,-8,1,-123
1767172948.6872382,-7,2,-121
1767172948.6972382,-6,2,-121
1767172948.7072382,-4,0,-121
1767172948.7172382,-5,1,-121
1767172948.7272382,-8,2,-127
1767172948.7372382,-7,-2,-128
1767172948.7472382,-6,0,-118
1767172948.757238,-7,0,-126
1767172948.767238,-6,-2,-131
1767172948.777238,-7,-1,-124
1767172948.787238,-1,2,-121
1767172948.797238,-2,6,-129
1767172948.807238,0,4,-130
1767172948.817238,1,2,-132
1767172948.827238,3,5,-137
1767172948.8382382,-1,3,-142
1767172948.847238,1,2,-141
1767172948.8582382,4,1,-139
1767172948.8682382,1,-2,-137
1767172948.8782382,0,-3,-134
1767172948.8882382,1,-1,-139
1767172948.8982382,-3,-3,-142
1767172948.9082382,-2,-2,-136
1767172948.9182382,-2,-4,-138
1767172948.9282382,-2,-6,-136
1767172948.938238,1,-8,-137
1767172948.948238,-2,-6,-132
1767172948.958238,-5,-1,-135
1767172948.968238,-4,0,-133
1767172948.978238,4,-1,-135
1767172948.988238,3,0,-133
1767172948.998238,1,0,-127
1767172949.008238,3,0,-127
1767172949.018238,3,-3,-124
1767172949.028238,-2,0,-121
1767172949.038238,-3,3,-121
1767172949.048238,1,0,-125
1767172949.0582385,3,1,-121
1767172949.0682385,3,2,-128
1767172949.0782382,2,0,-126
1767172949.0882382,3,-1,-127
1767172949.0982382,4,1,-137
1767172949.1082382,4,0,-140
1767172949.1182382,4,5,-131
1767172949.1282382,3,4,-130
1767172949.1382382,1,5,-128
1767172949.1482382,-1,6,-131
1767172949.1582382,-2,5,-129
1767172949.1682382,-1,4,-139
1767172949.1782382,-3,5,-133
1767172949.188238,1,4,-133
1767172949.198238,7,3,-143
1767172949.208238,3,-2,-140
1767172949.218238,0,-3,-131
1767172949.228238,-4,-1,-123
1767172949.238238,-4,-3,-123
1767172949.248238,-2,-2,-126
1767172949.258238,-1,-3,-130
1767172949.268238,4,-3,-137
1767172949.278238,4,-7,-132
1767172949.288238,2,-7,-134
1767172949.298238,4,-4,-137
1767172949.3082385,2,-4,-135
1767172949.3182385,4,-4,-136
1767172949.3282382,4,-5,-136
1767172949.3382382,1,-5,-134
1767172949.3482382,4,-1,-136
1767172949.3582382,1,0,-133
1767172949.3682382,1,4,-125
1767172949.3782382,3,0,-124
1767172949.3882382,4,1,-126
1767172949.3982382,3,2,-124
1767172949.4082382,0,-5,-124
1767172949.4182382,0,-7,-123
1767172949.4282382,-4,-6,-131
1767172949.438238,-5,-3,-133
1767172949.448238,-4,-6,-135
1767172949.458238,0,-4,-133
1767172949.468238,3,-2,-138
1767172949.478238,3,1,-133
1767172949.488238,-2,1,-129
1767172949.498238,-4,0,-127
1767172949.508238,-9,-1,-127
1767172949.518238,-6,-1,-123
1767172949.528238,-3,-5,-127
1767172949.538238,-1,-7,-132
1767172949.548238,1,-6,-135
1767172949.5582385,2,-2,-137
1767172949.5682385,3,-1,-137
1767172949.5782382,5,-3,-141
1767172949.5882382,5,-3,-132
1767172949.5982382,1,-3,-127
1767172949.6082382,0,0,-129
1767172949.6182382,1,-2,-130
1767172949.6282382,-1,0,-133
1767172949.649238,1,-4,-137
1767172949.6582382,2,-1,-134
1767172949.6682382,1,0,-139
1767172949.6782382,0,1,-138
1767172949.688238,1,-1,-138
1767172949.698238,2,0,-136
1767172949.708238,-2,-1,-139
1767172949.718238,-8,-2,-138
1767172949.728238,-5,0,-142
1767172949.738238,-4,-3,-139
1767172949.748238,-5,-3,-142
1767172949.758238,0,-3,-145
1767172949.768238,-1,1,-138
1767172949.778238,-2,1,-136
1767172949.788238,0,-1,-134
1767172949.798238,1,-3,-131
1767172949.8082385,0,-7,-127
1767172949.8182385,2,-4,-129
1767172949.8282382,2,-4,-135
1767172949.8382382,1,-2,-133
1767172949.8482382,2,-5,-136
1767172949.8582382,2,-7,-137
1767172949.8682382,4,-7,-135
1767172949.8782382,9,-7,-131
1767172949.8882382,10,-5,-136
1767172949.8982382,5,-4,-134
1767172949.9082382,2,-4,-131
1767172949.9182382,4,-2,-127
1767172949.9282382,1,-2,-133
1767172949.938238,1,0,-129
1767172949.948238,2,-6,-129
1767172949.958238,0,-8,-126
1767172949.968238,-2,-8,-123
1767172949.978238,-1,-9,-120
1767172949.988238,0,-2,-122
1767172949.998238,1,0,-121
1767172950.008238,1,-1,-122
1767172950.018238,-3,-4,-125
1767172950.028238,-2,-6,-128
1767172950.038238,-2,-3,-127
1767172950.048238,1,-5,-122
1767172950.0582385,0,-6,-120
1767172950.0682385,0,-1,-124
1767172950.0782382,0,0,-125
1767172950.0882382,5,4,-121
1767172950.0982382,4,6,-119
1767172950.1082382,5,7,-125
1767172950.1182382,2,7,-134
1767172950.1282382,0,5,-130
1767172950.1382382,1,3,-131
1767172950.1482382,-1,4,-137
1767172950.1582382,-4,4,-134
1767172950.1682382,1,3,-135
1767172950.1782382,3,2,-135
1767172950.188238,8,0,-136
1767172950.198238,12,-1,-135
1767172950.208238,9,0,-138
1767172950.218238,8,0,-137
1767172950.228238,6,-3,-135
1767172950.238238,2,-4,-138
1767172950.248238,2,-3,-142
1767172950.258238,4,-4,-137
1767172950.268238,3,-5,-135
1767172950.278238,0,-4,-134
1767172950.288238,-1,-7,-132
1767172950.298238,0,-3,-135
1767172950.3082385,4,-6,-135
1767172950.3182385,2,-1,-133
1767172950.3282382,6,0,-128
1767172950.3382382,0,-2,-125
1767172950.3482382,-1,-2,-131
1767172950.3582382,-5,-5,-130
1767172950.3682382,-4,-4,-125
1767172950.3782382,-1,-2,-124
1767172950.3882382,0,-1,-122
1767172950.3982382,-1,0,-127
1767172950.4082382,-3,2,-132
1767172950.4182382,-2,1,-135
1767172950.4282382,-2,-2,-133
1767172950.438238,0,-3,-124
1767172950.448238,0,-2,-124
1767172950.458238,1,-4,-124
1767172950.468238,-1,0,-124
1767172950.478238,0,0,-128
1767172950.488238,-1,0,-133
1767172950.498238,-1,-1,-134
1767172950.508238,1,0,-132
1767172950.518238,1,-4,-131
1767172950.528238,2,-3,-129
1767172950.538238,1,0,-137
1767172950.548238,1,-3,-133
1767172950.5582385,1,0,-132
1767172950.5682385,3,0,-136
1767172950.5782382,3,2,-139
1767172950.5882382,2,-4,-131
1767172950.5982382,-2,-4,-132
1767172950.6082382,-2,-3,-135
1767172950.6182382,0,-1,-141
1767172950.6282382,0,-5,-141
1767172950.6382382,0,-5,-139
1767172950.6482382,-2,-5,-133
1767172950.6582382,-3,-3,-132
1767172950.6682382,-4,-6,-135
1767172950.6782382,-6,-5,-130
1767172950.688238,-8,-4,-127
1767172950.698238,-4,-4,-127
1767172950.708238,0,-3,-127
1767172950.718238,4,-2,-124
1767172950.728238,6,3,-129
1767172950.738238,0,4,-129
1767172950.748238,-4,5,-130
1767172950.758238,-9,10,-136
1767172950.768238,-11,4,-133
1767172950.778238,-10,2,-134
1767172950.788238,-12,0,-126
1767172950.798238,-11,0,-123
1767172950.8082385,-9,1,-122
1767172950.8182385,-6,0,-123
1767172950.8282382,-3,0,-123
1767172950.8382382,-5,4,-125
1767172950.8482382,-4,3,-126
1767172950.8582382,-2,6,-125
1767172950.8682382,-1,12,-123
1767172950.8782382,0,8,-131
1767172950.8882382,2,4,-130
1767172950.8982382,-5,0,-132
1767172950.9082382,-5,1,-139
1767172950.9182382,-2,0,-135
1767172950.9282382,1,-2,-138
1767172950.938238,0,-4,-135
1767172950.948238,-1,-2,-131
1767172950.958238,-3,0,-136
1767172950.968238,-2,0,-138
1767172950.978238,-2,4,-134
1767172950.988238,-5,3,-137
1767172950.998238,-3,6,-139
1767172951.008238,-2,1,-138
1767172951.018238,0,1,-136
1767172951.028238,2,2,-132
1767172951.038238,1,0,-133
1767172951.048238,-1,-1,-137
1767172951.0582385,0,-2,-144
1767172951.0682385,-4,0,-146
1767172951.0782382,-3,-3,-135
1767172951.0882382,-5,-2,-131
1767172951.0982382,-3,-5,-130
1767172951.1082382,-3,-4,-127
1767172951.1182382,-4,-1,-131
1767172951.1282382,0,-2,-124
1767172951.1382382,2,-2,-125
1767172951.1482382,2,-5,-133
1767172951.1582382,4,-6,-127
1767172951.1682382,0,-5,-130
1767172951.1782382,0,-4,-133
1767172951.188238,0,-3,-124
1767172951.198238,-3,-5,-121
1767172951.208238,-4,-6,-121
1767172951.218238,-2,-4,-120
1767172951.228238,1,-4,-117
1767172951.238238,1,-4,-117
1767172951.248238,5,-8,-121
1767172951.258238,4,-5,-128
1767172951.268238,9,-5,-130
1767172951.278238,5,-5,-130
1767172951.288238,4,-2,-122
1767172951.298238,3,0,-124
1767172951.3082385,4,1,-128
1767172951.3182385,3,0,-132
1767172951.3282382,4,0,-128
1767172951.3382382,4,0,-129
1767172951.3482382,4,3,-134
1767172951.3582382,2,5,-128
1767172951.3682382,1,2,-128
1767172951.3782382,0,0,-133
1767172951.3882382,4,-3,-136
1767172951.3982382,4,-1,-132
1767172951.4082382,0,-7,-132
1767172951.4182382,-1,-5,-134
1767172951.4282382,-6,-3,-130
1767172951.438238,-1,0,-127
1767172951.449238,-1,-3,-127
1767172951.458238,-1,0,-137
1767172951.468238,-1,0,-143
1767172951.4792385,-5,0,-139
1767172951.488238,-2,4,-141
1767172951.4992385,-4,1,-135
1767172951.5092382,1,0,-129
1767172951.5192382,4,3,-130
1767172951.5292382,3,1,-132
1767172951.5392382,5,0,-133
1767172951.5492382,4,1,-139
1767172951.5592382,5,0,-144
1767172951.5692382,4,-4,-132
1767172951.5792382,-1,-6,-130
1767172951.5892382,-3,-8,-127
1767172951.5992382,-2,-6,-126
1767172951.609238,-4,-8,-127
1767172951.619238,-6,-7,-131
1767172951.629238,-1,-5,-127
1767172951.639238,3,-3,-123
1767172951.649238,0,-3,-130
1767172951.659238,0,-5,-132
1767172951.669238,-1,-4,-129
1767172951.679238,5,-1,-123
1767172951.689238,5,0,-126
1767172951.699238,1,0,-131
1767172951.709238,6,2,-137
1767172951.719238,2,4,-133
1767172951.7292385,1,3,-137
1767172951.7392385,2,1,-139
1767172951.7492385,0,0,-132
1767172951.7592382,-3,0,-128
1767172951.7692382,-4,2,-129
1767172951.7792382,-2,0,-129
1767172951.7892382,0,0,-131
1767172951.7992382,-1,-3,-130
1767172951.8092382,-2,-3,-131
1767172951.8192382,-1,0,-134
1767172951.8292382,-3,0,-129
1767172951.8392382,-8,-2,-137
1767172951.8492382,-5,-3,-132
1767172951.859238,-7,-6,-136
1767172951.869238,-1,-5,-129
1767172951.879238,-2,-5,-126
1767172951.889238,-3,-6,-124
1767172951.899238,3,-4,-133
1767172951.909238,2,-3,-139
1767172951.919238,-2,-2,-138
1767172951.929238,-3,-2,-133
1767172951.939238,0,-5,-133
1767172951.949238,0,-8,-131
1767172951.959238,-2,-9,-131
1767172951.969238,-5,-11,-131
1767172951.9792385,-6,-7,-132
1767172951.9892385,-4,-5,-135
1767172951.9992385,-4,-9,-138
1767172952.0092382,-6,-6,-137
1767172952.0192382,-4,-6,-137
1767172952.0292382,-11,-5,-143
1767172952.0392382,-13,-4,-142
1767172952.0492382,-12,-7,-137
1767172952.0592382,-12,-8,-133
1767172952.0692382,-5,-5,-134
1767172952.0792382,-6,-7,-136
1767172952.0892382,-7,-4,-134
1767172952.0992382,-5,-5,-141
1767172952.109238,-9,-7,-139
1767172952.119238,-8,-5,-147
1767172952.129238,-9,-4,-146
1767172952.139238,-9,0,-142
1767172952.149238,-5,0,-135
1767172952.159238,-1,-1,-135
1767172952.169238,0,-5,-136
1767172952.179238,0,-5,-135
1767172952.189238,-1,-5,-136
1767172952.199238,-5,-3,-140
1767172952.209238,-1,1,-139
1767172952.219238,6,6,-138
1767172952.2292385,3,3,-135
1767172952.2392385,2,5,-134
1767172952.2492385,5,0,-137
1767172952.2592382,3,0,-136
1767172952.2692382,3,1,-135
1767172952.2792382,0,3,-127
1767172952.2892382,-6,2,-132
1767172952.2992382,-8,2,-125
1767172952.3092382,-7,0,-126
1767172952.3192382,-9,0,-126
1767172952.3292382,-8,0,-132
1767172952.3392382,-11,-3,-130
1767172952.3492382,-8,0,-132
1767172952.359238,-7,2,-130
1767172952.369238,-6,2,-130
1767172952.379238,-6,1,-132
1767172952.389238,-6,1,-129
1767172952.399238,-3,3,-128
1767172952.409238,-6,3,-131
1767172952.419238,-5,1,-124
1767172952.429238,-4,0,-130
1767172952.439238,1,0,-131
1767172952.449238,0,0,-131
1767172952.459238,-2,-4,-131
1767172952.469238,-7,-6,-132
1767172952.4792385,-6,-6,-130
1767172952.4892385,-9,-3,-127
1767172952.4992385,-2,-3,-129
1767172952.5092382,0,-4,-134
1767172952.5192382,0,-1,-130
1767172952.5292382,-1,-1,-134
1767172952.5392382,0,-3,-138
1767172952.5492382,-5,-2,-136
1767172952.5592382,-5,3,-131
1767172952.5692382,-10,0,-130
1767172952.5792382,-5,2,-126
1767172952.5892382,-10,4,-129
1767172952.5992382,-9,1,-123
1767172952.609238,-4,-3,-123
1767172952.619238,-6,-5,-126
1767172952.629238,-6,-5,-125
1767172952.639238,-6,-3,-125
1767172952.649238,-3,-1,-130
1767172952.659238,-2,-2,-129
1767172952.669238,-2,-5,-135
1767172952.679238,-5,-1,-132
1767172952.689238,-5,1,-127
1767172952.699238,-6,1,-134
1767172952.709238,-4,-1,-132
1767172952.719238,-3,-6,-130
1767172952.7292385,-3,-7,-129
1767172952.7392385,-1,-7,-127
1767172952.7492385,-5,-3,-126
1767172952.7592382,-1,-5,-131
1767172952.7692382,0,-4,-132
1767172952.7792382,0,-2,-131
1767172952.7892382,0,-5,-132
1767172952.7992382,-1,-4,-136
1767172952.8092382,1,-4,-132
1767172952.8192382,3,-2,-133
1767172952.8292382,7,-2,-138
1767172952.8392382,7,-2,-140
1767172952.8492382,3,0,-134
1767172952.859238,2,2,-139
1767172952.869238,0,-1,-132
1767172952.879238,2,-3,-126
1767172952.889238,3,2,-130
1767172952.899238,3,2,-129
1767172952.909238,4,2,-131
1767172952.919238,3,2,-134
1767172952.929238,0,4,-131
1767172952.939238,0,3,-128
1767172952.949238,1,-1,-125
1767172952.959238,5,-2,-126
1767172952.969238,4,-6,-127
1767172952.9792385,4,-11,-122
1767172952.9892385,7,-15,-122
1767172952.9992385,8,-11,-122
1767172953.0092382,5,-8,-121
1767172953.0192382,0,-11,-118
1767172953.0292382,0,-16,-118
1767172953.0392382,1,-13,-118
1767172953.0492382,4,-7,-123
1767172953.0592382,2,-1,-126
1767172953.0692382,2,0,-130
1767172953.0792382,1,0,-130
1767172953.0892382,-1,0,-129
1767172953.0992382,1,-1,-125
1767172953.109238,1,0,-126
1767172953.119238,1,3,-130
1767172953.129238,0,-2,-133
1767172953.139238,0,-3,-133
1767172953.149238,0,-3,-134
1767172953.159238,0,-2,-134
1767172953.169238,0,-1,-125
1767172953.179238,1,2,-129
1767172953.189238,-2,2,-128
1767172953.199238,1,3,-124
1767172953.209238,1,2,-126
1767172953.219238,3,0,-117
1767172953.2292385,0,-2,-115
1767172953.2392385,-2,-2,-117
1767172953.2492385,-1,-6,-124
1767172953.2592382,-3,-4,-124
1767172953.2692382,-4,-1,-127
1767172953.2792382,-5,1,-129
1767172953.2892382,-4,0,-129
1767172953.2992382,1,0,-130
1767172953.3092382,0,-1,-130
1767172953.3192382,0,-1,-129
1767172953.3292382,1,3,-128
1767172953.3392382,4,-2,-127
1767172953.3492382,8,-6,-127
1767172953.359238,4,-5,-127
1767172953.369238,2,-3,-131
1767172953.379238,2,1,-134
1767172953.389238,-2,2,-128
1767172953.399238,-1,3,-126
1767172953.409238,0,0,-123
1767172953.419238,-3,0,-122
1767172953.429238,0,-3,-116
1767172953.439238,6,-4,-121
1767172953.449238,4,-2,-123
1767172953.459238,4,-1,-118
1767172953.469238,1,-3,-124
1767172953.4792385,4,0,-130
1767172953.4892385,2,-3,-129
1767172953.4992385,1,2,-122
1767172953.5092382,3,7,-125
1767172953.5192382,5,8,-130
1767172953.5292382,3,5,-131
1767172953.5392382,0,3,-130
1767172953.5492382,0,4,-140
1767172953.5592382,0,5,-140
1767172953.5692382,1,5,-127
1767172953.5792382,2,2,-126
1767172953.5892382,0,-3,-122
1767172953.5992382,-5,-2,-118
1767172953.609238,-4,-5,-123
1767172953.619238,-2,-6,-128
1767172953.629238,-1,-7,-128
1767172953.639238,-1,-8,-129
1767172953.649238,-2,-4,-130
1767172953.659238,1,-1,-132
1767172953.669238,-1,0,-134
1767172953.6802382,0,-2,-139
1767172953.689238,-2,1,-135
1767172953.699238,-2,0,-133
1767172953.709238,-4,-2,-131
1767172953.719238,-3,-4,-127
1767172953.7292385,1,-2,-128
1767172953.7392385,-1,-1,-127
1767172953.7492385,1,1,-127
1767172953.7592382,-2,4,-123
1767172953.7692382,-2,0,-125
1767172953.7792382,-1,1,-130
1767172953.7892382,-5,1,-133
1767172953.7992382,-1,4,-137
1767172953.8092382,-2,-1,-139
1767172953.8192382,1,0,-136
1767172953.8292382,-1,3,-134
1767172953.8392382,2,6,-129
1767172953.8492382,2,5,-127
1767172953.859238,0,1,-123
1767172953.869238,-3,-2,-125
1767172953.879238,0,-3,-131
1767172953.889238,-2,-4,-126
1767172953.899238,1,-5,-127
1767172953.909238,6,-5,-119
1767172953.919238,5,-5,-123
1767172953.929238,5,-3,-131
1767172953.939238,1,-2,-134
1767172953.949238,0,-2,-131
1767172953.959238,-2,-5,-130
1767172953.969238,-4,0,-131
1767172953.9792385,-2,0,-129
1767172953.9892385,-5,3,-127
1767172953.9992385,-1,2,-129
1767172954.0092382,-5,0,-126
1767172954.0192382,-8,2,-121
1767172954.0292382,-11,5,-111
1767172954.0392382,-10,2,-118
1767172954.0492382,-6,-4,-118
1767172954.0592382,-3,-5,-114
1767172954.070238,-3,-2,-114
1767172954.080238,-3,6,-125
1767172954.090238,-5,8,-121
1767172954.100238,-4,3,-122
1767172954.110238,2,2,-124
1767172954.120238,2,3,-126
1767172954.130238,2,0,-122
1767172954.140238,-1,-3,-121
1767172954.150238,0,-3,-122
1767172954.1602385,4,0,-121
1767172954.1702385,7,0,-122
1767172954.1802382,9,1,-130
1767172954.1902382,9,0,-133
1767172954.2002382,5,0,-132
1767172954.2102382,2,-2,-130
1767172954.2202382,-2,-2,-135
1767172954.2302382,-7,-2,-131
1767172954.2402382,-5,-2,-133
1767172954.2502382,-7,0,-132
1767172954.2602382,-8,-3,-133
1767172954.2702382,-5,-4,-143
1767172954.2802382,-5,-5,-139
1767172954.290238,-4,-2,-134
1767172954.300238,-1,-6,-131
1767172954.310238,-4,-2,-133
1767172954.320238,-2,0,-140
1767172954.330238,-3,-3,-134
1767172954.340238,-1,-6,-131
1767172954.350238,3,-2,-131
1767172954.360238,5,-1,-130
1767172954.370238,7,2,-130
1767172954.380238,6,10,-129
1767172954.390238,-1,7,-132
1767172954.400238,-1,5,-136
1767172954.4102385,4,4,-137
1767172954.4202385,7,4,-136
1767172954.4302382,2,2,-134
1767172954.4402382,2,4,-124
1767172954.4502382,1,6,-128
1767172954.4602382,2,7,-136
1767172954.4702382,-3,4,-133
1767172954.4802382,-4,5,-131
1767172954.4902382,-4,4,-129
1767172954.5002382,1,0,-126
1767172954.5102382,1,0,-124
1767172954.5202382,0,-3,-126
1767172954.5302382,2,-9,-126
1767172954.540238,1,-4,-131
1767172954.550238,0,-6,-138
1767172954.560238,-5,-7,-142
1767172954.570238,-1,-8,-143
1767172954.580238,1,-9,-141
1767172954.590238,2,-5,-141
1767172954.600238,5,-4,-139
1767172954.610238,4,-4,-140
1767172954.620238,8,-7,-145
1767172954.630238,6,-3,-137
1767172954.640238,2,-6,-137
1767172954.662238,1,-7,-131
1767172954.6702385,-4,-7,-127
1767172954.6802382,0,-5,-128
1767172954.6902382,0,-4,-129
1767172954.7002382,-3,-1,-123
1767172954.7102382,-2,-4,-129
1767172954.7202382,2,-7,-131
1767172954.7302382,3,-1,-136
1767172954.7402382,3,0,-129
1767172954.7502382,3,0,-132
1767172954.7602382,3,-1,-124
1767172954.7702382,0,-1,-125
1767172954.7802382,0,-3,-126
1767172954.790238,0,-2,-129
1767172954.800238,-2,-2,-126
1767172954.810238,-2,-5,-123
1767172954.820238,-3,-9,-129
1767172954.830238,-4,-9,-130
1767172954.840238,-1,-7,-132
1767172954.850238,0,-8,-131
1767172954.860238,0,-9,-136
1767172954.870238,0,-6,-130
1767172954.880238,5,-3,-133
1767172954.890238,8,-1,-132
1767172954.900238,8,1,-133
1767172954.9102385,3,0,-139
1767172954.9202385,0,0,-132
1767172954.9302382,0,0,-131
1767172954.9402382,2,0,-125
1767172954.9502382,0,0,-128
1767172954.9602382,0,-2,-132
1767172954.9702382,0,-5,-136
1767172954.9802382,0,-5,-139
1767172954.9902382,0,-4,-136
1767172955.0002382,1,-4,-137
1767172955.0102382,2,-1,-139
1767172955.0202382,0,3,-138
1767172955.0302382,4,3,-135
1767172955.040238,1,3,-130
1767172955.050238,-3,2,-129
1767172955.060238,-1,0,-133
1767172955.070238,-2,-1,-135
1767172955.080238,-2,3,-126
1767172955.090238,-5,-1,-129
1767172955.100238,-4,0,-128
1767172955.110238,-2,1,-126
1767172955.120238,0,1,-134
1767172955.130238,-2,0,-137
1767172955.140238,-1,1,-133
1767172955.150238,0,1,-128
1767172955.1602385,0,4,-128
1767172955.1702385,-3,4,-123
1767172955.1802382,-1,1,-123
1767172955.1902382,0,0,-126
1767172955.2002382,-2,2,-126
1767172955.2102382,-3,0,-120
1767172955.2202382,-2,0,-120
1767172955.2302382,-5,0,-118
1767172955.2402382,-6,0,-119
1767172955.2502382,-4,0,-123
1767172955.2602382,-6,2,-129
1767172955.2702382,-4,4,-124
1767172955.2802382,0,5,-128
1767172955.290238,-2,2,-132
1767172955.300238,0,0,-135
1767172955.310238,4,2,-139
1767172955.320238,2,3,-137
1767172955.330238,4,2,-139
1767172955.340238,0,4,-134
1767172955.350238,0,5,-130
1767172955.360238,0,3,-131
1767172955.370238,0,2,-128
1767172955.380238,1,3,-131
1767172955.390238,1,4,-138
1767172955.400238,3,4,-133
1767172955.4102385,0,2,-129
1767172955.4202385,0,1,-126
1767172955.4302382,1,0,-120
1767172955.4402382,2,2,-121
1767172955.4502382,1,0,-129
1767172955.4602382,3,0,-129
1767172955.4702382,4,-3,-126
1767172955.4802382,4,-2,-134
1767172955.4902382,2,-1,-139
1767172955.5002382,2,1,-140
1767172955.5102382,0,1,-136
1767172955.5202382,-3,0,-137
1767172955.5302382,-4,0,-137
1767172955.540238,-3,-3,-140
1767172955.550238,-3,-3,-128
1767172955.560238,-5,-5,-126
1767172955.570238,-2,-4,-128
1767172955.580238,-3,-5,-136
1767172955.590238,-5,-4,-136
1767172955.600238,-1,-2,-135
1767172955.610238,0,-1,-136
1767172955.620238,1,-1,-133
1767172955.630238,1,1,-135
1767172955.640238,0,1,-138
1767172955.650238,-5,2,-133
1767172955.6602385,-5,0,-128
1767172955.6702385,-6,1,-132
1767172955.6802382,-7,0,-132
1767172955.6902382,-3,-3,-136
1767172955.7002382,0,-3,-128
1767172955.7102382,2,-5,-123
1767172955.7202382,0,-2,-123
1767172955.7302382,0,-3,-124
1767172955.7402382,0,0,-129
1767172955.7502382,-1,0,-126
1767172955.7602382,0,-1,-126
1767172955.7702382,-3,0,-129
1767172955.7802382,-6,-1,-131
1767172955.790238,-5,-3,-133
1767172955.800238,-1,0,-133
1767172955.810238,0,0,-134
1767172955.820238,-1,0,-131
1767172955.830238,2,-1,-129
1767172955.840238,0,-4,-132
1767172955.850238,0,-4,-138
1767172955.860238,0,-2,-137
1767172955.870238,-1,0,-134
1767172955.880238,-2,-1,-128
1767172955.890238,-6,-3,-123
1767172955.900238,-1,-2,-124
1767172955.9102385,-2,0,-127
1767172955.9202385,-2,1,-130
1767172955.9302382,-4,0,-129
1767172955.9402382,-3,1,-129
1767172955.9502382,-1,0,-130
1767172955.9602382,-1,-3,-123
1767172955.9702382,-3,-2,-123
1767172955.9802382,0,-2,-126
1767172955.9902382,-1,2,-127
1767172956.0002382,1,0,-127
1767172956.0102382,3,-2,-129
1767172956.0202382,-1,0,-132
1767172956.0302382,0,0,-141
1767172956.040238,0,-3,-148
1767172956.050238,1,-4,-148
1767172956.060238,6,-1,-142
1767172956.070238,6,-1,-141
1767172956.080238,2,-7,-138
1767172956.090238,0,-7,-132
1767172956.100238,-2,-6,-122
1767172956.110238,-2,-3,-128
1767172956.120238,0,-2,-128
1767172956.130238,-2,-6,-132
1767172956.140238,0,-5,-129
1767172956.150238,0,0,-120
1767172956.1602385,2,1,-118
1767172956.1702385,0,4,-118
1767172956.1802382,3,4,-120
1767172956.1902382,8,3,-118
1767172956.2002382,3,1,-119
1767172956.2102382,5,0,-119
1767172956.2202382,4,-3,-127
1767172956.2302382,2,0,-122
1767172956.2402382,2,2,-126
1767172956.2502382,1,2,-129
1767172956.2602382,1,0,-127
1767172956.2702382,2,-1,-129
1767172956.2802382,3,-5,-136
1767172956.290238,4,-5,-138
1767172956.300238,0,-6,-129
1767172956.310238,-2,1,-127
1767172956.320238,-2,0,-125
1767172956.330238,2,-1,-125
1767172956.340238,3,2,-129
1767172956.350238,3,2,-132
1767172956.360238,2,1,-129
1767172956.370238,1,1,-130
1767172956.380238,-3,-2,-131
1767172956.390238,-4,-2,-127
1767172956.400238,-5,-3,-127
1767172956.4102385,-6,-4,-121
1767172956.4202385,-8,-6,-125
1767172956.4302382,-4,-8,-129
1767172956.4402382,-1,-6,-130
1767172956.4502382,2,-6,-129
1767172956.4602382,2,-5,-126
1767172956.4702382,2,-5,-126
1767172956.4802382,0,-2,-124
1767172956.4902382,2,-2,-123
1767172956.5002382,5,-4,-118
1767172956.5102382,6,-6,-121
1767172956.5202382,6,-7,-119
1767172956.5302382,-1,-10,-121
1767172956.540238,-1,-6,-133
1767172956.550238,-2,-4,-133
1767172956.560238,-2,-3,-138
1767172956.570238,-4,-4,-138
1767172956.580238,-3,-2,-135
1767172956.590238,-5,-7,-131
1767172956.600238,-2,-5,-135
1767172956.610238,-2,-2,-133
1767172956.620238,5,0,-132
1767172956.630238,3,1,-131
1767172956.640238,3,1,-131
1767172956.650238,4,1,-130
1767172956.6602385,2,-1,-126
1767172956.6702385,1,-3,-123
1767172956.6802382,4,-3,-125
1767172956.6912382,3,-5,-131
1767172956.7002382,2,-6,-136
1767172956.711238,2,-5,-133
1767172956.721238,4,1,-126
1767172956.731238,0,-1,-125
1767172956.741238,0,-1,-128
1767172956.751238,-5,-1,-134
1767172956.761238,-2,-6,-142
1767172956.771238,0,-7,-137
1767172956.781238,1,-4,-133
1767172956.791238,3,-2,-127
1767172956.801238,5,-3,-123
1767172956.811238,4,-1,-123
1767172956.821238,3,-6,-125
1767172956.8312385,3,-6,-125
1767172956.8412385,3,-5,-123
1767172956.8512385,3,-4,-124
1767172956.8612382,3,-4,-129
1767172956.8712382,4,1,-127
1767172956.8812382,5,2,-128
1767172956.8912382,7,0,-134
1767172956.9012382,4,0,-137
1767172956.9112382,7,0,-131
1767172956.9212382,4,-3,-128
1767172956.9312382,0,-1,-126
1767172956.9412382,-3,0,-125
1767172956.9512382,-4,1,-129
1767172956.961238,-3,-1,-128
1767172956.971238,1,-2,-132
1767172956.981238,2,-4,-133
1767172956.991238,3,-4,-136
1767172957.001238,1,-7,-134
1767172957.011238,1,-9,-130
1767172957.021238,2,-9,-130
1767172957.031238,5,-13,-126
1767172957.041238,5,-11,-128
1767172957.051238,3,-10,-131
1767172957.061238,4,-7,-133
1767172957.071238,0,-7,-127
1767172957.0812385,-3,-8,-132
1767172957.0912385,1,-4,-134
1767172957.1012385,2,-4,-135
1767172957.1112382,4,-2,-133
1767172957.1212382,0,-6,-138
1767172957.1312382,1,-3,-138
1767172957.1412382,-1,-2,-136
1767172957.1512382,-1,-5,-137
1767172957.1612382,-2,-6,-135
1767172957.1712382,0,-1,-141
1767172957.1812382,2,0,-141
1767172957.1912382,0,-2,-134
1767172957.2012382,3,-3,-138
1767172957.211238,1,-6,-127
1767172957.221238,-6,-3,-124
1767172957.231238,-8,-2,-124
1767172957.241238,-3,1,-137
1767172957.251238,1,1,-139
1767172957.261238,0,0,-133
1767172957.271238,2,-1,-124
1767172957.281238,4,-1,-124
1767172957.291238,1,-1,-127
1767172957.301238,-2,0,-129
1767172957.311238,-1,-2,-133
1767172957.321238,0,-4,-136
1767172957.3312385,3,-4,-130
1767172957.3412385,0,-4,-126
1767172957.3512385,3,0,-130
1767172957.3612382,6,-3,-130
1767172957.3712382,0,-3,-134
1767172957.3812382,0,-3,-135
1767172957.3912382,0,0,-135
1767172957.4012382,5,3,-132
1767172957.4112382,2,5,-127
1767172957.4212382,3,2,-125
1767172957.4312382,0,1,-124
1767172957.4412382,0,0,-125
1767172957.4512382,0,-5,-122
1767172957.461238,2,-2,-117
1767172957.471238,6,0,-120
1767172957.481238,4,-1,-120
1767172957.491238,3,-1,-121
1767172957.501238,5,-3,-123
1767172957.511238,3,2,-129
1767172957.521238,0,2,-129
1767172957.531238,0,4,-132
1767172957.541238,-3,6,-139
1767172957.551238,-4,8,-140
1767172957.561238,-7,4,-140
1767172957.571238,-4,3,-140
1767172957.5812385,-2,3,-135
1767172957.5912385,-2,-1,-142
1767172957.6012385,-5,-3,-137
1767172957.6112382,-7,-3,-136
1767172957.6212382,-4,2,-137
1767172957.6312382,-6,4,-138
1767172957.6412382,-5,-1,-136
1767172957.6512382,-5,-5,-134
1767172957.6612382,-3,-5,-127
1767172957.6712382,-5,-5,-132
1767172957.6812382,-11,-4,-121
1767172957.6912382,-11,-4,-125
1767172957.7012382,-9,-4,-125
1767172957.711238,-6,-5,-130
1767172957.721238,-4,-7,-130
1767172957.731238,-6,-6,-128
1767172957.741238,-10,-5,-130
1767172957.751238,-7,-9,-124
1767172957.761238,-5,-9,-127
1767172957.771238,-5,-8,-124
1767172957.781238,-4,-8,-129
1767172957.791238,-5,-9,-127
1767172957.801238,-4,-7,-127
1767172957.811238,-3,-4,-126
1767172957.821238,-4,-3,-123
1767172957.8312385,-1,-4,-130
1767172957.8412385,-4,-4,-129
1767172957.8512385,-8,-5,-133
1767172957.8612382,-3,-3,-134
1767172957.8712382,-4,-4,-130
1767172957.8812382,-4,-3,-125
1767172957.8912382,-4,-3,-125
1767172957.9012382,1,-2,-126
1767172957.9112382,-2,-2,-131
1767172957.9212382,-2,1,-129
1767172957.9312382,-2,0,-122
1767172957.9412382,-7,-1,-130
1767172957.9512382,-7,-3,-127
1767172957.961238,-6,-2,-132
1767172957.971238,-2,-6,-136
1767172957.981238,-4,-7,-133
1767172957.991238,-6,-5,-136
1767172958.001238,-11,-3,-132
1767172958.011238,-6,1,-130
1767172958.021238,-7,3,-128
1767172958.031238,-5,3,-128
1767172958.041238,-8,2,-131
1767172958.051238,-9,0,-134
1767172958.061238,-10,4,-132
1767172958.071238,-6,3,-125
1767172958.0812385,-5,1,-122
1767172958.0912385,-3,2,-125
1767172958.1012385,0,0,-124
1767172958.1112382,6,3,-125
1767172958.1212382,4,0,-124
1767172958.1312382,2,0,-116
1767172958.1412382,2,0,-122
1767172958.1512382,5,1,-130
1767172958.1612382,5,0,-133
1767172958.1712382,4,-1,-134
1767172958.1812382,4,-5,-135
1767172958.1912382,3,-1,-138
1767172958.2012382,1,-2,-132
1767172958.211238,-2,-3,-130
1767172958.221238,1,-1,-133
1767172958.231238,0,-1,-135
1767172958.241238,-5,-4,-138
1767172958.251238,-5,-4,-134
1767172958.261238,0,-4,-140
1767172958.271238,4,-7,-140
1767172958.281238,4,-10,-143
1767172958.291238,2,-7,-142
1767172958.301238,3,-7,-145
1767172958.311238,7,-4,-139
1767172958.321238,2,0,-136
1767172958.3312385,0,-5,-132
1767172958.3412385,-1,-1,-134
1767172958.3512385,1,0,-131
1767172958.3612382,0,1,-135
1767172958.3712382,-1,-1,-134
1767172958.3812382,1,0,-136
1767172958.3912382,-4,1,-131
1767172958.4012382,-9,1,-132
1767172958.4112382,-5,0,-133
1767172958.4212382,-5,-4,-138
1767172958.4312382,-2,-3,-136
1767172958.4412382,0,0,-138
1767172958.4512382,1,3,-139
1767172958.461238,1,2,-139
1767172958.471238,0,0,-140
1767172958.481238,-3,2,-140
1767172958.491238,-6,1,-138
1767172958.501238,-8,-1,-134
1767172958.511238,-4,-2,-131
1767172958.521238,1,0,-131
1767172958.531238,2,-2,-122
1767172958.541238,4,-1,-121
1767172958.551238,3,2,-122
1767172958.561238,0,7,-124
1767172958.571238,0,5,-130
1767172958.5812385,1,2,-124
1767172958.5912385,5,1,-127
1767172958.6012385,4,1,-130
1767172958.6112382,5,2,-128
1767172958.6212382,0,4,-134
1767172958.6312382,-2,8,-131
1767172958.6412382,0,6,-130
1767172958.6512382,2,8,-126
1767172958.6612382,-1,8,-130
1767172958.6712382,-3,4,-131
1767172958.6812382,-5,0,-137
1767172958.6912382,-6,-3,-139
1767172958.7012382,-2,-5,-133
1767172958.711238,0,-1,-124
1767172958.721238,0,-3,-120
1767172958.731238,-2,-7,-123
1767172958.741238,-3,-11,-123
1767172958.751238,0,-10,-124
1767172958.761238,0,-6,-125
1767172958.771238,3,-3,-127
1767172958.781238,1,-6,-127
1767172958.791238,0,-5,-123
1767172958.801238,2,-3,-127
1767172958.811238,1,-2,-130
1767172958.821238,0,-4,-131
1767172958.8312385,1,-5,-127
1767172958.8412385,2,0,-129
1767172958.8512385,1,-1,-133
1767172958.8612382,-1,-1,-137
1767172958.8712382,-7,-2,-128
1767172958.8812382,-8,-4,-130
1767172958.8912382,-6,-5,-127
1767172958.9012382,-4,0,-127
1767172958.9112382,-3,-2,-132
1767172958.9212382,-4,-4,-128
1767172958.9312382,-2,0,-129
1767172958.9412382,-1,-3,-133
1767172958.9512382,0,-5,-131
1767172958.961238,1,-4,-130
1767172958.971238,-3,-4,-131
1767172958.981238,-2,-2,-133
1767172958.991238,-3,-3,-135
1767172959.001238,-3,-4,-138
1767172959.011238,-5,-2,-135
1767172959.021238,-8,-2,-132
1767172959.031238,-7,-2,-132
1767172959.041238,-7,-3,-138
1767172959.051238,-3,-1,-141
1767172959.061238,-2,-1,-149
1767172959.071238,0,0,-143
1767172959.0812385,-1,-2,-149
1767172959.0912385,-4,-4,-148
1767172959.1012385,-2,-5,-147
1767172959.1112382,-2,-8,-148
1767172959.1212382,1,-5,-148
1767172959.1312382,2,-6,-148
1767172959.1412382,0,-6,-150
1767172959.1512382,-2,-3,-146
1767172959.1612382,-1,-4,-143
1767172959.1712382,-1,-7,-140
1767172959.1812382,-3,-2,-136
1767172959.1912382,-3,0,-135
1767172959.2012382,-3,-5,-133
1767172959.211238,-3,-5,-134
1767172959.221238,2,-5,-135
1767172959.231238,7,-2,-133
1767172959.241238,4,2,-128
1767172959.251238,-1,2,-125
1767172959.261238,-5,3,-126
1767172959.271238,-7,3,-132
1767172959.2822382,-6,2,-137
1767172959.291238,-8,-1,-140
1767172959.3022382,-4,-2,-136
1767172959.311238,-2,-5,-140
1767172959.3222382,2,-7,-136
1767172959.3322382,6,-7,-132
1767172959.3422382,5,-8,-131
1767172959.3522382,4,-6,-135
1767172959.3622382,0,-3,-133
1767172959.3722382,-1,-3,-123
1767172959.382238,0,-6,-125
1767172959.392238,-2,-3,-131
1767172959.402238,0,3,-136
1767172959.412238,5,5,-135
1767172959.422238,8,3,-131
1767172959.432238,5,4,-130
1767172959.442238,0,3,-125
1767172959.452238,0,4,-125
1767172959.462238,3,1,-131
1767172959.472238,0,0,-138
1767172959.482238,1,-2,-132
1767172959.492238,0,-4,-128
1767172959.502238,0,-4,-130
1767172959.5122385,0,-3,-134
1767172959.5222385,-2,-2,-129
1767172959.5322382,-6,1,-124
1767172959.5422382,-3,0,-129
1767172959.5522382,-2,-4,-132
1767172959.5622382,-4,-6,-131
1767172959.5722382,-4,-6,-131
1767172959.5822382,-2,-6,-126
1767172959.5922382,-2,-5,-124
1767172959.6022382,0,-9,-130
1767172959.6122382,7,-6,-131
1767172959.6222382,1,-4,-131
1767172959.632238,2,-1,-133
1767172959.642238,3,1,-132
1767172959.652238,6,0,-126
1767172959.673238,2,-6,-126
1767172959.682238,0,-11,-128
1767172959.692238,5,-8,-128
1767172959.702238,2,-12,-127
1767172959.712238,7,-9,-132
1767172959.722238,5,-2,-125
1767172959.732238,0,-1,-126
1767172959.742238,-2,-1,-128
1767172959.752238,-1,-1,-126
1767172959.7622385,-3,-2,-133
1767172959.7722385,-2,-5,-133
1767172959.7822382,-4,-3,-131
1767172959.7922382,1,-3,-133
1767172959.8022382,2,-5,-134
1767172959.8122382,0,-5,-126
1767172959.8222382,0,-4,-123
1767172959.8322382,4,-5,-128
1767172959.8422382,3,-8,-125
1767172959.8522382,3,-5,-127
1767172959.8622382,0,-8,-126
1767172959.8722382,2,-13,-126
1767172959.882238,0,-13,-130
1767172959.892238,0,-13,-130
1767172959.902238,0,-12,-137
1767172959.912238,2,-10,-136
1767172959.922238,0,-11,-131
1767172959.932238,0,-6,-127
1767172959.942238,4,2,-126
1767172959.952238,3,7,-122
1767172959.962238,2,6,-118
1767172959.972238,0,5,-124
1767172959.982238,-1,1,-135
1767172959.992238,-2,-1,-131
1767172960.002238,-4,-3,-133
1767172960.0122385,-4,1,-135
1767172960.0222385,-5,1,-137
1767172960.0322382,-6,-2,-133
1767172960.0422382,-1,-4,-121
1767172960.0522382,1,-7,-117
1767172960.0622382,1,-5,-123
1767172960.0722382,-2,-3,-126
1767172960.0822382,0,-2,-129
1767172960.0922382,0,-2,-136
1767172960.1022382,3,0,-136
1767172960.1122382,-1,0,-138
1767172960.1222382,-2,0,-130
1767172960.132238,0,1,-127
1767172960.142238,2,0,-120
1767172960.152238,4,3,-121
1767172960.162238,6,0,-119
1767172960.172238,0,1,-122
1767172960.182238,0,6,-129
1767172960.192238,-4,7,-130
1767172960.202238,-4,5,-122
1767172960.212238,-3,6,-126
1767172960.222238,-3,8,-126
1767172960.232238,-7,7,-123
1767172960.242238,-2,2,-127
1767172960.252238,-2,-2,-120
1767172960.2622385,-1,-4,-118
1767172960.2722385,-1,-5,-122
1767172960.2822382,-3,-3,-124
1767172960.2922382,0,-4,-132
1767172960.3022382,3,-5,-129
1767172960.3122382,0,-5,-129
1767172960.3222382,1,0,-131
1767172960.3322382,1,-1,-140
1767172960.3422382,-1,-3,-143
1767172960.3522382,-1,0,-142
1767172960.3622382,-4,-5,-132
1767172960.3722382,0,-6,-136
1767172960.382238,-1,-3,-141
1767172960.392238,-3,-4,-146
1767172960.402238,-1,-2,-145
1767172960.412238,0,0,-138
1767172960.422238,-1,0,-138
1767172960.432238,0,-1,-139
1767172960.442238,0,-5,-135
1767172960.452238,2,-7,-134
1767172960.462238,5,-7,-137
1767172960.472238,6,-7,-138
1767172960.482238,3,-2,-131
1767172960.492238,2,-1,-132
1767172960.502238,-1,-1,-130
1767172960.5122385,2,0,-135
1767172960.5222385,1,0,-140
1767172960.5322382,0,-1,-143
1767172960.5422382,0,-2,-137
1767172960.5522382,-2,0,-138
1767172960.5622382,-6,0,-141
1767172960.5722382,-8,0,-140
1767172960.5822382,-5,-1,-135
1767172960.5922382,-1,-5,-143
1767172960.6022382,-1,-7,-141
1767172960.6122382,2,-7,-141
1767172960.6222382,1,-7,-135
1767172960.632238,0,-7,-127
1767172960.642238,-5,-6,-127
1767172960.652238,-2,-5,-130
1767172960.662238,1,-1,-128
1767172960.672238,0,-1,-130
1767172960.682238,-1,-7,-134
1767172960.692238,0,-9,-143
1767172960.702238,0,-10,-144
1767172960.712238,0,-9,-140
1767172960.722238,-1,-3,-135
1767172960.732238,1,0,-136
1767172960.742238,3,0,-136
1767172960.752238,5,3,-132
1767172960.7622385,2,2,-131
1767172960.7722385,3,4,-131
1767172960.7822382,2,-2,-129
1767172960.7922382,1,-2,-123
1767172960.8022382,2,-3,-126
1767172960.8122382,0,-1,-129
1767172960.8222382,0,-5,-125
1767172960.8322382,2,-8,-130
1767172960.8422382,4,-8,-133
1767172960.8522382,0,-7,-140
1767172960.8622382,-2,-5,-144
1767172960.8722382,-6,-3,-137
1767172960.882238,-11,-4,-135
1767172960.892238,-11,-5,-140
1767172960.902238,-10,-4,-136
1767172960.912238,-7,-4,-137
1767172960.922238,-12,-3,-137
1767172960.932238,-7,-3,-132
1767172960.942238,-5,-2,-134
1767172960.952238,-7,0,-131
1767172960.962238,-5,1,-126
1767172960.972238,-2,3,-131
1767172960.982238,-8,3,-132
1767172960.992238,-1,2,-131
1767172961.002238,2,-2,-128
1767172961.0122385,2,-1,-125
1767172961.0222385,6,-1,-130
1767172961.0322382,3,-2,-124
1767172961.0422382,3,-1,-120
1767172961.0522382,0,-1,-124
1767172961.0622382,-4,-1,-123
1767172961.0722382,-3,-4,-129
1767172961.0822382,-4,-3,-131
1767172961.0922382,-1,-4,-127
1767172961.1022382,0,-4,-126
1767172961.1122382,6,-6,-132
1767172961.1222382,4,-4,-141
1767172961.132238,-3,-3,-142
1767172961.142238,-6,-5,-136
1767172961.152238,-5,-6,-141
1767172961.162238,-2,-6,-141
1767172961.172238,0,-4,-141
1767172961.182238,0,-2,-133
1767172961.192238,-1,2,-135
1767172961.202238,-2,-3,-124
1767172961.212238,-3,-3,-127
1767172961.222238,-2,-4,-123
1767172961.232238,-4,-5,-119
1767172961.242238,-4,-9,-125
1767172961.252238,-4,-6,-129
1767172961.2622385,0,-4,-129
1767172961.2722385,-2,-2,-124
1767172961.2822382,-3,-1,-123
1767172961.2922382,-5,-1,-127
1767172961.3022382,0,0,-121
1767172961.3122382,1,2,-119
1767172961.3222382,0,4,-124
1767172961.3322382,-1,3,-127
1767172961.3422382,-3,1,-135
1767172961.3522382,-7,0,-134
1767172961.3622382,-7,-2,-134
1767172961.3722382,-6,-3,-134
1767172961.382238,-10,-2,-135
1767172961.392238,-13,0,-139
1767172961.402238,-10,1,-136
1767172961.412238,-8,2,-139
1767172961.422238,-8,5,-139
1767172961.432238,-5,1,-133
1767172961.442238,-7,0,-141
1767172961.452238,-5,0,-143
1767172961.462238,-4,1,-147
1767172961.472238,-3,2,-146
1767172961.482238,-2,0,-143
1767172961.492238,-1,-3,-139
1767172961.502238,-2,-2,-135
1767172961.5122385,-3,-1,-137
1767172961.5222385,-2,-2,-136
1767172961.5322382,1,-4,-132
1767172961.5422382,-1,-6,-134
1767172961.5522382,-2,0,-137
1767172961.5622382,-1,4,-140
1767172961.5722382,0,4,-137
1767172961.5822382,-1,2,-132
1767172961.5922382,0,1,-129
1767172961.6022382,0,0,-132
1767172961.6122382,1,-2,-133
1767172961.6222382,6,-4,-135
1767172961.632238,0,-2,-132
1767172961.642238,-2,-4,-131
1767172961.652238,-2,-5,-132
1767172961.662238,-1,-6,-130
1767172961.672238,-3,-6,-130
1767172961.682238,-6,-3,-130
1767172961.692238,-5,-3,-128
1767172961.702238,-6,-5,-132
1767172961.712238,-1,-4,-132
1767172961.722238,3,-2,-132
1767172961.732238,0,-2,-134
1767172961.742238,-2,-8,-133
1767172961.752238,-4,-8,-136
1767172961.7622385,-5,-2,-133
1767172961.7722385,-1,2,-140
1767172961.7822382,-4,4,-143
1767172961.7922382,-4,1,-137
1767172961.8022382,-6,1,-133
1767172961.8122382,-5,1,-128
1767172961.8222382,1,3,-134
1767172961.8322382,6,2,-133
1767172961.8422382,6,1,-127
1767172961.853238,8,1,-129
1767172961.8622382,11,1,-135
1767172961.8722382,8,1,-126
1767172961.883238,6,-2,-125
1767172961.893238,2,-2,-127
1767172961.902238,0,1,-126
1767172961.913238,0,0,-126
1767172961.923238,-2,0,-127
1767172961.9332385,-8,0,-132
1767172961.9432385,-9,2,-135
1767172961.9532382,-6,1,-139
1767172961.9632382,0,-1,-139
1767172961.9732382,0,-2,-135
1767172961.9832382,3,-1,-134
1767172961.9932382,0,-1,-140
1767172962.0032382,0,-2,-135
1767172962.0132382,-2,0,-128
1767172962.0232382,0,-5,-131
1767172962.0332382,-1,0,-125
1767172962.0432382,2,0,-125
1767172962.0532382,6,0,-128
1767172962.063238,7,-2,-127
1767172962.073238,2,-3,-127
1767172962.083238,5,-2,-128
1767172962.093238,4,0,-124
1767172962.103238,4,-1,-129
1767172962.113238,4,0,-132
1767172962.123238,0,-1,-129
1767172962.133238,1,1,-123
1767172962.143238,3,-3,-126
1767172962.153238,3,-5,-132
1767172962.163238,5,-2,-138
1767172962.173238,0,-6,-127
1767172962.1832385,-5,-8,-123
1767172962.1932385,-4,-8,-128
1767172962.2032382,-2,-4,-127
1767172962.2132382,-4,-7,-125
1767172962.2232382,-3,-7,-127
1767172962.2332382,0,-6,-124
1767172962.2432382,2,-8,-125
1767172962.2532382,-2,-8,-126
1767172962.2632382,-2,-4,-130
1767172962.2732382,-6,-2,-134
1767172962.2832382,-6,0,-135
1767172962.2932382,1,-1,-135
1767172962.3032382,0,-4,-133
1767172962.313238,-2,-5,-127
1767172962.323238,0,-8,-122
1767172962.333238,1,-4,-122
1767172962.343238,2,-2,-122
1767172962.353238,6,-4,-125
1767172962.363238,5,-5,-128
1767172962.373238,3,-5,-126
1767172962.383238,3,-4,-122
1767172962.393238,2,-6,-122
1767172962.403238,6,-1,-131
1767172962.413238,6,0,-138
1767172962.423238,7,0,-134
1767172962.4332385,1,-1,-140
1767172962.4432385,0,0,-143
1767172962.4532382,2,4,-140
1767172962.4632382,4,0,-135
1767172962.4732382,2,1,-137
1767172962.4832382,-1,0,-141
1767172962.4932382,-2,3,-137
1767172962.5032382,0,-2,-135
1767172962.5132382,3,-3,-133
1767172962.5232382,6,-3,-127
1767172962.5332382,2,-4,-130
1767172962.5432382,-1,-6,-132
1767172962.5532382,-3,-2,-134
1767172962.563238,-3,0,-135
1767172962.573238,-3,0,-136
1767172962.583238,-1,0,-127
1767172962.593238,-4,-1,-132
1767172962.603238,-2,2,-136
1767172962.613238,-1,2,-131
1767172962.623238,-2,0,-130
1767172962.633238,-5,0,-132
1767172962.643238,-8,1,-130
1767172962.653238,-5,1,-128
1767172962.663238,-2,0,-134
1767172962.673238,0,0,-132
1767172962.6832385,0,-2,-133
1767172962.6932385,1,-4,-130
1767172962.7032382,7,-3,-130
1767172962.7132382,4,-4,-132
1767172962.7232382,4,-5,-130
1767172962.7332382,7,-5,-133
1767172962.7432382,5,-5,-126
1767172962.7532382,1,-5,-121
1767172962.7632382,-1,-2,-119
1767172962.7732382,-3,-3,-120
1767172962.7832382,-4,0,-119
1767172962.794238,-6,2,-122
1767172962.8032382,-1,4,-128
1767172962.813238,0,4,-133
1767172962.823238,4,7,-125
1767172962.833238,4,6,-132
1767172962.843238,4,1,-134
1767172962.853238,5,-1,-142
1767172962.863238,4,0,-145
1767172962.873238,2,-1,-140
1767172962.883238,0,1,-134
1767172962.893238,-3,-1,-128
1767172962.903238,-7,-1,-135
1767172962.913238,-5,-2,-141
1767172962.923238,-6,-1,-137
1767172962.9332385,-4,-4,-126
1767172962.9432385,-11,-2,-124
1767172962.9532382,-6,0,-127
1767172962.9632382,-6,0,-130
1767172962.9732382,-5,0,-129
1767172962.9832382,0,-2,-124
1767172962.9932382,4,-5,-121
1767172963.0032382,5,-3,-124
1767172963.0132382,4,0,-119
1767172963.0232382,7,1,-123
1767172963.0332382,7,0,-117
1767172963.0432382,3,0,-124
1767172963.0532382,4,-3,-127
1767172963.063238,0,-2,-128
1767172963.073238,-2,-1,-125
1767172963.083238,-2,-5,-128
1767172963.093238,0,-1,-138
1767172963.103238,1,0,-129
1767172963.113238,0,0,-128
1767172963.123238,-7,3,-129
1767172963.133238,-4,3,-137
1767172963.143238,-5,1,-140
1767172963.153238,-8,0,-138
1767172963.163238,-4,-1,-141
1767172963.173238,0,0,-140
1767172963.1832385,1,1,-141
1767172963.1932385,0,2,-152
1767172963.2032382,-1,7,-143
1767172963.2132382,-4,6,-133
1767172963.2232382,-7,4,-129
1767172963.2332382,-4,0,-126
1767172963.2432382,-2,0,-129
1767172963.2532382,-4,0,-137
1767172963.2632382,-1,0,-137
1767172963.2732382,-3,0,-131
1767172963.2832382,-5,-2,-132
1767172963.2932382,-8,-1,-131
1767172963.3032382,-6,0,-129
1767172963.313238,-2,4,-128
1767172963.323238,-2,2,-136
1767172963.333238,-3,5,-134
1767172963.343238,-2,3,-139
1767172963.353238,-2,-1,-142
1767172963.363238,2,0,-136
1767172963.373238,2,0,-130
1767172963.383238,-1,1,-130
1767172963.393238,-3,1,-128
1767172963.403238,-2,0,-129
1767172963.413238,-5,0,-128
1767172963.423238,-8,0,-122
1767172963.4332385,-9,-2,-119
1767172963.4432385,-5,1,-120
1767172963.4532382,-5,1,-119
1767172963.4632382,-7,4,-125
1767172963.4732382,-4,4,-129
1767172963.4832382,-4,3,-130
1767172963.4932382,-1,5,-131
1767172963.5032382,0,0,-130
1767172963.5132382,-3,-1,-124
1767172963.5232382,0,-2,-126
1767172963.5332382,0,0,-126
1767172963.5432382,1,2,-124
1767172963.5532382,1,1,-124
1767172963.563238,-4,1,-126
1767172963.573238,-4,1,-134
1767172963.583238,-3,1,-128
1767172963.593238,1,0,-126
1767172963.603238,0,-1,-127
1767172963.613238,-3,-5,-128
1767172963.623238,-2,-2,-128
1767172963.633238,-1,-2,-134
1767172963.643238,0,-1,-128
1767172963.653238,0,0,-123
1767172963.663238,2,-1,-123
1767172963.673238,1,0,-121
1767172963.6832385,4,-1,-122
1767172963.6932385,3,0,-123
1767172963.7032382,6,-3,-127
1767172963.7132382,4,-7,-127
1767172963.7232382,0,-10,-129
1767172963.7332382,1,-13,-131
1767172963.7432382,0,-16,-136
1767172963.7532382,0,-10,-137
1767172963.7632382,0,-7,-139
1767172963.7732382,0,-5,-140
1767172963.7832382,-3,-5,-136
1767172963.7932382,-1,-6,-134
1767172963.8032382,-7,-2,-135
1767172963.813238,-3,1,-124
1767172963.823238,-6,-4,-122
1767172963.833238,-3,-1,-126
1767172963.843238,0,0,-130
1767172963.853238,5,3,-132
1767172963.863238,5,4,-135
1767172963.873238,6,6,-139
1767172963.883238,0,4,-136
1767172963.893238,-1,1,-134
1767172963.903238,-1,1,-133
1767172963.913238,0,-1,-133
1767172963.923238,-2,-1,-131
1767172963.9332385,-5,-1,-128
1767172963.9432385,2,-1,-123
1767172963.9532382,1,0,-122
1767172963.9632382,-1,0,-121
1767172963.9732382,-5,1,-115
1767172963.9832382,-8,-2,-115
1767172963.9932382,-11,-4,-118
1767172964.0032382,-9,-4,-127
1767172964.0132382,-4,-7,-129
1767172964.0232382,-5,-6,-132
1767172964.0332382,-4,-4,-134
1767172964.0432382,1,-6,-127
1767172964.0532382,0,-4,-127
1767172964.063238,-5,-3,-128
1767172964.073238,-4,-3,-125
1767172964.083238,0,-4,-134
1767172964.093238,0,-6,-140
1767172964.103238,0,-4,-141
1767172964.113238,0,-4,-141
1767172964.123238,0,-3,-137
1767172964.133238,0,-4,-129
1767172964.143238,0,-10,-128
1767172964.153238,-2,-6,-129
1767172964.163238,-1,-4,-124
1767172964.173238,3,-1,-126
1767172964.1832385,4,-4,-123
1767172964.1932385,5,-7,-123
1767172964.2032382,2,-4,-120
1767172964.2132382,-4,-3,-117
1767172964.2232382,-5,-1,-114
1767172964.2332382,-4,2,-119
1767172964.2432382,-6,2,-117
1767172964.2532382,-5,2,-122
1767172964.2632382,-3,5,-126
1767172964.2732382,-5,2,-127
1767172964.2832382,-6,0,-126
1767172964.2932382,-5,-3,-130
1767172964.3032382,-1,-3,-130
1767172964.313238,1,-3,-129
1767172964.323238,0,-2,-125
1767172964.333238,0,0,-132
1767172964.343238,1,0,-131
1767172964.353238,4,0,-139
1767172964.363238,9,-2,-131
1767172964.373238,9,-3,-130
1767172964.383238,9,-2,-132
1767172964.393238,9,-2,-130
1767172964.403238,8,-1,-129
1767172964.413238,5,-4,-131
1767172964.423238,6,-4,-132
1767172964.4332385,3,-9,-131
1767172964.4432385,0,-5,-133
1767172964.4532382,1,-7,-129
1767172964.4632382,2,-9,-134
1767172964.4742382,1,-3,-130
1767172964.4832382,3,-1,-121
1767172964.494238,1,-4,-123
1767172964.5032382,2,-3,-123
1767172964.514238,1,-1,-130
1767172964.524238,2,-4,-133
1767172964.534238,2,-1,-136
1767172964.544238,3,-5,-130
1767172964.554238,8,-6,-134
1767172964.564238,1,-3,-133
1767172964.574238,-2,0,-135
1767172964.584238,-4,0,-138
1767172964.594238,-4,0,-139
1767172964.6042385,0,4,-142
1767172964.6142385,0,5,-145
1767172964.6242385,-4,4,-150
1767172964.6342382,-8,0,-146
1767172964.6442382,-8,-5,-143
1767172964.6542382,-4,0,-136
1767172964.6642382,-6,1,-143
1767172964.686238,-5,-4,-131
1767172964.6942382,2,-1,-129
1767172964.7042382,3,-1,-128
1767172964.7142382,6,0,-126
1767172964.7242382,5,-5,-130
1767172964.734238,2,-2,-128
1767172964.744238,4,-1,-129
1767172964.754238,0,2,-128
1767172964.764238,1,1,-129
1767172964.774238,1,0,-127
1767172964.784238,-1,-1,-121
1767172964.794238,2,-2,-119
1767172964.804238,1,-2,-127
1767172964.814238,2,-4,-140
1767172964.824238,5,-5,-146
1767172964.834238,4,-7,-141
1767172964.844238,0,-5,-137
1767172964.8542385,1,-7,-129
1767172964.8642385,1,-3,-133
1767172964.8742385,6,0,-135
1767172964.8842382,4,-1,-136
1767172964.8942382,5,2,-140
1767172964.9042382,2,5,-140
1767172964.9142382,0,1,-136
1767172964.9242382,2,-1,-130
1767172964.9342382,0,-4,-129
1767172964.9442382,1,-3,-127
1767172964.9542382,0,-5,-118
1767172964.9642382,0,-2,-124
1767172964.9742382,-1,-4,-128
1767172964.984238,-5,-3,-128
1767172964.994238,-3,-2,-130
1767172965.004238,0,-2,-127
1767172965.014238,0,0,-129
1767172965.024238,1,-1,-130
1767172965.034238,0,-3,-125
1767172965.044238,1,-5,-125
1767172965.054238,3,-1,-125
1767172965.064238,2,0,-127
1767172965.074238,1,0,-134
1767172965.084238,3,-3,-133
1767172965.094238,2,-3,-128
1767172965.1042385,2,-4,-125
1767172965.1142385,0,-4,-127
1767172965.1242385,-2,-6,-127
1767172965.1342382,4,-5,-125
1767172965.1442382,1,0,-126
1767172965.1542382,2,0,-122
1767172965.1642382,0,0,-125
1767172965.1742382,2,-1,-129
1767172965.1842382,1,-5,-133
1767172965.1942382,0,-10,-126
1767172965.2042382,0,-8,-130
1767172965.2142382,2,-7,-128
1767172965.2242382,2,-7,-137
1767172965.234238,2,-5,-144
1767172965.244238,0,-6,-140
1767172965.254238,0,-5,-136
1767172965.264238,-2,-3,-137
1767172965.274238,-1,-4,-136
1767172965.284238,-7,-2,-137
1767172965.294238,-1,-1,-133
1767172965.304238,-3,-4,-131
1767172965.314238,0,-4,-129
1767172965.324238,4,-1,-135
1767172965.334238,4,-2,-130
1767172965.344238,4,1,-128
1767172965.3542385,1,0,-133
1767172965.3642385,-1,1,-134
1767172965.3742385,-2,4,-131
1767172965.3842382,-3,-2,-132
1767172965.3942382,1,-4,-130
1767172965.4042382,-3,-2,-131
1767172965.4142382,-3,-2,-133
1767172965.4242382,-2,-1,-132
1767172965.4342382,-1,-4,-127
1767172965.4442382,-1,1,-123
1767172965.4542382,0,3,-125
1767172965.4642382,-3,5,-126
1767172965.4742382,2,8,-126
1767172965.484238,0,4,-125
1767172965.494238,2,1,-131
1767172965.504238,0,-3,-129
1767172965.514238,0,-2,-128
1767172965.524238,-1,-4,-127
1767172965.534238,-7,-2,-130
1767172965.544238,-10,-5,-132
1767172965.554238,-9,-5,-130
1767172965.564238,-9,-1,-133
1767172965.574238,-8,-3,-131
1767172965.584238,-7,0,-131
1767172965.594238,-3,5,-128
1767172965.6042385,0,1,-131
1767172965.6142385,0,0,-130
1767172965.6242385,-2,-3,-128
1767172965.6342382,-2,-3,-127
1767172965.6442382,-1,-1,-131
1767172965.6542382,0,-1,-134
1767172965.6642382,1,-2,-139
1767172965.6742382,1,-1,-137
1767172965.6842382,2,1,-138
1767172965.6942382,0,3,-133
1767172965.7042382,0,5,-133
1767172965.7142382,0,7,-125
1767172965.7242382,2,8,-129
1767172965.734238,5,7,-129
1767172965.744238,6,8,-127
1767172965.754238,5,2,-130
1767172965.764238,0,3,-130
1767172965.774238,-3,0,-135
1767172965.784238,-6,0,-139
1767172965.794238,-6,4,-133
1767172965.804238,-7,0,-140
1767172965.814238,-1,-3,-142
1767172965.824238,-1,-2,-136
1767172965.834238,3,-6,-130
1767172965.844238,4,-7,-135
1767172965.8542385,3,-7,-130
1767172965.8642385,0,-4,-137
1767172965.8742385,5,-1,-135
1767172965.8842382,3,0,-136
1767172965.8942382,0,2,-130
1767172965.9042382,-3,1,-124
1767172965.9142382,-1,-1,-127
1767172965.9242382,0,-5,-127
1767172965.9342382,-6,-1,-121
1767172965.9442382,-4,0,-117
1767172965.9542382,-1,2,-121
1767172965.9642382,0,0,-126
1767172965.9742382,2,0,-129
1767172965.984238,0,-5,-130
1767172965.994238,-3,-5,-127
1767172966.004238,-1,-9,-126
1767172966.014238,-3,-3,-121
1767172966.024238,-2,-3,-123
1767172966.034238,-1,-7,-130
1767172966.044238,-1,-6,-132
1767172966.054238,-4,-3,-132
1767172966.064238,-6,0,-140
1767172966.074238,0,1,-144
1767172966.084238,-4,-1,-140
1767172966.094238,-7,-3,-131
1767172966.1042385,-9,-2,-127
1767172966.1142385,-6,-1,-130
1767172966.1242385,-3,1,-130
1767172966.1342382,2,-2,-139
1767172966.1442382,5,-3,-136
1767172966.1542382,5,-2,-135
1767172966.1642382,4,1,-131
1767172966.1742382,3,-2,-132
1767172966.1842382,0,-1,-136
1767172966.1942382,0,-2,-133
1767172966.2042382,0,0,-129
1767172966.2142382,-2,1,-127
1767172966.2242382,-5,0,-123
1767172966.234238,-6,-1,-123
1767172966.244238,-8,-2,-130
1767172966.254238,-7,-2,-133
1767172966.264238,-2,-1,-130
1767172966.274238,-3,1,-134
1767172966.284238,-5,2,-138
1767172966.294238,-6,0,-138
1767172966.304238,-5,0,-136
1767172966.314238,-8,0,-138
1767172966.324238,-2,-3,-137
1767172966.334238,-3,-2,-134
1767172966.344238,-2,-2,-138
1767172966.3542385,-3,-2,-140
1767172966.3642385,-3,0,-139
1767172966.3742385,-4,0,-139
1767172966.3842382,-5,0,-137
1767172966.3942382,-4,-2,-137
1767172966.4042382,4,-4,-147
1767172966.4142382,4,-3,-146
1767172966.4242382,1,-4,-138
1767172966.4342382,1,-4,-131
1767172966.4442382,-3,-4,-132
1767172966.4542382,-3,-8,-133
1767172966.4642382,0,-9,-133
1767172966.4742382,-3,-7,-141
1767172966.484238,-6,-2,-138
1767172966.494238,-7,-2,-137
1767172966.504238,-4,-1,-141
1767172966.514238,1,-4,-137
1767172966.524238,-1,-4,-136
1767172966.534238,-2,-2,-134
1767172966.544238,0,-5,-133
1767172966.554238,-5,-3,-136
1767172966.564238,-5,-7,-140
1767172966.574238,-1,-8,-132
1767172966.584238,-3,-6,-132
1767172966.594238,-6,-6,-135
1767172966.6042385,-6,-5,-140
1767172966.6142385,-3,-5,-137
1767172966.6242385,-7,-6,-137
1767172966.6342382,-8,-2,-134
1767172966.6442382,-4,0,-133
1767172966.6542382,1,1,-131
1767172966.6642382,3,4,-130
1767172966.6742382,0,6,-124
1767172966.6842382,-1,2,-122
1767172966.6942382,0,-1,-122
1767172966.7042382,1,-2,-118
1767172966.7142382,5,1,-119
1767172966.7242382,7,5,-123
1767172966.734238,7,4,-119
1767172966.744238,6,3,-114
1767172966.754238,4,1,-116
1767172966.764238,4,6,-117
1767172966.774238,8,1,-124
1767172966.784238,8,1,-129
1767172966.794238,10,-1,-131
1767172966.804238,1,-6,-133
1767172966.814238,0,-5,-129
1767172966.824238,-1,-7,-128
1767172966.834238,1,-10,-132
1767172966.844238,2,-12,-133
1767172966.8542385,0,-16,-132
1767172966.8642385,-6,-13,-131
1767172966.8742385,-4,-14,-132
1767172966.8842382,-3,-11,-130
1767172966.8942382,-3,-4,-126
1767172966.9042382,-5,-4,-132
1767172966.9142382,0,-4,-135
1767172966.9242382,-1,-1,-133
1767172966.9342382,1,0,-130
1767172966.9442382,1,1,-131
1767172966.9542382,-2,1,-129
1767172966.9642382,-3,0,-128
1767172966.9742382,0,-1,-125
1767172966.984238,0,0,-123
1767172966.994238,0,1,-117
1767172967.004238,1,-2,-118
1767172967.014238,3,-1,-120
1767172967.024238,1,-1,-119
1767172967.034238,1,-2,-122
1767172967.0452385,0,-1,-116
1767172967.054238,-1,-2,-120
1767172967.064238,0,-5,-127
1767172967.0752382,1,-4,-128
1767172967.084238,-1,-7,-129
1767172967.094238,-2,-8,-132
1767172967.1042385,-4,-5,-132
1767172967.1152382,-4,-5,-128
1767172967.1252382,-9,-8,-125
1767172967.1352382,-8,-4,-124
1767172967.1452382,-8,-3,-122
1767172967.1552382,-10,-3,-122
1767172967.165238,-13,0,-134
1767172967.175238,-7,5,-133
1767172967.185238,-5,3,-132
1767172967.195238,-4,1,-130
1767172967.205238,-2,0,-127
1767172967.215238,-3,-4,-126
1767172967.225238,-5,-2,-131
1767172967.235238,-3,4,-134
1767172967.245238,2,3,-131
1767172967.255238,1,0,-134
1767172967.265238,6,-1,-139
1767172967.275238,7,0,-149
1767172967.2852385,5,1,-144
1767172967.2952385,3,2,-136
1767172967.3052382,4,1,-138
1767172967.3152382,5,2,-136
1767172967.3252382,7,0,-134
1767172967.3352382,6,1,-135
1767172967.3452382,5,0,-133
1767172967.3552382,5,-2,-128
1767172967.3652382,4,-1,-132
1767172967.3752382,2,0,-127
1767172967.3852382,-2,0,-130
1767172967.3952382,1,-1,-130
1767172967.4052382,0,-1,-128
1767172967.415238,0,0,-124
1767172967.425238,0,-1,-126
1767172967.435238,0,0,-130
1767172967.445238,0,0,-122
1767172967.455238,4,-1,-130
1767172967.465238,1,-3,-130
1767172967.475238,0,0,-124
1767172967.485238,-2,0,-129
1767172967.495238,-4,-3,-129
1767172967.505238,-6,-1,-131
1767172967.515238,-6,0,-131
1767172967.525238,-3,1,-133
1767172967.5352385,0,1,-134
1767172967.5452385,0,2,-134
1767172967.5552382,2,0,-127
1767172967.5652382,0,-2,-123
1767172967.5752382,-2,-2,-126
1767172967.5852382,-7,-1,-128
1767172967.5952382,-5,-2,-124
1767172967.6052382,-4,-1,-122
1767172967.6152382,0,-3,-122
1767172967.6252382,4,-5,-129
1767172967.6352382,4,-5,-130
1767172967.6452382,3,-7,-133
1767172967.6552382,-1,-2,-135
1767172967.665238,-2,-4,-135
1767172967.675238,-4,-3,-143
1767172967.685238,0,-2,-138
1767172967.695238,1,-4,-135
1767172967.705238,3,-6,-131
1767172967.715238,5,-3,-131
1767172967.725238,4,-5,-129
1767172967.735238,-2,-5,-128
1767172967.745238,-3,-5,-129
1767172967.755238,0,-4,-130
1767172967.765238,-8,-6,-133
1767172967.775238,-9,-5,-136
1767172967.7852385,-9,-4,-136
1767172967.7952385,-5,-3,-138
1767172967.8052382,0,-5,-136
1767172967.8152382,-4,-4,-135
1767172967.8252382,-6,-7,-137
1767172967.8352382,-7,-4,-138
1767172967.8452382,-6,2,-136
1767172967.8552382,-5,2,-137
1767172967.8652382,-6,2,-133
1767172967.8752382,-5,-2,-131
1767172967.8852382,-4,-4,-132
1767172967.8952382,-8,-2,-141
1767172967.9052382,-4,-3,-136
1767172967.915238,-3,-2,-131
1767172967.925238,-5,0,-131
1767172967.935238,-5,-5,-130
1767172967.945238,-7,-6,-134
1767172967.955238,-7,-5,-134
1767172967.965238,-3,-4,-139
1767172967.975238,-5,-1,-129
1767172967.985238,-3,-1,-131
1767172967.995238,-4,-5,-133
1767172968.005238,-8,-4,-137
1767172968.015238,-4,-4,-131
1767172968.025238,-4,-1,-131
1767172968.0352385,-4,-1,-130
1767172968.0452385,-2,-2,-136
1767172968.0552382,1,-9,-139
1767172968.0652382,0,-7,-134
1767172968.0752382,-2,-9,-135
1767172968.0852382,-2,-4,-132
1767172968.0952382,0,0,-133
1767172968.1052382,-4,0,-135
1767172968.1152382,-2,-1,-133
1767172968.1252382,-4,-3,-133
1767172968.1352382,-6,-2,-133
1767172968.1452382,-1,0,-133
1767172968.1552382,-2,2,-139
1767172968.165238,-7,3,-137
1767172968.175238,-7,1,-134
1767172968.185238,-6,-1,-139
1767172968.195238,-4,0,-135
1767172968.205238,-2,1,-137
1767172968.215238,-3,0,-137
1767172968.225238,-1,3,-137
1767172968.235238,1,4,-140
1767172968.245238,3,6,-134
1767172968.255238,6,5,-134
1767172968.265238,3,1,-131
1767172968.275238,9,0,-125
1767172968.2852385,11,0,-120
1767172968.2952385,11,-4,-119
1767172968.3052382,11,1,-126
1767172968.3152382,9,3,-136
1767172968.3252382,7,5,-145
1767172968.3352382,4,2,-140
1767172968.3452382,3,2,-138
1767172968.3552382,2,1,-135
1767172968.3652382,0,0,-135
1767172968.3752382,0,-1,-133
1767172968.3852382,1,1,-132
1767172968.3952382,3,-1,-130
1767172968.4052382,0,-6,-133
1767172968.415238,0,-10,-131
1767172968.425238,0,-7,-134
1767172968.435238,-3,-6,-137
1767172968.445238,3,-3,-137
1767172968.455238,3,-5,-134
1767172968.465238,-3,-6,-131
1767172968.475238,-4,-2,-128
1767172968.485238,0,-1,-126
1767172968.495238,-3,0,-123
1767172968.505238,-5,0,-124
1767172968.515238,0,0,-125
1767172968.525238,-4,2,-125
1767172968.5352385,-5,2,-128
1767172968.5452385,-5,0,-135
1767172968.5552382,-5,-4,-136
1767172968.5652382,-3,-5,-144
1767172968.5752382,-1,-8,-139
1767172968.5852382,-1,-3,-143
1767172968.5952382,-6,-3,-140
1767172968.6052382,-5,-5,-147
1767172968.6152382,-7,-4,-145
1767172968.6252382,-5,-2,-144
1767172968.6352382,-4,-2,-146
1767172968.6452382,-4,0,-144
1767172968.6552382,-3,1,-146
1767172968.665238,-3,0,-149
1767172968.675238,-4,0,-154
1767172968.685238,0,0,-152
1767172968.695238,2,-2,-150
1767172968.705238,0,-4,-147
1767172968.715238,-3,-5,-145
1767172968.725238,-2,-5,-143
1767172968.735238,-3,-2,-138
1767172968.745238,-4,-3,-136
1767172968.755238,-3,-6,-134
1767172968.765238,0,-5,-135
1767172968.775238,-2,-5,-142
1767172968.7852385,0,-8,-138
1767172968.7952385,-6,-7,-137
1767172968.8052382,-7,-7,-140
1767172968.8152382,-1,-6,-139
1767172968.8252382,0,-5,-144
1767172968.8352382,-2,-1,-145
1767172968.8452382,2,-1,-144
1767172968.8552382,0,-5,-143
1767172968.8652382,0,-3,-137
1767172968.8752382,6,-8,-133
1767172968.8852382,9,-9,-135
1767172968.8952382,10,-4,-129
1767172968.9052382,8,-5,-135
1767172968.915238,1,-3,-140
1767172968.925238,-1,-3,-141
1767172968.935238,-2,0,-142
1767172968.945238,-6,-1,-144
1767172968.955238,-7,-1,-144
1767172968.965238,-10,-3,-145
1767172968.975238,-2,-2,-139
1767172968.985238,2,-6,-134
1767172968.995238,0,-2,-133
1767172969.005238,2,-6,-128
1767172969.015238,3,-4,-127
1767172969.025238,0,-1,-121
1767172969.0352385,-4,-1,-125
1767172969.0452385,-8,-2,-130
1767172969.0552382,0,-1,-130
1767172969.0652382,-1,1,-125
1767172969.0752382,-1,0,-129
1767172969.0852382,0,0,-125
1767172969.0952382,3,-2,-118
1767172969.1052382,3,-3,-120
1767172969.1152382,2,-2,-124
1767172969.1252382,1,0,-123
1767172969.1352382,2,2,-121
1767172969.1452382,0,4,-124
1767172969.1552382,1,4,-131
1767172969.165238,0,4,-132
1767172969.175238,0,2,-141
1767172969.185238,0,0,-137
1767172969.195238,-3,-1,-133
1767172969.205238,-2,-2,-132
1767172969.215238,1,-1,-129
1767172969.225238,-2,-1,-125
1767172969.235238,-1,-1,-129
1767172969.245238,0,3,-130
1767172969.255238,5,4,-126
1767172969.265238,5,6,-128
1767172969.275238,2,7,-127
1767172969.2852385,-3,4,-122
1767172969.2952385,-3,5,-133
1767172969.3052382,0,5,-139
1767172969.3152382,3,0,-134
1767172969.3252382,4,0,-130
1767172969.3352382,3,1,-125
1767172969.3452382,3,-1,-126
1767172969.3552382,-2,-1,-130
1767172969.3652382,-1,-1,-125
1767172969.3752382,-2,0,-123
1767172969.3852382,-2,-1,-122
1767172969.3952382,0,0,-124
1767172969.4052382,0,0,-122
1767172969.415238,2,-2,-124
1767172969.425238,3,-3,-130
1767172969.435238,4,-3,-137
1767172969.445238,1,0,-139
1767172969.455238,0,0,-138
1767172969.465238,-1,4,-137
1767172969.475238,0,3,-136
1767172969.485238,2,1,-138
1767172969.495238,5,1,-138
1767172969.505238,5,0,-134
1767172969.515238,6,1,-129
1767172969.525238,7,-1,-133
1767172969.5352385,-1,0,-131
1767172969.5452385,1,0,-128
1767172969.5552382,-1,-4,-124
1767172969.5652382,-5,0,-130
1767172969.5752382,-6,0,-133
1767172969.5852382,-9,-1,-129
1767172969.5952382,-11,-3,-130
1767172969.6052382,-7,-5,-133
1767172969.6152382,-5,-4,-134
1767172969.6252382,-3,0,-134
1767172969.6352382,0,1,-139
1767172969.6452382,-1,4,-144
1767172969.6552382,-2,4,-140
1767172969.666238,-1,0,-134
1767172969.675238,-3,0,-133
1767172969.6972382,2,0,-128
1767172969.7062385,3,1,-120
1767172969.7162385,1,1,-123
1767172969.7262385,5,0,-125
1767172969.735238,6,-3,-126
1767172969.7462382,5,-3,-132
1767172969.7562382,6,-1,-127
1767172969.7662382,5,5,-126
1767172969.7762382,4,7,-130
1767172969.7862382,6,5,-134
1767172969.7962382,5,2,-131
1767172969.8062382,1,1,-137
1767172969.8162382,0,0,-133
1767172969.8262382,-1,1,-139
1767172969.836238,3,0,-136
1767172969.846238,0,-3,-131
1767172969.856238,2,0,-126
1767172969.866238,-1,-1,-125
1767172969.876238,3,-1,-120
1767172969.886238,5,-1,-119
1767172969.896238,2,2,-124
1767172969.906238,0,0,-128
1767172969.916238,4,0,-130
1767172969.926238,4,-2,-131
1767172969.936238,5,-1,-131
1767172969.946238,0,-2,-132
1767172969.9562385,-1,-1,-134
1767172969.9662385,0,0,-129
1767172969.9762385,2,-1,-129
1767172969.9862382,3,-3,-130
1767172969.9962382,0,-4,-130
1767172970.0062382,1,-4,-130
1767172970.0162382,0,-4,-130
1767172970.0262382,-5,-6,-130
1767172970.0362382,-6,-7,-134
1767172970.0462382,-5,-7,-133
1767172970.0562382,-6,-7,-139
1767172970.0662382,-8,-8,-135
1767172970.0762382,-7,-9,-136
1767172970.086238,-4,-9,-133
1767172970.096238,-5,0,-130
1767172970.106238,0,0,-130
1767172970.116238,-3,2,-125
1767172970.126238,-11,5,-126
1767172970.136238,-10,5,-127
1767172970.146238,-7,8,-130
1767172970.156238,-4,3,-132
1767172970.1672382,-6,2,-136
1767172970.176238,-10,2,-133
1767172970.186238,-8,0,-137
1767172970.196238,-6,0,-144
1767172970.2062385,-1,0,-142
1767172970.2162385,-4,0,-140
1767172970.2262385,-5,1,-139
1767172970.2362382,-1,0,-135
1767172970.2462382,-2,-2,-142
1767172970.2562382,0,-4,-143
1767172970.2662382,1,-7,-146
1767172970.2762382,4,-5,-146
1767172970.2862382,3,-8,-146
1767172970.2962382,0,-6,-142
1767172970.3062382,3,-6,-135
1767172970.3162382,0,-5,-137
1767172970.3262382,0,-4,-140
1767172970.336238,-3,-2,-134
1767172970.346238,-10,-1,-131
1767172970.356238,-7,-5,-133
1767172970.366238,-11,-7,-138
1767172970.376238,-7,-7,-135
1767172970.386238,-1,0,-134
1767172970.396238,1,-5,-140
1767172970.406238,0,-8,-134
1767172970.416238,0,-7,-133
1767172970.426238,-1,-5,-131
1767172970.436238,-2,-6,-133
1767172970.446238,-5,-4,-142
1767172970.4562385,-6,-5,-140
1767172970.4662385,-5,-6,-139
1767172970.4762385,-7,-5,-129
1767172970.4862382,-4,-2,-129
1767172970.4962382,-8,-6,-134
1767172970.5062382,-5,-4,-137
1767172970.5162382,-3,-2,-136
1767172970.5262382,-1,-5,-132
1767172970.5362382,-2,0,-131
1767172970.5462382,-1,-5,-136
1767172970.5562382,-3,-1,-141
1767172970.5662382,0,-1,-143
1767172970.5762382,0,-3,-141
1767172970.586238,1,-6,-136
1767172970.596238,0,-6,-134
1767172970.606238,3,-7,-132
1767172970.616238,0,-5,-129
1767172970.626238,0,-4,-127
1767172970.636238,2,-7,-132
1767172970.646238,-5,-7,-133
1767172970.656238,-4,-3,-133
1767172970.666238,-10,-3,-126
1767172970.676238,-11,-2,-120
1767172970.686238,-13,0,-123
1767172970.696238,-14,-2,-130
1767172970.7062385,-12,-1,-129
1767172970.7162385,-10,-2,-124
1767172970.7262385,-12,-3,-122
1767172970.7362382,-8,-4,-121
1767172970.7462382,-3,-3,-121
1767172970.7562382,-5,-2,-119
1767172970.7662382,-6,1,-119
1767172970.7762382,-5,1,-117
1767172970.7862382,-4,0,-119
1767172970.7962382,0,-1,-119
1767172970.8062382,1,0,-113
1767172970.8162382,1,0,-111
1767172970.8262382,3,0,-110
1767172970.836238,6,3,-120
1767172970.846238,3,0,-129
1767172970.856238,5,0,-131
1767172970.866238,6,0,-130
1767172970.876238,5,-2,-130
1767172970.886238,4,0,-130
1767172970.896238,2,0,-128
1767172970.906238,0,0,-131
1767172970.916238,3,-2,-134
1767172970.926238,1,0,-129
1767172970.936238,-2,-2,-134
1767172970.946238,-1,-1,-134
1767172970.9562385,0,0,-138
1767172970.9662385,1,0,-139
1767172970.9762385,0,-1,-131
1767172970.9862382,0,-1,-127
1767172970.9962382,0,-1,-119
1767172971.0062382,0,0,-116
1767172971.0162382,0,-2,-115
1767172971.0262382,2,-2,-119
1767172971.0362382,6,-3,-121
1767172971.0462382,4,-7,-122
1767172971.0562382,-2,-3,-122
1767172971.0662382,-6,1,-121
1767172971.0762382,-9,0,-121
1767172971.086238,-9,-6,-121
1767172971.096238,-6,-1,-131
1767172971.106238,-4,3,-132
1767172971.116238,-3,3,-133
1767172971.126238,0,0,-135
1767172971.136238,1,0,-136
1767172971.146238,0,3,-134
1767172971.156238,-2,4,-130
1767172971.166238,1,3,-136
1767172971.176238,-1,0,-143
1767172971.186238,-9,-3,-142
1767172971.196238,-9,-3,-148
1767172971.2062385,-5,-2,-145
1767172971.2162385,-8,0,-143
1767172971.2262385,-8,5,-135
1767172971.2362382,-7,5,-138
1767172971.2462382,-9,2,-136
1767172971.2562382,-9,-1,-133
1767172971.2662382,-8,-1,-135
1767172971.2762382,-2,0,-132
1767172971.2862382,-4,0,-133
1767172971.2962382,-7,5,-137
1767172971.3062382,-3,4,-140
1767172971.3162382,-2,3,-137
1767172971.3262382,-2,0,-134
1767172971.336238,-5,2,-131
1767172971.346238,-3,1,-131
1767172971.356238,0,2,-129
1767172971.366238,-1,0,-131
1767172971.376238,-1,1,-138
1767172971.386238,0,2,-141
1767172971.396238,2,5,-144
1767172971.406238,-1,4,-139
1767172971.416238,-2,-1,-137
1767172971.426238,1,-2,-131
1767172971.436238,2,0,-125
1767172971.446238,2,2,-124
1767172971.4562385,2,3,-122
1767172971.4662385,0,-1,-120
1767172971.4762385,0,0,-118
1767172971.4862382,1,-3,-117
1767172971.4962382,4,-1,-127
1767172971.5062382,2,0,-121
1767172971.5162382,0,-1,-117
1767172971.5262382,3,3,-123
1767172971.5362382,5,0,-131
1767172971.5462382,3,-2,-135
1767172971.5562382,0,2,-137
1767172971.5662382,1,2,-135
1767172971.5762382,0,3,-136
1767172971.586238,-1,0,-134
1767172971.596238,-1,0,-132
1767172971.606238,3,-1,-132
1767172971.616238,3,-3,-135
1767172971.626238,5,-1,-137
1767172971.636238,2,2,-128
1767172971.646238,2,7,-126
1767172971.656238,5,5,-125
1767172971.666238,7,2,-123
1767172971.676238,4,1,-123
1767172971.686238,4,5,-125
1767172971.696238,0,0,-126
1767172971.7062385,-1,-1,-131
1767172971.7162385,1,1,-133
1767172971.7262385,6,-2,-129
1767172971.7362382,0,-6,-131
1767172971.7462382,-6,-5,-128
1767172971.7562382,-4,-3,-126
1767172971.7662382,-4,1,-121
1767172971.7762382,-6,0,-122
1767172971.7862382,-5,2,-124
1767172971.7962382,-2,3,-120
1767172971.8062382,-2,4,-122
1767172971.8162382,-1,2,-126
1767172971.8262382,0,3,-127
1767172971.836238,1,0,-124
1767172971.846238,2,-3,-127
1767172971.856238,4,-6,-126
1767172971.866238,-2,-6,-134
1767172971.876238,-4,-5,-131
1767172971.886238,0,-4,-127
1767172971.896238,-2,-3,-125
1767172971.906238,-8,-2,-125
1767172971.916238,-11,-3,-126
1767172971.926238,-10,-1,-120
1767172971.936238,-7,0,-120
1767172971.946238,-3,2,-122
1767172971.9562385,1,-1,-117
1767172971.9662385,4,-3,-118
1767172971.9762385,3,-4,-123
1767172971.9862382,2,-1,-126
1767172971.9962382,0,-3,-125
1767172972.0062382,0,-4,-123
1767172972.0162382,0,-5,-127
1767172972.0262382,-1,-6,-126
1767172972.0362382,-1,-3,-123
1767172972.0462382,1,1,-123
1767172972.0562382,1,1,-120
1767172972.0662382,4,0,-117
1767172972.0762382,5,-5,-125
1767172972.086238,5,-4,-128
1767172972.096238,6,0,-126
1767172972.106238,2,2,-131
1767172972.116238,0,0,-133
1767172972.126238,-4,-3,-131
1767172972.136238,-6,-1,-133
1767172972.146238,-3,-1,-128
1767172972.156238,-7,-5,-128
1767172972.166238,-7,0,-130
1767172972.176238,-9,0,-133
1767172972.186238,-2,-1,-133
1767172972.196238,-4,0,-135
1767172972.2062385,-2,3,-137
1767172972.2162385,-2,2,-135
1767172972.2272382,-2,0,-137
1767172972.2362382,-1,-5,-137
1767172972.2462382,-2,-8,-124
1767172972.2562382,0,-9,-120
1767172972.2662382,0,-6,-123
1767172972.2762382,0,-4,-124
1767172972.2862382,4,-2,-126
1767172972.2962382,-2,-1,-121
1767172972.307238,-1,-5,-124
1767172972.3162382,1,-6,-125
1767172972.327238,1,-7,-135
1767172972.336238,3,-6,-131
1767172972.347238,4,-1,-132
1767172972.357238,1,2,-137
1767172972.367238,0,2,-137
1767172972.377238,3,0,-133
1767172972.3872385,0,1,-137
1767172972.3972385,-1,3,-141
1767172972.4072382,-1,-1,-143
1767172972.4172382,0,-3,-148
1767172972.4272382,0,-2,-148
1767172972.4372382,-4,-3,-144
1767172972.4472382,-4,-5,-139
1767172972.4572382,-4,-1,-133
1767172972.4672382,-2,0,-136
1767172972.4772382,-3,2,-135
1767172972.4872382,-4,0,-131
1767172972.4972382,-2,0,-128
1767172972.507238,-2,0,-130
1767172972.517238,-5,-2,-137
1767172972.527238,-8,0,-136
1767172972.537238,-3,0,-136
1767172972.547238,-6,1,-138
1767172972.557238,-8,0,-137
1767172972.567238,-6,1,-139
1767172972.577238,-4,1,-131
1767172972.587238,-5,-1,-130
1767172972.597238,-2,-6,-139
1767172972.607238,-3,-6,-136
1767172972.617238,-7,-2,-136
1767172972.627238,-8,-1,-136
1767172972.6372385,-5,0,-139
1767172972.6472385,-5,1,-134
1767172972.6572382,-2,0,-126
1767172972.6672382,-2,3,-125
1767172972.6772382,-5,3,-126
1767172972.6872382,-6,0,-127
1767172972.6972382,-4,2,-131
1767172972.7072382,-2,1,-127
1767172972.7172382,0,4,-128
1767172972.7272382,2,4,-135
1767172972.7372382,1,4,-134
1767172972.7472382,0,3,-127
1767172972.757238,2,4,-130
1767172972.767238,2,4,-130
1767172972.777238,0,4,-125
1767172972.787238,2,6,-123
1767172972.797238,0,0,-128
1767172972.807238,0,-1,-125
1767172972.817238,3,0,-120
1767172972.827238,6,0,-123
1767172972.837238,4,1,-122
1767172972.847238,8,6,-128
1767172972.857238,10,3,-127
1767172972.867238,7,-3,-126
1767172972.877238,4,-5,-132
1767172972.8872385,4,-4,-128
1767172972.8972385,6,2,-128
1767172972.9072382,4,6,-131
1767172972.9172382,2,4,-136
1767172972.9272382,0,1,-139
1767172972.9372382,0,5,-140
1767172972.9472382,1,3,-135
1767172972.9572382,-1,0,-135
1767172972.9672382,0,-2,-130
1767172972.9772382,0,0,-130
1767172972.9872382,-1,-1,-137
1767172972.9972382,0,-3,-135
1767172973.007238,1,-4,-133
1767172973.017238,4,-6,-135
1767172973.027238,1,-5,-132
1767172973.037238,2,-2,-125
1767172973.047238,0,3,-132
1767172973.057238,-3,1,-131
1767172973.067238,0,1,-136
1767172973.077238,0,3,-142
1767172973.087238,3,5,-137
1767172973.097238,3,1,-137
1767172973.107238,2,0,-142
1767172973.117238,0,0,-141
1767172973.127238,-3,-2,-137
1767172973.1372385,-5,-3,-134
1767172973.1472385,-7,-1,-135
1767172973.1572382,-4,-3,-137
1767172973.1672382,-2,0,-136
1767172973.1772382,-7,0,-135
1767172973.1872382,-8,-2,-134
1767172973.1972382,-10,-5,-133
1767172973.2072382,-11,-2,-139
1767172973.2172382,-8,-4,-144
1767172973.2272382,-9,-1,-145
1767172973.2372382,-9,-6,-145
1767172973.2472382,-7,-6,-141
1767172973.257238,0,-6,-138
1767172973.267238,-5,-4,-135
1767172973.277238,-11,-4,-135
1767172973.287238,-9,-1,-131
1767172973.297238,-7,3,-132
1767172973.307238,-4,4,-134
1767172973.317238,-5,2,-136
1767172973.327238,-9,2,-133
1767172973.337238,-8,-2,-132
1767172973.347238,-6,-4,-131
1767172973.357238,-5,-6,-125
1767172973.367238,-6,-9,-125
1767172973.377238,-7,-5,-128
1767172973.3872385,-4,-1,-124
1767172973.3972385,-2,0,-129
1767172973.4072382,-3,-1,-126
1767172973.4172382,-2,-1,-122
1767172973.4272382,-3,-4,-125
1767172973.4372382,-3,-5,-128
1767172973.4472382,0,-8,-133
1767172973.4572382,0,-9,-125
1767172973.4672382,2,-4,-127
1767172973.4772382,3,-4,-127
1767172973.4872382,2,-7,-125
1767172973.4972382,1,-2,-127
1767172973.507238,1,-1,-133
1767172973.517238,3,-3,-131
1767172973.527238,-1,-9,-128
1767172973.537238,-1,-7,-132
1767172973.547238,-3,-4,-136
1767172973.557238,-6,-6,-133
1767172973.567238,-9,-2,-129
1767172973.577238,-6,-2,-126
1767172973.587238,-6,-3,-128
1767172973.597238,-5,-9,-129
1767172973.607238,-2,-9,-127
1767172973.617238,-4,-9,-132
1767172973.627238,-8,-6,-137
1767172973.6372385,-8,-2,-137
1767172973.6472385,-5,-1,-134
1767172973.6572382,-5,-3,-136
1767172973.6672382,-5,-1,-130
1767172973.6772382,-4,3,-128
1767172973.6872382,-2,2,-125
1767172973.6972382,0,5,-127
1767172973.7072382,-1,3,-132
1767172973.7172382,-3,2,-134
1767172973.7272382,-3,-2,-133
1767172973.7372382,-4,0,-134
1767172973.7472382,-4,0,-132
1767172973.757238,-1,-1,-125
1767172973.767238,2,-2,-132
1767172973.777238,5,-3,-129
1767172973.787238,2,-4,-135
1767172973.797238,3,-1,-128
1767172973.807238,7,0,-134
1767172973.817238,7,0,-134
1767172973.827238,6,2,-138
1767172973.837238,3,1,-135
1767172973.847238,3,0,-133
1767172973.857238,4,1,-135
1767172973.867238,6,0,-134
1767172973.877238,2,3,-130
1767172973.8872385,0,0,-130
1767172973.8972385,-1,3,-127
1767172973.9072382,3,0,-122
1767172973.9172382,-1,3,-125
1767172973.9272382,-3,0,-134
1767172973.9372382,-4,0,-136
1767172973.9472382,-6,-2,-132
1767172973.9572382,-5,0,-134
1767172973.9672382,0,0,-131
1767172973.9772382,0,2,-132
1767172973.9872382,0,5,-129
1767172973.9972382,1,3,-129
1767172974.007238,2,2,-131
1767172974.017238,-3,3,-130
1767172974.027238,-3,2,-129
1767172974.037238,-5,2,-129
1767172974.047238,-3,4,-133
1767172974.057238,0,2,-131
1767172974.067238,3,0,-128
1767172974.077238,2,0,-126
1767172974.087238,1,0,-128
1767172974.097238,3,0,-129
1767172974.107238,2,0,-123
1767172974.117238,2,1,-128
1767172974.127238,0,5,-125
1767172974.1372385,0,8,-130
1767172974.1472385,1,9,-128
1767172974.1572382,2,4,-129
1767172974.1672382,5,4,-128
1767172974.1772382,7,3,-128
1767172974.1872382,2,-2,-128
1767172974.1972382,3,-1,-135
1767172974.2072382,3,-4,-137
1767172974.2172382,0,-5,-134
1767172974.2272382,0,-2,-137
1767172974.2372382,2,-1,-132
1767172974.2472382,-1,2,-131
1767172974.257238,-1,1,-129
1767172974.267238,2,-1,-133
1767172974.277238,4,-2,-130
1767172974.287238,3,-2,-129
1767172974.297238,4,-1,-133
1767172974.307238,6,-4,-134
1767172974.317238,5,-5,-130
1767172974.327238,1,-2,-122
1767172974.337238,4,0,-127
1767172974.347238,-1,0,-125
1767172974.357238,-1,0,-127
1767172974.367238,-1,3,-126
1767172974.377238,-1,2,-122
1767172974.3872385,-2,6,-122
1767172974.3972385,-1,3,-120
1767172974.4072382,0,2,-117
1767172974.4172382,-2,0,-122
1767172974.4272382,-2,0,-132
1767172974.4372382,-3,-2,-132
1767172974.4472382,0,0,-132
1767172974.4572382,2,0,-132
1767172974.4672382,5,1,-128
1767172974.4772382,4,1,-122
1767172974.4872382,3,0,-128
1767172974.4972382,3,1,-134
1767172974.507238,3,6,-130
1767172974.517238,0,8,-131
1767172974.527238,-4,3,-135
1767172974.537238,-1,3,-133
1767172974.547238,-2,1,-129
1767172974.557238,-1,4,-130
1767172974.567238,3,4,-128
1767172974.577238,7,3,-132
1767172974.587238,8,3,-132
1767172974.597238,12,0,-131
1767172974.607238,8,0,-132
1767172974.617238,4,-3,-135
1767172974.627238,5,-2,-131
1767172974.6372385,4,0,-126
1767172974.6472385,6,1,-124
1767172974.6572382,3,1,-132
1767172974.6672382,5,-3,-133
1767172974.6772382,6,-6,-141
1767172974.6872382,5,-2,-143
1767172974.708238,0,-4,-145
1767172974.7172382,-2,-4,-143
1767172974.7272382,0,-4,-140
1767172974.7372382,1,-6,-141
1767172974.7472382,3,-7,-145
1767172974.757238,2,-3,-143
1767172974.767238,6,-5,-141
1767172974.777238,3,-3,-138
1767172974.787238,0,-2,-141
1767172974.797238,0,-3,-143
1767172974.807238,1,-5,-135
1767172974.817238,2,-4,-140
1767172974.827238,0,-10,-144
1767172974.837238,0,-11,-145
1767172974.847238,0,-8,-137
1767172974.857238,0,-3,-135
1767172974.867238,5,0,-140
1767172974.877238,6,0,-139
1767172974.8872385,2,-1,-143
1767172974.8982382,0,0,-141
1767172974.9082382,-1,-1,-137
1767172974.9172382,-5,-3,-147
1767172974.9282382,-5,-1,-143
1767172974.938238,-2,0,-141
1767172974.948238,-2,3,-143
1767172974.958238,2,3,-141
1767172974.968238,1,1,-143
1767172974.978238,1,0,-143
1767172974.988238,1,0,-140
1767172974.998238,0,-2,-135
1767172975.008238,0,-1,-131
1767172975.018238,-2,-1,-137
1767172975.028238,-1,0,-137
1767172975.038238,2,0,-133
1767172975.048238,1,-1,-135
1767172975.0582385,2,2,-133
1767172975.0682385,6,2,-128
1767172975.0782382,2,0,-130
1767172975.0882382,3,0,-129
1767172975.0982382,2,0,-130
1767172975.1082382,2,0,-128
1767172975.1182382,5,0,-131
1767172975.1282382,8,-2,-129
1767172975.1382382,6,-5,-128
1767172975.1482382,4,-5,-138
1767172975.1582382,4,-7,-139
1767172975.1682382,2,-5,-136
1767172975.1782382,2,-6,-132
1767172975.188238,-1,-7,-130
1767172975.198238,-1,-7,-127
1767172975.208238,1,-7,-129
1767172975.218238,6,-9,-128
1767172975.228238,7,-9,-125
1767172975.238238,3,-4,-125
1767172975.248238,5,-3,-129
1767172975.258238,5,-3,-133
1767172975.268238,0,-1,-132
1767172975.278238,-4,0,-133
1767172975.288238,-7,-3,-125
1767172975.298238,-11,-4,-123
1767172975.3082385,-8,-2,-121
1767172975.3182385,-7,-2,-126
1767172975.3282382,-5,-1,-127
1767172975.3382382,-1,0,-126
1767172975.3482382,0,1,-128
1767172975.3582382,1,0,-132
1767172975.3682382,-2,-4,-126
1767172975.3782382,-7,-6,-126
1767172975.3882382,-7,-4,-118
1767172975.3982382,-3,-5,-121
1767172975.4082382,2,-5,-126
1767172975.4182382,3,-3,-130
1767172975.4282382,6,-4,-129
1767172975.438238,3,-7,-132
1767172975.448238,0,-5,-135
1767172975.458238,-4,-5,-137
1767172975.468238,-1,-11,-130
1767172975.478238,-1,-7,-123
1767172975.488238,0,-7,-125
1767172975.498238,0,-8,-126
1767172975.508238,2,-4,-130
1767172975.518238,0,0,-133
1767172975.528238,0,0,-140
1767172975.538238,-1,0,-138
1767172975.548238,-3,0,-136
1767172975.5582385,-5,0,-126
1767172975.5682385,-4,2,-124
1767172975.5782382,-2,0,-131
1767172975.5882382,4,-1,-131
1767172975.5982382,1,-5,-126
1767172975.6082382,2,-3,-127
1767172975.6182382,0,-4,-131
1767172975.6282382,-2,-1,-125
1767172975.6382382,-1,-1,-129
1767172975.6482382,0,1,-130
1767172975.6582382,1,1,-133
1767172975.6682382,2,0,-121
1767172975.6782382,0,3,-123
1767172975.688238,-1,0,-131
1767172975.698238,-1,-2,-133
1767172975.708238,0,-6,-132
1767172975.718238,1,-10,-128
1767172975.728238,2,-11,-127
1767172975.738238,-1,-7,-134
1767172975.748238,-2,-5,-133
1767172975.758238,-1,-6,-128
1767172975.768238,-3,-5,-126
1767172975.778238,1,-2,-128
1767172975.788238,3,-4,-128
1767172975.798238,7,-3,-131
1767172975.8082385,6,-2,-138
1767172975.8182385,7,-1,-137
1767172975.8282382,6,1,-133
1767172975.8382382,4,-1,-135
1767172975.8482382,3,-1,-135
1767172975.8582382,1,-5,-134
1767172975.8682382,-2,-4,-132
1767172975.8782382,-3,-1,-136
1767172975.8882382,-4,2,-131
1767172975.8982382,-10,0,-136
1767172975.9082382,-11,-2,-135
1767172975.9182382,-11,-2,-138
1767172975.9282382,-8,-4,-141
1767172975.938238,-11,-4,-143
1767172975.948238,-12,-3,-130
1767172975.958238,-6,-4,-124
1767172975.968238,-5,-1,-120
1767172975.978238,-5,-1,-126
1767172975.988238,-7,-2,-126
1767172975.998238,-12,0,-127
1767172976.008238,-10,0,-128
1767172976.018238,-3,1,-128
1767172976.028238,-5,1,-122
1767172976.038238,-6,-1,-125
1767172976.048238,0,-7,-122
1767172976.0582385,-2,-9,-121
1767172976.0682385,-2,-7,-126
1767172976.0782382,-1,-6,-133
1767172976.0882382,0,-5,-129
1767172976.0982382,0,-6,-130
1767172976.1082382,-2,-8,-127
1767172976.1182382,-1,-6,-130
1767172976.1282382,1,-3,-128
1767172976.1382382,0,-1,-126
1767172976.1482382,-1,-3,-122
1767172976.1582382,0,-2,-125
1767172976.1682382,5,-2,-118
1767172976.1782382,6,-2,-119
1767172976.188238,6,0,-121
1767172976.198238,3,0,-128
1767172976.208238,2,2,-125
1767172976.218238,5,2,-127
1767172976.228238,2,1,-132
1767172976.238238,0,0,-127
1767172976.248238,0,1,-127
1767172976.258238,3,2,-127
1767172976.268238,-2,4,-124
1767172976.278238,0,5,-131
1767172976.288238,-3,3,-134
1767172976.298238,-4,-2,-134
1767172976.3082385,-5,-5,-138
1767172976.3182385,-7,-3,-133
1767172976.3282382,-8,-4,-134
1767172976.3382382,-11,-4,-136
1767172976.3482382,-9,-3,-136
1767172976.3582382,-4,-4,-137
1767172976.3682382,0,0,-134
1767172976.3782382,1,2,-131
1767172976.3882382,3,6,-132
1767172976.3982382,-1,5,-133
1767172976.4082382,0,5,-135
1767172976.4182382,0,7,-128
1767172976.4282382,4,7,-125
1767172976.438238,5,2,-135
1767172976.448238,3,-5,-134
1767172976.458238,1,-6,-126
1767172976.468238,1,-7,-128
1767172976.478238,-3,-10,-127
1767172976.488238,-2,-7,-130
1767172976.498238,-9,-8,-133
1767172976.508238,-8,-10,-138
1767172976.518238,-5,-8,-137
1767172976.528238,-5,-6,-139
1767172976.538238,-7,-3,-134
1767172976.548238,-3,-6,-125
1767172976.5582385,-1,-5,-128
1767172976.5682385,-4,-5,-136
1767172976.5782382,-2,-4,-128
1767172976.5882382,-2,-6,-125
1767172976.5982382,-2,-9,-130
1767172976.6082382,-2,-7,-132
1767172976.6182382,0,-7,-134
1767172976.6282382,-2,-5,-132
1767172976.6382382,-3,-3,-136
1767172976.6482382,-2,-4,-136
1767172976.6582382,-2,-4,-129
1767172976.6682382,-2,-6,-132
1767172976.6782382,0,-5,-133
1767172976.688238,-2,-6,-124
1767172976.698238,0,-5,-124
1767172976.708238,2,-7,-127
1767172976.718238,7,-7,-123
1767172976.728238,7,-8,-126
1767172976.738238,7,-6,-124
1767172976.748238,5,-7,-122
1767172976.758238,3,-3,-116
1767172976.768238,2,0,-116
1767172976.778238,-1,-1,-124
1767172976.788238,-2,0,-128
1767172976.798238,-4,-2,-127
1767172976.8082385,-4,-1,-132
1767172976.8182385,-2,-6,-134
1767172976.8282382,0,-7,-133
1767172976.8382382,0,-6,-137
1767172976.8482382,0,-5,-128
1767172976.8582382,1,-5,-130
1767172976.8682382,0,-6,-132
1767172976.8782382,5,-6,-128
1767172976.8882382,7,-6,-138
1767172976.8982382,8,-8,-135
1767172976.9082382,6,-8,-132
1767172976.9182382,0,-6,-132
1767172976.9282382,1,-6,-133
1767172976.938238,1,-3,-136
1767172976.948238,-1,1,-139
1767172976.958238,-3,5,-143
1767172976.968238,-4,8,-136
1767172976.978238,-4,1,-137
1767172976.988238,-3,1,-141
1767172976.998238,-3,1,-140
1767172977.008238,-1,-5,-141
1767172977.018238,2,-4,-141
1767172977.028238,-1,-1,-132
1767172977.038238,-5,-4,-133
1767172977.048238,-2,-1,-134
1767172977.0582385,-1,-2,-135
1767172977.0682385,-3,-6,-133
1767172977.0782382,0,-12,-135
1767172977.0882382,2,-11,-133
1767172977.0982382,4,-10,-131
1767172977.1082382,0,-4,-130
1767172977.1182382,0,0,-132
1767172977.1282382,2,0,-129
1767172977.1382382,1,1,-124
1767172977.1482382,-1,5,-119
1767172977.1582382,0,1,-125
1767172977.1682382,-1,2,-129
1767172977.1782382,-2,2,-125
1767172977.188238,-2,-1,-125
1767172977.198238,0,-2,-128
1767172977.208238,0,-1,-123
1767172977.218238,-2,-4,-126
1767172977.228238,0,-4,-125
1767172977.238238,-1,0,-123
1767172977.248238,0,-1,-127
1767172977.258238,1,-3,-133
1767172977.268238,1,-4,-132
1767172977.278238,3,-5,-137
1767172977.288238,5,-5,-138
1767172977.298238,3,-2,-137
1767172977.3082385,6,4,-138
1767172977.3182385,7,2,-135
1767172977.3282382,6,0,-135
1767172977.3382382,2,1,-134
1767172977.3482382,2,0,-129
1767172977.3582382,4,0,-132
1767172977.3682382,5,-3,-133
1767172977.3782382,5,-1,-139
1767172977.3882382,6,-3,-144
1767172977.3982382,7,-6,-140
1767172977.4082382,3,-3,-146
1767172977.4182382,1,-3,-139
1767172977.4282382,0,-4,-141
1767172977.438238,1,-5,-133
1767172977.448238,3,-1,-131
1767172977.458238,3,0,-122
1767172977.468238,-4,0,-119
1767172977.478238,0,0,-116
1767172977.4892385,1,-2,-121
1767172977.4992385,-1,1,-127
1767172977.5092382,-2,4,-136
1767172977.5192382,-5,0,-142
1767172977.5292382,-2,-5,-142
1767172977.5392382,0,-5,-142
1767172977.5492382,-5,-1,-140
1767172977.5592382,-5,-1,-140
1767172977.5692382,-6,-3,-140
1767172977.5792382,-5,-3,-134
1767172977.5892382,0,-3,-132
1767172977.5992382,1,-5,-129
1767172977.609238,2,-2,-136
1767172977.619238,3,-2,-143
1767172977.629238,0,1,-145
1767172977.639238,0,2,-141
1767172977.649238,0,0,-135
1767172977.659238,1,-2,-129
1767172977.669238,0,0,-131
1767172977.679238,2,1,-136
1767172977.689238,4,1,-137
1767172977.699238,10,0,-136
1767172977.709238,9,-3,-138
1767172977.719238,6,-1,-132
1767172977.7292385,6,0,-130
1767172977.7392385,5,0,-129
1767172977.7492385,6,0,-130
1767172977.7592382,6,-2,-133
1767172977.7692382,7,-3,-131
1767172977.7792382,5,-5,-133
1767172977.7892382,2,-6,-140
1767172977.7992382,1,-4,-142
1767172977.8092382,5,-4,-134
1767172977.8192382,7,-4,-129
1767172977.8292382,7,-5,-127
1767172977.8392382,9,-9,-132
1767172977.8492382,3,-8,-136
1767172977.859238,-1,-6,-134
1767172977.869238,-1,-8,-133
1767172977.879238,0,-11,-133
1767172977.889238,2,-4,-140
1767172977.899238,4,-5,-136
1767172977.909238,3,0,-132
1767172977.919238,0,-4,-126
1767172977.929238,0,0,-124
1767172977.939238,1,1,-137
1767172977.949238,0,0,-140
1767172977.959238,1,1,-136
1767172977.969238,2,3,-135
1767172977.9792385,0,5,-138
1767172977.9892385,0,8,-136
1767172977.9992385,1,6,-142
1767172978.0092382,3,5,-136
1767172978.0192382,7,3,-134
1767172978.0292382,7,3,-127
1767172978.0392382,2,6,-125
1767172978.0492382,-2,2,-133
1767172978.0592382,-5,0,-133
1767172978.0692382,-1,-6,-132
1767172978.0792382,2,-9,-133
1767172978.0892382,2,-8,-131
1767172978.0992382,0,-3,-132
1767172978.109238,-2,-4,-133
1767172978.119238,-2,-3,-132
1767172978.129238,0,-1,-134
1767172978.139238,-3,1,-136
1767172978.149238,-1,0,-131
1767172978.159238,1,0,-131
1767172978.169238,6,1,-128
1767172978.179238,5,3,-126
1767172978.189238,2,1,-126
1767172978.199238,2,-1,-130
1767172978.209238,4,0,-127
1767172978.219238,4,0,-133
1767172978.2292385,1,0,-135
1767172978.2392385,-1,1,-134
1767172978.2492385,0,-3,-137
1767172978.2592382,0,0,-135
1767172978.2692382,0,3,-126
1767172978.2792382,3,-1,-123
1767172978.2892382,4,-2,-122
1767172978.2992382,6,-4,-126
1767172978.3092382,1,-3,-128
1767172978.3192382,0,-3,-130
1767172978.3292382,-1,-3,-131
1767172978.3392382,-2,-4,-136
1767172978.3492382,-2,0,-135
1767172978.359238,2,0,-136
1767172978.369238,0,-2,-133
1767172978.379238,0,-2,-133
1767172978.389238,-1,-6,-130
1767172978.399238,0,-4,-131
1767172978.409238,0,-5,-137
1767172978.419238,1,-5,-130
1767172978.429238,2,-5,-132
1767172978.439238,3,-7,-135
1767172978.449238,0,-7,-132
1767172978.459238,0,-2,-133
1767172978.469238,1,-3,-130
1767172978.4792385,1,-3,-125
1767172978.4892385,-2,-2,-130
1767172978.4992385,-1,-5,-129
1767172978.5092382,-2,-3,-133
1767172978.5192382,-1,0,-128
1767172978.5292382,3,4,-127
1767172978.5392382,6,-1,-129
1767172978.5492382,9,0,-131
1767172978.5592382,5,3,-132
1767172978.5692382,4,1,-131
1767172978.5792382,3,2,-129
1767172978.5892382,3,0,-129
1767172978.5992382,1,0,-137
1767172978.609238,0,0,-138
1767172978.619238,6,-4,-141
1767172978.629238,0,-9,-137
1767172978.639238,-5,-6,-135
1767172978.649238,-8,-3,-140
1767172978.659238,-4,-1,-140
1767172978.669238,-1,-2,-140
1767172978.679238,-1,-3,-137
1767172978.689238,2,0,-134
1767172978.699238,3,-1,-135
1767172978.709238,1,1,-134
1767172978.719238,1,1,-129
1767172978.7292385,1,2,-128
1767172978.7392385,0,0,-127
1767172978.7492385,1,-1,-123
1767172978.7592382,5,-2,-127
1767172978.7692382,10,-6,-129
1767172978.7792382,2,-7,-127
1767172978.7892382,0,-5,-131
1767172978.7992382,3,-2,-130
1767172978.8092382,1,0,-127
1767172978.8192382,0,0,-118
1767172978.8292382,0,2,-121
1767172978.8392382,1,3,-120
1767172978.8492382,-1,6,-121
1767172978.859238,-4,3,-124
1767172978.869238,-1,1,-122
1767172978.879238,-3,0,-130
1767172978.889238,-5,-3,-130
1767172978.899238,-5,1,-126
1767172978.909238,-5,2,-124
1767172978.919238,-5,-1,-120
1767172978.929238,-1,0,-120
1767172978.939238,-6,-1,-121
1767172978.949238,2,-1,-128
1767172978.959238,4,-1,-131
1767172978.969238,-1,0,-136
1767172978.9792385,-1,1,-138
1767172978.9892385,0,0,-136
1767172978.9992385,-4,1,-143
1767172979.0092382,-3,-1,-139
1767172979.0192382,-6,-2,-139
1767172979.0292382,-9,2,-143
1767172979.0392382,-5,0,-144
1767172979.0492382,-3,0,-141
1767172979.0592382,-5,0,-144
1767172979.0692382,-6,4,-140
1767172979.0792382,-6,8,-133
1767172979.0892382,-3,3,-130
1767172979.0992382,0,0,-128
1767172979.109238,-5,1,-122
1767172979.119238,-8,-2,-126
1767172979.129238,-8,-7,-126
1767172979.139238,-8,-6,-126
1767172979.149238,-4,-3,-126
1767172979.159238,-11,-5,-129
1767172979.169238,-6,-6,-133
1767172979.179238,0,-4,-137
1767172979.189238,0,-5,-139
1767172979.199238,1,-1,-138
1767172979.209238,5,0,-129
1767172979.219238,3,3,-123
1767172979.2292385,-1,4,-129
1767172979.2392385,-8,0,-140
1767172979.2492385,-10,-1,-148
1767172979.2592382,-14,4,-145
1767172979.2692382,-14,3,-143
1767172979.2792382,-9,1,-138
1767172979.2892382,-6,2,-143
1767172979.2992382,-5,0,-143
1767172979.3092382,-1,0,-144
1767172979.3192382,0,0,-140
1767172979.3292382,-1,1,-143
1767172979.3392382,-4,-1,-132
1767172979.3492382,-1,-2,-134
1767172979.359238,2,-2,-131
1767172979.369238,4,-6,-130
1767172979.379238,1,-4,-132
1767172979.389238,2,-6,-133
1767172979.399238,-2,0,-131
1767172979.409238,-3,-2,-134
1767172979.419238,-3,-1,-133
1767172979.429238,-1,0,-135
1767172979.439238,0,2,-134
1767172979.449238,-5,0,-132
1767172979.459238,-11,0,-134
1767172979.469238,-9,0,-140
1767172979.4792385,-2,-1,-136
1767172979.4892385,-4,0,-131
1767172979.4992385,-3,-3,-129
1767172979.5092382,-6,-3,-128
1767172979.5192382,-3,-2,-129
1767172979.5292382,-3,-2,-134
1767172979.5392382,1,-1,-141
1767172979.5492382,6,1,-143
1767172979.5592382,4,3,-145
1767172979.5692382,0,6,-143
1767172979.5792382,-2,8,-142
1767172979.5892382,0,6,-130
1767172979.5992382,0,-1,-125
1767172979.609238,0,-3,-122
1767172979.619238,-1,0,-127
1767172979.629238,-3,-1,-122
1767172979.639238,-2,-2,-119
1767172979.649238,-2,-1,-122
1767172979.659238,-2,2,-124
1767172979.669238,-5,0,-133
1767172979.679238,-7,-1,-130
1767172979.689238,-7,-2,-125
1767172979.699238,-2,-3,-121
1767172979.721238,3,-3,-119
1767172979.7292385,5,-5,-120
1767172979.7392385,6,-2,-129
1767172979.7492385,5,0,-120
1767172979.7592382,6,0,-124
1767172979.7692382,8,1,-127
1767172979.7792382,9,-2,-134
1767172979.7892382,10,1,-136
1767172979.7992382,6,-1,-137
1767172979.8092382,7,-3,-133
1767172979.8192382,8,-9,-132
1767172979.8292382,1,-3,-130
1767172979.8392382,3,-2,-132
1767172979.8492382,2,-1,-131
1767172979.859238,-3,-2,-135
1767172979.869238,0,-4,-137
1767172979.879238,4,-4,-135
1767172979.889238,3,-2,-132
1767172979.899238,-4,2,-130
1767172979.909238,-9,-2,-123
1767172979.919238,-1,0,-126
1767172979.929238,-1,2,-131
1767172979.939238,-1,-2,-131
1767172979.949238,-3,-6,-127
1767172979.959238,0,-5,-124
1767172979.969238,-1,-2,-134
1767172979.9792385,-4,-5,-132
1767172979.9892385,-4,-5,-128
1767172979.9992385,-3,-5,-127
1767172980.0092382,-5,0,-122
1767172980.0192382,-3,2,-123
1767172980.0292382,2,3,-122
1767172980.0392382,0,4,-126
1767172980.0492382,-8,3,-130
1767172980.0592382,-13,2,-125
1767172980.0692382,-9,1,-129
1767172980.0792382,-4,-2,-129
1767172980.0892382,-3,-1,-126
1767172980.0992382,-5,-3,-130
1767172980.109238,-1,-5,-126
1767172980.119238,-2,-10,-135
1767172980.129238,0,-6,-137
1767172980.139238,5,0,-137
1767172980.150238,7,1,-138
1767172980.1602385,2,1,-136
1767172980.169238,1,-1,-134
1767172980.1802382,-2,-4,-133
1767172980.1902382,-2,-2,-135
1767172980.2002382,0,-4,-132
1767172980.2102382,0,-2,-131
1767172980.2202382,-5,-1,-133
1767172980.2302382,-3,-5,-136
1767172980.2402382,0,-8,-132
1767172980.2502382,3,-8,-132
1767172980.2602382,4,-10,-135
1767172980.2702382,0,-6,-136
1767172980.2802382,-4,0,-133
1767172980.290238,-6,1,-134
1767172980.300238,-5,-2,-128
1767172980.310238,-5,-3,-132
1767172980.320238,-6,-2,-137
1767172980.330238,-8,-4,-135
1767172980.340238,-5,-5,-140
1767172980.350238,-6,-8,-133
1767172980.360238,-3,-5,-129
1767172980.370238,-5,-4,-136
1767172980.380238,-5,-5,-138
1767172980.390238,-6,-2,-138
1767172980.400238,-5,1,-132
1767172980.4102385,-2,-2,-130
1767172980.4202385,-1,-5,-129
1767172980.4302382,-1,-3,-121
1767172980.4402382,-2,-1,-124
1767172980.4502382,-3,1,-125
1767172980.4602382,-1,1,-119
1767172980.4702382,1,0,-118
1767172980.4802382,4,0,-121
1767172980.4902382,3,0,-123
1767172980.5002382,-4,-3,-125
1767172980.5102382,-4,-1,-133
1767172980.5202382,1,0,-127
1767172980.5302382,0,1,-129
1767172980.540238,0,0,-127
1767172980.550238,-2,0,-123
1767172980.560238,-3,2,-124
1767172980.570238,-2,1,-130
1767172980.580238,-6,0,-127
1767172980.590238,-5,-1,-126
1767172980.600238,-6,-2,-116
1767172980.610238,-12,-4,-119
1767172980.620238,-7,-4,-125
1767172980.630238,-2,-3,-125
1767172980.640238,3,-5,-128
1767172980.650238,0,0,-124
1767172980.6602385,0,0,-121
1767172980.6702385,4,-1,-125
1767172980.6802382,7,0,-133
1767172980.6902382,10,3,-134
1767172980.7002382,9,1,-141
1767172980.7102382,7,5,-143
1767172980.7202382,3,3,-144
1767172980.7302382,2,1,-142
1767172980.7402382,0,3,-149
1767172980.7502382,4,8,-147
1767172980.7602382,6,6,-145
1767172980.7702382,6,3,-142
1767172980.7802382,5,-1,-140
1767172980.790238,4,1,-140
1767172980.800238,-1,0,-137
1767172980.810238,-3,-1,-129
1767172980.820238,-1,-2,-123
1767172980.830238,1,0,-120
1767172980.840238,7,0,-122
1767172980.850238,0,-3,-127
1767172980.860238,2,1,-121
1767172980.870238,1,0,-123
1767172980.880238,-1,5,-127
1767172980.890238,2,4,-129
1767172980.900238,0,4,-125
1767172980.9102385,0,2,-127
1767172980.9202385,0,-1,-134
1767172980.9302382,-2,-4,-127
1767172980.9402382,0,-1,-127
1767172980.9502382,1,-3,-129
1767172980.9602382,0,-1,-126
1767172980.9702382,0,0,-127
1767172980.9802382,0,2,-127
1767172980.9902382,0,2,-129
1767172981.0002382,2,7,-133
1767172981.0102382,4,7,-130
1767172981.0202382,4,5,-129
1767172981.0302382,1,1,-126
1767172981.040238,-1,5,-129
1767172981.050238,0,5,-128
1767172981.060238,5,3,-129
1767172981.070238,2,0,-124
1767172981.080238,-3,0,-123
1767172981.090238,-1,-5,-120
1767172981.100238,-2,-2,-118
1767172981.110238,-4,0,-122
1767172981.120238,-1,1,-128
1767172981.130238,0,0,-130
1767172981.140238,2,0,-133
1767172981.150238,4,2,-136
1767172981.1602385,1,0,-137
1767172981.1702385,-5,0,-135
1767172981.1802382,-4,0,-133
1767172981.1902382,-4,0,-136
1767172981.2002382,0,1,-138
1767172981.2102382,3,2,-137
1767172981.2202382,5,-1,-133
1767172981.2302382,-1,-2,-131
1767172981.2402382,1,0,-126
1767172981.2502382,2,-2,-127
1767172981.2602382,1,1,-133
1767172981.2702382,0,1,-134
1767172981.2802382,-1,2,-129
1767172981.290238,0,0,-126
1767172981.300238,0,-1,-127
1767172981.310238,0,1,-125
1767172981.320238,1,2,-124
1767172981.330238,1,2,-130
1767172981.340238,-4,2,-129
1767172981.350238,-4,0,-127
1767172981.360238,-6,2,-129
1767172981.370238,-6,2,-133
1767172981.380238,-1,1,-127
1767172981.390238,2,0,-129
1767172981.400238,0,0,-130
1767172981.4102385,0,0,-125
1767172981.4202385,-3,-1,-126
1767172981.4302382,-5,0,-134
1767172981.4402382,-3,2,-136
1767172981.4502382,-5,2,-138
1767172981.4602382,-1,2,-133
1767172981.4702382,-1,1,-130
1767172981.4802382,-1,-2,-133
1767172981.4902382,2,0,-136
1767172981.5002382,0,0,-137
1767172981.5102382,3,-1,-131
1767172981.5202382,3,1,-125
1767172981.5302382,6,2,-124
1767172981.540238,2,2,-124
1767172981.550238,0,1,-122
1767172981.560238,-2,0,-121
1767172981.570238,-1,-3,-125
1767172981.580238,-4,-3,-127
1767172981.590238,1,-5,-122
1767172981.600238,0,-6,-123
1767172981.610238,0,-3,-125
1767172981.620238,-4,0,-129
1767172981.630238,-3,0,-129
1767172981.640238,-3,0,-130
1767172981.650238,-6,2,-130
1767172981.6602385,-6,-1,-133
1767172981.6702385,-9,-2,-134
1767172981.6802382,-10,0,-140
1767172981.6902382,-9,-2,-132
1767172981.7002382,0,-2,-139
1767172981.7102382,0,-1,-134
1767172981.7202382,0,0,-135
1767172981.7302382,-2,0,-137
1767172981.7402382,-3,0,-146
1767172981.7502382,-9,0,-139
1767172981.7602382,-4,1,-132
1767172981.7702382,0,-4,-135
1767172981.7802382,-1,-7,-142
1767172981.790238,0,-3,-138
1767172981.800238,-1,-2,-136
1767172981.810238,0,1,-141
1767172981.820238,-3,1,-137
1767172981.830238,-2,1,-134
1767172981.8412385,0,1,-137
1767172981.850238,1,0,-132
1767172981.860238,-4,3,-126
1767172981.870238,-4,2,-128
1767172981.880238,-3,0,-137
1767172981.890238,-2,0,-138
1767172981.900238,3,6,-133
1767172981.9102385,5,2,-130
1767172981.9202385,0,3,-133
1767172981.9302382,0,0,-133
1767172981.9402382,0,0,-128
1767172981.9502382,0,2,-141
1767172981.9602382,-3,0,-137
1767172981.9702382,-1,-1,-143
1767172981.9802382,2,-5,-141
1767172981.9902382,0,-4,-140
1767172982.0002382,0,-5,-141
1767172982.0102382,4,-5,-146
1767172982.0202382,5,-2,-150
1767172982.0302382,3,-1,-148
1767172982.040238,-1,0,-144
1767172982.050238,-6,0,-135
1767172982.060238,-8,-5,-133
1767172982.070238,-13,-5,-133
1767172982.080238,-12,-3,-139
1767172982.090238,-13,-4,-136
1767172982.100238,-8,0,-127
1767172982.110238,-2,1,-123
1767172982.120238,-1,-1,-124
1767172982.130238,-2,-4,-126
1767172982.140238,-2,-3,-121
1767172982.150238,-7,-4,-122
1767172982.1602385,-8,1,-119
1767172982.1702385,-3,4,-122
1767172982.1802382,0,2,-123
1767172982.1902382,0,-2,-127
1767172982.2002382,0,0,-128
1767172982.2102382,-3,2,-128
1767172982.2202382,-1,0,-132
1767172982.2302382,-1,-1,-134
1767172982.2402382,-2,0,-132
1767172982.2502382,-3,1,-127
1767172982.2602382,-4,0,-127
1767172982.2702382,-3,-1,-119
1767172982.2802382,-4,0,-118
1767172982.290238,-3,1,-121
1767172982.300238,-4,-1,-116
1767172982.310238,-10,-1,-121
1767172982.320238,-14,-1,-120
1767172982.330238,-13,-2,-123
1767172982.340238,-7,0,-130
1767172982.350238,-5,3,-130
1767172982.360238,-2,-2,-131
1767172982.370238,-3,-6,-128
1767172982.380238,-5,-7,-128
1767172982.390238,0,-4,-134
1767172982.400238,0,-2,-132
1767172982.4102385,0,0,-134
1767172982.4202385,-5,-8,-137
1767172982.4302382,0,-9,-135
1767172982.4402382,2,-5,-135
1767172982.4502382,0,-4,-133
1767172982.4602382,0,-7,-131
1767172982.4702382,0,-6,-130
1767172982.4802382,3,-3,-132
1767172982.4902382,6,-4,-130
1767172982.5002382,0,-5,-131
1767172982.5102382,-2,-1,-124
1767172982.5202382,0,2,-122
1767172982.5302382,-3,0,-124
1767172982.540238,0,2,-129
1767172982.550238,-3,2,-125
1767172982.560238,-1,-1,-131
1767172982.570238,0,-2,-127
1767172982.580238,-1,-2,-135
1767172982.590238,-3,0,-131
1767172982.600238,0,0,-134
1767172982.610238,0,-3,-139
1767172982.620238,-1,-2,-144
1767172982.630238,2,-1,-140
1767172982.640238,3,-1,-135
1767172982.650238,0,0,-134
1767172982.6602385,0,-2,-129
1767172982.6702385,1,-4,-131
1767172982.6802382,0,-11,-130
1767172982.6902382,0,-13,-132
1767172982.7002382,-1,-8,-131
1767172982.711238,-1,-8,-131
1767172982.721238,-7,-7,-131
1767172982.731238,-9,-4,-129
1767172982.741238,-5,-3,-129
1767172982.751238,-2,-4,-129
1767172982.761238,-4,-3,-123
1767172982.771238,-8,0,-124
1767172982.781238,-6,4,-127
1767172982.791238,-6,3,-125
1767172982.801238,-1,0,-126
1767172982.811238,-1,0,-135
1767172982.820238,-1,-2,-137
1767172982.8312385,2,-3,-139
1767172982.8412385,2,-2,-134
1767172982.8512385,8,2,-125
1767172982.8612382,3,1,-128
1767172982.8712382,4,4,-135
1767172982.8812382,6,3,-131
1767172982.8912382,4,0,-123
1767172982.9012382,0,-2,-125
1767172982.9112382,-2,-3,-131
1767172982.9212382,-2,-5,-134
1767172982.9312382,0,-9,-123
1767172982.9412382,1,-9,-122
1767172982.9512382,-1,-12,-121
1767172982.961238,-3,-10,-128
1767172982.971238,-2,-10,-133
1767172982.981238,-3,-5,-138
1767172982.991238,-5,-6,-141
1767172983.001238,-4,-6,-134
1767172983.011238,-2,0,-131
1767172983.021238,0,-1,-127
1767172983.031238,2,-3,-130
1767172983.041238,1,1,-127
1767172983.051238,-5,1,-131
1767172983.061238,-4,1,-132
1767172983.071238,-2,1,-137
1767172983.0812385,-4,-2,-134
1767172983.0912385,-4,0,-133
1767172983.1012385,-4,1,-137
1767172983.1112382,-4,3,-129
1767172983.1212382,-6,3,-122
1767172983.1312382,-3,5,-126
1767172983.1412382,-3,2,-132
1767172983.1512382,-5,-1,-131
1767172983.1612382,-8,0,-136
1767172983.1712382,-8,0,-140
1767172983.1812382,-13,-1,-139
1767172983.1912382,-8,-4,-145
1767172983.2012382,-6,-2,-138
1767172983.211238,-5,-3,-135
1767172983.221238,-6,-2,-128
1767172983.231238,-8,0,-121
1767172983.241238,-4,-1,-123
1767172983.251238,-5,0,-129
1767172983.261238,-1,0,-126
1767172983.271238,-3,-5,-125
1767172983.281238,0,-3,-130
1767172983.291238,0,-3,-130
1767172983.301238,2,-4,-131
1767172983.311238,0,-4,-130
1767172983.321238,0,-2,-128
1767172983.3312385,-8,-3,-129
1767172983.3412385,-10,0,-134
1767172983.3512385,-10,-5,-142
1767172983.3612382,-10,-3,-134
1767172983.3712382,-11,-4,-132
1767172983.3812382,-9,-7,-129
1767172983.3912382,-5,-7,-135
1767172983.4012382,-2,-3,-134
1767172983.4112382,-3,-4,-134
1767172983.4212382,-4,-6,-135
1767172983.4312382,-3,-5,-132
1767172983.4412382,-7,-7,-133
1767172983.4512382,-1,-5,-127
1767172983.461238,-1,-4,-129
1767172983.471238,-2,-5,-131
1767172983.481238,-2,-6,-132
1767172983.491238,-2,-5,-138
1767172983.501238,-4,-7,-133
1767172983.511238,-4,-7,-133
1767172983.521238,-6,-7,-132
1767172983.531238,-3,-6,-137
1767172983.541238,0,-10,-133
1767172983.551238,-2,-10,-132
1767172983.561238,0,-11,-134
1767172983.571238,0,-7,-132
1767172983.5812385,0,-7,-132
1767172983.5912385,0,-4,-134
1767172983.6012385,0,1,-132
1767172983.6112382,0,-2,-129
1767172983.6212382,6,-3,-135
1767172983.6312382,9,-1,-130
1767172983.6412382,3,-2,-129
1767172983.6512382,5,-4,-131
1767172983.6612382,1,-1,-134
1767172983.6712382,-1,-3,-128
1767172983.6812382,0,-5,-130
1767172983.6912382,-3,-3,-132
1767172983.7012382,-5,0,-127
1767172983.711238,-7,-1,-122
1767172983.721238,-8,0,-126
1767172983.731238,-6,0,-122
1767172983.741238,-4,1,-128
1767172983.751238,-2,3,-128
1767172983.761238,0,2,-124
1767172983.771238,0,0,-119
1767172983.781238,0,1,-115
1767172983.791238,0,4,-116
1767172983.801238,0,6,-122
1767172983.811238,-2,5,-127
1767172983.821238,0,2,-129
1767172983.8312385,-1,0,-127
1767172983.8412385,-3,0,-128
1767172983.8512385,-7,-1,-133
1767172983.8612382,-5,-3,-133
1767172983.8712382,-3,-6,-131
1767172983.8812382,-1,-2,-126
1767172983.8912382,0,1,-118
1767172983.9012382,1,-4,-114
1767172983.9112382,0,-5,-119
1767172983.9212382,3,-6,-118
1767172983.9312382,0,-4,-122
1767172983.9412382,-3,0,-120
1767172983.9512382,-5,-2,-126
1767172983.961238,-1,-2,-129
1767172983.971238,1,-3,-129
1767172983.981238,1,-5,-131
1767172983.991238,-1,-6,-128
1767172984.001238,0,-7,-129
1767172984.011238,2,-7,-126
1767172984.021238,5,-5,-124
1767172984.031238,6,-7,-127
1767172984.041238,3,-6,-127
1767172984.051238,0,0,-128
1767172984.061238,4,2,-125
1767172984.071238,2,0,-123
1767172984.0812385,0,0,-127
1767172984.0912385,-3,1,-132
1767172984.1012385,-1,0,-128
1767172984.1112382,0,-2,-121
1767172984.1212382,-5,-3,-118
1767172984.1312382,-6,-2,-120
1767172984.1412382,-2,-7,-123
1767172984.1512382,-1,-5,-122
1767172984.1612382,0,-4,-122
1767172984.1712382,2,-5,-126
1767172984.1812382,1,-4,-125
1767172984.1912382,5,-5,-125
1767172984.2012382,4,-5,-123
1767172984.211238,0,-7,-120
1767172984.221238,-1,-5,-121
1767172984.231238,-5,-1,-120
1767172984.241238,-1,1,-119
1767172984.251238,0,1,-122
1767172984.261238,2,-1,-121
1767172984.271238,5,-6,-122
1767172984.281238,5,-2,-123
1767172984.291238,0,-3,-126
1767172984.301238,-4,-1,-125
1767172984.311238,-3,-1,-128
1767172984.321238,-6,-2,-130
1767172984.3312385,-5,1,-124
1767172984.3412385,-1,1,-128
1767172984.3512385,-2,-4,-126
1767172984.3612382,-2,-4,-129
1767172984.3712382,-2,0,-132
1767172984.3812382,0,0,-131
1767172984.3912382,2,1,-130
1767172984.4012382,3,1,-133
1767172984.4112382,3,-1,-141
1767172984.4212382,0,-3,-141
1767172984.4312382,3,0,-136
1767172984.4412382,3,0,-131
1767172984.4512382,-2,0,-127
1767172984.461238,-3,0,-127
1767172984.471238,-4,3,-130
1767172984.481238,-5,3,-129
1767172984.491238,-5,4,-136
1767172984.501238,-9,0,-134
1767172984.511238,-11,2,-131
1767172984.521238,-10,-2,-132
1767172984.531238,-4,0,-138
1767172984.541238,-3,0,-135
1767172984.551238,1,1,-135
1767172984.561238,4,-1,-138
1767172984.571238,3,-2,-137
1767172984.5812385,7,-3,-136
1767172984.5912385,2,-5,-131
1767172984.6012385,2,-6,-138
1767172984.6112382,5,-8,-139
1767172984.6212382,8,-7,-145
1767172984.6312382,8,-1,-145
1767172984.6412382,4,-4,-138
1767172984.6512382,1,-2,-134
1767172984.6612382,4,0,-129
1767172984.6712382,2,4,-126
1767172984.6812382,1,1,-127
1767172984.6912382,-2,0,-123
1767172984.7012382,-5,-1,-117
1767172984.711238,-6,0,-117
1767172984.7332382,0,2,-131
1767172984.741238,-2,0,-129
1767172984.751238,2,0,-129
1767172984.761238,3,-3,-131
1767172984.771238,5,-2,-134
1767172984.781238,1,-3,-123
1767172984.791238,-5,-5,-123
1767172984.801238,-6,-6,-128
1767172984.811238,-8,-7,-142
1767172984.821238,-7,-10,-149
1767172984.8312385,-8,-9,-152
1767172984.8412385,-8,-7,-152
1767172984.8512385,-2,-1,-146
1767172984.8612382,0,0,-139
1767172984.8712382,-1,-1,-136
1767172984.8812382,0,0,-134
1767172984.8912382,2,-5,-136
1767172984.9012382,1,-1,-134
1767172984.9112382,0,-5,-137
1767172984.9212382,-2,-10,-137
1767172984.9312382,-3,-11,-131
1767172984.9412382,2,-11,-132
1767172984.9512382,2,-11,-128
1767172984.961238,0,-11,-129
1767172984.971238,-1,-11,-140
1767172984.981238,-5,-9,-136
1767172984.991238,-6,-5,-128
1767172985.001238,-2,-2,-132
1767172985.011238,0,-1,-133
1767172985.021238,3,-1,-130
1767172985.031238,4,0,-126
1767172985.041238,2,4,-130
1767172985.051238,3,1,-126
1767172985.061238,1,0,-125
1767172985.071238,5,-1,-124
1767172985.0812385,4,0,-121
1767172985.0912385,-2,1,-126
1767172985.1012385,-6,2,-128
1767172985.1112382,-4,3,-132
1767172985.1212382,-1,0,-127
1767172985.1312382,0,0,-120
1767172985.1412382,-1,-3,-125
1767172985.1512382,-3,0,-125
1767172985.1612382,-5,1,-125
1767172985.1712382,-3,2,-126
1767172985.1812382,-3,0,-122
1767172985.1912382,-2,-2,-125
1767172985.2012382,0,-2,-127
1767172985.211238,2,-4,-129
1767172985.221238,0,-6,-128
1767172985.231238,-1,-3,-135
1767172985.241238,0,-5,-139
1767172985.251238,-2,-8,-137
1767172985.261238,0,-7,-135
1767172985.271238,2,-6,-136
1767172985.281238,5,-4,-127
1767172985.291238,3,-2,-122
1767172985.301238,2,-3,-120
1767172985.311238,5,-2,-118
1767172985.321238,1,2,-121
1767172985.3312385,1,3,-122
1767172985.3422382,0,2,-124
1767172985.3522382,1,1,-121
1767172985.3622382,1,-1,-119
1767172985.3722382,1,-2,-116
1767172985.3812382,-5,-3,-121
1767172985.392238,-4,0,-120
1767172985.402238,-4,2,-117
1767172985.412238,-6,1,-122
1767172985.422238,-7,-1,-132
1767172985.432238,-5,-2,-136
1767172985.442238,-1,0,-132
1767172985.452238,-5,2,-133
1767172985.462238,-6,0,-136
1767172985.472238,-3,-4,-134
1767172985.482238,1,-3,-135
1767172985.492238,2,0,-132
1767172985.502238,2,5,-135
1767172985.5122385,4,3,-135
1767172985.5222385,2,2,-131
1767172985.5322382,4,1,-128
1767172985.5422382,4,3,-124
1767172985.5522382,3,7,-123
1767172985.5622382,5,10,-121
1767172985.5722382,4,12,-125
1767172985.5812385,0,12,-129
1767172985.5922382,-2,8,-127
1767172985.6022382,-2,5,-133
1767172985.6122382,-4,5,-132
1767172985.6222382,-3,4,-136
1767172985.6312382,-3,4,-137
1767172985.642238,-3,5,-135
1767172985.652238,-4,0,-136
1767172985.662238,-2,3,-131
1767172985.672238,-1,4,-131
1767172985.682238,-4,3,-133
1767172985.692238,-5,3,-136
1767172985.702238,-3,1,-138
1767172985.712238,3,4,-142
1767172985.722238,3,3,-141
1767172985.732238,4,2,-136
1767172985.742238,1,0,-132
1767172985.752238,0,-3,-129
1767172985.7622385,0,-6,-128
1767172985.7722385,4,-6,-123
1767172985.7822382,1,-6,-118
1767172985.7922382,1,-5,-119
1767172985.8022382,1,-1,-123
1767172985.8122382,3,-4,-128
1767172985.8222382,4,-4,-128
1767172985.8322382,2,-4,-128
1767172985.8422382,0,-2,-131
1767172985.8522382,0,-4,-132
1767172985.8622382,-1,-2,-134
1767172985.8722382,-5,-2,-136
1767172985.882238,-2,-3,-136
1767172985.892238,-4,0,-129
1767172985.902238,4,5,-129
1767172985.912238,6,5,-127
1767172985.922238,4,6,-133
1767172985.932238,2,6,-130
1767172985.942238,-1,4,-136
1767172985.952238,-2,5,-137
1767172985.962238,-2,6,-135
1767172985.972238,-5,2,-136
1767172985.982238,-6,-2,-132
1767172985.992238,-7,0,-128
1767172986.002238,-7,0,-121
1767172986.0122385,-3,-1,-123
1767172986.0222385,-6,-1,-123
1767172986.0322382,-6,3,-133
1767172986.0422382,-8,0,-137
1767172986.0522382,-9,-3,-132
1767172986.0622382,-10,-4,-132
1767172986.0722382,-13,-6,-139
1767172986.0822382,-12,-5,-134
1767172986.0922382,-11,-6,-126
1767172986.1022382,-9,-4,-124
1767172986.1122382,-5,-7,-126
1767172986.1222382,-4,-4,-126
1767172986.132238,-5,-3,-124
1767172986.142238,-5,-2,-120
1767172986.152238,-5,1,-122
1767172986.162238,-3,0,-128
1767172986.172238,-2,1,-133
1767172986.182238,-3,0,-133
1767172986.192238,-3,-2,-135
1767172986.202238,-1,-6,-134
1767172986.212238,2,-6,-130
1767172986.222238,3,-1,-129
1767172986.232238,4,0,-127
1767172986.242238,5,1,-126
1767172986.252238,6,-3,-126
1767172986.2622385,3,-2,-118
1767172986.2722385,1,-4,-119
1767172986.2822382,0,-3,-119
1767172986.2922382,0,-1,-124
1767172986.3022382,0,-1,-120
1767172986.3122382,-3,0,-119
1767172986.3222382,-3,-3,-124
1767172986.3322382,-2,0,-130
1767172986.3422382,-2,-4,-126
1767172986.3522382,-1,-7,-124
1767172986.3622382,-1,-8,-122
1767172986.3722382,3,-8,-129
1767172986.382238,1,-9,-126
1767172986.392238,1,-9,-124
1767172986.402238,6,-4,-124
1767172986.412238,3,-1,-126
1767172986.422238,0,0,-125
1767172986.432238,0,0,-131
1767172986.442238,0,0,-128
1767172986.452238,0,-5,-131
1767172986.462238,1,0,-130
1767172986.472238,0,4,-126
1767172986.482238,-2,-2,-130
1767172986.492238,-6,-4,-131
1767172986.502238,-3,-6,-130
1767172986.5122385,0,-9,-130
1767172986.5222385,0,-7,-134
1767172986.5322382,4,-1,-135
1767172986.5422382,3,0,-128
1767172986.5522382,0,0,-124
1767172986.5622382,-1,0,-127
1767172986.5722382,1,-3,-130
1767172986.5822382,1,-6,-123
1767172986.5922382,-1,-11,-127
1767172986.6022382,2,-7,-129
1767172986.6122382,-3,-8,-127
1767172986.6222382,-6,-5,-129
1767172986.632238,0,-5,-131
1767172986.642238,-4,-4,-128
1767172986.652238,-2,-8,-133
1767172986.662238,1,-9,-138
1767172986.672238,3,-6,-136
1767172986.682238,3,-4,-134
1767172986.692238,0,-4,-134
1767172986.702238,3,-6,-130
1767172986.712238,4,-4,-138
1767172986.722238,2,-3,-135
1767172986.732238,3,-7,-132
1767172986.742238,3,-8,-136
1767172986.752238,2,-8,-145
1767172986.7622385,1,-6,-141
1767172986.7722385,1,-6,-139
1767172986.7822382,0,-5,-143
1767172986.7922382,-2,-2,-143
1767172986.8022382,-2,0,-136
1767172986.8122382,-2,0,-133
1767172986.8222382,0,-1,-129
1767172986.8322382,-4,-1,-134
1767172986.8422382,-6,0,-136
1767172986.8522382,-10,4,-141
1767172986.8622382,-9,4,-136
1767172986.8722382,-7,3,-136
1767172986.882238,-5,3,-132
1767172986.892238,-6,2,-135
1767172986.902238,-6,2,-133
1767172986.912238,-8,-3,-131
1767172986.922238,-11,0,-134
1767172986.932238,-10,0,-139
1767172986.942238,-11,0,-134
1767172986.952238,-10,-4,-131
1767172986.962238,-7,-5,-138
1767172986.972238,-4,-5,-142
1767172986.982238,-6,-3,-143
1767172986.992238,-6,-6,-142
1767172987.002238,0,-3,-138
1767172987.0122385,0,1,-139
1767172987.0222385,0,0,-135
1767172987.0322382,-1,0,-136
1767172987.0422382,-2,0,-136
1767172987.0522382,-3,-2,-136
1767172987.0622382,-4,-11,-137
1767172987.0722382,0,-8,-134
1767172987.0822382,1,-6,-140
1767172987.0922382,5,-6,-135
1767172987.1022382,7,-2,-139
1767172987.1122382,4,-2,-133
1767172987.1222382,4,-5,-132
1767172987.132238,1,-5,-132
1767172987.142238,0,-8,-134
1767172987.152238,4,-7,-133
1767172987.162238,7,0,-132
1767172987.172238,6,-1,-127
1767172987.182238,0,0,-132
1767172987.192238,0,-2,-128
1767172987.202238,1,-1,-131
1767172987.212238,0,0,-132
1767172987.222238,-5,0,-137
1767172987.232238,-3,-2,-143
1767172987.242238,-2,-2,-142
1767172987.252238,-6,-6,-145
1767172987.2622385,-2,-6,-144
1767172987.2722385,-4,-2,-143
1767172987.2822382,-6,-4,-142
1767172987.2922382,-3,-5,-133
1767172987.3022382,-5,-1,-135
1767172987.3122382,-6,-1,-132
1767172987.3222382,-3,-2,-130
1767172987.3322382,-4,-3,-126
1767172987.3422382,-6,-5,-128
1767172987.3522382,-6,-7,-131
1767172987.3622382,-3,-8,-125
1767172987.3722382,0,-9,-125
1767172987.382238,4,-6,-127
1767172987.392238,6,-6,-130
1767172987.402238,7,-10,-127
1767172987.412238,5,-10,-127
1767172987.422238,1,-11,-131
1767172987.432238,-1,-6,-124
1767172987.442238,-4,-3,-120
1767172987.452238,-6,-3,-121
1767172987.462238,-5,0,-118
1767172987.472238,-4,-4,-123
1767172987.482238,-7,-3,-121
1767172987.492238,-2,-5,-132
1767172987.502238,-1,-6,-135
1767172987.5122385,-5,-7,-134
1767172987.5222385,-6,-6,-135
1767172987.5322382,-6,-3,-140
1767172987.5422382,0,-7,-140
1767172987.5522382,0,-6,-139
1767172987.5622382,-5,-7,-138
1767172987.5722382,-1,-6,-132
1767172987.5822382,-3,-4,-133
1767172987.5922382,-3,-7,-134
1767172987.6022382,-4,-7,-134
1767172987.6122382,-8,-6,-135
1767172987.6222382,-5,-1,-130
1767172987.632238,-5,-3,-126
1767172987.642238,-6,0,-127
1767172987.652238,-5,0,-129
1767172987.662238,-1,-2,-123
1767172987.672238,1,-3,-126
1767172987.682238,3,-5,-133
1767172987.692238,1,-2,-131
1767172987.702238,1,-3,-130
1767172987.712238,0,0,-131
1767172987.722238,-1,0,-132
1767172987.732238,3,1,-130
1767172987.742238,5,1,-135
1767172987.752238,1,3,-134
1767172987.7622385,-1,4,-138
1767172987.7722385,1,1,-144
1767172987.7822382,1,3,-138
1767172987.7922382,7,0,-133
1767172987.8022382,3,-2,-133
1767172987.8122382,0,-5,-131
1767172987.8222382,-6,-4,-130
1767172987.8322382,-5,-4,-128
1767172987.8422382,-2,-3,-126
1767172987.8522382,0,-4,-126
1767172987.8622382,4,-4,-121
1767172987.8722382,5,-8,-123
1767172987.882238,1,-8,-125
1767172987.892238,3,-9,-130
1767172987.902238,3,-7,-125
1767172987.913238,0,-8,-123
1767172987.923238,-2,-3,-119
1767172987.932238,0,-2,-128
1767172987.9432385,-4,-3,-131
1767172987.9532382,0,-4,-136
1767172987.9632382,-4,-5,-138
1767172987.972238,-3,-9,-145
1767172987.9832382,-4,-8,-142
1767172987.9932382,-5,-6,-138
1767172988.0032382,-4,-3,-136
1767172988.0132382,-5,-7,-141
1767172988.0232382,-3,-3,-143
1767172988.0332382,-2,-2,-137
1767172988.0432382,-2,-1,-130
1767172988.0532382,-1,0,-126
1767172988.063238,-3,0,-130
1767172988.073238,-7,0,-130
1767172988.083238,-8,0,-132
1767172988.093238,-2,4,-136
1767172988.103238,-2,6,-135
1767172988.113238,-1,4,-129
1767172988.123238,-3,7,-123
1767172988.133238,-3,8,-122
1767172988.143238,0,9,-122
1767172988.153238,1,8,-128
1767172988.163238,3,7,-125
1767172988.173238,5,4,-125
1767172988.1832385,4,3,-125
1767172988.1932385,3,0,-129
1767172988.2032382,3,5,-131
1767172988.2132382,-3,4,-130
1767172988.2232382,2,3,-127
1767172988.2332382,6,2,-137
1767172988.2432382,1,0,-132
1767172988.2532382,0,-5,-130
1767172988.2632382,1,-7,-132
1767172988.2732382,1,-9,-133
1767172988.2832382,4,-4,-133
1767172988.2932382,8,-5,-138
1767172988.3032382,7,-4,-136
1767172988.313238,8,-3,-137
1767172988.323238,8,-1,-141
1767172988.333238,4,-1,-137
1767172988.343238,3,0,-139
1767172988.353238,4,-1,-137
1767172988.363238,7,-1,-138
1767172988.373238,9,0,-139
1767172988.383238,8,-1,-136
1767172988.393238,4,-3,-135
1767172988.403238,3,1,-138
1767172988.413238,0,-2,-147
1767172988.423238,6,-5,-143
1767172988.4332385,7,-7,-142
1767172988.4432385,5,-3,-134
1767172988.4532382,5,-1,-137
1767172988.4632382,3,2,-137
1767172988.4732382,-4,-1,-131
1767172988.4832382,-4,-2,-130
1767172988.4932382,-6,-7,-138
1767172988.5032382,-4,-8,-135
1767172988.5132382,0,-7,-135
1767172988.5232382,0,-9,-141
1767172988.5332382,1,-6,-145
1767172988.5432382,3,-1,-143
1767172988.5532382,-1,-1,-144
1767172988.563238,-2,0,-148
1767172988.573238,3,-3,-146
1767172988.583238,2,-2,-149
1767172988.593238,2,-4,-143
1767172988.603238,1,-7,-135
1767172988.613238,-2,-7,-134
1767172988.623238,-3,-3,-138
1767172988.633238,-5,0,-137
1767172988.643238,-2,2,-142
1767172988.653238,-2,4,-140
1767172988.663238,-1,3,-141
1767172988.673238,5,5,-138
1767172988.6832385,4,5,-141
1767172988.6932385,4,4,-134
1767172988.7032382,0,0,-130
1767172988.7132382,-5,-5,-132
1767172988.7232382,0,-3,-131
1767172988.7332382,-1,-1,-132
1767172988.7432382,-2,0,-133
1767172988.7532382,-1,-2,-130
1767172988.7632382,-1,-2,-132
1767172988.7732382,1,-2,-136
1767172988.7832382,-2,1,-143
1767172988.7932382,-8,-2,-139
1767172988.8032382,-6,0,-132
1767172988.813238,-4,-4,-132
1767172988.823238,2,-2,-132
1767172988.833238,4,-1,-131
1767172988.843238,3,2,-131
1767172988.853238,3,-3,-129
1767172988.863238,-1,-3,-121
1767172988.873238,-3,-2,-122
1767172988.883238,-5,-3,-127
1767172988.893238,-5,-2,-136
1767172988.903238,-3,-6,-136
1767172988.913238,1,-6,-132
1767172988.923238,-5,-7,-128
1767172988.9332385,-4,-5,-128
1767172988.9432385,-8,1,-133
1767172988.9532382,-12,1,-135
1767172988.9632382,-7,0,-134
1767172988.9732382,-3,-1,-130
1767172988.9832382,-3,0,-130
1767172988.9932382,-2,0,-125
1767172989.0032382,0,0,-132
1767172989.0132382,0,1,-134
1767172989.0232382,-2,0,-129
1767172989.0332382,-7,-2,-128
1767172989.0432382,-7,-2,-128
1767172989.0532382,-3,-3,-130
1767172989.063238,-7,0,-135
1767172989.073238,-10,-4,-134
1767172989.083238,-12,-11,-125
1767172989.093238,-8,-9,-121
1767172989.103238,-5,-6,-122
1767172989.113238,-2,-2,-119
1767172989.123238,-3,-2,-112
1767172989.133238,0,-1,-118
1767172989.143238,-2,-1,-119
1767172989.153238,-4,-1,-122
1767172989.163238,0,-1,-120
1767172989.173238,1,0,-115
1767172989.1832385,0,-3,-117
1767172989.1932385,-3,-7,-121
1767172989.2032382,-4,-5,-121
1767172989.2142382,0,-5,-128
1767172989.2232382,0,-3,-127
1767172989.2332382,0,-6,-128
1767172989.2432382,3,-6,-131
1767172989.2532382,4,-1,-127
1767172989.2632382,4,-4,-131
1767172989.2732382,0,-6,-139
1767172989.2832382,1,-5,-136
1767172989.2932382,4,-7,-134
1767172989.3032382,4,-7,-136
1767172989.313238,3,-7,-138
1767172989.323238,3,-2,-132
1767172989.333238,2,-4,-136
1767172989.343238,2,-5,-132
1767172989.353238,1,-6,-130
1767172989.363238,-3,-4,-134
1767172989.373238,-3,-1,-139
1767172989.383238,-1,0,-142
1767172989.393238,-1,-1,-145
1767172989.403238,-2,-1,-144
1767172989.413238,2,1,-144
1767172989.423238,0,2,-141
1767172989.4332385,5,-2,-146
1767172989.4432385,3,-5,-142
1767172989.4532382,-2,-5,-137
1767172989.4632382,-2,-7,-134
1767172989.4732382,0,-9,-127
1767172989.4832382,5,-10,-126
1767172989.4932382,8,-8,-128
1767172989.5032382,5,-10,-124
1767172989.5132382,6,-9,-130
1767172989.5232382,4,-9,-129
1767172989.5332382,3,-7,-132
1767172989.5432382,2,-3,-133
1767172989.5532382,0,0,-137
1767172989.563238,-2,0,-142
1767172989.573238,-5,-1,-145
1767172989.583238,-6,-1,-144
1767172989.593238,-4,2,-145
1767172989.603238,-6,2,-142
1767172989.613238,-3,3,-135
1767172989.623238,-1,0,-133
1767172989.633238,-5,0,-131
1767172989.643238,-3,-2,-134
1767172989.653238,-2,-3,-131
1767172989.663238,3,1,-133
1767172989.673238,2,-2,-132
1767172989.6832385,0,-3,-131
1767172989.6932385,0,-2,-130
1767172989.7032382,-5,0,-131
1767172989.7132382,0,0,-135
1767172989.7232382,0,1,-133
1767172989.745238,3,1,-123
1767172989.7532382,4,1,-121
1767172989.7632382,1,2,-119
1767172989.7732382,-2,-1,-120
1767172989.7832382,-5,-2,-127
1767172989.7932382,-8,2,-131
1767172989.8032382,-7,0,-130
1767172989.813238,-7,0,-130
1767172989.823238,-3,1,-129
1767172989.833238,-4,0,-132
1767172989.843238,-4,1,-135
1767172989.853238,-3,-2,-130
1767172989.863238,-2,-4,-130
1767172989.873238,-7,-3,-128
1767172989.883238,-8,-2,-123
1767172989.893238,-7,0,-123
1767172989.903238,-7,5,-126
1767172989.913238,-8,4,-132
1767172989.923238,-11,4,-133
1767172989.9332385,-11,3,-131
1767172989.9432385,-6,1,-127
1767172989.9532382,-9,2,-135
1767172989.9632382,-6,4,-133
1767172989.9732382,-4,5,-131
1767172989.9832382,-1,3,-128
1767172989.9932382,-1,4,-133
1767172990.0032382,-5,1,-136
1767172990.0132382,-2,1,-133
1767172990.0232382,-3,3,-138
1767172990.0332382,-5,4,-138
1767172990.0432382,-3,3,-140
1767172990.0532382,-4,1,-143
1767172990.063238,-3,0,-145
1767172990.073238,-4,2,-131
1767172990.083238,0,5,-130
1767172990.093238,-1,0,-130
1767172990.103238,-2,1,-126
1767172990.113238,1,0,-130
1767172990.123238,-2,4,-131
1767172990.133238,0,0,-134
1767172990.143238,0,-7,-133
1767172990.153238,-3,-8,-133
1767172990.163238,-6,-7,-135
1767172990.173238,-8,-5,-136
1767172990.1832385,-10,-3,-136
1767172990.1932385,-4,-1,-140
1767172990.2032382,0,1,-135
1767172990.2132382,-3,-1,-132
1767172990.2232382,-3,0,-130
1767172990.2332382,0,-2,-128
1767172990.2432382,0,-6,-129
1767172990.2532382,-2,-7,-134
1767172990.2632382,-2,-2,-141
1767172990.2732382,0,0,-150
1767172990.2832382,-1,1,-152
1767172990.2932382,0,0,-150
1767172990.3032382,0,0,-145
1767172990.313238,-3,0,-143
1767172990.323238,-5,-5,-140
1767172990.333238,-3,-5,-137
1767172990.343238,-3,-4,-137
1767172990.353238,0,-3,-140
1767172990.363238,0,-2,-136
1767172990.373238,-5,-1,-132
1767172990.383238,-2,0,-131
1767172990.393238,-3,7,-129
1767172990.403238,-5,5,-129
1767172990.413238,-4,1,-126
1767172990.423238,-8,1,-123
1767172990.4332385,-4,2,-133
1767172990.4432385,-1,2,-138
1767172990.4532382,4,0,-138
1767172990.4632382,7,2,-136
1767172990.4732382,6,2,-134
1767172990.4832382,1,6,-133
1767172990.4932382,0,3,-130
1767172990.504238,0,-1,-137
1767172990.5132382,3,-2,-138
1767172990.5232382,4,-2,-131
1767172990.5332382,5,0,-123
1767172990.5432382,1,1,-129
1767172990.5532382,2,-2,-130
1767172990.564238,2,-7,-141
1767172990.574238,2,-8,-143
1767172990.584238,6,-7,-141
1767172990.594238,7,-3,-144
1767172990.6042385,5,-1,-136
1767172990.6142385,2,-2,-136
1767172990.6242385,3,-4,-138
1767172990.6342382,0,-8,-129
1767172990.6442382,-1,-5,-121
1767172990.6542382,3,-2,-122
1767172990.6642382,4,2,-123
1767172990.6742382,7,5,-134
1767172990.6842382,3,3,-134
1767172990.6942382,1,-1,-130
1767172990.7042382,-2,2,-132
1767172990.7142382,2,3,-138
1767172990.7242382,3,4,-135
1767172990.734238,5,4,-139
1767172990.744238,3,2,-130
1767172990.754238,7,-3,-132
1767172990.764238,4,-6,-135
1767172990.774238,1,-4,-133
1767172990.784238,-1,1,-134
1767172990.794238,-6,2,-142
1767172990.804238,-8,3,-139
1767172990.814238,-8,2,-136
1767172990.824238,-7,2,-134
1767172990.834238,-10,2,-130
1767172990.844238,-10,2,-128
1767172990.8542385,-5,7,-121
1767172990.8642385,-1,3,-121
1767172990.8742385,-5,0,-121
1767172990.8842382,-5,0,-118
1767172990.8942382,-4,-3,-126
1767172990.9042382,-2,-9,-123
1767172990.9142382,-1,-6,-126
1767172990.9242382,-2,-6,-124
1767172990.9342382,1,-6,-127
1767172990.9442382,7,-3,-125
1767172990.955238,6,-5,-125
1767172990.9642382,8,-4,-130
1767172990.9742382,9,-4,-135
1767172990.984238,8,-1,-137
1767172990.994238,8,2,-132
1767172991.004238,6,1,-126
1767172991.014238,5,2,-127
1767172991.024238,0,2,-123
1767172991.034238,1,2,-125
1767172991.044238,3,2,-127
1767172991.054238,-2,6,-126
1767172991.064238,-8,4,-121
1767172991.074238,-7,1,-127
1767172991.084238,-3,0,-128
1767172991.094238,1,-2,-128
1767172991.1042385,6,-5,-126
1767172991.1142385,5,-1,-125
1767172991.1242385,5,0,-126
1767172991.1342382,1,0,-122
1767172991.1442382,0,-3,-120
1767172991.1542382,0,-1,-134
1767172991.1642382,2,2,-135
1767172991.1742382,5,3,-135
1767172991.1842382,5,6,-132
1767172991.1942382,5,8,-124
1767172991.2042382,6,4,-127
1767172991.2142382,5,4,-129
1767172991.2242382,1,5,-125
1767172991.234238,0,3,-121
1767172991.244238,-5,0,-124
1767172991.254238,-6,-1,-133
1767172991.264238,-6,0,-137
1767172991.274238,-5,-1,-134
1767172991.284238,-3,-2,-136
1767172991.294238,2,-1,-137
1767172991.304238,3,1,-134
1767172991.314238,0,0,-130
1767172991.324238,1,0,-126
1767172991.334238,5,-1,-126
1767172991.344238,1,0,-132
1767172991.3542385,1,1,-129
1767172991.3642385,0,2,-125
1767172991.3742385,0,1,-121
1767172991.3842382,4,0,-119
1767172991.3942382,6,0,-123
1767172991.4042382,0,5,-127
1767172991.4142382,-1,3,-131
1767172991.4242382,0,2,-130
1767172991.4342382,-1,0,-137
1767172991.4442382,-3,0,-131
1767172991.4542382,-1,-3,-132
1767172991.4642382,0,-1,-129
1767172991.4742382,2,0,-130
1767172991.484238,2,2,-132
1767172991.494238,2,1,-133
1767172991.504238,5,1,-129
1767172991.514238,1,2,-136
1767172991.524238,-1,2,-134
1767172991.534238,-2,3,-132
1767172991.544238,-5,0,-127
1767172991.554238,-6,0,-130
1767172991.564238,-6,-3,-136
1767172991.574238,-5,-6,-133
1767172991.584238,-3,-4,-137
1767172991.594238,-6,-5,-135
1767172991.6042385,-5,-4,-126
1767172991.6142385,-1,-4,-125
1767172991.6242385,-3,-3,-125
1767172991.6342382,-4,-1,-129
1767172991.6442382,-4,0,-133
1767172991.6542382,-2,0,-129
1767172991.6642382,-6,-3,-125
1767172991.6742382,-1,-2,-130
1767172991.6842382,-4,-1,-134
1767172991.6942382,-8,1,-132
1767172991.7042382,-2,0,-128
1767172991.7142382,-5,-1,-121
1767172991.7242382,-6,0,-123
1767172991.734238,-6,-4,-118
1767172991.744238,-5,-7,-122
1767172991.754238,-3,0,-120
1767172991.764238,1,0,-118
1767172991.774238,0,-3,-119
1767172991.784238,-4,-1,-112
1767172991.794238,-4,-1,-117
1767172991.804238,-4,0,-120
1767172991.814238,-5,5,-118
1767172991.824238,-4,7,-119
1767172991.834238,-4,6,-125
1767172991.844238,-5,5,-127
1767172991.8542385,-3,4,-130
1767172991.8642385,0,0,-131
1767172991.8742385,3,0,-127
1767172991.8842382,-1,0,-128
1767172991.8942382,0,0,-129
1767172991.9042382,-4,0,-127
1767172991.9142382,-1,0,-126
1767172991.9242382,4,1,-130
1767172991.9342382,3,1,-132
1767172991.9442382,2,0,-131
1767172991.9542382,1,2,-138
1767172991.9642382,0,1,-132
1767172991.9742382,2,-1,-130
1767172991.984238,3,-1,-133
1767172991.994238,5,1,-131
1767172992.004238,5,4,-128
1767172992.014238,6,1,-131
1767172992.024238,4,-1,-131
1767172992.034238,7,1,-132
1767172992.044238,8,-3,-128
1767172992.054238,4,0,-123
1767172992.064238,6,-1,-124
1767172992.074238,1,-2,-129
1767172992.084238,3,0,-124
1767172992.094238,1,-3,-124
1767172992.1042385,-1,-4,-122
1767172992.1142385,3,0,-121
1767172992.1242385,1,-2,-124
1767172992.1342382,1,-4,-120
1767172992.1442382,0,-1,-120
1767172992.1542382,-2,-2,-118
1767172992.1642382,2,1,-135
1767172992.1742382,0,0,-130
1767172992.1842382,-2,-2,-128
1767172992.1942382,0,-5,-128
1767172992.2042382,0,-7,-128
1767172992.2142382,0,-7,-129
1767172992.2242382,0,-4,-132
1767172992.234238,1,-1,-134
1767172992.244238,2,1,-137
1767172992.254238,3,0,-139
1767172992.264238,6,1,-137
1767172992.274238,3,-1,-136
1767172992.284238,1,-2,-134
1767172992.294238,-5,-3,-136
1767172992.304238,-1,-3,-139
1767172992.314238,-1,0,-139
1767172992.324238,-1,0,-135
1767172992.334238,-2,-1,-132
1767172992.344238,-6,0,-138
1767172992.3542385,-7,1,-135
1767172992.3642385,-5,3,-137
1767172992.3742385,-2,0,-140
1767172992.3842382,-2,2,-133
1767172992.3942382,0,-5,-136
1767172992.4042382,-1,-5,-131
1767172992.4142382,-4,-5,-123
1767172992.4242382,-1,-6,-121
1767172992.4342382,1,-7,-123
1767172992.4442382,4,-7,-129
1767172992.4542382,4,-4,-134
1767172992.4642382,6,-3,-130
1767172992.4742382,8,-2,-118
1767172992.484238,8,0,-122
1767172992.494238,8,2,-129
1767172992.504238,2,4,-129
1767172992.514238,-2,0,-126
1767172992.524238,0,-2,-130
1767172992.534238,-1,2,-136
1767172992.544238,2,2,-134
1767172992.554238,0,-1,-131
1767172992.564238,3,0,-130
1767172992.574238,0,1,-130
1767172992.584238,4,2,-125
1767172992.594238,1,2,-129
1767172992.6042385,3,0,-134
1767172992.6142385,3,3,-133
1767172992.6242385,3,6,-132
1767172992.6342382,2,5,-134
1767172992.6442382,-4,6,-132
1767172992.6542382,1,4,-132
1767172992.6642382,-1,1,-125
1767172992.6742382,-1,1,-128
1767172992.6842382,-2,0,-121
1767172992.6942382,4,-2,-118
1767172992.7042382,7,-9,-120
1767172992.7142382,9,-10,-126
1767172992.7242382,4,-7,-133
1767172992.734238,4,-4,-130
1767172992.744238,5,-8,-123
1767172992.754238,1,-6,-123
1767172992.764238,0,-5,-130
1767172992.774238,0,-3,-131
1767172992.784238,4,-2,-138
1767172992.794238,5,0,-139
1767172992.804238,-1,0,-139
1767172992.814238,0,-4,-141
1767172992.824238,1,-9,-148
1767172992.834238,7,-6,-143
1767172992.844238,7,-3,-137
1767172992.8542385,4,-2,-130
1767172992.8642385,1,-4,-130
1767172992.8742385,0,-7,-129
1767172992.8842382,-2,-7,-132
1767172992.8942382,-6,-8,-130
1767172992.9042382,-5,-10,-139
1767172992.9142382,-6,-7,-142
1767172992.9242382,-9,-5,-138
1767172992.9342382,-6,-5,-135
1767172992.9442382,-6,-8,-136
1767172992.9542382,-10,-11,-137
1767172992.9642382,-8,-9,-138
1767172992.9742382,-6,-8,-137
1767172992.984238,-6,-2,-137
1767172992.994238,-5,-3,-133
1767172993.004238,-2,-2,-128
1767172993.014238,1,-10,-126
1767172993.024238,2,-7,-122
1767172993.034238,2,-5,-118
1767172993.044238,3,-1,-126
1767172993.054238,3,-3,-132
1767172993.064238,0,1,-138
1767172993.074238,-4,0,-138
1767172993.084238,-4,1,-138
1767172993.094238,-8,0,-138
1767172993.1042385,-5,0,-141
1767172993.1142385,-2,0,-143
1767172993.1242385,0,-2,-135
1767172993.1352382,-2,-3,-135
1767172993.1442382,-6,-4,-131
1767172993.1552382,-1,0,-125
1767172993.165238,-2,2,-120
1767172993.175238,-4,8,-123
1767172993.185238,-3,5,-122
1767172993.195238,-4,2,-131
1767172993.205238,0,0,-138
1767172993.215238,-5,-1,-139
1767172993.225238,-2,-1,-138
1767172993.235238,0,1,-134
1767172993.245238,-2,0,-136
1767172993.255238,-5,0,-135
1767172993.265238,-3,5,-137
1767172993.275238,-1,7,-137
1767172993.2852385,0,5,-130
1767172993.2952385,-2,5,-128
1767172993.3052382,-3,2,-132
1767172993.3152382,-6,4,-133
1767172993.3252382,-6,4,-129
1767172993.3352382,-4,0,-129
1767172993.3452382,-6,2,-128
1767172993.3552382,-1,-1,-133
1767172993.3652382,0,-1,-142
1767172993.3752382,-2,-3,-143
1767172993.3852382,-2,-1,-145
1767172993.3952382,-2,-3,-148
1767172993.4052382,3,-1,-143
1767172993.415238,1,-1,-138
1767172993.425238,0,0,-141
1767172993.435238,-3,1,-138
1767172993.445238,0,-2,-139
1767172993.455238,-3,0,-137
1767172993.465238,-2,-1,-133
1767172993.475238,-3,0,-136
1767172993.485238,-4,-1,-135
1767172993.495238,-5,0,-123
1767172993.505238,-4,-5,-120
1767172993.515238,-3,-4,-123
1767172993.525238,-2,1,-128
1767172993.5352385,1,0,-131
1767172993.5452385,2,0,-137
1767172993.5552382,2,1,-136
1767172993.5652382,5,2,-140
1767172993.5752382,2,1,-141
1767172993.5852382,2,1,-130
1767172993.5952382,-1,0,-130
1767172993.6052382,0,0,-128
1767172993.6152382,-1,-1,-129
1767172993.6252382,0,-2,-132
1767172993.6352382,2,-4,-136
1767172993.6452382,4,-5,-135
1767172993.6552382,7,-4,-136
1767172993.665238,4,-3,-129
1767172993.675238,6,-5,-126
1767172993.685238,8,-3,-129
1767172993.695238,3,0,-126
1767172993.705238,-2,-2,-126
1767172993.715238,-5,0,-124
1767172993.725238,-7,-2,-120
1767172993.735238,-6,1,-123
1767172993.745238,0,4,-123
1767172993.755238,0,4,-123
1767172993.765238,0,5,-123
1767172993.775238,0,4,-126
1767172993.7852385,-5,-1,-131
1767172993.7952385,-2,-3,-128
1767172993.8052382,-1,0,-128
1767172993.8152382,-2,-1,-131
1767172993.8252382,1,-2,-130
1767172993.8352382,3,-4,-128
1767172993.8452382,4,-2,-123
1767172993.8552382,1,-2,-127
1767172993.8652382,2,-5,-123
1767172993.8752382,0,-4,-122
1767172993.8852382,-4,-2,-120
1767172993.8952382,-1,-6,-116
1767172993.9052382,-2,1,-121
1767172993.915238,-1,-3,-125
1767172993.925238,0,-4,-127
1767172993.935238,2,-3,-129
1767172993.945238,1,-1,-127
1767172993.955238,0,-1,-128
1767172993.965238,-2,-5,-131
1767172993.975238,0,-5,-127
1767172993.985238,-3,-1,-127
1767172993.995238,-2,-4,-127
1767172994.005238,-4,-2,-121
1767172994.015238,-3,-2,-122
1767172994.025238,-8,0,-125
1767172994.0352385,-4,0,-120
1767172994.0452385,-7,0,-124
1767172994.0552382,-5,2,-124
1767172994.0652382,-5,0,-129
1767172994.0752382,-3,0,-123
1767172994.0852382,0,1,-120
1767172994.0952382,0,2,-117
1767172994.1052382,1,0,-114
1767172994.1152382,1,2,-116
1767172994.1252382,0,3,-120
1767172994.1352382,-4,5,-124
1767172994.1452382,-7,4,-126
1767172994.1552382,-4,4,-128
1767172994.165238,-6,2,-125
1767172994.175238,-4,0,-128
1767172994.185238,-2,1,-134
1767172994.195238,-8,1,-133
1767172994.205238,-5,3,-130
1767172994.215238,-5,0,-128
1767172994.225238,-8,-2,-133
1767172994.235238,-8,-3,-142
1767172994.245238,-7,-2,-144
1767172994.255238,-3,1,-137
1767172994.265238,-2,4,-137
1767172994.275238,-3,3,-130
1767172994.2852385,0,0,-123
1767172994.2952385,0,0,-126
1767172994.3052382,2,5,-131
1767172994.3152382,-1,8,-127
1767172994.3252382,0,4,-129
1767172994.3352382,0,3,-129
1767172994.3452382,0,0,-127
1767172994.3552382,2,1,-124
1767172994.3652382,0,0,-128
1767172994.3752382,-3,-1,-126
1767172994.3852382,-1,0,-128
1767172994.3952382,0,-1,-129
1767172994.4052382,0,1,-127
1767172994.415238,-4,2,-127
1767172994.425238,-3,0,-119
1767172994.435238,-5,0,-120
1767172994.445238,-3,-2,-123
1767172994.455238,0,-5,-122
1767172994.465238,-1,0,-127
1767172994.475238,-3,0,-124
1767172994.485238,-1,0,-126
1767172994.495238,-3,0,-127
1767172994.505238,0,0,-135
1767172994.515238,-2,1,-135
1767172994.525238,-5,0,-141
1767172994.5352385,-6,-4,-140
1767172994.5452385,2,0,-143
1767172994.5552382,8,-1,-139
1767172994.5652382,6,-1,-134
1767172994.5752382,2,-3,-137
1767172994.5852382,4,-2,-129
1767172994.5952382,6,-3,-127
1767172994.6052382,4,-4,-130
1767172994.6152382,4,-3,-125
1767172994.6252382,4,-3,-128
1767172994.6352382,0,-3,-128
1767172994.6452382,1,0,-126
1767172994.6552382,4,-2,-128
1767172994.665238,1,-4,-133
1767172994.675238,6,-1,-138
1767172994.685238,0,-3,-135
1767172994.695238,0,-1,-139
1767172994.705238,4,0,-135
1767172994.715238,7,-4,-134
1767172994.725238,2,-5,-131
1767172994.735238,0,-7,-132
1767172994.7562382,-5,1,-133
1767172994.765238,-6,3,-126
1767172994.775238,-7,-1,-133
1767172994.7852385,-5,-6,-131
1767172994.7952385,-6,-7,-129
1767172994.8052382,-2,-7,-128
1767172994.8152382,0,-8,-128
1767172994.8252382,2,-5,-136
1767172994.8352382,5,-2,-139
1767172994.8452382,4,-3,-137
1767172994.8552382,1,-2,-145
1767172994.8652382,5,-5,-139
1767172994.8752382,6,-2,-136
1767172994.8852382,3,-3,-140
1767172994.8952382,8,-3,-138
1767172994.9052382,10,-4,-141
1767172994.915238,8,-5,-144
1767172994.925238,9,-5,-144
1767172994.935238,7,-5,-147
1767172994.945238,7,-5,-146
1767172994.955238,4,-7,-139
1767172994.965238,5,-7,-132
1767172994.975238,0,-8,-128
1767172994.985238,1,-7,-132
1767172994.995238,3,-5,-137
1767172995.005238,5,-3,-134
1767172995.015238,1,0,-133
1767172995.025238,0,-1,-137
1767172995.0352385,-5,-1,-138
1767172995.0452385,-2,3,-142
1767172995.0552382,-2,-1,-138
1767172995.0652382,-3,0,-141
1767172995.0752382,0,5,-141
1767172995.0852382,2,4,-135
1767172995.0952382,4,4,-134
1767172995.1052382,6,1,-129
1767172995.1152382,2,1,-131
1767172995.1252382,1,0,-135
1767172995.1352382,4,-1,-139
1767172995.1452382,5,-2,-136
1767172995.1552382,4,-2,-140
1767172995.165238,2,-3,-137
1767172995.175238,3,0,-134
1767172995.185238,1,0,-129
1767172995.195238,0,-4,-131
1767172995.205238,-1,-2,-128
1767172995.215238,2,1,-121
1767172995.225238,2,2,-129
1767172995.235238,1,1,-128
1767172995.245238,3,-2,-126
1767172995.255238,1,0,-126
1767172995.265238,2,0,-132
1767172995.275238,3,-2,-137
1767172995.2852385,2,0,-136
1767172995.2952385,1,2,-139
1767172995.3052382,-1,3,-133
1767172995.3152382,-1,7,-130
1767172995.3252382,0,3,-131
1767172995.3352382,-1,4,-135
1767172995.3452382,-2,1,-137
1767172995.3552382,0,0,-135
1767172995.3652382,5,-1,-135
1767172995.3752382,6,0,-134
1767172995.3852382,6,0,-134
1767172995.3952382,0,1,-144
1767172995.4052382,1,2,-137
1767172995.415238,2,0,-138
1767172995.425238,0,0,-136
1767172995.435238,-3,0,-138
1767172995.445238,-5,1,-134
1767172995.455238,-6,2,-129
1767172995.465238,-5,0,-125
1767172995.475238,-1,-5,-124
1767172995.485238,-1,-3,-124
1767172995.495238,-3,-4,-127
1767172995.505238,-1,-4,-134
1767172995.515238,0,-5,-135
1767172995.525238,3,-7,-136
1767172995.5352385,0,-11,-138
1767172995.5452385,2,-11,-135
1767172995.5552382,4,-4,-133
1767172995.5652382,3,-2,-131
1767172995.5752382,-4,-1,-128
1767172995.5852382,-5,-6,-127
1767172995.5952382,-9,-7,-133
1767172995.6052382,-9,-3,-132
1767172995.6152382,-5,-2,-138
1767172995.6252382,-4,-4,-137
1767172995.6352382,0,-1,-135
1767172995.6452382,0,-4,-138
1767172995.6552382,0,-7,-131
1767172995.665238,0,-6,-137
1767172995.675238,0,-6,-134
1767172995.685238,-3,-5,-137
1767172995.695238,-1,-5,-137
1767172995.705238,0,-7,-123
1767172995.715238,1,-6,-120
1767172995.725238,-1,-8,-128
1767172995.735238,0,-8,-130
1767172995.7462382,-4,-4,-127
1767172995.7562382,-8,-4,-133
1767172995.7662382,-4,-4,-129
1767172995.7762382,-2,-5,-127
1767172995.7862382,-4,-5,-128
1767172995.7962382,-2,-3,-126
1767172995.8062382,0,-1,-131
1767172995.8162382,0,-2,-131
1767172995.8262382,-2,-1,-128
1767172995.836238,-1,-3,-126
1767172995.846238,2,0,-123
1767172995.856238,-2,-4,-120
1767172995.866238,-4,-4,-123
1767172995.876238,-2,-4,-125
1767172995.886238,-5,-4,-124
1767172995.896238,-5,-5,-130
1767172995.906238,-4,-6,-133
1767172995.916238,-1,-6,-137
1767172995.926238,-1,-7,-134
1767172995.936238,-1,-5,-132
1767172995.946238,0,0,-133
1767172995.9562385,3,2,-127
1767172995.9662385,0,1,-126
1767172995.9762385,5,0,-120
1767172995.9862382,8,1,-120
1767172995.9962382,6,1,-124
1767172996.0062382,2,2,-121
1767172996.0162382,-1,0,-126
1767172996.0262382,0,-3,-133
1767172996.0362382,1,-4,-130
1767172996.0462382,-1,-4,-129
1767172996.0562382,1,-2,-136
1767172996.0662382,0,0,-139
1767172996.0762382,2,1,-140
1767172996.086238,3,5,-137
1767172996.096238,3,4,-138
1767172996.106238,0,3,-137
1767172996.116238,0,2,-132
1767172996.126238,-1,3,-132
1767172996.136238,-2,5,-125
1767172996.146238,-4,8,-120
1767172996.156238,-5,8,-126
1767172996.166238,-4,4,-132
1767172996.176238,-3,8,-131
1767172996.186238,-2,5,-123
1767172996.196238,-2,0,-121
1767172996.2062385,-2,1,-128
1767172996.2162385,-2,0,-133
1767172996.2262385,-1,4,-126
1767172996.2362382,-6,4,-118
1767172996.2462382,-5,3,-123
1767172996.2562382,-3,3,-123
1767172996.2662382,-3,5,-121
1767172996.2762382,0,3,-124
1767172996.2862382,-1,0,-129
1767172996.2962382,0,1,-124
1767172996.3062382,-1,1,-119
1767172996.3162382,-1,-1,-122
1767172996.3262382,0,1,-122
1767172996.336238,1,6,-124
1767172996.346238,0,9,-118
1767172996.356238,1,7,-122
1767172996.366238,2,3,-124
1767172996.376238,0,2,-128
1767172996.386238,-5,3,-125
1767172996.396238,-4,4,-130
1767172996.406238,-3,2,-132
1767172996.416238,0,2,-133
1767172996.426238,2,-1,-141
1767172996.436238,4,-4,-144
1767172996.446238,4,-7,-140
1767172996.4562385,6,-5,-133
1767172996.4662385,4,-2,-126
1767172996.4762385,5,-2,-125
1767172996.4862382,0,-2,-130
1767172996.4962382,0,-4,-130
1767172996.5062382,-5,-5,-134
1767172996.5162382,-7,-2,-133
1767172996.5262382,-4,-2,-126
1767172996.5362382,-3,0,-123
1767172996.5462382,-2,2,-127
1767172996.5562382,-7,2,-132
1767172996.5662382,-6,4,-130
1767172996.5762382,-3,4,-135
1767172996.586238,-1,0,-127
1767172996.596238,2,0,-127
1767172996.606238,3,-3,-128
1767172996.616238,4,-2,-125
1767172996.626238,1,-1,-117
1767172996.636238,6,0,-115
1767172996.646238,8,1,-116
1767172996.656238,10,2,-116
1767172996.666238,6,0,-118
1767172996.676238,4,0,-119
1767172996.686238,0,-3,-129
1767172996.696238,-2,-1,-136
1767172996.7062385,-9,2,-133
1767172996.7162385,-5,2,-129
1767172996.7262385,-7,-1,-130
1767172996.7362382,-7,-2,-137
1767172996.7462382,-10,-4,-136
1767172996.7562382,-6,-6,-142
1767172996.7662382,-5,-4,-137
1767172996.7762382,-8,-6,-135
1767172996.7862382,-5,-9,-136
1767172996.7962382,-4,-1,-140
1767172996.8062382,-4,1,-142
1767172996.8162382,-3,1,-137
1767172996.8262382,-4,2,-134
1767172996.836238,-6,0,-135
1767172996.846238,-7,-4,-139
1767172996.856238,-8,-4,-136
1767172996.866238,-4,0,-131
1767172996.876238,0,4,-137
1767172996.886238,-3,8,-141
1767172996.896238,-5,5,-135
1767172996.906238,-3,5,-137
1767172996.916238,0,3,-135
1767172996.926238,1,5,-131
1767172996.936238,4,1,-137
1767172996.946238,10,-4,-140
1767172996.9562385,10,-5,-142
1767172996.9662385,10,-8,-139
1767172996.9762385,6,-3,-133
1767172996.9862382,3,-3,-132
1767172996.9962382,1,-3,-130
1767172997.0062382,2,-1,-135
1767172997.0162382,7,-1,-138
1767172997.0262382,6,0,-135
1767172997.0362382,0,-5,-137
1767172997.0462382,-1,0,-133
1767172997.0562382,0,-3,-135
1767172997.0662382,-1,0,-133
1767172997.0762382,-2,0,-131
1767172997.086238,-1,0,-125
1767172997.096238,-5,-3,-117
1767172997.106238,-6,-6,-115
1767172997.116238,-2,-7,-116
1767172997.126238,1,-5,-123
1767172997.136238,1,-3,-119
1767172997.146238,4,2,-119
1767172997.156238,2,3,-119
1767172997.166238,1,2,-124
1767172997.176238,4,0,-125
1767172997.186238,4,1,-122
1767172997.196238,8,1,-122
1767172997.2062385,6,1,-123
1767172997.2162385,5,2,-125
1767172997.2262385,0,1,-130
1767172997.2362382,0,2,-129
1767172997.2462382,0,3,-126
1767172997.2562382,0,3,-125
1767172997.2662382,1,1,-121
1767172997.2762382,3,-2,-124
1767172997.2862382,0,-3,-130
1767172997.2962382,0,-2,-137
1767172997.3062382,-1,-2,-136
1767172997.3162382,-1,-1,-136
1767172997.3262382,4,0,-134
1767172997.336238,2,0,-137
1767172997.346238,0,2,-140
1767172997.356238,-1,2,-146
1767172997.366238,-3,0,-142
1767172997.376238,-3,2,-141
1767172997.386238,-4,0,-139
1767172997.396238,-5,0,-133
1767172997.406238,-7,1,-132
1767172997.416238,-6,0,-137
1767172997.426238,-4,1,-134
1767172997.436238,-10,2,-126
1767172997.446238,-6,0,-129
1767172997.4562385,-2,0,-127
1767172997.4662385,2,-6,-133
1767172997.4762385,1,-7,-136
1767172997.4862382,0,-4,-134
1767172997.4962382,-1,0,-125
1767172997.5062382,1,1,-128
1767172997.5162382,0,-2,-128
1767172997.5262382,-2,-1,-135
1767172997.5362382,-1,-4,-129
1767172997.5462382,-1,0,-128
1767172997.5562382,-4,-2,-129
1767172997.5662382,0,0,-127
1767172997.5762382,0,0,-127
1767172997.586238,0,0,-125
1767172997.596238,1,-1,-126
1767172997.606238,0,0,-122
1767172997.616238,-5,-4,-128
1767172997.626238,-2,-5,-130
1767172997.636238,1,-6,-137
1767172997.646238,2,-3,-135
1767172997.656238,-2,-2,-128
1767172997.666238,-3,-3,-124
1767172997.676238,-8,-5,-123
1767172997.686238,-1,0,-119
1767172997.696238,-1,1,-124
1767172997.7062385,-3,-1,-136
1767172997.7162385,0,1,-135
1767172997.7262385,-1,0,-127
1767172997.7362382,0,-2,-124
1767172997.7462382,2,0,-122
1767172997.7562382,3,-1,-127
1767172997.7662382,1,0,-134
1767172997.7762382,1,2,-137
1767172997.7862382,-3,0,-142
1767172997.7962382,-3,-1,-140
1767172997.8062382,-1,-1,-139
1767172997.8162382,0,0,-136
1767172997.8262382,2,0,-135
1767172997.836238,3,0,-132
1767172997.846238,3,-3,-134
1767172997.856238,2,-7,-133
1767172997.866238,3,-8,-130
1767172997.876238,2,-10,-128
1767172997.886238,0,-6,-126
1767172997.896238,0,-3,-124
1767172997.906238,1,-3,-122
1767172997.916238,0,-5,-113
1767172997.926238,0,-4,-116
1767172997.936238,-2,-5,-111
1767172997.946238,-3,-8,-116
1767172997.9562385,1,-8,-126
1767172997.9662385,3,-9,-134
1767172997.9762385,4,-5,-139
1767172997.9862382,-3,-6,-139
1767172997.9962382,-1,-4,-135
1767172998.0062382,2,-3,-131
1767172998.0162382,3,-4,-130
1767172998.0262382,6,-7,-138
1767172998.0362382,4,-5,-136
1767172998.0462382,6,-7,-137
1767172998.0562382,9,-4,-131
1767172998.0662382,3,-4,-133
1767172998.0762382,0,-6,-134
1767172998.086238,-2,-6,-131
1767172998.096238,0,-3,-132
1767172998.106238,-2,-4,-134
1767172998.116238,-3,0,-127
1767172998.126238,-1,-2,-122
1767172998.136238,-2,-3,-122
1767172998.146238,-1,-4,-121
1767172998.156238,0,-3,-123
1767172998.166238,1,0,-128
1767172998.176238,-3,-1,-124
1767172998.186238,-4,-2,-127
1767172998.196238,-1,-4,-133
1767172998.2062385,3,-2,-137
1767172998.2162385,0,-2,-136
1767172998.2262385,-2,-3,-130
1767172998.2362382,0,-1,-134
1767172998.2462382,3,-2,-131
1767172998.2562382,-2,0,-135
1767172998.2662382,0,0,-135
1767172998.2762382,1,-2,-132
1767172998.2862382,-2,-1,-123
1767172998.2962382,2,-4,-125
1767172998.3062382,2,-7,-124
1767172998.3162382,4,-6,-129
1767172998.3262382,3,-6,-126
1767172998.337238,2,-5,-133
1767172998.347238,0,0,-133
1767172998.356238,0,0,-139
1767172998.367238,-1,-1,-141
1767172998.377238,-1,2,-135
1767172998.3872385,1,1,-139
1767172998.3972385,3,2,-137
1767172998.4072382,0,0,-143
1767172998.4172382,0,-2,-139
1767172998.4272382,-3,0,-142
1767172998.4372382,2,4,-137
1767172998.4472382,0,4,-136
1767172998.4572382,-2,6,-136
1767172998.4672382,-5,1,-137
1767172998.4772382,1,0,-140
1767172998.4872382,2,1,-137
1767172998.4972382,3,-1,-133
1767172998.507238,2,-2,-130
1767172998.517238,1,-3,-123
1767172998.527238,-2,-8,-124
1767172998.537238,0,-4,-128
1767172998.547238,4,-4,-129
1767172998.557238,4,-6,-133
1767172998.567238,3,-3,-127
1767172998.577238,0,1,-125
1767172998.587238,-2,3,-122
1767172998.597238,-3,4,-121
1767172998.607238,2,0,-117
1767172998.617238,0,2,-125
1767172998.627238,-3,1,-126
1767172998.6372385,-3,3,-122
1767172998.6472385,-1,3,-121
1767172998.6572382,1,-3,-123
1767172998.6672382,0,-7,-120
1767172998.6772382,2,-5,-120
1767172998.6872382,0,-4,-119
1767172998.6972382,-5,-3,-118
1767172998.7072382,-1,0,-113
1767172998.7172382,-2,0,-120
1767172998.7272382,-6,-1,-119
1767172998.7372382,-7,0,-118
1767172998.7472382,-4,2,-117
1767172998.757238,-1,0,-116
1767172998.767238,0,-2,-118
1767172998.777238,0,0,-122
1767172998.787238,0,-1,-126
1767172998.797238,2,-5,-133
1767172998.807238,0,-5,-131
1767172998.817238,-1,-2,-125
1767172998.827238,-3,0,-123
1767172998.837238,-6,-4,-120
1767172998.847238,-7,-4,-122
1767172998.857238,-3,-5,-128
1767172998.867238,-5,-5,-132
1767172998.877238,-5,-4,-137
1767172998.8872385,-8,0,-140
1767172998.8972385,-9,2,-139
1767172998.9072382,-4,0,-136
1767172998.9172382,-5,1,-131
1767172998.9272382,-6,0,-127
1767172998.9372382,-9,0,-128
1767172998.9472382,-4,2,-127
1767172998.9572382,-5,5,-131
1767172998.9672382,-5,4,-136
1767172998.9772382,-6,4,-135
1767172998.9872382,-7,4,-138
1767172998.9972382,-2,7,-136
1767172999.007238,-5,6,-130
1767172999.017238,-3,7,-132
1767172999.027238,-3,8,-138
1767172999.037238,4,2,-130
1767172999.047238,7,0,-128
1767172999.057238,6,-1,-123
1767172999.067238,5,-2,-131
1767172999.077238,5,-5,-134
1767172999.087238,2,-1,-138
1767172999.097238,0,0,-141
1767172999.107238,-2,-2,-137
1767172999.117238,1,0,-142
1767172999.127238,0,5,-142
1767172999.1372385,-3,1,-145
1767172999.1472385,1,2,-144
1767172999.1572382,3,4,-135
1767172999.1672382,2,6,-126
1767172999.1772382,0,5,-131
1767172999.1872382,1,1,-132
1767172999.1972382,6,4,-128
1767172999.2072382,0,6,-129
1767172999.2172382,0,2,-135
1767172999.2272382,5,-2,-132
1767172999.2372382,7,0,-126
1767172999.2472382,4,0,-133
1767172999.257238,0,-4,-140
1767172999.267238,-5,-2,-139
1767172999.277238,-1,3,-138
1767172999.287238,2,3,-137
1767172999.297238,6,0,-135
1767172999.307238,6,-4,-132
1767172999.317238,1,-6,-135
1767172999.327238,-1,-5,-135
1767172999.337238,3,-6,-135
1767172999.347238,3,-6,-132
1767172999.357238,-1,-3,-132
1767172999.367238,-2,0,-134
1767172999.377238,1,0,-128
1767172999.3872385,-1,0,-126
1767172999.3972385,-5,-4,-135
1767172999.4072382,-4,-3,-134
1767172999.4172382,-2,-1,-138
1767172999.4272382,-1,1,-136
1767172999.4372382,0,0,-131
1767172999.4472382,-7,0,-125
1767172999.4572382,-8,1,-130
1767172999.4672382,-5,2,-132
1767172999.4772382,-1,5,-127
1767172999.4872382,-2,3,-131
1767172999.4972382,0,2,-132
1767172999.507238,-1,3,-136
1767172999.517238,-3,2,-134
1767172999.527238,-8,2,-134
1767172999.537238,-7,1,-131
1767172999.547238,-8,3,-132
1767172999.557238,-5,0,-134
1767172999.567238,-3,0,-130
1767172999.577238,-1,0,-130
1767172999.587238,-4,-2,-125
1767172999.597238,-8,0,-131
1767172999.607238,-6,3,-133
1767172999.617238,-7,4,-133
1767172999.627238,-7,3,-132
1767172999.6372385,-2,4,-130
1767172999.6472385,-5,5,-131
1767172999.6572382,-4,3,-135
1767172999.6672382,0,2,-130
1767172999.6772382,-2,2,-132
1767172999.6872382,-4,0,-135
1767172999.6972382,-1,0,-135
1767172999.7072382,0,-2,-137
1767172999.7172382,0,-1,-140
1767172999.7272382,2,-4,-141
1767172999.7372382,1,-4,-137
1767172999.7472382,-2,-5,-141
1767172999.768238,2,-1,-131
1767172999.777238,0,-4,-132
1767172999.787238,2,-7,-133
1767172999.797238,-1,-6,-131
1767172999.807238,0,-1,-130
1767172999.817238,0,-2,-131
1767172999.827238,3,-4,-128
1767172999.837238,-3,-1,-128
1767172999.847238,-6,0,-128
1767172999.857238,-2,1,-131
1767172999.867238,0,6,-140
1767172999.877238,0,9,-137
1767172999.8872385,1,6,-133
1767172999.8972385,1,2,-132
1767172999.9072382,0,0,-133
1767172999.9172382,-2,0,-129
1767172999.9272382,0,3,-116
1767172999.9372382,5,3,-122
1767172999.9472382,6,3,-128
1767172999.9572382,6,3,-134
1767172999.9672382,0,0,-129
1767172999.9772382,-2,-1,-134
1767172999.9872382,-5,-2,-134
1767172999.9972382,-2,-3,-135
1767173000.007238,-3,0,-137
1767173000.017238,0,0,-142
1767173000.027238,0,0,-135
1767173000.037238,-1,-4,-136
1767173000.047238,0,0,-134
1767173000.057238,-1,1,-136
1767173000.067238,1,-2,-138
1767173000.077238,5,-2,-138
1767173000.087238,4,0,-139
1767173000.097238,2,1,-133
1767173000.107238,1,-2,-133
1767173000.117238,0,-3,-132
1767173000.127238,0,-1,-133
1767173000.1372385,0,-4,-130
1767173000.1472385,-2,-7,-129
1767173000.1572382,-7,-7,-132
1767173000.1672382,-3,-6,-129
1767173000.1772382,-6,-4,-125
1767173000.1872382,-2,-5,-123
1767173000.1972382,-2,-4,-127
1767173000.2072382,0,-2,-126
1767173000.2172382,2,0,-125
1767173000.2272382,1,1,-128
1767173000.2372382,0,-5,-131
1767173000.2472382,-2,-8,-131
1767173000.257238,0,-5,-128
1767173000.267238,0,-3,-126
1767173000.277238,-1,-3,-129
1767173000.287238,-1,-1,-136
1767173000.297238,-2,-3,-139
1767173000.307238,-4,-2,-149
1767173000.317238,-4,-3,-144
1767173000.327238,-6,-1,-134
1767173000.337238,-7,-2,-134
1767173000.347238,-7,-9,-133
1767173000.357238,-9,-8,-131
1767173000.367238,-9,-6,-127
1767173000.377238,-6,-7,-130
1767173000.3872385,-4,-6,-124
1767173000.3972385,-8,-5,-121
1767173000.4072382,-6,-5,-124
1767173000.4172382,-5,-2,-128
1767173000.4272382,-4,0,-129
1767173000.4372382,-8,1,-126
1767173000.4472382,-9,2,-120
1767173000.4572382,-10,2,-119
1767173000.4672382,-6,0,-119
1767173000.4772382,-5,1,-125
1767173000.4872382,-2,2,-124
1767173000.4972382,-3,1,-125
1767173000.507238,-7,2,-132
1767173000.517238,-8,0,-135
1767173000.527238,-8,0,-139
1767173000.537238,-7,-5,-140
1767173000.547238,-5,-6,-144
1767173000.557238,-8,-4,-138
1767173000.567238,-9,-5,-130
1767173000.577238,-9,-5,-127
1767173000.587238,-13,-1,-123
1767173000.597238,-13,-2,-126
1767173000.607238,-6,-1,-121
1767173000.617238,-4,-4,-123
1767173000.627238,-2,-6,-121
1767173000.6372385,0,-5,-123
1767173000.6472385,-4,0,-125
1767173000.6572382,-1,0,-131
1767173000.6672382,2,2,-134
1767173000.6772382,2,1,-128
1767173000.6872382,-1,4,-132
1767173000.6972382,-3,4,-131
1767173000.7072382,-1,4,-128
1767173000.7172382,-1,0,-130
1767173000.7272382,-4,-1,-130
1767173000.7372382,-5,3,-136
1767173000.7472382,-9,4,-131
1767173000.757238,-5,2,-127
1767173000.767238,-4,0,-131
1767173000.777238,-2,1,-131
1767173000.787238,-1,5,-130
1767173000.797238,3,3,-130
1767173000.807238,4,4,-125
1767173000.817238,2,5,-123
1767173000.827238,2,4,-124
1767173000.837238,1,-3,-129
1767173000.847238,0,-7,-133
1767173000.857238,0,-4,-127
1767173000.867238,-1,-9,-130
1767173000.877238,-3,-7,-136
1767173000.8872385,-5,-10,-136
1767173000.8972385,-3,-10,-141
1767173000.9072382,-3,-7,-138
1767173000.9172382,-3,-5,-137
1767173000.9272382,-1,-1,-145
1767173000.9372382,-1,0,-145
1767173000.9472382,-2,0,-142
1767173000.9572382,-1,-6,-137
1767173000.968238,-2,-7,-139
1767173000.978238,-1,-5,-134
1767173000.9872382,0,-4,-129
1767173000.998238,-3,-2,-129
1767173001.008238,-1,-1,-131
1767173001.018238,-2,0,-132
1767173001.028238,-3,0,-134
1767173001.038238,1,-1,-131
1767173001.048238,2,-3,-127
1767173001.0582385,1,-3,-126
1767173001.0682385,-3,1,-125
1767173001.0782382,-4,0,-124
1767173001.0882382,-3,-2,-125
1767173001.0982382,-3,0,-119
1767173001.1082382,-5,3,-117
1767173001.1182382,-8,1,-116
1767173001.1282382,-7,6,-118
1767173001.1382382,-5,8,-127
1767173001.1482382,0,4,-129
1767173001.1582382,0,4,-120
1767173001.1682382,-1,3,-115
1767173001.1782382,-5,6,-121
1767173001.188238,-4,6,-130
1767173001.198238,-2,3,-132
1767173001.208238,0,0,-130
1767173001.218238,1,-3,-126
1767173001.228238,3,-5,-125
1767173001.238238,4,-4,-128
1767173001.248238,7,-2,-124
1767173001.258238,9,0,-122
1767173001.268238,8,3,-125
1767173001.278238,7,4,-128
1767173001.288238,2,4,-134
1767173001.298238,2,-3,-132
1767173001.3082385,-1,-5,-133
1767173001.3182385,-7,-7,-137
1767173001.3282382,-6,-8,-135
1767173001.3382382,-7,-7,-130
1767173001.3482382,-9,-8,-128
1767173001.3582382,-4,-5,-127
1767173001.3682382,-2,-6,-129
1767173001.3782382,0,-7,-128
1767173001.3882382,4,-6,-127
1767173001.3982382,1,-4,-122
1767173001.4082382,1,-4,-116
1767173001.4182382,-2,-3,-119
1767173001.4282382,0,-3,-123
1767173001.438238,-2,0,-126
1767173001.448238,-6,-1,-126
1767173001.458238,-5,0,-132
1767173001.468238,-3,-5,-129
1767173001.478238,0,-5,-129
1767173001.488238,-3,-7,-132
1767173001.498238,-5,-9,-128
1767173001.508238,-1,-3,-133
1767173001.518238,2,-1,-134
1767173001.528238,3,-1,-132
1767173001.538238,4,-6,-126
1767173001.548238,4,-1,-122
1767173001.5582385,-1,-2,-128
1767173001.5682385,1,-2,-132
1767173001.5782382,1,1,-132
1767173001.5882382,-3,6,-122
1767173001.5982382,-8,5,-120
1767173001.6082382,-5,7,-126
1767173001.6182382,-3,3,-124
1767173001.6282382,-4,0,-122
1767173001.6382382,-1,-2,-116
1767173001.6482382,0,-5,-117
1767173001.6582382,-1,-5,-123
1767173001.6682382,-4,-9,-119
1767173001.6782382,-2,-5,-122
1767173001.688238,-3,-1,-121
1767173001.698238,-1,-2,-115
1767173001.708238,-8,0,-117
1767173001.718238,-10,-1,-121
1767173001.728238,-11,-2,-120
1767173001.738238,-12,2,-128
1767173001.748238,-8,-2,-124
1767173001.758238,-6,2,-129
1767173001.768238,-8,2,-123
1767173001.778238,-7,0,-126
1767173001.788238,-8,-4,-127
1767173001.798238,-7,-3,-126
1767173001.8082385,-6,-3,-127
1767173001.8182385,-9,-4,-130
1767173001.8282382,-6,-1,-133
1767173001.8382382,0,-2,-131
1767173001.8482382,0,-3,-126
1767173001.8582382,2,-2,-126
1767173001.8682382,1,-6,-132
1767173001.8782382,0,-5,-133
1767173001.8882382,0,-5,-139
1767173001.8982382,3,-4,-140
1767173001.9082382,6,-5,-141
1767173001.9182382,4,-5,-138
1767173001.9282382,0,-10,-133
1767173001.938238,0,-9,-131
1767173001.948238,1,-9,-128
1767173001.958238,-1,-8,-129
1767173001.968238,-4,-8,-129
1767173001.978238,-2,-5,-137
1767173001.988238,-2,-2,-142
1767173001.998238,-4,-6,-142
1767173002.008238,-5,-5,-139
1767173002.018238,-3,0,-142
1767173002.028238,-3,0,-137
1767173002.038238,-6,-1,-141
1767173002.048238,-7,3,-135
1767173002.0582385,-4,4,-132
1767173002.0682385,-2,6,-128
1767173002.0782382,-3,1,-125
1767173002.0882382,-4,-3,-123
1767173002.0982382,-3,-6,-128
1767173002.1082382,-6,-5,-127
1767173002.1182382,-7,-6,-131
1767173002.1282382,-7,-4,-136
1767173002.1382382,-4,-3,-142
1767173002.1482382,-5,2,-145
1767173002.1582382,-1,0,-145
1767173002.1682382,0,-1,-142
1767173002.1782382,2,-3,-135
1767173002.188238,3,0,-133
1767173002.198238,2,1,-138
1767173002.208238,4,1,-140
1767173002.218238,4,1,-138
1767173002.228238,5,-1,-136
1767173002.238238,5,0,-135
1767173002.248238,2,-1,-131
1767173002.258238,4,-1,-131
1767173002.268238,8,0,-128
1767173002.278238,2,-2,-124
1767173002.288238,0,-2,-122
1767173002.298238,0,-1,-125
1767173002.3082385,2,-2,-133
1767173002.3182385,2,0,-134
1767173002.3282382,2,-1,-134
1767173002.3382382,3,1,-134
1767173002.3482382,3,3,-136
1767173002.3582382,4,-1,-139
1767173002.3682382,0,1,-140
1767173002.3782382,-4,0,-130
1767173002.3882382,3,0,-137
1767173002.3982382,3,0,-134
1767173002.4082382,-1,0,-131
1767173002.4182382,-1,5,-129
1767173002.4282382,-8,3,-124
1767173002.438238,-8,5,-123
1767173002.448238,-4,7,-123
1767173002.458238,-5,4,-128
1767173002.468238,3,1,-125
1767173002.478238,10,-1,-127
1767173002.488238,9,0,-125
1767173002.498238,5,0,-126
1767173002.508238,5,-2,-127
1767173002.518238,7,-5,-127
1767173002.528238,4,-3,-126
1767173002.538238,-1,-4,-120
1767173002.548238,0,-3,-120
1767173002.5582385,-1,-1,-125
1767173002.5682385,-1,-3,-124
1767173002.5782382,-4,-4,-117
1767173002.5882382,-4,0,-122
1767173002.5982382,-1,1,-119
1767173002.6082382,-5,4,-122
1767173002.6182382,-4,5,-123
1767173002.6282382,-4,2,-124
1767173002.6382382,-4,0,-132
1767173002.6482382,-1,-3,-130
1767173002.6582382,0,-6,-130
1767173002.6682382,2,-6,-134
1767173002.6782382,8,-4,-131
1767173002.688238,9,-5,-131
1767173002.698238,9,-3,-127
1767173002.708238,7,0,-124
1767173002.718238,5,0,-125
1767173002.728238,2,0,-123
1767173002.738238,3,-1,-126
1767173002.748238,0,1,-123
1767173002.758238,-5,1,-130
1767173002.768238,-4,-1,-135
1767173002.778238,-4,1,-142
1767173002.788238,-3,-1,-139
1767173002.798238,-2,-3,-143
1767173002.8082385,0,2,-138
1767173002.8182385,6,3,-127
1767173002.8282382,8,0,-128
1767173002.8382382,4,-1,-131
1767173002.8482382,3,-5,-131
1767173002.8582382,0,-11,-129
1767173002.8682382,1,-10,-121
1767173002.8782382,2,-8,-114
1767173002.8882382,0,-4,-118
1767173002.8982382,-1,-2,-125
1767173002.9082382,0,-3,-121
1767173002.9182382,2,-3,-128
1767173002.9282382,3,-5,-134
1767173002.938238,-2,-2,-128
1767173002.948238,0,0,-130
1767173002.958238,-4,-2,-130
1767173002.968238,-3,-1,-123
1767173002.978238,0,-3,-120
1767173002.988238,-1,-3,-121
1767173002.998238,-3,0,-125
1767173003.008238,-3,-3,-132
1767173003.018238,-1,-2,-126
1767173003.028238,-2,-1,-124
1767173003.038238,2,0,-125
1767173003.048238,3,-1,-130
1767173003.0582385,1,0,-133
1767173003.0682385,4,0,-139
1767173003.0782382,4,0,-130
1767173003.0882382,1,-3,-127
1767173003.0982382,2,-3,-123
1767173003.1082382,4,-3,-125
1767173003.1182382,5,-2,-123
1767173003.1282382,5,0,-123
1767173003.1382382,3,-7,-123
1767173003.1482382,0,-7,-119
1767173003.1582382,2,-9,-120
1767173003.1682382,6,-7,-119
1767173003.1782382,4,-3,-121
1767173003.188238,3,-6,-123
1767173003.198238,1,-3,-125
1767173003.208238,0,2,-130
1767173003.218238,-2,6,-125
1767173003.228238,-2,4,-124
1767173003.238238,-1,2,-126
1767173003.248238,-1,1,-123
1767173003.258238,-1,1,-122
1767173003.268238,-1,5,-121
1767173003.278238,0,5,-118
1767173003.288238,1,-2,-116
1767173003.298238,2,-1,-123
1767173003.3082385,1,-4,-129
1767173003.3182385,3,-6,-127
1767173003.3282382,4,-5,-130
1767173003.3382382,3,-6,-129
1767173003.3482382,5,-5,-135
1767173003.3582382,4,-8,-134
1767173003.3682382,6,-8,-127
1767173003.3782382,7,-6,-128
1767173003.3882382,5,-3,-134
1767173003.3982382,7,-3,-137
1767173003.4082382,3,-4,-134
1767173003.4182382,3,0,-131
1767173003.4282382,1,-3,-126
1767173003.438238,3,-8,-125
1767173003.448238,3,-11,-123
1767173003.458238,-2,-12,-128
1767173003.468238,0,-13,-125
1767173003.478238,-1,-7,-130
1767173003.488238,0,-7,-134
1767173003.498238,-3,-4,-130
1767173003.508238,0,-1,-132
1767173003.518238,1,0,-129
1767173003.5292382,-2,0,-129
1767173003.538238,-3,0,-121
1767173003.548238,-5,1,-121
1767173003.5582385,-5,2,-130
1767173003.5692382,-4,-3,-131
1767173003.5782382,-6,0,-137
1767173003.5892382,-9,-2,-142
1767173003.5992382,-9,-5,-140
1767173003.609238,-7,-4,-135
1767173003.619238,-9,-3,-129
1767173003.629238,-7,0,-131
1767173003.639238,-6,0,-132
1767173003.649238,-3,3,-135
1767173003.659238,-4,1,-132
1767173003.669238,-3,-1,-131
1767173003.679238,0,-1,-129
1767173003.689238,-1,3,-132
1767173003.699238,0,2,-134
1767173003.709238,1,-2,-135
1767173003.719238,-2,-2,-129
1767173003.7292385,1,-3,-130
1767173003.7392385,1,1,-130
1767173003.7492385,2,3,-128
1767173003.7592382,1,4,-126
1767173003.7692382,-2,0,-129
1767173003.7792382,-5,-2,-130
1767173003.7892382,-2,-2,-128
1767173003.7992382,0,-1,-124
1767173003.8092382,-4,-1,-124
1767173003.8192382,-6,1,-124
1767173003.8292382,-6,-1,-129
1767173003.8392382,-5,-2,-132
1767173003.8492382,-6,-3,-134
1767173003.859238,-3,-4,-128
1767173003.869238,-6,-3,-132
1767173003.879238,-6,0,-136
1767173003.889238,-5,0,-137
1767173003.899238,-6,0,-139
1767173003.909238,-6,-3,-137
1767173003.919238,-5,-3,-135
1767173003.929238,-3,-1,-131
1767173003.939238,-3,1,-127
1767173003.949238,-1,0,-129
1767173003.959238,-3,-2,-131
1767173003.969238,-2,-3,-129
1767173003.9792385,-1,-6,-130
1767173003.9892385,0,-10,-131
1767173003.9992385,-2,-7,-128
1767173004.0092382,-2,-6,-131
1767173004.0192382,-2,-5,-129
1767173004.0292382,2,-4,-126
1767173004.0392382,6,-4,-132
1767173004.0492382,6,-5,-132
1767173004.0592382,2,-2,-136
1767173004.0692382,0,-2,-138
1767173004.0792382,2,-2,-130
1767173004.0892382,2,-3,-126
1767173004.0992382,4,-3,-127
1767173004.109238,3,-3,-132
1767173004.119238,-1,-5,-124
1767173004.129238,-4,-6,-119
1767173004.139238,-6,-4,-125
1767173004.149238,-4,-6,-122
1767173004.159238,-3,-5,-120
1767173004.169238,-5,1,-122
1767173004.179238,-7,2,-115
1767173004.189238,-6,1,-113
1767173004.199238,-1,0,-116
1767173004.209238,1,0,-113
1767173004.219238,-3,4,-118
1767173004.2292385,0,1,-124
1767173004.2392385,0,4,-126
1767173004.2492385,-2,1,-127
1767173004.2592382,-9,-4,-127
1767173004.2692382,-7,-5,-130
1767173004.2792382,-6,-3,-131
1767173004.2892382,-6,-3,-134
1767173004.2992382,-5,0,-135
1767173004.3092382,0,1,-139
1767173004.3192382,1,0,-133
1767173004.3292382,1,4,-135
1767173004.3392382,1,2,-141
1767173004.3492382,-1,0,-140
1767173004.359238,-4,1,-143
1767173004.369238,-9,3,-146
1767173004.379238,-8,0,-144
1767173004.389238,-10,-2,-139
1767173004.399238,-13,-5,-146
1767173004.409238,-8,-2,-150
1767173004.419238,-6,-1,-148
1767173004.429238,-3,0,-139
1767173004.439238,3,0,-139
1767173004.449238,-3,1,-139
1767173004.459238,-3,-2,-136
1767173004.469238,-3,-5,-131
1767173004.4792385,-2,-6,-129
1767173004.4892385,-2,-4,-125
1767173004.4992385,-2,-4,-122
1767173004.5092382,-3,-6,-121
1767173004.5192382,-2,-10,-118
1767173004.5292382,1,-8,-129
1767173004.5392382,8,-5,-130
1767173004.5492382,5,-3,-132
1767173004.5592382,5,1,-129
1767173004.5692382,2,4,-128
1767173004.5792382,1,6,-127
1767173004.5892382,3,3,-131
1767173004.5992382,5,0,-131
1767173004.609238,5,0,-128
1767173004.619238,1,-4,-125
1767173004.629238,-2,-3,-128
1767173004.639238,-3,-2,-131
1767173004.649238,-2,-3,-131
1767173004.659238,-6,-1,-130
1767173004.669238,-7,0,-130
1767173004.679238,-4,-2,-127
1767173004.689238,0,-4,-126
1767173004.699238,2,-4,-132
1767173004.709238,1,-5,-134
1767173004.719238,0,-2,-134
1767173004.7292385,-3,0,-130
1767173004.7392385,-1,0,-132
1767173004.7492385,-5,1,-136
1767173004.7592382,0,-1,-132
1767173004.781238,0,-1,-138
1767173004.7892382,-2,-3,-132
1767173004.7992382,0,0,-128
1767173004.8092382,2,-3,-128
1767173004.8192382,1,-4,-128
1767173004.8292382,0,-2,-130
1767173004.8392382,5,-3,-133
1767173004.8492382,6,0,-131
1767173004.859238,4,0,-133
1767173004.869238,3,-7,-132
1767173004.879238,1,-10,-128
1767173004.889238,0,-9,-129
1767173004.899238,0,-5,-132
1767173004.909238,-4,-5,-127
1767173004.919238,-3,-6,-135
1767173004.929238,-5,-3,-133
1767173004.939238,-4,-3,-138
1767173004.949238,-3,-3,-136
1767173004.959238,0,-2,-137
1767173004.969238,-2,-3,-132
1767173004.9792385,-2,-5,-131
1767173004.9892385,0,-5,-130
1767173004.9992385,0,-6,-123
1767173005.0092382,0,-5,-123
1767173005.0192382,-3,-3,-123
1767173005.0292382,-1,-3,-125
1767173005.0392382,-1,-2,-127
1767173005.0492382,-2,0,-128
1767173005.0592382,-3,0,-127
1767173005.0692382,-3,0,-125
1767173005.0792382,0,0,-125
1767173005.0892382,-2,-1,-126
1767173005.0992382,-4,-5,-130
1767173005.109238,-4,0,-126
1767173005.119238,-1,0,-124
1767173005.129238,-1,0,-120
1767173005.139238,2,0,-119
1767173005.149238,0,1,-126
1767173005.159238,-1,0,-136
1767173005.169238,0,0,-138
1767173005.179238,-1,3,-140
1767173005.189238,-1,2,-145
1767173005.199238,0,5,-148
1767173005.209238,1,1,-145
1767173005.219238,3,-1,-144
1767173005.2292385,3,-3,-140
1767173005.2392385,2,-1,-139
1767173005.2492385,1,-4,-126
1767173005.2592382,1,-4,-122
1767173005.2692382,3,-2,-128
1767173005.2792382,0,0,-132
1767173005.2892382,3,-3,-130
1767173005.2992382,5,-5,-125
1767173005.3092382,7,-4,-125
1767173005.3192382,0,0,-129
1767173005.3292382,0,-3,-125
1767173005.3392382,3,-2,-128
1767173005.3492382,8,-1,-134
1767173005.359238,5,-3,-138
1767173005.369238,4,0,-141
1767173005.379238,7,1,-144
1767173005.389238,8,0,-142
1767173005.399238,7,-5,-141
1767173005.409238,8,0,-135
1767173005.419238,13,-2,-135
1767173005.429238,14,-7,-127
1767173005.439238,13,-7,-128
1767173005.449238,12,-6,-134
1767173005.459238,15,-6,-131
1767173005.469238,14,0,-125
1767173005.4792385,11,0,-125
1767173005.4892385,10,1,-127
1767173005.4992385,9,1,-126
1767173005.5092382,6,-3,-123
1767173005.5192382,5,-4,-115
1767173005.5292382,0,-4,-111
1767173005.5392382,0,-4,-116
1767173005.5492382,-1,-5,-118
1767173005.5592382,1,-5,-127
1767173005.5692382,0,-4,-129
1767173005.5792382,0,-3,-130
1767173005.5892382,-2,-2,-132
1767173005.5992382,1,-4,-137
1767173005.609238,3,0,-137
1767173005.619238,2,0,-133
1767173005.629238,0,1,-137
1767173005.639238,-4,-1,-137
1767173005.649238,0,-1,-131
1767173005.659238,-4,0,-128
1767173005.669238,-1,-4,-126
1767173005.679238,1,-2,-130
1767173005.689238,5,0,-128
1767173005.699238,5,0,-121
1767173005.709238,5,1,-122
1767173005.719238,5,2,-124
1767173005.7292385,3,-1,-124
1767173005.7392385,2,-2,-131
1767173005.7492385,1,-2,-138
1767173005.7592382,3,-1,-139
1767173005.7692382,3,-3,-144
1767173005.7792382,4,0,-144
1767173005.7892382,3,-2,-146
1767173005.7992382,-1,-4,-149
1767173005.8092382,4,-7,-142
1767173005.8192382,3,-9,-138
1767173005.8292382,4,-7,-132
1767173005.8392382,2,-2,-129
1767173005.8492382,-3,-3,-129
1767173005.859238,-4,-7,-130
1767173005.869238,-6,-6,-135
1767173005.879238,-1,-4,-129
1767173005.889238,0,-2,-125
1767173005.899238,0,0,-123
1767173005.909238,0,-4,-124
1767173005.919238,3,-2,-131
1767173005.929238,3,0,-132
1767173005.939238,0,2,-127
1767173005.949238,-1,4,-124
1767173005.959238,3,2,-129
1767173005.969238,6,2,-131
1767173005.9792385,1,2,-137
1767173005.9892385,6,3,-137
1767173005.9992385,9,2,-143
1767173006.0092382,1,2,-139
1767173006.0192382,0,2,-140
1767173006.0292382,3,1,-137
1767173006.0392382,0,-1,-136
1767173006.0492382,0,-4,-135
1767173006.0592382,1,-5,-133
1767173006.0692382,0,-4,-130
1767173006.0792382,-3,-4,-127
1767173006.0892382,-1,-1,-125
1767173006.0992382,-4,4,-124
1767173006.109238,-4,4,-126
1767173006.119238,-4,-1,-124
1767173006.129238,-3,0,-124
1767173006.139238,-8,1,-127
1767173006.149238,-8,0,-125
1767173006.159238,-5,-3,-124
1767173006.169238,-3,-4,-129
1767173006.179238,-6,-7,-127
1767173006.1902382,-1,-1,-125
1767173006.2002382,1,0,-123
1767173006.2102382,0,-1,-128
1767173006.2202382,0,-3,-129
1767173006.2302382,1,-4,-129
1767173006.2402382,-3,-3,-128
1767173006.2502382,-4,0,-127
1767173006.2602382,-4,2,-126
1767173006.2702382,-2,-3,-132
1767173006.2802382,-1,0,-135
1767173006.290238,2,4,-137
1767173006.300238,-1,0,-133
1767173006.310238,0,-2,-128
1767173006.320238,-1,0,-128
1767173006.330238,-1,3,-124
1767173006.340238,-4,2,-131
1767173006.350238,-7,3,-128
1767173006.360238,-5,4,-133
1767173006.370238,-9,1,-126
1767173006.380238,-6,-2,-122
1767173006.390238,-3,-3,-127
1767173006.400238,-4,-1,-128
1767173006.4102385,-4,-2,-128
1767173006.4202385,-2,-3,-133
1767173006.4302382,-1,-7,-131
1767173006.4402382,0,-7,-132
1767173006.4502382,-1,-4,-134
1767173006.4602382,0,-5,-129
1767173006.4702382,-2,-4,-127
1767173006.4802382,1,-1,-133
1767173006.4902382,0,0,-132
1767173006.5002382,0,-1,-133
1767173006.5102382,0,0,-136
1767173006.5202382,5,3,-142
1767173006.5302382,5,0,-142
1767173006.540238,5,-2,-135
1767173006.550238,4,2,-132
1767173006.560238,1,4,-130
1767173006.570238,2,-4,-130
1767173006.580238,1,-4,-129
1767173006.590238,6,-3,-129
1767173006.600238,7,0,-128
1767173006.610238,5,0,-131
1767173006.620238,6,0,-129
1767173006.630238,8,4,-128
1767173006.640238,10,2,-130
1767173006.650238,4,1,-133
1767173006.6602385,1,-1,-133
1767173006.6702385,-5,0,-135
1767173006.6802382,-8,0,-135
1767173006.6902382,-11,-2,-134
1767173006.7002382,-5,-3,-141
1767173006.7102382,-3,-5,-136
1767173006.7202382,-6,-4,-127
1767173006.7302382,-6,-7,-128
1767173006.7402382,0,-7,-123
1767173006.7502382,0,-8,-128
1767173006.7602382,-3,-8,-130
1767173006.7702382,-1,-10,-135
1767173006.7802382,-1,-9,-131
1767173006.790238,1,-6,-130
1767173006.800238,0,-2,-137
1767173006.810238,0,0,-132
1767173006.820238,2,-3,-134
1767173006.830238,3,-3,-139
1767173006.840238,-1,-3,-139
1767173006.850238,0,-3,-135
1767173006.860238,0,-3,-132
1767173006.870238,0,-5,-134
1767173006.880238,-1,-4,-134
1767173006.890238,-1,-5,-129
1767173006.900238,1,-4,-131
1767173006.9102385,1,-5,-132
1767173006.9202385,3,-6,-139
1767173006.9302382,-1,-4,-138
1767173006.9402382,-2,-3,-132
1767173006.9502382,-9,-2,-133
1767173006.9602382,-7,0,-130
1767173006.9702382,-7,-2,-127
1767173006.9802382,-5,3,-126
1767173006.9902382,-6,1,-125
1767173007.0002382,-5,0,-128
1767173007.0102382,-4,1,-130
1767173007.0202382,4,0,-130
1767173007.0302382,4,2,-136
1767173007.040238,7,5,-142
1767173007.050238,8,3,-137
1767173007.060238,7,2,-137
1767173007.070238,7,4,-136
1767173007.080238,5,2,-134
1767173007.090238,3,2,-126
1767173007.100238,-2,7,-123
1767173007.110238,-1,6,-124
1767173007.120238,-2,5,-127
1767173007.130238,-1,4,-130
1767173007.140238,0,0,-133
1767173007.150238,-2,-3,-132
1767173007.1602385,-3,-3,-129
1767173007.1702385,-2,-2,-138
1767173007.1802382,-1,-4,-136
1767173007.1902382,-3,-5,-131
1767173007.2002382,-3,-6,-128
1767173007.2102382,-6,-3,-129
1767173007.2202382,-6,0,-132
1767173007.2302382,-4,2,-131
1767173007.2402382,0,0,-135
1767173007.2502382,2,4,-132
1767173007.2602382,2,6,-131
1767173007.2702382,4,0,-133
1767173007.2802382,6,0,-131
1767173007.290238,0,0,-132
1767173007.300238,2,-5,-128
1767173007.310238,4,-7,-131
1767173007.320238,7,-8,-127
1767173007.330238,7,-8,-126
1767173007.340238,8,-4,-125
1767173007.350238,7,-7,-122
1767173007.360238,5,-8,-129
1767173007.370238,7,-8,-124
1767173007.380238,4,-7,-125
1767173007.390238,3,-5,-128
1767173007.400238,3,-4,-126
1767173007.4102385,1,-6,-125
1767173007.4202385,0,-4,-119
1767173007.4302382,-5,-6,-126
1767173007.4402382,-8,-8,-114
1767173007.4502382,-4,-3,-113
1767173007.4602382,-2,2,-113
1767173007.4702382,0,2,-116
1767173007.4802382,5,0,-118
1767173007.4902382,6,-1,-124
1767173007.5002382,5,0,-122
1767173007.5102382,3,-2,-124
1767173007.5202382,1,0,-131
1767173007.5302382,0,0,-137
1767173007.540238,1,-6,-130
1767173007.550238,7,-6,-125
1767173007.560238,5,-4,-133
1767173007.570238,1,-1,-139
1767173007.580238,0,-1,-134
1767173007.590238,-1,1,-136
1767173007.600238,2,1,-141
1767173007.610238,6,1,-141
1767173007.620238,5,3,-144
1767173007.630238,7,2,-141
1767173007.640238,8,3,-132
1767173007.650238,8,-2,-131
1767173007.6602385,8,0,-132
1767173007.6702385,8,1,-138
1767173007.6802382,8,-2,-138
1767173007.6902382,4,-5,-129
1767173007.7002382,0,-3,-128
1767173007.7102382,0,-3,-135
1767173007.7202382,-1,0,-134
1767173007.7302382,-2,1,-134
1767173007.7402382,-3,0,-131
1767173007.7502382,0,-3,-130
1767173007.7602382,-1,-7,-128
1767173007.7702382,-3,-2,-131
1767173007.7802382,-6,0,-133
1767173007.790238,-5,2,-135
1767173007.800238,-9,-2,-137
1767173007.810238,-7,-5,-137
1767173007.820238,-4,-3,-135
1767173007.830238,-5,-4,-133
1767173007.840238,-3,0,-128
1767173007.850238,-2,-1,-124
1767173007.860238,-3,1,-127
1767173007.870238,-2,1,-128
1767173007.880238,0,-1,-127
1767173007.890238,0,0,-129
1767173007.900238,1,0,-133
1767173007.9102385,1,-4,-137
1767173007.9202385,3,-4,-133
1767173007.9302382,-1,-5,-128
1767173007.9402382,0,0,-124
1767173007.9502382,0,3,-123
1767173007.9602382,4,7,-126
1767173007.9702382,6,6,-125
1767173007.9802382,3,6,-126
1767173007.9902382,2,8,-130
1767173008.0002382,0,8,-131
1767173008.0102382,0,5,-137
1767173008.0202382,0,1,-138
1767173008.0302382,1,-1,-134
1767173008.040238,0,-3,-134
1767173008.050238,1,-4,-131
1767173008.060238,2,-5,-130
1767173008.070238,3,-2,-135
1767173008.080238,1,-4,-130
1767173008.090238,0,-4,-135
1767173008.100238,0,-1,-131
1767173008.110238,3,-1,-136
1767173008.120238,0,2,-140
1767173008.130238,0,2,-135
1767173008.140238,2,-1,-135
1767173008.150238,7,0,-136
1767173008.1602385,10,0,-129
1767173008.1702385,8,1,-135
1767173008.1802382,6,3,-135
1767173008.1902382,8,0,-138
1767173008.2002382,7,0,-140
1767173008.2102382,7,-3,-137
1767173008.2202382,9,-4,-133
1767173008.2302382,5,-6,-135
1767173008.2402382,-2,-4,-129
1767173008.2502382,-2,-7,-129
1767173008.2602382,4,-9,-134
1767173008.2702382,7,-9,-129
1767173008.2802382,8,-4,-121
1767173008.290238,9,0,-124
1767173008.300238,10,4,-119
1767173008.310238,7,5,-120
1767173008.320238,5,3,-120
1767173008.330238,4,1,-125
1767173008.340238,4,-4,-127
1767173008.350238,1,-4,-125
1767173008.360238,4,0,-130
1767173008.370238,6,2,-135
1767173008.380238,1,3,-128
1767173008.390238,4,1,-123
1767173008.400238,5,0,-125
1767173008.4102385,3,0,-132
1767173008.4202385,0,0,-138
1767173008.4302382,0,-3,-135
1767173008.4402382,1,-4,-133
1767173008.4502382,2,0,-126
1767173008.4602382,5,0,-121
1767173008.4702382,2,-3,-125
1767173008.4802382,0,-8,-128
1767173008.4902382,2,-9,-130
1767173008.5002382,0,-8,-128
1767173008.5102382,-2,-5,-123
1767173008.5202382,-1,1,-128
1767173008.5302382,0,1,-126
1767173008.540238,1,3,-129
1767173008.550238,1,3,-125
1767173008.560238,2,0,-122
1767173008.570238,0,0,-123
1767173008.580238,-1,1,-121
1767173008.590238,-1,1,-131
1767173008.600238,-3,4,-129
1767173008.610238,-7,6,-133
1767173008.620238,-2,5,-132
1767173008.630238,-3,0,-132
1767173008.640238,3,-2,-135
1767173008.650238,5,0,-141
1767173008.6602385,3,0,-138
1767173008.6702385,-1,0,-142
1767173008.6802382,-4,0,-137
1767173008.6902382,-6,2,-143
1767173008.7002382,-3,0,-145
1767173008.7102382,0,0,-143
1767173008.7202382,0,1,-141
1767173008.7302382,0,0,-144
1767173008.7402382,0,0,-137
1767173008.751238,2,0,-129
1767173008.7602382,1,3,-129
1767173008.771238,1,1,-138
1767173008.7802382,-1,1,-144
1767173008.791238,-1,-2,-139
1767173008.800238,1,-2,-141
1767173008.810238,4,0,-138
1767173008.821238,3,0,-133
1767173008.8312385,6,0,-135
1767173008.8412385,6,0,-141
1767173008.8512385,3,1,-142
1767173008.8612382,2,2,-140
1767173008.8712382,5,3,-134
1767173008.8812382,0,4,-131
1767173008.8912382,0,4,-128
1767173008.9012382,-3,2,-125
1767173008.9112382,0,2,-128
1767173008.9212382,-5,3,-133
1767173008.9312382,-6,3,-134
1767173008.9412382,-5,5,-125
1767173008.9512382,-3,5,-124
1767173008.961238,-5,7,-125
1767173008.971238,-1,6,-122
1767173008.981238,3,3,-124
1767173008.991238,-1,2,-123
1767173009.001238,-2,0,-131
1767173009.011238,-1,-2,-131
1767173009.021238,3,0,-131
1767173009.031238,0,-2,-131
1767173009.041238,1,-3,-126
1767173009.051238,5,-6,-127
1767173009.061238,2,-7,-126
1767173009.071238,0,-7,-124
1767173009.0812385,0,-7,-126
1767173009.0912385,0,-6,-127
1767173009.1012385,-2,-4,-133
1767173009.1112382,-1,-1,-137
1767173009.1212382,-4,1,-133
1767173009.1312382,-2,0,-133
1767173009.1412382,-5,-2,-137
1767173009.1512382,-2,-2,-138
1767173009.1612382,-1,-5,-136
1767173009.1712382,2,-5,-133
1767173009.1812382,0,-5,-126
1767173009.1912382,1,0,-129
1767173009.2012382,2,1,-127
1767173009.211238,6,5,-117
1767173009.221238,3,5,-115
1767173009.231238,3,0,-111
1767173009.241238,4,-2,-108
1767173009.251238,9,-2,-112
1767173009.261238,4,-3,-115
1767173009.271238,2,-6,-124
1767173009.281238,1,-9,-126
1767173009.291238,1,-6,-122
1767173009.301238,-5,-7,-121
1767173009.311238,-2,-4,-123
1767173009.321238,0,0,-124
1767173009.3312385,-1,0,-124
1767173009.3412385,-3,0,-127
1767173009.3512385,1,0,-129
1767173009.3612382,7,3,-129
1767173009.3712382,5,2,-136
1767173009.3812382,3,0,-132
1767173009.3912382,-1,0,-125
1767173009.4012382,0,0,-123
1767173009.4112382,2,-1,-131
1767173009.4212382,1,-1,-134
1767173009.4312382,0,0,-136
1767173009.4412382,1,3,-132
1767173009.4512382,-2,0,-135
1767173009.461238,-1,-1,-135
1767173009.471238,0,-3,-134
1767173009.481238,-3,-2,-131
1767173009.491238,-3,1,-130
1767173009.501238,0,1,-134
1767173009.511238,0,6,-134
1767173009.521238,0,9,-127
1767173009.531238,0,8,-130
1767173009.541238,0,3,-128
1767173009.551238,2,0,-127
1767173009.561238,0,2,-131
1767173009.571238,1,3,-136
1767173009.5812385,-1,0,-129
1767173009.5912385,-5,0,-124
1767173009.6012385,-5,-2,-130
1767173009.6112382,-3,-4,-129
1767173009.6212382,-4,-3,-127
1767173009.6312382,-6,0,-129
1767173009.6412382,-8,0,-133
1767173009.6512382,-11,0,-138
1767173009.6612382,-6,0,-140
1767173009.6712382,-2,1,-133
1767173009.6812382,0,0,-127
1767173009.6912382,1,-1,-131
1767173009.7012382,1,0,-133
1767173009.711238,-3,2,-139
1767173009.721238,-1,-1,-140
1767173009.731238,0,0,-138
1767173009.741238,-6,0,-138
1767173009.751238,-2,0,-135
1767173009.761238,2,-2,-130
1767173009.771238,3,-1,-137
1767173009.7922382,7,-1,-134
1767173009.801238,2,0,-130
1767173009.811238,2,2,-135
1767173009.821238,3,0,-126
1767173009.8312385,0,-4,-130
1767173009.8412385,3,-1,-130
1767173009.8512385,2,0,-127
1767173009.8612382,0,2,-130
1767173009.8712382,0,3,-130
1767173009.8812382,1,0,-134
1767173009.8912382,0,2,-132
1767173009.9012382,-2,1,-123
1767173009.9112382,0,2,-119
1767173009.9212382,-2,0,-117
1767173009.9312382,-3,0,-123
1767173009.9412382,-3,-1,-133
1767173009.9512382,-7,0,-136
1767173009.961238,-5,-2,-126
1767173009.971238,0,-4,-132
1767173009.981238,2,-6,-128
1767173009.991238,1,-3,-123
1767173010.001238,0,0,-126
1767173010.011238,2,0,-129
1767173010.021238,1,0,-132
1767173010.031238,0,0,-133
1767173010.041238,1,-1,-125
1767173010.051238,3,-2,-121
1767173010.061238,2,-1,-121
1767173010.071238,0,-4,-120
1767173010.0812385,-4,-1,-118
1767173010.0912385,-3,-3,-124
1767173010.1012385,0,-2,-130
1767173010.1112382,2,-5,-125
1767173010.1212382,0,-5,-129
1767173010.1312382,0,-4,-129
1767173010.1412382,-2,-5,-125
1767173010.1512382,1,-5,-132
1767173010.1612382,-1,-5,-128
1767173010.1712382,-1,-4,-130
1767173010.1812382,0,-7,-132
1767173010.1912382,0,-7,-132
1767173010.2012382,3,-5,-130
1767173010.211238,-2,-1,-124
1767173010.221238,-6,0,-129
1767173010.231238,-3,0,-129
1767173010.241238,-6,5,-122
1767173010.251238,-2,4,-122
1767173010.261238,-3,2,-124
1767173010.271238,-4,4,-128
1767173010.281238,-3,0,-130
1767173010.291238,-4,0,-133
1767173010.301238,-7,-3,-133
1767173010.311238,-5,-1,-129
1767173010.321238,0,0,-134
1767173010.3312385,-5,1,-140
1767173010.3412385,-7,4,-132
1767173010.3512385,-7,2,-127
1767173010.3612382,-6,0,-130
1767173010.3712382,-4,3,-133
1767173010.3812382,-5,2,-133
1767173010.3912382,-4,1,-141
1767173010.4012382,-5,1,-140
1767173010.4112382,0,1,-125
1767173010.4212382,3,0,-131
1767173010.4312382,4,3,-130
1767173010.4412382,1,3,-131
1767173010.4512382,0,-1,-130
1767173010.461238,0,-1,-129
1767173010.471238,-4,2,-135
1767173010.481238,-3,2,-134
1767173010.491238,-3,0,-131
1767173010.501238,-6,0,-128
1767173010.511238,-6,3,-127
1767173010.521238,-5,3,-124
1767173010.531238,-3,0,-126
1767173010.541238,-3,3,-127
1767173010.551238,-6,4,-128
1767173010.561238,-8,6,-128
1767173010.571238,-6,4,-133
1767173010.5812385,-4,0,-134
1767173010.5912385,-3,1,-132
1767173010.6012385,-3,0,-130
1767173010.6112382,5,0,-130
1767173010.6212382,7,-5,-129
1767173010.6312382,5,-9,-126
1767173010.6412382,6,-5,-126
1767173010.6512382,6,-7,-133
1767173010.6612382,6,-3,-138
1767173010.6712382,9,0,-130
1767173010.6812382,8,-1,-130
1767173010.6912382,7,2,-128
1767173010.7012382,0,4,-128
1767173010.711238,0,3,-135
1767173010.721238,3,-1,-134
1767173010.731238,0,-2,-132
1767173010.741238,-1,0,-132
1767173010.751238,1,2,-130
1767173010.761238,-2,4,-128
1767173010.771238,0,5,-132
1767173010.781238,0,0,-135
1767173010.791238,-2,-3,-138
1767173010.801238,-3,-2,-135
1767173010.811238,-1,0,-132
1767173010.821238,2,-1,-132
1767173010.8312385,5,-2,-131
1767173010.8412385,5,0,-133
1767173010.8512385,4,2,-138
1767173010.8612382,3,2,-141
1767173010.8712382,0,-1,-148
1767173010.8812382,-4,-5,-150
1767173010.8912382,-7,0,-150
1767173010.9012382,-5,1,-150
1767173010.9112382,-5,5,-154
1767173010.9212382,-4,8,-143
1767173010.9312382,2,6,-146
1767173010.9412382,3,0,-148
1767173010.9512382,8,0,-142
1767173010.961238,5,-6,-140
1767173010.971238,3,-10,-138
1767173010.981238,4,-6,-136
1767173010.991238,6,-5,-135
1767173011.001238,8,-5,-135
1767173011.011238,7,-3,-139
1767173011.021238,1,-4,-138
1767173011.031238,0,0,-128
1767173011.041238,-2,-2,-123
1767173011.051238,-7,-3,-122
1767173011.061238,-12,-3,-127
1767173011.071238,-8,-3,-130
1767173011.0812385,-10,-3,-132
1767173011.0912385,-10,0,-127
1767173011.1012385,-7,0,-128
1767173011.1112382,-4,0,-133
1767173011.1212382,-7,-4,-130
1767173011.1312382,-7,-8,-131
1767173011.1412382,-8,-7,-129
1767173011.1512382,-9,-6,-135
1767173011.1612382,-6,-5,-127
1767173011.1712382,-4,-4,-124
1767173011.1812382,1,-5,-126
1767173011.1912382,2,-9,-132
1767173011.2012382,1,-7,-133
1767173011.211238,0,-10,-142
1767173011.221238,-3,-12,-143
1767173011.231238,-5,-9,-140
1767173011.241238,-6,-5,-140
1767173011.251238,-2,-2,-135
1767173011.261238,-4,-3,-124
1767173011.271238,-1,-5,-130
1767173011.281238,0,-7,-128
1767173011.291238,-1,-6,-126
1767173011.301238,-1,-3,-122
1767173011.311238,-1,-1,-124
1767173011.321238,1,-4,-122
1767173011.3312385,3,-9,-125
1767173011.3412385,2,-11,-125
1767173011.3512385,5,-8,-132
1767173011.3622382,7,-5,-134
1767173011.3722382,3,-1,-129
1767173011.3812382,1,2,-126
1767173011.3912382,1,3,-129
1767173011.4012382,0,0,-134
1767173011.412238,-3,1,-136
1767173011.422238,-3,-1,-127
1767173011.432238,-1,0,-122
1767173011.4412382,1,-1,-124
1767173011.452238,2,0,-131
1767173011.462238,1,3,-134
1767173011.472238,-1,0,-128
1767173011.482238,-5,1,-122
1767173011.491238,-5,5,-119
1767173011.502238,-9,3,-120
1767173011.5122385,-4,2,-130
1767173011.5222385,-4,5,-126
1767173011.5322382,0,2,-127
1767173011.541238,1,0,-124
1767173011.5522382,3,-5,-130
1767173011.5622382,4,-4,-131
1767173011.5722382,0,-5,-131
1767173011.5822382,1,-3,-137
1767173011.5912385,1,-2,-133
1767173011.6022382,0,-1,-127
1767173011.6122382,-1,-1,-131
1767173011.6222382,0,0,-134
1767173011.632238,1,-3,-132
1767173011.6412382,0,-6,-133
1767173011.652238,-4,-2,-134
1767173011.662238,-2,2,-136
1767173011.672238,-8,5,-134
1767173011.682238,-5,8,-135
1767173011.692238,-3,4,-131
1767173011.702238,-7,0,-130
1767173011.712238,-8,-1,-119
1767173011.722238,-7,-1,-123
1767173011.732238,-7,-1,-124
1767173011.742238,-9,-3,-127
1767173011.752238,-8,2,-123
1767173011.7622385,-11,7,-124
1767173011.7722385,-6,8,-120
1767173011.7822382,-2,3,-122
1767173011.7922382,0,0,-126
1767173011.8022382,0,-4,-133
1767173011.8122382,-3,-5,-136
1767173011.8222382,-4,-3,-137
1767173011.8322382,-1,-5,-138
1767173011.8422382,0,-6,-135
1767173011.8522382,5,-6,-131
1767173011.8622382,4,-4,-131
1767173011.8722382,1,-2,-129
1767173011.882238,-3,-3,-131
1767173011.892238,1,0,-125
1767173011.902238,1,-3,-124
1767173011.912238,3,0,-128
1767173011.922238,1,0,-128
1767173011.932238,1,0,-127
1767173011.942238,-1,0,-128
1767173011.952238,-3,-1,-128
1767173011.962238,0,2,-130
1767173011.972238,1,-1,-127
1767173011.982238,0,-6,-129
1767173011.992238,-1,-7,-133
1767173012.002238,-2,-9,-128
1767173012.0122385,0,-8,-127
1767173012.0222385,2,-8,-124
1767173012.0322382,2,-6,-123
1767173012.0422382,0,-5,-126
1767173012.0522382,-2,-2,-125
1767173012.0622382,-4,-1,-121
1767173012.0722382,-2,0,-127
1767173012.0822382,0,0,-125
1767173012.0922382,0,2,-122
1767173012.1022382,0,1,-119
1767173012.1122382,0,0,-121
1767173012.1222382,4,-1,-121
1767173012.132238,2,0,-125
1767173012.142238,1,0,-129
1767173012.152238,3,0,-127
1767173012.162238,3,-2,-131
1767173012.172238,4,-3,-121
1767173012.182238,1,-4,-121
1767173012.192238,0,-1,-117
1767173012.202238,0,-1,-125
1767173012.212238,2,-9,-125
1767173012.222238,0,-4,-128
1767173012.232238,4,-7,-127
1767173012.242238,1,-8,-134
1767173012.252238,2,-8,-134
1767173012.2622385,0,-7,-132
1767173012.2722385,0,-9,-132
1767173012.2822382,0,-8,-135
1767173012.2922382,2,-8,-132
1767173012.3022382,3,-4,-128
1767173012.3122382,7,-2,-134
1767173012.3222382,9,-1,-136
1767173012.3322382,4,0,-131
1767173012.3422382,3,-4,-132
1767173012.3522382,1,-5,-127
1767173012.3622382,0,-6,-123
1767173012.3722382,-1,-8,-122
1767173012.382238,-4,-7,-122
1767173012.392238,-5,-4,-122
1767173012.402238,-3,-6,-118
1767173012.412238,-3,-5,-120
1767173012.422238,-3,-2,-127
1767173012.432238,-2,-2,-119
1767173012.442238,-4,-1,-121
1767173012.452238,-4,-1,-126
1767173012.462238,-5,0,-126
1767173012.472238,-8,1,-125
1767173012.482238,-7,2,-125
1767173012.492238,-4,-1,-127
1767173012.502238,-6,-1,-122
1767173012.5122385,-6,0,-128
1767173012.5222385,-5,-2,-129
1767173012.5322382,-7,-1,-122
1767173012.5422382,-8,-2,-123
1767173012.5522382,-7,-2,-122
1767173012.5622382,-6,0,-118
1767173012.5722382,0,-2,-119
1767173012.5822382,-2,0,-123
1767173012.5922382,-3,-2,-126
1767173012.6022382,-4,-1,-122
1767173012.6122382,-1,-6,-121
1767173012.6222382,0,-1,-125
1767173012.632238,4,1,-127
1767173012.642238,1,0,-129
1767173012.652238,-3,2,-130
1767173012.662238,-3,1,-129
1767173012.672238,-2,1,-126
1767173012.682238,0,2,-133
1767173012.692238,2,1,-130
1767173012.702238,5,0,-128
1767173012.712238,4,0,-128
1767173012.722238,0,1,-127
1767173012.732238,0,0,-126
1767173012.742238,4,0,-124
1767173012.752238,3,0,-125
1767173012.7622385,-2,0,-127
1767173012.7722385,0,-2,-126
1767173012.7822382,0,-3,-132
1767173012.7922382,5,-4,-138
1767173012.8022382,3,-1,-137
1767173012.8122382,5,-1,-132
1767173012.8222382,3,-1,-137
1767173012.8322382,2,1,-128
1767173012.8422382,4,0,-139
1767173012.8522382,8,0,-138
1767173012.8622382,7,0,-140
1767173012.8722382,3,0,-136
1767173012.882238,1,1,-133
1767173012.892238,4,1,-130
1767173012.902238,2,4,-129
1767173012.912238,5,7,-132
1767173012.922238,4,3,-133
1767173012.932238,2,3,-128
1767173012.942238,3,0,-131
1767173012.952238,7,0,-129
1767173012.962238,9,-1,-126
1767173012.972238,7,-4,-132
1767173012.982238,8,-9,-132
1767173012.992238,7,-7,-134
1767173013.002238,3,-6,-135
1767173013.0122385,-3,-4,-134
1767173013.0222385,-3,-4,-136
1767173013.0322382,-6,-5,-136
1767173013.0422382,-6,-4,-133
1767173013.0522382,-4,-3,-128
1767173013.0622382,-2,-1,-124
1767173013.0722382,3,2,-121
1767173013.0822382,5,0,-126
1767173013.0922382,1,0,-124
1767173013.1022382,-2,2,-127
1767173013.1122382,-5,1,-130
1767173013.1222382,0,-2,-126
1767173013.132238,0,-3,-133
1767173013.142238,2,-1,-125
1767173013.152238,2,0,-128
1767173013.162238,1,-1,-130
1767173013.172238,5,-6,-131
1767173013.182238,6,-7,-135
1767173013.192238,6,-10,-131
1767173013.202238,6,-7,-120
1767173013.212238,5,-10,-121
1767173013.222238,3,-13,-120
1767173013.232238,3,-15,-125
1767173013.242238,0,-13,-123
1767173013.252238,-4,-6,-126
1767173013.2622385,-1,-4,-124
1767173013.2722385,-4,1,-127
1767173013.2822382,-2,5,-125
1767173013.2922382,-2,6,-123
1767173013.3022382,-4,4,-122
1767173013.3122382,-6,0,-125
1767173013.3222382,-6,3,-128
1767173013.3322382,-3,1,-124
1767173013.3422382,-2,2,-125
1767173013.3522382,0,2,-127
1767173013.3622382,-1,0,-125
1767173013.3722382,-3,-2,-127
1767173013.382238,0,-4,-128
1767173013.392238,-1,-4,-140
1767173013.402238,-3,0,-142
1767173013.412238,-6,0,-144
1767173013.422238,-10,2,-133
1767173013.432238,-4,0,-134
1767173013.442238,-3,0,-140
1767173013.452238,-4,-2,-139
1767173013.462238,2,-6,-140
1767173013.472238,-1,0,-141
1767173013.482238,1,-1,-137
1767173013.492238,0,-3,-135
1767173013.502238,0,-1,-131
1767173013.5122385,-2,-3,-126
1767173013.5222385,-6,-4,-130
1767173013.5322382,-8,-5,-131
1767173013.5422382,-8,-10,-133
1767173013.5522382,-8,-10,-130
1767173013.5622382,-10,-7,-130
1767173013.5722382,-7,-3,-129
1767173013.5822382,-6,0,-128
1767173013.5922382,-10,2,-128
1767173013.6022382,-8,3,-131
1767173013.6122382,-6,3,-135
1767173013.6222382,-8,2,-136
1767173013.632238,-2,6,-138
1767173013.642238,-1,5,-127
1767173013.652238,-3,0,-123
1767173013.662238,-1,-2,-120
1767173013.672238,-2,0,-124
1767173013.682238,-4,0,-124
1767173013.692238,0,0,-127
1767173013.702238,-1,0,-126
1767173013.712238,-1,0,-127
1767173013.722238,-6,-4,-125
1767173013.732238,-6,-4,-125
1767173013.742238,0,-8,-123
1767173013.752238,1,-6,-125
1767173013.7622385,2,-5,-128
1767173013.7722385,4,-4,-133
1767173013.7822382,9,-5,-128
1767173013.7922382,4,-4,-128
1767173013.8022382,4,-1,-129
1767173013.8122382,0,1,-124
1767173013.8222382,-2,1,-125
1767173013.8322382,-8,2,-125
1767173013.8422382,-7,1,-133
1767173013.8522382,-9,2,-134
1767173013.8622382,-6,-1,-131
1767173013.8722382,-4,-4,-126
1767173013.882238,-4,-3,-128
1767173013.892238,-1,-2,-127
1767173013.902238,-1,-4,-130
1767173013.912238,0,-1,-133
1767173013.922238,3,-3,-134
1767173013.932238,2,-8,-139
1767173013.942238,-1,-7,-140
1767173013.952238,-1,-7,-137
1767173013.962238,1,-8,-139
1767173013.972238,1,-7,-134
1767173013.982238,4,-4,-134
1767173013.992238,6,-3,-126
1767173014.002238,2,0,-125
1767173014.0122385,-1,-1,-127
1767173014.0222385,-5,0,-131
1767173014.0332382,-1,-3,-133
1767173014.0422382,-1,-3,-135
1767173014.0532382,-2,-3,-139
1767173014.063238,-4,-4,-140
1767173014.073238,-4,-8,-140
1767173014.083238,1,-6,-135
1767173014.0922382,1,-3,-126
1767173014.103238,2,-2,-132
1767173014.113238,8,-1,-138
1767173014.123238,5,0,-136
1767173014.133238,5,1,-133
1767173014.142238,4,0,-140
1767173014.153238,0,-2,-148
1767173014.163238,0,-1,-139
1767173014.173238,1,0,-137
1767173014.1832385,3,-2,-133
1767173014.1932385,3,-5,-130
1767173014.2032382,5,-7,-126
1767173014.2132382,4,-5,-129
1767173014.2232382,3,-5,-132
1767173014.2332382,0,-5,-130
1767173014.2432382,-3,-2,-134
1767173014.2532382,-1,0,-126
1767173014.2632382,0,0,-124
1767173014.2732382,-4,0,-121
1767173014.2832382,-5,2,-127
1767173014.2932382,-8,1,-128
1767173014.3032382,-14,1,-127
1767173014.313238,-14,-1,-124
1767173014.323238,-10,-5,-117
1767173014.333238,-9,-4,-118
1767173014.343238,-7,-7,-120
1767173014.353238,1,-9,-125
1767173014.363238,2,-8,-126
1767173014.373238,2,-11,-123
1767173014.383238,-2,-8,-132
1767173014.393238,-2,-2,-134
1767173014.403238,2,-5,-132
1767173014.413238,-1,-6,-132
1767173014.423238,-3,-4,-129
1767173014.4332385,-7,-2,-127
1767173014.4432385,-7,-2,-127
1767173014.4532382,-9,3,-125
1767173014.4632382,-7,2,-125
1767173014.4732382,-7,0,-128
1767173014.4832382,-6,-1,-128
1767173014.4932382,-2,0,-132
1767173014.5032382,-2,-1,-126
1767173014.5132382,-2,-1,-122
1767173014.5232382,0,8,-125
1767173014.5332382,1,5,-133
1767173014.5432382,-1,5,-132
1767173014.5532382,-4,3,-130
1767173014.563238,-8,1,-132
1767173014.573238,-5,-2,-131
1767173014.583238,-5,-2,-136
1767173014.593238,-3,-3,-127
1767173014.603238,-1,-2,-122
1767173014.613238,4,0,-126
1767173014.623238,3,-1,-125
1767173014.633238,-2,0,-129
1767173014.643238,0,-1,-132
1767173014.653238,0,-1,-135
1767173014.663238,3,-4,-127
1767173014.673238,-1,-6,-135
1767173014.6832385,-3,-6,-139
1767173014.6932385,-1,-1,-134
1767173014.7032382,-3,-1,-130
1767173014.7132382,-1,0,-132
1767173014.7232382,-4,0,-128
1767173014.7332382,-5,-1,-128
1767173014.7432382,-3,0,-124
1767173014.7532382,-3,-1,-126
1767173014.7632382,0,0,-126
1767173014.7732382,-4,2,-128
1767173014.7832382,-4,1,-127
1767173014.804238,1,0,-131
1767173014.813238,0,-1,-132
1767173014.823238,-1,-6,-136
1767173014.833238,-1,-2,-134
1767173014.843238,-3,-5,-129
1767173014.853238,0,-2,-126
1767173014.863238,0,-1,-120
1767173014.873238,-3,0,-119
1767173014.883238,0,1,-121
1767173014.893238,0,1,-128
1767173014.903238,-2,4,-121
1767173014.913238,-3,5,-120
1767173014.923238,1,0,-131
1767173014.9332385,1,-1,-134
1767173014.9432385,0,1,-129
1767173014.9532382,1,5,-128
1767173014.9632382,5,2,-129
1767173014.9732382,2,0,-139
1767173014.9832382,3,3,-146
1767173014.9932382,2,0,-143
1767173015.0032382,3,0,-141
1767173015.0132382,0,-4,-138
1767173015.0232382,2,-2,-130
1767173015.0332382,3,-2,-131
1767173015.0432382,3,0,-134
1767173015.0532382,0,-1,-136
1767173015.063238,-1,-4,-133
1767173015.073238,1,-3,-132
1767173015.083238,-3,-7,-133
1767173015.093238,-8,-6,-131
1767173015.103238,-10,-3,-132
1767173015.113238,-9,-3,-128
1767173015.123238,-4,-1,-124
1767173015.133238,-2,-5,-129
1767173015.143238,-1,-2,-128
1767173015.153238,0,-3,-130
1767173015.163238,-4,-2,-125
1767173015.173238,-4,-7,-123
1767173015.1832385,-5,-2,-126
1767173015.1932385,0,-2,-133
1767173015.2032382,0,0,-132
1767173015.2132382,3,0,-130
1767173015.2232382,6,-1,-128
1767173015.2332382,4,-2,-127
1767173015.2432382,0,-3,-122
1767173015.2532382,-3,-1,-123
1767173015.2632382,-2,-2,-127
1767173015.2732382,-4,-5,-127
1767173015.2832382,-3,-6,-124
1767173015.2932382,-2,-10,-123
1767173015.3032382,-5,-7,-118
1767173015.313238,-1,-3,-119
1767173015.323238,-1,-3,-123
1767173015.333238,0,-1,-127
1767173015.343238,2,-1,-132
1767173015.353238,0,-4,-134
1767173015.363238,-4,-3,-138
1767173015.373238,-3,-1,-137
1767173015.383238,-5,-2,-136
1767173015.393238,-5,-5,-136
1767173015.403238,-7,-7,-138
1767173015.413238,-6,-4,-137
1767173015.423238,-2,-7,-135
1767173015.4332385,-5,-5,-140
1767173015.4432385,-4,0,-142
1767173015.4532382,-5,0,-139
1767173015.4632382,-6,-6,-138
1767173015.4732382,-2,-9,-141
1767173015.4832382,-4,-8,-139
1767173015.4932382,-4,-9,-137
1767173015.5032382,-2,-9,-129
1767173015.5132382,3,-6,-130
1767173015.5232382,5,-8,-132
1767173015.5332382,2,-10,-133
1767173015.5432382,0,-9,-132
1767173015.5532382,-2,-3,-137
1767173015.563238,0,0,-135
1767173015.573238,-1,-3,-135
1767173015.583238,-2,-3,-141
1767173015.593238,-4,-6,-140
1767173015.603238,-12,-5,-138
1767173015.613238,-12,-5,-131
1767173015.623238,-7,-4,-127
1767173015.633238,-8,-4,-129
1767173015.643238,-8,-4,-128
1767173015.653238,-7,-2,-132
1767173015.663238,-6,-3,-132
1767173015.673238,-6,-5,-130
1767173015.6832385,-3,-6,-130
1767173015.6932385,0,-2,-124
1767173015.7032382,0,0,-129
1767173015.7132382,-2,-6,-129
1767173015.7232382,-2,-9,-130
1767173015.7332382,-5,-7,-130
1767173015.7432382,-5,-7,-133
1767173015.7532382,-2,-7,-135
1767173015.7632382,1,-5,-127
1767173015.7732382,0,0,-122
1767173015.7832382,1,-1,-126
1767173015.7932382,1,-3,-126
1767173015.8032382,2,-3,-132
1767173015.813238,3,-1,-129
1767173015.823238,4,-2,-132
1767173015.833238,0,-7,-137
1767173015.843238,-1,-1,-132
1767173015.853238,-2,0,-128
1767173015.863238,-4,1,-127
1767173015.873238,0,0,-133
1767173015.883238,0,1,-133
1767173015.893238,-2,2,-130
1767173015.903238,-4,0,-133
1767173015.913238,-6,-3,-131
1767173015.923238,-2,0,-127
1767173015.9332385,-3,-2,-127
1767173015.9432385,2,-1,-126
1767173015.9532382,5,0,-127
1767173015.9632382,2,3,-128
1767173015.9732382,2,2,-127
1767173015.9832382,2,2,-124
1767173015.9932382,1,4,-128
1767173016.0032382,2,3,-131
1767173016.0132382,0,6,-129
1767173016.0232382,-1,9,-128
1767173016.0332382,0,4,-126
1767173016.0432382,0,3,-123
1767173016.0532382,6,-2,-121
1767173016.063238,6,-6,-123
1767173016.073238,4,-5,-123
1767173016.083238,7,-3,-131
1767173016.093238,7,0,-128
1767173016.103238,4,0,-128
1767173016.113238,2,-1,-127
1767173016.123238,1,0,-129
1767173016.133238,0,1,-129
1767173016.143238,-5,3,-125
1767173016.153238,-8,1,-125
1767173016.163238,-7,-3,-122
1767173016.173238,-7,-2,-117
1767173016.1832385,-9,-1,-125
1767173016.1932385,-8,-2,-127
1767173016.2032382,-9,-3,-138
1767173016.2132382,-6,0,-134
1767173016.2232382,-8,0,-130
1767173016.2332382,-8,0,-133
1767173016.2432382,-10,-1,-133
1767173016.2532382,-6,-3,-125
1767173016.2632382,-6,0,-123
1767173016.2732382,-3,2,-131
1767173016.2832382,-1,0,-131
1767173016.2932382,-5,-2,-129
1767173016.3032382,-3,-1,-123
1767173016.313238,-1,-3,-123
1767173016.323238,1,-3,-125
1767173016.333238,0,-4,-121
1767173016.343238,0,-2,-123
1767173016.353238,-3,0,-123
1767173016.363238,-3,2,-128
1767173016.373238,-5,0,-129
1767173016.383238,-6,0,-126
1767173016.393238,-6,-1,-122
1767173016.403238,-2,0,-127
1767173016.413238,0,0,-126
1767173016.423238,0,0,-124
1767173016.4332385,0,-2,-133
1767173016.4432385,0,-4,-133
1767173016.4532382,0,-3,-132
1767173016.4632382,2,-3,-133
1767173016.4732382,1,-1,-130
1767173016.4832382,0,-3,-129
1767173016.4932382,1,-3,-131
1767173016.5032382,5,0,-127
1767173016.5132382,7,0,-128
1767173016.5232382,6,-1,-123
1767173016.5332382,3,-2,-121
1767173016.5432382,4,-4,-121
1767173016.5532382,3,-4,-120
1767173016.563238,3,0,-124
1767173016.573238,0,0,-122
1767173016.583238,-6,-1,-124
1767173016.593238,-3,1,-128
1767173016.6042385,2,0,-135
1767173016.6142385,4,-4,-133
1767173016.6242385,2,-6,-138
1767173016.633238,8,-3,-131
1767173016.643238,6,0,-135
1767173016.6542382,4,0,-137
1767173016.6642382,2,-4,-137
1767173016.6742382,-3,-7,-137
1767173016.6842382,-3,-4,-135
1767173016.6932385,-2,-3,-136
1767173016.7042382,2,-2,-127
1767173016.7142382,6,-1,-125
1767173016.7242382,5,-2,-126
1767173016.734238,4,0,-130
1767173016.7432382,0,-4,-130
1767173016.754238,2,-10,-128
1767173016.764238,5,-4,-130
1767173016.774238,6,-4,-125
1767173016.784238,4,-3,-125
1767173016.794238,0,-1,-132
1767173016.804238,1,-2,-139
1767173016.814238,-1,-4,-133
1767173016.824238,-5,-3,-133
1767173016.834238,-4,2,-139
1767173016.843238,-3,-2,-137
1767173016.8542385,0,-1,-145
1767173016.8642385,0,-5,-144
1767173016.8742385,0,-4,-144
1767173016.8842382,-1,0,-140
1767173016.8942382,0,-2,-134
1767173016.9042382,-1,0,-137
1767173016.9142382,-2,0,-140
1767173016.9242382,-2,0,-136
1767173016.9342382,-3,0,-135
1767173016.9442382,-3,-2,-134
1767173016.9542382,-6,-2,-133
1767173016.9642382,-5,-4,-134
1767173016.9742382,-6,-2,-129
1767173016.984238,-9,-1,-126
1767173016.994238,-11,-4,-125
1767173017.004238,-11,-3,-129
1767173017.014238,-10,-2,-129
1767173017.024238,-8,-1,-125
1767173017.034238,-10,0,-126
1767173017.044238,-4,-3,-133
1767173017.054238,0,0,-137
1767173017.064238,0,-2,-138
1767173017.074238,0,-4,-134
1767173017.084238,1,-5,-127
1767173017.094238,-1,-2,-136
1767173017.1042385,-1,0,-136
1767173017.1142385,-3,3,-132
1767173017.1242385,0,0,-128
1767173017.1342382,0,-4,-131
1767173017.1442382,1,-2,-128
1767173017.1542382,0,-3,-131
1767173017.1642382,0,0,-128
1767173017.1742382,0,-1,-130
1767173017.1842382,-1,-3,-129
1767173017.1942382,-7,-1,-137
1767173017.2042382,-3,0,-129
1767173017.2142382,1,0,-126
1767173017.2242382,2,-4,-128
1767173017.234238,-2,-5,-131
1767173017.244238,-2,-9,-131
1767173017.254238,-6,-5,-131
1767173017.264238,-8,-4,-138
1767173017.274238,-8,-4,-136
1767173017.284238,-7,-4,-138
1767173017.294238,-9,-3,-129
1767173017.304238,-10,-1,-131
1767173017.314238,-11,-1,-137
1767173017.324238,-10,0,-141
1767173017.334238,-4,-1,-142
1767173017.344238,-5,0,-138
1767173017.3542385,-6,1,-139
1767173017.3642385,0,2,-145
1767173017.3742385,1,3,-150
1767173017.3842382,0,-1,-146
1767173017.3942382,1,1,-137
1767173017.4042382,0,1,-135
1767173017.4142382,2,-2,-137
1767173017.4242382,0,-5,-136
1767173017.4342382,0,-4,-140
1767173017.4442382,-2,-10,-132
1767173017.4542382,-8,-9,-126
1767173017.4642382,-8,-9,-128
1767173017.4742382,-5,-7,-132
1767173017.484238,-4,-8,-132
1767173017.494238,0,-7,-130
1767173017.504238,1,-1,-128
1767173017.514238,3,3,-125
1767173017.524238,1,2,-124
1767173017.534238,2,1,-135
1767173017.544238,3,2,-138
1767173017.554238,8,3,-136
1767173017.564238,5,1,-133
1767173017.574238,2,3,-133
1767173017.584238,3,0,-133
1767173017.594238,4,-2,-132
1767173017.6042385,7,-3,-128
1767173017.6142385,7,-4,-130
1767173017.6242385,6,-7,-130
1767173017.6342382,5,-8,-126
1767173017.6442382,8,-5,-126
1767173017.6542382,8,-3,-125
1767173017.6642382,5,-4,-124
1767173017.6742382,0,-3,-128
1767173017.6842382,-3,-2,-126
1767173017.6942382,-1,0,-132
1767173017.7042382,-1,2,-137
1767173017.7142382,-5,2,-136
1767173017.7242382,-4,0,-135
1767173017.734238,-4,-2,-130
1767173017.744238,-2,0,-131
1767173017.754238,1,1,-120
1767173017.764238,4,5,-121
1767173017.774238,0,0,-121
1767173017.784238,2,2,-124
1767173017.794238,0,0,-131
1767173017.804238,-2,0,-133
1767173017.814238,0,-1,-128
1767173017.824238,1,-5,-121
1767173017.834238,0,-3,-117
1767173017.844238,-1,-4,-123
1767173017.8542385,0,-7,-135
1767173017.8642385,-4,-4,-140
1767173017.8742385,-4,-6,-135
1767173017.8842382,-3,-8,-135
1767173017.8942382,-2,-4,-138
1767173017.9042382,1,-1,-140
1767173017.9142382,1,-2,-140
1767173017.9242382,2,2,-137
1767173017.9342382,4,3,-134
1767173017.9442382,1,4,-132
1767173017.9542382,-2,1,-132
1767173017.9642382,-2,-3,-133
1767173017.9742382,-3,-1,-127
1767173017.984238,-2,0,-130
1767173017.994238,-4,0,-137
1767173018.004238,-2,-3,-132
1767173018.014238,0,-5,-130
1767173018.024238,0,0,-125
1767173018.034238,2,3,-124
1767173018.044238,1,0,-121
1767173018.054238,-1,-2,-118
1767173018.064238,1,-2,-122
1767173018.074238,6,-6,-122
1767173018.084238,7,-5,-123
1767173018.094238,11,-4,-125
1767173018.1042385,8,-2,-124
1767173018.1142385,6,0,-128
1767173018.1242385,6,0,-121
1767173018.1342382,8,-3,-126
1767173018.1442382,3,0,-125
1767173018.1542382,2,0,-126
1767173018.1642382,-1,0,-127
1767173018.1742382,-2,-1,-132
1767173018.1842382,-1,-4,-130
1767173018.1942382,0,1,-129
1767173018.2042382,-2,1,-132
1767173018.2142382,-4,4,-136
1767173018.2242382,-6,2,-139
1767173018.234238,-8,1,-148
1767173018.244238,-9,-2,-143
1767173018.254238,-8,0,-134
1767173018.264238,-4,-1,-132
1767173018.274238,1,0,-133
1767173018.284238,1,-2,-135
1767173018.294238,-1,0,-137
1767173018.304238,1,0,-143
1767173018.314238,0,-4,-136
1767173018.324238,2,-6,-137
1767173018.334238,0,-2,-133
1767173018.344238,-2,-4,-131
1767173018.3542385,-4,-7,-132
1767173018.3642385,-1,-10,-135
1767173018.3742385,1,-5,-129
1767173018.3842382,0,-7,-127
1767173018.3942382,-3,-1,-128
1767173018.4042382,-2,-2,-130
1767173018.4142382,-3,-2,-132
1767173018.4242382,-4,-3,-122
1767173018.4342382,0,-3,-130
1767173018.4442382,4,-6,-129
1767173018.4542382,5,-3,-135
1767173018.4642382,4,-3,-138
1767173018.4742382,-1,-1,-135
1767173018.484238,0,-2,-125
1767173018.494238,3,-1,-121
1767173018.504238,3,0,-128
1767173018.514238,4,-1,-126
1767173018.524238,1,-3,-126
1767173018.534238,0,-3,-127
1767173018.544238,-1,-1,-131
1767173018.554238,-2,-2,-134
1767173018.564238,1,2,-131
1767173018.574238,-2,0,-135
1767173018.584238,-4,0,-137
1767173018.594238,-6,2,-136
1767173018.6042385,-6,5,-138
1767173018.6142385,-6,6,-131
1767173018.6242385,-3,5,-136
1767173018.6342382,0,0,-136
1767173018.6442382,2,5,-134
1767173018.6542382,2,7,-134
1767173018.6642382,-3,5,-131
1767173018.6742382,0,9,-134
1767173018.6842382,1,9,-139
1767173018.6942382,6,8,-143
1767173018.7042382,7,7,-131
1767173018.7142382,6,6,-128
1767173018.7242382,6,6,-128
1767173018.734238,0,2,-129
1767173018.744238,-2,0,-125
1767173018.754238,-2,0,-126
1767173018.764238,-4,-1,-124
1767173018.774238,-3,-2,-122
1767173018.784238,-3,-1,-124
1767173018.794238,-8,-3,-125
1767173018.804238,-4,-4,-125
1767173018.814238,-2,-4,-128
1767173018.824238,-3,0,-124
1767173018.834238,-1,1,-124
1767173018.844238,2,1,-125
1767173018.8542385,-4,0,-129
1767173018.8642385,1,2,-130
1767173018.8742385,3,0,-130
1767173018.8842382,3,0,-123
1767173018.8942382,-1,0,-125
1767173018.9042382,0,2,-124
1767173018.9142382,-2,2,-126
1767173018.9242382,-5,1,-127
1767173018.9342382,-8,1,-130
1767173018.9442382,0,0,-134
1767173018.9542382,2,4,-139
1767173018.9642382,2,5,-138
1767173018.9742382,1,3,-134
1767173018.984238,7,1,-131
1767173018.994238,8,0,-132
1767173019.004238,8,-3,-136
1767173019.014238,7,-2,-127
1767173019.024238,9,-1,-126
1767173019.034238,8,-1,-125
1767173019.044238,7,0,-122
1767173019.054238,1,-1,-122
1767173019.064238,-3,-4,-122
1767173019.074238,0,-3,-123
1767173019.084238,3,-4,-127
1767173019.094238,0,-4,-133
1767173019.1042385,1,-6,-137
1767173019.1142385,0,-9,-136
1767173019.1242385,0,-6,-133
1767173019.1342382,0,-1,-133
1767173019.1442382,-2,-2,-130
1767173019.1542382,-3,0,-126
1767173019.165238,-7,0,-130
1767173019.1742382,-5,-2,-133
1767173019.1842382,-6,-4,-136
1767173019.1942382,-4,-4,-132
1767173019.2042382,-2,-2,-134
1767173019.215238,-1,-1,-136
1767173019.2242382,1,-2,-137
1767173019.234238,0,-2,-139
1767173019.244238,-3,3,-135
1767173019.254238,-4,0,-133
1767173019.265238,-6,-4,-136
1767173019.275238,-8,-4,-135
1767173019.2852385,-6,0,-135
1767173019.294238,-3,0,-127
1767173019.3052382,0,1,-120
1767173019.3152382,0,-3,-123
1767173019.3252382,4,-4,-129
1767173019.3352382,1,-2,-135
1767173019.3452382,1,0,-130
1767173019.3552382,1,-1,-130
1767173019.3652382,-1,-3,-127
1767173019.3752382,0,-1,-128
1767173019.3852382,3,-1,-129
1767173019.3952382,3,-2,-122
1767173019.4052382,2,-2,-120
1767173019.415238,-3,-3,-123
1767173019.425238,-4,-4,-128
1767173019.435238,0,-2,-137
1767173019.445238,2,-2,-131
1767173019.455238,1,-6,-129
1767173019.465238,-3,-5,-135
1767173019.475238,1,0,-137
1767173019.485238,5,3,-135
1767173019.495238,9,1,-129
1767173019.505238,2,0,-128
1767173019.515238,-2,3,-133
1767173019.525238,-6,2,-139
1767173019.5352385,-8,0,-138
1767173019.5452385,-6,-3,-131
1767173019.5552382,-2,0,-130
1767173019.5652382,0,0,-130
1767173019.5752382,-2,1,-132
1767173019.5852382,-1,0,-133
1767173019.5952382,-2,1,-136
1767173019.6052382,5,0,-131
1767173019.6152382,4,3,-131
1767173019.6252382,0,-1,-135
1767173019.6352382,0,-1,-134
1767173019.6452382,0,-2,-133
1767173019.6552382,1,-3,-127
1767173019.665238,3,-3,-127
1767173019.675238,3,0,-132
1767173019.685238,0,3,-133
1767173019.695238,-1,0,-133
1767173019.705238,-6,-3,-130
1767173019.715238,-3,-1,-128
1767173019.725238,-4,2,-134
1767173019.735238,-5,0,-133
1767173019.745238,-7,0,-132
1767173019.755238,-8,1,-137
1767173019.765238,-2,1,-141
1767173019.775238,-4,0,-136
1767173019.7852385,-5,0,-136
1767173019.7952385,-4,0,-142
1767173019.8162382,-4,0,-132
1767173019.8252382,-3,0,-131
1767173019.8352382,-3,0,-128
1767173019.8452382,-2,-2,-129
1767173019.8552382,-4,-1,-133
1767173019.8652382,-1,1,-141
1767173019.8752382,0,0,-139
1767173019.8852382,0,2,-134
1767173019.8952382,-1,6,-131
1767173019.9052382,-3,8,-134
1767173019.915238,-4,6,-136
1767173019.925238,-4,-1,-137
1767173019.935238,-4,0,-135
1767173019.945238,-2,-2,-128
1767173019.955238,4,-2,-132
1767173019.965238,5,1,-130
1767173019.975238,3,5,-135
1767173019.985238,1,6,-131
1767173019.995238,2,6,-131
1767173020.005238,-1,5,-128
1767173020.015238,0,4,-124
1767173020.025238,3,5,-120
1767173020.0352385,3,4,-124
1767173020.0452385,1,2,-125
1767173020.0552382,0,0,-127
1767173020.0652382,3,1,-130
1767173020.0752382,0,-2,-133
1767173020.0852382,-3,-1,-130
1767173020.0952382,-6,0,-131
1767173020.1052382,-7,0,-131
1767173020.1152382,-3,-1,-131
1767173020.1252382,0,1,-131
1767173020.1352382,-2,2,-129
1767173020.1452382,-4,2,-133
1767173020.1552382,-4,0,-125
1767173020.165238,-6,1,-129
1767173020.175238,-4,3,-125
1767173020.185238,-6,1,-134
1767173020.195238,-5,5,-133
1767173020.205238,0,1,-134
1767173020.215238,-1,-1,-133
1767173020.225238,-1,-3,-129
1767173020.235238,0,-7,-135
1767173020.245238,0,-7,-138
1767173020.255238,-3,-5,-134
1767173020.265238,-3,-4,-131
1767173020.275238,-4,0,-131
1767173020.2852385,-2,0,-131
1767173020.2952385,4,4,-130
1767173020.3052382,6,2,-137
1767173020.3152382,0,0,-132
1767173020.3252382,4,-2,-133
1767173020.3352382,3,0,-134
1767173020.3452382,0,2,-136
1767173020.3552382,-3,6,-136
1767173020.3652382,-5,6,-138
1767173020.3752382,-3,4,-131
1767173020.3852382,-8,4,-137
1767173020.3952382,-5,4,-134
1767173020.4052382,-3,3,-129
1767173020.415238,-2,4,-124
1767173020.425238,0,0,-125
1767173020.435238,0,0,-127
1767173020.445238,4,-1,-132
1767173020.455238,1,-3,-131
1767173020.465238,1,0,-133
1767173020.475238,1,-2,-133
1767173020.485238,-2,-2,-133
1767173020.495238,-2,-3,-140
1767173020.505238,-3,0,-144
1767173020.515238,0,0,-143
1767173020.525238,3,-3,-127
1767173020.5352385,4,-1,-120
1767173020.5452385,0,-1,-123
1767173020.5552382,0,-1,-127
1767173020.5652382,2,-2,-135
1767173020.5752382,0,-4,-134
1767173020.5852382,4,-9,-137
1767173020.5952382,0,-4,-137
1767173020.6052382,-3,-5,-137
1767173020.6152382,-3,-1,-131
1767173020.6252382,1,1,-133
1767173020.6352382,1,-2,-134
1767173020.6452382,3,-8,-134
1767173020.6552382,6,-1,-130
1767173020.665238,3,-5,-127
1767173020.675238,0,-3,-129
1767173020.685238,0,-2,-126
1767173020.695238,0,-4,-121
1767173020.705238,4,-4,-125
1767173020.715238,4,-1,-127
1767173020.725238,3,2,-126
1767173020.735238,-1,5,-127
1767173020.745238,-2,4,-126
1767173020.755238,-3,3,-130
1767173020.765238,0,2,-133
1767173020.775238,5,6,-129
1767173020.7852385,4,3,-133
1767173020.7952385,6,2,-128
1767173020.8052382,4,0,-128
1767173020.8152382,-1,1,-124
1767173020.8252382,0,3,-122
1767173020.8352382,2,3,-132
1767173020.8452382,2,3,-132
1767173020.8552382,1,3,-138
1767173020.8652382,3,3,-135
1767173020.8752382,4,5,-137
1767173020.8852382,4,3,-134
1767173020.8952382,3,0,-139
1767173020.9052382,4,-9,-134
1767173020.915238,4,-10,-123
1767173020.925238,1,-5,-126
1767173020.935238,3,-4,-125
1767173020.945238,3,-1,-125
1767173020.955238,0,0,-125
1767173020.965238,-3,2,-127
1767173020.975238,-4,1,-129
1767173020.985238,-3,1,-134
1767173020.995238,0,0,-137
1767173021.005238,2,-2,-136
1767173021.015238,1,0,-140
1767173021.025238,-1,0,-136
1767173021.0352385,-1,0,-133
1767173021.0452385,0,-6,-135
1767173021.0552382,-1,-8,-131
1767173021.0652382,0,-3,-130
1767173021.0752382,-4,-1,-125
1767173021.0852382,-3,0,-132
1767173021.0952382,0,0,-136
1767173021.1052382,5,1,-129
1767173021.1152382,6,3,-128
1767173021.1252382,2,2,-127
1767173021.1352382,0,0,-125
1767173021.1452382,0,-1,-130
1767173021.1552382,-1,-3,-127
1767173021.165238,-6,2,-127
1767173021.175238,-7,6,-122
1767173021.185238,-10,3,-127
1767173021.195238,-6,4,-129
1767173021.205238,-8,0,-126
1767173021.215238,-6,1,-128
1767173021.225238,-4,1,-130
1767173021.235238,0,0,-136
1767173021.245238,2,3,-133
1767173021.255238,-2,2,-133
1767173021.265238,-1,5,-140
1767173021.275238,-1,6,-146
1767173021.2852385,-4,0,-141
1767173021.2952385,-4,-1,-138
1767173021.3052382,0,0,-137
1767173021.3152382,3,-1,-136
1767173021.3252382,0,-3,-134
1767173021.3352382,-3,-1,-134
1767173021.3452382,-4,1,-139
1767173021.3552382,-2,0,-139
1767173021.3652382,-2,0,-138
1767173021.3752382,-1,0,-133
1767173021.3852382,3,0,-133
1767173021.3952382,4,-2,-125
1767173021.4052382,5,-3,-123
1767173021.415238,4,-6,-125
1767173021.425238,4,-4,-135
1767173021.435238,2,-7,-131
1767173021.445238,1,-7,-127
1767173021.455238,3,-7,-135
1767173021.465238,3,-9,-127
1767173021.475238,0,-6,-132
1767173021.485238,2,-5,-133
1767173021.495238,7,-5,-137
1767173021.505238,8,-4,-140
1767173021.515238,9,0,-139
1767173021.525238,3,0,-134
1767173021.5352385,5,-4,-131
1767173021.5452385,1,-5,-129
1767173021.5552382,-1,-7,-128
1767173021.5652382,-3,-6,-126
1767173021.5752382,-7,-7,-127
1767173021.5852382,-4,-4,-125
1767173021.5952382,0,-5,-129
1767173021.6052382,3,-5,-129
1767173021.6152382,0,-8,-121
1767173021.6252382,-2,-9,-121
1767173021.6352382,-1,-9,-120
1767173021.6452382,1,-5,-123
1767173021.6552382,3,-4,-121
1767173021.665238,1,-2,-124
1767173021.676238,1,2,-122
1767173021.685238,1,3,-125
1767173021.695238,1,6,-127
1767173021.705238,0,2,-123
1767173021.715238,0,2,-124
1767173021.725238,-2,0,-123
1767173021.735238,-1,0,-126
1767173021.745238,-3,0,-128
1767173021.755238,-3,0,-128
1767173021.765238,0,-3,-133
1767173021.775238,3,-4,-131
1767173021.7852385,4,-7,-124
1767173021.7952385,2,-7,-118
1767173021.8052382,-1,-10,-121
1767173021.8152382,0,-6,-123
1767173021.8252382,3,-3,-129
1767173021.836238,-3,-5,-132
1767173021.8452382,2,-5,-132
1767173021.856238,1,-1,-132
1767173021.866238,-5,-1,-135
1767173021.876238,-4,0,-134
1767173021.886238,-1,0,-132
1767173021.896238,1,1,-131
1767173021.906238,2,0,-128
1767173021.916238,2,-4,-123
1767173021.926238,2,-2,-127
1767173021.936238,0,-3,-134
1767173021.946238,5,-4,-138
1767173021.9562385,5,1,-139
1767173021.9662385,0,7,-134
1767173021.9762385,-1,7,-132
1767173021.9862382,-3,3,-136
1767173021.9962382,-4,4,-142
1767173022.0062382,0,6,-138
1767173022.0162382,5,3,-138
1767173022.0262382,6,4,-136
1767173022.0362382,2,5,-137
1767173022.0462382,3,4,-137
1767173022.0562382,4,2,-132
1767173022.0662382,1,1,-126
1767173022.0762382,3,0,-128
1767173022.086238,5,5,-127
1767173022.096238,5,4,-126
1767173022.106238,3,1,-125
1767173022.116238,6,1,-127
1767173022.126238,7,0,-132
1767173022.136238,9,-1,-130
1767173022.146238,12,-1,-126
1767173022.156238,9,-1,-127
1767173022.166238,5,-2,-127
1767173022.176238,5,-6,-126
1767173022.186238,3,-5,-128
1767173022.196238,2,-3,-128
1767173022.2062385,1,-2,-125
1767173022.2162385,4,0,-132
1767173022.2262385,6,2,-129
1767173022.2362382,8,-1,-118
1767173022.2462382,3,-7,-125
1767173022.2562382,2,-8,-125
1767173022.2662382,3,-8,-126
1767173022.2762382,1,-2,-123
1767173022.2862382,3,-2,-128
1767173022.2962382,0,-2,-123
1767173022.3062382,2,2,-129
1767173022.3162382,0,0,-127
1767173022.3262382,0,1,-124
1767173022.336238,0,0,-121
1767173022.346238,0,0,-117
1767173022.356238,1,-2,-124
1767173022.366238,6,0,-125
1767173022.376238,4,0,-123
1767173022.386238,0,0,-128
1767173022.396238,3,3,-128
1767173022.406238,0,2,-124
1767173022.416238,0,6,-121
1767173022.426238,1,4,-119
1767173022.436238,0,1,-122
1767173022.446238,0,0,-128
1767173022.4562385,-1,1,-130
1767173022.4662385,-4,0,-128
1767173022.4762385,-1,3,-131
1767173022.4862382,-1,4,-131
1767173022.4962382,0,2,-127
1767173022.5062382,1,1,-125
1767173022.5162382,0,4,-127
1767173022.5262382,2,2,-128
1767173022.5362382,3,2,-130
1767173022.5462382,1,6,-129
1767173022.5562382,4,8,-129
1767173022.5662382,0,2,-123
1767173022.5762382,-6,2,-127
1767173022.586238,-8,0,-127
1767173022.596238,-6,-1,-123
1767173022.606238,-2,-3,-121
1767173022.616238,-2,0,-122
1767173022.626238,0,3,-117
1767173022.636238,5,2,-114
1767173022.646238,6,2,-114
1767173022.656238,4,5,-120
1767173022.666238,6,8,-127
1767173022.676238,5,4,-134
1767173022.686238,6,3,-132
1767173022.696238,4,3,-132
1767173022.7062385,7,5,-133
1767173022.7162385,8,8,-132
1767173022.7262385,6,3,-129
1767173022.7362382,5,1,-128
1767173022.7462382,1,1,-123
1767173022.7562382,0,0,-122
1767173022.7662382,-2,0,-124
1767173022.7762382,-6,0,-125
1767173022.7862382,-5,0,-127
1767173022.7962382,-9,-4,-129
1767173022.8062382,-9,-5,-129
1767173022.8162382,-11,-4,-129
1767173022.8262382,-7,-4,-128
1767173022.836238,-5,-4,-131
1767173022.846238,-7,-4,-129
1767173022.856238,-7,-3,-129
1767173022.866238,-5,-2,-133
1767173022.876238,-4,-2,-139
1767173022.886238,-6,-5,-134
1767173022.896238,-3,-9,-128
1767173022.906238,-3,-6,-141
1767173022.916238,-3,-8,-145
1767173022.926238,0,-8,-145
1767173022.936238,-1,-7,-136
1767173022.946238,-4,-5,-127
1767173022.9562385,-4,-5,-127
1767173022.9662385,-1,-2,-124
1767173022.9762385,0,1,-126
1767173022.9862382,1,1,-126
1767173022.9962382,3,4,-122
1767173023.0062382,2,2,-126
1767173023.0162382,0,1,-125
1767173023.0262382,1,0,-133
1767173023.0362382,5,0,-138
1767173023.0462382,8,0,-140
1767173023.0562382,5,-2,-136
1767173023.0662382,1,-3,-132
1767173023.0762382,1,-2,-138
1767173023.086238,0,-2,-143
1767173023.096238,1,-3,-135
1767173023.106238,1,-3,-131
1767173023.116238,5,-6,-140
1767173023.126238,4,-6,-145
1767173023.136238,4,-6,-145
1767173023.146238,7,-4,-139
1767173023.156238,9,-7,-131
1767173023.166238,10,-11,-131
1767173023.176238,5,-7,-134
1767173023.186238,2,-8,-143
1767173023.196238,4,-3,-142
1767173023.2062385,5,-2,-135
1767173023.2162385,9,-1,-130
1767173023.2262385,9,3,-134
1767173023.2362382,0,0,-136
1767173023.2462382,-2,-2,-132
1767173023.2562382,-3,-3,-129
1767173023.2662382,-4,0,-123
1767173023.2762382,-3,5,-125
1767173023.2862382,-4,2,-120
1767173023.2962382,-5,0,-133
1767173023.3062382,-1,3,-134
1767173023.3162382,-3,0,-135
1767173023.3262382,0,-3,-138
1767173023.336238,0,-2,-134
1767173023.346238,0,-3,-133
1767173023.356238,0,0,-126
1767173023.366238,-2,4,-126
1767173023.376238,-2,1,-125
1767173023.386238,-7,-5,-128
1767173023.396238,-4,-6,-132
1767173023.406238,-3,-3,-130
1767173023.416238,-6,-4,-132
1767173023.426238,-1,-3,-131
1767173023.436238,2,-4,-128
1767173023.446238,7,-1,-128
1767173023.4562385,2,-1,-132
1767173023.4662385,2,0,-138
1767173023.4762385,1,1,-143
1767173023.4862382,-1,2,-141
1767173023.4962382,-3,1,-135
1767173023.5062382,-3,2,-135
1767173023.5162382,-1,1,-136
1767173023.5262382,0,-1,-132
1767173023.5362382,-1,0,-131
1767173023.5462382,1,1,-130
1767173023.5562382,4,5,-134
1767173023.5662382,5,5,-136
1767173023.5762382,5,0,-132
1767173023.586238,1,-2,-131
1767173023.596238,0,2,-130
1767173023.606238,-2,2,-128
1767173023.616238,-4,0,-133
1767173023.626238,-2,-2,-131
1767173023.636238,-5,0,-133
1767173023.646238,-5,0,-132
1767173023.656238,-3,0,-136
1767173023.666238,0,2,-138
1767173023.676238,1,0,-141
1767173023.686238,2,-2,-140
1767173023.696238,0,-4,-137
1767173023.7062385,0,-1,-129
1767173023.7162385,-2,3,-128
1767173023.7262385,-1,5,-128
1767173023.7362382,0,0,-128
1767173023.7462382,4,-2,-123
1767173023.7562382,1,-2,-117
1767173023.7662382,-4,0,-119
1767173023.7762382,-5,0,-122
1767173023.7862382,-2,-1,-118
1767173023.7962382,0,-1,-124
1767173023.8062382,-3,-3,-121
1767173023.8162382,-3,3,-127
1767173023.8262382,-1,2,-130
1767173023.836238,0,3,-123
1767173023.846238,-3,4,-127
1767173023.856238,-5,2,-127
1767173023.866238,-7,6,-132
1767173023.876238,-10,6,-133
1767173023.886238,-6,3,-140
1767173023.896238,-3,1,-132
1767173023.906238,0,1,-136
1767173023.916238,-11,-1,-133
1767173023.926238,-8,-1,-131
1767173023.936238,-6,0,-133
1767173023.946238,-2,1,-129
1767173023.9562385,-6,6,-134
1767173023.9662385,-5,7,-134
1767173023.9762385,3,4,-121
1767173023.9862382,4,3,-122
1767173023.9962382,1,4,-120
1767173024.0062382,3,1,-124
1767173024.0162382,2,2,-128
1767173024.0262382,0,2,-135
1767173024.0362382,7,7,-141
1767173024.0462382,6,5,-142
1767173024.0562382,4,1,-137
1767173024.0662382,4,0,-128
1767173024.0762382,2,0,-128
1767173024.086238,0,-2,-126
1767173024.096238,6,0,-124
1767173024.106238,5,1,-128
1767173024.116238,4,4,-122
1767173024.126238,5,-2,-121
1767173024.136238,2,-5,-128
1767173024.146238,4,0,-130
1767173024.156238,1,-3,-126
1767173024.166238,2,-4,-129
1767173024.176238,2,-6,-129
1767173024.186238,-1,-6,-126
1767173024.196238,-2,0,-130
1767173024.2062385,-4,1,-130
1767173024.2162385,-7,-5,-131
1767173024.2262385,-10,-4,-128
1767173024.2362382,-7,0,-127
1767173024.2462382,-9,-3,-128
1767173024.2562382,-10,1,-132
1767173024.2662382,-6,0,-131
1767173024.2762382,-6,0,-130
1767173024.2862382,-9,0,-126
1767173024.2962382,-9,1,-123
1767173024.3062382,-5,-2,-123
1767173024.3162382,-5,-1,-120
1767173024.3262382,-6,0,-120
1767173024.336238,-5,-2,-117
1767173024.346238,-5,-2,-120
1767173024.356238,-4,-1,-122
1767173024.366238,0,-2,-126
1767173024.376238,-4,-3,-126
1767173024.386238,-4,-3,-128
1767173024.396238,-2,-7,-129
1767173024.406238,2,-5,-129
1767173024.416238,8,-2,-130
1767173024.426238,5,0,-137
1767173024.4372382,4,1,-129
1767173024.4472382,6,1,-123
1767173024.4562385,1,1,-124
1767173024.4672382,-2,1,-123
1767173024.4772382,-1,2,-124
1767173024.4872382,0,2,-127
1767173024.4972382,0,3,-129
1767173024.507238,-2,3,-132
1767173024.517238,-5,4,-135
1767173024.527238,-4,4,-135
1767173024.537238,-4,2,-131
1767173024.547238,-5,0,-133
1767173024.557238,-11,2,-134
1767173024.567238,-14,0,-140
1767173024.577238,-8,1,-139
1767173024.587238,-6,0,-139
1767173024.597238,-6,2,-137
1767173024.607238,-4,4,-136
1767173024.617238,-1,0,-135
1767173024.627238,1,0,-136
1767173024.6372385,-4,0,-134
1767173024.6472385,-1,-1,-130
1767173024.6572382,1,0,-126
1767173024.6672382,3,0,-126
1767173024.6772382,1,-1,-121
1767173024.6872382,0,-3,-127
1767173024.6972382,-3,-7,-135
1767173024.7072382,-7,-10,-141
1767173024.7172382,-7,-6,-140
1767173024.7272382,-6,-4,-138
1767173024.7372382,-6,-3,-138
1767173024.7472382,-2,0,-134
1767173024.757238,0,0,-137
1767173024.767238,1,-7,-134
1767173024.777238,-1,-8,-131
1767173024.787238,-3,-6,-136
1767173024.797238,-3,-8,-139
1767173024.807238,-2,-7,-135
1767173024.8282382,0,-6,-130
1767173024.837238,-4,-7,-133
1767173024.847238,0,-6,-134
1767173024.857238,3,-6,-132
1767173024.867238,5,-5,-134
1767173024.877238,2,-1,-134
1767173024.8872385,0,1,-138
1767173024.8972385,2,4,-136
1767173024.9072382,6,3,-131
1767173024.9172382,3,1,-136
1767173024.9272382,0,-1,-138
1767173024.9372382,-2,-4,-134
1767173024.9472382,0,-8,-139
1767173024.9572382,-3,-10,-141
1767173024.9672382,-3,-5,-139
1767173024.9772382,-2,1,-140
1767173024.9872382,-2,7,-132
1767173024.9972382,-3,5,-133
1767173025.007238,-1,4,-130
1767173025.017238,4,3,-132
1767173025.027238,4,1,-132
1767173025.037238,5,1,-132
1767173025.047238,3,0,-131
1767173025.057238,1,2,-126
1767173025.067238,1,2,-124
1767173025.077238,1,0,-129
1767173025.087238,0,1,-124
1767173025.097238,3,-2,-123
1767173025.107238,3,-2,-124
1767173025.117238,3,0,-121
1767173025.127238,3,1,-118
1767173025.1372385,0,-1,-122
1767173025.1472385,0,-4,-119
1767173025.1572382,0,-1,-116
1767173025.1672382,1,-3,-114
1767173025.1772382,2,0,-119
1767173025.1872382,3,0,-124
1767173025.1972382,2,-1,-120
1767173025.2072382,-1,-2,-116
1767173025.2172382,1,0,-116
1767173025.2272382,-3,3,-119
1767173025.2372382,-1,-1,-121
1767173025.2472382,1,-2,-122
1767173025.257238,1,-2,-120
1767173025.267238,-2,-1,-120
1767173025.277238,-5,-3,-124
1767173025.287238,-3,-4,-127
1767173025.297238,0,0,-132
1767173025.307238,0,3,-134
1767173025.317238,-1,0,-137
1767173025.327238,-3,0,-137
1767173025.337238,-4,-1,-141
1767173025.347238,-4,-3,-137
1767173025.357238,-8,-6,-134
1767173025.367238,-6,-8,-135
1767173025.377238,-7,-3,-126
1767173025.3872385,-8,-3,-127
1767173025.3972385,-4,-7,-126
1767173025.4072382,-2,-5,-129
1767173025.4172382,-3,-4,-134
1767173025.4272382,0,-5,-132
1767173025.4372382,-1,-1,-133
1767173025.4472382,0,2,-134
1767173025.4572382,2,0,-131
1767173025.4672382,4,-2,-131
1767173025.4772382,5,-1,-127
1767173025.4872382,4,-2,-129
1767173025.4972382,0,-1,-128
1767173025.507238,2,0,-132
1767173025.517238,2,2,-134
1767173025.527238,0,1,-132
1767173025.537238,0,0,-140
1767173025.547238,-1,0,-141
1767173025.557238,-3,2,-136
1767173025.567238,-4,-5,-135
1767173025.577238,-6,-9,-146
1767173025.587238,-10,-8,-143
1767173025.597238,-10,-2,-143
1767173025.607238,-7,0,-141
1767173025.617238,-8,3,-136
1767173025.627238,-5,4,-135
1767173025.6372385,-10,5,-141
1767173025.6472385,-8,6,-150
1767173025.6572382,-3,8,-144
1767173025.6672382,0,5,-137
1767173025.6772382,0,3,-136
1767173025.6872382,0,1,-132
1767173025.6972382,2,2,-132
1767173025.7072382,0,3,-125
1767173025.7172382,3,5,-125
1767173025.7272382,0,5,-124
1767173025.7372382,2,5,-122
1767173025.7472382,2,3,-113
1767173025.757238,0,5,-115
1767173025.767238,0,4,-119
1767173025.777238,0,-2,-117
1767173025.787238,0,-3,-119
1767173025.797238,0,-4,-115
1767173025.807238,0,0,-114
1767173025.817238,-1,2,-115
1767173025.827238,0,5,-114
1767173025.837238,1,6,-113
1767173025.847238,4,1,-112
1767173025.857238,2,0,-116
1767173025.867238,1,-1,-123
1767173025.877238,0,-2,-124
1767173025.8872385,2,0,-126
1767173025.8972385,2,0,-122
1767173025.9072382,1,2,-121
1767173025.9172382,2,3,-127
1767173025.9272382,4,2,-136
1767173025.9372382,2,2,-132
1767173025.9472382,-1,0,-129
1767173025.9572382,-5,0,-127
1767173025.9672382,-3,0,-128
1767173025.9772382,0,-2,-131
1767173025.9872382,0,0,-136
1767173025.9972382,1,-4,-132
1767173026.007238,-2,-3,-133
1767173026.017238,-4,-8,-131
1767173026.027238,-2,-11,-137
1767173026.037238,0,-8,-137
1767173026.047238,1,-6,-134
1767173026.057238,1,-4,-137
1767173026.067238,0,-3,-129
1767173026.077238,2,-1,-129
1767173026.087238,9,-2,-132
1767173026.097238,6,-1,-134
1767173026.107238,5,0,-138
1767173026.117238,6,-2,-135
1767173026.127238,6,-1,-134
1767173026.1372385,7,2,-135
1767173026.1472385,6,2,-134
1767173026.1572382,2,2,-136
1767173026.1672382,-2,1,-133
1767173026.1772382,-2,-1,-131
1767173026.1872382,-2,0,-126
1767173026.1972382,0,0,-130
1767173026.2072382,4,0,-129
1767173026.2172382,5,2,-130
1767173026.2272382,2,2,-135
1767173026.2372382,1,0,-132
1767173026.2472382,2,-3,-125
1767173026.257238,4,-2,-125
1767173026.267238,3,-2,-129
1767173026.277238,6,-1,-130
1767173026.287238,8,-4,-134
1767173026.297238,3,-8,-131
1767173026.307238,4,-4,-132
1767173026.317238,3,-2,-134
1767173026.327238,1,0,-135
1767173026.337238,1,-2,-134
1767173026.347238,0,0,-135
1767173026.357238,1,-3,-129
1767173026.367238,1,-8,-129
1767173026.377238,1,-8,-127
1767173026.3872385,0,-10,-126
1767173026.3972385,3,-8,-124
1767173026.4072382,2,-3,-129
1767173026.4172382,3,-7,-126
1767173026.4272382,5,-3,-125
1767173026.4372382,1,-6,-127
1767173026.4472382,-3,-6,-129
1767173026.4572382,-1,0,-122
1767173026.4672382,-4,1,-125
1767173026.4772382,-8,-3,-124
1767173026.4872382,-6,-2,-125
1767173026.4972382,-6,0,-127
1767173026.507238,-1,-1,-131
1767173026.517238,3,-1,-136
1767173026.527238,2,1,-134
1767173026.537238,-2,2,-132
1767173026.547238,-3,4,-136
1767173026.557238,-1,4,-140
1767173026.567238,-3,4,-143
1767173026.577238,0,2,-137
1767173026.587238,3,1,-134
1767173026.597238,4,8,-132
1767173026.607238,7,3,-132
1767173026.617238,4,2,-136
1767173026.627238,0,1,-131
1767173026.6372385,-1,-2,-135
1767173026.6472385,-2,-1,-135
1767173026.6572382,-2,-3,-136
1767173026.6672382,-4,-4,-134
1767173026.6772382,-7,-3,-135
1767173026.6872382,-5,-2,-131
1767173026.6972382,-3,-3,-124
1767173026.7072382,0,-1,-130
1767173026.7172382,-1,1,-135
1767173026.7272382,3,2,-132
1767173026.7372382,0,1,-126
1767173026.7472382,0,-4,-126
1767173026.757238,0,-9,-133
1767173026.767238,0,-6,-133
1767173026.777238,0,-4,-134
1767173026.787238,0,-5,-135
1767173026.797238,-5,2,-135
1767173026.807238,-5,2,-130
1767173026.817238,-2,4,-128
1767173026.827238,0,3,-123
1767173026.837238,-3,-1,-124
1767173026.847238,-4,0,-129
1767173026.857238,-1,1,-133
1767173026.867238,-2,5,-136
1767173026.877238,0,4,-131
1767173026.8872385,0,3,-133
1767173026.8972385,1,2,-131
1767173026.9072382,0,2,-126
1767173026.9172382,3,1,-135
1767173026.9272382,4,0,-133
1767173026.9372382,3,0,-131
1767173026.9472382,1,0,-125
1767173026.9572382,-2,-2,-132
1767173026.9672382,-3,-1,-135
1767173026.9772382,-1,-4,-140
1767173026.9872382,0,-6,-135
1767173026.9972382,3,-2,-131
1767173027.007238,2,1,-130
1767173027.018238,0,4,-137
1767173027.028238,0,4,-137
1767173027.037238,5,4,-135
1767173027.047238,5,2,-136
1767173027.057238,3,0,-131
1767173027.0682385,6,0,-130
1767173027.0782382,6,-3,-126
1767173027.0882382,4,-5,-128
1767173027.0982382,4,-5,-124
1767173027.1082382,6,-5,-128
1767173027.1182382,9,-3,-125
1767173027.1282382,5,-1,-124
1767173027.1382382,7,0,-133
1767173027.1482382,10,0,-130
1767173027.1582382,9,-2,-130
1767173027.1682382,8,-1,-126
1767173027.1782382,10,-4,-126
1767173027.188238,5,-2,-125
1767173027.198238,3,-1,-126
1767173027.208238,5,-1,-132
1767173027.218238,2,1,-137
1767173027.228238,0,3,-138
1767173027.238238,-3,3,-136
1767173027.248238,-7,1,-124
1767173027.258238,-10,4,-118
1767173027.268238,-4,4,-117
1767173027.278238,0,0,-119
1767173027.288238,1,-3,-125
1767173027.298238,3,-1,-134
1767173027.3082385,6,1,-139
1767173027.3182385,1,-2,-141
1767173027.3282382,0,-5,-137
1767173027.3382382,-3,-6,-129
1767173027.3482382,-1,-8,-130
1767173027.3582382,3,-5,-135
1767173027.3682382,3,-4,-131
1767173027.3782382,0,-7,-128
1767173027.3882382,-3,-11,-131
1767173027.3982382,-2,-8,-135
1767173027.4082382,-3,-5,-134
1767173027.4182382,-2,-9,-130
1767173027.4282382,2,-9,-119
1767173027.438238,3,-7,-117
1767173027.448238,0,-8,-124
1767173027.458238,0,-4,-125
1767173027.468238,1,-8,-131
1767173027.478238,0,-6,-129
1767173027.488238,-2,-2,-130
1767173027.498238,-2,-5,-136
1767173027.508238,-1,-6,-134
1767173027.518238,-4,-5,-143
1767173027.528238,-5,-5,-142
1767173027.538238,-6,-2,-143
1767173027.548238,-1,-2,-141
1767173027.5582385,-5,-5,-136
1767173027.5682385,-4,-3,-126
1767173027.5782382,-1,-1,-126
1767173027.5882382,1,-4,-125
1767173027.5982382,1,-6,-120
1767173027.6082382,2,-3,-121
1767173027.6182382,0,-4,-121
1767173027.6282382,-2,0,-122
1767173027.6382382,0,2,-127
1767173027.6482382,0,2,-129
1767173027.6582382,0,-1,-127
1767173027.6682382,0,-1,-131
1767173027.6782382,0,-2,-134
1767173027.688238,2,-6,-136
1767173027.698238,0,-1,-133
1767173027.708238,-1,-2,-142
1767173027.718238,-1,0,-139
1767173027.728238,-3,0,-128
1767173027.738238,-3,-2,-127
1767173027.748238,-3,1,-131
1767173027.758238,-1,0,-128
1767173027.768238,1,-2,-127
1767173027.778238,0,-2,-125
1767173027.788238,2,-3,-127
1767173027.798238,6,-4,-134
1767173027.8082385,6,1,-132
1767173027.8182385,0,1,-128
1767173027.8282382,-5,0,-129
1767173027.8382382,-3,-2,-130
1767173027.8482382,-1,-6,-136
1767173027.8582382,1,-8,-134
1767173027.8682382,0,-8,-135
1767173027.8782382,5,-3,-140
1767173027.8882382,1,-3,-136
1767173027.8982382,2,-1,-132
1767173027.9082382,3,-2,-138
1767173027.9182382,4,-1,-137
1767173027.9282382,3,-3,-140
1767173027.938238,5,-4,-133
1767173027.948238,4,-10,-127
1767173027.958238,0,-8,-126
1767173027.968238,1,-6,-124
1767173027.978238,1,-7,-123
1767173027.988238,0,-2,-124
1767173027.998238,-1,-1,-136
1767173028.008238,0,-5,-139
1767173028.018238,0,-5,-138
1767173028.028238,2,-4,-128
1767173028.038238,0,-5,-123
1767173028.048238,0,-3,-121
1767173028.0582385,-5,-5,-125
1767173028.0682385,-7,-5,-127
1767173028.0782382,-5,-3,-127
1767173028.0882382,-5,-3,-126
1767173028.0982382,-6,-6,-126
1767173028.1082382,0,-9,-135
1767173028.1182382,3,-8,-139
1767173028.1282382,1,-8,-135
1767173028.1382382,4,-6,-134
1767173028.1482382,7,-7,-130
1767173028.1582382,2,-9,-124
1767173028.1682382,-1,-5,-127
1767173028.1782382,-5,-2,-127
1767173028.188238,-4,1,-124
1767173028.198238,-9,0,-124
1767173028.208238,-13,1,-130
1767173028.218238,-8,3,-135
1767173028.228238,-6,1,-135
1767173028.238238,-4,-1,-131
1767173028.248238,-3,0,-126
1767173028.258238,-2,-2,-127
1767173028.268238,0,0,-128
1767173028.278238,1,0,-126
1767173028.288238,0,-1,-125
1767173028.298238,-3,-7,-124
1767173028.3082385,-3,-8,-127
1767173028.3182385,-1,-7,-138
1767173028.3282382,-1,-8,-139
1767173028.3382382,-1,-7,-138
1767173028.3482382,-1,-7,-138
1767173028.3582382,-5,-5,-136
1767173028.3682382,-8,-8,-132
1767173028.3782382,-4,-8,-129
1767173028.3882382,-4,-6,-127
1767173028.3982382,-6,-2,-128
1767173028.4082382,-5,-5,-127
1767173028.4182382,-5,-4,-129
1767173028.4282382,-5,-1,-130
1767173028.438238,-1,-1,-131
1767173028.448238,-4,-3,-126
1767173028.458238,-6,-3,-129
1767173028.468238,-5,2,-127
1767173028.478238,-3,2,-125
1767173028.488238,0,4,-128
1767173028.498238,4,2,-132
1767173028.508238,4,0,-132
1767173028.518238,5,-4,-135
1767173028.528238,2,-6,-132
1767173028.538238,3,-5,-133
1767173028.548238,7,-2,-134
1767173028.5582385,3,-4,-132
1767173028.5682385,5,-4,-124
1767173028.5782382,3,-6,-126
1767173028.5882382,3,-4,-130
1767173028.5982382,1,-3,-130
1767173028.6082382,3,-1,-129
1767173028.6182382,2,-1,-129
1767173028.6282382,3,-1,-132
1767173028.6382382,0,-1,-132
1767173028.6482382,-1,0,-134
1767173028.6582382,3,-2,-132
1767173028.6682382,0,-5,-122
1767173028.6782382,-1,-6,-123
1767173028.688238,-2,-1,-128
1767173028.698238,3,-2,-128
1767173028.708238,4,0,-129
1767173028.718238,2,-3,-138
1767173028.728238,0,-2,-129
1767173028.738238,0,-1,-129
1767173028.748238,-4,0,-125
1767173028.758238,-1,2,-124
1767173028.768238,4,2,-125
1767173028.778238,4,2,-125
1767173028.788238,1,-1,-120
1767173028.798238,0,0,-115
1767173028.8082385,0,0,-117
1767173028.8182385,-4,0,-124
1767173028.8282382,-5,-2,-128
1767173028.8382382,-9,-1,-130
1767173028.8482382,-6,0,-133
1767173028.8582382,-1,-1,-133
1767173028.8682382,-3,1,-135
1767173028.8782382,-4,-1,-139
1767173028.8882382,-4,-2,-141
1767173028.8982382,-6,-3,-139
1767173028.9082382,-7,-5,-135
1767173028.9182382,-5,-4,-133
1767173028.9282382,-3,-5,-130
1767173028.938238,-5,-5,-127
1767173028.948238,-7,-7,-128
1767173028.958238,-6,-5,-129
1767173028.968238,0,-2,-126
1767173028.978238,3,1,-128
1767173028.988238,-1,0,-123
1767173028.998238,-2,-1,-126
1767173029.008238,0,-2,-128
1767173029.018238,-1,-4,-134
1767173029.028238,-3,-8,-138
1767173029.038238,-4,-6,-136
1767173029.048238,-2,-4,-131
1767173029.0582385,-1,-2,-133
1767173029.0682385,-1,-4,-133
1767173029.0782382,2,-1,-136
1767173029.0882382,0,-2,-139
1767173029.0982382,-1,0,-137
1767173029.1082382,-1,0,-131
1767173029.1182382,-1,1,-127
1767173029.1282382,1,0,-131
1767173029.1382382,5,-1,-131
1767173029.1482382,3,-6,-129
1767173029.1582382,2,-1,-131
1767173029.1682382,6,-4,-128
1767173029.1782382,4,2,-133
1767173029.188238,8,2,-134
1767173029.198238,0,2,-134
1767173029.208238,-2,4,-135
1767173029.218238,1,0,-136
1767173029.228238,0,0,-140
1767173029.238238,3,-2,-144
1767173029.248238,0,-4,-135
1767173029.258238,0,-3,-127
1767173029.268238,-3,-1,-133
1767173029.278238,-6,0,-133
1767173029.288238,-7,-1,-130
1767173029.298238,-5,-1,-133
1767173029.3082385,1,0,-136
1767173029.3182385,1,0,-136
1767173029.3282382,0,2,-134
1767173029.3382382,0,1,-135
1767173029.3482382,-1,3,-134
1767173029.3582382,-3,1,-140
1767173029.3682382,-3,0,-138
1767173029.3782382,-3,4,-131
1767173029.3882382,-2,1,-132
1767173029.3982382,0,-1,-136
1767173029.4082382,-3,-2,-138
1767173029.4182382,-4,-2,-140
1767173029.4282382,-4,-1,-137
1767173029.438238,1,-4,-134
1767173029.448238,3,-4,-137
1767173029.458238,2,-2,-132
1767173029.468238,3,-4,-132
1767173029.478238,0,-3,-135
1767173029.488238,3,-2,-126
1767173029.498238,6,1,-129
1767173029.508238,4,1,-131
1767173029.518238,0,2,-130
1767173029.528238,-2,1,-129
1767173029.538238,0,-2,-132
1767173029.548238,0,-3,-131
1767173029.5582385,0,-2,-135
1767173029.5682385,0,-7,-129
1767173029.5782382,-3,-9,-138
1767173029.5882382,-4,-11,-138
1767173029.5982382,-3,-10,-137
1767173029.6082382,0,-7,-133
1767173029.6182382,4,-8,-129
1767173029.6282382,3,-6,-131
1767173029.6382382,0,-2,-131
1767173029.6482382,0,-3,-124
1767173029.6582382,-1,-1,-127
1767173029.6682382,0,1,-118
1767173029.679238,-2,-1,-125
1767173029.689238,-3,-1,-124
1767173029.698238,-2,-1,-122
1767173029.708238,-4,-2,-127
1767173029.719238,-6,-1,-130
1767173029.7292385,-9,-4,-126
1767173029.7392385,-9,-6,-130
1767173029.7492385,-6,-3,-133
1767173029.7592382,0,-6,-131
1767173029.7692382,5,-5,-126
1767173029.7792382,0,-4,-122
1767173029.7892382,-4,-4,-124
1767173029.7992382,-2,1,-125
1767173029.8092382,-3,-1,-121
1767173029.8192382,-2,-2,-120
1767173029.8412385,1,0,-126
1767173029.8492382,4,0,-130
1767173029.859238,7,3,-133
1767173029.869238,3,2,-136
1767173029.879238,1,1,-137
1767173029.889238,4,3,-137
1767173029.899238,0,1,-134
1767173029.909238,0,0,-132
1767173029.919238,3,0,-135
1767173029.929238,1,1,-139
1767173029.939238,-1,-3,-137
1767173029.949238,-2,-3,-136
1767173029.959238,-1,1,-135
1767173029.969238,0,3,-133
1767173029.9792385,4,6,-129
1767173029.9892385,1,7,-131
1767173029.9992385,1,5,-128
1767173030.0092382,-2,1,-128
1767173030.0192382,-3,-3,-125
1767173030.0292382,-3,-3,-123
1767173030.0392382,0,-3,-128
1767173030.0492382,0,-5,-130
1767173030.0592382,0,-5,-127
1767173030.0692382,1,-5,-139
1767173030.0792382,-1,-4,-135
1767173030.0892382,-4,-5,-134
1767173030.0992382,-3,-2,-133
1767173030.109238,0,0,-130
1767173030.119238,1,0,-131
1767173030.129238,1,0,-130
1767173030.139238,2,1,-125
1767173030.149238,0,4,-126
1767173030.159238,4,6,-127
1767173030.169238,2,3,-132
1767173030.179238,3,3,-125
1767173030.189238,3,-3,-122
1767173030.199238,0,-4,-125
1767173030.209238,-4,-2,-128
1767173030.219238,-5,-2,-126
1767173030.2292385,-6,0,-133
1767173030.2392385,-6,1,-133
1767173030.2492385,-3,0,-131
1767173030.2592382,0,0,-134
1767173030.2692382,1,0,-133
1767173030.2792382,0,-1,-134
1767173030.2892382,5,-1,-136
1767173030.2992382,7,0,-126
1767173030.3092382,2,-3,-131
1767173030.3192382,4,-1,-133
1767173030.3292382,1,-2,-133
1767173030.3392382,-1,0,-126
1767173030.3492382,0,-1,-131
1767173030.359238,-2,-2,-130
1767173030.369238,-3,-5,-126
1767173030.379238,-2,-5,-120
1767173030.389238,-3,-4,-122
1767173030.399238,0,-3,-122
1767173030.409238,-3,-1,-128
1767173030.419238,-5,2,-130
1767173030.429238,-4,1,-135
1767173030.439238,-3,1,-133
1767173030.449238,-3,0,-135
1767173030.459238,-5,-4,-138
1767173030.469238,-6,-5,-140
1767173030.4792385,-4,-6,-149
1767173030.4892385,-3,0,-150
1767173030.4992385,-3,2,-148
1767173030.5092382,-3,0,-146
1767173030.5192382,1,-1,-139
1767173030.5292382,1,-1,-135
1767173030.5392382,0,0,-133
1767173030.5492382,-2,1,-132
1767173030.5592382,-2,0,-132
1767173030.5692382,-1,-1,-128
1767173030.5792382,1,-2,-122
1767173030.5892382,3,-5,-126
1767173030.5992382,1,-3,-130
1767173030.609238,0,-1,-135
1767173030.619238,-1,0,-132
1767173030.629238,-1,-1,-125
1767173030.639238,0,-4,-128
1767173030.649238,3,-4,-129
1767173030.659238,-1,-2,-125
1767173030.669238,-8,0,-121
1767173030.679238,-4,-1,-127
1767173030.689238,-3,0,-119
1767173030.699238,-3,-2,-119
1767173030.709238,1,-2,-119
1767173030.719238,1,1,-121
1767173030.7292385,3,0,-120
1767173030.7392385,2,2,-121
1767173030.7492385,0,4,-124
1767173030.7592382,-2,7,-129
1767173030.7692382,-2,4,-129
1767173030.7792382,-1,1,-131
1767173030.790238,0,0,-135
1767173030.7992382,-1,-3,-134
1767173030.8092382,-2,-2,-138
1767173030.8192382,1,-3,-136
1767173030.8292382,0,-1,-138
1767173030.8392382,0,-2,-137
1767173030.8492382,0,-3,-137
1767173030.859238,-2,-1,-137
1767173030.869238,0,-4,-133
1767173030.879238,2,-4,-134
1767173030.889238,0,-4,-130
1767173030.899238,0,-2,-129
1767173030.909238,0,0,-129
1767173030.919238,0,0,-121
1767173030.929238,1,-1,-115
1767173030.939238,3,0,-123
1767173030.949238,3,2,-126
1767173030.959238,0,2,-126
1767173030.969238,2,-1,-126
1767173030.9792385,2,-1,-130
1767173030.9892385,1,0,-130
1767173030.9992385,-1,2,-129
1767173031.0092382,-1,1,-117
1767173031.0192382,0,0,-118
1767173031.0292382,-1,-1,-122
1767173031.0392382,-2,-2,-122
1767173031.0492382,-2,-4,-121
1767173031.0592382,-1,-3,-125
1767173031.0692382,-5,-4,-136
1767173031.0792382,0,-4,-132
1767173031.0892382,0,-7,-131
1767173031.0992382,0,-10,-132
1767173031.109238,0,-5,-130
1767173031.119238,2,-2,-130
1767173031.129238,0,-3,-121
1767173031.139238,-1,-5,-121
1767173031.149238,4,-4,-123
1767173031.159238,0,-5,-122
1767173031.169238,3,-5,-132
1767173031.179238,8,-4,-129
1767173031.189238,2,-5,-126
1767173031.199238,1,-4,-132
1767173031.209238,-1,-3,-129
1767173031.219238,-6,-1,-131
1767173031.2292385,-2,0,-126
1767173031.2392385,0,3,-126
1767173031.2492385,-2,5,-124
1767173031.2592382,-4,5,-130
1767173031.2692382,-8,2,-134
1767173031.2792382,-12,1,-139
1767173031.2892382,-6,0,-136
1767173031.2992382,-1,1,-137
1767173031.3092382,-2,3,-136
1767173031.3192382,-1,1,-135
1767173031.3292382,-5,-1,-137
1767173031.3392382,-5,-6,-137
1767173031.3492382,-3,-6,-135
1767173031.359238,-2,-6,-132
1767173031.369238,-3,-7,-136
1767173031.379238,3,-8,-131
1767173031.389238,2,-3,-134
1767173031.399238,0,-5,-130
1767173031.409238,2,-2,-123
1767173031.419238,0,0,-126
1767173031.429238,2,0,-130
1767173031.439238,2,1,-136
1767173031.449238,0,2,-131
1767173031.459238,-6,0,-129
1767173031.469238,-4,0,-129
1767173031.4792385,-8,-1,-136
1767173031.4892385,-4,-2,-135
1767173031.4992385,-2,3,-132
1767173031.5092382,-3,0,-131
1767173031.5192382,-3,0,-132
1767173031.5292382,-6,0,-132
1767173031.5392382,-5,-3,-129
1767173031.5492382,-5,-1,-128
1767173031.5592382,-4,0,-124
1767173031.5692382,-2,0,-126
1767173031.5792382,2,0,-130
1767173031.5892382,-1,-3,-131
1767173031.5992382,-7,-1,-129
1767173031.609238,-4,-1,-129
1767173031.619238,0,-1,-131
1767173031.629238,-3,0,-128
1767173031.639238,0,0,-132
1767173031.649238,4,-2,-128
1767173031.659238,1,0,-128
1767173031.669238,1,-3,-125
1767173031.679238,-1,-5,-129
1767173031.689238,-5,-6,-124
1767173031.699238,1,-2,-123
1767173031.709238,2,-3,-127
1767173031.719238,6,-3,-133
1767173031.7292385,5,-6,-140
1767173031.7392385,7,-6,-138
1767173031.7492385,8,-9,-134
1767173031.7592382,7,-9,-137
1767173031.7692382,3,-6,-137
1767173031.7792382,2,-3,-134
1767173031.7892382,4,1,-135
1767173031.7992382,2,0,-133
1767173031.8092382,0,-5,-137
1767173031.8192382,3,-4,-134
1767173031.8292382,0,0,-128
1767173031.8392382,-1,3,-132
1767173031.8492382,2,3,-140
1767173031.859238,3,2,-140
1767173031.869238,0,0,-138
1767173031.879238,-3,0,-140
1767173031.889238,-5,0,-145
1767173031.899238,-6,-1,-144
1767173031.909238,-11,-2,-142
1767173031.919238,-11,-2,-137
1767173031.929238,-12,-1,-125
1767173031.939238,-9,-1,-124
1767173031.949238,-6,-2,-122
1767173031.959238,-5,-3,-122
1767173031.969238,-3,-3,-128
1767173031.9792385,-1,-3,-128
1767173031.9892385,1,-2,-125
1767173031.9992385,0,-3,-127
1767173032.0092382,2,-2,-135
1767173032.0192382,6,-2,-135
1767173032.0292382,4,-1,-131
1767173032.0392382,6,1,-129
1767173032.0492382,4,6,-125
1767173032.0592382,2,5,-134
1767173032.0692382,2,10,-136
1767173032.0792382,6,7,-139
1767173032.0892382,2,0,-139
1767173032.0992382,1,-1,-128
1767173032.109238,-1,-2,-128
1767173032.119238,-3,0,-128
1767173032.129238,-4,3,-127
1767173032.139238,-6,2,-128
1767173032.149238,-5,6,-124
1767173032.159238,0,2,-130
1767173032.169238,-4,0,-127
1767173032.179238,-6,0,-128
1767173032.189238,-2,-1,-132
1767173032.199238,-6,0,-130
1767173032.209238,-7,3,-128
1767173032.219238,-10,6,-133
1767173032.2292385,-4,1,-133
1767173032.2402382,-3,-4,-127
1767173032.2492385,1,-6,-129
1767173032.2592382,-2,-9,-135
1767173032.2692382,-5,-6,-143
1767173032.2792382,-6,-2,-143
1767173032.290238,-8,1,-142
1767173032.2992382,-7,0,-141
1767173032.310238,-9,-1,-139
1767173032.320238,-9,0,-135
1767173032.330238,-8,-6,-132
1767173032.340238,-6,-4,-129
1767173032.350238,-7,-4,-126
1767173032.360238,-1,-5,-128
1767173032.370238,2,-3,-129
1767173032.380238,7,-2,-132
1767173032.390238,7,-2,-139
1767173032.400238,8,0,-141
1767173032.4102385,2,-5,-142
1767173032.4202385,3,-6,-138
1767173032.4302382,5,0,-140
1767173032.4402382,7,-2,-135
1767173032.4502382,7,0,-136
1767173032.4602382,5,0,-137
1767173032.4702382,2,-1,-135
1767173032.4802382,3,-4,-134
1767173032.4902382,4,-2,-131
1767173032.5002382,1,0,-126
1767173032.5102382,-1,0,-130
1767173032.5202382,1,0,-132
1767173032.5302382,2,0,-129
1767173032.540238,2,-2,-126
1767173032.550238,5,-7,-124
1767173032.560238,2,-10,-126
1767173032.570238,0,-7,-127
1767173032.580238,0,-6,-128
1767173032.590238,2,-10,-126
1767173032.600238,9,-8,-124
1767173032.610238,9,-8,-124
1767173032.620238,2,-11,-124
1767173032.630238,-2,-11,-122
1767173032.640238,0,-11,-127
1767173032.650238,0,-10,-129
1767173032.6602385,0,-10,-134
1767173032.6702385,0,-9,-138
1767173032.6802382,-3,-2,-140
1767173032.6902382,-2,-4,-141
1767173032.7002382,-6,-6,-140
1767173032.7102382,-6,-7,-141
1767173032.7202382,-5,-5,-134
1767173032.7302382,0,-2,-134
1767173032.7402382,0,-1,-134
1767173032.7502382,3,-3,-132
1767173032.7602382,3,0,-133
1767173032.7702382,0,0,-127
1767173032.7802382,0,-1,-129
1767173032.790238,-6,-1,-125
1767173032.800238,-8,0,-125
1767173032.810238,-8,0,-131
1767173032.820238,-6,3,-131
1767173032.830238,-2,4,-134
1767173032.840238,0,2,-141
1767173032.850238,0,-3,-140
1767173032.860238,2,-4,-133
1767173032.870238,1,-5,-134
1767173032.880238,3,-5,-135
1767173032.890238,1,-3,-139
1767173032.900238,2,-4,-138
1767173032.9102385,5,-2,-139
1767173032.9202385,5,-4,-138
1767173032.9302382,1,-1,-142
1767173032.9402382,0,-1,-141
1767173032.9502382,2,-1,-136
1767173032.9602382,1,-3,-141
1767173032.9702382,3,-2,-142
1767173032.9802382,3,-3,-136
1767173032.9902382,4,-1,-134
1767173033.0002382,4,0,-138
1767173033.0102382,4,3,-137
1767173033.0202382,5,1,-132
1767173033.0302382,5,5,-131
1767173033.040238,2,5,-131
1767173033.050238,1,6,-132
1767173033.060238,0,1,-132
1767173033.070238,0,2,-128
1767173033.080238,-1,0,-124
1767173033.090238,1,1,-125
1767173033.100238,-2,1,-127
1767173033.110238,-7,1,-128
1767173033.120238,-4,-2,-137
1767173033.130238,-2,-1,-136
1767173033.140238,1,0,-131
1767173033.150238,0,1,-130
1767173033.1602385,-1,2,-129
1767173033.1702385,2,3,-133
1767173033.1802382,0,2,-136
1767173033.1902382,2,5,-135
1767173033.2002382,1,5,-133
1767173033.2102382,4,5,-133
1767173033.2202382,6,6,-132
1767173033.2302382,8,5,-132
1767173033.2402382,8,2,-136
1767173033.2502382,8,6,-136
1767173033.2602382,8,4,-135
1767173033.2702382,9,0,-131
1767173033.2802382,9,0,-125
1767173033.290238,6,3,-130
1767173033.300238,5,0,-128
1767173033.310238,1,0,-128
1767173033.320238,2,0,-124
1767173033.330238,2,-1,-127
1767173033.340238,2,0,-133
1767173033.350238,0,0,-126
1767173033.360238,0,2,-125
1767173033.370238,-5,0,-127
1767173033.380238,-5,-2,-127
1767173033.390238,-7,-4,-122
1767173033.400238,-7,0,-128
1767173033.4102385,-4,-4,-128
1767173033.4202385,1,-2,-130
1767173033.4302382,5,-2,-129
1767173033.4402382,5,-4,-129
1767173033.4502382,1,-1,-136
1767173033.4602382,-2,1,-140
1767173033.4702382,-1,-2,-139
1767173033.4802382,1,-1,-138
1767173033.4902382,0,1,-135
1767173033.5002382,-1,1,-136
1767173033.5102382,-4,2,-133
1767173033.5202382,-5,8,-128
1767173033.5302382,-7,12,-138
1767173033.540238,-7,4,-135
1767173033.550238,-5,2,-124
1767173033.560238,-5,5,-118
1767173033.570238,-6,7,-117
1767173033.580238,-6,6,-120
1767173033.590238,-9,6,-122
1767173033.600238,-8,5,-124
1767173033.610238,-1,3,-127
1767173033.620238,0,3,-126
1767173033.630238,2,7,-125
1767173033.640238,2,10,-130
1767173033.650238,3,6,-127
1767173033.6602385,0,4,-128
1767173033.6702385,-1,2,-128
1767173033.6802382,-5,0,-124
1767173033.6902382,-5,0,-122
1767173033.7002382,-7,0,-121
1767173033.7102382,-3,1,-134
1767173033.7202382,-5,3,-135
1767173033.7302382,-5,4,-135
1767173033.7402382,-6,3,-138
1767173033.7502382,-4,2,-138
1767173033.7602382,-4,0,-132
1767173033.7702382,-4,3,-133
1767173033.7802382,-5,3,-131
1767173033.790238,-2,0,-140
1767173033.800238,2,-5,-144
1767173033.810238,2,-8,-137
1767173033.820238,4,-1,-133
1767173033.830238,2,3,-138
1767173033.840238,5,1,-141
1767173033.850238,4,0,-140
1767173033.860238,0,-2,-136
1767173033.870238,-2,0,-133
1767173033.880238,-3,-2,-136
1767173033.890238,-5,-3,-135
1767173033.900238,-6,-2,-136
1767173033.9102385,-6,0,-137
1767173033.9202385,-4,-1,-128
1767173033.9302382,-2,-3,-130
1767173033.9402382,-4,-1,-134
1767173033.9502382,-3,-4,-138
1767173033.9602382,0,-4,-145
1767173033.9702382,-1,-3,-145
1767173033.9802382,-4,-6,-151
1767173033.9902382,-3,-7,-154
1767173034.0002382,-2,-10,-151
1767173034.0102382,-2,-9,-140
1767173034.0202382,-5,-9,-132
1767173034.0302382,-5,-3,-131
1767173034.040238,-3,-3,-138
1767173034.050238,-5,-2,-139
1767173034.060238,-6,-3,-145
1767173034.070238,-6,2,-142
1767173034.080238,-6,2,-141
1767173034.090238,-1,3,-138
1767173034.100238,-1,-1,-131
1767173034.110238,-2,0,-129
1767173034.120238,0,0,-136
1767173034.130238,-1,-1,-133
1767173034.140238,0,-1,-129
1767173034.150238,0,2,-124
1767173034.1602385,0,3,-128
1767173034.1702385,-4,1,-132
1767173034.1802382,-9,0,-126
1767173034.1902382,-9,-1,-131
1767173034.2002382,-9,-4,-135
1767173034.2102382,-11,-9,-134
1767173034.2202382,-6,-9,-135
1767173034.2302382,-3,-3,-131
1767173034.2402382,-6,0,-135
1767173034.2502382,-6,0,-139
1767173034.2602382,-5,2,-132
1767173034.2702382,-5,0,-130
1767173034.2802382,-8,-4,-135
1767173034.290238,-7,-4,-137
1767173034.300238,-7,-4,-138
1767173034.310238,-5,-5,-134
1767173034.320238,-2,-1,-132
1767173034.330238,1,-1,-128
1767173034.340238,3,0,-131
1767173034.350238,2,0,-129
1767173034.360238,1,2,-129
1767173034.370238,4,5,-134
1767173034.380238,3,7,-131
1767173034.390238,0,7,-130
1767173034.400238,2,3,-126
1767173034.4102385,0,0,-130
1767173034.4202385,-1,0,-132
1767173034.4302382,-6,-1,-128
1767173034.4402382,-2,4,-127
1767173034.4502382,0,1,-129
1767173034.4602382,3,3,-129
1767173034.4702382,2,0,-128
1767173034.4802382,0,0,-132
1767173034.4902382,-2,-1,-127
1767173034.5002382,2,-4,-128
1767173034.5102382,3,-5,-121
1767173034.5202382,2,-5,-128
1767173034.5302382,-1,-5,-126
1767173034.540238,-4,-3,-129
1767173034.550238,-3,-2,-130
1767173034.560238,-1,0,-126
1767173034.570238,0,-2,-136
1767173034.580238,-2,0,-138
1767173034.590238,0,-4,-140
1767173034.600238,-2,-9,-136
1767173034.610238,0,-6,-141
1767173034.620238,3,-6,-140
1767173034.630238,0,-4,-141
1767173034.640238,-4,-4,-138
1767173034.650238,-1,-6,-134
1767173034.6602385,-4,-1,-132
1767173034.6702385,-6,-1,-132
1767173034.6802382,-3,-2,-128
1767173034.6902382,-2,-3,-128
1767173034.7002382,-4,-4,-128
1767173034.7102382,5,-4,-127
1767173034.7202382,12,-1,-131
1767173034.7302382,9,-3,-123
1767173034.7402382,7,-1,-129
1767173034.7502382,8,-1,-136
1767173034.7602382,7,-1,-141
1767173034.7702382,7,-1,-135
1767173034.7802382,8,0,-130
1767173034.790238,5,2,-126
1767173034.800238,6,3,-124
1767173034.810238,7,1,-126
1767173034.820238,5,3,-130
1767173034.830238,1,0,-133
1767173034.8522382,-2,0,-136
1767173034.860238,-4,0,-130
1767173034.870238,-4,-3,-133
1767173034.880238,1,-5,-130
1767173034.8912382,-2,-3,-127
1767173034.9012382,-2,-6,-126
1767173034.9112382,-4,-8,-127
1767173034.9212382,-4,-9,-128
1767173034.9312382,-1,-3,-132
1767173034.9402382,-3,-4,-132
1767173034.9512382,-4,-4,-132
1767173034.961238,-1,-2,-130
1767173034.971238,-3,-4,-129
1767173034.981238,-3,-6,-128
1767173034.991238,-3,-5,-130
1767173035.001238,-3,-1,-135
1767173035.011238,-3,-4,-128
1767173035.021238,-2,-9,-130
1767173035.031238,0,-12,-132
1767173035.041238,1,-11,-130
1767173035.051238,1,-10,-137
1767173035.061238,0,-9,-141
1767173035.071238,0,-6,-135
1767173035.0812385,0,-3,-127
1767173035.0912385,0,-5,-132
1767173035.1012385,-3,-6,-131
1767173035.1112382,-3,-6,-130
1767173035.1212382,-2,-3,-132
1767173035.1312382,-2,-7,-133
1767173035.1412382,-4,-7,-134
1767173035.1512382,-1,-8,-132
1767173035.1612382,-1,-7,-129
1767173035.1712382,3,-9,-130
1767173035.1812382,1,-6,-130
1767173035.1912382,2,-4,-127
1767173035.2012382,3,0,-136
1767173035.211238,2,-2,-133
1767173035.221238,2,-4,-134
1767173035.231238,1,-5,-141
1767173035.241238,2,-7,-142
1767173035.251238,0,-3,-140
1767173035.261238,1,1,-142
1767173035.271238,3,2,-140
1767173035.281238,4,-1,-139
1767173035.291238,1,-2,-140
1767173035.301238,0,-1,-146
1767173035.311238,1,-2,-136
1767173035.321238,3,-4,-133
1767173035.3312385,5,-3,-138
1767173035.3412385,4,-5,-139
1767173035.3512385,4,-7,-138
1767173035.3612382,0,-7,-142
1767173035.3712382,-3,-7,-135
1767173035.3812382,0,-7,-134
1767173035.3912382,-3,-5,-131
1767173035.4012382,-2,-1,-133
1767173035.4112382,-4,-2,-133
1767173035.4212382,-4,-2,-133
1767173035.4312382,-1,-5,-132
1767173035.4412382,1,-3,-128
1767173035.4512382,0,-3,-132
1767173035.461238,1,-1,-127
1767173035.471238,2,0,-123
1767173035.481238,2,0,-119
1767173035.491238,-2,-2,-117
1767173035.501238,0,-4,-128
1767173035.511238,1,-4,-136
1767173035.521238,2,-4,-135
1767173035.531238,2,-4,-134
1767173035.541238,0,-1,-123
1767173035.551238,-3,0,-120
1767173035.561238,-3,1,-122
1767173035.571238,-4,0,-121
1767173035.5812385,-3,-3,-122
1767173035.5912385,1,-8,-117
1767173035.6012385,0,-5,-130
1767173035.6112382,-2,-2,-133
1767173035.6212382,-3,0,-132
1767173035.6312382,0,-3,-135
1767173035.6412382,0,-6,-139
1767173035.6512382,-1,-6,-134
1767173035.6612382,-1,-1,-133
1767173035.6712382,0,-1,-135
1767173035.6812382,-4,1,-135
1767173035.6912382,-2,0,-132
1767173035.7012382,2,-2,-132
1767173035.711238,3,1,-131
1767173035.721238,0,4,-128
1767173035.731238,-4,4,-129
1767173035.741238,2,2,-133
1767173035.751238,-1,0,-132
1767173035.761238,-2,1,-129
1767173035.771238,-2,0,-133
1767173035.781238,0,0,-134
1767173035.791238,-2,-4,-134
1767173035.801238,0,-5,-131
1767173035.811238,0,-4,-131
1767173035.821238,3,1,-133
1767173035.8312385,5,0,-128
1767173035.8412385,4,-2,-128
1767173035.8512385,4,-5,-135
1767173035.8612382,0,-6,-123
1767173035.8712382,0,-6,-119
1767173035.8812382,-3,-4,-121
1767173035.8912382,-3,-6,-123
1767173035.9012382,-5,-8,-127
1767173035.9112382,-4,-4,-125
1767173035.9212382,0,-2,-122
1767173035.9312382,-3,-2,-129
1767173035.9412382,-3,-1,-129
1767173035.9512382,-1,4,-136
1767173035.961238,-4,0,-134
1767173035.971238,-3,0,-130
1767173035.981238,-4,-3,-124
1767173035.991238,0,-4,-131
1767173036.001238,-3,-2,-133
1767173036.011238,0,-3,-130
1767173036.021238,2,-4,-126
1767173036.031238,-1,-3,-130
1767173036.041238,1,0,-129
1767173036.051238,3,0,-133
1767173036.061238,-1,-1,-137
1767173036.071238,-3,0,-136
1767173036.0812385,-1,-1,-133
1767173036.0912385,-7,-2,-136
1767173036.1012385,0,-3,-136
1767173036.1112382,5,-5,-138
1767173036.1212382,4,-6,-138
1767173036.1312382,0,-10,-137
1767173036.1412382,0,-7,-134
1767173036.1512382,-4,-8,-135
1767173036.1612382,-4,-6,-135
1767173036.1712382,-5,-3,-139
1767173036.1812382,-9,0,-138
1767173036.1912382,-6,-2,-136
1767173036.2012382,-5,-1,-136
1767173036.211238,-6,0,-130
1767173036.221238,-5,1,-125
1767173036.231238,-4,0,-121
1767173036.241238,-5,1,-121
1767173036.251238,-6,0,-121
1767173036.261238,0,1,-121
1767173036.271238,-3,-2,-121
1767173036.281238,0,-4,-122
1767173036.291238,-6,0,-130
1767173036.301238,-4,-1,-134
1767173036.311238,-4,-5,-134
1767173036.321238,-7,-3,-133
1767173036.3312385,-13,-2,-132
1767173036.3412385,-11,-3,-128
1767173036.3512385,-11,-1,-127
1767173036.3612382,-12,0,-129
1767173036.3712382,-8,0,-127
1767173036.3812382,-11,-4,-125
1767173036.3912382,-8,-2,-124
1767173036.4012382,-8,-2,-131
1767173036.4112382,-9,-1,-127
1767173036.4212382,-5,2,-126
1767173036.4312382,-2,0,-122
1767173036.4412382,-4,-2,-122
1767173036.4512382,-4,-1,-126
1767173036.461238,-1,-2,-123
1767173036.471238,1,1,-114
1767173036.481238,0,-1,-119
1767173036.491238,0,0,-120
1767173036.501238,2,-3,-123
1767173036.511238,0,-2,-125
1767173036.521238,0,-1,-119
1767173036.531238,0,0,-120
1767173036.541238,3,0,-122
1767173036.551238,3,-1,-127
1767173036.561238,1,2,-129
1767173036.571238,0,1,-137
1767173036.5812385,2,1,-135
1767173036.5912385,5,2,-130
1767173036.6012385,6,1,-133
1767173036.6112382,1,2,-130
1767173036.6212382,2,-2,-130
1767173036.6312382,5,-3,-137
1767173036.6412382,3,-2,-141
1767173036.6512382,0,-4,-138
1767173036.6612382,1,-5,-138
1767173036.6712382,3,-4,-137
1767173036.6812382,0,-3,-129
1767173036.6912382,0,-6,-128
1767173036.7012382,-1,-7,-129
1767173036.711238,-1,-9,-124
1767173036.721238,-4,-8,-125
1767173036.731238,-2,-7,-127
1767173036.741238,-6,-4,-134
1767173036.751238,-2,-2,-137
1767173036.761238,5,-3,-138
1767173036.771238,2,1,-136
1767173036.781238,0,4,-131
1767173036.791238,0,5,-126
1767173036.801238,1,4,-127
1767173036.811238,1,1,-125
1767173036.821238,1,1,-133
1767173036.8312385,0,-3,-136
1767173036.8412385,0,-4,-132
1767173036.8512385,-4,0,-133
1767173036.8612382,-1,0,-130
1767173036.8712382,-1,-3,-130
1767173036.8812382,-2,-1,-127
1767173036.8912382,0,0,-126
1767173036.9012382,3,-3,-127
1767173036.9112382,3,-5,-131
1767173036.9212382,4,-6,-130
1767173036.9312382,3,-8,-123
1767173036.9412382,3,-2,-121
1767173036.9512382,4,-2,-123
1767173036.961238,6,-3,-128
1767173036.971238,1,-9,-130
1767173036.981238,5,-3,-128
1767173036.991238,4,-4,-124
1767173037.001238,4,2,-128
1767173037.011238,-2,-4,-135
1767173037.021238,-8,-2,-130
1767173037.031238,-6,0,-129
1767173037.041238,-10,0,-131
1767173037.051238,-5,0,-131
1767173037.061238,-6,1,-131
1767173037.071238,-7,-1,-132
1767173037.0812385,-6,-4,-133
1767173037.0912385,-2,0,-135
1767173037.1012385,0,0,-126
1767173037.1112382,5,0,-125
1767173037.1212382,7,4,-122
1767173037.1312382,7,0,-126
1767173037.1412382,4,-1,-130
1767173037.1512382,-1,-1,-133
1767173037.1612382,1,-3,-134
1767173037.1712382,-1,-3,-132
1767173037.1812382,0,-5,-130
1767173037.1912382,2,-7,-137
1767173037.2012382,4,-8,-140
1767173037.211238,7,-8,-149
1767173037.221238,6,-5,-141
1767173037.231238,3,-3,-128
1767173037.241238,0,-3,-127
1767173037.251238,1,-2,-127
1767173037.261238,0,2,-129
1767173037.271238,-1,0,-138
1767173037.281238,2,0,-143
1767173037.291238,5,2,-138
1767173037.301238,6,0,-143
1767173037.311238,6,2,-143
1767173037.321238,2,2,-132
1767173037.3312385,9,-1,-134
1767173037.3412385,2,-1,-136
1767173037.3512385,0,-1,-131
1767173037.3612382,0,-1,-130
1767173037.3712382,-1,0,-132
1767173037.3812382,-1,1,-131
1767173037.3912382,0,1,-135
1767173037.4012382,0,1,-134
1767173037.4112382,-1,1,-134
1767173037.4212382,0,5,-134
1767173037.4312382,0,3,-127
1767173037.442238,0,5,-128
1767173037.4512382,-1,5,-128
1767173037.461238,-3,4,-128
1767173037.471238,-3,0,-127
1767173037.481238,-2,-6,-130
1767173037.491238,0,-10,-121
1767173037.502238,3,-10,-115
1767173037.5122385,0,-4,-117
1767173037.5222385,2,0,-119
1767173037.5322382,6,3,-126
1767173037.5422382,1,4,-128
1767173037.5522382,0,2,-129
1767173037.5622382,1,-3,-128
1767173037.5722382,0,-7,-123
1767173037.5822382,-1,-7,-129
1767173037.5922382,-2,-4,-126
1767173037.6022382,0,-5,-129
1767173037.6122382,4,-3,-126
1767173037.6222382,0,-6,-127
1767173037.632238,0,-9,-127
1767173037.642238,1,-7,-135
1767173037.652238,3,-4,-137
1767173037.662238,3,-4,-134
1767173037.672238,5,-1,-136
1767173037.682238,4,-7,-131
1767173037.692238,0,-11,-132
1767173037.702238,3,-11,-130
1767173037.712238,1,-11,-129
1767173037.722238,0,-8,-130
1767173037.732238,0,-6,-128
1767173037.742238,-1,-5,-129
1767173037.752238,-1,-3,-130
1767173037.7622385,-2,-1,-129
1767173037.7722385,-1,0,-130
1767173037.7822382,-2,-1,-131
1767173037.7922382,1,3,-135
1767173037.8022382,0,3,-135
1767173037.8122382,0,5,-133
1767173037.8222382,0,7,-129
1767173037.8322382,-1,7,-128
1767173037.8422382,-4,0,-126
1767173037.8522382,-7,0,-124
1767173037.8622382,-8,0,-128
1767173037.8722382,-4,-1,-137
1767173037.882238,3,-1,-133
1767173037.892238,-1,-1,-134
1767173037.902238,-2,0,-129
1767173037.912238,-3,3,-136
1767173037.922238,-7,2,-137
1767173037.932238,-5,2,-136
1767173037.942238,-4,4,-127
1767173037.952238,-3,0,-130
1767173037.962238,-7,-1,-131
1767173037.972238,-2,0,-134
1767173037.982238,1,-2,-136
1767173037.992238,0,0,-143
1767173038.002238,-1,0,-148
1767173038.0122385,1,-2,-147
1767173038.0222385,2,-4,-139
1767173038.0322382,0,0,-131
1767173038.0422382,-4,0,-135
1767173038.0522382,-5,1,-134
1767173038.0622382,-3,2,-131
1767173038.0722382,-3,5,-123
1767173038.0822382,-5,6,-124
1767173038.0922382,-4,5,-133
1767173038.1022382,0,4,-140
1767173038.1122382,0,3,-135
1767173038.1222382,-8,0,-128
1767173038.132238,-7,-1,-129
1767173038.142238,-9,0,-134
1767173038.152238,-6,0,-130
1767173038.163238,-3,0,-126
1767173038.172238,1,0,-127
1767173038.182238,1,1,-129
1767173038.192238,0,0,-129
1767173038.202238,-1,0,-127
1767173038.212238,-1,-9,-132
1767173038.222238,-2,-6,-137
1767173038.232238,-3,-6,-138
1767173038.242238,-1,-1,-144
1767173038.252238,0,0,-144
1767173038.2622385,0,-2,-142
1767173038.2722385,-1,0,-140
1767173038.2822382,-3,0,-134
1767173038.2922382,-5,-2,-129
1767173038.3022382,-1,-2,-132
1767173038.3122382,0,-5,-134
1767173038.3222382,0,-6,-131
1767173038.3322382,1,-6,-132
1767173038.3422382,2,-5,-137
1767173038.3522382,3,-1,-131
1767173038.3622382,1,-1,-132
1767173038.3722382,-3,0,-132
1767173038.382238,-8,-6,-126
1767173038.392238,-4,-8,-131
1767173038.402238,-2,-5,-129
1767173038.412238,-1,-4,-134
1767173038.422238,-2,0,-133
1767173038.432238,-1,1,-135
1767173038.442238,0,0,-131
1767173038.452238,-5,-4,-136
1767173038.462238,0,-7,-134
1767173038.472238,0,-5,-135
1767173038.482238,-2,-2,-130
1767173038.492238,-2,0,-130
1767173038.502238,-1,4,-130
1767173038.5122385,-3,4,-134
1767173038.5222385,-2,5,-132
1767173038.5322382,3,3,-133
1767173038.5422382,5,0,-134
1767173038.5522382,-1,0,-134
1767173038.5622382,-1,-1,-133
1767173038.5722382,-5,0,-135
1767173038.5822382,-4,-2,-128
1767173038.5922382,-3,-3,-129
1767173038.6022382,-5,-1,-133
1767173038.6122382,-5,-2,-138
1767173038.6222382,-3,-7,-135
1767173038.632238,-1,-7,-133
1767173038.642238,-2,-5,-132
1767173038.652238,0,0,-143
1767173038.662238,-5,2,-140
1767173038.672238,-4,1,-141
1767173038.682238,0,0,-135
1767173038.692238,-1,-1,-142
1767173038.702238,0,-3,-137
1767173038.712238,-1,-3,-134
1767173038.722238,0,-6,-128
1767173038.732238,-1,-6,-124
1767173038.742238,0,-6,-133
1767173038.752238,1,-5,-131
1767173038.7622385,0,-9,-135
1767173038.7722385,0,-7,-136
1767173038.7822382,0,-5,-131
1767173038.7922382,-1,-8,-129
1767173038.8022382,0,-8,-135
1767173038.8122382,-1,-7,-128
1767173038.8222382,0,-3,-129
1767173038.8322382,5,-3,-134
1767173038.8422382,4,-2,-135
1767173038.8522382,3,-1,-135
1767173038.8622382,1,-4,-131
1767173038.8722382,-1,-2,-135
1767173038.882238,0,-1,-129
1767173038.892238,4,0,-128
1767173038.902238,3,-6,-128
1767173038.912238,0,-4,-126
1767173038.922238,2,-1,-131
1767173038.932238,-4,-2,-129
1767173038.942238,-2,-6,-126
1767173038.952238,3,-4,-131
1767173038.962238,4,-6,-126
1767173038.972238,5,-9,-128
1767173038.982238,6,-10,-125
1767173038.992238,5,-10,-127
1767173039.002238,10,-7,-126
1767173039.0122385,10,-4,-126
1767173039.0222385,4,-4,-126
1767173039.0322382,4,-3,-130
1767173039.0422382,3,0,-131
1767173039.0522382,3,0,-130
1767173039.0622382,2,-2,-135
1767173039.0722382,2,0,-134
1767173039.0822382,-1,-5,-131
1767173039.0922382,-5,-5,-135
1767173039.1022382,-3,-5,-135
1767173039.1122382,1,-4,-128
1767173039.1222382,0,0,-130
1767173039.132238,0,1,-137
1767173039.142238,-1,-2,-131
1767173039.152238,-4,-4,-133
1767173039.162238,-6,0,-135
1767173039.172238,1,-1,-133
1767173039.182238,-1,1,-132
1767173039.192238,-3,-2,-135
1767173039.202238,-5,-3,-133
1767173039.212238,-7,-6,-125
1767173039.222238,-7,-9,-123
1767173039.232238,-9,-11,-124
1767173039.242238,-1,-8,-123
1767173039.252238,-1,-6,-125
1767173039.2622385,-3,-7,-117
1767173039.2722385,-2,-6,-118
1767173039.2822382,3,-5,-125
1767173039.2922382,-4,-6,-119
1767173039.3022382,-3,-4,-122
1767173039.3122382,-4,-2,-124
1767173039.3222382,0,2,-127
1767173039.3322382,-2,0,-133
1767173039.3422382,-6,1,-131
1767173039.3522382,-3,2,-128
1767173039.3622382,-4,2,-125
1767173039.3722382,-6,4,-126
1767173039.382238,-2,3,-128
1767173039.392238,0,3,-131
1767173039.402238,0,5,-134
1767173039.412238,2,6,-130
1767173039.422238,2,4,-128
1767173039.432238,-2,1,-128
1767173039.442238,-7,0,-130
1767173039.452238,-9,-3,-127
1767173039.462238,-6,-1,-130
1767173039.472238,-7,0,-137
1767173039.482238,-7,1,-135
1767173039.492238,-9,2,-130
1767173039.502238,-9,0,-128
1767173039.5122385,-5,-1,-128
1767173039.5222385,0,-2,-129
1767173039.5322382,0,-1,-134
1767173039.5422382,0,3,-131
1767173039.5522382,-2,1,-132
1767173039.5622382,-2,-1,-134
1767173039.5722382,-2,1,-131
1767173039.5822382,-6,2,-133
1767173039.5922382,-3,0,-142
1767173039.6022382,1,0,-139
1767173039.6122382,5,0,-137
1767173039.6222382,2,0,-138
1767173039.632238,0,0,-138
1767173039.642238,3,0,-135
1767173039.652238,5,-1,-131
1767173039.662238,5,-1,-128
1767173039.672238,0,0,-127
1767173039.682238,1,-4,-133
1767173039.692238,2,-6,-138
1767173039.702238,0,-4,-139
1767173039.712238,0,-6,-134
1767173039.722238,1,-9,-134
1767173039.732238,4,-8,-133
1767173039.742238,-1,-6,-135
1767173039.752238,-2,-3,-135
1767173039.7622385,-2,0,-134
1767173039.7722385,0,0,-142
1767173039.7822382,1,0,-143
1767173039.7922382,2,1,-144
1767173039.8022382,4,2,-148
1767173039.8122382,4,5,-143
1767173039.8222382,0,3,-139
1767173039.8322382,1,3,-141
1767173039.8422382,2,-2,-137
1767173039.863238,4,-2,-140
1767173039.8722382,4,-3,-139
1767173039.882238,4,-5,-136
1767173039.892238,4,-4,-135
1767173039.902238,0,-4,-139
1767173039.912238,0,-2,-137
1767173039.922238,-2,0,-128
1767173039.932238,-5,0,-126
1767173039.942238,0,2,-132
1767173039.952238,0,5,-133
1767173039.962238,-1,6,-134
1767173039.972238,0,5,-135
1767173039.982238,-2,2,-126
1767173039.992238,-3,6,-123
1767173040.002238,-2,0,-118
1767173040.0122385,0,-3,-121
1767173040.0222385,-3,-3,-122
1767173040.0322382,0,-2,-123
1767173040.0422382,1,-1,-124
1767173040.0522382,2,1,-128
1767173040.0622382,0,6,-131
1767173040.0722382,1,3,-137
1767173040.083238,0,1,-135
1767173040.093238,0,1,-136
1767173040.1022382,0,3,-132
1767173040.113238,-3,6,-133
1767173040.123238,-5,2,-131
1767173040.133238,-9,2,-130
1767173040.143238,-10,2,-129
1767173040.153238,-12,-3,-125
1767173040.163238,-15,-8,-121
1767173040.173238,-10,-7,-120
1767173040.1832385,-7,-7,-119
1767173040.1932385,-5,-5,-119
1767173040.2032382,-3,-7,-121
1767173040.2132382,3,-2,-131
1767173040.2232382,2,0,-131
1767173040.2332382,3,2,-129
1767173040.2432382,1,2,-131
1767173040.2532382,2,2,-141
1767173040.2632382,0,0,-140
1767173040.2732382,-1,0,-146
1767173040.2832382,-3,-2,-146
1767173040.2932382,0,-3,-142
1767173040.3032382,0,-2,-141
1767173040.313238,-2,-2,-141
1767173040.323238,-4,-4,-143
1767173040.333238,-5,-2,-145
1767173040.343238,0,5,-147
1767173040.353238,-3,5,-145
1767173040.363238,-6,4,-147
1767173040.373238,-8,5,-141
1767173040.383238,-2,1,-138
1767173040.393238,-1,3,-138
1767173040.403238,-2,0,-132
1767173040.413238,-4,-1,-130
1767173040.423238,0,-2,-130
1767173040.4332385,-1,-4,-128
1767173040.4432385,1,-1,-126
1767173040.4532382,-2,2,-124
1767173040.4632382,-3,2,-123
1767173040.4732382,-1,3,-124
1767173040.4832382,0,3,-121
1767173040.4932382,-3,1,-121
1767173040.5032382,-6,0,-130
1767173040.5132382,-5,1,-131
1767173040.5232382,-4,1,-133
1767173040.5332382,-4,1,-132
1767173040.5432382,-3,0,-134
1767173040.5532382,-3,-1,-133
1767173040.563238,-2,-1,-131
1767173040.573238,-3,1,-127
1767173040.583238,2,3,-127
1767173040.593238,-2,2,-127
1767173040.603238,-4,2,-133
1767173040.613238,-2,1,-130
1767173040.623238,-4,0,-128
1767173040.633238,-2,-2,-126
1767173040.643238,-1,-4,-129
1767173040.653238,1,0,-125
1767173040.663238,3,0,-121
1767173040.673238,1,1,-121
1767173040.6832385,-4,3,-123
1767173040.6932385,-5,3,-122
1767173040.7032382,-6,-1,-128
1767173040.7132382,-5,-2,-122
1767173040.7232382,0,-4,-119
1767173040.7332382,4,-2,-125
1767173040.7432382,2,-4,-133
1767173040.7532382,0,-2,-142
1767173040.7632382,-1,-5,-141
1767173040.7732382,-3,-3,-134
1767173040.7832382,0,-2,-128
1767173040.7932382,-1,-1,-130
1767173040.8032382,2,0,-126
1767173040.813238,-3,-3,-123
1767173040.823238,1,-1,-125
1767173040.833238,-1,0,-126
1767173040.843238,-2,0,-127
1767173040.853238,0,-1,-127
1767173040.863238,1,-2,-119
1767173040.873238,4,-1,-117
1767173040.883238,1,0,-115
1767173040.893238,-2,2,-122
1767173040.903238,-8,0,-123
1767173040.913238,-2,2,-120
1767173040.923238,5,0,-125
1767173040.9332385,1,0,-135
1767173040.9432385,-2,-1,-133
1767173040.9532382,-2,-3,-130
1767173040.9632382,-3,-4,-130
1767173040.9732382,-3,-3,-134
1767173040.9832382,0,-3,-130
1767173040.9932382,-1,-1,-131
1767173041.0032382,0,-1,-131
1767173041.0132382,-4,-2,-135
1767173041.0232382,-2,-2,-139
1767173041.0332382,0,-1,-141
1767173041.0432382,-4,-2,-138
1767173041.0532382,-5,-3,-133
1767173041.063238,-1,-2,-133
1767173041.073238,4,0,-127
1767173041.083238,2,-1,-125
1767173041.093238,1,-3,-123
1767173041.103238,1,-1,-128
1767173041.113238,0,-3,-127
1767173041.123238,3,-2,-134
1767173041.133238,1,-1,-135
1767173041.143238,1,0,-132
1767173041.153238,4,0,-131
1767173041.163238,2,0,-130
1767173041.173238,2,2,-133
1767173041.1832385,2,-2,-126
1767173041.1932385,1,-3,-127
1767173041.2032382,3,-3,-128
1767173041.2132382,1,-1,-132
1767173041.2232382,-1,4,-131
1767173041.2332382,1,-1,-129
1767173041.2432382,0,-2,-129
1767173041.2532382,-2,-2,-122
1767173041.2632382,-4,-3,-117
1767173041.2732382,-3,-1,-118
1767173041.2832382,-1,1,-120
1767173041.2932382,-3,6,-114
1767173041.3032382,-4,5,-125
1767173041.313238,-2,5,-130
1767173041.323238,4,4,-128
1767173041.333238,5,5,-125
1767173041.343238,0,2,-133
1767173041.353238,1,2,-133
1767173041.363238,-1,1,-128
1767173041.373238,-1,4,-127
1767173041.383238,0,0,-123
1767173041.393238,-2,3,-119
1767173041.403238,1,3,-122
1767173041.413238,4,1,-126
1767173041.423238,2,0,-127
1767173041.4332385,0,0,-134
1767173041.4432385,-1,0,-132
1767173041.4532382,-1,0,-127
1767173041.4632382,2,0,-133
1767173041.4732382,3,-2,-137
1767173041.4832382,8,-2,-141
1767173041.4932382,6,0,-142
1767173041.5032382,5,-1,-141
1767173041.5132382,5,-3,-135
1767173041.5232382,0,-7,-136
1767173041.5332382,-1,-8,-142
1767173041.5432382,-2,-4,-144
1767173041.5532382,-3,0,-140
1767173041.563238,0,1,-139
1767173041.573238,3,-2,-135
1767173041.583238,5,-1,-130
1767173041.593238,2,-2,-131
1767173041.603238,2,-1,-127
1767173041.613238,0,-3,-129
1767173041.623238,2,-7,-126
1767173041.633238,4,-3,-128
1767173041.643238,2,0,-133
1767173041.653238,3,0,-129
1767173041.663238,0,-3,-125
1767173041.673238,-1,-2,-121
1767173041.6832385,5,0,-129
1767173041.6932385,-1,3,-132
1767173041.7032382,-1,1,-134
1767173041.7132382,1,0,-136
1767173041.7232382,7,-2,-135
1767173041.7332382,7,0,-139
1767173041.7432382,9,5,-140
1767173041.7532382,8,4,-138
1767173041.7632382,3,3,-136
1767173041.7732382,5,1,-137
1767173041.7832382,7,1,-136
1767173041.7932382,0,2,-139
1767173041.8032382,4,2,-135
1767173041.813238,2,-1,-138
1767173041.823238,1,-2,-133
1767173041.833238,5,-1,-131
1767173041.843238,3,0,-129
1767173041.853238,3,0,-135
1767173041.863238,0,-1,-134
1767173041.873238,-5,-3,-127
1767173041.883238,-6,1,-126
1767173041.893238,-2,-1,-124
1767173041.903238,-5,-3,-121
1767173041.913238,-11,-6,-126
1767173041.923238,-6,-3,-126
1767173041.9332385,-7,-5,-130
1767173041.9432385,-10,0,-127
1767173041.9532382,-10,3,-127
1767173041.9632382,-4,7,-128
1767173041.9732382,0,5,-128
1767173041.9832382,2,0,-127
1767173041.9932382,0,-2,-120
1767173042.0032382,-9,-1,-118
1767173042.0132382,-8,3,-115
1767173042.0232382,-6,3,-119
1767173042.0332382,-3,2,-118
1767173042.0432382,-3,0,-116
1767173042.0532382,-2,-2,-117
1767173042.063238,0,0,-122
1767173042.073238,-3,-3,-124
1767173042.083238,0,-4,-120
1767173042.093238,0,-6,-122
1767173042.103238,2,-3,-127
1767173042.113238,-1,-2,-121
1767173042.123238,-4,-6,-123
1767173042.133238,-2,-4,-121
1767173042.143238,-2,-3,-120
1767173042.153238,-4,-3,-123
1767173042.163238,0,-7,-126
1767173042.173238,1,-6,-125
1767173042.1832385,3,-7,-132
1767173042.1932385,0,-5,-135
1767173042.2032382,-2,-6,-137
1767173042.2132382,-3,-5,-134
1767173042.2232382,0,-6,-133
1767173042.2332382,0,-3,-135
1767173042.2432382,6,-3,-138
1767173042.2532382,5,0,-133
1767173042.2632382,0,1,-136
1767173042.2732382,-1,-2,-132
1767173042.2832382,0,0,-132
1767173042.2932382,4,0,-129
1767173042.3032382,3,3,-126
1767173042.313238,2,3,-133
1767173042.323238,0,2,-139
1767173042.333238,0,-1,-136
1767173042.343238,2,-8,-132
1767173042.353238,3,-8,-136
1767173042.363238,-1,-8,-132
1767173042.373238,-5,-5,-130
1767173042.383238,-3,-4,-125
1767173042.393238,-4,-4,-124
1767173042.403238,-1,-3,-126
1767173042.413238,0,-4,-126
1767173042.423238,0,-6,-128
1767173042.4332385,2,-3,-121
1767173042.4432385,2,-2,-113
1767173042.4532382,4,0,-117
1767173042.4642382,3,-4,-118
1767173042.4732382,0,-4,-118
1767173042.4832382,1,0,-121
1767173042.4932382,-5,-2,-128
1767173042.5032382,-6,-1,-131
1767173042.5132382,0,-1,-130
1767173042.5232382,2,-2,-130
1767173042.5332382,-2,-2,-136
1767173042.5432382,-4,-4,-131
1767173042.5532382,-3,-2,-126
1767173042.563238,-3,-2,-124
1767173042.573238,-8,-1,-124
1767173042.583238,-7,0,-126
1767173042.593238,-2,-1,-130
1767173042.603238,0,-1,-124
1767173042.613238,-2,1,-124
1767173042.623238,-1,-4,-136
1767173042.633238,0,-3,-135
1767173042.643238,-1,-4,-135
1767173042.653238,0,-5,-133
1767173042.663238,1,-5,-133
1767173042.673238,0,-7,-131
1767173042.6832385,0,-4,-128
1767173042.6942382,-2,-3,-133
1767173042.7042382,-1,0,-135
1767173042.7142382,-1,4,-127
1767173042.7242382,0,1,-129
1767173042.734238,-4,0,-133
1767173042.744238,-5,0,-124
1767173042.754238,-3,-1,-126
1767173042.764238,-4,5,-121
1767173042.774238,-6,2,-122
1767173042.784238,-7,-8,-131
1767173042.794238,0,-12,-135
1767173042.804238,0,-11,-134
1767173042.814238,3,-12,-135
1767173042.824238,0,-7,-132
1767173042.834238,0,-4,-128
1767173042.844238,-3,-3,-126
1767173042.8542385,-5,2,-122
1767173042.8642385,-9,1,-128
1767173042.8742385,-6,1,-133
1767173042.8842382,-7,0,-135
1767173042.8942382,-5,-2,-135
1767173042.9042382,-1,-6,-144
1767173042.9142382,-2,-4,-146
1767173042.9242382,-3,-5,-146
1767173042.9342382,-7,-4,-144
1767173042.9442382,-8,-1,-137
1767173042.9542382,-10,-7,-135
1767173042.9642382,-12,-6,-143
1767173042.9742382,-13,-6,-139
1767173042.984238,-10,-7,-137
1767173042.994238,-9,-7,-146
1767173043.004238,-9,-1,-143
1767173043.014238,-9,0,-138
1767173043.024238,-9,5,-132
1767173043.034238,-8,7,-132
1767173043.044238,-9,3,-131
1767173043.054238,-6,2,-132
1767173043.064238,-2,3,-135
1767173043.074238,0,2,-142
1767173043.084238,0,0,-143
1767173043.094238,1,-2,-134
1767173043.1042385,0,1,-132
1767173043.1142385,-5,4,-130
1767173043.1242385,-8,4,-125
1767173043.1342382,-4,2,-130
1767173043.1442382,-5,0,-136
1767173043.1542382,-4,-2,-136
1767173043.1642382,-2,-3,-131
1767173043.1742382,-2,-5,-129
1767173043.1842382,0,-5,-122
1767173043.1942382,0,-3,-132
1767173043.2042382,2,0,-127
1767173043.2142382,6,2,-131
1767173043.2242382,3,1,-132
1767173043.234238,4,0,-135
1767173043.244238,6,-5,-137
1767173043.254238,6,-3,-135
1767173043.264238,8,-1,-137
1767173043.274238,9,0,-129
1767173043.284238,9,0,-126
1767173043.294238,9,-1,-128
1767173043.304238,8,-1,-126
1767173043.314238,4,-3,-130
1767173043.324238,2,-2,-125
1767173043.334238,3,-3,-131
1767173043.344238,6,-6,-130
1767173043.3542385,1,-9,-131
1767173043.3642385,1,-5,-130
1767173043.3742385,0,-4,-130
1767173043.3842382,1,-2,-129
1767173043.3942382,2,0,-133
1767173043.4042382,-2,2,-136
1767173043.4142382,-3,1,-136
1767173043.4242382,-4,4,-136
1767173043.4342382,-3,3,-140
1767173043.4442382,-3,1,-136
1767173043.4542382,0,0,-137
1767173043.4642382,2,1,-133
1767173043.4742382,0,3,-130
1767173043.484238,0,3,-125
1767173043.494238,-1,1,-131
1767173043.504238,-3,0,-131
1767173043.514238,0,0,-135
1767173043.524238,3,0,-135
1767173043.534238,2,1,-128
1767173043.544238,2,1,-128
1767173043.554238,0,0,-125
1767173043.564238,0,1,-127
1767173043.574238,-2,-2,-128
1767173043.584238,-2,-2,-134
1767173043.594238,-3,-3,-138
1767173043.6042385,-1,-4,-139
1767173043.6142385,1,-5,-136
1767173043.6242385,2,-9,-133
1767173043.6342382,1,-10,-136
1767173043.6442382,-2,-7,-134
1767173043.6542382,-4,-5,-135
1767173043.6642382,-5,-5,-135
1767173043.6742382,-7,-9,-133
1767173043.6842382,-3,-9,-129
1767173043.6942382,-3,-6,-130
1767173043.7042382,-6,-6,-125
1767173043.7142382,-3,-5,-133
1767173043.7242382,-4,-5,-134
1767173043.734238,0,-3,-137
1767173043.744238,1,0,-139
1767173043.754238,5,3,-137
1767173043.764238,7,3,-136
1767173043.774238,5,3,-128
1767173043.784238,2,3,-124
1767173043.794238,1,5,-122
1767173043.804238,-2,5,-115
1767173043.814238,-2,0,-112
1767173043.824238,-7,0,-113
1767173043.834238,-9,1,-115
1767173043.844238,-7,0,-124
1767173043.8542385,-9,1,-132
1767173043.8642385,-7,0,-128
1767173043.8742385,-7,0,-129
1767173043.8842382,-6,1,-130
1767173043.8942382,-3,0,-125
1767173043.9042382,1,0,-128
1767173043.9142382,2,0,-131
1767173043.9242382,-1,-6,-137
1767173043.9342382,-2,-7,-130
1767173043.9442382,-6,-7,-123
1767173043.9542382,-6,-5,-121
1767173043.9642382,-7,-5,-124
1767173043.9742382,-6,-3,-124
1767173043.984238,-4,0,-130
1767173043.994238,-2,-1,-134
1767173044.004238,-4,0,-135
1767173044.014238,-4,1,-132
1767173044.024238,-8,2,-128
1767173044.034238,-3,2,-125
1767173044.044238,-6,4,-118
1767173044.054238,-9,3,-124
1767173044.064238,-7,2,-126
1767173044.074238,-6,4,-131
1767173044.084238,-5,5,-128
1767173044.094238,1,11,-123
1767173044.1042385,3,8,-119
1767173044.1142385,1,5,-127
1767173044.1242385,0,6,-131
1767173044.1342382,-5,7,-129
1767173044.1442382,-2,3,-131
1767173044.1542382,-2,5,-129
1767173044.1642382,-2,3,-128
1767173044.1742382,0,0,-124
1767173044.1842382,-2,1,-128
1767173044.1942382,0,3,-134
1767173044.2042382,1,6,-137
1767173044.2142382,4,10,-137
1767173044.2242382,8,10,-139
1767173044.234238,8,12,-140
1767173044.244238,6,3,-139
1767173044.254238,8,1,-137
1767173044.264238,8,0,-136
1767173044.274238,9,0,-134
1767173044.284238,7,4,-135
1767173044.294238,1,3,-129
1767173044.304238,-1,1,-123
1767173044.314238,-2,-1,-128
1767173044.324238,-2,-3,-129
1767173044.334238,-1,-4,-128
1767173044.344238,0,-1,-130
1767173044.3542385,0,-3,-125
1767173044.3642385,0,-2,-126
1767173044.3742385,0,0,-122
1767173044.3842382,3,4,-116
1767173044.3942382,5,5,-121
1767173044.4042382,3,6,-121
1767173044.4142382,5,7,-122
1767173044.4242382,-1,7,-121
1767173044.4342382,-4,4,-122
1767173044.4442382,-3,3,-126
1767173044.4542382,-4,0,-129
1767173044.4642382,-1,1,-128
1767173044.4742382,2,1,-129
1767173044.484238,2,0,-126
1767173044.494238,0,0,-123
1767173044.504238,0,-1,-127
1767173044.514238,3,-5,-133
1767173044.524238,-1,-3,-128
1767173044.534238,-3,-5,-130
1767173044.544238,0,-4,-130
1767173044.554238,1,-2,-128
1767173044.564238,0,-1,-126
1767173044.574238,1,0,-128
1767173044.584238,0,-4,-131
1767173044.594238,-1,0,-124
1767173044.6042385,0,-2,-126
1767173044.6142385,0,-4,-131
1767173044.6242385,-1,-5,-135
1767173044.6342382,-2,-1,-137
1767173044.6442382,0,-2,-139
1767173044.6542382,-1,1,-139
1767173044.6642382,-2,0,-135
1767173044.6742382,0,0,-124
1767173044.6842382,4,0,-125
1767173044.6942382,5,-1,-131
1767173044.7042382,3,4,-134
1767173044.7142382,1,0,-133
1767173044.7242382,0,0,-133
1767173044.734238,1,1,-139
1767173044.744238,4,0,-137
1767173044.754238,1,-1,-138
1767173044.764238,-3,-2,-140
1767173044.774238,-2,-4,-130
1767173044.784238,0,0,-122
1767173044.794238,0,-1,-122
1767173044.804238,-2,-4,-125
1767173044.814238,-1,-6,-127
1767173044.824238,0,-5,-132
1767173044.834238,3,-4,-134
1767173044.844238,3,0,-131
1767173044.8542385,3,0,-135
1767173044.8752382,0,-1,-136
1767173044.8842382,3,0,-134
1767173044.8942382,4,-1,-138
1767173044.9042382,8,-3,-146
1767173044.9142382,3,-2,-143
1767173044.9242382,3,-4,-138
1767173044.9342382,-2,0,-132
1767173044.9442382,-4,0,-127
1767173044.9542382,-6,-1,-128
1767173044.9642382,0,-1,-124
1767173044.9742382,0,-4,-128
1767173044.984238,-1,-4,-126
1767173044.994238,-1,0,-129
1767173045.004238,-2,0,-127
1767173045.014238,-6,-2,-124
1767173045.024238,-5,-3,-123
1767173045.034238,-5,-3,-122
1767173045.044238,-4,-1,-121
1767173045.054238,-6,0,-121
1767173045.064238,-6,-1,-127
1767173045.074238,-3,-2,-131
1767173045.084238,-3,1,-132
1767173045.094238,-5,1,-137
1767173045.1042385,-2,0,-138
1767173045.1142385,2,0,-136
1767173045.1242385,2,5,-134
1767173045.1342382,4,3,-134
1767173045.1442382,3,2,-128
1767173045.1542382,2,2,-129
1767173045.1642382,-1,0,-135
1767173045.1742382,0,0,-130
1767173045.1842382,0,-4,-128
1767173045.1942382,-2,0,-127
1767173045.2042382,0,2,-125
1767173045.2142382,0,3,-122
1767173045.2242382,2,3,-118
1767173045.234238,3,2,-114
1767173045.244238,-2,0,-124
1767173045.254238,-2,-3,-123
1767173045.264238,1,-2,-121
1767173045.274238,-5,1,-128
1767173045.284238,-2,0,-136
1767173045.2952385,-3,-1,-137
1767173045.304238,-2,0,-143
1767173045.314238,-2,-2,-143
1767173045.3252382,1,-2,-135
1767173045.3352382,-4,-3,-135
1767173045.3452382,-7,-3,-136
1767173045.3552382,-9,-2,-136
1767173045.3652382,-8,-3,-137
1767173045.3752382,-7,-4,-133
1767173045.3852382,-7,-2,-127
1767173045.3952382,-3,2,-126
1767173045.4052382,-5,4,-128
1767173045.415238,-8,1,-125
1767173045.425238,-3,1,-125
1767173045.435238,0,3,-119
1767173045.445238,1,4,-125
1767173045.455238,0,2,-126
1767173045.465238,2,2,-124
1767173045.475238,0,5,-131
1767173045.485238,2,5,-123
1767173045.495238,1,0,-116
1767173045.505238,-2,-2,-116
1767173045.515238,-1,-1,-122
1767173045.525238,-2,0,-124
1767173045.5362382,0,-3,-124
1767173045.5452385,2,-5,-126
1767173045.5552382,3,-5,-129
1767173045.5652382,0,-4,-135
1767173045.5752382,0,-6,-133
1767173045.5852382,1,-7,-131
1767173045.5952382,3,-3,-133
1767173045.6052382,6,0,-131
1767173045.6152382,2,1,-133
1767173045.6252382,0,-1,-126
1767173045.6352382,1,-9,-130
1767173045.6452382,1,-7,-130
1767173045.6552382,3,-4,-126
1767173045.665238,0,0,-124
1767173045.675238,-1,0,-127
1767173045.685238,-3,0,-124
1767173045.695238,-1,2,-122
1767173045.705238,-3,0,-119
1767173045.715238,-3,0,-117
1767173045.725238,0,0,-115
1767173045.735238,1,0,-124
1767173045.745238,2,0,-128
1767173045.755238,0,2,-124
1767173045.765238,0,0,-124
1767173045.775238,0,1,-127
1767173045.7852385,-5,3,-133
1767173045.7952385,-1,-3,-135
1767173045.8052382,1,-2,-135
1767173045.8152382,0,2,-135
1767173045.8252382,-2,1,-135
1767173045.8352382,1,1,-133
1767173045.8452382,1,0,-138
1767173045.8552382,6,0,-146
1767173045.8652382,5,-2,-142
1767173045.8752382,6,-5,-139
1767173045.8852382,6,-4,-133
1767173045.8952382,3,-12,-136
1767173045.9052382,1,-7,-136
1767173045.915238,0,-6,-139
1767173045.925238,0,-7,-138
1767173045.935238,1,-5,-140
1767173045.945238,1,-5,-133
1767173045.955238,-2,-5,-132
1767173045.965238,-2,-2,-129
1767173045.975238,-1,-1,-125
1767173045.985238,0,-4,-128
1767173045.995238,-2,0,-127
1767173046.005238,3,2,-128
1767173046.015238,0,1,-129
1767173046.025238,-1,-6,-128
1767173046.0352385,-2,-3,-130
1767173046.0452385,-5,-5,-133
1767173046.0552382,-1,0,-136
1767173046.0652382,-2,-4,-132
1767173046.0752382,-3,-8,-125
1767173046.0852382,0,-9,-124
1767173046.0952382,6,-10,-125
1767173046.1052382,8,-5,-130
1767173046.1152382,5,-4,-139
1767173046.1252382,6,0,-137
1767173046.1352382,7,0,-135
1767173046.1452382,2,-2,-135
1767173046.1552382,-1,0,-132
1767173046.165238,4,-1,-137
1767173046.175238,1,-1,-132
1767173046.185238,0,1,-131
1767173046.195238,-3,3,-130
1767173046.205238,-4,4,-124
1767173046.215238,-2,0,-124
1767173046.225238,-6,0,-125
1767173046.235238,-4,-2,-123
1767173046.245238,-4,-1,-119
1767173046.255238,-2,-4,-122
1767173046.265238,-1,-4,-131
1767173046.275238,-2,-4,-135
1767173046.2852385,-2,-5,-128
1767173046.2952385,-4,0,-127
1767173046.3052382,-5,2,-135
1767173046.3152382,-1,0,-131
1767173046.3252382,-3,2,-126
1767173046.3352382,-3,5,-124
1767173046.3452382,-3,2,-118
1767173046.3552382,0,2,-124
1767173046.3652382,-2,-1,-129
1767173046.3752382,-2,-3,-126
1767173046.3852382,0,-1,-129
1767173046.3952382,-2,0,-126
1767173046.4052382,-2,0,-124
1767173046.415238,-1,-2,-124
1767173046.425238,-1,0,-129
1767173046.435238,0,0,-128
1767173046.445238,2,-3,-122
1767173046.455238,0,-6,-120
1767173046.465238,3,-3,-124
1767173046.475238,5,-5,-129
1767173046.485238,5,-5,-129
1767173046.495238,0,-8,-125
1767173046.505238,0,-6,-136
1767173046.515238,1,-3,-141
1767173046.525238,-1,-5,-144
1767173046.5352385,-1,-4,-142
1767173046.5452385,0,-3,-141
1767173046.5552382,-5,-1,-142
1767173046.5652382,-5,0,-142
1767173046.5752382,-7,-4,-138
1767173046.5852382,-6,-6,-139
1767173046.5952382,-4,-8,-135
1767173046.6052382,-2,-4,-133
1767173046.6152382,-3,-2,-133
1767173046.6252382,-7,0,-132
1767173046.6352382,-11,-3,-125
1767173046.6452382,-9,1,-129
1767173046.6552382,-13,2,-126
1767173046.665238,-11,4,-120
1767173046.675238,-7,2,-120
1767173046.685238,-1,2,-123
1767173046.695238,2,2,-127
1767173046.705238,6,-1,-121
1767173046.715238,7,-5,-126
1767173046.725238,5,-2,-128
1767173046.735238,3,-1,-129
1767173046.745238,0,-2,-125
1767173046.755238,1,0,-129
1767173046.765238,2,0,-125
1767173046.775238,1,1,-124
1767173046.7852385,-2,2,-129
1767173046.7952385,2,-1,-131
1767173046.8052382,0,-3,-132
1767173046.8152382,0,-8,-137
1767173046.8252382,-1,-6,-131
1767173046.8352382,-1,-6,-123
1767173046.8452382,-1,-9,-123
1767173046.8552382,-4,0,-121
1767173046.8652382,-2,0,-122
1767173046.8752382,2,0,-129
1767173046.8852382,-1,0,-135
1767173046.8952382,0,0,-131
1767173046.9052382,0,0,-125
1767173046.915238,-7,4,-117
1767173046.925238,-6,4,-117
1767173046.935238,-7,2,-125
1767173046.945238,0,0,-127
1767173046.955238,0,-1,-122
1767173046.965238,2,0,-121
1767173046.975238,7,2,-123
1767173046.985238,6,5,-125
1767173046.995238,3,5,-124
1767173047.005238,4,7,-127
1767173047.015238,5,9,-121
1767173047.025238,4,6,-130
1767173047.0352385,3,4,-122
1767173047.0452385,5,5,-119
1767173047.0552382,0,2,-125
1767173047.0652382,-5,0,-124
1767173047.0752382,-6,-1,-127
1767173047.0852382,-6,0,-124
1767173047.0952382,-10,-2,-130
1767173047.1052382,-9,-4,-136
1767173047.1152382,-5,-8,-138
1767173047.1252382,-3,-4,-135
1767173047.1352382,-2,-1,-135
1767173047.1452382,0,-3,-133
1767173047.1552382,1,0,-132
1767173047.165238,-3,4,-131
1767173047.175238,-1,5,-132
1767173047.185238,1,3,-124
1767173047.195238,-2,1,-124
1767173047.205238,-3,0,-127
1767173047.215238,-8,-6,-131
1767173047.225238,-11,-5,-123
1767173047.235238,-11,-6,-125
1767173047.245238,-11,-4,-133
1767173047.255238,-6,-1,-135
1767173047.265238,-3,-1,-130
1767173047.275238,-3,-1,-129
1767173047.2852385,-5,-1,-124
1767173047.2952385,-4,-1,-120
1767173047.3052382,-4,0,-125
1767173047.3152382,-1,-4,-121
1767173047.3252382,-1,-5,-126
1767173047.3352382,-5,-4,-121
1767173047.3452382,-9,-2,-115
1767173047.3552382,-5,1,-115
1767173047.3652382,-5,1,-118
1767173047.3752382,-6,0,-123
1767173047.3852382,-4,-1,-126
1767173047.3952382,-4,0,-127
1767173047.4052382,-8,-4,-130
1767173047.415238,-7,-3,-133
1767173047.425238,-13,0,-134
1767173047.435238,-10,-2,-135
1767173047.445238,-4,2,-132
1767173047.455238,-1,1,-131
1767173047.465238,0,-1,-136
1767173047.475238,-1,-2,-143
1767173047.485238,-2,-3,-143
1767173047.495238,-2,-1,-140
1767173047.505238,-3,-3,-136
1767173047.515238,-1,-4,-136
1767173047.525238,-1,-4,-133
1767173047.5352385,-3,-6,-129
1767173047.5452385,-1,-6,-123
1767173047.5552382,-1,-3,-116
1767173047.5652382,-2,-4,-112
1767173047.5752382,0,-1,-116
1767173047.5852382,1,2,-115
1767173047.5952382,3,0,-117
1767173047.6052382,3,0,-119
1767173047.6152382,3,-3,-121
1767173047.6252382,1,-2,-123
1767173047.6352382,-2,0,-126
1767173047.6452382,-3,3,-124
1767173047.6552382,-8,6,-125
1767173047.665238,-8,2,-131
1767173047.675238,-4,5,-130
1767173047.685238,2,2,-125
1767173047.695238,0,-5,-115
1767173047.705238,1,-7,-122
1767173047.715238,-2,-3,-128
1767173047.725238,-3,0,-130
1767173047.735238,-2,1,-134
1767173047.745238,-7,2,-132
1767173047.755238,-8,3,-128
1767173047.765238,-7,3,-125
1767173047.775238,-6,5,-132
1767173047.7852385,-6,4,-132
1767173047.7952385,-7,2,-133
1767173047.8052382,-11,1,-133
1767173047.8152382,-8,1,-126
1767173047.8252382,-3,0,-123
1767173047.8352382,0,0,-127
1767173047.8452382,-2,1,-134
1767173047.8552382,-6,0,-133
1767173047.8652382,-11,2,-131
1767173047.8752382,-5,0,-132
1767173047.886238,-4,2,-127
1767173047.8952382,-4,3,-126
1767173047.9052382,-9,2,-123
1767173047.915238,-3,1,-124
1767173047.926238,-2,3,-123
1767173047.936238,-1,2,-123
1767173047.946238,-1,-1,-120
1767173047.9562385,1,-2,-124
1767173047.9662385,0,-2,-125
1767173047.9762385,-3,-1,-126
1767173047.9862382,0,1,-127
1767173047.9962382,-4,2,-131
1767173048.0062382,-5,-2,-128
1767173048.0162382,-5,-6,-130
1767173048.0262382,-4,-6,-127
1767173048.0362382,-3,-9,-133
1767173048.0462382,-2,-8,-133
1767173048.0562382,-3,-6,-130
1767173048.0662382,-3,-5,-125
1767173048.0762382,0,-4,-129
1767173048.086238,-1,-4,-126
1767173048.096238,0,-5,-125
1767173048.106238,0,-5,-130
1767173048.116238,0,-4,-125
1767173048.126238,-5,-7,-123
1767173048.136238,-2,-6,-122
1767173048.146238,-2,-1,-123
1767173048.156238,-5,-2,-134
1767173048.166238,-2,-3,-133
1767173048.176238,-3,-2,-129
1767173048.186238,-1,-3,-130
1767173048.196238,0,-3,-132
1767173048.2062385,-2,-3,-135
1767173048.2162385,-2,-2,-139
1767173048.2262385,0,-3,-133
1767173048.2362382,0,0,-127
1767173048.2462382,0,1,-130
1767173048.2562382,-1,2,-130
1767173048.2662382,-5,0,-126
1767173048.2762382,-7,-3,-115
1767173048.2862382,-1,-4,-119
1767173048.2962382,-1,-3,-125
1767173048.3062382,-1,-1,-137
1767173048.3162382,-5,-1,-137
1767173048.3262382,5,0,-132
1767173048.336238,1,-1,-131
1767173048.346238,-1,0,-131
1767173048.356238,-1,0,-132
1767173048.366238,-6,0,-124
1767173048.376238,-7,3,-129
1767173048.386238,-8,2,-130
1767173048.396238,-8,0,-141
1767173048.406238,-5,-3,-134
1767173048.416238,0,-1,-130
1767173048.426238,4,-2,-129
1767173048.436238,6,-1,-131
1767173048.446238,8,-3,-131
1767173048.4562385,6,-2,-137
1767173048.4662385,7,-2,-135
1767173048.4762385,8,-5,-133
1767173048.4862382,5,-5,-132
1767173048.4962382,8,-5,-132
1767173048.5062382,3,-2,-130
1767173048.5162382,1,-3,-135
1767173048.5262382,2,-1,-126
1767173048.5362382,4,-2,-127
1767173048.5462382,3,-4,-128
1767173048.5562382,1,-3,-132
1767173048.5662382,3,0,-131
1767173048.5762382,2,5,-136
1767173048.586238,3,6,-133
1767173048.596238,3,1,-132
1767173048.606238,3,-1,-130
1767173048.616238,4,-2,-132
1767173048.626238,3,-1,-131
1767173048.636238,0,-3,-128
1767173048.646238,2,0,-126
1767173048.656238,2,2,-131
1767173048.666238,4,5,-134
1767173048.676238,3,6,-137
1767173048.686238,0,2,-132
1767173048.696238,2,0,-128
1767173048.7062385,0,-1,-130
1767173048.7162385,0,0,-134
1767173048.7262385,-2,-2,-133
1767173048.7362382,-3,-4,-139
1767173048.7462382,-3,-3,-138
1767173048.7562382,-2,-4,-143
1767173048.7662382,-5,-4,-142
1767173048.7762382,-2,-1,-137
1767173048.7862382,0,0,-130
1767173048.7962382,1,3,-126
1767173048.8062382,-2,0,-131
1767173048.8162382,0,2,-126
1767173048.8262382,-2,-2,-125
1767173048.836238,-5,-2,-131
1767173048.846238,-5,0,-138
1767173048.856238,-5,-2,-135
1767173048.866238,0,-4,-133
1767173048.876238,0,-5,-126
1767173048.886238,-1,-4,-123
1767173048.896238,1,-4,-122
1767173048.906238,1,0,-123
1767173048.916238,1,0,-127
1767173048.926238,2,0,-129
1767173048.936238,3,2,-131
1767173048.946238,1,3,-136
1767173048.9562385,-4,0,-137
1767173048.9662385,-5,-2,-143
1767173048.9762385,-2,0,-138
1767173048.9862382,0,-1,-136
1767173048.9962382,0,-3,-134
1767173049.0062382,1,-3,-135
1767173049.0162382,0,-1,-135
1767173049.0262382,-3,-4,-133
1767173049.0362382,-1,-7,-131
1767173049.0462382,0,-6,-126
1767173049.0562382,0,-3,-127
1767173049.0662382,6,-6,-130
1767173049.0762382,4,-5,-122
1767173049.086238,2,-6,-121
1767173049.096238,4,-4,-122
1767173049.106238,3,-9,-126
1767173049.116238,7,-8,-131
1767173049.126238,3,-6,-136
1767173049.136238,3,-2,-131
1767173049.146238,5,0,-131
1767173049.156238,9,1,-133
1767173049.166238,6,2,-134
1767173049.176238,4,0,-129
1767173049.186238,3,1,-130
1767173049.196238,4,-1,-128
1767173049.2062385,0,0,-126
1767173049.2162385,0,-5,-121
1767173049.2262385,0,-4,-125
1767173049.2362382,-4,-2,-126
1767173049.2462382,-6,-2,-125
1767173049.2562382,-2,0,-120
1767173049.2662382,2,0,-118
1767173049.2762382,0,1,-121
1767173049.2862382,-5,0,-125
1767173049.2962382,-4,0,-124
1767173049.3062382,-1,0,-131
1767173049.3162382,-1,1,-134
1767173049.3262382,0,0,-135
1767173049.336238,0,-1,-141
1767173049.346238,1,0,-143
1767173049.356238,1,0,-143
1767173049.366238,-2,1,-144
1767173049.376238,-2,0,-144
1767173049.386238,-3,1,-143
1767173049.396238,-4,4,-142
1767173049.406238,-3,1,-137
1767173049.416238,-2,-1,-130
1767173049.426238,-1,0,-132
1767173049.436238,0,-5,-136
1767173049.446238,1,0,-140
1767173049.4562385,5,0,-131
1767173049.4662385,0,-4,-131
1767173049.4762385,0,-7,-138
1767173049.4862382,0,-6,-132
1767173049.4962382,5,-8,-132
1767173049.5062382,5,-7,-129
1767173049.5162382,2,-5,-133
1767173049.5262382,0,-1,-134
1767173049.5362382,2,-2,-127
1767173049.5462382,-1,-6,-130
1767173049.5562382,-1,-3,-126
1767173049.5662382,0,-2,-120
1767173049.5762382,0,-3,-121
1767173049.586238,-10,-4,-124
1767173049.596238,-10,0,-130
1767173049.606238,-6,-1,-128
1767173049.616238,-1,-2,-120
1767173049.626238,0,-3,-125
1767173049.636238,2,-7,-125
1767173049.646238,0,-5,-125
1767173049.656238,-1,0,-123
1767173049.666238,-3,-4,-122
1767173049.676238,-4,-1,-130
1767173049.686238,-2,4,-137
1767173049.696238,-6,3,-136
1767173049.7062385,-2,0,-123
1767173049.7162385,-1,-2,-126
1767173049.7262385,0,-3,-126
1767173049.7362382,2,1,-126
1767173049.7462382,6,-2,-123
1767173049.7562382,7,-1,-123
1767173049.7662382,6,0,-127
1767173049.7762382,7,-1,-134
1767173049.7862382,4,-3,-132
1767173049.7962382,3,-2,-134
1767173049.8062382,0,-3,-131
1767173049.8162382,-4,-2,-133
1767173049.8262382,-4,-6,-128
1767173049.837238,-4,-2,-127
1767173049.846238,0,0,-130
1767173049.856238,0,-1,-134
1767173049.866238,-3,-2,-131
1767173049.8882382,-5,-5,-128
1767173049.896238,-4,-6,-133
1767173049.906238,-2,-5,-131
1767173049.916238,-3,-3,-131
1767173049.926238,-6,0,-138
1767173049.936238,-3,3,-136
1767173049.946238,-4,2,-131
1767173049.9562385,-6,1,-126
1767173049.9662385,-4,1,-121
1767173049.9762385,-3,-3,-123
1767173049.9862382,-1,-2,-124
1767173049.9962382,1,0,-124
1767173050.0062382,4,7,-129
1767173050.0162382,3,6,-121
1767173050.0262382,1,2,-116
1767173050.0362382,-2,-1,-115
1767173050.0462382,-3,-2,-124
1767173050.0562382,-1,-2,-133
1767173050.0662382,1,-2,-139
1767173050.0762382,2,1,-134
1767173050.086238,0,1,-141
1767173050.096238,4,2,-132
1767173050.106238,6,1,-124
1767173050.116238,5,0,-123
1767173050.126238,2,5,-113
1767173050.136238,0,5,-116
1767173050.146238,-2,9,-119
1767173050.156238,-4,10,-124
1767173050.166238,-6,7,-121
1767173050.176238,-1,2,-128
1767173050.186238,-3,1,-120
1767173050.196238,-4,-1,-118
1767173050.2062385,-2,0,-122
1767173050.2162385,-4,0,-122
1767173050.2262385,-1,-2,-120
1767173050.2362382,0,0,-122
1767173050.2462382,1,-3,-127
1767173050.2562382,1,0,-130
1767173050.2662382,0,5,-129
1767173050.2762382,0,3,-122
1767173050.2862382,0,-1,-125
1767173050.2962382,-1,-3,-126
1767173050.3062382,2,-4,-120
1767173050.3162382,-1,0,-115
1767173050.3262382,0,-3,-121
1767173050.336238,1,-5,-124
1767173050.346238,3,-6,-123
1767173050.356238,2,-6,-126
1767173050.366238,3,-8,-123
1767173050.376238,2,-7,-117
1767173050.386238,3,-8,-124
1767173050.396238,1,-7,-120
1767173050.406238,1,-6,-123
1767173050.416238,0,-4,-127
1767173050.426238,1,-2,-131
1767173050.436238,3,-1,-131
1767173050.446238,3,1,-127
1767173050.4562385,5,2,-126
1767173050.4662385,3,2,-133
1767173050.4762385,7,0,-141
1767173050.4862382,6,0,-135
1767173050.4962382,5,3,-128
1767173050.5062382,1,4,-126
1767173050.5162382,4,4,-131
1767173050.5262382,0,8,-133
1767173050.5362382,-1,8,-135
1767173050.5462382,1,5,-135
1767173050.5562382,3,2,-141
1767173050.567238,3,0,-139
1767173050.577238,5,1,-137
1767173050.587238,3,1,-136
1767173050.597238,3,0,-143
1767173050.607238,5,-2,-136
1767173050.617238,2,-1,-135
1767173050.627238,0,-7,-137
1767173050.6372385,-3,-4,-138
1767173050.6472385,-2,-2,-128
1767173050.6572382,-3,1,-127
1767173050.6672382,-4,2,-121
1767173050.6772382,-6,0,-121
1767173050.6872382,-6,-3,-121
1767173050.6972382,-5,-3,-121
1767173050.7072382,-4,-2,-124
1767173050.7172382,-2,-4,-132
1767173050.7272382,-1,-4,-133
1767173050.7372382,-3,2,-133
1767173050.7472382,-2,0,-131
1767173050.757238,-4,0,-130
1767173050.767238,-5,-4,-134
1767173050.777238,-6,-6,-126
1767173050.787238,-5,-7,-124
1767173050.797238,-6,-6,-130
1767173050.807238,-4,-6,-132
1767173050.817238,-4,-7,-134
1767173050.827238,-1,-6,-143
1767173050.837238,0,-4,-135
1767173050.847238,-1,-4,-132
1767173050.857238,-1,-1,-135
1767173050.867238,-2,1,-141
1767173050.877238,-5,0,-143
1767173050.8872385,-3,0,-140
1767173050.8972385,-2,3,-139
1767173050.9072382,0,3,-143
1767173050.9172382,-2,3,-139
1767173050.9272382,3,0,-139
1767173050.9372382,6,0,-137
1767173050.9472382,7,0,-139
1767173050.9572382,3,-2,-135
1767173050.9672382,4,-3,-138
1767173050.9772382,5,1,-140
1767173050.9872382,4,2,-133
1767173050.9972382,7,2,-131
1767173051.007238,7,0,-132
1767173051.017238,2,-1,-132
1767173051.027238,2,-3,-135
1767173051.037238,1,-3,-137
1767173051.047238,4,-5,-140
1767173051.057238,7,-6,-139
1767173051.067238,3,-6,-136
1767173051.077238,2,-8,-134
1767173051.087238,3,-6,-132
1767173051.097238,0,-4,-127
1767173051.107238,-1,-1,-128
1767173051.117238,-4,1,-122
1767173051.127238,-4,3,-123
1767173051.1372385,0,2,-128
1767173051.1472385,-3,7,-130
1767173051.1572382,-7,6,-133
1767173051.1672382,-6,5,-127
1767173051.1772382,0,4,-132
1767173051.1872382,2,6,-135
1767173051.1972382,6,5,-134
1767173051.2072382,1,2,-129
1767173051.2172382,0,1,-134
1767173051.2272382,0,1,-133
1767173051.2372382,2,-1,-129
1767173051.2472382,2,-2,-124
1767173051.257238,2,0,-123
1767173051.267238,0,0,-126
1767173051.277238,0,1,-126
1767173051.287238,0,-1,-122
1767173051.297238,1,1,-124
1767173051.307238,0,3,-123
1767173051.317238,0,6,-125
1767173051.327238,2,4,-127
1767173051.337238,3,3,-125
1767173051.347238,0,2,-121
1767173051.357238,1,-3,-123
1767173051.367238,3,-2,-127
1767173051.377238,3,-2,-127
1767173051.3872385,-1,-5,-126
1767173051.3972385,0,-2,-129
1767173051.4072382,0,0,-126
1767173051.4172382,0,1,-125
1767173051.4272382,1,-1,-129
1767173051.4372382,-1,-1,-132
1767173051.4472382,-6,-3,-131
1767173051.4572382,-4,-7,-132
1767173051.4672382,-6,-8,-133
1767173051.4772382,-7,-5,-136
1767173051.4872382,-4,0,-137
1767173051.4972382,0,4,-133
1767173051.507238,-1,1,-128
1767173051.517238,-2,0,-135
1767173051.527238,-3,2,-139
1767173051.537238,0,0,-138
1767173051.547238,0,-2,-133
1767173051.557238,3,-3,-138
1767173051.567238,3,-3,-137
1767173051.577238,3,-3,-133
1767173051.587238,0,-7,-142
1767173051.597238,-6,0,-147
1767173051.607238,-2,0,-146
1767173051.617238,-4,0,-149
1767173051.627238,-2,0,-148
1767173051.6372385,-4,0,-145
1767173051.6472385,-3,-2,-143
1767173051.6572382,-6,-3,-143
1767173051.6672382,-7,-4,-146
1767173051.6772382,-9,-6,-146
1767173051.6872382,-5,-1,-142
1767173051.6972382,-9,-4,-136
1767173051.7072382,-11,-2,-135
1767173051.7172382,-10,-1,-136
1767173051.7272382,-8,-1,-130
1767173051.7372382,-6,0,-126
1767173051.7472382,-5,-1,-125
1767173051.757238,0,-3,-124
1767173051.767238,0,-4,-124
1767173051.777238,0,-4,-123
1767173051.787238,0,-4,-126
1767173051.797238,-2,0,-133
1767173051.807238,-2,0,-127
1767173051.817238,0,-2,-124
1767173051.827238,-3,0,-119
1767173051.837238,0,-1,-125
1767173051.847238,0,-1,-127
1767173051.857238,-4,-1,-129
1767173051.867238,-7,0,-131
1767173051.877238,-5,2,-132
1767173051.8872385,-7,4,-126
1767173051.8972385,-10,0,-127
1767173051.9072382,-11,1,-125
1767173051.9172382,-9,2,-131
1767173051.9272382,-4,0,-137
1767173051.9372382,0,0,-145
1767173051.9472382,3,-1,-142
1767173051.9572382,2,-2,-140
1767173051.9672382,2,-5,-139
1767173051.9772382,3,-6,-123
1767173051.9872382,0,-5,-122
1767173051.9972382,0,-6,-125
1767173052.007238,-3,-3,-128
1767173052.017238,-2,-3,-125
1767173052.027238,-2,-3,-125
1767173052.037238,-4,-4,-124
1767173052.047238,-5,-3,-125
1767173052.057238,0,-2,-128
1767173052.067238,2,-3,-126
1767173052.077238,2,-5,-130
1767173052.087238,3,-1,-129
1767173052.097238,4,0,-135
1767173052.107238,2,-1,-135
1767173052.117238,0,-4,-131
1767173052.127238,-6,-3,-135
1767173052.1372385,-9,0,-136
1767173052.1472385,-7,0,-136
1767173052.1572382,-4,-2,-133
1767173052.1672382,-1,1,-134
1767173052.1772382,2,2,-137
1767173052.1872382,9,2,-137
1767173052.1972382,12,4,-138
1767173052.2072382,11,7,-136
1767173052.2172382,11,8,-134
1767173052.2272382,5,3,-139
1767173052.2372382,0,2,-132
1767173052.2472382,1,3,-131
1767173052.257238,0,6,-126
1767173052.267238,0,9,-123
1767173052.277238,-2,6,-123
1767173052.287238,0,8,-126
1767173052.297238,0,8,-129
1767173052.307238,1,8,-124
1767173052.317238,5,5,-131
1767173052.327238,7,2,-131
1767173052.337238,4,0,-128
1767173052.347238,1,-5,-127
1767173052.357238,2,-4,-127
1767173052.367238,6,-4,-128
1767173052.377238,4,-6,-129
1767173052.3872385,7,-5,-140
1767173052.3972385,5,-2,-137
1767173052.4072382,3,-1,-130
1767173052.4172382,3,0,-128
1767173052.4272382,0,1,-133
1767173052.4372382,0,0,-128
1767173052.4472382,3,-1,-124
1767173052.4572382,4,-1,-124
1767173052.4672382,6,0,-122
1767173052.4772382,3,1,-125
1767173052.4872382,1,3,-125
1767173052.4972382,3,4,-130
1767173052.507238,5,5,-132
1767173052.517238,5,5,-134
1767173052.527238,0,3,-128
1767173052.537238,0,4,-130
1767173052.547238,-2,0,-127
1767173052.557238,-6,0,-130
1767173052.567238,0,4,-135
1767173052.577238,0,0,-136
1767173052.587238,0,-1,-130
1767173052.597238,-3,0,-132
1767173052.607238,-4,0,-124
1767173052.617238,-5,0,-130
1767173052.627238,-7,0,-124
1767173052.6372385,-8,-4,-123
1767173052.6472385,-8,-2,-125
1767173052.6572382,-6,-3,-127
1767173052.6672382,-5,-1,-128
1767173052.6772382,-3,0,-129
1767173052.6872382,-2,-2,-130
1767173052.6972382,-5,-4,-129
1767173052.7072382,-8,-1,-133
1767173052.7172382,-6,-3,-129
1767173052.7272382,-1,0,-128
1767173052.7372382,0,-2,-128
1767173052.7472382,0,0,-124
1767173052.757238,0,0,-129
1767173052.767238,0,0,-138
1767173052.777238,0,2,-138
1767173052.787238,0,2,-139
1767173052.797238,-1,4,-138
1767173052.807238,-2,5,-130
1767173052.817238,1,7,-133
1767173052.827238,3,4,-132
1767173052.837238,4,7,-132
1767173052.847238,2,8,-134
1767173052.857238,3,8,-129
1767173052.867238,3,5,-130
1767173052.877238,3,5,-123
1767173052.8872385,5,3,-116
1767173052.8972385,3,8,-118
1767173052.9072382,1,4,-121
1767173052.9172382,0,5,-126
1767173052.9272382,0,8,-124
1767173052.9372382,4,9,-124
1767173052.9472382,3,10,-123
1767173052.9572382,1,8,-126
1767173052.9672382,0,7,-124
1767173052.9772382,-1,5,-123
1767173052.9872382,-1,0,-126
1767173052.9972382,-1,2,-130
1767173053.007238,0,2,-131
1767173053.017238,4,0,-130
1767173053.027238,2,0,-134
1767173053.037238,1,4,-130
1767173053.047238,1,4,-131
1767173053.057238,1,3,-129
1767173053.067238,0,0,-128
1767173053.077238,2,2,-123
1767173053.087238,3,-1,-122
1767173053.097238,4,1,-125
1767173053.107238,1,0,-124
1767173053.117238,1,0,-130
1767173053.127238,2,1,-136
1767173053.1382382,1,-2,-139
1767173053.1482382,-1,-1,-139
1767173053.1572382,-1,0,-144
1767173053.1682382,-2,-4,-151
1767173053.1782382,-2,1,-147
1767173053.188238,1,0,-138
1767173053.198238,0,-1,-127
1767173053.208238,-1,-2,-132
1767173053.218238,-2,-1,-139
1767173053.228238,0,0,-138
1767173053.238238,0,1,-145
1767173053.248238,-2,2,-145
1767173053.258238,-2,2,-142
1767173053.268238,-3,5,-136
1767173053.278238,-2,6,-134
1767173053.288238,0,2,-138
1767173053.298238,-3,-2,-136
1767173053.3082385,0,-1,-139
1767173053.3182385,0,-1,-137
1767173053.3282382,3,-3,-144
1767173053.3382382,3,-4,-137
1767173053.3482382,4,-4,-131
1767173053.3582382,4,-1,-127
1767173053.3682382,3,-1,-125
1767173053.3782382,7,-4,-132
1767173053.3882382,6,-3,-131
1767173053.3982382,7,-7,-133
1767173053.4082382,4,-8,-134
1767173053.4182382,1,-7,-150
1767173053.4282382,-1,-6,-152
1767173053.438238,-2,-8,-150
1767173053.448238,-4,-7,-146
1767173053.458238,0,-4,-141
1767173053.468238,-5,-2,-134
1767173053.478238,-5,-5,-136
1767173053.488238,-8,-6,-131
1767173053.498238,-6,-7,-124
1767173053.508238,-4,-4,-120
1767173053.518238,-4,-7,-124
1767173053.528238,0,-4,-115
1767173053.538238,-1,-3,-118
1767173053.548238,2,-4,-118
1767173053.5582385,2,-6,-127
1767173053.5682385,-2,-2,-132
1767173053.5782382,4,-1,-128
1767173053.5882382,7,-1,-128
1767173053.5982382,2,-1,-133
1767173053.6082382,5,-2,-133
1767173053.6182382,7,-1,-131
1767173053.6282382,3,2,-131
1767173053.6382382,-1,3,-135
1767173053.6482382,0,4,-138
1767173053.6582382,-3,5,-136
1767173053.6682382,-6,4,-138
1767173053.6782382,-4,4,-130
1767173053.688238,-4,5,-127
1767173053.698238,-1,4,-128
1767173053.708238,-5,1,-127
1767173053.718238,-7,0,-126
1767173053.728238,-6,-1,-130
1767173053.738238,-4,-3,-133
1767173053.748238,-3,-4,-135
1767173053.758238,0,-2,-135
1767173053.768238,0,0,-131
1767173053.778238,0,-1,-130
1767173053.788238,0,-1,-133
1767173053.798238,-3,-1,-133
1767173053.8082385,0,1,-142
1767173053.8182385,-3,1,-139
1767173053.8282382,-4,-3,-141
1767173053.8382382,-7,-1,-137
1767173053.8482382,-9,-1,-133
1767173053.8582382,-2,0,-127
1767173053.8682382,0,0,-123
1767173053.8782382,7,1,-128
1767173053.8882382,8,0,-130
1767173053.8982382,9,0,-131
1767173053.9082382,5,0,-131
1767173053.9182382,8,0,-124
1767173053.9282382,8,-2,-127
1767173053.938238,7,-2,-124
1767173053.948238,8,-1,-125
1767173053.958238,6,-3,-128
1767173053.968238,6,-1,-127
1767173053.978238,7,-6,-125
1767173053.988238,6,-4,-122
1767173053.998238,6,-8,-127
1767173054.008238,8,-10,-133
1767173054.018238,7,-9,-132
1767173054.028238,6,-1,-131
1767173054.038238,6,-2,-125
1767173054.048238,6,-3,-128
1767173054.0582385,0,-1,-124
1767173054.0682385,-1,-3,-122
1767173054.0782382,-3,0,-129
1767173054.0882382,-11,-4,-132
1767173054.0982382,-8,-5,-132
1767173054.1082382,-7,-4,-132
1767173054.1182382,-6,-1,-129
1767173054.1282382,-6,0,-134
1767173054.1382382,-4,0,-136
1767173054.1482382,-2,-2,-141
1767173054.1582382,-2,0,-140
1767173054.1682382,-9,1,-139
1767173054.1782382,-5,2,-140
1767173054.188238,-7,4,-135
1767173054.198238,-7,3,-132
1767173054.208238,-5,-1,-131
1767173054.218238,-2,3,-131
1767173054.228238,-4,2,-134
1767173054.238238,-6,1,-136
1767173054.248238,-4,2,-138
1767173054.258238,-4,3,-141
1767173054.268238,-5,5,-137
1767173054.278238,-7,7,-133
1767173054.288238,-7,7,-132
1767173054.298238,-6,3,-131
1767173054.3082385,-3,1,-132
1767173054.3182385,-1,-2,-128
1767173054.3282382,2,-4,-131
1767173054.3382382,2,1,-131
1767173054.3482382,2,2,-132
1767173054.3582382,2,1,-136
1767173054.3682382,2,0,-135
1767173054.3782382,-1,2,-138
1767173054.3882382,0,3,-139
1767173054.3982382,1,1,-135
1767173054.4082382,0,0,-135
1767173054.4182382,-2,3,-135
1767173054.4282382,-1,4,-142
1767173054.438238,-2,-2,-146
1767173054.448238,2,-5,-151
1767173054.458238,0,-5,-147
1767173054.468238,3,-5,-136
1767173054.478238,1,-1,-131
1767173054.488238,1,0,-131
1767173054.498238,0,0,-130
1767173054.508238,-2,-3,-131
1767173054.518238,0,-2,-126
1767173054.528238,2,-4,-126
1767173054.538238,5,0,-126
1767173054.548238,2,0,-129
1767173054.5582385,0,0,-127
1767173054.5682385,-1,-1,-149
1767173054.5782382,0,-3,-152
1767173054.5882382,-1,-4,-148
1767173054.5982382,-2,-6,-139
1767173054.6082382,1,-8,-136
1767173054.6182382,3,-5,-130
1767173054.6282382,8,-3,-124
1767173054.6382382,12,-1,-125
1767173054.6482382,7,0,-129
1767173054.6582382,6,3,-128
1767173054.6682382,5,3,-130
1767173054.6782382,1,6,-126
1767173054.688238,0,4,-135
1767173054.698238,-2,2,-132
1767173054.708238,0,4,-134
1767173054.718238,1,-1,-140
1767173054.728238,1,-6,-144
1767173054.738238,2,-5,-147
1767173054.748238,0,-2,-144
1767173054.758238,-2,-2,-142
1767173054.768238,-3,-1,-140
1767173054.778238,-7,0,-137
1767173054.788238,-5,-3,-133
1767173054.798238,-3,-6,-127
1767173054.8082385,0,-10,-125
1767173054.8182385,1,-10,-126
1767173054.8282382,-1,-9,-126
1767173054.8382382,-1,-6,-138
1767173054.8482382,-5,-7,-136
1767173054.8582382,-5,-5,-142
1767173054.8682382,-6,-8,-144
1767173054.8782382,-4,-6,-139
1767173054.899238,2,-4,-128
1767173054.9082382,-2,-2,-132
1767173054.9182382,0,-2,-129
1767173054.9282382,0,-2,-119
1767173054.938238,0,0,-125
1767173054.948238,-2,0,-123
1767173054.958238,-6,2,-132
1767173054.968238,-6,1,-130
1767173054.978238,-5,1,-130
1767173054.988238,-5,3,-141
1767173054.998238,-6,3,-138
1767173055.008238,-7,2,-134
1767173055.018238,-11,7,-134
1767173055.028238,-7,6,-123
1767173055.038238,-9,4,-127
1767173055.048238,-8,3,-125
1767173055.0582385,-5,-4,-124
1767173055.0682385,-6,-2,-123
1767173055.0782382,-1,0,-127
1767173055.0882382,-1,1,-127
1767173055.0982382,-4,-1,-129
1767173055.1082382,-3,-1,-129
1767173055.1182382,-7,4,-132
1767173055.1282382,-8,5,-132
1767173055.1382382,-8,6,-128
1767173055.1482382,-7,7,-125
1767173055.1582382,-7,8,-124
1767173055.1682382,0,4,-117
1767173055.1782382,-1,3,-118
1767173055.188238,-1,4,-120
1767173055.198238,3,5,-118
1767173055.208238,0,1,-123
1767173055.218238,0,0,-120
1767173055.228238,0,-1,-112
1767173055.238238,-1,-3,-118
1767173055.248238,-1,-2,-115
1767173055.258238,0,-2,-121
1767173055.268238,4,4,-122
1767173055.278238,7,3,-123
1767173055.288238,6,3,-125
1767173055.298238,10,1,-131
1767173055.3082385,8,5,-126
1767173055.3182385,10,4,-133
1767173055.3282382,9,4,-133
1767173055.3382382,8,6,-135
1767173055.3482382,7,4,-136
1767173055.3582382,5,7,-138
1767173055.3682382,3,4,-141
1767173055.3782382,0,2,-139
1767173055.3882382,-3,2,-140
1767173055.3982382,-6,1,-144
1767173055.4082382,-6,-1,-143
1767173055.4182382,-5,-4,-135
1767173055.4282382,0,-1,-134
1767173055.438238,-4,-4,-144
1767173055.448238,-4,-4,-143
1767173055.458238,-2,-2,-140
1767173055.468238,-4,-3,-143
1767173055.478238,-3,-3,-143
1767173055.488238,0,-2,-136
1767173055.498238,3,-6,-135
1767173055.508238,4,-5,-136
1767173055.518238,4,-3,-135
1767173055.528238,2,-1,-133
1767173055.538238,1,-1,-134
1767173055.548238,4,0,-131
1767173055.5582385,3,0,-129
1767173055.5682385,1,-3,-132
1767173055.5782382,0,0,-131
1767173055.5882382,4,2,-136
1767173055.5982382,1,-2,-138
1767173055.6082382,1,-3,-140
1767173055.6182382,-1,0,-137
1767173055.6282382,0,-4,-128
1767173055.6382382,-2,-4,-131
1767173055.6482382,0,0,-129
1767173055.6582382,4,-1,-129
1767173055.6682382,0,-4,-129
1767173055.6782382,2,-2,-129
1767173055.688238,2,-1,-136
1767173055.698238,3,-5,-137
1767173055.708238,2,-9,-139
1767173055.718238,2,-8,-141
1767173055.728238,1,-12,-143
1767173055.738238,0,-11,-141
1767173055.7492385,-4,-13,-146
1767173055.758238,-4,-14,-149
1767173055.7692382,-4,-9,-139
1767173055.7792382,-5,-7,-127
1767173055.7892382,-2,-3,-125
1767173055.7992382,6,-2,-127
1767173055.8092382,14,0,-130
1767173055.8192382,11,-1,-129
1767173055.8292382,5,-1,-132
1767173055.8392382,1,-2,-135
1767173055.8492382,4,-4,-138
1767173055.859238,2,-3,-138
1767173055.869238,3,-3,-139
1767173055.879238,3,0,-140
1767173055.889238,4,7,-134
1767173055.899238,5,6,-134
1767173055.909238,5,0,-133
1767173055.919238,5,0,-132
1767173055.929238,2,-2,-134
1767173055.939238,0,-2,-135
1767173055.949238,-1,-6,-129
1767173055.959238,-1,-8,-125
1767173055.969238,-5,-4,-126
1767173055.9792385,-3,-5,-129
1767173055.9892385,-4,-5,-130
1767173055.9992385,-3,-1,-124
1767173056.0092382,0,0,-125
1767173056.0192382,-3,-1,-127
1767173056.0292382,-2,0,-133
1767173056.0392382,1,-3,-130
1767173056.0492382,-8,-4,-122
1767173056.0592382,-7,-4,-117
1767173056.0692382,-6,-2,-117
1767173056.0792382,-6,-6,-118
1767173056.0892382,-3,-4,-125
1767173056.0992382,1,-7,-129
1767173056.109238,-1,-6,-134
1767173056.119238,-2,-3,-128
1767173056.129238,-6,-4,-120
1767173056.139238,2,-2,-130
1767173056.149238,1,-1,-128
1767173056.159238,1,-1,-130
1767173056.169238,-1,-3,-131
1767173056.179238,-3,-2,-130
1767173056.189238,-5,-1,-129
1767173056.199238,-6,0,-131
1767173056.209238,0,0,-123
1767173056.219238,-4,-1,-126
1767173056.2292385,-5,-1,-132
1767173056.2392385,-7,0,-135
1767173056.2492385,-4,2,-137
1767173056.2592382,-6,1,-129
1767173056.2692382,-4,0,-129
1767173056.2792382,0,-2,-125
1767173056.2892382,-3,-2,-120
1767173056.2992382,-4,0,-120
1767173056.3092382,0,0,-126
1767173056.3192382,0,-2,-122
1767173056.3292382,-1,-4,-121
1767173056.3392382,-1,-2,-120
1767173056.3492382,0,-2,-123
1767173056.359238,3,0,-131
1767173056.369238,2,-2,-134
1767173056.379238,0,-3,-134
1767173056.389238,0,-7,-136
1767173056.399238,0,-5,-136
1767173056.409238,3,-7,-137
1767173056.419238,2,-4,-139
1767173056.429238,4,-2,-139
1767173056.439238,4,-2,-139
1767173056.449238,2,0,-142
1767173056.459238,0,-2,-134
1767173056.469238,-5,1,-129
1767173056.4792385,-7,2,-132
1767173056.4892385,-8,2,-133
1767173056.4992385,-7,6,-127
1767173056.5092382,-6,8,-123
1767173056.5192382,-3,7,-125
1767173056.5292382,-3,9,-126
1767173056.5392382,-2,8,-127
1767173056.5492382,-4,9,-132
1767173056.5592382,-3,6,-140
1767173056.5692382,-4,4,-141
1767173056.5792382,2,2,-136
1767173056.5892382,0,1,-133
1767173056.5992382,-1,0,-136
1767173056.609238,-7,2,-139
1767173056.619238,-3,-1,-134
1767173056.629238,-3,-4,-128
1767173056.639238,-2,-5,-135
1767173056.649238,-1,-2,-130
1767173056.659238,-1,0,-131
1767173056.669238,0,0,-130
1767173056.679238,3,2,-126
1767173056.689238,0,4,-128
1767173056.699238,3,0,-127
1767173056.709238,5,0,-127
1767173056.719238,2,-4,-124
1767173056.7292385,3,-3,-118
1767173056.7392385,-3,0,-118
1767173056.7492385,-7,0,-112
1767173056.7592382,-7,-3,-124
1767173056.7692382,-8,-5,-130
1767173056.7792382,-5,-1,-137
1767173056.7892382,-4,-1,-133
1767173056.7992382,1,-4,-133
1767173056.8092382,-5,-3,-128
1767173056.8192382,-5,-5,-127
1767173056.8292382,-9,-7,-123
1767173056.8392382,-4,-5,-123
1767173056.8492382,0,0,-121
1767173056.859238,-1,2,-120
1767173056.869238,-7,2,-125
1767173056.879238,-3,0,-131
1767173056.889238,-2,2,-129
1767173056.899238,0,1,-122
1767173056.909238,-1,0,-123
1767173056.919238,2,5,-126
1767173056.929238,0,4,-133
1767173056.939238,0,0,-129
1767173056.949238,1,-1,-123
1767173056.959238,0,0,-128
1767173056.969238,-3,0,-125
1767173056.9792385,-1,-2,-120
1767173056.9892385,0,0,-121
1767173056.9992385,3,-1,-119
1767173057.0092382,2,-7,-126
1767173057.0192382,-1,-5,-128
1767173057.0292382,-10,-1,-124
1767173057.0392382,-10,-1,-128
1767173057.0492382,-7,-3,-136
1767173057.0592382,-2,-5,-131
1767173057.0692382,0,-1,-129
1767173057.0792382,-1,-1,-130
1767173057.0892382,-4,-4,-131
1767173057.0992382,-4,-4,-133
1767173057.109238,-5,-3,-127
1767173057.119238,-7,-6,-122
1767173057.129238,-1,-6,-125
1767173057.139238,-4,0,-128
1767173057.149238,0,-3,-135
1767173057.159238,4,2,-138
1767173057.169238,0,-1,-131
1767173057.179238,0,-3,-125
1767173057.189238,-5,-4,-129
1767173057.199238,-5,-2,-132
1767173057.2102382,-3,-3,-138
1767173057.219238,-5,-7,-138
1767173057.2292385,-5,-9,-137
1767173057.2392385,-2,-8,-132
1767173057.2492385,-3,-6,-132
1767173057.2592382,-3,-5,-129
1767173057.2692382,2,-1,-130
1767173057.2792382,4,-5,-129
1767173057.2892382,5,-3,-126
1767173057.2992382,5,0,-128
1767173057.3092382,5,3,-131
1767173057.3192382,6,1,-126
1767173057.3292382,3,3,-128
1767173057.3392382,2,4,-129
1767173057.3492382,-3,6,-121
1767173057.359238,-2,5,-116
1767173057.369238,0,0,-122
1767173057.379238,1,-2,-123
1767173057.389238,-1,-5,-121
1767173057.399238,-5,-8,-125
1767173057.409238,-1,-9,-126
1767173057.419238,0,-7,-129
1767173057.429238,0,-5,-135
1767173057.439238,-1,-1,-132
1767173057.449238,-3,-2,-134
1767173057.459238,0,-3,-129
1767173057.469238,5,-4,-128
1767173057.4792385,1,0,-124
1767173057.4892385,0,-1,-125
1767173057.4992385,3,0,-134
1767173057.5092382,7,-1,-140
1767173057.5192382,9,-3,-143
1767173057.5292382,8,-1,-135
1767173057.5392382,8,-3,-130
1767173057.5492382,5,-2,-138
1767173057.5592382,6,-2,-137
1767173057.5692382,2,1,-136
1767173057.5792382,0,-1,-137
1767173057.5892382,2,-5,-139
1767173057.5992382,1,-3,-138
1767173057.609238,1,-2,-135
1767173057.619238,2,0,-137
1767173057.629238,-1,3,-145
1767173057.639238,0,1,-140
1767173057.649238,0,2,-144
1767173057.659238,1,4,-143
1767173057.669238,4,4,-137
1767173057.679238,4,3,-132
1767173057.689238,6,-2,-131
1767173057.699238,5,-3,-131
1767173057.709238,3,0,-132
1767173057.719238,0,0,-134
1767173057.7292385,-1,3,-136
1767173057.7392385,0,0,-128
1767173057.7492385,0,0,-134
1767173057.7592382,3,0,-141
1767173057.7692382,3,-3,-138
1767173057.7792382,4,-5,-137
1767173057.7892382,4,-5,-139
1767173057.7992382,8,-9,-135
1767173057.8092382,9,-6,-141
1767173057.8192382,5,0,-140
1767173057.8292382,8,0,-136
1767173057.8392382,8,-2,-133
1767173057.8492382,7,0,-129
1767173057.859238,5,2,-134
1767173057.869238,5,2,-134
1767173057.879238,4,1,-130
1767173057.889238,2,0,-127
1767173057.899238,0,-2,-123
1767173057.909238,-1,-4,-126
1767173057.919238,0,-5,-134
1767173057.929238,-1,-3,-131
1767173057.939238,0,0,-131
1767173057.949238,2,-2,-130
1767173057.959238,3,-5,-133
1767173057.969238,3,-4,-133
1767173057.9792385,0,-2,-129
1767173057.9892385,4,-4,-130
1767173057.9992385,6,-1,-128
1767173058.0092382,3,0,-132
1767173058.0192382,2,0,-135
1767173058.0292382,3,1,-139
1767173058.0392382,2,3,-143
1767173058.0492382,-1,4,-141
1767173058.0592382,4,4,-136
1767173058.0692382,6,2,-137
1767173058.0792382,3,1,-134
1767173058.0892382,0,1,-128
1767173058.0992382,-1,0,-124
1767173058.109238,-1,0,-127
1767173058.119238,1,-5,-135
1767173058.129238,0,-2,-136
1767173058.139238,-4,-5,-135
1767173058.149238,-5,-7,-136
1767173058.159238,-5,-9,-143
1767173058.169238,-2,-7,-138
1767173058.179238,-7,-5,-141
1767173058.189238,-12,-8,-141
1767173058.199238,-14,-6,-139
1767173058.209238,-13,-4,-138
1767173058.219238,-10,-4,-139
1767173058.2292385,-4,-5,-132
1767173058.2392385,-1,-6,-125
1767173058.2492385,0,-2,-122
1767173058.2592382,2,-1,-126
1767173058.2692382,-2,-3,-124
1767173058.2792382,-1,-6,-129
1767173058.2892382,0,-7,-124
1767173058.2992382,1,-4,-123
1767173058.3092382,0,-4,-127
1767173058.3192382,-1,-1,-126
1767173058.3292382,0,0,-127
1767173058.3392382,-8,5,-121
1767173058.350238,-5,1,-128
1767173058.359238,-2,0,-131
1767173058.369238,-2,0,-131
1767173058.379238,-2,-2,-128
1767173058.389238,-3,0,-132
1767173058.400238,-3,-1,-131
1767173058.4102385,-3,0,-129
1767173058.4202385,0,-4,-129
1767173058.4302382,2,-2,-139
1767173058.439238,4,1,-139
1767173058.4502382,2,4,-142
1767173058.4602382,1,5,-142
1767173058.4702382,1,1,-137
1767173058.4802382,0,2,-133
1767173058.4902382,-6,0,-142
1767173058.5002382,-13,-1,-145
1767173058.5102382,-11,0,-143
1767173058.5202382,-6,0,-137
1767173058.5302382,0,0,-137
1767173058.540238,-3,-2,-134
1767173058.550238,-8,-2,-133
1767173058.560238,-7,3,-133
1767173058.570238,-8,4,-134
1767173058.580238,-1,1,-128
1767173058.590238,1,0,-127
1767173058.600238,5,0,-132
1767173058.610238,8,-1,-142
1767173058.620238,3,-5,-139
1767173058.630238,0,-6,-138
1767173058.640238,0,-3,-134
1767173058.650238,0,-3,-133
1767173058.6602385,-2,-1,-130
1767173058.6702385,-1,0,-131
1767173058.6802382,-3,0,-138
1767173058.6902382,0,0,-135
1767173058.7002382,2,0,-124
1767173058.7102382,3,0,-119
1767173058.7202382,2,-3,-118
1767173058.7302382,1,-5,-120
1767173058.7402382,0,0,-123
1767173058.7502382,-4,0,-121
1767173058.7602382,0,-2,-123
1767173058.7702382,0,-1,-126
1767173058.7802382,6,-1,-124
1767173058.790238,5,1,-124
1767173058.800238,-1,0,-122
1767173058.810238,-1,2,-122
1767173058.820238,0,3,-129
1767173058.830238,0,0,-132
1767173058.840238,3,-2,-131
1767173058.850238,5,-3,-130
1767173058.860238,5,0,-127
1767173058.870238,0,1,-128
1767173058.880238,-1,3,-130
1767173058.890238,2,4,-134
1767173058.900238,3,1,-143
1767173058.9102385,-2,0,-137
1767173058.9202385,-3,-1,-137
1767173058.9302382,5,-4,-133
1767173058.9402382,6,-2,-132
1767173058.9502382,6,-3,-124
1767173058.9602382,5,-4,-126
1767173058.9702382,3,-2,-129
1767173058.9802382,0,-4,-135
1767173058.9902382,1,-1,-141
1767173059.0002382,1,-2,-142
1767173059.0102382,2,-1,-137
1767173059.0202382,0,-3,-135
1767173059.0302382,0,-8,-141
1767173059.040238,-4,-8,-144
1767173059.050238,-4,-7,-141
1767173059.060238,-4,-3,-144
1767173059.070238,-4,-3,-147
1767173059.080238,-1,0,-136
1767173059.090238,-9,0,-138
1767173059.100238,-4,0,-138
1767173059.110238,1,0,-135
1767173059.120238,0,0,-125
1767173059.130238,1,-1,-126
1767173059.140238,-4,-1,-130
1767173059.150238,-1,1,-129
1767173059.1602385,1,3,-130
1767173059.1702385,0,3,-131
1767173059.1802382,-4,5,-128
1767173059.1902382,-7,5,-126
1767173059.2002382,-10,3,-129
1767173059.2102382,-6,-2,-129
1767173059.2202382,-5,-2,-127
1767173059.2302382,-5,-5,-138
1767173059.2402382,-3,-4,-135
1767173059.2502382,1,0,-132
1767173059.2602382,0,5,-128
1767173059.2702382,-2,10,-127
1767173059.2802382,0,8,-136
1767173059.290238,-2,6,-133
1767173059.300238,1,2,-128
1767173059.310238,-1,0,-127
1767173059.320238,5,-2,-127
1767173059.330238,6,0,-129
1767173059.340238,11,3,-130
1767173059.350238,8,0,-131
1767173059.360238,7,0,-125
1767173059.370238,5,-4,-128
1767173059.380238,8,-1,-128
1767173059.390238,2,-1,-133
1767173059.400238,1,3,-130
1767173059.4102385,-1,7,-127
1767173059.4202385,-4,6,-126
1767173059.4302382,-4,1,-131
1767173059.4402382,-2,0,-131
1767173059.4502382,-2,2,-129
1767173059.4602382,-2,2,-123
1767173059.4702382,-3,6,-121
1767173059.4802382,0,3,-117
1767173059.4902382,1,2,-120
1767173059.5002382,1,1,-122
1767173059.5102382,5,-5,-115
1767173059.5202382,3,-3,-115
1767173059.5302382,2,-5,-129
1767173059.540238,2,-1,-135
1767173059.550238,-1,-3,-132
1767173059.560238,0,-1,-127
1767173059.570238,0,0,-124
1767173059.580238,-3,-2,-125
1767173059.590238,0,-3,-127
1767173059.600238,5,-4,-131
1767173059.610238,6,-4,-132
1767173059.620238,6,-7,-127
1767173059.630238,3,-3,-127
1767173059.640238,-1,0,-128
1767173059.650238,-2,1,-131
1767173059.6602385,0,-2,-130
1767173059.6702385,0,-2,-129
1767173059.6802382,0,-6,-130
1767173059.6902382,0,-6,-131
1767173059.7002382,2,-6,-129
1767173059.7102382,2,-3,-133
1767173059.7202382,-1,-7,-135
1767173059.7302382,-7,-8,-136
1767173059.7402382,-8,-6,-134
1767173059.7502382,0,-6,-136
1767173059.7602382,3,-1,-138
1767173059.7702382,3,0,-134
1767173059.7802382,0,-1,-134
1767173059.790238,0,-1,-132
1767173059.800238,0,-2,-127
1767173059.810238,-3,1,-127
1767173059.820238,1,3,-123
1767173059.830238,1,3,-123
1767173059.840238,-3,2,-124
1767173059.850238,-1,3,-128
1767173059.860238,3,3,-128
1767173059.870238,4,5,-121
1767173059.880238,6,4,-123
1767173059.890238,2,-1,-123
1767173059.9112382,-2,-1,-129
1767173059.9202385,-2,0,-120
1767173059.9302382,2,0,-123
1767173059.9402382,-1,-1,-120
1767173059.9502382,-2,-1,-122
1767173059.9602382,-3,1,-116
1767173059.9702382,4,4,-113
1767173059.9802382,6,3,-114
1767173059.9902382,2,1,-118
1767173060.0002382,-2,0,-122
1767173060.0102382,-1,5,-124
1767173060.0202382,-2,4,-131
1767173060.0302382,-1,1,-135
1767173060.040238,-3,0,-139
1767173060.050238,0,0,-139
1767173060.060238,1,0,-126
1767173060.070238,5,-2,-131
1767173060.080238,2,-5,-132
1767173060.090238,3,-3,-133
1767173060.100238,0,1,-140
1767173060.110238,1,2,-132
1767173060.120238,2,-3,-128
1767173060.130238,0,-4,-123
1767173060.140238,-1,-6,-131
1767173060.150238,-3,-7,-133
1767173060.1602385,0,-10,-137
1767173060.1702385,-1,-7,-142
1767173060.1802382,0,-6,-141
1767173060.1902382,-2,-2,-141
1767173060.2002382,-3,-1,-139
1767173060.2102382,-2,-1,-135
1767173060.2202382,0,-2,-131
1767173060.2302382,-3,-2,-124
1767173060.2402382,-5,-3,-130
1767173060.2502382,-6,-4,-127
1767173060.2602382,-5,0,-132
1767173060.2702382,-4,-4,-140
1767173060.2802382,-2,-8,-138
1767173060.290238,0,-10,-133
1767173060.300238,1,-6,-124
1767173060.310238,-3,-3,-122
1767173060.320238,-5,0,-128
1767173060.330238,-7,0,-130
1767173060.340238,-4,0,-131
1767173060.350238,-3,-6,-131
1767173060.360238,-4,-6,-132
1767173060.370238,0,-8,-138
1767173060.380238,3,-4,-138
1767173060.390238,3,-2,-139
1767173060.400238,0,-1,-139
1767173060.4102385,0,0,-138
1767173060.4202385,4,-5,-140
1767173060.4302382,0,-8,-136
1767173060.4402382,2,-5,-133
1767173060.4502382,0,-2,-138
1767173060.4602382,-2,-1,-138
1767173060.4702382,-2,-6,-134
1767173060.4802382,0,-5,-133
1767173060.4902382,-2,-8,-134
1767173060.5002382,-6,-4,-133
1767173060.5102382,-6,-1,-131
1767173060.5202382,-6,1,-135
1767173060.5302382,-2,0,-132
1767173060.540238,-3,2,-127
1767173060.550238,-3,1,-128
1767173060.560238,-2,1,-131
1767173060.570238,0,1,-130
1767173060.580238,-4,3,-131
1767173060.590238,0,1,-134
1767173060.600238,-1,5,-132
1767173060.610238,-2,8,-134
1767173060.620238,-4,7,-134
1767173060.630238,-2,3,-135
1767173060.640238,-2,0,-126
1767173060.650238,-4,1,-127
1767173060.6602385,-9,0,-129
1767173060.6702385,-12,0,-131
1767173060.6802382,-12,1,-135
1767173060.6902382,-12,2,-134
1767173060.7002382,-9,6,-129
1767173060.7102382,-3,3,-132
1767173060.7202382,0,3,-133
1767173060.7302382,0,5,-128
1767173060.7402382,2,3,-129
1767173060.7502382,2,3,-126
1767173060.7602382,1,1,-130
1767173060.7702382,0,0,-133
1767173060.7802382,-1,4,-140
1767173060.790238,-1,4,-141
1767173060.800238,1,1,-136
1767173060.810238,3,5,-143
1767173060.820238,0,7,-145
1767173060.830238,2,5,-135
1767173060.840238,4,5,-135
1767173060.850238,2,2,-134
1767173060.860238,-5,0,-129
1767173060.870238,-1,-1,-129
1767173060.880238,0,-4,-128
1767173060.890238,4,0,-128
1767173060.900238,2,-2,-134
1767173060.9112382,4,-6,-128
1767173060.9202385,4,-7,-124
1767173060.9302382,4,-3,-128
1767173060.9402382,7,-3,-132
1767173060.9512382,10,-6,-134
1767173060.9602382,8,-7,-137
1767173060.971238,9,-6,-137
1767173060.981238,7,-7,-131
1767173060.991238,4,-8,-127
1767173061.001238,3,-5,-133
1767173061.011238,3,-7,-140
1767173061.021238,0,-5,-136
1767173061.031238,-3,-7,-135
1767173061.041238,-4,-9,-123
1767173061.051238,-4,-3,-122
1767173061.061238,0,-2,-122
1767173061.071238,3,-1,-121
1767173061.0812385,5,-1,-126
1767173061.0912385,4,-3,-127
1767173061.1012385,2,-5,-125
1767173061.1112382,5,-2,-121
1767173061.1212382,7,0,-128
1767173061.1312382,7,0,-126
1767173061.1412382,3,-1,-127
1767173061.1512382,-1,0,-131
1767173061.1612382,-3,1,-129
1767173061.1712382,-2,0,-124
1767173061.1812382,0,-2,-126
1767173061.1912382,-2,-1,-128
1767173061.2012382,-5,0,-131
1767173061.211238,-7,0,-128
1767173061.221238,-7,0,-129
1767173061.231238,-6,0,-129
1767173061.241238,-13,0,-128
1767173061.251238,-6,-1,-129
1767173061.261238,-7,-1,-127
1767173061.271238,-3,0,-127
1767173061.281238,-4,-1,-120
1767173061.291238,-7,1,-124
1767173061.301238,-6,-2,-123
1767173061.311238,-5,-5,-125
1767173061.321238,-9,0,-124
1767173061.3312385,-7,0,-130
1767173061.3412385,-5,3,-124
1767173061.3512385,-8,2,-121
1767173061.3612382,-2,2,-125
1767173061.3712382,-4,0,-130
1767173061.3812382,-4,2,-136
1767173061.3912382,-5,5,-138
1767173061.4012382,-5,5,-134
1767173061.4112382,-6,2,-133
1767173061.4212382,-1,1,-131
1767173061.4312382,0,0,-131
1767173061.4412382,-2,0,-127
1767173061.4512382,-7,3,-129
1767173061.461238,-8,6,-133
1767173061.471238,-4,4,-136
1767173061.481238,-3,3,-138
1767173061.491238,-1,1,-137
1767173061.501238,-3,0,-139
1767173061.511238,-7,0,-138
1767173061.521238,-5,-1,-140
1767173061.531238,0,-2,-135
1767173061.541238,-7,-4,-136
1767173061.551238,-7,-4,-123
1767173061.561238,-7,-3,-126
1767173061.571238,-3,-6,-132
1767173061.5812385,0,-1,-131
1767173061.5912385,-2,-2,-129
1767173061.6012385,-3,-1,-127
1767173061.6112382,-1,-2,-125
1767173061.6212382,-3,0,-124
1767173061.6312382,-3,0,-131
1767173061.6412382,-1,0,-128
1767173061.6512382,1,2,-129
1767173061.6612382,1,4,-133
1767173061.6712382,3,2,-139
1767173061.6812382,1,5,-137
1767173061.6912382,1,5,-129
1767173061.7012382,-1,3,-129
1767173061.711238,-2,0,-135
1767173061.721238,-1,3,-134
1767173061.731238,-3,4,-137
1767173061.741238,-4,2,-130
1767173061.751238,-1,1,-139
1767173061.761238,-1,1,-132
1767173061.771238,-1,-2,-133
1767173061.781238,3,-2,-137
1767173061.791238,2,0,-128
1767173061.801238,4,-5,-118
1767173061.811238,4,-4,-108
1767173061.821238,4,-4,-113
1767173061.8312385,6,-4,-115
1767173061.8412385,4,-7,-109
1767173061.8512385,6,-6,-111
1767173061.8612382,1,-3,-118
1767173061.8712382,0,1,-114
1767173061.8812382,2,0,-118
1767173061.8912382,0,3,-120
1767173061.9012382,-1,3,-124
1767173061.9112382,-4,-2,-127
1767173061.9212382,1,-4,-130
1767173061.9312382,3,-2,-135
1767173061.9412382,1,0,-129
1767173061.9512382,2,-2,-129
1767173061.961238,2,0,-129
1767173061.971238,0,1,-130
1767173061.981238,0,-1,-132
1767173061.991238,-3,-1,-125
1767173062.001238,-5,0,-126
1767173062.011238,1,-2,-127
1767173062.021238,5,-2,-123
1767173062.031238,5,-2,-123
1767173062.041238,4,0,-120
1767173062.051238,5,-1,-118
1767173062.061238,4,0,-124
1767173062.071238,2,-1,-120
1767173062.0812385,3,1,-117
1767173062.0912385,5,3,-115
1767173062.1012385,2,-1,-125
1767173062.1112382,4,0,-127
1767173062.1212382,4,2,-132
1767173062.1312382,-1,5,-139
1767173062.1412382,-2,0,-135
1767173062.1512382,5,-4,-132
1767173062.1612382,3,-3,-130
1767173062.1712382,5,-2,-127
1767173062.1812382,9,-3,-121
1767173062.1912382,1,-2,-117
1767173062.2012382,0,-3,-123
1767173062.211238,1,-4,-128
1767173062.221238,0,-4,-128
1767173062.231238,-2,-3,-129
1767173062.241238,-3,-2,-129
1767173062.251238,0,0,-126
1767173062.261238,6,1,-131
1767173062.271238,8,4,-132
1767173062.281238,4,4,-135
1767173062.291238,1,4,-138
1767173062.301238,0,3,-137
1767173062.311238,-2,-1,-130
1767173062.321238,-2,0,-128
1767173062.3312385,-3,7,-119
1767173062.3412385,-2,4,-121
1767173062.3512385,-2,3,-129
1767173062.3612382,-3,1,-131
1767173062.3712382,-3,-1,-127
1767173062.3812382,-5,1,-121
1767173062.3912382,0,3,-116
1767173062.4012382,-1,0,-119
1767173062.4112382,-2,1,-123
1767173062.4212382,-3,3,-124
1767173062.4312382,-6,-1,-125
1767173062.4412382,-11,1,-124
1767173062.4512382,-9,1,-120
1767173062.461238,-10,0,-122
1767173062.471238,-8,2,-129
1767173062.481238,-7,0,-135
1767173062.491238,-5,-3,-140
1767173062.501238,-6,-5,-137
1767173062.511238,1,-12,-124
1767173062.521238,-1,-11,-117
1767173062.531238,1,-7,-116
1767173062.541238,2,-9,-114
1767173062.551238,2,-8,-117
1767173062.561238,3,-9,-126
1767173062.571238,0,-9,-128
1767173062.5812385,-2,-10,-129
1767173062.5912385,-1,-9,-126
1767173062.6012385,-3,-8,-124
1767173062.6112382,-1,-6,-117
1767173062.6212382,-1,-6,-119
1767173062.6312382,-2,-3,-123
1767173062.6412382,0,-1,-123
1767173062.6512382,0,-1,-121
1767173062.6612382,-2,0,-128
1767173062.6712382,-1,1,-136
1767173062.6812382,0,0,-140
1767173062.6912382,0,-2,-143
1767173062.7012382,-2,-3,-134
1767173062.711238,-1,-3,-133
1767173062.721238,1,-2,-130
1767173062.731238,-3,-3,-129
1767173062.741238,0,-3,-135
1767173062.751238,2,-3,-131
1767173062.761238,-1,-1,-125
1767173062.771238,0,3,-114
1767173062.781238,0,2,-120
1767173062.791238,-2,3,-122
1767173062.801238,-1,0,-130
1767173062.811238,-1,1,-135
1767173062.821238,0,5,-135
1767173062.8312385,-1,4,-135
1767173062.8412385,-1,0,-130
1767173062.8512385,0,2,-129
1767173062.8612382,-1,3,-134
1767173062.8712382,-1,1,-134
1767173062.8812382,-1,0,-134
1767173062.8912382,-1,0,-133
1767173062.9012382,-5,-2,-134
1767173062.9112382,-3,-2,-134
1767173062.9212382,-5,-3,-135
1767173062.9312382,-3,-5,-137
1767173062.9412382,-3,-5,-136
1767173062.9512382,0,-4,-134
1767173062.961238,-3,-9,-133
1767173062.971238,0,-10,-130
1767173062.981238,1,-9,-135
1767173062.991238,2,-7,-138
1767173063.001238,1,-4,-138
1767173063.011238,0,-1,-142
1767173063.021238,0,-2,-135
1767173063.031238,6,-2,-135
1767173063.041238,2,-4,-137
1767173063.051238,7,-4,-133
1767173063.061238,4,-3,-129
1767173063.071238,3,0,-130
1767173063.0812385,0,0,-134
1767173063.0912385,-3,-2,-129
1767173063.1012385,-4,-5,-133
1767173063.1112382,-4,-5,-129
1767173063.1212382,-2,-2,-131
1767173063.1312382,-2,-1,-130
1767173063.1412382,-3,1,-129
1767173063.1512382,-4,1,-120
1767173063.1612382,-1,3,-117
1767173063.1712382,0,2,-119
1767173063.1812382,0,0,-124
1767173063.1912382,-1,5,-121
1767173063.2012382,0,1,-118
1767173063.211238,0,2,-123
1767173063.221238,3,3,-130
1767173063.231238,0,3,-127
1767173063.241238,0,4,-127
1767173063.251238,5,3,-125
1767173063.261238,0,2,-122
1767173063.271238,1,2,-123
1767173063.281238,0,1,-121
1767173063.291238,-1,-2,-131
1767173063.301238,0,-6,-141
1767173063.311238,4,0,-150
1767173063.321238,0,1,-145
1767173063.3312385,-4,1,-141
1767173063.3412385,-1,0,-132
1767173063.3512385,0,-1,-129
1767173063.3612382,0,-5,-128
1767173063.3712382,4,-3,-133
1767173063.3812382,2,-7,-133
1767173063.3912382,2,-5,-134
1767173063.4012382,1,-4,-131
1767173063.4112382,2,-7,-133
1767173063.4212382,0,-8,-130
1767173063.4312382,0,-7,-128
1767173063.4412382,3,-4,-121
1767173063.4512382,3,-2,-120
1767173063.461238,7,0,-123
1767173063.471238,5,2,-129
1767173063.481238,0,-2,-132
1767173063.491238,0,-2,-133
1767173063.501238,1,-3,-130
1767173063.511238,-1,-4,-130
1767173063.521238,-1,-5,-131
1767173063.531238,-1,-3,-134
1767173063.541238,-2,-3,-135
1767173063.551238,0,-5,-131
1767173063.561238,-6,-3,-134
1767173063.571238,-3,-2,-136
1767173063.5812385,-8,-2,-135
1767173063.5912385,-6,-2,-131
1767173063.6022382,-7,-1,-130
1767173063.6122382,-4,-1,-132
1767173063.6222382,0,3,-128
1767173063.632238,1,6,-125
1767173063.642238,2,7,-124
1767173063.652238,3,9,-123
1767173063.662238,0,7,-122
1767173063.672238,0,2,-124
1767173063.682238,-6,0,-119
1767173063.692238,-3,-5,-115
1767173063.702238,0,-3,-116
1767173063.712238,6,-3,-117
1767173063.722238,5,-5,-117
1767173063.732238,0,-5,-118
1767173063.742238,0,-4,-116
1767173063.752238,-1,-8,-127
1767173063.7622385,-1,-9,-126
1767173063.7722385,-2,-11,-128
1767173063.7822382,3,-8,-127
1767173063.7922382,5,-9,-131
1767173063.8022382,6,-10,-125
1767173063.8122382,6,-12,-127
1767173063.8222382,7,-6,-127
1767173063.8322382,1,-3,-130
1767173063.8422382,2,-3,-123
1767173063.8522382,-3,-2,-121
1767173063.8622382,0,-1,-126
1767173063.8722382,2,-1,-129
1767173063.882238,2,-1,-127
1767173063.892238,-2,1,-124
1767173063.902238,-1,0,-126
1767173063.912238,0,2,-120
1767173063.922238,0,2,-124
1767173063.932238,0,1,-125
1767173063.942238,-2,0,-123
1767173063.952238,-2,0,-120
1767173063.962238,1,0,-120
1767173063.972238,1,1,-121
1767173063.982238,3,6,-119
1767173063.992238,3,4,-125
1767173064.002238,5,1,-124
1767173064.0122385,7,4,-126
1767173064.0222385,5,4,-132
1767173064.0322382,2,2,-130
1767173064.0422382,-1,-4,-129
1767173064.0522382,-2,-4,-125
1767173064.0622382,-4,-7,-120
1767173064.0722382,-5,-7,-126
1767173064.0822382,-1,-10,-126
1767173064.0922382,-1,-6,-125
1767173064.1022382,0,-4,-129
1767173064.1122382,-2,-7,-134
1767173064.1222382,-4,-2,-137
1767173064.132238,-8,-5,-134
1767173064.142238,-5,-7,-126
1767173064.152238,-6,-5,-127
1767173064.162238,-7,-2,-128
1767173064.172238,-9,-5,-132
1767173064.182238,-14,-4,-131
1767173064.192238,-10,-4,-130
1767173064.202238,-3,-7,-135
1767173064.212238,0,-6,-131
1767173064.222238,-3,-8,-125
1767173064.232238,-6,-9,-123
1767173064.242238,-3,-10,-125
1767173064.252238,-2,-7,-122
1767173064.2622385,0,-8,-121
1767173064.2722385,-1,-7,-117
1767173064.2822382,-2,-6,-125
1767173064.2922382,-1,-5,-130
1767173064.3022382,-1,-7,-132
1767173064.3122382,1,-7,-141
1767173064.3222382,2,-3,-141
1767173064.3322382,3,-2,-143
1767173064.3422382,2,-2,-145
1767173064.3522382,0,0,-150
1767173064.3622382,2,2,-144
1767173064.3722382,0,-1,-144
1767173064.382238,1,-2,-136
1767173064.392238,0,-3,-134
1767173064.402238,-4,0,-131
1767173064.412238,-2,-1,-132
1767173064.422238,0,0,-135
1767173064.432238,0,0,-138
1767173064.442238,0,1,-139
1767173064.452238,1,1,-136
1767173064.462238,0,0,-138
1767173064.472238,0,-3,-141
1767173064.482238,-2,0,-136
1767173064.492238,-4,0,-134
1767173064.502238,-4,0,-135
1767173064.5122385,-6,-4,-133
1767173064.5222385,-5,-3,-135
1767173064.5322382,-6,-2,-132
1767173064.5422382,-1,-1,-139
1767173064.5522382,-3,-2,-140
1767173064.5622382,-4,-1,-139
1767173064.5722382,-2,0,-135
1767173064.5822382,-1,1,-130
1767173064.5922382,0,5,-129
1767173064.6022382,0,5,-129
1767173064.6122382,2,0,-124
1767173064.6222382,3,0,-121
1767173064.632238,3,-4,-127
1767173064.642238,6,-7,-126
1767173064.652238,7,-5,-131
1767173064.662238,8,-2,-128
1767173064.672238,6,0,-126
1767173064.682238,9,-1,-128
1767173064.692238,9,-1,-129
1767173064.702238,7,0,-133
1767173064.712238,4,-1,-137
1767173064.722238,7,-3,-138
1767173064.732238,4,-2,-138
1767173064.742238,2,0,-136
1767173064.752238,1,-2,-133
1767173064.7622385,-2,-3,-125
1767173064.7722385,-4,-2,-123
1767173064.7822382,-3,-6,-129
1767173064.7922382,5,-5,-126
1767173064.8022382,4,-2,-127
1767173064.8122382,5,-3,-136
1767173064.8222382,6,-2,-137
1767173064.8322382,2,-5,-139
1767173064.8422382,3,-7,-137
1767173064.8522382,0,-5,-143
1767173064.8622382,2,0,-145
1767173064.8722382,-3,-5,-136
1767173064.882238,-3,-6,-128
1767173064.892238,-5,-3,-122
1767173064.902238,-10,-2,-125
1767173064.9242382,-11,1,-133
1767173064.932238,-9,1,-135
1767173064.942238,-11,3,-141
1767173064.952238,-3,4,-139
1767173064.962238,1,5,-135
1767173064.972238,2,5,-135
1767173064.982238,5,4,-133
1767173064.992238,4,0,-132
1767173065.002238,2,1,-134
1767173065.0122385,-1,2,-133
1767173065.0222385,-1,0,-130
1767173065.0322382,4,-2,-127
1767173065.0422382,6,-3,-128
1767173065.0522382,-1,0,-132
1767173065.0622382,-2,3,-132
1767173065.0722382,-1,1,-140
1767173065.0822382,0,1,-138
1767173065.0922382,2,0,-142
1767173065.1022382,0,0,-138
1767173065.1122382,0,0,-137
1767173065.1222382,-4,0,-135
1767173065.132238,-12,0,-141
1767173065.142238,-6,0,-140
1767173065.152238,-10,3,-145
1767173065.162238,-3,4,-144
1767173065.172238,-3,4,-137
1767173065.182238,1,-1,-137
1767173065.192238,2,-3,-131
1767173065.202238,5,-3,-125
1767173065.212238,3,-1,-128
1767173065.222238,9,-4,-132
1767173065.232238,10,-2,-129
1767173065.242238,10,-1,-125
1767173065.252238,6,0,-126
1767173065.2622385,11,0,-127
1767173065.2722385,6,0,-132
1767173065.2822382,2,-1,-136
1767173065.2922382,4,-1,-141
1767173065.3022382,4,-2,-140
1767173065.3122382,8,-3,-134
1767173065.3222382,7,-3,-143
1767173065.3322382,1,-3,-141
1767173065.3422382,0,-3,-134
1767173065.3522382,0,-2,-135
1767173065.3622382,3,-4,-141
1767173065.3722382,4,-1,-138
1767173065.382238,2,-2,-139
1767173065.392238,0,0,-142
1767173065.402238,-2,-2,-146
1767173065.412238,-6,-2,-141
1767173065.422238,-3,-7,-134
1767173065.432238,-5,-6,-130
1767173065.442238,-2,-9,-133
1767173065.452238,-4,-9,-131
1767173065.462238,-2,-10,-135
1767173065.472238,0,-6,-129
1767173065.482238,2,-4,-131
1767173065.492238,3,0,-130
1767173065.502238,1,1,-127
1767173065.5122385,3,5,-132
1767173065.5222385,1,8,-139
1767173065.5322382,0,5,-134
1767173065.5422382,0,5,-132
1767173065.5522382,0,0,-128
1767173065.5622382,1,2,-126
1767173065.5722382,3,3,-133
1767173065.5822382,5,4,-136
1767173065.5922382,1,4,-129
1767173065.6022382,-1,-1,-134
1767173065.6122382,-3,5,-135
1767173065.6222382,-6,4,-128
1767173065.632238,-4,0,-124
1767173065.642238,-3,0,-120
1767173065.652238,-7,2,-121
1767173065.662238,-3,2,-123
1767173065.672238,-6,3,-120
1767173065.682238,-5,3,-123
1767173065.692238,-8,1,-120
1767173065.702238,-7,0,-128
1767173065.712238,-6,-1,-122
1767173065.722238,-4,-3,-117
1767173065.732238,-4,-9,-121
1767173065.742238,-2,-9,-124
1767173065.752238,-1,-8,-125
1767173065.7622385,-2,-2,-131
1767173065.7722385,-3,4,-127
1767173065.7822382,-4,5,-124
1767173065.7922382,-3,-1,-126
1767173065.8022382,-2,-2,-127
1767173065.8122382,-1,-3,-134
1767173065.8222382,-1,0,-141
1767173065.8322382,-2,-3,-141
1767173065.8422382,0,-8,-137
1767173065.8522382,-2,-5,-138
1767173065.8622382,-1,0,-135
1767173065.8722382,-1,2,-131
1767173065.882238,1,1,-126
1767173065.892238,-2,2,-131
1767173065.902238,-1,1,-127
1767173065.912238,0,3,-132
1767173065.922238,-2,1,-130
1767173065.932238,-1,1,-131
1767173065.942238,-1,2,-136
1767173065.952238,0,6,-134
1767173065.962238,0,2,-132
1767173065.972238,-4,3,-133
1767173065.982238,0,5,-137
1767173065.992238,-3,1,-142
1767173066.002238,-5,-1,-137
1767173066.0122385,-6,-4,-128
1767173066.0222385,-4,-8,-133
1767173066.0322382,0,-6,-132
1767173066.0422382,0,-11,-134
1767173066.0522382,2,-12,-135
1767173066.0622382,1,-8,-139
1767173066.0722382,2,-3,-141
1767173066.0822382,1,-1,-134
1767173066.0922382,4,-1,-129
1767173066.1022382,4,0,-130
1767173066.1122382,4,-4,-132
1767173066.1222382,4,-1,-137
1767173066.132238,2,0,-138
1767173066.142238,0,0,-142
1767173066.152238,-2,-1,-143
1767173066.162238,-3,-3,-132
1767173066.172238,-1,-2,-130
1767173066.182238,-4,-2,-125
1767173066.1932385,-1,-3,-121
1767173066.202238,1,-4,-120
1767173066.212238,2,-4,-121
1767173066.2232382,0,-4,-122
1767173066.2332382,1,-7,-119
1767173066.2432382,2,-7,-123
1767173066.2532382,3,-5,-127
1767173066.2632382,4,-4,-124
1767173066.2732382,3,0,-127
1767173066.2832382,3,1,-128
1767173066.2932382,3,0,-132
1767173066.3032382,-1,1,-135
1767173066.313238,0,0,-135
1767173066.324238,-1,1,-135
1767173066.333238,0,1,-138
1767173066.343238,0,-2,-136
1767173066.353238,0,-4,-132
1767173066.363238,-1,-5,-134
1767173066.373238,-3,-8,-134
1767173066.383238,0,-7,-128
1767173066.393238,-2,-3,-121
1767173066.403238,0,-4,-121
1767173066.413238,-2,-3,-124
1767173066.423238,-2,-1,-128
1767173066.4332385,-1,-1,-135
1767173066.4432385,-1,0,-136
1767173066.4532382,0,2,-138
1767173066.4632382,1,0,-136
1767173066.4732382,1,-6,-130
1767173066.4832382,0,-6,-126
1767173066.4932382,-6,-5,-133
1767173066.5032382,-7,-4,-135
1767173066.5132382,-6,-4,-138
1767173066.5232382,-4,-2,-139
1767173066.5332382,-10,-2,-138
1767173066.5432382,-9,1,-138
1767173066.5532382,-9,-1,-132
1767173066.563238,-5,-2,-127
1767173066.573238,-7,-5,-127
1767173066.583238,-4,-4,-128
1767173066.593238,-4,-5,-128
1767173066.603238,-3,-3,-131
1767173066.613238,0,0,-132
1767173066.623238,0,0,-134
1767173066.633238,1,1,-133
1767173066.643238,2,0,-131
1767173066.653238,4,2,-127
1767173066.663238,3,-1,-132
1767173066.673238,3,-2,-134
1767173066.6832385,-1,1,-134
1767173066.6932385,-1,1,-132
1767173066.7032382,-1,1,-134
1767173066.7132382,-1,3,-133
1767173066.7232382,-3,1,-134
1767173066.7332382,-4,3,-132
1767173066.7432382,0,1,-126
1767173066.7532382,0,0,-125
1767173066.7632382,0,0,-124
1767173066.7732382,0,0,-122
1767173066.7832382,2,-1,-120
1767173066.7932382,0,-1,-127
1767173066.8032382,-5,-4,-129
1767173066.813238,-2,-1,-132
1767173066.823238,-3,0,-132
1767173066.833238,-2,2,-131
1767173066.843238,-6,5,-136
1767173066.853238,-5,3,-136
1767173066.863238,-5,2,-138
1767173066.873238,-4,1,-134
1767173066.883238,-9,1,-131
1767173066.893238,-8,1,-131
1767173066.903238,-5,3,-136
1767173066.913238,-6,5,-131
1767173066.923238,-5,5,-128
1767173066.9332385,-6,3,-133
1767173066.9432385,-7,-1,-131
1767173066.9532382,-2,1,-127
1767173066.9632382,0,0,-122
1767173066.9732382,6,0,-126
1767173066.9832382,6,-1,-125
1767173066.9932382,2,0,-126
1767173067.0032382,5,-2,-124
1767173067.0132382,1,-6,-121
1767173067.0232382,3,-7,-123
1767173067.0332382,7,-6,-125
1767173067.0432382,3,-1,-126
1767173067.0532382,4,0,-128
1767173067.063238,7,0,-128
1767173067.073238,6,3,-131
1767173067.083238,0,3,-125
1767173067.093238,-1,6,-128
1767173067.103238,-1,4,-128
1767173067.113238,-1,6,-136
1767173067.123238,0,0,-141
1767173067.133238,-1,-2,-145
1767173067.143238,-4,1,-139
1767173067.153238,-7,-1,-133
1767173067.163238,-5,-4,-129
1767173067.173238,-7,-6,-128
1767173067.1832385,-6,-4,-131
1767173067.1932385,-4,0,-129
1767173067.2032382,-2,-2,-129
1767173067.2132382,1,-2,-126
1767173067.2232382,5,-5,-126
1767173067.2332382,4,-3,-131
1767173067.2432382,4,-1,-124
1767173067.2532382,1,0,-124
1767173067.2632382,-2,0,-128
1767173067.2732382,-3,0,-134
1767173067.2832382,2,5,-137
1767173067.2932382,3,4,-133
1767173067.3032382,6,2,-138
1767173067.313238,8,3,-134
1767173067.323238,8,1,-127
1767173067.333238,8,0,-119
1767173067.343238,7,-3,-118
1767173067.353238,4,-7,-118
1767173067.363238,5,-5,-119
1767173067.373238,3,-4,-122
1767173067.383238,5,-4,-127
1767173067.393238,2,-7,-128
1767173067.403238,1,-1,-132
1767173067.413238,6,-2,-130
1767173067.423238,4,-2,-128
1767173067.4332385,0,1,-134
1767173067.4432385,-7,0,-135
1767173067.4532382,-9,0,-138
1767173067.4632382,-4,0,-142
1767173067.4732382,-2,7,-144
1767173067.4832382,-3,4,-140
1767173067.4932382,-4,2,-131
1767173067.5032382,-1,0,-129
1767173067.5132382,0,-3,-126
1767173067.5232382,0,-8,-124
1767173067.5332382,1,-8,-123
1767173067.5432382,3,-7,-126
1767173067.5532382,2,-9,-125
1767173067.563238,3,-8,-123
1767173067.573238,0,-6,-124
1767173067.583238,4,-4,-121
1767173067.593238,1,-3,-129
1767173067.603238,4,-4,-130
1767173067.613238,3,-4,-137
1767173067.623238,2,-1,-135
1767173067.633238,0,1,-130
1767173067.643238,-1,-2,-133
1767173067.653238,-4,-2,-128
1767173067.663238,-2,-2,-128
1767173067.673238,1,-1,-123
1767173067.6832385,0,2,-128
1767173067.6932385,2,1,-126
1767173067.7032382,2,1,-127
1767173067.7132382,7,0,-127
1767173067.7232382,5,1,-130
1767173067.7332382,2,-1,-126
1767173067.7432382,0,0,-129
1767173067.7532382,1,1,-125
1767173067.7632382,1,0,-123
1767173067.7732382,1,-1,-128
1767173067.7832382,1,-5,-132
1767173067.7932382,1,-4,-130
1767173067.8032382,0,0,-127
1767173067.813238,2,-1,-129
1767173067.823238,-2,0,-135
1767173067.833238,1,0,-135
1767173067.843238,0,0,-138
1767173067.853238,0,-2,-139
1767173067.863238,0,-3,-144
1767173067.873238,1,-4,-142
1767173067.883238,5,0,-142
1767173067.893238,5,-2,-141
1767173067.903238,2,-2,-135
1767173067.913238,-1,1,-137
1767173067.923238,-4,4,-123
1767173067.9332385,-8,2,-118
1767173067.9432385,-13,3,-124
1767173067.9532382,-9,1,-123
1767173067.9632382,-10,-2,-124
1767173067.9732382,-12,-3,-127
1767173067.9832382,-8,-6,-130
1767173067.9932382,-5,-2,-127
1767173068.0032382,-6,1,-126
1767173068.0132382,-6,6,-127
1767173068.0232382,-5,6,-128
1767173068.0332382,-2,4,-123
1767173068.0432382,-2,6,-117
1767173068.0532382,-2,4,-118
1767173068.063238,-3,3,-120
1767173068.073238,-3,1,-129
1767173068.083238,-3,-5,-131
1767173068.093238,0,-6,-133
1767173068.103238,5,0,-132
1767173068.113238,7,4,-131
1767173068.123238,4,3,-137
1767173068.133238,7,0,-134
1767173068.143238,0,-4,-130
1767173068.153238,-6,-4,-129
1767173068.163238,-8,-1,-129
1767173068.173238,-4,0,-127
1767173068.1832385,-5,-2,-123
1767173068.1932385,0,-1,-117
1767173068.2032382,0,0,-119
1767173068.2132382,-3,0,-124
1767173068.2232382,0,0,-125
1767173068.2332382,0,1,-118
1767173068.2432382,0,-3,-120
1767173068.2532382,-1,0,-120
1767173068.2632382,-1,-3,-120
1767173068.2732382,0,-3,-123
1767173068.2832382,-8,-2,-121
1767173068.2932382,-9,-1,-122
1767173068.3032382,-6,-4,-126
1767173068.313238,-2,-2,-131
1767173068.323238,0,0,-132
1767173068.333238,-1,2,-134
1767173068.343238,3,2,-140
1767173068.353238,1,4,-140
1767173068.363238,3,2,-129
1767173068.373238,-1,2,-136
1767173068.383238,3,0,-137
1767173068.393238,9,-1,-135
1767173068.403238,9,-1,-133
1767173068.413238,8,-3,-133
1767173068.423238,4,-5,-135
1767173068.4332385,2,-9,-131
1767173068.4432385,5,-6,-126
1767173068.4532382,0,-4,-130
1767173068.4632382,-1,-6,-128
1767173068.4732382,0,-3,-125
1767173068.4832382,-2,-1,-127
1767173068.4932382,-1,2,-126
1767173068.5032382,-3,1,-123
1767173068.5132382,-2,-3,-134
1767173068.5232382,-1,-6,-136
1767173068.5332382,-2,-3,-138
1767173068.5432382,-3,1,-137
1767173068.5532382,-5,4,-132
1767173068.563238,-4,1,-130
1767173068.573238,0,1,-136
1767173068.583238,0,2,-131
1767173068.593238,3,1,-128
1767173068.603238,7,-2,-132
1767173068.613238,5,-3,-132
1767173068.623238,5,0,-142
1767173068.633238,1,0,-143
1767173068.643238,-2,-4,-140
1767173068.653238,0,-4,-133
1767173068.663238,-5,-2,-134
1767173068.673238,-4,0,-133
1767173068.6832385,-1,1,-137
1767173068.6932385,-4,2,-136
1767173068.7032382,-5,2,-128
1767173068.7132382,-7,0,-122
1767173068.7232382,-4,-1,-121
1767173068.7332382,-2,0,-124
1767173068.7432382,0,0,-124
1767173068.7532382,1,0,-126
1767173068.7632382,0,3,-126
1767173068.7732382,1,4,-130
1767173068.784238,0,1,-131
1767173068.7932382,1,0,-137
1767173068.8032382,2,0,-132
1767173068.814238,-2,0,-134
1767173068.824238,-3,0,-134
1767173068.834238,-4,0,-135
1767173068.844238,-2,0,-133
1767173068.8542385,-3,0,-124
1767173068.8642385,-3,2,-126
1767173068.8742385,-3,3,-124
1767173068.8842382,-1,-1,-122
1767173068.8942382,-2,2,-123
1767173068.9042382,-3,0,-119
1767173068.9142382,-12,0,-117
1767173068.9242382,-9,3,-124
1767173068.9342382,-9,5,-126
1767173068.9442382,-9,3,-131
1767173068.9542382,-4,-1,-131
1767173068.9642382,-5,1,-134
1767173068.9742382,-7,2,-129
1767173068.984238,-2,0,-123
1767173068.994238,-1,-5,-124
1767173069.004238,-1,-4,-122
1767173069.014238,-3,-4,-126
1767173069.024238,-2,0,-126
1767173069.034238,2,0,-121
1767173069.044238,4,-2,-120
1767173069.054238,6,4,-128
1767173069.064238,2,4,-134
1767173069.074238,-3,2,-136
1767173069.084238,-1,-2,-129
1767173069.094238,1,-2,-128
1767173069.1042385,0,-3,-124
1767173069.1142385,-1,-5,-123
1767173069.1242385,-2,-7,-119
1767173069.1342382,-1,-3,-119
1767173069.1442382,-1,-1,-121
1767173069.1542382,-2,0,-126
1767173069.1642382,-1,0,-129
1767173069.1742382,-4,-2,-131
1767173069.1842382,-3,-2,-132
1767173069.1942382,-4,-6,-130
1767173069.2042382,2,-5,-127
1767173069.2142382,-2,-7,-129
1767173069.2242382,-3,-8,-132
1767173069.234238,1,-7,-132
1767173069.244238,2,-8,-131
1767173069.254238,1,-6,-130
1767173069.264238,-1,-3,-132
1767173069.274238,1,-2,-129
1767173069.284238,0,-1,-128
1767173069.294238,-1,-5,-123
1767173069.304238,1,-7,-124
1767173069.314238,3,-4,-124
1767173069.324238,5,-3,-131
1767173069.334238,5,-4,-124
1767173069.344238,6,-3,-129
1767173069.3542385,7,-4,-126
1767173069.3642385,5,-2,-130
1767173069.3742385,0,0,-140
1767173069.3842382,-3,-2,-135
1767173069.3942382,-6,-4,-129
1767173069.4042382,-4,2,-127
1767173069.4142382,4,2,-127
1767173069.4242382,4,3,-127
1767173069.4342382,0,2,-127
1767173069.4442382,-4,1,-127
1767173069.4542382,0,-1,-126
1767173069.4642382,-1,-6,-123
1767173069.4742382,-2,-10,-128
1767173069.484238,-2,-11,-136
1767173069.494238,-5,-4,-136
1767173069.504238,0,-6,-139
1767173069.514238,1,-4,-136
1767173069.524238,1,-2,-129
1767173069.534238,0,-2,-131
1767173069.544238,5,-1,-128
1767173069.554238,5,0,-124
1767173069.564238,9,-3,-121
1767173069.574238,5,-5,-125
1767173069.584238,1,-2,-124
1767173069.594238,0,0,-128
1767173069.6042385,-1,0,-136
1767173069.6142385,2,0,-142
1767173069.6242385,0,1,-140
1767173069.6342382,2,3,-142
1767173069.6442382,5,4,-142
1767173069.6542382,2,4,-140
1767173069.6642382,-1,4,-136
1767173069.6742382,-7,3,-141
1767173069.6842382,-9,0,-137
1767173069.6942382,-6,-3,-137
1767173069.7042382,-4,-4,-132
1767173069.7142382,0,-1,-133
1767173069.7242382,2,2,-135
1767173069.734238,2,4,-128
1767173069.744238,0,1,-127
1767173069.754238,0,0,-124
1767173069.764238,0,1,-124
1767173069.774238,-3,0,-122
1767173069.784238,-4,-1,-129
1767173069.794238,-7,-3,-133
1767173069.804238,-6,-5,-137
1767173069.814238,-2,-9,-135
1767173069.824238,-2,-13,-135
1767173069.834238,1,-11,-131
1767173069.844238,2,-10,-127
1767173069.8542385,2,-11,-132
1767173069.8642385,7,-9,-135
1767173069.8742385,9,-6,-137
1767173069.8842382,11,-3,-137
1767173069.8942382,3,-5,-130
1767173069.9042382,-3,0,-128
1767173069.9142382,-1,0,-125
1767173069.936238,1,2,-134
1767173069.9442382,0,0,-130
1767173069.9542382,-2,-2,-136
1767173069.9642382,2,-4,-136
1767173069.9742382,2,-3,-134
1767173069.984238,3,-2,-127
1767173069.994238,6,-1,-134
1767173070.004238,5,1,-133
1767173070.014238,5,0,-134
1767173070.024238,2,0,-127
1767173070.034238,2,1,-127
1767173070.044238,1,0,-130
1767173070.054238,1,1,-127
1767173070.064238,-3,2,-131
1767173070.074238,-5,0,-128
1767173070.084238,-2,0,-127
1767173070.094238,-1,0,-120
1767173070.1042385,-4,-1,-121
1767173070.1142385,-6,-4,-121
1767173070.1242385,-3,-9,-128
1767173070.1342382,-2,-11,-122
1767173070.1442382,1,-9,-125
1767173070.1542382,-2,-5,-125
1767173070.1642382,-3,-3,-129
1767173070.1742382,0,-3,-128
1767173070.1842382,0,0,-130
1767173070.1942382,-3,0,-132
1767173070.2042382,-2,-7,-132
1767173070.2142382,-3,-5,-140
1767173070.2242382,-1,-4,-133
1767173070.234238,3,-2,-127
1767173070.244238,3,0,-135
1767173070.254238,-2,2,-133
1767173070.264238,0,1,-130
1767173070.274238,3,-3,-132
1767173070.284238,8,-2,-129
1767173070.294238,6,0,-129
1767173070.304238,6,-2,-127
1767173070.314238,5,-4,-133
1767173070.324238,1,-2,-129
1767173070.334238,-3,-4,-135
1767173070.344238,-3,-4,-135
1767173070.3542385,0,-2,-137
1767173070.3642385,0,0,-136
1767173070.3742385,0,1,-140
1767173070.3842382,0,1,-130
1767173070.3942382,0,3,-134
1767173070.4042382,-3,3,-134
1767173070.4142382,-2,5,-139
1767173070.4242382,0,6,-136
1767173070.4342382,0,8,-131
1767173070.4442382,-1,6,-130
1767173070.4542382,0,3,-129
1767173070.4642382,6,2,-135
1767173070.4742382,6,2,-139
1767173070.484238,5,1,-135
1767173070.494238,2,0,-136
1767173070.504238,0,-2,-143
1767173070.514238,2,-6,-144
1767173070.524238,2,-4,-143
1767173070.534238,4,-3,-140
1767173070.544238,4,-1,-139
1767173070.554238,7,-1,-131
1767173070.564238,9,-2,-131
1767173070.574238,7,-1,-134
1767173070.584238,6,2,-131
1767173070.594238,7,3,-134
1767173070.6042385,8,4,-135
1767173070.6142385,5,3,-136
1767173070.6252382,10,6,-138
1767173070.6342382,7,7,-136
1767173070.6442382,6,5,-141
1767173070.6542382,5,4,-137
1767173070.6642382,0,4,-128
1767173070.6742382,-1,1,-121
1767173070.6842382,0,2,-121
1767173070.6942382,-4,1,-127
1767173070.7042382,-1,3,-130
1767173070.7142382,-2,2,-130
1767173070.7242382,-1,1,-132
1767173070.734238,4,-2,-137
1767173070.744238,2,-1,-136
1767173070.754238,0,-4,-140
1767173070.764238,-2,-1,-135
1767173070.774238,-8,-5,-131
1767173070.784238,-8,-10,-126
1767173070.794238,-4,-7,-125
1767173070.804238,-5,-4,-124
1767173070.814238,-8,-3,-126
1767173070.824238,-5,-1,-127
1767173070.834238,-2,0,-127
1767173070.844238,-2,-3,-129
1767173070.8542385,1,-4,-133
1767173070.8642385,1,-5,-133
1767173070.8742385,0,-8,-133
1767173070.8842382,5,-8,-136
1767173070.8942382,5,-5,-139
1767173070.9042382,3,-7,-136
1767173070.9142382,6,-5,-136
1767173070.9242382,5,-5,-132
1767173070.9342382,6,-3,-130
1767173070.9442382,1,0,-130
1767173070.9542382,1,1,-133
1767173070.9642382,0,1,-133
1767173070.9742382,0,0,-136
1767173070.984238,0,1,-134
1767173070.994238,2,0,-129
1767173071.004238,0,0,-131
1767173071.014238,5,-3,-133
1767173071.024238,4,0,-128
1767173071.034238,-1,-1,-129
1767173071.044238,0,0,-130
1767173071.054238,-1,0,-133
1767173071.064238,-1,0,-134
1767173071.074238,0,0,-134
1767173071.084238,-4,0,-135
1767173071.094238,-3,1,-136
1767173071.1042385,-3,4,-137
1767173071.1142385,-6,3,-140
1767173071.1242385,-10,1,-138
1767173071.1342382,-14,4,-134
1767173071.1442382,-9,2,-125
1767173071.1542382,-2,-2,-120
1767173071.1642382,2,0,-123
1767173071.1742382,0,-3,-124
1767173071.1842382,3,-5,-128
1767173071.1942382,1,-2,-132
1767173071.2042382,1,-3,-137
1767173071.2142382,-1,-1,-133
1767173071.2242382,0,-2,-137
1767173071.234238,0,-2,-136
1767173071.244238,0,-4,-142
1767173071.254238,-1,-8,-141
1767173071.264238,-4,-7,-138
1767173071.274238,-1,-6,-136
1767173071.284238,2,0,-136
1767173071.294238,0,-1,-132
1767173071.304238,0,1,-129
1767173071.314238,0,1,-128
1767173071.324238,-1,0,-131
1767173071.334238,0,4,-131
1767173071.344238,-5,4,-130
1767173071.3542385,-2,-1,-132
1767173071.3642385,-2,-3,-126
1767173071.3742385,0,1,-126
1767173071.3842382,4,1,-127
1767173071.3952382,3,2,-126
1767173071.4042382,2,2,-123
1767173071.4142382,0,2,-115
1767173071.4242382,1,3,-114
1767173071.435238,2,5,-125
1767173071.445238,3,2,-128
1767173071.455238,4,1,-125
1767173071.465238,2,2,-132
1767173071.475238,-2,0,-134
1767173071.485238,-1,0,-132
1767173071.495238,-4,0,-130
1767173071.505238,-4,0,-139
1767173071.515238,-2,-1,-137
1767173071.525238,1,-2,-137
1767173071.5352385,1,-2,-136
1767173071.5452385,3,-3,-137
1767173071.5552382,5,-5,-135
1767173071.5652382,11,-3,-140
1767173071.5752382,10,-3,-138
1767173071.5852382,8,-3,-136
1767173071.5952382,4,-1,-136
1767173071.6052382,1,-4,-138
1767173071.6152382,2,-6,-137
1767173071.6252382,0,-6,-137
1767173071.6352382,-4,-6,-139
1767173071.6452382,-3,-6,-137
1767173071.6552382,-2,-2,-136
1767173071.665238,-1,-1,-139
1767173071.675238,-4,-2,-139
1767173071.685238,0,-1,-140
1767173071.695238,1,0,-139
1767173071.705238,6,3,-138
1767173071.715238,4,1,-139
1767173071.725238,1,1,-135
1767173071.735238,-1,0,-127
1767173071.745238,-2,-1,-129
1767173071.755238,-6,0,-126
1767173071.765238,-3,0,-130
1767173071.775238,-1,0,-123
1767173071.7852385,0,-4,-125
1767173071.7952385,2,0,-126
1767173071.8052382,1,-2,-119
1767173071.8152382,1,-6,-123
1767173071.8252382,1,-4,-129
1767173071.8352382,2,0,-134
1767173071.8452382,0,-2,-137
1767173071.8552382,0,-3,-134
1767173071.8652382,-2,-3,-137
1767173071.8752382,0,0,-131
1767173071.8852382,4,2,-129
1767173071.8952382,4,4,-132
1767173071.9052382,3,6,-137
1767173071.915238,3,4,-137
1767173071.925238,2,3,-139
1767173071.935238,2,3,-139
1767173071.945238,5,2,-139
1767173071.955238,5,2,-137
1767173071.965238,3,2,-131
1767173071.975238,6,-1,-137
1767173071.985238,9,-2,-133
1767173071.995238,9,-5,-126
1767173072.005238,10,-7,-132
1767173072.015238,11,-5,-133
1767173072.025238,10,-3,-132
1767173072.0352385,9,-5,-133
1767173072.0452385,7,-3,-134
1767173072.0552382,3,-3,-133
1767173072.0652382,1,-4,-131
1767173072.0752382,0,-2,-128
1767173072.0852382,-2,1,-132
1767173072.0952382,-4,0,-131
1767173072.1052382,-4,0,-129
1767173072.1152382,-3,0,-125
1767173072.1252382,-1,0,-128
1767173072.1352382,5,2,-131
1767173072.1452382,10,3,-130
1767173072.1552382,9,4,-128
1767173072.165238,5,4,-135
1767173072.175238,3,5,-136
1767173072.185238,0,2,-136
1767173072.195238,0,-1,-132
1767173072.205238,1,-5,-134
1767173072.215238,2,-2,-132
1767173072.225238,-1,0,-126
1767173072.235238,-4,0,-128
1767173072.245238,-4,-1,-131
1767173072.255238,0,-4,-137
1767173072.265238,0,-3,-137
1767173072.275238,1,-2,-134
1767173072.2852385,0,-2,-136
1767173072.2952385,1,2,-134
1767173072.3052382,0,0,-131
1767173072.3152382,3,-2,-132
1767173072.3252382,2,-6,-136
1767173072.3352382,-3,-4,-135
1767173072.3452382,-1,0,-133
1767173072.3552382,-4,0,-128
1767173072.3652382,-7,2,-138
1767173072.3752382,-5,-1,-137
1767173072.3852382,-3,-2,-132
1767173072.3952382,-2,0,-131
1767173072.4052382,2,0,-131
1767173072.415238,2,-4,-128
1767173072.425238,4,-2,-122
1767173072.435238,6,-5,-128
1767173072.445238,3,-1,-132
1767173072.455238,1,-1,-127
1767173072.465238,0,-4,-133
1767173072.475238,-4,-6,-135
1767173072.485238,-2,-4,-131
1767173072.495238,-2,-1,-137
1767173072.505238,-1,-1,-132
1767173072.515238,-3,-1,-138
1767173072.525238,0,-3,-136
1767173072.5352385,-5,-3,-132
1767173072.5452385,-4,-5,-132
1767173072.5552382,-3,-4,-132
1767173072.5652382,1,-1,-132
1767173072.5752382,-1,0,-129
1767173072.5852382,-3,1,-128
1767173072.5952382,-3,2,-125
1767173072.6052382,0,5,-122
1767173072.6152382,1,3,-124
1767173072.6252382,2,2,-125
1767173072.6352382,5,2,-123
1767173072.6452382,4,3,-123
1767173072.6552382,2,0,-124
1767173072.665238,2,-1,-126
1767173072.675238,3,0,-121
1767173072.685238,2,4,-116
1767173072.695238,-2,0,-120
1767173072.705238,0,-5,-124
1767173072.715238,3,-9,-123
1767173072.725238,3,-6,-127
1767173072.735238,6,-4,-129
1767173072.745238,10,-4,-134
1767173072.755238,5,-5,-137
1767173072.765238,7,-5,-125
1767173072.775238,4,-10,-122
1767173072.7852385,2,-11,-118
1767173072.7952385,-6,-6,-116
1767173072.8052382,-8,-2,-114
1767173072.8152382,-5,-2,-120
1767173072.8252382,-2,-3,-122
1767173072.8352382,-3,-2,-130
1767173072.8452382,2,-2,-128
1767173072.8552382,5,1,-128
1767173072.8652382,3,7,-128
1767173072.8752382,1,6,-132
1767173072.8852382,-2,3,-121
1767173072.8952382,-3,1,-120
1767173072.9052382,-3,-1,-118
1767173072.915238,-6,-4,-123
1767173072.925238,-7,-5,-127
1767173072.935238,-10,-6,-127
1767173072.945238,-13,-1,-123
1767173072.955238,-13,-2,-129
1767173072.965238,-13,-2,-136
1767173072.975238,-7,0,-133
1767173072.985238,-5,-1,-134
1767173072.995238,-5,-4,-139
1767173073.005238,-5,-6,-133
1767173073.015238,-7,-6,-136
1767173073.025238,-6,-5,-130
1767173073.0352385,-8,-3,-122
1767173073.0452385,-3,0,-127
1767173073.0552382,-1,-2,-129
1767173073.0652382,-4,-5,-132
1767173073.0752382,-4,-2,-136
1767173073.0852382,0,-7,-139
1767173073.0952382,0,-10,-134
1767173073.1052382,0,-9,-141
1767173073.1152382,-2,-12,-141
1767173073.1252382,3,-7,-137
1767173073.1352382,7,-4,-130
1767173073.1452382,6,-6,-128
1767173073.1552382,3,-4,-121
1767173073.165238,3,-6,-121
1767173073.175238,0,-5,-125
1767173073.185238,5,-1,-127
1767173073.195238,3,1,-130
1767173073.205238,6,-2,-127
1767173073.215238,9,2,-127
1767173073.225238,2,0,-125
1767173073.235238,4,-2,-126
1767173073.245238,6,-2,-124
1767173073.255238,5,-3,-118
1767173073.265238,8,-2,-114
1767173073.275238,2,-3,-116
1767173073.2852385,1,2,-123
1767173073.2952385,-5,2,-124
1767173073.3052382,-4,0,-124
1767173073.3152382,-4,-3,-124
1767173073.3252382,-4,-4,-130
1767173073.3352382,-4,0,-135
1767173073.3452382,-5,1,-133
1767173073.3552382,-7,1,-126
1767173073.3652382,-6,-1,-130
1767173073.3752382,-8,-4,-129
1767173073.3852382,-5,-3,-127
1767173073.3952382,-5,-7,-130
1767173073.4052382,2,-5,-127
1767173073.415238,1,-5,-128
1767173073.425238,0,-4,-131
1767173073.435238,2,-7,-135
1767173073.445238,3,-7,-136
1767173073.455238,1,-4,-137
1767173073.465238,0,-6,-133
1767173073.475238,-1,-7,-130
1767173073.485238,-3,-4,-124
1767173073.495238,0,-6,-119
1767173073.505238,-3,-4,-122
1767173073.515238,-5,3,-123
1767173073.525238,-5,0,-127
1767173073.5352385,-9,-3,-127
1767173073.5452385,-8,-4,-131
1767173073.5552382,-5,-3,-128
1767173073.5652382,-1,0,-129
1767173073.5752382,0,6,-127
1767173073.5852382,0,0,-122
1767173073.5952382,-5,-3,-120
1767173073.6052382,-5,-3,-125
1767173073.6152382,-2,-2,-125
1767173073.6252382,0,-3,-126
1767173073.6352382,2,-4,-133
1767173073.6452382,1,-5,-135
1767173073.6552382,-1,-10,-138
1767173073.665238,0,-7,-139
1767173073.675238,-5,-10,-135
1767173073.685238,-6,-9,-131
1767173073.695238,-7,-8,-129
1767173073.705238,-7,-7,-131
1767173073.715238,-5,-3,-132
1767173073.725238,0,1,-131
1767173073.735238,1,4,-133
1767173073.745238,-1,0,-133
1767173073.755238,-1,4,-129
1767173073.765238,0,2,-134
1767173073.775238,-3,-2,-131
1767173073.7852385,-4,-5,-130
1767173073.7952385,2,-3,-131
1767173073.8052382,0,-6,-129
1767173073.8152382,0,-8,-127
1767173073.8252382,-1,-9,-135
1767173073.8352382,-1,-6,-139
1767173073.8452382,-1,-3,-138
1767173073.8552382,-2,-2,-138
1767173073.8652382,0,-1,-137
1767173073.8752382,4,0,-133
1767173073.8852382,1,0,-133
1767173073.8952382,-3,-2,-130
1767173073.9052382,-7,-3,-127
1767173073.915238,-6,-3,-126
1767173073.925238,-8,-2,-123
1767173073.935238,-5,-4,-126
1767173073.945238,0,-5,-127
1767173073.955238,3,-4,-124
1767173073.965238,2,-10,-125
1767173073.9762385,1,-12,-121
1767173073.985238,1,-11,-124
1767173073.995238,-1,-9,-125
1767173074.005238,0,-9,-119
1767173074.015238,1,-7,-119
1767173074.025238,0,-5,-128
1767173074.0362382,-2,-7,-126
1767173074.0462382,-5,-8,-130
1767173074.0562382,-2,-4,-136
1767173074.0662382,-3,-5,-134
1767173074.0762382,-4,-6,-132
1767173074.086238,-3,-4,-120
1767173074.096238,0,-2,-117
1767173074.106238,0,-2,-120
1767173074.116238,3,-3,-120
1767173074.126238,0,-4,-116
1767173074.136238,0,-8,-120
1767173074.146238,-1,-11,-117
1767173074.156238,-2,-6,-126
1767173074.166238,-1,-2,-134
1767173074.176238,-3,-2,-134
1767173074.186238,-2,0,-132
1767173074.196238,0,0,-128
1767173074.2062385,-3,4,-124
1767173074.2162385,-1,6,-124
1767173074.2262385,0,7,-124
1767173074.2362382,2,3,-128
1767173074.2462382,4,1,-127
1767173074.2562382,4,1,-126
1767173074.2662382,3,-1,-133
1767173074.2762382,0,-4,-126
1767173074.2862382,0,-3,-129
1767173074.2962382,4,-4,-133
1767173074.3062382,0,-1,-136
1767173074.3162382,2,-1,-132
1767173074.3262382,-2,-2,-133
1767173074.336238,-4,-2,-134
1767173074.346238,-7,-3,-136
1767173074.356238,-9,-4,-130
1767173074.366238,-7,-3,-127
1767173074.376238,-5,-1,-122
1767173074.386238,-5,2,-123
1767173074.396238,-1,-2,-128
1767173074.406238,-2,0,-132
1767173074.416238,-2,0,-136
1767173074.426238,-1,-4,-133
1767173074.436238,0,-5,-127
1767173074.446238,-2,-3,-126
1767173074.4562385,-2,-8,-120
1767173074.4662385,-1,-9,-118
1767173074.4762385,0,-9,-120
1767173074.4862382,2,-10,-125
1767173074.4962382,-2,-11,-128
1767173074.5062382,-1,-11,-132
1767173074.5162382,0,-12,-127
1767173074.5262382,-4,-9,-125
1767173074.5362382,-3,-6,-122
1767173074.5462382,0,-5,-122
1767173074.5562382,5,-6,-124
1767173074.5662382,3,-5,-123
1767173074.5762382,1,-3,-126
1767173074.586238,-1,0,-131
1767173074.596238,-1,-6,-134
1767173074.606238,0,-7,-138
1767173074.616238,-5,-4,-139
1767173074.626238,-7,0,-135
1767173074.636238,-3,-2,-129
1767173074.646238,-4,-1,-126
1767173074.656238,-6,-2,-124
1767173074.666238,-3,-1,-128
1767173074.676238,-1,0,-126
1767173074.686238,1,-1,-130
1767173074.696238,-1,-2,-129
1767173074.7062385,-1,-1,-134
1767173074.7162385,3,-7,-139
1767173074.7262385,1,-7,-140
1767173074.7362382,0,-9,-143
1767173074.7462382,0,-7,-143
1767173074.7562382,-6,-7,-139
1767173074.7662382,-2,-6,-137
1767173074.7762382,-1,-5,-137
1767173074.7862382,-1,0,-136
1767173074.7962382,-3,-1,-138
1767173074.8062382,-1,-3,-133
1767173074.8162382,-3,-1,-129
1767173074.8262382,0,-2,-122
1767173074.836238,4,-3,-114
1767173074.846238,8,-6,-114
1767173074.856238,3,-3,-117
1767173074.866238,1,-2,-115
1767173074.876238,-1,0,-125
1767173074.886238,6,0,-122
1767173074.896238,4,1,-120
1767173074.906238,4,0,-122
1767173074.916238,2,-2,-128
1767173074.926238,1,-1,-130
1767173074.948238,0,-1,-126
1767173074.9562385,-1,-4,-127
1767173074.9662385,1,-8,-128
1767173074.9762385,1,-6,-127
1767173074.9862382,0,-4,-131
1767173074.9962382,-1,-5,-133
1767173075.0062382,0,-5,-137
1767173075.0162382,0,-6,-129
1767173075.0262382,0,-10,-125
1767173075.0362382,1,-10,-129
1767173075.0462382,3,-10,-137
1767173075.0562382,0,-3,-137
1767173075.0662382,1,-1,-139
1767173075.0762382,1,4,-139
1767173075.086238,0,2,-140
1767173075.096238,5,-6,-140
1767173075.106238,5,-10,-134
1767173075.116238,6,-7,-132
1767173075.126238,9,-4,-125
1767173075.136238,9,-3,-124
1767173075.146238,4,-1,-127
1767173075.156238,0,-1,-133
1767173075.166238,0,-1,-129
1767173075.176238,0,-2,-127
1767173075.186238,1,0,-130
1767173075.196238,4,-1,-127
1767173075.2062385,-2,0,-129
1767173075.2162385,-7,-6,-123
1767173075.2262385,-8,-4,-125
1767173075.2362382,-9,-1,-124
1767173075.2462382,-11,0,-124
1767173075.2562382,-8,1,-126
1767173075.2662382,-5,3,-130
1767173075.2762382,-3,3,-128
1767173075.2862382,-3,5,-133
1767173075.2962382,-2,5,-137
1767173075.3062382,0,1,-136
1767173075.3162382,-2,0,-131
1767173075.3262382,-1,-2,-133
1767173075.336238,-2,-3,-129
1767173075.346238,2,0,-123
1767173075.356238,0,1,-126
1767173075.366238,0,2,-132
1767173075.376238,0,3,-129
1767173075.386238,-4,0,-129
1767173075.396238,-7,-3,-123
1767173075.406238,-6,0,-129
1767173075.416238,-7,-3,-129
1767173075.426238,-2,-8,-133
1767173075.436238,-2,-7,-133
1767173075.446238,-4,-8,-128
1767173075.4562385,0,-5,-131
1767173075.4662385,1,-3,-140
1767173075.4762385,-3,-2,-143
1767173075.4862382,-3,0,-143
1767173075.4962382,-6,1,-132
1767173075.5062382,-7,1,-128
1767173075.5162382,-8,-2,-127
1767173075.5262382,-10,-4,-126
1767173075.5362382,-14,-2,-125
1767173075.5462382,-13,-2,-129
1767173075.5562382,-12,-3,-125
1767173075.5662382,-7,0,-126
1767173075.5762382,-7,-2,-124
1767173075.586238,-8,-3,-125
1767173075.596238,-10,0,-135
1767173075.606238,-8,-3,-137
1767173075.616238,-5,-2,-134
1767173075.626238,-3,0,-134
1767173075.636238,-1,1,-135
1767173075.646238,-2,2,-133
1767173075.656238,-3,2,-135
1767173075.666238,1,0,-129
1767173075.676238,0,1,-130
1767173075.686238,0,1,-121
1767173075.696238,-3,3,-129
1767173075.7062385,-1,-1,-126
1767173075.7162385,-1,0,-127
1767173075.7262385,0,1,-130
1767173075.7362382,0,3,-131
1767173075.7462382,-1,1,-131
1767173075.7562382,-2,0,-130
1767173075.7662382,-4,0,-126
1767173075.7762382,-12,0,-133
1767173075.7862382,-8,4,-137
1767173075.7962382,-8,4,-132
1767173075.8062382,-4,3,-132
1767173075.8162382,-2,2,-135
1767173075.8262382,0,1,-137
1767173075.836238,-2,2,-139
1767173075.846238,-2,5,-138
1767173075.856238,-1,4,-141
1767173075.866238,-2,2,-141
1767173075.876238,-4,4,-136
1767173075.886238,-5,2,-134
1767173075.896238,-4,2,-138
1767173075.906238,-5,2,-141
1767173075.916238,-4,0,-136
1767173075.926238,0,0,-124
1767173075.936238,0,0,-122
1767173075.946238,-1,-3,-122
1767173075.9562385,0,-8,-129
1767173075.9662385,-3,-5,-126
1767173075.9762385,-4,-4,-127
1767173075.9862382,-1,-4,-131
1767173075.9962382,1,-4,-134
1767173076.0062382,0,-3,-129
1767173076.0162382,-1,-7,-132
1767173076.0262382,-2,-5,-134
1767173076.0362382,0,-4,-123
1767173076.0462382,-1,-6,-118
1767173076.0562382,0,-5,-117
1767173076.0662382,0,-3,-122
1767173076.0762382,-3,0,-120
1767173076.086238,-1,0,-123
1767173076.096238,3,0,-118
1767173076.106238,2,-1,-120
1767173076.116238,2,0,-121
1767173076.126238,0,4,-120
1767173076.136238,-4,3,-122
1767173076.146238,-9,0,-119
1767173076.156238,-12,-3,-115
1767173076.166238,-14,-6,-114
1767173076.176238,-9,-4,-120
1767173076.186238,-6,0,-124
1767173076.196238,-1,2,-118
1767173076.2062385,-4,2,-125
1767173076.2162385,-5,1,-130
1767173076.2262385,-4,2,-134
1767173076.2362382,0,3,-140
1767173076.2462382,0,1,-139
1767173076.2562382,-2,1,-136
1767173076.2662382,0,5,-129
1767173076.2762382,-2,3,-129
1767173076.2862382,-1,1,-128
1767173076.2962382,-1,3,-124
1767173076.3062382,-3,-2,-127
1767173076.3162382,-1,0,-122
1767173076.3262382,-1,0,-137
1767173076.336238,-4,1,-133
1767173076.346238,-5,1,-135
1767173076.356238,-1,1,-139
1767173076.366238,0,0,-136
1767173076.376238,4,-4,-138
1767173076.386238,6,-6,-139
1767173076.396238,4,-2,-135
1767173076.406238,5,-1,-130
1767173076.416238,6,-4,-131
1767173076.426238,5,-2,-133
1767173076.436238,5,-3,-133
1767173076.446238,0,-4,-132
1767173076.4562385,0,-2,-136
1767173076.4662385,0,-1,-133
1767173076.4762385,0,-1,-131
1767173076.4862382,-2,-2,-126
1767173076.4962382,1,-5,-129
1767173076.5062382,3,-6,-127
1767173076.5162382,3,-5,-131
1767173076.5262382,5,-3,-134
1767173076.5362382,6,0,-141
1767173076.5462382,6,2,-144
1767173076.5562382,-1,-1,-139
1767173076.5662382,-4,0,-141
1767173076.5762382,-2,-1,-142
1767173076.586238,-6,-6,-142
1767173076.596238,-10,-10,-139
1767173076.606238,-6,-8,-138
1767173076.616238,-5,-5,-136
1767173076.626238,-5,-6,-132
1767173076.636238,-7,-4,-132
1767173076.6472385,-8,-1,-133
1767173076.6572382,-7,-5,-133
1767173076.6672382,-8,-4,-134
1767173076.6772382,-6,-5,-131
1767173076.686238,-4,-3,-129
1767173076.6972382,3,-4,-119
1767173076.7072382,1,-5,-120
1767173076.7172382,0,-5,-121
1767173076.7272382,-5,-4,-131
1767173076.7372382,-3,-1,-127
1767173076.7472382,-3,0,-129
1767173076.757238,-4,0,-128
1767173076.767238,-4,0,-130
1767173076.777238,-3,-1,-130
1767173076.787238,-3,-1,-131
1767173076.797238,-5,-1,-134
1767173076.807238,-3,0,-136
1767173076.817238,-2,-1,-136
1767173076.827238,1,-1,-131
1767173076.837238,4,0,-130
1767173076.847238,6,2,-125
1767173076.857238,4,-2,-124
1767173076.867238,2,-5,-123
1767173076.877238,5,-6,-118
1767173076.8872385,2,-6,-118
1767173076.8972385,-1,-7,-121
1767173076.9072382,-8,-8,-118
1767173076.9172382,-10,-9,-125
1767173076.9272382,-13,-8,-127
1767173076.9372382,-12,-6,-127
1767173076.9472382,-5,-7,-112
1767173076.9572382,-3,-4,-116
1767173076.9672382,-6,-3,-116
1767173076.9772382,-4,-2,-118
1767173076.9872382,-2,-2,-121
1767173076.9972382,-1,-1,-121
1767173077.007238,1,-3,-126
1767173077.017238,0,-5,-121
1767173077.027238,0,-5,-123
1767173077.037238,0,-4,-126
1767173077.047238,0,-1,-124
1767173077.057238,0,0,-126
1767173077.067238,-2,-1,-129
1767173077.077238,3,-2,-129
1767173077.087238,7,-4,-136
1767173077.097238,3,-5,-139
1767173077.107238,3,-5,-142
1767173077.117238,1,-8,-139
1767173077.127238,6,-6,-136
1767173077.1372385,9,-8,-136
1767173077.1472385,3,-8,-143
1767173077.1572382,-1,-7,-140
1767173077.1672382,1,-6,-143
1767173077.1772382,0,-5,-136
1767173077.1872382,1,-7,-137
1767173077.1972382,-3,-6,-137
1767173077.2072382,-6,-5,-135
1767173077.2172382,-4,-3,-138
1767173077.2272382,-4,-1,-134
1767173077.2372382,-3,0,-131
1767173077.2472382,-6,0,-130
1767173077.257238,-6,-1,-126
1767173077.267238,-6,0,-125
1767173077.277238,-5,0,-127
1767173077.287238,-5,2,-131
1767173077.297238,-7,-1,-129
1767173077.307238,-5,0,-132
1767173077.317238,0,1,-137
1767173077.327238,2,0,-130
1767173077.337238,8,-3,-126
1767173077.347238,11,-1,-126
1767173077.357238,10,-3,-121
1767173077.367238,8,-2,-119
1767173077.377238,6,-3,-120
1767173077.3872385,6,-5,-116
1767173077.3972385,7,-7,-118
1767173077.4072382,6,-3,-123
1767173077.4172382,6,0,-129
1767173077.4272382,2,1,-128
1767173077.4372382,2,2,-129
1767173077.4472382,-1,0,-133
1767173077.4572382,3,-1,-129
1767173077.4672382,2,0,-131
1767173077.4772382,0,-1,-132
1767173077.4872382,4,-1,-131
1767173077.4972382,2,-3,-134
1767173077.507238,2,-7,-129
1767173077.517238,-3,-4,-126
1767173077.527238,-7,-5,-128
1767173077.537238,-7,-4,-127
1767173077.547238,-4,-4,-132
1767173077.557238,0,-4,-130
1767173077.567238,0,0,-124
1767173077.577238,2,2,-128
1767173077.587238,0,3,-133
1767173077.597238,-3,3,-135
1767173077.607238,0,1,-135
1767173077.617238,0,0,-137
1767173077.627238,-3,-1,-132
1767173077.6372385,0,-5,-134
1767173077.6472385,2,-5,-130
1767173077.6572382,0,-4,-130
1767173077.6672382,4,-3,-134
1767173077.6772382,4,-5,-131
1767173077.6872382,5,-2,-133
1767173077.6972382,0,-4,-129
1767173077.7072382,-1,-3,-134
1767173077.7172382,2,-2,-136
1767173077.7272382,6,-3,-132
1767173077.7372382,3,0,-128
1767173077.7472382,1,2,-130
1767173077.757238,0,2,-128
1767173077.767238,2,0,-129
1767173077.777238,2,0,-127
1767173077.787238,-1,0,-127
1767173077.797238,-6,-1,-124
1767173077.807238,-1,-5,-125
1767173077.817238,-4,-4,-124
1767173077.827238,-4,1,-125
1767173077.837238,-2,-1,-125
1767173077.847238,-4,-5,-119
1767173077.857238,-6,-3,-118
1767173077.867238,-6,-3,-113
1767173077.877238,-5,-6,-115
1767173077.8872385,-6,-5,-118
1767173077.8972385,-6,-3,-128
1767173077.9072382,-5,0,-132
1767173077.9172382,-2,1,-133
1767173077.9272382,-2,-1,-137
1767173077.9372382,-6,-3,-131
1767173077.9472382,-3,-3,-131
1767173077.9572382,-2,-3,-129
1767173077.9672382,0,-6,-129
1767173077.9772382,0,-1,-137
1767173077.9872382,-4,0,-138
1767173077.9972382,-7,-3,-139
1767173078.007238,-6,-1,-137
1767173078.017238,-3,-2,-135
1767173078.027238,-1,2,-130
1767173078.037238,-2,1,-134
1767173078.047238,1,4,-139
1767173078.057238,-1,0,-139
1767173078.067238,-6,-1,-141
1767173078.077238,-2,-2,-135
1767173078.087238,0,0,-135
1767173078.097238,0,-1,-133
1767173078.107238,1,-3,-128
1767173078.117238,3,-5,-127
1767173078.127238,1,-6,-132
1767173078.1372385,1,-8,-129
1767173078.1472385,1,-11,-135
1767173078.1572382,6,-9,-132
1767173078.1672382,3,-12,-131
1767173078.1772382,3,-7,-129
1767173078.1872382,-1,-3,-134
1767173078.1972382,-3,2,-132
1767173078.2072382,0,2,-132
1767173078.2172382,-3,3,-131
1767173078.2272382,0,0,-128
1767173078.2372382,6,0,-136
1767173078.2472382,6,0,-137
1767173078.257238,5,4,-139
1767173078.267238,4,1,-131
1767173078.277238,5,-2,-132
1767173078.287238,0,-4,-131
1767173078.297238,0,-6,-129
1767173078.307238,-1,-4,-133
1767173078.317238,-3,-5,-137
1767173078.327238,-3,-5,-136
1767173078.337238,-7,-8,-134
1767173078.347238,-8,-6,-137
1767173078.357238,0,-4,-134
1767173078.367238,1,-2,-132
1767173078.377238,3,-1,-134
1767173078.3872385,8,-4,-137
1767173078.3972385,6,-4,-132
1767173078.4072382,0,0,-131
1767173078.4172382,0,4,-130
1767173078.4272382,-7,4,-133
1767173078.4372382,-5,2,-137
1767173078.4472382,0,0,-140
1767173078.4572382,-2,1,-141
1767173078.4672382,0,0,-137
1767173078.4772382,1,0,-136
1767173078.4872382,0,-1,-132
1767173078.4972382,1,-7,-130
1767173078.507238,0,-6,-125
1767173078.517238,-2,-5,-123
1767173078.527238,0,-7,-119
1767173078.537238,-1,-5,-126
1767173078.547238,-1,-5,-125
1767173078.557238,-3,-4,-127
1767173078.567238,-4,-3,-123
1767173078.577238,-3,-5,-126
1767173078.587238,0,-2,-129
1767173078.597238,2,-4,-121
1767173078.607238,4,-3,-119
1767173078.617238,6,-2,-122
1767173078.627238,2,-5,-123
1767173078.6372385,4,-2,-123
1767173078.6472385,4,-2,-128
1767173078.6572382,5,-3,-127
1767173078.6672382,5,0,-127
1767173078.6772382,6,-3,-125
1767173078.6872382,1,-4,-123
1767173078.6972382,0,-3,-124
1767173078.7072382,-2,-1,-126
1767173078.7172382,1,-2,-128
1767173078.7272382,-1,0,-126
1767173078.7372382,0,2,-125
1767173078.7472382,0,6,-124
1767173078.757238,0,6,-122
1767173078.767238,-1,2,-132
1767173078.777238,2,-2,-132
1767173078.787238,0,-2,-136
1767173078.797238,0,-4,-132
1767173078.807238,1,-2,-128
1767173078.817238,-4,-8,-131
1767173078.827238,-6,-11,-127
1767173078.837238,-6,-12,-133
1767173078.847238,-3,-9,-135
1767173078.857238,-7,-5,-135
1767173078.867238,-3,0,-136
1767173078.877238,-5,0,-135
1767173078.8872385,-5,2,-135
1767173078.8972385,-5,-1,-135
1767173078.9072382,-4,-1,-135
1767173078.9172382,-5,3,-134
1767173078.9272382,-2,5,-131
1767173078.9372382,0,3,-137
1767173078.9472382,-2,7,-140
1767173078.9572382,0,8,-131
1767173078.9672382,1,8,-124
1767173078.9772382,0,7,-125
1767173078.9872382,0,2,-125
1767173078.9972382,-4,0,-133
1767173079.007238,-13,0,-130
1767173079.017238,-11,0,-133
1767173079.027238,-13,1,-129
1767173079.037238,-5,-1,-129
1767173079.047238,0,0,-132
1767173079.057238,0,3,-133
1767173079.067238,-5,3,-134
1767173079.077238,-1,2,-128
1767173079.087238,-7,0,-127
1767173079.097238,-7,-1,-129
1767173079.107238,-4,-1,-125
1767173079.117238,1,-3,-126
1767173079.127238,3,0,-134
1767173079.1372385,2,1,-137
1767173079.1472385,0,0,-135
1767173079.1572382,-3,-3,-139
1767173079.1672382,-2,-2,-134
1767173079.1772382,-1,-2,-135
1767173079.1872382,4,0,-137
1767173079.1972382,2,1,-138
1767173079.2072382,3,0,-137
1767173079.2172382,4,-4,-133
1767173079.2272382,4,-7,-135
1767173079.2372382,6,-4,-131
1767173079.2472382,8,-4,-131
1767173079.257238,8,-1,-122
1767173079.268238,4,-3,-126
1767173079.278238,5,-5,-131
1767173079.288238,4,-5,-134
1767173079.297238,6,-2,-137
1767173079.3082385,6,-3,-141
1767173079.3182385,0,0,-138
1767173079.3282382,0,0,-136
1767173079.3382382,-6,0,-133
1767173079.347238,-9,0,-129
1767173079.3582382,-5,0,-132
1767173079.3682382,-6,-3,-128
1767173079.3782382,-6,0,-130
1767173079.3882382,-6,5,-130
1767173079.3982382,-7,6,-135
1767173079.4082382,-9,5,-136
1767173079.4182382,-5,0,-136
1767173079.4282382,-4,0,-129
1767173079.438238,-4,0,-130
1767173079.448238,-7,-3,-133
1767173079.458238,-6,-3,-130
1767173079.468238,-1,-1,-126
1767173079.478238,1,-2,-123
1767173079.488238,1,-3,-130
1767173079.498238,1,-5,-125
1767173079.508238,4,-2,-130
1767173079.518238,5,-5,-130
1767173079.528238,7,-4,-124
1767173079.538238,6,0,-123
1767173079.548238,1,1,-124
1767173079.5582385,-4,-3,-127
1767173079.5682385,-5,-1,-128
1767173079.5782382,-7,-2,-128
1767173079.5882382,-6,-4,-132
1767173079.5982382,1,-5,-124
1767173079.6082382,0,-7,-130
1767173079.6182382,0,-7,-137
1767173079.6282382,0,-5,-130
1767173079.6382382,2,-4,-132
1767173079.6482382,5,-2,-133
1767173079.6582382,4,-1,-133
1767173079.6682382,7,-4,-137
1767173079.6782382,8,-7,-140
1767173079.688238,5,0,-141
1767173079.698238,8,-2,-141
1767173079.708238,5,-7,-137
1767173079.718238,1,-4,-134
1767173079.728238,-2,-7,-138
1767173079.738238,0,-4,-134
1767173079.748238,-2,-9,-138
1767173079.758238,-1,-5,-137
1767173079.768238,-4,-7,-133
1767173079.778238,-2,-6,-133
1767173079.788238,0,-2,-126
1767173079.798238,0,-5,-126
1767173079.8082385,-2,-3,-124
1767173079.8182385,-4,1,-126
1767173079.8282382,-3,2,-129
1767173079.8382382,-6,1,-126
1767173079.8482382,-6,5,-123
1767173079.8582382,-5,2,-126
1767173079.8682382,0,-1,-127
1767173079.8782382,-1,-4,-127
1767173079.8882382,-6,-4,-126
1767173079.8982382,-1,-5,-125
1767173079.9082382,-6,-1,-129
1767173079.9182382,-7,3,-129
1767173079.9282382,-7,4,-129
1767173079.938238,-7,4,-128
1767173079.9602382,-5,0,-124
1767173079.968238,-1,-1,-124
1767173079.978238,-6,-3,-128
1767173079.988238,-7,-1,-131
1767173079.998238,-5,-5,-129
1767173080.008238,-4,-3,-132
1767173080.018238,-4,-6,-131
1767173080.028238,-5,-6,-132
1767173080.038238,-4,-5,-128
1767173080.048238,-3,-2,-127
1767173080.0582385,-1,-7,-128
1767173080.0682385,-2,-5,-131
1767173080.0782382,3,-5,-134
1767173080.0882382,3,-6,-133
1767173080.0982382,1,-8,-140
1767173080.1082382,0,-3,-138
1767173080.1182382,-1,0,-134
1767173080.1282382,-3,0,-131
1767173080.1382382,-1,-3,-138
1767173080.1482382,-7,-3,-136
1767173080.1582382,-7,0,-137
1767173080.1682382,-4,-1,-134
1767173080.1782382,-5,-1,-127
1767173080.188238,-1,2,-126
1767173080.198238,-1,2,-127
1767173080.208238,0,2,-134
1767173080.218238,-2,0,-140
1767173080.228238,0,-2,-141
1767173080.238238,1,-2,-137
1767173080.248238,-2,-2,-132
1767173080.258238,0,-2,-130
1767173080.268238,-1,-2,-127
1767173080.278238,0,-3,-131
1767173080.288238,0,-1,-126
1767173080.298238,-1,-3,-123
1767173080.3082385,-1,-4,-121
1767173080.3182385,0,-5,-124
1767173080.3282382,1,-4,-119
1767173080.3382382,-2,-7,-116
1767173080.3482382,-4,-3,-126
1767173080.3582382,-4,0,-133
1767173080.3682382,-5,0,-131
1767173080.3782382,-9,0,-134
1767173080.3882382,-8,0,-131
1767173080.3982382,-9,1,-128
1767173080.4082382,-10,-2,-126
1767173080.4182382,-8,-2,-128
1767173080.4282382,-7,-1,-130
1767173080.438238,-4,-1,-130
1767173080.448238,-2,0,-130
1767173080.458238,0,0,-129
1767173080.468238,0,1,-126
1767173080.478238,0,3,-129
1767173080.488238,1,1,-126
1767173080.498238,2,2,-121
1767173080.508238,-2,3,-124
1767173080.518238,-2,0,-121
1767173080.528238,0,0,-122
1767173080.538238,0,-1,-119
1767173080.548238,0,-1,-125
1767173080.5582385,-2,1,-127
1767173080.5682385,0,0,-124
1767173080.5782382,2,-3,-129
1767173080.5882382,2,-3,-132
1767173080.5982382,6,-5,-138
1767173080.6082382,2,0,-130
1767173080.6182382,4,2,-130
1767173080.6282382,2,3,-133
1767173080.6382382,0,4,-136
1767173080.6482382,-1,1,-132
1767173080.6582382,2,2,-130
1767173080.6682382,5,1,-128
1767173080.6782382,8,0,-132
1767173080.688238,5,2,-127
1767173080.698238,2,3,-128
1767173080.708238,2,0,-126
1767173080.718238,1,0,-123
1767173080.728238,3,0,-127
1767173080.738238,1,0,-133
1767173080.748238,0,3,-128
1767173080.758238,3,1,-127
1767173080.768238,-1,1,-127
1767173080.778238,-4,2,-128
1767173080.788238,-4,0,-135
1767173080.798238,-4,-6,-134
1767173080.8082385,-2,-3,-140
1767173080.8182385,0,-2,-148
1767173080.8282382,0,-5,-137
1767173080.8382382,0,-6,-138
1767173080.8482382,-1,-8,-134
1767173080.8582382,-1,-7,-133
1767173080.8682382,3,-10,-134
1767173080.8782382,2,-11,-134
1767173080.8882382,2,-11,-126
1767173080.8982382,3,-12,-125
1767173080.9082382,4,-10,-126
1767173080.9182382,5,-6,-130
1767173080.9282382,1,-7,-127
1767173080.938238,-1,-3,-131
1767173080.948238,0,-5,-130
1767173080.958238,0,-2,-131
1767173080.968238,-3,-4,-128
1767173080.978238,-6,-2,-134
1767173080.988238,-7,0,-128
1767173080.998238,-9,0,-130
1767173081.008238,-8,-2,-130
1767173081.018238,-4,-4,-128
1767173081.028238,-5,-3,-129
1767173081.038238,-6,-5,-132
1767173081.048238,-5,-4,-128
1767173081.0582385,-5,-8,-131
1767173081.0682385,-6,-9,-132
1767173081.0782382,-7,-6,-132
1767173081.0882382,-4,-5,-129
1767173081.0982382,-4,-6,-126
1767173081.1082382,-3,-2,-131
1767173081.1182382,-5,0,-138
1767173081.1282382,-7,0,-139
1767173081.1382382,-4,0,-139
1767173081.1482382,1,-3,-136
1767173081.1582382,0,-4,-137
1767173081.1682382,6,-3,-143
1767173081.1782382,6,-2,-139
1767173081.188238,2,2,-133
1767173081.198238,1,4,-140
1767173081.208238,-5,-1,-143
1767173081.218238,-7,-6,-145
1767173081.228238,-5,-7,-147
1767173081.238238,-7,-3,-139
1767173081.248238,-5,0,-135
1767173081.258238,-4,0,-134
1767173081.268238,-4,0,-130
1767173081.278238,-3,1,-132
1767173081.288238,0,-3,-131
1767173081.298238,-2,-4,-132
1767173081.3082385,-7,-4,-128
1767173081.3182385,-4,-1,-126
1767173081.3282382,-2,0,-123
1767173081.3382382,-4,2,-129
1767173081.3482382,0,0,-137
1767173081.3582382,0,1,-134
1767173081.3682382,-3,2,-135
1767173081.3782382,0,0,-136
1767173081.3882382,-3,-2,-136
1767173081.3982382,-4,3,-136
1767173081.4082382,-3,4,-132
1767173081.4182382,-1,4,-134
1767173081.4282382,-1,3,-131
1767173081.438238,-5,4,-133
1767173081.448238,-7,1,-130
1767173081.458238,-10,0,-135
1767173081.468238,-14,-1,-129
1767173081.478238,-8,-5,-129
1767173081.488238,-8,-6,-125
1767173081.498238,-9,-3,-123
1767173081.508238,-4,-1,-123
1767173081.518238,1,-2,-122
1767173081.528238,-5,-1,-118
1767173081.538238,-7,0,-120
1767173081.548238,-1,1,-124
1767173081.5582385,-2,0,-127
1767173081.5682385,-3,-1,-124
1767173081.5782382,-4,-6,-118
1767173081.5882382,-5,-3,-121
1767173081.5982382,-6,-1,-128
1767173081.6082382,-1,0,-131
1767173081.6182382,1,-4,-135
1767173081.6282382,0,-4,-138
1767173081.6382382,0,-1,-135
1767173081.6482382,2,-2,-131
1767173081.6582382,2,-1,-132
1767173081.6682382,6,0,-133
1767173081.6782382,6,-4,-130
1767173081.688238,4,-6,-124
1767173081.698238,2,-2,-125
1767173081.708238,3,-4,-124
1767173081.718238,3,-8,-124
1767173081.728238,1,-2,-121
1767173081.738238,5,-2,-127
1767173081.748238,5,1,-128
1767173081.758238,4,0,-132
1767173081.768238,5,0,-131
1767173081.778238,0,-2,-127
1767173081.788238,4,-5,-121
1767173081.798238,2,-4,-121
1767173081.8082385,0,-6,-123
1767173081.8182385,-2,-1,-126
1767173081.8282382,0,0,-129
1767173081.8382382,-3,1,-128
1767173081.8482382,-5,1,-129
1767173081.859238,-4,-3,-127
1767173081.8682382,-1,-3,-125
1767173081.879238,-2,-1,-130
1767173081.8882382,-6,-2,-140
1767173081.899238,-2,-4,-139
1767173081.909238,2,-1,-133
1767173081.919238,2,0,-131
1767173081.929238,4,-5,-130
1767173081.939238,3,-7,-125
1767173081.949238,2,-2,-134
1767173081.959238,2,0,-133
1767173081.969238,1,0,-136
1767173081.9792385,0,-1,-131
1767173081.9892385,2,2,-134
1767173081.9992385,0,1,-138
1767173082.0092382,-4,0,-133
1767173082.0192382,-6,-3,-132
1767173082.0292382,-3,-7,-137
1767173082.0392382,-2,-3,-140
1767173082.0492382,-2,-2,-140
1767173082.0592382,-7,-1,-135
1767173082.0692382,-3,0,-134
1767173082.0792382,0,6,-134
1767173082.0892382,0,6,-132
1767173082.0992382,-4,1,-129
1767173082.109238,-8,-2,-124
1767173082.119238,-6,0,-126
1767173082.129238,-5,-2,-133
1767173082.139238,-5,-5,-128
1767173082.149238,-3,-4,-134
1767173082.159238,-1,-6,-133
1767173082.169238,0,-3,-137
1767173082.179238,2,-5,-136
1767173082.189238,4,-3,-130
1767173082.199238,4,-4,-124
1767173082.209238,6,0,-132
1767173082.219238,5,0,-134
1767173082.2292385,3,-3,-130
1767173082.2392385,0,0,-126
1767173082.2492385,0,0,-124
1767173082.2592382,4,0,-123
1767173082.2692382,0,-3,-126
1767173082.2792382,0,-4,-128
1767173082.2892382,-3,-4,-130
1767173082.2992382,-4,-2,-128
1767173082.3092382,-4,0,-124
1767173082.3192382,-7,0,-127
1767173082.3292382,-8,-1,-140
1767173082.3392382,-7,3,-143
1767173082.3492382,-8,0,-138
1767173082.359238,-3,0,-132
1767173082.369238,0,-1,-130
1767173082.379238,-1,0,-125
1767173082.389238,-3,3,-122
1767173082.399238,-2,0,-125
1767173082.409238,0,2,-131
1767173082.419238,0,1,-134
1767173082.429238,1,-2,-133
1767173082.439238,4,-2,-131
1767173082.449238,4,-3,-133
1767173082.459238,1,-4,-135
1767173082.469238,0,-3,-145
1767173082.4792385,1,-4,-145
1767173082.4892385,-1,0,-147
1767173082.4992385,-1,2,-145
1767173082.5092382,-4,2,-140
1767173082.5192382,-2,-2,-139
1767173082.5292382,-3,-4,-138
1767173082.5392382,-3,-6,-138
1767173082.5492382,3,-5,-132
1767173082.5592382,6,-3,-132
1767173082.5692382,4,-2,-122
1767173082.5792382,3,3,-123
1767173082.5892382,1,0,-126
1767173082.5992382,3,-2,-130
1767173082.609238,1,0,-129
1767173082.619238,1,1,-130
1767173082.629238,0,1,-133
1767173082.639238,0,2,-133
1767173082.649238,-2,-1,-135
1767173082.659238,-1,0,-141
1767173082.669238,1,-1,-141
1767173082.679238,0,1,-144
1767173082.689238,-6,0,-135
1767173082.699238,-4,0,-134
1767173082.709238,0,0,-130
1767173082.719238,0,0,-138
1767173082.7292385,3,2,-132
1767173082.7392385,3,-2,-129
1767173082.7492385,7,-1,-126
1767173082.7592382,7,3,-134
1767173082.7692382,6,-1,-140
1767173082.7792382,5,-1,-140
1767173082.7892382,0,1,-137
1767173082.7992382,0,1,-135
1767173082.8092382,1,2,-133
1767173082.8192382,0,4,-132
1767173082.8292382,-2,3,-126
1767173082.8392382,-7,3,-128
1767173082.8492382,-8,3,-121
1767173082.859238,-8,0,-123
1767173082.869238,-6,-3,-127
1767173082.879238,-6,-3,-129
1767173082.889238,-6,-4,-131
1767173082.899238,-2,-1,-127
1767173082.909238,0,-5,-123
1767173082.919238,2,-6,-128
1767173082.929238,2,-1,-134
1767173082.939238,6,1,-135
1767173082.949238,1,2,-131
1767173082.959238,0,5,-123
1767173082.969238,2,3,-122
1767173082.9792385,0,5,-120
1767173082.9892385,0,5,-126
1767173082.9992385,4,4,-123
1767173083.0092382,7,1,-122
1767173083.0192382,4,-2,-128
1767173083.0292382,5,-3,-127
1767173083.0392382,2,-3,-123
1767173083.0492382,1,0,-121
1767173083.0592382,1,-1,-126
1767173083.0692382,0,-4,-128
1767173083.0792382,1,-4,-125
1767173083.0892382,2,0,-123
1767173083.0992382,0,-1,-123
1767173083.109238,0,-4,-124
1767173083.119238,-2,-3,-121
1767173083.129238,0,-2,-127
1767173083.139238,4,-2,-132
1767173083.149238,2,-2,-131
1767173083.159238,0,-3,-132
1767173083.169238,0,2,-132
1767173083.179238,4,1,-130
1767173083.189238,5,1,-127
1767173083.199238,4,0,-128
1767173083.209238,0,-1,-130
1767173083.219238,0,3,-130
1767173083.2292385,-1,4,-130
1767173083.2392385,0,2,-133
1767173083.2492385,0,5,-134
1767173083.2592382,-2,2,-127
1767173083.2692382,-6,0,-129
1767173083.2792382,-6,-1,-136
1767173083.2892382,-5,0,-137
1767173083.2992382,-1,-2,-146
1767173083.3092382,-2,-5,-143
1767173083.3192382,-2,-1,-141
1767173083.3292382,-2,2,-133
1767173083.3392382,-1,4,-132
1767173083.3492382,-2,1,-137
1767173083.359238,0,-1,-135
1767173083.369238,-2,-2,-132
1767173083.379238,-4,-3,-130
1767173083.389238,0,-5,-128
1767173083.399238,-1,-5,-129
1767173083.409238,-3,-7,-129
1767173083.419238,-1,-7,-126
1767173083.429238,-2,-6,-129
1767173083.439238,1,-5,-136
1767173083.449238,3,-6,-132
1767173083.459238,6,-7,-133
1767173083.469238,0,-8,-128
1767173083.4792385,-1,-5,-120
1767173083.4892385,0,-5,-122
1767173083.4992385,-3,-3,-125
1767173083.5092382,-4,-3,-123
1767173083.5192382,2,-5,-123
1767173083.5292382,0,-1,-126
1767173083.5392382,3,0,-119
1767173083.5492382,9,0,-121
1767173083.5592382,5,-1,-124
1767173083.5692382,3,0,-130
1767173083.5792382,8,4,-128
1767173083.5892382,3,5,-129
1767173083.5992382,7,2,-125
1767173083.609238,4,4,-123
1767173083.619238,3,0,-121
1767173083.629238,-1,0,-126
1767173083.639238,4,0,-132
1767173083.649238,0,0,-133
1767173083.659238,1,0,-133
1767173083.669238,-1,0,-126
1767173083.679238,-5,-1,-126
1767173083.689238,-3,-1,-125
1767173083.699238,-1,-2,-129
1767173083.709238,-5,-4,-125
1767173083.719238,-7,-1,-139
1767173083.7292385,-6,-4,-133
1767173083.7392385,-9,0,-129
1767173083.7492385,-7,-3,-127
1767173083.7592382,-9,-4,-127
1767173083.7692382,-10,-6,-131
1767173083.7792382,-5,-7,-135
1767173083.7892382,0,-5,-134
1767173083.7992382,-3,-4,-136
1767173083.8092382,-6,0,-141
1767173083.8192382,-4,-2,-141
1767173083.8292382,0,-5,-148
1767173083.8392382,5,-6,-139
1767173083.8492382,4,-6,-132
1767173083.859238,6,-5,-128
1767173083.869238,8,-4,-132
1767173083.879238,11,1,-132
1767173083.889238,10,1,-130
1767173083.899238,9,-3,-131
1767173083.909238,9,0,-126
1767173083.919238,5,-1,-126
1767173083.929238,2,-1,-129
1767173083.939238,2,-1,-122
1767173083.949238,2,-1,-123
1767173083.959238,1,0,-117
1767173083.969238,-1,0,-122
1767173083.9792385,-3,-2,-127
1767173083.9892385,-3,-4,-133
1767173083.9992385,-6,-7,-122
1767173084.0092382,0,-6,-121
1767173084.0192382,-1,-5,-123
1767173084.0292382,2,-5,-121
1767173084.0392382,2,-3,-126
1767173084.0492382,0,-2,-130
1767173084.0592382,0,0,-127
1767173084.0692382,-2,3,-128
1767173084.0792382,-3,0,-127
1767173084.0892382,-3,1,-128
1767173084.0992382,-4,0,-128
1767173084.109238,-5,-1,-131
1767173084.119238,-6,1,-140
1767173084.129238,-7,0,-144
1767173084.139238,-5,-1,-138
1767173084.149238,-7,-2,-142
1767173084.159238,-3,0,-139
1767173084.169238,1,0,-135
1767173084.179238,1,0,-137
1767173084.189238,-2,-1,-132
1767173084.199238,0,-2,-126
1767173084.209238,0,0,-121
1767173084.219238,-5,0,-121
1767173084.2292385,1,0,-126
1767173084.2392385,5,0,-129
1767173084.2492385,7,-4,-127
1767173084.2592382,6,-4,-131
1767173084.2692382,3,-4,-127
1767173084.2792382,2,0,-125
1767173084.2892382,3,-2,-124
1767173084.2992382,2,0,-121
1767173084.3092382,0,-2,-109
1767173084.3192382,0,-4,-112
1767173084.3292382,0,-5,-117
1767173084.3392382,-2,-6,-116
1767173084.3492382,-3,-3,-120
1767173084.359238,-2,-4,-122
1767173084.369238,-3,-4,-115
1767173084.379238,-8,-2,-113
1767173084.389238,-3,-1,-118
1767173084.399238,0,0,-132
1767173084.409238,-4,1,-142
1767173084.419238,0,0,-144
1767173084.429238,4,4,-144
1767173084.4402382,6,5,-138
1767173084.449238,3,6,-131
1767173084.4602382,0,4,-135
1767173084.469238,0,2,-131
1767173084.4792385,3,2,-127
1767173084.4902382,0,1,-124
1767173084.5002382,0,0,-128
1767173084.5102382,0,1,-130
1767173084.5202382,1,0,-130
1767173084.5302382,-2,-1,-121
1767173084.540238,-6,2,-116
1767173084.550238,-7,0,-122
1767173084.560238,-8,1,-130
1767173084.570238,-4,4,-123
1767173084.580238,-2,6,-122
1767173084.590238,-1,2,-113
1767173084.600238,-1,0,-111
1767173084.610238,-3,0,-118
1767173084.620238,-5,-4,-117
1767173084.630238,-4,-5,-115
1767173084.640238,-6,-6,-123
1767173084.650238,-7,-4,-118
1767173084.6602385,-7,-3,-121
1767173084.6702385,-7,0,-124
1767173084.6802382,-3,0,-121
1767173084.6902382,1,-4,-121
1767173084.7002382,2,-2,-121
1767173084.7102382,0,-5,-128
1767173084.7202382,-3,-5,-126
1767173084.7302382,0,-4,-128
1767173084.7402382,3,-3,-124
1767173084.7502382,4,0,-127
1767173084.7602382,4,-1,-125
1767173084.7702382,2,-3,-126
1767173084.7802382,-2,-3,-122
1767173084.790238,-4,-3,-122
1767173084.800238,-5,0,-117
1767173084.810238,-3,-1,-123
1767173084.820238,-7,-2,-133
1767173084.830238,-6,0,-138
1767173084.840238,-3,0,-134
1767173084.850238,-6,-2,-132
1767173084.860238,-4,-1,-131
1767173084.870238,-5,-3,-132
1767173084.880238,-2,-3,-129
1767173084.890238,-4,-3,-130
1767173084.900238,-3,-7,-133
1767173084.9102385,2,-3,-133
1767173084.9202385,8,0,-134
1767173084.9302382,5,-1,-133
1767173084.9402382,6,-1,-128
1767173084.9502382,7,-5,-134
1767173084.972238,6,-9,-137
1767173084.9802382,4,-9,-137
1767173084.9902382,5,-8,-135
1767173085.0002382,0,-5,-139
1767173085.0102382,1,-6,-141
1767173085.0202382,3,-3,-133
1767173085.0302382,1,-1,-136
1767173085.040238,0,-5,-133
1767173085.050238,4,0,-130
1767173085.060238,4,-1,-132
1767173085.070238,6,0,-125
1767173085.080238,5,4,-125
1767173085.090238,3,2,-123
1767173085.100238,0,-2,-124
1767173085.110238,2,-5,-128
1767173085.120238,3,-3,-138
1767173085.130238,2,-1,-139
1767173085.140238,0,-4,-141
1767173085.150238,-3,-7,-143
1767173085.1602385,-6,-10,-140
1767173085.1702385,-3,-10,-132
1767173085.1802382,-3,-12,-136
1767173085.1902382,-3,-13,-135
1767173085.2002382,-3,-8,-136
1767173085.2102382,-4,-2,-132
1767173085.2202382,0,2,-130
1767173085.2302382,1,0,-130
1767173085.2402382,0,-2,-130
1767173085.2502382,-1,-4,-119
1767173085.2602382,-4,-6,-125
1767173085.2702382,-6,-2,-124
1767173085.2802382,-1,-4,-122
1767173085.290238,-2,-7,-124
1767173085.300238,-2,-9,-129
1767173085.310238,-2,-8,-125
1767173085.320238,-3,-5,-123
1767173085.330238,-5,-5,-124
1767173085.340238,-4,-6,-126
1767173085.350238,-6,-3,-128
1767173085.360238,-4,0,-129
1767173085.370238,-2,0,-135
1767173085.380238,-1,0,-136
1767173085.390238,-4,0,-136
1767173085.400238,-7,-3,-135
1767173085.4102385,-7,-4,-136
1767173085.4202385,-7,-6,-134
1767173085.4302382,-1,-5,-142
1767173085.4402382,-1,-2,-137
1767173085.4502382,-4,1,-136
1767173085.4602382,-4,0,-133
1767173085.4702382,-3,-4,-130
1767173085.4802382,0,-4,-135
1767173085.4902382,0,-6,-135
1767173085.5002382,-2,-10,-127
1767173085.5102382,-1,-5,-126
1767173085.5202382,-3,-4,-128
1767173085.5302382,0,-4,-131
1767173085.540238,4,-4,-139
1767173085.550238,0,-3,-146
1767173085.560238,-4,0,-135
1767173085.570238,-2,1,-127
1767173085.580238,-1,3,-133
1767173085.590238,2,1,-131
1767173085.600238,4,6,-132
1767173085.610238,3,7,-124
1767173085.620238,2,3,-129
1767173085.630238,-1,7,-127
1767173085.640238,1,1,-118
1767173085.650238,0,0,-121
1767173085.6602385,0,0,-127
1767173085.6702385,-4,1,-128
1767173085.6802382,-4,0,-133
1767173085.6902382,0,1,-134
1767173085.7002382,3,-2,-141
1767173085.7102382,2,-2,-145
1767173085.7202382,5,-6,-144
1767173085.7302382,5,-10,-143
1767173085.7402382,0,-10,-138
1767173085.7502382,-2,-12,-135
1767173085.7602382,-3,-9,-139
1767173085.7702382,-2,-7,-146
1767173085.7802382,0,-9,-145
1767173085.790238,0,-2,-138
1767173085.800238,1,-2,-140
1767173085.810238,2,-3,-141
1767173085.820238,-1,-7,-135
1767173085.830238,-6,-3,-136
1767173085.840238,-1,1,-137
1767173085.850238,2,0,-137
1767173085.860238,1,-3,-138
1767173085.870238,-1,-6,-133
1767173085.880238,-2,-5,-135
1767173085.890238,-2,-5,-143
1767173085.900238,-2,-5,-146
1767173085.9102385,0,-8,-144
1767173085.9202385,0,-5,-146
1767173085.9302382,-2,-4,-135
1767173085.9402382,0,-7,-131
1767173085.9502382,7,-5,-128
1767173085.9602382,5,-7,-125
1767173085.9702382,8,-8,-130
1767173085.9802382,10,-8,-131
1767173085.9902382,6,-6,-126
1767173086.0002382,6,-7,-131
1767173086.0102382,4,-4,-129
1767173086.0202382,4,-6,-138
1767173086.0302382,2,-7,-138
1767173086.040238,0,-5,-138
1767173086.050238,2,-4,-135
1767173086.060238,0,-1,-137
1767173086.070238,0,-4,-144
1767173086.080238,-3,-1,-141
1767173086.090238,-2,-1,-135
1767173086.100238,-3,-1,-137
1767173086.110238,-1,-5,-127
1767173086.120238,-3,0,-129
1767173086.130238,-3,-5,-135
1767173086.140238,0,-5,-137
1767173086.150238,0,-1,-134
1767173086.1602385,2,0,-124
1767173086.1702385,0,2,-123
1767173086.1802382,3,3,-124
1767173086.1902382,3,3,-133
1767173086.2002382,7,1,-138
1767173086.2102382,11,1,-134
1767173086.2202382,8,0,-135
1767173086.2302382,6,0,-135
1767173086.2402382,5,4,-136
1767173086.2502382,2,2,-141
1767173086.2602382,4,3,-139
1767173086.2702382,0,5,-137
1767173086.2802382,-1,4,-139
1767173086.290238,2,2,-132
1767173086.300238,5,4,-127
1767173086.310238,7,4,-126
1767173086.320238,2,4,-123
1767173086.330238,0,2,-128
1767173086.340238,0,0,-127
1767173086.350238,-1,-1,-124
1767173086.360238,0,2,-125
1767173086.370238,0,0,-133
1767173086.380238,0,-1,-136
1767173086.390238,1,-4,-137
1767173086.400238,5,-5,-134
1767173086.4102385,5,-6,-125
1767173086.4202385,7,-4,-121
1767173086.4302382,2,-4,-126
1767173086.4402382,2,-6,-134
1767173086.4502382,-2,-6,-137
1767173086.4602382,-3,-5,-138
1767173086.4702382,0,-5,-136
1767173086.4802382,-2,-4,-138
1767173086.4902382,0,-5,-129
1767173086.5002382,4,-5,-126
1767173086.5102382,6,-1,-127
1767173086.5202382,5,1,-121
1767173086.5302382,0,-2,-130
1767173086.540238,1,-6,-132
1767173086.550238,4,-5,-128
1767173086.560238,5,-4,-127
1767173086.570238,4,-8,-126
1767173086.580238,3,-9,-131
1767173086.590238,3,-9,-130
1767173086.600238,4,-6,-129
1767173086.610238,2,-2,-129
1767173086.620238,0,-4,-128
1767173086.630238,-3,0,-123
1767173086.640238,0,-1,-123
1767173086.650238,-3,-1,-120
1767173086.6602385,-4,0,-118
1767173086.6702385,-5,0,-119
1767173086.6802382,-2,2,-124
1767173086.6902382,-5,2,-132
1767173086.7002382,-9,1,-137
1767173086.7102382,-9,3,-138
1767173086.7202382,-6,0,-139
1767173086.7302382,-3,0,-135
1767173086.7402382,0,1,-129
1767173086.7502382,0,0,-130
1767173086.7602382,0,-5,-132
1767173086.7702382,0,-3,-136
1767173086.7802382,1,0,-139
1767173086.790238,3,0,-132
1767173086.800238,0,-3,-130
1767173086.810238,2,-2,-125
1767173086.820238,4,-3,-124
1767173086.830238,3,-2,-131
1767173086.840238,4,-4,-133
1767173086.850238,-1,-2,-127
1767173086.860238,1,-7,-129
1767173086.870238,3,-1,-131
1767173086.880238,2,0,-132
1767173086.890238,0,-1,-129
1767173086.900238,0,1,-132
1767173086.9102385,2,-2,-130
1767173086.9202385,-4,0,-132
1767173086.9302382,-6,0,-132
1767173086.9402382,-3,0,-124
1767173086.9502382,-3,0,-126
1767173086.9602382,-6,-2,-132
1767173086.9702382,-9,-1,-137
1767173086.9802382,-4,-4,-139
1767173086.9902382,-3,-4,-134
1767173087.0002382,-5,-3,-130
1767173087.0102382,-4,-1,-133
1767173087.0202382,-2,0,-136
1767173087.0302382,-3,0,-138
1767173087.040238,-7,0,-138
1767173087.051238,-5,-1,-137
1767173087.060238,-8,-2,-138
1767173087.070238,-5,-3,-133
1767173087.080238,-4,-4,-130
1767173087.0912385,-8,-3,-129
1767173087.1012385,-5,3,-130
1767173087.1122382,-6,4,-134
1767173087.1212382,-8,3,-142
1767173087.1312382,-1,0,-143
1767173087.1412382,4,-3,-141
1767173087.1512382,0,-1,-132
1767173087.1612382,-3,1,-121
1767173087.1712382,-6,-2,-125
1767173087.1812382,-2,-4,-128
1767173087.1912382,3,-6,-128
1767173087.2012382,6,-1,-122
1767173087.211238,7,-1,-123
1767173087.221238,0,3,-119
1767173087.231238,0,-3,-111
1767173087.241238,1,-1,-118
1767173087.251238,2,-2,-112
1767173087.261238,0,2,-114
1767173087.271238,-1,0,-122
1767173087.281238,0,1,-125
1767173087.291238,-1,2,-130
1767173087.301238,1,0,-132
1767173087.311238,2,0,-137
1767173087.321238,2,-1,-142
1767173087.3312385,5,-4,-148
1767173087.3412385,2,-6,-145
1767173087.3512385,0,-7,-137
1767173087.3612382,-5,-4,-135
1767173087.3712382,-4,1,-131
1767173087.3812382,-3,3,-132
1767173087.3912382,-1,4,-126
1767173087.4012382,-2,1,-122
1767173087.4112382,2,-1,-111
1767173087.4212382,4,-6,-111
1767173087.4312382,2,-6,-118
1767173087.4412382,0,-5,-116
1767173087.4512382,1,-5,-114
1767173087.461238,3,-5,-114
1767173087.471238,5,-5,-120
1767173087.481238,-1,-2,-124
1767173087.491238,-1,0,-122
1767173087.501238,0,-3,-130
1767173087.511238,1,-6,-129
1767173087.521238,3,-4,-132
1767173087.531238,4,-4,-129
1767173087.541238,-1,-2,-129
1767173087.551238,-2,0,-132
1767173087.561238,2,0,-131
1767173087.571238,0,0,-126
1767173087.5812385,0,-1,-127
1767173087.5912385,-1,0,-130
1767173087.6012385,-4,-1,-128
1767173087.6112382,-3,-2,-130
1767173087.6212382,-4,-1,-128
1767173087.6312382,0,2,-134
1767173087.6412382,3,2,-138
1767173087.6512382,1,5,-132
1767173087.6612382,0,5,-127
1767173087.6712382,-1,0,-126
1767173087.6812382,-2,1,-126
1767173087.6912382,0,2,-132
1767173087.7012382,0,3,-126
1767173087.711238,-1,0,-127
1767173087.721238,-1,1,-125
1767173087.731238,-2,1,-121
1767173087.741238,1,4,-125
1767173087.751238,1,1,-126
1767173087.761238,2,-4,-119
1767173087.771238,4,-2,-120
1767173087.781238,1,-1,-123
1767173087.791238,0,-2,-119
1767173087.801238,0,-3,-123
1767173087.811238,-2,0,-129
1767173087.821238,-5,-2,-129
1767173087.8312385,-4,-4,-131
1767173087.8412385,-2,-1,-133
1767173087.8512385,-3,-1,-133
1767173087.8612382,-3,1,-126
1767173087.8712382,1,0,-130
1767173087.8812382,4,-2,-128
1767173087.8912382,0,-3,-125
1767173087.9012382,0,-1,-129
1767173087.9112382,1,-2,-129
1767173087.9212382,-2,1,-128
1767173087.9312382,-3,2,-128
1767173087.9412382,-4,4,-131
1767173087.9512382,-2,2,-131
1767173087.961238,-5,1,-130
1767173087.971238,-6,-1,-134
1767173087.981238,-7,-1,-139
1767173087.991238,-5,-1,-135
1767173088.001238,-5,0,-131
1767173088.011238,-7,-5,-134
1767173088.021238,-6,-2,-135
1767173088.031238,-2,2,-134
1767173088.041238,-6,2,-136
1767173088.051238,-3,-1,-130
1767173088.061238,0,0,-130
1767173088.071238,0,-3,-130
1767173088.0812385,-1,-1,-139
1767173088.0912385,-2,-3,-136
1767173088.1012385,-4,-5,-134
1767173088.1112382,1,-3,-132
1767173088.1212382,8,-4,-130
1767173088.1312382,7,-4,-137
1767173088.1412382,2,0,-137
1767173088.1512382,1,0,-132
1767173088.1612382,1,0,-128
1767173088.1712382,0,-3,-124
1767173088.1812382,0,-2,-122
1767173088.1912382,0,-1,-124
1767173088.2012382,1,1,-121
1767173088.211238,1,0,-119
1767173088.221238,0,2,-120
1767173088.231238,3,0,-119
1767173088.241238,1,-1,-120
1767173088.251238,4,-4,-124
1767173088.261238,1,-4,-128
1767173088.271238,6,-2,-137
1767173088.281238,7,-3,-134
1767173088.291238,7,0,-133
1767173088.301238,4,-1,-124
1767173088.311238,4,-6,-122
1767173088.321238,-1,-6,-128
1767173088.3312385,0,-6,-132
1767173088.3412385,-3,-6,-129
1767173088.3512385,-8,-7,-125
1767173088.3612382,-3,-4,-120
1767173088.3712382,0,-4,-120
1767173088.3812382,1,0,-131
1767173088.3912382,0,0,-130
1767173088.4012382,-1,0,-127
1767173088.4112382,-3,-3,-131
1767173088.4212382,-2,-3,-130
1767173088.4312382,-1,-6,-127
1767173088.4412382,0,-8,-130
1767173088.4512382,-3,-4,-125
1767173088.461238,-2,-1,-119
1767173088.471238,-3,-3,-117
1767173088.481238,0,-3,-114
1767173088.491238,0,-4,-115
1767173088.501238,3,-6,-117
1767173088.511238,2,-4,-123
1767173088.521238,3,-5,-116
1767173088.531238,4,-4,-119
1767173088.541238,4,-5,-121
1767173088.551238,3,-4,-119
1767173088.561238,2,-3,-122
1767173088.571238,0,-1,-117
1767173088.5812385,4,-3,-117
1767173088.5912385,5,-2,-130
1767173088.6012385,0,-2,-126
1767173088.6112382,-3,-2,-124
1767173088.6212382,-3,0,-125
1767173088.6312382,1,-1,-122
1767173088.6412382,3,-1,-121
1767173088.6512382,2,-2,-127
1767173088.6612382,0,-1,-129
1767173088.6712382,0,-2,-131
1767173088.6812382,0,-5,-133
1767173088.6912382,0,-3,-136
1767173088.7012382,-1,0,-136
1767173088.711238,1,0,-133
1767173088.721238,3,-5,-138
1767173088.731238,3,-10,-144
1767173088.741238,6,-13,-144
1767173088.751238,5,-12,-141
1767173088.761238,4,-6,-139
1767173088.771238,2,-5,-139
1767173088.781238,0,-6,-135
1767173088.791238,2,-5,-124
1767173088.801238,1,-3,-119
1767173088.811238,3,-1,-121
1767173088.821238,2,-4,-124
1767173088.8312385,-1,-12,-123
1767173088.8412385,-7,-11,-124
1767173088.8512385,-3,-12,-122
1767173088.8612382,-3,-6,-127
1767173088.8712382,-4,-3,-126
1767173088.8812382,-2,-1,-135
1767173088.8912382,-2,0,-130
1767173088.9012382,0,0,-126
1767173088.9112382,-1,0,-130
1767173088.9212382,-3,7,-126
1767173088.9312382,-6,9,-122
1767173088.9412382,-8,6,-119
1767173088.9512382,-3,6,-115
1767173088.961238,-5,1,-112
1767173088.971238,-8,1,-118
1767173088.981238,-7,-2,-119
1767173088.991238,-6,1,-123
1767173089.001238,-8,0,-127
1767173089.011238,-7,-1,-132
1767173089.021238,-9,-1,-139
1767173089.031238,-8,0,-131
1767173089.041238,-4,1,-134
1767173089.051238,-8,0,-137
1767173089.061238,-4,2,-136
1767173089.071238,0,0,-139
1767173089.0812385,-2,-1,-137
1767173089.0912385,1,-3,-132
1767173089.1012385,0,-1,-134
1767173089.1112382,-3,0,-137
1767173089.1212382,-2,0,-126
1767173089.1312382,-1,0,-120
1767173089.1412382,0,1,-118
1767173089.1512382,1,-3,-124
1767173089.1612382,3,-2,-127
1767173089.1712382,3,0,-125
1767173089.1812382,-3,0,-118
1767173089.1912382,-3,2,-115
1767173089.2012382,-7,0,-114
1767173089.211238,-3,-5,-109
1767173089.221238,-2,-5,-116
1767173089.231238,0,-2,-119
1767173089.241238,-2,-3,-120
1767173089.251238,-3,-5,-120
1767173089.261238,0,-6,-129
1767173089.271238,-1,-4,-130
1767173089.281238,-5,-3,-127
1767173089.291238,-4,-6,-127
1767173089.301238,-2,-5,-129
1767173089.311238,0,-4,-129
1767173089.321238,-2,-3,-130
1767173089.3312385,-2,-1,-136
1767173089.3412385,-8,-1,-137
1767173089.3512385,-6,1,-134
1767173089.3612382,-4,1,-130
1767173089.3712382,-2,0,-124
1767173089.3812382,-4,0,-120
1767173089.3912382,-2,-1,-121
1767173089.4012382,-5,-4,-123
1767173089.4112382,-5,-4,-122
1767173089.4212382,-9,-3,-125
1767173089.4312382,-6,-6,-126
1767173089.4412382,-5,-7,-123
1767173089.4512382,-4,-9,-123
1767173089.461238,-7,-5,-125
1767173089.471238,-1,-4,-125
1767173089.481238,0,-2,-131
1767173089.491238,2,-5,-131
1767173089.501238,0,-3,-133
1767173089.511238,-3,-5,-134
1767173089.521238,-6,-1,-133
1767173089.531238,-5,0,-131
1767173089.541238,-7,0,-126
1767173089.551238,-7,-2,-124
1767173089.561238,-4,-3,-125
1767173089.571238,-6,-6,-124
1767173089.5812385,-5,-7,-128
1767173089.5912385,-5,-6,-130
1767173089.6012385,-3,-6,-130
1767173089.6112382,-7,-5,-133
1767173089.6212382,-8,-1,-133
1767173089.6312382,-11,0,-131
1767173089.6412382,-12,-1,-134
1767173089.6512382,-8,-4,-136
1767173089.6612382,-7,-7,-142
1767173089.672238,-8,-6,-135
1767173089.6812382,-11,-2,-129
1767173089.692238,-10,0,-127
1767173089.702238,-10,0,-127
1767173089.712238,-5,2,-127
1767173089.722238,-5,2,-114
1767173089.732238,-1,-1,-118
1767173089.742238,-1,-7,-120
1767173089.752238,-1,-5,-123
1767173089.7622385,0,-1,-124
1767173089.7722385,0,-2,-122
1767173089.7822382,-2,-4,-116
1767173089.7922382,-6,-6,-121
1767173089.8022382,-3,-6,-128
1767173089.8122382,0,-7,-123
1767173089.8222382,-2,-13,-122
1767173089.8322382,-3,-12,-125
1767173089.8422382,-3,-10,-120
1767173089.8522382,-5,-6,-125
1767173089.8622382,-1,-7,-125
1767173089.8722382,-5,-6,-124
1767173089.882238,-4,-7,-124
1767173089.892238,-4,-7,-122
1767173089.902238,-5,-10,-119
1767173089.912238,-3,-8,-125
1767173089.922238,-5,-7,-130
1767173089.932238,-1,-1,-130
1767173089.942238,-2,-3,-135
1767173089.952238,0,-7,-141
1767173089.962238,0,-4,-139
1767173089.984238,2,-4,-134
1767173089.992238,-1,-1,-129
1767173090.002238,-2,-3,-137
1767173090.0122385,-1,-5,-137
1767173090.0222385,-4,-3,-141
1767173090.0322382,-2,0,-139
1767173090.0422382,-2,-3,-140
1767173090.0522382,-6,-6,-138
1767173090.0622382,-2,-3,-130
1767173090.0722382,-4,-3,-127
1767173090.0822382,-3,-2,-124
1767173090.0922382,-2,0,-121
1767173090.1022382,-6,-2,-126
1767173090.1122382,-4,-5,-124
1767173090.1222382,-6,-4,-133
1767173090.132238,-2,-1,-133
1767173090.142238,-3,-1,-133
1767173090.152238,-2,-4,-130
1767173090.162238,-5,-4,-134
1767173090.172238,-4,-6,-130
1767173090.182238,-1,-6,-123
1767173090.192238,2,-9,-122
1767173090.202238,-1,-7,-123
1767173090.212238,-6,-11,-128
1767173090.222238,-2,-6,-127
1767173090.232238,-7,-8,-125
1767173090.242238,-6,-10,-126
1767173090.252238,-7,-9,-123
1767173090.2622385,-5,-7,-123
1767173090.2722385,-6,-1,-128
1767173090.2822382,-5,0,-126
1767173090.2922382,-4,-2,-123
1767173090.3022382,-4,-4,-123
1767173090.3122382,-7,-7,-125
1767173090.3222382,-6,-7,-120
1767173090.3322382,-6,-3,-118
1767173090.3422382,0,-4,-123
1767173090.3522382,3,-4,-122
1767173090.3622382,4,-7,-125
1767173090.3722382,6,0,-121
1767173090.382238,1,-2,-120
1767173090.392238,-2,2,-123
1767173090.402238,0,0,-120
1767173090.412238,4,-3,-125
1767173090.422238,6,0,-132
1767173090.432238,0,0,-125
1767173090.442238,-1,-1,-125
1767173090.452238,1,0,-126
1767173090.462238,3,-2,-121
1767173090.472238,2,-3,-123
1767173090.482238,0,-3,-123
1767173090.492238,0,-1,-128
1767173090.502238,0,4,-134
1767173090.5122385,2,1,-136
1767173090.5222385,3,0,-131
1767173090.5322382,2,0,-129
1767173090.5422382,0,-1,-131
1767173090.5522382,-4,-5,-135
1767173090.5622382,-5,-6,-135
1767173090.5722382,-6,-10,-133
1767173090.5822382,-8,-14,-138
1767173090.5922382,-7,-8,-129
1767173090.6022382,-8,-3,-132
1767173090.6122382,-4,-2,-134
1767173090.6222382,-6,-2,-138
1767173090.632238,-6,-1,-137
1767173090.642238,-2,-3,-137
1767173090.652238,0,-3,-141
1767173090.662238,2,-4,-142
1767173090.672238,-1,-1,-134
1767173090.682238,-1,1,-129
1767173090.692238,-2,0,-130
1767173090.702238,0,2,-130
1767173090.712238,-3,1,-135
1767173090.722238,-4,0,-144
1767173090.732238,-6,1,-144
1767173090.742238,-7,0,-141
1767173090.752238,-4,-5,-140
1767173090.7622385,-2,0,-141
1767173090.7722385,1,3,-134
1767173090.7822382,6,0,-129
1767173090.7922382,7,-2,-128
1767173090.8022382,5,-1,-135
1767173090.8122382,0,3,-137
1767173090.8222382,1,6,-139
1767173090.8322382,5,6,-139
1767173090.8422382,6,4,-133
1767173090.8522382,0,2,-136
1767173090.8622382,-1,-2,-137
1767173090.8722382,0,0,-132
1767173090.882238,2,0,-128
1767173090.892238,3,-4,-126
1767173090.902238,2,-4,-128
1767173090.912238,3,-6,-130
1767173090.922238,0,-1,-132
1767173090.932238,-1,-5,-136
1767173090.942238,-7,-5,-132
1767173090.952238,-5,-3,-123
1767173090.962238,-3,-4,-124
1767173090.972238,-5,-5,-126
1767173090.982238,-5,-3,-130
1767173090.992238,-6,-3,-131
1767173091.002238,-4,-3,-122
1767173091.0122385,0,-7,-129
1767173091.0222385,4,-8,-127
1767173091.0322382,0,-10,-127
1767173091.0422382,-2,-8,-135
1767173091.0522382,-6,-1,-142
1767173091.0622382,-10,-5,-138
1767173091.0722382,-10,-7,-132
1767173091.0822382,0,-8,-136
1767173091.0922382,0,-4,-136
1767173091.1022382,-3,-2,-133
1767173091.1122382,-7,0,-125
1767173091.1222382,-8,0,-128
1767173091.132238,-8,1,-129
1767173091.142238,-2,0,-140
1767173091.152238,-1,0,-145
1767173091.162238,0,-3,-146
1767173091.172238,0,-7,-144
1767173091.182238,0,-4,-143
1767173091.192238,1,-5,-142
1767173091.202238,1,-3,-141
1767173091.212238,3,-1,-141
1767173091.222238,5,0,-143
1767173091.232238,1,0,-138
1767173091.242238,0,-1,-132
1767173091.252238,-2,0,-133
1767173091.2622385,-2,-3,-132
1767173091.2722385,-1,-3,-134
1767173091.2822382,-7,-3,-141
1767173091.2922382,-3,-6,-137
1767173091.3022382,-1,-2,-141
1767173091.3122382,-3,-4,-136
1767173091.3222382,-6,-5,-134
1767173091.3322382,-5,-4,-125
1767173091.3422382,-4,-1,-124
1767173091.3522382,-3,-8,-131
1767173091.3622382,0,-2,-128
1767173091.3722382,-2,0,-130
1767173091.382238,0,-2,-134
1767173091.392238,4,-2,-129
1767173091.402238,5,-3,-126
1767173091.412238,5,-2,-129
1767173091.422238,2,-3,-128
1767173091.432238,1,-4,-125
1767173091.442238,0,0,-126
1767173091.452238,-4,-4,-129
1767173091.462238,-2,-3,-133
1767173091.472238,0,-4,-132
1767173091.482238,0,-4,-132
1767173091.492238,4,-1,-129
1767173091.502238,2,0,-124
1767173091.5122385,-2,0,-122
1767173091.5222385,0,1,-124
1767173091.5322382,1,3,-122
1767173091.5422382,1,-4,-119
1767173091.5522382,4,-4,-124
1767173091.5622382,1,-3,-132
1767173091.5722382,-4,-6,-128
1767173091.5822382,-5,-5,-131
1767173091.5922382,-1,-3,-129
1767173091.6022382,-5,-4,-126
1767173091.6122382,-8,-6,-126
1767173091.6222382,-7,-4,-128
1767173091.632238,-7,-3,-126
1767173091.642238,-6,0,-127
1767173091.652238,-7,0,-131
1767173091.662238,-9,1,-127
1767173091.672238,-13,2,-129
1767173091.682238,-11,3,-132
1767173091.692238,-13,6,-132
1767173091.702238,-12,3,-137
1767173091.712238,-8,1,-134
1767173091.722238,-5,-1,-124
1767173091.732238,-4,0,-118
1767173091.742238,-5,-1,-116
1767173091.752238,-5,-1,-124
1767173091.7622385,-1,-3,-127
1767173091.7722385,-5,-1,-129
1767173091.7822382,-3,-3,-123
1767173091.7922382,-7,-6,-126
1767173091.8022382,-14,-8,-133
1767173091.8122382,-9,-10,-140
1767173091.8222382,-4,-10,-133
1767173091.8322382,-7,-7,-132
1767173091.8422382,-8,-4,-134
1767173091.8522382,-4,-4,-137
1767173091.8622382,-4,0,-137
1767173091.8722382,0,0,-135
1767173091.882238,0,-1,-133
1767173091.892238,2,-4,-135
1767173091.902238,-3,0,-129
1767173091.912238,-1,2,-126
1767173091.922238,-1,1,-127
1767173091.932238,-7,-3,-126
1767173091.942238,-3,-5,-124
1767173091.952238,0,-7,-122
1767173091.962238,-2,-9,-126
1767173091.972238,-4,-8,-130
1767173091.982238,-1,-6,-131
1767173091.992238,-1,-2,-130
1767173092.002238,-2,-4,-133
1767173092.0122385,-3,-8,-132
1767173092.0222385,-1,-3,-132
1767173092.0322382,-2,-4,-137
1767173092.0422382,-7,-1,-141
1767173092.0522382,-5,0,-136
1767173092.0622382,-6,1,-133
1767173092.0722382,-7,5,-125
1767173092.0822382,0,0,-125
1767173092.0922382,-6,-1,-126
1767173092.1022382,-8,-2,-124
1767173092.1122382,-7,-1,-122
1767173092.1222382,-4,1,-130
1767173092.132238,-4,-2,-135
1767173092.142238,-4,-4,-139
1767173092.152238,-5,-3,-137
1767173092.162238,-6,0,-137
1767173092.172238,-3,3,-134
1767173092.182238,-5,5,-136
1767173092.192238,-2,3,-136
1767173092.202238,-1,2,-132
1767173092.212238,1,2,-135
1767173092.222238,0,0,-138
1767173092.232238,0,-1,-144
1767173092.242238,2,0,-136
1767173092.252238,-1,0,-131
1767173092.2622385,0,1,-133
1767173092.2722385,0,3,-134
1767173092.2822382,0,4,-141
1767173092.2922382,3,5,-140
1767173092.3022382,1,5,-133
1767173092.3122382,-4,4,-132
1767173092.323238,0,2,-127
1767173092.333238,0,3,-127
1767173092.343238,-2,1,-126
1767173092.353238,0,-1,-123
1767173092.363238,-5,-3,-117
1767173092.373238,-7,0,-124
1767173092.383238,-6,-1,-127
1767173092.393238,-2,0,-128
1767173092.403238,1,-6,-127
1767173092.413238,0,-5,-126
1767173092.423238,-4,-4,-130
1767173092.4332385,-6,-1,-126
1767173092.4432385,0,1,-135
1767173092.4532382,0,4,-138
1767173092.4632382,2,4,-139
1767173092.4732382,0,5,-145
1767173092.4832382,-6,6,-140
1767173092.4932382,-6,3,-134
1767173092.5032382,-3,1,-130
1767173092.5132382,0,-1,-132
1767173092.5232382,-2,-2,-134
1767173092.5332382,-1,-5,-135
1767173092.5432382,-1,-1,-136
1767173092.5532382,-2,1,-131
1767173092.563238,-3,-4,-128
1767173092.573238,-2,-9,-137
1767173092.583238,0,-8,-138
1767173092.593238,-1,-5,-141
1767173092.603238,0,-7,-137
1767173092.613238,0,-8,-130
1767173092.623238,-4,-7,-131
1767173092.633238,-7,-4,-131
1767173092.643238,-4,-5,-129
1767173092.653238,-5,-3,-129
1767173092.663238,-3,-5,-131
1767173092.673238,2,-7,-130
1767173092.6832385,1,-8,-128
1767173092.6932385,0,-14,-126
1767173092.7032382,0,-15,-130
1767173092.7132382,-2,-9,-134
1767173092.7232382,-1,-1,-143
1767173092.7332382,-4,2,-147
1767173092.7432382,0,1,-150
1767173092.7532382,2,5,-150
1767173092.7632382,1,1,-143
1767173092.7732382,7,0,-136
1767173092.7832382,6,2,-137
1767173092.7932382,3,1,-137
1767173092.8032382,1,-3,-135
1767173092.813238,-4,-3,-132
1767173092.823238,0,-3,-136
1767173092.833238,0,-4,-137
1767173092.843238,-2,-6,-136
1767173092.853238,-3,-7,-136
1767173092.863238,-3,-7,-134
1767173092.873238,1,-4,-134
1767173092.883238,7,-2,-140
1767173092.893238,4,-2,-135
1767173092.903238,3,6,-130
1767173092.913238,2,4,-128
1767173092.923238,2,4,-133
1767173092.9332385,-4,6,-135
1767173092.9432385,-7,6,-138
1767173092.9532382,-7,1,-137
1767173092.9632382,-7,3,-136
1767173092.9732382,-5,4,-137
1767173092.9832382,-7,2,-137
1767173092.9932382,-4,1,-137
1767173093.0032382,0,0,-138
1767173093.0132382,0,0,-141
1767173093.0232382,0,0,-142
1767173093.0332382,-1,0,-139
1767173093.0432382,-3,-8,-139
1767173093.0532382,0,-10,-136
1767173093.063238,3,-6,-132
1767173093.073238,0,-5,-128
1767173093.083238,-5,-2,-125
1767173093.093238,-2,-2,-122
1767173093.103238,-3,-3,-126
1767173093.113238,-3,-2,-128
1767173093.123238,-4,-1,-126
1767173093.133238,-2,4,-135
1767173093.143238,-9,3,-136
1767173093.153238,-8,5,-135
1767173093.163238,-3,6,-133
1767173093.173238,-3,5,-134
1767173093.1832385,-1,4,-134
1767173093.1932385,0,2,-134
1767173093.2032382,3,1,-138
1767173093.2132382,5,5,-140
1767173093.2232382,9,2,-139
1767173093.2332382,11,1,-135
1767173093.2432382,4,1,-132
1767173093.2532382,-2,1,-132
1767173093.2632382,-7,-1,-127
1767173093.2732382,-8,-5,-119
1767173093.2832382,-8,-6,-121
1767173093.2932382,-7,-7,-124
1767173093.3032382,-10,-4,-124
1767173093.313238,-6,-3,-119
1767173093.323238,-1,-5,-123
1767173093.333238,-2,-4,-128
1767173093.343238,0,-6,-125
1767173093.353238,6,-5,-127
1767173093.363238,6,-4,-128
1767173093.373238,1,-2,-129
1767173093.383238,-1,-4,-128
1767173093.393238,0,-4,-132
1767173093.403238,3,-3,-136
1767173093.413238,1,-3,-140
1767173093.423238,0,-6,-137
1767173093.4332385,-1,-6,-135
1767173093.4432385,-1,-8,-131
1767173093.4532382,-3,-5,-133
1767173093.4632382,-1,-6,-135
1767173093.4732382,-3,-6,-133
1767173093.4832382,-4,-7,-131
1767173093.4932382,-5,-8,-129
1767173093.5032382,-8,-2,-131
1767173093.5132382,-5,-5,-132
1767173093.5232382,-6,-3,-132
1767173093.5332382,-9,-3,-134
1767173093.5432382,-7,-8,-132
1767173093.5532382,-8,-7,-133
1767173093.563238,-8,-7,-127
1767173093.573238,-7,-8,-124
1767173093.583238,-3,-6,-133
1767173093.593238,-6,-2,-138
1767173093.603238,-7,-1,-137
1767173093.613238,-8,-4,-135
1767173093.623238,-8,-6,-129
1767173093.633238,-9,-4,-127
1767173093.643238,-9,-5,-132
1767173093.653238,-7,-4,-122
1767173093.663238,-5,-2,-125
1767173093.673238,-9,-5,-130
1767173093.6832385,-7,-6,-133
1767173093.6932385,-4,-8,-134
1767173093.7032382,-6,-9,-135
1767173093.7132382,-2,-6,-130
1767173093.7232382,-4,-4,-130
1767173093.7332382,0,0,-128
1767173093.7432382,-1,1,-135
1767173093.7532382,0,0,-136
1767173093.7632382,-2,-1,-134
1767173093.7732382,-5,4,-141
1767173093.7832382,-4,4,-145
1767173093.7932382,-5,1,-144
1767173093.8032382,-2,0,-152
1767173093.813238,-2,2,-145
1767173093.823238,-2,4,-142
1767173093.833238,-5,2,-141
1767173093.843238,-8,2,-140
1767173093.853238,-8,1,-138
1767173093.863238,-8,0,-135
1767173093.873238,-3,0,-132
1767173093.883238,-2,0,-134
1767173093.893238,-2,-1,-137
1767173093.903238,0,-5,-141
1767173093.913238,0,-6,-141
1767173093.923238,0,-3,-132
1767173093.9332385,-1,-3,-135
1767173093.9432385,2,-2,-139
1767173093.9532382,0,-4,-136
1767173093.9632382,2,-2,-128
1767173093.9732382,-1,0,-127
1767173093.9832382,0,0,-121
1767173093.9932382,0,1,-126
1767173094.0032382,1,4,-120
1767173094.0132382,1,2,-124
1767173094.0232382,-1,1,-123
1767173094.0332382,-3,3,-116
1767173094.0432382,-1,0,-114
1767173094.0532382,-2,0,-117
1767173094.063238,0,0,-122
1767173094.073238,-1,0,-124
1767173094.083238,-3,0,-131
1767173094.093238,-6,0,-131
1767173094.103238,-1,-5,-127
1767173094.113238,1,-6,-132
1767173094.123238,0,-10,-135
1767173094.133238,0,-13,-132
1767173094.143238,-3,-12,-137
1767173094.153238,1,-11,-142
1767173094.163238,0,-8,-141
1767173094.173238,-4,-11,-137
1767173094.1832385,0,-3,-138
1767173094.1932385,0,0,-137
1767173094.2032382,0,6,-140
1767173094.2132382,2,4,-137
1767173094.2232382,0,0,-130
1767173094.2332382,-5,-2,-129
1767173094.2432382,-3,-4,-135
1767173094.2532382,-3,0,-133
1767173094.2632382,-2,1,-135
1767173094.2732382,1,-1,-128
1767173094.2832382,3,-2,-124
1767173094.2932382,2,-1,-127
1767173094.3032382,2,0,-129
1767173094.313238,3,-6,-135
1767173094.323238,2,-6,-139
1767173094.333238,2,-3,-142
1767173094.343238,1,-4,-145
1767173094.353238,0,-4,-134
1767173094.363238,1,-6,-134
1767173094.373238,1,-4,-132
1767173094.383238,-1,-9,-128
1767173094.393238,-3,-6,-129
1767173094.403238,-7,-3,-128
1767173094.413238,-4,-3,-127
1767173094.423238,-10,1,-134
1767173094.4332385,-12,4,-138
1767173094.4432385,-12,0,-136
1767173094.4532382,-7,0,-133
1767173094.4632382,0,-1,-130
1767173094.4732382,-1,0,-133
1767173094.4832382,-4,-2,-137
1767173094.4932382,4,0,-140
1767173094.5032382,8,5,-137
1767173094.5132382,5,2,-127
1767173094.5232382,3,1,-129
1767173094.5332382,6,3,-135
1767173094.5432382,4,3,-133
1767173094.5532382,4,2,-131
1767173094.563238,3,2,-134
1767173094.573238,3,0,-130
1767173094.583238,7,-1,-128
1767173094.593238,9,-2,-126
1767173094.603238,6,0,-132
1767173094.613238,7,3,-130
1767173094.623238,9,7,-129
1767173094.633238,8,9,-125
1767173094.643238,5,8,-126
1767173094.653238,2,2,-127
1767173094.663238,0,2,-125
1767173094.673238,-2,4,-121
1767173094.6832385,-4,3,-126
1767173094.6932385,-2,3,-121
1767173094.7032382,-1,1,-132
1767173094.7132382,-3,0,-131
1767173094.7232382,-2,1,-132
1767173094.7332382,-2,-1,-126
1767173094.7432382,-3,-2,-125
1767173094.7532382,-9,-3,-123
1767173094.7632382,-5,0,-125
1767173094.7732382,-3,0,-126
1767173094.7832382,0,0,-130
1767173094.7932382,0,-1,-132
1767173094.8032382,2,0,-128
1767173094.813238,-2,-2,-133
1767173094.823238,-7,0,-133
1767173094.833238,-6,-4,-139
1767173094.843238,-5,-2,-134
1767173094.853238,-6,-4,-132
1767173094.863238,-2,-4,-129
1767173094.873238,-3,-3,-128
1767173094.8842382,-6,-2,-132
1767173094.893238,-4,-4,-132
1767173094.903238,-3,-7,-135
1767173094.913238,1,-10,-138
1767173094.923238,0,-8,-136
1767173094.9342382,1,-9,-137
1767173094.9442382,-1,-10,-139
1767173094.9532382,-1,-9,-126
1767173094.9642382,-3,-7,-116
1767173094.9742382,-3,-3,-118
1767173094.9972382,3,0,-123
1767173095.004238,4,0,-127
1767173095.014238,-2,2,-121
1767173095.024238,-7,2,-125
1767173095.034238,-4,0,-122
1767173095.044238,2,-3,-123
1767173095.054238,2,-4,-124
1767173095.064238,-2,-4,-127
1767173095.074238,-1,0,-129
1767173095.083238,-1,-1,-130
1767173095.094238,-4,0,-133
1767173095.1042385,-6,-2,-137
1767173095.1142385,-6,-1,-131
1767173095.1242385,-5,-1,-126
1767173095.1342382,-6,-2,-124
1767173095.1442382,-6,-3,-133
1767173095.1542382,-3,-4,-129
1767173095.1642382,-3,-3,-128
1767173095.1742382,2,-1,-127
1767173095.1842382,3,-1,-130
1767173095.1942382,3,-6,-134
1767173095.2042382,1,-6,-136
1767173095.2142382,1,-5,-131
1767173095.2242382,-3,-2,-124
1767173095.234238,-7,1,-128
1767173095.244238,-10,3,-125
1767173095.254238,-11,2,-129
1767173095.264238,-12,5,-129
1767173095.274238,-9,1,-127
1767173095.284238,-6,1,-121
1767173095.294238,-5,0,-121
1767173095.304238,-2,0,-121
1767173095.314238,0,-1,-126
1767173095.324238,-3,1,-130
1767173095.334238,-3,0,-130
1767173095.344238,-3,-2,-122
1767173095.3542385,0,0,-122
1767173095.3642385,-6,0,-124
1767173095.3742385,-5,-1,-121
1767173095.3842382,-1,-3,-117
1767173095.3942382,-3,-5,-111
1767173095.4042382,-1,-3,-111
1767173095.4142382,-4,-5,-117
1767173095.4242382,-7,-5,-118
1767173095.4342382,-7,-6,-114
1767173095.4442382,-10,-7,-114
1767173095.4542382,-8,-6,-119
1767173095.4642382,-4,-2,-121
1767173095.4742382,2,0,-123
1767173095.484238,0,3,-123
1767173095.494238,-1,3,-124
1767173095.504238,0,0,-128
1767173095.514238,2,0,-133
1767173095.524238,3,2,-135
1767173095.534238,-3,3,-136
1767173095.544238,-6,-2,-140
1767173095.554238,-5,0,-139
1767173095.564238,-5,-1,-140
1767173095.574238,-5,0,-130
1767173095.584238,-4,3,-124
1767173095.594238,-5,3,-122
1767173095.6042385,-2,3,-120
1767173095.6142385,-1,0,-120
1767173095.6242385,-1,-3,-122
1767173095.6342382,2,-6,-127
1767173095.6442382,4,-6,-129
1767173095.6542382,1,-6,-133
1767173095.6642382,3,-2,-136
1767173095.6742382,3,2,-135
1767173095.6842382,0,3,-135
1767173095.6942382,-3,5,-141
1767173095.7042382,-5,2,-135
1767173095.7142382,-6,0,-134
1767173095.7242382,-8,-4,-132
1767173095.734238,-7,-6,-132
1767173095.744238,-5,-8,-125
1767173095.754238,-4,-3,-124
1767173095.764238,-2,0,-130
1767173095.774238,-7,1,-133
1767173095.784238,-4,2,-130
1767173095.794238,-6,6,-128
1767173095.804238,-6,6,-128
1767173095.814238,-5,4,-128
1767173095.824238,-5,2,-126
1767173095.834238,-4,0,-129
1767173095.844238,0,1,-134
1767173095.8542385,2,1,-135
1767173095.8642385,0,0,-138
1767173095.8742385,-1,-1,-138
1767173095.8842382,0,-7,-138
1767173095.8942382,-3,-5,-142
1767173095.9042382,-1,-9,-141
1767173095.9142382,1,-9,-141
1767173095.9242382,4,-6,-139
1767173095.9342382,3,-4,-134
1767173095.9442382,1,-5,-124
1767173095.9542382,2,-2,-124
1767173095.9642382,0,-1,-130
1767173095.9742382,-1,1,-133
1767173095.984238,-3,0,-133
1767173095.994238,2,-6,-126
1767173096.004238,1,-4,-135
1767173096.014238,-1,-2,-133
1767173096.024238,-2,0,-130
1767173096.034238,-2,0,-129
1767173096.044238,-1,-2,-132
1767173096.054238,2,-4,-129
1767173096.064238,1,-3,-128
1767173096.074238,-1,-1,-132
1767173096.084238,0,0,-129
1767173096.094238,-1,0,-129
1767173096.1042385,0,-1,-125
1767173096.1142385,-1,1,-135
1767173096.1242385,-2,1,-132
1767173096.1342382,-6,0,-131
1767173096.1442382,-8,-5,-127
1767173096.1542382,-7,-3,-127
1767173096.1642382,-5,-6,-125
1767173096.1742382,-5,-12,-131
1767173096.1842382,-5,-10,-133
1767173096.1942382,-6,-10,-131
1767173096.2042382,-6,-6,-138
1767173096.2142382,-6,-5,-136
1767173096.2242382,0,-9,-133
1767173096.234238,0,-8,-139
1767173096.244238,-2,-5,-137
1767173096.254238,-1,-5,-137
1767173096.264238,-4,-5,-129
1767173096.274238,0,-4,-135
1767173096.284238,1,-5,-134
1767173096.294238,-3,-5,-135
1767173096.304238,-3,-4,-131
1767173096.314238,-3,-3,-129
1767173096.324238,0,-2,-131
1767173096.334238,0,-3,-130
1767173096.344238,-1,-3,-131
1767173096.3542385,0,-1,-133
1767173096.3642385,0,1,-128
1767173096.3742385,3,0,-129
1767173096.3842382,-1,-1,-134
1767173096.3942382,0,-3,-128
1767173096.4042382,0,-1,-127
1767173096.4142382,-1,-3,-129
1767173096.4242382,-1,-4,-133
1767173096.4342382,-1,-9,-135
1767173096.4442382,-1,-6,-140
1767173096.4542382,0,-2,-141
1767173096.4642382,3,3,-140
1767173096.4742382,5,0,-140
1767173096.484238,1,0,-142
1767173096.494238,-1,0,-133
1767173096.504238,-4,2,-133
1767173096.514238,-3,-1,-133
1767173096.524238,-6,1,-134
1767173096.534238,-6,0,-136
1767173096.544238,-8,2,-134
1767173096.554238,-6,6,-138
1767173096.564238,-7,1,-141
1767173096.574238,-7,0,-142
1767173096.584238,-6,2,-139
1767173096.594238,-5,3,-138
1767173096.6042385,-5,1,-136
1767173096.6142385,-6,-2,-129
1767173096.6242385,-3,0,-130
1767173096.6342382,-4,-2,-132
1767173096.6442382,-1,-1,-132
1767173096.6542382,-3,-1,-133
1767173096.6642382,0,1,-136
1767173096.6742382,-7,0,-133
1767173096.6842382,-8,1,-131
1767173096.6942382,-7,2,-129
1767173096.7042382,-8,0,-130
1767173096.7142382,-6,-3,-132
1767173096.7242382,-3,-4,-130
1767173096.734238,-2,-2,-131
1767173096.744238,4,2,-131
1767173096.754238,2,2,-128
1767173096.764238,1,4,-131
1767173096.774238,-4,3,-130
1767173096.784238,-1,2,-131
1767173096.794238,0,2,-137
1767173096.804238,0,2,-143
1767173096.814238,-1,0,-138
1767173096.824238,-5,-1,-141
1767173096.834238,-11,-1,-139
1767173096.844238,-9,-2,-134
1767173096.8542385,-7,-3,-131
1767173096.8642385,-3,-6,-128
1767173096.8742385,-4,-6,-131
1767173096.8842382,-3,-10,-133
1767173096.8942382,-4,-10,-130
1767173096.9042382,-2,-11,-132
1767173096.9142382,1,-9,-129
1767173096.9242382,-2,-8,-132
1767173096.9342382,1,-2,-140
1767173096.9442382,0,-3,-135
1767173096.9542382,0,-2,-134
1767173096.9642382,-1,-1,-132
1767173096.9742382,0,-1,-130
1767173096.984238,0,1,-131
1767173096.994238,0,2,-130
1767173097.004238,-1,0,-122
1767173097.014238,-4,3,-119
1767173097.024238,-8,0,-118
1767173097.034238,-3,-4,-112
1767173097.044238,-8,-5,-113
1767173097.054238,-3,-6,-109
1767173097.064238,-5,-10,-116
1767173097.074238,-5,-6,-122
1767173097.084238,-3,-6,-121
1767173097.094238,-7,-6,-125
1767173097.1042385,-5,-2,-132
1767173097.1142385,-6,-4,-133
1767173097.1242385,-2,-3,-131
1767173097.1342382,0,-5,-133
1767173097.1442382,4,-5,-135
1767173097.1542382,0,-4,-133
1767173097.1642382,-6,-3,-136
1767173097.1742382,-5,1,-133
1767173097.1842382,-2,0,-133
1767173097.1942382,-1,-3,-134
1767173097.2042382,-2,-3,-133
1767173097.2142382,-2,-1,-129
1767173097.2242382,-2,-1,-129
1767173097.234238,0,-2,-134
1767173097.244238,-4,-5,-137
1767173097.254238,-2,1,-129
1767173097.264238,1,-3,-132
1767173097.274238,4,-4,-133
1767173097.284238,1,-4,-132
1767173097.294238,2,-6,-129
1767173097.304238,1,-6,-133
1767173097.314238,3,1,-137
1767173097.324238,3,-1,-134
1767173097.334238,0,-4,-133
1767173097.344238,4,-3,-132
1767173097.3542385,4,-5,-124
1767173097.3642385,4,-3,-124
1767173097.3742385,5,-2,-125
1767173097.3842382,4,1,-133
1767173097.3942382,5,3,-131
1767173097.4042382,3,0,-128
1767173097.4142382,3,6,-127
1767173097.4242382,2,1,-129
1767173097.4342382,2,-4,-137
1767173097.4442382,1,-3,-132
1767173097.4542382,-1,-4,-137
1767173097.4642382,-3,-1,-137
1767173097.4742382,-4,0,-134
1767173097.484238,-2,0,-135
1767173097.494238,3,-1,-133
1767173097.504238,3,-5,-132
1767173097.514238,4,-1,-128
1767173097.524238,2,0,-129
1767173097.5352385,1,-2,-126
1767173097.544238,3,0,-125
1767173097.554238,0,-2,-126
1767173097.564238,0,0,-124
1767173097.574238,2,3,-122
1767173097.5852382,3,2,-125
1767173097.5952382,4,0,-126
1767173097.6052382,2,0,-124
1767173097.6152382,0,0,-121
1767173097.6252382,-3,4,-122
1767173097.6352382,-2,5,-120
1767173097.6452382,-2,4,-120
1767173097.6552382,-3,4,-125
1767173097.665238,-1,0,-131
1767173097.675238,-1,-1,-135
1767173097.685238,-4,-3,-133
1767173097.695238,-1,0,-130
1767173097.705238,-2,0,-126
1767173097.715238,-1,-1,-131
1767173097.725238,0,0,-136
1767173097.735238,0,-1,-139
1767173097.745238,-2,-5,-140
1767173097.755238,-5,-5,-138
1767173097.765238,-6,-1,-142
1767173097.775238,-5,-3,-140
1767173097.7852385,-3,-4,-140
1767173097.7952385,-5,-2,-137
1767173097.8052382,0,-7,-138
1767173097.8152382,0,-8,-138
1767173097.8252382,-6,-9,-145
1767173097.8352382,-3,-6,-145
1767173097.8452382,-3,-1,-135
1767173097.8552382,-4,3,-133
1767173097.8652382,-2,-2,-129
1767173097.8752382,0,-3,-131
1767173097.8852382,0,0,-131
1767173097.8952382,0,-3,-134
1767173097.9052382,3,-1,-130
1767173097.915238,2,-2,-122
1767173097.925238,4,0,-117
1767173097.935238,2,-1,-117
1767173097.945238,8,1,-125
1767173097.955238,2,3,-124
1767173097.965238,2,4,-123
1767173097.975238,-2,0,-122
1767173097.985238,1,-1,-126
1767173097.995238,4,-2,-130
1767173098.005238,5,-3,-133
1767173098.015238,3,-3,-132
1767173098.025238,2,0,-132
1767173098.0352385,1,4,-135
1767173098.0452385,0,1,-137
1767173098.0552382,-4,-1,-137
1767173098.0652382,-3,-1,-137
1767173098.0752382,-2,-2,-137
1767173098.0852382,0,-7,-135
1767173098.0952382,-3,-10,-140
1767173098.1052382,-1,-5,-136
1767173098.1152382,0,-5,-137
1767173098.1252382,-1,-5,-139
1767173098.1352382,1,-5,-133
1767173098.1452382,-2,-4,-134
1767173098.1552382,-3,-4,-138
1767173098.165238,-2,-4,-143
1767173098.175238,-2,-4,-142
1767173098.185238,-1,-2,-141
1767173098.195238,-6,-2,-137
1767173098.205238,-2,-2,-135
1767173098.215238,-2,-4,-136
1767173098.225238,3,-3,-133
1767173098.235238,0,-4,-129
1767173098.245238,0,-5,-134
1767173098.255238,-1,-4,-135
1767173098.265238,-4,-2,-134
1767173098.275238,-9,-3,-132
1767173098.2852385,-5,-3,-135
1767173098.2952385,-4,-6,-131
1767173098.3052382,-1,-3,-130
1767173098.3152382,-2,0,-134
1767173098.3252382,0,0,-134
1767173098.3352382,1,-4,-136
1767173098.3452382,1,-6,-136
1767173098.3552382,0,0,-134
1767173098.3652382,1,-3,-134
1767173098.3752382,2,-6,-132
1767173098.3852382,2,-5,-132
1767173098.3952382,0,-8,-134
1767173098.4052382,-1,-5,-132
1767173098.415238,-6,-1,-134
1767173098.425238,-6,0,-136
1767173098.435238,-7,0,-135
1767173098.445238,-3,-2,-134
1767173098.455238,0,-7,-136
1767173098.465238,0,-10,-134
1767173098.475238,-1,-5,-134
1767173098.485238,-2,0,-131
1767173098.495238,-6,-1,-123
1767173098.505238,-4,0,-125
1767173098.515238,-2,0,-120
1767173098.525238,2,1,-122
1767173098.5352385,2,1,-128
1767173098.5452385,3,3,-127
1767173098.5552382,0,2,-127
1767173098.5652382,-3,1,-127
1767173098.5752382,-4,0,-125
1767173098.5852382,-2,-4,-123
1767173098.5952382,-3,-6,-124
1767173098.6052382,-5,-4,-122
1767173098.6152382,-2,-4,-124
1767173098.6252382,-2,-3,-119
1767173098.6352382,-1,-5,-118
1767173098.6452382,3,-5,-118
1767173098.6552382,4,-3,-112
1767173098.665238,5,-4,-117
1767173098.675238,5,-3,-127
1767173098.685238,9,-3,-134
1767173098.695238,6,0,-130
1767173098.705238,2,1,-125
1767173098.715238,1,0,-121
1767173098.725238,0,0,-120
1767173098.735238,-1,-8,-123
1767173098.745238,-3,-9,-120
1767173098.755238,-2,-6,-124
1767173098.765238,-3,-5,-124
1767173098.775238,-3,-7,-127
1767173098.7862382,-2,-8,-124
1767173098.7952385,-3,-6,-128
1767173098.8052382,-2,-3,-128
1767173098.8152382,-4,-5,-130
1767173098.8252382,-5,-3,-129
1767173098.8352382,-3,-4,-133
1767173098.8452382,-1,-5,-135
1767173098.8552382,0,-6,-138
1767173098.8652382,0,-7,-144
1767173098.8752382,1,-3,-137
1767173098.8852382,1,-3,-130
1767173098.8952382,-1,0,-128
1767173098.9052382,-1,-2,-123
1767173098.915238,-3,-2,-122
1767173098.925238,-5,-3,-131
1767173098.935238,-4,0,-143
1767173098.945238,-8,0,-144
1767173098.955238,-8,-3,-141
1767173098.965238,-8,-1,-134
1767173098.975238,-7,-5,-129
1767173098.985238,-7,-5,-132
1767173098.995238,-7,-5,-131
1767173099.005238,-4,-5,-133
1767173099.015238,3,-2,-140
1767173099.025238,2,-2,-135
1767173099.0352385,-1,-2,-130
1767173099.0452385,0,-4,-126
1767173099.0552382,2,-1,-125
1767173099.0652382,0,-2,-124
1767173099.0752382,-2,-3,-132
1767173099.0852382,-1,-4,-131
1767173099.0952382,-1,0,-127
1767173099.1052382,-3,1,-128
1767173099.1152382,-2,0,-126
1767173099.1252382,0,3,-134
1767173099.1352382,0,0,-135
1767173099.1452382,-1,0,-133
1767173099.1552382,-2,0,-139
1767173099.165238,-9,-5,-133
1767173099.175238,-3,3,-129
1767173099.185238,0,2,-126
1767173099.195238,0,0,-124
1767173099.205238,-2,-1,-131
1767173099.215238,0,-6,-133
1767173099.225238,-5,-9,-134
1767173099.235238,-4,-10,-134
1767173099.245238,-1,-8,-133
1767173099.255238,-4,-8,-127
1767173099.265238,-8,-8,-134
1767173099.275238,-5,-6,-140
1767173099.2852385,-3,-5,-137
1767173099.2952385,-2,-4,-138
1767173099.3052382,-3,-2,-133
1767173099.3152382,1,0,-136
1767173099.3252382,2,0,-131
1767173099.3352382,2,0,-127
1767173099.3452382,-1,3,-134
1767173099.3552382,-4,6,-133
1767173099.3652382,-7,0,-138
1767173099.3752382,-9,0,-137
1767173099.3852382,-13,-1,-128
1767173099.3952382,-9,0,-123
1767173099.4052382,-8,0,-129
1767173099.415238,-5,1,-128
1767173099.425238,-2,-2,-128
1767173099.435238,1,-4,-132
1767173099.445238,6,-3,-132
1767173099.455238,8,-4,-131
1767173099.465238,10,-4,-127
1767173099.475238,7,-2,-136
1767173099.485238,5,-3,-140
1767173099.495238,8,-3,-141
1767173099.505238,8,-2,-139
1767173099.515238,7,-4,-134
1767173099.525238,7,-2,-133
1767173099.5352385,7,0,-132
1767173099.5452385,1,0,-128
1767173099.5552382,-3,0,-127
1767173099.5652382,-3,0,-128
1767173099.5752382,0,4,-134
1767173099.5852382,-4,3,-133
1767173099.5952382,0,1,-139
1767173099.6052382,4,2,-143
1767173099.6152382,3,-1,-135
1767173099.6252382,0,-2,-131
1767173099.6352382,0,-3,-138
1767173099.6452382,1,-7,-138
1767173099.6552382,0,-7,-135
1767173099.665238,0,-6,-129
1767173099.675238,2,-4,-137
1767173099.685238,-1,-6,-140
1767173099.695238,2,-6,-140
1767173099.705238,7,-7,-139
1767173099.715238,5,-6,-137
1767173099.725238,4,-6,-128
1767173099.735238,0,-2,-126
1767173099.745238,-2,-2,-123
1767173099.755238,2,-4,-128
1767173099.765238,-1,-3,-128
1767173099.775238,1,-2,-122
1767173099.7852385,0,-5,-122
1767173099.7952385,-1,-4,-121
1767173099.8052382,0,-3,-125
1767173099.8152382,6,-2,-126
1767173099.8252382,3,-1,-126
1767173099.8352382,0,2,-130
1767173099.8452382,0,4,-130
1767173099.8552382,-1,9,-129
1767173099.8652382,1,9,-133
1767173099.8752382,-2,8,-132
1767173099.8852382,-5,5,-134
1767173099.8952382,-1,0,-131
1767173099.9052382,-3,-6,-132
1767173099.915238,0,-6,-130
1767173099.925238,0,-8,-126
1767173099.935238,-2,-6,-131
1767173099.945238,0,-1,-139
1767173099.955238,0,0,-142
1767173099.965238,0,3,-134
1767173099.975238,4,1,-139
1767173099.985238,3,-1,-139
1767173100.007238,6,-1,-138
1767173100.015238,11,-1,-134
1767173100.025238,6,-2,-132
1767173100.0352385,5,0,-127
1767173100.0452385,2,1,-131
1767173100.0552382,1,2,-139
1767173100.0652382,0,5,-137
1767173100.0752382,1,7,-140
1767173100.0852382,0,4,-144
1767173100.0952382,1,8,-144
1767173100.1052382,0,6,-138
1767173100.1152382,-2,0,-135
1767173100.1252382,-2,1,-131
1767173100.136238,0,-2,-134
1767173100.1452382,-4,0,-138
1767173100.1552382,-5,-1,-131
1767173100.165238,-2,0,-132
1767173100.176238,-4,3,-132
1767173100.186238,-1,3,-133
1767173100.196238,0,-3,-130
1767173100.2062385,1,-7,-132
1767173100.2162385,2,-11,-124
1767173100.2262385,-1,-8,-126
1767173100.2362382,0,-7,-129
1767173100.2462382,2,-6,-128
1767173100.2562382,3,0,-124
1767173100.2662382,0,4,-127
1767173100.2762382,3,2,-130
1767173100.2862382,2,2,-133
1767173100.2962382,3,2,-130
1767173100.3062382,0,0,-130
1767173100.3162382,0,-6,-132
1767173100.3262382,2,-11,-132
1767173100.336238,0,-8,-130
1767173100.346238,4,-7,-133
1767173100.356238,0,-5,-138
1767173100.366238,-2,0,-136
1767173100.376238,-3,1,-129
1767173100.386238,-7,2,-129
1767173100.396238,-6,-1,-138
1767173100.406238,-4,-4,-139
1767173100.416238,-7,-2,-141
1767173100.426238,-6,-3,-132
1767173100.436238,-6,-2,-131
1767173100.446238,-1,-2,-133
1767173100.4562385,-1,0,-134
1767173100.4662385,4,0,-133
1767173100.4762385,2,0,-127
1767173100.4862382,0,0,-120
1767173100.4962382,2,-1,-125
1767173100.5062382,0,0,-120
1767173100.5162382,-1,1,-124
1767173100.5262382,-6,-3,-123
1767173100.5362382,-3,-2,-119
1767173100.5462382,-6,0,-119
1767173100.5562382,-4,2,-124
1767173100.5662382,-7,3,-120
1767173100.5762382,-7,5,-117
1767173100.586238,-4,4,-122
1767173100.596238,-5,3,-131
1767173100.606238,-5,1,-136
1767173100.616238,-1,0,-133
1767173100.626238,-5,0,-138
1767173100.636238,-1,2,-136
1767173100.646238,0,1,-136
1767173100.656238,1,0,-138
1767173100.666238,1,0,-133
1767173100.676238,2,-2,-133
1767173100.686238,4,-3,-129
1767173100.696238,3,-9,-126
1767173100.7062385,4,-10,-124
1767173100.7162385,7,-9,-122
1767173100.7262385,2,-9,-118
1767173100.7362382,0,-10,-118
1767173100.7462382,2,-9,-122
1767173100.7562382,0,-6,-127
1767173100.7662382,-4,-3,-128
1767173100.7762382,-7,-1,-125
1767173100.7862382,-5,-2,-124
1767173100.7962382,-6,0,-125
1767173100.8062382,1,0,-132
1767173100.8162382,1,0,-131
1767173100.8262382,3,1,-130
1767173100.836238,3,2,-134
1767173100.846238,3,0,-133
1767173100.856238,0,0,-129
1767173100.866238,5,-1,-128
1767173100.876238,7,-2,-131
1767173100.886238,1,0,-132
1767173100.896238,2,-1,-136
1767173100.906238,4,-2,-129
1767173100.916238,1,-4,-125
1767173100.926238,2,-6,-120
1767173100.936238,0,-1,-127
1767173100.946238,2,-2,-122
1767173100.9562385,4,-6,-128
1767173100.9662385,5,-8,-128
1767173100.9762385,6,-7,-123
1767173100.9862382,4,-5,-123
1767173100.9962382,7,-4,-123
1767173101.0062382,5,-4,-124
1767173101.0162382,9,-4,-125
1767173101.0262382,7,-3,-130
1767173101.0362382,4,-4,-127
1767173101.0462382,3,-4,-125
1767173101.0562382,3,-1,-126
1767173101.0662382,-2,-1,-125
1767173101.0762382,-4,-2,-128
1767173101.086238,0,-4,-132
1767173101.096238,-1,-5,-130
1767173101.106238,-2,-5,-126
1767173101.116238,-3,-10,-124
1767173101.126238,-7,-11,-121
1767173101.136238,-6,-8,-118
1767173101.146238,-2,-7,-124
1767173101.156238,-2,-6,-128
1767173101.166238,-2,-7,-135
1767173101.176238,-3,-5,-136
1767173101.186238,-3,-6,-135
1767173101.196238,-7,-5,-133
1767173101.2062385,-7,-7,-134
1767173101.2162385,-9,-6,-130
1767173101.2262385,-5,-5,-131
1767173101.2362382,-4,0,-130
1767173101.2462382,-4,-3,-131
1767173101.2562382,-2,0,-131
1767173101.2662382,0,3,-130
1767173101.2762382,-3,2,-128
1767173101.2862382,-3,3,-130
1767173101.2962382,-4,2,-134
1767173101.3062382,-7,1,-138
1767173101.3162382,-7,3,-132
1767173101.3262382,-6,3,-124
1767173101.336238,-5,5,-127
1767173101.346238,-4,3,-126
1767173101.356238,-2,4,-126
1767173101.366238,1,6,-128
1767173101.376238,0,4,-127
1767173101.386238,0,2,-125
1767173101.396238,-1,2,-127
1767173101.406238,-1,1,-131
1767173101.416238,-1,1,-133
1767173101.426238,5,1,-133
1767173101.436238,3,0,-132
1767173101.446238,-3,-3,-134
1767173101.4562385,0,-1,-137
1767173101.4662385,-4,-4,-146
1767173101.4762385,-1,-4,-142
1767173101.4862382,0,-3,-135
1767173101.4962382,2,-2,-129
1767173101.5062382,6,1,-124
1767173101.5162382,3,0,-122
1767173101.5262382,0,-2,-125
1767173101.5362382,-4,-3,-124
1767173101.5462382,-4,-3,-121
1767173101.5562382,-4,-1,-130
1767173101.5662382,-4,-3,-128
1767173101.5762382,-2,-4,-127
1767173101.586238,-4,-3,-132
1767173101.596238,-3,-1,-132
1767173101.606238,-4,0,-135
1767173101.616238,0,0,-131
1767173101.626238,0,0,-133
1767173101.636238,1,1,-133
1767173101.646238,0,3,-132
1767173101.656238,0,3,-131
1767173101.666238,-1,5,-128
1767173101.676238,5,4,-128
1767173101.686238,0,4,-130
1767173101.696238,2,7,-134
1767173101.7062385,1,2,-133
1767173101.7162385,0,0,-130
1767173101.7262385,0,-5,-133
1767173101.7362382,0,-1,-126
1767173101.7462382,-1,1,-121
1767173101.7562382,0,2,-131
1767173101.7662382,-6,1,-135
1767173101.7762382,-6,-1,-131
1767173101.7862382,1,-3,-127
1767173101.7962382,3,-2,-136
1767173101.8062382,0,-2,-141
1767173101.8162382,0,0,-132
1767173101.8262382,-3,-3,-135
1767173101.836238,0,0,-131
1767173101.846238,3,-3,-128
1767173101.856238,0,-7,-124
1767173101.866238,2,-5,-117
1767173101.876238,4,-5,-118
1767173101.886238,4,-2,-117
1767173101.896238,2,-7,-116
1767173101.906238,1,-9,-121
1767173101.916238,1,-2,-122
1767173101.926238,-5,0,-122
1767173101.936238,-8,0,-123
1767173101.946238,-5,0,-124
1767173101.9562385,-3,1,-127
1767173101.9662385,-1,-2,-125
1767173101.9762385,-7,-3,-121
1767173101.9862382,-10,-2,-119
1767173101.9962382,-8,0,-119
1767173102.0062382,-5,-1,-125
1767173102.0162382,-5,0,-129
1767173102.0262382,-4,0,-129
1767173102.0362382,-3,-2,-132
1767173102.0462382,-2,-2,-131
1767173102.0562382,-3,-3,-122
1767173102.0662382,-7,0,-124
1767173102.0762382,-10,0,-125
1767173102.086238,-6,0,-130
1767173102.096238,-2,-1,-136
1767173102.106238,-2,-3,-132
1767173102.116238,-5,-6,-137
1767173102.126238,-7,0,-133
1767173102.136238,-7,0,-135
1767173102.146238,-5,0,-132
1767173102.156238,-5,-1,-135
1767173102.166238,-2,-5,-130
1767173102.176238,-4,0,-125
1767173102.186238,-4,-2,-121
1767173102.196238,-4,0,-126
1767173102.2062385,-2,0,-135
1767173102.2162385,0,0,-133
1767173102.2262385,-6,-3,-129
1767173102.2362382,-5,-1,-125
1767173102.2462382,-6,0,-128
1767173102.2562382,-12,-4,-130
1767173102.2662382,-11,-7,-132
1767173102.2762382,-8,-9,-139
1767173102.2862382,-8,-7,-144
1767173102.2962382,-3,-7,-145
1767173102.3062382,0,-5,-143
1767173102.3162382,-3,1,-140
1767173102.3262382,-5,0,-141
1767173102.336238,-8,0,-138
1767173102.346238,-6,-2,-141
1767173102.356238,-5,-3,-137
1767173102.366238,-4,0,-137
1767173102.376238,-3,-1,-133
1767173102.386238,-6,0,-137
1767173102.396238,-11,2,-141
1767173102.406238,-13,0,-141
1767173102.416238,-11,-4,-140
1767173102.426238,-7,0,-135
1767173102.436238,-5,0,-137
1767173102.446238,-2,4,-142
1767173102.4562385,-4,5,-140
1767173102.4662385,-4,4,-139
1767173102.4762385,-4,1,-136
1767173102.4862382,-4,0,-131
1767173102.4962382,-7,0,-136
1767173102.5062382,-7,-3,-132
1767173102.5162382,-8,-5,-127
1767173102.5262382,-10,-4,-132
1767173102.5362382,-4,-6,-135
1767173102.5462382,-2,-6,-140
1767173102.5562382,-3,-3,-140
1767173102.5662382,0,-7,-136
1767173102.5762382,2,-6,-135
1767173102.586238,0,-4,-138
1767173102.596238,4,-3,-137
1767173102.606238,3,-3,-142
1767173102.616238,4,0,-145
1767173102.626238,7,-3,-138
1767173102.636238,6,-3,-134
1767173102.646238,9,-3,-133
1767173102.656238,4,-4,-132
1767173102.666238,2,-9,-128
1767173102.676238,0,-3,-129
1767173102.686238,1,-2,-129
1767173102.696238,-1,-2,-126
1767173102.7062385,-2,-1,-122
1767173102.7172382,-5,2,-131
1767173102.7262385,0,4,-136
1767173102.7362382,4,4,-139
1767173102.7462382,1,2,-134
1767173102.7562382,-1,0,-136
1767173102.767238,1,-2,-139
1767173102.777238,2,-8,-134
1767173102.787238,3,-6,-133
1767173102.797238,5,-2,-131
1767173102.807238,4,0,-124
1767173102.817238,2,1,-124
1767173102.827238,4,4,-126
1767173102.837238,6,0,-126
1767173102.847238,3,0,-121
1767173102.857238,0,-2,-121
1767173102.867238,1,-2,-120
1767173102.877238,-1,-7,-129
1767173102.8872385,0,-2,-126
1767173102.8972385,-2,1,-126
1767173102.9072382,-4,1,-128
1767173102.9172382,-3,1,-123
1767173102.9272382,-1,-2,-111
1767173102.9372382,-1,-3,-104
1767173102.9472382,0,-6,-103
1767173102.9572382,0,-6,-107
1767173102.9672382,-1,-8,-115
1767173102.9772382,-3,-6,-121
1767173102.9872382,-1,-8,-130
1767173102.9972382,-5,-8,-132
1767173103.007238,-4,-1,-139
1767173103.017238,-6,0,-133
1767173103.027238,-8,0,-129
1767173103.037238,-11,0,-130
1767173103.047238,-14,-2,-131
1767173103.057238,-7,0,-133
1767173103.067238,-9,-1,-134
1767173103.077238,-9,0,-134
1767173103.087238,-7,0,-138
1767173103.097238,-8,0,-131
1767173103.107238,-9,0,-127
1767173103.117238,-8,0,-129
1767173103.127238,-10,0,-129
1767173103.1372385,-11,2,-129
1767173103.1472385,-10,2,-127
1767173103.1572382,-8,0,-130
1767173103.1672382,-6,0,-137
1767173103.1772382,-9,0,-138
1767173103.1872382,-7,3,-139
1767173103.1972382,-4,1,-136
1767173103.2072382,-2,-1,-134
1767173103.2172382,0,-2,-128
1767173103.2272382,-3,0,-126
1767173103.2372382,0,0,-123
1767173103.2472382,-1,-1,-125
1767173103.257238,-1,-5,-129
1767173103.267238,-3,-1,-129
1767173103.277238,-6,1,-127
1767173103.287238,-2,2,-127
1767173103.297238,-1,0,-132
1767173103.307238,-3,-2,-136
1767173103.317238,-1,-4,-135
1767173103.327238,1,0,-138
1767173103.337238,4,0,-133
1767173103.347238,1,-6,-135
1767173103.357238,-1,-3,-136
1767173103.367238,2,-1,-134
1767173103.377238,1,-1,-131
1767173103.3872385,2,-1,-138
1767173103.3972385,-2,0,-131
1767173103.4072382,-10,-1,-133
1767173103.4172382,-8,-3,-134
1767173103.4272382,-7,-3,-134
1767173103.4372382,-7,-4,-135
1767173103.4472382,-3,-4,-134
1767173103.4572382,-1,0,-139
1767173103.4672382,-1,0,-134
1767173103.4772382,0,0,-135
1767173103.4872382,0,3,-129
1767173103.4972382,0,4,-131
1767173103.507238,-2,-1,-134
1767173103.517238,-2,-6,-134
1767173103.527238,1,1,-131
1767173103.537238,1,3,-131
1767173103.547238,0,7,-135
1767173103.557238,6,6,-133
1767173103.567238,1,4,-129
1767173103.577238,-1,1,-136
1767173103.587238,-1,0,-136
1767173103.597238,0,-2,-137
1767173103.607238,4,-6,-137
1767173103.617238,5,-7,-138
1767173103.627238,5,-6,-137
1767173103.6372385,7,-3,-139
1767173103.6472385,7,-2,-137
1767173103.6572382,5,-5,-139
1767173103.6672382,0,-1,-136
1767173103.6772382,-1,0,-134
1767173103.6872382,-1,0,-125
1767173103.6972382,0,0,-127
1767173103.7072382,4,0,-131
1767173103.7172382,0,-2,-126
1767173103.7272382,1,0,-124
1767173103.7372382,1,-1,-128
1767173103.7472382,0,-7,-133
1767173103.757238,-3,-7,-139
1767173103.767238,-3,-5,-141
1767173103.777238,-3,-5,-131
1767173103.787238,0,-9,-134
1767173103.797238,-4,-13,-134
1767173103.807238,-9,-12,-134
1767173103.817238,-10,-4,-138
1767173103.827238,-14,-5,-140
1767173103.837238,-12,-1,-135
1767173103.847238,-4,0,-136
1767173103.857238,-3,-1,-136
1767173103.867238,-1,-1,-133
1767173103.877238,1,0,-132
1767173103.8872385,6,1,-131
1767173103.8972385,5,4,-128
1767173103.9072382,6,8,-128
1767173103.9172382,8,8,-132
1767173103.9272382,3,4,-137
1767173103.9372382,4,2,-131
1767173103.9472382,1,0,-129
1767173103.9572382,2,0,-131
1767173103.9672382,0,2,-125
1767173103.9772382,-2,4,-126
1767173103.9872382,-2,3,-125
1767173103.9972382,0,2,-124
1767173104.007238,-1,-2,-119
1767173104.017238,-6,-3,-126
1767173104.027238,-7,0,-127
1767173104.037238,-6,-2,-127
1767173104.047238,-2,-4,-125
1767173104.057238,-2,-5,-125
1767173104.067238,1,-6,-123
1767173104.077238,1,-3,-122
1767173104.087238,-3,-4,-126
1767173104.097238,-2,0,-119
1767173104.107238,1,2,-115
1767173104.117238,2,1,-120
1767173104.127238,-1,2,-126
1767173104.1372385,-1,-3,-126
1767173104.1472385,-2,-3,-129
1767173104.1572382,-3,-3,-131
1767173104.1672382,-1,0,-128
1767173104.1772382,-3,-1,-130
1767173104.1872382,-1,-4,-136
1767173104.1972382,2,-7,-132
1767173104.2072382,0,-9,-126
1767173104.2172382,-1,-8,-129
1767173104.2272382,-3,-6,-127
1767173104.2372382,-7,-3,-124
1767173104.2472382,-7,-3,-129
1767173104.257238,0,-7,-127
1767173104.267238,1,-5,-123
1767173104.277238,6,-4,-125
1767173104.287238,1,0,-125
1767173104.297238,0,-4,-130
1767173104.307238,-2,-6,-132
1767173104.317238,0,-8,-133
1767173104.327238,2,-5,-140
1767173104.337238,-4,-6,-141
1767173104.347238,-3,-6,-139
1767173104.357238,5,-6,-139
1767173104.367238,7,-6,-136
1767173104.377238,3,-6,-140
1767173104.3872385,0,-6,-141
1767173104.3972385,-2,-6,-136
1767173104.4072382,-3,-5,-136
1767173104.4172382,-3,-5,-132
1767173104.4272382,-2,-3,-131
1767173104.4372382,0,0,-131
1767173104.4472382,2,0,-132
1767173104.4572382,5,-2,-138
1767173104.4672382,1,-5,-140
1767173104.4772382,-3,-5,-147
1767173104.4872382,-3,-3,-143
1767173104.4972382,-3,0,-135
1767173104.507238,-3,0,-138
1767173104.517238,-1,-1,-138
1767173104.527238,0,-6,-135
1767173104.537238,0,-5,-135
1767173104.547238,-2,-8,-134
1767173104.557238,-2,-4,-136
1767173104.567238,-3,-2,-136
1767173104.577238,-2,-1,-129
1767173104.587238,0,1,-125
1767173104.597238,-6,-2,-125
1767173104.607238,-5,-2,-129
1767173104.617238,-5,-3,-130
1767173104.627238,-6,1,-132
1767173104.6372385,-3,5,-131
1767173104.6472385,-3,4,-132
1767173104.6572382,-4,4,-131
1767173104.6672382,-5,4,-134
1767173104.6772382,-5,0,-131
1767173104.6872382,1,3,-126
1767173104.6972382,7,2,-134
1767173104.7072382,6,1,-141
1767173104.7172382,3,-1,-147
1767173104.7272382,7,0,-149
1767173104.7372382,7,3,-146
1767173104.7472382,11,5,-143
1767173104.757238,12,0,-135
1767173104.767238,4,-2,-138
1767173104.777238,0,-1,-135
1767173104.787238,-1,0,-125
1767173104.797238,-3,2,-127
1767173104.807238,-5,0,-125
1767173104.817238,-7,-5,-129
1767173104.827238,-4,-9,-131
1767173104.837238,-1,-9,-137
1767173104.847238,-5,-7,-140
1767173104.857238,-5,-6,-144
1767173104.867238,-5,-3,-144
1767173104.877238,-4,-2,-143
1767173104.8872385,-5,0,-139
1767173104.8972385,-6,0,-144
1767173104.9072382,-4,1,-146
1767173104.9172382,-7,0,-148
1767173104.9272382,-8,0,-148
1767173104.9372382,-5,-4,-147
1767173104.9472382,-4,-3,-139
1767173104.9572382,-4,0,-136
1767173104.9672382,-4,-1,-136
1767173104.9772382,0,0,-135
1767173104.9872382,0,0,-137
1767173104.9972382,1,2,-129
1767173105.018238,3,-2,-141
1767173105.027238,-1,-5,-145
1767173105.037238,-1,-6,-145
1767173105.047238,-3,-5,-149
1767173105.057238,-2,0,-147
1767173105.067238,-1,0,-138
1767173105.077238,0,-1,-135
1767173105.087238,0,-2,-137
1767173105.097238,-3,-3,-131
1767173105.107238,-2,-1,-125
1767173105.117238,0,2,-132
1767173105.127238,-2,0,-137
1767173105.1372385,-2,-4,-141
1767173105.1472385,-6,-9,-139
1767173105.1572382,-4,-11,-131
1767173105.1672382,0,-12,-126
1767173105.1772382,2,-8,-120
1767173105.1872382,4,-5,-120
1767173105.1972382,-1,-7,-123
1767173105.2072382,2,-8,-117
1767173105.2172382,1,-9,-116
1767173105.2272382,0,-3,-121
1767173105.2372382,0,-2,-125
1767173105.2472382,0,-2,-120
1767173105.257238,-2,-6,-124
1767173105.267238,-2,-4,-123
1767173105.277238,-3,-4,-124
1767173105.287238,-6,-6,-132
1767173105.297238,-2,-4,-137
1767173105.307238,-2,-1,-136
1767173105.317238,1,-2,-132
1767173105.327238,1,-2,-129
1767173105.337238,-2,0,-136
1767173105.347238,-2,-4,-140
1767173105.357238,-8,-3,-143
1767173105.367238,-6,-3,-138
1767173105.377238,-2,-6,-135
1767173105.3882382,-5,-5,-134
1767173105.3982382,-8,-4,-132
1767173105.4072382,-8,-2,-132
1767173105.4172382,-9,2,-121
1767173105.4282382,-5,4,-118
1767173105.438238,-6,7,-120
1767173105.448238,-5,5,-117
1767173105.458238,-4,3,-122
1767173105.468238,-5,2,-120
1767173105.478238,-11,0,-123
1767173105.488238,-13,-1,-123
1767173105.498238,-10,-2,-128
1767173105.508238,-8,-5,-132
1767173105.518238,-4,0,-137
1767173105.528238,-5,-4,-136
1767173105.538238,-3,-5,-138
1767173105.548238,-6,-3,-135
1767173105.5582385,-4,-3,-135
1767173105.5682385,-8,-1,-134
1767173105.5782382,-8,-1,-133
1767173105.5882382,-5,-3,-132
1767173105.5982382,-3,-3,-136
1767173105.6082382,-4,-1,-135
1767173105.6182382,-4,-3,-131
1767173105.6282382,-9,-1,-132
1767173105.6382382,-5,0,-123
1767173105.6482382,-7,3,-117
1767173105.6582382,-2,1,-117
1767173105.6682382,-3,-2,-119
1767173105.6782382,-6,0,-124
1767173105.688238,-3,3,-123
1767173105.698238,0,4,-125
1767173105.708238,2,4,-121
1767173105.718238,0,2,-124
1767173105.728238,-1,0,-126
1767173105.738238,-3,-2,-124
1767173105.748238,-5,-4,-121
1767173105.758238,-7,1,-123
1767173105.768238,-4,4,-123
1767173105.778238,-5,4,-124
1767173105.788238,-2,3,-125
1767173105.798238,1,0,-130
1767173105.8082385,0,2,-133
1767173105.8182385,0,0,-130
1767173105.8282382,5,2,-131
1767173105.8382382,6,0,-131
1767173105.8482382,2,-2,-130
1767173105.8582382,1,1,-130
1767173105.8682382,-1,0,-127
1767173105.8782382,-1,-2,-123
1767173105.8882382,2,0,-129
1767173105.8982382,3,0,-131
1767173105.9082382,6,0,-125
1767173105.9182382,3,0,-128
1767173105.9282382,5,-4,-131
1767173105.938238,4,-3,-130
1767173105.948238,1,-4,-132
1767173105.958238,6,-3,-131
1767173105.968238,4,-3,-131
1767173105.978238,0,-7,-133
1767173105.988238,1,-5,-137
1767173105.998238,-1,-4,-138
1767173106.008238,0,-3,-142
1767173106.018238,-1,0,-140
1767173106.028238,-6,0,-137
1767173106.038238,0,2,-131
1767173106.048238,3,2,-131
1767173106.0582385,0,7,-134
1767173106.0682385,0,6,-132
1767173106.0782382,-1,-1,-133
1767173106.0882382,-2,-2,-132
1767173106.0982382,-5,-5,-131
1767173106.1082382,-4,-2,-131
1767173106.1182382,-4,2,-128
1767173106.1282382,-2,2,-135
1767173106.1382382,-4,-1,-132
1767173106.1482382,-2,0,-125
1767173106.1582382,0,1,-123
1767173106.1682382,1,-5,-126
1767173106.1782382,3,-5,-131
1767173106.188238,4,-3,-127
1767173106.198238,0,-1,-128
1767173106.208238,-3,3,-126
1767173106.218238,2,0,-127
1767173106.228238,-1,2,-128
1767173106.238238,-4,2,-131
1767173106.248238,-8,0,-135
1767173106.258238,-5,1,-134
1767173106.268238,0,0,-143
1767173106.278238,0,2,-136
1767173106.288238,-5,1,-134
1767173106.298238,-3,-1,-133
1767173106.3082385,-2,-2,-132
1767173106.3182385,-4,2,-129
1767173106.3282382,-8,1,-125
1767173106.3382382,-6,1,-123
1767173106.3482382,-3,4,-133
1767173106.3582382,-1,4,-130
1767173106.3682382,0,7,-133
1767173106.3782382,-2,4,-133
1767173106.3882382,-8,0,-126
1767173106.3982382,-5,-1,-123
1767173106.4082382,-4,-4,-127
1767173106.4182382,0,-3,-122
1767173106.4282382,0,-4,-121
1767173106.438238,0,-1,-122
1767173106.448238,-1,-3,-123
1767173106.458238,-1,-2,-128
1767173106.468238,-5,-6,-129
1767173106.478238,-5,-8,-131
1767173106.488238,-3,-3,-134
1767173106.498238,0,-1,-132
1767173106.508238,-1,1,-126
1767173106.518238,0,0,-129
1767173106.528238,-4,-2,-133
1767173106.538238,-4,-6,-138
1767173106.548238,-5,-8,-137
1767173106.5582385,-7,-5,-137
1767173106.5682385,-2,-7,-129
1767173106.5782382,-3,-5,-131
1767173106.5882382,-7,-5,-134
1767173106.5982382,-7,-5,-129
1767173106.6082382,-5,-2,-132
1767173106.6182382,-2,-2,-133
1767173106.6282382,-1,-3,-134
1767173106.6382382,0,1,-126
1767173106.6482382,-2,3,-125
1767173106.6582382,0,0,-126
1767173106.6682382,1,-4,-129
1767173106.6782382,0,-1,-130
1767173106.688238,0,5,-128
1767173106.698238,3,4,-131
1767173106.708238,0,2,-134
1767173106.718238,0,4,-135
1767173106.728238,1,2,-137
1767173106.738238,1,3,-133
1767173106.748238,2,5,-127
1767173106.758238,1,1,-127
1767173106.768238,2,-4,-125
1767173106.778238,4,-6,-126
1767173106.788238,3,1,-127
1767173106.798238,1,2,-127
1767173106.8082385,-1,7,-127
1767173106.8182385,-2,3,-123
1767173106.8282382,-2,2,-132
1767173106.8382382,1,0,-132
1767173106.8482382,3,0,-122
1767173106.8582382,3,5,-121
1767173106.8682382,2,6,-121
1767173106.8782382,1,4,-119
1767173106.8882382,1,5,-125
1767173106.8982382,0,4,-127
1767173106.9082382,0,3,-133
1767173106.9182382,2,1,-139
1767173106.9282382,0,1,-139
1767173106.938238,0,0,-133
1767173106.948238,5,-1,-136
1767173106.958238,1,-2,-136
1767173106.968238,0,0,-133
1767173106.978238,-1,2,-131
1767173106.988238,1,-2,-128
1767173106.998238,3,-5,-129
1767173107.008238,4,-3,-130
1767173107.018238,0,-5,-131
1767173107.028238,2,0,-128
1767173107.038238,2,0,-127
1767173107.048238,-1,0,-131
1767173107.0582385,3,3,-132
1767173107.0682385,4,2,-135
1767173107.0782382,0,-1,-131
1767173107.0882382,-1,-4,-134
1767173107.0982382,1,-7,-136
1767173107.1082382,5,-11,-130
1767173107.1182382,5,-10,-129
1767173107.1282382,8,-8,-134
1767173107.1382382,8,-7,-135
1767173107.1482382,7,-7,-131
1767173107.1582382,5,-3,-126
1767173107.1682382,4,-3,-125
1767173107.1782382,0,-4,-129
1767173107.188238,1,-1,-129
1767173107.198238,4,-1,-124
1767173107.208238,0,-3,-133
1767173107.218238,1,-10,-135
1767173107.228238,0,-9,-141
1767173107.238238,1,-6,-142
1767173107.248238,1,-6,-146
1767173107.258238,5,-8,-144
1767173107.268238,7,-6,-137
1767173107.278238,7,-5,-136
1767173107.288238,9,-1,-128
1767173107.298238,10,1,-132
1767173107.3082385,9,2,-127
1767173107.3182385,5,0,-129
1767173107.3282382,0,-1,-132
1767173107.3382382,-5,3,-133
1767173107.3482382,-7,4,-133
1767173107.3582382,-8,6,-135
1767173107.3682382,-10,7,-131
1767173107.3782382,-3,3,-126
1767173107.3882382,-1,0,-128
1767173107.3982382,-12,-2,-122
1767173107.4082382,-8,-6,-129
1767173107.4182382,-7,-3,-133
1767173107.4282382,-7,-5,-130
1767173107.438238,-1,-9,-130
1767173107.448238,-1,-7,-129
1767173107.458238,0,-8,-134
1767173107.468238,-2,-8,-131
1767173107.478238,-2,-6,-128
1767173107.488238,-2,-11,-132
1767173107.498238,0,-9,-129
1767173107.508238,-1,-5,-123
1767173107.518238,-2,-2,-122
1767173107.528238,-4,1,-133
1767173107.538238,0,3,-130
1767173107.548238,-5,7,-123
1767173107.5582385,-4,3,-129
1767173107.5682385,-5,6,-133
1767173107.5782382,-4,5,-138
1767173107.5882382,-3,4,-136
1767173107.5982382,-1,1,-133
1767173107.6082382,0,0,-138
1767173107.6182382,0,1,-138
1767173107.6282382,0,-1,-135
1767173107.6382382,1,-1,-136
1767173107.6482382,3,1,-136
1767173107.6582382,1,-2,-128
1767173107.6682382,-2,-4,-122
1767173107.6782382,-2,-3,-127
1767173107.688238,1,-4,-130
1767173107.698238,2,-4,-130
1767173107.708238,0,-5,-129
1767173107.718238,-1,-11,-131
1767173107.728238,-5,-14,-136
1767173107.738238,-4,-10,-135
1767173107.748238,-4,-10,-128
1767173107.758238,-2,-7,-129
1767173107.768238,-3,-5,-123
1767173107.778238,-3,-7,-119
1767173107.788238,-4,-5,-123
1767173107.798238,-2,-7,-124
1767173107.8082385,-7,-10,-123
1767173107.8182385,-5,-9,-127
1767173107.8282382,-4,-3,-127
1767173107.8382382,-3,-2,-131
1767173107.8482382,2,-3,-130
1767173107.8582382,1,-2,-136
1767173107.8682382,2,-5,-127
1767173107.8782382,0,-4,-131
1767173107.8882382,-1,-5,-131
1767173107.8982382,1,-4,-138
1767173107.9082382,4,0,-134
1767173107.9182382,2,0,-133
1767173107.9282382,0,0,-130
1767173107.938238,2,0,-132
1767173107.948238,2,0,-135
1767173107.958238,1,-4,-140
1767173107.968238,-2,-5,-138
1767173107.978238,-7,-7,-138
1767173107.988238,-7,-4,-139
1767173107.9992385,-8,0,-136
1767173108.0092382,-6,0,-139
1767173108.0192382,-4,2,-136
1767173108.028238,-4,3,-137
1767173108.0392382,0,1,-136
1767173108.0492382,0,3,-142
1767173108.0592382,-2,4,-141
1767173108.0692382,-5,6,-141
1767173108.0792382,-6,1,-143
1767173108.0892382,-1,0,-134
1767173108.0992382,1,1,-136
1767173108.109238,0,1,-135
1767173108.119238,-4,-3,-131
1767173108.129238,-6,0,-130
1767173108.139238,-5,0,-126
1767173108.149238,-8,0,-131
1767173108.159238,-7,0,-136
1767173108.169238,-5,-1,-134
1767173108.179238,-4,1,-130
1767173108.189238,-3,3,-132
1767173108.199238,-3,-2,-132
1767173108.209238,0,-4,-127
1767173108.219238,5,-3,-129
1767173108.2292385,2,-1,-133
1767173108.2392385,-2,0,-129
1767173108.2492385,-3,1,-135
1767173108.2592382,-2,2,-139
1767173108.2692382,2,1,-135
1767173108.2792382,3,8,-131
1767173108.2892382,4,5,-131
1767173108.2992382,4,4,-138
1767173108.3092382,3,4,-140
1767173108.3192382,3,6,-135
1767173108.3292382,3,6,-135
1767173108.3392382,0,4,-138
1767173108.3492382,1,3,-133
1767173108.359238,2,1,-131
1767173108.369238,3,-1,-135
1767173108.379238,3,-4,-144
1767173108.389238,-2,-4,-141
1767173108.399238,0,-6,-142
1767173108.409238,0,-2,-141
1767173108.419238,-1,1,-134
1767173108.429238,-3,-5,-130
1767173108.439238,-4,-3,-130
1767173108.449238,-2,-3,-129
1767173108.459238,-1,0,-132
1767173108.469238,1,-1,-137
1767173108.4792385,-1,0,-141
1767173108.4892385,-4,-2,-140
1767173108.4992385,-2,0,-135
1767173108.5092382,0,0,-132
1767173108.5192382,0,0,-126
1767173108.5292382,-2,4,-123
1767173108.5392382,-5,5,-121
1767173108.5492382,-3,6,-125
1767173108.5592382,-5,5,-124
1767173108.5692382,-4,6,-123
1767173108.5792382,0,8,-130
1767173108.5892382,-1,6,-131
1767173108.5992382,1,4,-135
1767173108.609238,4,4,-136
1767173108.619238,2,5,-137
1767173108.629238,-2,3,-129
1767173108.639238,0,6,-126
1767173108.649238,0,7,-119
1767173108.659238,0,4,-120
1767173108.669238,-3,7,-121
1767173108.679238,-9,5,-125
1767173108.689238,-8,3,-128
1767173108.699238,-8,2,-134
1767173108.709238,-6,0,-135
1767173108.719238,-5,0,-137
1767173108.7292385,-4,0,-132
1767173108.7392385,-3,-3,-130
1767173108.7492385,0,-1,-132
1767173108.7592382,-1,0,-130
1767173108.7692382,2,-2,-124
1767173108.7792382,3,-2,-126
1767173108.7892382,4,-3,-126
1767173108.7992382,0,0,-130
1767173108.8092382,0,2,-133
1767173108.8192382,-1,-1,-132
1767173108.8292382,-7,-1,-131
1767173108.8392382,-10,-4,-123
1767173108.8492382,-9,-5,-125
1767173108.859238,-7,-3,-123
1767173108.869238,-8,0,-125
1767173108.879238,-7,-2,-129
1767173108.889238,-8,0,-132
1767173108.899238,-10,-5,-131
1767173108.909238,-9,-7,-131
1767173108.919238,-5,-6,-128
1767173108.929238,0,-2,-125
1767173108.939238,0,-3,-126
1767173108.949238,4,-5,-127
1767173108.959238,3,-4,-133
1767173108.969238,-1,-6,-134
1767173108.9792385,-4,-4,-134
1767173108.9892385,-1,-1,-128
1767173108.9992385,-3,-2,-127
1767173109.0092382,-3,-8,-131
1767173109.0192382,0,-6,-134
1767173109.0292382,-1,-3,-132
1767173109.0392382,0,-2,-130
1767173109.0492382,-1,-4,-131
1767173109.0592382,-2,-2,-132
1767173109.0692382,-2,1,-132
1767173109.0792382,-1,0,-127
1767173109.0892382,-2,3,-125
1767173109.0992382,-1,5,-131
1767173109.109238,0,3,-127
1767173109.119238,1,1,-127
1767173109.129238,1,-2,-134
1767173109.139238,-1,-3,-139
1767173109.149238,-2,-4,-139
1767173109.159238,0,-3,-136
1767173109.169238,-2,-2,-136
1767173109.179238,-4,-1,-137
1767173109.189238,-6,-1,-143
1767173109.199238,-5,1,-139
1767173109.209238,-6,0,-140
1767173109.219238,-3,-3,-138
1767173109.2292385,-4,-6,-141
1767173109.2392385,-8,-6,-143
1767173109.2492385,-8,-1,-138
1767173109.2592382,-8,-3,-139
1767173109.2692382,-6,0,-144
1767173109.2792382,0,5,-145
1767173109.2892382,3,3,-142
1767173109.2992382,0,4,-135
1767173109.3092382,0,2,-130
1767173109.3192382,0,0,-129
1767173109.3292382,0,0,-132
1767173109.3392382,0,0,-133
1767173109.3492382,0,0,-142
1767173109.359238,-1,2,-136
1767173109.369238,-1,4,-127
1767173109.379238,0,2,-127
1767173109.389238,-4,2,-125
1767173109.399238,-3,0,-122
1767173109.409238,-4,1,-123
1767173109.419238,2,0,-128
1767173109.429238,5,-1,-129
1767173109.439238,2,-2,-130
1767173109.449238,2,-5,-136
1767173109.459238,0,-5,-139
1767173109.469238,0,-7,-139
1767173109.4792385,1,-9,-136
1767173109.4892385,-3,-5,-141
1767173109.4992385,-2,-3,-141
1767173109.5092382,0,0,-138
1767173109.5192382,1,-1,-131
1767173109.5292382,2,0,-131
1767173109.5392382,-3,4,-136
1767173109.5492382,-4,4,-138
1767173109.5592382,-8,2,-134
1767173109.5692382,-7,0,-134
1767173109.5792382,-7,-1,-131
1767173109.5892382,-5,-1,-128
1767173109.5992382,-6,-3,-131
1767173109.609238,-6,0,-135
1767173109.619238,-4,1,-132
1767173109.629238,-5,2,-134
1767173109.639238,-5,0,-131
1767173109.649238,-3,-3,-131
1767173109.659238,0,-2,-126
1767173109.669238,-3,-3,-124
1767173109.679238,1,-4,-123
1767173109.689238,0,-3,-122
1767173109.699238,-1,-1,-125
1767173109.709238,-3,-3,-128
1767173109.719238,-2,-1,-130
1767173109.7292385,1,-3,-125
1767173109.7392385,0,-3,-135
1767173109.7492385,0,-2,-133
1767173109.7592382,-2,0,-134
1767173109.7692382,-1,2,-142
1767173109.7792382,0,7,-146
1767173109.7892382,0,4,-143
1767173109.7992382,-3,2,-143
1767173109.8092382,-2,4,-137
1767173109.8192382,-3,5,-134
1767173109.8292382,0,5,-137
1767173109.8392382,-2,4,-139
1767173109.8492382,-5,4,-140
1767173109.859238,-4,0,-139
1767173109.869238,-8,-3,-133
1767173109.879238,-6,-6,-139
1767173109.889238,-2,-5,-130
1767173109.899238,-4,-3,-128
1767173109.909238,0,-5,-125
1767173109.919238,0,-6,-127
1767173109.929238,-3,-2,-125
1767173109.939238,-2,0,-133
1767173109.949238,0,2,-133
1767173109.959238,1,2,-137
1767173109.969238,1,3,-143
1767173109.9792385,5,3,-143
1767173109.9892385,1,4,-134
1767173109.9992385,0,2,-136
1767173110.0092382,0,3,-141
1767173110.0302382,-5,-1,-139
1767173110.0392382,-3,-2,-133
1767173110.0492382,-5,0,-130
1767173110.0592382,-6,-3,-129
1767173110.0692382,-6,-5,-127
1767173110.0792382,-5,-2,-128
1767173110.0892382,-6,-3,-131
1767173110.0992382,0,-3,-141
1767173110.109238,0,-3,-138
1767173110.119238,1,-1,-136
1767173110.129238,1,-1,-136
1767173110.139238,0,-2,-130
1767173110.149238,-1,-1,-128
1767173110.159238,0,0,-130
1767173110.169238,-1,-4,-131
1767173110.179238,0,-7,-133
1767173110.189238,0,-5,-130
1767173110.199238,2,-6,-133
1767173110.209238,5,0,-135
1767173110.219238,6,-3,-135
1767173110.2292385,4,0,-137
1767173110.2392385,2,0,-140
1767173110.2492385,-1,-3,-134
1767173110.2592382,0,-4,-127
1767173110.2692382,0,-5,-124
1767173110.2792382,0,-4,-129
1767173110.2892382,0,-2,-130
1767173110.2992382,-2,-5,-130
1767173110.3092382,-2,-8,-129
1767173110.3192382,0,-2,-125
1767173110.3292382,-1,-3,-122
1767173110.3392382,2,0,-129
1767173110.3492382,1,3,-132
1767173110.359238,0,3,-128
1767173110.369238,4,4,-129
1767173110.379238,3,2,-130
1767173110.389238,2,0,-134
1767173110.399238,1,-4,-142
1767173110.409238,2,0,-138
1767173110.419238,2,4,-134
1767173110.429238,3,7,-136
1767173110.439238,5,1,-144
1767173110.449238,1,-4,-146
1767173110.4602382,0,-2,-139
1767173110.469238,-3,-1,-134
1767173110.4792385,-1,1,-129
1767173110.4892385,0,-1,-132
1767173110.4992385,0,1,-128
1767173110.5092382,-1,2,-132
1767173110.5192382,0,0,-135
1767173110.5292382,0,0,-137
1767173110.5392382,0,-2,-130
1767173110.5492382,0,-2,-136
1767173110.560238,-1,-2,-136
1767173110.5692382,0,-3,-132
1767173110.5792382,0,0,-129
1767173110.5892382,-3,-2,-132
1767173110.5992382,-3,-5,-130
1767173110.609238,-4,-5,-128
1767173110.620238,0,-5,-122
1767173110.630238,-2,-7,-124
1767173110.640238,-2,-6,-135
1767173110.650238,-3,-8,-127
1767173110.6602385,-2,-4,-129
1767173110.6702385,0,1,-125
1767173110.6802382,-3,3,-128
1767173110.6902382,1,2,-130
1767173110.7002382,5,6,-131
1767173110.7102382,5,3,-133
1767173110.7202382,0,-2,-129
1767173110.7302382,-2,-5,-129
1767173110.7402382,-2,-6,-130
1767173110.7502382,-1,-5,-127
1767173110.7602382,-2,-5,-127
1767173110.7702382,-2,-4,-120
1767173110.7802382,-6,-8,-118
1767173110.790238,-5,-4,-114
1767173110.800238,-7,-3,-118
1767173110.810238,-5,0,-121
1767173110.820238,-3,-3,-117
1767173110.830238,1,0,-123
1767173110.840238,3,-4,-128
1767173110.850238,5,-5,-125
1767173110.860238,5,-4,-120
1767173110.870238,0,-4,-130
1767173110.880238,0,0,-123
1767173110.890238,0,0,-130
1767173110.900238,5,-2,-132
1767173110.9102385,6,-2,-131
1767173110.9202385,6,-4,-126
1767173110.9302382,6,-4,-132
1767173110.9402382,6,-5,-140
1767173110.9502382,10,0,-139
1767173110.9602382,5,5,-139
1767173110.9702382,3,6,-139
1767173110.9802382,2,1,-136
1767173110.9902382,-2,1,-135
1767173111.0002382,-1,1,-129
1767173111.0102382,4,3,-129
1767173111.0202382,3,0,-128
1767173111.0302382,4,0,-130
1767173111.040238,2,-1,-133
1767173111.050238,0,0,-131
1767173111.060238,-3,1,-125
1767173111.070238,-3,-3,-129
1767173111.080238,-2,-2,-132
1767173111.090238,-1,-2,-127
1767173111.100238,-3,-3,-130
1767173111.110238,0,-2,-137
1767173111.120238,-4,-9,-142
1767173111.130238,-7,-7,-140
1767173111.140238,-6,-2,-143
1767173111.150238,-3,2,-139
1767173111.1602385,-4,-1,-136
1767173111.1702385,-1,-3,-141
1767173111.1802382,-2,-4,-135
1767173111.1902382,-4,-5,-133
1767173111.2002382,-5,-1,-140
1767173111.2102382,-5,0,-135
1767173111.2202382,-4,1,-135
1767173111.2302382,-3,2,-139
1767173111.2402382,2,3,-140
1767173111.2502382,2,5,-140
1767173111.2602382,0,11,-144
1767173111.2702382,-2,7,-139
1767173111.2802382,-4,5,-137
1767173111.290238,-2,4,-130
1767173111.300238,-1,0,-123
1767173111.310238,-2,-1,-124
1767173111.320238,-3,0,-123
1767173111.330238,-2,-1,-126
1767173111.340238,-3,-3,-122
1767173111.350238,-7,-3,-125
1767173111.360238,-11,-3,-125
1767173111.370238,-12,0,-124
1767173111.380238,-7,-2,-127
1767173111.390238,-5,-1,-133
1767173111.400238,-3,0,-129
1767173111.4102385,-1,-2,-129
1767173111.4202385,0,-5,-131
1767173111.4302382,1,-5,-135
1767173111.4402382,0,-9,-130
1767173111.4502382,-1,-15,-130
1767173111.4602382,1,-16,-130
1767173111.4702382,0,-15,-132
1767173111.4802382,0,-12,-133
1767173111.4902382,0,-13,-131
1767173111.5002382,0,-14,-128
1767173111.5102382,2,-7,-128
1767173111.5202382,0,-8,-129
1767173111.5302382,1,-7,-133
1767173111.540238,2,-6,-132
1767173111.550238,1,-5,-126
1767173111.560238,-2,-5,-126
1767173111.570238,-3,-5,-139
1767173111.580238,1,-1,-143
1767173111.590238,1,0,-135
1767173111.600238,2,0,-132
1767173111.610238,1,0,-131
1767173111.620238,2,-2,-129
1767173111.630238,4,1,-129
1767173111.640238,3,0,-127
1767173111.650238,3,0,-123
1767173111.6602385,6,0,-126
1767173111.6702385,4,0,-129
1767173111.6802382,4,0,-138
1767173111.6902382,1,1,-136
1767173111.7002382,-1,2,-140
1767173111.7102382,-3,2,-134
1767173111.7202382,-1,-2,-133
1767173111.7302382,0,-7,-131
1767173111.7402382,-4,-6,-135
1767173111.7502382,0,-3,-131
1767173111.7602382,-1,-3,-130
1767173111.7702382,-2,-3,-127
1767173111.7802382,-1,-3,-121
1767173111.790238,-2,-2,-118
1767173111.800238,0,0,-121
1767173111.810238,3,0,-121
1767173111.820238,1,0,-123
1767173111.830238,0,-3,-125
1767173111.840238,2,-5,-131
1767173111.850238,2,-3,-135
1767173111.860238,0,-2,-139
1767173111.870238,-2,0,-141
1767173111.880238,2,-1,-139
1767173111.890238,4,-1,-129
1767173111.900238,2,-1,-124
1767173111.9102385,1,-1,-121
1767173111.9202385,1,-2,-123
1767173111.9302382,0,-1,-121
1767173111.9402382,1,-2,-125
1767173111.9502382,3,0,-122
1767173111.9602382,2,3,-116
1767173111.9702382,-1,7,-122
1767173111.9802382,-1,0,-121
1767173111.9902382,-2,3,-123
1767173112.0002382,1,8,-130
1767173112.0102382,1,3,-135
1767173112.0202382,-1,1,-132
1767173112.0302382,-1,0,-133
1767173112.040238,-1,1,-129
1767173112.050238,-4,0,-131
1767173112.060238,-5,0,-128
1767173112.070238,-3,0,-129
1767173112.080238,-1,-5,-132
1767173112.090238,4,-6,-135
1767173112.100238,5,-2,-136
1767173112.110238,4,-2,-129
1767173112.120238,0,-4,-129
1767173112.130238,6,-5,-134
1767173112.140238,1,-5,-133
1767173112.150238,3,-4,-129
1767173112.1602385,0,-3,-126
1767173112.1702385,-4,-3,-127
1767173112.1802382,-8,-2,-126
1767173112.1902382,-3,-6,-127
1767173112.2002382,-5,-2,-128
1767173112.2102382,-2,-1,-125
1767173112.2202382,-2,0,-125
1767173112.2302382,-4,2,-123
1767173112.2402382,-5,4,-125
1767173112.2502382,-3,2,-127
1767173112.2602382,-1,0,-131
1767173112.2702382,-2,-2,-132
1767173112.2802382,-1,-1,-131
1767173112.290238,-1,-1,-131
1767173112.300238,-1,-5,-133
1767173112.310238,-1,-7,-132
1767173112.320238,-2,-7,-132
1767173112.330238,0,-7,-126
1767173112.340238,1,-5,-123
1767173112.350238,0,-7,-122
1767173112.360238,0,-6,-120
1767173112.370238,-1,-1,-121
1767173112.380238,-6,0,-122
1767173112.390238,-3,0,-128
1767173112.400238,0,-2,-125
1767173112.4102385,0,-7,-127
1767173112.4202385,-3,-4,-124
1767173112.4302382,2,-3,-117
1767173112.4402382,9,-1,-112
1767173112.4502382,12,-2,-112
1767173112.4602382,11,0,-122
1767173112.4702382,12,0,-127
1767173112.4802382,8,0,-128
1767173112.4902382,6,3,-129
1767173112.5002382,5,0,-128
1767173112.5102382,3,0,-133
1767173112.5202382,2,-3,-134
1767173112.5302382,0,0,-138
1767173112.540238,-1,-4,-135
1767173112.550238,0,-9,-131
1767173112.560238,-1,-9,-126
1767173112.570238,-1,-8,-127
1767173112.580238,0,-7,-122
1767173112.590238,2,-6,-124
1767173112.600238,2,-4,-128
1767173112.610238,3,-1,-131
1767173112.620238,4,-3,-130
1767173112.630238,-2,-4,-128
1767173112.640238,-1,-1,-131
1767173112.650238,0,-1,-133
1767173112.6602385,1,-2,-133
1767173112.6702385,1,-7,-130
1767173112.6802382,-4,-6,-129
1767173112.6902382,-1,-8,-134
1767173112.7002382,0,-8,-134
1767173112.7102382,-2,-2,-134
1767173112.7202382,-7,-4,-126
1767173112.7302382,-3,-6,-127
1767173112.7402382,-2,-7,-128
1767173112.7502382,0,-4,-129
1767173112.7602382,1,-1,-137
1767173112.7702382,6,-1,-139
1767173112.7802382,4,-3,-134
1767173112.790238,6,-2,-130
1767173112.800238,3,0,-134
1767173112.810238,2,-3,-136
1767173112.820238,3,-4,-136
1767173112.830238,0,-2,-137
1767173112.840238,0,-3,-141
1767173112.850238,0,0,-143
1767173112.860238,4,1,-142
1767173112.870238,6,1,-138
1767173112.880238,6,0,-137
1767173112.890238,2,-1,-137
1767173112.900238,2,3,-126
1767173112.9102385,3,3,-129
1767173112.9202385,9,1,-139
1767173112.9302382,4,3,-134
1767173112.9402382,0,0,-135
1767173112.9502382,6,3,-140
1767173112.9602382,7,1,-137
1767173112.9702382,6,1,-136
1767173112.9802382,7,0,-136
1767173112.9902382,6,0,-132
1767173113.0002382,0,-1,-139
1767173113.0102382,-4,-3,-139
1767173113.0202382,-2,-4,-136
1767173113.0302382,0,-4,-133
1767173113.040238,1,-3,-130
1767173113.050238,0,-7,-131
1767173113.060238,-5,-4,-132
1767173113.070238,-4,-1,-133
1767173113.080238,0,-2,-131
1767173113.090238,1,-3,-134
1767173113.100238,2,-6,-131
1767173113.110238,0,-3,-129
1767173113.120238,-1,-5,-121
1767173113.130238,-3,-3,-122
1767173113.140238,-6,-4,-132
1767173113.150238,-5,-7,-130
1767173113.1602385,-3,-10,-128
1767173113.1702385,0,-12,-129
1767173113.1802382,0,-10,-128
1767173113.1912382,-3,-6,-130
1767173113.2012382,-4,-5,-127
1767173113.211238,-6,-5,-133
1767173113.221238,-2,-3,-129
1767173113.231238,-2,-3,-128
1767173113.241238,-3,0,-125
1767173113.251238,1,2,-129
1767173113.261238,2,7,-134
1767173113.271238,4,1,-136
1767173113.281238,5,1,-136
1767173113.291238,6,3,-127
1767173113.301238,10,2,-130
1767173113.311238,5,3,-127
1767173113.321238,1,-1,-127
1767173113.3312385,3,-2,-130
1767173113.3412385,5,0,-130
1767173113.3512385,-1,-5,-131
1767173113.3612382,-3,-2,-134
1767173113.3712382,-4,-7,-127
1767173113.3812382,-3,-8,-128
1767173113.3912382,-3,-7,-125
1767173113.4012382,-2,-5,-125
1767173113.4112382,-1,-5,-128
1767173113.4212382,0,-4,-131
1767173113.4312382,-2,-5,-130
1767173113.4412382,-2,-1,-133
1767173113.4512382,0,-1,-129
1767173113.461238,1,-2,-127
1767173113.471238,-1,-3,-127
1767173113.481238,1,-3,-130
1767173113.491238,1,-6,-130
1767173113.501238,-4,-7,-126
1767173113.511238,-6,-9,-125
1767173113.521238,-7,-7,-122
1767173113.5322382,-1,-5,-128
1767173113.541238,6,-2,-129
1767173113.551238,1,-1,-127
1767173113.561238,0,-1,-120
1767173113.571238,-2,-1,-117
1767173113.5812385,0,-1,-119
1767173113.5912385,0,-2,-121
1767173113.6012385,-1,0,-127
1767173113.6112382,0,4,-127
1767173113.6212382,0,2,-132
1767173113.6312382,0,4,-129
1767173113.6412382,1,1,-132
1767173113.6512382,1,-3,-128
1767173113.6612382,0,-6,-130
1767173113.6712382,-5,-5,-133
1767173113.6812382,0,-1,-132
1767173113.6912382,4,-2,-136
1767173113.7012382,6,-4,-138
1767173113.711238,5,-5,-139
1767173113.721238,10,-4,-137
1767173113.731238,4,0,-138
1767173113.741238,3,0,-136
1767173113.751238,0,0,-135
1767173113.761238,-2,3,-134
1767173113.771238,0,0,-129
1767173113.781238,0,0,-126
1767173113.791238,-2,0,-124
1767173113.801238,0,4,-127
1767173113.811238,0,4,-128
1767173113.821238,1,6,-127
1767173113.8312385,2,6,-125
1767173113.8412385,0,4,-125
1767173113.8512385,-7,5,-136
1767173113.8612382,-2,6,-135
1767173113.8712382,-2,7,-132
1767173113.8812382,-5,10,-135
1767173113.8912382,-5,8,-134
1767173113.9012382,-6,4,-132
1767173113.9112382,-1,3,-126
1767173113.9212382,-4,-1,-125
1767173113.9312382,-5,3,-131
1767173113.9412382,-4,0,-127
1767173113.9512382,-4,-3,-134
1767173113.961238,0,-5,-130
1767173113.971238,-2,-5,-136
1767173113.981238,-8,-2,-138
1767173113.991238,-5,-4,-133
1767173114.001238,-4,-3,-131
1767173114.011238,-2,-5,-128
1767173114.021238,1,-4,-131
1767173114.031238,4,-6,-128
1767173114.041238,4,-6,-123
1767173114.051238,7,-6,-119
1767173114.061238,8,-5,-126
1767173114.071238,11,-6,-122
1767173114.0812385,5,-4,-118
1767173114.0912385,1,0,-122
1767173114.1012385,-2,2,-134
1767173114.1112382,0,5,-133
1767173114.1212382,-2,5,-129
1767173114.1312382,-6,3,-127
1767173114.1412382,-2,2,-127
1767173114.1512382,-1,6,-126
1767173114.1612382,0,-1,-131
1767173114.1712382,-1,0,-133
1767173114.1812382,-2,1,-127
1767173114.1912382,-2,0,-127
1767173114.2012382,0,-1,-129
1767173114.211238,0,-2,-130
1767173114.221238,-3,-6,-126
1767173114.231238,-1,-6,-123
1767173114.241238,0,-2,-129
1767173114.251238,2,-3,-133
1767173114.261238,3,2,-137
1767173114.271238,5,4,-141
1767173114.281238,7,1,-143
1767173114.291238,8,0,-137
1767173114.301238,5,0,-137
1767173114.311238,-1,0,-140
1767173114.321238,-6,-1,-138
1767173114.3312385,-2,-3,-139
1767173114.3412385,-4,-5,-136
1767173114.3512385,3,-2,-127
1767173114.3612382,6,-1,-126
1767173114.3712382,3,-4,-133
1767173114.3812382,4,-4,-134
1767173114.3912382,0,-5,-129
1767173114.4012382,3,-3,-125
1767173114.4112382,1,-2,-125
1767173114.4212382,0,-2,-128
1767173114.4312382,0,-5,-134
1767173114.4412382,1,-5,-135
1767173114.4512382,2,-2,-130
1767173114.461238,-1,-2,-128
1767173114.471238,-3,-2,-121
1767173114.481238,-4,0,-124
1767173114.491238,-6,-4,-121
1767173114.501238,-4,-2,-126
1767173114.511238,-7,0,-123
1767173114.521238,-11,0,-130
1767173114.531238,-10,-3,-125
1767173114.541238,-7,0,-119
1767173114.551238,0,-1,-117
1767173114.561238,0,-1,-122
1767173114.571238,2,3,-127
1767173114.5812385,0,2,-129
1767173114.5912385,2,1,-130
1767173114.6012385,5,1,-130
1767173114.6112382,5,3,-127
1767173114.6212382,5,2,-127
1767173114.6312382,3,-1,-131
1767173114.6412382,2,-4,-125
1767173114.6512382,-1,-2,-136
1767173114.6612382,-1,1,-138
1767173114.6712382,1,-3,-135
1767173114.6812382,6,3,-132
1767173114.6912382,3,3,-134
1767173114.7012382,2,-1,-128
1767173114.711238,2,0,-127
1767173114.721238,0,1,-124
1767173114.731238,-2,2,-128
1767173114.741238,-2,3,-129
1767173114.751238,0,3,-131
1767173114.761238,0,2,-127
1767173114.771238,0,2,-118
1767173114.781238,0,1,-117
1767173114.791238,0,0,-120
1767173114.801238,3,-4,-120
1767173114.811238,1,-2,-129
1767173114.821238,0,-4,-131
1767173114.8312385,2,0,-125
1767173114.8412385,3,0,-121
1767173114.8512385,2,-4,-116
1767173114.8612382,5,-3,-123
1767173114.8712382,9,1,-127
1767173114.8812382,7,2,-129
1767173114.8912382,6,4,-130
1767173114.9012382,3,0,-132
1767173114.9112382,4,2,-128
1767173114.9212382,2,0,-125
1767173114.9312382,0,0,-134
1767173114.9412382,0,0,-138
1767173114.9512382,1,0,-139
1767173114.961238,-1,3,-135
1767173114.971238,0,1,-136
1767173114.981238,5,0,-122
1767173114.991238,2,-2,-118
1767173115.001238,2,-3,-122
1767173115.011238,2,-5,-124
1767173115.021238,3,-3,-125
1767173115.0432382,0,1,-125
1767173115.051238,-1,3,-122
1767173115.061238,1,3,-124
1767173115.071238,3,3,-122
1767173115.0812385,4,2,-118
1767173115.0912385,2,0,-118
1767173115.1012385,1,-1,-122
1767173115.1112382,0,1,-123
1767173115.1212382,0,0,-128
1767173115.1312382,1,-2,-134
1767173115.1412382,-2,-6,-139
1767173115.1512382,-5,-6,-139
1767173115.1612382,-4,-6,-134
1767173115.1712382,2,-8,-134
1767173115.1812382,1,-6,-134
1767173115.1912382,5,-7,-132
1767173115.2012382,5,-8,-133
1767173115.211238,1,-8,-132
1767173115.221238,3,-5,-131
1767173115.231238,4,-1,-130
1767173115.241238,3,0,-130
1767173115.251238,4,0,-128
1767173115.261238,3,-3,-129
1767173115.271238,4,-1,-128
1767173115.281238,5,4,-128
1767173115.291238,4,-1,-128
1767173115.301238,3,-3,-127
1767173115.311238,3,-1,-128
1767173115.321238,3,-3,-126
1767173115.3312385,-2,-2,-125
1767173115.3412385,-4,0,-134
1767173115.3512385,-2,0,-137
1767173115.3612382,0,0,-134
1767173115.3712382,2,0,-136
1767173115.3812382,6,1,-135
1767173115.3912382,1,0,-134
1767173115.4012382,3,-1,-135
1767173115.4112382,3,0,-135
1767173115.4212382,3,0,-134
1767173115.4312382,5,-2,-135
1767173115.4412382,5,-2,-139
1767173115.4512382,4,0,-130
1767173115.461238,4,1,-128
1767173115.471238,4,0,-130
1767173115.481238,0,2,-130
1767173115.491238,0,2,-126
1767173115.501238,0,0,-125
1767173115.511238,-4,-5,-124
1767173115.521238,-5,-6,-116
1767173115.531238,-5,-7,-112
1767173115.541238,-2,-10,-113
1767173115.551238,0,-7,-114
1767173115.561238,0,-4,-118
1767173115.571238,-2,-1,-126
1767173115.5812385,-4,-1,-132
1767173115.5912385,-3,-4,-129
1767173115.6012385,-1,-2,-126
1767173115.6112382,3,-2,-125
1767173115.6212382,2,0,-125
1767173115.6312382,1,1,-126
1767173115.6412382,1,-1,-123
1767173115.6512382,5,-1,-119
1767173115.6612382,2,-4,-123
1767173115.6712382,0,-5,-125
1767173115.6812382,-1,-6,-129
1767173115.6912382,-5,-5,-131
1767173115.7012382,-5,-6,-128
1767173115.711238,-5,-6,-127
1767173115.721238,-6,-6,-130
1767173115.731238,-2,-2,-135
1767173115.741238,-6,-1,-131
1767173115.751238,-4,-1,-135
1767173115.761238,0,0,-143
1767173115.771238,0,1,-141
1767173115.781238,1,2,-135
1767173115.791238,0,4,-133
1767173115.8022382,1,3,-134
1767173115.8122382,1,3,-136
1767173115.821238,2,-1,-135
1767173115.8312385,5,0,-127
1767173115.8412385,7,3,-130
1767173115.8522382,3,1,-135
1767173115.8622382,2,0,-127
1767173115.8722382,1,-4,-129
1767173115.882238,1,-5,-128
1767173115.892238,3,-6,-126
1767173115.902238,2,-3,-128
1767173115.912238,4,-3,-126
1767173115.922238,1,-3,-128
1767173115.932238,-1,-2,-128
1767173115.942238,0,-1,-130
1767173115.952238,0,-1,-134
1767173115.962238,1,-2,-134
1767173115.972238,0,-2,-126
1767173115.982238,6,-3,-125
1767173115.992238,2,-7,-132
1767173116.002238,4,-3,-131
1767173116.0122385,3,-1,-137
1767173116.0222385,2,-2,-139
1767173116.0322382,0,-2,-134
1767173116.0422382,-2,0,-137
1767173116.0522382,-2,-2,-144
1767173116.0622382,-3,-2,-140
1767173116.0722382,-2,-2,-133
1767173116.0822382,-4,-6,-132
1767173116.0922382,0,-6,-129
1767173116.1022382,2,-3,-126
1767173116.1122382,3,0,-126
1767173116.1222382,6,1,-126
1767173116.132238,7,1,-128
1767173116.142238,7,0,-127
1767173116.152238,6,0,-123
1767173116.162238,4,-1,-123
1767173116.172238,7,-2,-125
1767173116.182238,5,-3,-126
1767173116.192238,1,-7,-126
1767173116.202238,2,-8,-127
1767173116.212238,1,-12,-128
1767173116.222238,1,-11,-131
1767173116.232238,-1,-7,-129
1767173116.242238,0,-11,-126
1767173116.252238,-2,-12,-127
1767173116.2622385,-6,-8,-128
1767173116.2722385,-2,-2,-127
1767173116.2822382,-1,-5,-126
1767173116.2922382,-3,-2,-127
1767173116.3022382,-5,-8,-123
1767173116.3122382,0,-11,-126
1767173116.3222382,3,-6,-125
1767173116.3322382,-1,-10,-124
1767173116.3422382,0,-9,-123
1767173116.3522382,0,-6,-119
1767173116.3622382,-2,-6,-123
1767173116.3722382,-3,-4,-122
1767173116.382238,-5,-3,-126
1767173116.392238,-4,-5,-124
1767173116.402238,-6,-1,-118
1767173116.412238,0,0,-115
1767173116.422238,-2,1,-114
1767173116.432238,-5,1,-124
1767173116.442238,-6,3,-123
1767173116.452238,-8,1,-122
1767173116.462238,-7,3,-120
1767173116.472238,-6,6,-120
1767173116.482238,0,6,-126
1767173116.492238,0,7,-131
1767173116.502238,0,3,-129
1767173116.5122385,-1,5,-126
1767173116.5222385,3,5,-121
1767173116.5322382,0,6,-120
1767173116.5422382,-3,8,-122
1767173116.5522382,-5,7,-122
1767173116.5622382,-3,6,-119
1767173116.5722382,-6,2,-118
1767173116.5822382,-1,1,-118
1767173116.5922382,-1,0,-122
1767173116.6022382,2,0,-125
1767173116.6122382,0,0,-124
1767173116.6222382,1,0,-130
1767173116.632238,3,0,-134
1767173116.642238,4,-1,-138
1767173116.652238,6,-4,-135
1767173116.662238,2,-8,-129
1767173116.672238,1,-9,-133
1767173116.682238,0,-8,-135
1767173116.692238,-1,-6,-125
1767173116.702238,-4,-3,-126
1767173116.712238,-2,-4,-122
1767173116.722238,1,-2,-122
1767173116.732238,4,-2,-127
1767173116.742238,3,-2,-127
1767173116.752238,3,-2,-132
1767173116.7622385,1,-2,-130
1767173116.7722385,4,0,-129
1767173116.7822382,3,-1,-128
1767173116.7922382,6,-3,-128
1767173116.8022382,3,-9,-130
1767173116.8122382,1,-6,-131
1767173116.8222382,0,-6,-130
1767173116.8322382,0,-5,-126
1767173116.8422382,0,-7,-140
1767173116.8522382,4,-10,-135
1767173116.8622382,5,-8,-128
1767173116.8722382,2,-5,-125
1767173116.882238,0,-4,-123
1767173116.892238,1,-3,-129
1767173116.902238,0,-1,-132
1767173116.912238,0,3,-123
1767173116.922238,1,0,-123
1767173116.932238,0,0,-128
1767173116.942238,0,-2,-130
1767173116.952238,4,-5,-130
1767173116.962238,4,-2,-127
1767173116.972238,5,-1,-131
1767173116.982238,2,-3,-134
1767173116.992238,4,-6,-134
1767173117.002238,1,-8,-131
1767173117.0122385,-2,-10,-134
1767173117.0222385,-5,-9,-132
1767173117.0322382,-2,-6,-134
1767173117.0422382,0,-4,-138
1767173117.0522382,-2,0,-139
1767173117.0622382,-6,-2,-129
1767173117.0722382,-6,-4,-125
1767173117.0822382,-7,-9,-134
1767173117.0922382,-6,-11,-131
1767173117.1022382,-6,-11,-127
1767173117.1122382,-3,-10,-130
1767173117.1222382,0,-7,-130
1767173117.132238,2,-7,-134
1767173117.142238,-1,-8,-134
1767173117.152238,-4,-5,-130
1767173117.162238,-6,-5,-126
1767173117.172238,-7,-2,-127
1767173117.182238,-5,0,-121
1767173117.192238,-4,1,-120
1767173117.202238,0,0,-123
1767173117.212238,3,1,-118
1767173117.222238,5,6,-118
1767173117.232238,1,3,-119
1767173117.242238,0,4,-119
1767173117.252238,0,0,-125
1767173117.2622385,0,-3,-124
1767173117.2722385,0,-4,-124
1767173117.2822382,-4,-6,-128
1767173117.2922382,-12,-9,-133
1767173117.3022382,-9,-7,-134
1767173117.3122382,-12,-5,-135
1767173117.3222382,-10,-5,-132
1767173117.3322382,-8,-4,-128
1767173117.3422382,-5,-5,-122
1767173117.3522382,-5,-4,-118
1767173117.3622382,-2,1,-124
1767173117.3722382,-2,0,-123
1767173117.382238,-2,-1,-120
1767173117.392238,-7,-7,-124
1767173117.402238,-7,-6,-130
1767173117.412238,-8,-5,-126
1767173117.422238,-6,-5,-122
1767173117.432238,-5,-5,-121
1767173117.442238,-2,-2,-133
1767173117.452238,-1,0,-134
1767173117.462238,3,0,-134
1767173117.472238,0,0,-136
1767173117.482238,-2,-1,-131
1767173117.492238,0,0,-126
1767173117.502238,-5,1,-127
1767173117.5122385,-3,3,-131
1767173117.5222385,-5,2,-134
1767173117.5322382,-12,2,-137
1767173117.5422382,-9,0,-133
1767173117.5522382,-6,-2,-129
1767173117.5622382,-7,-4,-130
1767173117.5722382,-4,-2,-132
1767173117.5822382,0,0,-133
1767173117.5922382,-2,-5,-130
1767173117.6022382,-2,-5,-123
1767173117.6122382,0,-3,-127
1767173117.6222382,2,-3,-130
1767173117.632238,4,-5,-136
1767173117.642238,2,-6,-136
1767173117.652238,0,-4,-134
1767173117.662238,0,-9,-132
1767173117.672238,-1,-8,-125
1767173117.682238,0,-11,-121
1767173117.692238,2,-8,-123
1767173117.702238,2,-5,-128
1767173117.712238,3,-4,-127
1767173117.722238,6,-5,-130
1767173117.732238,5,-2,-129
1767173117.742238,6,0,-132
1767173117.752238,8,0,-135
1767173117.7622385,8,0,-137
1767173117.7722385,5,0,-134
1767173117.7822382,3,4,-132
1767173117.7922382,0,2,-122
1767173117.8022382,1,0,-124
1767173117.8122382,2,1,-130
1767173117.8222382,0,-1,-133
1767173117.833238,-1,-3,-140
1767173117.8422382,2,-4,-137
1767173117.8522382,3,0,-137
1767173117.8622382,5,1,-136
1767173117.8722382,3,3,-127
1767173117.882238,1,1,-127
1767173117.892238,1,1,-125
1767173117.902238,6,1,-127
1767173117.912238,8,-3,-128
1767173117.922238,6,-2,-135
1767173117.932238,2,-6,-130
1767173117.942238,3,-6,-128
1767173117.952238,3,-5,-124
1767173117.962238,2,-7,-128
1767173117.972238,-3,-6,-130
1767173117.982238,-7,-8,-128
1767173117.992238,-3,-10,-129
1767173118.002238,-4,-6,-126
1767173118.0122385,0,-1,-128
1767173118.0222385,0,-3,-127
1767173118.0322382,-1,-4,-129
1767173118.0422382,-3,-6,-134
1767173118.0522382,-5,-5,-138
1767173118.0622382,-5,-1,-140
1767173118.0722382,-3,-2,-141
1767173118.0822382,-5,-1,-138
1767173118.0922382,-6,1,-135
1767173118.1022382,-8,2,-132
1767173118.1122382,-9,1,-136
1767173118.1222382,-9,0,-134
1767173118.132238,-4,1,-133
1767173118.142238,-5,2,-132
1767173118.152238,-7,0,-129
1767173118.162238,-8,-3,-132
1767173118.172238,-7,-1,-123
1767173118.182238,-6,0,-122
1767173118.192238,-4,2,-123
1767173118.202238,-3,-1,-123
1767173118.212238,-5,-1,-129
1767173118.222238,-4,1,-128
1767173118.232238,-4,0,-123
1767173118.242238,0,3,-122
1767173118.252238,5,2,-122
1767173118.2622385,5,2,-127
1767173118.2722385,3,3,-132
1767173118.2822382,0,0,-129
1767173118.2922382,1,-4,-131
1767173118.3022382,3,-2,-130
1767173118.3122382,2,2,-136
1767173118.3222382,2,4,-141
1767173118.3322382,-1,6,-148
1767173118.3422382,-1,3,-143
1767173118.3522382,1,6,-144
1767173118.3622382,2,6,-144
1767173118.3722382,0,2,-145
1767173118.382238,-2,1,-143
1767173118.392238,-1,1,-136
1767173118.402238,0,0,-139
1767173118.412238,0,0,-137
1767173118.422238,-1,-2,-134
1767173118.4332385,-3,0,-135
1767173118.442238,-1,-1,-131
1767173118.452238,0,-1,-128
1767173118.4632382,-1,-2,-123
1767173118.4732382,-1,-3,-124
1767173118.4832382,0,-1,-127
1767173118.4932382,0,-2,-126
1767173118.5032382,-2,-2,-131
1767173118.5132382,-3,0,-123
1767173118.5232382,-3,-5,-127
1767173118.5332382,-4,0,-128
1767173118.5432382,-2,2,-130
1767173118.5532382,-1,0,-133
1767173118.563238,0,0,-133
1767173118.573238,0,2,-133
1767173118.583238,1,0,-133
1767173118.593238,-1,2,-126
1767173118.603238,1,3,-126
1767173118.613238,-2,3,-126
1767173118.623238,1,2,-128
1767173118.633238,3,-1,-127
1767173118.643238,5,2,-130
1767173118.653238,5,3,-125
1767173118.663238,3,2,-135
1767173118.673238,3,2,-136
1767173118.6832385,0,1,-129
1767173118.6932385,-1,0,-134
1767173118.7032382,-2,1,-140
1767173118.7132382,-5,-1,-138
1767173118.7232382,-1,-5,-135
1767173118.7332382,3,-7,-133
1767173118.7432382,3,-5,-132
1767173118.7532382,2,-4,-135
1767173118.7632382,3,-3,-140
1767173118.7732382,0,0,-135
1767173118.7832382,0,-3,-135
1767173118.7932382,-3,-1,-133
1767173118.8032382,-4,-2,-132
1767173118.813238,-5,0,-132
1767173118.823238,-4,0,-131
1767173118.833238,-5,0,-124
1767173118.843238,-5,1,-124
1767173118.853238,-5,2,-125
1767173118.863238,-2,2,-131
1767173118.873238,-1,1,-134
1767173118.883238,-1,0,-130
1767173118.893238,-4,0,-129
1767173118.903238,-2,0,-134
1767173118.913238,-1,3,-136
1767173118.923238,1,0,-134
1767173118.9332385,4,-2,-132
1767173118.9432385,1,-1,-132
1767173118.9532382,0,-3,-130
1767173118.9632382,0,-1,-133
1767173118.9732382,4,-1,-133
1767173118.9832382,8,-1,-137
1767173118.9932382,4,-2,-147
1767173119.0032382,2,2,-145
1767173119.0132382,0,-1,-131
1767173119.0232382,4,-2,-121
1767173119.0332382,4,2,-120
1767173119.0432382,3,2,-128
1767173119.0532382,4,0,-129
1767173119.063238,1,0,-126
1767173119.073238,6,1,-122
1767173119.083238,0,4,-131
1767173119.093238,2,4,-134
1767173119.103238,1,4,-137
1767173119.113238,1,4,-133
1767173119.123238,1,3,-130
1767173119.133238,-2,2,-136
1767173119.143238,-4,1,-135
1767173119.153238,-3,0,-133
1767173119.163238,-1,-1,-130
1767173119.173238,-4,-4,-131
1767173119.1832385,-1,-7,-127
1767173119.1932385,0,-3,-127
1767173119.2032382,-1,0,-129
1767173119.2132382,1,1,-130
1767173119.2232382,2,0,-130
1767173119.2332382,0,2,-122
1767173119.2432382,0,4,-117
1767173119.2532382,0,3,-119
1767173119.2632382,-7,2,-119
1767173119.2732382,-3,5,-122
1767173119.2832382,-1,5,-125
1767173119.2932382,-3,3,-114
1767173119.3032382,-2,3,-116
1767173119.313238,-5,4,-119
1767173119.323238,-3,3,-125
1767173119.333238,-3,2,-132
1767173119.343238,0,0,-132
1767173119.353238,0,0,-125
1767173119.363238,-1,0,-128
1767173119.373238,3,-3,-128
1767173119.383238,-2,0,-130
1767173119.393238,-2,0,-129
1767173119.403238,-2,1,-128
1767173119.413238,-2,1,-118
1767173119.423238,0,-1,-119
1767173119.4332385,-1,-2,-124
1767173119.4432385,0,0,-131
1767173119.4532382,-4,0,-133
1767173119.4632382,-4,-2,-129
1767173119.4732382,-1,-5,-136
1767173119.4832382,0,-2,-134
1767173119.4932382,-3,-1,-131
1767173119.5032382,-3,-1,-130
1767173119.5132382,0,0,-127
1767173119.5232382,2,2,-128
1767173119.5332382,1,3,-131
1767173119.5432382,2,3,-135
1767173119.5532382,3,5,-126
1767173119.563238,1,3,-126
1767173119.573238,0,2,-121
1767173119.583238,1,2,-123
1767173119.593238,-2,2,-129
1767173119.603238,1,6,-132
1767173119.613238,2,1,-129
1767173119.623238,0,-1,-126
1767173119.633238,-1,-6,-125
1767173119.643238,-1,-6,-126
1767173119.653238,-4,-8,-130
1767173119.663238,-5,-10,-132
1767173119.673238,-5,-7,-127
1767173119.6832385,-9,-4,-127
1767173119.6932385,-9,-1,-130
1767173119.7032382,-16,3,-130
1767173119.7132382,-11,5,-129
1767173119.7232382,-9,3,-128
1767173119.7332382,-5,1,-128
1767173119.7432382,0,2,-132
1767173119.7532382,0,4,-136
1767173119.7632382,0,3,-140
1767173119.7732382,1,1,-141
1767173119.7832382,1,3,-142
1767173119.7932382,0,5,-138
1767173119.8032382,0,2,-139
1767173119.813238,2,-2,-141
1767173119.823238,2,-4,-137
1767173119.833238,3,-2,-136
1767173119.843238,4,1,-137
1767173119.853238,4,-1,-134
1767173119.863238,1,-1,-133
1767173119.873238,0,0,-133
1767173119.883238,0,0,-132
1767173119.893238,0,-1,-134
1767173119.903238,-2,2,-130
1767173119.913238,-1,4,-132
1767173119.923238,0,3,-135
1767173119.9332385,0,4,-138
1767173119.9432385,0,7,-133
1767173119.9532382,-6,5,-135
1767173119.9632382,-7,4,-134
1767173119.9732382,-6,4,-135
1767173119.9832382,-5,0,-135
1767173119.9932382,-9,3,-135
1767173120.0032382,-2,3,-135
1767173120.0132382,0,1,-134
1767173120.0232382,0,0,-137
1767173120.0332382,-2,-1,-140
1767173120.054238,-2,-3,-141
1767173120.063238,-1,0,-136
1767173120.073238,0,0,-130
1767173120.083238,-1,-8,-126
1767173120.093238,0,-12,-125
1767173120.103238,-4,-13,-119
1767173120.113238,-6,-8,-119
1767173120.123238,-7,-9,-113
1767173120.133238,-2,-13,-111
1767173120.143238,2,-10,-111
1767173120.153238,3,-6,-116
1767173120.163238,1,-6,-116
1767173120.173238,-1,-8,-124
1767173120.1832385,-1,-4,-125
1767173120.1932385,-2,0,-121
1767173120.2032382,-5,0,-117
1767173120.2132382,0,0,-124
1767173120.2232382,-1,5,-128
1767173120.2332382,-2,4,-130
1767173120.2432382,-2,-1,-124
1767173120.2532382,-4,-1,-120
1767173120.2632382,-3,2,-126
1767173120.2732382,1,3,-122
1767173120.2832382,0,5,-125
1767173120.2932382,-5,5,-131
1767173120.3032382,2,3,-132
1767173120.313238,3,2,-125
1767173120.323238,2,1,-121
1767173120.333238,2,0,-122
1767173120.343238,2,0,-123
1767173120.353238,0,3,-124
1767173120.363238,-4,4,-125
1767173120.373238,-4,1,-125
1767173120.383238,-6,-1,-128
1767173120.393238,-5,-2,-136
1767173120.403238,-3,0,-136
1767173120.413238,0,1,-140
1767173120.423238,-4,2,-130
1767173120.4332385,-4,3,-133
1767173120.4432385,-2,4,-134
1767173120.4532382,0,1,-138
1767173120.4632382,-3,1,-135
1767173120.4732382,-3,2,-135
1767173120.4832382,-3,1,-133
1767173120.4932382,-3,1,-128
1767173120.5032382,-3,1,-125
1767173120.5132382,-1,0,-131
1767173120.5232382,-2,-1,-131
1767173120.5332382,0,-4,-123
1767173120.5432382,0,-1,-124
1767173120.5532382,6,-4,-127
1767173120.563238,8,-5,-128
1767173120.573238,2,-4,-127
1767173120.583238,0,-3,-127
1767173120.593238,0,-3,-121
1767173120.603238,0,-3,-124
1767173120.613238,0,-4,-123
1767173120.623238,0,-2,-122
1767173120.633238,-3,-1,-122
1767173120.643238,-3,-3,-123
1767173120.653238,-4,-5,-124
1767173120.663238,-2,-5,-124
1767173120.673238,-6,-7,-124
1767173120.6832385,-2,-7,-125
1767173120.6932385,-1,-5,-124
1767173120.7032382,1,-3,-125
1767173120.7132382,1,-2,-127
1767173120.7232382,2,-1,-130
1767173120.7332382,2,-2,-126
1767173120.7432382,4,-6,-118
1767173120.7532382,4,-6,-125
1767173120.7632382,3,-1,-125
1767173120.7732382,4,0,-128
1767173120.7832382,1,0,-132
1767173120.7932382,1,2,-127
1767173120.8032382,0,3,-128
1767173120.813238,-3,0,-133
1767173120.823238,-10,0,-138
1767173120.833238,-7,-2,-139
1767173120.843238,-3,-1,-136
1767173120.853238,-1,0,-134
1767173120.863238,2,-2,-130
1767173120.873238,0,0,-130
1767173120.883238,-1,0,-127
1767173120.893238,0,-1,-121
1767173120.903238,2,0,-124
1767173120.913238,0,-1,-132
1767173120.923238,3,0,-127
1767173120.9332385,6,3,-129
1767173120.9432385,8,0,-130
1767173120.9532382,3,-3,-128
1767173120.9632382,4,-2,-129
1767173120.9732382,2,-5,-125
1767173120.9832382,0,-7,-134
1767173120.9932382,-5,0,-130
1767173121.0032382,-4,0,-128
1767173121.0132382,-2,-3,-129
1767173121.0232382,-3,-3,-132
1767173121.0332382,1,-7,-130
1767173121.0432382,3,-9,-133
1767173121.0532382,2,-7,-137
1767173121.063238,5,-1,-136
1767173121.074238,1,2,-133
1767173121.084238,0,0,-137
1767173121.094238,-2,3,-138
1767173121.1042385,0,2,-138
1767173121.1142385,0,3,-138
1767173121.1242385,-1,4,-129
1767173121.1342382,0,1,-128
1767173121.1442382,2,0,-126
1767173121.1542382,0,-1,-124
1767173121.1642382,0,-5,-120
1767173121.1742382,1,-2,-123
1767173121.1842382,1,-1,-127
1767173121.1942382,0,0,-127
1767173121.2042382,0,-3,-126
1767173121.2132382,2,-2,-117
1767173121.2242382,4,-5,-118
1767173121.234238,1,-4,-119
1767173121.244238,6,0,-122
1767173121.254238,7,4,-122
1767173121.264238,8,2,-119
1767173121.274238,10,-6,-124
1767173121.284238,8,-5,-117
1767173121.294238,3,-5,-118
1767173121.304238,4,-1,-128
1767173121.314238,0,-1,-131
1767173121.324238,-2,-4,-134
1767173121.334238,1,-7,-135
1767173121.344238,5,-7,-137
1767173121.3542385,8,-9,-136
1767173121.3642385,9,-10,-136
1767173121.3742385,9,-6,-136
1767173121.3842382,1,-4,-135
1767173121.3942382,1,-4,-136
1767173121.4042382,0,-3,-139
1767173121.4142382,0,-4,-134
1767173121.4242382,3,-1,-137
1767173121.4342382,0,0,-135
1767173121.4442382,-1,-2,-137
1767173121.4542382,-2,2,-138
1767173121.4642382,-5,3,-141
1767173121.4742382,-8,0,-141
1767173121.484238,-8,-1,-138
1767173121.494238,-5,0,-137
1767173121.504238,-4,4,-142
1767173121.514238,-4,7,-143
1767173121.524238,-5,8,-138
1767173121.534238,-8,4,-133
1767173121.544238,-7,1,-120
1767173121.554238,-9,0,-121
1767173121.564238,-7,-3,-125
1767173121.574238,-3,-2,-122
1767173121.584238,0,-3,-122
1767173121.594238,0,-1,-122
1767173121.6042385,4,0,-132
1767173121.6142385,4,2,-129
1767173121.6242385,3,5,-128
1767173121.6342382,2,1,-130
1767173121.6442382,3,3,-127
1767173121.6542382,6,5,-129
1767173121.6642382,4,1,-135
1767173121.6742382,0,0,-132
1767173121.6842382,-4,-1,-130
1767173121.6942382,1,1,-132
1767173121.7042382,0,4,-128
1767173121.7142382,-1,1,-133
1767173121.7242382,0,1,-131
1767173121.734238,0,0,-128
1767173121.744238,0,-1,-128
1767173121.754238,2,-3,-129
1767173121.764238,3,-2,-131
1767173121.774238,0,-3,-124
1767173121.784238,0,-4,-122
1767173121.794238,2,-5,-121
1767173121.804238,0,-9,-120
1767173121.814238,-1,-6,-123
1767173121.824238,0,0,-126
1767173121.834238,0,0,-127
1767173121.844238,3,2,-123
1767173121.8542385,3,2,-122
1767173121.8642385,3,4,-127
1767173121.8742385,6,1,-131
1767173121.8842382,2,0,-133
1767173121.8942382,7,0,-131
1767173121.9042382,6,1,-127
1767173121.9142382,-1,0,-129
1767173121.9242382,-2,1,-128
1767173121.9342382,-2,1,-115
1767173121.9442382,-2,1,-112
1767173121.9542382,-4,2,-114
1767173121.9642382,-3,0,-111
1767173121.9742382,-3,0,-118
1767173121.984238,1,1,-122
1767173121.994238,0,0,-124
1767173122.004238,2,0,-124
1767173122.014238,5,0,-127
1767173122.024238,6,4,-121
1767173122.034238,2,0,-124
1767173122.044238,2,2,-127
1767173122.054238,4,3,-130
1767173122.064238,4,6,-127
1767173122.074238,4,6,-130
1767173122.084238,0,4,-127
1767173122.094238,-2,4,-133
1767173122.1042385,0,1,-132
1767173122.1142385,0,-2,-130
1767173122.1242385,-4,-4,-124
1767173122.1342382,-3,0,-123
1767173122.1442382,-4,0,-125
1767173122.1542382,0,-2,-123
1767173122.1642382,-2,-8,-126
1767173122.1742382,-2,-8,-129
1767173122.1842382,-2,-7,-122
1767173122.1942382,0,-5,-127
1767173122.2042382,0,-5,-127
1767173122.2142382,4,-6,-123
1767173122.2242382,3,-6,-122
1767173122.234238,3,-2,-128
1767173122.244238,-1,-4,-128
1767173122.254238,-4,-5,-131
1767173122.264238,-6,-9,-132
1767173122.274238,-4,-7,-130
1767173122.284238,3,-5,-130
1767173122.294238,1,-3,-129
1767173122.304238,1,-2,-134
1767173122.314238,-2,-3,-132
1767173122.324238,2,-7,-126
1767173122.334238,5,-9,-125
1767173122.344238,0,-7,-130
1767173122.3542385,1,-9,-133
1767173122.3642385,1,-6,-129
1767173122.3742385,2,-4,-126
1767173122.3842382,2,-4,-129
1767173122.3942382,3,-6,-129
1767173122.4042382,0,-5,-128
1767173122.4142382,3,-5,-127
1767173122.4242382,3,-5,-134
1767173122.4342382,8,0,-130
1767173122.4442382,7,4,-127
1767173122.4542382,7,7,-133
1767173122.4642382,6,6,-128
1767173122.4742382,7,5,-128
1767173122.484238,3,3,-125
1767173122.494238,0,4,-133
1767173122.504238,2,8,-132
1767173122.514238,1,8,-125
1767173122.524238,1,5,-123
1767173122.534238,2,6,-120
1767173122.544238,0,4,-123
1767173122.554238,-1,-1,-123
1767173122.564238,4,0,-132
1767173122.574238,2,-3,-129
1767173122.584238,0,-2,-124
1767173122.594238,0,-3,-129
1767173122.6042385,3,-1,-132
1767173122.6142385,5,3,-128
1767173122.6242385,6,0,-127
1767173122.6342382,5,2,-130
1767173122.6442382,2,3,-128
1767173122.6542382,0,2,-129
1767173122.6642382,-1,-3,-128
1767173122.6742382,0,-4,-134
1767173122.6842382,3,-5,-131
1767173122.6942382,2,-3,-126
1767173122.7042382,4,-4,-126
1767173122.7142382,2,-2,-124
1767173122.7242382,2,-5,-119
1767173122.734238,0,-3,-120
1767173122.744238,2,-3,-123
1767173122.754238,6,-2,-123
1767173122.764238,3,-7,-126
1767173122.774238,3,-5,-126
1767173122.784238,5,-2,-126
1767173122.794238,6,-1,-127
1767173122.804238,0,-5,-122
1767173122.814238,1,-4,-125
1767173122.824238,1,-3,-132
1767173122.834238,1,-6,-129
1767173122.844238,0,-6,-131
1767173122.8542385,0,-6,-128
1767173122.8642385,0,-7,-128
1767173122.8742385,0,-8,-124
1767173122.8842382,0,-10,-124
1767173122.8942382,-2,-9,-125
1767173122.9042382,-2,-6,-129
1767173122.9142382,0,-4,-128
1767173122.9242382,1,-2,-126
1767173122.9342382,0,-1,-123
1767173122.9442382,5,2,-123
1767173122.9542382,6,0,-129
1767173122.9642382,2,1,-121
1767173122.9742382,-3,-1,-123
1767173122.984238,-4,-5,-123
1767173122.994238,-5,-2,-131
1767173123.004238,-5,-1,-135
1767173123.014238,-1,-1,-134
1767173123.024238,2,-4,-135
1767173123.034238,6,-1,-134
1767173123.044238,9,0,-130
1767173123.054238,11,-4,-133
1767173123.064238,11,-4,-136
1767173123.074238,8,-4,-135
1767173123.084238,4,-7,-132
1767173123.094238,-2,-4,-137
1767173123.1042385,1,-2,-139
1767173123.1142385,1,-4,-139
1767173123.1242385,-2,-4,-141
1767173123.1342382,-3,-5,-143
1767173123.1442382,-4,-3,-142
1767173123.1542382,-2,-2,-139
1767173123.1642382,-1,-2,-134
1767173123.1742382,-1,-3,-131
1767173123.1842382,1,-3,-123
1767173123.1942382,4,-1,-121
1767173123.2042382,4,-3,-121
1767173123.2142382,2,-3,-126
1767173123.2242382,0,-6,-122
1767173123.234238,-2,-5,-127
1767173123.244238,-3,-7,-129
1767173123.254238,-1,-10,-131
1767173123.264238,-4,-12,-132
1767173123.274238,-3,-6,-132
1767173123.284238,0,-4,-127
1767173123.294238,1,-4,-128
1767173123.304238,1,-4,-129
1767173123.314238,0,-6,-128
1767173123.324238,-2,-3,-129
1767173123.334238,-1,0,-123
1767173123.344238,-1,0,-125
1767173123.3542385,-2,3,-131
1767173123.3642385,0,6,-131
1767173123.3742385,7,4,-135
1767173123.3842382,6,1,-134
1767173123.3942382,5,2,-129
1767173123.4042382,3,2,-130
1767173123.4142382,1,3,-131
1767173123.4242382,1,5,-128
1767173123.4342382,3,5,-125
1767173123.4442382,5,4,-127
1767173123.4542382,0,1,-127
1767173123.4642382,0,0,-125
1767173123.4742382,0,0,-122
1767173123.484238,-2,-1,-121
1767173123.494238,0,-1,-127
1767173123.504238,2,-3,-122
1767173123.514238,-4,-3,-126
1767173123.524238,-1,-3,-129
1767173123.534238,-3,1,-135
1767173123.544238,-6,-1,-134
1767173123.554238,-5,-3,-138
1767173123.564238,-4,-6,-134
1767173123.574238,-4,-1,-133
1767173123.584238,-1,-2,-127
1767173123.594238,-1,-4,-123
1767173123.6042385,0,-1,-117
1767173123.6142385,0,0,-125
1767173123.6242385,-2,0,-128
1767173123.6342382,-3,-1,-130
1767173123.6442382,-2,-2,-131
1767173123.6552382,0,0,-135
1767173123.665238,-2,0,-140
1767173123.6742382,-1,-1,-139
1767173123.6842382,0,-1,-138
1767173123.6942382,0,1,-141
1767173123.7042382,4,-1,-140
1767173123.715238,5,-2,-138
1767173123.725238,6,-6,-131
1767173123.735238,6,-2,-135
1767173123.745238,3,-2,-129
1767173123.755238,0,-2,-129
1767173123.765238,5,-3,-131
1767173123.775238,7,-7,-136
1767173123.7852385,6,-6,-136
1767173123.7952385,3,-1,-135
1767173123.8052382,0,2,-132
1767173123.8152382,-1,-3,-129
1767173123.8252382,-4,-3,-124
1767173123.8352382,-3,-3,-125
1767173123.8452382,0,0,-128
1767173123.8552382,-2,5,-132
1767173123.8652382,-2,3,-136
1767173123.8752382,-2,1,-125
1767173123.8852382,-5,0,-126
1767173123.8952382,-3,4,-132
1767173123.9052382,-1,0,-132
1767173123.915238,0,-4,-128
1767173123.925238,-2,-2,-126
1767173123.935238,1,1,-133
1767173123.945238,2,4,-133
1767173123.955238,3,2,-131
1767173123.965238,2,1,-133
1767173123.975238,0,2,-134
1767173123.985238,1,4,-133
1767173123.995238,0,5,-133
1767173124.005238,0,0,-123
1767173124.015238,0,-2,-123
1767173124.025238,-2,0,-127
1767173124.0352385,-4,-3,-128
1767173124.0452385,0,-5,-132
1767173124.0552382,5,-8,-127
1767173124.0652382,7,-11,-124
1767173124.0752382,5,-15,-122
1767173124.0852382,2,-12,-122
1767173124.0952382,2,-14,-124
1767173124.1052382,1,-11,-126
1767173124.1152382,2,-8,-126
1767173124.1252382,4,-10,-123
1767173124.1352382,2,-9,-120
1767173124.1452382,3,-9,-115
1767173124.1552382,0,-7,-126
1767173124.165238,0,-6,-126
1767173124.175238,3,-8,-136
1767173124.185238,2,-8,-140
1767173124.195238,0,-3,-137
1767173124.205238,0,0,-134
1767173124.215238,-3,0,-129
1767173124.225238,-4,1,-126
1767173124.235238,-2,0,-128
1767173124.245238,-3,0,-136
1767173124.255238,-2,2,-136
1767173124.265238,1,2,-137
1767173124.275238,3,0,-133
1767173124.2852385,4,1,-129
1767173124.2952385,6,0,-126
1767173124.3052382,5,0,-127
1767173124.3152382,3,2,-128
1767173124.3252382,1,1,-128
1767173124.3352382,-1,0,-129
1767173124.3452382,0,2,-129
1767173124.3552382,0,0,-134
1767173124.3652382,-1,1,-138
1767173124.3752382,-4,0,-138
1767173124.3852382,-1,-6,-132
1767173124.3952382,-1,-6,-131
1767173124.4052382,-1,-3,-134
1767173124.415238,0,-4,-138
1767173124.425238,0,-3,-136
1767173124.435238,0,-4,-134
1767173124.445238,4,-2,-130
1767173124.455238,5,0,-132
1767173124.465238,4,0,-134
1767173124.475238,0,0,-130
1767173124.485238,4,-1,-131
1767173124.495238,4,-1,-137
1767173124.505238,8,0,-135
1767173124.515238,5,0,-129
1767173124.525238,6,2,-128
1767173124.5352385,1,3,-124
1767173124.5452385,3,-1,-125
1767173124.5552382,1,-6,-135
1767173124.5652382,-1,-3,-132
1767173124.5752382,-3,-1,-137
1767173124.5852382,-3,2,-143
1767173124.5952382,-4,8,-141
1767173124.6052382,-2,8,-143
1767173124.6152382,1,5,-139
1767173124.6252382,5,4,-137
1767173124.6352382,2,2,-141
1767173124.6452382,4,0,-139
1767173124.6552382,4,1,-135
1767173124.665238,9,0,-130
1767173124.675238,5,-1,-134
1767173124.685238,5,-4,-139
1767173124.695238,6,-6,-143
1767173124.705238,7,-4,-146
1767173124.715238,7,-4,-141
1767173124.725238,8,-6,-138
1767173124.735238,4,-7,-137
1767173124.745238,-1,-9,-129
1767173124.755238,-4,-11,-129
1767173124.765238,-1,-7,-131
1767173124.775238,-2,-3,-128
1767173124.7852385,0,-5,-127
1767173124.7952385,-3,-3,-127
1767173124.8052382,-3,-3,-129
1767173124.8152382,-1,-1,-135
1767173124.8252382,1,4,-138
1767173124.8352382,-3,2,-139
1767173124.8452382,-3,2,-135
1767173124.8552382,-2,1,-133
1767173124.8652382,1,0,-136
1767173124.8752382,0,-2,-132
1767173124.8852382,0,-2,-126
1767173124.8952382,-2,0,-126
1767173124.9052382,0,3,-130
1767173124.915238,-4,1,-127
1767173124.925238,-5,1,-130
1767173124.935238,0,-3,-128
1767173124.945238,2,-4,-134
1767173124.955238,-2,-5,-139
1767173124.965238,0,-5,-135
1767173124.975238,0,-4,-135
1767173124.985238,0,-1,-132
1767173124.995238,2,-6,-132
1767173125.005238,0,-3,-131
1767173125.015238,-1,3,-131
1767173125.025238,-3,5,-125
1767173125.0352385,-1,7,-129
1767173125.0452385,0,0,-133
1767173125.0662382,0,-3,-127
1767173125.0752382,-4,-1,-123
1767173125.0852382,-3,-5,-120
1767173125.0952382,-6,-6,-116
1767173125.1052382,-6,-8,-124
1767173125.1152382,-9,-8,-125
1767173125.1252382,-6,-10,-124
1767173125.1352382,-7,-3,-126
1767173125.1452382,-7,0,-128
1767173125.1552382,-6,2,-131
1767173125.165238,-7,6,-126
1767173125.175238,-2,7,-129
1767173125.185238,-2,5,-135
1767173125.195238,-3,6,-133
1767173125.205238,-2,1,-131
1767173125.215238,-3,1,-135
1767173125.225238,-3,0,-139
1767173125.235238,2,-4,-134
1767173125.245238,2,-3,-130
1767173125.255238,3,0,-132
1767173125.265238,5,-3,-124
1767173125.275238,6,-3,-128
1767173125.2852385,4,-5,-135
1767173125.2952385,4,0,-132
1767173125.3052382,7,3,-135
1767173125.3152382,5,-1,-133
1767173125.3252382,2,-4,-135
1767173125.3352382,5,-6,-140
1767173125.3452382,6,-3,-132
1767173125.3552382,3,-8,-131
1767173125.3652382,4,-7,-130
1767173125.3752382,7,-2,-130
1767173125.3852382,10,0,-131
1767173125.3952382,10,-1,-131
1767173125.4052382,6,0,-131
1767173125.415238,7,3,-135
1767173125.425238,6,2,-136
1767173125.435238,4,4,-136
1767173125.445238,2,5,-126
1767173125.455238,0,1,-119
1767173125.465238,2,1,-111
1767173125.475238,3,3,-119
1767173125.485238,6,2,-123
1767173125.495238,6,4,-126
1767173125.505238,4,2,-128
1767173125.515238,3,3,-127
1767173125.525238,1,4,-127
1767173125.5352385,3,5,-134
1767173125.5452385,0,0,-129
1767173125.5552382,1,2,-130
1767173125.5652382,-1,0,-127
1767173125.5752382,-4,0,-132
1767173125.5852382,-1,1,-131
1767173125.5952382,-2,4,-132
1767173125.6052382,-3,1,-130
1767173125.6152382,-3,2,-126
1767173125.6252382,-3,5,-127
1767173125.6352382,-3,3,-126
1767173125.6452382,0,4,-127
1767173125.6552382,0,5,-127
1767173125.665238,1,4,-128
1767173125.675238,-1,2,-125
1767173125.685238,-2,0,-130
1767173125.695238,-3,0,-131
1767173125.705238,-5,1,-128
1767173125.715238,-3,3,-126
1767173125.725238,-6,0,-127
1767173125.735238,-11,-1,-122
1767173125.745238,-13,-2,-122
1767173125.755238,-13,-7,-121
1767173125.765238,-14,-5,-120
1767173125.775238,-11,-4,-120
1767173125.7852385,-8,-10,-124
1767173125.7952385,-9,-7,-121
1767173125.8052382,-7,-9,-117
1767173125.8152382,-6,-10,-112
1767173125.8252382,-6,-11,-115
1767173125.8352382,-5,-10,-120
1767173125.8452382,0,-6,-126
1767173125.8552382,2,-3,-127
1767173125.8652382,2,-2,-127
1767173125.8752382,1,-6,-129
1767173125.8852382,4,-6,-129
1767173125.8952382,7,-4,-135
1767173125.9052382,5,-3,-141
1767173125.915238,3,-2,-144
1767173125.925238,0,-2,-143
1767173125.935238,5,0,-145
1767173125.945238,5,-1,-142
1767173125.955238,1,2,-141
1767173125.965238,7,2,-137
1767173125.975238,0,1,-134
1767173125.985238,0,0,-135
1767173125.995238,-5,0,-132
1767173126.005238,-4,0,-128
1767173126.015238,-1,-7,-128
1767173126.025238,1,-2,-124
1767173126.0352385,0,-6,-128
1767173126.0452385,-1,-5,-125
1767173126.0552382,0,-2,-128
1767173126.0652382,-1,-3,-130
1767173126.0752382,0,-1,-131
1767173126.0852382,0,-2,-131
1767173126.0952382,1,1,-133
1767173126.1052382,5,0,-133
1767173126.1152382,2,0,-135
1767173126.1252382,0,-2,-140
1767173126.1352382,-4,-5,-136
1767173126.1452382,-7,-5,-143
1767173126.1552382,-1,-7,-139
1767173126.165238,0,-9,-137
1767173126.175238,-3,-10,-133
1767173126.185238,-1,-15,-138
1767173126.195238,0,-12,-141
1767173126.205238,-3,-9,-141
1767173126.215238,-1,-9,-136
1767173126.225238,0,-6,-135
1767173126.235238,2,-8,-133
1767173126.245238,3,-9,-134
1767173126.255238,5,-9,-127
1767173126.265238,4,-7,-128
1767173126.2762382,8,-8,-132
1767173126.2862382,3,-10,-136
1767173126.2952385,1,-6,-134
1767173126.3062382,3,-2,-136
1767173126.3162382,9,-4,-133
1767173126.3262382,8,-6,-132
1767173126.336238,1,-3,-134
1767173126.346238,0,-2,-134
1767173126.356238,3,-4,-135
1767173126.366238,3,-6,-123
1767173126.376238,-1,-5,-120
1767173126.386238,-5,-5,-126
1767173126.396238,-4,-4,-128
1767173126.406238,-1,-9,-130
1767173126.416238,0,-6,-134
1767173126.426238,3,-5,-136
1767173126.436238,5,-4,-138
1767173126.446238,-1,0,-144
1767173126.4562385,-3,1,-141
1767173126.4662385,-7,1,-135
1767173126.4762385,-2,-4,-136
1767173126.4862382,2,-1,-133
1767173126.4962382,1,2,-130
1767173126.5062382,2,-1,-129
1767173126.5162382,-2,1,-127
1767173126.5262382,-3,0,-129
1767173126.5362382,-1,-1,-131
1767173126.5462382,-5,-4,-128
1767173126.5562382,-3,-4,-128
1767173126.5662382,-5,-3,-129
1767173126.5762382,-7,0,-128
1767173126.586238,-1,0,-129
1767173126.596238,1,0,-135
1767173126.606238,-7,-3,-137
1767173126.616238,-4,0,-137
1767173126.626238,-2,0,-136
1767173126.636238,-1,-1,-130
1767173126.646238,-2,0,-126
1767173126.656238,0,0,-125
1767173126.666238,-3,-2,-126
1767173126.676238,-5,-1,-125
1767173126.686238,0,-2,-123
1767173126.696238,3,-6,-125
1767173126.7062385,2,-7,-128
1767173126.7162385,6,-8,-129
1767173126.7262385,7,-4,-133
1767173126.7362382,7,-3,-135
1767173126.7462382,10,0,-127
1767173126.7562382,7,1,-127
1767173126.7662382,2,2,-126
1767173126.7762382,-2,4,-129
1767173126.7862382,0,6,-127
1767173126.7962382,-1,7,-129
1767173126.8062382,0,4,-131
1767173126.8162382,0,4,-126
1767173126.8262382,2,2,-124
1767173126.836238,1,0,-123
1767173126.846238,2,-2,-122
1767173126.856238,1,-5,-123
1767173126.866238,-3,-2,-125
1767173126.876238,-5,0,-124
1767173126.886238,-2,0,-120
1767173126.896238,0,-1,-121
1767173126.906238,3,1,-116
1767173126.916238,2,1,-120
1767173126.926238,0,0,-121
1767173126.936238,1,0,-125
1767173126.946238,1,-2,-133
1767173126.9562385,0,-4,-136
1767173126.9662385,-4,-4,-135
1767173126.9762385,-6,-5,-133
1767173126.9862382,-7,-9,-129
1767173126.9962382,-7,-7,-119
1767173127.0062382,-4,-7,-124
1767173127.0162382,-3,-5,-126
1767173127.0262382,-6,-6,-125
1767173127.0362382,0,-6,-127
1767173127.0462382,-4,-2,-125
1767173127.0562382,-2,0,-127
1767173127.0662382,-4,0,-132
1767173127.0762382,3,2,-134
1767173127.086238,1,0,-136
1767173127.096238,3,3,-141
1767173127.106238,2,1,-138
1767173127.116238,-1,0,-132
1767173127.126238,-5,0,-134
1767173127.136238,0,-1,-138
1767173127.146238,-7,-5,-135
1767173127.156238,-7,-8,-131
1767173127.166238,-11,-8,-128
1767173127.176238,-12,-5,-130
1767173127.186238,-6,-8,-127
1767173127.196238,-4,-5,-129
1767173127.2062385,-5,-4,-124
1767173127.2162385,-6,-5,-121
1767173127.2262385,-2,-5,-126
1767173127.2362382,0,-4,-135
1767173127.2462382,0,-1,-137
1767173127.2562382,0,0,-130
1767173127.2662382,-2,1,-125
1767173127.2762382,0,3,-129
1767173127.2862382,-3,3,-127
1767173127.2962382,-2,0,-131
1767173127.3062382,-5,-1,-131
1767173127.3162382,-5,-2,-131
1767173127.3262382,-5,-3,-131
1767173127.336238,-1,-7,-134
1767173127.346238,0,-3,-134
1767173127.356238,2,0,-130
1767173127.366238,6,0,-128
1767173127.376238,6,0,-125
1767173127.386238,3,0,-126
1767173127.396238,0,1,-130
1767173127.406238,-1,2,-126
1767173127.416238,0,0,-126
1767173127.426238,0,-5,-120
1767173127.436238,4,-2,-124
1767173127.446238,2,-1,-127
1767173127.4562385,-3,0,-132
1767173127.4662385,-3,-1,-130
1767173127.4762385,-3,-3,-130
1767173127.4862382,-8,-3,-128
1767173127.4962382,-6,0,-130
1767173127.5062382,-3,7,-131
1767173127.5162382,-3,10,-134
1767173127.5262382,0,4,-140
1767173127.5362382,-2,3,-140
1767173127.5462382,2,2,-137
1767173127.5562382,1,2,-135
1767173127.5662382,0,2,-129
1767173127.5762382,-3,6,-128
1767173127.586238,-1,10,-129
1767173127.596238,-1,6,-131
1767173127.606238,-3,7,-132
1767173127.616238,-1,3,-129
1767173127.626238,1,4,-128
1767173127.636238,1,1,-126
1767173127.646238,5,0,-127
1767173127.656238,3,0,-127
1767173127.666238,2,0,-124
1767173127.676238,6,-1,-125
1767173127.686238,9,0,-128
1767173127.696238,5,1,-130
1767173127.7062385,-7,0,-124
1767173127.7162385,-14,-1,-124
1767173127.7262385,-12,-8,-128
1767173127.7362382,-10,-9,-132
1767173127.7462382,-8,-5,-132
1767173127.7562382,-2,-1,-137
1767173127.7662382,-3,-1,-138
1767173127.7762382,-1,0,-144
1767173127.7862382,-1,0,-140
1767173127.7962382,-5,-4,-135
1767173127.8062382,-4,-3,-131
1767173127.8162382,-7,-4,-131
1767173127.8262382,-8,-4,-134
1767173127.836238,-9,-3,-134
1767173127.846238,-7,-4,-135
1767173127.856238,-4,-3,-129
1767173127.866238,-1,-4,-126
1767173127.876238,-3,-5,-128
1767173127.886238,-5,-2,-124
1767173127.896238,-6,-2,-128
1767173127.906238,-8,-3,-127
1767173127.916238,-8,1,-128
1767173127.926238,-7,2,-127
1767173127.936238,-4,3,-128
1767173127.946238,-3,3,-127
1767173127.9562385,3,2,-132
1767173127.9662385,4,2,-132
1767173127.9762385,5,2,-129
1767173127.9862382,6,0,-124
1767173127.9962382,0,0,-124
1767173128.0062382,0,-3,-125
1767173128.0162382,-3,-5,-124
1767173128.0262382,-3,-5,-129
1767173128.0362382,-3,-5,-131
1767173128.0462382,0,-7,-134
1767173128.0562382,-4,-8,-138
1767173128.0662382,-3,-4,-142
1767173128.0762382,-6,-4,-144
1767173128.086238,-3,-5,-143
1767173128.096238,-5,-6,-147
1767173128.106238,-6,-6,-137
1767173128.116238,-6,-3,-140
1767173128.126238,-4,1,-139
1767173128.136238,-4,-3,-140
1767173128.146238,-1,0,-134
1767173128.156238,-2,-1,-133
1767173128.166238,-1,-5,-124
1767173128.176238,-1,-4,-122
1767173128.186238,-2,-4,-114
1767173128.196238,-7,-1,-114
1767173128.2062385,-5,-2,-111
1767173128.2162385,-6,6,-119
1767173128.2262385,-6,4,-122
1767173128.2362382,-5,2,-125
1767173128.2462382,-6,1,-124
1767173128.2562382,-6,6,-120
1767173128.2662382,-2,10,-122
1767173128.2762382,-3,9,-124
1767173128.2862382,0,7,-130
1767173128.2962382,4,3,-138
1767173128.3062382,-1,0,-139
1767173128.3162382,0,0,-141
1767173128.3262382,-2,-1,-138
1767173128.336238,-4,0,-131
1767173128.346238,-1,1,-127
1767173128.356238,-1,0,-129
1767173128.366238,1,1,-131
1767173128.376238,2,2,-130
1767173128.386238,1,5,-134
1767173128.396238,-1,0,-129
1767173128.406238,-2,0,-130
1767173128.416238,0,-3,-128
1767173128.426238,1,-4,-124
1767173128.436238,1,-3,-124
1767173128.446238,2,-1,-124
1767173128.4562385,5,-3,-128
1767173128.4662385,5,-7,-130
1767173128.4762385,-1,-7,-128
1767173128.4862382,1,-4,-130
1767173128.4962382,2,-1,-131
1767173128.5062382,1,-1,-133
1767173128.5162382,8,-3,-126
1767173128.5262382,9,0,-125
1767173128.5362382,7,1,-126
1767173128.5462382,5,1,-128
1767173128.5562382,4,1,-125
1767173128.5662382,8,4,-123
1767173128.5762382,6,5,-127
1767173128.586238,7,4,-123
1767173128.596238,5,4,-124
1767173128.606238,1,4,-116
1767173128.616238,-2,8,-116
1767173128.626238,0,8,-113
1767173128.636238,0,4,-121
1767173128.646238,3,2,-119
1767173128.656238,4,1,-126
1767173128.666238,5,0,-126
1767173128.676238,6,0,-125
1767173128.686238,6,0,-126
1767173128.696238,1,-2,-130
1767173128.7062385,0,-1,-130
1767173128.7162385,1,3,-131
1767173128.7262385,-2,4,-133
1767173128.7362382,-3,3,-139
1767173128.7462382,2,3,-138
1767173128.7562382,0,0,-135
1767173128.7662382,4,-2,-129
1767173128.7762382,0,-4,-127
1767173128.7862382,0,0,-123
1767173128.7962382,-2,-1,-131
1767173128.8062382,-7,0,-135
1767173128.8162382,-9,0,-128
1767173128.8262382,-4,-1,-132
1767173128.836238,0,-3,-124
1767173128.846238,-4,-2,-122
1767173128.856238,-7,-1,-122
1767173128.866238,-8,4,-116
1767173128.877238,-4,6,-116
1767173128.886238,-1,4,-121
1767173128.896238,-2,3,-124
1767173128.9072382,-5,0,-122
1767173128.9172382,-5,0,-120
1767173128.9272382,-5,0,-111
1767173128.9372382,-4,-1,-113
1767173128.9472382,-1,1,-117
1767173128.9572382,3,1,-122
1767173128.9672382,1,1,-127
1767173128.9772382,0,4,-126
1767173128.9872382,-6,4,-127
1767173128.9972382,0,1,-131
1767173129.007238,-3,-3,-135
1767173129.017238,-7,-6,-130
1767173129.027238,-3,-5,-132
1767173129.037238,-1,-1,-129
1767173129.047238,0,-4,-125
1767173129.057238,1,-1,-126
1767173129.067238,0,-3,-124
1767173129.077238,0,-2,-126
1767173129.087238,3,3,-132
1767173129.097238,2,1,-123
1767173129.107238,0,1,-121
1767173129.117238,-1,-1,-124
1767173129.127238,-2,2,-126
1767173129.1372385,-4,4,-124
1767173129.1472385,-2,9,-127
1767173129.1572382,-4,8,-129
1767173129.1672382,-3,5,-128
1767173129.1772382,-6,0,-128
1767173129.1872382,-1,-3,-131
1767173129.1972382,-2,-2,-129
1767173129.2072382,-3,0,-130
1767173129.2172382,1,0,-127
1767173129.2272382,1,4,-122
1767173129.2372382,-2,5,-122
1767173129.2472382,1,4,-129
1767173129.257238,2,2,-125
1767173129.267238,4,-2,-125
1767173129.277238,5,-3,-125
1767173129.287238,4,-7,-123
1767173129.297238,3,-7,-128
1767173129.307238,1,-6,-132
1767173129.317238,-1,-3,-138
1767173129.327238,-4,-1,-130
1767173129.337238,-2,0,-135
1767173129.347238,0,3,-127
1767173129.357238,-2,3,-126
1767173129.367238,-2,2,-131
1767173129.377238,-5,-1,-138
1767173129.3872385,-5,-2,-134
1767173129.3972385,-2,-4,-131
1767173129.4072382,-2,-3,-131
1767173129.4172382,-1,0,-133
1767173129.4272382,-3,0,-132
1767173129.4372382,-2,1,-130
1767173129.4472382,-1,-1,-129
1767173129.4572382,-2,-1,-126
1767173129.4672382,0,-1,-122
1767173129.4772382,-5,-6,-126
1767173129.4872382,-5,-4,-136
1767173129.4972382,-2,-6,-141
1767173129.507238,-3,-6,-138
1767173129.517238,-3,-6,-139
1767173129.527238,-1,0,-131
1767173129.537238,-2,2,-123
1767173129.547238,-4,7,-122
1767173129.557238,-4,4,-117
1767173129.567238,-4,4,-120
1767173129.577238,-1,5,-121
1767173129.587238,0,0,-127
1767173129.597238,0,0,-121
1767173129.607238,-3,0,-121
1767173129.617238,-6,-1,-118
1767173129.627238,-7,0,-122
1767173129.6372385,-8,2,-126
1767173129.6472385,-8,0,-129
1767173129.6572382,-7,-3,-131
1767173129.6672382,-3,-2,-124
1767173129.6772382,-3,0,-126
1767173129.6872382,0,-2,-133
1767173129.6972382,-1,-2,-128
1767173129.7072382,0,0,-126
1767173129.7172382,-1,-1,-130
1767173129.7272382,2,0,-130
1767173129.7372382,0,-2,-126
1767173129.7472382,-2,-4,-126
1767173129.757238,3,-5,-125
1767173129.767238,4,-2,-123
1767173129.777238,3,1,-127
1767173129.787238,-2,1,-124
1767173129.797238,0,3,-130
1767173129.807238,8,4,-131
1767173129.817238,10,6,-134
1767173129.827238,5,5,-134
1767173129.837238,0,4,-128
1767173129.847238,0,3,-124
1767173129.857238,-3,1,-122
1767173129.867238,1,-1,-125
1767173129.877238,3,1,-132
1767173129.8872385,3,0,-127
1767173129.8972385,5,-1,-129
1767173129.9072382,1,1,-133
1767173129.9172382,2,0,-130
1767173129.9272382,2,-1,-132
1767173129.9372382,1,-1,-130
1767173129.9472382,5,0,-130
1767173129.9572382,1,0,-132
1767173129.9672382,1,0,-123
1767173129.9772382,0,-1,-120
1767173129.9872382,5,-2,-126
1767173129.9972382,5,-6,-128
1767173130.007238,1,-9,-132
1767173130.017238,2,-11,-128
1767173130.027238,1,-7,-125
1767173130.037238,0,-5,-127
1767173130.047238,0,-6,-127
1767173130.057238,0,-5,-131
1767173130.0792382,-3,-3,-136
1767173130.087238,-3,-4,-140
1767173130.097238,0,-4,-145
1767173130.107238,2,-7,-144
1767173130.117238,-1,-6,-139
1767173130.127238,-6,-4,-135
1767173130.1372385,-7,0,-136
1767173130.1472385,-2,0,-130
1767173130.1572382,-1,3,-131
1767173130.1672382,0,0,-128
1767173130.1772382,4,2,-131
1767173130.1872382,1,0,-129
1767173130.1972382,-6,0,-124
1767173130.2072382,-4,1,-129
1767173130.2172382,-4,1,-132
1767173130.2272382,-4,0,-132
1767173130.2372382,-4,0,-137
1767173130.2472382,-3,1,-138
1767173130.257238,-2,0,-132
1767173130.267238,-4,-1,-128
1767173130.277238,-2,-2,-128
1767173130.287238,-1,1,-126
1767173130.297238,-5,2,-131
1767173130.307238,-7,0,-136
1767173130.317238,-4,2,-129
1767173130.327238,-4,0,-123
1767173130.337238,-3,-1,-130
1767173130.347238,-4,0,-128
1767173130.357238,-1,-1,-127
1767173130.367238,-4,-1,-125
1767173130.377238,-6,0,-122
1767173130.3872385,0,-7,-121
1767173130.3972385,0,-9,-124
1767173130.4072382,0,-7,-125
1767173130.4172382,-3,-7,-121
1767173130.4272382,-3,-7,-116
1767173130.4372382,0,-5,-122
1767173130.4472382,-6,-4,-130
1767173130.4572382,-7,0,-129
1767173130.4672382,-6,-3,-130
1767173130.4772382,-2,-2,-132
1767173130.4872382,-5,-5,-131
1767173130.4972382,-7,-7,-125
1767173130.507238,-6,-4,-127
1767173130.517238,-8,-3,-127
1767173130.527238,-6,-6,-128
1767173130.537238,-3,-3,-130
1767173130.547238,-2,-2,-124
1767173130.557238,-2,-4,-128
1767173130.567238,-6,-6,-126
1767173130.577238,-6,-7,-126
1767173130.587238,-5,-3,-130
1767173130.597238,-4,-5,-132
1767173130.607238,-2,-5,-128
1767173130.617238,-2,-4,-134
1767173130.627238,-3,0,-135
1767173130.6372385,-6,-3,-134
1767173130.6472385,-6,-6,-132
1767173130.6572382,-5,-6,-130
1767173130.6672382,-3,-1,-132
1767173130.6772382,-5,-1,-133
1767173130.6872382,-4,3,-130
1767173130.6972382,-6,2,-123
1767173130.7072382,-8,3,-123
1767173130.7172382,-8,4,-122
1767173130.7272382,-9,7,-122
1767173130.7372382,-11,5,-126
1767173130.7472382,-7,5,-135
1767173130.757238,-5,3,-137
1767173130.767238,-2,3,-134
1767173130.777238,-4,2,-132
1767173130.787238,-4,2,-137
1767173130.797238,-5,0,-142
1767173130.807238,-7,0,-138
1767173130.817238,-1,2,-136
1767173130.827238,-2,5,-135
1767173130.837238,-1,6,-136
1767173130.847238,0,5,-136
1767173130.857238,-2,5,-135
1767173130.867238,-2,4,-135
1767173130.877238,0,0,-138
1767173130.8872385,-2,-3,-139
1767173130.8972385,-3,0,-139
1767173130.9072382,-3,-1,-140
1767173130.9172382,-1,0,-136
1767173130.9272382,-1,4,-133
1767173130.9372382,-3,3,-144
1767173130.9472382,-4,2,-145
1767173130.9572382,-1,-2,-144
1767173130.9672382,-2,-5,-146
1767173130.9772382,-3,-3,-146
1767173130.9872382,1,0,-137
1767173130.9972382,3,4,-130
1767173131.007238,6,7,-136
1767173131.017238,-1,5,-136
1767173131.027238,0,4,-137
1767173131.037238,-1,7,-132
1767173131.047238,3,10,-131
1767173131.057238,0,10,-128
1767173131.067238,-2,7,-119
1767173131.077238,-3,3,-115
1767173131.087238,-1,7,-124
1767173131.097238,-1,8,-127
1767173131.107238,-5,8,-127
1767173131.117238,-5,5,-127
1767173131.127238,-6,0,-125
1767173131.1372385,-3,-4,-125
1767173131.1472385,-2,-2,-124
1767173131.1572382,-2,-3,-125
1767173131.1672382,-1,-3,-129
1767173131.1772382,-1,-2,-131
1767173131.1872382,-3,-3,-130
1767173131.1972382,0,-4,-131
1767173131.2072382,-4,-2,-134
1767173131.2172382,-8,3,-133
1767173131.2272382,-9,4,-131
1767173131.2372382,-12,2,-131
1767173131.2472382,-11,1,-139
1767173131.257238,-19,0,-145
1767173131.267238,-19,1,-145
1767173131.277238,-18,0,-142
1767173131.287238,-12,-1,-141
1767173131.297238,-7,-4,-141
1767173131.307238,-4,-4,-134
1767173131.317238,-4,-2,-128
1767173131.327238,-3,-3,-126
1767173131.337238,3,-5,-128
1767173131.347238,6,-7,-126
1767173131.357238,7,-8,-126
1767173131.367238,7,-10,-126
1767173131.377238,6,-10,-129
1767173131.3872385,4,-12,-131
1767173131.3972385,2,-10,-128
1767173131.4072382,0,-6,-134
1767173131.4172382,2,0,-135
1767173131.4272382,3,3,-125
1767173131.4372382,5,2,-125
1767173131.4472382,0,0,-133
1767173131.4572382,5,2,-127
1767173131.4672382,4,2,-127
1767173131.4772382,-4,0,-128
1767173131.4872382,-4,-3,-127
1767173131.498238,-1,-5,-130
1767173131.508238,4,-4,-131
1767173131.518238,-1,-4,-133
1767173131.527238,-4,-5,-131
1767173131.537238,-3,-7,-126
1767173131.548238,-3,-5,-129
1767173131.5582385,-2,-3,-132
1767173131.5682385,-2,-6,-132
1767173131.5782382,0,-7,-132
1767173131.5882382,6,-5,-131
1767173131.5982382,2,-4,-133
1767173131.6082382,2,0,-129
1767173131.6182382,-1,0,-136
1767173131.6282382,-1,1,-135
1767173131.6382382,2,0,-132
1767173131.6482382,0,2,-129
1767173131.6582382,-2,0,-128
1767173131.6682382,-5,0,-124
1767173131.6782382,-8,0,-123
1767173131.688238,-12,0,-129
1767173131.698238,-8,0,-133
1767173131.708238,-4,3,-129
1767173131.718238,-4,1,-124
1767173131.728238,1,-2,-128
1767173131.738238,-1,-1,-129
1767173131.748238,0,-1,-129
1767173131.758238,0,0,-135
1767173131.768238,-1,-3,-135
1767173131.778238,1,-4,-131
1767173131.788238,1,-4,-129
1767173131.798238,1,-1,-121
1767173131.8082385,0,0,-127
1767173131.8182385,-1,1,-126
1767173131.8282382,-3,1,-132
1767173131.8382382,-7,6,-125
1767173131.8482382,-8,6,-125
1767173131.8582382,-11,4,-127
1767173131.8682382,-7,4,-127
1767173131.8782382,-10,0,-129
1767173131.8882382,-9,-3,-129
1767173131.8982382,-10,-7,-133
1767173131.9082382,-6,-7,-124
1767173131.9182382,-4,-3,-117
1767173131.9282382,-2,-1,-123
1767173131.938238,-2,0,-122
1767173131.948238,0,2,-130
1767173131.958238,0,0,-132
1767173131.968238,3,1,-137
1767173131.978238,0,0,-142
1767173131.988238,-3,0,-139
1767173131.998238,-3,1,-133
1767173132.008238,-2,-1,-132
1767173132.018238,-3,0,-126
1767173132.028238,-2,0,-129
1767173132.038238,-3,3,-129
1767173132.048238,-1,2,-134
1767173132.0582385,-2,0,-128
1767173132.0682385,-5,-2,-124
1767173132.0782382,-6,1,-126
1767173132.0882382,-5,3,-130
1767173132.0982382,-3,1,-132
1767173132.1082382,-1,0,-126
1767173132.1182382,-4,3,-129
1767173132.1282382,-5,5,-136
1767173132.1382382,-2,2,-138
1767173132.1482382,-8,2,-139
1767173132.1582382,-6,0,-135
1767173132.1682382,0,0,-135
1767173132.1782382,1,-2,-132
1767173132.188238,1,-3,-128
1767173132.198238,2,-4,-131
1767173132.208238,5,-4,-129
1767173132.218238,7,0,-130
1767173132.228238,2,0,-130
1767173132.238238,0,1,-130
1767173132.248238,3,4,-133
1767173132.258238,2,4,-129
1767173132.268238,0,5,-128
1767173132.278238,0,5,-129
1767173132.288238,-3,5,-125
1767173132.298238,-2,5,-131
1767173132.3082385,-1,2,-131
1767173132.3182385,-2,0,-130
1767173132.3282382,0,-2,-132
1767173132.3382382,0,-3,-126
1767173132.3482382,1,-4,-125
1767173132.3582382,-2,-2,-126
1767173132.3682382,-1,-2,-129
1767173132.3782382,-4,-7,-128
1767173132.3882382,-4,-7,-129
1767173132.3982382,-4,-4,-124
1767173132.4082382,0,-3,-114
1767173132.4182382,3,0,-113
1767173132.4282382,0,-2,-126
1767173132.438238,-1,-2,-128
1767173132.448238,-2,-3,-128
1767173132.458238,-5,-3,-126
1767173132.468238,-4,-4,-122
1767173132.478238,-1,1,-122
1767173132.488238,3,1,-128
1767173132.498238,4,4,-137
1767173132.508238,6,6,-136
1767173132.518238,3,5,-135
1767173132.528238,4,3,-136
1767173132.538238,0,0,-139
1767173132.548238,-2,1,-139
1767173132.5582385,-3,1,-136
1767173132.5682385,-2,2,-136
1767173132.5782382,-6,-1,-138
1767173132.5882382,-1,-1,-135
1767173132.5982382,-1,1,-131
1767173132.6082382,-1,0,-130
1767173132.6182382,2,0,-124
1767173132.6282382,0,0,-132
1767173132.6382382,-1,2,-131
1767173132.6482382,-7,2,-126
1767173132.6582382,-7,4,-125
1767173132.6682382,-4,2,-127
1767173132.6782382,-2,0,-124
1767173132.688238,-2,0,-120
1767173132.698238,0,4,-124
1767173132.708238,5,5,-126
1767173132.718238,3,5,-127
1767173132.728238,1,1,-123
1767173132.738238,1,0,-126
1767173132.748238,2,0,-125
1767173132.758238,2,-1,-127
1767173132.768238,1,-4,-127
1767173132.778238,1,-6,-126
1767173132.788238,0,-6,-131
1767173132.798238,-2,-4,-135
1767173132.8082385,-2,-1,-136
1767173132.8182385,-2,-3,-129
1767173132.8282382,-4,-5,-126
1767173132.8382382,-3,-1,-122
1767173132.8482382,0,-1,-116
1767173132.8582382,-1,0,-113
1767173132.8682382,-3,-2,-115
1767173132.8782382,-1,-5,-117
1767173132.8882382,-2,-9,-117
1767173132.8982382,1,-14,-120
1767173132.9082382,4,-13,-128
1767173132.9182382,3,-9,-125
1767173132.9282382,7,-6,-131
1767173132.938238,7,-4,-130
1767173132.948238,3,-2,-129
1767173132.958238,1,-3,-126
1767173132.968238,2,-5,-130
1767173132.978238,5,-3,-135
1767173132.988238,0,0,-133
1767173132.998238,2,0,-128
1767173133.008238,4,3,-131
1767173133.018238,0,1,-130
1767173133.028238,-1,0,-136
1767173133.038238,-3,1,-130
1767173133.048238,-1,1,-132
1767173133.0582385,-4,-1,-129
1767173133.0682385,-2,0,-124
1767173133.0782382,-1,-1,-119
1767173133.0882382,-3,-1,-124
1767173133.0982382,0,0,-130
1767173133.1082382,0,-1,-137
1767173133.1182382,3,-5,-134
1767173133.1282382,2,-4,-131
1767173133.1382382,3,-9,-129
1767173133.1482382,4,-3,-129
1767173133.1582382,0,-8,-129
1767173133.1682382,1,-6,-130
1767173133.1782382,-2,-1,-132
1767173133.188238,0,0,-136
1767173133.198238,0,0,-139
1767173133.208238,1,-1,-144
1767173133.218238,1,-4,-147
1767173133.228238,2,-2,-147
1767173133.238238,1,5,-142
1767173133.248238,-2,7,-138
1767173133.258238,-2,4,-137
1767173133.268238,0,1,-135
1767173133.278238,0,3,-129
1767173133.288238,0,3,-127
1767173133.298238,0,4,-123
1767173133.3082385,1,1,-123
1767173133.3182385,-7,1,-128
1767173133.3282382,-9,-3,-128
1767173133.3382382,-12,-7,-133
1767173133.3482382,-6,-6,-133
1767173133.3582382,-4,-8,-134
1767173133.3682382,-3,-8,-138
1767173133.3782382,2,-9,-135
1767173133.3882382,-1,-7,-130
1767173133.3982382,1,-7,-132
1767173133.4082382,2,-5,-131
1767173133.4182382,2,-2,-124
1767173133.4282382,-1,-3,-126
1767173133.438238,0,-2,-127
1767173133.448238,1,-2,-126
1767173133.458238,0,-2,-124
1767173133.468238,0,-2,-113
1767173133.478238,-2,1,-114
1767173133.488238,-2,1,-119
1767173133.498238,3,0,-121
1767173133.508238,4,1,-123
1767173133.518238,2,2,-123
1767173133.528238,0,-2,-133
1767173133.538238,0,-5,-137
1767173133.548238,3,-6,-138
1767173133.5582385,0,-9,-139
1767173133.5682385,1,-9,-144
1767173133.5782382,5,-3,-136
1767173133.5882382,3,-2,-136
1767173133.5982382,0,-3,-129
1767173133.6082382,1,-3,-129
1767173133.6182382,5,-3,-127
1767173133.6282382,3,-2,-129
1767173133.6382382,2,0,-123
1767173133.6482382,-2,-1,-123
1767173133.6582382,-4,0,-124
1767173133.6682382,0,0,-127
1767173133.6782382,-8,2,-125
1767173133.688238,-9,4,-129
1767173133.698238,-4,4,-124
1767173133.708238,0,5,-125
1767173133.718238,0,1,-128
1767173133.728238,-1,0,-128
1767173133.738238,1,-2,-129
1767173133.748238,0,-3,-126
1767173133.758238,-1,-4,-129
1767173133.768238,-2,0,-135
1767173133.778238,0,4,-135
1767173133.788238,-3,3,-129
1767173133.798238,-2,-2,-127
1767173133.8082385,1,-5,-129
1767173133.8182385,2,-6,-132
1767173133.8282382,1,-8,-129
1767173133.8382382,4,-11,-132
1767173133.8482382,6,-8,-137
1767173133.8582382,4,-6,-140
1767173133.8682382,3,-8,-141
1767173133.8782382,2,-7,-140
1767173133.8882382,0,-8,-136
1767173133.8982382,1,-7,-138
1767173133.9082382,6,-5,-139
1767173133.9182382,6,-2,-141
1767173133.9282382,0,0,-142
1767173133.938238,0,0,-143
1767173133.948238,3,-1,-138
1767173133.958238,0,-2,-135
1767173133.968238,-1,-3,-130
1767173133.978238,-3,-2,-129
1767173133.988238,1,-2,-124
1767173133.998238,0,0,-120
1767173134.008238,0,0,-122
1767173134.018238,3,0,-125
1767173134.028238,3,3,-128
1767173134.038238,-1,0,-135
1767173134.048238,-3,-1,-134
1767173134.0582385,-4,0,-130
1767173134.0682385,-2,-1,-133
1767173134.0782382,0,-1,-136
1767173134.0882382,-2,3,-132
1767173134.0992382,-5,1,-133
1767173134.1082382,-3,0,-131
1767173134.1182382,-4,-1,-127
1767173134.129238,-9,-5,-125
1767173134.139238,-6,-8,-133
1767173134.1482382,-5,-6,-128
1767173134.159238,-3,-4,-132
1767173134.169238,-2,0,-131
1767173134.179238,-3,1,-134
1767173134.189238,-5,1,-137
1767173134.199238,-3,5,-134
1767173134.209238,1,2,-130
1767173134.218238,4,0,-127
1767173134.2292385,3,1,-125
1767173134.2392385,2,3,-129
1767173134.2492385,0,0,-131
1767173134.2592382,0,-3,-128
1767173134.2692382,-4,-3,-126
1767173134.2792382,-4,-2,-132
1767173134.2892382,-2,0,-132
1767173134.2992382,1,0,-134
1767173134.3092382,1,-2,-135
1767173134.320238,1,-2,-136
1767173134.3292382,0,-3,-139
1767173134.3392382,0,-5,-143
1767173134.3492382,-2,-5,-138
1767173134.359238,-5,-4,-137
1767173134.369238,-7,-4,-135
1767173134.379238,-5,-6,-135
1767173134.389238,-6,-6,-137
1767173134.399238,-2,-8,-133
1767173134.409238,-3,-10,-125
1767173134.419238,-2,-10,-129
1767173134.429238,-2,-1,-134
1767173134.439238,-1,3,-129
1767173134.449238,-2,0,-128
1767173134.459238,-1,0,-126
1767173134.469238,3,-1,-127
1767173134.4792385,8,4,-128
1767173134.4892385,5,4,-126
1767173134.4992385,8,0,-125
1767173134.5092382,6,0,-121
1767173134.5192382,0,-3,-120
1767173134.5292382,-1,0,-125
1767173134.5392382,-7,0,-129
1767173134.5492382,-4,0,-124
1767173134.5592382,-3,-4,-127
1767173134.5692382,-3,-5,-128
1767173134.5792382,-5,-4,-127
1767173134.5892382,-1,-3,-125
1767173134.5992382,-4,-5,-131
1767173134.609238,-9,-6,-135
1767173134.619238,-7,-1,-135
1767173134.629238,0,-3,-132
1767173134.639238,-2,-4,-135
1767173134.649238,-5,-2,-132
1767173134.659238,-2,-2,-131
1767173134.669238,0,-1,-131
1767173134.679238,1,-3,-134
1767173134.689238,2,-9,-130
1767173134.699238,0,-6,-127
1767173134.709238,-2,-5,-128
1767173134.719238,-5,-8,-125
1767173134.7292385,-4,-12,-125
1767173134.7392385,-3,-8,-130
1767173134.7492385,-4,-9,-135
1767173134.7592382,-2,-4,-137
1767173134.7692382,-2,-1,-134
1767173134.7792382,-1,-2,-134
1767173134.7892382,-1,0,-134
1767173134.7992382,3,-2,-131
1767173134.8092382,3,-3,-127
1767173134.8192382,1,0,-126
1767173134.8292382,0,-4,-126
1767173134.8392382,0,-6,-121
1767173134.8492382,0,-5,-124
1767173134.859238,-3,-3,-125
1767173134.869238,-4,-3,-124
1767173134.879238,-1,-5,-125
1767173134.889238,1,-7,-130
1767173134.899238,3,-7,-137
1767173134.909238,5,-4,-136
1767173134.919238,1,-3,-129
1767173134.929238,2,-5,-129
1767173134.939238,5,-5,-127
1767173134.949238,8,-1,-126
1767173134.959238,2,-1,-128
1767173134.969238,1,0,-133
1767173134.9792385,-1,2,-131
1767173134.9892385,-3,4,-131
1767173134.9992385,2,7,-130
1767173135.0092382,1,7,-131
1767173135.0192382,3,4,-125
1767173135.0292382,6,0,-126
1767173135.0392382,9,-1,-133
1767173135.0492382,10,-7,-126
1767173135.0592382,13,-7,-125
1767173135.0692382,8,-2,-133
1767173135.0912385,0,-2,-133
1767173135.0992382,0,0,-127
1767173135.109238,1,0,-125
1767173135.119238,0,-1,-124
1767173135.129238,0,-5,-119
1767173135.139238,-1,-5,-125
1767173135.149238,-2,-4,-124
1767173135.159238,-1,0,-126
1767173135.169238,-4,2,-122
1767173135.179238,-5,2,-125
1767173135.189238,-5,1,-127
1767173135.199238,1,-3,-126
1767173135.209238,1,-2,-128
1767173135.219238,-1,-4,-133
1767173135.2292385,-1,-5,-128
1767173135.2392385,0,0,-126
1767173135.2492385,0,-4,-126
1767173135.2592382,-3,0,-122
1767173135.2692382,-5,0,-118
1767173135.2792382,-4,0,-126
1767173135.2892382,-1,0,-129
1767173135.2992382,1,-1,-130
1767173135.3092382,1,-2,-127
1767173135.3192382,2,-4,-130
1767173135.3292382,2,-6,-136
1767173135.3392382,2,-4,-141
1767173135.3492382,2,-1,-137
1767173135.359238,4,-4,-127
1767173135.369238,3,-2,-130
1767173135.379238,1,-1,-134
1767173135.389238,-2,-8,-129
1767173135.399238,-3,-5,-132
1767173135.409238,-2,-4,-134
1767173135.419238,-5,-7,-135
1767173135.429238,-6,-3,-136
1767173135.439238,-5,-6,-133
1767173135.449238,-3,-5,-137
1767173135.459238,0,-3,-129
1767173135.469238,0,-7,-126
1767173135.4792385,0,-10,-129
1767173135.4892385,1,-11,-130
1767173135.4992385,0,-6,-131
1767173135.5092382,1,-1,-134
1767173135.5192382,-1,-4,-135
1767173135.5292382,-2,-4,-141
1767173135.5392382,0,-1,-135
1767173135.5492382,-2,-1,-133
1767173135.5592382,-7,-2,-137
1767173135.5692382,-6,-2,-135
1767173135.5792382,-4,-1,-134
1767173135.5892382,-2,0,-134
1767173135.5992382,4,3,-138
1767173135.609238,5,2,-141
1767173135.619238,9,1,-137
1767173135.629238,6,0,-135
1767173135.639238,6,0,-139
1767173135.649238,3,2,-135
1767173135.659238,0,1,-140
1767173135.669238,0,-1,-142
1767173135.679238,7,-4,-136
1767173135.689238,9,-1,-129
1767173135.699238,6,-2,-123
1767173135.709238,4,0,-118
1767173135.719238,0,1,-116
1767173135.7292385,0,0,-122
1767173135.7392385,2,0,-126
1767173135.7492385,0,0,-126
1767173135.7592382,-4,0,-131
1767173135.7692382,0,-1,-131
1767173135.7792382,-1,0,-131
1767173135.7892382,-4,0,-120
1767173135.7992382,-4,-4,-121
1767173135.8092382,-4,-5,-118
1767173135.8192382,-1,-6,-125
1767173135.8292382,0,-7,-133
1767173135.8392382,-2,-6,-132
1767173135.8492382,-3,-3,-131
1767173135.859238,0,0,-136
1767173135.869238,-1,0,-136
1767173135.879238,-1,-1,-136
1767173135.889238,0,-2,-132
1767173135.899238,-3,0,-131
1767173135.909238,-4,-3,-132
1767173135.919238,-7,-2,-132
1767173135.929238,-7,2,-125
1767173135.939238,-8,4,-130
1767173135.949238,-9,2,-129
1767173135.959238,-13,-1,-122
1767173135.969238,-9,4,-122
1767173135.9792385,-2,1,-128
1767173135.9892385,-2,-2,-124
1767173135.9992385,-1,-2,-124
1767173136.0092382,1,-6,-126
1767173136.0192382,0,-9,-128
1767173136.0292382,-1,-11,-131
1767173136.0392382,-2,-12,-131
1767173136.0492382,-6,-9,-129
1767173136.0592382,-6,-8,-131
1767173136.0692382,-5,-7,-125
1767173136.0792382,-5,-8,-126
1767173136.0892382,-4,-9,-128
1767173136.0992382,-6,-8,-122
1767173136.109238,-1,-5,-126
1767173136.119238,-4,-4,-125
1767173136.129238,-5,0,-123
1767173136.139238,-5,2,-120
1767173136.149238,-3,0,-117
1767173136.159238,-3,-5,-117
1767173136.169238,-5,-6,-121
1767173136.179238,-11,-6,-127
1767173136.189238,-5,-5,-128
1767173136.199238,-3,-3,-133
1767173136.209238,-2,-7,-135
1767173136.219238,-2,-7,-139
1767173136.2292385,-1,-4,-135
1767173136.2392385,-1,0,-134
1767173136.2492385,3,5,-133
1767173136.2592382,1,2,-127
1767173136.2692382,4,0,-130
1767173136.2792382,4,1,-124
1767173136.2892382,3,3,-124
1767173136.2992382,-1,4,-130
1767173136.3092382,-3,2,-132
1767173136.3192382,-5,1,-127
1767173136.3292382,-3,2,-128
1767173136.3392382,-1,0,-127
1767173136.3492382,-1,-2,-124
1767173136.359238,-4,1,-118
1767173136.369238,-6,1,-121
1767173136.379238,-5,1,-117
1767173136.389238,-5,-1,-116
1767173136.399238,-5,2,-125
1767173136.409238,-3,0,-123
1767173136.419238,0,-2,-124
1767173136.429238,2,-3,-119
1767173136.439238,3,-4,-120
1767173136.449238,3,-5,-121
1767173136.459238,-3,-5,-121
1767173136.469238,-2,-5,-126
1767173136.4792385,-3,-4,-127
1767173136.4892385,-2,-2,-122
1767173136.4992385,-5,-3,-125
1767173136.5092382,-5,-3,-122
1767173136.5192382,-1,-3,-116
1767173136.5292382,-5,-1,-120
1767173136.5392382,-2,-5,-120
1767173136.5492382,-2,-8,-117
1767173136.5592382,3,-9,-125
1767173136.5692382,0,-10,-125
1767173136.5792382,-2,-5,-127
1767173136.5892382,-1,-2,-128
1767173136.5992382,1,2,-129
1767173136.609238,2,1,-128
1767173136.619238,5,3,-124
1767173136.629238,-2,6,-127
1767173136.639238,-6,3,-128
1767173136.649238,-1,1,-131
1767173136.659238,-2,-2,-128
1767173136.669238,0,-1,-128
1767173136.679238,-3,0,-126
1767173136.689238,-6,-2,-123
1767173136.699238,-11,-6,-121
1767173136.709238,-6,-7,-120
1767173136.719238,-8,-8,-123
1767173136.7302382,-5,0,-128
1767173136.7402382,-4,-1,-130
1767173136.7502382,-5,-2,-130
1767173136.7602382,-4,-3,-133
1767173136.7702382,-4,-2,-135
1767173136.7802382,-1,-1,-133
1767173136.790238,-1,0,-127
1767173136.800238,-4,4,-125
1767173136.810238,-1,11,-127
1767173136.820238,0,7,-138
1767173136.830238,1,1,-138
1767173136.840238,-2,-1,-133
1767173136.850238,-5,-3,-134
1767173136.860238,-4,-6,-141
1767173136.870238,0,-9,-139
1767173136.880238,-3,-8,-140
1767173136.890238,-2,-6,-135
1767173136.900238,-2,-2,-137
1767173136.9102385,0,0,-137
1767173136.9202385,-3,-2,-134
1767173136.9302382,-3,-3,-136
1767173136.9402382,-4,-5,-138
1767173136.9502382,-2,-7,-138
1767173136.9602382,0,-10,-141
1767173136.9702382,0,-9,-135
1767173136.9802382,0,-8,-126
1767173136.9902382,-3,-7,-126
1767173137.0002382,-4,-7,-123
1767173137.0102382,-8,-7,-128
1767173137.0202382,-3,-7,-126
1767173137.0302382,-3,-6,-127
1767173137.040238,-3,-9,-128
1767173137.050238,-2,-8,-130
1767173137.060238,0,-5,-136
1767173137.070238,-3,-3,-137
1767173137.080238,-1,-1,-134
1767173137.090238,3,1,-133
1767173137.100238,2,2,-129
1767173137.110238,3,1,-132
1767173137.120238,-4,0,-130
1767173137.130238,-4,2,-133
1767173137.140238,1,0,-136
1767173137.150238,5,0,-133
1767173137.1602385,4,0,-133
1767173137.1702385,4,2,-131
1767173137.1802382,1,5,-131
1767173137.1902382,1,4,-135
1767173137.2002382,-2,3,-139
1767173137.2102382,-3,4,-133
1767173137.2202382,-1,1,-130
1767173137.2302382,1,3,-129
1767173137.2402382,1,3,-129
1767173137.2502382,0,1,-129
1767173137.2602382,1,0,-124
1767173137.2702382,1,0,-130
1767173137.2802382,0,0,-134
1767173137.290238,-2,3,-130
1767173137.300238,-4,3,-134
1767173137.310238,-6,0,-131
1767173137.320238,-3,0,-127
1767173137.330238,-2,-1,-128
1767173137.340238,-2,0,-125
1767173137.350238,-6,1,-120
1767173137.360238,-8,0,-118
1767173137.370238,-7,-1,-122
1767173137.380238,-1,0,-122
1767173137.390238,3,0,-125
1767173137.400238,5,-3,-127
1767173137.4102385,1,-4,-129
1767173137.4202385,0,-1,-128
1767173137.4302382,-3,-1,-129
1767173137.4402382,2,-2,-135
1767173137.4502382,4,-1,-125
1767173137.4602382,3,-2,-125
1767173137.4702382,-3,-2,-124
1767173137.4802382,-1,-6,-118
1767173137.4902382,0,-7,-124
1767173137.5002382,1,-9,-121
1767173137.5102382,2,-5,-111
1767173137.5202382,8,-1,-120
1767173137.5302382,5,-3,-123
1767173137.540238,2,0,-126
1767173137.550238,0,-1,-118
1767173137.560238,0,-1,-121
1767173137.570238,2,-3,-120
1767173137.580238,0,-1,-124
1767173137.590238,0,-2,-123
1767173137.600238,0,-10,-131
1767173137.610238,0,-5,-132
1767173137.620238,2,-5,-134
1767173137.630238,0,-7,-129
1767173137.640238,3,-8,-132
1767173137.650238,2,-6,-124
1767173137.6602385,0,-8,-129
1767173137.6702385,3,-3,-127
1767173137.6802382,4,-3,-124
1767173137.6902382,1,0,-127
1767173137.7002382,0,-3,-128
1767173137.7102382,1,-6,-127
1767173137.7202382,2,-2,-132
1767173137.7302382,0,-2,-129
1767173137.7402382,0,-1,-128
1767173137.7502382,0,0,-129
1767173137.7602382,-2,-1,-130
1767173137.7702382,0,2,-131
1767173137.7802382,1,3,-134
1767173137.790238,7,1,-133
1767173137.800238,9,0,-129
1767173137.810238,8,4,-126
1767173137.820238,4,3,-133
1767173137.830238,4,3,-133
1767173137.840238,5,1,-133
1767173137.850238,8,-1,-131
1767173137.860238,4,-3,-130
1767173137.870238,0,0,-127
1767173137.880238,0,-2,-132
1767173137.890238,1,-2,-141
1767173137.900238,2,1,-143
1767173137.9102385,5,0,-141
1767173137.9202385,7,0,-136
1767173137.9302382,4,0,-133
1767173137.9402382,3,-4,-141
1767173137.9502382,6,-6,-143
1767173137.9602382,3,-6,-141
1767173137.9702382,2,-3,-140
1767173137.9802382,1,-3,-141
1767173137.9902382,-1,-3,-141
1767173138.0002382,-4,-2,-147
1767173138.0102382,-1,-3,-146
1767173138.0202382,5,-4,-141
1767173138.0302382,2,-3,-141
1767173138.040238,1,-1,-142
1767173138.050238,-1,-1,-135
1767173138.060238,2,-2,-134
1767173138.070238,2,-5,-138
1767173138.080238,5,-4,-139
1767173138.090238,0,-3,-129
1767173138.100238,-4,-2,-128
1767173138.110238,-6,-4,-125
1767173138.120238,-6,-2,-121
1767173138.130238,-5,-2,-123
1767173138.140238,-9,-1,-131
1767173138.150238,-6,0,-133
1767173138.1602385,-5,0,-135
1767173138.1702385,-5,1,-132
1767173138.1802382,-5,0,-124
1767173138.1902382,-9,0,-128
1767173138.2002382,-8,0,-130
1767173138.2102382,-3,-1,-134
1767173138.2202382,0,0,-133
1767173138.2302382,3,0,-128
1767173138.2402382,4,0,-127
1767173138.2502382,0,0,-126
1767173138.2602382,7,-9,-116
1767173138.2702382,0,-6,-114
1767173138.2802382,-3,-5,-116
1767173138.290238,-4,-6,-123
1767173138.300238,-1,-5,-123
1767173138.310238,-2,-8,-121
1767173138.320238,3,-5,-119
1767173138.330238,3,-3,-123
1767173138.340238,3,-3,-131
1767173138.350238,3,-4,-131
1767173138.360238,3,-3,-134
1767173138.370238,2,-6,-128
1767173138.380238,3,-8,-125
1767173138.390238,4,-4,-124
1767173138.400238,2,-4,-122
1767173138.4102385,6,-4,-119
1767173138.4202385,0,-7,-121
1767173138.4302382,0,-5,-124
1767173138.4402382,2,-4,-129
1767173138.4502382,3,-2,-135
1767173138.4602382,1,-2,-137
1767173138.4702382,-5,-1,-134
1767173138.4802382,-4,-4,-131
1767173138.4902382,-4,-4,-129
1767173138.5002382,-1,-3,-125
1767173138.5102382,0,-3,-116
1767173138.5202382,0,0,-117
1767173138.5302382,0,-1,-123
1767173138.540238,-2,0,-128
1767173138.550238,-4,0,-126
1767173138.560238,-5,-2,-126
1767173138.570238,0,-3,-130
1767173138.580238,-4,-1,-133
1767173138.590238,-4,0,-131
1767173138.600238,-9,0,-127
1767173138.610238,-8,0,-128
1767173138.6212382,-3,-2,-128
1767173138.630238,0,-3,-127
1767173138.640238,1,-2,-134
1767173138.650238,-1,0,-137
1767173138.6602385,-2,3,-136
1767173138.6702385,0,-1,-134
1767173138.6802382,0,-1,-132
1767173138.6902382,-1,0,-127
1767173138.7002382,-1,0,-121
1767173138.7102382,-3,-5,-123
1767173138.7202382,2,-6,-125
1767173138.7302382,-2,-5,-121
1767173138.7402382,-3,-7,-119
1767173138.7502382,-2,-9,-121
1767173138.7602382,-5,-7,-121
1767173138.7702382,-6,-5,-122
1767173138.7802382,-5,-6,-124
1767173138.790238,-4,-7,-123
1767173138.800238,-5,-6,-127
1767173138.810238,-5,-3,-129
1767173138.820238,-10,-2,-130
1767173138.830238,-8,1,-132
1767173138.840238,-2,0,-129
1767173138.850238,2,0,-131
1767173138.860238,1,0,-134
1767173138.870238,0,-2,-132
1767173138.880238,0,-3,-126
1767173138.890238,-2,-4,-121
1767173138.900238,-1,-2,-125
1767173138.9102385,-1,-3,-127
1767173138.9202385,-2,-3,-131
1767173138.9302382,0,-1,-128
1767173138.9402382,1,-2,-133
1767173138.9502382,3,-4,-131
1767173138.9602382,4,-5,-128
1767173138.9702382,1,-3,-128
1767173138.9802382,-1,5,-123
1767173138.9902382,0,5,-125
1767173139.0002382,-3,5,-124
1767173139.0102382,-2,4,-124
1767173139.0202382,-1,5,-126
1767173139.0302382,-3,3,-130
1767173139.040238,-5,0,-134
1767173139.050238,-6,0,-132
1767173139.060238,-7,2,-133
1767173139.070238,0,0,-133
1767173139.080238,2,0,-130
1767173139.090238,3,-2,-136
1767173139.100238,1,-3,-135
1767173139.110238,0,0,-134
1767173139.120238,0,0,-129
1767173139.130238,-1,-4,-126
1767173139.140238,-3,-3,-128
1767173139.150238,-3,-2,-129
1767173139.1602385,-3,-3,-138
1767173139.1702385,-2,-4,-140
1767173139.1802382,-8,-6,-136
1767173139.1902382,-9,-7,-137
1767173139.2002382,-8,-8,-137
1767173139.2102382,-7,-5,-136
1767173139.2202382,-6,0,-131
1767173139.2302382,-3,-1,-130
1767173139.2402382,-2,1,-131
1767173139.2502382,-4,0,-125
1767173139.2602382,-3,0,-129
1767173139.2702382,1,2,-133
1767173139.2802382,2,1,-137
1767173139.290238,1,0,-126
1767173139.300238,-1,0,-127
1767173139.310238,-3,0,-127
1767173139.320238,-6,-6,-136
1767173139.3312385,-9,-8,-143
1767173139.3412385,-6,-9,-139
1767173139.3512385,-8,-6,-135
1767173139.3612382,-10,-9,-132
1767173139.3712382,-12,-7,-127
1767173139.3812382,-7,-3,-135
1767173139.3912382,-6,-4,-147
1767173139.4012382,-9,-3,-145
1767173139.4112382,-11,-7,-147
1767173139.4212382,-10,-5,-141
1767173139.4312382,-3,-3,-143
1767173139.4412382,-4,-3,-145
1767173139.4512382,0,-2,-137
1767173139.461238,-4,-5,-132
1767173139.471238,-5,-6,-131
1767173139.481238,-2,-4,-133
1767173139.491238,0,-2,-133
1767173139.501238,0,-2,-128
1767173139.511238,-3,-4,-131
1767173139.521238,-2,-2,-130
1767173139.531238,-2,-1,-135
1767173139.541238,-6,-2,-132
1767173139.551238,-7,-4,-131
1767173139.561238,-5,-5,-137
1767173139.571238,-1,-2,-131
1767173139.5812385,0,-2,-129
1767173139.5912385,0,-3,-123
1767173139.6012385,3,-1,-117
1767173139.6112382,-1,-1,-122
1767173139.6212382,0,0,-123
1767173139.6312382,0,1,-125
1767173139.6412382,-5,3,-114
1767173139.6512382,-2,2,-115
1767173139.6612382,2,4,-121
1767173139.6712382,0,1,-126
1767173139.6812382,2,4,-126
1767173139.6912382,1,0,-133
1767173139.7012382,0,-3,-142
1767173139.711238,-2,-4,-141
1767173139.721238,-2,-8,-140
1767173139.731238,-7,-11,-139
1767173139.741238,-6,-8,-136
1767173139.751238,-1,-7,-134
1767173139.761238,0,-2,-136
1767173139.771238,-5,-2,-141
1767173139.781238,-6,-5,-137
1767173139.791238,-3,-7,-133
1767173139.801238,0,-7,-130
1767173139.811238,0,-5,-134
1767173139.821238,1,-10,-136
1767173139.8312385,4,-9,-137
1767173139.8412385,1,-5,-134
1767173139.8512385,1,-3,-128
1767173139.8612382,2,-1,-126
1767173139.8712382,0,-3,-127
1767173139.8812382,3,-1,-131
1767173139.8912382,0,-2,-128
1767173139.9012382,-1,0,-131
1767173139.9112382,0,0,-135
1767173139.9212382,2,0,-135
1767173139.9312382,2,-1,-136
1767173139.9412382,0,-3,-137
1767173139.9512382,2,-6,-140
1767173139.961238,3,-1,-138
1767173139.971238,0,0,-136
1767173139.981238,-1,0,-133
1767173139.991238,2,-2,-128
1767173140.001238,6,-1,-131
1767173140.011238,2,-3,-129
1767173140.021238,-2,-5,-134
1767173140.031238,-3,-4,-134
1767173140.041238,0,-6,-132
1767173140.051238,0,-3,-129
1767173140.061238,-5,-4,-128
1767173140.071238,-4,0,-132
1767173140.0812385,1,1,-130
1767173140.103238,0,2,-130
1767173140.1112382,-5,5,-127
1767173140.1212382,-6,3,-124
1767173140.1312382,-5,3,-127
1767173140.1412382,0,0,-132
1767173140.1512382,2,-1,-129
1767173140.1612382,2,0,-122
1767173140.1712382,0,2,-122
1767173140.1812382,0,0,-124
1767173140.1912382,1,1,-124
1767173140.2012382,8,0,-126
1767173140.211238,8,0,-127
1767173140.221238,3,1,-131
1767173140.231238,3,0,-130
1767173140.241238,0,0,-132
1767173140.251238,-5,0,-131
1767173140.261238,-8,1,-139
1767173140.271238,-9,2,-134
1767173140.281238,-11,0,-138
1767173140.291238,-6,0,-139
1767173140.301238,-5,-2,-140
1767173140.311238,-3,-1,-132
1767173140.321238,2,-3,-127
1767173140.3312385,4,-1,-125
1767173140.3412385,3,2,-126
1767173140.3512385,-2,0,-131
1767173140.3612382,-4,-3,-139
1767173140.3712382,-6,-6,-136
1767173140.3812382,-6,-3,-127
1767173140.3912382,0,0,-129
1767173140.4012382,0,0,-127
1767173140.4112382,0,0,-129
1767173140.4212382,3,-1,-133
1767173140.4312382,-1,-2,-134
1767173140.4412382,-4,-1,-134
1767173140.4512382,-5,-4,-134
1767173140.461238,-1,-5,-131
1767173140.471238,-2,-6,-130
1767173140.481238,-2,-4,-122
1767173140.491238,-1,-2,-121
1767173140.501238,-3,0,-118
1767173140.511238,1,1,-127
1767173140.521238,1,1,-128
1767173140.531238,-1,4,-129
1767173140.541238,-3,0,-130
1767173140.551238,0,0,-131
1767173140.561238,0,2,-126
1767173140.571238,-4,2,-136
1767173140.5812385,-2,2,-141
1767173140.5912385,-2,1,-143
1767173140.6012385,-4,-1,-137
1767173140.6112382,-5,-4,-136
1767173140.6212382,-5,-3,-139
1767173140.6312382,-4,-2,-134
1767173140.6412382,-1,-1,-126
1767173140.6512382,0,0,-124
1767173140.6612382,-4,1,-129
1767173140.6712382,-2,5,-132
1767173140.6812382,-3,2,-132
1767173140.6912382,-1,0,-127
1767173140.7012382,0,3,-124
1767173140.711238,-1,5,-122
1767173140.721238,-1,3,-120
1767173140.731238,-1,3,-125
1767173140.741238,-6,6,-124
1767173140.751238,-8,7,-124
1767173140.761238,-2,2,-126
1767173140.771238,-4,-2,-128
1767173140.781238,-2,-3,-130
1767173140.791238,-8,-6,-130
1767173140.801238,-6,-5,-129
1767173140.811238,-8,-5,-130
1767173140.821238,-5,-5,-140
1767173140.8312385,-4,-3,-132
1767173140.8412385,-6,-3,-129
1767173140.8512385,-5,-6,-127
1767173140.8612382,-2,-5,-123
1767173140.8712382,-1,-6,-127
1767173140.8812382,0,-5,-126
1767173140.8912382,2,-3,-131
1767173140.9012382,-2,1,-132
1767173140.9112382,0,2,-132
1767173140.9212382,0,3,-137
1767173140.9312382,-2,3,-137
1767173140.9412382,0,4,-139
1767173140.9512382,1,3,-136
1767173140.961238,0,5,-129
1767173140.971238,-1,-3,-122
1767173140.981238,-5,-6,-129
1767173140.991238,-3,-8,-134
1767173141.001238,-4,-7,-136
1767173141.011238,-2,-10,-137
1767173141.021238,-1,-7,-140
1767173141.031238,-1,-4,-138
1767173141.041238,-1,-2,-141
1767173141.051238,0,-3,-137
1767173141.061238,4,-2,-137
1767173141.071238,3,-3,-141
1767173141.0812385,5,0,-132
1767173141.0912385,1,-1,-128
1767173141.1012385,0,-3,-127
1767173141.1112382,-1,-3,-127
1767173141.1212382,0,-1,-137
1767173141.1312382,1,0,-137
1767173141.1412382,0,0,-133
1767173141.1512382,-2,0,-134
1767173141.1612382,0,0,-137
1767173141.1712382,1,0,-137
1767173141.1812382,2,1,-137
1767173141.1912382,2,1,-136
1767173141.2012382,-2,0,-137
1767173141.211238,-4,0,-139
1767173141.221238,-4,1,-139
1767173141.231238,-1,-1,-138
1767173141.241238,-3,0,-131
1767173141.251238,2,-2,-130
1767173141.261238,2,-1,-135
1767173141.271238,3,0,-129
1767173141.281238,3,0,-125
1767173141.291238,0,-3,-128
1767173141.301238,-1,-3,-124
1767173141.311238,-5,-1,-124
1767173141.321238,-8,-2,-126
1767173141.3312385,-4,-3,-129
1767173141.3412385,-4,-4,-135
1767173141.3512385,-3,0,-135
1767173141.3612382,-1,-2,-136
1767173141.3712382,-1,-1,-136
1767173141.3812382,-2,2,-144
1767173141.3912382,-2,0,-139
1767173141.4012382,-3,2,-134
1767173141.4112382,-3,3,-125
1767173141.4212382,0,3,-125
1767173141.4312382,-3,5,-125
1767173141.4412382,-6,4,-122
1767173141.4512382,-4,3,-127
1767173141.461238,-1,2,-129
1767173141.471238,-1,-1,-128
1767173141.481238,0,-4,-132
1767173141.491238,-4,-6,-128
1767173141.501238,-4,-5,-129
1767173141.511238,-3,-4,-129
1767173141.521238,0,-3,-122
1767173141.531238,3,-4,-115
1767173141.541238,3,-3,-121
1767173141.551238,0,0,-123
1767173141.561238,-1,-2,-124
1767173141.571238,-3,-1,-120
1767173141.5812385,-2,0,-124
1767173141.5912385,-2,3,-131
1767173141.6012385,-2,5,-132
1767173141.6112382,-4,3,-134
1767173141.6212382,-6,3,-130
1767173141.6312382,-4,-1,-124
1767173141.6412382,-4,-2,-125
1767173141.6512382,-3,-1,-125
1767173141.6612382,-6,-3,-118
1767173141.6712382,-2,-4,-117
1767173141.6812382,-2,-5,-125
1767173141.6912382,0,-9,-127
1767173141.7012382,1,-9,-131
1767173141.711238,1,-5,-131
1767173141.721238,3,-5,-134
1767173141.731238,0,-8,-128
1767173141.741238,-4,-9,-124
1767173141.751238,-4,-7,-122
1767173141.761238,-3,-5,-124
1767173141.771238,-1,-6,-127
1767173141.781238,-1,-3,-122
1767173141.791238,0,-4,-121
1767173141.801238,2,0,-125
1767173141.811238,3,-1,-128
1767173141.821238,-4,-3,-136
1767173141.8312385,-1,-4,-137
1767173141.8412385,0,-5,-137
1767173141.8512385,0,-4,-134
1767173141.8612382,-2,-2,-128
1767173141.8712382,0,-1,-124
1767173141.8812382,-1,-2,-121
1767173141.8912382,1,-1,-118
1767173141.9012382,-2,-1,-115
1767173141.9112382,-3,-1,-122
1767173141.9212382,-3,-4,-127
1767173141.9312382,-3,-5,-131
1767173141.9412382,1,-3,-125
1767173141.9512382,4,-4,-123
1767173141.962238,1,-1,-123
1767173141.972238,1,-1,-128
1767173141.982238,0,-1,-132
1767173141.992238,-3,-3,-134
1767173142.002238,-1,-3,-135
1767173142.0122385,-1,-2,-141
1767173142.0222385,-2,-6,-140
1767173142.0322382,-3,-5,-141
1767173142.0422382,-1,-2,-137
1767173142.0522382,0,3,-136
1767173142.0622382,-1,9,-130
1767173142.0722382,-4,4,-136
1767173142.0822382,0,-1,-132
1767173142.0922382,0,-5,-134
1767173142.1022382,4,-8,-137
1767173142.1122382,2,-5,-139
1767173142.1222382,2,-4,-139
1767173142.132238,-2,-3,-138
1767173142.142238,-3,-5,-133
1767173142.152238,-6,-6,-131
1767173142.162238,1,-6,-133
1767173142.172238,-2,-8,-136
1767173142.182238,-5,-3,-130
1767173142.192238,-4,-4,-135
1767173142.202238,-4,0,-134
1767173142.212238,1,2,-128
1767173142.222238,7,-1,-126
1767173142.232238,9,0,-133
1767173142.242238,5,-4,-138
1767173142.252238,5,-1,-136
1767173142.2622385,3,-3,-134
1767173142.2722385,0,-2,-135
1767173142.2822382,-2,-2,-129
1767173142.2922382,-2,-2,-130
1767173142.3022382,-2,-4,-129
1767173142.3122382,0,-2,-127
1767173142.3222382,-2,0,-126
1767173142.3322382,-6,-1,-123
1767173142.3422382,-3,-1,-125
1767173142.3522382,0,-1,-122
1767173142.3622382,2,0,-122
1767173142.3722382,0,-2,-119
1767173142.382238,3,-3,-121
1767173142.392238,3,-5,-123
1767173142.402238,3,-3,-131
1767173142.412238,4,0,-129
1767173142.422238,4,0,-124
1767173142.432238,3,0,-126
1767173142.442238,3,0,-130
1767173142.452238,5,1,-137
1767173142.462238,7,2,-134
1767173142.472238,2,-1,-139
1767173142.482238,-6,0,-144
1767173142.492238,-11,0,-139
1767173142.502238,-12,-2,-138
1767173142.5122385,-13,-3,-136
1767173142.5222385,-11,0,-132
1767173142.5322382,-3,0,-134
1767173142.5422382,0,2,-132
1767173142.5522382,0,3,-134
1767173142.5622382,1,0,-134
1767173142.5722382,-2,0,-131
1767173142.5822382,-4,3,-136
1767173142.5922382,-4,2,-137
1767173142.6022382,-2,-1,-141
1767173142.6122382,0,0,-138
1767173142.6222382,0,4,-136
1767173142.632238,1,2,-133
1767173142.642238,2,3,-137
1767173142.652238,0,0,-131
1767173142.662238,0,-1,-129
1767173142.672238,-1,-3,-135
1767173142.682238,-5,-4,-140
1767173142.692238,0,-7,-136
1767173142.702238,1,-7,-131
1767173142.712238,3,-8,-122
1767173142.722238,7,-6,-127
1767173142.732238,3,-5,-124
1767173142.742238,4,-5,-123
1767173142.752238,4,-1,-126
1767173142.7622385,5,2,-130
1767173142.7722385,5,0,-129
1767173142.7822382,1,-3,-133
1767173142.7922382,1,-4,-138
1767173142.8022382,6,-4,-136
1767173142.8122382,6,-6,-133
1767173142.8222382,6,-8,-129
1767173142.8322382,2,-8,-129
1767173142.8422382,2,-5,-128
1767173142.8522382,3,-5,-129
1767173142.8622382,1,-9,-127
1767173142.8722382,-1,-9,-126
1767173142.882238,0,-7,-128
1767173142.892238,0,-4,-124
1767173142.902238,0,-4,-131
1767173142.912238,3,-4,-130
1767173142.922238,4,1,-132
1767173142.932238,3,4,-138
1767173142.942238,2,6,-136
1767173142.952238,4,9,-134
1767173142.962238,3,7,-136
1767173142.972238,4,4,-143
1767173142.982238,8,0,-139
1767173142.992238,6,0,-136
1767173143.002238,6,0,-125
1767173143.0122385,2,4,-123
1767173143.0222385,-2,0,-131
1767173143.0322382,-4,2,-134
1767173143.0422382,-1,3,-133
1767173143.0522382,-3,0,-134
1767173143.0622382,0,-2,-127
1767173143.0722382,-5,0,-132
1767173143.0822382,-6,0,-133
1767173143.0922382,-4,0,-132
1767173143.1022382,-4,-3,-128
1767173143.1122382,-3,-1,-121
1767173143.1222382,-5,0,-128
1767173143.132238,-7,0,-122
1767173143.142238,-7,0,-122
1767173143.152238,-7,-4,-126
1767173143.162238,-3,-1,-130
1767173143.172238,0,0,-128
1767173143.182238,2,-1,-125
1767173143.192238,1,0,-130
1767173143.202238,-1,1,-124
1767173143.212238,-1,0,-119
1767173143.222238,0,2,-128
1767173143.232238,0,3,-128
1767173143.242238,0,0,-132
1767173143.252238,3,0,-134
1767173143.2622385,4,1,-133
1767173143.2722385,1,2,-135
1767173143.2822382,0,2,-133
1767173143.2922382,0,0,-138
1767173143.3022382,0,1,-136
1767173143.3122382,-3,-1,-142
1767173143.3222382,-2,-5,-140
1767173143.3322382,-4,-9,-147
1767173143.3422382,-5,-8,-144
1767173143.3522382,-3,-4,-138
1767173143.3622382,-2,-6,-134
1767173143.3722382,-7,-2,-135
1767173143.382238,-2,-2,-137
1767173143.392238,0,-2,-137
1767173143.402238,1,-4,-141
1767173143.412238,0,-7,-139
1767173143.422238,0,-2,-135
1767173143.432238,0,-1,-129
1767173143.442238,-3,-5,-132
1767173143.452238,-5,-3,-132
1767173143.462238,-11,-5,-131
1767173143.472238,-12,-5,-133
1767173143.482238,-10,-5,-142
1767173143.492238,-7,-3,-134
1767173143.502238,-6,-4,-133
1767173143.5122385,-6,-7,-132
1767173143.5222385,-2,-8,-129
1767173143.5322382,-3,-8,-133
1767173143.5422382,-3,-10,-135
1767173143.5522382,-3,-7,-131
1767173143.5622382,-5,-9,-133
1767173143.5722382,-6,-2,-137
1767173143.5822382,-2,0,-137
1767173143.5922382,-2,3,-133
1767173143.6022382,-2,0,-126
1767173143.6122382,4,2,-130
1767173143.6222382,4,-1,-132
1767173143.632238,-3,-2,-132
1767173143.642238,-6,0,-128
1767173143.652238,-6,-3,-128
1767173143.662238,-4,-2,-127
1767173143.672238,-1,-1,-131
1767173143.682238,-2,0,-134
1767173143.692238,-8,3,-134
1767173143.702238,-8,-1,-133
1767173143.712238,-9,-4,-136
1767173143.722238,-3,-7,-134
1767173143.732238,-4,-5,-129
1767173143.742238,-3,-5,-136
1767173143.752238,-3,-10,-140
1767173143.7622385,-8,-15,-139
1767173143.7722385,-5,-17,-131
1767173143.7822382,1,-13,-127
1767173143.7922382,0,-11,-127
1767173143.8022382,5,-13,-125
1767173143.8122382,5,-10,-124
1767173143.8222382,5,-6,-124
1767173143.8322382,2,-7,-121
1767173143.8422382,0,-11,-125
1767173143.8522382,-2,-10,-128
1767173143.8622382,0,-9,-132
1767173143.8722382,5,-8,-133
1767173143.882238,5,-8,-136
1767173143.892238,1,-6,-142
1767173143.902238,3,-9,-141
1767173143.912238,4,-6,-141
1767173143.922238,7,-9,-137
1767173143.932238,5,-6,-134
1767173143.942238,2,-3,-137
1767173143.952238,2,1,-139
1767173143.962238,4,0,-136
1767173143.972238,1,-2,-137
1767173143.982238,0,0,-141
1767173143.992238,-1,0,-146
1767173144.002238,-1,2,-143
1767173144.0122385,-1,3,-143
1767173144.0222385,-2,0,-150
1767173144.0322382,-4,-1,-151
1767173144.0422382,-4,0,-146
1767173144.0522382,5,0,-145
1767173144.0622382,4,0,-140
1767173144.0722382,1,0,-138
1767173144.0822382,1,1,-136
1767173144.0922382,3,-1,-132
1767173144.1022382,1,-3,-124
1767173144.1122382,0,-5,-123
1767173144.1222382,0,-6,-124
1767173144.132238,-2,-4,-126
1767173144.142238,0,-5,-131
1767173144.152238,2,-5,-130
1767173144.162238,2,-5,-127
1767173144.172238,6,-4,-123
1767173144.182238,2,-5,-116
1767173144.192238,3,-2,-116
1767173144.202238,3,-5,-115
1767173144.212238,0,-7,-121
1767173144.222238,3,-7,-128
1767173144.232238,5,-7,-131
1767173144.242238,7,-5,-135
1767173144.252238,7,-5,-131
1767173144.2622385,5,-8,-128
1767173144.2722385,4,-3,-132
1767173144.2822382,3,0,-135
1767173144.2922382,5,-3,-129
1767173144.3022382,4,-1,-129
1767173144.3122382,5,1,-132
1767173144.3222382,2,4,-124
1767173144.3322382,3,2,-133
1767173144.3422382,-1,2,-135
1767173144.3522382,-3,-1,-133
1767173144.3622382,0,0,-127
1767173144.3722382,4,-2,-122
1767173144.382238,1,-3,-118
1767173144.392238,4,-5,-118
1767173144.402238,5,-4,-116
1767173144.412238,5,0,-116
1767173144.422238,3,0,-113
1767173144.432238,5,5,-120
1767173144.442238,6,8,-122
1767173144.452238,0,6,-127
1767173144.462238,1,6,-128
1767173144.472238,0,4,-129
1767173144.482238,-1,5,-134
1767173144.492238,-3,4,-132
1767173144.502238,1,1,-127
1767173144.5122385,0,1,-128
1767173144.5222385,-2,3,-136
1767173144.5322382,-4,1,-137
1767173144.5422382,-2,1,-130
1767173144.5522382,-3,-1,-131
1767173144.563238,-6,-4,-133
1767173144.5722382,-9,0,-134
1767173144.5822382,-13,3,-128
1767173144.5922382,-15,2,-128
1767173144.6022382,-14,3,-128
1767173144.6122382,-12,3,-122
1767173144.623238,-12,2,-124
1767173144.633238,-9,2,-124
1767173144.643238,-5,1,-125
1767173144.653238,-1,2,-125
1767173144.663238,0,0,-122
1767173144.673238,4,-2,-130
1767173144.6832385,4,-2,-136
1767173144.6932385,0,-3,-136
1767173144.7032382,-1,-6,-133
1767173144.7132382,-4,-5,-141
1767173144.7232382,-2,-9,-140
1767173144.7332382,-2,-9,-139
1767173144.7432382,1,-7,-136
1767173144.7532382,6,-9,-130
1767173144.7632382,2,-8,-129
1767173144.7732382,-1,-3,-133
1767173144.7832382,0,-2,-137
1767173144.7932382,-1,-2,-132
1767173144.8032382,-5,1,-129
1767173144.813238,-4,0,-138
1767173144.823238,-4,-2,-141
1767173144.833238,-3,-4,-143
1767173144.843238,-5,-1,-135
1767173144.853238,-7,0,-127
1767173144.863238,-4,2,-131
1767173144.873238,2,-1,-129
1767173144.883238,3,0,-127
1767173144.893238,-1,2,-126
1767173144.903238,-1,2,-132
1767173144.913238,0,0,-125
1767173144.923238,0,0,-125
1767173144.9332385,-6,0,-124
1767173144.9432385,1,0,-120
1767173144.9532382,2,-2,-122
1767173144.9632382,2,-2,-122
1767173144.9732382,-1,-3,-124
1767173144.9832382,-1,-2,-128
1767173144.9932382,-2,-2,-127
1767173145.0032382,-3,1,-131
1767173145.0132382,-1,0,-129
1767173145.0232382,1,0,-124
1767173145.0332382,1,-2,-123
1767173145.0432382,-1,-2,-122
1767173145.0532382,-1,-4,-122
1767173145.063238,-3,-4,-125
1767173145.073238,-2,-5,-127
1767173145.083238,1,-9,-125
1767173145.093238,0,-8,-125
1767173145.1142385,2,-8,-137
1767173145.123238,0,-8,-140
1767173145.133238,-1,-8,-138
1767173145.143238,-3,-7,-137
1767173145.153238,-6,-9,-140
1767173145.163238,-6,-6,-141
1767173145.173238,-8,-7,-140
1767173145.1832385,-6,-5,-143
1767173145.1932385,-3,-1,-134
1767173145.2032382,-5,0,-128
1767173145.2132382,-5,-1,-123
1767173145.2232382,-3,-3,-129
1767173145.2332382,-7,0,-133
1767173145.2432382,-4,1,-132
1767173145.2532382,-4,1,-132
1767173145.2632382,0,-3,-133
1767173145.2732382,2,0,-129
1767173145.2832382,3,-2,-121
1767173145.2932382,5,-4,-124
1767173145.3032382,4,-8,-135
1767173145.313238,1,-5,-136
1767173145.323238,-1,-3,-141
1767173145.333238,0,-1,-137
1767173145.343238,-1,4,-142
1767173145.353238,3,2,-138
1767173145.363238,4,1,-133
1767173145.373238,2,3,-134
1767173145.383238,2,-4,-137
1767173145.393238,2,-4,-135
1767173145.403238,7,-1,-134
1767173145.413238,2,-1,-129
1767173145.423238,1,-3,-125
1767173145.4332385,-1,0,-123
1767173145.4432385,0,0,-122
1767173145.4532382,-1,-2,-120
1767173145.4632382,-3,-1,-125
1767173145.4732382,-3,0,-126
1767173145.4832382,-2,2,-130
1767173145.4932382,-2,-4,-132
1767173145.5032382,1,-1,-141
1767173145.5132382,5,2,-137
1767173145.5232382,5,2,-138
1767173145.5332382,3,1,-137
1767173145.5432382,-1,0,-124
1767173145.5532382,-5,1,-129
1767173145.563238,0,0,-134
1767173145.573238,5,1,-132
1767173145.583238,2,-1,-128
1767173145.593238,-3,1,-129
1767173145.603238,-1,3,-129
1767173145.613238,-3,2,-130
1767173145.623238,-7,5,-137
1767173145.633238,-7,3,-139
1767173145.643238,-3,0,-136
1767173145.653238,0,2,-135
1767173145.663238,-1,-1,-133
1767173145.673238,-2,0,-134
1767173145.6832385,-5,-2,-133
1767173145.6932385,-2,0,-127
1767173145.7032382,0,1,-121
1767173145.7132382,-3,-1,-120
1767173145.7232382,-1,-1,-124
1767173145.7332382,5,-2,-121
1767173145.7432382,3,0,-123
1767173145.7532382,-1,2,-114
1767173145.7632382,-2,2,-115
1767173145.7732382,-2,1,-114
1767173145.7832382,-6,5,-114
1767173145.7932382,-7,7,-119
1767173145.8032382,-10,6,-125
1767173145.813238,-12,6,-132
1767173145.823238,-8,8,-133
1767173145.833238,-3,5,-128
1767173145.843238,-3,3,-133
1767173145.853238,-2,0,-139
1767173145.863238,3,1,-138
1767173145.873238,0,1,-134
1767173145.883238,-2,2,-129
1767173145.893238,3,0,-128
1767173145.903238,1,-4,-128
1767173145.913238,0,-5,-126
1767173145.923238,-3,-4,-130
1767173145.9332385,3,0,-130
1767173145.9432385,0,-1,-131
1767173145.9532382,-2,-3,-136
1767173145.9632382,0,-2,-136
1767173145.9732382,0,1,-138
1767173145.9832382,-2,1,-125
1767173145.994238,-2,2,-123
1767173146.0032382,-1,0,-130
1767173146.0132382,-1,-1,-135
1767173146.0232382,0,0,-140
1767173146.0332382,-1,0,-141
1767173146.0432382,-2,-1,-137
1767173146.0532382,-6,-3,-142
1767173146.063238,-4,0,-149
1767173146.073238,-4,0,-144
1767173146.083238,-4,-2,-135
1767173146.093238,-2,-1,-133
1767173146.103238,-1,1,-125
1767173146.113238,2,3,-130
1767173146.123238,0,6,-126
1767173146.133238,3,4,-127
1767173146.143238,1,7,-121
1767173146.153238,-3,0,-120
1767173146.163238,-2,-2,-116
1767173146.173238,-1,-5,-115
1767173146.1832385,3,-7,-122
1767173146.1932385,4,-6,-118
1767173146.2032382,3,-8,-124
1767173146.2132382,3,-5,-131
1767173146.2232382,2,-1,-133
1767173146.2332382,5,-1,-127
1767173146.2432382,3,-2,-124
1767173146.2532382,3,-4,-126
1767173146.2632382,4,-1,-126
1767173146.2732382,1,-2,-125
1767173146.2832382,-1,-1,-124
1767173146.2932382,-3,3,-123
1767173146.3032382,-2,4,-128
1767173146.313238,0,0,-123
1767173146.323238,0,-5,-125
1767173146.333238,-1,-8,-121
1767173146.343238,-2,-5,-119
1767173146.353238,-6,-2,-123
1767173146.363238,-6,2,-118
1767173146.373238,-5,-1,-119
1767173146.383238,-1,-1,-127
1767173146.393238,0,-2,-125
1767173146.403238,-2,-4,-129
1767173146.413238,-4,-4,-121
1767173146.423238,-5,-5,-122
1767173146.4332385,-1,-1,-127
1767173146.4432385,-5,0,-126
1767173146.4532382,-3,3,-129
1767173146.4632382,-5,0,-138
1767173146.4732382,-12,-4,-140
1767173146.4832382,-9,0,-128
1767173146.4932382,-9,-2,-129
1767173146.5032382,-12,-2,-133
1767173146.5132382,-9,0,-132
1767173146.5232382,-5,-2,-133
1767173146.5332382,-3,-2,-132
1767173146.5432382,0,2,-136
1767173146.5532382,2,3,-132
1767173146.563238,1,3,-132
1767173146.573238,3,4,-133
1767173146.583238,4,0,-134
1767173146.593238,3,-4,-133
1767173146.603238,8,-6,-132
1767173146.613238,4,-5,-123
1767173146.623238,1,-7,-117
1767173146.633238,-5,-2,-119
1767173146.643238,-7,0,-114
1767173146.653238,-6,-1,-115
1767173146.663238,-4,-3,-119
1767173146.673238,-6,0,-120
1767173146.6832385,1,-1,-130
1767173146.6932385,5,0,-133
1767173146.7032382,4,-2,-131
1767173146.7132382,3,-5,-128
1767173146.7232382,6,-4,-126
1767173146.7332382,8,-1,-129
1767173146.7432382,7,1,-127
1767173146.7532382,10,1,-133
1767173146.7632382,4,3,-131
1767173146.7732382,4,6,-128
1767173146.7832382,0,4,-127
1767173146.7932382,0,3,-130
1767173146.8032382,-1,2,-125
1767173146.813238,0,4,-126
1767173146.823238,-5,4,-128
1767173146.833238,-3,3,-134
1767173146.843238,-5,1,-133
1767173146.853238,-4,3,-127
1767173146.863238,-4,0,-128
1767173146.873238,-7,2,-125
1767173146.883238,-10,2,-124
1767173146.893238,-7,3,-129
1767173146.903238,-7,0,-129
1767173146.913238,-5,-1,-133
1767173146.923238,-6,-7,-137
1767173146.9332385,-7,-2,-140
1767173146.9432385,-5,-3,-135
1767173146.9532382,0,-5,-131
1767173146.9632382,0,-7,-133
1767173146.9732382,2,-7,-124
1767173146.9832382,-1,-6,-128
1767173146.9932382,-1,-6,-133
1767173147.0032382,0,-4,-132
1767173147.0132382,0,-2,-132
1767173147.0232382,0,-4,-130
1767173147.0332382,3,-3,-128
1767173147.0432382,3,-5,-130
1767173147.0532382,3,-5,-137
1767173147.063238,1,-5,-134
1767173147.073238,1,-7,-129
1767173147.083238,3,-9,-127
1767173147.093238,1,-9,-126
1767173147.103238,6,-3,-130
1767173147.113238,7,0,-122
1767173147.123238,5,5,-122
1767173147.133238,4,7,-125
1767173147.143238,2,4,-124
1767173147.153238,0,0,-127
1767173147.1642382,0,-1,-129
1767173147.173238,-1,0,-128
1767173147.1832385,0,-3,-126
1767173147.1932385,0,-5,-125
1767173147.2042382,0,-3,-125
1767173147.2142382,-4,-5,-125
1767173147.2242382,-4,-4,-122
1767173147.2332382,-5,-7,-124
1767173147.244238,-7,-9,-118
1767173147.254238,-2,-9,-119
1767173147.264238,5,-8,-116
1767173147.274238,7,-7,-113
1767173147.2832382,3,-2,-118
1767173147.294238,0,-1,-130
1767173147.304238,0,-4,-129
1767173147.314238,4,-4,-131
1767173147.324238,6,-2,-133
1767173147.334238,7,-6,-143
1767173147.344238,11,-6,-134
1767173147.3542385,11,-5,-129
1767173147.3642385,7,0,-127
1767173147.3742385,8,-2,-125
1767173147.3842382,5,-4,-124
1767173147.3942382,4,-6,-128
1767173147.4042382,2,-5,-124
1767173147.4142382,0,-4,-126
1767173147.4242382,1,-5,-127
1767173147.4342382,5,-6,-129
1767173147.4442382,0,-5,-127
1767173147.4542382,0,-2,-122
1767173147.4642382,-4,0,-121
1767173147.4742382,-5,2,-126
1767173147.484238,-8,2,-132
1767173147.494238,-8,6,-126
1767173147.504238,-8,5,-123
1767173147.514238,-9,5,-124
1767173147.524238,-7,4,-125
1767173147.534238,-7,7,-125
1767173147.544238,-8,9,-128
1767173147.554238,-5,6,-126
1767173147.564238,2,5,-121
1767173147.574238,-1,1,-122
1767173147.584238,0,2,-122
1767173147.594238,1,1,-121
1767173147.6042385,-1,1,-120
1767173147.6142385,3,-2,-121
1767173147.6242385,4,-4,-119
1767173147.6342382,3,-1,-122
1767173147.6442382,0,-2,-127
1767173147.6542382,-1,-2,-127
1767173147.6642382,1,-2,-120
1767173147.6742382,2,0,-124
1767173147.6842382,1,-2,-126
1767173147.6942382,3,1,-123
1767173147.7042382,1,1,-122
1767173147.7142382,0,2,-131
1767173147.7242382,-3,-1,-137
1767173147.734238,-4,0,-135
1767173147.744238,-3,4,-132
1767173147.754238,-3,1,-133
1767173147.764238,-6,3,-128
1767173147.774238,-6,0,-127
1767173147.784238,-5,-1,-122
1767173147.794238,0,-5,-117
1767173147.804238,3,-5,-121
1767173147.814238,2,-5,-124
1767173147.824238,0,-6,-124
1767173147.834238,0,-5,-128
1767173147.844238,0,-6,-130
1767173147.8542385,-2,-5,-133
1767173147.8642385,0,-1,-129
1767173147.8742385,-1,2,-128
1767173147.8842382,2,4,-127
1767173147.8942382,4,3,-128
1767173147.9042382,0,3,-132
1767173147.9142382,2,4,-135
1767173147.9242382,0,4,-134
1767173147.9342382,-2,2,-135
1767173147.9442382,1,0,-144
1767173147.9542382,-1,-1,-140
1767173147.9642382,-4,2,-140
1767173147.9742382,-3,3,-140
1767173147.984238,-3,0,-134
1767173147.994238,-3,2,-129
1767173148.004238,-5,-2,-130
1767173148.014238,-4,1,-133
1767173148.024238,-2,0,-131
1767173148.034238,-2,-2,-137
1767173148.044238,0,0,-140
1767173148.054238,1,-3,-134
1767173148.064238,-3,-4,-129
1767173148.074238,0,-6,-124
1767173148.084238,0,-3,-126
1767173148.094238,-1,-5,-131
1767173148.1042385,-8,-6,-127
1767173148.1142385,-3,-3,-128
1767173148.1242385,-3,-7,-120
1767173148.1342382,0,-4,-111
1767173148.1442382,-2,-2,-114
1767173148.1542382,0,1,-116
1767173148.1642382,-1,7,-118
1767173148.1742382,-8,7,-123
1767173148.1842382,-6,3,-117
1767173148.1942382,-4,4,-123
1767173148.2042382,0,1,-121
1767173148.2142382,-3,5,-120
1767173148.2242382,-2,5,-122
1767173148.234238,0,7,-128
1767173148.244238,2,6,-135
1767173148.254238,2,0,-136
1767173148.264238,4,3,-138
1767173148.274238,1,1,-138
1767173148.284238,0,0,-140
1767173148.294238,-1,1,-138
1767173148.304238,-3,3,-135
1767173148.314238,-3,2,-134
1767173148.324238,-3,1,-131
1767173148.334238,-3,2,-130
1767173148.344238,0,4,-125
1767173148.3542385,0,3,-130
1767173148.3642385,0,5,-124
1767173148.3742385,0,2,-120
1767173148.3842382,1,2,-122
1767173148.3942382,-3,0,-126
1767173148.4042382,-2,0,-127
1767173148.4142382,-3,1,-127
1767173148.4242382,1,0,-130
1767173148.4342382,2,0,-125
1767173148.4442382,0,-3,-128
1767173148.4542382,0,-2,-135
1767173148.4642382,0,-3,-132
1767173148.4742382,-1,-3,-132
1767173148.484238,-3,-4,-126
1767173148.494238,0,0,-131
1767173148.504238,-3,1,-134
1767173148.514238,-4,1,-133
1767173148.524238,-7,-2,-131
1767173148.534238,-7,0,-126
1767173148.544238,-2,0,-125
1767173148.554238,-4,1,-122
1767173148.564238,-5,-2,-123
1767173148.574238,-2,1,-126
1767173148.584238,0,1,-123
1767173148.594238,1,4,-115
1767173148.6042385,0,4,-114
1767173148.6142385,0,1,-119
1767173148.6242385,-3,0,-126
1767173148.6342382,-2,1,-127
1767173148.6442382,-5,0,-121
1767173148.6542382,-6,-4,-122
1767173148.6642382,-8,-5,-121
1767173148.6742382,-8,-4,-131
1767173148.6842382,-9,-3,-129
1767173148.6942382,-2,-1,-132
1767173148.7042382,0,-1,-134
1767173148.7142382,8,-4,-132
1767173148.7242382,6,-3,-133
1767173148.734238,1,-4,-135
1767173148.744238,-4,-3,-137
1767173148.754238,-1,-3,-134
1767173148.764238,-1,-3,-132
1767173148.774238,-4,-4,-125
1767173148.784238,-1,-2,-124
1767173148.794238,-1,0,-126
1767173148.804238,0,-1,-124
1767173148.814238,4,1,-131
1767173148.824238,2,3,-134
1767173148.834238,4,0,-144
1767173148.844238,4,1,-141
1767173148.8542385,1,4,-143
1767173148.8642385,-1,1,-143
1767173148.8742385,0,0,-142
1767173148.8842382,2,0,-138
1767173148.8942382,9,0,-141
1767173148.9042382,11,1,-133
1767173148.9142382,8,-1,-132
1767173148.9242382,7,-1,-135
1767173148.9342382,6,0,-137
1767173148.9442382,6,3,-136
1767173148.9542382,4,0,-138
1767173148.9642382,0,2,-136
1767173148.9742382,2,1,-134
1767173148.984238,0,0,-142
1767173148.994238,0,0,-141
1767173149.004238,2,-2,-140
1767173149.014238,-1,-4,-130
1767173149.024238,-4,-5,-128
1767173149.034238,-4,-6,-121
1767173149.044238,-4,-7,-124
1767173149.054238,-4,-4,-128
1767173149.064238,-4,-2,-126
1767173149.074238,-3,-5,-125
1767173149.084238,-3,-5,-129
1767173149.094238,-6,-9,-126
1767173149.1042385,-5,-8,-125
1767173149.1142385,-3,-5,-130
1767173149.1242385,-5,-6,-125
1767173149.1342382,-7,2,-126
1767173149.1442382,-5,0,-125
1767173149.1542382,-3,3,-122
1767173149.1642382,-5,2,-127
1767173149.1742382,-4,4,-125
1767173149.1842382,-3,7,-125
1767173149.1942382,-4,2,-114
1767173149.2042382,-6,0,-115
1767173149.2142382,-7,0,-115
1767173149.2242382,-8,1,-119
1767173149.234238,-7,-3,-122
1767173149.244238,-9,-1,-126
1767173149.254238,-8,-1,-126
1767173149.264238,-5,2,-124
1767173149.274238,-6,1,-128
1767173149.284238,-5,6,-119
1767173149.294238,-4,1,-112
1767173149.304238,1,0,-113
1767173149.314238,1,-3,-120
1767173149.324238,6,-6,-119
1767173149.334238,2,-2,-121
1767173149.344238,2,-1,-122
1767173149.3542385,3,-4,-123
1767173149.3642385,5,-3,-125
1767173149.3742385,2,0,-127
1767173149.3842382,-3,0,-132
1767173149.3942382,-3,6,-137
1767173149.4042382,-1,5,-135
1767173149.4142382,1,5,-130
1767173149.4242382,4,5,-122
1767173149.4342382,3,1,-127
1767173149.4442382,1,0,-123
1767173149.4542382,2,-3,-116
1767173149.4642382,0,-3,-117
1767173149.4742382,0,-4,-118
1767173149.484238,0,-4,-114
1767173149.494238,2,-4,-115
1767173149.504238,1,0,-118
1767173149.514238,0,2,-119
1767173149.524238,-2,4,-123
1767173149.534238,-5,4,-126
1767173149.544238,-7,1,-127
1767173149.554238,-4,2,-123
1767173149.564238,-6,1,-120
1767173149.574238,-7,4,-118
1767173149.584238,-6,1,-123
1767173149.594238,-9,0,-124
1767173149.6042385,-7,0,-122
1767173149.6142385,-4,7,-125
1767173149.6242385,-7,1,-125
1767173149.6342382,-7,0,-126
1767173149.6442382,-3,0,-124
1767173149.6542382,0,2,-121
1767173149.6642382,0,4,-115
1767173149.6742382,3,3,-114
1767173149.6842382,2,1,-117
1767173149.6942382,1,-4,-123
1767173149.7042382,0,-2,-125
1767173149.7142382,-3,2,-123
1767173149.7242382,-1,4,-124
1767173149.734238,-4,5,-127
1767173149.744238,-1,4,-127
1767173149.754238,0,2,-126
1767173149.764238,-1,3,-126
1767173149.774238,-3,1,-133
1767173149.784238,-2,4,-132
1767173149.794238,0,1,-136
1767173149.804238,2,-1,-128
1767173149.814238,1,0,-129
1767173149.824238,0,3,-133
1767173149.8352382,0,0,-133
1767173149.844238,-1,-1,-138
1767173149.8552382,-3,-4,-137
1767173149.8652382,0,-4,-136
1767173149.8752382,1,-2,-134
1767173149.8842382,2,-4,-131
1767173149.8952382,1,-2,-132
1767173149.9052382,1,0,-126
1767173149.915238,0,0,-124
1767173149.925238,0,3,-127
1767173149.935238,3,4,-131
1767173149.945238,4,-1,-133
1767173149.955238,1,-1,-131
1767173149.965238,-4,3,-124
1767173149.975238,-6,-1,-127
1767173149.985238,-3,-5,-130
1767173149.995238,-1,-4,-129
1767173150.005238,3,-3,-124
1767173150.015238,6,-6,-123
1767173150.025238,5,-7,-125
1767173150.0352385,4,-10,-126
1767173150.0452385,0,-7,-128
1767173150.0552382,-2,-3,-131
1767173150.0652382,0,-2,-123
1767173150.0752382,0,-2,-120
1767173150.0852382,1,-1,-123
1767173150.0952382,0,-2,-127
1767173150.1052382,0,0,-133
1767173150.127238,1,4,-130
1767173150.1352382,1,0,-127
1767173150.1452382,2,2,-124
1767173150.1552382,3,2,-120
1767173150.165238,2,0,-123
1767173150.175238,0,-1,-124
1767173150.185238,2,-1,-127
1767173150.195238,-2,-4,-124
1767173150.205238,-7,-5,-125
1767173150.215238,-9,-5,-124
1767173150.225238,-7,-4,-126
1767173150.235238,-3,-2,-126
1767173150.245238,-3,1,-133
1767173150.255238,-6,0,-133
1767173150.265238,-6,0,-130
1767173150.275238,-4,0,-131
1767173150.2852385,-1,0,-134
1767173150.2952385,-1,0,-136
1767173150.3052382,0,1,-130
1767173150.3152382,1,-1,-133
1767173150.3252382,6,0,-141
1767173150.3352382,7,5,-138
1767173150.3452382,4,3,-132
1767173150.3552382,1,4,-128
1767173150.3652382,-1,6,-131
1767173150.3752382,-1,7,-135
1767173150.3852382,-1,1,-132
1767173150.3952382,0,0,-127
1767173150.4052382,-2,-1,-124
1767173150.415238,-4,-3,-128
1767173150.425238,-2,-1,-129
1767173150.435238,-4,1,-128
1767173150.445238,-3,0,-128
1767173150.455238,-5,0,-129
1767173150.465238,-1,3,-135
1767173150.475238,1,2,-134
1767173150.485238,1,1,-132
1767173150.495238,-2,3,-130
1767173150.505238,-4,4,-128
1767173150.515238,-4,-1,-128
1767173150.525238,-5,0,-124
1767173150.5352385,-5,0,-126
1767173150.5452385,-4,0,-127
1767173150.5552382,-1,1,-124
1767173150.5652382,2,0,-126
1767173150.5752382,0,-2,-124
1767173150.5852382,0,-1,-124
1767173150.5952382,1,0,-126
1767173150.6052382,3,-2,-122
1767173150.6152382,-2,1,-121
1767173150.6252382,-3,-2,-122
1767173150.6352382,-2,0,-123
1767173150.6452382,-5,0,-117
1767173150.6552382,-5,-2,-120
1767173150.665238,-4,0,-124
1767173150.675238,0,-2,-124
1767173150.685238,0,-5,-124
1767173150.695238,0,-2,-126
1767173150.705238,0,-3,-131
1767173150.715238,2,-4,-133
1767173150.725238,4,-4,-140
1767173150.735238,2,-2,-137
1767173150.745238,3,0,-135
1767173150.755238,0,2,-132
1767173150.765238,-1,1,-126
1767173150.775238,1,0,-125
1767173150.7852385,2,3,-118
1767173150.7952385,3,3,-122
1767173150.8052382,3,1,-122
1767173150.8152382,2,-2,-120
1767173150.8252382,0,-2,-121
1767173150.8352382,1,-4,-122
1767173150.8452382,-5,-7,-123
1767173150.8552382,-4,-6,-125
1767173150.8652382,-5,-9,-128
1767173150.8752382,-2,-6,-125
1767173150.8852382,0,-4,-123
1767173150.8952382,-4,-4,-125
1767173150.9052382,-2,-4,-129
1767173150.915238,-2,-5,-125
1767173150.925238,-3,-3,-119
1767173150.935238,-8,-1,-117
1767173150.945238,-10,-1,-126
1767173150.955238,-6,-4,-129
1767173150.965238,-5,-7,-130
1767173150.975238,-9,-2,-131
1767173150.985238,-10,0,-131
1767173150.995238,-8,1,-134
1767173151.005238,-9,-4,-142
1767173151.015238,-8,-1,-143
1767173151.025238,-14,-1,-140
1767173151.0352385,-12,0,-138
1767173151.0452385,-9,-2,-139
1767173151.0552382,-6,-3,-141
1767173151.0652382,-5,-6,-138
1767173151.0752382,0,-8,-138
1767173151.0852382,-5,-5,-139
1767173151.0952382,-8,-5,-132
1767173151.1052382,-6,-3,-130
1767173151.1152382,-2,-4,-129
1767173151.1252382,0,-3,-132
1767173151.1352382,5,-3,-134
1767173151.1452382,5,-4,-123
1767173151.1552382,6,-2,-124
1767173151.165238,6,-2,-127
1767173151.175238,3,-5,-124
1767173151.185238,1,-8,-128
1767173151.195238,-1,-8,-128
1767173151.205238,0,-8,-132
1767173151.215238,0,-6,-130
1767173151.225238,-2,-6,-123
1767173151.235238,-1,-6,-125
1767173151.245238,-3,-7,-126
1767173151.255238,1,-7,-126
1767173151.265238,3,-2,-129
1767173151.275238,-1,-3,-124
1767173151.2852385,3,-4,-128
1767173151.2952385,3,-4,-133
1767173151.3052382,3,-3,-128
1767173151.3152382,3,1,-126
1767173151.3252382,0,1,-126
1767173151.3352382,-3,0,-135
1767173151.3452382,-6,0,-136
1767173151.3552382,-3,2,-134
1767173151.3652382,-3,0,-134
1767173151.3752382,-2,1,-135
1767173151.3852382,0,-1,-131
1767173151.3952382,3,1,-126
1767173151.4052382,0,6,-127
1767173151.415238,-2,0,-126
1767173151.425238,-1,0,-125
1767173151.435238,-1,1,-124
1767173151.445238,2,2,-128
1767173151.455238,2,0,-129
1767173151.465238,2,1,-125
1767173151.475238,4,0,-130
1767173151.485238,1,-1,-130
1767173151.495238,2,-4,-137
1767173151.505238,0,-2,-131
1767173151.515238,0,-1,-124
1767173151.525238,-3,-1,-133
1767173151.5352385,0,-1,-135
1767173151.5452385,-2,0,-139
1767173151.5552382,0,-3,-137
1767173151.5652382,-3,-7,-130
1767173151.5752382,-7,-7,-131
1767173151.5852382,0,-7,-126
1767173151.5952382,0,-5,-128
1767173151.6052382,1,-5,-129
1767173151.6152382,0,-4,-122
1767173151.6252382,1,-7,-119
1767173151.6352382,-2,-7,-131
1767173151.6452382,-5,-6,-136
1767173151.6552382,-3,-3,-143
1767173151.665238,-2,-3,-145
1767173151.675238,0,-5,-145
1767173151.685238,0,-4,-143
1767173151.695238,0,-1,-140
1767173151.705238,0,-1,-135
1767173151.715238,0,1,-139
1767173151.725238,-2,3,-132
1767173151.735238,-4,4,-134
1767173151.745238,-3,2,-135
1767173151.755238,-5,2,-130
1767173151.765238,-5,1,-133
1767173151.775238,-7,-1,-135
1767173151.7852385,-8,0,-135
1767173151.7952385,-10,-1,-134
1767173151.8052382,-12,-1,-132
1767173151.8152382,-12,-1,-127
1767173151.8252382,-10,0,-128
1767173151.8352382,-7,0,-132
1767173151.8452382,-4,3,-137
1767173151.8552382,-2,7,-140
1767173151.8652382,4,4,-139
1767173151.8752382,4,4,-135
1767173151.8852382,1,0,-135
1767173151.8952382,-1,0,-139
1767173151.9052382,0,0,-130
1767173151.915238,4,5,-129
1767173151.925238,0,2,-126
1767173151.935238,0,4,-126
1767173151.945238,-2,1,-128
1767173151.955238,-2,3,-131
1767173151.965238,-2,1,-124
1767173151.975238,-1,-1,-124
1767173151.985238,0,1,-129
1767173151.995238,0,3,-125
1767173152.005238,-1,4,-123
1767173152.015238,-4,6,-125
1767173152.025238,0,7,-126
1767173152.0352385,4,7,-128
1767173152.0452385,0,6,-130
1767173152.0552382,-3,2,-131
1767173152.0652382,-3,4,-133
1767173152.0752382,-6,1,-134
1767173152.0852382,-6,4,-136
1767173152.0952382,-3,6,-134
1767173152.1052382,-3,0,-133
1767173152.1152382,-1,0,-130
1767173152.1252382,0,0,-129
1767173152.1352382,1,0,-130
1767173152.1452382,0,1,-126
1767173152.1552382,-4,0,-129
1767173152.165238,-5,1,-129
1767173152.175238,-4,3,-121
1767173152.185238,-7,7,-123
1767173152.195238,-6,4,-118
1767173152.205238,-3,3,-117
1767173152.215238,0,3,-117
1767173152.225238,5,0,-116
1767173152.235238,3,2,-117
1767173152.245238,-1,0,-123
1767173152.255238,-4,-4,-123
1767173152.265238,-2,0,-127
1767173152.275238,0,0,-134
1767173152.2852385,4,0,-136
1767173152.2952385,1,-2,-136
1767173152.3052382,0,0,-135
1767173152.3152382,0,-1,-135
1767173152.3252382,-3,-2,-138
1767173152.3352382,-5,0,-131
1767173152.3452382,-2,0,-129
1767173152.3552382,-5,0,-125
1767173152.3652382,-1,-1,-124
1767173152.3752382,0,-2,-121
1767173152.3852382,0,-6,-127
1767173152.3952382,-1,-7,-129
1767173152.4052382,-6,-7,-120
1767173152.415238,-6,-7,-119
1767173152.426238,-3,-6,-122
1767173152.436238,1,-3,-117
1767173152.446238,3,0,-118
1767173152.455238,1,0,-118
1767173152.465238,2,5,-119
1767173152.475238,1,4,-125
1767173152.4862382,0,4,-117
1767173152.4962382,1,5,-119
1767173152.5062382,2,5,-124
1767173152.5162382,0,4,-133
1767173152.5262382,0,0,-128
1767173152.5362382,-1,-3,-128
1767173152.5462382,-6,-5,-128
1767173152.5562382,-4,-6,-130
1767173152.5662382,-3,-6,-126
1767173152.5762382,-2,0,-124
1767173152.586238,1,-2,-131
1767173152.596238,0,-4,-131
1767173152.606238,5,-5,-132
1767173152.616238,8,-6,-136
1767173152.626238,7,-6,-142
1767173152.636238,4,-4,-147
1767173152.646238,7,-4,-147
1767173152.656238,5,-7,-143
1767173152.666238,1,-7,-136
1767173152.676238,0,-3,-136
1767173152.686238,0,-4,-137
1767173152.696238,-3,-2,-132
1767173152.7062385,-6,-3,-133
1767173152.7162385,-7,0,-128
1767173152.7262385,-6,3,-127
1767173152.7362382,-5,-3,-125
1767173152.7462382,-5,-1,-120
1767173152.7562382,-4,2,-117
1767173152.7662382,-6,-1,-123
1767173152.7762382,-6,1,-121
1767173152.7862382,-1,0,-125
1767173152.7962382,-1,1,-122
1767173152.8062382,-3,3,-123
1767173152.8162382,-5,1,-129
1767173152.8262382,-2,-3,-129
1767173152.836238,-3,-5,-130
1767173152.846238,-2,-4,-130
1767173152.856238,-4,-3,-129
1767173152.866238,-4,-1,-127
1767173152.876238,-1,-1,-129
1767173152.886238,0,-1,-126
1767173152.896238,1,-3,-126
1767173152.906238,1,0,-127
1767173152.916238,0,1,-128
1767173152.926238,-3,0,-129
1767173152.936238,-4,-1,-130
1767173152.946238,-3,-3,-129
1767173152.9562385,-5,-5,-131
1767173152.9662385,-6,0,-123
1767173152.9762385,-7,0,-122
1767173152.9862382,-5,-2,-124
1767173152.9962382,-6,-9,-123
1767173153.0062382,-5,-7,-118
1767173153.0162382,-4,-6,-117
1767173153.0262382,-5,-2,-118
1767173153.0362382,-5,-2,-119
1767173153.0462382,-3,0,-124
1767173153.0562382,-4,2,-130
1767173153.0662382,-1,2,-132
1767173153.0762382,0,0,-127
1767173153.086238,2,4,-124
1767173153.096238,1,0,-131
1767173153.106238,1,-2,-129
1767173153.116238,3,-2,-129
1767173153.126238,1,-1,-130
1767173153.136238,1,-3,-128
1767173153.146238,3,0,-129
1767173153.156238,0,-3,-134
1767173153.166238,2,-5,-136
1767173153.176238,0,-4,-136
1767173153.186238,2,-4,-133
1767173153.196238,0,-5,-128
1767173153.2062385,2,-2,-136
1767173153.2162385,0,-2,-133
1767173153.2262385,-4,-6,-137
1767173153.2362382,-3,-7,-132
1767173153.2462382,0,-2,-126
1767173153.2562382,0,-4,-133
1767173153.2662382,2,-6,-138
1767173153.2762382,0,-1,-140
1767173153.2862382,4,-2,-137
1767173153.2962382,4,-3,-135
1767173153.3062382,2,-4,-129
1767173153.3162382,0,-8,-127
1767173153.3262382,1,-5,-124
1767173153.336238,5,-2,-119
1767173153.346238,4,-3,-120
1767173153.356238,5,-4,-122
1767173153.367238,2,-8,-123
1767173153.376238,4,-9,-119
1767173153.386238,7,-8,-126
1767173153.396238,4,-5,-129
1767173153.406238,4,-2,-127
1767173153.416238,4,0,-125
1767173153.426238,5,-3,-123
1767173153.436238,5,-7,-130
1767173153.446238,0,-7,-128
1767173153.4562385,2,-8,-127
1767173153.4662385,2,-3,-126
1767173153.4762385,5,-1,-128
1767173153.4862382,4,-2,-128
1767173153.4962382,2,-6,-123
1767173153.5062382,1,-6,-126
1767173153.5162382,3,-7,-126
1767173153.5262382,-1,-5,-136
1767173153.5362382,-4,-5,-130
1767173153.5462382,-3,-5,-127
1767173153.5562382,-2,-6,-127
1767173153.5662382,-4,-4,-126
1767173153.5762382,-3,2,-128
1767173153.586238,-6,1,-124
1767173153.596238,-5,4,-117
1767173153.606238,-7,4,-120
1767173153.616238,-4,3,-128
1767173153.626238,-3,2,-128
1767173153.636238,-3,4,-129
1767173153.646238,0,3,-133
1767173153.656238,3,3,-131
1767173153.666238,2,1,-137
1767173153.676238,2,0,-137
1767173153.686238,0,0,-132
1767173153.696238,0,-2,-127
1767173153.7062385,0,-7,-121
1767173153.7162385,0,-2,-119
1767173153.7262385,3,-3,-123
1767173153.7362382,4,-1,-128
1767173153.7462382,1,0,-134
1767173153.7562382,0,-1,-133
1767173153.7662382,5,-1,-130
1767173153.7762382,0,-1,-129
1767173153.7862382,-4,-4,-127
1767173153.7962382,-3,-7,-126
1767173153.8062382,1,-9,-129
1767173153.8162382,2,-3,-132
1767173153.8262382,-2,-8,-129
1767173153.836238,1,-11,-132
1767173153.846238,-1,-10,-133
1767173153.856238,-4,-8,-130
1767173153.866238,-1,-9,-132
1767173153.876238,2,-10,-131
1767173153.886238,-1,-8,-131
1767173153.896238,0,-7,-125
1767173153.906238,-1,-2,-123
1767173153.916238,0,-5,-131
1767173153.926238,3,-8,-128
1767173153.936238,3,-6,-123
1767173153.946238,0,-4,-121
1767173153.9562385,-1,-3,-117
1767173153.9662385,-5,0,-126
1767173153.9762385,-7,3,-131
1767173153.9862382,-3,2,-128
1767173153.9962382,0,0,-130
1767173154.0062382,2,1,-133
1767173154.0162382,3,1,-137
1767173154.0262382,3,1,-134
1767173154.0362382,-2,2,-141
1767173154.0462382,-3,0,-137
1767173154.0562382,-7,-3,-132
1767173154.0662382,-8,0,-135
1767173154.0762382,-8,1,-131
1767173154.086238,-6,-2,-131
1767173154.096238,-9,-3,-127
1767173154.106238,-7,-4,-129
1767173154.116238,-3,0,-137
1767173154.126238,-4,0,-140
1767173154.136238,-2,4,-140
1767173154.146238,-6,3,-140
1767173154.156238,-8,0,-134
1767173154.166238,-8,-4,-137
1767173154.176238,-10,-6,-135
1767173154.186238,-7,-2,-131
1767173154.196238,-6,2,-132
1767173154.2062385,0,3,-132
1767173154.2162385,1,2,-136
1767173154.2262385,1,0,-138
1767173154.2362382,3,-2,-139
1767173154.2462382,0,-1,-134
1767173154.2562382,1,5,-139
1767173154.2662382,1,3,-136
1767173154.2762382,1,3,-131
1767173154.2862382,-5,1,-133
1767173154.2962382,-1,0,-130
1767173154.3062382,3,0,-129
1767173154.3162382,5,3,-128
1767173154.3262382,2,0,-128
1767173154.336238,0,0,-127
1767173154.346238,0,-1,-128
1767173154.356238,-7,0,-127
1767173154.366238,-4,-2,-127
1767173154.376238,-5,-4,-130
1767173154.386238,-2,-1,-128
1767173154.396238,-2,0,-123
1767173154.406238,-6,0,-129
1767173154.416238,-4,-2,-130
1767173154.426238,0,-4,-125
1767173154.436238,-5,-5,-124
1767173154.446238,-3,0,-122
1767173154.4562385,-3,0,-123
1767173154.4662385,-5,-3,-128
1767173154.4762385,-4,-4,-135
1767173154.4862382,0,-1,-139
1767173154.4962382,4,0,-133
1767173154.5062382,2,-3,-130
1767173154.5162382,0,-2,-125
1767173154.5262382,0,-6,-126
1767173154.5362382,1,-4,-133
1767173154.5462382,2,-6,-137
1767173154.5562382,-3,0,-137
1767173154.5662382,-2,-1,-145
1767173154.5762382,0,0,-142
1767173154.586238,1,-3,-135
1767173154.596238,1,-5,-123
1767173154.606238,1,-2,-116
1767173154.616238,5,-3,-116
1767173154.626238,0,-3,-119
1767173154.636238,-2,0,-119
1767173154.646238,-3,0,-114
1767173154.656238,-2,3,-116
1767173154.666238,0,4,-118
1767173154.676238,0,4,-120
1767173154.686238,0,2,-115
1767173154.696238,0,0,-124
1767173154.7062385,-1,-3,-128
1767173154.7162385,-3,-6,-121
1767173154.7262385,-2,-5,-121
1767173154.7362382,-4,0,-128
1767173154.7462382,-4,-8,-133
1767173154.7562382,-6,-9,-131
1767173154.7662382,-4,-7,-133
1767173154.7762382,-2,0,-132
1767173154.7862382,-2,2,-126
1767173154.7962382,-2,0,-129
1767173154.8062382,-4,0,-126
1767173154.8162382,-9,-1,-127
1767173154.8262382,-3,0,-123
1767173154.836238,-3,0,-127
1767173154.846238,-4,-3,-126
1767173154.856238,-3,-4,-127
1767173154.866238,-2,-7,-134
1767173154.876238,-1,-6,-125
1767173154.886238,1,-3,-127
1767173154.896238,0,-2,-128
1767173154.906238,4,-5,-124
1767173154.916238,0,-5,-122
1767173154.926238,0,0,-130
1767173154.936238,5,2,-129
1767173154.946238,0,1,-124
1767173154.9562385,-2,-3,-133
1767173154.9662385,3,-4,-130
1767173154.9762385,1,-5,-128
1767173154.9862382,-1,-7,-128
1767173154.9962382,-6,-7,-130
1767173155.0062382,-9,-3,-130
1767173155.0162382,-10,-1,-129
1767173155.0262382,-10,-3,-120
1767173155.037238,-8,-3,-128
1767173155.0462382,-3,0,-125
1767173155.0562382,0,1,-128
1767173155.0662382,-3,0,-127
1767173155.0762382,-3,-2,-121
1767173155.087238,0,-4,-131
1767173155.097238,0,-7,-139
1767173155.107238,-2,-4,-141
1767173155.117238,-2,-2,-136
1767173155.1382382,7,0,-137
1767173155.1472385,7,1,-137
1767173155.1572382,3,1,-138
1767173155.1672382,2,0,-132
1767173155.1772382,7,2,-128
1767173155.1872382,8,2,-122
1767173155.1972382,2,5,-120
1767173155.2072382,0,5,-124
1767173155.2172382,0,1,-122
1767173155.2272382,-1,0,-124
1767173155.2372382,1,0,-118
1767173155.2472382,1,-2,-115
1767173155.257238,2,-3,-122
1767173155.267238,-2,-8,-123
1767173155.277238,1,-3,-121
1767173155.287238,5,0,-127
1767173155.297238,7,1,-132
1767173155.307238,2,1,-126
1767173155.317238,2,2,-129
1767173155.327238,3,3,-128
1767173155.337238,3,0,-125
1767173155.347238,0,1,-125
1767173155.357238,2,1,-127
1767173155.367238,4,2,-133
1767173155.377238,3,4,-134
1767173155.3872385,0,0,-128
1767173155.3972385,0,-2,-128
1767173155.4072382,-2,-3,-124
1767173155.4172382,3,-1,-127
1767173155.4272382,3,-3,-131
1767173155.4372382,0,-3,-132
1767173155.4472382,0,0,-134
1767173155.4572382,-2,0,-136
1767173155.4672382,-6,0,-138
1767173155.4772382,-8,2,-139
1767173155.4872382,-10,0,-137
1767173155.4972382,-9,-3,-134
1767173155.507238,-6,-3,-130
1767173155.517238,-4,0,-124
1767173155.527238,-5,0,-120
1767173155.537238,-4,0,-130
1767173155.547238,-6,-3,-130
1767173155.557238,-2,-5,-131
1767173155.567238,-4,-7,-126
1767173155.577238,-4,-8,-132
1767173155.587238,-6,-5,-130
1767173155.597238,2,-4,-128
1767173155.607238,1,1,-130
1767173155.617238,0,3,-131
1767173155.627238,1,5,-133
1767173155.6372385,0,8,-129
1767173155.6472385,-3,4,-127
1767173155.6572382,0,2,-132
1767173155.6672382,2,0,-128
1767173155.6772382,-1,-3,-122
1767173155.6872382,0,-3,-115
1767173155.6972382,-6,-7,-116
1767173155.7072382,-3,-3,-117
1767173155.7172382,-2,-4,-130
1767173155.7272382,-8,-7,-127
1767173155.7372382,-8,-10,-124
1767173155.7472382,-5,-6,-122
1767173155.757238,-5,-4,-125
1767173155.767238,-5,-4,-125
1767173155.777238,-4,-1,-125
1767173155.787238,-2,-3,-133
1767173155.797238,-1,-1,-134
1767173155.807238,3,0,-129
1767173155.817238,2,0,-126
1767173155.827238,0,1,-129
1767173155.837238,3,3,-123
1767173155.847238,1,2,-123
1767173155.857238,2,0,-125
1767173155.867238,1,-4,-126
1767173155.877238,0,-4,-128
1767173155.8872385,0,-6,-128
1767173155.8972385,-3,-5,-126
1767173155.9072382,0,-5,-123
1767173155.9172382,0,-6,-127
1767173155.9272382,-1,-8,-130
1767173155.9372382,-3,-5,-135
1767173155.9472382,-3,-4,-136
1767173155.9572382,-1,-3,-140
1767173155.9672382,-2,0,-130
1767173155.9772382,-1,-5,-127
1767173155.9872382,2,-6,-129
1767173155.9972382,1,-6,-137
1767173156.007238,0,-7,-139
1767173156.017238,0,-7,-149
1767173156.027238,0,-5,-151
1767173156.037238,1,-4,-143
1767173156.047238,-1,-2,-135
1767173156.057238,-5,-4,-134
1767173156.067238,-1,-4,-137
1767173156.077238,-2,-1,-138
1767173156.087238,-3,2,-140
1767173156.097238,-2,-1,-140
1767173156.107238,1,0,-135
1767173156.117238,3,0,-131
1767173156.127238,2,-6,-124
1767173156.1372385,5,-7,-129
1767173156.1472385,3,-5,-126
1767173156.1572382,3,-1,-123
1767173156.1672382,1,-3,-116
1767173156.1772382,3,-4,-123
1767173156.1872382,2,-6,-125
1767173156.1972382,0,-5,-125
1767173156.2072382,1,-6,-130
1767173156.2172382,1,-3,-122
1767173156.2272382,4,0,-118
1767173156.2372382,3,0,-121
1767173156.2472382,0,0,-125
1767173156.257238,2,-3,-117
1767173156.267238,3,-3,-122
1767173156.277238,1,-5,-127
1767173156.287238,3,-4,-129
1767173156.297238,2,-2,-126
1767173156.307238,4,0,-129
1767173156.317238,5,0,-129
1767173156.327238,2,-3,-130
1767173156.337238,0,-7,-121
1767173156.347238,0,-3,-123
1767173156.357238,0,1,-122
1767173156.367238,-3,1,-121
1767173156.377238,0,-1,-121
1767173156.3872385,0,0,-127
1767173156.3972385,1,0,-129
1767173156.4072382,1,2,-124
1767173156.4172382,4,5,-129
1767173156.4272382,1,3,-132
1767173156.4372382,3,1,-140
1767173156.4472382,3,-1,-136
1767173156.4572382,0,-2,-138
1767173156.4672382,0,-5,-132
1767173156.4772382,0,-2,-132
1767173156.4872382,-1,-6,-127
1767173156.4972382,-1,-10,-132
1767173156.507238,0,-8,-138
1767173156.517238,3,-4,-139
1767173156.527238,-1,-4,-136
1767173156.537238,-4,-5,-131
1767173156.547238,-5,1,-125
1767173156.557238,-8,1,-128
1767173156.567238,-7,-1,-139
1767173156.577238,-3,-1,-138
1767173156.587238,0,-1,-134
1767173156.597238,0,-5,-134
1767173156.607238,5,-2,-135
1767173156.617238,1,-3,-137
1767173156.627238,-4,-5,-131
1767173156.6372385,0,-7,-126
1767173156.6472385,0,-7,-124
1767173156.6572382,0,-5,-119
1767173156.6672382,0,-8,-119
1767173156.6772382,0,-7,-117
1767173156.6872382,0,-1,-117
1767173156.6972382,1,-2,-122
1767173156.7072382,0,-2,-124
1767173156.7172382,0,0,-130
1767173156.7272382,-7,0,-125
1767173156.7372382,-7,2,-128
1767173156.7472382,-7,3,-130
1767173156.757238,-7,2,-133
1767173156.767238,-6,0,-132
1767173156.777238,-6,0,-135
1767173156.787238,-4,1,-135
1767173156.797238,3,2,-138
1767173156.807238,3,4,-132
1767173156.817238,5,0,-133
1767173156.827238,5,0,-140
1767173156.837238,2,3,-142
1767173156.847238,-2,4,-143
1767173156.857238,-5,-1,-146
1767173156.867238,-8,-1,-136
1767173156.877238,-5,0,-131
1767173156.8872385,-5,-1,-127
1767173156.8972385,-8,-2,-126
1767173156.9072382,-8,-2,-124
1767173156.9172382,-5,-1,-121
1767173156.9272382,-4,0,-130
1767173156.9372382,-4,-2,-130
1767173156.9472382,0,-7,-123
1767173156.9572382,0,-7,-124
1767173156.9672382,1,-6,-130
1767173156.9772382,0,-6,-131
1767173156.9872382,0,-8,-131
1767173156.9972382,0,-7,-127
1767173157.007238,0,-10,-129
1767173157.017238,1,-10,-134
1767173157.027238,5,-5,-131
1767173157.037238,11,-5,-133
1767173157.047238,11,0,-136
1767173157.057238,8,0,-130
1767173157.067238,10,-1,-119
1767173157.077238,9,-1,-112
1767173157.087238,6,2,-119
1767173157.097238,6,0,-126
1767173157.107238,5,-1,-133
1767173157.117238,4,-2,-127
1767173157.127238,5,-2,-124
1767173157.1372385,1,-1,-125
1767173157.1472385,-5,-1,-132
1767173157.1572382,-2,0,-140
1767173157.1672382,-2,-1,-136
1767173157.1772382,2,-3,-134
1767173157.1872382,0,0,-131
1767173157.1972382,-3,1,-128
1767173157.2072382,-5,-2,-126
1767173157.2172382,-4,0,-125
1767173157.2272382,-6,1,-123
1767173157.2372382,-2,-4,-125
1767173157.2472382,-2,0,-130
1767173157.257238,-4,-3,-135
1767173157.267238,0,-8,-132
1767173157.277238,-1,-5,-135
1767173157.287238,-3,-1,-131
1767173157.297238,-2,-1,-135
1767173157.307238,2,-3,-132
1767173157.317238,1,-7,-135
1767173157.327238,2,-7,-130
1767173157.337238,1,-5,-129
1767173157.347238,3,-7,-127
1767173157.357238,2,-10,-130
1767173157.367238,3,-7,-134
1767173157.377238,-1,-7,-126
1767173157.3872385,-4,-6,-123
1767173157.3972385,-7,-4,-124
1767173157.4072382,-1,-3,-122
1767173157.4172382,0,0,-119
1767173157.4272382,0,-1,-112
1767173157.4372382,-1,-5,-112
1767173157.4472382,0,-3,-113
1767173157.4572382,-3,-5,-120
1767173157.4672382,-1,-3,-120
1767173157.4772382,-1,-3,-121
1767173157.4872382,-1,-6,-127
1767173157.4972382,1,-8,-118
1767173157.507238,1,-4,-119
1767173157.517238,0,-6,-117
1767173157.527238,-2,-8,-117
1767173157.537238,0,-6,-116
1767173157.547238,1,-6,-116
1767173157.557238,0,-3,-120
1767173157.567238,-2,-2,-119
1767173157.577238,-1,-4,-118
1767173157.587238,-2,-7,-115
1767173157.597238,0,-7,-124
1767173157.607238,4,-3,-128
1767173157.617238,2,-1,-124
1767173157.627238,1,0,-120
1767173157.6372385,1,0,-124
1767173157.6472385,1,0,-122
1767173157.6572382,1,0,-126
1767173157.6682382,1,-2,-121
1767173157.6782382,3,-5,-125
1767173157.688238,-4,-6,-127
1767173157.6972382,-9,-7,-132
1767173157.708238,-9,-8,-131
1767173157.718238,-3,-8,-131
1767173157.728238,0,-6,-134
1767173157.738238,2,-8,-130
1767173157.748238,1,-4,-126
1767173157.758238,1,-6,-123
1767173157.768238,0,-4,-125
1767173157.778238,0,-1,-133
1767173157.788238,-2,1,-137
1767173157.798238,-4,0,-133
1767173157.8082385,-2,1,-132
1767173157.8182385,2,-2,-129
1767173157.8282382,0,-3,-120
1767173157.8382382,-1,0,-122
1767173157.8482382,2,0,-119
1767173157.8582382,-2,3,-118
1767173157.8682382,-4,2,-120
1767173157.8782382,-3,2,-119
1767173157.8882382,0,-4,-120
1767173157.8982382,-2,-2,-116
1767173157.9082382,-1,-3,-118
1767173157.9182382,1,-6,-123
1767173157.9282382,1,-4,-125
1767173157.938238,-2,-2,-132
1767173157.948238,1,-1,-128
1767173157.958238,5,4,-127
1767173157.968238,4,3,-124
1767173157.978238,2,0,-129
1767173157.988238,7,0,-136
1767173157.998238,6,-1,-143
1767173158.008238,7,0,-141
1767173158.018238,6,-2,-135
1767173158.028238,5,1,-133
1767173158.038238,5,0,-132
1767173158.048238,4,-1,-127
1767173158.0582385,3,-4,-131
1767173158.0682385,0,-2,-128
1767173158.0782382,-1,2,-126
1767173158.0882382,0,1,-131
1767173158.0982382,1,1,-129
1767173158.1082382,5,0,-130
1767173158.1182382,0,1,-132
1767173158.1282382,-1,-3,-132
1767173158.1382382,-1,-4,-131
1767173158.1482382,-2,-2,-129
1767173158.1582382,-2,0,-131
1767173158.1682382,-5,1,-128
1767173158.1782382,-5,3,-131
1767173158.188238,-8,7,-131
1767173158.198238,-5,7,-123
1767173158.208238,-7,5,-119
1767173158.218238,-6,1,-121
1767173158.228238,-2,-3,-120
1767173158.238238,-3,-3,-129
1767173158.248238,2,0,-131
1767173158.258238,-1,-3,-125
1767173158.268238,-1,-1,-125
1767173158.278238,-2,0,-129
1767173158.288238,-2,0,-127
1767173158.298238,-2,2,-126
1767173158.3082385,-4,5,-124
1767173158.3182385,0,5,-131
1767173158.3282382,-1,5,-134
1767173158.3382382,-5,3,-127
1767173158.3482382,-2,0,-124
1767173158.3582382,-2,0,-126
1767173158.3682382,-7,0,-135
1767173158.3782382,-3,1,-132
1767173158.3882382,-8,4,-133
1767173158.3982382,-6,2,-130
1767173158.4082382,-3,6,-133
1767173158.4182382,-1,7,-128
1767173158.4282382,-2,1,-124
1767173158.438238,-2,-1,-130
1767173158.448238,-4,-1,-123
1767173158.458238,-5,-1,-119
1767173158.468238,-6,0,-120
1767173158.478238,-4,-2,-121
1767173158.488238,-8,-6,-118
1767173158.498238,-10,-11,-121
1767173158.508238,-11,-8,-127
1767173158.518238,-10,-6,-129
1767173158.528238,-7,-9,-126
1767173158.538238,-2,-7,-132
1767173158.548238,0,-4,-131
1767173158.5582385,-6,-3,-129
1767173158.5682385,-6,-2,-126
1767173158.5782382,-3,-4,-125
1767173158.5882382,-3,-2,-130
1767173158.5982382,-4,-1,-135
1767173158.6082382,-3,-3,-135
1767173158.6182382,-8,-3,-133
1767173158.6282382,-6,-3,-134
1767173158.6382382,-7,-4,-132
1767173158.6482382,-7,-1,-128
1767173158.6582382,-7,1,-117
1767173158.6682382,0,0,-123
1767173158.6782382,1,1,-128
1767173158.688238,-2,0,-127
1767173158.698238,-4,0,-123
1767173158.708238,-1,0,-129
1767173158.718238,-3,-6,-129
1767173158.728238,-3,-5,-125
1767173158.738238,-3,-3,-124
1767173158.748238,-2,-3,-124
1767173158.758238,0,-2,-124
1767173158.768238,-1,-4,-122
1767173158.778238,4,-2,-128
1767173158.788238,6,0,-124
1767173158.798238,9,5,-124
1767173158.8082385,8,4,-124
1767173158.8182385,4,0,-122
1767173158.8282382,3,0,-121
1767173158.8382382,1,0,-118
1767173158.8482382,5,-1,-120
1767173158.8582382,6,-5,-123
1767173158.8682382,6,-7,-124
1767173158.8782382,5,-6,-123
1767173158.8882382,1,-7,-129
1767173158.8982382,2,-7,-123
1767173158.9082382,4,-5,-126
1767173158.9182382,11,-1,-133
1767173158.9282382,10,0,-136
1767173158.938238,6,-4,-129
1767173158.948238,0,-6,-131
1767173158.958238,0,-9,-136
1767173158.968238,-4,-5,-142
1767173158.978238,-4,-4,-134
1767173158.988238,-2,-2,-133
1767173158.998238,0,-4,-128
1767173159.008238,-4,1,-121
1767173159.018238,-1,4,-127
1767173159.028238,4,6,-134
1767173159.038238,6,6,-137
1767173159.048238,6,2,-135
1767173159.0582385,5,0,-131
1767173159.0682385,6,1,-134
1767173159.0782382,6,2,-136
1767173159.0882382,4,1,-133
1767173159.0982382,7,0,-131
1767173159.1082382,5,0,-130
1767173159.1182382,5,-1,-132
1767173159.1282382,10,-2,-129
1767173159.1382382,6,-7,-121
1767173159.1482382,2,-4,-119
1767173159.1582382,-1,0,-118
1767173159.1682382,2,0,-122
1767173159.1782382,1,0,-134
1767173159.188238,-1,1,-135
1767173159.198238,-1,1,-132
1767173159.208238,-4,0,-126
1767173159.218238,-8,0,-126
1767173159.228238,-8,-4,-126
1767173159.238238,-11,0,-124
1767173159.248238,-8,0,-127
1767173159.258238,-5,-2,-119
1767173159.268238,-7,0,-113
1767173159.278238,-4,1,-113
1767173159.288238,-1,-1,-109
1767173159.298238,-1,1,-118
1767173159.3082385,0,0,-118
1767173159.3182385,-1,3,-122
1767173159.3282382,0,1,-126
1767173159.3382382,2,2,-132
1767173159.3482382,1,0,-121
1767173159.3582382,4,-2,-117
1767173159.3682382,4,-2,-124
1767173159.3782382,6,-3,-118
1767173159.3882382,7,-3,-127
1767173159.3982382,1,-5,-133
1767173159.4082382,0,-3,-137
1767173159.4182382,-7,-1,-139
1767173159.4282382,-6,-3,-140
1767173159.438238,-2,-3,-142
1767173159.448238,-2,-4,-139
1767173159.458238,-1,-2,-139
1767173159.468238,-2,-1,-132
1767173159.478238,-3,-2,-132
1767173159.488238,-6,1,-134
1767173159.498238,-3,2,-135
1767173159.508238,-5,6,-139
1767173159.518238,-6,0,-132
1767173159.528238,-3,0,-131
1767173159.538238,-3,-4,-130
1767173159.548238,-3,-4,-135
1767173159.5582385,-7,0,-138
1767173159.5682385,-4,0,-135
1767173159.5782382,0,6,-139
1767173159.5882382,0,5,-138
1767173159.5982382,0,5,-138
1767173159.6082382,2,5,-134
1767173159.6182382,2,6,-133
1767173159.6282382,3,5,-135
1767173159.6382382,2,5,-140
1767173159.6482382,2,3,-136
1767173159.6582382,1,2,-129
1767173159.6682382,-1,0,-130
1767173159.6782382,-1,4,-132
1767173159.688238,-5,7,-131
1767173159.698238,-9,6,-129
1767173159.708238,-9,3,-132
1767173159.718238,-4,5,-133
1767173159.728238,-1,1,-126
1767173159.738238,-6,-1,-123
1767173159.748238,-8,-8,-114
1767173159.758238,-12,-9,-116
1767173159.768238,-15,-7,-114
1767173159.778238,-7,-4,-121
1767173159.788238,-2,0,-123
1767173159.798238,-1,0,-120
1767173159.8082385,-4,1,-120
1767173159.8182385,-2,0,-123
1767173159.8282382,0,0,-121
1767173159.8382382,1,0,-132
1767173159.8482382,6,-1,-137
1767173159.8582382,8,1,-135
1767173159.8682382,6,0,-133
1767173159.8782382,6,0,-133
1767173159.8882382,9,2,-124
1767173159.8982382,10,1,-124
1767173159.9082382,7,0,-120
1767173159.9182382,9,0,-117
1767173159.9282382,6,-2,-121
1767173159.938238,1,-2,-122
1767173159.948238,1,2,-119
1767173159.958238,0,3,-122
1767173159.968238,-3,2,-125
1767173159.978238,-3,2,-123
1767173159.988238,-1,4,-132
1767173159.998238,0,3,-135
1767173160.008238,1,0,-136
1767173160.018238,2,-2,-127
1767173160.028238,3,-4,-129
1767173160.038238,4,-4,-125
1767173160.048238,1,-5,-123
1767173160.0582385,1,-3,-126
1767173160.0682385,0,-1,-123
1767173160.0782382,0,0,-126
1767173160.0882382,-5,-3,-131
1767173160.0982382,-7,-6,-137
1767173160.1082382,-4,-4,-136
1767173160.1182382,0,-6,-136
1767173160.1282382,0,-5,-134
1767173160.149238,4,-2,-128
1767173160.1582382,5,-2,-128
1767173160.1682382,1,-5,-126
1767173160.1782382,4,-5,-123
1767173160.188238,4,-4,-122
1767173160.198238,4,-5,-118
1767173160.208238,3,-1,-116
1767173160.218238,2,-2,-119
1767173160.228238,2,-7,-119
1767173160.238238,5,-9,-127
1767173160.248238,0,-7,-129
1767173160.2592382,-2,-11,-122
1767173160.2692382,-5,-9,-122
1767173160.278238,-6,-7,-128
1767173160.288238,-7,-7,-131
1767173160.2992382,-7,-6,-129
1767173160.3092382,-1,-6,-133
1767173160.3192382,0,-6,-128
1767173160.3292382,-3,-5,-127
1767173160.3392382,-7,-1,-129
1767173160.3492382,-6,-3,-127
1767173160.359238,-3,-6,-126
1767173160.369238,3,-5,-120
1767173160.379238,1,-1,-125
1767173160.389238,-3,-2,-127
1767173160.399238,-1,0,-137
1767173160.409238,-2,1,-134
1767173160.419238,-4,3,-132
1767173160.429238,-2,4,-132
1767173160.439238,0,3,-132
1767173160.449238,1,-1,-136
1767173160.459238,1,2,-139
1767173160.469238,-3,0,-141
1767173160.4792385,-6,2,-136
1767173160.4892385,-4,1,-131
1767173160.4992385,-9,3,-132
1767173160.5092382,-9,5,-135
1767173160.5192382,-3,3,-137
1767173160.5292382,-5,6,-143
1767173160.5392382,-10,5,-139
1767173160.5492382,-13,3,-137
1767173160.5592382,-9,4,-132
1767173160.5692382,-5,0,-130
1767173160.5792382,0,-1,-129
1767173160.5892382,-4,0,-132
1767173160.5992382,0,3,-133
1767173160.609238,2,5,-135
1767173160.619238,-2,2,-129
1767173160.629238,-3,-4,-133
1767173160.639238,-1,-5,-130
1767173160.649238,0,-3,-136
1767173160.659238,2,-5,-130
1767173160.669238,0,-4,-122
1767173160.679238,-2,-4,-122
1767173160.689238,-1,-1,-120
1767173160.699238,0,1,-121
1767173160.709238,0,2,-126
1767173160.719238,-1,0,-127
1767173160.7292385,-2,-2,-128
1767173160.7392385,-3,-4,-125
1767173160.7492385,0,-3,-127
1767173160.7592382,0,-1,-126
1767173160.7692382,-1,-3,-132
1767173160.7792382,2,-1,-132
1767173160.7892382,2,-1,-136
1767173160.7992382,1,0,-129
1767173160.8092382,-1,0,-127
1767173160.8192382,1,-2,-136
1767173160.8292382,2,-2,-134
1767173160.8392382,2,-2,-135
1767173160.8492382,0,0,-139
1767173160.859238,-3,-3,-137
1767173160.869238,-2,0,-135
1767173160.879238,-2,-1,-135
1767173160.889238,3,0,-137
1767173160.899238,3,1,-138
1767173160.909238,0,1,-137
1767173160.919238,-1,-1,-135
1767173160.929238,0,3,-138
1767173160.939238,-2,5,-136
1767173160.949238,-7,4,-138
1767173160.959238,-5,3,-131
1767173160.969238,0,4,-133
1767173160.9792385,-3,2,-132
1767173160.9892385,-3,0,-125
1767173160.9992385,-3,-5,-129
1767173161.0092382,-4,-3,-130
1767173161.0192382,-6,-6,-129
1767173161.0292382,-3,-3,-129
1767173161.0392382,1,-5,-118
1767173161.0492382,2,-5,-125
1767173161.0592382,9,-5,-124
1767173161.0692382,5,-4,-117
1767173161.0792382,3,-1,-119
1767173161.0892382,2,0,-119
1767173161.0992382,3,0,-117
1767173161.109238,5,-1,-119
1767173161.119238,7,0,-120
1767173161.129238,6,0,-124
1767173161.139238,4,0,-123
1767173161.149238,0,-1,-127
1767173161.159238,1,-8,-124
1767173161.169238,3,-9,-130
1767173161.179238,5,-7,-132
1767173161.189238,6,-4,-136
1767173161.199238,3,-5,-134
1767173161.209238,5,-4,-131
1767173161.219238,2,-3,-129
1767173161.2292385,1,-5,-124
1767173161.2392385,3,-4,-125
1767173161.2492385,0,-3,-131
1767173161.2592382,-4,-3,-131
1767173161.2692382,0,-3,-135
1767173161.2792382,0,0,-130
1767173161.2892382,-3,1,-134
1767173161.2992382,-2,3,-138
1767173161.3092382,-1,3,-144
1767173161.3192382,-1,3,-138
1767173161.3292382,3,4,-141
1767173161.3392382,6,4,-140
1767173161.3492382,1,-4,-140
1767173161.359238,0,-3,-142
1767173161.369238,2,-2,-137
1767173161.379238,1,0,-136
1767173161.389238,0,0,-138
1767173161.399238,0,-5,-141
1767173161.409238,-1,-11,-133
1767173161.419238,-1,-7,-135
1767173161.429238,0,-12,-134
1767173161.439238,0,-13,-136
1767173161.449238,-2,-8,-132
1767173161.459238,-2,-6,-133
1767173161.469238,0,0,-131
1767173161.4792385,-2,0,-131
1767173161.4892385,-2,0,-129
1767173161.4992385,-2,-1,-121
1767173161.5092382,0,-3,-127
1767173161.5192382,-1,-4,-131
1767173161.5292382,-1,-3,-133
1767173161.5392382,-2,0,-135
1767173161.5492382,-7,-1,-138
1767173161.5592382,-8,2,-137
1767173161.5692382,-3,5,-134
1767173161.5792382,-2,3,-131
1767173161.5892382,-2,5,-126
1767173161.5992382,0,4,-121
1767173161.609238,1,3,-121
1767173161.619238,6,1,-119
1767173161.629238,6,0,-131
1767173161.639238,1,-2,-133
1767173161.649238,0,-4,-133
1767173161.659238,0,-3,-140
1767173161.669238,0,3,-138
1767173161.679238,0,3,-135
1767173161.689238,1,5,-137
1767173161.699238,2,5,-132
1767173161.709238,0,0,-136
1767173161.719238,3,1,-137
1767173161.7292385,3,2,-138
1767173161.7392385,4,0,-133
1767173161.7492385,3,0,-137
1767173161.7592382,0,2,-133
1767173161.7692382,1,5,-126
1767173161.7792382,1,3,-128
1767173161.7892382,0,3,-129
1767173161.7992382,0,2,-129
1767173161.8092382,0,1,-124
1767173161.8192382,1,0,-128
1767173161.8292382,-1,1,-118
1767173161.8392382,-5,-2,-124
1767173161.8492382,-4,0,-126
1767173161.859238,-2,2,-121
1767173161.869238,1,0,-119
1767173161.879238,2,0,-119
1767173161.889238,2,-7,-123
1767173161.899238,3,-5,-126
1767173161.909238,1,-3,-126
1767173161.919238,3,-2,-126
1767173161.929238,5,-3,-123
1767173161.939238,7,-4,-123
1767173161.949238,9,-5,-119
1767173161.959238,7,1,-118
1767173161.969238,5,-1,-112
1767173161.9792385,5,-2,-115
1767173161.9892385,-2,0,-114
1767173161.9992385,-2,0,-116
1767173162.0092382,-2,3,-123
1767173162.0192382,-1,-3,-121
1767173162.0292382,1,-6,-125
1767173162.0392382,-3,-5,-121
1767173162.0492382,-7,-2,-124
1767173162.0592382,-11,-4,-129
1767173162.0692382,-8,-7,-130
1767173162.0792382,-8,-6,-129
1767173162.0892382,-3,-5,-132
1767173162.0992382,0,-7,-127
1767173162.109238,-1,-5,-134
1767173162.119238,0,-6,-136
1767173162.129238,-1,-3,-132
1767173162.139238,4,-1,-131
1767173162.149238,2,0,-130
1767173162.159238,1,2,-132
1767173162.169238,2,0,-136
1767173162.179238,1,0,-133
1767173162.189238,0,2,-128
1767173162.199238,-4,0,-126
1767173162.209238,-3,0,-122
1767173162.219238,0,2,-126
1767173162.2292385,-4,0,-131
1767173162.2392385,-5,-1,-123
1767173162.2492385,-4,-1,-124
1767173162.2592382,-9,0,-119
1767173162.2692382,-12,3,-113
1767173162.2792382,-6,1,-112
1767173162.2892382,-7,2,-118
1767173162.2992382,-11,0,-117
1767173162.3092382,-11,-1,-131
1767173162.3192382,-7,-1,-128
1767173162.3292382,-3,-3,-127
1767173162.3392382,-1,-3,-130
1767173162.3492382,-3,-6,-126
1767173162.359238,-6,-4,-130
1767173162.369238,-5,-3,-132
1767173162.379238,-4,0,-131
1767173162.389238,-6,0,-128
1767173162.399238,0,3,-124
1767173162.409238,0,3,-124
1767173162.419238,-2,4,-123
1767173162.429238,-4,1,-119
1767173162.439238,-1,-1,-117
1767173162.449238,1,-3,-118
1767173162.459238,0,-3,-121
1767173162.469238,-2,-2,-119
1767173162.4792385,-6,-2,-118
1767173162.4892385,-6,-1,-115
1767173162.4992385,-9,1,-113
1767173162.5092382,-12,0,-119
1767173162.5192382,-7,1,-119
1767173162.5292382,-2,4,-117
1767173162.5392382,-4,3,-119
1767173162.5492382,-5,2,-123
1767173162.5592382,-2,4,-127
1767173162.5692382,-3,4,-131
1767173162.5792382,0,0,-126
1767173162.5892382,0,0,-127
1767173162.5992382,-2,3,-132
1767173162.609238,0,3,-128
1767173162.619238,2,5,-127
1767173162.629238,0,5,-125
1767173162.639238,0,5,-122
1767173162.649238,2,6,-128
1767173162.659238,0,5,-132
1767173162.669238,0,3,-132
1767173162.679238,-1,1,-137
1767173162.689238,-1,0,-135
1767173162.699238,0,-4,-129
1767173162.709238,-2,-7,-130
1767173162.719238,-2,-7,-129
1767173162.7292385,-1,-2,-132
1767173162.7392385,-1,-2,-129
1767173162.7492385,0,-3,-130
1767173162.7592382,-3,-3,-122
1767173162.7692382,-3,-1,-122
1767173162.7792382,-2,1,-132
1767173162.7892382,-3,4,-130
1767173162.7992382,-3,7,-126
1767173162.8092382,-6,7,-123
1767173162.8192382,-6,3,-127
1767173162.8292382,-8,1,-131
1767173162.8392382,-8,-2,-129
1767173162.8492382,-4,0,-125
1767173162.859238,-2,-2,-129
1767173162.870238,3,-3,-125
1767173162.879238,4,-3,-121
1767173162.889238,1,0,-118
1767173162.900238,3,-3,-120
1767173162.9102385,3,-5,-130
1767173162.9202385,3,-6,-132
1767173162.9302382,5,-2,-135
1767173162.9402382,5,0,-136
1767173162.9502382,7,1,-135
1767173162.9602382,4,0,-135
1767173162.9702382,0,-2,-143
1767173162.9802382,-2,-2,-138
1767173162.9902382,-4,0,-137
1767173163.0002382,-4,-1,-138
1767173163.0102382,-6,-3,-138
1767173163.0202382,-6,-7,-135
1767173163.0302382,-9,-9,-136
1767173163.040238,-10,-6,-132
1767173163.050238,-12,-4,-132
1767173163.060238,-14,-5,-135
1767173163.070238,-10,-1,-143
1767173163.080238,-9,0,-139
1767173163.090238,-9,0,-132
1767173163.100238,-7,0,-132
1767173163.110238,-5,-3,-137
1767173163.120238,-3,-4,-132
1767173163.130238,-2,0,-132
1767173163.140238,-3,0,-125
1767173163.150238,-3,1,-120
1767173163.1602385,-1,2,-120
1767173163.1702385,-1,3,-121
1767173163.1802382,-5,6,-122
1767173163.1902382,-3,5,-122
1767173163.2002382,-2,8,-124
1767173163.2102382,0,4,-130
1767173163.2202382,-2,4,-129
1767173163.2302382,-7,2,-131
1767173163.2402382,-6,-2,-129
1767173163.2502382,-5,-2,-126
1767173163.2602382,-3,1,-131
1767173163.2702382,0,2,-129
1767173163.2802382,-2,2,-131
1767173163.290238,-6,2,-132
1767173163.300238,-3,2,-129
1767173163.310238,1,4,-131
1767173163.320238,1,6,-117
1767173163.330238,-3,6,-110
1767173163.340238,0,1,-108
1767173163.350238,0,0,-118
1767173163.360238,-1,0,-118
1767173163.370238,-1,0,-120
1767173163.380238,0,-1,-119
1767173163.390238,0,-3,-124
1767173163.400238,-3,-3,-127
1767173163.4102385,-6,-4,-128
1767173163.4202385,-4,-7,-126
1767173163.4302382,-8,-8,-127
1767173163.4402382,-7,-6,-122
1767173163.4502382,-9,-9,-115
1767173163.4602382,-7,-10,-115
1767173163.4702382,-4,-7,-122
1767173163.4802382,-2,-6,-133
1767173163.4902382,0,-8,-136
1767173163.5002382,2,-5,-141
1767173163.5102382,1,-3,-141
1767173163.5202382,-2,-3,-145
1767173163.5302382,4,-6,-140
1767173163.540238,3,-7,-137
1767173163.550238,4,-7,-136
1767173163.560238,2,-3,-139
1767173163.570238,2,-1,-136
1767173163.580238,-1,2,-133
1767173163.590238,1,3,-135
1767173163.600238,0,3,-130
1767173163.610238,-1,1,-126
1767173163.620238,-5,0,-128
1767173163.630238,-3,4,-130
1767173163.640238,-1,5,-128
1767173163.650238,4,4,-133
1767173163.6602385,3,6,-134
1767173163.6702385,2,5,-129
1767173163.6802382,-3,0,-125
1767173163.6902382,-5,0,-117
1767173163.7002382,-2,1,-114
1767173163.7102382,1,-1,-119
1767173163.7202382,1,-6,-122
1767173163.7302382,0,-6,-121
1767173163.7402382,-1,-6,-123
1767173163.7502382,-3,-5,-127
1767173163.7602382,-2,0,-128
1767173163.7702382,0,-3,-135
1767173163.7802382,1,2,-134
1767173163.790238,3,6,-135
1767173163.800238,3,9,-134
1767173163.810238,10,8,-128
1767173163.820238,11,5,-125
1767173163.830238,4,4,-130
1767173163.840238,-1,6,-126
1767173163.850238,0,1,-128
1767173163.860238,3,-3,-129
1767173163.870238,3,-4,-136
1767173163.880238,0,-1,-135
1767173163.890238,-1,-3,-131
1767173163.900238,-6,-2,-124
1767173163.9102385,-8,-1,-122
1767173163.9202385,-4,-1,-122
1767173163.9302382,-4,-4,-122
1767173163.9402382,-8,-3,-126
1767173163.9502382,-6,-3,-127
1767173163.9602382,-2,0,-137
1767173163.9702382,-4,2,-135
1767173163.9802382,-1,2,-129
1767173163.9902382,-3,0,-125
1767173164.0002382,0,0,-129
1767173164.0102382,2,0,-124
1767173164.0202382,1,0,-120
1767173164.0302382,-2,1,-121
1767173164.040238,-2,0,-124
1767173164.050238,-5,-2,-127
1767173164.060238,-3,0,-126
1767173164.070238,0,-5,-131
1767173164.080238,0,-3,-133
1767173164.090238,1,-3,-133
1767173164.100238,0,-2,-132
1767173164.110238,-2,-2,-137
1767173164.120238,-2,-6,-136
1767173164.130238,-9,-4,-138
1767173164.140238,-5,-2,-135
1767173164.150238,-3,-4,-130
1767173164.1602385,-1,-7,-125
1767173164.1702385,0,-7,-127
1767173164.1802382,1,-9,-130
1767173164.1902382,2,-11,-132
1767173164.2002382,0,-8,-130
1767173164.2102382,0,-5,-131
1767173164.2202382,0,-3,-131
1767173164.2302382,-3,-1,-124
1767173164.2402382,-3,-3,-121
1767173164.2502382,-4,-2,-128
1767173164.2602382,-1,-4,-128
1767173164.2702382,2,-3,-123
1767173164.2802382,4,-5,-120
1767173164.290238,1,-6,-126
1767173164.300238,-1,-9,-134
1767173164.310238,-1,-7,-130
1767173164.320238,-1,-4,-128
1767173164.330238,-2,-3,-127
1767173164.340238,-1,-8,-129
1767173164.350238,-2,-6,-129
1767173164.360238,-4,-3,-127
1767173164.370238,0,-3,-132
1767173164.380238,3,-3,-134
1767173164.390238,1,-1,-138
1767173164.400238,0,1,-136
1767173164.4102385,8,2,-139
1767173164.4202385,5,1,-142
1767173164.4302382,1,-1,-135
1767173164.4402382,-2,-4,-141
1767173164.4502382,-3,-4,-135
1767173164.4602382,2,-3,-133
1767173164.4702382,0,-4,-132
1767173164.4802382,4,-3,-139
1767173164.4902382,1,-6,-141
1767173164.5002382,7,-4,-145
1767173164.5102382,8,-3,-135
1767173164.5202382,9,-9,-133
1767173164.5302382,4,-7,-129
1767173164.540238,5,-3,-123
1767173164.550238,6,0,-114
1767173164.560238,3,-1,-118
1767173164.570238,6,1,-121
1767173164.580238,7,0,-126
1767173164.590238,10,0,-133
1767173164.600238,5,0,-130
1767173164.610238,2,-2,-124
1767173164.620238,1,-3,-123
1767173164.630238,1,0,-127
1767173164.640238,1,0,-126
1767173164.650238,4,4,-135
1767173164.6602385,4,4,-138
1767173164.6702385,4,0,-135
1767173164.6802382,5,0,-138
1767173164.6902382,6,-1,-141
1767173164.7002382,3,-1,-141
1767173164.7102382,1,0,-143
1767173164.7202382,-3,4,-137
1767173164.7302382,-3,0,-133
1767173164.7402382,-3,-3,-129
1767173164.7502382,-2,-3,-128
1767173164.7602382,0,-2,-130
1767173164.7702382,0,0,-129
1767173164.7802382,0,0,-130
1767173164.790238,-3,-3,-129
1767173164.800238,-1,-7,-133
1767173164.810238,-4,-3,-130
1767173164.820238,-2,-3,-126
1767173164.830238,-2,-2,-125
1767173164.840238,-4,-3,-125
1767173164.850238,-4,-2,-135
1767173164.860238,-1,0,-139
1767173164.870238,-2,-1,-139
1767173164.880238,0,2,-139
1767173164.890238,2,2,-130
1767173164.900238,3,3,-129
1767173164.9102385,6,0,-127
1767173164.9202385,1,-4,-128
1767173164.9302382,-2,-4,-120
1767173164.9402382,-2,-3,-121
1767173164.9502382,0,-3,-125
1767173164.9602382,1,-3,-122
1767173164.9702382,-1,-4,-121
1767173164.9802382,-1,-3,-118
1767173164.9902382,-3,-4,-128
1767173165.0002382,-5,-3,-133
1767173165.0102382,1,0,-135
1767173165.0202382,0,-2,-134
1767173165.0302382,0,-2,-128
1767173165.040238,-2,-4,-130
1767173165.050238,-4,0,-136
1767173165.060238,-6,2,-134
1767173165.070238,-6,0,-133
1767173165.080238,-6,0,-130
1767173165.090238,-6,0,-134
1767173165.100238,-3,-2,-131
1767173165.110238,-6,-2,-134
1767173165.120238,-6,-1,-132
1767173165.130238,-8,-3,-133
1767173165.140238,-7,-5,-125
1767173165.162238,2,-7,-134
1767173165.1702385,2,-1,-128
1767173165.1802382,3,-1,-134
1767173165.1902382,3,0,-134
1767173165.2002382,2,-3,-130
1767173165.2102382,4,-3,-127
1767173165.2202382,1,-5,-124
1767173165.2302382,0,-5,-116
1767173165.2402382,-2,-6,-124
1767173165.2502382,0,1,-117
1767173165.2602382,3,3,-117
1767173165.2702382,3,2,-117
1767173165.2802382,2,6,-124
1767173165.290238,2,6,-130
1767173165.300238,4,6,-129
1767173165.310238,-1,4,-133
1767173165.320238,-2,4,-136
1767173165.330238,-4,6,-131
1767173165.340238,0,9,-131
1767173165.350238,0,9,-131
1767173165.360238,-3,4,-134
1767173165.370238,-5,5,-133
1767173165.380238,-8,7,-132
1767173165.390238,-3,0,-130
1767173165.400238,0,0,-130
1767173165.4102385,-4,-2,-127
1767173165.4202385,-2,-2,-138
1767173165.4302382,-2,-1,-140
1767173165.4402382,0,-2,-137
1767173165.4502382,3,-2,-132
1767173165.4602382,0,-2,-126
1767173165.4702382,-1,2,-125
1767173165.4802382,-2,4,-129
1767173165.4902382,0,3,-138
1767173165.5002382,2,0,-136
1767173165.5102382,4,-2,-137
1767173165.521238,0,-5,-141
1767173165.531238,-1,-3,-137
1767173165.541238,-4,0,-128
1767173165.551238,-2,-1,-127
1767173165.561238,-3,0,-125
1767173165.571238,0,0,-124
1767173165.5812385,-2,0,-119
1767173165.5912385,0,-2,-123
1767173165.6012385,-7,-2,-127
1767173165.6112382,-5,0,-132
1767173165.6212382,-1,-4,-129
1767173165.6312382,8,-5,-129
1767173165.6412382,9,-1,-123
1767173165.6512382,8,0,-118
1767173165.6612382,5,1,-117
1767173165.6712382,0,0,-120
1767173165.6812382,1,3,-129
1767173165.6912382,3,0,-127
1767173165.7012382,6,-2,-130
1767173165.711238,4,-3,-133
1767173165.721238,3,1,-129
1767173165.731238,2,0,-129
1767173165.741238,4,0,-130
1767173165.751238,1,0,-126
1767173165.761238,0,0,-120
1767173165.771238,1,0,-127
1767173165.781238,1,0,-135
1767173165.791238,0,-1,-137
1767173165.801238,-2,-4,-142
1767173165.811238,0,-7,-148
1767173165.821238,-2,-3,-149
1767173165.8312385,0,-6,-144
1767173165.8412385,2,-5,-140
1767173165.8512385,-2,-1,-141
1767173165.8612382,-1,0,-143
1767173165.8712382,0,-2,-144
1767173165.8812382,-2,0,-135
1767173165.8912382,-3,2,-131
1767173165.9012382,-7,4,-129
1767173165.9112382,-7,6,-127
1767173165.9212382,-9,6,-128
1767173165.9312382,-4,2,-129
1767173165.9412382,0,-1,-137
1767173165.9512382,-1,0,-134
1767173165.961238,-2,0,-134
1767173165.971238,-2,-3,-136
1767173165.981238,3,0,-136
1767173165.991238,0,1,-134
1767173166.001238,0,-1,-140
1767173166.011238,4,-2,-135
1767173166.021238,2,-1,-130
1767173166.031238,2,0,-125
1767173166.041238,0,3,-127
1767173166.051238,3,0,-126
1767173166.061238,1,0,-132
1767173166.071238,3,-2,-136
1767173166.0812385,1,-3,-141
1767173166.0912385,0,-1,-142
1767173166.1012385,-1,-3,-136
1767173166.1112382,0,-4,-128
1767173166.1212382,0,-5,-124
1767173166.1312382,1,-6,-125
1767173166.1412382,3,-5,-131
1767173166.1512382,1,0,-132
1767173166.1612382,0,-2,-126
1767173166.1712382,-3,-3,-121
1767173166.1812382,-3,-5,-126
1767173166.1912382,-2,-7,-129
1767173166.2012382,-1,-7,-127
1767173166.211238,0,-3,-135
1767173166.221238,-2,0,-134
1767173166.231238,0,-2,-128
1767173166.241238,0,0,-121
1767173166.251238,2,-4,-118
1767173166.261238,2,-7,-124
1767173166.271238,-1,-9,-121
1767173166.281238,-2,-13,-115
1767173166.291238,-3,-11,-124
1767173166.301238,-4,-9,-135
1767173166.311238,-3,-9,-131
1767173166.321238,-4,-7,-124
1767173166.3312385,-1,-11,-124
1767173166.3412385,-1,-7,-117
1767173166.3512385,0,-9,-119
1767173166.3612382,5,-9,-124
1767173166.3712382,1,-5,-125
1767173166.3812382,2,-4,-126
1767173166.3912382,5,-3,-124
1767173166.4012382,2,-8,-124
1767173166.4112382,3,-6,-124
1767173166.4212382,3,-6,-124
1767173166.4312382,5,-4,-126
1767173166.4412382,2,-5,-122
1767173166.4512382,1,-5,-125
1767173166.461238,2,-8,-122
1767173166.471238,0,-8,-123
1767173166.481238,0,-7,-124
1767173166.491238,2,-7,-132
1767173166.501238,5,-8,-145
1767173166.511238,0,-7,-146
1767173166.521238,1,-7,-144
1767173166.531238,5,0,-139
1767173166.541238,2,0,-137
1767173166.551238,2,-1,-132
1767173166.561238,6,-1,-134
1767173166.571238,1,-1,-132
1767173166.5812385,-4,1,-133
1767173166.5912385,-4,4,-130
1767173166.6012385,-1,0,-133
1767173166.6112382,0,-1,-129
1767173166.6212382,0,-3,-123
1767173166.6312382,0,0,-120
1767173166.6412382,-3,2,-128
1767173166.6512382,-3,1,-126
1767173166.6612382,0,2,-128
1767173166.6712382,-1,0,-129
1767173166.6812382,1,1,-130
1767173166.6912382,4,2,-133
1767173166.7012382,0,0,-128
1767173166.711238,-4,3,-133
1767173166.721238,-3,2,-133
1767173166.731238,-2,1,-129
1767173166.741238,0,-1,-130
1767173166.751238,-5,-1,-132
1767173166.761238,-10,0,-129
1767173166.771238,-8,0,-136
1767173166.781238,-3,0,-144
1767173166.791238,-3,2,-142
1767173166.801238,-2,0,-149
1767173166.811238,0,1,-143
1767173166.821238,0,1,-144
1767173166.8312385,0,3,-141
1767173166.8412385,0,1,-134
1767173166.8512385,4,-4,-138
1767173166.8612382,2,0,-138
1767173166.8712382,2,1,-139
1767173166.8812382,0,-2,-131
1767173166.8912382,-3,-7,-128
1767173166.9012382,-4,-5,-129
1767173166.9112382,-2,-4,-129
1767173166.9212382,-8,-4,-133
1767173166.9312382,-12,-2,-129
1767173166.9412382,-9,-3,-136
1767173166.9512382,-9,1,-139
1767173166.961238,-6,-3,-141
1767173166.971238,-7,-1,-138
1767173166.981238,-7,0,-129
1767173166.991238,-5,3,-127
1767173167.001238,-2,1,-126
1767173167.011238,-1,2,-125
1767173167.021238,-2,0,-132
1767173167.031238,-3,-4,-131
1767173167.041238,-6,-3,-129
1767173167.051238,-6,-4,-132
1767173167.061238,0,-6,-135
1767173167.071238,0,-5,-130
1767173167.0812385,1,-5,-128
1767173167.0912385,3,-5,-128
1767173167.1012385,4,-4,-129
1767173167.1112382,6,-4,-129
1767173167.1212382,6,-1,-136
1767173167.1312382,3,-5,-133
1767173167.1412382,4,-6,-129
1767173167.1512382,1,-6,-122
1767173167.1612382,1,-1,-122
1767173167.1712382,-1,1,-119
1767173167.1812382,-2,0,-115
1767173167.1912382,-1,-1,-117
1767173167.2012382,-3,-1,-115
1767173167.211238,3,-1,-110
1767173167.221238,0,-2,-116
1767173167.231238,-3,-4,-123
1767173167.241238,-2,-5,-126
1767173167.251238,-6,-3,-128
1767173167.261238,-1,-4,-130
1767173167.271238,0,-7,-136
1767173167.281238,0,-4,-130
1767173167.291238,1,-1,-129
1767173167.301238,4,3,-132
1767173167.311238,2,3,-131
1767173167.321238,4,1,-131
1767173167.3312385,8,3,-125
1767173167.3412385,9,1,-129
1767173167.3512385,7,4,-132
1767173167.3612382,2,0,-129
1767173167.3712382,-1,-2,-130
1767173167.3812382,0,-2,-130
1767173167.3912382,0,-5,-123
1767173167.4012382,-4,-11,-119
1767173167.4112382,-5,-9,-126
1767173167.4212382,-5,-8,-133
1767173167.4312382,0,-10,-136
1767173167.4412382,3,-8,-139
1767173167.4512382,2,-9,-146
1767173167.461238,0,-4,-139
1767173167.471238,1,-5,-135
1767173167.481238,1,-6,-137
1767173167.491238,1,-6,-147
1767173167.501238,0,-5,-144
1767173167.511238,-5,-2,-145
1767173167.521238,-3,-3,-144
1767173167.531238,-6,-2,-139
1767173167.541238,-4,2,-141
1767173167.551238,0,1,-135
1767173167.561238,2,3,-139
1767173167.571238,3,5,-135
1767173167.5812385,3,7,-133
1767173167.5912385,-1,3,-131
1767173167.6012385,-2,1,-132
1767173167.6112382,-2,0,-135
1767173167.6212382,-7,0,-134
1767173167.6312382,-6,0,-127
1767173167.6412382,-4,0,-132
1767173167.6512382,-6,-1,-127
1767173167.6612382,-7,0,-128
1767173167.6712382,-6,0,-130
1767173167.6812382,-8,-1,-134
1767173167.6912382,-2,-2,-129
1767173167.7012382,2,1,-126
1767173167.711238,9,0,-131
1767173167.721238,5,1,-126
1767173167.731238,5,3,-126
1767173167.741238,4,0,-134
1767173167.751238,6,-4,-140
1767173167.761238,3,-4,-138
1767173167.771238,4,-3,-136
1767173167.781238,6,-3,-138
1767173167.791238,8,-7,-137
1767173167.801238,0,-8,-138
1767173167.811238,0,-8,-133
1767173167.821238,-4,-4,-129
1767173167.8312385,-1,-3,-121
1767173167.8412385,-1,0,-128
1767173167.8512385,-3,2,-127
1767173167.8612382,-3,-3,-126
1767173167.8712382,-2,-4,-126
1767173167.8812382,1,-5,-125
1767173167.8912382,1,-5,-118
1767173167.9012382,-2,-8,-115
1767173167.9112382,0,-6,-114
1767173167.9212382,0,-9,-121
1767173167.9312382,1,-10,-119
1767173167.9412382,0,-7,-124
1767173167.9512382,0,-3,-135
1767173167.961238,-1,-1,-139
1767173167.971238,0,-1,-132
1767173167.981238,0,-1,-131
1767173167.991238,-1,-2,-131
1767173168.001238,0,-3,-129
1767173168.011238,3,-6,-122
1767173168.021238,2,-6,-120
1767173168.031238,0,-4,-127
1767173168.041238,1,-3,-132
1767173168.051238,1,-1,-134
1767173168.061238,-1,-2,-137
1767173168.071238,-1,-1,-136
1767173168.0812385,3,1,-133
1767173168.0912385,5,1,-131
1767173168.1012385,3,4,-132
1767173168.1122382,3,1,-133
1767173168.1212382,0,0,-128
1767173168.1312382,3,0,-121
1767173168.1412382,0,-5,-120
1767173168.152238,-3,0,-125
1767173168.1612382,-2,3,-126
1767173168.172238,2,3,-121
1767173168.182238,3,0,-125
1767173168.192238,4,0,-121
1767173168.202238,4,0,-119
1767173168.212238,0,0,-122
1767173168.222238,0,-1,-120
1767173168.232238,4,0,-122
1767173168.242238,6,4,-127
1767173168.252238,3,1,-129
1767173168.2622385,5,1,-129
1767173168.2722385,-3,1,-132
1767173168.2822382,0,1,-128
1767173168.2922382,0,0,-123
1767173168.3022382,-2,0,-118
1767173168.3122382,-1,0,-124
1767173168.3222382,-6,-2,-125
1767173168.3322382,-7,-9,-122
1767173168.3422382,-6,-9,-124
1767173168.3522382,-3,-8,-132
1767173168.3622382,-4,-7,-132
1767173168.3722382,-8,-6,-130
1767173168.382238,-8,-1,-126
1767173168.392238,-9,0,-117
1767173168.402238,-7,-3,-110
1767173168.412238,-1,-2,-109
1767173168.422238,0,-2,-114
1767173168.432238,3,0,-118
1767173168.442238,2,-3,-127
1767173168.452238,1,-1,-130
1767173168.462238,-4,2,-121
1767173168.472238,-6,0,-119
1767173168.482238,-9,0,-127
1767173168.492238,-12,0,-128
1767173168.502238,-9,1,-130
1767173168.5122385,-5,7,-133
1767173168.5222385,-3,4,-133
1767173168.5322382,-2,3,-135
1767173168.5422382,-1,0,-130
1767173168.5522382,-8,0,-132
1767173168.5622382,-7,-1,-134
1767173168.5722382,-8,-1,-138
1767173168.5822382,-10,-5,-133
1767173168.5922382,-9,-5,-133
1767173168.6022382,-9,0,-136
1767173168.6122382,-10,6,-134
1767173168.6222382,-6,3,-132
1767173168.632238,-5,4,-131
1767173168.642238,-2,3,-136
1767173168.652238,-6,4,-136
1767173168.662238,-7,0,-130
1767173168.672238,-12,3,-132
1767173168.682238,-11,1,-133
1767173168.692238,-9,0,-132
1767173168.702238,-9,-1,-133
1767173168.712238,-6,-1,-135
1767173168.722238,-8,-2,-130
1767173168.732238,-1,0,-123
1767173168.742238,-3,0,-127
1767173168.752238,-5,0,-125
1767173168.7622385,-5,-3,-126
1767173168.7722385,-1,-1,-118
1767173168.7822382,0,-3,-120
1767173168.7922382,-2,-6,-126
1767173168.8022382,1,-7,-125
1767173168.8122382,0,-10,-127
1767173168.8222382,-1,-1,-127
1767173168.8322382,-5,-5,-129
1767173168.8422382,-7,-7,-124
1767173168.8522382,-1,-10,-123
1767173168.8622382,2,-7,-125
1767173168.8722382,2,-5,-132
1767173168.882238,0,0,-125
1767173168.892238,-2,0,-122
1767173168.902238,-1,0,-121
1767173168.912238,4,3,-118
1767173168.922238,5,4,-119
1767173168.932238,2,4,-117
1767173168.942238,5,4,-117
1767173168.952238,6,1,-127
1767173168.962238,7,2,-125
1767173168.972238,5,2,-128
1767173168.982238,4,2,-127
1767173168.992238,6,1,-127
1767173169.002238,5,1,-127
1767173169.0122385,5,-2,-124
1767173169.0222385,8,-3,-117
1767173169.0322382,9,-4,-118
1767173169.0422382,7,-4,-123
1767173169.0522382,9,-3,-127
1767173169.0622382,1,-5,-123
1767173169.0722382,-1,-4,-124
1767173169.0822382,1,0,-120
1767173169.0922382,4,-3,-116
1767173169.1022382,1,-7,-117
1767173169.1122382,2,-12,-124
1767173169.1222382,-1,-12,-123
1767173169.132238,-3,-7,-127
1767173169.142238,-4,-4,-129
1767173169.152238,-6,-1,-134
1767173169.162238,-13,1,-135
1767173169.172238,-13,1,-138
1767173169.182238,-9,5,-129
1767173169.192238,-8,1,-125
1767173169.202238,-10,1,-132
1767173169.212238,-8,0,-133
1767173169.222238,-9,0,-136
1767173169.232238,0,-3,-134
1767173169.242238,1,-2,-136
1767173169.252238,1,-2,-136
1767173169.2622385,1,-1,-133
1767173169.2722385,1,-1,-129
1767173169.2822382,2,0,-127
1767173169.2922382,-3,-4,-129
1767173169.3022382,-3,0,-131
1767173169.3122382,-4,-1,-134
1767173169.3222382,-5,-2,-134
1767173169.3322382,-7,-5,-127
1767173169.3422382,-1,-5,-119
1767173169.3522382,2,-4,-123
1767173169.3622382,-2,0,-120
1767173169.3722382,-1,-4,-124
1767173169.382238,-1,-4,-130
1767173169.392238,2,-5,-130
1767173169.402238,4,-3,-134
1767173169.412238,0,-3,-137
1767173169.422238,-1,-4,-135
1767173169.432238,2,-4,-136
1767173169.442238,2,-5,-133
1767173169.452238,3,-5,-135
1767173169.462238,1,0,-137
1767173169.472238,4,0,-130
1767173169.482238,3,1,-132
1767173169.492238,0,3,-131
1767173169.502238,0,2,-127
1767173169.5122385,-1,3,-128
1767173169.5222385,-3,0,-131
1767173169.5322382,0,-3,-132
1767173169.5422382,1,-4,-136
1767173169.5522382,-1,-5,-129
1767173169.5622382,-2,-7,-134
1767173169.5722382,-6,-8,-135
1767173169.5822382,-1,-12,-135
1767173169.5922382,0,-9,-141
1767173169.6022382,0,-9,-143
1767173169.6122382,0,-7,-144
1767173169.6222382,0,-6,-139
1767173169.632238,-3,-8,-131
1767173169.642238,0,-10,-128
1767173169.652238,2,-6,-126
1767173169.662238,1,-5,-119
1767173169.672238,0,-3,-119
1767173169.682238,-2,-1,-117
1767173169.692238,0,1,-124
1767173169.702238,0,-4,-118
1767173169.712238,3,-4,-113
1767173169.722238,3,-6,-117
1767173169.732238,0,-7,-118
1767173169.742238,0,-7,-123
1767173169.752238,-2,-6,-126
1767173169.7622385,-6,-5,-122
1767173169.7722385,-6,-9,-127
1767173169.7822382,-3,-8,-129
1767173169.7922382,-2,-9,-123
1767173169.8022382,0,-8,-117
1767173169.8122382,-2,-9,-117
1767173169.8222382,-9,-3,-120
1767173169.8322382,-8,-1,-132
1767173169.8422382,-2,-1,-136
1767173169.8522382,-1,-1,-135
1767173169.8622382,0,-1,-135
1767173169.8722382,4,-6,-135
1767173169.882238,6,-3,-129
1767173169.892238,8,-1,-127
1767173169.902238,2,-3,-131
1767173169.912238,3,-5,-134
1767173169.922238,1,-3,-128
1767173169.932238,1,-5,-125
1767173169.942238,2,-7,-129
1767173169.952238,5,-4,-128
1767173169.962238,1,-1,-131
1767173169.972238,0,1,-128
1767173169.982238,-6,3,-127
1767173169.992238,-6,3,-134
1767173170.002238,-3,3,-130
1767173170.0122385,-6,1,-127
1767173170.0222385,-1,0,-132
1767173170.0322382,-3,0,-131
1767173170.0422382,-4,-1,-133
1767173170.0522382,-3,0,-127
1767173170.0622382,2,3,-122
1767173170.0722382,5,2,-120
1767173170.0822382,6,0,-124
1767173170.0922382,3,-1,-123
1767173170.1022382,3,-3,-125
1767173170.1122382,5,0,-122
1767173170.1222382,2,-3,-122
1767173170.132238,4,0,-116
1767173170.142238,3,2,-113
1767173170.152238,3,0,-113
1767173170.1742382,2,-4,-115
1767173170.182238,0,-6,-121
1767173170.192238,0,-5,-128
1767173170.202238,1,-5,-130
1767173170.212238,2,-1,-131
1767173170.222238,2,-3,-127
1767173170.232238,0,-6,-124
1767173170.242238,-1,-4,-123
1767173170.252238,4,-2,-126
1767173170.2622385,1,-3,-128
1767173170.2722385,2,-2,-126
1767173170.2822382,0,-7,-125
1767173170.2922382,-2,-9,-125
1767173170.3022382,-2,-8,-130
1767173170.3122382,-2,-8,-132
1767173170.3222382,-1,-6,-138
1767173170.3322382,-1,-7,-131
1767173170.3422382,-2,-6,-131
1767173170.3522382,-1,-7,-130
1767173170.3622382,3,-6,-133
1767173170.3722382,5,-8,-134
1767173170.382238,0,-4,-134
1767173170.392238,0,-3,-132
1767173170.402238,-3,-7,-134
1767173170.412238,-2,-7,-133
1767173170.422238,3,-8,-137
1767173170.432238,4,-2,-140
1767173170.442238,2,-7,-136
1767173170.452238,0,-7,-139
1767173170.462238,-2,-7,-139
1767173170.472238,-1,-6,-138
1767173170.482238,1,-6,-137
1767173170.492238,1,-6,-135
1767173170.502238,0,-4,-141
1767173170.5122385,-2,-5,-138
1767173170.5222385,-2,-11,-132
1767173170.5322382,-3,-9,-138
1767173170.5422382,-6,-4,-135
1767173170.5522382,-6,-2,-137
1767173170.5622382,-8,0,-132
1767173170.5722382,-10,2,-130
1767173170.5822382,-5,0,-129
1767173170.5922382,-5,1,-133
1767173170.6022382,-9,1,-126
1767173170.6122382,-5,-2,-128
1767173170.6222382,0,-1,-127
1767173170.632238,5,0,-134
1767173170.642238,4,-2,-132
1767173170.652238,0,-4,-131
1767173170.662238,0,-3,-131
1767173170.672238,0,-5,-128
1767173170.682238,-5,0,-129
1767173170.692238,-5,1,-127
1767173170.702238,-2,3,-128
1767173170.712238,0,4,-122
1767173170.722238,2,3,-118
1767173170.732238,2,3,-123
1767173170.742238,4,0,-121
1767173170.752238,-2,-2,-125
1767173170.7632382,-5,-3,-132
1767173170.7732382,-5,-3,-135
1767173170.7822382,-6,-4,-136
1767173170.7932382,-8,-7,-136
1767173170.8032382,-6,-4,-138
1767173170.813238,1,-3,-130
1767173170.823238,-1,-6,-126
1767173170.833238,0,-4,-130
1767173170.843238,5,-2,-124
1767173170.853238,0,0,-123
1767173170.863238,0,3,-125
1767173170.873238,-2,2,-131
1767173170.883238,-1,-3,-137
1767173170.893238,0,-2,-137
1767173170.903238,0,-1,-132
1767173170.913238,0,-3,-131
1767173170.923238,0,-4,-139
1767173170.9332385,3,-1,-143
1767173170.9432385,3,0,-134
1767173170.9532382,-3,1,-132
1767173170.9632382,-3,2,-126
1767173170.9732382,-2,5,-129
1767173170.9832382,0,2,-132
1767173170.9932382,-1,-2,-135
1767173171.0032382,-1,-2,-132
1767173171.0132382,0,-5,-133
1767173171.0232382,-2,-8,-133
1767173171.0332382,-5,-5,-135
1767173171.0432382,0,-7,-136
1767173171.0532382,7,-3,-131
1767173171.063238,9,0,-131
1767173171.073238,7,-2,-125
1767173171.083238,5,-1,-132
1767173171.093238,1,-1,-140
1767173171.103238,0,-1,-139
1767173171.113238,0,-4,-141
1767173171.123238,4,-5,-141
1767173171.133238,0,-8,-130
1767173171.143238,-3,-5,-125
1767173171.153238,-5,-3,-124
1767173171.163238,-3,-3,-124
1767173171.173238,0,-2,-128
1767173171.1832385,0,-3,-123
1767173171.1932385,-2,1,-126
1767173171.2032382,3,5,-129
1767173171.2132382,4,8,-124
1767173171.2232382,6,4,-121
1767173171.2332382,6,-3,-121
1767173171.2432382,7,-2,-119
1767173171.2532382,10,-4,-123
1767173171.2632382,6,-1,-124
1767173171.2732382,0,0,-124
1767173171.2832382,0,-1,-128
1767173171.2932382,-5,-4,-126
1767173171.3032382,-7,0,-124
1767173171.313238,-8,0,-131
1767173171.323238,-7,0,-136
1767173171.333238,-3,0,-133
1767173171.343238,-2,-2,-134
1767173171.353238,-1,0,-136
1767173171.363238,1,0,-138
1767173171.373238,6,-3,-132
1767173171.383238,1,-1,-133
1767173171.393238,-4,-7,-134
1767173171.403238,-6,-3,-132
1767173171.413238,-4,-3,-133
1767173171.423238,0,-1,-130
1767173171.4332385,-3,0,-127
1767173171.4432385,-2,-2,-127
1767173171.4532382,-5,0,-131
1767173171.4632382,-7,-1,-134
1767173171.4732382,-2,2,-132
1767173171.4832382,-5,2,-139
1767173171.4932382,-6,4,-141
1767173171.5032382,-5,2,-135
1767173171.5132382,-6,1,-132
1767173171.5232382,-3,-2,-132
1767173171.5332382,-3,-3,-129
1767173171.5432382,-5,-5,-124
1767173171.5532382,-2,-6,-130
1767173171.563238,-3,-7,-127
1767173171.573238,0,-3,-121
1767173171.583238,0,-2,-122
1767173171.593238,2,-6,-130
1767173171.603238,3,-2,-129
1767173171.613238,3,-3,-128
1767173171.623238,3,-2,-127
1767173171.633238,3,-1,-133
1767173171.643238,0,1,-131
1767173171.653238,0,0,-128
1767173171.663238,0,-5,-126
1767173171.673238,-4,-1,-121
1767173171.6832385,-5,1,-122
1767173171.6932385,0,6,-120
1767173171.7032382,4,6,-128
1767173171.7132382,0,0,-123
1767173171.7232382,3,0,-118
1767173171.7332382,3,-2,-121
1767173171.7432382,-1,-1,-124
1767173171.7532382,2,3,-129
1767173171.7632382,0,2,-127
1767173171.7732382,0,0,-126
1767173171.7832382,3,-1,-123
1767173171.7932382,6,-5,-128
1767173171.8032382,-3,-6,-129
1767173171.813238,-3,-4,-127
1767173171.823238,-2,0,-129
1767173171.833238,0,0,-120
1767173171.843238,2,-3,-122
1767173171.853238,7,-4,-118
1767173171.863238,11,-6,-125
1767173171.873238,9,-7,-125
1767173171.883238,5,-5,-130
1767173171.893238,5,-4,-131
1767173171.903238,6,-2,-135
1767173171.913238,4,-5,-126
1767173171.923238,7,-8,-126
1767173171.9332385,5,-11,-120
1767173171.9432385,4,-13,-119
1767173171.9532382,2,-9,-114
1767173171.9632382,1,-3,-117
1767173171.9732382,0,-4,-131
1767173171.9832382,0,-4,-130
1767173171.9932382,-2,-2,-129
1767173172.0032382,-2,-1,-136
1767173172.0132382,-5,-4,-136
1767173172.0232382,-6,-1,-141
1767173172.0332382,0,-1,-142
1767173172.0432382,-1,0,-138
1767173172.0532382,2,-1,-132
1767173172.063238,2,-1,-132
1767173172.073238,0,-3,-130
1767173172.083238,2,1,-136
1767173172.093238,0,1,-136
1767173172.103238,0,0,-128
1767173172.113238,-2,4,-129
1767173172.123238,0,6,-131
1767173172.133238,-1,4,-137
1767173172.143238,-2,5,-134
1767173172.153238,2,3,-128
1767173172.163238,4,2,-133
1767173172.173238,0,0,-136
1767173172.1832385,2,-2,-137
1767173172.1932385,0,-1,-136
1767173172.2032382,2,-2,-134
1767173172.2132382,8,-1,-126
1767173172.2232382,11,-4,-125
1767173172.2332382,8,-3,-120
1767173172.2432382,7,1,-128
1767173172.2532382,2,1,-127
1767173172.2632382,-2,1,-132
1767173172.2732382,-2,1,-128
1767173172.2832382,-6,2,-131
1767173172.2932382,-8,6,-122
1767173172.3032382,-7,2,-123
1767173172.313238,-5,0,-120
1767173172.323238,-4,-1,-116
1767173172.333238,-6,-1,-118
1767173172.343238,-3,1,-125
1767173172.353238,0,3,-123
1767173172.363238,1,2,-123
1767173172.373238,0,3,-121
1767173172.383238,-5,6,-117
1767173172.393238,-6,1,-117
1767173172.403238,-10,0,-118
1767173172.413238,-5,0,-117
1767173172.423238,-5,-3,-125
1767173172.4332385,1,-2,-125
1767173172.4432385,3,0,-128
1767173172.4532382,4,0,-121
1767173172.4632382,0,0,-122
1767173172.4732382,2,-2,-131
1767173172.4832382,8,-2,-133
1767173172.4932382,4,-5,-127
1767173172.5032382,3,-3,-126
1767173172.5132382,2,0,-125
1767173172.5232382,-3,3,-117
1767173172.5332382,-6,4,-111
1767173172.5432382,-5,5,-108
1767173172.5532382,-8,7,-112
1767173172.563238,-9,7,-122
1767173172.573238,-5,8,-132
1767173172.583238,-5,4,-130
1767173172.593238,-2,6,-126
1767173172.603238,-1,5,-128
1767173172.613238,-3,1,-128
1767173172.623238,-3,0,-130
1767173172.633238,-2,0,-131
1767173172.643238,-4,-4,-125
1767173172.653238,-3,-8,-125
1767173172.663238,1,-9,-131
1767173172.673238,2,-7,-133
1767173172.6832385,5,-9,-130
1767173172.6932385,6,-9,-131
1767173172.7032382,5,-2,-130
1767173172.7132382,2,1,-122
1767173172.7232382,0,2,-132
1767173172.7332382,0,3,-136
1767173172.7432382,1,1,-135
1767173172.7532382,-1,0,-135
1767173172.7632382,0,-1,-139
1767173172.7732382,0,1,-134
1767173172.7832382,0,4,-136
1767173172.7932382,-2,0,-133
1767173172.8032382,-4,1,-128
1767173172.813238,-4,1,-118
1767173172.823238,0,0,-119
1767173172.833238,-1,-1,-124
1767173172.843238,1,-1,-119
1767173172.853238,0,0,-118
1767173172.863238,0,0,-118
1767173172.873238,1,0,-125
1767173172.883238,4,-1,-132
1767173172.893238,1,-1,-134
1767173172.903238,-1,-4,-136
1767173172.913238,-3,-6,-136
1767173172.923238,-1,-3,-139
1767173172.9332385,1,2,-138
1767173172.9432385,-1,0,-133
1767173172.9532382,-4,3,-129
1767173172.9632382,0,0,-127
1767173172.9732382,2,1,-125
1767173172.9832382,3,1,-124
1767173172.9932382,3,2,-125
1767173173.0032382,2,0,-132
1767173173.0132382,3,-4,-130
1767173173.0232382,0,-6,-134
1767173173.0332382,0,-7,-138
1767173173.0432382,0,-4,-140
1767173173.0532382,0,-2,-130
1767173173.063238,2,-3,-129
1767173173.073238,-3,-3,-136
1767173173.083238,-3,-6,-134
1767173173.093238,-4,-2,-139
1767173173.103238,-4,-1,-139
1767173173.113238,-4,1,-137
1767173173.123238,-5,3,-137
1767173173.133238,-5,2,-134
1767173173.143238,-2,0,-135
1767173173.153238,-1,1,-139
1767173173.163238,2,3,-140
1767173173.173238,6,5,-137
1767173173.1832385,6,2,-134
1767173173.1932385,4,0,-143
1767173173.2032382,1,0,-143
1767173173.2132382,0,0,-140
1767173173.2232382,0,-6,-134
1767173173.2332382,0,-5,-132
1767173173.2432382,0,-1,-130
1767173173.2532382,0,-4,-126
1767173173.2632382,-2,-4,-131
1767173173.2732382,-2,-2,-127
1767173173.2832382,1,0,-131
1767173173.2932382,0,-1,-123
1767173173.3032382,-3,-4,-119
1767173173.313238,-3,-1,-119
1767173173.323238,-5,-5,-121
1767173173.333238,-6,-7,-124
1767173173.344238,-4,-8,-125
1767173173.3542385,-1,-4,-126
1767173173.363238,4,-1,-125
1767173173.373238,1,-2,-120
1767173173.383238,6,-1,-122
1767173173.3942382,2,-3,-123
1767173173.4042382,-1,-3,-123
1767173173.4142382,1,-4,-118
1767173173.4242382,0,-7,-123
1767173173.4342382,-1,-8,-126
1767173173.4442382,-3,-6,-126
1767173173.4542382,0,-6,-122
1767173173.4642382,0,-3,-118
1767173173.4742382,-4,0,-118
1767173173.484238,-6,-6,-114
1767173173.494238,-6,-5,-115
1767173173.504238,-5,-2,-120
1767173173.514238,-4,-2,-119
1767173173.524238,-2,-3,-118
1767173173.534238,0,-1,-122
1767173173.544238,0,-3,-126
1767173173.554238,0,-1,-126
1767173173.564238,-1,0,-126
1767173173.574238,5,0,-126
1767173173.584238,6,0,-131
1767173173.594238,3,0,-129
1767173173.6042385,5,-3,-131
1767173173.6142385,4,0,-130
1767173173.6242385,1,0,-140
1767173173.6342382,0,-1,-139
1767173173.6442382,0,-1,-139
1767173173.6542382,1,0,-137
1767173173.6642382,3,1,-118
1767173173.6742382,4,-3,-112
1767173173.6842382,0,1,-120
1767173173.6942382,-3,1,-127
1767173173.7042382,-4,1,-131
1767173173.7142382,-6,0,-135
1767173173.7242382,-10,-3,-137
1767173173.734238,-9,-5,-136
1767173173.744238,-4,-5,-126
1767173173.754238,-2,-3,-129
1767173173.764238,0,1,-125
1767173173.774238,-3,0,-132
1767173173.784238,-3,-2,-130
1767173173.794238,-3,-6,-116
1767173173.804238,-5,-5,-115
1767173173.814238,-5,0,-117
1767173173.824238,-6,0,-124
1767173173.834238,-6,1,-130
1767173173.844238,-5,0,-129
1767173173.8542385,-1,0,-135
1767173173.8642385,1,-3,-130
1767173173.8742385,1,-6,-123
1767173173.8842382,4,-5,-129
1767173173.8942382,6,-4,-129
1767173173.9042382,9,-3,-122
1767173173.9142382,9,-4,-130
1767173173.9242382,6,0,-134
1767173173.9342382,5,-4,-128
1767173173.9442382,7,-12,-123
1767173173.9542382,5,-9,-122
1767173173.9642382,4,-4,-129
1767173173.9742382,5,-1,-129
1767173173.984238,7,-2,-131
1767173173.994238,7,-1,-136
1767173174.004238,3,-4,-137
1767173174.014238,-1,-5,-141
1767173174.024238,0,-7,-140
1767173174.034238,-1,-4,-138
1767173174.044238,0,-7,-137
1767173174.054238,0,-3,-136
1767173174.064238,0,-1,-132
1767173174.074238,-4,-3,-130
1767173174.084238,-7,-3,-128
1767173174.094238,-7,-2,-126
1767173174.1042385,-3,1,-126
1767173174.1142385,-1,1,-132
1767173174.1242385,0,5,-138
1767173174.1342382,1,2,-134
1767173174.1442382,6,-1,-131
1767173174.1552382,3,-4,-124
1767173174.1642382,1,-5,-128
1767173174.1742382,-3,0,-131
1767173174.1842382,-2,2,-128
1767173174.1942382,1,0,-130
1767173174.2042382,-2,0,-134
1767173174.2142382,-1,2,-127
1767173174.2242382,0,0,-126
1767173174.234238,0,-2,-125
1767173174.244238,1,-1,-122
1767173174.254238,6,0,-119
1767173174.264238,7,1,-123
1767173174.274238,1,0,-124
1767173174.284238,1,2,-125
1767173174.294238,0,2,-127
1767173174.304238,3,0,-128
1767173174.314238,2,-6,-137
1767173174.324238,4,-7,-140
1767173174.334238,2,-2,-136
1767173174.344238,0,-2,-140
1767173174.3542385,0,-6,-137
1767173174.3642385,-1,-8,-138
1767173174.3742385,0,-3,-136
1767173174.3842382,4,1,-136
1767173174.3942382,1,0,-138
1767173174.4042382,2,-2,-140
1767173174.4142382,2,-1,-129
1767173174.4242382,6,0,-126
1767173174.4342382,5,0,-120
1767173174.4442382,2,-3,-111
1767173174.4542382,1,-3,-110
1767173174.4642382,1,-2,-114
1767173174.4742382,-1,-5,-121
1767173174.484238,-1,-4,-120
1767173174.494238,0,-3,-118
1767173174.504238,-5,-3,-120
1767173174.514238,-4,-2,-120
1767173174.524238,-2,4,-117
1767173174.534238,-1,0,-117
1767173174.544238,0,0,-113
1767173174.554238,0,-2,-115
1767173174.564238,-1,-2,-116
1767173174.574238,-2,-1,-120
1767173174.584238,-4,-2,-121
1767173174.594238,-4,-2,-128
1767173174.6042385,0,-1,-141
1767173174.6142385,-1,-1,-143
1767173174.6242385,-3,0,-143
1767173174.6342382,-5,0,-137
1767173174.6442382,0,0,-135
1767173174.6542382,3,0,-134
1767173174.6642382,2,2,-132
1767173174.6742382,1,0,-129
1767173174.6842382,-2,0,-132
1767173174.6942382,-1,-4,-135
1767173174.7042382,-3,-4,-133
1767173174.7142382,-8,-5,-136
1767173174.7242382,-12,-5,-133
1767173174.734238,-6,-5,-126
1767173174.744238,-5,-3,-119
1767173174.754238,-5,-5,-124
1767173174.764238,-8,-4,-133
1767173174.774238,-5,-1,-145
1767173174.784238,-8,-2,-143
1767173174.794238,-10,-1,-136
1767173174.804238,-9,4,-137
1767173174.814238,-8,5,-141
1767173174.824238,-2,4,-138
1767173174.834238,-4,3,-134
1767173174.844238,0,2,-133
1767173174.8542385,1,3,-128
1767173174.8642385,2,5,-127
1767173174.8742385,4,3,-128
1767173174.8842382,4,-2,-130
1767173174.8942382,7,1,-128
1767173174.9042382,1,1,-135
1767173174.9142382,1,1,-140
1767173174.9242382,-1,5,-140
1767173174.9342382,0,3,-129
1767173174.9442382,4,1,-130
1767173174.9542382,4,0,-131
1767173174.9642382,6,1,-129
1767173174.9742382,2,4,-132
1767173174.984238,3,3,-133
1767173174.994238,3,4,-136
1767173175.004238,4,7,-132
1767173175.014238,5,4,-126
1767173175.024238,3,3,-122
1767173175.034238,3,5,-118
1767173175.044238,0,7,-122
1767173175.054238,-2,7,-123
1767173175.064238,0,4,-120
1767173175.074238,1,5,-125
1767173175.084238,-1,3,-128
1767173175.094238,0,6,-128
1767173175.1042385,3,7,-132
1767173175.1142385,2,4,-134
1767173175.1242385,0,0,-130
1767173175.1342382,0,0,-132
1767173175.1442382,2,1,-132
1767173175.1542382,2,0,-139
1767173175.1642382,-1,2,-145
1767173175.185238,-4,6,-138
1767173175.1942382,1,8,-140
1767173175.2042382,4,5,-142
1767173175.2142382,2,3,-139
1767173175.2242382,3,4,-136
1767173175.234238,2,1,-136
1767173175.244238,0,1,-133
1767173175.254238,1,0,-128
1767173175.264238,-4,-2,-129
1767173175.274238,0,-2,-117
1767173175.284238,0,-3,-121
1767173175.294238,0,-2,-122
1767173175.304238,3,-10,-124
1767173175.314238,2,-7,-128
1767173175.324238,6,-6,-128
1767173175.334238,5,-4,-126
1767173175.344238,0,-6,-121
1767173175.3542385,1,-2,-123
1767173175.3642385,2,-2,-120
1767173175.3742385,1,-5,-118
1767173175.3842382,3,0,-123
1767173175.3942382,1,2,-125
1767173175.4042382,2,1,-129
1767173175.4142382,4,3,-126
1767173175.4242382,0,1,-124
1767173175.4342382,0,2,-133
1767173175.4442382,1,0,-127
1767173175.4542382,4,0,-131
1767173175.4642382,5,-1,-126
1767173175.4742382,5,-3,-130
1767173175.484238,2,-5,-135
1767173175.494238,4,-3,-134
1767173175.504238,4,-3,-134
1767173175.514238,7,-5,-133
1767173175.524238,4,-8,-130
1767173175.534238,2,-11,-134
1767173175.544238,2,-7,-123
1767173175.554238,2,-9,-118
1767173175.564238,0,-10,-125
1767173175.574238,-2,-6,-123
1767173175.584238,-4,-6,-120
1767173175.594238,0,-4,-119
1767173175.6042385,0,-5,-130
1767173175.6142385,-1,-6,-134
1767173175.6242385,-2,-6,-134
1767173175.6342382,-1,-4,-127
1767173175.6442382,0,0,-125
1767173175.6542382,-1,4,-128
1767173175.6642382,2,3,-131
1767173175.6742382,3,3,-127
1767173175.6842382,0,0,-126
1767173175.6942382,0,-4,-135
1767173175.7042382,1,0,-140
1767173175.7142382,0,-3,-145
1767173175.7242382,0,-5,-141
1767173175.734238,1,-3,-146
1767173175.744238,2,-2,-137
1767173175.754238,0,-1,-136
1767173175.764238,0,-3,-130
1767173175.774238,-2,-8,-129
1767173175.784238,-2,-10,-133
1767173175.794238,-1,-8,-136
1767173175.804238,2,-7,-135
1767173175.814238,4,-7,-130
1767173175.824238,7,-4,-130
1767173175.834238,7,-6,-133
1767173175.844238,4,-5,-133
1767173175.8542385,2,0,-131
1767173175.8642385,4,0,-129
1767173175.8742385,5,-2,-126
1767173175.8842382,2,-2,-118
1767173175.8942382,0,0,-123
1767173175.9042382,0,-1,-122
1767173175.9142382,-2,-4,-122
1767173175.9242382,-2,-5,-127
1767173175.9342382,-1,-2,-128
1767173175.9442382,-2,0,-129
1767173175.9542382,-5,-3,-130
1767173175.9642382,-2,0,-128
1767173175.9742382,-3,1,-130
1767173175.984238,-9,3,-125
1767173175.994238,-11,0,-116
1767173176.004238,-14,-2,-121
1767173176.015238,-18,-1,-125
1767173176.025238,-16,-2,-124
1767173176.0352385,-17,-4,-129
1767173176.0452385,-12,-3,-129
1767173176.0552382,-6,-6,-123
1767173176.0652382,-6,-6,-124
1767173176.0752382,-9,-3,-128
1767173176.0852382,-14,-1,-124
1767173176.0952382,-16,-2,-121
1767173176.1052382,-9,-5,-125
1767173176.1152382,-4,1,-130
1767173176.1252382,-1,4,-128
1767173176.1352382,1,3,-132
1767173176.1452382,2,0,-137
1767173176.1552382,1,0,-139
1767173176.165238,-3,1,-128
1767173176.175238,-1,1,-121
1767173176.185238,0,1,-114
1767173176.195238,-2,1,-114
1767173176.205238,-3,0,-119
1767173176.215238,-1,-1,-117
1767173176.225238,-2,2,-121
1767173176.235238,-2,-1,-129
1767173176.245238,-6,-5,-126
1767173176.255238,-7,-4,-128
1767173176.265238,-5,-2,-120
1767173176.275238,-3,-2,-122
1767173176.2852385,-5,-2,-131
1767173176.2952385,-4,-1,-136
1767173176.3052382,-6,1,-135
1767173176.3152382,-8,2,-134
1767173176.3252382,-7,3,-137
1767173176.3352382,-2,5,-132
1767173176.3452382,-3,3,-128
1767173176.3552382,-3,1,-126
1767173176.3652382,-5,6,-128
1767173176.3752382,-2,4,-132
1767173176.3852382,-7,0,-124
1767173176.3952382,-3,0,-117
1767173176.4052382,-6,0,-115
1767173176.415238,-2,-1,-126
1767173176.425238,0,2,-136
1767173176.435238,0,0,-132
1767173176.445238,-7,0,-128
1767173176.455238,-6,2,-126
1767173176.465238,2,1,-121
1767173176.475238,3,0,-122
1767173176.485238,2,-1,-125
1767173176.495238,0,0,-125
1767173176.505238,-4,4,-127
1767173176.515238,-6,6,-127
1767173176.525238,-2,2,-130
1767173176.5352385,-1,2,-129
1767173176.5452385,-3,0,-126
1767173176.5552382,-2,-2,-119
1767173176.5652382,0,-2,-117
1767173176.5752382,-1,-2,-128
1767173176.5852382,-4,-8,-132
1767173176.5952382,-6,-7,-131
1767173176.6052382,-7,-5,-135
1767173176.6152382,-6,-6,-136
1767173176.6252382,-5,-6,-136
1767173176.6352382,-7,-2,-134
1767173176.6452382,-9,-4,-127
1767173176.6552382,-11,-2,-121
1767173176.665238,-10,-4,-115
1767173176.675238,-11,-3,-114
1767173176.685238,-9,0,-117
1767173176.695238,-6,0,-121
1767173176.705238,-6,-1,-121
1767173176.715238,-2,0,-129
1767173176.725238,-5,-5,-138
1767173176.735238,-3,-4,-129
1767173176.745238,2,-5,-126
1767173176.755238,1,-7,-127
1767173176.765238,-2,-6,-125
1767173176.775238,-2,-5,-127
1767173176.7852385,-4,-6,-132
1767173176.7952385,-1,-4,-139
1767173176.8052382,0,-8,-135
1767173176.8152382,4,-2,-130
1767173176.8252382,5,-2,-131
1767173176.8352382,1,0,-131
1767173176.8452382,-3,1,-125
1767173176.8552382,3,0,-127
1767173176.8652382,1,-1,-131
1767173176.8752382,-3,-1,-131
1767173176.8852382,-1,-1,-126
1767173176.8952382,0,-1,-128
1767173176.9052382,0,-4,-128
1767173176.915238,0,-6,-129
1767173176.925238,-1,-4,-128
1767173176.935238,4,-3,-136
1767173176.945238,11,-4,-138
1767173176.955238,13,-5,-134
1767173176.965238,8,-2,-132
1767173176.975238,5,-2,-136
1767173176.985238,8,-1,-133
1767173176.995238,2,-3,-137
1767173177.005238,1,0,-133
1767173177.015238,4,0,-135
1767173177.025238,6,-4,-138
1767173177.0352385,2,0,-137
1767173177.0452385,2,3,-141
1767173177.0552382,1,0,-132
1767173177.0652382,3,2,-130
1767173177.0752382,2,2,-133
1767173177.0852382,-4,1,-130
1767173177.0952382,-7,0,-124
1767173177.1052382,-1,0,-119
1767173177.1152382,-1,-5,-119
1767173177.1252382,4,-6,-124
1767173177.1352382,1,-5,-128
1767173177.1452382,0,-7,-125
1767173177.1552382,0,-4,-120
1767173177.165238,3,-7,-127
1767173177.175238,1,-9,-137
1767173177.185238,5,-10,-138
1767173177.195238,-1,-3,-129
1767173177.205238,-2,-4,-125
1767173177.215238,1,1,-126
1767173177.225238,-1,2,-128
1767173177.235238,0,2,-127
1767173177.245238,-1,5,-122
1767173177.255238,0,4,-117
1767173177.265238,0,2,-124
1767173177.275238,1,1,-124
1767173177.2852385,1,0,-127
1767173177.2952385,2,0,-123
1767173177.3052382,3,-1,-123
1767173177.3152382,-3,0,-129
1767173177.3252382,2,-1,-136
1767173177.3352382,0,-2,-133
1767173177.3452382,3,-6,-128
1767173177.3552382,5,-5,-124
1767173177.3652382,3,0,-128
1767173177.3752382,1,-2,-127
1767173177.3852382,2,-1,-123
1767173177.3952382,4,0,-124
1767173177.4052382,1,-1,-119
1767173177.415238,2,-5,-118
1767173177.425238,0,-4,-119
1767173177.435238,0,-1,-124
1767173177.445238,0,0,-128
1767173177.455238,-1,0,-125
1767173177.465238,0,-3,-130
1767173177.475238,-2,-3,-128
1767173177.485238,0,-2,-136
1767173177.495238,1,-5,-138
1767173177.505238,3,-3,-139
1767173177.515238,0,0,-143
1767173177.525238,-1,0,-136
1767173177.5352385,-2,-7,-132
1767173177.5452385,-6,-7,-130
1767173177.5552382,-5,-5,-132
1767173177.5652382,-2,-3,-127
1767173177.5752382,-4,-2,-122
1767173177.5852382,0,0,-123
1767173177.5952382,-1,-5,-121
1767173177.6052382,0,-6,-119
1767173177.6152382,1,-8,-121
1767173177.6252382,6,-3,-128
1767173177.6352382,6,-3,-128
1767173177.6452382,1,-10,-132
1767173177.6552382,0,-11,-131
1767173177.665238,3,-10,-130
1767173177.675238,4,-8,-124
1767173177.685238,8,-7,-125
1767173177.695238,4,-5,-135
1767173177.705238,1,-3,-134
1767173177.715238,1,-2,-134
1767173177.725238,-2,-3,-132
1767173177.735238,0,0,-127
1767173177.745238,-1,3,-125
1767173177.755238,1,4,-122
1767173177.765238,4,-1,-125
1767173177.775238,7,0,-127
1767173177.7852385,5,0,-129
1767173177.7952385,0,0,-125
1767173177.8052382,-4,4,-128
1767173177.8152382,-6,4,-134
1767173177.8252382,-2,4,-136
1767173177.8352382,-4,0,-129
1767173177.8452382,-1,0,-122
1767173177.8552382,-8,0,-121
1767173177.8652382,-8,3,-125
1767173177.8752382,-8,2,-126
1767173177.8852382,-4,-2,-117
1767173177.8952382,0,-4,-113
1767173177.9052382,-2,-6,-109
1767173177.915238,-1,-1,-112
1767173177.925238,0,-2,-119
1767173177.935238,-3,-2,-120
1767173177.945238,-1,-3,-118
1767173177.955238,0,0,-117
1767173177.965238,2,0,-116
1767173177.975238,3,-4,-131
1767173177.985238,-1,-5,-137
1767173177.995238,-1,-6,-135
1767173178.005238,0,-1,-132
1767173178.015238,0,3,-133
1767173178.025238,0,1,-137
1767173178.0352385,1,0,-140
1767173178.0452385,-2,-1,-140
1767173178.0552382,0,-1,-138
1767173178.0652382,-6,-1,-135
1767173178.0752382,-6,-3,-133
1767173178.0852382,-8,-1,-138
1767173178.0952382,-8,-4,-139
1767173178.1052382,-4,-6,-132
1767173178.1152382,-4,-2,-132
1767173178.1252382,-6,0,-130
1767173178.1352382,-9,0,-129
1767173178.1452382,-4,0,-132
1767173178.1552382,-4,0,-124
1767173178.165238,-8,2,-119
1767173178.175238,-8,0,-121
1767173178.185238,-7,-2,-116
1767173178.195238,-9,4,-116
1767173178.205238,-11,3,-119
1767173178.215238,-6,4,-127
1767173178.225238,-2,7,-129
1767173178.235238,4,1,-130
1767173178.245238,5,0,-132
1767173178.255238,2,0,-137
1767173178.265238,0,3,-141
1767173178.275238,0,0,-141
1767173178.2852385,-2,-2,-142
1767173178.2952385,-1,0,-138
1767173178.3052382,2,1,-138
1767173178.3152382,3,0,-134
1767173178.3252382,3,-1,-131
1767173178.3352382,1,-2,-125
1767173178.3452382,3,-1,-120
1767173178.3552382,5,0,-121
1767173178.3652382,3,2,-120
1767173178.3752382,3,4,-126
1767173178.3852382,4,1,-128
1767173178.3952382,5,0,-130
1767173178.4052382,7,-1,-133
1767173178.415238,5,-4,-130
1767173178.425238,2,-4,-126
1767173178.435238,-3,-3,-121
1767173178.445238,-5,-5,-118
1767173178.455238,-7,-5,-125
1767173178.465238,-3,-3,-131
1767173178.475238,0,-1,-131
1767173178.485238,2,-2,-129
1767173178.495238,2,-3,-130
1767173178.505238,3,-5,-135
1767173178.515238,0,-1,-131
1767173178.525238,0,-3,-132
1767173178.5352385,0,-3,-140
1767173178.5452385,1,0,-134
1767173178.5552382,4,0,-129
1767173178.5652382,5,-2,-130
1767173178.5752382,7,-6,-129
1767173178.5852382,8,-8,-132
1767173178.5952382,5,-6,-128
1767173178.606238,3,-5,-120
1767173178.616238,7,0,-129
1767173178.626238,1,2,-129
1767173178.636238,-2,0,-131
1767173178.646238,-4,2,-130
1767173178.6552382,-5,3,-123
1767173178.666238,-4,0,-124
1767173178.676238,-4,-1,-123
1767173178.686238,1,0,-125
1767173178.696238,3,-6,-128
1767173178.7062385,0,-3,-128
1767173178.7162385,-1,0,-126
1767173178.7262385,-3,-4,-126
1767173178.7362382,-3,-5,-122
1767173178.7462382,-5,-6,-126
1767173178.7562382,-1,-8,-129
1767173178.7662382,1,-4,-135
1767173178.7762382,3,-5,-133
1767173178.7862382,2,0,-125
1767173178.7962382,2,0,-126
1767173178.8062382,3,0,-130
1767173178.8162382,4,-1,-134
1767173178.8262382,0,-3,-135
1767173178.836238,2,-5,-124
1767173178.846238,4,-7,-119
1767173178.856238,4,-3,-126
1767173178.866238,3,-6,-123
1767173178.876238,6,-6,-119
1767173178.886238,7,-8,-124
1767173178.896238,6,-4,-124
1767173178.906238,4,-2,-118
1767173178.916238,1,1,-126
1767173178.926238,-2,-2,-131
1767173178.936238,-3,-5,-139
1767173178.946238,-3,-7,-135
1767173178.9562385,-3,-8,-135
1767173178.9662385,0,-8,-135
1767173178.9762385,2,-1,-133
1767173178.9862382,2,0,-129
1767173178.9962382,6,0,-122
1767173179.0062382,4,-5,-122
1767173179.0162382,1,-3,-125
1767173179.0262382,2,-2,-129
1767173179.0362382,4,0,-132
1767173179.0462382,1,0,-132
1767173179.0562382,-1,1,-135
1767173179.0662382,-3,1,-137
1767173179.0762382,-4,1,-128
1767173179.086238,-4,-2,-126
1767173179.096238,-7,-5,-128
1767173179.106238,-7,-8,-128
1767173179.116238,0,-4,-124
1767173179.126238,0,-4,-122
1767173179.136238,1,-2,-125
1767173179.146238,-2,0,-123
1767173179.156238,-3,1,-124
1767173179.166238,0,0,-130
1767173179.176238,1,-1,-126
1767173179.186238,3,1,-132
1767173179.196238,3,-1,-131
1767173179.2062385,4,-3,-129
1767173179.2162385,4,-2,-137
1767173179.2262385,5,0,-131
1767173179.2362382,0,0,-128
1767173179.2462382,2,-2,-132
1767173179.2562382,2,-4,-141
1767173179.2662382,3,-6,-143
1767173179.2762382,7,-6,-140
1767173179.2862382,0,-4,-136
1767173179.2962382,0,-4,-145
1767173179.3062382,0,-5,-143
1767173179.3162382,1,0,-134
1767173179.3262382,-1,0,-118
1767173179.336238,-1,-3,-117
1767173179.346238,1,-4,-126
1767173179.356238,-1,-1,-126
1767173179.366238,4,-2,-113
1767173179.376238,3,-2,-116
1767173179.386238,3,-5,-125
1767173179.396238,3,-6,-121
1767173179.406238,2,-2,-123
1767173179.416238,2,-6,-130
1767173179.426238,2,-2,-130
1767173179.436238,3,0,-128
1767173179.446238,0,-2,-127
1767173179.4562385,-3,1,-125
1767173179.4662385,-4,-1,-123
1767173179.4762385,-5,-2,-127
1767173179.4862382,-5,-4,-129
1767173179.4962382,-5,-4,-128
1767173179.5062382,-4,-2,-118
1767173179.5162382,-2,-3,-122
1767173179.5262382,0,-3,-122
1767173179.5362382,4,-3,-125
1767173179.5462382,2,-3,-122
1767173179.5562382,3,-3,-121
1767173179.5662382,0,0,-123
1767173179.5762382,0,0,-124
1767173179.586238,0,-2,-131
1767173179.596238,3,-1,-123
1767173179.606238,0,2,-128
1767173179.616238,0,0,-133
1767173179.626238,0,-1,-123
1767173179.636238,-1,0,-126
1767173179.646238,-2,2,-123
1767173179.656238,-2,1,-123
1767173179.666238,-7,0,-119
1767173179.676238,-5,0,-119
1767173179.686238,-1,-2,-127
1767173179.696238,-2,-4,-129
1767173179.7062385,0,-4,-124
1767173179.7162385,-3,-4,-130
1767173179.7262385,-4,-2,-128
1767173179.7362382,0,-3,-129
1767173179.7462382,-2,-1,-128
1767173179.7562382,-1,-1,-131
1767173179.7662382,2,-4,-128
1767173179.7762382,0,-7,-127
1767173179.7862382,0,-7,-126
1767173179.7962382,-1,-6,-122
1767173179.8062382,-1,-7,-123
1767173179.8162382,-2,-2,-124
1767173179.8262382,-8,-4,-130
1767173179.836238,-7,-1,-130
1767173179.846238,-4,0,-129
1767173179.856238,-8,0,-131
1767173179.866238,-8,0,-131
1767173179.876238,-6,-1,-136
1767173179.886238,-3,0,-133
1767173179.896238,-3,-1,-138
1767173179.906238,-1,1,-140
1767173179.916238,-1,1,-131
1767173179.926238,0,0,-128
1767173179.936238,0,2,-127
1767173179.946238,1,1,-131
1767173179.9562385,2,2,-129
1767173179.9662385,-2,7,-120
1767173179.9762385,-2,7,-117
1767173179.9862382,-1,5,-126
1767173179.9962382,-4,1,-118
1767173180.0062382,-7,0,-118
1767173180.0162382,-4,-6,-117
1767173180.0262382,0,-3,-127
1767173180.0362382,0,0,-129
1767173180.0462382,-4,3,-125
1767173180.0562382,-3,6,-126
1767173180.0662382,-2,5,-126
1767173180.0762382,-4,5,-123
1767173180.086238,-6,2,-128
1767173180.096238,-8,0,-131
1767173180.106238,-9,0,-133
1767173180.116238,-6,1,-145
1767173180.126238,-3,2,-146
1767173180.136238,-3,1,-141
1767173180.146238,-3,1,-132
1767173180.156238,-8,0,-133
1767173180.166238,-9,-3,-129
1767173180.176238,-8,-1,-130
1767173180.1972382,-8,-1,-124
1767173180.2062385,-1,-3,-124
1767173180.2162385,0,-5,-121
1767173180.2262385,0,-3,-125
1767173180.2362382,-3,-4,-124
1767173180.2462382,-2,-4,-123
1767173180.2562382,0,-8,-127
1767173180.2662382,-1,-4,-120
1767173180.2762382,0,-4,-117
1767173180.2862382,3,-6,-120
1767173180.2962382,4,-6,-126
1767173180.3062382,0,-4,-129
1767173180.3162382,-2,-7,-122
1767173180.3262382,0,-4,-123
1767173180.336238,-2,-7,-119
1767173180.346238,-1,-8,-123
1767173180.356238,-4,-3,-127
1767173180.366238,-2,-2,-123
1767173180.376238,0,-1,-121
1767173180.386238,-4,-2,-123
1767173180.396238,-4,-10,-124
1767173180.406238,-9,-10,-129
1767173180.416238,-13,-6,-128
1767173180.426238,-9,-3,-126
1767173180.436238,-8,-2,-121
1767173180.446238,-5,0,-122
1767173180.4562385,-6,0,-129
1767173180.4662385,-6,0,-129
1767173180.4762385,-6,0,-128
1767173180.4862382,-3,0,-128
1767173180.4962382,-7,0,-124
1767173180.5062382,-7,-2,-119
1767173180.5162382,-6,-4,-126
1767173180.5262382,-8,-3,-128
1767173180.5362382,-4,-1,-127
1767173180.5462382,-4,-4,-130
1767173180.5562382,-1,-2,-128
1767173180.5662382,-3,-1,-126
1767173180.5762382,-2,-3,-130
1767173180.586238,-5,-4,-131
1767173180.596238,-1,-6,-128
1767173180.606238,-1,-6,-127
1767173180.616238,2,-7,-132
1767173180.626238,5,-4,-127
1767173180.636238,2,-5,-127
1767173180.646238,-2,-10,-132
1767173180.656238,-1,-8,-134
1767173180.666238,0,-7,-127
1767173180.676238,2,-3,-125
1767173180.686238,0,-3,-130
1767173180.696238,-2,0,-122
1767173180.7062385,-2,-1,-123
1767173180.7162385,0,1,-125
1767173180.7262385,-1,1,-127
1767173180.7362382,-2,0,-126
1767173180.7462382,0,-1,-126
1767173180.7562382,-1,-5,-123
1767173180.7662382,-2,-5,-128
1767173180.7762382,-1,-5,-130
1767173180.7862382,-2,0,-133
1767173180.7962382,0,0,-135
1767173180.8062382,-3,6,-135
1767173180.8162382,-1,4,-137
1767173180.8262382,1,1,-133
1767173180.836238,2,2,-129
1767173180.846238,3,0,-127
1767173180.856238,6,-1,-138
1767173180.866238,10,-3,-137
1767173180.876238,8,-2,-128
1767173180.886238,12,0,-128
1767173180.896238,14,-3,-133
1767173180.906238,8,-8,-136
1767173180.916238,8,-8,-133
1767173180.926238,5,-6,-134
1767173180.936238,5,-3,-134
1767173180.946238,6,1,-134
1767173180.9562385,6,0,-134
1767173180.9662385,5,0,-137
1767173180.9762385,2,-1,-137
1767173180.9862382,1,1,-133
1767173180.9962382,2,0,-129
1767173181.0062382,0,-3,-127
1767173181.0162382,0,-3,-130
1767173181.0262382,-3,-2,-124
1767173181.0362382,-2,0,-129
1767173181.0462382,0,0,-129
1767173181.0562382,6,-5,-134
1767173181.0662382,3,-3,-140
1767173181.0762382,-3,-1,-139
1767173181.086238,0,-4,-126
1767173181.096238,-1,-6,-120
1767173181.106238,0,-5,-124
1767173181.116238,-2,-3,-127
1767173181.126238,-2,-2,-128
1767173181.136238,-3,-4,-132
1767173181.146238,-2,-4,-133
1767173181.156238,0,-3,-132
1767173181.166238,5,6,-132
1767173181.1772382,1,6,-135
1767173181.186238,1,1,-132
1767173181.196238,2,0,-134
1767173181.2062385,0,-2,-137
1767173181.2162385,2,-2,-140
1767173181.2262385,-2,1,-138
1767173181.2362382,-4,0,-139
1767173181.2472382,-4,-3,-141
1767173181.257238,-3,-2,-140
1767173181.267238,0,-3,-139
1767173181.277238,0,-1,-128
1767173181.287238,0,-3,-121
1767173181.297238,1,-3,-122
1767173181.307238,6,-1,-123
1767173181.317238,8,1,-121
1767173181.327238,5,3,-120
1767173181.337238,5,3,-120
1767173181.347238,7,0,-115
1767173181.357238,2,2,-120
1767173181.367238,0,5,-119
1767173181.377238,0,1,-118
1767173181.3872385,2,4,-121
1767173181.3972385,4,0,-123
1767173181.4072382,1,0,-123
1767173181.4172382,-2,-2,-130
1767173181.4272382,-7,0,-138
1767173181.4372382,-6,-4,-137
1767173181.4472382,-6,-1,-133
1767173181.4572382,-7,-3,-134
1767173181.4672382,-3,-5,-130
1767173181.4772382,-1,-2,-129
1767173181.4872382,1,-1,-130
1767173181.4972382,2,2,-127
1767173181.507238,3,5,-128
1767173181.517238,0,8,-131
1767173181.527238,2,8,-130
1767173181.537238,0,6,-129
1767173181.547238,0,3,-129
1767173181.557238,4,1,-135
1767173181.567238,8,2,-135
1767173181.577238,8,0,-136
1767173181.587238,9,-1,-134
1767173181.597238,7,0,-134
1767173181.607238,4,-4,-127
1767173181.617238,3,-3,-128
1767173181.627238,3,2,-126
1767173181.6372385,3,5,-121
1767173181.6472385,3,3,-124
1767173181.6572382,0,0,-133
1767173181.6672382,1,3,-130
1767173181.6772382,-1,3,-133
1767173181.6872382,-9,2,-132
1767173181.6972382,-6,2,-137
1767173181.7072382,-6,0,-138
1767173181.7172382,-6,-1,-134
1767173181.7272382,0,-2,-135
1767173181.7372382,-1,-1,-140
1767173181.7472382,-4,0,-139
1767173181.757238,-5,0,-138
1767173181.767238,-6,0,-137
1767173181.777238,-5,-1,-136
1767173181.787238,-2,-3,-140
1767173181.797238,0,0,-141
1767173181.807238,-2,5,-138
1767173181.817238,-1,5,-137
1767173181.827238,-3,1,-138
1767173181.837238,-5,0,-134
1767173181.847238,-4,-1,-132
1767173181.857238,-2,0,-138
1767173181.867238,-2,2,-133
1767173181.877238,0,2,-133
1767173181.8872385,3,2,-130
1767173181.8972385,3,0,-131
1767173181.9072382,0,-1,-138
1767173181.9172382,0,-1,-139
1767173181.9272382,0,0,-137
1767173181.9372382,-2,1,-132
1767173181.9472382,-1,-1,-131
1767173181.9572382,-1,-1,-130
1767173181.9672382,1,-3,-131
1767173181.9772382,0,-3,-137
1767173181.9872382,-1,-3,-129
1767173181.9972382,-5,-4,-131
1767173182.007238,-9,-3,-126
1767173182.017238,-10,-2,-123
1767173182.027238,-10,-1,-125
1767173182.037238,-4,-4,-128
1767173182.047238,1,-2,-126
1767173182.057238,1,-2,-123
1767173182.067238,0,-1,-117
1767173182.077238,0,-2,-115
1767173182.087238,-1,-3,-123
1767173182.097238,-1,-3,-125
1767173182.107238,0,-4,-124
1767173182.117238,0,-3,-130
1767173182.127238,-2,-1,-130
1767173182.1372385,0,-7,-124
1767173182.1472385,0,-10,-124
1767173182.1572382,3,-10,-129
1767173182.1672382,3,-8,-131
1767173182.1772382,9,-12,-124
1767173182.1872382,5,-6,-121
1767173182.1972382,4,-5,-123
1767173182.2072382,2,-5,-126
1767173182.2172382,0,-4,-125
1767173182.2272382,1,0,-131
1767173182.2372382,6,3,-131
1767173182.2472382,4,5,-131
1767173182.257238,1,1,-133
1767173182.267238,3,0,-135
1767173182.277238,4,-2,-129
1767173182.287238,6,-2,-125
1767173182.297238,10,-1,-130
1767173182.307238,7,-1,-127
1767173182.317238,3,-1,-134
1767173182.327238,2,-2,-128
1767173182.337238,3,0,-126
1767173182.347238,1,-2,-124
1767173182.357238,0,-2,-125
1767173182.367238,0,-2,-124
1767173182.377238,2,-2,-121
1767173182.3872385,1,0,-121
1767173182.3972385,4,0,-123
1767173182.4072382,1,-3,-131
1767173182.4172382,0,-2,-133
1767173182.4272382,-1,2,-130
1767173182.4372382,-1,2,-129
1767173182.4472382,-4,-2,-133
1767173182.4572382,2,-1,-135
1767173182.4672382,8,0,-132
1767173182.4772382,5,0,-135
1767173182.4872382,3,0,-136
1767173182.4972382,2,2,-139
1767173182.507238,0,-1,-139
1767173182.517238,-2,-1,-132
1767173182.527238,0,-1,-134
1767173182.537238,1,-1,-128
1767173182.547238,0,-3,-132
1767173182.557238,1,-5,-132
1767173182.567238,3,-6,-131
1767173182.577238,3,-3,-126
1767173182.587238,4,-1,-120
1767173182.597238,2,1,-125
1767173182.607238,0,-2,-128
1767173182.617238,-5,-5,-132
1767173182.627238,-6,-4,-126
1767173182.6372385,-2,-3,-125
1767173182.6472385,-5,0,-127
1767173182.6572382,0,-3,-121
1767173182.6672382,-2,-9,-120
1767173182.6772382,-5,-9,-117
1767173182.6872382,-2,-8,-121
1767173182.6972382,-2,-8,-124
1767173182.7072382,-4,-8,-129
1767173182.7172382,-7,-6,-136
1767173182.7272382,-7,-6,-140
1767173182.7372382,-4,-6,-137
1767173182.7472382,-1,-9,-127
1767173182.757238,-6,-7,-128
1767173182.767238,-8,-7,-126
1767173182.777238,-11,-10,-128
1767173182.787238,-10,-10,-134
1767173182.797238,-8,-12,-129
1767173182.807238,-3,-11,-125
1767173182.817238,0,-7,-125
1767173182.827238,0,-7,-120
1767173182.837238,0,-4,-120
1767173182.847238,-4,0,-127
1767173182.857238,1,2,-129
1767173182.867238,3,2,-128
1767173182.877238,3,2,-128
1767173182.8872385,0,0,-125
1767173182.8972385,0,0,-133
1767173182.9072382,-1,-3,-135
1767173182.9172382,1,-4,-136
1767173182.9272382,2,-4,-135
1767173182.9372382,0,-1,-133
1767173182.9472382,1,2,-131
1767173182.9572382,1,3,-132
1767173182.9672382,0,4,-130
1767173182.9772382,-1,0,-128
1767173182.9872382,-5,-2,-125
1767173182.9972382,-6,-1,-125
1767173183.007238,-1,-3,-123
1767173183.017238,3,1,-134
1767173183.027238,1,1,-136
1767173183.037238,-1,-1,-132
1767173183.047238,-3,-1,-129
1767173183.057238,-4,0,-127
1767173183.067238,-5,1,-129
1767173183.077238,-7,-2,-128
1767173183.087238,-6,-4,-132
1767173183.097238,-8,-1,-129
1767173183.107238,-5,1,-130
1767173183.117238,0,1,-127
1767173183.127238,-6,-3,-130
1767173183.1372385,-3,-9,-130
1767173183.1472385,-2,-8,-129
1767173183.1572382,1,-10,-130
1767173183.1672382,0,-8,-131
1767173183.1772382,-1,-5,-132
1767173183.1872382,-4,-7,-126
1767173183.1972382,0,-4,-129
1767173183.2072382,0,-4,-127
1767173183.2172382,-2,-3,-120
1767173183.2272382,-5,-1,-123
1767173183.2372382,-9,-2,-127
1767173183.2472382,-11,-3,-133
1767173183.257238,-8,-3,-129
1767173183.267238,-8,-1,-136
1767173183.277238,-7,-2,-139
1767173183.287238,-7,-1,-137
1767173183.297238,-5,-3,-135
1767173183.307238,-5,-4,-142
1767173183.317238,-4,-3,-144
1767173183.327238,-3,-3,-139
1767173183.337238,2,-3,-139
1767173183.347238,0,-5,-131
1767173183.357238,1,-7,-124
1767173183.367238,0,-5,-121
1767173183.377238,0,-3,-124
1767173183.3872385,-2,-3,-130
1767173183.3972385,-2,-2,-130
1767173183.4072382,-2,0,-130
1767173183.4172382,-2,-3,-133
1767173183.4272382,0,-1,-132
1767173183.4372382,-3,-1,-134
1767173183.4472382,-9,-2,-134
1767173183.4572382,-7,-4,-137
1767173183.4672382,-6,-5,-135
1767173183.4772382,0,0,-130
1767173183.4872382,4,0,-136
1767173183.4972382,0,3,-140
1767173183.507238,-2,2,-138
1767173183.517238,-2,5,-142
1767173183.527238,2,1,-141
1767173183.537238,10,1,-131
1767173183.547238,11,0,-129
1767173183.557238,8,0,-127
1767173183.567238,6,-1,-130
1767173183.577238,7,0,-128
1767173183.587238,6,1,-128
1767173183.597238,4,1,-127
1767173183.607238,5,-1,-133
1767173183.617238,8,-3,-134
1767173183.627238,11,-5,-131
1767173183.6372385,9,-7,-130
1767173183.6472385,10,-6,-134
1767173183.6572382,6,-1,-132
1767173183.6672382,2,0,-127
1767173183.6772382,4,-5,-122
1767173183.6872382,8,-5,-120
1767173183.6972382,5,-8,-124
1767173183.7072382,9,-1,-130
1767173183.7172382,5,-1,-133
1767173183.7272382,4,0,-140
1767173183.7372382,3,2,-145
1767173183.7472382,8,0,-143
1767173183.757238,9,0,-131
1767173183.767238,9,-3,-131
1767173183.777238,8,-2,-130
1767173183.787238,8,-3,-130
1767173183.797238,2,-2,-130
1767173183.807238,0,-7,-124
1767173183.8182385,0,-8,-115
1767173183.827238,0,-8,-117
1767173183.837238,0,-5,-119
1767173183.8482382,0,-4,-119
1767173183.8582382,0,-3,-111
1767173183.8682382,3,-5,-116
1767173183.8782382,0,-2,-118
1767173183.8882382,0,-1,-116
1767173183.8982382,-1,1,-117
1767173183.9082382,0,4,-122
1767173183.9182382,0,1,-126
1767173183.9282382,-2,1,-126
1767173183.938238,-3,1,-124
1767173183.948238,-3,1,-127
1767173183.958238,-3,0,-122
1767173183.968238,-4,-3,-123
1767173183.978238,-3,0,-127
1767173183.988238,-4,0,-128
1767173183.998238,0,3,-124
1767173184.008238,3,2,-129
1767173184.018238,0,2,-132
1767173184.028238,-4,6,-130
1767173184.038238,-4,2,-133
1767173184.048238,-2,2,-129
1767173184.0582385,-2,2,-128
1767173184.0682385,-2,1,-126
1767173184.0782382,-4,2,-130
1767173184.0882382,-5,2,-141
1767173184.0982382,-5,-4,-139
1767173184.1082382,-4,-4,-136
1767173184.1182382,-4,-3,-130
1767173184.1282382,-2,-3,-132
1767173184.1382382,-2,-5,-132
1767173184.1482382,-4,-2,-134
1767173184.1582382,-3,-2,-134
1767173184.1682382,-5,-3,-136
1767173184.1782382,-5,-3,-133
1767173184.188238,-5,1,-132
1767173184.198238,-1,0,-136
1767173184.208238,2,-1,-141
1767173184.218238,0,0,-139
1767173184.228238,-1,-4,-136
1767173184.238238,4,-4,-133
1767173184.248238,5,-4,-133
1767173184.258238,9,-5,-133
1767173184.268238,4,-3,-129
1767173184.278238,5,0,-127
1767173184.288238,3,-2,-128
1767173184.298238,3,0,-126
1767173184.3082385,3,3,-128
1767173184.3182385,4,4,-127
1767173184.3282382,3,5,-130
1767173184.3382382,-2,0,-130
1767173184.3482382,-6,2,-130
1767173184.3582382,-6,1,-130
1767173184.3682382,-5,0,-129
1767173184.3782382,-2,0,-122
1767173184.3882382,-6,1,-116
1767173184.3982382,-4,0,-120
1767173184.4082382,-2,-1,-123
1767173184.4182382,-2,-1,-128
1767173184.4282382,-2,-2,-123
1767173184.438238,-6,-1,-125
1767173184.448238,-7,-4,-122
1767173184.458238,-1,-6,-123
1767173184.468238,3,-5,-126
1767173184.478238,6,-3,-129
1767173184.488238,5,-3,-130
1767173184.498238,2,-1,-127
1767173184.508238,5,-4,-126
1767173184.518238,3,-4,-121
1767173184.528238,1,-1,-126
1767173184.538238,-2,-4,-126
1767173184.548238,0,-3,-124
1767173184.5582385,3,-3,-120
1767173184.5682385,1,0,-118
1767173184.5782382,2,-2,-117
1767173184.5882382,3,-4,-120
1767173184.5982382,4,-6,-122
1767173184.6082382,2,-2,-123
1767173184.6182382,2,-1,-123
1767173184.6282382,0,-6,-125
1767173184.6382382,0,-7,-127
1767173184.6482382,2,-7,-126
1767173184.6582382,-2,-5,-126
1767173184.6682382,-7,0,-124
1767173184.6782382,-4,-1,-133
1767173184.688238,-4,0,-136
1767173184.698238,-2,-1,-143
1767173184.708238,-2,1,-147
1767173184.718238,1,2,-140
1767173184.728238,2,1,-142
1767173184.738238,1,2,-138
1767173184.748238,5,5,-138
1767173184.758238,0,6,-130
1767173184.768238,3,6,-133
1767173184.778238,3,5,-128
1767173184.788238,6,2,-132
1767173184.798238,9,2,-126
1767173184.8082385,7,3,-123
1767173184.8182385,8,0,-119
1767173184.8282382,7,-1,-124
1767173184.8382382,7,-3,-124
1767173184.8482382,3,-5,-129
1767173184.8582382,1,-5,-134
1767173184.8682382,4,-1,-136
1767173184.8782382,1,0,-132
1767173184.8882382,1,0,-132
1767173184.8982382,2,0,-137
1767173184.9082382,0,0,-142
1767173184.9182382,3,-1,-139
1767173184.9282382,2,-4,-134
1767173184.938238,1,-2,-139
1767173184.948238,2,-1,-143
1767173184.958238,1,-3,-149
1767173184.968238,3,-6,-146
1767173184.978238,3,-5,-139
1767173184.988238,1,-2,-134
1767173184.998238,5,-6,-123
1767173185.008238,2,-9,-117
1767173185.018238,0,-6,-119
1767173185.028238,0,-4,-119
1767173185.038238,-2,-8,-116
1767173185.048238,0,-7,-122
1767173185.0582385,-2,-3,-126
1767173185.0682385,-4,-3,-126
1767173185.0782382,-3,0,-126
1767173185.0882382,2,0,-124
1767173185.0982382,4,-2,-128
1767173185.1082382,2,-2,-130
1767173185.1182382,3,-3,-133
1767173185.1282382,2,0,-125
1767173185.1382382,1,0,-130
1767173185.1482382,0,-1,-131
1767173185.1582382,1,-1,-131
1767173185.1682382,-1,-2,-129
1767173185.1782382,-3,0,-130
1767173185.188238,-1,0,-137
1767173185.209238,1,-5,-139
1767173185.218238,6,-5,-142
1767173185.228238,3,-5,-141
1767173185.238238,8,-4,-136
1767173185.248238,9,2,-139
1767173185.258238,4,1,-137
1767173185.268238,7,0,-134
1767173185.278238,2,0,-130
1767173185.288238,0,0,-129
1767173185.298238,0,0,-131
1767173185.3082385,-2,3,-129
1767173185.3182385,0,7,-124
1767173185.3282382,0,5,-135
1767173185.3382382,3,7,-137
1767173185.3482382,0,2,-136
1767173185.3582382,0,0,-135
1767173185.3682382,6,1,-139
1767173185.3782382,3,-3,-140
1767173185.3882382,1,-5,-137
1767173185.3982382,0,-8,-133
1767173185.4082382,0,-4,-134
1767173185.4182382,-6,-8,-132
1767173185.4282382,0,-8,-132
1767173185.438238,-5,-7,-134
1767173185.448238,-5,-6,-130
1767173185.458238,-4,-7,-128
1767173185.468238,-1,-9,-131
1767173185.478238,-2,-9,-130
1767173185.488238,0,-5,-132
1767173185.498238,-1,-4,-130
1767173185.508238,0,-4,-129
1767173185.518238,1,-4,-131
1767173185.528238,4,-4,-129
1767173185.538238,4,-2,-130
1767173185.548238,0,0,-130
1767173185.5582385,4,0,-130
1767173185.5682385,5,-1,-126
1767173185.5782382,1,0,-127
1767173185.5882382,1,0,-131
1767173185.5982382,-1,0,-131
1767173185.6082382,-3,-2,-132
1767173185.6182382,-6,-4,-141
1767173185.6282382,-5,-3,-142
1767173185.6382382,-3,-8,-142
1767173185.6482382,-4,-6,-139
1767173185.6582382,-4,-6,-139
1767173185.6682382,-5,-6,-139
1767173185.6782382,-1,-7,-144
1767173185.688238,0,-2,-139
1767173185.698238,-1,-3,-140
1767173185.708238,-1,-7,-142
1767173185.718238,-2,-6,-142
1767173185.728238,-7,-2,-142
1767173185.738238,-9,-3,-141
1767173185.748238,-5,-3,-138
1767173185.758238,-1,-3,-140
1767173185.768238,-5,0,-135
1767173185.778238,0,5,-136
1767173185.788238,1,2,-131
1767173185.798238,1,1,-125
1767173185.8082385,3,0,-126
1767173185.8182385,3,-4,-125
1767173185.8292382,1,-4,-121
1767173185.8382382,0,-2,-121
1767173185.8482382,4,0,-125
1767173185.8582382,5,-2,-124
1767173185.8682382,8,-3,-122
1767173185.8782382,2,-5,-120
1767173185.8882382,6,-2,-119
1767173185.8982382,4,-2,-118
1767173185.9082382,6,-3,-118
1767173185.9182382,2,-3,-115
1767173185.9282382,-4,-3,-116
1767173185.938238,-5,3,-122
1767173185.948238,-3,3,-117
1767173185.958238,-2,0,-119
1767173185.968238,-3,-1,-119
1767173185.978238,-4,1,-120
1767173185.988238,-3,4,-120
1767173185.998238,-2,2,-127
1767173186.008238,0,0,-133
1767173186.018238,0,-3,-137
1767173186.028238,0,-2,-135
1767173186.038238,0,-2,-131
1767173186.048238,-1,0,-126
1767173186.0582385,0,0,-126
1767173186.0682385,1,1,-129
1767173186.0782382,-3,0,-132
1767173186.0882382,0,0,-132
1767173186.0982382,0,-1,-143
1767173186.1082382,1,2,-134
1767173186.1182382,0,1,-132
1767173186.1282382,0,0,-137
1767173186.1382382,-1,0,-136
1767173186.1482382,-2,0,-136
1767173186.1582382,-3,-2,-139
1767173186.1682382,-3,3,-133
1767173186.1782382,-4,1,-134
1767173186.188238,-5,0,-126
1767173186.198238,-2,-1,-119
1767173186.208238,0,4,-121
1767173186.218238,-1,0,-123
1767173186.228238,-4,1,-132
1767173186.238238,-1,-1,-138
1767173186.248238,3,2,-140
1767173186.258238,2,1,-145
1767173186.268238,2,0,-136
1767173186.278238,-1,-3,-135
1767173186.288238,0,-1,-131
1767173186.298238,-1,1,-121
1767173186.3082385,-3,-3,-116
1767173186.3182385,-1,-3,-116
1767173186.3282382,-4,-3,-122
1767173186.3382382,-2,0,-122
1767173186.3482382,-6,-2,-120
1767173186.3582382,-6,-2,-120
1767173186.3682382,-4,0,-123
1767173186.3782382,-6,-1,-122
1767173186.3882382,-7,-5,-122
1767173186.3982382,-5,-9,-119
1767173186.4082382,-1,-10,-121
1767173186.4182382,-5,-6,-126
1767173186.4282382,0,-5,-130
1767173186.438238,2,-1,-130
1767173186.448238,1,0,-128
1767173186.458238,-1,0,-128
1767173186.468238,-3,-3,-136
1767173186.478238,-5,-2,-138
1767173186.488238,-2,0,-135
1767173186.498238,-1,0,-133
1767173186.5092382,-4,2,-135
1767173186.5192382,-8,3,-135
1767173186.5292382,-4,2,-129
1767173186.5392382,2,3,-124
1767173186.5492382,4,2,-122
1767173186.5592382,8,-2,-118
1767173186.5692382,5,-5,-130
1767173186.5792382,1,-5,-142
1767173186.5892382,2,-5,-142
1767173186.5992382,2,-10,-148
1767173186.609238,-1,-8,-143
1767173186.619238,0,-6,-143
1767173186.629238,-2,-4,-145
1767173186.639238,0,-6,-136
1767173186.649238,2,-8,-138
1767173186.659238,2,-7,-138
1767173186.669238,2,-3,-138
1767173186.679238,0,0,-136
1767173186.689238,3,-1,-128
1767173186.699238,0,2,-129
1767173186.709238,1,1,-124
1767173186.719238,0,1,-116
1767173186.7292385,-1,3,-118
1767173186.7392385,0,0,-121
1767173186.7492385,0,-5,-122
1767173186.7592382,5,-5,-120
1767173186.7692382,5,-3,-117
1767173186.7792382,0,-3,-114
1767173186.7892382,-1,-1,-128
1767173186.7992382,-1,1,-127
1767173186.8092382,0,1,-133
1767173186.8192382,0,3,-135
1767173186.8292382,0,3,-131
1767173186.8392382,5,5,-128
1767173186.8492382,3,5,-126
1767173186.859238,2,2,-125
1767173186.869238,7,-2,-132
1767173186.879238,7,-7,-134
1767173186.889238,3,-10,-132
1767173186.899238,3,-6,-133
1767173186.909238,4,-6,-131
1767173186.919238,4,-7,-125
1767173186.929238,3,-10,-127
1767173186.939238,5,-7,-120
1767173186.949238,1,-6,-117
1767173186.959238,1,-5,-115
1767173186.969238,-5,-4,-119
1767173186.9792385,-3,-7,-118
1767173186.9892385,-7,-7,-120
1767173186.9992385,-8,-7,-119
1767173187.0092382,-7,-6,-120
1767173187.0192382,-6,-3,-118
1767173187.0292382,0,0,-116
1767173187.0392382,0,-1,-120
1767173187.0492382,-3,-1,-125
1767173187.0592382,-8,-5,-124
1767173187.0692382,-9,-6,-123
1767173187.0792382,-8,-1,-126
1767173187.0892382,-7,-2,-129
1767173187.0992382,-6,0,-129
1767173187.109238,-5,-6,-138
1767173187.119238,-1,-3,-140
1767173187.129238,0,-1,-133
1767173187.139238,-1,0,-122
1767173187.149238,-7,2,-127
1767173187.159238,-9,-1,-125
1767173187.169238,-9,0,-126
1767173187.179238,-8,0,-127
1767173187.189238,-6,0,-126
1767173187.199238,0,0,-128
1767173187.209238,1,-3,-133
1767173187.219238,0,-2,-122
1767173187.2292385,0,1,-117
1767173187.2392385,1,1,-122
1767173187.2492385,-1,0,-125
1767173187.2592382,1,1,-125
1767173187.2692382,-2,0,-123
1767173187.2792382,-2,3,-126
1767173187.2892382,-3,1,-127
1767173187.2992382,-2,-2,-131
1767173187.3092382,-3,0,-130
1767173187.3192382,-3,-2,-123
1767173187.3292382,-4,-5,-121
1767173187.3392382,-7,-3,-129
1767173187.3492382,-7,-5,-127
1767173187.359238,-4,-5,-130
1767173187.369238,-3,-5,-135
1767173187.379238,-4,-1,-135
1767173187.389238,-7,-3,-129
1767173187.399238,-6,-2,-132
1767173187.409238,-4,-2,-127
1767173187.419238,-4,-2,-128
1767173187.429238,-8,-3,-125
1767173187.439238,-12,-2,-125
1767173187.449238,-8,0,-126
1767173187.459238,-6,0,-122
1767173187.469238,-9,0,-119
1767173187.4792385,-12,1,-121
1767173187.4892385,-11,5,-119
1767173187.4992385,-10,8,-119
1767173187.5092382,-13,13,-117
1767173187.5192382,-6,8,-117
1767173187.5292382,-1,4,-115
1767173187.5392382,1,3,-118
1767173187.5492382,-3,1,-116
1767173187.5592382,-2,-2,-118
1767173187.5692382,0,-3,-121
1767173187.5792382,-4,-2,-122
1767173187.5892382,-6,-3,-125
1767173187.5992382,-6,0,-124
1767173187.609238,-5,1,-127
1767173187.619238,-4,-1,-130
1767173187.629238,-3,1,-131
1767173187.639238,-1,0,-131
1767173187.649238,-4,0,-138
1767173187.659238,0,0,-133
1767173187.669238,0,3,-124
1767173187.679238,2,5,-122
1767173187.689238,-1,4,-125
1767173187.699238,-3,-1,-129
1767173187.709238,-2,0,-127
1767173187.719238,0,0,-129
1767173187.7292385,1,-5,-129
1767173187.7392385,2,-5,-133
1767173187.7492385,0,-5,-133
1767173187.7592382,1,-6,-139
1767173187.7692382,-1,-3,-140
1767173187.7792382,-3,-2,-138
1767173187.7892382,-1,-6,-142
1767173187.7992382,0,-5,-136
1767173187.8092382,0,-3,-134
1767173187.8192382,-3,-3,-130
1767173187.8292382,-2,-4,-126
1767173187.8392382,-3,-3,-125
1767173187.8492382,-4,-5,-120
1767173187.859238,-3,-5,-125
1767173187.869238,-3,-6,-130
1767173187.879238,-2,-7,-139
1767173187.889238,0,-8,-135
1767173187.899238,-1,-9,-134
1767173187.909238,4,-10,-125
1767173187.919238,-1,-9,-117
1767173187.929238,-3,-10,-117
1767173187.939238,-5,-6,-121
1767173187.949238,-1,-7,-126
1767173187.959238,0,-6,-124
1767173187.969238,1,-4,-123
1767173187.9792385,2,-4,-126
1767173187.9892385,-5,-3,-133
1767173187.9992385,-9,-4,-133
1767173188.0092382,-6,0,-129
1767173188.0192382,-4,0,-124
1767173188.0292382,-8,2,-124
1767173188.0392382,-1,0,-129
1767173188.0492382,0,-2,-127
1767173188.0592382,0,-3,-125
1767173188.0692382,0,0,-131
1767173188.0792382,2,0,-127
1767173188.0892382,0,1,-122
1767173188.0992382,0,0,-121
1767173188.109238,-4,-2,-117
1767173188.119238,-3,-1,-118
1767173188.129238,-2,0,-113
1767173188.139238,-2,1,-117
1767173188.149238,-7,2,-117
1767173188.159238,-6,1,-126
1767173188.169238,-4,-1,-129
1767173188.179238,-3,-3,-129
1767173188.189238,-3,-3,-121
1767173188.199238,-1,0,-120
1767173188.209238,-3,1,-121
1767173188.219238,-2,1,-126
1767173188.2292385,-4,2,-126
1767173188.2392385,-2,-1,-130
1767173188.2492385,-3,-2,-123
1767173188.2592382,-4,0,-121
1767173188.2692382,-2,0,-120
1767173188.2792382,2,1,-122
1767173188.2892382,4,0,-125
1767173188.2992382,5,-1,-125
1767173188.3092382,2,-1,-130
1767173188.3192382,-2,1,-132
1767173188.3292382,0,3,-134
1767173188.3392382,-1,3,-125
1767173188.3492382,-3,4,-122
1767173188.359238,0,2,-130
1767173188.369238,1,0,-129
1767173188.379238,0,3,-122
1767173188.389238,-1,8,-129
1767173188.399238,-2,7,-133
1767173188.409238,-3,0,-134
1767173188.419238,-2,-4,-129
1767173188.429238,-1,-4,-124
1767173188.439238,-2,-4,-126
1767173188.449238,-1,-4,-128
1767173188.459238,-6,-5,-131
1767173188.469238,-4,-2,-133
1767173188.4792385,-6,1,-134
1767173188.4892385,-7,1,-130
1767173188.4992385,-2,0,-132
1767173188.5092382,3,-1,-126
1767173188.5192382,4,0,-125
1767173188.5292382,5,1,-133
1767173188.5392382,6,-1,-131
1767173188.5492382,5,-3,-122
1767173188.5592382,4,0,-123
1767173188.5692382,3,1,-121
1767173188.5792382,2,1,-123
1767173188.5892382,6,1,-128
1767173188.5992382,5,1,-125
1767173188.609238,0,0,-124
1767173188.619238,0,-2,-123
1767173188.629238,0,0,-123
1767173188.639238,1,2,-131
1767173188.649238,-1,6,-124
1767173188.659238,-2,8,-126
1767173188.669238,0,4,-130
1767173188.679238,0,0,-128
1767173188.689238,-4,2,-125
1767173188.699238,-5,-1,-138
1767173188.709238,-6,-1,-137
1767173188.719238,-4,-1,-134
1767173188.7292385,-1,0,-123
1767173188.7392385,-1,0,-125
1767173188.7492385,-6,-3,-133
1767173188.7592382,-4,0,-141
1767173188.7692382,-4,1,-138
1767173188.7792382,-2,0,-130
1767173188.7892382,2,0,-134
1767173188.7992382,0,-3,-133
1767173188.8092382,5,-3,-134
1767173188.8192382,3,-4,-131
1767173188.8292382,5,-6,-128
1767173188.8392382,10,-7,-128
1767173188.8492382,5,-4,-128
1767173188.859238,4,-7,-125
1767173188.869238,2,-6,-121
1767173188.879238,0,-5,-122
1767173188.889238,5,-5,-125
1767173188.899238,6,0,-122
1767173188.909238,3,0,-126
1767173188.919238,6,1,-124
1767173188.929238,5,0,-126
1767173188.939238,5,1,-129
1767173188.949238,0,0,-126
1767173188.959238,0,0,-122
1767173188.969238,0,2,-120
1767173188.9792385,1,1,-127
1767173188.9892385,1,2,-136
1767173188.9992385,-1,0,-134
1767173189.0092382,-3,-4,-134
1767173189.0192382,-1,-3,-132
1767173189.0292382,-3,-4,-130
1767173189.0392382,-3,0,-139
1767173189.0492382,-1,0,-137
1767173189.0592382,0,1,-130
1767173189.070238,1,-2,-125
1767173189.080238,-1,0,-126
1767173189.090238,5,-1,-132
1767173189.0992382,10,-3,-133
1767173189.110238,6,-9,-130
1767173189.120238,4,-5,-125
1767173189.130238,0,-6,-131
1767173189.140238,-2,-2,-129
1767173189.150238,-5,-2,-132
1767173189.1602385,-3,-2,-135
1767173189.1702385,0,-6,-132
1767173189.1802382,-2,-4,-130
1767173189.1902382,-2,0,-138
1767173189.2002382,0,2,-136
1767173189.2102382,1,6,-129
1767173189.2202382,4,4,-124
1767173189.2302382,4,2,-124
1767173189.2402382,7,4,-126
1767173189.2502382,8,-1,-125
1767173189.2602382,3,1,-123
1767173189.2702382,6,0,-122
1767173189.2802382,5,-1,-125
1767173189.290238,2,-4,-123
1767173189.300238,3,-4,-121
1767173189.310238,0,1,-122
1767173189.320238,4,0,-121
1767173189.330238,2,-1,-120
1767173189.340238,-2,-3,-121
1767173189.350238,0,-4,-125
1767173189.360238,2,-4,-129
1767173189.370238,0,-4,-129
1767173189.380238,0,-5,-128
1767173189.390238,1,-6,-130
1767173189.400238,0,-2,-132
1767173189.4102385,0,0,-129
1767173189.4202385,2,0,-126
1767173189.4302382,6,1,-128
1767173189.4402382,2,2,-129
1767173189.4502382,0,1,-127
1767173189.4602382,6,-1,-130
1767173189.4702382,3,-3,-134
1767173189.4802382,0,-5,-137
1767173189.4902382,-3,-6,-127
1767173189.5002382,-1,-4,-132
1767173189.5102382,2,0,-137
1767173189.5202382,9,4,-135
1767173189.5302382,12,1,-137
1767173189.540238,12,-2,-138
1767173189.550238,5,-3,-133
1767173189.560238,1,0,-134
1767173189.570238,-1,-3,-138
1767173189.580238,-3,-4,-138
1767173189.590238,-2,2,-139
1767173189.600238,2,0,-134
1767173189.610238,2,0,-133
1767173189.620238,0,0,-138
1767173189.630238,0,-3,-139
1767173189.640238,-3,-5,-146
1767173189.650238,-2,-6,-145
1767173189.6602385,1,-3,-143
1767173189.6702385,4,0,-138
1767173189.6802382,1,1,-130
1767173189.6902382,-1,-1,-128
1767173189.7002382,-3,-1,-129
1767173189.7102382,-2,0,-128
1767173189.7202382,-1,-2,-123
1767173189.7302382,0,-1,-117
1767173189.7402382,0,-3,-120
1767173189.7502382,-1,-1,-120
1767173189.7602382,-4,-5,-118
1767173189.7702382,-2,-7,-118
1767173189.7802382,-7,-9,-116
1767173189.790238,-5,-10,-126
1767173189.800238,-4,-6,-130
1767173189.810238,-2,-8,-132
1767173189.820238,0,-8,-131
1767173189.830238,1,-7,-128
1767173189.840238,-3,-8,-126
1767173189.850238,-13,-7,-125
1767173189.860238,-10,-6,-134
1767173189.870238,-9,-7,-137
1767173189.880238,-8,-4,-135
1767173189.890238,-8,-3,-132
1767173189.900238,-9,-4,-134
1767173189.9102385,-10,0,-131
1767173189.9202385,-4,-2,-131
1767173189.9302382,-3,-4,-128
1767173189.9402382,-3,-5,-122
1767173189.9502382,-4,-1,-127
1767173189.9602382,-8,-4,-126
1767173189.9702382,-11,-1,-127
1767173189.9802382,-12,-3,-121
1767173189.9902382,-11,-1,-121
1767173190.0002382,-6,-1,-114
1767173190.0102382,-5,-2,-121
1767173190.0202382,-2,0,-130
1767173190.0302382,0,0,-131
1767173190.040238,4,2,-136
1767173190.050238,6,5,-132
1767173190.060238,5,5,-127
1767173190.070238,7,8,-123
1767173190.080238,0,3,-120
1767173190.090238,-3,0,-120
1767173190.100238,-7,0,-124
1767173190.110238,-6,0,-126
1767173190.120238,-8,-1,-135
1767173190.130238,-7,0,-136
1767173190.140238,-7,-5,-135
1767173190.150238,-6,-1,-136
1767173190.1602385,-5,-1,-137
1767173190.1702385,-5,-5,-137
1767173190.1802382,1,-2,-140
1767173190.1902382,2,0,-138
1767173190.2002382,0,0,-129
1767173190.221238,2,-3,-123
1767173190.2302382,0,-2,-131
1767173190.2402382,0,-3,-131
1767173190.2502382,-1,-4,-133
1767173190.2602382,-2,-4,-133
1767173190.2702382,-4,-4,-130
1767173190.2802382,-2,-2,-130
1767173190.290238,-1,-4,-136
1767173190.300238,-1,-2,-130
1767173190.310238,0,0,-129
1767173190.320238,0,0,-128
1767173190.330238,0,0,-125
1767173190.340238,-1,0,-130
1767173190.350238,-4,0,-127
1767173190.360238,-3,0,-124
1767173190.370238,-6,2,-128
1767173190.380238,-6,3,-129
1767173190.390238,-7,0,-127
1767173190.400238,-8,1,-127
1767173190.4102385,-9,-2,-129
1767173190.4202385,-9,-7,-132
1767173190.4302382,-8,-10,-133
1767173190.4402382,-8,-8,-131
1767173190.4502382,-7,-7,-133
1767173190.4602382,-7,-4,-134
1767173190.4702382,-6,-4,-135
1767173190.4802382,-4,0,-138
1767173190.4902382,3,0,-141
1767173190.5002382,6,1,-142
1767173190.5102382,8,-1,-144
1767173190.5202382,3,-6,-136
1767173190.5302382,8,-4,-129
1767173190.540238,3,-4,-127
1767173190.550238,0,-8,-129
1767173190.560238,1,-4,-130
1767173190.570238,1,-4,-132
1767173190.580238,-1,-4,-132
1767173190.590238,-5,-5,-136
1767173190.600238,-5,-7,-134
1767173190.610238,-6,-6,-133
1767173190.620238,-6,-5,-131
1767173190.630238,-3,-6,-126
1767173190.640238,-1,-6,-124
1767173190.650238,-2,-6,-129
1767173190.6602385,1,0,-135
1767173190.6702385,0,0,-129
1767173190.6802382,2,0,-123
1767173190.6902382,1,1,-120
1767173190.7002382,5,0,-119
1767173190.7102382,2,-4,-119
1767173190.7202382,4,-6,-121
1767173190.7302382,4,-4,-127
1767173190.7402382,3,-3,-127
1767173190.7502382,-3,-2,-129
1767173190.7602382,-5,-2,-126
1767173190.7702382,-3,-3,-132
1767173190.7802382,-4,0,-132
1767173190.790238,0,1,-137
1767173190.800238,0,1,-131
1767173190.810238,0,-2,-127
1767173190.820238,0,-1,-122
1767173190.830238,-4,-3,-127
1767173190.840238,-4,-2,-122
1767173190.850238,-3,0,-117
1767173190.860238,-3,0,-117
1767173190.870238,0,1,-120
1767173190.880238,-1,1,-121
1767173190.890238,-4,0,-116
1767173190.900238,0,0,-122
1767173190.9102385,0,0,-133
1767173190.9202385,-3,-2,-132
1767173190.9302382,-7,-3,-132
1767173190.9402382,-6,-4,-131
1767173190.9502382,-6,-4,-127
1767173190.9602382,-8,-2,-127
1767173190.9702382,-9,-1,-130
1767173190.9802382,-6,0,-133
1767173190.9902382,-7,-3,-137
1767173191.0002382,-5,-5,-136
1767173191.0102382,-4,-6,-129
1767173191.0202382,-3,-3,-125
1767173191.0302382,-4,0,-133
1767173191.040238,-5,2,-135
1767173191.050238,-2,5,-133
1767173191.060238,3,4,-133
1767173191.070238,1,1,-133
1767173191.080238,2,1,-135
1767173191.090238,1,0,-131
1767173191.100238,7,-1,-130
1767173191.110238,6,-5,-129
1767173191.120238,5,-6,-127
1767173191.130238,0,-6,-126
1767173191.140238,-1,-3,-131
1767173191.150238,1,-3,-134
1767173191.1602385,2,-1,-127
1767173191.1702385,0,-6,-126
1767173191.1802382,0,-8,-123
1767173191.1902382,0,-7,-121
1767173191.2002382,-1,-3,-118
1767173191.2102382,0,-3,-120
1767173191.2202382,1,-3,-122
1767173191.2302382,-3,-1,-123
1767173191.2402382,-2,-2,-121
1767173191.2502382,-3,1,-126
1767173191.2602382,0,3,-122
1767173191.2702382,0,0,-124
1767173191.2802382,0,-2,-126
1767173191.290238,0,-3,-126
1767173191.300238,0,-2,-128
1767173191.310238,0,0,-129
1767173191.320238,0,1,-129
1767173191.330238,-3,-2,-121
1767173191.340238,-3,-3,-116
1767173191.350238,-5,-3,-117
1767173191.360238,0,-5,-115
1767173191.370238,-1,-1,-125
1767173191.380238,-2,0,-128
1767173191.390238,0,-1,-129
1767173191.400238,0,-3,-126
1767173191.4102385,-1,-5,-135
1767173191.4202385,-2,-2,-138
1767173191.4302382,-1,0,-131
1767173191.4402382,-5,-3,-131
1767173191.4502382,-3,-1,-132
1767173191.4602382,-4,0,-133
1767173191.4702382,-6,0,-131
1767173191.4802382,-7,0,-134
1767173191.4902382,-1,-1,-126
1767173191.5002382,1,0,-126
1767173191.5102382,0,3,-127
1767173191.5202382,0,-1,-129
1767173191.5302382,-2,-3,-132
1767173191.540238,2,3,-132
1767173191.550238,1,0,-137
1767173191.560238,2,-2,-134
1767173191.570238,1,-5,-132
1767173191.580238,3,-3,-126
1767173191.590238,0,1,-125
1767173191.600238,0,1,-126
1767173191.610238,2,0,-128
1767173191.620238,4,4,-128
1767173191.630238,4,-1,-130
1767173191.640238,2,-3,-127
1767173191.650238,2,0,-123
1767173191.6602385,3,1,-129
1767173191.6712382,0,0,-131
1767173191.6802382,-3,-1,-127
1767173191.6902382,-7,-2,-129
1767173191.7012382,-6,-1,-133
1767173191.711238,-4,-3,-136
1767173191.721238,-1,-5,-136
1767173191.731238,-3,-5,-130
1767173191.741238,-4,-4,-128
1767173191.751238,-1,-2,-125
1767173191.761238,2,-2,-125
1767173191.771238,1,-2,-123
1767173191.781238,0,-4,-123
1767173191.791238,1,0,-123
1767173191.801238,2,1,-129
1767173191.811238,3,1,-127
1767173191.821238,8,0,-121
1767173191.8312385,6,-1,-120
1767173191.8412385,6,-2,-121
1767173191.8512385,6,0,-118
1767173191.8612382,6,0,-121
1767173191.8712382,8,0,-118
1767173191.8812382,4,-3,-121
1767173191.8912382,8,-6,-125
1767173191.9012382,6,-8,-130
1767173191.9112382,5,-7,-131
1767173191.9212382,2,-6,-132
1767173191.9312382,1,-7,-132
1767173191.9412382,-3,-8,-134
1767173191.9512382,-4,-7,-132
1767173191.961238,-1,-3,-130
1767173191.971238,-1,-2,-123
1767173191.981238,-6,0,-125
1767173191.991238,-2,2,-124
1767173192.001238,-3,-1,-130
1767173192.011238,-3,0,-133
1767173192.021238,-3,-3,-133
1767173192.031238,-7,-6,-128
1767173192.041238,-6,-6,-127
1767173192.051238,-10,-3,-129
1767173192.061238,-9,-2,-126
1767173192.071238,-8,-4,-125
1767173192.0812385,-2,-9,-123
1767173192.0912385,-1,-8,-120
1767173192.1012385,-3,-5,-121
1767173192.1112382,-2,-4,-124
1767173192.1212382,0,-3,-128
1767173192.1312382,-2,-1,-127
1767173192.1412382,-2,-3,-123
1767173192.1512382,0,-4,-120
1767173192.1612382,-1,-4,-121
1767173192.1712382,0,-6,-121
1767173192.1812382,1,-5,-126
1767173192.1912382,0,-7,-132
1767173192.2012382,-1,-7,-130
1767173192.211238,-1,-5,-130
1767173192.221238,0,-5,-129
1767173192.231238,2,-5,-131
1767173192.241238,0,-5,-129
1767173192.251238,0,-4,-125
1767173192.261238,-2,-4,-125
1767173192.271238,-5,-7,-121
1767173192.281238,-5,-4,-119
1767173192.291238,-7,-2,-127
1767173192.301238,-5,0,-133
1767173192.311238,-1,-1,-136
1767173192.321238,-1,1,-131
1767173192.3312385,2,2,-130
1767173192.3412385,0,0,-129
1767173192.3512385,1,-2,-127
1767173192.3612382,6,-8,-125
1767173192.3712382,0,-3,-129
1767173192.3812382,-2,-5,-131
1767173192.3912382,-5,-6,-128
1767173192.4012382,-4,-6,-129
1767173192.4112382,-3,-4,-124
1767173192.4212382,0,-4,-127
1767173192.4312382,1,-3,-129
1767173192.4412382,0,0,-130
1767173192.4512382,-3,2,-126
1767173192.461238,-3,0,-130
1767173192.471238,-3,4,-127
1767173192.481238,-2,4,-119
1767173192.491238,-1,3,-118
1767173192.501238,0,1,-121
1767173192.511238,1,4,-117
1767173192.521238,1,2,-119
1767173192.531238,1,0,-126
1767173192.541238,2,-2,-130
1767173192.551238,2,-2,-131
1767173192.561238,4,-6,-127
1767173192.571238,5,-7,-126
1767173192.5812385,5,-8,-122
1767173192.5912385,5,-7,-125
1767173192.6012385,2,-6,-131
1767173192.6112382,1,-1,-133
1767173192.6212382,1,-2,-134
1767173192.6312382,2,-3,-132
1767173192.6412382,4,-3,-131
1767173192.6512382,-1,-6,-131
1767173192.6612382,-3,-7,-136
1767173192.6712382,0,-5,-128
1767173192.6812382,6,-4,-118
1767173192.6912382,2,-3,-127
1767173192.7012382,2,1,-131
1767173192.711238,6,0,-123
1767173192.721238,5,-1,-122
1767173192.731238,2,-2,-129
1767173192.741238,-1,-1,-134
1767173192.751238,-3,0,-133
1767173192.761238,-3,-1,-134
1767173192.771238,0,0,-126
1767173192.781238,-2,1,-127
1767173192.791238,0,1,-126
1767173192.801238,5,0,-123
1767173192.811238,-1,0,-127
1767173192.821238,-4,-5,-136
1767173192.8312385,6,-6,-136
1767173192.8412385,5,-7,-137
1767173192.8512385,1,-4,-134
1767173192.8612382,-1,0,-129
1767173192.8712382,1,1,-135
1767173192.8812382,4,2,-134
1767173192.8912382,3,4,-133
1767173192.9012382,0,0,-128
1767173192.9112382,0,0,-131
1767173192.9212382,2,-3,-129
1767173192.9312382,1,-4,-129
1767173192.9412382,3,-5,-123
1767173192.9512382,2,-2,-129
1767173192.961238,0,-3,-124
1767173192.971238,0,-4,-125
1767173192.981238,4,-5,-124
1767173192.991238,4,-2,-123
1767173193.001238,3,-3,-117
1767173193.011238,-1,-3,-112
1767173193.021238,2,0,-119
1767173193.031238,3,4,-124
1767173193.041238,2,0,-131
1767173193.051238,0,-4,-136
1767173193.061238,-1,0,-135
1767173193.071238,3,-5,-128
1767173193.0812385,0,-5,-126
1767173193.0912385,7,-7,-126
1767173193.1012385,13,-5,-121
1767173193.1112382,11,-4,-118
1767173193.1212382,6,-6,-120
1767173193.1312382,4,-5,-121
1767173193.1412382,7,-4,-126
1767173193.1512382,6,-3,-121
1767173193.1612382,7,-2,-121
1767173193.1712382,5,-4,-124
1767173193.1812382,-2,-6,-125
1767173193.1912382,-4,-4,-128
1767173193.202238,-1,-3,-132
1767173193.211238,0,-4,-129
1767173193.221238,-3,-8,-131
1767173193.231238,0,-6,-137
1767173193.241238,-2,-7,-130
1767173193.251238,0,-5,-132
1767173193.261238,0,-7,-132
1767173193.271238,0,-6,-134
1767173193.281238,2,-5,-137
1767173193.291238,1,-3,-134
1767173193.301238,3,-1,-133
1767173193.311238,3,1,-135
1767173193.321238,3,1,-132
1767173193.3312385,1,-1,-129
1767173193.3412385,0,-3,-127
1767173193.3512385,-2,-4,-126
1767173193.3612382,0,-3,-133
1767173193.3712382,-3,-4,-132
1767173193.3812382,-3,0,-133
1767173193.3912382,-2,-6,-135
1767173193.4012382,3,-6,-134
1767173193.4112382,4,-8,-141
1767173193.4212382,0,-7,-137
1767173193.4312382,0,-6,-136
1767173193.4412382,-2,-7,-133
1767173193.4512382,-2,-9,-135
1767173193.461238,-4,-3,-127
1767173193.471238,-4,-2,-123
1767173193.481238,-7,-2,-124
1767173193.491238,-5,-2,-121
1767173193.501238,-6,-3,-125
1767173193.511238,-7,-5,-129
1767173193.521238,-6,-4,-135
1767173193.531238,-1,-2,-136
1767173193.541238,3,-1,-136
1767173193.551238,6,-4,-137
1767173193.561238,8,-6,-134
1767173193.571238,7,-3,-126
1767173193.5812385,6,-7,-124
1767173193.5912385,4,-7,-127
1767173193.6012385,0,-9,-125
1767173193.6112382,5,-9,-129
1767173193.6212382,0,-6,-131
1767173193.6312382,-5,-2,-134
1767173193.6412382,-4,-1,-131
1767173193.6512382,-2,4,-125
1767173193.6612382,-1,2,-127
1767173193.6712382,-1,0,-129
1767173193.6812382,0,-3,-129
1767173193.6912382,-5,-3,-128
1767173193.7012382,-5,0,-128
1767173193.711238,-6,1,-125
1767173193.721238,-6,2,-120
1767173193.731238,-7,4,-117
1767173193.741238,-2,2,-117
1767173193.751238,0,3,-121
1767173193.761238,-4,1,-121
1767173193.771238,-7,-3,-127
1767173193.781238,-4,0,-127
1767173193.791238,0,1,-135
1767173193.801238,0,2,-138
1767173193.811238,2,-1,-136
1767173193.821238,0,-3,-143
1767173193.8312385,-3,-4,-143
1767173193.8412385,-2,-3,-138
1767173193.8512385,-2,-2,-133
1767173193.8612382,-5,-1,-126
1767173193.8712382,-5,-3,-127
1767173193.8812382,-4,-4,-132
1767173193.8912382,-3,-4,-128
1767173193.9012382,-3,0,-128
1767173193.9112382,-5,0,-125
1767173193.9212382,-2,1,-124
1767173193.9312382,-1,1,-120
1767173193.9412382,0,1,-125
1767173193.9512382,0,3,-130
1767173193.961238,2,-1,-127
1767173193.971238,2,1,-124
1767173193.981238,0,0,-124
1767173193.991238,2,-2,-123
1767173194.001238,4,-1,-123
1767173194.011238,5,0,-125
1767173194.021238,7,0,-130
1767173194.031238,3,-2,-123
1767173194.041238,3,-3,-118
1767173194.051238,5,-2,-125
1767173194.061238,4,1,-132
1767173194.071238,0,1,-137
1767173194.0812385,-2,-4,-134
1767173194.0912385,-5,-2,-124
1767173194.1012385,-5,-5,-128
1767173194.1112382,-6,-2,-129
1767173194.1212382,-3,0,-133
1767173194.1312382,-2,2,-126
1767173194.1412382,1,4,-121
1767173194.1512382,2,6,-120
1767173194.1612382,2,2,-128
1767173194.1712382,3,1,-129
1767173194.1812382,3,1,-135
1767173194.1912382,7,0,-134
1767173194.2012382,9,-1,-127
1767173194.211238,5,1,-129
1767173194.221238,2,3,-133
1767173194.231238,2,0,-133
1767173194.241238,3,0,-130
1767173194.251238,0,-1,-129
1767173194.261238,1,-7,-129
1767173194.271238,1,-2,-133
1767173194.281238,-4,-2,-127
1767173194.291238,-3,1,-124
1767173194.301238,-2,-2,-124
1767173194.3122382,-2,-2,-126
1767173194.321238,-8,3,-129
1767173194.3322382,-7,0,-129
1767173194.3422382,-5,1,-132
1767173194.3522382,-7,-1,-131
1767173194.3622382,-3,-3,-132
1767173194.3722382,-5,-1,-135
1767173194.382238,-6,0,-140
1767173194.392238,-10,2,-138
1767173194.402238,-12,0,-136
1767173194.412238,-11,0,-129
1767173194.422238,-12,1,-128
1767173194.432238,-12,-2,-125
1767173194.442238,-12,-6,-127
1767173194.452238,-10,-2,-135
1767173194.462238,-11,-3,-136
1767173194.472238,-8,-3,-133
1767173194.482238,-8,0,-136
1767173194.492238,-6,-2,-135
1767173194.502238,-4,-3,-133
1767173194.5122385,1,-3,-128
1767173194.5222385,4,-4,-126
1767173194.5322382,2,-3,-124
1767173194.5422382,4,-1,-128
1767173194.5522382,3,-4,-132
1767173194.5622382,0,-8,-134
1767173194.5722382,4,-4,-136
1767173194.5822382,6,-1,-132
1767173194.5922382,4,1,-136
1767173194.6022382,4,0,-132
1767173194.6122382,4,0,-128
1767173194.6222382,5,1,-124
1767173194.632238,8,6,-130
1767173194.642238,3,10,-136
1767173194.652238,5,9,-135
1767173194.662238,10,4,-138
1767173194.672238,10,2,-139
1767173194.682238,6,0,-137
1767173194.692238,6,1,-133
1767173194.702238,-2,7,-124
1767173194.712238,-4,8,-118
1767173194.722238,-5,7,-122
1767173194.732238,-6,3,-125
1767173194.742238,-4,-1,-122
1767173194.752238,-1,-4,-126
1767173194.7622385,-2,0,-127
1767173194.7722385,0,2,-129
1767173194.7822382,0,2,-133
1767173194.7922382,1,2,-137
1767173194.8022382,1,0,-134
1767173194.8122382,4,0,-127
1767173194.8222382,4,-2,-129
1767173194.8322382,3,-1,-133
1767173194.8422382,4,-4,-134
1767173194.8522382,0,-5,-129
1767173194.8622382,-2,-5,-129
1767173194.8722382,-2,0,-125
1767173194.882238,-2,5,-128
1767173194.892238,-4,3,-126
1767173194.902238,-4,1,-129
1767173194.912238,-2,4,-131
1767173194.922238,-1,3,-130
1767173194.932238,-3,4,-130
1767173194.942238,0,6,-126
1767173194.952238,-1,5,-126
1767173194.962238,-2,0,-126
1767173194.972238,-1,4,-136
1767173194.982238,2,3,-125
1767173194.992238,1,0,-123
1767173195.002238,0,2,-122
1767173195.0122385,3,3,-120
1767173195.0222385,3,2,-122
1767173195.0322382,4,7,-127
1767173195.0422382,3,5,-130
1767173195.0522382,6,-2,-129
1767173195.0622382,5,-3,-122
1767173195.0722382,2,-2,-125
1767173195.0822382,-1,0,-120
1767173195.0922382,-2,-5,-120
1767173195.1022382,0,-6,-117
1767173195.1122382,-2,-4,-121
1767173195.1222382,-1,-2,-124
1767173195.132238,0,0,-131
1767173195.142238,-2,2,-132
1767173195.152238,0,0,-128
1767173195.162238,0,0,-133
1767173195.172238,-1,1,-131
1767173195.182238,0,1,-126
1767173195.192238,-2,0,-122
1767173195.202238,-3,0,-127
1767173195.212238,-3,1,-128
1767173195.234238,-3,0,-142
1767173195.242238,-6,3,-144
1767173195.252238,-6,0,-143
1767173195.2622385,-1,2,-149
1767173195.2722385,0,0,-142
1767173195.2822382,0,0,-144
1767173195.2922382,-2,0,-140
1767173195.3022382,0,-3,-137
1767173195.3122382,0,-2,-139
1767173195.3222382,0,-5,-137
1767173195.3322382,2,-7,-139
1767173195.3422382,0,-8,-140
1767173195.3522382,3,-9,-139
1767173195.3622382,7,-7,-132
1767173195.3722382,0,-2,-129
1767173195.382238,0,-3,-128
1767173195.392238,-2,-1,-126
1767173195.402238,-5,-8,-134
1767173195.412238,-6,-8,-135
1767173195.422238,-5,-6,-132
1767173195.432238,-8,-6,-132
1767173195.442238,-7,-7,-129
1767173195.452238,-6,-7,-130
1767173195.462238,-3,-2,-125
1767173195.472238,0,0,-120
1767173195.482238,0,-2,-120
1767173195.492238,2,1,-118
1767173195.502238,0,6,-118
1767173195.5122385,-3,0,-125
1767173195.5222385,2,-1,-124
1767173195.5322382,1,-3,-122
1767173195.5422382,0,-5,-123
1767173195.5522382,-6,-2,-114
1767173195.5622382,-4,-4,-118
1767173195.5722382,-3,-5,-125
1767173195.5822382,-4,-1,-127
1767173195.5922382,-3,-3,-125
1767173195.6022382,-6,-3,-120
1767173195.6122382,-10,-3,-123
1767173195.6222382,-7,-4,-121
1767173195.632238,-6,-2,-122
1767173195.642238,-3,-4,-119
1767173195.652238,-1,-1,-121
1767173195.662238,-3,3,-124
1767173195.672238,-2,2,-125
1767173195.682238,0,-2,-127
1767173195.692238,-1,0,-130
1767173195.702238,-2,1,-135
1767173195.712238,-1,-1,-137
1767173195.722238,-2,0,-133
1767173195.732238,-4,4,-130
1767173195.742238,0,2,-134
1767173195.752238,2,-2,-134
1767173195.7622385,1,-2,-138
1767173195.7722385,-4,0,-134
1767173195.7822382,-1,0,-135
1767173195.7922382,0,-1,-126
1767173195.8022382,0,-5,-133
1767173195.8122382,4,-5,-129
1767173195.8222382,7,-8,-130
1767173195.8322382,8,-4,-130
1767173195.8422382,5,-1,-132
1767173195.8522382,3,0,-132
1767173195.8622382,2,-4,-131
1767173195.8722382,0,-4,-131
1767173195.882238,-3,-3,-133
1767173195.892238,-8,1,-130
1767173195.902238,-4,0,-125
1767173195.912238,-5,0,-119
1767173195.922238,-3,4,-121
1767173195.932238,-2,6,-119
1767173195.942238,3,5,-119
1767173195.952238,2,4,-121
1767173195.962238,4,3,-124
1767173195.972238,2,5,-126
1767173195.982238,2,7,-127
1767173195.992238,1,8,-130
1767173196.002238,0,6,-132
1767173196.0122385,0,4,-133
1767173196.0222385,-1,1,-127
1767173196.0322382,0,1,-136
1767173196.0422382,0,2,-137
1767173196.0522382,4,0,-135
1767173196.0622382,4,0,-133
1767173196.0722382,3,-1,-134
1767173196.0822382,2,0,-137
1767173196.0922382,3,-6,-135
1767173196.1022382,3,-4,-133
1767173196.1122382,3,-1,-133
1767173196.1222382,5,-1,-133
1767173196.132238,3,5,-127
1767173196.142238,0,4,-122
1767173196.152238,2,1,-118
1767173196.162238,6,0,-124
1767173196.172238,4,2,-125
1767173196.182238,3,2,-123
1767173196.192238,3,0,-127
1767173196.202238,2,-1,-135
1767173196.212238,3,-2,-138
1767173196.222238,6,0,-135
1767173196.232238,7,0,-129
1767173196.242238,8,0,-127
1767173196.252238,9,0,-124
1767173196.2622385,6,2,-132
1767173196.2722385,4,4,-139
1767173196.2822382,6,3,-141
1767173196.2922382,12,7,-142
1767173196.3022382,9,5,-143
1767173196.3122382,7,5,-138
1767173196.3222382,5,1,-135
1767173196.3322382,0,3,-133
1767173196.3422382,-1,2,-137
1767173196.3522382,-1,7,-134
1767173196.3622382,-1,3,-127
1767173196.3722382,-1,2,-128
1767173196.382238,0,4,-140
1767173196.392238,-4,0,-141
1767173196.402238,-3,4,-145
1767173196.412238,-1,5,-140
1767173196.422238,-2,1,-140
1767173196.432238,-2,1,-137
1767173196.442238,0,0,-137
1767173196.452238,1,3,-132
1767173196.462238,0,0,-135
1767173196.472238,-1,0,-132
1767173196.482238,-3,2,-131
1767173196.492238,-3,0,-134
1767173196.502238,-1,0,-126
1767173196.5122385,1,1,-127
1767173196.5222385,4,2,-114
1767173196.5322382,3,1,-119
1767173196.5422382,-2,0,-120
1767173196.5522382,-2,4,-118
1767173196.5622382,-5,7,-122
1767173196.5722382,-3,3,-120
1767173196.5822382,-1,1,-118
1767173196.5922382,2,2,-118
1767173196.6022382,3,6,-118
1767173196.6122382,0,2,-122
1767173196.6222382,0,-2,-121
1767173196.632238,1,-2,-116
1767173196.642238,-2,0,-120
1767173196.652238,-1,-4,-122
1767173196.662238,0,-5,-120
1767173196.672238,-7,-4,-127
1767173196.682238,-7,-4,-132
1767173196.692238,-5,-4,-132
1767173196.702238,0,-2,-133
1767173196.712238,0,-3,-132
1767173196.722238,0,-3,-137
1767173196.732238,-4,-2,-138
1767173196.742238,-2,-1,-134
1767173196.752238,-6,-3,-132
1767173196.7622385,-5,-5,-136
1767173196.7722385,-5,-4,-136
1767173196.7822382,-2,-2,-143
1767173196.7922382,-4,-6,-141
1767173196.8022382,-1,0,-139
1767173196.8122382,1,0,-135
1767173196.8222382,3,3,-136
1767173196.8322382,3,1,-139
1767173196.8422382,5,0,-140
1767173196.8522382,1,-4,-137
1767173196.8622382,3,-4,-133
1767173196.8722382,1,-5,-133
1767173196.882238,2,-3,-129
1767173196.893238,0,-3,-129
1767173196.902238,0,-2,-123
1767173196.912238,6,0,-121
1767173196.923238,8,1,-122
1767173196.932238,6,2,-123
1767173196.9432385,2,4,-119
1767173196.9532382,2,2,-117
1767173196.9632382,-1,3,-120
1767173196.9732382,-3,3,-126
1767173196.9832382,-2,4,-130
1767173196.9932382,0,0,-128
1767173197.0032382,-5,0,-131
1767173197.0132382,-2,-1,-126
1767173197.0232382,-4,1,-119
1767173197.0332382,-3,-2,-118
1767173197.0432382,-1,-3,-118
1767173197.0532382,-3,-3,-112
1767173197.063238,0,-6,-121
1767173197.073238,-4,-5,-119
1767173197.083238,0,-7,-118
1767173197.093238,5,-6,-122
1767173197.103238,-3,-5,-129
1767173197.113238,-4,-5,-134
1767173197.123238,-1,-2,-131
1767173197.133238,3,0,-129
1767173197.143238,6,1,-130
1767173197.153238,5,-2,-131
1767173197.163238,0,-3,-126
1767173197.173238,-2,-4,-130
1767173197.1832385,0,0,-136
1767173197.1932385,-1,0,-137
1767173197.2032382,-3,-2,-133
1767173197.2132382,-3,-4,-132
1767173197.2232382,-3,-1,-132
1767173197.2332382,-7,-1,-124
1767173197.2432382,-1,0,-120
1767173197.2532382,0,-3,-121
1767173197.2632382,-1,-2,-125
1767173197.2732382,-3,-5,-122
1767173197.2832382,-3,-6,-120
1767173197.2932382,0,-6,-124
1767173197.3032382,-1,0,-130
1767173197.313238,0,-2,-129
1767173197.323238,1,0,-122
1767173197.333238,5,1,-120
1767173197.343238,7,0,-120
1767173197.353238,-2,-2,-123
1767173197.363238,-5,0,-120
1767173197.373238,-2,0,-122
1767173197.383238,-4,-1,-118
1767173197.393238,-1,0,-121
1767173197.403238,-6,1,-126
1767173197.413238,-4,0,-123
1767173197.423238,-3,4,-127
1767173197.4332385,-5,4,-129
1767173197.4432385,-4,1,-130
1767173197.4532382,-4,-2,-130
1767173197.4632382,-2,-2,-123
1767173197.4732382,1,-3,-125
1767173197.4832382,0,-4,-119
1767173197.4932382,-1,0,-116
1767173197.5032382,-3,-1,-121
1767173197.5132382,-3,-4,-125
1767173197.5232382,0,-9,-128
1767173197.5332382,-3,-6,-132
1767173197.5432382,1,-4,-130
1767173197.5532382,1,-4,-132
1767173197.563238,1,0,-132
1767173197.573238,6,2,-133
1767173197.583238,9,4,-132
1767173197.593238,4,3,-128
1767173197.603238,5,4,-133
1767173197.613238,3,6,-127
1767173197.623238,4,1,-128
1767173197.633238,4,-3,-129
1767173197.643238,5,-4,-128
1767173197.653238,7,-3,-130
1767173197.663238,11,2,-135
1767173197.673238,10,2,-137
1767173197.6832385,12,4,-133
1767173197.6932385,11,7,-126
1767173197.7032382,5,4,-128
1767173197.7132382,4,3,-122
1767173197.7232382,3,4,-120
1767173197.7332382,1,2,-122
1767173197.7432382,0,-3,-126
1767173197.7532382,0,-2,-127
1767173197.7632382,-3,-3,-126
1767173197.7732382,1,2,-133
1767173197.7832382,2,2,-133
1767173197.7932382,1,-1,-137
1767173197.8032382,1,-3,-135
1767173197.813238,1,-2,-129
1767173197.823238,2,-1,-129
1767173197.833238,0,0,-130
1767173197.843238,2,0,-131
1767173197.853238,0,2,-129
1767173197.863238,1,3,-126
1767173197.873238,1,2,-129
1767173197.883238,0,5,-129
1767173197.893238,0,2,-132
1767173197.903238,0,1,-128
1767173197.913238,0,0,-133
1767173197.923238,0,1,-135
1767173197.9332385,-2,0,-137
1767173197.9432385,-2,0,-142
1767173197.9532382,-2,0,-146
1767173197.9632382,-1,-2,-141
1767173197.9732382,-1,-1,-130
1767173197.9832382,-4,1,-129
1767173197.9932382,-5,0,-123
1767173198.0032382,-4,-1,-127
1767173198.0132382,-7,-3,-129
1767173198.0232382,-5,0,-124
1767173198.0332382,0,-1,-122
1767173198.0432382,0,-2,-125
1767173198.0532382,0,-1,-122
1767173198.063238,-3,-4,-121
1767173198.073238,0,-7,-127
1767173198.083238,0,-6,-128
1767173198.093238,-1,-5,-120
1767173198.103238,-2,0,-126
1767173198.113238,-7,0,-124
1767173198.123238,-5,-1,-122
1767173198.133238,-8,0,-118
1767173198.143238,-8,-2,-118
1767173198.153238,-9,-1,-120
1767173198.163238,-13,-1,-119
1767173198.173238,-8,0,-120
1767173198.1832385,-5,0,-116
1767173198.1932385,-2,-5,-122
1767173198.2032382,-2,-2,-122
1767173198.2132382,-3,-5,-125
1767173198.2232382,-4,-8,-127
1767173198.2332382,-6,-9,-126
1767173198.2432382,-2,-3,-129
1767173198.2532382,0,1,-129
1767173198.2632382,-1,0,-125
1767173198.2732382,-3,-2,-118
1767173198.2832382,0,-1,-120
1767173198.2932382,2,-3,-132
1767173198.3032382,0,-3,-137
1767173198.313238,0,-1,-133
1767173198.323238,-1,-3,-134
1767173198.333238,0,-2,-131
1767173198.343238,-2,0,-134
1767173198.353238,0,-4,-131
1767173198.363238,0,-2,-131
1767173198.373238,0,-4,-130
1767173198.383238,1,-3,-130
1767173198.393238,-1,-1,-128
1767173198.403238,0,2,-131
1767173198.413238,-2,0,-124
1767173198.423238,-5,2,-123
1767173198.4332385,-14,4,-120
1767173198.4432385,-7,4,-121
1767173198.4532382,-5,6,-125
1767173198.4632382,-7,5,-124
1767173198.4732382,-3,5,-118
1767173198.4832382,-2,8,-121
1767173198.4932382,-6,4,-131
1767173198.5032382,-2,4,-133
1767173198.5132382,-1,5,-137
1767173198.5232382,1,3,-141
1767173198.5332382,5,0,-140
1767173198.5432382,4,-2,-137
1767173198.5532382,2,5,-128
1767173198.563238,2,6,-128
1767173198.573238,0,2,-129
1767173198.583238,2,-1,-134
1767173198.593238,0,-2,-126
1767173198.603238,4,0,-126
1767173198.613238,6,1,-128
1767173198.623238,3,1,-125
1767173198.633238,4,0,-124
1767173198.643238,3,1,-126
1767173198.653238,4,3,-128
1767173198.663238,8,2,-124
1767173198.673238,7,2,-126
1767173198.6832385,6,2,-127
1767173198.6932385,5,0,-129
1767173198.7032382,5,0,-137
1767173198.7132382,4,-3,-135
1767173198.7232382,2,-4,-136
1767173198.7332382,2,-1,-135
1767173198.7432382,2,-3,-135
1767173198.7532382,2,-2,-139
1767173198.7632382,-1,5,-144
1767173198.7732382,0,5,-145
1767173198.7832382,-1,4,-138
1767173198.7932382,0,0,-136
1767173198.8032382,-2,-2,-138
1767173198.813238,-7,0,-139
1767173198.823238,-2,0,-140
1767173198.833238,-5,-1,-131
1767173198.843238,-3,-1,-129
1767173198.853238,-2,-2,-129
1767173198.863238,1,-9,-126
1767173198.873238,0,-6,-117
1767173198.883238,-1,-2,-122
1767173198.893238,0,-1,-120
1767173198.903238,2,0,-119
1767173198.913238,-1,5,-122
1767173198.923238,-3,2,-123
1767173198.9332385,-2,1,-126
1767173198.9432385,-3,4,-122
1767173198.9532382,-6,7,-116
1767173198.9632382,-5,4,-122
1767173198.9732382,-2,2,-126
1767173198.9832382,0,0,-123
1767173198.9932382,0,3,-128
1767173199.0032382,0,2,-130
1767173199.0132382,0,0,-130
1767173199.0232382,-2,-3,-133
1767173199.0332382,-1,-1,-131
1767173199.0432382,-3,-2,-126
1767173199.0532382,-3,-4,-128
1767173199.063238,-7,0,-129
1767173199.073238,-6,-1,-136
1767173199.083238,-5,0,-135
1767173199.093238,-3,1,-131
1767173199.103238,-1,1,-136
1767173199.113238,2,1,-135
1767173199.123238,1,1,-137
1767173199.133238,3,-2,-138
1767173199.143238,3,0,-132
1767173199.153238,6,0,-132
1767173199.163238,8,3,-135
1767173199.173238,0,0,-129
1767173199.1832385,-1,0,-129
1767173199.1932385,-2,0,-127
1767173199.2032382,-2,0,-128
1767173199.2132382,0,-1,-128
1767173199.2232382,0,-3,-126
1767173199.2332382,0,-1,-124
1767173199.2432382,0,-1,-123
1767173199.2532382,-2,-5,-127
1767173199.2632382,0,-5,-122
1767173199.2732382,-1,-6,-131
1767173199.2832382,-1,-5,-130
1767173199.2932382,0,-5,-128
1767173199.3032382,0,-3,-125
1767173199.313238,0,-3,-128
1767173199.323238,-2,0,-128
1767173199.333238,0,0,-130
1767173199.343238,0,0,-131
1767173199.353238,1,0,-128
1767173199.363238,-5,2,-134
1767173199.373238,-5,0,-131
1767173199.383238,0,0,-128
1767173199.393238,0,3,-128
1767173199.403238,-3,5,-133
1767173199.413238,0,4,-137
1767173199.423238,0,6,-138
1767173199.4332385,1,2,-141
1767173199.4432385,-1,0,-142
1767173199.4532382,0,0,-139
1767173199.4632382,0,0,-135
1767173199.4732382,1,-1,-136
1767173199.4832382,0,-5,-135
1767173199.4932382,4,0,-136
1767173199.5032382,5,0,-138
1767173199.514238,3,-3,-131
1767173199.5232382,0,-1,-133
1767173199.5332382,6,-4,-140
1767173199.544238,1,-4,-142
1767173199.554238,-1,-6,-136
1767173199.563238,0,-3,-137
1767173199.574238,-1,0,-143
1767173199.584238,1,-1,-138
1767173199.594238,1,0,-132
1767173199.6042385,-3,-4,-130
1767173199.6142385,-4,-2,-123
1767173199.6242385,-7,0,-123
1767173199.6342382,-9,-2,-121
1767173199.6442382,-6,-3,-117
1767173199.6542382,-6,-5,-114
1767173199.6642382,-3,-4,-114
1767173199.6742382,-3,-2,-112
1767173199.6842382,-2,-2,-112
1767173199.6942382,0,-1,-114
1767173199.7042382,2,2,-113
1767173199.7142382,2,4,-120
1767173199.7242382,6,3,-125
1767173199.734238,0,5,-129
1767173199.744238,-4,9,-123
1767173199.754238,1,9,-118
1767173199.764238,0,9,-116
1767173199.774238,1,5,-113
1767173199.784238,1,1,-117
1767173199.794238,0,3,-116
1767173199.804238,1,2,-125
1767173199.814238,0,6,-128
1767173199.824238,0,4,-124
1767173199.834238,1,3,-116
1767173199.844238,-2,3,-118
1767173199.8542385,-2,4,-119
1767173199.8642385,2,5,-120
1767173199.8742385,0,0,-123
1767173199.8842382,0,0,-123
1767173199.8942382,5,0,-123
1767173199.9042382,1,0,-119
1767173199.9142382,-1,0,-116
1767173199.9242382,0,0,-115
1767173199.9342382,0,-1,-116
1767173199.9442382,-5,0,-123
1767173199.9542382,-1,1,-131
1767173199.9642382,-2,0,-134
1767173199.9742382,-6,1,-136
1767173199.984238,-4,0,-141
1767173199.994238,-5,-1,-137
1767173200.004238,-4,1,-138
1767173200.014238,-6,0,-138
1767173200.024238,-9,3,-133
1767173200.034238,-5,1,-130
1767173200.044238,-4,-1,-130
1767173200.054238,-2,-4,-128
1767173200.064238,-5,-7,-131
1767173200.074238,-1,-10,-130
1767173200.084238,-4,-7,-129
1767173200.094238,0,-8,-127
1767173200.1042385,2,-9,-132
1767173200.1142385,2,-4,-134
1767173200.1242385,-3,2,-134
1767173200.1342382,-6,3,-137
1767173200.1442382,-2,3,-134
1767173200.1542382,0,2,-137
1767173200.1642382,-1,-1,-133
1767173200.1742382,-2,-2,-137
1767173200.1842382,-6,-2,-137
1767173200.1942382,-8,-4,-136
1767173200.2042382,-11,-4,-130
1767173200.2142382,-8,-1,-127
1767173200.2242382,-7,-2,-128
1767173200.245238,-2,1,-127
1767173200.254238,-3,2,-131
1767173200.264238,0,1,-133
1767173200.274238,2,4,-140
1767173200.284238,3,2,-141
1767173200.294238,3,2,-134
1767173200.304238,0,3,-137
1767173200.314238,1,0,-135
1767173200.324238,-1,-1,-134
1767173200.334238,0,0,-123
1767173200.344238,1,3,-127
1767173200.3542385,2,0,-134
1767173200.3642385,4,-2,-136
1767173200.3742385,3,0,-131
1767173200.3842382,0,-1,-129
1767173200.3942382,4,-2,-133
1767173200.4042382,3,-2,-134
1767173200.4142382,1,-2,-129
1767173200.4242382,-1,-3,-132
1767173200.4342382,-2,-3,-131
1767173200.4442382,-3,-4,-135
1767173200.4542382,-4,-2,-138
1767173200.4642382,-1,-3,-141
1767173200.4742382,0,-3,-140
1767173200.484238,-6,-1,-146
1767173200.494238,-5,0,-138
1767173200.504238,-4,2,-129
1767173200.514238,-3,5,-133
1767173200.524238,-3,2,-134
1767173200.534238,-5,3,-130
1767173200.544238,-5,3,-127
1767173200.554238,-3,-1,-121
1767173200.564238,-4,-3,-122
1767173200.574238,-5,-5,-122
1767173200.584238,-3,0,-126
1767173200.594238,0,2,-127
1767173200.6042385,-3,2,-131
1767173200.6142385,-5,2,-131
1767173200.6242385,-2,-1,-133
1767173200.6342382,-6,-2,-137
1767173200.6442382,-7,0,-137
1767173200.6542382,-7,-1,-135
1767173200.6642382,-11,2,-133
1767173200.6742382,-14,4,-128
1767173200.6842382,-11,2,-125
1767173200.6942382,-6,3,-129
1767173200.7042382,-6,2,-125
1767173200.7142382,-3,0,-125
1767173200.7242382,-8,3,-123
1767173200.734238,-7,4,-122
1767173200.744238,-1,3,-124
1767173200.754238,1,0,-129
1767173200.764238,-1,3,-132
1767173200.774238,-1,2,-134
1767173200.784238,-4,4,-136
1767173200.794238,3,6,-132
1767173200.804238,7,9,-134
1767173200.814238,11,5,-125
1767173200.824238,9,0,-121
1767173200.834238,3,1,-119
1767173200.844238,1,3,-126
1767173200.8542385,-1,1,-125
1767173200.8642385,3,0,-122
1767173200.8742385,5,1,-120
1767173200.8842382,3,3,-125
1767173200.8942382,0,3,-135
1767173200.9042382,-9,3,-138
1767173200.9142382,-7,3,-128
1767173200.9242382,-8,2,-127
1767173200.9342382,-7,1,-130
1767173200.9442382,-5,2,-132
1767173200.9542382,-4,2,-128
1767173200.9642382,2,0,-127
1767173200.9742382,4,0,-134
1767173200.984238,-1,0,-135
1767173200.994238,-4,2,-132
1767173201.004238,-1,2,-129
1767173201.014238,0,1,-132
1767173201.024238,-1,1,-130
1767173201.034238,0,4,-129
1767173201.044238,0,7,-129
1767173201.054238,0,3,-130
1767173201.064238,-3,1,-130
1767173201.074238,-4,1,-135
1767173201.084238,0,1,-136
1767173201.094238,4,3,-138
1767173201.1042385,2,2,-140
1767173201.1142385,1,4,-140
1767173201.1242385,0,3,-133
1767173201.1342382,0,2,-134
1767173201.1442382,0,4,-139
1767173201.1542382,0,1,-146
1767173201.1642382,8,0,-142
1767173201.1742382,7,1,-134
1767173201.1842382,1,-1,-134
1767173201.1942382,-1,-2,-135
1767173201.2042382,-4,-2,-135
1767173201.2142382,-9,-3,-133
1767173201.2242382,-5,-6,-131
1767173201.234238,0,-7,-125
1767173201.244238,-1,-8,-127
1767173201.254238,0,-5,-130
1767173201.264238,-3,-3,-130
1767173201.274238,-1,-3,-123
1767173201.284238,1,-3,-129
1767173201.294238,-1,-2,-127
1767173201.304238,2,-5,-125
1767173201.314238,2,-4,-127
1767173201.324238,1,0,-128
1767173201.334238,2,-1,-126
1767173201.344238,0,0,-127
1767173201.3542385,1,0,-126
1767173201.3642385,-2,0,-127
1767173201.3742385,0,0,-134
1767173201.3842382,0,5,-135
1767173201.3942382,-1,1,-134
1767173201.4042382,0,1,-131
1767173201.4142382,1,-1,-135
1767173201.4242382,-2,0,-128
1767173201.4342382,-4,0,-126
1767173201.4442382,-7,2,-126
1767173201.4542382,-5,1,-126
1767173201.4642382,0,2,-134
1767173201.4742382,0,2,-130
1767173201.484238,0,0,-126
1767173201.494238,-1,3,-123
1767173201.504238,-7,3,-121
1767173201.514238,-7,-1,-121
1767173201.524238,-5,0,-117
1767173201.534238,-8,-4,-115
1767173201.544238,-2,-1,-119
1767173201.554238,2,2,-117
1767173201.564238,0,1,-113
1767173201.574238,-1,0,-118
1767173201.584238,-2,4,-122
1767173201.594238,0,2,-123
1767173201.6042385,-1,-1,-122
1767173201.6142385,0,0,-119
1767173201.6242385,-1,-4,-122
1767173201.6342382,0,-3,-122
1767173201.6442382,4,-2,-127
1767173201.6542382,2,-1,-120
1767173201.6642382,5,0,-118
1767173201.6742382,3,-1,-116
1767173201.6842382,1,-4,-118
1767173201.6942382,3,-6,-120
1767173201.7042382,2,0,-124
1767173201.7142382,-1,-5,-125
1767173201.7242382,0,-5,-126
1767173201.734238,1,-2,-127
1767173201.744238,0,-2,-125
1767173201.754238,-2,-4,-121
1767173201.764238,2,-5,-114
1767173201.774238,1,-8,-113
1767173201.784238,0,-4,-114
1767173201.794238,-2,2,-115
1767173201.804238,0,5,-118
1767173201.814238,0,4,-126
1767173201.824238,4,3,-126
1767173201.834238,0,2,-126
1767173201.844238,5,3,-128
1767173201.8542385,4,1,-132
1767173201.8642385,3,0,-134
1767173201.8742385,0,-4,-139
1767173201.8842382,-4,-4,-139
1767173201.8942382,-6,-4,-133
1767173201.9042382,0,-3,-132
1767173201.9142382,-2,-1,-131
1767173201.9242382,-1,-2,-133
1767173201.9342382,0,-1,-136
1767173201.9442382,2,-3,-132
1767173201.9542382,0,-2,-129
1767173201.9642382,2,-3,-129
1767173201.9742382,3,-1,-122
1767173201.984238,2,3,-129
1767173201.994238,3,5,-129
1767173202.004238,3,2,-135
1767173202.014238,0,-1,-129
1767173202.024238,-1,-4,-128
1767173202.034238,0,-3,-120
1767173202.044238,-1,-2,-116
1767173202.054238,-1,-2,-121
1767173202.064238,0,-3,-126
1767173202.074238,-3,-3,-130
1767173202.084238,-6,-4,-130
1767173202.094238,-5,-2,-129
1767173202.1042385,-9,-1,-128
1767173202.1142385,-9,-1,-125
1767173202.1242385,-9,0,-126
1767173202.1342382,-9,1,-123
1767173202.1442382,-5,2,-126
1767173202.1552382,-6,5,-123
1767173202.165238,-1,5,-126
1767173202.175238,-2,3,-133
1767173202.1842382,0,3,-133
1767173202.1942382,1,3,-134
1767173202.205238,-1,1,-124
1767173202.215238,-8,2,-124
1767173202.225238,-5,0,-125
1767173202.235238,-3,-1,-120
1767173202.245238,-2,0,-129
1767173202.255238,-3,0,-136
1767173202.265238,-7,0,-132
1767173202.275238,-7,2,-131
1767173202.2852385,-7,0,-129
1767173202.2952385,-2,-5,-134
1767173202.3052382,-1,-2,-134
1767173202.3162382,-1,0,-138
1767173202.3252382,-2,5,-137
1767173202.3352382,-2,2,-146
1767173202.3452382,-4,0,-148
1767173202.3552382,-1,-5,-146
1767173202.3652382,-1,-1,-135
1767173202.3752382,0,0,-126
1767173202.3852382,1,1,-124
1767173202.3952382,4,3,-129
1767173202.4052382,6,3,-130
1767173202.415238,10,2,-130
1767173202.425238,10,-1,-130
1767173202.435238,8,0,-129
1767173202.445238,9,0,-128
1767173202.455238,9,1,-120
1767173202.465238,8,3,-120
1767173202.475238,9,2,-124
1767173202.485238,7,3,-129
1767173202.495238,6,0,-131
1767173202.505238,3,0,-134
1767173202.515238,3,0,-130
1767173202.525238,0,-1,-130
1767173202.5352385,-4,-1,-130
1767173202.5452385,-4,-1,-124
1767173202.5552382,-3,-1,-127
1767173202.5652382,-2,-2,-126
1767173202.5752382,-1,-6,-126
1767173202.5852382,-1,-4,-124
1767173202.5952382,0,-2,-121
1767173202.6052382,5,5,-126
1767173202.6152382,2,4,-129
1767173202.6252382,3,3,-129
1767173202.6352382,1,4,-134
1767173202.6452382,2,5,-136
1767173202.6552382,5,3,-131
1767173202.665238,0,0,-122
1767173202.675238,3,1,-120
1767173202.685238,0,1,-124
1767173202.695238,-1,3,-128
1767173202.705238,2,5,-117
1767173202.715238,6,5,-121
1767173202.725238,6,3,-127
1767173202.735238,7,3,-133
1767173202.745238,6,1,-131
1767173202.755238,7,0,-129
1767173202.765238,6,-3,-126
1767173202.775238,8,-6,-131
1767173202.7852385,10,-4,-126
1767173202.7952385,8,-3,-128
1767173202.8052382,9,2,-130
1767173202.8152382,7,2,-126
1767173202.8252382,6,2,-122
1767173202.8352382,0,0,-120
1767173202.8452382,2,3,-116
1767173202.8552382,0,3,-116
1767173202.8652382,1,3,-121
1767173202.8752382,0,3,-128
1767173202.8852382,0,4,-137
1767173202.8952382,-4,2,-132
1767173202.9052382,-5,0,-132
1767173202.915238,-6,0,-128
1767173202.925238,-2,1,-128
1767173202.935238,-2,0,-126
1767173202.945238,-2,0,-127
1767173202.955238,-7,2,-126
1767173202.965238,-7,0,-123
1767173202.975238,-9,-2,-130
1767173202.985238,-7,-2,-138
1767173202.995238,-5,-2,-137
1767173203.005238,-3,-3,-138
1767173203.015238,0,-5,-133
1767173203.025238,0,-2,-131
1767173203.0352385,0,-3,-130
1767173203.0452385,0,-4,-135
1767173203.0552382,0,-6,-133
1767173203.0652382,-3,-5,-132
1767173203.0752382,-2,-5,-133
1767173203.0852382,0,-2,-131
1767173203.0952382,-3,0,-130
1767173203.1052382,2,0,-135
1767173203.1152382,5,-1,-135
1767173203.1252382,1,0,-128
1767173203.1352382,0,0,-133
1767173203.1452382,2,1,-127
1767173203.1552382,2,-1,-129
1767173203.165238,0,-1,-128
1767173203.175238,1,-2,-127
1767173203.185238,1,-3,-128
1767173203.195238,4,-1,-135
1767173203.205238,5,-2,-137
1767173203.215238,5,-1,-140
1767173203.225238,0,0,-135
1767173203.235238,-3,-2,-136
1767173203.245238,1,2,-136
1767173203.255238,1,2,-134
1767173203.265238,0,0,-137
1767173203.275238,7,0,-135
1767173203.2852385,8,1,-136
1767173203.2952385,9,5,-133
1767173203.3052382,7,4,-135
1767173203.3152382,2,6,-133
1767173203.3252382,1,0,-124
1767173203.3352382,0,1,-126
1767173203.3452382,-3,0,-122
1767173203.3552382,-2,-2,-119
1767173203.3652382,-3,-2,-122
1767173203.3752382,-1,-1,-126
1767173203.3852382,-3,0,-125
1767173203.3952382,-3,3,-125
1767173203.4052382,-1,2,-120
1767173203.415238,-3,-1,-121
1767173203.425238,2,-4,-118
1767173203.435238,0,-6,-117
1767173203.445238,-3,-5,-116
1767173203.455238,0,-4,-117
1767173203.465238,5,-2,-120
1767173203.475238,8,-6,-127
1767173203.485238,6,-4,-129
1767173203.495238,3,0,-126
1767173203.505238,0,-3,-125
1767173203.515238,1,-4,-123
1767173203.525238,4,-3,-123
1767173203.5352385,4,-7,-122
1767173203.5452385,3,-6,-123
1767173203.5552382,2,-6,-124
1767173203.5652382,1,0,-121
1767173203.5752382,1,2,-120
1767173203.5852382,2,2,-123
1767173203.5952382,1,1,-121
1767173203.6052382,0,0,-119
1767173203.6152382,0,-1,-124
1767173203.6252382,-2,1,-126
1767173203.6352382,-4,1,-122
1767173203.6452382,-7,-2,-123
1767173203.6552382,-6,-3,-125
1767173203.665238,0,-6,-125
1767173203.675238,1,-5,-126
1767173203.685238,0,-1,-128
1767173203.695238,1,-1,-127
1767173203.705238,0,0,-132
1767173203.715238,-3,-1,-131
1767173203.725238,-2,-1,-132
1767173203.735238,2,-1,-127
1767173203.745238,2,-4,-126
1767173203.755238,-2,-5,-130
1767173203.765238,-5,-5,-131
1767173203.775238,0,-9,-129
1767173203.7852385,-3,-5,-126
1767173203.7952385,-5,-3,-122
1767173203.8052382,-3,-2,-117
1767173203.8152382,-1,-2,-118
1767173203.8252382,-1,-3,-118
1767173203.8352382,0,-2,-115
1767173203.8452382,-1,-3,-117
1767173203.8552382,-6,0,-124
1767173203.8652382,-1,-8,-132
1767173203.8752382,3,-7,-121
1767173203.8852382,4,-5,-116
1767173203.8952382,1,-2,-119
1767173203.9052382,-1,-1,-124
1767173203.915238,-7,-6,-124
1767173203.925238,-5,-6,-127
1767173203.935238,-2,-3,-126
1767173203.945238,1,-4,-120
1767173203.955238,0,-2,-115
1767173203.965238,-1,-4,-120
1767173203.975238,-1,-3,-125
1767173203.985238,-2,-1,-127
1767173203.995238,-1,0,-128
1767173204.005238,-1,2,-121
1767173204.015238,0,3,-119
1767173204.025238,-1,1,-121
1767173204.0352385,1,1,-124
1767173204.0452385,-1,0,-119
1767173204.0552382,0,0,-113
1767173204.0652382,-2,0,-111
1767173204.0752382,-4,0,-119
1767173204.0852382,-11,0,-126
1767173204.0952382,-3,-1,-127
1767173204.1052382,-1,-3,-129
1767173204.1152382,-2,0,-127
1767173204.1252382,-8,2,-124
1767173204.1352382,-6,0,-125
1767173204.1452382,-3,0,-131
1767173204.1552382,-2,0,-126
1767173204.165238,-2,-1,-121
1767173204.175238,-8,-5,-128
1767173204.185238,-5,-4,-130
1767173204.195238,-3,-3,-140
1767173204.205238,-1,-3,-139
1767173204.215238,2,-3,-132
1767173204.225238,5,-2,-124
1767173204.235238,0,-3,-119
1767173204.245238,-4,-5,-117
1767173204.255238,-6,-3,-119
1767173204.265238,-9,-3,-119
1767173204.275238,-8,1,-115
1767173204.2852385,-4,0,-126
1767173204.2952385,0,0,-135
1767173204.3052382,2,-2,-135
1767173204.3152382,-1,-1,-136
1767173204.3252382,-1,-2,-139
1767173204.3352382,-3,-5,-135
1767173204.3452382,-3,-8,-129
1767173204.3552382,-4,-8,-127
1767173204.3652382,-3,-7,-129
1767173204.3752382,-2,-2,-120
1767173204.3852382,0,-4,-125
1767173204.3952382,-3,-8,-121
1767173204.4052382,-6,-8,-126
1767173204.415238,-3,-11,-133
1767173204.425238,-6,-8,-135
1767173204.435238,-6,-6,-136
1767173204.445238,-4,-6,-136
1767173204.455238,-1,-8,-134
1767173204.465238,-2,-4,-137
1767173204.475238,-6,-5,-135
1767173204.485238,-3,-6,-137
1767173204.495238,2,-6,-130
1767173204.505238,3,-8,-134
1767173204.515238,1,-4,-130
1767173204.525238,0,2,-133
1767173204.5352385,3,0,-142
1767173204.5452385,3,0,-141
1767173204.5552382,3,-3,-140
1767173204.5652382,4,-3,-131
1767173204.5752382,5,-2,-124
1767173204.5852382,2,-5,-131
1767173204.5952382,-6,-4,-130
1767173204.6052382,-4,-3,-131
1767173204.6152382,-2,-8,-132
1767173204.6252382,-1,-10,-130
1767173204.6352382,-1,-7,-133
1767173204.6452382,-3,-6,-135
1767173204.6552382,-1,-5,-133
1767173204.665238,-1,-4,-130
1767173204.675238,-2,-4,-127
1767173204.685238,-3,-1,-129
1767173204.695238,4,3,-129
1767173204.705238,5,4,-127
1767173204.715238,4,4,-124
1767173204.725238,5,0,-129
1767173204.735238,3,0,-131
1767173204.745238,4,3,-134
1767173204.755238,1,3,-134
1767173204.765238,6,2,-128
1767173204.775238,7,-1,-126
1767173204.7852385,5,-2,-125
1767173204.7952385,4,0,-121
1767173204.8062382,4,0,-125
1767173204.8162382,4,1,-125
1767173204.8262382,13,0,-130
1767173204.836238,13,0,-134
1767173204.846238,5,-7,-145
1767173204.856238,2,-6,-146
1767173204.866238,-4,-6,-135
1767173204.876238,-7,-4,-128
1767173204.886238,-7,-2,-126
1767173204.896238,-7,-2,-131
1767173204.906238,-7,-4,-129
1767173204.916238,-1,-5,-126
1767173204.926238,0,-6,-126
1767173204.936238,0,-3,-133
1767173204.946238,-2,-3,-135
1767173204.9562385,-4,-7,-127
1767173204.9662385,-3,-3,-127
1767173204.9762385,-2,-2,-128
1767173204.9862382,-5,-1,-126
1767173204.9962382,-5,-2,-133
1767173205.0062382,-6,-1,-127
1767173205.0162382,-4,3,-125
1767173205.0262382,-1,0,-124
1767173205.0362382,-2,0,-131
1767173205.0462382,-2,0,-126
1767173205.0562382,0,0,-127
1767173205.0662382,-1,3,-130
1767173205.0762382,0,1,-130
1767173205.086238,-1,1,-134
1767173205.096238,-3,0,-138
1767173205.106238,-4,-1,-136
1767173205.116238,0,-2,-132
1767173205.126238,4,-3,-130
1767173205.136238,4,-1,-135
1767173205.146238,0,-2,-130
1767173205.156238,-1,-6,-129
1767173205.166238,-2,-5,-130
1767173205.176238,-3,-1,-130
1767173205.186238,-3,0,-129
1767173205.196238,-1,2,-129
1767173205.2062385,-3,2,-127
1767173205.2162385,-2,3,-129
1767173205.2262385,-3,4,-122
1767173205.2362382,0,2,-123
1767173205.257238,-3,4,-127
1767173205.2662382,-5,4,-125
1767173205.2762382,-9,0,-125
1767173205.2862382,-11,-2,-128
1767173205.2962382,-7,-3,-135
1767173205.3062382,-4,-2,-140
1767173205.3162382,1,-5,-136
1767173205.3262382,0,-8,-134
1767173205.336238,0,-7,-127
1767173205.346238,0,-6,-126
1767173205.356238,1,-8,-125
1767173205.366238,0,-9,-119
1767173205.376238,3,-4,-116
1767173205.386238,3,-2,-117
1767173205.396238,0,-1,-119
1767173205.406238,0,-2,-118
1767173205.416238,-3,-5,-131
1767173205.426238,-12,-3,-137
1767173205.436238,-12,-2,-138
1767173205.446238,-11,-1,-138
1767173205.4562385,-8,0,-138
1767173205.4662385,-4,-1,-141
1767173205.4762385,-5,-6,-136
1767173205.4862382,-8,-8,-132
1767173205.4962382,-8,-9,-128
1767173205.5062382,-2,-8,-127
1767173205.5162382,2,-4,-126
1767173205.5262382,1,-3,-131
1767173205.5362382,0,-1,-138
1767173205.5462382,-2,-1,-131
1767173205.5562382,-3,-1,-126
1767173205.5662382,-3,0,-129
1767173205.5762382,2,1,-131
1767173205.586238,5,0,-127
1767173205.596238,8,-6,-125
1767173205.606238,2,-4,-119
1767173205.616238,5,-3,-121
1767173205.626238,7,-4,-122
1767173205.636238,6,-2,-121
1767173205.646238,6,2,-122
1767173205.656238,5,3,-127
1767173205.666238,3,1,-128
1767173205.676238,4,-2,-120
1767173205.686238,9,-1,-115
1767173205.696238,8,0,-119
1767173205.7062385,5,-1,-122
1767173205.7162385,0,0,-121
1767173205.7262385,-1,-3,-122
1767173205.7362382,2,-7,-124
1767173205.7462382,-2,-9,-128
1767173205.7562382,-2,-7,-121
1767173205.7662382,-9,-6,-126
1767173205.7762382,-5,-5,-131
1767173205.7862382,1,-3,-132
1767173205.7962382,-1,0,-127
1767173205.8062382,-1,0,-122
1767173205.8162382,-1,-3,-121
1767173205.8262382,0,0,-122
1767173205.836238,2,0,-122
1767173205.846238,0,3,-117
1767173205.856238,-5,0,-118
1767173205.866238,-7,-5,-122
1767173205.876238,-6,-7,-129
1767173205.886238,-5,-6,-127
1767173205.896238,-4,-7,-122
1767173205.906238,-2,-5,-124
1767173205.916238,2,-3,-123
1767173205.926238,0,-5,-121
1767173205.936238,0,-3,-120
1767173205.946238,-2,0,-123
1767173205.9562385,0,0,-126
1767173205.9662385,0,0,-127
1767173205.9762385,0,1,-128
1767173205.9862382,3,0,-127
1767173205.9962382,4,-2,-126
1767173206.0062382,2,-3,-127
1767173206.0162382,-1,0,-132
1767173206.0262382,-2,2,-128
1767173206.0362382,3,2,-137
1767173206.0462382,4,0,-129
1767173206.0562382,7,-3,-123
1767173206.0662382,9,-4,-123
1767173206.0762382,10,-4,-123
1767173206.086238,14,-2,-126
1767173206.096238,15,-1,-123
1767173206.106238,12,-8,-117
1767173206.116238,6,-10,-122
1767173206.126238,2,-12,-116
1767173206.136238,2,-12,-121
1767173206.146238,6,-10,-121
1767173206.156238,4,-10,-125
1767173206.166238,0,-7,-125
1767173206.176238,-1,-3,-123
1767173206.186238,0,3,-126
1767173206.196238,-3,2,-123
1767173206.2062385,-2,2,-125
1767173206.2162385,-2,2,-132
1767173206.2262385,-2,1,-130
1767173206.2362382,-6,-1,-127
1767173206.2462382,-3,2,-128
1767173206.2562382,2,1,-122
1767173206.2662382,8,5,-128
1767173206.2762382,4,3,-124
1767173206.2862382,0,5,-122
1767173206.2962382,2,5,-129
1767173206.3062382,-2,6,-130
1767173206.3162382,2,1,-135
1767173206.3262382,6,0,-137
1767173206.336238,8,0,-141
1767173206.346238,5,0,-132
1767173206.356238,1,5,-126
1767173206.366238,1,4,-130
1767173206.376238,-1,4,-133
1767173206.386238,0,5,-129
1767173206.396238,0,9,-129
1767173206.406238,0,6,-129
1767173206.416238,-1,7,-130
1767173206.426238,1,5,-129
1767173206.436238,0,-2,-126
1767173206.446238,0,-5,-129
1767173206.4562385,1,-4,-129
1767173206.4662385,3,-2,-127
1767173206.4762385,0,-2,-130
1767173206.4862382,0,-1,-126
1767173206.4962382,1,0,-131
1767173206.5062382,-3,-4,-129
1767173206.5162382,-5,-4,-127
1767173206.5262382,-4,-2,-129
1767173206.5362382,0,0,-124
1767173206.5462382,3,1,-121
1767173206.5562382,6,1,-118
1767173206.5662382,8,1,-114
1767173206.5762382,9,5,-112
1767173206.586238,6,2,-110
1767173206.596238,0,3,-109
1767173206.606238,1,3,-117
1767173206.616238,1,0,-124
1767173206.626238,-2,0,-121
1767173206.636238,-3,-3,-118
1767173206.646238,0,-6,-118
1767173206.656238,-1,-6,-117
1767173206.666238,0,-5,-125
1767173206.676238,2,1,-117
1767173206.686238,5,-2,-120
1767173206.696238,5,-3,-127
1767173206.7062385,4,-4,-127
1767173206.7162385,1,-1,-120
1767173206.7262385,3,1,-122
1767173206.7362382,4,-1,-128
1767173206.7462382,1,-3,-127
1767173206.7562382,0,-2,-125
1767173206.7662382,-2,0,-122
1767173206.7762382,-4,0,-120
1767173206.7862382,0,-3,-121
1767173206.7962382,2,-3,-121
1767173206.8062382,3,-8,-120
1767173206.8162382,3,-5,-123
1767173206.8262382,6,-3,-125
1767173206.836238,7,-1,-130
1767173206.846238,8,0,-138
1767173206.856238,4,0,-131
1767173206.866238,2,2,-127
1767173206.876238,5,2,-127
1767173206.886238,1,1,-127
1767173206.896238,2,0,-135
1767173206.906238,2,2,-134
1767173206.916238,2,1,-135
1767173206.926238,0,0,-134
1767173206.936238,3,0,-127
1767173206.946238,1,1,-129
1767173206.9562385,0,0,-132
1767173206.9662385,-1,1,-134
1767173206.9762385,-1,4,-131
1767173206.9862382,-9,6,-130
1767173206.9962382,-2,7,-129
1767173207.0062382,0,4,-128
1767173207.0162382,0,3,-117
1767173207.0262382,0,0,-116
1767173207.0362382,-1,-1,-118
1767173207.0462382,-5,-5,-120
1767173207.0562382,-3,-3,-116
1767173207.0662382,-2,-2,-119
1767173207.0762382,-3,0,-116
1767173207.086238,-1,3,-122
1767173207.096238,0,4,-120
1767173207.106238,-1,0,-117
1767173207.116238,1,4,-118
1767173207.126238,-1,-2,-128
1767173207.136238,-2,-2,-136
1767173207.146238,0,-2,-136
1767173207.156238,-2,0,-140
1767173207.166238,-3,1,-131
1767173207.176238,-6,1,-132
1767173207.186238,-3,-2,-129
1767173207.196238,-4,-6,-132
1767173207.2062385,-2,-4,-138
1767173207.2162385,3,-5,-132
1767173207.2262385,6,-5,-120
1767173207.2362382,3,-3,-124
1767173207.2462382,4,0,-123
1767173207.2562382,1,0,-126
1767173207.2662382,0,0,-128
1767173207.2762382,0,0,-129
1767173207.2862382,2,-4,-126
1767173207.2962382,2,-1,-127
1767173207.3062382,0,-1,-129
1767173207.3162382,-4,-2,-126
1767173207.3262382,-2,-5,-126
1767173207.336238,-3,-5,-132
1767173207.346238,1,-5,-129
1767173207.356238,6,-6,-130
1767173207.366238,7,-3,-126
1767173207.376238,2,-4,-131
1767173207.386238,0,-5,-128
1767173207.396238,0,-4,-127
1767173207.406238,-2,-1,-131
1767173207.4172382,2,-4,-125
1767173207.4272382,1,-1,-123
1767173207.4372382,-2,-2,-124
1767173207.4472382,2,-3,-131
1767173207.4572382,0,-7,-130
1767173207.4672382,5,-9,-128
1767173207.4772382,6,-6,-125
1767173207.4872382,5,-2,-123
1767173207.4972382,1,-3,-126
1767173207.507238,-1,-5,-127
1767173207.517238,-3,-7,-123
1767173207.527238,-5,-2,-126
1767173207.537238,-9,0,-125
1767173207.547238,-6,0,-129
1767173207.557238,-4,1,-132
1767173207.567238,-4,1,-128
1767173207.577238,-3,3,-134
1767173207.587238,-2,1,-134
1767173207.597238,2,-1,-131
1767173207.607238,-1,-1,-133
1767173207.617238,-4,0,-129
1767173207.627238,-3,-3,-123
1767173207.6372385,-6,-1,-133
1767173207.6472385,-2,-3,-145
1767173207.6572382,-1,-4,-141
1767173207.6672382,-2,-5,-141
1767173207.6772382,-2,-12,-142
1767173207.6872382,-3,-12,-130
1767173207.6972382,-6,-7,-128
1767173207.7072382,-10,-6,-125
1767173207.7172382,-8,-7,-123
1767173207.7272382,-10,-5,-130
1767173207.7372382,-5,-6,-136
1767173207.7472382,0,-9,-134
1767173207.757238,-3,-5,-133
1767173207.767238,-4,-7,-136
1767173207.777238,-5,-5,-131
1767173207.787238,-8,0,-131
1767173207.797238,-3,-2,-131
1767173207.807238,1,-3,-131
1767173207.817238,0,-7,-129
1767173207.827238,-2,-7,-128
1767173207.837238,-1,-6,-128
1767173207.847238,-4,-8,-126
1767173207.857238,-4,-3,-127
1767173207.867238,-5,-3,-133
1767173207.877238,-1,-8,-139
1767173207.8872385,-1,-4,-142
1767173207.8972385,2,-4,-139
1767173207.9072382,6,-2,-135
1767173207.9172382,4,2,-136
1767173207.9272382,0,4,-127
1767173207.9372382,-1,3,-122
1767173207.9472382,0,0,-121
1767173207.9572382,0,0,-121
1767173207.9672382,-2,0,-121
1767173207.9772382,-3,1,-116
1767173207.9872382,-1,2,-122
1767173207.9972382,-1,2,-118
1767173208.007238,-3,1,-122
1767173208.017238,-6,-2,-127
1767173208.027238,-1,-2,-130
1767173208.037238,-2,-2,-126
1767173208.047238,-2,-2,-131
1767173208.057238,0,-3,-133
1767173208.067238,-2,-1,-132
1767173208.077238,-3,0,-134
1767173208.087238,0,1,-140
1767173208.097238,1,5,-141
1767173208.107238,4,7,-150
1767173208.117238,1,4,-137
1767173208.127238,0,2,-132
1767173208.1372385,0,-5,-133
1767173208.1472385,0,-7,-134
1767173208.1572382,-3,-8,-135
1767173208.1672382,0,-6,-128
1767173208.1772382,2,-3,-129
1767173208.1872382,3,0,-129
1767173208.1972382,2,0,-130
1767173208.2072382,2,-3,-118
1767173208.2172382,3,-2,-124
1767173208.2272382,4,1,-128
1767173208.2372382,5,0,-134
1767173208.2472382,6,-5,-130
1767173208.257238,8,-3,-129
1767173208.267238,7,-6,-128
1767173208.277238,6,-6,-126
1767173208.287238,9,-2,-121
1767173208.297238,5,-2,-123
1767173208.307238,10,-3,-128
1767173208.317238,10,3,-124
1767173208.327238,9,1,-122
1767173208.337238,6,0,-124
1767173208.347238,8,1,-125
1767173208.357238,8,-2,-122
1767173208.367238,7,-2,-124
1767173208.377238,2,-3,-121
1767173208.3872385,0,-5,-118
1767173208.3972385,3,-5,-125
1767173208.4072382,0,-4,-125
1767173208.4172382,0,-5,-130
1767173208.4272382,0,-6,-132
1767173208.4372382,-5,-6,-134
1767173208.4472382,-3,-9,-134
1767173208.4572382,-1,-5,-137
1767173208.4672382,0,-3,-128
1767173208.4772382,0,-3,-127
1767173208.4872382,0,-5,-129
1767173208.4972382,-1,-4,-126
1767173208.507238,-3,-1,-132
1767173208.517238,-2,0,-133
1767173208.527238,1,3,-133
1767173208.537238,0,1,-132
1767173208.547238,0,1,-130
1767173208.557238,-3,0,-133
1767173208.567238,-7,-2,-130
1767173208.577238,-8,-1,-122
1767173208.587238,-5,1,-126
1767173208.597238,0,1,-129
1767173208.607238,0,0,-131
1767173208.617238,-1,2,-134
1767173208.627238,-4,2,-132
1767173208.6372385,-2,-1,-130
1767173208.6472385,-5,0,-131
1767173208.6572382,-4,0,-131
1767173208.6672382,-1,1,-136
1767173208.6772382,-5,0,-132
1767173208.6872382,-7,2,-126
1767173208.6972382,-7,0,-128
1767173208.7072382,-1,-2,-131
1767173208.7172382,4,4,-130
1767173208.7272382,3,0,-127
1767173208.7372382,1,0,-127
1767173208.7472382,0,-1,-133
1767173208.757238,1,1,-131
1767173208.767238,0,4,-125
1767173208.777238,1,-2,-125
1767173208.787238,0,0,-127
1767173208.797238,3,-1,-129
1767173208.807238,-2,0,-137
1767173208.817238,-2,3,-135
1767173208.827238,-6,10,-135
1767173208.837238,-7,10,-136
1767173208.847238,-4,8,-136
1767173208.857238,0,3,-135
1767173208.867238,4,0,-130
1767173208.877238,7,0,-131
1767173208.8872385,8,3,-133
1767173208.8972385,5,3,-130
1767173208.9072382,8,1,-135
1767173208.9172382,6,-2,-131
1767173208.9272382,7,-3,-129
1767173208.9372382,6,0,-124
1767173208.9472382,6,0,-124
1767173208.9572382,5,2,-124
1767173208.9672382,2,1,-120
1767173208.9772382,1,-2,-118
1767173208.9872382,0,-1,-117
1767173208.9972382,2,-3,-121
1767173209.007238,-1,0,-117
1767173209.017238,3,0,-123
1767173209.027238,2,0,-125
1767173209.037238,7,-2,-126
1767173209.047238,8,-2,-128
1767173209.057238,8,-4,-124
1767173209.067238,5,-4,-120
1767173209.077238,2,-6,-120
1767173209.087238,2,-7,-125
1767173209.097238,0,-2,-126
1767173209.107238,2,-2,-123
1767173209.117238,0,-5,-124
1767173209.127238,-1,-5,-126
1767173209.1372385,-2,-7,-124
1767173209.1472385,-1,-4,-127
1767173209.1572382,2,-4,-128
1767173209.1672382,4,-3,-130
1767173209.1772382,3,-5,-135
1767173209.1872382,2,0,-131
1767173209.1972382,0,2,-134
1767173209.2072382,-3,2,-134
1767173209.2172382,0,0,-133
1767173209.2272382,1,1,-138
1767173209.2372382,2,0,-137
1767173209.2472382,0,0,-135
1767173209.257238,0,1,-136
1767173209.267238,1,2,-131
1767173209.277238,-2,1,-133
1767173209.287238,-1,1,-131
1767173209.297238,-2,3,-132
1767173209.307238,-3,3,-129
1767173209.317238,-10,-1,-130
1767173209.327238,-8,-2,-129
1767173209.337238,-7,-2,-122
1767173209.347238,-5,-3,-120
1767173209.357238,-7,0,-127
1767173209.367238,-6,1,-129
1767173209.377238,-6,0,-133
1767173209.3872385,-7,2,-130
1767173209.3972385,-8,1,-124
1767173209.4072382,-5,-3,-124
1767173209.4172382,-6,-1,-127
1767173209.4272382,-7,-2,-127
1767173209.4372382,-11,-2,-120
1767173209.4472382,-5,-2,-115
1767173209.4572382,-7,-5,-118
1767173209.4672382,-4,-2,-113
1767173209.4772382,1,-2,-117
1767173209.4872382,1,-3,-120
1767173209.4972382,-1,-1,-122
1767173209.507238,0,-3,-122
1767173209.517238,4,-2,-127
1767173209.527238,5,-1,-129
1767173209.537238,3,-1,-126
1767173209.547238,3,2,-128
1767173209.557238,-1,5,-127
1767173209.567238,2,4,-134
1767173209.577238,-3,4,-134
1767173209.587238,1,0,-137
1767173209.597238,0,0,-141
1767173209.607238,0,-2,-139
1767173209.617238,-1,0,-129
1767173209.627238,0,0,-128
1767173209.6372385,3,3,-130
1767173209.6472385,6,5,-126
1767173209.6572382,6,0,-122
1767173209.6672382,1,0,-123
1767173209.6772382,0,4,-126
1767173209.6872382,-1,4,-130
1767173209.6972382,-2,0,-124
1767173209.7072382,-5,-2,-120
1767173209.7172382,-7,-7,-125
1767173209.7272382,-3,-10,-127
1767173209.7372382,-5,-10,-131
1767173209.7472382,0,-6,-134
1767173209.757238,2,-6,-130
1767173209.767238,0,-6,-128
1767173209.777238,2,-5,-123
1767173209.787238,5,-8,-123
1767173209.797238,2,-7,-127
1767173209.807238,2,-2,-126
1767173209.817238,1,-1,-125
1767173209.827238,0,2,-127
1767173209.837238,2,5,-133
1767173209.847238,2,3,-133
1767173209.857238,0,0,-130
1767173209.867238,0,-1,-125
1767173209.877238,-1,0,-125
1767173209.8872385,0,0,-120
1767173209.8972385,0,-3,-119
1767173209.9072382,-2,-2,-124
1767173209.9172382,-5,-2,-126
1767173209.9272382,-8,-1,-128
1767173209.9372382,-1,-1,-127
1767173209.948238,2,-1,-130
1767173209.9572382,4,1,-133
1767173209.9672382,0,-1,-133
1767173209.9772382,-3,0,-139
1767173209.9872382,-4,2,-140
1767173209.9972382,-4,0,-139
1767173210.008238,-4,0,-134
1767173210.017238,0,1,-132
1767173210.027238,1,2,-131
1767173210.037238,-3,2,-134
1767173210.048238,-1,-2,-133
1767173210.0582385,2,-5,-129
1767173210.0682385,3,-4,-126
1767173210.0782382,3,-5,-126
1767173210.0882382,0,-6,-121
1767173210.0982382,2,-9,-121
1767173210.1082382,0,-10,-130
1767173210.1182382,-3,-8,-129
1767173210.1282382,-2,-6,-127
1767173210.1382382,-2,-3,-124
1767173210.1482382,-7,-3,-124
1767173210.1582382,-6,-6,-129
1767173210.1682382,-1,-7,-135
1767173210.1782382,-2,-6,-133
1767173210.188238,-4,-2,-135
1767173210.198238,-6,-4,-135
1767173210.208238,-5,-4,-140
1767173210.218238,-5,-3,-138
1767173210.228238,0,-3,-131
1767173210.238238,0,-2,-131
1767173210.248238,1,0,-124
1767173210.2692382,1,-3,-116
1767173210.278238,0,-5,-116
1767173210.288238,3,-9,-121
1767173210.298238,3,-8,-126
1767173210.3082385,0,-5,-131
1767173210.3182385,-1,-4,-136
1767173210.3282382,0,-2,-142
1767173210.3382382,-6,-3,-137
1767173210.3482382,-3,-2,-136
1767173210.3582382,-4,1,-133
1767173210.3682382,-3,2,-135
1767173210.3782382,0,0,-128
1767173210.3882382,0,3,-131
1767173210.3982382,2,0,-136
1767173210.4082382,1,-3,-132
1767173210.4182382,0,-4,-130
1767173210.4282382,-1,-2,-130
1767173210.438238,-2,-1,-133
1767173210.448238,-3,-3,-131
1767173210.458238,0,-1,-131
1767173210.468238,0,-4,-125
1767173210.478238,0,-6,-122
1767173210.488238,2,-3,-121
1767173210.498238,2,-3,-125
1767173210.508238,-1,-2,-129
1767173210.518238,-1,-2,-131
1767173210.528238,0,-4,-134
1767173210.538238,-3,-2,-129
1767173210.548238,-1,-1,-125
1767173210.5582385,0,1,-133
1767173210.5682385,0,0,-137
1767173210.5782382,4,0,-137
1767173210.5882382,10,-1,-132
1767173210.5982382,7,-5,-132
1767173210.6082382,6,-9,-132
1767173210.6182382,3,-6,-133
1767173210.6282382,6,-6,-137
1767173210.6382382,4,-7,-133
1767173210.6482382,2,-7,-127
1767173210.6582382,0,-3,-129
1767173210.6682382,-3,-1,-130
1767173210.6782382,-1,0,-132
1767173210.688238,-1,0,-130
1767173210.698238,-2,1,-122
1767173210.708238,-1,1,-127
1767173210.718238,-1,1,-129
1767173210.728238,-1,0,-132
1767173210.738238,0,0,-134
1767173210.748238,4,0,-132
1767173210.758238,6,0,-127
1767173210.768238,2,-1,-122
1767173210.778238,1,1,-125
1767173210.788238,6,-2,-127
1767173210.798238,7,-5,-127
1767173210.8082385,3,-7,-124
1767173210.8182385,0,-5,-126
1767173210.8282382,0,-6,-125
1767173210.8382382,2,-1,-130
1767173210.8482382,2,0,-128
1767173210.8582382,-2,-2,-126
1767173210.8682382,-4,-1,-121
1767173210.8782382,-6,0,-125
1767173210.8882382,-2,1,-127
1767173210.8982382,1,-1,-126
1767173210.9082382,3,2,-131
1767173210.9182382,0,1,-134
1767173210.9282382,-2,0,-138
1767173210.938238,-4,-2,-139
1767173210.948238,-5,-4,-137
1767173210.958238,-2,-9,-127
1767173210.968238,-4,-9,-121
1767173210.978238,0,-10,-124
1767173210.988238,0,-11,-130
1767173210.998238,0,-9,-134
1767173211.008238,0,-5,-132
1767173211.018238,1,-6,-132
1767173211.028238,0,-10,-133
1767173211.038238,0,-11,-133
1767173211.048238,-4,-14,-142
1767173211.0582385,-5,-9,-135
1767173211.0682385,-6,-1,-131
1767173211.0782382,-8,-1,-131
1767173211.0882382,-9,-3,-136
1767173211.0982382,-8,-5,-130
1767173211.1082382,-9,-4,-127
1767173211.1182382,-6,-2,-126
1767173211.1282382,-1,-1,-124
1767173211.1382382,0,0,-129
1767173211.1482382,-2,1,-129
1767173211.1582382,2,2,-132
1767173211.1682382,1,2,-137
1767173211.1782382,3,5,-137
1767173211.188238,5,2,-138
1767173211.198238,1,0,-143
1767173211.208238,-5,0,-145
1767173211.218238,-5,-2,-141
1767173211.228238,-2,-2,-142
1767173211.238238,0,0,-138
1767173211.248238,0,-1,-134
1767173211.258238,4,2,-131
1767173211.268238,2,0,-128
1767173211.278238,0,3,-127
1767173211.288238,-2,0,-123
1767173211.298238,-2,0,-128
1767173211.3082385,2,-3,-131
1767173211.3182385,2,-4,-130
1767173211.3282382,2,-4,-132
1767173211.3382382,2,-6,-131
1767173211.3482382,0,-5,-131
1767173211.3582382,0,-3,-133
1767173211.3682382,0,-5,-135
1767173211.3782382,0,-7,-126
1767173211.3882382,2,-5,-130
1767173211.3982382,1,-4,-131
1767173211.4082382,-2,-4,-128
1767173211.4182382,-8,-2,-129
1767173211.4282382,-9,1,-133
1767173211.438238,-8,2,-136
1767173211.448238,-10,6,-136
1767173211.458238,-13,12,-139
1767173211.468238,-10,12,-139
1767173211.478238,-9,9,-131
1767173211.488238,-4,7,-138
1767173211.498238,-6,7,-141
1767173211.508238,-8,2,-140
1767173211.518238,-11,0,-142
1767173211.528238,-9,1,-145
1767173211.538238,-10,0,-138
1767173211.548238,-8,-1,-128
1767173211.5582385,-9,0,-127
1767173211.5682385,-9,-1,-131
1767173211.5782382,-8,0,-130
1767173211.5882382,-7,-4,-130
1767173211.5982382,-11,-3,-131
1767173211.6082382,-7,3,-134
1767173211.6182382,-8,2,-133
1767173211.6282382,-4,-1,-130
1767173211.6382382,-2,2,-127
1767173211.6482382,-2,4,-128
1767173211.6582382,-1,0,-130
1767173211.6682382,-9,-2,-138
1767173211.6782382,-7,-5,-139
1767173211.688238,-6,-3,-133
1767173211.698238,-8,-3,-131
1767173211.708238,-8,-6,-134
1767173211.718238,-7,-7,-131
1767173211.728238,-10,-9,-129
1767173211.738238,-5,-9,-124
1767173211.748238,-2,-5,-130
1767173211.758238,-1,-4,-131
1767173211.768238,-2,-1,-128
1767173211.778238,-4,0,-128
1767173211.788238,-6,-2,-127
1767173211.798238,-6,0,-127
1767173211.8082385,-6,-2,-131
1767173211.8182385,-6,1,-131
1767173211.8282382,-1,2,-131
1767173211.8382382,-5,2,-126
1767173211.8482382,-1,1,-122
1767173211.8582382,0,0,-125
1767173211.8682382,1,0,-129
1767173211.8782382,-2,1,-124
1767173211.8882382,-1,1,-119
1767173211.8982382,-4,0,-114
1767173211.9082382,-3,-2,-116
1767173211.9182382,-1,0,-111
1767173211.9282382,-1,0,-102
1767173211.938238,-1,3,-104
1767173211.948238,0,1,-106
1767173211.958238,0,3,-104
1767173211.968238,-1,-1,-111
1767173211.978238,1,-3,-108
1767173211.988238,3,-2,-107
1767173211.998238,4,-3,-118
1767173212.008238,1,-1,-121
1767173212.018238,-2,0,-125
1767173212.028238,-3,-1,-124
1767173212.038238,-1,-4,-124
1767173212.048238,0,-8,-126
1767173212.0582385,2,-9,-130
1767173212.0682385,1,-11,-123
1767173212.0782382,3,-9,-124
1767173212.0882382,0,-8,-124
1767173212.0982382,-3,-8,-123
1767173212.1082382,-1,-8,-123
1767173212.1182382,0,-5,-125
1767173212.1282382,2,-3,-126
1767173212.1382382,1,-5,-129
1767173212.1482382,1,-3,-127
1767173212.1582382,0,-3,-130
1767173212.1682382,0,-2,-131
1767173212.1782382,3,-3,-135
1767173212.188238,3,-1,-126
1767173212.198238,4,0,-123
1767173212.208238,3,-3,-123
1767173212.218238,0,-1,-129
1767173212.228238,0,-2,-123
1767173212.238238,2,-6,-124
1767173212.248238,2,-5,-130
1767173212.258238,2,-4,-132
1767173212.268238,4,-5,-134
1767173212.278238,2,-5,-130
1767173212.288238,2,-3,-126
1767173212.298238,3,-6,-128
1767173212.3082385,6,-8,-125
1767173212.3182385,3,-6,-123
1767173212.3282382,0,-5,-125
1767173212.3382382,1,0,-127
1767173212.3482382,1,1,-131
1767173212.3582382,1,0,-130
1767173212.3682382,0,0,-126
1767173212.3782382,0,-1,-129
1767173212.3882382,-2,-6,-136
1767173212.3982382,3,-2,-139
1767173212.4082382,2,-8,-135
1767173212.4182382,0,-9,-127
1767173212.4282382,-1,-8,-131
1767173212.438238,-7,-6,-132
1767173212.448238,-5,-5,-132
1767173212.458238,-7,-1,-131
1767173212.468238,-5,-2,-130
1767173212.478238,0,0,-122
1767173212.488238,1,1,-127
1767173212.498238,3,0,-128
1767173212.508238,3,0,-129
1767173212.518238,2,3,-129
1767173212.528238,-1,3,-130
1767173212.538238,-5,6,-136
1767173212.548238,-2,7,-137
1767173212.5582385,-1,3,-136
1767173212.5682385,-2,5,-136
1767173212.5782382,-4,0,-137
1767173212.5882382,-7,0,-137
1767173212.5992382,-9,0,-135
1767173212.6082382,-8,0,-131
1767173212.6182382,-10,1,-136
1767173212.629238,-7,-3,-136
1767173212.6382382,-7,-1,-132
1767173212.649238,-4,-1,-132
1767173212.659238,-1,-1,-130
1767173212.669238,0,-4,-123
1767173212.679238,-4,-1,-131
1767173212.689238,-4,0,-130
1767173212.699238,-3,3,-125
1767173212.709238,-7,0,-130
1767173212.719238,-5,0,-125
1767173212.7292385,-3,0,-119
1767173212.7392385,-3,0,-121
1767173212.7492385,-1,1,-132
1767173212.7592382,1,0,-131
1767173212.7692382,-2,-2,-128
1767173212.7792382,-1,-4,-128
1767173212.7892382,0,-1,-131
1767173212.7992382,-1,-1,-130
1767173212.8092382,2,-1,-132
1767173212.8192382,1,-1,-129
1767173212.8292382,-5,-2,-125
1767173212.8392382,-4,-1,-130
1767173212.8492382,-6,-1,-138
1767173212.859238,-7,0,-132
1767173212.869238,-4,1,-136
1767173212.879238,-3,3,-137
1767173212.889238,-4,1,-142
1767173212.899238,-5,3,-134
1767173212.909238,-4,0,-132
1767173212.919238,-4,-3,-130
1767173212.929238,0,-1,-132
1767173212.939238,-1,-1,-135
1767173212.949238,-4,-2,-134
1767173212.959238,-5,-4,-132
1767173212.969238,-7,-2,-137
1767173212.9792385,-6,-2,-130
1767173212.9892385,-8,-6,-129
1767173212.9992385,-6,-5,-129
1767173213.0092382,-1,0,-134
1767173213.0192382,0,2,-134
1767173213.0292382,-2,-1,-133
1767173213.0392382,-1,-2,-138
1767173213.0492382,-2,-4,-136
1767173213.0592382,2,-4,-135
1767173213.0692382,3,-3,-137
1767173213.0792382,2,-6,-131
1767173213.0892382,0,-12,-126
1767173213.0992382,3,-9,-133
1767173213.109238,2,-8,-144
1767173213.119238,0,-8,-146
1767173213.129238,1,-5,-141
1767173213.139238,0,-7,-132
1767173213.149238,1,-7,-140
1767173213.159238,1,-3,-133
1767173213.169238,0,-6,-129
1767173213.179238,-4,-10,-128
1767173213.189238,-5,-10,-128
1767173213.199238,-3,-9,-134
1767173213.209238,-1,-8,-129
1767173213.219238,0,-7,-135
1767173213.2292385,0,-7,-124
1767173213.2392385,3,-4,-122
1767173213.2492385,4,0,-123
1767173213.2592382,3,2,-128
1767173213.2692382,3,1,-133
1767173213.2792382,1,3,-141
1767173213.2892382,-2,3,-139
1767173213.2992382,-4,2,-134
1767173213.3092382,-4,1,-130
1767173213.3192382,0,2,-137
1767173213.3292382,2,-1,-143
1767173213.3392382,2,-4,-141
1767173213.3492382,7,-3,-141
1767173213.359238,6,-2,-134
1767173213.369238,5,2,-129
1767173213.379238,2,3,-127
1767173213.389238,3,4,-129
1767173213.399238,1,3,-130
1767173213.409238,1,0,-137
1767173213.419238,4,-5,-141
1767173213.429238,7,-6,-134
1767173213.439238,2,-5,-125
1767173213.449238,1,-5,-126
1767173213.459238,-3,-4,-125
1767173213.469238,-4,-3,-125
1767173213.4792385,-3,-5,-127
1767173213.4892385,-1,-5,-127
1767173213.4992385,-2,-6,-122
1767173213.5092382,2,-3,-127
1767173213.5192382,1,-2,-130
1767173213.5292382,-2,-1,-127
1767173213.5392382,2,-2,-124
1767173213.5492382,0,-1,-120
1767173213.5592382,2,-1,-124
1767173213.5692382,0,-7,-123
1767173213.5792382,2,-8,-122
1767173213.5892382,3,-7,-120
1767173213.5992382,2,-9,-117
1767173213.609238,0,-4,-120
1767173213.619238,6,-4,-126
1767173213.629238,2,-6,-127
1767173213.639238,4,-4,-121
1767173213.649238,1,-6,-125
1767173213.659238,0,-5,-126
1767173213.669238,5,-4,-128
1767173213.679238,6,-1,-129
1767173213.689238,3,-4,-128
1767173213.699238,-3,-1,-131
1767173213.709238,-1,-1,-129
1767173213.719238,-3,2,-127
1767173213.7292385,0,2,-127
1767173213.7392385,3,0,-126
1767173213.7492385,7,-2,-127
1767173213.7592382,13,-6,-128
1767173213.7692382,15,-3,-125
1767173213.7792382,11,0,-131
1767173213.7892382,7,1,-120
1767173213.7992382,6,-2,-121
1767173213.8092382,1,-2,-121
1767173213.8192382,0,-2,-123
1767173213.8292382,9,-6,-128
1767173213.8392382,10,-5,-132
1767173213.8492382,9,-6,-131
1767173213.859238,8,-4,-130
1767173213.869238,6,-4,-131
1767173213.879238,2,-4,-133
1767173213.889238,1,-4,-134
1767173213.899238,0,1,-129
1767173213.909238,0,-1,-128
1767173213.919238,-7,-2,-127
1767173213.929238,-9,-1,-128
1767173213.939238,-7,-3,-131
1767173213.949238,-8,-4,-130
1767173213.959238,-15,-1,-130
1767173213.969238,-11,0,-128
1767173213.9792385,-3,-1,-128
1767173213.9902382,-4,0,-133
1767173213.9992385,-7,0,-128
1767173214.0092382,-5,0,-121
1767173214.0192382,-3,3,-113
1767173214.0292382,-5,1,-119
1767173214.0392382,-7,1,-121
1767173214.0492382,-2,-2,-127
1767173214.0592382,-3,1,-124
1767173214.0692382,-2,1,-126
1767173214.0792382,2,2,-122
1767173214.0892382,5,0,-117
1767173214.0992382,0,-6,-113
1767173214.109238,3,-3,-113
1767173214.119238,6,-5,-112
1767173214.129238,7,-5,-116
1767173214.139238,8,-4,-118
1767173214.149238,1,-3,-123
1767173214.159238,0,0,-125
1767173214.169238,4,-2,-129
1767173214.179238,3,-5,-130
1767173214.189238,3,-3,-137
1767173214.199238,5,1,-137
1767173214.209238,4,2,-134
1767173214.219238,0,-2,-127
1767173214.2292385,-7,-2,-122
1767173214.2392385,-7,0,-121
1767173214.2492385,-6,1,-123
1767173214.2592382,-2,5,-114
1767173214.2692382,-2,1,-114
1767173214.2792382,1,-4,-112
1767173214.2892382,-1,-8,-109
1767173214.2992382,-1,-7,-108
1767173214.3092382,0,-6,-119
1767173214.3192382,0,-3,-125
1767173214.3292382,0,-2,-125
1767173214.3392382,0,-4,-131
1767173214.3492382,0,-3,-131
1767173214.359238,0,-2,-135
1767173214.369238,-2,1,-128
1767173214.379238,2,-1,-122
1767173214.389238,0,-1,-120
1767173214.399238,1,2,-123
1767173214.409238,1,2,-122
1767173214.419238,0,0,-122
1767173214.429238,-1,-4,-121
1767173214.439238,6,-7,-121
1767173214.449238,0,-7,-122
1767173214.459238,-3,-5,-119
1767173214.469238,-7,-5,-119
1767173214.4792385,-11,-5,-125
1767173214.4892385,-14,-6,-130
1767173214.4992385,-9,-4,-129
1767173214.5092382,-6,-2,-135
1767173214.5192382,-3,-4,-130
1767173214.5292382,-3,-2,-129
1767173214.5392382,-6,-4,-130
1767173214.5492382,-12,-1,-132
1767173214.5592382,-5,-1,-129
1767173214.5692382,-4,-5,-135
1767173214.5792382,-3,-7,-133
1767173214.5892382,-1,-7,-130
1767173214.5992382,-4,-2,-125
1767173214.609238,-3,-1,-127
1767173214.619238,-3,-3,-124
1767173214.629238,-1,-7,-126
1767173214.639238,2,-8,-126
1767173214.649238,4,-8,-122
1767173214.659238,0,-10,-127
1767173214.669238,-2,-13,-125
1767173214.679238,0,-12,-124
1767173214.689238,3,-10,-128
1767173214.699238,2,-8,-126
1767173214.709238,0,-5,-123
1767173214.719238,-5,-3,-122
1767173214.7292385,-8,-2,-118
1767173214.7392385,-6,-3,-117
1767173214.7492385,-8,-4,-119
1767173214.7592382,-11,1,-118
1767173214.7692382,-7,0,-120
1767173214.7792382,-3,0,-119
1767173214.7892382,-2,0,-118
1767173214.7992382,-4,-3,-121
1767173214.8092382,-1,-1,-129
1767173214.8192382,-4,-3,-126
1767173214.8292382,-8,-4,-132
1767173214.8392382,-9,-3,-140
1767173214.8492382,-9,-4,-144
1767173214.859238,-9,-5,-134
1767173214.869238,-6,-4,-132
1767173214.879238,-6,-6,-131
1767173214.889238,-7,-7,-131
1767173214.899238,-2,-8,-127
1767173214.909238,0,-3,-125
1767173214.919238,0,-3,-134
1767173214.929238,-3,1,-133
1767173214.939238,0,2,-129
1767173214.949238,3,5,-124
1767173214.959238,4,1,-123
1767173214.969238,2,1,-119
1767173214.9792385,3,1,-115
1767173214.9892385,2,3,-120
1767173214.9992385,2,-2,-126
1767173215.0092382,1,-6,-131
1767173215.0192382,-4,-6,-138
1767173215.0292382,-8,-5,-137
1767173215.0392382,-4,-4,-136
1767173215.0492382,-1,-3,-128
1767173215.0592382,1,-1,-126
1767173215.0692382,4,1,-127
1767173215.0792382,2,3,-129
1767173215.0892382,-1,2,-133
1767173215.0992382,-1,3,-128
1767173215.109238,0,2,-130
1767173215.119238,0,3,-134
1767173215.129238,1,2,-134
1767173215.139238,-1,0,-133
1767173215.149238,-2,0,-132
1767173215.159238,-5,0,-133
1767173215.169238,-9,1,-132
1767173215.179238,-5,-1,-129
1767173215.189238,-5,-1,-128
1767173215.199238,-6,1,-131
1767173215.209238,0,0,-135
1767173215.219238,-3,1,-134
1767173215.2292385,-2,0,-132
1767173215.2392385,-1,-2,-129
1767173215.2492385,0,-1,-123
1767173215.2602382,4,-2,-123
1767173215.2822382,2,-1,-131
1767173215.290238,-1,0,-135
1767173215.300238,-1,0,-141
1767173215.310238,-2,-1,-140
1767173215.320238,-3,0,-140
1767173215.330238,-2,-3,-132
1767173215.3392382,-2,-3,-126
1767173215.350238,-1,-5,-127
1767173215.360238,-4,0,-123
1767173215.370238,1,-4,-129
1767173215.380238,0,-1,-137
1767173215.389238,0,2,-139
1767173215.400238,-3,5,-138
1767173215.4102385,-3,4,-134
1767173215.4202385,-3,4,-133
1767173215.4302382,-4,5,-127
1767173215.4402382,0,0,-122
1767173215.4502382,0,-1,-124
1767173215.4602382,0,3,-123
1767173215.4702382,-1,1,-123
1767173215.4802382,-1,-1,-126
1767173215.4902382,-3,0,-134
1767173215.5002382,-6,-3,-131
1767173215.5102382,-4,1,-131
1767173215.5202382,0,-2,-145
1767173215.5302382,0,-3,-148
1767173215.540238,1,-1,-145
1767173215.550238,0,-2,-139
1767173215.560238,-3,0,-136
1767173215.570238,0,0,-132
1767173215.580238,0,-1,-136
1767173215.590238,6,-3,-141
1767173215.600238,6,2,-143
1767173215.610238,6,0,-139
1767173215.620238,8,0,-130
1767173215.630238,6,1,-133
1767173215.640238,2,-1,-129
1767173215.650238,2,-2,-134
1767173215.6602385,5,-1,-133
1767173215.6702385,6,-4,-127
1767173215.6802382,4,-2,-129
1767173215.6902382,1,-3,-128
1767173215.7002382,0,2,-132
1767173215.7102382,2,-1,-129
1767173215.7202382,6,-2,-127
1767173215.7302382,9,1,-132
1767173215.7402382,3,0,-133
1767173215.7502382,2,-1,-131
1767173215.7602382,0,1,-129
1767173215.7702382,-2,-2,-131
1767173215.7802382,-3,0,-135
1767173215.790238,-2,0,-132
1767173215.800238,-2,-1,-132
1767173215.810238,4,3,-134
1767173215.820238,-5,2,-125
1767173215.830238,-8,1,-111
1767173215.840238,-6,1,-111
1767173215.850238,-6,0,-111
1767173215.860238,-8,1,-113
1767173215.870238,-5,-3,-120
1767173215.880238,-6,-3,-121
1767173215.890238,-3,-6,-124
1767173215.900238,-1,-2,-125
1767173215.9102385,-1,1,-126
1767173215.9202385,-6,0,-128
1767173215.9302382,-6,0,-131
1767173215.9402382,-3,5,-125
1767173215.9502382,-3,4,-124
1767173215.9602382,-1,5,-120
1767173215.9702382,-2,4,-126
1767173215.9802382,0,3,-125
1767173215.9902382,0,1,-122
1767173216.0002382,-7,0,-121
1767173216.0102382,-6,0,-126
1767173216.0202382,-5,0,-123
1767173216.0302382,-3,1,-128
1767173216.040238,-5,1,-126
1767173216.050238,-4,-1,-125
1767173216.060238,-5,-5,-122
1767173216.070238,-7,-5,-121
1767173216.080238,0,-7,-128
1767173216.090238,-1,-5,-129
1767173216.100238,0,-6,-123
1767173216.110238,-1,-3,-129
1767173216.120238,0,-2,-131
1767173216.130238,0,0,-128
1767173216.140238,3,0,-133
1767173216.150238,0,0,-139
1767173216.1602385,6,0,-131
1767173216.1702385,7,2,-126
1767173216.1802382,5,0,-127
1767173216.1902382,0,2,-123
1767173216.2002382,1,4,-128
1767173216.2102382,0,4,-132
1767173216.2202382,-2,0,-132
1767173216.2302382,3,-2,-131
1767173216.2402382,-2,-2,-125
1767173216.2502382,3,-1,-130
1767173216.2602382,6,0,-127
1767173216.2702382,2,1,-128
1767173216.2802382,2,0,-127
1767173216.290238,2,0,-131
1767173216.300238,1,-3,-124
1767173216.310238,4,-4,-126
1767173216.320238,1,-6,-120
1767173216.330238,0,-8,-124
1767173216.340238,-1,-7,-127
1767173216.350238,-1,-9,-126
1767173216.360238,-8,-7,-129
1767173216.370238,-9,-1,-129
1767173216.380238,-8,-1,-123
1767173216.390238,-5,-2,-125
1767173216.400238,-3,-4,-122
1767173216.4102385,0,-7,-132
1767173216.4202385,0,-4,-134
1767173216.4302382,-1,-9,-128
1767173216.4402382,0,-8,-123
1767173216.4502382,-2,-9,-129
1767173216.4602382,-6,-5,-130
1767173216.4702382,-7,-2,-133
1767173216.4802382,-3,-4,-132
1767173216.4902382,-3,-2,-136
1767173216.5002382,0,-4,-125
1767173216.5102382,-3,-2,-129
1767173216.5202382,-5,-2,-129
1767173216.5302382,-6,-5,-125
1767173216.540238,-7,-4,-126
1767173216.550238,-4,-3,-126
1767173216.560238,-1,-9,-127
1767173216.570238,2,-7,-124
1767173216.580238,2,-6,-124
1767173216.590238,1,-6,-126
1767173216.600238,2,-7,-126
1767173216.610238,6,-7,-126
1767173216.620238,5,-8,-123
1767173216.630238,6,-7,-120
1767173216.640238,0,-12,-126
1767173216.650238,-5,-10,-126
1767173216.6602385,-10,-8,-121
1767173216.6702385,-5,-10,-118
1767173216.6802382,-2,-11,-120
1767173216.6902382,0,-9,-121
1767173216.7002382,-4,-6,-120
1767173216.7102382,-4,-4,-115
1767173216.7202382,-4,-3,-119
1767173216.7302382,1,-7,-122
1767173216.7402382,2,-9,-128
1767173216.7502382,5,-5,-128
1767173216.7602382,7,-1,-132
1767173216.7702382,3,0,-133
1767173216.7802382,3,0,-136
1767173216.790238,1,-4,-137
1767173216.800238,0,0,-132
1767173216.810238,0,3,-126
1767173216.820238,3,6,-124
1767173216.830238,-3,9,-130
1767173216.840238,-5,3,-131
1767173216.850238,-1,3,-132
1767173216.860238,-3,-1,-132
1767173216.870238,-3,3,-126
1767173216.880238,-2,0,-130
1767173216.890238,-4,0,-122
1767173216.900238,-2,0,-126
1767173216.9102385,-1,-1,-124
1767173216.9202385,-3,-4,-125
1767173216.9302382,2,-7,-126
1767173216.9402382,1,-6,-128
1767173216.9502382,1,-4,-137
1767173216.9602382,0,-7,-144
1767173216.9702382,2,-9,-135
1767173216.9802382,4,-8,-133
1767173216.9902382,6,-10,-132
1767173217.0002382,7,-8,-133
1767173217.0102382,9,-8,-128
1767173217.0202382,12,-3,-128
1767173217.0302382,10,1,-125
1767173217.040238,5,0,-130
1767173217.050238,1,0,-124
1767173217.060238,3,0,-123
1767173217.070238,3,0,-129
1767173217.080238,1,-1,-131
1767173217.090238,0,1,-132
1767173217.100238,-6,5,-133
1767173217.110238,-3,5,-135
1767173217.120238,-4,3,-135
1767173217.130238,3,5,-137
1767173217.140238,7,6,-135
1767173217.150238,8,2,-129
1767173217.1602385,7,1,-126
1767173217.1702385,6,-1,-127
1767173217.1802382,5,0,-132
1767173217.1902382,8,3,-130
1767173217.2002382,6,0,-129
1767173217.2102382,7,-4,-131
1767173217.2202382,6,-4,-136
1767173217.2302382,7,0,-130
1767173217.2402382,5,0,-129
1767173217.2502382,0,0,-129
1767173217.2602382,-6,0,-136
1767173217.2702382,-8,-4,-135
1767173217.2802382,-6,-1,-141
1767173217.290238,-6,-1,-142
1767173217.300238,-4,0,-132
1767173217.310238,-4,-1,-129
1767173217.320238,-3,2,-128
1767173217.330238,-5,5,-127
1767173217.340238,-4,5,-121
1767173217.350238,-4,3,-124
1767173217.360238,-5,-1,-129
1767173217.370238,-8,-2,-125
1767173217.380238,-6,-4,-124
1767173217.390238,-2,-5,-122
1767173217.400238,-1,-5,-122
1767173217.4102385,0,-1,-127
1767173217.4202385,0,1,-129
1767173217.4302382,2,0,-132
1767173217.4402382,2,1,-133
1767173217.4502382,0,5,-133
1767173217.4602382,0,4,-136
1767173217.4702382,0,2,-132
1767173217.4802382,0,3,-132
1767173217.4902382,3,4,-133
1767173217.5002382,2,0,-134
1767173217.5102382,-4,-2,-132
1767173217.5202382,-6,-1,-135
1767173217.5302382,-8,-2,-135
1767173217.540238,-9,-1,-135
1767173217.550238,-10,0,-132
1767173217.560238,-8,-1,-131
1767173217.570238,-5,0,-129
1767173217.580238,-6,-2,-131
1767173217.590238,-6,-4,-131
1767173217.600238,-8,-3,-134
1767173217.610238,-6,3,-134
1767173217.620238,-3,3,-132
1767173217.630238,0,1,-131
1767173217.640238,0,0,-128
1767173217.650238,2,2,-125
1767173217.6602385,4,-1,-120
1767173217.6702385,6,0,-124
1767173217.6802382,5,1,-120
1767173217.6902382,-1,0,-118
1767173217.7002382,-4,4,-121
1767173217.7102382,0,0,-119
1767173217.7202382,0,0,-124
1767173217.7302382,4,0,-117
1767173217.7402382,-1,0,-115
1767173217.7502382,-3,-1,-120
1767173217.7602382,-1,-5,-118
1767173217.7702382,-1,-4,-119
1767173217.7802382,0,-1,-120
1767173217.790238,2,-4,-121
1767173217.800238,-2,-6,-131
1767173217.810238,-3,-4,-132
1767173217.820238,-5,-4,-135
1767173217.8312385,-7,-5,-134
1767173217.840238,-5,-6,-135
1767173217.8512385,-5,-5,-132
1767173217.860238,-5,-5,-129
1767173217.8712382,-5,-3,-130
1767173217.880238,-3,-1,-128
1767173217.890238,-1,-3,-126
1767173217.900238,-4,1,-128
1767173217.9112382,0,5,-130
1767173217.9212382,2,5,-130
1767173217.9312382,3,3,-134
1767173217.9412382,3,2,-124
1767173217.9512382,2,1,-125
1767173217.961238,-2,1,-128
1767173217.971238,-2,-3,-130
1767173217.981238,-7,-10,-130
1767173217.991238,0,-10,-129
1767173218.001238,4,-5,-134
1767173218.011238,4,-3,-138
1767173218.021238,0,-5,-133
1767173218.031238,-2,-3,-133
1767173218.041238,0,-1,-137
1767173218.051238,0,0,-135
1767173218.061238,2,-1,-135
1767173218.071238,6,0,-138
1767173218.0812385,3,0,-133
1767173218.0912385,5,0,-130
1767173218.1012385,2,-3,-132
1767173218.1112382,1,-4,-129
1767173218.1212382,0,-4,-128
1767173218.1312382,-1,-9,-130
1767173218.1412382,-1,-12,-125
1767173218.1512382,-1,-8,-124
1767173218.1612382,-2,-3,-127
1767173218.1712382,0,-2,-128
1767173218.1812382,7,-4,-123
1767173218.1912382,5,-1,-125
1767173218.2012382,1,-1,-124
1767173218.211238,4,-3,-116
1767173218.221238,5,-2,-115
1767173218.231238,2,0,-108
1767173218.241238,2,0,-110
1767173218.251238,1,-1,-116
1767173218.261238,1,-2,-124
1767173218.271238,4,-1,-124
1767173218.281238,8,-3,-122
1767173218.291238,5,-4,-118
1767173218.301238,5,-7,-125
1767173218.311238,1,-9,-123
1767173218.321238,0,-8,-120
1767173218.3312385,-1,-4,-121
1767173218.3412385,0,-1,-120
1767173218.3512385,-2,-1,-120
1767173218.3612382,0,0,-128
1767173218.3712382,2,1,-131
1767173218.3812382,1,-5,-127
1767173218.3912382,4,-7,-124
1767173218.4012382,6,-6,-128
1767173218.4112382,10,-6,-135
1767173218.4212382,5,-9,-138
1767173218.4312382,3,-8,-141
1767173218.4412382,5,-11,-136
1767173218.4512382,0,-10,-133
1767173218.461238,0,-12,-136
1767173218.471238,-2,-8,-131
1767173218.481238,-7,-4,-130
1767173218.491238,-3,-1,-126
1767173218.501238,-4,-3,-127
1767173218.511238,1,-1,-126
1767173218.521238,3,0,-126
1767173218.531238,5,-3,-123
1767173218.541238,2,-3,-133
1767173218.551238,2,-4,-135
1767173218.561238,3,-5,-142
1767173218.571238,4,-3,-139
1767173218.5812385,5,-3,-139
1767173218.5912385,3,-4,-136
1767173218.6012385,-3,-1,-139
1767173218.6112382,-6,-3,-133
1767173218.6212382,-5,-2,-132
1767173218.6312382,-3,-1,-133
1767173218.6412382,-4,-4,-130
1767173218.6512382,-4,-6,-129
1767173218.6612382,-4,-8,-132
1767173218.6712382,-4,-7,-136
1767173218.6812382,-5,-3,-137
1767173218.6912382,0,-2,-143
1767173218.7012382,-1,-2,-137
1767173218.711238,0,-5,-127
1767173218.721238,0,-8,-126
1767173218.731238,-2,-7,-128
1767173218.741238,-3,-5,-126
1767173218.751238,-5,-1,-128
1767173218.761238,-7,-3,-130
1767173218.771238,-1,1,-129
1767173218.781238,0,0,-132
1767173218.791238,-3,-1,-131
1767173218.801238,-4,0,-131
1767173218.811238,-3,0,-137
1767173218.821238,-6,-2,-131
1767173218.8312385,-5,0,-129
1767173218.8412385,-10,-2,-132
1767173218.8512385,-6,-2,-129
1767173218.8612382,-9,-3,-123
1767173218.8712382,0,-1,-119
1767173218.8812382,2,-1,-130
1767173218.8912382,3,-1,-131
1767173218.9012382,1,-1,-134
1767173218.9112382,0,-7,-131
1767173218.9212382,2,-3,-136
1767173218.9312382,0,3,-141
1767173218.9412382,1,3,-142
1767173218.9512382,3,1,-136
1767173218.961238,0,-1,-135
1767173218.971238,0,0,-129
1767173218.981238,-3,-1,-126
1767173218.991238,-3,-1,-126
1767173219.001238,-3,0,-126
1767173219.011238,-3,-2,-127
1767173219.021238,-3,0,-132
1767173219.031238,3,0,-127
1767173219.041238,6,-2,-128
1767173219.051238,1,-2,-134
1767173219.061238,3,0,-132
1767173219.071238,2,-5,-136
1767173219.0812385,4,-4,-139
1767173219.0912385,5,-4,-139
1767173219.1012385,5,-8,-141
1767173219.1112382,1,-3,-142
1767173219.1212382,0,0,-139
1767173219.1312382,0,-2,-137
1767173219.1412382,-1,-4,-134
1767173219.1512382,-2,-4,-132
1767173219.1612382,-4,-6,-128
1767173219.1712382,-4,-5,-128
1767173219.1812382,-2,-4,-131
1767173219.1912382,0,-1,-129
1767173219.2012382,1,0,-131
1767173219.211238,2,-4,-132
1767173219.221238,2,-1,-124
1767173219.231238,-2,0,-127
1767173219.241238,-1,-2,-130
1767173219.251238,-1,-5,-127
1767173219.261238,-3,-7,-129
1767173219.271238,-4,-7,-125
1767173219.281238,-1,-3,-123
1767173219.291238,-4,0,-118
1767173219.301238,0,-1,-119
1767173219.311238,0,-3,-123
1767173219.321238,-8,-3,-131
1767173219.3312385,-7,-4,-134
1767173219.3412385,-7,-4,-137
1767173219.3512385,-5,-5,-137
1767173219.3612382,-4,0,-135
1767173219.3712382,-1,1,-130
1767173219.3812382,-3,0,-127
1767173219.3912382,-1,3,-117
1767173219.4012382,0,5,-124
1767173219.4112382,-2,6,-124
1767173219.4212382,-4,3,-125
1767173219.4312382,-1,7,-126
1767173219.4412382,-1,2,-130
1767173219.4512382,0,0,-126
1767173219.461238,3,-6,-128
1767173219.471238,4,-7,-124
1767173219.481238,-2,-5,-119
1767173219.491238,-5,-4,-119
1767173219.501238,-7,-4,-129
1767173219.511238,-8,0,-128
1767173219.521238,-3,1,-129
1767173219.531238,-5,-1,-121
1767173219.541238,-2,0,-117
1767173219.551238,-3,1,-117
1767173219.561238,-4,0,-125
1767173219.571238,0,-6,-125
1767173219.5812385,0,-7,-121
1767173219.5912385,2,-5,-123
1767173219.6012385,-1,-7,-122
1767173219.6112382,-4,-6,-124
1767173219.6212382,-5,-6,-125
1767173219.6312382,-4,-3,-123
1767173219.6412382,-6,-1,-131
1767173219.6512382,-6,2,-129
1767173219.6612382,-3,0,-129
1767173219.6712382,0,-1,-128
1767173219.6812382,3,-6,-128
1767173219.6912382,-2,-4,-131
1767173219.7012382,-6,-4,-130
1767173219.711238,-5,-4,-125
1767173219.721238,-3,-4,-136
1767173219.731238,-7,-3,-137
1767173219.741238,-6,-4,-133
1767173219.751238,-5,-5,-133
1767173219.761238,-4,-5,-128
1767173219.771238,-5,-6,-129
1767173219.781238,-3,-7,-130
1767173219.791238,-4,-5,-136
1767173219.801238,0,-4,-138
1767173219.811238,0,-8,-140
1767173219.821238,0,-8,-138
1767173219.8312385,2,-10,-133
1767173219.8412385,5,-11,-130
1767173219.8512385,7,-10,-132
1767173219.8612382,4,-8,-138
1767173219.8712382,4,-7,-132
1767173219.8812382,3,-2,-134
1767173219.8912382,5,-3,-128
1767173219.9012382,6,-1,-123
1767173219.9112382,4,-1,-120
1767173219.9212382,1,-3,-121
1767173219.9312382,2,3,-120
1767173219.9412382,4,2,-123
1767173219.9512382,2,3,-124
1767173219.961238,1,2,-128
1767173219.971238,0,-2,-127
1767173219.981238,-3,-2,-135
1767173219.991238,-1,-1,-133
1767173220.001238,0,0,-130
1767173220.011238,0,0,-136
1767173220.021238,2,-4,-136
1767173220.031238,1,-6,-132
1767173220.041238,0,-10,-130
1767173220.051238,5,-11,-133
1767173220.061238,2,-9,-124
1767173220.071238,0,-7,-122
1767173220.0812385,-2,-5,-120
1767173220.0912385,-1,-4,-121
1767173220.1012385,3,-2,-120
1767173220.1112382,2,-1,-122
1767173220.1212382,1,-1,-121
1767173220.1312382,5,1,-123
1767173220.1412382,2,3,-121
1767173220.1512382,6,3,-126
1767173220.1612382,5,1,-123
1767173220.1712382,5,-1,-122
1767173220.1812382,4,-1,-124
1767173220.1912382,-1,-2,-119
1767173220.2012382,0,-5,-116
1767173220.211238,1,-3,-124
1767173220.221238,2,-3,-126
1767173220.231238,0,-2,-135
1767173220.241238,0,-4,-133
1767173220.251238,1,-5,-133
1767173220.261238,4,-5,-131
1767173220.271238,3,-8,-132
1767173220.2932382,4,-6,-127
1767173220.301238,0,-2,-124
1767173220.311238,-5,0,-120
1767173220.321238,-7,1,-118
1767173220.3312385,-7,2,-119
1767173220.3412385,-6,0,-121
1767173220.3512385,-4,3,-122
1767173220.3612382,-6,0,-128
1767173220.3712382,-3,0,-129
1767173220.3812382,-1,-2,-132
1767173220.3912382,-1,-4,-132
1767173220.4012382,-1,-1,-133
1767173220.4112382,-2,2,-138
1767173220.4212382,-1,1,-135
1767173220.4312382,-2,2,-137
1767173220.4412382,-4,1,-139
1767173220.452238,-6,2,-139
1767173220.461238,-5,0,-139
1767173220.472238,-2,-3,-136
1767173220.482238,0,-6,-133
1767173220.492238,-3,-5,-129
1767173220.502238,-6,-6,-126
1767173220.5122385,0,-2,-128
1767173220.5222385,2,0,-127
1767173220.5322382,3,1,-131
1767173220.5422382,1,0,-122
1767173220.5522382,0,0,-121
1767173220.5622382,-1,5,-123
1767173220.5722382,1,1,-122
1767173220.5822382,3,0,-121
1767173220.5922382,1,1,-121
1767173220.6022382,2,2,-123
1767173220.6122382,2,1,-127
1767173220.6222382,1,0,-130
1767173220.632238,-3,-4,-128
1767173220.642238,-4,-1,-134
1767173220.652238,-1,-2,-130
1767173220.662238,0,-4,-127
1767173220.672238,-2,-2,-127
1767173220.682238,-3,0,-126
1767173220.692238,-2,-5,-126
1767173220.702238,0,-3,-127
1767173220.712238,-1,-5,-128
1767173220.722238,-6,-4,-132
1767173220.732238,0,-8,-127
1767173220.742238,0,-12,-121
1767173220.752238,2,-11,-120
1767173220.7622385,9,-12,-116
1767173220.7722385,0,-8,-115
1767173220.7822382,0,-5,-114
1767173220.7922382,3,-2,-116
1767173220.8022382,3,-1,-120
1767173220.8122382,4,-3,-126
1767173220.8222382,7,-3,-130
1767173220.8322382,1,-1,-130
1767173220.8422382,0,-3,-127
1767173220.8522382,-1,-4,-128
1767173220.8622382,-2,-7,-126
1767173220.8722382,-4,-5,-128
1767173220.882238,0,-4,-131
1767173220.892238,0,-4,-129
1767173220.902238,-6,-6,-126
1767173220.912238,-10,-4,-123
1767173220.922238,-11,-6,-124
1767173220.932238,-8,-5,-124
1767173220.942238,-7,-1,-131
1767173220.952238,0,2,-126
1767173220.962238,3,-4,-127
1767173220.972238,3,-4,-126
1767173220.982238,3,-9,-131
1767173220.992238,1,-10,-136
1767173221.002238,-3,-10,-136
1767173221.0122385,-2,-8,-133
1767173221.0222385,0,-8,-128
1767173221.0322382,3,-8,-125
1767173221.0422382,1,-9,-118
1767173221.0522382,1,-5,-119
1767173221.0622382,4,-4,-119
1767173221.0722382,5,-3,-122
1767173221.0822382,5,-1,-130
1767173221.0922382,-1,-2,-137
1767173221.1022382,0,-3,-133
1767173221.1122382,3,-2,-132
1767173221.1222382,4,-1,-137
1767173221.132238,2,-2,-142
1767173221.142238,-1,-5,-152
1767173221.152238,-1,0,-152
1767173221.162238,0,-3,-149
1767173221.172238,-3,-5,-146
1767173221.182238,-1,-5,-141
1767173221.192238,-3,-5,-136
1767173221.202238,-3,-7,-138
1767173221.212238,0,-7,-134
1767173221.222238,-1,-1,-130
1767173221.232238,-1,0,-130
1767173221.242238,-1,1,-130
1767173221.252238,-4,2,-125
1767173221.2622385,-4,-1,-126
1767173221.2722385,-4,0,-129
1767173221.2822382,-4,0,-126
1767173221.2922382,-7,-2,-129
1767173221.3022382,-7,0,-126
1767173221.3122382,-5,0,-128
1767173221.3222382,-1,-1,-128
1767173221.3322382,-2,-3,-128
1767173221.3422382,-3,-2,-124
1767173221.3522382,-2,-5,-127
1767173221.3622382,-3,-7,-128
1767173221.3722382,-2,-7,-131
1767173221.382238,-3,-5,-137
1767173221.392238,-5,-5,-139
1767173221.402238,-6,-9,-133
1767173221.412238,-3,-6,-130
1767173221.422238,3,-3,-129
1767173221.432238,5,-3,-127
1767173221.442238,6,-4,-131
1767173221.452238,5,-5,-124
1767173221.462238,6,-3,-123
1767173221.472238,3,-4,-125
1767173221.482238,1,-1,-118
1767173221.492238,0,3,-122
1767173221.502238,-5,-1,-127
1767173221.5122385,-6,0,-130
1767173221.5222385,-6,0,-133
1767173221.5322382,-6,-2,-133
1767173221.5422382,-4,0,-129
1767173221.5522382,-6,-1,-127
1767173221.5622382,-7,1,-137
1767173221.5722382,-5,5,-140
1767173221.5822382,-3,3,-140
1767173221.5922382,0,4,-139
1767173221.6022382,0,2,-135
1767173221.6122382,3,0,-132
1767173221.6222382,0,1,-135
1767173221.632238,-2,2,-131
1767173221.642238,1,3,-134
1767173221.652238,0,2,-136
1767173221.662238,-2,4,-128
1767173221.672238,1,1,-129
1767173221.682238,-2,0,-125
1767173221.692238,0,0,-121
1767173221.702238,4,-4,-120
1767173221.712238,4,-7,-113
1767173221.722238,3,-5,-112
1767173221.732238,1,-6,-116
1767173221.742238,5,-9,-115
1767173221.752238,6,-7,-122
1767173221.7622385,3,-3,-130
1767173221.7722385,1,0,-134
1767173221.7822382,-1,0,-130
1767173221.7922382,0,-4,-127
1767173221.8022382,1,-4,-126
1767173221.8122382,-1,-4,-131
1767173221.8222382,-3,-1,-124
1767173221.8322382,3,-3,-123
1767173221.8422382,0,-11,-125
1767173221.8522382,0,-4,-129
1767173221.8622382,0,-1,-122
1767173221.8722382,-4,0,-119
1767173221.882238,-3,-3,-113
1767173221.892238,0,-1,-115
1767173221.902238,0,0,-116
1767173221.912238,0,-2,-123
1767173221.922238,-2,-5,-125
1767173221.932238,-2,-5,-123
1767173221.942238,-2,-4,-124
1767173221.952238,0,-5,-122
1767173221.962238,2,-5,-123
1767173221.972238,0,-7,-126
1767173221.982238,0,-2,-121
1767173221.992238,1,-4,-118
1767173222.002238,2,-1,-120
1767173222.0122385,4,-1,-116
1767173222.0222385,3,-1,-113
1767173222.0322382,8,-1,-113
1767173222.0422382,4,-4,-115
1767173222.0522382,4,-4,-115
1767173222.0622382,3,-6,-118
1767173222.0722382,2,-4,-122
1767173222.0822382,1,-4,-129
1767173222.0922382,-1,-4,-126
1767173222.1022382,2,-6,-129
1767173222.1122382,6,-5,-128
1767173222.1222382,5,-5,-122
1767173222.132238,1,-2,-118
1767173222.142238,0,-5,-122
1767173222.152238,0,-7,-123
1767173222.162238,2,-4,-124
1767173222.172238,4,-1,-125
1767173222.182238,-3,-6,-129
1767173222.192238,-2,-7,-130
1767173222.202238,-6,-7,-129
1767173222.212238,-5,-3,-131
1767173222.222238,-5,-4,-138
1767173222.232238,-5,-10,-134
1767173222.242238,-1,-11,-132
1767173222.252238,-1,-10,-132
1767173222.2622385,2,-5,-132
1767173222.2722385,0,-3,-139
1767173222.2822382,3,-5,-138
1767173222.2922382,1,-1,-138
1767173222.3022382,3,-4,-137
1767173222.3122382,2,-8,-139
1767173222.3222382,-2,-6,-141
1767173222.3322382,0,-1,-136
1767173222.3422382,1,-3,-124
1767173222.3522382,1,-2,-121
1767173222.3622382,1,1,-128
1767173222.3722382,0,-3,-126
1767173222.382238,1,-3,-130
1767173222.392238,2,-5,-135
1767173222.402238,5,-8,-134
1767173222.412238,2,-5,-131
1767173222.422238,4,0,-130
1767173222.432238,5,1,-126
1767173222.442238,3,0,-125
1767173222.452238,2,0,-128
1767173222.462238,4,-1,-130
1767173222.472238,-1,-2,-130
1767173222.482238,-7,-1,-126
1767173222.492238,-5,0,-121
1767173222.502238,-6,2,-124
1767173222.5122385,-1,3,-130
1767173222.5222385,0,0,-136
1767173222.5322382,7,0,-137
1767173222.5422382,5,0,-140
1767173222.5522382,7,2,-136
1767173222.5622382,2,0,-130
1767173222.5722382,5,2,-137
1767173222.5822382,2,1,-142
1767173222.5922382,7,-2,-138
1767173222.6022382,7,-3,-136
1767173222.6122382,5,-7,-133
1767173222.6222382,4,-4,-135
1767173222.632238,2,-7,-134
1767173222.642238,3,-5,-140
1767173222.652238,5,-1,-145
1767173222.662238,6,-3,-136
1767173222.672238,4,-5,-133
1767173222.682238,6,-5,-131
1767173222.692238,4,-5,-137
1767173222.702238,4,-4,-136
1767173222.712238,5,0,-136
1767173222.722238,5,-1,-131
1767173222.732238,3,-4,-130
1767173222.742238,6,-5,-133
1767173222.752238,2,-4,-134
1767173222.7622385,2,-5,-133
1767173222.7722385,2,-3,-137
1767173222.7822382,3,0,-140
1767173222.7922382,1,0,-135
1767173222.8022382,6,2,-138
1767173222.8122382,4,4,-136
1767173222.8222382,3,6,-130
1767173222.8322382,4,0,-125
1767173222.8422382,1,-2,-128
1767173222.8522382,-1,-3,-133
1767173222.8622382,0,-5,-131
1767173222.8722382,2,-1,-134
1767173222.882238,2,-4,-134
1767173222.892238,0,-3,-140
1767173222.902238,-1,-3,-135
1767173222.912238,-5,-4,-140
1767173222.922238,-3,-5,-137
1767173222.932238,-7,-3,-128
1767173222.942238,-5,0,-129
1767173222.952238,-3,1,-126
1767173222.962238,-4,-2,-133
1767173222.972238,-2,-4,-130
1767173222.982238,0,-3,-127
1767173222.992238,2,-1,-131
1767173223.002238,0,-1,-126
1767173223.0122385,2,0,-126
1767173223.0222385,1,0,-129
1767173223.0322382,-2,-2,-132
1767173223.0422382,-1,-1,-133
1767173223.0522382,0,1,-127
1767173223.0622382,0,3,-121
1767173223.0722382,1,2,-121
1767173223.083238,2,4,-124
1767173223.093238,4,0,-129
1767173223.103238,-5,2,-132
1767173223.113238,-2,0,-132
1767173223.123238,-2,-2,-140
1767173223.133238,-2,1,-141
1767173223.143238,-6,3,-146
1767173223.153238,-4,0,-145
1767173223.163238,0,2,-140
1767173223.173238,0,1,-136
1767173223.1832385,-4,0,-131
1767173223.1932385,-4,-1,-132
1767173223.2032382,-4,1,-129
1767173223.2132382,-3,2,-130
1767173223.2232382,-3,3,-136
1767173223.2332382,1,6,-142
1767173223.2432382,0,4,-149
1767173223.2532382,2,2,-142
1767173223.2632382,5,2,-134
1767173223.2732382,-1,0,-132
1767173223.2832382,-5,0,-129
1767173223.2932382,-4,2,-134
1767173223.3032382,-3,1,-136
1767173223.313238,-4,3,-133
1767173223.323238,-6,4,-131
1767173223.333238,-6,3,-130
1767173223.343238,-6,2,-133
1767173223.353238,-2,3,-139
1767173223.363238,0,5,-135
1767173223.373238,-5,1,-134
1767173223.383238,-9,-1,-131
1767173223.393238,-11,0,-136
1767173223.403238,-2,0,-134
1767173223.413238,0,-1,-136
1767173223.423238,0,-1,-132
1767173223.4332385,0,-3,-129
1767173223.4432385,-4,-4,-126
1767173223.4532382,-3,-5,-126
1767173223.4632382,-4,-5,-132
1767173223.4732382,-7,-3,-134
1767173223.4832382,-8,1,-130
1767173223.4932382,-7,-2,-128
1767173223.5032382,-6,-7,-125
1767173223.5132382,-4,-6,-122
1767173223.5232382,-3,-8,-127
1767173223.5332382,0,-10,-126
1767173223.5432382,5,-7,-137
1767173223.5532382,7,-6,-135
1767173223.563238,6,-4,-135
1767173223.573238,8,-5,-138
1767173223.583238,3,-9,-132
1767173223.593238,0,-8,-130
1767173223.603238,1,-10,-131
1767173223.613238,1,-7,-129
1767173223.623238,-1,-8,-130
1767173223.633238,-1,-8,-134
1767173223.643238,0,-9,-133
1767173223.653238,0,-7,-129
1767173223.663238,-3,-5,-132
1767173223.673238,-3,-4,-127
1767173223.6832385,0,-4,-123
1767173223.6932385,2,-2,-123
1767173223.7032382,6,-4,-118
1767173223.7132382,4,-4,-119
1767173223.7232382,5,-5,-124
1767173223.7332382,6,-8,-126
1767173223.7432382,7,-5,-129
1767173223.7532382,4,-8,-124
1767173223.7632382,4,-10,-124
1767173223.7732382,6,-8,-128
1767173223.7832382,5,-4,-133
1767173223.7932382,1,-4,-134
1767173223.8032382,0,-2,-131
1767173223.813238,0,0,-133
1767173223.823238,3,2,-133
1767173223.833238,7,-1,-129
1767173223.843238,5,-7,-124
1767173223.853238,2,-10,-122
1767173223.863238,0,-11,-125
1767173223.873238,-3,-9,-127
1767173223.883238,-3,-7,-128
1767173223.893238,-1,-5,-133
1767173223.903238,-2,-4,-138
1767173223.913238,0,-2,-136
1767173223.923238,0,-3,-137
1767173223.9332385,0,-1,-135
1767173223.9432385,0,0,-136
1767173223.9532382,0,3,-142
1767173223.9632382,0,4,-139
1767173223.9732382,-5,0,-138
1767173223.9832382,-4,-4,-138
1767173223.9932382,-4,-4,-134
1767173224.0032382,-6,-6,-131
1767173224.0132382,-3,-2,-127
1767173224.0232382,-3,-5,-133
1767173224.0332382,-5,-11,-135
1767173224.0432382,2,-13,-135
1767173224.0532382,4,-8,-138
1767173224.063238,6,-7,-135
1767173224.073238,2,-4,-134
1767173224.083238,0,-4,-126
1767173224.093238,-1,-3,-124
1767173224.103238,-1,-1,-126
1767173224.113238,-3,0,-132
1767173224.123238,-2,3,-128
1767173224.133238,-5,-4,-122
1767173224.143238,-2,-6,-121
1767173224.153238,-2,-7,-127
1767173224.163238,-3,-4,-128
1767173224.173238,-2,-2,-126
1767173224.1832385,-8,-3,-121
1767173224.1932385,-7,-2,-131
1767173224.2032382,-4,1,-134
1767173224.2132382,-3,-1,-139
1767173224.2232382,1,-4,-141
1767173224.2332382,-1,-1,-132
1767173224.2432382,-2,1,-131
1767173224.2532382,-3,0,-126
1767173224.2632382,1,2,-123
1767173224.2732382,3,0,-115
1767173224.2832382,0,0,-112
1767173224.2932382,-4,0,-115
1767173224.3032382,-3,-4,-118
1767173224.313238,-4,-4,-119
1767173224.323238,-4,-5,-118
1767173224.333238,-5,-3,-120
1767173224.343238,-5,-3,-121
1767173224.353238,-10,-4,-123
1767173224.363238,-8,0,-112
1767173224.373238,-6,-4,-116
1767173224.383238,-6,-1,-122
1767173224.393238,-5,2,-131
1767173224.403238,-6,3,-124
1767173224.413238,-5,-1,-133
1767173224.423238,-4,-3,-134
1767173224.4332385,-2,2,-135
1767173224.4432385,0,5,-137
1767173224.4532382,6,2,-141
1767173224.4632382,8,0,-138
1767173224.4732382,4,0,-133
1767173224.4832382,0,-1,-129
1767173224.4932382,-1,-1,-131
1767173224.5032382,-4,0,-133
1767173224.5132382,-3,-2,-145
1767173224.5232382,-3,0,-141
1767173224.5332382,-5,-1,-132
1767173224.5432382,-1,-1,-126
1767173224.5532382,-3,0,-127
1767173224.563238,-1,0,-126
1767173224.573238,-4,-2,-128
1767173224.583238,3,-6,-122
1767173224.593238,4,-3,-124
1767173224.603238,4,-4,-130
1767173224.613238,2,-4,-125
1767173224.623238,0,-2,-121
1767173224.633238,0,-1,-124
1767173224.643238,0,-1,-128
1767173224.653238,7,-3,-136
1767173224.663238,7,-3,-134
1767173224.673238,10,0,-126
1767173224.6832385,7,0,-123
1767173224.6932385,6,0,-127
1767173224.7032382,3,0,-130
1767173224.7132382,2,2,-128
1767173224.7232382,3,-1,-125
1767173224.7332382,8,0,-130
1767173224.7432382,5,0,-121
1767173224.7532382,5,-2,-123
1767173224.7632382,8,-4,-127
1767173224.7732382,4,-2,-130
1767173224.7832382,2,1,-132
1767173224.7932382,0,0,-131
1767173224.8032382,0,1,-134
1767173224.813238,-1,5,-136
1767173224.823238,-2,1,-132
1767173224.833238,0,-1,-139
1767173224.843238,-1,1,-138
1767173224.853238,3,1,-134
1767173224.863238,6,3,-140
1767173224.873238,2,7,-140
1767173224.883238,2,4,-136
1767173224.893238,4,2,-137
1767173224.903238,0,0,-135
1767173224.913238,-2,0,-135
1767173224.923238,0,-3,-133
1767173224.9332385,1,-1,-132
1767173224.9432385,-3,-4,-133
1767173224.9532382,0,-3,-130
1767173224.9632382,2,-2,-135
1767173224.9732382,4,-3,-134
1767173224.9832382,5,-1,-130
1767173224.9932382,8,0,-128
1767173225.0032382,3,2,-130
1767173225.0132382,0,0,-127
1767173225.0232382,4,0,-126
1767173225.0332382,7,0,-129
1767173225.0432382,3,-2,-132
1767173225.0532382,0,0,-137
1767173225.063238,0,3,-134
1767173225.073238,0,0,-136
1767173225.083238,0,-4,-133
1767173225.093238,-1,-6,-132
1767173225.103238,1,-4,-128
1767173225.113238,-1,-4,-128
1767173225.123238,-2,-3,-128
1767173225.133238,0,-1,-132
1767173225.143238,0,-1,-131
1767173225.153238,-2,-7,-133
1767173225.163238,-1,-5,-132
1767173225.173238,0,-3,-136
1767173225.1832385,1,0,-133
1767173225.1932385,-2,-2,-131
1767173225.2032382,0,0,-132
1767173225.2132382,7,2,-134
1767173225.2232382,5,3,-135
1767173225.2332382,0,2,-135
1767173225.2432382,0,0,-136
1767173225.2532382,0,4,-131
1767173225.2632382,0,3,-127
1767173225.2732382,4,0,-122
1767173225.2832382,2,-6,-122
1767173225.304238,2,-5,-126
1767173225.313238,0,-5,-130
1767173225.323238,3,-4,-128
1767173225.333238,1,-2,-137
1767173225.343238,1,-1,-137
1767173225.353238,-2,3,-139
1767173225.363238,-1,0,-129
1767173225.373238,-2,0,-123
1767173225.383238,-2,-2,-123
1767173225.393238,-5,-1,-126
1767173225.403238,-2,0,-128
1767173225.413238,0,1,-132
1767173225.423238,3,3,-133
1767173225.4332385,0,7,-132
1767173225.4432385,-3,2,-130
1767173225.4532382,-3,5,-130
1767173225.4632382,-5,8,-126
1767173225.4732382,0,6,-128
1767173225.4832382,3,6,-131
1767173225.4932382,6,2,-132
1767173225.5032382,6,-2,-133
1767173225.5132382,5,-3,-138
1767173225.5232382,-2,-2,-136
1767173225.5332382,-4,-9,-145
1767173225.5432382,-5,-10,-144
1767173225.5532382,-4,-8,-140
1767173225.563238,-2,-8,-132
1767173225.573238,3,-5,-132
1767173225.583238,-1,-3,-128
1767173225.593238,0,-4,-133
1767173225.603238,2,-6,-133
1767173225.613238,2,-8,-133
1767173225.623238,9,-4,-132
1767173225.633238,7,-3,-130
1767173225.643238,7,-3,-127
1767173225.653238,4,-5,-124
1767173225.6642382,3,-3,-127
1767173225.673238,0,-6,-121
1767173225.6832385,-2,-6,-129
1767173225.6932385,-1,-6,-130
1767173225.7032382,-1,-9,-132
1767173225.7142382,2,-8,-125
1767173225.7232382,1,-5,-121
1767173225.7332382,2,-2,-119
1767173225.744238,2,-3,-116
1767173225.754238,1,-4,-111
1767173225.764238,2,-6,-114
1767173225.774238,4,-6,-119
1767173225.784238,1,-6,-127
1767173225.794238,0,-3,-131
1767173225.804238,-2,0,-133
1767173225.814238,-4,1,-131
1767173225.824238,-2,4,-127
1767173225.834238,-2,4,-120
1767173225.844238,-7,1,-126
1767173225.8542385,-6,1,-130
1767173225.8642385,-5,0,-125
1767173225.8742385,-7,2,-122
1767173225.8842382,-8,2,-122
1767173225.8942382,-9,4,-122
1767173225.9042382,-9,3,-121
1767173225.9142382,-2,1,-123
1767173225.9242382,1,-1,-129
1767173225.9342382,0,0,-129
1767173225.9442382,2,2,-132
1767173225.9542382,4,-2,-130
1767173225.9642382,10,-2,-121
1767173225.9742382,9,-4,-119
1767173225.984238,4,0,-125
1767173225.994238,-1,-3,-126
1767173226.004238,3,-2,-132
1767173226.014238,3,-4,-128
1767173226.024238,0,-3,-128
1767173226.034238,-1,-2,-124
1767173226.044238,0,-1,-127
1767173226.054238,-1,0,-130
1767173226.064238,-2,1,-130
1767173226.074238,-5,1,-128
1767173226.084238,-8,0,-127
1767173226.094238,-8,-1,-130
1767173226.1042385,-6,1,-130
1767173226.1142385,-7,6,-125
1767173226.1242385,-7,3,-128
1767173226.1342382,-5,4,-128
1767173226.1442382,-6,6,-129
1767173226.1542382,-5,0,-130
1767173226.1642382,-3,-2,-128
1767173226.1742382,-2,-1,-121
1767173226.1842382,-5,-5,-126
1767173226.1942382,-3,-2,-130
1767173226.2042382,-6,-5,-134
1767173226.2142382,-3,-2,-130
1767173226.2242382,0,1,-127
1767173226.234238,0,1,-130
1767173226.244238,-3,3,-130
1767173226.254238,0,3,-123
1767173226.264238,0,3,-120
1767173226.274238,-1,2,-123
1767173226.284238,0,3,-131
1767173226.294238,1,0,-132
1767173226.304238,-1,-1,-125
1767173226.314238,0,0,-124
1767173226.324238,-1,-1,-131
1767173226.334238,1,0,-136
1767173226.344238,-1,2,-137
1767173226.3542385,0,2,-141
1767173226.3642385,0,1,-139
1767173226.3742385,0,0,-126
1767173226.3842382,0,0,-127
1767173226.3942382,-5,4,-131
1767173226.4042382,-7,2,-132
1767173226.4142382,-6,1,-131
1767173226.4242382,-12,4,-131
1767173226.4342382,-9,1,-130
1767173226.4442382,-9,-1,-129
1767173226.4542382,-15,-1,-124
1767173226.4642382,-11,-5,-121
1767173226.4742382,-10,-1,-119
1767173226.484238,-6,0,-127
1767173226.494238,-4,-1,-132
1767173226.504238,-1,-1,-135
1767173226.514238,0,0,-131
1767173226.524238,-2,-4,-136
1767173226.534238,-6,-4,-138
1767173226.544238,-5,-4,-133
1767173226.554238,-5,-8,-131
1767173226.564238,1,2,-137
1767173226.574238,5,3,-135
1767173226.584238,2,3,-135
1767173226.594238,0,2,-133
1767173226.6042385,0,0,-134
1767173226.6142385,2,0,-133
1767173226.6242385,1,0,-126
1767173226.6342382,1,0,-130
1767173226.6442382,-2,-4,-129
1767173226.6542382,-1,-4,-127
1767173226.6642382,1,-3,-131
1767173226.6742382,2,0,-125
1767173226.6842382,3,4,-129
1767173226.6942382,2,-4,-131
1767173226.7042382,0,-4,-123
1767173226.7142382,0,-1,-125
1767173226.7242382,-4,1,-125
1767173226.734238,-5,-1,-126
1767173226.744238,-3,-3,-127
1767173226.754238,3,-5,-126
1767173226.764238,6,-9,-131
1767173226.774238,8,-4,-133
1767173226.784238,6,-2,-130
1767173226.794238,4,0,-132
1767173226.804238,2,0,-131
1767173226.814238,4,-2,-128
1767173226.824238,2,-4,-116
1767173226.834238,0,-3,-110
1767173226.844238,-1,-6,-115
1767173226.8542385,1,-1,-112
1767173226.8642385,2,1,-111
1767173226.8742385,-1,-2,-116
1767173226.8842382,-3,-1,-122
1767173226.8942382,-6,-2,-122
1767173226.9042382,-7,1,-129
1767173226.9142382,-4,1,-127
1767173226.9242382,-3,2,-120
1767173226.9342382,-1,0,-119
1767173226.9442382,-4,0,-118
1767173226.9542382,0,-2,-121
1767173226.9642382,0,-1,-125
1767173226.9742382,-1,-5,-119
1767173226.984238,-4,-4,-121
1767173226.994238,-1,-3,-121
1767173227.004238,0,-1,-125
1767173227.014238,0,0,-134
1767173227.024238,-1,1,-136
1767173227.034238,-4,2,-132
1767173227.044238,-6,1,-124
1767173227.054238,-8,-1,-124
1767173227.064238,-7,0,-115
1767173227.074238,-10,2,-115
1767173227.084238,-10,0,-120
1767173227.094238,-12,-1,-124
1767173227.1042385,-9,0,-122
1767173227.1142385,-6,-1,-117
1767173227.1242385,-3,0,-117
1767173227.1342382,-3,4,-117
1767173227.1442382,-6,7,-116
1767173227.1542382,-2,6,-124
1767173227.1642382,-2,0,-129
1767173227.1742382,-1,1,-130
1767173227.1842382,-3,-2,-127
1767173227.1942382,-1,-5,-127
1767173227.2042382,0,-7,-128
1767173227.2142382,1,-6,-128
1767173227.2242382,-2,-7,-131
1767173227.234238,-2,-3,-132
1767173227.244238,-3,-4,-132
1767173227.254238,2,-3,-129
1767173227.264238,5,-2,-129
1767173227.274238,7,-4,-135
1767173227.284238,3,-3,-131
1767173227.294238,0,0,-129
1767173227.304238,-1,-1,-124
1767173227.314238,-6,0,-125
1767173227.324238,-3,-1,-121
1767173227.334238,0,-2,-122
1767173227.344238,0,-4,-119
1767173227.3542385,2,-7,-118
1767173227.3642385,5,-8,-117
1767173227.3742385,5,-4,-121
1767173227.3842382,4,-8,-124
1767173227.3942382,7,-8,-122
1767173227.4042382,8,-4,-122
1767173227.4142382,8,-6,-121
1767173227.4242382,5,-7,-123
1767173227.4342382,3,-5,-129
1767173227.4442382,2,-4,-121
1767173227.4542382,0,-4,-119
1767173227.4642382,-2,-5,-121
1767173227.4742382,-1,-5,-129
1767173227.484238,0,-5,-126
1767173227.494238,0,-7,-130
1767173227.504238,1,-6,-130
1767173227.514238,1,-7,-131
1767173227.524238,-2,-5,-130
1767173227.534238,-5,-3,-138
1767173227.544238,-6,-4,-136
1767173227.554238,-8,-3,-138
1767173227.564238,-5,0,-132
1767173227.574238,0,3,-132
1767173227.584238,4,2,-126
1767173227.594238,5,0,-125
1767173227.6042385,5,-1,-117
1767173227.6142385,-2,0,-117
1767173227.6242385,-2,0,-115
1767173227.6342382,2,-2,-114
1767173227.6442382,5,0,-111
1767173227.6542382,5,-1,-113
1767173227.6642382,4,-3,-118
1767173227.6742382,9,-3,-119
1767173227.6842382,4,1,-126
1767173227.6942382,0,0,-121
1767173227.7042382,0,0,-123
1767173227.7142382,0,0,-123
1767173227.7242382,1,-1,-128
1767173227.734238,0,-5,-125
1767173227.744238,-2,-1,-135
1767173227.754238,1,0,-129
1767173227.764238,0,-2,-131
1767173227.774238,0,-2,-128
1767173227.784238,0,0,-124
1767173227.794238,0,4,-117
1767173227.804238,0,1,-118
1767173227.814238,4,0,-118
1767173227.824238,3,2,-119
1767173227.834238,2,4,-117
1767173227.844238,3,4,-119
1767173227.8542385,1,0,-124
1767173227.8642385,0,0,-129
1767173227.8742385,0,-1,-124
1767173227.8842382,2,1,-119
1767173227.8942382,0,0,-120
1767173227.9042382,4,-2,-122
1767173227.9142382,2,-4,-125
1767173227.9242382,2,-1,-129
1767173227.9342382,2,-1,-127
1767173227.9442382,0,-2,-129
1767173227.9542382,-3,-5,-129
1767173227.9642382,-2,-5,-127
1767173227.9742382,-2,-4,-123
1767173227.984238,-1,-2,-123
1767173227.994238,0,2,-123
1767173228.004238,0,4,-127
1767173228.014238,0,2,-126
1767173228.024238,1,-1,-119
1767173228.034238,-3,-4,-122
1767173228.044238,-2,-9,-126
1767173228.054238,-1,-7,-128
1767173228.064238,1,-8,-129
1767173228.074238,0,-8,-134
1767173228.084238,-2,-3,-136
1767173228.094238,-3,-3,-138
1767173228.1042385,-1,-4,-137
1767173228.1142385,1,-7,-135
1767173228.1242385,0,-4,-139
1767173228.1342382,1,-7,-132
1767173228.1442382,0,-7,-134
1767173228.1542382,-3,-3,-135
1767173228.1642382,-3,-2,-130
1767173228.1742382,-5,0,-127
1767173228.1842382,-3,3,-121
1767173228.1942382,2,5,-123
1767173228.2042382,5,7,-126
1767173228.2142382,5,5,-124
1767173228.2242382,9,5,-120
1767173228.234238,5,1,-115
1767173228.244238,3,5,-117
1767173228.254238,3,5,-120
1767173228.264238,0,1,-125
1767173228.274238,-2,1,-127
1767173228.284238,-3,2,-124
1767173228.294238,0,3,-120
1767173228.304238,-3,2,-114
1767173228.3152382,-4,6,-117
1767173228.324238,-5,6,-120
1767173228.334238,-4,2,-123
1767173228.344238,-5,4,-128
1767173228.3552382,-6,1,-130
1767173228.3642385,-10,3,-131
1767173228.3752382,-9,-2,-133
1767173228.3852382,-4,0,-137
1767173228.3952382,-1,-1,-132
1767173228.4052382,2,-3,-130
1767173228.415238,0,-5,-124
1767173228.425238,-1,-5,-128
1767173228.435238,1,-10,-126
1767173228.445238,-1,-10,-129
1767173228.455238,-5,-4,-127
1767173228.465238,-9,-3,-122
1767173228.475238,-5,-3,-128
1767173228.485238,-6,-6,-127
1767173228.495238,-8,-7,-125
1767173228.505238,-4,-5,-130
1767173228.515238,0,-5,-126
1767173228.525238,-2,-11,-118
1767173228.5352385,-5,-9,-120
1767173228.5452385,-1,-5,-119
1767173228.5552382,-3,-3,-117
1767173228.5652382,-3,0,-111
1767173228.5752382,-2,-3,-116
1767173228.5852382,-1,-4,-119
1767173228.5952382,-3,-5,-118
1767173228.6052382,-5,-1,-120
1767173228.6152382,-6,2,-125
1767173228.6252382,0,0,-127
1767173228.6352382,0,-2,-129
1767173228.6452382,3,-1,-131
1767173228.6552382,-1,-5,-132
1767173228.665238,1,-7,-123
1767173228.675238,-1,-6,-119
1767173228.685238,0,-5,-119
1767173228.695238,5,-4,-118
1767173228.705238,1,-5,-124
1767173228.715238,2,-5,-117
1767173228.725238,3,-2,-113
1767173228.735238,1,-4,-120
1767173228.745238,-2,-4,-118
1767173228.755238,-4,-3,-118
1767173228.765238,-5,-1,-120
1767173228.775238,-6,-2,-124
1767173228.7852385,-1,-5,-117
1767173228.7952385,-1,-5,-118
1767173228.8052382,0,-4,-120
1767173228.8152382,1,-1,-125
1767173228.8252382,-3,-2,-125
1767173228.8352382,-4,-2,-128
1767173228.8452382,-2,-1,-136
1767173228.8552382,-2,0,-136
1767173228.8652382,-5,-3,-133
1767173228.8752382,-7,-6,-133
1767173228.8852382,-4,-7,-138
1767173228.8952382,0,-7,-134
1767173228.9052382,-4,-5,-131
1767173228.915238,-5,-2,-134
1767173228.925238,-8,0,-133
1767173228.935238,-9,2,-128
1767173228.945238,-10,-2,-118
1767173228.955238,-5,0,-120
1767173228.965238,-1,0,-120
1767173228.975238,4,-1,-118
1767173228.985238,-1,0,-123
1767173228.995238,0,0,-125
1767173229.005238,6,-2,-119
1767173229.015238,7,-3,-120
1767173229.025238,4,-4,-122
1767173229.0352385,4,-2,-122
1767173229.0452385,2,-1,-125
1767173229.0552382,2,-2,-125
1767173229.0652382,0,-5,-118
1767173229.0752382,1,-8,-120
1767173229.0852382,-1,-10,-123
1767173229.0952382,-2,-9,-121
1767173229.1052382,0,-7,-116
1767173229.1152382,0,-9,-112
1767173229.1252382,0,-10,-118
1767173229.1352382,-1,-6,-120
1767173229.1452382,0,-3,-125
1767173229.1552382,-1,-2,-128
1767173229.165238,0,-3,-132
1767173229.175238,1,-1,-129
1767173229.185238,0,-1,-130
1767173229.195238,0,0,-135
1767173229.205238,-4,-2,-140
1767173229.215238,-5,-3,-137
1767173229.225238,-6,-2,-131
1767173229.235238,-8,-3,-136
1767173229.245238,-7,0,-131
1767173229.255238,-5,0,-132
1767173229.265238,0,1,-127
1767173229.275238,0,0,-126
1767173229.2852385,-3,2,-128
1767173229.2952385,4,-1,-129
1767173229.3052382,4,2,-131
1767173229.3152382,2,2,-134
1767173229.3252382,0,3,-132
1767173229.3352382,4,2,-126
1767173229.3452382,2,1,-126
1767173229.3552382,3,2,-125
1767173229.3652382,7,4,-124
1767173229.3752382,10,0,-117
1767173229.3852382,3,1,-126
1767173229.3952382,-2,2,-133
1767173229.4052382,-5,3,-134
1767173229.415238,-2,1,-129
1767173229.425238,1,2,-130
1767173229.435238,1,2,-130
1767173229.445238,0,3,-133
1767173229.455238,0,3,-133
1767173229.465238,1,10,-134
1767173229.475238,3,10,-133
1767173229.485238,4,14,-128
1767173229.495238,4,9,-127
1767173229.505238,4,7,-120
1767173229.515238,6,4,-126
1767173229.525238,6,1,-130
1767173229.5352385,6,2,-117
1767173229.5452385,9,2,-114
1767173229.5552382,9,0,-118
1767173229.5652382,10,3,-120
1767173229.5752382,12,5,-123
1767173229.5852382,10,3,-127
1767173229.5952382,7,3,-123
1767173229.6052382,-1,0,-121
1767173229.6152382,-1,3,-117
1767173229.6252382,3,2,-120
1767173229.6352382,6,0,-126
1767173229.6452382,7,0,-119
1767173229.6552382,8,-4,-121
1767173229.665238,2,-3,-125
1767173229.675238,-2,-5,-126
1767173229.685238,-1,-5,-127
1767173229.695238,2,-2,-125
1767173229.705238,2,-3,-122
1767173229.715238,0,-6,-120
1767173229.725238,-2,-4,-125
1767173229.735238,1,-7,-126
1767173229.745238,1,-5,-130
1767173229.755238,-2,-9,-122
1767173229.765238,0,-6,-125
1767173229.775238,5,-5,-129
1767173229.7852385,5,-2,-131
1767173229.7952385,5,0,-133
1767173229.8052382,3,3,-130
1767173229.8152382,2,0,-124
1767173229.8252382,3,0,-122
1767173229.8352382,1,0,-125
1767173229.8452382,2,2,-127
1767173229.8552382,1,3,-122
1767173229.8652382,0,5,-124
1767173229.8752382,-3,0,-128
1767173229.8852382,0,-2,-132
1767173229.8952382,0,-3,-133
1767173229.9052382,-3,-3,-135
1767173229.915238,0,0,-142
1767173229.925238,1,0,-139
1767173229.935238,3,-4,-139
1767173229.945238,2,-2,-138
1767173229.955238,2,-3,-129
1767173229.965238,5,-2,-126
1767173229.975238,3,-5,-127
1767173229.985238,-3,-4,-126
1767173229.995238,-6,-5,-119
1767173230.005238,-7,-2,-122
1767173230.015238,-2,1,-118
1767173230.025238,-2,3,-119
1767173230.0352385,-1,2,-119
1767173230.0452385,-3,2,-122
1767173230.0552382,-2,1,-124
1767173230.0652382,-2,2,-127
1767173230.0752382,-3,-5,-134
1767173230.0852382,-2,-3,-131
1767173230.0952382,-2,3,-128
1767173230.1052382,-4,1,-134
1767173230.1152382,-3,3,-134
1767173230.1252382,3,1,-129
1767173230.1352382,1,0,-123
1767173230.1452382,2,-5,-124
1767173230.1552382,1,-5,-128
1767173230.165238,3,-5,-126
1767173230.175238,5,-5,-125
1767173230.185238,4,-4,-134
1767173230.195238,6,0,-138
1767173230.205238,4,-3,-139
1767173230.215238,2,-2,-133
1767173230.225238,0,-2,-127
1767173230.235238,-1,-5,-121
1767173230.245238,-2,-2,-122
1767173230.255238,5,0,-126
1767173230.265238,5,1,-125
1767173230.275238,3,-3,-122
1767173230.2852385,3,-1,-118
1767173230.2952385,-1,-2,-109
1767173230.317238,-6,-2,-119
1767173230.3252382,-2,-2,-123
1767173230.3352382,0,-5,-126
1767173230.3452382,-1,-5,-124
1767173230.3552382,-2,-8,-121
1767173230.3652382,0,-9,-121
1767173230.3752382,-1,-4,-126
1767173230.3852382,-2,1,-124
1767173230.3952382,1,4,-122
1767173230.4052382,3,6,-126
1767173230.415238,3,3,-124
1767173230.425238,3,0,-130
1767173230.435238,2,-1,-132
1767173230.445238,-1,0,-135
1767173230.455238,-2,0,-132
1767173230.465238,0,0,-134
1767173230.475238,-1,0,-129
1767173230.485238,0,0,-124
1767173230.495238,0,0,-124
1767173230.505238,2,1,-125
1767173230.515238,0,1,-120
1767173230.525238,-1,-3,-118
1767173230.5352385,2,-5,-116
1767173230.5452385,3,-4,-121
1767173230.5552382,2,-1,-118
1767173230.5652382,-1,-1,-127
1767173230.5752382,-2,-1,-133
1767173230.5852382,-3,0,-133
1767173230.5952382,-5,-1,-126
1767173230.6052382,-1,-1,-122
1767173230.6152382,-3,0,-115
1767173230.6252382,-3,0,-117
1767173230.6352382,-4,0,-123
1767173230.6452382,1,-3,-123
1767173230.6552382,1,-2,-126
1767173230.665238,-1,-1,-130
1767173230.675238,-3,-4,-135
1767173230.685238,-5,-2,-131
1767173230.695238,-6,0,-126
1767173230.705238,-3,0,-126
1767173230.715238,-4,0,-119
1767173230.725238,-8,0,-121
1767173230.735238,-9,-1,-117
1767173230.745238,-7,1,-120
1767173230.755238,-3,-3,-114
1767173230.765238,-1,1,-113
1767173230.775238,-5,1,-116
1767173230.7852385,-4,0,-120
1767173230.7952385,-2,-1,-124
1767173230.8052382,-6,-2,-124
1767173230.8152382,-7,-2,-124
1767173230.8252382,-6,-3,-122
1767173230.8352382,0,-3,-123
1767173230.8452382,1,0,-127
1767173230.8552382,0,-1,-123
1767173230.8652382,-1,-4,-128
1767173230.8752382,-2,0,-128
1767173230.8852382,-2,0,-121
1767173230.8952382,-5,0,-121
1767173230.9052382,0,0,-128
1767173230.915238,2,-3,-130
1767173230.925238,2,-4,-124
1767173230.935238,-8,-2,-136
1767173230.945238,-7,-1,-132
1767173230.955238,-4,0,-129
1767173230.965238,-2,-2,-124
1767173230.9762385,-2,3,-133
1767173230.9862382,0,5,-132
1767173230.9962382,-3,2,-129
1767173231.0062382,-2,-4,-129
1767173231.0162382,0,-6,-134
1767173231.0262382,-5,-4,-132
1767173231.0362382,1,-1,-127
1767173231.0462382,3,-1,-127
1767173231.0562382,3,-5,-129
1767173231.0662382,6,-4,-126
1767173231.0762382,4,-1,-123
1767173231.086238,3,0,-119
1767173231.096238,2,0,-129
1767173231.106238,0,0,-130
1767173231.116238,-6,-4,-126
1767173231.126238,-7,-7,-122
1767173231.136238,-7,-4,-127
1767173231.146238,-3,-5,-126
1767173231.156238,-3,-5,-132
1767173231.166238,-2,-7,-130
1767173231.176238,0,-10,-123
1767173231.186238,2,-8,-124
1767173231.196238,-2,-3,-125
1767173231.2062385,-3,-3,-121
1767173231.2162385,-4,0,-128
1767173231.2262385,-8,4,-131
1767173231.2362382,-7,4,-136
1767173231.2462382,-6,0,-133
1767173231.2562382,-4,-4,-130
1767173231.2662382,-3,-5,-127
1767173231.2762382,0,-6,-127
1767173231.2862382,2,-6,-133
1767173231.2962382,3,-4,-136
1767173231.3062382,2,-3,-132
1767173231.3162382,3,-3,-136
1767173231.3262382,-3,-4,-131
1767173231.336238,-5,-2,-137
1767173231.346238,-3,-1,-140
1767173231.356238,-3,-4,-132
1767173231.366238,-4,-4,-130
1767173231.376238,-3,-2,-130
1767173231.386238,-5,0,-134
1767173231.396238,-1,0,-134
1767173231.406238,0,-2,-130
1767173231.416238,-1,0,-132
1767173231.426238,-1,0,-129
1767173231.436238,-4,3,-133
1767173231.446238,-4,5,-131
1767173231.4562385,-1,2,-128
1767173231.4662385,-3,4,-127
1767173231.4762385,-5,0,-140
1767173231.4862382,-6,2,-139
1767173231.4962382,-1,1,-140
1767173231.5062382,-5,2,-145
1767173231.5162382,-4,1,-138
1767173231.5262382,-5,1,-132
1767173231.5362382,-2,0,-130
1767173231.5462382,-2,0,-125
1767173231.5562382,-4,-3,-129
1767173231.5662382,-3,-4,-130
1767173231.5762382,-4,-4,-132
1767173231.586238,-1,-5,-133
1767173231.596238,-1,-7,-127
1767173231.606238,-2,-9,-128
1767173231.616238,-5,-7,-131
1767173231.626238,-6,-4,-133
1767173231.636238,-6,-6,-128
1767173231.646238,-5,-3,-130
1767173231.656238,-11,0,-131
1767173231.666238,-12,0,-122
1767173231.676238,-11,0,-117
1767173231.686238,-6,-2,-123
1767173231.696238,-5,-4,-128
1767173231.7062385,-3,-4,-127
1767173231.7162385,-13,-3,-128
1767173231.7262385,-10,-6,-128
1767173231.7362382,-10,-7,-136
1767173231.7462382,-7,-8,-137
1767173231.7562382,-4,-3,-137
1767173231.7662382,-7,0,-130
1767173231.7762382,-12,1,-129
1767173231.7862382,-9,2,-133
1767173231.7962382,-6,0,-128
1767173231.8062382,-5,-1,-123
1767173231.8162382,-7,-3,-128
1767173231.8262382,-6,-7,-121
1767173231.836238,-3,-3,-121
1767173231.846238,-1,0,-122
1767173231.856238,-7,-3,-125
1767173231.866238,-5,-2,-123
1767173231.876238,-3,-4,-122
1767173231.886238,-1,-4,-119
1767173231.896238,-1,-2,-128
1767173231.906238,2,-3,-126
1767173231.916238,4,-5,-116
1767173231.926238,4,-5,-119
1767173231.936238,0,-7,-118
1767173231.946238,0,-2,-118
1767173231.9562385,0,-7,-117
1767173231.9662385,6,-6,-125
1767173231.9762385,3,-4,-129
1767173231.9862382,1,-4,-128
1767173231.9962382,-2,-3,-130
1767173232.0062382,-4,-1,-132
1767173232.0162382,0,1,-130
1767173232.0262382,0,1,-136
1767173232.0362382,-2,-2,-134
1767173232.0462382,-4,2,-131
1767173232.0562382,-2,7,-135
1767173232.0662382,-2,0,-131
1767173232.0762382,-2,-2,-131
1767173232.086238,-2,-3,-132
1767173232.096238,-3,-2,-131
1767173232.106238,-9,0,-132
1767173232.116238,-6,-1,-130
1767173232.126238,-10,-5,-130
1767173232.136238,-11,-2,-125
1767173232.146238,-10,-2,-121
1767173232.156238,-3,-3,-120
1767173232.166238,-6,-4,-118
1767173232.176238,-6,-6,-119
1767173232.186238,-4,-4,-120
1767173232.196238,-1,-3,-120
1767173232.2062385,-1,-1,-121
1767173232.2162385,-3,-2,-118
1767173232.2262385,-5,-2,-118
1767173232.2362382,-3,1,-120
1767173232.2462382,-2,-1,-122
1767173232.2562382,-2,-6,-130
1767173232.2662382,1,-6,-132
1767173232.2762382,-2,-2,-128
1767173232.2862382,-1,-2,-127
1767173232.2962382,0,-2,-127
1767173232.3062382,-1,-2,-123
1767173232.3162382,-2,0,-126
1767173232.3262382,-2,-2,-127
1767173232.336238,-2,-5,-127
1767173232.346238,-1,-4,-128
1767173232.356238,3,-2,-127
1767173232.366238,6,0,-123
1767173232.376238,6,0,-120
1767173232.386238,8,-3,-125
1767173232.396238,7,-2,-128
1767173232.406238,7,0,-124
1767173232.416238,3,3,-126
1767173232.426238,2,4,-128
1767173232.436238,0,1,-131
1767173232.446238,3,-2,-128
1767173232.4562385,5,-2,-124
1767173232.4662385,1,-1,-121
1767173232.4762385,5,-1,-124
1767173232.4862382,7,-1,-123
1767173232.4962382,6,-1,-126
1767173232.5062382,0,0,-138
1767173232.5162382,0,-2,-138
1767173232.5262382,2,-2,-131
1767173232.5362382,0,3,-122
1767173232.5462382,3,4,-118
1767173232.5562382,7,-1,-112
1767173232.5662382,9,-3,-117
1767173232.5762382,7,-1,-114
1767173232.586238,8,0,-115
1767173232.596238,4,-3,-114
1767173232.606238,7,-1,-110
1767173232.616238,6,-3,-111
1767173232.626238,9,-4,-115
1767173232.636238,4,-4,-121
1767173232.646238,4,-2,-118
1767173232.656238,0,-3,-125
1767173232.666238,-2,-2,-122
1767173232.676238,1,-3,-119
1767173232.686238,6,-3,-124
1767173232.696238,4,-2,-128
1767173232.7062385,4,2,-130
1767173232.7162385,7,2,-126
1767173232.7262385,6,2,-125
1767173232.7362382,1,2,-124
1767173232.7462382,-1,1,-126
1767173232.7562382,-2,0,-129
1767173232.7662382,0,1,-131
1767173232.7762382,-3,0,-138
1767173232.7862382,-3,1,-139
1767173232.7962382,-2,1,-137
1767173232.8062382,0,2,-132
1767173232.8162382,0,5,-134
1767173232.8262382,0,2,-136
1767173232.836238,-1,-2,-137
1767173232.846238,-4,-4,-133
1767173232.856238,-5,-5,-131
1767173232.866238,-6,-5,-125
1767173232.876238,-5,-3,-119
1767173232.886238,-8,-3,-120
1767173232.896238,-10,-1,-118
1767173232.906238,-5,-4,-118
1767173232.916238,-2,-1,-119
1767173232.926238,3,-1,-125
1767173232.936238,1,0,-127
1767173232.946238,3,0,-123
1767173232.9562385,1,1,-129
1767173232.9662385,2,3,-128
1767173232.9762385,2,0,-126
1767173232.9862382,0,-4,-123
1767173232.9962382,0,-7,-129
1767173233.0062382,-1,-7,-123
1767173233.0162382,-3,-2,-131
1767173233.0262382,-1,-1,-133
1767173233.0362382,-1,0,-135
1767173233.0462382,-2,1,-141
1767173233.0562382,-2,-2,-135
1767173233.0662382,-1,-3,-128
1767173233.0762382,2,-2,-126
1767173233.086238,4,0,-124
1767173233.096238,6,0,-124
1767173233.106238,4,2,-128
1767173233.116238,6,2,-129
1767173233.126238,5,0,-125
1767173233.136238,3,1,-129
1767173233.146238,6,2,-131
1767173233.156238,6,2,-136
1767173233.166238,4,-1,-140
1767173233.176238,5,-2,-137
1767173233.186238,9,0,-138
1767173233.196238,4,0,-129
1767173233.2062385,2,-2,-128
1767173233.2162385,-4,-2,-122
1767173233.2262385,-3,0,-127
1767173233.2362382,-4,-2,-137
1767173233.2462382,-2,-5,-136
1767173233.2562382,-2,-8,-135
1767173233.2662382,-2,-9,-132
1767173233.2762382,-1,-5,-132
1767173233.2862382,-2,-6,-129
1767173233.2962382,-3,-8,-133
1767173233.3062382,-1,-6,-130
1767173233.3162382,3,-7,-134
1767173233.3262382,3,-10,-138
1767173233.336238,4,-8,-135
1767173233.346238,3,-6,-130
1767173233.356238,-1,-5,-131
1767173233.366238,3,-4,-136
1767173233.376238,4,-2,-137
1767173233.386238,0,0,-138
1767173233.396238,4,-2,-137
1767173233.406238,7,-3,-145
1767173233.416238,5,-6,-145
1767173233.426238,0,-3,-137
1767173233.436238,-1,0,-129
1767173233.446238,-5,1,-134
1767173233.4562385,-6,-1,-134
1767173233.4662385,-8,-3,-134
1767173233.4762385,-7,-3,-132
1767173233.4862382,-4,0,-127
1767173233.4962382,-2,-4,-127
1767173233.5062382,0,-1,-125
1767173233.5162382,4,-3,-126
1767173233.5262382,3,0,-132
1767173233.5362382,0,1,-125
1767173233.5462382,0,2,-124
1767173233.5562382,1,2,-125
1767173233.5662382,1,3,-132
1767173233.577238,2,2,-130
1767173233.586238,5,0,-132
1767173233.596238,4,-3,-133
1767173233.607238,-3,-7,-132
1767173233.617238,-1,-6,-132
1767173233.627238,-1,-2,-135
1767173233.6372385,2,-1,-134
1767173233.646238,4,-5,-134
1767173233.6572382,6,-5,-143
1767173233.6672382,1,-4,-141
1767173233.6772382,2,-1,-134
1767173233.6872382,-1,-3,-136
1767173233.6972382,-1,-6,-131
1767173233.7072382,-2,-6,-141
1767173233.7172382,0,-8,-140
1767173233.7272382,0,-4,-142
1767173233.7372382,0,-3,-139
1767173233.7472382,-4,-4,-132
1767173233.757238,-5,-2,-126
1767173233.767238,-3,-2,-126
1767173233.777238,-1,0,-130
1767173233.787238,0,1,-128
1767173233.797238,2,-2,-130
1767173233.807238,-2,0,-131
1767173233.817238,-3,2,-128
1767173233.827238,2,3,-126
1767173233.837238,0,5,-136
1767173233.847238,-2,4,-135
1767173233.857238,-3,1,-141
1767173233.867238,-3,-4,-140
1767173233.877238,-2,-3,-131
1767173233.8872385,-8,-3,-127
1767173233.8972385,-5,-4,-133
1767173233.9072382,-1,-7,-134
1767173233.9172382,2,-12,-128
1767173233.9272382,-2,-6,-120
1767173233.9372382,0,-4,-117
1767173233.9472382,-5,-3,-125
1767173233.9572382,-5,-2,-132
1767173233.9672382,-3,0,-138
1767173233.9772382,-6,0,-130
1767173233.9872382,-9,2,-128
1767173233.9972382,-7,3,-124
1767173234.007238,-2,2,-116
1767173234.017238,-1,3,-118
1767173234.027238,-1,5,-120
1767173234.037238,-3,3,-120
1767173234.047238,0,0,-124
1767173234.057238,2,-3,-130
1767173234.067238,6,-3,-134
1767173234.077238,4,-5,-132
1767173234.087238,3,-7,-133
1767173234.097238,0,-6,-130
1767173234.107238,-4,-3,-128
1767173234.117238,0,-2,-130
1767173234.127238,-1,-4,-125
1767173234.1372385,-2,-5,-125
1767173234.1472385,-4,-3,-125
1767173234.1572382,-3,-4,-128
1767173234.1672382,-4,-5,-128
1767173234.1772382,-3,-7,-133
1767173234.1872382,0,-3,-134
1767173234.1972382,-1,-2,-134
1767173234.2072382,-6,-3,-136
1767173234.2172382,-7,-1,-129
1767173234.2272382,-7,0,-131
1767173234.2372382,-2,-1,-131
1767173234.2472382,-3,0,-136
1767173234.257238,-7,3,-139
1767173234.267238,-12,5,-135
1767173234.277238,-13,2,-132
1767173234.287238,-7,1,-131
1767173234.297238,2,-1,-132
1767173234.307238,0,-4,-130
1767173234.317238,0,-3,-130
1767173234.327238,0,-4,-131
1767173234.337238,-1,-3,-126
1767173234.347238,-4,-2,-128
1767173234.357238,-6,-2,-127
1767173234.367238,-7,0,-126
1767173234.377238,-5,-2,-124
1767173234.3872385,0,0,-125
1767173234.3972385,0,2,-125
1767173234.4072382,0,4,-125
1767173234.4172382,2,2,-131
1767173234.4272382,4,1,-132
1767173234.4372382,2,1,-128
1767173234.4472382,4,2,-132
1767173234.4572382,6,0,-135
1767173234.4672382,4,-1,-131
1767173234.4772382,0,-2,-131
1767173234.4872382,-1,-1,-130
1767173234.4972382,-1,-4,-130
1767173234.507238,-1,-3,-129
1767173234.517238,-2,-3,-122
1767173234.527238,0,-1,-125
1767173234.537238,2,-1,-124
1767173234.547238,0,-1,-124
1767173234.557238,0,2,-125
1767173234.567238,-1,1,-124
1767173234.577238,0,2,-127
1767173234.587238,1,0,-128
1767173234.597238,0,-3,-128
1767173234.607238,0,-3,-122
1767173234.617238,4,-5,-125
1767173234.627238,4,-2,-123
1767173234.6372385,6,-4,-124
1767173234.6472385,8,-2,-125
1767173234.6572382,4,0,-133
1767173234.6672382,2,2,-133
1767173234.6772382,3,3,-125
1767173234.6872382,1,2,-126
1767173234.6972382,0,1,-128
1767173234.7072382,3,0,-124
1767173234.7172382,-1,-4,-129
1767173234.7272382,0,-8,-129
1767173234.7372382,0,-7,-130
1767173234.7472382,0,-8,-123
1767173234.757238,0,-4,-120
1767173234.767238,5,0,-117
1767173234.778238,8,0,-119
1767173234.787238,5,0,-125
1767173234.797238,2,0,-121
1767173234.807238,1,0,-122
1767173234.817238,8,0,-124
1767173234.827238,7,5,-129
1767173234.837238,4,6,-123
1767173234.847238,2,5,-122
1767173234.857238,4,5,-123
1767173234.867238,1,6,-123
1767173234.877238,-3,4,-123
1767173234.8872385,-4,1,-123
1767173234.8972385,-5,2,-122
1767173234.9072382,-3,3,-117
1767173234.9172382,-5,4,-119
1767173234.9272382,-6,5,-118
1767173234.9372382,-4,6,-124
1767173234.9472382,-1,4,-122
1767173234.9572382,-4,1,-120
1767173234.9672382,-3,-1,-125
1767173234.9772382,-5,-1,-127
1767173234.9872382,-4,0,-125
1767173234.9972382,-5,1,-130
1767173235.007238,-2,3,-130
1767173235.017238,0,-1,-136
1767173235.027238,-2,-2,-129
1767173235.037238,2,-1,-124
1767173235.047238,3,-2,-125
1767173235.057238,0,0,-128
1767173235.067238,-2,0,-132
1767173235.077238,-1,4,-135
1767173235.087238,2,3,-128
1767173235.097238,-1,0,-126
1767173235.107238,0,-2,-129
1767173235.117238,0,-3,-131
1767173235.127238,0,-4,-132
1767173235.1372385,1,0,-134
1767173235.1472385,0,0,-130
1767173235.1572382,-2,-1,-124
1767173235.1672382,-3,0,-124
1767173235.1772382,-6,0,-123
1767173235.1872382,-6,0,-121
1767173235.1972382,-8,0,-116
1767173235.2072382,0,0,-120
1767173235.2172382,3,3,-121
1767173235.2272382,1,5,-121
1767173235.2372382,0,4,-121
1767173235.2472382,0,0,-127
1767173235.257238,2,-2,-136
1767173235.267238,2,0,-139
1767173235.277238,5,-2,-136
1767173235.287238,4,-2,-137
1767173235.297238,9,-1,-135
1767173235.307238,8,-1,-134
1767173235.3282382,0,-1,-135
1767173235.337238,-2,-2,-133
1767173235.347238,0,-3,-134
1767173235.357238,7,0,-141
1767173235.367238,5,5,-140
1767173235.377238,5,3,-137
1767173235.3872385,2,1,-130
1767173235.3972385,0,2,-128
1767173235.4072382,-2,2,-124
1767173235.4172382,0,1,-127
1767173235.4272382,-1,0,-126
1767173235.4372382,-3,0,-127
1767173235.4472382,1,0,-124
1767173235.4572382,0,1,-120
1767173235.4672382,0,-2,-125
1767173235.4772382,1,-5,-130
1767173235.4872382,2,-3,-134
1767173235.4972382,4,-6,-126
1767173235.507238,0,-8,-123
1767173235.517238,-1,-4,-124
1767173235.527238,-4,-1,-127
1767173235.537238,-2,0,-134
1767173235.547238,-2,-1,-129
1767173235.557238,-8,-1,-130
1767173235.567238,-4,0,-127
1767173235.577238,-2,1,-133
1767173235.587238,-6,-1,-131
1767173235.597238,-4,1,-130
1767173235.607238,2,0,-129
1767173235.617238,0,0,-126
1767173235.627238,1,0,-124
1767173235.6372385,7,5,-131
1767173235.6472385,8,4,-126
1767173235.6572382,4,2,-122
1767173235.6672382,1,3,-129
1767173235.6772382,-3,-2,-130
1767173235.6872382,-5,-2,-128
1767173235.6972382,-6,-3,-127
1767173235.7072382,-6,0,-127
1767173235.7172382,-2,-2,-128
1767173235.7272382,-1,-1,-128
1767173235.7372382,-2,-2,-119
1767173235.7472382,-1,-2,-121
1767173235.757238,3,-3,-117
1767173235.767238,2,-7,-125
1767173235.777238,2,-8,-131
1767173235.787238,-3,-5,-133
1767173235.797238,-6,-4,-126
1767173235.807238,-5,-3,-125
1767173235.817238,-3,-1,-125
1767173235.827238,-3,0,-127
1767173235.837238,2,-2,-130
1767173235.847238,-1,-5,-133
1767173235.857238,3,-2,-134
1767173235.867238,4,0,-131
1767173235.877238,9,-2,-136
1767173235.8872385,7,-1,-139
1767173235.8972385,-1,0,-138
1767173235.9072382,0,2,-135
1767173235.9172382,-3,6,-138
1767173235.9272382,-7,1,-139
1767173235.9372382,-8,3,-135
1767173235.9472382,-4,0,-131
1767173235.9572382,-1,0,-135
1767173235.9672382,-3,-1,-141
1767173235.9772382,0,1,-139
1767173235.9872382,-3,4,-135
1767173235.9972382,-9,4,-138
1767173236.007238,-8,2,-132
1767173236.017238,-8,-1,-124
1767173236.027238,-2,-2,-120
1767173236.037238,-1,0,-118
1767173236.047238,-4,-2,-119
1767173236.057238,-7,0,-120
1767173236.067238,-4,-2,-133
1767173236.077238,-3,-2,-132
1767173236.087238,-11,-2,-134
1767173236.097238,-4,-4,-131
1767173236.107238,0,-1,-129
1767173236.117238,-1,-1,-129
1767173236.127238,-3,1,-123
1767173236.1372385,0,0,-117
1767173236.1472385,-1,-2,-117
1767173236.1572382,5,-2,-123
1767173236.1672382,4,-1,-121
1767173236.1772382,1,-3,-125
1767173236.1872382,4,-4,-124
1767173236.1972382,12,-5,-131
1767173236.208238,7,-4,-125
1767173236.2172382,4,-2,-125
1767173236.228238,3,-3,-124
1767173236.2372382,2,-2,-133
1767173236.248238,6,0,-131
1767173236.258238,4,-4,-130
1767173236.268238,0,-7,-133
1767173236.278238,-1,-8,-130
1767173236.287238,0,-6,-137
1767173236.298238,0,-3,-141
1767173236.3082385,3,-4,-136
1767173236.3182385,3,-3,-135
1767173236.3282382,0,0,-132
1767173236.3382382,5,2,-135
1767173236.3482382,9,4,-134
1767173236.3582382,5,6,-131
1767173236.3682382,3,5,-130
1767173236.3782382,0,6,-131
1767173236.3882382,3,6,-126
1767173236.3982382,1,0,-129
1767173236.4082382,0,-6,-130
1767173236.4182382,2,-1,-125
1767173236.4282382,3,-2,-123
1767173236.438238,4,-3,-129
1767173236.448238,4,-1,-127
1767173236.458238,6,-2,-129
1767173236.468238,6,-5,-129
1767173236.478238,8,-4,-126
1767173236.488238,7,-7,-116
1767173236.498238,11,-4,-122
1767173236.508238,11,-3,-125
1767173236.518238,13,-7,-130
1767173236.528238,8,-3,-128
1767173236.538238,7,-2,-126
1767173236.548238,3,-2,-128
1767173236.5582385,2,-1,-126
1767173236.5682385,-3,0,-129
1767173236.5782382,-3,-2,-131
1767173236.5882382,-3,-3,-127
1767173236.5982382,-3,-4,-125
1767173236.6082382,-3,-3,-125
1767173236.6182382,-1,-3,-132
1767173236.6282382,-2,-2,-134
1767173236.6382382,-1,-1,-132
1767173236.6482382,-2,-2,-132
1767173236.6582382,0,-3,-130
1767173236.6682382,-2,-2,-126
1767173236.6782382,-2,-1,-125
1767173236.688238,-4,-1,-127
1767173236.698238,-4,-2,-132
1767173236.708238,-6,-4,-129
1767173236.718238,-1,-8,-133
1767173236.728238,1,-8,-127
1767173236.738238,1,-2,-129
1767173236.748238,3,-3,-127
1767173236.758238,0,-4,-130
1767173236.768238,-2,-2,-133
1767173236.778238,-7,-4,-135
1767173236.788238,-4,-8,-133
1767173236.798238,-1,-8,-128
1767173236.8082385,-1,-4,-133
1767173236.8182385,2,-5,-132
1767173236.8282382,1,-2,-127
1767173236.8382382,0,-4,-129
1767173236.8482382,0,-2,-132
1767173236.8582382,1,0,-131
1767173236.8682382,-1,-5,-131
1767173236.8782382,-1,-7,-132
1767173236.8882382,-4,-5,-127
1767173236.8982382,-3,0,-131
1767173236.9082382,-3,-3,-132
1767173236.9182382,0,-6,-127
1767173236.9282382,1,-4,-128
1767173236.938238,4,-4,-123
1767173236.948238,5,-3,-124
1767173236.958238,3,-3,-125
1767173236.968238,1,-6,-121
1767173236.978238,2,-9,-134
1767173236.988238,3,-9,-130
1767173236.998238,5,-7,-132
1767173237.008238,1,-1,-129
1767173237.018238,6,-4,-137
1767173237.028238,3,-4,-139
1767173237.038238,2,1,-140
1767173237.048238,1,0,-141
1767173237.0582385,3,1,-141
1767173237.0682385,1,1,-138
1767173237.0782382,1,0,-133
1767173237.0882382,-1,1,-132
1767173237.0982382,-2,2,-131
1767173237.1082382,-2,3,-125
1767173237.1182382,-3,2,-130
1767173237.1282382,-3,0,-126
1767173237.1382382,-3,2,-125
1767173237.1482382,0,5,-126
1767173237.1582382,3,5,-126
1767173237.1682382,5,1,-132
1767173237.1782382,0,-5,-126
1767173237.188238,-1,-4,-134
1767173237.198238,-3,0,-141
1767173237.208238,-5,0,-136
1767173237.218238,-5,-2,-134
1767173237.228238,-6,-6,-137
1767173237.238238,-6,-7,-138
1767173237.248238,-6,-11,-133
1767173237.258238,-6,-10,-134
1767173237.268238,-5,-9,-136
1767173237.278238,-6,-12,-136
1767173237.288238,-6,-12,-127
1767173237.298238,0,-8,-127
1767173237.3082385,0,-2,-123
1767173237.3182385,0,-2,-123
1767173237.3282382,-1,0,-120
1767173237.3382382,0,1,-124
1767173237.3482382,0,-2,-126
1767173237.3582382,-1,-1,-124
1767173237.3682382,-1,-2,-126
1767173237.3782382,-3,-3,-126
1767173237.3882382,-2,-3,-124
1767173237.3982382,-5,-4,-125
1767173237.4082382,-3,-2,-127
1767173237.4182382,0,-4,-131
1767173237.4282382,3,-1,-134
1767173237.438238,4,-2,-135
1767173237.448238,-4,-6,-138
1767173237.458238,-3,-1,-127
1767173237.468238,0,-5,-124
1767173237.478238,-1,-6,-126
1767173237.488238,-1,-5,-132
1767173237.498238,0,-2,-127
1767173237.508238,-1,-2,-123
1767173237.518238,-2,-1,-125
1767173237.528238,-3,-4,-130
1767173237.538238,0,-2,-135
1767173237.548238,1,2,-131
1767173237.5582385,6,2,-132
1767173237.5682385,6,5,-135
1767173237.5782382,-1,4,-132
1767173237.5882382,0,4,-129
1767173237.5982382,6,0,-132
1767173237.6082382,5,-1,-133
1767173237.6182382,3,-2,-131
1767173237.6282382,0,-3,-123
1767173237.6382382,0,-2,-121
1767173237.6482382,0,-4,-120
1767173237.6582382,-2,0,-118
1767173237.6682382,0,3,-115
1767173237.6782382,0,2,-122
1767173237.688238,1,-2,-130
1767173237.698238,0,-10,-129
1767173237.708238,0,-3,-128
1767173237.718238,0,4,-129
1767173237.728238,0,6,-128
1767173237.738238,1,1,-129
1767173237.748238,0,3,-131
1767173237.758238,-1,4,-127
1767173237.768238,-4,6,-125
1767173237.778238,-4,3,-130
1767173237.788238,-1,0,-131
1767173237.798238,0,-3,-132
1767173237.8082385,1,-2,-124
1767173237.8182385,4,-4,-130
1767173237.8282382,4,-8,-133
1767173237.8382382,6,-4,-136
1767173237.8482382,9,-2,-138
1767173237.8582382,7,-1,-128
1767173237.8682382,6,-3,-120
1767173237.8782382,9,-6,-127
1767173237.8882382,9,-4,-122
1767173237.8982382,9,-1,-124
1767173237.9082382,8,-1,-129
1767173237.9182382,6,0,-133
1767173237.9282382,5,0,-137
1767173237.938238,-2,5,-145
1767173237.948238,-4,1,-149
1767173237.958238,0,0,-144
1767173237.968238,3,1,-138
1767173237.978238,7,4,-129
1767173237.988238,5,2,-124
1767173237.998238,1,2,-126
1767173238.008238,-1,0,-131
1767173238.018238,-2,1,-134
1767173238.028238,0,-3,-130
1767173238.038238,0,-4,-133
1767173238.048238,-5,0,-130
1767173238.0582385,-4,-3,-128
1767173238.0682385,-3,-4,-131
1767173238.0782382,-4,-9,-132
1767173238.0882382,-5,-8,-127
1767173238.0982382,0,-11,-136
1767173238.1082382,3,-9,-137
1767173238.1182382,4,-7,-128
1767173238.1282382,0,-8,-130
1767173238.1382382,0,-8,-127
1767173238.1482382,-1,-7,-125
1767173238.1582382,-3,-6,-123
1767173238.1682382,-1,-6,-122
1767173238.1782382,0,-6,-122
1767173238.188238,-1,-4,-122
1767173238.198238,-4,-8,-127
1767173238.208238,-7,-5,-126
1767173238.218238,-5,-5,-126
1767173238.228238,-5,-5,-121
1767173238.238238,-4,-3,-127
1767173238.248238,-2,-3,-123
1767173238.258238,0,-4,-129
1767173238.268238,-1,-1,-132
1767173238.278238,-5,1,-124
1767173238.288238,-4,-3,-127
1767173238.298238,0,0,-118
1767173238.3082385,-1,2,-120
1767173238.3182385,-4,2,-127
1767173238.3282382,-8,-2,-127
1767173238.3382382,-7,-3,-132
1767173238.3482382,-9,-3,-129
1767173238.3582382,-6,-4,-130
1767173238.3682382,-2,-7,-124
1767173238.3782382,-1,-8,-133
1767173238.3882382,-4,-7,-129
1767173238.3982382,-3,-8,-126
1767173238.4082382,-2,-5,-140
1767173238.4182382,-3,-2,-147
1767173238.4282382,0,-2,-146
1767173238.438238,-1,1,-139
1767173238.448238,-5,4,-137
1767173238.458238,-7,1,-140
1767173238.468238,0,0,-132
1767173238.478238,-2,-1,-131
1767173238.488238,0,-7,-136
1767173238.498238,4,-5,-133
1767173238.508238,0,-1,-130
1767173238.518238,-3,-1,-133
1767173238.528238,-2,-1,-127
1767173238.538238,-3,-4,-126
1767173238.548238,-4,-2,-124
1767173238.5582385,-5,-2,-128
1767173238.5682385,-2,0,-125
1767173238.5782382,-8,0,-121
1767173238.5882382,0,-2,-124
1767173238.5982382,0,-3,-120
1767173238.6082382,4,-3,-120
1767173238.6182382,0,-1,-115
1767173238.6282382,-2,-2,-115
1767173238.6382382,0,-1,-123
1767173238.6482382,-1,-4,-127
1767173238.6582382,1,-2,-128
1767173238.6682382,2,-4,-129
1767173238.6782382,0,-2,-134
1767173238.688238,0,0,-135
1767173238.698238,1,1,-134
1767173238.708238,4,2,-127
1767173238.718238,2,0,-131
1767173238.728238,-1,-1,-132
1767173238.738238,2,-1,-126
1767173238.748238,2,-1,-128
1767173238.758238,0,-1,-128
1767173238.768238,-1,-2,-135
1767173238.778238,-4,-6,-135
1767173238.788238,-9,-7,-135
1767173238.7992382,-11,-9,-134
1767173238.8092382,-8,-9,-136
1767173238.8192382,-7,-5,-132
1767173238.8292382,-2,-4,-126
1767173238.8392382,0,-4,-125
1767173238.8492382,1,-1,-126
1767173238.859238,4,-2,-121
1767173238.869238,2,0,-122
1767173238.879238,0,-1,-124
1767173238.889238,-3,0,-120
1767173238.899238,-6,0,-122
1767173238.909238,-5,-3,-123
1767173238.919238,-3,-2,-123
1767173238.929238,-2,-5,-120
1767173238.939238,0,-2,-119
1767173238.949238,-1,-1,-123
1767173238.959238,-3,-1,-127
1767173238.969238,3,0,-124
1767173238.9792385,5,-3,-117
1767173238.9892385,6,-4,-120
1767173238.9992385,1,-6,-122
1767173239.0092382,1,-6,-126
1767173239.0192382,-2,-6,-130
1767173239.0292382,-7,-5,-128
1767173239.0392382,-8,-1,-131
1767173239.0492382,-5,0,-133
1767173239.0592382,-2,0,-132
1767173239.0692382,2,-5,-136
1767173239.0792382,0,-5,-133
1767173239.0892382,-5,-4,-134
1767173239.0992382,-1,-2,-137
1767173239.109238,-3,-3,-135
1767173239.119238,0,-2,-136
1767173239.129238,0,-3,-131
1767173239.139238,-1,-3,-126
1767173239.149238,0,-1,-125
1767173239.159238,-2,-5,-126
1767173239.169238,0,-11,-124
1767173239.179238,3,-9,-118
1767173239.189238,5,-7,-122
1767173239.199238,4,-8,-127
1767173239.209238,0,-6,-121
1767173239.219238,-3,-1,-123
1767173239.2292385,-1,-2,-130
1767173239.2392385,-4,-1,-130
1767173239.2492385,-3,0,-122
1767173239.2592382,-1,-1,-119
1767173239.2692382,3,-1,-117
1767173239.2792382,6,-5,-121
1767173239.2892382,2,-6,-119
1767173239.2992382,-1,-6,-114
1767173239.3092382,2,-1,-110
1767173239.3192382,2,0,-118
1767173239.3292382,2,-3,-125
1767173239.3392382,0,-4,-118
1767173239.3492382,0,-4,-118
1767173239.359238,1,0,-129
1767173239.369238,0,1,-135
1767173239.379238,2,3,-139
1767173239.389238,1,1,-137
1767173239.399238,-4,0,-136
1767173239.409238,-3,0,-131
1767173239.419238,-3,0,-133
1767173239.429238,-2,3,-127
1767173239.439238,-4,5,-123
1767173239.449238,-5,0,-122
1767173239.459238,-6,0,-128
1767173239.469238,-3,-1,-125
1767173239.4792385,-4,-2,-121
1767173239.4892385,-4,-5,-128
1767173239.4992385,-1,-6,-137
1767173239.5092382,0,-7,-135
1767173239.5192382,1,-7,-138
1767173239.5292382,3,-7,-138
1767173239.5392382,3,-3,-143
1767173239.5492382,3,-4,-145
1767173239.5592382,2,-9,-143
1767173239.5692382,4,-8,-141
1767173239.5792382,1,-5,-144
1767173239.5892382,0,-5,-140
1767173239.5992382,0,-4,-137
1767173239.609238,4,-1,-135
1767173239.619238,2,-3,-133
1767173239.629238,3,0,-130
1767173239.639238,5,0,-125
1767173239.649238,9,0,-128
1767173239.659238,5,0,-126
1767173239.669238,3,0,-123
1767173239.679238,3,-3,-121
1767173239.689238,2,-7,-124
1767173239.699238,2,-7,-129
1767173239.709238,-2,-10,-129
1767173239.719238,-2,-9,-124
1767173239.7292385,-6,-7,-124
1767173239.7392385,-3,-3,-121
1767173239.7492385,0,0,-121
1767173239.7592382,2,0,-125
1767173239.7692382,5,3,-128
1767173239.7792382,1,5,-133
1767173239.7892382,0,5,-133
1767173239.7992382,4,5,-138
1767173239.8092382,0,5,-139
1767173239.8192382,2,9,-138
1767173239.8292382,3,9,-142
1767173239.8392382,-2,11,-138
1767173239.8492382,-3,11,-137
1767173239.859238,-6,8,-137
1767173239.869238,-9,6,-139
1767173239.879238,-10,6,-137
1767173239.889238,-11,9,-131
1767173239.899238,-13,5,-128
1767173239.909238,-10,0,-126
1767173239.919238,-6,-3,-123
1767173239.929238,-3,-2,-131
1767173239.939238,-4,2,-124
1767173239.949238,-3,4,-121
1767173239.959238,-3,0,-123
1767173239.969238,-6,0,-128
1767173239.9792385,-5,0,-131
1767173239.9892385,-1,0,-129
1767173239.9992385,-5,-3,-128
1767173240.0092382,-5,-5,-128
1767173240.0192382,0,0,-122
1767173240.0292382,-1,4,-120
1767173240.0392382,-2,4,-127
1767173240.0492382,-3,0,-126
1767173240.0592382,-2,-3,-124
1767173240.0692382,-4,-5,-128
1767173240.0792382,-5,-3,-130
1767173240.0892382,1,-2,-126
1767173240.0992382,1,0,-122
1767173240.109238,4,-6,-132
1767173240.119238,0,-4,-131
1767173240.129238,0,-1,-129
1767173240.139238,0,-3,-125
1767173240.149238,-1,0,-119
1767173240.159238,-1,-1,-128
1767173240.169238,0,-3,-125
1767173240.179238,0,-4,-125
1767173240.189238,4,-4,-120
1767173240.199238,0,-5,-122
1767173240.209238,0,-1,-124
1767173240.219238,0,-1,-127
1767173240.2292385,6,-6,-124
1767173240.2392385,7,-8,-120
1767173240.2492385,7,-6,-123
1767173240.2592382,8,-6,-126
1767173240.2692382,7,-5,-130
1767173240.2792382,0,-8,-130
1767173240.2892382,-3,-5,-129
1767173240.2992382,-3,-5,-126
1767173240.3092382,-2,-1,-126
1767173240.3192382,-2,-1,-125
1767173240.3412385,-7,-5,-128
1767173240.3492382,-1,-6,-122
1767173240.359238,-1,-1,-115
1767173240.369238,-1,-3,-116
1767173240.379238,-3,-1,-122
1767173240.389238,-3,-7,-127
1767173240.399238,0,-8,-125
1767173240.409238,5,-9,-121
1767173240.419238,8,-6,-123
1767173240.429238,0,-4,-131
1767173240.439238,-2,-1,-135
1767173240.449238,-1,-3,-133
1767173240.459238,2,-5,-133
1767173240.469238,4,-3,-132
1767173240.4792385,2,-1,-136
1767173240.4892385,0,-3,-130
1767173240.4992385,2,-1,-126
1767173240.5092382,7,2,-131
1767173240.5192382,9,3,-134
1767173240.5292382,3,0,-135
1767173240.5392382,8,0,-138
1767173240.5492382,12,1,-129
1767173240.5592382,9,0,-118
1767173240.5692382,4,-7,-127
1767173240.5792382,-2,-7,-126
1767173240.5892382,0,-9,-123
1767173240.5992382,4,-7,-127
1767173240.609238,4,-7,-126
1767173240.619238,2,-6,-128
1767173240.629238,-1,-4,-126
1767173240.639238,-2,-6,-126
1767173240.649238,0,-8,-120
1767173240.659238,0,-9,-114
1767173240.669238,-2,-5,-122
1767173240.679238,-3,-5,-125
1767173240.689238,2,-5,-129
1767173240.699238,1,-5,-133
1767173240.709238,-3,-7,-125
1767173240.719238,-3,-6,-121
1767173240.7292385,-3,-5,-121
1767173240.7392385,-2,-4,-128
1767173240.7492385,0,-1,-133
1767173240.7592382,1,-1,-132
1767173240.7692382,4,1,-129
1767173240.7792382,4,4,-128
1767173240.7892382,4,1,-135
1767173240.7992382,2,0,-139
1767173240.8092382,5,-5,-138
1767173240.8192382,4,-4,-134
1767173240.8292382,4,-7,-134
1767173240.8392382,6,-5,-130
1767173240.8492382,6,-8,-126
1767173240.859238,2,-9,-127
1767173240.869238,4,-9,-122
1767173240.879238,5,-10,-122
1767173240.889238,2,-11,-120
1767173240.899238,1,-8,-130
1767173240.909238,0,-5,-135
1767173240.919238,3,-6,-135
1767173240.929238,2,-2,-129
1767173240.939238,0,-4,-128
1767173240.949238,-3,-1,-125
1767173240.959238,-3,-3,-124
1767173240.969238,-2,-1,-124
1767173240.9792385,-5,5,-122
1767173240.9892385,-3,2,-120
1767173240.9992385,-1,2,-119
1767173241.0092382,2,3,-125
1767173241.0192382,0,2,-127
1767173241.0292382,3,0,-130
1767173241.0392382,0,-2,-135
1767173241.0492382,-1,1,-124
1767173241.0592382,1,2,-128
1767173241.0692382,7,1,-128
1767173241.0792382,9,0,-128
1767173241.0892382,8,0,-132
1767173241.0992382,6,-2,-132
1767173241.109238,4,-2,-132
1767173241.119238,0,-2,-129
1767173241.129238,0,-5,-131
1767173241.139238,3,-6,-135
1767173241.149238,2,-5,-127
1767173241.159238,3,2,-122
1767173241.169238,1,5,-122
1767173241.179238,1,3,-125
1767173241.189238,-2,-3,-129
1767173241.199238,-2,-7,-127
1767173241.209238,2,-4,-124
1767173241.219238,1,-8,-135
1767173241.2292385,0,-9,-135
1767173241.2392385,0,-6,-134
1767173241.2492385,1,-6,-130
1767173241.2592382,2,0,-138
1767173241.2692382,2,-2,-132
1767173241.2792382,1,-1,-129
1767173241.2892382,4,-1,-133
1767173241.2992382,4,0,-127
1767173241.3092382,3,-6,-127
1767173241.3192382,0,-8,-125
1767173241.3292382,-6,-7,-125
1767173241.3392382,-6,-5,-128
1767173241.3492382,-5,-6,-130
1767173241.359238,-5,-9,-131
1767173241.369238,-7,-10,-123
1767173241.379238,-7,-11,-125
1767173241.389238,-10,-8,-123
1767173241.399238,-12,-7,-122
1767173241.4102385,-9,-3,-123
1767173241.419238,-7,-1,-123
1767173241.429238,-2,0,-122
1767173241.439238,1,-4,-120
1767173241.449238,1,-4,-125
1767173241.459238,-2,-3,-126
1767173241.4702382,-4,-3,-129
1767173241.4802382,-7,-4,-129
1767173241.4902382,-9,0,-134
1767173241.5002382,-12,-2,-139
1767173241.5102382,-12,0,-133
1767173241.5202382,-14,2,-133
1767173241.5302382,-6,5,-131
1767173241.540238,-4,6,-126
1767173241.550238,-2,6,-129
1767173241.560238,-6,3,-126
1767173241.570238,0,6,-124
1767173241.580238,0,6,-130
1767173241.590238,-2,5,-127
1767173241.600238,-2,4,-121
1767173241.610238,-1,2,-126
1767173241.620238,0,3,-130
1767173241.630238,-2,-2,-127
1767173241.640238,0,-5,-127
1767173241.650238,2,-3,-124
1767173241.6602385,4,-4,-129
1767173241.6702385,8,-5,-129
1767173241.6802382,9,-2,-124
1767173241.6902382,7,-3,-122
1767173241.7002382,6,-7,-123
1767173241.7102382,3,-6,-122
1767173241.7202382,2,-6,-126
1767173241.7302382,4,-6,-127
1767173241.7402382,3,-3,-123
1767173241.7502382,6,0,-121
1767173241.7602382,5,-3,-121
1767173241.7702382,2,-3,-122
1767173241.7802382,1,-5,-117
1767173241.790238,3,-4,-121
1767173241.800238,3,-2,-116
1767173241.810238,-2,-5,-121
1767173241.820238,-2,0,-120
1767173241.830238,-6,-1,-118
1767173241.840238,-6,1,-120
1767173241.850238,-6,-2,-126
1767173241.860238,-3,-3,-124
1767173241.870238,1,-3,-132
1767173241.880238,3,-2,-131
1767173241.890238,2,-5,-126
1767173241.900238,4,-7,-123
1767173241.9102385,0,-5,-131
1767173241.9202385,-2,-2,-130
1767173241.9302382,-1,-2,-131
1767173241.9402382,2,-4,-131
1767173241.9502382,2,-2,-124
1767173241.9602382,-1,0,-129
1767173241.9702382,-2,1,-125
1767173241.9802382,-2,-2,-125
1767173241.9902382,-3,0,-124
1767173242.0002382,-2,2,-126
1767173242.0102382,-3,0,-125
1767173242.0202382,0,0,-129
1767173242.0302382,1,0,-135
1767173242.040238,1,1,-129
1767173242.050238,-2,0,-130
1767173242.060238,-2,1,-130
1767173242.070238,-1,0,-127
1767173242.080238,-3,0,-128
1767173242.090238,-2,-2,-128
1767173242.100238,-6,-3,-127
1767173242.110238,-4,0,-135
1767173242.120238,-2,0,-134
1767173242.130238,1,-5,-134
1767173242.140238,-4,-4,-136
1767173242.1512382,0,0,-140
1767173242.1602385,5,-2,-139
1767173242.1702385,6,-4,-133
1767173242.1802382,2,-3,-126
1767173242.1902382,2,-4,-117
1767173242.2002382,0,-6,-116
1767173242.2102382,-3,-4,-118
1767173242.2202382,-1,-4,-122
1767173242.2302382,0,-3,-117
1767173242.2402382,0,-1,-121
1767173242.2502382,2,0,-127
1767173242.2602382,4,3,-127
1767173242.2702382,3,5,-128
1767173242.2802382,2,4,-132
1767173242.290238,4,5,-131
1767173242.300238,3,4,-126
1767173242.310238,0,4,-122
1767173242.320238,-2,3,-128
1767173242.330238,-4,2,-127
1767173242.340238,-3,2,-125
1767173242.350238,-1,0,-130
1767173242.360238,-1,0,-130
1767173242.370238,-3,-3,-131
1767173242.380238,-6,2,-131
1767173242.390238,-9,4,-125
1767173242.400238,-8,2,-130
1767173242.4102385,-3,0,-132
1767173242.4202385,1,0,-129
1767173242.4302382,6,0,-133
1767173242.4402382,4,-4,-129
1767173242.4502382,4,-3,-124
1767173242.4602382,-1,0,-123
1767173242.4702382,-7,-6,-128
1767173242.4802382,-3,-2,-127
1767173242.4902382,-2,-5,-124
1767173242.5002382,1,-3,-120
1767173242.5102382,1,-3,-116
1767173242.5202382,1,0,-119
1767173242.5302382,1,0,-122
1767173242.540238,3,0,-127
1767173242.550238,4,0,-125
1767173242.560238,0,-3,-119
1767173242.570238,1,-3,-114
1767173242.580238,2,-3,-117
1767173242.590238,0,-5,-117
1767173242.600238,0,-7,-117
1767173242.610238,6,-6,-123
1767173242.620238,2,-9,-121
1767173242.630238,1,-5,-122
1767173242.640238,1,-3,-123
1767173242.650238,0,-1,-123
1767173242.6602385,0,-1,-125
1767173242.6702385,4,-2,-121
1767173242.6802382,4,-1,-123
1767173242.6902382,1,2,-127
1767173242.7002382,3,5,-129
1767173242.7102382,-2,5,-129
1767173242.7202382,-1,6,-130
1767173242.7302382,0,5,-131
1767173242.7402382,2,4,-131
1767173242.7502382,4,-2,-129
1767173242.7602382,3,-6,-130
1767173242.7702382,0,-4,-130
1767173242.7802382,-2,-4,-122
1767173242.790238,1,0,-124
1767173242.800238,4,0,-131
1767173242.810238,0,-5,-124
1767173242.820238,0,-7,-122
1767173242.830238,-4,0,-124
1767173242.840238,-5,-1,-131
1767173242.850238,-5,-1,-134
1767173242.860238,-9,-2,-133
1767173242.870238,-8,0,-127
1767173242.880238,-6,-2,-121
1767173242.890238,-3,-4,-129
1767173242.900238,-3,-1,-132
1767173242.9102385,-3,3,-130
1767173242.9202385,-3,4,-131
1767173242.9302382,0,0,-130
1767173242.9402382,3,2,-128
1767173242.9502382,3,0,-134
1767173242.9602382,0,3,-138
1767173242.9702382,1,0,-139
1767173242.9802382,-5,-1,-141
1767173242.9902382,-2,2,-139
1767173243.0002382,-6,0,-133
1767173243.0102382,-6,-2,-128
1767173243.0202382,-6,-1,-124
1767173243.0302382,-6,-1,-123
1767173243.040238,-6,0,-122
1767173243.050238,-2,3,-121
1767173243.060238,-8,6,-119
1767173243.070238,-10,6,-122
1767173243.080238,-8,9,-132
1767173243.090238,-1,6,-132
1767173243.100238,0,5,-126
1767173243.110238,-1,4,-121
1767173243.120238,-3,0,-120
1767173243.130238,0,0,-127
1767173243.140238,0,0,-133
1767173243.150238,0,1,-131
1767173243.1602385,0,2,-129
1767173243.1702385,3,-2,-132
1767173243.1802382,0,-2,-132
1767173243.1902382,-1,0,-137
1767173243.2002382,-3,0,-135
1767173243.2102382,-4,0,-134
1767173243.2202382,-1,0,-134
1767173243.2302382,0,-3,-128
1767173243.2402382,-7,-1,-129
1767173243.2502382,-4,-4,-132
1767173243.2602382,-4,-5,-135
1767173243.2702382,-4,-3,-126
1767173243.2802382,-1,-4,-131
1767173243.290238,0,-4,-134
1767173243.300238,0,-1,-131
1767173243.310238,-2,0,-141
1767173243.320238,-2,0,-134
1767173243.330238,-3,-3,-131
1767173243.340238,-2,-1,-125
1767173243.350238,-2,-2,-126
1767173243.360238,-1,-1,-125
1767173243.370238,-4,-8,-135
1767173243.380238,-2,-9,-134
1767173243.390238,2,-8,-126
1767173243.400238,0,-5,-130
1767173243.4102385,-3,-7,-138
1767173243.4202385,0,-6,-135
1767173243.4302382,-2,-3,-125
1767173243.4402382,-2,0,-124
1767173243.4502382,2,0,-121
1767173243.4602382,4,2,-131
1767173243.4702382,-1,5,-130
1767173243.4802382,-3,3,-129
1767173243.4902382,0,2,-123
1767173243.5002382,-3,2,-129
1767173243.5102382,-5,-3,-138
1767173243.5202382,-6,-5,-140
1767173243.5302382,-5,-5,-137
1767173243.540238,-9,-5,-138
1767173243.550238,-10,-10,-136
1767173243.560238,-4,-7,-135
1767173243.570238,-1,-7,-131
1767173243.580238,1,-8,-128
1767173243.590238,0,-8,-126
1767173243.600238,-2,-6,-116
1767173243.610238,0,-8,-118
1767173243.620238,6,-6,-121
1767173243.630238,7,-7,-126
1767173243.640238,12,-6,-131
1767173243.650238,11,-7,-130
1767173243.6602385,5,-4,-132
1767173243.6702385,1,-6,-136
1767173243.6802382,2,-5,-135
1767173243.6902382,0,-6,-131
1767173243.7002382,1,-4,-128
1767173243.7102382,1,-6,-119
1767173243.7202382,0,-4,-119
1767173243.7302382,-2,0,-124
1767173243.7402382,-3,4,-130
1767173243.7502382,-1,5,-136
1767173243.7602382,-1,2,-129
1767173243.7702382,-5,0,-126
1767173243.7802382,-4,0,-122
1767173243.790238,-8,-2,-121
1767173243.800238,-9,-2,-123
1767173243.810238,-2,-7,-130
1767173243.820238,0,-2,-122
1767173243.830238,1,0,-116
1767173243.840238,2,1,-112
1767173243.850238,-3,0,-117
1767173243.860238,-7,-1,-121
1767173243.870238,-5,0,-120
1767173243.880238,-2,2,-121
1767173243.890238,-3,0,-119
1767173243.900238,2,0,-117
1767173243.9102385,2,0,-125
1767173243.9202385,1,2,-124
1767173243.9302382,2,2,-122
1767173243.9402382,-1,3,-124
1767173243.9502382,-3,3,-125
1767173243.9602382,0,7,-134
1767173243.9702382,0,6,-137
1767173243.9802382,1,5,-134
1767173243.9902382,0,5,-124
1767173244.0002382,-1,-1,-123
1767173244.0102382,-5,0,-121
1767173244.021238,-5,4,-126
1767173244.0302382,-1,3,-123
1767173244.040238,-4,3,-121
1767173244.050238,0,0,-120
1767173244.060238,2,-3,-119
1767173244.071238,1,-2,-120
1767173244.0812385,0,-2,-126
1767173244.0912385,1,0,-132
1767173244.1012385,-1,-2,-129
1767173244.1112382,-4,-6,-125
1767173244.1212382,0,-4,-125
1767173244.1312382,-1,-2,-121
1767173244.1412382,-1,-1,-118
1767173244.1512382,2,0,-119
1767173244.1612382,1,-3,-124
1767173244.1712382,-4,-4,-127
1767173244.1812382,-2,-3,-130
1767173244.1912382,1,-3,-127
1767173244.2012382,2,-4,-130
1767173244.211238,0,-6,-129
1767173244.221238,-3,-4,-133
1767173244.231238,-4,-1,-133
1767173244.241238,-5,0,-129
1767173244.251238,-1,1,-125
1767173244.261238,2,0,-119
1767173244.271238,6,0,-117
1767173244.281238,7,2,-118
1767173244.291238,5,1,-122
1767173244.301238,5,2,-119
1767173244.311238,4,0,-116
1767173244.321238,2,1,-113
1767173244.3312385,-1,1,-119
1767173244.3412385,-3,0,-123
1767173244.3512385,0,1,-131
1767173244.3612382,1,2,-127
1767173244.3712382,0,2,-127
1767173244.3812382,-2,0,-131
1767173244.3912382,-1,1,-131
1767173244.4012382,-2,0,-131
1767173244.4112382,0,0,-127
1767173244.4212382,-4,4,-128
1767173244.4312382,-2,2,-126
1767173244.4412382,-1,2,-124
1767173244.4512382,-3,2,-128
1767173244.461238,-3,7,-129
1767173244.471238,-3,8,-122
1767173244.481238,-3,4,-121
1767173244.491238,-2,2,-123
1767173244.501238,-2,0,-125
1767173244.511238,0,1,-123
1767173244.521238,4,-1,-125
1767173244.531238,4,-8,-122
1767173244.541238,4,-10,-126
1767173244.551238,2,-6,-131
1767173244.561238,-3,-7,-135
1767173244.571238,-1,-2,-129
1767173244.5812385,-5,-3,-131
1767173244.5912385,-1,-5,-132
1767173244.6012385,2,-4,-131
1767173244.6112382,3,-7,-125
1767173244.6212382,2,-7,-124
1767173244.6312382,5,-8,-124
1767173244.6412382,0,-11,-120
1767173244.6512382,-2,-9,-125
1767173244.6612382,-4,-4,-123
1767173244.6712382,-2,-2,-118
1767173244.6812382,0,-3,-125
1767173244.6912382,0,0,-128
1767173244.7012382,-2,-2,-126
1767173244.711238,-1,-5,-129
1767173244.721238,-2,-1,-131
1767173244.731238,3,1,-131
1767173244.741238,6,0,-141
1767173244.751238,6,-1,-143
1767173244.761238,4,0,-143
1767173244.771238,4,0,-143
1767173244.781238,5,-1,-144
1767173244.791238,5,-2,-145
1767173244.801238,9,-6,-137
1767173244.811238,8,-4,-131
1767173244.821238,8,-3,-133
1767173244.8312385,5,-1,-131
1767173244.8412385,3,2,-131
1767173244.8512385,7,6,-130
1767173244.8612382,2,1,-139
1767173244.8712382,-4,0,-140
1767173244.8812382,-9,-2,-136
1767173244.8912382,-6,-6,-129
1767173244.9012382,0,-11,-129
1767173244.9112382,0,-8,-125
1767173244.9212382,1,-3,-124
1767173244.9312382,0,0,-124
1767173244.9412382,0,-2,-122
1767173244.9512382,0,-2,-121
1767173244.961238,0,-3,-121
1767173244.971238,-4,-3,-120
1767173244.981238,-4,-2,-122
1767173244.991238,-5,-1,-123
1767173245.001238,-7,-2,-121
1767173245.011238,-7,1,-116
1767173245.021238,-3,0,-121
1767173245.031238,-1,2,-121
1767173245.041238,-4,-1,-117
1767173245.051238,0,-1,-123
1767173245.061238,5,-2,-124
1767173245.071238,5,-5,-124
1767173245.0812385,1,-5,-129
1767173245.0912385,-1,1,-127
1767173245.1012385,-1,1,-125
1767173245.1112382,-3,4,-126
1767173245.1212382,0,1,-123
1767173245.1312382,-1,2,-130
1767173245.1412382,0,0,-130
1767173245.1512382,3,-5,-121
1767173245.1612382,5,-7,-127
1767173245.1712382,2,-5,-138
1767173245.1812382,1,-6,-138
1767173245.1912382,0,-5,-132
1767173245.2012382,-1,1,-128
1767173245.211238,0,0,-118
1767173245.221238,2,-3,-118
1767173245.231238,0,-1,-118
1767173245.241238,2,-3,-119
1767173245.251238,1,-4,-122
1767173245.261238,0,-2,-125
1767173245.271238,1,-5,-128
1767173245.281238,0,-1,-128
1767173245.291238,5,-3,-127
1767173245.301238,1,-4,-126
1767173245.311238,1,-4,-127
1767173245.321238,-4,-3,-122
1767173245.3312385,-3,-6,-125
1767173245.3522382,-7,-4,-127
1767173245.3612382,-9,-6,-128
1767173245.3712382,-3,-9,-123
1767173245.3812382,-7,-6,-122
1767173245.3912382,-13,-7,-120
1767173245.4012382,-7,-4,-115
1767173245.4112382,-8,-3,-115
1767173245.4212382,-6,-7,-119
1767173245.4312382,-6,-5,-116
1767173245.4412382,-1,-2,-123
1767173245.4512382,-3,-1,-127
1767173245.461238,-4,0,-126
1767173245.471238,0,0,-125
1767173245.481238,3,1,-131
1767173245.491238,1,0,-139
1767173245.501238,0,-6,-139
1767173245.511238,0,-4,-137
1767173245.521238,-2,-4,-131
1767173245.531238,-4,-3,-126
1767173245.541238,-5,-7,-123
1767173245.551238,-6,-6,-125
1767173245.561238,-5,-7,-129
1767173245.571238,-8,-6,-131
1767173245.5812385,-11,-5,-126
1767173245.5912385,-6,-8,-122
1767173245.6012385,-5,-10,-120
1767173245.6112382,-1,-9,-119
1767173245.6212382,-1,-8,-122
1767173245.6312382,-2,-4,-120
1767173245.6412382,-8,0,-120
1767173245.6512382,-2,2,-125
1767173245.6612382,1,-1,-121
1767173245.6712382,0,-3,-123
1767173245.6812382,1,0,-128
1767173245.6912382,-2,1,-128
1767173245.7012382,0,2,-127
1767173245.711238,2,2,-126
1767173245.721238,0,0,-128
1767173245.731238,3,-5,-136
1767173245.741238,4,-5,-142
1767173245.751238,2,-5,-139
1767173245.761238,1,-1,-136
1767173245.771238,0,-2,-129
1767173245.781238,-2,-3,-135
1767173245.791238,-3,0,-134
1767173245.801238,-5,-1,-133
1767173245.811238,-7,-2,-130
1767173245.821238,-1,-2,-134
1767173245.8312385,4,-3,-134
1767173245.8412385,7,-6,-127
1767173245.8512385,4,-2,-130
1767173245.8612382,3,-6,-128
1767173245.8712382,4,-5,-131
1767173245.8812382,-1,-3,-125
1767173245.8912382,-2,-6,-128
1767173245.9012382,0,-3,-124
1767173245.9112382,0,0,-121
1767173245.9212382,-1,2,-124
1767173245.9312382,0,0,-132
1767173245.9412382,2,-5,-129
1767173245.9512382,1,-4,-130
1767173245.961238,0,-2,-129
1767173245.971238,0,-3,-130
1767173245.981238,-2,-3,-128
1767173245.991238,-2,0,-132
1767173246.001238,-3,1,-133
1767173246.011238,-3,-3,-130
1767173246.021238,-3,1,-127
1767173246.031238,0,3,-131
1767173246.041238,3,3,-125
1767173246.051238,3,0,-122
1767173246.061238,6,0,-126
1767173246.071238,4,0,-128
1767173246.0812385,0,5,-128
1767173246.0912385,-4,4,-129
1767173246.1012385,-2,2,-127
1767173246.1112382,1,2,-124
1767173246.1212382,0,-1,-124
1767173246.1312382,0,-1,-130
1767173246.1412382,3,0,-131
1767173246.1512382,0,0,-131
1767173246.1612382,1,-2,-131
1767173246.1712382,-3,-1,-126
1767173246.1812382,-3,1,-132
1767173246.1912382,-2,3,-129
1767173246.2012382,-2,2,-131
1767173246.211238,-2,4,-130
1767173246.221238,-1,4,-129
1767173246.231238,0,1,-125
1767173246.241238,1,2,-125
1767173246.251238,4,2,-129
1767173246.261238,-2,1,-133
1767173246.271238,-6,0,-135
1767173246.281238,-7,0,-130
1767173246.291238,-4,-1,-125
1767173246.301238,-5,-1,-123
1767173246.311238,-3,-4,-128
1767173246.321238,-1,-3,-127
1767173246.3312385,-4,-5,-127
1767173246.3412385,-5,-3,-124
1767173246.3512385,-1,-6,-128
1767173246.3612382,0,-3,-129
1767173246.3712382,2,-2,-129
1767173246.3812382,0,-2,-125
1767173246.3912382,-3,-1,-124
1767173246.4012382,-7,0,-121
1767173246.4112382,-4,-2,-130
1767173246.4212382,-3,0,-126
1767173246.4312382,-3,0,-124
1767173246.4412382,0,0,-128
1767173246.452238,-1,4,-133
1767173246.461238,1,-1,-132
1767173246.471238,3,0,-135
1767173246.481238,2,0,-132
1767173246.491238,4,2,-134
1767173246.501238,1,0,-132
1767173246.511238,0,-3,-130
1767173246.521238,0,-3,-128
1767173246.531238,1,-5,-127
1767173246.541238,0,-5,-125
1767173246.551238,5,-8,-125
1767173246.561238,6,-4,-129
1767173246.571238,8,-1,-128
1767173246.5812385,4,-2,-128
1767173246.5912385,2,-3,-137
1767173246.6012385,0,-3,-139
1767173246.6112382,-3,-6,-142
1767173246.6222382,-3,-3,-137
1767173246.6312382,1,-2,-132
1767173246.6412382,5,1,-128
1767173246.6512382,5,0,-124
1767173246.662238,0,-2,-122
1767173246.672238,-3,0,-121
1767173246.682238,0,5,-121
1767173246.6912382,0,7,-124
1767173246.702238,4,4,-129
1767173246.712238,3,4,-127
1767173246.722238,-2,7,-125
1767173246.732238,-1,7,-126
1767173246.742238,-4,5,-122
1767173246.752238,-2,4,-118
1767173246.7622385,-1,0,-113
1767173246.7722385,-5,0,-107
1767173246.7822382,1,0,-111
1767173246.7922382,-3,-1,-119
1767173246.8022382,-3,1,-123
1767173246.8122382,-4,4,-132
1767173246.8222382,-4,3,-134
1767173246.8322382,-1,6,-138
1767173246.8422382,-1,2,-138
1767173246.8522382,-6,8,-132
1767173246.8622382,-8,8,-131
1767173246.8722382,-7,8,-129
1767173246.882238,-9,8,-131
1767173246.892238,-4,5,-129
1767173246.902238,-7,3,-126
1767173246.912238,-6,3,-123
1767173246.922238,-9,1,-119
1767173246.932238,-7,-1,-119
1767173246.942238,-4,-3,-120
1767173246.952238,-6,0,-130
1767173246.962238,-6,-4,-130
1767173246.972238,-2,-2,-124
1767173246.982238,-2,-2,-124
1767173246.992238,0,-6,-119
1767173247.002238,0,-4,-125
1767173247.0122385,-3,-3,-124
1767173247.0222385,-4,-2,-119
1767173247.0322382,-5,-1,-122
1767173247.0422382,-4,-1,-120
1767173247.0522382,-3,-1,-117
1767173247.0622382,-3,-5,-115
1767173247.0722382,-3,-3,-115
1767173247.0822382,-3,0,-116
1767173247.0922382,-5,2,-114
1767173247.1022382,-3,0,-116
1767173247.1122382,-2,-1,-118
1767173247.1222382,-3,-1,-120
1767173247.132238,-3,1,-125
1767173247.142238,0,4,-126
1767173247.152238,0,7,-128
1767173247.162238,2,5,-130
1767173247.172238,0,7,-131
1767173247.182238,0,8,-135
1767173247.192238,2,8,-140
1767173247.202238,-3,6,-145
1767173247.212238,-1,3,-145
1767173247.222238,0,0,-142
1767173247.232238,2,1,-139
1767173247.242238,3,6,-126
1767173247.252238,2,4,-131
1767173247.2622385,4,6,-140
1767173247.2722385,0,5,-140
1767173247.2822382,5,5,-133
1767173247.2922382,4,4,-127
1767173247.3022382,3,-2,-125
1767173247.3122382,0,-2,-130
1767173247.3222382,0,0,-129
1767173247.3322382,0,3,-134
1767173247.3422382,1,0,-136
1767173247.3522382,0,-5,-135
1767173247.3622382,0,-3,-121
1767173247.3722382,5,3,-123
1767173247.382238,6,5,-118
1767173247.392238,5,1,-116
1767173247.402238,4,0,-119
1767173247.412238,3,0,-122
1767173247.422238,2,0,-121
1767173247.432238,3,0,-120
1767173247.442238,6,-1,-125
1767173247.452238,4,0,-124
1767173247.462238,1,0,-123
1767173247.472238,-3,-4,-125
1767173247.482238,-2,-6,-125
1767173247.492238,0,-4,-124
1767173247.502238,-2,-4,-117
1767173247.5122385,-4,-4,-118
1767173247.5222385,0,-5,-120
1767173247.5322382,-3,-7,-126
1767173247.5422382,-3,-8,-121
1767173247.5522382,0,-10,-113
1767173247.5622382,0,-9,-117
1767173247.5722382,-1,-7,-117
1767173247.5822382,-3,-8,-119
1767173247.5922382,-4,-5,-121
1767173247.6022382,-3,-6,-123
1767173247.6122382,-4,-2,-121
1767173247.6222382,-1,1,-119
1767173247.632238,-1,-1,-123
1767173247.642238,0,-1,-119
1767173247.652238,0,-3,-119
1767173247.662238,4,-5,-122
1767173247.672238,0,-6,-122
1767173247.682238,-4,-1,-125
1767173247.692238,-5,-3,-129
1767173247.702238,-4,-5,-126
1767173247.712238,-3,-2,-130
1767173247.722238,0,-8,-129
1767173247.732238,-2,-9,-131
1767173247.742238,-2,-7,-124
1767173247.752238,-4,-9,-121
1767173247.7622385,-1,-6,-121
1767173247.7722385,0,-4,-126
1767173247.7822382,1,-5,-125
1767173247.7922382,-4,-5,-122
1767173247.8022382,-5,-6,-119
1767173247.8122382,-4,-8,-118
1767173247.8222382,-2,-9,-118
1767173247.8322382,0,-5,-121
1767173247.8422382,0,-5,-125
1767173247.8522382,0,-2,-132
1767173247.8622382,0,-1,-132
1767173247.8722382,2,0,-129
1767173247.882238,2,1,-128
1767173247.892238,0,0,-127
1767173247.902238,0,0,-123
1767173247.912238,2,2,-124
1767173247.922238,2,2,-129
1767173247.932238,1,2,-131
1767173247.942238,0,2,-132
1767173247.952238,0,2,-137
1767173247.962238,0,0,-133
1767173247.972238,0,0,-126
1767173247.982238,3,2,-123
1767173247.992238,6,0,-119
1767173248.002238,1,1,-119
1767173248.0122385,2,2,-125
1767173248.0222385,0,-1,-125
1767173248.0322382,-1,0,-130
1767173248.0422382,-2,3,-128
1767173248.0522382,-5,5,-134
1767173248.0622382,-3,3,-133
1767173248.0722382,-10,0,-129
1767173248.0822382,-10,-3,-126
1767173248.0922382,-8,-3,-120
1767173248.1022382,-2,-6,-116
1767173248.1122382,-3,-6,-120
1767173248.1222382,-5,-2,-128
1767173248.132238,-3,-3,-121
1767173248.142238,-1,-2,-123
1767173248.152238,-2,-1,-121
1767173248.162238,-1,-2,-120
1767173248.172238,1,-3,-121
1767173248.182238,1,0,-120
1767173248.192238,1,1,-120
1767173248.202238,4,0,-123
1767173248.212238,2,1,-128
1767173248.222238,1,0,-130
1767173248.232238,0,-3,-129
1767173248.242238,3,-2,-137
1767173248.252238,0,-4,-129
1767173248.2622385,0,-6,-124
1767173248.2722385,-2,-4,-127
1767173248.2822382,2,-3,-128
1767173248.2922382,2,-2,-129
1767173248.3022382,-1,0,-134
1767173248.3122382,-2,0,-131
1767173248.3222382,-4,-2,-126
1767173248.3322382,-6,-6,-132
1767173248.3422382,-2,-5,-130
1767173248.3522382,-1,-6,-125
1767173248.3622382,-2,-2,-128
1767173248.3722382,0,-2,-126
1767173248.382238,-4,-1,-130
1767173248.392238,-2,2,-126
1767173248.402238,0,1,-129
1767173248.412238,-1,0,-131
1767173248.422238,4,2,-129
1767173248.432238,6,5,-130
1767173248.442238,7,5,-129
1767173248.452238,3,3,-126
1767173248.462238,2,1,-129
1767173248.472238,-2,5,-122
1767173248.482238,-3,0,-122
1767173248.492238,0,-2,-126
1767173248.502238,1,-5,-129
1767173248.5122385,10,3,-132
1767173248.5222385,13,0,-133
1767173248.5322382,14,0,-129
1767173248.5422382,16,4,-125
1767173248.5522382,14,3,-125
1767173248.5622382,18,3,-119
1767173248.5722382,13,3,-119
1767173248.5822382,13,-1,-119
1767173248.5922382,11,-2,-119
1767173248.6022382,6,0,-127
1767173248.6122382,0,3,-127
1767173248.6222382,-3,1,-127
1767173248.632238,-3,-2,-128
1767173248.642238,-2,-4,-127
1767173248.652238,-4,-4,-127
1767173248.662238,-2,-7,-125
1767173248.672238,-3,-5,-123
1767173248.682238,-1,-3,-133
1767173248.692238,2,-5,-133
1767173248.702238,-2,-2,-135
1767173248.712238,-1,-1,-126
1767173248.722238,-4,-2,-127
1767173248.732238,-8,-5,-129
1767173248.742238,-1,-2,-130
1767173248.752238,-6,-5,-130
1767173248.7622385,-6,-5,-126
1767173248.7722385,-1,-4,-129
1767173248.7822382,0,-2,-132
1767173248.7922382,0,1,-127
1767173248.8022382,0,0,-128
1767173248.8122382,1,-1,-133
1767173248.8222382,0,1,-135
1767173248.8322382,0,2,-140
1767173248.8422382,1,-1,-146
1767173248.8522382,4,0,-139
1767173248.8622382,4,-1,-133
1767173248.8722382,2,-1,-130
1767173248.882238,-2,-3,-133
1767173248.892238,0,-4,-133
1767173248.902238,-2,-3,-135
1767173248.912238,-2,0,-138
1767173248.922238,2,-1,-135
1767173248.932238,2,0,-133
1767173248.942238,6,1,-132
1767173248.952238,5,-2,-129
1767173248.962238,5,0,-125
1767173248.972238,2,0,-126
1767173248.982238,-1,-3,-126
1767173248.992238,-4,-6,-126
1767173249.002238,-3,-8,-132
1767173249.0122385,-6,-8,-126
1767173249.0222385,-8,-8,-126
1767173249.0322382,-3,-4,-133
1767173249.0422382,-3,-4,-135
1767173249.0522382,-3,-5,-133
1767173249.0622382,-1,-1,-133
1767173249.0722382,1,-3,-131
1767173249.0822382,0,-3,-130
1767173249.0922382,1,-6,-125
1767173249.1022382,-4,-4,-122
1767173249.1122382,-5,-8,-120
1767173249.1222382,-2,-6,-120
1767173249.132238,-2,-5,-123
1767173249.142238,0,-7,-124
1767173249.152238,2,-3,-132
1767173249.162238,2,-5,-128
1767173249.172238,-2,-4,-123
1767173249.182238,3,-2,-127
1767173249.192238,2,-3,-128
1767173249.202238,2,0,-130
1767173249.212238,4,0,-135
1767173249.222238,5,2,-134
1767173249.232238,5,2,-127
1767173249.242238,4,0,-122
1767173249.252238,6,-1,-118
1767173249.2622385,0,-1,-119
1767173249.2722385,0,-3,-120
1767173249.2822382,-1,-1,-123
1767173249.2922382,-1,0,-130
1767173249.3022382,0,-1,-130
1767173249.313238,0,2,-125
1767173249.323238,2,4,-127
1767173249.333238,1,6,-130
1767173249.343238,1,2,-125
1767173249.353238,0,2,-125
1767173249.363238,-2,2,-131
1767173249.373238,0,2,-134
1767173249.383238,-2,0,-137
1767173249.393238,-1,2,-139
1767173249.403238,-6,3,-135
1767173249.413238,-2,2,-128
1767173249.423238,-4,1,-130
1767173249.4332385,-4,-1,-128
1767173249.4432385,3,-2,-129
1767173249.4532382,0,-6,-129
1767173249.4632382,1,-8,-132
1767173249.4732382,0,-9,-130
1767173249.4832382,1,-8,-128
1767173249.4932382,3,-7,-129
1767173249.5032382,2,-3,-128
1767173249.5132382,-5,0,-126
1767173249.524238,-5,-1,-128
1767173249.5332382,-4,0,-125
1767173249.5432382,0,0,-127
1767173249.5532382,1,2,-133
1767173249.563238,4,1,-131
1767173249.573238,7,4,-124
1767173249.583238,7,1,-123
1767173249.593238,1,-3,-124
1767173249.603238,1,-1,-120
1767173249.613238,-3,-1,-118
1767173249.623238,-6,-6,-118
1767173249.633238,-8,-7,-112
1767173249.643238,-4,-11,-117
1767173249.653238,0,-7,-124
1767173249.663238,0,-4,-129
1767173249.673238,1,0,-127
1767173249.6832385,-1,-3,-126
1767173249.6932385,-5,-1,-129
1767173249.7032382,-6,1,-127
1767173249.7132382,-5,-1,-128
1767173249.7232382,-2,-3,-130
1767173249.7332382,0,-1,-127
1767173249.7432382,-3,0,-118
1767173249.7532382,0,0,-117
1767173249.7632382,1,1,-118
1767173249.7732382,4,0,-128
1767173249.7832382,1,0,-128
1767173249.7932382,-2,5,-126
1767173249.8032382,-4,3,-125
1767173249.813238,-1,4,-120
1767173249.823238,-2,1,-121
1767173249.833238,-7,4,-124
1767173249.843238,-6,3,-126
1767173249.853238,-7,1,-132
1767173249.863238,-7,-1,-135
1767173249.873238,0,1,-132
1767173249.883238,-4,-3,-131
1767173249.893238,-4,-5,-130
1767173249.903238,-2,-5,-130
1767173249.913238,0,-2,-132
1767173249.923238,0,-5,-130
1767173249.9332385,0,-4,-130
1767173249.9432385,0,-2,-131
1767173249.9532382,0,-6,-138
1767173249.9632382,0,-8,-136
1767173249.9732382,0,-7,-138
1767173249.9832382,1,-8,-137
1767173249.9932382,2,-5,-137
1767173250.0032382,3,-6,-139
1767173250.0132382,6,-3,-138
1767173250.0232382,3,0,-132
1767173250.0332382,0,1,-130
1767173250.0432382,1,1,-135
1767173250.0532382,5,0,-129
1767173250.063238,-1,-1,-131
1767173250.073238,-6,-4,-126
1767173250.083238,-3,-5,-125
1767173250.093238,-3,-3,-127
1767173250.103238,-2,-3,-130
1767173250.113238,1,-2,-127
1767173250.123238,-2,-3,-129
1767173250.133238,-4,-3,-127
1767173250.143238,0,-4,-126
1767173250.153238,-3,-4,-125
1767173250.163238,-2,1,-123
1767173250.173238,-4,-2,-125
1767173250.1832385,-2,0,-120
1767173250.1932385,1,-3,-122
1767173250.2032382,3,-2,-125
1767173250.2132382,1,2,-133
1767173250.2232382,-2,0,-139
1767173250.2332382,-5,-2,-133
1767173250.2432382,0,2,-138
1767173250.2532382,0,0,-133
1767173250.2632382,0,-6,-139
1767173250.2732382,4,-6,-132
1767173250.2832382,6,-6,-127
1767173250.2932382,8,-2,-127
1767173250.3032382,6,-3,-127
1767173250.313238,0,-4,-125
1767173250.323238,-2,-3,-126
1767173250.333238,-4,-8,-130
1767173250.343238,-4,-6,-135
1767173250.3652382,0,-4,-132
1767173250.373238,-2,-3,-133
1767173250.383238,-2,-4,-128
1767173250.393238,-2,-2,-119
1767173250.403238,-3,1,-122
1767173250.413238,-2,0,-124
1767173250.423238,-3,1,-128
1767173250.4332385,-3,-2,-129
1767173250.4432385,-1,-4,-139
1767173250.4532382,0,-2,-134
1767173250.4632382,4,-1,-133
1767173250.4732382,4,-1,-138
1767173250.4832382,6,-2,-134
1767173250.4932382,5,-4,-136
1767173250.5032382,5,-5,-131
1767173250.5132382,4,-3,-130
1767173250.5232382,0,-1,-128
1767173250.5332382,-7,-2,-126
1767173250.5432382,-7,-6,-131
1767173250.5532382,-7,-4,-127
1767173250.563238,-6,-6,-129
1767173250.573238,-5,-7,-131
1767173250.583238,-3,-8,-134
1767173250.593238,-3,-8,-132
1767173250.603238,-6,-6,-129
1767173250.613238,-9,-1,-135
1767173250.623238,-9,2,-130
1767173250.633238,-4,-3,-128
1767173250.643238,-8,0,-130
1767173250.653238,-5,1,-132
1767173250.663238,0,0,-132
1767173250.673238,0,0,-126
1767173250.6832385,3,1,-125
1767173250.6932385,2,0,-128
1767173250.7032382,0,-1,-130
1767173250.7132382,0,-1,-130
1767173250.7232382,3,-1,-131
1767173250.7332382,0,0,-132
1767173250.7432382,1,-3,-130
1767173250.7532382,2,-6,-130
1767173250.7632382,3,-12,-125
1767173250.7732382,4,-13,-125
1767173250.7832382,-6,-13,-129
1767173250.7932382,-8,-10,-131
1767173250.8032382,-2,-11,-135
1767173250.813238,-3,-6,-135
1767173250.823238,-5,-1,-132
1767173250.833238,-3,1,-131
1767173250.843238,-2,0,-134
1767173250.853238,-1,-2,-127
1767173250.863238,-2,-1,-124
1767173250.873238,-1,0,-118
1767173250.883238,-1,-2,-120
1767173250.893238,-1,-2,-121
1767173250.903238,5,-2,-121
1767173250.913238,4,-3,-127
1767173250.923238,2,-7,-128
1767173250.9332385,1,-8,-129
1767173250.9432385,4,-5,-130
1767173250.9532382,3,-2,-129
1767173250.9632382,-3,1,-135
1767173250.9732382,-5,2,-131
1767173250.9832382,-2,4,-129
1767173250.9932382,-2,0,-130
1767173251.0032382,-5,-1,-133
1767173251.0132382,-3,0,-126
1767173251.0232382,-3,1,-118
1767173251.0332382,0,0,-118
1767173251.0432382,4,0,-124
1767173251.0532382,7,-1,-129
1767173251.063238,7,-2,-131
1767173251.073238,5,0,-132
1767173251.083238,2,1,-125
1767173251.093238,4,3,-124
1767173251.103238,5,2,-124
1767173251.113238,3,0,-125
1767173251.123238,0,-2,-126
1767173251.133238,-3,0,-130
1767173251.143238,4,0,-125
1767173251.153238,8,-2,-121
1767173251.163238,1,-3,-129
1767173251.173238,-2,-5,-130
1767173251.1832385,-5,-3,-132
1767173251.1932385,-3,2,-127
1767173251.2032382,-3,3,-132
1767173251.2132382,0,1,-135
1767173251.2232382,3,-1,-138
1767173251.2332382,1,0,-133
1767173251.2432382,4,-1,-131
1767173251.2532382,4,-1,-124
1767173251.2632382,1,0,-129
1767173251.2732382,0,-1,-128
1767173251.2832382,0,-6,-129
1767173251.2932382,-3,-6,-128
1767173251.3032382,1,-1,-122
1767173251.313238,1,-4,-114
1767173251.323238,0,-4,-125
1767173251.333238,-1,-4,-128
1767173251.343238,-1,-5,-130
1767173251.353238,0,-6,-129
1767173251.363238,0,-4,-134
1767173251.373238,1,-1,-128
1767173251.383238,0,-6,-129
1767173251.393238,5,-5,-131
1767173251.403238,3,-4,-129
1767173251.413238,9,-4,-132
1767173251.423238,10,-2,-132
1767173251.4332385,6,0,-123
1767173251.4432385,1,3,-125
1767173251.4532382,4,6,-129
1767173251.4632382,-1,3,-129
1767173251.4732382,-3,0,-130
1767173251.4832382,-1,0,-139
1767173251.4932382,0,0,-140
1767173251.5032382,0,0,-132
1767173251.5132382,0,-2,-127
1767173251.5232382,-2,-2,-127
1767173251.5332382,1,0,-132
1767173251.5432382,1,-1,-132
1767173251.5532382,0,-4,-131
1767173251.563238,1,-6,-136
1767173251.573238,2,-4,-131
1767173251.583238,0,-3,-132
1767173251.593238,1,0,-136
1767173251.603238,0,-1,-137
1767173251.613238,-1,-2,-131
1767173251.623238,0,-3,-126
1767173251.633238,-1,-2,-129
1767173251.643238,-4,0,-132
1767173251.653238,0,0,-129
1767173251.663238,-2,0,-131
1767173251.673238,1,-4,-131
1767173251.6832385,2,-7,-132
1767173251.6932385,2,-3,-132
1767173251.7032382,2,-2,-128
1767173251.7132382,1,0,-126
1767173251.7232382,3,3,-121
1767173251.7332382,1,0,-125
1767173251.7432382,-2,1,-119
1767173251.7532382,0,1,-124
1767173251.7632382,4,0,-124
1767173251.7732382,2,-4,-125
1767173251.7832382,2,-4,-123
1767173251.7932382,4,-7,-123
1767173251.8032382,2,-6,-128
1767173251.813238,2,-3,-126
1767173251.823238,1,-1,-130
1767173251.833238,-1,0,-134
1767173251.843238,-4,0,-129
1767173251.853238,-1,0,-128
1767173251.863238,-5,0,-125
1767173251.873238,-5,4,-126
1767173251.883238,-5,2,-128
1767173251.8942382,0,5,-126
1767173251.903238,0,5,-118
1767173251.913238,-3,4,-115
1767173251.9242382,-4,2,-114
1767173251.9332385,-7,-3,-115
1767173251.9442382,-5,-9,-122
1767173251.9542382,1,-10,-126
1767173251.9642382,6,-12,-122
1767173251.9742382,5,-10,-129
1767173251.984238,0,-8,-122
1767173251.994238,-1,-9,-125
1767173252.004238,3,-8,-127
1767173252.014238,1,-2,-126
1767173252.024238,4,1,-121
1767173252.034238,6,4,-120
1767173252.044238,4,2,-118
1767173252.054238,5,0,-122
1767173252.064238,4,-4,-125
1767173252.074238,0,-4,-127
1767173252.084238,2,-4,-128
1767173252.094238,3,-4,-134
1767173252.1042385,7,-3,-135
1767173252.1142385,6,-2,-125
1767173252.1242385,4,-5,-129
1767173252.1342382,6,0,-125
1767173252.1442382,8,-3,-122
1767173252.1542382,4,-7,-120
1767173252.1642382,1,-6,-121
1767173252.1742382,-2,-5,-119
1767173252.1842382,-6,-3,-119
1767173252.1942382,-3,-2,-129
1767173252.2042382,0,-3,-126
1767173252.2142382,0,0,-122
1767173252.2242382,1,0,-129
1767173252.234238,2,0,-131
1767173252.244238,-1,0,-127
1767173252.254238,0,0,-125
1767173252.264238,-5,1,-127
1767173252.274238,-3,0,-138
1767173252.284238,-4,1,-134
1767173252.294238,-5,-1,-138
1767173252.304238,-6,-3,-135
1767173252.314238,-5,-1,-133
1767173252.324238,0,0,-134
1767173252.334238,-1,0,-136
1767173252.344238,0,3,-134
1767173252.3542385,-1,2,-132
1767173252.3642385,-5,0,-133
1767173252.3742385,-7,4,-134
1767173252.3842382,-7,0,-132
1767173252.3942382,-4,0,-133
1767173252.4042382,-4,0,-139
1767173252.4142382,-7,0,-139
1767173252.4242382,-5,0,-130
1767173252.4342382,-3,-1,-129
1767173252.4442382,-1,1,-132
1767173252.4542382,-4,0,-129
1767173252.4642382,-3,0,-129
1767173252.4742382,-4,2,-124
1767173252.484238,-3,1,-120
1767173252.494238,-2,0,-119
1767173252.504238,-3,-3,-123
1767173252.514238,-4,0,-126
1767173252.524238,-5,-1,-130
1767173252.534238,-5,0,-130
1767173252.544238,-5,-1,-132
1767173252.554238,-4,-4,-132
1767173252.564238,-1,-1,-132
1767173252.574238,-2,-4,-131
1767173252.584238,-1,0,-133
1767173252.594238,-3,1,-136
1767173252.6042385,-4,0,-132
1767173252.6142385,-3,2,-132
1767173252.6242385,0,4,-134
1767173252.6342382,0,3,-135
1767173252.6442382,2,4,-133
1767173252.6542382,0,0,-130
1767173252.6642382,-1,0,-134
1767173252.6742382,-6,-2,-132
1767173252.6842382,-1,-6,-128
1767173252.6942382,-1,-5,-132
1767173252.7042382,0,-6,-131
1767173252.7142382,-1,-8,-135
1767173252.7242382,-2,-6,-132
1767173252.734238,1,-5,-125
1767173252.744238,1,-1,-122
1767173252.754238,0,-2,-123
1767173252.764238,-2,-2,-125
1767173252.774238,-3,0,-124
1767173252.784238,0,0,-122
1767173252.794238,-2,0,-124
1767173252.804238,-1,-2,-126
1767173252.814238,3,0,-121
1767173252.824238,2,-1,-122
1767173252.834238,2,0,-123
1767173252.844238,4,-1,-120
1767173252.8542385,0,-1,-118
1767173252.8642385,0,-2,-120
1767173252.8742385,-1,-3,-121
1767173252.8842382,0,-4,-125
1767173252.8942382,2,0,-126
1767173252.9042382,0,-2,-122
1767173252.9142382,0,-1,-119
1767173252.9242382,-1,-1,-124
1767173252.9342382,0,-1,-123
1767173252.9442382,4,-2,-118
1767173252.9542382,8,-3,-119
1767173252.9642382,6,-5,-120
1767173252.9742382,5,-2,-121
1767173252.984238,2,-1,-118
1767173252.994238,0,-1,-121
1767173253.004238,5,-3,-127
1767173253.014238,4,-3,-122
1767173253.024238,5,-6,-129
1767173253.034238,4,-3,-126
1767173253.044238,-1,-4,-123
1767173253.054238,1,0,-127
1767173253.064238,-4,3,-125
1767173253.074238,-4,7,-129
1767173253.084238,-4,6,-128
1767173253.094238,-6,7,-124
1767173253.1042385,-5,7,-122
1767173253.1142385,-4,4,-122
1767173253.1242385,-6,5,-121
1767173253.1342382,-6,7,-120
1767173253.1442382,-7,3,-124
1767173253.1542382,-9,0,-128
1767173253.1642382,-9,0,-130
1767173253.1742382,-6,-4,-130
1767173253.1842382,-3,-5,-129
1767173253.1942382,0,-6,-124
1767173253.2042382,0,-6,-122
1767173253.2142382,-2,-5,-122
1767173253.2242382,0,-1,-126
1767173253.234238,0,0,-132
1767173253.244238,-1,0,-130
1767173253.254238,0,-4,-132
1767173253.264238,-6,-4,-134
1767173253.274238,-1,-2,-131
1767173253.284238,0,-2,-132
1767173253.294238,-1,-3,-130
1767173253.304238,0,0,-129
1767173253.314238,2,1,-130
1767173253.324238,0,-1,-126
1767173253.334238,1,-1,-126
1767173253.344238,0,2,-131
1767173253.3542385,-1,3,-127
1767173253.3642385,-5,5,-132
1767173253.3742385,-3,2,-130
1767173253.3842382,-2,-1,-127
1767173253.3942382,-3,-1,-127
1767173253.4042382,-4,-5,-125
1767173253.4142382,-7,-6,-123
1767173253.4242382,-7,-8,-123
1767173253.4342382,-10,-5,-126
1767173253.4442382,-8,-4,-128
1767173253.4542382,-6,-1,-130
1767173253.4642382,-5,-2,-137
1767173253.4742382,-5,-3,-137
1767173253.484238,-5,-2,-128
1767173253.494238,-6,-1,-129
1767173253.504238,-8,-4,-128
1767173253.514238,-6,-4,-131
1767173253.524238,-5,-2,-133
1767173253.534238,0,-7,-127
1767173253.544238,3,-6,-123
1767173253.554238,4,-2,-129
1767173253.564238,0,-3,-130
1767173253.574238,1,1,-132
1767173253.584238,3,1,-134
1767173253.594238,1,0,-137
1767173253.6042385,0,1,-136
1767173253.6142385,-3,-2,-137
1767173253.6242385,-3,-6,-134
1767173253.6342382,-2,-10,-131
1767173253.6442382,-4,-10,-135
1767173253.6542382,0,-9,-139
1767173253.6642382,2,-7,-135
1767173253.6742382,3,-2,-132
1767173253.6842382,1,1,-127
1767173253.6942382,-2,1,-127
1767173253.7042382,-1,-2,-124
1767173253.7142382,-2,-3,-128
1767173253.7242382,0,-1,-128
1767173253.734238,3,-1,-137
1767173253.744238,4,0,-140
1767173253.754238,0,-3,-140
1767173253.764238,-1,2,-143
1767173253.774238,-3,0,-139
1767173253.784238,1,0,-132
1767173253.794238,2,0,-137
1767173253.804238,5,0,-131
1767173253.814238,6,0,-127
1767173253.8252382,1,-1,-128
1767173253.834238,4,-1,-130
1767173253.844238,2,0,-134
1767173253.8542385,-1,0,-125
1767173253.8642385,0,-3,-122
1767173253.8742385,-1,0,-120
1767173253.8842382,-4,-2,-121
1767173253.8942382,-5,-3,-127
1767173253.9042382,-7,0,-130
1767173253.9142382,-8,6,-130
1767173253.9242382,-2,3,-128
1767173253.9342382,-4,0,-128
1767173253.9442382,-4,1,-127
1767173253.9542382,-4,1,-128
1767173253.9642382,-2,-4,-131
1767173253.9742382,1,-5,-129
1767173253.984238,2,-2,-123
1767173253.994238,0,-6,-115
1767173254.004238,1,-6,-112
1767173254.014238,7,-2,-114
1767173254.024238,7,-1,-121
1767173254.034238,6,0,-129
1767173254.044238,1,1,-128
1767173254.054238,4,2,-125
1767173254.064238,2,0,-123
1767173254.074238,1,-4,-131
1767173254.084238,-1,-1,-136
1767173254.094238,-1,-3,-129
1767173254.1042385,-4,0,-129
1767173254.1142385,-4,-1,-133
1767173254.1242385,0,-3,-128
1767173254.1342382,6,-2,-126
1767173254.1442382,6,-1,-130
1767173254.1542382,5,0,-132
1767173254.1642382,2,3,-129
1767173254.1742382,2,3,-126
1767173254.1842382,3,4,-129
1767173254.1942382,3,2,-136
1767173254.2042382,3,4,-135
1767173254.2142382,3,2,-133
1767173254.2242382,3,5,-140
1767173254.234238,1,2,-138
1767173254.244238,0,-1,-138
1767173254.254238,-1,-1,-127
1767173254.264238,-3,-2,-126
1767173254.274238,-3,-3,-125
1767173254.284238,0,-3,-125
1767173254.294238,1,-8,-123
1767173254.304238,4,-6,-114
1767173254.314238,1,-2,-116
1767173254.324238,0,-5,-118
1767173254.334238,5,-3,-124
1767173254.344238,3,-5,-128
1767173254.3542385,4,-6,-132
1767173254.3642385,4,-4,-127
1767173254.3742385,3,0,-122
1767173254.3842382,5,1,-124
1767173254.3942382,0,7,-126
1767173254.4042382,-1,7,-124
1767173254.4142382,0,7,-129
1767173254.4242382,-1,4,-131
1767173254.4342382,-3,3,-131
1767173254.4442382,0,7,-127
1767173254.4542382,-5,8,-127
1767173254.4642382,-4,9,-128
1767173254.4742382,-2,7,-136
1767173254.484238,-3,2,-134
1767173254.495238,-1,4,-132
1767173254.504238,1,5,-130
1767173254.514238,3,2,-125
1767173254.525238,2,0,-128
1767173254.5352385,3,1,-121
1767173254.544238,3,2,-116
1767173254.554238,4,5,-120
1767173254.5652382,4,5,-126
1767173254.5752382,8,1,-124
1767173254.5852382,11,-1,-131
1767173254.5952382,9,-5,-136
1767173254.6052382,8,-6,-133
1767173254.6152382,13,-7,-131
1767173254.6252382,12,-8,-130
1767173254.6352382,3,-11,-130
1767173254.6452382,0,-7,-127
1767173254.6552382,-4,-4,-119
1767173254.665238,-3,-6,-119
1767173254.675238,-1,-5,-120
1767173254.685238,4,-4,-130
1767173254.695238,7,-6,-132
1767173254.705238,4,-7,-136
1767173254.715238,5,-9,-131
1767173254.725238,6,-6,-126
1767173254.735238,8,-4,-122
1767173254.745238,5,-2,-127
1767173254.755238,3,-3,-127
1767173254.765238,5,-5,-129
1767173254.775238,4,-5,-133
1767173254.7852385,0,-4,-129
1767173254.7952385,-2,-5,-127
1767173254.8052382,-1,-4,-124
1767173254.8152382,0,-4,-119
1767173254.8252382,-3,-7,-116
1767173254.8352382,-4,-10,-115
1767173254.8452382,-2,-10,-121
1767173254.8552382,-4,-13,-122
1767173254.8652382,-4,-12,-126
1767173254.8752382,-2,-13,-132
1767173254.8852382,-2,-12,-130
1767173254.8952382,2,-11,-125
1767173254.9052382,4,-12,-127
1767173254.915238,4,-9,-129
1767173254.925238,0,-8,-129
1767173254.935238,-3,-4,-129
1767173254.945238,0,-2,-130
1767173254.955238,1,-7,-136
1767173254.965238,-1,-5,-135
1767173254.975238,1,-4,-134
1767173254.985238,0,0,-132
1767173254.995238,0,-2,-130
1767173255.005238,0,0,-138
1767173255.015238,5,0,-136
1767173255.025238,3,-3,-139
1767173255.0352385,1,-3,-130
1767173255.0452385,5,-5,-130
1767173255.0552382,5,-5,-126
1767173255.0652382,6,-6,-132
1767173255.0752382,8,-2,-131
1767173255.0852382,8,-4,-128
1767173255.0952382,9,-4,-129
1767173255.1052382,11,-1,-131
1767173255.1152382,9,1,-131
1767173255.1252382,6,2,-120
1767173255.1352382,6,0,-119
1767173255.1452382,0,2,-120
1767173255.1552382,1,1,-124
1767173255.165238,-2,0,-132
1767173255.175238,-1,1,-133
1767173255.185238,-2,-3,-124
1767173255.195238,-6,-5,-119
1767173255.205238,-3,-6,-117
1767173255.215238,-5,-5,-119
1767173255.225238,-1,-4,-120
1767173255.235238,0,-4,-124
1767173255.245238,-3,0,-122
1767173255.255238,1,0,-127
1767173255.265238,2,-2,-129
1767173255.275238,1,-2,-125
1767173255.2852385,-1,0,-124
1767173255.2952385,-2,-1,-124
1767173255.3052382,-3,-1,-122
1767173255.3152382,0,-1,-127
1767173255.3252382,3,-3,-129
1767173255.3352382,2,-3,-127
1767173255.3452382,-1,0,-127
1767173255.3552382,-2,-2,-133
1767173255.376238,0,-4,-137
1767173255.3852382,1,-2,-135
1767173255.3952382,-2,-3,-135
1767173255.4052382,-5,-1,-135
1767173255.415238,0,1,-131
1767173255.425238,0,-5,-131
1767173255.435238,0,-7,-127
1767173255.445238,-1,-5,-123
1767173255.455238,-1,-6,-116
1767173255.465238,0,-4,-116
1767173255.475238,1,-1,-117
1767173255.485238,5,-3,-120
1767173255.495238,6,-6,-114
1767173255.505238,7,-2,-114
1767173255.515238,8,2,-113
1767173255.525238,5,3,-121
1767173255.5352385,4,2,-123
1767173255.5452385,5,2,-130
1767173255.5552382,2,0,-129
1767173255.5652382,2,0,-133
1767173255.5752382,0,0,-126
1767173255.5852382,-5,1,-131
1767173255.5952382,-4,-1,-134
1767173255.6052382,-3,3,-129
1767173255.6152382,0,3,-123
1767173255.6252382,1,0,-126
1767173255.6352382,-5,-1,-129
1767173255.6452382,-5,0,-128
1767173255.6552382,-5,-1,-125
1767173255.665238,-5,-1,-128
1767173255.675238,0,2,-133
1767173255.685238,4,3,-134
1767173255.695238,5,3,-138
1767173255.705238,6,3,-130
1767173255.715238,-2,3,-125
1767173255.725238,-2,-1,-133
1767173255.735238,0,-5,-134
1767173255.745238,0,-3,-129
1767173255.755238,-4,0,-120
1767173255.765238,-1,-2,-125
1767173255.775238,0,-3,-128
1767173255.7852385,2,-4,-130
1767173255.7952385,1,-3,-130
1767173255.8052382,0,-8,-122
1767173255.8152382,-7,-1,-118
1767173255.8252382,-10,-3,-121
1767173255.8352382,-10,-5,-127
1767173255.8452382,-7,-5,-125
1767173255.8552382,-6,-6,-126
1767173255.8652382,0,-4,-128
1767173255.8752382,4,1,-125
1767173255.8852382,1,4,-124
1767173255.8952382,-2,3,-127
1767173255.9052382,-3,0,-130
1767173255.915238,-3,-1,-132
1767173255.925238,0,0,-128
1767173255.935238,0,0,-124
1767173255.945238,0,0,-128
1767173255.955238,-1,-2,-127
1767173255.965238,0,-1,-127
1767173255.975238,1,-2,-129
1767173255.985238,0,0,-130
1767173255.995238,2,-3,-128
1767173256.005238,4,-4,-123
1767173256.015238,3,-8,-122
1767173256.025238,2,-2,-120
1767173256.0352385,-1,-6,-120
1767173256.0452385,-2,-8,-126
1767173256.0552382,-4,-4,-124
1767173256.0652382,-4,-1,-123
1767173256.0752382,-8,-2,-125
1767173256.0852382,-12,-3,-130
1767173256.0952382,-9,-1,-126
1767173256.1052382,-6,1,-125
1767173256.1152382,-2,1,-128
1767173256.1252382,-5,2,-124
1767173256.1352382,-3,-2,-127
1767173256.1452382,-2,0,-132
1767173256.1552382,0,0,-138
1767173256.165238,3,3,-141
1767173256.175238,7,3,-139
1767173256.185238,0,1,-140
1767173256.195238,-3,-1,-136
1767173256.205238,0,-3,-138
1767173256.215238,0,-5,-133
1767173256.225238,-1,-6,-126
1767173256.235238,-1,-7,-125
1767173256.245238,-6,-8,-125
1767173256.255238,-2,-8,-127
1767173256.265238,0,-9,-129
1767173256.275238,4,-9,-131
1767173256.2852385,0,-7,-140
1767173256.2952385,1,-3,-138
1767173256.3052382,-3,-4,-138
1767173256.3152382,-6,-5,-142
1767173256.3252382,-7,-7,-139
1767173256.3352382,-5,-7,-137
1767173256.3452382,-2,-4,-133
1767173256.3552382,-2,-4,-127
1767173256.3652382,-2,-6,-121
1767173256.3752382,-5,-3,-125
1767173256.3852382,-4,-5,-126
1767173256.3952382,-5,-6,-125
1767173256.4052382,-5,-7,-125
1767173256.415238,-6,-5,-124
1767173256.425238,-6,-3,-121
1767173256.435238,-5,-7,-119
1767173256.445238,-4,-4,-131
1767173256.455238,-5,-4,-133
1767173256.465238,-3,-5,-133
1767173256.475238,-1,-6,-128
1767173256.485238,-1,-5,-131
1767173256.495238,0,-3,-126
1767173256.505238,1,0,-122
1767173256.515238,0,0,-124
1767173256.525238,0,1,-119
1767173256.5352385,-1,3,-123
1767173256.5452385,0,3,-124
1767173256.5552382,-1,3,-132
1767173256.5652382,-3,0,-132
1767173256.5752382,0,-4,-129
1767173256.5852382,0,-3,-126
1767173256.5952382,5,-2,-125
1767173256.6052382,3,-2,-122
1767173256.6152382,2,-2,-125
1767173256.6252382,4,-2,-124
1767173256.6352382,9,0,-131
1767173256.6452382,8,-2,-132
1767173256.6552382,2,-2,-138
1767173256.665238,4,0,-130
1767173256.675238,2,-4,-127
1767173256.685238,1,-6,-126
1767173256.695238,0,-6,-124
1767173256.705238,-3,-5,-126
1767173256.715238,-2,-3,-130
1767173256.725238,-6,-1,-123
1767173256.735238,-4,-3,-121
1767173256.745238,-4,-3,-123
1767173256.755238,2,-4,-120
1767173256.765238,5,-8,-120
1767173256.775238,9,-11,-123
1767173256.7852385,7,-8,-130
1767173256.7952385,5,-3,-131
1767173256.8052382,6,0,-133
1767173256.8152382,8,0,-134
1767173256.8252382,5,3,-127
1767173256.8352382,1,-2,-135
1767173256.8452382,1,-3,-134
1767173256.8552382,2,-4,-129
1767173256.8652382,0,-1,-131
1767173256.8752382,1,-4,-128
1767173256.8852382,-1,-6,-126
1767173256.8952382,-3,-10,-128
1767173256.9052382,-3,-12,-134
1767173256.915238,-7,-9,-134
1767173256.925238,-12,-6,-137
1767173256.935238,-7,-6,-130
1767173256.945238,-8,-4,-124
1767173256.955238,-5,-2,-128
1767173256.965238,0,-2,-135
1767173256.975238,0,-2,-133
1767173256.985238,-2,-1,-138
1767173256.995238,-2,-2,-133
1767173257.005238,-4,-3,-133
1767173257.015238,-4,-3,-134
1767173257.025238,-1,-5,-133
1767173257.0352385,1,-3,-131
1767173257.0452385,1,-2,-124
1767173257.0552382,0,0,-126
1767173257.0652382,-1,3,-132
1767173257.0752382,-4,5,-135
1767173257.0852382,-1,3,-137
1767173257.0952382,0,0,-139
1767173257.106238,2,1,-132
1767173257.1152382,1,3,-130
1767173257.1252382,-1,3,-126
1767173257.1352382,-6,4,-128
1767173257.146238,-6,4,-120
1767173257.156238,-3,0,-125
1767173257.165238,-4,-1,-121
1767173257.175238,-4,0,-125
1767173257.185238,-2,-1,-123
1767173257.196238,-3,-1,-125
1767173257.2062385,-4,-1,-131
1767173257.2162385,-7,0,-136
1767173257.2262385,0,0,-134
1767173257.235238,1,0,-129
1767173257.2462382,0,4,-133
1767173257.2562382,0,6,-128
1767173257.2662382,-3,9,-121
1767173257.2762382,-1,11,-122
1767173257.2862382,0,6,-123
1767173257.2962382,1,5,-125
1767173257.3062382,0,7,-123
1767173257.3162382,-2,6,-122
1767173257.3262382,0,4,-126
1767173257.336238,-1,1,-125
1767173257.346238,-2,0,-124
1767173257.356238,-2,0,-120
1767173257.366238,0,-3,-120
1767173257.376238,2,-3,-124
1767173257.386238,4,-4,-120
1767173257.396238,1,-6,-120
1767173257.406238,-1,-2,-122
1767173257.416238,-1,-4,-124
1767173257.426238,-3,0,-128
1767173257.436238,-3,0,-130
1767173257.446238,-1,0,-132
1767173257.4562385,-1,4,-135
1767173257.4662385,3,-1,-129
1767173257.4762385,6,-1,-129
1767173257.4862382,6,-3,-132
1767173257.4962382,4,-3,-128
1767173257.5062382,2,0,-126
1767173257.5162382,4,-2,-120
1767173257.5262382,4,0,-117
1767173257.5362382,3,0,-113
1767173257.5462382,2,0,-113
1767173257.5562382,5,-2,-112
1767173257.5662382,5,-3,-115
1767173257.5762382,8,-3,-115
1767173257.586238,6,-3,-118
1767173257.596238,2,0,-118
1767173257.606238,0,0,-122
1767173257.616238,2,0,-120
1767173257.626238,-2,1,-122
1767173257.636238,-6,5,-123
1767173257.646238,-3,2,-127
1767173257.656238,0,3,-121
1767173257.666238,-6,1,-123
1767173257.676238,-1,-1,-120
1767173257.686238,4,-6,-118
1767173257.696238,2,-11,-112
1767173257.7062385,3,-9,-117
1767173257.7162385,0,-5,-116
1767173257.7262385,0,-3,-117
1767173257.7362382,5,-2,-106
1767173257.7462382,4,2,-111
1767173257.7562382,5,0,-117
1767173257.7662382,4,0,-120
1767173257.7762382,-1,0,-123
1767173257.7862382,1,0,-130
1767173257.7962382,7,5,-130
1767173257.8062382,8,1,-128
1767173257.8162382,7,0,-127
1767173257.8262382,0,1,-126
1767173257.836238,1,1,-126
1767173257.846238,1,0,-129
1767173257.856238,0,0,-127
1767173257.866238,1,0,-125
1767173257.876238,1,2,-124
1767173257.886238,0,3,-131
1767173257.896238,-2,1,-133
1767173257.906238,-1,-1,-134
1767173257.916238,-1,-1,-130
1767173257.926238,-1,0,-129
1767173257.936238,-4,0,-138
1767173257.946238,-2,0,-134
1767173257.9562385,-3,-2,-133
1767173257.9662385,-6,0,-136
1767173257.9762385,-6,-4,-143
1767173257.9862382,-4,-4,-136
1767173257.9962382,-1,0,-129
1767173258.0062382,0,0,-133
1767173258.0162382,1,1,-133
1767173258.0262382,3,1,-135
1767173258.0362382,3,5,-137
1767173258.0462382,7,-1,-128
1767173258.0562382,4,-2,-120
1767173258.0662382,2,0,-121
1767173258.0762382,2,0,-125
1767173258.086238,2,-3,-121
1767173258.096238,0,-2,-124
1767173258.106238,0,2,-124
1767173258.116238,5,3,-128
1767173258.126238,4,3,-124
1767173258.136238,1,4,-131
1767173258.146238,-4,-2,-133
1767173258.156238,-4,-3,-129
1767173258.166238,-5,-4,-131
1767173258.176238,-3,-6,-132
1767173258.186238,-8,-9,-132
1767173258.196238,-6,0,-131
1767173258.2062385,-5,2,-127
1767173258.2162385,1,5,-130
1767173258.2262385,3,4,-124
1767173258.2362382,3,-2,-130
1767173258.2462382,5,-1,-126
1767173258.2562382,8,1,-127
1767173258.2662382,7,2,-132
1767173258.2762382,4,6,-134
1767173258.2862382,0,6,-138
1767173258.2962382,-4,5,-133
1767173258.3062382,-6,2,-129
1767173258.3162382,-4,2,-129
1767173258.3262382,-6,0,-129
1767173258.336238,-6,0,-130
1767173258.346238,-3,0,-136
1767173258.356238,-3,-1,-137
1767173258.366238,-1,0,-139
1767173258.376238,-3,-2,-141
1767173258.386238,-5,-2,-134
1767173258.396238,-7,3,-132
1767173258.406238,0,7,-131
1767173258.416238,2,4,-133
1767173258.426238,3,4,-125
1767173258.436238,3,2,-125
1767173258.446238,4,1,-125
1767173258.4562385,3,0,-124
1767173258.4662385,0,3,-120
1767173258.4762385,-2,1,-124
1767173258.4862382,-4,3,-127
1767173258.4962382,-7,2,-135
1767173258.5062382,-6,0,-130
1767173258.5162382,-5,-1,-128
1767173258.5262382,-3,-4,-126
1767173258.5362382,-2,-4,-130
1767173258.5462382,-5,-2,-131
1767173258.5562382,-8,-2,-126
1767173258.5662382,-6,-5,-131
1767173258.5762382,0,-4,-128
1767173258.586238,-4,-2,-138
1767173258.596238,-6,-1,-130
1767173258.606238,-3,0,-127
1767173258.616238,-5,-3,-120
1767173258.626238,-5,-6,-122
1767173258.636238,-3,-8,-131
1767173258.646238,-3,-4,-131
1767173258.656238,-4,-5,-135
1767173258.666238,-3,0,-133
1767173258.676238,-3,-3,-128
1767173258.686238,1,-6,-126
1767173258.696238,-1,-3,-134
1767173258.7062385,-5,-3,-131
1767173258.7162385,-3,-5,-127
1767173258.7262385,0,-5,-132
1767173258.7362382,2,-1,-140
1767173258.7462382,4,0,-142
1767173258.7562382,6,-3,-141
1767173258.7662382,2,-3,-140
1767173258.7762382,0,-7,-131
1767173258.7862382,-2,-9,-131
1767173258.7962382,-1,-10,-132
1767173258.8062382,-4,-7,-134
1767173258.8162382,-7,-3,-132
1767173258.8262382,-8,-4,-124
1767173258.836238,-6,-6,-119
1767173258.846238,-7,-4,-125
1767173258.856238,-6,-4,-125
1767173258.866238,-6,-3,-129
1767173258.876238,-4,0,-130
1767173258.886238,-8,-7,-131
1767173258.896238,-6,-9,-133
1767173258.906238,-2,-6,-121
1767173258.916238,-1,-7,-123
1767173258.926238,-2,-8,-123
1767173258.936238,0,-8,-121
1767173258.946238,-3,-6,-126
1767173258.9562385,-1,-5,-127
1767173258.9662385,-4,-5,-126
1767173258.9762385,2,-8,-132
1767173258.9862382,0,-5,-130
1767173258.9962382,0,0,-131
1767173259.0062382,-1,1,-131
1767173259.0162382,-5,2,-135
1767173259.0262382,-4,3,-134
1767173259.0362382,-2,0,-138
1767173259.0462382,-3,0,-134
1767173259.0562382,-3,-1,-134
1767173259.0662382,-5,0,-128
1767173259.0762382,-7,0,-120
1767173259.086238,-8,-2,-121
1767173259.096238,-12,-7,-123
1767173259.106238,-11,-5,-133
1767173259.116238,-11,-3,-140
1767173259.126238,-5,-2,-138
1767173259.136238,0,-3,-139
1767173259.146238,1,-7,-140
1767173259.156238,-1,-9,-145
1767173259.166238,-4,-11,-146
1767173259.176238,0,-10,-143
1767173259.186238,-1,-7,-142
1767173259.196238,0,-11,-142
1767173259.2062385,2,-8,-144
1767173259.2162385,0,-8,-146
1767173259.2262385,-3,-12,-150
1767173259.2362382,-9,-6,-147
1767173259.2462382,-12,-2,-137
1767173259.2562382,-12,-3,-132
1767173259.2662382,-8,-4,-130
1767173259.2762382,-13,-2,-131
1767173259.2862382,-5,-3,-132
1767173259.2962382,-6,-1,-132
1767173259.3062382,-3,-1,-135
1767173259.3162382,-2,-5,-134
1767173259.3262382,-5,-8,-127
1767173259.336238,-6,0,-124
1767173259.346238,-7,0,-122
1767173259.356238,-6,0,-123
1767173259.366238,-5,-2,-122
1767173259.376238,-8,0,-118
1767173259.386238,-4,0,-120
1767173259.396238,-3,-1,-114
1767173259.406238,1,-2,-119
1767173259.416238,4,1,-120
1767173259.426238,3,2,-124
1767173259.436238,4,9,-120
1767173259.446238,1,9,-129
1767173259.4562385,2,3,-123
1767173259.4662385,-3,4,-120
1767173259.4762385,-5,3,-118
1767173259.4862382,-2,0,-115
1767173259.4962382,-3,-4,-118
1767173259.5062382,-5,-7,-123
1767173259.5162382,-10,-8,-126
1767173259.5262382,-6,-4,-128
1767173259.5362382,-5,-1,-132
1767173259.5462382,-1,0,-129
1767173259.5562382,-2,0,-125
1767173259.5662382,-5,0,-133
1767173259.5762382,-7,-3,-134
1767173259.586238,-9,0,-134
1767173259.596238,-4,0,-135
1767173259.606238,-1,-1,-137
1767173259.616238,-2,-1,-134
1767173259.626238,0,0,-137
1767173259.636238,1,-2,-133
1767173259.646238,-4,-4,-122
1767173259.656238,0,1,-120
1767173259.666238,2,3,-116
1767173259.676238,0,5,-122
1767173259.686238,2,2,-125
1767173259.696238,1,4,-135
1767173259.7062385,-1,6,-131
1767173259.7162385,-3,3,-125
1767173259.7262385,-7,1,-127
1767173259.7362382,-7,1,-134
1767173259.7472382,-6,-5,-135
1767173259.7562382,-10,-9,-128
1767173259.7662382,-7,-8,-124
1767173259.7762382,-4,-5,-120
1767173259.7862382,-3,-5,-119
1767173259.797238,-3,-4,-127
1767173259.8062382,2,-2,-121
1767173259.817238,2,-4,-118
1767173259.8262382,1,-4,-118
1767173259.837238,-4,-4,-124
1767173259.847238,-9,-6,-120
1767173259.857238,-8,-2,-121
1767173259.867238,-3,0,-119
1767173259.876238,1,0,-117
1767173259.8872385,3,-4,-122
1767173259.8972385,4,-4,-121
1767173259.9072382,2,-3,-123
1767173259.9172382,4,-5,-120
1767173259.9272382,1,-6,-116
1767173259.9372382,4,-5,-120
1767173259.9472382,4,-6,-126
1767173259.9572382,5,-8,-126
1767173259.9672382,1,-9,-124
1767173259.9772382,3,-5,-120
1767173259.9872382,4,-7,-122
1767173259.9972382,9,-10,-118
1767173260.007238,17,-9,-124
1767173260.017238,16,-7,-126
1767173260.027238,8,-1,-127
1767173260.037238,5,0,-129
1767173260.047238,2,-4,-131
1767173260.057238,0,-7,-122
1767173260.067238,0,-7,-125
1767173260.077238,-1,-4,-123
1767173260.087238,0,-1,-127
1767173260.097238,-3,2,-129
1767173260.107238,2,5,-125
1767173260.117238,5,1,-129
1767173260.127238,9,1,-127
1767173260.1372385,12,2,-125
1767173260.1472385,10,1,-128
1767173260.1572382,6,-1,-133
1767173260.1672382,4,0,-126
1767173260.1772382,6,-1,-121
1767173260.1872382,2,-1,-128
1767173260.1972382,3,-1,-123
1767173260.2072382,7,1,-129
1767173260.2172382,6,0,-125
1767173260.2272382,4,0,-122
1767173260.2372382,1,0,-123
1767173260.2472382,1,2,-128
1767173260.257238,0,4,-130
1767173260.267238,2,2,-128
1767173260.277238,4,0,-125
1767173260.287238,1,0,-122
1767173260.297238,-1,0,-118
1767173260.307238,-1,-4,-121
1767173260.317238,-1,-3,-121
1767173260.327238,-3,-1,-125
1767173260.337238,-4,0,-124
1767173260.347238,0,2,-115
1767173260.357238,-1,3,-118
1767173260.367238,-4,2,-121
1767173260.389238,-6,0,-130
1767173260.3972385,-5,-3,-131
1767173260.4072382,-4,-7,-125
1767173260.4172382,-10,-5,-128
1767173260.4272382,-8,-4,-123
1767173260.4372382,-7,-8,-125
1767173260.4472382,-3,-9,-130
1767173260.4572382,0,-10,-130
1767173260.4672382,-1,-9,-130
1767173260.4772382,0,-6,-132
1767173260.4872382,0,-7,-135
1767173260.4972382,2,-6,-130
1767173260.507238,3,-10,-130
1767173260.517238,1,-7,-127
1767173260.527238,0,-4,-126
1767173260.537238,2,0,-123
1767173260.547238,4,0,-120
1767173260.557238,3,-2,-118
1767173260.567238,0,-6,-120
1767173260.577238,-3,-6,-119
1767173260.587238,-3,-4,-122
1767173260.597238,-4,-5,-124
1767173260.607238,-3,-7,-124
1767173260.617238,0,-5,-128
1767173260.627238,-3,-10,-125
1767173260.6372385,-3,-6,-124
1767173260.6472385,-6,-4,-125
1767173260.6572382,-4,-2,-126
1767173260.6672382,-5,-2,-130
1767173260.6772382,-10,0,-128
1767173260.6872382,-8,-1,-132
1767173260.6972382,-5,-4,-128
1767173260.7072382,1,-5,-116
1767173260.7172382,1,-5,-122
1767173260.7272382,2,-9,-123
1767173260.7372382,5,-11,-124
1767173260.7472382,2,-10,-118
1767173260.757238,5,-12,-124
1767173260.767238,7,-9,-125
1767173260.777238,5,-6,-125
1767173260.787238,5,-7,-128
1767173260.797238,2,-6,-128
1767173260.807238,2,-6,-119
1767173260.817238,-1,0,-115
1767173260.827238,-1,0,-120
1767173260.837238,-2,2,-115
1767173260.847238,0,4,-119
1767173260.857238,3,0,-118
1767173260.867238,2,-3,-128
1767173260.877238,0,-5,-129
1767173260.8872385,-9,-2,-127
1767173260.8972385,-9,0,-117
1767173260.9072382,-6,0,-122
1767173260.9172382,-5,-1,-125
1767173260.9272382,-3,0,-127
1767173260.9372382,1,4,-135
1767173260.9472382,0,5,-133
1767173260.9572382,4,5,-134
1767173260.9672382,5,1,-131
1767173260.9772382,2,2,-130
1767173260.9872382,2,3,-132
1767173260.9972382,-1,6,-135
1767173261.007238,-3,6,-128
1767173261.017238,-1,4,-123
1767173261.027238,1,1,-127
1767173261.037238,-3,1,-128
1767173261.047238,-5,4,-130
1767173261.057238,-3,2,-128
1767173261.067238,-3,0,-128
1767173261.077238,-7,2,-127
1767173261.087238,-2,0,-125
1767173261.097238,1,1,-124
1767173261.107238,0,-2,-119
1767173261.117238,1,1,-124
1767173261.127238,0,3,-124
1767173261.1372385,0,6,-119
1767173261.1472385,0,7,-124
1767173261.1572382,-4,6,-125
1767173261.1672382,-8,1,-129
1767173261.1772382,-10,0,-133
1767173261.1872382,-8,4,-128
1767173261.1972382,-5,3,-133
1767173261.2072382,-1,5,-131
1767173261.2172382,-2,1,-130
1767173261.2272382,-3,-1,-134
1767173261.2372382,0,0,-122
1767173261.2472382,0,0,-123
1767173261.257238,0,0,-123
1767173261.267238,-4,-1,-129
1767173261.277238,-4,0,-132
1767173261.287238,-6,-5,-133
1767173261.297238,-7,-6,-140
1767173261.307238,-11,-7,-140
1767173261.317238,-8,-9,-140
1767173261.327238,-7,-10,-131
1767173261.337238,-1,-3,-127
1767173261.347238,3,1,-126
1767173261.357238,-1,2,-126
1767173261.367238,-3,0,-125
1767173261.377238,-5,-2,-129
1767173261.3872385,0,-7,-132
1767173261.3972385,0,-3,-137
1767173261.4072382,-1,-2,-130
1767173261.4172382,0,-1,-131
1767173261.4272382,6,-1,-128
1767173261.4372382,1,-2,-130
1767173261.4472382,0,-4,-131
1767173261.4572382,0,-4,-131
1767173261.4672382,1,-5,-127
1767173261.4772382,0,-2,-130
1767173261.4872382,1,-2,-125
1767173261.4972382,6,-1,-129
1767173261.507238,5,0,-126
1767173261.517238,7,-1,-128
1767173261.527238,8,-5,-126
1767173261.537238,7,-9,-125
1767173261.547238,2,-8,-132
1767173261.557238,0,-7,-133
1767173261.567238,-1,-6,-134
1767173261.577238,-3,-11,-133
1767173261.587238,-3,-14,-130
1767173261.597238,-5,-9,-132
1767173261.607238,-3,-4,-132
1767173261.617238,-1,0,-129
1767173261.627238,0,0,-135
1767173261.6372385,1,-2,-137
1767173261.6472385,3,-5,-137
1767173261.6572382,0,-7,-132
1767173261.6672382,-1,-8,-133
1767173261.6772382,0,-8,-123
1767173261.6872382,1,-5,-123
1767173261.6972382,3,-6,-115
1767173261.7072382,3,-3,-116
1767173261.7172382,0,-2,-123
1767173261.7272382,-6,-3,-120
1767173261.7372382,-2,-2,-126
1767173261.7472382,0,0,-127
1767173261.757238,-2,0,-123
1767173261.767238,0,2,-124
1767173261.777238,0,0,-128
1767173261.787238,2,0,-127
1767173261.797238,3,3,-130
1767173261.807238,2,4,-129
1767173261.817238,2,3,-132
1767173261.827238,2,0,-135
1767173261.837238,0,-1,-130
1767173261.847238,-5,-1,-130
1767173261.857238,-5,1,-123
1767173261.867238,-5,0,-121
1767173261.877238,-4,3,-121
1767173261.8872385,-4,5,-123
1767173261.8972385,-4,3,-119
1767173261.9072382,-5,6,-120
1767173261.9172382,-2,3,-126
1767173261.9272382,2,3,-124
1767173261.9372382,3,0,-129
1767173261.9472382,1,0,-137
1767173261.9572382,0,-2,-139
1767173261.9672382,-5,-2,-128
1767173261.9772382,-3,0,-127
1767173261.9872382,-5,0,-132
1767173261.9972382,0,0,-131
1767173262.007238,3,0,-132
1767173262.017238,0,3,-125
1767173262.027238,1,-1,-120
1767173262.037238,1,-4,-122
1767173262.047238,-1,-4,-121
1767173262.057238,-3,-6,-126
1767173262.067238,0,-8,-127
1767173262.077238,1,-6,-133
1767173262.087238,0,-2,-138
1767173262.097238,-4,-3,-142
1767173262.107238,-5,-3,-143
1767173262.117238,-7,-2,-140
1767173262.127238,-7,0,-137
1767173262.1372385,-3,1,-132
1767173262.1472385,-3,0,-130
1767173262.1572382,-11,0,-129
1767173262.1672382,-4,-3,-122
1767173262.1772382,-3,-6,-124
1767173262.1872382,-5,-4,-120
1767173262.1972382,-6,-3,-127
1767173262.2072382,-3,-1,-132
1767173262.2172382,-2,-8,-130
1767173262.2272382,-2,-7,-130
1767173262.2372382,-5,-4,-128
1767173262.2472382,-10,-5,-129
1767173262.257238,-9,-1,-126
1767173262.267238,-5,-2,-127
1767173262.277238,-6,-3,-128
1767173262.287238,-4,-2,-120
1767173262.297238,-1,0,-120
1767173262.307238,-1,0,-124
1767173262.317238,0,-3,-118
1767173262.3282382,0,-2,-119
1767173262.3382382,4,-4,-120
1767173262.347238,6,-3,-121
1767173262.357238,0,-6,-122
1767173262.367238,3,-4,-126
1767173262.377238,1,0,-124
1767173262.3872385,1,-1,-120
1767173262.3982382,1,-5,-125
1767173262.4082382,-1,-2,-126
1767173262.4182382,2,-6,-132
1767173262.4282382,-1,-10,-134
1767173262.438238,0,-4,-128
1767173262.448238,-2,-4,-128
1767173262.458238,-4,-3,-130
1767173262.468238,-2,-1,-129
1767173262.478238,-4,-1,-131
1767173262.488238,-4,0,-140
1767173262.498238,-8,-2,-139
1767173262.508238,-7,0,-135
1767173262.518238,-3,0,-135
1767173262.528238,-3,0,-136
1767173262.538238,-1,-2,-132
1767173262.548238,-3,-5,-133
1767173262.5582385,-3,-6,-125
1767173262.5682385,-1,-7,-124
1767173262.5782382,-1,-5,-125
1767173262.5882382,0,-4,-129
1767173262.5982382,-1,-3,-125
1767173262.6082382,0,0,-120
1767173262.6182382,-1,-1,-115
1767173262.6282382,3,-2,-117
1767173262.6382382,8,-1,-114
1767173262.6482382,6,0,-118
1767173262.6582382,3,1,-115
1767173262.6682382,0,0,-117
1767173262.6782382,-1,0,-119
1767173262.688238,0,0,-117
1767173262.698238,1,0,-112
1767173262.708238,0,-2,-119
1767173262.718238,-3,-5,-124
1767173262.728238,-6,-1,-126
1767173262.738238,-3,0,-125
1767173262.748238,-2,3,-128
1767173262.758238,-1,2,-132
1767173262.768238,-7,1,-132
1767173262.778238,-5,-3,-133
1767173262.788238,-6,-5,-135
1767173262.798238,-4,-4,-130
1767173262.8082385,1,0,-128
1767173262.8182385,0,0,-129
1767173262.8282382,-1,-1,-129
1767173262.8382382,0,-3,-127
1767173262.8482382,0,-6,-121
1767173262.8582382,0,-1,-124
1767173262.8682382,2,-1,-124
1767173262.8782382,0,1,-127
1767173262.8882382,-4,2,-131
1767173262.8982382,-1,10,-127
1767173262.9082382,0,6,-128
1767173262.9182382,5,3,-133
1767173262.9282382,9,3,-129
1767173262.938238,4,6,-128
1767173262.948238,-3,8,-130
1767173262.958238,0,0,-132
1767173262.968238,1,-2,-132
1767173262.978238,1,-3,-133
1767173262.988238,3,3,-132
1767173262.998238,3,-1,-131
1767173263.008238,0,-2,-138
1767173263.018238,-3,2,-146
1767173263.028238,0,-2,-141
1767173263.038238,-4,-2,-140
1767173263.048238,-3,-9,-136
1767173263.0582385,1,-3,-136
1767173263.0682385,4,0,-131
1767173263.0782382,3,2,-122
1767173263.0882382,0,-1,-122
1767173263.0982382,1,0,-122
1767173263.1082382,5,1,-123
1767173263.1182382,6,-2,-122
1767173263.1282382,4,-4,-120
1767173263.1382382,2,-3,-121
1767173263.1482382,0,-2,-119
1767173263.1582382,-1,-2,-128
1767173263.1682382,-1,-6,-132
1767173263.1782382,-5,-3,-137
1767173263.188238,-8,-2,-138
1767173263.198238,-4,2,-133
1767173263.208238,0,6,-132
1767173263.218238,-2,2,-131
1767173263.228238,4,4,-131
1767173263.238238,6,1,-127
1767173263.248238,-1,2,-129
1767173263.258238,-5,2,-125
1767173263.268238,-6,0,-128
1767173263.278238,-6,-3,-129
1767173263.288238,-8,0,-125
1767173263.298238,-3,0,-120
1767173263.3082385,-2,3,-116
1767173263.3182385,0,1,-120
1767173263.3282382,2,0,-121
1767173263.3382382,2,-1,-120
1767173263.3482382,0,-3,-126
1767173263.3582382,-4,-3,-134
1767173263.3682382,-2,-3,-139
1767173263.3782382,-4,-2,-138
1767173263.3882382,-2,0,-137
1767173263.3982382,2,0,-134
1767173263.4082382,4,1,-132
1767173263.4182382,3,-1,-127
1767173263.4282382,6,0,-128
1767173263.438238,4,0,-117
1767173263.448238,4,1,-115
1767173263.458238,1,2,-115
1767173263.468238,0,0,-112
1767173263.478238,2,0,-118
1767173263.488238,6,4,-123
1767173263.498238,7,6,-125
1767173263.508238,4,3,-127
1767173263.518238,0,4,-130
1767173263.528238,-2,4,-128
1767173263.538238,-1,3,-133
1767173263.548238,0,2,-139
1767173263.5582385,1,3,-136
1767173263.5682385,3,4,-131
1767173263.5782382,5,5,-128
1767173263.5882382,2,0,-129
1767173263.5982382,1,-3,-125
1767173263.6082382,-2,-1,-119
1767173263.6182382,-2,-2,-129
1767173263.6282382,-4,0,-127
1767173263.6382382,-4,0,-132
1767173263.6482382,-1,2,-132
1767173263.6582382,0,-4,-128
1767173263.6682382,-3,-10,-127
1767173263.6782382,-4,-8,-128
1767173263.688238,-5,-9,-127
1767173263.698238,-4,-7,-124
1767173263.708238,-3,-8,-124
1767173263.718238,-1,-8,-126
1767173263.728238,0,-6,-123
1767173263.738238,0,-3,-128
1767173263.748238,0,0,-132
1767173263.758238,-1,-1,-130
1767173263.768238,-2,-4,-134
1767173263.778238,-2,-4,-132
1767173263.788238,-3,-2,-135
1767173263.798238,-5,1,-128
1767173263.8082385,-6,-2,-125
1767173263.8182385,-4,-3,-124
1767173263.8282382,-6,0,-133
1767173263.8382382,-4,0,-136
1767173263.8482382,-5,-1,-133
1767173263.8582382,-7,0,-137
1767173263.8682382,-8,1,-140
1767173263.8782382,-4,1,-138
1767173263.8882382,-2,1,-138
1767173263.8982382,-7,2,-137
1767173263.9082382,-6,-2,-136
1767173263.9182382,-4,-1,-137
1767173263.9282382,-2,0,-142
1767173263.938238,-3,1,-144
1767173263.948238,-3,-3,-137
1767173263.958238,-6,-3,-134
1767173263.968238,-2,-3,-133
1767173263.978238,-4,-6,-134
1767173263.988238,-2,-6,-129
1767173263.998238,-7,-5,-127
1767173264.008238,-4,0,-126
1767173264.018238,-1,0,-127
1767173264.028238,-3,0,-125
1767173264.038238,0,0,-123
1767173264.048238,1,-3,-128
1767173264.0582385,0,-1,-132
1767173264.0682385,3,-1,-130
1767173264.0782382,0,1,-136
1767173264.0882382,-1,1,-130
1767173264.0982382,-4,4,-126
1767173264.1082382,-3,8,-127
1767173264.1182382,-3,4,-126
1767173264.1282382,-3,-1,-125
1767173264.1382382,-3,-6,-121
1767173264.1482382,-5,-4,-121
1767173264.1582382,-1,-2,-123
1767173264.1682382,0,0,-133
1767173264.1782382,0,3,-138
1767173264.188238,0,3,-140
1767173264.198238,-3,-1,-134
1767173264.208238,-5,-3,-135
1767173264.218238,-4,-6,-133
1767173264.228238,0,-6,-127
1767173264.238238,5,-4,-124
1767173264.248238,0,0,-125
1767173264.258238,-1,-1,-127
1767173264.268238,0,-2,-127
1767173264.278238,-1,-6,-132
1767173264.288238,-2,-11,-140
1767173264.298238,1,-5,-136
1767173264.3082385,0,-3,-136
1767173264.3182385,0,0,-141
1767173264.3282382,-3,1,-139
1767173264.3382382,-3,0,-140
1767173264.3482382,-4,-2,-136
1767173264.3582382,-8,-4,-131
1767173264.3682382,-14,-9,-130
1767173264.3782382,-7,-8,-129
1767173264.3882382,-4,-6,-132
1767173264.3982382,0,-3,-133
1767173264.4082382,5,0,-134
1767173264.4182382,4,-1,-138
1767173264.4282382,0,-2,-134
1767173264.438238,0,-3,-140
1767173264.448238,-2,-9,-148
1767173264.458238,2,-5,-144
1767173264.468238,2,-4,-138
1767173264.478238,-1,-3,-138
1767173264.488238,0,-2,-138
1767173264.498238,4,-1,-134
1767173264.508238,1,-1,-134
1767173264.518238,-2,-1,-135
1767173264.528238,-1,0,-130
1767173264.538238,0,-2,-129
1767173264.548238,0,-6,-131
1767173264.5582385,-2,-3,-139
1767173264.5682385,0,-5,-139
1767173264.5782382,4,-2,-133
1767173264.5882382,0,0,-125
1767173264.5982382,0,0,-126
1767173264.6082382,-5,4,-125
1767173264.6182382,-1,5,-125
1767173264.6282382,0,1,-127
1767173264.6382382,5,1,-128
1767173264.6482382,6,3,-133
1767173264.6582382,1,7,-132
1767173264.6682382,0,12,-132
1767173264.6782382,0,12,-129
1767173264.688238,-1,10,-128
1767173264.698238,0,8,-133
1767173264.708238,0,3,-137
1767173264.718238,2,2,-134
1767173264.728238,0,5,-132
1767173264.738238,-1,4,-135
1767173264.748238,0,4,-133
1767173264.758238,-4,0,-136
1767173264.768238,-3,0,-133
1767173264.778238,-6,1,-138
1767173264.788238,-5,0,-139
1767173264.798238,-3,0,-138
1767173264.8082385,-2,-4,-131
1767173264.8182385,-4,-4,-133
1767173264.8282382,-2,0,-136
1767173264.8382382,4,-3,-132
1767173264.8482382,4,-4,-136
1767173264.8582382,4,-4,-134
1767173264.8682382,5,-3,-130
1767173264.8782382,2,-3,-127
1767173264.8882382,2,-2,-124
1767173264.8982382,0,-1,-126
1767173264.9082382,-3,-1,-134
1767173264.9182382,-1,0,-132
1767173264.9282382,-4,1,-131
1767173264.938238,0,2,-138
1767173264.948238,-2,2,-133
1767173264.958238,0,1,-128
1767173264.968238,1,2,-127
1767173264.978238,0,2,-128
1767173264.9892385,2,4,-124
1767173264.9992385,2,0,-127
1767173265.008238,2,-2,-126
1767173265.0192382,2,-5,-121
1767173265.028238,1,-1,-121
1767173265.0392382,1,-2,-125
1767173265.0492382,-4,0,-121
1767173265.0592382,-3,1,-127
1767173265.0692382,-3,1,-126
1767173265.0792382,-4,0,-131
1767173265.0892382,0,-4,-129
1767173265.0992382,-1,-5,-128
1767173265.109238,0,-6,-131
1767173265.119238,-2,-9,-134
1767173265.129238,-1,-9,-125
1767173265.139238,-1,-5,-125
1767173265.149238,-1,-5,-129
1767173265.159238,0,-4,-130
1767173265.169238,-1,-3,-128
1767173265.179238,0,-2,-127
1767173265.189238,0,-5,-125
1767173265.199238,0,-8,-125
1767173265.209238,1,-4,-125
1767173265.219238,3,-2,-120
1767173265.2292385,0,5,-121
1767173265.2392385,0,1,-129
1767173265.2492385,4,-1,-134
1767173265.2592382,6,0,-132
1767173265.2692382,7,0,-134
1767173265.2792382,9,-1,-140
1767173265.2892382,4,-3,-142
1767173265.2992382,6,-4,-140
1767173265.3092382,7,-2,-133
1767173265.3192382,6,0,-140
1767173265.3292382,6,-1,-133
1767173265.3392382,5,1,-126
1767173265.3492382,4,0,-121
1767173265.359238,5,0,-121
1767173265.369238,3,-4,-122
1767173265.379238,2,-5,-129
1767173265.4012382,0,-4,-126
1767173265.409238,2,-3,-125
1767173265.419238,2,-3,-124
1767173265.429238,2,-3,-127
1767173265.439238,-6,-2,-131
1767173265.449238,-7,-3,-129
1767173265.459238,-4,-7,-125
1767173265.469238,-8,-7,-124
1767173265.4792385,-4,-8,-129
1767173265.4892385,-1,-7,-130
1767173265.4992385,-2,-6,-136
1767173265.5092382,0,-8,-133
1767173265.5192382,-1,-6,-141
1767173265.5292382,-6,-6,-144
1767173265.5392382,-5,-9,-134
1767173265.5492382,-3,-8,-132
1767173265.5592382,0,-6,-130
1767173265.5692382,0,-3,-125
1767173265.5792382,0,-1,-129
1767173265.5892382,-1,0,-131
1767173265.5992382,-2,0,-128
1767173265.609238,2,-4,-127
1767173265.619238,0,-4,-131
1767173265.629238,-2,-2,-132
1767173265.639238,-2,0,-131
1767173265.649238,-1,0,-125
1767173265.659238,1,0,-126
1767173265.669238,0,0,-125
1767173265.679238,0,-2,-120
1767173265.689238,-1,1,-116
1767173265.699238,-3,3,-114
1767173265.709238,-4,6,-118
1767173265.719238,-1,-2,-127
1767173265.7292385,-4,-4,-129
1767173265.7392385,-8,-4,-129
1767173265.7492385,-8,-5,-130
1767173265.7592382,-7,-9,-131
1767173265.7692382,-2,-12,-130
1767173265.7792382,-3,-12,-123
1767173265.7892382,0,-13,-120
1767173265.7992382,3,-12,-125
1767173265.8092382,0,-15,-120
1767173265.8192382,-2,-10,-116
1767173265.8292382,-2,-3,-125
1767173265.8392382,-5,-3,-122
1767173265.8492382,-6,-1,-119
1767173265.859238,-3,-3,-121
1767173265.869238,-3,-7,-127
1767173265.879238,-3,-9,-127
1767173265.889238,0,-10,-130
1767173265.899238,2,-9,-136
1767173265.909238,4,-11,-135
1767173265.919238,-2,-11,-136
1767173265.929238,-1,-6,-135
1767173265.939238,3,-4,-135
1767173265.949238,-3,-1,-136
1767173265.959238,0,0,-132
1767173265.969238,-1,2,-130
1767173265.9792385,0,2,-127
1767173265.9892385,1,-1,-129
1767173265.9992385,-4,0,-137
1767173266.0092382,-5,2,-138
1767173266.0192382,-5,0,-139
1767173266.0292382,-5,0,-137
1767173266.0392382,-8,-2,-134
1767173266.0492382,-9,-2,-140
1767173266.0592382,-5,-3,-137
1767173266.0692382,0,-1,-137
1767173266.0792382,-1,-5,-132
1767173266.0892382,-1,-2,-131
1767173266.0992382,-3,-1,-129
1767173266.109238,1,1,-129
1767173266.119238,0,-3,-134
1767173266.129238,2,-4,-137
1767173266.139238,0,-5,-141
1767173266.149238,-2,-2,-140
1767173266.159238,-2,1,-135
1767173266.169238,0,1,-132
1767173266.179238,-1,1,-130
1767173266.189238,0,0,-128
1767173266.199238,4,0,-126
1767173266.209238,0,-1,-129
1767173266.219238,3,-3,-130
1767173266.2292385,-3,-3,-134
1767173266.2392385,-1,-4,-135
1767173266.2492385,2,0,-131
1767173266.2592382,4,1,-129
1767173266.2692382,2,3,-125
1767173266.2792382,4,1,-126
1767173266.2892382,5,-2,-132
1767173266.2992382,6,-5,-131
1767173266.3092382,2,-6,-130
1767173266.3192382,-2,-6,-131
1767173266.3292382,-5,-7,-130
1767173266.3392382,-1,-3,-130
1767173266.3492382,-2,-2,-129
1767173266.359238,-5,0,-125
1767173266.369238,-4,-1,-128
1767173266.379238,-4,0,-127
1767173266.389238,-4,0,-129
1767173266.399238,1,-1,-131
1767173266.409238,-2,1,-126
1767173266.419238,-3,0,-126
1767173266.429238,-5,4,-127
1767173266.439238,-1,2,-123
1767173266.449238,1,1,-125
1767173266.459238,0,0,-129
1767173266.469238,4,-3,-132
1767173266.4792385,2,-3,-134
1767173266.4892385,3,-5,-132
1767173266.4992385,4,-4,-123
1767173266.5092382,2,-6,-121
1767173266.5192382,0,-6,-121
1767173266.5292382,3,-11,-125
1767173266.5392382,3,-13,-130
1767173266.5492382,3,-7,-137
1767173266.5592382,0,-7,-135
1767173266.5692382,0,-6,-138
1767173266.5792382,0,-7,-130
1767173266.5892382,0,-4,-127
1767173266.5992382,0,-3,-125
1767173266.609238,-1,-6,-122
1767173266.619238,-2,-3,-122
1767173266.629238,-1,-3,-128
1767173266.639238,1,0,-130
1767173266.649238,4,2,-131
1767173266.659238,5,5,-126
1767173266.669238,3,4,-128
1767173266.679238,4,2,-127
1767173266.689238,3,-2,-120
1767173266.699238,0,-2,-123
1767173266.709238,1,-4,-124
1767173266.719238,3,-4,-127
1767173266.7292385,1,-3,-129
1767173266.7392385,4,-5,-129
1767173266.7492385,1,-5,-130
1767173266.7592382,1,-5,-125
1767173266.7692382,1,-6,-125
1767173266.7792382,-2,-3,-122
1767173266.7892382,-2,-4,-122
1767173266.7992382,1,-2,-118
1767173266.8092382,2,-2,-121
1767173266.8192382,6,-3,-127
1767173266.8292382,4,-2,-129
1767173266.8392382,3,-5,-126
1767173266.8492382,0,-1,-125
1767173266.859238,0,-3,-131
1767173266.869238,0,-1,-133
1767173266.879238,0,-1,-134
1767173266.889238,-2,-1,-131
1767173266.899238,-1,-8,-131
1767173266.909238,-1,-6,-127
1767173266.919238,-1,-8,-123
1767173266.929238,0,-13,-122
1767173266.939238,-2,-14,-126
1767173266.949238,-4,-9,-121
1767173266.959238,-1,-4,-125
1767173266.969238,1,0,-123
1767173266.9792385,4,2,-122
1767173266.9892385,4,3,-126
1767173266.9992385,7,1,-124
1767173267.0092382,3,1,-121
1767173267.0192382,0,0,-125
1767173267.0292382,0,3,-120
1767173267.0392382,0,3,-117
1767173267.0492382,1,1,-118
1767173267.0592382,3,0,-125
1767173267.0692382,7,-3,-124
1767173267.0792382,5,-4,-124
1767173267.0892382,3,-1,-128
1767173267.0992382,1,-4,-131
1767173267.109238,2,0,-126
1767173267.119238,2,0,-123
1767173267.129238,1,-6,-125
1767173267.139238,-2,-7,-128
1767173267.149238,-6,-5,-128
1767173267.159238,-6,0,-126
1767173267.169238,-3,-2,-134
1767173267.179238,0,-4,-130
1767173267.189238,0,-2,-127
1767173267.199238,-5,3,-128
1767173267.209238,-4,6,-130
1767173267.219238,-6,2,-129
1767173267.2292385,-3,0,-131
1767173267.2392385,-2,1,-139
1767173267.2492385,-3,-1,-138
1767173267.2592382,-3,-1,-130
1767173267.2692382,0,-3,-132
1767173267.2792382,4,-4,-135
1767173267.2892382,2,-5,-126
1767173267.2992382,0,-6,-124
1767173267.3092382,5,-4,-120
1767173267.3192382,5,-4,-124
1767173267.3292382,5,-6,-131
1767173267.3392382,4,-4,-132
1767173267.3492382,3,-1,-134
1767173267.359238,0,-1,-131
1767173267.369238,-5,-1,-133
1767173267.379238,-5,-4,-133
1767173267.389238,-8,-3,-137
1767173267.399238,-7,-3,-134
1767173267.409238,-6,-5,-131
1767173267.419238,-5,-9,-130
1767173267.429238,-4,-9,-121
1767173267.439238,0,-6,-120
1767173267.449238,0,-4,-117
1767173267.459238,0,-3,-113
1767173267.469238,0,-3,-119
1767173267.4792385,-7,-4,-122
1767173267.4892385,-6,0,-122
1767173267.4992385,-2,-2,-120
1767173267.5092382,3,-4,-115
1767173267.5192382,7,-3,-118
1767173267.5292382,4,-5,-115
1767173267.5392382,0,-8,-122
1767173267.5492382,-1,-8,-118
1767173267.5592382,2,-7,-116
1767173267.5692382,-1,-9,-114
1767173267.5792382,0,-9,-115
1767173267.5892382,1,-10,-110
1767173267.5992382,0,-12,-115
1767173267.609238,3,-11,-115
1767173267.619238,4,-9,-117
1767173267.630238,0,-5,-116
1767173267.640238,1,-5,-115
1767173267.650238,0,-3,-117
1767173267.6602385,-5,-3,-121
1767173267.6702385,-4,-5,-128
1767173267.6802382,-1,-5,-137
1767173267.6902382,-4,-3,-139
1767173267.7002382,-3,-9,-129
1767173267.7102382,-1,-9,-127
1767173267.7202382,-5,-2,-127
1767173267.7302382,-2,-4,-120
1767173267.7402382,-1,-5,-125
1767173267.7502382,-1,-6,-122
1767173267.7602382,0,-8,-122
1767173267.7702382,1,-8,-128
1767173267.7802382,3,-9,-120
1767173267.790238,2,-10,-114
1767173267.800238,0,-11,-116
1767173267.810238,3,-10,-123
1767173267.820238,3,-3,-127
1767173267.830238,0,-2,-129
1767173267.840238,-5,-2,-126
1767173267.850238,-6,-2,-124
1767173267.860238,-5,-7,-128
1767173267.870238,-11,-5,-125
1767173267.880238,-3,-3,-137
1767173267.890238,0,-5,-133
1767173267.900238,2,-5,-134
1767173267.9102385,5,-1,-133
1767173267.9202385,4,-3,-144
1767173267.9302382,6,-4,-137
1767173267.9402382,10,-2,-131
1767173267.9502382,8,-5,-120
1767173267.9602382,13,-2,-122
1767173267.9702382,12,-2,-127
1767173267.9802382,9,-2,-127
1767173267.9902382,7,-4,-125
1767173268.0002382,5,-3,-118
1767173268.0102382,3,-4,-119
1767173268.0202382,-1,-3,-132
1767173268.0302382,0,-2,-135
1767173268.040238,-2,-3,-129
1767173268.050238,-1,0,-128
1767173268.060238,1,5,-125
1767173268.070238,0,1,-124
1767173268.080238,0,-3,-125
1767173268.090238,-3,-5,-129
1767173268.100238,-3,-4,-126
1767173268.110238,-7,-1,-122
1767173268.120238,-8,-3,-128
1767173268.130238,-10,-2,-132
1767173268.140238,-8,0,-129
1767173268.150238,-7,3,-129
1767173268.1602385,-4,1,-139
1767173268.1702385,-5,0,-141
1767173268.1802382,-4,0,-144
1767173268.1902382,-4,-1,-145
1767173268.2002382,-2,-2,-142
1767173268.2102382,0,-4,-136
1767173268.2202382,0,-8,-131
1767173268.2302382,1,-7,-137
1767173268.2402382,-2,-6,-135
1767173268.2502382,-2,-3,-133
1767173268.2602382,-6,-3,-132
1767173268.2702382,-3,-4,-129
1767173268.2802382,-5,1,-133
1767173268.290238,-8,3,-134
1767173268.300238,-5,3,-131
1767173268.310238,-5,-1,-129
1767173268.320238,-6,0,-131
1767173268.330238,-1,0,-128
1767173268.340238,-2,-1,-126
1767173268.350238,-2,1,-132
1767173268.360238,-2,0,-130
1767173268.370238,0,0,-119
1767173268.380238,0,-3,-113
1767173268.390238,-1,0,-125
1767173268.400238,-3,3,-132
1767173268.4102385,-1,2,-134
1767173268.4202385,-1,0,-128
1767173268.4302382,4,0,-126
1767173268.4402382,8,-1,-140
1767173268.4502382,8,-4,-134
1767173268.4602382,11,-2,-134
1767173268.4702382,8,-5,-126
1767173268.4802382,6,-3,-129
1767173268.4902382,4,-6,-128
1767173268.5002382,1,-8,-126
1767173268.5102382,1,-4,-124
1767173268.5202382,3,-4,-125
1767173268.5302382,0,-5,-122
1767173268.540238,2,-6,-122
1767173268.550238,1,-5,-118
1767173268.560238,-1,-4,-111
1767173268.570238,-2,-2,-109
1767173268.580238,0,-3,-109
1767173268.590238,-1,0,-118
1767173268.600238,-10,0,-121
1767173268.610238,-6,-2,-128
1767173268.620238,-6,0,-129
1767173268.630238,-6,0,-130
1767173268.640238,-10,-3,-137
1767173268.650238,-9,-5,-136
1767173268.6602385,-8,-4,-132
1767173268.6702385,-3,0,-132
1767173268.6802382,-6,0,-128
1767173268.6902382,-4,0,-124
1767173268.7002382,-5,0,-122
1767173268.7102382,-3,0,-132
1767173268.7202382,0,0,-129
1767173268.7302382,1,-1,-129
1767173268.7402382,-1,-2,-130
1767173268.7502382,1,-3,-130
1767173268.7602382,4,-4,-139
1767173268.7702382,5,-7,-140
1767173268.7802382,0,-5,-132
1767173268.790238,-1,-6,-135
1767173268.800238,1,-6,-134
1767173268.810238,0,-4,-130
1767173268.820238,3,-2,-131
1767173268.830238,-1,-2,-139
1767173268.840238,0,-1,-137
1767173268.850238,2,-1,-130
1767173268.860238,0,-3,-126
1767173268.870238,-1,0,-123
1767173268.880238,-2,2,-122
1767173268.890238,1,3,-117
1767173268.900238,5,3,-116
1767173268.9102385,4,-3,-118
1767173268.9202385,1,-1,-117
1767173268.9302382,1,1,-118
1767173268.9402382,0,0,-113
1767173268.9502382,2,0,-119
1767173268.9602382,2,-1,-119
1767173268.9702382,3,0,-119
1767173268.9802382,0,-1,-116
1767173268.9902382,-1,0,-114
1767173269.0002382,0,0,-115
1767173269.0102382,0,-3,-113
1767173269.0202382,-1,-4,-117
1767173269.0302382,-3,-1,-122
1767173269.040238,-4,-4,-122
1767173269.050238,-6,-4,-123
1767173269.060238,-11,-7,-120
1767173269.070238,-10,-2,-124
1767173269.080238,-10,0,-121
1767173269.090238,-6,0,-121
1767173269.100238,-3,-4,-126
1767173269.110238,-5,-5,-130
1767173269.120238,-2,-2,-129
1767173269.130238,0,0,-138
1767173269.140238,2,-3,-132
1767173269.150238,3,-2,-128
1767173269.1602385,3,-4,-126
1767173269.1702385,3,-3,-130
1767173269.1802382,5,-5,-124
1767173269.1902382,4,-8,-121
1767173269.2002382,2,-2,-119
1767173269.2102382,2,-7,-123
1767173269.2202382,1,-7,-122
1767173269.2302382,2,-7,-118
1767173269.2402382,5,-7,-116
1767173269.2502382,3,-9,-117
1767173269.2602382,2,-11,-119
1767173269.2702382,1,-11,-118
1767173269.2802382,1,-11,-116
1767173269.290238,2,-9,-121
1767173269.300238,3,-8,-120
1767173269.310238,1,-5,-120
1767173269.320238,-2,-2,-122
1767173269.330238,-3,0,-124
1767173269.340238,-2,0,-124
1767173269.350238,-5,0,-121
1767173269.360238,-7,-3,-123
1767173269.370238,-5,-2,-126
1767173269.380238,-7,2,-127
1767173269.390238,-8,0,-127
1767173269.400238,-6,0,-128
1767173269.4102385,0,0,-127
1767173269.4202385,-1,0,-124
1767173269.4302382,0,-4,-120
1767173269.4402382,0,-4,-125
1767173269.4502382,3,-1,-134
1767173269.4602382,1,6,-134
1767173269.4702382,-1,5,-135
1767173269.4802382,-2,1,-140
1767173269.4902382,-2,1,-140
1767173269.5002382,-1,-4,-145
1767173269.5102382,0,-2,-142
1767173269.5202382,-7,0,-139
1767173269.5302382,-13,0,-138
1767173269.540238,-8,-5,-140
1767173269.550238,-11,-2,-138
1767173269.560238,-10,4,-132
1767173269.570238,-11,3,-135
1767173269.580238,-6,-1,-136
1767173269.590238,-2,-2,-130
1767173269.600238,0,-1,-124
1767173269.610238,4,-4,-124
1767173269.620238,0,0,-124
1767173269.630238,-5,1,-130
1767173269.640238,-5,-1,-138
1767173269.650238,2,-4,-138
1767173269.6602385,4,-3,-135
1767173269.6702385,3,-1,-127
1767173269.6802382,-2,-1,-130
1767173269.6902382,-8,1,-129
1767173269.7002382,-2,5,-125
1767173269.7102382,3,6,-131
1767173269.7202382,5,2,-133
1767173269.7302382,3,4,-136
1767173269.7402382,0,3,-141
1767173269.7502382,3,0,-137
1767173269.7602382,1,-1,-130
1767173269.7702382,1,-3,-120
1767173269.7802382,0,-4,-123
1767173269.790238,-3,-4,-132
1767173269.800238,-4,-3,-126
1767173269.810238,-9,-1,-133
1767173269.820238,-12,1,-133
1767173269.830238,-13,3,-131
1767173269.840238,-13,4,-128
1767173269.850238,-12,4,-129
1767173269.860238,-11,1,-127
1767173269.870238,-5,4,-121
1767173269.880238,-1,5,-122
1767173269.890238,0,6,-121
1767173269.900238,0,6,-118
1767173269.9102385,-4,4,-121
1767173269.9202385,-6,-2,-124
1767173269.9302382,-3,-2,-122
1767173269.9402382,-1,1,-120
1767173269.9502382,1,-1,-128
1767173269.9602382,1,0,-131
1767173269.9702382,0,-3,-125
1767173269.9802382,-1,-2,-117
1767173269.9902382,1,3,-122
1767173270.0002382,3,3,-125
1767173270.0102382,4,0,-128
1767173270.0202382,5,1,-127
1767173270.0302382,5,-3,-126
1767173270.040238,4,-6,-124
1767173270.050238,2,-5,-127
1767173270.060238,3,-2,-127
1767173270.070238,5,-1,-130
1767173270.080238,1,-5,-128
1767173270.090238,1,-6,-127
1767173270.100238,0,-4,-132
1767173270.110238,0,-5,-135
1767173270.120238,-1,-4,-138
1767173270.130238,0,-5,-134
1767173270.140238,4,-1,-131
1767173270.150238,4,1,-136
1767173270.1602385,0,0,-135
1767173270.1702385,-3,-2,-133
1767173270.1802382,1,0,-134
1767173270.1902382,1,-3,-138
1767173270.2002382,6,-3,-134
1767173270.2102382,3,-4,-136
1767173270.221238,-2,-6,-137
1767173270.2302382,-1,-7,-135
1767173270.241238,-1,-6,-134
1767173270.251238,0,-3,-128
1767173270.2602382,-1,0,-124
1767173270.271238,-1,0,-116
1767173270.281238,0,0,-114
1767173270.291238,3,-2,-118
1767173270.301238,0,1,-116
1767173270.3122382,1,2,-118
1767173270.321238,3,2,-126
1767173270.3312385,5,-3,-135
1767173270.3412385,2,-7,-130
1767173270.3512385,0,-7,-131
1767173270.3612382,4,-7,-129
1767173270.3712382,4,-3,-136
1767173270.3812382,2,-4,-134
1767173270.3912382,1,-6,-130
1767173270.413238,-4,0,-130
1767173270.4212382,-1,-2,-130
1767173270.4312382,0,1,-129
1767173270.4412382,0,7,-124
1767173270.4512382,1,4,-122
1767173270.461238,0,2,-119
1767173270.471238,0,2,-122
1767173270.481238,-1,-1,-130
1767173270.491238,-6,-1,-129
1767173270.501238,-1,-4,-134
1767173270.511238,-2,2,-134
1767173270.521238,-4,1,-132
1767173270.531238,2,4,-132
1767173270.541238,1,3,-131
1767173270.551238,-1,1,-131
1767173270.561238,-2,0,-136
1767173270.571238,-1,0,-131
1767173270.5812385,0,-2,-130
1767173270.5912385,-3,-3,-131
1767173270.6012385,-5,0,-133
1767173270.6112382,-6,-1,-139
1767173270.6212382,-4,-1,-130
1767173270.6312382,-3,0,-131
1767173270.6412382,-1,-2,-130
1767173270.6512382,-1,0,-128
1767173270.6612382,-4,2,-129
1767173270.6712382,-2,5,-129
1767173270.6812382,-2,0,-131
1767173270.6912382,-1,-4,-130
1767173270.7012382,-3,-3,-129
1767173270.711238,-5,0,-130
1767173270.721238,-10,-2,-136
1767173270.731238,-8,0,-131
1767173270.741238,-8,-1,-132
1767173270.751238,-6,-1,-140
1767173270.761238,-9,-1,-138
1767173270.771238,-9,-5,-132
1767173270.781238,-7,-8,-133
1767173270.791238,-7,-6,-129
1767173270.801238,-2,-4,-136
1767173270.811238,-1,-7,-143
1767173270.821238,0,-5,-143
1767173270.8312385,0,-3,-142
1767173270.8412385,1,-3,-138
1767173270.8512385,-2,-6,-132
1767173270.8612382,-1,-4,-135
1767173270.8712382,-2,-7,-130
1767173270.8812382,1,-5,-125
1767173270.8912382,0,-5,-131
1767173270.9012382,0,-6,-132
1767173270.9112382,-2,-5,-131
1767173270.9212382,-2,-2,-131
1767173270.9312382,2,2,-128
1767173270.9412382,5,3,-132
1767173270.9512382,6,4,-125
1767173270.961238,3,3,-131
1767173270.971238,0,7,-140
1767173270.981238,2,6,-137
1767173270.991238,0,4,-136
1767173271.001238,-2,1,-134
1767173271.011238,-10,2,-134
1767173271.021238,-6,4,-132
1767173271.031238,-5,0,-130
1767173271.041238,-5,0,-132
1767173271.051238,-3,4,-132
1767173271.061238,-4,2,-127
1767173271.071238,-2,0,-124
1767173271.0812385,-2,0,-123
1767173271.0912385,4,-1,-118
1767173271.1012385,0,-3,-121
1767173271.1112382,-5,-8,-123
1767173271.1212382,-5,-4,-132
1767173271.1312382,-2,-3,-126
1767173271.1412382,0,-3,-128
1767173271.1512382,1,-2,-130
1767173271.1612382,3,-4,-134
1767173271.1712382,5,-3,-132
1767173271.1812382,3,-3,-133
1767173271.1912382,0,-6,-129
1767173271.2012382,-2,-6,-124
1767173271.211238,2,-4,-132
1767173271.221238,1,-5,-136
1767173271.231238,1,-6,-135
1767173271.241238,-2,-3,-127
1767173271.251238,-5,-5,-133
1767173271.261238,-1,-6,-133
1767173271.271238,0,-4,-127
1767173271.281238,0,-6,-124
1767173271.291238,0,-9,-127
1767173271.301238,0,-7,-128
1767173271.311238,0,-9,-126
1767173271.321238,0,-10,-126
1767173271.3312385,-1,-3,-128
1767173271.3412385,2,1,-128
1767173271.3512385,6,4,-124
1767173271.3612382,3,0,-117
1767173271.3712382,4,0,-118
1767173271.3812382,9,0,-124
1767173271.3912382,8,0,-125
1767173271.4012382,6,0,-125
1767173271.4112382,5,1,-125
1767173271.4212382,3,0,-125
1767173271.4312382,5,2,-128
1767173271.4412382,9,1,-136
1767173271.4512382,6,1,-136
1767173271.461238,5,0,-135
1767173271.471238,2,0,-136
1767173271.481238,0,0,-142
1767173271.491238,-4,0,-141
1767173271.501238,-7,4,-141
1767173271.511238,-7,4,-140
1767173271.521238,-4,1,-142
1767173271.531238,-7,3,-144
1767173271.541238,-10,3,-142
1767173271.551238,-8,0,-143
1767173271.561238,-8,-4,-145
1767173271.571238,-7,-6,-151
1767173271.5812385,-12,-6,-152
1767173271.5912385,-11,-3,-145
1767173271.6012385,-10,1,-139
1767173271.6112382,-9,0,-135
1767173271.6212382,-12,0,-135
1767173271.6312382,-7,0,-130
1767173271.6412382,-8,-3,-128
1767173271.6512382,-10,-2,-127
1767173271.6612382,-11,-4,-123
1767173271.6712382,-8,0,-130
1767173271.6812382,-3,1,-133
1767173271.6912382,-1,-1,-133
1767173271.7012382,-5,0,-130
1767173271.711238,-4,2,-132
1767173271.721238,-2,3,-135
1767173271.731238,-4,3,-138
1767173271.741238,-6,2,-136
1767173271.751238,-4,0,-134
1767173271.761238,-2,0,-136
1767173271.771238,-3,-1,-137
1767173271.781238,1,-2,-127
1767173271.791238,0,0,-129
1767173271.801238,-2,3,-126
1767173271.811238,-4,5,-122
1767173271.821238,-4,0,-127
1767173271.8312385,-2,0,-123
1767173271.8412385,-4,0,-125
1767173271.8512385,-6,-2,-128
1767173271.8612382,-4,-2,-126
1767173271.8712382,-5,1,-131
1767173271.8812382,-2,1,-128
1767173271.8912382,0,0,-124
1767173271.9012382,-4,0,-129
1767173271.9112382,-9,0,-127
1767173271.9212382,-5,2,-135
1767173271.9312382,0,1,-137
1767173271.9412382,4,3,-131
1767173271.9512382,6,0,-128
1767173271.961238,0,2,-132
1767173271.971238,4,4,-140
1767173271.981238,4,0,-139
1767173271.991238,5,-4,-141
1767173272.001238,1,-5,-142
1767173272.011238,2,-3,-138
1767173272.021238,2,-4,-143
1767173272.031238,0,0,-141
1767173272.041238,1,-2,-133
1767173272.051238,5,-6,-134
1767173272.061238,4,-1,-131
1767173272.071238,-4,0,-126
1767173272.0812385,-6,3,-127
1767173272.0912385,-4,3,-128
1767173272.1012385,0,2,-136
1767173272.1112382,0,-1,-140
1767173272.1212382,-4,0,-134
1767173272.1312382,-6,-1,-132
1767173272.1412382,-7,0,-129
1767173272.1512382,-8,-2,-133
1767173272.1612382,-5,-7,-131
1767173272.1712382,0,-6,-131
1767173272.1812382,2,0,-131
1767173272.1912382,3,2,-136
1767173272.2012382,0,-2,-130
1767173272.211238,3,-3,-126
1767173272.221238,0,-4,-129
1767173272.231238,0,-3,-121
1767173272.241238,-2,-5,-119
1767173272.251238,0,-6,-119
1767173272.261238,3,-7,-123
1767173272.271238,7,-6,-124
1767173272.281238,11,-6,-130
1767173272.291238,13,-8,-129
1767173272.301238,7,-6,-130
1767173272.311238,12,-9,-135
1767173272.321238,10,-8,-137
1767173272.3312385,6,-4,-140
1767173272.3412385,1,-4,-136
1767173272.3512385,0,-3,-131
1767173272.3612382,-2,-5,-129
1767173272.3712382,0,-2,-131
1767173272.3812382,-2,-1,-132
1767173272.3912382,-3,-1,-133
1767173272.4012382,0,-2,-132
1767173272.4112382,-1,-4,-124
1767173272.4212382,0,-4,-126
1767173272.4312382,-1,-2,-129
1767173272.4412382,-1,-4,-127
1767173272.4512382,-3,-8,-128
1767173272.461238,-2,-9,-140
1767173272.471238,-1,-9,-142
1767173272.481238,-1,-7,-139
1767173272.491238,-1,-8,-136
1767173272.501238,1,-7,-133
1767173272.511238,2,-7,-134
1767173272.521238,2,-7,-132
1767173272.531238,-3,-7,-132
1767173272.541238,-5,-7,-133
1767173272.551238,-4,-5,-136
1767173272.561238,-1,-5,-134
1767173272.571238,-3,-5,-140
1767173272.5812385,0,-8,-136
1767173272.5912385,2,-9,-126
1767173272.6012385,-2,-10,-129
1767173272.6112382,-1,-7,-127
1767173272.6212382,-1,-5,-127
1767173272.6312382,-2,-2,-126
1767173272.6412382,1,-3,-130
1767173272.6512382,0,-3,-130
1767173272.6612382,2,-2,-131
1767173272.6712382,1,-1,-122
1767173272.6812382,1,0,-125
1767173272.6912382,-1,-1,-123
1767173272.7012382,-1,0,-125
1767173272.711238,0,0,-133
1767173272.721238,-1,-1,-135
1767173272.731238,0,-5,-140
1767173272.741238,-1,-2,-142
1767173272.751238,-2,-1,-149
1767173272.761238,0,-3,-150
1767173272.771238,0,-4,-153
1767173272.781238,-3,-1,-148
1767173272.791238,-1,-2,-142
1767173272.801238,0,-1,-144
1767173272.811238,-1,-4,-141
1767173272.821238,-5,-4,-135
1767173272.8312385,-6,-3,-135
1767173272.8412385,-6,-3,-137
1767173272.8512385,-5,-2,-138
1767173272.8612382,-1,-4,-136
1767173272.8722382,-2,-8,-134
1767173272.882238,-3,-9,-133
1767173272.8912382,-1,-10,-136
1767173272.902238,2,-11,-137
1767173272.9112382,-2,-12,-132
1767173272.9212382,-2,-6,-134
1767173272.932238,-4,-1,-141
1767173272.942238,-4,-1,-140
1767173272.952238,-5,-3,-129
1767173272.962238,-5,-7,-124
1767173272.972238,-2,-9,-126
1767173272.982238,-3,-7,-132
1767173272.992238,0,-5,-128
1767173273.002238,-1,-3,-126
1767173273.0122385,0,-3,-127
1767173273.0222385,-4,0,-124
1767173273.0322382,-7,-5,-123
1767173273.0422382,-8,-7,-125
1767173273.0522382,-11,-8,-127
1767173273.0622382,-6,-9,-131
1767173273.0722382,-3,-8,-135
1767173273.0822382,-4,-7,-133
1767173273.0922382,2,-4,-129
1767173273.1022382,3,-1,-129
1767173273.1122382,-1,-3,-128
1767173273.1222382,-8,-5,-130
1767173273.132238,-4,-3,-130
1767173273.142238,-1,-2,-130
1767173273.152238,-1,-1,-128
1767173273.162238,-5,-2,-130
1767173273.172238,-8,1,-132
1767173273.182238,-4,0,-134
1767173273.192238,-3,3,-121
1767173273.202238,0,1,-114
1767173273.212238,5,-1,-116
1767173273.222238,4,0,-116
1767173273.232238,6,-5,-117
1767173273.242238,4,-6,-119
1767173273.252238,-1,-4,-122
1767173273.2622385,-2,-2,-121
1767173273.2722385,-2,-3,-121
1767173273.2822382,-5,-2,-127
1767173273.2922382,-7,-4,-128
1767173273.3022382,-5,-5,-129
1767173273.3122382,-2,0,-128
1767173273.3222382,-1,-1,-126
1767173273.3322382,0,-2,-124
1767173273.3422382,0,-4,-124
1767173273.3522382,-1,-2,-127
1767173273.3622382,-5,-2,-129
1767173273.3722382,-3,-4,-129
1767173273.382238,-5,-4,-124
1767173273.392238,-7,0,-124
1767173273.402238,-7,-1,-128
1767173273.412238,-7,0,-127
1767173273.422238,-8,1,-124
1767173273.432238,-11,2,-128
1767173273.442238,-9,11,-128
1767173273.452238,-8,4,-124
1767173273.462238,-8,1,-123
1767173273.472238,-8,-4,-121
1767173273.482238,-10,-1,-124
1767173273.492238,-6,1,-122
1767173273.502238,-2,1,-121
1767173273.5122385,-1,0,-125
1767173273.5222385,0,0,-134
1767173273.5322382,-4,-3,-135
1767173273.5422382,0,-9,-132
1767173273.5522382,3,-8,-129
1767173273.5622382,1,-3,-132
1767173273.5722382,2,-5,-133
1767173273.5822382,4,-8,-137
1767173273.5922382,7,-8,-139
1767173273.6022382,4,-8,-134
1767173273.6122382,1,-8,-131
1767173273.6222382,1,-7,-127
1767173273.632238,-1,-5,-127
1767173273.642238,-3,-1,-127
1767173273.652238,-2,0,-131
1767173273.662238,-3,1,-127
1767173273.672238,0,0,-130
1767173273.682238,0,0,-124
1767173273.692238,-4,-4,-126
1767173273.702238,2,-1,-126
1767173273.712238,2,0,-124
1767173273.722238,4,-2,-118
1767173273.732238,0,0,-124
1767173273.742238,0,3,-128
1767173273.752238,-8,5,-128
1767173273.7622385,-7,4,-124
1767173273.7722385,-5,1,-123
1767173273.7822382,-3,2,-121
1767173273.7922382,0,2,-122
1767173273.8022382,-3,3,-129
1767173273.8122382,-3,2,-129
1767173273.8222382,-5,-1,-140
1767173273.8322382,-3,-2,-136
1767173273.8422382,-7,0,-131
1767173273.8522382,-6,4,-131
1767173273.8622382,-5,3,-129
1767173273.8722382,-6,3,-130
1767173273.882238,-5,7,-129
1767173273.892238,-2,7,-132
1767173273.902238,0,6,-136
1767173273.912238,-1,5,-136
1767173273.922238,1,4,-133
1767173273.932238,0,2,-134
1767173273.942238,0,5,-138
1767173273.952238,0,6,-137
1767173273.962238,0,0,-139
1767173273.972238,2,2,-136
1767173273.982238,0,0,-139
1767173273.992238,0,0,-132
1767173274.002238,2,-1,-133
1767173274.0122385,1,3,-132
1767173274.0222385,-4,0,-129
1767173274.0322382,-3,1,-127
1767173274.0422382,0,1,-122
1767173274.0522382,3,0,-120
1767173274.0622382,5,0,-118
1767173274.0722382,9,-3,-120
1767173274.0822382,8,-4,-117
1767173274.0922382,6,-3,-116
1767173274.1022382,3,0,-115
1767173274.1122382,0,0,-118
1767173274.1222382,-2,0,-118
1767173274.132238,-5,-2,-121
1767173274.142238,-4,-4,-124
1767173274.152238,0,-2,-121
1767173274.162238,7,-4,-121
1767173274.172238,7,-6,-125
1767173274.182238,6,-7,-132
1767173274.192238,7,-3,-123
1767173274.202238,2,-3,-120
1767173274.212238,1,-1,-127
1767173274.222238,1,-5,-124
1767173274.232238,4,-4,-120
1767173274.242238,0,-2,-120
1767173274.252238,0,-3,-117
1767173274.2622385,-1,-2,-119
1767173274.2722385,-3,-1,-124
1767173274.2822382,-6,-2,-133
1767173274.2922382,-1,-1,-140
1767173274.3022382,0,0,-140
1767173274.3122382,2,1,-136
1767173274.3222382,0,0,-134
1767173274.3322382,0,6,-135
1767173274.3422382,0,4,-139
1767173274.3522382,-2,3,-146
1767173274.3622382,-3,1,-143
1767173274.3722382,1,1,-145
1767173274.382238,7,3,-140
1767173274.392238,11,2,-135
1767173274.402238,5,4,-132
1767173274.412238,1,3,-129
1767173274.422238,0,0,-129
1767173274.432238,-2,4,-124
1767173274.442238,-3,2,-123
1767173274.452238,-5,0,-127
1767173274.462238,-9,0,-129
1767173274.472238,-9,2,-129
1767173274.482238,-8,2,-129
1767173274.492238,-6,6,-127
1767173274.502238,-3,4,-117
1767173274.5122385,-5,2,-114
1767173274.5222385,-9,1,-112
1767173274.5322382,-7,0,-119
1767173274.5422382,-2,1,-127
1767173274.5522382,-3,0,-128
1767173274.5622382,-6,-3,-127
1767173274.5722382,-7,0,-133
1767173274.5822382,-4,0,-135
1767173274.5922382,-6,0,-130
1767173274.6022382,-6,0,-130
1767173274.613238,-6,-4,-132
1767173274.6222382,-5,-7,-131
1767173274.632238,-4,-6,-129
1767173274.642238,1,-6,-138
1767173274.652238,6,-7,-140
1767173274.662238,7,-6,-139
1767173274.672238,8,-5,-138
1767173274.682238,8,-7,-133
1767173274.692238,3,-12,-134
1767173274.702238,0,-10,-133
1767173274.712238,0,-7,-127
1767173274.722238,1,0,-131
1767173274.732238,5,-4,-134
1767173274.742238,2,0,-134
1767173274.752238,0,-4,-133
1767173274.7622385,0,-2,-132
1767173274.7722385,0,0,-135
1767173274.7822382,-2,-1,-124
1767173274.7922382,-1,-3,-121
1767173274.8022382,-1,-5,-129
1767173274.8122382,2,-5,-135
1767173274.8222382,0,-4,-134
1767173274.8322382,2,-5,-135
1767173274.8422382,3,-3,-129
1767173274.8522382,2,0,-125
1767173274.8622382,-4,0,-126
1767173274.8722382,-8,-4,-125
1767173274.882238,-4,-3,-119
1767173274.892238,-6,-2,-122
1767173274.902238,-5,-2,-125
1767173274.912238,-5,-5,-126
1767173274.922238,-2,0,-125
1767173274.932238,-1,-1,-120
1767173274.942238,2,0,-123
1767173274.952238,2,-1,-124
1767173274.962238,1,0,-126
1767173274.972238,2,3,-129
1767173274.982238,4,3,-126
1767173274.992238,3,1,-125
1767173275.002238,5,1,-129
1767173275.0122385,0,3,-131
1767173275.0222385,2,5,-129
1767173275.0322382,3,3,-133
1767173275.0422382,1,1,-139
1767173275.0522382,3,2,-138
1767173275.0622382,2,3,-135
1767173275.0722382,2,8,-139
1767173275.0822382,7,11,-136
1767173275.0922382,9,10,-134
1767173275.1022382,9,6,-136
1767173275.1122382,6,4,-134
1767173275.1222382,6,5,-127
1767173275.132238,1,4,-123
1767173275.142238,-1,2,-119
1767173275.152238,-3,1,-121
1767173275.162238,-8,-4,-128
1767173275.172238,-7,-5,-127
1767173275.182238,-1,-4,-133
1767173275.192238,-4,-4,-129
1767173275.202238,-4,-5,-133
1767173275.212238,-1,0,-135
1767173275.222238,-1,5,-140
1767173275.232238,0,2,-136
1767173275.242238,0,1,-135
1767173275.252238,0,1,-133
1767173275.2622385,-1,1,-127
1767173275.2722385,2,2,-132
1767173275.2822382,3,0,-125
1767173275.2922382,8,1,-125
1767173275.3022382,7,-1,-135
1767173275.3122382,2,-1,-131
1767173275.3222382,-2,0,-135
1767173275.3322382,-1,-2,-136
1767173275.3422382,-5,-4,-130
1767173275.3522382,-6,-3,-129
1767173275.3622382,-6,-5,-127
1767173275.3722382,-8,-7,-125
1767173275.382238,-6,-2,-124
1767173275.392238,-7,-3,-125
1767173275.402238,-3,-5,-131
1767173275.4242382,-8,-7,-127
1767173275.432238,-9,-7,-123
1767173275.442238,-7,-3,-122
1767173275.452238,-8,-5,-127
1767173275.4632382,-6,-2,-123
1767173275.4732382,-6,-1,-125
1767173275.482238,-2,1,-128
1767173275.492238,1,0,-132
1767173275.502238,0,2,-130
1767173275.5122385,1,2,-128
1767173275.5222385,6,6,-133
1767173275.5332382,6,5,-134
1767173275.5432382,7,7,-128
1767173275.5532382,6,4,-128
1767173275.563238,9,9,-128
1767173275.573238,9,7,-131
1767173275.583238,6,3,-126
1767173275.593238,3,2,-131
1767173275.603238,2,3,-125
1767173275.613238,1,1,-126
1767173275.623238,-3,0,-122
1767173275.633238,-2,2,-130
1767173275.643238,-2,-1,-129
1767173275.653238,1,0,-133
1767173275.663238,1,0,-131
1767173275.673238,6,-3,-137
1767173275.6832385,6,-4,-137
1767173275.6932385,9,-2,-136
1767173275.7032382,4,-5,-136
1767173275.7132382,0,-7,-135
1767173275.7232382,-4,-9,-135
1767173275.7332382,-4,-6,-136
1767173275.7432382,-3,-3,-134
1767173275.7532382,-4,-2,-130
1767173275.7632382,-1,-4,-130
1767173275.7732382,-1,-7,-128
1767173275.7832382,1,-7,-131
1767173275.7932382,2,-6,-127
1767173275.8032382,0,-4,-126
1767173275.813238,-1,-6,-123
1767173275.823238,-2,-5,-131
1767173275.833238,0,-1,-134
1767173275.843238,-2,0,-131
1767173275.853238,-7,-1,-125
1767173275.863238,-6,-2,-128
1767173275.873238,-2,-4,-125
1767173275.883238,-3,-4,-129
1767173275.893238,-5,3,-130
1767173275.903238,-3,7,-124
1767173275.913238,-3,8,-124
1767173275.923238,-2,5,-129
1767173275.9332385,-3,3,-127
1767173275.9432385,0,0,-128
1767173275.9532382,1,-3,-130
1767173275.9632382,2,-3,-128
1767173275.9732382,-1,-3,-125
1767173275.9832382,-6,0,-131
1767173275.9932382,-8,0,-134
1767173276.0032382,-3,1,-128
1767173276.0132382,-1,0,-123
1767173276.0232382,4,-1,-122
1767173276.0332382,2,-3,-120
1767173276.0432382,7,0,-126
1767173276.0532382,4,1,-121
1767173276.063238,4,1,-119
1767173276.073238,6,1,-119
1767173276.083238,10,2,-115
1767173276.093238,7,8,-117
1767173276.103238,0,5,-116
1767173276.113238,-4,3,-118
1767173276.123238,-2,2,-125
1767173276.133238,4,-1,-125
1767173276.143238,2,-2,-114
1767173276.153238,2,-3,-115
1767173276.163238,1,-6,-119
1767173276.173238,2,-7,-120
1767173276.1832385,2,-2,-126
1767173276.1932385,4,-2,-123
1767173276.2032382,3,-1,-128
1767173276.2132382,4,1,-131
1767173276.2232382,3,-6,-132
1767173276.2332382,4,-5,-129
1767173276.2432382,0,-3,-128
1767173276.2532382,-1,-3,-133
1767173276.2632382,1,-3,-137
1767173276.2732382,1,-2,-130
1767173276.2832382,-1,3,-131
1767173276.2932382,-6,6,-130
1767173276.3032382,-5,8,-128
1767173276.313238,-9,9,-128
1767173276.323238,-9,5,-130
1767173276.333238,-2,4,-132
1767173276.343238,0,3,-128
1767173276.353238,-2,2,-125
1767173276.363238,0,3,-133
1767173276.373238,0,0,-136
1767173276.383238,3,-1,-137
1767173276.393238,2,0,-131
1767173276.403238,1,4,-135
1767173276.413238,-4,5,-139
1767173276.423238,-5,5,-146
1767173276.4332385,0,2,-148
1767173276.4432385,-1,-1,-148
1767173276.4532382,-3,0,-145
1767173276.4632382,-3,0,-139
1767173276.4732382,1,-2,-131
1767173276.4832382,7,-5,-126
1767173276.4932382,3,-4,-127
1767173276.5032382,4,-4,-121
1767173276.5132382,1,-3,-125
1767173276.5232382,-1,-1,-120
1767173276.5332382,0,-1,-114
1767173276.5432382,0,-3,-118
1767173276.5532382,2,-5,-117
1767173276.563238,5,-3,-119
1767173276.573238,7,-3,-123
1767173276.583238,8,-1,-120
1767173276.593238,1,4,-122
1767173276.603238,-3,8,-129
1767173276.613238,-2,6,-126
1767173276.623238,-1,9,-125
1767173276.633238,0,2,-120
1767173276.643238,0,1,-120
1767173276.653238,-2,2,-122
1767173276.663238,-5,2,-127
1767173276.673238,-3,2,-126
1767173276.6832385,-3,2,-128
1767173276.6932385,-1,3,-128
1767173276.7032382,2,2,-132
1767173276.7132382,-1,4,-136
1767173276.7232382,-2,3,-140
1767173276.7332382,-3,1,-140
1767173276.7432382,-4,0,-136
1767173276.7532382,-4,0,-133
1767173276.7632382,-3,-2,-135
1767173276.7732382,-2,-3,-139
1767173276.7832382,-3,-5,-131
1767173276.7932382,-6,-5,-131
1767173276.8032382,-3,0,-128
1767173276.813238,-2,0,-124
1767173276.823238,-4,-1,-119
1767173276.833238,-1,-2,-123
1767173276.843238,-5,0,-127
1767173276.853238,-9,0,-125
1767173276.863238,-10,0,-124
1767173276.873238,-10,1,-126
1767173276.883238,-7,0,-122
1767173276.893238,-5,0,-123
1767173276.903238,-4,0,-126
1767173276.913238,-4,1,-128
1767173276.923238,-4,0,-127
1767173276.9332385,-4,-1,-123
1767173276.9432385,-5,-3,-125
1767173276.9532382,-3,-1,-129
1767173276.9632382,-4,0,-129
1767173276.9732382,-3,-1,-132
1767173276.9832382,2,0,-137
1767173276.9932382,0,-1,-135
1767173277.0032382,-2,-5,-137
1767173277.0132382,-2,-6,-141
1767173277.0232382,0,-2,-140
1767173277.0332382,-2,-5,-134
1767173277.0432382,3,-1,-141
1767173277.0532382,2,-5,-140
1767173277.063238,0,-10,-142
1767173277.073238,2,-11,-140
1767173277.083238,0,-7,-143
1767173277.093238,-6,-7,-144
1767173277.103238,-5,-4,-135
1767173277.113238,-2,-1,-139
1767173277.123238,-4,0,-143
1767173277.133238,-3,-2,-142
1767173277.143238,0,-1,-146
1767173277.153238,0,0,-141
1767173277.163238,-3,-3,-134
1767173277.173238,-5,-1,-126
1767173277.1832385,-1,0,-123
1767173277.1932385,1,-1,-130
1767173277.2032382,5,0,-130
1767173277.2132382,2,2,-126
1767173277.2232382,3,0,-128
1767173277.2332382,3,0,-129
1767173277.2432382,5,1,-129
1767173277.2532382,6,0,-121
1767173277.2632382,5,-3,-126
1767173277.2732382,4,-5,-125
1767173277.2832382,1,-10,-126
1767173277.2932382,0,-8,-128
1767173277.3032382,-1,-7,-128
1767173277.313238,-2,-5,-131
1767173277.323238,0,-3,-131
1767173277.333238,1,-3,-130
1767173277.343238,1,-4,-125
1767173277.353238,-1,-6,-127
1767173277.363238,-2,-2,-124
1767173277.373238,0,1,-125
1767173277.383238,-1,0,-127
1767173277.393238,2,-3,-129
1767173277.403238,7,0,-134
1767173277.413238,5,-1,-131
1767173277.423238,1,-5,-133
1767173277.4332385,3,-4,-134
1767173277.4432385,3,4,-129
1767173277.4532382,4,4,-129
1767173277.4632382,6,0,-124
1767173277.4732382,4,-3,-129
1767173277.4832382,-2,-5,-126
1767173277.4932382,3,-3,-121
1767173277.5032382,6,-3,-116
1767173277.5132382,3,-2,-111
1767173277.5232382,5,-7,-110
1767173277.5332382,6,-5,-116
1767173277.5432382,8,-1,-118
1767173277.5532382,4,-1,-121
1767173277.563238,0,-4,-125
1767173277.573238,-5,-2,-129
1767173277.583238,-4,-2,-126
1767173277.593238,-4,-1,-131
1767173277.603238,-2,0,-135
1767173277.613238,0,-3,-134
1767173277.623238,-4,-3,-137
1767173277.633238,-5,-3,-135
1767173277.643238,-6,-3,-134
1767173277.653238,-9,-1,-134
1767173277.663238,-10,-2,-136
1767173277.673238,-5,-5,-132
1767173277.6832385,-11,-8,-134
1767173277.6932385,-10,-9,-129
1767173277.7032382,-10,-7,-125
1767173277.7132382,-9,-4,-127
1767173277.7232382,-5,0,-136
1767173277.7332382,-4,0,-138
1767173277.7432382,-8,0,-138
1767173277.7532382,-10,0,-134
1767173277.7632382,-3,1,-128
1767173277.7732382,0,0,-127
1767173277.7832382,4,0,-127
1767173277.7932382,0,-2,-119
1767173277.8032382,0,0,-113
1767173277.813238,-4,-1,-115
1767173277.823238,-10,-1,-118
1767173277.833238,-10,-1,-120
1767173277.843238,-11,0,-123
1767173277.853238,-10,-1,-126
1767173277.863238,-12,0,-133
1767173277.873238,-9,0,-133
1767173277.883238,-5,2,-134
1767173277.893238,-3,0,-126
1767173277.903238,-4,1,-126
1767173277.913238,-1,1,-125
1767173277.923238,-4,1,-132
1767173277.9332385,-6,0,-129
1767173277.9432385,-5,2,-126
1767173277.9532382,-6,1,-125
1767173277.9632382,-3,-1,-124
1767173277.9732382,-1,-4,-126
1767173277.9832382,0,-4,-125
1767173277.9932382,2,-5,-124
1767173278.0032382,3,-5,-128
1767173278.0132382,1,-4,-127
1767173278.0232382,0,-7,-126
1767173278.0332382,-3,-6,-131
1767173278.0432382,-5,-9,-129
1767173278.0532382,-3,-9,-125
1767173278.063238,0,-6,-125
1767173278.073238,0,-1,-126
1767173278.083238,0,1,-128
1767173278.094238,0,0,-129
1767173278.1042385,-4,0,-130
1767173278.1142385,-3,0,-134
1767173278.123238,-1,4,-129
1767173278.1342382,-2,5,-131
1767173278.1442382,-1,4,-134
1767173278.1542382,0,2,-133
1767173278.1642382,2,10,-135
1767173278.1742382,5,8,-131
1767173278.1842382,3,8,-128
1767173278.1942382,3,7,-129
1767173278.2042382,3,2,-128
1767173278.2142382,2,-2,-127
1767173278.2242382,-2,-2,-127
1767173278.234238,-5,0,-127
1767173278.244238,-3,-4,-129
1767173278.254238,0,-1,-134
1767173278.264238,0,-4,-141
1767173278.274238,-1,-7,-138
1767173278.284238,-4,-3,-135
1767173278.294238,-6,-4,-138
1767173278.304238,-6,-5,-135
1767173278.314238,-2,-4,-131
1767173278.324238,-4,-2,-134
1767173278.334238,-6,-1,-137
1767173278.344238,-6,-4,-139
1767173278.3542385,-7,-5,-134
1767173278.3642385,-8,-2,-126
1767173278.3742385,-4,-6,-119
1767173278.3842382,-1,0,-119
1767173278.3942382,1,-3,-119
1767173278.4042382,-1,-3,-122
1767173278.4142382,-3,-4,-125
1767173278.4242382,-3,-3,-126
1767173278.4342382,-1,-6,-130
1767173278.4442382,0,-9,-128
1767173278.4542382,-2,-7,-126
1767173278.4642382,-4,-6,-122
1767173278.4742382,-3,-3,-129
1767173278.484238,-1,1,-133
1767173278.494238,-2,0,-135
1767173278.504238,-6,3,-129
1767173278.514238,-7,-1,-132
1767173278.524238,-5,0,-134
1767173278.534238,-9,3,-136
1767173278.544238,-10,5,-136
1767173278.554238,-5,0,-138
1767173278.564238,-3,-2,-134
1767173278.574238,0,-3,-131
1767173278.584238,-3,3,-121
1767173278.594238,1,0,-119
1767173278.6042385,2,-2,-124
1767173278.6142385,2,-3,-123
1767173278.6242385,0,0,-124
1767173278.6342382,0,0,-134
1767173278.6442382,-2,-1,-137
1767173278.6542382,-3,0,-137
1767173278.6642382,-1,-3,-129
1767173278.6742382,2,-4,-125
1767173278.6842382,3,0,-118
1767173278.6942382,1,4,-116
1767173278.7042382,6,5,-115
1767173278.7142382,2,7,-122
1767173278.7242382,4,7,-119
1767173278.734238,-2,6,-125
1767173278.744238,1,5,-123
1767173278.754238,-2,1,-122
1767173278.764238,-4,-1,-124
1767173278.774238,-2,-2,-125
1767173278.784238,0,-8,-116
1767173278.794238,0,-3,-121
1767173278.804238,4,1,-131
1767173278.814238,1,3,-130
1767173278.824238,3,1,-131
1767173278.834238,1,-1,-132
1767173278.844238,6,-6,-132
1767173278.8542385,1,-2,-133
1767173278.8642385,-3,0,-131
1767173278.8742385,1,-4,-130
1767173278.8842382,2,-3,-134
1767173278.8942382,3,-3,-132
1767173278.9042382,4,-7,-125
1767173278.9142382,6,-8,-121
1767173278.9242382,5,-14,-126
1767173278.9342382,1,-15,-125
1767173278.9442382,0,-13,-120
1767173278.9542382,4,-11,-118
1767173278.9642382,4,-9,-126
1767173278.9742382,2,-7,-131
1767173278.984238,-3,-6,-137
1767173278.994238,0,-5,-136
1767173279.004238,0,-2,-124
1767173279.014238,-2,-2,-127
1767173279.024238,-5,-4,-127
1767173279.034238,-3,-1,-125
1767173279.044238,-1,-1,-129
1767173279.054238,0,-2,-128
1767173279.064238,-4,0,-131
1767173279.074238,-4,1,-131
1767173279.084238,0,-1,-132
1767173279.094238,3,4,-135
1767173279.1042385,1,2,-136
1767173279.1142385,0,4,-141
1767173279.1242385,-1,5,-138
1767173279.1342382,0,5,-141
1767173279.1442382,0,0,-139
1767173279.1542382,0,-1,-141
1767173279.1642382,-1,-4,-135
1767173279.1742382,2,-4,-135
1767173279.1842382,3,-2,-133
1767173279.1942382,5,-4,-129
1767173279.2042382,2,2,-126
1767173279.2142382,0,0,-128
1767173279.2242382,2,-1,-130
1767173279.234238,5,-4,-128
1767173279.244238,4,1,-119
1767173279.254238,8,7,-123
1767173279.264238,7,2,-125
1767173279.274238,0,-2,-129
1767173279.284238,0,-1,-125
1767173279.294238,0,-4,-124
1767173279.304238,-3,-5,-122
1767173279.314238,-1,-4,-116
1767173279.324238,-3,-6,-116
1767173279.334238,-3,-6,-117
1767173279.344238,-8,-3,-113
1767173279.3542385,-9,-3,-121
1767173279.3642385,-10,-2,-127
1767173279.3742385,-5,-2,-127
1767173279.3842382,-5,-2,-123
1767173279.3942382,-3,-4,-127
1767173279.4042382,0,-3,-135
1767173279.4142382,2,0,-124
1767173279.4242382,1,5,-118
1767173279.4342382,0,0,-120
1767173279.4442382,2,1,-117
1767173279.4542382,0,-1,-123
1767173279.4642382,4,-7,-122
1767173279.4742382,2,-5,-128
1767173279.484238,1,-1,-124
1767173279.494238,0,0,-119
1767173279.504238,0,2,-123
1767173279.514238,0,2,-129
1767173279.524238,0,2,-129
1767173279.534238,1,3,-124
1767173279.544238,0,5,-121
1767173279.554238,-2,0,-126
1767173279.564238,-1,0,-125
1767173279.574238,-1,-2,-127
1767173279.584238,-2,0,-126
1767173279.594238,-2,4,-132
1767173279.6042385,-3,0,-132
1767173279.6142385,-5,0,-131
1767173279.6242385,-3,-2,-132
1767173279.6342382,-2,-4,-133
1767173279.6442382,-1,-5,-132
1767173279.6542382,-1,-4,-129
1767173279.6642382,-2,-5,-130
1767173279.6742382,0,-2,-127
1767173279.6842382,1,-3,-121
1767173279.6942382,2,-8,-121
1767173279.7042382,2,-4,-126
1767173279.7142382,5,0,-123
1767173279.7242382,0,-2,-128
1767173279.734238,0,-5,-129
1767173279.744238,0,-1,-127
1767173279.754238,4,1,-124
1767173279.764238,2,5,-125
1767173279.774238,1,2,-130
1767173279.784238,2,2,-131
1767173279.794238,1,5,-138
1767173279.804238,2,1,-138
1767173279.814238,2,1,-139
1767173279.824238,2,1,-136
1767173279.834238,1,5,-138
1767173279.844238,3,3,-140
1767173279.8542385,1,3,-145
1767173279.8642385,0,0,-148
1767173279.8742385,-1,0,-143
1767173279.8842382,-1,0,-139
1767173279.8942382,0,2,-134
1767173279.9042382,-1,5,-133
1767173279.9142382,-4,3,-131
1767173279.9242382,0,5,-126
1767173279.9342382,0,2,-123
1767173279.9442382,2,2,-126
1767173279.9542382,0,3,-134
1767173279.9642382,2,0,-129
1767173279.9742382,2,0,-125
1767173279.984238,-5,1,-123
1767173279.994238,0,4,-128
1767173280.004238,-4,4,-126
1767173280.014238,-5,3,-130
1767173280.024238,-8,5,-131
1767173280.034238,-4,3,-135
1767173280.044238,-2,0,-132
1767173280.054238,-1,0,-133
1767173280.064238,-3,0,-127
1767173280.074238,0,-2,-127
1767173280.084238,-1,0,-120
1767173280.094238,1,1,-119
1767173280.1042385,1,1,-123
1767173280.1142385,2,0,-113
1767173280.1242385,-4,1,-120
1767173280.1342382,-5,-1,-126
1767173280.1442382,-3,-1,-131
1767173280.1542382,-4,-2,-136
1767173280.1642382,-3,-1,-135
1767173280.1742382,-1,4,-129
1767173280.1842382,-8,0,-126
1767173280.1942382,-3,1,-121
1767173280.2042382,0,3,-126
1767173280.2142382,2,0,-127
1767173280.2242382,2,-3,-129
1767173280.234238,1,-1,-127
1767173280.244238,0,0,-128
1767173280.254238,-1,2,-126
1767173280.264238,-4,2,-124
1767173280.274238,-4,1,-131
1767173280.284238,-7,3,-139
1767173280.294238,-2,4,-133
1767173280.304238,-1,4,-126
1767173280.314238,-2,6,-125
1767173280.324238,0,8,-127
1767173280.334238,1,7,-128
1767173280.344238,0,4,-128
1767173280.3542385,-2,7,-133
1767173280.3642385,-1,8,-132
1767173280.3742385,3,5,-129
1767173280.3842382,1,5,-124
1767173280.3942382,0,1,-123
1767173280.4042382,-3,-2,-124
1767173280.4142382,0,0,-126
1767173280.435238,3,0,-128
1767173280.4442382,4,0,-127
1767173280.4542382,2,-9,-126
1767173280.4642382,-3,-5,-134
1767173280.4742382,-3,-5,-133
1767173280.484238,-3,-5,-131
1767173280.494238,0,-4,-128
1767173280.504238,0,-5,-121
1767173280.514238,1,-1,-126
1767173280.524238,0,1,-127
1767173280.534238,-1,-2,-125
1767173280.544238,-6,-3,-124
1767173280.554238,-10,-1,-129
1767173280.564238,-13,0,-134
1767173280.574238,-9,3,-133
1767173280.584238,-9,2,-136
1767173280.594238,-4,-2,-137
1767173280.6042385,0,0,-140
1767173280.6142385,0,-2,-138
1767173280.6242385,-1,-4,-138
1767173280.6342382,2,-8,-133
1767173280.6442382,3,-9,-133
1767173280.6542382,1,-7,-133
1767173280.6642382,0,-6,-130
1767173280.6742382,2,-6,-129
1767173280.6842382,-1,-2,-134
1767173280.695238,-4,0,-127
1767173280.7042382,0,2,-125
1767173280.7142382,0,3,-128
1767173280.7242382,4,2,-131
1767173280.735238,4,3,-136
1767173280.745238,0,4,-137
1767173280.755238,3,0,-137
1767173280.765238,-1,-1,-143
1767173280.775238,1,-4,-143
1767173280.7852385,-3,-5,-144
1767173280.7952385,-7,-5,-148
1767173280.8052382,-9,-2,-143
1767173280.8152382,-8,-2,-141
1767173280.8252382,-10,-1,-141
1767173280.8352382,-4,0,-131
1767173280.8452382,-5,-2,-135
1767173280.8552382,1,-4,-131
1767173280.8652382,4,-6,-123
1767173280.8752382,4,0,-128
1767173280.8852382,1,0,-134
1767173280.8952382,3,1,-135
1767173280.9052382,1,-1,-126
1767173280.915238,0,-1,-126
1767173280.925238,-5,-3,-129
1767173280.935238,-6,0,-129
1767173280.945238,-8,-1,-132
1767173280.955238,-2,-2,-130
1767173280.965238,-1,0,-126
1767173280.975238,-2,0,-121
1767173280.985238,0,-1,-125
1767173280.995238,-1,-1,-123
1767173281.005238,0,-2,-118
1767173281.015238,-3,-5,-122
1767173281.025238,-2,-9,-129
1767173281.0352385,-1,-7,-136
1767173281.0452385,2,-6,-134
1767173281.0552382,0,-4,-134
1767173281.0652382,-1,-5,-131
1767173281.0752382,-2,-2,-127
1767173281.0852382,-3,0,-126
1767173281.0952382,-4,-1,-128
1767173281.1052382,-7,1,-122
1767173281.1152382,-8,3,-119
1767173281.1252382,-2,0,-118
1767173281.1352382,-7,-1,-119
1767173281.1452382,-9,0,-122
1767173281.1552382,-9,0,-118
1767173281.165238,-15,-1,-122
1767173281.175238,-13,-4,-118
1767173281.185238,-4,-5,-120
1767173281.195238,-1,-3,-118
1767173281.205238,3,-2,-111
1767173281.215238,-2,0,-117
1767173281.225238,-5,-2,-114
1767173281.235238,-1,-2,-115
1767173281.245238,4,-5,-117
1767173281.255238,4,-4,-121
1767173281.265238,1,-1,-125
1767173281.275238,0,-1,-126
1767173281.2852385,-1,2,-126
1767173281.2952385,0,7,-123
1767173281.3052382,-4,5,-120
1767173281.3152382,-4,5,-119
1767173281.3252382,-3,3,-116
1767173281.3352382,0,1,-114
1767173281.3452382,0,0,-117
1767173281.3552382,2,3,-123
1767173281.3652382,-1,2,-130
1767173281.3752382,-4,0,-131
1767173281.3852382,-8,4,-130
1767173281.3952382,-4,1,-138
1767173281.4052382,-2,1,-139
1767173281.415238,-1,5,-141
1767173281.425238,-2,2,-134
1767173281.435238,-1,0,-140
1767173281.445238,-5,0,-136
1767173281.455238,-4,1,-131
1767173281.465238,-8,5,-132
1767173281.475238,-7,3,-133
1767173281.485238,-9,1,-134
1767173281.495238,-3,3,-141
1767173281.505238,1,0,-135
1767173281.515238,3,-1,-131
1767173281.525238,7,-4,-129
1767173281.5352385,2,-3,-128
1767173281.5452385,0,-2,-122
1767173281.5552382,0,-3,-124
1767173281.5652382,3,-9,-130
1767173281.5752382,0,-8,-133
1767173281.5852382,-3,-8,-126
1767173281.5952382,-3,-5,-126
1767173281.6052382,-3,-4,-129
1767173281.6152382,-8,-2,-128
1767173281.6252382,-8,-2,-125
1767173281.6352382,-7,-4,-124
1767173281.6452382,-9,-7,-127
1767173281.6552382,-4,-7,-129
1767173281.665238,-1,-2,-121
1767173281.675238,-1,-6,-125
1767173281.685238,-6,-6,-125
1767173281.695238,-4,-2,-121
1767173281.705238,-4,-5,-116
1767173281.715238,-5,-2,-117
1767173281.725238,1,-1,-123
1767173281.735238,0,-4,-126
1767173281.745238,-1,0,-128
1767173281.755238,1,0,-131
1767173281.765238,1,0,-127
1767173281.775238,2,-3,-127
1767173281.7852385,1,-3,-128
1767173281.7952385,0,-4,-121
1767173281.8052382,-3,-6,-121
1767173281.8152382,0,0,-122
1767173281.8252382,1,1,-126
1767173281.8352382,4,0,-127
1767173281.8452382,6,1,-129
1767173281.8552382,7,0,-125
1767173281.8652382,5,-1,-121
1767173281.8752382,7,1,-120
1767173281.8852382,2,0,-120
1767173281.8952382,2,2,-126
1767173281.9052382,3,3,-128
1767173281.915238,2,1,-125
1767173281.925238,3,3,-127
1767173281.935238,4,4,-130
1767173281.945238,1,1,-136
1767173281.955238,4,1,-135
1767173281.965238,3,-3,-133
1767173281.975238,0,-5,-135
1767173281.9862382,0,-7,-131
1767173281.995238,-1,-6,-126
1767173282.005238,0,-5,-122
1767173282.015238,-1,-3,-119
1767173282.025238,-3,-4,-125
1767173282.0352385,-4,-8,-125
1767173282.0452385,-3,-3,-126
1767173282.0552382,-1,-1,-125
1767173282.0652382,0,0,-125
1767173282.0752382,1,0,-125
1767173282.0852382,0,-1,-124
1767173282.0952382,-2,1,-117
1767173282.1052382,-4,1,-117
1767173282.1152382,-4,3,-122
1767173282.1252382,-9,2,-119
1767173282.1352382,-7,0,-120
1767173282.1452382,-2,-6,-123
1767173282.1552382,-3,-4,-120
1767173282.165238,-5,-4,-125
1767173282.175238,-1,-4,-129
1767173282.185238,0,0,-128
1767173282.195238,-2,0,-127
1767173282.205238,-3,-2,-134
1767173282.215238,-5,-2,-136
1767173282.225238,-6,0,-132
1767173282.235238,-7,-2,-124
1767173282.245238,-5,-1,-131
1767173282.255238,-2,1,-133
1767173282.265238,3,3,-133
1767173282.275238,0,1,-135
1767173282.2852385,0,2,-139
1767173282.2952385,0,2,-139
1767173282.3052382,-1,0,-137
1767173282.3152382,-2,-2,-136
1767173282.3252382,-1,0,-138
1767173282.3352382,-1,1,-139
1767173282.3452382,-2,0,-137
1767173282.3552382,0,-1,-138
1767173282.3652382,2,-5,-131
1767173282.3752382,0,0,-130
1767173282.3852382,0,1,-129
1767173282.3952382,-2,-1,-126
1767173282.4052382,-3,2,-119
1767173282.415238,-4,-1,-120
1767173282.425238,-3,0,-119
1767173282.435238,-2,5,-119
1767173282.445238,0,2,-122
1767173282.455238,0,1,-124
1767173282.465238,-1,2,-122
1767173282.475238,-2,4,-125
1767173282.485238,-2,2,-124
1767173282.495238,-3,0,-134
1767173282.505238,-7,0,-131
1767173282.515238,-9,1,-134
1767173282.525238,-3,-2,-133
1767173282.5352385,-3,-1,-134
1767173282.5452385,-3,-1,-136
1767173282.5552382,-3,0,-134
1767173282.5652382,-4,0,-137
1767173282.5752382,-2,6,-127
1767173282.5852382,-5,2,-125
1767173282.5952382,-7,3,-121
1767173282.6052382,-4,3,-120
1767173282.6152382,-1,2,-117
1767173282.6252382,1,1,-119
1767173282.6352382,3,2,-113
1767173282.6452382,0,2,-119
1767173282.6552382,0,3,-119
1767173282.665238,-1,3,-122
1767173282.675238,-5,4,-119
1767173282.685238,-6,4,-123
1767173282.695238,-2,1,-127
1767173282.705238,0,-2,-122
1767173282.715238,1,5,-120
1767173282.725238,0,0,-114
1767173282.735238,1,-3,-114
1767173282.745238,-2,-1,-121
1767173282.755238,1,-2,-122
1767173282.765238,-5,-5,-124
1767173282.775238,-11,-7,-127
1767173282.7852385,-5,-2,-128
1767173282.7952385,-6,1,-132
1767173282.8052382,-1,4,-133
1767173282.8152382,3,0,-131
1767173282.8252382,6,-2,-129
1767173282.8352382,8,-2,-126
1767173282.8452382,6,2,-123
1767173282.8552382,5,1,-118
1767173282.8652382,2,1,-118
1767173282.8752382,-2,0,-121
1767173282.8852382,-1,-2,-119
1767173282.8952382,-7,-4,-116
1767173282.9052382,-7,-5,-119
1767173282.915238,-6,-4,-121
1767173282.925238,-7,0,-123
1767173282.935238,-4,0,-122
1767173282.945238,-5,0,-129
1767173282.955238,-4,0,-128
1767173282.965238,0,0,-133
1767173282.975238,1,0,-132
1767173282.985238,4,4,-126
1767173282.995238,5,4,-129
1767173283.005238,10,2,-126
1767173283.015238,7,2,-126
1767173283.025238,7,1,-120
1767173283.0352385,6,0,-115
1767173283.0452385,3,1,-113
1767173283.0552382,2,2,-114
1767173283.0652382,7,4,-122
1767173283.0752382,10,1,-137
1767173283.0852382,10,4,-141
1767173283.0952382,4,3,-138
1767173283.1052382,1,2,-131
1767173283.1152382,0,0,-124
1767173283.1252382,0,0,-119
1767173283.1352382,0,-3,-113
1767173283.1452382,0,-7,-119
1767173283.1552382,2,-9,-118
1767173283.165238,0,-10,-120
1767173283.175238,1,-9,-120
1767173283.185238,5,-8,-124
1767173283.195238,5,-6,-125
1767173283.205238,0,-2,-126
1767173283.215238,-3,-3,-122
1767173283.225238,2,-8,-121
1767173283.235238,-4,-9,-126
1767173283.245238,-1,-8,-123
1767173283.255238,0,-11,-119
1767173283.265238,1,-11,-117
1767173283.275238,4,-2,-123
1767173283.2852385,2,2,-124
1767173283.2952385,4,2,-120
1767173283.3052382,4,0,-121
1767173283.3152382,-1,1,-123
1767173283.3252382,-6,0,-128
1767173283.3352382,-2,-3,-128
1767173283.346238,-1,-3,-125
1767173283.356238,-1,-3,-132
1767173283.366238,0,-6,-133
1767173283.3752382,-5,-5,-131
1767173283.386238,-2,-1,-135
1767173283.396238,-1,0,-131
1767173283.406238,0,2,-130
1767173283.416238,3,3,-125
1767173283.425238,-1,0,-126
1767173283.436238,0,3,-129
1767173283.446238,4,1,-126
1767173283.4562385,0,-3,-129
1767173283.4662385,-1,-6,-128
1767173283.4762385,0,-4,-129
1767173283.4862382,-5,-1,-130
1767173283.4962382,-5,2,-131
1767173283.5062382,1,1,-137
1767173283.5162382,3,0,-132
1767173283.5262382,2,1,-129
1767173283.5362382,5,0,-131
1767173283.5462382,6,0,-132
1767173283.5562382,4,1,-128
1767173283.5662382,-1,0,-127
1767173283.5762382,-5,0,-124
1767173283.586238,-9,0,-122
1767173283.596238,-7,1,-124
1767173283.606238,-6,2,-128
1767173283.616238,-6,0,-130
1767173283.626238,-4,6,-125
1767173283.636238,-7,4,-124
1767173283.646238,-10,3,-132
1767173283.656238,-9,3,-138
1767173283.666238,-9,0,-137
1767173283.676238,-5,-1,-133
1767173283.686238,-7,0,-134
1767173283.696238,-1,-4,-132
1767173283.7062385,5,-5,-133
1767173283.7162385,6,-11,-121
1767173283.7262385,3,-8,-124
1767173283.7362382,-1,-1,-126
1767173283.7462382,-7,1,-124
1767173283.7562382,-3,1,-129
1767173283.7662382,-2,5,-118
1767173283.7762382,-3,4,-119
1767173283.7862382,-2,5,-117
1767173283.7962382,-3,2,-120
1767173283.8062382,0,0,-128
1767173283.8162382,-3,0,-133
1767173283.8262382,-4,-2,-128
1767173283.836238,0,0,-129
1767173283.846238,-1,4,-124
1767173283.856238,0,5,-125
1767173283.866238,3,2,-127
1767173283.876238,4,0,-132
1767173283.886238,0,0,-133
1767173283.896238,0,0,-132
1767173283.906238,-1,4,-128
1767173283.916238,-5,-1,-124
1767173283.926238,-5,0,-124
1767173283.936238,0,3,-128
1767173283.946238,1,1,-135
1767173283.9562385,2,2,-132
1767173283.9662385,0,3,-132
1767173283.9762385,0,0,-128
1767173283.9862382,2,1,-129
1767173283.9962382,4,0,-124
1767173284.0062382,5,0,-129
1767173284.0162382,2,-4,-129
1767173284.0262382,0,-3,-126
1767173284.0362382,0,-3,-121
1767173284.0462382,-3,2,-120
1767173284.0562382,1,1,-126
1767173284.0662382,0,1,-128
1767173284.0762382,-5,5,-124
1767173284.086238,-5,0,-132
1767173284.096238,-2,2,-136
1767173284.106238,-1,0,-139
1767173284.116238,3,1,-133
1767173284.126238,1,0,-136
1767173284.136238,3,-3,-131
1767173284.146238,4,2,-129
1767173284.156238,0,4,-123
1767173284.166238,-5,6,-127
1767173284.176238,-6,7,-130
1767173284.186238,-7,4,-130
1767173284.196238,-6,1,-132
1767173284.2062385,-8,0,-130
1767173284.2162385,-8,-1,-127
1767173284.2262385,-6,0,-123
1767173284.2362382,-3,2,-118
1767173284.2462382,-1,2,-118
1767173284.2562382,-2,0,-116
1767173284.2662382,-4,1,-118
1767173284.2762382,-6,-1,-119
1767173284.2862382,-3,1,-128
1767173284.2962382,-5,0,-133
1767173284.3062382,-3,-1,-134
1767173284.3162382,0,2,-131
1767173284.3262382,1,0,-120
1767173284.336238,1,0,-123
1767173284.346238,1,-2,-128
1767173284.356238,0,0,-132
1767173284.366238,-2,4,-134
1767173284.376238,0,3,-130
1767173284.386238,0,6,-127
1767173284.396238,-2,4,-120
1767173284.406238,-3,2,-125
1767173284.416238,-4,1,-124
1767173284.426238,-2,4,-125
1767173284.436238,0,0,-132
1767173284.446238,-3,4,-129
1767173284.4562385,-3,2,-128
1767173284.4662385,0,0,-125
1767173284.4762385,0,-2,-122
1767173284.4862382,1,-2,-124
1767173284.4962382,-6,-1,-124
1767173284.5062382,-10,0,-125
1767173284.5162382,-2,1,-124
1767173284.5262382,-1,3,-131
1767173284.5362382,-6,1,-135
1767173284.5462382,-3,0,-132
1767173284.5562382,0,0,-128
1767173284.5662382,4,2,-131
1767173284.5762382,4,3,-131
1767173284.586238,2,3,-132
1767173284.596238,1,-1,-129
1767173284.606238,0,-7,-127
1767173284.616238,-5,-8,-124
1767173284.626238,-6,-6,-123
1767173284.636238,1,-4,-124
1767173284.646238,0,-5,-121
1767173284.656238,0,-1,-117
1767173284.666238,-4,1,-118
1767173284.676238,-5,-1,-120
1767173284.686238,-5,-1,-119
1767173284.696238,-3,-1,-125
1767173284.7062385,0,0,-128
1767173284.7162385,-2,-3,-126
1767173284.7262385,0,-1,-125
1767173284.7362382,4,0,-123
1767173284.7462382,2,-5,-127
1767173284.7562382,0,-3,-124
1767173284.7662382,0,-2,-118
1767173284.7762382,0,-5,-116
1767173284.7862382,2,-5,-116
1767173284.7962382,2,1,-118
1767173284.8062382,1,1,-126
1767173284.8162382,0,2,-128
1767173284.8262382,1,6,-130
1767173284.836238,-3,5,-126
1767173284.846238,-6,0,-118
1767173284.856238,-7,-2,-121
1767173284.866238,-5,-1,-127
1767173284.876238,-2,-3,-125
1767173284.886238,3,-1,-121
1767173284.896238,5,0,-123
1767173284.906238,6,0,-126
1767173284.916238,5,-1,-128
1767173284.926238,5,-5,-126
1767173284.936238,0,-6,-129
1767173284.946238,-2,-3,-134
1767173284.9562385,-6,-2,-132
1767173284.9662385,-7,0,-130
1767173284.9762385,-6,1,-126
1767173284.9862382,-2,-2,-129
1767173284.9962382,-3,-1,-132
1767173285.0062382,-2,-4,-131
1767173285.0162382,0,-5,-132
1767173285.0262382,0,0,-124
1767173285.0362382,0,-1,-120
1767173285.0462382,1,0,-123
1767173285.0562382,-1,0,-119
1767173285.0662382,-3,1,-126
1767173285.0762382,-1,-3,-122
1767173285.086238,2,-4,-120
1767173285.096238,3,-1,-127
1767173285.106238,0,0,-128
1767173285.116238,0,-2,-127
1767173285.126238,1,-3,-128
1767173285.136238,1,-5,-130
1767173285.146238,1,-3,-125
1767173285.156238,4,0,-120
1767173285.166238,6,-3,-124
1767173285.176238,8,0,-130
1767173285.186238,3,-2,-132
1767173285.196238,1,-1,-132
1767173285.2062385,-2,-1,-130
1767173285.2162385,3,-2,-132
1767173285.2262385,5,0,-138
1767173285.2362382,11,4,-143
1767173285.2462382,5,0,-146
1767173285.2562382,2,0,-144
1767173285.2662382,0,1,-135
1767173285.2762382,-1,6,-135
1767173285.2862382,-3,5,-131
1767173285.2962382,-6,2,-139
1767173285.3062382,-7,1,-133
1767173285.3162382,-4,-1,-135
1767173285.3262382,0,1,-131
1767173285.336238,2,0,-128
1767173285.346238,0,-2,-131
1767173285.356238,-4,0,-131
1767173285.366238,-1,1,-131
1767173285.376238,0,-2,-126
1767173285.386238,-4,-5,-123
1767173285.396238,-6,-11,-122
1767173285.406238,-5,-11,-121
1767173285.416238,-6,-8,-126
1767173285.426238,-6,-6,-133
1767173285.4472382,-9,-4,-133
1767173285.4562385,-7,-4,-132
1767173285.4662385,-3,-6,-126
1767173285.4762385,0,-4,-124
1767173285.4862382,1,-5,-123
1767173285.4962382,0,-1,-127
1767173285.5062382,-2,1,-126
1767173285.5162382,-3,2,-128
1767173285.5262382,-4,1,-126
1767173285.5362382,-1,-2,-125
1767173285.5462382,-3,1,-124
1767173285.5562382,-5,5,-131
1767173285.5662382,-6,1,-134
1767173285.5762382,-1,1,-131
1767173285.586238,0,3,-129
1767173285.596238,2,5,-124
1767173285.606238,4,3,-128
1767173285.616238,5,0,-122
1767173285.626238,4,0,-118
1767173285.636238,2,-1,-113
1767173285.646238,-3,-2,-116
1767173285.656238,-5,-4,-120
1767173285.666238,-3,-7,-123
1767173285.676238,-2,-8,-128
1767173285.686238,-2,-12,-128
1767173285.696238,0,-8,-124
1767173285.7062385,2,-5,-119
1767173285.7162385,3,0,-122
1767173285.7262385,4,0,-132
1767173285.7362382,5,-2,-135
1767173285.7462382,3,-2,-131
1767173285.7562382,1,-1,-134
1767173285.7662382,3,-2,-130
1767173285.7762382,4,0,-125
1767173285.7862382,6,0,-124
1767173285.7962382,10,-2,-117
1767173285.8062382,6,-2,-120
1767173285.8162382,2,-3,-116
1767173285.8262382,0,-6,-124
1767173285.836238,-3,-7,-126
1767173285.846238,0,-7,-122
1767173285.856238,-5,-9,-118
1767173285.866238,-4,-14,-125
1767173285.876238,-2,-8,-124
1767173285.886238,0,-6,-128
1767173285.896238,5,-6,-128
1767173285.906238,0,-4,-127
1767173285.916238,4,-4,-126
1767173285.926238,1,0,-126
1767173285.936238,3,2,-126
1767173285.946238,2,4,-131
1767173285.9572382,7,5,-131
1767173285.9672382,4,2,-123
1767173285.9772382,1,2,-120
1767173285.9862382,-1,2,-122
1767173285.9972382,-2,-1,-123
1767173286.007238,-1,0,-122
1767173286.017238,0,0,-124
1767173286.027238,2,-2,-123
1767173286.037238,3,-3,-125
1767173286.047238,3,-1,-126
1767173286.057238,1,-4,-123
1767173286.067238,0,-5,-121
1767173286.077238,-4,0,-125
1767173286.087238,-1,3,-120
1767173286.097238,0,5,-120
1767173286.107238,0,9,-120
1767173286.117238,2,11,-117
1767173286.127238,1,8,-126
1767173286.1372385,-1,5,-127
1767173286.1472385,-3,2,-128
1767173286.1572382,-3,-1,-127
1767173286.1672382,-2,-3,-136
1767173286.1772382,-3,0,-133
1767173286.1872382,0,-2,-127
1767173286.1972382,0,-6,-122
1767173286.2072382,-1,-2,-121
1767173286.2172382,0,0,-119
1767173286.2272382,0,0,-122
1767173286.2372382,0,0,-133
1767173286.2472382,-2,-2,-131
1767173286.257238,1,2,-134
1767173286.267238,-1,1,-135
1767173286.277238,-6,5,-129
1767173286.287238,-4,3,-134
1767173286.297238,-2,2,-135
1767173286.307238,-4,0,-142
1767173286.317238,-1,-3,-144
1767173286.327238,1,-2,-137
1767173286.337238,4,-1,-131
1767173286.347238,3,0,-127
1767173286.357238,1,-2,-124
1767173286.367238,0,-1,-125
1767173286.377238,-1,-4,-127
1767173286.3872385,0,-1,-125
1767173286.3972385,3,0,-127
1767173286.4072382,3,-1,-129
1767173286.4172382,5,-9,-126
1767173286.4272382,8,-10,-128
1767173286.4372382,7,-6,-125
1767173286.4472382,3,-10,-121
1767173286.4572382,5,-7,-128
1767173286.4672382,1,-3,-132
1767173286.4772382,2,-1,-132
1767173286.4872382,1,-3,-130
1767173286.4972382,0,-6,-127
1767173286.507238,2,-8,-125
1767173286.517238,2,-6,-125
1767173286.527238,5,-5,-127
1767173286.537238,0,-5,-129
1767173286.547238,2,-4,-133
1767173286.557238,-2,-1,-130
1767173286.567238,-3,0,-121
1767173286.577238,1,0,-121
1767173286.587238,0,0,-122
1767173286.597238,0,0,-128
1767173286.607238,-3,-3,-134
1767173286.617238,-6,0,-133
1767173286.627238,-6,-2,-129
1767173286.6372385,-2,-3,-133
1767173286.6472385,2,-3,-129
1767173286.6572382,-1,-6,-129
1767173286.6672382,-2,-7,-124
1767173286.6772382,1,-7,-129
1767173286.6872382,5,-7,-132
1767173286.6972382,11,-4,-120
1767173286.7072382,12,-7,-113
1767173286.7172382,8,-6,-120
1767173286.7272382,0,-5,-121
1767173286.7372382,-1,-3,-127
1767173286.7472382,-1,1,-130
1767173286.757238,-2,4,-128
1767173286.767238,-5,7,-132
1767173286.777238,-6,3,-132
1767173286.787238,0,3,-129
1767173286.797238,1,0,-129
1767173286.807238,0,0,-134
1767173286.817238,0,1,-134
1767173286.827238,0,-1,-136
1767173286.837238,1,-2,-124
1767173286.847238,2,0,-126
1767173286.857238,4,0,-126
1767173286.867238,4,2,-126
1767173286.877238,0,6,-130
1767173286.8872385,5,7,-122
1767173286.8972385,6,2,-121
1767173286.9072382,6,0,-120
1767173286.9172382,5,-3,-121
1767173286.9272382,5,-2,-115
1767173286.9372382,0,-3,-112
1767173286.9472382,-1,-5,-110
1767173286.9572382,-3,-6,-120
1767173286.9672382,-2,-7,-125
1767173286.9772382,-2,-2,-128
1767173286.9872382,0,-1,-130
1767173286.9972382,1,0,-125
1767173287.007238,2,-2,-132
1767173287.017238,-3,-4,-130
1767173287.027238,-9,0,-131
1767173287.037238,-3,-1,-124
1767173287.047238,-8,0,-123
1767173287.057238,-10,0,-118
1767173287.067238,-10,0,-121
1767173287.077238,-6,-3,-117
1767173287.087238,-2,-1,-121
1767173287.097238,-4,0,-127
1767173287.107238,-2,2,-140
1767173287.117238,0,2,-142
1767173287.127238,3,1,-140
1767173287.1372385,1,4,-142
1767173287.1472385,1,4,-143
1767173287.1572382,1,1,-136
1767173287.1672382,2,2,-134
1767173287.1772382,1,4,-129
1767173287.1872382,2,2,-129
1767173287.1972382,6,-1,-127
1767173287.2072382,3,-2,-127
1767173287.2172382,2,-4,-132
1767173287.2272382,-1,-3,-128
1767173287.2372382,0,0,-126
1767173287.2472382,-1,2,-122
1767173287.257238,0,-1,-123
1767173287.267238,6,1,-125
1767173287.277238,7,0,-124
1767173287.287238,1,0,-125
1767173287.297238,-1,-2,-130
1767173287.307238,0,0,-118
1767173287.317238,-2,2,-117
1767173287.327238,-1,0,-114
1767173287.337238,0,-4,-117
1767173287.347238,-3,-6,-130
1767173287.357238,1,-1,-124
1767173287.367238,3,-2,-134
1767173287.377238,8,0,-133
1767173287.3872385,2,1,-132
1767173287.3972385,2,0,-130
1767173287.4072382,4,-4,-129
1767173287.4172382,2,-5,-137
1767173287.4272382,-4,-6,-135
1767173287.4372382,2,-6,-130
1767173287.4472382,5,0,-133
1767173287.4572382,1,1,-136
1767173287.4672382,-2,-4,-142
1767173287.4772382,1,-5,-137
1767173287.4872382,-2,-8,-133
1767173287.4972382,-1,-10,-139
1767173287.507238,0,-11,-130
1767173287.517238,3,-13,-132
1767173287.527238,0,-9,-131
1767173287.537238,0,-1,-121
1767173287.547238,7,0,-121
1767173287.557238,5,1,-127
1767173287.567238,3,2,-119
1767173287.577238,2,2,-118
1767173287.587238,0,2,-119
1767173287.597238,0,0,-125
1767173287.607238,-1,0,-125
1767173287.617238,-1,-1,-128
1767173287.627238,-4,-1,-137
1767173287.6372385,-5,0,-131
1767173287.6472385,-3,-1,-129
1767173287.6572382,1,0,-130
1767173287.6672382,5,-2,-134
1767173287.6772382,4,-5,-129
1767173287.6872382,1,-3,-133
1767173287.6972382,-1,-4,-130
1767173287.7072382,-3,-7,-129
1767173287.7172382,-4,-7,-129
1767173287.7272382,-3,-5,-129
1767173287.7372382,-2,-2,-127
1767173287.7472382,-1,0,-126
1767173287.757238,0,-2,-130
1767173287.767238,1,-1,-124
1767173287.777238,-2,-1,-123
1767173287.787238,-4,-3,-120
1767173287.797238,-7,-3,-114
1767173287.807238,-9,-3,-117
1767173287.817238,-7,-5,-120
1767173287.827238,-8,-4,-126
1767173287.837238,-6,-3,-135
1767173287.847238,-2,-5,-133
1767173287.857238,-3,-6,-133
1767173287.867238,0,-6,-129
1767173287.877238,3,-7,-132
1767173287.8872385,0,-6,-131
1767173287.8972385,-4,-9,-128
1767173287.9072382,-8,-7,-131
1767173287.9172382,-3,0,-134
1767173287.9272382,1,0,-129
1767173287.9372382,-3,-2,-125
1767173287.9472382,-2,-4,-122
1767173287.9572382,-5,-8,-124
1767173287.9672382,-6,-4,-123
1767173287.9772382,-5,-2,-128
1767173287.9872382,-3,-3,-134
1767173287.9972382,-3,-6,-129
1767173288.007238,-2,-4,-130
1767173288.017238,0,-1,-126
1767173288.027238,0,0,-130
1767173288.037238,-1,3,-133
1767173288.047238,0,0,-138
1767173288.057238,-2,0,-127
1767173288.067238,1,0,-125
1767173288.077238,0,-1,-122
1767173288.087238,3,2,-122
1767173288.097238,0,2,-123
1767173288.107238,0,3,-125
1767173288.117238,-2,1,-128
1767173288.127238,-2,2,-125
1767173288.1372385,-4,2,-133
1767173288.1472385,1,1,-133
1767173288.1572382,0,-2,-133
1767173288.1672382,3,-4,-128
1767173288.1772382,-1,-2,-127
1767173288.1872382,-3,-3,-130
1767173288.1972382,-2,-4,-126
1767173288.2072382,-4,-3,-125
1767173288.2172382,-6,0,-128
1767173288.2272382,-2,1,-132
1767173288.2372382,-3,-1,-126
1767173288.2472382,0,-2,-121
1767173288.257238,0,0,-117
1767173288.267238,0,1,-120
1767173288.277238,0,3,-119
1767173288.287238,3,4,-124
1767173288.297238,4,4,-123
1767173288.307238,-1,3,-131
1767173288.317238,0,0,-126
1767173288.327238,2,1,-122
1767173288.337238,2,5,-121
1767173288.347238,4,6,-123
1767173288.357238,6,5,-129
1767173288.367238,4,4,-121
1767173288.377238,5,5,-122
1767173288.3872385,6,5,-123
1767173288.3972385,7,3,-118
1767173288.4072382,4,2,-110
1767173288.4172382,5,0,-113
1767173288.4272382,1,-2,-122
1767173288.4372382,0,-3,-128
1767173288.4472382,4,2,-129
1767173288.4572382,-1,2,-125
1767173288.4672382,1,0,-127
1767173288.4772382,0,1,-124
1767173288.4872382,-2,0,-125
1767173288.4972382,-5,0,-119
1767173288.507238,-6,0,-124
1767173288.517238,-4,0,-129
1767173288.527238,-1,0,-133
1767173288.537238,0,2,-135
1767173288.547238,-1,0,-131
1767173288.557238,-2,1,-125
1767173288.5682385,-2,3,-124
1767173288.5782382,-1,3,-126
1767173288.587238,-5,1,-121
1767173288.5982382,-5,0,-127
1767173288.6082382,-2,5,-131
1767173288.6182382,3,5,-124
1767173288.627238,0,2,-125
1767173288.6382382,0,0,-126
1767173288.6482382,-1,0,-126
1767173288.6582382,-1,0,-128
1767173288.6682382,2,2,-129
1767173288.6782382,3,3,-133
1767173288.688238,2,4,-128
1767173288.698238,0,4,-126
1767173288.708238,3,1,-122
1767173288.718238,3,-2,-122
1767173288.728238,2,5,-124
1767173288.738238,2,2,-118
1767173288.748238,1,-1,-117
1767173288.758238,-1,-4,-121
1767173288.768238,-6,-3,-127
1767173288.778238,-5,-1,-132
1767173288.788238,-2,2,-130
1767173288.798238,5,6,-131
1767173288.8082385,3,4,-129
1767173288.8182385,4,1,-130
1767173288.8282382,3,4,-134
1767173288.8382382,0,4,-128
1767173288.8482382,2,7,-129
1767173288.8582382,2,7,-132
1767173288.8682382,0,4,-129
1767173288.8782382,-3,-3,-128
1767173288.8882382,0,-7,-122
1767173288.8982382,-4,-10,-122
1767173288.9082382,-4,-10,-117
1767173288.9182382,-2,-8,-123
1767173288.9282382,-6,-9,-123
1767173288.938238,-7,-10,-129
1767173288.948238,-2,-8,-127
1767173288.958238,0,-6,-126
1767173288.968238,2,-4,-132
1767173288.978238,-3,0,-139
1767173288.988238,0,3,-134
1767173288.998238,0,1,-135
1767173289.008238,1,0,-128
1767173289.018238,3,-3,-121
1767173289.028238,3,-4,-130
1767173289.038238,0,-5,-136
1767173289.048238,0,-3,-136
1767173289.0582385,0,-4,-130
1767173289.0682385,3,-3,-121
1767173289.0782382,3,-5,-119
1767173289.0882382,0,-5,-113
1767173289.0982382,3,0,-113
1767173289.1082382,3,-1,-113
1767173289.1182382,0,4,-115
1767173289.1282382,-1,6,-115
1767173289.1382382,2,4,-114
1767173289.1482382,4,3,-118
1767173289.1582382,0,0,-124
1767173289.1682382,2,0,-130
1767173289.1782382,2,-3,-131
1767173289.188238,2,-4,-131
1767173289.198238,0,0,-132
1767173289.208238,-2,1,-134
1767173289.218238,-6,2,-136
1767173289.228238,-8,1,-138
1767173289.238238,-8,-2,-129
1767173289.248238,-5,-2,-140
1767173289.258238,-7,-4,-143
1767173289.268238,-7,-3,-139
1767173289.278238,-7,0,-132
1767173289.288238,-2,1,-129
1767173289.298238,-3,0,-133
1767173289.3082385,0,0,-134
1767173289.3182385,-3,-1,-131
1767173289.3282382,-2,0,-124
1767173289.3382382,-3,-1,-122
1767173289.3482382,-3,0,-128
1767173289.3582382,-7,2,-127
1767173289.3682382,-8,3,-123
1767173289.3782382,-3,2,-125
1767173289.3882382,-5,4,-131
1767173289.3982382,-2,3,-136
1767173289.4082382,-5,0,-135
1767173289.4182382,-5,0,-137
1767173289.4282382,-9,-2,-134
1767173289.438238,-8,-4,-134
1767173289.448238,-11,-4,-130
1767173289.458238,-8,-6,-129
1767173289.468238,-7,-8,-127
1767173289.478238,-3,-5,-124
1767173289.488238,0,-4,-127
1767173289.498238,5,-5,-130
1767173289.508238,3,-5,-127
1767173289.518238,7,-3,-123
1767173289.528238,6,-3,-121
1767173289.538238,6,-4,-126
1767173289.548238,2,-2,-125
1767173289.5582385,2,-4,-124
1767173289.5682385,1,-4,-131
1767173289.5782382,0,2,-125
1767173289.5882382,-1,0,-126
1767173289.5982382,-2,3,-124
1767173289.6082382,-2,-1,-125
1767173289.6182382,0,-1,-118
1767173289.6282382,0,-2,-122
1767173289.6382382,2,-5,-131
1767173289.6482382,0,0,-133
1767173289.6582382,0,0,-131
1767173289.6682382,-2,-1,-128
1767173289.6782382,0,0,-127
1767173289.688238,-1,-3,-122
1767173289.698238,-3,-2,-118
1767173289.708238,-1,-1,-119
1767173289.718238,-2,0,-115
1767173289.728238,-2,-2,-121
1767173289.738238,-1,-7,-117
1767173289.748238,-4,-8,-122
1767173289.758238,0,-10,-122
1767173289.768238,0,-11,-133
1767173289.778238,0,-8,-128
1767173289.788238,0,-12,-135
1767173289.798238,-4,-8,-135
1767173289.8082385,-4,-8,-130
1767173289.8182385,-2,-9,-130
1767173289.8282382,0,-3,-128
1767173289.8382382,2,0,-130
1767173289.8482382,-1,-2,-126
1767173289.8582382,0,-3,-120
1767173289.8682382,3,-9,-125
1767173289.8782382,2,-5,-118
1767173289.8882382,0,0,-123
1767173289.8982382,2,-4,-126
1767173289.9082382,-2,-10,-129
1767173289.9182382,-5,-11,-125
1767173289.9282382,-2,-5,-122
1767173289.938238,-1,-4,-119
1767173289.948238,-2,-4,-120
1767173289.958238,4,-5,-126
1767173289.968238,7,-3,-130
1767173289.978238,10,-4,-130
1767173289.988238,6,1,-129
1767173289.998238,4,3,-128
1767173290.008238,3,4,-128
1767173290.018238,5,0,-129
1767173290.028238,0,2,-127
1767173290.038238,1,0,-127
1767173290.048238,1,0,-127
1767173290.0582385,6,0,-123
1767173290.0682385,9,-1,-123
1767173290.0782382,3,-5,-120
1767173290.0882382,2,-6,-122
1767173290.0982382,0,-4,-128
1767173290.1082382,1,-1,-135
1767173290.1182382,3,0,-141
1767173290.1282382,2,2,-135
1767173290.1382382,0,2,-132
1767173290.1482382,3,0,-129
1767173290.1582382,3,1,-127
1767173290.1682382,4,-2,-131
1767173290.1782382,2,0,-135
1767173290.188238,5,0,-137
1767173290.198238,6,-1,-128
1767173290.208238,8,-2,-120
1767173290.218238,3,-1,-126
1767173290.228238,1,0,-128
1767173290.238238,-1,0,-131
1767173290.248238,-2,-3,-132
1767173290.258238,-5,0,-133
1767173290.268238,-9,2,-135
1767173290.278238,-9,2,-131
1767173290.288238,-7,1,-130
1767173290.298238,-8,0,-128
1767173290.3082385,-8,-3,-127
1767173290.3182385,-4,-3,-122
1767173290.3282382,-4,-1,-128
1767173290.3382382,-3,-1,-135
1767173290.3482382,-3,-4,-138
1767173290.3582382,-5,-6,-138
1767173290.3682382,-6,-4,-135
1767173290.3782382,-8,-3,-136
1767173290.3882382,-5,-4,-131
1767173290.3982382,-8,-7,-127
1767173290.4082382,-6,-5,-125
1767173290.4182382,0,-6,-125
1767173290.4282382,0,-1,-127
1767173290.438238,-4,0,-128
1767173290.4602382,0,5,-125
1767173290.468238,0,3,-122
1767173290.478238,-1,0,-127
1767173290.488238,-2,0,-122
1767173290.498238,0,-1,-123
1767173290.508238,0,-2,-119
1767173290.518238,-2,-4,-127
1767173290.528238,-2,-4,-126
1767173290.538238,-4,-4,-126
1767173290.548238,-3,-6,-126
1767173290.5582385,-4,-6,-122
1767173290.5682385,-6,-5,-121
1767173290.5782382,-4,-10,-124
1767173290.5882382,-4,-8,-124
1767173290.5982382,-7,-7,-124
1767173290.6082382,-4,-6,-126
1767173290.6182382,-2,-7,-128
1767173290.6282382,1,-5,-128
1767173290.6382382,-3,-5,-128
1767173290.6482382,-3,-2,-120
1767173290.6582382,-6,-3,-115
1767173290.6682382,-7,-2,-116
1767173290.6782382,-1,-7,-123
1767173290.688238,-5,-8,-123
1767173290.698238,-7,-4,-124
1767173290.708238,-9,-5,-123
1767173290.718238,-11,-2,-127
1767173290.728238,-9,-1,-124
1767173290.738238,-11,-4,-118
1767173290.748238,-6,-3,-124
1767173290.758238,-6,-5,-128
1767173290.768238,-2,-1,-127
1767173290.778238,-3,0,-125
1767173290.788238,-2,-3,-128
1767173290.798238,-5,-4,-134
1767173290.8082385,-2,-4,-127
1767173290.8182385,-1,-1,-129
1767173290.8282382,-1,0,-129
1767173290.8382382,-3,3,-128
1767173290.8482382,-7,2,-129
1767173290.8582382,-6,-1,-126
1767173290.8682382,-1,2,-125
1767173290.8782382,1,6,-126
1767173290.8882382,0,7,-127
1767173290.8982382,4,8,-126
1767173290.9082382,5,0,-124
1767173290.9182382,6,-2,-119
1767173290.9282382,9,0,-122
1767173290.938238,8,0,-129
1767173290.948238,5,-1,-129
1767173290.958238,-1,3,-129
1767173290.968238,-1,1,-130
1767173290.978238,-1,0,-127
1767173290.988238,-4,2,-124
1767173290.998238,-4,3,-123
1767173291.008238,-2,1,-121
1767173291.018238,-6,1,-114
1767173291.028238,-6,-1,-119
1767173291.038238,-8,-3,-118
1767173291.048238,-5,-2,-115
1767173291.0582385,-3,-2,-115
1767173291.0682385,0,1,-125
1767173291.0782382,-1,1,-128
1767173291.0882382,-3,1,-131
1767173291.0982382,-7,0,-125
1767173291.1082382,-4,0,-127
1767173291.1182382,-3,-1,-126
1767173291.1282382,-4,-1,-120
1767173291.1382382,-5,-1,-119
1767173291.1482382,-5,-5,-121
1767173291.1582382,-6,-5,-121
1767173291.1682382,-2,-3,-123
1767173291.1782382,-4,0,-121
1767173291.188238,-1,0,-121
1767173291.198238,-1,-1,-120
1767173291.208238,-4,0,-119
1767173291.218238,-5,-3,-114
1767173291.2292385,-1,-3,-120
1767173291.2392385,0,-3,-117
1767173291.2492385,5,-3,-118
1767173291.258238,5,-2,-119
1767173291.2692382,2,-3,-120
1767173291.2792382,1,-3,-126
1767173291.2892382,2,-6,-124
1767173291.2992382,4,-9,-126
1767173291.3092382,2,-8,-122
1767173291.3192382,3,-3,-120
1767173291.3292382,-1,-1,-124
1767173291.3392382,-1,0,-128
1767173291.3492382,-1,0,-123
1767173291.359238,0,0,-121
1767173291.369238,1,0,-125
1767173291.379238,1,-6,-126
1767173291.389238,-4,-7,-125
1767173291.399238,-6,-8,-118
1767173291.409238,-10,-2,-117
1767173291.419238,-14,0,-123
1767173291.429238,-9,0,-119
1767173291.439238,-6,-1,-122
1767173291.449238,-1,-3,-122
1767173291.459238,-2,-2,-124
1767173291.469238,0,-2,-124
1767173291.4792385,0,-1,-119
1767173291.4892385,0,1,-121
1767173291.4992385,0,-1,-127
1767173291.5092382,0,-4,-127
1767173291.5192382,-3,-5,-124
1767173291.5292382,-2,-4,-122
1767173291.5392382,-2,-5,-113
1767173291.5492382,-3,-3,-121
1767173291.5592382,-3,0,-127
1767173291.5692382,-1,0,-128
1767173291.5792382,6,-1,-121
1767173291.5892382,4,-3,-123
1767173291.5992382,6,-5,-125
1767173291.609238,1,-5,-122
1767173291.619238,-2,-8,-121
1767173291.629238,-3,-4,-127
1767173291.639238,-5,-5,-132
1767173291.649238,-4,0,-136
1767173291.659238,-3,-6,-131
1767173291.669238,1,-5,-129
1767173291.679238,5,-7,-131
1767173291.689238,1,-8,-124
1767173291.699238,0,-7,-120
1767173291.709238,-3,-12,-127
1767173291.719238,-2,-13,-128
1767173291.7292385,0,-12,-132
1767173291.7392385,-1,-9,-132
1767173291.7492385,0,-10,-126
1767173291.7592382,-4,-7,-130
1767173291.7692382,-7,-4,-136
1767173291.7792382,-2,-3,-140
1767173291.7892382,2,-6,-128
1767173291.7992382,4,-8,-125
1767173291.8092382,3,-7,-128
1767173291.8192382,1,-3,-129
1767173291.8292382,3,-2,-131
1767173291.8392382,1,2,-126
1767173291.8492382,4,0,-123
1767173291.859238,5,1,-120
1767173291.869238,5,1,-126
1767173291.879238,2,1,-134
1767173291.889238,3,-1,-134
1767173291.899238,3,-1,-129
1767173291.909238,5,-1,-125
1767173291.919238,6,1,-130
1767173291.929238,8,1,-130
1767173291.939238,4,0,-126
1767173291.949238,6,0,-126
1767173291.959238,3,-2,-121
1767173291.969238,3,-1,-120
1767173291.9792385,7,0,-125
1767173291.9892385,1,-2,-127
1767173291.9992385,0,-3,-126
1767173292.0092382,-3,-4,-120
1767173292.0192382,2,-2,-123
1767173292.0292382,1,-3,-120
1767173292.0392382,0,-4,-130
1767173292.0492382,-1,-4,-132
1767173292.0592382,-1,-4,-126
1767173292.0692382,-4,-2,-133
1767173292.0792382,-4,-1,-132
1767173292.0892382,-1,-4,-133
1767173292.0992382,5,-2,-134
1767173292.109238,4,0,-136
1767173292.119238,6,1,-135
1767173292.129238,1,0,-124
1767173292.139238,-1,0,-126
1767173292.149238,-5,0,-125
1767173292.159238,-6,-1,-126
1767173292.169238,-5,-2,-126
1767173292.179238,-6,-5,-126
1767173292.189238,-7,-1,-125
1767173292.199238,-5,0,-125
1767173292.209238,-3,2,-126
1767173292.219238,-4,1,-134
1767173292.2292385,-1,-1,-137
1767173292.2392385,0,-2,-132
1767173292.2492385,0,-6,-137
1767173292.2592382,-2,-3,-131
1767173292.2692382,-4,-1,-129
1767173292.2792382,-1,0,-128
1767173292.2892382,-1,-1,-126
1767173292.2992382,-2,-5,-125
1767173292.3092382,-4,-5,-125
1767173292.3192382,-1,-1,-130
1767173292.3292382,-3,0,-132
1767173292.3392382,-6,-1,-133
1767173292.3492382,-5,-4,-132
1767173292.359238,-4,-3,-136
1767173292.369238,-3,-4,-133
1767173292.379238,-2,-7,-138
1767173292.389238,0,-5,-143
1767173292.399238,-2,-8,-144
1767173292.409238,-2,-6,-136
1767173292.419238,-4,-3,-138
1767173292.429238,-4,-5,-131
1767173292.439238,-7,-2,-134
1767173292.449238,0,-3,-132
1767173292.459238,-2,-5,-132
1767173292.469238,-4,-7,-140
1767173292.4792385,1,-6,-131
1767173292.4892385,1,-5,-126
1767173292.4992385,0,-8,-125
1767173292.5092382,-1,-5,-131
1767173292.5192382,-6,-6,-118
1767173292.5292382,0,-3,-120
1767173292.5392382,4,-3,-119
1767173292.5492382,6,-3,-118
1767173292.5592382,5,-1,-119
1767173292.5692382,5,0,-122
1767173292.5792382,0,0,-122
1767173292.5892382,1,0,-126
1767173292.5992382,2,0,-126
1767173292.609238,0,0,-129
1767173292.619238,-1,0,-132
1767173292.629238,2,2,-135
1767173292.639238,6,2,-134
1767173292.649238,5,0,-133
1767173292.659238,7,-1,-137
1767173292.669238,4,-1,-128
1767173292.679238,4,-4,-129
1767173292.689238,9,-3,-125
1767173292.699238,7,-4,-124
1767173292.709238,6,0,-124
1767173292.719238,-1,0,-123
1767173292.7292385,-2,2,-124
1767173292.7392385,-1,3,-126
1767173292.7492385,0,2,-128
1767173292.7592382,0,3,-123
1767173292.7692382,-1,4,-128
1767173292.7792382,-3,6,-131
1767173292.7892382,0,0,-130
1767173292.7992382,-3,0,-128
1767173292.8092382,-5,4,-129
1767173292.8192382,-2,1,-126
1767173292.8292382,-6,5,-127
1767173292.8392382,-6,4,-125
1767173292.8492382,0,3,-125
1767173292.859238,2,3,-129
1767173292.869238,4,0,-123
1767173292.879238,4,1,-124
1767173292.889238,2,2,-122
1767173292.899238,2,0,-123
1767173292.909238,2,2,-129
1767173292.919238,1,5,-127
1767173292.929238,2,3,-129
1767173292.939238,5,3,-132
1767173292.949238,0,-1,-137
1767173292.959238,0,-2,-137
1767173292.969238,0,-3,-140
1767173292.9792385,-1,-8,-145
1767173292.9892385,-2,-6,-145
1767173292.9992385,-3,-4,-145
1767173293.0092382,-3,-1,-143
1767173293.0192382,4,0,-140
1767173293.0292382,3,2,-133
1767173293.0392382,-1,1,-132
1767173293.0492382,-1,0,-136
1767173293.0592382,-2,-1,-134
1767173293.0692382,-6,-1,-136
1767173293.0792382,-5,0,-125
1767173293.0892382,-1,-2,-117
1767173293.0992382,0,-2,-113
1767173293.109238,0,-3,-114
1767173293.119238,-2,-6,-120
1767173293.129238,1,-7,-129
1767173293.139238,4,-7,-131
1767173293.149238,8,-7,-125
1767173293.159238,9,-7,-124
1767173293.169238,6,-3,-123
1767173293.179238,5,-3,-123
1767173293.189238,0,-3,-133
1767173293.199238,-4,0,-133
1767173293.209238,-8,0,-130
1767173293.219238,-6,-2,-131
1767173293.2292385,-5,0,-130
1767173293.2392385,-1,0,-133
1767173293.2492385,0,3,-133
1767173293.2592382,4,0,-128
1767173293.2692382,0,-2,-129
1767173293.2792382,3,-2,-131
1767173293.2892382,6,-2,-124
1767173293.2992382,2,1,-123
1767173293.3092382,6,0,-118
1767173293.3192382,7,5,-120
1767173293.3292382,2,8,-123
1767173293.3392382,4,4,-132
1767173293.3492382,5,3,-136
1767173293.359238,3,3,-130
1767173293.369238,4,1,-124
1767173293.379238,0,2,-121
1767173293.389238,-4,0,-119
1767173293.399238,-7,4,-117
1767173293.409238,-5,2,-120
1767173293.419238,-5,-2,-125
1767173293.429238,-4,-3,-129
1767173293.439238,1,0,-126
1767173293.449238,5,0,-123
1767173293.459238,3,-1,-127
1767173293.469238,2,-3,-130
1767173293.4792385,1,-2,-129
1767173293.4892385,1,-4,-130
1767173293.4992385,0,-5,-127
1767173293.5092382,-5,-5,-131
1767173293.5192382,-7,-3,-131
1767173293.5292382,-6,-1,-127
1767173293.5392382,-8,-4,-125
1767173293.5492382,-8,-4,-126
1767173293.5592382,-8,-5,-123
1767173293.5692382,-7,-1,-126
1767173293.5792382,-10,0,-120
1767173293.5892382,-8,0,-115
1767173293.5992382,-5,3,-122
1767173293.609238,-6,3,-126
1767173293.619238,-4,3,-124
1767173293.629238,-3,3,-129
1767173293.639238,0,0,-132
1767173293.649238,3,2,-128
1767173293.6602385,-2,2,-124
1767173293.669238,-4,-5,-125
1767173293.679238,1,-9,-131
1767173293.689238,3,-9,-132
1767173293.699238,4,-12,-131
1767173293.709238,1,-12,-133
1767173293.719238,1,-11,-125
1767173293.7292385,-1,-11,-120
1767173293.7392385,-6,-6,-121
1767173293.7492385,-7,-4,-123
1767173293.7592382,-6,-7,-121
1767173293.7692382,-10,0,-119
1767173293.7792382,-1,-4,-117
1767173293.7892382,3,0,-118
1767173293.800238,0,-4,-117
1767173293.8092382,0,-9,-115
1767173293.8192382,1,-5,-111
1767173293.8292382,-2,0,-114
1767173293.840238,-2,2,-117
1767173293.850238,0,4,-115
1767173293.860238,1,1,-117
1767173293.870238,1,-1,-114
1767173293.880238,3,-7,-117
1767173293.890238,2,-9,-120
1767173293.900238,-1,-7,-124
1767173293.9102385,-1,-5,-122
1767173293.9202385,4,0,-125
1767173293.9302382,0,0,-125
1767173293.9402382,2,0,-122
1767173293.9502382,1,0,-118
1767173293.9602382,0,3,-122
1767173293.9702382,-3,2,-123
1767173293.9802382,-7,4,-126
1767173293.9902382,-2,1,-126
1767173294.0002382,2,-4,-131
1767173294.0102382,8,-6,-139
1767173294.0202382,5,-4,-138
1767173294.0302382,6,-7,-138
1767173294.040238,-1,-5,-131
1767173294.050238,-9,-3,-127
1767173294.060238,-6,0,-126
1767173294.070238,-2,0,-127
1767173294.080238,-3,0,-128
1767173294.090238,0,0,-133
1767173294.100238,-1,-2,-136
1767173294.110238,-1,-4,-137
1767173294.120238,0,-5,-131
1767173294.130238,2,-1,-120
1767173294.140238,0,0,-117
1767173294.150238,-5,-1,-118
1767173294.1602385,-9,-1,-121
1767173294.1702385,-11,-2,-121
1767173294.1802382,-3,-1,-126
1767173294.1902382,-2,-5,-128
1767173294.2002382,0,-5,-127
1767173294.2102382,-2,-6,-133
1767173294.2202382,-5,-5,-145
1767173294.2302382,-5,-6,-142
1767173294.2402382,-1,-7,-134
1767173294.2502382,-4,-7,-129
1767173294.2602382,-3,-4,-131
1767173294.2702382,-3,-5,-136
1767173294.2802382,-2,-3,-131
1767173294.290238,-7,-4,-133
1767173294.300238,-8,-2,-129
1767173294.310238,-8,-1,-126
1767173294.320238,-9,-2,-127
1767173294.330238,-2,-4,-120
1767173294.340238,-4,-7,-113
1767173294.350238,-2,-3,-112
1767173294.360238,-1,-3,-119
1767173294.370238,1,-4,-125
1767173294.380238,4,-4,-128
1767173294.390238,6,-3,-129
1767173294.400238,1,-8,-127
1767173294.4102385,1,-7,-133
1767173294.4202385,2,-1,-136
1767173294.4302382,3,-3,-134
1767173294.4402382,2,0,-129
1767173294.4502382,1,0,-127
1767173294.4602382,1,3,-124
1767173294.4702382,3,4,-125
1767173294.4802382,-1,3,-123
1767173294.4902382,-3,0,-121
1767173294.5002382,-6,0,-127
1767173294.5102382,-5,1,-125
1767173294.5202382,-4,-2,-122
1767173294.5302382,-1,-2,-124
1767173294.540238,4,-3,-129
1767173294.550238,0,-2,-129
1767173294.560238,1,-3,-127
1767173294.570238,5,-4,-134
1767173294.580238,3,-1,-131
1767173294.590238,2,-3,-128
1767173294.600238,1,-6,-133
1767173294.610238,5,-5,-132
1767173294.620238,6,-3,-126
1767173294.630238,7,-1,-130
1767173294.640238,2,-3,-124
1767173294.650238,-4,-7,-125
1767173294.6602385,-4,-1,-135
1767173294.6702385,0,0,-136
1767173294.6802382,-3,-2,-135
1767173294.6902382,-4,1,-136
1767173294.7002382,-7,2,-132
1767173294.7102382,-3,-1,-133
1767173294.7202382,-8,-2,-132
1767173294.7302382,-8,0,-127
1767173294.7402382,-3,3,-133
1767173294.7502382,-3,1,-136
1767173294.7602382,-6,1,-133
1767173294.7702382,-7,-5,-131
1767173294.7802382,-6,-7,-135
1767173294.790238,-2,-4,-125
1767173294.800238,-2,-8,-121
1767173294.810238,0,-5,-127
1767173294.820238,0,-4,-131
1767173294.830238,5,-6,-126
1767173294.840238,5,-7,-134
1767173294.850238,2,-7,-138
1767173294.860238,-1,-4,-135
1767173294.870238,-1,-4,-136
1767173294.880238,2,1,-138
1767173294.890238,2,2,-133
1767173294.900238,0,0,-127
1767173294.9102385,-2,-3,-128
1767173294.9202385,2,-3,-124
1767173294.9302382,5,-3,-121
1767173294.9402382,6,-4,-124
1767173294.9502382,4,-2,-125
1767173294.9602382,2,-2,-121
1767173294.9702382,3,0,-122
1767173294.9802382,1,1,-128
1767173294.9902382,0,1,-123
1767173295.0002382,0,0,-123
1767173295.0102382,-1,-1,-121
1767173295.0202382,1,-2,-123
1767173295.0302382,2,-6,-129
1767173295.040238,0,-5,-132
1767173295.050238,2,-4,-126
1767173295.060238,-3,-1,-124
1767173295.070238,-5,2,-121
1767173295.080238,0,0,-128
1767173295.090238,1,-1,-127
1767173295.100238,2,-1,-123
1767173295.110238,2,0,-124
1767173295.120238,-2,1,-126
1767173295.130238,-2,1,-132
1767173295.140238,-2,0,-132
1767173295.150238,-6,0,-127
1767173295.1602385,-6,0,-128
1767173295.1702385,-4,0,-130
1767173295.1802382,-3,2,-126
1767173295.1902382,-3,4,-122
1767173295.2002382,-3,2,-127
1767173295.2102382,-1,-3,-128
1767173295.2202382,0,-3,-129
1767173295.2302382,3,-1,-134
1767173295.2402382,3,-1,-132
1767173295.2502382,0,1,-123
1767173295.2602382,-1,0,-124
1767173295.2702382,-2,1,-119
1767173295.2802382,-6,2,-120
1767173295.290238,-4,4,-117
1767173295.300238,-4,1,-114
1767173295.310238,-2,3,-117
1767173295.320238,-4,0,-125
1767173295.330238,-1,1,-131
1767173295.340238,-3,0,-129
1767173295.350238,0,-1,-129
1767173295.360238,0,1,-132
1767173295.370238,3,4,-128
1767173295.380238,3,0,-127
1767173295.390238,0,-3,-127
1767173295.400238,-1,-5,-121
1767173295.4102385,0,-9,-126
1767173295.4202385,0,-8,-126
1767173295.4302382,2,-8,-126
1767173295.4402382,-2,-8,-129
1767173295.4502382,-5,-7,-132
1767173295.471238,-3,0,-133
1767173295.4802382,-7,1,-135
1767173295.4902382,-5,1,-132
1767173295.5002382,-4,-3,-128
1767173295.5102382,-8,-2,-127
1767173295.5202382,-11,-1,-129
1767173295.5302382,-9,-3,-144
1767173295.540238,-10,-6,-142
1767173295.550238,-6,-4,-138
1767173295.560238,-6,0,-135
1767173295.570238,-2,-2,-133
1767173295.580238,4,-1,-134
1767173295.590238,2,-5,-135
1767173295.600238,0,-8,-128
1767173295.610238,-2,-4,-122
1767173295.620238,0,-1,-121
1767173295.630238,2,-3,-122
1767173295.640238,0,-4,-125
1767173295.650238,3,-3,-131
1767173295.6602385,-1,-1,-125
1767173295.6702385,0,-1,-122
1767173295.6802382,0,-2,-125
1767173295.6902382,0,-1,-125
1767173295.7002382,6,-4,-130
1767173295.7102382,6,-4,-131
1767173295.7202382,3,-6,-127
1767173295.7302382,3,-4,-122
1767173295.7402382,1,-4,-127
1767173295.7502382,1,0,-133
1767173295.7602382,3,-1,-136
1767173295.7702382,0,-6,-136
1767173295.7802382,0,-7,-128
1767173295.790238,0,-7,-120
1767173295.800238,-1,-5,-114
1767173295.810238,0,-6,-116
1767173295.820238,2,-5,-126
1767173295.830238,3,-5,-131
1767173295.840238,1,-6,-127
1767173295.850238,3,-4,-127
1767173295.860238,0,-8,-124
1767173295.870238,-1,-4,-122
1767173295.880238,0,-4,-126
1767173295.890238,-2,-5,-124
1767173295.900238,2,-5,-121
1767173295.9102385,5,-3,-126
1767173295.9202385,-1,-3,-122
1767173295.9302382,-5,-4,-126
1767173295.9402382,-5,-1,-132
1767173295.9502382,-9,-2,-126
1767173295.9602382,-5,0,-130
1767173295.9702382,-2,-5,-125
1767173295.9802382,0,-7,-119
1767173295.9902382,1,-7,-121
1767173296.0002382,2,-6,-125
1767173296.0102382,-2,-5,-124
1767173296.0202382,0,-7,-127
1767173296.0302382,-1,-4,-127
1767173296.040238,3,-6,-123
1767173296.050238,5,-2,-120
1767173296.060238,2,-2,-122
1767173296.070238,2,0,-120
1767173296.080238,0,-1,-118
1767173296.090238,0,1,-113
1767173296.100238,-3,4,-118
1767173296.110238,0,1,-119
1767173296.120238,-6,0,-125
1767173296.130238,-7,-3,-125
1767173296.140238,-7,-5,-128
1767173296.150238,-6,-3,-128
1767173296.1602385,-6,0,-134
1767173296.1702385,-8,3,-142
1767173296.1802382,-4,7,-144
1767173296.1902382,-3,8,-143
1767173296.2002382,-3,6,-139
1767173296.2102382,-5,7,-133
1767173296.2202382,-7,3,-125
1767173296.2302382,-5,5,-119
1767173296.2402382,-9,4,-121
1767173296.2502382,-11,3,-116
1767173296.2602382,-1,3,-117
1767173296.2702382,0,0,-120
1767173296.2802382,1,0,-132
1767173296.290238,0,-3,-136
1767173296.300238,-3,-4,-138
1767173296.310238,-7,-6,-131
1767173296.320238,-7,-5,-134
1767173296.330238,-7,-6,-127
1767173296.340238,-9,-6,-126
1767173296.350238,-8,-5,-125
1767173296.360238,-6,-5,-129
1767173296.370238,-2,-6,-126
1767173296.380238,1,-5,-132
1767173296.390238,-1,-4,-132
1767173296.400238,0,-4,-127
1767173296.4102385,-2,-3,-126
1767173296.4202385,-1,-4,-122
1767173296.4302382,-1,-2,-126
1767173296.4402382,-1,-3,-123
1767173296.4512382,-1,-4,-119
1767173296.4602382,-5,-5,-121
1767173296.471238,-8,-6,-119
1767173296.481238,-7,-4,-119
1767173296.491238,-6,-2,-123
1767173296.501238,0,-1,-126
1767173296.511238,-1,-4,-121
1767173296.521238,-4,-2,-120
1767173296.531238,-4,-8,-113
1767173296.540238,-1,-8,-116
1767173296.551238,1,-10,-121
1767173296.561238,2,-10,-122
1767173296.571238,1,-6,-124
1767173296.5812385,0,-3,-128
1767173296.590238,0,-2,-130
1767173296.6012385,0,-1,-126
1767173296.6112382,-1,-5,-125
1767173296.6212382,-3,-6,-122
1767173296.6312382,-3,-5,-123
1767173296.6412382,-4,-6,-122
1767173296.6512382,-4,-3,-121
1767173296.6612382,-2,-2,-119
1767173296.6712382,3,-6,-116
1767173296.6812382,1,-4,-113
1767173296.6912382,2,-4,-108
1767173296.7012382,2,-5,-105
1767173296.711238,2,-7,-117
1767173296.721238,-1,-4,-120
1767173296.731238,-1,-4,-123
1767173296.741238,-1,1,-126
1767173296.751238,-1,1,-127
1767173296.761238,3,1,-124
1767173296.771238,1,-2,-128
1767173296.781238,1,-2,-130
1767173296.791238,0,-3,-138
1767173296.801238,0,-2,-145
1767173296.811238,0,-1,-140
1767173296.821238,-2,0,-133
1767173296.8312385,-3,2,-131
1767173296.8412385,1,1,-134
1767173296.8512385,6,0,-136
1767173296.8612382,3,0,-137
1767173296.8712382,3,2,-136
1767173296.8812382,0,2,-132
1767173296.8912382,2,0,-127
1767173296.9012382,-1,0,-127
1767173296.9112382,-5,-4,-122
1767173296.9212382,-5,-1,-115
1767173296.9312382,-4,-3,-107
1767173296.9412382,-1,1,-112
1767173296.9512382,0,6,-121
1767173296.961238,2,6,-120
1767173296.971238,0,7,-117
1767173296.981238,-1,3,-120
1767173296.991238,-1,4,-116
1767173297.001238,1,2,-119
1767173297.011238,2,0,-124
1767173297.021238,-1,1,-121
1767173297.031238,-4,-1,-120
1767173297.041238,1,0,-120
1767173297.051238,0,2,-119
1767173297.061238,0,-1,-120
1767173297.071238,1,-3,-121
1767173297.0812385,2,2,-126
1767173297.0912385,0,2,-119
1767173297.1012385,-7,-3,-125
1767173297.1112382,-8,-9,-121
1767173297.1212382,-7,-7,-124
1767173297.1312382,-8,-6,-133
1767173297.1412382,-5,0,-135
1767173297.1512382,-5,0,-130
1767173297.1612382,-8,0,-128
1767173297.1712382,-9,-2,-122
1767173297.1812382,-6,0,-124
1767173297.1912382,-4,0,-122
1767173297.2012382,-4,0,-120
1767173297.211238,-3,-2,-122
1767173297.221238,0,0,-122
1767173297.231238,-1,2,-126
1767173297.241238,-1,-2,-125
1767173297.251238,0,-2,-120
1767173297.261238,1,0,-124
1767173297.271238,4,3,-132
1767173297.281238,5,1,-132
1767173297.291238,3,-2,-128
1767173297.301238,0,-4,-126
1767173297.311238,-4,-5,-127
1767173297.321238,-6,-3,-127
1767173297.3312385,-3,-1,-125
1767173297.3412385,-4,0,-125
1767173297.3512385,-3,-5,-123
1767173297.3612382,-2,-4,-132
1767173297.3712382,-2,-3,-133
1767173297.3812382,0,-2,-133
1767173297.3912382,2,0,-129
1767173297.4012382,2,-1,-132
1767173297.4112382,0,-2,-137
1767173297.4212382,1,-3,-136
1767173297.4312382,3,-3,-130
1767173297.4412382,3,-5,-129
1767173297.4512382,0,-4,-127
1767173297.461238,1,-7,-121
1767173297.471238,3,-11,-120
1767173297.481238,0,-9,-121
1767173297.491238,4,-6,-119
1767173297.501238,4,-5,-119
1767173297.511238,4,-2,-118
1767173297.521238,0,0,-119
1767173297.531238,-4,-2,-123
1767173297.541238,0,-1,-129
1767173297.551238,0,-3,-135
1767173297.561238,-7,-5,-130
1767173297.571238,-10,-2,-140
1767173297.5812385,-5,-1,-139
1767173297.5912385,-7,-4,-134
1767173297.6012385,-9,-1,-135
1767173297.6112382,-10,-4,-132
1767173297.6212382,-7,-1,-135
1767173297.6312382,-6,-1,-141
1767173297.6412382,-2,4,-138
1767173297.6512382,-2,4,-139
1767173297.6612382,1,6,-138
1767173297.6712382,0,4,-137
1767173297.6812382,-1,4,-139
1767173297.6912382,-5,7,-133
1767173297.7012382,1,6,-137
1767173297.711238,0,5,-140
1767173297.721238,-1,5,-138
1767173297.731238,-5,6,-137
1767173297.741238,-8,6,-139
1767173297.751238,-9,1,-135
1767173297.761238,-4,1,-131
1767173297.771238,-1,-1,-130
1767173297.781238,-2,-1,-126
1767173297.791238,0,-6,-129
1767173297.801238,2,-6,-127
1767173297.811238,0,-3,-122
1767173297.821238,0,-3,-124
1767173297.8312385,2,-1,-121
1767173297.8412385,-1,1,-116
1767173297.8512385,-2,0,-118
1767173297.8612382,0,-1,-127
1767173297.8712382,-1,2,-127
1767173297.8812382,-2,1,-128
1767173297.8912382,0,3,-126
1767173297.9012382,-4,1,-124
1767173297.9112382,-2,-2,-128
1767173297.9212382,0,-4,-125
1767173297.9312382,-1,0,-128
1767173297.9412382,-3,-1,-130
1767173297.9512382,-5,1,-132
1767173297.961238,-2,-4,-135
1767173297.971238,-1,-4,-133
1767173297.981238,0,-5,-137
1767173297.991238,-1,-2,-135
1767173298.001238,0,-3,-133
1767173298.011238,0,-3,-123
1767173298.021238,0,-2,-120
1767173298.031238,1,0,-127
1767173298.041238,3,0,-123
1767173298.051238,4,0,-123
1767173298.061238,6,3,-129
1767173298.071238,7,6,-127
1767173298.0812385,7,6,-128
1767173298.0912385,4,7,-126
1767173298.1012385,2,6,-127
1767173298.1112382,2,6,-124
1767173298.1212382,1,5,-128
1767173298.1312382,-1,3,-128
1767173298.1412382,0,1,-129
1767173298.1512382,-2,5,-130
1767173298.1612382,-5,3,-132
1767173298.1712382,-5,2,-128
1767173298.1812382,-3,2,-128
1767173298.1912382,-2,3,-126
1767173298.2012382,-1,0,-127
1767173298.211238,-3,2,-135
1767173298.221238,-5,1,-137
1767173298.231238,-2,0,-131
1767173298.241238,-3,-1,-121
1767173298.251238,-1,-3,-118
1767173298.261238,0,-2,-123
1767173298.271238,0,0,-125
1767173298.281238,-1,-1,-122
1767173298.291238,2,-2,-126
1767173298.301238,2,-7,-128
1767173298.311238,1,-7,-130
1767173298.321238,1,-7,-130
1767173298.3312385,-2,-5,-130
1767173298.3412385,0,-6,-135
1767173298.3512385,-1,-6,-140
1767173298.3612382,0,-5,-141
1767173298.3712382,1,-4,-133
1767173298.3812382,0,-5,-131
1767173298.3912382,-5,-1,-127
1767173298.4012382,-4,-6,-125
1767173298.4112382,0,-6,-127
1767173298.4212382,6,-6,-131
1767173298.4312382,6,-3,-130
1767173298.4412382,4,-2,-128
1767173298.4512382,7,0,-126
1767173298.461238,8,0,-126
1767173298.471238,7,0,-125
1767173298.481238,6,0,-125
1767173298.491238,7,-5,-127
1767173298.501238,7,-6,-132
1767173298.511238,5,-8,-135
1767173298.521238,3,-8,-132
1767173298.531238,3,-11,-128
1767173298.541238,3,-7,-135
1767173298.551238,1,-7,-136
1767173298.561238,-1,-3,-133
1767173298.571238,-1,-3,-135
1767173298.5812385,-1,-1,-135
1767173298.5912385,1,1,-128
1767173298.6012385,3,3,-126
1767173298.6112382,4,3,-131
1767173298.6212382,3,2,-127
1767173298.6312382,2,3,-127
1767173298.6412382,1,0,-128
1767173298.6512382,0,0,-124
1767173298.6612382,-3,1,-123
1767173298.6712382,-5,8,-129
1767173298.6812382,-7,7,-132
1767173298.6912382,-3,3,-133
1767173298.7012382,-7,0,-128
1767173298.711238,-8,-1,-123
1767173298.721238,-8,-1,-119
1767173298.731238,-8,-1,-125
1767173298.741238,-6,-1,-125
1767173298.751238,-4,-2,-124
1767173298.761238,-4,-5,-125
1767173298.771238,-2,-1,-131
1767173298.781238,-4,2,-128
1767173298.791238,0,3,-126
1767173298.801238,0,-3,-124
1767173298.811238,-2,-9,-131
1767173298.821238,0,-8,-130
1767173298.8312385,-1,-7,-133
1767173298.8412385,1,-7,-132
1767173298.8512385,0,-7,-130
1767173298.8612382,1,-7,-133
1767173298.8712382,8,-3,-132
1767173298.8812382,1,-1,-134
1767173298.8912382,-4,0,-137
1767173298.9012382,-7,-1,-137
1767173298.9112382,-8,-2,-139
1767173298.9212382,-9,-5,-141
1767173298.9312382,-11,-3,-141
1767173298.9412382,-9,-3,-128
1767173298.9512382,-4,-6,-127
1767173298.961238,0,-4,-121
1767173298.971238,3,-4,-125
1767173298.981238,4,-3,-124
1767173298.991238,3,-2,-127
1767173299.001238,4,-4,-126
1767173299.011238,6,-2,-124
1767173299.021238,6,-2,-120
1767173299.031238,4,-3,-123
1767173299.0422382,0,-2,-123
1767173299.051238,0,0,-121
1767173299.061238,0,0,-129
1767173299.071238,0,5,-126
1767173299.0812385,0,5,-126
1767173299.0922382,-1,6,-127
1767173299.1022382,-4,1,-129
1767173299.1122382,-1,0,-132
1767173299.1222382,-3,1,-131
1767173299.132238,0,1,-132
1767173299.142238,0,0,-135
1767173299.152238,0,0,-139
1767173299.162238,-1,-2,-134
1767173299.172238,-2,-2,-132
1767173299.182238,0,0,-128
1767173299.192238,-2,0,-132
1767173299.202238,-1,-3,-136
1767173299.212238,0,-3,-138
1767173299.222238,-2,0,-138
1767173299.232238,-3,-2,-135
1767173299.242238,-3,2,-127
1767173299.252238,-2,0,-128
1767173299.2622385,-8,0,-135
1767173299.2722385,-8,0,-135
1767173299.2822382,-8,-4,-130
1767173299.2922382,-9,-4,-127
1767173299.3022382,-7,-3,-126
1767173299.3122382,-7,-6,-127
1767173299.3222382,-8,-3,-123
1767173299.3322382,-8,-5,-131
1767173299.3422382,-10,-1,-132
1767173299.3522382,-10,-4,-130
1767173299.3622382,-7,-3,-130
1767173299.3722382,-3,-2,-129
1767173299.382238,-3,-2,-128
1767173299.392238,1,-3,-136
1767173299.402238,5,0,-133
1767173299.412238,3,0,-130
1767173299.422238,4,4,-127
1767173299.432238,5,3,-130
1767173299.442238,0,3,-129
1767173299.452238,-1,4,-126
1767173299.462238,0,1,-127
1767173299.472238,-2,3,-128
1767173299.482238,-2,5,-136
1767173299.492238,-3,2,-132
1767173299.502238,-3,1,-129
1767173299.5122385,0,0,-129
1767173299.5222385,-1,-2,-128
1767173299.5322382,0,-5,-127
1767173299.5422382,0,-6,-126
1767173299.5522382,3,-4,-122
1767173299.5622382,4,-4,-118
1767173299.5722382,1,0,-120
1767173299.5822382,-2,0,-121
1767173299.5922382,-7,0,-118
1767173299.6022382,-3,-1,-122
1767173299.6122382,-1,1,-126
1767173299.6222382,-5,-1,-132
1767173299.632238,-3,-2,-132
1767173299.642238,-5,-7,-136
1767173299.652238,-2,-6,-138
1767173299.662238,0,-5,-127
1767173299.672238,0,-3,-117
1767173299.682238,-6,-1,-114
1767173299.692238,-5,-1,-120
1767173299.702238,-3,0,-126
1767173299.712238,-2,0,-134
1767173299.722238,0,-2,-135
1767173299.732238,0,-4,-130
1767173299.742238,-2,-8,-129
1767173299.752238,-2,-4,-133
1767173299.7622385,0,-2,-128
1767173299.7722385,3,0,-122
1767173299.7822382,1,-3,-119
1767173299.7922382,5,-3,-126
1767173299.8022382,4,2,-124
1767173299.8122382,0,-1,-122
1767173299.8222382,-2,-1,-121
1767173299.8322382,-3,-1,-126
1767173299.8422382,-3,-2,-133
1767173299.8522382,-3,0,-137
1767173299.8622382,-4,1,-139
1767173299.8722382,-4,-3,-127
1767173299.882238,-4,-3,-133
1767173299.892238,-3,-2,-130
1767173299.902238,0,-5,-125
1767173299.912238,3,-3,-121
1767173299.922238,3,-1,-120
1767173299.932238,3,-2,-120
1767173299.942238,1,-2,-124
1767173299.952238,1,-2,-125
1767173299.962238,5,-3,-129
1767173299.972238,4,-6,-132
1767173299.982238,1,-10,-133
1767173299.992238,2,-7,-126
1767173300.002238,-2,-8,-134
1767173300.0122385,0,-3,-135
1767173300.0222385,0,-7,-130
1767173300.0322382,0,-5,-121
1767173300.0422382,-1,-3,-124
1767173300.0522382,-1,0,-128
1767173300.0622382,-4,0,-131
1767173300.0722382,-4,0,-130
1767173300.0822382,-8,2,-132
1767173300.0922382,-9,-1,-130
1767173300.1022382,-5,-2,-131
1767173300.1122382,-1,-6,-134
1767173300.1222382,0,-3,-130
1767173300.132238,3,-1,-129
1767173300.142238,1,-2,-125
1767173300.152238,1,-2,-124
1767173300.162238,0,0,-120
1767173300.172238,4,-2,-117
1767173300.182238,-1,-3,-125
1767173300.192238,-9,-5,-122
1767173300.202238,-9,-7,-120
1767173300.212238,-2,-4,-125
1767173300.222238,-1,-2,-131
1767173300.232238,0,-7,-137
1767173300.242238,-2,-10,-135
1767173300.252238,-2,-10,-137
1767173300.2622385,0,-8,-136
1767173300.2722385,2,-3,-132
1767173300.2822382,-1,0,-126
1767173300.2922382,-3,-1,-124
1767173300.3022382,-5,-1,-122
1767173300.3122382,-7,-3,-125
1767173300.3222382,-2,-1,-133
1767173300.3322382,-2,-2,-131
1767173300.3422382,-4,-2,-134
1767173300.3522382,-6,-3,-132
1767173300.3622382,-6,-6,-127
1767173300.3722382,-7,-6,-126
1767173300.382238,-6,-4,-126
1767173300.392238,-6,-8,-120
1767173300.402238,-4,-6,-121
1767173300.412238,-2,-6,-122
1767173300.422238,2,-6,-120
1767173300.432238,4,-2,-121
1767173300.442238,6,-1,-121
1767173300.452238,4,-2,-123
1767173300.462238,3,-5,-127
1767173300.484238,4,-6,-131
1767173300.492238,-3,-3,-131
1767173300.502238,-5,-1,-133
1767173300.5122385,-8,-1,-135
1767173300.5222385,-7,0,-134
1767173300.5322382,-2,-3,-131
1767173300.5422382,-3,-7,-127
1767173300.5522382,-2,-4,-130
1767173300.5622382,0,0,-132
1767173300.5722382,0,0,-121
1767173300.5822382,-4,0,-126
1767173300.5922382,-5,5,-133
1767173300.6022382,-3,4,-129
1767173300.6122382,-2,1,-128
1767173300.6222382,0,0,-125
1767173300.632238,0,-3,-121
1767173300.642238,0,-4,-124
1767173300.652238,2,-5,-131
1767173300.662238,0,-9,-129
1767173300.672238,1,-7,-124
1767173300.682238,2,-7,-118
1767173300.692238,-2,-7,-119
1767173300.702238,-1,-6,-122
1767173300.712238,0,-3,-118
1767173300.722238,-1,-1,-120
1767173300.732238,-5,-3,-126
1767173300.742238,-2,-3,-118
1767173300.752238,-2,-2,-120
1767173300.7622385,0,-1,-123
1767173300.7722385,2,0,-131
1767173300.7822382,0,1,-135
1767173300.7922382,-4,3,-139
1767173300.8022382,-3,1,-133
1767173300.8122382,0,2,-134
1767173300.8222382,0,0,-138
1767173300.8322382,-2,0,-142
1767173300.8422382,-4,-2,-140
1767173300.8522382,-2,-4,-142
1767173300.8622382,0,-2,-142
1767173300.8722382,3,-2,-139
1767173300.882238,5,0,-134
1767173300.892238,9,-1,-136
1767173300.902238,4,0,-132
1767173300.912238,0,-3,-128
1767173300.922238,-2,0,-128
1767173300.932238,0,-3,-124
1767173300.942238,2,-4,-126
1767173300.952238,0,-4,-122
1767173300.962238,0,-9,-116
1767173300.972238,1,-10,-119
1767173300.982238,-3,-7,-117
1767173300.992238,-1,-7,-117
1767173301.002238,0,-6,-127
1767173301.0122385,-5,-5,-131
1767173301.0222385,-8,-3,-131
1767173301.0332382,-6,-4,-131
1767173301.0422382,-5,-3,-137
1767173301.0522382,-6,-2,-136
1767173301.0622382,-5,-3,-128
1767173301.0722382,-2,-2,-128
1767173301.0822382,-3,-4,-120
1767173301.0922382,-5,-2,-125
1767173301.1022382,-4,-1,-128
1767173301.1122382,-1,-2,-127
1767173301.1222382,0,0,-134
1767173301.132238,2,0,-127
1767173301.142238,5,0,-126
1767173301.152238,6,0,-130
1767173301.162238,2,-1,-130
1767173301.172238,1,1,-132
1767173301.182238,2,0,-130
1767173301.192238,4,1,-126
1767173301.202238,6,-2,-126
1767173301.212238,4,1,-128
1767173301.222238,4,3,-130
1767173301.232238,0,6,-126
1767173301.242238,-4,1,-125
1767173301.252238,-1,-3,-119
1767173301.2622385,-1,-2,-116
1767173301.2722385,-3,1,-126
1767173301.2822382,-1,-1,-128
1767173301.2922382,-4,-5,-126
1767173301.3022382,-4,-5,-120
1767173301.3122382,-2,-1,-114
1767173301.3222382,-3,0,-113
1767173301.3322382,-2,-1,-118
1767173301.3422382,-3,-1,-123
1767173301.3522382,1,-3,-121
1767173301.3622382,0,-1,-126
1767173301.3722382,1,-4,-132
1767173301.382238,7,2,-133
1767173301.392238,7,3,-137
1767173301.402238,3,0,-136
1767173301.412238,0,1,-131
1767173301.422238,1,3,-132
1767173301.432238,0,2,-130
1767173301.442238,0,2,-131
1767173301.452238,-1,2,-128
1767173301.462238,-1,0,-127
1767173301.472238,-1,-2,-128
1767173301.482238,-3,0,-122
1767173301.492238,-5,0,-119
1767173301.502238,-3,1,-116
1767173301.5122385,-1,-2,-124
1767173301.5222385,3,-3,-132
1767173301.5322382,-1,-7,-129
1767173301.5422382,0,-5,-127
1767173301.5522382,-1,-7,-126
1767173301.5622382,-1,-7,-124
1767173301.5722382,5,-6,-127
1767173301.5822382,6,-5,-127
1767173301.5922382,2,-7,-125
1767173301.6022382,3,-9,-122
1767173301.6122382,0,-8,-125
1767173301.6222382,-1,-4,-126
1767173301.632238,2,-4,-123
1767173301.642238,1,0,-125
1767173301.652238,-1,-1,-124
1767173301.663238,-2,0,-126
1767173301.672238,-2,0,-124
1767173301.6832385,-6,2,-130
1767173301.692238,-3,0,-132
1767173301.702238,-4,-1,-135
1767173301.7132382,-3,0,-133
1767173301.7232382,1,-1,-129
1767173301.732238,4,1,-135
1767173301.7432382,6,0,-139
1767173301.7532382,7,0,-134
1767173301.7632382,4,-2,-134
1767173301.7732382,3,0,-138
1767173301.7832382,2,-1,-139
1767173301.7932382,-2,-2,-132
1767173301.8032382,0,2,-135
1767173301.813238,4,4,-133
1767173301.823238,8,3,-130
1767173301.833238,4,1,-129
1767173301.843238,4,-1,-129
1767173301.853238,3,-4,-131
1767173301.863238,0,-5,-125
1767173301.873238,-2,-3,-126
1767173301.883238,-3,0,-127
1767173301.893238,-4,-2,-130
1767173301.903238,-8,-2,-129
1767173301.913238,-3,-3,-126
1767173301.923238,-1,-4,-127
1767173301.9332385,-1,0,-126
1767173301.9432385,0,0,-126
1767173301.9532382,2,-3,-128
1767173301.9632382,2,-2,-129
1767173301.9732382,5,-2,-130
1767173301.9832382,5,-2,-124
1767173301.9932382,4,2,-125
1767173302.0032382,3,2,-127
1767173302.0132382,3,-3,-135
1767173302.0232382,1,-5,-142
1767173302.0332382,0,-5,-145
1767173302.0432382,7,-5,-140
1767173302.0532382,8,-4,-134
1767173302.063238,5,-3,-137
1767173302.073238,4,1,-138
1767173302.083238,7,0,-133
1767173302.093238,4,-3,-130
1767173302.103238,1,-3,-125
1767173302.113238,5,-1,-122
1767173302.123238,6,-4,-120
1767173302.133238,6,-6,-122
1767173302.143238,6,-7,-120
1767173302.153238,0,-3,-117
1767173302.163238,4,-2,-121
1767173302.173238,-1,-3,-117
1767173302.1832385,-3,-4,-117
1767173302.1932385,-2,-4,-120
1767173302.2032382,-3,-2,-122
1767173302.2132382,0,2,-120
1767173302.2232382,1,0,-125
1767173302.2332382,8,0,-128
1767173302.2432382,1,0,-129
1767173302.2532382,-1,3,-129
1767173302.2632382,0,1,-124
1767173302.2732382,-2,2,-125
1767173302.2832382,-8,1,-134
1767173302.2932382,-8,4,-137
1767173302.3032382,-2,0,-136
1767173302.313238,-2,1,-136
1767173302.323238,0,2,-136
1767173302.333238,-4,4,-134
1767173302.343238,-2,1,-133
1767173302.353238,0,0,-136
1767173302.363238,-3,-3,-134
1767173302.373238,-5,-1,-136
1767173302.383238,-7,-6,-130
1767173302.393238,-7,-11,-129
1767173302.403238,-4,-14,-132
1767173302.413238,-2,-15,-130
1767173302.423238,4,-8,-128
1767173302.4332385,1,-8,-125
1767173302.4432385,4,-7,-129
1767173302.4532382,0,-4,-136
1767173302.4632382,-3,-3,-131
1767173302.4732382,-7,0,-127
1767173302.4832382,-5,1,-129
1767173302.4932382,0,-1,-126
1767173302.5032382,0,-2,-127
1767173302.5132382,3,-1,-128
1767173302.5232382,0,-2,-128
1767173302.5332382,0,-3,-132
1767173302.5432382,7,-3,-136
1767173302.5532382,6,-5,-133
1767173302.563238,4,-3,-131
1767173302.573238,3,0,-131
1767173302.583238,2,1,-133
1767173302.593238,2,2,-127
1767173302.603238,4,4,-131
1767173302.613238,2,3,-131
1767173302.623238,0,3,-127
1767173302.633238,3,3,-133
1767173302.643238,0,1,-136
1767173302.653238,0,-2,-126
1767173302.663238,-1,-1,-126
1767173302.673238,-3,-3,-134
1767173302.6832385,-2,1,-131
1767173302.6932385,1,1,-135
1767173302.7032382,1,0,-137
1767173302.7132382,5,0,-134
1767173302.7232382,2,-1,-135
1767173302.7332382,0,-6,-131
1767173302.7432382,1,-11,-127
1767173302.7532382,4,-8,-125
1767173302.7632382,0,-11,-128
1767173302.774238,2,-8,-129
1767173302.7832382,4,-6,-131
1767173302.7932382,5,-10,-126
1767173302.8032382,2,-7,-124
1767173302.813238,2,-5,-123
1767173302.823238,1,-6,-126
1767173302.833238,0,-5,-127
1767173302.843238,2,-8,-127
1767173302.853238,0,-13,-129
1767173302.863238,5,-12,-137
1767173302.873238,4,-8,-135
1767173302.883238,2,-6,-138
1767173302.893238,0,-5,-135
1767173302.903238,-2,-3,-134
1767173302.913238,-2,-4,-135
1767173302.923238,-2,-3,-138
1767173302.9332385,0,0,-136
1767173302.9432385,-4,2,-140
1767173302.9532382,-3,1,-145
1767173302.9632382,1,0,-138
1767173302.9732382,-1,-1,-131
1767173302.9832382,0,-5,-126
1767173302.9932382,-2,-8,-117
1767173303.0032382,-6,-3,-112
1767173303.0132382,-10,-5,-120
1767173303.0232382,-8,-4,-120
1767173303.0332382,-4,-1,-122
1767173303.0432382,-5,-3,-123
1767173303.0532382,-5,-1,-130
1767173303.063238,-7,0,-129
1767173303.073238,-10,1,-134
1767173303.083238,-9,2,-133
1767173303.093238,-9,0,-126
1767173303.103238,-11,-1,-126
1767173303.113238,-8,-1,-128
1767173303.123238,-7,-1,-120
1767173303.133238,-9,2,-121
1767173303.143238,-8,1,-119
1767173303.153238,-4,-1,-123
1767173303.163238,-1,-3,-129
1767173303.173238,-6,-1,-126
1767173303.1832385,-8,-2,-133
1767173303.1932385,-9,-1,-138
1767173303.2032382,-6,0,-133
1767173303.2132382,-6,0,-133
1767173303.2232382,-4,0,-126
1767173303.2332382,-3,0,-127
1767173303.2432382,-3,-2,-141
1767173303.2532382,-3,-3,-141
1767173303.2632382,0,-6,-140
1767173303.2732382,5,-2,-141
1767173303.2832382,7,-3,-133
1767173303.2932382,5,-3,-138
1767173303.3032382,4,-6,-140
1767173303.313238,8,-4,-143
1767173303.323238,5,-3,-136
1767173303.333238,3,-1,-128
1767173303.343238,0,-3,-131
1767173303.353238,0,1,-133
1767173303.363238,0,3,-131
1767173303.373238,-2,5,-133
1767173303.383238,-3,2,-134
1767173303.393238,-3,2,-137
1767173303.403238,-2,3,-136
1767173303.413238,1,4,-134
1767173303.423238,6,5,-132
1767173303.4332385,7,5,-132
1767173303.4432385,8,2,-142
1767173303.4532382,5,1,-141
1767173303.4632382,4,4,-139
1767173303.4732382,4,5,-134
1767173303.4832382,6,2,-137
1767173303.4932382,7,1,-139
1767173303.5032382,4,-2,-136
1767173303.5132382,4,-1,-134
1767173303.5232382,2,0,-130
1767173303.5332382,2,-1,-125
1767173303.5432382,2,-2,-127
1767173303.5532382,3,-4,-133
1767173303.563238,-1,-7,-134
1767173303.573238,-5,0,-125
1767173303.583238,-5,-1,-121
1767173303.593238,-6,1,-126
1767173303.603238,-2,3,-126
1767173303.613238,-3,0,-128
1767173303.623238,-5,-4,-130
1767173303.633238,-6,-6,-125
1767173303.643238,-8,-9,-119
1767173303.653238,-5,-7,-117
1767173303.663238,-5,-1,-118
1767173303.673238,-1,7,-120
1767173303.6832385,-4,2,-126
1767173303.6932385,-5,4,-126
1767173303.7032382,-5,5,-125
1767173303.7132382,-2,5,-124
1767173303.7232382,-2,0,-125
1767173303.7332382,-2,0,-132
1767173303.7432382,0,-1,-130
1767173303.7532382,-1,0,-130
1767173303.7632382,0,1,-131
1767173303.7732382,-1,-2,-128
1767173303.7832382,-2,0,-129
1767173303.7932382,0,1,-128
1767173303.8032382,1,1,-121
1767173303.813238,0,-4,-126
1767173303.823238,-1,-3,-130
1767173303.833238,-2,-7,-126
1767173303.843238,-1,-8,-127
1767173303.853238,-7,-7,-126
1767173303.863238,-5,-5,-127
1767173303.873238,0,-6,-132
1767173303.883238,-1,-6,-129
1767173303.893238,5,-9,-124
1767173303.903238,4,-7,-127
1767173303.913238,2,-6,-126
1767173303.923238,0,0,-129
1767173303.9332385,-1,-1,-129
1767173303.9432385,-1,0,-126
1767173303.9532382,0,1,-127
1767173303.9632382,0,2,-125
1767173303.9732382,0,0,-124
1767173303.9832382,-2,2,-124
1767173303.9932382,-5,3,-122
1767173304.0032382,-4,3,-124
1767173304.0132382,-6,2,-123
1767173304.0232382,0,-3,-130
1767173304.0332382,3,-3,-127
1767173304.0432382,3,-2,-126
1767173304.0532382,3,-1,-126
1767173304.063238,1,-2,-128
1767173304.073238,0,3,-123
1767173304.083238,1,1,-124
1767173304.093238,1,0,-122
1767173304.103238,4,-2,-120
1767173304.113238,8,2,-127
1767173304.123238,8,5,-126
1767173304.133238,6,3,-130
1767173304.143238,-1,2,-133
1767173304.153238,-3,1,-126
1767173304.163238,-1,3,-125
1767173304.173238,5,2,-126
1767173304.1832385,1,1,-126
1767173304.1932385,2,-4,-123
1767173304.2032382,0,-1,-130
1767173304.2132382,-3,-1,-126
1767173304.2232382,1,-2,-125
1767173304.2332382,0,-1,-127
1767173304.2432382,1,0,-121
1767173304.2532382,-1,1,-120
1767173304.2632382,0,-3,-117
1767173304.2732382,-6,-1,-114
1767173304.284238,-10,0,-118
1767173304.2932382,-7,-2,-118
1767173304.3032382,-8,0,-117
1767173304.313238,-5,0,-120
1767173304.323238,-7,-3,-121
1767173304.334238,-4,-3,-122
1767173304.344238,-4,-2,-124
1767173304.3542385,-4,2,-130
1767173304.3642385,0,5,-132
1767173304.3742385,-1,2,-135
1767173304.383238,-2,0,-134
1767173304.3942382,-2,3,-130
1767173304.4042382,0,2,-134
1767173304.4142382,-6,3,-132
1767173304.4242382,-5,1,-126
1767173304.4342382,0,0,-125
1767173304.4442382,0,1,-131
1767173304.4542382,-3,2,-126
1767173304.4642382,0,0,-131
1767173304.4742382,0,1,-136
1767173304.484238,0,2,-135
1767173304.494238,-1,3,-127
1767173304.504238,0,-2,-127
1767173304.514238,-2,-4,-129
1767173304.524238,-5,-2,-131
1767173304.534238,-6,0,-132
1767173304.544238,-1,0,-131
1767173304.554238,-2,1,-128
1767173304.564238,0,3,-128
1767173304.574238,1,-2,-131
1767173304.584238,-4,-4,-129
1767173304.594238,-7,-2,-131
1767173304.6042385,-4,-1,-128
1767173304.6142385,-7,0,-125
1767173304.6242385,-9,-5,-129
1767173304.6342382,-3,-8,-132
1767173304.6442382,4,-5,-132
1767173304.6542382,3,-7,-130
1767173304.6642382,3,-5,-121
1767173304.6742382,3,-5,-127
1767173304.6842382,-1,-3,-130
1767173304.6942382,-2,-2,-129
1767173304.7042382,1,0,-130
1767173304.7142382,1,2,-129
1767173304.7242382,-3,0,-121
1767173304.734238,-2,0,-121
1767173304.744238,-2,0,-122
1767173304.754238,0,1,-122
1767173304.764238,-3,3,-123
1767173304.774238,-3,0,-127
1767173304.784238,1,4,-132
1767173304.794238,2,0,-122
1767173304.804238,1,-1,-118
1767173304.814238,-1,-2,-118
1767173304.824238,-3,-2,-119
1767173304.834238,0,-2,-120
1767173304.844238,-4,0,-117
1767173304.8542385,-7,0,-124
1767173304.8642385,-14,-3,-127
1767173304.8742385,-8,-1,-127
1767173304.8842382,-6,0,-129
1767173304.8942382,-2,-1,-125
1767173304.9042382,-2,0,-124
1767173304.9142382,1,0,-122
1767173304.9242382,2,2,-125
1767173304.9342382,4,5,-127
1767173304.9442382,1,10,-131
1767173304.9542382,0,9,-130
1767173304.9642382,-1,10,-122
1767173304.9742382,-4,10,-124
1767173304.984238,-2,8,-126
1767173304.994238,-6,5,-124
1767173305.004238,-9,0,-128
1767173305.014238,-8,0,-131
1767173305.024238,-9,0,-131
1767173305.034238,-9,1,-127
1767173305.044238,-5,2,-124
1767173305.054238,-8,0,-123
1767173305.064238,-7,-2,-125
1767173305.074238,0,-4,-123
1767173305.084238,0,-2,-128
1767173305.094238,0,-2,-125
1767173305.1042385,1,-2,-123
1767173305.1142385,0,-5,-127
1767173305.1242385,1,-8,-124
1767173305.1342382,-4,-7,-126
1767173305.1442382,-8,-3,-126
1767173305.1542382,-3,1,-123
1767173305.1642382,0,0,-126
1767173305.1742382,1,0,-123
1767173305.1842382,2,-1,-121
1767173305.1942382,-3,3,-121
1767173305.2042382,-6,3,-128
1767173305.2142382,-2,0,-131
1767173305.2242382,-3,1,-135
1767173305.234238,-3,-2,-143
1767173305.244238,-1,-3,-144
1767173305.254238,3,-4,-139
1767173305.264238,0,0,-133
1767173305.274238,0,-1,-133
1767173305.284238,1,-2,-136
1767173305.294238,0,-2,-137
1767173305.304238,0,-3,-129
1767173305.314238,3,-2,-126
1767173305.324238,5,1,-122
1767173305.334238,1,0,-122
1767173305.344238,1,1,-123
1767173305.3542385,5,1,-126
1767173305.3642385,7,0,-123
1767173305.3742385,8,2,-122
1767173305.3842382,6,-2,-127
1767173305.3942382,6,0,-125
1767173305.4042382,4,0,-117
1767173305.4142382,-2,0,-112
1767173305.4242382,-3,1,-117
1767173305.4342382,0,4,-124
1767173305.4442382,3,5,-122
1767173305.4542382,4,2,-126
1767173305.4642382,0,2,-125
1767173305.4742382,-3,9,-129
1767173305.495238,-2,2,-131
1767173305.504238,0,1,-127
1767173305.514238,-1,6,-128
1767173305.524238,-4,8,-128
1767173305.534238,0,7,-131
1767173305.544238,6,5,-131
1767173305.554238,10,1,-130
1767173305.564238,7,5,-127
1767173305.574238,10,2,-128
1767173305.584238,12,0,-120
1767173305.594238,13,-2,-118
1767173305.6042385,8,-4,-113
1767173305.6142385,9,-3,-117
1767173305.6242385,11,-2,-117
1767173305.6342382,6,1,-122
1767173305.6442382,1,0,-121
1767173305.6542382,0,-2,-117
1767173305.6642382,-2,-3,-115
1767173305.6742382,0,-3,-114
1767173305.6842382,0,-1,-115
1767173305.6942382,0,-4,-116
1767173305.7042382,-2,-2,-131
1767173305.7142382,2,0,-130
1767173305.7242382,-2,0,-127
1767173305.734238,0,-1,-123
1767173305.744238,-6,-1,-120
1767173305.754238,-6,-2,-120
1767173305.764238,-6,-5,-122
1767173305.774238,-11,-4,-126
1767173305.784238,-6,0,-128
1767173305.794238,0,0,-129
1767173305.804238,0,0,-121
1767173305.814238,2,0,-128
1767173305.824238,2,3,-124
1767173305.834238,5,7,-124
1767173305.844238,6,7,-127
1767173305.8542385,1,2,-126
1767173305.8642385,2,-1,-135
1767173305.8742385,1,-5,-133
1767173305.8842382,1,-4,-133
1767173305.8942382,2,-7,-132
1767173305.9042382,2,-3,-129
1767173305.9142382,1,-2,-124
1767173305.9242382,-1,-1,-117
1767173305.9342382,0,-1,-114
1767173305.9442382,-4,-1,-121
1767173305.9542382,-2,0,-118
1767173305.9642382,-4,0,-122
1767173305.9742382,-6,-5,-124
1767173305.984238,-5,-4,-122
1767173305.994238,-2,-5,-128
1767173306.004238,0,-3,-134
1767173306.014238,1,-8,-134
1767173306.024238,-1,-9,-126
1767173306.034238,0,-7,-120
1767173306.044238,4,-9,-123
1767173306.054238,3,-7,-124
1767173306.064238,7,-3,-124
1767173306.074238,5,-3,-121
1767173306.084238,4,-1,-120
1767173306.094238,0,-4,-120
1767173306.1042385,0,-4,-118
1767173306.1142385,-1,-3,-121
1767173306.1242385,-2,0,-127
1767173306.1342382,2,-2,-127
1767173306.1442382,4,-3,-127
1767173306.1542382,1,-4,-130
1767173306.1642382,-1,-2,-127
1767173306.1742382,-1,-4,-133
1767173306.1842382,-4,-2,-137
1767173306.1942382,-3,-1,-134
1767173306.2042382,1,-3,-130
1767173306.2142382,-2,0,-127
1767173306.2242382,-2,1,-127
1767173306.234238,-2,2,-122
1767173306.244238,1,6,-115
1767173306.254238,-1,6,-120
1767173306.264238,-1,3,-124
1767173306.274238,2,6,-119
1767173306.284238,8,1,-118
1767173306.294238,6,-2,-118
1767173306.304238,3,0,-121
1767173306.314238,1,0,-121
1767173306.324238,0,-1,-121
1767173306.334238,-1,-1,-121
1767173306.344238,-5,3,-120
1767173306.3542385,-4,2,-118
1767173306.3642385,-2,4,-122
1767173306.3742385,3,4,-129
1767173306.3842382,1,7,-126
1767173306.3942382,1,2,-122
1767173306.4042382,0,-3,-117
1767173306.4142382,3,-3,-114
1767173306.4242382,3,-4,-116
1767173306.4342382,0,0,-120
1767173306.4442382,2,0,-127
1767173306.4542382,4,-2,-127
1767173306.4642382,2,-1,-125
1767173306.4742382,3,-5,-125
1767173306.484238,5,-6,-122
1767173306.494238,2,-5,-125
1767173306.504238,0,0,-122
1767173306.514238,1,-5,-119
1767173306.524238,1,-6,-116
1767173306.534238,2,-1,-116
1767173306.544238,5,0,-120
1767173306.554238,3,-1,-124
1767173306.564238,0,-3,-131
1767173306.574238,2,-2,-135
1767173306.584238,2,-8,-139
1767173306.594238,-5,-6,-134
1767173306.6042385,-8,-10,-132
1767173306.6142385,-11,-10,-131
1767173306.6242385,-12,-6,-124
1767173306.6342382,-9,-3,-121
1767173306.6442382,-7,-3,-124
1767173306.6542382,0,-1,-127
1767173306.6642382,5,0,-123
1767173306.6742382,7,-2,-132
1767173306.6842382,6,-5,-131
1767173306.6942382,2,-6,-128
1767173306.7042382,-4,-3,-126
1767173306.7142382,-7,-5,-124
1767173306.7242382,-8,-5,-128
1767173306.734238,-10,-5,-125
1767173306.744238,-7,-3,-130
1767173306.754238,-10,-2,-130
1767173306.764238,-3,0,-125
1767173306.774238,-4,1,-132
1767173306.784238,-3,2,-141
1767173306.794238,0,2,-129
1767173306.804238,1,2,-129
1767173306.814238,-2,3,-125
1767173306.824238,-3,2,-123
1767173306.834238,-1,7,-127
1767173306.844238,-5,6,-124
1767173306.8542385,-2,5,-119
1767173306.8642385,-1,0,-114
1767173306.8742385,-1,0,-117
1767173306.8842382,-2,0,-123
1767173306.8942382,-8,0,-130
1767173306.9042382,-11,0,-125
1767173306.9142382,-6,0,-120
1767173306.9242382,-5,2,-119
1767173306.9342382,-5,5,-125
1767173306.945238,-6,4,-129
1767173306.955238,-8,5,-126
1767173306.965238,-8,1,-133
1767173306.975238,-2,2,-142
1767173306.985238,-4,1,-136
1767173306.995238,-5,1,-133
1767173307.005238,-5,0,-133
1767173307.015238,-3,-2,-133
1767173307.025238,-1,-1,-136
1767173307.0352385,-1,-1,-127
1767173307.0452385,-2,1,-128
1767173307.0552382,-2,1,-133
1767173307.0652382,2,0,-129
1767173307.0752382,4,-3,-132
1767173307.0852382,1,-5,-129
1767173307.0952382,-1,-2,-131
1767173307.1052382,-5,-5,-138
1767173307.1152382,-4,-7,-130
1767173307.1252382,-1,-7,-125
1767173307.1352382,2,-4,-127
1767173307.1452382,-1,-6,-122
1767173307.1552382,2,-1,-126
1767173307.165238,0,0,-125
1767173307.175238,5,-5,-129
1767173307.185238,3,-6,-134
1767173307.195238,1,-1,-134
1767173307.205238,3,0,-129
1767173307.215238,6,-1,-126
1767173307.225238,2,1,-126
1767173307.235238,-2,4,-123
1767173307.245238,-6,1,-121
1767173307.255238,-7,-2,-126
1767173307.265238,-9,-1,-128
1767173307.275238,-6,2,-132
1767173307.2852385,-4,0,-138
1767173307.2952385,-4,0,-138
1767173307.3052382,0,4,-136
1767173307.3152382,2,4,-134
1767173307.3252382,0,-2,-130
1767173307.3352382,0,-1,-130
1767173307.3452382,0,1,-122
1767173307.3552382,-2,6,-121
1767173307.3652382,-1,7,-121
1767173307.3752382,-5,4,-118
1767173307.3852382,-5,2,-125
1767173307.3952382,-2,0,-124
1767173307.4052382,-3,1,-122
1767173307.415238,-5,-1,-125
1767173307.425238,-8,-1,-124
1767173307.435238,-6,1,-127
1767173307.445238,-2,4,-128
1767173307.455238,0,3,-126
1767173307.465238,0,0,-121
1767173307.475238,1,-2,-123
1767173307.485238,-2,0,-124
1767173307.495238,-5,0,-131
1767173307.505238,0,0,-142
1767173307.515238,-3,-1,-141
1767173307.525238,-4,-1,-136
1767173307.5352385,-6,-5,-132
1767173307.5452385,-4,-1,-129
1767173307.5552382,-2,-3,-128
1767173307.5652382,-5,-2,-129
1767173307.5752382,-4,-1,-132
1767173307.5852382,-3,2,-135
1767173307.5952382,-3,6,-135
1767173307.6052382,-1,3,-135
1767173307.6152382,1,0,-136
1767173307.6252382,1,-1,-135
1767173307.6352382,-1,-3,-137
1767173307.6452382,-1,0,-136
1767173307.6552382,-6,2,-130
1767173307.665238,-2,2,-132
1767173307.675238,-2,6,-129
1767173307.685238,-2,1,-129
1767173307.695238,-3,-1,-129
1767173307.705238,-8,-3,-126
1767173307.715238,-4,-5,-125
1767173307.725238,-1,-1,-128
1767173307.735238,0,-2,-130
1767173307.745238,0,-2,-128
1767173307.755238,1,-2,-131
1767173307.765238,2,-1,-128
1767173307.775238,1,1,-129
1767173307.7852385,2,3,-127
1767173307.7952385,4,0,-131
1767173307.8052382,5,0,-129
1767173307.8152382,6,-2,-129
1767173307.8252382,1,0,-127
1767173307.8352382,-3,1,-121
1767173307.8452382,-8,-3,-122
1767173307.8552382,-2,-4,-124
1767173307.8652382,0,-2,-129
1767173307.8752382,1,-2,-120
1767173307.8852382,5,0,-124
1767173307.8952382,3,0,-123
1767173307.9052382,1,0,-123
1767173307.915238,5,0,-129
1767173307.925238,4,0,-127
1767173307.935238,6,5,-130
1767173307.945238,3,0,-128
1767173307.955238,-2,0,-130
1767173307.965238,-8,2,-129
1767173307.975238,-6,0,-128
1767173307.985238,-4,4,-128
1767173307.995238,3,0,-125
1767173308.005238,3,0,-128
1767173308.015238,3,2,-127
1767173308.025238,0,-2,-123
1767173308.0352385,0,4,-122
1767173308.0452385,-3,4,-120
1767173308.0552382,-4,0,-118
1767173308.0652382,-3,0,-125
1767173308.0752382,-2,-1,-132
1767173308.0852382,-5,0,-129
1767173308.0952382,-8,0,-130
1767173308.1052382,-8,3,-138
1767173308.1152382,-1,1,-139
1767173308.1252382,4,3,-141
1767173308.1352382,-2,0,-138
1767173308.1452382,-2,2,-135
1767173308.1552382,-2,4,-136
1767173308.165238,-9,1,-134
1767173308.175238,-3,0,-135
1767173308.185238,0,0,-134
1767173308.195238,4,0,-134
1767173308.205238,2,3,-132
1767173308.215238,1,4,-131
1767173308.225238,1,5,-130
1767173308.235238,5,5,-129
1767173308.245238,9,4,-130
1767173308.255238,7,2,-130
1767173308.265238,2,0,-134
1767173308.275238,3,0,-126
1767173308.2852385,-1,-2,-129
1767173308.2952385,-7,2,-131
1767173308.3052382,-6,3,-130
1767173308.3152382,-7,-1,-130
1767173308.3252382,-5,-3,-127
1767173308.3352382,-4,0,-125
1767173308.3452382,-2,3,-128
1767173308.3552382,-2,0,-129
1767173308.3652382,-2,1,-128
1767173308.3752382,-2,3,-123
1767173308.3852382,-4,4,-121
1767173308.3952382,-7,2,-121
1767173308.4052382,-7,1,-119
1767173308.415238,-7,2,-115
1767173308.425238,-3,1,-119
1767173308.435238,-2,0,-128
1767173308.445238,-4,-3,-129
1767173308.455238,-6,-3,-134
1767173308.465238,-3,-2,-134
1767173308.475238,-4,-5,-131
1767173308.485238,-6,-5,-129
1767173308.495238,-3,-5,-135
1767173308.505238,-3,-4,-135
1767173308.515238,-3,-5,-138
1767173308.525238,-5,-5,-139
1767173308.5352385,-3,-4,-138
1767173308.5452385,-2,-3,-140
1767173308.5552382,0,0,-141
1767173308.5652382,0,3,-137
1767173308.5752382,-2,3,-134
1767173308.5852382,2,0,-132
1767173308.5952382,0,0,-124
1767173308.6052382,-5,1,-120
1767173308.6152382,-3,1,-122
1767173308.6252382,-4,4,-126
1767173308.6352382,-1,3,-119
1767173308.6452382,0,7,-115
1767173308.6552382,-3,4,-115
1767173308.665238,-1,6,-118
1767173308.675238,-3,8,-118
1767173308.685238,0,3,-122
1767173308.695238,0,1,-122
1767173308.705238,-3,3,-131
1767173308.715238,-8,0,-134
1767173308.725238,-15,-1,-129
1767173308.735238,-8,-3,-131
1767173308.745238,-3,-4,-130
1767173308.755238,-4,-6,-131
1767173308.765238,-5,-8,-126
1767173308.775238,-1,-4,-124
1767173308.7852385,-1,-1,-120
1767173308.7952385,0,-2,-124
1767173308.8052382,1,0,-126
1767173308.8152382,1,2,-130
1767173308.8252382,1,3,-130
1767173308.8352382,3,3,-124
1767173308.8452382,2,5,-124
1767173308.8552382,2,6,-119
1767173308.8652382,2,6,-120
1767173308.8752382,0,2,-123
1767173308.8852382,3,1,-121
1767173308.8952382,6,-1,-118
1767173308.9052382,1,-5,-116
1767173308.915238,-2,-4,-118
1767173308.925238,-5,-6,-116
1767173308.935238,-3,-5,-117
1767173308.945238,-1,-5,-119
1767173308.955238,-1,-1,-124
1767173308.965238,-2,2,-122
1767173308.975238,-5,1,-124
1767173308.985238,-1,0,-130
1767173308.995238,-2,2,-131
1767173309.005238,-3,3,-128
1767173309.015238,-4,4,-128
1767173309.025238,-3,5,-116
1767173309.0352385,-7,6,-115
1767173309.0452385,-8,3,-122
1767173309.0552382,-7,1,-130
1767173309.0652382,-6,-2,-133
1767173309.0752382,-3,1,-135
1767173309.0852382,1,0,-131
1767173309.0952382,0,0,-128
1767173309.1052382,3,-5,-126
1767173309.1152382,4,-2,-120
1767173309.1252382,1,-2,-119
1767173309.1352382,3,-1,-119
1767173309.1452382,3,-1,-120
1767173309.1552382,10,1,-122
1767173309.165238,8,-1,-129
1767173309.175238,5,-6,-129
1767173309.185238,2,-4,-131
1767173309.195238,-3,0,-135
1767173309.205238,0,5,-130
1767173309.215238,1,4,-127
1767173309.225238,-1,1,-120
1767173309.235238,3,-2,-120
1767173309.245238,6,0,-121
1767173309.255238,6,3,-130
1767173309.265238,6,4,-125
1767173309.275238,5,3,-123
1767173309.2852385,5,3,-123
1767173309.2952385,5,6,-121
1767173309.3052382,2,3,-124
1767173309.3152382,1,5,-129
1767173309.3252382,4,6,-128
1767173309.3352382,3,0,-126
1767173309.3452382,-2,-5,-129
1767173309.3552382,-1,-6,-134
1767173309.3652382,-5,-7,-139
1767173309.3752382,-7,-2,-138
1767173309.3852382,-9,0,-132
1767173309.3952382,-9,-2,-135
1767173309.4052382,-4,-2,-133
1767173309.415238,0,1,-132
1767173309.425238,0,-1,-130
1767173309.435238,0,-2,-125
1767173309.445238,1,0,-128
1767173309.455238,-5,1,-125
1767173309.465238,-7,5,-133
1767173309.475238,-7,6,-133
1767173309.485238,-10,5,-130
1767173309.495238,-5,3,-125
1767173309.505238,-1,9,-127
1767173309.515238,-2,6,-122
1767173309.525238,-1,0,-117
1767173309.5352385,-1,1,-119
1767173309.5452385,-4,2,-118
1767173309.5552382,-2,-2,-112
1767173309.5662382,-1,-2,-113
1767173309.5762382,-1,2,-115
1767173309.586238,-5,-1,-119
1767173309.596238,-6,-3,-120
1767173309.606238,-7,0,-115
1767173309.616238,-9,2,-118
1767173309.626238,-8,4,-121
1767173309.636238,-6,-1,-116
1767173309.646238,-3,-4,-115
1767173309.656238,-2,0,-118
1767173309.666238,-1,-1,-120
1767173309.676238,-4,-5,-119
1767173309.686238,-3,0,-126
1767173309.696238,-2,2,-131
1767173309.7062385,-3,4,-127
1767173309.7162385,0,3,-130
1767173309.7262385,1,8,-136
1767173309.7362382,0,3,-133
1767173309.7462382,2,0,-132
1767173309.7562382,3,-2,-134
1767173309.7662382,1,-4,-137
1767173309.7762382,5,-4,-138
1767173309.7862382,6,-6,-131
1767173309.7962382,8,-4,-128
1767173309.8062382,4,0,-129
1767173309.8162382,5,0,-126
1767173309.8262382,5,-2,-129
1767173309.836238,6,-4,-132
1767173309.846238,4,0,-136
1767173309.856238,1,-2,-135
1767173309.866238,2,1,-134
1767173309.876238,5,0,-135
1767173309.886238,8,-4,-133
1767173309.896238,5,-5,-131
1767173309.906238,2,-4,-125
1767173309.916238,0,-4,-127
1767173309.926238,1,-6,-126
1767173309.936238,2,-6,-129
1767173309.946238,0,-8,-131
1767173309.9562385,-3,-8,-138
1767173309.9662385,-6,-1,-130
1767173309.9762385,0,0,-140
1767173309.9862382,-1,-1,-138
1767173309.9962382,-6,0,-137
1767173310.0062382,-10,-6,-133
1767173310.0162382,-11,-3,-132
1767173310.0262382,-12,0,-136
1767173310.0362382,-12,0,-140
1767173310.0462382,-8,-2,-141
1767173310.0562382,-9,-1,-137
1767173310.0662382,-7,0,-128
1767173310.0762382,-7,2,-129
1767173310.086238,-3,6,-123
1767173310.096238,-2,4,-120
1767173310.106238,0,4,-125
1767173310.116238,-2,1,-131
1767173310.126238,-2,-4,-130
1767173310.136238,-1,-6,-131
1767173310.1472385,3,-4,-127
1767173310.156238,0,-2,-125
1767173310.166238,0,-1,-132
1767173310.176238,2,-2,-136
1767173310.186238,9,0,-132
1767173310.196238,10,0,-120
1767173310.2062385,10,-2,-115
1767173310.2162385,6,-1,-113
1767173310.2262385,0,-3,-109
1767173310.2362382,1,-1,-110
1767173310.2462382,8,-3,-114
1767173310.2562382,8,-2,-124
1767173310.2662382,10,0,-121
1767173310.2762382,9,0,-125
1767173310.2862382,5,1,-121
1767173310.2962382,2,0,-121
1767173310.3062382,2,0,-123
1767173310.3162382,2,0,-132
1767173310.3262382,2,-1,-131
1767173310.336238,2,-1,-126
1767173310.346238,-2,-1,-120
1767173310.356238,-2,-4,-120
1767173310.366238,0,0,-115
1767173310.376238,-2,-2,-117
1767173310.386238,-5,-4,-114
1767173310.396238,-4,-4,-113
1767173310.406238,-2,-8,-117
1767173310.416238,3,-7,-119
1767173310.426238,0,-5,-126
1767173310.436238,-3,-4,-133
1767173310.446238,-7,-3,-132
1767173310.4562385,-7,-3,-132
1767173310.4662385,-4,-2,-128
1767173310.4762385,-2,-2,-131
1767173310.4862382,-5,-3,-125
1767173310.507238,-5,-3,-131
1767173310.5162382,-4,-6,-129
1767173310.5262382,-8,-2,-132
1767173310.5362382,-3,1,-128
1767173310.5462382,-3,1,-128
1767173310.5562382,0,2,-138
1767173310.5662382,-1,2,-141
1767173310.5762382,-2,2,-140
1767173310.586238,0,0,-143
1767173310.596238,0,0,-130
1767173310.606238,-2,-3,-126
1767173310.616238,-1,-4,-119
1767173310.626238,-3,-5,-119
1767173310.636238,-1,-3,-116
1767173310.646238,-4,-5,-120
1767173310.656238,-4,-3,-122
1767173310.666238,-6,-3,-122
1767173310.676238,-3,-4,-128
1767173310.686238,-3,-5,-125
1767173310.696238,-6,0,-123
1767173310.7062385,-10,6,-126
1767173310.7162385,-8,3,-128
1767173310.7262385,-9,0,-126
1767173310.7362382,-6,0,-121
1767173310.7462382,-7,-3,-122
1767173310.7562382,-7,-8,-123
1767173310.7662382,-3,-4,-125
1767173310.7762382,-4,-4,-128
1767173310.7862382,-2,-7,-125
1767173310.7962382,-1,0,-131
1767173310.8062382,-8,-2,-126
1767173310.8162382,-11,-4,-129
1767173310.8262382,-10,-6,-129
1767173310.836238,-8,-12,-122
1767173310.846238,-3,-12,-123
1767173310.856238,-1,-8,-124
1767173310.866238,-3,-3,-129
1767173310.876238,-5,-5,-127
1767173310.886238,-6,-5,-125
1767173310.896238,-8,-2,-127
1767173310.906238,-5,-3,-127
1767173310.916238,-11,0,-125
1767173310.926238,-11,-1,-128
1767173310.936238,-7,0,-126
1767173310.946238,-5,0,-123
1767173310.9562385,-5,-1,-126
1767173310.9662385,-10,-3,-132
1767173310.9762385,-8,-4,-138
1767173310.9862382,-10,-2,-134
1767173310.9962382,-9,-4,-129
1767173311.0062382,-5,-5,-134
1767173311.0162382,-1,-3,-139
1767173311.0262382,2,2,-140
1767173311.0362382,2,5,-140
1767173311.0462382,2,3,-141
1767173311.0562382,1,-2,-136
1767173311.0662382,-7,-3,-135
1767173311.0762382,-5,0,-128
1767173311.086238,-1,0,-125
1767173311.096238,0,-1,-123
1767173311.106238,0,-2,-122
1767173311.116238,-2,-2,-122
1767173311.126238,0,0,-122
1767173311.136238,0,-1,-113
1767173311.146238,-2,1,-106
1767173311.156238,-3,0,-112
1767173311.166238,-4,-2,-117
1767173311.176238,-4,-1,-118
1767173311.186238,-8,-1,-116
1767173311.196238,-8,0,-122
1767173311.2062385,-4,1,-128
1767173311.2162385,-8,2,-127
1767173311.2262385,-7,-3,-129
1767173311.2362382,-6,-4,-133
1767173311.2462382,-5,-5,-131
1767173311.2562382,-2,-2,-129
1767173311.2662382,-3,-2,-120
1767173311.2762382,-6,0,-122
1767173311.2862382,-6,-1,-130
1767173311.2962382,-4,2,-137
1767173311.3062382,-6,2,-133
1767173311.3162382,-9,-1,-127
1767173311.3262382,-10,-2,-131
1767173311.336238,-8,-1,-132
1767173311.346238,-8,-1,-126
1767173311.356238,-9,0,-129
1767173311.366238,-6,-1,-125
1767173311.376238,-5,-1,-115
1767173311.386238,-5,0,-117
1767173311.396238,-7,-2,-118
1767173311.406238,-10,-2,-122
1767173311.416238,-4,1,-122
1767173311.426238,-7,5,-118
1767173311.436238,-10,5,-114
1767173311.446238,-9,4,-115
1767173311.4562385,-5,0,-123
1767173311.4662385,-4,0,-126
1767173311.4762385,-2,0,-129
1767173311.4862382,-2,-2,-134
1767173311.4962382,-2,0,-131
1767173311.5062382,0,0,-132
1767173311.5162382,2,-1,-127
1767173311.5262382,3,2,-125
1767173311.5362382,3,-3,-121
1767173311.5462382,2,-4,-121
1767173311.5562382,1,-7,-124
1767173311.5662382,0,-7,-127
1767173311.5762382,-1,-4,-130
1767173311.586238,-2,-3,-128
1767173311.596238,-2,-4,-132
1767173311.606238,0,-8,-127
1767173311.616238,0,-9,-129
1767173311.626238,-4,-5,-123
1767173311.636238,-3,-6,-127
1767173311.646238,-5,-6,-125
1767173311.656238,-3,-10,-124
1767173311.666238,-5,-9,-126
1767173311.676238,-5,-8,-122
1767173311.686238,-3,-3,-126
1767173311.696238,-3,-1,-129
1767173311.7062385,-1,1,-133
1767173311.7162385,-2,-1,-121
1767173311.7262385,-1,-3,-125
1767173311.7362382,1,-1,-131
1767173311.7462382,6,-1,-131
1767173311.7562382,9,-3,-128
1767173311.7662382,6,-3,-124
1767173311.7762382,6,-1,-119
1767173311.7862382,7,-4,-122
1767173311.7962382,6,-2,-121
1767173311.8062382,11,1,-119
1767173311.8162382,8,2,-127
1767173311.8262382,7,-3,-131
1767173311.836238,9,-6,-132
1767173311.846238,10,-2,-138
1767173311.856238,11,0,-138
1767173311.866238,8,-2,-133
1767173311.876238,9,0,-129
1767173311.886238,8,-1,-128
1767173311.896238,5,-2,-131
1767173311.906238,5,1,-124
1767173311.916238,2,-1,-120
1767173311.926238,2,0,-118
1767173311.936238,0,-2,-126
1767173311.946238,-1,-2,-128
1767173311.9562385,0,0,-122
1767173311.9662385,0,0,-121
1767173311.9762385,1,0,-122
1767173311.9862382,1,-2,-123
1767173311.9962382,1,-3,-129
1767173312.0062382,0,-2,-133
1767173312.0162382,-1,-2,-130
1767173312.0262382,-6,-4,-127
1767173312.0362382,-9,-4,-122
1767173312.0462382,-6,-1,-121
1767173312.0562382,-4,0,-115
1767173312.0662382,-5,-2,-116
1767173312.0762382,-5,-1,-123
1767173312.086238,-4,1,-123
1767173312.096238,-4,1,-129
1767173312.106238,-4,3,-132
1767173312.116238,-4,1,-138
1767173312.126238,-4,3,-132
1767173312.136238,-3,3,-132
1767173312.146238,-2,0,-130
1767173312.156238,0,1,-132
1767173312.166238,-2,0,-129
1767173312.176238,-4,-5,-134
1767173312.186238,-4,-3,-137
1767173312.1972382,-8,-1,-135
1767173312.2072382,-7,0,-131
1767173312.2172382,-6,-1,-132
1767173312.2262385,0,-1,-137
1767173312.2372382,2,-3,-138
1767173312.2472382,3,-2,-136
1767173312.257238,3,-3,-136
1767173312.267238,2,-2,-135
1767173312.277238,4,-4,-138
1767173312.287238,1,-3,-133
1767173312.297238,1,-3,-136
1767173312.307238,-2,-1,-134
1767173312.317238,-6,-1,-130
1767173312.327238,-4,-1,-135
1767173312.337238,-3,-4,-135
1767173312.347238,-3,-4,-126
1767173312.357238,-3,-6,-127
1767173312.367238,-4,-6,-125
1767173312.377238,-5,-9,-126
1767173312.3872385,-8,-11,-123
1767173312.3972385,-10,-8,-123
1767173312.4072382,-9,-8,-127
1767173312.4172382,-2,-8,-131
1767173312.4272382,-2,-6,-127
1767173312.4372382,-3,-10,-120
1767173312.4472382,-3,-8,-118
1767173312.4572382,-6,-7,-118
1767173312.4672382,-1,-8,-123
1767173312.4772382,-4,-12,-128
1767173312.4872382,-2,-11,-127
1767173312.4972382,-6,-12,-135
1767173312.507238,-2,-11,-135
1767173312.517238,-2,-10,-133
1767173312.527238,-2,-8,-135
1767173312.537238,-5,-7,-136
1767173312.547238,0,-7,-135
1767173312.557238,1,-4,-137
1767173312.567238,2,-2,-139
1767173312.577238,-3,-3,-138
1767173312.587238,-2,-6,-140
1767173312.597238,-2,-7,-137
1767173312.607238,-2,-7,-135
1767173312.617238,-2,-8,-127
1767173312.627238,-7,-9,-121
1767173312.6372385,-4,-8,-123
1767173312.6472385,-4,-3,-132
1767173312.6572382,-1,-2,-127
1767173312.6672382,-4,-2,-128
1767173312.6772382,-7,0,-128
1767173312.6872382,-6,2,-123
1767173312.6972382,-4,1,-127
1767173312.7072382,2,1,-134
1767173312.7172382,4,2,-137
1767173312.7272382,0,1,-137
1767173312.7372382,0,-3,-135
1767173312.7472382,-4,-8,-137
1767173312.757238,-4,-7,-136
1767173312.767238,-5,-1,-135
1767173312.777238,0,2,-137
1767173312.787238,-6,2,-133
1767173312.797238,-6,2,-136
1767173312.807238,-4,4,-137
1767173312.817238,-1,2,-143
1767173312.827238,-2,-1,-142
1767173312.837238,-1,-1,-135
1767173312.847238,-3,-3,-133
1767173312.857238,-5,-5,-137
1767173312.867238,-5,-3,-130
1767173312.877238,-4,-2,-128
1767173312.8872385,-8,-2,-132
1767173312.8972385,-3,-3,-131
1767173312.9072382,-6,-4,-128
1767173312.9172382,-4,-1,-133
1767173312.9272382,0,-1,-135
1767173312.9372382,0,0,-137
1767173312.9472382,6,0,-132
1767173312.9572382,1,5,-131
1767173312.9672382,0,3,-128
1767173312.9772382,4,6,-126
1767173312.9872382,5,0,-131
1767173312.9972382,2,-1,-135
1767173313.007238,-1,-7,-143
1767173313.017238,-3,-7,-138
1767173313.027238,-1,-7,-135
1767173313.037238,-3,-11,-133
1767173313.047238,-4,-6,-130
1767173313.057238,-1,-8,-132
1767173313.067238,-3,-11,-128
1767173313.077238,-1,-12,-133
1767173313.087238,-1,-10,-139
1767173313.097238,-3,-4,-138
1767173313.107238,-3,-3,-134
1767173313.117238,-3,-2,-138
1767173313.127238,-4,0,-137
1767173313.1372385,-6,0,-139
1767173313.1472385,-7,0,-138
1767173313.1572382,-8,1,-134
1767173313.1672382,-5,2,-134
1767173313.1772382,-3,0,-127
1767173313.1872382,-2,-4,-126
1767173313.1972382,1,-3,-127
1767173313.2072382,4,-1,-131
1767173313.2172382,2,-1,-129
1767173313.2272382,9,-6,-129
1767173313.2372382,7,-5,-127
1767173313.2472382,-1,-1,-124
1767173313.257238,-1,-1,-118
1767173313.267238,-3,0,-118
1767173313.277238,-1,0,-119
1767173313.287238,0,2,-121
1767173313.297238,0,1,-125
1767173313.307238,-2,6,-127
1767173313.317238,-2,6,-131
1767173313.327238,0,3,-134
1767173313.337238,0,4,-132
1767173313.347238,1,6,-137
1767173313.357238,-1,3,-135
1767173313.367238,0,1,-127
1767173313.377238,-1,-2,-122
1767173313.3872385,-3,0,-119
1767173313.3972385,-4,-2,-118
1767173313.4072382,-6,-3,-113
1767173313.4172382,-4,-1,-118
1767173313.4272382,-5,1,-115
1767173313.4372382,-5,5,-116
1767173313.4472382,-5,4,-121
1767173313.4572382,-8,3,-128
1767173313.4672382,-8,4,-127
1767173313.4772382,-7,2,-125
1767173313.4872382,-4,6,-122
1767173313.4972382,-3,5,-119
1767173313.507238,-1,3,-122
1767173313.517238,0,0,-133
1767173313.527238,0,-1,-135
1767173313.537238,0,-2,-139
1767173313.547238,4,1,-135
1767173313.557238,6,4,-139
1767173313.567238,9,5,-136
1767173313.577238,12,1,-139
1767173313.587238,10,-2,-134
1767173313.597238,6,-4,-128
1767173313.607238,4,-3,-127
1767173313.617238,4,0,-130
1767173313.627238,2,0,-129
1767173313.6372385,2,-2,-130
1767173313.6472385,0,0,-138
1767173313.6572382,0,-3,-128
1767173313.6672382,-3,-3,-124
1767173313.6772382,-6,-3,-120
1767173313.6872382,-6,0,-120
1767173313.6972382,-3,-1,-124
1767173313.7072382,-2,0,-134
1767173313.7172382,1,0,-139
1767173313.7272382,0,0,-142
1767173313.7372382,-5,-1,-144
1767173313.7472382,-2,-4,-134
1767173313.757238,-3,-1,-129
1767173313.767238,0,-2,-124
1767173313.777238,1,-5,-124
1767173313.787238,3,-7,-123
1767173313.797238,2,-7,-126
1767173313.807238,-4,-5,-127
1767173313.817238,-3,-5,-134
1767173313.827238,-4,-5,-133
1767173313.837238,-5,-1,-139
1767173313.847238,-2,-4,-133
1767173313.857238,0,-5,-130
1767173313.867238,0,-3,-130
1767173313.877238,-1,-1,-129
1767173313.8872385,0,-2,-130
1767173313.8972385,-2,0,-129
1767173313.9072382,-1,1,-122
1767173313.9172382,0,1,-120
1767173313.9272382,-3,0,-119
1767173313.9372382,-4,-2,-116
1767173313.9472382,-6,-2,-115
1767173313.9572382,0,-3,-118
1767173313.9672382,5,-4,-119
1767173313.9772382,8,-3,-127
1767173313.9872382,6,-6,-129
1767173313.9972382,3,-7,-128
1767173314.007238,0,-6,-128
1767173314.017238,-4,-9,-133
1767173314.027238,-7,-6,-131
1767173314.037238,-8,-8,-125
1767173314.047238,-7,-8,-117
1767173314.057238,-3,-5,-116
1767173314.067238,2,-1,-114
1767173314.077238,0,-3,-116
1767173314.087238,0,0,-117
1767173314.097238,3,-6,-120
1767173314.107238,4,-5,-119
1767173314.117238,7,-3,-121
1767173314.127238,4,-2,-126
1767173314.1372385,2,-4,-131
1767173314.1472385,0,0,-133
1767173314.1572382,-2,0,-136
1767173314.1672382,2,0,-136
1767173314.1772382,2,0,-137
1767173314.1872382,1,4,-136
1767173314.1972382,-3,-2,-129
1767173314.2072382,-3,-1,-121
1767173314.2172382,-7,-1,-121
1767173314.2272382,-2,1,-122
1767173314.2372382,0,1,-121
1767173314.2472382,0,-3,-119
1767173314.257238,-1,-4,-121
1767173314.267238,0,-7,-124
1767173314.277238,1,-10,-126
1767173314.287238,0,-11,-126
1767173314.297238,-3,-9,-132
1767173314.307238,-4,-3,-131
1767173314.317238,-1,0,-125
1767173314.327238,0,4,-125
1767173314.337238,-1,5,-128
1767173314.347238,0,2,-132
1767173314.357238,0,3,-137
1767173314.367238,-4,-2,-140
1767173314.377238,-5,-5,-137
1767173314.3872385,-2,-3,-140
1767173314.3972385,0,-4,-133
1767173314.4072382,2,-3,-129
1767173314.4172382,0,-2,-127
1767173314.4272382,-2,-1,-124
1767173314.4372382,-6,-1,-122
1767173314.448238,-12,-1,-123
1767173314.4572382,-9,0,-126
1767173314.4672382,-9,-3,-126
1767173314.4772382,-7,-1,-124
1767173314.4872382,-5,-3,-126
1767173314.4972382,-5,-4,-130
1767173314.507238,-5,0,-134
1767173314.517238,-5,1,-134
1767173314.527238,-3,2,-140
1767173314.537238,-4,2,-134
1767173314.547238,-4,-2,-137
1767173314.557238,-5,-2,-137
1767173314.567238,-3,-3,-139
1767173314.577238,-4,-4,-130
1767173314.587238,-6,-4,-129
1767173314.597238,-5,0,-125
1767173314.607238,-4,-1,-125
1767173314.617238,-3,0,-128
1767173314.627238,-2,0,-130
1767173314.6372385,-3,-1,-125
1767173314.6472385,-5,-3,-127
1767173314.6572382,-9,-3,-131
1767173314.6672382,-4,-4,-131
1767173314.6772382,-4,-5,-130
1767173314.6872382,-4,-5,-135
1767173314.6972382,-1,0,-124
1767173314.7072382,-1,-2,-122
1767173314.7172382,-1,-2,-125
1767173314.7272382,0,-3,-122
1767173314.7372382,-3,-3,-125
1767173314.7472382,0,-1,-130
1767173314.757238,5,0,-131
1767173314.767238,5,0,-131
1767173314.777238,2,4,-130
1767173314.787238,1,1,-132
1767173314.797238,2,-1,-136
1767173314.8082385,4,-5,-133
1767173314.8182385,-2,0,-136
1767173314.8282382,-4,0,-134
1767173314.8382382,-3,-4,-137
1767173314.8482382,-7,0,-131
1767173314.8582382,-3,1,-127
1767173314.8682382,-6,-3,-128
1767173314.8782382,-6,-7,-127
1767173314.8882382,-4,-8,-127
1767173314.8982382,1,-6,-123
1767173314.9082382,0,-5,-126
1767173314.9182382,1,-1,-129
1767173314.9282382,0,-1,-133
1767173314.938238,2,1,-127
1767173314.948238,0,4,-122
1767173314.958238,-2,10,-123
1767173314.968238,0,5,-121
1767173314.978238,0,6,-119
1767173314.988238,0,5,-118
1767173314.998238,1,8,-119
1767173315.008238,-2,2,-123
1767173315.018238,-1,0,-123
1767173315.028238,-3,3,-122
1767173315.038238,-8,2,-120
1767173315.048238,-6,0,-127
1767173315.0582385,-4,0,-125
1767173315.0682385,-3,-1,-125
1767173315.0782382,-6,-5,-125
1767173315.0882382,-2,-6,-125
1767173315.0982382,0,-8,-117
1767173315.1082382,-1,-8,-116
1767173315.1182382,1,-5,-115
1767173315.1282382,0,-3,-123
1767173315.1382382,-4,-4,-123
1767173315.1482382,-7,0,-128
1767173315.1582382,-6,-2,-130
1767173315.1682382,-3,-2,-134
1767173315.1782382,-1,0,-134
1767173315.188238,-5,-3,-135
1767173315.198238,-11,0,-131
1767173315.208238,-11,-1,-122
1767173315.218238,-8,-6,-114
1767173315.228238,-9,-9,-114
1767173315.238238,-7,-4,-116
1767173315.248238,-7,-2,-122
1767173315.258238,-8,-2,-130
1767173315.268238,-4,-2,-126
1767173315.278238,-6,-3,-129
1767173315.288238,-4,-5,-125
1767173315.298238,-3,-1,-131
1767173315.3082385,-1,2,-126
1767173315.3182385,-1,-2,-126
1767173315.3282382,-5,-1,-127
1767173315.3382382,-5,-7,-123
1767173315.3482382,-1,-9,-124
1767173315.3582382,0,-7,-126
1767173315.3682382,1,-3,-131
1767173315.3782382,2,1,-130
1767173315.3882382,-2,2,-121
1767173315.3982382,3,0,-114
1767173315.4082382,6,0,-120
1767173315.4182382,5,1,-127
1767173315.4282382,4,1,-125
1767173315.438238,8,1,-133
1767173315.448238,9,3,-139
1767173315.458238,5,6,-140
1767173315.468238,2,3,-134
1767173315.478238,2,-3,-132
1767173315.488238,3,-1,-131
1767173315.498238,1,-1,-121
1767173315.5202382,2,-1,-129
1767173315.528238,0,-1,-128
1767173315.538238,2,-2,-125
1767173315.548238,2,-1,-122
1767173315.5582385,1,0,-119
1767173315.5682385,0,0,-121
1767173315.5782382,-2,0,-118
1767173315.5882382,3,2,-125
1767173315.5982382,1,4,-130
1767173315.6082382,0,3,-133
1767173315.6182382,-4,0,-134
1767173315.6282382,-7,2,-137
1767173315.6382382,-9,0,-139
1767173315.6482382,-2,0,-140
1767173315.6582382,-9,-1,-137
1767173315.6682382,-7,-2,-140
1767173315.6782382,-4,-2,-143
1767173315.688238,-2,-1,-143
1767173315.698238,0,0,-144
1767173315.708238,-3,3,-141
1767173315.718238,-6,2,-143
1767173315.728238,-7,0,-137
1767173315.738238,-4,4,-140
1767173315.748238,-8,3,-138
1767173315.758238,-4,-1,-131
1767173315.768238,-6,0,-138
1767173315.778238,-6,0,-142
1767173315.788238,-7,-2,-138
1767173315.798238,-7,-1,-138
1767173315.8082385,-5,-1,-134
1767173315.8182385,0,0,-130
1767173315.8282382,0,-3,-136
1767173315.8382382,-1,-3,-140
1767173315.8482382,-4,-1,-132
1767173315.8582382,-1,-1,-129
1767173315.8682382,-1,0,-129
1767173315.8782382,-4,-1,-136
1767173315.8882382,-4,0,-137
1767173315.8982382,-4,1,-141
1767173315.9082382,-1,0,-139
1767173315.9182382,0,0,-138
1767173315.9282382,0,-1,-138
1767173315.938238,-5,-3,-136
1767173315.948238,-4,-7,-136
1767173315.958238,0,-3,-129
1767173315.968238,1,-6,-134
1767173315.978238,0,-6,-134
1767173315.988238,3,0,-129
1767173315.998238,1,0,-129
1767173316.008238,1,-2,-127
1767173316.018238,2,-3,-126
1767173316.028238,2,0,-124
1767173316.038238,-1,1,-122
1767173316.048238,0,0,-127
1767173316.0582385,2,0,-125
1767173316.0682385,-1,-2,-130
1767173316.0782382,-1,0,-130
1767173316.0882382,0,0,-123
1767173316.0982382,4,-1,-122
1767173316.1082382,0,-1,-128
1767173316.1182382,0,-4,-131
1767173316.1282382,0,-5,-132
1767173316.1382382,0,-5,-135
1767173316.1482382,2,-4,-137
1767173316.1582382,-2,-5,-130
1767173316.1682382,-4,-5,-139
1767173316.1782382,-5,-1,-138
1767173316.188238,-4,-3,-135
1767173316.198238,0,-2,-137
1767173316.208238,1,-5,-138
1767173316.218238,2,-8,-137
1767173316.228238,3,-9,-136
1767173316.238238,5,-10,-136
1767173316.248238,-3,-10,-128
1767173316.258238,-5,-9,-131
1767173316.268238,-8,-8,-127
1767173316.278238,-8,-5,-130
1767173316.288238,-9,-1,-130
1767173316.298238,-9,0,-133
1767173316.3082385,-3,0,-137
1767173316.3182385,0,1,-146
1767173316.3282382,1,2,-144
1767173316.3382382,4,2,-137
1767173316.3482382,3,0,-132
1767173316.3582382,-2,1,-130
1767173316.3682382,0,3,-139
1767173316.3782382,1,0,-149
1767173316.3882382,-2,1,-140
1767173316.3982382,0,4,-128
1767173316.4082382,1,8,-122
1767173316.4182382,3,2,-116
1767173316.4282382,2,-1,-112
1767173316.438238,6,-1,-111
1767173316.448238,8,-6,-114
1767173316.458238,6,-4,-115
1767173316.468238,3,-1,-119
1767173316.478238,1,-4,-121
1767173316.488238,1,-2,-121
1767173316.498238,0,0,-123
1767173316.508238,1,-1,-124
1767173316.518238,4,0,-124
1767173316.528238,-2,0,-123
1767173316.538238,-6,1,-125
1767173316.548238,-11,2,-126
1767173316.5582385,-7,2,-127
1767173316.5682385,-4,0,-126
1767173316.5782382,-1,0,-129
1767173316.5882382,-4,0,-127
1767173316.5982382,0,1,-130
1767173316.6082382,2,0,-125
1767173316.6182382,6,-2,-125
1767173316.6282382,2,-2,-125
1767173316.6382382,0,-5,-120
1767173316.6482382,2,-2,-120
1767173316.6582382,2,-2,-121
1767173316.6682382,-3,0,-120
1767173316.6782382,-7,0,-125
1767173316.688238,-5,-3,-125
1767173316.698238,-7,-3,-124
1767173316.708238,-2,-4,-130
1767173316.718238,-1,-4,-128
1767173316.728238,-5,-2,-127
1767173316.738238,-7,0,-127
1767173316.748238,-2,-3,-126
1767173316.758238,-2,-5,-128
1767173316.768238,-1,-2,-125
1767173316.778238,-3,-1,-127
1767173316.788238,-4,1,-130
1767173316.798238,1,1,-123
1767173316.8082385,9,-1,-120
1767173316.8182385,5,1,-123
1767173316.8282382,4,3,-125
1767173316.8382382,4,5,-120
1767173316.8482382,3,2,-118
1767173316.8582382,2,-4,-118
1767173316.8682382,-1,-2,-125
1767173316.8782382,-1,-3,-128
1767173316.8882382,0,-4,-128
1767173316.8982382,-2,-5,-123
1767173316.9082382,2,-7,-128
1767173316.9182382,4,-5,-131
1767173316.9282382,3,-2,-130
1767173316.938238,1,-2,-126
1767173316.948238,4,-6,-125
1767173316.958238,5,-6,-121
1767173316.968238,0,-8,-123
1767173316.978238,-4,-6,-129
1767173316.988238,-5,-5,-136
1767173316.998238,-6,-6,-140
1767173317.008238,-2,-3,-140
1767173317.018238,-3,-3,-139
1767173317.028238,-3,-3,-139
1767173317.038238,-5,-5,-138
1767173317.048238,-3,0,-137
1767173317.0582385,-1,-3,-140
1767173317.0682385,0,-6,-135
1767173317.0782382,-2,-8,-128
1767173317.0882382,0,-7,-126
1767173317.0982382,-2,-7,-129
1767173317.1082382,-2,-6,-128
1767173317.1182382,0,-3,-125
1767173317.1282382,0,-1,-119
1767173317.1382382,-2,0,-113
1767173317.1482382,-1,-1,-117
1767173317.1582382,3,-4,-112
1767173317.1682382,1,-6,-116
1767173317.1782382,3,-5,-121
1767173317.188238,5,-6,-122
1767173317.198238,5,-4,-123
1767173317.208238,3,-3,-128
1767173317.218238,3,-1,-127
1767173317.228238,1,-1,-130
1767173317.238238,4,-3,-133
1767173317.248238,2,-3,-137
1767173317.258238,0,-3,-138
1767173317.268238,1,-3,-136
1767173317.278238,-3,-2,-133
1767173317.288238,-1,1,-139
1767173317.298238,0,3,-138
1767173317.3082385,2,4,-131
1767173317.3182385,1,1,-138
1767173317.3282382,-2,0,-139
1767173317.3382382,-2,0,-137
1767173317.3482382,-5,0,-135
1767173317.3582382,-4,1,-133
1767173317.3682382,2,0,-129
1767173317.3782382,10,2,-129
1767173317.3882382,8,3,-132
1767173317.3982382,2,0,-133
1767173317.409238,2,-3,-130
1767173317.419238,-2,-2,-131
1767173317.4282382,-2,0,-128
1767173317.438238,-4,-3,-128
1767173317.448238,-3,-1,-127
1767173317.459238,-5,-2,-122
1767173317.469238,-8,-6,-122
1767173317.478238,-4,-5,-125
1767173317.4892385,-2,-4,-128
1767173317.4992385,-1,0,-126
1767173317.5092382,-1,0,-127
1767173317.5202382,-3,0,-121
1767173317.5292382,-1,0,-122
1767173317.5392382,-1,1,-122
1767173317.5492382,-3,-1,-127
1767173317.5592382,-5,-6,-127
1767173317.5692382,-4,-9,-133
1767173317.5792382,4,-7,-136
1767173317.5892382,2,-5,-140
1767173317.5992382,0,-8,-142
1767173317.609238,-1,-7,-143
1767173317.619238,-7,-3,-136
1767173317.629238,-8,1,-132
1767173317.639238,-14,0,-130
1767173317.649238,-11,-6,-131
1767173317.659238,-7,-9,-127
1767173317.669238,-1,-8,-125
1767173317.679238,0,-4,-131
1767173317.689238,1,0,-130
1767173317.699238,3,6,-129
1767173317.709238,8,2,-126
1767173317.719238,4,2,-129
1767173317.7292385,5,1,-127
1767173317.7392385,2,2,-119
1767173317.7492385,-1,4,-117
1767173317.7592382,0,1,-121
1767173317.7692382,-1,1,-123
1767173317.7792382,0,0,-130
1767173317.7892382,1,-3,-132
1767173317.7992382,0,-1,-130
1767173317.8092382,-1,-1,-124
1767173317.8192382,-1,-2,-123
1767173317.8292382,-2,-6,-119
1767173317.8392382,-8,1,-121
1767173317.8492382,-3,1,-124
1767173317.859238,-2,0,-121
1767173317.869238,-3,0,-125
1767173317.879238,-3,0,-127
1767173317.889238,-3,3,-125
1767173317.899238,0,0,-116
1767173317.909238,6,-5,-120
1767173317.919238,3,-10,-125
1767173317.929238,0,-10,-125
1767173317.939238,1,-11,-128
1767173317.949238,-1,-10,-122
1767173317.959238,0,-13,-118
1767173317.969238,1,-12,-116
1767173317.9792385,0,-7,-115
1767173317.9892385,-3,-6,-115
1767173317.9992385,-5,-6,-122
1767173318.0092382,0,-5,-126
1767173318.0192382,0,-9,-128
1767173318.0292382,-4,-7,-126
1767173318.0392382,-3,-4,-122
1767173318.0492382,-9,-6,-124
1767173318.0592382,-11,-2,-126
1767173318.0692382,-6,-1,-121
1767173318.0792382,-3,1,-119
1767173318.0892382,0,0,-119
1767173318.0992382,-1,0,-118
1767173318.109238,-4,-2,-120
1767173318.119238,-5,0,-122
1767173318.129238,-3,1,-126
1767173318.139238,-3,5,-125
1767173318.149238,-2,6,-122
1767173318.159238,2,3,-121
1767173318.169238,2,4,-126
1767173318.179238,1,6,-126
1767173318.189238,1,2,-126
1767173318.199238,-2,0,-129
1767173318.209238,-4,0,-125
1767173318.219238,-5,2,-127
1767173318.2292385,-2,1,-126
1767173318.2392385,0,1,-130
1767173318.2492385,-3,2,-134
1767173318.2592382,-4,3,-138
1767173318.2692382,0,4,-130
1767173318.2792382,0,1,-131
1767173318.2892382,1,-2,-133
1767173318.2992382,-3,-6,-132
1767173318.3092382,-5,-7,-128
1767173318.3192382,-1,-7,-126
1767173318.3292382,-3,-2,-130
1767173318.3392382,-2,1,-121
1767173318.3492382,-2,0,-127
1767173318.359238,-2,-3,-134
1767173318.369238,-3,-3,-131
1767173318.379238,0,-1,-130
1767173318.389238,0,-2,-128
1767173318.399238,5,0,-132
1767173318.409238,6,0,-130
1767173318.419238,5,-1,-125
1767173318.429238,-2,0,-113
1767173318.439238,-6,0,-116
1767173318.449238,-2,-1,-113
1767173318.459238,1,-3,-119
1767173318.469238,2,-2,-119
1767173318.4792385,2,-4,-120
1767173318.4892385,5,-3,-119
1767173318.4992385,12,-5,-124
1767173318.5092382,5,-4,-123
1767173318.5192382,4,0,-127
1767173318.5292382,2,1,-133
1767173318.5392382,3,3,-130
1767173318.5492382,0,3,-131
1767173318.5592382,0,1,-129
1767173318.5692382,-3,-1,-130
1767173318.5792382,-3,0,-121
1767173318.5892382,0,-4,-116
1767173318.5992382,-6,0,-113
1767173318.609238,-8,0,-115
1767173318.619238,-2,-4,-121
1767173318.629238,-2,-4,-123
1767173318.639238,-9,-3,-128
1767173318.649238,-11,0,-131
1767173318.659238,-8,0,-130
1767173318.669238,-4,0,-132
1767173318.679238,-6,2,-129
1767173318.689238,-7,2,-125
1767173318.699238,0,0,-125
1767173318.709238,0,-1,-128
1767173318.719238,1,-1,-128
1767173318.7292385,1,-6,-124
1767173318.7392385,3,-5,-123
1767173318.7492385,3,-2,-123
1767173318.7592382,0,-1,-128
1767173318.7692382,2,-1,-130
1767173318.7792382,1,-2,-135
1767173318.7892382,-1,-3,-130
1767173318.7992382,-1,-5,-127
1767173318.8092382,-5,-5,-125
1767173318.8192382,-4,-4,-119
1767173318.8292382,-3,1,-123
1767173318.8392382,0,-1,-122
1767173318.8492382,5,-1,-124
1767173318.859238,0,-1,-124
1767173318.869238,3,-2,-125
1767173318.879238,-2,0,-130
1767173318.889238,0,0,-131
1767173318.899238,0,-1,-131
1767173318.909238,0,-6,-139
1767173318.919238,-2,-6,-138
1767173318.929238,-3,-3,-138
1767173318.939238,0,-5,-138
1767173318.949238,2,-5,-143
1767173318.959238,3,-2,-135
1767173318.969238,4,0,-134
1767173318.9792385,4,0,-137
1767173318.9892385,0,-1,-137
1767173318.9992385,-1,-2,-132
1767173319.0092382,-1,1,-127
1767173319.0192382,1,0,-127
1767173319.0292382,0,1,-124
1767173319.0392382,1,3,-129
1767173319.0492382,0,1,-125
1767173319.0592382,1,3,-133
1767173319.0692382,2,-1,-129
1767173319.0792382,2,-2,-126
1767173319.0892382,6,-1,-131
1767173319.0992382,3,-4,-141
1767173319.109238,4,-6,-132
1767173319.119238,6,-3,-130
1767173319.129238,3,-3,-127
1767173319.139238,4,-1,-133
1767173319.149238,1,0,-134
1767173319.159238,-3,-2,-130
1767173319.169238,-2,-3,-130
1767173319.179238,-2,-6,-132
1767173319.189238,-1,-7,-127
1767173319.199238,0,-4,-129
1767173319.209238,0,1,-128
1767173319.219238,3,3,-125
1767173319.2292385,2,1,-124
1767173319.2392385,4,1,-127
1767173319.2492385,1,3,-126
1767173319.2592382,0,3,-131
1767173319.2692382,-3,-2,-126
1767173319.2792382,-1,0,-124
1767173319.2892382,0,-4,-122
1767173319.2992382,-2,0,-122
1767173319.3092382,-1,-2,-121
1767173319.3192382,-2,0,-122
1767173319.3292382,-3,-1,-125
1767173319.3392382,0,-3,-119
1767173319.3492382,-2,0,-119
1767173319.359238,0,3,-115
1767173319.369238,1,0,-115
1767173319.379238,1,2,-121
1767173319.389238,5,2,-122
1767173319.399238,2,4,-120
1767173319.409238,0,4,-122
1767173319.419238,-1,1,-128
1767173319.429238,0,1,-126
1767173319.439238,3,-1,-127
1767173319.449238,0,-1,-125
1767173319.459238,-6,0,-123
1767173319.469238,-7,-2,-124
1767173319.4792385,-3,-1,-126
1767173319.4892385,-4,-3,-129
1767173319.4992385,0,-6,-128
1767173319.5092382,0,-3,-132
1767173319.5192382,-2,-4,-128
1767173319.5292382,-1,-3,-129
1767173319.5392382,1,-5,-126
1767173319.5492382,1,-2,-127
1767173319.5592382,3,0,-126
1767173319.5692382,3,0,-127
1767173319.5792382,0,0,-132
1767173319.5892382,-1,1,-134
1767173319.5992382,1,2,-135
1767173319.609238,1,-1,-134
1767173319.619238,0,2,-132
1767173319.629238,3,0,-127
1767173319.639238,8,0,-125
1767173319.649238,8,-1,-127
1767173319.659238,2,-3,-130
1767173319.669238,2,-5,-138
1767173319.679238,-2,-2,-134
1767173319.689238,-2,-4,-134
1767173319.699238,-2,-4,-127
1767173319.709238,-2,-2,-131
1767173319.719238,-3,-1,-132
1767173319.7292385,-7,1,-128
1767173319.7392385,-2,0,-134
1767173319.7492385,0,-1,-129
1767173319.7592382,3,-4,-126
1767173319.7692382,0,-2,-126
1767173319.7792382,1,0,-131
1767173319.7892382,0,3,-129
1767173319.7992382,-2,3,-127
1767173319.8092382,-3,3,-132
1767173319.8192382,-1,4,-137
1767173319.8292382,3,2,-141
1767173319.8392382,0,1,-135
1767173319.8492382,-1,0,-134
1767173319.859238,2,2,-134
1767173319.869238,0,0,-136
1767173319.879238,-1,0,-129
1767173319.889238,2,-1,-121
1767173319.899238,-4,-6,-115
1767173319.909238,-3,-8,-121
1767173319.919238,-2,-7,-125
1767173319.929238,-3,-12,-123
1767173319.939238,-1,-9,-121
1767173319.949238,-2,-5,-113
1767173319.959238,0,-2,-122
1767173319.969238,-1,0,-131
1767173319.9792385,-3,0,-130
1767173319.9892385,-6,-2,-131
1767173319.9992385,-7,-3,-131
1767173320.0092382,-8,-3,-128
1767173320.0192382,-8,-2,-127
1767173320.0292382,-8,-5,-126
1767173320.0392382,-10,-5,-120
1767173320.0492382,-5,-7,-124
1767173320.060238,0,-3,-132
1767173320.0692382,-2,-2,-135
1767173320.0792382,-3,0,-132
1767173320.0892382,1,2,-131
1767173320.100238,0,3,-132
1767173320.110238,4,3,-134
1767173320.120238,4,2,-133
1767173320.129238,6,0,-130
1767173320.140238,3,4,-124
1767173320.150238,1,4,-123
1767173320.1602385,-4,6,-128
1767173320.1702385,-5,4,-131
1767173320.1802382,2,-2,-131
1767173320.1902382,2,-2,-130
1767173320.2002382,-3,0,-132
1767173320.2102382,-6,3,-130
1767173320.2202382,-4,6,-129
1767173320.2302382,-2,5,-130
1767173320.2402382,-5,4,-128
1767173320.2502382,-2,4,-121
1767173320.2602382,2,2,-123
1767173320.2702382,1,2,-127
1767173320.2802382,2,-1,-128
1767173320.290238,1,-4,-119
1767173320.300238,2,0,-121
1767173320.310238,-3,2,-128
1767173320.320238,-3,1,-129
1767173320.330238,-2,2,-128
1767173320.340238,-2,-1,-128
1767173320.350238,-2,-1,-135
1767173320.360238,0,-1,-137
1767173320.370238,3,-4,-133
1767173320.380238,6,-1,-128
1767173320.390238,11,-4,-126
1767173320.400238,9,-2,-133
1767173320.4102385,9,-5,-134
1767173320.4202385,3,-6,-132
1767173320.4302382,1,-7,-133
1767173320.4402382,-4,-7,-129
1767173320.4502382,-3,-3,-130
1767173320.4602382,-3,-4,-129
1767173320.4702382,-3,-5,-130
1767173320.4802382,-1,-3,-128
1767173320.4902382,2,-7,-126
1767173320.5002382,3,-8,-129
1767173320.5102382,3,-10,-138
1767173320.5322382,1,-15,-134
1767173320.540238,1,-11,-133
1767173320.550238,3,-10,-133
1767173320.560238,4,-6,-134
1767173320.570238,2,-3,-133
1767173320.580238,0,-10,-134
1767173320.590238,-4,-12,-127
1767173320.600238,-4,-2,-130
1767173320.610238,-1,0,-128
1767173320.620238,-1,2,-127
1767173320.630238,-4,-1,-128
1767173320.640238,-7,-2,-134
1767173320.650238,-4,-2,-131
1767173320.6602385,-2,-3,-133
1767173320.6702385,2,-2,-137
1767173320.6802382,2,0,-139
1767173320.6902382,1,-2,-131
1767173320.7002382,0,-3,-127
1767173320.7102382,-2,-1,-127
1767173320.7202382,0,-4,-126
1767173320.7302382,-3,-6,-130
1767173320.7402382,-5,-6,-127
1767173320.7502382,-1,-6,-131
1767173320.7602382,-5,-6,-129
1767173320.7702382,-2,-10,-129
1767173320.7802382,2,-9,-124
1767173320.790238,3,-7,-120
1767173320.800238,2,-7,-119
1767173320.810238,4,0,-127
1767173320.820238,4,-1,-134
1767173320.830238,5,-2,-136
1767173320.840238,4,0,-133
1767173320.850238,0,-2,-126
1767173320.860238,1,-3,-121
1767173320.870238,4,-4,-126
1767173320.880238,3,-3,-135
1767173320.890238,7,-3,-134
1767173320.900238,6,0,-133
1767173320.9102385,6,-1,-129
1767173320.9202385,4,-2,-131
1767173320.9302382,0,-3,-128
1767173320.9402382,-2,-2,-129
1767173320.9502382,0,-1,-128
1767173320.9602382,1,0,-131
1767173320.9702382,3,-1,-126
1767173320.9802382,0,-2,-125
1767173320.9902382,3,-3,-119
1767173321.0002382,1,-2,-117
1767173321.0102382,8,-2,-119
1767173321.0202382,10,0,-119
1767173321.0302382,5,-1,-124
1767173321.040238,2,2,-125
1767173321.050238,1,-1,-118
1767173321.060238,-6,0,-120
1767173321.070238,-9,-2,-127
1767173321.080238,-1,-2,-124
1767173321.090238,1,0,-123
1767173321.100238,4,5,-119
1767173321.110238,4,3,-127
1767173321.120238,6,6,-132
1767173321.130238,6,3,-120
1767173321.140238,5,0,-121
1767173321.150238,5,-1,-120
1767173321.1602385,2,-1,-126
1767173321.1702385,-1,0,-130
1767173321.1802382,0,-2,-135
1767173321.1902382,-5,0,-133
1767173321.2002382,-3,-1,-131
1767173321.2102382,0,0,-127
1767173321.2202382,1,1,-130
1767173321.2302382,0,0,-124
1767173321.2402382,-3,1,-123
1767173321.2502382,-5,0,-123
1767173321.2602382,-2,4,-122
1767173321.2702382,3,2,-127
1767173321.2802382,3,-3,-121
1767173321.290238,4,-3,-123
1767173321.300238,4,0,-123
1767173321.310238,6,0,-127
1767173321.320238,6,-1,-126
1767173321.330238,3,-1,-118
1767173321.340238,0,0,-121
1767173321.350238,1,3,-129
1767173321.360238,3,5,-133
1767173321.370238,5,5,-128
1767173321.380238,3,2,-123
1767173321.390238,4,5,-130
1767173321.400238,0,3,-134
1767173321.4102385,-3,6,-125
1767173321.4202385,0,6,-121
1767173321.4302382,-1,4,-130
1767173321.4402382,-6,8,-128
1767173321.4502382,-4,9,-130
1767173321.4602382,-5,7,-136
1767173321.4702382,-4,5,-135
1767173321.4802382,0,2,-136
1767173321.4902382,4,-3,-131
1767173321.5002382,7,-1,-130
1767173321.5102382,1,-4,-130
1767173321.5202382,-2,-5,-128
1767173321.5302382,-6,-11,-120
1767173321.540238,-9,-12,-123
1767173321.550238,-10,-5,-126
1767173321.560238,-12,-3,-132
1767173321.570238,-5,-3,-137
1767173321.580238,-2,-1,-139
1767173321.590238,0,-2,-134
1767173321.600238,0,-4,-136
1767173321.610238,2,-1,-129
1767173321.620238,2,1,-129
1767173321.630238,2,-2,-128
1767173321.640238,0,-5,-123
1767173321.650238,1,-3,-123
1767173321.6602385,1,1,-124
1767173321.6702385,1,-1,-122
1767173321.6802382,-4,0,-120
1767173321.6902382,-5,2,-118
1767173321.7002382,-4,0,-121
1767173321.7102382,1,2,-118
1767173321.7202382,3,0,-118
1767173321.7302382,1,-1,-119
1767173321.7402382,0,-3,-118
1767173321.7502382,-2,-4,-121
1767173321.7602382,2,-7,-118
1767173321.7702382,-1,-4,-120
1767173321.7802382,-3,0,-119
1767173321.790238,-4,3,-128
1767173321.800238,-2,1,-127
1767173321.810238,-5,1,-121
1767173321.821238,-3,2,-120
1767173321.830238,-7,4,-124
1767173321.840238,-2,0,-124
1767173321.850238,0,-2,-126
1767173321.860238,0,-4,-128
1767173321.870238,0,-3,-132
1767173321.880238,3,-2,-138
1767173321.890238,4,-3,-135
1767173321.900238,-2,-1,-140
1767173321.9102385,1,0,-130
1767173321.9202385,0,-1,-126
1767173321.9302382,2,-2,-129
1767173321.9402382,1,-2,-129
1767173321.9502382,0,0,-134
1767173321.9602382,2,-1,-128
1767173321.9702382,1,-3,-130
1767173321.9802382,-1,-2,-131
1767173321.9902382,-3,-5,-135
1767173322.0002382,-4,-5,-138
1767173322.0102382,-4,-5,-126
1767173322.0202382,-2,-2,-122
1767173322.0302382,-5,-5,-118
1767173322.040238,-8,-7,-121
1767173322.050238,-5,-11,-120
1767173322.060238,-2,-12,-125
1767173322.070238,-5,-11,-125
1767173322.080238,-5,-7,-120
1767173322.090238,0,-8,-117
1767173322.100238,0,-7,-118
1767173322.110238,5,-5,-115
1767173322.120238,3,-7,-115
1767173322.130238,3,-5,-114
1767173322.140238,3,0,-115
1767173322.150238,3,0,-108
1767173322.1602385,1,-4,-105
1767173322.1702385,0,0,-114
1767173322.1802382,-3,0,-119
1767173322.1902382,-7,-1,-127
1767173322.2002382,-10,-1,-127
1767173322.2102382,-4,0,-123
1767173322.2202382,1,4,-120
1767173322.2302382,5,1,-126
1767173322.2402382,7,3,-124
1767173322.2502382,4,3,-127
1767173322.2602382,4,0,-128
1767173322.2702382,2,-2,-128
1767173322.2802382,-2,-4,-126
1767173322.290238,-5,-3,-127
1767173322.300238,-2,-4,-135
1767173322.310238,5,-6,-135
1767173322.320238,4,-9,-126
1767173322.330238,0,-8,-125
1767173322.340238,0,-3,-130
1767173322.350238,-3,0,-126
1767173322.360238,-2,-3,-128
1767173322.370238,-1,-5,-122
1767173322.380238,1,-4,-123
1767173322.390238,2,0,-124
1767173322.400238,-3,-1,-118
1767173322.4102385,-5,2,-118
1767173322.4202385,-6,2,-122
1767173322.4302382,-3,1,-116
1767173322.4402382,-3,0,-120
1767173322.4502382,-5,-2,-123
1767173322.4602382,0,-3,-130
1767173322.4702382,3,-3,-125
1767173322.4802382,5,-6,-121
1767173322.4902382,6,-4,-120
1767173322.5002382,10,-3,-122
1767173322.5102382,9,-2,-118
1767173322.5202382,8,-2,-122
1767173322.5302382,5,-1,-122
1767173322.540238,4,1,-118
1767173322.550238,0,0,-127
1767173322.560238,-1,1,-126
1767173322.570238,2,0,-132
1767173322.580238,1,0,-132
1767173322.590238,2,0,-128
1767173322.600238,3,-2,-133
1767173322.610238,4,2,-133
1767173322.620238,1,-1,-131
1767173322.630238,-1,1,-136
1767173322.640238,0,2,-135
1767173322.650238,0,1,-138
1767173322.6612382,-2,1,-137
1767173322.6702385,-7,4,-134
1767173322.6802382,-5,5,-143
1767173322.6902382,-3,1,-142
1767173322.7002382,0,0,-131
1767173322.711238,0,-3,-132
1767173322.721238,0,-6,-133
1767173322.731238,0,-3,-134
1767173322.741238,0,-4,-132
1767173322.751238,0,0,-135
1767173322.761238,-2,0,-134
1767173322.771238,-6,-2,-132
1767173322.781238,-10,-4,-136
1767173322.791238,-9,-3,-130
1767173322.801238,0,0,-124
1767173322.811238,2,0,-119
1767173322.821238,-1,0,-118
1767173322.8312385,-3,-3,-122
1767173322.8412385,-1,-2,-123
1767173322.8512385,0,-1,-131
1767173322.8612382,0,-4,-132
1767173322.8712382,0,-3,-126
1767173322.8812382,0,-7,-127
1767173322.8912382,4,-6,-139
1767173322.9012382,0,-3,-133
1767173322.9112382,-1,2,-135
1767173322.9212382,-5,0,-133
1767173322.9312382,-1,-2,-126
1767173322.9412382,-1,0,-127
1767173322.9512382,-5,-2,-120
1767173322.961238,-8,-3,-116
1767173322.971238,-8,-3,-113
1767173322.981238,-9,-4,-114
1767173322.991238,-7,-5,-120
1767173323.001238,-7,-1,-117
1767173323.011238,-5,0,-118
1767173323.021238,0,5,-126
1767173323.031238,0,6,-125
1767173323.041238,-1,0,-126
1767173323.051238,0,-3,-125
1767173323.061238,0,0,-114
1767173323.071238,3,-3,-114
1767173323.0812385,4,-3,-118
1767173323.0912385,2,-3,-120
1767173323.1012385,3,-2,-126
1767173323.1112382,2,0,-125
1767173323.1212382,4,0,-129
1767173323.1312382,1,0,-125
1767173323.1412382,2,1,-126
1767173323.1512382,2,0,-129
1767173323.1612382,0,0,-125
1767173323.1712382,-2,-3,-118
1767173323.1812382,-5,-1,-117
1767173323.1912382,-8,-1,-114
1767173323.2012382,0,-1,-108
1767173323.211238,-1,-4,-107
1767173323.221238,-4,-1,-106
1767173323.231238,-5,-2,-105
1767173323.241238,-7,2,-106
1767173323.251238,-2,4,-114
1767173323.261238,-2,4,-116
1767173323.271238,-1,3,-113
1767173323.281238,5,1,-121
1767173323.291238,7,3,-120
1767173323.301238,4,4,-127
1767173323.311238,1,3,-137
1767173323.321238,1,1,-143
1767173323.3312385,0,0,-145
1767173323.3412385,-1,2,-144
1767173323.3512385,-3,1,-139
1767173323.3612382,-4,1,-131
1767173323.3712382,-8,0,-130
1767173323.3812382,-4,-1,-130
1767173323.3912382,-5,-3,-119
1767173323.4012382,-3,-2,-123
1767173323.4112382,0,-2,-122
1767173323.4212382,-2,0,-119
1767173323.4312382,-1,-1,-125
1767173323.4412382,-1,-1,-129
1767173323.4512382,0,-1,-131
1767173323.461238,-5,0,-132
1767173323.471238,-3,-3,-130
1767173323.481238,-2,-4,-131
1767173323.491238,-6,-5,-131
1767173323.501238,-1,-5,-126
1767173323.511238,-1,-4,-128
1767173323.521238,-3,-5,-132
1767173323.531238,-3,-1,-132
1767173323.541238,-1,2,-139
1767173323.551238,-3,4,-140
1767173323.561238,-3,2,-134
1767173323.571238,-5,3,-129
1767173323.5812385,-3,0,-129
1767173323.5912385,0,-3,-133
1767173323.6012385,-2,-2,-130
1767173323.6112382,0,-1,-134
1767173323.6212382,0,-3,-140
1767173323.6312382,4,-2,-137
1767173323.6412382,6,-3,-134
1767173323.6512382,1,-3,-131
1767173323.6612382,0,-4,-130
1767173323.6712382,-3,-3,-123
1767173323.6812382,-4,-4,-125
1767173323.6912382,-1,-5,-129
1767173323.7012382,-2,-2,-130
1767173323.711238,-1,0,-130
1767173323.721238,-1,-2,-130
1767173323.731238,-3,-2,-130
1767173323.741238,-2,1,-130
1767173323.751238,-4,0,-124
1767173323.761238,-4,-1,-130
1767173323.771238,-7,-1,-130
1767173323.781238,-6,-1,-126
1767173323.791238,-3,-3,-127
1767173323.801238,-2,-5,-133
1767173323.811238,1,-6,-125
1767173323.821238,0,-6,-124
1767173323.8312385,0,-4,-123
1767173323.8412385,-1,-2,-121
1767173323.8512385,-5,-4,-124
1767173323.8612382,-3,-5,-126
1767173323.8712382,-2,-6,-125
1767173323.8812382,3,-8,-124
1767173323.8912382,4,-8,-126
1767173323.9012382,3,-9,-126
1767173323.9112382,5,-6,-127
1767173323.9212382,4,-3,-122
1767173323.9312382,3,-1,-124
1767173323.9412382,2,-6,-118
1767173323.9512382,6,-5,-117
1767173323.961238,2,-6,-119
1767173323.971238,6,-6,-122
1767173323.981238,6,-8,-125
1767173323.991238,2,-6,-128
1767173324.001238,1,-5,-134
1767173324.011238,2,-5,-128
1767173324.021238,2,-3,-130
1767173324.031238,1,-2,-129
1767173324.041238,1,-1,-123
1767173324.051238,-1,0,-125
1767173324.061238,-1,3,-125
1767173324.071238,0,2,-127
1767173324.0812385,1,4,-124
1767173324.0912385,-2,0,-125
1767173324.1012385,-6,0,-127
1767173324.1112382,-5,1,-130
1767173324.1212382,-9,5,-125
1767173324.1312382,-10,1,-127
1767173324.1412382,-8,4,-133
1767173324.1512382,-10,5,-133
1767173324.1612382,-6,2,-131
1767173324.1712382,-6,-1,-125
1767173324.1812382,-7,-4,-134
1767173324.1912382,-8,-3,-138
1767173324.2012382,-7,-8,-139
1767173324.211238,-9,-5,-133
1767173324.221238,-4,-3,-134
1767173324.231238,-6,-5,-134
1767173324.241238,-9,-4,-140
1767173324.251238,-9,-5,-145
1767173324.261238,-10,-5,-151
1767173324.271238,-6,-3,-146
1767173324.281238,-4,1,-143
1767173324.291238,-7,0,-133
1767173324.301238,-1,-1,-129
1767173324.311238,-1,0,-127
1767173324.321238,-2,-2,-128
1767173324.3312385,-7,-2,-121
1767173324.3412385,-8,-1,-124
1767173324.3512385,-5,0,-125
1767173324.3612382,-6,1,-127
1767173324.3712382,-5,-1,-133
1767173324.3812382,-4,-3,-135
1767173324.3912382,-1,-3,-131
1767173324.4012382,-2,0,-134
1767173324.4112382,-2,-1,-140
1767173324.4212382,-2,-1,-132
1767173324.4312382,2,2,-128
1767173324.4412382,0,2,-136
1767173324.4512382,0,6,-134
1767173324.461238,2,6,-129
1767173324.471238,2,0,-133
1767173324.481238,3,2,-127
1767173324.491238,1,2,-126
1767173324.501238,-3,6,-121
1767173324.511238,-5,3,-123
1767173324.521238,-4,1,-121
1767173324.531238,-4,-1,-124
1767173324.541238,-12,-3,-123
1767173324.551238,-13,-5,-121
1767173324.561238,-13,-4,-120
1767173324.571238,-8,-4,-128
1767173324.5812385,-7,-2,-128
1767173324.5912385,0,0,-126
1767173324.6012385,2,0,-130
1767173324.6112382,0,0,-125
1767173324.6212382,0,-1,-129
1767173324.6312382,0,-4,-130
1767173324.6412382,6,-4,-136
1767173324.6512382,7,-2,-140
1767173324.6612382,6,-3,-134
1767173324.6712382,4,-6,-130
1767173324.6812382,4,-6,-123
1767173324.6912382,5,-4,-123
1767173324.7012382,7,-1,-129
1767173324.711238,3,-2,-136
1767173324.721238,1,0,-138
1767173324.731238,-2,2,-136
1767173324.741238,-5,1,-136
1767173324.751238,-1,1,-137
1767173324.761238,3,-3,-138
1767173324.771238,1,-3,-135
1767173324.781238,1,-4,-129
1767173324.791238,0,-3,-123
1767173324.801238,-1,-4,-129
1767173324.811238,-1,-7,-121
1767173324.821238,1,-4,-114
1767173324.8312385,-1,-1,-116
1767173324.8412385,0,0,-124
1767173324.8512385,-2,1,-127
1767173324.8612382,2,1,-121
1767173324.8712382,0,2,-123
1767173324.8812382,0,3,-128
1767173324.8912382,0,2,-136
1767173324.9012382,0,1,-135
1767173324.9112382,-1,0,-137
1767173324.9212382,-3,-3,-130
1767173324.9312382,-3,-2,-129
1767173324.9412382,-4,1,-124
1767173324.9512382,0,3,-126
1767173324.961238,1,0,-123
1767173324.971238,0,-4,-122
1767173324.981238,3,-1,-114
1767173324.991238,1,-3,-110
1767173325.001238,1,-1,-103
1767173325.011238,6,-4,-108
1767173325.021238,3,-5,-117
1767173325.031238,-1,-13,-119
1767173325.041238,-1,-13,-121
1767173325.051238,-2,-8,-130
1767173325.061238,-3,-7,-129
1767173325.071238,1,-3,-127
1767173325.0812385,2,-2,-128
1767173325.0912385,1,2,-125
1767173325.1012385,5,-1,-125
1767173325.1112382,7,-2,-125
1767173325.1212382,5,-3,-122
1767173325.1312382,1,-4,-127
1767173325.1412382,1,-2,-119
1767173325.1512382,1,0,-117
1767173325.1612382,0,0,-116
1767173325.1712382,-4,1,-117
1767173325.1812382,-5,0,-119
1767173325.1912382,-6,1,-121
1767173325.2012382,-8,-1,-118
1767173325.211238,-6,0,-117
1767173325.221238,-3,1,-116
1767173325.231238,-4,-6,-117
1767173325.241238,-4,-6,-119
1767173325.251238,-2,-11,-125
1767173325.261238,0,-12,-121
1767173325.271238,1,-14,-119
1767173325.281238,1,-9,-119
1767173325.2922382,3,-7,-121
1767173325.3022382,3,-5,-122
1767173325.3122382,4,-9,-125
1767173325.3222382,2,-10,-120
1767173325.3322382,-5,-6,-121
1767173325.3422382,-3,-9,-119
1767173325.3522382,-3,-6,-120
1767173325.3622382,-10,-8,-122
1767173325.3722382,-11,-4,-124
1767173325.382238,-9,-2,-124
1767173325.392238,-6,0,-126
1767173325.402238,-3,1,-126
1767173325.412238,-6,2,-124
1767173325.422238,-8,1,-122
1767173325.432238,-5,2,-128
1767173325.442238,-3,2,-129
1767173325.452238,-4,0,-125
1767173325.462238,-3,-1,-127
1767173325.472238,2,0,-126
1767173325.482238,3,1,-129
1767173325.492238,6,0,-128
1767173325.502238,9,2,-130
1767173325.5122385,7,4,-134
1767173325.5222385,5,2,-138
1767173325.544238,0,-2,-134
1767173325.5522382,-4,0,-133
1767173325.5622382,-2,0,-133
1767173325.5722382,-1,-2,-136
1767173325.5822382,4,-2,-133
1767173325.5922382,3,-2,-136
1767173325.6022382,2,-2,-138
1767173325.6122382,1,-3,-136
1767173325.6222382,3,-5,-135
1767173325.632238,-2,-3,-137
1767173325.642238,0,-1,-136
1767173325.652238,0,0,-140
1767173325.662238,0,3,-140
1767173325.672238,0,0,-139
1767173325.682238,2,-1,-138
1767173325.692238,0,0,-128
1767173325.702238,-1,0,-123
1767173325.712238,1,0,-123
1767173325.722238,-1,0,-128
1767173325.732238,-1,4,-133
1767173325.742238,-4,2,-133
1767173325.752238,-4,11,-139
1767173325.7622385,-6,14,-136
1767173325.7722385,-9,8,-135
1767173325.7822382,-4,9,-141
1767173325.7922382,-4,2,-137
1767173325.8022382,-6,3,-139
1767173325.8122382,-7,0,-138
1767173325.8222382,-8,-4,-144
1767173325.8322382,-5,-7,-143
1767173325.8422382,-8,-6,-136
1767173325.8522382,-5,-9,-137
1767173325.8622382,0,-5,-144
1767173325.8722382,-1,-8,-132
1767173325.882238,2,-5,-135
1767173325.892238,3,-3,-137
1767173325.902238,3,-4,-135
1767173325.912238,1,-7,-128
1767173325.922238,-1,-5,-120
1767173325.932238,1,-5,-116
1767173325.942238,0,3,-122
1767173325.952238,-2,2,-134
1767173325.962238,1,7,-132
1767173325.972238,6,8,-125
1767173325.982238,5,4,-122
1767173325.992238,4,3,-125
1767173326.002238,3,-1,-128
1767173326.0122385,5,0,-130
1767173326.0222385,3,-2,-131
1767173326.0322382,0,0,-128
1767173326.0422382,-1,0,-129
1767173326.0522382,-1,2,-127
1767173326.0622382,-4,4,-124
1767173326.0722382,-3,4,-116
1767173326.0822382,-3,1,-114
1767173326.0922382,-4,-3,-118
1767173326.1022382,0,-2,-120
1767173326.1122382,5,4,-118
1767173326.1222382,3,5,-118
1767173326.132238,8,5,-118
1767173326.142238,5,3,-117
1767173326.152238,2,0,-115
1767173326.162238,0,-4,-119
1767173326.172238,4,-2,-118
1767173326.182238,-1,0,-122
1767173326.192238,-7,3,-123
1767173326.202238,-6,0,-125
1767173326.212238,0,0,-127
1767173326.222238,1,0,-127
1767173326.232238,0,0,-128
1767173326.242238,-2,-3,-131
1767173326.252238,-3,-2,-132
1767173326.2622385,0,-2,-128
1767173326.2722385,1,-5,-118
1767173326.2822382,-1,-5,-112
1767173326.2922382,-1,-2,-109
1767173326.3022382,-1,-6,-114
1767173326.3122382,0,-7,-114
1767173326.3222382,0,-6,-115
1767173326.3322382,-3,-8,-119
1767173326.3422382,-4,-4,-118
1767173326.3522382,-5,-2,-126
1767173326.3622382,-12,0,-130
1767173326.3722382,-7,0,-126
1767173326.382238,0,0,-124
1767173326.392238,2,0,-124
1767173326.402238,3,-1,-128
1767173326.412238,4,0,-132
1767173326.422238,7,-1,-129
1767173326.432238,8,-4,-117
1767173326.442238,6,-7,-112
1767173326.452238,8,-4,-118
1767173326.462238,7,-5,-119
1767173326.472238,9,0,-123
1767173326.482238,9,-3,-124
1767173326.492238,8,-7,-127
1767173326.502238,6,-7,-131
1767173326.5122385,4,-8,-131
1767173326.5222385,2,-8,-129
1767173326.5322382,0,-6,-120
1767173326.5422382,-2,-6,-123
1767173326.5522382,-3,-4,-123
1767173326.5622382,-1,0,-122
1767173326.5722382,0,1,-127
1767173326.5822382,-1,2,-127
1767173326.5922382,2,0,-126
1767173326.6022382,0,-2,-127
1767173326.6122382,1,-4,-119
1767173326.6222382,1,0,-122
1767173326.632238,1,-2,-128
1767173326.642238,0,-3,-124
1767173326.652238,-4,1,-118
1767173326.662238,-4,0,-114
1767173326.672238,-4,1,-114
1767173326.682238,-7,-1,-116
1767173326.692238,-5,0,-125
1767173326.702238,-7,3,-130
1767173326.712238,-3,0,-137
1767173326.722238,-1,-3,-133
1767173326.732238,2,-4,-132
1767173326.742238,2,-7,-129
1767173326.752238,2,-6,-134
1767173326.7622385,0,-9,-135
1767173326.7722385,0,-5,-133
1767173326.7822382,-2,-2,-136
1767173326.7922382,-3,0,-135
1767173326.8022382,-4,-4,-139
1767173326.8122382,-1,-4,-133
1767173326.8222382,0,-5,-139
1767173326.8322382,-4,-4,-139
1767173326.8422382,-5,-4,-137
1767173326.8522382,-5,-4,-132
1767173326.8622382,-4,-3,-137
1767173326.8722382,-4,-4,-137
1767173326.882238,-3,-6,-135
1767173326.892238,-3,-6,-129
1767173326.902238,-1,-5,-127
1767173326.912238,-6,-2,-132
1767173326.922238,-7,4,-126
1767173326.932238,-8,2,-128
1767173326.942238,-4,-3,-126
1767173326.952238,-4,0,-123
1767173326.962238,-5,0,-123
1767173326.972238,-7,0,-127
1767173326.982238,-7,-1,-128
1767173326.992238,-8,-3,-129
1767173327.002238,-7,-8,-133
1767173327.0122385,-4,-8,-134
1767173327.0222385,-3,-8,-133
1767173327.0322382,-4,-3,-129
1767173327.0422382,-9,0,-136
1767173327.0522382,-9,0,-139
1767173327.0622382,-7,0,-132
1767173327.0722382,-4,-1,-128
1767173327.0822382,-7,0,-126
1767173327.0922382,-7,2,-125
1767173327.1022382,-7,3,-130
1767173327.1122382,-5,3,-131
1767173327.1222382,-7,2,-128
1767173327.132238,-6,-3,-127
1767173327.142238,-1,-8,-133
1767173327.152238,0,-8,-132
1767173327.162238,0,-10,-136
1767173327.172238,-3,-8,-132
1767173327.182238,-9,-10,-132
1767173327.192238,-7,-7,-133
1767173327.202238,-7,-3,-139
1767173327.212238,-4,-2,-136
1767173327.222238,-5,0,-131
1767173327.232238,-3,0,-131
1767173327.242238,-3,-8,-129
1767173327.252238,-3,-6,-131
1767173327.2622385,0,-3,-132
1767173327.2722385,1,-3,-126
1767173327.2822382,-1,-8,-123
1767173327.2922382,0,0,-115
1767173327.3022382,2,3,-119
1767173327.3122382,0,1,-122
1767173327.3222382,0,3,-123
1767173327.3322382,0,0,-117
1767173327.3422382,-3,-4,-117
1767173327.3522382,1,-7,-118
1767173327.3622382,1,-9,-120
1767173327.3722382,2,-8,-120
1767173327.382238,0,-11,-131
1767173327.392238,2,-9,-133
1767173327.402238,0,-9,-137
1767173327.412238,-2,-6,-133
1767173327.422238,-6,-7,-132
1767173327.432238,-5,-7,-133
1767173327.442238,-2,-4,-129
1767173327.452238,1,-3,-123
1767173327.462238,2,-2,-128
1767173327.472238,4,-3,-130
1767173327.482238,4,-4,-131
1767173327.492238,0,-3,-131
1767173327.502238,-1,-8,-130
1767173327.5122385,-1,-9,-130
1767173327.5222385,-2,-8,-127
1767173327.5322382,-6,-6,-129
1767173327.5422382,-7,-3,-131
1767173327.5522382,-6,-2,-123
1767173327.5622382,-3,-1,-121
1767173327.5722382,-1,0,-126
1767173327.5822382,0,-4,-126
1767173327.5922382,-5,-6,-125
1767173327.6022382,0,-2,-131
1767173327.6122382,-1,-2,-132
1767173327.6222382,1,0,-132
1767173327.632238,2,0,-128
1767173327.642238,0,0,-127
1767173327.652238,0,-1,-129
1767173327.662238,2,-1,-128
1767173327.672238,8,-1,-126
1767173327.682238,9,0,-133
1767173327.692238,12,0,-129
1767173327.702238,10,-2,-129
1767173327.712238,5,-1,-127
1767173327.722238,4,-2,-131
1767173327.732238,1,-2,-120
1767173327.742238,-2,0,-115
1767173327.752238,-1,-4,-113
1767173327.7622385,1,-7,-111
1767173327.7722385,0,-3,-110
1767173327.7822382,0,0,-112
1767173327.7922382,0,1,-116
1767173327.8022382,0,2,-113
1767173327.8122382,0,2,-116
1767173327.8222382,2,4,-124
1767173327.8322382,0,0,-126
1767173327.8422382,1,3,-119
1767173327.8522382,-1,2,-117
1767173327.8622382,-4,4,-116
1767173327.8722382,-6,2,-121
1767173327.882238,-6,2,-122
1767173327.892238,-1,-2,-127
1767173327.902238,-1,-1,-131
1767173327.913238,-1,-3,-131
1767173327.923238,-2,-1,-130
1767173327.9332385,-3,-1,-135
1767173327.9432385,-6,-5,-131
1767173327.9532382,-7,-9,-130
1767173327.962238,-5,-7,-134
1767173327.9732382,-7,-3,-132
1767173327.9832382,-6,0,-127
1767173327.9932382,-3,-1,-126
1767173328.0032382,-4,1,-128
1767173328.0132382,0,0,-127
1767173328.0232382,1,1,-125
1767173328.0332382,3,-2,-126
1767173328.0432382,0,-2,-125
1767173328.0532382,3,-2,-132
1767173328.063238,2,-1,-124
1767173328.073238,0,-7,-128
1767173328.083238,-5,-7,-126
1767173328.093238,-2,-3,-124
1767173328.103238,-2,0,-118
1767173328.113238,0,-4,-122
1767173328.123238,0,-4,-122
1767173328.133238,0,-4,-119
1767173328.143238,-4,-1,-122
1767173328.153238,-7,-2,-122
1767173328.163238,-7,0,-125
1767173328.173238,-9,-2,-123
1767173328.1832385,-7,-3,-127
1767173328.1932385,-3,-5,-128
1767173328.2032382,-1,-4,-122
1767173328.2132382,-1,-4,-128
1767173328.2232382,0,-4,-120
1767173328.2332382,-1,0,-119
1767173328.2432382,-1,0,-122
1767173328.2532382,-1,2,-126
1767173328.2632382,0,0,-128
1767173328.2732382,-3,-4,-128
1767173328.2832382,-5,-5,-127
1767173328.2932382,-3,-1,-131
1767173328.3032382,-5,-2,-132
1767173328.313238,-1,-3,-129
1767173328.323238,-2,-4,-128
1767173328.333238,-3,-4,-124
1767173328.343238,-1,-4,-122
1767173328.353238,1,-4,-126
1767173328.363238,0,-6,-128
1767173328.373238,2,-6,-133
1767173328.383238,8,-8,-134
1767173328.393238,5,-5,-134
1767173328.403238,1,-3,-129
1767173328.413238,2,-4,-129
1767173328.423238,3,-3,-130
1767173328.4332385,6,-2,-131
1767173328.4432385,3,-3,-124
1767173328.4532382,1,-1,-123
1767173328.4632382,0,-5,-125
1767173328.4732382,-2,-5,-128
1767173328.4832382,-5,-1,-126
1767173328.4932382,-4,-2,-129
1767173328.5032382,0,-1,-127
1767173328.5132382,-3,-1,-130
1767173328.5232382,-8,-6,-126
1767173328.5332382,-4,-6,-130
1767173328.5432382,0,-5,-131
1767173328.5532382,-1,-4,-133
1767173328.563238,-5,-4,-139
1767173328.573238,-4,-4,-139
1767173328.583238,-3,-2,-139
1767173328.593238,-5,-1,-140
1767173328.603238,-5,-1,-135
1767173328.613238,-5,-1,-133
1767173328.623238,-5,0,-126
1767173328.633238,-3,4,-126
1767173328.643238,-2,4,-129
1767173328.653238,-2,0,-132
1767173328.663238,-2,-1,-133
1767173328.673238,-1,0,-124
1767173328.6832385,1,4,-124
1767173328.6932385,0,6,-120
1767173328.7032382,0,3,-119
1767173328.7132382,0,3,-122
1767173328.7232382,1,0,-122
1767173328.7332382,2,0,-118
1767173328.7432382,2,-1,-129
1767173328.7532382,4,0,-132
1767173328.7632382,5,-1,-128
1767173328.7732382,8,-5,-125
1767173328.7832382,9,-8,-124
1767173328.7932382,6,-9,-129
1767173328.8032382,3,-11,-126
1767173328.813238,-1,-8,-125
1767173328.823238,-5,-7,-128
1767173328.833238,-4,-4,-130
1767173328.843238,-6,-4,-129
1767173328.853238,-10,-3,-125
1767173328.863238,-7,-6,-123
1767173328.873238,-3,-2,-121
1767173328.883238,2,-2,-129
1767173328.893238,6,-5,-128
1767173328.903238,7,-3,-128
1767173328.913238,6,-1,-124
1767173328.923238,3,-1,-127
1767173328.9332385,1,-6,-125
1767173328.9432385,1,-6,-124
1767173328.9532382,0,-10,-127
1767173328.9632382,3,-6,-126
1767173328.9732382,1,-10,-130
1767173328.9832382,5,-11,-130
1767173328.9932382,0,-8,-130
1767173329.0032382,0,-3,-139
1767173329.0132382,-2,-2,-141
1767173329.0232382,0,-2,-134
1767173329.0332382,0,-5,-137
1767173329.0432382,0,-3,-134
1767173329.0532382,1,-1,-128
1767173329.063238,1,-2,-130
1767173329.073238,0,-2,-133
1767173329.083238,2,-3,-126
1767173329.093238,0,-6,-126
1767173329.103238,0,-5,-124
1767173329.113238,0,-2,-124
1767173329.123238,0,2,-120
1767173329.133238,0,3,-114
1767173329.143238,-7,5,-117
1767173329.153238,-10,3,-125
1767173329.163238,-11,5,-128
1767173329.173238,-9,3,-131
1767173329.1832385,-3,0,-126
1767173329.1932385,-7,0,-129
1767173329.2032382,-7,2,-130
1767173329.2132382,-7,0,-132
1767173329.2232382,-2,-2,-135
1767173329.2332382,-2,-3,-135
1767173329.2432382,-2,0,-131
1767173329.2532382,-3,-2,-128
1767173329.2632382,-2,-1,-131
1767173329.2732382,-4,1,-125
1767173329.2832382,-8,0,-123
1767173329.2932382,-7,-2,-124
1767173329.3032382,-4,0,-126
1767173329.313238,-2,-3,-129
1767173329.323238,0,0,-125
1767173329.333238,-3,1,-130
1767173329.343238,-6,-2,-137
1767173329.353238,-4,0,-141
1767173329.363238,0,0,-137
1767173329.373238,-1,-2,-135
1767173329.383238,0,0,-136
1767173329.393238,4,-4,-136
1767173329.403238,2,-3,-133
1767173329.413238,-2,0,-128
1767173329.423238,0,-1,-124
1767173329.4332385,0,-6,-120
1767173329.4432385,0,-7,-122
1767173329.4532382,-1,-7,-129
1767173329.4632382,1,-6,-128
1767173329.4732382,0,-6,-130
1767173329.4832382,-1,-7,-131
1767173329.4932382,-1,-5,-126
1767173329.5032382,0,-4,-127
1767173329.5132382,-1,-3,-127
1767173329.5232382,-2,-3,-121
1767173329.5332382,0,-4,-129
1767173329.5432382,4,-2,-127
1767173329.5532382,5,3,-121
1767173329.563238,3,5,-131
1767173329.573238,0,10,-130
1767173329.583238,0,12,-130
1767173329.593238,3,9,-134
1767173329.603238,5,3,-134
1767173329.613238,10,1,-135
1767173329.623238,6,0,-140
1767173329.633238,4,-1,-143
1767173329.643238,0,-3,-140
1767173329.653238,-1,-1,-132
1767173329.663238,-4,1,-121
1767173329.673238,-3,1,-116
1767173329.6832385,0,0,-117
1767173329.6932385,0,2,-112
1767173329.7032382,1,3,-114
1767173329.7132382,-1,-2,-116
1767173329.7232382,-3,-1,-112
1767173329.7332382,-1,2,-110
1767173329.7432382,1,4,-113
1767173329.7532382,0,0,-117
1767173329.7632382,4,0,-126
1767173329.7732382,2,-5,-124
1767173329.7832382,3,-5,-120
1767173329.7932382,6,-2,-125
1767173329.8032382,0,2,-126
1767173329.813238,-3,2,-131
1767173329.823238,0,-1,-128
1767173329.833238,3,-4,-130
1767173329.843238,0,-8,-131
1767173329.853238,0,-8,-133
1767173329.863238,-3,-5,-130
1767173329.873238,-2,-4,-130
1767173329.883238,-4,-5,-131
1767173329.893238,0,-7,-134
1767173329.903238,0,-7,-131
1767173329.913238,-6,-7,-128
1767173329.923238,-7,-7,-126
1767173329.9332385,0,-7,-126
1767173329.9432385,2,-8,-129
1767173329.9532382,-1,-6,-130
1767173329.9632382,0,-6,-132
1767173329.9732382,0,-2,-133
1767173329.9832382,-2,-2,-131
1767173329.9932382,-3,-3,-130
1767173330.0032382,-3,-5,-132
1767173330.0132382,0,-10,-134
1767173330.0232382,-1,-10,-133
1767173330.0332382,-2,-3,-128
1767173330.0432382,0,0,-129
1767173330.0532382,2,-2,-123
1767173330.063238,2,-3,-126
1767173330.073238,2,0,-128
1767173330.083238,2,1,-132
1767173330.093238,3,0,-134
1767173330.103238,-3,-2,-135
1767173330.113238,0,-2,-136
1767173330.123238,0,-7,-134
1767173330.133238,-4,-5,-135
1767173330.143238,-1,-8,-141
1767173330.153238,-2,-6,-144
1767173330.163238,-2,-7,-144
1767173330.173238,-4,-9,-141
1767173330.1832385,-4,-9,-138
1767173330.1932385,-2,-11,-130
1767173330.2032382,1,-11,-121
1767173330.2132382,-4,-8,-125
1767173330.2232382,-3,-2,-132
1767173330.2332382,-3,1,-126
1767173330.2432382,-6,0,-126
1767173330.2532382,-5,-5,-125
1767173330.2632382,-5,-5,-133
1767173330.2732382,-6,0,-134
1767173330.2832382,-1,0,-135
1767173330.2932382,1,0,-134
1767173330.3032382,0,0,-130
1767173330.313238,-2,0,-133
1767173330.323238,-5,-1,-125
1767173330.333238,-4,2,-120
1767173330.343238,-2,4,-120
1767173330.353238,-4,6,-123
1767173330.363238,-8,6,-133
1767173330.373238,-3,4,-137
1767173330.383238,0,1,-136
1767173330.393238,0,-1,-128
1767173330.403238,-2,-1,-121
1767173330.413238,1,1,-121
1767173330.423238,0,0,-126
1767173330.4332385,0,-3,-130
1767173330.4432385,1,-2,-133
1767173330.4532382,0,-3,-129
1767173330.4632382,0,-2,-126
1767173330.4732382,1,-2,-130
1767173330.4832382,6,-6,-130
1767173330.4932382,7,-8,-136
1767173330.5032382,8,-9,-131
1767173330.5132382,5,-7,-127
1767173330.5232382,8,-4,-130
1767173330.534238,4,-1,-129
1767173330.5562382,8,0,-118
1767173330.563238,5,0,-118
1767173330.573238,6,0,-126
1767173330.584238,7,2,-130
1767173330.594238,4,0,-134
1767173330.6042385,3,1,-131
1767173330.6142385,7,3,-138
1767173330.6242385,5,2,-137
1767173330.6342382,1,1,-133
1767173330.6442382,3,-2,-130
1767173330.6542382,3,0,-129
1767173330.6642382,-2,-1,-126
1767173330.6742382,-7,0,-120
1767173330.6842382,-9,-2,-120
1767173330.6942382,-3,2,-120
1767173330.7042382,-5,1,-125
1767173330.7142382,-8,1,-132
1767173330.7242382,-10,5,-130
1767173330.734238,-9,3,-128
1767173330.744238,-6,0,-131
1767173330.754238,-3,-1,-130
1767173330.764238,-2,0,-127
1767173330.774238,-1,0,-127
1767173330.784238,0,-1,-136
1767173330.794238,0,-2,-139
1767173330.804238,2,0,-142
1767173330.814238,0,0,-138
1767173330.824238,3,2,-133
1767173330.834238,6,1,-124
1767173330.844238,3,-7,-125
1767173330.8542385,0,-6,-124
1767173330.8642385,2,-6,-126
1767173330.8742385,3,-8,-131
1767173330.8842382,0,-4,-130
1767173330.8942382,-4,-3,-132
1767173330.9042382,-4,1,-136
1767173330.9142382,-3,0,-136
1767173330.9242382,0,0,-134
1767173330.935238,0,3,-136
1767173330.9442382,-2,2,-137
1767173330.9542382,0,2,-130
1767173330.9642382,-1,2,-133
1767173330.9742382,-2,6,-131
1767173330.984238,-2,0,-126
1767173330.994238,-1,-3,-127
1767173331.004238,-7,-6,-131
1767173331.014238,-7,-6,-129
1767173331.024238,-1,-3,-130
1767173331.034238,0,-3,-125
1767173331.044238,2,0,-120
1767173331.054238,0,0,-120
1767173331.064238,0,-1,-116
1767173331.074238,5,1,-119
1767173331.084238,8,1,-120
1767173331.094238,3,0,-126
1767173331.1042385,0,0,-124
1767173331.1142385,-3,1,-125
1767173331.1242385,-3,-2,-127
1767173331.1342382,-2,-6,-133
1767173331.1442382,0,-2,-130
1767173331.1542382,-1,-3,-132
1767173331.1642382,-4,-1,-127
1767173331.1742382,-8,0,-126
1767173331.1842382,-8,-4,-127
1767173331.1942382,-10,-3,-126
1767173331.2042382,-6,-7,-136
1767173331.2142382,-1,-4,-139
1767173331.2242382,-3,-1,-136
1767173331.234238,-3,0,-129
1767173331.244238,0,0,-131
1767173331.254238,3,4,-135
1767173331.264238,1,5,-135
1767173331.274238,1,3,-131
1767173331.284238,-4,7,-130
1767173331.294238,2,3,-126
1767173331.304238,1,0,-124
1767173331.314238,-1,0,-122
1767173331.324238,-3,0,-122
1767173331.334238,-3,3,-127
1767173331.344238,-3,1,-128
1767173331.3542385,-1,2,-123
1767173331.3642385,2,1,-123
1767173331.3742385,3,4,-125
1767173331.3842382,2,7,-125
1767173331.3942382,2,3,-126
1767173331.4042382,2,2,-122
1767173331.4142382,2,3,-126
1767173331.4242382,1,3,-122
1767173331.4342382,-1,2,-122
1767173331.4442382,2,0,-119
1767173331.4542382,0,0,-120
1767173331.4642382,-7,-1,-126
1767173331.4742382,-6,-2,-125
1767173331.484238,-5,-5,-122
1767173331.494238,-1,-8,-129
1767173331.504238,-1,-11,-125
1767173331.514238,0,-11,-129
1767173331.524238,0,-10,-125
1767173331.534238,0,-10,-126
1767173331.544238,1,-3,-131
1767173331.554238,3,0,-127
1767173331.564238,-1,3,-127
1767173331.574238,-4,1,-128
1767173331.584238,-3,0,-133
1767173331.594238,4,2,-129
1767173331.6042385,4,0,-133
1767173331.6142385,5,0,-137
1767173331.6242385,-1,-1,-139
1767173331.6342382,-5,-4,-129
1767173331.6442382,-4,-4,-116
1767173331.6542382,-5,-3,-113
1767173331.6642382,-7,-1,-119
1767173331.6742382,-6,-5,-121
1767173331.6842382,-2,-5,-119
1767173331.6942382,0,-8,-123
1767173331.7042382,0,-8,-126
1767173331.7142382,-4,-7,-132
1767173331.7242382,-2,-5,-124
1767173331.734238,-3,-2,-117
1767173331.744238,-3,-5,-118
1767173331.754238,-5,-8,-118
1767173331.764238,-4,-5,-124
1767173331.774238,-1,-3,-129
1767173331.784238,1,1,-119
1767173331.794238,0,2,-122
1767173331.804238,-2,0,-124
1767173331.814238,-1,1,-121
1767173331.824238,1,-2,-120
1767173331.834238,0,-3,-114
1767173331.844238,-1,-2,-112
1767173331.8542385,-2,0,-116
1767173331.8642385,-1,1,-120
1767173331.8742385,-2,2,-122
1767173331.8842382,0,3,-121
1767173331.8942382,2,5,-121
1767173331.9042382,5,7,-121
1767173331.9142382,1,2,-122
1767173331.9242382,3,-2,-123
1767173331.9342382,0,2,-126
1767173331.9442382,-1,3,-133
1767173331.9542382,-3,2,-131
1767173331.9642382,-6,0,-127
1767173331.9742382,-8,-1,-125
1767173331.984238,-6,-4,-118
1767173331.994238,-2,-3,-126
1767173332.004238,0,-2,-129
1767173332.014238,1,-2,-139
1767173332.024238,4,-2,-139
1767173332.034238,2,-6,-133
1767173332.044238,6,-7,-129
1767173332.054238,4,-6,-139
1767173332.064238,2,-5,-142
1767173332.074238,4,2,-139
1767173332.084238,1,2,-135
1767173332.094238,0,2,-128
1767173332.1042385,0,-2,-124
1767173332.1142385,-4,-7,-123
1767173332.1242385,-4,-7,-125
1767173332.1342382,-3,-4,-123
1767173332.1442382,-6,-2,-118
1767173332.1542382,-3,-1,-114
1767173332.1642382,-1,-1,-123
1767173332.1742382,-4,-2,-131
1767173332.1842382,-1,-5,-127
1767173332.1942382,2,-7,-126
1767173332.2042382,6,-9,-127
1767173332.2142382,7,-7,-125
1767173332.2242382,9,-9,-124
1767173332.234238,9,-10,-122
1767173332.244238,7,-10,-128
1767173332.254238,5,-5,-127
1767173332.264238,5,-7,-132
1767173332.274238,1,-10,-136
1767173332.284238,-2,-8,-139
1767173332.294238,-5,-7,-131
1767173332.304238,-4,-3,-126
1767173332.314238,-8,0,-129
1767173332.324238,-7,0,-134
1767173332.334238,-9,3,-132
1767173332.344238,-7,1,-128
1767173332.3542385,-8,-3,-132
1767173332.3642385,-8,0,-128
1767173332.3742385,-16,-1,-125
1767173332.3842382,-14,-9,-131
1767173332.3942382,-11,-8,-131
1767173332.4042382,-12,-6,-132
1767173332.4142382,-12,-10,-130
1767173332.4242382,-7,-10,-120
1767173332.4342382,-4,-10,-123
1767173332.4442382,-2,-12,-121
1767173332.4542382,-5,-10,-130
1767173332.4642382,-3,-5,-135
1767173332.4742382,-6,0,-138
1767173332.484238,-7,0,-138
1767173332.494238,-3,-1,-135
1767173332.504238,-3,0,-135
1767173332.514238,-4,-2,-138
1767173332.524238,-3,-7,-133
1767173332.534238,-1,-4,-129
1767173332.544238,1,-2,-130
1767173332.554238,-2,-4,-134
1767173332.564238,0,-1,-136
1767173332.574238,0,0,-138
1767173332.584238,3,1,-138
1767173332.594238,6,2,-127
1767173332.6042385,5,1,-117
1767173332.6142385,3,5,-118
1767173332.6242385,1,4,-120
1767173332.6342382,1,1,-121
1767173332.6442382,4,-1,-126
1767173332.6542382,0,2,-128
1767173332.6642382,0,0,-129
1767173332.6742382,-1,0,-131
1767173332.6842382,-2,0,-131
1767173332.6942382,2,4,-126
1767173332.7042382,0,4,-118
1767173332.7142382,-1,1,-115
1767173332.7242382,-1,0,-121
1767173332.734238,0,-2,-124
1767173332.744238,-2,0,-129
1767173332.754238,-2,-3,-125
1767173332.764238,1,-2,-123
1767173332.774238,1,-2,-119
1767173332.784238,1,0,-124
1767173332.794238,1,-2,-123
1767173332.804238,4,2,-128
1767173332.814238,8,-1,-131
1767173332.824238,2,-2,-131
1767173332.834238,3,-3,-130
1767173332.844238,0,-2,-132
1767173332.8542385,-2,-4,-130
1767173332.8642385,-1,-7,-123
1767173332.8742385,2,-5,-122
1767173332.8842382,0,-7,-128
1767173332.8942382,0,-9,-132
1767173332.9042382,3,-2,-135
1767173332.9142382,4,3,-138
1767173332.9242382,3,2,-131
1767173332.9342382,4,4,-129
1767173332.9442382,1,-3,-126
1767173332.9542382,-1,-1,-133
1767173332.9642382,-4,-1,-134
1767173332.9742382,-1,-3,-136
1767173332.984238,-5,-3,-134
1767173332.994238,-2,-1,-137
1767173333.004238,-1,-3,-136
1767173333.014238,-4,0,-135
1767173333.024238,-5,-1,-132
1767173333.034238,-4,-3,-130
1767173333.044238,-4,-5,-127
1767173333.054238,0,-5,-124
1767173333.064238,-2,-1,-122
1767173333.074238,-3,1,-123
1767173333.084238,-2,1,-127
1767173333.094238,0,-1,-122
1767173333.1042385,-2,-4,-125
1767173333.1142385,0,-4,-126
1767173333.1242385,1,-4,-129
1767173333.1352382,1,-2,-128
1767173333.1442382,-1,-1,-125
1767173333.1552382,0,-5,-126
1767173333.1642382,2,-5,-130
1767173333.1742382,3,-1,-129
1767173333.1842382,0,0,-129
1767173333.195238,0,0,-128
1767173333.205238,0,3,-124
1767173333.2142382,1,3,-124
1767173333.225238,0,2,-126
1767173333.235238,-3,4,-131
1767173333.245238,0,0,-131
1767173333.255238,-3,0,-128
1767173333.265238,-2,0,-125
1767173333.275238,0,0,-126
1767173333.2852385,-2,0,-119
1767173333.2952385,0,0,-111
1767173333.3052382,-1,-2,-113
1767173333.3152382,-5,1,-114
1767173333.3252382,-5,1,-111
1767173333.3352382,-2,4,-112
1767173333.3452382,-1,1,-114
1767173333.3552382,-1,0,-116
1767173333.3652382,-4,-1,-117
1767173333.3752382,-7,1,-121
1767173333.3852382,-6,1,-124
1767173333.3952382,-5,2,-128
1767173333.4052382,-7,1,-127
1767173333.415238,-5,1,-120
1767173333.425238,-5,-1,-122
1767173333.435238,-4,-4,-123
1767173333.445238,-3,-2,-127
1767173333.455238,-1,-5,-129
1767173333.465238,-5,0,-123
1767173333.475238,-6,0,-120
1767173333.485238,-2,-5,-120
1767173333.495238,-2,-5,-118
1767173333.505238,-4,-9,-124
1767173333.515238,-4,-9,-128
1767173333.525238,-3,-2,-126
1767173333.5352385,-5,-2,-134
1767173333.5452385,-2,-3,-134
1767173333.5552382,-5,0,-130
1767173333.5652382,-7,-2,-129
1767173333.5752382,-11,0,-130
1767173333.5852382,-9,0,-133
1767173333.5952382,-9,-2,-132
1767173333.6052382,-6,-1,-136
1767173333.6152382,-7,2,-130
1767173333.6252382,-12,1,-124
1767173333.6352382,-6,1,-129
1767173333.6452382,-5,-3,-126
1767173333.6552382,-6,-3,-123
1767173333.665238,-9,-4,-124
1767173333.675238,-8,-4,-123
1767173333.685238,-8,-6,-119
1767173333.695238,-7,-7,-125
1767173333.705238,0,-5,-124
1767173333.715238,-3,-4,-123
1767173333.725238,-1,-8,-126
1767173333.735238,-4,-10,-128
1767173333.745238,0,-8,-132
1767173333.755238,-3,-4,-131
1767173333.765238,-4,1,-130
1767173333.775238,-7,4,-135
1767173333.7852385,-1,0,-136
1767173333.7952385,0,0,-133
1767173333.8052382,0,0,-131
1767173333.8152382,2,1,-132
1767173333.8252382,0,2,-135
1767173333.8352382,-1,3,-132
1767173333.8452382,0,1,-127
1767173333.8552382,1,1,-125
1767173333.8652382,-1,1,-130
1767173333.8752382,0,-3,-127
1767173333.8852382,3,-5,-123
1767173333.8952382,-1,-1,-125
1767173333.9052382,-3,0,-128
1767173333.915238,-2,2,-119
1767173333.925238,-4,-1,-120
1767173333.935238,-4,-3,-129
1767173333.945238,-2,-5,-131
1767173333.955238,0,-3,-130
1767173333.965238,-2,-7,-131
1767173333.975238,-5,-6,-133
1767173333.985238,-4,-2,-126
1767173333.995238,-8,0,-126
1767173334.005238,-4,0,-125
1767173334.015238,-1,-1,-125
1767173334.025238,-3,-3,-123
1767173334.0352385,-2,-7,-119
1767173334.0452385,-1,-5,-121
1767173334.0552382,0,1,-120
1767173334.0652382,-3,2,-126
1767173334.0752382,-3,0,-129
1767173334.0852382,-6,-1,-127
1767173334.0952382,-7,1,-131
1767173334.1052382,-8,3,-130
1767173334.1152382,-6,3,-128
1767173334.1252382,-3,0,-132
1767173334.1352382,-3,0,-135
1767173334.1452382,-5,0,-146
1767173334.1552382,-3,-2,-141
1767173334.165238,-2,-2,-146
1767173334.175238,5,-3,-137
1767173334.185238,9,0,-135
1767173334.195238,2,-1,-141
1767173334.205238,3,0,-139
1767173334.215238,-4,0,-140
1767173334.225238,-7,-1,-135
1767173334.235238,-4,-4,-132
1767173334.245238,-2,-2,-127
1767173334.255238,-4,3,-125
1767173334.265238,-3,3,-125
1767173334.275238,-6,3,-129
1767173334.2852385,-5,2,-129
1767173334.2952385,-1,2,-124
1767173334.3052382,3,0,-122
1767173334.3152382,9,0,-129
1767173334.3252382,4,-5,-130
1767173334.3352382,0,-7,-128
1767173334.3452382,1,-5,-126
1767173334.3552382,2,-3,-124
1767173334.3652382,0,-4,-122
1767173334.3752382,-2,-3,-118
1767173334.3852382,-1,-4,-119
1767173334.3952382,-2,-2,-118
1767173334.4052382,-2,1,-120
1767173334.415238,1,7,-118
1767173334.425238,-1,1,-119
1767173334.435238,-1,3,-117
1767173334.445238,-4,4,-127
1767173334.455238,-6,0,-126
1767173334.465238,-5,0,-129
1767173334.475238,-2,3,-131
1767173334.485238,0,1,-129
1767173334.495238,-1,-1,-128
1767173334.505238,-1,-3,-130
1767173334.515238,0,-3,-129
1767173334.525238,1,-4,-129
1767173334.5352385,3,-5,-126
1767173334.5452385,2,-6,-127
1767173334.5552382,0,-5,-129
1767173334.5652382,3,-3,-132
1767173334.5752382,4,-3,-129
1767173334.5852382,1,2,-129
1767173334.5952382,-1,3,-130
1767173334.6052382,-2,5,-124
1767173334.6152382,-1,3,-124
1767173334.6252382,1,0,-127
1767173334.6352382,0,2,-124
1767173334.6452382,0,3,-125
1767173334.6552382,0,1,-130
1767173334.665238,-1,-1,-130
1767173334.675238,1,-2,-129
1767173334.685238,0,0,-134
1767173334.695238,1,0,-135
1767173334.705238,1,0,-130
1767173334.715238,4,1,-129
1767173334.725238,4,1,-128
1767173334.735238,-1,2,-125
1767173334.745238,-3,0,-119
1767173334.755238,-3,-1,-120
1767173334.765238,0,-1,-127
1767173334.775238,-2,1,-126
1767173334.7852385,-2,-3,-131
1767173334.7952385,-3,-4,-126
1767173334.8052382,-3,-1,-118
1767173334.8152382,0,3,-117
1767173334.8252382,-2,2,-124
1767173334.8352382,-4,0,-128
1767173334.8452382,-1,0,-128
1767173334.8552382,-4,2,-130
1767173334.8652382,-7,-1,-128
1767173334.8752382,-8,0,-127
1767173334.8852382,-8,1,-128
1767173334.8952382,-5,4,-123
1767173334.9052382,-2,0,-122
1767173334.915238,0,0,-121
1767173334.925238,0,-1,-126
1767173334.935238,-2,0,-121
1767173334.945238,-2,-4,-119
1767173334.955238,0,-6,-122
1767173334.965238,0,-2,-122
1767173334.975238,4,-2,-126
1767173334.985238,3,0,-127
1767173334.995238,1,-3,-128
1767173335.005238,-2,-4,-134
1767173335.015238,0,-5,-131
1767173335.025238,2,-5,-133
1767173335.0352385,3,0,-129
1767173335.0452385,0,2,-127
1767173335.0552382,1,2,-126
1767173335.0652382,-1,5,-129
1767173335.0752382,1,1,-129
1767173335.0852382,0,4,-125
1767173335.0952382,-3,1,-119
1767173335.1052382,-2,2,-122
1767173335.1152382,-2,5,-115
1767173335.1252382,-2,4,-121
1767173335.1352382,-3,4,-122
1767173335.1452382,-5,6,-121
1767173335.1552382,-4,0,-119
1767173335.165238,-7,-1,-119
1767173335.175238,-6,0,-120
1767173335.185238,-4,0,-127
1767173335.195238,-5,-1,-131
1767173335.205238,0,-5,-133
1767173335.215238,0,-3,-133
1767173335.225238,6,-2,-131
1767173335.235238,1,-3,-131
1767173335.245238,-1,-5,-123
1767173335.255238,-1,-3,-124
1767173335.265238,0,0,-129
1767173335.275238,1,-3,-128
1767173335.2852385,5,0,-127
1767173335.2952385,2,-3,-128
1767173335.3052382,-1,-1,-133
1767173335.3152382,2,-2,-136
1767173335.3252382,0,-1,-138
1767173335.3352382,0,-2,-137
1767173335.3452382,2,-4,-139
1767173335.3552382,-1,-4,-140
1767173335.3652382,-1,-1,-133
1767173335.3752382,0,-1,-132
1767173335.3852382,0,-3,-133
1767173335.3952382,0,-6,-144
1767173335.4052382,0,-3,-141
1767173335.415238,0,-1,-141
1767173335.425238,-3,0,-134
1767173335.435238,0,-4,-131
1767173335.445238,1,-1,-134
1767173335.455238,-2,0,-136
1767173335.465238,-1,1,-132
1767173335.475238,0,2,-135
1767173335.485238,-3,4,-137
1767173335.495238,0,5,-139
1767173335.505238,0,0,-141
1767173335.515238,0,0,-131
1767173335.525238,0,0,-126
1767173335.5352385,1,1,-132
1767173335.5452385,-1,2,-131
1767173335.567238,-4,-4,-137
1767173335.5752382,-6,-6,-133
1767173335.5852382,-5,-4,-128
1767173335.5952382,0,-6,-125
1767173335.6052382,1,-6,-131
1767173335.6152382,-2,-5,-130
1767173335.6252382,-2,0,-133
1767173335.6352382,3,1,-132
1767173335.6452382,7,0,-132
1767173335.6552382,5,2,-126
1767173335.665238,0,4,-132
1767173335.675238,1,3,-132
1767173335.685238,5,4,-126
1767173335.695238,6,1,-123
1767173335.705238,3,1,-117
1767173335.715238,0,-6,-117
1767173335.725238,0,-7,-118
1767173335.735238,-1,-6,-124
1767173335.745238,0,-4,-127
1767173335.755238,-1,-7,-130
1767173335.765238,-3,-3,-131
1767173335.775238,-7,0,-130
1767173335.7852385,-7,-2,-132
1767173335.7952385,-5,-1,-128
1767173335.8062382,-1,-2,-119
1767173335.8162382,0,-2,-126
1767173335.8262382,-2,0,-132
1767173335.836238,2,2,-128
1767173335.846238,1,0,-130
1767173335.856238,0,1,-134
1767173335.866238,-4,4,-133
1767173335.876238,-4,0,-128
1767173335.886238,-6,0,-128
1767173335.896238,-1,0,-127
1767173335.906238,-1,-2,-125
1767173335.916238,0,-5,-130
1767173335.926238,0,-4,-131
1767173335.936238,0,-4,-135
1767173335.946238,0,-6,-134
1767173335.9562385,-2,-6,-130
1767173335.9662385,-6,-5,-125
1767173335.9762385,-5,0,-131
1767173335.9862382,-3,0,-132
1767173335.9962382,-4,2,-125
1767173336.0062382,-3,3,-121
1767173336.0162382,-2,-1,-116
1767173336.0262382,-1,-4,-120
1767173336.0362382,0,-2,-127
1767173336.0462382,0,-5,-130
1767173336.0562382,-4,-4,-131
1767173336.0662382,-7,-4,-131
1767173336.0762382,-10,-2,-127
1767173336.086238,-6,-4,-123
1767173336.096238,-5,-3,-123
1767173336.106238,0,-2,-124
1767173336.116238,0,-4,-125
1767173336.126238,2,-3,-124
1767173336.136238,4,-7,-124
1767173336.146238,5,-7,-121
1767173336.156238,3,-4,-122
1767173336.166238,4,-2,-120
1767173336.176238,7,-3,-123
1767173336.186238,5,-7,-128
1767173336.196238,1,-5,-129
1767173336.2062385,0,-2,-124
1767173336.2162385,-2,0,-124
1767173336.2262385,-3,-1,-117
1767173336.2362382,0,1,-118
1767173336.2462382,0,2,-118
1767173336.2562382,0,0,-120
1767173336.2662382,3,0,-119
1767173336.2762382,0,-1,-125
1767173336.2862382,-3,-2,-125
1767173336.2962382,-4,-2,-125
1767173336.3062382,-8,-1,-126
1767173336.3162382,-4,-6,-121
1767173336.3262382,-4,0,-121
1767173336.336238,-11,6,-119
1767173336.346238,-11,3,-122
1767173336.356238,-8,3,-122
1767173336.366238,-8,5,-120
1767173336.376238,-5,4,-118
1767173336.386238,-4,-1,-125
1767173336.396238,-3,-3,-129
1767173336.406238,-6,-7,-122
1767173336.416238,-3,-7,-120
1767173336.426238,-3,-8,-121
1767173336.436238,-6,-8,-129
1767173336.446238,-7,-6,-133
1767173336.4562385,-5,-6,-137
1767173336.4662385,-2,-8,-138
1767173336.4762385,-2,-4,-140
1767173336.4862382,-1,-2,-137
1767173336.4962382,-3,1,-127
1767173336.5062382,-1,0,-127
1767173336.5162382,-2,-2,-132
1767173336.5262382,-1,-1,-131
1767173336.5362382,-3,0,-126
1767173336.5462382,-1,0,-126
1767173336.5562382,-1,0,-132
1767173336.5662382,-5,0,-130
1767173336.5762382,-6,0,-131
1767173336.586238,0,0,-125
1767173336.596238,0,0,-123
1767173336.606238,0,2,-120
1767173336.616238,-2,3,-121
1767173336.626238,-4,-1,-122
1767173336.636238,-3,-4,-121
1767173336.646238,-3,-1,-121
1767173336.656238,-2,-2,-118
1767173336.666238,-1,-1,-120
1767173336.676238,-1,0,-133
1767173336.686238,-2,0,-131
1767173336.696238,-3,-2,-134
1767173336.7062385,0,0,-133
1767173336.7162385,2,0,-131
1767173336.7262385,2,1,-128
1767173336.7362382,2,0,-130
1767173336.7462382,-1,2,-134
1767173336.7562382,-2,0,-135
1767173336.7662382,-1,-3,-136
1767173336.7762382,1,-7,-135
1767173336.7862382,0,-9,-133
1767173336.7962382,0,-6,-127
1767173336.8062382,0,-3,-125
1767173336.8162382,2,-2,-123
1767173336.8262382,3,-3,-119
1767173336.836238,4,2,-120
1767173336.846238,0,2,-125
1767173336.856238,-3,1,-130
1767173336.866238,-3,1,-132
1767173336.876238,-1,2,-129
1767173336.886238,-1,-1,-128
1767173336.896238,0,0,-126
1767173336.906238,-1,-2,-127
1767173336.916238,1,-1,-127
1767173336.926238,5,0,-122
1767173336.936238,4,0,-128
1767173336.946238,3,0,-127
1767173336.9562385,1,3,-126
1767173336.9662385,5,3,-127
1767173336.9762385,4,3,-119
1767173336.9862382,6,5,-119
1767173336.9962382,2,1,-120
1767173337.0062382,4,4,-116
1767173337.0162382,4,1,-125
1767173337.0262382,2,-3,-126
1767173337.0362382,-2,-3,-122
1767173337.0462382,-2,-4,-127
1767173337.0562382,-7,-1,-126
1767173337.0662382,-5,-1,-128
1767173337.0762382,-8,-5,-131
1767173337.086238,-3,-5,-128
1767173337.096238,-4,-5,-131
1767173337.106238,-5,-5,-129
1767173337.116238,-3,-7,-132
1767173337.126238,2,-6,-131
1767173337.136238,0,-4,-130
1767173337.146238,-1,-2,-127
1767173337.156238,4,3,-120
1767173337.166238,5,4,-119
1767173337.176238,3,4,-119
1767173337.186238,4,0,-126
1767173337.196238,0,-2,-121
1767173337.2062385,5,-8,-124
1767173337.2162385,2,-10,-125
1767173337.2262385,3,-10,-126
1767173337.2362382,5,-12,-131
1767173337.2462382,3,-13,-137
1767173337.2562382,3,-6,-138
1767173337.2662382,6,-4,-130
1767173337.2762382,4,0,-132
1767173337.2862382,5,4,-137
1767173337.2962382,5,6,-132
1767173337.3062382,0,2,-132
1767173337.3162382,1,2,-129
1767173337.3262382,-1,2,-129
1767173337.336238,0,0,-125
1767173337.346238,0,0,-130
1767173337.356238,4,0,-129
1767173337.366238,4,0,-128
1767173337.376238,-1,0,-121
1767173337.386238,-4,-4,-119
1767173337.396238,-3,-4,-120
1767173337.406238,0,-5,-124
1767173337.416238,-1,-2,-123
1767173337.426238,-2,0,-124
1767173337.436238,-2,0,-126
1767173337.446238,0,-1,-123
1767173337.4562385,0,-4,-125
1767173337.4662385,0,-2,-124
1767173337.4762385,1,-3,-126
1767173337.4862382,0,-6,-129
1767173337.4962382,2,-5,-125
1767173337.5062382,0,-4,-131
1767173337.5162382,-5,-4,-131
1767173337.5262382,-9,-8,-138
1767173337.5362382,-7,-1,-130
1767173337.5462382,-4,2,-125
1767173337.5562382,-4,1,-119
1767173337.5662382,-4,0,-117
1767173337.5762382,-4,0,-123
1767173337.586238,-1,2,-125
1767173337.596238,-6,2,-130
1767173337.606238,-7,0,-134
1767173337.616238,-2,0,-132
1767173337.626238,-4,0,-133
1767173337.636238,-6,0,-128
1767173337.646238,0,-2,-130
1767173337.656238,-4,3,-132
1767173337.666238,-4,7,-131
1767173337.676238,-2,7,-133
1767173337.686238,-1,8,-129
1767173337.696238,-2,12,-130
1767173337.7062385,-3,13,-129
1767173337.7162385,-8,8,-127
1767173337.7262385,-7,7,-132
1767173337.7362382,-8,3,-135
1767173337.7462382,-8,3,-135
1767173337.7562382,-9,4,-139
1767173337.7662382,-4,2,-132
1767173337.7762382,0,4,-126
1767173337.7862382,4,3,-129
1767173337.7962382,2,3,-131
1767173337.8062382,2,3,-130
1767173337.8162382,2,5,-123
1767173337.8262382,6,0,-119
1767173337.836238,1,1,-119
1767173337.846238,2,0,-122
1767173337.856238,3,-4,-128
1767173337.866238,1,-4,-134
1767173337.876238,0,-5,-131
1767173337.886238,0,1,-132
1767173337.896238,0,2,-130
1767173337.906238,3,1,-124
1767173337.916238,3,0,-123
1767173337.926238,3,-1,-123
1767173337.936238,1,-4,-126
1767173337.946238,4,-2,-129
1767173337.9562385,5,-1,-128
1767173337.9662385,2,-1,-129
1767173337.9762385,-2,-3,-127
1767173337.9862382,0,-2,-132
1767173337.9962382,-3,2,-134
1767173338.0062382,-7,5,-131
1767173338.0162382,-3,3,-133
1767173338.0262382,-7,3,-126
1767173338.0362382,-8,2,-125
1767173338.0462382,-4,1,-126
1767173338.0562382,-1,1,-123
1767173338.0662382,1,3,-124
1767173338.0762382,4,0,-123
1767173338.086238,5,0,-122
1767173338.096238,3,1,-119
1767173338.106238,3,0,-122
1767173338.116238,3,-5,-129
1767173338.126238,7,-4,-132
1767173338.136238,2,-7,-124
1767173338.146238,-4,-7,-122
1767173338.156238,-9,-3,-126
1767173338.166238,-8,-2,-130
1767173338.176238,-6,-4,-134
1767173338.186238,-5,-7,-138
1767173338.196238,-5,-8,-132
1767173338.2062385,-5,-5,-128
1767173338.2162385,-4,-6,-123
1767173338.2262385,-1,-2,-124
1767173338.2362382,-2,0,-129
1767173338.2462382,-1,0,-130
1767173338.2562382,-6,3,-137
1767173338.2662382,-4,0,-139
1767173338.2762382,-6,0,-139
1767173338.2862382,-4,0,-133
1767173338.2962382,-2,0,-126
1767173338.3062382,1,0,-123
1767173338.3162382,0,0,-122
1767173338.3262382,1,3,-121
1767173338.336238,0,0,-118
1767173338.346238,0,0,-127
1767173338.356238,-1,1,-129
1767173338.366238,0,0,-123
1767173338.376238,-2,-2,-121
1767173338.386238,-2,0,-126
1767173338.396238,-4,-3,-127
1767173338.406238,0,-5,-131
1767173338.416238,2,-7,-125
1767173338.4272382,-1,-4,-120
1767173338.4372382,-5,-3,-128
1767173338.4472382,-2,0,-129
1767173338.4572382,0,1,-122
1767173338.4672382,2,2,-117
1767173338.4772382,0,5,-122
1767173338.4872382,1,3,-126
1767173338.4972382,-1,1,-130
1767173338.507238,0,0,-128
1767173338.517238,0,-1,-126
1767173338.527238,-1,0,-121
1767173338.537238,0,1,-124
1767173338.547238,2,1,-126
1767173338.557238,3,0,-124
1767173338.567238,0,0,-116
1767173338.577238,-3,-1,-113
1767173338.587238,-3,-4,-107
1767173338.597238,-1,1,-111
1767173338.607238,0,2,-113
1767173338.617238,0,0,-114
1767173338.627238,4,1,-119
1767173338.6372385,1,1,-119
1767173338.6472385,0,4,-123
1767173338.6572382,-3,2,-122
1767173338.6672382,-5,4,-129
1767173338.6772382,-4,4,-136
1767173338.6872382,-1,4,-138
1767173338.6972382,0,1,-137
1767173338.7072382,-6,0,-136
1767173338.7172382,-1,0,-138
1767173338.7272382,-1,-3,-137
1767173338.7372382,0,-1,-140
1767173338.7472382,0,-3,-137
1767173338.757238,-4,-2,-132
1767173338.767238,-6,0,-134
1767173338.777238,-2,1,-130
1767173338.787238,0,6,-131
1767173338.797238,0,3,-132
1767173338.807238,-1,3,-128
1767173338.817238,4,7,-124
1767173338.827238,6,4,-122
1767173338.837238,5,5,-128
1767173338.847238,3,3,-135
1767173338.857238,-1,4,-132
1767173338.867238,-3,1,-130
1767173338.877238,0,1,-128
1767173338.8872385,2,4,-128
1767173338.8972385,0,3,-128
1767173338.9072382,2,2,-128
1767173338.9172382,1,1,-122
1767173338.9272382,-1,-5,-122
1767173338.9372382,-4,-2,-120
1767173338.9472382,0,-4,-107
1767173338.9572382,1,-4,-117
1767173338.9672382,1,0,-122
1767173338.9772382,3,1,-125
1767173338.9872382,2,0,-133
1767173338.9972382,4,-9,-135
1767173339.007238,5,-10,-132
1767173339.017238,4,-8,-129
1767173339.027238,5,-7,-124
1767173339.037238,-1,-7,-123
1767173339.047238,-1,0,-123
1767173339.057238,1,4,-128
1767173339.067238,3,4,-129
1767173339.077238,3,8,-125
1767173339.087238,4,4,-121
1767173339.097238,0,2,-122
1767173339.107238,0,3,-119
1767173339.117238,0,2,-117
1767173339.127238,3,1,-124
1767173339.1372385,0,0,-130
1767173339.1472385,-5,0,-129
1767173339.1572382,-1,0,-129
1767173339.1672382,-1,-1,-128
1767173339.1772382,1,0,-128
1767173339.1872382,1,0,-127
1767173339.1972382,2,0,-129
1767173339.2072382,0,-2,-128
1767173339.2172382,3,-4,-124
1767173339.2272382,1,-3,-124
1767173339.2372382,-4,-3,-125
1767173339.2472382,0,-6,-125
1767173339.257238,2,-2,-128
1767173339.267238,-1,-2,-123
1767173339.277238,1,-1,-124
1767173339.287238,0,-5,-125
1767173339.297238,0,-8,-127
1767173339.307238,0,-8,-122
1767173339.317238,-2,-6,-122
1767173339.327238,-4,-1,-122
1767173339.337238,-1,-3,-119
1767173339.347238,-1,-3,-125
1767173339.357238,-4,0,-122
1767173339.367238,0,3,-125
1767173339.377238,3,4,-125
1767173339.3872385,5,6,-128
1767173339.3972385,4,2,-124
1767173339.4072382,4,1,-118
1767173339.4172382,3,2,-121
1767173339.4272382,-3,3,-119
1767173339.4372382,-5,4,-123
1767173339.4472382,-2,5,-124
1767173339.4572382,-1,1,-126
1767173339.4672382,-4,1,-132
1767173339.4772382,-5,2,-141
1767173339.4872382,-3,1,-140
1767173339.4972382,-4,1,-136
1767173339.507238,-1,1,-133
1767173339.517238,-2,3,-131
1767173339.527238,0,5,-126
1767173339.537238,-3,6,-124
1767173339.547238,-4,4,-126
1767173339.557238,1,2,-126
1767173339.567238,4,4,-129
1767173339.577238,8,1,-128
1767173339.587238,10,-1,-127
1767173339.597238,11,0,-132
1767173339.607238,9,1,-127
1767173339.617238,5,4,-127
1767173339.627238,2,6,-119
1767173339.6372385,0,5,-121
1767173339.6472385,0,6,-118
1767173339.6572382,0,5,-119
1767173339.6672382,-1,8,-126
1767173339.6772382,4,5,-127
1767173339.6872382,0,4,-129
1767173339.6972382,-2,4,-130
1767173339.7072382,-5,5,-134
1767173339.7172382,-4,1,-130
1767173339.7272382,-8,-6,-129
1767173339.7372382,-7,-3,-132
1767173339.7472382,-6,-1,-136
1767173339.757238,-7,-1,-135
1767173339.767238,-5,-2,-131
1767173339.777238,-3,0,-128
1767173339.787238,-1,3,-130
1767173339.797238,0,1,-135
1767173339.807238,-3,2,-133
1767173339.817238,-5,2,-131
1767173339.827238,-4,0,-132
1767173339.837238,-7,4,-122
1767173339.847238,-8,3,-117
1767173339.857238,-10,7,-119
1767173339.867238,-11,7,-121
1767173339.877238,-5,3,-120
1767173339.8872385,-5,0,-124
1767173339.8972385,0,0,-129
1767173339.9072382,1,0,-128
1767173339.9172382,2,-1,-124
1767173339.9272382,3,0,-124
1767173339.9372382,2,0,-120
1767173339.9472382,0,5,-118
1767173339.9572382,1,3,-124
1767173339.9672382,-2,1,-126
1767173339.9772382,0,4,-125
1767173339.9872382,-1,4,-124
1767173339.9972382,-5,0,-128
1767173340.007238,-5,-2,-125
1767173340.017238,-3,-7,-128
1767173340.027238,-2,-6,-132
1767173340.037238,0,-6,-135
1767173340.047238,0,-4,-137
1767173340.057238,2,0,-131
1767173340.067238,1,-1,-136
1767173340.077238,-2,0,-137
1767173340.087238,-3,-2,-133
1767173340.097238,-1,-7,-128
1767173340.107238,2,-5,-114
1767173340.117238,6,-3,-115
1767173340.127238,4,-2,-125
1767173340.1372385,0,-2,-129
1767173340.1472385,-5,-1,-129
1767173340.1572382,-4,0,-126
1767173340.1672382,-7,0,-128
1767173340.1772382,-8,2,-133
1767173340.1872382,-4,0,-134
1767173340.1972382,-5,1,-132
1767173340.2072382,-4,1,-131
1767173340.2172382,-4,0,-126
1767173340.2272382,-3,0,-114
1767173340.2372382,-4,-3,-118
1767173340.2472382,-2,-1,-123
1767173340.257238,2,0,-132
1767173340.267238,3,3,-127
1767173340.277238,4,4,-130
1767173340.287238,2,6,-127
1767173340.297238,0,8,-130
1767173340.307238,-3,5,-130
1767173340.317238,-1,4,-134
1767173340.327238,1,3,-129
1767173340.337238,5,1,-126
1767173340.347238,3,0,-122
1767173340.357238,0,3,-127
1767173340.367238,-4,4,-127
1767173340.377238,-6,5,-129
1767173340.3872385,-3,4,-129
1767173340.3972385,-1,0,-128
1767173340.4072382,2,-1,-122
1767173340.4172382,6,0,-126
1767173340.4272382,9,-2,-131
1767173340.4372382,4,-2,-135
1767173340.4472382,6,-2,-140
1767173340.4572382,2,2,-151
1767173340.4672382,2,1,-141
1767173340.4772382,0,3,-139
1767173340.4872382,-1,2,-137
1767173340.4972382,-1,-1,-127
1767173340.507238,-1,0,-130
1767173340.517238,-1,-3,-136
1767173340.527238,0,-5,-139
1767173340.537238,-2,-3,-140
1767173340.547238,-2,-2,-137
1767173340.557238,-1,0,-134
1767173340.5792382,-5,-2,-129
1767173340.587238,-5,-2,-131
1767173340.597238,-5,-3,-122
1767173340.607238,-5,-2,-123
1767173340.617238,-7,0,-119
1767173340.627238,-8,-2,-126
1767173340.6372385,-9,-1,-132
1767173340.6472385,-8,-1,-134
1767173340.6572382,-7,-1,-130
1767173340.6672382,-9,-2,-131
1767173340.6772382,-11,-1,-129
1767173340.6872382,-7,-2,-132
1767173340.6972382,-10,-7,-137
1767173340.7072382,-11,-5,-132
1767173340.7172382,-13,-2,-124
1767173340.7272382,-14,1,-117
1767173340.7372382,-16,7,-118
1767173340.7472382,-13,5,-121
1767173340.757238,-11,6,-121
1767173340.767238,-6,0,-116
1767173340.777238,-8,0,-111
1767173340.787238,-6,-1,-104
1767173340.797238,-5,-3,-99
1767173340.807238,-5,2,-112
1767173340.817238,-2,4,-123
1767173340.827238,0,1,-134
1767173340.837238,2,-1,-136
1767173340.847238,6,-3,-134
1767173340.857238,5,-4,-129
1767173340.867238,0,-3,-129
1767173340.877238,-1,-1,-136
1767173340.8872385,-5,-4,-136
1767173340.8972385,-5,1,-134
1767173340.9072382,-3,2,-135
1767173340.9172382,0,1,-133
1767173340.9272382,-3,-3,-132
1767173340.9372382,-3,-5,-132
1767173340.9472382,0,0,-135
1767173340.9572382,0,0,-139
1767173340.9672382,1,-3,-141
1767173340.9772382,-3,-5,-138
1767173340.988238,-7,-1,-135
1767173340.9972382,-9,-2,-134
1767173341.007238,-9,-4,-132
1767173341.018238,-5,0,-133
1767173341.027238,-1,0,-129
1767173341.037238,0,1,-131
1767173341.048238,-4,1,-130
1767173341.0582385,-3,0,-130
1767173341.0682385,0,0,-123
1767173341.0782382,-2,-1,-122
1767173341.0882382,-3,-2,-125
1767173341.0982382,-3,-2,-128
1767173341.1082382,-3,-3,-131
1767173341.1182382,0,-4,-122
1767173341.1282382,5,-7,-123
1767173341.1382382,8,-6,-131
1767173341.1482382,12,-5,-136
1767173341.1582382,12,-6,-125
1767173341.1682382,1,-6,-120
1767173341.1782382,-3,-6,-116
1767173341.188238,-1,-5,-116
1767173341.198238,-6,-6,-116
1767173341.208238,-4,-5,-114
1767173341.218238,-3,-4,-111
1767173341.228238,-3,-6,-118
1767173341.238238,-4,-2,-118
1767173341.248238,-1,-2,-121
1767173341.258238,0,0,-124
1767173341.268238,-1,3,-122
1767173341.278238,-1,2,-118
1767173341.288238,0,4,-119
1767173341.298238,0,0,-116
1767173341.3082385,4,1,-115
1767173341.3182385,4,1,-123
1767173341.3282382,5,5,-127
1767173341.3382382,4,6,-123
1767173341.3482382,0,4,-126
1767173341.3582382,-4,2,-134
1767173341.3682382,-4,0,-130
1767173341.3782382,-6,0,-135
1767173341.3882382,-8,0,-132
1767173341.3982382,-8,-1,-131
1767173341.4082382,-4,-6,-129
1767173341.4182382,-5,-5,-131
1767173341.4282382,-3,-5,-137
1767173341.438238,-2,-4,-135
1767173341.448238,0,-3,-127
1767173341.458238,-2,-3,-123
1767173341.468238,-8,-2,-129
1767173341.478238,-3,0,-126
1767173341.488238,-2,-1,-122
1767173341.498238,0,-3,-118
1767173341.508238,-2,-7,-117
1767173341.518238,-1,-5,-116
1767173341.528238,-1,0,-117
1767173341.538238,-1,0,-121
1767173341.548238,-6,0,-125
1767173341.5582385,-5,-4,-130
1767173341.5682385,-4,-6,-126
1767173341.5782382,-6,-7,-126
1767173341.5882382,-5,-2,-125
1767173341.5982382,-9,-1,-129
1767173341.6082382,-9,-3,-123
1767173341.6182382,-7,-9,-115
1767173341.6282382,-5,-5,-116
1767173341.6382382,-4,-4,-116
1767173341.6482382,-3,-4,-119
1767173341.6582382,-5,-2,-129
1767173341.6682382,-6,-3,-133
1767173341.6782382,-7,-3,-137
1767173341.688238,-7,1,-139
1767173341.698238,-11,4,-136
1767173341.708238,-11,1,-133
1767173341.718238,-9,-2,-127
1767173341.728238,-7,1,-124
1767173341.738238,-10,2,-124
1767173341.748238,-4,2,-123
1767173341.758238,-3,1,-126
1767173341.768238,-1,-1,-125
1767173341.778238,-2,-3,-130
1767173341.788238,0,-7,-131
1767173341.798238,0,-4,-134
1767173341.8082385,-2,0,-132
1767173341.8182385,0,0,-135
1767173341.8282382,0,0,-132
1767173341.8382382,0,-3,-131
1767173341.8482382,0,-3,-127
1767173341.8582382,1,-4,-124
1767173341.8682382,2,-2,-128
1767173341.8782382,3,-1,-128
1767173341.8882382,0,0,-132
1767173341.8982382,2,-1,-130
1767173341.9082382,3,-2,-131
1767173341.9182382,0,-1,-134
1767173341.9282382,0,-2,-132
1767173341.938238,-3,-4,-127
1767173341.948238,-7,-3,-123
1767173341.958238,-6,0,-132
1767173341.968238,-8,0,-132
1767173341.978238,-7,-5,-131
1767173341.988238,-6,-5,-123
1767173341.998238,-5,-5,-121
1767173342.008238,-5,-7,-127
1767173342.018238,-3,-3,-129
1767173342.028238,-2,-2,-136
1767173342.038238,-6,0,-132
1767173342.048238,-4,2,-136
1767173342.0582385,-4,0,-134
1767173342.0682385,-6,0,-129
1767173342.0782382,-9,0,-125
1767173342.0882382,-11,2,-124
1767173342.0982382,-4,0,-126
1767173342.1082382,-5,1,-122
1767173342.1182382,-2,5,-120
1767173342.1282382,0,7,-120
1767173342.1382382,0,6,-119
1767173342.1482382,1,1,-118
1767173342.1582382,4,-4,-114
1767173342.1682382,4,-4,-117
1767173342.1782382,4,-1,-123
1767173342.188238,5,1,-120
1767173342.198238,3,0,-123
1767173342.208238,0,1,-128
1767173342.218238,-2,0,-128
1767173342.228238,1,-1,-125
1767173342.238238,3,0,-123
1767173342.248238,4,0,-123
1767173342.258238,0,0,-117
1767173342.268238,-4,0,-123
1767173342.278238,-5,0,-121
1767173342.288238,-5,1,-122
1767173342.298238,-4,-1,-122
1767173342.3082385,1,1,-116
1767173342.3182385,-1,0,-116
1767173342.3282382,-4,0,-118
1767173342.3382382,-2,0,-118
1767173342.3482382,2,0,-119
1767173342.3582382,0,-1,-125
1767173342.3682382,0,0,-127
1767173342.3782382,2,0,-125
1767173342.3882382,0,-2,-133
1767173342.3982382,-3,-1,-132
1767173342.4082382,0,0,-129
1767173342.4182382,-4,2,-129
1767173342.4282382,-6,4,-123
1767173342.438238,-4,4,-126
1767173342.448238,0,3,-125
1767173342.458238,0,0,-124
1767173342.468238,0,-2,-130
1767173342.478238,1,-3,-132
1767173342.488238,2,-4,-127
1767173342.498238,1,-5,-131
1767173342.508238,-1,-2,-136
1767173342.518238,-3,2,-141
1767173342.528238,0,0,-144
1767173342.538238,-2,1,-137
1767173342.548238,-3,3,-135
1767173342.5582385,-4,-3,-132
1767173342.5682385,0,-4,-130
1767173342.5782382,-2,-2,-127
1767173342.5882382,0,-4,-125
1767173342.5982382,-4,-1,-121
1767173342.6082382,0,2,-120
1767173342.6182382,1,0,-119
1767173342.6282382,4,0,-114
1767173342.6382382,2,5,-118
1767173342.6482382,0,-1,-124
1767173342.6582382,-3,0,-123
1767173342.6682382,-3,-1,-126
1767173342.6782382,-5,0,-132
1767173342.688238,-2,0,-131
1767173342.698238,-1,2,-132
1767173342.708238,0,2,-143
1767173342.718238,1,0,-142
1767173342.728238,0,0,-132
1767173342.738238,0,0,-121
1767173342.748238,-1,-1,-119
1767173342.758238,-1,1,-122
1767173342.768238,-2,-2,-127
1767173342.778238,-2,0,-126
1767173342.788238,-5,-4,-126
1767173342.798238,-8,-5,-128
1767173342.8082385,-3,-12,-129
1767173342.8182385,3,-13,-140
1767173342.8282382,-2,-12,-139
1767173342.8382382,-1,-11,-134
1767173342.8482382,0,-9,-132
1767173342.8582382,-3,-4,-127
1767173342.8682382,0,2,-124
1767173342.8782382,0,6,-123
1767173342.8882382,-3,4,-124
1767173342.8982382,-6,2,-125
1767173342.9082382,-4,0,-123
1767173342.9182382,-5,-1,-126
1767173342.9282382,-4,0,-125
1767173342.938238,-3,0,-127
1767173342.948238,-8,1,-126
1767173342.958238,0,0,-120
1767173342.968238,0,-1,-123
1767173342.978238,-5,0,-126
1767173342.988238,-3,0,-132
1767173342.998238,1,0,-136
1767173343.008238,0,0,-132
1767173343.018238,0,-4,-126
1767173343.028238,5,-11,-118
1767173343.038238,6,-12,-115
1767173343.048238,3,-6,-119
1767173343.0582385,4,-3,-120
1767173343.0682385,5,-3,-126
1767173343.0782382,3,-4,-132
1767173343.0882382,2,-3,-129
1767173343.0982382,1,-2,-133
1767173343.1082382,-2,-3,-132
1767173343.1182382,0,-1,-128
1767173343.1282382,1,0,-126
1767173343.1382382,0,0,-131
1767173343.1482382,-3,-2,-137
1767173343.1582382,-6,0,-135
1767173343.1682382,-9,-1,-137
1767173343.1782382,-6,-4,-134
1767173343.188238,-7,-2,-130
1767173343.198238,-12,0,-136
1767173343.208238,-11,-1,-131
1767173343.218238,-7,-4,-118
1767173343.228238,-6,-1,-116
1767173343.238238,-5,-4,-116
1767173343.248238,-7,-7,-125
1767173343.258238,-10,-3,-126
1767173343.268238,-7,0,-123
1767173343.278238,-2,0,-122
1767173343.288238,3,0,-122
1767173343.298238,3,-1,-120
1767173343.3082385,2,-2,-117
1767173343.3182385,6,0,-120
1767173343.3282382,4,0,-123
1767173343.3382382,1,0,-124
1767173343.3482382,4,-2,-123
1767173343.3582382,-2,0,-127
1767173343.3682382,-1,0,-131
1767173343.3782382,-2,1,-130
1767173343.3882382,-3,0,-130
1767173343.3982382,-3,1,-129
1767173343.4082382,-4,0,-127
1767173343.4182382,-2,0,-128
1767173343.4282382,0,-4,-136
1767173343.438238,1,-2,-134
1767173343.448238,0,-2,-128
1767173343.458238,0,-1,-131
1767173343.468238,2,-1,-132
1767173343.478238,4,-3,-137
1767173343.488238,6,-4,-134
1767173343.498238,7,-3,-130
1767173343.508238,6,-4,-127
1767173343.518238,0,-2,-126
1767173343.528238,-4,-3,-119
1767173343.538238,-1,-3,-114
1767173343.548238,0,-4,-116
1767173343.5582385,2,-2,-113
1767173343.5682385,5,0,-116
1767173343.5782382,3,-1,-112
1767173343.5882382,1,-4,-117
1767173343.5982382,-3,-2,-118
1767173343.6082382,-1,0,-128
1767173343.6182382,-3,2,-127
1767173343.6282382,-5,7,-131
1767173343.6382382,-5,5,-133
1767173343.649238,-5,3,-134
1767173343.6582382,-1,2,-133
1767173343.669238,1,-1,-134
1767173343.679238,2,0,-132
1767173343.689238,3,0,-134
1767173343.699238,0,-1,-131
1767173343.709238,2,-3,-124
1767173343.719238,4,-1,-125
1767173343.7292385,6,-3,-129
1767173343.7392385,3,-7,-125
1767173343.7492385,6,-4,-131
1767173343.7592382,5,-4,-132
1767173343.7692382,-1,-4,-133
1767173343.7792382,-5,0,-129
1767173343.7892382,-3,0,-129
1767173343.7992382,-3,5,-128
1767173343.8092382,-3,6,-127
1767173343.8192382,-3,6,-129
1767173343.8292382,-5,5,-133
1767173343.8392382,-4,3,-138
1767173343.8492382,0,-2,-135
1767173343.859238,2,1,-132
1767173343.869238,2,2,-129
1767173343.879238,0,-1,-131
1767173343.889238,0,-3,-133
1767173343.899238,-4,0,-134
1767173343.909238,-3,-1,-135
1767173343.919238,-3,-1,-128
1767173343.929238,0,0,-130
1767173343.939238,-1,1,-132
1767173343.949238,-1,-4,-135
1767173343.959238,-3,-3,-144
1767173343.969238,-4,-3,-143
1767173343.9792385,-6,-2,-140
1767173343.9892385,-6,0,-137
1767173343.9992385,-1,-2,-129
1767173344.0092382,-3,0,-130
1767173344.0192382,0,-1,-127
1767173344.0292382,4,3,-133
1767173344.0392382,3,3,-139
1767173344.0492382,3,0,-136
1767173344.0592382,2,-2,-135
1767173344.0692382,1,0,-136
1767173344.0792382,5,0,-135
1767173344.0892382,2,-2,-142
1767173344.0992382,0,-1,-137
1767173344.109238,0,0,-135
1767173344.119238,-3,-5,-134
1767173344.129238,-1,-6,-136
1767173344.139238,-8,-4,-137
1767173344.149238,-5,-5,-138
1767173344.159238,-3,1,-139
1767173344.169238,-6,5,-128
1767173344.179238,-11,2,-128
1767173344.189238,-1,3,-130
1767173344.199238,-1,0,-130
1767173344.209238,0,0,-126
1767173344.219238,-2,-1,-126
1767173344.2292385,-2,0,-127
1767173344.2392385,-2,4,-124
1767173344.2492385,-6,4,-120
1767173344.2592382,-6,4,-126
1767173344.2692382,-2,0,-120
1767173344.2792382,0,-2,-119
1767173344.2892382,1,-5,-128
1767173344.2992382,0,-3,-134
1767173344.3092382,2,-4,-135
1767173344.3192382,1,-4,-136
1767173344.3292382,-2,-5,-135
1767173344.3392382,-2,-4,-125
1767173344.3492382,10,-3,-123
1767173344.359238,7,-1,-122
1767173344.369238,5,-1,-124
1767173344.379238,8,-4,-126
1767173344.389238,8,-4,-124
1767173344.399238,8,-3,-124
1767173344.409238,12,-3,-121
1767173344.419238,7,-3,-119
1767173344.429238,2,-5,-121
1767173344.439238,0,-2,-121
1767173344.449238,-2,0,-124
1767173344.459238,-2,2,-132
1767173344.469238,-1,0,-131
1767173344.4792385,-6,-1,-132
1767173344.4892385,-5,-3,-132
1767173344.4992385,-2,-7,-130
1767173344.5092382,0,-7,-131
1767173344.5192382,1,-8,-129
1767173344.5292382,1,-8,-130
1767173344.5392382,-1,-6,-129
1767173344.5492382,2,-2,-129
1767173344.5592382,2,-1,-130
1767173344.5692382,6,1,-132
1767173344.5792382,4,1,-139
1767173344.5892382,5,6,-136
1767173344.5992382,2,5,-131
1767173344.609238,3,4,-125
1767173344.619238,0,3,-123
1767173344.629238,1,1,-124
1767173344.639238,4,0,-123
1767173344.649238,-1,0,-127
1767173344.659238,-4,2,-121
1767173344.669238,-6,6,-123
1767173344.679238,-8,4,-125
1767173344.689238,-10,3,-127
1767173344.699238,-5,0,-129
1767173344.709238,-2,-7,-134
1767173344.719238,-2,-9,-133
1767173344.7292385,2,-4,-133
1767173344.7392385,7,-3,-127
1767173344.7492385,12,1,-131
1767173344.7592382,5,2,-130
1767173344.7692382,2,5,-124
1767173344.7792382,-2,2,-124
1767173344.7892382,-8,0,-125
1767173344.7992382,-7,-1,-127
1767173344.8092382,-8,3,-131
1767173344.8192382,-5,3,-131
1767173344.8292382,-4,-1,-131
1767173344.8392382,0,-1,-137
1767173344.8492382,-3,-1,-136
1767173344.859238,-1,-3,-130
1767173344.869238,0,0,-128
1767173344.879238,0,2,-129
1767173344.889238,-3,-3,-129
1767173344.899238,-2,-5,-127
1767173344.909238,0,-3,-127
1767173344.919238,0,0,-128
1767173344.929238,1,-3,-125
1767173344.939238,0,-3,-121
1767173344.949238,1,-2,-125
1767173344.959238,0,-2,-129
1767173344.969238,1,-3,-130
1767173344.9792385,1,-4,-128
1767173344.9892385,3,-1,-129
1767173344.9992385,0,-2,-127
1767173345.0092382,-2,-1,-131
1767173345.0192382,-1,2,-131
1767173345.0292382,-3,0,-134
1767173345.0392382,-8,-1,-133
1767173345.0492382,-10,-2,-133
1767173345.0592382,-4,-3,-136
1767173345.0692382,-4,-2,-130
1767173345.0792382,-3,-1,-123
1767173345.0892382,0,-1,-130
1767173345.0992382,0,-4,-136
1767173345.109238,-1,-5,-135
1767173345.119238,-5,0,-131
1767173345.129238,-5,4,-132
1767173345.139238,-8,2,-126
1767173345.149238,-7,1,-126
1767173345.159238,-4,0,-129
1767173345.169238,-4,-4,-126
1767173345.179238,-1,-6,-125
1767173345.189238,0,-11,-123
1767173345.199238,-1,-7,-124
1767173345.209238,0,-5,-129
1767173345.219238,0,-6,-123
1767173345.2292385,0,-2,-123
1767173345.2392385,-2,-2,-123
1767173345.2492385,0,-4,-124
1767173345.2592382,0,-6,-126
1767173345.2692382,-2,-4,-126
1767173345.2792382,-8,-1,-124
1767173345.2892382,-9,-1,-126
1767173345.2992382,-7,0,-128
1767173345.3092382,-5,-3,-129
1767173345.3192382,-5,-4,-131
1767173345.3292382,-4,-7,-128
1767173345.3392382,-7,-7,-132
1767173345.3492382,-7,-6,-133
1767173345.359238,-9,-1,-136
1767173345.369238,-9,3,-136
1767173345.379238,-7,7,-135
1767173345.389238,0,6,-131
1767173345.399238,0,1,-129
1767173345.409238,-3,1,-124
1767173345.419238,-4,5,-127
1767173345.429238,0,6,-129
1767173345.439238,-1,6,-124
1767173345.449238,0,7,-123
1767173345.459238,0,5,-133
1767173345.469238,-7,4,-133
1767173345.4792385,-7,4,-131
1767173345.4892385,-6,4,-137
1767173345.4992385,-2,3,-138
1767173345.5092382,0,5,-144
1767173345.5192382,1,2,-139
1767173345.5292382,0,2,-138
1767173345.5392382,-3,0,-135
1767173345.5492382,0,2,-131
1767173345.5592382,5,4,-131
1767173345.5692382,0,0,-126
1767173345.5912385,0,2,-132
1767173345.5992382,-2,2,-129
1767173345.609238,-4,2,-131
1767173345.619238,-8,0,-131
1767173345.629238,-10,0,-128
1767173345.639238,-7,0,-131
1767173345.649238,-2,0,-129
1767173345.659238,-3,-3,-126
1767173345.669238,-5,-3,-121
1767173345.679238,-4,-5,-116
1767173345.689238,-1,-5,-115
1767173345.699238,-6,-5,-114
1767173345.709238,-6,-3,-111
1767173345.719238,-4,-3,-116
1767173345.7292385,-6,-1,-113
1767173345.7392385,-4,1,-114
1767173345.7492385,-4,0,-128
1767173345.7592382,5,-1,-130
1767173345.7692382,5,0,-133
1767173345.7792382,4,-3,-134
1767173345.7892382,2,-2,-140
1767173345.7992382,0,-3,-137
1767173345.8092382,0,-2,-133
1767173345.8192382,-1,-7,-137
1767173345.8292382,1,-8,-135
1767173345.8392382,-2,-10,-129
1767173345.8492382,-4,-8,-129
1767173345.859238,0,-5,-137
1767173345.869238,-4,-1,-138
1767173345.879238,-2,-2,-136
1767173345.889238,-5,-1,-138
1767173345.899238,-4,-2,-135
1767173345.909238,-3,0,-140
1767173345.919238,0,5,-135
1767173345.929238,-1,1,-130
1767173345.939238,0,2,-126
1767173345.949238,0,5,-121
1767173345.959238,1,5,-121
1767173345.969238,-2,3,-122
1767173345.9792385,-9,1,-124
1767173345.9892385,-9,3,-131
1767173345.9992385,-12,1,-130
1767173346.0092382,-13,1,-126
1767173346.0192382,-8,2,-119
1767173346.0292382,-6,5,-120
1767173346.0392382,-1,5,-121
1767173346.0492382,0,2,-123
1767173346.0592382,-2,3,-122
1767173346.0692382,-4,4,-121
1767173346.0792382,-2,2,-124
1767173346.0892382,0,1,-126
1767173346.0992382,0,4,-126
1767173346.109238,-1,0,-124
1767173346.119238,0,-1,-126
1767173346.129238,-2,-2,-125
1767173346.139238,-7,-1,-122
1767173346.149238,-4,0,-126
1767173346.159238,-5,-1,-123
1767173346.169238,-7,-1,-120
1767173346.179238,0,1,-115
1767173346.189238,0,0,-113
1767173346.199238,-2,2,-113
1767173346.209238,-2,1,-115
1767173346.219238,-3,-2,-116
1767173346.2292385,-10,-5,-120
1767173346.2392385,-9,-1,-115
1767173346.2492385,-6,1,-108
1767173346.2592382,-5,3,-114
1767173346.2692382,-6,6,-117
1767173346.2802382,-5,3,-115
1767173346.2892382,-5,2,-118
1767173346.300238,-4,1,-122
1767173346.3092382,-1,-1,-124
1767173346.320238,-3,-1,-125
1767173346.330238,-5,-5,-128
1767173346.340238,-4,-6,-128
1767173346.350238,-7,-6,-127
1767173346.359238,-5,-1,-134
1767173346.370238,-2,-1,-132
1767173346.380238,0,-1,-136
1767173346.390238,5,-1,-134
1767173346.400238,7,-1,-130
1767173346.4102385,10,0,-138
1767173346.4202385,6,-3,-148
1767173346.4302382,0,1,-146
1767173346.4402382,-1,3,-144
1767173346.4502382,2,2,-137
1767173346.4602382,0,-2,-136
1767173346.4702382,-6,3,-140
1767173346.4802382,-4,4,-138
1767173346.4902382,-4,0,-135
1767173346.5002382,-6,1,-132
1767173346.5102382,-5,2,-134
1767173346.5202382,-3,0,-128
1767173346.5302382,-4,-1,-128
1767173346.540238,-8,-3,-125
1767173346.550238,-2,-1,-128
1767173346.560238,0,-1,-135
1767173346.570238,3,0,-135
1767173346.580238,2,0,-134
1767173346.590238,0,0,-131
1767173346.600238,2,-5,-125
1767173346.610238,2,-5,-131
1767173346.620238,-2,-4,-130
1767173346.630238,0,-3,-133
1767173346.640238,2,-1,-124
1767173346.650238,3,-4,-123
1767173346.6602385,4,-3,-124
1767173346.6702385,3,0,-124
1767173346.6802382,3,-1,-127
1767173346.6902382,4,1,-124
1767173346.7002382,3,1,-128
1767173346.7102382,2,1,-129
1767173346.7202382,-3,2,-127
1767173346.7302382,-5,0,-130
1767173346.7402382,-1,1,-132
1767173346.7502382,-2,0,-126
1767173346.7602382,-4,-2,-126
1767173346.7702382,-5,1,-125
1767173346.7802382,0,1,-129
1767173346.790238,2,1,-126
1767173346.800238,1,6,-125
1767173346.810238,5,5,-125
1767173346.820238,4,4,-124
1767173346.830238,-2,6,-121
1767173346.840238,-3,5,-128
1767173346.850238,-2,4,-128
1767173346.860238,-4,1,-122
1767173346.870238,-7,2,-126
1767173346.880238,-5,3,-129
1767173346.890238,-1,2,-126
1767173346.900238,-2,-1,-126
1767173346.9102385,-3,-3,-128
1767173346.9202385,-1,-4,-132
1767173346.9302382,1,-1,-133
1767173346.9402382,2,-2,-129
1767173346.9502382,4,-4,-129
1767173346.9602382,0,-4,-132
1767173346.9702382,-2,-3,-128
1767173346.9802382,0,-2,-128
1767173346.9902382,-2,-1,-129
1767173347.0002382,0,0,-128
1767173347.0102382,-2,1,-134
1767173347.0202382,0,-1,-137
1767173347.0302382,0,0,-130
1767173347.040238,-4,1,-124
1767173347.050238,-4,2,-121
1767173347.060238,0,4,-119
1767173347.070238,5,6,-128
1767173347.080238,1,0,-129
1767173347.090238,0,-2,-132
1767173347.100238,0,-2,-131
1767173347.110238,0,-1,-125
1767173347.120238,-2,-2,-122
1767173347.130238,-4,-4,-125
1767173347.140238,-4,-1,-128
1767173347.150238,-3,0,-130
1767173347.1602385,-2,-5,-137
1767173347.1702385,0,-3,-137
1767173347.1802382,-3,-3,-135
1767173347.1902382,0,-6,-134
1767173347.2002382,0,-5,-134
1767173347.2102382,1,-4,-130
1767173347.2202382,-2,-6,-124
1767173347.2302382,-2,-4,-129
1767173347.2402382,-3,-3,-123
1767173347.2502382,-1,-5,-125
1767173347.2602382,-2,-8,-125
1767173347.2702382,-5,-6,-124
1767173347.2802382,0,-3,-121
1767173347.290238,2,-5,-125
1767173347.300238,0,-2,-123
1767173347.310238,1,-4,-125
1767173347.320238,1,-3,-129
1767173347.330238,0,-4,-132
1767173347.340238,-3,-3,-132
1767173347.350238,-2,-2,-131
1767173347.360238,-1,1,-134
1767173347.370238,-2,2,-130
1767173347.380238,0,0,-133
1767173347.390238,1,2,-131
1767173347.400238,1,2,-130
1767173347.4102385,4,-3,-126
1767173347.4202385,0,-5,-126
1767173347.4302382,0,-2,-126
1767173347.4402382,3,-2,-130
1767173347.4502382,0,0,-131
1767173347.4602382,-4,-1,-124
1767173347.4702382,-2,-4,-124
1767173347.4802382,-3,-5,-127
1767173347.4902382,1,-5,-140
1767173347.5002382,0,-9,-135
1767173347.5102382,0,-8,-131
1767173347.5202382,-2,-6,-124
1767173347.5302382,0,-5,-126
1767173347.540238,0,-3,-129
1767173347.550238,1,-4,-133
1767173347.560238,0,-2,-132
1767173347.570238,-4,-3,-128
1767173347.580238,-3,0,-134
1767173347.590238,-8,-1,-131
1767173347.600238,-7,-1,-128
1767173347.610238,-3,0,-127
1767173347.620238,-1,-2,-129
1767173347.630238,0,-2,-129
1767173347.640238,-3,0,-126
1767173347.650238,-2,1,-126
1767173347.6602385,-2,0,-122
1767173347.6702385,-6,0,-127
1767173347.6802382,-4,4,-128
1767173347.6902382,-2,3,-127
1767173347.7002382,1,1,-132
1767173347.7102382,10,-2,-125
1767173347.7202382,6,-2,-124
1767173347.7302382,6,-3,-123
1767173347.7402382,8,-3,-122
1767173347.7502382,7,1,-121
1767173347.7602382,6,3,-119
1767173347.7702382,3,4,-121
1767173347.7802382,3,3,-124
1767173347.790238,3,3,-124
1767173347.800238,0,4,-127
1767173347.810238,-3,4,-131
1767173347.820238,-2,4,-127
1767173347.830238,1,3,-128
1767173347.840238,1,0,-126
1767173347.850238,-1,-1,-129
1767173347.860238,0,0,-125
1767173347.870238,3,-2,-124
1767173347.880238,3,0,-125
1767173347.890238,3,3,-123
1767173347.900238,4,4,-121
1767173347.9102385,3,2,-117
1767173347.9202385,5,1,-122
1767173347.9302382,0,2,-125
1767173347.9402382,0,1,-126
1767173347.9502382,-2,0,-125
1767173347.9602382,0,0,-129
1767173347.9702382,-2,-2,-127
1767173347.9802382,-2,0,-125
1767173347.9902382,2,1,-127
1767173348.0002382,5,1,-132
1767173348.0102382,4,-1,-130
1767173348.0202382,5,-1,-129
1767173348.0302382,6,0,-124
1767173348.040238,8,0,-123
1767173348.050238,5,-3,-125
1767173348.060238,2,-5,-124
1767173348.070238,-1,-2,-130
1767173348.080238,-4,-3,-124
1767173348.090238,-5,-6,-125
1767173348.100238,-2,0,-126
1767173348.110238,-1,0,-123
1767173348.120238,3,0,-120
1767173348.130238,4,1,-114
1767173348.140238,4,-1,-116
1767173348.150238,4,-2,-112
1767173348.1602385,6,-2,-120
1767173348.1702385,6,0,-123
1767173348.1802382,3,1,-125
1767173348.1902382,-1,1,-131
1767173348.2002382,-3,0,-129
1767173348.2102382,-4,-1,-129
1767173348.2202382,-5,-4,-136
1767173348.2302382,-5,0,-129
1767173348.2402382,-6,-3,-131
1767173348.2502382,-5,-1,-129
1767173348.2602382,-5,2,-134
1767173348.2702382,-2,2,-137
1767173348.2802382,-5,3,-130
1767173348.290238,-5,-2,-134
1767173348.300238,-11,-4,-129
1767173348.310238,-12,0,-131
1767173348.320238,-9,-3,-127
1767173348.330238,-10,-1,-126
1767173348.340238,-8,-2,-124
1767173348.350238,-8,0,-121
1767173348.360238,-7,0,-122
1767173348.370238,-7,-2,-117
1767173348.380238,-9,-2,-113
1767173348.390238,-10,2,-116
1767173348.400238,-4,5,-122
1767173348.4102385,-1,1,-128
1767173348.4202385,-2,0,-130
1767173348.4302382,0,4,-130
1767173348.4402382,0,3,-128
1767173348.4502382,-5,0,-134
1767173348.4602382,-7,0,-127
1767173348.4702382,-6,-2,-126
1767173348.4802382,-6,-1,-136
1767173348.4902382,-5,-2,-132
1767173348.5002382,-6,-4,-129
1767173348.5102382,-3,-6,-125
1767173348.5202382,1,-9,-123
1767173348.5302382,-2,-12,-116
1767173348.540238,-1,-8,-120
1767173348.550238,1,-8,-121
1767173348.560238,3,-8,-116
1767173348.570238,3,-7,-124
1767173348.580238,6,-9,-123
1767173348.590238,4,-5,-122
1767173348.600238,0,0,-119
1767173348.610238,-5,-1,-119
1767173348.620238,0,-1,-120
1767173348.630238,2,-3,-122
1767173348.640238,-1,3,-123
1767173348.650238,-5,-1,-129
1767173348.6602385,-5,-3,-124
1767173348.6702385,-4,0,-124
1767173348.6802382,0,5,-119
1767173348.6902382,-2,0,-121
1767173348.7002382,-2,0,-120
1767173348.7102382,-3,2,-123
1767173348.7202382,-2,-1,-130
1767173348.7302382,-2,-1,-128
1767173348.7402382,-2,0,-127
1767173348.7502382,-1,-3,-131
1767173348.7602382,0,0,-133
1767173348.7702382,-1,-1,-130
1767173348.7802382,-2,-6,-128
1767173348.790238,-1,0,-128
1767173348.800238,-1,0,-131
1767173348.810238,-6,-2,-135
1767173348.820238,-4,-6,-133
1767173348.830238,-5,-4,-131
1767173348.840238,-4,-3,-127
1767173348.850238,-5,-4,-128
1767173348.860238,-4,-5,-131
1767173348.8712382,-4,0,-130
1767173348.8812382,-7,-1,-131
1767173348.8912382,-3,2,-132
1767173348.900238,-3,1,-136
1767173348.9102385,-6,0,-136
1767173348.9212382,-6,-1,-133
1767173348.9312382,-1,-5,-129
1767173348.9412382,-1,-4,-125
1767173348.9512382,-4,-6,-126
1767173348.9602382,-6,-2,-130
1767173348.971238,-8,-4,-129
1767173348.981238,-2,0,-124
1767173348.991238,1,0,-118
1767173349.001238,4,0,-117
1767173349.0102382,6,0,-120
1767173349.021238,6,-1,-120
1767173349.031238,10,1,-121
1767173349.041238,10,0,-113
1767173349.051238,6,0,-107
1767173349.060238,3,-3,-116
1767173349.071238,2,-2,-121
1767173349.0812385,0,-4,-119
1767173349.0912385,2,-6,-119
1767173349.1012385,0,-8,-124
1767173349.1112382,-1,-9,-117
1767173349.1212382,-1,-12,-116
1767173349.1312382,-1,-10,-125
1767173349.1412382,-2,-5,-129
1767173349.1512382,-4,-3,-131
1767173349.1612382,-8,-4,-134
1767173349.1712382,-5,0,-131
1767173349.1812382,-3,1,-133
1767173349.1912382,-3,0,-132
1767173349.2012382,0,-1,-139
1767173349.211238,0,-2,-141
1767173349.221238,-5,0,-141
1767173349.231238,-9,1,-143
1767173349.241238,-6,0,-140
1767173349.251238,-6,2,-139
1767173349.261238,0,1,-128
1767173349.271238,0,1,-123
1767173349.281238,0,3,-125
1767173349.291238,-1,1,-131
1767173349.301238,0,0,-132
1767173349.311238,1,0,-132
1767173349.321238,0,0,-125
1767173349.3312385,0,2,-127
1767173349.3412385,0,-1,-134
1767173349.3512385,-2,-3,-133
1767173349.3612382,0,0,-130
1767173349.3712382,2,0,-129
1767173349.3812382,0,0,-125
1767173349.3912382,1,-1,-119
1767173349.4012382,2,-3,-120
1767173349.4112382,0,0,-121
1767173349.4212382,3,0,-124
1767173349.4312382,3,-4,-126
1767173349.4412382,6,-1,-120
1767173349.4512382,3,-2,-129
1767173349.461238,0,0,-128
1767173349.471238,1,2,-126
1767173349.481238,2,-1,-128
1767173349.491238,0,1,-127
1767173349.501238,3,2,-131
1767173349.511238,0,1,-132
1767173349.521238,3,-2,-129
1767173349.531238,8,-5,-133
1767173349.541238,3,-5,-134
1767173349.551238,1,-9,-136
1767173349.561238,3,-7,-133
1767173349.571238,1,-7,-132
1767173349.5812385,4,-8,-133
1767173349.5912385,8,-10,-125
1767173349.6012385,1,-5,-127
1767173349.6112382,4,-1,-125
1767173349.6212382,1,1,-118
1767173349.6312382,-1,-3,-122
1767173349.6412382,2,-3,-119
1767173349.6512382,2,-7,-121
1767173349.6612382,2,-4,-114
1767173349.6712382,2,-2,-112
1767173349.6812382,-1,-2,-111
1767173349.6912382,0,-3,-113
1767173349.7012382,-2,-5,-118
1767173349.711238,-3,-9,-126
1767173349.721238,-2,-6,-125
1767173349.731238,-4,-6,-124
1767173349.741238,-1,-6,-126
1767173349.751238,0,-3,-132
1767173349.761238,-2,-7,-128
1767173349.771238,0,-6,-135
1767173349.781238,1,0,-133
1767173349.791238,0,-4,-134
1767173349.801238,1,-6,-132
1767173349.811238,4,-3,-127
1767173349.821238,7,-3,-126
1767173349.8312385,7,-5,-127
1767173349.8412385,5,-3,-127
1767173349.8512385,5,-6,-131
1767173349.8612382,0,-5,-133
1767173349.8712382,-7,-4,-132
1767173349.8812382,-4,0,-136
1767173349.8912382,-1,-1,-138
1767173349.9012382,-5,0,-136
1767173349.9112382,-7,5,-135
1767173349.9212382,-6,2,-127
1767173349.9312382,-1,-1,-126
1767173349.9412382,0,0,-127
1767173349.9512382,0,0,-129
1767173349.961238,2,2,-132
1767173349.971238,3,0,-127
1767173349.982238,2,1,-123
1767173349.991238,0,2,-118
1767173350.001238,-3,2,-120
1767173350.011238,0,3,-122
1767173350.021238,-2,2,-122
1767173350.031238,-4,8,-117
1767173350.041238,-4,4,-116
1767173350.051238,-2,-1,-122
1767173350.061238,-3,-5,-124
1767173350.071238,-2,-2,-127
1767173350.0812385,-2,0,-125
1767173350.0912385,-3,-2,-121
1767173350.1012385,-5,-4,-126
1767173350.1112382,-4,-2,-126
1767173350.1212382,0,-2,-129
1767173350.1312382,0,1,-127
1767173350.1412382,0,-1,-127
1767173350.1512382,1,-3,-132
1767173350.1612382,-4,0,-133
1767173350.1712382,-2,1,-138
1767173350.1812382,1,0,-129
1767173350.1912382,3,-1,-133
1767173350.2012382,3,-1,-135
1767173350.211238,4,-3,-138
1767173350.221238,11,0,-136
1767173350.231238,7,2,-128
1767173350.241238,2,0,-129
1767173350.251238,3,0,-129
1767173350.261238,2,-1,-132
1767173350.271238,4,-2,-132
1767173350.281238,2,1,-132
1767173350.291238,0,1,-128
1767173350.301238,1,-3,-132
1767173350.311238,0,-5,-127
1767173350.321238,0,0,-124
1767173350.3312385,2,-4,-125
1767173350.3412385,6,-9,-126
1767173350.3512385,2,-6,-130
1767173350.3612382,1,-7,-132
1767173350.3712382,-3,-7,-130
1767173350.3812382,-2,-4,-124
1767173350.3912382,0,-4,-125
1767173350.4012382,-1,-5,-129
1767173350.4112382,-5,-5,-131
1767173350.4212382,-5,-3,-135
1767173350.4312382,-6,-3,-129
1767173350.4412382,-6,-2,-128
1767173350.4512382,-1,-2,-123
1767173350.461238,-2,-1,-124
1767173350.471238,-4,-3,-124
1767173350.481238,-8,-3,-130
1767173350.491238,-5,-2,-130
1767173350.501238,-5,-4,-128
1767173350.511238,-4,-4,-131
1767173350.521238,-2,0,-134
1767173350.531238,-2,0,-137
1767173350.541238,-1,0,-140
1767173350.551238,-4,-1,-134
1767173350.561238,-4,0,-131
1767173350.571238,-7,-2,-125
1767173350.5812385,-3,-2,-121
1767173350.603238,-6,-9,-121
1767173350.6112382,-10,-9,-121
1767173350.6212382,-6,-7,-123
1767173350.6312382,-8,-3,-119
1767173350.6412382,-5,1,-117
1767173350.6512382,0,0,-107
1767173350.6612382,3,-2,-105
1767173350.6712382,0,-2,-109
1767173350.6812382,-2,-4,-111
1767173350.6912382,-4,-5,-117
1767173350.7012382,0,-7,-126
1767173350.711238,-1,-5,-129
1767173350.721238,0,-2,-134
1767173350.731238,2,0,-130
1767173350.741238,-1,0,-131
1767173350.751238,-1,1,-130
1767173350.761238,0,4,-127
1767173350.771238,-1,0,-122
1767173350.781238,2,-1,-123
1767173350.791238,1,-1,-123
1767173350.801238,-1,-5,-131
1767173350.811238,1,-10,-133
1767173350.821238,2,-11,-134
1767173350.8312385,2,-9,-131
1767173350.8412385,4,-9,-130
1767173350.8512385,1,-9,-136
1767173350.8612382,3,-6,-132
1767173350.8712382,3,-6,-126
1767173350.8812382,1,-2,-118
1767173350.8912382,3,-2,-121
1767173350.9012382,5,-2,-121
1767173350.9112382,9,0,-124
1767173350.9212382,7,0,-132
1767173350.9312382,4,2,-131
1767173350.9412382,3,-1,-128
1767173350.9512382,2,-2,-129
1767173350.961238,2,-1,-133
1767173350.971238,3,-1,-133
1767173350.981238,5,0,-124
1767173350.991238,5,-2,-125
1767173351.001238,3,-4,-126
1767173351.011238,2,-3,-128
1767173351.021238,0,-3,-129
1767173351.031238,4,-3,-130
1767173351.041238,-1,-4,-128
1767173351.051238,-4,-2,-127
1767173351.061238,0,-6,-130
1767173351.071238,-2,-8,-124
1767173351.0812385,-4,-8,-126
1767173351.0912385,0,-6,-132
1767173351.1012385,-1,-5,-132
1767173351.1112382,0,-4,-125
1767173351.1212382,-2,-1,-125
1767173351.1312382,-4,1,-128
1767173351.1412382,-3,1,-129
1767173351.1512382,-4,-2,-129
1767173351.1612382,-7,-7,-136
1767173351.1712382,-7,-7,-136
1767173351.1812382,-3,-11,-135
1767173351.1912382,-4,-10,-129
1767173351.2012382,-8,-10,-126
1767173351.211238,-7,-7,-127
1767173351.221238,-3,-8,-131
1767173351.231238,-4,-7,-135
1767173351.241238,0,-3,-134
1767173351.251238,-3,0,-128
1767173351.261238,-5,-3,-121
1767173351.271238,-2,-3,-114
1767173351.281238,-2,-2,-119
1767173351.291238,2,-2,-123
1767173351.301238,-1,-2,-123
1767173351.311238,-7,-5,-123
1767173351.321238,-5,-4,-126
1767173351.3312385,3,-3,-129
1767173351.3412385,6,0,-128
1767173351.3512385,6,0,-131
1767173351.3612382,3,-4,-138
1767173351.3712382,1,-7,-136
1767173351.3812382,0,-8,-133
1767173351.3912382,-1,-8,-134
1767173351.4012382,1,-9,-127
1767173351.4112382,4,-9,-132
1767173351.4212382,5,-5,-128
1767173351.4312382,7,-4,-121
1767173351.4412382,9,-1,-122
1767173351.4512382,9,0,-120
1767173351.461238,7,2,-121
1767173351.472238,4,2,-116
1767173351.481238,2,2,-114
1767173351.491238,0,1,-120
1767173351.501238,-5,1,-125
1767173351.511238,-6,1,-122
1767173351.5222385,-2,0,-121
1767173351.531238,-6,-3,-128
1767173351.5422382,-7,-4,-132
1767173351.5522382,-8,-1,-134
1767173351.561238,-7,0,-132
1767173351.5722382,-7,0,-133
1767173351.5822382,-6,0,-139
1767173351.5922382,-2,-3,-136
1767173351.6022382,-6,1,-129
1767173351.6122382,-1,2,-136
1767173351.6222382,-1,6,-132
1767173351.632238,-9,1,-130
1767173351.642238,-8,-2,-129
1767173351.652238,-5,-4,-127
1767173351.662238,-5,-5,-134
1767173351.672238,-6,-3,-129
1767173351.682238,-10,-5,-128
1767173351.692238,-14,-4,-123
1767173351.702238,-13,-1,-125
1767173351.712238,-13,-1,-123
1767173351.722238,-8,1,-128
1767173351.732238,-6,-1,-124
1767173351.742238,-1,-8,-123
1767173351.752238,1,-6,-119
1767173351.7622385,-1,-6,-123
1767173351.7722385,-1,-2,-123
1767173351.7822382,0,4,-129
1767173351.7922382,0,6,-125
1767173351.8022382,0,3,-128
1767173351.8122382,0,-2,-128
1767173351.8222382,-1,-2,-126
1767173351.8322382,-4,-1,-118
1767173351.8422382,-5,-2,-125
1767173351.8522382,-4,-1,-133
1767173351.8622382,0,-2,-130
1767173351.8722382,2,-2,-135
1767173351.882238,2,0,-136
1767173351.892238,0,0,-138
1767173351.902238,2,-1,-135
1767173351.912238,7,0,-131
1767173351.922238,4,2,-131
1767173351.932238,1,0,-128
1767173351.942238,3,-3,-132
1767173351.952238,1,0,-132
1767173351.962238,2,3,-126
1767173351.972238,0,4,-130
1767173351.982238,2,0,-132
1767173351.992238,0,0,-133
1767173352.002238,1,0,-134
1767173352.0122385,1,1,-128
1767173352.0222385,4,4,-124
1767173352.0322382,4,8,-123
1767173352.0422382,3,7,-127
1767173352.0522382,0,6,-132
1767173352.0622382,0,8,-137
1767173352.0722382,-2,6,-137
1767173352.0822382,-2,8,-137
1767173352.0922382,-2,4,-140
1767173352.1022382,0,3,-136
1767173352.1122382,1,5,-131
1767173352.1222382,2,3,-131
1767173352.132238,2,0,-131
1767173352.142238,3,0,-134
1767173352.152238,4,-2,-128
1767173352.162238,4,-2,-120
1767173352.172238,0,-4,-118
1767173352.182238,0,-2,-121
1767173352.192238,-1,-1,-121
1767173352.202238,-3,-2,-118
1767173352.212238,-2,-2,-120
1767173352.222238,4,-2,-123
1767173352.232238,5,-2,-122
1767173352.242238,4,0,-112
1767173352.252238,2,1,-111
1767173352.2622385,2,2,-115
1767173352.2722385,4,0,-122
1767173352.2822382,0,0,-128
1767173352.2922382,0,0,-124
1767173352.3022382,0,0,-121
1767173352.3122382,1,-1,-119
1767173352.3222382,-1,0,-120
1767173352.3322382,3,-1,-122
1767173352.3422382,3,1,-128
1767173352.3522382,6,2,-134
1767173352.3622382,5,-1,-131
1767173352.3722382,1,1,-132
1767173352.382238,6,0,-130
1767173352.392238,8,-4,-128
1767173352.402238,7,-4,-122
1767173352.412238,4,0,-129
1767173352.422238,3,-1,-140
1767173352.432238,7,-8,-139
1767173352.442238,2,-8,-128
1767173352.452238,3,-8,-123
1767173352.462238,1,-3,-130
1767173352.472238,0,-2,-131
1767173352.482238,0,-5,-137
1767173352.492238,-4,-3,-138
1767173352.502238,-8,-1,-139
1767173352.5122385,-11,-2,-135
1767173352.5222385,-5,-4,-131
1767173352.5322382,0,-1,-131
1767173352.5422382,1,-1,-137
1767173352.5522382,8,-1,-133
1767173352.5622382,9,3,-132
1767173352.5722382,5,5,-134
1767173352.5822382,2,4,-134
1767173352.5922382,0,4,-126
1767173352.6022382,0,5,-129
1767173352.6122382,-1,0,-125
1767173352.6222382,-2,-1,-122
1767173352.632238,-3,-2,-123
1767173352.642238,0,-7,-125
1767173352.652238,0,-12,-131
1767173352.662238,2,-8,-129
1767173352.672238,-1,-9,-124
1767173352.682238,0,-11,-123
1767173352.692238,3,-12,-122
1767173352.702238,5,-10,-121
1767173352.712238,7,-7,-123
1767173352.722238,1,-4,-127
1767173352.732238,0,-5,-129
1767173352.742238,4,-9,-126
1767173352.752238,2,-7,-118
1767173352.7622385,2,-9,-116
1767173352.7722385,3,-5,-118
1767173352.7822382,3,-8,-112
1767173352.7922382,0,-5,-114
1767173352.8022382,0,0,-111
1767173352.8122382,-1,-1,-113
1767173352.8222382,-1,-5,-114
1767173352.8322382,3,0,-116
1767173352.8422382,4,5,-123
1767173352.8522382,2,3,-124
1767173352.8622382,1,4,-127
1767173352.8722382,1,3,-113
1767173352.882238,1,2,-115
1767173352.892238,0,0,-122
1767173352.902238,4,-4,-121
1767173352.912238,1,-3,-122
1767173352.922238,-3,-2,-117
1767173352.932238,-2,0,-128
1767173352.942238,-2,0,-128
1767173352.952238,1,-4,-125
1767173352.962238,-2,-6,-128
1767173352.972238,-3,-4,-132
1767173352.982238,-4,-2,-126
1767173352.992238,-9,-2,-128
1767173353.002238,-9,-3,-129
1767173353.0122385,-12,-1,-130
1767173353.0222385,-12,2,-127
1767173353.0322382,-9,2,-129
1767173353.0422382,-6,0,-128
1767173353.0522382,-5,1,-122
1767173353.0622382,-6,2,-113
1767173353.0722382,-2,1,-115
1767173353.0822382,-5,1,-118
1767173353.0922382,-1,5,-116
1767173353.1022382,-1,1,-112
1767173353.1122382,0,1,-122
1767173353.1222382,-1,5,-129
1767173353.132238,-2,0,-126
1767173353.142238,1,-1,-129
1767173353.152238,2,0,-125
1767173353.162238,1,-3,-129
1767173353.172238,1,-4,-131
1767173353.182238,2,-6,-129
1767173353.192238,4,-6,-124
1767173353.202238,4,-4,-127
1767173353.212238,2,-5,-129
1767173353.222238,-3,-2,-126
1767173353.232238,-4,-4,-126
1767173353.242238,0,-5,-129
1767173353.252238,0,-7,-126
1767173353.2622385,0,-5,-127
1767173353.2722385,0,-6,-134
1767173353.2822382,0,-8,-134
1767173353.2922382,1,-8,-133
1767173353.3022382,0,-3,-132
1767173353.3122382,0,-3,-130
1767173353.3222382,-1,-3,-128
1767173353.3322382,0,-8,-127
1767173353.3422382,2,-7,-129
1767173353.3522382,2,-8,-128
1767173353.3622382,0,-10,-125
1767173353.3722382,-1,-6,-129
1767173353.382238,0,-3,-131
1767173353.392238,4,-4,-128
1767173353.402238,5,-2,-128
1767173353.412238,7,-4,-128
1767173353.422238,7,-3,-122
1767173353.432238,5,0,-119
1767173353.442238,4,4,-122
1767173353.452238,0,4,-130
1767173353.462238,2,4,-133
1767173353.472238,0,0,-133
1767173353.482238,-2,-1,-128
1767173353.492238,-2,0,-126
1767173353.502238,-1,2,-124
1767173353.5122385,-4,1,-121
1767173353.5222385,0,1,-120
1767173353.5322382,-2,3,-122
1767173353.5422382,1,0,-122
1767173353.5522382,0,1,-125
1767173353.5622382,-1,3,-128
1767173353.5722382,-4,3,-130
1767173353.5822382,0,2,-135
1767173353.5922382,1,3,-131
1767173353.6022382,3,4,-132
1767173353.6122382,8,5,-127
1767173353.6222382,6,3,-123
1767173353.632238,5,3,-130
1767173353.642238,4,2,-130
1767173353.652238,2,2,-134
1767173353.662238,1,0,-135
1767173353.672238,4,3,-136
1767173353.682238,1,2,-137
1767173353.692238,2,-3,-140
1767173353.702238,6,-4,-140
1767173353.712238,1,-4,-142
1767173353.722238,0,-4,-138
1767173353.732238,-4,-2,-129
1767173353.742238,-4,-2,-124
1767173353.752238,-2,-1,-125
1767173353.7622385,0,2,-129
1767173353.7722385,1,-1,-129
1767173353.7822382,4,0,-124
1767173353.7922382,0,-1,-126
1767173353.8022382,-8,-2,-130
1767173353.8122382,-9,0,-131
1767173353.8222382,-9,0,-131
1767173353.8322382,-14,1,-132
1767173353.8422382,-5,-1,-132
1767173353.8522382,-8,-1,-128
1767173353.8622382,-8,0,-126
1767173353.8722382,-9,0,-122
1767173353.882238,-5,1,-127
1767173353.892238,-7,2,-121
1767173353.902238,-7,6,-122
1767173353.912238,-4,5,-121
1767173353.922238,-5,6,-123
1767173353.932238,-3,4,-130
1767173353.942238,1,4,-134
1767173353.952238,2,4,-128
1767173353.962238,4,1,-124
1767173353.972238,3,-2,-130
1767173353.982238,2,-1,-133
1767173353.992238,-1,4,-127
1767173354.002238,-1,2,-124
1767173354.0122385,0,-5,-125
1767173354.0222385,-1,-6,-115
1767173354.0322382,-1,-8,-122
1767173354.0422382,1,-5,-115
1767173354.0522382,3,-5,-110
1767173354.0622382,3,-1,-113
1767173354.0722382,2,3,-112
1767173354.083238,-2,3,-113
1767173354.0922382,0,3,-119
1767173354.103238,0,4,-124
1767173354.1122382,1,2,-130
1767173354.1222382,2,0,-137
1767173354.132238,-2,1,-142
1767173354.142238,-6,-3,-140
1767173354.152238,-8,-6,-138
1767173354.162238,-5,-1,-136
1767173354.172238,-7,-8,-134
1767173354.1832385,-8,-9,-133
1767173354.1932385,-12,-7,-129
1767173354.2032382,-13,-2,-133
1767173354.2132382,-11,-6,-131
1767173354.2232382,-6,-3,-135
1767173354.2332382,0,-3,-130
1767173354.2432382,-2,0,-124
1767173354.2532382,1,3,-125
1767173354.2632382,3,2,-129
1767173354.2732382,3,0,-125
1767173354.2832382,4,1,-125
1767173354.2932382,5,0,-124
1767173354.3032382,4,-1,-120
1767173354.313238,5,-3,-116
1767173354.323238,2,-1,-116
1767173354.333238,5,-3,-114
1767173354.343238,3,0,-117
1767173354.353238,0,-2,-121
1767173354.363238,0,-4,-119
1767173354.373238,3,-1,-117
1767173354.383238,0,1,-125
1767173354.393238,0,1,-128
1767173354.403238,0,2,-125
1767173354.413238,5,-1,-126
1767173354.423238,4,1,-126
1767173354.4332385,1,0,-133
1767173354.4432385,1,2,-139
1767173354.4532382,4,5,-137
1767173354.4632382,6,5,-137
1767173354.4732382,2,5,-127
1767173354.4832382,3,11,-127
1767173354.4932382,1,6,-124
1767173354.5032382,0,2,-123
1767173354.5132382,2,0,-124
1767173354.5232382,5,-4,-126
1767173354.5332382,5,-1,-136
1767173354.5432382,1,-3,-133
1767173354.5532382,0,-5,-139
1767173354.563238,-2,0,-142
1767173354.573238,1,0,-139
1767173354.583238,-2,-3,-135
1767173354.593238,0,-9,-124
1767173354.603238,-1,-5,-117
1767173354.613238,0,-5,-117
1767173354.623238,-3,-8,-119
1767173354.633238,-3,-9,-120
1767173354.643238,-4,-7,-120
1767173354.653238,-6,-7,-123
1767173354.663238,-7,-3,-121
1767173354.673238,-7,-3,-120
1767173354.6832385,-8,-2,-118
1767173354.6932385,-3,-3,-114
1767173354.7032382,-2,-1,-118
1767173354.7132382,-3,0,-121
1767173354.7232382,-2,-1,-122
1767173354.7332382,0,-2,-126
1767173354.7432382,0,-1,-136
1767173354.7532382,0,-1,-139
1767173354.7632382,0,-2,-135
1767173354.7732382,-2,0,-136
1767173354.7832382,0,0,-129
1767173354.7932382,0,-4,-129
1767173354.8032382,-4,-5,-128
1767173354.813238,-2,-5,-127
1767173354.823238,0,-6,-119
1767173354.833238,-2,-3,-124
1767173354.843238,-2,-2,-128
1767173354.853238,0,-2,-127
1767173354.863238,-2,0,-129
1767173354.873238,-1,2,-130
1767173354.883238,-1,3,-125
1767173354.893238,-4,0,-115
1767173354.903238,-2,-3,-121
1767173354.913238,-3,-3,-123
1767173354.923238,-4,-4,-126
1767173354.9332385,-1,-4,-121
1767173354.9432385,-2,-3,-120
1767173354.9532382,2,-4,-123
1767173354.9632382,1,-6,-119
1767173354.9732382,3,-7,-126
1767173354.9832382,-2,-5,-128
1767173354.9932382,-5,-4,-133
1767173355.0032382,-1,-6,-137
1767173355.0132382,4,-10,-139
1767173355.0232382,4,-7,-143
1767173355.0332382,4,-9,-140
1767173355.0432382,5,-8,-139
1767173355.0532382,2,-8,-135
1767173355.063238,1,-8,-130
1767173355.073238,2,-9,-128
1767173355.083238,0,-7,-125
1767173355.093238,0,-6,-118
1767173355.103238,-2,-5,-120
1767173355.113238,0,-2,-122
1767173355.123238,2,-2,-130
1767173355.133238,4,-1,-126
1767173355.143238,0,-2,-125
1767173355.153238,-1,-2,-123
1767173355.163238,0,-1,-125
1767173355.173238,3,1,-123
1767173355.1832385,3,4,-125
1767173355.1932385,2,2,-131
1767173355.2032382,0,-1,-130
1767173355.2132382,1,0,-127
1767173355.2232382,6,0,-133
1767173355.2332382,5,0,-131
1767173355.2432382,1,3,-127
1767173355.2532382,0,1,-123
1767173355.2632382,1,0,-121
1767173355.2732382,5,2,-121
1767173355.2832382,5,0,-121
1767173355.2932382,2,2,-121
1767173355.3032382,1,0,-126
1767173355.313238,4,-2,-126
1767173355.323238,5,0,-125
1767173355.333238,3,4,-133
1767173355.343238,4,0,-131
1767173355.353238,3,1,-131
1767173355.363238,4,3,-127
1767173355.373238,11,0,-126
1767173355.383238,10,-1,-126
1767173355.393238,8,-4,-131
1767173355.403238,3,-5,-123
1767173355.413238,2,-7,-122
1767173355.423238,5,-6,-117
1767173355.4332385,1,-4,-118
1767173355.4432385,1,-4,-122
1767173355.4532382,2,-5,-123
1767173355.4632382,0,-8,-129
1767173355.4732382,0,-9,-133
1767173355.4832382,4,-9,-137
1767173355.4932382,8,-5,-133
1767173355.5032382,4,-2,-130
1767173355.5132382,1,0,-134
1767173355.5232382,-4,0,-135
1767173355.5332382,-3,0,-130
1767173355.5432382,0,0,-127
1767173355.5532382,-1,1,-128
1767173355.563238,-2,4,-125
1767173355.573238,-2,5,-124
1767173355.583238,-2,0,-122
1767173355.593238,2,1,-119
1767173355.6152382,4,4,-128
1767173355.623238,-2,4,-127
1767173355.633238,-2,2,-129
1767173355.643238,-1,0,-129
1767173355.653238,-3,0,-133
1767173355.663238,-2,-6,-138
1767173355.673238,-2,-8,-139
1767173355.6832385,2,-4,-140
1767173355.6932385,4,-6,-130
1767173355.7032382,4,-6,-136
1767173355.7132382,3,-6,-141
1767173355.7232382,2,-6,-137
1767173355.7332382,0,-8,-135
1767173355.7432382,0,-7,-141
1767173355.7532382,1,-4,-137
1767173355.7632382,2,-4,-134
1767173355.7732382,0,0,-132
1767173355.7832382,-2,5,-133
1767173355.7932382,0,3,-130
1767173355.8032382,-2,3,-133
1767173355.813238,-5,1,-133
1767173355.823238,-4,1,-131
1767173355.833238,-3,0,-129
1767173355.843238,-3,-1,-132
1767173355.853238,-2,-1,-127
1767173355.863238,2,-4,-126
1767173355.873238,1,-3,-127
1767173355.883238,4,-2,-129
1767173355.893238,5,0,-124
1767173355.903238,7,2,-118
1767173355.913238,8,2,-115
1767173355.923238,8,-1,-115
1767173355.9332385,2,-1,-113
1767173355.9432385,-1,-4,-120
1767173355.9532382,-6,-5,-121
1767173355.9632382,-3,-2,-125
1767173355.9732382,-9,-5,-127
1767173355.9832382,-5,-2,-126
1767173355.9932382,-3,-4,-127
1767173356.0032382,-5,0,-128
1767173356.0132382,-5,0,-130
1767173356.0232382,-1,-1,-130
1767173356.0332382,0,-3,-124
1767173356.0432382,2,-7,-122
1767173356.0532382,0,-8,-122
1767173356.063238,-2,-5,-128
1767173356.073238,0,-10,-129
1767173356.083238,-6,-11,-120
1767173356.093238,-5,-5,-128
1767173356.103238,-3,-3,-138
1767173356.113238,-3,-2,-144
1767173356.123238,-2,-5,-146
1767173356.133238,-2,-4,-144
1767173356.143238,0,-6,-141
1767173356.153238,-1,-8,-137
1767173356.163238,0,-8,-133
1767173356.173238,5,-9,-137
1767173356.1832385,7,-9,-131
1767173356.1932385,7,-11,-131
1767173356.2032382,7,-11,-133
1767173356.2132382,4,-10,-136
1767173356.2232382,6,-9,-134
1767173356.2332382,7,-5,-130
1767173356.2432382,2,-4,-134
1767173356.2532382,-1,-3,-132
1767173356.2632382,1,-5,-133
1767173356.2732382,0,-8,-134
1767173356.2832382,-1,-3,-130
1767173356.2932382,-2,-3,-123
1767173356.3032382,-8,-2,-124
1767173356.313238,-11,1,-120
1767173356.323238,-8,4,-121
1767173356.333238,-4,0,-126
1767173356.343238,0,-1,-135
1767173356.353238,0,-4,-135
1767173356.363238,0,-7,-133
1767173356.373238,0,-6,-128
1767173356.383238,-1,-3,-121
1767173356.393238,0,0,-124
1767173356.403238,0,0,-124
1767173356.413238,0,1,-118
1767173356.423238,0,-2,-125
1767173356.4332385,-1,0,-129
1767173356.4432385,-5,0,-134
1767173356.4532382,-5,-1,-135
1767173356.4632382,0,-2,-134
1767173356.4732382,-2,-4,-135
1767173356.4832382,-1,-2,-130
1767173356.4932382,-4,0,-127
1767173356.5032382,-2,5,-130
1767173356.5132382,-1,7,-129
1767173356.5232382,2,6,-130
1767173356.5332382,-1,7,-123
1767173356.5432382,-7,5,-120
1767173356.5532382,-8,6,-120
1767173356.563238,-8,2,-123
1767173356.573238,-6,5,-120
1767173356.583238,-2,5,-125
1767173356.593238,1,4,-130
1767173356.603238,0,4,-134
1767173356.613238,2,4,-138
1767173356.623238,3,4,-135
1767173356.633238,0,2,-134
1767173356.643238,-5,0,-134
1767173356.653238,-6,-1,-132
1767173356.663238,-6,0,-130
1767173356.673238,-3,-1,-127
1767173356.6832385,-1,-4,-125
1767173356.6932385,-2,-3,-130
1767173356.7032382,3,-1,-133
1767173356.7132382,2,3,-133
1767173356.7232382,-1,3,-130
1767173356.7332382,-2,0,-135
1767173356.744238,-1,0,-144
1767173356.7532382,1,1,-144
1767173356.7632382,0,2,-137
1767173356.774238,-4,-4,-133
1767173356.784238,-5,-4,-131
1767173356.794238,-9,-2,-127
1767173356.804238,-10,1,-123
1767173356.814238,-3,0,-115
1767173356.824238,2,0,-116
1767173356.834238,7,-2,-124
1767173356.844238,7,-4,-123
1767173356.8542385,6,-10,-132
1767173356.8642385,3,-10,-135
1767173356.8742385,1,-5,-135
1767173356.8842382,1,-4,-137
1767173356.8942382,0,-5,-141
1767173356.9042382,-3,-6,-136
1767173356.9142382,-1,-1,-137
1767173356.9242382,-2,-1,-135
1767173356.9342382,-3,-2,-133
1767173356.9442382,-1,0,-132
1767173356.9542382,-1,0,-125
1767173356.9642382,-1,0,-128
1767173356.9742382,-1,-3,-127
1767173356.984238,-1,-1,-123
1767173356.994238,2,0,-121
1767173357.004238,7,0,-119
1767173357.014238,4,1,-126
1767173357.024238,0,1,-132
1767173357.034238,-4,0,-135
1767173357.044238,-4,1,-136
1767173357.054238,-4,4,-135
1767173357.064238,-4,0,-127
1767173357.074238,2,4,-128
1767173357.084238,5,6,-127
1767173357.094238,3,7,-123
1767173357.1042385,1,7,-125
1767173357.1142385,0,3,-120
1767173357.1242385,-1,1,-115
1767173357.1342382,2,0,-113
1767173357.1442382,0,1,-117
1767173357.1542382,0,1,-123
1767173357.1642382,-2,-2,-123
1767173357.1742382,-4,0,-125
1767173357.1842382,-5,-1,-126
1767173357.1942382,1,2,-128
1767173357.2042382,0,0,-131
1767173357.2142382,-1,0,-129
1767173357.2242382,2,1,-127
1767173357.234238,-2,0,-123
1767173357.244238,-6,0,-123
1767173357.254238,0,1,-132
1767173357.264238,1,6,-131
1767173357.274238,3,5,-132
1767173357.284238,-3,0,-133
1767173357.294238,-7,-1,-134
1767173357.304238,-2,-4,-126
1767173357.314238,-1,-9,-124
1767173357.324238,2,-5,-131
1767173357.334238,0,-2,-133
1767173357.344238,0,-1,-128
1767173357.3542385,0,-1,-125
1767173357.3642385,0,-1,-126
1767173357.3742385,-3,-3,-134
1767173357.3842382,-7,-2,-125
1767173357.3942382,-4,-3,-129
1767173357.4042382,-9,0,-132
1767173357.4142382,-10,3,-128
1767173357.4242382,-10,1,-125
1767173357.4342382,-7,0,-125
1767173357.4442382,-7,-2,-120
1767173357.4542382,-2,-4,-119
1767173357.4642382,-4,-4,-119
1767173357.4742382,-5,-3,-124
1767173357.484238,-4,-6,-128
1767173357.494238,-5,-6,-124
1767173357.504238,-8,-10,-128
1767173357.514238,-5,-8,-127
1767173357.524238,-7,-7,-128
1767173357.534238,-5,-6,-131
1767173357.544238,-3,-3,-130
1767173357.554238,-1,-3,-134
1767173357.564238,-1,-5,-134
1767173357.574238,-4,-7,-130
1767173357.584238,-4,-6,-127
1767173357.594238,-5,-6,-125
1767173357.6042385,-4,-6,-127
1767173357.6142385,-2,-4,-116
1767173357.6242385,-1,-4,-116
1767173357.6342382,-2,-5,-119
1767173357.6442382,-2,-5,-118
1767173357.6542382,-4,-2,-121
1767173357.6642382,-4,0,-128
1767173357.6742382,0,0,-134
1767173357.6842382,-2,2,-127
1767173357.6942382,0,0,-127
1767173357.7042382,-1,-5,-129
1767173357.7142382,-2,-3,-131
1767173357.7242382,-6,-1,-129
1767173357.734238,-6,-3,-128
1767173357.744238,-2,-3,-131
1767173357.754238,2,-6,-121
1767173357.764238,5,-4,-120
1767173357.774238,4,-3,-119
1767173357.784238,3,-2,-120
1767173357.794238,1,-1,-128
1767173357.804238,3,-3,-127
1767173357.814238,4,-9,-126
1767173357.824238,2,-4,-127
1767173357.834238,2,-6,-133
1767173357.844238,2,-5,-128
1767173357.8542385,5,-4,-126
1767173357.8642385,-1,-4,-124
1767173357.8742385,-2,-4,-130
1767173357.8842382,-1,-7,-128
1767173357.8942382,-3,-3,-125
1767173357.9042382,-3,0,-127
1767173357.9142382,-1,5,-127
1767173357.9242382,-4,6,-125
1767173357.9342382,-2,8,-126
1767173357.9442382,0,7,-137
1767173357.9542382,-1,3,-137
1767173357.9642382,-1,1,-136
1767173357.9742382,4,0,-134
1767173357.984238,0,1,-127
1767173357.994238,0,3,-126
1767173358.004238,0,0,-120
1767173358.014238,0,1,-123
1767173358.024238,3,1,-128
1767173358.034238,4,0,-127
1767173358.044238,2,-3,-131
1767173358.054238,1,1,-135
1767173358.064238,-5,-2,-129
1767173358.074238,-4,-4,-128
1767173358.084238,0,-1,-123
1767173358.094238,0,0,-128
1767173358.1042385,-1,1,-135
1767173358.1142385,-6,3,-131
1767173358.1242385,-6,0,-132
1767173358.1342382,-3,-4,-139
1767173358.1442382,-2,-2,-141
1767173358.1542382,-1,0,-144
1767173358.1642382,2,-3,-141
1767173358.1742382,4,-5,-142
1767173358.1842382,0,-5,-134
1767173358.1942382,0,-5,-129
1767173358.2042382,3,0,-126
1767173358.2142382,1,1,-123
1767173358.2242382,0,1,-119
1767173358.234238,0,1,-125
1767173358.244238,-5,4,-125
1767173358.254238,-6,1,-126
1767173358.264238,-7,0,-126
1767173358.274238,-4,3,-124
1767173358.284238,-3,3,-122
1767173358.294238,-3,3,-122
1767173358.304238,-8,7,-118
1767173358.314238,-6,6,-123
1767173358.324238,-7,5,-126
1767173358.334238,-1,1,-122
1767173358.344238,1,-2,-124
1767173358.3542385,2,0,-125
1767173358.3642385,1,0,-133
1767173358.3742385,1,2,-132
1767173358.3842382,-3,2,-132
1767173358.3942382,-3,0,-129
1767173358.4042382,-2,5,-128
1767173358.4142382,0,7,-130
1767173358.4242382,-3,6,-126
1767173358.4342382,-3,6,-123
1767173358.4442382,-1,6,-125
1767173358.4542382,0,8,-132
1767173358.4642382,1,9,-141
1767173358.4742382,2,10,-143
1767173358.484238,3,7,-140
1767173358.494238,6,8,-132
1767173358.504238,7,8,-128
1767173358.514238,5,3,-121
1767173358.524238,0,2,-125
1767173358.534238,-6,-1,-123
1767173358.544238,-4,-3,-126
1767173358.554238,-7,0,-129
1767173358.564238,-4,0,-128
1767173358.574238,-4,0,-126
1767173358.584238,-5,-4,-122
1767173358.594238,-3,-2,-123
1767173358.6042385,-4,0,-126
1767173358.6142385,0,-2,-126
1767173358.6242385,-5,-4,-125
1767173358.6342382,-7,-4,-119
1767173358.6442382,-5,-7,-120
1767173358.6542382,-2,-4,-120
1767173358.6642382,-1,-3,-123
1767173358.6742382,-3,1,-123
1767173358.6842382,-8,-1,-121
1767173358.6942382,-5,-4,-123
1767173358.7042382,0,-3,-134
1767173358.7142382,0,-2,-140
1767173358.7242382,0,-2,-139
1767173358.734238,-3,-1,-137
1767173358.744238,-3,-1,-135
1767173358.754238,-4,1,-136
1767173358.764238,-1,0,-134
1767173358.774238,-1,-1,-128
1767173358.784238,-4,-1,-121
1767173358.794238,-4,0,-129
1767173358.804238,0,-2,-127
1767173358.814238,0,-8,-122
1767173358.824238,-2,-7,-116
1767173358.834238,-3,-5,-117
1767173358.844238,-3,-3,-117
1767173358.8542385,-6,-2,-121
1767173358.8642385,-4,2,-129
1767173358.8742385,-3,2,-130
1767173358.8842382,-5,-2,-124
1767173358.8942382,-9,-4,-122
1767173358.9042382,-8,-5,-120
1767173358.9142382,-7,-6,-128
1767173358.9242382,-5,-7,-124
1767173358.9342382,-9,-2,-131
1767173358.9442382,-5,1,-129
1767173358.9542382,-2,2,-131
1767173358.9642382,-3,7,-133
1767173358.9742382,-5,3,-127
1767173358.984238,-8,0,-123
1767173358.994238,-8,-1,-126
1767173359.004238,-7,-4,-125
1767173359.014238,-6,-4,-127
1767173359.024238,-7,-7,-133
1767173359.034238,-4,-5,-132
1767173359.044238,-3,-6,-132
1767173359.054238,-1,-5,-138
1767173359.064238,0,-6,-134
1767173359.074238,0,-6,-136
1767173359.084238,2,-4,-139
1767173359.094238,3,-3,-139
1767173359.1042385,6,0,-136
1767173359.1142385,4,1,-142
1767173359.1242385,1,-1,-138
1767173359.1342382,3,0,-137
1767173359.1442382,0,0,-137
1767173359.1542382,1,2,-147
1767173359.1642382,4,1,-144
1767173359.1742382,1,-5,-135
1767173359.1842382,0,-5,-132
1767173359.1942382,0,-8,-142
1767173359.2042382,3,-11,-144
1767173359.2142382,5,-10,-139
1767173359.2242382,0,-6,-132
1767173359.234238,3,-8,-132
1767173359.244238,2,-8,-128
1767173359.254238,5,-6,-126
1767173359.264238,2,-8,-124
1767173359.274238,-1,-6,-126
1767173359.284238,2,-9,-125
1767173359.294238,5,-11,-129
1767173359.304238,5,-11,-132
1767173359.314238,1,-12,-134
1767173359.324238,1,-10,-129
1767173359.334238,0,-8,-133
1767173359.344238,1,-7,-125
1767173359.3542385,5,-5,-128
1767173359.3642385,5,-2,-121
1767173359.3742385,5,0,-129
1767173359.3842382,1,0,-129
1767173359.3942382,-1,2,-126
1767173359.4042382,-1,4,-127
1767173359.4142382,3,2,-123
1767173359.425238,0,1,-121
1767173359.435238,-4,6,-121
1767173359.445238,-5,6,-117
1767173359.455238,-2,0,-121
1767173359.465238,-2,0,-123
1767173359.475238,0,-1,-119
1767173359.485238,0,-4,-119
1767173359.495238,0,-7,-125
1767173359.505238,0,-7,-131
1767173359.515238,0,-4,-133
1767173359.525238,1,0,-133
1767173359.5352385,1,1,-123
1767173359.5452385,6,2,-120
1767173359.5552382,5,3,-119
1767173359.5652382,0,2,-114
1767173359.5752382,0,4,-120
1767173359.5852382,3,5,-125
1767173359.5952382,1,7,-135
1767173359.6052382,1,9,-133
1767173359.6152382,3,10,-128
1767173359.6252382,0,7,-130
1767173359.6352382,-1,7,-127
1767173359.6452382,-6,7,-133
1767173359.6552382,-3,3,-137
1767173359.665238,1,0,-134
1767173359.675238,0,-1,-132
1767173359.685238,1,-5,-136
1767173359.695238,4,-6,-131
1767173359.705238,4,-3,-126
1767173359.715238,5,-5,-120
1767173359.725238,3,-4,-121
1767173359.735238,2,-2,-116
1767173359.745238,1,-2,-121
1767173359.755238,3,-4,-124
1767173359.765238,3,-1,-119
1767173359.775238,1,0,-123
1767173359.7852385,2,0,-122
1767173359.7952385,0,-3,-124
1767173359.8052382,2,0,-126
1767173359.8152382,3,2,-123
1767173359.8252382,0,3,-127
1767173359.8352382,1,3,-129
1767173359.8452382,1,3,-128
1767173359.8552382,-1,0,-133
1767173359.8652382,-6,0,-137
1767173359.8752382,-2,3,-132
1767173359.8852382,-2,-1,-129
1767173359.8952382,0,-2,-128
1767173359.9052382,0,-3,-117
1767173359.915238,-6,-2,-115
1767173359.925238,-6,-4,-119
1767173359.935238,-6,0,-130
1767173359.945238,-3,-2,-132
1767173359.955238,-3,-5,-135
1767173359.965238,-4,-5,-127
1767173359.975238,-5,-6,-128
1767173359.985238,-4,-6,-132
1767173359.995238,-1,-8,-133
1767173360.005238,3,-6,-124
1767173360.015238,1,-6,-124
1767173360.025238,0,-6,-127
1767173360.0352385,-2,-7,-128
1767173360.0452385,-3,-6,-126
1767173360.0552382,-3,-7,-124
1767173360.0652382,-1,-7,-121
1767173360.0752382,0,-2,-115
1767173360.0852382,-1,-1,-116
1767173360.0952382,-2,0,-115
1767173360.1052382,0,-2,-117
1767173360.1152382,-2,-1,-124
1767173360.1252382,-4,1,-129
1767173360.1352382,-6,-2,-131
1767173360.1452382,-7,-1,-125
1767173360.1552382,-1,-1,-120
1767173360.165238,0,1,-116
1767173360.175238,-2,-1,-114
1767173360.185238,0,-4,-121
1767173360.195238,0,-9,-125
1767173360.205238,-3,-5,-128
1767173360.215238,-2,-8,-135
1767173360.225238,0,-8,-133
1767173360.235238,1,-10,-138
1767173360.245238,6,-9,-133
1767173360.255238,4,-9,-131
1767173360.265238,5,-8,-137
1767173360.275238,-1,-10,-136
1767173360.2852385,-3,-10,-134
1767173360.2952385,0,-7,-138
1767173360.3052382,1,-1,-135
1767173360.3152382,4,4,-134
1767173360.3252382,6,3,-136
1767173360.3352382,1,3,-137
1767173360.3452382,0,7,-133
1767173360.3552382,2,7,-141
1767173360.3652382,-3,5,-140
1767173360.3752382,-3,1,-135
1767173360.3852382,1,-2,-139
1767173360.3952382,3,-2,-135
1767173360.4052382,3,-1,-132
1767173360.415238,1,-4,-130
1767173360.425238,7,-8,-132
1767173360.435238,8,-7,-129
1767173360.445238,5,-8,-128
1767173360.455238,0,-12,-127
1767173360.465238,-1,-8,-130
1767173360.475238,1,-4,-132
1767173360.485238,0,-2,-130
1767173360.495238,0,3,-133
1767173360.505238,1,2,-133
1767173360.515238,0,3,-138
1767173360.525238,2,0,-131
1767173360.5352385,5,3,-128
1767173360.5452385,1,-1,-128
1767173360.5552382,3,-5,-125
1767173360.5652382,4,-12,-127
1767173360.5752382,8,-9,-131
1767173360.5852382,5,-6,-128
1767173360.5952382,1,-3,-126
1767173360.6052382,-2,-6,-129
1767173360.626238,-4,-4,-130
1767173360.6352382,-5,-3,-129
1767173360.6452382,0,-3,-134
1767173360.6552382,-1,-2,-134
1767173360.665238,-2,2,-136
1767173360.675238,0,3,-135
1767173360.685238,1,0,-133
1767173360.695238,1,-1,-128
1767173360.705238,6,-3,-123
1767173360.715238,8,-9,-121
1767173360.725238,2,-8,-126
1767173360.735238,-1,-6,-129
1767173360.745238,0,-2,-122
1767173360.755238,-3,-2,-112
1767173360.765238,1,-5,-111
1767173360.775238,1,-5,-118
1767173360.7852385,6,-2,-122
1767173360.7952385,4,2,-117
1767173360.8052382,2,1,-122
1767173360.8152382,0,3,-123
1767173360.8252382,-2,4,-125
1767173360.8352382,-2,5,-125
1767173360.8452382,-2,4,-122
1767173360.8552382,-2,4,-122
1767173360.8652382,0,5,-123
1767173360.8752382,3,1,-124
1767173360.8852382,-2,4,-122
1767173360.8952382,-6,6,-124
1767173360.9052382,-9,3,-119
1767173360.915238,-8,0,-125
1767173360.925238,-8,-3,-127
1767173360.935238,-7,-2,-126
1767173360.945238,-7,-2,-125
1767173360.955238,-3,-6,-122
1767173360.965238,0,-5,-123
1767173360.975238,1,-4,-123
1767173360.985238,0,0,-121
1767173360.995238,0,1,-117
1767173361.005238,0,-1,-127
1767173361.015238,-3,-1,-133
1767173361.025238,-4,-2,-133
1767173361.0352385,-3,0,-126
1767173361.0452385,-1,1,-125
1767173361.0552382,-2,2,-129
1767173361.0652382,-3,4,-129
1767173361.0752382,-3,2,-126
1767173361.0852382,-2,0,-123
1767173361.0952382,-7,-5,-121
1767173361.1052382,-4,-5,-127
1767173361.1152382,-8,-2,-131
1767173361.1252382,-8,0,-136
1767173361.1352382,-3,0,-136
1767173361.1452382,-3,0,-133
1767173361.1552382,-8,0,-129
1767173361.165238,-4,0,-126
1767173361.175238,-2,1,-130
1767173361.185238,0,3,-131
1767173361.195238,-4,2,-138
1767173361.205238,-4,1,-131
1767173361.215238,-6,0,-133
1767173361.225238,-4,1,-133
1767173361.235238,-3,-2,-128
1767173361.245238,-1,0,-124
1767173361.255238,0,-1,-131
1767173361.265238,0,-4,-134
1767173361.275238,1,-4,-126
1767173361.2852385,0,-6,-132
1767173361.2952385,2,-6,-139
1767173361.3052382,2,-7,-140
1767173361.3152382,3,-9,-140
1767173361.3252382,2,-5,-140
1767173361.3352382,2,-7,-138
1767173361.3452382,-4,-6,-131
1767173361.3552382,-2,-9,-130
1767173361.3652382,2,-9,-125
1767173361.3752382,8,-10,-129
1767173361.3852382,8,-8,-129
1767173361.3952382,4,-9,-127
1767173361.4052382,3,-4,-129
1767173361.415238,0,0,-129
1767173361.425238,2,0,-129
1767173361.435238,0,0,-133
1767173361.445238,0,-3,-127
1767173361.455238,0,-5,-126
1767173361.465238,1,-4,-126
1767173361.475238,2,-1,-124
1767173361.485238,0,-1,-126
1767173361.495238,1,0,-128
1767173361.505238,1,0,-125
1767173361.515238,0,-4,-122
1767173361.525238,0,-1,-126
1767173361.5352385,1,0,-128
1767173361.5452385,4,-2,-134
1767173361.5552382,6,-6,-137
1767173361.5652382,6,-8,-136
1767173361.5752382,3,-8,-137
1767173361.5852382,-2,-7,-128
1767173361.5952382,-3,-7,-121
1767173361.6052382,-3,-7,-123
1767173361.6152382,-1,-8,-123
1767173361.6252382,0,-5,-122
1767173361.6352382,3,-8,-122
1767173361.6452382,3,-6,-126
1767173361.6552382,0,-5,-128
1767173361.665238,-6,-1,-130
1767173361.675238,-4,-3,-133
1767173361.685238,0,-6,-134
1767173361.695238,0,0,-128
1767173361.705238,-1,-2,-126
1767173361.715238,-1,-5,-124
1767173361.725238,1,-5,-127
1767173361.735238,-1,-6,-125
1767173361.745238,1,-3,-127
1767173361.755238,1,-3,-126
1767173361.765238,0,-2,-130
1767173361.775238,-3,0,-124
1767173361.7852385,-3,2,-129
1767173361.7952385,0,1,-126
1767173361.8052382,-1,-4,-128
1767173361.8152382,-3,-2,-129
1767173361.8252382,-5,0,-132
1767173361.8352382,-5,0,-130
1767173361.8452382,-5,-1,-132
1767173361.8552382,-3,0,-131
1767173361.8652382,-6,0,-132
1767173361.8752382,-7,0,-124
1767173361.8852382,-3,-1,-127
1767173361.8952382,-4,0,-124
1767173361.9052382,-1,4,-126
1767173361.915238,-2,1,-127
1767173361.925238,1,5,-128
1767173361.935238,-1,6,-131
1767173361.945238,0,5,-129
1767173361.955238,0,2,-132
1767173361.965238,0,-1,-131
1767173361.975238,1,-2,-130
1767173361.985238,1,-8,-131
1767173361.995238,2,-6,-132
1767173362.005238,2,-3,-132
1767173362.0162382,0,-2,-129
1767173362.0262382,-1,-2,-126
1767173362.0362382,-2,-6,-123
1767173362.0462382,0,-3,-123
1767173362.0562382,0,-4,-116
1767173362.0662382,-1,-4,-115
1767173362.0762382,-6,-4,-121
1767173362.086238,-5,-3,-125
1767173362.096238,-4,-2,-127
1767173362.106238,0,-1,-135
1767173362.116238,2,-1,-133
1767173362.126238,1,-2,-129
1767173362.136238,5,-4,-126
1767173362.146238,3,-1,-128
1767173362.156238,5,0,-126
1767173362.166238,2,0,-130
1767173362.176238,1,0,-132
1767173362.186238,0,-2,-127
1767173362.196238,2,0,-124
1767173362.2062385,1,-4,-123
1767173362.2162385,1,-6,-130
1767173362.2262385,2,-2,-133
1767173362.2362382,5,0,-133
1767173362.2462382,6,-5,-136
1767173362.2562382,3,-4,-138
1767173362.2662382,1,0,-131
1767173362.2762382,3,1,-125
1767173362.2862382,0,4,-125
1767173362.2962382,0,7,-125
1767173362.3062382,0,6,-129
1767173362.3162382,0,1,-131
1767173362.3262382,-3,-6,-132
1767173362.336238,-1,-6,-136
1767173362.346238,2,-4,-145
1767173362.356238,2,-7,-142
1767173362.366238,4,-5,-141
1767173362.376238,1,0,-138
1767173362.386238,1,2,-136
1767173362.396238,2,2,-139
1767173362.406238,3,0,-132
1767173362.416238,0,0,-125
1767173362.426238,0,-1,-127
1767173362.436238,1,-1,-134
1767173362.446238,3,-4,-136
1767173362.4562385,3,-4,-135
1767173362.4662385,3,-3,-129
1767173362.4762385,4,0,-129
1767173362.4862382,6,0,-122
1767173362.4962382,2,1,-118
1767173362.5062382,-2,2,-120
1767173362.5162382,-3,1,-124
1767173362.5262382,-7,-4,-125
1767173362.5362382,-6,-9,-125
1767173362.5462382,-6,-9,-128
1767173362.5562382,-11,-9,-127
1767173362.5662382,-11,-7,-134
1767173362.5762382,-12,-4,-131
1767173362.586238,-8,-3,-130
1767173362.596238,-6,-2,-127
1767173362.606238,-6,-3,-124
1767173362.616238,-4,0,-122
1767173362.626238,-3,-3,-124
1767173362.636238,-3,-2,-122
1767173362.646238,-6,0,-121
1767173362.656238,-6,1,-125
1767173362.666238,-3,0,-125
1767173362.676238,0,3,-128
1767173362.686238,0,4,-131
1767173362.696238,0,6,-130
1767173362.7062385,0,4,-128
1767173362.7162385,1,1,-133
1767173362.7262385,-2,-3,-132
1767173362.7362382,0,-3,-131
1767173362.7462382,-1,-3,-128
1767173362.7562382,-2,1,-135
1767173362.7662382,-2,2,-138
1767173362.7762382,-1,2,-140
1767173362.7862382,-2,-1,-143
1767173362.7962382,-4,-1,-146
1767173362.8062382,-11,-1,-146
1767173362.8162382,-13,-1,-137
1767173362.8262382,-10,0,-134
1767173362.836238,-8,5,-131
1767173362.846238,-11,4,-132
1767173362.856238,-10,2,-134
1767173362.866238,-8,0,-131
1767173362.876238,0,3,-133
1767173362.886238,1,8,-132
1767173362.896238,2,4,-133
1767173362.906238,0,2,-141
1767173362.916238,0,1,-133
1767173362.926238,0,-1,-122
1767173362.936238,2,-2,-121
1767173362.946238,5,-2,-122
1767173362.9562385,7,-1,-121
1767173362.9662385,3,-1,-127
1767173362.9762385,6,-5,-126
1767173362.9862382,6,-10,-130
1767173362.9962382,5,-12,-126
1767173363.0062382,4,-7,-124
1767173363.0162382,-2,-6,-124
1767173363.0262382,-4,-5,-123
1767173363.0362382,0,-7,-123
1767173363.0462382,0,-8,-127
1767173363.0562382,-3,-4,-122
1767173363.0662382,-2,-1,-131
1767173363.0762382,-1,-2,-128
1767173363.086238,-4,-1,-130
1767173363.096238,-4,-3,-127
1767173363.106238,-3,-4,-124
1767173363.116238,-1,-6,-128
1767173363.126238,0,-2,-126
1767173363.136238,-1,-2,-123
1767173363.146238,-1,-1,-125
1767173363.156238,-5,-3,-127
1767173363.166238,-2,-2,-122
1767173363.176238,-2,-6,-125
1767173363.186238,0,-5,-125
1767173363.196238,-6,0,-126
1767173363.2062385,-6,0,-126
1767173363.2162385,-9,-1,-127
1767173363.2262385,-3,0,-127
1767173363.2362382,-2,-4,-121
1767173363.2462382,-3,-8,-123
1767173363.2562382,-2,-3,-132
1767173363.2662382,-4,-6,-134
1767173363.2762382,-8,-8,-130
1767173363.2862382,-4,-8,-130
1767173363.2962382,-6,-2,-133
1767173363.3062382,0,-2,-140
1767173363.3162382,0,0,-136
1767173363.3262382,-2,-4,-138
1767173363.336238,0,-6,-135
1767173363.346238,0,-6,-133
1767173363.356238,0,-5,-130
1767173363.366238,-1,-9,-129
1767173363.376238,0,-4,-124
1767173363.386238,0,-5,-126
1767173363.396238,-2,-7,-132
1767173363.406238,-3,-10,-130
1767173363.416238,-2,-8,-130
1767173363.426238,-6,-4,-133
1767173363.436238,-6,0,-135
1767173363.446238,-2,0,-137
1767173363.4562385,-4,0,-139
1767173363.4662385,-1,0,-141
1767173363.4762385,2,2,-132
1767173363.4862382,3,-1,-130
1767173363.4962382,0,0,-133
1767173363.5062382,-2,-2,-133
1767173363.5162382,-8,-5,-131
1767173363.5262382,-6,-4,-121
1767173363.5362382,-6,-5,-123
1767173363.5462382,-11,-5,-129
1767173363.5562382,-11,-2,-128
1767173363.5662382,-6,-2,-125
1767173363.5762382,-2,-3,-124
1767173363.586238,-1,-2,-125
1767173363.596238,-4,-4,-126
1767173363.606238,-3,-3,-124
1767173363.616238,-4,3,-122
1767173363.626238,-1,2,-122
1767173363.636238,-1,6,-126
1767173363.646238,0,2,-128
1767173363.656238,0,2,-133
1767173363.666238,1,1,-138
1767173363.676238,-3,6,-135
1767173363.686238,1,4,-131
1767173363.696238,1,0,-136
1767173363.7062385,1,-1,-129
1767173363.7162385,6,0,-125
1767173363.7262385,7,-1,-130
1767173363.7362382,9,-3,-132
1767173363.7462382,5,-3,-131
1767173363.7562382,0,-6,-122
1767173363.7662382,0,-5,-118
1767173363.7762382,-4,-4,-121
1767173363.7862382,-2,-5,-119
1767173363.7962382,-2,-7,-121
1767173363.8062382,4,-4,-124
1767173363.8162382,2,-3,-134
1767173363.8262382,4,2,-137
1767173363.836238,2,-1,-129
1767173363.846238,3,5,-128
1767173363.856238,0,2,-126
1767173363.866238,2,0,-125
1767173363.876238,-1,1,-120
1767173363.886238,-4,1,-127
1767173363.896238,-1,7,-124
1767173363.906238,-1,1,-129
1767173363.916238,0,0,-132
1767173363.926238,2,0,-130
1767173363.936238,5,-2,-126
1767173363.946238,7,-1,-127
1767173363.9562385,6,-1,-132
1767173363.9662385,5,0,-128
1767173363.9762385,4,-1,-124
1767173363.9862382,4,-5,-122
1767173363.9962382,3,-4,-126
1767173364.0062382,2,-3,-124
1767173364.0162382,6,-2,-122
1767173364.0262382,0,0,-127
1767173364.0362382,0,-1,-126
1767173364.0462382,-4,-3,-129
1767173364.0562382,-1,-3,-128
1767173364.0662382,0,-4,-124
1767173364.0762382,-1,-4,-121
1767173364.086238,-6,-3,-123
1767173364.096238,-12,-2,-127
1767173364.106238,-8,-4,-128
1767173364.116238,-3,-4,-128
1767173364.126238,-1,-5,-132
1767173364.136238,1,-2,-133
1767173364.146238,1,-2,-133
1767173364.156238,1,-3,-131
1767173364.166238,1,-4,-122
1767173364.176238,0,-3,-123
1767173364.186238,-1,-5,-130
1767173364.196238,0,-6,-132
1767173364.2062385,3,-2,-131
1767173364.2162385,4,-1,-129
1767173364.2262385,0,2,-126
1767173364.2362382,-1,2,-124
1767173364.2462382,-2,3,-129
1767173364.2562382,0,3,-131
1767173364.2662382,1,2,-133
1767173364.2762382,2,3,-134
1767173364.2862382,-3,-5,-135
1767173364.2962382,-2,-3,-137
1767173364.3062382,-1,0,-136
1767173364.3162382,0,0,-136
1767173364.3262382,1,1,-139
1767173364.336238,2,0,-132
1767173364.346238,2,-3,-133
1767173364.356238,2,0,-134
1767173364.366238,1,0,-141
1767173364.376238,4,-3,-137
1767173364.386238,3,-2,-136
1767173364.396238,1,-5,-138
1767173364.406238,0,-8,-138
1767173364.416238,3,-8,-127
1767173364.426238,3,-5,-117
1767173364.436238,2,-4,-129
1767173364.446238,6,-3,-125
1767173364.4562385,3,2,-121
1767173364.4662385,7,1,-120
1767173364.4762385,6,2,-121
1767173364.4862382,5,2,-126
1767173364.4962382,4,2,-129
1767173364.5062382,2,0,-124
1767173364.5162382,2,1,-124
1767173364.5262382,4,-3,-125
1767173364.5362382,3,-1,-120
1767173364.5462382,7,-3,-123
1767173364.5562382,2,-5,-122
1767173364.5662382,1,-4,-114
1767173364.5762382,0,-7,-121
1767173364.586238,0,-4,-125
1767173364.596238,-1,0,-129
1767173364.606238,3,1,-130
1767173364.616238,4,1,-128
1767173364.627238,6,0,-125
1767173364.636238,7,-5,-116
1767173364.646238,0,-1,-119
1767173364.6572382,1,0,-121
1767173364.6672382,3,-1,-129
1767173364.6772382,0,0,-130
1767173364.6872382,-2,-1,-121
1767173364.6972382,-3,2,-125
1767173364.7072382,-3,4,-124
1767173364.7172382,-1,3,-124
1767173364.7272382,0,3,-123
1767173364.7372382,-1,4,-123
1767173364.7472382,3,1,-122
1767173364.757238,7,0,-130
1767173364.767238,1,-3,-129
1767173364.777238,0,-5,-133
1767173364.787238,-4,-5,-136
1767173364.797238,-8,-8,-134
1767173364.807238,-6,-3,-126
1767173364.817238,-6,2,-129
1767173364.827238,-5,4,-125
1767173364.837238,-7,4,-128
1767173364.847238,-2,0,-130
1767173364.857238,-4,0,-124
1767173364.867238,-6,3,-122
1767173364.877238,-10,3,-120
1767173364.8872385,-8,3,-122
1767173364.8972385,-3,3,-120
1767173364.9072382,-3,-1,-123
1767173364.9172382,0,0,-125
1767173364.9272382,2,0,-129
1767173364.9372382,4,0,-132
1767173364.9472382,1,0,-132
1767173364.9572382,-1,0,-127
1767173364.9672382,-2,0,-129
1767173364.9772382,-3,0,-130
1767173364.9872382,-2,0,-138
1767173364.9972382,5,0,-141
1767173365.007238,4,0,-137
1767173365.017238,2,-4,-133
1767173365.027238,2,-4,-128
1767173365.037238,5,-4,-129
1767173365.047238,0,-4,-134
1767173365.057238,2,-4,-129
1767173365.067238,2,-3,-130
1767173365.077238,0,-3,-126
1767173365.087238,1,-4,-129
1767173365.097238,0,-3,-132
1767173365.107238,-1,-5,-129
1767173365.117238,-2,-6,-128
1767173365.127238,1,-5,-121
1767173365.1372385,0,-5,-116
1767173365.1472385,-4,-8,-112
1767173365.1572382,-4,-6,-116
1767173365.1672382,-1,-4,-117
1767173365.1772382,0,-2,-112
1767173365.1872382,1,-4,-114
1767173365.1972382,0,-3,-119
1767173365.2072382,2,0,-122
1767173365.2172382,3,0,-123
1767173365.2272382,5,-4,-129
1767173365.2372382,1,-2,-133
1767173365.2472382,-3,-4,-133
1767173365.257238,4,-5,-129
1767173365.267238,6,-6,-127
1767173365.277238,1,-5,-130
1767173365.287238,0,-6,-133
1767173365.297238,0,-4,-135
1767173365.307238,-2,0,-133
1767173365.317238,-1,0,-131
1767173365.327238,-2,1,-128
1767173365.337238,2,0,-128
1767173365.347238,1,1,-130
1767173365.357238,-2,2,-134
1767173365.367238,0,1,-130
1767173365.377238,0,0,-126
1767173365.3872385,4,1,-133
1767173365.3972385,2,2,-131
1767173365.4072382,5,-1,-127
1767173365.4172382,2,0,-128
1767173365.4272382,3,-3,-129
1767173365.4372382,-1,-1,-130
1767173365.4472382,-10,0,-135
1767173365.4572382,-7,1,-138
1767173365.4672382,-5,-3,-130
1767173365.4772382,-9,0,-126
1767173365.4872382,-9,0,-124
1767173365.4972382,-7,2,-126
1767173365.507238,-7,5,-128
1767173365.517238,-2,2,-133
1767173365.527238,-2,2,-132
1767173365.537238,-1,2,-131
1767173365.547238,0,-2,-133
1767173365.557238,1,-2,-131
1767173365.567238,8,0,-129
1767173365.577238,4,0,-126
1767173365.587238,-1,-3,-130
1767173365.597238,3,-10,-131
1767173365.607238,5,-8,-123
1767173365.617238,3,-6,-116
1767173365.6382382,0,0,-122
1767173365.6472385,-2,-2,-123
1767173365.6572382,-1,-3,-122
1767173365.6672382,0,-1,-117
1767173365.6772382,1,-1,-119
1767173365.6872382,1,-4,-121
1767173365.6972382,0,-4,-123
1767173365.7072382,-1,-7,-128
1767173365.7172382,-1,-6,-137
1767173365.7272382,-4,-9,-133
1767173365.7372382,-1,-2,-139
1767173365.7472382,5,-2,-136
1767173365.757238,4,-2,-137
1767173365.767238,4,-4,-128
1767173365.777238,4,-4,-128
1767173365.787238,2,-3,-122
1767173365.797238,2,-5,-116
1767173365.807238,1,-4,-115
1767173365.817238,-2,-3,-118
1767173365.827238,-8,0,-127
1767173365.837238,-4,-1,-131
1767173365.847238,-2,-4,-134
1767173365.857238,-2,-6,-137
1767173365.867238,4,-4,-137
1767173365.877238,8,-5,-136
1767173365.8872385,7,0,-138
1767173365.8972385,9,-1,-137
1767173365.9072382,6,-1,-131
1767173365.9172382,0,2,-128
1767173365.9272382,-1,5,-128
1767173365.9372382,-3,0,-129
1767173365.9472382,-5,-3,-125
1767173365.9572382,-1,-1,-124
1767173365.9672382,1,-3,-123
1767173365.9772382,4,-1,-129
1767173365.9872382,3,0,-128
1767173365.9972382,0,-4,-129
1767173366.007238,-6,-8,-128
1767173366.017238,-8,-9,-127
1767173366.027238,-9,-10,-124
1767173366.037238,-9,-9,-129
1767173366.047238,-8,-5,-129
1767173366.057238,-7,-5,-131
1767173366.067238,-1,0,-130
1767173366.077238,3,2,-124
1767173366.087238,3,3,-129
1767173366.097238,2,3,-123
1767173366.107238,5,-2,-123
1767173366.117238,6,-2,-130
1767173366.127238,0,0,-134
1767173366.1372385,0,5,-131
1767173366.1472385,-1,2,-133
1767173366.1572382,0,4,-128
1767173366.1672382,-2,3,-121
1767173366.1772382,0,4,-120
1767173366.1872382,4,0,-115
1767173366.1972382,3,-2,-116
1767173366.2072382,1,-1,-122
1767173366.2172382,1,-3,-125
1767173366.2272382,7,0,-132
1767173366.2372382,5,0,-126
1767173366.2472382,3,1,-127
1767173366.257238,2,2,-126
1767173366.267238,3,4,-124
1767173366.277238,4,1,-129
1767173366.287238,3,2,-124
1767173366.297238,5,5,-130
1767173366.307238,3,6,-125
1767173366.317238,1,6,-123
1767173366.327238,2,2,-124
1767173366.337238,2,7,-129
1767173366.347238,-1,8,-126
1767173366.357238,-4,5,-122
1767173366.367238,-3,4,-122
1767173366.377238,-1,1,-121
1767173366.3872385,0,0,-126
1767173366.3972385,-2,-1,-127
1767173366.4072382,-6,-2,-130
1767173366.4172382,-6,-4,-132
1767173366.4272382,-7,-6,-136
1767173366.4372382,-9,-6,-128
1767173366.4472382,-6,0,-130
1767173366.4572382,-5,2,-127
1767173366.4672382,-3,0,-128
1767173366.4772382,-6,-2,-133
1767173366.4872382,-2,-2,-134
1767173366.4972382,-2,2,-133
1767173366.507238,1,0,-129
1767173366.517238,2,1,-126
1767173366.527238,-1,2,-121
1767173366.537238,-4,4,-121
1767173366.547238,-5,1,-129
1767173366.557238,0,4,-128
1767173366.567238,1,1,-128
1767173366.577238,0,4,-117
1767173366.587238,0,1,-119
1767173366.597238,1,-2,-115
1767173366.607238,6,-1,-123
1767173366.617238,8,1,-127
1767173366.627238,6,3,-130
1767173366.6372385,1,0,-127
1767173366.6472385,-1,0,-124
1767173366.6572382,-4,-1,-126
1767173366.6672382,-5,-2,-122
1767173366.6772382,-6,-3,-127
1767173366.6872382,-4,-3,-124
1767173366.6972382,-3,-1,-121
1767173366.7072382,-4,0,-122
1767173366.7172382,-4,4,-129
1767173366.7272382,-3,6,-129
1767173366.7372382,-3,3,-124
1767173366.7472382,-2,-2,-120
1767173366.757238,-5,-3,-119
1767173366.767238,-6,-5,-120
1767173366.777238,-5,-5,-126
1767173366.787238,-11,0,-120
1767173366.797238,-13,1,-124
1767173366.807238,-13,0,-122
1767173366.817238,-6,-5,-127
1767173366.827238,-7,-5,-127
1767173366.837238,-5,-8,-127
1767173366.847238,0,-7,-130
1767173366.857238,0,-7,-127
1767173366.867238,1,-6,-130
1767173366.877238,1,-5,-129
1767173366.8872385,2,-2,-137
1767173366.8972385,1,0,-131
1767173366.9072382,2,3,-137
1767173366.9172382,1,0,-133
1767173366.9272382,2,-2,-132
1767173366.9372382,3,-1,-130
1767173366.9472382,3,3,-122
1767173366.9572382,0,5,-123
1767173366.9672382,-2,4,-125
1767173366.9772382,1,3,-123
1767173366.9872382,5,-1,-126
1767173366.9972382,1,-6,-123
1767173367.007238,3,-8,-117
1767173367.017238,5,-6,-124
1767173367.027238,2,-1,-124
1767173367.037238,3,2,-121
1767173367.047238,0,0,-118
1767173367.057238,1,0,-122
1767173367.067238,0,6,-128
1767173367.077238,0,0,-131
1767173367.087238,2,-1,-136
1767173367.097238,0,-3,-138
1767173367.107238,-4,-1,-134
1767173367.117238,-5,-5,-130
1767173367.127238,-8,-2,-119
1767173367.1372385,-8,-2,-116
1767173367.1472385,-14,0,-115
1767173367.1572382,-12,-2,-114
1767173367.1672382,-7,-2,-117
1767173367.1772382,-9,-1,-119
1767173367.1872382,-6,0,-118
1767173367.1972382,-5,1,-122
1767173367.2072382,-2,1,-122
1767173367.2172382,-4,4,-124
1767173367.2272382,-6,8,-126
1767173367.2372382,-5,10,-126
1767173367.2472382,-4,11,-124
1767173367.257238,-4,5,-122
1767173367.267238,-1,7,-119
1767173367.278238,-3,4,-124
1767173367.288238,-4,2,-121
1767173367.298238,-7,-3,-126
1767173367.3082385,-7,-6,-130
1767173367.317238,-3,-3,-125
1767173367.3282382,-4,-2,-125
1767173367.3382382,-2,0,-125
1767173367.3482382,-2,3,-127
1767173367.3582382,0,0,-126
1767173367.367238,2,0,-127
1767173367.3782382,2,0,-132
1767173367.3882382,-1,-3,-138
1767173367.3982382,-5,-1,-134
1767173367.4082382,-1,-6,-135
1767173367.4182382,0,-10,-127
1767173367.4282382,3,-11,-124
1767173367.438238,2,-8,-125
1767173367.448238,0,-10,-124
1767173367.458238,-5,-14,-126
1767173367.468238,-5,-8,-121
1767173367.478238,-4,-8,-128
1767173367.488238,-6,-12,-125
1767173367.498238,-5,-11,-127
1767173367.508238,-3,-2,-127
1767173367.518238,-7,-2,-123
1767173367.528238,-11,0,-124
1767173367.538238,-6,0,-126
1767173367.548238,-6,3,-124
1767173367.5582385,-6,3,-125
1767173367.5682385,-8,6,-128
1767173367.5782382,-6,2,-126
1767173367.5882382,-3,-2,-128
1767173367.5982382,-2,-2,-123
1767173367.6082382,-1,-5,-128
1767173367.6182382,-2,-11,-124
1767173367.6282382,0,-8,-129
1767173367.6382382,4,-5,-131
1767173367.6482382,0,-3,-123
1767173367.6582382,1,-2,-130
1767173367.6682382,1,-1,-128
1767173367.6782382,0,-4,-129
1767173367.688238,2,-3,-133
1767173367.698238,-2,-2,-135
1767173367.708238,-6,-7,-128
1767173367.718238,-6,-4,-122
1767173367.728238,0,0,-123
1767173367.738238,-1,1,-126
1767173367.748238,3,-1,-122
1767173367.758238,8,-1,-116
1767173367.768238,6,1,-119
1767173367.778238,5,0,-120
1767173367.788238,5,1,-119
1767173367.798238,4,-1,-121
1767173367.8082385,8,-1,-122
1767173367.8182385,10,-1,-121
1767173367.8282382,10,-2,-126
1767173367.8382382,11,-6,-124
1767173367.8482382,11,-7,-129
1767173367.8582382,9,-12,-123
1767173367.8682382,9,-10,-122
1767173367.8782382,9,-10,-124
1767173367.8882382,9,-6,-119
1767173367.8982382,7,-7,-118
1767173367.9082382,1,-6,-122
1767173367.9182382,4,-3,-128
1767173367.9282382,4,-8,-132
1767173367.938238,5,-5,-137
1767173367.948238,2,-5,-139
1767173367.958238,2,1,-137
1767173367.968238,3,5,-133
1767173367.978238,2,2,-139
1767173367.988238,4,2,-129
1767173367.998238,3,1,-124
1767173368.008238,0,1,-114
1767173368.018238,-3,-5,-111
1767173368.028238,-1,-9,-110
1767173368.038238,2,-7,-111
1767173368.048238,3,-8,-109
1767173368.0582385,0,-7,-117
1767173368.0682385,-1,-8,-117
1767173368.0782382,-3,-10,-122
1767173368.0882382,-7,-9,-128
1767173368.0982382,-6,-6,-131
1767173368.1082382,-8,-6,-132
1767173368.1182382,-3,-12,-133
1767173368.1282382,-6,-12,-140
1767173368.1382382,-4,-9,-140
1767173368.1482382,-2,-10,-144
1767173368.1582382,-2,-10,-142
1767173368.1682382,1,-7,-135
1767173368.1782382,2,-10,-129
1767173368.188238,4,-10,-126
1767173368.198238,2,-8,-126
1767173368.208238,3,-7,-129
1767173368.218238,2,-6,-126
1767173368.228238,3,-4,-127
1767173368.238238,-2,0,-125
1767173368.248238,0,1,-127
1767173368.258238,-2,-2,-123
1767173368.268238,-3,-2,-130
1767173368.278238,-4,-1,-125
1767173368.288238,-4,0,-123
1767173368.298238,0,1,-128
1767173368.3082385,6,0,-125
1767173368.3182385,7,2,-124
1767173368.3282382,6,0,-123
1767173368.3382382,0,-2,-122
1767173368.3482382,0,-2,-124
1767173368.3582382,-1,-1,-123
1767173368.3682382,1,-4,-119
1767173368.3782382,4,-5,-117
1767173368.3882382,6,0,-115
1767173368.3982382,2,-1,-124
1767173368.4082382,1,-2,-131
1767173368.4182382,2,-1,-133
1767173368.4282382,1,1,-128
1767173368.438238,0,-2,-130
1767173368.448238,2,-3,-130
1767173368.458238,2,-3,-128
1767173368.468238,0,1,-125
1767173368.478238,2,0,-121
1767173368.488238,2,0,-125
1767173368.498238,1,-3,-129
1767173368.508238,0,-5,-131
1767173368.518238,-1,-7,-140
1767173368.528238,0,-5,-141
1767173368.538238,0,-7,-141
1767173368.548238,2,-5,-137
1767173368.5582385,3,-6,-135
1767173368.5682385,0,-11,-134
1767173368.5782382,-1,-13,-139
1767173368.5882382,0,-11,-143
1767173368.5982382,0,-8,-143
1767173368.6082382,0,-9,-139
1767173368.6182382,0,-6,-139
1767173368.6282382,-1,-8,-138
1767173368.6382382,-2,-5,-134
1767173368.6482382,-3,-7,-133
1767173368.6582382,-2,-5,-137
1767173368.6682382,-3,-6,-128
1767173368.6782382,-2,-4,-128
1767173368.688238,-1,-4,-130
1767173368.698238,0,-7,-132
1767173368.708238,-4,-5,-130
1767173368.718238,-3,-4,-129
1767173368.728238,1,-3,-129
1767173368.738238,1,0,-130
1767173368.748238,2,0,-131
1767173368.758238,0,-4,-133
1767173368.768238,0,-7,-134
1767173368.778238,3,-4,-133
1767173368.788238,0,-4,-131
1767173368.798238,-4,-3,-130
1767173368.8082385,-1,-4,-123
1767173368.8182385,0,-4,-121
1767173368.8282382,1,-4,-122
1767173368.8382382,-2,-5,-125
1767173368.8482382,0,-5,-130
1767173368.8582382,0,-2,-135
1767173368.8682382,0,-2,-135
1767173368.8782382,1,-3,-132
1767173368.8882382,1,-2,-131
1767173368.8982382,-1,-3,-132
1767173368.9082382,-2,-2,-131
1767173368.9182382,0,-2,-122
1767173368.9282382,3,-2,-127
1767173368.938238,4,-3,-126
1767173368.948238,2,-3,-124
1767173368.958238,1,0,-120
1767173368.968238,2,-1,-117
1767173368.978238,1,-1,-119
1767173368.988238,-2,0,-118
1767173368.998238,-3,-1,-125
1767173369.008238,-3,-3,-124
1767173369.018238,-1,-7,-129
1767173369.028238,-4,-7,-129
1767173369.038238,-2,-10,-126
1767173369.048238,-6,-7,-126
1767173369.0582385,-3,-6,-120
1767173369.0682385,-4,-1,-123
1767173369.0782382,3,-3,-127
1767173369.0882382,4,-1,-123
1767173369.0982382,3,1,-119
1767173369.1082382,3,2,-120
1767173369.1182382,1,-1,-125
1767173369.1282382,3,0,-122
1767173369.1382382,0,0,-121
1767173369.1482382,-7,2,-117
1767173369.1582382,-4,3,-130
1767173369.1682382,-1,-1,-125
1767173369.1782382,0,-2,-123
1767173369.188238,-2,-4,-125
1767173369.198238,-4,-7,-126
1767173369.208238,-5,-6,-127
1767173369.218238,-5,-2,-130
1767173369.228238,-4,-2,-128
1767173369.238238,-2,2,-136
1767173369.248238,0,2,-139
1767173369.258238,2,4,-128
1767173369.268238,0,4,-124
1767173369.278238,1,4,-122
1767173369.288238,-1,4,-116
1767173369.298238,-5,1,-119
1767173369.3082385,-4,-1,-123
1767173369.3182385,-6,-3,-130
1767173369.3282382,-5,-2,-131
1767173369.3382382,-5,0,-125
1767173369.3482382,-6,-5,-130
1767173369.3582382,-4,-2,-132
1767173369.3682382,0,-3,-128
1767173369.3782382,1,-1,-125
1767173369.3882382,-2,-4,-127
1767173369.3982382,0,-5,-134
1767173369.4082382,-3,0,-135
1767173369.4182382,0,3,-138
1767173369.4282382,0,2,-135
1767173369.438238,3,0,-139
1767173369.448238,4,-3,-140
1767173369.458238,6,-3,-132
1767173369.468238,6,0,-127
1767173369.478238,0,0,-122
1767173369.488238,-2,-2,-115
1767173369.498238,-6,-3,-117
1767173369.508238,-4,-2,-122
1767173369.518238,-7,-4,-126
1767173369.528238,-6,-4,-124
1767173369.538238,-4,-12,-131
1767173369.548238,-2,-11,-129
1767173369.5582385,-1,-12,-125
1767173369.5682385,-4,-6,-124
1767173369.5782382,-6,-4,-132
1767173369.5882382,-4,-5,-129
1767173369.5982382,2,-3,-130
1767173369.6082382,0,-5,-128
1767173369.6182382,-2,-7,-131
1767173369.6282382,-2,-6,-119
1767173369.6382382,-3,-2,-117
1767173369.6482382,-1,-3,-116
1767173369.6582382,-3,-6,-117
1767173369.6682382,1,-7,-116
1767173369.6782382,-1,-3,-118
1767173369.688238,0,-3,-125
1767173369.698238,-4,-2,-127
1767173369.708238,-4,-4,-129
1767173369.718238,-7,-6,-120
1767173369.728238,-9,-2,-118
1767173369.738238,-3,0,-116
1767173369.748238,-1,0,-119
1767173369.758238,-1,-2,-121
1767173369.768238,-1,-8,-117
1767173369.778238,-2,-8,-122
1767173369.788238,-6,-9,-132
1767173369.798238,-6,-11,-128
1767173369.8082385,-5,-8,-129
1767173369.8182385,-5,-6,-128
1767173369.8282382,-8,-5,-124
1767173369.8382382,-5,-7,-126
1767173369.8482382,-3,-3,-125
1767173369.8582382,-2,-3,-120
1767173369.8682382,-4,-4,-119
1767173369.8782382,-3,-5,-118
1767173369.8882382,0,-3,-116
1767173369.899238,1,-5,-120
1767173369.909238,0,-6,-126
1767173369.9182382,0,-5,-127
1767173369.929238,2,-6,-129
1767173369.939238,0,-9,-131
1767173369.949238,0,-10,-131
1767173369.959238,1,-8,-129
1767173369.969238,2,-9,-130
1767173369.9792385,6,-10,-126
1767173369.9892385,5,-8,-125
1767173369.9992385,1,-8,-125
1767173370.0092382,1,-8,-119
1767173370.0192382,4,0,-122
1767173370.0292382,4,0,-121
1767173370.0392382,5,0,-113
1767173370.0492382,5,0,-120
1767173370.0592382,4,-2,-122
1767173370.0692382,4,-4,-119
1767173370.0792382,7,-7,-113
1767173370.0892382,6,-8,-117
1767173370.0992382,11,-2,-117
1767173370.109238,7,-3,-118
1767173370.119238,7,-3,-116
1767173370.129238,4,0,-123
1767173370.139238,1,1,-115
1767173370.149238,1,-2,-124
1767173370.159238,-2,0,-128
1767173370.169238,-4,0,-123
1767173370.179238,1,0,-116
1767173370.189238,1,0,-117
1767173370.199238,1,-3,-122
1767173370.209238,2,-4,-125
1767173370.219238,3,-5,-126
1767173370.2292385,2,-7,-131
1767173370.2392385,1,-4,-128
1767173370.2492385,3,0,-125
1767173370.2592382,-3,3,-123
1767173370.2692382,-9,7,-121
1767173370.2792382,-6,4,-121
1767173370.2892382,-7,1,-126
1767173370.2992382,-4,3,-125
1767173370.3092382,-1,2,-129
1767173370.3192382,-1,3,-121
1767173370.3292382,-2,0,-121
1767173370.3392382,0,0,-124
1767173370.3492382,2,1,-118
1767173370.359238,3,0,-120
1767173370.369238,-1,0,-129
1767173370.379238,-2,3,-131
1767173370.389238,0,3,-129
1767173370.399238,0,0,-127
1767173370.409238,-8,0,-129
1767173370.419238,-11,4,-130
1767173370.429238,-9,2,-123
1767173370.439238,-5,4,-113
1767173370.449238,-9,3,-117
1767173370.459238,-12,5,-115
1767173370.469238,-10,3,-112
1767173370.4792385,-9,4,-119
1767173370.4892385,-11,6,-122
1767173370.4992385,-6,1,-132
1767173370.5092382,-8,2,-128
1767173370.5192382,-13,-1,-133
1767173370.5292382,-12,0,-132
1767173370.5392382,-10,0,-129
1767173370.5492382,-8,2,-130
1767173370.5592382,-3,0,-130
1767173370.5692382,2,-5,-130
1767173370.5792382,1,-8,-132
1767173370.5892382,0,-9,-129
1767173370.5992382,3,-6,-128
1767173370.609238,-2,-4,-128
1767173370.619238,-6,0,-127
1767173370.629238,-4,-4,-126
1767173370.6512382,2,-1,-127
1767173370.659238,0,0,-117
1767173370.669238,1,1,-115
1767173370.679238,1,0,-123
1767173370.689238,6,0,-125
1767173370.699238,5,0,-132
1767173370.709238,5,5,-130
1767173370.719238,2,7,-126
1767173370.7292385,1,3,-126
1767173370.7392385,0,2,-131
1767173370.7492385,0,0,-129
1767173370.7592382,-1,0,-123
1767173370.7692382,-2,-2,-124
1767173370.7792382,-5,-1,-127
1767173370.7892382,-6,0,-132
1767173370.7992382,-9,0,-131
1767173370.8092382,-7,0,-128
1767173370.8192382,-5,2,-130
1767173370.8292382,-5,2,-134
1767173370.8392382,-3,-1,-135
1767173370.8492382,-3,0,-143
1767173370.859238,0,-2,-136
1767173370.869238,-2,0,-130
1767173370.879238,-4,3,-127
1767173370.889238,-2,4,-122
1767173370.899238,-2,-5,-123
1767173370.909238,0,-5,-127
1767173370.919238,0,-1,-132
1767173370.929238,0,0,-134
1767173370.939238,4,-3,-133
1767173370.949238,0,0,-132
1767173370.959238,6,-6,-137
1767173370.969238,2,-4,-140
1767173370.9792385,-2,-1,-137
1767173370.9892385,-6,1,-127
1767173370.9992385,-4,-3,-123
1767173371.0092382,0,-5,-131
1767173371.0192382,0,-6,-134
1767173371.0292382,2,-8,-128
1767173371.0392382,3,-8,-127
1767173371.0492382,2,-8,-133
1767173371.0592382,1,-9,-130
1767173371.0692382,4,-1,-131
1767173371.0792382,3,0,-135
1767173371.0892382,-1,1,-133
1767173371.0992382,0,0,-133
1767173371.109238,3,-2,-127
1767173371.119238,2,0,-125
1767173371.129238,0,-2,-127
1767173371.139238,4,1,-131
1767173371.149238,3,-1,-132
1767173371.159238,0,-2,-131
1767173371.169238,0,-2,-131
1767173371.179238,2,-2,-138
1767173371.189238,4,0,-143
1767173371.199238,7,1,-138
1767173371.209238,4,7,-132
1767173371.219238,1,5,-132
1767173371.2292385,-2,2,-130
1767173371.2392385,-3,0,-126
1767173371.2492385,-5,-3,-117
1767173371.2592382,-2,-4,-124
1767173371.2692382,1,-3,-126
1767173371.2792382,0,-5,-131
1767173371.2892382,1,-2,-132
1767173371.2992382,1,-4,-135
1767173371.3092382,4,0,-127
1767173371.3192382,7,-2,-124
1767173371.3292382,6,-2,-127
1767173371.3392382,5,-4,-123
1767173371.3492382,4,-7,-128
1767173371.359238,6,-6,-123
1767173371.369238,4,-9,-123
1767173371.379238,8,-3,-126
1767173371.389238,6,-4,-127
1767173371.399238,3,-4,-131
1767173371.409238,-1,-7,-128
1767173371.419238,1,-5,-127
1767173371.429238,0,-2,-124
1767173371.439238,-3,1,-122
1767173371.449238,-1,0,-122
1767173371.459238,0,3,-130
1767173371.469238,-1,2,-133
1767173371.4792385,-3,4,-135
1767173371.4892385,0,2,-131
1767173371.4992385,3,1,-130
1767173371.5092382,2,2,-130
1767173371.5192382,2,0,-126
1767173371.5292382,-1,0,-120
1767173371.5392382,-4,-4,-114
1767173371.5492382,-2,3,-114
1767173371.5592382,1,1,-117
1767173371.5692382,-2,6,-123
1767173371.5792382,1,3,-125
1767173371.5892382,-1,0,-123
1767173371.5992382,3,3,-124
1767173371.609238,3,2,-129
1767173371.619238,3,-1,-130
1767173371.629238,7,-3,-134
1767173371.639238,2,-1,-135
1767173371.649238,-2,0,-133
1767173371.659238,-2,0,-136
1767173371.669238,-6,0,-131
1767173371.679238,-3,3,-133
1767173371.689238,-3,7,-133
1767173371.699238,-5,4,-129
1767173371.709238,-5,2,-130
1767173371.719238,-5,0,-129
1767173371.7292385,-5,0,-133
1767173371.7392385,-4,-3,-131
1767173371.7492385,0,1,-131
1767173371.7592382,1,3,-129
1767173371.7692382,2,3,-127
1767173371.7792382,0,3,-122
1767173371.7892382,0,0,-129
1767173371.7992382,0,0,-130
1767173371.8092382,0,-3,-127
1767173371.8192382,0,-1,-128
1767173371.8292382,-1,-2,-124
1767173371.8392382,-4,-1,-129
1767173371.8492382,-3,-1,-130
1767173371.859238,-4,0,-133
1767173371.869238,-2,0,-133
1767173371.879238,-3,0,-128
1767173371.889238,-5,-2,-126
1767173371.899238,-5,-3,-134
1767173371.909238,0,-3,-140
1767173371.919238,0,-2,-132
1767173371.929238,0,-3,-130
1767173371.939238,2,-6,-132
1767173371.949238,2,-5,-141
1767173371.959238,2,-7,-141
1767173371.969238,0,-10,-136
1767173371.9792385,-1,-6,-132
1767173371.9892385,-5,-1,-134
1767173371.9992385,-9,0,-132
1767173372.0092382,-11,0,-126
1767173372.0192382,-11,1,-125
1767173372.0292382,-12,3,-126
1767173372.0392382,-12,0,-133
1767173372.0492382,-11,-4,-122
1767173372.0592382,-10,-2,-124
1767173372.0692382,-12,-1,-132
1767173372.0792382,-6,0,-138
1767173372.0892382,-2,1,-134
1767173372.0992382,1,0,-131
1767173372.109238,1,1,-129
1767173372.119238,6,-3,-131
1767173372.129238,6,-2,-130
1767173372.139238,4,-4,-135
1767173372.149238,1,-2,-130
1767173372.159238,3,0,-130
1767173372.169238,3,1,-133
1767173372.179238,6,1,-136
1767173372.189238,6,-6,-138
1767173372.199238,5,-5,-140
1767173372.209238,5,-6,-139
1767173372.219238,3,-6,-132
1767173372.2292385,1,-3,-131
1767173372.2392385,2,-2,-132
1767173372.2492385,0,0,-127
1767173372.2592382,1,-2,-125
1767173372.2692382,0,0,-130
1767173372.2792382,3,-2,-131
1767173372.2892382,1,-5,-130
1767173372.2992382,0,-1,-134
1767173372.3092382,2,-5,-131
1767173372.3192382,0,-4,-135
1767173372.3292382,2,-3,-136
1767173372.3392382,3,-3,-137
1767173372.3492382,1,-3,-133
1767173372.359238,-1,-3,-128
1767173372.369238,-3,-5,-122
1767173372.379238,-3,-2,-114
1767173372.389238,-4,-3,-121
1767173372.399238,-4,-3,-126
1767173372.409238,-5,-7,-122
1767173372.419238,-7,-4,-125
1767173372.429238,-9,-3,-133
1767173372.439238,-9,-2,-125
1767173372.449238,-7,0,-125
1767173372.459238,-3,0,-128
1767173372.4702382,-3,-3,-130
1767173372.4802382,1,-4,-132
1767173372.4902382,1,-8,-127
1767173372.5002382,1,-3,-124
1767173372.5102382,0,0,-117
1767173372.5202382,2,-1,-115
1767173372.5302382,0,0,-113
1767173372.540238,1,-1,-111
1767173372.550238,1,-7,-116
1767173372.560238,-2,-5,-121
1767173372.570238,2,-8,-120
1767173372.580238,0,-8,-111
1767173372.590238,2,-9,-119
1767173372.600238,1,-10,-124
1767173372.610238,1,-5,-134
1767173372.620238,-1,-4,-130
1767173372.630238,-4,-5,-129
1767173372.640238,-7,-5,-133
1767173372.650238,-4,-4,-127
1767173372.6602385,0,-3,-128
1767173372.6702385,-1,-3,-129
1767173372.6802382,-4,-1,-129
1767173372.6902382,-1,-1,-127
1767173372.7002382,-4,-5,-135
1767173372.7102382,-2,-3,-137
1767173372.7202382,0,-1,-134
1767173372.7302382,2,-4,-128
1767173372.7402382,3,-6,-129
1767173372.7502382,4,-5,-127
1767173372.7602382,2,-8,-125
1767173372.7702382,5,-8,-131
1767173372.7802382,3,-7,-133
1767173372.790238,4,-10,-128
1767173372.800238,4,-10,-132
1767173372.810238,6,-5,-134
1767173372.820238,3,-7,-135
1767173372.830238,2,-4,-137
1767173372.840238,5,-4,-134
1767173372.850238,4,-7,-123
1767173372.860238,4,-3,-126
1767173372.870238,2,-1,-125
1767173372.880238,3,-3,-128
1767173372.890238,2,-4,-120
1767173372.900238,4,-3,-119
1767173372.9102385,1,-4,-125
1767173372.9202385,0,-4,-130
1767173372.9302382,-1,-3,-123
1767173372.9402382,0,-2,-125
1767173372.9502382,-2,-2,-125
1767173372.9602382,0,-3,-127
1767173372.9702382,0,-1,-128
1767173372.9802382,-3,-5,-138
1767173372.9902382,-6,-4,-135
1767173373.0002382,-5,-5,-132
1767173373.0102382,-4,-7,-123
1767173373.0202382,-7,-9,-122
1767173373.0302382,1,-12,-127
1767173373.040238,0,-8,-122
1767173373.050238,0,-5,-121
1767173373.060238,-5,-2,-117
1767173373.070238,-3,-3,-122
1767173373.080238,-1,-5,-124
1767173373.090238,-2,-1,-122
1767173373.100238,0,1,-120
1767173373.110238,-2,4,-125
1767173373.120238,-2,3,-132
1767173373.130238,0,0,-132
1767173373.140238,5,-1,-133
1767173373.150238,7,-5,-130
1767173373.1602385,8,-4,-132
1767173373.1702385,4,-3,-131
1767173373.1802382,2,-6,-126
1767173373.1902382,5,-6,-121
1767173373.2002382,5,-5,-119
1767173373.2102382,8,-6,-119
1767173373.2202382,6,-2,-122
1767173373.2302382,2,-2,-118
1767173373.2402382,0,1,-119
1767173373.2502382,-3,7,-120
1767173373.2602382,-3,6,-118
1767173373.2702382,-2,7,-124
1767173373.2802382,0,5,-130
1767173373.290238,0,1,-132
1767173373.300238,-5,0,-140
1767173373.310238,-9,3,-138
1767173373.320238,-3,1,-133
1767173373.330238,-4,1,-138
1767173373.340238,-4,2,-136
1767173373.350238,-7,2,-134
1767173373.360238,-3,0,-137
1767173373.370238,3,-4,-140
1767173373.380238,7,-4,-137
1767173373.390238,6,-1,-135
1767173373.400238,6,-5,-132
1767173373.4102385,-1,-3,-126
1767173373.4202385,-5,-7,-125
1767173373.4302382,-5,-8,-123
1767173373.4402382,-3,-6,-122
1767173373.4502382,-2,-10,-125
1767173373.4602382,0,-9,-131
1767173373.4702382,-4,-6,-125
1767173373.4802382,-2,-3,-120
1767173373.4902382,-1,-3,-127
1767173373.5002382,0,-4,-132
1767173373.5102382,1,-6,-133
1767173373.5202382,5,-3,-134
1767173373.5302382,3,-7,-142
1767173373.540238,5,-5,-137
1767173373.550238,1,-2,-131
1767173373.560238,0,-1,-126
1767173373.570238,-2,2,-124
1767173373.580238,0,6,-127
1767173373.590238,-3,3,-124
1767173373.600238,-3,0,-117
1767173373.610238,-7,0,-121
1767173373.620238,-7,1,-119
1767173373.630238,-1,4,-122
1767173373.640238,1,1,-134
1767173373.650238,1,1,-132
1767173373.6602385,0,-1,-123
1767173373.6702385,-1,-2,-122
1767173373.6802382,-1,-2,-120
1767173373.6902382,0,-4,-126
1767173373.7002382,1,-9,-125
1767173373.7102382,-1,-6,-123
1767173373.7202382,0,-9,-122
1767173373.7302382,2,-7,-125
1767173373.7402382,-1,-5,-133
1767173373.7502382,0,0,-134
1767173373.7602382,4,0,-128
1767173373.7702382,1,3,-126
1767173373.7802382,4,1,-124
1767173373.790238,3,0,-121
1767173373.800238,3,1,-124
1767173373.810238,2,3,-126
1767173373.820238,3,2,-129
1767173373.830238,0,1,-127
1767173373.840238,-2,0,-135
1767173373.850238,0,-4,-131
1767173373.860238,0,-3,-126
1767173373.870238,-1,-4,-125
1767173373.880238,1,-7,-125
1767173373.890238,3,-7,-122
1767173373.900238,2,-4,-122
1767173373.9102385,0,-4,-126
1767173373.9202385,-6,-4,-131
1767173373.9302382,-3,-1,-132
1767173373.9402382,1,0,-125
1767173373.9502382,4,0,-125
1767173373.9602382,3,-3,-130
1767173373.9702382,0,-3,-125
1767173373.9802382,0,-6,-126
1767173373.9902382,-1,-4,-127
1767173374.0002382,0,-1,-122
1767173374.0102382,-6,-2,-121
1767173374.0202382,-7,-3,-125
1767173374.0302382,-8,-2,-125
1767173374.040238,-9,3,-124
1767173374.050238,-4,3,-121
1767173374.060238,-1,5,-120
1767173374.070238,-1,6,-122
1767173374.080238,-3,4,-131
1767173374.090238,-3,1,-137
1767173374.100238,-2,3,-137
1767173374.110238,-2,0,-134
1767173374.120238,-2,0,-132
1767173374.130238,0,1,-131
1767173374.140238,-3,1,-130
1767173374.150238,-4,0,-134
1767173374.1602385,-5,-1,-130
1767173374.1702385,-5,-2,-128
1767173374.1802382,-9,0,-125
1767173374.1902382,-5,0,-123
1767173374.2002382,-3,0,-117
1767173374.2102382,-9,-3,-121
1767173374.2202382,-10,-6,-120
1767173374.2302382,-6,-7,-120
1767173374.2402382,-4,-5,-123
1767173374.2502382,0,-6,-133
1767173374.2602382,0,-9,-136
1767173374.2702382,4,-8,-128
1767173374.2802382,1,-5,-127
1767173374.290238,4,-4,-125
1767173374.300238,0,-7,-126
1767173374.310238,-1,-3,-123
1767173374.320238,0,0,-128
1767173374.330238,-2,-1,-130
1767173374.340238,-6,0,-124
1767173374.350238,-7,2,-124
1767173374.360238,-9,3,-125
1767173374.370238,-10,0,-128
1767173374.380238,-7,-3,-126
1767173374.390238,-9,-2,-115
1767173374.400238,-8,0,-121
1767173374.4102385,-8,0,-126
1767173374.4202385,-4,0,-132
1767173374.4302382,-3,-2,-130
1767173374.4402382,-11,-3,-128
1767173374.4502382,-7,-3,-132
1767173374.4602382,-2,-5,-130
1767173374.4702382,-6,-1,-129
1767173374.4802382,0,-3,-127
1767173374.4902382,4,-7,-124
1767173374.5002382,1,-7,-122
1767173374.5102382,0,-7,-124
1767173374.5202382,1,-6,-126
1767173374.5302382,0,-3,-126
1767173374.540238,-2,-3,-118
1767173374.550238,-2,-2,-120
1767173374.560238,-1,-1,-112
1767173374.570238,-3,2,-113
1767173374.580238,-5,0,-117
1767173374.590238,-3,0,-120
1767173374.600238,0,-1,-126
1767173374.610238,1,-2,-122
1767173374.620238,2,-3,-124
1767173374.630238,2,-5,-128
1767173374.640238,-3,-4,-125
1767173374.650238,0,-5,-123
1767173374.6602385,0,-6,-118
1767173374.6702385,0,-5,-118
1767173374.6802382,0,-5,-118
1767173374.6902382,1,-1,-128
1767173374.7002382,3,-5,-127
1767173374.7102382,5,-5,-124
1767173374.7202382,6,-3,-125
1767173374.7302382,3,-2,-131
1767173374.7402382,2,-7,-136
1767173374.7502382,0,-4,-134
1767173374.7602382,-1,-6,-133
1767173374.7702382,0,-7,-126
1767173374.7802382,1,-6,-130
1767173374.790238,-1,-7,-126
1767173374.800238,0,-4,-130
1767173374.810238,1,-1,-133
1767173374.820238,3,-1,-129
1767173374.830238,5,0,-137
1767173374.840238,2,1,-136
1767173374.850238,0,2,-128
1767173374.860238,0,2,-131
1767173374.870238,2,3,-132
1767173374.880238,2,1,-131
1767173374.890238,4,1,-131
1767173374.900238,5,3,-130
1767173374.9102385,3,6,-126
1767173374.9202385,0,6,-119
1767173374.9302382,2,3,-116
1767173374.9402382,3,0,-123
1767173374.9502382,3,0,-128
1767173374.9602382,0,-1,-135
1767173374.9702382,6,-2,-128
1767173374.9802382,8,-4,-137
1767173374.9902382,11,-5,-141
1767173375.0002382,12,-5,-134
1767173375.0102382,9,-5,-134
1767173375.0202382,6,-6,-133
1767173375.0302382,4,-7,-140
1767173375.040238,2,-8,-137
1767173375.050238,-1,-5,-134
1767173375.060238,2,-4,-130
1767173375.070238,1,-4,-141
1767173375.0812385,2,-2,-134
1767173375.090238,0,0,-126
1767173375.100238,0,0,-130
1767173375.1112382,5,-1,-130
1767173375.120238,6,-3,-129
1767173375.1312382,11,-7,-133
1767173375.1412382,3,-7,-126
1767173375.1512382,3,-5,-124
1767173375.1612382,0,-6,-128
1767173375.1712382,5,-6,-135
1767173375.1812382,7,-3,-138
1767173375.1912382,7,-1,-133
1767173375.2012382,6,-2,-127
1767173375.211238,7,-1,-125
1767173375.221238,0,-3,-125
1767173375.231238,3,-2,-122
1767173375.241238,7,-3,-123
1767173375.251238,3,0,-123
1767173375.261238,0,0,-128
1767173375.271238,-2,0,-132
1767173375.281238,-4,-3,-134
1767173375.291238,-6,-3,-132
1767173375.301238,-4,-4,-132
1767173375.311238,-3,-1,-136
1767173375.321238,-4,-2,-133
1767173375.3312385,2,-2,-128
1767173375.3412385,3,-7,-124
1767173375.3512385,3,-4,-126
1767173375.3612382,6,-5,-129
1767173375.3712382,4,-7,-128
1767173375.3812382,5,-6,-126
1767173375.3912382,2,-6,-127
1767173375.4012382,2,-10,-128
1767173375.4112382,1,-13,-128
1767173375.4212382,0,-13,-131
1767173375.4312382,0,-8,-132
1767173375.4412382,0,-5,-131
1767173375.4512382,5,-5,-133
1767173375.461238,5,-4,-131
1767173375.471238,0,-5,-131
1767173375.481238,-1,-4,-128
1767173375.491238,2,-1,-123
1767173375.501238,1,1,-126
1767173375.511238,2,1,-127
1767173375.521238,2,0,-131
1767173375.531238,2,-2,-131
1767173375.541238,0,-4,-127
1767173375.551238,-2,-8,-131
1767173375.561238,-1,-7,-130
1767173375.571238,1,-5,-129
1767173375.5812385,0,-2,-122
1767173375.5912385,0,-3,-120
1767173375.6012385,1,-5,-126
1767173375.6112382,4,-2,-130
1767173375.6212382,-2,-3,-124
1767173375.6312382,0,-5,-123
1767173375.6412382,0,-7,-129
1767173375.663238,0,-9,-131
1767173375.6712382,2,-9,-127
1767173375.6812382,3,-11,-123
1767173375.6912382,1,-11,-128
1767173375.7012382,1,-10,-132
1767173375.711238,2,-9,-132
1767173375.721238,2,-9,-130
1767173375.731238,1,-9,-129
1767173375.741238,0,-10,-126
1767173375.751238,-7,-4,-129
1767173375.761238,-7,-3,-128
1767173375.771238,-5,-4,-131
1767173375.781238,-7,-5,-132
1767173375.791238,-6,-6,-136
1767173375.801238,-3,-3,-140
1767173375.811238,-2,-5,-145
1767173375.821238,-2,-3,-140
1767173375.8312385,-1,-6,-142
1767173375.8412385,-2,-7,-135
1767173375.8512385,1,-7,-133
1767173375.8612382,2,-10,-133
1767173375.8712382,1,-5,-130
1767173375.8812382,4,-3,-133
1767173375.8912382,4,-6,-140
1767173375.9012382,1,-7,-143
1767173375.9112382,-3,-2,-137
1767173375.9212382,-6,-4,-140
1767173375.9312382,-3,-6,-133
1767173375.9412382,1,-4,-132
1767173375.9512382,3,-4,-126
1767173375.961238,1,-2,-128
1767173375.971238,-2,-6,-133
1767173375.981238,-3,-5,-129
1767173375.991238,-7,-6,-128
1767173376.001238,-6,-9,-132
1767173376.011238,-6,-9,-123
1767173376.021238,-5,-7,-116
1767173376.031238,-3,-10,-115
1767173376.041238,-2,-10,-112
1767173376.051238,-4,-9,-117
1767173376.061238,-3,-4,-117
1767173376.071238,-3,-7,-125
1767173376.0812385,0,-9,-128
1767173376.0912385,0,-10,-125
1767173376.1012385,-3,-9,-124
1767173376.1112382,-6,-10,-122
1767173376.1212382,-7,-9,-119
1767173376.1312382,-10,-4,-118
1767173376.1412382,-12,-2,-126
1767173376.1512382,-8,-1,-122
1767173376.1612382,-1,-1,-127
1767173376.1712382,-1,-1,-130
1767173376.1812382,-3,-3,-125
1767173376.1912382,-2,-7,-129
1767173376.2012382,-5,-2,-133
1767173376.211238,-7,-7,-133
1767173376.221238,-6,-8,-129
1767173376.231238,-3,-8,-133
1767173376.241238,3,-10,-129
1767173376.251238,5,-6,-129
1767173376.261238,5,-1,-131
1767173376.271238,3,2,-129
1767173376.281238,-1,1,-130
1767173376.291238,-2,0,-128
1767173376.301238,1,1,-131
1767173376.311238,-4,0,-125
1767173376.321238,-2,3,-120
1767173376.3312385,2,1,-125
1767173376.3412385,1,0,-127
1767173376.3512385,0,-4,-128
1767173376.3612382,0,-3,-130
1767173376.3712382,2,-4,-126
1767173376.3812382,3,-8,-121
1767173376.3912382,6,-10,-128
1767173376.4012382,9,-5,-126
1767173376.4112382,5,-5,-130
1767173376.4212382,4,-1,-123
1767173376.4312382,6,1,-127
1767173376.4412382,8,0,-124
1767173376.4512382,9,0,-125
1767173376.461238,4,2,-129
1767173376.471238,4,3,-129
1767173376.481238,1,3,-133
1767173376.491238,0,2,-133
1767173376.501238,0,2,-138
1767173376.511238,1,0,-137
1767173376.521238,0,0,-131
1767173376.531238,0,-2,-130
1767173376.541238,-4,-1,-129
1767173376.551238,0,2,-134
1767173376.561238,2,-4,-130
1767173376.571238,0,-5,-121
1767173376.5812385,0,-4,-119
1767173376.5912385,2,-3,-121
1767173376.6012385,2,-4,-121
1767173376.6112382,3,-2,-120
1767173376.6212382,1,-3,-127
1767173376.6312382,2,-4,-125
1767173376.6412382,1,-5,-124
1767173376.6512382,-2,-2,-132
1767173376.6612382,-4,-3,-140
1767173376.6712382,-8,-5,-133
1767173376.6812382,-6,-3,-132
1767173376.6912382,-6,-4,-132
1767173376.7012382,-4,-8,-130
1767173376.711238,0,0,-126
1767173376.721238,2,1,-126
1767173376.731238,2,-2,-129
1767173376.741238,-1,-1,-126
1767173376.751238,2,-5,-126
1767173376.761238,3,-7,-132
1767173376.771238,3,-5,-125
1767173376.781238,1,-4,-119
1767173376.791238,-1,-1,-120
1767173376.801238,-1,0,-122
1767173376.811238,-1,3,-119
1767173376.821238,-7,1,-119
1767173376.8312385,-9,-1,-121
1767173376.8412385,-5,1,-123
1767173376.8512385,-3,-2,-120
1767173376.8612382,-2,1,-120
1767173376.8712382,-6,2,-120
1767173376.8812382,-7,3,-122
1767173376.8912382,-1,0,-124
1767173376.9012382,-3,1,-126
1767173376.9112382,-8,3,-125
1767173376.9212382,-8,1,-128
1767173376.9312382,-8,-3,-135
1767173376.9412382,-14,3,-134
1767173376.9512382,-9,1,-129
1767173376.961238,-9,3,-127
1767173376.971238,-10,2,-129
1767173376.981238,-10,1,-131
1767173376.991238,-6,1,-128
1767173377.001238,-5,0,-132
1767173377.011238,-1,0,-137
1767173377.021238,-2,-2,-135
1767173377.031238,0,-5,-130
1767173377.041238,2,-7,-133
1767173377.051238,0,-6,-131
1767173377.061238,-3,-6,-134
1767173377.071238,-3,-7,-129
1767173377.0812385,0,-7,-131
1767173377.0912385,0,-8,-130
1767173377.1012385,2,-7,-132
1767173377.1112382,-1,-11,-128
1767173377.1212382,-5,-11,-133
1767173377.1312382,0,-8,-134
1767173377.1412382,0,-6,-135
1767173377.1512382,-4,-6,-131
1767173377.1612382,-4,-6,-134
1767173377.1712382,1,-5,-131
1767173377.1812382,2,-5,-134
1767173377.1912382,2,-3,-128
1767173377.2012382,5,-5,-133
1767173377.211238,2,-2,-138
1767173377.221238,1,-1,-136
1767173377.231238,0,3,-128
1767173377.241238,-2,-1,-127
1767173377.251238,1,0,-123
1767173377.261238,0,0,-120
1767173377.271238,-2,0,-123
1767173377.281238,-2,-2,-119
1767173377.291238,-1,-3,-123
1767173377.301238,-1,-5,-126
1767173377.311238,2,-4,-130
1767173377.321238,4,-5,-126
1767173377.3312385,0,-7,-129
1767173377.3412385,-2,-7,-130
1767173377.3512385,-3,-3,-131
1767173377.3612382,0,0,-130
1767173377.3712382,0,-1,-129
1767173377.3812382,0,-3,-134
1767173377.3912382,0,-3,-129
1767173377.4012382,0,-1,-121
1767173377.4112382,0,-1,-124
1767173377.4212382,-6,0,-134
1767173377.4312382,-9,-2,-139
1767173377.4412382,-4,0,-137
1767173377.4512382,-2,-3,-134
1767173377.461238,0,-4,-130
1767173377.471238,0,-3,-128
1767173377.481238,1,-4,-131
1767173377.491238,-1,-4,-132
1767173377.501238,0,-4,-128
1767173377.511238,0,-5,-130
1767173377.521238,4,-3,-130
1767173377.531238,1,0,-129
1767173377.541238,0,-2,-126
1767173377.551238,-1,-2,-123
1767173377.561238,-2,-3,-126
1767173377.571238,-2,0,-122
1767173377.5812385,2,-1,-121
1767173377.5912385,1,0,-119
1767173377.6012385,-2,-1,-120
1767173377.6112382,-4,-3,-120
1767173377.6212382,-2,-6,-116
1767173377.6312382,-3,-5,-116
1767173377.6412382,-3,-4,-115
1767173377.6512382,-1,-8,-111
1767173377.6612382,-1,-7,-114
1767173377.6712382,-1,-9,-120
1767173377.6812382,1,-10,-125
1767173377.6912382,0,-10,-127
1767173377.7012382,-2,-10,-124
1767173377.711238,-4,-8,-120
1767173377.722238,-1,-7,-124
1767173377.731238,0,-7,-121
1767173377.741238,-1,-4,-118
1767173377.752238,0,-2,-120
1767173377.7622385,-4,-2,-118
1767173377.7722385,-5,-4,-118
1767173377.7822382,-6,-6,-123
1767173377.7922382,-4,-12,-123
1767173377.8022382,-4,-11,-129
1767173377.811238,-7,-10,-134
1767173377.8222382,-1,-8,-139
1767173377.8322382,-4,-5,-136
1767173377.8422382,-6,-7,-128
1767173377.8522382,-4,-6,-122
1767173377.8622382,-3,-1,-126
1767173377.8722382,-2,-5,-119
1767173377.882238,-4,-7,-116
1767173377.892238,-3,-6,-112
1767173377.902238,-3,-5,-113
1767173377.912238,0,-5,-119
1767173377.922238,-4,-8,-115
1767173377.932238,0,-6,-117
1767173377.942238,-2,-6,-116
1767173377.952238,0,-8,-119
1767173377.962238,-1,-1,-122
1767173377.972238,-1,-4,-122
1767173377.982238,0,0,-123
1767173377.992238,2,3,-127
1767173378.002238,6,4,-128
1767173378.0122385,6,4,-127
1767173378.0222385,1,7,-130
1767173378.0322382,0,5,-133
1767173378.0422382,0,2,-135
1767173378.0522382,0,0,-131
1767173378.0622382,2,-2,-129
1767173378.0722382,-1,-3,-129
1767173378.0822382,-2,-4,-118
1767173378.0922382,0,-7,-120
1767173378.1022382,0,-5,-128
1767173378.1122382,-3,-10,-131
1767173378.1222382,0,-7,-132
1767173378.132238,-2,-2,-133
1767173378.143238,-1,-4,-130
1767173378.152238,1,-6,-126
1767173378.162238,3,-2,-124
1767173378.172238,7,-2,-127
1767173378.182238,4,-1,-128
1767173378.192238,3,-3,-133
1767173378.202238,0,-7,-136
1767173378.212238,1,-9,-133
1767173378.222238,-1,-7,-131
1767173378.232238,-1,-6,-125
1767173378.242238,-6,-5,-130
1767173378.252238,-3,-4,-127
1767173378.2622385,-5,-8,-121
1767173378.2722385,-6,-12,-127
1767173378.2822382,-8,-15,-128
1767173378.2922382,-2,-14,-130
1767173378.3022382,-1,-14,-132
1767173378.3122382,-1,-9,-136
1767173378.3222382,3,-11,-131
1767173378.3322382,0,-11,-126
1767173378.3422382,0,-7,-127
1767173378.3522382,-1,-6,-125
1767173378.3622382,-1,-6,-125
1767173378.3722382,-2,-5,-116
1767173378.382238,-1,-3,-112
1767173378.392238,-1,-2,-113
1767173378.402238,0,-6,-120
1767173378.412238,0,-6,-118
1767173378.422238,-4,-7,-125
1767173378.432238,0,-4,-136
1767173378.442238,2,-8,-136
1767173378.452238,0,-9,-139
1767173378.462238,0,-8,-139
1767173378.472238,1,-11,-138
1767173378.482238,2,-7,-137
1767173378.492238,2,-6,-134
1767173378.502238,2,-11,-133
1767173378.5122385,0,-9,-137
1767173378.5222385,2,-9,-139
1767173378.5322382,0,-6,-132
1767173378.5422382,-2,-4,-135
1767173378.5522382,-2,-4,-134
1767173378.5622382,-8,-6,-137
1767173378.5722382,-3,-8,-131
1767173378.5822382,-3,-5,-131
1767173378.5922382,0,-2,-128
1767173378.6022382,-2,-3,-122
1767173378.6122382,-1,-3,-124
1767173378.6222382,-4,-5,-125
1767173378.632238,-4,-8,-120
1767173378.642238,-5,-6,-126
1767173378.652238,0,-5,-126
1767173378.662238,2,-5,-126
1767173378.672238,1,-2,-114
1767173378.682238,0,-3,-115
1767173378.692238,0,-4,-113
1767173378.702238,0,-2,-107
1767173378.712238,0,0,-108
1767173378.722238,2,5,-109
1767173378.732238,4,5,-113
1767173378.742238,4,2,-114
1767173378.752238,2,-1,-116
1767173378.7622385,1,-1,-126
1767173378.7722385,4,-2,-124
1767173378.7822382,5,-2,-127
1767173378.7922382,3,-3,-128
1767173378.8022382,3,-4,-128
1767173378.8122382,0,-9,-129
1767173378.8222382,-1,-1,-130
1767173378.8322382,-8,-1,-123
1767173378.8422382,-9,3,-128
1767173378.8522382,-11,0,-122
1767173378.8622382,-8,-1,-124
1767173378.8722382,-5,3,-133
1767173378.882238,-6,2,-134
1767173378.892238,-2,2,-133
1767173378.902238,-2,1,-129
1767173378.912238,-1,2,-123
1767173378.922238,1,-1,-122
1767173378.932238,2,-7,-118
1767173378.942238,-1,-4,-122
1767173378.952238,-7,-5,-127
1767173378.962238,-5,-8,-135
1767173378.972238,-3,-7,-135
1767173378.982238,-3,-8,-131
1767173378.992238,-1,-5,-127
1767173379.002238,-3,-2,-129
1767173379.0122385,-5,-2,-136
1767173379.0222385,-8,-2,-131
1767173379.0322382,-8,0,-132
1767173379.0422382,-5,0,-133
1767173379.0522382,-2,0,-127
1767173379.0622382,-4,1,-127
1767173379.0722382,-2,1,-134
1767173379.0822382,0,0,-137
1767173379.0922382,1,0,-129
1767173379.1022382,-1,-1,-129
1767173379.1122382,-1,0,-133
1767173379.1222382,-1,-3,-129
1767173379.132238,3,-4,-130
1767173379.142238,4,0,-134
1767173379.152238,3,0,-136
1767173379.162238,0,-1,-137
1767173379.172238,0,0,-134
1767173379.182238,0,-3,-132
1767173379.192238,-1,-2,-132
1767173379.202238,1,-2,-125
1767173379.212238,2,0,-123
1767173379.222238,-1,6,-123
1767173379.232238,1,5,-121
1767173379.242238,1,9,-117
1767173379.252238,1,10,-116
1767173379.2622385,0,10,-119
1767173379.2722385,0,7,-124
1767173379.2822382,0,1,-129
1767173379.2922382,-2,-4,-134
1767173379.3022382,-7,-4,-133
1767173379.3122382,-7,-5,-131
1767173379.3222382,-6,-8,-132
1767173379.3322382,-3,-7,-134
1767173379.3422382,-3,-3,-132
1767173379.3522382,-3,-4,-133
1767173379.3622382,-2,0,-126
1767173379.3722382,-4,0,-119
1767173379.382238,-1,-1,-119
1767173379.392238,-2,-3,-119
1767173379.402238,2,-2,-120
1767173379.412238,-1,0,-125
1767173379.422238,0,0,-128
1767173379.432238,0,-3,-126
1767173379.442238,4,-4,-131
1767173379.452238,10,0,-131
1767173379.462238,8,0,-129
1767173379.472238,7,0,-127
1767173379.482238,3,-1,-123
1767173379.492238,5,-1,-129
1767173379.502238,4,3,-126
1767173379.5122385,1,3,-120
1767173379.5222385,-2,-4,-120
1767173379.5322382,-4,-2,-127
1767173379.5422382,-2,1,-132
1767173379.5522382,-2,-1,-131
1767173379.5622382,-5,0,-136
1767173379.5722382,-7,5,-132
1767173379.5822382,-6,9,-129
1767173379.5922382,-3,8,-124
1767173379.6022382,-2,6,-129
1767173379.6122382,0,3,-128
1767173379.6222382,-3,0,-126
1767173379.632238,-2,-2,-120
1767173379.642238,0,0,-124
1767173379.652238,0,-3,-128
1767173379.662238,2,0,-130
1767173379.672238,0,-3,-125
1767173379.682238,0,-4,-124
1767173379.692238,1,-1,-114
1767173379.702238,-1,-5,-119
1767173379.712238,0,-1,-123
1767173379.722238,1,-1,-123
1767173379.732238,2,-4,-127
1767173379.742238,1,-8,-130
1767173379.752238,0,-6,-130
1767173379.7622385,2,-2,-124
1767173379.7722385,1,-2,-131
1767173379.7822382,4,-3,-136
1767173379.7922382,4,0,-134
1767173379.8022382,3,-8,-128
1767173379.8122382,1,-6,-126
1767173379.8222382,0,-1,-121
1767173379.8322382,-1,0,-122
1767173379.8422382,-1,0,-122
1767173379.8522382,-4,0,-126
1767173379.8622382,-3,3,-126
1767173379.8722382,-5,5,-127
1767173379.882238,-4,3,-130
1767173379.892238,-4,3,-138
1767173379.902238,-4,0,-139
1767173379.912238,-3,5,-143
1767173379.922238,-3,10,-138
1767173379.932238,1,7,-136
1767173379.942238,2,6,-131
1767173379.952238,5,9,-129
1767173379.962238,6,9,-129
1767173379.972238,8,8,-130
1767173379.982238,9,9,-133
1767173379.992238,8,3,-128
1767173380.002238,4,4,-126
1767173380.0122385,2,0,-130
1767173380.0222385,2,0,-130
1767173380.0322382,0,1,-129
1767173380.0422382,0,3,-134
1767173380.0522382,-1,1,-132
1767173380.0622382,-2,-2,-134
1767173380.0722382,0,2,-134
1767173380.0822382,3,0,-135
1767173380.0922382,0,-1,-136
1767173380.1022382,-1,-9,-135
1767173380.1122382,0,-6,-131
1767173380.1222382,2,-4,-134
1767173380.132238,6,-3,-133
1767173380.142238,0,-2,-132
1767173380.152238,0,-4,-126
1767173380.162238,-1,-8,-122
1767173380.172238,-5,-9,-126
1767173380.182238,-4,-7,-129
1767173380.192238,-3,-6,-125
1767173380.202238,1,-4,-124
1767173380.212238,1,-2,-122
1767173380.222238,2,0,-125
1767173380.232238,0,0,-121
1767173380.242238,2,1,-120
1767173380.252238,2,4,-118
1767173380.2622385,1,5,-128
1767173380.2722385,-3,2,-125
1767173380.2822382,-5,1,-121
1767173380.2922382,-4,4,-124
1767173380.3022382,0,2,-134
1767173380.3122382,3,2,-140
1767173380.3222382,4,4,-142
1767173380.3322382,-1,2,-135
1767173380.3422382,-4,1,-128
1767173380.353238,3,1,-129
1767173380.363238,8,-1,-130
1767173380.373238,5,-2,-129
1767173380.383238,2,0,-134
1767173380.392238,5,0,-129
1767173380.403238,4,-1,-127
1767173380.413238,3,-8,-128
1767173380.423238,0,-7,-130
1767173380.4332385,0,-5,-124
1767173380.4432385,-2,-2,-127
1767173380.4532382,0,-2,-131
1767173380.4632382,-2,-2,-125
1767173380.4732382,0,-3,-127
1767173380.4832382,-2,-1,-130
1767173380.4932382,-2,0,-136
1767173380.5032382,-4,-2,-134
1767173380.5132382,-1,0,-140
1767173380.5232382,-1,1,-144
1767173380.5332382,-1,-1,-136
1767173380.5432382,-1,-2,-135
1767173380.5532382,-1,-2,-135
1767173380.563238,0,-3,-134
1767173380.573238,-2,4,-134
1767173380.583238,-1,1,-133
1767173380.593238,0,5,-128
1767173380.603238,-2,5,-131
1767173380.613238,-4,0,-127
1767173380.623238,-6,-1,-123
1767173380.633238,-7,-1,-122
1767173380.643238,-10,-1,-127
1767173380.653238,-8,-2,-126
1767173380.675238,-13,-4,-119
1767173380.6832385,-10,-4,-119
1767173380.6932385,-5,-1,-124
1767173380.7032382,-4,-4,-133
1767173380.7132382,0,-1,-132
1767173380.7232382,0,-2,-136
1767173380.7332382,-2,-2,-132
1767173380.7432382,1,-3,-127
1767173380.7532382,2,0,-124
1767173380.7632382,2,0,-126
1767173380.7732382,2,-5,-132
1767173380.7832382,3,-6,-129
1767173380.7932382,0,-6,-123
1767173380.8032382,5,-7,-126
1767173380.813238,3,-2,-126
1767173380.823238,4,-1,-128
1767173380.833238,4,0,-120
1767173380.843238,7,-3,-121
1767173380.853238,9,-5,-125
1767173380.863238,9,-6,-118
1767173380.873238,2,-6,-112
1767173380.883238,0,-5,-113
1767173380.893238,-1,-5,-110
1767173380.903238,0,-6,-113
1767173380.913238,-2,0,-118
1767173380.923238,0,3,-121
1767173380.9332385,4,1,-121
1767173380.9432385,5,1,-121
1767173380.9532382,8,2,-120
1767173380.9632382,6,8,-124
1767173380.9732382,6,3,-124
1767173380.9832382,7,1,-125
1767173380.9932382,9,-1,-122
1767173381.0032382,7,-2,-127
1767173381.0132382,5,1,-127
1767173381.0232382,8,1,-128
1767173381.0332382,9,0,-129
1767173381.0432382,9,-1,-132
1767173381.0532382,5,0,-137
1767173381.063238,5,3,-138
1767173381.073238,1,3,-131
1767173381.083238,2,3,-129
1767173381.093238,3,3,-127
1767173381.103238,-1,3,-133
1767173381.113238,2,-2,-129
1767173381.123238,2,0,-132
1767173381.133238,1,1,-134
1767173381.143238,1,6,-132
1767173381.153238,4,7,-134
1767173381.163238,8,5,-136
1767173381.173238,9,3,-137
1767173381.1832385,11,1,-134
1767173381.1932385,3,2,-127
1767173381.2032382,2,2,-125
1767173381.2132382,1,2,-129
1767173381.2232382,2,1,-126
1767173381.2332382,0,1,-128
1767173381.2432382,2,0,-131
1767173381.2532382,4,-3,-128
1767173381.2632382,1,0,-127
1767173381.2732382,3,0,-132
1767173381.2832382,-1,-1,-133
1767173381.2932382,0,0,-134
1767173381.3032382,1,0,-131
1767173381.313238,0,3,-133
1767173381.323238,0,-1,-126
1767173381.333238,-1,0,-126
1767173381.343238,-5,4,-131
1767173381.353238,-8,4,-134
1767173381.363238,-3,4,-131
1767173381.373238,-1,5,-136
1767173381.383238,1,0,-130
1767173381.393238,2,0,-130
1767173381.403238,2,-1,-132
1767173381.413238,2,-1,-136
1767173381.423238,3,-3,-132
1767173381.4332385,1,-4,-127
1767173381.4432385,-1,-6,-123
1767173381.4532382,0,-4,-122
1767173381.4632382,2,-3,-119
1767173381.4732382,2,-2,-115
1767173381.4832382,0,3,-115
1767173381.4932382,-4,1,-115
1767173381.5032382,-3,-2,-116
1767173381.5132382,-2,-1,-123
1767173381.5232382,0,0,-127
1767173381.5332382,-2,3,-126
1767173381.5432382,-4,0,-126
1767173381.5532382,-10,-1,-130
1767173381.563238,-8,0,-133
1767173381.573238,-7,-3,-134
1767173381.583238,-7,-2,-129
1767173381.593238,-1,-5,-133
1767173381.603238,-4,-1,-134
1767173381.613238,-5,-2,-136
1767173381.623238,-6,-9,-136
1767173381.633238,-5,-10,-137
1767173381.643238,-10,-8,-128
1767173381.653238,-7,-5,-121
1767173381.663238,-5,-11,-124
1767173381.673238,-2,-9,-122
1767173381.6832385,-4,-5,-121
1767173381.6932385,-2,-5,-128
1767173381.7032382,-3,-3,-124
1767173381.7132382,-4,-3,-125
1767173381.7232382,-2,0,-123
1767173381.7332382,-1,2,-121
1767173381.7432382,-1,2,-118
1767173381.7532382,1,-2,-116
1767173381.7632382,4,-3,-112
1767173381.7732382,3,-1,-107
1767173381.7832382,6,0,-109
1767173381.7932382,3,0,-116
1767173381.8032382,5,0,-126
1767173381.813238,4,0,-132
1767173381.823238,5,-2,-136
1767173381.833238,5,0,-133
1767173381.843238,7,0,-133
1767173381.853238,4,0,-127
1767173381.863238,-3,-1,-126
1767173381.873238,-2,0,-125
1767173381.883238,4,3,-127
1767173381.893238,2,4,-127
1767173381.903238,0,4,-126
1767173381.913238,0,2,-128
1767173381.923238,-2,2,-127
1767173381.9332385,0,2,-126
1767173381.9432385,0,-1,-122
1767173381.9532382,1,-3,-126
1767173381.9632382,5,-1,-130
1767173381.9732382,3,-2,-130
1767173381.9832382,0,-2,-118
1767173381.9932382,3,-4,-114
1767173382.0032382,6,-5,-117
1767173382.0132382,7,-1,-119
1767173382.0232382,12,-1,-120
1767173382.0332382,5,-3,-126
1767173382.0432382,2,-8,-128
1767173382.0532382,5,-5,-129
1767173382.063238,7,-8,-123
1767173382.073238,6,-7,-119
1767173382.083238,1,-4,-118
1767173382.093238,0,-2,-118
1767173382.103238,0,-3,-119
1767173382.113238,-1,1,-122
1767173382.123238,1,-2,-121
1767173382.133238,1,-2,-118
1767173382.143238,6,-3,-116
1767173382.153238,8,-7,-117
1767173382.163238,3,-10,-119
1767173382.173238,1,-9,-125
1767173382.1832385,0,-6,-121
1767173382.1932385,2,-7,-122
1767173382.2032382,-3,-11,-118
1767173382.2132382,-6,-10,-117
1767173382.2232382,-6,-7,-119
1767173382.2332382,-6,-8,-125
1767173382.2432382,-7,-6,-126
1767173382.2532382,-5,-4,-123
1767173382.2632382,0,-4,-127
1767173382.2732382,-2,-2,-125
1767173382.2832382,-2,-1,-125
1767173382.2932382,-3,-1,-127
1767173382.3032382,-4,-4,-129
1767173382.313238,-8,-3,-132
1767173382.323238,-4,-1,-132
1767173382.333238,2,3,-131
1767173382.343238,5,5,-130
1767173382.353238,8,3,-126
1767173382.363238,3,2,-125
1767173382.373238,4,1,-119
1767173382.383238,1,5,-120
1767173382.393238,2,4,-130
1767173382.403238,2,3,-130
1767173382.413238,3,0,-128
1767173382.423238,-6,0,-128
1767173382.4332385,-2,-2,-130
1767173382.4442382,3,-4,-124
1767173382.4532382,2,-1,-132
1767173382.4632382,4,-1,-133
1767173382.4732382,1,-3,-132
1767173382.4832382,3,-8,-128
1767173382.4932382,6,-9,-133
1767173382.5032382,4,-10,-137
1767173382.5132382,0,-6,-133
1767173382.5232382,-3,-2,-128
1767173382.5332382,-1,-5,-133
1767173382.5432382,0,-3,-129
1767173382.5532382,-1,-2,-130
1767173382.563238,-4,0,-129
1767173382.573238,-1,2,-135
1767173382.583238,-2,3,-128
1767173382.593238,-2,5,-124
1767173382.603238,3,3,-127
1767173382.613238,5,2,-125
1767173382.623238,2,2,-127
1767173382.633238,-4,-1,-129
1767173382.643238,-5,0,-128
1767173382.653238,-3,1,-135
1767173382.663238,-4,0,-139
1767173382.673238,-6,2,-139
1767173382.6832385,-4,3,-133
1767173382.6932385,-2,2,-132
1767173382.7032382,-4,0,-133
1767173382.7132382,-4,2,-138
1767173382.7232382,-5,1,-142
1767173382.7332382,-5,3,-137
1767173382.7432382,-5,4,-130
1767173382.7532382,-6,5,-124
1767173382.7632382,-7,3,-125
1767173382.7732382,0,2,-131
1767173382.7832382,-2,1,-124
1767173382.7932382,0,0,-134
1767173382.8032382,1,3,-136
1767173382.813238,-3,2,-134
1767173382.823238,-6,-1,-132
1767173382.833238,-8,-3,-130
1767173382.843238,-4,-5,-123
1767173382.853238,0,-4,-126
1767173382.863238,1,-1,-128
1767173382.873238,6,0,-134
1767173382.883238,6,3,-135
1767173382.893238,7,1,-141
1767173382.903238,2,0,-132
1767173382.913238,5,-6,-130
1767173382.923238,10,-4,-128
1767173382.9332385,9,0,-127
1767173382.9432385,2,-3,-124
1767173382.9532382,0,0,-127
1767173382.9632382,1,1,-128
1767173382.9742382,2,2,-123
1767173382.9832382,3,0,-119
1767173382.9932382,2,-1,-119
1767173383.0032382,4,-5,-125
1767173383.014238,5,-4,-124
1767173383.024238,6,-4,-130
1767173383.034238,3,-1,-128
1767173383.044238,2,1,-122
1767173383.054238,3,1,-125
1767173383.064238,4,0,-130
1767173383.074238,1,-5,-132
1767173383.084238,0,-4,-131
1767173383.094238,0,0,-123
1767173383.1042385,2,2,-127
1767173383.1142385,0,8,-129
1767173383.1242385,0,5,-134
1767173383.1342382,-1,4,-130
1767173383.1442382,-4,1,-126
1767173383.1542382,-1,-2,-124
1767173383.1642382,-1,0,-124
1767173383.1742382,2,-1,-122
1767173383.1842382,1,-2,-127
1767173383.1942382,-3,-5,-121
1767173383.2042382,-4,-10,-117
1767173383.2142382,-4,-5,-120
1767173383.2242382,-1,0,-119
1767173383.234238,-3,1,-121
1767173383.244238,-3,0,-124
1767173383.254238,1,0,-129
1767173383.264238,0,0,-126
1767173383.274238,1,3,-128
1767173383.284238,-1,3,-126
1767173383.294238,-3,-1,-122
1767173383.304238,-3,-1,-115
1767173383.314238,1,0,-121
1767173383.324238,5,2,-122
1767173383.334238,4,0,-123
1767173383.344238,6,-5,-121
1767173383.3542385,5,-7,-127
1767173383.3642385,1,-6,-131
1767173383.3742385,0,0,-130
1767173383.3842382,-1,-1,-126
1767173383.3942382,2,-2,-132
1767173383.4042382,-2,0,-128
1767173383.4142382,-3,-2,-135
1767173383.4242382,-1,-3,-143
1767173383.4342382,-2,-6,-136
1767173383.4442382,-2,-6,-132
1767173383.4542382,-2,-3,-135
1767173383.4642382,3,1,-128
1767173383.4742382,5,6,-131
1767173383.484238,7,3,-130
1767173383.494238,5,3,-132
1767173383.504238,3,0,-131
1767173383.514238,1,-1,-128
1767173383.524238,1,0,-123
1767173383.534238,0,0,-127
1767173383.544238,-1,0,-134
1767173383.554238,-5,2,-132
1767173383.564238,-7,4,-131
1767173383.574238,-5,1,-134
1767173383.584238,0,2,-137
1767173383.594238,0,-1,-132
1767173383.6042385,-2,-2,-126
1767173383.6142385,-2,0,-129
1767173383.6242385,1,-1,-130
1767173383.6342382,3,0,-126
1767173383.6442382,-2,-2,-129
1767173383.6542382,-1,-2,-124
1767173383.6642382,1,-3,-124
1767173383.6742382,0,-6,-129
1767173383.6842382,2,-7,-131
1767173383.6942382,-3,-8,-131
1767173383.7042382,-7,-7,-127
1767173383.7142382,-2,0,-122
1767173383.7242382,-2,0,-121
1767173383.734238,-1,1,-128
1767173383.744238,-1,7,-131
1767173383.754238,0,5,-132
1767173383.764238,0,6,-123
1767173383.774238,6,6,-123
1767173383.784238,6,6,-125
1767173383.794238,0,3,-131
1767173383.804238,-2,5,-129
1767173383.814238,-2,5,-127
1767173383.824238,-3,7,-128
1767173383.834238,-6,5,-124
1767173383.844238,-4,8,-118
1767173383.8542385,-4,7,-116
1767173383.8642385,-3,6,-120
1767173383.8742385,0,0,-119
1767173383.8842382,-1,3,-122
1767173383.8942382,-4,-1,-127
1767173383.9042382,-4,-7,-134
1767173383.9142382,-3,-5,-135
1767173383.9242382,-3,-4,-131
1767173383.9342382,0,-2,-133
1767173383.9442382,0,-4,-136
1767173383.9542382,0,-5,-135
1767173383.9642382,1,-5,-138
1767173383.9742382,4,-5,-137
1767173383.984238,2,-4,-133
1767173383.994238,0,-1,-138
1767173384.004238,0,0,-139
1767173384.014238,3,0,-139
1767173384.024238,9,2,-134
1767173384.034238,12,4,-131
1767173384.044238,12,6,-129
1767173384.054238,7,5,-135
1767173384.064238,8,4,-136
1767173384.074238,5,2,-138
1767173384.084238,4,3,-132
1767173384.094238,1,1,-132
1767173384.1042385,-1,-1,-132
1767173384.1142385,-4,-5,-131
1767173384.1242385,-2,-1,-130
1767173384.1342382,0,0,-128
1767173384.1442382,3,0,-129
1767173384.1542382,-1,0,-133
1767173384.1642382,1,0,-130
1767173384.1742382,2,0,-127
1767173384.1842382,0,0,-119
1767173384.1942382,1,-4,-120
1767173384.2042382,3,1,-117
1767173384.2142382,0,0,-117
1767173384.2242382,1,1,-117
1767173384.234238,2,1,-116
1767173384.244238,0,0,-124
1767173384.254238,-2,-1,-124
1767173384.264238,-5,1,-121
1767173384.274238,-2,1,-129
1767173384.284238,5,1,-129
1767173384.294238,4,4,-124
1767173384.304238,1,6,-119
1767173384.314238,-1,5,-124
1767173384.324238,-4,4,-119
1767173384.334238,0,7,-117
1767173384.344238,0,5,-121
1767173384.3542385,0,4,-120
1767173384.3642385,-1,2,-120
1767173384.3742385,0,1,-127
1767173384.3842382,-3,2,-128
1767173384.3942382,-3,0,-131
1767173384.4042382,-4,-1,-132
1767173384.4142382,-8,1,-126
1767173384.4242382,-5,2,-124
1767173384.4342382,-7,-2,-123
1767173384.4442382,-2,0,-123
1767173384.4542382,0,0,-130
1767173384.4642382,2,3,-136
1767173384.4742382,2,4,-139
1767173384.484238,2,0,-133
1767173384.494238,-1,-1,-126
1767173384.504238,2,0,-128
1767173384.514238,1,1,-128
1767173384.524238,-4,-3,-131
1767173384.534238,-10,-8,-132
1767173384.544238,-6,-3,-125
1767173384.554238,-7,-4,-123
1767173384.564238,-4,-4,-124
1767173384.574238,0,-1,-129
1767173384.584238,4,-4,-126
1767173384.594238,0,-4,-122
1767173384.6042385,0,-5,-121
1767173384.6142385,7,-3,-129
1767173384.6242385,4,-3,-132
1767173384.6342382,5,-3,-134
1767173384.6442382,0,0,-127
1767173384.6542382,-7,0,-128
1767173384.6642382,-9,-1,-135
1767173384.6742382,-10,-5,-131
1767173384.6842382,-6,-5,-130
1767173384.6942382,-3,-4,-131
1767173384.7042382,-2,0,-129
1767173384.7142382,-6,2,-125
1767173384.7242382,-4,2,-129
1767173384.734238,0,2,-132
1767173384.744238,-3,4,-134
1767173384.754238,-1,6,-136
1767173384.764238,1,6,-131
1767173384.774238,2,5,-125
1767173384.784238,4,5,-131
1767173384.794238,7,3,-131
1767173384.804238,8,5,-125
1767173384.814238,4,4,-124
1767173384.824238,2,4,-122
1767173384.834238,1,4,-120
1767173384.844238,0,2,-117
1767173384.8542385,1,0,-116
1767173384.8642385,0,-3,-117
1767173384.8742385,0,-1,-118
1767173384.8842382,-3,-4,-121
1767173384.8942382,-3,-5,-121
1767173384.9042382,-2,-8,-123
1767173384.9142382,-1,-7,-118
1767173384.9242382,0,-4,-118
1767173384.9342382,2,2,-117
1767173384.9442382,0,1,-120
1767173384.9542382,-1,1,-123
1767173384.9642382,2,0,-124
1767173384.9742382,2,0,-123
1767173384.984238,-3,2,-121
1767173384.994238,-9,-1,-119
1767173385.004238,-8,-3,-128
1767173385.014238,-7,-6,-132
1767173385.024238,-5,-5,-130
1767173385.034238,-2,-4,-134
1767173385.044238,2,-1,-140
1767173385.054238,2,-2,-141
1767173385.064238,0,-2,-132
1767173385.074238,-1,2,-133
1767173385.084238,1,0,-134
1767173385.094238,2,0,-139
1767173385.1042385,-1,0,-131
1767173385.1142385,-2,-3,-133
1767173385.1242385,-1,1,-138
1767173385.1342382,1,2,-134
1767173385.1442382,3,0,-129
1767173385.1542382,1,-1,-124
1767173385.1642382,0,0,-122
1767173385.1742382,0,-2,-126
1767173385.1842382,0,-5,-127
1767173385.1942382,-1,-4,-126
1767173385.2042382,1,-5,-128
1767173385.2142382,1,-7,-128
1767173385.2242382,0,-8,-130
1767173385.234238,-2,-7,-123
1767173385.244238,-3,-6,-128
1767173385.254238,-5,-6,-128
1767173385.264238,-9,-1,-129
1767173385.274238,-9,0,-129
1767173385.284238,0,-1,-117
1767173385.294238,6,-5,-119
1767173385.304238,4,-4,-118
1767173385.314238,0,-6,-117
1767173385.324238,2,-2,-125
1767173385.334238,3,0,-122
1767173385.344238,3,0,-123
1767173385.3542385,5,-2,-126
1767173385.3642385,6,-1,-124
1767173385.3742385,4,-6,-126
1767173385.3842382,5,-5,-128
1767173385.3942382,5,-3,-132
1767173385.4042382,0,-5,-126
1767173385.4142382,5,-3,-132
1767173385.4242382,3,-3,-126
1767173385.4342382,4,0,-133
1767173385.4442382,0,0,-138
1767173385.4542382,0,2,-137
1767173385.4642382,2,3,-136
1767173385.4742382,2,0,-130
1767173385.484238,2,0,-128
1767173385.494238,0,-1,-128
1767173385.504238,-3,-3,-130
1767173385.514238,-3,-6,-132
1767173385.524238,-3,-7,-129
1767173385.534238,-2,-6,-129
1767173385.544238,0,-5,-134
1767173385.554238,0,-2,-138
1767173385.564238,0,0,-133
1767173385.574238,1,2,-134
1767173385.584238,5,2,-134
1767173385.5952382,0,2,-131
1767173385.6052382,-2,3,-136
1767173385.6142385,-1,1,-132
1767173385.6242385,-4,2,-130
1767173385.6352382,-3,1,-125
1767173385.6452382,-2,1,-122
1767173385.6552382,-7,2,-121
1767173385.665238,-4,6,-117
1767173385.686238,-7,7,-124
1767173385.695238,-8,6,-121
1767173385.705238,-5,5,-118
1767173385.715238,-3,2,-124
1767173385.725238,-1,0,-125
1767173385.735238,-6,0,-125
1767173385.745238,-6,2,-126
1767173385.755238,-2,2,-127
1767173385.765238,-1,-1,-132
1767173385.775238,1,-2,-132
1767173385.7852385,-1,0,-128
1767173385.7952385,-2,0,-125
1767173385.8052382,-4,0,-124
1767173385.8152382,0,0,-120
1767173385.8252382,0,0,-125
1767173385.8352382,-5,0,-132
1767173385.8452382,-3,2,-135
1767173385.8552382,-2,0,-129
1767173385.8652382,-1,-2,-125
1767173385.8752382,0,2,-116
1767173385.8852382,1,0,-119
1767173385.8952382,6,-3,-123
1767173385.9052382,5,0,-127
1767173385.915238,3,0,-132
1767173385.925238,3,0,-135
1767173385.935238,4,0,-137
1767173385.945238,4,-3,-133
1767173385.955238,0,-11,-132
1767173385.965238,-2,-15,-133
1767173385.975238,0,-10,-131
1767173385.985238,-2,-9,-134
1767173385.995238,-3,-3,-133
1767173386.005238,-2,-4,-125
1767173386.015238,3,-3,-127
1767173386.025238,5,-4,-130
1767173386.0352385,4,-6,-133
1767173386.0452385,6,-2,-131
1767173386.0552382,4,0,-129
1767173386.0652382,5,2,-127
1767173386.0752382,4,0,-123
1767173386.0852382,0,-1,-122
1767173386.0952382,1,-1,-122
1767173386.1052382,0,-2,-119
1767173386.1152382,2,-3,-120
1767173386.1252382,0,0,-123
1767173386.1352382,2,-1,-136
1767173386.1452382,3,0,-127
1767173386.1552382,6,0,-127
1767173386.165238,2,0,-131
1767173386.175238,-1,-4,-137
1767173386.185238,0,-6,-135
1767173386.195238,1,-5,-132
1767173386.205238,-2,-7,-127
1767173386.215238,3,-2,-124
1767173386.225238,5,-1,-121
1767173386.235238,2,0,-122
1767173386.245238,3,4,-127
1767173386.255238,3,6,-126
1767173386.265238,2,6,-129
1767173386.275238,0,7,-132
1767173386.2852385,1,3,-129
1767173386.2952385,3,2,-132
1767173386.3052382,-3,0,-122
1767173386.3152382,-4,4,-124
1767173386.3252382,-4,5,-126
1767173386.3352382,-1,5,-125
1767173386.3452382,1,5,-125
1767173386.3552382,0,7,-128
1767173386.3652382,-2,8,-123
1767173386.3752382,-1,0,-127
1767173386.3852382,-1,0,-129
1767173386.3952382,-2,4,-133
1767173386.4052382,0,4,-133
1767173386.415238,4,0,-131
1767173386.425238,5,0,-120
1767173386.435238,3,0,-118
1767173386.445238,4,0,-116
1767173386.455238,4,0,-111
1767173386.465238,8,2,-121
1767173386.475238,7,1,-119
1767173386.485238,5,1,-116
1767173386.495238,5,0,-122
1767173386.505238,8,0,-129
1767173386.515238,6,0,-124
1767173386.525238,0,-1,-125
1767173386.5352385,1,-3,-125
1767173386.5452385,1,-1,-125
1767173386.5552382,0,-5,-126
1767173386.5652382,3,-3,-130
1767173386.5752382,0,-3,-132
1767173386.5852382,1,-2,-127
1767173386.5952382,-1,2,-126
1767173386.6052382,0,-1,-129
1767173386.6152382,3,-5,-128
1767173386.6252382,-3,-3,-133
1767173386.6352382,1,0,-131
1767173386.6452382,-3,0,-135
1767173386.6552382,-2,0,-135
1767173386.665238,-4,-1,-137
1767173386.675238,-4,-4,-136
1767173386.685238,-2,-4,-137
1767173386.695238,-5,0,-130
1767173386.705238,-7,2,-127
1767173386.715238,-4,3,-123
1767173386.725238,-1,5,-122
1767173386.735238,0,1,-119
1767173386.745238,0,1,-118
1767173386.755238,0,3,-117
1767173386.765238,-1,5,-124
1767173386.775238,-1,3,-131
1767173386.7852385,-2,3,-135
1767173386.7952385,0,2,-131
1767173386.8052382,0,-1,-127
1767173386.8152382,2,-1,-132
1767173386.8252382,0,-2,-137
1767173386.8352382,0,-1,-135
1767173386.8452382,-4,0,-130
1767173386.8552382,-8,0,-129
1767173386.8652382,-7,0,-126
1767173386.8752382,-7,0,-130
1767173386.8852382,-11,-2,-120
1767173386.8952382,-11,-2,-122
1767173386.9052382,-7,0,-125
1767173386.915238,-7,-2,-130
1767173386.925238,-8,-1,-130
1767173386.935238,-8,-3,-131
1767173386.945238,-1,-9,-126
1767173386.955238,-1,-11,-128
1767173386.965238,-4,-10,-130
1767173386.975238,-6,-8,-130
1767173386.985238,-4,-8,-127
1767173386.995238,-5,-2,-132
1767173387.005238,-8,-2,-127
1767173387.015238,-8,-6,-129
1767173387.025238,-6,-7,-130
1767173387.0352385,-12,-7,-125
1767173387.0452385,-11,-3,-123
1767173387.0552382,-4,-1,-129
1767173387.0652382,-2,2,-131
1767173387.0752382,-5,0,-138
1767173387.0852382,-2,-1,-138
1767173387.0952382,-1,0,-139
1767173387.1052382,0,2,-138
1767173387.1152382,0,2,-133
1767173387.1252382,-2,0,-134
1767173387.1352382,-2,-2,-132
1767173387.1452382,-1,-3,-126
1767173387.1552382,0,-3,-128
1767173387.165238,0,0,-128
1767173387.175238,1,0,-125
1767173387.185238,3,-1,-119
1767173387.195238,0,-2,-129
1767173387.205238,3,-3,-134
1767173387.215238,4,-5,-135
1767173387.225238,3,-6,-131
1767173387.235238,0,-6,-132
1767173387.245238,1,-4,-133
1767173387.255238,0,-3,-134
1767173387.265238,-2,-6,-131
1767173387.275238,-1,-5,-133
1767173387.2852385,-2,-4,-130
1767173387.2952385,-6,0,-129
1767173387.3052382,-8,0,-130
1767173387.3152382,-8,-2,-127
1767173387.3252382,-8,-2,-130
1767173387.3352382,-4,-7,-130
1767173387.3452382,-2,-3,-125
1767173387.3552382,-4,0,-130
1767173387.3652382,-3,0,-127
1767173387.3752382,-2,2,-125
1767173387.3852382,-4,1,-118
1767173387.3952382,-3,-1,-118
1767173387.4052382,0,-1,-130
1767173387.415238,-2,0,-129
1767173387.425238,-5,0,-130
1767173387.435238,-5,3,-131
1767173387.445238,-4,0,-131
1767173387.455238,-1,-7,-122
1767173387.465238,1,-10,-129
1767173387.475238,2,-7,-125
1767173387.485238,4,-4,-127
1767173387.495238,3,-2,-124
1767173387.505238,-2,-1,-120
1767173387.515238,0,-5,-118
1767173387.525238,0,-6,-119
1767173387.5352385,0,-4,-117
1767173387.5452385,0,-4,-123
1767173387.5552382,0,-1,-126
1767173387.5652382,0,0,-131
1767173387.5752382,-2,-1,-131
1767173387.5852382,-2,-2,-126
1767173387.5952382,-5,-2,-126
1767173387.6052382,-9,-2,-122
1767173387.6152382,-6,-2,-122
1767173387.6252382,-4,1,-122
1767173387.6352382,-4,0,-124
1767173387.6452382,-4,-1,-124
1767173387.6552382,-4,-1,-126
1767173387.665238,-5,-2,-132
1767173387.675238,-1,0,-134
1767173387.685238,0,-5,-135
1767173387.695238,-1,-6,-136
1767173387.705238,-1,-2,-134
1767173387.715238,-1,-5,-132
1767173387.725238,0,-5,-136
1767173387.735238,2,-5,-128
1767173387.745238,4,-3,-129
1767173387.755238,4,-1,-138
1767173387.765238,2,-1,-136
1767173387.775238,0,4,-129
1767173387.7852385,-5,-1,-121
1767173387.7952385,-4,-2,-125
1767173387.8052382,-6,-3,-129
1767173387.8152382,-7,-4,-128
1767173387.8252382,-4,-1,-136
1767173387.8352382,-1,3,-135
1767173387.8452382,-2,3,-137
1767173387.8552382,0,2,-133
1767173387.8652382,0,0,-137
1767173387.8752382,-1,0,-134
1767173387.8852382,3,0,-126
1767173387.8952382,1,0,-128
1767173387.9052382,-3,0,-128
1767173387.915238,-1,1,-131
1767173387.925238,1,2,-128
1767173387.935238,1,2,-123
1767173387.945238,4,3,-123
1767173387.955238,4,4,-124
1767173387.965238,5,1,-126
1767173387.975238,0,-1,-122
1767173387.985238,4,2,-124
1767173387.995238,3,5,-127
1767173388.005238,7,2,-127
1767173388.015238,-1,0,-124
1767173388.025238,2,-1,-125
1767173388.0352385,1,-1,-127
1767173388.0452385,-2,-2,-127
1767173388.0552382,-3,-1,-120
1767173388.0652382,-2,-4,-119
1767173388.0752382,-2,-5,-126
1767173388.0852382,1,-5,-129
1767173388.0952382,-2,-9,-125
1767173388.1052382,0,-8,-126
1767173388.1152382,-3,-7,-130
1767173388.1252382,-10,-4,-127
1767173388.1352382,-7,0,-130
1767173388.1452382,-7,4,-126
1767173388.1552382,-5,1,-130
1767173388.165238,-5,1,-121
1767173388.175238,-5,1,-120
1767173388.185238,-4,0,-120
1767173388.195238,-3,1,-118
1767173388.205238,-6,2,-115
1767173388.215238,-5,0,-124
1767173388.225238,-6,-5,-128
1767173388.235238,-8,-6,-127
1767173388.245238,-12,-5,-132
1767173388.255238,-10,-10,-135
1767173388.2662382,-9,-10,-138
1767173388.275238,-8,-12,-139
1767173388.2862382,-7,-5,-139
1767173388.2962382,-7,-2,-131
1767173388.3062382,-9,0,-127
1767173388.3162382,-9,0,-125
1767173388.3262382,-8,2,-128
1767173388.336238,0,1,-131
1767173388.346238,1,-2,-126
1767173388.356238,-1,0,-121
1767173388.366238,-1,0,-116
1767173388.376238,-9,-3,-119
1767173388.386238,-8,-3,-127
1767173388.396238,-6,-2,-130
1767173388.406238,-4,0,-127
1767173388.416238,-1,-3,-131
1767173388.426238,-2,1,-138
1767173388.436238,1,-2,-135
1767173388.446238,-2,0,-132
1767173388.4562385,0,0,-128
1767173388.4662385,0,-2,-124
1767173388.4762385,2,0,-125
1767173388.4862382,1,-2,-128
1767173388.4962382,-1,-3,-128
1767173388.5062382,-3,0,-128
1767173388.5162382,-5,0,-136
1767173388.5262382,-2,0,-133
1767173388.5362382,-2,4,-131
1767173388.5462382,0,4,-125
1767173388.5562382,-3,6,-122
1767173388.5662382,-3,0,-122
1767173388.5762382,0,3,-121
1767173388.586238,1,2,-121
1767173388.596238,0,-3,-117
1767173388.606238,-2,-2,-122
1767173388.616238,-3,0,-124
1767173388.626238,-5,-2,-120
1767173388.636238,-3,-1,-119
1767173388.646238,-6,-6,-118
1767173388.656238,-3,-2,-113
1767173388.666238,0,-1,-112
1767173388.676238,0,-5,-117
1767173388.686238,-2,-1,-119
1767173388.696238,-1,-1,-120
1767173388.7062385,-3,0,-119
1767173388.7162385,-3,1,-123
1767173388.7262385,0,-3,-117
1767173388.7362382,3,-5,-117
1767173388.7462382,2,-6,-117
1767173388.7562382,0,-7,-109
1767173388.7662382,-1,-3,-110
1767173388.7762382,-2,-1,-104
1767173388.7862382,-7,0,-108
1767173388.7962382,-7,0,-106
1767173388.8062382,-6,-2,-106
1767173388.8162382,-7,0,-114
1767173388.8262382,-6,-1,-115
1767173388.836238,-4,-2,-118
1767173388.846238,-6,-2,-120
1767173388.856238,-7,-3,-117
1767173388.866238,-11,-4,-117
1767173388.876238,-10,-3,-119
1767173388.886238,-9,-6,-114
1767173388.896238,-8,-7,-118
1767173388.906238,-9,-10,-126
1767173388.916238,-4,-6,-132
1767173388.926238,-3,-2,-132
1767173388.936238,0,-3,-137
1767173388.946238,1,-4,-144
1767173388.9562385,0,1,-141
1767173388.9662385,3,0,-135
1767173388.9762385,-1,0,-135
1767173388.9862382,-7,-3,-130
1767173388.9962382,-7,-4,-128
1767173389.0062382,-8,-4,-128
1767173389.0162382,-6,-3,-124
1767173389.0262382,-7,-4,-121
1767173389.0362382,-4,-2,-118
1767173389.0462382,-5,-2,-118
1767173389.0562382,0,-2,-121
1767173389.0662382,-2,-2,-122
1767173389.0762382,-3,-1,-122
1767173389.086238,-3,-1,-119
1767173389.096238,-1,-1,-118
1767173389.106238,-3,-1,-122
1767173389.116238,-2,-1,-126
1767173389.126238,-1,0,-124
1767173389.136238,-3,-5,-126
1767173389.146238,-2,-4,-127
1767173389.156238,1,-4,-131
1767173389.166238,2,-3,-127
1767173389.176238,5,0,-135
1767173389.186238,3,1,-138
1767173389.196238,2,5,-138
1767173389.2062385,-1,3,-138
1767173389.2162385,-4,4,-130
1767173389.2262385,-6,7,-130
1767173389.2362382,-11,9,-125
1767173389.2462382,-12,2,-125
1767173389.2562382,-7,1,-128
1767173389.2662382,-1,0,-128
1767173389.2762382,-2,0,-130
1767173389.2862382,-4,0,-128
1767173389.2962382,-9,-2,-130
1767173389.3062382,-8,-3,-133
1767173389.3162382,-3,-2,-132
1767173389.3262382,-5,-3,-125
1767173389.336238,-6,-1,-127
1767173389.346238,-6,0,-135
1767173389.356238,-3,0,-129
1767173389.366238,3,0,-127
1767173389.376238,1,2,-124
1767173389.386238,-1,0,-127
1767173389.396238,-2,3,-122
1767173389.406238,-3,3,-126
1767173389.416238,-4,-1,-124
1767173389.426238,-2,-3,-116
1767173389.436238,0,-2,-114
1767173389.446238,1,-1,-116
1767173389.4562385,0,-2,-117
1767173389.4662385,-4,-3,-126
1767173389.4762385,-2,-5,-122
1767173389.4862382,-3,-2,-121
1767173389.4962382,-5,-1,-122
1767173389.5062382,-5,-2,-120
1767173389.5162382,-2,-4,-117
1767173389.5262382,0,-3,-125
1767173389.5362382,1,-5,-130
1767173389.5462382,1,-8,-130
1767173389.5562382,1,-6,-123
1767173389.5662382,3,-4,-124
1767173389.5762382,1,-4,-127
1767173389.586238,7,-5,-127
1767173389.596238,4,-2,-129
1767173389.606238,1,-5,-123
1767173389.616238,-1,-2,-129
1767173389.626238,0,1,-124
1767173389.636238,-5,0,-129
1767173389.646238,-5,0,-127
1767173389.656238,-5,2,-126
1767173389.666238,-5,4,-120
1767173389.676238,-4,0,-123
1767173389.686238,-1,2,-125
1767173389.696238,-3,4,-126
1767173389.7062385,-3,3,-129
1767173389.7162385,0,4,-133
1767173389.7262385,-4,3,-135
1767173389.7362382,-1,-1,-132
1767173389.7462382,-4,3,-128
1767173389.7562382,-2,3,-136
1767173389.7662382,-1,0,-134
1767173389.7762382,1,-2,-134
1767173389.7862382,0,0,-135
1767173389.7962382,-7,-1,-133
1767173389.8062382,-3,-7,-134
1767173389.817238,2,-6,-133
1767173389.8262382,7,-1,-136
1767173389.836238,0,2,-141
1767173389.846238,-2,0,-139
1767173389.856238,2,-1,-136
1767173389.866238,1,-5,-138
1767173389.876238,3,-7,-140
1767173389.886238,2,-4,-142
1767173389.896238,3,-3,-135
1767173389.906238,2,-5,-138
1767173389.916238,6,-6,-148
1767173389.926238,3,-7,-139
1767173389.936238,1,-8,-133
1767173389.946238,-4,-3,-130
1767173389.9562385,-12,-7,-129
1767173389.9662385,-12,-11,-135
1767173389.9762385,-8,-7,-132
1767173389.9862382,-8,-1,-124
1767173389.9962382,-5,-1,-125
1767173390.0062382,-5,-5,-131
1767173390.0162382,-6,-5,-130
1767173390.0262382,-6,1,-129
1767173390.0362382,-7,2,-127
1767173390.0462382,-10,3,-128
1767173390.0562382,-4,0,-125
1767173390.0662382,-4,0,-120
1767173390.0762382,-6,1,-121
1767173390.086238,-7,6,-115
1767173390.096238,-2,6,-120
1767173390.106238,-5,8,-116
1767173390.116238,-5,8,-119
1767173390.126238,-8,5,-119
1767173390.136238,-2,8,-124
1767173390.146238,0,6,-128
1767173390.156238,3,3,-131
1767173390.166238,7,0,-128
1767173390.176238,0,-1,-135
1767173390.186238,-1,1,-138
1767173390.196238,-6,0,-139
1767173390.2062385,-5,-6,-139
1767173390.2162385,-5,-8,-145
1767173390.2262385,-7,-4,-144
1767173390.2362382,-6,-3,-147
1767173390.2462382,-3,-2,-140
1767173390.2562382,-4,-1,-129
1767173390.2662382,-1,0,-121
1767173390.2762382,3,-2,-123
1767173390.2862382,7,-1,-124
1767173390.2962382,4,2,-125
1767173390.3062382,3,0,-129
1767173390.3162382,8,-4,-133
1767173390.3262382,8,-4,-130
1767173390.336238,4,-4,-127
1767173390.346238,3,-5,-125
1767173390.356238,0,-4,-122
1767173390.366238,-4,-4,-123
1767173390.376238,-1,-2,-128
1767173390.386238,-1,-2,-127
1767173390.396238,-1,-2,-125
1767173390.406238,-1,-4,-121
1767173390.416238,-2,-6,-115
1767173390.426238,0,-2,-121
1767173390.436238,-2,-1,-124
1767173390.446238,-3,-4,-131
1767173390.4562385,-3,-3,-135
1767173390.4662385,-3,0,-136
1767173390.4762385,-3,0,-132
1767173390.4862382,-4,1,-124
1767173390.4962382,-1,1,-128
1767173390.5062382,0,0,-125
1767173390.5162382,0,0,-128
1767173390.5262382,0,0,-129
1767173390.5362382,-2,-2,-129
1767173390.5462382,1,-2,-126
1767173390.5562382,-4,-3,-120
1767173390.5662382,-7,-1,-122
1767173390.5762382,-2,0,-121
1767173390.586238,0,-1,-121
1767173390.596238,5,-2,-117
1767173390.606238,4,-5,-115
1767173390.616238,1,-3,-117
1767173390.626238,0,-1,-113
1767173390.636238,0,-2,-121
1767173390.646238,4,-1,-124
1767173390.656238,2,-1,-127
1767173390.666238,1,-1,-130
1767173390.676238,-1,-2,-129
1767173390.698238,-4,-5,-130
1767173390.7062385,-8,-2,-126
1767173390.7162385,-7,-3,-127
1767173390.7262385,-6,-2,-128
1767173390.7362382,-3,0,-129
1767173390.7462382,-3,0,-130
1767173390.7562382,1,2,-131
1767173390.7662382,4,0,-129
1767173390.7762382,1,2,-131
1767173390.7862382,2,-3,-133
1767173390.7962382,0,-2,-132
1767173390.8062382,-2,-3,-134
1767173390.8162382,0,-3,-130
1767173390.8262382,2,-6,-126
1767173390.836238,0,-4,-124
1767173390.846238,0,-3,-122
1767173390.856238,3,-5,-127
1767173390.866238,0,-5,-138
1767173390.876238,-2,-5,-134
1767173390.8872385,1,-4,-133
1767173390.8972385,3,-6,-136
1767173390.9072382,0,-6,-135
1767173390.9172382,0,-1,-133
1767173390.9272382,-1,-4,-132
1767173390.9372382,0,-4,-135
1767173390.9472382,-1,-4,-134
1767173390.9572382,-2,-8,-133
1767173390.9672382,-5,-5,-132
1767173390.9772382,-9,-2,-132
1767173390.9872382,-6,-1,-135
1767173390.9972382,-3,0,-136
1767173391.007238,-1,1,-137
1767173391.017238,-3,0,-137
1767173391.027238,-2,0,-136
1767173391.037238,-5,3,-133
1767173391.047238,-5,1,-129
1767173391.057238,0,1,-124
1767173391.067238,3,0,-121
1767173391.077238,1,0,-126
1767173391.087238,0,1,-125
1767173391.097238,-1,1,-124
1767173391.107238,-1,-1,-126
1767173391.117238,-4,-1,-130
1767173391.127238,0,-4,-133
1767173391.1372385,0,-1,-130
1767173391.1472385,-1,1,-129
1767173391.1572382,-1,1,-128
1767173391.1672382,2,0,-126
1767173391.1772382,1,-1,-124
1767173391.1872382,0,0,-124
1767173391.1972382,0,1,-123
1767173391.2072382,-4,4,-116
1767173391.2172382,0,0,-119
1767173391.2272382,-2,-1,-127
1767173391.2372382,-6,-1,-131
1767173391.2472382,-4,-5,-136
1767173391.257238,1,-6,-140
1767173391.267238,0,-4,-132
1767173391.277238,0,-6,-127
1767173391.287238,-3,-4,-122
1767173391.297238,-3,-5,-120
1767173391.307238,-1,-3,-119
1767173391.317238,0,-1,-122
1767173391.327238,2,0,-120
1767173391.337238,0,0,-120
1767173391.347238,-3,1,-118
1767173391.357238,-1,0,-120
1767173391.367238,-2,-1,-114
1767173391.377238,-4,-1,-122
1767173391.3872385,-5,0,-134
1767173391.3972385,-3,5,-132
1767173391.4072382,-2,6,-126
1767173391.4172382,-1,2,-127
1767173391.4272382,2,5,-124
1767173391.4372382,8,1,-126
1767173391.4472382,7,0,-129
1767173391.4572382,5,0,-128
1767173391.4672382,7,0,-121
1767173391.4772382,4,-1,-120
1767173391.4872382,1,-3,-127
1767173391.4972382,0,-4,-124
1767173391.507238,-5,-4,-119
1767173391.517238,-7,0,-119
1767173391.527238,-7,1,-118
1767173391.537238,-8,-1,-123
1767173391.547238,-5,-3,-130
1767173391.557238,-1,-5,-124
1767173391.567238,-3,-2,-125
1767173391.577238,2,-3,-129
1767173391.587238,1,-1,-122
1767173391.597238,0,-5,-119
1767173391.607238,0,0,-116
1767173391.617238,0,0,-117
1767173391.627238,0,2,-118
1767173391.6372385,0,0,-119
1767173391.6472385,0,-1,-123
1767173391.6572382,-2,-2,-131
1767173391.6672382,-3,-3,-124
1767173391.6772382,-3,-3,-124
1767173391.6872382,0,1,-128
1767173391.6972382,0,-1,-130
1767173391.7072382,-3,-2,-126
1767173391.7172382,-3,0,-130
1767173391.7272382,1,0,-132
1767173391.7372382,2,2,-130
1767173391.7472382,-2,3,-126
1767173391.757238,0,3,-134
1767173391.767238,0,0,-136
1767173391.777238,2,0,-130
1767173391.787238,5,-1,-128
1767173391.797238,4,-3,-124
1767173391.807238,-2,-1,-121
1767173391.817238,-8,-2,-118
1767173391.827238,-6,-7,-122
1767173391.837238,-6,-13,-123
1767173391.847238,-5,-13,-124
1767173391.857238,-2,-6,-123
1767173391.867238,-5,-2,-115
1767173391.877238,-6,-1,-117
1767173391.8872385,-3,-2,-117
1767173391.8972385,0,-3,-118
1767173391.9072382,3,-6,-122
1767173391.9172382,4,-4,-122
1767173391.9272382,-1,-1,-123
1767173391.9372382,-6,-3,-122
1767173391.9472382,-10,-3,-123
1767173391.9572382,-11,-4,-121
1767173391.9672382,-8,-5,-133
1767173391.9772382,-11,-4,-132
1767173391.9872382,-11,-3,-128
1767173391.9972382,-7,-1,-127
1767173392.007238,-8,-1,-132
1767173392.017238,-8,-1,-133
1767173392.027238,-6,1,-131
1767173392.037238,-5,1,-139
1767173392.047238,-3,-5,-136
1767173392.057238,-2,-7,-133
1767173392.067238,-2,-6,-124
1767173392.077238,-1,-1,-126
1767173392.087238,0,1,-130
1767173392.097238,-2,-2,-128
1767173392.107238,-4,-1,-121
1767173392.117238,-9,2,-126
1767173392.127238,-3,-2,-128
1767173392.1372385,-2,-7,-127
1767173392.1472385,-3,-5,-132
1767173392.1572382,-3,-9,-130
1767173392.1672382,-5,-6,-130
1767173392.1772382,-6,-9,-134
1767173392.1872382,-7,-5,-133
1767173392.1972382,-8,-6,-124
1767173392.2072382,-8,-7,-125
1767173392.2172382,-10,-8,-124
1767173392.2272382,-6,-3,-121
1767173392.2372382,-3,-4,-121
1767173392.2472382,-2,2,-125
1767173392.257238,-3,6,-121
1767173392.267238,-3,8,-123
1767173392.277238,-1,5,-119
1767173392.287238,0,2,-125
1767173392.297238,1,4,-116
1767173392.307238,0,5,-122
1767173392.317238,0,3,-129
1767173392.327238,0,-2,-126
1767173392.337238,-1,-4,-121
1767173392.347238,-3,-7,-123
1767173392.357238,-2,-10,-125
1767173392.367238,0,-4,-123
1767173392.377238,-2,-4,-122
1767173392.3872385,-2,1,-124
1767173392.3972385,-2,0,-124
1767173392.4072382,-4,-1,-125
1767173392.4172382,-1,-4,-121
1767173392.4272382,-1,-6,-123
1767173392.4372382,1,-3,-123
1767173392.4472382,-1,-3,-121
1767173392.4572382,-1,-2,-124
1767173392.4672382,1,-3,-125
1767173392.4772382,1,-4,-115
1767173392.4872382,3,0,-123
1767173392.4972382,3,-3,-125
1767173392.507238,0,-6,-125
1767173392.517238,2,-6,-131
1767173392.527238,0,-4,-136
1767173392.537238,-3,-5,-138
1767173392.547238,-6,-5,-137
1767173392.557238,-3,-5,-134
1767173392.567238,-2,-7,-123
1767173392.577238,0,-3,-124
1767173392.587238,-1,-3,-120
1767173392.597238,0,-3,-122
1767173392.607238,0,-1,-120
1767173392.617238,0,0,-122
1767173392.627238,0,2,-128
1767173392.6372385,1,3,-135
1767173392.6472385,4,0,-129
1767173392.6572382,4,2,-132
1767173392.6672382,10,0,-134
1767173392.6772382,11,0,-132
1767173392.6872382,8,0,-137
1767173392.6972382,7,1,-138
1767173392.7072382,7,2,-139
1767173392.7172382,7,3,-136
1767173392.7272382,4,4,-137
1767173392.7372382,6,3,-135
1767173392.7472382,9,3,-136
1767173392.757238,5,4,-137
1767173392.767238,3,3,-142
1767173392.777238,1,2,-140
1767173392.787238,0,2,-135
1767173392.797238,0,2,-135
1767173392.807238,-1,-1,-132
1767173392.817238,-4,0,-125
1767173392.827238,-5,-1,-124
1767173392.837238,-5,1,-122
1767173392.847238,-6,0,-124
1767173392.857238,-6,3,-125
1767173392.867238,-9,5,-121
1767173392.877238,-6,4,-124
1767173392.8872385,-9,2,-120
1767173392.8972385,-7,-1,-123
1767173392.9072382,-6,-2,-127
1767173392.9172382,-9,-4,-125
1767173392.9272382,-9,-5,-126
1767173392.9372382,-8,-5,-123
1767173392.9472382,-6,-6,-123
1767173392.9572382,-2,-3,-127
1767173392.9672382,-5,0,-129
1767173392.9772382,-8,2,-131
1767173392.9872382,-6,0,-125
1767173392.9972382,-10,-4,-122
1767173393.007238,-5,-2,-122
1767173393.017238,-1,-2,-121
1767173393.027238,3,-1,-118
1767173393.037238,-1,-3,-124
1767173393.047238,4,0,-126
1767173393.057238,1,-2,-127
1767173393.067238,1,0,-135
1767173393.077238,2,0,-130
1767173393.087238,1,0,-127
1767173393.097238,-1,-5,-130
1767173393.107238,-2,-5,-133
1767173393.117238,0,-5,-131
1767173393.127238,3,-5,-124
1767173393.1372385,9,0,-122
1767173393.1472385,9,1,-123
1767173393.1572382,5,0,-118
1767173393.1672382,6,1,-121
1767173393.1772382,7,2,-125
1767173393.1872382,0,0,-124
1767173393.1972382,0,-4,-128
1767173393.2072382,0,-6,-132
1767173393.2172382,-2,-3,-128
1767173393.2272382,-4,-2,-127
1767173393.2372382,-4,-2,-127
1767173393.2472382,-3,-2,-127
1767173393.257238,-3,-2,-130
1767173393.267238,-3,-1,-133
1767173393.277238,1,1,-127
1767173393.287238,1,-1,-126
1767173393.297238,0,0,-126
1767173393.307238,-1,0,-124
1767173393.317238,-2,-4,-123
1767173393.327238,4,0,-121
1767173393.337238,7,0,-122
1767173393.347238,7,-5,-122
1767173393.357238,5,-4,-119
1767173393.367238,3,-6,-114
1767173393.377238,0,-7,-120
1767173393.3872385,-3,-5,-121
1767173393.3972385,0,-2,-122
1767173393.4072382,0,1,-115
1767173393.4172382,-1,-1,-117
1767173393.4272382,0,-3,-122
1767173393.4372382,3,1,-125
1767173393.4472382,3,4,-127
1767173393.4572382,1,4,-129
1767173393.4672382,1,3,-136
1767173393.4772382,2,3,-134
1767173393.488238,3,2,-133
1767173393.498238,4,-1,-125
1767173393.508238,2,2,-121
1767173393.518238,4,2,-122
1767173393.528238,4,1,-122
1767173393.538238,3,-4,-122
1767173393.548238,0,-1,-125
1767173393.5582385,-8,0,-126
1767173393.5682385,-8,1,-126
1767173393.5782382,-9,1,-126
1767173393.5882382,-10,1,-127
1767173393.5982382,-7,0,-127
1767173393.6082382,-1,-1,-131
1767173393.6182382,2,-2,-126
1767173393.6282382,5,-1,-131
1767173393.6382382,5,-1,-132
1767173393.6482382,2,0,-135
1767173393.6582382,2,0,-132
1767173393.6682382,3,2,-133
1767173393.6782382,4,2,-132
1767173393.688238,1,-2,-130
1767173393.698238,-2,-1,-135
1767173393.708238,-1,-5,-140
1767173393.718238,0,-5,-135
1767173393.728238,-1,-5,-127
1767173393.738238,1,-6,-123
1767173393.748238,0,-6,-124
1767173393.758238,-7,-7,-132
1767173393.768238,-7,-7,-135
1767173393.778238,-8,-3,-135
1767173393.788238,-8,-3,-126
1767173393.798238,-6,0,-126
1767173393.8082385,-5,0,-133
1767173393.8182385,-4,-1,-133
1767173393.8282382,-7,-1,-135
1767173393.8382382,-2,-3,-132
1767173393.8482382,-4,-5,-134
1767173393.8582382,-5,-4,-134
1767173393.8682382,1,-1,-130
1767173393.8782382,4,1,-128
1767173393.8882382,5,-1,-129
1767173393.8982382,1,0,-123
1767173393.9082382,0,1,-132
1767173393.9182382,-2,0,-134
1767173393.9282382,-2,1,-127
1767173393.938238,-1,2,-133
1767173393.948238,-2,0,-130
1767173393.958238,-1,0,-132
1767173393.968238,-1,3,-135
1767173393.978238,-6,1,-133
1767173393.988238,-3,-2,-131
1767173393.998238,-2,-8,-131
1767173394.008238,0,-9,-133
1767173394.018238,-1,-8,-133
1767173394.028238,-1,-4,-131
1767173394.038238,-1,2,-124
1767173394.048238,2,-1,-121
1767173394.0582385,2,-3,-121
1767173394.0682385,1,-4,-122
1767173394.0782382,4,-1,-131
1767173394.0882382,0,1,-132
1767173394.0982382,-1,3,-135
1767173394.1082382,-3,1,-133
1767173394.1182382,0,2,-135
1767173394.1282382,1,-2,-136
1767173394.1382382,0,-3,-129
1767173394.1482382,1,-6,-132
1767173394.1582382,4,-10,-121
1767173394.1682382,3,-8,-122
1767173394.1782382,0,-6,-124
1767173394.188238,0,-3,-125
1767173394.198238,2,-1,-129
1767173394.208238,-1,-2,-129
1767173394.218238,5,1,-131
1767173394.228238,3,0,-132
1767173394.238238,3,0,-132
1767173394.248238,3,2,-127
1767173394.258238,3,2,-129
1767173394.268238,2,0,-126
1767173394.278238,-1,3,-128
1767173394.288238,-1,1,-126
1767173394.298238,2,0,-123
1767173394.3082385,2,0,-124
1767173394.3182385,3,0,-127
1767173394.3282382,3,0,-127
1767173394.3382382,6,-4,-117
1767173394.3482382,6,-5,-118
1767173394.3582382,4,0,-113
1767173394.3682382,1,0,-109
1767173394.3782382,-1,-2,-121
1767173394.3882382,3,-5,-119
1767173394.3982382,0,0,-123
1767173394.4082382,1,2,-127
1767173394.4182382,0,1,-121
1767173394.4282382,0,3,-123
1767173394.438238,3,4,-127
1767173394.448238,-3,4,-127
1767173394.458238,-3,4,-126
1767173394.468238,-3,3,-124
1767173394.478238,-6,1,-125
1767173394.488238,-8,-2,-119
1767173394.498238,-10,-3,-111
1767173394.508238,-9,-1,-112
1767173394.518238,-6,-1,-120
1767173394.528238,-4,-3,-125
1767173394.538238,-3,-1,-126
1767173394.548238,0,-2,-121
1767173394.5582385,0,-3,-123
1767173394.5682385,-2,-5,-122
1767173394.5782382,-2,-6,-124
1767173394.5882382,-4,-4,-127
1767173394.5982382,-2,-3,-127
1767173394.6082382,-2,-3,-134
1767173394.6182382,-1,-4,-129
1767173394.6282382,-1,-9,-136
1767173394.6382382,0,-7,-136
1767173394.6482382,0,-5,-137
1767173394.6582382,0,-8,-135
1767173394.6682382,-1,-9,-128
1767173394.6782382,-2,-10,-139
1767173394.688238,-2,-4,-137
1767173394.698238,0,-2,-136
1767173394.708238,0,-7,-140
1767173394.718238,1,-6,-143
1767173394.728238,0,-6,-144
1767173394.738238,-3,-7,-138
1767173394.748238,-3,-2,-126
1767173394.758238,-8,0,-125
1767173394.768238,-5,1,-131
1767173394.778238,-4,1,-125
1767173394.788238,-4,6,-128
1767173394.798238,-1,2,-124
1767173394.8082385,-2,-1,-121
1767173394.8182385,0,0,-124
1767173394.8282382,3,1,-130
1767173394.8382382,-1,1,-129
1767173394.8482382,-1,-2,-126
1767173394.8582382,-4,-4,-122
1767173394.8682382,-4,0,-124
1767173394.8782382,-3,0,-125
1767173394.8882382,0,-1,-122
1767173394.8982382,1,-5,-122
1767173394.9082382,0,-5,-125
1767173394.9182382,0,-6,-118
1767173394.9282382,-1,-5,-118
1767173394.938238,-5,-2,-124
1767173394.948238,-5,-2,-123
1767173394.958238,-4,-5,-124
1767173394.968238,-4,-3,-123
1767173394.978238,-3,-4,-130
1767173394.988238,-4,-9,-130
1767173394.998238,-2,-5,-124
1767173395.008238,-1,-3,-126
1767173395.018238,-8,0,-130
1767173395.028238,-7,-1,-129
1767173395.038238,-7,-1,-128
1767173395.048238,-8,-4,-134
1767173395.0582385,-5,-6,-132
1767173395.0682385,-2,-3,-130
1767173395.0782382,0,-5,-130
1767173395.0882382,-1,-4,-134
1767173395.0982382,1,-4,-130
1767173395.1082382,0,0,-132
1767173395.1182382,6,0,-126
1767173395.1282382,1,5,-130
1767173395.1382382,-2,1,-130
1767173395.1482382,-1,2,-130
1767173395.1582382,-2,-2,-132
1767173395.1682382,-2,-3,-137
1767173395.1782382,-3,-4,-135
1767173395.188238,-3,0,-137
1767173395.198238,-2,0,-125
1767173395.208238,-4,0,-127
1767173395.218238,0,2,-131
1767173395.228238,1,-3,-129
1767173395.238238,1,-5,-127
1767173395.248238,3,-1,-131
1767173395.258238,7,-3,-134
1767173395.268238,5,-3,-139
1767173395.278238,5,0,-132
1767173395.288238,4,1,-133
1767173395.298238,0,3,-136
1767173395.3082385,5,3,-130
1767173395.3182385,4,4,-127
1767173395.3282382,1,0,-126
1767173395.3382382,-5,-1,-127
1767173395.3482382,-1,-4,-124
1767173395.3582382,0,-3,-124
1767173395.3682382,-5,-2,-124
1767173395.3782382,-3,0,-125
1767173395.3882382,0,0,-126
1767173395.3982382,1,-1,-120
1767173395.4082382,-2,-7,-111
1767173395.4182382,-3,-5,-122
1767173395.4282382,-6,-6,-130
1767173395.438238,-7,-7,-130
1767173395.448238,-7,-2,-124
1767173395.458238,-3,-1,-125
1767173395.468238,1,0,-120
1767173395.478238,-3,-4,-127
1767173395.488238,-5,-3,-126
1767173395.498238,-4,-1,-119
1767173395.508238,0,0,-127
1767173395.518238,3,0,-132
1767173395.528238,4,0,-133
1767173395.538238,4,-3,-135
1767173395.548238,4,-4,-134
1767173395.5582385,6,-2,-136
1767173395.5682385,4,-1,-129
1767173395.5782382,4,0,-120
1767173395.5882382,3,-1,-118
1767173395.5982382,2,-3,-116
1767173395.6082382,4,-6,-113
1767173395.6182382,0,-3,-124
1767173395.6282382,-2,-4,-129
1767173395.6382382,-2,-7,-129
1767173395.6482382,-3,-7,-129
1767173395.6582382,-4,-2,-131
1767173395.6682382,-1,0,-136
1767173395.6782382,4,-1,-142
1767173395.688238,1,-1,-140
1767173395.7102382,1,-4,-122
1767173395.718238,0,0,-121
1767173395.728238,1,-1,-125
1767173395.738238,-1,-3,-124
1767173395.748238,-3,-3,-125
1767173395.758238,-2,-2,-127
1767173395.768238,-4,-3,-128
1767173395.778238,-8,-4,-126
1767173395.788238,-7,-4,-121
1767173395.798238,-8,-3,-122
1767173395.8082385,-4,-1,-124
1767173395.8182385,-1,-2,-127
1767173395.8282382,-2,1,-126
1767173395.8382382,0,0,-126
1767173395.8482382,-5,-1,-126
1767173395.8582382,-4,0,-129
1767173395.8682382,-7,2,-128
1767173395.8782382,-8,1,-128
1767173395.8882382,-10,1,-127
1767173395.8982382,-7,3,-125
1767173395.9082382,-1,3,-131
1767173395.9182382,-3,3,-136
1767173395.9282382,-4,0,-140
1767173395.938238,-3,0,-143
1767173395.948238,-2,0,-144
1767173395.958238,0,-1,-136
1767173395.968238,1,-3,-130
1767173395.978238,4,-2,-132
1767173395.988238,3,-8,-125
1767173395.998238,0,-7,-127
1767173396.008238,0,-2,-129
1767173396.018238,0,1,-133
1767173396.028238,4,1,-138
1767173396.038238,4,2,-139
1767173396.048238,9,0,-125
1767173396.0582385,8,0,-122
1767173396.0682385,7,0,-125
1767173396.0792382,7,-2,-133
1767173396.0882382,4,-2,-128
1767173396.0982382,1,0,-134
1767173396.1082382,4,1,-133
1767173396.119238,1,-2,-130
1767173396.129238,2,-5,-123
1767173396.139238,0,-6,-122
1767173396.149238,2,-5,-129
1767173396.159238,3,-5,-123
1767173396.169238,5,-7,-125
1767173396.179238,0,-3,-125
1767173396.189238,1,0,-123
1767173396.199238,-1,-1,-119
1767173396.209238,0,-1,-125
1767173396.219238,-3,-2,-123
1767173396.2292385,0,0,-127
1767173396.2392385,0,2,-130
1767173396.2492385,-4,0,-126
1767173396.2592382,-2,0,-126
1767173396.2692382,-3,0,-129
1767173396.2792382,-5,1,-128
1767173396.2892382,-4,5,-127
1767173396.2992382,-4,4,-128
1767173396.3092382,-5,1,-128
1767173396.3192382,-7,0,-124
1767173396.3292382,-3,1,-124
1767173396.3392382,-2,1,-125
1767173396.3492382,-2,2,-122
1767173396.359238,-1,0,-128
1767173396.369238,-1,0,-130
1767173396.379238,2,0,-128
1767173396.389238,7,2,-132
1767173396.399238,3,0,-134
1767173396.409238,2,-1,-135
1767173396.419238,2,-1,-129
1767173396.429238,0,0,-131
1767173396.439238,0,1,-132
1767173396.449238,7,0,-133
1767173396.459238,7,-4,-127
1767173396.469238,8,-3,-127
1767173396.4792385,4,-5,-121
1767173396.4892385,9,-8,-119
1767173396.4992385,10,-9,-121
1767173396.5092382,6,-7,-123
1767173396.5192382,5,-2,-121
1767173396.5292382,6,0,-122
1767173396.5392382,6,1,-126
1767173396.5492382,8,-1,-124
1767173396.5592382,1,-6,-122
1767173396.5692382,2,-4,-123
1767173396.5792382,5,-4,-124
1767173396.5892382,5,-2,-127
1767173396.5992382,2,0,-129
1767173396.609238,0,1,-128
1767173396.619238,-1,0,-139
1767173396.629238,-6,-6,-142
1767173396.639238,-8,-10,-138
1767173396.649238,-6,-6,-136
1767173396.659238,-2,-7,-133
1767173396.669238,2,-1,-135
1767173396.679238,2,-7,-128
1767173396.689238,5,-5,-124
1767173396.699238,6,-6,-131
1767173396.709238,7,-4,-130
1767173396.719238,4,-8,-132
1767173396.7292385,2,-12,-129
1767173396.7392385,6,-9,-129
1767173396.7492385,8,-8,-130
1767173396.7592382,8,-11,-130
1767173396.7692382,3,-4,-136
1767173396.7792382,0,-4,-141
1767173396.7892382,0,-2,-140
1767173396.7992382,-1,0,-139
1767173396.8092382,0,0,-132
1767173396.8192382,0,2,-132
1767173396.8292382,0,6,-131
1767173396.8392382,-3,6,-129
1767173396.8492382,-5,4,-125
1767173396.859238,-5,4,-125
1767173396.869238,-5,0,-121
1767173396.879238,-6,-1,-122
1767173396.889238,-6,-4,-128
1767173396.899238,-7,-5,-128
1767173396.909238,-6,-3,-131
1767173396.919238,-1,-1,-135
1767173396.929238,-2,1,-137
1767173396.939238,-8,3,-132
1767173396.949238,-10,4,-130
1767173396.959238,-13,1,-133
1767173396.969238,-18,-3,-125
1767173396.9792385,-13,-5,-122
1767173396.9892385,-8,-6,-121
1767173396.9992385,-9,-8,-117
1767173397.0092382,-8,-8,-120
1767173397.0192382,-7,-6,-124
1767173397.0292382,-3,-4,-133
1767173397.0392382,-3,-4,-133
1767173397.0492382,-7,-4,-126
1767173397.0592382,-4,-8,-127
1767173397.0692382,0,-5,-126
1767173397.0792382,-1,-6,-128
1767173397.0892382,-1,-6,-131
1767173397.0992382,2,-4,-139
1767173397.109238,1,-3,-134
1767173397.119238,-1,-3,-127
1767173397.129238,0,-6,-124
1767173397.139238,3,-5,-132
1767173397.149238,1,-5,-130
1767173397.159238,-4,-3,-131
1767173397.169238,-3,-2,-128
1767173397.179238,3,-4,-126
1767173397.189238,3,-2,-130
1767173397.199238,3,-2,-129
1767173397.209238,5,-4,-127
1767173397.219238,4,-5,-130
1767173397.2292385,2,-3,-129
1767173397.2392385,-2,0,-131
1767173397.2492385,0,0,-129
1767173397.2592382,-1,-3,-125
1767173397.2692382,-3,-6,-121
1767173397.2792382,-9,-3,-116
1767173397.2892382,-10,-3,-110
1767173397.2992382,-8,-7,-103
1767173397.3092382,-5,-7,-102
1767173397.3192382,-3,-6,-106
1767173397.3292382,-3,-6,-112
1767173397.3392382,-3,-5,-117
1767173397.3492382,-3,-6,-122
1767173397.359238,-4,-4,-124
1767173397.369238,-1,0,-126
1767173397.379238,0,1,-128
1767173397.389238,2,0,-124
1767173397.399238,0,-6,-119
1767173397.409238,3,-8,-121
1767173397.419238,2,-9,-125
1767173397.429238,-1,-5,-120
1767173397.439238,-2,-1,-122
1767173397.449238,-4,3,-125
1767173397.459238,-1,5,-127
1767173397.469238,-1,2,-124
1767173397.4792385,0,1,-126
1767173397.4892385,-1,0,-125
1767173397.4992385,-2,-3,-129
1767173397.5092382,-5,-5,-130
1767173397.5192382,-3,-1,-135
1767173397.5292382,-5,-1,-141
1767173397.5392382,0,1,-141
1767173397.5492382,2,3,-139
1767173397.5592382,2,1,-137
1767173397.5692382,2,-1,-135
1767173397.5792382,2,-3,-138
1767173397.5892382,3,-1,-137
1767173397.5992382,0,-6,-140
1767173397.609238,-3,-4,-133
1767173397.619238,-3,-2,-126
1767173397.629238,1,-1,-118
1767173397.639238,3,0,-119
1767173397.649238,2,0,-120
1767173397.659238,2,1,-116
1767173397.669238,-3,2,-116
1767173397.679238,-6,2,-123
1767173397.689238,-4,-3,-125
1767173397.699238,-4,-7,-126
1767173397.709238,-1,-7,-122
1767173397.719238,-1,-5,-122
1767173397.7292385,0,-3,-130
1767173397.7392385,4,-8,-126
1767173397.7492385,-1,-6,-122
1767173397.7592382,0,-5,-119
1767173397.7692382,1,-10,-121
1767173397.7792382,0,-6,-121
1767173397.7892382,-1,-5,-120
1767173397.7992382,0,-5,-127
1767173397.8092382,3,-5,-126
1767173397.8192382,2,-3,-129
1767173397.8292382,4,-5,-123
1767173397.8392382,1,1,-126
1767173397.8492382,1,4,-134
1767173397.859238,5,0,-136
1767173397.869238,4,-2,-137
1767173397.879238,3,-7,-134
1767173397.889238,0,-8,-137
1767173397.899238,0,-10,-135
1767173397.909238,1,-6,-134
1767173397.919238,0,-5,-134
1767173397.929238,0,-1,-129
1767173397.939238,2,-1,-127
1767173397.949238,4,-5,-126
1767173397.959238,3,-2,-120
1767173397.969238,4,-5,-119
1767173397.9792385,2,-5,-122
1767173397.9892385,3,-7,-125
1767173397.9992385,4,-6,-124
1767173398.0092382,0,-4,-117
1767173398.0192382,1,0,-120
1767173398.0292382,2,0,-124
1767173398.0392382,2,2,-132
1767173398.0492382,0,0,-125
1767173398.0592382,1,3,-125
1767173398.0692382,-1,1,-129
1767173398.0792382,0,4,-131
1767173398.0892382,6,2,-137
1767173398.0992382,6,-3,-128
1767173398.109238,0,-1,-128
1767173398.119238,-4,-1,-129
1767173398.129238,-2,-1,-134
1767173398.139238,-2,2,-130
1767173398.149238,-2,4,-130
1767173398.159238,0,2,-131
1767173398.169238,0,0,-135
1767173398.179238,-5,-1,-128
1767173398.189238,-6,0,-128
1767173398.199238,-9,-3,-126
1767173398.209238,-7,-3,-123
1767173398.219238,-4,-6,-126
1767173398.2292385,0,-7,-135
1767173398.2392385,1,-6,-130
1767173398.2492385,1,-6,-131
1767173398.2592382,4,-6,-129
1767173398.2692382,0,-7,-127
1767173398.2792382,-2,-6,-125
1767173398.2892382,-1,-1,-118
1767173398.2992382,-1,-2,-117
1767173398.3092382,0,-1,-115
1767173398.3192382,0,0,-125
1767173398.3292382,4,1,-128
1767173398.3392382,5,1,-130
1767173398.3492382,-1,-2,-131
1767173398.359238,-4,-4,-130
1767173398.369238,-6,-5,-133
1767173398.379238,-6,-7,-126
1767173398.389238,-1,-5,-129
1767173398.399238,5,-1,-129
1767173398.409238,8,3,-122
1767173398.419238,6,4,-117
1767173398.429238,3,0,-119
1767173398.439238,0,0,-118
1767173398.449238,0,0,-116
1767173398.459238,-2,2,-117
1767173398.469238,-5,-1,-118
1767173398.4792385,-1,-1,-129
1767173398.4892385,0,-4,-131
1767173398.4992385,3,-4,-129
1767173398.5092382,4,1,-126
1767173398.5192382,6,-1,-118
1767173398.5292382,6,-4,-123
1767173398.5392382,9,-6,-122
1767173398.5492382,10,-6,-128
1767173398.5592382,6,-3,-130
1767173398.5692382,6,-3,-126
1767173398.5792382,5,-6,-130
1767173398.5892382,10,-4,-133
1767173398.5992382,10,-5,-126
1767173398.609238,8,0,-125
1767173398.619238,4,-2,-126
1767173398.629238,0,-5,-130
1767173398.639238,1,-5,-133
1767173398.649238,5,-8,-130
1767173398.659238,7,-7,-120
1767173398.669238,1,-4,-122
1767173398.679238,-1,-6,-127
1767173398.689238,0,-1,-125
1767173398.699238,1,4,-122
1767173398.709238,3,5,-126
1767173398.719238,5,3,-130
1767173398.7302382,2,4,-129
1767173398.7402382,0,6,-125
1767173398.7492385,-2,1,-123
1767173398.7602382,0,1,-123
1767173398.7692382,0,0,-122
1767173398.7802382,-1,2,-123
1767173398.790238,0,4,-124
1767173398.800238,0,3,-130
1767173398.810238,-1,2,-135
1767173398.820238,-1,1,-139
1767173398.830238,-4,-2,-143
1767173398.840238,-7,-5,-138
1767173398.850238,-7,-2,-139
1767173398.860238,-6,-4,-139
1767173398.870238,-10,-7,-138
1767173398.880238,-10,-4,-133
1767173398.890238,-10,2,-132
1767173398.900238,-4,1,-132
1767173398.9102385,0,4,-133
1767173398.9202385,3,2,-133
1767173398.9302382,8,2,-133
1767173398.9402382,8,0,-135
1767173398.9502382,3,0,-132
1767173398.9602382,2,0,-125
1767173398.9702382,2,2,-124
1767173398.9802382,5,2,-124
1767173398.9902382,7,0,-121
1767173399.0002382,5,-1,-126
1767173399.0102382,0,4,-119
1767173399.0202382,1,0,-115
1767173399.0302382,0,1,-115
1767173399.040238,0,4,-125
1767173399.050238,6,4,-132
1767173399.060238,4,3,-137
1767173399.070238,6,-2,-135
1767173399.080238,6,-3,-127
1767173399.090238,1,-4,-124
1767173399.100238,-4,-3,-121
1767173399.110238,-8,-6,-125
1767173399.120238,-7,-2,-119
1767173399.130238,-9,0,-118
1767173399.140238,-8,0,-118
1767173399.150238,-9,3,-120
1767173399.1602385,-12,2,-120
1767173399.1702385,-14,1,-116
1767173399.1802382,-12,2,-121
1767173399.1902382,-11,1,-127
1767173399.2002382,-12,-2,-128
1767173399.2102382,-6,-5,-128
1767173399.2202382,-3,-6,-136
1767173399.2302382,-5,-6,-135
1767173399.2402382,-7,-5,-134
1767173399.2502382,-1,-4,-135
1767173399.2602382,-10,-6,-136
1767173399.2702382,-10,-9,-132
1767173399.2802382,-11,-8,-133
1767173399.290238,-12,-2,-132
1767173399.300238,-13,-4,-127
1767173399.310238,-11,0,-131
1767173399.320238,-8,-4,-132
1767173399.330238,-8,-3,-128
1767173399.340238,-6,-6,-128
1767173399.350238,0,-7,-129
1767173399.360238,1,-5,-127
1767173399.370238,0,-7,-125
1767173399.380238,0,-8,-119
1767173399.390238,0,-6,-119
1767173399.400238,2,-7,-119
1767173399.4102385,0,-6,-123
1767173399.4202385,0,-7,-123
1767173399.4302382,0,-4,-125
1767173399.4402382,-4,-4,-125
1767173399.4502382,-10,-3,-127
1767173399.4602382,-5,-4,-132
1767173399.4702382,-8,-3,-129
1767173399.4802382,-6,-7,-134
1767173399.4902382,-6,-7,-133
1767173399.5002382,-2,-7,-136
1767173399.5102382,2,-8,-139
1767173399.5202382,0,-9,-139
1767173399.5302382,2,-10,-135
1767173399.540238,2,-8,-134
1767173399.550238,1,-6,-132
1767173399.560238,-3,-1,-128
1767173399.570238,1,0,-132
1767173399.580238,2,-2,-134
1767173399.590238,5,-3,-129
1767173399.600238,-2,-3,-130
1767173399.610238,-5,-1,-134
1767173399.620238,-1,-3,-139
1767173399.630238,-1,-6,-133
1767173399.640238,0,-4,-123
1767173399.650238,-1,-6,-122
1767173399.6602385,0,-8,-134
1767173399.6702385,1,-9,-129
1767173399.6802382,2,-6,-120
1767173399.6902382,4,-6,-123
1767173399.7002382,4,-5,-128
1767173399.7102382,3,-7,-121
1767173399.7202382,5,-3,-118
1767173399.7302382,4,0,-123
1767173399.7402382,-5,1,-126
1767173399.7502382,-9,0,-121
1767173399.7602382,-1,3,-119
1767173399.7702382,0,3,-126
1767173399.7802382,5,0,-128
1767173399.790238,1,1,-117
1767173399.800238,-2,0,-121
1767173399.810238,-4,-2,-122
1767173399.820238,-3,-3,-132
1767173399.830238,-2,-7,-127
1767173399.840238,-4,-7,-125
1767173399.850238,-2,-6,-126
1767173399.860238,-2,-2,-125
1767173399.870238,-2,-6,-135
1767173399.880238,-3,-2,-136
1767173399.890238,-8,-2,-130
1767173399.900238,-6,-1,-131
1767173399.9102385,-6,-1,-130
1767173399.9202385,-8,1,-127
1767173399.9302382,-11,3,-111
1767173399.9402382,-10,-2,-114
1767173399.9502382,-10,-1,-110
1767173399.9602382,-8,0,-109
1767173399.9702382,-2,-4,-111
1767173399.9802382,-2,-7,-111
1767173399.9902382,-1,-8,-110
1767173400.0002382,-1,-1,-110
1767173400.0102382,1,0,-116
1767173400.0202382,2,-1,-119
1767173400.0302382,6,-2,-123
1767173400.040238,10,-3,-128
1767173400.050238,6,-4,-126
1767173400.060238,2,-6,-131
1767173400.070238,7,-8,-134
1767173400.080238,2,-8,-129
1767173400.090238,3,-8,-124
1767173400.100238,6,-9,-130
1767173400.110238,10,-7,-129
1767173400.120238,12,-8,-136
1767173400.130238,6,-7,-140
1767173400.140238,5,-3,-130
1767173400.150238,2,-4,-122
1767173400.1602385,4,-5,-120
1767173400.1702385,2,-5,-118
1767173400.1802382,4,-2,-122
1767173400.1902382,3,-4,-120
1767173400.2002382,2,-3,-122
1767173400.2102382,0,-2,-122
1767173400.2202382,-4,0,-120
1767173400.2302382,-6,1,-120
1767173400.2402382,-5,0,-119
1767173400.2502382,-3,-1,-121
1767173400.2602382,-3,0,-123
1767173400.2702382,-1,-1,-123
1767173400.2802382,1,-4,-119
1767173400.290238,1,-2,-121
1767173400.300238,5,-2,-120
1767173400.310238,4,-5,-123
1767173400.320238,2,-5,-118
1767173400.330238,4,-5,-121
1767173400.340238,4,-3,-126
1767173400.350238,7,-7,-130
1767173400.360238,2,-8,-130
1767173400.370238,1,-8,-128
1767173400.380238,4,-2,-133
1767173400.390238,4,-4,-132
1767173400.400238,4,-3,-136
1767173400.4102385,4,-2,-134
1767173400.4202385,4,-2,-135
1767173400.4302382,3,-4,-136
1767173400.4402382,6,-1,-138
1767173400.4502382,7,2,-138
1767173400.4602382,9,0,-134
1767173400.4702382,4,-3,-135
1767173400.4802382,0,-6,-132
1767173400.4902382,-1,-3,-130
1767173400.5002382,-1,-3,-130
1767173400.5102382,-3,0,-131
1767173400.5202382,-3,0,-131
1767173400.5302382,-5,1,-128
1767173400.540238,-5,0,-135
1767173400.550238,-5,-4,-141
1767173400.560238,0,-4,-141
1767173400.570238,0,-4,-139
1767173400.580238,3,-3,-140
1767173400.590238,-1,-3,-139
1767173400.600238,-3,-5,-143
1767173400.610238,-1,-3,-144
1767173400.620238,-3,-8,-143
1767173400.630238,-3,-8,-140
1767173400.640238,5,-9,-140
1767173400.650238,6,-10,-141
1767173400.6602385,7,-8,-141
1767173400.6702385,1,-5,-143
1767173400.6802382,0,-2,-139
1767173400.6902382,0,-2,-128
1767173400.7002382,-5,-5,-124
1767173400.722238,2,-5,-130
1767173400.7302382,2,-2,-134
1767173400.7402382,0,-4,-138
1767173400.7502382,0,-6,-139
1767173400.7602382,2,-7,-133
1767173400.7702382,2,-4,-133
1767173400.7802382,0,-7,-129
1767173400.790238,-1,-1,-128
1767173400.800238,-4,-2,-126
1767173400.810238,-4,-5,-125
1767173400.820238,-7,-6,-126
1767173400.830238,-3,-5,-122
1767173400.840238,-2,-4,-122
1767173400.850238,6,-5,-123
1767173400.860238,4,-6,-123
1767173400.870238,9,-3,-125
1767173400.880238,6,-2,-127
1767173400.890238,6,1,-126
1767173400.900238,4,2,-126
1767173400.9102385,0,3,-129
1767173400.9202385,-4,0,-125
1767173400.9302382,-5,0,-118
1767173400.9402382,-7,0,-116
1767173400.9502382,-2,-3,-114
1767173400.9602382,-2,-6,-120
1767173400.9702382,-1,-4,-118
1767173400.9802382,0,-2,-122
1767173400.9902382,1,-3,-124
1767173401.0002382,1,-3,-124
1767173401.0102382,-5,-6,-118
1767173401.0202382,-9,-11,-121
1767173401.0302382,-8,-10,-124
1767173401.040238,-9,-8,-122
1767173401.050238,-4,-6,-124
1767173401.060238,-2,-2,-120
1767173401.070238,-6,-4,-123
1767173401.080238,-9,-1,-126
1767173401.090238,-6,1,-126
1767173401.100238,-4,1,-127
1767173401.110238,-6,-5,-123
1767173401.120238,-2,-9,-121
1767173401.130238,2,-5,-125
1767173401.140238,2,-5,-126
1767173401.150238,0,-3,-128
1767173401.1602385,2,-6,-128
1767173401.1702385,1,-4,-132
1767173401.1802382,4,-5,-134
1767173401.1902382,2,-4,-130
1767173401.2002382,1,-1,-132
1767173401.2102382,2,2,-133
1767173401.2202382,2,2,-133
1767173401.2302382,2,0,-137
1767173401.2402382,0,0,-137
1767173401.2502382,-3,-3,-136
1767173401.2602382,-5,0,-132
1767173401.2702382,-3,1,-127
1767173401.2802382,-3,-1,-127
1767173401.290238,-6,-1,-127
1767173401.300238,-4,1,-129
1767173401.310238,-3,1,-128
1767173401.320238,-1,-1,-133
1767173401.330238,2,0,-128
1767173401.340238,3,1,-125
1767173401.350238,0,-1,-124
1767173401.360238,2,0,-129
1767173401.3712382,0,3,-130
1767173401.380238,1,6,-123
1767173401.3912382,-3,2,-129
1767173401.4012382,-2,0,-126
1767173401.4112382,-2,5,-128
1767173401.4212382,-2,4,-135
1767173401.4312382,0,0,-139
1767173401.4412382,-2,0,-139
1767173401.4512382,-3,-4,-132
1767173401.461238,-4,-2,-124
1767173401.471238,-4,-1,-127
1767173401.481238,-1,-6,-127
1767173401.491238,1,-1,-122
1767173401.501238,4,-2,-121
1767173401.511238,5,0,-117
1767173401.521238,5,0,-112
1767173401.531238,4,-1,-117
1767173401.541238,2,0,-117
1767173401.551238,3,3,-124
1767173401.561238,1,2,-119
1767173401.571238,-1,-2,-109
1767173401.5812385,-4,0,-111
1767173401.5912385,-3,-2,-115
1767173401.6012385,-6,-4,-112
1767173401.6112382,-4,-3,-112
1767173401.6212382,-1,0,-122
1767173401.6312382,0,-6,-120
1767173401.6412382,-1,-6,-118
1767173401.6512382,-2,-6,-116
1767173401.6612382,5,-6,-117
1767173401.6712382,5,-7,-117
1767173401.6812382,0,-8,-117
1767173401.6912382,-1,-7,-112
1767173401.7012382,-2,-5,-117
1767173401.711238,-2,-4,-120
1767173401.721238,0,-1,-117
1767173401.731238,0,1,-121
1767173401.741238,2,0,-124
1767173401.751238,2,1,-128
1767173401.761238,5,0,-126
1767173401.771238,7,-2,-124
1767173401.781238,1,-1,-125
1767173401.791238,1,-3,-132
1767173401.801238,1,-3,-129
1767173401.811238,-3,-2,-131
1767173401.821238,-4,-3,-133
1767173401.8312385,1,0,-132
1767173401.8412385,3,0,-129
1767173401.8512385,4,-2,-127
1767173401.8612382,5,-5,-125
1767173401.8712382,2,-6,-125
1767173401.8812382,1,-8,-131
1767173401.8912382,0,-7,-140
1767173401.9012382,1,-9,-145
1767173401.9112382,3,-5,-141
1767173401.9212382,2,-3,-136
1767173401.9312382,2,-1,-135
1767173401.9412382,2,0,-128
1767173401.9512382,4,1,-130
1767173401.961238,5,0,-131
1767173401.971238,0,0,-128
1767173401.981238,0,-1,-131
1767173401.991238,0,0,-129
1767173402.001238,0,0,-130
1767173402.011238,4,-4,-133
1767173402.021238,2,-7,-127
1767173402.031238,-1,-2,-130
1767173402.041238,-2,1,-129
1767173402.051238,-2,0,-132
1767173402.061238,-4,-6,-135
1767173402.071238,-5,-9,-132
1767173402.0812385,-5,-10,-130
1767173402.0912385,-1,-5,-135
1767173402.1012385,0,0,-130
1767173402.1112382,-4,-2,-129
1767173402.1212382,-1,-2,-131
1767173402.1312382,0,-1,-132
1767173402.1412382,3,0,-134
1767173402.1512382,1,0,-128
1767173402.1612382,0,2,-122
1767173402.1712382,0,0,-126
1767173402.1812382,1,4,-131
1767173402.1912382,0,5,-128
1767173402.2012382,2,9,-121
1767173402.211238,5,9,-120
1767173402.221238,6,4,-121
1767173402.231238,3,2,-128
1767173402.241238,8,5,-127
1767173402.251238,4,2,-132
1767173402.261238,2,7,-132
1767173402.271238,-1,7,-125
1767173402.281238,-2,7,-129
1767173402.291238,-6,8,-128
1767173402.301238,-4,4,-129
1767173402.311238,0,2,-126
1767173402.321238,4,2,-128
1767173402.3312385,5,4,-130
1767173402.3412385,1,7,-122
1767173402.3512385,3,8,-125
1767173402.3612382,3,8,-125
1767173402.3712382,0,8,-124
1767173402.3812382,0,7,-127
1767173402.3912382,-1,4,-130
1767173402.4012382,2,0,-126
1767173402.4112382,-1,-2,-122
1767173402.4212382,0,-2,-122
1767173402.4312382,-1,-4,-120
1767173402.4412382,-3,-3,-120
1767173402.4512382,-4,-1,-122
1767173402.461238,-5,0,-127
1767173402.471238,-9,-6,-123
1767173402.481238,-11,-5,-125
1767173402.491238,-13,-4,-125
1767173402.501238,-10,-7,-127
1767173402.511238,-6,-10,-130
1767173402.521238,-7,-12,-128
1767173402.531238,-6,-8,-133
1767173402.541238,-5,-9,-128
1767173402.551238,-2,-9,-123
1767173402.561238,0,-5,-122
1767173402.571238,0,-6,-119
1767173402.5812385,0,-6,-119
1767173402.5912385,1,-8,-116
1767173402.6012385,1,-4,-118
1767173402.6112382,0,-6,-120
1767173402.6212382,0,-5,-129
1767173402.6312382,-1,2,-122
1767173402.6412382,-2,0,-125
1767173402.6512382,-3,-3,-128
1767173402.6612382,-5,-5,-130
1767173402.6712382,-7,-7,-132
1767173402.6812382,-7,-1,-128
1767173402.6912382,-11,-1,-119
1767173402.7012382,-6,-1,-121
1767173402.711238,0,0,-116
1767173402.721238,-1,-1,-120
1767173402.731238,-2,0,-121
1767173402.741238,-2,0,-123
1767173402.751238,-2,0,-121
1767173402.761238,0,2,-121
1767173402.771238,1,0,-121
1767173402.781238,0,3,-119
1767173402.791238,-1,0,-125
1767173402.801238,-5,-1,-128
1767173402.811238,-3,0,-129
1767173402.821238,-2,-6,-131
1767173402.8312385,0,-1,-129
1767173402.8412385,5,-1,-130
1767173402.8512385,1,-4,-123
1767173402.8612382,0,-6,-120
1767173402.8712382,2,-7,-123
1767173402.8812382,1,-2,-118
1767173402.8912382,0,-4,-118
1767173402.9012382,1,0,-129
1767173402.9112382,3,1,-132
1767173402.9212382,4,0,-133
1767173402.9312382,7,2,-133
1767173402.9412382,8,0,-139
1767173402.9512382,11,0,-144
1767173402.961238,5,-1,-140
1767173402.971238,0,-1,-137
1767173402.981238,0,-3,-136
1767173402.991238,2,-1,-138
1767173403.001238,2,-3,-139
1767173403.011238,-3,-4,-137
1767173403.021238,-2,-6,-131
1767173403.031238,-9,-6,-128
1767173403.041238,-6,-6,-130
1767173403.051238,-10,-6,-126
1767173403.061238,-9,-9,-123
1767173403.071238,-8,-10,-122
1767173403.0812385,-11,-6,-128
1767173403.0912385,-3,-2,-133
1767173403.1012385,0,0,-136
1767173403.1112382,3,-2,-129
1767173403.1212382,7,-2,-130
1767173403.1312382,5,-4,-127
1767173403.1412382,0,-7,-129
1767173403.1512382,-2,-5,-127
1767173403.1612382,-12,-4,-124
1767173403.1712382,-9,-3,-124
1767173403.1812382,-7,-1,-129
1767173403.1912382,-8,-3,-129
1767173403.2012382,-9,-3,-127
1767173403.211238,-4,-4,-125
1767173403.221238,-6,-3,-125
1767173403.231238,-4,-3,-126
1767173403.241238,-7,-6,-130
1767173403.251238,-6,-4,-133
1767173403.261238,0,-3,-134
1767173403.271238,-1,0,-131
1767173403.281238,0,2,-136
1767173403.291238,-5,3,-133
1767173403.301238,-5,4,-128
1767173403.311238,-8,1,-130
1767173403.321238,-4,1,-127
1767173403.3312385,-2,0,-126
1767173403.3412385,5,-5,-130
1767173403.3512385,6,-6,-133
1767173403.3612382,7,-2,-130
1767173403.3712382,8,0,-132
1767173403.3812382,5,0,-127
1767173403.3912382,4,0,-124
1767173403.4012382,0,-2,-125
1767173403.4112382,2,-3,-130
1767173403.4212382,3,0,-136
1767173403.4312382,3,0,-131
1767173403.4412382,2,-1,-135
1767173403.4512382,2,0,-136
1767173403.461238,1,-4,-134
1767173403.471238,3,-2,-129
1767173403.481238,3,-4,-121
1767173403.491238,0,1,-114
1767173403.501238,0,2,-119
1767173403.511238,0,-1,-123
1767173403.521238,1,-3,-129
1767173403.531238,1,-6,-130
1767173403.541238,1,-6,-129
1767173403.551238,2,-5,-123
1767173403.561238,7,-5,-123
1767173403.571238,4,-6,-129
1767173403.5812385,4,-3,-129
1767173403.5912385,5,2,-132
1767173403.6012385,2,0,-134
1767173403.6112382,1,-1,-133
1767173403.6212382,1,0,-128
1767173403.6312382,-3,2,-126
1767173403.6412382,-4,1,-129
1767173403.6512382,-3,2,-126
1767173403.6612382,-5,0,-125
1767173403.6712382,0,-7,-121
1767173403.6812382,2,-6,-117
1767173403.6912382,0,-2,-121
1767173403.7012382,1,-2,-123
1767173403.711238,0,-1,-125
1767173403.721238,-4,-6,-130
1767173403.731238,-7,-5,-132
1767173403.741238,-5,-6,-133
1767173403.751238,-6,-4,-135
1767173403.761238,0,-5,-130
1767173403.771238,1,-1,-129
1767173403.781238,0,-2,-133
1767173403.791238,0,-5,-132
1767173403.801238,-3,-1,-127
1767173403.811238,-4,-1,-126
1767173403.821238,-4,-1,-125
1767173403.8312385,-5,-3,-129
1767173403.8412385,-3,-2,-130
1767173403.8512385,1,-1,-129
1767173403.8612382,0,-1,-133
1767173403.8712382,1,-1,-135
1767173403.8812382,-1,-3,-136
1767173403.8912382,-4,-2,-132
1767173403.9012382,-1,0,-136
1767173403.9112382,-2,-2,-132
1767173403.9212382,-2,-2,-136
1767173403.9312382,3,-3,-127
1767173403.9412382,2,-2,-127
1767173403.9512382,0,-1,-127
1767173403.961238,-1,1,-129
1767173403.972238,3,-4,-127
1767173403.982238,0,-4,-134
1767173403.992238,1,-2,-130
1767173404.002238,2,-3,-130
1767173404.0122385,2,-4,-130
1767173404.0222385,4,-4,-131
1767173404.0322382,-4,-1,-132
1767173404.0422382,-8,-1,-133
1767173404.0522382,-9,-4,-141
1767173404.0622382,-8,-2,-143
1767173404.0722382,-7,1,-139
1767173404.0822382,-4,4,-137
1767173404.0922382,0,2,-143
1767173404.1022382,0,2,-141
1767173404.1122382,-1,1,-138
1767173404.1222382,-2,2,-136
1767173404.132238,-5,1,-137
1767173404.142238,-5,0,-133
1767173404.152238,-8,3,-128
1767173404.162238,-10,0,-121
1767173404.172238,-8,2,-123
1767173404.182238,-3,4,-123
1767173404.192238,-2,2,-129
1767173404.202238,-3,1,-134
1767173404.212238,-2,0,-137
1767173404.222238,-3,-2,-137
1767173404.232238,-4,-1,-137
1767173404.242238,-1,-3,-136
1767173404.252238,0,-4,-138
1767173404.2622385,3,-4,-133
1767173404.2722385,3,-4,-128
1767173404.2822382,1,-6,-129
1767173404.2922382,-3,-4,-123
1767173404.3022382,-2,1,-124
1767173404.3122382,-2,1,-125
1767173404.3222382,-4,0,-126
1767173404.3322382,-1,0,-139
1767173404.3422382,-2,1,-137
1767173404.3522382,2,1,-131
1767173404.3622382,2,2,-135
1767173404.3722382,1,0,-142
1767173404.382238,0,4,-143
1767173404.392238,-6,0,-141
1767173404.402238,-9,0,-145
1767173404.412238,-7,6,-138
1767173404.422238,-5,6,-132
1767173404.432238,-4,4,-135
1767173404.442238,-4,1,-135
1767173404.452238,-7,0,-143
1767173404.462238,-5,2,-139
1767173404.472238,-6,-1,-134
1767173404.482238,-5,-2,-131
1767173404.492238,-6,-1,-132
1767173404.502238,-3,2,-130
1767173404.5122385,-2,1,-137
1767173404.5222385,0,0,-135
1767173404.5322382,0,-2,-132
1767173404.5422382,-1,-2,-132
1767173404.5522382,1,0,-136
1767173404.5622382,1,0,-135
1767173404.5722382,0,0,-125
1767173404.5822382,1,2,-122
1767173404.5922382,3,1,-126
1767173404.6022382,4,1,-131
1767173404.6122382,1,-1,-129
1767173404.6222382,-1,0,-132
1767173404.632238,-4,-2,-135
1767173404.642238,-8,0,-131
1767173404.652238,-11,1,-131
1767173404.662238,-14,-1,-129
1767173404.672238,-7,-4,-130
1767173404.682238,-3,-4,-134
1767173404.692238,0,-2,-124
1767173404.702238,3,-3,-119
1767173404.712238,2,-1,-119
1767173404.722238,0,-2,-123
1767173404.732238,4,-3,-120
1767173404.742238,5,0,-122
1767173404.752238,4,-6,-127
1767173404.7622385,3,-9,-132
1767173404.7722385,0,-7,-132
1767173404.7822382,3,-4,-125
1767173404.7922382,2,-5,-117
1767173404.8022382,3,-9,-118
1767173404.8122382,4,-5,-118
1767173404.8222382,4,-2,-121
1767173404.8322382,2,0,-128
1767173404.8422382,2,0,-132
1767173404.8522382,7,0,-127
1767173404.8622382,6,3,-128
1767173404.8722382,7,1,-129
1767173404.882238,1,-3,-125
1767173404.892238,-1,-6,-123
1767173404.902238,0,-4,-130
1767173404.912238,0,-2,-123
1767173404.922238,0,-1,-126
1767173404.932238,2,-1,-129
1767173404.942238,6,-1,-130
1767173404.952238,1,-2,-128
1767173404.962238,4,0,-126
1767173404.972238,1,2,-125
1767173404.982238,2,0,-128
1767173404.992238,9,3,-123
1767173405.002238,8,6,-117
1767173405.0122385,6,4,-118
1767173405.0222385,4,2,-116
1767173405.0322382,6,1,-118
1767173405.0422382,4,-2,-121
1767173405.0522382,2,-1,-124
1767173405.0622382,3,-3,-122
1767173405.0722382,2,-3,-125
1767173405.0822382,-1,-3,-120
1767173405.0922382,-5,-6,-128
1767173405.1022382,-4,-4,-130
1767173405.1122382,-5,-3,-129
1767173405.1222382,-4,-6,-130
1767173405.132238,-4,-4,-128
1767173405.142238,0,-2,-131
1767173405.152238,0,0,-133
1767173405.162238,-5,0,-133
1767173405.172238,-1,2,-127
1767173405.182238,0,1,-130
1767173405.192238,-5,-1,-127
1767173405.202238,-1,0,-131
1767173405.212238,-1,0,-134
1767173405.222238,0,3,-123
1767173405.232238,0,2,-119
1767173405.242238,-1,1,-118
1767173405.252238,-2,-1,-123
1767173405.2622385,2,0,-131
1767173405.2722385,0,-3,-132
1767173405.2822382,0,-2,-137
1767173405.2922382,-2,0,-134
1767173405.3022382,-4,0,-129
1767173405.3122382,-3,1,-129
1767173405.3222382,-2,-1,-134
1767173405.3322382,5,-4,-132
1767173405.3422382,9,-4,-125
1767173405.3522382,8,-2,-127
1767173405.3622382,8,3,-127
1767173405.3722382,7,4,-127
1767173405.382238,4,2,-126
1767173405.392238,4,0,-125
1767173405.402238,5,-2,-123
1767173405.412238,8,0,-125
1767173405.422238,7,6,-125
1767173405.432238,6,3,-123
1767173405.442238,3,-5,-126
1767173405.452238,0,-2,-128
1767173405.462238,0,0,-127
1767173405.472238,3,0,-130
1767173405.482238,5,-5,-133
1767173405.492238,1,-6,-128
1767173405.502238,0,-8,-126
1767173405.5122385,0,-6,-133
1767173405.5222385,2,-1,-137
1767173405.5322382,3,2,-140
1767173405.5422382,6,0,-136
1767173405.5522382,8,2,-128
1767173405.5622382,7,0,-125
1767173405.5722382,3,-2,-119
1767173405.5822382,1,-2,-115
1767173405.5922382,3,0,-113
1767173405.6022382,-2,1,-119
1767173405.6122382,-2,-1,-122
1767173405.6222382,-5,-1,-121
1767173405.632238,-5,-1,-121
1767173405.642238,-8,0,-119
1767173405.652238,-9,2,-113
1767173405.662238,-8,-2,-115
1767173405.672238,-11,-1,-124
1767173405.682238,-7,-3,-131
1767173405.692238,-1,-1,-123
1767173405.702238,0,-2,-114
1767173405.712238,1,0,-113
1767173405.7332382,-1,-3,-125
1767173405.742238,1,-4,-123
1767173405.752238,4,-4,-113
1767173405.7622385,3,-3,-115
1767173405.7722385,3,-1,-115
1767173405.7822382,1,-2,-117
1767173405.7922382,3,0,-117
1767173405.8022382,2,0,-118
1767173405.8122382,4,0,-115
1767173405.8222382,2,0,-118
1767173405.8322382,1,2,-126
1767173405.8422382,1,0,-121
1767173405.8522382,0,2,-122
1767173405.8622382,0,1,-123
1767173405.8722382,-4,-2,-130
1767173405.882238,-6,-2,-127
1767173405.892238,-9,-1,-124
1767173405.902238,-9,2,-122
1767173405.912238,-10,4,-124
1767173405.922238,-3,5,-128
1767173405.932238,0,8,-124
1767173405.942238,0,4,-121
1767173405.952238,-3,1,-118
1767173405.962238,-3,0,-119
1767173405.972238,-6,3,-124
1767173405.982238,-6,-1,-125
1767173405.992238,0,-3,-116
1767173406.002238,0,-1,-123
1767173406.0122385,0,0,-132
1767173406.0222385,1,0,-128
1767173406.0322382,2,1,-129
1767173406.0422382,4,-1,-128
1767173406.0522382,5,1,-132
1767173406.0622382,4,0,-132
1767173406.0722382,2,0,-132
1767173406.0822382,2,-1,-132
1767173406.0922382,2,-2,-128
1767173406.1022382,0,-3,-136
1767173406.1122382,0,0,-129
1767173406.1222382,1,-3,-127
1767173406.132238,3,0,-124
1767173406.142238,-1,0,-123
1767173406.152238,0,1,-126
1767173406.162238,-2,5,-121
1767173406.172238,-6,2,-125
1767173406.182238,-2,-1,-124
1767173406.192238,-2,-3,-127
1767173406.202238,0,-2,-124
1767173406.212238,-2,-2,-121
1767173406.222238,-2,0,-117
1767173406.232238,0,2,-120
1767173406.242238,0,-1,-125
1767173406.252238,0,-1,-127
1767173406.2622385,0,0,-140
1767173406.2722385,-1,3,-142
1767173406.2822382,-5,3,-139
1767173406.2922382,-5,7,-145
1767173406.3022382,-5,5,-145
1767173406.3122382,-5,3,-145
1767173406.3222382,-3,3,-132
1767173406.3322382,-3,0,-126
1767173406.3422382,-5,0,-126
1767173406.3522382,-2,-1,-128
1767173406.3622382,2,0,-125
1767173406.3722382,1,-2,-132
1767173406.382238,5,-7,-133
1767173406.392238,4,-6,-131
1767173406.402238,3,-8,-132
1767173406.412238,0,-8,-133
1767173406.422238,-1,-4,-129
1767173406.432238,-3,0,-128
1767173406.442238,0,0,-138
1767173406.452238,3,2,-134
1767173406.462238,2,2,-131
1767173406.472238,7,2,-124
1767173406.482238,2,3,-126
1767173406.492238,-3,-1,-132
1767173406.502238,-9,-1,-135
1767173406.5122385,-2,0,-137
1767173406.5222385,1,0,-134
1767173406.5322382,7,3,-135
1767173406.5422382,8,1,-131
1767173406.5522382,2,3,-124
1767173406.5622382,4,4,-119
1767173406.5722382,3,5,-119
1767173406.583238,1,4,-122
1767173406.593238,0,3,-126
1767173406.603238,0,6,-128
1767173406.6122382,-4,5,-130
1767173406.623238,-5,1,-129
1767173406.633238,-6,0,-127
1767173406.643238,-8,2,-130
1767173406.653238,-4,-2,-131
1767173406.663238,-8,-5,-134
1767173406.673238,-6,-5,-132
1767173406.6832385,-10,-3,-126
1767173406.6932385,-10,0,-125
1767173406.7032382,-5,-1,-124
1767173406.7132382,-2,1,-124
1767173406.7232382,0,0,-126
1767173406.7332382,2,-2,-125
1767173406.7432382,3,-1,-123
1767173406.7532382,2,1,-121
1767173406.7632382,1,2,-128
1767173406.7732382,4,0,-131
1767173406.7832382,-2,-4,-127
1767173406.7932382,-1,-4,-126
1767173406.8032382,1,-5,-127
1767173406.813238,-2,-4,-126
1767173406.823238,-4,-2,-128
1767173406.833238,-4,0,-128
1767173406.843238,-1,0,-129
1767173406.853238,-1,-1,-123
1767173406.863238,4,-1,-128
1767173406.873238,1,3,-135
1767173406.883238,3,7,-130
1767173406.893238,0,8,-125
1767173406.903238,1,0,-123
1767173406.913238,1,-3,-127
1767173406.923238,-4,0,-122
1767173406.9332385,-5,-3,-125
1767173406.9432385,-1,-2,-126
1767173406.9532382,0,-3,-130
1767173406.9632382,0,-1,-129
1767173406.9732382,-1,0,-133
1767173406.9832382,-2,4,-134
1767173406.9932382,-3,2,-130
1767173407.0032382,1,2,-131
1767173407.0132382,0,1,-132
1767173407.0232382,-1,3,-131
1767173407.0332382,-4,6,-128
1767173407.0432382,-4,4,-134
1767173407.0532382,-8,1,-140
1767173407.063238,-7,1,-137
1767173407.073238,-4,0,-136
1767173407.083238,-4,2,-133
1767173407.093238,0,3,-133
1767173407.103238,-1,0,-137
1767173407.113238,1,-1,-140
1767173407.123238,1,-3,-139
1767173407.133238,2,-4,-132
1767173407.143238,2,-3,-131
1767173407.153238,2,-2,-126
1767173407.163238,0,-2,-126
1767173407.173238,-2,-5,-134
1767173407.1832385,1,-3,-139
1767173407.1932385,3,3,-135
1767173407.2032382,1,1,-137
1767173407.2132382,2,2,-135
1767173407.2232382,2,1,-129
1767173407.2332382,3,0,-129
1767173407.2432382,2,-1,-127
1767173407.2532382,5,2,-126
1767173407.2632382,4,-2,-123
1767173407.2732382,5,-2,-130
1767173407.2832382,7,-5,-129
1767173407.2932382,10,-2,-124
1767173407.3032382,9,-2,-119
1767173407.313238,5,-1,-115
1767173407.323238,1,0,-119
1767173407.333238,5,0,-124
1767173407.343238,4,4,-121
1767173407.353238,0,2,-114
1767173407.363238,1,1,-119
1767173407.373238,-1,-3,-119
1767173407.383238,0,-4,-119
1767173407.393238,4,-2,-119
1767173407.403238,1,2,-121
1767173407.413238,1,2,-124
1767173407.423238,2,0,-131
1767173407.4332385,2,-4,-131
1767173407.4432385,2,-4,-127
1767173407.4532382,3,-2,-125
1767173407.4632382,-2,0,-124
1767173407.4732382,-3,1,-123
1767173407.4832382,-3,0,-123
1767173407.4932382,0,-1,-127
1767173407.5032382,1,-3,-129
1767173407.5132382,0,-7,-128
1767173407.5232382,0,-9,-126
1767173407.5332382,7,-8,-124
1767173407.5432382,3,-6,-121
1767173407.5532382,0,-3,-128
1767173407.563238,0,-4,-122
1767173407.573238,-1,-3,-119
1767173407.583238,-3,-3,-122
1767173407.593238,-4,-7,-125
1767173407.603238,-5,-3,-122
1767173407.613238,-3,1,-118
1767173407.623238,-6,-2,-118
1767173407.633238,-5,-1,-118
1767173407.643238,-3,-5,-128
1767173407.653238,-4,-5,-134
1767173407.663238,0,-1,-132
1767173407.673238,0,2,-130
1767173407.6832385,2,0,-121
1767173407.6932385,1,2,-116
1767173407.7032382,0,1,-118
1767173407.7132382,-2,0,-125
1767173407.7232382,-1,-1,-127
1767173407.7332382,-1,-1,-135
1767173407.7432382,-4,-3,-135
1767173407.7532382,-3,-2,-131
1767173407.7632382,-2,-3,-127
1767173407.7732382,0,-5,-118
1767173407.7832382,-1,-3,-117
1767173407.7932382,-3,0,-113
1767173407.8032382,-1,0,-116
1767173407.813238,0,-4,-125
1767173407.823238,-3,-1,-120
1767173407.833238,-1,-2,-124
1767173407.843238,-4,-2,-127
1767173407.853238,-10,-1,-128
1767173407.863238,-7,-2,-127
1767173407.873238,-4,-5,-126
1767173407.883238,-5,-5,-129
1767173407.893238,-4,-9,-124
1767173407.903238,-7,-10,-122
1767173407.913238,-4,-8,-133
1767173407.923238,0,-8,-136
1767173407.9332385,-4,-2,-134
1767173407.9432385,-2,4,-125
1767173407.9532382,4,3,-127
1767173407.9632382,3,0,-123
1767173407.9732382,5,0,-124
1767173407.9832382,3,1,-120
1767173407.9932382,0,-2,-120
1767173408.0032382,-1,0,-121
1767173408.0132382,0,1,-124
1767173408.0232382,1,4,-129
1767173408.0332382,2,2,-128
1767173408.0432382,2,0,-125
1767173408.0532382,2,0,-119
1767173408.063238,3,1,-123
1767173408.073238,1,3,-128
1767173408.083238,6,1,-125
1767173408.093238,6,1,-127
1767173408.103238,6,0,-129
1767173408.113238,1,2,-129
1767173408.123238,2,3,-129
1767173408.133238,-1,1,-131
1767173408.143238,-5,3,-129
1767173408.153238,-7,0,-127
1767173408.163238,-2,-1,-122
1767173408.173238,1,2,-121
1767173408.1832385,0,0,-124
1767173408.1932385,3,1,-124
1767173408.2032382,2,3,-125
1767173408.2132382,0,-1,-129
1767173408.2232382,0,-4,-129
1767173408.2332382,3,-5,-129
1767173408.2432382,-2,-4,-128
1767173408.2532382,-4,-4,-133
1767173408.2632382,-1,-8,-133
1767173408.2732382,-3,-5,-125
1767173408.2832382,-4,-8,-128
1767173408.2932382,0,-7,-133
1767173408.3032382,1,-4,-138
1767173408.313238,2,-4,-133
1767173408.323238,2,-2,-130
1767173408.333238,0,-2,-132
1767173408.343238,4,-2,-125
1767173408.353238,3,-4,-127
1767173408.363238,2,-6,-126
1767173408.373238,1,-6,-123
1767173408.383238,0,-5,-118
1767173408.393238,0,-2,-118
1767173408.403238,1,-3,-114
1767173408.413238,-1,-3,-118
1767173408.423238,0,-2,-117
1767173408.4332385,-1,-4,-121
1767173408.4432385,0,-6,-120
1767173408.4532382,4,-8,-112
1767173408.4632382,4,-11,-118
1767173408.4732382,6,-8,-119
1767173408.4832382,5,-7,-114
1767173408.4932382,0,-6,-122
1767173408.5032382,0,-6,-123
1767173408.5132382,-5,-4,-128
1767173408.5232382,-7,0,-134
1767173408.5332382,-6,-2,-137
1767173408.5432382,-2,-2,-139
1767173408.5532382,4,-2,-132
1767173408.563238,8,1,-127
1767173408.573238,9,5,-126
1767173408.583238,11,7,-131
1767173408.593238,6,8,-132
1767173408.603238,5,10,-132
1767173408.613238,5,11,-132
1767173408.623238,5,6,-135
1767173408.633238,3,2,-131
1767173408.643238,5,0,-131
1767173408.653238,6,0,-126
1767173408.663238,4,1,-117
1767173408.673238,5,4,-116
1767173408.6832385,2,0,-114
1767173408.6932385,2,0,-118
1767173408.7032382,3,1,-120
1767173408.7132382,0,2,-126
1767173408.7232382,0,2,-119
1767173408.7332382,-2,2,-117
1767173408.7432382,-3,4,-125
1767173408.7532382,-2,2,-128
1767173408.7632382,0,1,-130
1767173408.7732382,0,3,-130
1767173408.7832382,-5,3,-126
1767173408.7932382,-4,0,-127
1767173408.8032382,-4,-1,-129
1767173408.813238,-6,-3,-130
1767173408.823238,-4,-1,-128
1767173408.833238,-5,-4,-126
1767173408.843238,-4,-2,-125
1767173408.853238,-4,-1,-128
1767173408.863238,-4,0,-134
1767173408.873238,-9,-2,-137
1767173408.883238,-10,-2,-132
1767173408.893238,-9,-2,-133
1767173408.903238,-9,-4,-128
1767173408.913238,-4,-3,-129
1767173408.923238,-4,0,-132
1767173408.9332385,-1,0,-129
1767173408.9432385,-1,0,-127
1767173408.9532382,-3,1,-129
1767173408.9632382,-4,0,-128
1767173408.9732382,-10,1,-131
1767173408.9832382,-14,3,-124
1767173408.9932382,-14,-3,-123
1767173409.0032382,-9,-4,-128
1767173409.0132382,-12,-3,-131
1767173409.0232382,-13,-4,-130
1767173409.0332382,-10,-5,-122
1767173409.0432382,-1,-3,-122
1767173409.0532382,-5,-2,-122
1767173409.063238,-11,-4,-118
1767173409.073238,-6,-5,-116
1767173409.083238,-6,-5,-121
1767173409.093238,-6,0,-124
1767173409.103238,-8,0,-125
1767173409.113238,-7,-4,-124
1767173409.123238,-7,-1,-125
1767173409.133238,-10,-3,-131
1767173409.143238,-10,-4,-132
1767173409.153238,-7,0,-129
1767173409.163238,-5,2,-130
1767173409.173238,-7,3,-133
1767173409.1832385,-2,1,-132
1767173409.1932385,-6,1,-127
1767173409.2042382,-5,2,-129
1767173409.2132382,-7,4,-124
1767173409.2242382,0,3,-128
1767173409.2332382,-3,3,-131
1767173409.244238,0,3,-134
1767173409.254238,-1,-2,-137
1767173409.264238,-3,-1,-141
1767173409.274238,0,-3,-141
1767173409.284238,-1,-1,-141
1767173409.294238,0,-2,-136
1767173409.304238,2,-1,-125
1767173409.314238,5,-3,-121
1767173409.324238,7,-3,-124
1767173409.334238,7,-3,-124
1767173409.344238,5,0,-124
1767173409.3542385,1,2,-124
1767173409.3642385,1,3,-125
1767173409.3742385,4,2,-128
1767173409.3842382,4,1,-137
1767173409.3942382,6,0,-143
1767173409.4042382,0,-2,-136
1767173409.4142382,0,-1,-133
1767173409.4242382,0,1,-127
1767173409.4342382,5,0,-119
1767173409.4442382,5,-2,-120
1767173409.4542382,7,2,-126
1767173409.4642382,1,0,-129
1767173409.4742382,2,1,-132
1767173409.484238,2,3,-131
1767173409.494238,0,0,-130
1767173409.504238,-1,0,-124
1767173409.514238,0,-1,-130
1767173409.524238,-1,0,-133
1767173409.534238,-5,0,-134
1767173409.544238,-5,-1,-129
1767173409.554238,-9,-2,-128
1767173409.564238,-4,2,-134
1767173409.574238,-1,4,-129
1767173409.584238,0,2,-130
1767173409.594238,4,5,-124
1767173409.6042385,2,2,-122
1767173409.6142385,0,3,-121
1767173409.6242385,-2,3,-123
1767173409.6342382,-5,1,-126
1767173409.6442382,-1,0,-128
1767173409.6542382,0,0,-129
1767173409.6642382,-1,0,-127
1767173409.6742382,-1,3,-131
1767173409.6842382,-2,0,-131
1767173409.6942382,-5,2,-128
1767173409.7042382,0,-1,-120
1767173409.7142382,-4,0,-128
1767173409.7242382,-5,1,-128
1767173409.734238,-4,-1,-126
1767173409.744238,-6,0,-123
1767173409.754238,-6,4,-126
1767173409.764238,-2,4,-128
1767173409.774238,-7,4,-131
1767173409.784238,-8,3,-132
1767173409.794238,-9,-1,-126
1767173409.804238,-6,-3,-127
1767173409.814238,-4,-2,-128
1767173409.824238,-2,-1,-120
1767173409.834238,-1,-4,-130
1767173409.844238,0,-4,-136
1767173409.8542385,2,-6,-134
1767173409.8642385,0,-3,-133
1767173409.8742385,1,-2,-130
1767173409.8842382,0,0,-126
1767173409.8942382,-3,-3,-125
1767173409.9042382,-1,-5,-123
1767173409.9142382,-6,-3,-123
1767173409.9242382,-4,0,-124
1767173409.9342382,-5,-2,-132
1767173409.9442382,-2,0,-126
1767173409.9542382,-1,-3,-124
1767173409.9642382,-1,-8,-128
1767173409.9742382,-1,-8,-132
1767173409.984238,-2,-7,-136
1767173409.994238,0,-4,-140
1767173410.004238,0,-1,-143
1767173410.014238,0,-4,-142
1767173410.024238,4,-5,-132
1767173410.034238,8,-1,-126
1767173410.044238,8,-1,-126
1767173410.054238,9,1,-124
1767173410.064238,9,0,-134
1767173410.074238,12,-4,-136
1767173410.084238,11,-5,-133
1767173410.094238,11,-8,-132
1767173410.1042385,8,-8,-127
1767173410.1142385,6,-2,-126
1767173410.1242385,6,-2,-120
1767173410.1342382,7,-2,-121
1767173410.1442382,8,0,-120
1767173410.1542382,9,0,-120
1767173410.1642382,9,5,-121
1767173410.1742382,7,7,-126
1767173410.1842382,3,8,-125
1767173410.1942382,0,4,-128
1767173410.2042382,-3,3,-130
1767173410.2142382,-7,1,-129
1767173410.2242382,-5,-1,-128
1767173410.234238,-1,-2,-134
1767173410.244238,-1,-2,-125
1767173410.254238,-1,1,-126
1767173410.264238,-2,0,-132
1767173410.274238,-2,-2,-131
1767173410.284238,-2,-6,-132
1767173410.294238,-2,-3,-139
1767173410.304238,0,0,-135
1767173410.314238,7,-2,-132
1767173410.324238,7,0,-126
1767173410.334238,8,3,-123
1767173410.344238,5,2,-125
1767173410.3542385,3,0,-131
1767173410.3642385,-1,1,-128
1767173410.3742385,-1,0,-129
1767173410.3842382,0,0,-129
1767173410.3942382,3,0,-126
1767173410.4042382,3,1,-126
1767173410.4142382,4,0,-122
1767173410.4242382,1,-1,-127
1767173410.4342382,0,2,-126
1767173410.4442382,-4,5,-127
1767173410.4542382,0,3,-132
1767173410.4642382,0,0,-139
1767173410.4742382,3,1,-145
1767173410.484238,3,0,-143
1767173410.494238,1,0,-139
1767173410.504238,-1,-2,-132
1767173410.514238,-1,-6,-132
1767173410.524238,0,-7,-128
1767173410.534238,1,-4,-131
1767173410.544238,4,-3,-141
1767173410.554238,2,-4,-141
1767173410.564238,2,-6,-137
1767173410.574238,0,-7,-141
1767173410.584238,2,-5,-140
1767173410.594238,3,-4,-131
1767173410.6042385,4,-5,-131
1767173410.6142385,2,-4,-133
1767173410.6242385,0,-1,-132
1767173410.6342382,6,-5,-132
1767173410.6442382,4,-5,-137
1767173410.6542382,3,-4,-135
1767173410.6642382,5,-3,-132
1767173410.6742382,3,-1,-138
1767173410.6842382,5,-2,-143
1767173410.6942382,7,-3,-144
1767173410.7042382,8,-6,-142
1767173410.7142382,10,-8,-143
1767173410.7242382,4,-1,-139
1767173410.7462382,-1,-2,-136
1767173410.754238,0,0,-133
1767173410.764238,0,4,-128
1767173410.774238,0,3,-126
1767173410.784238,-1,2,-117
1767173410.794238,1,-1,-119
1767173410.804238,-2,2,-119
1767173410.814238,-1,-1,-126
1767173410.824238,-1,2,-126
1767173410.834238,4,3,-120
1767173410.844238,5,3,-120
1767173410.8542385,3,4,-123
1767173410.8642385,3,2,-121
1767173410.8742385,0,2,-127
1767173410.8842382,-4,2,-124
1767173410.8942382,-5,0,-130
1767173410.9042382,0,0,-126
1767173410.9142382,2,-1,-120
1767173410.9242382,2,-1,-121
1767173410.9342382,1,-4,-122
1767173410.9442382,1,-2,-121
1767173410.9542382,2,-3,-121
1767173410.9642382,-2,-6,-129
1767173410.9742382,-2,-3,-131
1767173410.984238,-2,-3,-133
1767173410.994238,-6,-5,-133
1767173411.004238,-2,-5,-127
1767173411.014238,-2,-5,-130
1767173411.024238,-3,-4,-124
1767173411.034238,-4,-7,-118
1767173411.044238,-3,-3,-125
1767173411.054238,0,-3,-126
1767173411.064238,3,-2,-126
1767173411.074238,3,0,-120
1767173411.084238,6,-1,-115
1767173411.094238,5,1,-113
1767173411.1042385,2,0,-112
1767173411.1142385,-3,-2,-118
1767173411.1242385,-3,0,-116
1767173411.1342382,-3,0,-118
1767173411.1442382,-4,0,-120
1767173411.1542382,-3,-2,-122
1767173411.1642382,-5,-2,-127
1767173411.1742382,-3,1,-127
1767173411.1842382,0,0,-130
1767173411.1942382,1,-3,-133
1767173411.2042382,4,-4,-134
1767173411.2142382,10,-4,-133
1767173411.2242382,11,-6,-133
1767173411.234238,12,-8,-133
1767173411.244238,10,-9,-132
1767173411.254238,11,-8,-133
1767173411.264238,11,-6,-130
1767173411.274238,11,-2,-133
1767173411.284238,8,-4,-133
1767173411.294238,7,0,-128
1767173411.304238,3,3,-129
1767173411.314238,0,1,-130
1767173411.324238,-1,0,-122
1767173411.334238,0,-2,-130
1767173411.344238,-3,0,-132
1767173411.3542385,-1,4,-135
1767173411.3642385,0,6,-136
1767173411.3742385,0,4,-133
1767173411.3842382,-1,5,-131
1767173411.3942382,0,0,-124
1767173411.4042382,-1,3,-118
1767173411.4142382,0,3,-123
1767173411.4242382,-2,-1,-125
1767173411.4342382,-10,-6,-128
1767173411.4442382,-11,-5,-126
1767173411.4542382,-3,0,-130
1767173411.4642382,-3,-1,-128
1767173411.4742382,-8,-2,-128
1767173411.484238,-6,-1,-129
1767173411.494238,-8,-4,-139
1767173411.504238,-6,-3,-134
1767173411.514238,-1,-6,-138
1767173411.524238,1,-8,-139
1767173411.534238,1,-4,-135
1767173411.544238,-2,-1,-130
1767173411.554238,1,1,-131
1767173411.564238,-1,0,-125
1767173411.574238,-2,0,-125
1767173411.584238,1,-3,-129
1767173411.594238,-2,-3,-130
1767173411.6042385,2,-3,-131
1767173411.6142385,8,-2,-127
1767173411.6242385,6,-5,-125
1767173411.6342382,6,-4,-123
1767173411.6442382,4,-2,-124
1767173411.6542382,7,-3,-129
1767173411.6642382,5,-4,-126
1767173411.6742382,2,-4,-123
1767173411.6842382,3,-2,-119
1767173411.6942382,7,0,-113
1767173411.7042382,6,1,-111
1767173411.7142382,5,7,-116
1767173411.7242382,0,5,-127
1767173411.734238,-1,4,-136
1767173411.744238,1,3,-134
1767173411.754238,2,2,-130
1767173411.764238,-2,3,-129
1767173411.774238,-5,5,-125
1767173411.784238,-3,2,-122
1767173411.794238,-1,0,-122
1767173411.804238,0,0,-123
1767173411.814238,-3,0,-128
1767173411.824238,-3,-1,-129
1767173411.8352382,-2,0,-128
1767173411.844238,0,0,-124
1767173411.8552382,0,-2,-127
1767173411.8652382,0,0,-124
1767173411.8752382,-1,0,-126
1767173411.8852382,0,6,-128
1767173411.8952382,1,5,-128
1767173411.9052382,-1,2,-126
1767173411.915238,-1,0,-120
1767173411.925238,2,-1,-122
1767173411.935238,0,-2,-125
1767173411.945238,1,-1,-129
1767173411.955238,3,-3,-132
1767173411.965238,1,0,-132
1767173411.975238,0,-1,-126
1767173411.985238,1,-2,-123
1767173411.995238,-1,-2,-124
1767173412.005238,0,0,-126
1767173412.015238,0,0,-122
1767173412.025238,2,0,-121
1767173412.0352385,2,-1,-125
1767173412.0452385,3,2,-121
1767173412.0552382,7,0,-118
1767173412.0652382,4,1,-114
1767173412.0752382,4,2,-112
1767173412.0852382,3,1,-116
1767173412.0952382,4,0,-116
1767173412.1052382,2,0,-118
1767173412.1152382,3,-1,-120
1767173412.1252382,2,1,-118
1767173412.1352382,-1,5,-127
1767173412.1452382,-5,2,-126
1767173412.1552382,-6,0,-126
1767173412.165238,-4,-1,-124
1767173412.175238,-2,-5,-122
1767173412.185238,-1,-4,-124
1767173412.195238,-7,0,-128
1767173412.205238,-1,0,-126
1767173412.215238,1,0,-126
1767173412.225238,-1,0,-129
1767173412.235238,2,-1,-126
1767173412.245238,8,0,-129
1767173412.255238,2,-1,-128
1767173412.265238,2,-2,-127
1767173412.275238,3,-3,-120
1767173412.2852385,0,-5,-118
1767173412.2952385,-1,-4,-119
1767173412.3052382,4,-3,-118
1767173412.3152382,4,0,-117
1767173412.3252382,2,1,-121
1767173412.3352382,4,2,-124
1767173412.3452382,4,2,-125
1767173412.3552382,8,-1,-130
1767173412.3652382,9,-3,-138
1767173412.3752382,7,-6,-136
1767173412.3852382,2,-8,-137
1767173412.3952382,0,-5,-136
1767173412.4052382,0,-2,-134
1767173412.415238,-1,-3,-128
1767173412.425238,-2,-6,-123
1767173412.435238,-3,-6,-130
1767173412.445238,-8,-2,-127
1767173412.455238,-8,-3,-131
1767173412.465238,-6,-4,-129
1767173412.475238,-3,-1,-130
1767173412.485238,-3,-2,-136
1767173412.495238,-3,5,-133
1767173412.505238,-6,4,-135
1767173412.515238,-3,1,-139
1767173412.525238,-5,0,-138
1767173412.5352385,-3,2,-136
1767173412.5452385,-3,3,-133
1767173412.5552382,-4,3,-130
1767173412.5652382,-2,3,-129
1767173412.5752382,-4,0,-124
1767173412.5852382,-1,0,-125
1767173412.5952382,-1,-3,-122
1767173412.6052382,-3,-5,-126
1767173412.6152382,-2,-1,-127
1767173412.6252382,-3,-1,-125
1767173412.6352382,-6,-1,-133
1767173412.6452382,-2,-6,-135
1767173412.6552382,1,-6,-130
1767173412.665238,3,-6,-130
1767173412.675238,1,-7,-129
1767173412.685238,2,-5,-129
1767173412.695238,0,-4,-127
1767173412.705238,-1,-1,-123
1767173412.715238,-2,0,-113
1767173412.725238,1,0,-116
1767173412.735238,0,2,-116
1767173412.745238,3,-2,-116
1767173412.755238,2,-4,-118
1767173412.765238,-2,-1,-120
1767173412.775238,-2,-3,-120
1767173412.7852385,-2,-4,-119
1767173412.7952385,-6,-3,-122
1767173412.8052382,-2,-2,-130
1767173412.8152382,-2,1,-132
1767173412.8252382,0,0,-130
1767173412.8352382,-1,-1,-134
1767173412.8452382,0,1,-131
1767173412.8552382,-1,-3,-127
1767173412.8652382,-2,0,-127
1767173412.8752382,1,0,-128
1767173412.8852382,1,0,-124
1767173412.8952382,1,-1,-116
1767173412.9052382,1,-3,-118
1767173412.915238,-2,-3,-121
1767173412.925238,-1,-3,-121
1767173412.935238,-1,-2,-124
1767173412.945238,-6,-5,-120
1767173412.955238,-10,-3,-120
1767173412.965238,-13,-3,-123
1767173412.975238,-12,-4,-127
1767173412.985238,-9,-4,-125
1767173412.995238,-7,-5,-124
1767173413.005238,-8,-4,-128
1767173413.015238,-9,-1,-120
1767173413.025238,-12,0,-120
1767173413.0352385,-11,0,-123
1767173413.0452385,-9,0,-127
1767173413.0552382,-7,-4,-127
1767173413.0652382,-4,-6,-130
1767173413.0752382,0,-9,-131
1767173413.0852382,0,-6,-128
1767173413.0952382,0,-3,-121
1767173413.1052382,-2,-3,-123
1767173413.1152382,1,-2,-122
1767173413.1252382,0,-4,-124
1767173413.1352382,1,-5,-130
1767173413.1452382,0,-6,-130
1767173413.1552382,1,-6,-129
1767173413.165238,0,-4,-134
1767173413.175238,0,-3,-136
1767173413.185238,0,-3,-134
1767173413.195238,0,1,-130
1767173413.205238,-3,0,-132
1767173413.215238,0,3,-128
1767173413.225238,-1,1,-128
1767173413.235238,-1,-2,-131
1767173413.245238,0,-1,-127
1767173413.255238,0,0,-130
1767173413.265238,-1,-4,-128
1767173413.275238,-3,-6,-126
1767173413.2852385,-3,-10,-121
1767173413.2952385,0,-11,-122
1767173413.3052382,6,-7,-123
1767173413.3152382,7,-4,-124
1767173413.3252382,1,-1,-119
1767173413.3352382,1,-2,-113
1767173413.3452382,0,-1,-109
1767173413.3552382,0,-1,-118
1767173413.3652382,0,-1,-125
1767173413.3752382,2,1,-121
1767173413.3852382,0,0,-124
1767173413.3952382,3,5,-121
1767173413.4052382,5,5,-123
1767173413.415238,1,8,-125
1767173413.425238,0,6,-129
1767173413.435238,-2,4,-134
1767173413.445238,3,3,-132
1767173413.455238,3,0,-129
1767173413.465238,4,-6,-137
1767173413.475238,6,-7,-136
1767173413.485238,1,-6,-135
1767173413.495238,1,-5,-143
1767173413.505238,2,-5,-141
1767173413.515238,3,-5,-137
1767173413.525238,2,-5,-132
1767173413.5352385,-3,-1,-130
1767173413.5452385,-1,-1,-128
1767173413.5552382,-5,-6,-127
1767173413.5652382,-7,-7,-125
1767173413.5752382,-6,-7,-129
1767173413.5852382,-2,-3,-129
1767173413.5952382,0,-1,-131
1767173413.6052382,0,-3,-126
1767173413.6152382,-3,-3,-124
1767173413.6252382,-4,-3,-123
1767173413.6352382,-8,0,-122
1767173413.6452382,-3,2,-125
1767173413.6552382,-6,3,-120
1767173413.665238,0,5,-114
1767173413.675238,1,4,-114
1767173413.685238,2,2,-121
1767173413.695238,1,-4,-126
1767173413.705238,1,0,-123
1767173413.715238,-2,1,-123
1767173413.725238,-3,1,-119
1767173413.735238,-3,3,-120
1767173413.745238,-2,2,-119
1767173413.755238,0,1,-128
1767173413.765238,-5,1,-127
1767173413.775238,-2,2,-125
1767173413.7852385,-6,3,-130
1767173413.7952385,-3,1,-130
1767173413.8052382,2,0,-132
1767173413.8152382,-2,0,-132
1767173413.8252382,-1,-2,-127
1767173413.8352382,-1,-6,-126
1767173413.8452382,3,-4,-126
1767173413.8552382,6,-4,-128
1767173413.8652382,10,-4,-129
1767173413.8752382,6,-4,-129
1767173413.8852382,0,-1,-128
1767173413.8952382,3,0,-126
1767173413.9052382,2,0,-122
1767173413.915238,3,-4,-121
1767173413.925238,0,0,-120
1767173413.935238,1,-1,-119
1767173413.945238,3,0,-117
1767173413.955238,2,-1,-120
1767173413.965238,-3,0,-115
1767173413.975238,-7,1,-118
1767173413.985238,-11,2,-122
1767173413.995238,-8,2,-127
1767173414.005238,-4,-2,-127
1767173414.015238,-5,-4,-125
1767173414.025238,-2,-5,-125
1767173414.0352385,-6,-8,-128
1767173414.0452385,-9,-2,-127
1767173414.0552382,-8,0,-126
1767173414.0652382,-6,2,-128
1767173414.0752382,-7,1,-136
1767173414.0852382,-9,0,-132
1767173414.0952382,-10,7,-127
1767173414.1052382,-7,3,-120
1767173414.1152382,-6,-1,-120
1767173414.1252382,1,-5,-123
1767173414.1352382,8,-10,-121
1767173414.1452382,5,-9,-124
1767173414.1552382,5,-6,-123
1767173414.165238,6,-10,-128
1767173414.175238,9,-7,-129
1767173414.185238,9,-6,-124
1767173414.195238,0,-6,-125
1767173414.205238,-7,-8,-124
1767173414.215238,-11,-9,-123
1767173414.225238,-6,-1,-118
1767173414.235238,-1,0,-127
1767173414.245238,0,2,-138
1767173414.255238,0,4,-140
1767173414.265238,1,2,-139
1767173414.275238,3,4,-139
1767173414.2852385,6,4,-133
1767173414.2952385,2,2,-129
1767173414.3052382,-5,2,-136
1767173414.3152382,-2,1,-135
1767173414.3252382,-6,0,-132
1767173414.3352382,-6,-3,-128
1767173414.3452382,-4,-3,-130
1767173414.3552382,-2,0,-124
1767173414.3652382,-4,-4,-125
1767173414.3752382,0,-6,-131
1767173414.3852382,-3,-11,-123
1767173414.3952382,-5,-7,-118
1767173414.4052382,-5,-6,-122
1767173414.415238,-1,-8,-124
1767173414.425238,-3,-6,-126
1767173414.435238,-3,-11,-131
1767173414.446238,-2,-10,-132
1767173414.455238,-2,-2,-138
1767173414.465238,-3,2,-142
1767173414.475238,0,0,-140
1767173414.485238,-3,-3,-136
1767173414.495238,0,-6,-132
1767173414.5062382,-4,-9,-135
1767173414.515238,-5,-4,-134
1767173414.5262382,-7,-1,-124
1767173414.5362382,-7,-4,-129
1767173414.5462382,-9,-7,-132
1767173414.5562382,-7,-3,-133
1767173414.5662382,-5,0,-131
1767173414.5762382,-2,0,-129
1767173414.586238,-3,-1,-123
1767173414.596238,-2,-1,-123
1767173414.606238,-5,2,-119
1767173414.616238,-2,1,-123
1767173414.626238,-4,0,-125
1767173414.636238,-5,0,-124
1767173414.646238,-4,0,-127
1767173414.656238,-4,-3,-127
1767173414.666238,-2,-1,-123
1767173414.676238,-3,-7,-119
1767173414.686238,-4,-4,-122
1767173414.696238,-6,-3,-123
1767173414.7062385,-3,-5,-123
1767173414.7162385,-1,-8,-120
1767173414.7262385,-3,-9,-119
1767173414.7362382,-6,-9,-123
1767173414.7462382,-2,-3,-125
1767173414.7562382,-4,0,-126
1767173414.7662382,-6,-1,-129
1767173414.7762382,-9,-1,-129
1767173414.7862382,-9,0,-127
1767173414.7962382,-12,1,-125
1767173414.8062382,-10,0,-120
1767173414.8162382,-5,-5,-122
1767173414.8262382,-4,-4,-122
1767173414.836238,-1,-1,-118
1767173414.846238,-3,-2,-123
1767173414.856238,-1,-3,-129
1767173414.866238,-2,-3,-125
1767173414.876238,-2,0,-132
1767173414.886238,1,1,-143
1767173414.896238,0,-2,-139
1767173414.906238,1,-5,-135
1767173414.916238,4,-7,-134
1767173414.926238,0,-9,-130
1767173414.936238,-3,-5,-127
1767173414.946238,1,-4,-126
1767173414.9562385,0,-5,-123
1767173414.9662385,0,-6,-122
1767173414.9762385,-4,-5,-123
1767173414.9862382,-3,-5,-124
1767173414.9962382,0,-5,-126
1767173415.0062382,0,-3,-128
1767173415.0162382,-1,0,-126
1767173415.0262382,-2,0,-127
1767173415.0362382,-2,-3,-124
1767173415.0462382,-5,0,-120
1767173415.0562382,-1,-4,-122
1767173415.0662382,0,-7,-130
1767173415.0762382,2,-5,-129
1767173415.086238,-1,-3,-124
1767173415.096238,-1,-3,-124
1767173415.106238,-3,1,-130
1767173415.116238,-2,-3,-126
1767173415.126238,-5,-5,-129
1767173415.136238,-6,-5,-124
1767173415.146238,-1,-2,-127
1767173415.156238,-3,0,-125
1767173415.166238,1,3,-127
1767173415.176238,1,0,-122
1767173415.186238,0,-4,-124
1767173415.196238,1,-7,-129
1767173415.2062385,2,-8,-131
1767173415.2162385,0,-11,-130
1767173415.2262385,-1,-7,-127
1767173415.2362382,-1,-5,-127
1767173415.2462382,-2,-3,-126
1767173415.2562382,-3,-6,-130
1767173415.2662382,-1,-3,-133
1767173415.2762382,-3,-4,-122
1767173415.2862382,-6,-5,-127
1767173415.2962382,-5,-1,-128
1767173415.3062382,-3,0,-131
1767173415.3162382,-1,-1,-130
1767173415.3262382,-6,-1,-132
1767173415.336238,-6,-6,-128
1767173415.346238,-5,-6,-133
1767173415.356238,-3,-7,-130
1767173415.366238,-4,-10,-129
1767173415.376238,-4,-10,-129
1767173415.386238,-1,-9,-131
1767173415.396238,1,-8,-134
1767173415.406238,3,-5,-127
1767173415.416238,2,-5,-128
1767173415.426238,2,-3,-123
1767173415.436238,0,0,-125
1767173415.446238,0,-1,-126
1767173415.4562385,1,2,-131
1767173415.4662385,0,2,-135
1767173415.4762385,0,-5,-131
1767173415.4862382,-2,-7,-131
1767173415.4962382,-1,-7,-127
1767173415.5062382,1,-6,-127
1767173415.5162382,2,-5,-131
1767173415.5262382,2,-3,-135
1767173415.5362382,-4,0,-134
1767173415.5462382,-4,2,-133
1767173415.5562382,-1,0,-130
1767173415.5662382,3,-3,-135
1767173415.5762382,3,-1,-131
1767173415.586238,4,-1,-121
1767173415.596238,3,0,-122
1767173415.606238,2,-1,-122
1767173415.616238,3,0,-117
1767173415.626238,3,1,-114
1767173415.636238,0,-1,-119
1767173415.646238,1,-1,-123
1767173415.656238,3,-5,-123
1767173415.666238,0,-3,-122
1767173415.676238,2,0,-120
1767173415.686238,-1,0,-122
1767173415.696238,1,0,-123
1767173415.7062385,-3,0,-124
1767173415.7162385,-4,-2,-125
1767173415.7262385,-1,-2,-126
1767173415.7362382,1,-5,-125
1767173415.758238,0,-1,-134
1767173415.7662382,3,0,-138
1767173415.7762382,3,1,-137
1767173415.7862382,8,2,-130
1767173415.7962382,7,-2,-127
1767173415.8062382,7,-3,-132
1767173415.8162382,5,-5,-124
1767173415.8262382,4,-7,-126
1767173415.836238,3,-3,-124
1767173415.846238,3,0,-129
1767173415.856238,2,0,-127
1767173415.866238,3,0,-128
1767173415.876238,2,1,-124
1767173415.886238,0,0,-123
1767173415.896238,-3,0,-124
1767173415.906238,-3,-1,-123
1767173415.916238,0,-5,-118
1767173415.926238,1,-8,-116
1767173415.936238,2,-12,-113
1767173415.946238,2,-11,-110
1767173415.9562385,3,-8,-117
1767173415.9662385,0,-8,-124
1767173415.9762385,1,-9,-125
1767173415.9862382,0,-5,-121
1767173415.9962382,0,-7,-118
1767173416.0062382,1,-6,-124
1767173416.0162382,2,-7,-129
1767173416.0262382,0,-6,-130
1767173416.0362382,-3,-4,-131
1767173416.0462382,-1,-3,-128
1767173416.0562382,0,-3,-121
1767173416.0662382,2,-3,-126
1767173416.0762382,5,0,-129
1767173416.086238,6,-2,-136
1767173416.096238,0,-3,-141
1767173416.106238,4,0,-137
1767173416.116238,1,-5,-125
1767173416.126238,0,-5,-121
1767173416.136238,5,-7,-121
1767173416.146238,0,-5,-124
1767173416.156238,1,0,-124
1767173416.166238,0,1,-130
1767173416.176238,0,1,-135
1767173416.186238,0,2,-136
1767173416.196238,-3,-2,-131
1767173416.2062385,-1,-3,-138
1767173416.2162385,-1,-5,-145
1767173416.2262385,4,-4,-147
1767173416.2362382,9,-7,-147
1767173416.2462382,8,-7,-137
1767173416.2562382,5,-3,-136
1767173416.2662382,3,-5,-132
1767173416.2762382,4,-5,-130
1767173416.2862382,3,-8,-129
1767173416.2962382,5,-8,-130
1767173416.3062382,0,-10,-130
1767173416.3162382,-1,-5,-136
1767173416.3262382,-1,-3,-134
1767173416.336238,-3,-4,-137
1767173416.346238,0,0,-130
1767173416.356238,0,0,-126
1767173416.366238,-4,-8,-128
1767173416.376238,-5,-7,-122
1767173416.386238,-5,-6,-119
1767173416.396238,-5,-10,-117
1767173416.406238,-2,-7,-123
1767173416.416238,0,-6,-129
1767173416.426238,0,-6,-133
1767173416.436238,-2,-5,-133
1767173416.446238,-2,-8,-125
1767173416.4562385,0,-11,-117
1767173416.4662385,-2,-8,-120
1767173416.4762385,0,-4,-122
1767173416.4862382,2,-3,-124
1767173416.4962382,4,-4,-129
1767173416.5062382,4,-3,-132
1767173416.5162382,4,-6,-132
1767173416.5262382,5,-4,-126
1767173416.5362382,4,-2,-124
1767173416.5462382,4,0,-127
1767173416.5562382,3,0,-122
1767173416.5662382,4,-3,-129
1767173416.5762382,3,-5,-133
1767173416.586238,5,-2,-134
1767173416.596238,8,-4,-128
1767173416.606238,9,-7,-131
1767173416.616238,8,-4,-131
1767173416.626238,5,-4,-128
1767173416.636238,5,-2,-129
1767173416.646238,9,-1,-133
1767173416.656238,5,1,-128
1767173416.666238,6,-2,-129
1767173416.676238,5,-1,-136
1767173416.686238,4,1,-137
1767173416.696238,4,2,-131
1767173416.7062385,6,5,-131
1767173416.7162385,2,5,-129
1767173416.7262385,0,5,-123
1767173416.7362382,1,7,-125
1767173416.7462382,0,2,-121
1767173416.7562382,0,0,-121
1767173416.7662382,1,-3,-124
1767173416.7762382,4,-7,-126
1767173416.7862382,6,-8,-124
1767173416.7962382,1,-8,-124
1767173416.8062382,0,-8,-128
1767173416.8162382,-1,-11,-130
1767173416.8262382,-2,-10,-130
1767173416.836238,0,-9,-130
1767173416.846238,0,-10,-130
1767173416.856238,-1,-5,-126
1767173416.866238,-4,-4,-124
1767173416.876238,-7,-6,-118
1767173416.886238,-5,-4,-124
1767173416.896238,-6,-2,-124
1767173416.906238,-10,-4,-130
1767173416.916238,-13,-5,-134
1767173416.926238,-13,-4,-136
1767173416.936238,-11,1,-131
1767173416.946238,-11,1,-136
1767173416.9562385,-6,1,-139
1767173416.9662385,-1,1,-130
1767173416.9762385,-2,-1,-130
1767173416.9862382,-1,-2,-125
1767173416.9962382,-3,-3,-121
1767173417.0062382,-4,-8,-128
1767173417.0162382,-4,-7,-136
1767173417.0262382,-7,-6,-138
1767173417.0362382,-3,-4,-139
1767173417.0462382,0,-2,-129
1767173417.0562382,0,-2,-124
1767173417.0662382,-1,-3,-127
1767173417.0762382,-2,1,-124
1767173417.086238,-3,3,-125
1767173417.096238,-5,0,-127
1767173417.106238,-1,-2,-129
1767173417.117238,-6,-1,-128
1767173417.127238,-5,-3,-129
1767173417.136238,-5,-1,-131
1767173417.1472385,-5,2,-134
1767173417.1572382,-3,0,-129
1767173417.1672382,-3,-1,-122
1767173417.1772382,-2,-1,-121
1767173417.1872382,0,2,-121
1767173417.1972382,6,2,-128
1767173417.2072382,7,2,-131
1767173417.2172382,7,4,-126
1767173417.2272382,5,5,-127
1767173417.2372382,1,-1,-126
1767173417.2472382,-1,0,-127
1767173417.257238,0,0,-121
1767173417.267238,0,-1,-132
1767173417.277238,-1,-4,-128
1767173417.287238,-1,-6,-127
1767173417.297238,2,-6,-120
1767173417.307238,-1,0,-121
1767173417.317238,-3,0,-119
1767173417.327238,-2,-2,-119
1767173417.337238,-1,-3,-127
1767173417.347238,0,-2,-133
1767173417.357238,1,0,-127
1767173417.367238,-3,2,-128
1767173417.377238,-1,-2,-121
1767173417.3872385,0,-2,-121
1767173417.3972385,0,-5,-125
1767173417.4072382,5,-3,-127
1767173417.4172382,5,-5,-128
1767173417.4272382,7,-4,-127
1767173417.4372382,8,-4,-133
1767173417.4472382,2,-4,-131
1767173417.4572382,0,-3,-128
1767173417.4672382,0,-1,-126
1767173417.4772382,-2,3,-132
1767173417.4872382,1,0,-136
1767173417.4972382,-3,-2,-137
1767173417.507238,-5,0,-143
1767173417.517238,-6,-1,-144
1767173417.527238,-2,-1,-143
1767173417.537238,1,-1,-135
1767173417.547238,0,-1,-140
1767173417.557238,4,-2,-137
1767173417.567238,5,-6,-141
1767173417.577238,5,-5,-140
1767173417.587238,7,-7,-132
1767173417.597238,7,-4,-131
1767173417.607238,6,-4,-131
1767173417.617238,7,-5,-130
1767173417.627238,10,-5,-125
1767173417.6372385,12,-8,-124
1767173417.6472385,8,-7,-131
1767173417.6572382,5,-3,-126
1767173417.6672382,7,0,-122
1767173417.6772382,7,-2,-121
1767173417.6872382,4,-1,-124
1767173417.6972382,6,-1,-125
1767173417.7072382,6,0,-125
1767173417.7172382,4,0,-128
1767173417.7272382,3,3,-127
1767173417.7372382,3,2,-121
1767173417.7472382,4,0,-120
1767173417.757238,-2,1,-118
1767173417.767238,-2,0,-113
1767173417.777238,0,0,-109
1767173417.787238,3,-1,-119
1767173417.797238,-1,-1,-117
1767173417.807238,-4,0,-124
1767173417.817238,-5,-1,-124
1767173417.827238,-1,-1,-124
1767173417.837238,0,0,-128
1767173417.847238,0,2,-126
1767173417.857238,0,1,-132
1767173417.867238,0,0,-130
1767173417.877238,1,-1,-128
1767173417.8872385,1,2,-127
1767173417.8972385,5,0,-129
1767173417.9072382,5,-3,-133
1767173417.9172382,8,-3,-138
1767173417.9272382,6,-1,-134
1767173417.9372382,6,-4,-131
1767173417.9472382,6,-5,-130
1767173417.9572382,5,-7,-130
1767173417.9672382,0,-4,-129
1767173417.978238,-2,-2,-135
1767173417.9872382,-1,-3,-129
1767173417.9972382,-7,-2,-130
1767173418.007238,-4,-1,-124
1767173418.017238,-6,0,-121
1767173418.027238,-3,1,-117
1767173418.037238,0,1,-118
1767173418.047238,-4,2,-126
1767173418.057238,1,0,-127
1767173418.067238,2,0,-121
1767173418.077238,3,-1,-116
1767173418.087238,0,0,-111
1767173418.097238,1,-2,-112
1767173418.107238,0,-6,-112
1767173418.117238,-2,-4,-113
1767173418.127238,-6,-3,-118
1767173418.1372385,-5,-3,-123
1767173418.1472385,-3,2,-122
1767173418.1572382,-1,-2,-125
1767173418.1672382,-4,-1,-129
1767173418.1772382,-3,0,-130
1767173418.1872382,-2,0,-140
1767173418.1972382,-4,-2,-131
1767173418.2072382,0,-5,-125
1767173418.2172382,1,-2,-124
1767173418.2272382,2,-5,-127
1767173418.2372382,0,-10,-126
1767173418.2472382,-2,-7,-128
1767173418.257238,-1,-9,-134
1767173418.267238,-2,-11,-136
1767173418.277238,-2,-13,-138
1767173418.287238,3,-14,-136
1767173418.297238,4,-11,-128
1767173418.307238,1,-9,-122
1767173418.317238,-2,-9,-121
1767173418.327238,0,-8,-124
1767173418.337238,-1,-6,-126
1767173418.347238,0,-7,-126
1767173418.357238,1,-6,-127
1767173418.367238,0,-9,-121
1767173418.377238,-3,-7,-119
1767173418.3872385,-6,-2,-121
1767173418.3972385,-8,0,-119
1767173418.4072382,-6,-1,-120
1767173418.4172382,-4,3,-122
1767173418.4272382,-4,4,-127
1767173418.4372382,-2,0,-128
1767173418.4472382,-5,-1,-127
1767173418.4572382,0,-3,-117
1767173418.4672382,0,-2,-110
1767173418.4772382,-3,0,-111
1767173418.4872382,-5,-1,-120
1767173418.4972382,0,-3,-122
1767173418.507238,1,-2,-116
1767173418.517238,0,-3,-119
1767173418.527238,3,-4,-121
1767173418.537238,3,-4,-122
1767173418.547238,6,-2,-124
1767173418.557238,2,0,-122
1767173418.567238,1,1,-122
1767173418.577238,5,0,-119
1767173418.587238,1,-1,-117
1767173418.597238,1,1,-120
1767173418.607238,6,0,-116
1767173418.617238,6,3,-123
1767173418.627238,5,1,-129
1767173418.6372385,7,0,-131
1767173418.6472385,11,-4,-124
1767173418.6572382,15,0,-125
1767173418.6672382,14,-3,-121
1767173418.6772382,11,-4,-123
1767173418.6872382,14,-7,-128
1767173418.6972382,11,-10,-128
1767173418.7072382,9,-8,-128
1767173418.7172382,9,-6,-128
1767173418.7272382,5,-9,-131
1767173418.7372382,6,-2,-125
1767173418.7472382,2,-1,-125
1767173418.757238,3,-1,-125
1767173418.767238,-1,-2,-125
1767173418.777238,0,-2,-124
1767173418.787238,3,-3,-118
1767173418.797238,6,-2,-123
1767173418.807238,10,0,-125
1767173418.817238,4,3,-129
1767173418.827238,8,0,-128
1767173418.837238,4,1,-124
1767173418.847238,5,4,-125
1767173418.857238,6,4,-125
1767173418.867238,5,5,-126
1767173418.877238,6,5,-124
1767173418.8872385,3,4,-123
1767173418.8972385,4,-1,-125
1767173418.9072382,1,-2,-125
1767173418.9172382,1,-1,-124
1767173418.9272382,3,-3,-125
1767173418.9372382,4,-2,-126
1767173418.9472382,5,-9,-133
1767173418.9572382,1,-12,-134
1767173418.9672382,4,-12,-134
1767173418.9772382,2,-10,-133
1767173418.9872382,0,-12,-134
1767173418.9972382,-2,-7,-131
1767173419.007238,-3,-7,-127
1767173419.017238,-1,-6,-132
1767173419.027238,0,-9,-137
1767173419.037238,0,-6,-128
1767173419.047238,2,-6,-130
1767173419.057238,-1,-6,-128
1767173419.067238,-2,-7,-131
1767173419.077238,-6,-1,-131
1767173419.087238,-6,0,-129
1767173419.097238,-3,2,-126
1767173419.107238,-4,6,-120
1767173419.117238,-7,6,-125
1767173419.127238,-6,5,-127
1767173419.1372385,-4,4,-126
1767173419.1472385,-3,4,-127
1767173419.1572382,-5,1,-129
1767173419.1672382,-6,0,-125
1767173419.1772382,-4,4,-119
1767173419.1872382,-7,5,-114
1767173419.1972382,-8,3,-114
1767173419.2072382,-3,1,-118
1767173419.2172382,-1,3,-125
1767173419.2272382,-2,4,-126
1767173419.2372382,-4,0,-129
1767173419.2472382,-1,2,-126
1767173419.257238,-4,0,-132
1767173419.267238,-5,0,-136
1767173419.277238,-4,-2,-127
1767173419.287238,-5,-3,-124
1767173419.297238,-7,-3,-117
1767173419.307238,-9,-4,-123
1767173419.317238,-7,-4,-128
1767173419.327238,-7,-1,-131
1767173419.337238,-1,-3,-133
1767173419.347238,-5,-3,-133
1767173419.357238,-1,0,-129
1767173419.367238,-2,1,-132
1767173419.377238,-1,4,-120
1767173419.3872385,-1,0,-121
1767173419.3972385,0,-1,-128
1767173419.4072382,3,-1,-125
1767173419.4172382,-1,1,-128
1767173419.4272382,1,-1,-121
1767173419.4372382,0,0,-112
1767173419.4472382,1,0,-114
1767173419.4572382,1,1,-119
1767173419.4672382,2,1,-125
1767173419.4772382,4,4,-132
1767173419.4872382,2,3,-133
1767173419.4972382,0,0,-134
1767173419.507238,2,-1,-136
1767173419.517238,1,-2,-133
1767173419.527238,-1,0,-132
1767173419.537238,-7,1,-124
1767173419.547238,-9,0,-125
1767173419.557238,-4,-4,-122
1767173419.567238,1,-4,-119
1767173419.577238,2,-7,-121
1767173419.587238,3,-8,-123
1767173419.597238,-1,-6,-131
1767173419.607238,-6,-4,-134
1767173419.617238,-3,-5,-139
1767173419.627238,-3,-4,-130
1767173419.6372385,0,-4,-126
1767173419.6472385,1,-7,-133
1767173419.6582382,0,-6,-134
1767173419.6672382,-6,-8,-133
1767173419.6772382,-5,-12,-135
1767173419.6872382,-1,-11,-139
1767173419.6972382,1,-10,-139
1767173419.708238,0,-7,-131
1767173419.7172382,-4,-9,-127
1767173419.7272382,-9,-8,-132
1767173419.7372382,-12,-8,-135
1767173419.7472382,-9,-5,-138
1767173419.757238,-7,-5,-126
1767173419.767238,-7,-6,-131
1767173419.778238,-7,-4,-126
1767173419.788238,-4,-4,-128
1767173419.798238,1,-5,-125
1767173419.8082385,0,-6,-121
1767173419.8182385,1,-6,-120
1767173419.8282382,3,-8,-118
1767173419.8382382,5,-11,-117
1767173419.8482382,1,-6,-118
1767173419.8582382,0,-4,-130
1767173419.8682382,0,-8,-127
1767173419.8782382,-1,-7,-133
1767173419.8882382,0,-2,-127
1767173419.8982382,-2,-5,-134
1767173419.9082382,-7,-6,-131
1767173419.9182382,-7,-5,-127
1767173419.9282382,-2,-5,-128
1767173419.938238,-2,-5,-126
1767173419.948238,-2,-5,-132
1767173419.958238,0,-3,-132
1767173419.968238,-2,-4,-131
1767173419.978238,0,0,-129
1767173419.988238,0,0,-125
1767173419.998238,4,-5,-124
1767173420.008238,6,-10,-122
1767173420.018238,3,-10,-120
1767173420.028238,5,-7,-114
1767173420.038238,0,-7,-119
1767173420.048238,-1,-5,-130
1767173420.0582385,0,-5,-130
1767173420.0682385,-1,-6,-122
1767173420.0782382,0,-4,-122
1767173420.0882382,1,-5,-123
1767173420.0982382,0,-2,-123
1767173420.1082382,2,-4,-126
1767173420.1182382,-3,-5,-132
1767173420.1282382,2,-4,-125
1767173420.1382382,-2,-4,-125
1767173420.1482382,-2,-5,-125
1767173420.1582382,-3,-7,-123
1767173420.1682382,-2,-8,-136
1767173420.1782382,0,-4,-139
1767173420.188238,1,0,-137
1767173420.198238,3,1,-128
1767173420.208238,2,-2,-128
1767173420.218238,-1,-2,-120
1767173420.228238,-3,-5,-122
1767173420.238238,-3,-5,-120
1767173420.248238,-2,-2,-116
1767173420.258238,0,0,-121
1767173420.268238,0,-1,-123
1767173420.278238,0,-1,-121
1767173420.288238,-1,-4,-120
1767173420.298238,1,-3,-122
1767173420.3082385,5,-2,-113
1767173420.3182385,6,-4,-116
1767173420.3282382,4,-1,-123
1767173420.3382382,4,-1,-127
1767173420.3482382,1,-1,-129
1767173420.3582382,1,3,-131
1767173420.3682382,1,6,-132
1767173420.3782382,1,2,-143
1767173420.3882382,2,0,-146
1767173420.3982382,3,2,-149
1767173420.4082382,3,0,-140
1767173420.4182382,5,-1,-132
1767173420.4282382,1,1,-122
1767173420.438238,-1,1,-124
1767173420.448238,-4,-1,-131
1767173420.458238,-1,0,-128
1767173420.468238,1,1,-125
1767173420.478238,2,0,-125
1767173420.488238,2,1,-123
1767173420.498238,1,4,-127
1767173420.508238,4,7,-126
1767173420.518238,2,6,-123
1767173420.528238,-2,2,-117
1767173420.538238,-2,0,-118
1767173420.548238,-3,1,-126
1767173420.5582385,-8,0,-131
1767173420.5682385,-7,-1,-133
1767173420.5782382,-7,-1,-136
1767173420.5882382,-8,-1,-133
1767173420.5982382,-2,-2,-135
1767173420.6082382,0,-2,-135
1767173420.6182382,-4,-2,-131
1767173420.6282382,-1,-2,-130
1767173420.6382382,0,0,-122
1767173420.6482382,2,2,-119
1767173420.6582382,9,3,-117
1767173420.6682382,8,5,-117
1767173420.6782382,7,5,-121
1767173420.688238,8,3,-125
1767173420.698238,8,5,-123
1767173420.708238,7,6,-124
1767173420.718238,1,5,-130
1767173420.728238,2,1,-133
1767173420.738238,-1,-3,-136
1767173420.748238,-2,-2,-140
1767173420.7702382,4,-5,-143
1767173420.778238,1,-4,-144
1767173420.788238,4,-2,-138
1767173420.798238,0,0,-130
1767173420.8082385,2,0,-135
1767173420.8182385,3,-1,-131
1767173420.8282382,0,0,-133
1767173420.8382382,0,0,-135
1767173420.8482382,0,4,-136
1767173420.8582382,-1,1,-130
1767173420.8682382,-1,3,-131
1767173420.8782382,1,4,-130
1767173420.8882382,1,0,-135
1767173420.8982382,1,0,-132
1767173420.9082382,2,0,-128
1767173420.9182382,4,0,-135
1767173420.9282382,5,-1,-132
1767173420.938238,4,4,-134
1767173420.948238,0,-3,-132
1767173420.958238,0,-5,-124
1767173420.968238,0,-2,-119
1767173420.978238,5,-2,-117
1767173420.988238,2,0,-125
1767173420.998238,0,1,-126
1767173421.008238,0,0,-128
1767173421.018238,1,-1,-133
1767173421.028238,1,-2,-128
1767173421.038238,0,-2,-117
1767173421.048238,-2,0,-110
1767173421.0582385,-6,1,-108
1767173421.0682385,-9,1,-117
1767173421.0782382,-8,1,-116
1767173421.0882382,-6,3,-119
1767173421.0982382,-4,7,-127
1767173421.1082382,-1,2,-125
1767173421.1182382,-3,3,-127
1767173421.1282382,-5,0,-131
1767173421.1382382,-2,0,-129
1767173421.1482382,-1,0,-126
1767173421.1582382,0,0,-122
1767173421.1682382,-2,-1,-122
1767173421.1782382,-3,-3,-125
1767173421.188238,-3,-1,-123
1767173421.198238,-3,-2,-128
1767173421.208238,-7,-1,-126
1767173421.218238,-5,0,-125
1767173421.228238,-7,-2,-125
1767173421.238238,-5,0,-130
1767173421.248238,-2,-2,-129
1767173421.258238,-3,-1,-124
1767173421.268238,-4,-2,-121
1767173421.278238,-4,0,-119
1767173421.288238,0,0,-124
1767173421.298238,2,0,-122
1767173421.3082385,1,-1,-122
1767173421.3182385,2,1,-127
1767173421.3282382,1,0,-134
1767173421.3382382,1,0,-134
1767173421.3482382,2,0,-132
1767173421.3582382,4,-3,-130
1767173421.3682382,5,-4,-135
1767173421.3782382,1,-2,-133
1767173421.3882382,0,0,-132
1767173421.3982382,1,1,-135
1767173421.4082382,0,-1,-132
1767173421.4182382,-1,-1,-126
1767173421.4282382,-3,0,-128
1767173421.438238,-1,0,-127
1767173421.448238,1,0,-127
1767173421.458238,3,-2,-125
1767173421.468238,1,-5,-123
1767173421.478238,4,-13,-120
1767173421.488238,1,-13,-118
1767173421.498238,0,-13,-122
1767173421.508238,0,-11,-126
1767173421.518238,-2,-9,-130
1767173421.528238,-2,-6,-129
1767173421.538238,-2,-1,-129
1767173421.548238,1,0,-132
1767173421.5582385,1,-2,-130
1767173421.5682385,0,-4,-128
1767173421.5782382,2,-3,-117
1767173421.5882382,6,0,-122
1767173421.5982382,4,-1,-122
1767173421.6082382,9,-2,-119
1767173421.6182382,8,-3,-115
1767173421.6282382,9,-1,-115
1767173421.6382382,8,2,-121
1767173421.6482382,11,0,-125
1767173421.6582382,10,-1,-130
1767173421.6682382,8,0,-128
1767173421.6782382,6,0,-127
1767173421.688238,4,0,-126
1767173421.698238,3,0,-124
1767173421.708238,0,3,-125
1767173421.718238,-4,0,-123
1767173421.728238,-2,-3,-122
1767173421.738238,-6,-5,-126
1767173421.748238,-8,-8,-125
1767173421.758238,-9,-4,-127
1767173421.768238,-3,-5,-128
1767173421.778238,-5,-2,-131
1767173421.788238,-6,-5,-133
1767173421.798238,-5,-5,-132
1767173421.8082385,-6,-7,-131
1767173421.8182385,-7,-3,-136
1767173421.8282382,-6,-5,-130
1767173421.8382382,-7,-4,-127
1767173421.8482382,-6,-1,-135
1767173421.8582382,-9,0,-130
1767173421.8682382,-11,1,-129
1767173421.8782382,-4,3,-125
1767173421.8882382,-2,2,-126
1767173421.8982382,0,1,-122
1767173421.9082382,-2,3,-130
1767173421.9182382,-2,0,-124
1767173421.9282382,-4,0,-126
1767173421.938238,-5,0,-124
1767173421.948238,-8,1,-121
1767173421.958238,-4,-3,-126
1767173421.968238,-3,-4,-119
1767173421.978238,1,-4,-122
1767173421.988238,0,-3,-115
1767173421.998238,2,0,-119
1767173422.008238,1,0,-126
1767173422.018238,-2,0,-128
1767173422.028238,-5,-1,-132
1767173422.038238,-7,0,-133
1767173422.048238,-6,2,-129
1767173422.0582385,-9,0,-126
1767173422.0682385,-12,0,-126
1767173422.0782382,-11,-1,-125
1767173422.0882382,-2,-3,-125
1767173422.0982382,0,-5,-124
1767173422.1082382,0,-4,-126
1767173422.1182382,5,2,-124
1767173422.1282382,2,4,-122
1767173422.1382382,2,4,-119
1767173422.1482382,-1,4,-118
1767173422.1582382,-3,4,-119
1767173422.1682382,-2,5,-119
1767173422.1782382,0,4,-127
1767173422.188238,0,5,-132
1767173422.198238,4,4,-130
1767173422.208238,3,3,-126
1767173422.218238,5,2,-120
1767173422.228238,7,0,-122
1767173422.238238,9,0,-129
1767173422.248238,6,-1,-136
1767173422.258238,1,-2,-147
1767173422.268238,4,-4,-139
1767173422.278238,4,-6,-139
1767173422.288238,-2,-6,-136
1767173422.298238,-4,-4,-135
1767173422.3082385,-5,-3,-137
1767173422.3182385,-1,-3,-135
1767173422.3292382,1,-4,-134
1767173422.3392382,8,-3,-136
1767173422.3482382,12,-5,-133
1767173422.359238,11,-7,-134
1767173422.369238,7,-10,-137
1767173422.379238,4,-9,-136
1767173422.389238,0,-8,-136
1767173422.399238,-2,-2,-138
1767173422.409238,-3,3,-133
1767173422.419238,-4,0,-137
1767173422.429238,0,0,-138
1767173422.439238,-3,0,-139
1767173422.449238,-3,-2,-136
1767173422.459238,0,0,-135
1767173422.469238,3,2,-125
1767173422.4792385,1,0,-120
1767173422.4892385,1,0,-116
1767173422.4992385,2,-4,-117
1767173422.5092382,-3,-6,-116
1767173422.5192382,-1,-5,-115
1767173422.5292382,-2,-6,-115
1767173422.5392382,2,-1,-121
1767173422.5492382,0,0,-116
1767173422.5592382,-2,2,-112
1767173422.5692382,0,0,-118
1767173422.5792382,-1,-3,-123
1767173422.5892382,0,-3,-133
1767173422.5992382,1,0,-132
1767173422.609238,2,0,-133
1767173422.619238,2,2,-134
1767173422.629238,2,1,-136
1767173422.639238,0,1,-128
1767173422.649238,-8,3,-123
1767173422.659238,-9,3,-123
1767173422.669238,-6,1,-125
1767173422.679238,0,0,-129
1767173422.689238,0,2,-121
1767173422.699238,-4,6,-119
1767173422.709238,-5,5,-120
1767173422.719238,-5,3,-126
1767173422.7292385,0,2,-130
1767173422.7392385,-4,2,-136
1767173422.7492385,-5,3,-137
1767173422.7592382,-4,2,-135
1767173422.7692382,-3,1,-133
1767173422.7792382,-7,7,-129
1767173422.7892382,-5,2,-130
1767173422.7992382,-5,-2,-128
1767173422.8092382,-1,-1,-128
1767173422.8192382,-5,-2,-134
1767173422.8292382,-5,-4,-128
1767173422.8392382,-4,-5,-122
1767173422.8492382,-1,-6,-125
1767173422.859238,1,-7,-128
1767173422.869238,4,-3,-125
1767173422.879238,5,0,-132
1767173422.889238,7,1,-124
1767173422.899238,3,0,-122
1767173422.909238,0,0,-130
1767173422.919238,2,0,-129
1767173422.929238,0,-1,-127
1767173422.939238,-3,-5,-123
1767173422.949238,-4,-6,-120
1767173422.959238,-2,-2,-117
1767173422.969238,-1,-1,-121
1767173422.9792385,0,0,-124
1767173422.9892385,4,1,-128
1767173422.9992385,4,0,-128
1767173423.0092382,6,4,-123
1767173423.0192382,4,5,-124
1767173423.0292382,4,3,-130
1767173423.0392382,6,2,-132
1767173423.0492382,5,1,-130
1767173423.0592382,7,0,-125
1767173423.0692382,4,3,-129
1767173423.0792382,5,0,-133
1767173423.0892382,4,1,-129
1767173423.0992382,-1,6,-128
1767173423.109238,-2,6,-122
1767173423.119238,-4,4,-117
1767173423.129238,-1,6,-116
1767173423.139238,-3,6,-124
1767173423.149238,1,3,-130
1767173423.159238,2,4,-129
1767173423.169238,0,2,-124
1767173423.179238,-3,3,-127
1767173423.189238,-5,2,-124
1767173423.199238,-6,2,-119
1767173423.209238,-8,2,-121
1767173423.219238,-4,0,-126
1767173423.2292385,3,1,-123
1767173423.2392385,3,0,-129
1767173423.2492385,0,-1,-131
1767173423.2592382,-1,-3,-132
1767173423.2692382,0,-8,-135
1767173423.2792382,-1,-6,-136
1767173423.2892382,6,-8,-133
1767173423.2992382,6,-8,-127
1767173423.3092382,2,-6,-130
1767173423.3192382,-1,-4,-134
1767173423.3292382,-3,-1,-133
1767173423.3392382,-3,0,-127
1767173423.3492382,-2,-1,-129
1767173423.359238,-2,-2,-128
1767173423.369238,-4,-2,-132
1767173423.379238,0,-4,-129
1767173423.389238,0,-3,-121
1767173423.399238,-1,-4,-122
1767173423.409238,-2,-8,-130
1767173423.419238,-4,-8,-131
1767173423.429238,0,-4,-128
1767173423.439238,-1,-1,-126
1767173423.449238,-5,-1,-130
1767173423.459238,-3,-5,-133
1767173423.469238,-3,-2,-138
1767173423.4792385,-3,2,-145
1767173423.4892385,-7,0,-145
1767173423.4992385,-10,0,-143
1767173423.5092382,-4,-5,-147
1767173423.5192382,-5,-4,-141
1767173423.5292382,-6,-3,-136
1767173423.5392382,-2,-2,-139
1767173423.5492382,3,0,-136
1767173423.5592382,6,3,-138
1767173423.5692382,5,1,-138
1767173423.5792382,2,-2,-128
1767173423.5892382,0,-3,-133
1767173423.5992382,4,-1,-131
1767173423.609238,4,1,-127
1767173423.619238,3,3,-128
1767173423.629238,2,-2,-127
1767173423.639238,4,0,-133
1767173423.649238,5,0,-133
1767173423.659238,10,-2,-125
1767173423.669238,9,-2,-130
1767173423.679238,3,0,-138
1767173423.689238,-1,0,-139
1767173423.699238,-2,1,-138
1767173423.709238,-4,0,-134
1767173423.719238,-3,0,-132
1767173423.7292385,0,-2,-130
1767173423.7392385,0,-1,-130
1767173423.7492385,-2,-3,-122
1767173423.7592382,-2,-6,-125
1767173423.7692382,-1,-4,-127
1767173423.7792382,-1,0,-119
1767173423.7892382,-1,3,-113
1767173423.7992382,0,2,-119
1767173423.8092382,1,3,-117
1767173423.8192382,-2,4,-126
1767173423.8292382,-3,3,-129
1767173423.8392382,-3,3,-134
1767173423.8492382,-4,0,-135
1767173423.859238,-7,-2,-137
1767173423.869238,-4,0,-139
1767173423.879238,-3,2,-135
1767173423.889238,0,0,-136
1767173423.899238,0,0,-137
1767173423.909238,0,2,-134
1767173423.919238,4,4,-130
1767173423.929238,6,2,-124
1767173423.939238,6,0,-121
1767173423.949238,0,5,-115
1767173423.959238,-4,6,-110
1767173423.969238,-7,5,-112
1767173423.9792385,-4,4,-121
1767173423.9892385,0,1,-131
1767173423.9992385,-2,2,-133
1767173424.0092382,-2,1,-130
1767173424.0192382,-2,2,-126
1767173424.0292382,-2,6,-132
1767173424.0392382,-2,0,-131
1767173424.0492382,-3,-4,-129
1767173424.0592382,-3,-7,-124
1767173424.0692382,5,-1,-126
1767173424.0792382,6,-2,-126
1767173424.0892382,4,-2,-121
1767173424.0992382,8,-1,-128
1767173424.109238,7,0,-130
1767173424.119238,9,-1,-129
1767173424.129238,10,0,-134
1767173424.139238,2,2,-122
1767173424.149238,1,2,-121
1767173424.159238,1,0,-129
1767173424.169238,0,-3,-128
1767173424.179238,0,-2,-126
1767173424.189238,-1,1,-127
1767173424.199238,-2,-1,-124
1767173424.209238,-8,0,-124
1767173424.219238,-9,0,-134
1767173424.2292385,-9,-2,-132
1767173424.2392385,-10,-2,-128
1767173424.2492385,-7,3,-122
1767173424.2592382,-4,3,-122
1767173424.2692382,-3,1,-126
1767173424.2792382,-3,-3,-130
1767173424.2892382,-3,-3,-134
1767173424.2992382,0,-2,-133
1767173424.3092382,0,-5,-134
1767173424.3192382,-1,-10,-132
1767173424.3292382,-5,-10,-132
1767173424.3392382,-4,-6,-131
1767173424.3492382,-2,-6,-133
1767173424.359238,3,-4,-133
1767173424.369238,4,-5,-125
1767173424.379238,5,-7,-123
1767173424.389238,2,-2,-121
1767173424.399238,-1,-6,-120
1767173424.409238,0,-10,-118
1767173424.419238,-1,-9,-117
1767173424.429238,-2,-9,-124
1767173424.439238,-3,-9,-124
1767173424.449238,-2,-7,-121
1767173424.459238,-2,-8,-117
1767173424.469238,-3,-11,-116
1767173424.4792385,-2,-11,-119
1767173424.4892385,-2,-13,-126
1767173424.4992385,0,-8,-124
1767173424.5092382,-5,-2,-124
1767173424.5192382,-2,-4,-125
1767173424.5292382,-1,-6,-122
1767173424.5392382,-1,-6,-117
1767173424.5492382,0,-4,-117
1767173424.5592382,0,0,-106
1767173424.5692382,-4,0,-114
1767173424.5792382,-3,2,-117
1767173424.5892382,1,3,-125
1767173424.5992382,4,4,-132
1767173424.609238,0,2,-136
1767173424.619238,0,-1,-130
1767173424.629238,0,-2,-132
1767173424.639238,-1,-2,-124
1767173424.649238,-6,0,-121
1767173424.659238,-9,0,-114
1767173424.669238,-4,-3,-111
1767173424.679238,-2,-1,-108
1767173424.689238,-1,-1,-111
1767173424.699238,3,0,-112
1767173424.709238,3,6,-115
1767173424.719238,0,1,-122
1767173424.7292385,0,0,-127
1767173424.7392385,2,0,-131
1767173424.7492385,-3,-2,-126
1767173424.7592382,-5,-1,-125
1767173424.7692382,-5,1,-124
1767173424.7792382,-3,-2,-125
1767173424.7892382,-1,-5,-123
1767173424.7992382,-5,0,-121
1767173424.8092382,-1,-1,-115
1767173424.8192382,2,-2,-125
1767173424.8292382,-1,-3,-126
1767173424.8392382,-5,-6,-114
1767173424.8492382,-3,0,-116
1767173424.859238,-2,5,-117
1767173424.869238,0,0,-114
1767173424.879238,3,2,-123
1767173424.889238,6,-1,-128
1767173424.899238,5,-3,-124
1767173424.909238,6,-1,-126
1767173424.919238,6,-4,-133
1767173424.929238,9,-10,-132
1767173424.939238,11,-3,-132
1767173424.949238,10,-3,-127
1767173424.9602382,14,0,-121
1767173424.9702382,12,1,-121
1767173424.9802382,11,4,-121
1767173424.9902382,7,4,-124
1767173424.9992385,6,3,-124
1767173425.0102382,8,0,-124
1767173425.0202382,6,-2,-129
1767173425.0302382,4,0,-136
1767173425.040238,5,-1,-137
1767173425.0492382,8,-5,-133
1767173425.060238,10,-1,-135
1767173425.070238,4,0,-133
1767173425.080238,3,0,-133
1767173425.090238,-2,0,-127
1767173425.100238,-3,-3,-127
1767173425.110238,0,0,-128
1767173425.120238,2,-2,-124
1767173425.130238,0,-3,-122
1767173425.140238,5,-3,-126
1767173425.150238,1,-1,-127
1767173425.1602385,1,-1,-134
1767173425.1702385,-2,-2,-135
1767173425.1802382,-3,-3,-129
1767173425.1902382,-4,-9,-130
1767173425.2002382,-3,-10,-139
1767173425.2102382,0,-9,-132
1767173425.2202382,0,-2,-130
1767173425.2302382,-1,2,-128
1767173425.2402382,-1,6,-129
1767173425.2502382,-1,1,-124
1767173425.2602382,-3,-3,-121
1767173425.2702382,-5,0,-120
1767173425.2802382,-6,0,-128
1767173425.290238,-6,3,-134
1767173425.300238,-6,3,-129
1767173425.310238,-3,2,-126
1767173425.320238,-2,6,-134
1767173425.330238,-3,5,-142
1767173425.340238,-3,6,-132
1767173425.3512385,-3,6,-132
1767173425.360238,-9,4,-130
1767173425.370238,-4,0,-130
1767173425.380238,-3,2,-127
1767173425.390238,0,5,-129
1767173425.400238,0,6,-126
1767173425.4102385,0,8,-126
1767173425.4202385,0,4,-130
1767173425.4302382,0,-2,-125
1767173425.4402382,0,-3,-125
1767173425.4502382,1,-1,-123
1767173425.4602382,-3,2,-126
1767173425.4702382,-6,4,-123
1767173425.4802382,-5,6,-126
1767173425.4902382,-5,6,-123
1767173425.5002382,-2,5,-123
1767173425.5102382,-5,4,-127
1767173425.5202382,-7,5,-136
1767173425.5302382,-9,2,-134
1767173425.540238,-6,5,-135
1767173425.550238,-7,3,-134
1767173425.560238,-7,1,-129
1767173425.570238,-7,0,-126
1767173425.580238,-7,0,-130
1767173425.590238,-1,0,-135
1767173425.600238,-2,-4,-131
1767173425.610238,2,-7,-130
1767173425.620238,0,-9,-128
1767173425.630238,0,-11,-128
1767173425.640238,-2,-8,-125
1767173425.650238,-9,-10,-128
1767173425.6602385,-7,-8,-132
1767173425.6702385,-8,-6,-130
1767173425.6802382,-9,-9,-133
1767173425.6902382,-10,-8,-137
1767173425.7002382,-9,-5,-135
1767173425.7102382,-7,-8,-131
1767173425.7202382,-9,-2,-126
1767173425.7302382,-4,3,-131
1767173425.7402382,-2,0,-133
1767173425.7502382,2,-2,-133
1767173425.7602382,2,-2,-133
1767173425.781238,-2,-4,-127
1767173425.790238,-4,-1,-125
1767173425.800238,-7,1,-125
1767173425.810238,-6,3,-126
1767173425.820238,-3,1,-135
1767173425.830238,0,-2,-135
1767173425.840238,0,-4,-134
1767173425.850238,-2,-3,-135
1767173425.860238,-4,-4,-133
1767173425.870238,-3,0,-136
1767173425.880238,-3,-2,-140
1767173425.890238,-3,-1,-137
1767173425.900238,-3,-2,-141
1767173425.9102385,-3,1,-132
1767173425.9202385,1,-2,-127
1767173425.9302382,0,-3,-126
1767173425.9402382,0,0,-122
1767173425.9502382,0,-2,-119
1767173425.9602382,1,-6,-121
1767173425.9702382,2,-4,-121
1767173425.9802382,2,-4,-124
1767173425.9902382,5,-2,-132
1767173426.0002382,3,-2,-126
1767173426.0102382,3,0,-127
1767173426.0202382,1,0,-125
1767173426.0302382,1,-3,-127
1767173426.040238,0,-6,-127
1767173426.050238,-1,-8,-128
1767173426.060238,-3,-9,-124
1767173426.070238,-1,-8,-128
1767173426.080238,-4,-6,-121
1767173426.090238,-3,-1,-119
1767173426.100238,-2,-1,-124
1767173426.110238,-8,-2,-127
1767173426.120238,-11,1,-127
1767173426.130238,-6,-1,-129
1767173426.140238,-3,0,-127
1767173426.150238,-5,0,-129
1767173426.1602385,-4,0,-133
1767173426.1702385,-3,-3,-130
1767173426.1802382,-4,-3,-131
1767173426.1902382,-3,-5,-134
1767173426.2002382,-2,-2,-125
1767173426.2102382,-1,2,-117
1767173426.2202382,2,1,-112
1767173426.2302382,0,-1,-113
1767173426.2402382,4,-4,-116
1767173426.2502382,0,-3,-119
1767173426.2602382,0,-3,-121
1767173426.2702382,2,-6,-127
1767173426.2802382,1,-6,-129
1767173426.290238,0,-8,-126
1767173426.300238,0,-5,-128
1767173426.310238,0,-1,-124
1767173426.320238,-2,0,-120
1767173426.330238,0,3,-117
1767173426.340238,3,3,-110
1767173426.350238,1,3,-107
1767173426.360238,3,2,-111
1767173426.370238,6,1,-105
1767173426.380238,3,-5,-111
1767173426.390238,3,-7,-119
1767173426.400238,4,-6,-125
1767173426.4102385,-1,-6,-130
1767173426.4202385,-4,-6,-128
1767173426.4302382,-5,-4,-124
1767173426.4402382,-5,-3,-125
1767173426.4502382,0,-3,-118
1767173426.4602382,5,-3,-116
1767173426.4702382,3,0,-117
1767173426.4802382,7,-4,-121
1767173426.4902382,10,0,-122
1767173426.5002382,6,1,-126
1767173426.5102382,4,2,-128
1767173426.5202382,8,3,-136
1767173426.5302382,7,1,-132
1767173426.540238,3,2,-133
1767173426.550238,3,3,-133
1767173426.560238,-4,0,-130
1767173426.570238,-7,-2,-128
1767173426.580238,-5,-4,-122
1767173426.590238,-4,-2,-127
1767173426.600238,-5,-3,-129
1767173426.610238,0,-7,-126
1767173426.620238,2,-12,-130
1767173426.630238,-1,-11,-131
1767173426.640238,-5,-9,-125
1767173426.650238,-5,-9,-127
1767173426.6602385,-8,-10,-128
1767173426.6702385,-7,-5,-127
1767173426.6802382,-6,-1,-123
1767173426.6902382,-3,0,-130
1767173426.7002382,2,0,-127
1767173426.7102382,0,0,-125
1767173426.7202382,-2,0,-127
1767173426.7302382,4,1,-125
1767173426.7402382,4,0,-126
1767173426.7502382,2,-3,-127
1767173426.7602382,1,-6,-132
1767173426.7702382,0,-2,-129
1767173426.7802382,-5,1,-124
1767173426.790238,-6,2,-120
1767173426.800238,-5,2,-117
1767173426.810238,-3,2,-118
1767173426.820238,-2,1,-122
1767173426.830238,-4,-1,-126
1767173426.840238,-2,0,-126
1767173426.850238,0,1,-126
1767173426.860238,1,1,-126
1767173426.870238,0,5,-129
1767173426.880238,0,5,-123
1767173426.890238,-5,4,-123
1767173426.900238,-4,1,-124
1767173426.9102385,-6,3,-129
1767173426.9202385,-5,1,-128
1767173426.9302382,-8,3,-130
1767173426.9402382,-2,5,-125
1767173426.9502382,-1,6,-122
1767173426.9602382,-2,5,-116
1767173426.9702382,-2,3,-113
1767173426.9802382,-2,1,-112
1767173426.9902382,0,0,-111
1767173427.0002382,0,-3,-116
1767173427.0102382,-1,-2,-119
1767173427.0202382,-3,-3,-115
1767173427.0302382,-1,-8,-117
1767173427.040238,-4,-9,-119
1767173427.050238,-4,-9,-122
1767173427.060238,-6,-8,-125
1767173427.070238,0,-7,-127
1767173427.080238,0,-6,-129
1767173427.090238,-1,-4,-130
1767173427.100238,-3,-7,-123
1767173427.110238,-5,-6,-121
1767173427.120238,-3,-10,-124
1767173427.130238,0,-10,-126
1767173427.140238,-4,-12,-127
1767173427.150238,-9,-8,-125
1767173427.1602385,-4,-8,-130
1767173427.1702385,-6,-8,-132
1767173427.1802382,-8,-5,-129
1767173427.1902382,-2,0,-132
1767173427.2002382,-3,0,-128
1767173427.2102382,-5,-2,-126
1767173427.2202382,-7,-3,-124
1767173427.2302382,-9,-3,-125
1767173427.2402382,-7,-6,-131
1767173427.2502382,-6,-10,-128
1767173427.2602382,-7,-13,-133
1767173427.2702382,-9,-9,-123
1767173427.2802382,-9,-5,-124
1767173427.290238,-6,-3,-129
1767173427.300238,-5,-1,-137
1767173427.310238,-4,-2,-132
1767173427.320238,-4,2,-137
1767173427.330238,-9,2,-143
1767173427.340238,-10,5,-137
1767173427.350238,-8,3,-136
1767173427.360238,-14,1,-137
1767173427.370238,-8,1,-138
1767173427.380238,-7,2,-135
1767173427.390238,-5,0,-135
1767173427.400238,-4,4,-127
1767173427.4102385,-1,2,-129
1767173427.4202385,-7,3,-135
1767173427.4302382,-10,3,-131
1767173427.4402382,-6,0,-137
1767173427.4502382,0,0,-136
1767173427.4602382,-3,0,-137
1767173427.4702382,-2,2,-133
1767173427.4802382,-1,-2,-136
1767173427.4902382,0,-5,-132
1767173427.5002382,-1,-9,-132
1767173427.5102382,-6,-7,-136
1767173427.5202382,-3,-6,-145
1767173427.5302382,0,0,-140
1767173427.540238,1,2,-140
1767173427.550238,7,2,-131
1767173427.560238,1,0,-128
1767173427.571238,0,-2,-128
1767173427.580238,6,0,-128
1767173427.590238,1,0,-127
1767173427.6012385,0,-3,-126
1767173427.610238,-6,-1,-126
1767173427.620238,-9,0,-127
1767173427.6312382,-5,0,-132
1767173427.6412382,1,-2,-130
1767173427.6512382,5,-2,-126
1767173427.6612382,5,0,-134
1767173427.6712382,7,-1,-136
1767173427.6812382,7,0,-133
1767173427.6912382,3,0,-129
1767173427.7012382,2,0,-124
1767173427.711238,4,0,-124
1767173427.721238,0,-3,-124
1767173427.731238,-1,0,-127
1767173427.741238,-4,-2,-131
1767173427.751238,-4,-3,-131
1767173427.761238,-1,-2,-135
1767173427.771238,-6,-4,-136
1767173427.781238,-5,-5,-135
1767173427.791238,-10,-5,-137
1767173427.801238,-6,-2,-140
1767173427.811238,-5,1,-142
1767173427.821238,0,2,-141
1767173427.8312385,1,2,-140
1767173427.8412385,3,0,-140
1767173427.8512385,0,1,-136
1767173427.8612382,3,1,-127
1767173427.8712382,8,0,-128
1767173427.8812382,4,0,-127
1767173427.8912382,2,-2,-120
1767173427.9012382,5,-3,-119
1767173427.9112382,4,-3,-120
1767173427.9212382,0,-8,-125
1767173427.9312382,-2,-4,-124
1767173427.9412382,-4,-2,-129
1767173427.9512382,-1,-5,-126
1767173427.961238,0,-6,-123
1767173427.971238,-4,-7,-126
1767173427.981238,-5,-6,-120
1767173427.991238,0,-5,-118
1767173428.001238,-1,-4,-116
1767173428.011238,-3,0,-117
1767173428.021238,1,0,-123
1767173428.031238,4,0,-129
1767173428.041238,6,0,-127
1767173428.051238,10,5,-128
1767173428.061238,8,7,-129
1767173428.071238,4,1,-128
1767173428.0812385,2,-3,-129
1767173428.0912385,-1,-7,-137
1767173428.1012385,0,-4,-133
1767173428.1112382,0,-3,-132
1767173428.1212382,1,1,-127
1767173428.1312382,0,-4,-126
1767173428.1412382,-3,-2,-127
1767173428.1512382,0,-1,-129
1767173428.1612382,-4,0,-129
1767173428.1712382,-1,-4,-135
1767173428.1812382,-2,-2,-129
1767173428.1912382,-5,-4,-129
1767173428.2012382,-7,-4,-132
1767173428.211238,-5,0,-128
1767173428.221238,-8,0,-132
1767173428.231238,-10,1,-134
1767173428.241238,-5,0,-135
1767173428.251238,-9,2,-134
1767173428.261238,-15,5,-131
1767173428.271238,-11,4,-136
1767173428.281238,-5,1,-134
1767173428.291238,-4,0,-133
1767173428.301238,0,-1,-123
1767173428.311238,0,0,-118
1767173428.321238,3,1,-127
1767173428.3312385,4,1,-131
1767173428.3412385,4,0,-126
1767173428.3512385,2,-1,-124
1767173428.3612382,4,0,-129
1767173428.3712382,7,-1,-129
1767173428.3812382,0,-2,-128
1767173428.3912382,0,-2,-129
1767173428.4012382,3,-4,-130
1767173428.4112382,0,-3,-135
1767173428.4212382,-4,0,-135
1767173428.4312382,-2,2,-138
1767173428.4412382,0,-1,-135
1767173428.4512382,2,0,-131
1767173428.461238,4,-2,-128
1767173428.471238,2,-1,-123
1767173428.481238,-1,-2,-120
1767173428.491238,-1,-3,-120
1767173428.501238,0,-3,-123
1767173428.511238,1,-7,-122
1767173428.521238,0,-5,-122
1767173428.531238,-1,-7,-128
1767173428.541238,1,-7,-133
1767173428.551238,0,-5,-131
1767173428.561238,-3,0,-133
1767173428.571238,-1,-2,-130
1767173428.5812385,2,-3,-129
1767173428.5912385,4,-3,-127
1767173428.6012385,1,-6,-125
1767173428.6112382,1,-7,-125
1767173428.6212382,3,-5,-125
1767173428.6312382,0,-2,-128
1767173428.6412382,5,-3,-124
1767173428.6512382,10,-4,-122
1767173428.6612382,4,0,-122
1767173428.6712382,-1,0,-130
1767173428.6812382,2,0,-129
1767173428.6912382,0,-1,-124
1767173428.7012382,5,-1,-123
1767173428.711238,5,-4,-124
1767173428.721238,-2,-3,-119
1767173428.731238,-1,-8,-120
1767173428.741238,0,-6,-123
1767173428.751238,-2,-7,-124
1767173428.761238,-1,-6,-124
1767173428.771238,0,0,-126
1767173428.781238,2,-1,-131
1767173428.791238,-3,0,-131
1767173428.801238,-3,0,-132
1767173428.811238,-3,1,-139
1767173428.821238,0,6,-132
1767173428.8312385,1,5,-124
1767173428.8412385,2,1,-123
1767173428.8512385,-2,0,-126
1767173428.8612382,2,0,-127
1767173428.8712382,2,1,-126
1767173428.8812382,0,0,-127
1767173428.8912382,0,1,-125
1767173428.9012382,-3,0,-129
1767173428.9112382,-4,-2,-130
1767173428.9212382,-4,0,-136
1767173428.9312382,0,1,-136
1767173428.9412382,-2,1,-130
1767173428.9512382,-1,-2,-134
1767173428.961238,0,1,-134
1767173428.971238,2,2,-130
1767173428.981238,1,0,-130
1767173428.991238,0,-3,-127
1767173429.001238,-5,2,-128
1767173429.011238,-7,1,-129
1767173429.021238,-4,0,-134
1767173429.031238,0,-1,-126
1767173429.041238,1,-5,-125
1767173429.051238,5,-6,-132
1767173429.061238,5,-4,-128
1767173429.071238,4,-5,-130
1767173429.0812385,2,-8,-139
1767173429.0912385,1,-7,-144
1767173429.1012385,0,-4,-140
1767173429.1112382,-3,-5,-136
1767173429.1212382,-1,-4,-132
1767173429.1312382,1,-5,-133
1767173429.1412382,0,-3,-127
1767173429.1512382,0,-3,-124
1767173429.1612382,-1,-4,-129
1767173429.1712382,-2,-6,-130
1767173429.1812382,3,-2,-131
1767173429.1912382,3,0,-130
1767173429.2012382,6,0,-127
1767173429.211238,-2,2,-120
1767173429.221238,-2,-2,-127
1767173429.231238,0,-2,-133
1767173429.241238,-3,-1,-134
1767173429.251238,-2,-1,-138
1767173429.261238,0,0,-135
1767173429.271238,2,0,-132
1767173429.281238,1,-4,-125
1767173429.291238,2,-6,-126
1767173429.301238,-1,-7,-123
1767173429.311238,0,-2,-125
1767173429.321238,0,-2,-129
1767173429.3312385,-5,-4,-129
1767173429.3412385,-4,-2,-129
1767173429.3512385,-4,-1,-129
1767173429.3612382,-5,1,-129
1767173429.3712382,-3,0,-124
1767173429.3812382,-2,-2,-127
1767173429.3912382,-1,-2,-129
1767173429.4012382,0,-2,-135
1767173429.4112382,-4,-2,-132
1767173429.4212382,-2,-6,-135
1767173429.4312382,0,-6,-126
1767173429.4412382,-2,-4,-123
1767173429.4512382,0,-3,-132
1767173429.461238,0,-5,-134
1767173429.471238,3,0,-133
1767173429.481238,3,1,-131
1767173429.491238,1,4,-136
1767173429.501238,1,0,-133
1767173429.511238,0,-3,-132
1767173429.521238,-1,-2,-135
1767173429.531238,-2,0,-138
1767173429.541238,-7,0,-133
1767173429.551238,-8,-1,-132
1767173429.561238,-3,0,-135
1767173429.571238,-6,0,-130
1767173429.5812385,-3,-2,-122
1767173429.5912385,-10,-3,-125
1767173429.6012385,-11,-3,-127
1767173429.6112382,-5,-5,-121
1767173429.6212382,-8,-1,-116
1767173429.6312382,-11,1,-119
1767173429.6412382,-8,0,-123
1767173429.652238,-4,3,-124
1767173429.6612382,-5,3,-124
1767173429.6712382,-4,3,-131
1767173429.6812382,-4,2,-135
1767173429.6912382,-1,-4,-137
1767173429.7012382,4,-3,-136
1767173429.711238,0,-1,-133
1767173429.721238,-6,0,-134
1767173429.731238,-3,1,-138
1767173429.741238,-2,2,-128
1767173429.751238,0,0,-126
1767173429.761238,1,4,-134
1767173429.771238,4,4,-131
1767173429.781238,1,3,-126
1767173429.791238,-5,0,-124
1767173429.801238,-4,-2,-126
1767173429.811238,0,-3,-132
1767173429.821238,-2,-5,-135
1767173429.8312385,-4,-4,-134
1767173429.8412385,0,1,-130
1767173429.8512385,-1,3,-126
1767173429.8612382,-1,0,-121
1767173429.8712382,-3,1,-120
1767173429.8812382,-3,5,-121
1767173429.8912382,-3,2,-114
1767173429.9012382,-1,0,-117
1767173429.9112382,-2,-5,-119
1767173429.9212382,-3,-9,-120
1767173429.9312382,0,-8,-119
1767173429.9412382,0,-5,-127
1767173429.9512382,-2,-2,-127
1767173429.961238,-4,-1,-128
1767173429.971238,-7,-7,-125
1767173429.981238,-6,-11,-125
1767173429.991238,-3,-7,-123
1767173430.001238,2,-7,-125
1767173430.011238,6,-3,-130
1767173430.021238,3,0,-131
1767173430.031238,6,-1,-131
1767173430.041238,3,-1,-128
1767173430.051238,-1,-6,-126
1767173430.061238,1,-6,-130
1767173430.071238,4,-6,-130
1767173430.0812385,6,-3,-132
1767173430.0912385,3,-4,-131
1767173430.1012385,1,-3,-125
1767173430.1112382,-1,-5,-124
1767173430.1212382,-2,-1,-125
1767173430.1312382,-3,-4,-129
1767173430.1412382,-5,-3,-130
1767173430.1512382,-7,-2,-132
1767173430.1612382,-4,3,-128
1767173430.1712382,-1,3,-124
1767173430.1812382,3,0,-126
1767173430.1912382,3,-2,-127
1767173430.2012382,2,-1,-130
1767173430.211238,-2,-3,-133
1767173430.221238,-7,-1,-137
1767173430.231238,-4,0,-141
1767173430.241238,-3,-2,-138
1767173430.252238,-1,-1,-136
1767173430.2622385,0,-5,-130
1767173430.2722385,2,-7,-121
1767173430.2822382,1,-6,-118
1767173430.2922382,4,-4,-125
1767173430.3022382,3,-5,-130
1767173430.3122382,1,-2,-132
1767173430.3222382,4,0,-132
1767173430.3322382,3,3,-131
1767173430.3422382,2,1,-131
1767173430.3522382,-3,3,-126
1767173430.3622382,-2,3,-129
1767173430.3722382,-2,5,-138
1767173430.382238,-3,8,-147
1767173430.392238,-10,5,-143
1767173430.402238,-12,2,-140
1767173430.412238,-7,0,-137
1767173430.422238,-3,3,-130
1767173430.432238,-3,2,-126
1767173430.442238,1,2,-130
1767173430.452238,1,2,-128
1767173430.462238,1,2,-131
1767173430.472238,0,2,-135
1767173430.482238,-1,2,-135
1767173430.492238,1,-1,-133
1767173430.502238,-1,-3,-136
1767173430.5122385,-5,-5,-140
1767173430.5222385,-3,-1,-139
1767173430.5322382,-1,-2,-136
1767173430.5422382,-4,0,-131
1767173430.5522382,-1,1,-126
1767173430.5622382,0,0,-123
1767173430.5722382,-1,-1,-122
1767173430.5822382,0,-2,-121
1767173430.5922382,3,-2,-118
1767173430.6022382,4,-3,-116
1767173430.6122382,0,0,-117
1767173430.6222382,-2,-1,-115
1767173430.632238,1,-5,-120
1767173430.642238,2,-6,-117
1767173430.652238,1,-4,-126
1767173430.662238,3,-5,-127
1767173430.672238,3,-5,-126
1767173430.682238,7,-5,-125
1767173430.692238,4,-5,-122
1767173430.702238,3,-5,-122
1767173430.712238,4,-4,-125
1767173430.722238,5,-4,-119
1767173430.732238,5,-5,-115
1767173430.742238,6,-6,-122
1767173430.752238,4,-8,-122
1767173430.7622385,2,-6,-121
1767173430.7722385,3,-6,-120
1767173430.794238,0,-3,-124
1767173430.8022382,-3,0,-125
1767173430.8122382,-4,1,-127
1767173430.8222382,-2,4,-133
1767173430.8322382,-3,2,-139
1767173430.8422382,0,1,-141
1767173430.8522382,-4,0,-143
1767173430.8622382,-7,-1,-137
1767173430.8722382,-8,0,-136
1767173430.882238,-7,-2,-134
1767173430.892238,-3,-4,-129
1767173430.902238,-3,-3,-132
1767173430.912238,-3,-5,-134
1767173430.922238,-1,-6,-133
1767173430.932238,3,-2,-132
1767173430.942238,6,-4,-129
1767173430.952238,6,-4,-131
1767173430.962238,4,-1,-131
1767173430.972238,7,-4,-132
1767173430.982238,7,-6,-135
1767173430.992238,5,-6,-128
1767173431.002238,0,-3,-130
1767173431.0122385,0,-1,-123
1767173431.0222385,-2,0,-129
1767173431.0322382,-1,0,-129
1767173431.0422382,1,0,-120
1767173431.0522382,1,0,-128
1767173431.0622382,-2,-2,-136
1767173431.0722382,-5,1,-134
1767173431.0822382,-7,1,-127
1767173431.0922382,-4,0,-127
1767173431.1022382,-2,0,-125
1767173431.1122382,-1,-2,-127
1767173431.1222382,0,-2,-135
1767173431.132238,2,-2,-138
1767173431.142238,-2,-1,-137
1767173431.152238,2,-3,-138
1767173431.162238,0,-6,-136
1767173431.172238,-4,-5,-132
1767173431.182238,-6,-6,-130
1767173431.192238,-3,-8,-129
1767173431.202238,-6,-7,-127
1767173431.212238,-2,-4,-124
1767173431.222238,-4,0,-123
1767173431.232238,-1,-2,-123
1767173431.242238,1,-4,-118
1767173431.252238,-1,-2,-120
1767173431.2622385,-3,-4,-118
1767173431.2722385,-2,-4,-119
1767173431.2822382,-4,-6,-118
1767173431.2922382,-4,-6,-124
1767173431.3022382,-2,-6,-123
1767173431.3122382,-5,-2,-124
1767173431.3222382,-7,-3,-125
1767173431.3322382,-10,-2,-128
1767173431.3422382,-7,-2,-121
1767173431.3522382,-2,0,-119
1767173431.3622382,0,2,-118
1767173431.3722382,2,-1,-125
1767173431.382238,0,-5,-129
1767173431.392238,-4,-5,-127
1767173431.402238,-3,-6,-129
1767173431.412238,-4,0,-126
1767173431.422238,-6,2,-125
1767173431.432238,-7,1,-128
1767173431.442238,-8,0,-131
1767173431.452238,-3,2,-133
1767173431.462238,-2,1,-126
1767173431.472238,-6,-1,-127
1767173431.482238,-5,-3,-131
1767173431.492238,-4,-1,-125
1767173431.502238,-4,0,-124
1767173431.5122385,-2,-2,-126
1767173431.5222385,-3,-1,-120
1767173431.5322382,0,-1,-117
1767173431.5422382,0,2,-121
1767173431.5522382,-4,2,-124
1767173431.5622382,-3,2,-124
1767173431.5722382,-1,-2,-129
1767173431.5822382,-3,-4,-131
1767173431.5922382,-3,0,-126
1767173431.6022382,-3,0,-119
1767173431.6122382,-5,-2,-121
1767173431.6222382,-4,0,-123
1767173431.632238,-4,-1,-125
1767173431.642238,0,-1,-119
1767173431.652238,-2,-3,-119
1767173431.662238,-3,-4,-122
1767173431.672238,-8,-4,-122
1767173431.682238,-9,-3,-134
1767173431.692238,-4,-2,-125
1767173431.702238,-3,0,-120
1767173431.712238,-4,0,-124
1767173431.722238,-5,1,-121
1767173431.732238,-6,0,-122
1767173431.742238,-4,2,-125
1767173431.752238,0,2,-125
1767173431.7622385,-2,0,-123
1767173431.7722385,-5,0,-122
1767173431.7822382,-6,-1,-122
1767173431.7922382,-3,-4,-120
1767173431.8022382,-1,-4,-123
1767173431.8122382,0,-4,-118
1767173431.8222382,-3,-4,-122
1767173431.8322382,-7,-4,-125
1767173431.8422382,-5,0,-123
1767173431.8522382,-3,0,-117
1767173431.8622382,-4,-1,-114
1767173431.8722382,-1,-2,-117
1767173431.882238,-3,-3,-122
1767173431.892238,-3,-3,-122
1767173431.902238,0,-2,-120
1767173431.912238,1,-4,-123
1767173431.922238,2,-4,-123
1767173431.932238,0,0,-126
1767173431.942238,-4,2,-128
1767173431.952238,-1,1,-128
1767173431.962238,1,-2,-129
1767173431.972238,0,-4,-130
1767173431.982238,0,-4,-133
1767173431.992238,0,-5,-133
1767173432.002238,2,-5,-127
1767173432.0122385,6,-7,-125
1767173432.0222385,5,-6,-128
1767173432.0322382,5,-7,-122
1767173432.0422382,-1,-7,-121
1767173432.0522382,-4,-8,-125
1767173432.0622382,-4,-8,-125
1767173432.0722382,-3,-7,-124
1767173432.0822382,1,-8,-132
1767173432.0922382,3,-7,-139
1767173432.1022382,4,-2,-135
1767173432.1122382,1,-3,-126
1767173432.1222382,3,-3,-126
1767173432.132238,7,-1,-126
1767173432.142238,4,-1,-126
1767173432.152238,1,-1,-125
1767173432.162238,0,0,-119
1767173432.172238,0,0,-120
1767173432.182238,3,2,-124
1767173432.192238,7,2,-116
1767173432.202238,5,1,-117
1767173432.212238,3,4,-114
1767173432.222238,-1,4,-116
1767173432.232238,-2,5,-123
1767173432.242238,-5,7,-129
1767173432.252238,-7,8,-123
1767173432.2622385,-5,3,-118
1767173432.2722385,1,1,-123
1767173432.2822382,5,1,-130
1767173432.2922382,5,-2,-128
1767173432.3022382,9,0,-127
1767173432.3122382,0,3,-131
1767173432.3222382,-1,2,-125
1767173432.3322382,0,0,-126
1767173432.3422382,-2,-2,-131
1767173432.3522382,-1,1,-131
1767173432.3622382,-1,1,-132
1767173432.3722382,-3,0,-127
1767173432.382238,-1,-1,-125
1767173432.392238,2,-2,-123
1767173432.402238,0,0,-127
1767173432.412238,0,-1,-126
1767173432.422238,-4,1,-126
1767173432.432238,-3,-1,-128
1767173432.442238,0,0,-126
1767173432.452238,3,-2,-126
1767173432.462238,2,1,-129
1767173432.472238,0,5,-125
1767173432.482238,0,2,-121
1767173432.492238,-1,0,-127
1767173432.502238,1,-5,-124
1767173432.5122385,0,-1,-125
1767173432.5222385,1,0,-122
1767173432.5322382,1,1,-112
1767173432.5422382,0,1,-117
1767173432.5522382,-2,2,-127
1767173432.5622382,1,4,-129
1767173432.5722382,0,2,-134
1767173432.5822382,1,1,-135
1767173432.5922382,0,-3,-135
1767173432.6022382,-3,-5,-135
1767173432.6122382,-1,-6,-129
1767173432.6222382,-4,-4,-130
1767173432.632238,-5,1,-131
1767173432.642238,-5,0,-132
1767173432.652238,-2,-1,-124
1767173432.662238,0,3,-126
1767173432.672238,3,0,-128
1767173432.682238,0,4,-136
1767173432.692238,1,2,-137
1767173432.702238,2,0,-132
1767173432.712238,-1,0,-127
1767173432.722238,-4,-2,-125
1767173432.732238,-2,1,-128
1767173432.742238,-2,3,-132
1767173432.752238,0,7,-135
1767173432.7622385,0,10,-134
1767173432.7722385,3,7,-134
1767173432.7822382,5,3,-136
1767173432.7922382,4,3,-132
1767173432.8022382,3,5,-126
1767173432.8122382,4,9,-125
1767173432.8222382,0,5,-127
1767173432.833238,-1,4,-127
1767173432.8422382,-1,4,-130
1767173432.853238,-3,10,-133
1767173432.863238,-5,11,-134
1767173432.873238,-4,8,-128
1767173432.883238,-5,5,-128
1767173432.893238,-1,3,-130
1767173432.903238,-1,3,-135
1767173432.913238,1,-4,-134
1767173432.923238,5,-3,-130
1767173432.9332385,3,0,-124
1767173432.9432385,4,0,-129
1767173432.9532382,2,2,-127
1767173432.9632382,0,3,-124
1767173432.9732382,0,2,-120
1767173432.9832382,-1,2,-125
1767173432.9932382,-2,4,-119
1767173433.0032382,-4,2,-115
1767173433.0132382,-1,3,-123
1767173433.0232382,-4,0,-125
1767173433.0332382,-3,-3,-128
1767173433.0432382,-7,-6,-134
1767173433.0532382,-5,-6,-130
1767173433.063238,0,0,-124
1767173433.073238,-3,3,-120
1767173433.083238,-3,4,-120
1767173433.093238,-3,2,-122
1767173433.103238,-3,0,-124
1767173433.113238,-3,3,-128
1767173433.123238,-1,2,-126
1767173433.133238,-7,0,-121
1767173433.143238,-2,1,-113
1767173433.153238,-3,0,-116
1767173433.163238,-5,-5,-110
1767173433.173238,-5,-7,-110
1767173433.1832385,-8,-8,-111
1767173433.1932385,0,-7,-119
1767173433.2032382,-2,-6,-123
1767173433.2132382,-6,-3,-123
1767173433.2232382,-4,-1,-123
1767173433.2332382,-6,-3,-123
1767173433.2432382,-5,-3,-121
1767173433.2532382,-1,-7,-126
1767173433.2632382,-4,-10,-125
1767173433.2732382,-1,-9,-126
1767173433.2832382,-2,-6,-127
1767173433.2932382,0,-3,-127
1767173433.3032382,2,1,-122
1767173433.313238,1,4,-122
1767173433.323238,0,0,-115
1767173433.333238,0,-7,-116
1767173433.343238,-2,-12,-117
1767173433.353238,-2,-9,-118
1767173433.363238,-3,-6,-119
1767173433.373238,-2,-8,-116
1767173433.383238,-3,-11,-118
1767173433.393238,-4,-12,-119
1767173433.403238,-1,-10,-120
1767173433.413238,0,-10,-116
1767173433.423238,4,-9,-125
1767173433.4332385,0,-6,-133
1767173433.4432385,-1,-3,-138
1767173433.4532382,-4,4,-133
1767173433.4632382,0,5,-127
1767173433.4732382,1,1,-125
1767173433.4832382,0,4,-135
1767173433.4932382,-3,2,-132
1767173433.5032382,-4,0,-127
1767173433.5132382,-3,-3,-128
1767173433.5232382,0,-1,-128
1767173433.5332382,-5,0,-127
1767173433.5432382,2,-1,-130
1767173433.5532382,4,-1,-133
1767173433.563238,3,0,-130
1767173433.573238,2,-1,-123
1767173433.583238,0,-5,-131
1767173433.593238,0,-5,-135
1767173433.603238,2,-3,-125
1767173433.613238,1,-2,-128
1767173433.623238,-3,-2,-135
1767173433.633238,-5,-1,-132
1767173433.643238,-4,-2,-127
1767173433.653238,-6,-3,-128
1767173433.663238,-1,0,-131
1767173433.673238,2,-5,-127
1767173433.6832385,2,-8,-125
1767173433.6932385,0,-10,-121
1767173433.7032382,3,-13,-121
1767173433.7132382,2,-12,-125
1767173433.7232382,2,-10,-122
1767173433.7332382,2,-8,-124
1767173433.7432382,-1,-5,-122
1767173433.7532382,-2,-11,-123
1767173433.7632382,0,-12,-127
1767173433.7732382,3,-10,-123
1767173433.7832382,1,-6,-121
1767173433.7932382,-1,-5,-127
1767173433.8032382,0,-7,-129
1767173433.813238,-4,-6,-135
1767173433.823238,-4,-8,-135
1767173433.833238,-4,-8,-138
1767173433.843238,-1,-4,-134
1767173433.853238,2,-1,-126
1767173433.863238,6,-5,-127
1767173433.873238,5,-5,-136
1767173433.883238,4,-2,-139
1767173433.893238,-1,-1,-138
1767173433.903238,-7,-2,-137
1767173433.913238,-5,-2,-136
1767173433.923238,-3,0,-134
1767173433.9332385,-4,4,-140
1767173433.9432385,-3,3,-136
1767173433.9532382,-4,1,-134
1767173433.9632382,-5,0,-127
1767173433.9732382,-6,0,-130
1767173433.9832382,-7,0,-125
1767173433.9932382,-3,0,-130
1767173434.0032382,-4,-4,-133
1767173434.0132382,-2,-9,-129
1767173434.0232382,0,-10,-130
1767173434.0332382,6,-9,-128
1767173434.0432382,5,-6,-134
1767173434.0532382,0,-1,-132
1767173434.063238,-1,1,-126
1767173434.073238,0,0,-123
1767173434.083238,1,-1,-122
1767173434.093238,2,-3,-126
1767173434.103238,3,-6,-127
1767173434.113238,4,-4,-127
1767173434.123238,4,-2,-127
1767173434.133238,3,0,-128
1767173434.143238,6,-1,-126
1767173434.153238,4,-1,-125
1767173434.163238,4,-3,-125
1767173434.173238,1,-6,-117
1767173434.1832385,-5,-2,-119
1767173434.1932385,-2,0,-123
1767173434.2032382,0,1,-120
1767173434.2132382,6,0,-120
1767173434.2232382,5,0,-120
1767173434.2332382,3,0,-122
1767173434.2432382,2,0,-119
1767173434.2532382,3,0,-125
1767173434.2632382,-2,-1,-124
1767173434.2732382,-4,0,-126
1767173434.2832382,-5,-1,-130
1767173434.2932382,-4,-3,-135
1767173434.3032382,0,-3,-135
1767173434.313238,-3,-1,-130
1767173434.323238,-1,0,-136
1767173434.333238,1,4,-133
1767173434.343238,-1,5,-128
1767173434.353238,-2,1,-131
1767173434.363238,-6,0,-122
1767173434.373238,-7,1,-122
1767173434.383238,0,7,-125
1767173434.393238,2,2,-124
1767173434.403238,0,6,-123
1767173434.413238,-4,6,-131
1767173434.423238,0,6,-131
1767173434.4332385,-1,4,-130
1767173434.4432385,0,1,-128
1767173434.4532382,2,0,-125
1767173434.4632382,1,-3,-122
1767173434.4732382,4,-3,-123
1767173434.4832382,5,-3,-126
1767173434.4932382,3,-1,-127
1767173434.5032382,3,-4,-129
1767173434.5132382,-1,-3,-133
1767173434.5232382,-1,-3,-136
1767173434.5332382,0,-3,-141
1767173434.5432382,0,-5,-141
1767173434.5532382,-1,-5,-138
1767173434.563238,0,-2,-133
1767173434.573238,0,-1,-132
1767173434.583238,-1,-5,-126
1767173434.593238,-3,-4,-128
1767173434.603238,-3,-5,-132
1767173434.613238,-2,-4,-124
1767173434.623238,-4,-7,-128
1767173434.633238,0,-2,-132
1767173434.643238,0,0,-135
1767173434.653238,2,-2,-134
1767173434.663238,4,-1,-135
1767173434.673238,3,-3,-134
1767173434.6832385,1,-3,-125
1767173434.6932385,0,-1,-126
1767173434.7032382,2,-2,-127
1767173434.7132382,2,-1,-123
1767173434.7232382,4,0,-125
1767173434.7332382,6,2,-126
1767173434.7432382,2,-1,-132
1767173434.7532382,2,-1,-128
1767173434.7632382,3,-1,-129
1767173434.7732382,5,-6,-134
1767173434.7832382,6,-1,-138
1767173434.7932382,2,1,-136
1767173434.8032382,-1,-3,-135
1767173434.813238,0,-2,-133
1767173434.823238,0,0,-133
1767173434.833238,0,0,-131
1767173434.843238,4,0,-129
1767173434.853238,4,1,-125
1767173434.863238,1,0,-123
1767173434.873238,2,0,-125
1767173434.883238,2,-3,-129
1767173434.893238,1,-5,-122
1767173434.903238,-1,-8,-116
1767173434.913238,0,-9,-111
1767173434.923238,-1,-7,-114
1767173434.9332385,-2,-1,-117
1767173434.9432385,-2,0,-116
1767173434.9532382,-4,4,-116
1767173434.9632382,-2,5,-122
1767173434.9732382,-4,2,-130
1767173434.9832382,-2,2,-135
1767173434.9932382,-3,2,-134
1767173435.0032382,-7,1,-133
1767173435.0132382,-4,-1,-131
1767173435.0232382,0,-8,-130
1767173435.0332382,-2,-6,-128
1767173435.0432382,-4,-11,-128
1767173435.0532382,-2,-8,-128
1767173435.063238,-2,-3,-124
1767173435.073238,0,0,-129
1767173435.083238,5,0,-133
1767173435.093238,4,1,-132
1767173435.103238,4,6,-133
1767173435.113238,8,9,-135
1767173435.123238,6,7,-135
1767173435.133238,6,5,-127
1767173435.143238,5,4,-121
1767173435.153238,8,-1,-123
1767173435.163238,5,-5,-119
1767173435.173238,7,-2,-117
1767173435.1832385,8,0,-118
1767173435.1932385,10,2,-121
1767173435.2032382,10,1,-125
1767173435.2132382,5,2,-124
1767173435.2232382,1,7,-129
1767173435.2332382,4,5,-127
1767173435.2432382,2,0,-125
1767173435.2532382,1,1,-127
1767173435.2632382,3,0,-131
1767173435.2732382,6,2,-129
1767173435.2832382,7,1,-132
1767173435.2932382,3,-1,-129
1767173435.3032382,0,0,-130
1767173435.313238,-1,0,-129
1767173435.323238,0,-3,-134
1767173435.333238,1,-2,-134
1767173435.343238,6,-4,-137
1767173435.353238,4,-4,-142
1767173435.363238,-2,-4,-141
1767173435.373238,1,-2,-138
1767173435.383238,2,-1,-135
1767173435.393238,3,-1,-138
1767173435.403238,3,0,-127
1767173435.413238,0,-2,-122
1767173435.423238,-2,-2,-124
1767173435.4332385,-3,-2,-119
1767173435.4432385,-6,-4,-114
1767173435.4532382,0,-3,-114
1767173435.4632382,0,0,-118
1767173435.4732382,4,1,-121
1767173435.484238,0,0,-119
1767173435.494238,2,2,-125
1767173435.504238,2,3,-126
1767173435.514238,-3,5,-125
1767173435.524238,-5,6,-125
1767173435.534238,-5,4,-128
1767173435.544238,-2,5,-128
1767173435.554238,-4,10,-128
1767173435.564238,-3,11,-131
1767173435.574238,0,8,-130
1767173435.584238,-1,4,-131
1767173435.594238,5,2,-131
1767173435.6042385,7,0,-144
1767173435.6142385,6,1,-139
1767173435.6242385,4,2,-128
1767173435.6342382,5,6,-128
1767173435.6442382,2,2,-129
1767173435.6542382,2,1,-127
1767173435.6642382,1,5,-125
1767173435.6742382,3,1,-126
1767173435.6842382,1,-2,-130
1767173435.6942382,2,-4,-126
1767173435.7042382,4,-5,-130
1767173435.7142382,3,-2,-128
1767173435.7242382,5,-1,-129
1767173435.734238,1,0,-128
1767173435.744238,-1,-1,-126
1767173435.754238,4,-3,-135
1767173435.764238,6,-5,-140
1767173435.774238,3,-5,-135
1767173435.784238,2,0,-135
1767173435.8062382,5,-3,-128
1767173435.814238,3,0,-128
1767173435.824238,2,2,-133
1767173435.834238,-2,1,-128
1767173435.844238,-5,2,-122
1767173435.8542385,-9,1,-121
1767173435.8642385,-9,1,-123
1767173435.8742385,-9,0,-128
1767173435.8842382,-6,0,-130
1767173435.8942382,0,0,-131
1767173435.9042382,-3,-2,-131
1767173435.9142382,-4,-3,-126
1767173435.9242382,-7,-3,-126
1767173435.9342382,-5,0,-125
1767173435.9442382,-3,-3,-125
1767173435.9542382,0,1,-125
1767173435.9642382,1,0,-130
1767173435.9742382,-2,1,-133
1767173435.984238,-3,3,-134
1767173435.994238,-1,8,-136
1767173436.004238,1,5,-135
1767173436.014238,0,3,-132
1767173436.024238,5,0,-129
1767173436.034238,2,1,-123
1767173436.044238,4,3,-124
1767173436.054238,6,0,-125
1767173436.064238,4,-4,-124
1767173436.074238,2,-8,-120
1767173436.084238,0,-8,-120
1767173436.094238,-2,-7,-119
1767173436.1042385,0,-5,-128
1767173436.1142385,5,-3,-134
1767173436.1242385,7,-4,-133
1767173436.1342382,9,-6,-134
1767173436.1442382,10,-7,-136
1767173436.1542382,6,-3,-135
1767173436.1642382,8,-3,-128
1767173436.1742382,6,0,-126
1767173436.1842382,4,-2,-119
1767173436.1942382,0,-2,-122
1767173436.2042382,0,-2,-126
1767173436.2142382,3,-7,-122
1767173436.2242382,4,-5,-119
1767173436.234238,3,-6,-124
1767173436.244238,2,0,-118
1767173436.254238,-1,3,-124
1767173436.264238,-2,3,-122
1767173436.274238,-1,0,-120
1767173436.284238,-3,-3,-119
1767173436.294238,0,-4,-119
1767173436.304238,1,-6,-119
1767173436.314238,0,-7,-119
1767173436.324238,-5,-7,-124
1767173436.334238,-10,-8,-126
1767173436.344238,-8,-6,-128
1767173436.3542385,-5,-4,-133
1767173436.3642385,0,-2,-135
1767173436.3742385,-4,-1,-134
1767173436.3842382,-5,0,-124
1767173436.3942382,-2,3,-127
1767173436.4042382,4,2,-130
1767173436.4142382,6,-4,-128
1767173436.4242382,3,-5,-128
1767173436.4342382,3,-7,-134
1767173436.4442382,1,-4,-129
1767173436.4542382,3,-4,-127
1767173436.4642382,2,-4,-124
1767173436.4742382,5,-4,-123
1767173436.484238,4,-7,-125
1767173436.494238,2,-2,-122
1767173436.504238,2,-1,-128
1767173436.514238,3,0,-124
1767173436.524238,3,0,-125
1767173436.534238,6,0,-128
1767173436.544238,7,2,-132
1767173436.554238,0,2,-125
1767173436.564238,-3,3,-127
1767173436.574238,0,2,-125
1767173436.584238,3,0,-122
1767173436.594238,5,2,-123
1767173436.6042385,0,0,-127
1767173436.6142385,0,-4,-125
1767173436.6242385,0,-5,-122
1767173436.6342382,0,-4,-130
1767173436.6442382,2,-2,-130
1767173436.6542382,-1,-2,-126
1767173436.6642382,-4,-2,-127
1767173436.6742382,-4,-6,-127
1767173436.6842382,-3,-5,-127
1767173436.6942382,4,0,-127
1767173436.7042382,10,0,-123
1767173436.7142382,12,-1,-117
1767173436.7242382,8,-3,-118
1767173436.734238,6,-3,-126
1767173436.744238,5,-4,-131
1767173436.754238,1,-5,-130
1767173436.764238,-2,-5,-127
1767173436.774238,-7,-6,-126
1767173436.784238,-5,-2,-125
1767173436.794238,-2,-1,-123
1767173436.804238,-7,2,-124
1767173436.814238,-7,0,-124
1767173436.824238,-4,-3,-119
1767173436.834238,1,-4,-124
1767173436.844238,5,-9,-123
1767173436.8542385,4,-10,-125
1767173436.8642385,5,-10,-127
1767173436.8742385,3,-7,-126
1767173436.8842382,6,-4,-125
1767173436.8942382,6,-1,-126
1767173436.9042382,1,-4,-127
1767173436.9142382,3,-2,-126
1767173436.9242382,5,0,-123
1767173436.9342382,5,1,-123
1767173436.9442382,2,1,-123
1767173436.9542382,1,2,-121
1767173436.9642382,1,0,-119
1767173436.9742382,-1,0,-121
1767173436.984238,4,0,-121
1767173436.994238,3,-2,-122
1767173437.004238,3,0,-121
1767173437.014238,3,0,-126
1767173437.024238,1,0,-129
1767173437.034238,-5,-1,-129
1767173437.044238,-7,-1,-125
1767173437.054238,-7,-2,-128
1767173437.064238,-5,-7,-130
1767173437.074238,-3,-9,-129
1767173437.084238,0,-10,-131
1767173437.094238,-1,-7,-126
1767173437.1042385,-1,-6,-127
1767173437.1142385,2,-8,-130
1767173437.1242385,8,-5,-130
1767173437.1342382,5,-4,-129
1767173437.1442382,2,1,-128
1767173437.1542382,3,4,-120
1767173437.1642382,2,6,-126
1767173437.1742382,4,2,-124
1767173437.1842382,2,2,-128
1767173437.1942382,0,2,-123
1767173437.2042382,-3,1,-123
1767173437.2142382,0,-1,-121
1767173437.2242382,-2,-5,-121
1767173437.234238,-6,-1,-118
1767173437.244238,-7,0,-122
1767173437.254238,-8,3,-124
1767173437.264238,-11,3,-123
1767173437.274238,-3,1,-128
1767173437.284238,-3,0,-119
1767173437.294238,0,0,-117
1767173437.304238,0,3,-119
1767173437.314238,0,2,-124
1767173437.324238,2,0,-125
1767173437.334238,4,0,-125
1767173437.344238,3,-1,-123
1767173437.3542385,7,-1,-124
1767173437.3642385,4,-1,-127
1767173437.3742385,5,1,-131
1767173437.3842382,0,0,-122
1767173437.3942382,0,2,-121
1767173437.4042382,4,0,-122
1767173437.4142382,10,0,-122
1767173437.4242382,8,-8,-118
1767173437.4342382,7,-8,-121
1767173437.4442382,3,-5,-124
1767173437.4542382,4,-1,-122
1767173437.4642382,7,3,-115
1767173437.4742382,5,5,-117
1767173437.484238,4,0,-128
1767173437.494238,2,1,-135
1767173437.504238,4,2,-136
1767173437.514238,7,3,-129
1767173437.524238,4,3,-125
1767173437.534238,-1,2,-124
1767173437.544238,-1,1,-121
1767173437.554238,-2,1,-121
1767173437.564238,2,-1,-124
1767173437.574238,4,0,-123
1767173437.584238,9,2,-120
1767173437.594238,12,-1,-121
1767173437.6042385,11,-2,-119
1767173437.6142385,7,-1,-122
1767173437.6242385,4,2,-119
1767173437.6342382,1,5,-121
1767173437.6442382,-1,7,-119
1767173437.6542382,0,4,-125
1767173437.6642382,0,3,-126
1767173437.6742382,-1,-1,-120
1767173437.6842382,-4,-2,-125
1767173437.6942382,0,0,-129
1767173437.7042382,0,0,-126
1767173437.7142382,-4,0,-124
1767173437.7242382,-1,-4,-132
1767173437.734238,-3,0,-129
1767173437.744238,-1,0,-127
1767173437.754238,0,-2,-129
1767173437.764238,3,-4,-130
1767173437.774238,0,-4,-128
1767173437.784238,3,-3,-128
1767173437.794238,3,-5,-127
1767173437.804238,1,-6,-130
1767173437.814238,1,-4,-129
1767173437.824238,3,0,-126
1767173437.834238,2,-2,-130
1767173437.844238,1,0,-124
1767173437.8542385,2,-4,-135
1767173437.8642385,5,-2,-137
1767173437.8742385,8,1,-139
1767173437.8842382,9,0,-130
1767173437.8942382,6,-6,-121
1767173437.9042382,10,-6,-118
1767173437.9142382,4,-6,-123
1767173437.9242382,3,-4,-125
1767173437.9342382,0,-2,-126
1767173437.9442382,0,-2,-127
1767173437.9542382,0,-4,-124
1767173437.9642382,-1,-4,-123
1767173437.9742382,5,-8,-124
1767173437.984238,3,-7,-126
1767173437.994238,4,-3,-127
1767173438.004238,1,-1,-129
1767173438.014238,2,0,-130
1767173438.024238,0,4,-126
1767173438.034238,-1,3,-128
1767173438.044238,-2,0,-127
1767173438.054238,-4,0,-122
1767173438.064238,-4,-2,-128
1767173438.074238,0,0,-122
1767173438.084238,-3,5,-126
1767173438.094238,-2,6,-130
1767173438.1042385,2,7,-132
1767173438.1152382,1,8,-133
1767173438.1252382,0,5,-126
1767173438.1352382,-2,0,-121
1767173438.1452382,0,-1,-127
1767173438.1552382,0,-1,-127
1767173438.165238,0,0,-129
1767173438.175238,3,0,-137
1767173438.185238,1,-2,-133
1767173438.195238,1,-6,-135
1767173438.205238,0,-7,-131
1767173438.215238,-3,-7,-128
1767173438.225238,-2,-6,-128
1767173438.235238,0,-3,-136
1767173438.245238,0,0,-136
1767173438.255238,-4,-1,-135
1767173438.265238,-3,-3,-134
1767173438.275238,-1,-8,-132
1767173438.2852385,2,-5,-132
1767173438.2952385,0,-7,-137
1767173438.3052382,-5,-13,-136
1767173438.3152382,-6,-11,-139
1767173438.3252382,-1,-11,-143
1767173438.3352382,-3,-10,-141
1767173438.3452382,0,-11,-130
1767173438.3552382,-3,-6,-129
1767173438.3652382,2,-2,-123
1767173438.3752382,12,-3,-122
1767173438.3852382,14,-2,-123
1767173438.3952382,10,0,-125
1767173438.4052382,9,1,-121
1767173438.415238,9,0,-122
1767173438.425238,9,-2,-119
1767173438.435238,10,-6,-122
1767173438.445238,10,-6,-124
1767173438.455238,6,-9,-129
1767173438.465238,2,-4,-130
1767173438.475238,0,-1,-128
1767173438.485238,1,-4,-130
1767173438.495238,0,-4,-130
1767173438.505238,-1,-5,-124
1767173438.515238,-3,-2,-128
1767173438.525238,0,-8,-128
1767173438.5352385,0,-7,-125
1767173438.5452385,-1,-8,-126
1767173438.5552382,-2,-7,-124
1767173438.5652382,0,-11,-124
1767173438.5752382,-2,-9,-121
1767173438.5852382,-3,-9,-124
1767173438.5952382,-5,-6,-123
1767173438.6052382,-2,-6,-128
1767173438.6152382,-1,-3,-128
1767173438.6252382,0,0,-129
1767173438.6352382,-2,3,-124
1767173438.6452382,-1,5,-126
1767173438.6552382,0,8,-127
1767173438.665238,-1,4,-130
1767173438.675238,5,4,-123
1767173438.685238,3,6,-120
1767173438.695238,0,-2,-120
1767173438.705238,5,-4,-128
1767173438.715238,4,-4,-122
1767173438.725238,7,-5,-118
1767173438.735238,8,-5,-115
1767173438.745238,11,-6,-113
1767173438.755238,9,-8,-117
1767173438.765238,4,-7,-121
1767173438.775238,5,-8,-119
1767173438.7852385,5,-3,-123
1767173438.7952385,3,0,-121
1767173438.8052382,2,-4,-117
1767173438.8152382,1,-1,-124
1767173438.8252382,-1,0,-123
1767173438.8352382,-4,2,-130
1767173438.8452382,-1,0,-130
1767173438.8552382,-3,6,-128
1767173438.8652382,0,8,-125
1767173438.8752382,0,9,-122
1767173438.8852382,-1,7,-116
1767173438.8952382,-5,4,-124
1767173438.9052382,-5,5,-124
1767173438.915238,0,4,-116
1767173438.925238,1,3,-118
1767173438.935238,-2,5,-120
1767173438.945238,-4,4,-118
1767173438.955238,-5,3,-119
1767173438.965238,-2,1,-119
1767173438.975238,-4,3,-120
1767173438.985238,-4,4,-127
1767173438.995238,-5,2,-129
1767173439.005238,-2,1,-135
1767173439.015238,0,1,-135
1767173439.025238,1,3,-137
1767173439.0352385,-2,2,-140
1767173439.0452385,-4,0,-138
1767173439.0552382,-2,1,-133
1767173439.0652382,0,0,-134
1767173439.0752382,0,0,-129
1767173439.0852382,-5,1,-131
1767173439.0952382,-2,0,-136
1767173439.1052382,-2,5,-133
1767173439.1152382,-1,6,-133
1767173439.1252382,1,6,-133
1767173439.1352382,1,4,-131
1767173439.1452382,0,0,-124
1767173439.1552382,-3,-2,-121
1767173439.165238,-3,0,-124
1767173439.175238,1,1,-124
1767173439.185238,3,1,-127
1767173439.195238,5,2,-128
1767173439.205238,0,5,-127
1767173439.215238,3,0,-133
1767173439.225238,0,0,-131
1767173439.235238,3,1,-133
1767173439.245238,4,-1,-132
1767173439.255238,3,-1,-131
1767173439.265238,1,-3,-133
1767173439.275238,-3,-1,-136
1767173439.2852385,-1,1,-137
1767173439.2952385,0,1,-132
1767173439.3052382,3,0,-128
1767173439.3152382,0,0,-122
1767173439.3252382,-2,-3,-126
1767173439.3352382,-2,-3,-127
1767173439.3452382,-1,-4,-131
1767173439.3552382,-1,-6,-127
1767173439.3652382,1,-5,-132
1767173439.3752382,8,-4,-134
1767173439.3852382,10,-2,-132
1767173439.3952382,9,0,-129
1767173439.4052382,8,-1,-127
1767173439.415238,6,0,-123
1767173439.425238,6,1,-115
1767173439.435238,1,0,-112
1767173439.445238,-5,0,-115
1767173439.455238,-4,2,-113
1767173439.465238,1,0,-116
1767173439.475238,1,4,-120
1767173439.485238,2,6,-122
1767173439.495238,3,4,-122
1767173439.505238,0,-2,-121
1767173439.515238,3,-2,-123
1767173439.525238,5,0,-132
1767173439.5352385,4,-1,-131
1767173439.5452385,0,-2,-132
1767173439.5552382,0,-5,-135
1767173439.5652382,0,-2,-129
1767173439.5752382,0,1,-126
1767173439.5852382,0,7,-122
1767173439.5952382,2,1,-130
1767173439.6052382,5,0,-134
1767173439.6152382,5,-1,-143
1767173439.6252382,7,-8,-139
1767173439.6352382,4,-9,-127
1767173439.6452382,0,-7,-127
1767173439.6552382,3,-7,-127
1767173439.665238,7,0,-123
1767173439.675238,3,0,-125
1767173439.685238,3,-4,-121
1767173439.695238,0,-6,-124
1767173439.705238,-4,-3,-122
1767173439.715238,-3,-1,-125
1767173439.725238,-2,-2,-128
1767173439.735238,0,-3,-128
1767173439.745238,1,0,-124
1767173439.755238,6,0,-124
1767173439.765238,1,-3,-122
1767173439.775238,-2,-5,-121
1767173439.7852385,-3,-5,-127
1767173439.7952385,-5,-5,-131
1767173439.8052382,-6,-6,-134
1767173439.8152382,-2,-7,-134
1767173439.8252382,0,-1,-134
1767173439.8352382,0,0,-133
1767173439.8452382,-3,0,-131
1767173439.8552382,-2,-1,-126
1767173439.8652382,-3,-3,-119
1767173439.8752382,-2,-3,-119
1767173439.8852382,-7,-4,-121
1767173439.8952382,-8,-4,-119
1767173439.9052382,-2,-4,-124
1767173439.915238,-5,-5,-130
1767173439.925238,-3,-1,-134
1767173439.935238,0,0,-132
1767173439.945238,1,0,-132
1767173439.955238,2,-5,-124
1767173439.965238,1,-5,-121
1767173439.975238,2,-3,-123
1767173439.985238,0,-1,-120
1767173439.995238,1,-2,-128
1767173440.005238,1,-2,-134
1767173440.015238,3,0,-130
1767173440.025238,2,0,-125
1767173440.0352385,-4,-2,-129
1767173440.0452385,-6,-3,-122
1767173440.0552382,-5,-4,-119
1767173440.0652382,0,-4,-117
1767173440.0752382,0,-5,-122
1767173440.0852382,4,-3,-123
1767173440.0952382,0,-2,-136
1767173440.1052382,0,-2,-137
1767173440.1152382,-1,-4,-130
1767173440.1252382,1,-4,-128
1767173440.1352382,7,-6,-132
1767173440.1452382,9,-5,-131
1767173440.1552382,6,-5,-133
1767173440.165238,3,-2,-136
1767173440.175238,3,1,-134
1767173440.185238,-1,5,-133
1767173440.195238,-2,7,-126
1767173440.205238,-5,2,-128
1767173440.215238,-3,0,-127
1767173440.225238,-4,-2,-126
1767173440.235238,-5,-4,-126
1767173440.245238,-8,-4,-129
1767173440.255238,-1,-4,-127
1767173440.265238,0,-4,-127
1767173440.275238,-2,-4,-128
1767173440.2852385,-7,-2,-133
1767173440.2952385,-8,1,-141
1767173440.3052382,-5,0,-134
1767173440.3152382,-3,2,-135
1767173440.3252382,-3,3,-131
1767173440.3352382,3,3,-132
1767173440.3452382,2,-1,-124
1767173440.3552382,1,-7,-125
1767173440.3652382,3,-4,-119
1767173440.3752382,4,-1,-120
1767173440.3852382,9,1,-124
1767173440.3952382,10,9,-121
1767173440.4052382,9,7,-127
1767173440.415238,5,5,-135
1767173440.425238,0,5,-129
1767173440.435238,0,1,-131
1767173440.445238,0,0,-132
1767173440.455238,0,0,-137
1767173440.465238,0,-1,-131
1767173440.475238,5,-4,-125
1767173440.485238,5,0,-125
1767173440.495238,5,1,-123
1767173440.505238,3,1,-128
1767173440.515238,0,2,-130
1767173440.525238,-1,0,-130
1767173440.5352385,0,-2,-133
1767173440.5452385,2,0,-125
1767173440.5552382,1,1,-118
1767173440.5652382,2,1,-119
1767173440.5752382,5,-2,-116
1767173440.5852382,4,0,-121
1767173440.5952382,0,-2,-121
1767173440.6052382,0,-5,-121
1767173440.6152382,0,-8,-121
1767173440.6252382,3,-10,-124
1767173440.6352382,4,-7,-123
1767173440.6452382,5,-4,-127
1767173440.6552382,5,-4,-123
1767173440.665238,3,-1,-119
1767173440.675238,4,0,-120
1767173440.685238,3,4,-117
1767173440.695238,0,4,-122
1767173440.7062385,-2,2,-126
1767173440.715238,-4,1,-124
1767173440.725238,-5,3,-123
1767173440.735238,-4,5,-116
1767173440.745238,-9,6,-115
1767173440.7562382,-10,5,-122
1767173440.7662382,-9,8,-124
1767173440.7762382,-6,7,-124
1767173440.7862382,-5,4,-121
1767173440.7962382,-7,3,-122
1767173440.817238,-1,8,-137
1767173440.8262382,-1,8,-143
1767173440.836238,-1,2,-146
1767173440.846238,2,3,-140
1767173440.856238,3,3,-127
1767173440.866238,1,-2,-121
1767173440.876238,0,-1,-128
1767173440.886238,3,-2,-128
1767173440.896238,1,-5,-131
1767173440.906238,3,-6,-126
1767173440.916238,-1,-4,-126
1767173440.926238,-3,-5,-130
1767173440.936238,-5,0,-127
1767173440.946238,-2,1,-129
1767173440.9562385,0,0,-127
1767173440.9662385,4,0,-121
1767173440.9762385,6,2,-121
1767173440.9862382,4,2,-124
1767173440.9962382,3,5,-130
1767173441.0062382,1,5,-136
1767173441.0162382,0,2,-130
1767173441.0262382,5,3,-128
1767173441.0362382,4,0,-127
1767173441.0462382,5,0,-132
1767173441.0562382,2,-1,-132
1767173441.0662382,1,0,-132
1767173441.0762382,2,2,-130
1767173441.086238,-1,1,-127
1767173441.096238,-5,1,-129
1767173441.106238,-5,0,-134
1767173441.116238,-8,3,-133
1767173441.126238,-5,2,-135
1767173441.136238,0,-1,-127
1767173441.146238,-2,0,-132
1767173441.156238,1,2,-129
1767173441.166238,1,0,-124
1767173441.176238,-2,-3,-119
1767173441.186238,-2,-4,-125
1767173441.196238,0,-4,-129
1767173441.2062385,5,-3,-125
1767173441.2162385,4,-1,-120
1767173441.2262385,9,-6,-117
1767173441.2362382,9,-2,-116
1767173441.2462382,4,-3,-118
1767173441.2562382,0,-2,-122
1767173441.2662382,-5,0,-124
1767173441.2762382,-7,-1,-120
1767173441.2862382,-4,0,-127
1767173441.2962382,0,0,-126
1767173441.3062382,-5,3,-125
1767173441.3162382,-8,2,-126
1767173441.3262382,-5,-1,-129
1767173441.336238,-7,1,-125
1767173441.346238,-9,-1,-127
1767173441.356238,-5,-1,-131
1767173441.366238,-3,-3,-129
1767173441.376238,0,0,-127
1767173441.386238,2,1,-121
1767173441.396238,1,1,-122
1767173441.406238,-2,1,-122
1767173441.416238,0,-1,-123
1767173441.426238,0,0,-117
1767173441.436238,0,1,-121
1767173441.446238,1,-1,-123
1767173441.4562385,0,-2,-126
1767173441.4662385,0,-1,-130
1767173441.4762385,0,-2,-127
1767173441.4862382,0,-1,-124
1767173441.4962382,-3,-1,-122
1767173441.5062382,-4,-1,-114
1767173441.5162382,-7,0,-121
1767173441.5262382,-5,0,-125
1767173441.5362382,-5,1,-124
1767173441.5462382,-5,4,-127
1767173441.5562382,0,0,-129
1767173441.5662382,0,2,-135
1767173441.5762382,-2,5,-129
1767173441.586238,-7,1,-124
1767173441.596238,-3,1,-127
1767173441.606238,0,2,-121
1767173441.616238,-4,5,-120
1767173441.626238,-8,4,-115
1767173441.636238,-4,4,-117
1767173441.646238,2,0,-120
1767173441.656238,0,1,-126
1767173441.666238,0,0,-126
1767173441.676238,-1,2,-128
1767173441.686238,1,0,-123
1767173441.696238,-1,-1,-123
1767173441.7062385,0,-3,-123
1767173441.7162385,0,0,-128
1767173441.7262385,0,0,-130
1767173441.7362382,-2,0,-124
1767173441.7462382,-8,1,-127
1767173441.7562382,-8,1,-120
1767173441.7662382,-7,1,-115
1767173441.7762382,-8,0,-123
1767173441.7862382,-9,-1,-127
1767173441.7962382,-8,-2,-124
1767173441.8062382,-6,0,-126
1767173441.8162382,-3,-1,-127
1767173441.8262382,-1,0,-120
1767173441.836238,0,0,-119
1767173441.846238,-3,0,-114
1767173441.856238,-1,0,-114
1767173441.866238,-2,-3,-117
1767173441.876238,-1,-2,-119
1767173441.886238,0,-1,-115
1767173441.896238,-3,-3,-114
1767173441.906238,-3,-2,-121
1767173441.916238,-2,-1,-126
1767173441.926238,-1,-1,-128
1767173441.936238,-6,-2,-128
1767173441.946238,-4,-3,-122
1767173441.9562385,-4,-2,-130
1767173441.9662385,-2,-2,-126
1767173441.9762385,0,-5,-127
1767173441.9862382,0,-2,-125
1767173441.9962382,1,-1,-129
1767173442.0062382,1,-2,-125
1767173442.0162382,2,-2,-127
1767173442.0262382,1,-1,-134
1767173442.0362382,2,-1,-126
1767173442.0462382,-1,0,-129
1767173442.0562382,0,6,-126
1767173442.0662382,2,6,-120
1767173442.0762382,4,4,-126
1767173442.086238,6,0,-129
1767173442.096238,-2,2,-134
1767173442.106238,-1,0,-134
1767173442.116238,-3,1,-136
1767173442.126238,-1,0,-135
1767173442.136238,-3,-1,-131
1767173442.146238,0,0,-128
1767173442.156238,3,0,-127
1767173442.166238,1,0,-121
1767173442.176238,7,-2,-126
1767173442.186238,6,-5,-125
1767173442.196238,3,-7,-130
1767173442.2062385,2,-5,-125
1767173442.2162385,4,-4,-120
1767173442.2262385,4,-6,-121
1767173442.2362382,1,-9,-121
1767173442.2462382,-3,-12,-125
1767173442.2562382,-2,-6,-127
1767173442.2662382,-6,-2,-119
1767173442.2762382,-2,-2,-122
1767173442.2862382,1,0,-120
1767173442.2962382,6,4,-123
1767173442.3062382,3,6,-129
1767173442.3162382,3,9,-129
1767173442.3262382,0,12,-128
1767173442.336238,3,7,-129
1767173442.346238,2,3,-130
1767173442.356238,-1,-2,-128
1767173442.366238,-5,-5,-135
1767173442.376238,-3,-3,-133
1767173442.386238,-1,-5,-125
1767173442.396238,1,-3,-129
1767173442.406238,1,1,-128
1767173442.416238,-3,1,-128
1767173442.426238,0,0,-129
1767173442.436238,-2,-3,-138
1767173442.446238,2,-1,-131
1767173442.4562385,0,1,-131
1767173442.4662385,-1,0,-137
1767173442.4762385,0,0,-134
1767173442.4862382,-1,0,-139
1767173442.4962382,-3,-4,-145
1767173442.5062382,-1,-1,-139
1767173442.5162382,0,-2,-135
1767173442.5262382,2,-1,-139
1767173442.5362382,-1,0,-144
1767173442.5462382,0,1,-140
1767173442.5562382,0,3,-129
1767173442.5662382,-1,2,-128
1767173442.5762382,0,0,-122
1767173442.586238,0,-3,-124
1767173442.596238,0,-6,-121
1767173442.606238,0,-1,-117
1767173442.616238,4,-5,-120
1767173442.626238,3,-7,-116
1767173442.636238,0,-8,-118
1767173442.646238,1,-8,-114
1767173442.656238,1,-7,-121
1767173442.666238,0,-6,-125
1767173442.676238,-1,-11,-127
1767173442.686238,0,-12,-134
1767173442.696238,0,-11,-130
1767173442.7062385,-1,-9,-124
1767173442.7162385,1,-6,-124
1767173442.7262385,0,-7,-122
1767173442.7362382,1,-7,-126
1767173442.7462382,0,-5,-125
1767173442.7562382,2,-3,-131
1767173442.7662382,6,-3,-129
1767173442.7762382,1,-3,-128
1767173442.7862382,-2,-5,-132
1767173442.7962382,-1,-6,-128
1767173442.8062382,-1,-2,-125
1767173442.8162382,-1,-2,-120
1767173442.8262382,-5,-4,-120
1767173442.836238,-2,-2,-123
1767173442.846238,0,-2,-127
1767173442.856238,1,-3,-123
1767173442.866238,0,0,-123
1767173442.876238,-2,1,-119
1767173442.886238,4,0,-119
1767173442.896238,10,0,-119
1767173442.906238,7,-2,-116
1767173442.916238,6,0,-117
1767173442.926238,0,0,-117
1767173442.936238,0,-5,-119
1767173442.946238,1,-6,-122
1767173442.9562385,1,-3,-121
1767173442.9662385,-2,-4,-115
1767173442.9762385,0,-4,-116
1767173442.9862382,-1,-5,-120
1767173442.9962382,0,-5,-128
1767173443.0062382,-6,-1,-131
1767173443.0162382,-9,0,-133
1767173443.0262382,-8,-2,-134
1767173443.0362382,-8,-4,-130
1767173443.0462382,-6,-2,-129
1767173443.0562382,-1,-1,-130
1767173443.0662382,2,1,-127
1767173443.0762382,2,1,-126
1767173443.086238,1,5,-123
1767173443.096238,-1,4,-125
1767173443.106238,-3,3,-128
1767173443.116238,-2,1,-129
1767173443.126238,-1,3,-128
1767173443.136238,-1,4,-129
1767173443.146238,-5,1,-123
1767173443.156238,-2,0,-126
1767173443.166238,0,-2,-127
1767173443.176238,3,-3,-126
1767173443.186238,5,-3,-119
1767173443.196238,0,-3,-119
1767173443.2062385,-6,-2,-117
1767173443.2162385,-5,0,-118
1767173443.2262385,-3,3,-115
1767173443.2362382,-1,1,-105
1767173443.2462382,-1,-1,-110
1767173443.2562382,-3,-2,-114
1767173443.2662382,-3,-2,-122
1767173443.2762382,-4,-1,-124
1767173443.2862382,-2,-4,-124
1767173443.2962382,-6,-4,-122
1767173443.3062382,-7,-6,-120
1767173443.3162382,-4,-8,-121
1767173443.3262382,-2,-9,-119
1767173443.336238,-1,-4,-123
1767173443.346238,-2,-2,-127
1767173443.357238,-1,-1,-122
1767173443.366238,2,0,-126
1767173443.377238,0,3,-126
1767173443.386238,-1,3,-125
1767173443.396238,-2,-5,-121
1767173443.4072382,-3,-4,-117
1767173443.4172382,-4,-4,-116
1767173443.4272382,-4,-4,-112
1767173443.4372382,-4,-4,-118
1767173443.4472382,-2,-8,-118
1767173443.4572382,-4,-13,-122
1767173443.4672382,-4,-12,-126
1767173443.4772382,-6,-10,-123
1767173443.4872382,-4,-7,-123
1767173443.4972382,-6,-3,-123
1767173443.507238,-9,-2,-126
1767173443.517238,-11,1,-124
1767173443.527238,-7,0,-125
1767173443.537238,-6,-2,-121
1767173443.547238,-8,-2,-123
1767173443.557238,-7,-3,-128
1767173443.567238,-5,-2,-125
1767173443.577238,-3,-2,-124
1767173443.587238,-9,0,-132
1767173443.597238,-9,1,-135
1767173443.607238,-5,0,-130
1767173443.617238,-4,0,-123
1767173443.627238,-4,1,-118
1767173443.6372385,-2,0,-125
1767173443.6472385,0,-4,-124
1767173443.6572382,-2,-5,-124
1767173443.6672382,-7,-8,-122
1767173443.6772382,-3,-5,-120
1767173443.6872382,1,-4,-124
1767173443.6972382,-2,-5,-118
1767173443.7072382,-1,-5,-114
1767173443.7172382,-5,-2,-119
1767173443.7272382,-6,-1,-119
1767173443.7372382,-5,-1,-125
1767173443.7472382,-3,-4,-116
1767173443.757238,2,-7,-117
1767173443.767238,-2,-8,-119
1767173443.777238,-4,-4,-125
1767173443.787238,-4,-4,-134
1767173443.797238,-1,0,-132
1767173443.807238,0,0,-132
1767173443.817238,0,-4,-130
1767173443.827238,-2,-2,-127
1767173443.837238,4,0,-121
1767173443.847238,2,-1,-117
1767173443.857238,-1,-2,-117
1767173443.867238,0,-5,-114
1767173443.877238,-3,-9,-111
1767173443.8872385,2,-9,-116
1767173443.8972385,6,-5,-117
1767173443.9072382,5,-3,-120
1767173443.9172382,6,0,-123
1767173443.9272382,5,-1,-122
1767173443.9372382,4,-1,-127
1767173443.9472382,6,1,-133
1767173443.9572382,6,2,-128
1767173443.9672382,-1,0,-130
1767173443.9772382,-3,0,-134
1767173443.9872382,-1,-3,-134
1767173443.9972382,-3,-8,-133
1767173444.007238,-4,-8,-122
1767173444.017238,-2,-9,-119
1767173444.027238,-1,-5,-123
1767173444.037238,-1,-4,-129
1767173444.047238,-1,-8,-126
1767173444.057238,-2,-7,-127
1767173444.067238,0,-2,-126
1767173444.077238,0,1,-131
1767173444.087238,4,1,-131
1767173444.097238,0,1,-135
1767173444.107238,0,1,-128
1767173444.117238,1,0,-127
1767173444.127238,5,1,-137
1767173444.1372385,0,2,-134
1767173444.1472385,-2,2,-133
1767173444.1572382,-3,-2,-136
1767173444.1672382,-4,-2,-135
1767173444.1772382,0,0,-135
1767173444.1872382,0,0,-135
1767173444.1972382,0,0,-137
1767173444.2072382,0,0,-134
1767173444.2172382,-6,-3,-134
1767173444.2272382,-8,-1,-129
1767173444.2372382,-8,0,-128
1767173444.2472382,-10,-3,-129
1767173444.257238,-10,-3,-133
1767173444.267238,-10,-5,-129
1767173444.277238,-7,-7,-133
1767173444.287238,-3,-5,-131
1767173444.297238,-5,-2,-129
1767173444.307238,-10,-1,-125
1767173444.317238,-7,1,-121
1767173444.327238,-4,0,-123
1767173444.337238,2,2,-120
1767173444.347238,0,4,-118
1767173444.357238,3,3,-113
1767173444.367238,3,3,-113
1767173444.377238,4,2,-118
1767173444.3872385,4,0,-123
1767173444.3972385,0,-2,-124
1767173444.4072382,0,-2,-123
1767173444.4172382,0,-3,-123
1767173444.4272382,0,-4,-128
1767173444.4372382,0,-6,-131
1767173444.4472382,1,-7,-128
1767173444.4572382,-4,-3,-131
1767173444.4672382,-5,-5,-126
1767173444.4772382,-5,-6,-121
1767173444.4872382,-2,-7,-119
1767173444.4972382,1,-6,-118
1767173444.507238,0,-5,-118
1767173444.517238,0,-4,-121
1767173444.527238,0,-5,-114
1767173444.537238,1,-6,-118
1767173444.547238,6,-6,-125
1767173444.557238,6,-8,-124
1767173444.567238,4,-9,-123
1767173444.577238,3,-4,-130
1767173444.587238,3,-7,-133
1767173444.597238,0,-7,-137
1767173444.607238,0,-5,-134
1767173444.617238,0,-7,-129
1767173444.627238,-1,-9,-128
1767173444.6372385,0,-12,-125
1767173444.6472385,-2,-11,-125
1767173444.6572382,-5,-7,-125
1767173444.6672382,-8,-8,-125
1767173444.6772382,-6,-7,-127
1767173444.6872382,-5,-3,-126
1767173444.6972382,-6,0,-117
1767173444.7072382,-8,-1,-113
1767173444.7172382,-8,-4,-117
1767173444.7272382,-4,-5,-120
1767173444.7372382,-4,-4,-120
1767173444.7472382,-3,-5,-122
1767173444.757238,-2,-3,-123
1767173444.767238,-7,-3,-125
1767173444.777238,-8,-1,-125
1767173444.787238,-9,0,-132
1767173444.797238,-7,1,-135
1767173444.807238,-6,-1,-133
1767173444.817238,-3,0,-131
1767173444.827238,2,-1,-129
1767173444.837238,2,-2,-122
1767173444.847238,1,-4,-123
1767173444.857238,3,-1,-122
1767173444.867238,1,-4,-123
1767173444.877238,-5,-1,-125
1767173444.8872385,-5,3,-131
1767173444.8972385,-8,0,-133
1767173444.9072382,-4,1,-133
1767173444.9172382,0,0,-136
1767173444.9272382,2,-2,-133
1767173444.9372382,0,-3,-132
1767173444.9472382,2,-1,-135
1767173444.9572382,0,-1,-133
1767173444.9672382,-2,-3,-133
1767173444.9772382,-2,-5,-129
1767173444.9872382,-2,-7,-123
1767173444.9972382,-1,-11,-122
1767173445.007238,-3,-7,-125
1767173445.017238,-3,-5,-128
1767173445.027238,-3,-5,-128
1767173445.037238,-3,-5,-127
1767173445.047238,0,-3,-128
1767173445.057238,-1,-3,-130
1767173445.067238,-4,-3,-125
1767173445.077238,-4,-2,-118
1767173445.087238,-4,-3,-119
1767173445.097238,-1,2,-126
1767173445.107238,-3,0,-124
1767173445.117238,1,0,-130
1767173445.127238,3,-1,-127
1767173445.1372385,-3,0,-124
1767173445.1472385,0,0,-121
1767173445.1572382,-5,-1,-122
1767173445.1672382,-7,0,-126
1767173445.1772382,-4,0,-126
1767173445.1872382,-4,0,-129
1767173445.1972382,-6,2,-127
1767173445.2072382,-2,4,-129
1767173445.2172382,0,1,-132
1767173445.2272382,5,0,-132
1767173445.2372382,2,-3,-131
1767173445.2472382,3,-1,-132
1767173445.257238,2,-5,-127
1767173445.267238,-3,-4,-129
1767173445.277238,-1,-6,-128
1767173445.287238,-4,-2,-131
1767173445.297238,-5,-1,-125
1767173445.307238,0,4,-124
1767173445.317238,0,1,-125
1767173445.327238,-1,2,-125
1767173445.337238,-2,0,-121
1767173445.347238,-4,0,-121
1767173445.357238,-3,-5,-120
1767173445.367238,-1,-4,-116
1767173445.377238,-3,-4,-122
1767173445.3872385,0,-3,-128
1767173445.3972385,6,-5,-132
1767173445.4072382,8,-4,-130
1767173445.4172382,7,-4,-127
1767173445.4272382,3,-3,-125
1767173445.4372382,1,-4,-125
1767173445.4472382,-1,-4,-128
1767173445.4572382,-3,-3,-132
1767173445.4672382,1,-4,-132
1767173445.4772382,0,-4,-130
1767173445.4872382,3,-5,-126
1767173445.4972382,-1,-3,-129
1767173445.507238,-5,-3,-128
1767173445.517238,-7,-1,-127
1767173445.527238,-7,-1,-128
1767173445.537238,-8,-2,-127
1767173445.547238,-4,-1,-129
1767173445.557238,-1,0,-129
1767173445.567238,-3,2,-131
1767173445.577238,-3,4,-128
1767173445.587238,-1,3,-128
1767173445.597238,2,0,-129
1767173445.607238,3,-3,-127
1767173445.617238,3,-1,-123
1767173445.627238,3,-2,-125
1767173445.6372385,3,-4,-130
1767173445.6472385,3,-1,-128
1767173445.6572382,1,3,-124
1767173445.6672382,-3,4,-124
1767173445.6772382,0,6,-125
1767173445.6872382,-2,2,-128
1767173445.6972382,0,-3,-124
1767173445.7072382,-1,-2,-128
1767173445.7172382,0,-2,-126
1767173445.7272382,-1,-2,-130
1767173445.7372382,-4,-5,-133
1767173445.7472382,-9,-6,-133
1767173445.757238,-11,-8,-131
1767173445.767238,-11,-2,-125
1767173445.777238,-7,-3,-123
1767173445.787238,-4,-1,-122
1767173445.797238,-3,0,-114
1767173445.807238,0,-2,-115
1767173445.8292382,-2,-4,-118
1767173445.837238,-3,-5,-120
1767173445.847238,-4,-1,-118
1767173445.857238,-3,-1,-125
1767173445.867238,-1,-3,-133
1767173445.877238,-3,-2,-135
1767173445.8872385,-5,0,-127
1767173445.8972385,-4,-1,-126
1767173445.9072382,-2,-2,-128
1767173445.9172382,-1,1,-128
1767173445.9272382,-5,-3,-135
1767173445.9372382,-1,-3,-130
1767173445.9472382,1,-4,-130
1767173445.9572382,-1,0,-130
1767173445.9672382,-1,1,-132
1767173445.978238,-4,0,-130
1767173445.988238,-3,-3,-132
1767173445.998238,-4,-7,-130
1767173446.008238,-4,-6,-131
1767173446.018238,-3,-7,-126
1767173446.028238,-7,-3,-125
1767173446.038238,-5,-1,-126
1767173446.048238,0,2,-125
1767173446.0582385,0,1,-122
1767173446.0682385,-6,1,-125
1767173446.0782382,-4,0,-123
1767173446.0882382,-3,-2,-121
1767173446.0982382,-6,-6,-126
1767173446.1082382,-1,-5,-135
1767173446.1182382,-5,-9,-139
1767173446.1282382,-1,-11,-134
1767173446.139238,0,-11,-136
1767173446.1482382,-3,-5,-129
1767173446.1582382,-3,-6,-134
1767173446.1682382,-1,-7,-143
1767173446.1782382,-4,-6,-137
1767173446.188238,-4,-2,-135
1767173446.198238,0,-1,-132
1767173446.208238,-3,-7,-139
1767173446.218238,-4,-5,-148
1767173446.228238,-8,-7,-147
1767173446.238238,-3,-6,-138
1767173446.248238,-2,-8,-135
1767173446.258238,-3,-5,-141
1767173446.268238,0,-5,-139
1767173446.278238,3,-7,-135
1767173446.288238,4,-5,-135
1767173446.298238,0,-4,-133
1767173446.3082385,1,0,-142
1767173446.3182385,0,4,-133
1767173446.3282382,-3,3,-132
1767173446.3382382,-6,0,-130
1767173446.3482382,-8,-2,-131
1767173446.3582382,-7,-5,-139
1767173446.3682382,-9,-8,-141
1767173446.3782382,-6,-7,-136
1767173446.3882382,-8,-7,-134
1767173446.3982382,-5,-8,-135
1767173446.4082382,-2,-5,-137
1767173446.4182382,-4,-5,-133
1767173446.4282382,-6,-4,-133
1767173446.438238,-4,-5,-131
1767173446.448238,0,-6,-126
1767173446.458238,-1,-2,-123
1767173446.468238,-3,-3,-116
1767173446.478238,0,0,-121
1767173446.488238,0,0,-126
1767173446.498238,0,0,-125
1767173446.508238,2,-3,-123
1767173446.518238,5,-6,-130
1767173446.528238,1,-7,-134
1767173446.538238,0,-3,-130
1767173446.548238,0,0,-129
1767173446.5582385,-2,-2,-129
1767173446.5682385,0,-1,-124
1767173446.5782382,-4,-2,-125
1767173446.5882382,-6,-3,-120
1767173446.5982382,-3,-8,-123
1767173446.6082382,0,-8,-130
1767173446.6182382,3,-8,-132
1767173446.6282382,4,-4,-135
1767173446.6382382,2,-1,-137
1767173446.6482382,4,6,-138
1767173446.6582382,3,7,-139
1767173446.6682382,7,1,-137
1767173446.6782382,5,-3,-138
1767173446.688238,2,0,-137
1767173446.698238,2,6,-138
1767173446.708238,1,6,-135
1767173446.718238,-1,2,-132
1767173446.728238,-2,1,-126
1767173446.738238,-2,1,-130
1767173446.748238,-3,1,-127
1767173446.758238,-1,0,-137
1767173446.768238,-3,0,-130
1767173446.778238,0,1,-129
1767173446.788238,-1,1,-135
1767173446.798238,2,1,-136
1767173446.8082385,-3,0,-136
1767173446.8182385,0,-4,-133
1767173446.8282382,0,-5,-133
1767173446.8382382,0,-5,-136
1767173446.8482382,0,-7,-135
1767173446.8582382,0,-5,-132
1767173446.8682382,3,-3,-135
1767173446.8782382,2,-6,-125
1767173446.8882382,3,-7,-127
1767173446.8982382,6,-3,-128
1767173446.9082382,8,-1,-135
1767173446.9182382,3,-4,-132
1767173446.9282382,0,-6,-131
1767173446.938238,3,-6,-132
1767173446.948238,4,-9,-134
1767173446.958238,6,-5,-134
1767173446.968238,4,-3,-136
1767173446.978238,0,-4,-136
1767173446.988238,2,-5,-135
1767173446.998238,0,-7,-131
1767173447.008238,-1,-8,-127
1767173447.018238,0,-8,-125
1767173447.028238,0,-9,-117
1767173447.038238,-3,-8,-120
1767173447.048238,-2,-6,-117
1767173447.0582385,-2,-3,-126
1767173447.0682385,-6,0,-131
1767173447.0782382,-8,0,-124
1767173447.0882382,-9,0,-126
1767173447.0982382,-4,0,-119
1767173447.1082382,-1,-1,-113
1767173447.1182382,1,5,-112
1767173447.1282382,0,5,-115
1767173447.1382382,0,6,-122
1767173447.1482382,-1,1,-127
1767173447.1582382,-6,2,-127
1767173447.1682382,-2,1,-124
1767173447.1782382,0,1,-125
1767173447.188238,1,0,-132
1767173447.198238,0,-1,-133
1767173447.208238,0,-1,-132
1767173447.218238,2,1,-132
1767173447.228238,0,2,-127
1767173447.238238,5,4,-127
1767173447.248238,4,3,-131
1767173447.258238,0,3,-136
1767173447.268238,-1,2,-140
1767173447.278238,-6,0,-133
1767173447.288238,-5,-1,-131
1767173447.298238,-8,0,-130
1767173447.3082385,-5,0,-130
1767173447.3182385,-3,-1,-132
1767173447.3282382,-5,-4,-130
1767173447.3382382,-1,0,-122
1767173447.3482382,3,-3,-114
1767173447.3582382,3,-4,-118
1767173447.3682382,2,-3,-114
1767173447.3782382,3,-2,-115
1767173447.3882382,4,1,-123
1767173447.3982382,1,1,-116
1767173447.4082382,3,-1,-130
1767173447.4182382,0,-2,-129
1767173447.4282382,3,1,-127
1767173447.438238,0,2,-129
1767173447.448238,0,1,-135
1767173447.458238,-5,3,-131
1767173447.468238,-2,-1,-131
1767173447.478238,-3,-2,-135
1767173447.488238,-6,0,-136
1767173447.498238,-6,-3,-138
1767173447.508238,-3,-2,-138
1767173447.518238,1,-2,-137
1767173447.528238,0,0,-136
1767173447.538238,1,-2,-132
1767173447.548238,0,0,-130
1767173447.5582385,-3,0,-127
1767173447.5682385,-6,-5,-129
1767173447.5782382,-4,-4,-130
1767173447.5882382,-3,-1,-129
1767173447.5982382,-5,0,-134
1767173447.6082382,-8,0,-136
1767173447.6182382,-10,0,-136
1767173447.6282382,-6,0,-131
1767173447.6382382,-5,-1,-134
1767173447.6482382,-5,-3,-132
1767173447.6582382,-6,-4,-136
1767173447.6682382,-2,-3,-133
1767173447.6782382,0,0,-129
1767173447.688238,-1,5,-126
1767173447.698238,-2,6,-123
1767173447.708238,-2,0,-125
1767173447.718238,0,-1,-128
1767173447.728238,-1,-1,-127
1767173447.738238,1,0,-130
1767173447.748238,0,-1,-130
1767173447.758238,-3,-2,-129
1767173447.768238,0,3,-125
1767173447.778238,0,1,-122
1767173447.788238,-4,0,-125
1767173447.798238,-5,-2,-128
1767173447.8082385,-4,-2,-121
1767173447.8182385,-1,-5,-117
1767173447.8282382,-1,-6,-123
1767173447.8382382,1,-7,-129
1767173447.8482382,0,-6,-131
1767173447.8582382,0,-5,-132
1767173447.8682382,0,-3,-131
1767173447.8782382,-6,-5,-128
1767173447.8882382,-2,-3,-125
1767173447.8982382,-8,-3,-126
1767173447.9082382,-6,-1,-130
1767173447.9182382,-3,0,-130
1767173447.9282382,0,0,-134
1767173447.938238,-2,0,-132
1767173447.948238,-1,-2,-136
1767173447.958238,1,0,-134
1767173447.968238,0,-1,-137
1767173447.978238,-2,0,-142
1767173447.988238,-1,-3,-138
1767173447.998238,0,-3,-132
1767173448.008238,-1,-4,-133
1767173448.018238,1,1,-129
1767173448.028238,2,0,-131
1767173448.038238,-1,5,-136
1767173448.048238,4,4,-131
1767173448.0582385,7,0,-121
1767173448.0682385,3,1,-113
1767173448.0782382,5,2,-125
1767173448.0882382,4,0,-135
1767173448.0982382,2,5,-134
1767173448.1082382,1,4,-132
1767173448.1182382,-1,0,-129
1767173448.1282382,-1,-1,-132
1767173448.1382382,3,-4,-128
1767173448.1482382,5,-5,-128
1767173448.1582382,9,-3,-125
1767173448.1682382,9,-8,-129
1767173448.1782382,7,-4,-120
1767173448.188238,10,-6,-122
1767173448.198238,10,-5,-125
1767173448.208238,8,-2,-131
1767173448.218238,5,1,-131
1767173448.228238,2,4,-132
1767173448.238238,0,3,-133
1767173448.248238,-5,0,-124
1767173448.258238,-7,0,-126
1767173448.268238,-8,2,-123
1767173448.278238,-9,-1,-121
1767173448.288238,-8,0,-121
1767173448.298238,-2,-1,-125
1767173448.3082385,4,2,-128
1767173448.3182385,6,0,-128
1767173448.3282382,7,-1,-130
1767173448.3382382,6,-2,-131
1767173448.3482382,3,0,-131
1767173448.3582382,4,3,-125
1767173448.3682382,5,4,-121
1767173448.3782382,4,2,-117
1767173448.3882382,7,-1,-116
1767173448.3982382,6,-3,-125
1767173448.4082382,3,-5,-123
1767173448.4182382,1,-2,-121
1767173448.4282382,2,-1,-116
1767173448.438238,4,-3,-113
1767173448.448238,0,-2,-121
1767173448.458238,-4,-2,-129
1767173448.468238,-6,-2,-127
1767173448.478238,-4,-3,-127
1767173448.488238,-5,-3,-120
1767173448.498238,-6,0,-120
1767173448.508238,-8,-4,-120
1767173448.518238,-9,-6,-123
1767173448.528238,-6,-2,-133
1767173448.538238,-2,-3,-136
1767173448.548238,-1,0,-138
1767173448.5582385,-1,1,-136
1767173448.5682385,2,5,-134
1767173448.5782382,0,6,-132
1767173448.5882382,3,7,-126
1767173448.5982382,6,5,-124
1767173448.609238,6,2,-124
1767173448.6182382,10,-2,-132
1767173448.629238,7,0,-137
1767173448.6382382,10,0,-135
1767173448.649238,11,3,-135
1767173448.659238,13,3,-134
1767173448.669238,13,3,-137
1767173448.679238,9,-1,-136
1767173448.689238,6,-1,-135
1767173448.699238,5,0,-132
1767173448.709238,3,-1,-135
1767173448.719238,0,-1,-138
1767173448.7292385,0,-3,-134
1767173448.7392385,6,-2,-128
1767173448.7492385,7,0,-127
1767173448.7592382,7,4,-124
1767173448.7692382,8,-1,-117
1767173448.7792382,8,-2,-119
1767173448.7892382,5,1,-130
1767173448.7992382,3,3,-129
1767173448.8092382,0,-3,-127
1767173448.8192382,1,-5,-131
1767173448.8292382,-1,0,-127
1767173448.8392382,2,4,-128
1767173448.8492382,5,0,-130
1767173448.859238,5,-2,-134
1767173448.869238,2,-7,-136
1767173448.879238,5,-10,-134
1767173448.889238,5,-8,-134
1767173448.899238,4,-3,-130
1767173448.909238,7,0,-133
1767173448.919238,6,-3,-126
1767173448.929238,3,-4,-123
1767173448.939238,2,-4,-122
1767173448.949238,3,-4,-125
1767173448.959238,2,-3,-129
1767173448.969238,0,-2,-128
1767173448.9792385,4,-2,-121
1767173448.9892385,6,-1,-115
1767173448.9992385,1,-3,-117
1767173449.0092382,0,-8,-117
1767173449.0192382,-1,-6,-117
1767173449.0292382,-7,-13,-121
1767173449.0392382,0,-12,-125
1767173449.0492382,0,-10,-128
1767173449.0592382,2,-4,-124
1767173449.0692382,3,-8,-121
1767173449.0792382,-1,-6,-123
1767173449.0892382,-8,-8,-117
1767173449.0992382,-5,-6,-123
1767173449.109238,-3,-5,-128
1767173449.119238,-3,-6,-123
1767173449.129238,2,-9,-124
1767173449.139238,1,-10,-128
1767173449.149238,0,-10,-129
1767173449.159238,-1,-7,-133
1767173449.169238,-1,-3,-136
1767173449.179238,-2,-3,-139
1767173449.189238,1,-4,-142
1767173449.199238,0,0,-143
1767173449.209238,0,1,-141
1767173449.219238,3,2,-141
1767173449.2292385,0,1,-140
1767173449.2392385,1,-1,-134
1767173449.2492385,4,-4,-133
1767173449.2592382,2,-6,-131
1767173449.2692382,3,-6,-131
1767173449.2792382,4,-3,-127
1767173449.2892382,3,-3,-125
1767173449.2992382,3,0,-126
1767173449.3092382,2,0,-127
1767173449.3192382,0,-1,-130
1767173449.3292382,0,-5,-132
1767173449.3392382,3,-3,-132
1767173449.3492382,0,-4,-132
1767173449.359238,0,-3,-126
1767173449.369238,2,-6,-119
1767173449.379238,8,-9,-122
1767173449.389238,0,-6,-132
1767173449.399238,-3,-3,-135
1767173449.409238,-5,-4,-135
1767173449.419238,-3,-2,-131
1767173449.429238,-2,0,-127
1767173449.439238,-3,0,-130
1767173449.449238,-5,-3,-128
1767173449.459238,-5,-4,-124
1767173449.469238,-1,-3,-126
1767173449.4792385,-1,-1,-127
1767173449.4892385,-1,2,-131
1767173449.4992385,-6,3,-130
1767173449.5092382,-5,5,-131
1767173449.5192382,1,3,-126
1767173449.5292382,2,7,-122
1767173449.5392382,5,6,-120
1767173449.5492382,3,2,-127
1767173449.5592382,3,4,-124
1767173449.5692382,2,0,-128
1767173449.5792382,4,2,-131
1767173449.5892382,5,0,-124
1767173449.5992382,0,-2,-122
1767173449.609238,-2,-2,-117
1767173449.619238,0,-1,-117
1767173449.629238,0,-7,-116
1767173449.639238,8,-5,-119
1767173449.649238,5,-1,-117
1767173449.659238,7,0,-125
1767173449.669238,4,0,-124
1767173449.679238,4,-2,-124
1767173449.689238,1,-1,-123
1767173449.699238,-1,-1,-125
1767173449.709238,-3,0,-127
1767173449.719238,-5,0,-127
1767173449.7292385,-6,1,-139
1767173449.7392385,-5,3,-136
1767173449.7492385,-3,0,-134
1767173449.7592382,1,-2,-131
1767173449.7692382,0,-2,-127
1767173449.7792382,0,-3,-136
1767173449.7892382,-2,0,-137
1767173449.7992382,-1,0,-134
1767173449.8092382,-2,2,-128
1767173449.8192382,-4,1,-121
1767173449.8292382,-1,1,-122
1767173449.8392382,-1,3,-123
1767173449.8492382,-3,-2,-125
1767173449.859238,-4,0,-126
1767173449.869238,-9,-2,-128
1767173449.879238,-11,-2,-124
1767173449.889238,-10,-4,-117
1767173449.899238,-7,-2,-120
1767173449.909238,-5,-6,-127
1767173449.919238,-9,-9,-128
1767173449.929238,-6,-5,-127
1767173449.939238,-7,-5,-121
1767173449.949238,-5,-2,-120
1767173449.959238,0,1,-119
1767173449.969238,-2,0,-125
1767173449.9792385,-5,0,-119
1767173449.9892385,-4,-1,-115
1767173449.9992385,-5,0,-120
1767173450.0092382,-5,3,-122
1767173450.0192382,-4,0,-126
1767173450.0292382,-6,-1,-127
1767173450.0392382,-7,-3,-123
1767173450.0492382,-8,-3,-121
1767173450.0592382,-5,-2,-126
1767173450.0692382,-3,3,-126
1767173450.0792382,-2,5,-124
1767173450.0892382,2,3,-121
1767173450.0992382,4,-1,-120
1767173450.109238,6,-4,-121
1767173450.119238,2,-5,-126
1767173450.129238,0,-6,-125
1767173450.139238,-6,-9,-122
1767173450.149238,-6,-6,-120
1767173450.159238,-6,-5,-118
1767173450.169238,-2,-9,-123
1767173450.179238,-1,-6,-122
1767173450.189238,0,-2,-124
1767173450.199238,1,-8,-128
1767173450.209238,1,-8,-131
1767173450.219238,4,-3,-132
1767173450.2292385,7,-6,-123
1767173450.2392385,5,-1,-126
1767173450.2492385,4,0,-128
1767173450.2592382,2,-1,-128
1767173450.2692382,-3,-2,-126
1767173450.2792382,-1,0,-124
1767173450.2892382,-3,-1,-124
1767173450.2992382,-1,4,-123
1767173450.3092382,-6,2,-125
1767173450.3192382,-5,1,-127
1767173450.3292382,-7,3,-124
1767173450.3392382,-6,1,-131
1767173450.3492382,-5,1,-133
1767173450.359238,-4,6,-131
1767173450.369238,1,5,-125
1767173450.379238,3,6,-130
1767173450.389238,6,7,-133
1767173450.399238,3,5,-126
1767173450.409238,-1,3,-127
1767173450.419238,-2,0,-126
1767173450.429238,-2,1,-120
1767173450.439238,0,4,-118
1767173450.449238,-2,3,-123
1767173450.459238,-2,1,-119
1767173450.469238,-4,2,-115
1767173450.4792385,-5,0,-118
1767173450.4892385,-7,-1,-117
1767173450.4992385,-5,0,-115
1767173450.5092382,-3,-3,-118
1767173450.5192382,1,-10,-116
1767173450.5292382,2,-9,-121
1767173450.5392382,3,-7,-122
1767173450.5492382,2,-5,-122
1767173450.5592382,0,-1,-117
1767173450.5692382,-3,-2,-127
1767173450.5792382,0,0,-133
1767173450.5892382,3,1,-128
1767173450.5992382,3,0,-130
1767173450.609238,5,1,-128
1767173450.619238,0,2,-127
1767173450.629238,0,0,-129
1767173450.639238,1,0,-131
1767173450.649238,-1,-2,-129
1767173450.659238,0,-3,-134
1767173450.669238,-1,1,-135
1767173450.679238,-2,-1,-139
1767173450.689238,-1,0,-137
1767173450.699238,-1,-1,-131
1767173450.709238,3,-4,-130
1767173450.719238,3,-4,-132
1767173450.7292385,-1,-3,-136
1767173450.7392385,-4,-2,-134
1767173450.7492385,0,-3,-124
1767173450.7592382,1,-5,-126
1767173450.7692382,1,-2,-127
1767173450.7792382,3,0,-131
1767173450.7892382,5,0,-126
1767173450.7992382,4,-1,-123
1767173450.8092382,4,-6,-120
1767173450.8192382,1,-2,-118
1767173450.840238,-1,-2,-121
1767173450.8492382,-3,2,-123
1767173450.859238,-2,3,-132
1767173450.869238,0,7,-128
1767173450.879238,2,3,-130
1767173450.889238,4,4,-133
1767173450.899238,6,4,-131
1767173450.909238,5,5,-129
1767173450.919238,5,5,-126
1767173450.929238,6,4,-128
1767173450.939238,2,0,-124
1767173450.949238,0,-2,-127
1767173450.959238,2,-2,-123
1767173450.969238,3,-5,-121
1767173450.9792385,0,-3,-113
1767173450.9892385,1,-4,-121
1767173450.9992385,0,-5,-122
1767173451.0092382,-3,-6,-126
1767173451.0192382,-1,-3,-132
1767173451.0292382,-4,-3,-132
1767173451.0392382,-4,2,-122
1767173451.0492382,-6,0,-121
1767173451.0592382,-6,0,-116
1767173451.0692382,-3,-2,-112
1767173451.0792382,0,-8,-115
1767173451.0892382,-2,-8,-118
1767173451.0992382,-5,-7,-127
1767173451.109238,-8,-4,-127
1767173451.119238,-7,-2,-124
1767173451.129238,-2,0,-126
1767173451.139238,0,3,-126
1767173451.149238,-6,5,-126
1767173451.159238,-5,-3,-124
1767173451.169238,-2,-2,-122
1767173451.179238,0,-1,-129
1767173451.189238,-2,0,-127
1767173451.199238,-3,0,-127
1767173451.2102382,2,4,-127
1767173451.219238,1,1,-130
1767173451.2292385,-3,2,-131
1767173451.2402382,-8,3,-133
1767173451.2502382,-3,4,-133
1767173451.2592382,1,0,-134
1767173451.2702382,1,-2,-135
1767173451.2792382,0,-3,-137
1767173451.290238,-4,-3,-132
1767173451.300238,-1,-1,-126
1767173451.310238,0,-2,-125
1767173451.320238,4,0,-117
1767173451.330238,6,-1,-117
1767173451.340238,5,0,-122
1767173451.350238,4,-3,-121
1767173451.360238,0,-12,-116
1767173451.370238,0,-8,-117
1767173451.380238,4,-10,-114
1767173451.390238,3,-7,-120
1767173451.400238,3,-6,-117
1767173451.4102385,5,-3,-116
1767173451.4202385,2,-8,-120
1767173451.4302382,1,-3,-120
1767173451.4402382,1,-4,-120
1767173451.4502382,2,-4,-121
1767173451.4602382,0,-2,-124
1767173451.4702382,-1,-7,-123
1767173451.4802382,1,-6,-117
1767173451.4902382,0,-5,-115
1767173451.5002382,-4,-7,-118
1767173451.5102382,-2,-7,-124
1767173451.5202382,0,-7,-124
1767173451.5302382,2,-2,-132
1767173451.540238,3,-2,-133
1767173451.550238,3,0,-134
1767173451.560238,7,-1,-132
1767173451.570238,5,2,-133
1767173451.580238,4,1,-126
1767173451.590238,2,-1,-132
1767173451.600238,4,1,-132
1767173451.610238,5,3,-134
1767173451.620238,-1,2,-135
1767173451.630238,0,2,-131
1767173451.640238,2,3,-137
1767173451.650238,2,2,-135
1767173451.6602385,3,0,-134
1767173451.6702385,0,-2,-135
1767173451.6802382,-1,-5,-134
1767173451.6902382,0,-9,-125
1767173451.7002382,1,-7,-133
1767173451.7102382,-1,-5,-128
1767173451.7202382,-2,0,-128
1767173451.7302382,-3,-1,-127
1767173451.7402382,-1,0,-123
1767173451.7502382,0,3,-130
1767173451.7602382,-4,2,-128
1767173451.7702382,-4,1,-130
1767173451.7802382,-7,0,-130
1767173451.790238,-6,4,-134
1767173451.800238,-6,5,-130
1767173451.810238,-3,2,-128
1767173451.820238,-1,1,-130
1767173451.830238,-3,3,-124
1767173451.840238,-2,4,-127
1767173451.850238,7,4,-134
1767173451.860238,7,2,-125
1767173451.870238,4,2,-123
1767173451.880238,3,3,-127
1767173451.890238,2,2,-131
1767173451.900238,0,0,-129
1767173451.9102385,-2,-2,-132
1767173451.9202385,-3,-3,-129
1767173451.9302382,-3,-1,-124
1767173451.9402382,-6,-2,-117
1767173451.9502382,0,-4,-120
1767173451.9602382,4,-1,-116
1767173451.9702382,-1,-1,-114
1767173451.9802382,-4,0,-114
1767173451.9902382,2,2,-112
1767173452.0002382,2,2,-110
1767173452.0102382,3,2,-109
1767173452.0202382,3,0,-112
1767173452.0302382,4,0,-116
1767173452.040238,4,-1,-121
1767173452.050238,3,-2,-113
1767173452.060238,-3,-2,-112
1767173452.070238,-4,-3,-114
1767173452.080238,-1,-5,-113
1767173452.090238,-1,-5,-118
1767173452.100238,-1,-5,-117
1767173452.110238,-1,-3,-115
1767173452.120238,-3,-5,-118
1767173452.130238,0,-5,-121
1767173452.140238,3,-5,-125
1767173452.150238,-2,-4,-125
1767173452.1602385,0,-5,-130
1767173452.1702385,0,-7,-136
1767173452.1802382,0,-11,-133
1767173452.1902382,0,-10,-134
1767173452.2002382,-3,-6,-131
1767173452.2102382,-3,-1,-131
1767173452.2202382,-1,1,-129
1767173452.2302382,-2,1,-128
1767173452.2402382,0,1,-128
1767173452.2502382,-3,0,-128
1767173452.2602382,0,3,-126
1767173452.2702382,0,0,-125
1767173452.2802382,-1,-2,-122
1767173452.290238,4,-1,-123
1767173452.300238,6,-3,-123
1767173452.310238,8,0,-122
1767173452.320238,7,0,-122
1767173452.330238,5,-2,-124
1767173452.340238,6,-4,-129
1767173452.350238,2,-4,-128
1767173452.360238,-4,-1,-126
1767173452.370238,0,0,-129
1767173452.380238,3,2,-120
1767173452.390238,2,2,-120
1767173452.400238,5,0,-122
1767173452.4102385,6,-2,-122
1767173452.4202385,8,0,-132
1767173452.4302382,5,0,-127
1767173452.4402382,5,0,-126
1767173452.4502382,4,2,-119
1767173452.4602382,8,2,-121
1767173452.4702382,5,4,-123
1767173452.4802382,2,1,-124
1767173452.4902382,0,3,-125
1767173452.5002382,-1,4,-123
1767173452.5102382,-1,2,-118
1767173452.5202382,4,0,-120
1767173452.5302382,0,0,-118
1767173452.540238,0,0,-118
1767173452.550238,-1,0,-125
1767173452.560238,-2,-3,-126
1767173452.570238,-2,-1,-129
1767173452.580238,1,0,-124
1767173452.590238,0,4,-126
1767173452.600238,0,5,-129
1767173452.610238,-1,5,-132
1767173452.620238,-2,5,-135
1767173452.630238,-3,3,-131
1767173452.640238,-1,0,-129
1767173452.650238,-6,-3,-133
1767173452.6602385,-10,0,-137
1767173452.6702385,-9,0,-140
1767173452.6802382,-2,-1,-135
1767173452.6902382,-2,0,-139
1767173452.7002382,-2,-1,-138
1767173452.7102382,0,-4,-133
1767173452.7202382,0,-2,-131
1767173452.7302382,-3,-2,-131
1767173452.7402382,-5,-5,-133
1767173452.7502382,0,-7,-125
1767173452.7602382,0,-3,-120
1767173452.7702382,4,-1,-122
1767173452.7802382,6,-2,-124
1767173452.790238,3,-1,-128
1767173452.800238,0,0,-130
1767173452.810238,-3,2,-129
1767173452.820238,-3,2,-135
1767173452.830238,-5,5,-127
1767173452.840238,-4,4,-130
1767173452.850238,-8,8,-129
1767173452.860238,-5,6,-120
1767173452.870238,-3,3,-122
1767173452.880238,-5,2,-127
1767173452.890238,-4,1,-124
1767173452.900238,-1,0,-126
1767173452.9102385,0,-1,-125
1767173452.9202385,-2,0,-124
1767173452.9302382,1,0,-121
1767173452.9402382,0,0,-121
1767173452.9502382,-2,0,-129
1767173452.9602382,0,1,-131
1767173452.9702382,9,1,-128
1767173452.9802382,13,0,-127
1767173452.9902382,11,-2,-128
1767173453.0002382,5,-6,-129
1767173453.0102382,3,-7,-128
1767173453.0202382,3,-8,-125
1767173453.0302382,0,-2,-129
1767173453.040238,-3,-2,-131
1767173453.050238,-1,-2,-135
1767173453.060238,-3,-3,-136
1767173453.070238,-2,-3,-135
1767173453.080238,0,-4,-133
1767173453.090238,-7,-3,-125
1767173453.100238,-7,-2,-120
1767173453.110238,-9,-3,-123
1767173453.120238,-5,-2,-119
1767173453.130238,-6,-1,-116
1767173453.140238,-3,-1,-116
1767173453.150238,-4,-1,-116
1767173453.1602385,-3,-1,-116
1767173453.1702385,-2,0,-119
1767173453.1802382,-4,-1,-123
1767173453.1902382,-5,0,-126
1767173453.2002382,-5,-2,-130
1767173453.2102382,-7,-1,-126
1767173453.2202382,-8,5,-129
1767173453.2302382,-10,5,-123
1767173453.2402382,-6,1,-118
1767173453.2502382,-4,-2,-124
1767173453.2602382,0,0,-123
1767173453.2702382,1,-4,-124
1767173453.2802382,0,-2,-127
1767173453.290238,0,-3,-123
1767173453.300238,2,-9,-118
1767173453.310238,1,-6,-129
1767173453.320238,-7,-8,-132
1767173453.330238,-8,-6,-132
1767173453.340238,-1,-5,-138
1767173453.350238,-2,-2,-135
1767173453.360238,-1,-4,-135
1767173453.370238,-1,-3,-132
1767173453.380238,-1,-7,-136
1767173453.390238,0,-5,-132
1767173453.400238,-1,-3,-127
1767173453.4102385,-3,-4,-120
1767173453.4202385,-1,-1,-125
1767173453.4302382,-5,0,-130
1767173453.4402382,0,2,-128
1767173453.4502382,1,2,-124
1767173453.4602382,5,0,-124
1767173453.4702382,5,4,-129
1767173453.4802382,2,5,-136
1767173453.4902382,-2,7,-134
1767173453.5002382,-2,5,-137
1767173453.5102382,-3,4,-128
1767173453.5202382,-2,3,-127
1767173453.5302382,-7,0,-127
1767173453.540238,-4,-1,-126
1767173453.550238,-4,-1,-118
1767173453.560238,-7,0,-121
1767173453.570238,-10,0,-125
1767173453.580238,-5,-4,-129
1767173453.590238,-8,-7,-130
1767173453.600238,-6,-2,-133
1767173453.610238,0,0,-135
1767173453.620238,0,2,-140
1767173453.630238,1,3,-141
1767173453.640238,0,2,-143
1767173453.650238,1,0,-142
1767173453.6602385,5,1,-144
1767173453.6702385,0,1,-139
1767173453.6802382,0,0,-138
1767173453.6902382,3,4,-135
1767173453.7002382,5,1,-131
1767173453.7102382,8,0,-133
1767173453.7202382,4,0,-131
1767173453.7302382,3,1,-127
1767173453.7402382,3,1,-122
1767173453.7502382,2,1,-128
1767173453.7602382,0,0,-134
1767173453.7702382,3,-2,-128
1767173453.7802382,2,-5,-129
1767173453.790238,2,-3,-130
1767173453.800238,3,-4,-133
1767173453.810238,0,-5,-131
1767173453.820238,1,-4,-135
1767173453.830238,-5,-5,-138
1767173453.840238,0,-6,-142
1767173453.8512385,3,-4,-133
1767173453.860238,2,-6,-134
1767173453.870238,-1,-3,-136
1767173453.8812382,0,-1,-133
1767173453.8912382,-1,0,-125
1767173453.9012382,1,1,-123
1767173453.9112382,0,-1,-117
1767173453.9212382,7,2,-121
1767173453.9312382,9,0,-121
1767173453.9412382,7,1,-123
1767173453.9512382,12,4,-124
1767173453.961238,14,1,-128
1767173453.971238,15,1,-129
1767173453.981238,12,0,-128
1767173453.991238,7,-4,-127
1767173454.001238,4,-3,-127
1767173454.011238,0,0,-127
1767173454.021238,-1,4,-131
1767173454.031238,-5,0,-134
1767173454.041238,-5,-4,-132
1767173454.051238,-7,-5,-129
1767173454.061238,-7,-5,-123
1767173454.071238,-1,-2,-124
1767173454.0812385,-3,0,-122
1767173454.0912385,-2,0,-130
1767173454.1012385,0,0,-125
1767173454.1112382,-1,0,-122
1767173454.1212382,-2,5,-121
1767173454.1312382,1,8,-118
1767173454.1412382,0,9,-123
1767173454.1512382,-3,6,-125
1767173454.1612382,0,0,-118
1767173454.1712382,2,-2,-117
1767173454.1812382,2,-4,-122
1767173454.1912382,2,-2,-124
1767173454.2012382,0,-4,-129
1767173454.211238,2,-5,-129
1767173454.221238,4,-4,-131
1767173454.231238,3,-6,-132
1767173454.241238,2,-6,-139
1767173454.251238,1,-6,-138
1767173454.261238,1,-9,-142
1767173454.271238,0,-6,-140
1767173454.281238,-3,-6,-131
1767173454.291238,-7,-6,-127
1767173454.301238,-9,-4,-127
1767173454.311238,-6,-2,-122
1767173454.321238,-1,-1,-125
1767173454.3312385,1,-1,-128
1767173454.3412385,2,-1,-131
1767173454.3512385,5,-1,-128
1767173454.3612382,4,1,-123
1767173454.3712382,2,0,-123
1767173454.3812382,0,0,-122
1767173454.3912382,-1,-3,-126
1767173454.4012382,0,-2,-124
1767173454.4112382,1,0,-122
1767173454.4212382,4,0,-128
1767173454.4312382,0,0,-126
1767173454.4412382,2,-2,-130
1767173454.4512382,1,-1,-128
1767173454.461238,1,1,-124
1767173454.471238,0,3,-125
1767173454.481238,0,3,-126
1767173454.491238,4,3,-125
1767173454.501238,5,0,-125
1767173454.511238,7,1,-130
1767173454.521238,8,0,-126
1767173454.531238,6,0,-127
1767173454.541238,4,0,-129
1767173454.551238,2,0,-123
1767173454.561238,1,0,-124
1767173454.571238,1,-2,-123
1767173454.5812385,3,-3,-119
1767173454.5912385,0,-7,-111
1767173454.6012385,0,-6,-111
1767173454.6112382,0,-2,-117
1767173454.6212382,0,1,-117
1767173454.6312382,0,0,-122
1767173454.6412382,-3,1,-131
1767173454.6512382,-3,0,-140
1767173454.6612382,-3,1,-141
1767173454.6712382,-2,-3,-134
1767173454.6812382,-6,-2,-136
1767173454.6912382,-1,0,-135
1767173454.7012382,1,-1,-126
1767173454.711238,-4,-2,-125
1767173454.721238,-6,0,-121
1767173454.731238,-3,0,-121
1767173454.741238,-1,-2,-132
1767173454.751238,-4,-4,-123
1767173454.761238,-1,0,-130
1767173454.771238,1,2,-131
1767173454.781238,3,2,-131
1767173454.791238,7,4,-134
1767173454.801238,7,2,-130
1767173454.811238,3,1,-129
1767173454.821238,1,2,-133
1767173454.8312385,5,1,-130
1767173454.8412385,1,1,-140
1767173454.8512385,5,-5,-137
1767173454.8612382,2,-3,-133
1767173454.8712382,1,-2,-139
1767173454.8812382,6,0,-133
1767173454.8912382,3,0,-133
1767173454.9012382,0,-1,-135
1767173454.9112382,0,-1,-132
1767173454.9212382,-7,-5,-129
1767173454.9312382,-6,0,-128
1767173454.9412382,-3,0,-124
1767173454.9512382,0,-3,-122
1767173454.961238,2,-4,-125
1767173454.971238,-1,-4,-125
1767173454.981238,-1,-2,-124
1767173454.991238,1,-2,-125
1767173455.001238,5,-4,-125
1767173455.011238,3,-8,-123
1767173455.021238,1,-10,-124
1767173455.031238,3,-11,-127
1767173455.041238,1,-9,-128
1767173455.051238,0,-7,-128
1767173455.061238,-2,-3,-127
1767173455.071238,-4,0,-121
1767173455.0812385,0,-1,-130
1767173455.0912385,-5,-1,-125
1767173455.1012385,-5,0,-129
1767173455.1112382,-7,-1,-132
1767173455.1212382,-12,0,-127
1767173455.1312382,-9,-2,-124
1767173455.1412382,-5,-2,-124
1767173455.1512382,0,0,-125
1767173455.1612382,1,-6,-125
1767173455.1712382,2,-3,-125
1767173455.1812382,4,-3,-126
1767173455.1912382,0,-4,-124
1767173455.2012382,-3,-4,-120
1767173455.211238,-2,-4,-122
1767173455.221238,-1,-5,-124
1767173455.231238,1,-5,-128
1767173455.241238,0,-3,-124
1767173455.251238,-1,1,-116
1767173455.261238,-3,0,-121
1767173455.271238,0,1,-124
1767173455.281238,2,2,-126
1767173455.291238,3,4,-124
1767173455.301238,2,4,-119
1767173455.311238,0,2,-124
1767173455.321238,-3,5,-118
1767173455.3312385,0,2,-115
1767173455.3412385,0,-1,-116
1767173455.3512385,3,1,-119
1767173455.3612382,1,2,-116
1767173455.3712382,4,0,-116
1767173455.3812382,4,-1,-122
1767173455.3912382,6,1,-124
1767173455.4012382,6,-1,-125
1767173455.4112382,1,-6,-123
1767173455.4212382,-2,-5,-126
1767173455.4312382,-3,-7,-123
1767173455.4412382,-6,-5,-119
1767173455.4512382,-7,0,-122
1767173455.461238,-1,0,-119
1767173455.471238,-1,3,-123
1767173455.481238,2,0,-120
1767173455.491238,4,0,-118
1767173455.501238,0,2,-122
1767173455.511238,-2,0,-120
1767173455.521238,-3,2,-125
1767173455.531238,-1,2,-125
1767173455.541238,0,3,-127
1767173455.551238,0,1,-126
1767173455.561238,-2,0,-124
1767173455.571238,-6,-1,-125
1767173455.5812385,-4,-5,-128
1767173455.5912385,-1,-2,-125
1767173455.6012385,1,-1,-127
1767173455.6112382,0,1,-125
1767173455.6212382,-2,2,-123
1767173455.6312382,0,1,-124
1767173455.6412382,-2,1,-128
1767173455.6512382,0,-1,-123
1767173455.6612382,0,0,-127
1767173455.6712382,1,3,-131
1767173455.6812382,1,-2,-130
1767173455.6912382,0,-6,-126
1767173455.7012382,0,-7,-126
1767173455.711238,1,-7,-124
1767173455.721238,4,-7,-122
1767173455.731238,1,-8,-124
1767173455.741238,3,-6,-126
1767173455.751238,4,-3,-123
1767173455.761238,3,-3,-115
1767173455.771238,1,1,-111
1767173455.781238,0,4,-117
1767173455.791238,3,6,-121
1767173455.801238,3,6,-120
1767173455.811238,3,4,-122
1767173455.821238,2,-1,-121
1767173455.8312385,5,-1,-122
1767173455.8522382,4,2,-130
1767173455.8612382,3,1,-132
1767173455.8712382,5,-1,-125
1767173455.8812382,6,0,-124
1767173455.8912382,5,3,-127
1767173455.9012382,1,1,-124
1767173455.9112382,-4,1,-126
1767173455.9212382,-2,0,-126
1767173455.9312382,-3,0,-127
1767173455.9412382,-4,-1,-129
1767173455.9512382,-6,0,-134
1767173455.961238,-4,-3,-137
1767173455.971238,-1,-3,-138
1767173455.981238,-1,-4,-134
1767173455.991238,-4,0,-133
1767173456.001238,-5,-3,-130
1767173456.011238,-6,-1,-128
1767173456.021238,-3,3,-120
1767173456.031238,-6,5,-119
1767173456.041238,-4,0,-116
1767173456.051238,-5,-2,-117
1767173456.061238,-7,-1,-121
1767173456.071238,-6,-4,-128
1767173456.0812385,-6,-2,-129
1767173456.0912385,-6,3,-131
1767173456.1012385,-4,3,-131
1767173456.1112382,-4,3,-128
1767173456.1212382,0,3,-126
1767173456.1312382,-2,4,-123
1767173456.1412382,-5,5,-114
1767173456.1512382,-2,4,-117
1767173456.1612382,-2,-2,-118
1767173456.1712382,-2,-3,-128
1767173456.1812382,-2,-4,-131
1767173456.1912382,-8,-4,-134
1767173456.2012382,-6,-7,-135
1767173456.211238,-6,-9,-132
1767173456.221238,-5,-7,-131
1767173456.231238,-3,-4,-129
1767173456.241238,-5,-5,-126
1767173456.251238,-3,-5,-129
1767173456.261238,-1,-2,-135
1767173456.271238,3,0,-133
1767173456.281238,3,0,-130
1767173456.291238,0,-1,-132
1767173456.301238,-1,-6,-136
1767173456.311238,0,-5,-133
1767173456.321238,3,-4,-131
1767173456.3312385,2,-1,-131
1767173456.3412385,3,-2,-126
1767173456.3512385,4,-1,-129
1767173456.3612382,3,0,-127
1767173456.3712382,5,-4,-127
1767173456.3812382,5,-9,-122
1767173456.3912382,7,-7,-122
1767173456.4012382,1,-4,-128
1767173456.4112382,-1,-2,-119
1767173456.4212382,0,-3,-121
1767173456.4312382,-2,-5,-123
1767173456.442238,0,-5,-125
1767173456.4512382,0,0,-123
1767173456.461238,0,0,-128
1767173456.472238,2,-3,-128
1767173456.482238,2,0,-124
1767173456.491238,0,0,-123
1767173456.502238,0,-1,-126
1767173456.511238,-1,2,-124
1767173456.521238,-3,0,-126
1767173456.5322382,-6,-3,-127
1767173456.5422382,-8,-1,-132
1767173456.5522382,-10,-3,-127
1767173456.561238,-5,-6,-132
1767173456.5722382,-4,-4,-129
1767173456.5822382,0,-4,-122
1767173456.5922382,-2,-3,-122
1767173456.6022382,0,0,-120
1767173456.6122382,-2,-2,-119
1767173456.6222382,-3,-1,-116
1767173456.632238,2,0,-118
1767173456.642238,3,-2,-121
1767173456.652238,4,-5,-121
1767173456.662238,8,-2,-123
1767173456.672238,7,-4,-119
1767173456.682238,5,-4,-126
1767173456.692238,5,-4,-134
1767173456.702238,7,-2,-127
1767173456.712238,5,0,-132
1767173456.722238,6,0,-127
1767173456.732238,6,-1,-119
1767173456.742238,7,-4,-121
1767173456.752238,1,-4,-128
1767173456.7622385,0,-2,-126
1767173456.7722385,0,-2,-125
1767173456.7822382,5,0,-129
1767173456.7922382,4,-1,-129
1767173456.8022382,2,1,-124
1767173456.8122382,7,3,-122
1767173456.8222382,5,7,-121
1767173456.8322382,3,3,-125
1767173456.8422382,1,2,-125
1767173456.8522382,1,1,-124
1767173456.8622382,7,1,-122
1767173456.8722382,9,1,-126
1767173456.882238,4,-2,-124
1767173456.892238,9,-2,-125
1767173456.902238,8,-2,-131
1767173456.912238,8,-2,-127
1767173456.922238,5,-3,-128
1767173456.932238,2,-4,-131
1767173456.942238,3,-5,-129
1767173456.952238,-1,-1,-133
1767173456.962238,-2,0,-128
1767173456.972238,-3,4,-124
1767173456.982238,1,1,-124
1767173456.992238,-2,4,-117
1767173457.002238,-4,3,-116
1767173457.0122385,-3,4,-115
1767173457.0222385,-2,0,-118
1767173457.0322382,-1,0,-119
1767173457.0422382,0,2,-124
1767173457.0522382,0,-2,-121
1767173457.0622382,0,-4,-125
1767173457.0722382,-1,-6,-125
1767173457.0822382,0,-7,-131
1767173457.0922382,-2,-10,-139
1767173457.1022382,-2,-10,-139
1767173457.1122382,-3,-9,-142
1767173457.1222382,-6,-8,-138
1767173457.132238,-1,-2,-133
1767173457.142238,0,-2,-123
1767173457.152238,1,0,-123
1767173457.162238,-1,-1,-126
1767173457.172238,-3,0,-120
1767173457.182238,1,3,-114
1767173457.192238,6,7,-118
1767173457.202238,7,5,-121
1767173457.212238,9,6,-119
1767173457.222238,9,5,-118
1767173457.232238,8,1,-124
1767173457.242238,3,4,-134
1767173457.252238,1,0,-133
1767173457.2622385,2,0,-126
1767173457.2722385,-1,0,-129
1767173457.2822382,-2,4,-133
1767173457.2922382,-2,2,-135
1767173457.3022382,0,-2,-137
1767173457.3122382,2,-1,-136
1767173457.3222382,2,1,-137
1767173457.3322382,2,2,-137
1767173457.3422382,2,0,-136
1767173457.3522382,2,2,-140
1767173457.3622382,9,0,-135
1767173457.3722382,6,0,-136
1767173457.382238,4,0,-129
1767173457.392238,3,4,-122
1767173457.402238,2,4,-119
1767173457.412238,1,2,-120
1767173457.422238,3,0,-124
1767173457.432238,4,2,-117
1767173457.442238,0,1,-122
1767173457.452238,-1,0,-131
1767173457.462238,3,-2,-132
1767173457.472238,0,0,-135
1767173457.482238,-1,0,-132
1767173457.492238,-5,-3,-136
1767173457.502238,-7,-4,-134
1767173457.5122385,-4,-1,-128
1767173457.5222385,1,2,-137
1767173457.5322382,3,4,-131
1767173457.5422382,0,4,-124
1767173457.5522382,0,3,-127
1767173457.5622382,-3,1,-123
1767173457.5722382,0,2,-119
1767173457.5822382,-5,1,-122
1767173457.5922382,-5,1,-117
1767173457.6022382,-3,5,-126
1767173457.6122382,-4,5,-129
1767173457.6222382,-1,5,-124
1767173457.632238,1,6,-132
1767173457.642238,-8,3,-131
1767173457.652238,-8,0,-131
1767173457.662238,-4,-5,-128
1767173457.672238,-2,-3,-131
1767173457.682238,-1,-5,-137
1767173457.692238,-4,-7,-130
1767173457.702238,0,-10,-127
1767173457.712238,0,-6,-126
1767173457.722238,0,0,-125
1767173457.732238,2,-2,-120
1767173457.742238,-1,-1,-118
1767173457.752238,0,0,-120
1767173457.7622385,1,-1,-128
1767173457.7722385,0,-4,-129
1767173457.7822382,-2,-7,-128
1767173457.7922382,0,-3,-128
1767173457.8022382,-1,-4,-130
1767173457.813238,-2,-2,-126
1767173457.8222382,-2,-4,-126
1767173457.8322382,-7,-6,-127
1767173457.8422382,-5,-8,-128
1767173457.8522382,-8,-9,-131
1767173457.8622382,-8,-8,-127
1767173457.8722382,-8,-7,-133
1767173457.882238,-9,-7,-130
1767173457.892238,-6,-4,-130
1767173457.902238,-5,-5,-125
1767173457.912238,-2,-6,-126
1767173457.922238,1,-8,-128
1767173457.932238,3,-9,-128
1767173457.942238,3,-8,-126
1767173457.952238,2,-10,-125
1767173457.962238,-1,-1,-125
1767173457.972238,-6,-3,-125
1767173457.982238,-5,0,-128
1767173457.992238,-4,0,-118
1767173458.002238,-5,4,-122
1767173458.0122385,-4,7,-120
1767173458.0222385,-2,2,-121
1767173458.0322382,0,0,-122
1767173458.0422382,1,-1,-119
1767173458.0522382,2,2,-118
1767173458.0622382,1,0,-119
1767173458.0722382,3,1,-124
1767173458.0822382,4,3,-129
1767173458.0922382,8,0,-122
1767173458.1022382,9,-1,-126
1767173458.1122382,8,0,-129
1767173458.1222382,8,-1,-125
1767173458.132238,6,-2,-129
1767173458.142238,3,0,-136
1767173458.152238,3,-1,-138
1767173458.162238,0,-1,-138
1767173458.172238,0,-5,-137
1767173458.182238,3,-5,-136
1767173458.192238,1,-1,-139
1767173458.202238,-2,0,-134
1767173458.212238,0,1,-130
1767173458.222238,2,-2,-130
1767173458.232238,0,-2,-130
1767173458.242238,-2,-3,-125
1767173458.252238,-4,-4,-133
1767173458.2622385,1,-3,-125
1767173458.2722385,-4,1,-125
1767173458.2822382,-1,2,-123
1767173458.2922382,-2,3,-122
1767173458.3022382,1,-1,-128
1767173458.3122382,-1,-1,-133
1767173458.3222382,-1,-4,-135
1767173458.3322382,-4,-7,-144
1767173458.3422382,-8,-7,-145
1767173458.3522382,-9,-4,-143
1767173458.3622382,-9,0,-138
1767173458.3722382,-8,0,-132
1767173458.382238,-6,3,-130
1767173458.392238,-2,2,-122
1767173458.402238,-1,4,-118
1767173458.412238,1,2,-115
1767173458.422238,0,3,-116
1767173458.432238,0,1,-112
1767173458.442238,-4,-1,-112
1767173458.452238,-1,-3,-114
1767173458.462238,2,-3,-117
1767173458.472238,0,-4,-117
1767173458.482238,0,-1,-119
1767173458.492238,3,-3,-121
1767173458.502238,6,-1,-128
1767173458.5122385,3,0,-129
1767173458.5222385,4,1,-131
1767173458.5322382,5,1,-126
1767173458.5422382,1,0,-121
1767173458.5522382,0,-1,-123
1767173458.5622382,3,-3,-122
1767173458.5722382,-1,0,-125
1767173458.5822382,-1,-1,-130
1767173458.5922382,1,-2,-134
1767173458.6022382,1,1,-141
1767173458.6122382,-1,-1,-145
1767173458.6222382,-3,-4,-143
1767173458.632238,-4,-2,-138
1767173458.642238,-1,0,-140
1767173458.652238,2,-5,-135
1767173458.662238,-1,-4,-137
1767173458.672238,0,0,-137
1767173458.682238,-2,0,-139
1767173458.692238,1,2,-138
1767173458.702238,0,1,-136
1767173458.712238,0,0,-133
1767173458.722238,-2,-2,-132
1767173458.732238,-5,1,-133
1767173458.742238,-7,-1,-123
1767173458.752238,-4,0,-122
1767173458.7622385,-2,2,-127
1767173458.7722385,-2,4,-122
1767173458.7822382,-2,3,-126
1767173458.7922382,-4,3,-122
1767173458.8022382,-5,4,-121
1767173458.8122382,-4,3,-117
1767173458.8222382,-4,2,-118
1767173458.8322382,-4,0,-122
1767173458.8422382,-7,-1,-120
1767173458.8522382,-8,3,-119
1767173458.8622382,-6,11,-116
1767173458.8722382,-7,7,-112
1767173458.882238,-3,0,-120
1767173458.892238,-5,0,-124
1767173458.902238,-4,-2,-129
1767173458.912238,-4,-2,-130
1767173458.922238,-2,0,-133
1767173458.932238,-4,0,-127
1767173458.942238,-7,-2,-127
1767173458.952238,-8,-3,-131
1767173458.962238,-10,-2,-133
1767173458.972238,-10,-1,-129
1767173458.982238,-8,-3,-126
1767173458.992238,0,-4,-126
1767173459.002238,1,-4,-129
1767173459.0122385,3,-3,-130
1767173459.0222385,3,-2,-135
1767173459.0322382,1,0,-133
1767173459.0422382,0,0,-127
1767173459.0522382,-1,3,-121
1767173459.0622382,0,2,-119
1767173459.0722382,-3,3,-123
1767173459.083238,-4,5,-122
1767173459.0922382,-6,3,-115
1767173459.1022382,-2,0,-116
1767173459.113238,0,-1,-116
1767173459.1222382,0,0,-122
1767173459.133238,-1,-2,-123
1767173459.142238,1,-4,-121
1767173459.152238,2,-2,-121
1767173459.163238,5,0,-121
1767173459.173238,2,0,-124
1767173459.182238,-1,-2,-123
1767173459.1932385,-3,-1,-126
1767173459.2032382,0,-3,-120
1767173459.2132382,0,-2,-115
1767173459.2232382,-2,1,-119
1767173459.2332382,-1,-1,-125
1767173459.2432382,0,0,-124
1767173459.2532382,-1,-1,-122
1767173459.2632382,-1,0,-121
1767173459.2732382,3,-2,-120
1767173459.2832382,3,0,-128
1767173459.2932382,6,-2,-122
1767173459.3032382,5,-1,-120
1767173459.313238,6,0,-120
1767173459.323238,8,-1,-121
1767173459.333238,7,0,-124
1767173459.343238,7,-3,-120
1767173459.353238,7,-3,-117
1767173459.363238,5,-1,-117
1767173459.373238,7,-1,-126
1767173459.383238,4,-1,-130
1767173459.393238,0,0,-119
1767173459.403238,-1,2,-121
1767173459.413238,0,5,-126
1767173459.423238,4,7,-130
1767173459.4332385,1,8,-129
1767173459.4432385,7,3,-127
1767173459.4532382,2,1,-126
1767173459.4632382,2,0,-132
1767173459.4732382,-1,3,-136
1767173459.4832382,-2,3,-129
1767173459.4932382,-7,2,-121
1767173459.5032382,-6,0,-114
1767173459.5132382,-4,-2,-108
1767173459.5232382,-4,0,-115
1767173459.5332382,-1,0,-117
1767173459.5432382,-6,2,-125
1767173459.5532382,-4,3,-129
1767173459.563238,-2,-1,-132
1767173459.573238,-3,-1,-132
1767173459.583238,0,0,-126
1767173459.593238,-2,-4,-130
1767173459.603238,-5,-10,-127
1767173459.613238,-4,-5,-124
1767173459.623238,-4,-6,-123
1767173459.633238,-1,-7,-113
1767173459.643238,0,-1,-114
1767173459.653238,0,-1,-113
1767173459.663238,1,-4,-116
1767173459.673238,-3,-1,-122
1767173459.6832385,-3,-1,-128
1767173459.6932385,-4,-3,-129
1767173459.7032382,-5,-1,-129
1767173459.7132382,-7,1,-136
1767173459.7232382,-3,0,-132
1767173459.7332382,-3,0,-123
1767173459.7432382,0,-5,-124
1767173459.7532382,-2,-10,-122
1767173459.7632382,-4,-9,-122
1767173459.7732382,0,-8,-121
1767173459.7832382,0,-6,-124
1767173459.7932382,1,-1,-124
1767173459.8032382,0,-2,-123
1767173459.813238,3,-4,-121
1767173459.823238,2,-2,-125
1767173459.833238,3,-4,-128
1767173459.843238,3,-2,-129
1767173459.853238,7,-2,-132
1767173459.863238,8,0,-131
1767173459.873238,9,0,-128
1767173459.883238,7,3,-129
1767173459.893238,3,0,-132
1767173459.903238,4,-3,-125
1767173459.913238,4,-6,-126
1767173459.923238,2,-7,-131
1767173459.9332385,2,-2,-132
1767173459.9432385,3,-3,-123
1767173459.9532382,2,-4,-131
1767173459.9632382,2,-2,-133
1767173459.9732382,0,0,-137
1767173459.9832382,1,0,-143
1767173459.9932382,0,0,-138
1767173460.0032382,-3,-2,-129
1767173460.0132382,0,-4,-128
1767173460.0232382,1,-1,-128
1767173460.0332382,3,-3,-127
1767173460.0432382,0,-4,-127
1767173460.0532382,1,-4,-131
1767173460.063238,3,-3,-134
1767173460.073238,3,-1,-132
1767173460.083238,-2,-4,-123
1767173460.093238,-6,-5,-123
1767173460.103238,-8,-2,-122
1767173460.113238,-7,0,-121
1767173460.123238,0,-1,-118
1767173460.133238,-4,-4,-115
1767173460.143238,-7,-3,-118
1767173460.153238,-8,-2,-117
1767173460.163238,-7,-3,-124
1767173460.173238,-2,-2,-130
1767173460.1832385,-6,0,-135
1767173460.1932385,-3,-2,-131
1767173460.2032382,1,-1,-128
1767173460.2132382,2,-1,-129
1767173460.2232382,-2,0,-128
1767173460.2332382,0,-2,-132
1767173460.2432382,0,0,-131
1767173460.2532382,1,0,-124
1767173460.2632382,-2,0,-126
1767173460.2732382,0,1,-129
1767173460.2832382,0,2,-124
1767173460.2932382,-4,2,-119
1767173460.3032382,-2,2,-116
1767173460.313238,0,4,-121
1767173460.323238,0,2,-118
1767173460.333238,0,2,-125
1767173460.343238,-1,1,-124
1767173460.353238,-4,1,-125
1767173460.363238,0,0,-126
1767173460.373238,2,2,-120
1767173460.383238,1,0,-119
1767173460.393238,0,2,-125
1767173460.403238,0,3,-126
1767173460.413238,-2,1,-126
1767173460.423238,1,0,-126
1767173460.4332385,0,-1,-125
1767173460.4432385,0,-5,-125
1767173460.4532382,4,-6,-128
1767173460.4632382,9,-5,-132
1767173460.4732382,7,-6,-132
1767173460.4832382,7,-5,-136
1767173460.4932382,4,-7,-132
1767173460.5032382,4,-7,-121
1767173460.5132382,7,-2,-122
1767173460.5232382,4,0,-124
1767173460.5332382,-2,1,-123
1767173460.5432382,0,-1,-124
1767173460.5532382,0,0,-132
1767173460.563238,-2,0,-136
1767173460.573238,-1,-2,-141
1767173460.583238,-3,-4,-142
1767173460.593238,-4,-3,-143
1767173460.603238,-6,0,-143
1767173460.613238,-4,-1,-142
1767173460.623238,-2,1,-142
1767173460.633238,0,1,-140
1767173460.643238,-1,2,-140
1767173460.653238,0,2,-136
1767173460.663238,-1,2,-136
1767173460.673238,-5,2,-129
1767173460.6832385,-3,4,-128
1767173460.6932385,-3,3,-125
1767173460.7032382,0,1,-128
1767173460.7132382,-2,1,-128
1767173460.7232382,-1,0,-133
1767173460.7332382,-1,0,-129
1767173460.7432382,2,0,-123
1767173460.7532382,0,-2,-128
1767173460.7632382,-1,3,-128
1767173460.7732382,-2,4,-125
1767173460.7832382,1,0,-134
1767173460.7932382,2,0,-134
1767173460.8032382,2,-1,-131
1767173460.813238,-1,2,-130
1767173460.823238,-6,2,-128
1767173460.833238,-5,2,-132
1767173460.843238,-1,2,-138
1767173460.8652382,-1,2,-137
1767173460.873238,0,-2,-138
1767173460.883238,-1,-4,-132
1767173460.893238,2,-1,-128
1767173460.903238,5,4,-127
1767173460.913238,5,3,-136
1767173460.923238,4,-1,-138
1767173460.9332385,8,-6,-133
1767173460.9432385,5,0,-132
1767173460.9532382,3,0,-130
1767173460.9632382,1,0,-127
1767173460.9732382,-3,4,-120
1767173460.9832382,2,0,-121
1767173460.9932382,1,2,-124
1767173461.0032382,0,0,-115
1767173461.0132382,2,0,-113
1767173461.0232382,2,0,-114
1767173461.0332382,0,-3,-127
1767173461.0432382,2,0,-131
1767173461.0532382,2,0,-129
1767173461.063238,0,2,-130
1767173461.073238,-4,3,-132
1767173461.083238,-4,5,-138
1767173461.093238,1,1,-134
1767173461.103238,2,-1,-126
1767173461.113238,6,-2,-126
1767173461.123238,4,-3,-126
1767173461.133238,1,0,-128
1767173461.143238,-2,-3,-131
1767173461.153238,-2,-5,-131
1767173461.163238,-2,-7,-131
1767173461.173238,-2,-6,-134
1767173461.1832385,-4,-5,-127
1767173461.1932385,-4,-3,-121
1767173461.2032382,-3,-3,-119
1767173461.2132382,-2,0,-119
1767173461.2232382,-3,2,-125
1767173461.2332382,-3,2,-121
1767173461.2432382,-2,2,-118
1767173461.2532382,-1,1,-111
1767173461.2632382,-5,4,-115
1767173461.2732382,-4,5,-117
1767173461.2832382,-5,1,-116
1767173461.2932382,-9,0,-119
1767173461.3032382,-10,-1,-125
1767173461.313238,-7,0,-123
1767173461.323238,-5,1,-128
1767173461.333238,-8,-3,-130
1767173461.343238,-5,-3,-128
1767173461.353238,-4,-3,-119
1767173461.363238,-1,-4,-123
1767173461.373238,-4,-7,-131
1767173461.383238,-5,-6,-132
1767173461.393238,-5,-4,-135
1767173461.403238,-3,-3,-132
1767173461.413238,-4,0,-131
1767173461.423238,-3,1,-131
1767173461.4332385,-2,3,-123
1767173461.4432385,1,5,-121
1767173461.4532382,1,1,-121
1767173461.4632382,0,1,-122
1767173461.4732382,-3,-3,-123
1767173461.4832382,-4,-1,-133
1767173461.4932382,-3,-2,-134
1767173461.5032382,-3,0,-135
1767173461.5132382,-4,-4,-130
1767173461.5232382,-5,-4,-132
1767173461.5332382,-3,-4,-128
1767173461.5432382,1,-3,-129
1767173461.5532382,1,-3,-126
1767173461.563238,1,0,-131
1767173461.573238,0,1,-126
1767173461.583238,0,1,-124
1767173461.593238,-2,1,-132
1767173461.603238,-1,-5,-133
1767173461.613238,0,-4,-130
1767173461.623238,0,-4,-130
1767173461.633238,-1,-4,-133
1767173461.643238,-1,-6,-129
1767173461.653238,-2,-3,-127
1767173461.663238,0,-4,-129
1767173461.673238,-1,-2,-128
1767173461.6832385,0,0,-120
1767173461.6932385,0,1,-112
1767173461.7042382,2,0,-120
1767173461.7132382,5,0,-116
1767173461.7232382,6,-1,-117
1767173461.734238,4,-5,-114
1767173461.744238,6,-3,-123
1767173461.754238,5,-4,-122
1767173461.764238,0,-2,-121
1767173461.774238,1,0,-124
1767173461.784238,1,0,-121
1767173461.794238,5,-2,-124
1767173461.804238,7,0,-123
1767173461.814238,6,-1,-119
1767173461.824238,0,-2,-125
1767173461.834238,0,-2,-129
1767173461.844238,0,0,-127
1767173461.8542385,1,7,-127
1767173461.8642385,2,8,-127
1767173461.8742385,7,4,-131
1767173461.8842382,10,2,-131
1767173461.8942382,10,2,-133
1767173461.9042382,5,3,-134
1767173461.9142382,3,6,-128
1767173461.9242382,0,0,-126
1767173461.9342382,1,0,-129
1767173461.9442382,0,-1,-124
1767173461.9542382,0,0,-111
1767173461.9642382,-3,0,-119
1767173461.9742382,-1,-2,-123
1767173461.984238,4,-4,-121
1767173461.994238,4,-3,-126
1767173462.004238,5,-7,-128
1767173462.014238,-3,-4,-126
1767173462.024238,-3,0,-127
1767173462.034238,0,-4,-129
1767173462.044238,0,-7,-130
1767173462.054238,0,-6,-135
1767173462.064238,5,-6,-128
1767173462.074238,6,-7,-123
1767173462.084238,2,-5,-122
1767173462.094238,0,-1,-126
1767173462.1042385,-2,0,-129
1767173462.1142385,-7,2,-131
1767173462.1242385,-6,2,-126
1767173462.1342382,-6,0,-123
1767173462.1442382,-5,0,-129
1767173462.1542382,0,1,-131
1767173462.1642382,-1,6,-136
1767173462.1742382,-4,5,-140
1767173462.1842382,-6,5,-140
1767173462.1942382,-8,0,-139
1767173462.2042382,-9,2,-136
1767173462.2142382,-9,0,-130
1767173462.2242382,-8,0,-120
1767173462.234238,-7,0,-125
1767173462.244238,-1,-4,-125
1767173462.254238,1,-7,-122
1767173462.264238,4,-6,-125
1767173462.274238,4,-7,-125
1767173462.284238,-5,-8,-123
1767173462.294238,-11,-11,-116
1767173462.304238,-9,-12,-121
1767173462.314238,-6,-9,-129
1767173462.324238,-3,-10,-127
1767173462.334238,-5,-10,-121
1767173462.344238,-6,-4,-113
1767173462.3542385,0,-6,-118
1767173462.3642385,3,-3,-116
1767173462.3742385,1,-1,-114
1767173462.3842382,1,-3,-118
1767173462.3942382,1,-3,-124
1767173462.4042382,0,-3,-113
1767173462.4142382,0,-3,-121
1767173462.4242382,2,-4,-115
1767173462.4342382,1,-6,-112
1767173462.4442382,0,-7,-117
1767173462.4542382,3,-7,-115
1767173462.4642382,0,-6,-118
1767173462.4742382,2,0,-125
1767173462.484238,-1,3,-127
1767173462.494238,0,4,-125
1767173462.504238,-3,2,-129
1767173462.514238,-5,4,-136
1767173462.524238,0,3,-133
1767173462.534238,5,2,-127
1767173462.544238,7,2,-124
1767173462.554238,5,0,-123
1767173462.564238,3,-1,-122
1767173462.574238,2,-3,-123
1767173462.584238,1,-5,-127
1767173462.594238,-1,-6,-129
1767173462.6042385,-4,-5,-127
1767173462.6142385,1,-2,-124
1767173462.6242385,-1,-3,-131
1767173462.6342382,-1,-4,-129
1767173462.6442382,-5,-4,-130
1767173462.6542382,0,-5,-123
1767173462.6642382,0,-2,-123
1767173462.6742382,1,0,-124
1767173462.6842382,-1,0,-123
1767173462.6942382,3,-6,-120
1767173462.7042382,0,-2,-119
1767173462.7142382,-4,0,-121
1767173462.7242382,-7,0,-125
1767173462.734238,-5,0,-125
1767173462.744238,-5,-1,-131
1767173462.754238,-8,-4,-132
1767173462.764238,-5,-4,-138
1767173462.774238,-4,0,-132
1767173462.784238,-7,-1,-128
1767173462.794238,-5,1,-127
1767173462.804238,0,0,-127
1767173462.814238,-1,0,-131
1767173462.824238,-3,2,-131
1767173462.834238,-5,2,-132
1767173462.844238,-3,3,-129
1767173462.8542385,-9,0,-132
1767173462.8642385,-6,-1,-135
1767173462.8742385,-6,-1,-129
1767173462.8842382,-7,-4,-133
1767173462.8942382,-8,-3,-133
1767173462.9042382,-4,-4,-131
1767173462.9142382,-3,-5,-129
1767173462.9242382,-3,-3,-130
1767173462.9342382,-7,-3,-129
1767173462.9442382,-6,-5,-129
1767173462.9542382,-4,-4,-125
1767173462.9642382,-4,-1,-127
1767173462.9742382,-1,-5,-123
1767173462.984238,-2,-5,-124
1767173462.994238,-3,-3,-127
1767173463.004238,-1,-2,-126
1767173463.014238,-2,0,-122
1767173463.024238,0,0,-127
1767173463.034238,0,1,-127
1767173463.044238,2,-1,-124
1767173463.054238,3,0,-126
1767173463.064238,5,1,-131
1767173463.074238,1,3,-131
1767173463.084238,1,0,-127
1767173463.094238,3,1,-119
1767173463.1042385,5,3,-110
1767173463.1142385,0,2,-112
1767173463.1242385,0,0,-117
1767173463.1342382,1,-2,-130
1767173463.1442382,2,-1,-125
1767173463.1542382,2,0,-124
1767173463.1642382,0,1,-127
1767173463.1742382,-4,1,-128
1767173463.1842382,-1,0,-129
1767173463.1942382,-2,1,-131
1767173463.2042382,-3,1,-132
1767173463.2142382,-5,-2,-132
1767173463.2242382,-5,2,-127
1767173463.234238,-2,4,-124
1767173463.244238,-2,7,-116
1767173463.254238,0,6,-120
1767173463.264238,0,7,-118
1767173463.274238,4,3,-122
1767173463.284238,0,0,-125
1767173463.294238,-3,-2,-125
1767173463.304238,-5,-5,-129
1767173463.314238,-7,-2,-125
1767173463.324238,-6,-6,-130
1767173463.334238,-3,-3,-132
1767173463.344238,0,-1,-127
1767173463.3542385,0,0,-122
1767173463.3642385,0,-4,-117
1767173463.3742385,-1,-6,-117
1767173463.3842382,0,-5,-125
1767173463.3942382,0,-5,-126
1767173463.4042382,0,-5,-125
1767173463.4142382,2,-5,-126
1767173463.4242382,0,-1,-135
1767173463.4342382,-1,-1,-127
1767173463.4442382,-1,-2,-125
1767173463.4542382,1,-3,-129
1767173463.4642382,4,-1,-132
1767173463.4742382,3,-2,-136
1767173463.484238,6,-1,-126
1767173463.494238,9,-6,-123
1767173463.504238,4,-1,-127
1767173463.514238,1,0,-127
1767173463.524238,0,0,-128
1767173463.534238,-3,0,-130
1767173463.544238,-4,0,-126
1767173463.554238,-2,-3,-127
1767173463.564238,-1,0,-133
1767173463.574238,0,0,-135
1767173463.584238,5,0,-133
1767173463.594238,5,-1,-134
1767173463.6042385,5,0,-129
1767173463.6142385,2,0,-132
1767173463.6242385,0,3,-130
1767173463.6342382,0,1,-133
1767173463.6442382,-2,-2,-129
1767173463.6542382,-5,-2,-122
1767173463.6642382,-1,0,-125
1767173463.6742382,-2,1,-123
1767173463.6842382,-3,0,-116
1767173463.6942382,-3,-2,-124
1767173463.7042382,-3,-5,-132
1767173463.7142382,-1,-4,-132
1767173463.7242382,2,-6,-129
1767173463.734238,5,-3,-124
1767173463.744238,3,0,-128
1767173463.754238,0,2,-128
1767173463.764238,1,0,-134
1767173463.774238,3,-4,-140
1767173463.784238,3,-3,-145
1767173463.794238,1,-4,-146
1767173463.804238,-1,-4,-143
1767173463.814238,0,-5,-135
1767173463.824238,4,-4,-137
1767173463.834238,0,-5,-131
1767173463.844238,-1,-5,-134
1767173463.8542385,-7,-5,-134
1767173463.8642385,-8,0,-140
1767173463.8742385,-4,-1,-141
1767173463.8842382,-5,0,-144
1767173463.8942382,-2,0,-141
1767173463.9042382,-3,-4,-145
1767173463.9142382,-2,-7,-148
1767173463.9242382,-5,-3,-144
1767173463.9342382,-2,-2,-137
1767173463.9442382,-5,-3,-131
1767173463.9542382,-2,-3,-128
1767173463.9642382,1,-5,-125
1767173463.9742382,0,-7,-122
1767173463.984238,0,-6,-118
1767173463.994238,-1,-7,-121
1767173464.004238,-4,-7,-123
1767173464.014238,-2,-6,-124
1767173464.024238,-8,-1,-124
1767173464.034238,-7,0,-121
1767173464.044238,-3,-2,-120
1767173464.054238,-4,-4,-121
1767173464.064238,-7,-1,-126
1767173464.074238,-9,-4,-127
1767173464.084238,-5,0,-128
1767173464.094238,-5,1,-130
1767173464.1042385,-5,1,-128
1767173464.1142385,-7,2,-134
1767173464.1242385,-4,-1,-130
1767173464.1342382,1,0,-126
1767173464.1442382,1,0,-124
1767173464.1542382,-6,-3,-130
1767173464.1642382,-5,-3,-130
1767173464.1742382,0,0,-122
1767173464.1842382,4,-1,-123
1767173464.1942382,9,-1,-128
1767173464.2042382,6,0,-127
1767173464.2142382,2,-5,-128
1767173464.2242382,3,-6,-126
1767173464.234238,5,-5,-132
1767173464.244238,0,-4,-135
1767173464.254238,0,-1,-129
1767173464.264238,-2,-2,-129
1767173464.274238,0,-1,-123
1767173464.284238,-2,-1,-124
1767173464.294238,-3,0,-126
1767173464.304238,-5,-3,-129
1767173464.314238,-7,0,-133
1767173464.324238,-7,0,-130
1767173464.3352382,-4,0,-126
1767173464.344238,-4,1,-120
1767173464.3542385,0,1,-115
1767173464.3642385,2,3,-118
1767173464.3742385,0,3,-122
1767173464.3852382,0,0,-120
1767173464.3952382,0,-1,-130
1767173464.4052382,-2,-1,-133
1767173464.415238,-2,-1,-128
1767173464.425238,-2,-2,-130
1767173464.435238,0,-2,-131
1767173464.445238,1,-1,-125
1767173464.455238,3,0,-120
1767173464.465238,1,1,-118
1767173464.475238,0,0,-116
1767173464.485238,-4,-1,-123
1767173464.495238,-4,-3,-124
1767173464.505238,-5,0,-127
1767173464.515238,-6,4,-129
1767173464.525238,-5,2,-127
1767173464.5352385,1,-2,-126
1767173464.5452385,5,-2,-130
1767173464.5552382,1,-4,-129
1767173464.5652382,2,-3,-123
1767173464.5752382,0,-2,-124
1767173464.5852382,-3,-2,-130
1767173464.5952382,-5,0,-128
1767173464.6052382,-4,2,-135
1767173464.6152382,-1,1,-139
1767173464.6252382,1,0,-135
1767173464.6352382,0,1,-135
1767173464.6452382,1,0,-131
1767173464.6552382,0,1,-125
1767173464.665238,1,0,-118
1767173464.675238,-3,0,-116
1767173464.685238,0,2,-123
1767173464.695238,-4,0,-125
1767173464.705238,-5,0,-127
1767173464.715238,-5,-3,-129
1767173464.725238,-2,-3,-127
1767173464.735238,-3,-1,-129
1767173464.745238,-1,1,-127
1767173464.755238,-1,0,-123
1767173464.765238,5,2,-123
1767173464.775238,8,7,-131
1767173464.7852385,3,9,-122
1767173464.7952385,0,10,-123
1767173464.8052382,0,9,-124
1767173464.8152382,-1,6,-121
1767173464.8252382,-1,4,-116
1767173464.8352382,0,3,-117
1767173464.8452382,-1,8,-127
1767173464.8552382,-2,10,-135
1767173464.8652382,0,5,-136
1767173464.8752382,-2,5,-127
1767173464.8852382,-3,3,-126
1767173464.8952382,-4,0,-118
1767173464.9052382,-3,-2,-118
1767173464.915238,-1,0,-124
1767173464.925238,-2,-1,-126
1767173464.935238,-5,-1,-124
1767173464.945238,-3,-5,-124
1767173464.955238,0,-6,-122
1767173464.965238,0,0,-127
1767173464.975238,-3,1,-125
1767173464.985238,-8,0,-124
1767173464.995238,-9,-3,-121
1767173465.005238,-8,-6,-116
1767173465.015238,-5,-2,-116
1767173465.025238,-3,-4,-123
1767173465.0352385,-5,-2,-129
1767173465.0452385,-5,-4,-136
1767173465.0552382,-7,-4,-135
1767173465.0652382,-4,-7,-130
1767173465.0752382,-5,-4,-126
1767173465.0852382,-5,-1,-129
1767173465.0952382,-1,-2,-131
1767173465.1052382,1,0,-126
1767173465.1152382,4,0,-130
1767173465.1252382,1,-7,-124
1767173465.1352382,2,-4,-128
1767173465.1452382,0,-1,-129
1767173465.1552382,-4,-4,-121
1767173465.165238,-11,-2,-120
1767173465.175238,-8,0,-127
1767173465.185238,-1,0,-127
1767173465.195238,0,-3,-125
1767173465.205238,0,-5,-128
1767173465.215238,3,-3,-130
1767173465.225238,0,-4,-126
1767173465.235238,-4,-2,-126
1767173465.245238,-4,1,-127
1767173465.255238,-3,5,-124
1767173465.265238,-3,3,-123
1767173465.275238,-5,1,-124
1767173465.2852385,-2,-2,-121
1767173465.2952385,-1,-2,-123
1767173465.3052382,-2,-4,-123
1767173465.3152382,4,-3,-123
1767173465.3252382,7,-1,-124
1767173465.3352382,9,-2,-124
1767173465.3452382,11,-2,-123
1767173465.3552382,7,-2,-118
1767173465.3652382,7,-3,-122
1767173465.3752382,2,-2,-126
1767173465.3852382,3,-2,-130
1767173465.3952382,1,0,-133
1767173465.4052382,-2,0,-134
1767173465.415238,0,-1,-138
1767173465.425238,-1,0,-145
1767173465.435238,-2,-3,-136
1767173465.445238,4,-1,-132
1767173465.455238,6,0,-127
1767173465.465238,7,-2,-126
1767173465.475238,3,-1,-127
1767173465.485238,3,-2,-122
1767173465.495238,1,-4,-114
1767173465.505238,-5,-6,-114
1767173465.515238,-7,-3,-121
1767173465.525238,-8,-2,-131
1767173465.5352385,-6,-1,-135
1767173465.5452385,-5,-3,-122
1767173465.5552382,0,-6,-123
1767173465.5652382,1,-6,-126
1767173465.5752382,4,-7,-125
1767173465.5852382,1,-5,-122
1767173465.5952382,-1,-5,-126
1767173465.6052382,-4,-3,-125
1767173465.6152382,-1,-6,-128
1767173465.6252382,0,-5,-128
1767173465.6352382,-4,-6,-124
1767173465.6452382,0,-3,-127
1767173465.6552382,-7,-2,-129
1767173465.665238,-4,-2,-121
1767173465.675238,-3,-2,-121
1767173465.685238,-2,-3,-117
1767173465.695238,-2,1,-117
1767173465.705238,-7,4,-114
1767173465.715238,-6,0,-114
1767173465.725238,-5,0,-114
1767173465.735238,-6,1,-119
1767173465.745238,1,0,-119
1767173465.755238,0,0,-124
1767173465.765238,2,0,-135
1767173465.775238,2,2,-135
1767173465.7852385,6,4,-133
1767173465.7952385,6,0,-135
1767173465.8052382,4,-2,-138
1767173465.8152382,1,-3,-133
1767173465.8252382,1,-4,-131
1767173465.8352382,2,1,-131
1767173465.8452382,3,1,-131
1767173465.8552382,3,0,-132
1767173465.877238,-3,-7,-129
1767173465.8852382,3,-7,-134
1767173465.8952382,0,-6,-136
1767173465.9052382,-1,-6,-137
1767173465.915238,-5,-9,-135
1767173465.925238,-1,-7,-135
1767173465.935238,3,-7,-123
1767173465.945238,2,-4,-124
1767173465.955238,2,-3,-121
1767173465.965238,1,-4,-122
1767173465.975238,1,2,-126
1767173465.985238,0,5,-121
1767173465.995238,2,7,-118
1767173466.005238,5,5,-120
1767173466.015238,5,1,-123
1767173466.025238,0,1,-119
1767173466.0352385,0,3,-122
1767173466.0452385,-2,1,-122
1767173466.0552382,-6,2,-128
1767173466.0652382,-8,-1,-128
1767173466.0752382,-7,-4,-134
1767173466.0852382,-7,-3,-130
1767173466.0952382,-4,0,-137
1767173466.1052382,-4,0,-133
1767173466.1152382,-2,0,-135
1767173466.1252382,-8,0,-128
1767173466.1352382,-4,1,-129
1767173466.1452382,-5,5,-126
1767173466.1552382,-4,2,-129
1767173466.165238,-3,-1,-128
1767173466.175238,0,-1,-124
1767173466.185238,5,-2,-123
1767173466.195238,11,0,-122
1767173466.205238,11,-1,-114
1767173466.215238,12,-5,-114
1767173466.225238,10,-7,-125
1767173466.235238,11,-5,-124
1767173466.245238,9,-4,-119
1767173466.255238,7,-3,-124
1767173466.265238,8,1,-129
1767173466.275238,4,0,-124
1767173466.2852385,2,0,-126
1767173466.2952385,-4,1,-132
1767173466.3052382,-6,3,-136
1767173466.3152382,-4,3,-136
1767173466.3252382,-3,-1,-133
1767173466.3352382,-1,-3,-134
1767173466.3452382,-2,-2,-133
1767173466.3552382,-3,0,-136
1767173466.3652382,-2,1,-127
1767173466.3752382,-4,-1,-128
1767173466.3852382,-3,0,-127
1767173466.3952382,-2,-1,-132
1767173466.4052382,-7,-4,-128
1767173466.415238,-9,-3,-131
1767173466.425238,-5,-2,-135
1767173466.435238,-5,0,-139
1767173466.445238,-6,-1,-130
1767173466.455238,-7,-5,-123
1767173466.465238,-8,-2,-126
1767173466.475238,-1,-5,-127
1767173466.485238,2,-5,-134
1767173466.495238,2,-5,-125
1767173466.505238,3,-6,-123
1767173466.515238,6,-4,-123
1767173466.525238,5,-2,-127
1767173466.5352385,1,-1,-125
1767173466.5452385,-3,-2,-125
1767173466.5552382,-3,-3,-121
1767173466.5652382,-1,-4,-121
1767173466.5752382,1,-8,-118
1767173466.5852382,0,-6,-117
1767173466.5952382,0,-7,-119
1767173466.6052382,1,-6,-124
1767173466.6152382,2,-4,-130
1767173466.6252382,3,-2,-131
1767173466.6352382,1,-1,-133
1767173466.6452382,-1,-1,-132
1767173466.6552382,0,-2,-128
1767173466.665238,2,-5,-131
1767173466.675238,0,-5,-134
1767173466.685238,0,-4,-136
1767173466.695238,4,-5,-135
1767173466.705238,1,-8,-134
1767173466.715238,3,-3,-134
1767173466.725238,2,-8,-132
1767173466.735238,3,-5,-131
1767173466.745238,3,-5,-130
1767173466.755238,2,-7,-122
1767173466.765238,0,-5,-116
1767173466.775238,-3,-8,-114
1767173466.7852385,0,-5,-114
1767173466.7952385,-3,-5,-114
1767173466.8052382,0,-6,-116
1767173466.8152382,3,-5,-123
1767173466.8252382,0,-6,-126
1767173466.8352382,0,-13,-126
1767173466.8452382,-1,-11,-128
1767173466.8552382,-4,-16,-134
1767173466.8652382,-5,-14,-139
1767173466.8752382,-6,-12,-138
1767173466.8852382,0,-13,-136
1767173466.8952382,0,-14,-128
1767173466.9052382,-1,-14,-130
1767173466.915238,0,-15,-134
1767173466.925238,1,-8,-126
1767173466.935238,2,-8,-130
1767173466.945238,3,-7,-130
1767173466.955238,2,-7,-130
1767173466.965238,1,-4,-125
1767173466.9762385,1,-8,-127
1767173466.985238,3,-5,-134
1767173466.9962382,2,0,-127
1767173467.005238,0,-1,-132
1767173467.015238,2,2,-140
1767173467.0262382,0,0,-142
1767173467.0362382,0,-2,-139
1767173467.0462382,-1,-6,-135
1767173467.0562382,-2,-9,-137
1767173467.0662382,-1,-5,-133
1767173467.0762382,-3,0,-131
1767173467.086238,-5,1,-129
1767173467.096238,-5,3,-126
1767173467.106238,-1,3,-125
1767173467.116238,-2,4,-127
1767173467.126238,-1,1,-127
1767173467.136238,0,-1,-127
1767173467.146238,1,0,-131
1767173467.156238,0,3,-130
1767173467.166238,3,3,-134
1767173467.176238,-2,-3,-136
1767173467.186238,-2,-1,-137
1767173467.196238,0,-4,-136
1767173467.2062385,0,-9,-139
1767173467.2162385,0,-9,-133
1767173467.2262385,-4,-7,-133
1767173467.2362382,-2,-4,-131
1767173467.2462382,-1,-3,-130
1767173467.2562382,-3,-3,-132
1767173467.2662382,-4,0,-129
1767173467.2762382,-7,2,-133
1767173467.2862382,-8,3,-129
1767173467.2962382,-3,1,-133
1767173467.3062382,-6,2,-133
1767173467.3162382,-7,1,-131
1767173467.3262382,-5,2,-139
1767173467.336238,-2,0,-138
1767173467.346238,-2,-2,-138
1767173467.356238,0,-2,-130
1767173467.366238,1,0,-125
1767173467.376238,2,-1,-121
1767173467.386238,0,-3,-121
1767173467.396238,-2,-4,-124
1767173467.406238,0,-5,-118
1767173467.416238,4,-1,-121
1767173467.426238,0,3,-121
1767173467.436238,3,3,-122
1767173467.446238,5,0,-125
1767173467.4562385,2,-1,-118
1767173467.4662385,0,0,-125
1767173467.4762385,0,3,-125
1767173467.4862382,-1,7,-129
1767173467.4962382,-2,4,-133
1767173467.5062382,-2,6,-137
1767173467.5162382,2,5,-138
1767173467.5262382,-1,3,-136
1767173467.5362382,-3,4,-137
1767173467.5462382,-5,0,-132
1767173467.5562382,-5,0,-137
1767173467.5662382,-3,0,-135
1767173467.5762382,-3,3,-124
1767173467.586238,-6,5,-125
1767173467.596238,-3,5,-128
1767173467.606238,-4,1,-126
1767173467.616238,0,4,-130
1767173467.626238,-2,1,-135
1767173467.636238,3,1,-135
1767173467.646238,4,0,-132
1767173467.656238,1,0,-125
1767173467.666238,1,0,-123
1767173467.676238,0,0,-114
1767173467.686238,-3,0,-115
1767173467.696238,-4,-2,-115
1767173467.7062385,-5,-2,-119
1767173467.7162385,-4,-1,-120
1767173467.7262385,-1,-3,-119
1767173467.7362382,-3,-2,-121
1767173467.7462382,3,1,-121
1767173467.7562382,0,2,-123
1767173467.7662382,6,1,-125
1767173467.7762382,5,5,-128
1767173467.7862382,0,4,-125
1767173467.7962382,-1,1,-126
1767173467.8062382,2,-1,-130
1767173467.8162382,0,-2,-134
1767173467.8262382,-1,-2,-132
1767173467.836238,-1,-3,-126
1767173467.846238,-4,-1,-118
1767173467.856238,-4,-3,-119
1767173467.866238,-4,-6,-124
1767173467.876238,-5,-3,-132
1767173467.886238,-4,-2,-130
1767173467.896238,-1,-2,-136
1767173467.906238,0,0,-136
1767173467.916238,-1,-2,-134
1767173467.926238,3,-2,-127
1767173467.936238,5,0,-128
1767173467.946238,0,-2,-128
1767173467.9562385,-1,-3,-133
1767173467.9662385,-3,0,-133
1767173467.9762385,-1,-1,-135
1767173467.9862382,-1,-3,-132
1767173467.9962382,-6,-4,-131
1767173468.0062382,-6,-7,-126
1767173468.0162382,-3,-4,-128
1767173468.0262382,0,-8,-132
1767173468.0362382,1,-7,-135
1767173468.0462382,0,-3,-136
1767173468.0562382,0,0,-137
1767173468.0662382,2,-3,-135
1767173468.0762382,1,0,-127
1767173468.086238,3,0,-126
1767173468.096238,0,0,-128
1767173468.106238,1,-2,-131
1767173468.116238,-3,-3,-130
1767173468.126238,-5,-3,-128
1767173468.136238,-6,-1,-129
1767173468.146238,-4,0,-130
1767173468.156238,-5,0,-133
1767173468.166238,-6,0,-132
1767173468.176238,-6,-3,-130
1767173468.186238,-4,-3,-128
1767173468.196238,-2,0,-128
1767173468.2062385,-5,-1,-122
1767173468.2162385,-9,0,-122
1767173468.2262385,-9,-2,-134
1767173468.2362382,-6,0,-138
1767173468.2462382,-1,0,-137
1767173468.2562382,4,0,-133
1767173468.2662382,0,0,-129
1767173468.2762382,0,-5,-129
1767173468.2862382,0,-7,-126
1767173468.2962382,-2,-6,-128
1767173468.3062382,0,-4,-131
1767173468.3162382,3,-4,-126
1767173468.3262382,3,-1,-127
1767173468.336238,-2,0,-131
1767173468.346238,-5,-3,-132
1767173468.356238,-4,-3,-136
1767173468.366238,-2,-4,-134
1767173468.376238,0,-5,-126
1767173468.386238,-3,-4,-119
1767173468.396238,-8,-7,-120
1767173468.406238,-4,-9,-129
1767173468.416238,-5,-7,-132
1767173468.426238,-3,-8,-131
1767173468.436238,-4,-5,-134
1767173468.446238,-6,-9,-132
1767173468.4562385,-8,-7,-136
1767173468.4662385,-7,-4,-130
1767173468.4762385,-5,-6,-127
1767173468.4862382,0,-11,-120
1767173468.4962382,0,-11,-122
1767173468.5062382,0,-6,-125
1767173468.5162382,-2,-6,-132
1767173468.5262382,-6,-4,-132
1767173468.5362382,-7,-3,-135
1767173468.5462382,-6,-3,-135
1767173468.5562382,-2,1,-133
1767173468.5662382,1,0,-127
1767173468.5762382,0,-4,-127
1767173468.586238,2,-5,-127
1767173468.596238,8,-4,-129
1767173468.606238,11,-2,-129
1767173468.616238,7,-4,-129
1767173468.626238,3,-6,-123
1767173468.636238,3,-6,-119
1767173468.646238,0,-3,-123
1767173468.656238,-4,-5,-120
1767173468.666238,-5,-6,-123
1767173468.676238,-3,-3,-126
1767173468.686238,-2,-3,-125
1767173468.696238,0,-4,-126
1767173468.7062385,0,-5,-124
1767173468.7162385,-1,-4,-126
1767173468.7262385,-5,-2,-132
1767173468.7362382,-3,0,-132
1767173468.7462382,-3,-6,-131
1767173468.7562382,-5,-7,-129
1767173468.7662382,-3,-8,-132
1767173468.7762382,-2,-11,-134
1767173468.7862382,0,-9,-131
1767173468.7962382,0,-10,-136
1767173468.8062382,0,-7,-126
1767173468.8162382,0,-8,-129
1767173468.8262382,4,-10,-125
1767173468.836238,3,-9,-131
1767173468.846238,5,-6,-131
1767173468.856238,3,-4,-128
1767173468.866238,3,-2,-122
1767173468.876238,-1,2,-121
1767173468.886238,-6,3,-121
1767173468.896238,-4,-2,-129
1767173468.906238,0,-5,-130
1767173468.916238,0,-6,-130
1767173468.926238,-6,-5,-120
1767173468.936238,-2,-5,-121
1767173468.946238,-2,-5,-119
1767173468.9562385,-1,-4,-126
1767173468.9662385,-4,-2,-121
1767173468.9762385,-2,-1,-117
1767173468.9862382,1,1,-116
1767173468.9962382,-1,1,-118
1767173469.0062382,-1,3,-122
1767173469.0162382,-3,1,-125
1767173469.0262382,-8,1,-130
1767173469.0362382,-11,0,-140
1767173469.0462382,-12,-3,-139
1767173469.0562382,-11,-1,-135
1767173469.0662382,-13,4,-129
1767173469.0762382,-13,5,-126
1767173469.086238,-9,1,-129
1767173469.096238,-4,-1,-126
1767173469.106238,-6,-2,-126
1767173469.116238,-5,-4,-126
1767173469.126238,-7,-9,-127
1767173469.136238,-2,-5,-124
1767173469.146238,2,-3,-126
1767173469.156238,4,-2,-125
1767173469.166238,2,-5,-129
1767173469.176238,2,-4,-134
1767173469.186238,-1,-2,-136
1767173469.196238,-1,-6,-136
1767173469.2062385,1,-7,-129
1767173469.2162385,1,-8,-126
1767173469.2262385,1,-9,-134
1767173469.2362382,0,-7,-134
1767173469.2462382,6,-3,-138
1767173469.2562382,10,0,-141
1767173469.2662382,7,2,-139
1767173469.2762382,3,5,-129
1767173469.2862382,5,5,-133
1767173469.2962382,5,2,-130
1767173469.3062382,5,1,-135
1767173469.3162382,4,-2,-134
1767173469.3262382,2,-3,-131
1767173469.336238,2,2,-135
1767173469.346238,3,-2,-133
1767173469.356238,3,-4,-129
1767173469.366238,6,-4,-123
1767173469.376238,2,-6,-130
1767173469.386238,0,-4,-135
1767173469.396238,0,-8,-132
1767173469.406238,4,-4,-131
1767173469.416238,1,-5,-127
1767173469.426238,0,-4,-122
1767173469.436238,0,-3,-117
1767173469.446238,1,-4,-116
1767173469.4562385,1,-3,-119
1767173469.4662385,3,0,-122
1767173469.4762385,7,3,-129
1767173469.4872382,9,0,-123
1767173469.4962382,5,-3,-121
1767173469.5062382,2,-9,-120
1767173469.5162382,3,-14,-130
1767173469.5262382,3,-11,-128
1767173469.5362382,6,-7,-129
1767173469.5462382,2,-1,-127
1767173469.5562382,0,1,-129
1767173469.5662382,0,6,-130
1767173469.5762382,-3,7,-131
1767173469.586238,-2,4,-127
1767173469.596238,-1,2,-128
1767173469.606238,3,3,-130
1767173469.616238,2,0,-132
1767173469.627238,-2,-4,-131
1767173469.6372385,-3,0,-138
1767173469.6472385,1,0,-147
1767173469.6572382,2,-4,-147
1767173469.666238,1,-1,-146
1767173469.6772382,0,-2,-142
1767173469.6872382,-2,-6,-137
1767173469.6972382,0,-9,-132
1767173469.7072382,0,-6,-132
1767173469.7172382,-4,-6,-134
1767173469.7272382,-4,-5,-129
1767173469.7372382,-4,1,-128
1767173469.7472382,0,3,-126
1767173469.757238,1,0,-125
1767173469.767238,-2,4,-130
1767173469.777238,0,4,-123
1767173469.787238,0,2,-126
1767173469.797238,-3,0,-123
1767173469.807238,0,5,-124
1767173469.817238,-1,5,-121
1767173469.827238,-3,5,-119
1767173469.837238,-1,2,-128
1767173469.847238,-1,0,-134
1767173469.857238,0,-2,-134
1767173469.867238,0,-1,-137
1767173469.877238,0,0,-136
1767173469.8872385,3,-2,-128
1767173469.8972385,5,-4,-126
1767173469.9072382,0,-5,-126
1767173469.9172382,-4,-2,-126
1767173469.9272382,-1,4,-132
1767173469.9372382,-1,4,-136
1767173469.9472382,0,3,-132
1767173469.9572382,-1,3,-139
1767173469.9672382,1,0,-141
1767173469.9772382,0,1,-136
1767173469.9872382,-1,2,-132
1767173469.9972382,-4,2,-130
1767173470.007238,0,3,-130
1767173470.017238,2,1,-134
1767173470.027238,-3,0,-142
1767173470.037238,-4,0,-138
1767173470.047238,0,1,-135
1767173470.057238,-1,-1,-137
1767173470.067238,0,0,-134
1767173470.077238,1,0,-130
1767173470.087238,0,2,-131
1767173470.097238,-1,-1,-131
1767173470.107238,-1,1,-130
1767173470.117238,-4,0,-131
1767173470.127238,-2,0,-126
1767173470.1372385,-3,-3,-129
1767173470.1472385,-3,0,-134
1767173470.1572382,-3,1,-137
1767173470.1672382,-4,1,-127
1767173470.1772382,-4,0,-124
1767173470.1872382,-2,4,-130
1767173470.1972382,0,3,-142
1767173470.2072382,0,5,-139
1767173470.2172382,-2,1,-132
1767173470.2272382,-2,-1,-129
1767173470.2372382,-6,0,-134
1767173470.2472382,0,0,-132
1767173470.257238,-4,2,-133
1767173470.267238,-3,1,-131
1767173470.277238,-4,2,-133
1767173470.287238,-4,2,-130
1767173470.297238,-2,0,-125
1767173470.307238,1,2,-125
1767173470.317238,-1,6,-122
1767173470.327238,-4,5,-124
1767173470.337238,-2,3,-120
1767173470.347238,-2,4,-120
1767173470.357238,-6,2,-118
1767173470.367238,-2,0,-117
1767173470.377238,0,0,-119
1767173470.3872385,-2,-2,-120
1767173470.3972385,0,0,-124
1767173470.4072382,-4,2,-141
1767173470.4172382,-9,1,-141
1767173470.4272382,-14,0,-143
1767173470.4372382,-10,3,-134
1767173470.4472382,-5,0,-144
1767173470.4572382,-2,0,-140
1767173470.4672382,-1,2,-130
1767173470.4772382,-1,1,-118
1767173470.4872382,-2,-2,-121
1767173470.4972382,-7,1,-128
1767173470.507238,-5,4,-134
1767173470.517238,-5,2,-139
1767173470.527238,-4,1,-133
1767173470.537238,-1,-2,-129
1767173470.547238,0,0,-124
1767173470.557238,0,0,-123
1767173470.567238,-2,1,-124
1767173470.577238,-1,-3,-116
1767173470.587238,2,-3,-123
1767173470.597238,6,-4,-124
1767173470.607238,7,-3,-124
1767173470.617238,9,-2,-122
1767173470.627238,1,-5,-118
1767173470.6372385,0,-5,-117
1767173470.6472385,2,-3,-119
1767173470.6572382,-4,0,-121
1767173470.6672382,-5,0,-119
1767173470.6772382,-2,-3,-121
1767173470.6872382,3,-1,-127
1767173470.6972382,3,-6,-128
1767173470.7072382,5,-4,-129
1767173470.7172382,9,-3,-133
1767173470.7272382,7,-4,-130
1767173470.7372382,5,-3,-129
1767173470.7472382,5,-3,-125
1767173470.757238,4,-4,-118
1767173470.767238,5,-7,-115
1767173470.777238,10,-5,-116
1767173470.787238,8,-4,-125
1767173470.797238,3,-7,-127
1767173470.807238,2,-8,-124
1767173470.817238,2,-6,-125
1767173470.827238,1,-2,-126
1767173470.837238,2,0,-120
1767173470.847238,1,-6,-120
1767173470.857238,0,-5,-123
1767173470.867238,-5,-3,-129
1767173470.8882382,-4,0,-126
1767173470.8972385,-1,-1,-124
1767173470.9072382,1,-3,-126
1767173470.9172382,5,-4,-129
1767173470.9272382,4,-6,-121
1767173470.9372382,1,-7,-122
1767173470.9472382,-1,-6,-125
1767173470.9572382,-6,-4,-133
1767173470.9672382,-5,-2,-129
1767173470.9772382,-1,0,-134
1767173470.9872382,2,0,-131
1767173470.9972382,4,-5,-124
1767173471.007238,3,0,-129
1767173471.017238,3,1,-126
1767173471.027238,6,3,-125
1767173471.037238,9,0,-125
1767173471.047238,5,-5,-125
1767173471.057238,1,-8,-121
1767173471.067238,5,-7,-122
1767173471.077238,-1,-8,-128
1767173471.087238,-4,-4,-126
1767173471.097238,2,-4,-124
1767173471.107238,2,0,-120
1767173471.117238,0,-4,-115
1767173471.127238,4,0,-112
1767173471.1372385,5,0,-119
1767173471.1472385,2,-2,-127
1767173471.1572382,1,-2,-133
1767173471.1672382,1,-2,-141
1767173471.1772382,4,-1,-138
1767173471.1872382,0,1,-133
1767173471.1972382,-3,1,-129
1767173471.2072382,1,0,-131
1767173471.2172382,-1,-4,-131
1767173471.2272382,-1,-7,-126
1767173471.2372382,-7,-5,-121
1767173471.2472382,-7,-4,-124
1767173471.257238,-4,-4,-124
1767173471.267238,-5,-7,-128
1767173471.277238,-2,-8,-124
1767173471.287238,-1,-7,-134
1767173471.297238,2,-6,-127
1767173471.307238,2,-6,-121
1767173471.317238,1,-8,-117
1767173471.327238,-2,-6,-118
1767173471.337238,-3,-6,-119
1767173471.347238,-3,-5,-123
1767173471.357238,-3,-3,-123
1767173471.367238,-1,-6,-125
1767173471.377238,1,-9,-125
1767173471.3872385,2,-8,-125
1767173471.3972385,0,-8,-123
1767173471.4072382,0,-8,-128
1767173471.4172382,-1,-7,-128
1767173471.4272382,2,-7,-137
1767173471.4372382,3,-3,-130
1767173471.4472382,5,-3,-125
1767173471.4572382,2,-3,-124
1767173471.4672382,4,-2,-124
1767173471.4772382,3,-4,-127
1767173471.4872382,0,-7,-129
1767173471.4972382,1,-6,-127
1767173471.507238,3,-5,-123
1767173471.517238,-1,-4,-119
1767173471.527238,-4,1,-121
1767173471.537238,-2,0,-125
1767173471.547238,-3,-5,-130
1767173471.557238,-3,-7,-134
1767173471.567238,-6,-6,-128
1767173471.577238,-4,-6,-122
1767173471.587238,-8,-3,-116
1767173471.597238,-7,-2,-109
1767173471.607238,-2,-5,-112
1767173471.617238,-1,-4,-116
1767173471.627238,0,-5,-122
1767173471.6372385,0,-4,-124
1767173471.6472385,0,-4,-126
1767173471.6572382,1,-2,-119
1767173471.6672382,-1,0,-117
1767173471.6772382,2,-1,-124
1767173471.6872382,2,0,-123
1767173471.6972382,0,-2,-129
1767173471.7072382,-1,-3,-123
1767173471.7172382,0,-2,-119
1767173471.7272382,0,-1,-124
1767173471.7372382,-1,-1,-132
1767173471.7472382,-4,-1,-123
1767173471.757238,-8,-3,-125
1767173471.767238,-9,0,-128
1767173471.777238,-11,0,-125
1767173471.787238,-11,-2,-126
1767173471.797238,-10,-4,-123
1767173471.807238,-12,-3,-129
1767173471.817238,-10,-2,-131
1767173471.827238,-5,-3,-124
1767173471.837238,-3,-9,-121
1767173471.847238,0,-4,-124
1767173471.857238,-3,-3,-125
1767173471.867238,-5,-4,-128
1767173471.877238,-4,-6,-124
1767173471.8872385,-6,-6,-117
1767173471.8972385,-5,-8,-117
1767173471.9072382,-1,-9,-114
1767173471.9172382,-2,-9,-115
1767173471.9272382,-3,-6,-115
1767173471.9372382,1,-8,-116
1767173471.9472382,2,-8,-108
1767173471.9572382,1,-4,-117
1767173471.9672382,-1,-6,-119
1767173471.9772382,-4,-7,-126
1767173471.9872382,0,-7,-124
1767173471.9972382,-1,-3,-122
1767173472.007238,1,0,-117
1767173472.017238,0,-5,-113
1767173472.027238,3,-3,-119
1767173472.037238,3,0,-121
1767173472.047238,3,2,-118
1767173472.057238,1,1,-119
1767173472.067238,-2,1,-120
1767173472.077238,-4,1,-116
1767173472.087238,-1,2,-113
1767173472.097238,-3,0,-119
1767173472.107238,1,1,-119
1767173472.117238,0,2,-121
1767173472.127238,0,3,-127
1767173472.1372385,0,8,-129
1767173472.1472385,-1,7,-129
1767173472.1572382,4,5,-132
1767173472.1672382,7,0,-127
1767173472.1772382,4,-3,-125
1767173472.1872382,5,-5,-121
1767173472.1972382,2,-4,-119
1767173472.2072382,0,-1,-120
1767173472.2172382,0,2,-120
1767173472.2272382,4,2,-125
1767173472.2372382,5,2,-131
1767173472.248238,-1,6,-133
1767173472.257238,2,2,-135
1767173472.267238,6,0,-139
1767173472.278238,6,-1,-135
1767173472.288238,0,-5,-137
1767173472.298238,-2,-3,-136
1767173472.3082385,-2,-2,-130
1767173472.3182385,-2,0,-133
1767173472.3282382,0,1,-135
1767173472.3382382,-2,-1,-135
1767173472.3482382,-1,-1,-128
1767173472.3582382,0,0,-126
1767173472.3682382,0,2,-122
1767173472.3782382,-3,3,-126
1767173472.3882382,-2,3,-126
1767173472.3982382,-3,4,-129
1767173472.4082382,0,-1,-131
1767173472.4182382,-2,0,-126
1767173472.4282382,-2,6,-122
1767173472.438238,-6,5,-121
1767173472.448238,-9,1,-125
1767173472.458238,-7,-1,-126
1767173472.468238,-7,-1,-137
1767173472.478238,-5,0,-133
1767173472.488238,-4,-6,-126
1767173472.498238,-3,-2,-121
1767173472.508238,-4,0,-125
1767173472.518238,-7,1,-128
1767173472.528238,-7,0,-133
1767173472.538238,-6,-2,-129
1767173472.548238,-5,-4,-127
1767173472.5582385,-3,-3,-130
1767173472.5682385,-1,-4,-127
1767173472.5782382,-3,-2,-132
1767173472.5882382,-6,0,-135
1767173472.5982382,-8,2,-131
1767173472.6082382,-3,1,-130
1767173472.6182382,0,1,-126
1767173472.6282382,2,3,-118
1767173472.6382382,3,5,-119
1767173472.6482382,3,6,-116
1767173472.6582382,4,6,-122
1767173472.6682382,3,5,-116
1767173472.6782382,10,2,-119
1767173472.688238,11,1,-121
1767173472.698238,10,0,-122
1767173472.708238,5,-2,-129
1767173472.718238,0,-4,-135
1767173472.728238,1,-4,-130
1767173472.738238,-6,-7,-126
1767173472.748238,-4,-2,-123
1767173472.758238,-3,0,-118
1767173472.768238,-3,-1,-119
1767173472.778238,-2,-2,-113
1767173472.788238,-4,1,-115
1767173472.798238,-4,1,-115
1767173472.8082385,-5,0,-128
1767173472.8182385,0,1,-129
1767173472.8282382,1,1,-129
1767173472.8382382,3,0,-125
1767173472.8482382,6,-4,-121
1767173472.8582382,7,-4,-122
1767173472.8682382,4,-4,-123
1767173472.8782382,4,-4,-125
1767173472.8882382,2,-8,-125
1767173472.8982382,1,-4,-120
1767173472.9082382,0,-2,-125
1767173472.9182382,0,-1,-125
1767173472.9282382,0,-2,-125
1767173472.938238,2,-4,-130
1767173472.948238,-1,-2,-134
1767173472.958238,-3,-4,-129
1767173472.968238,-2,-4,-128
1767173472.978238,0,-2,-128
1767173472.988238,-2,0,-129
1767173472.998238,0,-2,-126
1767173473.008238,1,-2,-130
1767173473.018238,0,0,-132
1767173473.028238,0,0,-129
1767173473.038238,3,-4,-125
1767173473.048238,1,-7,-124
1767173473.0582385,-2,-5,-118
1767173473.0682385,-2,-2,-120
1767173473.0782382,-3,-2,-124
1767173473.0882382,-3,0,-127
1767173473.0982382,-7,2,-128
1767173473.1082382,-6,2,-126
1767173473.1182382,-6,1,-129
1767173473.1282382,-4,3,-131
1767173473.1382382,-3,0,-131
1767173473.1482382,0,0,-126
1767173473.1582382,1,0,-123
1767173473.1682382,0,0,-127
1767173473.1782382,2,0,-129
1767173473.188238,4,0,-130
1767173473.198238,-1,-3,-130
1767173473.208238,-1,-6,-126
1767173473.218238,-1,-6,-127
1767173473.228238,0,0,-132
1767173473.238238,0,0,-132
1767173473.248238,-1,-2,-125
1767173473.258238,-5,0,-125
1767173473.268238,-6,0,-135
1767173473.278238,-2,-4,-137
1767173473.288238,-1,0,-135
1767173473.298238,0,2,-131
1767173473.3082385,0,2,-128
1767173473.3182385,-3,0,-124
1767173473.3282382,-5,3,-128
1767173473.3382382,-1,0,-136
1767173473.3482382,-1,-1,-139
1767173473.3582382,-2,-3,-132
1767173473.3682382,-3,-3,-132
1767173473.3782382,2,-3,-131
1767173473.3882382,5,-2,-130
1767173473.3982382,0,1,-119
1767173473.4082382,0,-1,-122
1767173473.4182382,-3,-1,-125
1767173473.4282382,-4,2,-127
1767173473.438238,0,7,-127
1767173473.448238,0,6,-127
1767173473.458238,3,2,-126
1767173473.468238,2,0,-127
1767173473.478238,3,-1,-131
1767173473.488238,3,0,-130
1767173473.498238,3,0,-128
1767173473.508238,7,-2,-132
1767173473.518238,5,-2,-129
1767173473.528238,2,-6,-129
1767173473.538238,6,-1,-127
1767173473.548238,2,-2,-127
1767173473.5582385,1,-2,-123
1767173473.5682385,0,1,-123
1767173473.5782382,-3,0,-117
1767173473.5882382,0,1,-112
1767173473.5982382,-1,3,-110
1767173473.6082382,-3,3,-114
1767173473.6182382,-4,3,-116
1767173473.6282382,-1,2,-120
1767173473.6382382,0,0,-123
1767173473.6482382,4,2,-128
1767173473.6582382,2,0,-131
1767173473.6682382,1,1,-132
1767173473.6782382,8,-1,-137
1767173473.688238,4,-1,-135
1767173473.698238,2,-2,-133
1767173473.708238,3,-2,-134
1767173473.718238,3,-6,-129
1767173473.728238,5,-6,-130
1767173473.738238,5,-3,-131
1767173473.748238,5,0,-133
1767173473.758238,3,2,-143
1767173473.768238,0,2,-146
1767173473.778238,0,-1,-140
1767173473.788238,-1,-2,-134
1767173473.798238,-2,-1,-131
1767173473.8082385,2,-1,-131
1767173473.8182385,2,-4,-135
1767173473.8282382,5,-8,-135
1767173473.8382382,5,-11,-134
1767173473.8482382,8,-12,-134
1767173473.8582382,5,-8,-135
1767173473.8682382,0,-7,-133
1767173473.8782382,-1,-12,-127
1767173473.8882382,-2,-10,-125
1767173473.8982382,-1,-10,-118
1767173473.9082382,-4,-8,-123
1767173473.9182382,-8,-6,-123
1767173473.9282382,-7,-8,-125
1767173473.938238,-9,-5,-126
1767173473.948238,-10,-5,-129
1767173473.958238,-11,-6,-130
1767173473.968238,-5,-7,-126
1767173473.978238,-6,-6,-131
1767173473.988238,-7,-3,-131
1767173473.998238,-9,-2,-128
1767173474.008238,-8,1,-122
1767173474.018238,-8,0,-120
1767173474.028238,-4,0,-121
1767173474.038238,0,-1,-123
1767173474.048238,0,-1,-115
1767173474.0582385,-3,-5,-113
1767173474.0682385,-1,-1,-124
1767173474.0782382,-1,0,-124
1767173474.0882382,-1,3,-126
1767173474.0982382,0,-2,-128
1767173474.1082382,0,-5,-126
1767173474.1182382,-1,-2,-124
1767173474.1282382,-3,-2,-128
1767173474.1382382,-7,0,-136
1767173474.1482382,-3,0,-137
1767173474.1582382,-3,0,-130
1767173474.1682382,-3,0,-130
1767173474.1782382,-1,0,-127
1767173474.188238,-4,-4,-125
1767173474.198238,-2,-2,-119
1767173474.208238,0,0,-114
1767173474.218238,-2,0,-116
1767173474.228238,-1,0,-119
1767173474.238238,-3,0,-123
1767173474.248238,-4,-2,-127
1767173474.258238,-3,-2,-128
1767173474.268238,-4,-3,-128
1767173474.278238,-2,-6,-127
1767173474.288238,-1,-2,-133
1767173474.298238,2,-2,-135
1767173474.3082385,-3,-4,-127
1767173474.3182385,-6,-3,-124
1767173474.3282382,-5,-1,-118
1767173474.3382382,-6,-3,-123
1767173474.3482382,-9,-3,-129
1767173474.3582382,-9,-1,-124
1767173474.3682382,-9,-1,-129
1767173474.3782382,-5,0,-133
1767173474.3882382,-1,0,-134
1767173474.3982382,-1,2,-133
1767173474.4082382,0,1,-136
1767173474.4182382,0,1,-132
1767173474.4282382,2,-1,-134
1767173474.438238,2,-3,-124
1767173474.448238,-2,-2,-122
1767173474.458238,-2,0,-117
1767173474.468238,-3,-2,-114
1767173474.478238,1,-4,-117
1767173474.488238,1,-2,-119
1767173474.498238,2,0,-118
1767173474.508238,11,-1,-120
1767173474.518238,15,2,-124
1767173474.528238,14,-2,-121
1767173474.538238,12,-7,-118
1767173474.548238,10,-6,-122
1767173474.5582385,7,-4,-122
1767173474.5682385,5,-4,-121
1767173474.5782382,6,-5,-125
1767173474.5882382,7,-4,-123
1767173474.5982382,6,-2,-124
1767173474.6082382,6,-4,-127
1767173474.6182382,1,-5,-129
1767173474.6282382,-3,-6,-129
1767173474.6382382,-4,-6,-126
1767173474.6482382,-4,-6,-125
1767173474.6582382,0,-7,-124
1767173474.6682382,0,-5,-123
1767173474.6782382,-3,-3,-121
1767173474.688238,-5,-1,-119
1767173474.698238,-6,-1,-121
1767173474.708238,-2,0,-119
1767173474.718238,-4,2,-117
1767173474.728238,-5,3,-121
1767173474.738238,-5,2,-122
1767173474.748238,-4,5,-126
1767173474.758238,-5,3,-127
1767173474.768238,-8,6,-135
1767173474.778238,-12,5,-137
1767173474.788238,-13,5,-139
1767173474.798238,-12,5,-141
1767173474.8082385,-14,2,-136
1767173474.8182385,-16,2,-135
1767173474.8282382,-12,0,-130
1767173474.8382382,-8,0,-130
1767173474.8482382,-4,-1,-125
1767173474.8582382,2,0,-124
1767173474.8682382,0,0,-119
1767173474.879238,0,0,-124
1767173474.8882382,-5,-3,-127
1767173474.899238,-3,0,-127
1767173474.909238,1,4,-128
1767173474.919238,5,2,-128
1767173474.929238,5,1,-126
1767173474.939238,0,0,-127
1767173474.949238,0,3,-124
1767173474.959238,0,4,-118
1767173474.969238,-2,7,-118
1767173474.9792385,-3,3,-120
1767173474.9892385,-3,4,-118
1767173474.9992385,-3,9,-117
1767173475.0092382,-3,10,-125
1767173475.0192382,0,6,-126
1767173475.0292382,4,0,-128
1767173475.0392382,-2,-1,-127
1767173475.0492382,0,1,-125
1767173475.0592382,4,2,-124
1767173475.0692382,1,2,-124
1767173475.0792382,-1,1,-122
1767173475.0892382,-2,0,-123
1767173475.0992382,-2,0,-127
1767173475.109238,-3,0,-132
1767173475.119238,0,0,-135
1767173475.129238,0,-2,-128
1767173475.139238,-1,-3,-128
1767173475.149238,-3,-6,-131
1767173475.159238,-4,-6,-134
1767173475.169238,-2,-6,-131
1767173475.179238,0,-5,-130
1767173475.189238,5,-10,-130
1767173475.199238,2,-6,-125
1767173475.209238,1,-4,-122
1767173475.219238,3,-1,-124
1767173475.2292385,-2,-3,-122
1767173475.2392385,-1,-4,-126
1767173475.2492385,0,-4,-120
1767173475.2592382,-1,-7,-117
1767173475.2692382,-1,-6,-124
1767173475.2792382,-4,-8,-119
1767173475.2892382,1,-9,-117
1767173475.2992382,0,-7,-119
1767173475.3092382,0,-6,-119
1767173475.3192382,2,-3,-122
1767173475.3292382,5,-3,-124
1767173475.3392382,3,-8,-125
1767173475.3492382,7,-9,-125
1767173475.359238,8,-8,-124
1767173475.369238,5,-7,-126
1767173475.379238,6,-6,-119
1767173475.389238,6,-3,-120
1767173475.399238,4,-3,-125
1767173475.409238,5,-2,-120
1767173475.419238,7,-2,-125
1767173475.429238,4,-3,-131
1767173475.439238,2,-2,-127
1767173475.449238,2,0,-128
1767173475.459238,4,-2,-129
1767173475.469238,5,-4,-129
1767173475.4792385,3,0,-125
1767173475.4892385,-1,2,-122
1767173475.4992385,-3,-2,-127
1767173475.5092382,-1,0,-126
1767173475.5192382,-3,-2,-126
1767173475.5292382,0,-1,-124
1767173475.5392382,0,-2,-128
1767173475.5492382,0,0,-128
1767173475.5592382,-1,-1,-131
1767173475.5692382,-2,-2,-138
1767173475.5792382,-4,-2,-139
1767173475.5892382,0,-2,-138
1767173475.5992382,5,-2,-133
1767173475.609238,3,-1,-129
1767173475.619238,0,0,-128
1767173475.629238,0,0,-131
1767173475.639238,4,1,-136
1767173475.649238,-1,3,-134
1767173475.659238,-4,1,-135
1767173475.669238,0,1,-137
1767173475.679238,-3,0,-132
1767173475.689238,0,-3,-140
1767173475.699238,3,-1,-137
1767173475.709238,4,-4,-134
1767173475.719238,4,-6,-133
1767173475.7292385,3,-5,-131
1767173475.7392385,-1,-3,-132
1767173475.7492385,-3,-2,-133
1767173475.7592382,-3,-1,-124
1767173475.7692382,-3,1,-127
1767173475.7792382,-3,0,-124
1767173475.7892382,-5,1,-124
1767173475.7992382,-3,1,-123
1767173475.8092382,0,2,-122
1767173475.8192382,1,3,-122
1767173475.8292382,0,-4,-125
1767173475.8392382,-6,-4,-128
1767173475.8492382,-7,-1,-124
1767173475.859238,-4,0,-120
1767173475.869238,4,-3,-120
1767173475.879238,5,-5,-123
1767173475.900238,2,-4,-121
1767173475.909238,2,-3,-120
1767173475.919238,4,-2,-122
1767173475.929238,7,-1,-122
1767173475.939238,1,0,-125
1767173475.949238,3,-2,-124
1767173475.959238,2,-3,-128
1767173475.969238,4,0,-130
1767173475.9792385,9,-5,-130
1767173475.9892385,6,-6,-125
1767173475.9992385,7,-4,-128
1767173476.0092382,7,-2,-125
1767173476.0192382,7,-2,-130
1767173476.0292382,10,-5,-132
1767173476.0392382,5,-3,-136
1767173476.0492382,5,-3,-130
1767173476.0592382,1,-3,-128
1767173476.0692382,2,-3,-125
1767173476.0792382,3,-4,-127
1767173476.0892382,4,-6,-132
1767173476.0992382,3,-4,-131
1767173476.109238,3,-4,-128
1767173476.119238,5,-3,-126
1767173476.129238,8,-6,-126
1767173476.139238,5,-6,-126
1767173476.149238,3,-4,-125
1767173476.159238,1,-2,-124
1767173476.169238,0,-1,-129
1767173476.179238,3,-3,-128
1767173476.189238,5,-3,-125
1767173476.199238,1,-2,-128
1767173476.209238,-3,0,-128
1767173476.219238,-2,1,-131
1767173476.2292385,3,1,-129
1767173476.2392385,3,0,-126
1767173476.2492385,0,0,-131
1767173476.2592382,-1,1,-130
1767173476.2692382,-2,-1,-133
1767173476.2792382,-6,0,-128
1767173476.2892382,0,-2,-124
1767173476.2992382,-1,-1,-128
1767173476.3092382,2,0,-128
1767173476.3192382,5,-3,-126
1767173476.3292382,3,-2,-125
1767173476.3392382,0,-5,-120
1767173476.3492382,-3,-6,-123
1767173476.359238,2,-5,-119
1767173476.369238,6,-9,-123
1767173476.379238,5,-4,-125
1767173476.389238,3,-5,-124
1767173476.399238,5,-7,-122
1767173476.409238,5,-4,-122
1767173476.419238,1,-1,-126
1767173476.429238,-2,2,-129
1767173476.439238,-8,3,-128
1767173476.449238,-7,-4,-124
1767173476.459238,-4,-3,-121
1767173476.469238,2,-5,-121
1767173476.4792385,7,-7,-126
1767173476.4892385,6,-5,-128
1767173476.4992385,4,-2,-134
1767173476.5092382,4,-1,-136
1767173476.5192382,0,0,-137
1767173476.5292382,0,-1,-137
1767173476.5392382,-1,0,-139
1767173476.5492382,0,-2,-137
1767173476.5592382,2,0,-136
1767173476.5692382,4,0,-134
1767173476.5792382,2,2,-135
1767173476.5892382,1,1,-136
1767173476.5992382,3,1,-139
1767173476.609238,4,-2,-139
1767173476.619238,1,-7,-137
1767173476.629238,0,-6,-131
1767173476.639238,2,-8,-121
1767173476.649238,2,-6,-117
1767173476.659238,-1,-4,-113
1767173476.669238,0,-4,-115
1767173476.679238,0,0,-117
1767173476.689238,-1,-1,-116
1767173476.699238,-3,-5,-115
1767173476.709238,-4,-2,-121
1767173476.719238,-9,-4,-118
1767173476.7292385,-11,-1,-121
1767173476.7392385,-9,-2,-124
1767173476.7492385,-11,-5,-123
1767173476.7592382,-9,-6,-123
1767173476.7692382,-8,-4,-128
1767173476.7792382,-5,-5,-127
1767173476.7892382,-6,-8,-127
1767173476.7992382,-2,-7,-128
1767173476.8092382,0,-12,-130
1767173476.8192382,0,-11,-135
1767173476.8292382,-3,-11,-136
1767173476.8392382,0,-9,-138
1767173476.8492382,3,-6,-134
1767173476.859238,2,0,-127
1767173476.869238,0,-6,-125
1767173476.879238,4,-8,-129
1767173476.889238,5,-6,-122
1767173476.899238,0,-9,-122
1767173476.909238,2,-7,-124
1767173476.919238,2,-5,-126
1767173476.929238,2,-3,-127
1767173476.939238,2,-6,-128
1767173476.949238,6,-6,-117
1767173476.959238,7,0,-116
1767173476.969238,10,-1,-126
1767173476.9792385,9,-2,-124
1767173476.9892385,8,-3,-123
1767173476.9992385,6,-5,-126
1767173477.0092382,3,-4,-130
1767173477.0192382,4,-1,-129
1767173477.0292382,6,1,-129
1767173477.0392382,2,1,-126
1767173477.0492382,0,0,-125
1767173477.0592382,-3,-5,-122
1767173477.0692382,0,-2,-120
1767173477.0792382,-3,-2,-120
1767173477.0892382,-2,0,-125
1767173477.0992382,-2,1,-126
1767173477.109238,-5,-1,-123
1767173477.119238,-5,-2,-121
1767173477.129238,-3,-1,-118
1767173477.139238,-1,0,-126
1767173477.149238,1,4,-127
1767173477.159238,7,2,-130
1767173477.169238,5,3,-140
1767173477.179238,3,3,-138
1767173477.189238,2,1,-139
1767173477.199238,-2,1,-138
1767173477.209238,0,1,-134
1767173477.219238,-3,4,-133
1767173477.2292385,-2,1,-130
1767173477.2392385,-5,4,-131
1767173477.2492385,-4,6,-129
1767173477.2592382,-5,5,-124
1767173477.2692382,-14,5,-116
1767173477.2792382,-9,3,-112
1767173477.2892382,-10,2,-117
1767173477.2992382,-6,3,-115
1767173477.3092382,-3,2,-126
1767173477.3192382,-3,0,-129
1767173477.3292382,-3,-1,-128
1767173477.3392382,-3,0,-129
1767173477.3492382,-3,-3,-130
1767173477.359238,-4,0,-131
1767173477.369238,-2,1,-125
1767173477.379238,-2,0,-121
1767173477.389238,0,-1,-124
1767173477.399238,0,-4,-130
1767173477.409238,0,-4,-132
1767173477.419238,-4,-2,-138
1767173477.429238,-7,-3,-136
1767173477.439238,-10,-4,-133
1767173477.449238,-7,-5,-132
1767173477.459238,-6,-3,-129
1767173477.469238,-9,-3,-126
1767173477.4792385,-13,-4,-130
1767173477.4892385,-11,-2,-134
1767173477.5002382,-7,-3,-129
1767173477.5102382,-1,-3,-122
1767173477.5202382,1,0,-131
1767173477.5292382,0,1,-128
1767173477.540238,0,2,-129
1767173477.550238,3,6,-134
1767173477.560238,6,5,-132
1767173477.570238,7,10,-133
1767173477.580238,4,4,-128
1767173477.590238,3,1,-131
1767173477.600238,-1,-2,-123
1767173477.610238,1,-2,-120
1767173477.620238,3,-1,-117
1767173477.630238,0,-1,-114
1767173477.640238,1,-1,-118
1767173477.650238,2,0,-119
1767173477.6602385,0,0,-122
1767173477.6702385,2,-2,-126
1767173477.6802382,-1,-1,-126
1767173477.6902382,-4,-1,-127
1767173477.7002382,-5,-6,-131
1767173477.7102382,-3,-4,-142
1767173477.7202382,-2,-3,-138
1767173477.7302382,-4,-2,-130
1767173477.7402382,-5,0,-138
1767173477.7502382,2,-1,-138
1767173477.7602382,2,-1,-133
1767173477.7702382,-3,0,-137
1767173477.7802382,-3,-3,-131
1767173477.790238,2,-2,-129
1767173477.800238,0,-2,-127
1767173477.810238,-2,-2,-124
1767173477.820238,-1,-5,-125
1767173477.830238,-1,-6,-120
1767173477.840238,-3,-8,-122
1767173477.850238,-4,-5,-127
1767173477.860238,-9,-9,-122
1767173477.870238,-9,-7,-123
1767173477.880238,-2,-3,-125
1767173477.890238,-2,-5,-130
1767173477.900238,-1,-5,-130
1767173477.9102385,0,-3,-129
1767173477.9202385,-1,-2,-131
1767173477.9302382,0,2,-126
1767173477.9402382,0,4,-120
1767173477.9502382,0,0,-124
1767173477.9602382,-1,-4,-128
1767173477.9702382,-6,-5,-135
1767173477.9802382,-9,0,-138
1767173477.9902382,-9,3,-134
1767173478.0002382,-12,2,-127
1767173478.0102382,-9,-1,-131
1767173478.0202382,-6,0,-132
1767173478.0302382,-5,-4,-129
1767173478.040238,-9,-3,-122
1767173478.050238,-7,-1,-124
1767173478.060238,-9,0,-128
1767173478.070238,-11,-1,-125
1767173478.080238,-12,2,-130
1767173478.090238,-12,1,-128
1767173478.100238,-12,2,-121
1767173478.110238,-10,3,-121
1767173478.120238,-6,3,-124
1767173478.130238,-4,2,-127
1767173478.140238,-1,1,-125
1767173478.150238,4,-3,-125
1767173478.1602385,5,-1,-127
1767173478.1702385,4,0,-125
1767173478.1802382,0,0,-122
1767173478.1902382,0,0,-125
1767173478.2002382,0,-2,-127
1767173478.2102382,0,-5,-129
1767173478.2202382,4,-1,-124
1767173478.2302382,5,-4,-119
1767173478.2402382,4,-4,-125
1767173478.2502382,7,-2,-126
1767173478.2602382,7,-4,-129
1767173478.2702382,4,-5,-134
1767173478.2802382,7,-3,-128
1767173478.290238,4,-6,-127
1767173478.300238,5,-5,-132
1767173478.310238,5,-5,-126
1767173478.320238,6,-5,-123
1767173478.330238,4,-2,-120
1767173478.340238,2,-3,-119
1767173478.350238,0,-5,-112
1767173478.360238,0,-4,-110
1767173478.370238,-5,-7,-102
1767173478.380238,-3,-3,-104
1767173478.390238,-1,-6,-109
1767173478.400238,-2,-1,-111
1767173478.4102385,0,0,-119
1767173478.4202385,-3,0,-114
1767173478.4302382,-4,0,-108
1767173478.4402382,-2,-4,-111
1767173478.4502382,-4,-9,-120
1767173478.4602382,0,-9,-126
1767173478.4702382,3,-3,-127
1767173478.4802382,4,-1,-127
1767173478.4902382,3,-4,-129
1767173478.5002382,0,-3,-135
1767173478.5102382,-4,-4,-132
1767173478.5202382,0,-2,-132
1767173478.5302382,-3,-2,-134
1767173478.540238,-4,-3,-133
1767173478.550238,0,-5,-137
1767173478.560238,1,-2,-128
1767173478.570238,0,0,-126
1767173478.580238,2,-2,-129
1767173478.590238,0,0,-130
1767173478.600238,-1,0,-134
1767173478.610238,0,0,-131
1767173478.620238,2,1,-128
1767173478.630238,2,-1,-127
1767173478.640238,0,0,-130
1767173478.650238,5,-2,-121
1767173478.6602385,8,0,-120
1767173478.6702385,8,2,-125
1767173478.6802382,6,0,-132
1767173478.6902382,5,4,-134
1767173478.7002382,7,6,-129
1767173478.7102382,7,4,-124
1767173478.7202382,9,2,-128
1767173478.7302382,11,3,-131
1767173478.7402382,13,-1,-126
1767173478.7502382,8,-2,-125
1767173478.7602382,3,-1,-131
1767173478.7702382,5,-4,-137
1767173478.7802382,5,-1,-138
1767173478.790238,4,0,-136
1767173478.800238,5,1,-138
1767173478.810238,5,1,-143
1767173478.820238,2,-4,-137
1767173478.830238,5,-2,-128
1767173478.840238,10,-8,-121
1767173478.850238,9,-8,-123
1767173478.860238,4,-5,-127
1767173478.870238,4,-3,-121
1767173478.880238,2,0,-111
1767173478.890238,-1,2,-105
1767173478.900238,0,5,-107
1767173478.9102385,5,7,-111
1767173478.9202385,4,2,-110
1767173478.9302382,3,0,-111
1767173478.9402382,4,-3,-115
1767173478.9502382,4,-6,-119
1767173478.9602382,9,-4,-123
1767173478.9702382,11,-3,-125
1767173478.9802382,10,-3,-123
1767173478.9902382,8,-3,-123
1767173479.0002382,5,-5,-123
1767173479.0102382,9,-8,-124
1767173479.0202382,10,-7,-127
1767173479.0302382,8,-5,-130
1767173479.040238,9,-5,-128
1767173479.050238,5,-5,-121
1767173479.060238,1,-8,-125
1767173479.070238,-2,-12,-128
1767173479.080238,-2,-8,-133
1767173479.090238,0,-5,-132
1767173479.100238,-5,-3,-133
1767173479.110238,-4,-7,-135
1767173479.120238,-6,-5,-139
1767173479.130238,-4,-6,-142
1767173479.140238,0,0,-131
1767173479.150238,-2,6,-132
1767173479.1602385,0,7,-137
1767173479.1702385,9,0,-133
1767173479.1802382,6,-3,-127
1767173479.1902382,6,0,-127
1767173479.2002382,2,0,-124
1767173479.2102382,2,3,-122
1767173479.2202382,1,0,-124
1767173479.2302382,1,-1,-135
1767173479.2402382,0,-1,-134
1767173479.2502382,-1,-3,-124
1767173479.2602382,-2,-4,-129
1767173479.2702382,-4,-2,-124
1767173479.2802382,-3,1,-123
1767173479.290238,-2,-2,-128
1767173479.300238,-2,-3,-136
1767173479.310238,0,-4,-141
1767173479.320238,1,0,-132
1767173479.330238,0,-2,-129
1767173479.340238,0,-4,-136
1767173479.350238,0,-2,-134
1767173479.360238,-2,0,-132
1767173479.370238,-5,-1,-128
1767173479.380238,-7,-2,-126
1767173479.390238,-7,-7,-129
1767173479.400238,-5,-4,-133
1767173479.4102385,0,-6,-135
1767173479.4202385,-3,-3,-134
1767173479.4302382,-3,-2,-133
1767173479.4402382,-3,0,-121
1767173479.4502382,-3,2,-124
1767173479.4602382,-6,0,-118
1767173479.4702382,-8,2,-120
1767173479.4802382,-11,1,-116
1767173479.4902382,-8,1,-112
1767173479.5002382,-7,0,-114
1767173479.5102382,-6,2,-117
1767173479.5202382,-3,2,-123
1767173479.5302382,-1,0,-130
1767173479.540238,-3,3,-130
1767173479.550238,-1,-1,-126
1767173479.560238,2,0,-125
1767173479.570238,1,0,-131
1767173479.580238,2,-1,-127
1767173479.590238,4,-2,-131
1767173479.600238,2,-4,-135
1767173479.610238,2,-6,-132
1767173479.620238,4,-10,-125
1767173479.630238,2,-5,-119
1767173479.640238,2,-4,-121
1767173479.650238,0,-4,-120
1767173479.6602385,-2,-5,-127
1767173479.6702385,-2,-5,-135
1767173479.6802382,-5,-10,-134
1767173479.6902382,-5,-6,-132
1767173479.7002382,-4,-1,-136
1767173479.7102382,0,0,-141
1767173479.7202382,3,1,-138
1767173479.7302382,2,2,-135
1767173479.7402382,2,0,-129
1767173479.7502382,0,0,-133
1767173479.7602382,-2,-1,-129
1767173479.7702382,-1,0,-125
1767173479.7802382,5,-4,-128
1767173479.790238,1,-4,-127
1767173479.800238,0,-6,-132
1767173479.810238,2,-6,-131
1767173479.820238,3,-3,-131
1767173479.830238,0,-2,-126
1767173479.840238,0,-1,-129
1767173479.850238,0,3,-132
1767173479.860238,-2,-3,-129
1767173479.870238,-2,-3,-126
1767173479.880238,0,0,-120
1767173479.890238,-1,-1,-119
1767173479.900238,0,-2,-127
1767173479.9102385,-1,-3,-133
1767173479.9202385,-1,0,-129
1767173479.9302382,6,0,-133
1767173479.9402382,9,0,-127
1767173479.9502382,9,0,-131
1767173479.9602382,7,0,-131
1767173479.9702382,1,1,-128
1767173479.9802382,1,2,-136
1767173479.9902382,0,0,-140
1767173480.0002382,2,0,-138
1767173480.0102382,0,2,-135
1767173480.0202382,0,1,-138
1767173480.0302382,0,0,-131
1767173480.040238,1,-3,-129
1767173480.050238,0,-1,-132
1767173480.060238,0,0,-128
1767173480.070238,3,-1,-129
1767173480.080238,3,-2,-127
1767173480.090238,0,1,-128
1767173480.100238,-2,1,-127
1767173480.110238,-3,0,-129
1767173480.120238,0,-2,-125
1767173480.130238,1,-4,-131
1767173480.1412382,4,-6,-135
1767173480.150238,4,-8,-131
1767173480.1602385,1,-6,-126
1767173480.1712382,3,-3,-130
1767173480.1812382,2,-1,-131
1767173480.1912382,-1,-3,-128
1767173480.2012382,-5,-8,-126
1767173480.211238,-4,-12,-128
1767173480.221238,1,-15,-123
1767173480.231238,-3,-10,-119
1767173480.241238,-5,-7,-120
1767173480.251238,0,-4,-120
1767173480.261238,1,-5,-119
1767173480.271238,3,-7,-112
1767173480.281238,0,-8,-119
1767173480.291238,-3,-5,-121
1767173480.301238,-8,-3,-123
1767173480.311238,-5,-3,-122
1767173480.321238,-6,-3,-130
1767173480.3312385,-5,-1,-134
1767173480.3412385,-2,-5,-133
1767173480.3512385,-3,-6,-129
1767173480.3612382,-1,-11,-118
1767173480.3712382,2,-12,-122
1767173480.3812382,5,-7,-121
1767173480.3912382,5,-3,-122
1767173480.4012382,6,-3,-132
1767173480.4112382,4,-4,-133
1767173480.4212382,2,-4,-138
1767173480.4312382,2,-4,-131
1767173480.4412382,1,-5,-133
1767173480.4512382,7,-3,-132
1767173480.461238,10,-2,-132
1767173480.471238,7,-4,-132
1767173480.481238,8,-6,-131
1767173480.491238,5,-3,-133
1767173480.501238,1,-4,-132
1767173480.511238,2,-3,-125
1767173480.521238,0,-2,-127
1767173480.531238,-1,-5,-131
1767173480.541238,1,-8,-129
1767173480.551238,0,-9,-130
1767173480.561238,0,-12,-128
1767173480.571238,-1,-12,-131
1767173480.5812385,-3,-11,-127
1767173480.5912385,-2,-12,-129
1767173480.6012385,-4,-6,-126
1767173480.6112382,-6,-3,-127
1767173480.6212382,-9,-4,-126
1767173480.6312382,-6,-4,-124
1767173480.6412382,-10,-3,-130
1767173480.6512382,-9,-4,-128
1767173480.6612382,-3,-4,-125
1767173480.6712382,-1,-6,-121
1767173480.6812382,-5,-4,-118
1767173480.6912382,-4,-1,-115
1767173480.7012382,-1,-1,-118
1767173480.711238,-4,0,-113
1767173480.721238,-5,0,-122
1767173480.731238,-6,0,-129
1767173480.741238,-4,1,-127
1767173480.751238,-6,2,-130
1767173480.761238,-6,-1,-126
1767173480.771238,-4,-6,-125
1767173480.781238,-7,-3,-122
1767173480.791238,-6,-4,-123
1767173480.801238,-2,-1,-114
1767173480.811238,-7,-1,-116
1767173480.821238,-3,0,-117
1767173480.8312385,-4,2,-121
1767173480.8412385,-5,-1,-121
1767173480.8512385,-7,1,-127
1767173480.8612382,0,-2,-130
1767173480.8712382,2,-1,-129
1767173480.8812382,4,-1,-129
1767173480.8912382,4,4,-124
1767173480.912238,-1,2,-121
1767173480.9212382,-1,1,-130
1767173480.9312382,0,1,-130
1767173480.9412382,-1,0,-131
1767173480.9512382,0,-4,-129
1767173480.961238,0,-10,-130
1767173480.971238,1,-9,-127
1767173480.981238,1,-8,-131
1767173480.991238,-1,-5,-132
1767173481.001238,1,-3,-127
1767173481.011238,-1,-7,-132
1767173481.021238,-2,-8,-130
1767173481.031238,-3,-7,-125
1767173481.041238,0,-5,-123
1767173481.051238,-3,-2,-122
1767173481.061238,-2,-2,-120
1767173481.071238,-3,-5,-120
1767173481.0812385,-3,-2,-131
1767173481.0912385,2,-4,-134
1767173481.1012385,-1,-2,-136
1767173481.1112382,1,0,-140
1767173481.1212382,1,0,-132
1767173481.1312382,0,0,-127
1767173481.1412382,-3,1,-128
1767173481.1512382,-5,2,-127
1767173481.1612382,-6,2,-125
1767173481.1712382,-9,1,-126
1767173481.1812382,-10,0,-130
1767173481.1912382,-12,-3,-130
1767173481.2012382,-13,-8,-137
1767173481.211238,-11,-6,-139
1767173481.221238,-12,-5,-137
1767173481.231238,-9,-5,-141
1767173481.241238,-9,-5,-141
1767173481.251238,-8,-7,-136
1767173481.261238,-7,-8,-131
1767173481.271238,-8,-8,-130
1767173481.281238,-9,-5,-131
1767173481.291238,-8,-1,-133
1767173481.301238,-9,-2,-127
1767173481.311238,-4,0,-132
1767173481.321238,0,0,-132
1767173481.3312385,0,3,-131
1767173481.3412385,1,0,-126
1767173481.3512385,2,0,-127
1767173481.3612382,1,-4,-130
1767173481.3712382,-1,-4,-132
1767173481.3812382,-4,-2,-131
1767173481.3912382,-3,-2,-129
1767173481.4012382,-1,-1,-129
1767173481.4112382,0,0,-130
1767173481.4212382,0,0,-129
1767173481.4312382,-2,-3,-124
1767173481.4412382,0,-2,-120
1767173481.4512382,-2,-3,-115
1767173481.461238,0,-4,-114
1767173481.471238,-1,-4,-113
1767173481.481238,-2,-5,-114
1767173481.491238,-1,-13,-117
1767173481.501238,2,-10,-118
1767173481.511238,0,-5,-121
1767173481.521238,2,-2,-120
1767173481.531238,2,2,-121
1767173481.541238,3,-1,-127
1767173481.551238,0,-5,-129
1767173481.561238,3,-8,-130
1767173481.571238,0,-6,-124
1767173481.5812385,1,-1,-129
1767173481.5912385,3,0,-134
1767173481.6012385,7,-1,-136
1767173481.6112382,4,0,-136
1767173481.6212382,2,-3,-129
1767173481.6312382,1,-4,-124
1767173481.6412382,0,-4,-124
1767173481.6512382,-1,-9,-121
1767173481.6612382,-1,-9,-125
1767173481.6712382,-3,-8,-124
1767173481.6812382,-3,-5,-130
1767173481.6912382,-3,-3,-124
1767173481.7012382,-3,-3,-118
1767173481.711238,-1,-1,-119
1767173481.721238,4,-8,-122
1767173481.731238,3,-8,-121
1767173481.741238,2,-6,-123
1767173481.751238,1,-1,-123
1767173481.761238,-1,-1,-121
1767173481.771238,-5,0,-118
1767173481.781238,-6,0,-118
1767173481.791238,-5,-7,-122
1767173481.801238,-5,-8,-124
1767173481.811238,-7,-5,-131
1767173481.821238,-2,-3,-138
1767173481.8312385,1,-1,-139
1767173481.8412385,0,-2,-139
1767173481.8512385,-1,-2,-132
1767173481.8612382,-5,-6,-132
1767173481.8712382,-6,-8,-132
1767173481.8812382,-3,-10,-132
1767173481.8912382,-3,-8,-133
1767173481.9012382,-2,-8,-135
1767173481.9112382,-5,-5,-132
1767173481.9212382,-8,-8,-126
1767173481.9312382,-8,-10,-128
1767173481.9412382,-6,-4,-133
1767173481.9512382,-3,1,-134
1767173481.961238,-1,3,-134
1767173481.971238,0,0,-135
1767173481.981238,0,-5,-128
1767173481.991238,0,-2,-129
1767173482.001238,3,1,-126
1767173482.011238,1,0,-120
1767173482.021238,-2,0,-124
1767173482.031238,0,0,-129
1767173482.041238,-3,1,-127
1767173482.051238,-5,-4,-126
1767173482.061238,-1,-7,-127
1767173482.071238,0,-4,-132
1767173482.0812385,-4,-5,-124
1767173482.0912385,-1,-7,-124
1767173482.1012385,3,-6,-120
1767173482.1112382,5,-7,-125
1767173482.1212382,3,-9,-121
1767173482.1312382,5,-14,-126
1767173482.1412382,8,-11,-129
1767173482.1512382,7,-8,-124
1767173482.1612382,1,-5,-126
1767173482.1712382,1,0,-128
1767173482.1812382,-3,4,-127
1767173482.1912382,-7,3,-128
1767173482.2012382,-10,1,-129
1767173482.211238,-11,0,-122
1767173482.221238,-10,2,-121
1767173482.231238,-4,1,-126
1767173482.241238,-8,0,-120
1767173482.251238,-9,-2,-122
1767173482.261238,-4,-1,-125
1767173482.271238,-4,2,-129
1767173482.281238,0,0,-127
1767173482.291238,3,2,-125
1767173482.301238,3,5,-128
1767173482.311238,6,1,-124
1767173482.321238,6,-3,-119
1767173482.3312385,5,-3,-113
1767173482.3412385,3,-3,-123
1767173482.3512385,9,-5,-126
1767173482.3612382,11,-8,-130
1767173482.3712382,5,-7,-131
1767173482.3812382,3,-7,-126
1767173482.3912382,3,-6,-127
1767173482.4012382,0,-6,-129
1767173482.4112382,3,-3,-123
1767173482.4212382,1,-2,-124
1767173482.4312382,-1,-5,-129
1767173482.4412382,-2,-11,-130
1767173482.4512382,0,-3,-121
1767173482.461238,0,1,-125
1767173482.471238,-3,3,-129
1767173482.481238,-2,0,-124
1767173482.491238,-3,-5,-123
1767173482.501238,-4,-5,-132
1767173482.511238,0,-4,-130
1767173482.521238,1,-5,-130
1767173482.531238,4,-6,-134
1767173482.541238,4,-1,-132
1767173482.551238,1,-2,-132
1767173482.561238,-2,-1,-125
1767173482.571238,-4,2,-127
1767173482.5812385,1,0,-124
1767173482.5912385,0,0,-114
1767173482.6012385,0,0,-116
1767173482.6112382,2,0,-120
1767173482.6212382,1,0,-121
1767173482.6312382,0,-3,-115
1767173482.6412382,-2,-5,-116
1767173482.6512382,-3,-3,-119
1767173482.6612382,-7,-2,-118
1767173482.6712382,-6,-1,-115
1767173482.6812382,-3,-1,-116
1767173482.6912382,-5,0,-129
1767173482.7012382,-6,1,-129
1767173482.711238,-4,0,-130
1767173482.721238,-1,-1,-125
1767173482.731238,1,0,-125
1767173482.741238,-2,0,-129
1767173482.751238,-4,2,-133
1767173482.761238,-4,0,-133
1767173482.7722385,-3,0,-130
1767173482.7822382,-7,-4,-127
1767173482.7922382,-4,-4,-120
1767173482.8022382,-5,-3,-119
1767173482.8122382,0,-2,-124
1767173482.8222382,-2,-1,-130
1767173482.8322382,-2,-2,-127
1767173482.8422382,1,-5,-129
1767173482.8522382,1,-7,-125
1767173482.8622382,2,-8,-119
1767173482.8722382,2,-8,-114
1767173482.882238,0,-6,-116
1767173482.892238,0,-10,-112
1767173482.902238,0,-10,-119
1767173482.912238,-2,-6,-122
1767173482.922238,0,-3,-130
1767173482.932238,2,-4,-130
1767173482.942238,0,-7,-124
1767173482.952238,2,-4,-123
1767173482.962238,4,-3,-127
1767173482.972238,3,-2,-125
1767173482.982238,4,-1,-122
1767173482.992238,0,-5,-131
1767173483.002238,-7,-4,-125
1767173483.0122385,-6,-5,-129
1767173483.0222385,-5,-5,-135
1767173483.0322382,-5,-7,-136
1767173483.0422382,-4,-3,-138
1767173483.0522382,-5,-1,-137
1767173483.0622382,-1,-1,-132
1767173483.0722382,1,1,-130
1767173483.0822382,1,1,-133
1767173483.0922382,2,0,-126
1767173483.1022382,-4,-7,-122
1767173483.1122382,-9,-7,-129
1767173483.1222382,-6,-10,-126
1767173483.132238,-2,-14,-124
1767173483.142238,1,-10,-126
1767173483.152238,3,-9,-122
1767173483.162238,3,-5,-120
1767173483.172238,4,-2,-122
1767173483.182238,5,0,-118
1767173483.192238,5,1,-119
1767173483.202238,3,3,-114
1767173483.212238,0,2,-116
1767173483.222238,0,7,-122
1767173483.232238,-1,3,-124
1767173483.242238,0,4,-120
1767173483.252238,-1,4,-125
1767173483.2622385,0,1,-124
1767173483.2722385,3,1,-125
1767173483.2822382,1,2,-125
1767173483.2922382,2,2,-128
1767173483.3022382,0,1,-123
1767173483.3122382,0,0,-122
1767173483.3222382,0,-5,-122
1767173483.3322382,-2,-5,-118
1767173483.3422382,-3,-7,-117
1767173483.3522382,0,-7,-116
1767173483.3622382,0,-2,-120
1767173483.3722382,-1,-1,-122
1767173483.382238,-1,0,-124
1767173483.392238,-5,-1,-135
1767173483.402238,-5,0,-134
1767173483.412238,-6,0,-134
1767173483.422238,-4,-4,-131
1767173483.432238,-1,-4,-132
1767173483.442238,-1,-4,-129
1767173483.452238,1,-8,-133
1767173483.462238,3,-9,-135
1767173483.472238,0,-12,-140
1767173483.482238,0,-12,-138
1767173483.492238,-1,-11,-135
1767173483.502238,1,-7,-133
1767173483.5122385,9,-9,-132
1767173483.5222385,9,-8,-133
1767173483.5322382,10,-4,-132
1767173483.5422382,10,-1,-127
1767173483.5522382,5,0,-126
1767173483.5622382,8,0,-128
1767173483.5722382,14,2,-131
1767173483.5822382,13,0,-131
1767173483.5922382,11,2,-132
1767173483.6022382,12,-2,-127
1767173483.6122382,10,-4,-130
1767173483.6222382,10,-3,-131
1767173483.632238,10,0,-132
1767173483.642238,9,-2,-132
1767173483.652238,7,-1,-131
1767173483.662238,3,0,-122
1767173483.672238,1,-1,-126
1767173483.682238,0,-1,-130
1767173483.692238,-1,-6,-130
1767173483.702238,0,-9,-131
1767173483.712238,2,-9,-129
1767173483.722238,2,-8,-120
1767173483.732238,6,-7,-113
1767173483.742238,6,-1,-110
1767173483.752238,7,-4,-122
1767173483.7622385,6,-4,-130
1767173483.7722385,0,0,-133
1767173483.7822382,2,0,-134
1767173483.7922382,4,0,-142
1767173483.8022382,-1,-3,-138
1767173483.8122382,0,-4,-132
1767173483.8222382,-2,-8,-130
1767173483.8322382,-4,-5,-130
1767173483.8422382,-7,-3,-134
1767173483.8522382,-6,-1,-134
1767173483.8622382,0,-1,-127
1767173483.8722382,-2,-2,-124
1767173483.882238,-2,-3,-123
1767173483.892238,1,-3,-119
1767173483.902238,1,0,-119
1767173483.912238,-1,1,-121
1767173483.922238,-4,3,-120
1767173483.932238,-2,4,-124
1767173483.942238,-2,3,-126
1767173483.952238,-1,2,-129
1767173483.962238,0,4,-131
1767173483.972238,0,3,-126
1767173483.982238,-3,4,-123
1767173483.992238,-7,3,-131
1767173484.002238,-4,3,-124
1767173484.0122385,-3,1,-120
1767173484.0222385,-8,0,-122
1767173484.0322382,-7,-4,-122
1767173484.0422382,-5,-8,-117
1767173484.0522382,0,-7,-121
1767173484.0622382,3,-7,-125
1767173484.0722382,2,-3,-129
1767173484.0822382,5,0,-124
1767173484.0922382,2,-3,-117
1767173484.1022382,0,-3,-118
1767173484.1122382,4,-4,-124
1767173484.1222382,-1,-3,-125
1767173484.132238,0,-5,-127
1767173484.142238,0,-7,-122
1767173484.152238,2,-2,-125
1767173484.162238,5,-1,-125
1767173484.172238,2,0,-133
1767173484.182238,2,-4,-128
1767173484.192238,-1,-7,-132
1767173484.202238,-6,-3,-130
1767173484.212238,-4,0,-126
1767173484.222238,0,0,-124
1767173484.232238,0,0,-121
1767173484.242238,2,-3,-119
1767173484.252238,2,-5,-122
1767173484.2622385,2,-2,-123
1767173484.2722385,2,0,-129
1767173484.2822382,4,-2,-130
1767173484.2922382,3,-2,-130
1767173484.3022382,0,1,-140
1767173484.3122382,0,3,-141
1767173484.3222382,-1,0,-143
1767173484.3322382,0,-2,-141
1767173484.3422382,-2,-5,-144
1767173484.3522382,0,-3,-142
1767173484.3622382,-2,-1,-140
1767173484.3722382,0,1,-139
1767173484.382238,0,0,-137
1767173484.392238,-1,2,-136
1767173484.402238,0,1,-131
1767173484.412238,1,0,-126
1767173484.422238,-2,-1,-126
1767173484.432238,0,-6,-129
1767173484.442238,3,-3,-128
1767173484.452238,3,-2,-125
1767173484.462238,2,-2,-118
1767173484.472238,2,-4,-117
1767173484.482238,2,-7,-118
1767173484.492238,1,-10,-116
1767173484.502238,0,-5,-117
1767173484.5122385,0,-5,-125
1767173484.5222385,0,-3,-127
1767173484.5322382,2,-5,-123
1767173484.5422382,-3,-5,-125
1767173484.5522382,-2,-6,-116
1767173484.5622382,-4,-9,-121
1767173484.5722382,-2,-7,-123
1767173484.5822382,-5,0,-125
1767173484.5922382,-4,2,-126
1767173484.6022382,-3,4,-128
1767173484.6122382,-1,3,-129
1767173484.6222382,-4,2,-134
1767173484.632238,-4,3,-138
1767173484.642238,0,3,-133
1767173484.652238,3,0,-127
1767173484.662238,-1,0,-122
1767173484.672238,-1,1,-113
1767173484.682238,-3,0,-113
1767173484.692238,1,0,-114
1767173484.702238,1,0,-115
1767173484.712238,2,0,-113
1767173484.722238,0,0,-108
1767173484.732238,0,2,-113
1767173484.742238,-2,3,-115
1767173484.752238,-1,5,-117
1767173484.7622385,1,2,-120
1767173484.7722385,5,0,-123
1767173484.7822382,0,2,-131
1767173484.7922382,0,3,-134
1767173484.8022382,-5,3,-136
1767173484.8122382,-4,0,-135
1767173484.8222382,-1,-5,-133
1767173484.8322382,-2,-4,-123
1767173484.8422382,-1,-5,-121
1767173484.8522382,-1,-2,-117
1767173484.8622382,4,-3,-115
1767173484.8722382,4,0,-115
1767173484.882238,6,0,-114
1767173484.892238,6,0,-113
1767173484.902238,5,6,-111
1767173484.912238,1,4,-114
1767173484.922238,-3,4,-115
1767173484.932238,-6,3,-115
1767173484.942238,-2,0,-111
1767173484.952238,-3,-3,-112
1767173484.962238,-5,-1,-117
1767173484.972238,-2,-4,-120
1767173484.982238,-6,-2,-123
1767173484.992238,-6,-3,-122
1767173485.002238,-3,0,-127
1767173485.0122385,-2,0,-130
1767173485.0222385,-4,-1,-134
1767173485.0322382,-1,-1,-138
1767173485.0422382,-1,-2,-136
1767173485.0522382,0,-3,-138
1767173485.0622382,1,-1,-138
1767173485.0722382,1,-2,-132
1767173485.0822382,3,-5,-131
1767173485.0922382,2,-9,-139
1767173485.1022382,3,-5,-134
1767173485.1122382,4,-4,-129
1767173485.1222382,0,-8,-134
1767173485.132238,-1,-8,-134
1767173485.142238,-6,-5,-131
1767173485.152238,-4,-3,-126
1767173485.162238,-7,-4,-125
1767173485.172238,-6,-4,-122
1767173485.182238,-3,-6,-122
1767173485.192238,0,-7,-121
1767173485.202238,-1,-9,-121
1767173485.212238,-6,-8,-115
1767173485.222238,-3,-4,-119
1767173485.232238,-2,-6,-115
1767173485.242238,0,-7,-116
1767173485.252238,4,-9,-126
1767173485.2622385,4,-8,-127
1767173485.2722385,1,-10,-130
1767173485.2822382,1,-8,-126
1767173485.2922382,0,-3,-126
1767173485.3022382,0,-4,-125
1767173485.3122382,5,-1,-128
1767173485.323238,8,0,-129
1767173485.3322382,2,-2,-130
1767173485.3422382,0,-3,-129
1767173485.3522382,-3,-4,-128
1767173485.3622382,0,-4,-126
1767173485.373238,0,-5,-120
1767173485.383238,2,-7,-127
1767173485.393238,3,-4,-133
1767173485.402238,3,0,-130
1767173485.412238,5,-1,-125
1767173485.423238,2,-7,-116
1767173485.4332385,7,-7,-114
1767173485.4432385,8,-5,-121
1767173485.4532382,7,-6,-124
1767173485.4632382,8,-4,-123
1767173485.4732382,5,-2,-133
1767173485.4832382,5,0,-132
1767173485.4932382,5,-1,-136
1767173485.5032382,3,-5,-132
1767173485.5132382,2,-7,-129
1767173485.5232382,5,-8,-128
1767173485.5332382,6,-9,-128
1767173485.5432382,4,-2,-130
1767173485.5532382,3,0,-128
1767173485.563238,6,0,-128
1767173485.573238,0,0,-128
1767173485.583238,-1,2,-126
1767173485.593238,0,0,-128
1767173485.603238,0,0,-136
1767173485.613238,1,2,-136
1767173485.623238,-1,4,-137
1767173485.633238,-1,1,-126
1767173485.643238,-3,-2,-126
1767173485.653238,-1,-3,-127
1767173485.663238,1,-7,-121
1767173485.673238,5,-3,-121
1767173485.6832385,10,-6,-120
1767173485.6932385,5,-3,-126
1767173485.7032382,2,1,-122
1767173485.7132382,0,2,-119
1767173485.7232382,-2,0,-120
1767173485.7332382,-3,0,-123
1767173485.7432382,-3,2,-124
1767173485.7532382,-1,-4,-128
1767173485.7632382,0,-9,-128
1767173485.7732382,-1,-6,-128
1767173485.7832382,-2,-2,-127
1767173485.7932382,1,-2,-126
1767173485.8032382,0,-10,-124
1767173485.813238,7,-7,-124
1767173485.823238,6,-6,-122
1767173485.833238,4,-2,-117
1767173485.843238,4,0,-120
1767173485.853238,4,0,-122
1767173485.863238,3,-6,-113
1767173485.873238,6,-4,-115
1767173485.883238,6,-4,-116
1767173485.893238,8,-2,-119
1767173485.903238,3,1,-122
1767173485.925238,0,5,-126
1767173485.9332385,0,3,-123
1767173485.9432385,-1,2,-126
1767173485.9532382,-5,1,-128
1767173485.9632382,-3,1,-129
1767173485.9732382,0,0,-136
1767173485.9832382,-1,-3,-136
1767173485.9932382,1,-5,-135
1767173486.0032382,2,-6,-134
1767173486.0132382,4,-4,-131
1767173486.0232382,0,0,-131
1767173486.0332382,0,0,-132
1767173486.0432382,-2,0,-128
1767173486.0532382,-3,0,-132
1767173486.063238,-4,0,-126
1767173486.073238,-5,6,-128
1767173486.083238,-6,4,-122
1767173486.093238,-6,5,-120
1767173486.103238,-7,5,-122
1767173486.113238,-7,0,-121
1767173486.123238,-7,0,-122
1767173486.133238,-6,0,-119
1767173486.143238,-3,1,-122
1767173486.153238,-4,0,-122
1767173486.163238,-5,0,-126
1767173486.173238,-6,-2,-126
1767173486.1832385,-6,1,-126
1767173486.1932385,-3,1,-129
1767173486.2032382,-4,0,-127
1767173486.2132382,-10,6,-126
1767173486.2232382,-9,6,-124
1767173486.2332382,-5,5,-126
1767173486.2432382,-1,0,-134
1767173486.2532382,-5,-4,-134
1767173486.2632382,-4,-3,-132
1767173486.2732382,-1,1,-127
1767173486.2832382,0,1,-120
1767173486.2932382,-2,1,-120
1767173486.3032382,-4,-2,-121
1767173486.313238,0,-3,-119
1767173486.323238,2,-4,-119
1767173486.333238,4,-7,-120
1767173486.343238,5,-8,-120
1767173486.353238,6,-6,-126
1767173486.363238,9,-4,-126
1767173486.373238,8,-4,-128
1767173486.383238,8,-4,-131
1767173486.393238,5,0,-122
1767173486.403238,7,0,-117
1767173486.413238,3,2,-120
1767173486.423238,2,-2,-132
1767173486.4332385,5,-4,-132
1767173486.4432385,8,-3,-123
1767173486.4532382,8,-3,-123
1767173486.4632382,7,-1,-126
1767173486.4732382,7,-1,-120
1767173486.4832382,8,-1,-118
1767173486.4932382,4,-4,-120
1767173486.5032382,1,-4,-122
1767173486.5132382,-1,-5,-126
1767173486.5232382,-2,-2,-123
1767173486.5332382,0,0,-124
1767173486.5432382,-1,-2,-121
1767173486.5532382,-1,-2,-120
1767173486.563238,-2,0,-123
1767173486.573238,-1,3,-128
1767173486.583238,1,0,-129
1767173486.593238,0,7,-129
1767173486.603238,0,11,-129
1767173486.613238,-3,8,-126
1767173486.623238,0,4,-126
1767173486.633238,-2,3,-124
1767173486.643238,-6,0,-126
1767173486.653238,-4,-1,-126
1767173486.663238,-1,0,-127
1767173486.673238,5,-4,-119
1767173486.6832385,2,-6,-120
1767173486.6932385,0,-9,-118
1767173486.7032382,2,-12,-115
1767173486.7132382,3,-10,-114
1767173486.7232382,3,-8,-115
1767173486.7332382,2,-6,-113
1767173486.7432382,3,0,-116
1767173486.7532382,3,0,-115
1767173486.7632382,3,-3,-128
1767173486.7732382,1,-5,-131
1767173486.7832382,0,-1,-132
1767173486.7932382,1,0,-133
1767173486.8032382,0,-3,-131
1767173486.813238,0,-2,-129
1767173486.823238,0,-6,-132
1767173486.833238,0,-5,-134
1767173486.843238,-1,-6,-131
1767173486.853238,0,-1,-128
1767173486.863238,3,0,-132
1767173486.873238,2,-2,-127
1767173486.883238,3,-4,-130
1767173486.893238,1,1,-126
1767173486.903238,0,1,-127
1767173486.913238,-6,6,-126
1767173486.923238,-7,5,-124
1767173486.9332385,-6,3,-130
1767173486.9432385,-4,4,-130
1767173486.9532382,-6,6,-131
1767173486.9632382,-4,7,-124
1767173486.9732382,-1,6,-125
1767173486.9832382,1,8,-130
1767173486.9932382,2,6,-124
1767173487.0032382,-1,0,-124
1767173487.0132382,-3,-1,-127
1767173487.0232382,-3,2,-130
1767173487.0332382,0,0,-125
1767173487.0432382,0,0,-126
1767173487.0532382,0,-4,-125
1767173487.063238,-2,-6,-122
1767173487.073238,1,-5,-120
1767173487.083238,5,-5,-124
1767173487.093238,4,-6,-124
1767173487.103238,3,-3,-120
1767173487.113238,2,-6,-120
1767173487.123238,-2,-4,-126
1767173487.133238,-3,-4,-119
1767173487.143238,0,-3,-126
1767173487.153238,0,-2,-131
1767173487.163238,-3,-1,-131
1767173487.173238,0,-2,-132
1767173487.1832385,1,-1,-131
1767173487.1932385,3,-3,-125
1767173487.2032382,1,-2,-124
1767173487.2132382,0,-4,-126
1767173487.2232382,1,-3,-130
1767173487.2332382,-1,0,-127
1767173487.2432382,0,2,-129
1767173487.2532382,-1,1,-123
1767173487.2632382,5,0,-123
1767173487.2732382,2,-7,-125
1767173487.2832382,0,-5,-128
1767173487.2932382,-4,-7,-136
1767173487.3032382,-7,-7,-129
1767173487.313238,-9,-8,-126
1767173487.323238,-9,-7,-131
1767173487.333238,-11,-5,-134
1767173487.343238,-6,-6,-131
1767173487.353238,-4,-6,-131
1767173487.363238,-5,-3,-131
1767173487.373238,-2,-1,-129
1767173487.383238,-4,2,-130
1767173487.393238,-4,2,-126
1767173487.403238,1,0,-123
1767173487.413238,1,-2,-127
1767173487.423238,2,-3,-131
1767173487.4332385,4,-7,-134
1767173487.4432385,0,-3,-134
1767173487.4532382,-1,-5,-136
1767173487.4632382,1,-7,-133
1767173487.4732382,3,-1,-134
1767173487.4832382,0,0,-131
1767173487.4932382,3,0,-131
1767173487.5032382,1,-1,-126
1767173487.5132382,0,-3,-129
1767173487.5232382,2,-3,-128
1767173487.5332382,6,-4,-127
1767173487.5432382,4,-3,-123
1767173487.5532382,-1,-2,-119
1767173487.563238,-3,1,-117
1767173487.573238,1,-2,-117
1767173487.583238,0,-1,-119
1767173487.593238,5,-8,-120
1767173487.603238,2,-7,-117
1767173487.613238,-2,-7,-122
1767173487.623238,0,0,-117
1767173487.633238,1,-7,-115
1767173487.643238,1,-4,-122
1767173487.653238,6,-3,-127
1767173487.663238,5,-3,-129
1767173487.673238,4,1,-131
1767173487.6832385,0,2,-129
1767173487.6932385,3,-1,-131
1767173487.7032382,-1,-3,-126
1767173487.7132382,-5,0,-120
1767173487.7232382,-7,-1,-122
1767173487.7332382,-6,-1,-126
1767173487.7432382,-5,1,-125
1767173487.7532382,-5,0,-123
1767173487.7632382,-3,2,-126
1767173487.7732382,0,-1,-125
1767173487.7832382,-1,0,-130
1767173487.7932382,-3,-2,-126
1767173487.8032382,-7,0,-125
1767173487.813238,-4,-2,-127
1767173487.823238,-3,-3,-125
1767173487.833238,-1,-1,-127
1767173487.843238,0,-3,-122
1767173487.853238,0,0,-123
1767173487.863238,3,2,-126
1767173487.873238,-2,3,-131
1767173487.883238,-3,1,-128
1767173487.893238,-2,4,-124
1767173487.903238,0,1,-129
1767173487.913238,4,5,-138
1767173487.923238,0,5,-127
1767173487.9332385,2,3,-131
1767173487.9432385,4,4,-126
1767173487.9532382,5,5,-126
1767173487.9632382,6,6,-129
1767173487.9732382,6,1,-128
1767173487.9832382,3,0,-128
1767173487.9932382,7,1,-132
1767173488.0032382,5,4,-134
1767173488.014238,6,2,-134
1767173488.024238,8,1,-132
1767173488.034238,6,-5,-128
1767173488.044238,10,-2,-126
1767173488.054238,4,-1,-129
1767173488.064238,4,0,-126
1767173488.074238,1,0,-125
1767173488.084238,-1,-3,-125
1767173488.094238,3,-3,-140
1767173488.1042385,2,-4,-137
1767173488.1142385,3,-4,-132
1767173488.1242385,2,0,-133
1767173488.1342382,0,-2,-135
1767173488.1442382,-1,-3,-136
1767173488.1542382,1,-3,-130
1767173488.1642382,6,-3,-129
1767173488.1742382,2,-7,-136
1767173488.1842382,7,-4,-127
1767173488.1942382,6,0,-129
1767173488.2042382,1,0,-131
1767173488.2142382,-3,1,-129
1767173488.2242382,-3,0,-135
1767173488.234238,1,1,-131
1767173488.244238,0,-2,-129
1767173488.254238,1,-4,-129
1767173488.264238,0,-6,-128
1767173488.274238,-1,-8,-130
1767173488.284238,-1,-8,-130
1767173488.294238,1,-6,-121
1767173488.304238,3,-4,-120
1767173488.314238,6,-6,-118
1767173488.324238,6,-2,-115
1767173488.334238,8,1,-119
1767173488.344238,7,1,-123
1767173488.3542385,8,0,-126
1767173488.3642385,5,-5,-124
1767173488.3742385,1,-7,-124
1767173488.3842382,2,-6,-119
1767173488.3942382,1,-10,-119
1767173488.4042382,3,-10,-126
1767173488.4142382,1,-11,-134
1767173488.4242382,6,-5,-137
1767173488.4342382,4,-5,-137
1767173488.4442382,4,-6,-137
1767173488.4542382,0,-6,-139
1767173488.4642382,0,-5,-145
1767173488.4742382,2,-4,-142
1767173488.484238,0,-6,-133
1767173488.494238,1,-4,-127
1767173488.504238,0,-4,-130
1767173488.514238,0,-6,-136
1767173488.524238,5,-3,-134
1767173488.534238,3,-5,-129
1767173488.544238,1,-5,-133
1767173488.554238,1,-1,-128
1767173488.564238,1,0,-124
1767173488.574238,0,-1,-124
1767173488.584238,-2,-6,-119
1767173488.594238,-2,-1,-119
1767173488.6042385,0,0,-126
1767173488.6142385,-1,2,-123
1767173488.6242385,-4,2,-124
1767173488.6342382,-4,4,-122
1767173488.6442382,-5,7,-128
1767173488.6542382,-4,6,-123
1767173488.6642382,-3,4,-122
1767173488.6742382,-6,1,-124
1767173488.6842382,0,-3,-122
1767173488.6942382,-2,0,-117
1767173488.7042382,-1,-2,-124
1767173488.7142382,-3,0,-129
1767173488.7242382,-1,2,-128
1767173488.734238,-5,5,-133
1767173488.744238,-5,6,-130
1767173488.754238,-4,1,-134
1767173488.764238,-1,0,-133
1767173488.774238,-1,1,-135
1767173488.784238,-2,6,-122
1767173488.794238,-3,3,-127
1767173488.804238,-8,2,-121
1767173488.814238,-10,4,-122
1767173488.824238,-8,5,-128
1767173488.834238,-6,6,-130
1767173488.844238,0,9,-129
1767173488.8542385,1,7,-126
1767173488.8642385,1,1,-128
1767173488.8742385,0,2,-133
1767173488.8842382,2,-1,-133
1767173488.8942382,0,-3,-129
1767173488.9042382,-2,-3,-128
1767173488.9142382,-2,-2,-131
1767173488.9242382,-4,-1,-123
1767173488.9342382,-7,-5,-124
1767173488.9442382,-4,-7,-121
1767173488.9542382,-4,-8,-120
1767173488.9642382,-4,-5,-125
1767173488.9742382,0,-4,-125
1767173488.984238,-2,-1,-127
1767173488.994238,-1,-3,-128
1767173489.004238,1,-2,-123
1767173489.014238,0,-1,-125
1767173489.024238,0,0,-133
1767173489.034238,-1,-1,-135
1767173489.044238,-1,0,-132
1767173489.054238,-3,-3,-123
1767173489.064238,-3,-4,-131
1767173489.074238,-3,0,-132
1767173489.084238,0,-3,-130
1767173489.094238,-4,-3,-126
1767173489.1042385,-7,-5,-135
1767173489.1142385,-3,-5,-133
1767173489.1242385,0,-5,-131
1767173489.1342382,-2,-4,-129
1767173489.1442382,-2,-6,-133
1767173489.1542382,-3,-7,-129
1767173489.1642382,-1,-9,-131
1767173489.1742382,-2,-10,-124
1767173489.1842382,-3,-11,-122
1767173489.1942382,-4,-10,-126
1767173489.2042382,2,-10,-130
1767173489.2142382,-3,-6,-128
1767173489.2242382,-7,-5,-128
1767173489.234238,-4,-7,-132
1767173489.244238,-1,-4,-130
1767173489.254238,-2,-7,-137
1767173489.264238,-1,-6,-139
1767173489.274238,3,-3,-137
1767173489.284238,0,-7,-134
1767173489.294238,-3,-7,-134
1767173489.304238,-2,-5,-131
1767173489.314238,2,-1,-126
1767173489.324238,4,-3,-123
1767173489.334238,0,-4,-119
1767173489.344238,-2,-3,-117
1767173489.3542385,-3,-1,-122
1767173489.3642385,0,2,-121
1767173489.3742385,0,2,-125
1767173489.3842382,5,2,-118
1767173489.3942382,4,0,-119
1767173489.4042382,3,-5,-116
1767173489.4142382,0,-8,-122
1767173489.4242382,0,-7,-121
1767173489.4342382,1,-6,-128
1767173489.4442382,0,-11,-138
1767173489.4542382,3,-8,-136
1767173489.4642382,2,-2,-134
1767173489.4742382,3,-4,-132
1767173489.484238,6,-2,-122
1767173489.494238,4,-3,-123
1767173489.504238,7,-2,-120
1767173489.514238,6,-1,-117
1767173489.524238,0,-4,-112
1767173489.534238,0,-4,-118
1767173489.544238,-1,-4,-115
1767173489.554238,1,-6,-111
1767173489.564238,-2,-4,-119
1767173489.574238,1,-2,-120
1767173489.584238,3,1,-121
1767173489.594238,3,1,-123
1767173489.6042385,4,-2,-122
1767173489.6142385,5,0,-125
1767173489.6242385,2,0,-123
1767173489.6342382,-4,-2,-127
1767173489.6442382,-7,-3,-134
1767173489.6542382,-3,-2,-129
1767173489.6642382,-5,1,-129
1767173489.6742382,-2,0,-123
1767173489.6842382,-5,-3,-121
1767173489.6942382,-1,-3,-123
1767173489.7042382,-3,-4,-116
1767173489.7142382,-3,-3,-116
1767173489.7242382,2,0,-109
1767173489.734238,3,-2,-113
1767173489.744238,0,-5,-117
1767173489.754238,0,-4,-113
1767173489.764238,5,-2,-116
1767173489.774238,7,-6,-121
1767173489.784238,7,-3,-120
1767173489.794238,6,-2,-121
1767173489.804238,2,-3,-118
1767173489.814238,0,0,-131
1767173489.824238,0,1,-127
1767173489.834238,-1,2,-131
1767173489.844238,-2,0,-133
1767173489.8542385,0,3,-136
1767173489.8642385,4,3,-136
1767173489.8742385,1,2,-130
1767173489.8842382,1,1,-133
1767173489.8942382,1,1,-130
1767173489.9042382,-1,0,-130
1767173489.9142382,0,-2,-124
1767173489.9242382,-3,-1,-129
1767173489.9342382,-9,0,-126
1767173489.9442382,-15,0,-124
1767173489.9542382,-15,-2,-125
1767173489.9642382,-6,1,-125
1767173489.9742382,0,-1,-119
1767173489.984238,1,-2,-119
1767173489.994238,5,-6,-123
1767173490.004238,1,-4,-122
1767173490.014238,-2,-2,-123
1767173490.024238,2,0,-119
1767173490.034238,2,-6,-115
1767173490.044238,0,-6,-116
1767173490.054238,4,-2,-121
1767173490.064238,2,-2,-128
1767173490.074238,2,-3,-130
1767173490.084238,2,-3,-131
1767173490.094238,0,-5,-126
1767173490.1042385,0,-4,-130
1767173490.1142385,7,-7,-134
1767173490.1242385,4,-5,-137
1767173490.1342382,1,-4,-135
1767173490.1442382,-4,4,-132
1767173490.1542382,-3,4,-130
1767173490.1642382,0,2,-131
1767173490.1742382,3,0,-127
1767173490.1842382,1,0,-126
1767173490.1942382,-1,-2,-128
1767173490.2042382,-5,-4,-136
1767173490.2142382,-2,-3,-135
1767173490.2242382,0,0,-132
1767173490.234238,0,-4,-127
1767173490.244238,1,-7,-130
1767173490.254238,-1,-6,-133
1767173490.264238,0,-2,-137
1767173490.274238,-1,-1,-136
1767173490.284238,-5,-3,-132
1767173490.294238,-6,-2,-129
1767173490.304238,-5,-1,-123
1767173490.314238,-6,0,-116
1767173490.324238,-5,-2,-110
1767173490.334238,-6,-6,-116
1767173490.344238,-3,-5,-123
1767173490.3542385,0,-4,-124
1767173490.3642385,0,-2,-130
1767173490.3742385,-2,-3,-130
1767173490.3842382,-3,-1,-121
1767173490.3942382,0,-2,-117
1767173490.4042382,-3,2,-118
1767173490.4142382,-3,1,-120
1767173490.4242382,1,3,-120
1767173490.4342382,1,3,-123
1767173490.4442382,-1,-3,-116
1767173490.4542382,-3,-3,-121
1767173490.4642382,-11,-3,-123
1767173490.4742382,-11,-2,-126
1767173490.484238,-6,-1,-128
1767173490.494238,-6,2,-126
1767173490.504238,-2,3,-127
1767173490.514238,-4,0,-125
1767173490.524238,-4,1,-128
1767173490.534238,-8,1,-132
1767173490.544238,-9,3,-132
1767173490.554238,-8,3,-135
1767173490.564238,-8,5,-132
1767173490.574238,-3,8,-124
1767173490.584238,-2,6,-126
1767173490.594238,-3,4,-125
1767173490.6042385,1,-1,-125
1767173490.6142385,5,-5,-124
1767173490.6242385,6,-8,-124
1767173490.6342382,1,-4,-122
1767173490.6442382,-1,-3,-118
1767173490.6542382,0,-1,-120
1767173490.6642382,0,-5,-126
1767173490.675238,5,-7,-122
1767173490.6842382,-1,-9,-124
1767173490.695238,-4,-7,-126
1767173490.705238,-2,-4,-126
1767173490.715238,-1,-4,-125
1767173490.725238,-1,-1,-122
1767173490.735238,-2,-2,-123
1767173490.745238,-2,1,-125
1767173490.755238,-1,-2,-121
1767173490.765238,-5,-1,-123
1767173490.775238,-3,-3,-121
1767173490.7852385,0,-4,-121
1767173490.7952385,0,0,-122
1767173490.8052382,2,0,-121
1767173490.8152382,6,-2,-126
1767173490.8252382,5,-4,-128
1767173490.8352382,4,-2,-129
1767173490.8452382,-1,-4,-128
1767173490.8552382,-9,-6,-128
1767173490.8652382,-3,-9,-128
1767173490.8752382,-3,-10,-127
1767173490.8852382,0,-8,-126
1767173490.8952382,-2,-1,-129
1767173490.9052382,-3,0,-130
1767173490.915238,1,-3,-128
1767173490.936238,0,-3,-124
1767173490.945238,0,-1,-126
1767173490.955238,-2,-1,-127
1767173490.965238,0,-3,-126
1767173490.975238,0,-4,-129
1767173490.985238,-1,-3,-128
1767173490.995238,-2,-1,-120
1767173491.005238,-5,0,-120
1767173491.015238,-6,-2,-120
1767173491.025238,0,0,-122
1767173491.0352385,2,0,-119
1767173491.0452385,0,-3,-114
1767173491.0552382,-2,-1,-115
1767173491.0652382,-2,0,-117
1767173491.0752382,-4,0,-118
1767173491.0852382,-5,-2,-118
1767173491.0952382,-4,-1,-116
1767173491.1052382,-3,-1,-116
1767173491.1152382,-1,-1,-119
1767173491.1252382,-3,-3,-121
1767173491.1352382,-3,-3,-118
1767173491.1452382,-8,-1,-120
1767173491.1552382,-9,0,-121
1767173491.165238,-6,4,-119
1767173491.175238,-3,1,-119
1767173491.185238,0,-5,-119
1767173491.195238,0,-6,-126
1767173491.205238,-2,-3,-128
1767173491.215238,-1,0,-137
1767173491.225238,0,1,-140
1767173491.235238,-2,0,-133
1767173491.245238,2,0,-127
1767173491.255238,1,0,-124
1767173491.265238,1,-4,-129
1767173491.275238,6,-6,-131
1767173491.2852385,7,-4,-130
1767173491.2952385,4,-5,-129
1767173491.3052382,2,-6,-122
1767173491.3152382,1,-5,-121
1767173491.3252382,1,0,-126
1767173491.3352382,4,-3,-128
1767173491.3452382,4,-5,-129
1767173491.3552382,6,-7,-130
1767173491.3652382,3,-9,-132
1767173491.3752382,0,-7,-132
1767173491.3852382,2,-13,-129
1767173491.3952382,5,-11,-130
1767173491.4052382,6,-11,-131
1767173491.415238,5,-10,-138
1767173491.425238,6,-9,-137
1767173491.435238,1,-8,-136
1767173491.445238,0,-9,-133
1767173491.455238,-2,-11,-134
1767173491.465238,-3,-10,-131
1767173491.475238,-3,-11,-134
1767173491.485238,-1,-11,-129
1767173491.495238,-1,-7,-130
1767173491.505238,-3,-2,-124
1767173491.515238,-1,-3,-124
1767173491.525238,-2,-2,-125
1767173491.5352385,-1,0,-125
1767173491.5452385,1,1,-122
1767173491.5552382,-3,0,-127
1767173491.5652382,0,2,-129
1767173491.5752382,-2,4,-128
1767173491.5852382,0,5,-127
1767173491.5952382,0,5,-125
1767173491.6052382,-4,5,-129
1767173491.6152382,-5,6,-132
1767173491.6252382,-6,2,-127
1767173491.6352382,-4,0,-126
1767173491.6452382,-2,0,-127
1767173491.6552382,-5,1,-119
1767173491.665238,-5,0,-120
1767173491.675238,-5,2,-122
1767173491.685238,-1,1,-117
1767173491.695238,-5,0,-123
1767173491.705238,-7,-1,-124
1767173491.715238,-5,0,-121
1767173491.725238,-5,0,-116
1767173491.735238,-4,-2,-123
1767173491.745238,-5,-4,-124
1767173491.755238,-4,-3,-124
1767173491.765238,0,-4,-126
1767173491.775238,2,-5,-126
1767173491.7852385,4,-7,-131
1767173491.7952385,3,-2,-125
1767173491.8052382,1,1,-129
1767173491.8152382,-2,1,-132
1767173491.8252382,-2,1,-126
1767173491.8352382,-8,0,-119
1767173491.8452382,-5,1,-117
1767173491.8552382,-3,0,-116
1767173491.8652382,-2,-2,-119
1767173491.8752382,1,-3,-119
1767173491.8852382,-2,-4,-123
1767173491.8952382,-1,-3,-127
1767173491.9052382,-6,-4,-123
1767173491.915238,-3,-7,-129
1767173491.925238,-2,-6,-126
1767173491.935238,0,-8,-127
1767173491.945238,0,-3,-131
1767173491.955238,-2,-1,-128
1767173491.965238,0,-2,-125
1767173491.975238,1,-2,-129
1767173491.985238,-1,-1,-125
1767173491.995238,0,-4,-125
1767173492.005238,2,-5,-131
1767173492.015238,6,-2,-131
1767173492.025238,5,0,-132
1767173492.0352385,0,-2,-128
1767173492.0452385,-4,-4,-126
1767173492.0552382,-2,-5,-129
1767173492.0652382,-3,-2,-135
1767173492.0752382,-1,-3,-133
1767173492.0852382,0,-2,-132
1767173492.0952382,-2,-3,-124
1767173492.1052382,-1,-4,-121
1767173492.1152382,-1,-6,-123
1767173492.1252382,0,-2,-118
1767173492.1352382,-2,-2,-123
1767173492.1452382,-6,-3,-133
1767173492.1552382,-4,-4,-132
1767173492.165238,0,-2,-142
1767173492.175238,1,-1,-139
1767173492.185238,2,-3,-131
1767173492.195238,4,-2,-138
1767173492.205238,2,-3,-141
1767173492.215238,2,-5,-137
1767173492.225238,0,-6,-133
1767173492.235238,0,-6,-130
1767173492.245238,0,-1,-129
1767173492.255238,3,-2,-135
1767173492.265238,2,-5,-134
1767173492.275238,-2,-5,-126
1767173492.2852385,0,-1,-117
1767173492.2952385,2,-4,-122
1767173492.3052382,2,-4,-128
1767173492.3152382,1,-5,-138
1767173492.3252382,0,-6,-139
1767173492.3352382,0,-7,-142
1767173492.3452382,0,-3,-135
1767173492.3552382,-1,-3,-125
1767173492.3652382,0,-3,-123
1767173492.3752382,1,-4,-124
1767173492.3852382,-1,-2,-119
1767173492.3952382,0,-4,-118
1767173492.4052382,4,-9,-121
1767173492.415238,2,-12,-119
1767173492.425238,-1,-9,-121
1767173492.435238,-3,-4,-118
1767173492.445238,0,-3,-113
1767173492.455238,2,-5,-123
1767173492.465238,3,-1,-121
1767173492.475238,2,-1,-120
1767173492.485238,3,-3,-128
1767173492.495238,3,-9,-132
1767173492.505238,1,-12,-129
1767173492.515238,0,-8,-127
1767173492.525238,0,-4,-121
1767173492.5352385,0,-1,-115
1767173492.5452385,2,0,-118
1767173492.5552382,5,1,-118
1767173492.5652382,5,2,-119
1767173492.5752382,5,0,-121
1767173492.5852382,4,0,-120
1767173492.5952382,0,-3,-113
1767173492.6052382,0,-3,-120
1767173492.6152382,2,-3,-123
1767173492.6252382,3,-3,-128
1767173492.6352382,0,-3,-124
1767173492.6452382,-4,-3,-123
1767173492.6552382,-7,-2,-129
1767173492.665238,-3,0,-126
1767173492.675238,-3,-1,-127
1767173492.685238,-4,0,-129
1767173492.695238,0,0,-137
1767173492.705238,3,0,-141
1767173492.715238,2,1,-140
1767173492.725238,0,3,-132
1767173492.735238,0,4,-132
1767173492.745238,-4,2,-132
1767173492.755238,-5,0,-138
1767173492.765238,-4,2,-134
1767173492.775238,-1,2,-125
1767173492.7852385,0,2,-121
1767173492.7952385,2,1,-120
1767173492.8052382,4,4,-123
1767173492.8152382,2,4,-124
1767173492.8252382,-2,3,-124
1767173492.8352382,-2,3,-128
1767173492.8452382,1,2,-129
1767173492.8552382,4,0,-131
1767173492.8652382,3,0,-132
1767173492.8752382,1,-1,-139
1767173492.8852382,1,-3,-135
1767173492.8952382,0,-3,-131
1767173492.9052382,4,-3,-128
1767173492.915238,1,0,-129
1767173492.925238,3,5,-121
1767173492.935238,-2,6,-117
1767173492.945238,-2,3,-120
1767173492.955238,-1,5,-126
1767173492.965238,3,4,-125
1767173492.975238,-1,3,-129
1767173492.985238,0,2,-128
1767173492.995238,-2,0,-123
1767173493.005238,-1,4,-116
1767173493.015238,-3,8,-117
1767173493.025238,-1,7,-116
1767173493.0352385,0,8,-123
1767173493.0452385,0,5,-129
1767173493.0552382,-1,4,-127
1767173493.0652382,0,0,-130
1767173493.0752382,0,-3,-133
1767173493.0852382,1,-3,-133
1767173493.0952382,0,-7,-128
1767173493.1052382,-3,-4,-130
1767173493.1152382,-3,-4,-129
1767173493.1252382,0,-6,-120
1767173493.1352382,0,-7,-122
1767173493.1452382,-2,-9,-125
1767173493.1552382,-4,-9,-124
1767173493.165238,-1,-8,-119
1767173493.175238,0,-7,-122
1767173493.185238,0,-9,-121
1767173493.195238,2,-11,-115
1767173493.205238,-2,-3,-119
1767173493.215238,-3,-2,-122
1767173493.2262385,-5,-1,-129
1767173493.235238,-7,-2,-132
1767173493.245238,-6,-4,-124
1767173493.255238,-7,-5,-131
1767173493.265238,-10,-5,-127
1767173493.2762382,-8,-3,-128
1767173493.2862382,0,-4,-132
1767173493.2962382,0,-5,-135
1767173493.3052382,0,-3,-135
1767173493.3152382,0,-6,-134
1767173493.3262382,-3,-5,-133
1767173493.336238,-7,-4,-132
1767173493.346238,-10,-6,-128
1767173493.356238,-8,-7,-126
1767173493.366238,-8,0,-124
1767173493.376238,-11,0,-125
1767173493.386238,-7,-2,-125
1767173493.396238,-3,0,-128
1767173493.406238,-4,-3,-127
1767173493.416238,-3,-3,-125
1767173493.426238,-3,-1,-122
1767173493.436238,-2,4,-122
1767173493.446238,-1,5,-121
1767173493.4562385,-3,4,-128
1767173493.4662385,-5,2,-126
1767173493.4762385,-2,3,-126
1767173493.4862382,0,4,-130
1767173493.4962382,-4,0,-126
1767173493.5062382,-3,-4,-130
1767173493.5162382,0,-2,-131
1767173493.5262382,-2,-2,-129
1767173493.5362382,-3,-4,-129
1767173493.5462382,5,-4,-129
1767173493.5562382,9,-4,-125
1767173493.5662382,7,-3,-126
1767173493.5762382,2,-6,-130
1767173493.586238,-1,-7,-132
1767173493.596238,-2,-8,-136
1767173493.606238,-7,-10,-136
1767173493.616238,-6,-13,-131
1767173493.626238,-9,-11,-127
1767173493.636238,-6,-10,-127
1767173493.646238,-2,-7,-121
1767173493.656238,-1,-3,-123
1767173493.666238,1,-4,-128
1767173493.676238,-1,-8,-125
1767173493.686238,0,-8,-122
1767173493.696238,-2,-4,-112
1767173493.7062385,-3,0,-113
1767173493.7162385,-4,2,-116
1767173493.7262385,-5,2,-129
1767173493.7362382,-3,3,-133
1767173493.7462382,-4,0,-131
1767173493.7562382,0,3,-135
1767173493.7662382,0,2,-130
1767173493.7762382,5,0,-127
1767173493.7862382,3,2,-122
1767173493.7962382,2,3,-130
1767173493.8062382,0,3,-128
1767173493.8162382,0,0,-127
1767173493.8262382,0,1,-121
1767173493.836238,-1,0,-121
1767173493.846238,0,-4,-125
1767173493.856238,1,-5,-130
1767173493.866238,-1,-3,-131
1767173493.876238,-6,-3,-132
1767173493.886238,-1,-3,-134
1767173493.896238,4,-1,-131
1767173493.906238,2,-2,-121
1767173493.916238,4,-6,-128
1767173493.926238,5,-5,-131
1767173493.936238,7,-4,-128
1767173493.946238,6,-4,-126
1767173493.9562385,4,-5,-128
1767173493.9662385,3,-1,-129
1767173493.9762385,0,1,-130
1767173493.9862382,0,0,-123
1767173493.9962382,-6,0,-125
1767173494.0062382,-2,0,-123
1767173494.0162382,-4,2,-126
1767173494.0262382,0,3,-132
1767173494.0362382,-2,4,-131
1767173494.0462382,-2,4,-129
1767173494.0562382,2,6,-134
1767173494.0662382,-1,3,-130
1767173494.0762382,3,0,-126
1767173494.086238,1,0,-127
1767173494.096238,-1,0,-128
1767173494.106238,2,-2,-135
1767173494.116238,0,-1,-140
1767173494.126238,-4,-3,-138
1767173494.136238,-3,-3,-138
1767173494.146238,-5,-3,-133
1767173494.156238,-2,0,-129
1767173494.166238,0,-1,-136
1767173494.176238,-2,-6,-138
1767173494.186238,-5,-6,-140
1767173494.196238,-5,-6,-140
1767173494.2062385,-7,-4,-142
1767173494.2162385,-7,-2,-134
1767173494.2262385,0,-6,-121
1767173494.2362382,-1,-9,-124
1767173494.2462382,-2,-6,-120
1767173494.2562382,-5,-4,-117
1767173494.2662382,-3,-4,-120
1767173494.2762382,-4,-4,-122
1767173494.2862382,-1,-5,-125
1767173494.2962382,-3,-1,-130
1767173494.3062382,-3,0,-135
1767173494.3162382,-2,1,-134
1767173494.3262382,-1,2,-128
1767173494.336238,-1,0,-124
1767173494.346238,1,2,-119
1767173494.356238,2,4,-121
1767173494.366238,7,5,-122
1767173494.376238,7,2,-121
1767173494.386238,6,1,-117
1767173494.396238,6,-1,-128
1767173494.406238,7,-4,-120
1767173494.416238,7,-1,-123
1767173494.426238,5,-2,-119
1767173494.436238,3,-2,-120
1767173494.446238,2,-1,-120
1767173494.4562385,4,-3,-119
1767173494.4662385,4,-5,-124
1767173494.4762385,3,-7,-132
1767173494.4862382,1,-2,-129
1767173494.4962382,-3,-2,-126
1767173494.5062382,-3,-6,-128
1767173494.5162382,1,-8,-130
1767173494.5262382,4,-6,-134
1767173494.5362382,0,-2,-136
1767173494.5462382,2,-7,-135
1767173494.5562382,3,-8,-132
1767173494.5662382,4,-7,-126
1767173494.5762382,5,-6,-123
1767173494.586238,6,-8,-124
1767173494.596238,5,-5,-125
1767173494.606238,4,-4,-125
1767173494.616238,2,-1,-131
1767173494.626238,4,0,-127
1767173494.636238,0,0,-129
1767173494.646238,0,1,-125
1767173494.656238,-1,-3,-124
1767173494.666238,-4,-4,-120
1767173494.676238,-5,-4,-120
1767173494.686238,-3,-3,-120
1767173494.696238,-3,-3,-124
1767173494.7062385,0,-4,-133
1767173494.7162385,0,-4,-133
1767173494.7262385,5,-4,-135
1767173494.7362382,5,0,-131
1767173494.7462382,4,0,-134
1767173494.7562382,0,-2,-128
1767173494.7662382,-2,-3,-126
1767173494.7762382,0,-3,-127
1767173494.7862382,1,2,-128
1767173494.7962382,2,3,-133
1767173494.8062382,-1,4,-132
1767173494.8162382,0,10,-134
1767173494.8262382,0,6,-124
1767173494.836238,-1,5,-122
1767173494.846238,0,6,-116
1767173494.856238,-5,6,-124
1767173494.866238,-4,8,-124
1767173494.876238,-2,7,-124
1767173494.886238,0,4,-128
1767173494.896238,0,-1,-129
1767173494.906238,-3,-4,-128
1767173494.916238,-2,-3,-127
1767173494.926238,-2,-2,-131
1767173494.936238,-6,-1,-134
1767173494.946238,-3,0,-133
1767173494.9562385,-3,0,-131
1767173494.9662385,-5,-2,-125
1767173494.9762385,0,-3,-123
1767173494.9862382,3,-1,-122
1767173494.9962382,2,0,-130
1767173495.0062382,0,-3,-130
1767173495.0162382,-3,-4,-131
1767173495.0262382,0,0,-135
1767173495.0362382,4,0,-129
1767173495.0462382,5,3,-126
1767173495.0562382,4,3,-125
1767173495.0662382,3,0,-125
1767173495.0762382,1,2,-129
1767173495.086238,-2,1,-133
1767173495.096238,1,-2,-133
1767173495.106238,-3,-1,-128
1767173495.116238,-1,1,-126
1767173495.126238,0,3,-124
1767173495.136238,3,4,-120
1767173495.146238,0,5,-123
1767173495.156238,-2,3,-123
1767173495.166238,0,-1,-123
1767173495.176238,-1,-5,-122
1767173495.186238,-4,-4,-121
1767173495.196238,-6,-3,-121
1767173495.2062385,-3,0,-124
1767173495.2162385,-6,1,-125
1767173495.2262385,-7,0,-123
1767173495.2362382,-2,3,-132
1767173495.2462382,-1,6,-134
1767173495.2562382,-1,9,-128
1767173495.2662382,0,8,-127
1767173495.2762382,2,7,-124
1767173495.2862382,2,4,-123
1767173495.2962382,2,3,-126
1767173495.3062382,4,4,-127
1767173495.3162382,0,3,-124
1767173495.3262382,-2,-1,-127
1767173495.336238,0,-4,-128
1767173495.346238,1,-5,-127
1767173495.356238,0,-5,-128
1767173495.366238,-3,-4,-127
1767173495.376238,-5,-5,-129
1767173495.386238,-4,-2,-129
1767173495.396238,-2,-3,-126
1767173495.406238,-2,-4,-122
1767173495.416238,-1,-5,-125
1767173495.426238,-1,-5,-128
1767173495.436238,-1,-5,-134
1767173495.446238,0,0,-124
1767173495.4562385,1,4,-133
1767173495.4662385,3,2,-135
1767173495.4762385,2,0,-130
1767173495.4862382,5,0,-129
1767173495.4962382,6,-1,-129
1767173495.5062382,2,0,-131
1767173495.5162382,-2,0,-128
1767173495.5262382,-1,0,-129
1767173495.5362382,0,2,-132
1767173495.5462382,-3,5,-124
1767173495.5562382,-4,5,-122
1767173495.5662382,0,2,-122
1767173495.5762382,0,-2,-129
1767173495.586238,-6,-9,-127
1767173495.596238,-5,-8,-128
1767173495.606238,-3,-6,-131
1767173495.616238,-3,-6,-135
1767173495.626238,-5,-1,-132
1767173495.636238,-3,0,-129
1767173495.646238,-3,3,-119
1767173495.656238,1,5,-121
1767173495.666238,0,2,-122
1767173495.676238,-2,2,-124
1767173495.686238,-3,1,-128
1767173495.696238,0,2,-124
1767173495.7062385,0,0,-126
1767173495.7162385,1,1,-126
1767173495.7262385,5,5,-130
1767173495.7362382,5,4,-125
1767173495.7462382,7,3,-134
1767173495.7562382,3,3,-132
1767173495.7662382,3,4,-135
1767173495.7762382,1,8,-135
1767173495.7862382,-2,8,-135
1767173495.7962382,-3,6,-136
1767173495.8062382,-5,3,-132
1767173495.8162382,-7,3,-129
1767173495.8262382,-7,2,-129
1767173495.836238,-6,2,-121
1767173495.846238,-3,3,-126
1767173495.856238,0,4,-127
1767173495.866238,2,5,-124
1767173495.876238,2,1,-123
1767173495.886238,1,-2,-125
1767173495.8972385,0,0,-125
1767173495.906238,1,-3,-131
1767173495.9172382,1,-4,-135
1767173495.9272382,1,-6,-140
1767173495.949238,4,-6,-139
1767173495.9572382,2,-6,-144
1767173495.9672382,2,-9,-143
1767173495.9772382,-1,-11,-146
1767173495.9872382,1,-4,-137
1767173495.9972382,1,-3,-137
1767173496.007238,-1,-5,-129
1767173496.017238,-1,-10,-130
1767173496.027238,-3,-6,-130
1767173496.037238,-2,-3,-126
1767173496.047238,-5,-6,-119
1767173496.057238,-3,-2,-117
1767173496.067238,-5,-7,-114
1767173496.077238,-4,-6,-115
1767173496.087238,-6,-8,-118
1767173496.097238,-2,-9,-115
1767173496.107238,-1,-9,-114
1767173496.117238,2,-10,-119
1767173496.127238,4,-6,-120
1767173496.1372385,5,-3,-118
1767173496.1472385,0,2,-118
1767173496.1572382,-2,2,-114
1767173496.1672382,0,4,-118
1767173496.1772382,-2,0,-129
1767173496.1872382,-2,0,-126
1767173496.1972382,-4,0,-132
1767173496.2072382,-5,-1,-136
1767173496.2172382,-2,0,-143
1767173496.2272382,-2,0,-141
1767173496.2372382,2,0,-138
1767173496.2472382,3,1,-132
1767173496.257238,-4,2,-140
1767173496.267238,-5,7,-144
1767173496.277238,-3,3,-140
1767173496.287238,-3,3,-140
1767173496.297238,0,3,-135
1767173496.307238,0,2,-130
1767173496.317238,1,0,-125
1767173496.327238,-2,-2,-126
1767173496.337238,0,-3,-128
1767173496.347238,2,-6,-127
1767173496.357238,1,-1,-129
1767173496.367238,0,0,-126
1767173496.377238,-2,-2,-129
1767173496.3872385,0,-3,-128
1767173496.3972385,0,-3,-131
1767173496.4072382,-1,-2,-131
1767173496.4172382,0,-4,-131
1767173496.4272382,-1,-2,-124
1767173496.4372382,-2,0,-121
1767173496.4472382,0,-1,-118
1767173496.4572382,1,-4,-121
1767173496.4672382,0,0,-121
1767173496.4772382,-2,0,-120
1767173496.4872382,-6,1,-124
1767173496.4972382,-3,1,-121
1767173496.507238,-3,0,-123
1767173496.517238,-3,-3,-122
1767173496.527238,-1,-2,-130
1767173496.537238,-4,-1,-128
1767173496.547238,-5,-5,-132
1767173496.557238,-6,-5,-136
1767173496.567238,-1,-6,-137
1767173496.577238,2,-8,-139
1767173496.587238,3,-9,-136
1767173496.597238,0,-10,-135
1767173496.607238,1,-7,-129
1767173496.617238,7,-6,-125
1767173496.627238,8,-2,-132
1767173496.6372385,1,-2,-135
1767173496.6472385,-6,-1,-132
1767173496.6572382,-6,-3,-137
1767173496.6672382,-1,1,-134
1767173496.6772382,-3,1,-129
1767173496.6872382,-6,0,-133
1767173496.6972382,-8,-1,-137
1767173496.7072382,-6,-1,-130
1767173496.7172382,-2,2,-131
1767173496.7272382,-6,2,-131
1767173496.7372382,-11,3,-134
1767173496.7472382,-7,0,-134
1767173496.757238,-7,0,-135
1767173496.767238,-10,0,-132
1767173496.777238,-13,-1,-129
1767173496.787238,-9,-1,-132
1767173496.797238,-9,-1,-130
1767173496.807238,-7,-2,-130
1767173496.817238,-6,-3,-127
1767173496.827238,-4,-2,-131
1767173496.837238,0,0,-127
1767173496.847238,0,0,-123
1767173496.857238,1,-1,-126
1767173496.867238,5,1,-130
1767173496.877238,4,1,-129
1767173496.8872385,9,1,-124
1767173496.8972385,10,0,-126
1767173496.9072382,11,-2,-126
1767173496.9172382,8,-3,-123
1767173496.9272382,6,0,-114
1767173496.9372382,-1,4,-119
1767173496.9472382,0,2,-123
1767173496.9572382,1,3,-128
1767173496.9672382,-1,-1,-129
1767173496.9772382,0,-5,-128
1767173496.9872382,2,-6,-131
1767173496.9972382,1,-7,-134
1767173497.007238,0,-6,-128
1767173497.017238,0,0,-124
1767173497.027238,0,0,-120
1767173497.037238,-1,-1,-121
1767173497.047238,0,-5,-126
1767173497.057238,-5,-3,-131
1767173497.067238,-6,-7,-127
1767173497.077238,-7,-11,-119
1767173497.087238,-3,-7,-124
1767173497.097238,-2,-2,-126
1767173497.107238,-3,0,-123
1767173497.117238,-5,1,-122
1767173497.127238,-8,3,-127
1767173497.1372385,-9,2,-130
1767173497.1472385,-9,2,-132
1767173497.1572382,-4,4,-135
1767173497.1672382,-3,0,-126
1767173497.1772382,-6,-3,-122
1767173497.1872382,-6,-4,-118
1767173497.1972382,-4,-2,-118
1767173497.2072382,-7,0,-120
1767173497.2172382,-8,1,-122
1767173497.2272382,-7,2,-126
1767173497.2372382,-4,4,-129
1767173497.2472382,0,-1,-136
1767173497.257238,2,0,-130
1767173497.267238,5,0,-131
1767173497.277238,1,0,-139
1767173497.287238,-1,3,-140
1767173497.297238,-2,1,-140
1767173497.307238,-1,0,-130
1767173497.317238,-3,-3,-137
1767173497.327238,-1,-1,-135
1767173497.337238,-4,0,-135
1767173497.347238,-1,3,-130
1767173497.357238,0,3,-127
1767173497.367238,0,0,-131
1767173497.377238,0,-4,-132
1767173497.3872385,0,-5,-137
1767173497.3972385,1,-1,-136
1767173497.4072382,3,1,-142
1767173497.4172382,0,0,-141
1767173497.4272382,0,2,-135
1767173497.4372382,-1,0,-136
1767173497.4472382,0,2,-132
1767173497.4572382,1,5,-133
1767173497.4672382,4,5,-134
1767173497.4772382,2,4,-128
1767173497.4872382,3,4,-134
1767173497.4972382,1,3,-130
1767173497.507238,0,0,-130
1767173497.517238,-6,4,-122
1767173497.527238,-5,2,-117
1767173497.537238,-6,-1,-112
1767173497.547238,0,-1,-115
1767173497.557238,0,-6,-118
1767173497.567238,-1,-4,-115
1767173497.577238,-6,-3,-106
1767173497.587238,-4,-2,-105
1767173497.597238,-4,0,-115
1767173497.607238,-2,2,-120
1767173497.617238,-1,0,-123
1767173497.627238,2,-1,-127
1767173497.6372385,4,0,-131
1767173497.6482382,1,-5,-131
1767173497.6572382,0,-4,-133
1767173497.6672382,7,-6,-139
1767173497.6772382,7,-3,-133
1767173497.6872382,1,-1,-128
1767173497.6972382,0,-1,-127
1767173497.7072382,0,0,-131
1767173497.7172382,3,-3,-129
1767173497.7272382,4,0,-132
1767173497.7372382,4,1,-128
1767173497.7472382,4,-2,-127
1767173497.757238,2,-1,-126
1767173497.767238,1,-4,-125
1767173497.777238,0,-2,-127
1767173497.787238,0,0,-133
1767173497.797238,-2,0,-128
1767173497.807238,1,1,-122
1767173497.817238,2,4,-120
1767173497.827238,5,1,-126
1767173497.837238,6,0,-124
1767173497.847238,3,1,-118
1767173497.857238,0,0,-121
1767173497.867238,-4,-4,-130
1767173497.877238,-1,-8,-127
1767173497.8872385,0,-5,-126
1767173497.8972385,-1,0,-131
1767173497.9072382,-1,4,-129
1767173497.9172382,-2,4,-128
1767173497.9272382,1,4,-126
1767173497.9372382,0,4,-130
1767173497.9472382,-2,6,-129
1767173497.9572382,-5,6,-128
1767173497.9672382,-2,3,-131
1767173497.9772382,-1,2,-130
1767173497.9872382,-2,5,-133
1767173497.9972382,-1,0,-135
1767173498.007238,1,1,-127
1767173498.017238,1,2,-130
1767173498.027238,0,0,-133
1767173498.037238,-1,0,-135
1767173498.047238,-4,0,-128
1767173498.057238,-10,0,-127
1767173498.067238,-9,-1,-123
1767173498.077238,-6,0,-126
1767173498.087238,0,0,-133
1767173498.097238,-3,0,-134
1767173498.107238,-7,-2,-140
1767173498.117238,0,0,-133
1767173498.127238,4,3,-127
1767173498.1372385,6,-1,-133
1767173498.1472385,3,-5,-132
1767173498.1572382,-1,-2,-127
1767173498.1672382,-4,0,-118
1767173498.1772382,-2,-1,-119
1767173498.1872382,-1,-1,-120
1767173498.1972382,0,-2,-125
1767173498.2072382,2,-5,-128
1767173498.2172382,1,-2,-132
1767173498.2272382,1,1,-132
1767173498.2372382,0,-1,-124
1767173498.2472382,0,-2,-122
1767173498.257238,1,-3,-123
1767173498.267238,6,-2,-122
1767173498.277238,3,-2,-129
1767173498.287238,0,-4,-121
1767173498.297238,0,-5,-120
1767173498.307238,-2,-3,-125
1767173498.317238,-6,-3,-119
1767173498.327238,-5,-3,-125
1767173498.337238,1,0,-123
1767173498.347238,-2,-3,-119
1767173498.357238,-1,1,-117
1767173498.367238,-3,0,-112
1767173498.377238,-2,0,-119
1767173498.3872385,-3,-2,-125
1767173498.3972385,-1,-6,-121
1767173498.4072382,-1,-7,-122
1767173498.4172382,-2,-1,-126
1767173498.4272382,-3,0,-128
1767173498.4372382,0,4,-127
1767173498.4472382,-2,6,-128
1767173498.4572382,-1,4,-128
1767173498.4672382,1,1,-131
1767173498.4772382,2,2,-130
1767173498.4872382,2,3,-134
1767173498.4972382,0,0,-135
1767173498.507238,0,-2,-133
1767173498.518238,-3,1,-127
1767173498.527238,-1,1,-128
1767173498.538238,4,0,-121
1767173498.547238,2,-2,-119
1767173498.5582385,1,1,-125
1767173498.5682385,0,2,-131
1767173498.5782382,0,0,-133
1767173498.5882382,1,0,-128
1767173498.597238,6,1,-130
1767173498.6082382,0,0,-133
1767173498.6182382,4,2,-132
1767173498.6282382,5,5,-133
1767173498.6382382,5,3,-136
1767173498.6482382,6,0,-137
1767173498.6582382,10,1,-135
1767173498.6682382,6,1,-135
1767173498.6782382,8,-1,-134
1767173498.688238,1,-3,-140
1767173498.698238,0,-4,-139
1767173498.708238,-2,-5,-135
1767173498.718238,0,-3,-135
1767173498.728238,0,-4,-135
1767173498.738238,-3,-1,-134
1767173498.748238,-3,-3,-127
1767173498.758238,-1,0,-123
1767173498.768238,1,-1,-117
1767173498.778238,1,-5,-115
1767173498.788238,0,-6,-114
1767173498.798238,-2,-5,-117
1767173498.8082385,-1,-3,-121
1767173498.8182385,0,-1,-127
1767173498.8282382,-2,1,-128
1767173498.8382382,-3,4,-129
1767173498.8482382,-2,3,-126
1767173498.8582382,-5,1,-124
1767173498.8682382,-5,1,-125
1767173498.8782382,-7,1,-125
1767173498.8882382,-7,0,-124
1767173498.8982382,-9,1,-125
1767173498.9082382,-3,-1,-120
1767173498.9182382,-2,-4,-120
1767173498.9282382,-1,-5,-119
1767173498.938238,-1,-6,-126
1767173498.948238,3,-8,-129
1767173498.958238,0,-3,-121
1767173498.968238,0,-2,-123
1767173498.978238,-2,0,-126
1767173498.988238,-3,-1,-121
1767173498.998238,-3,0,-127
1767173499.008238,-1,-2,-127
1767173499.018238,0,-2,-120
1767173499.028238,-2,-1,-122
1767173499.038238,0,2,-122
1767173499.048238,1,3,-125
1767173499.0582385,5,2,-127
1767173499.0682385,6,4,-127
1767173499.0782382,1,2,-123
1767173499.0882382,3,3,-120
1767173499.0982382,3,3,-118
1767173499.1082382,1,2,-119
1767173499.1182382,3,0,-123
1767173499.1282382,0,0,-125
1767173499.1382382,0,0,-126
1767173499.1482382,-1,-1,-124
1767173499.1582382,-2,0,-134
1767173499.1682382,-5,0,-133
1767173499.1782382,-4,0,-129
1767173499.188238,2,0,-132
1767173499.198238,0,1,-132
1767173499.208238,-1,-3,-132
1767173499.218238,0,-5,-128
1767173499.228238,2,-7,-131
1767173499.238238,2,-3,-128
1767173499.248238,4,-4,-124
1767173499.258238,0,-4,-125
1767173499.268238,0,-3,-128
1767173499.278238,0,-3,-134
1767173499.288238,1,-4,-131
1767173499.298238,0,-4,-136
1767173499.3082385,-1,-2,-139
1767173499.3182385,0,-2,-142
1767173499.3282382,0,-1,-140
1767173499.3382382,1,0,-135
1767173499.3482382,0,-2,-132
1767173499.3582382,-4,0,-136
1767173499.3682382,-4,-5,-130
1767173499.3782382,0,-4,-128
1767173499.3882382,-1,-1,-125
1767173499.3982382,-2,0,-129
1767173499.4082382,-5,-1,-127
1767173499.4182382,-5,-5,-131
1767173499.4282382,-8,-5,-136
1767173499.438238,-6,-7,-135
1767173499.448238,-5,-8,-130
1767173499.458238,0,-7,-133
1767173499.468238,0,-4,-128
1767173499.478238,3,-1,-118
1767173499.488238,-1,0,-110
1767173499.498238,-4,1,-111
1767173499.508238,-5,5,-116
1767173499.518238,-9,3,-118
1767173499.528238,-7,2,-115
1767173499.538238,-3,2,-119
1767173499.548238,-2,1,-120
1767173499.5582385,-3,0,-123
1767173499.5682385,-2,0,-126
1767173499.5782382,-3,0,-131
1767173499.5882382,-3,0,-133
1767173499.5982382,-8,-2,-131
1767173499.6082382,-8,-1,-131
1767173499.6182382,-11,0,-132
1767173499.6282382,-14,4,-124
1767173499.6382382,-14,1,-134
1767173499.6482382,-13,-3,-124
1767173499.6582382,-13,-3,-128
1767173499.6682382,-13,-3,-129
1767173499.6782382,-12,-2,-126
1767173499.688238,-10,-4,-121
1767173499.698238,-6,-4,-124
1767173499.708238,-3,-1,-122
1767173499.718238,-2,-3,-117
1767173499.728238,-3,0,-131
1767173499.738238,-2,4,-132
1767173499.748238,-5,4,-136
1767173499.758238,0,1,-131
1767173499.768238,-3,-1,-133
1767173499.778238,-2,-5,-139
1767173499.788238,2,-8,-134
1767173499.798238,2,-8,-133
1767173499.8082385,5,-2,-138
1767173499.8182385,1,0,-139
1767173499.8282382,-3,1,-139
1767173499.8382382,-3,3,-134
1767173499.8482382,-4,1,-127
1767173499.8582382,-1,2,-127
1767173499.8682382,0,2,-129
1767173499.8782382,0,3,-128
1767173499.8882382,0,0,-131
1767173499.8982382,0,2,-135
1767173499.9082382,3,0,-134
1767173499.9182382,3,0,-128
1767173499.9282382,0,0,-131
1767173499.938238,-2,-1,-130
1767173499.948238,-5,-3,-133
1767173499.958238,-4,-2,-121
1767173499.968238,-11,-5,-118
1767173499.978238,-6,-1,-118
1767173499.988238,-2,0,-119
1767173499.998238,-2,2,-117
1767173500.008238,4,1,-118
1767173500.018238,1,7,-128
1767173500.028238,2,4,-129
1767173500.038238,2,3,-134
1767173500.048238,4,6,-139
1767173500.0582385,4,4,-138
1767173500.0682385,3,-2,-131
1767173500.0782382,0,-5,-130
1767173500.0882382,-2,-5,-125
1767173500.0982382,3,-1,-129
1767173500.1082382,2,-1,-129
1767173500.1182382,7,-2,-138
1767173500.1282382,7,-3,-130
1767173500.1382382,3,-4,-129
1767173500.1482382,1,1,-130
1767173500.1582382,2,-2,-130
1767173500.1682382,4,-1,-129
1767173500.1782382,7,-1,-130
1767173500.188238,1,-2,-133
1767173500.198238,2,0,-130
1767173500.208238,4,3,-134
1767173500.218238,5,6,-140
1767173500.228238,6,6,-134
1767173500.238238,7,2,-136
1767173500.248238,5,-2,-137
1767173500.258238,2,0,-132
1767173500.268238,3,1,-133
1767173500.278238,0,0,-134
1767173500.288238,-3,-2,-128
1767173500.298238,-8,0,-127
1767173500.3082385,-7,0,-126
1767173500.3182385,-2,1,-120
1767173500.3282382,0,3,-115
1767173500.3382382,0,4,-121
1767173500.3482382,-2,1,-126
1767173500.3582382,-2,-1,-132
1767173500.3682382,0,-4,-141
1767173500.3782382,0,-2,-145
1767173500.3882382,-2,-3,-147
1767173500.3982382,-5,-3,-140
1767173500.4082382,-8,-4,-133
1767173500.4182382,-7,-1,-135
1767173500.4282382,0,-2,-135
1767173500.438238,3,0,-127
1767173500.448238,1,1,-124
1767173500.458238,-1,-3,-122
1767173500.468238,-3,0,-126
1767173500.478238,-1,1,-128
1767173500.488238,0,-2,-134
1767173500.498238,-2,-1,-137
1767173500.508238,2,-2,-134
1767173500.518238,6,0,-132
1767173500.528238,6,-2,-128
1767173500.538238,5,-4,-133
1767173500.548238,4,-4,-127
1767173500.5582385,4,-5,-128
1767173500.5682385,3,-4,-125
1767173500.5782382,0,-3,-129
1767173500.5882382,1,-2,-132
1767173500.5982382,4,-3,-130
1767173500.6082382,5,0,-131
1767173500.6182382,3,0,-135
1767173500.6282382,6,0,-131
1767173500.6382382,2,0,-131
1767173500.6482382,-3,6,-130
1767173500.6582382,-3,8,-131
1767173500.6682382,-2,3,-133
1767173500.6782382,0,1,-123
1767173500.688238,0,3,-127
1767173500.698238,0,-1,-133
1767173500.708238,-2,0,-128
1767173500.718238,-4,2,-125
1767173500.728238,0,3,-127
1767173500.738238,0,6,-126
1767173500.748238,1,0,-129
1767173500.758238,0,0,-131
1767173500.768238,5,2,-138
1767173500.778238,2,3,-139
1767173500.788238,4,2,-140
1767173500.798238,1,2,-134
1767173500.8082385,8,1,-133
1767173500.8182385,6,7,-131
1767173500.8282382,6,8,-133
1767173500.8382382,6,11,-135
1767173500.8482382,4,8,-139
1767173500.8582382,5,8,-137
1767173500.8682382,3,9,-142
1767173500.8782382,-4,5,-139
1767173500.8882382,-1,1,-141
1767173500.8982382,-1,-1,-140
1767173500.9082382,-4,-3,-132
1767173500.9182382,-3,-4,-129
1767173500.9282382,-3,-5,-129
1767173500.938238,-5,-5,-126
1767173500.9602382,-4,-1,-131
1767173500.968238,0,0,-130
1767173500.978238,-2,0,-125
1767173500.988238,-7,-1,-128
1767173500.998238,-10,-5,-132
1767173501.008238,-6,-7,-130
1767173501.018238,-7,-5,-133
1767173501.028238,-10,-5,-128
1767173501.038238,-7,-2,-121
1767173501.048238,-8,-2,-126
1767173501.0582385,-2,0,-130
1767173501.0682385,0,3,-132
1767173501.0782382,-1,3,-131
1767173501.0882382,-2,0,-132
1767173501.0982382,0,1,-128
1767173501.1082382,0,1,-127
1767173501.119238,0,1,-132
1767173501.1282382,0,3,-131
1767173501.139238,-5,2,-136
1767173501.1482382,-8,2,-138
1767173501.159238,-9,6,-135
1767173501.169238,-7,5,-136
1767173501.179238,-5,5,-137
1767173501.189238,-6,4,-143
1767173501.199238,-4,5,-144
1767173501.209238,-3,0,-144
1767173501.219238,-3,2,-136
1767173501.2292385,-2,0,-134
1767173501.2392385,-1,5,-135
1767173501.2492385,0,4,-137
1767173501.2592382,-1,4,-132
1767173501.2692382,1,3,-130
1767173501.2792382,8,2,-132
1767173501.2892382,1,4,-135
1767173501.2992382,0,3,-131
1767173501.3092382,0,4,-135
1767173501.3192382,-4,1,-132
1767173501.3292382,-4,4,-136
1767173501.3392382,-3,6,-139
1767173501.3492382,-1,1,-137
1767173501.359238,-1,3,-129
1767173501.369238,0,2,-132
1767173501.379238,1,6,-125
1767173501.389238,4,6,-125
1767173501.399238,2,6,-123
1767173501.409238,2,4,-120
1767173501.419238,4,1,-118
1767173501.429238,2,0,-119
1767173501.439238,1,-2,-125
1767173501.449238,0,-3,-131
1767173501.459238,-2,-1,-130
1767173501.469238,-9,-5,-128
1767173501.4792385,-2,-10,-125
1767173501.4892385,-1,-9,-118
1767173501.4992385,-6,-8,-117
1767173501.5092382,-1,-8,-121
1767173501.5192382,-4,-6,-125
1767173501.5292382,-7,-6,-128
1767173501.5392382,-2,-7,-133
1767173501.5492382,-2,-9,-132
1767173501.5592382,0,-7,-131
1767173501.5692382,-1,-2,-141
1767173501.5792382,1,-3,-132
1767173501.5892382,-1,-4,-125
1767173501.5992382,-1,-3,-131
1767173501.609238,-2,-1,-134
1767173501.619238,-2,-1,-130
1767173501.629238,-2,0,-129
1767173501.639238,0,-1,-123
1767173501.649238,-3,0,-122
1767173501.659238,-6,1,-125
1767173501.669238,-7,-3,-124
1767173501.679238,-7,-4,-124
1767173501.689238,-6,-5,-130
1767173501.699238,-4,-2,-128
1767173501.709238,-8,-4,-135
1767173501.719238,-6,-1,-132
1767173501.7292385,-9,-1,-127
1767173501.7392385,-8,-3,-129
1767173501.7492385,-5,-1,-125
1767173501.7592382,-3,0,-126
1767173501.7692382,-4,0,-128
1767173501.7792382,-2,-4,-131
1767173501.7892382,-3,-5,-131
1767173501.7992382,-5,-6,-135
1767173501.8092382,-6,-4,-135
1767173501.8192382,-7,-4,-135
1767173501.8292382,-5,0,-131
1767173501.8392382,-3,-1,-129
1767173501.8492382,-2,-3,-131
1767173501.859238,0,-2,-134
1767173501.869238,-1,-3,-136
1767173501.879238,0,-6,-137
1767173501.889238,-1,-2,-133
1767173501.899238,1,0,-133
1767173501.909238,1,-1,-130
1767173501.919238,2,-6,-138
1767173501.929238,3,-3,-139
1767173501.939238,2,-5,-132
1767173501.949238,0,-6,-133
1767173501.959238,-4,-6,-130
1767173501.969238,-2,-7,-130
1767173501.9792385,-4,-5,-123
1767173501.9892385,-5,0,-129
1767173501.9992385,-6,0,-132
1767173502.0092382,-7,0,-136
1767173502.0192382,-4,0,-131
1767173502.0292382,1,-1,-132
1767173502.0392382,2,-2,-136
1767173502.0492382,4,0,-133
1767173502.0592382,4,1,-127
1767173502.0692382,1,1,-130
1767173502.0792382,0,4,-128
1767173502.0892382,2,1,-127
1767173502.0992382,0,1,-127
1767173502.109238,3,2,-127
1767173502.119238,0,1,-132
1767173502.129238,-1,5,-130
1767173502.139238,-2,8,-126
1767173502.149238,3,6,-128
1767173502.159238,3,2,-129
1767173502.169238,-2,0,-127
1767173502.179238,-3,1,-129
1767173502.189238,-4,-1,-120
1767173502.199238,0,-2,-121
1767173502.209238,1,0,-118
1767173502.219238,3,-1,-125
1767173502.2292385,2,-4,-127
1767173502.2392385,4,-9,-126
1767173502.2492385,0,-6,-124
1767173502.2592382,-1,-5,-122
1767173502.2692382,-1,-1,-117
1767173502.2792382,0,-3,-115
1767173502.2892382,0,-6,-120
1767173502.2992382,-1,-9,-125
1767173502.3092382,-7,-8,-130
1767173502.3192382,-2,-7,-132
1767173502.3292382,-3,-6,-121
1767173502.3392382,-3,-10,-115
1767173502.3492382,-5,-7,-118
1767173502.359238,-9,-5,-118
1767173502.369238,-8,-2,-124
1767173502.379238,-4,0,-132
1767173502.389238,-2,-3,-128
1767173502.399238,-3,-4,-135
1767173502.409238,-5,-2,-133
1767173502.419238,-8,-6,-136
1767173502.429238,-6,-6,-134
1767173502.439238,0,-6,-128
1767173502.449238,0,-12,-126
1767173502.459238,-3,-10,-137
1767173502.469238,-2,-7,-129
1767173502.4792385,3,-6,-127
1767173502.4892385,3,-5,-128
1767173502.4992385,1,-6,-128
1767173502.5092382,0,-7,-129
1767173502.5192382,0,-3,-125
1767173502.5292382,-1,0,-126
1767173502.5392382,0,2,-120
1767173502.5492382,-3,6,-118
1767173502.5592382,-4,7,-114
1767173502.5692382,-1,6,-110
1767173502.5792382,0,1,-116
1767173502.5892382,1,4,-116
1767173502.5992382,-4,7,-117
1767173502.609238,-1,5,-116
1767173502.619238,-3,5,-120
1767173502.629238,-5,1,-120
1767173502.639238,-4,3,-123
1767173502.649238,0,2,-122
1767173502.659238,0,0,-118
1767173502.669238,2,3,-115
1767173502.679238,1,3,-119
1767173502.689238,-3,1,-123
1767173502.699238,-5,-3,-122
1767173502.709238,-1,-4,-127
1767173502.719238,-1,-4,-130
1767173502.7292385,0,-1,-130
1767173502.7392385,0,0,-128
1767173502.7492385,0,-2,-134
1767173502.7592382,0,0,-132
1767173502.7692382,2,-1,-133
1767173502.7792382,-4,-3,-133
1767173502.7892382,-5,0,-135
1767173502.7992382,-3,0,-133
1767173502.8092382,-1,-3,-131
1767173502.8192382,0,-2,-134
1767173502.8292382,3,-1,-125
1767173502.8392382,0,-2,-134
1767173502.8492382,2,-2,-134
1767173502.859238,4,-3,-132
1767173502.869238,4,-3,-128
1767173502.879238,6,-3,-132
1767173502.889238,4,0,-136
1767173502.899238,6,3,-138
1767173502.909238,4,3,-138
1767173502.919238,7,5,-135
1767173502.929238,6,5,-134
1767173502.939238,6,4,-134
1767173502.949238,0,1,-135
1767173502.959238,1,-2,-137
1767173502.969238,-2,0,-138
1767173502.9792385,-3,2,-139
1767173502.9892385,-2,0,-137
1767173502.9992385,-5,-1,-132
1767173503.0092382,-7,-5,-130
1767173503.0192382,-3,-2,-131
1767173503.0292382,4,-4,-133
1767173503.0392382,2,-4,-129
1767173503.0492382,2,1,-128
1767173503.0592382,2,4,-133
1767173503.0692382,4,4,-128
1767173503.0792382,3,5,-129
1767173503.0892382,0,3,-135
1767173503.0992382,4,6,-136
1767173503.109238,5,6,-141
1767173503.119238,2,8,-144
1767173503.129238,0,8,-141
1767173503.139238,2,6,-143
1767173503.149238,7,5,-144
1767173503.159238,6,0,-139
1767173503.169238,2,1,-138
1767173503.179238,-2,1,-130
1767173503.189238,-1,2,-137
1767173503.199238,0,1,-134
1767173503.209238,0,-2,-128
1767173503.219238,-2,0,-126
1767173503.2292385,0,-2,-127
1767173503.2392385,-5,-4,-129
1767173503.2492385,-5,-4,-130
1767173503.2592382,-5,-3,-126
1767173503.2692382,-1,-3,-125
1767173503.2792382,2,-2,-124
1767173503.2892382,2,-2,-124
1767173503.2992382,-5,1,-129
1767173503.3092382,-8,1,-127
1767173503.3192382,-5,4,-132
1767173503.3292382,-3,0,-128
1767173503.3392382,-2,0,-130
1767173503.3492382,-2,0,-135
1767173503.359238,-6,5,-135
1767173503.369238,-10,3,-125
1767173503.379238,-6,3,-129
1767173503.389238,-3,0,-130
1767173503.399238,-1,0,-135
1767173503.409238,-3,-1,-136
1767173503.419238,2,-2,-136
1767173503.429238,0,-5,-132
1767173503.439238,-3,-5,-134
1767173503.449238,0,-6,-131
1767173503.459238,0,-6,-127
1767173503.469238,0,-2,-128
1767173503.4792385,0,2,-128
1767173503.4892385,3,-1,-130
1767173503.4992385,4,0,-130
1767173503.5092382,2,0,-133
1767173503.5192382,1,0,-139
1767173503.5292382,1,0,-139
1767173503.5392382,-1,0,-140
1767173503.5492382,-1,-1,-141
1767173503.5592382,1,0,-137
1767173503.5692382,-1,0,-149
1767173503.5792382,0,0,-145
1767173503.5892382,0,0,-141
1767173503.5992382,-1,3,-134
1767173503.609238,-2,4,-131
1767173503.619238,-4,3,-136
1767173503.629238,0,0,-131
1767173503.639238,5,1,-130
1767173503.649238,1,-1,-132
1767173503.659238,-3,-3,-134
1767173503.669238,-3,-1,-133
1767173503.679238,-1,0,-131
1767173503.689238,-1,-1,-131
1767173503.699238,-3,-4,-134
1767173503.709238,-5,-8,-129
1767173503.719238,-4,-7,-132
1767173503.7292385,-3,-5,-130
1767173503.7392385,-3,-6,-122
1767173503.7492385,-8,-3,-121
1767173503.7602382,-9,-2,-121
1767173503.7692382,-9,-5,-118
1767173503.7802382,-7,-7,-117
1767173503.790238,-3,-2,-120
1767173503.800238,0,-4,-126
1767173503.810238,-2,-1,-124
1767173503.820238,0,3,-125
1767173503.830238,0,4,-123
1767173503.840238,-1,5,-119
1767173503.850238,0,5,-114
1767173503.860238,0,1,-120
1767173503.870238,1,0,-120
1767173503.880238,0,2,-121
1767173503.890238,2,5,-121
1767173503.900238,3,5,-127
1767173503.9102385,1,2,-130
1767173503.9202385,0,0,-124
1767173503.9302382,2,-1,-128
1767173503.9402382,4,-4,-129
1767173503.9502382,7,-5,-133
1767173503.9602382,4,-7,-126
1767173503.9702382,3,-5,-119
1767173503.9802382,3,-4,-117
1767173503.9902382,-2,-5,-119
1767173504.0002382,-6,-1,-127
1767173504.0102382,-2,2,-132
1767173504.0202382,1,5,-128
1767173504.0302382,0,7,-128
1767173504.040238,-2,2,-121
1767173504.050238,1,0,-122
1767173504.060238,4,-6,-123
1767173504.070238,6,-11,-125
1767173504.080238,3,-13,-129
1767173504.090238,3,-10,-135
1767173504.100238,4,-7,-133
1767173504.110238,5,-4,-129
1767173504.120238,2,-4,-134
1767173504.130238,1,-2,-131
1767173504.140238,0,-3,-134
1767173504.150238,3,-8,-134
1767173504.1602385,-2,-8,-130
1767173504.1702385,-5,-7,-127
1767173504.1802382,-6,-10,-130
1767173504.1902382,-6,-6,-126
1767173504.2002382,-5,-4,-130
1767173504.2102382,0,-6,-128
1767173504.2202382,0,-6,-134
1767173504.2302382,0,0,-132
1767173504.2402382,3,1,-130
1767173504.2502382,5,0,-127
1767173504.2602382,3,-3,-131
1767173504.2702382,3,-4,-135
1767173504.2802382,5,-4,-133
1767173504.290238,1,-2,-129
1767173504.300238,0,-8,-132
1767173504.310238,1,-8,-135
1767173504.320238,-1,-10,-131
1767173504.330238,-2,-11,-135
1767173504.340238,-5,-8,-132
1767173504.350238,-8,-11,-129
1767173504.360238,-8,-8,-123
1767173504.370238,-9,-5,-122
1767173504.380238,-8,-6,-129
1767173504.390238,-5,-3,-131
1767173504.400238,-2,-4,-131
1767173504.4102385,-4,-3,-135
1767173504.4202385,0,0,-134
1767173504.4302382,0,1,-136
1767173504.4402382,0,-2,-131
1767173504.4502382,0,-3,-130
1767173504.4602382,-1,-7,-126
1767173504.4702382,0,-3,-120
1767173504.4802382,-4,-2,-121
1767173504.4902382,-5,-3,-125
1767173504.5002382,-6,-2,-121
1767173504.5102382,-10,-2,-125
1767173504.5202382,-5,-5,-132
1767173504.5302382,0,-1,-133
1767173504.540238,1,-3,-121
1767173504.550238,0,-1,-121
1767173504.560238,0,0,-116
1767173504.570238,0,0,-120
1767173504.580238,0,0,-115
1767173504.590238,-2,0,-117
1767173504.600238,0,-3,-122
1767173504.610238,2,-2,-122
1767173504.620238,6,0,-123
1767173504.630238,6,-3,-121
1767173504.640238,5,-3,-122
1767173504.650238,0,-3,-117
1767173504.6602385,-2,-1,-117
1767173504.6702385,1,0,-123
1767173504.6802382,1,1,-121
1767173504.6902382,0,0,-124
1767173504.7002382,1,-3,-127
1767173504.7102382,3,-7,-131
1767173504.7202382,7,-4,-130
1767173504.7302382,6,-6,-135
1767173504.7402382,6,-6,-134
1767173504.7502382,5,-6,-131
1767173504.7602382,4,-8,-124
1767173504.7702382,1,-8,-119
1767173504.7802382,1,-9,-120
1767173504.790238,-1,-8,-116
1767173504.800238,-1,-2,-118
1767173504.810238,1,1,-123
1767173504.820238,7,-4,-121
1767173504.830238,8,-3,-123
1767173504.840238,3,0,-123
1767173504.850238,4,2,-124
1767173504.860238,6,2,-127
1767173504.870238,8,0,-124
1767173504.880238,7,-1,-118
1767173504.890238,9,-1,-117
1767173504.900238,4,-2,-115
1767173504.9102385,4,-3,-119
1767173504.9202385,5,-3,-121
1767173504.9302382,4,-1,-122
1767173504.9402382,5,0,-122
1767173504.9502382,4,1,-122
1767173504.9602382,2,1,-115
1767173504.9702382,3,0,-114
1767173504.9802382,2,-2,-120
1767173504.9902382,1,-5,-124
1767173505.0002382,5,-4,-132
1767173505.0102382,4,-4,-130
1767173505.0202382,4,-5,-130
1767173505.0302382,6,-3,-135
1767173505.040238,2,-1,-139
1767173505.050238,0,-5,-137
1767173505.060238,2,-6,-129
1767173505.070238,3,-5,-124
1767173505.080238,5,-5,-124
1767173505.090238,4,-3,-126
1767173505.100238,4,-2,-124
1767173505.110238,-1,-2,-125
1767173505.120238,0,-5,-134
1767173505.130238,-10,-7,-139
1767173505.140238,-14,-1,-128
1767173505.150238,-13,0,-126
1767173505.1602385,-10,1,-128
1767173505.1702385,-9,3,-128
1767173505.1802382,0,5,-128
1767173505.1902382,0,4,-131
1767173505.2002382,-3,2,-129
1767173505.2102382,0,6,-120
1767173505.2202382,1,4,-119
1767173505.2302382,3,3,-121
1767173505.2402382,0,2,-121
1767173505.2502382,-2,2,-123
1767173505.2602382,-3,0,-124
1767173505.2702382,-1,1,-125
1767173505.2802382,-3,-1,-128
1767173505.290238,-5,-1,-126
1767173505.300238,-3,-1,-127
1767173505.310238,-5,-2,-124
1767173505.320238,-6,-4,-119
1767173505.330238,-4,0,-122
1767173505.340238,0,-2,-113
1767173505.350238,0,-2,-109
1767173505.360238,0,-1,-111
1767173505.370238,0,-3,-114
1767173505.380238,0,-4,-118
1767173505.390238,-3,-4,-118
1767173505.400238,2,-1,-121
1767173505.4102385,3,-4,-127
1767173505.4202385,1,-4,-121
1767173505.4302382,2,-1,-123
1767173505.4402382,-3,0,-126
1767173505.4502382,-3,0,-124
1767173505.4602382,0,0,-122
1767173505.4702382,4,-1,-122
1767173505.4802382,4,0,-119
1767173505.4902382,1,-2,-117
1767173505.5002382,3,-4,-120
1767173505.5102382,2,-6,-131
1767173505.5202382,1,-9,-130
1767173505.5302382,0,0,-128
1767173505.540238,-1,-4,-123
1767173505.550238,0,-5,-114
1767173505.560238,1,-3,-112
1767173505.570238,2,-3,-116
1767173505.580238,0,-3,-119
1767173505.590238,-3,-3,-117
1767173505.600238,-3,-4,-124
1767173505.610238,1,-2,-123
1767173505.620238,1,0,-123
1767173505.630238,4,6,-125
1767173505.640238,3,7,-129
1767173505.650238,6,4,-134
1767173505.6602385,7,2,-134
1767173505.6702385,8,2,-137
1767173505.6802382,2,1,-137
1767173505.6902382,0,2,-134
1767173505.7002382,0,1,-137
1767173505.7102382,-1,0,-139
1767173505.7202382,-1,0,-135
1767173505.7302382,-2,0,-132
1767173505.7402382,1,-2,-131
1767173505.7502382,-2,-8,-124
1767173505.7602382,-1,-6,-126
1767173505.7702382,-2,-7,-126
1767173505.7802382,-7,-7,-124
1767173505.790238,-6,-5,-126
1767173505.800238,-6,-4,-122
1767173505.810238,-5,-2,-127
1767173505.820238,-7,-2,-130
1767173505.830238,-2,-3,-127
1767173505.840238,-3,-3,-124
1767173505.850238,-4,-1,-127
1767173505.860238,-6,-1,-131
1767173505.870238,-8,0,-132
1767173505.880238,-15,0,-134
1767173505.890238,-12,-4,-130
1767173505.900238,-9,-4,-133
1767173505.9102385,-6,-9,-133
1767173505.9202385,-5,-7,-129
1767173505.9302382,-4,-5,-132
1767173505.9402382,-4,0,-129
1767173505.9502382,-4,2,-130
1767173505.971238,-5,4,-128
1767173505.9802382,0,1,-127
1767173505.9902382,-2,0,-127
1767173506.0002382,-2,2,-124
1767173506.0102382,-3,5,-122
1767173506.0202382,-2,2,-126
1767173506.0302382,-1,0,-125
1767173506.040238,-3,0,-124
1767173506.050238,-6,1,-127
1767173506.060238,-2,0,-130
1767173506.070238,2,2,-128
1767173506.080238,1,0,-129
1767173506.090238,4,-2,-131
1767173506.100238,5,-3,-131
1767173506.110238,1,-9,-124
1767173506.120238,2,-3,-126
1767173506.130238,-1,-2,-130
1767173506.140238,0,-1,-135
1767173506.150238,-1,-1,-132
1767173506.1602385,0,1,-133
1767173506.1702385,1,0,-135
1767173506.1802382,-2,0,-132
1767173506.1902382,1,1,-133
1767173506.2002382,1,4,-129
1767173506.2102382,-2,4,-133
1767173506.2202382,-2,2,-137
1767173506.2302382,-4,0,-126
1767173506.2402382,-6,2,-123
1767173506.2502382,-6,0,-123
1767173506.2602382,-1,0,-120
1767173506.2702382,0,0,-121
1767173506.2802382,0,4,-122
1767173506.290238,2,2,-127
1767173506.300238,3,4,-119
1767173506.310238,4,0,-123
1767173506.320238,10,-4,-128
1767173506.330238,9,-4,-132
1767173506.340238,7,-4,-131
1767173506.350238,4,-3,-127
1767173506.360238,5,-3,-128
1767173506.370238,2,-1,-129
1767173506.380238,2,-2,-133
1767173506.390238,0,-1,-136
1767173506.4012382,-2,1,-132
1767173506.4112382,-2,-4,-132
1767173506.4212382,-1,-2,-138
1767173506.4312382,1,-4,-133
1767173506.4412382,-2,-8,-139
1767173506.4512382,-5,-9,-136
1767173506.461238,-8,-6,-135
1767173506.471238,-11,-6,-128
1767173506.481238,-13,-5,-130
1767173506.491238,-12,-1,-125
1767173506.501238,-7,0,-121
1767173506.511238,-9,1,-123
1767173506.521238,-5,1,-119
1767173506.531238,0,2,-122
1767173506.541238,0,3,-119
1767173506.551238,0,2,-123
1767173506.561238,4,2,-123
1767173506.571238,6,7,-128
1767173506.5812385,1,8,-124
1767173506.5912385,6,2,-127
1767173506.6012385,0,1,-121
1767173506.6112382,-2,2,-120
1767173506.6212382,-3,5,-110
1767173506.6312382,-1,3,-113
1767173506.6412382,0,1,-127
1767173506.6512382,-4,0,-126
1767173506.6612382,-4,0,-129
1767173506.6712382,-3,-1,-131
1767173506.6812382,-2,0,-130
1767173506.6912382,0,2,-133
1767173506.7012382,-2,2,-136
1767173506.711238,-5,1,-139
1767173506.721238,-4,5,-137
1767173506.731238,0,6,-135
1767173506.741238,1,5,-136
1767173506.751238,2,4,-132
1767173506.7622385,5,4,-128
1767173506.771238,4,3,-133
1767173506.781238,4,0,-133
1767173506.791238,3,-2,-125
1767173506.801238,1,0,-124
1767173506.811238,2,0,-128
1767173506.821238,3,-2,-134
1767173506.8312385,0,0,-129
1767173506.8412385,-5,-2,-131
1767173506.8512385,-5,-1,-130
1767173506.8612382,-2,1,-133
1767173506.8712382,-5,1,-138
1767173506.8812382,-5,3,-142
1767173506.8912382,-5,2,-148
1767173506.9012382,-3,0,-149
1767173506.9112382,-2,-1,-145
1767173506.9212382,-8,-1,-142
1767173506.9312382,-5,1,-142
1767173506.9412382,-3,2,-136
1767173506.9512382,-5,0,-133
1767173506.961238,-3,0,-140
1767173506.971238,-4,3,-135
1767173506.981238,-7,1,-133
1767173506.991238,-6,-3,-132
1767173507.001238,-4,-2,-136
1767173507.011238,-1,-6,-132
1767173507.021238,-4,-5,-130
1767173507.031238,-5,1,-135
1767173507.041238,-5,-1,-132
1767173507.051238,-4,-3,-124
1767173507.061238,-6,0,-120
1767173507.071238,-8,3,-124
1767173507.0812385,-4,-4,-125
1767173507.0912385,-5,-7,-123
1767173507.1012385,-4,-13,-124
1767173507.1112382,-2,-12,-125
1767173507.1212382,1,-10,-130
1767173507.1312382,2,-8,-131
1767173507.1412382,4,-5,-132
1767173507.1512382,4,-4,-132
1767173507.1612382,7,0,-129
1767173507.1712382,4,0,-132
1767173507.1812382,1,-2,-130
1767173507.1912382,5,-4,-129
1767173507.2012382,4,-3,-124
1767173507.211238,3,-3,-122
1767173507.221238,6,-3,-123
1767173507.231238,5,-7,-122
1767173507.241238,2,-6,-123
1767173507.251238,0,-3,-120
1767173507.261238,-2,-3,-116
1767173507.271238,-3,-4,-118
1767173507.281238,-1,-4,-120
1767173507.291238,2,-1,-127
1767173507.301238,-2,0,-126
1767173507.311238,-1,-4,-126
1767173507.321238,0,-3,-133
1767173507.3312385,6,-2,-141
1767173507.3412385,6,-2,-132
1767173507.3512385,-1,0,-130
1767173507.3612382,-10,-3,-128
1767173507.3712382,-7,-2,-127
1767173507.3812382,-4,0,-127
1767173507.3912382,-3,0,-131
1767173507.4012382,-4,-3,-134
1767173507.4112382,-3,1,-137
1767173507.4212382,-4,4,-138
1767173507.4312382,-2,2,-131
1767173507.4412382,-5,4,-137
1767173507.4512382,0,-1,-144
1767173507.461238,2,-5,-142
1767173507.471238,0,-5,-138
1767173507.481238,3,-7,-127
1767173507.491238,3,-3,-123
1767173507.501238,0,1,-127
1767173507.511238,1,2,-124
1767173507.521238,-4,0,-120
1767173507.531238,-4,-1,-119
1767173507.541238,-7,1,-122
1767173507.551238,-3,2,-122
1767173507.561238,2,1,-126
1767173507.571238,8,-2,-125
1767173507.5812385,7,-3,-128
1767173507.5912385,2,2,-126
1767173507.6012385,3,4,-127
1767173507.6112382,0,1,-132
1767173507.6212382,0,0,-131
1767173507.6312382,-1,0,-135
1767173507.6412382,1,0,-131
1767173507.6512382,6,-3,-133
1767173507.6612382,5,-2,-131
1767173507.6712382,9,-1,-131
1767173507.6812382,8,2,-127
1767173507.6912382,9,0,-128
1767173507.7012382,7,3,-128
1767173507.711238,6,3,-134
1767173507.721238,2,3,-132
1767173507.731238,3,6,-138
1767173507.741238,0,7,-132
1767173507.751238,0,3,-129
1767173507.761238,-2,0,-124
1767173507.771238,-6,2,-126
1767173507.781238,-6,1,-130
1767173507.791238,-5,-1,-127
1767173507.801238,0,-4,-127
1767173507.811238,-5,-2,-128
1767173507.821238,-6,0,-129
1767173507.8312385,-7,-1,-127
1767173507.8412385,-5,-3,-126
1767173507.8512385,-4,-3,-127
1767173507.8612382,-2,-4,-127
1767173507.8712382,0,-6,-128
1767173507.8812382,0,-5,-128
1767173507.8912382,0,-3,-138
1767173507.9012382,0,-2,-137
1767173507.9112382,1,-4,-143
1767173507.9212382,4,-4,-138
1767173507.9312382,1,-3,-139
1767173507.9412382,2,-4,-137
1767173507.9512382,1,0,-133
1767173507.961238,2,0,-138
1767173507.971238,-1,1,-137
1767173507.981238,1,0,-134
1767173507.991238,2,-5,-132
1767173508.001238,3,-4,-130
1767173508.011238,0,-4,-129
1767173508.021238,1,-3,-127
1767173508.031238,5,0,-134
1767173508.041238,4,2,-138
1767173508.051238,8,0,-139
1767173508.061238,9,-4,-141
1767173508.071238,6,-2,-135
1767173508.0812385,3,-4,-130
1767173508.0912385,3,-3,-131
1767173508.1012385,1,-4,-128
1767173508.1112382,0,-3,-127
1767173508.1212382,-2,0,-127
1767173508.1312382,-5,1,-127
1767173508.1412382,-1,-2,-129
1767173508.1512382,-4,0,-129
1767173508.1612382,-2,2,-132
1767173508.1712382,0,1,-137
1767173508.1812382,-1,0,-136
1767173508.1912382,0,0,-135
1767173508.2012382,-1,0,-130
1767173508.211238,2,-2,-129
1767173508.221238,1,-6,-128
1767173508.231238,1,-11,-129
1767173508.241238,5,-7,-129
1767173508.251238,2,-6,-130
1767173508.261238,6,-4,-127
1767173508.271238,5,-7,-129
1767173508.281238,2,-3,-133
1767173508.291238,0,-4,-129
1767173508.301238,4,-2,-124
1767173508.311238,10,1,-125
1767173508.321238,8,-2,-122
1767173508.3312385,5,1,-127
1767173508.3412385,1,4,-128
1767173508.3512385,2,4,-133
1767173508.3612382,5,2,-134
1767173508.3712382,0,-1,-142
1767173508.3812382,-3,-3,-129
1767173508.3912382,-2,-2,-130
1767173508.4012382,-3,-2,-135
1767173508.4112382,-5,-1,-139
1767173508.4212382,0,2,-131
1767173508.4312382,3,-1,-127
1767173508.4412382,2,0,-125
1767173508.4512382,1,2,-123
1767173508.461238,0,0,-124
1767173508.471238,-8,-2,-127
1767173508.481238,-6,-4,-121
1767173508.491238,-6,-1,-110
1767173508.501238,-8,0,-109
1767173508.511238,-6,-2,-123
1767173508.521238,-3,-5,-126
1767173508.531238,0,-2,-136
1767173508.541238,-1,-6,-136
1767173508.551238,0,-7,-138
1767173508.561238,0,-9,-141
1767173508.571238,-2,-6,-142
1767173508.5812385,-5,-4,-144
1767173508.5912385,-4,-6,-143
1767173508.6012385,-4,-7,-136
1767173508.6112382,-2,-8,-131
1767173508.6212382,-4,-4,-132
1767173508.6312382,0,-2,-129
1767173508.6412382,0,0,-122
1767173508.6512382,0,1,-119
1767173508.6612382,-2,-2,-119
1767173508.6712382,0,0,-115
1767173508.6812382,-6,0,-114
1767173508.6912382,-9,-1,-121
1767173508.7012382,-6,-4,-131
1767173508.711238,-4,-4,-138
1767173508.721238,-7,-3,-138
1767173508.731238,-10,-5,-140
1767173508.741238,-5,-6,-148
1767173508.751238,-9,-4,-146
1767173508.761238,-6,-2,-151
1767173508.771238,-4,0,-150
1767173508.781238,-1,1,-145
1767173508.791238,0,0,-134
1767173508.801238,1,0,-130
1767173508.811238,1,-1,-124
1767173508.821238,-2,-4,-127
1767173508.8312385,0,-2,-130
1767173508.8412385,1,0,-134
1767173508.8512385,-2,1,-130
1767173508.8612382,1,3,-131
1767173508.8712382,0,4,-128
1767173508.8812382,-1,4,-128
1767173508.8912382,0,3,-131
1767173508.9012382,0,3,-130
1767173508.9112382,0,2,-131
1767173508.9212382,5,-2,-129
1767173508.9312382,9,0,-136
1767173508.9412382,12,0,-134
1767173508.9512382,9,0,-134
1767173508.962238,6,0,-135
1767173508.971238,4,0,-137
1767173508.981238,6,-3,-139
1767173508.991238,6,-1,-130
1767173509.001238,7,-5,-130
1767173509.011238,5,-7,-126
1767173509.021238,3,-7,-127
1767173509.0322382,2,-6,-129
1767173509.0422382,3,-6,-131
1767173509.0522382,6,-4,-132
1767173509.0622382,5,-5,-133
1767173509.0722382,2,-5,-131
1767173509.0822382,4,-3,-134
1767173509.0922382,4,-6,-132
1767173509.1022382,3,-7,-132
1767173509.1122382,1,-6,-134
1767173509.1222382,-5,-7,-134
1767173509.132238,-5,-5,-134
1767173509.142238,-3,-5,-130
1767173509.152238,0,-3,-127
1767173509.162238,0,-3,-125
1767173509.172238,-5,2,-126
1767173509.182238,-2,6,-126
1767173509.192238,-2,5,-125
1767173509.202238,-3,0,-124
1767173509.212238,-6,-9,-127
1767173509.222238,-3,-8,-123
1767173509.232238,-4,-10,-122
1767173509.242238,-2,-9,-125
1767173509.252238,-1,-1,-123
1767173509.2622385,3,1,-120
1767173509.2722385,0,0,-121
1767173509.2822382,0,0,-119
1767173509.2922382,1,-1,-116
1767173509.3022382,0,-2,-121
1767173509.3122382,0,-5,-120
1767173509.3222382,2,-3,-125
1767173509.3322382,3,-4,-120
1767173509.3422382,0,0,-119
1767173509.3522382,0,-1,-117
1767173509.3622382,3,5,-124
1767173509.3722382,5,5,-128
1767173509.382238,5,1,-132
1767173509.392238,0,0,-130
1767173509.402238,-3,1,-125
1767173509.412238,-4,0,-125
1767173509.422238,0,-2,-128
1767173509.432238,4,-1,-133
1767173509.442238,5,-4,-139
1767173509.452238,2,-5,-143
1767173509.462238,0,-4,-144
1767173509.472238,1,-6,-145
1767173509.482238,0,-11,-143
1767173509.492238,5,-12,-142
1767173509.502238,4,-12,-136
1767173509.5122385,4,-10,-135
1767173509.5222385,-1,-13,-128
1767173509.5322382,-1,-16,-130
1767173509.5422382,2,-14,-133
1767173509.5522382,5,-14,-139
1767173509.5622382,2,-11,-137
1767173509.5722382,2,-9,-132
1767173509.5822382,-1,-10,-135
1767173509.5922382,-3,-5,-135
1767173509.6022382,-4,0,-129
1767173509.6122382,-4,0,-129
1767173509.6222382,-3,-2,-130
1767173509.632238,-2,-2,-125
1767173509.642238,0,-3,-134
1767173509.652238,0,-4,-136
1767173509.662238,-4,-4,-138
1767173509.672238,-3,-5,-132
1767173509.682238,1,-6,-126
1767173509.692238,-4,-7,-127
1767173509.702238,-7,-8,-126
1767173509.712238,-8,-1,-124
1767173509.722238,-6,-5,-126
1767173509.732238,-3,0,-124
1767173509.742238,0,0,-119
1767173509.752238,1,0,-119
1767173509.7622385,3,-1,-121
1767173509.7722385,2,-4,-129
1767173509.7822382,-1,0,-133
1767173509.7922382,0,3,-137
1767173509.8022382,1,6,-144
1767173509.8122382,-1,5,-135
1767173509.8222382,0,0,-136
1767173509.8322382,-2,0,-131
1767173509.8422382,3,2,-124
1767173509.8522382,2,3,-131
1767173509.8622382,-5,2,-134
1767173509.8722382,-6,3,-126
1767173509.882238,1,7,-130
1767173509.892238,1,5,-129
1767173509.902238,1,4,-126
1767173509.912238,-2,1,-132
1767173509.922238,-6,-3,-134
1767173509.932238,-7,-1,-133
1767173509.942238,-5,0,-135
1767173509.952238,-6,0,-141
1767173509.962238,-3,1,-139
1767173509.972238,-6,0,-136
1767173509.982238,-4,2,-131
1767173509.992238,-2,1,-128
1767173510.002238,0,3,-130
1767173510.0122385,3,0,-126
1767173510.0222385,6,-4,-129
1767173510.0322382,0,-6,-133
1767173510.0422382,6,-4,-130
1767173510.0522382,7,0,-133
1767173510.0622382,5,0,-130
1767173510.0722382,6,-1,-130
1767173510.0822382,2,-6,-127
1767173510.0922382,0,-7,-126
1767173510.1022382,-3,-6,-121
1767173510.1122382,1,-6,-130
1767173510.1222382,1,-6,-134
1767173510.132238,4,-5,-130
1767173510.142238,2,-7,-129
1767173510.152238,4,-2,-130
1767173510.162238,1,0,-125
1767173510.172238,1,0,-120
1767173510.182238,-3,-1,-119
1767173510.192238,0,-4,-122
1767173510.202238,-2,-3,-117
1767173510.212238,-2,0,-119
1767173510.222238,-1,0,-120
1767173510.232238,1,2,-124
1767173510.242238,4,2,-128
1767173510.252238,4,2,-123
1767173510.2622385,3,-3,-124
1767173510.2722385,-1,-7,-127
1767173510.2822382,-3,-7,-125
1767173510.2922382,-2,-9,-134
1767173510.3022382,0,-9,-137
1767173510.3122382,-1,-8,-133
1767173510.3222382,-2,-4,-132
1767173510.3322382,-3,-3,-128
1767173510.3422382,2,-5,-128
1767173510.3522382,1,-5,-129
1767173510.3622382,-1,-7,-133
1767173510.3722382,1,-2,-131
1767173510.382238,3,-2,-126
1767173510.392238,2,-3,-118
1767173510.402238,2,0,-123
1767173510.412238,3,-2,-124
1767173510.422238,5,0,-122
1767173510.432238,7,0,-117
1767173510.442238,6,0,-117
1767173510.452238,5,0,-115
1767173510.462238,6,0,-112
1767173510.472238,4,-1,-118
1767173510.482238,4,0,-113
1767173510.492238,6,-2,-123
1767173510.502238,5,-6,-121
1767173510.5122385,5,-8,-119
1767173510.5222385,2,-8,-120
1767173510.5322382,0,-6,-123
1767173510.5422382,0,-4,-121
1767173510.5522382,-2,-5,-121
1767173510.5622382,0,-3,-119
1767173510.5722382,-3,0,-115
1767173510.5822382,-7,0,-119
1767173510.5922382,-6,0,-116
1767173510.6022382,-4,0,-117
1767173510.6122382,-2,-2,-117
1767173510.6222382,-2,3,-119
1767173510.632238,0,6,-107
1767173510.642238,-5,6,-113
1767173510.652238,-1,3,-116
1767173510.662238,-2,2,-112
1767173510.672238,-1,3,-112
1767173510.682238,-2,6,-112
1767173510.692238,-1,4,-112
1767173510.702238,-4,1,-109
1767173510.712238,-6,0,-116
1767173510.722238,-2,2,-122
1767173510.732238,0,1,-126
1767173510.742238,7,-4,-130
1767173510.752238,6,-7,-134
1767173510.7622385,3,-9,-139
1767173510.7722385,1,-8,-137
1767173510.7822382,5,-8,-138
1767173510.7922382,6,-3,-132
1767173510.8022382,3,-1,-130
1767173510.8122382,3,-1,-128
1767173510.8222382,6,0,-127
1767173510.8322382,3,3,-129
1767173510.8422382,-1,4,-138
1767173510.8522382,-4,3,-133
1767173510.8622382,-5,3,-131
1767173510.8722382,-5,0,-128
1767173510.882238,2,2,-129
1767173510.892238,0,0,-129
1767173510.902238,2,-2,-127
1767173510.912238,7,-4,-124
1767173510.922238,11,-2,-129
1767173510.932238,9,-5,-127
1767173510.942238,5,-4,-133
1767173510.952238,2,-4,-134
1767173510.962238,5,-3,-136
1767173510.984238,6,-2,-134
1767173510.992238,7,-6,-138
1767173511.002238,4,-6,-142
1767173511.0122385,4,-7,-139
1767173511.0222385,4,-5,-142
1767173511.0322382,7,-4,-144
1767173511.0422382,2,-8,-136
1767173511.0522382,3,-2,-135
1767173511.0622382,2,0,-131
1767173511.0722382,0,-4,-129
1767173511.0822382,-1,-3,-123
1767173511.0922382,2,0,-119
1767173511.1022382,3,0,-119
1767173511.1122382,1,3,-128
1767173511.1222382,0,1,-127
1767173511.132238,-3,1,-131
1767173511.142238,-4,2,-129
1767173511.152238,-6,0,-128
1767173511.162238,-5,0,-127
1767173511.172238,0,0,-126
1767173511.182238,4,-1,-129
1767173511.192238,5,0,-134
1767173511.202238,5,0,-132
1767173511.212238,1,-3,-134
1767173511.222238,0,0,-133
1767173511.232238,-1,0,-135
1767173511.242238,0,-1,-128
1767173511.252238,-4,0,-131
1767173511.2622385,-1,-2,-136
1767173511.2722385,-2,-3,-128
1767173511.2822382,1,0,-116
1767173511.2922382,4,3,-124
1767173511.3022382,3,1,-127
1767173511.3122382,0,5,-129
1767173511.3222382,0,4,-135
1767173511.3322382,0,1,-134
1767173511.3422382,3,-1,-130
1767173511.3522382,0,0,-127
1767173511.3622382,-1,0,-133
1767173511.3722382,-7,-4,-130
1767173511.382238,-7,-5,-137
1767173511.392238,-5,0,-136
1767173511.402238,-5,0,-137
1767173511.412238,-4,0,-134
1767173511.422238,-5,-3,-131
1767173511.432238,-7,-2,-128
1767173511.442238,-9,-2,-126
1767173511.452238,-12,0,-130
1767173511.462238,-6,1,-127
1767173511.472238,-5,-1,-128
1767173511.482238,-3,-3,-125
1767173511.492238,0,-3,-122
1767173511.502238,-5,-4,-120
1767173511.5122385,-1,-6,-123
1767173511.5222385,0,-8,-124
1767173511.5322382,-1,-9,-125
1767173511.5422382,0,-7,-128
1767173511.5522382,4,-3,-123
1767173511.5622382,5,-2,-125
1767173511.5722382,6,-1,-126
1767173511.5822382,6,1,-132
1767173511.5922382,5,2,-130
1767173511.6022382,5,0,-131
1767173511.6122382,4,0,-127
1767173511.6222382,6,1,-123
1767173511.632238,4,0,-129
1767173511.642238,5,-3,-132
1767173511.652238,5,-3,-129
1767173511.663238,3,-2,-123
1767173511.673238,4,-2,-121
1767173511.6832385,0,0,-124
1767173511.692238,0,-8,-124
1767173511.7032382,0,-8,-123
1767173511.7132382,1,-11,-119
1767173511.7232382,0,-12,-117
1767173511.7332382,3,-9,-115
1767173511.7432382,0,-8,-118
1767173511.7532382,-1,-7,-126
1767173511.7632382,-1,-7,-131
1767173511.7732382,-1,-5,-132
1767173511.7832382,-3,-8,-134
1767173511.7932382,-3,-7,-127
1767173511.8032382,-5,-5,-129
1767173511.813238,-7,-3,-125
1767173511.823238,-3,0,-126
1767173511.833238,-7,-1,-133
1767173511.843238,-6,-2,-130
1767173511.853238,-7,-1,-132
1767173511.863238,-9,-3,-126
1767173511.873238,-5,-3,-130
1767173511.883238,-6,-6,-128
1767173511.893238,-5,-5,-134
1767173511.903238,-1,-3,-132
1767173511.913238,2,-3,-130
1767173511.923238,2,-5,-126
1767173511.9332385,4,-7,-130
1767173511.9432385,7,-4,-130
1767173511.9532382,7,-2,-126
1767173511.9632382,3,-2,-124
1767173511.9732382,5,0,-122
1767173511.9832382,1,0,-123
1767173511.9932382,-1,3,-121
1767173512.0032382,6,4,-118
1767173512.0132382,10,1,-120
1767173512.0232382,10,0,-130
1767173512.0332382,6,2,-129
1767173512.0432382,3,-2,-126
1767173512.0532382,0,-6,-129
1767173512.063238,-2,-7,-126
1767173512.073238,-4,-5,-127
1767173512.083238,-3,0,-122
1767173512.093238,-4,-1,-120
1767173512.103238,-5,-2,-120
1767173512.113238,-5,-6,-121
1767173512.123238,-3,-7,-125
1767173512.133238,-5,-8,-128
1767173512.143238,-2,-12,-128
1767173512.153238,0,-6,-129
1767173512.163238,1,-6,-132
1767173512.173238,4,-9,-138
1767173512.1832385,1,-9,-139
1767173512.1932385,1,-8,-137
1767173512.2032382,2,-8,-134
1767173512.2132382,-1,-6,-128
1767173512.2232382,3,-7,-128
1767173512.2332382,0,-7,-128
1767173512.2432382,-2,-3,-129
1767173512.2532382,1,-2,-131
1767173512.2632382,3,0,-131
1767173512.2732382,3,-1,-130
1767173512.2832382,-1,-1,-128
1767173512.2932382,1,0,-126
1767173512.3032382,0,0,-125
1767173512.313238,4,-5,-126
1767173512.323238,5,-7,-124
1767173512.333238,3,-5,-125
1767173512.343238,1,-3,-122
1767173512.353238,1,-2,-119
1767173512.363238,0,1,-124
1767173512.373238,0,1,-131
1767173512.383238,-3,5,-129
1767173512.393238,2,1,-124
1767173512.403238,3,-2,-130
1767173512.413238,1,0,-133
1767173512.423238,4,0,-127
1767173512.4332385,5,-1,-126
1767173512.4432385,3,-3,-127
1767173512.4532382,-2,-6,-125
1767173512.4632382,-4,-7,-124
1767173512.4732382,-5,-6,-123
1767173512.4832382,-5,-2,-126
1767173512.4932382,-4,0,-127
1767173512.5032382,-6,0,-128
1767173512.5132382,-6,0,-134
1767173512.5232382,-1,-2,-130
1767173512.5332382,0,-1,-132
1767173512.5432382,-2,-2,-133
1767173512.5532382,-1,0,-134
1767173512.563238,-6,2,-129
1767173512.573238,-6,8,-128
1767173512.583238,-4,4,-129
1767173512.593238,-3,3,-125
1767173512.603238,-5,0,-118
1767173512.613238,-9,0,-114
1767173512.623238,-4,0,-119
1767173512.633238,-2,2,-121
1767173512.643238,-2,-3,-123
1767173512.653238,-1,-6,-129
1767173512.663238,-1,-6,-122
1767173512.673238,-3,-5,-124
1767173512.6832385,-4,-8,-125
1767173512.6932385,-3,-6,-127
1767173512.7032382,-3,-6,-124
1767173512.7132382,-1,-5,-127
1767173512.7232382,0,-6,-125
1767173512.7332382,5,0,-133
1767173512.7432382,11,0,-131
1767173512.7532382,7,-2,-131
1767173512.7632382,3,-5,-129
1767173512.7732382,1,-3,-129
1767173512.7832382,2,-3,-130
1767173512.7932382,2,-1,-130
1767173512.8032382,2,0,-131
1767173512.813238,1,1,-127
1767173512.823238,0,-2,-121
1767173512.833238,-1,-1,-116
1767173512.843238,-1,-3,-116
1767173512.853238,2,-5,-116
1767173512.863238,1,-7,-115
1767173512.873238,0,-4,-115
1767173512.883238,0,-4,-126
1767173512.893238,2,-1,-130
1767173512.903238,3,1,-126
1767173512.913238,4,-4,-127
1767173512.923238,5,-5,-130
1767173512.9332385,0,0,-131
1767173512.9432385,0,2,-131
1767173512.9532382,1,2,-125
1767173512.9632382,1,0,-127
1767173512.9732382,3,0,-126
1767173512.9832382,0,1,-121
1767173512.9932382,2,2,-124
1767173513.0032382,2,4,-129
1767173513.0132382,0,2,-128
1767173513.0232382,4,0,-133
1767173513.0332382,6,-3,-136
1767173513.0432382,4,1,-137
1767173513.0532382,-2,3,-133
1767173513.063238,-5,3,-132
1767173513.073238,-7,0,-130
1767173513.083238,-6,1,-128
1767173513.093238,-9,0,-125
1767173513.103238,-13,1,-123
1767173513.113238,-13,-2,-125
1767173513.123238,-16,-2,-126
1767173513.133238,-11,-1,-127
1767173513.143238,-9,0,-132
1767173513.153238,-10,-3,-131
1767173513.163238,-10,-6,-134
1767173513.173238,-7,-6,-135
1767173513.1832385,-6,-6,-137
1767173513.1932385,-5,-5,-137
1767173513.2032382,-2,-2,-128
1767173513.2132382,0,1,-125
1767173513.2232382,0,-3,-125
1767173513.2332382,-1,-2,-126
1767173513.2432382,1,0,-124
1767173513.2532382,6,1,-116
1767173513.2632382,5,2,-121
1767173513.2732382,6,3,-123
1767173513.2832382,3,-1,-125
1767173513.2932382,4,-2,-132
1767173513.3032382,2,0,-127
1767173513.313238,3,1,-122
1767173513.323238,1,2,-126
1767173513.333238,5,0,-126
1767173513.343238,6,1,-121
1767173513.353238,3,-2,-117
1767173513.363238,3,0,-119
1767173513.373238,0,-5,-124
1767173513.383238,1,-5,-128
1767173513.393238,0,-4,-128
1767173513.403238,0,-1,-121
1767173513.413238,0,2,-118
1767173513.423238,-3,0,-122
1767173513.4332385,-1,-2,-124
1767173513.4432385,2,1,-125
1767173513.4532382,0,2,-128
1767173513.4632382,3,4,-131
1767173513.4732382,2,1,-130
1767173513.4832382,2,-2,-136
1767173513.4932382,3,-1,-142
1767173513.5032382,5,0,-132
1767173513.5132382,0,2,-129
1767173513.5232382,-3,5,-131
1767173513.5332382,-1,3,-124
1767173513.5432382,3,3,-117
1767173513.5532382,4,0,-115
1767173513.563238,1,0,-116
1767173513.573238,1,-1,-121
1767173513.583238,7,-2,-121
1767173513.593238,3,-4,-125
1767173513.603238,0,-5,-123
1767173513.613238,-4,-5,-118
1767173513.623238,-4,-9,-123
1767173513.633238,-9,-9,-125
1767173513.643238,-10,-13,-124
1767173513.653238,-11,-8,-118
1767173513.663238,-7,-4,-113
1767173513.673238,0,-5,-118
1767173513.6832385,6,-1,-116
1767173513.6932385,5,1,-120
1767173513.7032382,2,1,-122
1767173513.7132382,1,2,-123
1767173513.7232382,4,-2,-119
1767173513.7332382,6,-2,-122
1767173513.7432382,6,-5,-121
1767173513.7532382,5,-4,-123
1767173513.7632382,1,0,-126
1767173513.7732382,1,0,-125
1767173513.7832382,3,4,-115
1767173513.7932382,0,2,-124
1767173513.8032382,0,4,-123
1767173513.813238,-2,7,-120
1767173513.823238,-2,3,-119
1767173513.833238,0,-1,-120
1767173513.843238,3,-4,-120
1767173513.853238,1,-3,-123
1767173513.863238,5,-2,-121
1767173513.873238,-2,-4,-122
1767173513.883238,1,-4,-117
1767173513.893238,1,-1,-115
1767173513.903238,6,4,-121
1767173513.913238,5,2,-126
1767173513.923238,0,1,-134
1767173513.9332385,-1,-1,-133
1767173513.9432385,-1,0,-132
1767173513.9532382,0,-1,-136
1767173513.9632382,-2,-1,-138
1767173513.9732382,0,-4,-133
1767173513.9832382,2,-2,-134
1767173513.9932382,1,0,-134
1767173514.0032382,2,-2,-134
1767173514.0132382,-3,0,-130
1767173514.0232382,1,-1,-134
1767173514.0332382,2,1,-132
1767173514.0432382,1,-1,-133
1767173514.0532382,0,-6,-127
1767173514.063238,0,-6,-130
1767173514.073238,-4,-9,-131
1767173514.083238,0,-12,-121
1767173514.093238,-1,-11,-119
1767173514.103238,-1,-9,-114
1767173514.113238,-2,-7,-119
1767173514.123238,-4,-6,-118
1767173514.133238,0,-6,-112
1767173514.143238,2,-4,-113
1767173514.153238,0,-3,-120
1767173514.163238,0,-1,-123
1767173514.173238,0,0,-120
1767173514.1832385,3,3,-124
1767173514.1932385,3,2,-128
1767173514.2032382,1,-1,-126
1767173514.2132382,-1,-5,-124
1767173514.2232382,-4,-4,-125
1767173514.2332382,-5,-6,-133
1767173514.2432382,-2,-8,-143
1767173514.2532382,-1,-5,-136
1767173514.2632382,-2,-4,-134
1767173514.2732382,-2,-8,-138
1767173514.2832382,-2,-6,-135
1767173514.2932382,0,-8,-129
1767173514.3032382,-3,-3,-128
1767173514.313238,0,-4,-126
1767173514.323238,-1,-4,-125
1767173514.334238,-2,0,-126
1767173514.344238,-1,0,-124
1767173514.3542385,-2,0,-124
1767173514.3642385,-2,4,-122
1767173514.3742385,-3,5,-125
1767173514.3842382,0,4,-130
1767173514.3942382,-8,5,-121
1767173514.4042382,-2,5,-124
1767173514.4142382,-4,7,-132
1767173514.4242382,-5,5,-134
1767173514.4342382,-2,4,-133
1767173514.4442382,-6,3,-133
1767173514.4542382,-6,2,-128
1767173514.4642382,-7,0,-124
1767173514.4742382,-4,2,-115
1767173514.484238,-4,0,-116
1767173514.494238,-3,-1,-117
1767173514.504238,-1,1,-118
1767173514.514238,-1,-1,-119
1767173514.524238,-1,-1,-123
1767173514.534238,-3,-1,-123
1767173514.544238,1,-1,-134
1767173514.554238,0,3,-137
1767173514.564238,1,0,-130
1767173514.574238,0,0,-132
1767173514.584238,0,-3,-130
1767173514.594238,2,0,-134
1767173514.6042385,0,0,-136
1767173514.6142385,1,4,-131
1767173514.6242385,1,7,-125
1767173514.6342382,1,6,-122
1767173514.6442382,3,2,-121
1767173514.6542382,-2,0,-124
1767173514.6642382,-2,-1,-126
1767173514.6742382,-7,0,-129
1767173514.6842382,-7,-4,-127
1767173514.6942382,-3,-1,-123
1767173514.7042382,-5,-3,-123
1767173514.7142382,-6,-2,-126
1767173514.7242382,-4,-2,-131
1767173514.734238,-6,-3,-134
1767173514.744238,-9,-2,-133
1767173514.754238,-5,0,-134
1767173514.764238,-3,0,-134
1767173514.774238,-1,1,-139
1767173514.784238,0,0,-134
1767173514.794238,-4,0,-128
1767173514.804238,-5,3,-125
1767173514.814238,0,4,-124
1767173514.824238,-4,4,-126
1767173514.834238,0,4,-125
1767173514.844238,2,4,-124
1767173514.8542385,0,2,-124
1767173514.8642385,0,4,-119
1767173514.8742385,2,3,-122
1767173514.8842382,2,5,-125
1767173514.8942382,0,1,-122
1767173514.9042382,0,0,-121
1767173514.9142382,-1,-1,-118
1767173514.9242382,-2,-7,-117
1767173514.9342382,-3,-2,-116
1767173514.9442382,-2,-3,-120
1767173514.9542382,-6,3,-122
1767173514.9642382,-6,1,-126
1767173514.9742382,-2,-2,-129
1767173514.984238,0,0,-127
1767173514.994238,-5,-2,-130
1767173515.004238,-6,-3,-129
1767173515.014238,-7,-5,-127
1767173515.024238,-9,-2,-122
1767173515.034238,-6,-1,-123
1767173515.044238,-3,0,-122
1767173515.054238,-4,0,-125
1767173515.064238,-9,0,-128
1767173515.074238,-9,-2,-120
1767173515.084238,-5,0,-119
1767173515.094238,-3,-3,-118
1767173515.1042385,-3,-3,-118
1767173515.1142385,-1,0,-118
1767173515.1242385,-2,0,-118
1767173515.1342382,-1,-3,-123
1767173515.1442382,0,-1,-123
1767173515.1542382,1,-1,-125
1767173515.1642382,2,0,-123
1767173515.1742382,1,0,-121
1767173515.1842382,1,2,-123
1767173515.1942382,2,3,-124
1767173515.2042382,2,-1,-124
1767173515.2142382,-1,-2,-127
1767173515.2242382,-3,0,-132
1767173515.234238,0,0,-134
1767173515.244238,7,-1,-132
1767173515.254238,7,1,-128
1767173515.264238,5,-2,-131
1767173515.274238,6,4,-133
1767173515.284238,9,0,-123
1767173515.294238,6,0,-117
1767173515.304238,0,-1,-120
1767173515.314238,-4,-4,-121
1767173515.324238,0,-9,-121
1767173515.334238,1,-6,-125
1767173515.344238,4,-1,-120
1767173515.3542385,12,-3,-120
1767173515.3642385,10,0,-120
1767173515.3742385,5,0,-121
1767173515.3842382,1,0,-125
1767173515.3942382,0,0,-125
1767173515.4042382,4,0,-127
1767173515.4142382,3,1,-119
1767173515.4242382,1,1,-119
1767173515.4342382,1,1,-118
1767173515.4442382,0,3,-126
1767173515.4542382,-4,4,-124
1767173515.4642382,-3,3,-122
1767173515.4742382,-1,5,-123
1767173515.484238,0,1,-126
1767173515.494238,2,1,-129
1767173515.504238,0,0,-131
1767173515.514238,-1,-1,-136
1767173515.524238,-1,-4,-133
1767173515.534238,0,-3,-130
1767173515.544238,0,-4,-129
1767173515.554238,-1,-2,-131
1767173515.564238,-2,0,-133
1767173515.574238,-2,0,-131
1767173515.584238,0,2,-132
1767173515.594238,0,1,-130
1767173515.6042385,-2,-1,-125
1767173515.6142385,-2,-1,-121
1767173515.6242385,-3,-2,-120
1767173515.6342382,0,0,-123
1767173515.6442382,0,0,-123
1767173515.6542382,4,0,-121
1767173515.6642382,0,0,-121
1767173515.6742382,-3,-1,-123
1767173515.6842382,-1,-2,-124
1767173515.6942382,1,-3,-128
1767173515.7042382,5,-8,-134
1767173515.7142382,5,-6,-128
1767173515.7242382,5,1,-124
1767173515.734238,2,-1,-124
1767173515.744238,2,-2,-124
1767173515.754238,-1,-5,-122
1767173515.764238,-4,-2,-120
1767173515.774238,-7,0,-123
1767173515.784238,-6,5,-126
1767173515.794238,-5,3,-130
1767173515.804238,-6,0,-128
1767173515.814238,-5,0,-132
1767173515.824238,-4,0,-124
1767173515.834238,-3,0,-122
1767173515.844238,-4,-2,-120
1767173515.8542385,-3,-4,-119
1767173515.8642385,-2,-5,-121
1767173515.8742385,-5,-5,-119
1767173515.8842382,-5,-2,-122
1767173515.8942382,0,-2,-121
1767173515.9042382,3,-1,-121
1767173515.9142382,1,-2,-123
1767173515.9242382,0,-6,-126
1767173515.9342382,-3,-8,-122
1767173515.9442382,-6,-6,-125
1767173515.9542382,-5,-1,-118
1767173515.9642382,-3,-2,-126
1767173515.9742382,-2,-3,-126
1767173515.995238,-2,-1,-123
1767173516.004238,-1,-2,-126
1767173516.014238,0,-6,-119
1767173516.024238,0,-6,-116
1767173516.034238,0,-5,-118
1767173516.044238,4,-9,-118
1767173516.054238,8,-6,-122
1767173516.064238,6,0,-122
1767173516.074238,2,-2,-126
1767173516.084238,0,-3,-123
1767173516.094238,3,-4,-126
1767173516.1042385,4,-5,-125
1767173516.1142385,3,-4,-131
1767173516.1242385,3,-2,-124
1767173516.1342382,-1,-1,-127
1767173516.1442382,-3,4,-128
1767173516.1542382,-4,1,-126
1767173516.1642382,-5,-1,-133
1767173516.1742382,-3,-4,-131
1767173516.1842382,-2,-6,-128
1767173516.1942382,2,-5,-132
1767173516.2042382,0,-10,-137
1767173516.2142382,-1,-9,-133
1767173516.2242382,-2,-5,-138
1767173516.234238,-2,-6,-137
1767173516.244238,-3,-6,-133
1767173516.254238,1,-6,-126
1767173516.264238,2,-4,-126
1767173516.274238,1,0,-128
1767173516.284238,2,1,-133
1767173516.294238,5,1,-133
1767173516.304238,2,-5,-131
1767173516.314238,4,-2,-123
1767173516.324238,4,-4,-123
1767173516.334238,3,-8,-126
1767173516.344238,4,-8,-126
1767173516.3542385,2,-5,-124
1767173516.3642385,3,-5,-122
1767173516.3742385,2,-3,-127
1767173516.3842382,2,-10,-125
1767173516.3942382,-2,-6,-131
1767173516.4042382,-4,-4,-134
1767173516.4142382,2,-1,-124
1767173516.4242382,6,-1,-129
1767173516.4342382,4,0,-135
1767173516.4442382,3,3,-131
1767173516.4542382,3,2,-135
1767173516.4642382,-1,2,-134
1767173516.4742382,-8,-1,-138
1767173516.484238,-9,-3,-140
1767173516.494238,-6,-6,-136
1767173516.504238,-5,-7,-137
1767173516.514238,0,-5,-140
1767173516.524238,2,-1,-143
1767173516.534238,0,3,-138
1767173516.544238,3,5,-140
1767173516.554238,1,6,-129
1767173516.564238,4,0,-122
1767173516.574238,2,3,-120
1767173516.584238,2,3,-118
1767173516.594238,2,2,-117
1767173516.6042385,0,1,-125
1767173516.6142385,1,4,-127
1767173516.6242385,2,3,-127
1767173516.6342382,-1,-5,-126
1767173516.6442382,0,-8,-126
1767173516.6542382,0,-10,-128
1767173516.6642382,3,-9,-122
1767173516.6742382,0,-6,-126
1767173516.6842382,-4,-5,-124
1767173516.6942382,-7,-7,-124
1767173516.7042382,-3,-4,-124
1767173516.7142382,0,-4,-126
1767173516.7242382,0,-4,-124
1767173516.734238,2,-6,-125
1767173516.744238,4,-4,-132
1767173516.754238,1,-4,-129
1767173516.764238,2,-2,-129
1767173516.774238,4,0,-129
1767173516.784238,0,2,-130
1767173516.794238,-2,-1,-132
1767173516.804238,-1,0,-131
1767173516.814238,2,0,-131
1767173516.824238,3,0,-133
1767173516.834238,0,2,-131
1767173516.844238,0,2,-129
1767173516.8542385,0,-2,-128
1767173516.8642385,4,-2,-130
1767173516.8742385,6,-1,-130
1767173516.8842382,6,-4,-130
1767173516.8942382,0,-2,-132
1767173516.9042382,-2,-2,-131
1767173516.9142382,0,-8,-130
1767173516.925238,2,-6,-134
1767173516.935238,2,-2,-139
1767173516.945238,3,-6,-140
1767173516.955238,2,-3,-134
1767173516.965238,-3,-2,-136
1767173516.975238,-6,-1,-134
1767173516.985238,0,0,-143
1767173516.995238,0,-2,-137
1767173517.005238,1,0,-128
1767173517.015238,2,0,-133
1767173517.025238,2,0,-137
1767173517.0352385,4,-2,-130
1767173517.0452385,7,-1,-125
1767173517.0552382,8,0,-128
1767173517.0652382,6,0,-122
1767173517.0752382,2,0,-125
1767173517.0852382,0,-2,-119
1767173517.0952382,-1,-2,-122
1767173517.1052382,-3,-1,-127
1767173517.1152382,-6,0,-130
1767173517.1252382,-5,1,-127
1767173517.1352382,-5,0,-127
1767173517.1452382,-2,0,-130
1767173517.1552382,-7,-3,-127
1767173517.165238,-5,-1,-127
1767173517.175238,-2,-4,-121
1767173517.185238,-1,-2,-113
1767173517.195238,-2,-2,-121
1767173517.205238,-7,0,-122
1767173517.215238,-7,0,-124
1767173517.225238,-8,-1,-129
1767173517.235238,-5,-4,-134
1767173517.245238,-5,-8,-134
1767173517.255238,-4,-5,-135
1767173517.265238,0,-2,-129
1767173517.275238,2,-1,-131
1767173517.2852385,6,0,-127
1767173517.2952385,6,-2,-122
1767173517.3052382,8,-8,-115
1767173517.3152382,6,-8,-122
1767173517.3252382,2,-5,-120
1767173517.3352382,1,-5,-128
1767173517.3452382,2,-4,-134
1767173517.3552382,1,-4,-131
1767173517.3652382,2,-4,-133
1767173517.3752382,0,0,-139
1767173517.3852382,-3,1,-132
1767173517.3952382,-8,-2,-128
1767173517.4052382,-8,2,-132
1767173517.415238,-5,0,-133
1767173517.425238,-4,3,-127
1767173517.435238,-2,2,-127
1767173517.445238,-4,0,-132
1767173517.455238,-8,-2,-134
1767173517.465238,-7,-2,-136
1767173517.475238,-4,-1,-141
1767173517.485238,-4,0,-138
1767173517.495238,-3,2,-140
1767173517.505238,0,2,-141
1767173517.515238,-3,4,-134
1767173517.525238,1,1,-126
1767173517.5352385,4,1,-125
1767173517.5452385,1,2,-130
1767173517.5552382,-2,3,-125
1767173517.5652382,-1,2,-125
1767173517.5752382,0,3,-122
1767173517.5852382,0,0,-125
1767173517.5952382,-2,0,-124
1767173517.6052382,-2,1,-121
1767173517.6152382,0,-4,-117
1767173517.6252382,0,1,-120
1767173517.6352382,2,-2,-122
1767173517.6452382,0,-4,-127
1767173517.6552382,-3,-4,-131
1767173517.665238,-6,-4,-132
1767173517.675238,-3,-3,-129
1767173517.685238,-5,-5,-126
1767173517.695238,-1,-6,-129
1767173517.705238,-3,-3,-134
1767173517.715238,0,-4,-136
1767173517.725238,4,-2,-133
1767173517.735238,0,-2,-127
1767173517.745238,-3,-3,-122
1767173517.755238,0,-1,-123
1767173517.765238,0,0,-123
1767173517.775238,-2,3,-119
1767173517.7852385,0,0,-123
1767173517.7952385,3,3,-130
1767173517.8052382,2,-2,-135
1767173517.8152382,1,-6,-132
1767173517.8252382,1,-10,-129
1767173517.8352382,-1,-9,-122
1767173517.8452382,0,-7,-121
1767173517.8552382,1,-8,-120
1767173517.8652382,1,-11,-123
1767173517.8752382,2,-10,-123
1767173517.8852382,2,-7,-123
1767173517.8952382,2,-5,-128
1767173517.9052382,4,-2,-130
1767173517.915238,2,-5,-127
1767173517.925238,8,-3,-127
1767173517.935238,5,0,-131
1767173517.945238,0,-1,-131
1767173517.955238,0,-1,-134
1767173517.965238,-2,-6,-132
1767173517.975238,-1,-6,-130
1767173517.985238,-4,-5,-128
1767173517.995238,-3,-2,-126
1767173518.005238,1,-1,-131
1767173518.015238,4,0,-128
1767173518.025238,3,-1,-124
1767173518.0352385,-3,-3,-131
1767173518.0452385,-7,1,-133
1767173518.0552382,-6,1,-136
1767173518.0652382,-4,3,-141
1767173518.0752382,-6,6,-141
1767173518.0852382,-3,3,-139
1767173518.0952382,-2,0,-133
1767173518.1052382,0,-1,-132
1767173518.1152382,0,-1,-131
1767173518.1252382,1,-1,-133
1767173518.1352382,2,-6,-132
1767173518.1452382,0,-3,-128
1767173518.1552382,0,-2,-128
1767173518.165238,4,-1,-121
1767173518.175238,6,0,-126
1767173518.185238,7,-5,-126
1767173518.195238,5,-6,-127
1767173518.205238,7,-1,-125
1767173518.215238,6,-3,-126
1767173518.225238,5,-1,-123
1767173518.235238,2,-3,-128
1767173518.245238,3,-4,-126
1767173518.255238,3,0,-127
1767173518.265238,0,0,-127
1767173518.275238,-5,0,-132
1767173518.2852385,-8,-2,-136
1767173518.2952385,-2,-1,-133
1767173518.3052382,0,-2,-128
1767173518.3152382,-2,-3,-132
1767173518.3252382,3,-6,-126
1767173518.3352382,0,-7,-124
1767173518.3452382,0,-6,-126
1767173518.3552382,-3,0,-126
1767173518.3652382,-6,-1,-127
1767173518.3752382,-5,-1,-123
1767173518.3852382,-5,-2,-121
1767173518.3952382,-1,-2,-122
1767173518.4052382,5,-1,-119
1767173518.415238,0,-2,-116
1767173518.425238,3,0,-115
1767173518.435238,2,1,-114
1767173518.445238,-1,0,-120
1767173518.455238,-2,0,-125
1767173518.465238,-3,0,-125
1767173518.475238,-5,-1,-128
1767173518.485238,-2,-2,-138
1767173518.495238,-1,-9,-148
1767173518.505238,0,-11,-144
1767173518.515238,1,-12,-139
1767173518.525238,-1,-9,-129
1767173518.5352385,-1,-6,-125
1767173518.5452385,2,-4,-129
1767173518.5552382,1,-5,-131
1767173518.5652382,6,-5,-130
1767173518.5752382,6,-9,-124
1767173518.5852382,0,-9,-134
1767173518.5952382,4,-9,-125
1767173518.6052382,7,-8,-125
1767173518.6152382,9,-2,-128
1767173518.6252382,6,0,-120
1767173518.6352382,7,0,-122
1767173518.6452382,3,0,-126
1767173518.6552382,5,-5,-129
1767173518.665238,4,-5,-126
1767173518.675238,1,-8,-126
1767173518.685238,2,-3,-125
1767173518.695238,0,-3,-133
1767173518.705238,-1,-3,-132
1767173518.715238,-3,-3,-136
1767173518.725238,-4,0,-128
1767173518.735238,-3,0,-132
1767173518.745238,-4,0,-134
1767173518.755238,-3,-2,-130
1767173518.765238,-3,-3,-130
1767173518.775238,-2,-4,-123
1767173518.7852385,-4,-2,-119
1767173518.7952385,-6,-1,-116
1767173518.8052382,-8,-2,-116
1767173518.8152382,-5,-3,-122
1767173518.8252382,-3,-3,-123
1767173518.8352382,-1,-3,-131
1767173518.8452382,-8,-2,-125
1767173518.8552382,-10,-2,-129
1767173518.8652382,-13,-4,-130
1767173518.8752382,-15,-4,-138
1767173518.8852382,-15,-3,-132
1767173518.8952382,-12,-2,-128
1767173518.9052382,-12,0,-126
1767173518.915238,-5,4,-128
1767173518.925238,-6,4,-133
1767173518.935238,-6,0,-137
1767173518.945238,-3,-1,-128
1767173518.955238,-3,-2,-127
1767173518.965238,-3,0,-129
1767173518.975238,-3,2,-126
1767173518.985238,-2,5,-122
1767173518.995238,-1,0,-124
1767173519.005238,-5,-1,-124
1767173519.015238,-9,1,-122
1767173519.025238,-3,8,-124
1767173519.0352385,4,8,-124
1767173519.0452385,1,7,-125
1767173519.0552382,5,7,-121
1767173519.0652382,5,3,-126
1767173519.0752382,6,5,-119
1767173519.0852382,6,2,-123
1767173519.0952382,10,2,-127
1767173519.1052382,10,-1,-124
1767173519.1152382,9,0,-128
1767173519.1252382,10,-3,-130
1767173519.1352382,6,-2,-136
1767173519.1452382,1,-1,-135
1767173519.1552382,1,-1,-129
1767173519.165238,7,0,-128
1767173519.175238,8,0,-128
1767173519.185238,5,3,-125
1767173519.195238,6,5,-122
1767173519.205238,7,4,-124
1767173519.215238,6,1,-123
1767173519.225238,14,-1,-126
1767173519.235238,12,-4,-132
1767173519.245238,5,-9,-134
1767173519.255238,2,-6,-133
1767173519.265238,2,-4,-131
1767173519.275238,3,-3,-130
1767173519.2852385,1,-1,-129
1767173519.2952385,1,1,-125
1767173519.3052382,-3,0,-123
1767173519.3152382,-7,-4,-125
1767173519.3252382,-6,-3,-122
1767173519.3352382,2,-3,-118
1767173519.3452382,7,-4,-123
1767173519.3552382,10,-4,-123
1767173519.3652382,9,-6,-131
1767173519.3752382,5,-6,-128
1767173519.3852382,7,-5,-124
1767173519.3952382,1,-3,-129
1767173519.4052382,-2,-3,-133
1767173519.415238,-2,-3,-125
1767173519.425238,0,-4,-126
1767173519.435238,0,-2,-124
1767173519.445238,0,2,-124
1767173519.455238,0,3,-122
1767173519.465238,1,3,-126
1767173519.475238,0,5,-128
1767173519.485238,-2,4,-133
1767173519.495238,-1,4,-137
1767173519.505238,-3,5,-131
1767173519.515238,-1,9,-135
1767173519.525238,0,8,-130
1767173519.5362382,-3,5,-123
1767173519.5462382,1,0,-123
1767173519.5562382,9,-2,-124
1767173519.5662382,8,1,-128
1767173519.5752382,5,1,-123
1767173519.586238,8,0,-119
1767173519.596238,3,0,-115
1767173519.606238,3,-2,-115
1767173519.616238,5,-2,-125
1767173519.6252382,5,-4,-135
1767173519.636238,5,-5,-133
1767173519.646238,3,-6,-127
1767173519.656238,0,-3,-121
1767173519.666238,2,-5,-123
1767173519.675238,-1,-6,-120
1767173519.686238,-5,-5,-113
1767173519.696238,-5,0,-113
1767173519.7062385,-5,2,-116
1767173519.7162385,-4,11,-122
1767173519.7262385,-3,7,-130
1767173519.7362382,-1,8,-128
1767173519.7462382,-3,5,-129
1767173519.7562382,-1,3,-132
1767173519.7662382,0,2,-129
1767173519.7762382,1,1,-135
1767173519.7862382,2,0,-136
1767173519.7962382,-1,-1,-132
1767173519.8062382,-1,-1,-130
1767173519.8162382,-1,1,-127
1767173519.8262382,1,2,-129
1767173519.836238,-1,1,-126
1767173519.846238,-2,1,-128
1767173519.856238,-3,0,-131
1767173519.866238,-1,1,-127
1767173519.8752382,2,2,-129
1767173519.886238,-1,2,-126
1767173519.896238,0,-2,-127
1767173519.906238,-3,-4,-127
1767173519.916238,-3,-5,-127
1767173519.926238,0,-5,-118
1767173519.936238,-1,-2,-117
1767173519.946238,-3,-3,-117
1767173519.9562385,-2,-7,-122
1767173519.9662385,-1,-7,-127
1767173519.9762385,0,-5,-123
1767173519.9862382,0,-3,-122
1767173519.9962382,4,0,-121
1767173520.0062382,4,0,-118
1767173520.0162382,9,0,-127
1767173520.0262382,6,0,-129
1767173520.0362382,3,0,-129
1767173520.0462382,0,0,-136
1767173520.0562382,-2,3,-130
1767173520.0662382,0,5,-126
1767173520.0762382,4,3,-126
1767173520.086238,5,1,-130
1767173520.096238,3,3,-129
1767173520.106238,-3,4,-129
1767173520.116238,-2,4,-133
1767173520.126238,1,4,-130
1767173520.136238,1,4,-132
1767173520.146238,-2,0,-130
1767173520.156238,-6,0,-126
1767173520.166238,-3,0,-118
1767173520.176238,0,-1,-121
1767173520.186238,-3,-3,-111
1767173520.196238,-2,-1,-116
1767173520.2062385,0,-2,-125
1767173520.2162385,-2,-3,-128
1767173520.2262385,-3,-4,-132
1767173520.2362382,1,-5,-124
1767173520.2462382,1,-5,-113
1767173520.2562382,1,-4,-119
1767173520.2662382,1,-3,-134
1767173520.2762382,-4,-3,-136
1767173520.2862382,-1,-8,-137
1767173520.2962382,2,-10,-131
1767173520.3062382,6,-7,-130
1767173520.3162382,11,-8,-131
1767173520.3262382,9,-8,-136
1767173520.336238,2,-8,-129
1767173520.346238,0,-7,-128
1767173520.356238,0,-5,-129
1767173520.366238,1,-1,-133
1767173520.376238,1,-3,-131
1767173520.386238,-4,-6,-128
1767173520.396238,-8,-5,-129
1767173520.406238,-8,-5,-128
1767173520.416238,-1,-6,-129
1767173520.426238,0,-6,-131
1767173520.436238,0,-3,-127
1767173520.446238,-2,1,-121
1767173520.4562385,-6,1,-122
1767173520.4662385,-3,1,-127
1767173520.4762385,-2,0,-127
1767173520.4862382,-2,-2,-127
1767173520.4962382,0,-8,-131
1767173520.5062382,5,-9,-132
1767173520.5162382,2,-5,-127
1767173520.5262382,-2,-8,-127
1767173520.5362382,-1,-6,-123
1767173520.5462382,0,-8,-121
1767173520.5562382,5,-6,-124
1767173520.5662382,6,-4,-127
1767173520.5762382,5,-1,-130
1767173520.586238,2,-4,-133
1767173520.596238,3,0,-135
1767173520.606238,-4,0,-130
1767173520.616238,-5,-1,-130
1767173520.626238,-4,-3,-127
1767173520.636238,1,-8,-125
1767173520.646238,0,-7,-128
1767173520.656238,0,-12,-131
1767173520.666238,-4,-8,-128
1767173520.676238,-6,-5,-129
1767173520.686238,-2,-4,-128
1767173520.696238,-2,-1,-129
1767173520.7062385,-2,-5,-132
1767173520.7162385,0,-5,-131
1767173520.7262385,2,-6,-124
1767173520.7362382,5,-6,-122
1767173520.7462382,7,-5,-127
1767173520.7562382,8,-6,-130
1767173520.7662382,11,-2,-130
1767173520.7762382,11,0,-128
1767173520.7862382,5,0,-127
1767173520.7962382,4,-2,-134
1767173520.8062382,5,-3,-134
1767173520.8162382,1,0,-134
1767173520.8262382,-4,2,-131
1767173520.836238,0,-1,-135
1767173520.846238,0,-3,-132
1767173520.856238,0,-3,-126
1767173520.866238,-1,0,-130
1767173520.876238,0,0,-133
1767173520.886238,-1,-1,-132
1767173520.896238,-2,-1,-132
1767173520.906238,2,1,-136
1767173520.916238,4,1,-133
1767173520.926238,5,3,-130
1767173520.936238,2,5,-126
1767173520.946238,-1,2,-127
1767173520.9562385,-5,0,-128
1767173520.9662385,-4,-2,-127
1767173520.9762385,-2,-2,-126
1767173520.9862382,0,0,-124
1767173521.007238,-7,1,-129
1767173521.0162382,-7,0,-131
1767173521.0262382,-9,-5,-132
1767173521.0362382,-6,-2,-126
1767173521.0462382,-1,-1,-124
1767173521.0562382,-3,0,-128
1767173521.0662382,-4,-1,-137
1767173521.0762382,-3,-1,-144
1767173521.086238,-3,-1,-140
1767173521.096238,-5,-3,-137
1767173521.106238,-5,-5,-137
1767173521.116238,-5,-9,-129
1767173521.126238,-1,-9,-124
1767173521.136238,0,-3,-117
1767173521.146238,-1,0,-116
1767173521.156238,-1,3,-117
1767173521.166238,-4,0,-121
1767173521.176238,-5,1,-121
1767173521.186238,-7,2,-124
1767173521.196238,-10,0,-126
1767173521.2062385,-9,0,-127
1767173521.2162385,-5,-2,-130
1767173521.2262385,-4,1,-131
1767173521.2362382,-3,2,-128
1767173521.2462382,0,1,-128
1767173521.2562382,1,3,-119
1767173521.2662382,0,0,-122
1767173521.2762382,0,1,-124
1767173521.2862382,6,0,-126
1767173521.2962382,6,0,-135
1767173521.3062382,7,0,-130
1767173521.3162382,2,0,-132
1767173521.3262382,0,0,-133
1767173521.336238,-1,3,-128
1767173521.346238,-1,0,-130
1767173521.356238,-4,-1,-132
1767173521.366238,-5,-2,-127
1767173521.376238,-5,-4,-124
1767173521.386238,-8,-6,-126
1767173521.396238,-9,-9,-123
1767173521.406238,-6,-7,-125
1767173521.416238,-5,-4,-125
1767173521.426238,-4,-5,-129
1767173521.436238,-1,-7,-134
1767173521.446238,0,-1,-133
1767173521.4562385,0,5,-134
1767173521.4662385,-1,4,-136
1767173521.4762385,-3,-1,-129
1767173521.4862382,-3,-1,-133
1767173521.4962382,-6,-1,-131
1767173521.5062382,-2,-4,-131
1767173521.5162382,1,-3,-129
1767173521.5262382,0,1,-129
1767173521.5362382,0,-2,-131
1767173521.5462382,-2,0,-128
1767173521.5562382,-6,0,-130
1767173521.5662382,-7,0,-133
1767173521.5762382,-8,0,-130
1767173521.586238,-4,0,-129
1767173521.596238,-2,-3,-124
1767173521.606238,-1,-3,-124
1767173521.616238,-1,-1,-130
1767173521.626238,-1,0,-128
1767173521.636238,-5,1,-131
1767173521.646238,-3,3,-130
1767173521.656238,0,2,-136
1767173521.666238,1,3,-131
1767173521.676238,2,7,-130
1767173521.686238,3,5,-126
1767173521.696238,0,3,-123
1767173521.7062385,-1,1,-118
1767173521.7162385,-5,0,-118
1767173521.7262385,-7,-2,-126
1767173521.7362382,-4,-1,-127
1767173521.7462382,1,-2,-122
1767173521.7562382,0,-1,-131
1767173521.7662382,-2,-2,-129
1767173521.7762382,-2,-9,-131
1767173521.7862382,0,-12,-133
1767173521.7962382,0,-12,-136
1767173521.8062382,4,-12,-138
1767173521.8162382,3,-10,-132
1767173521.8262382,0,-8,-125
1767173521.836238,-2,-10,-123
1767173521.846238,-1,-8,-121
1767173521.856238,-1,-9,-120
1767173521.866238,3,-5,-112
1767173521.876238,0,0,-114
1767173521.886238,3,0,-119
1767173521.896238,1,0,-117
1767173521.906238,0,-1,-114
1767173521.916238,0,-4,-115
1767173521.926238,0,-3,-115
1767173521.936238,1,1,-119
1767173521.946238,-1,2,-118
1767173521.9562385,-3,3,-115
1767173521.9662385,-3,-3,-122
1767173521.9762385,0,-7,-118
1767173521.9862382,-1,-3,-117
1767173521.9962382,4,-2,-120
1767173522.0062382,2,-1,-117
1767173522.0162382,1,-5,-118
1767173522.0262382,-2,-3,-118
1767173522.0362382,-4,-1,-124
1767173522.0462382,0,-2,-125
1767173522.0562382,-2,-5,-129
1767173522.0662382,-13,-5,-123
1767173522.0762382,-9,-6,-126
1767173522.086238,-10,-4,-131
1767173522.096238,-6,-4,-130
1767173522.106238,-7,-1,-129
1767173522.116238,-6,0,-127
1767173522.126238,-1,0,-124
1767173522.136238,3,0,-122
1767173522.146238,5,0,-120
1767173522.1572382,3,-5,-117
1767173522.1672382,6,0,-118
1767173522.1772382,8,2,-123
1767173522.1872382,5,3,-123
1767173522.1972382,2,0,-122
1767173522.2072382,1,-3,-117
1767173522.2172382,3,-3,-123
1767173522.2272382,3,0,-125
1767173522.2372382,1,-1,-124
1767173522.2472382,4,-3,-127
1767173522.257238,5,-2,-129
1767173522.267238,8,-4,-126
1767173522.277238,8,-5,-127
1767173522.287238,10,-3,-126
1767173522.297238,5,-4,-128
1767173522.307238,5,-6,-123
1767173522.317238,6,0,-114
1767173522.327238,6,-1,-110
1767173522.337238,8,0,-112
1767173522.347238,5,0,-110
1767173522.357238,5,-2,-116
1767173522.367238,7,1,-125
1767173522.377238,8,-1,-122
1767173522.3872385,7,0,-122
1767173522.3972385,8,4,-109
1767173522.4072382,7,3,-110
1767173522.4172382,2,6,-111
1767173522.4272382,8,3,-117
1767173522.4372382,6,3,-118
1767173522.4472382,1,3,-122
1767173522.4572382,4,2,-128
1767173522.4672382,5,0,-133
1767173522.4772382,3,0,-128
1767173522.4872382,1,0,-126
1767173522.4972382,1,-7,-126
1767173522.507238,2,-6,-122
1767173522.517238,-1,-5,-123
1767173522.527238,0,-3,-121
1767173522.537238,1,-2,-124
1767173522.547238,4,0,-122
1767173522.557238,4,5,-118
1767173522.567238,3,4,-126
1767173522.577238,3,4,-129
1767173522.587238,3,3,-130
1767173522.597238,-1,3,-133
1767173522.607238,-3,0,-134
1767173522.617238,-1,0,-132
1767173522.627238,-4,-1,-140
1767173522.6372385,-4,1,-146
1767173522.6472385,-8,1,-141
1767173522.6572382,-6,-1,-136
1767173522.6672382,-2,0,-136
1767173522.6772382,0,-2,-133
1767173522.6872382,0,0,-127
1767173522.6972382,1,-2,-123
1767173522.7072382,0,-4,-121
1767173522.7172382,-4,-4,-120
1767173522.7272382,-6,-3,-120
1767173522.7372382,-4,-1,-121
1767173522.7472382,-7,-2,-124
1767173522.757238,-2,-1,-127
1767173522.767238,-3,-2,-128
1767173522.777238,-5,-4,-125
1767173522.787238,-4,-8,-127
1767173522.797238,-4,-8,-135
1767173522.807238,0,-7,-132
1767173522.817238,0,-7,-128
1767173522.827238,0,-6,-131
1767173522.837238,0,-4,-134
1767173522.847238,2,-3,-128
1767173522.857238,6,-2,-123
1767173522.867238,4,0,-127
1767173522.877238,3,1,-129
1767173522.8872385,1,2,-130
1767173522.8972385,-2,3,-134
1767173522.9072382,-1,0,-134
1767173522.9172382,-4,1,-132
1767173522.9272382,0,0,-126
1767173522.9372382,-1,1,-124
1767173522.9472382,1,-2,-127
1767173522.9572382,3,1,-124
1767173522.9672382,-1,0,-122
1767173522.9772382,-2,-1,-125
1767173522.9872382,0,-1,-127
1767173522.9972382,-1,-1,-116
1767173523.007238,0,2,-118
1767173523.017238,-1,0,-123
1767173523.027238,2,-2,-123
1767173523.037238,0,-5,-126
1767173523.047238,-4,-8,-133
1767173523.057238,-1,-7,-133
1767173523.067238,0,-4,-137
1767173523.077238,0,-2,-138
1767173523.087238,-1,-2,-142
1767173523.097238,1,0,-137
1767173523.107238,0,1,-134
1767173523.117238,1,3,-132
1767173523.127238,-1,5,-135
1767173523.1372385,-3,0,-139
1767173523.1472385,2,2,-132
1767173523.1572382,3,3,-125
1767173523.1672382,0,3,-116
1767173523.1772382,-1,0,-112
1767173523.1872382,-1,0,-118
1767173523.1972382,-4,-2,-128
1767173523.2072382,-4,0,-133
1767173523.2172382,-2,-2,-132
1767173523.2272382,0,0,-124
1767173523.2372382,-1,0,-125
1767173523.2472382,0,1,-125
1767173523.257238,4,4,-126
1767173523.267238,5,0,-125
1767173523.277238,2,-1,-121
1767173523.287238,2,0,-122
1767173523.297238,0,-1,-119
1767173523.307238,0,-1,-117
1767173523.317238,1,0,-117
1767173523.327238,2,-1,-121
1767173523.337238,-1,-3,-121
1767173523.347238,1,-2,-124
1767173523.357238,5,-5,-127
1767173523.367238,4,-2,-125
1767173523.377238,2,0,-126
1767173523.3872385,0,4,-127
1767173523.3972385,0,0,-130
1767173523.4072382,2,0,-130
1767173523.4172382,1,-2,-132
1767173523.4272382,2,0,-138
1767173523.4372382,0,0,-136
1767173523.4472382,2,0,-136
1767173523.4572382,5,2,-135
1767173523.4672382,5,1,-129
1767173523.4772382,7,-3,-128
1767173523.4872382,1,-6,-129
1767173523.4972382,3,-3,-131
1767173523.507238,3,-4,-129
1767173523.517238,2,-4,-125
1767173523.527238,0,-2,-124
1767173523.537238,1,-5,-122
1767173523.547238,3,-4,-124
1767173523.557238,3,-7,-121
1767173523.567238,0,-6,-122
1767173523.577238,0,-2,-124
1767173523.587238,0,-3,-126
1767173523.597238,1,-3,-126
1767173523.607238,4,-1,-128
1767173523.617238,5,-5,-129
1767173523.627238,3,-9,-131
1767173523.6372385,5,-10,-128
1767173523.6472385,8,-10,-125
1767173523.6572382,5,-7,-129
1767173523.6672382,3,-4,-130
1767173523.6772382,-1,0,-122
1767173523.6872382,-5,0,-124
1767173523.6972382,-4,0,-125
1767173523.7072382,-5,0,-129
1767173523.7172382,-6,-2,-130
1767173523.7272382,-5,-1,-126
1767173523.7372382,-1,-2,-122
1767173523.7472382,-2,1,-123
1767173523.757238,-3,4,-127
1767173523.767238,-1,0,-129
1767173523.777238,2,0,-127
1767173523.787238,0,-5,-127
1767173523.797238,-5,-6,-126
1767173523.807238,-6,-2,-127
1767173523.817238,-2,4,-130
1767173523.827238,2,2,-124
1767173523.837238,-3,4,-125
1767173523.847238,-8,4,-123
1767173523.857238,-5,1,-124
1767173523.867238,-4,-3,-126
1767173523.877238,-1,0,-126
1767173523.8872385,0,0,-129
1767173523.8972385,2,0,-130
1767173523.9072382,4,0,-128
1767173523.9172382,0,-1,-128
1767173523.9272382,0,-4,-123
1767173523.9372382,4,-6,-128
1767173523.9472382,3,-9,-130
1767173523.9572382,5,-7,-128
1767173523.9672382,1,-4,-135
1767173523.9772382,-4,-3,-132
1767173523.9872382,-1,0,-129
1767173523.9972382,0,-3,-132
1767173524.007238,-5,2,-140
1767173524.017238,-4,2,-133
1767173524.027238,-2,-2,-131
1767173524.037238,-6,-4,-125
1767173524.047238,-6,-2,-132
1767173524.057238,-7,-2,-138
1767173524.067238,-6,0,-135
1767173524.077238,-8,-1,-138
1767173524.087238,-5,-5,-140
1767173524.097238,-3,-5,-138
1767173524.107238,-1,-4,-135
1767173524.117238,2,-7,-137
1767173524.127238,0,-2,-137
1767173524.1372385,-3,-1,-132
1767173524.1472385,-4,-1,-129
1767173524.1572382,-6,0,-133
1767173524.1672382,-4,-3,-133
1767173524.1772382,-1,-5,-143
1767173524.1872382,1,-5,-140
1767173524.1972382,2,-6,-136
1767173524.2072382,-1,-7,-130
1767173524.2172382,-3,-8,-132
1767173524.2272382,-2,-9,-124
1767173524.2372382,-3,-7,-124
1767173524.2472382,-4,-4,-126
1767173524.257238,-1,0,-122
1767173524.267238,-3,-1,-125
1767173524.277238,-3,2,-127
1767173524.287238,-3,6,-126
1767173524.297238,0,5,-124
1767173524.307238,1,3,-122
1767173524.317238,5,0,-129
1767173524.327238,0,-2,-134
1767173524.337238,-2,-6,-130
1767173524.347238,0,-1,-130
1767173524.357238,3,0,-128
1767173524.367238,0,0,-124
1767173524.377238,-2,1,-130
1767173524.3872385,-2,-1,-125
1767173524.3972385,-3,-1,-128
1767173524.4072382,-1,-2,-134
1767173524.4172382,2,-4,-135
1767173524.4272382,1,-1,-132
1767173524.4372382,2,-3,-129
1767173524.4472382,3,-2,-126
1767173524.4572382,3,-5,-124
1767173524.4672382,3,-7,-129
1767173524.4772382,1,-9,-129
1767173524.4872382,0,-7,-124
1767173524.4972382,3,-6,-123
1767173524.507238,1,-5,-127
1767173524.517238,1,-6,-127
1767173524.527238,0,-3,-128
1767173524.537238,0,-3,-131
1767173524.547238,0,-1,-131
1767173524.557238,-4,-2,-126
1767173524.567238,-4,-3,-122
1767173524.577238,-4,-3,-125
1767173524.587238,0,-3,-127
1767173524.597238,-1,-8,-129
1767173524.607238,-7,-8,-133
1767173524.617238,-1,-7,-133
1767173524.627238,0,-4,-127
1767173524.6372385,0,-6,-127
1767173524.6472385,2,-5,-124
1767173524.6572382,1,-4,-124
1767173524.6672382,-1,-2,-124
1767173524.6772382,-5,0,-122
1767173524.6872382,-4,-4,-125
1767173524.6972382,-5,-1,-120
1767173524.7072382,0,-1,-121
1767173524.7172382,0,0,-119
1767173524.7272382,1,-1,-127
1767173524.7372382,-2,3,-127
1767173524.7472382,0,0,-130
1767173524.757238,0,2,-132
1767173524.767238,-1,1,-132
1767173524.778238,-1,-2,-125
1767173524.787238,1,0,-120
1767173524.797238,0,1,-117
1767173524.807238,4,3,-120
1767173524.8182385,2,1,-120
1767173524.8282382,1,0,-123
1767173524.8382382,-1,0,-127
1767173524.8482382,0,1,-125
1767173524.8582382,0,0,-127
1767173524.8682382,-2,3,-131
1767173524.8782382,-1,0,-130
1767173524.8882382,1,0,-128
1767173524.8982382,0,-2,-127
1767173524.9082382,-2,-2,-130
1767173524.9182382,-2,0,-131
1767173524.9282382,-5,0,-135
1767173524.938238,-1,-1,-136
1767173524.948238,0,-1,-132
1767173524.958238,0,2,-131
1767173524.968238,0,2,-128
1767173524.978238,-2,3,-126
1767173524.988238,1,7,-132
1767173524.998238,2,5,-133
1767173525.008238,3,1,-130
1767173525.018238,1,1,-123
1767173525.028238,0,3,-127
1767173525.038238,2,1,-123
1767173525.048238,5,6,-126
1767173525.0582385,5,10,-125
1767173525.0682385,7,10,-129
1767173525.0782382,10,6,-133
1767173525.0882382,8,3,-123
1767173525.0982382,7,4,-130
1767173525.1082382,0,2,-133
1767173525.1182382,-2,5,-139
1767173525.1282382,-1,1,-137
1767173525.1382382,-4,0,-140
1767173525.1482382,-5,0,-138
1767173525.1582382,-5,-5,-132
1767173525.1682382,-6,-3,-137
1767173525.1782382,-6,-2,-135
1767173525.188238,-7,-2,-136
1767173525.198238,-7,-1,-134
1767173525.208238,-6,-2,-134
1767173525.218238,0,-1,-135
1767173525.228238,3,0,-133
1767173525.238238,2,-1,-129
1767173525.248238,0,-2,-131
1767173525.258238,-1,3,-127
1767173525.268238,3,3,-123
1767173525.278238,4,6,-125
1767173525.288238,6,5,-129
1767173525.298238,8,4,-131
1767173525.3082385,7,0,-137
1767173525.3182385,8,-3,-140
1767173525.3282382,5,-1,-138
1767173525.3382382,6,0,-136
1767173525.3482382,5,-1,-138
1767173525.3582382,6,-1,-138
1767173525.3682382,8,-4,-129
1767173525.3782382,4,-4,-127
1767173525.3882382,0,0,-129
1767173525.3982382,1,0,-127
1767173525.4082382,-1,1,-128
1767173525.4182382,-2,3,-128
1767173525.4282382,-2,4,-126
1767173525.438238,1,4,-126
1767173525.448238,1,3,-132
1767173525.458238,1,1,-136
1767173525.468238,1,3,-134
1767173525.478238,0,2,-137
1767173525.488238,-1,3,-143
1767173525.498238,-4,0,-142
1767173525.508238,-9,-3,-138
1767173525.518238,-10,0,-141
1767173525.528238,-7,3,-141
1767173525.538238,-3,4,-148
1767173525.548238,-1,1,-146
1767173525.5582385,0,5,-145
1767173525.5682385,1,1,-148
1767173525.5782382,4,-1,-146
1767173525.5882382,1,0,-138
1767173525.5982382,-2,-1,-129
1767173525.6082382,-1,-4,-128
1767173525.6182382,0,-2,-123
1767173525.6282382,0,1,-123
1767173525.6382382,1,-1,-129
1767173525.6482382,0,-1,-134
1767173525.6582382,0,0,-131
1767173525.6682382,3,-1,-125
1767173525.6782382,10,0,-128
1767173525.688238,6,-1,-132
1767173525.698238,3,-5,-134
1767173525.708238,1,-7,-140
1767173525.718238,0,-6,-139
1767173525.728238,0,-6,-138
1767173525.738238,-3,-5,-136
1767173525.748238,-5,-5,-133
1767173525.758238,-9,-3,-131
1767173525.768238,-11,1,-131
1767173525.778238,-7,-3,-135
1767173525.788238,-2,-3,-130
1767173525.798238,-2,-4,-128
1767173525.8092382,0,-9,-120
1767173525.8182385,-1,-7,-122
1767173525.8282382,2,-7,-126
1767173525.8382382,2,-3,-127
1767173525.8482382,0,0,-133
1767173525.8582382,-2,0,-125
1767173525.8682382,-3,-1,-117
1767173525.8782382,0,0,-113
1767173525.8882382,0,0,-117
1767173525.8982382,0,0,-114
1767173525.9082382,-1,0,-116
1767173525.9182382,-4,0,-120
1767173525.9282382,-1,1,-120
1767173525.938238,0,0,-121
1767173525.948238,0,-2,-127
1767173525.958238,-1,-4,-130
1767173525.968238,0,-3,-128
1767173525.978238,-2,-1,-134
1767173525.988238,-2,-4,-134
1767173525.998238,0,-7,-132
1767173526.0202382,-2,-5,-130
1767173526.028238,0,-5,-124
1767173526.038238,-2,-3,-128
1767173526.048238,-3,-4,-130
1767173526.0582385,-1,-5,-133
1767173526.0682385,-4,-6,-130
1767173526.0782382,-4,-5,-123
1767173526.0882382,-4,-6,-127
1767173526.0982382,-2,-6,-130
1767173526.1082382,-3,-4,-131
1767173526.1182382,-1,0,-124
1767173526.1282382,0,0,-126
1767173526.1382382,0,-3,-130
1767173526.1482382,6,0,-123
1767173526.1582382,4,0,-127
1767173526.1682382,2,-6,-131
1767173526.1782382,-1,-5,-126
1767173526.188238,-1,-5,-122
1767173526.198238,0,-9,-117
1767173526.208238,0,-5,-118
1767173526.218238,0,-6,-125
1767173526.228238,0,-7,-128
1767173526.238238,0,-2,-130
1767173526.248238,0,-3,-129
1767173526.258238,2,-4,-124
1767173526.268238,2,-5,-124
1767173526.278238,4,-9,-124
1767173526.288238,2,-2,-126
1767173526.298238,3,-4,-130
1767173526.3082385,2,-8,-131
1767173526.3182385,6,-7,-125
1767173526.3282382,4,-7,-122
1767173526.3382382,2,-8,-122
1767173526.3482382,-1,-3,-122
1767173526.3582382,0,-5,-122
1767173526.3682382,4,0,-128
1767173526.3782382,6,0,-131
1767173526.3882382,5,0,-130
1767173526.3982382,8,-1,-133
1767173526.4082382,2,-4,-134
1767173526.4182382,4,-5,-129
1767173526.4282382,6,0,-130
1767173526.438238,6,0,-134
1767173526.448238,1,-2,-129
1767173526.458238,2,0,-126
1767173526.468238,5,-3,-128
1767173526.478238,2,0,-127
1767173526.488238,1,1,-129
1767173526.498238,3,1,-127
1767173526.508238,-1,1,-128
1767173526.518238,-1,-4,-127
1767173526.528238,2,0,-132
1767173526.538238,0,0,-130
1767173526.548238,1,-2,-127
1767173526.5582385,1,0,-130
1767173526.5682385,-1,-1,-134
1767173526.5782382,-1,-6,-134
1767173526.5882382,0,-10,-135
1767173526.5982382,0,-10,-131
1767173526.6082382,1,-4,-135
1767173526.6182382,2,-1,-139
1767173526.6282382,2,0,-140
1767173526.6382382,-2,0,-136
1767173526.6482382,1,2,-139
1767173526.6582382,1,0,-141
1767173526.6682382,0,0,-144
1767173526.6782382,-2,-3,-143
1767173526.688238,0,-6,-136
1767173526.698238,0,-4,-130
1767173526.708238,-2,-7,-134
1767173526.718238,0,-6,-132
1767173526.728238,0,-6,-129
1767173526.738238,-2,-4,-126
1767173526.748238,0,-4,-124
1767173526.758238,-2,-5,-122
1767173526.768238,1,-8,-126
1767173526.778238,1,-6,-129
1767173526.788238,2,-6,-129
1767173526.798238,2,-7,-125
1767173526.8082385,4,-9,-130
1767173526.8182385,2,-8,-136
1767173526.8282382,6,-5,-132
1767173526.8382382,1,-2,-127
1767173526.8482382,-1,-1,-125
1767173526.8582382,3,0,-127
1767173526.8682382,6,1,-126
1767173526.8782382,0,3,-126
1767173526.8882382,-1,5,-126
1767173526.8982382,-5,1,-126
1767173526.9082382,-2,7,-128
1767173526.9182382,0,3,-131
1767173526.9282382,2,1,-127
1767173526.938238,0,0,-128
1767173526.948238,1,0,-131
1767173526.958238,1,-3,-124
1767173526.968238,3,-7,-127
1767173526.978238,3,-2,-125
1767173526.988238,2,0,-129
1767173526.998238,6,-1,-119
1767173527.008238,0,0,-119
1767173527.018238,1,0,-120
1767173527.028238,-1,0,-119
1767173527.038238,0,0,-118
1767173527.048238,3,-2,-118
1767173527.0582385,2,-6,-123
1767173527.0682385,2,-3,-121
1767173527.0782382,3,-2,-119
1767173527.0882382,0,-4,-124
1767173527.0982382,0,-3,-127
1767173527.1082382,-2,-7,-128
1767173527.1182382,-2,-5,-130
1767173527.1282382,-4,-3,-129
1767173527.1382382,-1,-1,-123
1767173527.1482382,-4,-3,-124
1767173527.1582382,-6,0,-127
1767173527.1682382,-6,0,-124
1767173527.1782382,-3,-2,-124
1767173527.188238,-7,-5,-127
1767173527.198238,-2,-1,-127
1767173527.208238,-7,-1,-127
1767173527.218238,-5,-2,-130
1767173527.228238,-6,-4,-126
1767173527.238238,-1,-1,-124
1767173527.248238,-2,-3,-124
1767173527.258238,-5,-2,-129
1767173527.268238,-8,1,-132
1767173527.278238,-7,-2,-133
1767173527.288238,-4,0,-137
1767173527.298238,-3,-2,-135
1767173527.3082385,-6,0,-132
1767173527.3182385,-4,0,-128
1767173527.3282382,-1,0,-132
1767173527.3382382,-2,-1,-127
1767173527.3482382,-3,0,-128
1767173527.3582382,-4,1,-130
1767173527.3682382,-4,0,-129
1767173527.3782382,-2,0,-129
1767173527.3882382,0,-1,-126
1767173527.399238,1,-1,-127
1767173527.409238,5,3,-131
1767173527.419238,6,2,-123
1767173527.4282382,0,0,-131
1767173527.439238,-1,-1,-128
1767173527.449238,-5,0,-128
1767173527.459238,-5,0,-132
1767173527.468238,0,0,-129
1767173527.4792385,-2,-2,-125
1767173527.4892385,-1,0,-123
1767173527.4992385,3,-1,-123
1767173527.5092382,0,-3,-131
1767173527.5192382,4,-3,-131
1767173527.5292382,5,1,-130
1767173527.5392382,2,1,-136
1767173527.5492382,3,2,-139
1767173527.5592382,3,0,-137
1767173527.5692382,4,0,-136
1767173527.5792382,5,0,-130
1767173527.5892382,4,-4,-131
1767173527.5992382,0,-2,-128
1767173527.609238,0,-1,-129
1767173527.619238,0,-5,-133
1767173527.629238,-2,-6,-126
1767173527.639238,-2,-3,-118
1767173527.649238,-3,-4,-120
1767173527.659238,-2,-3,-123
1767173527.669238,1,-2,-124
1767173527.679238,-1,0,-123
1767173527.689238,-5,-1,-121
1767173527.699238,-6,0,-117
1767173527.709238,-5,5,-111
1767173527.719238,-3,3,-115
1767173527.7292385,0,-1,-117
1767173527.7392385,0,0,-121
1767173527.7492385,0,-1,-115
1767173527.7592382,-2,1,-121
1767173527.7692382,-4,3,-126
1767173527.7792382,-1,0,-124
1767173527.7892382,1,-1,-125
1767173527.7992382,-1,-5,-123
1767173527.8092382,-4,-4,-129
1767173527.8192382,-3,-4,-131
1767173527.8292382,-2,-1,-134
1767173527.8392382,0,-1,-135
1767173527.8492382,-2,0,-130
1767173527.859238,-3,0,-141
1767173527.869238,-3,-4,-140
1767173527.879238,-4,-5,-137
1767173527.889238,-5,-6,-134
1767173527.899238,-3,-4,-129
1767173527.909238,-5,-2,-131
1767173527.919238,-4,-4,-133
1767173527.929238,-3,-4,-138
1767173527.939238,0,-2,-142
1767173527.949238,0,-5,-140
1767173527.959238,-1,-3,-140
1767173527.969238,-1,1,-139
1767173527.9792385,1,-2,-142
1767173527.9892385,0,-3,-133
1767173527.9992385,0,-5,-128
1767173528.0092382,9,-3,-128
1767173528.0192382,5,0,-132
1767173528.0292382,3,-3,-132
1767173528.0392382,1,-4,-123
1767173528.0492382,3,-1,-122
1767173528.0592382,3,0,-123
1767173528.0692382,1,3,-126
1767173528.0792382,0,3,-125
1767173528.0892382,1,-1,-123
1767173528.0992382,1,-3,-123
1767173528.109238,-4,-4,-125
1767173528.119238,-5,-3,-123
1767173528.129238,-6,0,-121
1767173528.139238,-5,2,-123
1767173528.149238,-6,3,-128
1767173528.159238,-7,3,-125
1767173528.169238,-5,4,-124
1767173528.179238,-3,3,-126
1767173528.189238,2,5,-130
1767173528.199238,-3,2,-131
1767173528.209238,0,-1,-129
1767173528.219238,0,-5,-129
1767173528.2292385,0,-5,-128
1767173528.2392385,0,-3,-127
1767173528.2492385,-1,0,-125
1767173528.2592382,-3,4,-121
1767173528.2692382,-3,3,-121
1767173528.2792382,-4,0,-123
1767173528.2892382,-4,0,-126
1767173528.2992382,-5,2,-122
1767173528.3092382,-7,0,-119
1767173528.3192382,-8,-2,-121
1767173528.3292382,-10,-3,-130
1767173528.3392382,-9,0,-137
1767173528.3492382,-9,-2,-136
1767173528.359238,-3,0,-136
1767173528.369238,-2,-2,-132
1767173528.379238,-1,-6,-131
1767173528.389238,3,-3,-128
1767173528.399238,0,-1,-122
1767173528.409238,-5,-2,-120
1767173528.419238,-5,0,-119
1767173528.429238,-1,0,-116
1767173528.439238,-5,0,-122
1767173528.449238,-4,-1,-127
1767173528.459238,-4,-1,-126
1767173528.469238,-1,0,-130
1767173528.4792385,-1,-1,-126
1767173528.4892385,-1,-1,-122
1767173528.4992385,0,-4,-130
1767173528.5092382,1,-5,-129
1767173528.5192382,0,-5,-126
1767173528.5292382,0,-6,-126
1767173528.5392382,1,-1,-129
1767173528.5492382,0,-1,-132
1767173528.5592382,-2,-1,-128
1767173528.5692382,1,-1,-122
1767173528.5792382,3,-1,-115
1767173528.5892382,0,0,-123
1767173528.5992382,-3,-2,-126
1767173528.609238,-8,-4,-127
1767173528.619238,-6,-8,-130
1767173528.629238,-5,-8,-125
1767173528.639238,0,-8,-117
1767173528.649238,1,-6,-112
1767173528.659238,1,-3,-114
1767173528.669238,0,-3,-118
1767173528.679238,-5,-2,-123
1767173528.689238,-7,-1,-127
1767173528.699238,-3,-3,-132
1767173528.709238,-4,-1,-135
1767173528.719238,0,0,-134
1767173528.7292385,-3,4,-139
1767173528.7392385,-2,3,-133
1767173528.7492385,0,2,-127
1767173528.7592382,-7,2,-126
1767173528.7692382,-5,-1,-127
1767173528.7792382,-4,3,-121
1767173528.7892382,1,3,-124
1767173528.7992382,0,3,-129
1767173528.8092382,4,5,-130
1767173528.8192382,1,-1,-133
1767173528.8292382,1,-5,-131
1767173528.8392382,1,-5,-128
1767173528.8492382,0,0,-124
1767173528.859238,-2,2,-123
1767173528.869238,-3,0,-120
1767173528.879238,-7,0,-117
1767173528.889238,-5,-2,-124
1767173528.899238,-2,-1,-131
1767173528.909238,0,0,-135
1767173528.919238,-1,0,-137
1767173528.929238,0,-4,-135
1767173528.939238,-2,-8,-136
1767173528.949238,-4,-7,-130
1767173528.959238,-1,-9,-132
1767173528.969238,-2,-11,-132
1767173528.9792385,-3,-5,-132
1767173528.9892385,-4,-3,-133
1767173528.9992385,-7,1,-135
1767173529.0092382,-7,2,-132
1767173529.0192382,-6,0,-125
1767173529.0292382,-6,0,-124
1767173529.0392382,-5,1,-122
1767173529.0492382,-7,0,-124
1767173529.0592382,-8,1,-127
1767173529.0692382,-6,1,-120
1767173529.0792382,-4,-1,-117
1767173529.0892382,-5,-3,-122
1767173529.0992382,-2,-9,-120
1767173529.109238,1,-6,-122
1767173529.119238,2,-1,-123
1767173529.129238,4,-1,-120
1767173529.139238,2,-1,-117
1767173529.149238,4,-3,-117
1767173529.159238,5,-3,-115
1767173529.169238,4,-1,-114
1767173529.179238,6,-2,-119
1767173529.189238,6,-6,-120
1767173529.199238,3,-9,-122
1767173529.209238,2,-5,-125
1767173529.219238,4,-5,-123
1767173529.2292385,3,-2,-124
1767173529.2392385,0,-3,-133
1767173529.2492385,-3,-5,-129
1767173529.2592382,-6,-5,-123
1767173529.2692382,-8,-3,-124
1767173529.2792382,-2,-2,-130
1767173529.2892382,1,-3,-129
1767173529.2992382,0,0,-128
1767173529.3092382,1,0,-122
1767173529.3192382,0,0,-123
1767173529.3292382,0,-2,-120
1767173529.3392382,-2,-3,-117
1767173529.3492382,-2,-4,-117
1767173529.359238,0,1,-122
1767173529.369238,1,2,-129
1767173529.379238,0,0,-123
1767173529.389238,0,0,-129
1767173529.399238,-2,1,-130
1767173529.409238,-1,3,-138
1767173529.419238,0,2,-140
1767173529.429238,2,1,-138
1767173529.439238,1,0,-138
1767173529.449238,1,0,-124
1767173529.459238,1,-4,-115
1767173529.469238,2,-8,-119
1767173529.4792385,4,-9,-118
1767173529.4892385,2,-11,-116
1767173529.4992385,6,-12,-122
1767173529.5092382,3,-12,-127
1767173529.5192382,-3,-7,-138
1767173529.5292382,-3,-7,-135
1767173529.5392382,0,-14,-133
1767173529.5492382,4,-11,-131
1767173529.5592382,4,-7,-130
1767173529.5692382,3,-8,-132
1767173529.5792382,1,-10,-130
1767173529.5892382,-1,-9,-120
1767173529.5992382,0,-6,-123
1767173529.609238,-2,-2,-121
1767173529.619238,-5,0,-116
1767173529.629238,-3,1,-125
1767173529.639238,1,1,-127
1767173529.649238,-1,0,-129
1767173529.659238,-2,0,-140
1767173529.669238,-3,1,-138
1767173529.679238,1,2,-138
1767173529.689238,2,1,-135
1767173529.699238,3,-2,-138
1767173529.709238,3,-3,-129
1767173529.719238,0,0,-128
1767173529.7292385,-7,-2,-128
1767173529.7392385,-7,-4,-133
1767173529.7492385,-8,-4,-134
1767173529.7592382,-8,-8,-129
1767173529.7692382,-9,-5,-126
1767173529.7792382,-10,-7,-125
1767173529.7892382,-8,-6,-119
1767173529.7992382,-9,-5,-129
1767173529.8092382,-10,-2,-130
1767173529.8192382,-10,3,-125
1767173529.8292382,-12,4,-124
1767173529.8392382,-4,4,-132
1767173529.8492382,-1,3,-136
1767173529.859238,0,1,-133
1767173529.869238,3,2,-132
1767173529.879238,7,2,-133
1767173529.889238,7,1,-132
1767173529.899238,2,4,-128
1767173529.909238,3,5,-126
1767173529.919238,0,4,-128
1767173529.929238,0,1,-130
1767173529.939238,-3,0,-135
1767173529.949238,-2,1,-139
1767173529.959238,-1,0,-138
1767173529.969238,-3,0,-137
1767173529.9792385,0,-3,-140
1767173529.9892385,0,-3,-135
1767173530.0002382,2,-4,-138
1767173530.0092382,2,-3,-140
1767173530.0192382,0,-2,-138
1767173530.0292382,-3,-2,-132
1767173530.0392382,-4,1,-131
1767173530.050238,-3,2,-128
1767173530.0592382,-7,2,-123
1767173530.0692382,0,0,-117
1767173530.0792382,3,0,-118
1767173530.090238,4,-2,-123
1767173530.100238,4,-2,-124
1767173530.110238,0,-6,-121
1767173530.120238,-5,-4,-121
1767173530.130238,-4,-1,-117
1767173530.140238,-2,0,-120
1767173530.150238,0,-2,-118
1767173530.1602385,-2,0,-119
1767173530.1702385,0,0,-120
1767173530.1802382,-1,0,-116
1767173530.1902382,-3,3,-121
1767173530.2002382,-3,0,-121
1767173530.2102382,-3,1,-121
1767173530.2202382,-1,-3,-122
1767173530.2302382,-4,0,-121
1767173530.2402382,-1,0,-118
1767173530.2502382,-1,1,-124
1767173530.2602382,-6,0,-128
1767173530.2702382,-5,0,-134
1767173530.2802382,-2,2,-130
1767173530.290238,-4,5,-125
1767173530.300238,-2,2,-125
1767173530.310238,0,0,-128
1767173530.320238,-3,0,-126
1767173530.330238,-3,0,-127
1767173530.340238,-1,0,-128
1767173530.350238,0,4,-128
1767173530.360238,2,1,-132
1767173530.370238,5,3,-131
1767173530.380238,6,4,-132
1767173530.390238,5,2,-133
1767173530.400238,9,1,-132
1767173530.4102385,4,1,-137
1767173530.4202385,4,0,-138
1767173530.4302382,-1,0,-135
1767173530.4402382,0,2,-130
1767173530.4502382,-4,4,-128
1767173530.4602382,0,4,-125
1767173530.4702382,2,2,-128
1767173530.4802382,4,5,-127
1767173530.4902382,1,3,-128
1767173530.5002382,3,2,-130
1767173530.5102382,4,0,-126
1767173530.5202382,6,0,-121
1767173530.5302382,6,-2,-128
1767173530.540238,5,-5,-131
1767173530.550238,8,-3,-123
1767173530.560238,6,1,-122
1767173530.570238,6,0,-120
1767173530.580238,4,1,-119
1767173530.590238,0,-1,-122
1767173530.600238,1,-1,-121
1767173530.610238,0,1,-126
1767173530.620238,2,0,-127
1767173530.630238,7,-3,-128
1767173530.640238,3,-6,-133
1767173530.650238,1,-3,-132
1767173530.6602385,5,-7,-127
1767173530.6702385,0,-7,-126
1767173530.6802382,0,-10,-120
1767173530.6902382,2,-8,-117
1767173530.7002382,0,-8,-114
1767173530.7102382,-2,-1,-115
1767173530.7202382,0,-2,-114
1767173530.7302382,-4,-2,-119
1767173530.7402382,-2,3,-116
1767173530.7502382,-1,-2,-118
1767173530.7602382,-4,-4,-120
1767173530.7702382,-4,0,-126
1767173530.7802382,-2,0,-123
1767173530.790238,-2,0,-118
1767173530.800238,-3,-2,-120
1767173530.810238,-4,-5,-122
1767173530.820238,-7,-6,-116
1767173530.830238,-7,-4,-110
1767173530.840238,-8,-5,-113
1767173530.850238,-6,-2,-116
1767173530.860238,-2,-3,-119
1767173530.870238,-3,-4,-118
1767173530.880238,-3,-6,-114
1767173530.890238,-3,-7,-123
1767173530.900238,-1,-5,-127
1767173530.9102385,-2,-4,-128
1767173530.9202385,0,-2,-130
1767173530.9302382,-1,-4,-127
1767173530.9402382,-3,-5,-128
1767173530.9502382,-5,-3,-125
1767173530.9602382,-3,0,-124
1767173530.9702382,-4,-3,-117
1767173530.9802382,-2,-2,-120
1767173530.9902382,-3,-1,-119
1767173531.0002382,2,0,-120
1767173531.0102382,1,0,-123
1767173531.0322382,4,3,-126
1767173531.040238,5,4,-124
1767173531.050238,4,5,-127
1767173531.060238,1,5,-125
1767173531.070238,0,2,-124
1767173531.080238,-3,4,-129
1767173531.090238,-1,3,-132
1767173531.100238,0,7,-136
1767173531.110238,-4,5,-134
1767173531.120238,-3,6,-130
1767173531.130238,-4,6,-135
1767173531.140238,0,6,-135
1767173531.150238,4,0,-137
1767173531.1602385,9,-4,-132
1767173531.1702385,6,-5,-131
1767173531.1802382,5,-9,-134
1767173531.1902382,-1,-9,-136
1767173531.2002382,0,-11,-125
1767173531.2102382,3,-8,-129
1767173531.2202382,7,-8,-131
1767173531.2302382,6,-12,-136
1767173531.2402382,7,-6,-130
1767173531.2502382,4,-1,-131
1767173531.2602382,4,0,-136
1767173531.2702382,4,-3,-135
1767173531.2802382,1,-8,-136
1767173531.290238,-2,-7,-136
1767173531.300238,-1,-3,-130
1767173531.310238,0,-2,-133
1767173531.320238,-3,-4,-133
1767173531.330238,-4,-7,-128
1767173531.340238,0,-7,-128
1767173531.350238,3,-7,-126
1767173531.360238,3,-5,-122
1767173531.370238,3,-3,-120
1767173531.380238,6,-6,-121
1767173531.390238,8,-6,-126
1767173531.400238,8,-4,-126
1767173531.4102385,7,-4,-124
1767173531.4202385,-2,-2,-121
1767173531.4302382,-2,-4,-131
1767173531.4402382,0,-2,-131
1767173531.4502382,-1,-4,-131
1767173531.4602382,1,-6,-126
1767173531.4702382,2,-5,-119
1767173531.4802382,1,-2,-122
1767173531.4902382,-2,-2,-125
1767173531.5002382,0,-6,-128
1767173531.5102382,-1,-6,-128
1767173531.5202382,-1,-7,-126
1767173531.5302382,-1,-4,-126
1767173531.540238,-3,-7,-121
1767173531.550238,-4,-4,-119
1767173531.560238,-1,-5,-120
1767173531.570238,0,-5,-116
1767173531.580238,-1,-4,-123
1767173531.590238,-3,-5,-124
1767173531.600238,-4,-4,-117
1767173531.610238,-1,-4,-116
1767173531.620238,-2,-7,-121
1767173531.630238,-5,-9,-116
1767173531.640238,-5,-5,-119
1767173531.650238,-5,-3,-125
1767173531.6602385,-3,-4,-127
1767173531.6702385,-1,-6,-125
1767173531.6802382,1,-3,-126
1767173531.6902382,0,-5,-127
1767173531.7002382,3,-3,-123
1767173531.7102382,2,-2,-119
1767173531.7202382,-2,0,-121
1767173531.7302382,0,2,-125
1767173531.7402382,1,3,-115
1767173531.7502382,1,1,-116
1767173531.7602382,-1,-2,-121
1767173531.7702382,-2,-4,-125
1767173531.7802382,2,-4,-125
1767173531.790238,7,0,-128
1767173531.800238,7,-1,-130
1767173531.810238,7,-3,-133
1767173531.820238,3,-8,-132
1767173531.830238,3,-10,-129
1767173531.840238,3,-10,-130
1767173531.850238,6,-9,-126
1767173531.860238,2,-7,-132
1767173531.870238,6,-1,-138
1767173531.880238,8,-2,-138
1767173531.890238,5,-2,-143
1767173531.900238,1,-4,-139
1767173531.9102385,3,-4,-138
1767173531.9202385,-1,-4,-134
1767173531.9302382,3,-6,-137
1767173531.9402382,2,-3,-138
1767173531.9502382,1,-3,-145
1767173531.9602382,0,-3,-140
1767173531.9702382,2,-5,-141
1767173531.9802382,1,-5,-138
1767173531.9902382,2,-6,-136
1767173532.0002382,0,-4,-131
1767173532.0102382,-1,-1,-127
1767173532.0202382,-1,0,-128
1767173532.0302382,-3,2,-131
1767173532.040238,0,2,-135
1767173532.050238,2,6,-138
1767173532.060238,1,3,-142
1767173532.070238,0,2,-145
1767173532.080238,-3,4,-141
1767173532.090238,-5,3,-136
1767173532.100238,-4,4,-136
1767173532.110238,-9,0,-131
1767173532.120238,-7,1,-127
1767173532.130238,-5,5,-123
1767173532.140238,-2,7,-128
1767173532.150238,3,4,-128
1767173532.1602385,3,2,-128
1767173532.1702385,4,0,-129
1767173532.1802382,5,0,-122
1767173532.1902382,3,0,-129
1767173532.2002382,5,0,-128
1767173532.2102382,6,0,-127
1767173532.2202382,4,1,-131
1767173532.2302382,1,2,-139
1767173532.2402382,0,1,-144
1767173532.2502382,-2,5,-143
1767173532.2602382,-2,3,-141
1767173532.2702382,0,4,-142
1767173532.2802382,1,2,-138
1767173532.290238,0,2,-134
1767173532.300238,1,-1,-125
1767173532.310238,-1,-2,-125
1767173532.320238,-1,0,-122
1767173532.330238,-1,0,-129
1767173532.340238,1,-2,-121
1767173532.350238,5,1,-122
1767173532.360238,4,3,-120
1767173532.370238,5,4,-116
1767173532.380238,0,6,-129
1767173532.390238,-1,4,-133
1767173532.400238,-1,2,-135
1767173532.4102385,-1,-1,-126
1767173532.4202385,3,-2,-126
1767173532.4302382,3,-3,-128
1767173532.4402382,0,-3,-129
1767173532.4502382,-2,-2,-128
1767173532.4602382,-4,-2,-133
1767173532.4702382,0,-7,-133
1767173532.4802382,2,-7,-121
1767173532.4902382,1,-5,-117
1767173532.5002382,-1,-6,-115
1767173532.5102382,-2,-9,-115
1767173532.5202382,-3,-11,-115
1767173532.5302382,0,-12,-117
1767173532.540238,2,-12,-123
1767173532.550238,0,-7,-120
1767173532.560238,5,-6,-119
1767173532.570238,2,-5,-126
1767173532.580238,4,-2,-133
1767173532.590238,6,-2,-140
1767173532.600238,7,0,-136
1767173532.6112382,4,1,-130
1767173532.620238,2,1,-129
1767173532.630238,-2,2,-132
1767173532.640238,-4,0,-133
1767173532.6512382,-1,-1,-134
1767173532.6612382,0,-3,-131
1767173532.6702385,-1,-5,-124
1767173532.6802382,-4,-6,-129
1767173532.6902382,-3,-3,-128
1767173532.7012382,-7,-5,-127
1767173532.711238,-5,-4,-125
1767173532.721238,-5,-3,-116
1767173532.731238,-1,-6,-116
1767173532.741238,4,-10,-122
1767173532.751238,6,-6,-126
1767173532.761238,4,-5,-120
1767173532.771238,8,-6,-121
1767173532.781238,4,-3,-120
1767173532.791238,0,-1,-115
1767173532.801238,0,-3,-117
1767173532.811238,1,-6,-122
1767173532.821238,1,-5,-122
1767173532.8312385,3,-7,-125
1767173532.8412385,0,-4,-128
1767173532.8512385,0,-1,-131
1767173532.8612382,-1,0,-127
1767173532.8712382,-5,-2,-122
1767173532.8812382,-6,0,-127
1767173532.8912382,-2,0,-128
1767173532.9012382,0,0,-126
1767173532.9112382,0,0,-130
1767173532.9212382,1,1,-129
1767173532.9312382,1,0,-121
1767173532.9412382,4,2,-122
1767173532.9512382,3,3,-122
1767173532.961238,6,4,-119
1767173532.971238,1,4,-114
1767173532.981238,1,7,-120
1767173532.991238,0,6,-122
1767173533.001238,-6,5,-118
1767173533.011238,-5,7,-119
1767173533.021238,-5,8,-123
1767173533.031238,-6,3,-124
1767173533.041238,-4,2,-125
1767173533.051238,-7,0,-127
1767173533.061238,-7,-2,-128
1767173533.071238,-6,-1,-130
1767173533.0812385,-5,-2,-127
1767173533.0912385,-1,-5,-125
1767173533.1012385,-3,-6,-126
1767173533.1112382,-5,-5,-125
1767173533.1212382,-4,-2,-129
1767173533.1312382,-2,-6,-129
1767173533.1412382,-2,-6,-135
1767173533.1512382,0,-5,-135
1767173533.1612382,1,-3,-136
1767173533.1712382,0,-1,-137
1767173533.182238,0,3,-134
1767173533.1912382,-4,3,-134
1767173533.2012382,-1,3,-134
1767173533.211238,-6,1,-136
1767173533.221238,-5,2,-137
1767173533.231238,-6,4,-130
1767173533.241238,-5,4,-127
1767173533.251238,-5,0,-131
1767173533.261238,-5,-4,-132
1767173533.271238,-6,-7,-137
1767173533.281238,-11,-1,-135
1767173533.291238,-13,4,-128
1767173533.301238,-7,1,-127
1767173533.311238,-7,0,-128
1767173533.321238,-3,-3,-127
1767173533.3312385,-4,-3,-127
1767173533.3412385,-1,-5,-123
1767173533.3512385,0,-6,-122
1767173533.3612382,-4,-2,-120
1767173533.3712382,0,-1,-122
1767173533.3812382,2,0,-128
1767173533.3912382,6,-2,-128
1767173533.4012382,4,0,-132
1767173533.4112382,4,2,-133
1767173533.4212382,3,0,-136
1767173533.4312382,3,-2,-137
1767173533.4412382,1,-5,-136
1767173533.4512382,2,-5,-142
1767173533.461238,-1,-4,-137
1767173533.471238,-2,-2,-138
1767173533.481238,3,-2,-139
1767173533.491238,6,-2,-134
1767173533.501238,6,0,-133
1767173533.511238,4,0,-129
1767173533.521238,-1,0,-127
1767173533.531238,-1,-2,-124
1767173533.541238,0,-4,-120
1767173533.551238,2,-7,-116
1767173533.561238,9,-2,-114
1767173533.571238,5,-3,-114
1767173533.5812385,4,0,-120
1767173533.5912385,6,4,-124
1767173533.6012385,3,0,-124
1767173533.6112382,-2,-3,-117
1767173533.6212382,0,-1,-114
1767173533.6312382,4,-3,-121
1767173533.6412382,1,0,-129
1767173533.6512382,5,0,-134
1767173533.6612382,9,0,-132
1767173533.6712382,6,0,-136
1767173533.6812382,5,0,-133
1767173533.6912382,2,3,-130
1767173533.7012382,0,4,-124
1767173533.711238,2,3,-120
1767173533.721238,3,5,-123
1767173533.731238,4,2,-123
1767173533.741238,2,-3,-121
1767173533.751238,1,-4,-119
1767173533.761238,2,-5,-120
1767173533.771238,0,-2,-123
1767173533.781238,-1,0,-128
1767173533.791238,-2,0,-127
1767173533.801238,0,2,-131
1767173533.811238,0,1,-125
1767173533.821238,2,-2,-125
1767173533.8312385,6,0,-125
1767173533.8412385,1,-1,-128
1767173533.8512385,2,-3,-128
1767173533.8612382,-1,-4,-125
1767173533.8712382,-7,-3,-121
1767173533.8812382,-4,-4,-128
1767173533.8912382,1,-2,-128
1767173533.9012382,3,-5,-127
1767173533.9112382,2,-5,-123
1767173533.9212382,1,-4,-126
1767173533.9312382,-2,-3,-119
1767173533.9412382,2,-3,-122
1767173533.9512382,2,-2,-127
1767173533.961238,2,0,-123
1767173533.971238,4,2,-127
1767173533.981238,0,4,-124
1767173533.991238,5,5,-122
1767173534.001238,3,1,-121
1767173534.011238,-4,-3,-121
1767173534.021238,-5,-4,-123
1767173534.031238,-3,-5,-129
1767173534.041238,-2,-4,-132
1767173534.051238,-4,-6,-139
1767173534.061238,-6,-6,-144
1767173534.071238,-6,-8,-143
1767173534.0812385,-5,-5,-141
1767173534.0912385,-5,-5,-146
1767173534.1012385,-3,0,-142
1767173534.1112382,-6,4,-141
1767173534.1212382,-5,1,-142
1767173534.1312382,-8,-2,-139
1767173534.1412382,-2,-2,-128
1767173534.1512382,3,-3,-131
1767173534.1612382,1,-5,-135
1767173534.1712382,-1,-1,-136
1767173534.1812382,0,-1,-130
1767173534.1912382,-1,0,-132
1767173534.2012382,-2,0,-134
1767173534.211238,0,1,-130
1767173534.221238,0,1,-126
1767173534.231238,-3,0,-126
1767173534.241238,-1,3,-122
1767173534.251238,0,0,-129
1767173534.261238,3,-1,-130
1767173534.271238,0,3,-125
1767173534.281238,-1,4,-125
1767173534.291238,-3,5,-126
1767173534.301238,0,6,-130
1767173534.311238,-1,3,-130
1767173534.321238,0,0,-127
1767173534.3312385,1,0,-129
1767173534.3412385,3,2,-140
1767173534.3512385,4,1,-138
1767173534.3612382,2,1,-134
1767173534.3712382,-2,2,-130
1767173534.3812382,-2,5,-131
1767173534.3912382,-3,3,-127
1767173534.4012382,-2,2,-127
1767173534.4112382,0,2,-126
1767173534.4212382,1,-1,-122
1767173534.4312382,0,-2,-126
1767173534.4412382,-1,-3,-124
1767173534.4512382,0,-1,-129
1767173534.461238,1,1,-118
1767173534.471238,1,0,-116
1767173534.481238,1,-2,-122
1767173534.491238,0,-1,-120
1767173534.501238,4,0,-124
1767173534.511238,5,-4,-127
1767173534.521238,3,-8,-132
1767173534.531238,5,-7,-127
1767173534.541238,5,-4,-128
1767173534.551238,8,0,-125
1767173534.561238,10,-1,-123
1767173534.571238,8,1,-119
1767173534.5812385,5,2,-121
1767173534.5912385,0,4,-119
1767173534.6012385,1,-1,-119
1767173534.6112382,0,-2,-135
1767173534.6212382,3,-3,-141
1767173534.6312382,6,-2,-144
1767173534.6412382,6,-3,-138
1767173534.6512382,4,-4,-134
1767173534.6612382,4,-3,-130
1767173534.6712382,3,-6,-129
1767173534.6812382,1,-1,-130
1767173534.6912382,0,-2,-128
1767173534.7012382,0,-3,-128
1767173534.711238,5,-1,-131
1767173534.721238,3,1,-137
1767173534.731238,-2,0,-131
1767173534.741238,-1,-4,-125
1767173534.751238,0,0,-124
1767173534.761238,4,-3,-123
1767173534.771238,7,-2,-124
1767173534.781238,9,1,-124
1767173534.791238,8,4,-130
1767173534.801238,10,1,-130
1767173534.811238,12,0,-130
1767173534.821238,7,-1,-129
1767173534.8312385,3,-3,-132
1767173534.8412385,1,-3,-127
1767173534.8512385,1,-4,-136
1767173534.8612382,6,-7,-135
1767173534.8712382,4,-6,-129
1767173534.8812382,0,-2,-131
1767173534.8912382,-2,-1,-129
1767173534.9012382,-8,1,-129
1767173534.9112382,-10,2,-132
1767173534.9212382,-9,0,-133
1767173534.9312382,-8,0,-134
1767173534.9412382,-3,4,-137
1767173534.9512382,-2,4,-135
1767173534.961238,-2,1,-131
1767173534.971238,0,1,-126
1767173534.981238,-2,2,-125
1767173534.991238,-1,-2,-129
1767173535.001238,-3,-6,-121
1767173535.011238,0,-6,-124
1767173535.021238,1,-5,-124
1767173535.031238,1,-5,-123
1767173535.041238,1,-4,-126
1767173535.051238,2,-3,-125
1767173535.061238,1,3,-131
1767173535.071238,1,0,-126
1767173535.0812385,4,0,-122
1767173535.0912385,2,-2,-116
1767173535.1012385,2,-4,-121
1767173535.1112382,1,-2,-125
1767173535.1212382,0,-5,-125
1767173535.1312382,-6,-5,-128
1767173535.1412382,-5,-2,-130
1767173535.1512382,-4,-1,-130
1767173535.1612382,-2,-1,-126
1767173535.1712382,1,-4,-121
1767173535.1812382,3,-3,-128
1767173535.1912382,5,-2,-129
1767173535.2012382,1,-3,-130
1767173535.211238,2,0,-129
1767173535.221238,-2,-3,-128
1767173535.231238,-6,-8,-122
1767173535.241238,-3,-3,-123
1767173535.251238,-5,-2,-128
1767173535.261238,-3,0,-131
1767173535.271238,-6,4,-128
1767173535.281238,-10,4,-135
1767173535.2922382,-4,2,-136
1767173535.301238,-4,-1,-130
1767173535.311238,-7,-3,-128
1767173535.3222382,-7,-5,-123
1767173535.3322382,-4,-10,-119
1767173535.3422382,-2,-11,-120
1767173535.3522382,0,-8,-122
1767173535.3622382,4,-5,-121
1767173535.3722382,3,-1,-119
1767173535.382238,0,0,-123
1767173535.392238,1,-3,-122
1767173535.402238,-2,-2,-126
1767173535.412238,-4,-1,-126
1767173535.422238,-2,-1,-135
1767173535.432238,2,0,-132
1767173535.442238,6,-3,-129
1767173535.452238,2,-1,-124
1767173535.462238,-5,-2,-127
1767173535.472238,-3,-4,-130
1767173535.482238,-3,0,-130
1767173535.492238,-1,-2,-128
1767173535.502238,0,-7,-129
1767173535.5122385,0,-4,-126
1767173535.5222385,4,-3,-122
1767173535.5322382,9,-5,-121
1767173535.5422382,5,-6,-127
1767173535.5522382,9,-2,-122
1767173535.5622382,5,-4,-119
1767173535.5722382,3,-7,-118
1767173535.5822382,-1,-8,-125
1767173535.5922382,-2,-10,-119
1767173535.6022382,-1,-10,-121
1767173535.6122382,0,-6,-124
1767173535.6222382,1,-4,-124
1767173535.632238,0,-4,-131
1767173535.642238,0,-4,-129
1767173535.652238,0,-8,-129
1767173535.662238,-1,-6,-131
1767173535.672238,-2,-3,-130
1767173535.682238,1,-6,-130
1767173535.692238,0,-5,-130
1767173535.702238,-2,-4,-125
1767173535.712238,-4,-3,-125
1767173535.722238,-3,-2,-125
1767173535.732238,-1,-1,-130
1767173535.742238,0,-4,-129
1767173535.752238,2,-7,-134
1767173535.7622385,2,-7,-133
1767173535.7722385,0,-4,-132
1767173535.7822382,6,0,-133
1767173535.7922382,7,-2,-134
1767173535.8022382,8,-3,-139
1767173535.8122382,3,-1,-146
1767173535.8222382,-1,0,-148
1767173535.8322382,-1,1,-139
1767173535.8422382,0,2,-133
1767173535.8522382,-5,4,-136
1767173535.8622382,-6,5,-127
1767173535.8722382,-1,6,-128
1767173535.882238,-2,3,-127
1767173535.892238,0,1,-126
1767173535.902238,-1,0,-123
1767173535.912238,1,0,-123
1767173535.922238,0,0,-121
1767173535.932238,1,0,-120
1767173535.942238,3,0,-117
1767173535.952238,7,0,-113
1767173535.962238,7,-2,-119
1767173535.972238,2,-5,-126
1767173535.982238,2,-3,-128
1767173535.992238,3,-2,-135
1767173536.002238,2,-2,-139
1767173536.0122385,0,-3,-137
1767173536.0222385,-1,0,-135
1767173536.0432382,0,0,-134
1767173536.0522382,0,-2,-124
1767173536.0622382,1,-4,-113
1767173536.0722382,-2,-1,-117
1767173536.0822382,-3,-3,-118
1767173536.0922382,-2,-3,-124
1767173536.1022382,-2,-3,-125
1767173536.1122382,-4,-4,-127
1767173536.1222382,-4,-8,-127
1767173536.132238,-5,-8,-121
1767173536.142238,-4,-3,-122
1767173536.152238,-3,0,-126
1767173536.162238,-2,-1,-127
1767173536.172238,-8,-2,-127
1767173536.182238,-7,-2,-128
1767173536.192238,-6,-1,-123
1767173536.202238,-8,-3,-123
1767173536.212238,-9,-4,-122
1767173536.222238,-6,-3,-122
1767173536.232238,-7,-1,-120
1767173536.242238,-7,-2,-122
1767173536.252238,-5,-6,-124
1767173536.2622385,-4,-4,-124
1767173536.2722385,-1,-4,-124
1767173536.2822382,1,-4,-129
1767173536.2922382,1,-5,-129
1767173536.3022382,-4,-6,-124
1767173536.3122382,-8,-10,-128
1767173536.3222382,-8,-12,-127
1767173536.3322382,-7,-12,-126
1767173536.3422382,-10,-7,-126
1767173536.3522382,-6,-4,-125
1767173536.3622382,-5,-5,-134
1767173536.3722382,-2,-4,-130
1767173536.382238,0,-3,-132
1767173536.392238,-3,-6,-129
1767173536.402238,-2,-7,-120
1767173536.412238,0,-2,-119
1767173536.422238,3,-2,-118
1767173536.432238,2,-5,-127
1767173536.442238,3,-3,-130
1767173536.452238,-1,-5,-128
1767173536.462238,-2,-3,-125
1767173536.472238,-1,-3,-123
1767173536.482238,2,-5,-127
1767173536.492238,4,-5,-132
1767173536.502238,-2,-4,-125
1767173536.5122385,0,-5,-124
1767173536.5222385,1,-3,-126
1767173536.5322382,1,-2,-124
1767173536.5422382,0,0,-125
1767173536.5522382,0,2,-122
1767173536.5622382,2,1,-116
1767173536.5722382,2,3,-116
1767173536.5822382,7,-2,-119
1767173536.5922382,1,-2,-125
1767173536.6022382,0,-2,-127
1767173536.6122382,0,-1,-126
1767173536.6222382,4,-1,-120
1767173536.632238,3,-4,-125
1767173536.642238,0,-3,-130
1767173536.652238,0,-1,-139
1767173536.662238,-6,-1,-137
1767173536.672238,-10,-2,-133
1767173536.682238,-10,0,-128
1767173536.692238,-7,-6,-130
1767173536.702238,-7,-3,-125
1767173536.712238,-6,-2,-120
1767173536.722238,-5,1,-128
1767173536.732238,-5,1,-126
1767173536.742238,-2,0,-131
1767173536.752238,1,-4,-127
1767173536.7622385,3,-2,-128
1767173536.7722385,4,-1,-135
1767173536.7822382,1,0,-131
1767173536.7922382,0,0,-128
1767173536.8022382,5,0,-124
1767173536.8122382,3,1,-124
1767173536.8222382,2,2,-123
1767173536.8322382,0,1,-126
1767173536.8422382,-1,0,-130
1767173536.8522382,-2,-1,-131
1767173536.8622382,-2,2,-133
1767173536.8722382,-3,3,-124
1767173536.882238,-2,3,-125
1767173536.892238,-3,3,-126
1767173536.902238,-3,1,-118
1767173536.912238,0,2,-126
1767173536.922238,0,2,-134
1767173536.932238,-2,3,-132
1767173536.942238,0,3,-131
1767173536.952238,-1,3,-134
1767173536.962238,-2,3,-129
1767173536.972238,0,3,-133
1767173536.982238,-3,0,-126
1767173536.992238,-2,-1,-126
1767173537.002238,3,-1,-125
1767173537.0122385,1,-1,-133
1767173537.0222385,0,-3,-133
1767173537.0322382,-4,-3,-130
1767173537.0422382,-4,-5,-136
1767173537.0522382,-4,-6,-138
1767173537.0622382,-6,-11,-134
1767173537.0722382,-4,-8,-129
1767173537.0822382,-3,-7,-128
1767173537.0922382,-2,-2,-126
1767173537.1022382,-5,-4,-130
1767173537.1122382,-5,-4,-136
1767173537.1222382,-3,-1,-137
1767173537.132238,-1,2,-132
1767173537.142238,0,2,-136
1767173537.152238,2,2,-131
1767173537.162238,4,0,-128
1767173537.172238,5,-2,-132
1767173537.182238,0,0,-138
1767173537.192238,1,-3,-132
1767173537.202238,-4,-3,-128
1767173537.212238,-3,1,-128
1767173537.222238,-1,1,-129
1767173537.232238,2,-1,-133
1767173537.242238,2,-3,-133
1767173537.252238,5,-5,-134
1767173537.2622385,5,-2,-135
1767173537.2722385,0,1,-125
1767173537.2822382,0,0,-122
1767173537.2922382,3,-3,-127
1767173537.3022382,0,-3,-125
1767173537.3122382,-3,0,-123
1767173537.3222382,-3,0,-119
1767173537.3322382,-8,2,-120
1767173537.3422382,-5,0,-123
1767173537.3522382,-5,0,-127
1767173537.3622382,-4,-3,-131
1767173537.3722382,0,-6,-129
1767173537.382238,0,-8,-132
1767173537.392238,1,-8,-133
1767173537.402238,-1,-5,-131
1767173537.412238,2,-7,-129
1767173537.422238,4,-6,-134
1767173537.432238,0,-6,-127
1767173537.442238,0,-6,-131
1767173537.452238,2,-6,-130
1767173537.462238,3,-5,-121
1767173537.472238,2,-4,-122
1767173537.4832382,1,-2,-123
1767173537.492238,2,-2,-121
1767173537.502238,7,-3,-125
1767173537.5122385,4,0,-127
1767173537.5222385,6,-1,-125
1767173537.5322382,5,-3,-119
1767173537.5422382,3,0,-117
1767173537.5522382,3,-4,-117
1767173537.5622382,4,-5,-115
1767173537.5722382,0,-1,-122
1767173537.5822382,-1,0,-128
1767173537.5922382,-1,4,-126
1767173537.6022382,-3,6,-133
1767173537.6122382,-1,9,-133
1767173537.6222382,0,8,-138
1767173537.632238,-1,6,-138
1767173537.642238,-3,3,-133
1767173537.652238,-1,9,-132
1767173537.662238,0,6,-129
1767173537.672238,5,2,-121
1767173537.682238,3,0,-122
1767173537.692238,4,1,-120
1767173537.702238,0,-2,-121
1767173537.712238,-2,0,-120
1767173537.722238,0,0,-118
1767173537.732238,-2,-2,-118
1767173537.742238,-1,-4,-122
1767173537.752238,1,0,-126
1767173537.7622385,1,3,-127
1767173537.7722385,0,1,-130
1767173537.7822382,-2,0,-132
1767173537.7922382,-4,0,-132
1767173537.8022382,0,0,-130
1767173537.8122382,1,2,-126
1767173537.8222382,5,0,-122
1767173537.8322382,3,0,-126
1767173537.8422382,1,-3,-120
1767173537.8522382,-2,-2,-118
1767173537.8622382,-1,2,-121
1767173537.8722382,2,1,-121
1767173537.882238,4,0,-124
1767173537.892238,1,0,-129
1767173537.902238,-2,-1,-131
1767173537.912238,-2,1,-135
1767173537.923238,0,0,-126
1767173537.932238,-1,-1,-119
1767173537.9432385,-2,-3,-127
1767173537.9532382,-4,-5,-130
1767173537.9632382,-2,-5,-124
1767173537.9732382,-1,-3,-123
1767173537.9832382,-2,-1,-126
1767173537.9932382,3,0,-119
1767173538.0032382,-1,3,-120
1767173538.0132382,-3,4,-127
1767173538.0232382,1,3,-128
1767173538.0332382,2,0,-122
1767173538.0432382,2,0,-123
1767173538.0532382,-1,-1,-118
1767173538.063238,0,0,-118
1767173538.073238,2,0,-121
1767173538.083238,-1,2,-127
1767173538.093238,0,0,-124
1767173538.103238,3,0,-122
1767173538.113238,-3,0,-126
1767173538.123238,-6,-1,-127
1767173538.133238,-7,0,-124
1767173538.143238,-8,-3,-126
1767173538.153238,-7,-1,-127
1767173538.163238,-4,-2,-133
1767173538.173238,-3,-2,-132
1767173538.1832385,-2,-6,-132
1767173538.1932385,0,-5,-133
1767173538.2032382,1,-4,-124
1767173538.2132382,1,-5,-123
1767173538.2232382,1,-6,-126
1767173538.2332382,0,-6,-122
1767173538.2432382,0,-7,-117
1767173538.2532382,-1,-3,-114
1767173538.2632382,0,-4,-124
1767173538.2732382,5,-6,-127
1767173538.2832382,3,-6,-123
1767173538.2932382,3,-7,-129
1767173538.3032382,-1,-3,-128
1767173538.313238,-5,-5,-134
1767173538.323238,-4,-5,-134
1767173538.333238,-6,-6,-135
1767173538.343238,-8,-5,-129
1767173538.353238,-6,-6,-130
1767173538.363238,-2,-2,-135
1767173538.373238,-1,-2,-129
1767173538.383238,0,-1,-128
1767173538.393238,2,-1,-128
1767173538.403238,0,-4,-134
1767173538.413238,-1,-3,-133
1767173538.423238,-4,0,-121
1767173538.4332385,-8,1,-122
1767173538.4432385,-2,4,-122
1767173538.4532382,2,1,-123
1767173538.4632382,3,-3,-120
1767173538.4732382,0,-9,-116
1767173538.4832382,0,-9,-117
1767173538.4932382,0,-7,-109
1767173538.5032382,-1,-8,-112
1767173538.5132382,-2,-7,-114
1767173538.5232382,-6,-4,-118
1767173538.5332382,-9,2,-122
1767173538.5432382,-9,1,-123
1767173538.5532382,-13,-1,-128
1767173538.563238,-7,-2,-129
1767173538.573238,-4,-2,-123
1767173538.583238,-6,-2,-124
1767173538.593238,-4,-1,-125
1767173538.603238,-6,0,-128
1767173538.613238,-3,0,-125
1767173538.623238,-2,-1,-121
1767173538.633238,0,-4,-122
1767173538.643238,7,-4,-121
1767173538.653238,7,-5,-123
1767173538.663238,2,-2,-120
1767173538.673238,-1,-1,-125
1767173538.6832385,-2,-5,-127
1767173538.6932385,-2,0,-125
1767173538.7032382,-2,0,-122
1767173538.7132382,2,-1,-125
1767173538.7232382,3,-4,-123
1767173538.7332382,4,-6,-127
1767173538.7432382,3,-3,-128
1767173538.7532382,-3,2,-132
1767173538.7632382,0,2,-131
1767173538.7732382,0,-2,-132
1767173538.7832382,-3,-6,-137
1767173538.7932382,-2,-4,-132
1767173538.8032382,-4,-3,-131
1767173538.813238,-4,-5,-133
1767173538.823238,3,-6,-131
1767173538.833238,2,-5,-132
1767173538.843238,3,-1,-129
1767173538.853238,5,-5,-126
1767173538.863238,6,-6,-128
1767173538.873238,8,-6,-129
1767173538.883238,4,-5,-129
1767173538.893238,2,-3,-122
1767173538.903238,-1,-3,-127
1767173538.913238,2,-3,-132
1767173538.923238,2,0,-127
1767173538.9332385,7,2,-124
1767173538.9432385,5,1,-123
1767173538.9532382,0,1,-120
1767173538.9632382,-3,2,-113
1767173538.9732382,-4,3,-117
1767173538.9832382,3,-1,-118
1767173538.9932382,0,0,-118
1767173539.0032382,-1,3,-123
1767173539.0132382,0,2,-120
1767173539.0232382,1,1,-122
1767173539.0332382,0,-1,-127
1767173539.0432382,1,-4,-130
1767173539.0532382,1,-3,-130
1767173539.063238,0,-3,-126
1767173539.073238,-1,0,-123
1767173539.083238,1,-1,-124
1767173539.093238,5,0,-126
1767173539.103238,9,0,-125
1767173539.113238,4,0,-126
1767173539.123238,0,0,-123
1767173539.133238,3,-2,-118
1767173539.143238,4,-1,-117
1767173539.153238,0,0,-115
1767173539.163238,-2,0,-121
1767173539.173238,-1,-3,-123
1767173539.1832385,-1,-5,-126
1767173539.1932385,0,-6,-126
1767173539.2032382,4,-6,-130
1767173539.2132382,3,-3,-137
1767173539.2232382,5,-1,-138
1767173539.2332382,9,-4,-134
1767173539.2432382,7,-4,-139
1767173539.2532382,3,-7,-131
1767173539.2632382,6,-6,-131
1767173539.2732382,0,-5,-125
1767173539.2832382,0,-2,-121
1767173539.2932382,-2,1,-120
1767173539.3032382,-3,-1,-116
1767173539.313238,0,0,-110
1767173539.323238,-2,2,-112
1767173539.333238,-2,2,-115
1767173539.343238,-2,0,-120
1767173539.353238,-5,-4,-116
1767173539.363238,-1,-2,-118
1767173539.373238,1,-1,-123
1767173539.383238,3,0,-123
1767173539.393238,0,1,-124
1767173539.403238,-1,0,-124
1767173539.413238,1,1,-126
1767173539.423238,3,1,-130
1767173539.4332385,3,1,-134
1767173539.4432385,1,1,-128
1767173539.4532382,-1,1,-130
1767173539.4632382,0,0,-130
1767173539.4732382,0,-3,-126
1767173539.4832382,-4,0,-125
1767173539.4932382,-3,2,-127
1767173539.5032382,-2,3,-127
1767173539.5132382,-2,2,-125
1767173539.5232382,-1,2,-128
1767173539.5332382,-4,-3,-131
1767173539.5432382,-3,-3,-140
1767173539.5532382,0,0,-146
1767173539.563238,0,0,-144
1767173539.573238,-3,3,-137
1767173539.583238,-8,0,-133
1767173539.593238,-12,0,-129
1767173539.603238,-10,-2,-126
1767173539.613238,-9,-4,-124
1767173539.623238,-4,-3,-125
1767173539.633238,-5,0,-125
1767173539.643238,-3,1,-128
1767173539.653238,0,0,-128
1767173539.663238,-2,-1,-123
1767173539.673238,-4,-1,-124
1767173539.6832385,0,-2,-128
1767173539.6932385,0,-1,-126
1767173539.7032382,-5,0,-128
1767173539.7132382,-1,-2,-127
1767173539.7232382,-2,-7,-123
1767173539.7332382,-4,-5,-127
1767173539.7432382,-3,-6,-128
1767173539.7532382,-4,-5,-131
1767173539.7632382,-3,0,-133
1767173539.7732382,-3,-4,-134
1767173539.7832382,-7,-6,-135
1767173539.7932382,-2,-6,-135
1767173539.8032382,1,-6,-134
1767173539.813238,1,-4,-133
1767173539.823238,0,-2,-133
1767173539.833238,1,3,-132
1767173539.843238,0,6,-134
1767173539.853238,5,6,-135
1767173539.863238,3,2,-130
1767173539.873238,4,3,-129
1767173539.883238,1,0,-133
1767173539.893238,1,0,-133
1767173539.903238,-1,-1,-129
1767173539.913238,0,-3,-120
1767173539.923238,0,-4,-120
1767173539.9332385,-4,-1,-125
1767173539.9432385,-3,-3,-125
1767173539.9532382,-1,-1,-123
1767173539.9632382,0,-4,-120
1767173539.9732382,-1,-5,-123
1767173539.9832382,0,-4,-118
1767173539.9932382,-1,-4,-118
1767173540.0032382,-2,-6,-121
1767173540.0132382,-3,-7,-117
1767173540.0232382,-2,-2,-122
1767173540.0332382,-2,-1,-121
1767173540.0432382,-3,2,-120
1767173540.0532382,-2,-1,-127
1767173540.063238,-3,-4,-129
1767173540.073238,-4,-6,-131
1767173540.083238,-7,-5,-128
1767173540.093238,-1,-1,-126
1767173540.103238,0,2,-122
1767173540.113238,1,2,-116
1767173540.123238,4,0,-118
1767173540.133238,0,3,-125
1767173540.143238,-1,7,-137
1767173540.153238,-4,10,-137
1767173540.163238,-1,10,-141
1767173540.173238,0,8,-135
1767173540.1832385,1,3,-131
1767173540.1932385,1,1,-127
1767173540.2032382,1,1,-133
1767173540.2132382,-2,-1,-133
1767173540.2232382,-8,-2,-139
1767173540.2332382,-7,0,-135
1767173540.2432382,-7,-3,-132
1767173540.2532382,-2,-5,-132
1767173540.2632382,-6,-3,-123
1767173540.2732382,-2,-7,-120
1767173540.2832382,0,-7,-122
1767173540.2932382,-2,-6,-121
1767173540.3032382,1,-7,-119
1767173540.313238,2,-9,-125
1767173540.323238,3,-10,-123
1767173540.333238,-1,-11,-128
1767173540.343238,1,-9,-132
1767173540.353238,2,-7,-131
1767173540.363238,3,-6,-129
1767173540.373238,1,-4,-127
1767173540.383238,0,-2,-134
1767173540.393238,0,0,-130
1767173540.403238,-3,0,-123
1767173540.413238,-2,2,-124
1767173540.423238,-3,-2,-131
1767173540.4332385,-4,0,-128
1767173540.4432385,-1,2,-128
1767173540.4532382,0,3,-136
1767173540.4632382,1,1,-135
1767173540.4732382,1,1,-137
1767173540.4832382,2,6,-136
1767173540.4932382,2,5,-132
1767173540.5032382,2,5,-124
1767173540.5132382,-1,4,-127
1767173540.5232382,-2,2,-126
1767173540.5332382,-5,4,-125
1767173540.5432382,-6,5,-121
1767173540.554238,-6,2,-127
1767173540.563238,-4,4,-127
1767173540.573238,-3,0,-135
1767173540.584238,-2,-2,-128
1767173540.594238,5,-3,-125
1767173540.6042385,1,-5,-116
1767173540.6142385,1,-7,-117
1767173540.623238,4,-10,-122
1767173540.6342382,6,-9,-118
1767173540.6442382,7,-8,-126
1767173540.6542382,9,-9,-128
1767173540.6642382,7,-7,-131
1767173540.6742382,7,-5,-128
1767173540.6842382,5,-4,-126
1767173540.6942382,2,-4,-132
1767173540.7042382,-1,-6,-126
1767173540.7142382,0,-6,-121
1767173540.7242382,-5,-7,-125
1767173540.734238,-6,-6,-117
1767173540.744238,-5,-6,-120
1767173540.754238,-4,-3,-117
1767173540.764238,-4,-1,-116
1767173540.774238,-4,-3,-124
1767173540.784238,-4,-3,-128
1767173540.794238,-5,-3,-125
1767173540.804238,-8,-3,-125
1767173540.814238,-4,-2,-128
1767173540.824238,1,2,-127
1767173540.834238,3,-2,-128
1767173540.844238,7,-3,-134
1767173540.8542385,7,0,-131
1767173540.8642385,6,4,-132
1767173540.8742385,2,3,-127
1767173540.8842382,1,5,-131
1767173540.8942382,-1,0,-133
1767173540.9042382,-2,2,-130
1767173540.9142382,-2,0,-137
1767173540.9242382,-2,0,-134
1767173540.9342382,0,2,-131
1767173540.9442382,6,1,-129
1767173540.9542382,6,1,-128
1767173540.9642382,-1,0,-123
1767173540.9742382,-2,-1,-121
1767173540.984238,0,-4,-124
1767173540.994238,5,0,-129
1767173541.004238,3,-4,-135
1767173541.014238,0,-9,-131
1767173541.024238,0,-11,-134
1767173541.034238,-1,-7,-136
1767173541.0562382,-8,-6,-130
1767173541.064238,-6,-3,-138
1767173541.074238,-7,-8,-141
1767173541.084238,-8,-6,-141
1767173541.094238,-8,-2,-132
1767173541.1042385,-4,-2,-120
1767173541.1142385,0,0,-114
1767173541.1242385,1,0,-116
1767173541.1342382,0,2,-119
1767173541.1442382,-3,5,-123
1767173541.1542382,0,4,-126
1767173541.1642382,2,-2,-128
1767173541.1742382,2,-5,-127
1767173541.1842382,-3,-4,-126
1767173541.1942382,0,-1,-122
1767173541.2042382,3,0,-123
1767173541.2142382,2,0,-127
1767173541.2242382,0,-1,-130
1767173541.234238,0,-1,-129
1767173541.244238,0,-4,-130
1767173541.254238,0,-3,-145
1767173541.264238,-2,-7,-144
1767173541.274238,-5,-10,-136
1767173541.284238,-4,-8,-132
1767173541.294238,-2,-13,-127
1767173541.304238,-5,-11,-128
1767173541.314238,-4,-10,-125
1767173541.324238,-7,-5,-125
1767173541.334238,-5,-3,-125
1767173541.344238,-4,-2,-130
1767173541.3542385,-5,-2,-130
1767173541.3642385,-5,-1,-131
1767173541.3742385,-6,-3,-129
1767173541.3842382,-1,-2,-130
1767173541.3942382,0,-1,-129
1767173541.4042382,-3,0,-128
1767173541.4142382,-5,-5,-126
1767173541.4242382,-3,-5,-126
1767173541.4342382,-5,-6,-128
1767173541.4442382,-1,-2,-123
1767173541.4542382,2,-1,-124
1767173541.4642382,2,3,-122
1767173541.4742382,2,2,-118
1767173541.484238,1,1,-121
1767173541.494238,2,1,-129
1767173541.504238,4,1,-133
1767173541.514238,0,4,-135
1767173541.524238,0,0,-128
1767173541.534238,0,0,-125
1767173541.544238,-4,3,-125
1767173541.554238,-1,0,-120
1767173541.564238,0,0,-115
1767173541.574238,0,2,-120
1767173541.584238,0,0,-129
1767173541.594238,6,-3,-130
1767173541.6042385,5,-4,-127
1767173541.6142385,7,-1,-125
1767173541.6242385,4,-4,-127
1767173541.6342382,5,-1,-128
1767173541.6442382,3,-3,-123
1767173541.6542382,3,-4,-125
1767173541.6642382,2,-8,-132
1767173541.6742382,4,-9,-129
1767173541.6842382,4,-10,-118
1767173541.6942382,4,-6,-123
1767173541.7042382,3,-6,-120
1767173541.7142382,0,-1,-125
1767173541.7242382,-2,0,-122
1767173541.734238,-2,-2,-126
1767173541.744238,-3,-4,-131
1767173541.754238,0,-6,-136
1767173541.764238,1,-8,-129
1767173541.774238,1,-11,-128
1767173541.784238,1,-11,-127
1767173541.794238,1,-12,-131
1767173541.804238,1,-11,-138
1767173541.814238,0,-8,-136
1767173541.824238,1,-4,-134
1767173541.834238,3,-5,-127
1767173541.844238,1,-7,-127
1767173541.8542385,-4,-3,-130
1767173541.8642385,0,-5,-127
1767173541.8742385,2,-5,-125
1767173541.8842382,1,-6,-129
1767173541.8942382,2,-6,-127
1767173541.9042382,-1,-6,-120
1767173541.9142382,-1,-2,-115
1767173541.9242382,-2,-6,-120
1767173541.9342382,1,-4,-122
1767173541.9442382,3,-2,-123
1767173541.9542382,2,0,-122
1767173541.9642382,-4,-1,-120
1767173541.9742382,-6,3,-128
1767173541.984238,-5,0,-132
1767173541.994238,-4,-2,-132
1767173542.004238,1,-1,-131
1767173542.014238,1,0,-129
1767173542.024238,1,0,-125
1767173542.034238,4,-1,-126
1767173542.044238,0,-1,-131
1767173542.054238,-3,0,-128
1767173542.064238,-3,-1,-125
1767173542.074238,0,0,-127
1767173542.084238,2,0,-122
1767173542.094238,5,1,-126
1767173542.1042385,4,3,-131
1767173542.1142385,0,4,-132
1767173542.1242385,-1,4,-135
1767173542.1342382,-8,0,-138
1767173542.1442382,-8,-1,-135
1767173542.1542382,-5,1,-131
1767173542.1642382,-2,2,-126
1767173542.1742382,0,0,-123
1767173542.1842382,2,0,-125
1767173542.1942382,-2,-1,-122
1767173542.2042382,4,-3,-117
1767173542.2142382,5,-4,-112
1767173542.2242382,8,-2,-111
1767173542.234238,10,-2,-111
1767173542.244238,4,0,-111
1767173542.254238,6,-3,-118
1767173542.264238,5,-3,-116
1767173542.274238,2,0,-122
1767173542.284238,4,0,-125
1767173542.294238,1,0,-121
1767173542.304238,0,-3,-125
1767173542.314238,-3,-3,-123
1767173542.324238,-3,0,-127
1767173542.334238,-4,-2,-128
1767173542.344238,-1,-4,-131
1767173542.3542385,2,-7,-130
1767173542.3642385,-1,-8,-132
1767173542.3742385,1,-7,-127
1767173542.3842382,1,-7,-125
1767173542.3942382,6,-9,-132
1767173542.4042382,5,-10,-122
1767173542.4142382,6,-7,-115
1767173542.4242382,7,-2,-116
1767173542.4342382,6,-2,-114
1767173542.4442382,1,0,-120
1767173542.4542382,-2,0,-127
1767173542.4642382,-2,-3,-126
1767173542.4742382,-2,-4,-122
1767173542.484238,0,-4,-125
1767173542.494238,2,0,-125
1767173542.504238,6,0,-128
1767173542.514238,5,0,-120
1767173542.524238,5,0,-121
1767173542.534238,6,0,-118
1767173542.544238,2,-3,-120
1767173542.554238,0,-4,-120
1767173542.564238,2,-2,-119
1767173542.574238,0,0,-123
1767173542.584238,-1,-1,-128
1767173542.594238,-2,-1,-121
1767173542.6042385,-1,-4,-126
1767173542.6142385,-2,0,-128
1767173542.6242385,-1,-2,-126
1767173542.6342382,-1,-1,-121
1767173542.6442382,1,-3,-117
1767173542.6542382,0,-2,-119
1767173542.6642382,-1,-4,-121
1767173542.6742382,-1,-2,-125
1767173542.6842382,-2,0,-133
1767173542.6942382,-5,1,-132
1767173542.7042382,-2,1,-127
1767173542.7142382,0,-1,-127
1767173542.7242382,-7,-3,-127
1767173542.734238,-5,0,-128
1767173542.744238,-5,3,-126
1767173542.754238,0,1,-127
1767173542.764238,-2,0,-131
1767173542.774238,0,-2,-132
1767173542.784238,4,0,-131
1767173542.794238,3,0,-123
1767173542.804238,6,0,-117
1767173542.814238,4,0,-119
1767173542.824238,3,-2,-117
1767173542.834238,-1,-2,-117
1767173542.844238,0,-1,-120
1767173542.8542385,0,-3,-121
1767173542.8642385,-3,1,-119
1767173542.8742385,0,-7,-117
1767173542.8842382,-3,-5,-116
1767173542.8942382,-3,-7,-116
1767173542.9042382,-4,-5,-120
1767173542.9142382,-5,-2,-125
1767173542.9242382,-5,2,-128
1767173542.9342382,-1,0,-127
1767173542.9442382,-2,-5,-120
1767173542.9542382,-1,-3,-120
1767173542.9642382,0,-4,-120
1767173542.9742382,-1,-2,-117
1767173542.984238,2,-3,-122
1767173542.994238,-3,-2,-125
1767173543.004238,-5,-3,-119
1767173543.014238,-6,-2,-117
1767173543.024238,-7,1,-122
1767173543.034238,-3,0,-124
1767173543.044238,-6,-3,-133
1767173543.054238,-6,-4,-128
1767173543.064238,-6,-7,-123
1767173543.074238,-7,-3,-130
1767173543.084238,-4,-6,-126
1767173543.094238,-2,-3,-128
1767173543.1042385,0,-4,-123
1767173543.1142385,1,-2,-123
1767173543.1242385,6,-2,-123
1767173543.1342382,1,0,-125
1767173543.1442382,-2,2,-127
1767173543.1542382,1,2,-124
1767173543.1642382,0,0,-124
1767173543.1742382,-1,-1,-119
1767173543.1842382,-4,-3,-126
1767173543.195238,-3,-7,-128
1767173543.205238,0,-3,-117
1767173543.2142382,-2,-5,-115
1767173543.225238,-1,-7,-114
1767173543.235238,1,-7,-115
1767173543.245238,2,-5,-117
1767173543.255238,4,-3,-124
1767173543.265238,0,0,-124
1767173543.275238,0,4,-125
1767173543.2852385,-1,1,-127
1767173543.2952385,-2,-1,-120
1767173543.3052382,-2,0,-121
1767173543.3152382,-1,3,-132
1767173543.3252382,-5,0,-128
1767173543.3352382,-8,0,-120
1767173543.3452382,-11,0,-116
1767173543.3552382,-11,1,-115
1767173543.3652382,-7,1,-122
1767173543.3752382,-1,3,-126
1767173543.3852382,-1,2,-130
1767173543.3952382,0,0,-127
1767173543.4052382,1,0,-133
1767173543.415238,-1,-3,-136
1767173543.425238,0,-7,-130
1767173543.435238,2,-7,-130
1767173543.445238,4,-11,-133
1767173543.455238,5,-7,-134
1767173543.465238,5,-4,-139
1767173543.475238,0,-6,-133
1767173543.485238,-2,-7,-127
1767173543.495238,-3,-4,-127
1767173543.505238,-4,-4,-133
1767173543.515238,1,0,-142
1767173543.525238,0,0,-140
1767173543.5352385,1,3,-134
1767173543.5452385,2,3,-134
1767173543.5552382,5,0,-133
1767173543.5652382,5,0,-128
1767173543.5752382,1,-2,-135
1767173543.5852382,-5,-1,-133
1767173543.5952382,-2,2,-129
1767173543.6052382,-5,5,-132
1767173543.6152382,-3,1,-130
1767173543.6252382,-3,2,-132
1767173543.6352382,-4,1,-128
1767173543.6452382,-2,0,-132
1767173543.6552382,-1,-1,-133
1767173543.665238,-3,-1,-134
1767173543.675238,-1,0,-134
1767173543.685238,-1,-4,-130
1767173543.695238,3,-4,-133
1767173543.705238,9,-5,-134
1767173543.715238,5,-3,-125
1767173543.725238,3,0,-135
1767173543.735238,7,2,-131
1767173543.745238,4,-2,-131
1767173543.755238,5,0,-128
1767173543.765238,0,-1,-122
1767173543.775238,0,-2,-123
1767173543.7852385,-2,-5,-119
1767173543.7952385,-2,-2,-121
1767173543.8052382,-7,-1,-127
1767173543.8152382,-7,-1,-126
1767173543.8252382,-7,1,-125
1767173543.8352382,-3,2,-126
1767173543.8452382,-6,5,-126
1767173543.8552382,-6,2,-125
1767173543.8652382,-5,5,-133
1767173543.8752382,-3,1,-134
1767173543.8852382,-6,0,-129
1767173543.8952382,-4,-2,-126
1767173543.9052382,-3,-4,-127
1767173543.915238,0,-4,-121
1767173543.925238,1,0,-129
1767173543.935238,2,0,-129
1767173543.945238,0,2,-129
1767173543.955238,4,0,-131
1767173543.965238,4,-4,-125
1767173543.975238,1,-2,-121
1767173543.985238,-2,-1,-121
1767173543.995238,-2,0,-124
1767173544.005238,-10,1,-124
1767173544.015238,-7,0,-128
1767173544.025238,-8,0,-129
1767173544.0352385,-7,2,-132
1767173544.0452385,-6,4,-135
1767173544.0552382,-7,2,-140
1767173544.0652382,-5,1,-137
1767173544.0752382,-4,-3,-144
1767173544.0852382,-4,-5,-140
1767173544.0952382,0,-1,-135
1767173544.1052382,0,-1,-128
1767173544.1152382,-2,-2,-128
1767173544.1252382,-6,3,-130
1767173544.1352382,0,4,-131
1767173544.1452382,2,2,-138
1767173544.1552382,-1,1,-130
1767173544.165238,2,0,-135
1767173544.175238,1,1,-137
1767173544.185238,-1,-2,-140
1767173544.195238,-5,-2,-145
1767173544.205238,-2,-2,-140
1767173544.215238,-2,1,-139
1767173544.225238,-2,0,-132
1767173544.235238,-2,-2,-126
1767173544.245238,0,-4,-127
1767173544.255238,1,0,-130
1767173544.265238,3,-1,-129
1767173544.275238,7,0,-121
1767173544.2852385,8,0,-116
1767173544.2952385,7,0,-117
1767173544.3052382,-2,0,-116
1767173544.3152382,-5,-1,-116
1767173544.3252382,-5,-1,-119
1767173544.3352382,-7,0,-128
1767173544.3452382,-9,-3,-128
1767173544.3552382,-10,-2,-134
1767173544.3652382,-11,-3,-136
1767173544.3752382,-6,1,-132
1767173544.3852382,-3,1,-127
1767173544.3952382,0,-2,-127
1767173544.4052382,6,0,-132
1767173544.415238,4,-1,-131
1767173544.425238,1,-7,-129
1767173544.435238,0,-7,-130
1767173544.445238,0,-2,-125
1767173544.455238,6,-3,-124
1767173544.465238,7,-5,-118
1767173544.475238,5,-6,-119
1767173544.485238,0,-5,-121
1767173544.495238,0,-5,-117
1767173544.505238,-3,-7,-118
1767173544.515238,-2,-4,-115
1767173544.525238,-1,-4,-122
1767173544.5352385,-1,-4,-124
1767173544.5452385,0,-3,-126
1767173544.5552382,2,-2,-127
1767173544.5652382,-1,-1,-131
1767173544.5752382,-3,4,-122
1767173544.5852382,-1,3,-126
1767173544.5952382,-6,4,-130
1767173544.6052382,-8,4,-124
1767173544.6152382,-6,2,-123
1767173544.6252382,-1,-4,-127
1767173544.6352382,0,-6,-130
1767173544.6452382,4,-1,-125
1767173544.6552382,8,2,-131
1767173544.665238,6,1,-131
1767173544.675238,1,1,-130
1767173544.685238,0,2,-130
1767173544.695238,3,0,-128
1767173544.705238,4,0,-129
1767173544.715238,3,0,-120
1767173544.725238,0,0,-122
1767173544.735238,5,5,-123
1767173544.745238,7,0,-121
1767173544.755238,5,0,-123
1767173544.765238,6,0,-120
1767173544.775238,3,4,-120
1767173544.7852385,1,8,-125
1767173544.7952385,0,7,-127
1767173544.8052382,3,2,-134
1767173544.8152382,0,5,-138
1767173544.8252382,0,0,-134
1767173544.8352382,2,2,-133
1767173544.8452382,4,0,-127
1767173544.856238,1,0,-129
1767173544.8652382,3,-1,-129
1767173544.8752382,1,-1,-127
1767173544.8852382,4,-4,-132
1767173544.8952382,-1,-7,-134
1767173544.9052382,1,-3,-134
1767173544.915238,-2,2,-130
1767173544.925238,0,2,-134
1767173544.935238,0,1,-139
1767173544.945238,3,0,-138
1767173544.955238,2,1,-135
1767173544.965238,2,1,-132
1767173544.975238,0,3,-125
1767173544.985238,-2,0,-122
1767173544.995238,0,-1,-117
1767173545.005238,-2,-2,-124
1767173545.015238,-4,-2,-128
1767173545.025238,-2,-2,-130
1767173545.0352385,-7,1,-126
1767173545.0452385,-13,0,-119
1767173545.0552382,-12,1,-123
1767173545.0652382,-8,1,-127
1767173545.0752382,-3,-1,-127
1767173545.0852382,0,-1,-125
1767173545.0952382,0,-1,-124
1767173545.1052382,4,1,-120
1767173545.1152382,5,6,-117
1767173545.1252382,6,5,-120
1767173545.1352382,3,6,-118
1767173545.1452382,1,1,-119
1767173545.1552382,-1,0,-121
1767173545.165238,-1,3,-134
1767173545.175238,0,4,-136
1767173545.185238,0,1,-134
1767173545.195238,0,0,-126
1767173545.205238,0,0,-125
1767173545.215238,3,0,-125
1767173545.225238,4,-3,-122
1767173545.235238,7,-4,-119
1767173545.245238,5,-4,-122
1767173545.255238,5,-4,-120
1767173545.265238,5,-2,-114
1767173545.275238,6,-4,-115
1767173545.2852385,4,-4,-118
1767173545.2952385,1,-3,-114
1767173545.3052382,0,-2,-112
1767173545.3152382,-1,-1,-125
1767173545.3252382,-1,-3,-130
1767173545.3352382,-5,0,-130
1767173545.3452382,-5,2,-125
1767173545.3552382,0,1,-120
1767173545.3652382,-3,0,-118
1767173545.3752382,-2,-1,-122
1767173545.3852382,-4,-2,-128
1767173545.3952382,-3,-2,-129
1767173545.4052382,-1,-2,-128
1767173545.415238,0,-3,-128
1767173545.425238,2,-2,-128
1767173545.435238,0,-5,-121
1767173545.445238,-2,-4,-124
1767173545.455238,-1,3,-120
1767173545.465238,0,0,-120
1767173545.475238,2,-3,-126
1767173545.485238,4,-2,-129
1767173545.495238,2,-2,-121
1767173545.505238,3,-2,-126
1767173545.515238,-2,-3,-128
1767173545.525238,-6,-7,-130
1767173545.5352385,-6,-9,-132
1767173545.5452385,-1,-7,-127
1767173545.5552382,-2,-4,-130
1767173545.5652382,-1,-2,-135
1767173545.5752382,0,-1,-141
1767173545.5852382,1,-10,-139
1767173545.5952382,3,-6,-129
1767173545.6052382,6,-3,-125
1767173545.6152382,3,0,-120
1767173545.6252382,4,-5,-122
1767173545.6352382,2,-5,-125
1767173545.6452382,0,0,-125
1767173545.6552382,0,0,-125
1767173545.665238,-2,0,-135
1767173545.675238,-7,3,-140
1767173545.685238,-6,0,-139
1767173545.695238,-4,2,-138
1767173545.705238,-2,0,-132
1767173545.715238,-1,-4,-128
1767173545.725238,-3,-3,-120
1767173545.735238,0,-4,-119
1767173545.745238,1,-5,-123
1767173545.755238,0,-4,-124
1767173545.765238,3,-5,-122
1767173545.775238,5,-4,-124
1767173545.7852385,6,-2,-125
1767173545.7952385,7,-1,-121
1767173545.8052382,5,-2,-117
1767173545.8152382,2,-2,-125
1767173545.8252382,1,-4,-123
1767173545.836238,1,-2,-131
1767173545.8452382,0,-2,-136
1767173545.856238,-4,-5,-134
1767173545.866238,-5,-4,-136
1767173545.876238,-9,0,-129
1767173545.886238,-11,0,-125
1767173545.896238,-9,-1,-124
1767173545.906238,-10,1,-129
1767173545.916238,-4,-1,-125
1767173545.926238,-1,-5,-121
1767173545.936238,0,-6,-121
1767173545.946238,-4,-6,-121
1767173545.9562385,-1,-9,-126
1767173545.9662385,-1,-6,-132
1767173545.9762385,4,-5,-130
1767173545.9862382,6,-5,-128
1767173545.9962382,7,-3,-124
1767173546.0062382,6,-1,-124
1767173546.0162382,6,-2,-127
1767173546.0262382,8,-4,-129
1767173546.0362382,2,-4,-132
1767173546.0462382,-3,-4,-131
1767173546.067238,-4,-3,-131
1767173546.0762382,0,-4,-130
1767173546.086238,-1,-3,-130
1767173546.096238,0,0,-127
1767173546.106238,0,-1,-125
1767173546.116238,-2,1,-120
1767173546.126238,-3,4,-123
1767173546.136238,-5,2,-125
1767173546.146238,-8,1,-117
1767173546.156238,-4,0,-124
1767173546.166238,-1,-1,-122
1767173546.176238,-1,0,-126
1767173546.186238,2,-4,-121
1767173546.196238,1,-3,-126
1767173546.2062385,0,-5,-128
1767173546.2162385,0,-5,-126
1767173546.2262385,-3,-7,-128
1767173546.2362382,-3,-8,-125
1767173546.2462382,-2,-9,-120
1767173546.2562382,-4,-6,-127
1767173546.2662382,-3,-4,-122
1767173546.2762382,0,-1,-125
1767173546.2862382,-1,0,-123
1767173546.2962382,0,1,-122
1767173546.3062382,1,4,-120
1767173546.3162382,0,2,-114
1767173546.3262382,1,0,-114
1767173546.336238,0,0,-119
1767173546.346238,1,2,-124
1767173546.356238,3,4,-121
1767173546.366238,2,4,-121
1767173546.376238,1,3,-121
1767173546.386238,3,3,-121
1767173546.396238,0,4,-122
1767173546.406238,-3,-1,-122
1767173546.416238,-4,5,-121
1767173546.426238,-4,6,-121
1767173546.436238,-7,1,-122
1767173546.446238,-5,-3,-117
1767173546.4562385,-9,-3,-118
1767173546.4662385,-7,-5,-119
1767173546.4762385,-5,-6,-120
1767173546.4862382,-1,-6,-129
1767173546.4962382,-1,-1,-124
1767173546.5062382,-4,0,-123
1767173546.5162382,-4,-3,-125
1767173546.5262382,-3,-3,-129
1767173546.5362382,-6,-4,-127
1767173546.5462382,-7,-8,-123
1767173546.5562382,-7,-3,-124
1767173546.5662382,-4,1,-127
1767173546.5762382,0,0,-132
1767173546.586238,-3,-6,-135
1767173546.596238,0,-8,-132
1767173546.606238,-2,-12,-137
1767173546.616238,-1,-14,-129
1767173546.626238,0,-10,-128
1767173546.636238,3,-11,-124
1767173546.646238,6,-7,-122
1767173546.656238,6,-8,-131
1767173546.666238,9,-6,-126
1767173546.676238,6,-8,-125
1767173546.686238,6,-8,-129
1767173546.696238,1,-7,-127
1767173546.7062385,1,-10,-124
1767173546.7162385,5,-5,-123
1767173546.7262385,4,0,-123
1767173546.7362382,6,-4,-124
1767173546.7462382,5,-4,-126
1767173546.7562382,8,-5,-124
1767173546.7662382,7,-2,-120
1767173546.7762382,8,-1,-123
1767173546.7862382,10,-1,-121
1767173546.7962382,9,-2,-120
1767173546.8062382,5,0,-122
1767173546.8162382,2,-2,-123
1767173546.8262382,2,0,-129
1767173546.836238,-2,0,-132
1767173546.846238,0,3,-134
1767173546.856238,-6,4,-130
1767173546.866238,-6,4,-130
1767173546.876238,-2,5,-131
1767173546.886238,-4,1,-127
1767173546.896238,-4,-2,-129
1767173546.906238,-1,-3,-131
1767173546.916238,-3,-1,-133
1767173546.926238,-1,-1,-129
1767173546.936238,5,0,-131
1767173546.946238,2,2,-133
1767173546.9562385,3,5,-133
1767173546.9662385,1,3,-132
1767173546.9762385,3,1,-131
1767173546.9862382,5,3,-127
1767173546.9962382,8,4,-132
1767173547.0062382,9,4,-131
1767173547.0162382,14,0,-127
1767173547.0262382,11,1,-130
1767173547.0362382,10,0,-129
1767173547.0462382,7,-2,-125
1767173547.0562382,6,1,-124
1767173547.0662382,4,0,-131
1767173547.0762382,1,2,-124
1767173547.086238,2,-2,-123
1767173547.096238,-2,0,-129
1767173547.106238,-5,2,-134
1767173547.116238,-5,0,-134
1767173547.126238,-10,0,-138
1767173547.136238,-10,1,-136
1767173547.146238,-7,5,-131
1767173547.156238,-4,6,-129
1767173547.166238,-1,4,-123
1767173547.176238,-2,3,-116
1767173547.186238,-2,0,-116
1767173547.196238,-4,-2,-107
1767173547.2062385,-1,-4,-109
1767173547.2162385,-4,-3,-112
1767173547.2262385,-3,-4,-113
1767173547.2362382,-5,-6,-125
1767173547.2462382,-5,-2,-127
1767173547.2562382,-4,-4,-128
1767173547.2662382,-2,-4,-134
1767173547.2762382,-1,-4,-141
1767173547.2862382,-1,-4,-138
1767173547.2962382,0,0,-135
1767173547.3062382,-2,0,-130
1767173547.3162382,-3,0,-130
1767173547.3262382,-1,-2,-139
1767173547.336238,0,0,-140
1767173547.346238,2,-1,-142
1767173547.356238,0,0,-147
1767173547.366238,1,0,-137
1767173547.376238,1,1,-128
1767173547.386238,0,-3,-129
1767173547.396238,1,-4,-136
1767173547.406238,0,-3,-138
1767173547.416238,0,-2,-138
1767173547.426238,4,-1,-141
1767173547.436238,3,1,-140
1767173547.446238,1,4,-142
1767173547.4562385,-2,6,-138
1767173547.4662385,-6,3,-133
1767173547.4762385,-5,3,-134
1767173547.4862382,-6,6,-132
1767173547.4962382,-1,4,-135
1767173547.5062382,-1,4,-137
1767173547.5162382,-1,1,-133
1767173547.5262382,-1,3,-131
1767173547.5362382,-4,3,-133
1767173547.5462382,-2,0,-134
1767173547.5562382,-2,-2,-130
1767173547.5662382,-1,-3,-127
1767173547.5762382,-1,-4,-136
1767173547.586238,1,-4,-138
1767173547.596238,1,-5,-133
1767173547.606238,1,-7,-134
1767173547.616238,4,0,-131
1767173547.626238,3,-2,-134
1767173547.636238,1,-2,-137
1767173547.646238,-5,-1,-141
1767173547.656238,-6,-2,-132
1767173547.666238,-5,0,-125
1767173547.676238,-3,0,-127
1767173547.686238,-1,0,-124
1767173547.696238,2,0,-126
1767173547.7062385,7,0,-131
1767173547.7162385,4,2,-137
1767173547.7262385,2,0,-132
1767173547.7362382,-1,-1,-128
1767173547.7462382,-1,-1,-132
1767173547.7562382,6,1,-131
1767173547.7662382,5,-2,-135
1767173547.7762382,4,-6,-128
1767173547.7862382,0,-6,-125
1767173547.7962382,-2,-4,-131
1767173547.8062382,-5,-3,-134
1767173547.8162382,-7,-5,-133
1767173547.8262382,-6,-7,-127
1767173547.836238,0,-7,-127
1767173547.846238,4,-8,-127
1767173547.856238,0,-3,-132
1767173547.866238,-4,-2,-130
1767173547.876238,-3,0,-129
1767173547.886238,-2,0,-131
1767173547.896238,0,3,-130
1767173547.906238,-2,4,-132
1767173547.916238,0,7,-130
1767173547.926238,6,9,-121
1767173547.936238,4,9,-125
1767173547.946238,0,10,-131
1767173547.9562385,3,7,-130
1767173547.9662385,0,8,-126
1767173547.9762385,3,6,-125
1767173547.9862382,4,5,-125
1767173547.9962382,5,4,-120
1767173548.0062382,0,1,-127
1767173548.0162382,2,0,-128
1767173548.0262382,-1,-1,-121
1767173548.0362382,-3,-1,-116
1767173548.0462382,-4,-1,-113
1767173548.0562382,-6,-2,-112
1767173548.0662382,-4,-2,-116
1767173548.0762382,-7,-2,-123
1767173548.086238,-2,-5,-125
1767173548.096238,-3,-6,-124
1767173548.106238,-1,-2,-125
1767173548.116238,0,-1,-125
1767173548.126238,-5,0,-131
1767173548.136238,-2,-3,-127
1767173548.146238,-3,-4,-129
1767173548.156238,-2,-2,-135
1767173548.166238,1,-6,-133
1767173548.176238,0,-7,-127
1767173548.186238,-2,-8,-130
1767173548.196238,-6,-8,-135
1767173548.2062385,-3,-3,-136
1767173548.2162385,-2,-2,-137
1767173548.2262385,-5,-3,-137
1767173548.2362382,-4,-2,-136
1767173548.2462382,1,-4,-139
1767173548.2562382,3,-6,-132
1767173548.2662382,6,-4,-130
1767173548.2762382,4,-4,-127
1767173548.2862382,1,-3,-128
1767173548.2962382,0,-3,-129
1767173548.3062382,-3,-1,-132
1767173548.3162382,-4,-6,-135
1767173548.3262382,-1,-4,-131
1767173548.336238,0,-4,-135
1767173548.346238,0,-4,-139
1767173548.356238,1,-3,-142
1767173548.366238,5,-1,-139
1767173548.376238,2,-1,-134
1767173548.386238,0,-2,-133
1767173548.396238,-2,-3,-123
1767173548.4072382,0,-1,-115
1767173548.4172382,3,-1,-115
1767173548.426238,1,0,-124
1767173548.436238,0,0,-129
1767173548.4472382,-3,0,-128
1767173548.4572382,-2,-1,-129
1767173548.4662385,1,-2,-128
1767173548.4772382,3,0,-126
1767173548.4872382,2,0,-127
1767173548.4972382,0,-2,-123
1767173548.507238,0,-1,-123
1767173548.517238,0,0,-122
1767173548.527238,0,-2,-124
1767173548.537238,3,-1,-129
1767173548.547238,4,0,-125
1767173548.557238,3,-2,-128
1767173548.567238,2,0,-124
1767173548.577238,1,-3,-126
1767173548.587238,-1,-4,-130
1767173548.597238,0,-2,-127
1767173548.607238,0,0,-128
1767173548.617238,0,2,-132
1767173548.627238,0,5,-132
1767173548.6372385,0,5,-132
1767173548.6472385,-1,5,-128
1767173548.6572382,2,3,-133
1767173548.6672382,-1,0,-132
1767173548.6772382,3,2,-136
1767173548.6872382,5,2,-132
1767173548.6972382,4,-3,-124
1767173548.7072382,0,-3,-122
1767173548.7172382,2,2,-121
1767173548.7272382,4,4,-126
1767173548.7372382,3,7,-127
1767173548.7472382,-2,4,-132
1767173548.757238,-1,2,-135
1767173548.767238,-2,1,-138
1767173548.777238,-1,-1,-140
1767173548.787238,-2,-4,-141
1767173548.797238,-6,-4,-140
1767173548.807238,-11,-4,-134
1767173548.817238,-10,-7,-132
1767173548.827238,-6,-5,-129
1767173548.837238,1,-4,-125
1767173548.847238,4,-4,-129
1767173548.857238,0,0,-134
1767173548.867238,3,4,-129
1767173548.877238,0,0,-127
1767173548.8872385,-4,-2,-123
1767173548.8972385,-7,0,-122
1767173548.9072382,-6,2,-119
1767173548.9172382,-5,3,-116
1767173548.9272382,-6,2,-116
1767173548.9372382,-6,4,-118
1767173548.9472382,-6,5,-113
1767173548.9572382,-8,1,-111
1767173548.9672382,-9,-3,-118
1767173548.9772382,-4,-1,-117
1767173548.9872382,-2,1,-115
1767173548.9972382,0,0,-116
1767173549.007238,1,0,-119
1767173549.017238,5,1,-123
1767173549.027238,3,0,-124
1767173549.037238,2,2,-122
1767173549.047238,2,2,-125
1767173549.057238,0,0,-124
1767173549.067238,1,1,-125
1767173549.077238,-1,2,-132
1767173549.087238,1,1,-131
1767173549.097238,2,6,-127
1767173549.107238,-4,7,-123
1767173549.117238,-4,4,-127
1767173549.127238,-2,4,-135
1767173549.1372385,-3,1,-140
1767173549.1472385,0,3,-146
1767173549.1572382,1,1,-141
1767173549.1672382,1,-1,-138
1767173549.1772382,0,-2,-133
1767173549.1872382,-6,-8,-136
1767173549.1972382,-2,-11,-135
1767173549.2072382,-1,-5,-137
1767173549.2172382,-3,0,-133
1767173549.2272382,0,0,-130
1767173549.2372382,-1,0,-127
1767173549.2472382,0,0,-130
1767173549.257238,0,-5,-132
1767173549.267238,0,-6,-129
1767173549.277238,5,-6,-121
1767173549.287238,3,-9,-123
1767173549.297238,2,-7,-123
1767173549.307238,0,-7,-124
1767173549.317238,-7,-8,-132
1767173549.327238,-8,-7,-129
1767173549.337238,0,-5,-127
1767173549.347238,1,-4,-130
1767173549.357238,1,-8,-125
1767173549.367238,0,-8,-129
1767173549.377238,1,-4,-131
1767173549.3872385,3,-5,-124
1767173549.3972385,3,-7,-119
1767173549.4072382,3,-7,-119
1767173549.4172382,2,-1,-118
1767173549.4272382,6,-5,-120
1767173549.4372382,5,-5,-118
1767173549.4472382,9,1,-116
1767173549.4572382,7,1,-116
1767173549.4672382,0,-1,-119
1767173549.4772382,-5,-2,-125
1767173549.4872382,-4,-4,-130
1767173549.4972382,-2,-3,-129
1767173549.507238,-6,-2,-124
1767173549.517238,-4,3,-131
1767173549.527238,0,6,-126
1767173549.537238,0,3,-127
1767173549.547238,1,4,-124
1767173549.557238,0,2,-125
1767173549.567238,2,0,-124
1767173549.577238,3,2,-121
1767173549.587238,2,4,-120
1767173549.597238,1,1,-123
1767173549.607238,3,2,-123
1767173549.617238,0,3,-126
1767173549.627238,-1,1,-128
1767173549.6372385,-3,-5,-126
1767173549.6472385,-4,-2,-124
1767173549.6572382,-2,-3,-129
1767173549.6672382,-1,-1,-128
1767173549.6772382,0,0,-120
1767173549.6872382,-1,-2,-115
1767173549.6972382,-2,-3,-116
1767173549.7072382,-8,-2,-121
1767173549.7172382,-7,0,-123
1767173549.7272382,-7,-6,-121
1767173549.7372382,-3,-6,-113
1767173549.7472382,-3,-6,-111
1767173549.757238,-4,-8,-112
1767173549.767238,-3,-5,-119
1767173549.777238,2,-2,-128
1767173549.787238,-1,-2,-134
1767173549.797238,-2,-1,-133
1767173549.807238,0,2,-138
1767173549.817238,-1,3,-139
1767173549.827238,-5,0,-137
1767173549.837238,-6,2,-136
1767173549.847238,-2,0,-131
1767173549.857238,0,0,-136
1767173549.867238,1,0,-134
1767173549.877238,0,0,-134
1767173549.8872385,1,0,-133
1767173549.8972385,3,0,-133
1767173549.9072382,3,-2,-130
1767173549.9172382,0,-6,-133
1767173549.9272382,0,-5,-136
1767173549.9372382,-5,-5,-136
1767173549.9472382,-3,-8,-136
1767173549.9572382,-6,-6,-135
1767173549.9672382,-5,-4,-129
1767173549.9772382,-4,-4,-126
1767173549.9872382,-3,-5,-120
1767173549.9972382,-1,-4,-122
1767173550.007238,-5,-4,-117
1767173550.017238,-4,-4,-114
1767173550.027238,-3,-3,-121
1767173550.037238,-4,-5,-116
1767173550.047238,-5,-2,-117
1767173550.057238,-8,1,-122
1767173550.067238,0,0,-124
1767173550.077238,0,-1,-131
1767173550.087238,1,0,-133
1767173550.097238,5,-1,-131
1767173550.107238,7,0,-128
1767173550.117238,5,1,-134
1767173550.127238,10,1,-138
1767173550.1372385,4,2,-135
1767173550.1472385,0,3,-136
1767173550.1572382,0,0,-132
1767173550.1672382,2,-6,-132
1767173550.1772382,0,-4,-131
1767173550.1872382,-1,-2,-129
1767173550.1972382,1,-3,-132
1767173550.2072382,0,-4,-133
1767173550.2172382,0,-4,-136
1767173550.2272382,-4,-4,-138
1767173550.2372382,-4,-6,-141
1767173550.2472382,0,-8,-136
1767173550.257238,0,-9,-127
1767173550.267238,3,-9,-130
1767173550.277238,3,-12,-128
1767173550.287238,0,-10,-131
1767173550.297238,0,-7,-134
1767173550.307238,-6,-6,-136
1767173550.317238,-3,-8,-131
1767173550.327238,-3,-8,-132
1767173550.337238,-5,-1,-134
1767173550.347238,-5,-2,-128
1767173550.357238,-5,-5,-131
1767173550.367238,-5,-8,-130
1767173550.377238,-6,-5,-131
1767173550.3872385,-5,-4,-127
1767173550.3972385,-3,-7,-123
1767173550.4072382,-4,-9,-122
1767173550.4172382,-3,-8,-124
1767173550.4272382,0,-6,-127
1767173550.4372382,0,-7,-124
1767173550.4472382,0,-7,-119
1767173550.4572382,0,-5,-114
1767173550.4672382,1,-4,-119
1767173550.4772382,-3,-7,-122
1767173550.4872382,0,-4,-117
1767173550.4972382,0,-7,-122
1767173550.507238,1,-8,-119
1767173550.517238,0,-6,-122
1767173550.527238,-5,-5,-127
1767173550.537238,-6,-5,-119
1767173550.547238,-6,-7,-121
1767173550.557238,-5,-5,-117
1767173550.567238,0,-6,-114
1767173550.577238,-2,-6,-115
1767173550.587238,-2,-5,-119
1767173550.597238,2,-4,-120
1767173550.607238,3,-4,-122
1767173550.617238,4,-6,-122
1767173550.627238,2,-6,-126
1767173550.6372385,-2,-3,-133
1767173550.6472385,-2,-2,-129
1767173550.6572382,-4,0,-127
1767173550.6672382,0,-3,-121
1767173550.6772382,-3,-2,-126
1767173550.6872382,-1,-4,-133
1767173550.6972382,1,-1,-131
1767173550.7072382,3,-3,-131
1767173550.7172382,1,-6,-125
1767173550.7272382,1,-3,-121
1767173550.7372382,5,-4,-121
1767173550.7472382,5,-4,-120
1767173550.757238,5,-1,-111
1767173550.767238,3,0,-110
1767173550.777238,1,0,-111
1767173550.787238,0,2,-111
1767173550.797238,-2,4,-116
1767173550.807238,-5,2,-118
1767173550.817238,-8,0,-123
1767173550.827238,-9,2,-124
1767173550.837238,-14,2,-122
1767173550.847238,-8,0,-130
1767173550.857238,-1,0,-125
1767173550.867238,1,0,-128
1767173550.877238,1,-1,-131
1767173550.8872385,0,-1,-137
1767173550.8972385,-4,0,-134
1767173550.9072382,-4,3,-134
1767173550.9172382,-1,0,-134
1767173550.9272382,-2,-2,-129
1767173550.9372382,-1,-3,-128
1767173550.9472382,0,-3,-122
1767173550.9572382,-1,-1,-123
1767173550.9672382,-3,3,-124
1767173550.9772382,-4,5,-120
1767173550.9872382,-3,2,-122
1767173550.9972382,-5,0,-118
1767173551.007238,-4,-2,-117
1767173551.017238,-4,-4,-119
1767173551.027238,-2,-6,-124
1767173551.037238,-2,-9,-130
1767173551.047238,2,-7,-134
1767173551.057238,4,-3,-136
1767173551.0792382,0,-3,-124
1767173551.0882382,0,-1,-122
1767173551.0982382,2,1,-121
1767173551.1082382,3,2,-123
1767173551.1182382,2,1,-124
1767173551.1282382,6,2,-117
1767173551.1382382,4,3,-119
1767173551.1482382,6,3,-117
1767173551.1582382,4,2,-121
1767173551.1682382,1,1,-117
1767173551.1782382,-2,3,-116
1767173551.188238,2,2,-114
1767173551.198238,0,-1,-111
1767173551.208238,-2,-1,-114
1767173551.218238,-5,0,-114
1767173551.228238,-8,1,-121
1767173551.238238,-4,5,-118
1767173551.248238,0,6,-124
1767173551.258238,0,3,-122
1767173551.268238,0,0,-115
1767173551.278238,-1,2,-115
1767173551.288238,-2,0,-114
1767173551.298238,-2,0,-114
1767173551.3082385,-7,0,-122
1767173551.3182385,-6,-6,-125
1767173551.3282382,-6,-6,-117
1767173551.3382382,-9,-6,-119
1767173551.3482382,-6,-5,-124
1767173551.3582382,-2,-8,-127
1767173551.3682382,-2,-8,-126
1767173551.3782382,0,-6,-129
1767173551.3882382,3,0,-124
1767173551.3982382,3,-2,-128
1767173551.4082382,5,-1,-130
1767173551.4182382,4,0,-129
1767173551.4282382,5,-1,-126
1767173551.438238,3,-1,-127
1767173551.448238,2,-4,-121
1767173551.458238,2,-7,-124
1767173551.468238,0,-6,-132
1767173551.478238,-5,-5,-132
1767173551.488238,-2,-8,-134
1767173551.498238,0,-11,-131
1767173551.508238,2,-11,-129
1767173551.518238,5,-9,-128
1767173551.528238,5,-7,-130
1767173551.538238,2,-4,-128
1767173551.548238,0,-3,-124
1767173551.5582385,-4,-6,-131
1767173551.5682385,-1,-8,-124
1767173551.5782382,0,-4,-125
1767173551.5882382,0,-3,-116
1767173551.5982382,-3,-5,-112
1767173551.6082382,0,-2,-113
1767173551.6182382,1,-2,-122
1767173551.6282382,2,0,-125
1767173551.6382382,1,-2,-125
1767173551.6482382,1,0,-123
1767173551.6582382,1,0,-125
1767173551.6682382,0,-1,-122
1767173551.6782382,-2,-7,-121
1767173551.688238,-1,-8,-126
1767173551.698238,-1,-9,-122
1767173551.708238,-1,-8,-123
1767173551.718238,0,-7,-126
1767173551.728238,1,-9,-130
1767173551.738238,-2,-4,-135
1767173551.748238,-1,-7,-131
1767173551.758238,-2,-9,-129
1767173551.768238,-1,-5,-138
1767173551.778238,3,-2,-132
1767173551.788238,2,0,-129
1767173551.798238,2,0,-131
1767173551.8082385,3,1,-130
1767173551.8182385,0,1,-127
1767173551.8282382,1,1,-122
1767173551.8382382,-2,0,-119
1767173551.8482382,-5,1,-124
1767173551.8582382,-2,1,-124
1767173551.8682382,1,-2,-128
1767173551.8782382,4,-5,-132
1767173551.8882382,4,-8,-135
1767173551.8982382,6,-9,-138
1767173551.9082382,10,-6,-137
1767173551.9182382,8,-2,-133
1767173551.9282382,5,0,-138
1767173551.938238,2,3,-135
1767173551.948238,2,3,-131
1767173551.958238,1,3,-133
1767173551.968238,-1,2,-125
1767173551.978238,-2,1,-133
1767173551.988238,-4,1,-134
1767173551.998238,-2,-2,-129
1767173552.008238,1,-3,-123
1767173552.018238,0,-6,-122
1767173552.028238,0,-5,-123
1767173552.038238,-3,-2,-118
1767173552.048238,-3,-5,-132
1767173552.0582385,-8,-8,-136
1767173552.0682385,-11,-6,-134
1767173552.0782382,-9,-2,-132
1767173552.0882382,-5,-2,-132
1767173552.0982382,-13,-3,-123
1767173552.1082382,-9,-5,-122
1767173552.1182382,-8,-4,-122
1767173552.1282382,-7,-2,-130
1767173552.1382382,-7,2,-128
1767173552.1482382,-2,3,-129
1767173552.1582382,-5,0,-126
1767173552.1682382,-4,-6,-125
1767173552.1782382,-1,-8,-133
1767173552.188238,2,-10,-137
1767173552.198238,-3,-8,-139
1767173552.208238,-2,-6,-132
1767173552.218238,0,-7,-127
1767173552.228238,0,-5,-126
1767173552.238238,0,-4,-125
1767173552.248238,-2,-2,-124
1767173552.258238,-2,-5,-128
1767173552.268238,-4,-4,-130
1767173552.278238,-9,-3,-133
1767173552.288238,-11,-1,-122
1767173552.298238,-9,-4,-123
1767173552.3082385,-3,-2,-123
1767173552.3182385,-2,-1,-121
1767173552.3282382,-2,-4,-123
1767173552.3382382,-4,-4,-126
1767173552.3482382,-5,0,-134
1767173552.3582382,-2,0,-129
1767173552.3682382,5,-4,-132
1767173552.3782382,3,-3,-130
1767173552.3882382,3,-1,-123
1767173552.3982382,0,0,-127
1767173552.4082382,2,0,-133
1767173552.4182382,4,-4,-130
1767173552.4282382,1,-5,-129
1767173552.438238,0,-3,-129
1767173552.448238,0,-4,-131
1767173552.458238,0,-1,-133
1767173552.468238,0,-4,-127
1767173552.478238,-8,-6,-128
1767173552.488238,-8,-7,-130
1767173552.498238,-4,-5,-127
1767173552.508238,-5,-2,-126
1767173552.518238,0,-3,-131
1767173552.528238,1,-6,-133
1767173552.538238,7,-6,-130
1767173552.548238,3,-4,-128
1767173552.5582385,1,-8,-128
1767173552.5682385,0,-7,-120
1767173552.5782382,2,-5,-108
1767173552.5882382,0,-2,-119
1767173552.5982382,0,-1,-115
1767173552.6082382,1,-1,-120
1767173552.6182382,4,-4,-123
1767173552.6282382,0,-1,-124
1767173552.6382382,1,0,-126
1767173552.6482382,1,2,-123
1767173552.6582382,-1,7,-120
1767173552.6682382,-2,3,-116
1767173552.6782382,-6,0,-116
1767173552.688238,-3,2,-116
1767173552.698238,-3,2,-123
1767173552.708238,-3,2,-120
1767173552.718238,-2,1,-122
1767173552.728238,0,0,-127
1767173552.738238,2,3,-123
1767173552.748238,4,0,-120
1767173552.758238,1,-1,-123
1767173552.768238,-2,-3,-125
1767173552.778238,-1,-1,-131
1767173552.788238,0,0,-131
1767173552.798238,0,0,-135
1767173552.8082385,-2,0,-136
1767173552.8182385,0,-1,-137
1767173552.8282382,0,-1,-137
1767173552.8382382,3,-2,-144
1767173552.8482382,0,0,-145
1767173552.8582382,3,1,-138
1767173552.8682382,2,0,-134
1767173552.8782382,2,3,-129
1767173552.8882382,1,1,-119
1767173552.8982382,0,1,-117
1767173552.9082382,0,2,-122
1767173552.9182382,0,0,-121
1767173552.9282382,0,-2,-123
1767173552.938238,-4,-2,-131
1767173552.948238,-5,-4,-136
1767173552.958238,-4,-1,-136
1767173552.968238,-4,0,-134
1767173552.978238,-3,1,-135
1767173552.988238,-2,1,-133
1767173552.998238,-3,-3,-133
1767173553.008238,0,-4,-132
1767173553.018238,0,-1,-135
1767173553.028238,-1,0,-128
1767173553.038238,1,-3,-124
1767173553.048238,5,-5,-124
1767173553.0582385,7,-2,-130
1767173553.0682385,6,-3,-134
1767173553.0782382,5,-7,-131
1767173553.0882382,2,-3,-127
1767173553.0982382,2,0,-129
1767173553.1082382,-1,0,-127
1767173553.1182382,-7,-1,-123
1767173553.1282382,-7,-6,-129
1767173553.1382382,-2,-4,-133
1767173553.1482382,2,-6,-131
1767173553.1582382,0,-3,-126
1767173553.1682382,0,-6,-123
1767173553.1782382,-1,-9,-132
1767173553.188238,-2,-10,-130
1767173553.198238,-3,-6,-124
1767173553.208238,0,-3,-123
1767173553.218238,3,-6,-122
1767173553.228238,0,-2,-124
1767173553.238238,3,0,-129
1767173553.248238,-2,1,-129
1767173553.258238,-3,0,-129
1767173553.268238,-1,0,-138
1767173553.278238,0,0,-130
1767173553.288238,1,0,-132
1767173553.298238,0,1,-130
1767173553.3082385,1,-1,-125
1767173553.3182385,0,-2,-126
1767173553.3282382,-1,0,-124
1767173553.3382382,-1,3,-123
1767173553.3482382,0,3,-123
1767173553.3582382,7,-1,-119
1767173553.3682382,6,0,-115
1767173553.3782382,6,-4,-121
1767173553.3882382,5,-1,-122
1767173553.3982382,8,0,-119
1767173553.4082382,8,1,-123
1767173553.4182382,7,2,-120
1767173553.4282382,3,0,-119
1767173553.438238,4,2,-124
1767173553.448238,5,3,-122
1767173553.458238,1,1,-120
1767173553.468238,1,1,-125
1767173553.478238,3,0,-131
1767173553.488238,-1,-3,-127
1767173553.498238,1,-4,-123
1767173553.508238,1,-2,-120
1767173553.518238,-2,-2,-124
1767173553.528238,0,-5,-125
1767173553.538238,2,-6,-121
1767173553.548238,3,-8,-118
1767173553.5582385,-1,-5,-121
1767173553.5682385,-2,-7,-123
1767173553.5782382,-3,-5,-125
1767173553.5882382,-4,-8,-125
1767173553.5982382,-6,-3,-131
1767173553.6082382,-5,-7,-125
1767173553.6182382,-3,-4,-122
1767173553.6282382,0,-5,-119
1767173553.6382382,-2,-3,-116
1767173553.6482382,-2,-5,-119
1767173553.6582382,-1,-4,-123
1767173553.6682382,-8,-1,-120
1767173553.6782382,-8,1,-115
1767173553.688238,-8,0,-118
1767173553.698238,-7,-2,-119
1767173553.709238,-6,-3,-120
1767173553.719238,-5,-4,-112
1767173553.728238,-2,-5,-117
1767173553.7392385,0,-6,-123
1767173553.7492385,2,-3,-126
1767173553.7592382,-1,-5,-130
1767173553.7692382,-5,-5,-129
1767173553.7792382,-6,-10,-132
1767173553.7892382,-2,-9,-126
1767173553.7992382,-2,-3,-127
1767173553.8092382,-5,-3,-135
1767173553.8192382,-6,-3,-138
1767173553.8292382,-6,0,-140
1767173553.8392382,-7,-2,-136
1767173553.8492382,-9,-2,-141
1767173553.859238,-3,0,-129
1767173553.869238,-1,1,-125
1767173553.879238,-1,6,-131
1767173553.889238,0,4,-137
1767173553.899238,0,2,-138
1767173553.909238,-3,6,-136
1767173553.919238,-3,5,-132
1767173553.929238,-1,2,-133
1767173553.939238,-2,2,-126
1767173553.949238,-5,3,-128
1767173553.959238,-4,-2,-129
1767173553.9702382,-6,-1,-127
1767173553.9792385,-7,2,-125
1767173553.9892385,-2,5,-127
1767173553.9992385,-2,2,-125
1767173554.0092382,-5,4,-127
1767173554.0192382,-5,4,-120
1767173554.0292382,-2,1,-124
1767173554.0392382,-6,0,-124
1767173554.0492382,-11,-1,-121
1767173554.0592382,-8,-1,-115
1767173554.0692382,-8,-1,-116
1767173554.0792382,0,0,-128
1767173554.0892382,1,0,-135
1767173554.0992382,5,-1,-136
1767173554.109238,6,-2,-144
1767173554.119238,4,-1,-145
1767173554.129238,0,0,-142
1767173554.139238,2,-2,-134
1767173554.149238,2,-2,-131
1767173554.159238,3,-4,-126
1767173554.169238,2,-3,-127
1767173554.179238,0,-1,-130
1767173554.189238,-2,-2,-136
1767173554.199238,-5,-2,-128
1767173554.209238,-6,-3,-132
1767173554.219238,0,0,-135
1767173554.2292385,0,1,-134
1767173554.2392385,-1,1,-134
1767173554.2492385,-3,3,-131
1767173554.2592382,-2,2,-134
1767173554.2692382,-2,2,-133
1767173554.2792382,2,0,-133
1767173554.2892382,7,3,-128
1767173554.2992382,5,0,-127
1767173554.3092382,3,1,-131
1767173554.3192382,1,0,-134
1767173554.3292382,8,-4,-129
1767173554.3392382,10,-2,-131
1767173554.3492382,5,-3,-131
1767173554.359238,7,-5,-135
1767173554.369238,6,-5,-131
1767173554.379238,5,-3,-130
1767173554.389238,5,0,-131
1767173554.399238,6,-2,-125
1767173554.409238,3,0,-130
1767173554.419238,2,-2,-126
1767173554.429238,1,-3,-126
1767173554.439238,0,0,-129
1767173554.449238,1,-2,-128
1767173554.459238,3,-4,-125
1767173554.469238,-1,-5,-126
1767173554.4792385,0,-6,-127
1767173554.4892385,4,-6,-124
1767173554.4992385,-2,-4,-126
1767173554.5092382,-2,-4,-122
1767173554.5192382,-1,-2,-117
1767173554.5292382,-1,0,-114
1767173554.5392382,1,-1,-121
1767173554.5492382,3,-5,-129
1767173554.5592382,0,-8,-127
1767173554.5692382,0,-6,-121
1767173554.5792382,0,-7,-119
1767173554.5892382,-3,-6,-132
1767173554.5992382,-6,-9,-137
1767173554.609238,-8,-6,-134
1767173554.619238,-9,1,-129
1767173554.629238,0,2,-129
1767173554.639238,2,-1,-132
1767173554.649238,3,0,-127
1767173554.659238,0,-3,-125
1767173554.669238,-7,-1,-125
1767173554.679238,0,-5,-123
1767173554.689238,0,-4,-121
1767173554.699238,2,-4,-128
1767173554.709238,0,-2,-138
1767173554.719238,2,-1,-129
1767173554.7292385,-1,-2,-122
1767173554.7392385,1,-3,-122
1767173554.7492385,1,-1,-128
1767173554.7592382,6,-5,-127
1767173554.7692382,5,-4,-121
1767173554.7792382,0,0,-120
1767173554.7892382,0,2,-121
1767173554.7992382,0,0,-121
1767173554.8092382,1,0,-123
1767173554.8192382,-1,-3,-123
1767173554.8292382,0,-4,-116
1767173554.8392382,3,0,-119
1767173554.8492382,0,-1,-118
1767173554.859238,0,-2,-117
1767173554.869238,2,0,-126
1767173554.879238,1,3,-126
1767173554.889238,0,3,-128
1767173554.899238,2,2,-131
1767173554.909238,2,1,-123
1767173554.919238,4,0,-128
1767173554.929238,3,0,-127
1767173554.939238,3,0,-127
1767173554.949238,0,-1,-126
1767173554.959238,-1,-2,-131
1767173554.969238,-2,0,-135
1767173554.9792385,-7,0,-133
1767173554.9892385,-5,-1,-128
1767173554.9992385,-3,-5,-119
1767173555.0092382,-4,-6,-109
1767173555.0192382,-3,-3,-117
1767173555.0292382,-5,0,-127
1767173555.0392382,-4,-1,-122
1767173555.0492382,-4,-2,-133
1767173555.0592382,-4,-2,-135
1767173555.0692382,-5,0,-130
1767173555.0792382,-4,1,-123
1767173555.0892382,0,6,-125
1767173555.0992382,0,4,-127
1767173555.109238,0,5,-123
1767173555.119238,0,3,-120
1767173555.129238,-2,1,-116
1767173555.139238,-6,3,-114
1767173555.149238,-4,2,-109
1767173555.159238,1,0,-111
1767173555.169238,3,-7,-114
1767173555.179238,3,-4,-109
1767173555.189238,1,-5,-110
1767173555.199238,2,-3,-112
1767173555.209238,1,-4,-114
1767173555.219238,-1,-9,-118
1767173555.2292385,3,-13,-108
1767173555.2392385,3,-7,-117
1767173555.2492385,1,-7,-123
1767173555.2592382,-2,-7,-133
1767173555.2692382,-7,-2,-129
1767173555.2792382,-2,-3,-130
1767173555.2892382,-4,-1,-129
1767173555.2992382,1,-2,-128
1767173555.3092382,0,-3,-136
1767173555.3192382,0,-3,-130
1767173555.3292382,-2,-1,-126
1767173555.3392382,-1,0,-127
1767173555.3492382,-1,0,-127
1767173555.359238,1,0,-131
1767173555.369238,0,-2,-126
1767173555.379238,-1,-1,-129
1767173555.389238,0,-6,-131
1767173555.399238,-1,-3,-130
1767173555.409238,0,-4,-136
1767173555.419238,-1,-2,-141
1767173555.429238,-1,-5,-137
1767173555.439238,1,-3,-141
1767173555.449238,1,-4,-139
1767173555.459238,0,-8,-134
1767173555.469238,-1,-9,-128
1767173555.4792385,2,-5,-133
1767173555.4892385,1,-4,-129
1767173555.4992385,-1,1,-122
1767173555.5092382,1,4,-124
1767173555.5192382,5,7,-126
1767173555.5292382,1,6,-130
1767173555.5392382,3,5,-134
1767173555.5492382,0,6,-131
1767173555.5592382,0,1,-117
1767173555.5692382,4,3,-122
1767173555.5792382,5,3,-122
1767173555.5892382,7,0,-127
1767173555.5992382,7,1,-127
1767173555.609238,4,-3,-122
1767173555.619238,6,-3,-119
1767173555.629238,7,-6,-123
1767173555.639238,10,-4,-123
1767173555.649238,8,-2,-123
1767173555.659238,3,-4,-122
1767173555.669238,3,-6,-131
1767173555.679238,2,-3,-131
1767173555.689238,3,-5,-128
1767173555.699238,6,-6,-127
1767173555.709238,5,-5,-126
1767173555.719238,1,0,-129
1767173555.7292385,0,3,-132
1767173555.7392385,4,0,-126
1767173555.7492385,4,0,-125
1767173555.7592382,3,-4,-128
1767173555.7692382,1,-4,-126
1767173555.7792382,0,-2,-128
1767173555.7892382,0,-4,-126
1767173555.7992382,5,-2,-129
1767173555.8092382,2,-5,-132
1767173555.8192382,1,-2,-133
1767173555.8292382,1,0,-135
1767173555.8392382,-2,0,-131
1767173555.8492382,-4,0,-128
1767173555.859238,-7,2,-123
1767173555.869238,-4,0,-116
1767173555.879238,-4,2,-119
1767173555.889238,-5,0,-120
1767173555.899238,-1,-3,-123
1767173555.909238,-5,-7,-127
1767173555.919238,-8,-5,-129
1767173555.929238,-6,-3,-125
1767173555.939238,-5,0,-135
1767173555.949238,-5,0,-133
1767173555.959238,-5,3,-128
1767173555.969238,-4,1,-136
1767173555.9792385,-2,1,-133
1767173555.9892385,0,1,-131
1767173555.9992385,0,-4,-129
1767173556.0092382,-4,-5,-130
1767173556.0192382,0,-9,-133
1767173556.0292382,1,-10,-134
1767173556.0392382,-1,-5,-131
1767173556.0492382,1,0,-126
1767173556.0592382,1,-2,-129
1767173556.0692382,0,0,-130
1767173556.090238,4,-1,-124
1767173556.0992382,1,-3,-118
1767173556.109238,0,-3,-127
1767173556.119238,-2,-2,-128
1767173556.129238,-1,-2,-127
1767173556.139238,3,-1,-132
1767173556.149238,1,-5,-133
1767173556.159238,5,-6,-126
1767173556.169238,7,-2,-130
1767173556.179238,4,-1,-136
1767173556.189238,3,-2,-128
1767173556.199238,0,0,-122
1767173556.209238,2,-1,-119
1767173556.219238,2,1,-112
1767173556.2292385,0,5,-115
1767173556.2392385,2,6,-119
1767173556.2492385,-1,4,-118
1767173556.2592382,-2,2,-121
1767173556.2692382,-1,0,-123
1767173556.2792382,0,-3,-123
1767173556.2892382,-6,2,-123
1767173556.2992382,-4,0,-119
1767173556.3092382,-2,0,-121
1767173556.3192382,-4,-1,-114
1767173556.330238,-5,-1,-118
1767173556.340238,-4,2,-119
1767173556.350238,-4,3,-120
1767173556.359238,-4,5,-127
1767173556.369238,0,6,-128
1767173556.380238,-3,6,-133
1767173556.390238,-9,9,-131
1767173556.400238,-10,7,-129
1767173556.4102385,-7,2,-120
1767173556.4202385,-5,2,-124
1767173556.4302382,-6,1,-127
1767173556.4402382,-9,0,-123
1767173556.4502382,-8,0,-119
1767173556.4602382,-2,1,-121
1767173556.4702382,-2,0,-123
1767173556.4802382,2,4,-121
1767173556.4902382,2,3,-118
1767173556.5002382,-1,3,-122
1767173556.5102382,-1,4,-121
1767173556.5202382,-1,4,-123
1767173556.5302382,-3,2,-118
1767173556.540238,-2,3,-121
1767173556.550238,-5,-1,-124
1767173556.560238,-9,-1,-128
1767173556.570238,-12,-1,-131
1767173556.580238,-14,1,-127
1767173556.590238,-12,2,-123
1767173556.600238,-11,-1,-119
1767173556.610238,-11,1,-118
1767173556.620238,-10,2,-123
1767173556.630238,-8,0,-123
1767173556.640238,-1,0,-125
1767173556.650238,-3,-3,-121
1767173556.6602385,0,-5,-113
1767173556.6702385,1,-7,-112
1767173556.6802382,-1,-3,-115
1767173556.6902382,3,-6,-123
1767173556.7002382,3,-6,-123
1767173556.7102382,1,-5,-125
1767173556.7202382,-1,-5,-130
1767173556.7302382,-3,-8,-132
1767173556.7402382,-2,-5,-134
1767173556.7502382,1,-5,-134
1767173556.7602382,2,0,-131
1767173556.7702382,-3,-1,-131
1767173556.7802382,-8,-3,-134
1767173556.790238,-7,0,-133
1767173556.800238,-7,3,-137
1767173556.810238,-4,1,-140
1767173556.820238,-2,-2,-135
1767173556.830238,-4,4,-123
1767173556.840238,-7,3,-121
1767173556.850238,-6,2,-125
1767173556.860238,-8,0,-126
1767173556.870238,-9,0,-119
1767173556.880238,-8,0,-111
1767173556.890238,-4,-1,-116
1767173556.900238,0,1,-118
1767173556.9102385,-1,0,-117
1767173556.9202385,0,1,-120
1767173556.9302382,0,0,-122
1767173556.9402382,-1,0,-124
1767173556.9502382,-7,-3,-121
1767173556.9602382,-6,-4,-122
1767173556.9702382,-4,-5,-128
1767173556.9802382,-4,-7,-125
1767173556.9902382,-6,-5,-122
1767173557.0002382,-6,-5,-117
1767173557.0102382,-9,-3,-115
1767173557.0202382,-9,-2,-111
1767173557.0302382,-9,0,-112
1767173557.040238,-11,1,-119
1767173557.050238,-9,2,-120
1767173557.060238,-5,0,-116
1767173557.070238,-4,-3,-121
1767173557.080238,-3,-2,-126
1767173557.090238,-6,-5,-133
1767173557.100238,-7,-6,-133
1767173557.110238,-3,-9,-128
1767173557.120238,-3,-8,-123
1767173557.130238,-4,-8,-129
1767173557.140238,-1,-4,-136
1767173557.150238,0,-3,-137
1767173557.1602385,-5,-2,-125
1767173557.1702385,-3,-1,-117
1767173557.1802382,-3,4,-115
1767173557.1902382,-7,1,-121
1767173557.2002382,-6,0,-127
1767173557.2102382,-5,0,-125
1767173557.2202382,-8,1,-124
1767173557.2302382,-5,5,-120
1767173557.2402382,-4,2,-116
1767173557.2502382,0,5,-125
1767173557.2602382,0,2,-130
1767173557.2702382,0,4,-131
1767173557.2802382,-1,3,-130
1767173557.290238,-2,4,-134
1767173557.300238,0,0,-129
1767173557.310238,2,-2,-130
1767173557.320238,1,-1,-127
1767173557.330238,2,0,-126
1767173557.340238,4,-1,-124
1767173557.350238,4,0,-122
1767173557.360238,2,-3,-119
1767173557.370238,0,-4,-118
1767173557.380238,-2,-1,-123
1767173557.390238,-3,0,-119
1767173557.400238,0,2,-115
1767173557.4102385,-1,0,-118
1767173557.4202385,0,2,-121
1767173557.4302382,2,-1,-124
1767173557.4402382,0,-3,-115
1767173557.4502382,-5,-3,-117
1767173557.4602382,-7,-4,-122
1767173557.4702382,-2,-3,-124
1767173557.4802382,-6,0,-131
1767173557.4902382,-1,0,-131
1767173557.5002382,0,2,-128
1767173557.5102382,2,1,-130
1767173557.5202382,2,1,-126
1767173557.5302382,0,3,-124
1767173557.540238,1,3,-121
1767173557.550238,0,1,-127
1767173557.560238,-1,4,-129
1767173557.570238,-1,0,-126
1767173557.580238,0,1,-120
1767173557.590238,-2,4,-118
1767173557.600238,-5,2,-113
1767173557.610238,-7,0,-115
1767173557.620238,-8,1,-118
1767173557.630238,-8,0,-123
1767173557.640238,-6,2,-129
1767173557.650238,-2,0,-127
1767173557.6602385,-5,-1,-118
1767173557.6702385,-2,-2,-123
1767173557.6802382,0,-2,-134
1767173557.6902382,4,-4,-133
1767173557.7002382,3,-5,-133
1767173557.7102382,0,-3,-129
1767173557.7202382,4,-8,-126
1767173557.7302382,0,-7,-124
1767173557.7402382,0,-4,-126
1767173557.7502382,-1,-6,-127
1767173557.7602382,-1,-4,-135
1767173557.7702382,-2,-1,-136
1767173557.7802382,-3,0,-135
1767173557.790238,0,-1,-139
1767173557.800238,0,-1,-138
1767173557.810238,-9,-3,-132
1767173557.820238,-4,-7,-118
1767173557.830238,-5,-5,-119
1767173557.840238,-6,-7,-123
1767173557.850238,-2,-10,-123
1767173557.860238,-4,-4,-127
1767173557.870238,-5,0,-124
1767173557.880238,-5,-2,-127
1767173557.890238,-4,-1,-131
1767173557.900238,-2,1,-140
1767173557.9102385,-2,0,-134
1767173557.9202385,2,-5,-131
1767173557.9302382,3,-2,-123
1767173557.9402382,0,-3,-121
1767173557.9502382,0,-1,-126
1767173557.9602382,-2,0,-129
1767173557.9702382,0,0,-131
1767173557.9802382,-1,0,-128
1767173557.9902382,-1,1,-122
1767173558.0002382,-3,0,-122
1767173558.0102382,0,1,-120
1767173558.0202382,0,-2,-123
1767173558.0302382,1,-3,-122
1767173558.040238,-6,-4,-122
1767173558.050238,-8,-6,-123
1767173558.060238,-5,-6,-123
1767173558.070238,-5,-3,-125
1767173558.080238,-2,-2,-120
1767173558.090238,-4,-5,-120
1767173558.100238,-4,-8,-119
1767173558.110238,-5,-5,-127
1767173558.120238,-5,-8,-128
1767173558.130238,-1,-8,-133
1767173558.140238,1,-8,-128
1767173558.150238,1,-5,-126
1767173558.1602385,0,-5,-127
1767173558.1702385,0,-6,-128
1767173558.1802382,2,-6,-123
1767173558.1902382,4,-3,-121
1767173558.2002382,5,0,-120
1767173558.2102382,1,1,-119
1767173558.2202382,8,4,-125
1767173558.2302382,5,4,-126
1767173558.2402382,2,2,-130
1767173558.2502382,2,4,-131
1767173558.2602382,-2,3,-130
1767173558.271238,-1,4,-134
1767173558.2802382,0,-3,-140
1767173558.290238,-2,-3,-134
1767173558.300238,0,-1,-126
1767173558.310238,2,-3,-123
1767173558.320238,2,-2,-126
1767173558.330238,3,-5,-131
1767173558.340238,5,-5,-131
1767173558.350238,8,-6,-135
1767173558.360238,12,-8,-132
1767173558.370238,9,-4,-132
1767173558.380238,6,0,-127
1767173558.390238,5,-1,-124
1767173558.400238,2,0,-119
1767173558.4102385,-3,-2,-121
1767173558.4202385,-6,-4,-125
1767173558.4302382,-5,-2,-126
1767173558.4402382,-5,-3,-121
1767173558.4502382,-3,0,-123
1767173558.4602382,0,-3,-124
1767173558.4702382,0,-3,-129
1767173558.4802382,-8,-4,-134
1767173558.4902382,-7,-5,-139
1767173558.5002382,0,-2,-136
1767173558.5102382,3,-2,-128
1767173558.5202382,3,-7,-123
1767173558.5302382,-1,-2,-121
1767173558.540238,-1,2,-118
1767173558.550238,-6,1,-124
1767173558.560238,-7,2,-124
1767173558.570238,-6,4,-122
1767173558.580238,-3,5,-117
1767173558.590238,-3,4,-117
1767173558.600238,-5,0,-120
1767173558.610238,0,-4,-125
1767173558.620238,-2,-5,-127
1767173558.630238,-4,-6,-127
1767173558.640238,0,-3,-127
1767173558.650238,3,-4,-133
1767173558.6602385,1,-5,-131
1767173558.6702385,1,-3,-131
1767173558.6802382,0,-2,-134
1767173558.6902382,0,-2,-126
1767173558.7002382,0,1,-129
1767173558.7102382,3,5,-126
1767173558.7202382,3,3,-121
1767173558.7302382,0,5,-122
1767173558.7402382,3,4,-123
1767173558.7502382,3,3,-123
1767173558.7602382,1,1,-122
1767173558.7702382,4,-2,-133
1767173558.7802382,5,-2,-129
1767173558.790238,5,-2,-123
1767173558.800238,3,1,-117
1767173558.810238,0,3,-122
1767173558.820238,2,-1,-121
1767173558.830238,2,-2,-117
1767173558.840238,1,0,-122
1767173558.850238,0,0,-128
1767173558.860238,2,1,-132
1767173558.870238,-1,-1,-137
1767173558.880238,0,-3,-138
1767173558.890238,-7,-2,-133
1767173558.900238,-5,0,-130
1767173558.9102385,-8,0,-130
1767173558.9202385,-7,1,-131
1767173558.9302382,-8,3,-136
1767173558.9402382,-7,6,-134
1767173558.9502382,-4,8,-137
1767173558.961238,-4,5,-133
1767173558.971238,-2,5,-134
1767173558.9802382,-2,6,-133
1767173558.991238,1,9,-133
1767173559.001238,6,6,-133
1767173559.011238,5,2,-130
1767173559.021238,6,-1,-130
1767173559.031238,7,0,-129
1767173559.041238,6,-1,-126
1767173559.051238,3,2,-117
1767173559.061238,2,0,-122
1767173559.071238,2,1,-124
1767173559.0812385,-1,2,-118
1767173559.0912385,-1,4,-113
1767173559.1012385,-1,6,-117
1767173559.1112382,4,7,-120
1767173559.1212382,7,8,-113
1767173559.1312382,5,6,-111
1767173559.1412382,3,9,-116
1767173559.1512382,2,9,-120
1767173559.1612382,0,5,-118
1767173559.1712382,1,0,-123
1767173559.1812382,1,0,-117
1767173559.1912382,1,-1,-125
1767173559.2012382,0,0,-119
1767173559.211238,-2,1,-122
1767173559.221238,-3,2,-130
1767173559.231238,-4,0,-131
1767173559.241238,1,0,-130
1767173559.251238,2,-1,-130
1767173559.261238,6,2,-132
1767173559.271238,1,1,-135
1767173559.281238,7,-1,-137
1767173559.291238,4,-1,-129
1767173559.301238,0,0,-130
1767173559.311238,0,-1,-134
1767173559.321238,4,0,-127
1767173559.3312385,2,-1,-126
1767173559.3412385,5,-3,-127
1767173559.3512385,7,-1,-125
1767173559.3612382,5,-4,-124
1767173559.3712382,5,-5,-118
1767173559.3812382,2,-5,-125
1767173559.3912382,0,-5,-121
1767173559.4012382,-3,-6,-116
1767173559.4112382,-2,-6,-121
1767173559.4212382,-1,-4,-121
1767173559.4312382,2,-4,-125
1767173559.4412382,4,-5,-125
1767173559.4512382,1,2,-127
1767173559.461238,0,2,-116
1767173559.471238,-3,1,-115
1767173559.481238,-1,3,-124
1767173559.491238,-8,1,-123
1767173559.501238,-8,-1,-122
1767173559.511238,-5,-2,-117
1767173559.521238,-2,-1,-116
1767173559.531238,2,-2,-114
1767173559.541238,6,-5,-115
1767173559.551238,1,-4,-116
1767173559.561238,0,-6,-115
1767173559.571238,0,-7,-113
1767173559.5812385,1,-4,-115
1767173559.5912385,5,-5,-119
1767173559.6012385,9,-5,-116
1767173559.6112382,7,-3,-123
1767173559.6212382,3,-5,-123
1767173559.6312382,0,-2,-130
1767173559.6412382,3,-3,-131
1767173559.6512382,-3,-1,-125
1767173559.6612382,-3,0,-123
1767173559.6712382,0,-1,-120
1767173559.6812382,4,1,-115
1767173559.6912382,6,0,-114
1767173559.7012382,1,0,-118
1767173559.711238,-3,1,-120
1767173559.721238,-3,4,-126
1767173559.731238,-3,4,-127
1767173559.741238,-1,2,-125
1767173559.751238,0,1,-122
1767173559.761238,-1,-2,-118
1767173559.771238,1,-3,-113
1767173559.781238,3,2,-117
1767173559.791238,2,1,-119
1767173559.801238,3,0,-118
1767173559.811238,2,3,-120
1767173559.821238,0,1,-127
1767173559.8312385,2,1,-136
1767173559.8412385,0,0,-130
1767173559.8512385,0,-2,-126
1767173559.8612382,-4,0,-131
1767173559.8712382,-4,2,-134
1767173559.8812382,-4,3,-127
1767173559.8912382,-5,3,-129
1767173559.9012382,-4,2,-132
1767173559.9112382,-6,4,-127
1767173559.9212382,-1,0,-125
1767173559.9312382,1,-4,-128
1767173559.9412382,1,-4,-125
1767173559.9512382,3,-3,-123
1767173559.961238,0,-3,-124
1767173559.971238,-4,-4,-122
1767173559.981238,-1,-8,-124
1767173559.991238,1,-6,-126
1767173560.001238,1,-6,-129
1767173560.011238,5,-4,-131
1767173560.021238,11,-8,-129
1767173560.031238,10,-9,-130
1767173560.041238,6,-7,-131
1767173560.051238,6,-5,-132
1767173560.061238,7,0,-135
1767173560.071238,6,-2,-129
1767173560.0812385,3,-1,-133
1767173560.0912385,0,-3,-143
1767173560.1012385,-1,-2,-145
1767173560.1112382,-1,-6,-136
1767173560.1212382,0,-3,-142
1767173560.1312382,2,-2,-141
1767173560.1412382,2,-3,-128
1767173560.1512382,3,-5,-131
1767173560.1612382,4,-3,-130
1767173560.1712382,1,-3,-132
1767173560.1812382,5,0,-134
1767173560.1912382,2,-2,-129
1767173560.2012382,-1,0,-134
1767173560.211238,-2,-1,-132
1767173560.221238,-1,-1,-139
1767173560.231238,0,0,-134
1767173560.241238,2,-2,-131
1767173560.251238,4,-4,-127
1767173560.261238,7,-7,-119
1767173560.271238,4,-4,-124
1767173560.281238,4,-6,-126
1767173560.291238,2,-6,-120
1767173560.301238,1,-3,-120
1767173560.311238,-1,-3,-119
1767173560.321238,0,-3,-118
1767173560.3312385,0,-2,-119
1767173560.3412385,-1,0,-121
1767173560.3512385,0,0,-121
1767173560.3612382,-2,0,-121
1767173560.3712382,-1,1,-118
1767173560.3812382,2,2,-119
1767173560.3912382,1,4,-124
1767173560.4012382,0,3,-126
1767173560.4112382,0,0,-127
1767173560.4212382,0,-1,-129
1767173560.4312382,1,0,-127
1767173560.4412382,1,-4,-124
1767173560.4512382,2,-6,-120
1767173560.461238,4,-3,-120
1767173560.471238,3,-3,-115
1767173560.481238,0,-3,-116
1767173560.491238,1,-6,-119
1767173560.501238,2,-4,-117
1767173560.511238,4,-6,-113
1767173560.521238,3,0,-112
1767173560.531238,3,0,-111
1767173560.541238,2,-2,-115
1767173560.551238,2,-5,-116
1767173560.561238,1,-3,-119
1767173560.571238,2,-1,-124
1767173560.5812385,3,-3,-120
1767173560.5912385,0,-1,-128
1767173560.6012385,-1,-3,-125
1767173560.6112382,-2,-9,-126
1767173560.6212382,-2,-8,-129
1767173560.6312382,-1,-6,-127
1767173560.6412382,-2,-3,-129
1767173560.6512382,0,-5,-128
1767173560.6612382,-1,-3,-131
1767173560.6712382,3,-3,-132
1767173560.6812382,1,-3,-133
1767173560.6912382,0,-5,-128
1767173560.7012382,2,-1,-122
1767173560.711238,0,-1,-128
1767173560.721238,0,1,-132
1767173560.731238,0,0,-123
1767173560.741238,-1,-2,-124
1767173560.751238,-3,-2,-118
1767173560.761238,-1,-2,-124
1767173560.771238,2,0,-127
1767173560.781238,4,1,-129
1767173560.791238,6,1,-123
1767173560.801238,8,1,-125
1767173560.811238,4,-4,-129
1767173560.821238,6,-4,-132
1767173560.8312385,6,-2,-131
1767173560.8412385,-1,-3,-126
1767173560.8512385,-5,-3,-125
1767173560.8612382,-4,-2,-125
1767173560.8712382,-2,-3,-129
1767173560.8812382,3,-6,-134
1767173560.8912382,9,-2,-134
1767173560.9012382,3,0,-131
1767173560.9112382,-1,0,-120
1767173560.9212382,0,1,-126
1767173560.9312382,2,-1,-131
1767173560.9412382,2,0,-132
1767173560.9512382,-3,-5,-128
1767173560.961238,-6,-6,-130
1767173560.971238,-6,-6,-128
1767173560.981238,-1,-1,-126
1767173560.991238,-2,0,-133
1767173561.001238,-4,1,-123
1767173561.011238,-5,-3,-119
1767173561.021238,-4,-3,-117
1767173561.031238,-3,-4,-114
1767173561.041238,-2,-5,-115
1767173561.051238,1,-4,-116
1767173561.061238,-2,-2,-118
1767173561.071238,-1,-1,-120
1767173561.0812385,1,0,-124
1767173561.1022382,4,-4,-130
1767173561.1112382,4,-2,-123
1767173561.1212382,3,-2,-126
1767173561.1312382,2,1,-130
1767173561.1412382,-1,4,-119
1767173561.1512382,-1,11,-122
1767173561.1612382,-6,13,-133
1767173561.1712382,-9,10,-123
1767173561.1812382,-4,8,-130
1767173561.1912382,-7,7,-137
1767173561.2012382,-6,3,-132
1767173561.211238,-7,4,-129
1767173561.221238,0,2,-130
1767173561.231238,0,1,-131
1767173561.241238,0,0,-127
1767173561.251238,0,-4,-129
1767173561.261238,0,-3,-124
1767173561.271238,-4,-3,-121
1767173561.281238,0,-6,-126
1767173561.291238,0,-7,-126
1767173561.301238,0,-4,-129
1767173561.311238,1,-4,-128
1767173561.321238,0,-4,-122
1767173561.3312385,-3,-4,-117
1767173561.3412385,-1,-3,-115
1767173561.3512385,-2,0,-119
1767173561.3612382,-1,0,-113
1767173561.3712382,3,0,-110
1767173561.3812382,2,6,-109
1767173561.3912382,0,9,-113
1767173561.4012382,0,7,-118
1767173561.4112382,-2,4,-123
1767173561.4212382,-3,3,-121
1767173561.4312382,0,3,-123
1767173561.4412382,0,2,-127
1767173561.4512382,-4,1,-125
1767173561.461238,-1,1,-124
1767173561.471238,-2,1,-129
1767173561.481238,-3,3,-134
1767173561.491238,-2,3,-136
1767173561.501238,-1,0,-137
1767173561.511238,1,0,-139
1767173561.521238,1,-1,-134
1767173561.5322382,0,-1,-134
1767173561.541238,4,-4,-132
1767173561.5522382,-1,-4,-130
1767173561.561238,0,-2,-127
1767173561.571238,0,-5,-131
1767173561.5812385,1,-6,-130
1767173561.5912385,-1,-4,-128
1767173561.6012385,-1,-5,-127
1767173561.6112382,-1,-4,-122
1767173561.6222382,0,-4,-121
1767173561.6312382,-2,-2,-124
1767173561.642238,3,-2,-126
1767173561.652238,3,-2,-127
1767173561.662238,0,-7,-128
1767173561.672238,0,-7,-123
1767173561.682238,-1,-1,-121
1767173561.692238,-5,-3,-123
1767173561.702238,-3,-2,-125
1767173561.712238,2,-2,-133
1767173561.722238,0,-6,-137
1767173561.732238,0,-4,-135
1767173561.742238,-4,-4,-130
1767173561.752238,-1,-6,-134
1767173561.761238,-1,-4,-140
1767173561.7722385,-1,-6,-135
1767173561.7822382,-6,-4,-130
1767173561.7922382,-6,-5,-130
1767173561.8022382,-4,-6,-130
1767173561.8122382,-4,-5,-128
1767173561.8222382,-3,-5,-126
1767173561.8322382,-9,-7,-124
1767173561.8422382,-5,-8,-119
1767173561.8522382,-4,-9,-120
1767173561.8622382,-1,-10,-120
1767173561.8722382,-2,-8,-119
1767173561.882238,0,-5,-124
1767173561.892238,2,-6,-126
1767173561.902238,6,-2,-133
1767173561.912238,7,-2,-136
1767173561.922238,5,-1,-133
1767173561.932238,1,0,-140
1767173561.942238,3,-2,-136
1767173561.952238,0,-2,-128
1767173561.962238,-2,-1,-128
1767173561.972238,0,-1,-127
1767173561.982238,0,-1,-129
1767173561.992238,-5,0,-126
1767173562.002238,-3,-2,-125
1767173562.0122385,-7,-8,-126
1767173562.0222385,-2,-11,-125
1767173562.0322382,0,-9,-124
1767173562.0422382,-1,-10,-120
1767173562.0522382,-4,-8,-119
1767173562.0622382,-5,-5,-124
1767173562.0722382,-5,-7,-129
1767173562.0822382,0,-7,-126
1767173562.0922382,0,-6,-124
1767173562.1022382,-2,-5,-124
1767173562.1122382,0,-3,-118
1767173562.1222382,0,-2,-121
1767173562.132238,-1,-6,-122
1767173562.142238,1,-6,-124
1767173562.152238,0,-5,-123
1767173562.162238,2,-4,-127
1767173562.172238,1,-3,-126
1767173562.182238,6,0,-123
1767173562.192238,4,1,-120
1767173562.202238,4,1,-117
1767173562.212238,6,-1,-122
1767173562.222238,9,-3,-122
1767173562.232238,8,-5,-118
1767173562.242238,7,-8,-118
1767173562.252238,3,-6,-124
1767173562.2622385,5,-1,-129
1767173562.2722385,1,-2,-127
1767173562.2822382,0,1,-128
1767173562.2922382,-6,-1,-130
1767173562.3022382,-5,-4,-143
1767173562.3122382,-7,-3,-136
1767173562.3222382,-4,-1,-133
1767173562.3322382,-2,0,-130
1767173562.3422382,-4,0,-133
1767173562.3522382,-4,-1,-128
1767173562.3622382,-3,-4,-129
1767173562.3722382,0,-7,-125
1767173562.382238,-1,-6,-124
1767173562.392238,-2,-2,-127
1767173562.402238,-2,3,-131
1767173562.412238,-3,2,-129
1767173562.422238,4,0,-125
1767173562.432238,4,0,-121
1767173562.442238,3,1,-119
1767173562.452238,2,0,-123
1767173562.462238,0,0,-135
1767173562.472238,-4,0,-130
1767173562.482238,-6,1,-127
1767173562.492238,-8,2,-130
1767173562.502238,-4,0,-131
1767173562.5122385,-4,0,-133
1767173562.5222385,-5,0,-137
1767173562.5322382,-4,0,-132
1767173562.5422382,-5,-1,-135
1767173562.5522382,-2,-5,-139
1767173562.5622382,-1,-7,-138
1767173562.5722382,0,-7,-133
1767173562.5822382,-1,-7,-128
1767173562.5922382,-2,-10,-124
1767173562.6022382,-3,-6,-125
1767173562.6122382,-3,0,-124
1767173562.6222382,-4,0,-122
1767173562.632238,-7,-1,-122
1767173562.642238,-5,-4,-118
1767173562.652238,-6,0,-118
1767173562.662238,-1,1,-117
1767173562.672238,-3,2,-125
1767173562.682238,-2,3,-125
1767173562.692238,2,3,-124
1767173562.702238,3,5,-116
1767173562.712238,0,1,-114
1767173562.722238,0,-1,-119
1767173562.732238,-3,-2,-117
1767173562.742238,-4,2,-121
1767173562.752238,0,4,-121
1767173562.7622385,0,1,-125
1767173562.7722385,-2,3,-124
1767173562.7822382,2,4,-122
1767173562.7922382,6,1,-126
1767173562.8022382,10,0,-126
1767173562.8122382,10,1,-127
1767173562.8222382,8,1,-125
1767173562.8322382,5,-3,-124
1767173562.8422382,0,-3,-123
1767173562.8522382,2,-1,-125
1767173562.8622382,-1,2,-126
1767173562.8722382,-5,3,-127
1767173562.882238,-3,1,-131
1767173562.892238,-2,3,-128
1767173562.902238,0,5,-121
1767173562.912238,3,1,-122
1767173562.922238,11,5,-132
1767173562.932238,6,2,-129
1767173562.942238,5,0,-125
1767173562.952238,2,1,-123
1767173562.962238,1,1,-120
1767173562.972238,3,0,-119
1767173562.982238,2,-1,-120
1767173562.992238,3,-3,-122
1767173563.002238,0,-5,-128
1767173563.0122385,3,-2,-128
1767173563.0222385,1,0,-134
1767173563.0322382,0,1,-128
1767173563.0422382,-1,-5,-135
1767173563.0522382,-4,-2,-134
1767173563.0622382,-2,-1,-127
1767173563.0722382,-2,0,-123
1767173563.0822382,-6,-2,-120
1767173563.0922382,-5,0,-123
1767173563.1022382,-2,-3,-123
1767173563.1122382,-1,3,-123
1767173563.1222382,-2,6,-117
1767173563.132238,0,3,-126
1767173563.142238,-4,3,-133
1767173563.152238,-5,3,-130
1767173563.162238,-3,3,-129
1767173563.172238,-1,0,-131
1767173563.182238,0,-1,-128
1767173563.192238,-2,-4,-126
1767173563.202238,1,-5,-124
1767173563.212238,0,-3,-130
1767173563.222238,5,-3,-127
1767173563.232238,8,-5,-128
1767173563.242238,7,-6,-128
1767173563.252238,6,-5,-130
1767173563.2622385,10,-1,-127
1767173563.2722385,7,-2,-126
1767173563.2822382,7,1,-130
1767173563.2922382,4,-1,-128
1767173563.3022382,2,0,-120
1767173563.3122382,0,0,-126
1767173563.3222382,-4,-1,-128
1767173563.3322382,0,-2,-128
1767173563.3422382,2,2,-131
1767173563.3522382,0,2,-126
1767173563.3622382,0,3,-129
1767173563.3722382,-7,4,-124
1767173563.382238,-5,4,-124
1767173563.392238,-5,1,-123
1767173563.402238,-5,-4,-125
1767173563.412238,-6,-2,-126
1767173563.422238,-6,-2,-123
1767173563.432238,-3,-6,-127
1767173563.442238,-3,-3,-123
1767173563.452238,-2,2,-117
1767173563.462238,-5,0,-121
1767173563.472238,-7,-2,-125
1767173563.482238,-8,-2,-122
1767173563.492238,-8,-1,-125
1767173563.502238,-9,0,-127
1767173563.5122385,-6,2,-127
1767173563.5222385,-4,1,-121
1767173563.5322382,-5,0,-128
1767173563.5422382,0,-1,-130
1767173563.5522382,0,0,-136
1767173563.5622382,-2,0,-140
1767173563.5722382,0,0,-138
1767173563.5822382,-1,1,-130
1767173563.5922382,2,-1,-128
1767173563.6022382,4,-6,-125
1767173563.6122382,6,-5,-123
1767173563.6222382,2,-3,-121
1767173563.632238,0,0,-122
1767173563.642238,2,0,-122
1767173563.652238,5,0,-127
1767173563.662238,6,-1,-134
1767173563.672238,5,1,-126
1767173563.682238,6,-1,-118
1767173563.692238,3,-1,-117
1767173563.702238,5,-3,-121
1767173563.712238,2,-1,-119
1767173563.722238,0,-1,-122
1767173563.732238,-3,0,-127
1767173563.742238,0,-4,-131
1767173563.752238,-2,-5,-133
1767173563.7622385,-4,-1,-143
1767173563.7722385,-6,0,-145
1767173563.7822382,-5,-1,-134
1767173563.7922382,-1,1,-140
1767173563.8022382,0,1,-131
1767173563.8122382,-1,-3,-132
1767173563.8222382,0,-1,-131
1767173563.8322382,0,1,-133
1767173563.8422382,2,-1,-130
1767173563.8522382,2,-8,-134
1767173563.8622382,3,-8,-136
1767173563.8722382,2,-5,-131
1767173563.882238,4,-2,-126
1767173563.892238,0,1,-123
1767173563.902238,-2,1,-121
1767173563.912238,-2,0,-127
1767173563.922238,2,1,-128
1767173563.932238,2,3,-129
1767173563.942238,3,7,-128
1767173563.952238,2,5,-126
1767173563.962238,2,3,-124
1767173563.972238,2,3,-119
1767173563.982238,3,3,-116
1767173563.992238,6,1,-116
1767173564.002238,3,0,-123
1767173564.0122385,3,-2,-125
1767173564.0222385,4,-4,-126
1767173564.0322382,7,-3,-127
1767173564.0422382,8,-3,-125
1767173564.0522382,5,-6,-126
1767173564.0622382,-1,-7,-125
1767173564.0722382,0,-4,-129
1767173564.0822382,2,-2,-138
1767173564.0922382,2,-3,-141
1767173564.1022382,4,-4,-136
1767173564.1122382,2,-3,-137
1767173564.1222382,-1,0,-132
1767173564.132238,0,-1,-134
1767173564.142238,-3,-1,-130
1767173564.152238,-6,2,-125
1767173564.162238,-5,1,-126
1767173564.172238,-5,3,-122
1767173564.182238,-2,0,-119
1767173564.192238,0,0,-122
1767173564.202238,1,0,-121
1767173564.2132382,0,1,-117
1767173564.2232382,-3,-1,-112
1767173564.232238,0,-2,-113
1767173564.2432382,-2,-1,-118
1767173564.2532382,-1,-4,-125
1767173564.2632382,-1,-6,-132
1767173564.2732382,0,-3,-129
1767173564.2832382,-1,0,-128
1767173564.2932382,-4,-1,-122
1767173564.3032382,-4,-5,-123
1767173564.313238,-5,-1,-121
1767173564.323238,-10,0,-125
1767173564.333238,-7,0,-126
1767173564.343238,-8,3,-126
1767173564.353238,-6,4,-127
1767173564.363238,0,2,-126
1767173564.373238,-2,-2,-130
1767173564.383238,-1,-6,-129
1767173564.393238,-3,-6,-126
1767173564.403238,-2,-6,-129
1767173564.413238,0,-4,-126
1767173564.423238,-2,-5,-123
1767173564.4332385,-2,-6,-127
1767173564.4432385,-2,-7,-122
1767173564.4532382,-6,-8,-124
1767173564.4632382,-1,-9,-122
1767173564.4732382,-3,-10,-128
1767173564.4832382,-5,-7,-124
1767173564.4932382,-7,-7,-126
1767173564.5032382,-8,-6,-122
1767173564.5132382,-7,-2,-129
1767173564.5232382,-4,-3,-127
1767173564.5332382,-5,-1,-125
1767173564.5432382,-5,-2,-123
1767173564.5532382,-1,-4,-122
1767173564.563238,3,-1,-121
1767173564.573238,2,-3,-125
1767173564.583238,0,-2,-125
1767173564.593238,-3,0,-124
1767173564.603238,-5,-1,-126
1767173564.613238,-9,0,-126
1767173564.623238,-5,0,-130
1767173564.633238,0,2,-129
1767173564.643238,0,0,-129
1767173564.653238,0,-3,-132
1767173564.663238,-1,-5,-131
1767173564.673238,0,-4,-128
1767173564.6832385,0,-4,-130
1767173564.6932385,0,-7,-128
1767173564.7032382,0,-7,-131
1767173564.7132382,0,-9,-134
1767173564.7232382,0,-6,-129
1767173564.7332382,0,-5,-127
1767173564.7432382,-3,-6,-128
1767173564.7532382,-4,-2,-131
1767173564.7632382,-4,-7,-128
1767173564.7732382,-4,-7,-124
1767173564.7832382,-4,-4,-127
1767173564.7932382,-4,1,-128
1767173564.8032382,-3,3,-130
1767173564.813238,-6,0,-133
1767173564.823238,-6,6,-136
1767173564.833238,-3,5,-133
1767173564.843238,-1,0,-129
1767173564.853238,0,-1,-126
1767173564.863238,-5,-2,-128
1767173564.873238,0,-3,-129
1767173564.883238,1,-3,-127
1767173564.893238,4,-1,-123
1767173564.903238,5,-3,-119
1767173564.913238,2,-2,-125
1767173564.923238,-1,-5,-127
1767173564.9332385,-2,-6,-126
1767173564.9432385,-3,-1,-121
1767173564.9532382,2,-6,-120
1767173564.9632382,1,-5,-129
1767173564.9732382,4,-4,-131
1767173564.9832382,5,-10,-131
1767173564.9932382,6,-6,-131
1767173565.0032382,4,-4,-126
1767173565.0132382,2,-8,-123
1767173565.0232382,-1,-6,-129
1767173565.0332382,-3,-6,-129
1767173565.0432382,-1,-7,-124
1767173565.0532382,-4,-7,-119
1767173565.063238,0,-8,-121
1767173565.073238,3,-8,-124
1767173565.083238,2,-2,-127
1767173565.093238,3,-1,-129
1767173565.103238,5,-1,-133
1767173565.113238,1,-2,-134
1767173565.123238,1,0,-135
1767173565.133238,1,2,-135
1767173565.143238,-4,3,-140
1767173565.153238,-2,1,-144
1767173565.163238,2,0,-136
1767173565.173238,0,0,-134
1767173565.1832385,-1,4,-129
1767173565.1932385,0,2,-130
1767173565.2032382,-5,0,-135
1767173565.2132382,-5,-3,-133
1767173565.2232382,-4,-2,-130
1767173565.2332382,-2,0,-136
1767173565.2432382,0,0,-128
1767173565.2532382,3,0,-128
1767173565.2632382,6,-1,-130
1767173565.2732382,8,-1,-126
1767173565.2832382,5,-1,-128
1767173565.2932382,3,-2,-130
1767173565.3032382,4,-3,-125
1767173565.313238,9,-1,-120
1767173565.323238,7,-2,-117
1767173565.333238,5,-3,-123
1767173565.343238,1,0,-119
1767173565.353238,0,-2,-117
1767173565.363238,5,-1,-128
1767173565.373238,4,-1,-130
1767173565.383238,5,0,-123
1767173565.393238,6,2,-121
1767173565.403238,6,0,-125
1767173565.413238,6,-1,-123
1767173565.423238,6,-3,-121
1767173565.4332385,7,-2,-125
1767173565.4432385,6,4,-129
1767173565.4532382,4,8,-125
1767173565.4632382,5,6,-128
1767173565.4732382,6,5,-135
1767173565.4832382,9,3,-130
1767173565.4932382,7,4,-127
1767173565.5032382,1,1,-126
1767173565.5132382,0,2,-133
1767173565.5232382,-3,-1,-138
1767173565.5332382,-3,0,-142
1767173565.5432382,-6,-2,-137
1767173565.5532382,-1,-1,-131
1767173565.563238,-2,-2,-137
1767173565.573238,-3,-2,-131
1767173565.583238,0,0,-128
1767173565.593238,-1,-5,-128
1767173565.603238,-4,-2,-132
1767173565.613238,-4,0,-132
1767173565.623238,-8,-2,-134
1767173565.633238,-7,-5,-134
1767173565.6442382,-6,-3,-134
1767173565.653238,-3,-3,-132
1767173565.663238,-5,0,-129
1767173565.673238,-3,-2,-134
1767173565.6832385,-4,-1,-133
1767173565.6932385,-6,-1,-129
1767173565.7032382,-2,-2,-126
1767173565.7132382,-1,-2,-127
1767173565.7232382,-4,-3,-138
1767173565.7332382,-5,-7,-132
1767173565.7432382,-6,-4,-134
1767173565.7532382,-3,0,-134
1767173565.7632382,0,1,-135
1767173565.7732382,6,3,-131
1767173565.7832382,5,0,-126
1767173565.7932382,3,-4,-128
1767173565.8032382,0,-4,-122
1767173565.813238,-1,-3,-125
1767173565.823238,-2,-2,-129
1767173565.833238,1,1,-133
1767173565.843238,3,-2,-135
1767173565.853238,3,-4,-129
1767173565.863238,2,-5,-127
1767173565.873238,4,-3,-125
1767173565.883238,0,-2,-132
1767173565.893238,-1,-3,-133
1767173565.903238,-3,-1,-132
1767173565.913238,2,-3,-124
1767173565.923238,3,0,-115
1767173565.9332385,7,0,-118
1767173565.9432385,5,0,-122
1767173565.9532382,3,-3,-130
1767173565.9632382,1,-4,-128
1767173565.9732382,-1,-10,-121
1767173565.9832382,-1,-9,-122
1767173565.9932382,-2,-10,-126
1767173566.0032382,-2,-6,-127
1767173566.0132382,-3,0,-127
1767173566.0232382,-1,-2,-129
1767173566.0332382,-1,-4,-123
1767173566.0432382,-3,-7,-121
1767173566.0532382,0,-7,-123
1767173566.063238,-1,-5,-123
1767173566.073238,-1,-5,-124
1767173566.083238,2,-12,-124
1767173566.093238,7,-9,-128
1767173566.1152382,0,-5,-124
1767173566.123238,0,0,-125
1767173566.133238,0,1,-125
1767173566.143238,-4,-3,-127
1767173566.153238,-5,0,-132
1767173566.163238,-8,2,-129
1767173566.173238,-13,4,-134
1767173566.1832385,-9,5,-138
1767173566.1932385,-4,3,-139
1767173566.2032382,-2,1,-136
1767173566.2132382,-5,-2,-132
1767173566.2232382,-9,-4,-133
1767173566.2332382,-4,-3,-130
1767173566.2432382,-3,-3,-128
1767173566.2532382,-5,-2,-129
1767173566.2632382,-9,-2,-138
1767173566.2732382,-11,0,-138
1767173566.2832382,-10,-3,-137
1767173566.2932382,-6,-1,-135
1767173566.3032382,-8,-3,-135
1767173566.313238,-5,-9,-135
1767173566.323238,-3,-11,-133
1767173566.333238,-4,-7,-132
1767173566.343238,-3,-3,-129
1767173566.353238,-3,-3,-127
1767173566.363238,-8,-6,-126
1767173566.373238,-10,-1,-130
1767173566.383238,-9,0,-118
1767173566.393238,-13,1,-112
1767173566.403238,-8,-2,-114
1767173566.413238,-7,-2,-121
1767173566.423238,-6,3,-121
1767173566.4332385,-6,4,-121
1767173566.4432385,-8,4,-125
1767173566.4532382,-8,0,-121
1767173566.4632382,-1,0,-117
1767173566.4732382,-3,0,-121
1767173566.4832382,-3,0,-125
1767173566.4932382,-1,3,-126
1767173566.5032382,-3,8,-123
1767173566.5132382,-2,5,-119
1767173566.5232382,-2,4,-120
1767173566.5332382,-10,3,-121
1767173566.5432382,-7,4,-118
1767173566.5532382,-7,2,-119
1767173566.563238,-7,0,-124
1767173566.573238,-4,2,-123
1767173566.583238,-1,2,-120
1767173566.593238,2,4,-120
1767173566.603238,2,2,-116
1767173566.613238,-1,-3,-114
1767173566.623238,2,-2,-118
1767173566.633238,0,-2,-128
1767173566.643238,0,-1,-134
1767173566.653238,0,0,-135
1767173566.663238,0,1,-130
1767173566.673238,3,-1,-128
1767173566.6832385,5,-1,-128
1767173566.6932385,5,-5,-122
1767173566.7032382,2,0,-121
1767173566.7132382,2,-1,-124
1767173566.7232382,0,-2,-121
1767173566.7332382,2,-4,-126
1767173566.7432382,1,-5,-126
1767173566.7532382,0,-5,-127
1767173566.7632382,-3,-6,-135
1767173566.7732382,-3,-6,-130
1767173566.7832382,-3,-2,-133
1767173566.7932382,-2,1,-127
1767173566.8032382,-1,-3,-122
1767173566.814238,4,-4,-122
1767173566.823238,4,-6,-126
1767173566.833238,2,-1,-125
1767173566.844238,-2,-3,-125
1767173566.853238,-4,-5,-131
1767173566.8642385,-3,0,-131
1767173566.8742385,-5,-1,-135
1767173566.8842382,-8,-1,-133
1767173566.8942382,-7,0,-136
1767173566.9042382,-3,0,-141
1767173566.9142382,-2,-4,-141
1767173566.9242382,2,-6,-134
1767173566.9342382,5,-5,-131
1767173566.9442382,0,-4,-129
1767173566.9542382,0,-5,-128
1767173566.9642382,0,-3,-127
1767173566.9742382,1,-2,-132
1767173566.984238,0,-3,-131
1767173566.994238,-1,0,-131
1767173567.004238,2,0,-130
1767173567.014238,-1,-3,-133
1767173567.024238,-1,-2,-134
1767173567.034238,-4,-1,-131
1767173567.044238,0,-4,-135
1767173567.054238,2,0,-139
1767173567.064238,1,-3,-142
1767173567.074238,-4,0,-140
1767173567.084238,-3,1,-134
1767173567.094238,-2,0,-135
1767173567.1042385,0,0,-134
1767173567.1142385,-3,-3,-127
1767173567.1242385,-5,-4,-130
1767173567.1342382,-6,-4,-125
1767173567.1442382,-4,-3,-118
1767173567.1542382,-4,-1,-119
1767173567.1642382,-5,1,-120
1767173567.1742382,0,0,-124
1767173567.1842382,-1,0,-127
1767173567.1942382,0,7,-128
1767173567.2042382,2,7,-126
1767173567.2142382,2,1,-126
1767173567.2242382,3,0,-119
1767173567.234238,6,0,-123
1767173567.244238,2,1,-120
1767173567.254238,0,0,-119
1767173567.264238,-1,-5,-117
1767173567.274238,0,-8,-128
1767173567.284238,-1,-7,-131
1767173567.294238,0,-5,-125
1767173567.304238,0,-1,-125
1767173567.314238,0,-3,-123
1767173567.324238,-3,-7,-123
1767173567.334238,-7,-8,-130
1767173567.344238,-4,-5,-124
1767173567.3542385,-3,-7,-124
1767173567.3642385,0,-7,-124
1767173567.3742385,1,-9,-127
1767173567.3842382,6,-7,-128
1767173567.3942382,8,-9,-134
1767173567.4042382,3,-8,-130
1767173567.4142382,0,-9,-130
1767173567.4242382,-1,-8,-130
1767173567.4342382,-2,-5,-128
1767173567.4442382,-4,-5,-131
1767173567.4542382,-5,-1,-136
1767173567.4642382,-3,-2,-138
1767173567.4742382,0,-2,-136
1767173567.484238,-3,-3,-128
1767173567.494238,-3,-3,-125
1767173567.504238,-5,-5,-130
1767173567.514238,-6,-6,-137
1767173567.524238,-7,-6,-133
1767173567.534238,-9,-7,-131
1767173567.544238,-10,-7,-134
1767173567.554238,-11,-3,-138
1767173567.564238,-9,-3,-133
1767173567.574238,-5,0,-123
1767173567.584238,-2,1,-129
1767173567.594238,0,0,-130
1767173567.6042385,-7,0,-136
1767173567.6142385,-6,2,-134
1767173567.6242385,-3,0,-128
1767173567.6342382,-7,2,-126
1767173567.6442382,-6,3,-127
1767173567.6542382,-5,0,-130
1767173567.6642382,-6,3,-124
1767173567.6742382,-6,2,-116
1767173567.6842382,-1,1,-124
1767173567.6942382,0,2,-121
1767173567.7042382,-1,1,-121
1767173567.7142382,0,2,-124
1767173567.7242382,0,8,-125
1767173567.734238,2,5,-119
1767173567.744238,-2,0,-123
1767173567.754238,0,-2,-125
1767173567.764238,-1,-4,-128
1767173567.774238,0,-3,-126
1767173567.784238,-2,-4,-127
1767173567.794238,-1,0,-124
1767173567.804238,1,-1,-128
1767173567.814238,0,0,-128
1767173567.824238,0,-2,-134
1767173567.834238,-3,-5,-130
1767173567.844238,-4,-4,-123
1767173567.8542385,-6,-4,-120
1767173567.8642385,-7,-7,-122
1767173567.8742385,-8,-5,-120
1767173567.8842382,-6,-5,-122
1767173567.8942382,-4,-4,-125
1767173567.9042382,-5,-2,-122
1767173567.9142382,0,-2,-121
1767173567.9242382,0,-5,-121
1767173567.9342382,-1,-4,-122
1767173567.9442382,0,-2,-126
1767173567.9542382,0,-1,-123
1767173567.9642382,-1,-5,-125
1767173567.9742382,0,-5,-124
1767173567.984238,-2,-13,-119
1767173567.994238,-7,-13,-119
1767173568.004238,-4,-10,-114
1767173568.014238,-4,-5,-116
1767173568.024238,0,-3,-118
1767173568.034238,0,3,-122
1767173568.044238,-3,2,-129
1767173568.054238,0,2,-130
1767173568.064238,4,2,-125
1767173568.074238,2,1,-120
1767173568.084238,2,2,-116
1767173568.094238,5,0,-114
1767173568.1042385,0,0,-126
1767173568.1142385,0,4,-126
1767173568.1242385,1,1,-126
1767173568.1342382,1,2,-132
1767173568.1442382,0,0,-133
1767173568.1542382,-4,-4,-131
1767173568.1642382,0,0,-126
1767173568.1742382,2,1,-121
1767173568.1842382,2,0,-120
1767173568.1942382,1,-2,-124
1767173568.2042382,0,-5,-131
1767173568.2142382,-2,-7,-136
1767173568.2242382,-2,-5,-133
1767173568.234238,-2,-5,-132
1767173568.244238,-5,-5,-132
1767173568.254238,-9,-4,-130
1767173568.264238,-9,-1,-129
1767173568.274238,-6,-1,-132
1767173568.284238,-5,-2,-134
1767173568.294238,-7,-3,-132
1767173568.304238,-6,-4,-132
1767173568.314238,-4,-7,-136
1767173568.324238,-1,-7,-137
1767173568.334238,-2,-3,-136
1767173568.344238,4,-3,-142
1767173568.3542385,4,-5,-140
1767173568.3642385,1,-2,-137
1767173568.3742385,-1,2,-132
1767173568.3842382,-2,4,-124
1767173568.3942382,-5,-2,-119
1767173568.4042382,-6,1,-124
1767173568.4142382,-6,-3,-132
1767173568.4242382,-7,0,-133
1767173568.4342382,-6,-2,-133
1767173568.4442382,-3,-1,-133
1767173568.4542382,-4,-5,-136
1767173568.4642382,-2,-3,-132
1767173568.4742382,0,-5,-129
1767173568.484238,1,-8,-131
1767173568.494238,5,-4,-133
1767173568.504238,5,-4,-135
1767173568.514238,1,-6,-129
1767173568.524238,2,-5,-125
1767173568.534238,2,-2,-123
1767173568.544238,4,0,-120
1767173568.554238,0,0,-122
1767173568.564238,0,-1,-122
1767173568.574238,0,-2,-123
1767173568.584238,-2,-5,-128
1767173568.594238,-6,-5,-131
1767173568.6042385,-7,-1,-128
1767173568.6142385,-6,-1,-131
1767173568.6242385,-5,-3,-130
1767173568.6342382,-7,-3,-132
1767173568.6442382,-4,0,-130
1767173568.6542382,-1,-1,-124
1767173568.6642382,-2,-4,-120
1767173568.6742382,0,-6,-121
1767173568.6842382,-2,-7,-124
1767173568.6942382,1,-7,-119
1767173568.7042382,4,-6,-122
1767173568.7142382,2,-2,-119
1767173568.7242382,0,0,-120
1767173568.734238,1,-3,-118
1767173568.744238,3,-1,-125
1767173568.754238,5,0,-125
1767173568.764238,0,-1,-127
1767173568.774238,-4,-3,-129
1767173568.784238,-4,-3,-128
1767173568.794238,-3,-4,-122
1767173568.804238,0,-3,-127
1767173568.814238,1,0,-128
1767173568.824238,1,-1,-127
1767173568.834238,5,-3,-120
1767173568.844238,6,-2,-112
1767173568.8542385,5,0,-116
1767173568.8642385,8,0,-125
1767173568.8742385,3,-1,-126
1767173568.8842382,0,-2,-124
1767173568.8942382,-1,0,-128
1767173568.9042382,-6,3,-133
1767173568.9142382,-3,1,-130
1767173568.9242382,-2,-2,-127
1767173568.9342382,-1,-4,-128
1767173568.9442382,-3,-3,-127
1767173568.9542382,-1,-4,-121
1767173568.9642382,0,-3,-122
1767173568.9742382,2,-4,-125
1767173568.984238,0,-5,-125
1767173568.994238,0,0,-130
1767173569.004238,0,3,-133
1767173569.014238,2,5,-132
1767173569.024238,-2,0,-126
1767173569.034238,-2,2,-126
1767173569.044238,0,5,-124
1767173569.054238,4,7,-125
1767173569.064238,-1,6,-128
1767173569.074238,-2,5,-119
1767173569.084238,-1,5,-124
1767173569.094238,0,0,-132
1767173569.1042385,1,0,-133
1767173569.1142385,1,2,-138
1767173569.1242385,1,5,-138
1767173569.1342382,1,1,-139
1767173569.1442382,1,3,-135
1767173569.1542382,2,4,-133
1767173569.1642382,6,4,-131
1767173569.1742382,2,5,-125
1767173569.1842382,0,4,-121
1767173569.1942382,1,0,-121
1767173569.2042382,1,1,-119
1767173569.2142382,4,5,-117
1767173569.2242382,7,1,-112
1767173569.234238,14,-2,-116
1767173569.244238,14,-5,-124
1767173569.254238,9,-4,-127
1767173569.264238,7,-5,-129
1767173569.274238,4,-3,-133
1767173569.284238,4,-1,-131
1767173569.294238,6,0,-134
1767173569.304238,6,-2,-136
1767173569.314238,3,-4,-134
1767173569.324238,6,-3,-130
1767173569.334238,7,-1,-132
1767173569.344238,4,-3,-130
1767173569.3542385,3,-4,-129
1767173569.3642385,6,-1,-131
1767173569.3742385,7,-1,-121
1767173569.3842382,5,0,-113
1767173569.3942382,2,-2,-121
1767173569.4042382,1,-4,-129
1767173569.4142382,0,-1,-130
1767173569.4242382,-2,-1,-125
1767173569.4342382,-6,-6,-128
1767173569.445238,-8,-7,-132
1767173569.4542382,-7,-6,-127
1767173569.4642382,-8,-4,-116
1767173569.4742382,-9,-4,-117
1767173569.484238,-10,-3,-123
1767173569.494238,-7,-4,-117
1767173569.505238,-7,-1,-113
1767173569.515238,0,-3,-117
1767173569.525238,2,-3,-117
1767173569.5352385,0,-6,-119
1767173569.5452385,-2,-3,-118
1767173569.5552382,-4,-4,-124
1767173569.5652382,-1,-2,-120
1767173569.5752382,1,-5,-125
1767173569.5852382,3,-6,-123
1767173569.5952382,0,0,-125
1767173569.6052382,4,-1,-124
1767173569.6152382,5,-1,-125
1767173569.6252382,2,-2,-129
1767173569.6352382,1,-4,-133
1767173569.6452382,-1,0,-131
1767173569.6552382,-4,2,-130
1767173569.665238,-3,0,-132
1767173569.675238,1,-2,-131
1767173569.685238,4,-2,-128
1767173569.695238,7,-4,-128
1767173569.705238,11,-5,-126
1767173569.715238,10,-2,-123
1767173569.725238,11,-3,-127
1767173569.735238,8,-6,-131
1767173569.745238,5,-6,-127
1767173569.755238,5,-8,-124
1767173569.765238,4,-9,-119
1767173569.775238,0,-6,-122
1767173569.7852385,0,-7,-125
1767173569.7952385,1,-8,-133
1767173569.8052382,2,-5,-138
1767173569.8152382,0,-3,-134
1767173569.8252382,-3,-3,-134
1767173569.8352382,-1,-1,-132
1767173569.8452382,1,-4,-133
1767173569.8552382,-1,-8,-134
1767173569.8652382,-2,-8,-131
1767173569.8752382,-1,-7,-130
1767173569.8852382,-3,-3,-129
1767173569.8952382,-4,-1,-129
1767173569.9052382,-3,0,-134
1767173569.915238,-1,-1,-132
1767173569.925238,3,-5,-136
1767173569.935238,4,-3,-139
1767173569.945238,6,-2,-138
1767173569.955238,3,0,-128
1767173569.965238,0,3,-118
1767173569.975238,-5,4,-122
1767173569.985238,-8,6,-129
1767173569.995238,-6,2,-127
1767173570.005238,-1,2,-128
1767173570.015238,-1,5,-128
1767173570.025238,-3,5,-122
1767173570.0352385,1,1,-115
1767173570.0452385,0,6,-114
1767173570.0552382,1,4,-115
1767173570.0652382,0,2,-116
1767173570.0752382,0,0,-115
1767173570.0852382,-1,-3,-114
1767173570.0952382,0,-3,-111
1767173570.1052382,0,-2,-112
1767173570.1152382,-6,-4,-117
1767173570.1252382,-5,-3,-125
1767173570.1352382,-5,0,-136
1767173570.1452382,-7,3,-131
1767173570.1552382,-9,0,-128
1767173570.165238,-8,0,-127
1767173570.175238,-6,-3,-126
1767173570.185238,-3,-3,-120
1767173570.195238,0,0,-120
1767173570.205238,0,4,-119
1767173570.215238,0,3,-123
1767173570.225238,2,2,-123
1767173570.235238,5,0,-119
1767173570.245238,4,0,-120
1767173570.255238,2,0,-125
1767173570.265238,3,-5,-131
1767173570.275238,3,-5,-130
1767173570.2852385,7,-5,-131
1767173570.2952385,5,-2,-129
1767173570.3052382,3,-2,-124
1767173570.3152382,1,-4,-118
1767173570.3252382,1,-7,-119
1767173570.3352382,-3,-7,-126
1767173570.3452382,-1,-9,-128
1767173570.3552382,4,-10,-133
1767173570.3652382,7,-7,-133
1767173570.3752382,8,-4,-135
1767173570.3852382,3,0,-134
1767173570.3952382,5,-1,-128
1767173570.4052382,2,-3,-121
1767173570.415238,0,0,-119
1767173570.425238,0,0,-118
1767173570.435238,-3,-2,-120
1767173570.445238,-4,-6,-123
1767173570.455238,-2,-9,-120
1767173570.465238,-2,-12,-119
1767173570.475238,0,-7,-125
1767173570.485238,1,-8,-133
1767173570.495238,0,-8,-134
1767173570.505238,0,-10,-136
1767173570.515238,0,-8,-136
1767173570.525238,-1,-9,-127
1767173570.5352385,0,-8,-126
1767173570.5452385,0,-8,-133
1767173570.5552382,-2,-6,-132
1767173570.5652382,-1,-5,-129
1767173570.5752382,-3,-5,-132
1767173570.5852382,-4,-3,-126
1767173570.5952382,-3,-6,-126
1767173570.6052382,-4,-4,-127
1767173570.6152382,0,-4,-121
1767173570.6252382,0,-2,-117
1767173570.6352382,-3,1,-122
1767173570.6452382,-5,1,-123
1767173570.6552382,-5,-2,-128
1767173570.665238,-1,-6,-127
1767173570.675238,-8,-3,-130
1767173570.685238,-6,-4,-129
1767173570.695238,-11,-3,-132
1767173570.705238,-7,-2,-132
1767173570.715238,-6,0,-132
1767173570.725238,-3,-2,-130
1767173570.735238,3,-2,-133
1767173570.745238,1,0,-134
1767173570.755238,-1,0,-140
1767173570.765238,-1,0,-138
1767173570.775238,-4,-4,-135
1767173570.7852385,-5,-4,-131
1767173570.7952385,-3,-3,-128
1767173570.8052382,-5,0,-128
1767173570.8152382,-1,1,-130
1767173570.8252382,2,0,-132
1767173570.8352382,6,-1,-132
1767173570.8452382,7,-3,-131
1767173570.8552382,11,-4,-134
1767173570.8652382,4,-6,-132
1767173570.8752382,2,-7,-131
1767173570.8852382,0,-9,-131
1767173570.8952382,4,-10,-121
1767173570.9052382,4,-12,-124
1767173570.915238,0,-12,-129
1767173570.925238,0,-10,-133
1767173570.935238,1,-8,-133
1767173570.945238,2,-6,-133
1767173570.955238,4,-5,-125
1767173570.965238,6,-2,-123
1767173570.975238,4,-3,-129
1767173570.985238,10,-3,-127
1767173570.995238,5,-4,-124
1767173571.005238,5,-6,-122
1767173571.015238,2,-7,-127
1767173571.025238,6,-8,-134
1767173571.0352385,9,-5,-131
1767173571.0452385,4,-4,-126
1767173571.0552382,6,-6,-128
1767173571.0652382,5,-6,-126
1767173571.0752382,1,0,-127
1767173571.0852382,1,1,-132
1767173571.0952382,4,1,-140
1767173571.1052382,3,-2,-135
1767173571.127238,0,-5,-134
1767173571.1352382,1,-1,-131
1767173571.1452382,-1,-2,-128
1767173571.1552382,2,-7,-126
1767173571.165238,10,-6,-126
1767173571.175238,8,-8,-130
1767173571.185238,10,-9,-130
1767173571.195238,8,-8,-137
1767173571.205238,1,-5,-131
1767173571.215238,1,-3,-135
1767173571.225238,4,0,-130
1767173571.235238,9,-4,-130
1767173571.245238,6,-3,-131
1767173571.255238,0,-4,-136
1767173571.265238,3,0,-136
1767173571.275238,2,4,-132
1767173571.2852385,1,6,-129
1767173571.2952385,-3,4,-134
1767173571.3052382,-5,0,-131
1767173571.3152382,-3,1,-132
1767173571.3252382,-2,2,-128
1767173571.3352382,-2,2,-131
1767173571.3452382,-4,0,-129
1767173571.3552382,-4,-2,-121
1767173571.3652382,-8,-3,-112
1767173571.3752382,-9,-3,-110
1767173571.3852382,-12,-1,-110
1767173571.3952382,-9,0,-117
1767173571.4052382,-9,0,-116
1767173571.415238,-5,-2,-114
1767173571.425238,-1,-3,-119
1767173571.435238,-5,-1,-123
1767173571.445238,-4,-5,-127
1767173571.455238,-8,-3,-127
1767173571.465238,-6,-2,-122
1767173571.475238,-8,-6,-127
1767173571.485238,-5,-7,-128
1767173571.495238,-5,-10,-126
1767173571.505238,-3,-10,-119
1767173571.515238,-4,-6,-124
1767173571.525238,-5,-6,-127
1767173571.5352385,-5,-5,-130
1767173571.5452385,-3,-3,-128
1767173571.5552382,-2,-5,-125
1767173571.5652382,-4,-1,-121
1767173571.5752382,-5,0,-119
1767173571.5852382,-5,3,-119
1767173571.5952382,0,3,-120
1767173571.6052382,0,-3,-124
1767173571.6152382,3,-3,-128
1767173571.6252382,3,-3,-126
1767173571.6352382,4,-1,-125
1767173571.6452382,6,-1,-122
1767173571.6552382,2,1,-117
1767173571.665238,0,3,-118
1767173571.675238,-2,2,-120
1767173571.685238,-1,0,-121
1767173571.695238,-6,0,-116
1767173571.705238,-5,0,-120
1767173571.715238,-7,-1,-124
1767173571.725238,-3,-4,-131
1767173571.735238,-1,-4,-131
1767173571.745238,-4,0,-134
1767173571.755238,-2,1,-135
1767173571.765238,0,1,-134
1767173571.775238,3,0,-127
1767173571.7852385,2,0,-124
1767173571.7952385,5,4,-121
1767173571.8052382,4,7,-117
1767173571.8152382,3,7,-122
1767173571.8252382,2,8,-127
1767173571.8352382,3,5,-128
1767173571.8452382,0,2,-124
1767173571.8552382,-2,4,-130
1767173571.8652382,-3,0,-128
1767173571.8752382,2,0,-127
1767173571.8852382,2,0,-124
1767173571.8952382,3,1,-120
1767173571.9052382,0,4,-123
1767173571.915238,-5,6,-127
1767173571.925238,-8,7,-132
1767173571.935238,-8,7,-128
1767173571.945238,-6,6,-126
1767173571.955238,-7,6,-133
1767173571.965238,-5,4,-132
1767173571.975238,-8,1,-125
1767173571.985238,-10,1,-125
1767173571.995238,-10,0,-125
1767173572.005238,-6,-3,-123
1767173572.015238,-7,-1,-122
1767173572.025238,-6,-3,-124
1767173572.0352385,-11,-3,-124
1767173572.0452385,-13,0,-124
1767173572.0552382,-11,3,-122
1767173572.0652382,-5,0,-116
1767173572.0752382,-5,0,-119
1767173572.0852382,-5,-2,-118
1767173572.0952382,-1,-1,-123
1767173572.1052382,-2,0,-126
1767173572.116238,1,1,-126
1767173572.126238,0,0,-123
1767173572.1352382,2,-3,-118
1767173572.1452382,2,-7,-124
1767173572.156238,2,-6,-125
1767173572.166238,-1,-4,-121
1767173572.176238,-2,-4,-112
1767173572.186238,-2,0,-113
1767173572.196238,-3,-3,-113
1767173572.2062385,0,-6,-114
1767173572.2162385,3,-6,-125
1767173572.2262385,4,-2,-128
1767173572.2362382,2,0,-129
1767173572.2462382,2,-1,-135
1767173572.2562382,1,-3,-128
1767173572.2662382,-1,-2,-131
1767173572.2762382,-2,0,-131
1767173572.2862382,-3,-3,-131
1767173572.2962382,-2,0,-132
1767173572.3062382,-1,0,-129
1767173572.3162382,0,-3,-122
1767173572.3262382,1,0,-120
1767173572.336238,3,-1,-119
1767173572.346238,2,-4,-117
1767173572.356238,0,-5,-118
1767173572.366238,0,-7,-124
1767173572.376238,4,-4,-123
1767173572.386238,4,-2,-127
1767173572.396238,-1,-2,-123
1767173572.406238,0,-3,-125
1767173572.416238,2,-4,-127
1767173572.426238,1,-5,-122
1767173572.436238,-3,-4,-116
1767173572.446238,-3,-4,-121
1767173572.4562385,-6,-4,-121
1767173572.4662385,-5,-5,-127
1767173572.4762385,-2,-2,-127
1767173572.4862382,1,0,-134
1767173572.4962382,0,1,-135
1767173572.5062382,-2,2,-131
1767173572.5162382,0,-1,-134
1767173572.5262382,-5,0,-132
1767173572.5362382,-7,1,-135
1767173572.5462382,-5,0,-136
1767173572.5562382,-7,-1,-135
1767173572.5662382,-8,-1,-134
1767173572.5762382,-3,-2,-132
1767173572.586238,-3,-1,-139
1767173572.596238,-1,-1,-139
1767173572.606238,-1,3,-141
1767173572.616238,-2,1,-133
1767173572.626238,-3,-1,-135
1767173572.636238,-8,0,-128
1767173572.646238,-10,0,-126
1767173572.656238,-16,0,-124
1767173572.666238,-13,1,-125
1767173572.676238,-8,1,-117
1767173572.686238,-9,0,-114
1767173572.696238,-2,0,-114
1767173572.7062385,-1,1,-113
1767173572.7162385,-1,0,-116
1767173572.7262385,0,0,-116
1767173572.7362382,1,3,-119
1767173572.7462382,3,2,-118
1767173572.7562382,7,2,-119
1767173572.7662382,6,3,-123
1767173572.7762382,11,1,-128
1767173572.7862382,6,0,-126
1767173572.7962382,0,0,-125
1767173572.8062382,-5,0,-118
1767173572.8162382,-2,0,-119
1767173572.8262382,-4,-1,-124
1767173572.836238,-7,-5,-124
1767173572.846238,-6,-4,-130
1767173572.856238,-3,-2,-132
1767173572.866238,-3,0,-138
1767173572.876238,-5,-2,-132
1767173572.886238,-1,0,-127
1767173572.896238,-2,0,-130
1767173572.906238,-3,1,-132
1767173572.916238,-3,5,-128
1767173572.926238,-6,0,-133
1767173572.936238,-3,0,-137
1767173572.946238,-4,1,-135
1767173572.9562385,-3,0,-141
1767173572.9662385,0,-3,-140
1767173572.9762385,0,-5,-140
1767173572.9862382,-1,-9,-135
1767173572.9962382,1,-10,-129
1767173573.0062382,-1,-9,-124
1767173573.0162382,-5,-10,-132
1767173573.0262382,-1,-9,-136
1767173573.0362382,2,-7,-128
1767173573.0462382,4,-7,-132
1767173573.0562382,3,-3,-136
1767173573.0662382,0,0,-142
1767173573.0762382,1,1,-142
1767173573.086238,1,-3,-135
1767173573.096238,2,-2,-129
1767173573.106238,0,1,-136
1767173573.116238,2,-3,-126
1767173573.126238,1,-5,-129
1767173573.136238,0,-2,-133
1767173573.146238,2,-2,-135
1767173573.156238,0,-3,-130
1767173573.166238,0,-5,-131
1767173573.176238,0,-4,-130
1767173573.186238,0,-2,-134
1767173573.196238,-2,1,-140
1767173573.2062385,0,2,-135
1767173573.2162385,0,4,-138
1767173573.2262385,-4,2,-134
1767173573.2362382,-3,0,-129
1767173573.2462382,0,0,-126
1767173573.2562382,2,-1,-126
1767173573.2662382,3,-2,-122
1767173573.2762382,4,-1,-122
1767173573.2862382,4,-2,-128
1767173573.2962382,0,-5,-120
1767173573.3062382,0,-4,-125
1767173573.3162382,3,-1,-125
1767173573.3262382,4,1,-127
1767173573.336238,2,2,-127
1767173573.346238,0,0,-130
1767173573.356238,0,0,-126
1767173573.366238,-3,-3,-128
1767173573.376238,-3,-2,-128
1767173573.386238,-1,0,-129
1767173573.396238,-2,1,-128
1767173573.406238,-5,0,-131
1767173573.416238,-4,-6,-137
1767173573.426238,-5,-8,-133
1767173573.436238,-2,-5,-132
1767173573.446238,-2,-2,-128
1767173573.4562385,0,-1,-127
1767173573.4662385,1,1,-127
1767173573.4762385,0,-1,-127
1767173573.4862382,2,1,-129
1767173573.4962382,-3,0,-126
1767173573.5062382,-7,0,-123
1767173573.5162382,-6,0,-122
1767173573.5262382,-1,-1,-119
1767173573.5362382,3,0,-117
1767173573.5462382,2,-1,-120
1767173573.5562382,7,0,-118
1767173573.5662382,8,2,-124
1767173573.5762382,7,4,-133
1767173573.586238,6,7,-134
1767173573.596238,6,10,-139
1767173573.606238,6,9,-139
1767173573.616238,7,7,-132
1767173573.626238,2,3,-126
1767173573.636238,-1,4,-126
1767173573.646238,-7,4,-121
1767173573.656238,-6,8,-119
1767173573.666238,-7,3,-119
1767173573.676238,-2,1,-117
1767173573.686238,-2,4,-118
1767173573.696238,-7,4,-121
1767173573.7062385,-6,0,-123
1767173573.7162385,-5,0,-122
1767173573.7262385,-3,-1,-115
1767173573.7362382,-8,-2,-118
1767173573.7462382,-7,-1,-118
1767173573.7562382,-9,-1,-115
1767173573.7662382,-4,1,-113
1767173573.7762382,-3,0,-120
1767173573.7862382,-5,-4,-123
1767173573.7962382,-6,-4,-129
1767173573.8062382,-6,-6,-133
1767173573.8162382,-7,-8,-125
1767173573.8262382,-3,-9,-120
1767173573.836238,-2,-8,-116
1767173573.846238,-4,-9,-116
1767173573.856238,-4,-8,-120
1767173573.866238,-2,-7,-119
1767173573.876238,-1,-2,-118
1767173573.886238,-1,0,-110
1767173573.896238,3,1,-118
1767173573.906238,5,3,-125
1767173573.916238,6,0,-118
1767173573.926238,1,2,-121
1767173573.936238,-3,0,-128
1767173573.946238,0,-1,-137
1767173573.9562385,0,2,-127
1767173573.9662385,-1,-1,-132
1767173573.9762385,-4,-7,-131
1767173573.9862382,-6,-5,-127
1767173573.9962382,-4,-4,-127
1767173574.0062382,-3,-2,-129
1767173574.0162382,-4,-5,-125
1767173574.0262382,-4,-2,-117
1767173574.0362382,-2,0,-109
1767173574.0462382,0,0,-111
1767173574.0562382,0,0,-118
1767173574.0662382,5,-3,-110
1767173574.0762382,8,1,-122
1767173574.086238,6,2,-127
1767173574.096238,2,0,-130
1767173574.106238,3,0,-132
1767173574.116238,4,-3,-130
1767173574.126238,6,-7,-127
1767173574.136238,1,-12,-121
1767173574.146238,4,-10,-119
1767173574.156238,-1,-9,-118
1767173574.166238,-1,-5,-117
1767173574.176238,0,-1,-119
1767173574.186238,1,-1,-120
1767173574.196238,5,0,-113
1767173574.2062385,1,-3,-119
1767173574.2162385,0,-1,-125
1767173574.2262385,-1,0,-126
1767173574.2362382,0,-3,-125
1767173574.2462382,-3,-1,-131
1767173574.2562382,-2,-2,-129
1767173574.2662382,0,-4,-130
1767173574.2762382,-1,-7,-125
1767173574.2862382,-1,-3,-122
1767173574.2962382,0,-3,-126
1767173574.3062382,0,-2,-130
1767173574.3162382,-4,-4,-131
1767173574.3262382,-3,-3,-122
1767173574.336238,-3,-3,-128
1767173574.346238,-5,-4,-128
1767173574.356238,-6,2,-129
1767173574.366238,-8,1,-126
1767173574.376238,-2,0,-127
1767173574.386238,-4,-1,-123
1767173574.396238,-4,0,-122
1767173574.406238,-7,1,-126
1767173574.416238,-7,-1,-128
1767173574.426238,-4,-2,-123
1767173574.436238,-2,-1,-125
1767173574.446238,-1,-2,-119
1767173574.4562385,-3,0,-123
1767173574.4662385,-4,-1,-128
1767173574.4762385,0,2,-128
1767173574.4862382,7,4,-134
1767173574.4962382,7,6,-131
1767173574.5062382,4,5,-129
1767173574.5162382,4,3,-131
1767173574.5262382,3,6,-134
1767173574.5362382,9,5,-134
1767173574.5462382,6,0,-126
1767173574.5562382,3,1,-121
1767173574.5662382,0,2,-120
1767173574.5762382,-1,3,-125
1767173574.586238,0,0,-127
1767173574.596238,-1,-1,-132
1767173574.606238,1,-1,-133
1767173574.616238,4,0,-128
1767173574.626238,3,2,-129
1767173574.636238,1,3,-127
1767173574.646238,-1,7,-128
1767173574.656238,0,5,-121
1767173574.666238,-1,2,-115
1767173574.676238,-4,0,-122
1767173574.686238,-6,3,-128
1767173574.696238,0,6,-126
1767173574.7072382,-1,3,-134
1767173574.7162385,0,2,-134
1767173574.7262385,3,0,-133
1767173574.7362382,4,-1,-129
1767173574.7462382,0,0,-127
1767173574.757238,-2,-2,-130
1767173574.767238,0,-4,-136
1767173574.777238,0,-3,-130
1767173574.787238,-3,-5,-128
1767173574.797238,-5,-5,-129
1767173574.807238,-4,-3,-124
1767173574.817238,0,-3,-124
1767173574.827238,1,-3,-126
1767173574.837238,4,-5,-132
1767173574.847238,4,-2,-125
1767173574.857238,1,0,-126
1767173574.867238,2,-2,-128
1767173574.877238,-3,-1,-126
1767173574.8872385,-2,0,-129
1767173574.8972385,-2,0,-129
1767173574.9072382,-5,-2,-126
1767173574.9172382,-1,-1,-122
1767173574.9272382,0,2,-125
1767173574.9372382,0,2,-130
1767173574.9472382,2,2,-125
1767173574.9572382,5,3,-127
1767173574.9672382,2,5,-127
1767173574.9772382,0,2,-123
1767173574.9872382,-6,1,-126
1767173574.9972382,-7,0,-121
1767173575.007238,-5,0,-122
1767173575.017238,-8,1,-125
1767173575.027238,-5,0,-122
1767173575.037238,-3,0,-119
1767173575.047238,1,-1,-115
1767173575.057238,0,0,-118
1767173575.067238,1,0,-119
1767173575.077238,1,3,-121
1767173575.087238,0,7,-116
1767173575.097238,1,5,-119
1767173575.107238,0,5,-114
1767173575.117238,-2,1,-120
1767173575.127238,-4,-1,-128
1767173575.1372385,-4,2,-128
1767173575.1472385,-3,5,-122
1767173575.1572382,-3,0,-131
1767173575.1672382,0,1,-135
1767173575.1772382,2,0,-132
1767173575.1872382,2,0,-130
1767173575.1972382,0,3,-131
1767173575.2072382,-3,2,-122
1767173575.2172382,-4,4,-119
1767173575.2272382,-4,1,-107
1767173575.2372382,-2,0,-109
1767173575.2472382,0,1,-115
1767173575.257238,0,0,-123
1767173575.267238,-1,0,-127
1767173575.277238,0,0,-131
1767173575.287238,0,-4,-128
1767173575.297238,-1,-1,-127
1767173575.307238,-5,-1,-126
1767173575.317238,-3,0,-120
1767173575.327238,-5,0,-122
1767173575.337238,-6,-4,-126
1767173575.347238,-7,-3,-127
1767173575.357238,-8,-4,-129
1767173575.367238,-8,-5,-132
1767173575.377238,-4,-5,-127
1767173575.3872385,-2,-8,-130
1767173575.3972385,-4,-4,-132
1767173575.4072382,1,-5,-130
1767173575.4172382,3,-6,-125
1767173575.4272382,0,-8,-114
1767173575.4372382,2,-7,-126
1767173575.4472382,5,-7,-127
1767173575.4572382,3,-7,-122
1767173575.4672382,0,-7,-120
1767173575.4772382,-7,-7,-126
1767173575.4872382,-6,-9,-128
1767173575.4972382,0,-7,-122
1767173575.507238,2,-3,-125
1767173575.517238,3,-6,-130
1767173575.527238,2,-6,-135
1767173575.537238,6,-4,-124
1767173575.547238,3,-2,-123
1767173575.557238,0,-4,-127
1767173575.567238,1,-3,-130
1767173575.577238,0,-3,-126
1767173575.587238,-2,-6,-126
1767173575.597238,1,-4,-130
1767173575.607238,3,-5,-133
1767173575.617238,4,-9,-129
1767173575.627238,6,-9,-126
1767173575.6372385,5,-7,-131
1767173575.6472385,3,-3,-130
1767173575.6572382,1,0,-124
1767173575.6672382,-3,-2,-127
1767173575.6772382,-6,0,-131
1767173575.6872382,-3,0,-128
1767173575.6972382,-2,0,-123
1767173575.7072382,0,0,-124
1767173575.7172382,0,-1,-128
1767173575.7272382,2,-1,-127
1767173575.7372382,6,-1,-124
1767173575.7472382,8,-2,-127
1767173575.757238,3,-3,-137
1767173575.767238,4,-2,-136
1767173575.777238,1,-1,-135
1767173575.787238,-2,0,-135
1767173575.797238,-4,-2,-136
1767173575.807238,-3,-2,-139
1767173575.817238,-2,-6,-135
1767173575.827238,-6,-5,-128
1767173575.837238,-7,-3,-127
1767173575.847238,-8,-2,-129
1767173575.857238,-9,-1,-132
1767173575.867238,-9,2,-131
1767173575.877238,-10,0,-130
1767173575.8872385,-4,0,-135
1767173575.8972385,0,3,-133
1767173575.9072382,0,3,-130
1767173575.9172382,0,2,-134
1767173575.9272382,4,2,-137
1767173575.9372382,7,1,-142
1767173575.9472382,6,-3,-137
1767173575.9572382,2,-1,-138
1767173575.9672382,1,0,-136
1767173575.9772382,-2,2,-123
1767173575.9872382,0,-3,-119
1767173575.9972382,3,-5,-123
1767173576.007238,7,0,-133
1767173576.017238,13,0,-138
1767173576.027238,11,3,-139
1767173576.037238,6,6,-134
1767173576.047238,5,7,-135
1767173576.057238,10,5,-132
1767173576.067238,9,4,-132
1767173576.077238,4,8,-131
1767173576.087238,1,6,-127
1767173576.097238,1,4,-125
1767173576.107238,1,3,-126
1767173576.117238,3,4,-127
1767173576.1382382,1,2,-130
1767173576.1472385,0,-1,-125
1767173576.1572382,1,-4,-121
1767173576.1672382,-1,-5,-124
1767173576.1772382,-1,-5,-118
1767173576.1872382,-4,-2,-119
1767173576.1972382,-6,-3,-123
1767173576.2072382,-4,-1,-127
1767173576.2172382,-4,-3,-126
1767173576.2272382,-4,-4,-122
1767173576.2372382,-7,-3,-121
1767173576.2472382,-4,-1,-124
1767173576.257238,-3,3,-123
1767173576.267238,0,3,-127
1767173576.277238,-3,1,-129
1767173576.287238,-5,0,-124
1767173576.297238,-8,-1,-122
1767173576.307238,-3,2,-121
1767173576.317238,-2,1,-124
1767173576.327238,-3,2,-132
1767173576.337238,-2,2,-126
1767173576.347238,-4,5,-129
1767173576.357238,-5,7,-128
1767173576.367238,0,5,-126
1767173576.377238,0,9,-126
1767173576.3872385,-1,9,-126
1767173576.3972385,-2,9,-132
1767173576.4072382,-3,4,-136
1767173576.4172382,-4,5,-133
1767173576.4272382,-2,1,-128
1767173576.4372382,-4,-1,-120
1767173576.4472382,-1,0,-119
1767173576.4572382,0,-3,-119
1767173576.4672382,-3,-4,-124
1767173576.4772382,0,0,-123
1767173576.4872382,-4,1,-129
1767173576.4972382,-2,0,-135
1767173576.507238,-4,0,-130
1767173576.517238,-4,-3,-130
1767173576.527238,-2,-1,-125
1767173576.537238,-1,-1,-124
1767173576.547238,4,-1,-127
1767173576.557238,2,0,-129
1767173576.567238,2,0,-132
1767173576.577238,-3,-2,-124
1767173576.587238,-4,0,-119
1767173576.597238,-6,0,-121
1767173576.607238,-4,1,-117
1767173576.617238,-5,0,-123
1767173576.627238,-1,0,-124
1767173576.6372385,-3,0,-126
1767173576.6472385,-7,0,-123
1767173576.6572382,-1,4,-120
1767173576.6672382,3,5,-126
1767173576.6772382,0,4,-129
1767173576.6872382,0,2,-123
1767173576.6972382,-4,3,-125
1767173576.7072382,-6,2,-121
1767173576.7172382,-2,0,-121
1767173576.7272382,4,-1,-125
1767173576.7372382,1,-2,-128
1767173576.7472382,2,1,-133
1767173576.757238,0,0,-133
1767173576.767238,0,-3,-135
1767173576.777238,-1,-1,-137
1767173576.787238,1,-1,-136
1767173576.797238,0,0,-138
1767173576.807238,0,0,-140
1767173576.817238,-3,-2,-138
1767173576.827238,-3,1,-135
1767173576.837238,-2,1,-137
1767173576.847238,1,-1,-133
1767173576.857238,0,-2,-128
1767173576.867238,0,-1,-129
1767173576.877238,-1,-1,-134
1767173576.8872385,-3,1,-132
1767173576.8972385,-3,3,-133
1767173576.9072382,-6,1,-120
1767173576.9172382,-3,-3,-118
1767173576.9272382,-3,-3,-123
1767173576.9372382,-6,-3,-124
1767173576.9472382,-4,-2,-123
1767173576.9572382,-6,0,-125
1767173576.9672382,-10,0,-129
1767173576.9772382,-9,-1,-127
1767173576.9872382,-7,2,-127
1767173576.9972382,-4,4,-128
1767173577.007238,-7,4,-127
1767173577.017238,-2,0,-127
1767173577.027238,-1,1,-130
1767173577.037238,-3,0,-129
1767173577.047238,0,-2,-128
1767173577.057238,4,-4,-124
1767173577.067238,7,-4,-124
1767173577.077238,5,-5,-129
1767173577.087238,2,-3,-122
1767173577.097238,6,-5,-120
1767173577.107238,6,-4,-119
1767173577.117238,3,-5,-125
1767173577.127238,3,-4,-126
1767173577.1372385,5,-2,-125
1767173577.1472385,3,-4,-128
1767173577.1572382,-2,-5,-132
1767173577.1672382,-6,-4,-133
1767173577.1772382,-4,0,-130
1767173577.1872382,-4,2,-132
1767173577.1972382,-1,0,-128
1767173577.2072382,-1,-3,-125
1767173577.2172382,0,-3,-123
1767173577.2272382,-1,-1,-124
1767173577.2372382,-4,-4,-114
1767173577.2472382,-8,-1,-113
1767173577.257238,-3,-2,-110
1767173577.267238,1,-2,-111
1767173577.277238,-1,-2,-113
1767173577.287238,-4,0,-106
1767173577.297238,-8,0,-106
1767173577.307238,-3,-3,-111
1767173577.317238,3,-7,-117
1767173577.3282382,2,-5,-125
1767173577.337238,1,-3,-124
1767173577.347238,-3,-1,-123
1767173577.357238,-7,-1,-127
1767173577.367238,-4,-1,-126
1767173577.3782382,-6,-5,-124
1767173577.3872385,-3,-3,-121
1767173577.3972385,0,-2,-122
1767173577.4082382,-1,1,-116
1767173577.4182382,0,2,-118
1767173577.4282382,3,0,-121
1767173577.438238,0,1,-117
1767173577.448238,0,0,-116
1767173577.458238,-2,1,-117
1767173577.468238,-5,3,-116
1767173577.478238,-6,4,-121
1767173577.488238,-3,2,-124
1767173577.498238,-1,0,-124
1767173577.508238,0,-1,-124
1767173577.518238,3,1,-123
1767173577.528238,1,3,-120
1767173577.538238,0,2,-120
1767173577.548238,-3,4,-121
1767173577.5582385,0,2,-116
1767173577.5682385,0,4,-114
1767173577.5782382,0,5,-115
1767173577.5882382,0,4,-116
1767173577.5982382,0,0,-116
1767173577.6082382,0,-1,-118
1767173577.6182382,0,-2,-125
1767173577.6282382,0,-2,-125
1767173577.6382382,0,0,-128
1767173577.6482382,3,-2,-124
1767173577.6582382,3,-1,-121
1767173577.6682382,0,0,-126
1767173577.6782382,6,2,-124
1767173577.688238,7,0,-118
1767173577.698238,4,-1,-120
1767173577.708238,1,0,-118
1767173577.718238,1,-1,-122
1767173577.728238,3,0,-128
1767173577.738238,0,2,-134
1767173577.748238,2,2,-134
1767173577.758238,4,2,-136
1767173577.768238,-3,0,-135
1767173577.778238,-6,3,-129
1767173577.788238,-6,6,-127
1767173577.798238,-1,6,-128
1767173577.8082385,0,7,-130
1767173577.8182385,3,5,-137
1767173577.8282382,0,1,-141
1767173577.8382382,1,0,-134
1767173577.8482382,-1,0,-136
1767173577.8582382,0,1,-131
1767173577.8682382,1,4,-126
1767173577.8782382,5,2,-125
1767173577.8882382,10,2,-124
1767173577.8982382,4,1,-127
1767173577.9082382,1,1,-126
1767173577.9182382,1,1,-125
1767173577.9282382,0,2,-126
1767173577.938238,0,0,-124
1767173577.948238,0,0,-119
1767173577.958238,2,2,-126
1767173577.968238,-2,3,-130
1767173577.978238,-1,3,-126
1767173577.988238,-4,0,-124
1767173577.998238,-3,0,-124
1767173578.008238,0,-4,-130
1767173578.018238,0,-7,-132
1767173578.028238,2,-3,-127
1767173578.038238,-3,1,-125
1767173578.048238,-8,0,-134
1767173578.0582385,-4,0,-128
1767173578.0682385,-2,3,-126
1767173578.0782382,0,7,-118
1767173578.0882382,3,6,-122
1767173578.0982382,2,2,-123
1767173578.1082382,5,0,-128
1767173578.1182382,8,-3,-125
1767173578.1282382,8,-5,-126
1767173578.1382382,9,-4,-129
1767173578.1482382,4,-2,-125
1767173578.1582382,3,-2,-125
1767173578.1682382,1,0,-129
1767173578.1782382,0,0,-125
1767173578.188238,0,0,-121
1767173578.198238,-5,-2,-121
1767173578.208238,-4,-4,-119
1767173578.218238,-3,-3,-120
1767173578.228238,3,-4,-125
1767173578.238238,1,-2,-123
1767173578.248238,-1,-4,-123
1767173578.258238,-3,-5,-124
1767173578.268238,-5,-3,-130
1767173578.278238,-3,-5,-130
1767173578.288238,1,-8,-124
1767173578.298238,1,-8,-127
1767173578.3082385,-2,-8,-128
1767173578.3182385,0,-7,-130
1767173578.3282382,6,-6,-135
1767173578.3382382,5,-1,-136
1767173578.3482382,4,0,-133
1767173578.3582382,3,-1,-128
1767173578.3682382,2,1,-128
1767173578.3782382,1,0,-123
1767173578.3882382,1,1,-121
1767173578.3982382,5,0,-122
1767173578.4082382,1,-2,-124
1767173578.4182382,1,0,-123
1767173578.4282382,-1,1,-122
1767173578.438238,-3,0,-119
1767173578.448238,-5,-1,-114
1767173578.458238,-9,3,-116
1767173578.468238,-9,0,-119
1767173578.478238,-10,-1,-123
1767173578.488238,-6,-2,-123
1767173578.498238,-5,-6,-118
1767173578.508238,-6,-8,-125
1767173578.518238,-5,-7,-125
1767173578.528238,-6,-4,-127
1767173578.538238,-9,-5,-124
1767173578.548238,-7,-8,-125
1767173578.5582385,-4,-7,-123
1767173578.5682385,-3,-6,-124
1767173578.5782382,-4,-6,-125
1767173578.5882382,-4,-3,-123
1767173578.5982382,-2,-3,-125
1767173578.6082382,-7,-1,-122
1767173578.6182382,-5,-1,-117
1767173578.6282382,-2,-1,-118
1767173578.6382382,-4,-3,-118
1767173578.6482382,-5,-5,-125
1767173578.6582382,-1,-3,-129
1767173578.6682382,-1,-2,-129
1767173578.6782382,3,-3,-127
1767173578.688238,3,0,-129
1767173578.698238,4,1,-127
1767173578.708238,4,0,-124
1767173578.718238,2,2,-124
1767173578.728238,0,3,-117
1767173578.738238,2,4,-117
1767173578.748238,0,1,-125
1767173578.758238,0,0,-125
1767173578.768238,0,-1,-126
1767173578.778238,-1,0,-124
1767173578.788238,3,0,-123
1767173578.798238,2,2,-122
1767173578.8082385,0,3,-121
1767173578.8182385,1,3,-124
1767173578.8282382,-1,3,-130
1767173578.8382382,-1,6,-137
1767173578.8482382,0,8,-140
1767173578.8582382,-2,3,-143
1767173578.8682382,0,-4,-145
1767173578.8782382,1,-5,-147
1767173578.8882382,0,-6,-144
1767173578.8982382,-1,-4,-139
1767173578.9082382,0,-4,-137
1767173578.9182382,1,-1,-137
1767173578.9282382,-3,-1,-136
1767173578.938238,-4,0,-133
1767173578.948238,-6,-6,-132
1767173578.958238,-8,-3,-135
1767173578.968238,-8,-6,-133
1767173578.978238,-9,-5,-128
1767173578.988238,-5,-2,-124
1767173578.998238,1,0,-123
1767173579.008238,3,-1,-123
1767173579.018238,3,1,-122
1767173579.028238,2,2,-121
1767173579.038238,-2,3,-129
1767173579.048238,-2,3,-132
1767173579.0582385,0,-1,-135
1767173579.0682385,3,0,-133
1767173579.0782382,3,0,-130
1767173579.0882382,0,0,-134
1767173579.0982382,3,0,-131
1767173579.1082382,5,2,-128
1767173579.1182382,4,2,-126
1767173579.1282382,7,-1,-123
1767173579.1382382,7,2,-130
1767173579.1482382,2,2,-131
1767173579.1582382,5,4,-127
1767173579.1682382,6,4,-123
1767173579.1782382,6,2,-120
1767173579.188238,5,0,-120
1767173579.198238,8,-1,-121
1767173579.208238,5,2,-125
1767173579.218238,10,4,-125
1767173579.228238,7,3,-128
1767173579.238238,6,0,-127
1767173579.248238,4,0,-126
1767173579.258238,3,4,-126
1767173579.268238,4,0,-120
1767173579.278238,1,-5,-121
1767173579.288238,0,-5,-122
1767173579.298238,-1,-3,-122
1767173579.3082385,-4,-1,-124
1767173579.3182385,1,1,-123
1767173579.3282382,1,3,-123
1767173579.3382382,2,3,-123
1767173579.3482382,-4,-2,-128
1767173579.3582382,-4,-2,-127
1767173579.3682382,-4,-2,-128
1767173579.3782382,-1,-1,-124
1767173579.3882382,1,-4,-119
1767173579.3982382,2,-8,-114
1767173579.4082382,1,-6,-118
1767173579.4182382,0,-9,-114
1767173579.4282382,3,-10,-119
1767173579.438238,0,-10,-119
1767173579.448238,2,-10,-119
1767173579.458238,3,-8,-123
1767173579.468238,2,-7,-129
1767173579.478238,0,-6,-124
1767173579.488238,-1,-3,-122
1767173579.498238,0,-3,-120
1767173579.508238,0,-2,-123
1767173579.518238,2,-1,-126
1767173579.528238,2,4,-124
1767173579.538238,0,-1,-124
1767173579.548238,0,-5,-124
1767173579.5582385,-3,-1,-124
1767173579.5682385,-8,0,-122
1767173579.5782382,-10,-1,-127
1767173579.5882382,-3,-3,-122
1767173579.5982382,-1,0,-121
1767173579.6082382,0,0,-120
1767173579.6182382,0,0,-122
1767173579.6282382,3,0,-119
1767173579.6382382,0,0,-122
1767173579.6482382,1,2,-121
1767173579.6582382,0,7,-123
1767173579.6682382,7,9,-129
1767173579.6782382,4,6,-129
1767173579.688238,3,4,-132
1767173579.698238,-1,2,-136
1767173579.708238,-2,3,-138
1767173579.718238,-6,-1,-133
1767173579.728238,-5,0,-129
1767173579.738238,2,-2,-127
1767173579.748238,2,-2,-126
1767173579.758238,1,2,-131
1767173579.768238,0,-1,-136
1767173579.778238,-2,1,-138
1767173579.788238,-2,0,-136
1767173579.798238,0,2,-132
1767173579.8082385,-1,1,-127
1767173579.8182385,2,0,-136
1767173579.8282382,-1,-2,-134
1767173579.8382382,-3,1,-133
1767173579.8482382,-5,5,-126
1767173579.8582382,-6,8,-123
1767173579.8682382,0,11,-119
1767173579.8782382,-5,10,-128
1767173579.8882382,-7,6,-138
1767173579.8982382,-5,2,-141
1767173579.9082382,-5,0,-137
1767173579.9182382,-1,0,-137
1767173579.9282382,1,1,-129
1767173579.938238,-2,2,-128
1767173579.948238,-7,1,-121
1767173579.958238,-1,2,-126
1767173579.968238,0,1,-128
1767173579.978238,0,0,-128
1767173579.988238,0,-2,-126
1767173579.9992385,-1,-5,-126
1767173580.0092382,0,-5,-121
1767173580.0192382,2,-2,-117
1767173580.028238,0,0,-111
1767173580.0392382,2,2,-110
1767173580.0492382,2,3,-114
1767173580.0592382,-2,0,-122
1767173580.0692382,0,1,-120
1767173580.0792382,0,0,-124
1767173580.0882382,4,0,-125
1767173580.0992382,6,-3,-122
1767173580.109238,6,-1,-129
1767173580.119238,0,-1,-130
1767173580.129238,0,-3,-125
1767173580.139238,2,-2,-124
1767173580.149238,2,-2,-129
1767173580.159238,1,-6,-131
1767173580.169238,3,-4,-136
1767173580.179238,2,-2,-131
1767173580.189238,0,1,-128
1767173580.199238,0,0,-122
1767173580.209238,-4,0,-121
1767173580.219238,-10,0,-124
1767173580.2292385,-10,0,-120
1767173580.2392385,-7,-2,-121
1767173580.2492385,-4,-4,-125
1767173580.2592382,-5,0,-126
1767173580.2692382,-3,1,-128
1767173580.2792382,-1,3,-125
1767173580.2892382,-3,-3,-127
1767173580.2992382,-5,-2,-128
1767173580.3092382,1,-2,-128
1767173580.3192382,1,0,-124
1767173580.3292382,1,-2,-124
1767173580.3392382,1,-9,-124
1767173580.3492382,0,-5,-122
1767173580.359238,-2,-3,-128
1767173580.369238,-3,-4,-127
1767173580.379238,0,-3,-134
1767173580.389238,2,-5,-130
1767173580.399238,-2,-5,-133
1767173580.409238,-8,0,-135
1767173580.419238,-5,4,-131
1767173580.429238,0,2,-125
1767173580.439238,-2,2,-125
1767173580.449238,-2,0,-127
1767173580.459238,-3,0,-128
1767173580.469238,-5,-1,-134
1767173580.4792385,-1,0,-132
1767173580.4892385,1,3,-132
1767173580.4992385,2,3,-131
1767173580.5092382,3,3,-130
1767173580.5192382,1,3,-127
1767173580.5292382,-2,5,-125
1767173580.5392382,1,3,-127
1767173580.5492382,0,3,-125
1767173580.5592382,-1,3,-126
1767173580.5692382,-1,-1,-129
1767173580.5792382,-4,-5,-129
1767173580.5892382,-2,-5,-137
1767173580.5992382,-1,-6,-133
1767173580.609238,0,-4,-130
1767173580.619238,2,0,-135
1767173580.629238,1,-1,-134
1767173580.639238,0,-2,-136
1767173580.649238,-4,2,-135
1767173580.659238,-5,1,-132
1767173580.669238,-4,7,-131
1767173580.679238,-1,5,-133
1767173580.689238,-2,3,-134
1767173580.699238,0,1,-131
1767173580.709238,2,1,-126
1767173580.719238,0,1,-119
1767173580.7292385,-1,-2,-131
1767173580.7392385,-3,0,-138
1767173580.7492385,-5,-4,-140
1767173580.7592382,-7,-1,-132
1767173580.7692382,-5,-1,-128
1767173580.7792382,-4,-4,-124
1767173580.7892382,-9,-4,-128
1767173580.7992382,-4,-6,-125
1767173580.8092382,-5,-6,-124
1767173580.8192382,-6,-3,-131
1767173580.8292382,-5,-1,-129
1767173580.8392382,0,-3,-128
1767173580.8492382,-1,-4,-131
1767173580.859238,0,-3,-132
1767173580.869238,1,-5,-123
1767173580.879238,6,-9,-124
1767173580.889238,4,-8,-125
1767173580.899238,1,-6,-124
1767173580.909238,-3,-5,-124
1767173580.919238,-3,-3,-118
1767173580.929238,-1,-4,-117
1767173580.939238,-1,-4,-120
1767173580.949238,-4,2,-127
1767173580.959238,-5,-1,-123
1767173580.969238,-8,-3,-120
1767173580.9792385,-6,-5,-124
1767173580.9892385,-3,-7,-127
1767173580.9992385,1,-6,-121
1767173581.0092382,2,-2,-125
1767173581.0192382,1,-10,-130
1767173581.0292382,-3,-11,-130
1767173581.0392382,-3,-10,-124
1767173581.0492382,0,-6,-123
1767173581.0592382,1,-8,-125
1767173581.0692382,-5,-7,-126
1767173581.0792382,-4,-4,-126
1767173581.0892382,0,-5,-116
1767173581.0992382,1,-2,-122
1767173581.109238,-3,-6,-126
1767173581.119238,0,-3,-120
1767173581.129238,1,-3,-126
1767173581.150238,1,0,-133
1767173581.159238,1,2,-133
1767173581.169238,0,4,-136
1767173581.179238,0,2,-131
1767173581.189238,0,5,-133
1767173581.199238,0,2,-127
1767173581.209238,0,1,-121
1767173581.219238,0,-5,-122
1767173581.2292385,-5,-5,-127
1767173581.2392385,-6,-4,-125
1767173581.2492385,-7,-3,-126
1767173581.2592382,-2,-6,-123
1767173581.2692382,2,-9,-129
1767173581.2792382,2,-10,-118
1767173581.2892382,4,-13,-113
1767173581.2992382,4,-14,-114
1767173581.3092382,2,-8,-117
1767173581.3192382,4,-11,-115
1767173581.3292382,1,-13,-117
1767173581.3392382,2,-10,-122
1767173581.3492382,4,-9,-131
1767173581.359238,-1,-8,-127
1767173581.369238,-2,-7,-134
1767173581.379238,-3,-2,-130
1767173581.389238,-1,-6,-125
1767173581.399238,0,-9,-130
1767173581.409238,3,-8,-128
1767173581.419238,3,-5,-132
1767173581.429238,0,-2,-135
1767173581.439238,-4,-3,-134
1767173581.449238,-3,-2,-135
1767173581.459238,-2,-1,-140
1767173581.469238,0,0,-136
1767173581.4792385,5,-1,-132
1767173581.4892385,9,1,-135
1767173581.4992385,4,4,-136
1767173581.5092382,4,0,-132
1767173581.5192382,6,0,-126
1767173581.5292382,8,0,-126
1767173581.5392382,8,-3,-124
1767173581.5492382,1,-1,-122
1767173581.5592382,-3,-4,-122
1767173581.5692382,-2,-5,-121
1767173581.5792382,-4,-10,-123
1767173581.5892382,-3,-10,-119
1767173581.5992382,-3,-9,-121
1767173581.609238,-5,-5,-121
1767173581.619238,-7,-5,-122
1767173581.629238,-2,-4,-132
1767173581.639238,0,-4,-131
1767173581.649238,-1,0,-130
1767173581.659238,-3,0,-127
1767173581.669238,-4,0,-123
1767173581.679238,-1,0,-118
1767173581.689238,1,0,-122
1767173581.699238,3,0,-118
1767173581.709238,2,-1,-121
1767173581.719238,0,-1,-118
1767173581.7292385,-5,0,-111
1767173581.7392385,-6,-1,-110
1767173581.7492385,-1,1,-109
1767173581.7592382,-2,1,-108
1767173581.7692382,-2,3,-113
1767173581.7792382,-2,0,-120
1767173581.7892382,-2,1,-119
1767173581.7992382,-1,0,-121
1767173581.8092382,-2,-5,-121
1767173581.8192382,-5,-7,-121
1767173581.8292382,-3,-9,-123
1767173581.8392382,1,-4,-120
1767173581.8492382,7,0,-125
1767173581.859238,6,0,-125
1767173581.869238,6,-2,-126
1767173581.879238,3,-3,-126
1767173581.889238,1,-2,-125
1767173581.899238,1,-3,-126
1767173581.909238,5,-4,-123
1767173581.919238,3,-5,-127
1767173581.929238,4,-4,-132
1767173581.939238,1,-2,-129
1767173581.949238,-1,-2,-130
1767173581.959238,-2,-3,-122
1767173581.969238,-5,-3,-119
1767173581.9792385,-2,-1,-116
1767173581.9892385,-2,-2,-121
1767173581.9992385,-6,0,-118
1767173582.0092382,-8,2,-116
1767173582.0192382,-4,0,-127
1767173582.0292382,-5,-4,-140
1767173582.0392382,-5,-4,-131
1767173582.0492382,-6,-3,-130
1767173582.0592382,-6,-4,-133
1767173582.0692382,-2,-3,-130
1767173582.0792382,4,0,-135
1767173582.0892382,2,0,-133
1767173582.0992382,0,0,-135
1767173582.109238,0,1,-129
1767173582.119238,0,3,-132
1767173582.129238,-1,1,-138
1767173582.139238,-3,0,-144
1767173582.149238,0,-1,-141
1767173582.159238,2,-4,-134
1767173582.169238,4,-2,-134
1767173582.179238,5,1,-130
1767173582.189238,7,0,-128
1767173582.199238,0,-1,-124
1767173582.209238,-1,2,-123
1767173582.219238,-1,1,-124
1767173582.2292385,-1,-1,-122
1767173582.2392385,0,0,-121
1767173582.2492385,-2,0,-131
1767173582.2592382,-4,1,-132
1767173582.2692382,-5,2,-136
1767173582.2792382,-5,0,-134
1767173582.2892382,-8,-1,-136
1767173582.2992382,-11,-2,-134
1767173582.3092382,-9,-1,-134
1767173582.3192382,-9,-1,-131
1767173582.3292382,-9,-2,-134
1767173582.3392382,-7,-2,-136
1767173582.3492382,-8,-8,-130
1767173582.359238,-4,-7,-125
1767173582.369238,-2,-6,-120
1767173582.379238,-3,-2,-119
1767173582.389238,-4,1,-124
1767173582.399238,0,-2,-129
1767173582.409238,1,-6,-132
1767173582.419238,7,-1,-133
1767173582.429238,7,0,-128
1767173582.439238,7,0,-125
1767173582.449238,3,-2,-132
1767173582.459238,0,-4,-129
1767173582.469238,0,-3,-126
1767173582.4792385,0,-1,-123
1767173582.4892385,1,0,-118
1767173582.4992385,-3,0,-122
1767173582.5092382,-1,3,-125
1767173582.5192382,-6,-2,-128
1767173582.5292382,-7,-2,-131
1767173582.5392382,-5,-2,-133
1767173582.5492382,-6,-2,-129
1767173582.5592382,-6,-1,-121
1767173582.5692382,-9,0,-119
1767173582.5792382,-10,-2,-118
1767173582.5892382,-9,-5,-122
1767173582.5992382,-9,-5,-121
1767173582.609238,-5,-4,-117
1767173582.620238,-2,-3,-113
1767173582.629238,-5,-4,-112
1767173582.640238,-4,-5,-115
1767173582.650238,0,-3,-120
1767173582.6602385,4,-2,-115
1767173582.6702385,4,0,-112
1767173582.679238,3,0,-116
1767173582.6902382,4,0,-113
1767173582.7002382,3,-1,-115
1767173582.7102382,7,-3,-117
1767173582.7202382,1,-5,-119
1767173582.7302382,0,-5,-121
1767173582.7402382,-1,-7,-121
1767173582.7502382,-3,-10,-124
1767173582.7602382,2,-10,-127
1767173582.7702382,1,-11,-132
1767173582.7802382,4,-7,-124
1767173582.790238,5,-1,-127
1767173582.800238,5,-3,-125
1767173582.810238,3,-2,-131
1767173582.820238,-1,-1,-129
1767173582.830238,-1,-3,-121
1767173582.840238,1,-6,-123
1767173582.850238,-1,-5,-123
1767173582.860238,1,-5,-123
1767173582.870238,0,0,-121
1767173582.880238,2,2,-118
1767173582.890238,0,4,-119
1767173582.900238,-1,6,-116
1767173582.9102385,-1,1,-119
1767173582.9202385,-3,-4,-120
1767173582.9302382,-3,-6,-121
1767173582.9402382,-3,-7,-127
1767173582.9502382,-1,-8,-129
1767173582.9602382,0,-8,-131
1767173582.9702382,0,-7,-132
1767173582.9802382,0,-6,-128
1767173582.9902382,2,-7,-129
1767173583.0002382,-1,-5,-126
1767173583.0102382,-2,-8,-125
1767173583.0202382,1,-6,-127
1767173583.0302382,2,-8,-130
1767173583.040238,0,-6,-129
1767173583.050238,0,-8,-124
1767173583.060238,0,-9,-124
1767173583.070238,-1,-9,-119
1767173583.080238,2,-5,-117
1767173583.090238,3,-4,-121
1767173583.100238,2,-4,-117
1767173583.110238,1,-3,-120
1767173583.120238,-2,-3,-121
1767173583.130238,0,-3,-124
1767173583.140238,0,-4,-129
1767173583.150238,0,-4,-131
1767173583.1602385,-3,-6,-129
1767173583.1702385,-1,-6,-126
1767173583.1802382,-7,-3,-132
1767173583.1902382,-7,0,-133
1767173583.2002382,-4,-4,-136
1767173583.2102382,0,0,-137
1767173583.2202382,0,-3,-130
1767173583.2302382,-2,-2,-138
1767173583.2402382,-1,-6,-141
1767173583.2502382,-4,-5,-141
1767173583.2602382,0,-6,-140
1767173583.2702382,0,-5,-141
1767173583.2802382,3,-2,-136
1767173583.290238,2,-4,-129
1767173583.300238,2,-1,-118
1767173583.310238,4,-1,-121
1767173583.320238,2,-3,-122
1767173583.330238,4,-3,-122
1767173583.340238,6,-2,-118
1767173583.350238,5,-2,-122
1767173583.360238,2,-4,-130
1767173583.370238,1,-4,-129
1767173583.380238,1,-2,-128
1767173583.390238,0,0,-121
1767173583.400238,0,0,-126
1767173583.4102385,1,1,-132
1767173583.4202385,2,2,-129
1767173583.4302382,2,0,-120
1767173583.4402382,3,-3,-120
1767173583.4502382,4,-5,-120
1767173583.4602382,0,-5,-117
1767173583.4702382,0,-5,-114
1767173583.4802382,0,-4,-122
1767173583.4902382,0,1,-122
1767173583.5002382,-2,0,-118
1767173583.5102382,-1,2,-119
1767173583.5202382,-3,2,-117
1767173583.5302382,-2,-1,-113
1767173583.540238,0,-4,-113
1767173583.550238,0,-3,-122
1767173583.560238,2,1,-124
1767173583.570238,0,3,-121
1767173583.580238,1,6,-127
1767173583.590238,0,3,-130
1767173583.600238,2,3,-127
1767173583.610238,3,3,-128
1767173583.620238,6,0,-121
1767173583.630238,4,0,-122
1767173583.640238,4,-1,-130
1767173583.650238,3,0,-134
1767173583.6602385,-4,-2,-142
1767173583.6702385,-7,-6,-131
1767173583.6802382,-9,-8,-132
1767173583.6902382,-7,-10,-127
1767173583.7002382,-4,-7,-132
1767173583.7102382,0,-4,-136
1767173583.7202382,3,-5,-136
1767173583.7302382,0,-2,-134
1767173583.7402382,0,0,-130
1767173583.7502382,3,0,-135
1767173583.7602382,2,0,-128
1767173583.7702382,3,-1,-127
1767173583.7802382,0,-1,-132
1767173583.790238,1,-3,-126
1767173583.800238,5,-5,-125
1767173583.810238,6,-6,-124
1767173583.820238,3,-8,-125
1767173583.830238,1,-13,-124
1767173583.840238,1,-9,-125
1767173583.850238,0,-7,-120
1767173583.860238,0,-1,-120
1767173583.870238,0,3,-121
1767173583.880238,3,1,-125
1767173583.890238,-4,0,-128
1767173583.900238,-9,0,-129
1767173583.9102385,-3,-1,-128
1767173583.9202385,0,-2,-130
1767173583.9302382,0,-5,-123
1767173583.9402382,0,-7,-132
1767173583.9502382,4,-3,-138
1767173583.9602382,4,-2,-138
1767173583.9702382,0,1,-134
1767173583.9802382,-1,-2,-131
1767173583.9902382,-4,-3,-131
1767173584.0002382,-5,0,-133
1767173584.0102382,0,-2,-132
1767173584.0202382,0,-2,-129
1767173584.0302382,3,-1,-129
1767173584.040238,6,-2,-128
1767173584.050238,4,-2,-123
1767173584.060238,3,-1,-115
1767173584.070238,-4,-3,-115
1767173584.080238,-5,-3,-114
1767173584.090238,-4,-5,-119
1767173584.100238,-6,-3,-122
1767173584.110238,-6,-3,-121
1767173584.120238,-8,-6,-122
1767173584.130238,-7,-4,-121
1767173584.140238,-4,-5,-130
1767173584.150238,-2,-3,-136
1767173584.1602385,-5,1,-136
1767173584.1702385,-6,0,-136
1767173584.1802382,-7,0,-139
1767173584.1902382,-6,-3,-137
1767173584.2002382,-7,-6,-139
1767173584.2102382,-6,-4,-137
1767173584.2202382,0,-3,-136
1767173584.2302382,2,-1,-137
1767173584.2402382,2,0,-143
1767173584.2502382,0,0,-138
1767173584.2602382,2,0,-136
1767173584.2702382,6,0,-135
1767173584.2802382,8,3,-135
1767173584.290238,8,3,-140
1767173584.300238,4,0,-138
1767173584.310238,4,0,-140
1767173584.320238,2,-2,-139
1767173584.330238,0,-3,-139
1767173584.340238,-2,-3,-138
1767173584.350238,-5,0,-137
1767173584.360238,-6,0,-128
1767173584.370238,-4,0,-127
1767173584.380238,1,-3,-128
1767173584.390238,-2,-3,-128
1767173584.400238,-5,-6,-125
1767173584.4102385,-5,-1,-126
1767173584.4202385,0,0,-131
1767173584.4302382,-2,0,-131
1767173584.4402382,-1,0,-131
1767173584.4502382,0,1,-122
1767173584.4602382,0,4,-120
1767173584.4702382,0,3,-120
1767173584.4802382,0,3,-121
1767173584.4902382,-1,1,-122
1767173584.5002382,4,-1,-122
1767173584.5102382,4,-1,-123
1767173584.5202382,0,0,-124
1767173584.5302382,3,1,-124
1767173584.540238,4,8,-121
1767173584.550238,5,9,-118
1767173584.560238,5,4,-115
1767173584.570238,5,7,-118
1767173584.580238,2,0,-123
1767173584.590238,4,-1,-123
1767173584.600238,6,0,-119
1767173584.610238,6,-2,-116
1767173584.620238,10,-5,-112
1767173584.630238,13,-5,-111
1767173584.640238,10,-4,-115
1767173584.650238,9,1,-107
1767173584.6602385,6,1,-110
1767173584.6702385,1,0,-118
1767173584.6802382,0,-2,-119
1767173584.6912382,-6,-4,-113
1767173584.7002382,-4,-1,-117
1767173584.7102382,-5,-1,-115
1767173584.7202382,-3,-8,-115
1767173584.7302382,-4,-7,-113
1767173584.7402382,-1,-6,-111
1767173584.7502382,-4,-7,-114
1767173584.7602382,-4,-7,-113
1767173584.7702382,-5,-2,-115
1767173584.7802382,-2,0,-117
1767173584.790238,-4,1,-120
1767173584.800238,-5,4,-127
1767173584.810238,0,3,-126
1767173584.820238,-4,1,-130
1767173584.830238,0,3,-130
1767173584.840238,-1,2,-134
1767173584.850238,-1,-2,-127
1767173584.860238,0,-3,-129
1767173584.870238,1,-6,-134
1767173584.880238,2,-7,-137
1767173584.890238,0,-6,-132
1767173584.900238,-1,-5,-130
1767173584.9102385,2,-3,-130
1767173584.9202385,0,-5,-126
1767173584.9302382,-1,-1,-115
1767173584.9402382,-3,-1,-114
1767173584.9502382,-3,0,-120
1767173584.9602382,-6,0,-127
1767173584.9702382,-5,-3,-127
1767173584.9802382,-2,-2,-125
1767173584.9902382,1,0,-118
1767173585.0002382,-2,0,-117
1767173585.0102382,-3,1,-115
1767173585.0202382,-4,3,-119
1767173585.0302382,-3,4,-126
1767173585.040238,-7,0,-120
1767173585.050238,-5,2,-119
1767173585.060238,-8,2,-115
1767173585.070238,-7,0,-123
1767173585.080238,-4,-3,-125
1767173585.090238,0,-3,-124
1767173585.100238,-4,-7,-126
1767173585.110238,0,-7,-127
1767173585.120238,0,-6,-123
1767173585.130238,-2,-3,-126
1767173585.140238,-3,-5,-125
1767173585.150238,-4,-7,-135
1767173585.1602385,-4,-3,-132
1767173585.1702385,-7,0,-124
1767173585.1802382,-5,1,-117
1767173585.1902382,-2,1,-116
1767173585.2002382,0,1,-122
1767173585.2102382,-1,3,-125
1767173585.2202382,0,4,-127
1767173585.2302382,2,1,-123
1767173585.2402382,6,1,-123
1767173585.2502382,0,-2,-123
1767173585.2602382,2,-5,-119
1767173585.2702382,0,-4,-122
1767173585.2802382,0,-7,-122
1767173585.291238,2,-6,-122
1767173585.301238,0,-5,-120
1767173585.311238,-1,0,-122
1767173585.321238,-6,1,-121
1767173585.3312385,-2,-3,-117
1767173585.3412385,-1,0,-114
1767173585.3512385,0,0,-119
1767173585.3612382,0,0,-122
1767173585.3712382,4,0,-121
1767173585.3812382,8,1,-122
1767173585.3912382,5,-1,-123
1767173585.4012382,1,-4,-120
1767173585.4112382,-1,0,-116
1767173585.4212382,-2,0,-118
1767173585.4312382,-2,0,-128
1767173585.4412382,0,-2,-126
1767173585.4512382,2,-5,-122
1767173585.461238,4,-6,-127
1767173585.471238,5,-5,-125
1767173585.481238,2,-3,-127
1767173585.491238,3,-2,-125
1767173585.501238,4,-2,-124
1767173585.511238,0,-1,-130
1767173585.521238,1,1,-136
1767173585.531238,3,0,-135
1767173585.541238,0,0,-136
1767173585.551238,0,-1,-131
1767173585.561238,0,-4,-129
1767173585.571238,0,-1,-135
1767173585.5812385,1,-5,-130
1767173585.5912385,2,-6,-126
1767173585.6012385,5,-2,-118
1767173585.6112382,2,0,-124
1767173585.6212382,3,1,-121
1767173585.6312382,1,0,-120
1767173585.6412382,-2,1,-120
1767173585.6512382,-4,1,-118
1767173585.6612382,-1,1,-115
1767173585.6712382,0,2,-118
1767173585.6812382,0,5,-124
1767173585.6912382,-5,2,-124
1767173585.7012382,-7,0,-118
1767173585.711238,-5,-4,-120
1767173585.721238,-1,0,-121
1767173585.731238,-1,1,-122
1767173585.741238,0,1,-122
1767173585.751238,-6,0,-118
1767173585.761238,-6,-2,-120
1767173585.771238,-6,-7,-118
1767173585.781238,-6,-6,-126
1767173585.791238,0,-2,-129
1767173585.801238,2,-1,-125
1767173585.811238,5,1,-122
1767173585.821238,0,2,-124
1767173585.8312385,0,0,-129
1767173585.8412385,-1,2,-138
1767173585.8512385,-4,1,-138
1767173585.8612382,-1,-1,-139
1767173585.8712382,-2,-2,-134
1767173585.8812382,-2,-4,-129
1767173585.8912382,-3,-2,-126
1767173585.9012382,0,1,-124
1767173585.9112382,-1,0,-121
1767173585.9212382,0,0,-114
1767173585.9312382,0,0,-121
1767173585.9412382,5,-5,-124
1767173585.9512382,7,-9,-129
1767173585.961238,5,-10,-132
1767173585.971238,6,-8,-134
1767173585.981238,5,-5,-137
1767173585.991238,2,-4,-134
1767173586.001238,2,-5,-137
1767173586.011238,4,-8,-134
1767173586.021238,5,-6,-139
1767173586.031238,2,-8,-140
1767173586.041238,5,-11,-134
1767173586.051238,3,-8,-131
1767173586.061238,0,-3,-132
1767173586.071238,1,0,-126
1767173586.0812385,1,-1,-123
1767173586.0912385,2,0,-130
1767173586.1012385,-2,-1,-129
1767173586.1112382,2,0,-123
1767173586.1212382,3,1,-124
1767173586.1312382,5,1,-123
1767173586.1412382,6,1,-117
1767173586.163238,5,3,-119
1767173586.1712382,9,0,-120
1767173586.1812382,10,-5,-119
1767173586.1912382,7,-3,-114
1767173586.2012382,5,-6,-118
1767173586.211238,2,-4,-115
1767173586.221238,-1,-4,-124
1767173586.231238,-2,-7,-128
1767173586.241238,-2,-4,-127
1767173586.251238,-4,-1,-126
1767173586.261238,-1,2,-126
1767173586.271238,0,4,-121
1767173586.281238,0,2,-124
1767173586.291238,-1,1,-124
1767173586.301238,-3,-1,-119
1767173586.311238,0,-1,-119
1767173586.321238,0,0,-125
1767173586.3312385,-3,1,-120
1767173586.3412385,-3,3,-112
1767173586.3512385,-1,0,-117
1767173586.3612382,-6,0,-115
1767173586.3712382,-11,1,-114
1767173586.3812382,-9,0,-124
1767173586.3912382,-3,-4,-126
1767173586.4012382,-3,-4,-119
1767173586.4112382,-4,-5,-117
1767173586.4212382,-4,-2,-118
1767173586.432238,-5,0,-118
1767173586.4412382,-7,-4,-127
1767173586.4512382,-4,-5,-130
1767173586.461238,-2,-4,-125
1767173586.471238,-2,-3,-124
1767173586.481238,-3,-2,-125
1767173586.491238,-5,-3,-125
1767173586.501238,-6,-3,-121
1767173586.511238,-4,-5,-125
1767173586.521238,0,-3,-116
1767173586.531238,0,-4,-121
1767173586.541238,-4,-5,-122
1767173586.551238,-2,-7,-121
1767173586.561238,-3,-6,-121
1767173586.571238,0,-3,-120
1767173586.5812385,-3,1,-121
1767173586.5912385,-4,0,-114
1767173586.6012385,-3,-1,-115
1767173586.6112382,-1,-4,-118
1767173586.6212382,0,-3,-121
1767173586.6312382,0,-4,-117
1767173586.6412382,2,0,-118
1767173586.6512382,0,3,-115
1767173586.6612382,0,1,-116
1767173586.6712382,-5,-1,-117
1767173586.6812382,-6,0,-125
1767173586.6912382,-3,-1,-122
1767173586.7012382,-4,0,-120
1767173586.711238,-8,3,-129
1767173586.721238,-6,3,-135
1767173586.731238,-2,3,-136
1767173586.741238,-2,4,-139
1767173586.751238,-6,0,-135
1767173586.761238,-7,4,-139
1767173586.771238,-8,5,-138
1767173586.781238,-10,3,-137
1767173586.791238,-10,-2,-134
1767173586.801238,-8,-4,-134
1767173586.811238,-7,-4,-132
1767173586.821238,-6,-2,-136
1767173586.8312385,-1,-2,-137
1767173586.8412385,6,-5,-136
1767173586.8512385,7,0,-131
1767173586.8612382,4,-7,-131
1767173586.8712382,4,-12,-133
1767173586.8812382,2,-13,-133
1767173586.8912382,2,-13,-136
1767173586.9012382,0,-11,-134
1767173586.9112382,-1,-7,-134
1767173586.9212382,3,-6,-134
1767173586.9312382,2,-5,-135
1767173586.9412382,2,0,-136
1767173586.9512382,-3,0,-140
1767173586.961238,-3,-3,-136
1767173586.971238,-4,-3,-133
1767173586.981238,-7,-2,-132
1767173586.991238,-8,0,-130
1767173587.001238,-8,-3,-133
1767173587.011238,-5,0,-127
1767173587.021238,0,3,-125
1767173587.031238,1,0,-125
1767173587.041238,-1,0,-120
1767173587.051238,-2,0,-120
1767173587.061238,-1,0,-125
1767173587.071238,-3,-2,-127
1767173587.0812385,-3,-4,-122
1767173587.0912385,-1,-2,-121
1767173587.1012385,0,-2,-120
1767173587.1112382,1,0,-127
1767173587.1212382,2,0,-124
1767173587.1312382,1,-1,-114
1767173587.1412382,-2,-3,-118
1767173587.1512382,-1,-5,-122
1767173587.1612382,-2,-8,-120
1767173587.1712382,-3,-6,-127
1767173587.1812382,-1,-4,-133
1767173587.1912382,-2,-3,-139
1767173587.2012382,-2,0,-133
1767173587.211238,-4,3,-136
1767173587.221238,-6,1,-133
1767173587.231238,-8,-3,-131
1767173587.241238,-5,-5,-125
1767173587.251238,-6,-8,-124
1767173587.261238,-1,-10,-131
1767173587.271238,4,-9,-128
1767173587.281238,4,-10,-130
1767173587.291238,1,-4,-130
1767173587.301238,0,0,-128
1767173587.311238,-1,-2,-132
1767173587.321238,-1,-2,-129
1767173587.3312385,-3,-5,-126
1767173587.3412385,-2,-7,-128
1767173587.3512385,-3,-5,-123
1767173587.3612382,-2,-5,-119
1767173587.3712382,1,-6,-120
1767173587.3812382,1,-5,-125
1767173587.3912382,-1,-4,-124
1767173587.4012382,-1,-4,-130
1767173587.4112382,0,-5,-136
1767173587.4212382,0,-3,-130
1767173587.4312382,1,-3,-133
1767173587.4412382,4,0,-134
1767173587.4512382,4,-3,-135
1767173587.461238,5,1,-131
1767173587.471238,1,1,-131
1767173587.481238,0,0,-129
1767173587.491238,-2,0,-120
1767173587.501238,-4,0,-121
1767173587.511238,-4,2,-124
1767173587.521238,-3,1,-124
1767173587.531238,1,1,-120
1767173587.541238,-1,2,-122
1767173587.551238,3,0,-134
1767173587.561238,3,3,-134
1767173587.571238,2,1,-134
1767173587.5812385,1,1,-132
1767173587.5912385,-4,1,-125
1767173587.6012385,-5,1,-123
1767173587.6112382,-5,2,-124
1767173587.6212382,-2,1,-127
1767173587.6312382,-4,-1,-127
1767173587.6412382,-1,-3,-126
1767173587.6512382,0,-2,-124
1767173587.6612382,1,-3,-118
1767173587.6712382,0,-4,-127
1767173587.6812382,-2,-2,-130
1767173587.6912382,-3,-2,-133
1767173587.7012382,-3,-2,-129
1767173587.711238,-1,-3,-128
1767173587.721238,1,-6,-130
1767173587.731238,2,-7,-126
1767173587.741238,6,-3,-126
1767173587.751238,5,-1,-125
1767173587.761238,6,-6,-128
1767173587.771238,5,-3,-129
1767173587.781238,0,0,-127
1767173587.791238,1,3,-129
1767173587.801238,0,2,-131
1767173587.811238,1,0,-134
1767173587.821238,3,-2,-128
1767173587.8312385,0,-5,-130
1767173587.8412385,-4,-2,-132
1767173587.8512385,-4,-3,-131
1767173587.8612382,-3,-4,-131
1767173587.8712382,-3,-1,-122
1767173587.8812382,-4,-1,-121
1767173587.8912382,-3,0,-120
1767173587.9012382,0,-1,-118
1767173587.9112382,0,2,-115
1767173587.922238,2,3,-110
1767173587.932238,2,4,-108
1767173587.942238,0,4,-110
1767173587.952238,-3,-2,-114
1767173587.962238,-8,-4,-115
1767173587.972238,-7,-5,-116
1767173587.982238,-6,0,-123
1767173587.992238,-5,0,-121
1767173588.002238,-5,-1,-127
1767173588.0122385,-4,-1,-125
1767173588.0222385,-4,-5,-132
1767173588.0322382,-1,-6,-146
1767173588.0422382,-1,-6,-142
1767173588.0522382,-6,-8,-131
1767173588.0622382,-4,-3,-129
1767173588.0722382,-1,0,-128
1767173588.0822382,0,0,-128
1767173588.0922382,1,2,-121
1767173588.1022382,0,9,-123
1767173588.1122382,0,9,-123
1767173588.1222382,-1,5,-119
1767173588.132238,3,3,-118
1767173588.142238,0,2,-128
1767173588.152238,0,4,-128
1767173588.162238,-2,4,-125
1767173588.172238,-1,2,-129
1767173588.182238,2,3,-131
1767173588.192238,0,3,-132
1767173588.202238,-4,3,-134
1767173588.212238,-3,1,-128
1767173588.222238,-1,2,-122
1767173588.232238,-2,0,-123
1767173588.242238,-2,1,-128
1767173588.252238,1,3,-122
1767173588.2622385,0,0,-126
1767173588.2722385,0,-1,-125
1767173588.2822382,5,-2,-118
1767173588.2922382,1,-5,-116
1767173588.3022382,0,-2,-126
1767173588.3122382,2,-2,-131
1767173588.3222382,4,-3,-131
1767173588.3322382,2,-5,-127
1767173588.3422382,-1,-4,-126
1767173588.3522382,-4,-6,-128
1767173588.3622382,-5,-6,-130
1767173588.3722382,-6,-6,-131
1767173588.382238,-3,-4,-133
1767173588.392238,0,-7,-132
1767173588.402238,4,-10,-129
1767173588.412238,6,-7,-129
1767173588.422238,9,-3,-126
1767173588.432238,10,-1,-127
1767173588.442238,7,0,-126
1767173588.452238,4,-1,-125
1767173588.462238,4,-1,-126
1767173588.472238,-1,-1,-126
1767173588.482238,1,0,-129
1767173588.492238,4,-1,-128
1767173588.502238,0,-5,-122
1767173588.5122385,4,-3,-119
1767173588.5222385,-1,-4,-117
1767173588.5322382,-3,-2,-116
1767173588.5422382,0,3,-122
1767173588.5522382,-1,2,-121
1767173588.5622382,0,0,-126
1767173588.5722382,-1,-1,-127
1767173588.5822382,-4,1,-122
1767173588.5922382,-1,0,-122
1767173588.6022382,-7,-2,-123
1767173588.6122382,-4,0,-126
1767173588.6222382,-5,0,-118
1767173588.632238,-6,2,-127
1767173588.642238,-7,6,-121
1767173588.652238,-3,3,-116
1767173588.662238,-2,1,-117
1767173588.672238,0,1,-118
1767173588.682238,0,1,-123
1767173588.692238,-1,-1,-122
1767173588.702238,-3,2,-123
1767173588.712238,-7,1,-127
1767173588.722238,-5,1,-126
1767173588.732238,-5,2,-127
1767173588.742238,-9,-2,-123
1767173588.752238,-8,0,-127
1767173588.7622385,-4,0,-126
1767173588.7722385,-1,0,-128
1767173588.7822382,0,0,-128
1767173588.7922382,1,1,-126
1767173588.8022382,2,-3,-128
1767173588.8122382,0,-5,-129
1767173588.8222382,-3,-7,-125
1767173588.8322382,-1,-6,-120
1767173588.8422382,0,-2,-123
1767173588.8522382,-4,-1,-125
1767173588.8622382,-2,1,-124
1767173588.8722382,-1,-2,-127
1767173588.882238,-5,-1,-136
1767173588.892238,-8,-2,-135
1767173588.902238,-11,1,-131
1767173588.912238,-9,2,-133
1767173588.922238,-4,3,-124
1767173588.932238,-6,5,-129
1767173588.942238,-4,5,-129
1767173588.952238,-3,2,-125
1767173588.962238,0,0,-123
1767173588.972238,0,0,-122
1767173588.982238,-1,-2,-124
1767173588.992238,-3,-5,-120
1767173589.002238,3,0,-121
1767173589.0122385,0,2,-122
1767173589.0222385,0,-1,-125
1767173589.0322382,0,-8,-129
1767173589.0422382,1,-8,-122
1767173589.0522382,4,-5,-124
1767173589.0622382,3,-7,-120
1767173589.0722382,8,-8,-130
1767173589.0822382,6,-8,-132
1767173589.0922382,3,-6,-130
1767173589.1022382,3,-4,-134
1767173589.1122382,2,-1,-137
1767173589.1222382,6,0,-131
1767173589.132238,2,-2,-125
1767173589.142238,2,-5,-129
1767173589.152238,1,-1,-123
1767173589.162238,1,-4,-123
1767173589.172238,2,-7,-125
1767173589.182238,2,-5,-129
1767173589.192238,0,-4,-125
1767173589.202238,0,-3,-127
1767173589.212238,-3,0,-126
1767173589.222238,-1,-2,-127
1767173589.232238,2,0,-128
1767173589.242238,2,0,-130
1767173589.252238,3,-1,-129
1767173589.2622385,4,0,-127
1767173589.2722385,5,1,-122
1767173589.2822382,5,1,-125
1767173589.2922382,4,-1,-121
1767173589.3022382,2,-2,-125
1767173589.3122382,3,-4,-127
1767173589.3222382,0,0,-123
1767173589.3322382,2,0,-116
1767173589.3422382,2,-3,-123
1767173589.3522382,0,-4,-121
1767173589.3622382,0,-3,-121
1767173589.3722382,4,-3,-120
1767173589.382238,6,-4,-120
1767173589.392238,4,-5,-120
1767173589.402238,5,-5,-122
1767173589.412238,6,-6,-122
1767173589.422238,0,-2,-127
1767173589.432238,1,2,-131
1767173589.442238,0,1,-131
1767173589.452238,2,0,-123
1767173589.462238,7,-2,-116
1767173589.472238,7,-2,-118
1767173589.482238,2,-3,-122
1767173589.492238,5,-2,-130
1767173589.502238,2,-4,-130
1767173589.5122385,2,-5,-135
1767173589.5222385,3,-3,-139
1767173589.5322382,10,-1,-135
1767173589.5422382,9,-3,-122
1767173589.5522382,7,-5,-115
1767173589.5622382,2,-1,-111
1767173589.5722382,6,-1,-119
1767173589.5822382,5,-3,-121
1767173589.5922382,6,-2,-126
1767173589.6022382,2,-1,-129
1767173589.6122382,0,3,-128
1767173589.6222382,3,1,-123
1767173589.632238,5,0,-118
1767173589.642238,4,-1,-123
1767173589.652238,2,2,-124
1767173589.662238,-2,3,-130
1767173589.672238,-6,2,-136
1767173589.682238,-10,3,-137
1767173589.692238,-8,0,-133
1767173589.702238,-7,-1,-132
1767173589.712238,-7,-2,-130
1767173589.722238,-7,-5,-126
1767173589.732238,-3,-8,-125
1767173589.742238,-4,-13,-122
1767173589.752238,-2,-8,-124
1767173589.7622385,-1,-7,-126
1767173589.7722385,-5,0,-131
1767173589.7822382,-1,0,-128
1767173589.7922382,0,-3,-123
1767173589.8022382,-1,-1,-121
1767173589.8122382,-2,-4,-125
1767173589.8222382,-6,-3,-129
1767173589.8322382,-3,-3,-123
1767173589.8422382,0,-1,-121
1767173589.8522382,0,0,-120
1767173589.8622382,-1,0,-117
1767173589.8722382,2,1,-122
1767173589.882238,0,0,-125
1767173589.892238,1,-1,-123
1767173589.902238,2,-4,-127
1767173589.912238,5,-4,-131
1767173589.922238,5,-4,-139
1767173589.932238,4,-1,-142
1767173589.942238,2,1,-144
1767173589.952238,0,1,-140
1767173589.962238,0,-1,-145
1767173589.972238,0,0,-138
1767173589.982238,2,5,-125
1767173589.992238,5,5,-125
1767173590.002238,5,4,-129
1767173590.0122385,5,3,-129
1767173590.0222385,8,2,-121
1767173590.0322382,4,4,-121
1767173590.0422382,4,0,-124
1767173590.0522382,5,0,-124
1767173590.0622382,0,-3,-125
1767173590.0722382,1,-5,-122
1767173590.0822382,2,-3,-124
1767173590.0922382,1,-4,-124
1767173590.1022382,0,-4,-124
1767173590.1122382,3,-7,-129
1767173590.1222382,1,-6,-129
1767173590.132238,3,-5,-128
1767173590.142238,4,-7,-124
1767173590.152238,0,-2,-122
1767173590.162238,3,-2,-127
1767173590.172238,2,-3,-128
1767173590.182238,2,-4,-136
1767173590.192238,0,-7,-128
1767173590.202238,2,-5,-131
1767173590.212238,6,-2,-127
1767173590.222238,8,2,-122
1767173590.232238,7,2,-131
1767173590.242238,3,0,-124
1767173590.252238,0,0,-130
1767173590.2622385,-2,-1,-134
1767173590.2722385,-3,4,-127
1767173590.2822382,-7,3,-129
1767173590.2922382,-6,0,-124
1767173590.3022382,-7,1,-124
1767173590.3122382,-5,-2,-133
1767173590.3222382,-2,-2,-133
1767173590.3322382,1,-3,-131
1767173590.3422382,-1,-3,-130
1767173590.3522382,1,-1,-125
1767173590.3622382,0,-2,-120
1767173590.3722382,0,-1,-122
1767173590.382238,-3,-1,-124
1767173590.392238,-6,-2,-126
1767173590.402238,-3,-5,-125
1767173590.412238,-1,-1,-123
1767173590.422238,0,-1,-128
1767173590.432238,3,0,-129
1767173590.442238,3,0,-124
1767173590.452238,0,3,-126
1767173590.462238,0,2,-129
1767173590.472238,2,5,-128
1767173590.482238,0,3,-132
1767173590.492238,2,1,-138
1767173590.502238,2,-1,-132
1767173590.5122385,-1,-3,-132
1767173590.5232382,-2,-1,-136
1767173590.5322382,-1,0,-136
1767173590.5422382,-1,0,-135
1767173590.5532382,0,-1,-140
1767173590.563238,-1,-3,-138
1767173590.573238,-4,-4,-129
1767173590.583238,-2,-6,-123
1767173590.5922382,1,-5,-123
1767173590.603238,0,-9,-121
1767173590.613238,-2,-7,-124
1767173590.623238,-2,-6,-123
1767173590.633238,-1,-5,-129
1767173590.643238,0,-8,-127
1767173590.653238,-2,-5,-131
1767173590.663238,-2,-4,-136
1767173590.673238,-1,-2,-136
1767173590.6832385,3,1,-141
1767173590.6932385,6,1,-136
1767173590.7032382,0,0,-135
1767173590.7132382,-2,-3,-130
1767173590.7232382,-1,-1,-128
1767173590.7332382,1,1,-126
1767173590.7432382,0,4,-126
1767173590.7532382,0,1,-127
1767173590.7632382,1,-2,-127
1767173590.7732382,1,-2,-127
1767173590.7832382,-2,-4,-126
1767173590.7932382,-4,-9,-128
1767173590.8032382,-4,-7,-136
1767173590.813238,-7,-4,-143
1767173590.823238,-8,-7,-142
1767173590.833238,-9,-6,-145
1767173590.843238,-6,-2,-146
1767173590.853238,-2,-3,-145
1767173590.863238,-1,-6,-141
1767173590.873238,-1,-6,-133
1767173590.883238,-2,-8,-132
1767173590.893238,-2,-4,-132
1767173590.903238,-7,-5,-128
1767173590.913238,-7,-5,-127
1767173590.923238,-4,-3,-129
1767173590.9332385,0,-1,-128
1767173590.9432385,-2,-5,-132
1767173590.9532382,-1,-5,-126
1767173590.9632382,-4,-9,-123
1767173590.9732382,-7,-5,-127
1767173590.9832382,-1,-4,-132
1767173590.9932382,0,0,-125
1767173591.0032382,0,0,-124
1767173591.0132382,0,-5,-121
1767173591.0232382,-1,-10,-120
1767173591.0332382,-2,-8,-115
1767173591.0432382,0,-5,-117
1767173591.0532382,1,-4,-118
1767173591.063238,3,-4,-124
1767173591.073238,1,-5,-130
1767173591.083238,6,-3,-132
1767173591.093238,7,-3,-135
1767173591.103238,6,-1,-138
1767173591.113238,4,-2,-138
1767173591.123238,7,-4,-138
1767173591.133238,9,0,-139
1767173591.143238,4,0,-134
1767173591.153238,1,0,-135
1767173591.1742382,-1,-3,-129
1767173591.1832385,0,-7,-130
1767173591.1932385,0,-7,-131
1767173591.2032382,0,-4,-130
1767173591.2132382,-5,-2,-138
1767173591.2232382,-5,-1,-139
1767173591.2332382,-5,-2,-140
1767173591.2432382,-2,2,-134
1767173591.2532382,-2,6,-129
1767173591.2632382,0,2,-133
1767173591.2732382,0,0,-126
1767173591.2832382,2,-3,-129
1767173591.2932382,5,-2,-128
1767173591.3032382,0,-3,-132
1767173591.313238,-2,-2,-125
1767173591.323238,0,-4,-121
1767173591.333238,0,-3,-116
1767173591.343238,2,-2,-112
1767173591.353238,0,0,-112
1767173591.363238,3,0,-116
1767173591.373238,0,2,-121
1767173591.383238,-2,0,-121
1767173591.393238,2,4,-124
1767173591.403238,1,2,-123
1767173591.413238,0,2,-132
1767173591.423238,4,3,-139
1767173591.4332385,7,2,-129
1767173591.4432385,7,2,-124
1767173591.4532382,5,1,-124
1767173591.4632382,3,3,-121
1767173591.4732382,0,5,-125
1767173591.4832382,0,1,-126
1767173591.4932382,0,-1,-121
1767173591.5032382,-1,-4,-118
1767173591.5132382,-2,-6,-116
1767173591.5232382,-2,-10,-122
1767173591.5332382,-1,-6,-119
1767173591.5432382,-7,-7,-116
1767173591.5532382,-4,-8,-128
1767173591.563238,-3,-8,-131
1767173591.573238,-4,-2,-132
1767173591.583238,-2,-3,-135
1767173591.593238,-3,-1,-135
1767173591.603238,-1,3,-133
1767173591.613238,0,3,-134
1767173591.623238,0,-1,-136
1767173591.633238,3,1,-132
1767173591.643238,8,0,-127
1767173591.653238,10,0,-129
1767173591.663238,7,0,-124
1767173591.673238,6,-2,-127
1767173591.6832385,3,-1,-129
1767173591.6932385,2,-2,-127
1767173591.7032382,1,0,-127
1767173591.7132382,0,-1,-129
1767173591.7232382,0,0,-126
1767173591.7332382,0,1,-127
1767173591.7432382,-4,5,-128
1767173591.7532382,-1,3,-128
1767173591.7632382,1,2,-124
1767173591.7732382,-1,7,-126
1767173591.7832382,-5,5,-126
1767173591.7932382,-7,3,-126
1767173591.8032382,-5,3,-135
1767173591.813238,-1,-1,-131
1767173591.823238,-5,-3,-131
1767173591.833238,-6,0,-132
1767173591.843238,-3,4,-132
1767173591.853238,-1,1,-130
1767173591.863238,-2,2,-123
1767173591.873238,-3,1,-127
1767173591.883238,-1,1,-130
1767173591.893238,-1,3,-128
1767173591.903238,1,0,-121
1767173591.913238,-1,-2,-117
1767173591.923238,-2,0,-113
1767173591.9332385,-4,-4,-113
1767173591.9432385,-3,-4,-118
1767173591.9532382,-5,-3,-116
1767173591.9632382,-7,-2,-116
1767173591.9732382,-2,-2,-122
1767173591.9832382,-2,-6,-122
1767173591.9932382,-1,-6,-124
1767173592.0032382,-4,-4,-127
1767173592.0132382,-3,-1,-131
1767173592.0232382,-2,0,-128
1767173592.0332382,0,2,-125
1767173592.0432382,7,1,-127
1767173592.0532382,6,-1,-122
1767173592.063238,3,-2,-127
1767173592.073238,1,1,-124
1767173592.083238,0,4,-124
1767173592.093238,-3,0,-125
1767173592.103238,-1,2,-120
1767173592.113238,0,0,-121
1767173592.123238,0,-5,-120
1767173592.133238,1,-3,-125
1767173592.143238,-2,-4,-123
1767173592.153238,-3,-7,-124
1767173592.163238,-8,-9,-127
1767173592.173238,-8,-12,-129
1767173592.1832385,-4,-9,-125
1767173592.1932385,-1,-7,-127
1767173592.2032382,-2,-5,-127
1767173592.2132382,-1,-4,-126
1767173592.2232382,-4,-2,-124
1767173592.2332382,0,0,-124
1767173592.2432382,-2,0,-126
1767173592.2532382,0,-3,-133
1767173592.2632382,1,-2,-135
1767173592.2732382,1,3,-128
1767173592.2832382,0,1,-125
1767173592.2932382,1,1,-125
1767173592.3032382,-2,2,-123
1767173592.313238,-3,3,-131
1767173592.323238,-3,2,-133
1767173592.333238,-1,5,-124
1767173592.343238,-2,4,-118
1767173592.353238,-6,0,-117
1767173592.363238,-8,0,-114
1767173592.373238,-7,0,-122
1767173592.383238,-4,1,-125
1767173592.393238,2,3,-125
1767173592.403238,4,3,-124
1767173592.413238,1,3,-124
1767173592.423238,1,2,-129
1767173592.4332385,-2,-2,-134
1767173592.4432385,-7,-8,-133
1767173592.4532382,0,-5,-127
1767173592.4632382,2,-3,-124
1767173592.4732382,2,-2,-123
1767173592.4832382,3,0,-125
1767173592.4932382,2,0,-125
1767173592.5032382,6,0,-119
1767173592.5132382,6,0,-119
1767173592.5232382,2,0,-124
1767173592.5332382,1,-1,-132
1767173592.5432382,0,0,-129
1767173592.5532382,-2,0,-120
1767173592.563238,-2,0,-114
1767173592.573238,-1,1,-110
1767173592.583238,6,-3,-115
1767173592.593238,4,-2,-111
1767173592.603238,7,-2,-111
1767173592.613238,4,-7,-115
1767173592.623238,4,-4,-115
1767173592.633238,5,-6,-119
1767173592.643238,8,-4,-120
1767173592.653238,3,0,-123
1767173592.663238,4,-2,-129
1767173592.673238,2,-1,-129
1767173592.6832385,0,-4,-129
1767173592.6932385,4,-5,-124
1767173592.7032382,6,-2,-116
1767173592.7132382,3,-3,-114
1767173592.7232382,-2,-4,-120
1767173592.7332382,-4,-5,-123
1767173592.7432382,-1,-4,-124
1767173592.7532382,2,-3,-121
1767173592.7632382,3,-5,-121
1767173592.7732382,0,-4,-125
1767173592.7832382,-1,-4,-128
1767173592.7932382,-1,-3,-135
1767173592.8032382,-2,-4,-132
1767173592.813238,-4,-3,-131
1767173592.823238,-6,-5,-125
1767173592.833238,-7,-5,-132
1767173592.843238,-10,0,-126
1767173592.853238,-10,0,-126
1767173592.863238,-12,0,-126
1767173592.873238,-8,-1,-127
1767173592.883238,-10,0,-128
1767173592.893238,-7,2,-128
1767173592.903238,-8,0,-123
1767173592.913238,-5,0,-123
1767173592.923238,-4,-2,-124
1767173592.9332385,-3,1,-119
1767173592.9432385,-6,2,-128
1767173592.9532382,-7,5,-126
1767173592.9632382,-4,0,-128
1767173592.9732382,-5,2,-127
1767173592.9832382,-2,-2,-124
1767173592.9932382,-2,0,-128
1767173593.0032382,-5,-1,-126
1767173593.0132382,-6,-1,-121
1767173593.0232382,-3,0,-121
1767173593.0332382,-4,-3,-121
1767173593.0432382,-3,-4,-128
1767173593.0532382,0,-4,-131
1767173593.063238,-1,-5,-128
1767173593.073238,3,-5,-127
1767173593.083238,2,-4,-122
1767173593.093238,0,-2,-125
1767173593.1042385,2,-3,-125
1767173593.113238,5,-1,-122
1767173593.123238,3,-2,-124
1767173593.133238,3,-6,-118
1767173593.1442382,6,-4,-125
1767173593.153238,5,0,-135
1767173593.163238,6,-3,-131
1767173593.173238,3,-2,-130
1767173593.1832385,1,2,-129
1767173593.1942382,3,0,-127
1767173593.2042382,0,0,-133
1767173593.2142382,1,-2,-133
1767173593.2242382,1,0,-128
1767173593.234238,1,0,-123
1767173593.244238,-3,-4,-122
1767173593.254238,-4,-3,-118
1767173593.264238,-5,-4,-113
1767173593.274238,-8,-1,-112
1767173593.284238,-5,3,-116
1767173593.294238,-7,0,-117
1767173593.304238,-7,-5,-117
1767173593.314238,-5,-1,-118
1767173593.324238,0,0,-117
1767173593.334238,0,1,-116
1767173593.344238,-2,4,-115
1767173593.3542385,-4,3,-125
1767173593.3642385,-1,4,-128
1767173593.3742385,-1,5,-129
1767173593.3842382,-1,2,-125
1767173593.3942382,3,0,-128
1767173593.4042382,2,-1,-128
1767173593.4142382,5,3,-122
1767173593.4242382,4,0,-121
1767173593.4342382,2,3,-124
1767173593.4442382,-1,4,-125
1767173593.4542382,0,6,-127
1767173593.4642382,0,1,-127
1767173593.4742382,0,-3,-122
1767173593.484238,-2,-11,-126
1767173593.494238,-2,-13,-126
1767173593.504238,0,-10,-125
1767173593.514238,0,-8,-126
1767173593.524238,1,-10,-129
1767173593.534238,1,-8,-128
1767173593.544238,2,-3,-132
1767173593.554238,1,0,-136
1767173593.564238,0,0,-130
1767173593.574238,-3,-3,-129
1767173593.584238,-6,-6,-127
1767173593.594238,-5,-6,-126
1767173593.6042385,-4,-7,-130
1767173593.6142385,0,-8,-132
1767173593.6242385,0,-5,-128
1767173593.6342382,-4,-5,-124
1767173593.6442382,-2,-7,-122
1767173593.6542382,-3,-7,-122
1767173593.6642382,-3,-9,-122
1767173593.6742382,-1,-9,-122
1767173593.6842382,-2,-9,-123
1767173593.6942382,1,-10,-125
1767173593.7042382,0,-7,-124
1767173593.7142382,-2,-7,-123
1767173593.7242382,-3,-6,-123
1767173593.734238,-5,-3,-124
1767173593.744238,-1,1,-121
1767173593.754238,-2,1,-120
1767173593.764238,0,0,-125
1767173593.774238,-1,3,-127
1767173593.784238,2,4,-128
1767173593.794238,2,2,-129
1767173593.8052382,5,-1,-127
1767173593.814238,0,-2,-127
1767173593.824238,1,-3,-128
1767173593.834238,4,-4,-135
1767173593.844238,0,1,-137
1767173593.8542385,3,4,-138
1767173593.8642385,-3,3,-137
1767173593.8742385,-4,7,-143
1767173593.8842382,0,4,-146
1767173593.8942382,-3,3,-141
1767173593.9042382,-6,7,-138
1767173593.9142382,0,3,-128
1767173593.9242382,3,2,-127
1767173593.9342382,-2,0,-129
1767173593.9442382,-4,-3,-128
1767173593.9542382,-3,-7,-128
1767173593.9642382,-6,-7,-129
1767173593.9742382,-4,-5,-133
1767173593.984238,-4,-6,-136
1767173593.994238,-1,-7,-139
1767173594.004238,1,-8,-128
1767173594.014238,0,-3,-126
1767173594.024238,1,0,-122
1767173594.034238,3,0,-122
1767173594.044238,3,-3,-119
1767173594.054238,0,0,-125
1767173594.064238,-2,-1,-133
1767173594.074238,-1,-1,-130
1767173594.084238,-3,2,-136
1767173594.094238,-3,1,-134
1767173594.1042385,-1,-1,-135
1767173594.1142385,-4,-2,-142
1767173594.1242385,1,-4,-143
1767173594.1342382,1,-4,-145
1767173594.1442382,3,-3,-139
1767173594.1542382,4,-6,-140
1767173594.1642382,5,-5,-136
1767173594.1742382,3,-5,-130
1767173594.1842382,1,-6,-131
1767173594.1942382,1,-1,-122
1767173594.2042382,0,1,-125
1767173594.2142382,0,3,-124
1767173594.2242382,1,2,-129
1767173594.234238,3,3,-130
1767173594.244238,0,5,-124
1767173594.254238,-1,10,-127
1767173594.264238,-3,7,-130
1767173594.274238,-3,4,-125
1767173594.284238,-2,3,-125
1767173594.294238,0,3,-128
1767173594.304238,0,2,-130
1767173594.314238,-1,-3,-132
1767173594.324238,-3,-5,-133
1767173594.334238,-6,-5,-134
1767173594.344238,-6,-11,-131
1767173594.3542385,-6,-6,-127
1767173594.3642385,-3,-4,-122
1767173594.3742385,-3,-4,-121
1767173594.3842382,-1,-4,-121
1767173594.3942382,0,-1,-127
1767173594.4042382,-1,3,-131
1767173594.4142382,-5,3,-130
1767173594.4242382,-5,3,-131
1767173594.4342382,-1,1,-132
1767173594.4442382,0,-1,-132
1767173594.4542382,1,-6,-131
1767173594.4642382,1,-5,-125
1767173594.4742382,0,-5,-124
1767173594.484238,3,-6,-125
1767173594.494238,3,-3,-121
1767173594.504238,3,-2,-124
1767173594.514238,1,-2,-121
1767173594.524238,-4,0,-120
1767173594.534238,-1,0,-127
1767173594.544238,0,0,-129
1767173594.554238,-6,4,-128
1767173594.564238,-1,7,-126
1767173594.574238,-1,5,-126
1767173594.584238,3,6,-129
1767173594.594238,0,0,-131
1767173594.6042385,-1,-2,-136
1767173594.6142385,0,0,-128
1767173594.6242385,0,3,-129
1767173594.6342382,0,4,-129
1767173594.6442382,1,-2,-132
1767173594.6542382,4,-4,-130
1767173594.6642382,3,-8,-130
1767173594.6742382,2,-10,-121
1767173594.6842382,0,-9,-124
1767173594.6942382,0,-7,-126
1767173594.7042382,0,-6,-120
1767173594.7142382,-2,-4,-120
1767173594.7242382,-3,-3,-126
1767173594.734238,-2,-2,-128
1767173594.744238,-1,0,-125
1767173594.754238,-4,0,-126
1767173594.764238,0,-4,-126
1767173594.774238,-4,0,-122
1767173594.784238,-4,3,-120
1767173594.794238,-7,0,-119
1767173594.804238,-7,2,-123
1767173594.814238,-15,3,-123
1767173594.824238,-16,1,-123
1767173594.834238,-14,2,-124
1767173594.844238,-13,0,-120
1767173594.8542385,-8,0,-120
1767173594.8642385,2,2,-127
1767173594.8742385,0,5,-122
1767173594.8842382,-1,2,-116
1767173594.8942382,0,1,-115
1767173594.9042382,0,4,-117
1767173594.9142382,0,0,-115
1767173594.9242382,-4,-2,-122
1767173594.9342382,-4,0,-118
1767173594.9442382,0,-2,-113
1767173594.9542382,0,-6,-110
1767173594.9642382,0,-3,-115
1767173594.9742382,1,1,-117
1767173594.984238,-1,4,-116
1767173594.994238,-6,3,-121
1767173595.004238,-5,0,-122
1767173595.014238,-5,-3,-126
1767173595.024238,0,-3,-127
1767173595.034238,4,-3,-128
1767173595.044238,3,-3,-125
1767173595.054238,3,-2,-133
1767173595.064238,4,-1,-140
1767173595.074238,3,-2,-139
1767173595.084238,0,-2,-130
1767173595.094238,-5,0,-128
1767173595.1042385,-7,-5,-126
1767173595.1142385,-2,-9,-130
1767173595.1242385,-1,-7,-125
1767173595.1342382,-2,-7,-129
1767173595.1442382,-4,-3,-126
1767173595.1542382,-7,-1,-122
1767173595.1642382,-9,-3,-124
1767173595.1742382,-3,-3,-121
1767173595.1842382,-1,-2,-125
1767173595.1942382,-3,-3,-127
1767173595.2042382,-2,-2,-134
1767173595.2142382,-4,0,-133
1767173595.2242382,-5,0,-132
1767173595.234238,-1,0,-126
1767173595.244238,-1,-3,-120
1767173595.254238,0,0,-115
1767173595.264238,0,2,-114
1767173595.274238,9,-1,-126
1767173595.284238,11,-1,-131
1767173595.294238,8,0,-133
1767173595.304238,2,-3,-135
1767173595.314238,2,-6,-134
1767173595.324238,1,-10,-136
1767173595.334238,2,-6,-129
1767173595.344238,2,-2,-132
1767173595.3542385,3,0,-130
1767173595.3642385,3,-2,-131
1767173595.3742385,0,-2,-127
1767173595.3842382,7,-6,-128
1767173595.3942382,4,-5,-128
1767173595.4042382,7,-7,-124
1767173595.4142382,2,-7,-121
1767173595.4242382,0,-7,-115
1767173595.4342382,0,-3,-114
1767173595.4442382,-2,-4,-119
1767173595.4542382,0,-1,-125
1767173595.4642382,-1,0,-124
1767173595.4742382,1,-2,-127
1767173595.484238,1,-2,-125
1767173595.494238,3,-6,-130
1767173595.504238,3,-4,-133
1767173595.514238,2,-10,-135
1767173595.524238,3,-6,-123
1767173595.534238,3,-7,-129
1767173595.544238,0,-4,-121
1767173595.554238,-1,-4,-120
1767173595.564238,0,-2,-123
1767173595.574238,0,-4,-130
1767173595.584238,-5,-7,-139
1767173595.594238,-6,-3,-137
1767173595.6042385,-12,-3,-133
1767173595.6142385,-7,-8,-131
1767173595.6242385,-2,-6,-128
1767173595.6342382,1,-5,-126
1767173595.6442382,4,-2,-128
1767173595.6542382,0,-2,-124
1767173595.6642382,0,-4,-126
1767173595.6742382,-1,-6,-122
1767173595.6842382,-5,-1,-122
1767173595.6942382,-3,1,-121
1767173595.7042382,-5,-1,-123
1767173595.7142382,-7,1,-120
1767173595.7242382,-6,4,-123
1767173595.734238,-1,2,-117
1767173595.744238,2,1,-121
1767173595.754238,3,4,-124
1767173595.764238,-1,6,-128
1767173595.775238,-2,3,-127
1767173595.784238,-1,2,-125
1767173595.7952385,-1,0,-119
1767173595.804238,3,0,-130
1767173595.8152382,1,1,-140
1767173595.8252382,0,1,-143
1767173595.8352382,3,4,-139
1767173595.8452382,3,5,-134
1767173595.8552382,-1,6,-130
1767173595.8652382,-5,3,-128
1767173595.8752382,-7,1,-125
1767173595.8852382,-6,1,-123
1767173595.8952382,-3,1,-125
1767173595.9052382,0,2,-124
1767173595.915238,2,0,-125
1767173595.925238,3,2,-127
1767173595.935238,1,1,-124
1767173595.945238,7,2,-118
1767173595.955238,6,0,-118
1767173595.965238,0,2,-117
1767173595.975238,-4,2,-115
1767173595.985238,-7,-1,-116
1767173595.995238,-7,-3,-118
1767173596.005238,-9,-4,-120
1767173596.015238,-9,-1,-121
1767173596.025238,-5,0,-118
1767173596.0352385,-5,0,-124
1767173596.0452385,-8,5,-127
1767173596.0552382,-9,2,-126
1767173596.0652382,-3,2,-120
1767173596.0752382,-3,0,-117
1767173596.0852382,-2,-2,-120
1767173596.0952382,1,-2,-128
1767173596.1052382,1,-4,-134
1767173596.1152382,4,-9,-134
1767173596.1252382,2,-7,-129
1767173596.1352382,2,-5,-123
1767173596.1452382,1,-2,-124
1767173596.1552382,4,0,-133
1767173596.165238,-1,1,-130
1767173596.1872382,-4,-4,-135
1767173596.195238,-10,-3,-124
1767173596.205238,-4,-2,-127
1767173596.215238,-2,-1,-130
1767173596.225238,-6,-1,-131
1767173596.235238,0,-4,-134
1767173596.245238,1,-7,-136
1767173596.255238,4,-3,-127
1767173596.265238,4,-4,-127
1767173596.275238,7,-6,-129
1767173596.2852385,4,-9,-126
1767173596.2952385,0,-6,-123
1767173596.3052382,2,-10,-127
1767173596.3152382,2,-7,-126
1767173596.3252382,0,-9,-129
1767173596.3352382,-2,-8,-130
1767173596.3452382,-2,-8,-135
1767173596.3552382,-2,-9,-130
1767173596.3652382,-2,-3,-129
1767173596.3752382,-1,-1,-126
1767173596.3852382,-3,2,-125
1767173596.3952382,-2,4,-123
1767173596.4052382,0,1,-120
1767173596.415238,9,0,-124
1767173596.425238,8,-4,-126
1767173596.435238,3,-5,-122
1767173596.445238,-2,-1,-115
1767173596.455238,-7,1,-116
1767173596.465238,-4,-3,-110
1767173596.475238,-5,-2,-109
1767173596.485238,-3,1,-112
1767173596.495238,-1,5,-120
1767173596.505238,0,3,-121
1767173596.515238,1,-3,-123
1767173596.525238,-1,-3,-125
1767173596.5352385,-1,-3,-124
1767173596.5452385,-3,0,-122
1767173596.5552382,-2,0,-121
1767173596.5652382,0,-3,-119
1767173596.5752382,4,-5,-123
1767173596.5852382,-1,-4,-127
1767173596.5952382,0,-4,-127
1767173596.6052382,1,-3,-125
1767173596.6152382,3,-1,-130
1767173596.6252382,3,-1,-129
1767173596.6352382,0,-4,-125
1767173596.6452382,0,-4,-118
1767173596.6552382,0,-5,-108
1767173596.665238,-1,-1,-103
1767173596.675238,-1,-3,-105
1767173596.685238,-1,-7,-107
1767173596.695238,3,-2,-114
1767173596.705238,3,-3,-118
1767173596.715238,0,-2,-131
1767173596.725238,2,-6,-136
1767173596.735238,-1,-6,-126
1767173596.745238,-4,-6,-134
1767173596.755238,0,-6,-133
1767173596.765238,0,-7,-128
1767173596.775238,-1,-11,-123
1767173596.7852385,-2,-8,-119
1767173596.7952385,5,-5,-113
1767173596.8052382,5,0,-112
1767173596.8152382,8,2,-114
1767173596.8252382,6,3,-117
1767173596.8352382,3,0,-121
1767173596.8452382,6,-1,-121
1767173596.8552382,3,-1,-127
1767173596.8652382,6,1,-133
1767173596.8752382,8,4,-136
1767173596.8852382,7,2,-129
1767173596.8952382,5,0,-134
1767173596.9052382,4,0,-127
1767173596.915238,7,-3,-121
1767173596.925238,5,-5,-123
1767173596.935238,3,-4,-123
1767173596.945238,5,-3,-121
1767173596.955238,7,0,-125
1767173596.965238,7,-2,-130
1767173596.975238,5,-3,-134
1767173596.985238,5,-3,-136
1767173596.995238,6,-5,-127
1767173597.005238,3,-5,-121
1767173597.015238,1,-4,-115
1767173597.025238,-1,-3,-113
1767173597.0352385,-3,-1,-112
1767173597.0452385,-5,-5,-114
1767173597.0552382,-3,-5,-119
1767173597.0652382,0,-5,-122
1767173597.0752382,1,-1,-127
1767173597.0852382,1,1,-120
1767173597.0952382,2,2,-127
1767173597.1052382,3,3,-127
1767173597.1152382,1,4,-120
1767173597.1252382,3,3,-123
1767173597.1352382,2,-2,-119
1767173597.1452382,0,-4,-128
1767173597.1552382,-3,-4,-131
1767173597.165238,-4,-1,-125
1767173597.175238,-1,-1,-126
1767173597.185238,0,-2,-124
1767173597.195238,0,-3,-126
1767173597.205238,2,-5,-130
1767173597.215238,3,-4,-129
1767173597.225238,1,-4,-129
1767173597.235238,1,-3,-129
1767173597.245238,-3,-2,-134
1767173597.255238,-7,-2,-135
1767173597.265238,-6,-1,-132
1767173597.275238,-3,0,-133
1767173597.2852385,-8,3,-128
1767173597.2952385,-2,5,-125
1767173597.3052382,-1,6,-120
1767173597.3152382,0,4,-125
1767173597.3252382,1,3,-122
1767173597.3352382,3,3,-123
1767173597.3452382,4,0,-124
1767173597.3552382,0,0,-122
1767173597.3652382,-5,0,-120
1767173597.3752382,-4,-2,-115
1767173597.3852382,-2,-3,-117
1767173597.3952382,-1,-6,-114
1767173597.4052382,-2,-7,-119
1767173597.415238,0,-7,-122
1767173597.425238,-2,-1,-128
1767173597.435238,-1,4,-121
1767173597.445238,-3,3,-125
1767173597.455238,-8,2,-130
1767173597.465238,-8,-4,-131
1767173597.475238,-5,0,-132
1767173597.485238,-7,0,-129
1767173597.495238,-5,4,-132
1767173597.505238,-4,2,-135
1767173597.515238,-1,0,-133
1767173597.525238,0,0,-134
1767173597.5352385,0,0,-135
1767173597.5452385,7,-3,-130
1767173597.5552382,4,-3,-124
1767173597.5652382,0,-4,-123
1767173597.5752382,-1,-5,-126
1767173597.5852382,-1,-4,-131
1767173597.5952382,0,-5,-133
1767173597.6052382,0,-3,-131
1767173597.6152382,3,-7,-122
1767173597.6252382,2,-4,-126
1767173597.6352382,1,0,-129
1767173597.6452382,0,-1,-123
1767173597.6552382,-3,0,-119
1767173597.665238,-1,0,-121
1767173597.675238,-1,-3,-126
1767173597.685238,0,0,-121
1767173597.695238,-4,0,-125
1767173597.705238,0,0,-124
1767173597.715238,0,-1,-120
1767173597.725238,4,0,-119
1767173597.735238,7,2,-133
1767173597.745238,6,0,-131
1767173597.755238,6,0,-129
1767173597.765238,5,-1,-134
1767173597.775238,4,-3,-127
1767173597.7852385,0,0,-129
1767173597.7952385,-1,0,-121
1767173597.8052382,-1,0,-116
1767173597.8152382,-1,0,-120
1767173597.8252382,0,-1,-121
1767173597.8352382,2,1,-122
1767173597.8452382,0,2,-128
1767173597.8552382,2,1,-127
1767173597.8652382,1,0,-129
1767173597.8752382,6,1,-128
1767173597.8852382,2,2,-131
1767173597.8952382,1,2,-131
1767173597.9052382,1,-1,-128
1767173597.915238,3,0,-129
1767173597.925238,0,-1,-123
1767173597.935238,-1,0,-127
1767173597.945238,1,0,-133
1767173597.955238,1,0,-133
1767173597.965238,-2,0,-132
1767173597.975238,-2,-1,-131
1767173597.985238,-1,0,-129
1767173597.995238,-2,5,-124
1767173598.005238,-1,5,-125
1767173598.015238,-2,5,-125
1767173598.025238,0,6,-122
1767173598.0352385,0,3,-122
1767173598.0452385,2,3,-126
1767173598.0552382,0,2,-127
1767173598.0652382,0,2,-126
1767173598.0752382,-4,1,-130
1767173598.0852382,-7,1,-128
1767173598.0952382,-4,0,-121
1767173598.106238,-2,-2,-111
1767173598.1152382,3,-2,-119
1767173598.1252382,-2,-5,-126
1767173598.1352382,-1,-7,-126
1767173598.1452382,0,-5,-121
1767173598.1552382,0,-6,-118
1767173598.165238,0,-2,-124
1767173598.175238,-1,-2,-121
1767173598.185238,-3,-4,-119
1767173598.195238,-1,-8,-116
1767173598.205238,-5,-9,-115
1767173598.215238,0,-3,-121
1767173598.225238,0,0,-127
1767173598.235238,-2,-2,-119
1767173598.245238,1,0,-116
1767173598.255238,4,-3,-120
1767173598.265238,1,-5,-127
1767173598.275238,-2,-5,-122
1767173598.2852385,-1,-12,-130
1767173598.2952385,-2,-4,-131
1767173598.3052382,1,-3,-126
1767173598.3152382,3,-1,-128
1767173598.3252382,4,-2,-128
1767173598.3352382,1,-3,-123
1767173598.3452382,-2,-3,-124
1767173598.3552382,-2,-5,-125
1767173598.3652382,-1,-4,-126
1767173598.3752382,3,-3,-128
1767173598.3852382,4,-4,-121
1767173598.3952382,4,-4,-124
1767173598.4052382,3,-2,-127
1767173598.415238,0,-2,-123
1767173598.425238,0,-4,-121
1767173598.435238,0,-6,-117
1767173598.445238,-1,-9,-115
1767173598.455238,0,-6,-118
1767173598.4662385,3,-5,-116
1767173598.4762385,2,-4,-118
1767173598.4862382,1,-4,-123
1767173598.4962382,-1,-5,-129
1767173598.5062382,0,-5,-121
1767173598.5162382,-2,-6,-122
1767173598.5262382,-3,-5,-129
1767173598.5362382,0,-3,-140
1767173598.5462382,2,-10,-140
1767173598.5562382,0,-7,-138
1767173598.5662382,-3,-9,-138
1767173598.5762382,-4,-9,-134
1767173598.586238,-8,-7,-125
1767173598.596238,-6,-10,-115
1767173598.606238,-5,-7,-118
1767173598.616238,-7,-4,-123
1767173598.626238,-5,0,-121
1767173598.636238,0,1,-135
1767173598.646238,-1,-1,-129
1767173598.656238,-1,-3,-126
1767173598.666238,0,-3,-131
1767173598.676238,0,0,-132
1767173598.686238,1,0,-131
1767173598.696238,-1,-4,-134
1767173598.7062385,-6,-9,-134
1767173598.7162385,-7,-10,-136
1767173598.7262385,-7,-7,-131
1767173598.7362382,-4,-6,-135
1767173598.7462382,-9,0,-135
1767173598.7562382,-8,2,-143
1767173598.7662382,-1,2,-140
1767173598.7762382,1,2,-137
1767173598.7862382,-6,-1,-141
1767173598.7962382,-4,-1,-138
1767173598.8062382,-4,-1,-138
1767173598.8162382,0,-4,-134
1767173598.8262382,-2,0,-134
1767173598.836238,1,2,-130
1767173598.846238,2,0,-133
1767173598.856238,1,-2,-133
1767173598.866238,0,-1,-132
1767173598.876238,0,-1,-128
1767173598.886238,1,0,-125
1767173598.896238,-2,0,-129
1767173598.906238,0,-2,-124
1767173598.916238,-4,-2,-128
1767173598.926238,0,-5,-129
1767173598.936238,0,-6,-132
1767173598.946238,0,-7,-124
1767173598.9562385,0,-6,-123
1767173598.9662385,1,-7,-120
1767173598.9762385,1,-9,-124
1767173598.9862382,6,-8,-127
1767173598.9962382,3,-8,-133
1767173599.0062382,0,-1,-140
1767173599.0162382,3,-2,-138
1767173599.0262382,5,0,-137
1767173599.0362382,8,-3,-136
1767173599.0462382,8,-4,-134
1767173599.0562382,4,-2,-129
1767173599.0662382,1,2,-129
1767173599.0762382,1,2,-123
1767173599.086238,0,0,-119
1767173599.096238,0,-2,-128
1767173599.106238,1,-6,-129
1767173599.116238,0,-7,-126
1767173599.126238,2,-10,-126
1767173599.136238,-1,-8,-126
1767173599.146238,-6,-4,-130
1767173599.156238,-1,-3,-128
1767173599.166238,-3,-4,-126
1767173599.176238,-9,-1,-124
1767173599.186238,-10,-2,-122
1767173599.196238,-3,0,-117
1767173599.2062385,-5,0,-117
1767173599.2162385,-3,0,-120
1767173599.2262385,-2,-2,-124
1767173599.2362382,-5,-4,-126
1767173599.2462382,-6,0,-126
1767173599.2562382,-5,0,-124
1767173599.2662382,-4,0,-125
1767173599.2762382,-2,3,-125
1767173599.2862382,0,1,-130
1767173599.2962382,1,-1,-126
1767173599.3062382,0,0,-123
1767173599.3162382,3,-1,-124
1767173599.3262382,0,-2,-116
1767173599.336238,-4,-7,-113
1767173599.346238,-6,-8,-110
1767173599.356238,-9,-6,-116
1767173599.366238,-7,-2,-124
1767173599.376238,-5,0,-129
1767173599.386238,-5,0,-131
1767173599.396238,-6,1,-130
1767173599.406238,-3,2,-122
1767173599.416238,0,0,-132
1767173599.426238,2,-2,-128
1767173599.436238,2,0,-127
1767173599.446238,0,1,-124
1767173599.4562385,2,-1,-128
1767173599.4662385,-1,-6,-130
1767173599.4762385,1,-3,-131
1767173599.4862382,0,-5,-130
1767173599.4962382,0,-2,-131
1767173599.5062382,1,-3,-124
1767173599.5162382,4,-4,-128
1767173599.5262382,3,0,-126
1767173599.5362382,-1,0,-118
1767173599.5462382,-4,2,-114
1767173599.5562382,-5,4,-114
1767173599.5662382,-4,6,-118
1767173599.5762382,-3,6,-125
1767173599.586238,-2,6,-124
1767173599.596238,-7,1,-130
1767173599.606238,0,5,-125
1767173599.616238,0,3,-124
1767173599.626238,-2,2,-127
1767173599.636238,-1,3,-125
1767173599.646238,1,2,-125
1767173599.656238,6,6,-125
1767173599.666238,4,8,-121
1767173599.676238,1,6,-125
1767173599.686238,-4,2,-133
1767173599.696238,-4,5,-130
1767173599.7062385,-5,6,-127
1767173599.7162385,-5,4,-129
1767173599.7262385,-3,4,-125
1767173599.7362382,-2,3,-125
1767173599.7462382,2,1,-127
1767173599.7562382,2,0,-133
1767173599.7662382,4,0,-129
1767173599.7762382,2,1,-121
1767173599.7862382,1,4,-124
1767173599.7962382,-1,1,-129
1767173599.8062382,0,2,-128
1767173599.8162382,-2,2,-126
1767173599.8262382,-4,0,-127
1767173599.836238,-5,-2,-124
1767173599.846238,-7,-1,-128
1767173599.856238,-7,-1,-131
1767173599.866238,-8,-2,-127
1767173599.876238,-9,-1,-122
1767173599.886238,-7,0,-121
1767173599.896238,-5,2,-125
1767173599.906238,-1,2,-125
1767173599.916238,1,-3,-122
1767173599.926238,1,-3,-116
1767173599.936238,0,-4,-117
1767173599.946238,5,-6,-120
1767173599.9562385,7,0,-120
1767173599.9662385,3,1,-123
1767173599.9762385,5,0,-124
1767173599.9862382,2,2,-121
1767173599.9962382,1,3,-122
1767173600.0062382,0,3,-121
1767173600.0162382,-1,2,-122
1767173600.0262382,1,0,-120
1767173600.0362382,1,-1,-127
1767173600.0462382,0,-2,-128
1767173600.0562382,-1,-4,-126
1767173600.0662382,3,-3,-127
1767173600.0762382,7,-1,-132
1767173600.086238,5,0,-120
1767173600.096238,2,0,-117
1767173600.106238,1,-4,-118
1767173600.116238,-3,-5,-113
1767173600.126238,-1,0,-120
1767173600.136238,-1,-1,-126
1767173600.146238,0,-4,-127
1767173600.156238,3,-5,-128
1767173600.166238,3,-9,-129
1767173600.176238,0,-6,-133
1767173600.186238,6,0,-128
1767173600.196238,2,-1,-128
1767173600.2062385,0,-4,-123
1767173600.2162385,0,-3,-131
1767173600.2262385,2,-4,-129
1767173600.2362382,0,-3,-127
1767173600.2462382,-2,-7,-125
1767173600.2562382,0,-11,-122
1767173600.2662382,-1,-13,-121
1767173600.2762382,-4,-8,-119
1767173600.2862382,-3,-2,-120
1767173600.2962382,0,0,-127
1767173600.3062382,0,-1,-127
1767173600.3162382,0,-7,-132
1767173600.3262382,0,-6,-128
1767173600.336238,1,-5,-124
1767173600.346238,2,-5,-124
1767173600.356238,1,-3,-133
1767173600.366238,3,-2,-133
1767173600.376238,0,-5,-129
1767173600.386238,0,-1,-128
1767173600.396238,0,0,-134
1767173600.406238,0,2,-128
1767173600.416238,-3,-1,-124
1767173600.426238,0,0,-124
1767173600.436238,-2,2,-127
1767173600.446238,-4,3,-126
1767173600.4562385,0,2,-131
1767173600.4662385,0,-4,-133
1767173600.4762385,1,-6,-131
1767173600.4862382,0,-1,-129
1767173600.4962382,0,1,-131
1767173600.5062382,0,0,-137
1767173600.5162382,-2,-1,-144
1767173600.5262382,0,1,-134
1767173600.5362382,3,1,-131
1767173600.5462382,1,0,-129
1767173600.5562382,0,0,-128
1767173600.5662382,-9,-3,-126
1767173600.5762382,-4,-5,-122
1767173600.586238,-2,-3,-120
1767173600.596238,-2,-4,-122
1767173600.606238,-1,-3,-123
1767173600.616238,-1,-2,-123
1767173600.626238,-2,0,-119
1767173600.636238,-3,-2,-122
1767173600.646238,-6,-2,-124
1767173600.656238,-6,-1,-133
1767173600.666238,-5,0,-137
1767173600.676238,-1,0,-130
1767173600.686238,-1,1,-128
1767173600.696238,-2,3,-122
1767173600.7062385,0,-1,-113
1767173600.7162385,-1,-2,-115
1767173600.7262385,0,0,-117
1767173600.7362382,-1,1,-119
1767173600.7462382,-4,0,-119
1767173600.7562382,-5,-3,-127
1767173600.7662382,-3,-2,-136
1767173600.7762382,0,0,-143
1767173600.7862382,-1,0,-137
1767173600.7962382,0,4,-130
1767173600.8062382,-2,6,-126
1767173600.8162382,-1,5,-123
1767173600.8262382,-2,-1,-122
1767173600.836238,-3,-4,-126
1767173600.846238,-2,0,-130
1767173600.856238,-2,1,-131
1767173600.866238,0,1,-128
1767173600.876238,-2,2,-130
1767173600.886238,-4,2,-130
1767173600.896238,-7,0,-133
1767173600.906238,-6,-5,-124
1767173600.916238,-3,-3,-121
1767173600.926238,-6,-6,-121
1767173600.936238,-7,-5,-125
1767173600.946238,-4,-7,-122
1767173600.9562385,-6,-9,-121
1767173600.9662385,-2,-9,-121
1767173600.9762385,-2,-7,-116
1767173600.9862382,-1,-4,-117
1767173600.9962382,-2,-3,-112
1767173601.0062382,0,2,-108
1767173601.0162382,3,3,-114
1767173601.0262382,0,0,-115
1767173601.0362382,-4,2,-120
1767173601.047238,-4,0,-120
1767173601.0562382,-1,-5,-118
1767173601.067238,0,-4,-115
1767173601.0762382,4,-3,-115
1767173601.087238,-1,-5,-118
1767173601.097238,-1,-5,-125
1767173601.107238,-2,-5,-129
1767173601.117238,0,-3,-137
1767173601.127238,-1,-2,-138
1767173601.1372385,-3,-2,-135
1767173601.1472385,0,-8,-135
1767173601.1572382,3,-3,-137
1767173601.1672382,4,-1,-138
1767173601.1782382,2,-1,-135
1767173601.199238,2,-3,-117
1767173601.2072382,2,-2,-113
1767173601.2172382,-1,1,-119
1767173601.2272382,-2,0,-123
1767173601.2372382,1,1,-124
1767173601.2472382,3,0,-122
1767173601.257238,4,1,-123
1767173601.267238,0,5,-119
1767173601.277238,2,5,-120
1767173601.287238,2,0,-123
1767173601.297238,4,0,-125
1767173601.307238,4,3,-121
1767173601.317238,3,2,-121
1767173601.327238,2,1,-123
1767173601.337238,2,0,-124
1767173601.347238,1,-1,-128
1767173601.357238,4,2,-129
1767173601.367238,8,-1,-131
1767173601.377238,9,-4,-136
1767173601.3872385,9,-5,-135
1767173601.3972385,1,-7,-135
1767173601.4072382,4,-11,-129
1767173601.4172382,2,-12,-128
1767173601.4272382,1,-9,-127
1767173601.4372382,-1,-5,-130
1767173601.4472382,-2,-1,-124
1767173601.4572382,1,-4,-122
1767173601.4672382,1,-3,-125
1767173601.4772382,0,-5,-127
1767173601.4872382,0,0,-123
1767173601.4972382,0,1,-124
1767173601.507238,2,4,-124
1767173601.517238,2,8,-132
1767173601.527238,4,10,-141
1767173601.537238,6,10,-144
1767173601.547238,4,8,-143
1767173601.557238,3,10,-136
1767173601.567238,0,4,-131
1767173601.577238,-5,4,-128
1767173601.587238,-8,3,-130
1767173601.597238,-8,4,-129
1767173601.607238,-9,-2,-138
1767173601.617238,-5,-3,-132
1767173601.627238,-3,-3,-129
1767173601.6372385,-9,-5,-130
1767173601.6472385,-11,-3,-125
1767173601.6572382,-14,-3,-124
1767173601.6672382,-11,-2,-118
1767173601.6772382,-6,-6,-127
1767173601.6872382,-3,-6,-129
1767173601.6972382,-1,-7,-127
1767173601.7072382,1,-8,-125
1767173601.7172382,3,-9,-123
1767173601.7272382,1,-11,-120
1767173601.7372382,2,-7,-128
1767173601.7472382,-1,-7,-130
1767173601.757238,-1,-6,-128
1767173601.767238,-1,-4,-128
1767173601.777238,2,-5,-125
1767173601.787238,1,-4,-130
1767173601.797238,0,-5,-132
1767173601.807238,0,-5,-123
1767173601.817238,0,-2,-125
1767173601.827238,2,-2,-132
1767173601.837238,1,-3,-125
1767173601.847238,6,0,-127
1767173601.857238,5,1,-129
1767173601.867238,7,-1,-132
1767173601.877238,6,-3,-126
1767173601.8872385,2,-1,-127
1767173601.8972385,0,-1,-126
1767173601.9072382,0,-1,-126
1767173601.9172382,-2,0,-121
1767173601.9272382,-1,-1,-121
1767173601.9372382,-7,-3,-118
1767173601.9472382,0,-2,-122
1767173601.9572382,-4,-4,-122
1767173601.9672382,-7,-5,-129
1767173601.9772382,-6,-3,-117
1767173601.9872382,-8,-3,-118
1767173601.9972382,-9,0,-126
1767173602.007238,-8,2,-129
1767173602.017238,-7,0,-130
1767173602.027238,-3,-1,-128
1767173602.037238,-4,-1,-128
1767173602.047238,-5,-2,-131
1767173602.057238,-4,-3,-127
1767173602.067238,-2,-6,-127
1767173602.077238,1,-4,-129
1767173602.087238,3,-4,-121
1767173602.097238,7,-4,-125
1767173602.107238,7,-4,-120
1767173602.117238,11,-3,-125
1767173602.127238,12,-3,-129
1767173602.1372385,12,-3,-131
1767173602.1472385,8,-4,-129
1767173602.1572382,6,-6,-128
1767173602.1672382,5,-6,-127
1767173602.1772382,6,-5,-130
1767173602.1872382,0,-2,-132
1767173602.1972382,0,-3,-128
1767173602.2072382,4,-2,-129
1767173602.2172382,4,-1,-131
1767173602.2272382,1,4,-130
1767173602.2372382,0,0,-132
1767173602.2472382,2,-2,-135
1767173602.257238,3,-6,-133
1767173602.267238,5,-6,-132
1767173602.277238,1,-6,-134
1767173602.287238,3,-6,-136
1767173602.297238,1,-6,-133
1767173602.307238,0,-10,-127
1767173602.317238,0,-9,-132
1767173602.327238,0,-5,-133
1767173602.337238,0,-1,-139
1767173602.347238,5,0,-138
1767173602.357238,3,-1,-129
1767173602.367238,1,0,-134
1767173602.377238,3,0,-126
1767173602.3872385,5,2,-120
1767173602.3972385,7,4,-120
1767173602.4072382,4,1,-120
1767173602.4172382,-2,0,-116
1767173602.4272382,-4,-1,-121
1767173602.4372382,-5,0,-126
1767173602.4472382,-1,0,-120
1767173602.4572382,-1,-1,-122
1767173602.4672382,-5,-1,-132
1767173602.4772382,-3,0,-130
1767173602.4872382,-4,-1,-126
1767173602.4972382,-2,-2,-121
1767173602.507238,2,0,-123
1767173602.517238,-1,1,-123
1767173602.527238,-2,3,-116
1767173602.537238,-2,2,-118
1767173602.547238,0,0,-121
1767173602.557238,0,-1,-114
1767173602.567238,0,0,-115
1767173602.577238,-5,-2,-126
1767173602.587238,-4,-4,-130
1767173602.597238,-5,-8,-131
1767173602.607238,-2,-3,-137
1767173602.617238,-1,-3,-136
1767173602.627238,2,-1,-138
1767173602.6372385,1,-1,-131
1767173602.6472385,-1,-3,-133
1767173602.6572382,-2,-7,-126
1767173602.6672382,-3,-2,-126
1767173602.6772382,0,-2,-121
1767173602.6872382,-2,-7,-122
1767173602.6972382,-2,-11,-124
1767173602.7072382,0,-10,-124
1767173602.7172382,0,-8,-121
1767173602.7272382,2,-6,-118
1767173602.7372382,4,-4,-116
1767173602.7472382,2,-8,-111
1767173602.757238,1,-3,-108
1767173602.767238,3,-4,-111
1767173602.777238,9,-5,-120
1767173602.787238,7,-4,-122
1767173602.797238,4,-2,-126
1767173602.807238,5,0,-137
1767173602.817238,3,4,-130
1767173602.827238,0,4,-125
1767173602.837238,-1,1,-121
1767173602.847238,0,1,-118
1767173602.857238,0,0,-129
1767173602.867238,1,-2,-135
1767173602.877238,5,0,-133
1767173602.8872385,6,-1,-131
1767173602.8972385,3,-1,-134
1767173602.9072382,4,-3,-131
1767173602.9172382,4,-1,-129
1767173602.9272382,2,-3,-130
1767173602.9372382,0,-3,-126
1767173602.9472382,1,-3,-124
1767173602.9572382,6,-2,-131
1767173602.9672382,5,0,-133
1767173602.9772382,5,-4,-139
1767173602.9872382,5,-2,-134
1767173602.9972382,1,-3,-129
1767173603.007238,-2,-3,-126
1767173603.017238,-2,-2,-127
1767173603.027238,1,-2,-124
1767173603.037238,3,-1,-122
1767173603.047238,1,2,-126
1767173603.057238,2,0,-119
1767173603.067238,3,-1,-121
1767173603.077238,3,0,-118
1767173603.087238,-2,1,-120
1767173603.097238,-2,5,-122
1767173603.107238,-2,5,-113
1767173603.117238,-2,7,-112
1767173603.127238,1,6,-114
1767173603.1372385,0,7,-122
1767173603.1472385,2,5,-123
1767173603.1572382,3,0,-120
1767173603.1672382,-3,-3,-118
1767173603.1772382,-1,-6,-127
1767173603.1872382,-1,-3,-127
1767173603.1972382,0,-4,-125
1767173603.2072382,2,-7,-126
1767173603.2172382,0,-9,-127
1767173603.2272382,1,-10,-123
1767173603.2372382,1,-10,-131
1767173603.2472382,-2,-7,-130
1767173603.257238,-4,-5,-125
1767173603.267238,-6,-5,-128
1767173603.277238,-8,-3,-127
1767173603.287238,-14,-5,-128
1767173603.297238,-13,-6,-128
1767173603.307238,-15,-3,-123
1767173603.317238,-12,-2,-120
1767173603.327238,-11,0,-125
1767173603.337238,-8,0,-125
1767173603.347238,-4,1,-123
1767173603.357238,0,1,-131
1767173603.367238,0,-3,-127
1767173603.377238,3,-3,-125
1767173603.3872385,3,0,-124
1767173603.3972385,5,1,-121
1767173603.4072382,2,1,-123
1767173603.4172382,1,2,-127
1767173603.4272382,-1,6,-132
1767173603.4372382,0,4,-131
1767173603.4472382,2,3,-130
1767173603.4572382,4,2,-128
1767173603.4672382,0,-2,-137
1767173603.4772382,-4,0,-133
1767173603.4872382,-3,1,-133
1767173603.4972382,-2,0,-130
1767173603.507238,1,-1,-125
1767173603.517238,3,0,-121
1767173603.527238,0,3,-127
1767173603.537238,1,-1,-136
1767173603.547238,-6,-3,-142
1767173603.557238,-6,0,-137
1767173603.567238,-1,2,-131
1767173603.577238,-2,6,-121
1767173603.587238,-2,4,-123
1767173603.597238,-5,0,-121
1767173603.607238,-1,0,-120
1767173603.617238,-1,1,-124
1767173603.627238,-4,1,-124
1767173603.6372385,-1,0,-125
1767173603.6472385,0,1,-117
1767173603.6572382,0,1,-119
1767173603.6672382,3,0,-120
1767173603.6772382,4,-2,-121
1767173603.6872382,6,1,-124
1767173603.698238,5,-3,-132
1767173603.708238,6,-5,-130
1767173603.718238,5,-5,-127
1767173603.7272382,3,-2,-127
1767173603.738238,3,-3,-130
1767173603.748238,0,-8,-135
1767173603.758238,-5,-8,-132
1767173603.768238,-9,-6,-129
1767173603.778238,-5,-3,-129
1767173603.788238,-2,-1,-127
1767173603.798238,0,-4,-124
1767173603.8082385,4,-5,-129
1767173603.8182385,1,-10,-130
1767173603.8282382,-1,-9,-127
1767173603.8382382,-1,-14,-124
1767173603.8482382,-7,-13,-122
1767173603.8582382,-8,-14,-118
1767173603.8682382,-6,-11,-125
1767173603.8782382,-3,-9,-128
1767173603.8882382,-2,-10,-133
1767173603.8982382,-4,-2,-133
1767173603.9082382,-8,-4,-136
1767173603.9182382,-4,-4,-137
1767173603.9282382,0,-6,-138
1767173603.938238,1,-4,-130
1767173603.948238,0,-4,-131
1767173603.958238,0,-6,-133
1767173603.968238,2,-7,-132
1767173603.978238,-1,-1,-136
1767173603.988238,0,-5,-130
1767173603.998238,-2,-3,-125
1767173604.008238,0,-2,-124
1767173604.018238,0,1,-123
1767173604.028238,0,0,-125
1767173604.038238,3,0,-124
1767173604.048238,-1,-1,-127
1767173604.0582385,-5,-2,-131
1767173604.0682385,-3,0,-130
1767173604.0782382,-4,-2,-124
1767173604.0882382,-3,0,-129
1767173604.0982382,-6,0,-130
1767173604.1082382,-7,2,-124
1767173604.1182382,-1,2,-132
1767173604.1282382,0,0,-126
1767173604.1382382,-2,2,-124
1767173604.1482382,-4,2,-122
1767173604.1582382,-4,3,-122
1767173604.1682382,-3,0,-118
1767173604.1782382,3,3,-121
1767173604.188238,0,3,-124
1767173604.198238,-3,4,-125
1767173604.208238,-5,0,-123
1767173604.218238,-3,-2,-124
1767173604.228238,-5,-7,-131
1767173604.238238,-2,-7,-140
1767173604.248238,-1,-4,-138
1767173604.258238,-1,-1,-140
1767173604.268238,1,-3,-133
1767173604.278238,3,-1,-132
1767173604.288238,-4,-2,-131
1767173604.298238,-5,0,-131
1767173604.3082385,-5,3,-134
1767173604.3182385,-5,2,-135
1767173604.3282382,-8,-2,-139
1767173604.3382382,-5,-3,-135
1767173604.3482382,-7,-2,-135
1767173604.3582382,-4,-7,-135
1767173604.3682382,0,-6,-136
1767173604.3782382,-3,0,-137
1767173604.3882382,-2,0,-134
1767173604.3982382,0,-1,-129
1767173604.4082382,0,0,-127
1767173604.4182382,0,0,-130
1767173604.4282382,1,2,-130
1767173604.438238,-1,6,-128
1767173604.448238,-1,-1,-121
1767173604.458238,-3,-4,-123
1767173604.468238,-1,-3,-119
1767173604.478238,-2,-1,-119
1767173604.488238,-1,-1,-125
1767173604.498238,0,-1,-126
1767173604.508238,0,1,-129
1767173604.518238,3,2,-129
1767173604.528238,0,2,-129
1767173604.538238,0,2,-125
1767173604.548238,-5,-2,-126
1767173604.5582385,0,0,-131
1767173604.5682385,1,-4,-128
1767173604.5782382,-4,-4,-126
1767173604.5882382,-8,-5,-130
1767173604.5982382,-7,-7,-129
1767173604.6082382,-5,-5,-126
1767173604.6182382,-4,-5,-127
1767173604.6282382,0,-2,-127
1767173604.6382382,3,-2,-120
1767173604.6482382,5,-4,-116
1767173604.6582382,1,-5,-116
1767173604.6682382,1,-6,-119
1767173604.6782382,6,-10,-118
1767173604.688238,4,-11,-119
1767173604.698238,5,-10,-121
1767173604.708238,9,-7,-126
1767173604.718238,7,-8,-132
1767173604.728238,2,-8,-131
1767173604.738238,-2,-9,-129
1767173604.748238,-2,-5,-129
1767173604.758238,0,-3,-124
1767173604.768238,5,-3,-121
1767173604.778238,0,-3,-123
1767173604.788238,-1,-1,-126
1767173604.798238,1,-3,-128
1767173604.8082385,0,-3,-124
1767173604.8182385,-3,-5,-128
1767173604.8282382,-2,-5,-128
1767173604.8382382,0,-2,-126
1767173604.8482382,-2,0,-129
1767173604.8582382,-3,4,-130
1767173604.8682382,-5,1,-121
1767173604.8782382,-2,0,-123
1767173604.8882382,-3,0,-122
1767173604.8982382,-7,0,-123
1767173604.9082382,-8,-1,-122
1767173604.9182382,-5,-1,-121
1767173604.9282382,-5,-3,-118
1767173604.938238,-3,-4,-122
1767173604.948238,-1,0,-121
1767173604.958238,0,-1,-120
1767173604.968238,-3,1,-126
1767173604.978238,1,-1,-133
1767173604.988238,-5,0,-130
1767173604.998238,-4,2,-125
1767173605.008238,-6,0,-118
1767173605.018238,-2,-2,-117
1767173605.028238,-5,-5,-115
1767173605.038238,-3,-6,-117
1767173605.048238,-7,-7,-122
1767173605.0582385,-7,-6,-126
1767173605.0682385,-8,-4,-129
1767173605.0782382,-6,-5,-131
1767173605.0882382,-5,-5,-130
1767173605.0982382,0,-5,-130
1767173605.1082382,0,1,-123
1767173605.1182382,0,0,-119
1767173605.1282382,-2,-1,-113
1767173605.1382382,-3,-2,-115
1767173605.1482382,-3,-3,-119
1767173605.1582382,-2,-3,-123
1767173605.1682382,-1,-4,-119
1767173605.1782382,-1,-2,-122
1767173605.188238,-6,0,-129
1767173605.198238,-6,-4,-131
1767173605.208238,-6,-3,-131
1767173605.218238,-5,-1,-124
1767173605.228238,-1,-1,-124
1767173605.238238,5,-3,-121
1767173605.248238,2,-2,-122
1767173605.258238,1,-1,-119
1767173605.268238,1,0,-121
1767173605.278238,5,-3,-121
1767173605.288238,2,-1,-129
1767173605.298238,1,-1,-132
1767173605.3082385,4,-1,-131
1767173605.3182385,-1,1,-129
1767173605.3282382,-2,0,-130
1767173605.3382382,-2,-1,-126
1767173605.3482382,-7,0,-128
1767173605.3582382,-5,2,-128
1767173605.3682382,-2,1,-123
1767173605.3782382,-1,3,-123
1767173605.3882382,-4,3,-128
1767173605.3982382,-4,2,-125
1767173605.4082382,0,1,-125
1767173605.4182382,-3,0,-128
1767173605.4282382,-5,-5,-124
1767173605.438238,-10,-6,-121
1767173605.448238,-9,-3,-126
1767173605.458238,-6,-4,-128
1767173605.468238,-5,-1,-123
1767173605.4792385,-7,-2,-127
1767173605.488238,-6,-1,-127
1767173605.498238,0,-2,-122
1767173605.508238,4,-5,-122
1767173605.518238,3,-3,-131
1767173605.528238,0,-2,-136
1767173605.538238,1,4,-135
1767173605.548238,1,1,-133
1767173605.5582385,1,5,-131
1767173605.5682385,0,3,-131
1767173605.5782382,-3,1,-132
1767173605.5882382,-5,4,-130
1767173605.5982382,-1,0,-130
1767173605.6082382,-4,0,-123
1767173605.6182382,-6,1,-120
1767173605.6282382,-6,-1,-123
1767173605.6382382,-5,-2,-123
1767173605.6482382,-2,1,-123
1767173605.6582382,-1,1,-130
1767173605.6682382,0,0,-133
1767173605.6782382,-5,-4,-129
1767173605.688238,-3,-2,-130
1767173605.698238,0,0,-131
1767173605.708238,4,0,-124
1767173605.718238,0,-1,-122
1767173605.728238,-2,-3,-123
1767173605.738238,-7,-4,-124
1767173605.748238,-4,0,-119
1767173605.758238,-1,4,-119
1767173605.768238,-2,2,-121
1767173605.778238,-3,4,-113
1767173605.788238,-4,3,-112
1767173605.798238,0,1,-110
1767173605.8082385,3,-4,-108
1767173605.8182385,2,-6,-111
1767173605.8282382,-2,-3,-114
1767173605.8382382,-2,-3,-119
1767173605.8482382,1,-4,-121
1767173605.8582382,0,-6,-123
1767173605.8682382,-1,-9,-130
1767173605.8782382,2,-8,-133
1767173605.8882382,3,-7,-132
1767173605.8982382,3,-8,-127
1767173605.9082382,3,-6,-124
1767173605.9182382,4,-6,-126
1767173605.9282382,4,-6,-127
1767173605.938238,4,-8,-122
1767173605.948238,2,-9,-123
1767173605.958238,0,-2,-119
1767173605.968238,-3,2,-116
1767173605.978238,-3,-1,-118
1767173605.988238,-7,2,-127
1767173605.998238,-7,0,-125
1767173606.008238,-8,0,-117
1767173606.018238,-8,-1,-120
1767173606.028238,-5,-3,-123
1767173606.038238,-3,-1,-114
1767173606.048238,0,-1,-112
1767173606.0582385,-4,-2,-120
1767173606.0682385,-4,-2,-118
1767173606.0782382,-5,-2,-120
1767173606.0882382,-6,-3,-126
1767173606.0982382,-6,-4,-123
1767173606.1082382,-3,-4,-119
1767173606.1182382,-5,-5,-125
1767173606.1282382,-2,-6,-127
1767173606.1382382,0,-6,-130
1767173606.1482382,-1,-8,-130
1767173606.1582382,-3,-6,-130
1767173606.1682382,-4,-3,-124
1767173606.1782382,-10,-5,-121
1767173606.188238,-8,-9,-122
1767173606.2102382,-5,-6,-127
1767173606.218238,2,-2,-121
1767173606.228238,0,0,-117
1767173606.238238,5,-1,-117
1767173606.248238,1,1,-125
1767173606.258238,-1,-1,-126
1767173606.268238,-2,-2,-119
1767173606.278238,-3,0,-118
1767173606.288238,-3,-2,-115
1767173606.298238,-3,-8,-114
1767173606.3082385,3,-10,-116
1767173606.3182385,0,-12,-118
1767173606.3292382,-2,-12,-120
1767173606.3392382,-3,-10,-121
1767173606.3482382,0,-6,-123
1767173606.359238,-3,-6,-126
1767173606.369238,-3,-6,-125
1767173606.379238,-1,-6,-118
1767173606.389238,3,-6,-120
1767173606.399238,1,-7,-123
1767173606.409238,2,-4,-119
1767173606.419238,-2,-6,-112
1767173606.429238,-2,-2,-114
1767173606.439238,-1,-2,-118
1767173606.449238,-1,0,-118
1767173606.459238,2,0,-121
1767173606.469238,3,-1,-122
1767173606.4792385,2,-3,-118
1767173606.4892385,3,-1,-117
1767173606.4992385,0,-2,-113
1767173606.5092382,1,-1,-113
1767173606.5192382,0,-5,-117
1767173606.5292382,2,-2,-122
1767173606.5392382,-2,-3,-126
1767173606.5492382,-4,-6,-127
1767173606.5592382,0,-7,-128
1767173606.5692382,0,-9,-120
1767173606.5792382,2,-7,-120
1767173606.5892382,2,-5,-119
1767173606.5992382,3,1,-127
1767173606.609238,5,-1,-132
1767173606.619238,2,-2,-124
1767173606.629238,3,-3,-112
1767173606.639238,0,-1,-112
1767173606.649238,6,-5,-111
1767173606.659238,4,-10,-114
1767173606.669238,0,-12,-118
1767173606.679238,-4,-11,-124
1767173606.689238,-5,-10,-122
1767173606.699238,-2,-6,-122
1767173606.709238,0,-7,-128
1767173606.719238,-2,-4,-126
1767173606.7292385,-6,-4,-124
1767173606.7392385,-8,-6,-122
1767173606.7492385,-6,-5,-115
1767173606.7592382,-4,-8,-119
1767173606.7692382,0,-10,-119
1767173606.7792382,4,-12,-123
1767173606.7892382,2,-8,-128
1767173606.7992382,3,-10,-126
1767173606.8092382,3,-10,-124
1767173606.8192382,8,-8,-122
1767173606.8292382,3,-3,-118
1767173606.8392382,2,2,-127
1767173606.8492382,1,-1,-127
1767173606.859238,0,0,-122
1767173606.869238,-2,-3,-124
1767173606.879238,0,-1,-123
1767173606.889238,0,1,-126
1767173606.899238,1,1,-129
1767173606.909238,2,1,-130
1767173606.919238,-2,4,-123
1767173606.929238,-3,3,-121
1767173606.939238,1,0,-127
1767173606.949238,6,-3,-133
1767173606.959238,6,0,-128
1767173606.969238,7,-1,-124
1767173606.9792385,5,0,-122
1767173606.9892385,3,0,-113
1767173606.9992385,0,0,-117
1767173607.0092382,2,0,-122
1767173607.0192382,4,0,-130
1767173607.0292382,0,-1,-135
1767173607.0392382,-5,-3,-135
1767173607.0492382,-6,-7,-141
1767173607.0592382,-3,-3,-139
1767173607.0692382,-1,-3,-137
1767173607.0792382,2,0,-135
1767173607.0892382,2,-3,-137
1767173607.0992382,0,-6,-139
1767173607.109238,2,-3,-138
1767173607.119238,2,-2,-140
1767173607.129238,5,-5,-135
1767173607.139238,2,-3,-131
1767173607.149238,7,-4,-127
1767173607.159238,8,-2,-133
1767173607.169238,3,-2,-127
1767173607.179238,-1,-1,-131
1767173607.189238,-3,-2,-127
1767173607.199238,-4,0,-128
1767173607.209238,-2,0,-129
1767173607.219238,-4,0,-122
1767173607.2292385,-4,1,-114
1767173607.2392385,-4,-1,-123
1767173607.2492385,-7,-4,-131
1767173607.2592382,-4,-3,-125
1767173607.2692382,-4,-2,-130
1767173607.2792382,-4,-2,-128
1767173607.2892382,-7,0,-126
1767173607.2992382,-5,1,-131
1767173607.3092382,-4,-2,-129
1767173607.3192382,0,-1,-126
1767173607.3292382,1,-4,-122
1767173607.3392382,0,-4,-117
1767173607.3492382,-2,-2,-127
1767173607.359238,-5,0,-126
1767173607.369238,-4,0,-124
1767173607.379238,-3,1,-122
1767173607.389238,-2,0,-126
1767173607.399238,0,0,-131
1767173607.409238,4,1,-126
1767173607.419238,3,0,-132
1767173607.429238,4,3,-134
1767173607.439238,3,3,-138
1767173607.449238,1,-2,-136
1767173607.459238,0,-4,-134
1767173607.469238,-1,-4,-132
1767173607.4792385,-1,-2,-127
1767173607.4892385,0,-1,-121
1767173607.4992385,0,0,-118
1767173607.5092382,-1,-5,-112
1767173607.5192382,-2,-5,-112
1767173607.5292382,-8,-6,-122
1767173607.5392382,-7,-7,-129
1767173607.5492382,-8,-9,-133
1767173607.5592382,-9,-7,-133
1767173607.5692382,-5,-6,-133
1767173607.5792382,-5,-2,-126
1767173607.5892382,-5,0,-124
1767173607.5992382,-7,0,-121
1767173607.609238,-4,0,-121
1767173607.619238,-2,0,-122
1767173607.629238,-1,3,-123
1767173607.639238,-3,1,-131
1767173607.649238,-6,-2,-134
1767173607.659238,-5,-5,-134
1767173607.669238,-3,-4,-132
1767173607.679238,-4,-4,-130
1767173607.689238,-4,-1,-129
1767173607.699238,-6,0,-126
1767173607.709238,-6,1,-124
1767173607.719238,-5,-3,-123
1767173607.7292385,-1,-4,-125
1767173607.7392385,-1,-8,-132
1767173607.7492385,2,-7,-128
1767173607.7592382,6,-8,-133
1767173607.7692382,7,-5,-134
1767173607.7792382,7,0,-131
1767173607.7892382,5,1,-127
1767173607.7992382,-2,0,-126
1767173607.8092382,0,0,-125
1767173607.8192382,-1,-1,-119
1767173607.8292382,0,-1,-118
1767173607.8392382,0,0,-119
1767173607.8492382,2,0,-120
1767173607.859238,4,-2,-122
1767173607.869238,5,0,-129
1767173607.879238,0,0,-122
1767173607.889238,3,1,-124
1767173607.899238,0,2,-125
1767173607.909238,1,1,-125
1767173607.919238,0,0,-127
1767173607.929238,0,-2,-131
1767173607.939238,-4,3,-131
1767173607.949238,-4,3,-129
1767173607.959238,-3,4,-131
1767173607.969238,-4,2,-130
1767173607.9792385,-3,2,-124
1767173607.9892385,-4,0,-128
1767173607.9992385,-4,-1,-130
1767173608.0092382,-2,0,-133
1767173608.0192382,1,-1,-129
1767173608.0292382,1,-9,-129
1767173608.0392382,-1,-10,-129
1767173608.0492382,-1,-11,-122
1767173608.0592382,0,-11,-128
1767173608.0692382,3,-8,-135
1767173608.0792382,1,-4,-142
1767173608.0892382,0,-4,-145
1767173608.0992382,-1,0,-143
1767173608.109238,1,-5,-143
1767173608.119238,4,-5,-143
1767173608.129238,2,0,-133
1767173608.139238,0,2,-129
1767173608.149238,1,2,-133
1767173608.159238,-4,0,-134
1767173608.169238,-4,-5,-136
1767173608.179238,-4,-4,-131
1767173608.189238,-7,-4,-134
1767173608.199238,-4,0,-133
1767173608.209238,4,0,-128
1767173608.219238,-1,0,-124
1767173608.2292385,-5,1,-121
1767173608.2392385,-9,0,-125
1767173608.2492385,-3,0,-131
1767173608.2592382,-5,-2,-130
1767173608.2692382,-2,-5,-126
1767173608.2792382,-1,-6,-126
1767173608.2892382,-2,-4,-125
1767173608.2992382,-6,-3,-122
1767173608.3092382,-4,0,-121
1767173608.3192382,-3,0,-126
1767173608.3292382,-3,0,-132
1767173608.3392382,0,-4,-125
1767173608.3492382,-4,-3,-125
1767173608.359238,-3,-3,-127
1767173608.369238,-4,-3,-128
1767173608.379238,-1,-2,-134
1767173608.389238,-2,-4,-140
1767173608.399238,0,-6,-135
1767173608.409238,3,-4,-129
1767173608.419238,0,-3,-125
1767173608.429238,1,-1,-121
1767173608.439238,-3,-1,-121
1767173608.449238,1,3,-119
1767173608.459238,3,1,-115
1767173608.469238,2,4,-114
1767173608.4792385,0,3,-117
1767173608.4892385,0,0,-120
1767173608.4992385,-6,3,-118
1767173608.5092382,0,8,-122
1767173608.5192382,3,5,-123
1767173608.5292382,4,0,-126
1767173608.5392382,2,1,-124
1767173608.5492382,5,0,-130
1767173608.5592382,4,0,-130
1767173608.5692382,0,-1,-133
1767173608.5792382,-5,2,-134
1767173608.5892382,-7,3,-133
1767173608.5992382,-3,-1,-134
1767173608.609238,-1,-3,-135
1767173608.619238,-4,-1,-132
1767173608.629238,-1,-3,-134
1767173608.639238,0,-7,-134
1767173608.649238,-1,-6,-129
1767173608.659238,-5,-4,-129
1767173608.669238,-8,-3,-135
1767173608.679238,-5,-2,-137
1767173608.689238,-6,0,-139
1767173608.699238,-7,-3,-141
1767173608.709238,-7,-4,-137
1767173608.719238,-1,-3,-129
1767173608.7292385,-2,0,-126
1767173608.7392385,-1,1,-123
1767173608.7492385,-3,0,-120
1767173608.7592382,-3,2,-119
1767173608.7692382,1,0,-122
1767173608.7792382,6,-4,-123
1767173608.7892382,1,-1,-120
1767173608.7992382,4,-1,-115
1767173608.8092382,4,1,-117
1767173608.8192382,3,1,-117
1767173608.8292382,-1,2,-121
1767173608.8392382,-8,4,-119
1767173608.8492382,-8,5,-124
1767173608.859238,-11,0,-132
1767173608.870238,-4,3,-135
1767173608.879238,-1,0,-137
1767173608.889238,0,4,-135
1767173608.899238,3,4,-132
1767173608.909238,3,6,-121
1767173608.919238,2,8,-122
1767173608.929238,4,6,-121
1767173608.939238,0,3,-119
1767173608.949238,0,4,-121
1767173608.9602382,-2,4,-123
1767173608.9702382,-5,1,-123
1767173608.9802382,-5,4,-117
1767173608.9902382,-9,0,-120
1767173609.0002382,-7,-3,-114
1767173609.0102382,-4,-4,-115
1767173609.0202382,-2,-6,-112
1767173609.0302382,0,-5,-115
1767173609.040238,0,0,-122
1767173609.050238,3,-1,-125
1767173609.060238,3,-4,-119
1767173609.070238,0,-2,-118
1767173609.080238,0,-1,-118
1767173609.090238,-2,0,-125
1767173609.100238,-1,-5,-127
1767173609.110238,2,-6,-127
1767173609.120238,0,-10,-130
1767173609.130238,0,-11,-126
1767173609.140238,2,-8,-128
1767173609.150238,5,-7,-127
1767173609.1602385,-4,-4,-127
1767173609.1702385,-6,-1,-133
1767173609.1802382,-3,-7,-129
1767173609.1902382,-3,-7,-127
1767173609.2002382,-2,-4,-131
1767173609.2102382,-3,-6,-136
1767173609.2202382,-4,-3,-136
1767173609.2302382,-6,-2,-135
1767173609.2402382,-3,-4,-130
1767173609.2502382,1,-1,-129
1767173609.2602382,-2,-3,-130
1767173609.2702382,-3,-3,-125
1767173609.2802382,-5,-2,-128
1767173609.290238,-3,-5,-125
1767173609.300238,-1,-1,-126
1767173609.310238,-2,-4,-132
1767173609.320238,0,-3,-130
1767173609.330238,0,-2,-134
1767173609.340238,0,-2,-130
1767173609.350238,2,0,-129
1767173609.360238,6,-1,-137
1767173609.370238,3,2,-135
1767173609.380238,4,3,-135
1767173609.390238,8,0,-131
1767173609.400238,5,-3,-127
1767173609.4102385,5,-4,-128
1767173609.4202385,6,-2,-124
1767173609.4302382,9,-6,-125
1767173609.4402382,14,-4,-122
1767173609.4502382,10,-1,-117
1767173609.4602382,9,-1,-109
1767173609.4702382,5,-1,-114
1767173609.4802382,7,-2,-116
1767173609.4902382,3,-8,-119
1767173609.5002382,6,-9,-128
1767173609.5102382,7,-6,-129
1767173609.5202382,5,-7,-123
1767173609.5302382,0,-7,-122
1767173609.540238,-1,-6,-131
1767173609.550238,-4,-5,-136
1767173609.560238,-3,-7,-134
1767173609.570238,-5,-8,-127
1767173609.580238,-7,-7,-132
1767173609.590238,-4,-6,-135
1767173609.600238,-3,-9,-133
1767173609.610238,-5,-7,-132
1767173609.620238,-1,-8,-136
1767173609.630238,-6,-4,-136
1767173609.640238,-5,0,-129
1767173609.650238,-5,2,-131
1767173609.6602385,-5,-3,-132
1767173609.6702385,-5,-3,-130
1767173609.6802382,-6,-5,-126
1767173609.6902382,-4,-5,-128
1767173609.7002382,-2,-5,-126
1767173609.7102382,0,-5,-128
1767173609.7202382,2,-6,-128
1767173609.7302382,-2,-7,-122
1767173609.7402382,-8,-3,-123
1767173609.7502382,-9,2,-120
1767173609.7602382,-9,2,-121
1767173609.7702382,-6,5,-122
1767173609.7802382,-5,7,-129
1767173609.790238,-3,5,-123
1767173609.800238,-6,3,-126
1767173609.810238,-5,3,-128
1767173609.820238,-5,5,-138
1767173609.830238,-10,0,-133
1767173609.840238,-7,-2,-134
1767173609.850238,-3,-6,-134
1767173609.860238,-3,-6,-133
1767173609.870238,-1,-3,-126
1767173609.880238,-1,0,-128
1767173609.890238,0,4,-122
1767173609.900238,-3,4,-122
1767173609.9102385,-6,3,-119
1767173609.9202385,-4,3,-124
1767173609.9302382,-3,2,-116
1767173609.9402382,-2,4,-118
1767173609.9502382,0,2,-120
1767173609.9602382,-2,3,-120
1767173609.9702382,-2,1,-122
1767173609.9802382,0,-1,-119
1767173609.9902382,4,-4,-121
1767173610.0002382,0,-1,-117
1767173610.0102382,-4,1,-116
1767173610.0202382,-3,2,-123
1767173610.0302382,-4,7,-131
1767173610.040238,-2,2,-123
1767173610.050238,0,-2,-122
1767173610.060238,-2,-1,-122
1767173610.070238,-4,0,-117
1767173610.080238,-5,0,-119
1767173610.090238,-6,-1,-121
1767173610.100238,0,-2,-123
1767173610.110238,4,-3,-132
1767173610.120238,0,-2,-127
1767173610.130238,4,-5,-130
1767173610.140238,8,-8,-134
1767173610.150238,12,-9,-131
1767173610.1602385,7,-9,-134
1767173610.1702385,5,-5,-134
1767173610.1802382,4,-5,-136
1767173610.1902382,1,0,-131
1767173610.2002382,0,-1,-136
1767173610.2102382,-4,-1,-131
1767173610.2202382,-6,-3,-127
1767173610.2302382,-4,-2,-126
1767173610.2402382,-4,-3,-127
1767173610.2502382,-3,-1,-127
1767173610.2602382,-2,-1,-124
1767173610.2702382,0,0,-123
1767173610.2802382,4,-1,-124
1767173610.290238,3,0,-128
1767173610.300238,-1,1,-130
1767173610.310238,-3,0,-124
1767173610.320238,-4,5,-125
1767173610.330238,-3,2,-118
1767173610.340238,0,1,-115
1767173610.350238,0,2,-115
1767173610.360238,0,-1,-121
1767173610.370238,-3,1,-121
1767173610.380238,-3,-1,-120
1767173610.390238,-4,-4,-121
1767173610.400238,0,-3,-125
1767173610.4102385,-1,-2,-127
1767173610.4202385,1,-4,-131
1767173610.4302382,2,-2,-131
1767173610.4402382,4,-2,-126
1767173610.4502382,4,0,-117
1767173610.4602382,0,0,-123
1767173610.4702382,0,-1,-123
1767173610.4802382,2,-1,-126
1767173610.4902382,0,0,-128
1767173610.5002382,0,0,-130
1767173610.5102382,-1,-2,-132
1767173610.5202382,-6,-3,-130
1767173610.5302382,-2,0,-126
1767173610.540238,0,-2,-120
1767173610.550238,-1,-1,-124
1767173610.560238,1,-2,-123
1767173610.570238,0,-2,-124
1767173610.580238,0,0,-117
1767173610.590238,-1,3,-120
1767173610.600238,0,4,-125
1767173610.610238,0,5,-126
1767173610.620238,-2,5,-132
1767173610.630238,-1,1,-133
1767173610.640238,1,-2,-132
1767173610.650238,0,-1,-127
1767173610.6602385,1,0,-131
1767173610.6702385,3,-5,-130
1767173610.6802382,4,-1,-124
1767173610.6902382,7,-1,-119
1767173610.7002382,7,-2,-119
1767173610.7102382,6,-7,-122
1767173610.7202382,3,-3,-115
1767173610.7302382,-1,0,-112
1767173610.7402382,-1,-4,-118
1767173610.7502382,-2,-6,-123
1767173610.7602382,-3,-2,-122
1767173610.7702382,-5,0,-118
1767173610.7802382,-4,1,-121
1767173610.790238,-5,2,-129
1767173610.800238,-8,1,-131
1767173610.810238,-5,-3,-130
1767173610.820238,-3,-1,-129
1767173610.830238,-4,2,-128
1767173610.840238,-4,2,-125
1767173610.850238,-1,5,-125
1767173610.860238,-2,4,-131
1767173610.870238,-7,8,-138
1767173610.880238,-4,8,-144
1767173610.890238,-5,4,-134
1767173610.900238,-2,2,-138
1767173610.9102385,0,-1,-130
1767173610.9202385,-1,-1,-129
1767173610.9302382,-2,-3,-134
1767173610.9402382,1,-3,-131
1767173610.9502382,0,-3,-133
1767173610.9602382,1,-2,-130
1767173610.9702382,1,-5,-124
1767173610.9802382,0,-8,-118
1767173610.9902382,-1,-6,-115
1767173611.0002382,-5,-5,-119
1767173611.0102382,-2,-2,-124
1767173611.0202382,-3,-5,-126
1767173611.0302382,-2,-1,-128
1767173611.040238,-4,-3,-134
1767173611.050238,-2,-2,-141
1767173611.060238,0,-3,-139
1767173611.070238,2,-9,-136
1767173611.080238,9,-8,-138
1767173611.090238,9,-6,-130
1767173611.100238,8,-5,-129
1767173611.110238,4,-2,-128
1767173611.120238,3,-3,-129
1767173611.130238,0,-4,-134
1767173611.140238,2,-6,-132
1767173611.150238,1,-8,-129
1767173611.1602385,5,-5,-129
1767173611.1702385,1,-5,-138
1767173611.1802382,0,-7,-139
1767173611.1902382,2,-8,-140
1767173611.2002382,3,-2,-135
1767173611.222238,-1,-3,-129
1767173611.2302382,0,0,-129
1767173611.2402382,3,1,-132
1767173611.2502382,1,-1,-133
1767173611.2602382,4,-1,-132
1767173611.2702382,6,-5,-129
1767173611.2802382,5,-5,-129
1767173611.290238,1,-4,-134
1767173611.300238,1,-4,-131
1767173611.310238,0,-5,-132
1767173611.320238,0,-7,-139
1767173611.330238,0,-6,-141
1767173611.340238,6,-7,-133
1767173611.350238,3,-7,-126
1767173611.360238,4,-5,-128
1767173611.370238,2,-3,-130
1767173611.380238,6,-2,-128
1767173611.390238,5,0,-126
1767173611.400238,0,3,-126
1767173611.4102385,-4,2,-125
1767173611.4202385,-6,3,-131
1767173611.4302382,-3,1,-135
1767173611.4402382,-1,-4,-129
1767173611.4502382,-2,-3,-122
1767173611.4602382,-3,-4,-127
1767173611.4702382,-3,-5,-127
1767173611.4802382,-4,-5,-134
1767173611.4902382,-5,-7,-136
1767173611.5002382,-4,-6,-145
1767173611.5102382,-5,-10,-140
1767173611.5202382,-1,-7,-137
1767173611.5302382,-1,-4,-142
1767173611.540238,-4,-5,-144
1767173611.551238,-6,0,-141
1767173611.560238,-11,-1,-146
1767173611.571238,-3,-3,-142
1767173611.5812385,0,-2,-136
1767173611.5912385,1,0,-136
1767173611.6012385,-1,0,-139
1767173611.6112382,-3,4,-137
1767173611.6212382,-3,10,-134
1767173611.6312382,-2,8,-134
1767173611.6412382,-3,4,-132
1767173611.6512382,-1,5,-136
1767173611.6612382,-1,4,-135
1767173611.6712382,0,5,-126
1767173611.6812382,0,6,-123
1767173611.6912382,-3,7,-127
1767173611.7012382,-5,4,-134
1767173611.711238,-10,6,-127
1767173611.721238,-8,8,-131
1767173611.731238,0,9,-135
1767173611.741238,2,8,-140
1767173611.751238,6,7,-140
1767173611.761238,6,4,-138
1767173611.771238,6,3,-137
1767173611.781238,5,-1,-139
1767173611.791238,7,0,-136
1767173611.801238,8,-2,-126
1767173611.811238,10,-3,-125
1767173611.821238,6,0,-128
1767173611.8312385,6,0,-135
1767173611.8412385,6,-1,-123
1767173611.8512385,1,0,-117
1767173611.8612382,3,1,-124
1767173611.8712382,0,-1,-123
1767173611.8812382,-3,0,-122
1767173611.8912382,-5,0,-117
1767173611.9012382,-7,-4,-113
1767173611.9112382,-3,-3,-112
1767173611.9212382,-3,-2,-113
1767173611.9312382,-2,0,-116
1767173611.9412382,0,5,-124
1767173611.9512382,1,5,-122
1767173611.961238,2,3,-120
1767173611.971238,6,3,-126
1767173611.981238,10,0,-123
1767173611.991238,1,2,-119
1767173612.001238,-1,3,-129
1767173612.011238,-2,1,-132
1767173612.021238,-5,1,-127
1767173612.031238,-4,2,-127
1767173612.041238,0,3,-129
1767173612.051238,-1,4,-128
1767173612.061238,0,0,-129
1767173612.071238,1,0,-125
1767173612.0812385,4,-2,-116
1767173612.0912385,3,2,-113
1767173612.1012385,6,3,-116
1767173612.1112382,4,0,-118
1767173612.1212382,3,0,-119
1767173612.1312382,0,3,-123
1767173612.1412382,-3,2,-124
1767173612.1512382,0,0,-131
1767173612.1612382,2,-2,-128
1767173612.1712382,3,-1,-132
1767173612.1812382,5,0,-124
1767173612.1912382,9,0,-127
1767173612.2012382,9,0,-132
1767173612.211238,11,3,-140
1767173612.221238,7,7,-132
1767173612.231238,2,6,-131
1767173612.241238,1,3,-126
1767173612.251238,-2,0,-126
1767173612.261238,-1,0,-131
1767173612.271238,-3,1,-126
1767173612.281238,-4,2,-133
1767173612.291238,-5,1,-137
1767173612.301238,-4,1,-129
1767173612.311238,-4,5,-127
1767173612.321238,0,3,-125
1767173612.3312385,5,1,-127
1767173612.3412385,3,5,-128
1767173612.3512385,3,5,-130
1767173612.3612382,-1,6,-124
1767173612.3712382,-3,1,-121
1767173612.3812382,-1,0,-115
1767173612.3912382,-2,1,-110
1767173612.4012382,0,5,-116
1767173612.4112382,0,0,-124
1767173612.4212382,0,-2,-130
1767173612.4312382,0,-4,-132
1767173612.4412382,4,-2,-126
1767173612.4512382,6,0,-125
1767173612.461238,3,1,-120
1767173612.471238,1,-2,-125
1767173612.481238,0,-3,-129
1767173612.491238,-1,-1,-122
1767173612.501238,4,0,-119
1767173612.511238,4,2,-126
1767173612.521238,4,3,-124
1767173612.531238,5,3,-125
1767173612.541238,2,4,-127
1767173612.551238,4,9,-129
1767173612.561238,4,6,-129
1767173612.571238,9,6,-126
1767173612.5812385,5,3,-123
1767173612.5912385,-1,0,-114
1767173612.6012385,-1,0,-120
1767173612.6112382,-3,-5,-122
1767173612.6212382,0,-5,-127
1767173612.6312382,1,-5,-124
1767173612.6412382,3,-2,-128
1767173612.6512382,5,0,-128
1767173612.6612382,2,2,-126
1767173612.6712382,0,2,-127
1767173612.6812382,1,3,-123
1767173612.6912382,-1,1,-123
1767173612.7012382,-1,2,-122
1767173612.711238,-1,0,-124
1767173612.721238,0,3,-119
1767173612.731238,0,0,-117
1767173612.741238,0,-1,-128
1767173612.751238,1,-2,-136
1767173612.761238,-1,2,-135
1767173612.771238,-2,6,-135
1767173612.781238,-3,4,-134
1767173612.791238,-4,5,-130
1767173612.801238,-1,4,-128
1767173612.811238,-2,1,-121
1767173612.821238,0,1,-117
1767173612.8312385,0,0,-122
1767173612.8412385,-2,2,-120
1767173612.8512385,-2,3,-120
1767173612.8612382,-3,6,-116
1767173612.8712382,-1,-1,-122
1767173612.8812382,5,0,-121
1767173612.8912382,9,4,-120
1767173612.9012382,12,3,-121
1767173612.9112382,6,-2,-127
1767173612.9212382,3,-3,-130
1767173612.9312382,3,0,-130
1767173612.9412382,2,-1,-126
1767173612.9512382,4,-3,-132
1767173612.961238,4,-3,-130
1767173612.971238,3,-5,-132
1767173612.981238,6,-5,-136
1767173612.991238,4,-5,-137
1767173613.001238,4,-5,-132
1767173613.011238,4,-7,-134
1767173613.021238,6,-7,-130
1767173613.031238,3,-6,-129
1767173613.041238,4,-8,-126
1767173613.051238,5,-5,-123
1767173613.061238,9,-4,-123
1767173613.071238,7,-7,-129
1767173613.0812385,8,-3,-128
1767173613.0912385,5,-3,-124
1767173613.1012385,3,0,-127
1767173613.1112382,0,1,-132
1767173613.1212382,-1,0,-128
1767173613.1312382,0,-2,-133
1767173613.1412382,1,0,-135
1767173613.1512382,4,1,-133
1767173613.1612382,3,2,-135
1767173613.1712382,0,2,-133
1767173613.1812382,-1,0,-134
1767173613.1912382,-2,0,-129
1767173613.2012382,-4,-4,-128
1767173613.211238,-3,-3,-121
1767173613.221238,-6,-5,-125
1767173613.231238,-3,-5,-131
1767173613.241238,0,-2,-133
1767173613.251238,1,-1,-131
1767173613.261238,-2,2,-133
1767173613.271238,-2,2,-127
1767173613.281238,-3,-1,-133
1767173613.291238,0,-6,-134
1767173613.301238,-2,-3,-126
1767173613.311238,-2,-3,-127
1767173613.321238,-3,-3,-128
1767173613.3312385,0,-3,-129
1767173613.3412385,-2,-3,-130
1767173613.3512385,-5,-2,-129
1767173613.3612382,-6,-2,-130
1767173613.3712382,-9,0,-127
1767173613.3812382,-10,1,-124
1767173613.3912382,-7,-4,-124
1767173613.4012382,-7,-8,-123
1767173613.4112382,-8,-6,-128
1767173613.4212382,-5,-5,-134
1767173613.4312382,-4,0,-130
1767173613.4412382,0,-3,-127
1767173613.4512382,0,-1,-127
1767173613.461238,1,-1,-129
1767173613.471238,0,1,-128
1767173613.481238,0,6,-130
1767173613.491238,1,6,-131
1767173613.501238,1,7,-128
1767173613.511238,3,5,-126
1767173613.521238,2,4,-120
1767173613.531238,6,1,-117
1767173613.541238,1,0,-120
1767173613.551238,2,-4,-121
1767173613.561238,0,-5,-130
1767173613.571238,-5,-3,-129
1767173613.5812385,0,-2,-123
1767173613.5912385,4,0,-118
1767173613.6012385,4,-3,-121
1767173613.6112382,0,0,-121
1767173613.6212382,0,-3,-122
1767173613.6312382,-6,0,-124
1767173613.6412382,-3,0,-122
1767173613.6512382,-6,0,-120
1767173613.6612382,-2,3,-121
1767173613.6712382,-1,0,-115
1767173613.6812382,0,-2,-119
1767173613.6912382,-3,-4,-128
1767173613.7012382,-7,-3,-125
1767173613.711238,-2,-2,-126
1767173613.721238,-5,2,-134
1767173613.731238,-4,4,-135
1767173613.741238,-6,3,-133
1767173613.751238,-7,-2,-130
1767173613.761238,-2,0,-128
1767173613.771238,6,-1,-123
1767173613.781238,7,-4,-119
1767173613.791238,5,-4,-122
1767173613.801238,2,-6,-123
1767173613.811238,3,-7,-124
1767173613.821238,3,-5,-125
1767173613.8312385,3,-4,-122
1767173613.8412385,4,-6,-130
1767173613.8512385,4,-3,-129
1767173613.8612382,3,-1,-133
1767173613.8712382,4,-1,-130
1767173613.8812382,3,-1,-129
1767173613.8912382,2,-1,-127
1767173613.9012382,3,-4,-132
1767173613.9112382,4,-6,-131
1767173613.9212382,6,-1,-133
1767173613.9312382,9,-3,-136
1767173613.9412382,9,-7,-134
1767173613.9512382,7,-5,-139
1767173613.961238,7,-2,-136
1767173613.971238,3,-7,-132
1767173613.981238,4,-11,-136
1767173613.991238,0,-7,-134
1767173614.001238,-2,-4,-131
1767173614.011238,-1,-2,-135
1767173614.021238,0,-2,-137
1767173614.031238,-1,0,-137
1767173614.041238,0,1,-135
1767173614.051238,-2,2,-130
1767173614.061238,-3,2,-129
1767173614.071238,-6,2,-128
1767173614.0812385,-5,6,-133
1767173614.0912385,-5,6,-125
1767173614.1012385,-3,1,-126
1767173614.1112382,-3,2,-126
1767173614.1212382,-1,0,-131
1767173614.1312382,-2,3,-129
1767173614.1412382,0,2,-130
1767173614.1512382,-1,-3,-124
1767173614.1612382,1,-5,-119
1767173614.1712382,-3,-9,-115
1767173614.1812382,-1,-10,-118
1767173614.1912382,-1,-6,-118
1767173614.202238,0,-3,-126
1767173614.211238,-3,-4,-127
1767173614.221238,-3,-7,-131
1767173614.232238,-7,-9,-130
1767173614.242238,-9,-6,-123
1767173614.252238,-6,-5,-125
1767173614.2622385,-5,-6,-128
1767173614.2722385,-6,-2,-127
1767173614.2822382,-8,0,-125
1767173614.2922382,-6,0,-132
1767173614.3022382,-5,-4,-129
1767173614.3122382,-3,0,-128
1767173614.3222382,-3,-1,-120
1767173614.3322382,3,-2,-128
1767173614.3422382,3,1,-128
1767173614.3522382,1,0,-134
1767173614.3622382,-1,-1,-134
1767173614.3722382,2,-6,-126
1767173614.382238,4,-8,-126
1767173614.392238,7,-4,-124
1767173614.402238,7,-5,-127
1767173614.412238,13,-5,-129
1767173614.422238,13,-6,-128
1767173614.432238,11,-7,-129
1767173614.442238,6,-9,-123
1767173614.452238,6,-6,-125
1767173614.462238,1,-2,-121
1767173614.472238,4,0,-120
1767173614.482238,3,2,-120
1767173614.492238,1,0,-115
1767173614.502238,-6,0,-122
1767173614.5122385,-1,0,-129
1767173614.5222385,-1,-1,-128
1767173614.5322382,-4,-1,-128
1767173614.5422382,-8,-3,-130
1767173614.5522382,-10,-1,-121
1767173614.5622382,-6,2,-120
1767173614.5722382,-2,0,-116
1767173614.5822382,1,0,-116
1767173614.5922382,-1,-4,-110
1767173614.6022382,-6,-4,-111
1767173614.6122382,-9,-5,-112
1767173614.6222382,-6,-4,-113
1767173614.632238,-5,2,-124
1767173614.642238,0,0,-124
1767173614.652238,0,-3,-129
1767173614.662238,0,0,-130
1767173614.672238,3,-2,-127
1767173614.682238,0,0,-119
1767173614.692238,0,1,-120
1767173614.702238,1,1,-122
1767173614.712238,0,-1,-120
1767173614.722238,0,0,-121
1767173614.732238,0,0,-120
1767173614.742238,1,0,-120
1767173614.752238,2,3,-123
1767173614.7622385,2,5,-121
1767173614.7722385,5,2,-118
1767173614.7822382,3,4,-128
1767173614.7922382,0,0,-133
1767173614.8022382,3,4,-129
1767173614.8122382,2,6,-123
1767173614.8222382,-1,3,-118
1767173614.8322382,-2,2,-127
1767173614.8422382,-2,2,-128
1767173614.8522382,-4,3,-126
1767173614.8622382,0,5,-124
1767173614.8722382,0,3,-131
1767173614.882238,3,3,-137
1767173614.892238,5,2,-126
1767173614.902238,3,3,-127
1767173614.912238,4,1,-132
1767173614.922238,-1,0,-134
1767173614.932238,-2,0,-127
1767173614.942238,-4,1,-120
1767173614.952238,-4,0,-119
1767173614.962238,-1,0,-118
1767173614.972238,1,0,-121
1767173614.982238,1,0,-123
1767173614.992238,1,1,-123
1767173615.002238,6,-3,-123
1767173615.0122385,5,-4,-118
1767173615.0222385,2,-2,-117
1767173615.0322382,1,-4,-121
1767173615.0422382,-1,-6,-120
1767173615.0522382,-1,-6,-116
1767173615.0622382,-4,-5,-112
1767173615.0722382,-6,-5,-110
1767173615.0822382,-10,0,-104
1767173615.0922382,-10,0,-109
1767173615.1022382,-11,1,-107
1767173615.1122382,-15,1,-113
1767173615.1222382,-9,4,-120
1767173615.132238,-7,4,-124
1767173615.142238,-6,2,-123
1767173615.152238,-6,0,-124
1767173615.162238,-4,-2,-126
1767173615.172238,-4,-5,-131
1767173615.182238,-2,-3,-133
1767173615.192238,0,0,-133
1767173615.202238,0,0,-134
1767173615.212238,0,-2,-144
1767173615.222238,2,-1,-142
1767173615.232238,-2,-3,-136
1767173615.242238,-3,-3,-135
1767173615.252238,-1,0,-133
1767173615.2622385,-5,1,-129
1767173615.2722385,-9,-2,-127
1767173615.2822382,-6,-3,-133
1767173615.2922382,-3,0,-131
1767173615.3022382,0,2,-136
1767173615.3122382,0,-3,-134
1767173615.3222382,-1,-4,-132
1767173615.3322382,-3,-4,-130
1767173615.3422382,-4,-6,-132
1767173615.3522382,-6,-5,-134
1767173615.3622382,-8,-6,-123
1767173615.3722382,-8,-1,-125
1767173615.382238,-7,3,-124
1767173615.392238,-6,3,-122
1767173615.402238,-4,-1,-123
1767173615.412238,0,1,-122
1767173615.422238,2,-3,-114
1767173615.432238,2,-3,-116
1767173615.442238,-1,-5,-117
1767173615.452238,-2,-6,-119
1767173615.462238,-5,-8,-117
1767173615.472238,-8,-4,-121
1767173615.482238,-7,-5,-121
1767173615.492238,-4,-3,-123
1767173615.502238,-1,-1,-119
1767173615.5122385,1,-4,-112
1767173615.5222385,2,-5,-110
1767173615.5322382,0,-2,-106
1767173615.5422382,2,-6,-109
1767173615.5522382,1,-7,-111
1767173615.5622382,1,-3,-109
1767173615.5722382,-1,-2,-111
1767173615.5822382,-2,-4,-116
1767173615.5922382,-1,-2,-117
1767173615.6022382,-6,-3,-120
1767173615.6122382,-1,-3,-117
1767173615.6222382,0,-1,-120
1767173615.632238,-1,-1,-122
1767173615.642238,-6,3,-125
1767173615.652238,-3,0,-125
1767173615.662238,0,-3,-120
1767173615.672238,2,-5,-119
1767173615.682238,0,-5,-122
1767173615.692238,0,-3,-125
1767173615.702238,0,-4,-124
1767173615.712238,2,-5,-120
1767173615.722238,2,-3,-125
1767173615.732238,5,-5,-123
1767173615.742238,2,-11,-124
1767173615.752238,1,-10,-120
1767173615.7622385,3,-8,-124
1767173615.7722385,0,-4,-123
1767173615.7822382,1,-5,-125
1767173615.7922382,6,-7,-127
1767173615.8022382,7,-3,-126
1767173615.8122382,3,0,-136
1767173615.8222382,0,-2,-135
1767173615.8322382,1,-1,-133
1767173615.8422382,2,0,-128
1767173615.8522382,-1,-2,-128
1767173615.8622382,0,0,-130
1767173615.8722382,1,1,-125
1767173615.882238,1,2,-124
1767173615.892238,1,3,-121
1767173615.902238,2,4,-120
1767173615.912238,0,0,-118
1767173615.922238,2,0,-120
1767173615.932238,5,-4,-126
1767173615.942238,2,-2,-129
1767173615.952238,5,-1,-132
1767173615.962238,4,-8,-133
1767173615.972238,2,-10,-136
1767173615.982238,0,-3,-128
1767173615.992238,-3,-4,-129
1767173616.002238,-6,0,-129
1767173616.0122385,-2,0,-128
1767173616.0222385,-3,0,-123
1767173616.0322382,-4,5,-127
1767173616.0422382,0,5,-121
1767173616.0522382,0,4,-120
1767173616.0622382,-4,8,-117
1767173616.0722382,-2,5,-122
1767173616.0822382,-3,2,-125
1767173616.0922382,-4,6,-125
1767173616.1022382,-2,8,-120
1767173616.1122382,2,4,-122
1767173616.1222382,0,5,-120
1767173616.132238,-5,5,-120
1767173616.142238,-8,5,-128
1767173616.152238,-7,0,-128
1767173616.162238,-6,0,-126
1767173616.172238,-5,3,-124
1767173616.182238,-2,4,-125
1767173616.192238,-1,0,-123
1767173616.202238,1,2,-121
1767173616.212238,0,2,-113
1767173616.234238,-1,1,-111
1767173616.242238,-3,3,-116
1767173616.252238,-8,5,-122
1767173616.2622385,-7,3,-126
1767173616.2722385,-5,-1,-130
1767173616.2822382,-7,0,-130
1767173616.2922382,-4,1,-134
1767173616.3022382,-1,0,-133
1767173616.3122382,-4,-3,-134
1767173616.3222382,-1,-2,-136
1767173616.3322382,2,0,-136
1767173616.3422382,0,-2,-131
1767173616.3522382,2,-2,-137
1767173616.3622382,5,-1,-140
1767173616.3722382,1,0,-139
1767173616.382238,2,-4,-139
1767173616.392238,-1,-5,-130
1767173616.402238,-1,-5,-124
1767173616.412238,-2,-2,-121
1767173616.422238,0,-5,-119
1767173616.432238,6,-3,-119
1767173616.442238,10,0,-117
1767173616.452238,6,3,-118
1767173616.462238,4,2,-125
1767173616.472238,3,-1,-130
1767173616.482238,5,-4,-129
1767173616.492238,6,-8,-131
1767173616.502238,4,-7,-134
1767173616.5122385,0,-1,-134
1767173616.5222385,1,-2,-136
1767173616.5322382,3,-3,-132
1767173616.5422382,0,-1,-128
1767173616.5522382,-1,3,-131
1767173616.5622382,0,1,-133
1767173616.5722382,3,0,-131
1767173616.5822382,0,0,-127
1767173616.5922382,0,-3,-130
1767173616.6022382,1,0,-139
1767173616.6122382,0,4,-136
1767173616.6222382,1,5,-133
1767173616.632238,1,8,-138
1767173616.642238,2,9,-139
1767173616.652238,-3,8,-133
1767173616.662238,-2,10,-130
1767173616.672238,0,8,-129
1767173616.682238,-3,6,-125
1767173616.692238,-2,0,-124
1767173616.702238,-3,-4,-127
1767173616.712238,-3,-2,-130
1767173616.722238,-3,-4,-127
1767173616.732238,0,-1,-131
1767173616.742238,-5,3,-125
1767173616.752238,-7,5,-124
1767173616.7622385,-4,3,-122
1767173616.7722385,-5,5,-120
1767173616.7822382,-2,5,-122
1767173616.7922382,-3,5,-125
1767173616.8022382,-4,0,-117
1767173616.8122382,0,2,-120
1767173616.8222382,1,0,-119
1767173616.8322382,4,0,-118
1767173616.8422382,3,-4,-119
1767173616.853238,-2,-2,-124
1767173616.863238,-3,-4,-125
1767173616.873238,-3,-4,-124
1767173616.883238,-2,-9,-122
1767173616.893238,0,-7,-127
1767173616.903238,-1,-2,-122
1767173616.913238,-1,-1,-122
1767173616.923238,0,1,-128
1767173616.9332385,3,4,-123
1767173616.9432385,2,2,-126
1767173616.9532382,3,2,-125
1767173616.9632382,1,2,-128
1767173616.9732382,0,5,-131
1767173616.9832382,0,4,-125
1767173616.9932382,4,0,-122
1767173617.0032382,2,-1,-122
1767173617.0132382,-2,0,-123
1767173617.0232382,-1,0,-129
1767173617.0332382,0,-3,-134
1767173617.0432382,0,-3,-142
1767173617.0532382,-4,-9,-138
1767173617.063238,-4,-7,-134
1767173617.073238,-6,0,-126
1767173617.083238,-4,-2,-127
1767173617.093238,-7,-1,-134
1767173617.103238,-1,-3,-129
1767173617.113238,1,-5,-122
1767173617.123238,-2,-6,-126
1767173617.133238,-3,-5,-123
1767173617.143238,0,-2,-123
1767173617.153238,3,0,-122
1767173617.163238,4,3,-117
1767173617.173238,7,-1,-117
1767173617.1832385,8,0,-117
1767173617.1932385,4,0,-114
1767173617.2032382,-2,-2,-113
1767173617.2132382,0,-1,-117
1767173617.2232382,-1,0,-119
1767173617.2332382,-1,-1,-122
1767173617.2432382,-1,-1,-118
1767173617.2532382,-4,-1,-113
1767173617.2632382,1,0,-109
1767173617.2732382,0,0,-111
1767173617.2832382,-2,-2,-116
1767173617.2932382,1,0,-118
1767173617.3032382,2,0,-122
1767173617.313238,7,0,-124
1767173617.323238,6,0,-124
1767173617.333238,3,4,-118
1767173617.343238,3,4,-119
1767173617.353238,1,4,-114
1767173617.363238,4,3,-115
1767173617.373238,7,4,-115
1767173617.383238,3,1,-113
1767173617.393238,6,0,-116
1767173617.403238,5,0,-126
1767173617.413238,1,3,-125
1767173617.423238,0,7,-124
1767173617.4332385,-1,5,-127
1767173617.4432385,-3,3,-133
1767173617.4532382,-4,0,-126
1767173617.4632382,-8,4,-128
1767173617.4732382,-4,0,-126
1767173617.4832382,-7,1,-131
1767173617.4932382,-2,4,-134
1767173617.5032382,-5,5,-132
1767173617.5132382,0,5,-128
1767173617.5232382,-3,3,-132
1767173617.5332382,-3,-2,-129
1767173617.5432382,-2,-5,-130
1767173617.5532382,-7,-5,-130
1767173617.563238,-9,-1,-134
1767173617.573238,-10,-3,-131
1767173617.583238,-6,-1,-129
1767173617.593238,-7,0,-133
1767173617.603238,-7,4,-134
1767173617.613238,-5,2,-136
1767173617.623238,-1,2,-132
1767173617.633238,-2,4,-134
1767173617.643238,-2,2,-132
1767173617.653238,0,0,-133
1767173617.663238,-8,-2,-134
1767173617.673238,-9,0,-133
1767173617.6832385,-4,2,-130
1767173617.6932385,-2,2,-132
1767173617.7032382,-3,3,-125
1767173617.7132382,0,4,-126
1767173617.7232382,3,4,-126
1767173617.7332382,1,3,-125
1767173617.7432382,0,0,-135
1767173617.7532382,0,-5,-135
1767173617.7632382,-1,-9,-136
1767173617.7732382,-3,-7,-141
1767173617.7832382,-5,-5,-136
1767173617.7932382,-8,-2,-133
1767173617.8032382,0,1,-136
1767173617.813238,0,0,-144
1767173617.823238,0,3,-140
1767173617.833238,0,2,-138
1767173617.843238,2,-2,-133
1767173617.853238,2,-5,-139
1767173617.863238,1,-1,-140
1767173617.873238,5,-4,-142
1767173617.883238,2,-8,-139
1767173617.893238,0,-7,-136
1767173617.903238,-9,-7,-131
1767173617.913238,-4,-3,-132
1767173617.923238,6,1,-125
1767173617.9332385,3,0,-120
1767173617.9432385,2,-1,-116
1767173617.9532382,5,-2,-117
1767173617.9632382,1,-1,-121
1767173617.9732382,4,-2,-115
1767173617.9832382,0,-3,-122
1767173617.9932382,0,-3,-124
1767173618.0032382,-4,-2,-130
1767173618.0132382,-4,-1,-132
1767173618.0232382,1,0,-132
1767173618.0332382,0,-1,-128
1767173618.0432382,-2,0,-124
1767173618.0532382,-3,3,-123
1767173618.063238,-1,3,-115
1767173618.073238,-2,2,-116
1767173618.083238,-2,-2,-120
1767173618.093238,2,-3,-121
1767173618.103238,5,-2,-126
1767173618.113238,5,-3,-131
1767173618.123238,6,-4,-123
1767173618.133238,3,-7,-119
1767173618.143238,0,-5,-129
1767173618.153238,4,-4,-128
1767173618.163238,2,-4,-124
1767173618.173238,0,0,-119
1767173618.1832385,0,0,-119
1767173618.1932385,1,-3,-120
1767173618.2032382,-1,-1,-135
1767173618.2132382,0,4,-138
1767173618.2232382,-2,5,-133
1767173618.2332382,-4,5,-133
1767173618.2432382,-3,4,-130
1767173618.2532382,-3,5,-123
1767173618.2632382,1,2,-117
1767173618.2732382,4,1,-125
1767173618.2832382,10,-4,-128
1767173618.2932382,8,-2,-129
1767173618.3032382,1,-3,-134
1767173618.313238,0,-5,-131
1767173618.323238,0,-5,-131
1767173618.333238,2,-6,-135
1767173618.343238,5,-5,-133
1767173618.353238,4,-2,-128
1767173618.363238,5,0,-129
1767173618.373238,6,0,-129
1767173618.383238,4,-3,-126
1767173618.393238,3,-5,-125
1767173618.403238,2,-5,-128
1767173618.413238,5,-3,-125
1767173618.423238,5,-3,-129
1767173618.4332385,4,-6,-128
1767173618.4432385,3,-7,-128
1767173618.4532382,4,-7,-137
1767173618.4632382,1,-7,-137
1767173618.4732382,0,-6,-135
1767173618.4832382,-1,0,-128
1767173618.4932382,0,3,-131
1767173618.5032382,3,5,-127
1767173618.5132382,0,1,-124
1767173618.5232382,1,-1,-123
1767173618.5332382,1,-4,-125
1767173618.5432382,5,-3,-122
1767173618.5532382,2,-3,-132
1767173618.563238,2,0,-129
1767173618.573238,2,3,-127
1767173618.583238,0,3,-124
1767173618.593238,4,0,-126
1767173618.603238,3,-1,-126
1767173618.613238,2,0,-119
1767173618.623238,0,-2,-117
1767173618.633238,-1,-3,-115
1767173618.643238,-1,-3,-117
1767173618.653238,-2,-5,-118
1767173618.663238,-6,0,-119
1767173618.673238,-8,0,-124
1767173618.6832385,-2,2,-124
1767173618.6932385,-5,3,-125
1767173618.7032382,-5,2,-118
1767173618.7132382,-12,3,-118
1767173618.7232382,-11,0,-116
1767173618.7332382,-9,0,-122
1767173618.7432382,-5,-1,-127
1767173618.7532382,-4,0,-140
1767173618.7632382,2,-3,-139
1767173618.7732382,3,-4,-131
1767173618.7832382,4,-5,-132
1767173618.7932382,1,-2,-145
1767173618.8032382,2,-3,-144
1767173618.813238,0,-2,-138
1767173618.823238,0,0,-133
1767173618.833238,3,0,-131
1767173618.843238,1,2,-126
1767173618.853238,3,5,-120
1767173618.863238,2,3,-127
1767173618.873238,1,3,-133
1767173618.883238,5,4,-131
1767173618.893238,7,2,-131
1767173618.903238,2,2,-128
1767173618.913238,5,3,-124
1767173618.923238,11,0,-125
1767173618.9332385,13,-1,-126
1767173618.9432385,15,0,-130
1767173618.9532382,8,0,-131
1767173618.9632382,6,0,-126
1767173618.9732382,6,0,-126
1767173618.9832382,1,0,-123
1767173618.9932382,-1,3,-121
1767173619.0032382,0,2,-117
1767173619.0132382,0,0,-121
1767173619.0232382,0,-3,-124
1767173619.0332382,5,-3,-132
1767173619.0432382,8,-5,-133
1767173619.0532382,7,-5,-130
1767173619.063238,1,-7,-130
1767173619.073238,0,-5,-128
1767173619.083238,3,-4,-127
1767173619.093238,1,-5,-128
1767173619.103238,0,-6,-128
1767173619.113238,-5,-6,-124
1767173619.123238,-1,-4,-123
1767173619.133238,-6,-7,-125
1767173619.143238,-3,-7,-123
1767173619.153238,-2,-4,-123
1767173619.163238,0,-6,-117
1767173619.173238,0,-4,-125
1767173619.1832385,0,-1,-127
1767173619.1932385,3,-2,-125
1767173619.2032382,3,-3,-121
1767173619.2132382,4,-2,-121
1767173619.2232382,4,-1,-114
1767173619.2332382,2,-3,-117
1767173619.2432382,5,-4,-122
1767173619.2532382,6,-3,-129
1767173619.2632382,3,-1,-128
1767173619.2732382,3,4,-125
1767173619.2832382,6,0,-121
1767173619.2932382,7,-2,-128
1767173619.3032382,8,-3,-132
1767173619.313238,13,-1,-130
1767173619.323238,8,0,-123
1767173619.333238,4,-1,-124
1767173619.343238,0,-4,-121
1767173619.353238,1,-5,-126
1767173619.363238,1,-1,-117
1767173619.373238,0,-2,-107
1767173619.383238,2,-4,-110
1767173619.393238,-2,-9,-112
1767173619.403238,-5,-8,-114
1767173619.413238,-4,-7,-117
1767173619.423238,-4,-11,-112
1767173619.4332385,-8,-8,-109
1767173619.4432385,-4,-9,-116
1767173619.4532382,0,-7,-116
1767173619.4632382,1,-6,-119
1767173619.4742382,2,-8,-119
1767173619.484238,1,-6,-123
1767173619.494238,1,0,-125
1767173619.504238,1,2,-122
1767173619.514238,3,3,-125
1767173619.524238,-3,-1,-121
1767173619.534238,-6,-1,-121
1767173619.544238,-2,-3,-129
1767173619.554238,0,0,-132
1767173619.564238,0,0,-131
1767173619.574238,2,-3,-132
1767173619.584238,1,-2,-131
1767173619.594238,-1,-2,-126
1767173619.6042385,2,1,-122
1767173619.6142385,-2,-1,-130
1767173619.6242385,-3,-2,-128
1767173619.6342382,-1,-1,-124
1767173619.6442382,0,-1,-123
1767173619.6542382,0,-4,-123
1767173619.6642382,1,-4,-126
1767173619.6742382,3,-3,-131
1767173619.6842382,1,-4,-135
1767173619.6942382,0,-2,-137
1767173619.7042382,-1,-1,-136
1767173619.7142382,0,-1,-136
1767173619.7242382,0,1,-129
1767173619.734238,-3,1,-133
1767173619.744238,-3,1,-134
1767173619.754238,0,0,-134
1767173619.764238,0,2,-131
1767173619.774238,0,0,-133
1767173619.784238,0,-4,-125
1767173619.794238,0,-4,-122
1767173619.804238,2,-3,-119
1767173619.814238,5,-3,-119
1767173619.824238,7,-4,-121
1767173619.834238,6,-1,-124
1767173619.844238,7,0,-124
1767173619.8542385,6,0,-125
1767173619.8642385,1,-7,-125
1767173619.8742385,-1,0,-124
1767173619.8842382,-5,-2,-131
1767173619.8942382,-8,-7,-137
1767173619.9042382,-9,-11,-139
1767173619.9142382,-11,-4,-137
1767173619.9242382,-8,-3,-132
1767173619.9342382,-6,-4,-127
1767173619.9442382,-5,-2,-118
1767173619.9542382,-2,2,-123
1767173619.9642382,-7,1,-122
1767173619.9742382,0,2,-130
1767173619.984238,4,6,-131
1767173619.994238,6,3,-121
1767173620.004238,5,-1,-114
1767173620.014238,1,-2,-116
1767173620.024238,-3,-5,-116
1767173620.034238,-4,-5,-119
1767173620.044238,0,-5,-123
1767173620.054238,0,-2,-124
1767173620.064238,3,-2,-120
1767173620.074238,0,1,-127
1767173620.084238,0,3,-128
1767173620.094238,-3,3,-127
1767173620.1042385,-2,1,-128
1767173620.1142385,0,2,-129
1767173620.1242385,-1,0,-126
1767173620.1342382,-2,0,-131
1767173620.1442382,-1,2,-130
1767173620.1542382,1,1,-129
1767173620.1642382,4,3,-129
1767173620.1742382,1,1,-131
1767173620.1842382,-4,1,-127
1767173620.1942382,-7,6,-123
1767173620.2042382,-10,2,-118
1767173620.2142382,-11,2,-122
1767173620.2242382,-7,3,-120
1767173620.234238,-4,2,-124
1767173620.244238,-3,0,-125
1767173620.254238,-2,-1,-126
1767173620.264238,-2,-3,-128
1767173620.274238,-3,-5,-133
1767173620.284238,-7,-7,-131
1767173620.294238,-8,-6,-130
1767173620.304238,-9,-3,-125
1767173620.314238,-9,0,-116
1767173620.324238,-6,-2,-119
1767173620.334238,-12,-6,-120
1767173620.344238,-8,-7,-121
1767173620.3542385,-10,-5,-121
1767173620.3642385,-12,-2,-119
1767173620.3742385,-13,-3,-120
1767173620.3842382,-12,-3,-114
1767173620.3942382,-9,-1,-119
1767173620.4042382,-5,0,-123
1767173620.4142382,-11,0,-125
1767173620.4242382,-10,-4,-131
1767173620.4342382,-11,-3,-136
1767173620.4442382,-10,-4,-134
1767173620.4542382,-10,-5,-131
1767173620.4642382,-9,-3,-123
1767173620.4742382,-5,-1,-126
1767173620.484238,-4,0,-129
1767173620.494238,-1,0,-128
1767173620.504238,0,1,-125
1767173620.514238,1,-4,-128
1767173620.524238,0,-3,-129
1767173620.534238,1,-6,-125
1767173620.544238,0,-12,-125
1767173620.554238,2,-11,-125
1767173620.564238,4,-10,-121
1767173620.574238,1,-8,-121
1767173620.584238,1,-5,-121
1767173620.594238,2,-5,-121
1767173620.6042385,0,-4,-123
1767173620.6142385,-1,0,-121
1767173620.6242385,3,2,-121
1767173620.6342382,7,3,-128
1767173620.6442382,7,7,-129
1767173620.6542382,5,7,-129
1767173620.6642382,6,5,-131
1767173620.6742382,7,2,-126
1767173620.6842382,6,-5,-126
1767173620.6942382,2,-5,-129
1767173620.7042382,0,-2,-134
1767173620.7142382,1,-5,-134
1767173620.7242382,-1,-10,-124
1767173620.734238,-3,-9,-116
1767173620.744238,-2,-7,-114
1767173620.754238,-4,-5,-114
1767173620.764238,-4,-3,-117
1767173620.774238,-4,-3,-118
1767173620.784238,-1,-4,-119
1767173620.794238,0,-7,-123
1767173620.804238,-2,-5,-122
1767173620.814238,0,-2,-122
1767173620.824238,-2,0,-115
1767173620.834238,-4,2,-117
1767173620.844238,-1,5,-120
1767173620.8542385,-3,4,-122
1767173620.8642385,-3,8,-124
1767173620.8742385,-4,8,-118
1767173620.8842382,-4,7,-120
1767173620.8942382,-2,9,-123
1767173620.9042382,-4,8,-132
1767173620.9142382,-2,7,-137
1767173620.9242382,1,4,-139
1767173620.9342382,-2,3,-136
1767173620.9442382,0,3,-137
1767173620.9542382,1,1,-137
1767173620.9642382,-5,3,-137
1767173620.9742382,-9,0,-142
1767173620.984238,-9,-1,-136
1767173620.994238,-6,1,-132
1767173621.004238,-5,-4,-130
1767173621.014238,-4,-1,-126
1767173621.024238,-4,-3,-128
1767173621.034238,-4,0,-128
1767173621.044238,-4,-2,-129
1767173621.054238,-4,0,-132
1767173621.064238,3,-1,-134
1767173621.074238,0,0,-134
1767173621.084238,-3,-1,-134
1767173621.094238,-5,0,-135
1767173621.1042385,-6,-3,-134
1767173621.1142385,-5,-3,-134
1767173621.1242385,-1,0,-129
1767173621.1342382,-6,-2,-127
1767173621.1442382,-9,0,-122
1767173621.1542382,-7,-2,-116
1767173621.1642382,-2,-6,-119
1767173621.1742382,2,-4,-116
1767173621.1842382,-3,-4,-120
1767173621.1942382,-4,0,-121
1767173621.2042382,1,-1,-122
1767173621.2142382,5,-2,-123
1767173621.2242382,7,0,-131
1767173621.245238,9,-2,-134
1767173621.254238,1,-3,-133
1767173621.264238,1,-1,-133
1767173621.274238,1,0,-131
1767173621.284238,2,1,-126
1767173621.294238,1,0,-127
1767173621.304238,-2,-1,-121
1767173621.314238,0,-5,-125
1767173621.324238,3,-5,-128
1767173621.334238,0,-3,-130
1767173621.344238,2,-1,-130
1767173621.3542385,4,-2,-131
1767173621.3642385,0,0,-126
1767173621.3742385,0,1,-119
1767173621.3842382,5,0,-116
1767173621.3942382,-1,1,-116
1767173621.4042382,-2,1,-117
1767173621.4142382,-1,3,-125
1767173621.4242382,-4,5,-124
1767173621.4342382,-8,3,-119
1767173621.4442382,-5,2,-121
1767173621.4542382,-6,3,-126
1767173621.4642382,-8,1,-126
1767173621.4742382,-5,1,-117
1767173621.484238,-3,0,-120
1767173621.494238,0,4,-127
1767173621.504238,-1,0,-123
1767173621.514238,-2,-3,-122
1767173621.524238,-3,-3,-121
1767173621.534238,-1,-1,-120
1767173621.544238,-4,-2,-120
1767173621.554238,-5,-8,-117
1767173621.564238,-4,-7,-119
1767173621.574238,-1,-5,-125
1767173621.584238,0,0,-127
1767173621.594238,1,0,-125
1767173621.6042385,8,0,-127
1767173621.6142385,9,-4,-122
1767173621.6242385,11,-11,-124
1767173621.6342382,8,-10,-124
1767173621.6442382,5,-12,-127
1767173621.6542382,3,-7,-131
1767173621.6642382,7,-2,-129
1767173621.6742382,6,-3,-132
1767173621.6842382,5,-2,-134
1767173621.6942382,4,-1,-128
1767173621.7042382,2,-3,-121
1767173621.7142382,0,-2,-121
1767173621.7242382,1,-1,-119
1767173621.734238,4,0,-110
1767173621.744238,2,4,-113
1767173621.754238,2,3,-117
1767173621.764238,-2,5,-123
1767173621.774238,0,0,-120
1767173621.784238,-1,0,-122
1767173621.794238,1,0,-117
1767173621.804238,2,0,-127
1767173621.814238,-2,0,-126
1767173621.824238,-4,1,-128
1767173621.834238,0,0,-121
1767173621.844238,3,0,-118
1767173621.8542385,6,-1,-123
1767173621.8642385,0,0,-124
1767173621.8742385,-1,-2,-123
1767173621.8842382,-3,-6,-121
1767173621.8942382,-2,-5,-119
1767173621.9042382,2,-2,-118
1767173621.9142382,1,-1,-117
1767173621.9242382,-3,-2,-115
1767173621.9342382,-3,-6,-123
1767173621.9442382,-2,-4,-123
1767173621.9542382,-3,-1,-126
1767173621.9642382,-2,-2,-130
1767173621.9742382,0,-2,-131
1767173621.984238,2,0,-127
1767173621.994238,5,1,-128
1767173622.004238,2,0,-125
1767173622.014238,4,0,-119
1767173622.024238,3,-2,-124
1767173622.034238,2,-4,-123
1767173622.044238,0,-6,-121
1767173622.054238,0,-7,-120
1767173622.0652382,1,-4,-116
1767173622.074238,3,-7,-121
1767173622.084238,3,-4,-127
1767173622.094238,4,0,-126
1767173622.1052382,2,-2,-124
1767173622.1142385,1,0,-124
1767173622.1252382,2,1,-125
1767173622.1342382,0,-2,-125
1767173622.1452382,-2,-3,-120
1767173622.1552382,0,-7,-120
1767173622.165238,0,-3,-126
1767173622.175238,0,0,-128
1767173622.185238,-3,-2,-134
1767173622.195238,-4,0,-139
1767173622.205238,-2,-2,-143
1767173622.215238,-2,0,-139
1767173622.225238,-5,2,-132
1767173622.235238,0,0,-131
1767173622.245238,2,0,-133
1767173622.255238,0,0,-131
1767173622.265238,1,-1,-127
1767173622.275238,5,-4,-126
1767173622.2852385,10,-4,-125
1767173622.2952385,7,-5,-128
1767173622.3052382,8,-5,-128
1767173622.3152382,8,-7,-131
1767173622.3252382,7,-3,-131
1767173622.3352382,6,-5,-134
1767173622.3452382,1,-6,-141
1767173622.3552382,-1,-5,-138
1767173622.3652382,-3,-12,-136
1767173622.3752382,-1,-5,-137
1767173622.3852382,1,-5,-134
1767173622.3952382,-4,-4,-130
1767173622.4052382,0,-3,-135
1767173622.415238,0,-6,-128
1767173622.425238,0,-1,-124
1767173622.435238,-4,-1,-119
1767173622.445238,-3,-1,-122
1767173622.455238,-8,-5,-123
1767173622.465238,-7,-6,-120
1767173622.475238,-2,-3,-121
1767173622.485238,0,0,-121
1767173622.495238,0,0,-120
1767173622.505238,-3,-2,-127
1767173622.515238,-1,-3,-132
1767173622.525238,-6,-3,-130
1767173622.5352385,-11,-3,-124
1767173622.5452385,-9,-5,-121
1767173622.5552382,-4,-7,-129
1767173622.5652382,-3,-6,-128
1767173622.5752382,-5,-5,-129
1767173622.5852382,-1,-2,-122
1767173622.5952382,-3,-4,-118
1767173622.6052382,-2,-5,-120
1767173622.6152382,2,-2,-125
1767173622.6252382,1,-2,-127
1767173622.6352382,-4,-3,-124
1767173622.6452382,-2,0,-130
1767173622.6552382,-4,5,-130
1767173622.665238,-1,2,-127
1767173622.675238,-3,0,-131
1767173622.685238,-2,-4,-132
1767173622.695238,-1,-4,-118
1767173622.705238,-2,-5,-119
1767173622.715238,0,-6,-116
1767173622.725238,0,-5,-119
1767173622.735238,-1,-5,-121
1767173622.745238,0,-5,-120
1767173622.755238,1,-2,-122
1767173622.765238,-1,-5,-125
1767173622.775238,-2,-7,-126
1767173622.7852385,-3,-3,-124
1767173622.7952385,0,-3,-128
1767173622.8052382,0,-2,-124
1767173622.8152382,-1,-2,-124
1767173622.8252382,-1,0,-124
1767173622.8352382,-1,2,-123
1767173622.8452382,-3,3,-126
1767173622.8552382,-4,-2,-124
1767173622.8652382,-4,-3,-125
1767173622.8752382,1,-5,-125
1767173622.8852382,0,-8,-122
1767173622.8952382,2,-10,-124
1767173622.9052382,1,-7,-132
1767173622.915238,4,-3,-135
1767173622.925238,2,-1,-135
1767173622.935238,2,-3,-128
1767173622.945238,4,-5,-126
1767173622.955238,2,-6,-125
1767173622.965238,3,-6,-123
1767173622.975238,1,-6,-125
1767173622.985238,-1,-6,-115
1767173622.995238,0,-6,-117
1767173623.005238,1,-8,-118
1767173623.015238,3,-10,-118
1767173623.025238,0,-6,-120
1767173623.0352385,-3,-6,-118
1767173623.0452385,-2,-4,-126
1767173623.0552382,0,-2,-122
1767173623.0652382,1,-1,-123
1767173623.0752382,5,1,-128
1767173623.0852382,7,-1,-128
1767173623.0952382,7,0,-132
1767173623.1052382,5,1,-136
1767173623.1152382,6,3,-135
1767173623.1252382,1,1,-137
1767173623.1352382,0,-1,-132
1767173623.1452382,-3,0,-130
1767173623.1552382,1,3,-129
1767173623.165238,1,3,-132
1767173623.175238,2,2,-132
1767173623.185238,3,-1,-128
1767173623.195238,0,-2,-127
1767173623.205238,1,-3,-132
1767173623.215238,4,-4,-121
1767173623.225238,1,-6,-112
1767173623.235238,3,-5,-119
1767173623.245238,5,0,-122
1767173623.255238,6,-5,-128
1767173623.265238,4,-7,-131
1767173623.275238,2,-7,-135
1767173623.2852385,2,-4,-138
1767173623.2952385,4,-1,-137
1767173623.3052382,3,0,-139
1767173623.3152382,0,2,-135
1767173623.3252382,-1,0,-127
1767173623.3352382,3,0,-117
1767173623.3452382,7,1,-119
1767173623.3552382,2,-2,-121
1767173623.3652382,2,0,-125
1767173623.3752382,-1,-2,-129
1767173623.3852382,-6,-1,-126
1767173623.3952382,-6,-1,-123
1767173623.4052382,-2,-3,-117
1767173623.415238,-6,-3,-115
1767173623.425238,-3,0,-124
1767173623.435238,-2,0,-124
1767173623.445238,0,-4,-119
1767173623.455238,1,-3,-120
1767173623.465238,2,-2,-119
1767173623.475238,0,-1,-113
1767173623.485238,-6,0,-107
1767173623.495238,-6,3,-110
1767173623.505238,-7,0,-116
1767173623.515238,-9,-4,-119
1767173623.525238,-12,-7,-119
1767173623.5352385,-10,-10,-120
1767173623.5452385,-11,-6,-119
1767173623.5552382,-10,-7,-126
1767173623.5652382,-11,-2,-125
1767173623.5752382,-9,-5,-128
1767173623.5852382,-10,-2,-129
1767173623.5952382,-7,-3,-124
1767173623.6052382,-8,-4,-123
1767173623.6152382,-9,-1,-127
1767173623.6252382,-2,-2,-125
1767173623.6352382,3,-4,-124
1767173623.6452382,5,-5,-124
1767173623.6552382,4,-4,-132
1767173623.665238,6,2,-132
1767173623.675238,7,-2,-137
1767173623.685238,6,-3,-137
1767173623.695238,2,3,-137
1767173623.705238,2,0,-131
1767173623.715238,5,-2,-129
1767173623.725238,6,0,-131
1767173623.735238,6,-1,-127
1767173623.745238,5,0,-128
1767173623.755238,4,-1,-129
1767173623.765238,3,0,-123
1767173623.775238,0,-3,-119
1767173623.7852385,-2,-1,-119
1767173623.7952385,-2,-2,-123
1767173623.8052382,0,0,-126
1767173623.8152382,0,0,-120
1767173623.8252382,0,-2,-112
1767173623.8352382,0,-4,-110
1767173623.8452382,-1,-1,-109
1767173623.8552382,0,0,-116
1767173623.8652382,0,-2,-120
1767173623.8752382,2,-3,-121
1767173623.8852382,3,-1,-126
1767173623.8952382,5,-2,-127
1767173623.9052382,3,-2,-128
1767173623.915238,3,-4,-127
1767173623.925238,3,-7,-128
1767173623.935238,0,-8,-136
1767173623.945238,-3,-4,-132
1767173623.955238,-4,-2,-128
1767173623.965238,-2,-3,-128
1767173623.975238,-2,0,-127
1767173623.985238,2,-1,-124
1767173623.995238,5,-3,-124
1767173624.005238,3,-5,-125
1767173624.015238,3,0,-118
1767173624.025238,6,0,-118
1767173624.0352385,6,-3,-116
1767173624.0452385,7,-5,-122
1767173624.0552382,8,-5,-128
1767173624.0652382,7,-3,-128
1767173624.0752382,3,-5,-125
1767173624.0852382,-1,-8,-126
1767173624.0952382,0,-10,-127
1767173624.1052382,-4,-6,-129
1767173624.1152382,-3,-2,-126
1767173624.1252382,-5,-2,-127
1767173624.1352382,-7,-5,-126
1767173624.1452382,-4,-1,-120
1767173624.1552382,-8,-3,-111
1767173624.165238,-11,-2,-112
1767173624.175238,-10,3,-112
1767173624.185238,-6,3,-114
1767173624.195238,-3,6,-120
1767173624.205238,-4,7,-121
1767173624.215238,1,3,-121
1767173624.225238,0,2,-117
1767173624.235238,0,3,-116
1767173624.245238,-4,1,-117
1767173624.255238,-7,2,-124
1767173624.265238,-6,1,-126
1767173624.275238,-8,0,-131
1767173624.2852385,-6,2,-123
1767173624.2952385,-7,3,-127
1767173624.3052382,-11,3,-126
1767173624.3152382,-11,2,-125
1767173624.3252382,-8,1,-124
1767173624.3352382,-7,1,-123
1767173624.3452382,-7,0,-122
1767173624.3552382,-6,-1,-124
1767173624.3652382,0,0,-126
1767173624.3752382,2,1,-117
1767173624.3852382,2,0,-118
1767173624.3952382,0,-1,-124
1767173624.4052382,1,0,-127
1767173624.415238,-1,-2,-131
1767173624.425238,-2,-2,-132
1767173624.435238,-6,-6,-126
1767173624.445238,-7,-4,-126
1767173624.455238,-8,-3,-124
1767173624.465238,-4,0,-127
1767173624.475238,-1,0,-121
1767173624.485238,-2,4,-117
1767173624.495238,-1,3,-117
1767173624.505238,0,6,-118
1767173624.515238,4,8,-124
1767173624.525238,2,7,-124
1767173624.5352385,3,3,-119
1767173624.5452385,3,1,-123
1767173624.5552382,3,1,-128
1767173624.5652382,0,0,-129
1767173624.5752382,-2,0,-126
1767173624.5852382,-3,1,-126
1767173624.5952382,-2,2,-129
1767173624.6052382,-4,0,-125
1767173624.6152382,-2,0,-122
1767173624.6252382,-4,0,-122
1767173624.6352382,-4,3,-121
1767173624.6452382,-3,0,-119
1767173624.6552382,0,-3,-123
1767173624.665238,2,-2,-121
1767173624.675238,5,-6,-116
1767173624.685238,4,-4,-120
1767173624.696238,5,1,-125
1767173624.705238,-1,0,-122
1767173624.715238,-3,3,-124
1767173624.725238,-2,3,-126
1767173624.7362382,-2,7,-131
1767173624.7462382,3,6,-128
1767173624.7562382,1,3,-130
1767173624.765238,-1,4,-129
1767173624.7762382,-1,1,-135
1767173624.7862382,4,4,-128
1767173624.7962382,7,3,-132
1767173624.8062382,3,-3,-132
1767173624.8152382,5,-8,-129
1767173624.8262382,2,-11,-128
1767173624.836238,-1,-7,-126
1767173624.846238,-2,-7,-125
1767173624.856238,0,-6,-130
1767173624.866238,0,-3,-124
1767173624.876238,-1,-2,-125
1767173624.886238,-1,-1,-127
1767173624.896238,-5,0,-114
1767173624.906238,-2,2,-123
1767173624.916238,-1,2,-129
1767173624.926238,0,2,-126
1767173624.936238,4,1,-124
1767173624.946238,2,0,-125
1767173624.9562385,4,-1,-130
1767173624.9662385,6,4,-127
1767173624.9762385,6,4,-127
1767173624.9862382,2,4,-128
1767173624.9962382,5,6,-127
1767173625.0062382,0,2,-130
1767173625.0162382,-4,-3,-130
1767173625.0262382,-5,-4,-126
1767173625.0362382,0,-3,-126
1767173625.0462382,-3,-7,-120
1767173625.0562382,-3,-6,-122
1767173625.0662382,-3,-7,-124
1767173625.0762382,-2,-7,-125
1767173625.086238,0,-5,-122
1767173625.096238,0,-4,-120
1767173625.106238,-2,-8,-122
1767173625.116238,-1,-8,-125
1767173625.126238,0,-10,-127
1767173625.136238,-2,-12,-122
1767173625.146238,-4,-9,-124
1767173625.156238,-6,-14,-120
1767173625.166238,-4,-15,-126
1767173625.176238,-4,-11,-129
1767173625.186238,-5,-8,-132
1767173625.196238,-6,-5,-128
1767173625.2062385,-6,-8,-126
1767173625.2162385,-5,-8,-119
1767173625.2262385,-1,-5,-124
1767173625.2362382,0,0,-119
1767173625.2462382,2,0,-115
1767173625.2562382,-1,-1,-115
1767173625.2662382,-2,-2,-121
1767173625.2762382,0,0,-117
1767173625.2862382,0,-2,-117
1767173625.2962382,4,-2,-117
1767173625.3062382,6,-4,-116
1767173625.3162382,7,-5,-119
1767173625.3262382,2,-3,-119
1767173625.336238,4,-4,-120
1767173625.346238,4,-3,-119
1767173625.356238,4,-1,-114
1767173625.366238,6,-2,-122
1767173625.376238,3,-2,-124
1767173625.386238,4,1,-123
1767173625.396238,5,3,-117
1767173625.406238,8,1,-124
1767173625.416238,3,-1,-115
1767173625.426238,5,-2,-113
1767173625.436238,8,-5,-116
1767173625.446238,7,-4,-118
1767173625.4562385,3,0,-116
1767173625.4662385,3,-6,-118
1767173625.4762385,3,-8,-122
1767173625.4862382,9,-10,-121
1767173625.4962382,10,-8,-128
1767173625.5062382,6,-6,-133
1767173625.5162382,2,-6,-130
1767173625.5262382,0,-1,-129
1767173625.5362382,-2,0,-128
1767173625.5462382,-3,-3,-125
1767173625.5562382,-5,-2,-128
1767173625.5662382,-3,-1,-120
1767173625.5762382,0,-3,-123
1767173625.586238,7,0,-127
1767173625.596238,8,4,-122
1767173625.606238,13,0,-126
1767173625.616238,6,-2,-130
1767173625.626238,11,-1,-128
1767173625.636238,8,0,-130
1767173625.646238,3,3,-125
1767173625.656238,1,0,-129
1767173625.666238,0,-2,-129
1767173625.676238,-1,-1,-123
1767173625.686238,1,0,-120
1767173625.696238,1,-1,-118
1767173625.7062385,4,1,-126
1767173625.7162385,0,0,-128
1767173625.7262385,-2,-2,-130
1767173625.7362382,-8,-5,-125
1767173625.7462382,-9,-5,-125
1767173625.7562382,-7,0,-126
1767173625.7662382,-3,-1,-126
1767173625.7762382,-1,2,-122
1767173625.7862382,4,1,-122
1767173625.7962382,7,0,-126
1767173625.8062382,0,-3,-123
1767173625.8162382,-3,-8,-118
1767173625.8262382,0,-7,-124
1767173625.836238,-2,-4,-123
1767173625.846238,-1,-8,-130
1767173625.856238,0,-6,-128
1767173625.866238,-1,-8,-131
1767173625.876238,-6,-3,-133
1767173625.886238,-3,-3,-129
1767173625.896238,-2,0,-125
1767173625.906238,-4,-2,-125
1767173625.916238,-3,-3,-123
1767173625.926238,0,-1,-122
1767173625.936238,0,0,-124
1767173625.946238,1,-1,-122
1767173625.9562385,1,-2,-128
1767173625.9662385,1,-1,-130
1767173625.9762385,4,2,-129
1767173625.9862382,5,4,-130
1767173625.9962382,5,4,-130
1767173626.0062382,1,0,-132
1767173626.0162382,4,1,-135
1767173626.0262382,2,1,-132
1767173626.0362382,-4,-4,-125
1767173626.0462382,-7,-7,-126
1767173626.0562382,-10,-4,-125
1767173626.0662382,-11,-5,-124
1767173626.0762382,-11,-8,-122
1767173626.086238,-12,-7,-124
1767173626.096238,-12,-4,-125
1767173626.106238,-12,-2,-126
1767173626.116238,-9,1,-124
1767173626.126238,-2,3,-120
1767173626.136238,0,3,-119
1767173626.146238,-2,1,-123
1767173626.156238,-6,-2,-129
1767173626.166238,-6,-4,-127
1767173626.176238,-3,-5,-127
1767173626.186238,1,-5,-129
1767173626.196238,3,-4,-125
1767173626.2062385,9,0,-119
1767173626.2162385,8,0,-117
1767173626.2262385,6,-1,-120
1767173626.2362382,6,0,-126
1767173626.257238,6,-4,-121
1767173626.2662382,5,-4,-128
1767173626.2762382,3,-2,-128
1767173626.2862382,2,-2,-131
1767173626.2962382,0,-4,-126
1767173626.3062382,0,-2,-125
1767173626.3162382,-3,-9,-129
1767173626.3262382,0,-6,-136
1767173626.336238,-2,-5,-133
1767173626.346238,-1,-4,-133
1767173626.356238,1,-4,-126
1767173626.366238,0,-5,-126
1767173626.376238,-1,0,-132
1767173626.386238,-1,-4,-135
1767173626.396238,0,-11,-137
1767173626.406238,-3,-10,-138
1767173626.416238,-6,-9,-131
1767173626.426238,-5,-7,-131
1767173626.436238,-1,-6,-135
1767173626.446238,0,-4,-132
1767173626.4562385,0,-5,-134
1767173626.4662385,-1,-4,-126
1767173626.4762385,-3,0,-125
1767173626.4862382,-2,2,-128
1767173626.4962382,-2,2,-122
1767173626.5062382,-1,0,-127
1767173626.5162382,0,0,-127
1767173626.5262382,0,0,-123
1767173626.5362382,4,0,-123
1767173626.5462382,5,0,-119
1767173626.5562382,7,1,-117
1767173626.5662382,4,2,-112
1767173626.5762382,1,0,-108
1767173626.586238,-6,-1,-114
1767173626.596238,-6,-5,-113
1767173626.606238,-3,-6,-118
1767173626.616238,-3,-6,-118
1767173626.626238,-1,-5,-121
1767173626.636238,0,-3,-117
1767173626.646238,1,0,-119
1767173626.656238,2,-2,-126
1767173626.666238,3,-2,-128
1767173626.676238,2,-2,-124
1767173626.686238,1,0,-122
1767173626.696238,2,-1,-117
1767173626.7062385,0,0,-117
1767173626.7162385,0,0,-119
1767173626.7262385,-2,-3,-119
1767173626.7362382,-1,-3,-123
1767173626.7462382,-2,0,-118
1767173626.7562382,-5,1,-118
1767173626.7662382,-3,-2,-120
1767173626.7762382,-6,-1,-122
1767173626.7862382,-4,-3,-122
1767173626.7962382,-3,-5,-124
1767173626.8062382,-1,-3,-122
1767173626.8162382,0,-1,-119
1767173626.8262382,0,-6,-122
1767173626.836238,-3,-5,-124
1767173626.846238,-2,-1,-125
1767173626.856238,-8,0,-125
1767173626.866238,-6,0,-127
1767173626.876238,-3,4,-129
1767173626.886238,-2,1,-133
1767173626.896238,1,4,-127
1767173626.906238,5,2,-127
1767173626.916238,2,1,-128
1767173626.926238,-1,1,-126
1767173626.936238,0,4,-130
1767173626.946238,1,3,-130
1767173626.9562385,0,2,-127
1767173626.9662385,0,2,-125
1767173626.9762385,0,0,-123
1767173626.9862382,0,0,-122
1767173626.9962382,0,-4,-123
1767173627.0062382,4,-4,-121
1767173627.0162382,2,-1,-124
1767173627.0262382,2,0,-130
1767173627.0362382,-1,-1,-129
1767173627.0462382,-2,-3,-123
1767173627.0562382,-3,0,-128
1767173627.0662382,-3,-1,-133
1767173627.0762382,2,2,-126
1767173627.086238,2,2,-131
1767173627.096238,4,-1,-125
1767173627.106238,1,0,-124
1767173627.116238,1,-7,-121
1767173627.126238,1,-9,-126
1767173627.136238,1,-11,-126
1767173627.146238,-1,-10,-126
1767173627.156238,-1,-7,-131
1767173627.166238,-2,-5,-131
1767173627.176238,-1,-3,-130
1767173627.186238,1,1,-132
1767173627.196238,3,0,-130
1767173627.2062385,0,-1,-130
1767173627.2162385,-1,-3,-131
1767173627.2262385,-3,-7,-128
1767173627.2362382,-1,-4,-138
1767173627.2462382,-1,-3,-138
1767173627.2562382,-2,-4,-138
1767173627.2662382,0,-3,-131
1767173627.2762382,0,0,-128
1767173627.2862382,0,-3,-128
1767173627.2962382,3,-2,-127
1767173627.3062382,-2,-2,-129
1767173627.3162382,-7,-3,-125
1767173627.3262382,-12,1,-127
1767173627.336238,-9,-1,-132
1767173627.346238,-6,-4,-133
1767173627.357238,-7,-6,-139
1767173627.366238,-6,-5,-141
1767173627.377238,-10,-5,-139
1767173627.3872385,-6,-3,-140
1767173627.3972385,-6,-5,-135
1767173627.4072382,-4,-6,-128
1767173627.4172382,-2,-2,-130
1767173627.4272382,-6,-4,-129
1767173627.4372382,-4,-1,-131
1767173627.4472382,-4,0,-128
1767173627.4572382,-8,2,-121
1767173627.4672382,-8,3,-126
1767173627.4772382,-6,3,-127
1767173627.4872382,-3,0,-124
1767173627.4972382,-2,-1,-128
1767173627.507238,-3,-1,-134
1767173627.517238,0,-3,-140
1767173627.527238,3,0,-135
1767173627.537238,5,-1,-132
1767173627.547238,3,-2,-125
1767173627.557238,-3,-1,-126
1767173627.567238,-3,2,-127
1767173627.577238,-1,1,-131
1767173627.587238,2,1,-125
1767173627.597238,4,2,-119
1767173627.607238,5,0,-119
1767173627.617238,4,0,-120
1767173627.627238,-1,-6,-120
1767173627.6372385,-3,-7,-127
1767173627.6472385,1,-5,-137
1767173627.6572382,1,-4,-135
1767173627.6672382,0,0,-126
1767173627.6772382,-3,2,-131
1767173627.6872382,0,0,-130
1767173627.6972382,-1,0,-126
1767173627.7072382,0,1,-131
1767173627.7172382,0,0,-134
1767173627.7272382,-1,-1,-138
1767173627.7372382,-2,0,-135
1767173627.7472382,0,-1,-136
1767173627.757238,0,-3,-135
1767173627.767238,-3,-6,-131
1767173627.777238,-5,-5,-130
1767173627.787238,-7,-3,-129
1767173627.797238,-5,-1,-125
1767173627.807238,-6,-2,-124
1767173627.817238,0,-5,-129
1767173627.827238,2,-5,-131
1767173627.837238,2,-9,-131
1767173627.847238,-2,-8,-125
1767173627.857238,-7,-8,-128
1767173627.867238,-3,-5,-132
1767173627.877238,-2,-4,-132
1767173627.8872385,-4,-1,-126
1767173627.8972385,-2,4,-123
1767173627.9072382,-3,4,-121
1767173627.9172382,0,5,-128
1767173627.9272382,1,6,-135
1767173627.9372382,2,6,-134
1767173627.9472382,4,0,-138
1767173627.9572382,5,-2,-137
1767173627.9672382,4,-4,-138
1767173627.9772382,1,1,-135
1767173627.9872382,2,3,-130
1767173627.9972382,7,4,-131
1767173628.007238,2,2,-130
1767173628.017238,0,0,-132
1767173628.027238,4,1,-130
1767173628.037238,5,1,-123
1767173628.047238,0,0,-118
1767173628.057238,0,-2,-111
1767173628.067238,-1,0,-115
1767173628.077238,-2,1,-121
1767173628.087238,-3,-4,-120
1767173628.097238,-2,-6,-119
1767173628.107238,-1,-5,-118
1767173628.117238,-3,-5,-108
1767173628.127238,-2,-1,-113
1767173628.1372385,-1,1,-122
1767173628.1472385,-2,0,-127
1767173628.1572382,-6,-3,-131
1767173628.1672382,-10,0,-129
1767173628.1772382,-8,-6,-127
1767173628.1872382,-4,-9,-128
1767173628.1972382,-5,-11,-131
1767173628.2072382,-7,-9,-131
1767173628.2172382,-5,-9,-131
1767173628.2272382,-2,-9,-135
1767173628.2372382,0,-9,-133
1767173628.2472382,3,-9,-134
1767173628.257238,3,-8,-133
1767173628.267238,2,-7,-125
1767173628.277238,-1,-9,-121
1767173628.287238,-3,-8,-124
1767173628.297238,-3,-8,-125
1767173628.307238,-4,-9,-124
1767173628.317238,-5,-9,-127
1767173628.327238,-1,-7,-131
1767173628.337238,-4,-1,-128
1767173628.347238,-1,-5,-128
1767173628.357238,-5,-2,-130
1767173628.367238,-8,-4,-123
1767173628.377238,-6,-6,-127
1767173628.3872385,-5,-5,-124
1767173628.3972385,1,-6,-119
1767173628.4072382,5,-6,-118
1767173628.4172382,6,-2,-123
1767173628.4272382,6,-2,-118
1767173628.4372382,9,0,-120
1767173628.4472382,10,0,-117
1767173628.4572382,7,0,-115
1767173628.4672382,6,0,-120
1767173628.4772382,-1,0,-121
1767173628.4872382,0,0,-124
1767173628.4972382,3,1,-123
1767173628.507238,5,1,-120
1767173628.517238,3,3,-121
1767173628.527238,0,-1,-120
1767173628.537238,-6,0,-121
1767173628.547238,-4,-3,-121
1767173628.557238,0,-1,-123
1767173628.567238,0,0,-130
1767173628.577238,-3,1,-126
1767173628.587238,-4,1,-122
1767173628.597238,0,0,-120
1767173628.607238,4,1,-114
1767173628.617238,5,-3,-117
1767173628.627238,5,-8,-124
1767173628.6372385,1,-8,-123
1767173628.6472385,1,-3,-126
1767173628.6572382,1,-2,-125
1767173628.6672382,-2,-6,-118
1767173628.6772382,-5,-4,-123
1767173628.6872382,-5,0,-121
1767173628.6972382,-5,0,-118
1767173628.7072382,-4,-2,-116
1767173628.7172382,1,-7,-121
1767173628.7272382,1,-8,-125
1767173628.7372382,-2,-2,-127
1767173628.7472382,0,-6,-124
1767173628.757238,1,-4,-119
1767173628.767238,3,-2,-120
1767173628.777238,5,0,-121
1767173628.787238,4,-1,-126
1767173628.797238,2,-2,-129
1767173628.807238,0,-3,-132
1767173628.817238,-4,-3,-134
1767173628.827238,-7,-1,-132
1767173628.837238,-4,-2,-131
1767173628.847238,-1,-3,-130
1767173628.857238,0,-1,-123
1767173628.867238,3,0,-124
1767173628.877238,3,0,-128
1767173628.8872385,0,-4,-129
1767173628.8972385,3,-6,-127
1767173628.9072382,4,-4,-121
1767173628.9172382,0,-2,-124
1767173628.9272382,0,-1,-118
1767173628.9372382,-2,0,-124
1767173628.9472382,-4,3,-127
1767173628.9572382,-6,3,-127
1767173628.9672382,-7,6,-123
1767173628.9772382,-6,0,-127
1767173628.9872382,-2,0,-131
1767173628.9972382,1,0,-130
1767173629.007238,0,0,-129
1767173629.017238,5,3,-132
1767173629.027238,7,4,-134
1767173629.037238,9,1,-134
1767173629.047238,6,-2,-128
1767173629.057238,5,-1,-130
1767173629.067238,3,-1,-134
1767173629.077238,1,2,-136
1767173629.087238,-2,3,-134
1767173629.097238,-3,2,-125
1767173629.107238,-2,4,-128
1767173629.117238,-7,0,-133
1767173629.127238,-3,-5,-128
1767173629.1372385,0,-5,-124
1767173629.1472385,-1,-6,-126
1767173629.1572382,0,-7,-124
1767173629.1672382,0,-6,-130
1767173629.1772382,-3,-5,-128
1767173629.1872382,-4,0,-123
1767173629.1972382,-5,2,-114
1767173629.2072382,-2,6,-116
1767173629.2172382,-3,2,-116
1767173629.2272382,-3,6,-117
1767173629.2372382,-2,0,-114
1767173629.2472382,-1,-1,-110
1767173629.257238,0,-5,-115
1767173629.267238,0,-4,-123
1767173629.277238,1,-6,-123
1767173629.287238,4,-5,-125
1767173629.297238,7,-9,-125
1767173629.307238,6,-6,-125
1767173629.317238,8,-8,-125
1767173629.327238,6,-6,-125
1767173629.337238,2,-5,-126
1767173629.347238,3,-6,-130
1767173629.357238,4,-9,-135
1767173629.367238,7,-5,-140
1767173629.377238,8,-3,-137
1767173629.3872385,4,-1,-142
1767173629.3972385,0,-3,-138
1767173629.4072382,-1,-4,-134
1767173629.4172382,-3,-7,-129
1767173629.4272382,-8,-3,-134
1767173629.4372382,-10,-4,-134
1767173629.4472382,-7,-2,-128
1767173629.4572382,-8,-4,-127
1767173629.4672382,-9,-3,-128
1767173629.4772382,-9,-4,-124
1767173629.4872382,-10,-7,-126
1767173629.4972382,-6,-7,-125
1767173629.507238,-7,-8,-131
1767173629.517238,-6,-7,-131
1767173629.527238,-7,-5,-129
1767173629.537238,-9,0,-134
1767173629.547238,-8,2,-137
1767173629.557238,-6,1,-137
1767173629.567238,-4,1,-131
1767173629.577238,-4,-1,-122
1767173629.587238,-7,-3,-124
1767173629.597238,-1,-5,-126
1767173629.607238,-3,-3,-125
1767173629.617238,-3,-2,-123
1767173629.627238,-1,-5,-120
1767173629.6372385,4,-3,-125
1767173629.6472385,1,1,-132
1767173629.6572382,-1,-5,-129
1767173629.6672382,-1,-6,-128
1767173629.6772382,-2,-6,-132
1767173629.6872382,-3,-7,-133
1767173629.6972382,-2,-3,-132
1767173629.7072382,0,-5,-133
1767173629.7172382,-1,-2,-132
1767173629.7272382,-4,-4,-132
1767173629.7372382,-3,-4,-136
1767173629.7472382,-7,-2,-132
1767173629.757238,-8,-4,-131
1767173629.767238,-6,-4,-126
1767173629.777238,-1,-2,-133
1767173629.787238,1,-4,-130
1767173629.797238,0,-2,-133
1767173629.807238,6,-7,-131
1767173629.817238,8,-5,-127
1767173629.827238,3,-4,-130
1767173629.837238,0,0,-129
1767173629.847238,-1,-1,-127
1767173629.857238,0,1,-131
1767173629.867238,1,1,-126
1767173629.877238,2,1,-125
1767173629.8872385,2,1,-126
1767173629.8972385,1,3,-127
1767173629.9072382,0,2,-129
1767173629.9172382,-2,2,-132
1767173629.9272382,-3,4,-127
1767173629.9372382,-2,3,-124
1767173629.9472382,-4,-3,-122
1767173629.9572382,-4,-5,-126
1767173629.9672382,0,-7,-121
1767173629.9772382,0,-3,-115
1767173629.9872382,3,-3,-110
1767173629.9972382,2,-1,-113
1767173630.007238,1,-1,-121
1767173630.018238,1,-2,-121
1767173630.028238,0,0,-122
1767173630.038238,1,2,-116
1767173630.048238,0,2,-122
1767173630.0582385,-2,1,-121
1767173630.0682385,0,-2,-127
1767173630.0782382,0,-3,-131
1767173630.0882382,2,0,-126
1767173630.0982382,1,0,-118
1767173630.1082382,5,-1,-115
1767173630.1182382,8,-1,-119
1767173630.1282382,0,-1,-118
1767173630.1382382,-4,-2,-114
1767173630.1482382,-4,-9,-117
1767173630.1582382,-2,-8,-119
1767173630.1682382,-2,-9,-111
1767173630.1782382,-4,-11,-114
1767173630.188238,1,-10,-118
1767173630.198238,3,-10,-125
1767173630.208238,3,-10,-129
1767173630.218238,-2,-5,-132
1767173630.228238,-5,0,-133
1767173630.238238,-6,0,-133
1767173630.248238,-4,-3,-126
1767173630.258238,-3,-1,-123
1767173630.268238,-6,0,-127
1767173630.278238,-4,3,-128
1767173630.288238,0,4,-121
1767173630.298238,-2,2,-124
1767173630.3082385,-2,2,-124
1767173630.3182385,-4,2,-125
1767173630.3282382,-5,0,-130
1767173630.3382382,-3,-3,-134
1767173630.3482382,-2,0,-132
1767173630.3582382,2,0,-128
1767173630.3682382,1,-1,-130
1767173630.3782382,3,0,-126
1767173630.3882382,0,2,-132
1767173630.3982382,1,1,-131
1767173630.4082382,0,2,-139
1767173630.4182382,0,0,-137
1767173630.4282382,-3,0,-138
1767173630.438238,-1,3,-135
1767173630.448238,0,1,-128
1767173630.458238,1,-3,-129
1767173630.468238,0,-4,-128
1767173630.478238,2,-3,-124
1767173630.488238,4,-4,-123
1767173630.498238,1,-3,-126
1767173630.508238,4,-2,-127
1767173630.518238,3,-3,-135
1767173630.528238,2,1,-133
1767173630.538238,0,0,-128
1767173630.548238,0,-4,-121
1767173630.5582385,5,-7,-115
1767173630.5682385,2,-5,-117
1767173630.5782382,1,-4,-117
1767173630.5882382,0,-7,-118
1767173630.5982382,5,-6,-119
1767173630.6082382,0,-6,-124
1767173630.6182382,0,-5,-122
1767173630.6282382,-1,-8,-123
1767173630.6382382,-1,-12,-121
1767173630.6482382,-4,-11,-120
1767173630.6582382,-5,-10,-121
1767173630.6682382,-7,-7,-121
1767173630.6782382,-9,-1,-122
1767173630.688238,-6,-2,-125
1767173630.698238,-2,-2,-124
1767173630.708238,0,-4,-126
1767173630.718238,-5,-4,-125
1767173630.728238,-2,0,-125
1767173630.738238,3,0,-128
1767173630.748238,3,0,-122
1767173630.758238,6,2,-122
1767173630.768238,3,0,-121
1767173630.778238,-1,-4,-123
1767173630.788238,-4,-5,-126
1767173630.798238,-2,-4,-125
1767173630.8082385,-3,-5,-126
1767173630.8182385,-1,-6,-131
1767173630.8282382,-1,-4,-131
1767173630.8382382,0,1,-127
1767173630.8482382,0,2,-127
1767173630.8582382,-1,0,-128
1767173630.8682382,0,3,-135
1767173630.8782382,0,4,-134
1767173630.8882382,1,3,-130
1767173630.8982382,0,3,-128
1767173630.9082382,0,6,-130
1767173630.9182382,0,4,-125
1767173630.9282382,-2,4,-121
1767173630.938238,-1,2,-120
1767173630.948238,0,1,-115
1767173630.958238,0,1,-112
1767173630.968238,1,0,-114
1767173630.978238,0,-1,-124
1767173630.988238,-3,-6,-129
1767173630.998238,-2,-5,-132
1767173631.008238,-4,-5,-130
1767173631.018238,-6,-9,-130
1767173631.028238,-4,-10,-132
1767173631.038238,-3,-10,-128
1767173631.048238,-3,-9,-124
1767173631.0582385,-4,-7,-120
1767173631.0682385,-3,-3,-124
1767173631.0782382,0,-5,-126
1767173631.0882382,-2,-5,-123
1767173631.0982382,-1,-2,-122
1767173631.1082382,-2,-6,-131
1767173631.1182382,-2,-6,-126
1767173631.1282382,0,-5,-131
1767173631.1382382,2,-2,-135
1767173631.1482382,2,-1,-138
1767173631.1582382,2,-1,-128
1767173631.1682382,7,-2,-125
1767173631.1782382,4,-2,-118
1767173631.188238,2,2,-114
1767173631.198238,2,0,-119
1767173631.208238,0,-2,-120
1767173631.218238,3,-5,-121
1767173631.228238,-1,-6,-118
1767173631.238238,-3,-5,-117
1767173631.248238,0,-4,-119
1767173631.2702382,5,-4,-128
1767173631.278238,2,-5,-124
1767173631.288238,-3,-9,-130
1767173631.298238,-5,-12,-129
1767173631.3082385,-1,-9,-128
1767173631.3182385,-1,-9,-119
1767173631.3282382,-2,-5,-118
1767173631.3382382,0,-2,-119
1767173631.3482382,0,0,-117
1767173631.3582382,3,-1,-112
1767173631.3682382,1,3,-110
1767173631.3782382,-1,0,-117
1767173631.3882382,-1,-1,-122
1767173631.3982382,-1,0,-126
1767173631.4082382,0,-4,-125
1767173631.4182382,5,-1,-123
1767173631.4282382,0,-3,-123
1767173631.438238,-2,-3,-121
1767173631.448238,0,-2,-123
1767173631.458238,0,-4,-125
1767173631.468238,1,0,-123
1767173631.478238,0,1,-128
1767173631.488238,-3,0,-129
1767173631.498238,-1,2,-129
1767173631.508238,0,2,-135
1767173631.518238,4,2,-135
1767173631.528238,0,8,-137
1767173631.538238,-2,7,-140
1767173631.548238,-1,3,-139
1767173631.5582385,0,0,-129
1767173631.5682385,2,0,-126
1767173631.5782382,5,0,-126
1767173631.5882382,8,5,-124
1767173631.5982382,4,0,-126
1767173631.6082382,3,-1,-126
1767173631.6182382,2,-3,-126
1767173631.6282382,3,-3,-124
1767173631.6382382,1,-3,-119
1767173631.6482382,1,-6,-121
1767173631.6582382,0,-8,-122
1767173631.6682382,1,-8,-114
1767173631.6782382,0,-7,-117
1767173631.688238,-3,-8,-118
1767173631.698238,-1,-10,-125
1767173631.708238,-2,-12,-127
1767173631.718238,-5,-9,-122
1767173631.728238,-3,-8,-118
1767173631.738238,0,-5,-121
1767173631.748238,5,-3,-119
1767173631.758238,3,-4,-120
1767173631.768238,-2,-3,-122
1767173631.778238,-3,-2,-119
1767173631.788238,-8,-4,-123
1767173631.798238,-3,-3,-124
1767173631.8082385,-1,-3,-124
1767173631.8182385,-3,-1,-128
1767173631.8282382,-6,0,-130
1767173631.8382382,-2,-1,-128
1767173631.8482382,-3,-1,-124
1767173631.8582382,-1,0,-128
1767173631.8682382,0,0,-126
1767173631.8782382,-2,-1,-129
1767173631.8882382,-2,-5,-128
1767173631.8982382,-2,-4,-124
1767173631.9082382,0,-6,-124
1767173631.9182382,3,-3,-122
1767173631.9282382,0,-2,-121
1767173631.938238,0,-1,-127
1767173631.948238,0,0,-120
1767173631.958238,-4,-3,-124
1767173631.968238,-5,-2,-120
1767173631.978238,-1,-5,-122
1767173631.988238,-1,-2,-130
1767173631.998238,1,-2,-129
1767173632.008238,2,-2,-136
1767173632.018238,0,-4,-133
1767173632.028238,-4,-5,-130
1767173632.038238,-2,0,-127
1767173632.048238,1,2,-130
1767173632.0582385,3,4,-133
1767173632.0682385,4,3,-126
1767173632.0782382,3,4,-134
1767173632.0882382,1,2,-131
1767173632.0982382,2,2,-129
1767173632.1082382,0,1,-128
1767173632.1182382,1,-1,-128
1767173632.1282382,2,0,-127
1767173632.1382382,2,1,-128
1767173632.1482382,2,3,-127
1767173632.1582382,2,0,-122
1767173632.1682382,4,-2,-122
1767173632.1782382,-1,-2,-126
1767173632.188238,-2,-3,-129
1767173632.198238,1,-1,-130
1767173632.208238,8,-1,-133
1767173632.218238,5,0,-133
1767173632.228238,4,0,-130
1767173632.238238,4,-1,-133
1767173632.248238,3,0,-132
1767173632.258238,1,-2,-132
1767173632.268238,-5,0,-128
1767173632.278238,-6,0,-132
1767173632.288238,-5,-1,-131
1767173632.298238,0,3,-130
1767173632.3082385,2,6,-126
1767173632.3182385,3,7,-132
1767173632.3282382,1,10,-125
1767173632.3382382,-3,10,-126
1767173632.3482382,-2,6,-130
1767173632.3582382,0,0,-128
1767173632.3682382,0,0,-119
1767173632.3782382,6,-3,-119
1767173632.3882382,6,-3,-128
1767173632.3982382,2,-6,-130
1767173632.4082382,3,-4,-131
1767173632.4182382,2,-2,-135
1767173632.4282382,0,-3,-132
1767173632.438238,-3,0,-129
1767173632.448238,-1,0,-132
1767173632.458238,-2,1,-134
1767173632.468238,-5,-2,-132
1767173632.478238,-5,-4,-127
1767173632.488238,-3,-5,-131
1767173632.498238,-6,-3,-133
1767173632.508238,-7,-4,-124
1767173632.518238,-6,-1,-114
1767173632.528238,-4,-2,-113
1767173632.538238,-3,-6,-118
1767173632.548238,0,-7,-121
1767173632.5582385,0,-8,-124
1767173632.5682385,-1,-7,-129
1767173632.5782382,1,-3,-134
1767173632.5882382,0,-6,-130
1767173632.5982382,-1,-6,-122
1767173632.6082382,-5,-4,-121
1767173632.619238,-3,-6,-119
1767173632.6282382,-3,-3,-118
1767173632.639238,-2,-3,-123
1767173632.6482382,-2,-3,-131
1767173632.659238,-2,-2,-132
1767173632.669238,0,-6,-127
1767173632.679238,0,-6,-131
1767173632.689238,-1,-4,-132
1767173632.699238,-3,-3,-130
1767173632.709238,-4,-4,-128
1767173632.719238,-4,-1,-125
1767173632.7292385,-10,-1,-127
1767173632.7392385,-8,1,-129
1767173632.748238,-10,-1,-128
1767173632.7592382,-11,-2,-129
1767173632.7692382,-9,0,-127
1767173632.7792382,-5,0,-124
1767173632.7892382,0,3,-128
1767173632.7992382,-2,3,-127
1767173632.8092382,0,4,-127
1767173632.8192382,3,2,-127
1767173632.8292382,6,1,-121
1767173632.8392382,3,3,-122
1767173632.8492382,2,-1,-118
1767173632.859238,-2,0,-120
1767173632.869238,-3,-1,-126
1767173632.879238,1,0,-130
1767173632.889238,0,-1,-132
1767173632.899238,0,2,-139
1767173632.909238,-3,6,-134
1767173632.919238,-1,3,-134
1767173632.929238,1,3,-132
1767173632.939238,3,1,-124
1767173632.949238,-1,-2,-124
1767173632.959238,0,-5,-123
1767173632.969238,1,-6,-125
1767173632.9792385,0,-5,-131
1767173632.9892385,-1,-2,-128
1767173632.9992385,-2,1,-130
1767173633.0092382,-3,3,-131
1767173633.0192382,0,3,-127
1767173633.0292382,1,0,-121
1767173633.0392382,3,0,-130
1767173633.0492382,-2,1,-131
1767173633.0592382,-2,3,-134
1767173633.0692382,-1,-2,-128
1767173633.0792382,1,0,-132
1767173633.0892382,1,3,-137
1767173633.0992382,4,4,-143
1767173633.109238,0,1,-142
1767173633.119238,-4,2,-126
1767173633.129238,-3,1,-128
1767173633.139238,0,4,-133
1767173633.149238,-2,5,-130
1767173633.159238,-3,2,-132
1767173633.169238,-4,-3,-132
1767173633.179238,0,-4,-125
1767173633.189238,5,-2,-129
1767173633.199238,5,2,-127
1767173633.209238,8,0,-135
1767173633.219238,9,-2,-130
1767173633.2292385,9,0,-131
1767173633.2392385,6,-2,-132
1767173633.2492385,2,-3,-130
1767173633.2592382,0,-3,-132
1767173633.2692382,-1,-4,-128
1767173633.2792382,0,-9,-126
1767173633.2892382,0,-8,-125
1767173633.2992382,3,-9,-124
1767173633.3092382,4,-7,-121
1767173633.3192382,2,-5,-125
1767173633.3292382,-5,-3,-129
1767173633.3392382,-3,-1,-129
1767173633.3492382,-5,-2,-131
1767173633.359238,-1,1,-134
1767173633.369238,-3,0,-131
1767173633.379238,-3,0,-133
1767173633.389238,2,1,-136
1767173633.399238,-4,0,-129
1767173633.409238,-6,2,-125
1767173633.419238,-4,-1,-127
1767173633.429238,-6,1,-126
1767173633.439238,-4,3,-127
1767173633.449238,-6,0,-121
1767173633.459238,-4,-4,-119
1767173633.469238,0,-2,-123
1767173633.4792385,2,-1,-124
1767173633.4892385,0,1,-118
1767173633.4992385,1,0,-121
1767173633.5092382,4,0,-122
1767173633.5192382,3,2,-123
1767173633.5292382,2,1,-116
1767173633.5392382,0,6,-119
1767173633.5492382,-1,4,-118
1767173633.5592382,-1,7,-119
1767173633.5692382,0,4,-116
1767173633.5792382,5,4,-117
1767173633.5892382,9,0,-118
1767173633.5992382,11,2,-126
1767173633.609238,7,5,-119
1767173633.619238,9,2,-121
1767173633.629238,7,-1,-116
1767173633.640238,4,-1,-118
1767173633.649238,6,-1,-120
1767173633.659238,2,-1,-116
1767173633.669238,4,-4,-117
1767173633.679238,0,-1,-121
1767173633.689238,0,0,-125
1767173633.699238,-2,0,-120
1767173633.709238,-1,1,-122
1767173633.719238,0,1,-117
1767173633.7292385,-1,0,-121
1767173633.7392385,-4,2,-125
1767173633.7492385,-5,3,-117
1767173633.7592382,-6,4,-115
1767173633.7692382,-2,2,-115
1767173633.7792382,-1,2,-123
1767173633.7892382,1,-2,-123
1767173633.7992382,2,-5,-123
1767173633.8092382,4,-5,-125
1767173633.8192382,3,-1,-131
1767173633.8292382,0,0,-129
1767173633.8392382,-8,-3,-127
1767173633.8492382,-15,-6,-126
1767173633.859238,-13,-2,-124
1767173633.869238,-12,-2,-129
1767173633.879238,-12,-3,-128
1767173633.889238,-8,-1,-125
1767173633.899238,-4,-1,-127
1767173633.909238,-5,-6,-127
1767173633.919238,-5,-5,-125
1767173633.929238,-4,-6,-131
1767173633.939238,-4,-7,-126
1767173633.949238,-2,-9,-119
1767173633.959238,-2,-8,-122
1767173633.969238,0,-9,-124
1767173633.9792385,-1,-3,-130
1767173633.9892385,0,-1,-132
1767173633.9992385,-3,0,-132
1767173634.0092382,-1,1,-133
1767173634.0192382,0,-4,-127
1767173634.0292382,0,-8,-132
1767173634.0392382,1,-4,-126
1767173634.0492382,3,-3,-130
1767173634.0592382,4,-3,-129
1767173634.0692382,0,0,-122
1767173634.0792382,7,3,-120
1767173634.0892382,6,0,-122
1767173634.0992382,-2,-3,-117
1767173634.109238,-7,-2,-117
1767173634.119238,-12,-2,-116
1767173634.129238,-11,-3,-125
1767173634.139238,-10,-3,-126
1767173634.149238,-7,-5,-127
1767173634.159238,-3,-6,-127
1767173634.169238,-3,-6,-129
1767173634.179238,0,-9,-127
1767173634.189238,0,-8,-126
1767173634.199238,3,-5,-127
1767173634.209238,4,-7,-124
1767173634.219238,3,-5,-121
1767173634.2292385,0,-7,-122
1767173634.2392385,1,-9,-119
1767173634.2492385,0,-8,-120
1767173634.2592382,-3,-6,-122
1767173634.2692382,-7,-4,-121
1767173634.2792382,-6,-3,-124
1767173634.2892382,-7,-7,-128
1767173634.2992382,-4,-5,-133
1767173634.3092382,0,-5,-131
1767173634.3192382,-1,-2,-130
1767173634.3292382,0,0,-131
1767173634.3392382,-1,0,-135
1767173634.3492382,-1,-1,-136
1767173634.359238,-4,-4,-130
1767173634.369238,-2,0,-121
1767173634.379238,-2,3,-115
1767173634.389238,-1,3,-117
1767173634.399238,0,4,-117
1767173634.409238,-1,1,-124
1767173634.419238,0,2,-132
1767173634.429238,1,2,-127
1767173634.439238,4,0,-131
1767173634.449238,0,-1,-130
1767173634.459238,-4,-1,-129
1767173634.469238,0,-2,-127
1767173634.4792385,0,-1,-128
1767173634.4892385,-1,6,-129
1767173634.4992385,-2,5,-122
1767173634.5092382,-3,7,-118
1767173634.5192382,-4,6,-116
1767173634.5292382,-6,6,-111
1767173634.5392382,-9,6,-110
1767173634.5492382,-8,3,-115
1767173634.5592382,-5,3,-118
1767173634.5692382,-4,2,-121
1767173634.5792382,-4,1,-120
1767173634.5892382,-8,-1,-120
1767173634.5992382,-2,-2,-123
1767173634.609238,0,-3,-126
1767173634.619238,-3,-5,-133
1767173634.629238,0,-7,-130
1767173634.639238,-1,-5,-124
1767173634.649238,0,-5,-123
1767173634.659238,2,-3,-114
1767173634.669238,6,-4,-111
1767173634.679238,5,-4,-121
1767173634.689238,2,-3,-123
1767173634.699238,1,-5,-121
1767173634.709238,-2,-5,-124
1767173634.719238,-4,-2,-127
1767173634.7292385,0,0,-131
1767173634.7392385,-1,-2,-129
1767173634.7492385,-3,-4,-128
1767173634.7592382,-4,-4,-126
1767173634.7692382,0,-3,-125
1767173634.7792382,0,-3,-121
1767173634.7892382,2,-2,-122
1767173634.7992382,2,0,-127
1767173634.8092382,1,2,-129
1767173634.8192382,-1,2,-135
1767173634.8292382,4,0,-129
1767173634.8392382,9,1,-124
1767173634.8492382,5,-3,-133
1767173634.859238,3,-7,-129
1767173634.869238,4,-5,-130
1767173634.879238,0,-2,-123
1767173634.889238,1,-1,-128
1767173634.899238,-2,-1,-128
1767173634.909238,-1,0,-126
1767173634.919238,0,0,-130
1767173634.929238,-4,-1,-127
1767173634.939238,-1,-3,-125
1767173634.949238,-3,-3,-119
1767173634.959238,0,-3,-120
1767173634.969238,-5,-4,-127
1767173634.9792385,-6,-1,-132
1767173634.9892385,-7,-5,-130
1767173634.9992385,-4,-5,-130
1767173635.0092382,-1,-9,-120
1767173635.0192382,0,-9,-120
1767173635.0292382,2,-7,-120
1767173635.0392382,2,-9,-122
1767173635.0492382,-2,-10,-132
1767173635.0592382,-5,-5,-130
1767173635.0692382,-1,-7,-128
1767173635.0792382,3,-5,-125
1767173635.0892382,3,-4,-124
1767173635.0992382,4,-1,-128
1767173635.109238,2,-1,-120
1767173635.119238,1,-3,-122
1767173635.129238,2,0,-124
1767173635.139238,3,-1,-126
1767173635.149238,4,3,-125
1767173635.159238,4,3,-121
1767173635.169238,9,-1,-121
1767173635.179238,6,-2,-122
1767173635.189238,5,-4,-129
1767173635.199238,1,-4,-133
1767173635.209238,0,-4,-124
1767173635.2202382,-3,-5,-122
1767173635.2292385,-7,-6,-130
1767173635.2392385,-5,-8,-130
1767173635.2502382,-4,-5,-127
1767173635.2602382,-1,-7,-126
1767173635.2702382,-2,-7,-123
1767173635.2792382,-1,-8,-124
1767173635.290238,-4,-10,-125
1767173635.300238,0,-9,-122
1767173635.310238,2,-8,-119
1767173635.320238,-1,-8,-119
1767173635.330238,0,-7,-121
1767173635.340238,-1,-6,-121
1767173635.350238,2,-3,-129
1767173635.360238,1,-3,-134
1767173635.370238,3,-3,-135
1767173635.380238,4,-4,-134
1767173635.390238,5,-1,-137
1767173635.400238,5,-6,-141
1767173635.4102385,7,-8,-144
1767173635.4202385,6,-7,-138
1767173635.4302382,2,-4,-141
1767173635.4402382,0,-7,-137
1767173635.4502382,0,-7,-136
1767173635.4602382,0,-5,-134
1767173635.4702382,0,-1,-131
1767173635.4802382,-5,-5,-121
1767173635.4902382,-8,-7,-119
1767173635.5002382,-7,-7,-121
1767173635.5102382,-2,-2,-118
1767173635.5202382,-6,3,-120
1767173635.5302382,-5,0,-120
1767173635.540238,-4,-3,-129
1767173635.550238,-6,-5,-138
1767173635.560238,-3,-2,-136
1767173635.570238,-1,-2,-131
1767173635.580238,-3,0,-125
1767173635.590238,-6,0,-125
1767173635.600238,-6,1,-124
1767173635.610238,-7,-1,-132
1767173635.620238,-1,-3,-133
1767173635.630238,2,0,-135
1767173635.640238,0,2,-134
1767173635.650238,1,0,-133
1767173635.6602385,-1,1,-123
1767173635.6702385,0,0,-121
1767173635.6802382,4,0,-122
1767173635.6902382,3,-4,-120
1767173635.7002382,8,1,-121
1767173635.7102382,6,3,-124
1767173635.7202382,3,7,-124
1767173635.7302382,0,4,-128
1767173635.7402382,-1,0,-129
1767173635.7502382,-1,-1,-131
1767173635.7602382,-6,-4,-130
1767173635.7702382,-3,-6,-127
1767173635.7802382,-4,-7,-129
1767173635.790238,-2,-3,-131
1767173635.800238,-3,-1,-133
1767173635.810238,-1,-2,-129
1767173635.820238,-2,-3,-123
1767173635.830238,-1,-3,-126
1767173635.840238,0,-4,-126
1767173635.850238,-4,-1,-124
1767173635.860238,-4,-2,-123
1767173635.870238,-1,-3,-119
1767173635.880238,-1,-2,-122
1767173635.890238,0,0,-123
1767173635.900238,3,3,-127
1767173635.9102385,6,0,-129
1767173635.9202385,3,-1,-132
1767173635.9302382,0,-1,-133
1767173635.9402382,1,-3,-136
1767173635.9502382,0,-5,-126
1767173635.9602382,0,-4,-127
1767173635.9702382,4,-4,-128
1767173635.9802382,3,-5,-125
1767173635.9902382,4,-2,-127
1767173636.0002382,8,-3,-128
1767173636.0102382,3,-5,-123
1767173636.0202382,1,-6,-125
1767173636.0302382,5,-6,-129
1767173636.040238,3,-3,-134
1767173636.050238,2,-5,-134
1767173636.060238,0,-7,-136
1767173636.070238,0,-9,-135
1767173636.080238,0,-9,-134
1767173636.090238,-2,-3,-126
1767173636.100238,0,-2,-122
1767173636.110238,3,-7,-118
1767173636.120238,5,-2,-123
1767173636.130238,3,-5,-119
1767173636.140238,4,-4,-121
1767173636.150238,4,-3,-126
1767173636.1602385,9,-2,-130
1767173636.1702385,10,0,-130
1767173636.1802382,10,1,-128
1767173636.1902382,8,3,-125
1767173636.2002382,7,3,-123
1767173636.2102382,0,3,-120
1767173636.2202382,-1,2,-122
1767173636.2302382,0,2,-130
1767173636.2402382,1,-1,-132
1767173636.2502382,3,0,-133
1767173636.2602382,2,-1,-135
1767173636.281238,5,1,-135
1767173636.290238,4,0,-127
1767173636.300238,3,-2,-131
1767173636.310238,1,-2,-132
1767173636.320238,5,0,-137
1767173636.330238,3,-1,-136
1767173636.340238,2,0,-137
1767173636.350238,4,0,-138
1767173636.360238,6,-3,-136
1767173636.370238,7,-3,-133
1767173636.380238,9,-4,-129
1767173636.390238,4,-2,-124
1767173636.400238,3,-2,-125
1767173636.4102385,6,-1,-126
1767173636.4202385,8,0,-130
1767173636.4302382,10,0,-130
1767173636.4402382,4,-1,-136
1767173636.4502382,-1,-1,-126
1767173636.4602382,1,1,-122
1767173636.4702382,5,1,-123
1767173636.4802382,7,0,-123
1767173636.4902382,10,0,-127
1767173636.5002382,11,-6,-129
1767173636.5102382,9,-10,-125
1767173636.5202382,0,-10,-117
1767173636.5302382,0,-16,-113
1767173636.540238,0,-13,-115
1767173636.550238,-4,-9,-115
1767173636.560238,-4,-7,-115
1767173636.570238,-4,-5,-122
1767173636.580238,-4,-6,-131
1767173636.590238,-4,-6,-126
1767173636.600238,-10,-6,-127
1767173636.610238,-4,-2,-130
1767173636.620238,-4,-3,-131
1767173636.630238,-3,-8,-130
1767173636.640238,0,-9,-132
1767173636.650238,1,-12,-134
1767173636.6602385,-2,-13,-131
1767173636.6702385,-2,-10,-130
1767173636.6802382,-3,-9,-130
1767173636.6902382,2,-6,-130
1767173636.7002382,5,-2,-122
1767173636.7102382,4,0,-122
1767173636.7202382,5,2,-119
1767173636.7302382,2,4,-123
1767173636.7402382,-1,1,-125
1767173636.7502382,-5,1,-127
1767173636.7602382,-2,0,-129
1767173636.7702382,-4,0,-124
1767173636.7802382,-5,2,-118
1767173636.790238,-7,6,-116
1767173636.800238,-6,8,-112
1767173636.810238,-5,5,-112
1767173636.820238,-3,4,-119
1767173636.830238,-5,0,-126
1767173636.840238,-6,0,-126
1767173636.850238,-7,4,-126
1767173636.860238,-7,5,-124
1767173636.870238,-6,2,-125
1767173636.880238,0,2,-123
1767173636.890238,1,-1,-125
1767173636.900238,1,-4,-121
1767173636.9102385,5,-2,-121
1767173636.9202385,7,-2,-119
1767173636.9302382,8,-1,-121
1767173636.9402382,7,-5,-126
1767173636.9502382,4,-5,-119
1767173636.9602382,5,-2,-119
1767173636.9702382,7,-3,-129
1767173636.9802382,7,-1,-127
1767173636.9902382,3,-2,-129
1767173637.0002382,0,-4,-134
1767173637.0102382,-1,-2,-127
1767173637.0202382,1,-3,-132
1767173637.0302382,0,-4,-132
1767173637.040238,2,-1,-127
1767173637.050238,2,-1,-125
1767173637.060238,3,-2,-123
1767173637.070238,0,-2,-120
1767173637.080238,-1,-2,-111
1767173637.090238,0,0,-109
1767173637.100238,-1,0,-119
1767173637.110238,0,0,-120
1767173637.120238,-1,2,-112
1767173637.130238,0,1,-114
1767173637.140238,0,0,-110
1767173637.150238,-2,0,-111
1767173637.1602385,-4,-2,-115
1767173637.1702385,-5,-1,-115
1767173637.1802382,-3,1,-121
1767173637.1902382,-2,1,-117
1767173637.2002382,0,1,-116
1767173637.2102382,-2,-2,-121
1767173637.2202382,-1,-7,-124
1767173637.2302382,-4,-8,-124
1767173637.2402382,-7,-4,-127
1767173637.2502382,-4,-3,-134
1767173637.2602382,0,-3,-128
1767173637.2702382,1,-2,-128
1767173637.2802382,0,-2,-135
1767173637.290238,-2,-1,-137
1767173637.300238,-5,3,-134
1767173637.310238,-2,10,-129
1767173637.320238,-1,7,-121
1767173637.330238,1,0,-119
1767173637.340238,1,2,-117
1767173637.350238,1,5,-123
1767173637.360238,-3,5,-124
1767173637.370238,0,3,-130
1767173637.380238,-2,5,-133
1767173637.390238,-2,9,-129
1767173637.400238,-5,8,-133
1767173637.4102385,0,12,-127
1767173637.4202385,0,12,-125
1767173637.4302382,0,6,-118
1767173637.4402382,-1,4,-118
1767173637.4502382,-1,0,-118
1767173637.4602382,-7,-2,-125
1767173637.4702382,-7,0,-132
1767173637.4802382,-8,-3,-129
1767173637.4902382,-6,-4,-122
1767173637.5002382,-2,-2,-120
1767173637.5102382,-3,-1,-119
1767173637.5202382,-5,-3,-119
1767173637.5302382,-2,-7,-116
1767173637.540238,1,0,-122
1767173637.550238,4,2,-125
1767173637.560238,3,-6,-128
1767173637.570238,0,-5,-134
1767173637.580238,-3,-4,-133
1767173637.590238,-3,-5,-134
1767173637.600238,-1,-1,-132
1767173637.610238,-1,-5,-122
1767173637.620238,-1,-5,-120
1767173637.630238,0,-3,-125
1767173637.640238,0,-2,-122
1767173637.650238,2,-2,-129
1767173637.6602385,-2,-4,-127
1767173637.6702385,-2,-2,-129
1767173637.6802382,0,2,-128
1767173637.6902382,0,2,-130
1767173637.7002382,0,0,-135
1767173637.7102382,0,0,-137
1767173637.7202382,-2,-2,-140
1767173637.7302382,-4,-1,-139
1767173637.7402382,-2,-1,-139
1767173637.7502382,-1,-4,-137
1767173637.7602382,2,-3,-135
1767173637.7702382,-1,1,-126
1767173637.7802382,1,3,-122
1767173637.790238,1,2,-116
1767173637.800238,1,-1,-117
1767173637.810238,1,-1,-123
1767173637.820238,4,0,-125
1767173637.8312385,8,-1,-128
1767173637.840238,7,-5,-131
1767173637.8512385,8,-7,-127
1767173637.860238,6,-4,-124
1767173637.8712382,2,-5,-122
1767173637.880238,0,-5,-124
1767173637.890238,-3,-3,-126
1767173637.900238,-1,-3,-126
1767173637.9102385,0,-3,-127
1767173637.9212382,2,-2,-134
1767173637.9312382,3,-1,-134
1767173637.9412382,5,-2,-130
1767173637.9512382,2,0,-126
1767173637.961238,1,0,-132
1767173637.971238,0,-3,-138
1767173637.981238,5,-2,-134
1767173637.991238,2,-1,-132
1767173638.001238,0,0,-130
1767173638.011238,2,2,-132
1767173638.021238,4,0,-131
1767173638.031238,6,-2,-125
1767173638.041238,6,-3,-115
1767173638.051238,1,-5,-121
1767173638.061238,2,-2,-125
1767173638.071238,4,-1,-123
1767173638.0812385,0,-3,-124
1767173638.0912385,0,-2,-126
1767173638.1012385,0,1,-127
1767173638.1112382,-2,3,-127
1767173638.1212382,-3,1,-130
1767173638.1312382,-4,0,-129
1767173638.1412382,1,-2,-124
1767173638.1512382,6,-1,-119
1767173638.1612382,3,0,-119
1767173638.1712382,4,0,-115
1767173638.1812382,1,1,-119
1767173638.1912382,8,0,-123
1767173638.2012382,8,0,-122
1767173638.211238,4,-1,-125
1767173638.221238,2,-2,-121
1767173638.231238,0,-6,-127
1767173638.241238,0,-4,-127
1767173638.251238,-1,-1,-125
1767173638.261238,1,1,-129
1767173638.271238,1,1,-133
1767173638.281238,4,0,-132
1767173638.291238,2,0,-131
1767173638.301238,1,-3,-128
1767173638.311238,2,-4,-124
1767173638.321238,5,-6,-131
1767173638.3312385,0,-9,-127
1767173638.3412385,-3,-9,-126
1767173638.3512385,0,-7,-127
1767173638.3612382,5,-7,-124
1767173638.3712382,0,-3,-121
1767173638.3812382,5,-3,-126
1767173638.3912382,4,-1,-130
1767173638.4012382,3,-1,-131
1767173638.4112382,1,-1,-131
1767173638.4212382,1,-2,-136
1767173638.4312382,0,-7,-135
1767173638.4412382,-5,-4,-133
1767173638.4512382,-8,0,-129
1767173638.461238,-9,0,-131
1767173638.471238,-13,0,-136
1767173638.481238,-6,1,-143
1767173638.491238,-2,1,-141
1767173638.501238,-1,2,-145
1767173638.511238,-1,0,-145
1767173638.521238,1,3,-141
1767173638.531238,5,1,-145
1767173638.541238,10,1,-147
1767173638.551238,7,0,-139
1767173638.561238,0,0,-133
1767173638.571238,-7,-1,-128
1767173638.5812385,-8,-2,-126
1767173638.5912385,-9,-2,-123
1767173638.6012385,-7,-5,-125
1767173638.6112382,-5,-5,-129
1767173638.6212382,-3,-5,-129
1767173638.6312382,-4,-2,-130
1767173638.6412382,1,-3,-126
1767173638.6512382,2,-3,-128
1767173638.6612382,3,-7,-126
1767173638.6712382,2,-8,-131
1767173638.6812382,3,-5,-135
1767173638.6912382,0,-2,-129
1767173638.7012382,0,-3,-125
1767173638.711238,0,-3,-130
1767173638.721238,4,-8,-127
1767173638.731238,2,-8,-124
1767173638.741238,-1,-9,-126
1767173638.751238,-4,-6,-127
1767173638.761238,-5,-4,-129
1767173638.771238,-2,-2,-135
1767173638.781238,3,-1,-132
1767173638.791238,-5,0,-128
1767173638.801238,0,-1,-127
1767173638.811238,4,0,-128
1767173638.821238,3,1,-126
1767173638.8312385,-1,1,-128
1767173638.8412385,-1,-3,-123
1767173638.8512385,1,-3,-124
1767173638.8612382,1,-1,-128
1767173638.8712382,-2,0,-130
1767173638.8812382,0,0,-130
1767173638.8912382,-4,0,-123
1767173638.9012382,-11,7,-129
1767173638.9112382,-9,1,-135
1767173638.9212382,-8,1,-138
1767173638.9312382,-8,-2,-134
1767173638.9412382,-7,-2,-137
1767173638.9512382,-1,2,-129
1767173638.961238,2,0,-128
1767173638.971238,6,1,-126
1767173638.981238,1,1,-127
1767173638.991238,-1,0,-129
1767173639.001238,-4,0,-129
1767173639.011238,-3,0,-134
1767173639.021238,-1,-3,-129
1767173639.031238,1,-4,-127
1767173639.041238,8,-5,-121
1767173639.051238,9,-7,-122
1767173639.061238,5,-5,-127
1767173639.071238,4,-7,-124
1767173639.0812385,5,-3,-119
1767173639.0912385,4,-4,-117
1767173639.1012385,0,-6,-123
1767173639.1112382,0,-4,-127
1767173639.1212382,1,-5,-121
1767173639.1312382,0,-4,-120
1767173639.1412382,1,-2,-113
1767173639.1512382,0,-4,-114
1767173639.1612382,-4,-5,-120
1767173639.1712382,-3,-6,-118
1767173639.1812382,-6,-7,-118
1767173639.1912382,-7,-3,-113
1767173639.2012382,-6,-1,-117
1767173639.211238,-4,-3,-119
1767173639.221238,-5,-1,-128
1767173639.231238,0,-4,-127
1767173639.241238,1,-4,-127
1767173639.251238,10,-3,-131
1767173639.261238,8,-1,-133
1767173639.271238,5,1,-132
1767173639.281238,4,-1,-136
1767173639.291238,6,-4,-143
1767173639.301238,5,-7,-134
1767173639.311238,0,-8,-134
1767173639.321238,0,-5,-133
1767173639.3312385,0,-3,-134
1767173639.3412385,0,0,-130
1767173639.3512385,3,-1,-133
1767173639.3612382,7,-2,-135
1767173639.3712382,9,-2,-134
1767173639.3812382,10,-2,-132
1767173639.3912382,10,-2,-134
1767173639.4012382,8,-5,-127
1767173639.4112382,9,0,-124
1767173639.4212382,5,1,-130
1767173639.4312382,5,0,-130
1767173639.4412382,1,-2,-133
1767173639.4512382,-2,-2,-135
1767173639.461238,-2,0,-134
1767173639.471238,0,0,-139
1767173639.481238,0,0,-130
1767173639.491238,-3,0,-123
1767173639.501238,-1,1,-124
1767173639.511238,0,3,-123
1767173639.521238,0,0,-123
1767173639.531238,-2,-4,-118
1767173639.541238,-3,-1,-114
1767173639.551238,-5,-5,-113
1767173639.561238,-3,-4,-117
1767173639.571238,-3,-1,-117
1767173639.5812385,-3,0,-125
1767173639.5912385,0,0,-123
1767173639.6012385,0,1,-119
1767173639.6112382,-3,0,-119
1767173639.6212382,-5,0,-116
1767173639.6312382,-3,-1,-111
1767173639.6412382,-4,-3,-114
1767173639.6512382,0,0,-124
1767173639.6612382,4,0,-129
1767173639.6712382,3,0,-128
1767173639.6812382,7,-2,-126
1767173639.6912382,2,-6,-125
1767173639.7012382,3,-9,-124
1767173639.711238,1,-8,-125
1767173639.721238,0,-8,-127
1767173639.731238,-1,-5,-131
1767173639.741238,-1,-3,-130
1767173639.751238,-1,-5,-126
1767173639.761238,-2,-7,-121
1767173639.771238,-1,-8,-121
1767173639.781238,0,-2,-127
1767173639.791238,-3,-1,-128
1767173639.801238,-4,0,-124
1767173639.811238,-7,2,-123
1767173639.821238,-8,2,-122
1767173639.8312385,-5,0,-124
1767173639.8412385,-1,-3,-128
1767173639.8512385,0,-3,-128
1767173639.8612382,2,-3,-125
1767173639.8712382,0,-1,-127
1767173639.8812382,-3,-2,-125
1767173639.8912382,-4,1,-129
1767173639.9012382,0,-1,-126
1767173639.9112382,3,2,-133
1767173639.9212382,9,3,-123
1767173639.9312382,10,0,-115
1767173639.9412382,7,-2,-117
1767173639.9512382,4,-2,-122
1767173639.961238,5,-4,-128
1767173639.971238,7,-4,-129
1767173639.981238,5,-5,-132
1767173639.991238,4,-6,-133
1767173640.001238,6,-4,-129
1767173640.011238,8,-2,-121
1767173640.021238,6,-3,-122
1767173640.031238,7,-6,-122
1767173640.041238,3,-5,-116
1767173640.051238,0,-4,-114
1767173640.061238,1,-5,-118
1767173640.071238,-1,-7,-121
1767173640.0812385,-2,-4,-130
1767173640.0912385,1,-3,-128
1767173640.1012385,-2,0,-124
1767173640.1112382,0,-4,-127
1767173640.1212382,4,-2,-128
1767173640.1312382,3,-1,-129
1767173640.1412382,0,0,-127
1767173640.1512382,-3,-3,-122
1767173640.1612382,-4,-2,-122
1767173640.1712382,-1,0,-127
1767173640.1812382,-1,2,-121
1767173640.1912382,0,1,-123
1767173640.2012382,0,0,-124
1767173640.211238,2,-1,-119
1767173640.221238,4,-4,-119
1767173640.231238,3,-3,-120
1767173640.241238,3,-5,-120
1767173640.251238,5,-5,-116
1767173640.261238,1,-2,-110
1767173640.271238,2,0,-113
1767173640.281238,3,-4,-112
1767173640.291238,5,-5,-112
1767173640.301238,6,-2,-112
1767173640.311238,3,2,-113
1767173640.321238,0,0,-125
1767173640.3312385,-2,-2,-125
1767173640.3412385,0,-2,-122
1767173640.3512385,-5,-2,-121
1767173640.3612382,-3,-3,-113
1767173640.3712382,0,-7,-122
1767173640.3812382,0,-11,-123
1767173640.3912382,4,-5,-126
1767173640.4012382,2,-2,-127
1767173640.4112382,0,-1,-121
1767173640.4212382,1,0,-115
1767173640.4312382,0,0,-114
1767173640.4412382,-3,0,-117
1767173640.4512382,-3,0,-130
1767173640.461238,0,0,-140
1767173640.471238,0,0,-141
1767173640.481238,1,1,-137
1767173640.491238,6,-1,-134
1767173640.501238,4,-5,-127
1767173640.5122385,5,-8,-125
1767173640.521238,2,-5,-124
1767173640.5322382,5,-4,-124
1767173640.541238,3,-2,-119
1767173640.5522382,8,-1,-118
1767173640.5622382,7,-3,-126
1767173640.5722382,8,-4,-128
1767173640.5822382,4,-6,-125
1767173640.5922382,5,-7,-121
1767173640.6022382,2,-9,-117
1767173640.6122382,1,-7,-122
1767173640.6222382,1,-4,-121
1767173640.632238,0,-5,-129
1767173640.642238,-1,-2,-129
1767173640.652238,-2,-1,-133
1767173640.662238,-3,1,-135
1767173640.672238,0,2,-127
1767173640.682238,-4,-2,-130
1767173640.692238,-7,0,-122
1767173640.702238,-10,-3,-118
1767173640.712238,-11,-5,-120
1767173640.722238,-8,-6,-116
1767173640.732238,-6,-5,-122
1767173640.742238,0,-5,-120
1767173640.752238,4,0,-120
1767173640.7622385,5,1,-112
1767173640.7722385,2,4,-116
1767173640.7822382,-2,4,-120
1767173640.7922382,-3,0,-128
1767173640.8022382,-1,-3,-132
1767173640.8122382,0,-4,-137
1767173640.8222382,0,-4,-134
1767173640.8322382,1,-4,-128
1767173640.8422382,3,-8,-127
1767173640.8522382,6,-8,-127
1767173640.8622382,3,-3,-119
1767173640.8722382,0,-6,-121
1767173640.882238,-2,-7,-122
1767173640.892238,-2,-5,-121
1767173640.902238,-3,-4,-127
1767173640.912238,-5,-5,-130
1767173640.922238,-4,-8,-132
1767173640.932238,-2,-10,-136
1767173640.942238,-1,-11,-133
1767173640.952238,-1,-7,-131
1767173640.962238,2,-7,-127
1767173640.972238,4,-4,-122
1767173640.982238,2,-4,-122
1767173640.992238,2,-3,-123
1767173641.002238,4,-4,-125
1767173641.0122385,5,-1,-128
1767173641.0222385,7,-2,-132
1767173641.0322382,-1,-3,-131
1767173641.0422382,-1,-3,-131
1767173641.0522382,2,1,-126
1767173641.0622382,2,3,-125
1767173641.0722382,3,1,-125
1767173641.0822382,3,2,-126
1767173641.0922382,0,1,-131
1767173641.1022382,1,0,-130
1767173641.1122382,2,2,-134
1767173641.1222382,8,0,-139
1767173641.132238,2,1,-133
1767173641.142238,1,-2,-125
1767173641.152238,3,-4,-125
1767173641.162238,0,-10,-123
1767173641.172238,-1,-9,-121
1767173641.182238,-7,-6,-119
1767173641.192238,-6,-5,-124
1767173641.202238,0,-3,-119
1767173641.212238,0,-1,-122
1767173641.222238,-3,1,-122
1767173641.232238,-4,0,-121
1767173641.242238,-3,0,-127
1767173641.252238,-5,1,-123
1767173641.2622385,-6,3,-124
1767173641.2722385,-5,1,-122
1767173641.2932382,0,-1,-123
1767173641.3022382,1,-4,-129
1767173641.3122382,2,-7,-129
1767173641.3222382,1,-4,-125
1767173641.3322382,0,1,-118
1767173641.3422382,1,1,-122
1767173641.3522382,1,4,-120
1767173641.3622382,1,3,-124
1767173641.3722382,1,3,-121
1767173641.382238,0,0,-129
1767173641.392238,-2,0,-128
1767173641.402238,1,-5,-129
1767173641.412238,3,-4,-129
1767173641.422238,-3,-4,-131
1767173641.432238,-6,-4,-135
1767173641.442238,-4,-3,-134
1767173641.452238,-5,-1,-128
1767173641.462238,0,-2,-123
1767173641.472238,5,1,-123
1767173641.482238,1,2,-122
1767173641.492238,4,4,-133
1767173641.502238,0,3,-130
1767173641.5122385,0,2,-125
1767173641.5222385,0,0,-127
1767173641.5322382,0,2,-133
1767173641.5422382,-3,3,-133
1767173641.5522382,-1,2,-132
1767173641.5622382,0,0,-132
1767173641.5722382,2,-2,-126
1767173641.5822382,0,-3,-129
1767173641.5922382,-1,-4,-132
1767173641.6022382,2,0,-135
1767173641.6122382,0,-1,-135
1767173641.6222382,0,-4,-138
1767173641.632238,2,-6,-133
1767173641.642238,3,-4,-133
1767173641.652238,1,0,-135
1767173641.662238,1,-2,-135
1767173641.672238,0,-7,-132
1767173641.682238,1,-7,-133
1767173641.692238,-2,-4,-138
1767173641.702238,-5,-3,-136
1767173641.712238,0,-3,-134
1767173641.722238,0,-3,-134
1767173641.732238,0,-3,-130
1767173641.742238,-5,-3,-130
1767173641.752238,-6,0,-122
1767173641.7622385,-1,0,-119
1767173641.7722385,0,2,-115
1767173641.7822382,-1,5,-117
1767173641.7922382,-5,0,-126
1767173641.8022382,-3,0,-133
1767173641.8122382,-5,-3,-124
1767173641.8222382,-10,-4,-124
1767173641.8322382,-9,-9,-126
1767173641.8422382,-7,-6,-131
1767173641.8522382,-3,-9,-128
1767173641.8622382,-5,-11,-127
1767173641.8722382,-4,-12,-127
1767173641.882238,-8,-6,-128
1767173641.892238,-10,-3,-122
1767173641.902238,-10,-5,-124
1767173641.912238,-7,-5,-120
1767173641.922238,-10,-2,-117
1767173641.932238,-6,-4,-116
1767173641.942238,-1,-5,-117
1767173641.952238,-4,-2,-121
1767173641.962238,-2,0,-124
1767173641.972238,-4,-2,-120
1767173641.982238,-2,0,-122
1767173641.992238,-6,-3,-118
1767173642.002238,-4,-7,-118
1767173642.0122385,-4,-8,-123
1767173642.0222385,-2,-9,-126
1767173642.0322382,1,-6,-120
1767173642.0422382,2,-1,-117
1767173642.0522382,1,0,-114
1767173642.0622382,5,2,-115
1767173642.0722382,8,1,-120
1767173642.0822382,8,0,-118
1767173642.0922382,2,2,-122
1767173642.1022382,3,4,-123
1767173642.1122382,6,5,-127
1767173642.1222382,11,3,-130
1767173642.132238,10,-1,-138
1767173642.142238,6,0,-139
1767173642.152238,3,-1,-128
1767173642.162238,3,-3,-129
1767173642.172238,0,1,-133
1767173642.182238,-4,2,-129
1767173642.192238,-6,3,-125
1767173642.202238,-5,7,-125
1767173642.212238,-5,6,-128
1767173642.222238,-4,4,-127
1767173642.232238,-5,0,-130
1767173642.242238,-1,1,-134
1767173642.252238,-4,2,-133
1767173642.2622385,-2,4,-135
1767173642.2722385,-5,0,-125
1767173642.2822382,-8,-3,-120
1767173642.2922382,-6,0,-116
1767173642.3022382,-8,0,-116
1767173642.3122382,-7,0,-116
1767173642.3222382,-4,1,-112
1767173642.3322382,1,0,-119
1767173642.3422382,-4,-2,-122
1767173642.3522382,-4,-4,-118
1767173642.3622382,-6,-5,-123
1767173642.3722382,-4,-4,-120
1767173642.382238,-2,-4,-123
1767173642.392238,4,-1,-125
1767173642.402238,2,-2,-125
1767173642.412238,2,-3,-131
1767173642.422238,0,-1,-133
1767173642.432238,-1,-3,-139
1767173642.442238,-2,-6,-130
1767173642.452238,-2,-4,-128
1767173642.462238,-4,-6,-126
1767173642.472238,-3,-3,-132
1767173642.482238,0,-1,-137
1767173642.492238,1,0,-137
1767173642.502238,3,0,-128
1767173642.5122385,1,2,-129
1767173642.5222385,-1,4,-121
1767173642.5322382,-3,7,-117
1767173642.5422382,0,6,-125
1767173642.5522382,-1,2,-128
1767173642.5622382,-4,1,-138
1767173642.5722382,-3,2,-132
1767173642.5822382,-1,-1,-128
1767173642.5922382,-1,-3,-131
1767173642.6022382,-1,-4,-132
1767173642.6122382,0,-5,-125
1767173642.6222382,-3,-4,-128
1767173642.632238,-6,-2,-125
1767173642.642238,-6,-1,-124
1767173642.652238,-5,0,-121
1767173642.662238,-8,4,-129
1767173642.672238,-5,5,-131
1767173642.682238,-5,3,-126
1767173642.692238,-5,3,-129
1767173642.702238,-6,0,-124
1767173642.712238,-2,1,-120
1767173642.722238,-2,1,-120
1767173642.732238,-1,-1,-122
1767173642.742238,0,-4,-118
1767173642.752238,-1,-4,-123
1767173642.7622385,-4,-2,-126
1767173642.7722385,-3,-2,-125
1767173642.7822382,-3,-2,-123
1767173642.7922382,0,-1,-116
1767173642.8022382,-2,-3,-112
1767173642.8122382,-4,-6,-107
1767173642.8222382,-2,-8,-109
1767173642.8322382,-5,-5,-115
1767173642.8422382,-8,-6,-126
1767173642.8522382,-8,-6,-133
1767173642.8622382,-9,1,-128
1767173642.8722382,-5,0,-128
1767173642.882238,-2,0,-123
1767173642.892238,-1,1,-124
1767173642.902238,0,2,-124
1767173642.912238,1,3,-123
1767173642.922238,0,0,-118
1767173642.932238,-2,2,-121
1767173642.942238,-1,1,-121
1767173642.952238,-6,-4,-113
1767173642.962238,-2,-4,-114
1767173642.972238,0,-5,-118
1767173642.982238,-4,-1,-119
1767173642.992238,1,-3,-123
1767173643.002238,3,-1,-120
1767173643.0122385,2,-2,-125
1767173643.0222385,2,0,-125
1767173643.0322382,3,-1,-123
1767173643.0422382,5,0,-119
1767173643.0522382,6,-3,-115
1767173643.0622382,4,-1,-115
1767173643.0722382,6,-1,-113
1767173643.0822382,5,-1,-112
1767173643.0922382,2,0,-119
1767173643.1022382,0,1,-130
1767173643.1122382,6,0,-129
1767173643.1222382,8,0,-135
1767173643.132238,11,2,-130
1767173643.142238,7,1,-126
1767173643.152238,2,0,-129
1767173643.162238,-1,0,-126
1767173643.172238,-3,0,-123
1767173643.1832385,-4,0,-129
1767173643.1932385,-4,-1,-125
1767173643.2032382,-6,2,-129
1767173643.2132382,-6,-3,-131
1767173643.2232382,-6,-1,-126
1767173643.2332382,0,-1,-123
1767173643.2432382,0,-1,-125
1767173643.2532382,1,-1,-128
1767173643.2622385,4,-4,-125
1767173643.2732382,1,-10,-136
1767173643.2832382,1,-12,-137
1767173643.2932382,1,-6,-135
1767173643.3032382,0,-7,-132
1767173643.313238,-4,-7,-136
1767173643.323238,-4,-7,-131
1767173643.333238,0,-8,-132
1767173643.343238,-1,-7,-130
1767173643.353238,-3,-4,-128
1767173643.363238,-3,-5,-127
1767173643.373238,0,-4,-122
1767173643.383238,0,0,-121
1767173643.393238,0,-2,-119
1767173643.403238,0,-3,-122
1767173643.413238,-1,-2,-133
1767173643.423238,-3,0,-130
1767173643.4332385,-2,0,-127
1767173643.4432385,-1,-1,-135
1767173643.4532382,-4,-4,-129
1767173643.4632382,-9,0,-126
1767173643.4732382,-5,0,-124
1767173643.4832382,-6,0,-120
1767173643.4932382,-3,0,-121
1767173643.5032382,-4,-3,-124
1767173643.5132382,-2,0,-118
1767173643.5232382,-1,-1,-113
1767173643.5332382,0,0,-118
1767173643.5432382,-1,-5,-118
1767173643.5532382,-6,-4,-125
1767173643.563238,-7,-3,-124
1767173643.573238,-7,-6,-122
1767173643.583238,-1,-7,-118
1767173643.593238,1,-6,-117
1767173643.603238,4,-6,-120
1767173643.613238,2,-4,-120
1767173643.623238,4,-1,-125
1767173643.633238,2,0,-123
1767173643.643238,1,-2,-116
1767173643.653238,2,0,-117
1767173643.663238,0,2,-119
1767173643.673238,-1,-1,-116
1767173643.6832385,-6,-3,-114
1767173643.6932385,-6,-1,-115
1767173643.7032382,-11,0,-117
1767173643.7132382,-12,0,-119
1767173643.7232382,-7,-3,-119
1767173643.7332382,-5,-2,-122
1767173643.7432382,0,0,-122
1767173643.7532382,0,0,-112
1767173643.7632382,-1,3,-113
1767173643.7732382,0,1,-114
1767173643.7832382,4,-2,-112
1767173643.7932382,0,-2,-115
1767173643.8032382,-2,-1,-116
1767173643.813238,0,-2,-119
1767173643.823238,-1,-5,-122
1767173643.833238,-5,-4,-122
1767173643.843238,-4,-6,-120
1767173643.853238,-3,-6,-121
1767173643.863238,-5,-5,-130
1767173643.873238,-8,-6,-128
1767173643.883238,-8,-5,-130
1767173643.893238,-6,0,-128
1767173643.903238,-6,-1,-121
1767173643.913238,-2,-1,-117
1767173643.923238,1,-2,-112
1767173643.9332385,4,-7,-122
1767173643.9432385,3,-5,-122
1767173643.9532382,0,-4,-120
1767173643.9632382,-2,-4,-122
1767173643.9732382,-1,-3,-120
1767173643.9832382,-3,2,-123
1767173643.9932382,-4,1,-130
1767173644.0032382,-8,-2,-128
1767173644.0132382,-4,-3,-122
1767173644.0232382,-7,2,-124
1767173644.0332382,-6,4,-123
1767173644.0432382,-5,0,-125
1767173644.0532382,-3,0,-133
1767173644.063238,-6,-2,-129
1767173644.073238,-3,-3,-124
1767173644.083238,-6,-4,-130
1767173644.093238,-4,-4,-131
1767173644.103238,-3,0,-126
1767173644.113238,-6,0,-129
1767173644.123238,-5,-1,-130
1767173644.133238,-6,0,-132
1767173644.143238,-7,0,-129
1767173644.153238,-6,1,-129
1767173644.163238,-3,2,-128
1767173644.173238,0,-4,-126
1767173644.1832385,-4,-7,-123
1767173644.1932385,-4,-5,-120
1767173644.2032382,-3,-5,-126
1767173644.2132382,-1,-5,-125
1767173644.2232382,-1,-8,-121
1767173644.2332382,-1,-3,-125
1767173644.2432382,-1,-2,-125
1767173644.2532382,-3,-2,-124
1767173644.2632382,-6,-2,-129
1767173644.2732382,-2,-6,-129
1767173644.2832382,-6,-6,-131
1767173644.2932382,-6,-4,-133
1767173644.3032382,-1,-2,-133
1767173644.313238,0,-1,-130
1767173644.323238,-3,0,-126
1767173644.333238,-3,1,-126
1767173644.343238,-3,0,-132
1767173644.353238,-1,1,-131
1767173644.363238,-1,0,-129
1767173644.373238,-2,2,-127
1767173644.383238,-7,5,-125
1767173644.393238,-4,2,-123
1767173644.403238,-5,7,-125
1767173644.413238,-1,4,-120
1767173644.423238,-1,1,-119
1767173644.4332385,2,1,-124
1767173644.4432385,0,-1,-125
1767173644.4532382,2,-5,-127
1767173644.4632382,4,-4,-131
1767173644.4732382,3,0,-125
1767173644.4832382,3,0,-123
1767173644.4932382,0,0,-125
1767173644.5032382,-2,2,-127
1767173644.5132382,0,5,-123
1767173644.5232382,0,0,-127
1767173644.5332382,-3,-4,-124
1767173644.5432382,-6,-1,-122
1767173644.5532382,-3,0,-124
1767173644.563238,-3,-3,-127
1767173644.573238,-3,-2,-128
1767173644.583238,-3,-2,-130
1767173644.593238,1,-1,-127
1767173644.603238,0,-3,-127
1767173644.613238,-1,-5,-122
1767173644.623238,-5,-1,-123
1767173644.633238,-7,-2,-121
1767173644.643238,-5,-2,-123
1767173644.653238,-4,-3,-119
1767173644.663238,-9,0,-125
1767173644.673238,-5,0,-123
1767173644.6832385,-2,0,-126
1767173644.6932385,-1,0,-133
1767173644.7032382,-2,-2,-124
1767173644.7132382,-1,-5,-118
1767173644.7232382,0,-2,-119
1767173644.7332382,2,-3,-113
1767173644.7432382,4,-3,-124
1767173644.7532382,0,-5,-125
1767173644.7632382,-1,-4,-125
1767173644.7732382,0,-1,-117
1767173644.7832382,1,-1,-119
1767173644.7932382,2,0,-119
1767173644.8032382,5,0,-121
1767173644.813238,5,-2,-121
1767173644.823238,0,-3,-124
1767173644.833238,1,-7,-119
1767173644.843238,2,-7,-124
1767173644.853238,-1,-5,-131
1767173644.863238,-2,-1,-129
1767173644.873238,-1,-3,-125
1767173644.883238,-3,-1,-125
1767173644.893238,1,-2,-124
1767173644.903238,0,-3,-125
1767173644.913238,-3,-3,-130
1767173644.923238,0,-4,-132
1767173644.9332385,1,-2,-131
1767173644.9432385,0,0,-125
1767173644.9532382,-7,-4,-125
1767173644.9632382,-6,-6,-126
1767173644.9732382,-4,-5,-119
1767173644.9832382,0,-1,-121
1767173644.9932382,0,-5,-126
1767173645.0032382,2,-3,-125
1767173645.0132382,3,-2,-129
1767173645.0232382,2,0,-137
1767173645.0332382,1,0,-142
1767173645.0432382,3,-2,-135
1767173645.0532382,0,-6,-129
1767173645.063238,-2,-4,-128
1767173645.073238,-3,-6,-134
1767173645.083238,-5,-5,-135
1767173645.093238,-3,0,-133
1767173645.103238,1,-2,-127
1767173645.113238,0,-1,-126
1767173645.123238,0,-3,-123
1767173645.133238,1,0,-118
1767173645.143238,-6,0,-118
1767173645.153238,-4,-1,-121
1767173645.163238,-2,-2,-125
1767173645.173238,0,0,-129
1767173645.1832385,1,4,-129
1767173645.1932385,0,1,-126
1767173645.2032382,1,1,-128
1767173645.2132382,1,1,-124
1767173645.2232382,4,0,-121
1767173645.2332382,0,-5,-119
1767173645.2432382,1,-8,-124
1767173645.2532382,4,-2,-128
1767173645.2632382,4,-1,-133
1767173645.2732382,3,-3,-134
1767173645.2832382,0,-3,-129
1767173645.2932382,-1,-2,-130
1767173645.3032382,0,-1,-129
1767173645.314238,-2,-2,-132
1767173645.323238,0,-3,-130
1767173645.333238,0,-1,-126
1767173645.343238,2,-2,-117
1767173645.353238,-3,-2,-114
1767173645.363238,-3,1,-115
1767173645.373238,-3,3,-118
1767173645.383238,-3,0,-119
1767173645.393238,-2,1,-116
1767173645.403238,1,0,-117
1767173645.413238,1,0,-117
1767173645.423238,3,-2,-120
1767173645.4332385,6,-1,-128
1767173645.4432385,10,-1,-128
1767173645.4532382,9,0,-118
1767173645.4632382,6,3,-119
1767173645.4732382,6,3,-120
1767173645.4832382,8,3,-116
1767173645.4932382,12,4,-120
1767173645.5032382,8,4,-120
1767173645.5132382,5,0,-125
1767173645.5232382,-2,-1,-121
1767173645.5332382,-2,0,-123
1767173645.5432382,0,-4,-122
1767173645.5532382,-2,-6,-123
1767173645.563238,0,-4,-122
1767173645.573238,2,-3,-122
1767173645.583238,1,-4,-126
1767173645.593238,-1,-2,-123
1767173645.603238,0,-2,-118
1767173645.613238,1,0,-121
1767173645.623238,7,-1,-131
1767173645.633238,9,-2,-129
1767173645.643238,7,0,-126
1767173645.653238,8,0,-122
1767173645.663238,5,0,-121
1767173645.673238,2,-7,-122
1767173645.6832385,6,-6,-118
1767173645.6932385,5,-6,-121
1767173645.7032382,4,-4,-116
1767173645.7132382,4,-5,-117
1767173645.7232382,-2,-2,-117
1767173645.7332382,0,0,-117
1767173645.7432382,-3,3,-121
1767173645.7532382,-1,2,-125
1767173645.7632382,0,2,-121
1767173645.7732382,-1,1,-120
1767173645.784238,0,2,-118
1767173645.794238,4,2,-117
1767173645.8032382,4,4,-114
1767173645.814238,5,4,-123
1767173645.824238,7,3,-131
1767173645.834238,0,2,-129
1767173645.844238,0,-1,-129
1767173645.853238,-1,0,-128
1767173645.8642385,1,-2,-129
1767173645.8742385,3,-5,-120
1767173645.8842382,3,-1,-122
1767173645.8942382,0,2,-117
1767173645.9042382,0,3,-111
1767173645.9142382,-3,0,-116
1767173645.9242382,-3,0,-121
1767173645.9342382,0,0,-120
1767173645.9442382,0,-3,-121
1767173645.9532382,3,-7,-116
1767173645.9642382,2,-6,-113
1767173645.9742382,3,-7,-125
1767173645.984238,3,-7,-125
1767173645.994238,0,-7,-115
1767173646.004238,1,-11,-119
1767173646.014238,0,-10,-121
1767173646.024238,0,-8,-115
1767173646.034238,1,-9,-116
1767173646.044238,7,-12,-122
1767173646.054238,9,-11,-119
1767173646.064238,3,-9,-120
1767173646.074238,4,-7,-117
1767173646.084238,0,-7,-122
1767173646.094238,-3,-3,-124
1767173646.1042385,-6,-6,-128
1767173646.1142385,-2,-9,-130
1767173646.1242385,-5,-6,-124
1767173646.1342382,-8,-1,-125
1767173646.1442382,0,0,-120
1767173646.1542382,0,-3,-121
1767173646.1642382,-4,-4,-123
1767173646.1742382,-5,-7,-125
1767173646.1842382,1,-7,-125
1767173646.1942382,5,-7,-123
1767173646.2042382,4,-7,-125
1767173646.2142382,0,-8,-126
1767173646.2242382,-2,-3,-121
1767173646.234238,-1,-6,-123
1767173646.244238,1,-7,-118
1767173646.254238,4,-4,-113
1767173646.264238,3,-5,-115
1767173646.274238,2,-6,-115
1767173646.284238,0,-10,-119
1767173646.3062382,-5,-6,-118
1767173646.314238,-5,-6,-121
1767173646.324238,-7,-2,-125
1767173646.334238,-4,0,-130
1767173646.344238,-2,-2,-127
1767173646.3542385,1,0,-127
1767173646.3642385,4,0,-127
1767173646.3742385,3,-2,-126
1767173646.3842382,5,-2,-126
1767173646.3942382,3,-7,-131
1767173646.4042382,1,-6,-131
1767173646.4142382,3,-4,-137
1767173646.4242382,-1,-2,-142
1767173646.4342382,-8,0,-138
1767173646.4442382,-3,1,-133
1767173646.4542382,-6,3,-132
1767173646.4642382,-3,3,-137
1767173646.4742382,-1,0,-137
1767173646.484238,-5,-1,-139
1767173646.494238,-1,-4,-134
1767173646.504238,-2,-5,-136
1767173646.514238,0,-3,-136
1767173646.524238,-1,-2,-136
1767173646.534238,-2,-2,-133
1767173646.544238,-3,-3,-129
1767173646.554238,-4,-2,-127
1767173646.564238,-10,-1,-133
1767173646.574238,-7,-2,-134
1767173646.584238,-9,0,-131
1767173646.594238,-6,0,-128
1767173646.6042385,-2,0,-132
1767173646.6142385,1,-6,-134
1767173646.6242385,5,-4,-132
1767173646.6342382,5,0,-136
1767173646.6442382,4,-1,-133
1767173646.6542382,7,-1,-133
1767173646.6642382,6,-1,-131
1767173646.6742382,6,0,-124
1767173646.6842382,2,0,-121
1767173646.6942382,4,3,-120
1767173646.7042382,2,2,-117
1767173646.7142382,3,1,-124
1767173646.7242382,1,7,-127
1767173646.734238,2,1,-117
1767173646.744238,1,-3,-108
1767173646.754238,1,-7,-111
1767173646.764238,5,-5,-115
1767173646.774238,4,-7,-116
1767173646.784238,0,0,-116
1767173646.794238,0,0,-115
1767173646.804238,1,-1,-111
1767173646.814238,-1,-1,-113
1767173646.824238,-5,-3,-116
1767173646.834238,2,-4,-122
1767173646.844238,3,-2,-126
1767173646.8542385,6,0,-124
1767173646.8642385,8,-1,-128
1767173646.8742385,8,0,-128
1767173646.8842382,5,0,-125
1767173646.8942382,4,0,-125
1767173646.9042382,0,-1,-120
1767173646.9142382,-3,-3,-121
1767173646.9242382,4,-3,-114
1767173646.9342382,5,-6,-118
1767173646.9442382,4,-3,-122
1767173646.9542382,4,-5,-124
1767173646.9642382,-4,-3,-122
1767173646.9742382,-7,-3,-119
1767173646.984238,-2,-4,-121
1767173646.994238,-3,-2,-125
1767173647.004238,-2,0,-124
1767173647.014238,-4,-6,-125
1767173647.024238,1,-7,-130
1767173647.034238,0,-6,-125
1767173647.044238,1,-4,-115
1767173647.054238,0,-6,-114
1767173647.064238,4,-5,-114
1767173647.074238,6,-3,-112
1767173647.084238,2,-4,-112
1767173647.094238,1,0,-110
1767173647.1042385,-1,-2,-111
1767173647.1142385,-3,-5,-112
1767173647.1242385,0,-1,-117
1767173647.1342382,0,0,-119
1767173647.1442382,-1,3,-122
1767173647.1542382,0,0,-130
1767173647.1642382,0,0,-125
1767173647.1742382,0,-3,-131
1767173647.1842382,1,-4,-130
1767173647.1942382,4,-6,-126
1767173647.2042382,4,-3,-120
1767173647.2142382,4,0,-121
1767173647.2242382,7,-1,-120
1767173647.234238,4,1,-125
1767173647.244238,6,0,-128
1767173647.254238,6,0,-127
1767173647.264238,3,2,-128
1767173647.274238,0,-1,-131
1767173647.284238,1,0,-125
1767173647.294238,-2,-3,-123
1767173647.304238,0,-1,-127
1767173647.314238,2,2,-132
1767173647.324238,0,1,-127
1767173647.334238,1,3,-131
1767173647.344238,-4,-1,-127
1767173647.3542385,-8,2,-119
1767173647.3642385,-7,2,-119
1767173647.3742385,-6,2,-120
1767173647.3842382,-1,3,-119
1767173647.3942382,-2,-1,-115
1767173647.4042382,-5,-2,-118
1767173647.4142382,-3,-3,-119
1767173647.4242382,-4,-3,-120
1767173647.4342382,-6,0,-123
1767173647.4442382,-5,1,-125
1767173647.4542382,-4,-1,-128
1767173647.4642382,0,0,-131
1767173647.4742382,1,5,-124
1767173647.484238,-1,7,-124
1767173647.494238,-3,0,-126
1767173647.504238,1,0,-128
1767173647.514238,2,-4,-132
1767173647.524238,0,5,-131
1767173647.534238,-2,2,-136
1767173647.544238,-1,0,-134
1767173647.554238,-4,0,-136
1767173647.564238,-5,-4,-136
1767173647.574238,-5,-2,-127
1767173647.584238,-7,0,-125
1767173647.594238,-8,0,-121
1767173647.6042385,-7,-2,-122
1767173647.6142385,-5,-3,-118
1767173647.6242385,-5,-4,-122
1767173647.6342382,-4,-2,-127
1767173647.6442382,-5,-2,-123
1767173647.6542382,-5,-2,-125
1767173647.6642382,-4,-1,-122
1767173647.6742382,0,0,-123
1767173647.6842382,-3,0,-127
1767173647.6942382,-2,-1,-129
1767173647.7042382,2,3,-128
1767173647.7142382,6,2,-126
1767173647.7242382,4,0,-127
1767173647.734238,2,0,-130
1767173647.744238,-3,0,-132
1767173647.754238,-2,2,-137
1767173647.764238,1,4,-140
1767173647.774238,-1,2,-140
1767173647.784238,0,2,-137
1767173647.794238,0,3,-137
1767173647.804238,0,0,-132
1767173647.814238,0,-4,-134
1767173647.824238,2,-3,-130
1767173647.834238,1,-5,-125
1767173647.844238,1,-4,-127
1767173647.8542385,1,-4,-126
1767173647.8642385,0,-8,-124
1767173647.8742385,-2,-8,-120
1767173647.8842382,0,-12,-121
1767173647.8942382,-1,-8,-122
1767173647.9042382,-2,-9,-121
1767173647.9142382,3,-8,-117
1767173647.9242382,2,-7,-123
1767173647.9342382,5,-6,-124
1767173647.9442382,3,-4,-123
1767173647.9542382,2,-2,-122
1767173647.9642382,0,0,-125
1767173647.9742382,3,0,-130
1767173647.984238,0,0,-131
1767173647.994238,-2,0,-130
1767173648.004238,-1,-1,-130
1767173648.014238,-6,0,-124
1767173648.024238,-1,3,-122
1767173648.034238,-2,0,-127
1767173648.044238,-4,-2,-127
1767173648.054238,-5,0,-135
1767173648.064238,0,0,-132
1767173648.074238,-1,0,-138
1767173648.084238,-3,0,-137
1767173648.094238,0,0,-130
1767173648.1042385,0,1,-128
1767173648.1142385,0,0,-128
1767173648.1242385,0,-2,-125
1767173648.1342382,0,1,-126
1767173648.1442382,0,2,-126
1767173648.1542382,0,5,-127
1767173648.1642382,4,2,-128
1767173648.1742382,5,0,-132
1767173648.1842382,3,-2,-134
1767173648.1942382,0,1,-129
1767173648.2042382,0,-5,-119
1767173648.2142382,0,-8,-123
1767173648.2242382,1,-3,-120
1767173648.234238,-4,-6,-116
1767173648.244238,-7,-5,-117
1767173648.254238,-11,-4,-114
1767173648.264238,-8,-2,-118
1767173648.274238,-5,-5,-120
1767173648.284238,-8,-5,-121
1767173648.294238,-4,-4,-125
1767173648.304238,-6,-3,-123
1767173648.314238,-3,-4,-122
1767173648.324238,1,-6,-131
1767173648.334238,6,-5,-131
1767173648.344238,5,-6,-129
1767173648.3542385,6,0,-126
1767173648.3642385,5,0,-131
1767173648.3742385,5,1,-133
1767173648.3842382,3,0,-136
1767173648.3942382,-2,0,-140
1767173648.4042382,-3,-3,-133
1767173648.4142382,-2,-5,-138
1767173648.425238,-2,-3,-139
1767173648.435238,-6,-1,-131
1767173648.4442382,-5,0,-134
1767173648.455238,-5,-1,-129
1767173648.465238,-7,-2,-125
1767173648.475238,-8,-1,-116
1767173648.485238,-7,0,-125
1767173648.495238,-7,-3,-131
1767173648.505238,-8,2,-129
1767173648.515238,-8,2,-128
1767173648.525238,-3,1,-129
1767173648.5352385,-4,3,-123
1767173648.5452385,-5,4,-125
1767173648.5552382,-5,4,-126
1767173648.5652382,-5,7,-125
1767173648.5752382,-6,5,-125
1767173648.5852382,-6,5,-130
1767173648.5952382,-6,4,-132
1767173648.6052382,-6,5,-129
1767173648.6152382,-2,4,-127
1767173648.6252382,-3,0,-133
1767173648.6352382,-4,0,-133
1767173648.6452382,2,3,-134
1767173648.6552382,0,1,-135
1767173648.665238,-4,-2,-132
1767173648.675238,1,0,-135
1767173648.685238,0,-4,-132
1767173648.695238,-5,0,-134
1767173648.705238,-3,-4,-129
1767173648.715238,-7,0,-127
1767173648.725238,-7,0,-132
1767173648.735238,-10,-3,-130
1767173648.745238,-10,-5,-131
1767173648.755238,-9,-6,-130
1767173648.765238,-4,-7,-127
1767173648.775238,-1,-8,-126
1767173648.7852385,-1,-9,-128
1767173648.7952385,-4,-4,-126
1767173648.8052382,-7,-6,-123
1767173648.8152382,-8,-8,-116
1767173648.8252382,-2,-10,-113
1767173648.8352382,-2,-11,-114
1767173648.8452382,1,-9,-111
1767173648.8552382,0,-10,-116
1767173648.8652382,6,-7,-120
1767173648.8752382,3,-7,-122
1767173648.8852382,2,-6,-122
1767173648.8952382,4,-4,-128
1767173648.9052382,0,-1,-129
1767173648.915238,-2,2,-132
1767173648.925238,2,2,-129
1767173648.935238,0,0,-125
1767173648.945238,1,0,-129
1767173648.955238,1,3,-126
1767173648.965238,2,5,-124
1767173648.975238,0,1,-121
1767173648.985238,-2,1,-118
1767173648.995238,0,3,-123
1767173649.005238,-4,3,-123
1767173649.015238,-2,1,-125
1767173649.025238,-2,-2,-126
1767173649.0352385,-3,-5,-135
1767173649.0452385,-1,-5,-132
1767173649.0552382,4,-6,-129
1767173649.0652382,1,-7,-132
1767173649.0752382,4,-5,-129
1767173649.0852382,2,-2,-121
1767173649.0952382,-2,0,-118
1767173649.1052382,-1,4,-124
1767173649.1152382,-5,8,-124
1767173649.1252382,-3,8,-124
1767173649.1352382,-1,3,-120
1767173649.1452382,-5,0,-128
1767173649.1552382,-4,1,-135
1767173649.165238,-3,0,-131
1767173649.175238,-4,-1,-132
1767173649.185238,-5,-3,-136
1767173649.195238,-7,-3,-135
1767173649.205238,-4,0,-132
1767173649.215238,1,1,-136
1767173649.225238,3,0,-134
1767173649.235238,4,-4,-132
1767173649.245238,8,-4,-128
1767173649.255238,4,-7,-133
1767173649.265238,1,-6,-134
1767173649.275238,3,-7,-134
1767173649.2852385,0,-4,-128
1767173649.2952385,-1,-6,-127
1767173649.3052382,-1,-6,-130
1767173649.3152382,-2,-5,-130
1767173649.3252382,2,-6,-131
1767173649.3352382,1,-7,-126
1767173649.3452382,1,-4,-133
1767173649.3552382,-1,-8,-130
1767173649.3652382,0,-8,-131
1767173649.3752382,0,-8,-128
1767173649.3852382,0,-8,-114
1767173649.3952382,0,-4,-117
1767173649.4052382,0,-4,-117
1767173649.415238,-5,-2,-122
1767173649.425238,-6,-1,-122
1767173649.435238,-6,0,-121
1767173649.445238,-9,1,-129
1767173649.455238,-10,3,-128
1767173649.465238,-11,1,-126
1767173649.475238,-12,3,-126
1767173649.485238,-10,2,-117
1767173649.495238,-6,3,-120
1767173649.505238,-4,2,-123
1767173649.515238,-6,4,-124
1767173649.525238,-6,0,-126
1767173649.5352385,-5,2,-119
1767173649.5452385,-7,0,-130
1767173649.5552382,-8,-3,-137
1767173649.5652382,-2,-5,-137
1767173649.5752382,-3,-3,-138
1767173649.5852382,-1,-1,-141
1767173649.5952382,-1,0,-138
1767173649.6052382,-2,-5,-138
1767173649.6152382,-2,-8,-134
1767173649.6252382,-3,-2,-131
1767173649.6352382,-5,-1,-133
1767173649.6452382,-4,-4,-130
1767173649.6552382,-2,-2,-129
1767173649.665238,-3,0,-127
1767173649.675238,-6,0,-124
1767173649.685238,-4,-2,-126
1767173649.695238,-10,0,-119
1767173649.705238,-6,-2,-122
1767173649.715238,-5,-4,-127
1767173649.725238,-5,-3,-129
1767173649.735238,-5,-5,-129
1767173649.745238,-10,-7,-129
1767173649.755238,-10,-3,-133
1767173649.765238,-6,0,-130
1767173649.775238,-3,0,-124
1767173649.7852385,0,-2,-120
1767173649.7952385,-6,-2,-123
1767173649.8052382,-5,-5,-122
1767173649.8152382,-1,-4,-121
1767173649.8252382,0,-6,-117
1767173649.8352382,1,-8,-118
1767173649.8452382,5,-8,-125
1767173649.8552382,6,-4,-130
1767173649.8652382,11,-8,-136
1767173649.8752382,11,-7,-133
1767173649.8852382,12,-3,-130
1767173649.8952382,8,-5,-131
1767173649.9052382,4,-2,-128
1767173649.915238,1,-3,-121
1767173649.925238,-2,-7,-115
1767173649.935238,-7,-4,-123
1767173649.945238,-9,-2,-127
1767173649.955238,-9,0,-125
1767173649.965238,-10,2,-126
1767173649.975238,-12,4,-133
1767173649.985238,-11,3,-132
1767173649.995238,-10,0,-122
1767173650.005238,-2,1,-118
1767173650.015238,3,3,-121
1767173650.025238,2,2,-119
1767173650.0352385,5,0,-122
1767173650.0452385,7,1,-115
1767173650.0552382,7,0,-113
1767173650.0652382,3,-1,-113
1767173650.0752382,-2,0,-107
1767173650.0852382,1,1,-114
1767173650.0952382,4,0,-114
1767173650.1052382,7,3,-117
1767173650.1152382,8,1,-120
1767173650.1252382,8,-1,-118
1767173650.1352382,8,-2,-128
1767173650.1452382,8,-5,-131
1767173650.1552382,5,-3,-132
1767173650.165238,4,-1,-129
1767173650.175238,0,3,-125
1767173650.185238,0,2,-120
1767173650.195238,0,4,-116
1767173650.205238,-1,1,-113
1767173650.215238,-3,4,-110
1767173650.225238,0,0,-119
1767173650.235238,2,-5,-123
1767173650.245238,5,0,-119
1767173650.255238,6,5,-119
1767173650.265238,4,1,-120
1767173650.275238,2,0,-125
1767173650.2852385,1,0,-126
1767173650.2952385,-5,0,-122
1767173650.3052382,-5,-1,-120
1767173650.3152382,-3,-2,-117
1767173650.3252382,-5,-4,-118
1767173650.3352382,-6,-9,-118
1767173650.3452382,-9,-5,-116
1767173650.3552382,-9,-7,-117
1767173650.3652382,-5,-6,-126
1767173650.3752382,-4,-8,-120
1767173650.3852382,-4,-9,-118
1767173650.3952382,-1,-9,-124
1767173650.4052382,0,-9,-129
1767173650.415238,-1,-5,-127
1767173650.425238,-3,-5,-125
1767173650.435238,-4,-6,-126
1767173650.445238,-2,-12,-125
1767173650.455238,0,-8,-120
1767173650.465238,-2,-5,-119
1767173650.475238,-1,-8,-121
1767173650.485238,-1,-10,-123
1767173650.495238,4,-13,-117
1767173650.505238,4,-7,-114
1767173650.515238,6,-5,-118
1767173650.525238,5,-5,-119
1767173650.5352385,2,-4,-123
1767173650.5452385,3,-2,-125
1767173650.5552382,4,1,-124
1767173650.5652382,5,0,-125
1767173650.5752382,2,-1,-123
1767173650.5852382,1,4,-122
1767173650.5952382,-2,4,-126
1767173650.6052382,0,7,-126
1767173650.6152382,3,2,-125
1767173650.6252382,1,-2,-126
1767173650.6352382,-2,-3,-125
1767173650.6452382,-2,-1,-124
1767173650.6552382,-6,0,-122
1767173650.665238,-6,0,-126
1767173650.675238,-5,-2,-128
1767173650.685238,-5,-2,-135
1767173650.695238,-3,0,-130
1767173650.705238,0,2,-128
1767173650.715238,0,-1,-126
1767173650.725238,1,0,-125
1767173650.735238,0,0,-122
1767173650.745238,2,0,-116
1767173650.755238,0,2,-117
1767173650.765238,3,0,-116
1767173650.775238,2,0,-116
1767173650.7852385,2,-4,-123
1767173650.7952385,0,-6,-122
1767173650.8052382,0,-9,-119
1767173650.8152382,0,-9,-123
1767173650.8252382,-1,-5,-122
1767173650.8352382,-1,-2,-123
1767173650.8452382,0,-3,-127
1767173650.8552382,0,-5,-126
1767173650.8652382,5,-2,-126
1767173650.8752382,6,-5,-124
1767173650.8852382,3,-11,-128
1767173650.8952382,7,-8,-120
1767173650.9052382,9,-5,-117
1767173650.915238,9,-6,-117
1767173650.925238,7,-8,-123
1767173650.935238,8,-5,-125
1767173650.945238,4,-6,-128
1767173650.955238,0,-11,-129
1767173650.965238,-1,-8,-126
1767173650.975238,-6,-8,-132
1767173650.985238,-2,-4,-131
1767173650.995238,-1,-5,-122
1767173651.005238,0,-6,-113
1767173651.015238,0,0,-118
1767173651.025238,0,4,-119
1767173651.0352385,3,0,-121
1767173651.0452385,1,-1,-126
1767173651.0562382,1,2,-134
1767173651.0662382,4,0,-129
1767173651.0762382,4,-5,-124
1767173651.086238,3,-3,-123
1767173651.096238,0,-4,-120
1767173651.106238,2,-7,-116
1767173651.116238,1,-8,-116
1767173651.126238,-1,-5,-117
1767173651.136238,-3,-1,-120
1767173651.146238,0,-1,-120
1767173651.156238,6,-1,-123
1767173651.166238,5,-3,-120
1767173651.176238,4,-3,-113
1767173651.186238,3,-3,-111
1767173651.196238,4,0,-115
1767173651.2062385,0,0,-119
1767173651.2162385,-2,1,-122
1767173651.2262385,0,1,-124
1767173651.2362382,0,0,-128
1767173651.2462382,-3,-1,-118
1767173651.2562382,-3,0,-111
1767173651.2662382,4,-1,-115
1767173651.2762382,4,-1,-117
1767173651.2862382,3,-1,-116
1767173651.2962382,2,-1,-108
1767173651.317238,-2,0,-112
1767173651.3262382,0,0,-118
1767173651.336238,0,-1,-118
1767173651.346238,0,-4,-118
1767173651.356238,-1,2,-121
1767173651.366238,1,1,-119
1767173651.376238,0,2,-124
1767173651.386238,2,0,-123
1767173651.396238,4,1,-123
1767173651.406238,0,2,-125
1767173651.416238,0,-3,-125
1767173651.426238,-1,-1,-123
1767173651.436238,-3,1,-127
1767173651.446238,1,5,-124
1767173651.4562385,2,6,-125
1767173651.4662385,1,2,-126
1767173651.4762385,-1,7,-119
1767173651.4862382,-1,6,-119
1767173651.4962382,-1,1,-123
1767173651.5062382,3,1,-125
1767173651.5162382,0,2,-123
1767173651.5262382,0,1,-122
1767173651.5362382,0,-1,-122
1767173651.5462382,0,-4,-116
1767173651.5562382,-3,-5,-119
1767173651.5662382,-8,0,-122
1767173651.5762382,-8,0,-132
1767173651.586238,-8,-1,-136
1767173651.596238,-5,-4,-130
1767173651.606238,-8,-3,-121
1767173651.616238,-10,0,-121
1767173651.626238,-6,0,-125
1767173651.636238,-2,0,-125
1767173651.646238,1,0,-124
1767173651.656238,0,-1,-123
1767173651.666238,2,-7,-120
1767173651.676238,2,-10,-123
1767173651.686238,5,-7,-121
1767173651.696238,1,-8,-124
1767173651.7062385,0,-7,-120
1767173651.7162385,2,-8,-123
1767173651.7262385,6,-8,-129
1767173651.7362382,3,-7,-135
1767173651.7462382,2,-8,-136
1767173651.7562382,1,-6,-128
1767173651.7662382,-1,-7,-130
1767173651.7762382,-3,-7,-125
1767173651.7862382,-4,-6,-126
1767173651.7962382,0,-5,-128
1767173651.8062382,0,-3,-134
1767173651.8162382,-3,-1,-133
1767173651.8262382,-2,0,-136
1767173651.836238,-1,2,-133
1767173651.846238,-1,-1,-138
1767173651.856238,1,2,-138
1767173651.866238,-3,-4,-137
1767173651.876238,-3,-5,-131
1767173651.886238,0,-7,-133
1767173651.896238,5,-5,-138
1767173651.906238,2,-5,-144
1767173651.916238,-1,-3,-135
1767173651.926238,-4,-2,-124
1767173651.936238,-1,-4,-127
1767173651.946238,-8,-1,-124
1767173651.9562385,-4,-4,-122
1767173651.9662385,-5,-3,-116
1767173651.9762385,-4,-4,-125
1767173651.9862382,-4,-3,-127
1767173651.9962382,-2,-5,-133
1767173652.0062382,-2,-7,-134
1767173652.0162382,0,-10,-134
1767173652.0262382,-2,-8,-135
1767173652.0362382,-2,-8,-133
1767173652.0462382,-1,-2,-136
1767173652.0562382,-3,-1,-136
1767173652.0662382,-1,-2,-134
1767173652.0762382,-1,-5,-122
1767173652.086238,-3,-9,-119
1767173652.096238,-1,-8,-119
1767173652.106238,0,-8,-121
1767173652.116238,0,-10,-122
1767173652.126238,-4,-8,-118
1767173652.136238,-5,-4,-120
1767173652.146238,-1,-3,-121
1767173652.156238,2,-2,-122
1767173652.166238,0,-5,-122
1767173652.176238,-5,-4,-119
1767173652.186238,-7,-3,-117
1767173652.196238,-4,-4,-121
1767173652.2062385,-2,-8,-119
1767173652.2162385,-2,-2,-120
1767173652.2262385,-3,-2,-128
1767173652.2362382,-2,-3,-128
1767173652.2462382,-2,-3,-127
1767173652.2562382,-3,-4,-128
1767173652.2662382,-5,-2,-127
1767173652.2762382,-6,-2,-123
1767173652.2862382,-8,0,-125
1767173652.2962382,-5,0,-129
1767173652.3062382,-8,-3,-123
1767173652.3162382,-8,0,-124
1767173652.3262382,-3,-2,-128
1767173652.336238,-4,-2,-126
1767173652.346238,-1,-4,-118
1767173652.356238,2,-7,-118
1767173652.366238,3,-5,-125
1767173652.376238,3,-3,-128
1767173652.386238,8,-6,-131
1767173652.396238,6,-6,-131
1767173652.406238,4,-2,-132
1767173652.416238,9,-3,-130
1767173652.426238,4,0,-126
1767173652.436238,5,1,-126
1767173652.446238,9,0,-126
1767173652.4562385,9,0,-117
1767173652.4662385,10,4,-116
1767173652.4762385,2,0,-118
1767173652.4862382,3,0,-122
1767173652.4962382,0,0,-121
1767173652.5062382,1,-4,-124
1767173652.5162382,-2,-6,-118
1767173652.5262382,-2,-1,-121
1767173652.5362382,-3,2,-122
1767173652.5462382,0,0,-119
1767173652.5562382,-2,-3,-119
1767173652.5662382,-2,-4,-116
1767173652.5762382,4,-6,-113
1767173652.586238,4,-1,-117
1767173652.596238,2,-2,-121
1767173652.606238,2,-6,-122
1767173652.616238,4,-7,-122
1767173652.626238,-2,-5,-116
1767173652.636238,0,-4,-118
1767173652.646238,4,-4,-126
1767173652.656238,3,-3,-125
1767173652.666238,4,-3,-114
1767173652.676238,6,-3,-113
1767173652.686238,7,-2,-118
1767173652.696238,6,0,-126
1767173652.7062385,5,-4,-129
1767173652.7162385,1,0,-125
1767173652.7262385,2,1,-128
1767173652.7362382,-1,3,-128
1767173652.7462382,-5,0,-131
1767173652.7562382,-1,0,-126
1767173652.7662382,0,-3,-120
1767173652.7762382,-2,-5,-119
1767173652.7862382,0,-6,-123
1767173652.7962382,0,-9,-123
1767173652.8062382,3,-8,-120
1767173652.8162382,3,-10,-125
1767173652.8262382,7,-13,-129
1767173652.836238,4,-9,-130
1767173652.846238,0,-3,-128
1767173652.856238,-2,-4,-128
1767173652.866238,0,-2,-122
1767173652.876238,1,-3,-127
1767173652.886238,3,-4,-129
1767173652.896238,1,-1,-131
1767173652.906238,0,0,-129
1767173652.916238,1,0,-135
1767173652.926238,3,-2,-136
1767173652.936238,0,-5,-125
1767173652.946238,-1,-6,-128
1767173652.9562385,-4,-4,-126
1767173652.9662385,-5,0,-127
1767173652.9762385,-4,0,-127
1767173652.9862382,-1,0,-129
1767173652.9962382,-1,1,-131
1767173653.0062382,1,-1,-129
1767173653.0162382,1,-4,-127
1767173653.0262382,0,-4,-126
1767173653.0362382,2,-3,-123
1767173653.0462382,1,-5,-113
1767173653.0562382,2,-6,-120
1767173653.0662382,-1,-7,-126
1767173653.0762382,0,-5,-122
1767173653.086238,1,-5,-123
1767173653.096238,-1,-2,-122
1767173653.106238,-5,-2,-126
1767173653.116238,-6,-1,-128
1767173653.126238,-7,0,-126
1767173653.136238,-3,0,-129
1767173653.146238,-6,0,-129
1767173653.156238,-3,1,-132
1767173653.166238,-3,0,-130
1767173653.176238,-2,-4,-129
1767173653.186238,-2,-4,-126
1767173653.196238,0,-1,-128
1767173653.2062385,1,-1,-125
1767173653.2162385,0,0,-122
1767173653.2262385,0,-3,-124
1767173653.2362382,3,-4,-126
1767173653.2462382,1,-8,-123
1767173653.2562382,2,-9,-125
1767173653.2662382,5,-3,-128
1767173653.2762382,1,0,-124
1767173653.2862382,-3,1,-125
1767173653.2962382,-6,0,-131
1767173653.3062382,-6,-3,-131
1767173653.3162382,-8,-5,-132
1767173653.3262382,-7,-8,-130
1767173653.336238,-5,-9,-132
1767173653.346238,-3,-9,-129
1767173653.356238,-4,-8,-125
1767173653.366238,1,-4,-128
1767173653.376238,0,-2,-124
1767173653.386238,1,0,-125
1767173653.396238,3,0,-127
1767173653.406238,-1,0,-126
1767173653.416238,-2,2,-114
1767173653.426238,-4,3,-118
1767173653.436238,-5,-1,-121
1767173653.446238,-1,-3,-124
1767173653.4562385,-1,-2,-116
1767173653.4662385,2,-5,-118
1767173653.4762385,0,-5,-119
1767173653.4862382,-1,-4,-117
1767173653.4962382,-1,-4,-121
1767173653.5062382,0,-6,-124
1767173653.5162382,2,-6,-121
1767173653.5262382,1,-6,-122
1767173653.5362382,3,-3,-125
1767173653.5462382,4,2,-123
1767173653.5562382,3,2,-124
1767173653.5662382,5,1,-119
1767173653.5762382,7,1,-118
1767173653.586238,2,0,-121
1767173653.596238,1,-4,-127
1767173653.606238,3,-4,-130
1767173653.616238,0,-4,-133
1767173653.626238,0,-4,-130
1767173653.636238,4,-6,-131
1767173653.646238,3,-6,-127
1767173653.656238,3,-10,-122
1767173653.6672382,2,-12,-125
1767173653.676238,2,-13,-124
1767173653.6872382,1,-11,-130
1767173653.696238,2,-6,-127
1767173653.7062385,1,-2,-131
1767173653.7172382,-2,-1,-123
1767173653.7272382,-3,0,-125
1767173653.7372382,0,0,-125
1767173653.7472382,2,0,-119
1767173653.757238,7,0,-120
1767173653.767238,2,-4,-121
1767173653.777238,-7,-3,-122
1767173653.787238,-5,-2,-115
1767173653.797238,-5,-2,-118
1767173653.807238,-3,0,-113
1767173653.817238,-5,-1,-115
1767173653.827238,-7,-5,-119
1767173653.837238,-5,-6,-122
1767173653.847238,-5,-2,-117
1767173653.857238,-6,-2,-117
1767173653.867238,-2,-2,-123
1767173653.877238,-2,-6,-124
1767173653.8872385,-2,-6,-120
1767173653.8972385,-3,0,-121
1767173653.9072382,-5,0,-122
1767173653.9172382,-1,-6,-121
1767173653.9272382,-2,-2,-127
1767173653.9372382,-4,-1,-121
1767173653.9472382,-1,-2,-123
1767173653.9572382,4,0,-121
1767173653.9672382,4,2,-115
1767173653.9772382,0,1,-116
1767173653.9872382,-5,3,-115
1767173653.9972382,-10,0,-120
1767173654.007238,-10,-1,-121
1767173654.017238,-8,2,-128
1767173654.027238,-3,4,-129
1767173654.037238,-6,4,-126
1767173654.047238,-7,4,-129
1767173654.057238,-10,0,-128
1767173654.067238,-7,-2,-123
1767173654.077238,-4,-4,-124
1767173654.087238,-2,-3,-125
1767173654.097238,-4,-3,-130
1767173654.107238,-6,-2,-133
1767173654.117238,-9,0,-128
1767173654.127238,-9,1,-130
1767173654.1372385,-9,0,-135
1767173654.1472385,-7,0,-132
1767173654.1572382,-4,-1,-136
1767173654.1672382,-7,-6,-139
1767173654.1772382,-7,-12,-140
1767173654.1872382,-6,-13,-136
1767173654.1972382,-6,-15,-132
1767173654.2072382,-5,-12,-127
1767173654.2172382,0,-8,-129
1767173654.2272382,-1,-9,-127
1767173654.2372382,0,-9,-128
1767173654.2472382,3,-5,-123
1767173654.257238,4,-3,-124
1767173654.267238,4,-3,-111
1767173654.277238,0,-4,-108
1767173654.287238,1,-3,-110
1767173654.297238,0,-3,-120
1767173654.307238,1,0,-118
1767173654.317238,0,2,-121
1767173654.327238,1,0,-126
1767173654.337238,1,3,-123
1767173654.347238,0,1,-124
1767173654.357238,2,0,-121
1767173654.367238,0,-1,-120
1767173654.377238,0,0,-121
1767173654.3872385,1,0,-123
1767173654.3972385,0,-2,-127
1767173654.4072382,0,-2,-126
1767173654.4172382,-6,-1,-122
1767173654.4272382,-4,-3,-121
1767173654.4372382,-1,-5,-123
1767173654.4472382,4,-6,-116
1767173654.4572382,3,-2,-115
1767173654.4672382,2,1,-114
1767173654.4772382,4,0,-114
1767173654.4872382,6,-1,-114
1767173654.4972382,5,-2,-115
1767173654.507238,5,0,-116
1767173654.517238,6,1,-123
1767173654.527238,4,4,-130
1767173654.537238,6,4,-134
1767173654.547238,6,4,-135
1767173654.557238,6,2,-138
1767173654.567238,6,0,-132
1767173654.577238,5,-3,-126
1767173654.587238,3,0,-126
1767173654.597238,0,-4,-131
1767173654.607238,-2,-7,-129
1767173654.617238,-1,-8,-131
1767173654.627238,-2,-7,-136
1767173654.6372385,-1,-6,-131
1767173654.6472385,-2,-6,-124
1767173654.6572382,-4,-9,-122
1767173654.6672382,-5,-7,-121
1767173654.6772382,-7,-6,-126
1767173654.6872382,-7,-6,-132
1767173654.6972382,-7,-9,-133
1767173654.7072382,-7,-5,-133
1767173654.7172382,-8,-7,-129
1767173654.7272382,-6,-8,-128
1767173654.7372382,-8,-4,-125
1767173654.7472382,-6,-3,-129
1767173654.757238,-2,-4,-125
1767173654.767238,0,-5,-122
1767173654.777238,1,-4,-128
1767173654.787238,0,-2,-128
1767173654.797238,-2,-2,-127
1767173654.807238,1,-1,-125
1767173654.817238,5,1,-128
1767173654.827238,4,0,-123
1767173654.837238,0,0,-122
1767173654.847238,0,-7,-120
1767173654.857238,0,-3,-117
1767173654.867238,-1,-2,-126
1767173654.877238,0,0,-123
1767173654.8872385,0,0,-121
1767173654.8972385,-3,2,-118
1767173654.9072382,-1,0,-120
1767173654.9172382,1,1,-115
1767173654.9272382,2,0,-117
1767173654.9372382,3,-2,-111
1767173654.9472382,3,-7,-112
1767173654.9572382,0,-3,-117
1767173654.9672382,-4,-3,-117
1767173654.9772382,-6,1,-113
1767173654.9872382,-8,1,-121
1767173654.9972382,-4,3,-128
1767173655.007238,-2,2,-132
1767173655.017238,4,0,-130
1767173655.027238,4,-3,-131
1767173655.037238,0,-5,-131
1767173655.047238,3,-5,-125
1767173655.057238,2,-6,-128
1767173655.067238,-1,-4,-136
1767173655.077238,1,-3,-134
1767173655.087238,4,-2,-136
1767173655.097238,1,-4,-133
1767173655.107238,3,-2,-135
1767173655.117238,8,-3,-139
1767173655.127238,5,-4,-143
1767173655.1372385,1,2,-149
1767173655.1472385,0,1,-155
1767173655.1572382,1,-1,-153
1767173655.1672382,-1,-4,-144
1767173655.1772382,-4,0,-140
1767173655.1872382,0,0,-134
1767173655.1972382,-2,0,-128
1767173655.2072382,-4,-1,-121
1767173655.2172382,-5,1,-127
1767173655.2272382,-1,1,-128
1767173655.2372382,0,0,-131
1767173655.2472382,1,-1,-134
1767173655.257238,3,-2,-133
1767173655.267238,0,-1,-131
1767173655.277238,-1,-1,-136
1767173655.287238,-2,-3,-131
1767173655.297238,-2,-4,-127
1767173655.307238,-1,-7,-129
1767173655.317238,-1,-4,-130
1767173655.327238,0,-4,-130
1767173655.337238,2,-4,-132
1767173655.347238,4,-5,-131
1767173655.357238,3,-9,-131
1767173655.367238,2,-9,-129
1767173655.377238,2,-9,-124
1767173655.3872385,-2,-13,-120
1767173655.3972385,-2,-14,-121
1767173655.4072382,0,-12,-116
1767173655.4172382,-2,-8,-114
1767173655.4272382,-2,-5,-118
1767173655.4372382,-2,-6,-125
1767173655.4472382,-4,-4,-124
1767173655.4572382,-2,0,-127
1767173655.4672382,-3,-2,-124
1767173655.4772382,-6,-4,-124
1767173655.4872382,-3,0,-122
1767173655.4972382,-3,-3,-124
1767173655.507238,-2,0,-117
1767173655.517238,-5,-4,-119
1767173655.527238,-6,-4,-120
1767173655.537238,-1,-4,-124
1767173655.547238,0,-8,-126
1767173655.557238,1,-9,-133
1767173655.567238,1,-9,-135
1767173655.577238,2,-5,-136
1767173655.587238,3,-3,-130
1767173655.597238,5,-1,-133
1767173655.607238,2,0,-132
1767173655.617238,0,1,-124
1767173655.627238,3,1,-130
1767173655.6372385,-1,1,-123
1767173655.6472385,-1,0,-124
1767173655.6572382,-7,0,-119
1767173655.6672382,-7,2,-110
1767173655.6772382,-5,0,-113
1767173655.6872382,-2,-3,-121
1767173655.6972382,1,-4,-125
1767173655.7072382,3,-3,-125
1767173655.7172382,5,-3,-130
1767173655.7272382,8,-6,-126
1767173655.7372382,7,-4,-129
1767173655.7472382,4,-3,-125
1767173655.757238,2,-2,-127
1767173655.767238,-2,-1,-127
1767173655.777238,-5,-2,-127
1767173655.787238,-7,-1,-119
1767173655.797238,-10,1,-116
1767173655.807238,-8,0,-118
1767173655.817238,-3,5,-121
1767173655.827238,4,6,-125
1767173655.837238,3,3,-130
1767173655.847238,4,2,-129
1767173655.857238,3,3,-125
1767173655.867238,1,3,-128
1767173655.877238,2,6,-131
1767173655.8872385,7,4,-134
1767173655.8972385,3,7,-132
1767173655.9072382,-1,5,-129
1767173655.9172382,-5,0,-129
1767173655.9272382,-8,-2,-133
1767173655.9372382,-8,-6,-138
1767173655.9472382,-6,-9,-140
1767173655.9572382,-6,-9,-138
1767173655.9672382,-7,-3,-141
1767173655.9772382,-8,0,-139
1767173655.9872382,-8,0,-136
1767173655.9972382,-7,-2,-134
1767173656.007238,-8,-1,-135
1767173656.017238,-7,0,-140
1767173656.027238,-1,-1,-129
1767173656.037238,0,-4,-119
1767173656.047238,-4,-1,-116
1767173656.057238,-6,0,-112
1767173656.067238,-6,-1,-109
1767173656.077238,-4,-4,-116
1767173656.087238,-7,-5,-119
1767173656.097238,-8,-3,-118
1767173656.107238,-3,-3,-114
1767173656.117238,0,-4,-117
1767173656.127238,3,-2,-116
1767173656.1372385,1,2,-124
1767173656.1472385,-1,2,-128
1767173656.1572382,0,0,-130
1767173656.1672382,-1,0,-130
1767173656.1772382,0,0,-134
1767173656.1872382,0,1,-133
1767173656.1972382,0,1,-127
1767173656.2072382,0,2,-125
1767173656.2172382,-1,3,-122
1767173656.2272382,-1,2,-122
1767173656.2372382,-2,3,-117
1767173656.2472382,-3,2,-119
1767173656.257238,-3,1,-123
1767173656.267238,3,1,-127
1767173656.277238,1,2,-126
1767173656.288238,-2,0,-126
1767173656.298238,-4,0,-122
1767173656.307238,-5,0,-122
1767173656.3292382,0,0,-117
1767173656.3382382,0,0,-119
1767173656.3482382,2,0,-121
1767173656.357238,2,-2,-127
1767173656.367238,2,-2,-127
1767173656.377238,1,-2,-129
1767173656.3882382,-2,-6,-129
1767173656.3982382,0,-3,-130
1767173656.4082382,-2,-6,-133
1767173656.4182382,-1,-5,-128
1767173656.4282382,0,-1,-126
1767173656.438238,2,1,-122
1767173656.448238,5,5,-120
1767173656.458238,4,5,-116
1767173656.468238,3,5,-116
1767173656.478238,0,5,-118
1767173656.488238,0,1,-121
1767173656.498238,3,-4,-123
1767173656.508238,6,-9,-127
1767173656.518238,4,-7,-122
1767173656.528238,7,-4,-122
1767173656.538238,7,-5,-123
1767173656.548238,6,-8,-123
1767173656.5582385,3,-10,-120
1767173656.5682385,0,-10,-125
1767173656.5782382,-1,-12,-129
1767173656.5882382,0,-13,-129
1767173656.5982382,5,-10,-129
1767173656.6082382,3,-8,-127
1767173656.6182382,3,-5,-122
1767173656.6282382,0,-6,-120
1767173656.6382382,0,-5,-119
1767173656.6482382,5,-4,-117
1767173656.6582382,5,0,-114
1767173656.6682382,5,1,-114
1767173656.6782382,3,0,-113
1767173656.688238,1,-1,-121
1767173656.698238,-1,-3,-129
1767173656.708238,-2,-4,-129
1767173656.718238,-1,-6,-129
1767173656.728238,-1,-3,-128
1767173656.738238,-2,-4,-136
1767173656.748238,0,-9,-132
1767173656.758238,-2,-8,-126
1767173656.768238,0,-8,-120
1767173656.778238,1,-4,-122
1767173656.788238,6,-1,-120
1767173656.798238,5,-2,-119
1767173656.8082385,6,-2,-123
1767173656.8182385,6,-1,-121
1767173656.8282382,6,-1,-123
1767173656.8382382,6,-1,-121
1767173656.8482382,4,0,-120
1767173656.8582382,0,-3,-123
1767173656.8682382,0,-5,-127
1767173656.8782382,0,-6,-126
1767173656.8882382,-1,-5,-126
1767173656.8982382,0,-5,-126
1767173656.9082382,0,-3,-122
1767173656.9182382,-2,0,-119
1767173656.9282382,0,1,-119
1767173656.938238,0,0,-121
1767173656.948238,1,-2,-123
1767173656.958238,1,-3,-123
1767173656.968238,4,-7,-126
1767173656.978238,0,-7,-123
1767173656.988238,0,-3,-125
1767173656.998238,1,-5,-126
1767173657.008238,1,-3,-125
1767173657.018238,1,-2,-125
1767173657.028238,3,-1,-124
1767173657.038238,4,2,-126
1767173657.048238,4,1,-121
1767173657.0582385,3,4,-125
1767173657.0682385,4,0,-132
1767173657.0782382,2,-2,-125
1767173657.0882382,3,-5,-127
1767173657.0982382,3,-5,-129
1767173657.1082382,0,-5,-129
1767173657.1182382,2,-1,-128
1767173657.1282382,1,-2,-126
1767173657.1382382,0,-5,-124
1767173657.1482382,1,-2,-122
1767173657.1582382,3,2,-126
1767173657.1682382,0,1,-131
1767173657.1782382,2,-1,-133
1767173657.188238,3,-1,-128
1767173657.198238,2,-1,-132
1767173657.208238,2,-1,-129
1767173657.218238,2,0,-123
1767173657.228238,3,0,-116
1767173657.238238,6,2,-114
1767173657.248238,4,3,-126
1767173657.258238,0,0,-123
1767173657.268238,-6,-4,-127
1767173657.278238,-1,-2,-124
1767173657.288238,-4,-2,-117
1767173657.298238,-5,-2,-125
1767173657.3082385,-7,-4,-123
1767173657.3182385,-4,-8,-121
1767173657.3282382,-5,-5,-118
1767173657.3382382,-5,1,-129
1767173657.3482382,-6,6,-126
1767173657.3582382,-3,5,-126
1767173657.3682382,-1,3,-125
1767173657.3782382,2,0,-120
1767173657.3882382,1,2,-123
1767173657.3982382,1,0,-121
1767173657.4082382,0,1,-124
1767173657.4182382,0,0,-128
1767173657.4282382,-3,1,-119
1767173657.438238,-9,0,-121
1767173657.448238,-7,0,-125
1767173657.458238,-4,1,-128
1767173657.468238,2,0,-133
1767173657.478238,3,-4,-138
1767173657.488238,1,-7,-129
1767173657.498238,0,-6,-130
1767173657.508238,-2,-7,-125
1767173657.518238,-6,-4,-130
1767173657.528238,-6,-2,-129
1767173657.538238,-2,-4,-132
1767173657.548238,-1,-6,-132
1767173657.5582385,0,-5,-127
1767173657.5682385,-2,-9,-129
1767173657.5782382,-5,-9,-128
1767173657.5882382,-2,-7,-127
1767173657.5982382,-2,-6,-127
1767173657.6082382,0,1,-129
1767173657.6182382,3,-3,-130
1767173657.6282382,3,-4,-139
1767173657.6382382,3,2,-138
1767173657.6482382,5,1,-135
1767173657.6582382,8,-2,-136
1767173657.6682382,9,-3,-131
1767173657.6782382,4,-3,-137
1767173657.688238,6,-2,-138
1767173657.698238,7,-3,-135
1767173657.708238,8,-1,-142
1767173657.718238,6,0,-136
1767173657.728238,1,0,-130
1767173657.738238,5,-1,-129
1767173657.748238,3,1,-125
1767173657.758238,0,7,-129
1767173657.768238,2,6,-125
1767173657.778238,3,5,-125
1767173657.788238,9,4,-125
1767173657.798238,8,2,-127
1767173657.8082385,9,-1,-122
1767173657.8182385,11,0,-125
1767173657.8282382,8,2,-123
1767173657.8382382,4,1,-125
1767173657.8482382,1,0,-125
1767173657.8582382,-4,-1,-125
1767173657.8682382,-4,2,-125
1767173657.8782382,2,0,-128
1767173657.8882382,0,-4,-129
1767173657.8982382,-1,-7,-131
1767173657.9082382,-1,-8,-136
1767173657.9182382,-2,-6,-140
1767173657.9282382,-2,-4,-135
1767173657.938238,0,-1,-133
1767173657.948238,-2,0,-135
1767173657.958238,0,0,-129
1767173657.968238,-4,2,-126
1767173657.978238,-4,1,-128
1767173657.988238,-7,0,-128
1767173657.998238,-5,0,-124
1767173658.008238,-4,1,-124
1767173658.018238,-2,0,-123
1767173658.028238,-3,-3,-119
1767173658.038238,0,-8,-119
1767173658.048238,1,-10,-119
1767173658.0582385,5,-10,-123
1767173658.0682385,5,-9,-130
1767173658.0782382,3,-4,-125
1767173658.0882382,6,0,-125
1767173658.0982382,7,-3,-120
1767173658.1082382,6,-1,-119
1767173658.1182382,2,-3,-119
1767173658.1282382,3,-4,-122
1767173658.1382382,0,-6,-125
1767173658.1482382,0,-8,-128
1767173658.1582382,0,-6,-123
1767173658.1682382,0,-5,-121
1767173658.1782382,-2,-5,-132
1767173658.188238,-1,-4,-137
1767173658.198238,1,-2,-134
1767173658.208238,0,-10,-130
1767173658.218238,-3,-9,-125
1767173658.228238,0,-6,-124
1767173658.238238,0,-5,-123
1767173658.248238,4,-8,-123
1767173658.258238,6,-6,-121
1767173658.268238,1,-6,-119
1767173658.278238,-3,-2,-122
1767173658.288238,-2,-1,-117
1767173658.298238,-2,0,-111
1767173658.3082385,-3,0,-108
1767173658.3182385,-2,-3,-113
1767173658.3282382,-1,-6,-109
1767173658.3382382,-3,-9,-117
1767173658.3482382,-3,-11,-126
1767173658.3582382,-2,-9,-125
1767173658.3682382,-1,-7,-126
1767173658.3782382,0,-7,-124
1767173658.3882382,-1,-12,-117
1767173658.3982382,0,-13,-116
1767173658.4082382,2,-8,-113
1767173658.4182382,2,-2,-122
1767173658.4282382,4,-2,-122
1767173658.438238,3,-1,-119
1767173658.448238,2,0,-116
1767173658.458238,4,-3,-118
1767173658.468238,7,-4,-118
1767173658.478238,8,-2,-116
1767173658.488238,6,-2,-117
1767173658.498238,0,0,-114
1767173658.508238,0,0,-111
1767173658.518238,3,-2,-112
1767173658.528238,5,-4,-121
1767173658.538238,3,-2,-116
1767173658.548238,3,-5,-116
1767173658.5582385,4,-3,-110
1767173658.5682385,3,-3,-121
1767173658.5782382,0,2,-128
1767173658.5882382,-4,2,-131
1767173658.5982382,-1,-1,-132
1767173658.6082382,-1,-3,-128
1767173658.6182382,0,0,-124
1767173658.6282382,2,0,-121
1767173658.6382382,2,2,-120
1767173658.6482382,-1,5,-118
1767173658.6582382,-4,0,-122
1767173658.6682382,-5,-2,-115
1767173658.6782382,-9,-6,-116
1767173658.688238,-5,-7,-117
1767173658.698238,-4,-1,-120
1767173658.708238,-6,1,-122
1767173658.718238,-1,-1,-121
1767173658.728238,-1,2,-125
1767173658.738238,-3,-4,-131
1767173658.748238,0,-5,-128
1767173658.758238,-5,0,-126
1767173658.768238,-8,1,-125
1767173658.778238,-7,0,-129
1767173658.788238,-7,-2,-131
1767173658.798238,-4,-6,-131
1767173658.8082385,-4,-3,-130
1767173658.8182385,-2,0,-128
1767173658.8282382,-5,0,-122
1767173658.8382382,-6,-1,-121
1767173658.8482382,-5,-3,-116
1767173658.8582382,-1,-3,-113
1767173658.8682382,-2,-1,-117
1767173658.8782382,-1,-1,-122
1767173658.8882382,-2,0,-121
1767173658.8982382,0,0,-125
1767173658.9082382,0,-4,-121
1767173658.9182382,-1,-5,-113
1767173658.9282382,-2,-6,-112
1767173658.938238,-6,-2,-121
1767173658.949238,-5,-2,-119
1767173658.958238,-4,-2,-122
1767173658.969238,-3,0,-127
1767173658.9792385,-3,-8,-133
1767173658.9892385,-2,-5,-134
1767173658.9992385,0,-2,-135
1767173659.0092382,7,0,-134
1767173659.0192382,7,1,-128
1767173659.0292382,4,5,-124
1767173659.0392382,0,1,-125
1767173659.0492382,3,1,-129
1767173659.0592382,5,-3,-129
1767173659.0692382,7,-2,-127
1767173659.0792382,4,-8,-120
1767173659.0892382,2,-8,-121
1767173659.0992382,3,-6,-121
1767173659.109238,3,-5,-132
1767173659.119238,4,-7,-133
1767173659.129238,1,-6,-132
1767173659.139238,3,-4,-130
1767173659.149238,2,-1,-130
1767173659.159238,0,-6,-142
1767173659.169238,0,-3,-137
1767173659.179238,-2,-5,-130
1767173659.189238,-2,-5,-126
1767173659.199238,0,-3,-122
1767173659.209238,-5,-6,-129
1767173659.219238,-5,-8,-124
1767173659.2292385,-3,-9,-117
1767173659.2392385,-2,-12,-120
1767173659.2492385,-4,-9,-121
1767173659.2592382,-5,-6,-117
1767173659.2692382,-5,-2,-115
1767173659.2792382,-7,-2,-113
1767173659.2892382,-6,-3,-113
1767173659.2992382,-6,-3,-116
1767173659.3092382,-5,-2,-117
1767173659.3192382,-1,-2,-127
1767173659.3292382,1,-2,-126
1767173659.3392382,6,-2,-132
1767173659.3492382,5,-3,-128
1767173659.359238,9,-2,-131
1767173659.369238,8,-4,-128
1767173659.379238,6,-5,-122
1767173659.389238,5,-4,-123
1767173659.399238,3,-6,-128
1767173659.409238,4,-4,-125
1767173659.419238,2,-2,-126
1767173659.429238,4,-2,-130
1767173659.439238,6,-1,-130
1767173659.449238,6,-1,-126
1767173659.459238,5,-3,-125
1767173659.469238,6,-2,-129
1767173659.4792385,8,2,-131
1767173659.4892385,10,5,-128
1767173659.4992385,6,9,-135
1767173659.5092382,1,5,-134
1767173659.5192382,-2,5,-133
1767173659.5292382,-1,6,-130
1767173659.5392382,1,4,-128
1767173659.5492382,1,0,-130
1767173659.5592382,0,-1,-129
1767173659.5692382,-4,0,-129
1767173659.5792382,-6,-2,-131
1767173659.5892382,-1,-5,-139
1767173659.5992382,2,-2,-130
1767173659.609238,0,-1,-131
1767173659.619238,-1,-2,-126
1767173659.629238,-3,-6,-125
1767173659.639238,0,-3,-123
1767173659.649238,-1,-4,-125
1767173659.659238,0,-3,-123
1767173659.669238,-1,-4,-123
1767173659.679238,-2,-5,-127
1767173659.689238,-4,-1,-122
1767173659.699238,-3,-2,-122
1767173659.709238,-3,-5,-124
1767173659.719238,0,-1,-129
1767173659.7292385,1,0,-127
1767173659.7392385,1,0,-132
1767173659.7492385,-2,2,-132
1767173659.7592382,-1,1,-130
1767173659.7692382,1,0,-127
1767173659.7792382,-1,-4,-123
1767173659.7892382,-7,-2,-121
1767173659.7992382,-3,2,-122
1767173659.8092382,-4,2,-125
1767173659.8192382,-3,0,-126
1767173659.8292382,-4,-1,-126
1767173659.8392382,-6,-3,-123
1767173659.8492382,-4,-1,-125
1767173659.859238,-3,-2,-122
1767173659.869238,2,-3,-121
1767173659.879238,0,-2,-122
1767173659.889238,-5,0,-122
1767173659.899238,-2,0,-118
1767173659.909238,1,-1,-122
1767173659.919238,1,-2,-122
1767173659.929238,-2,0,-124
1767173659.939238,-2,-4,-130
1767173659.949238,0,-5,-131
1767173659.959238,-2,-6,-130
1767173659.969238,-2,-5,-133
1767173659.9792385,0,-5,-128
1767173659.9892385,0,-6,-131
1767173659.9992385,-1,-6,-128
1767173660.0092382,-2,-6,-134
1767173660.0192382,1,-9,-136
1767173660.0292382,4,-8,-135
1767173660.0392382,0,-4,-136
1767173660.0492382,0,-5,-131
1767173660.0592382,6,-5,-128
1767173660.0692382,4,-7,-130
1767173660.0792382,-1,-9,-125
1767173660.0892382,-4,-5,-123
1767173660.0992382,-7,-1,-125
1767173660.109238,-6,-4,-124
1767173660.119238,-2,-5,-123
1767173660.129238,-1,-4,-124
1767173660.139238,-1,-5,-130
1767173660.149238,0,-4,-134
1767173660.159238,-2,-4,-133
1767173660.169238,2,-3,-134
1767173660.179238,1,-1,-129
1767173660.189238,4,-1,-127
1767173660.199238,2,0,-127
1767173660.209238,0,0,-124
1767173660.219238,2,-1,-120
1767173660.2292385,1,-3,-126
1767173660.2392385,-1,-6,-130
1767173660.2492385,0,-7,-133
1767173660.2592382,-2,-8,-129
1767173660.2692382,0,-8,-127
1767173660.2792382,2,-7,-123
1767173660.2892382,2,-8,-124
1767173660.2992382,4,-5,-126
1767173660.3092382,2,-5,-121
1767173660.3192382,1,-3,-124
1767173660.3292382,3,-4,-132
1767173660.3392382,2,0,-133
1767173660.3492382,4,3,-130
1767173660.359238,2,3,-128
1767173660.369238,0,-2,-127
1767173660.379238,3,-3,-125
1767173660.389238,0,-2,-123
1767173660.399238,2,0,-117
1767173660.409238,0,1,-125
1767173660.419238,0,-2,-123
1767173660.429238,-2,-2,-122
1767173660.439238,-4,0,-124
1767173660.449238,0,-2,-130
1767173660.459238,2,-1,-135
1767173660.469238,0,0,-133
1767173660.4792385,-3,0,-137
1767173660.4892385,-2,0,-129
1767173660.4992385,-1,0,-130
1767173660.5092382,1,-3,-130
1767173660.5192382,5,0,-132
1767173660.5292382,2,-2,-139
1767173660.5392382,0,-3,-138
1767173660.5492382,0,0,-128
1767173660.5592382,-1,2,-123
1767173660.5692382,-3,3,-120
1767173660.5792382,0,3,-128
1767173660.5892382,3,-1,-133
1767173660.5992382,1,-1,-139
1767173660.609238,3,1,-132
1767173660.619238,0,-1,-131
1767173660.629238,3,-5,-131
1767173660.639238,3,-5,-135
1767173660.649238,6,-4,-136
1767173660.659238,9,-3,-132
1767173660.669238,6,1,-128
1767173660.679238,1,1,-132
1767173660.689238,2,1,-136
1767173660.699238,3,4,-134
1767173660.709238,4,3,-128
1767173660.719238,7,0,-127
1767173660.7292385,6,-1,-124
1767173660.7392385,7,1,-120
1767173660.7492385,10,2,-115
1767173660.7592382,6,4,-120
1767173660.7692382,8,5,-121
1767173660.7792382,5,4,-125
1767173660.7892382,6,1,-124
1767173660.7992382,4,0,-115
1767173660.8092382,-1,-1,-117
1767173660.8192382,0,-2,-121
1767173660.8292382,0,-3,-121
1767173660.8392382,0,-1,-122
1767173660.8492382,2,-1,-127
1767173660.859238,5,-1,-128
1767173660.869238,7,0,-124
1767173660.879238,5,-7,-122
1767173660.889238,0,-8,-133
1767173660.899238,0,-6,-125
1767173660.909238,0,-4,-133
1767173660.919238,-1,-4,-130
1767173660.929238,-3,-5,-130
1767173660.939238,0,-3,-127
1767173660.949238,0,-3,-127
1767173660.959238,4,-4,-128
1767173660.969238,4,0,-129
1767173660.9792385,-2,0,-128
1767173660.9892385,-2,2,-125
1767173660.9992385,-3,0,-122
1767173661.0092382,-7,-2,-126
1767173661.0192382,-7,-5,-131
1767173661.0292382,-3,-7,-129
1767173661.0392382,-1,-6,-133
1767173661.0492382,1,-7,-129
1767173661.0592382,5,-6,-131
1767173661.0692382,5,-2,-126
1767173661.0792382,1,-3,-125
1767173661.0892382,-1,-5,-130
1767173661.0992382,1,-6,-127
1767173661.109238,2,-3,-132
1767173661.119238,2,-6,-132
1767173661.129238,3,-6,-126
1767173661.139238,-1,-4,-121
1767173661.149238,-2,-1,-126
1767173661.159238,-5,0,-119
1767173661.169238,-1,1,-117
1767173661.179238,4,3,-121
1767173661.189238,6,5,-126
1767173661.199238,3,-1,-125
1767173661.209238,0,-3,-128
1767173661.219238,0,-4,-122
1767173661.2292385,3,-2,-121
1767173661.2392385,0,2,-117
1767173661.2492385,3,4,-121
1767173661.2592382,3,6,-129
1767173661.2692382,2,5,-129
1767173661.2792382,1,3,-131
1767173661.2892382,0,3,-131
1767173661.2992382,-4,5,-131
1767173661.3092382,-4,4,-124
1767173661.3192382,-4,3,-123
1767173661.340238,-7,0,-120
1767173661.3492382,-7,4,-121
1767173661.359238,-5,5,-120
1767173661.369238,-2,4,-116
1767173661.379238,-2,3,-116
1767173661.389238,0,1,-114
1767173661.399238,2,-4,-115
1767173661.409238,1,0,-116
1767173661.419238,4,-1,-118
1767173661.429238,6,-2,-115
1767173661.439238,5,-3,-111
1767173661.449238,8,-3,-112
1767173661.459238,6,-2,-116
1767173661.469238,9,-1,-122
1767173661.4792385,6,-1,-120
1767173661.4892385,3,-2,-119
1767173661.4992385,5,-1,-123
1767173661.5092382,5,0,-130
1767173661.5192382,5,0,-132
1767173661.5292382,3,2,-131
1767173661.5392382,3,5,-132
1767173661.5492382,1,3,-134
1767173661.5592382,3,0,-133
1767173661.570238,0,-1,-127
1767173661.5792382,0,-2,-124
1767173661.5892382,2,0,-123
1767173661.600238,1,1,-131
1767173661.610238,2,0,-132
1767173661.620238,1,0,-132
1767173661.630238,-1,0,-128
1767173661.640238,-4,1,-126
1767173661.650238,0,0,-126
1767173661.6602385,2,0,-131
1767173661.6702385,3,0,-133
1767173661.6802382,7,2,-132
1767173661.6902382,6,-1,-133
1767173661.7002382,5,0,-138
1767173661.7102382,6,0,-138
1767173661.7202382,10,0,-134
1767173661.7302382,7,0,-138
1767173661.7402382,2,-4,-140
1767173661.7502382,4,-6,-135
1767173661.7602382,0,-7,-127
1767173661.7702382,0,-6,-129
1767173661.7802382,-1,-11,-135
1767173661.790238,0,-11,-135
1767173661.801238,-4,-8,-133
1767173661.810238,2,-5,-132
1767173661.820238,-1,-6,-131
1767173661.830238,0,-8,-129
1767173661.840238,0,-9,-124
1767173661.850238,6,-7,-131
1767173661.860238,6,-7,-131
1767173661.870238,1,-5,-134
1767173661.880238,3,-5,-130
1767173661.890238,8,-1,-123
1767173661.900238,11,-3,-123
1767173661.9102385,10,-6,-123
1767173661.9202385,7,-4,-122
1767173661.9302382,3,-3,-118
1767173661.9402382,2,-2,-119
1767173661.9502382,5,-3,-116
1767173661.9602382,6,-2,-117
1767173661.9702382,7,-2,-113
1767173661.9802382,2,-3,-115
1767173661.9902382,0,-1,-115
1767173662.0002382,0,-3,-118
1767173662.0102382,-4,-3,-116
1767173662.0202382,-2,-4,-121
1767173662.0302382,0,-5,-126
1767173662.040238,-3,-7,-126
1767173662.050238,-5,-2,-127
1767173662.060238,-9,-1,-123
1767173662.070238,-8,1,-123
1767173662.080238,-5,4,-122
1767173662.090238,-5,-1,-124
1767173662.100238,-5,-2,-126
1767173662.110238,-7,0,-131
1767173662.120238,-2,-2,-131
1767173662.130238,-6,-5,-133
1767173662.140238,-5,-7,-131
1767173662.150238,-4,-7,-129
1767173662.1602385,0,-8,-134
1767173662.1702385,0,-5,-139
1767173662.1802382,1,-7,-140
1767173662.1902382,0,-6,-145
1767173662.2002382,-1,-2,-149
1767173662.2102382,-1,0,-145
1767173662.2202382,0,1,-148
1767173662.2302382,0,1,-146
1767173662.2402382,-1,-3,-134
1767173662.2502382,-3,-1,-135
1767173662.2602382,0,0,-130
1767173662.2702382,1,1,-122
1767173662.2802382,0,2,-115
1767173662.290238,1,-2,-111
1767173662.300238,0,-5,-120
1767173662.310238,6,0,-118
1767173662.320238,7,4,-120
1767173662.330238,8,1,-120
1767173662.340238,3,4,-120
1767173662.350238,0,1,-126
1767173662.360238,-2,-2,-129
1767173662.370238,0,-5,-128
1767173662.380238,-3,-2,-128
1767173662.390238,-1,-3,-138
1767173662.400238,-6,-6,-132
1767173662.4102385,-5,-5,-124
1767173662.4202385,-3,1,-118
1767173662.4302382,-1,2,-125
1767173662.4402382,-2,0,-127
1767173662.4502382,-1,4,-127
1767173662.4602382,1,3,-125
1767173662.4702382,3,2,-124
1767173662.4802382,3,3,-123
1767173662.4902382,1,3,-126
1767173662.5002382,-5,1,-118
1767173662.5102382,-7,-1,-115
1767173662.5202382,-3,2,-119
1767173662.5302382,0,2,-124
1767173662.540238,1,2,-127
1767173662.550238,5,0,-120
1767173662.560238,2,-2,-123
1767173662.570238,5,3,-127
1767173662.580238,6,3,-127
1767173662.590238,4,2,-128
1767173662.600238,0,2,-127
1767173662.610238,-3,-1,-129
1767173662.620238,0,-1,-129
1767173662.630238,3,-1,-133
1767173662.640238,3,-1,-126
1767173662.650238,3,2,-125
1767173662.6602385,2,-1,-132
1767173662.6702385,0,-7,-132
1767173662.6802382,0,-3,-133
1767173662.6902382,1,-3,-134
1767173662.7002382,0,-2,-130
1767173662.7102382,-1,-2,-137
1767173662.7202382,0,0,-137
1767173662.7302382,0,-1,-134
1767173662.7402382,3,-2,-130
1767173662.7502382,4,-5,-126
1767173662.7602382,7,-5,-126
1767173662.7702382,2,-6,-122
1767173662.7802382,0,-6,-122
1767173662.790238,0,-11,-127
1767173662.800238,-1,-13,-131
1767173662.810238,-1,-14,-132
1767173662.820238,-3,-14,-126
1767173662.830238,0,-11,-127
1767173662.840238,0,-7,-117
1767173662.850238,-1,-5,-120
1767173662.860238,-3,0,-127
1767173662.870238,-4,-2,-130
1767173662.880238,-2,-5,-131
1767173662.890238,-3,0,-128
1767173662.900238,0,-1,-130
1767173662.9102385,-1,-1,-134
1767173662.9202385,2,-1,-130
1767173662.9302382,1,1,-127
1767173662.9402382,0,-3,-127
1767173662.9502382,-1,-6,-129
1767173662.9602382,-1,-6,-129
1767173662.9702382,0,-6,-122
1767173662.9802382,2,-5,-120
1767173662.9902382,3,-6,-122
1767173663.0002382,1,-5,-127
1767173663.0102382,2,-7,-127
1767173663.0202382,0,-6,-123
1767173663.0302382,6,-4,-124
1767173663.040238,5,-3,-125
1767173663.050238,10,0,-123
1767173663.060238,9,-3,-131
1767173663.070238,8,-4,-127
1767173663.080238,1,-3,-131
1767173663.090238,-2,-9,-130
1767173663.100238,1,-2,-129
1767173663.110238,-1,-3,-129
1767173663.120238,3,-7,-128
1767173663.130238,-3,-7,-133
1767173663.140238,0,-5,-125
1767173663.150238,1,-2,-125
1767173663.1602385,1,-5,-130
1767173663.1702385,0,-4,-129
1767173663.1802382,3,-5,-134
1767173663.1902382,2,-7,-136
1767173663.2002382,3,-4,-137
1767173663.2102382,5,0,-139
1767173663.2202382,10,-1,-133
1767173663.2302382,11,0,-132
1767173663.2402382,4,-4,-130
1767173663.2502382,1,-4,-130
1767173663.2602382,-3,-2,-122
1767173663.2702382,-1,0,-128
1767173663.2802382,1,-5,-122
1767173663.290238,5,-5,-121
1767173663.300238,1,-7,-122
1767173663.310238,0,-4,-119
1767173663.320238,0,0,-119
1767173663.330238,-2,-2,-121
1767173663.340238,0,-4,-125
1767173663.350238,1,-6,-122
1767173663.360238,-1,-4,-122
1767173663.370238,-1,-1,-128
1767173663.380238,-2,0,-124
1767173663.390238,-7,-4,-131
1767173663.400238,-7,0,-129
1767173663.4102385,-4,0,-129
1767173663.4202385,-1,0,-128
1767173663.4302382,-3,-2,-125
1767173663.4402382,0,-7,-125
1767173663.4502382,-1,-8,-124
1767173663.4602382,-2,-5,-122
1767173663.4702382,-6,-5,-120
1767173663.4802382,-5,-5,-123
1767173663.4902382,-5,-4,-125
1767173663.5002382,-3,-3,-120
1767173663.5102382,-2,-4,-119
1767173663.5202382,2,-3,-117
1767173663.5302382,3,-1,-120
1767173663.540238,3,-2,-119
1767173663.550238,1,-5,-122
1767173663.560238,-4,-6,-122
1767173663.570238,-3,-4,-124
1767173663.580238,2,-4,-130
1767173663.590238,0,-1,-129
1767173663.600238,-1,-1,-124
1767173663.610238,-2,-1,-125
1767173663.620238,0,-4,-122
1767173663.630238,1,-6,-122
1767173663.640238,2,-4,-128
1767173663.650238,-1,-5,-126
1767173663.6602385,-2,-5,-130
1767173663.6702385,-1,-2,-127
1767173663.6802382,-3,-1,-124
1767173663.6902382,0,-5,-125
1767173663.7002382,0,-9,-128
1767173663.7102382,2,-4,-128
1767173663.7202382,0,-3,-131
1767173663.7302382,0,-3,-124
1767173663.7402382,0,0,-124
1767173663.7502382,0,0,-129
1767173663.7602382,0,-2,-134
1767173663.7702382,-1,-4,-135
1767173663.7802382,-8,-4,-136
1767173663.790238,-7,0,-135
1767173663.800238,1,4,-132
1767173663.810238,3,3,-123
1767173663.820238,2,1,-122
1767173663.830238,3,0,-122
1767173663.840238,-3,3,-126
1767173663.850238,0,6,-128
1767173663.860238,1,4,-121
1767173663.870238,0,0,-118
1767173663.880238,0,0,-120
1767173663.890238,2,-1,-124
1767173663.900238,0,-1,-128
1767173663.9102385,0,0,-134
1767173663.9202385,1,-3,-133
1767173663.9302382,3,-1,-134
1767173663.9402382,2,-2,-130
1767173663.9502382,-2,0,-126
1767173663.9602382,0,0,-131
1767173663.9702382,-3,-1,-119
1767173663.9802382,-2,-1,-118
1767173663.9902382,-2,1,-119
1767173664.0002382,-2,3,-117
1767173664.0102382,-4,3,-122
1767173664.0202382,-6,3,-115
1767173664.0302382,-5,1,-122
1767173664.040238,-5,2,-120
1767173664.050238,-1,0,-117
1767173664.060238,3,-5,-119
1767173664.070238,1,-6,-121
1767173664.080238,1,-6,-120
1767173664.090238,0,-8,-118
1767173664.100238,-3,-10,-115
1767173664.110238,-3,-8,-116
1767173664.120238,-8,-4,-122
1767173664.130238,-12,-6,-128
1767173664.140238,-8,-9,-126
1767173664.150238,-1,-9,-125
1767173664.1602385,0,-5,-124
1767173664.1712382,-1,-5,-121
1767173664.1812382,-2,-1,-127
1767173664.1902382,-1,0,-125
1767173664.2002382,0,-3,-123
1767173664.2102382,5,-6,-119
1767173664.221238,0,-8,-120
1767173664.2302382,3,-8,-126
1767173664.241238,0,-2,-125
1767173664.251238,-5,-1,-123
1767173664.261238,0,-2,-120
1767173664.271238,0,0,-119
1767173664.281238,0,1,-124
1767173664.291238,-1,6,-124
1767173664.301238,-3,1,-121
1767173664.311238,0,-1,-129
1767173664.321238,0,-1,-123
1767173664.3312385,-2,-1,-128
1767173664.3412385,-4,1,-131
1767173664.3512385,-8,4,-132
1767173664.3612382,-9,3,-129
1767173664.3712382,-6,-2,-131
1767173664.3812382,-6,-1,-126
1767173664.3912382,-5,1,-126
1767173664.4012382,-6,-1,-133
1767173664.4112382,-5,0,-133
1767173664.4212382,-4,-1,-133
1767173664.4312382,-5,-1,-135
1767173664.4412382,-6,-2,-139
1767173664.4512382,-3,-1,-147
1767173664.461238,3,-4,-143
1767173664.471238,4,-1,-140
1767173664.481238,4,-1,-134
1767173664.491238,7,-4,-132
1767173664.501238,7,-3,-133
1767173664.511238,-1,-3,-128
1767173664.521238,0,-1,-131
1767173664.531238,5,0,-128
1767173664.541238,4,0,-130
1767173664.551238,4,-1,-130
1767173664.561238,4,-1,-132
1767173664.571238,0,-3,-133
1767173664.5812385,0,-9,-132
1767173664.5912385,1,-9,-123
1767173664.6012385,1,-7,-124
1767173664.6112382,0,-4,-131
1767173664.6212382,1,-3,-132
1767173664.6312382,0,-1,-135
1767173664.6412382,-1,-1,-135
1767173664.6512382,-3,-2,-133
1767173664.6612382,-4,-5,-130
1767173664.6712382,-8,-3,-125
1767173664.6812382,-6,-1,-122
1767173664.6912382,-6,-1,-118
1767173664.7012382,-11,3,-121
1767173664.711238,-12,3,-127
1767173664.721238,-8,2,-127
1767173664.731238,-7,0,-126
1767173664.741238,-2,-5,-126
1767173664.751238,-1,-6,-124
1767173664.761238,-2,-3,-125
1767173664.771238,-1,0,-131
1767173664.781238,0,-1,-124
1767173664.791238,0,-4,-122
1767173664.801238,1,-8,-124
1767173664.811238,3,-8,-125
1767173664.821238,6,-6,-130
1767173664.8312385,7,-4,-121
1767173664.8412385,6,-3,-124
1767173664.8512385,6,0,-124
1767173664.8612382,5,-5,-120
1767173664.8712382,4,-6,-130
1767173664.8812382,0,-8,-130
1767173664.8912382,3,-8,-133
1767173664.9012382,7,-6,-137
1767173664.9112382,2,-5,-139
1767173664.9212382,-1,-3,-131
1767173664.9312382,-2,-2,-131
1767173664.9412382,4,0,-129
1767173664.9512382,5,-1,-126
1767173664.961238,3,-1,-130
1767173664.971238,2,-2,-131
1767173664.981238,-1,-4,-129
1767173664.991238,0,2,-129
1767173665.001238,-3,0,-126
1767173665.011238,-3,0,-127
1767173665.021238,1,0,-123
1767173665.031238,4,1,-126
1767173665.041238,5,0,-123
1767173665.051238,0,0,-126
1767173665.061238,3,-2,-123
1767173665.071238,1,-4,-124
1767173665.0812385,1,-2,-123
1767173665.0912385,-2,-3,-125
1767173665.1012385,-3,-3,-124
1767173665.1112382,-1,0,-124
1767173665.1212382,0,0,-126
1767173665.1312382,0,0,-124
1767173665.1412382,1,0,-123
1767173665.1512382,2,3,-123
1767173665.1612382,0,4,-115
1767173665.1712382,-4,3,-119
1767173665.1812382,-5,1,-126
1767173665.1912382,-5,0,-126
1767173665.2012382,-6,2,-119
1767173665.211238,-4,5,-119
1767173665.221238,0,2,-125
1767173665.231238,0,2,-131
1767173665.241238,-2,-1,-138
1767173665.251238,0,-3,-143
1767173665.261238,-1,-2,-139
1767173665.271238,-1,-1,-133
1767173665.281238,-2,2,-119
1767173665.291238,-2,2,-122
1767173665.301238,-2,-2,-128
1767173665.311238,-1,0,-121
1767173665.321238,-2,-1,-125
1767173665.3312385,4,0,-130
1767173665.3412385,2,-2,-129
1767173665.3512385,1,-1,-133
1767173665.3612382,2,-1,-132
1767173665.3712382,1,-2,-131
1767173665.3812382,0,0,-127
1767173665.3912382,0,-2,-125
1767173665.4012382,3,-2,-119
1767173665.4112382,-2,0,-116
1767173665.4212382,-4,-5,-115
1767173665.4312382,-5,-5,-117
1767173665.4412382,-1,-3,-113
1767173665.4512382,0,0,-112
1767173665.461238,-2,-1,-116
1767173665.471238,0,0,-122
1767173665.481238,1,-2,-125
1767173665.491238,-2,-6,-128
1767173665.501238,-2,-5,-123
1767173665.511238,-3,-3,-124
1767173665.521238,0,-1,-122
1767173665.531238,0,0,-121
1767173665.541238,0,2,-124
1767173665.551238,0,0,-124
1767173665.561238,0,2,-124
1767173665.571238,-1,3,-128
1767173665.5812385,2,1,-130
1767173665.5912385,2,5,-126
1767173665.6012385,-1,0,-120
1767173665.6112382,-2,0,-115
1767173665.6212382,0,-1,-117
1767173665.6312382,-1,1,-116
1767173665.6412382,-3,3,-115
1767173665.6512382,-6,4,-118
1767173665.6612382,-6,2,-121
1767173665.6712382,-3,1,-117
1767173665.6812382,-4,-3,-119
1767173665.6912382,0,-7,-121
1767173665.7012382,0,-6,-123
1767173665.711238,-1,-6,-126
1767173665.721238,0,-6,-123
1767173665.731238,-3,-7,-117
1767173665.741238,-3,-9,-117
1767173665.751238,0,-7,-114
1767173665.761238,3,-2,-117
1767173665.771238,4,-1,-118
1767173665.781238,7,0,-119
1767173665.791238,7,3,-125
1767173665.801238,9,1,-126
1767173665.811238,11,-1,-123
1767173665.821238,10,0,-129
1767173665.8312385,4,0,-131
1767173665.8412385,0,0,-134
1767173665.8512385,0,0,-131
1767173665.8612382,0,0,-142
1767173665.8712382,0,-1,-147
1767173665.8812382,2,4,-146
1767173665.8912382,0,2,-139
1767173665.9012382,-4,-5,-132
1767173665.9112382,-1,-4,-126
1767173665.9212382,-5,-4,-131
1767173665.9312382,-7,-2,-128
1767173665.9412382,-7,-2,-129
1767173665.9512382,-4,-4,-132
1767173665.961238,-1,-4,-133
1767173665.971238,-3,0,-129
1767173665.981238,-4,0,-125
1767173665.991238,-6,2,-126
1767173666.001238,0,-1,-120
1767173666.011238,-6,-2,-128
1767173666.021238,-6,-3,-133
1767173666.031238,-1,-6,-127
1767173666.041238,-2,-7,-127
1767173666.051238,-6,-6,-127
1767173666.061238,-2,-5,-131
1767173666.071238,4,-8,-127
1767173666.0812385,2,-4,-128
1767173666.0912385,5,-6,-129
1767173666.1012385,3,-4,-125
1767173666.1112382,2,-2,-129
1767173666.1212382,1,0,-131
1767173666.1312382,0,-1,-126
1767173666.1412382,-5,0,-123
1767173666.1512382,-5,4,-123
1767173666.1612382,-7,7,-128
1767173666.1712382,-6,9,-130
1767173666.1812382,-1,6,-132
1767173666.1912382,1,0,-134
1767173666.2012382,0,-4,-133
1767173666.211238,-1,-5,-140
1767173666.221238,-7,-8,-142
1767173666.231238,-4,-5,-134
1767173666.241238,-2,-5,-128
1767173666.251238,0,-2,-122
1767173666.261238,3,-1,-127
1767173666.271238,5,-3,-126
1767173666.281238,8,-2,-124
1767173666.291238,7,0,-127
1767173666.301238,7,0,-126
1767173666.311238,3,0,-125
1767173666.321238,0,0,-120
1767173666.3312385,0,2,-119
1767173666.3522382,0,3,-121
1767173666.3612382,-4,4,-116
1767173666.3712382,-2,5,-116
1767173666.3812382,-2,1,-123
1767173666.3912382,-2,-1,-124
1767173666.4012382,-1,-2,-121
1767173666.4112382,-3,-4,-127
1767173666.4212382,-6,-3,-131
1767173666.4312382,-12,-3,-135
1767173666.4412382,-8,-4,-142
1767173666.4512382,-10,-3,-136
1767173666.461238,-8,0,-136
1767173666.471238,-1,-4,-130
1767173666.481238,-5,-6,-132
1767173666.491238,-6,-9,-138
1767173666.501238,-6,-6,-136
1767173666.511238,-6,-6,-136
1767173666.521238,-2,-6,-136
1767173666.531238,-6,-2,-134
1767173666.541238,-6,-2,-127
1767173666.551238,-8,0,-127
1767173666.561238,-10,-2,-124
1767173666.571238,-5,-1,-122
1767173666.5812385,-1,3,-112
1767173666.5912385,-1,4,-116
1767173666.6012385,-3,6,-110
1767173666.6112382,-1,6,-115
1767173666.6212382,-2,4,-126
1767173666.6312382,-4,3,-125
1767173666.6412382,-4,0,-133
1767173666.6512382,-1,-4,-126
1767173666.6612382,-3,-7,-126
1767173666.6712382,-1,-7,-129
1767173666.6812382,2,-9,-130
1767173666.6912382,0,-3,-130
1767173666.7012382,-1,-4,-130
1767173666.711238,-2,-6,-127
1767173666.721238,-2,-4,-123
1767173666.731238,-3,-4,-123
1767173666.741238,-3,-6,-122
1767173666.751238,0,-3,-123
1767173666.761238,1,-1,-113
1767173666.771238,-1,0,-114
1767173666.781238,-2,3,-111
1767173666.791238,-3,5,-111
1767173666.801238,-7,6,-115
1767173666.811238,0,4,-120
1767173666.821238,-1,1,-121
1767173666.8312385,0,0,-125
1767173666.8422382,0,1,-130
1767173666.8512385,-3,-1,-123
1767173666.8622382,0,-6,-125
1767173666.8722382,4,-6,-121
1767173666.882238,7,-6,-119
1767173666.892238,9,-6,-123
1767173666.902238,7,-5,-123
1767173666.912238,5,-8,-118
1767173666.922238,5,-7,-117
1767173666.932238,0,-8,-122
1767173666.942238,0,-7,-121
1767173666.952238,-3,-3,-127
1767173666.962238,0,-7,-132
1767173666.972238,5,-3,-139
1767173666.982238,1,-4,-144
1767173666.992238,-4,-3,-142
1767173667.002238,-3,-2,-139
1767173667.0122385,0,0,-140
1767173667.0222385,0,1,-132
1767173667.0322382,0,-2,-131
1767173667.0422382,-2,-2,-131
1767173667.0522382,0,-8,-124
1767173667.0622382,-3,-9,-123
1767173667.0722382,2,-5,-123
1767173667.0822382,3,-4,-123
1767173667.0922382,2,-1,-127
1767173667.1022382,0,-3,-126
1767173667.1122382,-2,-3,-126
1767173667.1222382,-2,-2,-123
1767173667.132238,0,-1,-123
1767173667.142238,0,-1,-117
1767173667.152238,-2,-2,-126
1767173667.162238,-1,-2,-124
1767173667.172238,2,1,-121
1767173667.182238,-3,0,-123
1767173667.192238,2,-4,-123
1767173667.202238,1,-2,-128
1767173667.212238,2,-1,-129
1767173667.222238,8,0,-129
1767173667.232238,7,1,-125
1767173667.242238,1,0,-125
1767173667.252238,3,-2,-123
1767173667.2622385,-2,-3,-121
1767173667.2722385,0,-7,-120
1767173667.2822382,0,-7,-124
1767173667.2922382,-1,-6,-127
1767173667.3022382,-6,-6,-123
1767173667.3122382,-3,-8,-128
1767173667.3222382,0,-1,-128
1767173667.3322382,2,0,-124
1767173667.3422382,0,-2,-125
1767173667.3522382,1,0,-127
1767173667.3622382,3,-4,-129
1767173667.3722382,2,-4,-129
1767173667.382238,-1,-4,-130
1767173667.392238,0,-9,-128
1767173667.402238,2,-5,-121
1767173667.412238,2,-8,-122
1767173667.422238,4,-6,-123
1767173667.432238,5,-6,-127
1767173667.442238,6,-10,-130
1767173667.452238,4,-7,-127
1767173667.462238,-3,-6,-123
1767173667.472238,-3,-5,-118
1767173667.482238,-4,-6,-125
1767173667.492238,-1,-6,-123
1767173667.502238,0,-5,-129
1767173667.5122385,0,-3,-125
1767173667.5222385,0,-3,-129
1767173667.5322382,0,-6,-129
1767173667.5422382,0,-6,-132
1767173667.5522382,1,0,-133
1767173667.5622382,1,1,-128
1767173667.5722382,1,0,-129
1767173667.5822382,-5,2,-125
1767173667.5922382,-6,1,-123
1767173667.6022382,-11,0,-127
1767173667.6122382,-9,2,-126
1767173667.6222382,-2,2,-133
1767173667.632238,-4,4,-134
1767173667.642238,-1,5,-140
1767173667.652238,-1,3,-137
1767173667.662238,0,-2,-130
1767173667.672238,3,-3,-122
1767173667.682238,0,0,-130
1767173667.692238,-2,-1,-129
1767173667.702238,0,-3,-124
1767173667.712238,-5,-3,-120
1767173667.722238,0,0,-124
1767173667.732238,0,-1,-125
1767173667.742238,0,-2,-121
1767173667.752238,1,-1,-124
1767173667.7622385,0,-1,-123
1767173667.7722385,0,-4,-119
1767173667.7822382,-3,-7,-125
1767173667.7922382,-3,-8,-123
1767173667.8022382,-3,-5,-125
1767173667.8122382,-4,-3,-120
1767173667.8222382,-2,-2,-120
1767173667.8322382,-9,0,-119
1767173667.8422382,-9,0,-123
1767173667.8522382,-10,1,-123
1767173667.8622382,-4,-1,-125
1767173667.8722382,-3,-2,-127
1767173667.882238,-5,0,-124
1767173667.892238,-7,4,-125
1767173667.902238,-6,2,-128
1767173667.912238,-5,2,-130
1767173667.922238,-3,2,-135
1767173667.932238,0,2,-132
1767173667.942238,-2,5,-130
1767173667.952238,-4,5,-127
1767173667.962238,-7,3,-122
1767173667.972238,-4,0,-122
1767173667.982238,-3,-3,-129
1767173667.992238,-3,-3,-130
1767173668.002238,-5,-3,-134
1767173668.0122385,-5,-2,-128
1767173668.0222385,-4,-1,-125
1767173668.0322382,-1,0,-123
1767173668.0422382,3,-1,-123
1767173668.0522382,5,-1,-127
1767173668.0622382,5,2,-127
1767173668.0722382,3,1,-124
1767173668.0822382,3,1,-122
1767173668.0922382,1,0,-121
1767173668.1022382,0,3,-120
1767173668.1122382,5,-1,-115
1767173668.1222382,8,-2,-127
1767173668.132238,3,-2,-129
1767173668.142238,5,-1,-130
1767173668.152238,0,-1,-139
1767173668.162238,-2,0,-135
1767173668.172238,-1,0,-129
1767173668.182238,-5,-2,-137
1767173668.192238,-5,0,-134
1767173668.202238,-5,0,-133
1767173668.212238,-5,2,-124
1767173668.222238,-2,4,-123
1767173668.232238,1,4,-127
1767173668.242238,1,9,-124
1767173668.252238,5,5,-124
1767173668.2622385,5,6,-127
1767173668.2722385,7,7,-128
1767173668.2822382,8,7,-123
1767173668.2922382,2,7,-127
1767173668.3022382,5,4,-131
1767173668.3122382,-2,1,-140
1767173668.3222382,-1,-3,-143
1767173668.3322382,-1,-3,-141
1767173668.3422382,3,0,-143
1767173668.3522382,5,-4,-147
1767173668.3622382,1,-6,-145
1767173668.3722382,0,-3,-141
1767173668.382238,-1,-3,-142
1767173668.392238,0,-1,-137
1767173668.402238,1,-1,-132
1767173668.412238,4,-3,-130
1767173668.422238,4,-2,-132
1767173668.432238,3,-3,-131
1767173668.442238,2,-2,-129
1767173668.452238,1,0,-127
1767173668.462238,0,0,-131
1767173668.472238,-2,-2,-132
1767173668.482238,-2,-8,-132
1767173668.492238,-9,-9,-124
1767173668.502238,-9,-7,-130
1767173668.5122385,-6,-2,-130
1767173668.5222385,-4,-3,-131
1767173668.5322382,0,-2,-129
1767173668.5422382,0,-2,-132
1767173668.5522382,0,0,-124
1767173668.5622382,-1,3,-123
1767173668.5722382,-2,0,-116
1767173668.5822382,-1,-1,-117
1767173668.5922382,0,0,-118
1767173668.6022382,-2,0,-128
1767173668.6122382,-2,-1,-127
1767173668.6222382,0,0,-122
1767173668.632238,0,0,-123
1767173668.642238,-1,-3,-118
1767173668.652238,-2,-4,-121
1767173668.662238,-4,-2,-118
1767173668.672238,-4,0,-114
1767173668.682238,0,1,-123
1767173668.692238,-1,1,-124
1767173668.702238,1,2,-125
1767173668.712238,3,0,-123
1767173668.722238,1,0,-124
1767173668.732238,0,-4,-122
1767173668.742238,1,-4,-120
1767173668.752238,2,-2,-125
1767173668.7622385,0,-2,-120
1767173668.7722385,0,-1,-123
1767173668.7822382,0,-1,-125
1767173668.7922382,4,-2,-122
1767173668.8022382,1,-2,-116
1767173668.8122382,1,-3,-113
1767173668.8222382,1,-2,-116
1767173668.8322382,0,-2,-118
1767173668.8422382,-1,-2,-120
1767173668.8522382,-4,0,-121
1767173668.8622382,-6,-1,-122
1767173668.8722382,-5,-4,-123
1767173668.882238,-6,-5,-128
1767173668.892238,-5,-5,-122
1767173668.902238,-3,-4,-122
1767173668.912238,-5,-6,-118
1767173668.922238,-7,-3,-116
1767173668.932238,-6,-5,-119
1767173668.942238,-4,-5,-128
1767173668.952238,0,-4,-128
1767173668.962238,0,0,-123
1767173668.972238,0,-1,-129
1767173668.982238,4,-3,-135
1767173668.992238,2,-4,-137
1767173669.002238,0,-4,-131
1767173669.0122385,2,-5,-140
1767173669.0222385,3,-6,-128
1767173669.0322382,1,-3,-126
1767173669.0422382,2,-1,-128
1767173669.0522382,2,-3,-122
1767173669.0622382,0,-2,-118
1767173669.0722382,-2,0,-120
1767173669.0822382,1,0,-125
1767173669.0922382,4,2,-127
1767173669.1022382,0,0,-123
1767173669.1122382,3,-3,-128
1767173669.1222382,0,-1,-130
1767173669.132238,-1,-3,-134
1767173669.142238,3,-4,-140
1767173669.152238,5,-9,-139
1767173669.162238,6,-9,-140
1767173669.172238,4,-11,-144
1767173669.182238,4,-10,-137
1767173669.192238,0,-8,-136
1767173669.202238,-7,-5,-130
1767173669.212238,-8,0,-133
1767173669.222238,-7,0,-137
1767173669.232238,-5,1,-131
1767173669.242238,-2,3,-134
1767173669.252238,-3,6,-130
1767173669.2622385,-3,2,-125
1767173669.2722385,0,1,-127
1767173669.2822382,2,2,-124
1767173669.2922382,1,3,-125
1767173669.3022382,2,2,-123
1767173669.3122382,1,1,-122
1767173669.3222382,1,-2,-123
1767173669.3322382,2,-3,-124
1767173669.3422382,0,-4,-121
1767173669.3522382,-4,-6,-117
1767173669.3622382,-5,-4,-116
1767173669.3722382,-3,-5,-124
1767173669.382238,-1,-1,-127
1767173669.392238,1,0,-129
1767173669.402238,5,0,-128
1767173669.412238,6,-3,-131
1767173669.422238,2,-8,-132
1767173669.432238,-2,-4,-132
1767173669.442238,-1,0,-131
1767173669.452238,-3,-2,-136
1767173669.462238,-1,-4,-135
1767173669.4732382,0,-2,-134
1767173669.4832382,4,-4,-133
1767173669.492238,5,-3,-134
1767173669.5032382,0,0,-134
1767173669.5132382,0,0,-125
1767173669.5232382,1,-2,-126
1767173669.5332382,0,-5,-128
1767173669.5432382,-1,-5,-123
1767173669.5532382,-1,-3,-128
1767173669.563238,-4,-2,-126
1767173669.573238,-5,0,-127
1767173669.583238,-5,4,-112
1767173669.593238,-6,8,-118
1767173669.603238,-5,2,-120
1767173669.613238,-2,0,-119
1767173669.623238,-3,3,-120
1767173669.633238,0,0,-124
1767173669.643238,3,0,-123
1767173669.653238,-1,3,-122
1767173669.663238,3,7,-117
1767173669.673238,1,6,-120
1767173669.6832385,-1,4,-126
1767173669.6932385,0,6,-121
1767173669.7032382,-3,1,-122
1767173669.7132382,-7,0,-123
1767173669.7232382,-7,-2,-119
1767173669.7332382,-8,-3,-119
1767173669.7432382,-5,-2,-121
1767173669.7532382,-5,-2,-125
1767173669.7632382,-4,-3,-126
1767173669.7732382,-3,-5,-127
1767173669.7832382,-1,-6,-123
1767173669.7932382,0,-7,-119
1767173669.8032382,1,-9,-121
1767173669.813238,-1,-2,-130
1767173669.823238,0,-2,-134
1767173669.833238,2,0,-131
1767173669.843238,3,-2,-134
1767173669.853238,3,-1,-135
1767173669.863238,6,0,-131
1767173669.873238,6,0,-130
1767173669.883238,4,-3,-130
1767173669.893238,-1,-1,-123
1767173669.903238,-3,-1,-120
1767173669.913238,-1,-3,-117
1767173669.923238,-3,1,-116
1767173669.9332385,0,1,-125
1767173669.9432385,0,-1,-127
1767173669.9532382,0,-2,-126
1767173669.9632382,-3,-2,-123
1767173669.9732382,0,-3,-123
1767173669.9832382,4,-3,-122
1767173669.9932382,4,0,-117
1767173670.0032382,3,1,-122
1767173670.0132382,5,0,-120
1767173670.0232382,0,2,-119
1767173670.0332382,1,2,-123
1767173670.0432382,1,2,-125
1767173670.0532382,-1,5,-125
1767173670.063238,-1,2,-128
1767173670.073238,-5,-2,-124
1767173670.083238,-3,0,-124
1767173670.093238,-6,2,-124
1767173670.103238,-6,3,-131
1767173670.113238,-7,4,-134
1767173670.123238,0,1,-129
1767173670.133238,0,-4,-126
1767173670.143238,-2,-3,-123
1767173670.153238,-3,-1,-119
1767173670.163238,-8,-4,-119
1767173670.173238,-13,-5,-123
1767173670.1832385,-7,-10,-126
1767173670.1932385,-7,-6,-125
1767173670.2032382,-6,-5,-127
1767173670.2132382,-8,-3,-127
1767173670.2232382,-11,-2,-126
1767173670.2332382,-9,-1,-117
1767173670.2432382,-9,-3,-117
1767173670.2532382,-7,-4,-123
1767173670.2632382,-2,0,-118
1767173670.2732382,2,-1,-121
1767173670.2832382,0,0,-121
1767173670.2932382,-1,1,-122
1767173670.3032382,-5,-1,-126
1767173670.313238,-1,0,-123
1767173670.323238,0,-5,-121
1767173670.333238,0,-8,-119
1767173670.343238,-5,-5,-121
1767173670.353238,-6,0,-127
1767173670.363238,-9,-2,-128
1767173670.373238,-11,-5,-131
1767173670.383238,-10,-6,-129
1767173670.393238,-2,-9,-125
1767173670.403238,-4,-8,-124
1767173670.413238,-2,-5,-118
1767173670.423238,-1,-4,-118
1767173670.4332385,-5,0,-120
1767173670.4432385,-2,0,-128
1767173670.4532382,-5,0,-143
1767173670.4632382,-8,1,-143
1767173670.4732382,-6,2,-141
1767173670.4832382,-8,1,-137
1767173670.4932382,-7,-2,-134
1767173670.5032382,-5,-3,-135
1767173670.5132382,0,-4,-135
1767173670.5232382,-1,-8,-137
1767173670.5332382,0,-6,-135
1767173670.5432382,-2,-3,-135
1767173670.5532382,-1,-1,-132
1767173670.563238,-1,-2,-133
1767173670.573238,1,-2,-136
1767173670.583238,1,-5,-132
1767173670.593238,1,-6,-127
1767173670.603238,0,-8,-124
1767173670.613238,1,-10,-123
1767173670.623238,0,-8,-129
1767173670.633238,1,-10,-132
1767173670.643238,-2,-11,-131
1767173670.653238,0,-12,-125
1767173670.663238,-1,-13,-125
1767173670.673238,0,-10,-124
1767173670.6832385,4,-7,-127
1767173670.6932385,7,-9,-121
1767173670.7032382,6,-12,-121
1767173670.7132382,3,-9,-126
1767173670.7232382,5,-8,-127
1767173670.7332382,6,-4,-121
1767173670.7432382,8,-6,-123
1767173670.7532382,7,-3,-126
1767173670.7632382,4,-2,-126
1767173670.7732382,2,0,-129
1767173670.7832382,-2,1,-128
1767173670.7932382,-3,-1,-126
1767173670.8032382,-2,-1,-126
1767173670.813238,0,-5,-127
1767173670.823238,-1,-9,-127
1767173670.833238,0,-6,-125
1767173670.843238,-1,-5,-125
1767173670.853238,1,-2,-122
1767173670.863238,-5,0,-126
1767173670.873238,-1,2,-120
1767173670.883238,-1,5,-129
1767173670.893238,0,3,-125
1767173670.903238,-1,1,-117
1767173670.913238,-3,4,-120
1767173670.923238,-3,2,-121
1767173670.9332385,1,1,-124
1767173670.9432385,3,-3,-125
1767173670.9532382,0,-7,-126
1767173670.9632382,-1,-5,-123
1767173670.9732382,2,-5,-119
1767173670.9832382,0,-6,-123
1767173670.9932382,2,-7,-124
1767173671.0032382,5,-8,-123
1767173671.0132382,1,-5,-121
1767173671.0232382,-2,-5,-118
1767173671.0332382,-3,-7,-115
1767173671.0432382,1,-8,-111
1767173671.0532382,4,-6,-115
1767173671.063238,6,2,-116
1767173671.073238,0,3,-118
1767173671.083238,0,-1,-123
1767173671.093238,-1,-4,-124
1767173671.103238,0,-4,-124
1767173671.113238,-1,-5,-122
1767173671.123238,-5,-4,-122
1767173671.133238,-6,0,-128
1767173671.143238,-1,0,-122
1767173671.153238,-2,-4,-115
1767173671.163238,-4,-7,-123
1767173671.173238,-3,-4,-122
1767173671.1832385,-6,-7,-122
1767173671.1932385,-4,-6,-123
1767173671.2032382,-2,-4,-132
1767173671.2132382,-4,-6,-138
1767173671.2232382,-2,-6,-141
1767173671.2332382,0,-6,-139
1767173671.2432382,3,-7,-138
1767173671.2532382,2,-7,-140
1767173671.2632382,3,-9,-141
1767173671.2732382,4,-8,-140
1767173671.2832382,7,-5,-134
1767173671.2932382,4,-6,-127
1767173671.3032382,6,-6,-132
1767173671.313238,5,-5,-132
1767173671.323238,2,-4,-129
1767173671.333238,1,-6,-121
1767173671.343238,0,-2,-121
1767173671.3652382,3,0,-123
1767173671.373238,1,0,-118
1767173671.383238,3,-1,-122
1767173671.393238,0,0,-119
1767173671.403238,3,-1,-120
1767173671.413238,0,-1,-125
1767173671.423238,-2,-3,-116
1767173671.4332385,0,-2,-115
1767173671.4432385,-1,-1,-122
1767173671.4532382,0,-2,-118
1767173671.4632382,1,-5,-121
1767173671.4732382,0,-1,-126
1767173671.4832382,-1,-2,-127
1767173671.4932382,2,-4,-135
1767173671.5032382,1,-2,-137
1767173671.5132382,0,-7,-139
1767173671.5232382,-1,-10,-128
1767173671.5332382,-5,-7,-133
1767173671.5432382,-4,-3,-127
1767173671.5532382,-8,-1,-123
1767173671.563238,-5,-2,-128
1767173671.573238,-6,-4,-128
1767173671.583238,-5,-3,-125
1767173671.593238,-2,-4,-134
1767173671.603238,0,-2,-126
1767173671.613238,1,2,-131
1767173671.623238,-2,2,-128
1767173671.633238,-7,1,-123
1767173671.643238,-6,0,-125
1767173671.653238,-3,-1,-112
1767173671.663238,-2,0,-118
1767173671.673238,0,-1,-117
1767173671.6832385,4,1,-118
1767173671.6932385,5,1,-124
1767173671.7032382,4,2,-121
1767173671.7132382,4,-3,-119
1767173671.7232382,4,-5,-123
1767173671.7332382,6,-6,-116
1767173671.7432382,5,-8,-112
1767173671.7532382,3,-6,-117
1767173671.7632382,2,-5,-121
1767173671.7732382,4,0,-121
1767173671.7832382,-2,-3,-126
1767173671.7932382,-2,-3,-127
1767173671.8032382,-4,-6,-131
1767173671.813238,-2,-6,-130
1767173671.823238,0,-8,-132
1767173671.833238,-3,-7,-127
1767173671.843238,-3,-8,-120
1767173671.853238,0,-4,-116
1767173671.863238,3,0,-116
1767173671.873238,6,1,-121
1767173671.883238,9,-2,-118
1767173671.893238,4,-4,-119
1767173671.903238,3,-1,-124
1767173671.913238,6,0,-125
1767173671.923238,7,-3,-128
1767173671.9332385,4,-1,-130
1767173671.9432385,0,-1,-129
1767173671.9532382,1,-3,-131
1767173671.9632382,0,-1,-126
1767173671.9732382,4,0,-118
1767173671.9832382,0,-2,-119
1767173671.9932382,0,0,-118
1767173672.0032382,-1,-4,-116
1767173672.0132382,0,-3,-125
1767173672.0232382,0,3,-126
1767173672.0332382,1,0,-129
1767173672.0432382,4,2,-123
1767173672.0532382,2,2,-118
1767173672.063238,6,7,-117
1767173672.073238,4,7,-119
1767173672.083238,1,2,-119
1767173672.093238,0,1,-121
1767173672.103238,1,1,-121
1767173672.1142385,2,4,-128
1767173672.1242385,-2,7,-128
1767173672.1342382,0,6,-132
1767173672.1442382,3,6,-135
1767173672.1542382,9,5,-131
1767173672.1642382,7,4,-121
1767173672.1742382,5,1,-128
1767173672.1842382,6,5,-126
1767173672.1942382,3,2,-124
1767173672.2042382,8,4,-125
1767173672.2142382,11,3,-125
1767173672.2242382,12,2,-129
1767173672.234238,9,-3,-131
1767173672.244238,9,-2,-128
1767173672.254238,5,0,-126
1767173672.264238,4,1,-125
1767173672.274238,0,0,-122
1767173672.284238,-4,1,-125
1767173672.294238,-6,3,-123
1767173672.304238,-3,6,-126
1767173672.314238,-3,5,-123
1767173672.324238,-1,8,-119
1767173672.334238,0,3,-120
1767173672.344238,1,0,-119
1767173672.3542385,5,-1,-116
1767173672.3642385,9,-2,-116
1767173672.3742385,8,-3,-125
1767173672.3842382,4,-3,-117
1767173672.3942382,7,0,-112
1767173672.4042382,9,0,-115
1767173672.4142382,4,-2,-119
1767173672.4242382,0,-8,-126
1767173672.4342382,0,-7,-123
1767173672.4442382,0,-7,-128
1767173672.4542382,3,-3,-129
1767173672.4642382,7,0,-134
1767173672.4742382,4,0,-131
1767173672.484238,2,0,-132
1767173672.494238,1,0,-130
1767173672.504238,1,3,-126
1767173672.514238,3,1,-127
1767173672.524238,4,0,-129
1767173672.534238,4,-3,-129
1767173672.544238,0,-6,-123
1767173672.554238,0,-5,-116
1767173672.564238,1,-8,-118
1767173672.574238,6,-6,-119
1767173672.584238,0,-1,-111
1767173672.594238,0,2,-106
1767173672.6042385,0,-6,-116
1767173672.6142385,-3,-6,-119
1767173672.6242385,-1,-3,-116
1767173672.6342382,-2,-4,-121
1767173672.6442382,2,0,-120
1767173672.6542382,4,2,-110
1767173672.6642382,5,2,-113
1767173672.6742382,4,4,-118
1767173672.6842382,5,2,-115
1767173672.6942382,1,0,-121
1767173672.7042382,-3,0,-120
1767173672.7142382,3,0,-115
1767173672.7242382,4,0,-116
1767173672.734238,4,0,-120
1767173672.744238,3,1,-117
1767173672.754238,3,3,-114
1767173672.764238,7,0,-116
1767173672.774238,8,1,-121
1767173672.784238,6,-2,-124
1767173672.794238,4,-4,-128
1767173672.804238,8,-4,-135
1767173672.814238,11,-4,-132
1767173672.824238,7,-1,-129
1767173672.834238,6,-4,-125
1767173672.844238,5,-3,-125
1767173672.8542385,6,-2,-122
1767173672.8642385,0,-3,-121
1767173672.8742385,0,-2,-122
1767173672.8842382,0,-5,-119
1767173672.8942382,5,-9,-122
1767173672.9042382,0,-9,-125
1767173672.9142382,0,-8,-125
1767173672.9242382,8,-7,-126
1767173672.9342382,6,-5,-117
1767173672.9442382,2,-1,-115
1767173672.9542382,-1,0,-119
1767173672.9642382,3,-1,-120
1767173672.9742382,3,1,-117
1767173672.984238,-3,-1,-119
1767173672.994238,-3,-3,-119
1767173673.004238,0,-1,-112
1767173673.014238,4,-1,-117
1767173673.024238,5,-5,-120
1767173673.034238,2,-4,-126
1767173673.044238,0,-7,-126
1767173673.054238,1,-5,-122
1767173673.064238,-4,-1,-121
1767173673.074238,-4,-2,-118
1767173673.084238,-1,-4,-124
1767173673.094238,-4,-4,-122
1767173673.1042385,-5,-4,-124
1767173673.1142385,-5,-3,-130
1767173673.1242385,-1,0,-128
1767173673.1342382,-2,-1,-128
1767173673.1442382,0,-4,-122
1767173673.1542382,-4,-2,-119
1767173673.1642382,-2,-1,-110
1767173673.1742382,2,-1,-114
1767173673.1842382,0,0,-120
1767173673.1942382,2,-1,-117
1767173673.2042382,1,-5,-116
1767173673.2142382,0,-5,-112
1767173673.2242382,0,-2,-118
1767173673.234238,5,1,-120
1767173673.244238,7,1,-119
1767173673.254238,5,0,-122
1767173673.264238,1,0,-130
1767173673.274238,0,1,-132
1767173673.284238,0,3,-131
1767173673.294238,0,0,-126
1767173673.304238,-2,0,-128
1767173673.314238,0,-4,-123
1767173673.324238,0,0,-122
1767173673.334238,1,-2,-124
1767173673.344238,2,-2,-124
1767173673.3542385,1,0,-125
1767173673.3642385,-3,3,-131
1767173673.3742385,-5,2,-131
1767173673.3842382,0,2,-131
1767173673.3942382,1,4,-136
1767173673.4042382,0,3,-139
1767173673.4142382,0,2,-138
1767173673.4242382,1,2,-133
1767173673.4342382,-2,0,-132
1767173673.4442382,-2,-2,-125
1767173673.4542382,4,-1,-126
1767173673.4642382,2,-5,-129
1767173673.475238,6,-4,-127
1767173673.484238,0,-4,-123
1767173673.494238,-1,-3,-125
1767173673.504238,-4,-4,-126
1767173673.514238,-5,-8,-125
1767173673.524238,-7,-5,-131
1767173673.534238,-7,-9,-128
1767173673.544238,-7,-9,-128
1767173673.554238,-3,-12,-132
1767173673.564238,-2,-13,-129
1767173673.574238,0,-12,-130
1767173673.584238,1,-12,-139
1767173673.594238,-2,-13,-137
1767173673.6042385,0,-12,-138
1767173673.6142385,0,-12,-137
1767173673.6242385,-2,-11,-132
1767173673.6342382,0,-5,-127
1767173673.6442382,1,-4,-128
1767173673.6542382,4,-1,-126
1767173673.6642382,0,3,-125
1767173673.6742382,1,4,-134
1767173673.6842382,0,3,-138
1767173673.6942382,0,6,-135
1767173673.7042382,2,8,-131
1767173673.7142382,1,1,-133
1767173673.7242382,0,2,-135
1767173673.734238,0,3,-133
1767173673.744238,1,-1,-132
1767173673.754238,1,-5,-135
1767173673.764238,2,-1,-138
1767173673.774238,4,1,-133
1767173673.784238,0,0,-131
1767173673.794238,-5,-3,-128
1767173673.804238,0,-5,-130
1767173673.814238,4,-5,-131
1767173673.824238,4,-2,-131
1767173673.834238,3,-1,-133
1767173673.844238,2,-2,-130
1767173673.8542385,1,0,-127
1767173673.8642385,0,1,-127
1767173673.8742385,-1,-4,-127
1767173673.8842382,0,-6,-130
1767173673.8942382,-2,1,-130
1767173673.9042382,-2,5,-128
1767173673.9142382,-2,4,-132
1767173673.9242382,0,2,-127
1767173673.9342382,0,0,-129
1767173673.9442382,1,0,-136
1767173673.9542382,3,-1,-134
1767173673.9642382,2,-1,-133
1767173673.9742382,0,-3,-127
1767173673.984238,0,-3,-125
1767173673.994238,-4,-5,-122
1767173674.004238,0,-3,-117
1767173674.014238,1,-6,-119
1767173674.024238,0,-5,-122
1767173674.034238,0,-5,-122
1767173674.044238,-3,-3,-126
1767173674.054238,-2,-3,-119
1767173674.064238,0,-6,-123
1767173674.074238,0,-3,-130
1767173674.084238,2,0,-132
1767173674.094238,1,3,-133
1767173674.1042385,3,2,-128
1767173674.1142385,1,0,-126
1767173674.1242385,0,2,-130
1767173674.1342382,-4,-1,-126
1767173674.1442382,0,-4,-121
1767173674.1542382,0,-4,-123
1767173674.1642382,0,-6,-123
1767173674.1742382,2,-5,-132
1767173674.1842382,2,-3,-133
1767173674.1942382,-3,-7,-133
1767173674.2042382,0,-11,-130
1767173674.2142382,0,-10,-129
1767173674.2242382,0,-6,-131
1767173674.234238,-2,-4,-126
1767173674.244238,1,-3,-128
1767173674.254238,3,-1,-125
1767173674.264238,6,-2,-126
1767173674.274238,5,0,-120
1767173674.284238,3,-1,-120
1767173674.294238,3,3,-121
1767173674.304238,5,7,-122
1767173674.314238,5,8,-124
1767173674.324238,4,8,-121
1767173674.334238,3,7,-121
1767173674.344238,1,4,-122
1767173674.3542385,1,4,-121
1767173674.3642385,0,3,-117
1767173674.3742385,2,0,-119
1767173674.3842382,-2,-2,-115
1767173674.3942382,-7,-1,-118
1767173674.4042382,-7,-1,-117
1767173674.4142382,-2,-1,-118
1767173674.4242382,-1,0,-119
1767173674.4342382,-3,1,-126
1767173674.4442382,0,-3,-127
1767173674.4542382,3,-3,-129
1767173674.4642382,0,-1,-132
1767173674.4742382,0,-2,-138
1767173674.484238,-1,-1,-141
1767173674.494238,-3,-5,-134
1767173674.504238,-1,-4,-132
1767173674.514238,-5,-6,-136
1767173674.524238,-3,-3,-136
1767173674.534238,-6,-2,-131
1767173674.544238,-7,-7,-130
1767173674.554238,-5,-4,-134
1767173674.564238,0,-3,-136
1767173674.574238,2,0,-132
1767173674.584238,1,-2,-130
1767173674.594238,1,1,-130
1767173674.6042385,3,1,-129
1767173674.6142385,3,0,-126
1767173674.6242385,2,2,-125
1767173674.6342382,2,1,-128
1767173674.6442382,0,-2,-127
1767173674.6542382,4,-7,-121
1767173674.6642382,8,-8,-123
1767173674.6742382,6,-5,-127
1767173674.6842382,1,-3,-127
1767173674.6942382,5,-8,-123
1767173674.7042382,5,-9,-121
1767173674.7142382,0,-7,-119
1767173674.7242382,-6,-4,-120
1767173674.734238,-6,-2,-126
1767173674.745238,-4,-3,-118
1767173674.754238,-1,-3,-128
1767173674.765238,0,0,-129
1767173674.775238,0,0,-137
1767173674.7852385,0,-2,-138
1767173674.7952385,0,-1,-132
1767173674.8052382,-1,-1,-130
1767173674.8152382,0,5,-124
1767173674.8252382,0,6,-121
1767173674.8352382,5,3,-121
1767173674.8452382,2,6,-128
1767173674.8552382,3,4,-129
1767173674.8652382,1,2,-128
1767173674.8752382,6,-1,-124
1767173674.8852382,5,-6,-123
1767173674.8952382,5,-4,-128
1767173674.9052382,2,-4,-127
1767173674.915238,4,-3,-130
1767173674.925238,3,-1,-131
1767173674.935238,-2,-1,-134
1767173674.945238,-3,1,-134
1767173674.955238,-5,2,-132
1767173674.965238,0,0,-139
1767173674.975238,-5,6,-133
1767173674.985238,-9,4,-124
1767173674.995238,-12,-1,-125
1767173675.005238,-15,0,-120
1767173675.015238,-15,1,-118
1767173675.025238,-11,-3,-121
1767173675.0352385,-8,-1,-121
1767173675.0452385,-3,-1,-124
1767173675.0552382,1,0,-124
1767173675.0652382,7,0,-126
1767173675.0752382,6,-3,-122
1767173675.0852382,2,-8,-121
1767173675.0952382,4,-5,-120
1767173675.1052382,2,-6,-123
1767173675.1152382,-1,-6,-127
1767173675.1252382,-4,-5,-126
1767173675.1352382,-3,-5,-120
1767173675.1452382,0,-2,-120
1767173675.1552382,5,3,-117
1767173675.165238,2,1,-117
1767173675.175238,2,0,-115
1767173675.185238,4,-2,-119
1767173675.195238,-1,-4,-119
1767173675.205238,-2,-6,-121
1767173675.215238,0,-6,-120
1767173675.225238,-2,-5,-123
1767173675.235238,-3,-3,-131
1767173675.245238,-4,-2,-134
1767173675.255238,-4,-1,-124
1767173675.265238,-1,-5,-127
1767173675.275238,-1,-4,-123
1767173675.2852385,-1,-4,-125
1767173675.2952385,1,-2,-126
1767173675.3052382,0,3,-126
1767173675.3152382,1,5,-122
1767173675.3252382,0,2,-120
1767173675.3352382,1,0,-123
1767173675.3452382,2,-1,-128
1767173675.3552382,2,0,-133
1767173675.3652382,0,1,-131
1767173675.3752382,4,0,-134
1767173675.3852382,2,1,-133
1767173675.3952382,4,-1,-130
1767173675.4052382,5,-7,-130
1767173675.415238,6,-6,-129
1767173675.425238,3,-3,-132
1767173675.435238,2,0,-131
1767173675.445238,0,2,-131
1767173675.455238,-3,3,-132
1767173675.465238,-7,-4,-138
1767173675.475238,-9,-4,-139
1767173675.485238,-10,1,-141
1767173675.495238,-9,0,-142
1767173675.505238,-5,2,-142
1767173675.515238,-1,2,-140
1767173675.525238,0,2,-141
1767173675.5352385,0,3,-133
1767173675.5452385,-4,1,-134
1767173675.5552382,-5,3,-123
1767173675.5652382,-1,2,-132
1767173675.5752382,0,2,-129
1767173675.5852382,-5,3,-122
1767173675.5952382,-2,1,-122
1767173675.6052382,-2,1,-126
1767173675.6152382,-4,2,-127
1767173675.6252382,1,1,-124
1767173675.6352382,-1,0,-121
1767173675.6452382,1,-1,-120
1767173675.6552382,0,0,-127
1767173675.665238,-4,-3,-131
1767173675.675238,1,-3,-129
1767173675.685238,3,-3,-121
1767173675.695238,2,-2,-114
1767173675.705238,6,0,-115
1767173675.715238,6,-2,-124
1767173675.725238,2,-5,-128
1767173675.735238,-2,-5,-130
1767173675.745238,2,-6,-134
1767173675.755238,1,-8,-126
1767173675.765238,4,-9,-122
1767173675.775238,5,-8,-120
1767173675.7852385,1,-3,-121
1767173675.7952385,-1,-3,-119
1767173675.8052382,2,-3,-119
1767173675.8152382,3,0,-122
1767173675.8252382,1,0,-128
1767173675.8352382,-1,1,-126
1767173675.8452382,-3,0,-126
1767173675.8552382,1,1,-124
1767173675.8652382,1,2,-119
1767173675.8752382,0,3,-119
1767173675.8852382,2,3,-119
1767173675.8952382,5,7,-130
1767173675.9052382,4,10,-138
1767173675.915238,6,8,-129
1767173675.925238,1,8,-128
1767173675.935238,0,6,-131
1767173675.945238,-3,8,-129
1767173675.955238,0,6,-130
1767173675.965238,-3,3,-124
1767173675.975238,0,0,-123
1767173675.985238,-1,4,-122
1767173675.995238,-3,7,-127
1767173676.005238,-1,7,-124
1767173676.015238,1,8,-123
1767173676.025238,-2,10,-124
1767173676.0352385,-3,8,-125
1767173676.0452385,-1,7,-124
1767173676.0552382,0,0,-128
1767173676.0652382,0,1,-126
1767173676.0752382,3,0,-130
1767173676.0852382,0,-2,-130
1767173676.0952382,-2,0,-131
1767173676.1052382,-1,1,-126
1767173676.1152382,-5,1,-130
1767173676.1252382,-7,5,-131
1767173676.1352382,-7,3,-131
1767173676.1452382,-12,4,-129
1767173676.1552382,-12,8,-128
1767173676.165238,-12,6,-124
1767173676.175238,-7,-1,-124
1767173676.185238,-8,-3,-130
1767173676.195238,-9,-4,-134
1767173676.205238,-8,-3,-127
1767173676.215238,-3,-3,-122
1767173676.225238,-1,-2,-132
1767173676.235238,-4,-4,-132
1767173676.245238,-1,-5,-131
1767173676.255238,-1,-4,-131
1767173676.265238,0,-6,-129
1767173676.275238,-2,-2,-124
1767173676.2852385,-5,0,-120
1767173676.2952385,-7,1,-121
1767173676.3052382,-7,1,-125
1767173676.3152382,-8,2,-131
1767173676.3252382,-4,1,-131
1767173676.3352382,-1,-1,-128
1767173676.3452382,-1,-3,-130
1767173676.3552382,0,-1,-128
1767173676.376238,-1,0,-124
1767173676.3852382,1,0,-126
1767173676.3952382,1,0,-123
1767173676.4052382,0,3,-116
1767173676.415238,0,5,-118
1767173676.425238,-1,1,-122
1767173676.435238,-5,-7,-123
1767173676.445238,-6,-8,-119
1767173676.455238,-5,-4,-118
1767173676.465238,0,-4,-121
1767173676.475238,-1,-3,-123
1767173676.485238,-2,-1,-125
1767173676.495238,-2,0,-122
1767173676.505238,-7,-2,-125
1767173676.515238,-5,-3,-121
1767173676.525238,-2,-2,-117
1767173676.5352385,-1,-4,-126
1767173676.5452385,0,-3,-124
1767173676.5552382,0,-3,-131
1767173676.5652382,1,-3,-134
1767173676.5752382,-1,-5,-138
1767173676.5852382,1,-5,-144
1767173676.5952382,3,1,-139
1767173676.6052382,-1,6,-136
1767173676.6152382,-3,3,-134
1767173676.6252382,-5,4,-134
1767173676.6352382,-7,0,-133
1767173676.6452382,-8,-2,-124
1767173676.6552382,-7,1,-126
1767173676.665238,-7,6,-132
1767173676.675238,-3,3,-129
1767173676.685238,-1,2,-123
1767173676.695238,1,2,-125
1767173676.705238,3,3,-118
1767173676.715238,4,3,-112
1767173676.725238,5,0,-107
1767173676.735238,6,-2,-107
1767173676.745238,7,0,-114
1767173676.755238,6,0,-123
1767173676.765238,7,0,-121
1767173676.775238,5,1,-120
1767173676.7852385,5,4,-122
1767173676.7952385,3,1,-120
1767173676.8052382,6,0,-120
1767173676.8152382,7,1,-113
1767173676.8252382,0,1,-118
1767173676.8352382,2,0,-116
1767173676.8452382,5,0,-120
1767173676.8552382,0,2,-125
1767173676.8652382,-1,0,-124
1767173676.8752382,0,-2,-130
1767173676.8852382,0,-2,-128
1767173676.8952382,2,-3,-130
1767173676.9052382,4,-2,-134
1767173676.915238,3,-3,-133
1767173676.925238,1,0,-127
1767173676.935238,0,2,-128
1767173676.945238,1,2,-133
1767173676.955238,5,0,-137
1767173676.965238,7,1,-141
1767173676.975238,5,1,-139
1767173676.985238,5,1,-135
1767173676.995238,3,2,-129
1767173677.005238,1,2,-132
1767173677.015238,2,2,-128
1767173677.025238,0,3,-130
1767173677.0352385,-1,2,-114
1767173677.0452385,-2,1,-111
1767173677.0552382,-1,2,-116
1767173677.0652382,-4,0,-131
1767173677.0752382,-7,-1,-130
1767173677.0852382,-2,-4,-125
1767173677.0952382,0,-9,-126
1767173677.1052382,-3,-5,-122
1767173677.1152382,-3,-3,-127
1767173677.1252382,-1,0,-126
1767173677.1352382,-1,5,-125
1767173677.1452382,4,3,-126
1767173677.1552382,3,-1,-125
1767173677.165238,4,-4,-117
1767173677.175238,5,-2,-112
1767173677.185238,0,-2,-113
1767173677.195238,-2,-4,-117
1767173677.205238,-2,-9,-118
1767173677.215238,-4,-8,-130
1767173677.225238,-6,-8,-136
1767173677.235238,-3,-8,-137
1767173677.245238,0,-9,-138
1767173677.255238,-1,-2,-141
1767173677.265238,-1,-1,-138
1767173677.275238,0,0,-132
1767173677.2852385,0,-4,-126
1767173677.2952385,-5,-2,-128
1767173677.3052382,-1,-5,-122
1767173677.3152382,-2,-7,-119
1767173677.3252382,-1,-4,-124
1767173677.3352382,0,-2,-122
1767173677.3452382,2,-2,-116
1767173677.3552382,7,-4,-119
1767173677.3652382,9,-6,-119
1767173677.3752382,11,0,-117
1767173677.3852382,10,1,-120
1767173677.3952382,3,2,-119
1767173677.406238,0,3,-124
1767173677.416238,-5,3,-122
1767173677.426238,-4,2,-126
1767173677.436238,-4,1,-133
1767173677.446238,-2,0,-135
1767173677.4562385,0,-2,-132
1767173677.4662385,-1,0,-128
1767173677.4762385,-1,2,-129
1767173677.4862382,1,2,-127
1767173677.4962382,4,2,-129
1767173677.5062382,6,3,-127
1767173677.5162382,7,3,-127
1767173677.5262382,6,1,-127
1767173677.5362382,0,-4,-118
1767173677.5462382,2,-3,-121
1767173677.5562382,6,-2,-116
1767173677.5662382,7,-3,-118
1767173677.5762382,3,-2,-122
1767173677.586238,0,2,-127
1767173677.596238,-2,-1,-125
1767173677.606238,-2,-2,-129
1767173677.616238,1,-3,-134
1767173677.626238,0,-1,-128
1767173677.636238,5,-2,-123
1767173677.646238,5,0,-130
1767173677.656238,9,-2,-131
1767173677.666238,5,-2,-132
1767173677.676238,4,-3,-128
1767173677.686238,3,-2,-138
1767173677.696238,0,-2,-137
1767173677.7062385,0,-3,-132
1767173677.7162385,0,-5,-128
1767173677.7262385,3,-3,-124
1767173677.7362382,2,-7,-124
1767173677.7462382,3,-2,-126
1767173677.7562382,0,0,-124
1767173677.7662382,-1,5,-121
1767173677.7762382,0,6,-125
1767173677.7862382,4,6,-122
1767173677.7962382,7,3,-122
1767173677.8062382,12,0,-120
1767173677.8162382,8,4,-114
1767173677.8262382,4,3,-115
1767173677.836238,5,4,-121
1767173677.846238,3,3,-121
1767173677.856238,1,0,-120
1767173677.866238,0,0,-120
1767173677.876238,0,0,-120
1767173677.886238,-2,2,-122
1767173677.896238,-1,4,-125
1767173677.906238,0,2,-120
1767173677.916238,4,5,-118
1767173677.926238,2,4,-122
1767173677.936238,6,1,-124
1767173677.946238,5,2,-131
1767173677.9562385,7,0,-125
1767173677.9662385,7,1,-128
1767173677.9762385,4,0,-131
1767173677.9862382,3,1,-125
1767173677.9962382,3,2,-130
1767173678.0062382,4,3,-134
1767173678.0162382,2,4,-126
1767173678.0262382,2,0,-123
1767173678.0362382,0,-1,-126
1767173678.0462382,2,0,-133
1767173678.0562382,0,-1,-130
1767173678.0662382,0,-4,-129
1767173678.0762382,1,-2,-133
1767173678.086238,2,0,-133
1767173678.096238,0,-4,-133
1767173678.106238,-3,-6,-134
1767173678.116238,0,-6,-136
1767173678.126238,0,-8,-135
1767173678.136238,-3,-10,-136
1767173678.146238,-3,-4,-134
1767173678.156238,-5,0,-131
1767173678.166238,-5,1,-128
1767173678.176238,-7,-1,-125
1767173678.186238,-6,-3,-124
1767173678.196238,-3,0,-129
1767173678.2062385,0,-1,-125
1767173678.2162385,6,-3,-121
1767173678.2262385,6,0,-128
1767173678.2362382,5,-1,-128
1767173678.2462382,1,-4,-122
1767173678.2562382,1,-5,-124
1767173678.2662382,0,-6,-119
1767173678.2762382,1,-5,-117
1767173678.2862382,-3,-2,-121
1767173678.2962382,-6,0,-123
1767173678.3062382,-8,-2,-126
1767173678.3162382,-8,-2,-126
1767173678.3262382,-5,5,-121
1767173678.336238,-6,6,-123
1767173678.346238,-7,4,-125
1767173678.356238,-5,5,-131
1767173678.366238,-5,5,-133
1767173678.376238,-3,1,-134
1767173678.386238,0,1,-127
1767173678.396238,2,1,-121
1767173678.406238,0,2,-122
1767173678.416238,0,3,-131
1767173678.426238,0,1,-127
1767173678.436238,1,2,-127
1767173678.446238,1,0,-126
1767173678.4562385,4,-2,-127
1767173678.4662385,3,-3,-128
1767173678.4762385,2,-6,-128
1767173678.4862382,4,-8,-124
1767173678.4962382,3,-3,-117
1767173678.5062382,0,-3,-121
1767173678.5162382,-1,-3,-125
1767173678.5262382,1,0,-124
1767173678.5362382,0,2,-126
1767173678.5462382,0,-2,-122
1767173678.5562382,4,1,-121
1767173678.5662382,1,5,-121
1767173678.5762382,-4,3,-127
1767173678.586238,-4,0,-132
1767173678.596238,-3,1,-126
1767173678.606238,-1,-2,-130
1767173678.616238,0,0,-130
1767173678.626238,-4,1,-129
1767173678.636238,-1,2,-125
1767173678.646238,-4,2,-117
1767173678.656238,-1,4,-117
1767173678.666238,-2,0,-111
1767173678.676238,-5,-3,-110
1767173678.686238,-4,-4,-116
1767173678.696238,-6,-5,-119
1767173678.7062385,-2,0,-119
1767173678.7162385,-1,-1,-114
1767173678.7262385,0,-5,-116
1767173678.7362382,2,-2,-116
1767173678.7462382,0,-1,-113
1767173678.7562382,-2,-7,-115
1767173678.7662382,0,-7,-122
1767173678.7762382,0,-5,-127
1767173678.7862382,-3,-4,-129
1767173678.7962382,-5,-1,-133
1767173678.8062382,-3,2,-135
1767173678.8162382,-1,5,-126
1767173678.8262382,-1,1,-119
1767173678.836238,-4,-4,-120
1767173678.846238,-6,-7,-123
1767173678.856238,-5,-5,-121
1767173678.866238,-7,0,-124
1767173678.876238,-7,3,-126
1767173678.886238,-7,3,-126
1767173678.896238,-5,1,-122
1767173678.906238,-4,-2,-127
1767173678.916238,0,-6,-132
1767173678.926238,1,-4,-136
1767173678.936238,0,-4,-131
1767173678.946238,1,-2,-131
1767173678.9562385,5,-2,-134
1767173678.9662385,5,-3,-133
1767173678.9762385,5,-4,-134
1767173678.9862382,3,-5,-131
1767173678.9962382,1,-7,-133
1767173679.0062382,-1,-4,-133
1767173679.0162382,2,-2,-131
1767173679.0262382,0,1,-126
1767173679.0362382,-4,2,-122
1767173679.0462382,-2,3,-122
1767173679.0562382,1,5,-128
1767173679.0662382,4,5,-126
1767173679.0762382,7,5,-127
1767173679.086238,9,2,-127
1767173679.096238,4,5,-121
1767173679.106238,5,6,-122
1767173679.116238,2,5,-117
1767173679.126238,4,8,-116
1767173679.136238,-1,1,-121
1767173679.146238,-2,1,-118
1767173679.156238,0,-3,-116
1767173679.166238,0,-3,-112
1767173679.176238,-2,-2,-110
1767173679.186238,-1,2,-107
1767173679.196238,2,2,-106
1767173679.2062385,6,-2,-102
1767173679.2162385,3,0,-109
1767173679.2262385,3,3,-112
1767173679.2362382,0,1,-117
1767173679.2462382,0,0,-125
1767173679.2562382,2,1,-120
1767173679.2662382,1,0,-116
1767173679.2762382,-3,0,-123
1767173679.2862382,-8,-2,-129
1767173679.2962382,-8,1,-129
1767173679.3062382,-2,0,-129
1767173679.3162382,-4,-2,-133
1767173679.3262382,-3,-8,-138
1767173679.336238,-1,-7,-136
1767173679.346238,-1,-2,-136
1767173679.356238,-1,-1,-132
1767173679.366238,-4,0,-132
1767173679.376238,-6,1,-130
1767173679.386238,-4,5,-125
1767173679.396238,0,2,-129
1767173679.406238,2,3,-132
1767173679.416238,5,0,-127
1767173679.426238,7,2,-133
1767173679.436238,6,5,-135
1767173679.446238,5,2,-134
1767173679.4562385,6,0,-129
1767173679.4662385,6,0,-128
1767173679.4762385,6,1,-127
1767173679.4862382,0,1,-128
1767173679.4962382,0,0,-122
1767173679.5062382,5,1,-126
1767173679.5162382,5,1,-132
1767173679.5262382,0,0,-130
1767173679.5362382,-1,1,-130
1767173679.5462382,-1,1,-128
1767173679.5562382,-3,2,-127
1767173679.5662382,-2,4,-126
1767173679.5762382,-1,1,-127
1767173679.586238,-4,-1,-132
1767173679.596238,-3,0,-138
1767173679.606238,-3,2,-145
1767173679.616238,-4,6,-141
1767173679.626238,-6,2,-139
1767173679.636238,-4,2,-132
1767173679.646238,-2,2,-131
1767173679.656238,-1,-2,-133
1767173679.666238,4,-3,-133
1767173679.676238,5,0,-131
1767173679.686238,1,-2,-126
1767173679.696238,0,0,-133
1767173679.7062385,2,-2,-134
1767173679.7162385,0,-5,-128
1767173679.7262385,-4,-1,-126
1767173679.7362382,-6,-2,-131
1767173679.7462382,-4,-9,-135
1767173679.7562382,-9,-5,-128
1767173679.7662382,-9,0,-124
1767173679.7762382,-4,0,-122
1767173679.7862382,1,0,-114
1767173679.7962382,1,0,-115
1767173679.8062382,2,-1,-119
1767173679.8162382,3,-5,-120
1767173679.8262382,0,-3,-126
1767173679.836238,0,-3,-126
1767173679.846238,1,-5,-124
1767173679.856238,2,-4,-128
1767173679.866238,1,-3,-123
1767173679.876238,0,-5,-118
1767173679.886238,6,-1,-123
1767173679.896238,0,-4,-128
1767173679.906238,-2,-2,-133
1767173679.916238,0,0,-131
1767173679.926238,-3,-3,-128
1767173679.936238,-1,-5,-122
1767173679.946238,-5,-6,-123
1767173679.9562385,-5,-2,-122
1767173679.9662385,-7,1,-125
1767173679.9762385,-6,-2,-125
1767173679.9862382,-4,-5,-121
1767173679.9962382,1,-5,-128
1767173680.0062382,0,-4,-126
1767173680.0162382,0,-2,-123
1767173680.0262382,-1,0,-120
1767173680.0362382,-4,-1,-122
1767173680.047238,-4,-5,-129
1767173680.057238,-6,-6,-137
1767173680.067238,-2,-6,-129
1767173680.077238,-1,-4,-131
1767173680.087238,0,-4,-133
1767173680.097238,1,-2,-133
1767173680.107238,3,0,-137
1767173680.117238,-1,1,-132
1767173680.127238,-4,2,-129
1767173680.1372385,-2,3,-127
1767173680.1472385,0,5,-127
1767173680.1572382,-3,-3,-126
1767173680.1672382,-6,-9,-130
1767173680.1772382,-5,-6,-134
1767173680.1872382,-6,-1,-130
1767173680.1972382,-9,0,-126
1767173680.2072382,-9,0,-126
1767173680.2172382,-7,-2,-121
1767173680.2272382,-1,-5,-123
1767173680.2372382,-5,-7,-126
1767173680.2472382,-6,-1,-125
1767173680.257238,-1,4,-123
1767173680.267238,-6,2,-123
1767173680.277238,-6,5,-118
1767173680.287238,-6,6,-121
1767173680.297238,-3,7,-117
1767173680.307238,-3,10,-112
1767173680.317238,-1,8,-121
1767173680.327238,0,8,-121
1767173680.337238,1,9,-118
1767173680.347238,-1,3,-120
1767173680.357238,-3,0,-114
1767173680.367238,-6,2,-107
1767173680.377238,-5,0,-111
1767173680.3872385,-5,-1,-121
1767173680.3972385,-5,0,-127
1767173680.4072382,-3,2,-136
1767173680.4172382,-3,2,-141
1767173680.4272382,-4,2,-133
1767173680.4372382,-5,4,-132
1767173680.4472382,-3,0,-126
1767173680.4572382,-1,0,-128
1767173680.4672382,-2,-2,-127
1767173680.4772382,0,-3,-130
1767173680.4872382,2,0,-131
1767173680.4972382,1,2,-129
1767173680.507238,-2,0,-128
1767173680.517238,-1,-1,-133
1767173680.527238,0,-4,-130
1767173680.537238,7,-2,-134
1767173680.547238,3,1,-140
1767173680.557238,1,0,-141
1767173680.567238,1,-2,-135
1767173680.577238,3,1,-134
1767173680.587238,4,1,-135
1767173680.597238,5,-2,-136
1767173680.607238,8,-1,-131
1767173680.617238,5,-5,-136
1767173680.627238,0,-3,-132
1767173680.6372385,-4,-2,-139
1767173680.6472385,-7,2,-139
1767173680.6572382,-2,1,-135
1767173680.6672382,1,2,-135
1767173680.6772382,2,2,-134
1767173680.6872382,0,4,-127
1767173680.6972382,-2,3,-130
1767173680.7072382,-1,4,-132
1767173680.7172382,0,5,-123
1767173680.7272382,-4,0,-125
1767173680.7372382,-3,1,-131
1767173680.7472382,0,0,-133
1767173680.757238,-1,-7,-129
1767173680.767238,-1,-9,-127
1767173680.777238,0,-9,-121
1767173680.787238,4,-7,-126
1767173680.797238,3,-7,-124
1767173680.807238,5,-8,-126
1767173680.817238,7,-7,-123
1767173680.827238,11,-5,-124
1767173680.837238,11,-7,-125
1767173680.847238,8,-4,-128
1767173680.857238,9,-6,-127
1767173680.867238,5,-6,-119
1767173680.877238,7,-3,-121
1767173680.8872385,7,0,-122
1767173680.8972385,6,-2,-118
1767173680.9072382,2,-3,-122
1767173680.9172382,0,-2,-121
1767173680.9272382,-4,-1,-120
1767173680.9372382,-8,-4,-118
1767173680.9472382,-8,0,-118
1767173680.9572382,-3,0,-121
1767173680.9672382,4,-1,-125
1767173680.9772382,2,-5,-124
1767173680.9872382,2,-2,-125
1767173680.9972382,-2,0,-126
1767173681.007238,1,-1,-128
1767173681.017238,6,0,-134
1767173681.027238,1,0,-139
1767173681.037238,1,-2,-127
1767173681.047238,5,0,-121
1767173681.057238,3,1,-121
1767173681.067238,4,-1,-119
1767173681.077238,5,0,-118
1767173681.087238,0,0,-118
1767173681.097238,-3,0,-121
1767173681.107238,1,-1,-120
1767173681.117238,1,0,-122
1767173681.127238,0,-1,-117
1767173681.1372385,-2,0,-120
1767173681.1472385,-1,-2,-127
1767173681.1572382,-2,-6,-126
1767173681.1672382,-1,-7,-127
1767173681.1772382,0,-5,-121
1767173681.1872382,1,-2,-118
1767173681.1972382,1,1,-121
1767173681.2072382,1,1,-119
1767173681.2172382,0,0,-120
1767173681.2272382,0,0,-121
1767173681.2372382,-1,1,-128
1767173681.2472382,0,-2,-127
1767173681.257238,-4,-3,-122
1767173681.267238,-6,1,-126
1767173681.277238,-3,0,-126
1767173681.287238,-7,0,-124
1767173681.297238,-3,-1,-119
1767173681.307238,0,-3,-115
1767173681.317238,0,-3,-123
1767173681.327238,-2,-5,-118
1767173681.337238,-4,-4,-115
1767173681.347238,-3,-6,-120
1767173681.357238,-7,-7,-121
1767173681.367238,-3,-7,-121
1767173681.3882382,0,-4,-119
1767173681.3972385,2,-3,-118
1767173681.4072382,2,-3,-122
1767173681.4172382,3,-4,-118
1767173681.4272382,2,-5,-118
1767173681.4372382,2,-5,-117
1767173681.4472382,3,-7,-109
1767173681.4572382,3,-5,-112
1767173681.4672382,5,-3,-107
1767173681.4772382,4,0,-108
1767173681.4872382,4,-1,-115
1767173681.4972382,5,1,-111
1767173681.507238,6,1,-115
1767173681.517238,1,1,-120
1767173681.527238,0,2,-130
1767173681.537238,6,0,-135
1767173681.547238,5,-4,-132
1767173681.557238,6,-4,-135
1767173681.567238,5,-8,-131
1767173681.577238,5,-9,-132
1767173681.587238,5,-8,-128
1767173681.597238,6,-5,-132
1767173681.607238,5,-6,-130
1767173681.617238,4,-3,-124
1767173681.627238,1,-3,-124
1767173681.6372385,-2,-5,-133
1767173681.6472385,-1,-3,-137
1767173681.6572382,-2,-2,-133
1767173681.6672382,-6,-4,-136
1767173681.6772382,-8,-1,-134
1767173681.6872382,-3,0,-133
1767173681.6972382,-2,4,-133
1767173681.7072382,0,3,-131
1767173681.7172382,0,5,-130
1767173681.7272382,5,1,-133
1767173681.7372382,7,0,-139
1767173681.7472382,6,0,-132
1767173681.757238,6,0,-127
1767173681.767238,6,2,-127
1767173681.777238,5,4,-126
1767173681.787238,2,1,-125
1767173681.797238,0,2,-116
1767173681.807238,1,-6,-117
1767173681.817238,1,-8,-114
1767173681.827238,1,-7,-115
1767173681.837238,1,-8,-116
1767173681.847238,3,-8,-121
1767173681.857238,0,-12,-119
1767173681.867238,3,-7,-120
1767173681.877238,7,-7,-126
1767173681.8872385,5,-10,-123
1767173681.8972385,0,-8,-125
1767173681.9072382,0,-4,-127
1767173681.9172382,0,-5,-129
1767173681.9272382,0,-5,-129
1767173681.9372382,-1,-7,-124
1767173681.9472382,0,-6,-123
1767173681.9572382,-4,-3,-132
1767173681.9672382,-1,0,-138
1767173681.9772382,-3,0,-137
1767173681.9872382,1,-2,-135
1767173681.9972382,2,2,-138
1767173682.007238,5,4,-135
1767173682.017238,5,6,-131
1767173682.027238,0,2,-133
1767173682.037238,0,0,-135
1767173682.047238,-3,-1,-126
1767173682.057238,-4,-1,-129
1767173682.067238,-2,-6,-129
1767173682.077238,-4,-5,-129
1767173682.087238,-6,-5,-134
1767173682.097238,-7,-5,-132
1767173682.107238,-1,-2,-131
1767173682.117238,-4,0,-131
1767173682.127238,-7,-3,-132
1767173682.1372385,-10,-7,-136
1767173682.1472385,-5,-3,-138
1767173682.1572382,-1,0,-136
1767173682.1672382,-3,1,-136
1767173682.1772382,3,-1,-138
1767173682.1872382,3,-2,-139
1767173682.1972382,8,0,-134
1767173682.2072382,5,-3,-133
1767173682.2172382,4,-4,-128
1767173682.2272382,4,-4,-126
1767173682.2372382,2,-1,-123
1767173682.2472382,3,0,-126
1767173682.257238,4,0,-127
1767173682.267238,4,-3,-127
1767173682.277238,5,0,-131
1767173682.287238,1,2,-131
1767173682.297238,-1,4,-126
1767173682.307238,-1,6,-122
1767173682.317238,1,6,-122
1767173682.327238,1,6,-125
1767173682.337238,1,8,-126
1767173682.347238,0,7,-127
1767173682.357238,-4,6,-127
1767173682.367238,-3,5,-125
1767173682.377238,0,4,-130
1767173682.3872385,1,1,-131
1767173682.3972385,0,-1,-127
1767173682.4072382,5,1,-125
1767173682.4172382,5,7,-129
1767173682.4272382,6,7,-128
1767173682.4372382,8,7,-127
1767173682.4472382,2,4,-127
1767173682.4572382,5,-1,-129
1767173682.4672382,6,-1,-133
1767173682.4772382,3,-3,-131
1767173682.4872382,1,-5,-133
1767173682.4972382,-1,-4,-134
1767173682.507238,3,-1,-135
1767173682.517238,5,-3,-137
1767173682.527238,3,-5,-137
1767173682.537238,2,-8,-134
1767173682.547238,0,-7,-132
1767173682.557238,0,-4,-131
1767173682.567238,-2,-4,-131
1767173682.577238,0,-9,-130
1767173682.587238,3,-10,-130
1767173682.5982382,2,-7,-129
1767173682.6082382,4,-2,-128
1767173682.617238,4,0,-130
1767173682.627238,1,-3,-122
1767173682.6372385,-2,-1,-121
1767173682.6482382,0,-1,-124
1767173682.6572382,1,-6,-124
1767173682.6682382,0,-5,-127
1767173682.6782382,3,-3,-126
1767173682.688238,2,-5,-120
1767173682.6972382,1,-10,-123
1767173682.708238,-1,-6,-126
1767173682.718238,0,-4,-120
1767173682.728238,1,-7,-123
1767173682.738238,1,-7,-121
1767173682.748238,-3,-8,-126
1767173682.758238,-1,-4,-123
1767173682.768238,-4,-2,-121
1767173682.778238,-7,1,-122
1767173682.788238,-7,4,-118
1767173682.798238,-5,0,-115
1767173682.8082385,-4,1,-116
1767173682.8182385,-3,-1,-114
1767173682.8282382,-7,-1,-113
1767173682.8382382,-4,-4,-112
1767173682.8482382,-3,-2,-116
1767173682.8582382,0,-1,-122
1767173682.8682382,3,-4,-130
1767173682.8782382,0,-7,-128
1767173682.8882382,3,-6,-130
1767173682.8982382,2,-7,-126
1767173682.9082382,-2,-8,-125
1767173682.9182382,-2,-4,-121
1767173682.9282382,-1,-4,-123
1767173682.938238,0,-8,-123
1767173682.948238,0,-7,-123
1767173682.958238,0,-6,-122
1767173682.968238,0,-7,-121
1767173682.978238,0,-7,-119
1767173682.988238,0,-7,-119
1767173682.998238,-1,-6,-125
1767173683.008238,-2,-8,-127
1767173683.018238,1,-9,-125
1767173683.028238,3,-10,-121
1767173683.038238,3,-7,-121
1767173683.048238,5,-3,-122
1767173683.0582385,7,-9,-123
1767173683.0682385,4,-4,-122
1767173683.0782382,2,-4,-128
1767173683.0882382,0,-3,-122
1767173683.0982382,3,-3,-121
1767173683.1082382,8,-2,-123
1767173683.1182382,6,-2,-124
1767173683.1282382,6,-3,-128
1767173683.1382382,3,-5,-128
1767173683.1482382,4,-9,-129
1767173683.1582382,4,-3,-127
1767173683.1682382,2,-1,-130
1767173683.1782382,1,0,-133
1767173683.188238,0,1,-133
1767173683.198238,0,1,-129
1767173683.208238,-2,1,-121
1767173683.218238,1,-1,-120
1767173683.228238,4,-3,-120
1767173683.238238,0,-3,-125
1767173683.248238,4,-5,-127
1767173683.258238,5,-5,-125
1767173683.268238,-1,-4,-124
1767173683.278238,-7,-2,-122
1767173683.288238,-8,-1,-122
1767173683.298238,-8,2,-117
1767173683.3082385,-3,1,-117
1767173683.3182385,-2,0,-125
1767173683.3282382,-3,-1,-122
1767173683.3382382,-4,0,-123
1767173683.3482382,-4,1,-123
1767173683.3582382,-5,6,-120
1767173683.3682382,-2,8,-122
1767173683.3782382,0,5,-120
1767173683.3882382,-4,0,-123
1767173683.3982382,-4,1,-119
1767173683.4082382,-3,1,-115
1767173683.4182382,0,1,-120
1767173683.4282382,0,0,-126
1767173683.438238,-6,3,-130
1767173683.448238,-7,0,-139
1767173683.458238,-5,-2,-140
1767173683.468238,-1,-2,-140
1767173683.478238,-4,0,-136
1767173683.488238,-3,-3,-138
1767173683.498238,-4,-1,-137
1767173683.508238,-5,-1,-134
1767173683.518238,-6,-4,-132
1767173683.528238,-2,-5,-129
1767173683.538238,-1,-5,-130
1767173683.548238,-4,-8,-127
1767173683.5582385,1,-9,-123
1767173683.5682385,0,-6,-122
1767173683.5782382,3,-6,-126
1767173683.5882382,4,-3,-127
1767173683.5982382,5,-1,-132
1767173683.6082382,2,-2,-136
1767173683.6182382,3,-4,-137
1767173683.6282382,1,-3,-132
1767173683.6382382,-4,0,-131
1767173683.6482382,-3,-3,-131
1767173683.6582382,-6,-2,-129
1767173683.6682382,-2,-2,-132
1767173683.6782382,-4,-1,-126
1767173683.688238,-6,2,-126
1767173683.698238,-5,0,-131
1767173683.708238,-5,0,-124
1767173683.718238,-4,-1,-119
1767173683.728238,-3,-3,-119
1767173683.738238,1,-5,-121
1767173683.748238,2,-3,-124
1767173683.758238,5,-2,-123
1767173683.768238,5,-5,-125
1767173683.778238,5,-7,-121
1767173683.788238,4,-3,-112
1767173683.798238,1,-4,-108
1767173683.8082385,0,-2,-109
1767173683.8182385,0,-6,-116
1767173683.8282382,0,-7,-116
1767173683.8382382,0,-7,-118
1767173683.8482382,-2,-8,-116
1767173683.8582382,1,-8,-120
1767173683.8682382,0,-7,-125
1767173683.8782382,0,-3,-126
1767173683.8882382,0,-3,-127
1767173683.8982382,0,-5,-123
1767173683.9082382,1,-5,-122
1767173683.9182382,4,-8,-123
1767173683.9282382,2,-10,-119
1767173683.938238,0,-12,-119
1767173683.948238,0,-10,-116
1767173683.958238,-2,-9,-120
1767173683.968238,-5,-5,-122
1767173683.978238,-7,-7,-121
1767173683.988238,-4,-7,-126
1767173683.998238,2,-7,-128
1767173684.008238,3,-6,-125
1767173684.018238,0,-3,-131
1767173684.028238,2,0,-125
1767173684.038238,1,-4,-120
1767173684.048238,1,-4,-119
1767173684.0582385,-1,-4,-121
1767173684.0682385,-1,-6,-123
1767173684.0782382,0,-3,-127
1767173684.0882382,0,-3,-123
1767173684.0982382,-1,-7,-126
1767173684.1082382,-1,-12,-126
1767173684.1182382,-6,-15,-126
1767173684.1282382,-2,-13,-124
1767173684.1382382,-5,-12,-128
1767173684.1482382,-5,-7,-121
1767173684.1582382,-1,-8,-123
1767173684.1682382,0,-7,-121
1767173684.1782382,-5,-6,-115
1767173684.188238,-7,-7,-119
1767173684.198238,-5,-7,-116
1767173684.208238,-4,-1,-116
1767173684.218238,-5,1,-128
1767173684.228238,-6,1,-126
1767173684.238238,-1,2,-116
1767173684.248238,1,1,-114
1767173684.258238,2,0,-113
1767173684.268238,3,-2,-116
1767173684.278238,2,-1,-120
1767173684.288238,5,-2,-124
1767173684.298238,3,-5,-118
1767173684.3082385,0,-4,-115
1767173684.3182385,0,-6,-121
1767173684.3282382,2,-7,-120
1767173684.3382382,3,-3,-122
1767173684.3482382,0,-1,-118
1767173684.3582382,-4,0,-120
1767173684.3682382,-5,-9,-123
1767173684.3782382,-6,-7,-123
1767173684.3882382,-8,-5,-124
1767173684.3982382,-8,-5,-122
1767173684.4082382,-6,-3,-117
1767173684.4182382,-1,-3,-119
1767173684.4282382,-2,-5,-117
1767173684.438238,-2,-5,-123
1767173684.448238,-2,-7,-123
1767173684.458238,-1,-5,-120
1767173684.468238,-1,-7,-115
1767173684.478238,-4,-7,-117
1767173684.488238,-3,-4,-122
1767173684.498238,2,0,-126
1767173684.508238,0,-5,-128
1767173684.518238,0,-7,-125
1767173684.528238,0,-6,-120
1767173684.538238,-2,-5,-124
1767173684.548238,-2,-8,-124
1767173684.5582385,-5,-6,-122
1767173684.5682385,-5,-7,-119
1767173684.5782382,0,-4,-122
1767173684.5882382,1,-3,-127
1767173684.5982382,2,-2,-127
1767173684.6082382,-2,-3,-129
1767173684.6182382,-1,-3,-124
1767173684.6282382,1,-1,-126
1767173684.6382382,0,2,-127
1767173684.6482382,0,-1,-133
1767173684.6582382,4,-6,-130
1767173684.6682382,3,-4,-129
1767173684.6782382,0,-1,-131
1767173684.688238,-3,-5,-129
1767173684.698238,-1,-4,-122
1767173684.708238,0,-6,-120
1767173684.718238,2,-7,-119
1767173684.728238,1,-6,-124
1767173684.738238,2,-4,-123
1767173684.748238,1,-3,-121
1767173684.758238,2,-4,-121
1767173684.768238,1,-5,-125
1767173684.778238,0,-1,-121
1767173684.788238,1,3,-121
1767173684.798238,0,-3,-124
1767173684.8082385,6,-5,-126
1767173684.8182385,4,-7,-124
1767173684.8282382,5,-3,-128
1767173684.8382382,3,-1,-130
1767173684.8482382,4,-1,-129
1767173684.8582382,3,-3,-125
1767173684.8682382,0,-4,-117
1767173684.8782382,-1,-2,-123
1767173684.8882382,-2,0,-119
1767173684.8982382,1,1,-119
1767173684.9082382,2,0,-121
1767173684.9182382,3,-1,-124
1767173684.9282382,5,-1,-127
1767173684.938238,6,-4,-129
1767173684.948238,2,-3,-125
1767173684.958238,3,-6,-122
1767173684.968238,1,-6,-125
1767173684.978238,0,-4,-124
1767173684.988238,-1,-7,-125
1767173684.998238,1,-6,-128
1767173685.008238,0,-2,-125
1767173685.018238,0,1,-124
1767173685.028238,-5,-1,-124
1767173685.038238,-8,-4,-116
1767173685.048238,-6,-6,-118
1767173685.0582385,-6,-12,-125
1767173685.0682385,-1,-9,-127
1767173685.0782382,-2,-6,-129
1767173685.0882382,-2,-5,-124
1767173685.0982382,-1,0,-119
1767173685.1082382,0,1,-119
1767173685.1182382,-2,0,-123
1767173685.1282382,1,-1,-122
1767173685.1382382,0,-4,-119
1767173685.149238,-4,-2,-120
1767173685.1582382,-6,-1,-126
1767173685.1682382,-3,-2,-130
1767173685.1782382,-3,-4,-135
1767173685.188238,0,-3,-132
1767173685.198238,4,-2,-128
1767173685.208238,0,1,-125
1767173685.218238,-1,-2,-124
1767173685.228238,-1,0,-125
1767173685.2392385,-1,3,-127
1767173685.248238,0,1,-131
1767173685.2592382,0,-3,-127
1767173685.2692382,-2,-1,-129
1767173685.2792382,-4,-4,-135
1767173685.2892382,-1,-6,-136
1767173685.298238,2,-2,-140
1767173685.3092382,3,0,-138
1767173685.3182385,3,-1,-135
1767173685.3292382,5,-3,-130
1767173685.3392382,6,-7,-131
1767173685.3492382,3,-9,-134
1767173685.359238,2,-12,-132
1767173685.369238,0,-8,-135
1767173685.379238,-1,-7,-141
1767173685.389238,0,-13,-141
1767173685.399238,0,-9,-140
1767173685.409238,3,-3,-139
1767173685.419238,1,0,-135
1767173685.429238,4,-3,-124
1767173685.439238,7,-3,-122
1767173685.449238,7,0,-113
1767173685.459238,4,-2,-111
1767173685.469238,3,-3,-114
1767173685.4792385,0,-7,-123
1767173685.4892385,0,-3,-124
1767173685.4992385,2,-3,-115
1767173685.5092382,0,-4,-116
1767173685.5192382,1,-5,-123
1767173685.5292382,2,-6,-126
1767173685.5392382,3,-4,-122
1767173685.5492382,2,0,-120
1767173685.5592382,8,-2,-118
1767173685.5692382,8,-1,-121
1767173685.5792382,10,-3,-121
1767173685.5892382,8,-3,-124
1767173685.5992382,7,1,-127
1767173685.609238,3,3,-126
1767173685.619238,2,8,-128
1767173685.629238,-3,5,-128
1767173685.639238,0,2,-123
1767173685.649238,0,-4,-122
1767173685.659238,0,-2,-127
1767173685.669238,0,0,-124
1767173685.679238,0,3,-122
1767173685.689238,0,5,-132
1767173685.699238,1,6,-129
1767173685.709238,2,6,-133
1767173685.719238,-3,4,-133
1767173685.7292385,-5,5,-126
1767173685.7392385,-8,4,-126
1767173685.7492385,-2,5,-123
1767173685.7592382,-5,4,-125
1767173685.7692382,-5,0,-122
1767173685.7792382,-3,-2,-121
1767173685.7892382,-4,-3,-123
1767173685.7992382,-3,2,-127
1767173685.8092382,-1,-4,-129
1767173685.8192382,-1,-6,-130
1767173685.8292382,0,-6,-133
1767173685.8392382,3,-5,-129
1767173685.8492382,1,-6,-121
1767173685.859238,4,-5,-120
1767173685.869238,2,-6,-123
1767173685.879238,2,-5,-124
1767173685.889238,-1,-5,-130
1767173685.899238,0,-4,-133
1767173685.909238,0,-4,-133
1767173685.919238,0,-4,-136
1767173685.929238,1,-5,-142
1767173685.939238,4,-4,-140
1767173685.949238,4,0,-136
1767173685.959238,4,3,-135
1767173685.969238,11,6,-136
1767173685.9792385,14,4,-137
1767173685.9892385,12,5,-136
1767173685.9992385,4,3,-137
1767173686.0092382,3,3,-133
1767173686.0192382,3,6,-128
1767173686.0292382,4,6,-129
1767173686.0392382,2,0,-131
1767173686.0492382,1,4,-134
1767173686.0592382,-1,5,-131
1767173686.0692382,0,2,-131
1767173686.0792382,0,0,-132
1767173686.0892382,-2,1,-122
1767173686.0992382,-3,-2,-117
1767173686.109238,-2,-1,-121
1767173686.119238,0,-3,-120
1767173686.129238,0,0,-119
1767173686.139238,-3,3,-117
1767173686.149238,-6,0,-125
1767173686.159238,-7,3,-123
1767173686.169238,-7,3,-124
1767173686.179238,-2,2,-121
1767173686.189238,-1,-3,-118
1767173686.199238,0,-2,-119
1767173686.209238,0,0,-128
1767173686.219238,0,0,-125
1767173686.2292385,2,1,-129
1767173686.2392385,2,-2,-135
1767173686.2492385,-5,-4,-133
1767173686.2592382,-7,-6,-133
1767173686.2692382,-4,-8,-129
1767173686.2792382,-7,-8,-127
1767173686.2892382,-7,-10,-122
1767173686.2992382,-6,-9,-124
1767173686.3092382,-3,-7,-116
1767173686.3192382,-4,-7,-123
1767173686.3292382,-4,-8,-124
1767173686.3392382,-6,-9,-132
1767173686.3492382,0,-9,-135
1767173686.359238,1,-8,-135
1767173686.369238,-1,-8,-130
1767173686.379238,-4,-8,-125
1767173686.4012382,2,-9,-120
1767173686.409238,4,-4,-114
1767173686.419238,4,-1,-105
1767173686.429238,4,0,-103
1767173686.439238,3,-1,-112
1767173686.449238,0,0,-118
1767173686.459238,2,3,-124
1767173686.469238,6,1,-129
1767173686.4792385,6,2,-130
1767173686.4892385,5,0,-125
1767173686.4992385,0,-3,-128
1767173686.5092382,-3,-3,-129
1767173686.5192382,-6,-2,-129
1767173686.5292382,-1,-5,-124
1767173686.5392382,1,-8,-121
1767173686.5492382,1,-4,-122
1767173686.5592382,3,0,-125
1767173686.5692382,2,-1,-121
1767173686.5792382,0,0,-122
1767173686.5892382,0,1,-121
1767173686.5992382,1,1,-122
1767173686.609238,7,0,-125
1767173686.619238,7,0,-126
1767173686.629238,3,0,-129
1767173686.639238,-1,-3,-129
1767173686.649238,-1,-7,-126
1767173686.659238,-1,-3,-125
1767173686.669238,-1,0,-127
1767173686.679238,0,1,-124
1767173686.689238,2,1,-124
1767173686.699238,4,4,-131
1767173686.709238,2,2,-132
1767173686.719238,3,-1,-121
1767173686.7292385,9,-3,-116
1767173686.7392385,7,-6,-119
1767173686.7492385,8,-5,-124
1767173686.7592382,7,-3,-128
1767173686.7692382,6,-7,-126
1767173686.7792382,11,-3,-124
1767173686.7892382,11,0,-121
1767173686.7992382,8,1,-121
1767173686.8092382,4,0,-120
1767173686.8192382,6,0,-114
1767173686.8292382,10,-1,-112
1767173686.8392382,12,-1,-121
1767173686.8492382,8,-2,-120
1767173686.859238,9,-4,-121
1767173686.869238,4,-4,-124
1767173686.879238,4,-5,-125
1767173686.889238,4,-4,-126
1767173686.899238,3,-5,-121
1767173686.909238,1,-3,-123
1767173686.919238,4,0,-117
1767173686.929238,6,-3,-122
1767173686.939238,3,-1,-127
1767173686.949238,4,2,-123
1767173686.959238,2,2,-124
1767173686.969238,4,4,-125
1767173686.9792385,4,3,-121
1767173686.9892385,1,0,-121
1767173686.9992385,1,-3,-121
1767173687.0092382,2,-4,-125
1767173687.0192382,4,-6,-123
1767173687.0292382,5,-3,-127
1767173687.0392382,5,-4,-127
1767173687.0492382,3,-9,-122
1767173687.0592382,0,-11,-120
1767173687.0692382,-2,-6,-120
1767173687.0792382,-2,-6,-120
1767173687.0892382,0,-2,-120
1767173687.0992382,-3,2,-121
1767173687.109238,-2,3,-122
1767173687.119238,1,5,-124
1767173687.129238,1,4,-123
1767173687.139238,-1,0,-121
1767173687.149238,2,3,-125
1767173687.159238,-1,1,-123
1767173687.169238,-3,-2,-121
1767173687.179238,-3,-5,-115
1767173687.189238,-5,-5,-115
1767173687.199238,-2,0,-121
1767173687.209238,2,0,-126
1767173687.219238,3,2,-127
1767173687.2292385,4,2,-126
1767173687.2392385,4,0,-127
1767173687.2492385,4,0,-123
1767173687.2592382,4,3,-121
1767173687.2692382,1,5,-126
1767173687.2792382,1,9,-120
1767173687.2892382,0,9,-115
1767173687.2992382,0,5,-118
1767173687.3092382,3,1,-120
1767173687.3192382,0,-2,-120
1767173687.3292382,0,-5,-124
1767173687.3392382,0,-6,-126
1767173687.3492382,0,-2,-127
1767173687.359238,-1,0,-123
1767173687.369238,-4,0,-125
1767173687.379238,-2,0,-130
1767173687.389238,-6,0,-132
1767173687.399238,-4,0,-135
1767173687.409238,0,-5,-135
1767173687.419238,0,-5,-129
1767173687.429238,-1,-6,-129
1767173687.439238,0,-7,-133
1767173687.449238,5,-9,-129
1767173687.459238,4,-8,-120
1767173687.469238,3,-4,-120
1767173687.4792385,0,0,-127
1767173687.4892385,0,2,-130
1767173687.4992385,0,0,-131
1767173687.5092382,4,2,-127
1767173687.5192382,4,3,-126
1767173687.5292382,-2,2,-124
1767173687.5392382,-6,3,-129
1767173687.5492382,-3,0,-127
1767173687.5592382,-3,-1,-122
1767173687.5692382,-4,1,-122
1767173687.5792382,0,2,-122
1767173687.5892382,0,-5,-124
1767173687.5992382,1,-7,-120
1767173687.609238,0,-4,-124
1767173687.619238,-3,-3,-133
1767173687.629238,-8,-4,-131
1767173687.639238,-10,-3,-128
1767173687.649238,-8,-1,-128
1767173687.659238,-7,-2,-130
1767173687.669238,-6,-3,-129
1767173687.679238,-5,1,-132
1767173687.689238,2,2,-127
1767173687.699238,1,1,-129
1767173687.709238,5,1,-127
1767173687.719238,6,1,-126
1767173687.7292385,5,1,-129
1767173687.7392385,1,-1,-129
1767173687.7492385,2,-4,-125
1767173687.7592382,1,-3,-120
1767173687.7692382,-2,-6,-121
1767173687.7792382,-5,-2,-128
1767173687.7892382,-4,-4,-127
1767173687.7992382,-3,-1,-128
1767173687.8092382,0,-6,-127
1767173687.8192382,2,-2,-124
1767173687.8292382,-1,-2,-127
1767173687.8392382,-3,1,-127
1767173687.8492382,0,0,-130
1767173687.859238,1,-1,-127
1767173687.869238,-1,-2,-118
1767173687.879238,-3,-2,-112
1767173687.890238,-1,-3,-112
1767173687.899238,-6,-6,-120
1767173687.909238,-9,-7,-120
1767173687.919238,-4,-6,-123
1767173687.929238,-3,-8,-121
1767173687.939238,-5,-4,-121
1767173687.9502382,-2,-2,-118
1767173687.9602382,-3,-1,-115
1767173687.9702382,1,-2,-122
1767173687.9802382,-1,-3,-127
1767173687.9902382,-1,-1,-124
1767173688.0002382,4,0,-118
1767173688.0102382,3,-1,-116
1767173688.0202382,3,-5,-118
1767173688.0302382,4,-6,-120
1767173688.040238,2,-11,-122
1767173688.050238,-1,-12,-120
1767173688.060238,-2,-7,-121
1767173688.070238,-2,-3,-120
1767173688.080238,-2,-1,-121
1767173688.090238,-7,4,-118
1767173688.100238,-9,5,-119
1767173688.110238,-7,7,-123
1767173688.120238,-7,8,-124
1767173688.130238,-7,4,-131
1767173688.140238,-6,4,-131
1767173688.150238,-5,1,-135
1767173688.1602385,-2,-1,-132
1767173688.1702385,-2,1,-131
1767173688.1802382,-2,4,-129
1767173688.1902382,-5,1,-127
1767173688.2002382,-7,2,-122
1767173688.2102382,-11,6,-118
1767173688.2202382,-11,0,-125
1767173688.2302382,-11,-1,-129
1767173688.2402382,-12,-1,-127
1767173688.2502382,-9,-6,-128
1767173688.2602382,-3,-3,-128
1767173688.2702382,-1,-2,-121
1767173688.2802382,-1,-3,-120
1767173688.290238,-3,-3,-121
1767173688.300238,0,-2,-121
1767173688.310238,0,0,-116
1767173688.320238,0,0,-118
1767173688.330238,2,-1,-121
1767173688.340238,3,0,-115
1767173688.350238,1,-2,-117
1767173688.360238,1,-1,-117
1767173688.370238,2,-2,-120
1767173688.380238,0,-3,-125
1767173688.390238,-1,0,-123
1767173688.400238,2,0,-131
1767173688.4102385,5,-4,-136
1767173688.4202385,2,-3,-133
1767173688.4302382,0,1,-132
1767173688.4402382,-2,-1,-129
1767173688.4502382,-2,0,-124
1767173688.4602382,0,-1,-122
1767173688.4702382,-2,-2,-123
1767173688.4802382,-14,0,-120
1767173688.4902382,-9,0,-122
1767173688.5002382,-5,-1,-130
1767173688.5102382,-4,-1,-134
1767173688.5202382,-1,-2,-137
1767173688.5302382,-1,0,-137
1767173688.540238,0,-2,-133
1767173688.550238,2,-2,-135
1767173688.560238,-1,-2,-138
1767173688.570238,-4,0,-132
1767173688.580238,-8,1,-128
1767173688.590238,0,6,-129
1767173688.600238,1,3,-131
1767173688.610238,1,2,-128
1767173688.620238,-4,-2,-124
1767173688.630238,-1,-4,-118
1767173688.640238,-3,-4,-120
1767173688.650238,-1,-6,-116
1767173688.6602385,-1,-8,-123
1767173688.6702385,-4,-8,-125
1767173688.6802382,-2,-10,-127
1767173688.6902382,-7,-3,-129
1767173688.7002382,-6,-3,-124
1767173688.7102382,-6,-4,-129
1767173688.7202382,-6,-7,-134
1767173688.7302382,-2,-6,-134
1767173688.7402382,-2,-7,-126
1767173688.7502382,-6,-5,-127
1767173688.7602382,-5,-2,-127
1767173688.7702382,0,-2,-120
1767173688.7802382,3,0,-127
1767173688.790238,1,1,-134
1767173688.800238,-3,1,-133
1767173688.810238,-3,0,-130
1767173688.820238,-7,0,-124
1767173688.830238,-13,-1,-119
1767173688.840238,-16,-1,-122
1767173688.850238,-11,-6,-119
1767173688.860238,-15,-7,-120
1767173688.870238,-10,-6,-118
1767173688.880238,-9,-8,-128
1767173688.890238,-8,-8,-132
1767173688.900238,-2,-9,-131
1767173688.9102385,-1,-8,-129
1767173688.9202385,-2,-7,-128
1767173688.9302382,-1,-5,-128
1767173688.9402382,-2,-2,-125
1767173688.9502382,-3,0,-125
1767173688.9602382,0,-4,-122
1767173688.9702382,0,-7,-124
1767173688.9802382,-2,-11,-126
1767173688.9902382,-1,-5,-129
1767173689.0002382,0,-5,-125
1767173689.0102382,2,-8,-132
1767173689.0202382,0,-12,-130
1767173689.0302382,-1,-6,-128
1767173689.040238,-1,-6,-118
1767173689.050238,-3,-8,-117
1767173689.060238,-7,-3,-123
1767173689.070238,-6,-2,-120
1767173689.080238,-5,-3,-112
1767173689.090238,-3,-2,-111
1767173689.100238,-3,-2,-111
1767173689.110238,-4,-3,-114
1767173689.120238,0,1,-121
1767173689.130238,0,6,-113
1767173689.140238,1,2,-113
1767173689.150238,-1,1,-114
1767173689.1602385,-3,2,-120
1767173689.1702385,-1,2,-124
1767173689.1802382,0,2,-125
1767173689.1902382,0,1,-126
1767173689.2002382,1,-3,-125
1767173689.2102382,2,0,-125
1767173689.2202382,1,2,-128
1767173689.2302382,4,1,-127
1767173689.2402382,3,2,-125
1767173689.2502382,2,0,-128
1767173689.2602382,0,-2,-129
1767173689.2702382,0,-1,-127
1767173689.2802382,-1,0,-126
1767173689.290238,-4,0,-129
1767173689.300238,-5,0,-134
1767173689.310238,-7,-1,-135
1767173689.320238,-6,-1,-128
1767173689.330238,-5,-1,-123
1767173689.340238,-9,0,-128
1767173689.350238,-12,-2,-129
1767173689.360238,-9,-4,-129
1767173689.370238,-9,-7,-129
1767173689.380238,-8,-2,-130
1767173689.390238,-8,-3,-138
1767173689.400238,-9,-7,-135
1767173689.4102385,-10,-4,-133
1767173689.4202385,-8,-5,-130
1767173689.4302382,-2,-9,-129
1767173689.4402382,2,-8,-134
1767173689.4502382,0,-9,-136
1767173689.4602382,1,-10,-138
1767173689.4702382,3,-6,-131
1767173689.4802382,5,-3,-127
1767173689.4902382,7,2,-126
1767173689.5002382,5,4,-120
1767173689.5102382,6,2,-121
1767173689.5202382,0,0,-120
1767173689.5302382,-4,-2,-123
1767173689.540238,-2,0,-124
1767173689.550238,-2,0,-129
1767173689.560238,4,3,-130
1767173689.570238,8,0,-124
1767173689.580238,2,-2,-130
1767173689.590238,-1,-2,-126
1767173689.600238,-3,2,-122
1767173689.610238,0,0,-120
1767173689.620238,5,0,-123
1767173689.630238,3,-1,-118
1767173689.640238,2,-1,-114
1767173689.650238,0,-1,-112
1767173689.6602385,3,0,-121
1767173689.6702385,6,3,-120
1767173689.6802382,4,4,-123
1767173689.6902382,7,1,-125
1767173689.7002382,4,4,-120
1767173689.7102382,3,2,-127
1767173689.7202382,4,-1,-127
1767173689.7302382,2,-1,-125
1767173689.7402382,-1,1,-124
1767173689.7502382,-1,0,-122
1767173689.7602382,1,-1,-122
1767173689.7702382,1,0,-122
1767173689.7802382,1,3,-114
1767173689.790238,5,3,-122
1767173689.800238,4,0,-127
1767173689.810238,0,1,-123
1767173689.820238,-1,-2,-124
1767173689.830238,4,-3,-126
1767173689.840238,6,-7,-123
1767173689.850238,5,-2,-124
1767173689.860238,8,0,-124
1767173689.870238,6,2,-123
1767173689.880238,2,2,-118
1767173689.890238,2,-3,-122
1767173689.900238,-3,-1,-122
1767173689.9102385,-4,1,-125
1767173689.9202385,-6,3,-119
1767173689.9302382,-5,6,-120
1767173689.9402382,-1,2,-124
1767173689.9502382,3,2,-124
1767173689.9602382,1,1,-123
1767173689.9702382,1,1,-126
1767173689.9802382,-3,-2,-125
1767173689.9902382,-5,0,-128
1767173690.0002382,-3,3,-135
1767173690.0102382,-3,0,-136
1767173690.0202382,-3,0,-138
1767173690.0302382,-4,-1,-132
1767173690.040238,0,-1,-130
1767173690.050238,3,-3,-128
1767173690.060238,2,-2,-125
1767173690.070238,-2,-1,-133
1767173690.080238,1,-5,-132
1767173690.090238,0,-2,-130
1767173690.100238,1,0,-125
1767173690.110238,-1,-4,-121
1767173690.120238,-2,-4,-112
1767173690.130238,0,-7,-117
1767173690.140238,-2,-3,-126
1767173690.150238,-2,0,-128
1767173690.1602385,-2,2,-123
1767173690.1702385,3,1,-123
1767173690.1802382,2,2,-121
1767173690.1902382,0,0,-114
1767173690.2002382,-4,-3,-119
1767173690.2102382,-1,-5,-121
1767173690.2202382,-1,-7,-126
1767173690.2302382,-2,-2,-128
1767173690.2402382,-1,-3,-122
1767173690.2502382,3,-1,-120
1767173690.2602382,3,0,-120
1767173690.2702382,0,-1,-123
1767173690.2802382,-5,1,-118
1767173690.290238,-4,1,-120
1767173690.300238,-3,0,-127
1767173690.310238,-4,-2,-131
1767173690.320238,-5,-2,-125
1767173690.330238,-3,-3,-122
1767173690.340238,0,-5,-123
1767173690.350238,0,-5,-124
1767173690.360238,-2,-1,-124
1767173690.370238,-3,2,-131
1767173690.380238,-3,5,-132
1767173690.390238,-5,1,-135
1767173690.400238,-3,0,-132
1767173690.4102385,-6,-3,-130
1767173690.4202385,-6,-6,-131
1767173690.4302382,-5,-11,-128
1767173690.4402382,-10,-9,-129
1767173690.4502382,-10,-10,-122
1767173690.4602382,-10,-11,-118
1767173690.4702382,-10,-9,-118
1767173690.4802382,-12,-9,-122
1767173690.4902382,-13,-8,-128
1767173690.5002382,-8,-5,-128
1767173690.5102382,-8,-4,-123
1767173690.5202382,-6,-4,-123
1767173690.5302382,-7,-2,-124
1767173690.541238,-3,-2,-123
1767173690.551238,0,-3,-126
1767173690.561238,-2,0,-128
1767173690.571238,-3,0,-128
1767173690.580238,0,-3,-130
1767173690.5912385,-2,-6,-131
1767173690.6012385,0,-7,-128
1767173690.6112382,-2,-6,-125
1767173690.6212382,0,-3,-126
1767173690.6312382,1,0,-120
1767173690.6412382,4,-3,-121
1767173690.6512382,5,-4,-121
1767173690.6612382,0,-3,-129
1767173690.6712382,-1,-6,-129
1767173690.6812382,-4,-3,-127
1767173690.6912382,-5,-7,-125
1767173690.7012382,-6,-8,-127
1767173690.711238,-7,-7,-126
1767173690.721238,-9,-5,-124
1767173690.731238,-6,-7,-125
1767173690.741238,-6,-4,-125
1767173690.751238,2,-6,-117
1767173690.761238,3,-5,-117
1767173690.771238,5,-6,-115
1767173690.781238,2,-9,-117
1767173690.791238,0,-8,-122
1767173690.801238,-5,-4,-124
1767173690.811238,-6,0,-128
1767173690.821238,-1,2,-127
1767173690.8312385,0,1,-117
1767173690.8412385,1,5,-113
1767173690.8512385,2,4,-110
1767173690.8612382,1,2,-113
1767173690.8712382,3,0,-122
1767173690.8812382,3,0,-133
1767173690.8912382,0,0,-130
1767173690.9012382,0,1,-128
1767173690.9112382,0,0,-128
1767173690.9212382,3,4,-131
1767173690.9312382,4,3,-131
1767173690.9412382,1,3,-125
1767173690.9512382,4,4,-130
1767173690.961238,3,0,-129
1767173690.971238,4,0,-125
1767173690.981238,3,-4,-124
1767173690.991238,6,-4,-130
1767173691.001238,5,-8,-131
1767173691.011238,4,-6,-135
1767173691.021238,4,-7,-138
1767173691.031238,0,-7,-142
1767173691.041238,-2,-6,-138
1767173691.051238,-3,-7,-130
1767173691.061238,-1,-2,-128
1767173691.071238,0,-1,-132
1767173691.0812385,1,-2,-135
1767173691.0912385,2,-4,-132
1767173691.1012385,2,-6,-128
1767173691.1112382,4,-3,-126
1767173691.1212382,3,-1,-123
1767173691.1312382,0,-4,-119
1767173691.1412382,-1,-5,-116
1767173691.1512382,-1,-2,-116
1767173691.1612382,-1,-2,-125
1767173691.1712382,-1,-2,-130
1767173691.1812382,-3,-1,-128
1767173691.1912382,-3,2,-126
1767173691.2012382,-4,-1,-124
1767173691.211238,-4,-3,-122
1767173691.221238,-4,-5,-121
1767173691.231238,-4,-2,-124
1767173691.241238,-3,0,-120
1767173691.251238,-6,-1,-111
1767173691.261238,-5,-1,-120
1767173691.271238,-4,0,-123
1767173691.281238,0,-3,-130
1767173691.291238,0,-2,-131
1767173691.301238,-4,-2,-132
1767173691.311238,-7,-3,-123
1767173691.321238,-6,-3,-124
1767173691.3312385,-8,-1,-126
1767173691.3412385,-6,0,-124
1767173691.3512385,-1,1,-129
1767173691.3612382,0,0,-132
1767173691.3712382,3,-1,-130
1767173691.3812382,3,-2,-130
1767173691.3912382,4,-2,-135
1767173691.413238,-3,-2,-123
1767173691.4212382,-5,-3,-121
1767173691.4312382,0,-5,-121
1767173691.4412382,-1,-1,-124
1767173691.4512382,-4,-3,-123
1767173691.461238,-2,-4,-130
1767173691.471238,-2,1,-129
1767173691.481238,1,1,-126
1767173691.491238,1,0,-128
1767173691.501238,2,-1,-132
1767173691.511238,5,-5,-134
1767173691.521238,4,-9,-134
1767173691.531238,2,-10,-132
1767173691.541238,3,-7,-130
1767173691.551238,0,-6,-126
1767173691.561238,3,-3,-120
1767173691.571238,1,0,-126
1767173691.5812385,-6,-2,-126
1767173691.5912385,-3,-3,-124
1767173691.6012385,-2,-1,-122
1767173691.6112382,-4,0,-126
1767173691.6212382,-4,2,-124
1767173691.6312382,-2,3,-124
1767173691.6412382,-4,-1,-116
1767173691.6512382,-6,-2,-127
1767173691.6612382,-2,-1,-133
1767173691.6712382,2,2,-134
1767173691.6812382,0,3,-132
1767173691.6912382,0,1,-131
1767173691.7012382,-1,-1,-133
1767173691.711238,0,-6,-128
1767173691.721238,0,-10,-128
1767173691.731238,2,-10,-130
1767173691.741238,7,-8,-125
1767173691.751238,1,-8,-126
1767173691.761238,-2,-7,-127
1767173691.771238,-3,-12,-120
1767173691.781238,-4,-8,-115
1767173691.791238,-3,-4,-117
1767173691.801238,1,-6,-116
1767173691.811238,1,-4,-125
1767173691.821238,3,-5,-132
1767173691.8312385,5,-6,-132
1767173691.8412385,2,-3,-135
1767173691.8512385,0,-6,-136
1767173691.8612382,-2,-4,-135
1767173691.8712382,0,0,-137
1767173691.8812382,1,0,-130
1767173691.8912382,8,1,-129
1767173691.9012382,4,2,-124
1767173691.9112382,0,7,-121
1767173691.9212382,0,9,-126
1767173691.9312382,0,7,-127
1767173691.9412382,1,2,-120
1767173691.9512382,1,1,-123
1767173691.961238,-1,0,-127
1767173691.971238,1,-1,-124
1767173691.981238,-4,-3,-125
1767173691.991238,-4,-1,-127
1767173692.001238,-6,-1,-129
1767173692.011238,-3,-5,-126
1767173692.021238,-1,-5,-124
1767173692.031238,-3,-5,-130
1767173692.041238,-1,-5,-126
1767173692.051238,-1,0,-126
1767173692.061238,0,4,-121
1767173692.071238,2,1,-121
1767173692.0812385,-1,3,-121
1767173692.0912385,-1,5,-120
1767173692.1012385,0,1,-120
1767173692.1112382,0,1,-121
1767173692.1212382,-1,-1,-121
1767173692.1312382,0,0,-127
1767173692.1412382,0,-4,-133
1767173692.1512382,-4,-4,-128
1767173692.1612382,-5,-5,-128
1767173692.1712382,-5,-4,-119
1767173692.1812382,-11,-7,-118
1767173692.1912382,-10,-7,-120
1767173692.2012382,-10,-5,-126
1767173692.211238,-8,-4,-126
1767173692.221238,-6,-7,-120
1767173692.231238,-9,-6,-118
1767173692.241238,-7,-9,-120
1767173692.251238,-3,-7,-120
1767173692.261238,2,-6,-120
1767173692.271238,-1,-8,-124
1767173692.281238,0,-4,-128
1767173692.291238,0,-4,-127
1767173692.301238,4,-5,-129
1767173692.311238,7,-5,-131
1767173692.321238,4,-5,-132
1767173692.3312385,4,-4,-126
1767173692.3412385,4,-7,-120
1767173692.3512385,2,-5,-120
1767173692.3612382,0,0,-125
1767173692.3712382,0,5,-128
1767173692.3812382,1,3,-124
1767173692.3912382,7,3,-126
1767173692.4012382,4,5,-131
1767173692.4112382,3,10,-134
1767173692.4212382,5,4,-131
1767173692.4312382,-1,3,-136
1767173692.4412382,0,1,-133
1767173692.4512382,-4,-1,-134
1767173692.461238,-1,-6,-132
1767173692.471238,1,-8,-131
1767173692.481238,0,-7,-140
1767173692.491238,-3,0,-146
1767173692.501238,-4,0,-148
1767173692.511238,0,2,-141
1767173692.521238,-1,2,-136
1767173692.531238,-4,0,-125
1767173692.541238,-3,-1,-126
1767173692.551238,-2,0,-134
1767173692.561238,-4,0,-130
1767173692.571238,-5,-1,-130
1767173692.5812385,-7,-3,-124
1767173692.5912385,-5,-2,-126
1767173692.6012385,-7,1,-123
1767173692.6112382,-8,-1,-125
1767173692.6212382,-7,-1,-128
1767173692.6312382,-5,-1,-132
1767173692.6412382,-4,0,-136
1767173692.6512382,-4,1,-132
1767173692.6612382,-1,3,-133
1767173692.6712382,-4,2,-126
1767173692.6812382,-3,0,-128
1767173692.6912382,0,0,-132
1767173692.7012382,1,-1,-125
1767173692.711238,-2,0,-131
1767173692.721238,-3,-2,-130
1767173692.731238,-5,-3,-130
1767173692.741238,-2,-3,-131
1767173692.751238,-1,-5,-129
1767173692.761238,1,-4,-131
1767173692.771238,0,-4,-129
1767173692.781238,-1,-5,-134
1767173692.791238,-1,-1,-135
1767173692.801238,4,2,-137
1767173692.811238,-1,1,-134
1767173692.821238,-2,0,-134
1767173692.8312385,-5,0,-130
1767173692.8412385,-3,0,-126
1767173692.8512385,-1,2,-122
1767173692.8612382,1,0,-116
1767173692.8712382,0,0,-123
1767173692.8812382,4,-1,-125
1767173692.8912382,3,-6,-122
1767173692.9012382,2,-8,-117
1767173692.9112382,0,-5,-118
1767173692.9212382,4,-4,-119
1767173692.9312382,2,-7,-118
1767173692.9412382,2,-3,-122
1767173692.9512382,-1,-3,-128
1767173692.961238,-4,-1,-127
1767173692.971238,-7,0,-128
1767173692.981238,-4,0,-130
1767173692.991238,-10,0,-125
1767173693.001238,-8,2,-126
1767173693.011238,-2,1,-131
1767173693.021238,-2,2,-128
1767173693.031238,-5,5,-136
1767173693.041238,-4,4,-134
1767173693.051238,-6,1,-131
1767173693.061238,-1,0,-123
1767173693.071238,0,0,-121
1767173693.0812385,1,1,-123
1767173693.0912385,1,0,-120
1767173693.1012385,-2,0,-128
1767173693.1112382,1,1,-126
1767173693.1212382,3,3,-121
1767173693.1312382,2,4,-128
1767173693.1412382,2,6,-125
1767173693.1512382,0,5,-123
1767173693.1612382,2,4,-125
1767173693.172238,6,3,-131
1767173693.1812382,6,1,-129
1767173693.1912382,7,3,-128
1767173693.202238,5,5,-127
1767173693.212238,8,4,-126
1767173693.222238,6,7,-131
1767173693.232238,4,4,-129
1767173693.242238,4,5,-129
1767173693.252238,1,5,-129
1767173693.2622385,0,9,-124
1767173693.2722385,1,6,-127
1767173693.2822382,0,5,-123
1767173693.2922382,1,1,-122
1767173693.3022382,0,0,-124
1767173693.3122382,0,0,-123
1767173693.3222382,2,-1,-126
1767173693.3322382,7,1,-130
1767173693.3422382,5,3,-133
1767173693.3522382,3,0,-141
1767173693.3622382,0,-1,-143
1767173693.3722382,0,0,-144
1767173693.382238,3,-2,-143
1767173693.392238,3,-5,-139
1767173693.402238,2,-7,-132
1767173693.412238,-3,-6,-128
1767173693.422238,-5,-6,-128
1767173693.432238,-13,-3,-125
1767173693.442238,-16,-4,-126
1767173693.452238,-8,1,-122
1767173693.462238,-6,2,-119
1767173693.472238,-2,0,-120
1767173693.482238,-4,1,-123
1767173693.492238,-5,0,-125
1767173693.502238,-3,0,-129
1767173693.5122385,-6,-1,-128
1767173693.5222385,-6,0,-131
1767173693.5322382,-7,0,-131
1767173693.5422382,-6,-5,-129
1767173693.5522382,-2,-3,-128
1767173693.5622382,0,-4,-128
1767173693.5722382,1,-3,-135
1767173693.5822382,1,0,-134
1767173693.5922382,-1,2,-124
1767173693.6022382,1,4,-123
1767173693.6122382,7,0,-123
1767173693.6222382,6,-2,-122
1767173693.632238,8,2,-125
1767173693.642238,3,-1,-121
1767173693.652238,0,-3,-119
1767173693.662238,-2,-4,-117
1767173693.672238,-1,-5,-117
1767173693.682238,0,-4,-124
1767173693.692238,-1,-7,-129
1767173693.702238,-4,-3,-128
1767173693.712238,-1,-7,-132
1767173693.722238,1,-7,-129
1767173693.732238,1,1,-123
1767173693.742238,-2,6,-120
1767173693.752238,-4,7,-127
1767173693.7622385,-7,8,-132
1767173693.7722385,-5,4,-128
1767173693.7822382,-2,4,-121
1767173693.7922382,0,7,-118
1767173693.8022382,0,10,-123
1767173693.8122382,-1,5,-124
1767173693.8222382,2,0,-125
1767173693.8322382,-2,-1,-132
1767173693.8422382,-2,-2,-131
1767173693.8522382,-1,-1,-128
1767173693.8622382,0,2,-129
1767173693.8722382,0,5,-135
1767173693.882238,0,3,-139
1767173693.892238,-1,0,-132
1767173693.902238,-4,0,-128
1767173693.912238,-5,-3,-124
1767173693.922238,-8,-7,-121
1767173693.932238,-7,-5,-121
1767173693.942238,-9,-3,-123
1767173693.952238,-2,-3,-118
1767173693.962238,0,-6,-118
1767173693.972238,-2,-7,-112
1767173693.982238,-2,-6,-112
1767173693.992238,-2,-5,-117
1767173694.002238,-3,-7,-123
1767173694.0122385,-9,-5,-123
1767173694.0222385,-9,-7,-125
1767173694.0322382,-6,-4,-129
1767173694.0422382,-9,-6,-120
1767173694.0522382,-8,-3,-122
1767173694.0622382,-7,-1,-122
1767173694.0722382,-9,-2,-128
1767173694.0822382,-10,-3,-129
1767173694.0922382,-6,-3,-133
1767173694.1022382,-5,-6,-130
1767173694.1122382,-6,-10,-134
1767173694.1222382,-3,-11,-128
1767173694.132238,-2,-11,-129
1767173694.142238,0,-10,-124
1767173694.152238,2,-10,-123
1767173694.162238,3,-10,-128
1767173694.172238,4,-9,-124
1767173694.182238,4,-7,-121
1767173694.192238,2,-1,-120
1767173694.202238,3,-1,-120
1767173694.212238,4,-1,-121
1767173694.222238,1,-4,-119
1767173694.232238,3,-1,-121
1767173694.242238,0,-3,-126
1767173694.252238,4,-2,-120
1767173694.2622385,6,-5,-121
1767173694.2722385,5,0,-124
1767173694.2822382,6,-1,-122
1767173694.2922382,2,-3,-129
1767173694.3022382,4,0,-129
1767173694.3122382,1,1,-132
1767173694.3222382,0,1,-130
1767173694.3322382,0,0,-133
1767173694.3422382,0,3,-131
1767173694.3522382,0,0,-131
1767173694.3622382,0,-1,-135
1767173694.3722382,-1,0,-129
1767173694.382238,2,1,-129
1767173694.392238,3,1,-133
1767173694.402238,2,2,-129
1767173694.412238,0,4,-124
1767173694.422238,0,4,-123
1767173694.432238,2,4,-128
1767173694.442238,3,1,-129
1767173694.452238,4,4,-127
1767173694.462238,4,3,-125
1767173694.472238,5,-3,-126
1767173694.482238,3,-2,-122
1767173694.492238,2,0,-117
1767173694.502238,6,5,-116
1767173694.5122385,5,5,-119
1767173694.5222385,-4,0,-124
1767173694.5322382,-2,-3,-121
1767173694.5422382,-3,-3,-117
1767173694.5522382,-5,-4,-119
1767173694.5622382,-3,-6,-124
1767173694.5722382,-2,-3,-128
1767173694.5822382,2,-4,-126
1767173694.5922382,1,0,-124
1767173694.6022382,1,-5,-122
1767173694.6122382,-3,-3,-124
1767173694.6222382,-4,0,-128
1767173694.632238,-4,1,-128
1767173694.642238,-3,0,-128
1767173694.652238,-8,2,-126
1767173694.662238,-12,4,-122
1767173694.672238,-10,3,-121
1767173694.682238,-7,1,-126
1767173694.692238,-8,5,-128
1767173694.702238,-11,3,-124
1767173694.712238,-9,2,-128
1767173694.722238,-6,2,-131
1767173694.732238,-4,1,-126
1767173694.742238,-3,-1,-132
1767173694.752238,-1,-2,-131
1767173694.7622385,0,-5,-130
1767173694.7722385,-1,-1,-124
1767173694.7822382,-3,3,-119
1767173694.7922382,-2,4,-126
1767173694.8022382,-3,3,-128
1767173694.8122382,-6,5,-118
1767173694.8222382,-4,5,-116
1767173694.8322382,0,4,-116
1767173694.8422382,0,2,-126
1767173694.8522382,2,3,-128
1767173694.8622382,6,0,-127
1767173694.8722382,5,-2,-124
1767173694.882238,1,0,-125
1767173694.892238,2,-2,-129
1767173694.902238,5,0,-127
1767173694.912238,0,0,-133
1767173694.922238,0,-2,-141
1767173694.932238,1,1,-142
1767173694.942238,0,-2,-140
1767173694.952238,2,0,-143
1767173694.962238,9,0,-140
1767173694.972238,5,-1,-133
1767173694.982238,2,-2,-126
1767173694.992238,3,0,-125
1767173695.002238,6,-1,-127
1767173695.0122385,6,1,-126
1767173695.0222385,4,0,-129
1767173695.0322382,1,0,-130
1767173695.0422382,4,-2,-126
1767173695.0522382,8,-7,-123
1767173695.0622382,3,-6,-124
1767173695.0722382,-1,-3,-125
1767173695.0822382,-1,-3,-131
1767173695.0922382,0,0,-136
1767173695.1022382,-1,-5,-137
1767173695.1122382,2,-1,-142
1767173695.1222382,4,1,-139
1767173695.132238,0,-2,-134
1767173695.142238,0,-3,-130
1767173695.152238,1,-3,-126
1767173695.162238,-2,-1,-125
1767173695.172238,1,-5,-127
1767173695.182238,-2,-7,-127
1767173695.192238,-1,-7,-127
1767173695.202238,3,-7,-130
1767173695.212238,6,-5,-132
1767173695.222238,2,-1,-129
1767173695.232238,-1,-2,-135
1767173695.242238,0,-2,-136
1767173695.252238,-2,-8,-136
1767173695.2622385,-3,-9,-139
1767173695.2722385,0,-9,-136
1767173695.2822382,4,-5,-132
1767173695.2922382,6,-3,-131
1767173695.3022382,7,-3,-128
1767173695.3122382,2,-5,-128
1767173695.3222382,0,-2,-123
1767173695.3322382,-2,-6,-118
1767173695.3422382,-2,-10,-118
1767173695.3522382,-1,-13,-119
1767173695.3622382,-3,-12,-124
1767173695.3722382,1,-7,-126
1767173695.382238,2,-6,-124
1767173695.392238,1,-6,-127
1767173695.402238,-3,-7,-128
1767173695.412238,0,-7,-123
1767173695.422238,0,-1,-120
1767173695.432238,0,-3,-121
1767173695.442238,-1,-3,-121
1767173695.452238,3,-6,-119
1767173695.462238,1,-1,-116
1767173695.472238,4,-5,-117
1767173695.482238,1,-7,-121
1767173695.492238,3,-6,-123
1767173695.502238,0,-7,-124
1767173695.5122385,0,-10,-128
1767173695.5222385,0,-10,-124
1767173695.5322382,1,-8,-120
1767173695.5422382,5,-5,-121
1767173695.5522382,5,-1,-124
1767173695.5622382,4,-2,-122
1767173695.5722382,6,-2,-119
1767173695.5822382,1,0,-123
1767173695.5922382,5,-2,-123
1767173695.6022382,2,1,-130
1767173695.6122382,5,1,-128
1767173695.6222382,5,-3,-123
1767173695.632238,4,-2,-124
1767173695.642238,6,-5,-127
1767173695.652238,0,-3,-131
1767173695.662238,5,0,-131
1767173695.672238,4,1,-126
1767173695.682238,8,0,-121
1767173695.692238,6,0,-123
1767173695.702238,9,0,-120
1767173695.712238,7,-3,-119
1767173695.722238,4,-4,-118
1767173695.732238,-1,-7,-114
1767173695.742238,0,-4,-117
1767173695.752238,-1,-5,-122
1767173695.7622385,-3,-7,-134
1767173695.7722385,-2,-5,-137
1767173695.7822382,2,-6,-134
1767173695.7922382,5,-10,-130
1767173695.8032382,6,-11,-129
1767173695.813238,3,-10,-127
1767173695.823238,-1,-9,-129
1767173695.833238,0,-6,-128
1767173695.843238,0,-5,-131
1767173695.8522382,0,-4,-130
1767173695.863238,-4,-8,-126
1767173695.873238,-9,-9,-124
1767173695.883238,-7,-4,-118
1767173695.893238,-10,-4,-120
1767173695.903238,-10,-1,-121
1767173695.913238,-8,0,-116
1767173695.923238,-3,0,-120
1767173695.9332385,-1,-3,-120
1767173695.9432385,-1,-4,-119
1767173695.9532382,-2,-1,-124
1767173695.9632382,-1,-1,-128
1767173695.9732382,-1,-1,-127
1767173695.9832382,-2,-2,-129
1767173695.9932382,-5,0,-123
1767173696.0032382,-4,-2,-124
1767173696.0132382,-8,-2,-125
1767173696.0232382,-9,-2,-124
1767173696.0332382,-10,-3,-123
1767173696.0432382,-8,0,-130
1767173696.0532382,-8,0,-135
1767173696.063238,-5,4,-131
1767173696.073238,-3,2,-133
1767173696.083238,-4,0,-131
1767173696.093238,0,1,-135
1767173696.103238,2,-2,-141
1767173696.113238,0,-3,-136
1767173696.123238,1,-4,-130
1767173696.133238,3,-8,-121
1767173696.143238,0,-9,-124
1767173696.153238,-2,-9,-130
1767173696.163238,0,-6,-127
1767173696.173238,-1,0,-126
1767173696.1832385,-1,-2,-127
1767173696.1932385,0,-8,-128
1767173696.2032382,1,-6,-123
1767173696.2132382,7,-4,-125
1767173696.2232382,4,-2,-125
1767173696.2332382,2,0,-123
1767173696.2432382,1,1,-120
1767173696.2532382,0,0,-120
1767173696.2632382,0,-2,-117
1767173696.2732382,4,-2,-124
1767173696.2832382,1,-2,-126
1767173696.2932382,0,-2,-126
1767173696.3032382,0,0,-120
1767173696.313238,1,1,-120
1767173696.323238,5,0,-121
1767173696.333238,11,0,-123
1767173696.343238,11,-2,-121
1767173696.353238,9,-5,-122
1767173696.363238,5,-5,-123
1767173696.373238,4,-3,-123
1767173696.383238,5,-1,-123
1767173696.393238,3,-3,-126
1767173696.403238,0,-4,-128
1767173696.425238,1,-1,-126
1767173696.4332385,0,0,-124
1767173696.4432385,-4,0,-127
1767173696.4532382,0,4,-125
1767173696.4632382,3,2,-129
1767173696.4732382,-4,-2,-129
1767173696.4832382,-6,-7,-127
1767173696.4932382,-2,-11,-133
1767173696.5032382,-5,-13,-135
1767173696.5132382,-4,-11,-137
1767173696.5232382,-5,-9,-136
1767173696.5332382,-6,-7,-140
1767173696.5432382,-4,-5,-137
1767173696.5532382,-3,-6,-134
1767173696.563238,-4,-4,-133
1767173696.573238,-1,0,-132
1767173696.583238,-3,0,-126
1767173696.593238,-2,1,-123
1767173696.603238,0,0,-128
1767173696.613238,0,-1,-131
1767173696.623238,0,-5,-134
1767173696.633238,-7,-10,-140
1767173696.643238,-8,-10,-132
1767173696.653238,-6,-8,-132
1767173696.663238,-3,-13,-132
1767173696.673238,-2,-11,-126
1767173696.6832385,-7,-7,-125
1767173696.6932385,-5,-3,-123
1767173696.7032382,-1,-6,-123
1767173696.7132382,-2,-1,-123
1767173696.7232382,-6,0,-122
1767173696.7332382,1,3,-123
1767173696.7432382,0,2,-120
1767173696.7532382,-2,2,-121
1767173696.7632382,-2,-1,-121
1767173696.7732382,0,-6,-120
1767173696.7832382,0,-4,-122
1767173696.7932382,2,-1,-122
1767173696.8032382,3,-2,-125
1767173696.813238,2,-9,-125
1767173696.823238,4,-8,-119
1767173696.833238,3,-8,-117
1767173696.843238,4,-4,-114
1767173696.853238,0,0,-123
1767173696.863238,-5,2,-125
1767173696.873238,-2,5,-125
1767173696.883238,-6,3,-126
1767173696.893238,-5,1,-127
1767173696.903238,-6,1,-130
1767173696.913238,-5,1,-132
1767173696.923238,-4,0,-128
1767173696.9332385,2,0,-122
1767173696.9432385,4,-3,-118
1767173696.9532382,4,-7,-116
1767173696.9632382,2,-10,-116
1767173696.9732382,0,-12,-123
1767173696.9832382,0,-10,-134
1767173696.9932382,1,-11,-132
1767173697.0032382,2,-6,-133
1767173697.0132382,6,-3,-130
1767173697.0232382,2,-5,-134
1767173697.0332382,-4,-4,-137
1767173697.0432382,-9,-5,-134
1767173697.0532382,-10,-7,-133
1767173697.063238,-6,-4,-132
1767173697.073238,-1,-6,-133
1767173697.083238,3,-5,-130
1767173697.093238,2,-3,-127
1767173697.103238,4,0,-123
1767173697.113238,4,3,-123
1767173697.123238,2,1,-122
1767173697.133238,-1,0,-118
1767173697.143238,-2,-3,-121
1767173697.153238,-3,-2,-119
1767173697.163238,0,-4,-113
1767173697.173238,2,-2,-112
1767173697.1832385,6,0,-114
1767173697.1932385,7,0,-114
1767173697.2032382,8,0,-124
1767173697.2132382,4,2,-116
1767173697.2232382,-2,2,-116
1767173697.2332382,-4,1,-122
1767173697.2432382,-5,0,-121
1767173697.2532382,-6,-1,-124
1767173697.2632382,-6,-3,-128
1767173697.2732382,-5,-4,-130
1767173697.2832382,-8,-2,-134
1767173697.2932382,-9,-1,-133
1767173697.3032382,-5,0,-123
1767173697.313238,-3,1,-120
1767173697.323238,-2,0,-123
1767173697.333238,1,0,-119
1767173697.343238,-1,1,-115
1767173697.353238,-3,0,-113
1767173697.363238,-2,-2,-119
1767173697.373238,-3,-1,-118
1767173697.383238,-3,-3,-119
1767173697.393238,-2,-6,-118
1767173697.403238,-4,-3,-120
1767173697.413238,-8,-2,-126
1767173697.423238,-7,-3,-123
1767173697.4332385,-4,-2,-118
1767173697.4432385,-6,-2,-118
1767173697.4532382,-7,5,-117
1767173697.4632382,-12,5,-117
1767173697.4732382,-11,5,-121
1767173697.4832382,-8,2,-125
1767173697.4932382,-7,1,-126
1767173697.5032382,-3,3,-129
1767173697.5132382,-1,0,-127
1767173697.5232382,-1,-1,-129
1767173697.5332382,0,3,-135
1767173697.5432382,1,2,-136
1767173697.5532382,4,3,-137
1767173697.563238,6,3,-132
1767173697.573238,2,4,-130
1767173697.583238,0,3,-131
1767173697.593238,-4,0,-131
1767173697.603238,-4,0,-132
1767173697.613238,-4,0,-130
1767173697.623238,-7,-1,-123
1767173697.633238,-4,1,-130
1767173697.643238,-3,0,-131
1767173697.653238,1,1,-133
1767173697.663238,0,3,-131
1767173697.673238,-2,8,-122
1767173697.6832385,0,5,-116
1767173697.6932385,0,5,-117
1767173697.7032382,-1,2,-124
1767173697.7132382,0,1,-121
1767173697.7232382,5,1,-117
1767173697.7332382,5,-2,-117
1767173697.7432382,2,0,-111
1767173697.7532382,1,-5,-112
1767173697.7632382,-2,-3,-116
1767173697.7732382,0,0,-115
1767173697.7832382,-2,3,-120
1767173697.7932382,-1,1,-120
1767173697.8032382,2,-2,-123
1767173697.813238,4,0,-129
1767173697.823238,0,1,-128
1767173697.833238,-1,3,-126
1767173697.843238,-1,7,-128
1767173697.853238,-1,6,-130
1767173697.863238,0,6,-124
1767173697.873238,-1,7,-119
1767173697.883238,-3,3,-123
1767173697.893238,-2,2,-123
1767173697.903238,0,0,-121
1767173697.913238,1,0,-118
1767173697.923238,0,4,-116
1767173697.9332385,0,2,-119
1767173697.9432385,0,6,-116
1767173697.9532382,0,6,-116
1767173697.9632382,0,6,-115
1767173697.9732382,-3,6,-120
1767173697.9832382,-5,3,-121
1767173697.9932382,-2,1,-127
1767173698.0032382,-3,0,-126
1767173698.0132382,-3,2,-120
1767173698.0232382,-6,0,-119
1767173698.0332382,-4,3,-121
1767173698.0432382,-1,2,-122
1767173698.0532382,-2,0,-120
1767173698.063238,-2,0,-120
1767173698.073238,-2,1,-116
1767173698.083238,-1,2,-121
1767173698.093238,-6,3,-128
1767173698.103238,-7,1,-132
1767173698.113238,-8,1,-135
1767173698.123238,-6,1,-140
1767173698.133238,-8,3,-138
1767173698.143238,-4,4,-133
1767173698.153238,-1,3,-133
1767173698.163238,0,7,-135
1767173698.173238,3,6,-133
1767173698.1832385,2,6,-125
1767173698.1932385,3,4,-116
1767173698.2032382,0,5,-120
1767173698.2132382,0,2,-128
1767173698.2232382,1,0,-132
1767173698.2332382,-5,1,-132
1767173698.2432382,-8,1,-134
1767173698.2532382,-5,0,-129
1767173698.2632382,-7,3,-124
1767173698.2732382,-1,2,-126
1767173698.2832382,-3,4,-127
1767173698.2932382,-6,0,-125
1767173698.3032382,0,-2,-130
1767173698.313238,0,0,-125
1767173698.323238,1,1,-132
1767173698.333238,0,-1,-131
1767173698.343238,1,0,-135
1767173698.353238,3,1,-130
1767173698.363238,2,-1,-126
1767173698.373238,5,-1,-124
1767173698.383238,5,-2,-125
1767173698.393238,2,-1,-131
1767173698.403238,-1,-2,-125
1767173698.413238,1,-4,-124
1767173698.423238,1,-5,-126
1767173698.4332385,-2,-5,-128
1767173698.4442382,0,-4,-125
1767173698.4532382,-3,-3,-128
1767173698.4632382,-2,-1,-124
1767173698.4732382,0,-2,-130
1767173698.4832382,2,-4,-135
1767173698.494238,1,-2,-142
1767173698.504238,0,-4,-139
1767173698.514238,0,-8,-140
1767173698.524238,-2,-9,-136
1767173698.534238,-3,-8,-137
1767173698.544238,0,-4,-136
1767173698.554238,0,-3,-133
1767173698.564238,0,-4,-134
1767173698.574238,0,-2,-127
1767173698.584238,1,-3,-123
1767173698.594238,4,-5,-123
1767173698.6042385,2,-4,-123
1767173698.6142385,-3,-7,-118
1767173698.6242385,-2,-4,-121
1767173698.6342382,-3,0,-123
1767173698.6442382,-1,2,-125
1767173698.6542382,0,2,-127
1767173698.6642382,-3,-4,-131
1767173698.6742382,0,-5,-134
1767173698.6842382,0,-3,-127
1767173698.6942382,-2,-2,-128
1767173698.7042382,-3,-4,-132
1767173698.7142382,0,-1,-128
1767173698.7242382,-1,1,-128
1767173698.734238,0,2,-126
1767173698.744238,-1,4,-128
1767173698.754238,-3,0,-131
1767173698.764238,-5,-4,-127
1767173698.774238,-7,-6,-120
1767173698.784238,-11,-4,-119
1767173698.794238,-8,0,-117
1767173698.804238,-4,-1,-123
1767173698.814238,-4,0,-123
1767173698.824238,-4,-2,-122
1767173698.834238,-5,-2,-115
1767173698.844238,0,0,-117
1767173698.8542385,-1,-3,-123
1767173698.8642385,-1,-2,-122
1767173698.8742385,-2,-4,-121
1767173698.8842382,0,-6,-125
1767173698.8942382,0,-4,-123
1767173698.9042382,-2,-3,-127
1767173698.9142382,-1,-2,-130
1767173698.9242382,-2,-4,-125
1767173698.9342382,-1,-2,-123
1767173698.9442382,0,-3,-125
1767173698.9542382,-4,-6,-134
1767173698.9642382,-4,-8,-135
1767173698.9742382,2,-8,-130
1767173698.984238,-1,-11,-127
1767173698.994238,-2,-13,-127
1767173699.004238,-4,-6,-124
1767173699.014238,-3,-7,-125
1767173699.024238,-3,-8,-123
1767173699.034238,-4,-8,-122
1767173699.044238,-3,-8,-117
1767173699.054238,-2,-8,-117
1767173699.064238,0,-4,-119
1767173699.074238,5,-1,-121
1767173699.084238,6,0,-126
1767173699.094238,1,2,-132
1767173699.1042385,2,4,-136
1767173699.1142385,0,0,-134
1767173699.1242385,-2,1,-131
1767173699.1342382,-3,0,-131
1767173699.1442382,-5,-2,-124
1767173699.1542382,-5,-2,-133
1767173699.1642382,-1,0,-132
1767173699.1742382,-8,-4,-126
1767173699.1842382,-9,-6,-120
1767173699.1942382,-7,-6,-119
1767173699.2042382,-9,-3,-113
1767173699.2142382,-9,0,-118
1767173699.2242382,-6,-3,-116
1767173699.234238,-2,-4,-120
1767173699.244238,-1,-5,-122
1767173699.254238,0,-5,-123
1767173699.264238,3,-2,-123
1767173699.274238,0,2,-122
1767173699.284238,-5,5,-121
1767173699.294238,-4,4,-122
1767173699.304238,-7,0,-129
1767173699.314238,-9,-2,-138
1767173699.324238,-7,-3,-133
1767173699.334238,-4,-4,-135
1767173699.344238,-1,-5,-131
1767173699.3542385,-4,-5,-136
1767173699.3642385,-2,-8,-134
1767173699.3742385,0,-11,-123
1767173699.3842382,0,-7,-116
1767173699.3942382,0,-7,-117
1767173699.4042382,-3,-4,-112
1767173699.4142382,-3,1,-116
1767173699.4242382,-6,0,-117
1767173699.4342382,-6,0,-113
1767173699.4442382,-2,1,-120
1767173699.4542382,-1,2,-125
1767173699.4642382,-1,0,-123
1767173699.4742382,-3,0,-119
1767173699.484238,0,0,-118
1767173699.494238,0,-2,-117
1767173699.504238,2,-2,-120
1767173699.514238,-1,-4,-116
1767173699.524238,-7,-5,-119
1767173699.534238,-7,-6,-120
1767173699.544238,-2,-3,-119
1767173699.554238,-6,-4,-123
1767173699.564238,0,-5,-123
1767173699.574238,-1,-5,-120
1767173699.584238,1,-6,-120
1767173699.594238,0,-7,-130
1767173699.6042385,-2,-9,-134
1767173699.6142385,-1,-7,-129
1767173699.6242385,0,-11,-129
1767173699.6342382,-1,-10,-124
1767173699.6442382,-1,-6,-124
1767173699.6542382,1,-4,-123
1767173699.6642382,5,-2,-124
1767173699.6742382,6,-2,-120
1767173699.6842382,6,-3,-119
1767173699.6942382,4,-1,-119
1767173699.7042382,3,-5,-117
1767173699.7142382,1,-12,-116
1767173699.7242382,2,-12,-119
1767173699.734238,0,-10,-124
1767173699.744238,0,-8,-119
1767173699.754238,3,-5,-123
1767173699.764238,3,-3,-124
1767173699.774238,1,-3,-128
1767173699.784238,-1,-1,-129
1767173699.794238,-2,-6,-134
1767173699.804238,-3,-9,-128
1767173699.814238,-8,-8,-132
1767173699.824238,-10,-6,-128
1767173699.834238,-7,-8,-125
1767173699.844238,-5,-8,-129
1767173699.8542385,-5,-9,-124
1767173699.8642385,-2,-2,-124
1767173699.8742385,-7,-2,-120
1767173699.8842382,-6,-7,-117
1767173699.8942382,-4,-10,-118
1767173699.9042382,-4,-10,-119
1767173699.9142382,-5,-7,-125
1767173699.9242382,-2,-7,-130
1767173699.9342382,-1,-5,-137
1767173699.9442382,-3,-3,-140
1767173699.9542382,-3,-1,-135
1767173699.9642382,-6,-4,-136
1767173699.9742382,-6,-8,-134
1767173699.984238,-8,-11,-131
1767173699.994238,-10,-8,-127
1767173700.004238,-9,-5,-126
1767173700.014238,-6,-5,-126
1767173700.024238,-8,-3,-124
1767173700.034238,-3,-2,-120
1767173700.044238,-3,-4,-117
1767173700.054238,-2,-4,-121
1767173700.064238,0,-1,-123
1767173700.074238,3,3,-123
1767173700.084238,2,3,-126
1767173700.094238,1,0,-131
1767173700.1042385,0,-1,-135
1767173700.1142385,-1,0,-134
1767173700.1242385,0,-3,-130
1767173700.1342382,-1,0,-130
1767173700.1442382,0,3,-130
1767173700.1542382,3,1,-136
1767173700.1642382,0,2,-131
1767173700.1742382,-1,6,-128
1767173700.1842382,-3,5,-132
1767173700.1942382,2,2,-134
1767173700.2042382,3,2,-130
1767173700.2142382,2,4,-127
1767173700.2242382,4,3,-126
1767173700.234238,1,3,-121
1767173700.244238,4,1,-126
1767173700.254238,2,2,-128
1767173700.264238,3,0,-126
1767173700.274238,2,-6,-120
1767173700.284238,3,-9,-119
1767173700.294238,0,-4,-124
1767173700.304238,-1,-2,-127
1767173700.314238,0,-2,-133
1767173700.324238,-1,0,-133
1767173700.334238,-5,-7,-137
1767173700.344238,-1,-5,-135
1767173700.3542385,0,-4,-136
1767173700.3642385,0,1,-136
1767173700.3742385,-1,3,-137
1767173700.3842382,0,4,-136
1767173700.3942382,0,5,-137
1767173700.4042382,-2,3,-131
1767173700.4142382,-3,5,-128
1767173700.4242382,-4,4,-124
1767173700.4342382,-8,-1,-127
1767173700.4442382,-11,-4,-132
1767173700.4542382,-2,-6,-133
1767173700.4642382,-1,-6,-130
1767173700.4742382,0,-8,-125
1767173700.484238,2,-10,-121
1767173700.494238,4,-8,-124
1767173700.504238,0,-4,-125
1767173700.514238,0,-1,-127
1767173700.524238,1,0,-131
1767173700.534238,1,-4,-139
1767173700.544238,0,-7,-138
1767173700.554238,-4,-8,-133
1767173700.564238,-1,-5,-128
1767173700.574238,-3,1,-133
1767173700.584238,-2,1,-132
1767173700.594238,-8,-2,-128
1767173700.6042385,-6,-2,-128
1767173700.6142385,-7,-4,-133
1767173700.6242385,-11,-1,-130
1767173700.6342382,-12,-3,-123
1767173700.6442382,-11,-6,-125
1767173700.6542382,-13,-3,-126
1767173700.6642382,-13,-3,-122
1767173700.6742382,-8,-6,-123
1767173700.6842382,-4,-7,-125
1767173700.6942382,-1,-10,-123
1767173700.7042382,1,-5,-121
1767173700.7142382,1,-7,-120
1767173700.7242382,-1,-6,-119
1767173700.734238,1,0,-127
1767173700.744238,2,-1,-129
1767173700.754238,0,-2,-129
1767173700.764238,0,-3,-125
1767173700.774238,-2,-2,-126
1767173700.784238,-1,-6,-130
1767173700.794238,0,-4,-129
1767173700.804238,0,-2,-129
1767173700.814238,1,0,-130
1767173700.824238,2,-4,-129
1767173700.834238,1,-5,-126
1767173700.844238,-1,-5,-127
1767173700.8542385,-4,-10,-119
1767173700.8642385,4,-9,-119
1767173700.8742385,2,-5,-117
1767173700.8842382,5,-3,-117
1767173700.8942382,4,-2,-125
1767173700.9042382,4,-2,-121
1767173700.9142382,1,1,-123
1767173700.9242382,1,0,-123
1767173700.9342382,-1,1,-128
1767173700.9442382,-4,0,-126
1767173700.9542382,-1,-2,-132
1767173700.9642382,-1,-7,-126
1767173700.9742382,-5,-7,-131
1767173700.984238,-7,-9,-125
1767173700.994238,-3,-4,-126
1767173701.004238,0,-7,-122
1767173701.014238,0,-8,-126
1767173701.024238,0,-7,-128
1767173701.034238,-1,-4,-127
1767173701.044238,0,-4,-124
1767173701.054238,0,-8,-117
1767173701.064238,1,-6,-115
1767173701.0752382,0,-5,-120
1767173701.0852382,-3,-6,-114
1767173701.094238,-3,-3,-115
1767173701.1052382,0,-4,-113
1767173701.1142385,0,-2,-116
1767173701.1242385,-2,0,-111
1767173701.1352382,0,-1,-119
1767173701.1452382,1,-3,-131
1767173701.1552382,2,-1,-135
1767173701.165238,2,-3,-129
1767173701.175238,0,-5,-124
1767173701.185238,-2,-5,-126
1767173701.195238,-4,-5,-125
1767173701.205238,-5,-1,-135
1767173701.215238,-6,-2,-127
1767173701.225238,-5,-1,-125
1767173701.235238,-6,1,-121
1767173701.245238,-1,0,-124
1767173701.255238,-4,-3,-124
1767173701.265238,-5,-1,-123
1767173701.275238,-7,0,-117
1767173701.2852385,-8,0,-118
1767173701.2952385,-8,0,-117
1767173701.3052382,-5,2,-110
1767173701.3152382,-2,3,-110
1767173701.3252382,-3,5,-113
1767173701.3352382,-2,-1,-121
1767173701.3452382,-1,0,-129
1767173701.3552382,-2,0,-126
1767173701.3652382,-1,1,-130
1767173701.3752382,0,0,-131
1767173701.3852382,4,-1,-135
1767173701.3952382,5,0,-129
1767173701.4052382,1,-1,-125
1767173701.415238,1,-1,-121
1767173701.4372382,4,-2,-123
1767173701.445238,4,0,-120
1767173701.455238,4,-3,-124
1767173701.465238,0,-4,-119
1767173701.475238,0,-3,-121
1767173701.485238,1,-5,-122
1767173701.495238,-4,-1,-121
1767173701.505238,-7,-1,-123
1767173701.515238,-4,-2,-127
1767173701.525238,-6,-3,-127
1767173701.5352385,-7,-5,-126
1767173701.5452385,-5,-5,-123
1767173701.5552382,-7,-3,-124
1767173701.5652382,-4,-2,-116
1767173701.5752382,0,0,-117
1767173701.5852382,4,-7,-118
1767173701.5952382,7,-5,-120
1767173701.6052382,6,-5,-117
1767173701.6152382,5,-6,-124
1767173701.6252382,4,-6,-126
1767173701.6352382,2,-5,-120
1767173701.6452382,0,-5,-120
1767173701.6552382,0,-4,-114
1767173701.665238,-4,-7,-111
1767173701.675238,-10,-6,-117
1767173701.685238,-6,-7,-120
1767173701.695238,-3,-7,-116
1767173701.705238,0,-5,-111
1767173701.715238,-5,-5,-111
1767173701.725238,-3,-5,-117
1767173701.735238,-4,-6,-125
1767173701.745238,-6,-7,-119
1767173701.755238,-1,-3,-119
1767173701.765238,0,-1,-121
1767173701.775238,5,0,-125
1767173701.7852385,4,-3,-134
1767173701.7952385,2,-6,-128
1767173701.8052382,2,-2,-132
1767173701.8152382,4,-1,-130
1767173701.8252382,2,-4,-127
1767173701.8352382,5,-2,-129
1767173701.8452382,7,-3,-126
1767173701.8552382,6,-5,-126
1767173701.8652382,8,-5,-126
1767173701.8752382,5,-7,-129
1767173701.8852382,0,-6,-124
1767173701.8952382,0,-4,-125
1767173701.9052382,0,-5,-135
1767173701.915238,-2,-3,-130
1767173701.925238,0,-3,-124
1767173701.935238,3,0,-132
1767173701.945238,0,0,-133
1767173701.955238,0,1,-129
1767173701.965238,0,-2,-132
1767173701.975238,-2,-5,-137
1767173701.985238,0,-2,-132
1767173701.995238,-5,-3,-127
1767173702.005238,-6,-1,-123
1767173702.015238,-3,1,-118
1767173702.025238,-4,0,-123
1767173702.0352385,-4,2,-123
1767173702.0452385,-5,0,-126
1767173702.0552382,-1,0,-124
1767173702.0652382,-3,-5,-130
1767173702.0752382,-2,-3,-120
1767173702.0852382,0,-4,-118
1767173702.0952382,0,-2,-119
1767173702.1052382,-3,-3,-123
1767173702.1152382,-1,-2,-127
1767173702.1252382,-6,-3,-130
1767173702.1352382,-3,-2,-130
1767173702.1452382,-5,-2,-120
1767173702.1552382,-3,2,-119
1767173702.165238,-3,0,-126
1767173702.175238,-1,2,-123
1767173702.185238,-3,2,-122
1767173702.195238,-3,0,-126
1767173702.205238,0,1,-121
1767173702.215238,4,1,-124
1767173702.225238,0,1,-129
1767173702.235238,-4,1,-121
1767173702.245238,-4,-1,-116
1767173702.255238,0,-5,-123
1767173702.265238,1,-2,-121
1767173702.275238,0,-6,-125
1767173702.2852385,3,-7,-129
1767173702.2952385,6,-5,-132
1767173702.3052382,2,-6,-130
1767173702.3152382,-1,-3,-128
1767173702.3252382,-2,-5,-131
1767173702.3352382,1,-4,-119
1767173702.3452382,1,-2,-124
1767173702.3552382,0,-2,-124
1767173702.3652382,-3,0,-126
1767173702.3752382,0,2,-125
1767173702.3852382,1,2,-124
1767173702.3952382,0,1,-122
1767173702.4052382,7,3,-123
1767173702.415238,4,-2,-124
1767173702.425238,3,-1,-122
1767173702.435238,-1,0,-118
1767173702.445238,-5,1,-119
1767173702.455238,-5,4,-122
1767173702.465238,-2,2,-122
1767173702.475238,-1,0,-124
1767173702.485238,-2,4,-128
1767173702.495238,0,0,-135
1767173702.505238,1,1,-138
1767173702.515238,4,1,-136
1767173702.525238,0,0,-137
1767173702.5352385,1,0,-137
1767173702.5452385,0,0,-135
1767173702.5552382,2,-4,-129
1767173702.5652382,3,-5,-134
1767173702.5752382,3,-2,-137
1767173702.5852382,4,0,-133
1767173702.5952382,2,0,-126
1767173702.6052382,0,-3,-131
1767173702.6152382,-2,-1,-128
1767173702.6252382,0,0,-132
1767173702.6352382,0,2,-129
1767173702.6452382,1,1,-122
1767173702.6552382,-3,4,-123
1767173702.665238,-1,1,-125
1767173702.675238,-3,3,-128
1767173702.685238,-3,3,-132
1767173702.695238,-7,1,-128
1767173702.705238,0,0,-123
1767173702.715238,-4,0,-119
1767173702.725238,0,1,-121
1767173702.735238,-3,0,-119
1767173702.745238,-5,0,-116
1767173702.755238,-2,-2,-117
1767173702.765238,-1,0,-119
1767173702.775238,-3,4,-121
1767173702.7852385,-3,0,-122
1767173702.7952385,-5,0,-122
1767173702.8052382,-6,-1,-121
1767173702.8152382,-3,-3,-122
1767173702.8252382,-3,-3,-122
1767173702.8352382,-6,-3,-119
1767173702.8452382,-11,-4,-120
1767173702.8552382,-11,-9,-124
1767173702.8652382,-9,-7,-125
1767173702.8752382,-5,-7,-123
1767173702.8852382,0,-6,-122
1767173702.8952382,3,-3,-122
1767173702.9052382,4,-2,-125
1767173702.915238,5,-3,-127
1767173702.925238,8,-1,-121
1767173702.935238,6,-3,-126
1767173702.945238,1,-3,-128
1767173702.955238,0,-2,-122
1767173702.965238,1,1,-123
1767173702.975238,2,-1,-114
1767173702.985238,6,-1,-118
1767173702.995238,10,-1,-115
1767173703.005238,6,-2,-114
1767173703.015238,1,-4,-114
1767173703.025238,-2,-3,-121
1767173703.0352385,-3,-2,-117
1767173703.0452385,-2,0,-119
1767173703.0552382,-2,0,-119
1767173703.0652382,0,-2,-122
1767173703.0752382,1,0,-131
1767173703.0852382,2,0,-128
1767173703.0952382,0,-3,-125
1767173703.1052382,-1,-3,-126
1767173703.1152382,-2,-2,-122
1767173703.1252382,0,-1,-128
1767173703.1352382,1,-2,-124
1767173703.1452382,3,-1,-118
1767173703.1552382,2,-1,-119
1767173703.165238,4,0,-112
1767173703.175238,3,0,-113
1767173703.185238,4,0,-112
1767173703.195238,0,-1,-115
1767173703.205238,2,-3,-120
1767173703.215238,1,-2,-122
1767173703.225238,2,0,-127
1767173703.235238,2,-2,-122
1767173703.245238,2,-3,-125
1767173703.255238,0,-1,-126
1767173703.265238,1,-1,-125
1767173703.275238,-1,-3,-129
1767173703.2852385,0,-4,-132
1767173703.2952385,4,-1,-134
1767173703.3052382,11,-1,-134
1767173703.3152382,11,-1,-130
1767173703.3252382,7,-3,-129
1767173703.3352382,9,-3,-120
1767173703.3452382,11,-6,-117
1767173703.3552382,12,-4,-117
1767173703.3652382,9,-5,-116
1767173703.3752382,4,-9,-119
1767173703.3852382,4,-8,-122
1767173703.3952382,4,-9,-117
1767173703.4052382,5,-6,-123
1767173703.415238,4,-4,-127
1767173703.425238,3,1,-125
1767173703.435238,4,1,-129
1767173703.445238,4,-3,-133
1767173703.455238,1,-2,-130
1767173703.465238,1,0,-127
1767173703.475238,0,-1,-117
1767173703.485238,-2,1,-116
1767173703.495238,0,0,-119
1767173703.505238,0,-2,-124
1767173703.515238,-4,-2,-128
1767173703.525238,-6,1,-126
1767173703.5352385,-3,-1,-127
1767173703.5452385,1,-2,-129
1767173703.5552382,0,-2,-126
1767173703.5652382,-2,-1,-126
1767173703.5752382,4,-9,-125
1767173703.5852382,0,-4,-128
1767173703.5952382,-4,0,-135
1767173703.6052382,0,0,-133
1767173703.6152382,3,1,-130
1767173703.6252382,1,0,-130
1767173703.6352382,2,-4,-126
1767173703.6452382,4,1,-123
1767173703.6552382,3,0,-121
1767173703.665238,0,-1,-128
1767173703.676238,0,-2,-131
1767173703.685238,-2,-2,-136
1767173703.695238,1,0,-137
1767173703.705238,1,1,-146
1767173703.7162385,2,3,-140
1767173703.7262385,-2,5,-137
1767173703.7362382,-4,1,-130
1767173703.7462382,-6,2,-129
1767173703.7562382,-6,1,-129
1767173703.7662382,-5,1,-126
1767173703.7762382,-2,6,-129
1767173703.7862382,-3,1,-125
1767173703.7962382,-2,3,-121
1767173703.8062382,-1,0,-127
1767173703.8162382,-2,-4,-134
1767173703.8262382,0,-9,-133
1767173703.836238,3,-8,-127
1767173703.846238,1,-9,-129
1767173703.856238,0,-11,-124
1767173703.866238,0,-14,-122
1767173703.876238,4,-10,-123
1767173703.886238,5,-7,-126
1767173703.896238,2,-8,-132
1767173703.906238,2,-5,-136
1767173703.916238,1,-8,-136
1767173703.926238,5,-3,-133
1767173703.936238,6,0,-125
1767173703.946238,5,-1,-123
1767173703.9562385,7,0,-119
1767173703.9662385,6,-2,-117
1767173703.9762385,3,-3,-120
1767173703.9862382,0,0,-119
1767173703.9962382,-4,0,-123
1767173704.0062382,-3,0,-116
1767173704.0162382,-4,0,-119
1767173704.0262382,-2,0,-115
1767173704.0362382,2,-1,-125
1767173704.0462382,3,0,-128
1767173704.0562382,1,0,-128
1767173704.0662382,0,0,-123
1767173704.0762382,-1,1,-125
1767173704.086238,-3,0,-124
1767173704.096238,1,-2,-130
1767173704.106238,1,-1,-123
1767173704.116238,0,-1,-120
1767173704.126238,-1,0,-118
1767173704.136238,-2,-4,-123
1767173704.146238,-2,-4,-119
1767173704.156238,-8,-3,-118
1767173704.166238,-8,-4,-117
1767173704.176238,-8,-9,-116
1767173704.186238,-6,-9,-111
1767173704.196238,-5,-5,-119
1767173704.2062385,-3,-8,-127
1767173704.2162385,-8,-9,-120
1767173704.2262385,-4,-5,-119
1767173704.2362382,-2,-3,-124
1767173704.2462382,0,-3,-125
1767173704.2562382,0,-3,-131
1767173704.2662382,-3,4,-128
1767173704.2762382,-4,0,-124
1767173704.2862382,-1,7,-121
1767173704.2962382,0,6,-115
1767173704.3062382,0,2,-116
1767173704.3162382,-3,0,-118
1767173704.3262382,-1,-4,-114
1767173704.336238,-1,-2,-114
1767173704.346238,-2,-2,-109
1767173704.356238,-1,-6,-113
1767173704.366238,-3,-8,-125
1767173704.376238,-3,-4,-128
1767173704.386238,0,0,-128
1767173704.396238,3,0,-126
1767173704.406238,5,0,-127
1767173704.416238,5,1,-125
1767173704.426238,2,3,-131
1767173704.436238,6,7,-122
1767173704.446238,9,5,-120
1767173704.4562385,4,2,-115
1767173704.4662385,-1,1,-116
1767173704.4762385,3,0,-117
1767173704.4862382,2,3,-119
1767173704.4962382,5,2,-120
1767173704.5062382,6,-2,-119
1767173704.5162382,5,-2,-120
1767173704.5262382,1,-3,-119
1767173704.5362382,0,0,-120
1767173704.5462382,1,0,-125
1767173704.5562382,1,-2,-126
1767173704.5662382,0,0,-127
1767173704.5762382,1,-2,-124
1767173704.586238,-1,-3,-120
1767173704.596238,-4,0,-119
1767173704.606238,-4,1,-122
1767173704.616238,-5,-1,-125
1767173704.626238,-5,-2,-129
1767173704.636238,-5,0,-126
1767173704.646238,0,-1,-122
1767173704.656238,0,-3,-123
1767173704.666238,-3,-2,-133
1767173704.676238,-4,-3,-133
1767173704.686238,-3,-7,-133
1767173704.696238,-2,-8,-131
1767173704.7062385,0,-8,-129
1767173704.7162385,-4,-4,-127
1767173704.7262385,-5,-8,-128
1767173704.7362382,-5,-8,-130
1767173704.7462382,-3,-4,-120
1767173704.7562382,-4,-4,-118
1767173704.7662382,2,-6,-119
1767173704.7762382,3,-8,-122
1767173704.7862382,7,-8,-121
1767173704.7962382,9,-4,-123
1767173704.8062382,4,-2,-130
1767173704.8162382,2,-3,-130
1767173704.8262382,0,-3,-124
1767173704.836238,0,-2,-127
1767173704.846238,4,-3,-131
1767173704.856238,5,-4,-138
1767173704.866238,5,0,-135
1767173704.876238,0,2,-129
1767173704.886238,3,0,-129
1767173704.896238,0,2,-129
1767173704.906238,-1,3,-128
1767173704.916238,-4,3,-123
1767173704.926238,0,2,-119
1767173704.936238,4,0,-125
1767173704.946238,2,0,-129
1767173704.9562385,-1,0,-125
1767173704.9662385,2,4,-121
1767173704.9762385,0,1,-130
1767173704.9862382,0,0,-132
1767173704.9962382,0,0,-136
1767173705.0062382,0,1,-136
1767173705.0162382,-5,4,-131
1767173705.0262382,-6,6,-120
1767173705.0362382,-9,7,-113
1767173705.0462382,-6,3,-120
1767173705.0562382,-4,2,-119
1767173705.0662382,-3,1,-116
1767173705.0762382,-1,1,-119
1767173705.086238,-3,0,-114
1767173705.096238,-2,0,-118
1767173705.106238,0,0,-115
1767173705.116238,-1,-2,-110
1767173705.126238,-4,-4,-118
1767173705.136238,0,-5,-127
1767173705.146238,0,-3,-126
1767173705.156238,2,-5,-126
1767173705.166238,3,-6,-122
1767173705.176238,3,-4,-121
1767173705.186238,6,-2,-126
1767173705.196238,3,0,-125
1767173705.2062385,-3,1,-128
1767173705.2162385,-3,-2,-128
1767173705.2262385,-4,-1,-119
1767173705.2362382,-10,0,-120
1767173705.2462382,-5,-2,-118
1767173705.2562382,-7,-6,-115
1767173705.2662382,-6,-10,-118
1767173705.2762382,-6,-10,-125
1767173705.2862382,0,-8,-129
1767173705.2962382,-3,-5,-127
1767173705.3062382,-6,-4,-123
1767173705.3162382,-8,-8,-119
1767173705.3262382,-7,-3,-117
1767173705.336238,-4,0,-123
1767173705.346238,-4,2,-126
1767173705.356238,-2,3,-125
1767173705.366238,3,-1,-120
1767173705.376238,5,0,-120
1767173705.386238,5,-1,-114
1767173705.396238,3,-6,-120
1767173705.406238,1,-7,-125
1767173705.416238,0,-7,-131
1767173705.426238,-2,-4,-128
1767173705.436238,0,-3,-133
1767173705.446238,-2,-3,-131
1767173705.4562385,0,-3,-130
1767173705.4662385,0,0,-130
1767173705.4762385,0,5,-127
1767173705.4862382,-2,0,-132
1767173705.4962382,-1,-1,-134
1767173705.5062382,-2,-4,-135
1767173705.5162382,-2,-8,-138
1767173705.5262382,-2,-3,-142
1767173705.5362382,0,-4,-138
1767173705.5462382,-6,-2,-138
1767173705.5562382,-4,2,-130
1767173705.5662382,-5,3,-130
1767173705.5762382,-4,2,-131
1767173705.586238,-5,-3,-126
1767173705.596238,-3,-5,-131
1767173705.606238,-6,-1,-133
1767173705.616238,-7,2,-130
1767173705.626238,-6,-1,-126
1767173705.636238,-1,-3,-131
1767173705.646238,0,-1,-138
1767173705.656238,4,0,-137
1767173705.666238,3,0,-127
1767173705.676238,2,1,-124
1767173705.686238,1,1,-130
1767173705.696238,0,0,-130
1767173705.7062385,-2,-3,-125
1767173705.7162385,1,-4,-126
1767173705.7262385,1,-2,-128
1767173705.7362382,0,-3,-128
1767173705.7462382,0,-3,-127
1767173705.7562382,1,0,-127
1767173705.7662382,3,-3,-129
1767173705.7762382,-2,0,-120
1767173705.7862382,0,0,-125
1767173705.7962382,1,1,-131
1767173705.8062382,-1,4,-123
1767173705.8162382,-5,4,-126
1767173705.8262382,0,3,-119
1767173705.836238,4,2,-124
1767173705.846238,8,-3,-133
1767173705.856238,6,-2,-136
1767173705.866238,12,-5,-138
1767173705.876238,11,0,-137
1767173705.886238,6,0,-133
1767173705.896238,3,2,-134
1767173705.906238,3,0,-131
1767173705.916238,2,0,-133
1767173705.926238,0,-2,-127
1767173705.936238,2,-2,-120
1767173705.946238,-1,-2,-124
1767173705.9562385,0,-2,-121
1767173705.9662385,3,-3,-125
1767173705.9762385,4,-1,-121
1767173705.9862382,0,-1,-124
1767173705.9962382,-4,-6,-132
1767173706.0062382,-5,-11,-133
1767173706.0162382,-8,-6,-125
1767173706.0262382,-1,-4,-123
1767173706.0362382,-1,-3,-122
1767173706.0462382,-1,-4,-122
1767173706.0562382,0,-1,-127
1767173706.0662382,2,-1,-135
1767173706.0762382,-2,-3,-142
1767173706.086238,-5,-6,-143
1767173706.096238,-6,-9,-142
1767173706.106238,-2,-5,-137
1767173706.116238,-2,-1,-138
1767173706.126238,-3,0,-132
1767173706.136238,-4,1,-129
1767173706.146238,-2,3,-125
1767173706.156238,-1,6,-128
1767173706.166238,0,0,-130
1767173706.176238,-4,-2,-128
1767173706.186238,-1,0,-129
1767173706.196238,0,0,-132
1767173706.2062385,-1,5,-130
1767173706.2162385,-2,0,-127
1767173706.2262385,0,-2,-128
1767173706.2362382,3,-3,-123
1767173706.2462382,3,-1,-128
1767173706.2562382,0,0,-130
1767173706.2662382,0,0,-125
1767173706.2762382,-1,1,-123
1767173706.2862382,-1,2,-116
1767173706.2962382,2,-2,-124
1767173706.3062382,0,-2,-121
1767173706.317238,-1,-7,-121
1767173706.3262382,-2,-6,-119
1767173706.336238,1,-8,-124
1767173706.347238,3,-11,-121
1767173706.356238,6,-10,-125
1767173706.367238,5,-8,-128
1767173706.377238,7,-3,-122
1767173706.3872385,8,-4,-119
1767173706.3972385,9,-4,-116
1767173706.406238,0,0,-122
1767173706.4172382,-2,2,-119
1767173706.4272382,1,0,-120
1767173706.449238,1,-6,-121
1767173706.4572382,1,-3,-121
1767173706.4672382,3,-1,-118
1767173706.4772382,0,-2,-111
1767173706.4872382,-1,-2,-111
1767173706.4972382,-1,-3,-117
1767173706.507238,0,-3,-123
1767173706.517238,0,-7,-129
1767173706.527238,-3,-6,-127
1767173706.537238,-7,-1,-120
1767173706.547238,-8,-2,-126
1767173706.557238,-13,-3,-125
1767173706.567238,-13,-6,-131
1767173706.577238,-11,-6,-131
1767173706.587238,-9,-4,-130
1767173706.597238,-7,0,-121
1767173706.607238,-5,3,-122
1767173706.617238,-2,3,-117
1767173706.627238,-2,1,-120
1767173706.6372385,-2,0,-127
1767173706.6472385,-1,2,-130
1767173706.6572382,-5,1,-130
1767173706.6672382,-3,2,-127
1767173706.6772382,-3,2,-130
1767173706.6872382,-4,1,-126
1767173706.6972382,-5,0,-123
1767173706.7072382,-8,0,-120
1767173706.7172382,-9,1,-116
1767173706.7272382,-12,1,-110
1767173706.7372382,-8,0,-115
1767173706.7472382,-9,0,-113
1767173706.757238,-7,-5,-112
1767173706.767238,-3,-3,-107
1767173706.777238,-4,-4,-109
1767173706.787238,1,-7,-117
1767173706.797238,0,-5,-127
1767173706.807238,0,0,-122
1767173706.817238,-2,0,-125
1767173706.827238,0,0,-126
1767173706.837238,0,-4,-126
1767173706.847238,0,0,-123
1767173706.857238,0,2,-109
1767173706.867238,3,2,-108
1767173706.877238,6,3,-117
1767173706.8872385,4,4,-116
1767173706.8972385,5,1,-121
1767173706.9072382,0,4,-121
1767173706.9172382,-3,7,-125
1767173706.9272382,-1,4,-123
1767173706.9372382,0,3,-123
1767173706.9472382,-1,2,-126
1767173706.9572382,-1,-1,-127
1767173706.9672382,0,1,-135
1767173706.9772382,1,0,-127
1767173706.9872382,0,-2,-122
1767173706.9972382,5,0,-119
1767173707.007238,4,3,-121
1767173707.017238,5,4,-123
1767173707.027238,3,3,-127
1767173707.037238,6,1,-128
1767173707.047238,7,-3,-134
1767173707.057238,3,-5,-138
1767173707.067238,3,-2,-134
1767173707.077238,3,-3,-130
1767173707.087238,4,-2,-131
1767173707.097238,5,-2,-139
1767173707.107238,4,-3,-130
1767173707.117238,5,-2,-129
1767173707.127238,3,-1,-128
1767173707.1372385,-1,-2,-127
1767173707.1472385,-2,-1,-123
1767173707.1572382,6,-3,-124
1767173707.1672382,7,-1,-121
1767173707.1772382,7,-1,-119
1767173707.1872382,2,-1,-124
1767173707.1972382,0,0,-132
1767173707.2072382,0,3,-119
1767173707.2172382,-4,3,-119
1767173707.2272382,-7,-1,-124
1767173707.2372382,-6,-3,-122
1767173707.2472382,-4,-6,-125
1767173707.257238,-5,-11,-126
1767173707.267238,-3,-12,-122
1767173707.277238,0,-11,-121
1767173707.287238,2,-7,-124
1767173707.297238,1,0,-127
1767173707.307238,2,0,-131
1767173707.317238,0,2,-140
1767173707.327238,-2,3,-137
1767173707.337238,-4,0,-130
1767173707.347238,-6,-1,-121
1767173707.357238,-6,-3,-132
1767173707.367238,-2,-4,-130
1767173707.377238,1,-7,-131
1767173707.3872385,3,-9,-137
1767173707.3972385,1,-3,-133
1767173707.4072382,3,-3,-131
1767173707.4172382,7,0,-137
1767173707.4272382,7,1,-139
1767173707.4372382,5,0,-141
1767173707.4472382,3,-3,-141
1767173707.4572382,5,-3,-136
1767173707.4672382,2,-2,-135
1767173707.4772382,1,-1,-129
1767173707.4872382,4,-2,-132
1767173707.4972382,3,-3,-134
1767173707.507238,2,-4,-135
1767173707.517238,7,-2,-134
1767173707.527238,4,-4,-132
1767173707.537238,6,-4,-131
1767173707.547238,10,-1,-120
1767173707.557238,10,0,-125
1767173707.567238,6,-1,-121
1767173707.577238,0,-6,-120
1767173707.587238,1,-6,-121
1767173707.597238,4,1,-117
1767173707.607238,2,0,-116
1767173707.617238,-1,1,-118
1767173707.627238,0,-3,-110
1767173707.6372385,1,-2,-111
1767173707.6472385,3,-4,-112
1767173707.6572382,2,-6,-112
1767173707.6672382,0,-6,-115
1767173707.6772382,0,-1,-116
1767173707.6872382,5,0,-121
1767173707.6972382,4,-4,-123
1767173707.7072382,0,-5,-118
1767173707.7172382,-1,-6,-116
1767173707.7272382,-1,-4,-118
1767173707.7372382,0,-1,-123
1767173707.7472382,-1,-2,-126
1767173707.757238,-3,-1,-119
1767173707.767238,-6,4,-128
1767173707.777238,-4,5,-136
1767173707.787238,-6,2,-138
1767173707.797238,-7,-2,-143
1767173707.807238,1,-3,-138
1767173707.817238,3,0,-126
1767173707.827238,1,0,-124
1767173707.837238,-1,-4,-121
1767173707.847238,-2,-2,-119
1767173707.857238,-1,0,-116
1767173707.867238,3,3,-114
1767173707.877238,3,1,-116
1767173707.8872385,2,-3,-127
1767173707.8972385,0,-5,-129
1767173707.9072382,2,-1,-129
1767173707.9172382,2,-3,-134
1767173707.9272382,3,-3,-126
1767173707.9372382,3,-2,-122
1767173707.9472382,0,-2,-120
1767173707.9572382,2,-1,-115
1767173707.9672382,1,-3,-124
1767173707.9772382,2,-2,-122
1767173707.9872382,0,0,-126
1767173707.9972382,0,0,-129
1767173708.007238,3,-2,-127
1767173708.017238,9,-1,-134
1767173708.027238,11,-2,-129
1767173708.037238,7,-3,-123
1767173708.047238,4,-1,-126
1767173708.057238,4,-1,-132
1767173708.067238,8,-3,-126
1767173708.077238,6,-8,-120
1767173708.087238,8,-8,-125
1767173708.097238,7,-5,-121
1767173708.107238,5,-5,-120
1767173708.117238,8,-4,-117
1767173708.127238,6,-3,-119
1767173708.1372385,4,-4,-119
1767173708.1472385,4,-5,-117
1767173708.1572382,-2,-6,-122
1767173708.1672382,-2,-4,-121
1767173708.1772382,-4,-3,-119
1767173708.1872382,-7,0,-119
1767173708.1972382,-3,1,-114
1767173708.2072382,0,-1,-115
1767173708.2172382,0,2,-111
1767173708.2272382,-4,3,-116
1767173708.2372382,-8,-4,-116
1767173708.2472382,-5,-5,-121
1767173708.257238,-5,-3,-120
1767173708.267238,-4,-4,-123
1767173708.277238,-3,0,-124
1767173708.287238,0,0,-129
1767173708.297238,2,-3,-128
1767173708.307238,8,-1,-124
1767173708.317238,7,0,-126
1767173708.327238,-1,2,-129
1767173708.337238,-3,0,-131
1767173708.347238,0,4,-130
1767173708.357238,-1,2,-133
1767173708.367238,-3,0,-135
1767173708.377238,-4,-2,-132
1767173708.3872385,-1,1,-130
1767173708.3972385,-5,0,-125
1767173708.4072382,-1,2,-133
1767173708.4172382,1,0,-134
1767173708.4272382,0,0,-126
1767173708.4372382,6,0,-120
1767173708.4472382,9,-4,-121
1767173708.4572382,8,-9,-115
1767173708.4672382,5,-4,-112
1767173708.4772382,6,-6,-111
1767173708.4872382,2,-9,-120
1767173708.4972382,0,-8,-118
1767173708.507238,-3,-9,-126
1767173708.517238,-5,-10,-124
1767173708.527238,-4,-5,-121
1767173708.537238,-3,-5,-118
1767173708.547238,0,-3,-129
1767173708.557238,-4,-2,-135
1767173708.567238,-7,-6,-139
1767173708.577238,-6,-2,-131
1767173708.587238,-1,0,-122
1767173708.597238,-2,-1,-120
1767173708.607238,-5,1,-121
1767173708.617238,-4,2,-124
1767173708.627238,-3,2,-128
1767173708.6372385,-5,5,-138
1767173708.6472385,-1,1,-135
1767173708.6572382,1,1,-131
1767173708.6672382,1,3,-133
1767173708.6772382,0,2,-131
1767173708.6872382,-1,1,-133
1767173708.6972382,-1,2,-129
1767173708.7072382,-7,-2,-125
1767173708.7172382,-6,0,-128
1767173708.7272382,-9,2,-128
1767173708.7372382,-4,7,-126
1767173708.7472382,-4,6,-123
1767173708.757238,-4,2,-121
1767173708.767238,-3,2,-118
1767173708.777238,-4,1,-118
1767173708.787238,-3,-2,-117
1767173708.797238,-9,-3,-119
1767173708.807238,-6,-4,-121
1767173708.817238,-4,-6,-123
1767173708.827238,0,-6,-124
1767173708.837238,0,-6,-126
1767173708.847238,0,-9,-130
1767173708.857238,0,-6,-136
1767173708.867238,-4,-5,-132
1767173708.877238,-5,-6,-135
1767173708.8872385,-2,-4,-134
1767173708.8972385,-5,-4,-138
1767173708.9072382,-4,2,-139
1767173708.9172382,-3,2,-141
1767173708.9272382,0,6,-146
1767173708.9372382,0,4,-141
1767173708.9472382,5,4,-132
1767173708.9572382,4,2,-135
1767173708.9672382,3,1,-128
1767173708.978238,0,3,-126
1767173708.988238,1,0,-128
1767173708.998238,-2,-3,-125
1767173709.008238,0,-6,-119
1767173709.018238,-3,-5,-117
1767173709.028238,0,-1,-113
1767173709.038238,-3,0,-118
1767173709.048238,-1,-3,-116
1767173709.0582385,-4,-4,-117
1767173709.0682385,-2,-1,-120
1767173709.0782382,-6,-4,-119
1767173709.0882382,-4,-4,-114
1767173709.0982382,-2,-6,-120
1767173709.1082382,-4,-6,-125
1767173709.1182382,-4,-3,-122
1767173709.1282382,-5,-2,-120
1767173709.1382382,-2,-4,-123
1767173709.1482382,0,-1,-126
1767173709.1582382,-2,1,-128
1767173709.1682382,-3,0,-120
1767173709.1782382,-1,1,-120
1767173709.188238,-7,-4,-120
1767173709.198238,-4,-2,-119
1767173709.208238,-1,0,-116
1767173709.218238,-1,0,-120
1767173709.228238,1,0,-120
1767173709.238238,1,-1,-115
1767173709.248238,1,-8,-118
1767173709.258238,3,-8,-121
1767173709.268238,2,-9,-120
1767173709.278238,0,-9,-120
1767173709.288238,0,-7,-116
1767173709.298238,6,-5,-118
1767173709.3082385,6,-1,-124
1767173709.3182385,5,1,-128
1767173709.3282382,2,1,-134
1767173709.3382382,0,4,-130
1767173709.3482382,-3,4,-129
1767173709.3582382,-4,2,-126
1767173709.3682382,0,3,-115
1767173709.3782382,1,5,-111
1767173709.3882382,3,3,-114
1767173709.3982382,3,3,-121
1767173709.4082382,0,2,-122
1767173709.4182382,1,0,-127
1767173709.4282382,2,1,-119
1767173709.438238,0,0,-113
1767173709.448238,0,-2,-115
1767173709.458238,-4,-1,-115
1767173709.468238,-4,-4,-113
1767173709.478238,-3,0,-114
1767173709.488238,-4,0,-129
1767173709.498238,-1,0,-131
1767173709.508238,-4,-2,-126
1767173709.518238,-4,-2,-129
1767173709.528238,-1,1,-133
1767173709.538238,0,2,-138
1767173709.548238,3,3,-135
1767173709.5582385,3,0,-128
1767173709.5682385,7,0,-121
1767173709.5782382,4,-1,-118
1767173709.5882382,3,1,-114
1767173709.5982382,0,2,-121
1767173709.6082382,2,1,-123
1767173709.6182382,1,0,-123
1767173709.6282382,0,1,-128
1767173709.6382382,-2,0,-126
1767173709.6482382,-5,-2,-120
1767173709.6582382,-5,-1,-118
1767173709.6682382,-6,-3,-118
1767173709.6782382,-1,-2,-126
1767173709.688238,-1,-2,-126
1767173709.698238,0,-3,-123
1767173709.708238,-1,-3,-122
1767173709.718238,-2,0,-120
1767173709.728238,-6,-2,-117
1767173709.738238,-5,-7,-124
1767173709.748238,-5,-6,-131
1767173709.758238,-7,-1,-132
1767173709.768238,-3,-6,-132
1767173709.778238,-1,-7,-135
1767173709.788238,-3,-6,-132
1767173709.798238,-5,-4,-129
1767173709.8082385,-4,0,-132
1767173709.8182385,-1,-4,-129
1767173709.8282382,-2,-1,-128
1767173709.8382382,-1,-6,-128
1767173709.8482382,-2,-3,-122
1767173709.8582382,-3,-4,-122
1767173709.8682382,-8,-2,-120
1767173709.8782382,-5,-1,-123
1767173709.8882382,-1,-2,-122
1767173709.8982382,0,-1,-125
1767173709.9082382,0,1,-129
1767173709.9182382,4,5,-126
1767173709.9282382,6,4,-122
1767173709.938238,7,5,-126
1767173709.948238,3,4,-126
1767173709.958238,2,3,-124
1767173709.968238,3,5,-123
1767173709.978238,5,6,-126
1767173709.988238,2,4,-121
1767173709.998238,1,0,-116
1767173710.008238,3,-1,-118
1767173710.018238,4,0,-114
1767173710.028238,2,2,-111
1767173710.038238,1,2,-112
1767173710.048238,0,0,-117
1767173710.0582385,0,0,-122
1767173710.0682385,0,-1,-121
1767173710.0782382,2,-2,-129
1767173710.0882382,2,-2,-133
1767173710.0982382,1,-1,-136
1767173710.1082382,2,0,-132
1767173710.1182382,1,-3,-131
1767173710.1282382,5,-9,-137
1767173710.1382382,0,-2,-138
1767173710.1482382,1,0,-132
1767173710.1582382,0,0,-129
1767173710.1682382,-2,-3,-123
1767173710.1782382,-5,-5,-121
1767173710.188238,-3,-1,-118
1767173710.198238,-3,-3,-117
1767173710.208238,-6,0,-120
1767173710.218238,-6,-1,-126
1767173710.228238,-8,-2,-125
1767173710.238238,-4,-5,-125
1767173710.248238,-5,-6,-126
1767173710.258238,-5,-5,-119
1767173710.268238,-2,-7,-118
1767173710.278238,-2,-4,-116
1767173710.288238,-4,-4,-115
1767173710.298238,-3,-2,-120
1767173710.3082385,-2,-4,-127
1767173710.3182385,2,-5,-131
1767173710.3282382,0,-4,-134
1767173710.3382382,-1,-2,-134
1767173710.3482382,-3,-4,-134
1767173710.3582382,-2,-1,-124
1767173710.3682382,-1,0,-127
1767173710.3782382,0,0,-127
1767173710.3882382,-2,0,-127
1767173710.3982382,-8,-1,-134
1767173710.4082382,-11,-3,-139
1767173710.4182382,-10,-3,-134
1767173710.4282382,-4,0,-128
1767173710.438238,0,-1,-132
1767173710.448238,0,-3,-130
1767173710.458238,1,-1,-131
1767173710.468238,4,0,-125
1767173710.478238,1,-1,-126
1767173710.488238,-2,-4,-130
1767173710.498238,-4,-5,-134
1767173710.508238,-1,-6,-129
1767173710.518238,-3,-4,-125
1767173710.528238,-5,-4,-128
1767173710.538238,-6,-4,-130
1767173710.548238,-5,-5,-133
1767173710.5582385,-1,-3,-131
1767173710.5682385,1,-2,-134
1767173710.5782382,3,0,-133
1767173710.5882382,2,-2,-127
1767173710.5982382,0,1,-124
1767173710.6082382,0,2,-122
1767173710.6182382,-2,1,-129
1767173710.6282382,-5,-2,-136
1767173710.6382382,-5,-1,-132
1767173710.6482382,-4,0,-131
1767173710.6582382,-3,0,-135
1767173710.6682382,-2,-1,-128
1767173710.6782382,-1,2,-125
1767173710.688238,0,-1,-122
1767173710.698238,0,0,-119
1767173710.708238,5,1,-118
1767173710.718238,8,0,-124
1767173710.728238,13,-2,-128
1767173710.738238,8,0,-129
1767173710.748238,8,-2,-125
1767173710.758238,9,0,-122
1767173710.768238,5,-4,-120
1767173710.778238,5,-4,-120
1767173710.788238,1,-4,-123
1767173710.798238,4,-3,-121
1767173710.8082385,0,-3,-123
1767173710.8182385,-6,-6,-122
1767173710.8282382,-5,-6,-121
1767173710.8382382,0,-6,-121
1767173710.8482382,1,-4,-124
1767173710.8582382,0,-1,-127
1767173710.8682382,1,-2,-125
1767173710.8782382,3,-1,-127
1767173710.8882382,4,-4,-126
1767173710.8982382,4,-2,-126
1767173710.9082382,1,-1,-126
1767173710.9182382,0,-4,-125
1767173710.9282382,0,-6,-132
1767173710.938238,3,-5,-133
1767173710.948238,1,-5,-129
1767173710.958238,-2,-3,-128
1767173710.968238,-1,0,-128
1767173710.978238,0,0,-133
1767173710.988238,0,-1,-139
1767173710.998238,0,0,-131
1767173711.008238,-2,2,-127
1767173711.018238,-2,6,-130
1767173711.028238,-4,6,-129
1767173711.038238,-8,7,-128
1767173711.048238,-5,3,-125
1767173711.0582385,0,9,-115
1767173711.0682385,1,8,-104
1767173711.0782382,3,5,-106
1767173711.0882382,1,0,-113
1767173711.0982382,2,1,-115
1767173711.1082382,0,2,-117
1767173711.1182382,0,2,-118
1767173711.1282382,-4,0,-117
1767173711.1382382,-2,0,-120
1767173711.1482382,-1,-4,-128
1767173711.1582382,1,0,-131
1767173711.1682382,2,-2,-131
1767173711.1782382,0,-5,-128
1767173711.188238,-4,-2,-121
1767173711.198238,-5,0,-126
1767173711.208238,-5,1,-124
1767173711.218238,-6,1,-123
1767173711.228238,-7,1,-119
1767173711.238238,-6,0,-114
1767173711.248238,-8,0,-120
1767173711.258238,-4,2,-123
1767173711.268238,-4,0,-118
1767173711.278238,-2,2,-117
1767173711.288238,2,1,-121
1767173711.298238,2,-1,-119
1767173711.3082385,2,-2,-119
1767173711.3182385,3,0,-121
1767173711.3282382,4,1,-126
1767173711.3382382,3,0,-123
1767173711.3482382,0,1,-125
1767173711.3582382,2,1,-120
1767173711.3682382,-2,1,-112
1767173711.3782382,1,-1,-117
1767173711.3882382,2,-3,-120
1767173711.3982382,1,-7,-116
1767173711.4082382,-3,-6,-119
1767173711.4182382,-4,-2,-120
1767173711.4282382,0,-3,-123
1767173711.438238,-3,-3,-122
1767173711.459238,1,-5,-137
1767173711.468238,3,-6,-137
1767173711.478238,2,-6,-135
1767173711.488238,2,-2,-137
1767173711.498238,-3,-2,-132
1767173711.508238,-2,-5,-135
1767173711.518238,2,-5,-137
1767173711.528238,2,-1,-134
1767173711.538238,-1,-1,-138
1767173711.548238,-3,0,-140
1767173711.5582385,-5,-4,-139
1767173711.5682385,-1,-6,-133
1767173711.5782382,3,-6,-131
1767173711.5882382,1,-10,-128
1767173711.5982382,0,-7,-136
1767173711.609238,0,-8,-143
1767173711.619238,3,-8,-141
1767173711.629238,4,-7,-142
1767173711.639238,3,-6,-141
1767173711.649238,3,-1,-140
1767173711.659238,0,-2,-140
1767173711.669238,1,-1,-132
1767173711.679238,0,0,-127
1767173711.689238,2,0,-122
1767173711.699238,5,2,-126
1767173711.709238,0,0,-124
1767173711.719238,4,-2,-120
1767173711.7292385,4,-2,-121
1767173711.7392385,8,-4,-121
1767173711.7492385,3,-2,-125
1767173711.7592382,-2,-2,-127
1767173711.7692382,-4,-5,-136
1767173711.7792382,-5,-4,-132
1767173711.7892382,0,-1,-123
1767173711.7992382,0,-4,-123
1767173711.8092382,-2,-6,-122
1767173711.8192382,-2,-4,-125
1767173711.8292382,-1,-1,-124
1767173711.8392382,-3,0,-126
1767173711.8492382,-7,-1,-123
1767173711.859238,-5,0,-120
1767173711.869238,-1,2,-126
1767173711.879238,2,2,-130
1767173711.889238,3,0,-125
1767173711.899238,5,2,-122
1767173711.909238,5,-1,-116
1767173711.919238,3,1,-118
1767173711.929238,5,-2,-120
1767173711.939238,7,-5,-122
1767173711.949238,13,-4,-126
1767173711.959238,4,-5,-126
1767173711.969238,-2,-8,-131
1767173711.9792385,-6,-8,-124
1767173711.9892385,-4,-6,-125
1767173711.9992385,0,0,-127
1767173712.0092382,5,0,-124
1767173712.0192382,4,-2,-126
1767173712.0292382,4,-4,-122
1767173712.0392382,3,-5,-126
1767173712.0492382,8,-4,-128
1767173712.0592382,1,-2,-132
1767173712.0692382,3,-3,-136
1767173712.0792382,2,0,-134
1767173712.0892382,0,2,-133
1767173712.0992382,1,0,-136
1767173712.109238,3,0,-139
1767173712.119238,4,3,-132
1767173712.129238,7,0,-131
1767173712.139238,6,-1,-130
1767173712.149238,-1,0,-130
1767173712.159238,-3,2,-127
1767173712.169238,-2,4,-125
1767173712.179238,0,3,-126
1767173712.189238,0,1,-125
1767173712.199238,-1,-1,-123
1767173712.209238,2,-2,-119
1767173712.219238,4,-3,-120
1767173712.2292385,6,-5,-125
1767173712.2392385,5,-4,-118
1767173712.2492385,7,-3,-118
1767173712.2592382,3,-4,-122
1767173712.2692382,3,-2,-124
1767173712.2792382,2,-3,-130
1767173712.2892382,0,-1,-127
1767173712.2992382,1,1,-125
1767173712.3092382,-3,2,-130
1767173712.3192382,0,-2,-129
1767173712.3292382,-1,-2,-127
1767173712.3392382,-2,0,-122
1767173712.3492382,-5,3,-120
1767173712.359238,-5,2,-124
1767173712.369238,-4,0,-127
1767173712.379238,-3,1,-123
1767173712.389238,0,1,-130
1767173712.399238,1,1,-129
1767173712.409238,-4,0,-134
1767173712.419238,0,0,-135
1767173712.429238,0,-3,-136
1767173712.439238,0,-3,-133
1767173712.449238,-2,-5,-126
1767173712.459238,-5,-8,-125
1767173712.469238,-5,-9,-130
1767173712.4792385,-2,-5,-132
1767173712.4892385,-3,-6,-123
1767173712.4992385,0,-3,-123
1767173712.5092382,-1,-3,-124
1767173712.5192382,-1,-6,-120
1767173712.5292382,-3,-5,-124
1767173712.5392382,-3,-6,-115
1767173712.5492382,-2,-8,-114
1767173712.5592382,-1,-9,-117
1767173712.5692382,0,-9,-120
1767173712.5792382,-2,-8,-126
1767173712.5892382,-3,-5,-127
1767173712.5992382,-2,0,-128
1767173712.609238,4,1,-128
1767173712.619238,-1,1,-135
1767173712.629238,0,-2,-130
1767173712.639238,4,0,-129
1767173712.649238,4,-2,-132
1767173712.659238,0,-3,-133
1767173712.669238,0,1,-130
1767173712.679238,0,-3,-129
1767173712.689238,2,-3,-122
1767173712.699238,0,-5,-123
1767173712.709238,-1,-3,-117
1767173712.719238,3,-5,-112
1767173712.7292385,0,-2,-117
1767173712.7392385,-5,0,-122
1767173712.7492385,-3,1,-127
1767173712.7592382,-1,7,-127
1767173712.7692382,0,4,-130
1767173712.7792382,5,2,-129
1767173712.7892382,5,-1,-131
1767173712.7992382,3,0,-136
1767173712.8092382,6,7,-134
1767173712.8192382,1,3,-127
1767173712.8292382,0,2,-128
1767173712.8392382,0,1,-124
1767173712.8492382,1,2,-121
1767173712.859238,-3,0,-122
1767173712.869238,-3,-4,-129
1767173712.879238,-6,-6,-131
1767173712.889238,-2,-6,-134
1767173712.899238,-4,-5,-137
1767173712.909238,-3,-3,-137
1767173712.919238,-3,-4,-139
1767173712.929238,-4,-2,-129
1767173712.939238,-4,-4,-126
1767173712.949238,-7,0,-122
1767173712.959238,-7,-1,-123
1767173712.969238,-3,-2,-123
1767173712.9792385,-1,-1,-120
1767173712.9892385,-2,0,-126
1767173712.9992385,0,-2,-127
1767173713.0092382,2,-7,-127
1767173713.0192382,1,-10,-130
1767173713.0292382,-1,-4,-133
1767173713.0392382,-4,0,-133
1767173713.0492382,-2,0,-128
1767173713.0592382,-3,0,-129
1767173713.0692382,-2,0,-131
1767173713.0792382,2,-2,-132
1767173713.0892382,0,-1,-131
1767173713.0992382,-1,1,-131
1767173713.109238,-1,2,-134
1767173713.119238,1,3,-132
1767173713.129238,1,2,-123
1767173713.139238,1,3,-121
1767173713.149238,1,2,-124
1767173713.159238,2,1,-127
1767173713.169238,2,2,-130
1767173713.179238,3,-1,-131
1767173713.189238,4,0,-133
1767173713.199238,0,3,-130
1767173713.209238,-1,1,-124
1767173713.219238,-1,2,-126
1767173713.2292385,-1,1,-127
1767173713.2392385,0,-1,-125
1767173713.2492385,4,-1,-131
1767173713.2592382,3,2,-134
1767173713.2692382,1,5,-139
1767173713.2792382,1,2,-131
1767173713.2892382,1,0,-129
1767173713.2992382,-2,3,-131
1767173713.310238,-1,3,-134
1767173713.3192382,-2,2,-135
1767173713.3292382,1,4,-137
1767173713.3392382,-2,0,-128
1767173713.3492382,0,-1,-124
1767173713.359238,2,-1,-120
1767173713.369238,1,-7,-113
1767173713.379238,0,-5,-115
1767173713.389238,-1,-3,-111
1767173713.399238,-1,0,-113
1767173713.409238,-2,0,-115
1767173713.419238,2,1,-109
1767173713.429238,0,3,-109
1767173713.439238,0,2,-110
1767173713.449238,2,1,-112
1767173713.459238,10,0,-116
1767173713.469238,10,2,-114
1767173713.4792385,5,3,-113
1767173713.4892385,9,2,-111
1767173713.4992385,7,1,-117
1767173713.5092382,8,-3,-120
1767173713.5192382,8,0,-120
1767173713.5292382,5,4,-115
1767173713.5392382,7,3,-119
1767173713.5492382,5,3,-118
1767173713.5592382,6,0,-123
1767173713.5692382,5,0,-124
1767173713.5792382,-3,-3,-122
1767173713.5892382,-1,-3,-122
1767173713.5992382,-4,0,-120
1767173713.609238,-6,-1,-118
1767173713.619238,-2,-4,-116
1767173713.629238,5,-3,-120
1767173713.639238,7,-2,-123
1767173713.649238,6,1,-125
1767173713.659238,9,2,-121
1767173713.669238,4,1,-126
1767173713.679238,-2,0,-129
1767173713.689238,-2,-1,-122
1767173713.699238,2,0,-125
1767173713.709238,4,-1,-126
1767173713.719238,3,-2,-125
1767173713.7292385,5,-3,-121
1767173713.7392385,3,0,-118
1767173713.7492385,1,1,-118
1767173713.7592382,0,0,-128
1767173713.7692382,0,-1,-134
1767173713.7792382,-3,-3,-136
1767173713.7892382,1,-2,-137
1767173713.7992382,7,-1,-136
1767173713.8092382,7,-1,-136
1767173713.8192382,1,-3,-133
1767173713.8292382,4,-2,-125
1767173713.8392382,3,-4,-130
1767173713.8492382,0,-7,-132
1767173713.859238,-2,-6,-135
1767173713.869238,-5,-5,-138
1767173713.879238,-5,-6,-131
1767173713.889238,-1,-2,-132
1767173713.899238,-3,-2,-130
1767173713.909238,-3,0,-123
1767173713.919238,-2,0,-121
1767173713.929238,-2,1,-123
1767173713.939238,0,-2,-119
1767173713.949238,-1,-4,-124
1767173713.959238,-5,-6,-127
1767173713.969238,-8,-6,-121
1767173713.9792385,-7,-3,-121
1767173713.9892385,-3,-4,-121
1767173713.9992385,0,-3,-120
1767173714.0092382,-5,-6,-117
1767173714.0192382,-3,-7,-114
1767173714.0292382,-8,-5,-114
1767173714.0392382,-9,-4,-114
1767173714.0492382,-6,-4,-122
1767173714.0592382,-4,-5,-124
1767173714.0692382,-2,-5,-123
1767173714.0792382,0,0,-123
1767173714.0892382,0,0,-129
1767173714.0992382,-2,-4,-133
1767173714.109238,-2,-1,-130
1767173714.119238,3,1,-130
1767173714.129238,6,4,-130
1767173714.139238,10,5,-130
1767173714.149238,5,2,-127
1767173714.159238,6,2,-126
1767173714.169238,1,-5,-126
1767173714.179238,1,0,-126
1767173714.189238,0,1,-127
1767173714.199238,4,2,-123
1767173714.209238,6,8,-121
1767173714.219238,3,7,-127
1767173714.2292385,1,3,-128
1767173714.2392385,-2,1,-121
1767173714.2492385,0,1,-116
1767173714.2602382,2,-2,-116
1767173714.2702382,2,-5,-122
1767173714.2802382,1,-2,-125
1767173714.290238,6,0,-121
1767173714.300238,2,-4,-122
1767173714.310238,-2,-1,-123
1767173714.320238,3,-1,-126
1767173714.330238,3,0,-129
1767173714.340238,-5,2,-134
1767173714.350238,-5,2,-130
1767173714.360238,-2,0,-123
1767173714.370238,-3,-2,-127
1767173714.380238,-5,-4,-126
1767173714.390238,-6,-5,-124
1767173714.400238,-1,-1,-124
1767173714.4102385,-1,1,-120
1767173714.4202385,-6,1,-122
1767173714.4302382,-5,2,-115
1767173714.4402382,-9,-1,-120
1767173714.4502382,-8,0,-128
1767173714.4602382,-4,0,-124
1767173714.4702382,-3,-2,-131
1767173714.4802382,-4,-2,-135
1767173714.4902382,-1,0,-129
1767173714.5002382,-1,-2,-124
1767173714.5102382,-1,-4,-126
1767173714.5202382,0,-1,-126
1767173714.5302382,-4,2,-132
1767173714.540238,-8,1,-125
1767173714.550238,-4,0,-120
1767173714.560238,-2,0,-123
1767173714.570238,-2,1,-128
1767173714.580238,-1,-3,-122
1767173714.590238,-2,-3,-122
1767173714.600238,-2,-3,-118
1767173714.610238,-3,-7,-118
1767173714.620238,-1,-4,-118
1767173714.630238,-1,-7,-124
1767173714.640238,-4,-8,-126
1767173714.650238,-4,-7,-125
1767173714.6602385,0,-9,-131
1767173714.6702385,1,-5,-133
1767173714.6802382,1,-4,-136
1767173714.6902382,1,-3,-136
1767173714.7002382,-1,-3,-139
1767173714.7102382,-7,0,-137
1767173714.7202382,-5,1,-130
1767173714.7302382,0,3,-126
1767173714.7402382,3,1,-127
1767173714.7502382,0,0,-132
1767173714.7602382,-2,0,-132
1767173714.7702382,-2,-1,-131
1767173714.7802382,1,-2,-130
1767173714.790238,1,-3,-126
1767173714.800238,2,-2,-129
1767173714.810238,-2,-2,-132
1767173714.820238,-2,2,-128
1767173714.830238,-1,-3,-135
1767173714.840238,0,-4,-138
1767173714.850238,-2,-4,-142
1767173714.860238,-4,-4,-137
1767173714.870238,1,-4,-132
1767173714.880238,3,1,-127
1767173714.890238,5,3,-124
1767173714.900238,5,0,-129
1767173714.9102385,5,-1,-131
1767173714.9202385,4,-6,-138
1767173714.9302382,0,-4,-133
1767173714.9402382,-5,0,-133
1767173714.9502382,-4,-4,-128
1767173714.9602382,-1,-2,-129
1767173714.9702382,-2,-2,-130
1767173714.9802382,1,0,-132
1767173714.9902382,1,1,-136
1767173715.0002382,5,2,-136
1767173715.0102382,0,0,-136
1767173715.0202382,-2,0,-123
1767173715.0302382,-1,0,-122
1767173715.040238,0,-1,-125
1767173715.050238,1,-1,-130
1767173715.060238,1,-1,-128
1767173715.070238,-1,0,-128
1767173715.080238,-1,0,-133
1767173715.090238,-1,-1,-133
1767173715.100238,-1,1,-130
1767173715.110238,-4,0,-124
1767173715.120238,-1,-1,-126
1767173715.130238,-4,0,-122
1767173715.140238,-1,0,-130
1767173715.150238,0,2,-127
1767173715.1602385,0,4,-128
1767173715.1702385,-4,1,-127
1767173715.1802382,-4,-1,-130
1767173715.1902382,0,-1,-127
1767173715.2002382,2,-3,-127
1767173715.2102382,2,-5,-125
1767173715.2202382,-1,-2,-123
1767173715.2302382,0,-5,-121
1767173715.2402382,2,0,-121
1767173715.2502382,0,0,-118
1767173715.2602382,0,0,-121
1767173715.2702382,1,-2,-127
1767173715.2802382,2,-4,-135
1767173715.290238,0,-4,-134
1767173715.300238,-1,-7,-125
1767173715.310238,-7,-4,-123
1767173715.320238,-4,-6,-120
1767173715.330238,-1,-8,-116
1767173715.340238,2,-5,-120
1767173715.350238,2,-4,-128
1767173715.360238,-1,-3,-129
1767173715.370238,0,-3,-134
1767173715.380238,0,-6,-130
1767173715.390238,0,-4,-129
1767173715.400238,-3,-5,-121
1767173715.4102385,-3,-8,-119
1767173715.4202385,-4,-8,-122
1767173715.4302382,-5,-7,-128
1767173715.4402382,-8,-7,-121
1767173715.4502382,-8,-8,-117
1767173715.4602382,-10,-11,-120
1767173715.4702382,-9,-10,-129
1767173715.4802382,-5,-4,-125
1767173715.4902382,0,-3,-124
1767173715.5002382,-4,-3,-123
1767173715.5102382,-2,-2,-125
1767173715.5202382,-3,0,-122
1767173715.5302382,-5,0,-125
1767173715.540238,-3,-2,-119
1767173715.550238,-4,0,-122
1767173715.560238,-5,1,-122
1767173715.570238,-6,4,-121
1767173715.580238,-5,5,-116
1767173715.590238,-3,3,-123
1767173715.600238,-6,0,-127
1767173715.610238,-6,0,-130
1767173715.620238,-3,-2,-115
1767173715.630238,-3,0,-113
1767173715.640238,-8,-1,-114
1767173715.650238,-9,-2,-120
1767173715.6602385,-6,-1,-127
1767173715.6702385,-5,-2,-124
1767173715.6802382,-3,-4,-119
1767173715.6902382,-4,-3,-119
1767173715.7002382,-7,-5,-119
1767173715.7102382,-9,-5,-110
1767173715.7202382,-5,0,-116
1767173715.7302382,-1,-1,-123
1767173715.7402382,-1,1,-121
1767173715.7502382,-1,1,-127
1767173715.7602382,-6,1,-122
1767173715.7702382,-1,2,-125
1767173715.7802382,-1,1,-127
1767173715.790238,-3,0,-130
1767173715.800238,-5,-3,-129
1767173715.810238,-2,0,-132
1767173715.820238,-3,2,-137
1767173715.830238,-1,4,-142
1767173715.840238,-8,1,-139
1767173715.850238,-7,1,-133
1767173715.860238,-4,1,-133
1767173715.870238,4,4,-134
1767173715.880238,2,1,-135
1767173715.890238,3,-2,-132
1767173715.900238,1,-2,-125
1767173715.9102385,4,-1,-124
1767173715.9202385,5,-2,-136
1767173715.9302382,4,-4,-138
1767173715.9402382,4,-6,-138
1767173715.9502382,0,-9,-143
1767173715.9602382,-2,-5,-136
1767173715.9702382,-4,-5,-128
1767173715.9802382,-4,1,-130
1767173715.9902382,-4,5,-125
1767173716.0002382,-4,6,-125
1767173716.0102382,-8,-1,-127
1767173716.0202382,-7,-3,-125
1767173716.0302382,-3,-2,-122
1767173716.040238,-1,1,-123
1767173716.050238,-6,0,-124
1767173716.060238,-1,-3,-125
1767173716.070238,-1,-4,-122
1767173716.080238,0,-4,-132
1767173716.090238,-1,-5,-128
1767173716.100238,-1,0,-125
1767173716.110238,3,0,-122
1767173716.120238,4,-1,-120
1767173716.130238,4,-3,-123
1767173716.140238,5,-5,-127
1767173716.150238,1,-6,-124
1767173716.1602385,5,-4,-121
1767173716.1702385,5,-4,-124
1767173716.1802382,5,0,-125
1767173716.1902382,1,-5,-129
1767173716.2002382,0,-4,-122
1767173716.2102382,1,-3,-126
1767173716.2202382,5,-1,-134
1767173716.2302382,3,2,-131
1767173716.2402382,2,1,-135
1767173716.2502382,-1,-1,-130
1767173716.2602382,-5,0,-128
1767173716.2702382,-4,0,-133
1767173716.2802382,-6,4,-133
1767173716.290238,-7,1,-134
1767173716.300238,-8,-1,-137
1767173716.310238,-4,-3,-129
1767173716.320238,-7,-4,-127
1767173716.330238,-6,-3,-128
1767173716.340238,-2,-1,-131
1767173716.350238,-4,0,-131
1767173716.360238,-3,2,-132
1767173716.370238,-2,0,-133
1767173716.380238,0,1,-132
1767173716.390238,3,-3,-132
1767173716.400238,4,-7,-135
1767173716.4102385,7,-5,-134
1767173716.4202385,7,-4,-136
1767173716.4302382,8,-5,-141
1767173716.4402382,3,-4,-138
1767173716.4502382,3,-2,-125
1767173716.472238,2,-2,-129
1767173716.4802382,1,-3,-135
1767173716.4902382,7,-3,-140
1767173716.5002382,9,0,-139
1767173716.5102382,3,3,-134
1767173716.5202382,1,0,-130
1767173716.5302382,-2,0,-129
1767173716.540238,0,-3,-135
1767173716.550238,4,0,-138
1767173716.560238,4,1,-134
1767173716.570238,5,1,-132
1767173716.580238,7,2,-134
1767173716.590238,1,-3,-137
1767173716.600238,1,1,-136
1767173716.610238,1,0,-135
1767173716.620238,3,-3,-136
1767173716.630238,3,-5,-134
1767173716.640238,3,-1,-132
1767173716.650238,2,0,-133
1767173716.6602385,0,1,-128
1767173716.6702385,-5,5,-125
1767173716.6802382,-11,9,-122
1767173716.6902382,-10,11,-128
1767173716.7002382,-6,6,-124
1767173716.7102382,-7,3,-126
1767173716.7202382,-6,-4,-125
1767173716.7302382,-1,-4,-129
1767173716.7402382,0,0,-128
1767173716.7502382,0,0,-127
1767173716.7602382,1,0,-130
1767173716.7702382,1,-1,-135
1767173716.7802382,4,-1,-135
1767173716.790238,4,0,-131
1767173716.800238,1,5,-135
1767173716.810238,0,9,-134
1767173716.820238,2,9,-132
1767173716.830238,-3,7,-125
1767173716.840238,-2,3,-117
1767173716.850238,0,3,-117
1767173716.860238,0,4,-120
1767173716.870238,-3,7,-123
1767173716.8812382,-1,3,-123
1767173716.8912382,-2,1,-128
1767173716.9012382,1,0,-128
1767173716.9112382,2,-5,-123
1767173716.9212382,0,-8,-127
1767173716.9312382,0,-3,-130
1767173716.9412382,-5,-4,-130
1767173716.9512382,0,1,-135
1767173716.961238,2,1,-134
1767173716.971238,1,-3,-127
1767173716.981238,1,-4,-123
1767173716.991238,2,-6,-120
1767173717.001238,0,-3,-118
1767173717.011238,-1,-4,-118
1767173717.021238,-4,-5,-116
1767173717.031238,-2,-4,-116
1767173717.041238,-6,-2,-116
1767173717.051238,-4,-7,-124
1767173717.061238,-5,-6,-127
1767173717.071238,-2,0,-123
1767173717.0812385,-1,2,-131
1767173717.0912385,-2,1,-135
1767173717.1012385,0,-5,-132
1767173717.1112382,0,-9,-130
1767173717.1212382,0,-4,-126
1767173717.1312382,-2,-3,-124
1767173717.1412382,-9,0,-116
1767173717.1512382,-6,2,-121
1767173717.1612382,-7,2,-118
1767173717.1712382,-5,1,-126
1767173717.1812382,-3,2,-121
1767173717.1912382,-2,5,-126
1767173717.2012382,1,3,-123
1767173717.211238,-1,3,-124
1767173717.221238,-2,1,-124
1767173717.231238,-2,-3,-127
1767173717.241238,-2,-4,-129
1767173717.251238,-5,-6,-128
1767173717.261238,-6,-5,-129
1767173717.271238,-4,-7,-133
1767173717.281238,0,-9,-133
1767173717.291238,1,-8,-128
1767173717.301238,3,-6,-125
1767173717.311238,4,-7,-126
1767173717.321238,4,-3,-129
1767173717.3312385,4,0,-122
1767173717.3412385,5,2,-124
1767173717.3512385,5,1,-121
1767173717.3612382,0,0,-123
1767173717.3712382,-1,-5,-120
1767173717.3812382,-1,-9,-125
1767173717.3912382,-2,-6,-124
1767173717.4012382,-3,-3,-125
1767173717.4112382,0,0,-127
1767173717.4212382,2,-5,-124
1767173717.4312382,0,-9,-133
1767173717.4412382,1,-7,-131
1767173717.4512382,0,-8,-126
1767173717.461238,2,-3,-129
1767173717.471238,1,1,-130
1767173717.481238,-2,-1,-124
1767173717.491238,0,-5,-127
1767173717.501238,0,-5,-130
1767173717.511238,1,-3,-131
1767173717.521238,-2,-3,-128
1767173717.531238,-2,-7,-131
1767173717.541238,-1,-7,-128
1767173717.551238,-1,-7,-125
1767173717.561238,-3,0,-132
1767173717.571238,-1,0,-128
1767173717.5812385,2,1,-132
1767173717.5912385,2,2,-134
1767173717.6012385,1,1,-134
1767173717.6112382,0,1,-134
1767173717.6212382,0,3,-126
1767173717.6312382,-1,1,-127
1767173717.6412382,-1,0,-116
1767173717.6512382,-2,1,-112
1767173717.6612382,1,3,-111
1767173717.6712382,1,2,-115
1767173717.6812382,7,7,-119
1767173717.6912382,7,5,-124
1767173717.7012382,5,8,-124
1767173717.711238,6,3,-120
1767173717.721238,2,0,-122
1767173717.731238,1,1,-120
1767173717.741238,0,0,-127
1767173717.751238,1,0,-124
1767173717.761238,-2,0,-126
1767173717.771238,-2,0,-126
1767173717.781238,0,-1,-122
1767173717.791238,0,-1,-122
1767173717.801238,2,0,-124
1767173717.811238,1,0,-124
1767173717.821238,0,0,-123
1767173717.8312385,1,1,-126
1767173717.8412385,-2,-1,-129
1767173717.8512385,-6,0,-124
1767173717.8612382,-6,-3,-133
1767173717.8712382,-4,-3,-133
1767173717.8812382,-1,-4,-132
1767173717.8912382,-4,-4,-135
1767173717.9012382,-1,-5,-135
1767173717.9112382,-2,-5,-140
1767173717.9212382,-4,-4,-134
1767173717.9312382,-1,0,-139
1767173717.9412382,-2,-6,-141
1767173717.9512382,-2,-5,-136
1767173717.961238,-4,-3,-131
1767173717.971238,-3,2,-128
1767173717.981238,-1,5,-126
1767173717.991238,-2,2,-125
1767173718.001238,-4,4,-137
1767173718.011238,-4,0,-129
1767173718.021238,-1,1,-128
1767173718.031238,-1,6,-117
1767173718.041238,-1,3,-115
1767173718.051238,1,5,-122
1767173718.061238,-2,7,-123
1767173718.071238,0,3,-121
1767173718.0812385,4,3,-117
1767173718.0912385,4,3,-120
1767173718.1012385,0,-2,-123
1767173718.1112382,0,-1,-122
1767173718.1212382,2,0,-124
1767173718.1312382,4,3,-127
1767173718.1412382,2,4,-123
1767173718.1512382,1,5,-129
1767173718.1612382,-2,6,-132
1767173718.1712382,-4,7,-128
1767173718.1812382,1,4,-127
1767173718.1912382,1,4,-124
1767173718.2012382,1,2,-124
1767173718.211238,-2,4,-119
1767173718.221238,-4,3,-121
1767173718.231238,-4,-2,-125
1767173718.241238,-3,-1,-128
1767173718.251238,-2,-2,-127
1767173718.261238,-1,-1,-120
1767173718.271238,-3,0,-119
1767173718.281238,-4,0,-121
1767173718.291238,-2,1,-121
1767173718.301238,0,-1,-119
1767173718.311238,-3,2,-122
1767173718.321238,-6,3,-132
1767173718.3312385,-7,1,-129
1767173718.3412385,-8,0,-134
1767173718.3512385,0,0,-131
1767173718.3612382,0,0,-132
1767173718.3712382,1,0,-124
1767173718.3812382,4,0,-124
1767173718.3912382,3,0,-124
1767173718.4012382,3,0,-120
1767173718.4112382,4,0,-125
1767173718.4212382,4,4,-126
1767173718.4312382,5,2,-127
1767173718.4412382,4,2,-132
1767173718.4512382,2,4,-133
1767173718.461238,4,3,-128
1767173718.471238,-3,4,-128
1767173718.481238,-3,3,-124
1767173718.491238,-4,1,-124
1767173718.501238,-3,-1,-123
1767173718.511238,-5,-4,-124
1767173718.521238,-5,0,-130
1767173718.531238,-3,-1,-123
1767173718.541238,-2,-3,-121
1767173718.551238,0,-6,-118
1767173718.561238,1,-4,-119
1767173718.571238,0,-2,-120
1767173718.5812385,0,-5,-119
1767173718.5912385,3,-8,-125
1767173718.6012385,5,-7,-129
1767173718.6112382,3,-6,-132
1767173718.6212382,-2,-7,-135
1767173718.6312382,1,-2,-131
1767173718.6412382,1,0,-133
1767173718.6512382,3,0,-138
1767173718.6612382,2,0,-138
1767173718.6712382,-2,2,-142
1767173718.6812382,-3,1,-134
1767173718.6912382,-4,-2,-132
1767173718.7012382,-5,-2,-126
1767173718.711238,-6,-2,-125
1767173718.721238,-7,1,-131
1767173718.731238,-4,0,-136
1767173718.741238,-4,0,-133
1767173718.751238,2,-3,-131
1767173718.761238,4,-3,-132
1767173718.771238,1,-8,-126
1767173718.781238,0,-8,-124
1767173718.791238,-3,-6,-124
1767173718.801238,-7,-3,-129
1767173718.811238,-3,0,-130
1767173718.821238,5,0,-132
1767173718.8312385,8,4,-125
1767173718.8412385,7,3,-122
1767173718.8512385,1,0,-122
1767173718.8612382,2,2,-119
1767173718.8712382,2,1,-121
1767173718.8812382,2,3,-128
1767173718.8912382,-3,2,-134
1767173718.9012382,-4,1,-137
1767173718.9112382,-5,-1,-136
1767173718.9212382,-3,1,-137
1767173718.9312382,-7,2,-137
1767173718.9412382,-4,6,-137
1767173718.9512382,-3,6,-136
1767173718.961238,0,5,-130
1767173718.971238,1,2,-129
1767173718.981238,2,1,-134
1767173718.991238,1,1,-135
1767173719.001238,-1,0,-136
1767173719.011238,-2,-1,-129
1767173719.021238,-1,-2,-134
1767173719.031238,-1,-4,-131
1767173719.041238,1,-6,-127
1767173719.051238,1,-9,-135
1767173719.061238,0,-6,-133
1767173719.071238,0,-9,-128
1767173719.0812385,0,-9,-122
1767173719.0912385,0,-9,-118
1767173719.1012385,1,-7,-122
1767173719.1112382,1,-7,-122
1767173719.1212382,-2,-4,-128
1767173719.1312382,-1,-6,-129
1767173719.1412382,4,0,-131
1767173719.1512382,5,3,-134
1767173719.1612382,1,1,-129
1767173719.1712382,-2,-2,-128
1767173719.1812382,-3,-3,-125
1767173719.1912382,-4,0,-128
1767173719.2012382,-4,0,-127
1767173719.211238,-1,1,-128
1767173719.221238,6,0,-128
1767173719.231238,5,-2,-125
1767173719.241238,-1,-5,-118
1767173719.251238,-4,-6,-119
1767173719.261238,-5,-4,-118
1767173719.271238,-3,-3,-117
1767173719.281238,-3,-2,-120
1767173719.291238,-3,0,-124
1767173719.301238,-2,-1,-128
1767173719.311238,-2,-1,-127
1767173719.321238,3,-3,-127
1767173719.3312385,2,-2,-124
1767173719.3412385,-1,-2,-124
1767173719.3512385,-1,1,-124
1767173719.3612382,-1,0,-120
1767173719.3712382,1,0,-117
1767173719.3812382,0,1,-115
1767173719.3912382,0,0,-112
1767173719.4012382,6,0,-109
1767173719.4112382,4,-3,-106
1767173719.4212382,1,-2,-114
1767173719.4312382,4,-2,-111
1767173719.4412382,5,-4,-109
1767173719.4512382,3,-5,-112
1767173719.461238,5,-3,-114
1767173719.471238,1,-5,-117
1767173719.481238,-5,-3,-125
1767173719.491238,-4,0,-123
1767173719.501238,-2,-5,-124
1767173719.511238,-1,-3,-120
1767173719.521238,-1,-2,-121
1767173719.5322382,-3,-4,-122
1767173719.5422382,-1,-1,-125
1767173719.5522382,-1,0,-122
1767173719.5622382,-2,0,-114
1767173719.5722382,-5,1,-112
1767173719.5822382,-6,-1,-121
1767173719.5922382,-4,-7,-123
1767173719.6022382,-1,-6,-124
1767173719.6122382,-1,-10,-125
1767173719.6222382,0,-14,-122
1767173719.632238,-2,-13,-126
1767173719.642238,-1,-8,-122
1767173719.652238,3,-6,-122
1767173719.662238,1,-2,-118
1767173719.672238,1,0,-121
1767173719.682238,0,0,-121
1767173719.692238,-2,4,-124
1767173719.702238,-3,2,-125
1767173719.712238,-2,-2,-125
1767173719.722238,2,0,-126
1767173719.732238,4,1,-124
1767173719.742238,2,-4,-124
1767173719.752238,4,-5,-126
1767173719.7622385,0,-2,-128
1767173719.7722385,-4,-5,-121
1767173719.7822382,-2,-4,-124
1767173719.7922382,0,-4,-128
1767173719.8022382,0,-11,-129
1767173719.8122382,1,-14,-128
1767173719.8222382,6,-12,-121
1767173719.8322382,5,-11,-118
1767173719.8422382,5,-10,-123
1767173719.8522382,2,-8,-126
1767173719.8622382,1,-10,-125
1767173719.8722382,4,-5,-123
1767173719.882238,8,0,-124
1767173719.892238,1,1,-123
1767173719.902238,2,1,-129
1767173719.912238,0,1,-128
1767173719.922238,0,1,-120
1767173719.932238,0,0,-123
1767173719.942238,-2,-1,-128
1767173719.952238,-1,1,-125
1767173719.962238,-1,0,-121
1767173719.972238,2,1,-121
1767173719.982238,-1,1,-128
1767173719.992238,0,4,-126
1767173720.002238,0,0,-128
1767173720.0122385,2,-1,-115
1767173720.0222385,1,1,-120
1767173720.0322382,-1,0,-123
1767173720.0422382,0,1,-125
1767173720.0522382,0,0,-130
1767173720.0622382,2,-1,-130
1767173720.0722382,3,-2,-127
1767173720.0822382,1,1,-132
1767173720.0922382,0,1,-131
1767173720.1022382,-4,1,-132
1767173720.1122382,-3,-2,-130
1767173720.1222382,-2,-4,-130
1767173720.132238,-3,-1,-123
1767173720.142238,-4,-3,-126
1767173720.152238,0,-4,-126
1767173720.162238,1,-3,-128
1767173720.172238,6,-6,-127
1767173720.182238,10,-5,-124
1767173720.192238,9,-2,-126
1767173720.202238,7,2,-131
1767173720.212238,5,0,-130
1767173720.222238,4,1,-123
1767173720.232238,2,0,-129
1767173720.242238,5,-3,-131
1767173720.252238,3,-4,-128
1767173720.2622385,5,-3,-131
1767173720.2722385,3,-1,-131
1767173720.2822382,-2,1,-127
1767173720.2922382,-4,1,-129
1767173720.3022382,-4,0,-133
1767173720.3122382,-1,-2,-132
1767173720.3222382,-1,-5,-137
1767173720.3322382,-3,-5,-137
1767173720.3422382,-4,-3,-135
1767173720.3522382,-2,1,-127
1767173720.3622382,1,1,-128
1767173720.3722382,0,-1,-122
1767173720.382238,-4,-5,-126
1767173720.392238,-1,-9,-130
1767173720.402238,5,-8,-133
1767173720.412238,8,-4,-130
1767173720.422238,4,0,-128
1767173720.432238,5,1,-130
1767173720.442238,3,6,-129
1767173720.452238,-4,0,-125
1767173720.462238,-6,0,-125
1767173720.472238,-5,1,-124
1767173720.482238,-6,1,-123
1767173720.492238,-2,2,-131
1767173720.502238,-2,0,-130
1767173720.5122385,-1,0,-132
1767173720.5222385,-2,2,-130
1767173720.5322382,-5,0,-125
1767173720.5422382,-2,-1,-123
1767173720.5522382,-2,-1,-125
1767173720.5622382,1,-3,-122
1767173720.5722382,0,2,-120
1767173720.5822382,0,3,-120
1767173720.5922382,0,0,-122
1767173720.6022382,2,-3,-121
1767173720.6122382,1,-2,-118
1767173720.6222382,0,0,-120
1767173720.632238,-5,3,-119
1767173720.642238,-1,1,-118
1767173720.652238,-2,0,-122
1767173720.662238,-2,1,-125
1767173720.672238,-3,0,-133
1767173720.6832385,0,0,-134
1767173720.692238,0,0,-132
1767173720.702238,-1,-3,-130
1767173720.712238,4,-1,-126
1767173720.722238,1,-5,-120
1767173720.732238,0,-4,-119
1767173720.742238,-3,-4,-121
1767173720.752238,-2,-4,-120
1767173720.7622385,-3,-2,-127
1767173720.7722385,-5,-1,-127
1767173720.7822382,-5,0,-121
1767173720.7922382,-7,0,-124
1767173720.8022382,-9,0,-129
1767173720.8122382,-8,0,-127
1767173720.8222382,-4,-2,-127
1767173720.8322382,-4,-3,-127
1767173720.8422382,-3,-1,-130
1767173720.8522382,0,0,-134
1767173720.8622382,-2,0,-125
1767173720.8722382,-1,0,-122
1767173720.882238,0,0,-125
1767173720.892238,-1,0,-132
1767173720.902238,1,-1,-128
1767173720.912238,0,0,-128
1767173720.922238,3,0,-130
1767173720.932238,6,-4,-133
1767173720.942238,5,-8,-132
1767173720.952238,1,-6,-128
1767173720.962238,2,-5,-125
1767173720.972238,-1,-2,-120
1767173720.982238,0,2,-119
1767173720.992238,4,2,-121
1767173721.002238,0,4,-116
1767173721.0122385,1,1,-116
1767173721.0222385,1,2,-111
1767173721.0322382,-4,3,-115
1767173721.0422382,-7,4,-124
1767173721.0522382,-8,3,-130
1767173721.0622382,-6,-3,-136
1767173721.0722382,-7,-5,-140
1767173721.0822382,-4,-1,-137
1767173721.0922382,-2,-2,-139
1767173721.1022382,1,-2,-131
1767173721.1122382,1,-4,-134
1767173721.1222382,0,-1,-130
1767173721.132238,0,-5,-127
1767173721.142238,2,-6,-123
1767173721.152238,4,0,-122
1767173721.162238,4,1,-123
1767173721.172238,4,6,-121
1767173721.182238,1,4,-120
1767173721.192238,1,0,-126
1767173721.202238,4,-3,-127
1767173721.212238,4,-5,-127
1767173721.222238,0,-2,-123
1767173721.232238,-3,-2,-123
1767173721.242238,2,-1,-121
1767173721.252238,0,-1,-123
1767173721.2622385,0,-1,-121
1767173721.2722385,0,-2,-123
1767173721.2822382,0,-1,-130
1767173721.2922382,2,-4,-131
1767173721.3022382,1,-6,-128
1767173721.3122382,1,-5,-122
1767173721.3222382,-2,-4,-120
1767173721.3322382,-7,-3,-127
1767173721.3422382,-7,-1,-126
1767173721.3522382,-6,2,-120
1767173721.3622382,-5,3,-120
1767173721.3722382,-5,1,-121
1767173721.382238,-2,0,-118
1767173721.392238,-1,-2,-122
1767173721.402238,-3,-2,-119
1767173721.412238,-3,-3,-117
1767173721.422238,-2,1,-117
1767173721.432238,-4,1,-123
1767173721.442238,-2,2,-125
1767173721.452238,-4,3,-134
1767173721.462238,-7,-2,-135
1767173721.484238,-10,-5,-129
1767173721.492238,-12,0,-132
1767173721.502238,-10,5,-128
1767173721.5122385,-12,1,-127
1767173721.5222385,-12,0,-120
1767173721.5322382,-14,1,-125
1767173721.5422382,-19,0,-128
1767173721.5522382,-14,0,-123
1767173721.5622382,-12,0,-132
1767173721.5722382,-13,-1,-138
1767173721.5822382,-14,0,-136
1767173721.5922382,-8,1,-136
1767173721.6022382,-2,3,-131
1767173721.6122382,-3,8,-139
1767173721.6222382,-2,6,-138
1767173721.632238,2,6,-130
1767173721.642238,3,5,-134
1767173721.652238,6,1,-127
1767173721.662238,1,0,-120
1767173721.672238,1,0,-120
1767173721.682238,-1,0,-124
1767173721.692238,0,0,-121
1767173721.702238,1,0,-122
1767173721.712238,1,-1,-127
1767173721.722238,2,0,-124
1767173721.732238,3,-1,-123
1767173721.742238,5,0,-120
1767173721.752238,2,-1,-120
1767173721.7622385,4,-2,-123
1767173721.7722385,6,-1,-129
1767173721.7822382,3,0,-128
1767173721.7922382,2,1,-128
1767173721.8022382,-1,2,-127
1767173721.8122382,0,2,-126
1767173721.8222382,2,3,-126
1767173721.8322382,6,2,-127
1767173721.8422382,6,4,-126
1767173721.8522382,9,4,-123
1767173721.8622382,4,3,-121
1767173721.8722382,7,2,-120
1767173721.882238,2,-1,-120
1767173721.892238,4,2,-125
1767173721.902238,0,0,-127
1767173721.912238,-2,1,-122
1767173721.922238,-2,-1,-123
1767173721.932238,-3,4,-125
1767173721.942238,2,2,-121
1767173721.952238,5,0,-119
1767173721.962238,7,0,-116
1767173721.972238,6,4,-119
1767173721.982238,14,3,-127
1767173721.992238,14,0,-124
1767173722.002238,10,-3,-127
1767173722.0122385,11,-3,-125
1767173722.0222385,10,-3,-124
1767173722.0322382,11,-3,-122
1767173722.0422382,10,-3,-122
1767173722.0522382,9,-2,-120
1767173722.0622382,10,0,-122
1767173722.0722382,10,0,-120
1767173722.0822382,5,-4,-123
1767173722.0922382,5,-3,-117
1767173722.1022382,2,-2,-119
1767173722.1122382,6,1,-128
1767173722.1222382,6,-2,-123
1767173722.133238,7,1,-127
1767173722.142238,5,3,-129
1767173722.152238,0,4,-128
1767173722.163238,4,2,-127
1767173722.173238,1,2,-129
1767173722.1832385,0,3,-136
1767173722.1932385,-4,-1,-137
1767173722.2032382,0,-1,-131
1767173722.2132382,0,0,-130
1767173722.2232382,0,-5,-131
1767173722.2332382,4,-7,-131
1767173722.2432382,6,-6,-127
1767173722.2532382,3,-8,-123
1767173722.2632382,0,-4,-127
1767173722.2732382,-3,0,-127
1767173722.2832382,0,0,-125
1767173722.2932382,0,-3,-125
1767173722.3032382,-1,-4,-124
1767173722.313238,-4,-5,-127
1767173722.323238,2,-6,-124
1767173722.333238,6,-5,-123
1767173722.343238,3,-3,-119
1767173722.353238,3,-1,-123
1767173722.363238,4,-1,-131
1767173722.373238,7,3,-128
1767173722.383238,4,4,-130
1767173722.393238,5,3,-138
1767173722.403238,4,0,-134
1767173722.413238,1,-4,-137
1767173722.4242382,0,-4,-142
1767173722.4332385,-2,-3,-137
1767173722.4432385,1,-2,-140
1767173722.4532382,2,-7,-135
1767173722.4632382,5,-1,-130
1767173722.4732382,0,2,-124
1767173722.4832382,-1,-1,-120
1767173722.4932382,0,-6,-129
1767173722.5032382,0,-4,-126
1767173722.5132382,2,-3,-123
1767173722.5232382,0,-5,-126
1767173722.5332382,1,-1,-130
1767173722.5432382,0,-4,-139
1767173722.5532382,2,-2,-131
1767173722.563238,0,-1,-128
1767173722.573238,2,0,-122
1767173722.583238,1,0,-122
1767173722.593238,-2,1,-125
1767173722.603238,0,0,-122
1767173722.613238,1,-2,-124
1767173722.623238,4,1,-122
1767173722.633238,4,0,-120
1767173722.643238,7,-1,-121
1767173722.653238,2,0,-121
1767173722.663238,1,0,-125
1767173722.673238,2,-1,-125
1767173722.6832385,4,-5,-122
1767173722.6932385,4,-7,-127
1767173722.7032382,5,-5,-124
1767173722.7132382,4,-1,-126
1767173722.7232382,5,3,-125
1767173722.7332382,10,4,-121
1767173722.7432382,5,3,-120
1767173722.7532382,1,0,-121
1767173722.7632382,2,1,-126
1767173722.7732382,2,4,-123
1767173722.7832382,3,2,-120
1767173722.7932382,2,2,-117
1767173722.8032382,1,2,-116
1767173722.813238,7,2,-116
1767173722.823238,6,1,-120
1767173722.833238,6,2,-118
1767173722.843238,3,1,-125
1767173722.853238,2,0,-125
1767173722.863238,2,-3,-125
1767173722.873238,0,-4,-124
1767173722.883238,-2,-3,-125
1767173722.893238,3,-2,-124
1767173722.903238,1,3,-125
1767173722.913238,3,2,-123
1767173722.923238,6,1,-120
1767173722.9332385,3,1,-119
1767173722.9432385,7,-2,-117
1767173722.9532382,2,4,-125
1767173722.9632382,0,2,-127
1767173722.9732382,0,-1,-126
1767173722.9832382,1,-1,-127
1767173722.9932382,0,0,-123
1767173723.0032382,0,0,-123
1767173723.0132382,0,-2,-130
1767173723.0232382,0,-5,-130
1767173723.0332382,4,-5,-132
1767173723.0432382,5,-4,-134
1767173723.0532382,3,-5,-133
1767173723.063238,2,-6,-129
1767173723.073238,2,0,-126
1767173723.083238,6,0,-128
1767173723.093238,5,-1,-129
1767173723.103238,5,0,-132
1767173723.113238,1,2,-140
1767173723.123238,0,1,-146
1767173723.133238,0,-3,-141
1767173723.143238,0,-6,-142
1767173723.153238,0,-4,-133
1767173723.163238,-1,-4,-132
1767173723.173238,0,-4,-127
1767173723.1832385,2,-4,-125
1767173723.1932385,1,-3,-124
1767173723.2032382,-3,-5,-122
1767173723.2132382,1,-6,-117
1767173723.2232382,3,-2,-122
1767173723.2332382,6,-2,-127
1767173723.2432382,8,-9,-125
1767173723.2532382,3,-8,-130
1767173723.2632382,5,-7,-131
1767173723.2732382,1,-6,-130
1767173723.2832382,1,-6,-129
1767173723.2932382,1,-4,-124
1767173723.3032382,3,-3,-123
1767173723.313238,5,-2,-127
1767173723.323238,1,-2,-126
1767173723.333238,3,-6,-123
1767173723.343238,-1,-8,-123
1767173723.353238,-3,-1,-120
1767173723.363238,-1,-4,-120
1767173723.373238,0,-4,-120
1767173723.383238,3,-1,-121
1767173723.393238,1,1,-126
1767173723.403238,-2,3,-126
1767173723.413238,0,-1,-130
1767173723.423238,0,2,-130
1767173723.4332385,2,1,-128
1767173723.4432385,1,0,-127
1767173723.4532382,3,0,-129
1767173723.4632382,1,1,-138
1767173723.4732382,0,0,-132
1767173723.4832382,-4,-1,-128
1767173723.4932382,-1,4,-130
1767173723.5032382,0,3,-130
1767173723.5132382,1,2,-127
1767173723.5232382,0,4,-125
1767173723.5332382,-2,2,-126
1767173723.5432382,-3,-1,-123
1767173723.5532382,-3,-3,-131
1767173723.563238,0,-3,-130
1767173723.573238,0,-2,-130
1767173723.583238,0,1,-134
1767173723.593238,0,0,-132
1767173723.603238,-2,2,-118
1767173723.613238,-5,-2,-120
1767173723.623238,-2,-3,-120
1767173723.633238,-1,-3,-115
1767173723.643238,0,-2,-112
1767173723.653238,2,-4,-115
1767173723.663238,-2,-5,-115
1767173723.673238,-6,-5,-127
1767173723.6832385,-4,-5,-131
1767173723.6932385,-5,0,-133
1767173723.7032382,-3,-1,-132
1767173723.7132382,-4,1,-124
1767173723.7232382,-1,2,-124
1767173723.7332382,-4,1,-119
1767173723.7432382,-5,4,-127
1767173723.7532382,-8,2,-127
1767173723.7632382,-1,0,-123
1767173723.7732382,-2,0,-126
1767173723.7832382,-4,-1,-127
1767173723.7932382,-4,0,-124
1767173723.8032382,-3,2,-121
1767173723.813238,0,0,-129
1767173723.823238,-2,-1,-125
1767173723.833238,0,-3,-126
1767173723.843238,2,-5,-127
1767173723.853238,5,-6,-121
1767173723.863238,5,-8,-126
1767173723.873238,0,-4,-131
1767173723.883238,2,-2,-127
1767173723.893238,4,-5,-123
1767173723.903238,4,-7,-123
1767173723.913238,6,-9,-127
1767173723.923238,1,-4,-129
1767173723.9332385,3,-3,-126
1767173723.9432385,0,-1,-126
1767173723.9532382,0,1,-127
1767173723.9632382,3,6,-124
1767173723.9732382,4,9,-118
1767173723.9832382,3,9,-110
1767173723.9932382,1,6,-113
1767173724.0032382,-2,4,-110
1767173724.0132382,-5,2,-111
1767173724.0232382,-4,6,-119
1767173724.0332382,-3,5,-124
1767173724.0432382,-3,4,-126
1767173724.0532382,-3,7,-129
1767173724.063238,-3,4,-131
1767173724.073238,0,4,-123
1767173724.083238,0,-1,-122
1767173724.093238,0,1,-118
1767173724.103238,0,-2,-121
1767173724.113238,-1,-1,-124
1767173724.123238,-5,2,-132
1767173724.133238,-4,1,-135
1767173724.143238,-4,2,-125
1767173724.153238,-5,2,-125
1767173724.163238,-6,-3,-125
1767173724.173238,-7,-2,-129
1767173724.1832385,-6,0,-128
1767173724.1932385,-2,6,-125
1767173724.2032382,0,4,-128
1767173724.2132382,1,2,-130
1767173724.2232382,4,4,-127
1767173724.2332382,4,4,-126
1767173724.2432382,0,3,-129
1767173724.2532382,-5,0,-127
1767173724.2632382,-5,-1,-132
1767173724.2732382,-5,-2,-129
1767173724.2832382,-3,-1,-126
1767173724.2932382,-5,-4,-127
1767173724.3032382,-3,-6,-126
1767173724.313238,2,-6,-130
1767173724.323238,2,-7,-132
1767173724.333238,3,-8,-136
1767173724.343238,0,-9,-135
1767173724.353238,0,-5,-133
1767173724.363238,-2,-4,-125
1767173724.373238,3,-3,-128
1767173724.383238,0,-2,-134
1767173724.393238,-1,-1,-136
1767173724.403238,-5,-6,-140
1767173724.413238,-3,-5,-136
1767173724.423238,-3,-6,-128
1767173724.4332385,-4,-5,-128
1767173724.4432385,-6,-5,-125
1767173724.4532382,-3,-2,-125
1767173724.4632382,0,-2,-128
1767173724.4732382,4,-1,-128
1767173724.4832382,1,0,-125
1767173724.4932382,1,0,-129
1767173724.5032382,0,-2,-132
1767173724.5132382,-1,-2,-135
1767173724.5232382,-3,-2,-134
1767173724.5332382,-4,-4,-131
1767173724.5432382,-3,0,-134
1767173724.5532382,0,-2,-139
1767173724.563238,0,-2,-137
1767173724.573238,-1,-1,-143
1767173724.583238,-6,-4,-135
1767173724.593238,-1,-5,-127
1767173724.603238,-1,-5,-123
1767173724.613238,2,-3,-124
1767173724.623238,5,-2,-129
1767173724.633238,0,-5,-134
1767173724.643238,3,-2,-130
1767173724.653238,7,-5,-129
1767173724.663238,6,-5,-123
1767173724.673238,4,-5,-119
1767173724.6832385,4,-3,-117
1767173724.6932385,2,-2,-119
1767173724.7032382,0,0,-120
1767173724.7132382,-3,-2,-121
1767173724.7232382,1,1,-128
1767173724.7332382,0,3,-123
1767173724.7432382,-5,0,-120
1767173724.7532382,-9,-1,-123
1767173724.7632382,-8,-1,-120
1767173724.7732382,-6,-2,-120
1767173724.7832382,-8,1,-119
1767173724.794238,-6,1,-122
1767173724.804238,-7,3,-121
1767173724.814238,-6,3,-118
1767173724.824238,-3,4,-121
1767173724.834238,-1,4,-117
1767173724.844238,1,8,-120
1767173724.8542385,1,3,-119
1767173724.8642385,0,0,-116
1767173724.8742385,-1,-4,-120
1767173724.8842382,-4,-6,-120
1767173724.8942382,-3,-7,-124
1767173724.9042382,-2,-6,-124
1767173724.9142382,0,-9,-122
1767173724.9242382,2,-10,-123
1767173724.9342382,7,-11,-122
1767173724.9442382,4,-6,-125
1767173724.9542382,4,-9,-130
1767173724.9642382,3,-7,-133
1767173724.9742382,4,-6,-128
1767173724.984238,7,-7,-127
1767173724.994238,5,-6,-124
1767173725.004238,7,-6,-127
1767173725.014238,9,-5,-131
1767173725.024238,8,-5,-133
1767173725.034238,6,-4,-127
1767173725.044238,5,-4,-127
1767173725.054238,6,0,-123
1767173725.064238,2,0,-119
1767173725.074238,-1,2,-115
1767173725.084238,-5,2,-121
1767173725.094238,-4,-3,-123
1767173725.1042385,-1,-5,-123
1767173725.1142385,0,-4,-123
1767173725.1242385,4,-2,-127
1767173725.1342382,5,-3,-131
1767173725.1442382,8,-3,-135
1767173725.1542382,6,-5,-137
1767173725.1642382,0,-6,-141
1767173725.1742382,-3,-5,-142
1767173725.1842382,-4,-3,-141
1767173725.1942382,-5,0,-140
1767173725.2042382,-7,0,-135
1767173725.2142382,-6,0,-131
1767173725.2242382,-6,-1,-130
1767173725.234238,-8,1,-125
1767173725.244238,-4,3,-123
1767173725.254238,-5,1,-120
1767173725.264238,-4,2,-124
1767173725.274238,-1,3,-121
1767173725.284238,1,1,-117
1767173725.294238,0,1,-119
1767173725.304238,3,1,-124
1767173725.314238,3,-3,-131
1767173725.324238,5,-1,-123
1767173725.334238,1,-5,-128
1767173725.344238,2,-6,-127
1767173725.3542385,1,-7,-129
1767173725.3642385,1,0,-125
1767173725.3742385,1,0,-128
1767173725.3842382,0,1,-124
1767173725.3942382,0,0,-125
1767173725.4042382,0,0,-122
1767173725.4142382,2,0,-123
1767173725.4242382,1,0,-121
1767173725.4342382,4,1,-124
1767173725.4442382,2,-2,-127
1767173725.4542382,10,-2,-135
1767173725.4642382,9,2,-138
1767173725.4742382,6,2,-136
1767173725.484238,2,1,-140
1767173725.494238,0,1,-137
1767173725.504238,6,0,-121
1767173725.514238,3,0,-121
1767173725.524238,1,0,-126
1767173725.534238,-3,-1,-125
1767173725.544238,-1,-1,-122
1767173725.554238,-4,-4,-119
1767173725.564238,-7,-5,-120
1767173725.574238,-8,-3,-121
1767173725.584238,-4,0,-121
1767173725.594238,-5,0,-126
1767173725.6042385,-1,2,-131
1767173725.6142385,0,1,-129
1767173725.6242385,0,0,-127
1767173725.6342382,-5,-2,-133
1767173725.6442382,-6,-2,-137
1767173725.6542382,-3,2,-139
1767173725.6642382,0,0,-137
1767173725.6742382,-1,0,-128
1767173725.6842382,-2,1,-124
1767173725.6942382,-2,1,-120
1767173725.7042382,-1,-4,-124
1767173725.7142382,2,-5,-129
1767173725.7242382,3,-3,-128
1767173725.734238,4,-2,-129
1767173725.744238,3,-2,-126
1767173725.754238,1,-6,-132
1767173725.764238,3,-6,-129
1767173725.774238,3,-5,-128
1767173725.784238,7,-3,-131
1767173725.794238,6,-2,-127
1767173725.804238,4,-2,-128
1767173725.814238,3,-4,-130
1767173725.824238,3,-3,-127
1767173725.834238,2,-5,-124
1767173725.844238,2,-5,-124
1767173725.8542385,2,-3,-120
1767173725.8642385,5,-1,-118
1767173725.8742385,4,0,-118
1767173725.8842382,3,2,-120
1767173725.8942382,0,3,-117
1767173725.9042382,-4,-2,-114
1767173725.9142382,-2,-5,-113
1767173725.9242382,-1,-5,-121
1767173725.9342382,-3,-6,-121
1767173725.9442382,-1,-8,-118
1767173725.9542382,-1,-5,-130
1767173725.9642382,-4,-5,-133
1767173725.9742382,-3,1,-129
1767173725.984238,-3,1,-123
1767173725.994238,0,0,-130
1767173726.004238,0,1,-135
1767173726.014238,0,2,-136
1767173726.024238,2,4,-138
1767173726.034238,0,2,-139
1767173726.044238,4,1,-133
1767173726.054238,3,-3,-131
1767173726.064238,0,-5,-124
1767173726.074238,2,0,-123
1767173726.084238,3,-1,-129
1767173726.094238,-1,-1,-128
1767173726.1042385,6,-2,-122
1767173726.1142385,8,0,-123
1767173726.1242385,9,0,-122
1767173726.1342382,7,2,-124
1767173726.1442382,3,0,-133
1767173726.1542382,0,0,-133
1767173726.1642382,0,0,-132
1767173726.1742382,-2,0,-137
1767173726.1842382,2,-2,-132
1767173726.1942382,4,-6,-134
1767173726.2042382,5,-8,-128
1767173726.2142382,2,-4,-128
1767173726.2242382,2,-3,-128
1767173726.234238,3,-5,-128
1767173726.244238,2,-3,-132
1767173726.254238,0,-5,-131
1767173726.264238,1,-8,-128
1767173726.274238,2,-5,-122
1767173726.284238,2,-6,-126
1767173726.294238,4,-6,-120
1767173726.304238,6,-4,-117
1767173726.314238,6,0,-115
1767173726.324238,1,2,-113
1767173726.334238,0,-1,-118
1767173726.344238,5,-1,-116
1767173726.3542385,0,0,-112
1767173726.3642385,-2,2,-113
1767173726.3742385,-1,-1,-118
1767173726.3842382,-1,-2,-121
1767173726.3942382,0,0,-125
1767173726.4042382,-1,-5,-123
1767173726.4142382,-4,-2,-123
1767173726.4242382,-4,0,-125
1767173726.4342382,-6,0,-121
1767173726.4442382,-7,-5,-124
1767173726.4542382,-2,-8,-128
1767173726.4642382,4,-7,-134
1767173726.4742382,1,-4,-130
1767173726.495238,0,0,-138
1767173726.504238,1,-1,-129
1767173726.514238,0,-1,-133
1767173726.524238,-4,0,-134
1767173726.534238,0,-3,-129
1767173726.544238,-3,-3,-132
1767173726.554238,0,-3,-133
1767173726.564238,2,0,-129
1767173726.574238,0,2,-127
1767173726.584238,1,-4,-123
1767173726.594238,-8,-1,-117
1767173726.6042385,-13,0,-116
1767173726.6142385,-9,-3,-119
1767173726.6242385,-2,-7,-125
1767173726.6342382,0,-2,-134
1767173726.6442382,-2,-5,-133
1767173726.6542382,-1,-2,-130
1767173726.6642382,-5,-4,-126
1767173726.6742382,-6,-4,-129
1767173726.6842382,0,-4,-127
1767173726.6942382,-3,-2,-124
1767173726.7042382,-3,0,-129
1767173726.7142382,-2,2,-128
1767173726.725238,-3,-1,-130
1767173726.734238,-1,-3,-123
1767173726.744238,-2,-2,-126
1767173726.754238,0,1,-128
1767173726.764238,1,1,-126
1767173726.774238,2,1,-121
1767173726.784238,4,6,-127
1767173726.794238,5,4,-122
1767173726.804238,5,0,-128
1767173726.814238,3,-3,-129
1767173726.824238,6,-1,-129
1767173726.834238,6,0,-127
1767173726.844238,1,-1,-126
1767173726.8542385,1,-1,-126
1767173726.8642385,1,-2,-128
1767173726.8742385,-1,-2,-129
1767173726.8842382,-2,1,-128
1767173726.8942382,0,0,-130
1767173726.9042382,-2,4,-134
1767173726.9142382,-3,1,-135
1767173726.9242382,-6,-2,-134
1767173726.9342382,-4,-6,-129
1767173726.9442382,-2,-5,-130
1767173726.9542382,0,-1,-124
1767173726.9642382,0,0,-119
1767173726.9742382,0,2,-120
1767173726.984238,2,5,-112
1767173726.994238,0,1,-114
1767173727.004238,-1,0,-116
1767173727.014238,0,-4,-125
1767173727.024238,-2,-6,-122
1767173727.034238,1,-5,-125
1767173727.044238,3,-4,-126
1767173727.054238,2,-4,-123
1767173727.064238,2,-5,-124
1767173727.074238,2,-5,-127
1767173727.084238,1,-6,-125
1767173727.094238,3,-8,-124
1767173727.1042385,3,-4,-129
1767173727.1142385,0,-6,-128
1767173727.1242385,0,-3,-131
1767173727.1342382,-5,0,-122
1767173727.1442382,-2,0,-119
1767173727.1542382,-1,1,-117
1767173727.1642382,-1,-1,-115
1767173727.1742382,2,-2,-121
1767173727.1842382,6,-3,-124
1767173727.1942382,7,-4,-121
1767173727.2042382,6,-4,-123
1767173727.2142382,4,-6,-123
1767173727.2242382,0,-6,-121
1767173727.234238,4,-6,-129
1767173727.244238,6,-2,-132
1767173727.254238,7,-2,-131
1767173727.264238,2,-4,-127
1767173727.274238,0,-7,-130
1767173727.284238,-1,-6,-126
1767173727.294238,-4,-8,-127
1767173727.304238,-10,-4,-127
1767173727.314238,-14,-2,-118
1767173727.324238,-9,-3,-121
1767173727.334238,-8,-3,-125
1767173727.344238,-7,-6,-132
1767173727.3542385,-9,-6,-130
1767173727.3642385,-3,-3,-127
1767173727.3742385,0,-5,-128
1767173727.3842382,2,-6,-128
1767173727.3942382,2,-6,-129
1767173727.4042382,0,-4,-134
1767173727.415238,-2,-4,-140
1767173727.425238,-3,-3,-141
1767173727.435238,0,-7,-139
1767173727.445238,0,-7,-138
1767173727.455238,-1,-5,-148
1767173727.465238,-2,-3,-134
1767173727.475238,0,0,-129
1767173727.485238,3,4,-125
1767173727.495238,9,0,-130
1767173727.505238,10,-1,-130
1767173727.515238,4,-2,-128
1767173727.525238,1,-4,-125
1767173727.5352385,2,-1,-124
1767173727.5452385,2,0,-130
1767173727.5552382,0,0,-121
1767173727.5652382,2,1,-118
1767173727.5752382,3,-5,-121
1767173727.5852382,0,-5,-126
1767173727.5952382,0,-5,-124
1767173727.6052382,0,-5,-122
1767173727.6152382,0,-7,-114
1767173727.6252382,1,-4,-121
1767173727.6352382,0,-5,-124
1767173727.6452382,2,-4,-130
1767173727.6552382,-1,-4,-131
1767173727.665238,-3,-3,-123
1767173727.675238,-3,0,-129
1767173727.685238,3,-5,-130
1767173727.695238,2,-9,-132
1767173727.705238,2,-9,-126
1767173727.715238,2,-11,-114
1767173727.725238,2,-9,-119
1767173727.735238,0,-8,-119
1767173727.745238,1,-3,-122
1767173727.755238,-1,-4,-118
1767173727.765238,-1,-5,-120
1767173727.775238,-2,-4,-118
1767173727.7852385,-2,-2,-121
1767173727.7952385,-5,0,-125
1767173727.8052382,-11,0,-122
1767173727.8152382,-8,0,-129
1767173727.8252382,-7,-3,-127
1767173727.8352382,-3,-6,-119
1767173727.8452382,-3,-5,-117
1767173727.8552382,-7,-4,-114
1767173727.8652382,-6,-3,-119
1767173727.8752382,-6,-2,-120
1767173727.8852382,-6,0,-123
1767173727.8952382,-4,0,-122
1767173727.9052382,-6,-1,-122
1767173727.915238,-2,-1,-123
1767173727.925238,-1,0,-117
1767173727.935238,0,3,-120
1767173727.945238,0,0,-120
1767173727.955238,0,0,-125
1767173727.965238,-2,-4,-123
1767173727.975238,0,-6,-124
1767173727.985238,0,-3,-118
1767173727.995238,2,-1,-121
1767173728.005238,-4,2,-126
1767173728.015238,-7,0,-130
1767173728.025238,-2,-3,-134
1767173728.0352385,0,-1,-134
1767173728.0452385,-3,-2,-139
1767173728.0552382,-3,-4,-132
1767173728.0652382,-1,-4,-128
1767173728.0752382,2,-2,-124
1767173728.0852382,1,0,-117
1767173728.0952382,3,0,-115
1767173728.1052382,4,0,-112
1767173728.1152382,4,1,-116
1767173728.1252382,2,0,-124
1767173728.1352382,0,2,-126
1767173728.1452382,-2,0,-128
1767173728.1552382,-1,-5,-133
1767173728.165238,-1,-4,-132
1767173728.175238,0,-4,-132
1767173728.185238,0,-3,-131
1767173728.195238,-4,-5,-130
1767173728.205238,-1,-7,-129
1767173728.215238,0,-9,-134
1767173728.225238,0,-7,-133
1767173728.235238,5,-5,-137
1767173728.245238,3,-4,-136
1767173728.255238,1,-5,-134
1767173728.265238,2,-6,-133
1767173728.275238,-1,-3,-126
1767173728.2852385,-1,-4,-123
1767173728.2952385,0,-2,-118
1767173728.3052382,0,-2,-120
1767173728.3152382,-3,-2,-119
1767173728.3252382,-5,-3,-117
1767173728.3352382,-10,-4,-128
1767173728.3452382,-6,-5,-130
1767173728.3552382,-2,-4,-131
1767173728.3652382,-7,-8,-132
1767173728.3752382,-12,-6,-127
1767173728.3852382,-13,-5,-124
1767173728.3952382,-12,-4,-121
1767173728.4052382,-7,-3,-118
1767173728.415238,-4,0,-118
1767173728.425238,-11,0,-116
1767173728.435238,-12,1,-121
1767173728.445238,-10,0,-124
1767173728.455238,-7,-3,-125
1767173728.465238,-7,-5,-126
1767173728.475238,-5,-5,-123
1767173728.485238,1,-2,-112
1767173728.495238,4,0,-115
1767173728.505238,3,0,-120
1767173728.515238,4,0,-119
1767173728.525238,3,-1,-115
1767173728.5352385,0,1,-125
1767173728.5452385,2,0,-128
1767173728.5552382,2,-1,-125
1767173728.5652382,0,-1,-129
1767173728.5752382,1,-2,-131
1767173728.5852382,1,0,-133
1767173728.5952382,5,-2,-127
1767173728.6052382,5,-2,-125
1767173728.6152382,4,-4,-124
1767173728.6252382,0,-6,-131
1767173728.6352382,-1,0,-133
1767173728.6452382,-2,2,-126
1767173728.6552382,-6,3,-122
1767173728.665238,-4,-1,-125
1767173728.675238,1,2,-122
1767173728.685238,0,0,-115
1767173728.695238,-2,0,-113
1767173728.705238,1,-3,-121
1767173728.715238,3,-4,-122
1767173728.725238,0,-7,-126
1767173728.735238,-4,-7,-124
1767173728.745238,-3,-4,-133
1767173728.755238,0,-4,-126
1767173728.765238,-2,0,-127
1767173728.775238,0,-4,-132
1767173728.7852385,-2,-6,-127
1767173728.7952385,1,-4,-128
1767173728.8052382,0,-2,-121
1767173728.8152382,-3,0,-118
1767173728.8252382,-5,0,-122
1767173728.8352382,-7,1,-125
1767173728.8452382,-9,3,-127
1767173728.8552382,-5,0,-126
1767173728.8652382,-5,2,-131
1767173728.8752382,-2,0,-125
1767173728.8852382,-2,-2,-127
1767173728.8952382,-3,-2,-113
1767173728.9052382,-1,-3,-112
1767173728.915238,-4,-4,-116
1767173728.925238,-3,-8,-122
1767173728.935238,-4,-11,-129
1767173728.945238,-3,-10,-129
1767173728.955238,1,-9,-132
1767173728.965238,-2,-10,-129
1767173728.975238,0,-9,-128
1767173728.985238,3,-4,-126
1767173728.995238,5,-1,-128
1767173729.005238,4,-6,-129
1767173729.015238,6,-2,-126
1767173729.025238,7,-3,-123
1767173729.0352385,4,-1,-126
1767173729.0452385,4,2,-129
1767173729.0552382,1,1,-136
1767173729.0652382,-3,-2,-133
1767173729.0752382,-3,2,-129
1767173729.0852382,1,4,-131
1767173729.0952382,3,3,-130
1767173729.1052382,0,-2,-127
1767173729.1152382,2,0,-121
1767173729.1252382,-2,-3,-122
1767173729.1352382,-1,-4,-117
1767173729.1452382,-1,-4,-121
1767173729.1552382,-1,-3,-123
1767173729.165238,0,-2,-119
1767173729.175238,-1,-1,-121
1767173729.185238,0,-1,-124
1767173729.195238,0,0,-126
1767173729.205238,0,-3,-125
1767173729.215238,-1,-2,-121
1767173729.225238,0,0,-123
1767173729.235238,0,3,-122
1767173729.245238,-3,3,-119
1767173729.255238,-2,6,-116
1767173729.265238,0,4,-109
1767173729.275238,-3,3,-106
1767173729.2852385,0,0,-109
1767173729.2952385,0,3,-107
1767173729.3052382,1,3,-106
1767173729.3152382,0,1,-114
1767173729.3252382,5,1,-117
1767173729.3352382,4,0,-121
1767173729.3452382,1,-2,-123
1767173729.3552382,1,-3,-127
1767173729.3652382,2,-3,-130
1767173729.3752382,4,-4,-125
1767173729.3852382,3,-8,-128
1767173729.3952382,4,-7,-128
1767173729.4052382,9,-3,-126
1767173729.415238,7,0,-131
1767173729.425238,6,-4,-128
1767173729.435238,6,0,-126
1767173729.445238,0,0,-122
1767173729.455238,-2,0,-119
1767173729.465238,-1,1,-119
1767173729.475238,0,-1,-122
1767173729.485238,0,-4,-125
1767173729.495238,4,-2,-128
1767173729.505238,7,2,-129
1767173729.515238,3,0,-129
1767173729.525238,1,-3,-129
1767173729.5352385,1,-4,-132
1767173729.5452385,-1,-3,-125
1767173729.5552382,-3,-5,-129
1767173729.5652382,-2,-7,-131
1767173729.5752382,-2,-8,-130
1767173729.5852382,-2,-7,-125
1767173729.5952382,-4,-10,-121
1767173729.6052382,-5,-8,-126
1767173729.6152382,-3,1,-132
1767173729.6252382,-2,1,-136
1767173729.6352382,-1,4,-136
1767173729.6452382,-1,2,-131
1767173729.6552382,1,0,-132
1767173729.665238,2,-5,-126
1767173729.675238,4,-9,-123
1767173729.685238,2,-9,-125
1767173729.695238,2,-11,-125
1767173729.705238,-3,-11,-126
1767173729.715238,-2,-13,-128
1767173729.725238,-3,-11,-129
1767173729.735238,0,-7,-125
1767173729.745238,-1,-5,-118
1767173729.755238,-2,-4,-117
1767173729.765238,-1,-2,-113
1767173729.775238,1,0,-117
1767173729.7852385,3,1,-118
1767173729.7952385,7,0,-118
1767173729.8052382,3,0,-121
1767173729.8152382,1,-2,-126
1767173729.8252382,3,-5,-119
1767173729.8352382,4,0,-122
1767173729.8452382,6,2,-118
1767173729.8552382,9,0,-120
1767173729.8652382,9,-2,-124
1767173729.8752382,7,-1,-129
1767173729.8852382,12,0,-131
1767173729.8952382,15,0,-130
1767173729.9052382,15,0,-134
1767173729.915238,13,0,-126
1767173729.925238,11,1,-123
1767173729.935238,10,3,-122
1767173729.945238,11,0,-128
1767173729.955238,13,-1,-132
1767173729.965238,11,0,-126
1767173729.975238,7,-2,-132
1767173729.985238,5,-4,-125
1767173729.995238,4,-2,-129
1767173730.005238,5,-1,-126
1767173730.015238,2,3,-121
1767173730.025238,1,6,-120
1767173730.0352385,0,7,-120
1767173730.0452385,-1,5,-120
1767173730.0552382,-3,3,-122
1767173730.0662382,-1,0,-125
1767173730.0762382,1,0,-131
1767173730.086238,0,2,-130
1767173730.096238,0,4,-126
1767173730.106238,2,1,-131
1767173730.116238,0,0,-132
1767173730.126238,0,-3,-130
1767173730.136238,3,-5,-126
1767173730.146238,1,-9,-118
1767173730.156238,2,-10,-120
1767173730.166238,3,-7,-124
1767173730.176238,1,-6,-130
1767173730.186238,-4,-6,-133
1767173730.196238,0,-5,-129
1767173730.2062385,0,-5,-129
1767173730.2162385,0,-3,-129
1767173730.2262385,-1,-5,-123
1767173730.2362382,1,0,-129
1767173730.2462382,1,0,-123
1767173730.2562382,1,0,-117
1767173730.2662382,-1,-4,-117
1767173730.2762382,2,-7,-124
1767173730.2862382,1,-8,-127
1767173730.2962382,4,-8,-123
1767173730.3062382,0,-4,-122
1767173730.3162382,0,-2,-125
1767173730.3262382,0,-5,-128
1767173730.336238,0,-7,-130
1767173730.346238,2,-4,-129
1767173730.356238,1,-6,-127
1767173730.366238,0,-5,-123
1767173730.376238,4,-6,-130
1767173730.386238,4,-2,-130
1767173730.396238,6,-4,-132
1767173730.406238,-1,-7,-127
1767173730.416238,-3,-4,-121
1767173730.426238,-3,-3,-122
1767173730.436238,-1,-4,-122
1767173730.446238,-3,-5,-128
1767173730.4562385,-4,-4,-127
1767173730.4662385,-7,-2,-127
1767173730.4762385,-6,-3,-130
1767173730.4862382,-2,-3,-130
1767173730.4962382,-1,-6,-129
1767173730.5062382,0,-3,-129
1767173730.5162382,-3,1,-128
1767173730.5262382,0,3,-134
1767173730.5362382,1,2,-132
1767173730.5462382,4,-1,-137
1767173730.5562382,8,-3,-131
1767173730.5662382,9,-2,-135
1767173730.5762382,11,-4,-137
1767173730.586238,6,-2,-129
1767173730.596238,9,-3,-127
1767173730.606238,10,-1,-125
1767173730.616238,6,-2,-128
1767173730.626238,9,-4,-127
1767173730.636238,9,-2,-125
1767173730.646238,6,-3,-123
1767173730.656238,2,-4,-123
1767173730.666238,0,-4,-124
1767173730.676238,-3,-3,-126
1767173730.686238,-4,0,-133
1767173730.696238,0,0,-138
1767173730.7062385,-2,2,-142
1767173730.7162385,0,1,-132
1767173730.7262385,-2,3,-132
1767173730.7362382,-4,4,-128
1767173730.7462382,-6,1,-128
1767173730.7562382,-8,-2,-125
1767173730.7662382,-5,-4,-116
1767173730.7762382,1,-4,-123
1767173730.7862382,5,-3,-128
1767173730.7962382,2,-5,-121
1767173730.8062382,7,-5,-118
1767173730.8162382,9,-7,-122
1767173730.8262382,5,-8,-120
1767173730.836238,7,-6,-125
1767173730.846238,0,-5,-127
1767173730.856238,0,1,-125
1767173730.866238,-1,3,-131
1767173730.876238,-1,0,-134
1767173730.886238,-1,1,-134
1767173730.896238,-1,0,-135
1767173730.906238,1,2,-133
1767173730.916238,-4,4,-134
1767173730.926238,-5,-1,-131
1767173730.936238,0,-4,-127
1767173730.946238,2,-3,-124
1767173730.9562385,0,0,-132
1767173730.9662385,4,-3,-127
1767173730.9762385,6,0,-126
1767173730.9862382,7,-3,-120
1767173730.9962382,5,-5,-128
1767173731.0062382,5,-2,-125
1767173731.0162382,0,-2,-123
1767173731.0262382,-4,-3,-124
1767173731.0362382,-3,-6,-125
1767173731.0462382,-5,-6,-126
1767173731.0562382,0,-3,-124
1767173731.0662382,4,-7,-128
1767173731.0762382,7,-7,-136
1767173731.086238,0,-5,-138
1767173731.096238,0,-5,-138
1767173731.106238,0,-5,-130
1767173731.116238,-5,-2,-127
1767173731.126238,-7,-1,-124
1767173731.136238,-8,0,-122
1767173731.146238,-7,-1,-124
1767173731.156238,-6,-1,-115
1767173731.166238,-1,1,-115
1767173731.176238,0,0,-121
1767173731.186238,0,-1,-124
1767173731.196238,-1,-1,-123
1767173731.2062385,0,-1,-118
1767173731.2162385,2,-3,-117
1767173731.2262385,0,-1,-120
1767173731.2362382,0,-1,-121
1767173731.2462382,0,0,-121
1767173731.2562382,-1,-2,-130
1767173731.2662382,-3,-2,-137
1767173731.2762382,-2,-2,-140
1767173731.2862382,-1,0,-134
1767173731.2962382,7,0,-128
1767173731.3062382,4,-3,-129
1767173731.3162382,2,-5,-130
1767173731.3262382,0,-7,-129
1767173731.336238,0,-2,-121
1767173731.346238,1,-1,-123
1767173731.356238,0,-1,-127
1767173731.366238,1,-3,-130
1767173731.376238,2,-3,-130
1767173731.386238,5,-3,-126
1767173731.396238,4,-3,-126
1767173731.406238,4,-2,-131
1767173731.416238,7,-1,-131
1767173731.426238,3,0,-126
1767173731.436238,0,-2,-132
1767173731.446238,0,-8,-126
1767173731.4562385,0,-11,-129
1767173731.4662385,0,-7,-132
1767173731.4762385,-2,-3,-128
1767173731.4862382,-5,-2,-123
1767173731.508238,-11,-2,-121
1767173731.5162382,-10,-1,-113
1767173731.5262382,-6,0,-114
1767173731.5362382,-9,0,-111
1767173731.5462382,-6,1,-114
1767173731.5562382,-2,3,-123
1767173731.5662382,0,2,-136
1767173731.5762382,-3,3,-133
1767173731.586238,-4,-3,-135
1767173731.596238,-4,-4,-128
1767173731.606238,-6,-4,-123
1767173731.616238,-6,-6,-121
1767173731.626238,-5,-7,-120
1767173731.636238,-5,-5,-117
1767173731.646238,-1,-1,-120
1767173731.656238,1,-3,-124
1767173731.666238,4,-7,-131
1767173731.676238,5,-8,-131
1767173731.686238,5,-9,-132
1767173731.696238,4,-9,-132
1767173731.7062385,5,-1,-127
1767173731.7162385,5,4,-132
1767173731.7262385,4,0,-136
1767173731.7362382,2,1,-131
1767173731.7462382,4,0,-127
1767173731.7562382,6,-1,-127
1767173731.7662382,1,-5,-129
1767173731.7762382,0,-6,-128
1767173731.7862382,1,-3,-125
1767173731.7962382,-1,-1,-131
1767173731.8062382,1,-4,-129
1767173731.8162382,0,-4,-127
1767173731.8262382,3,-4,-127
1767173731.836238,2,-6,-122
1767173731.846238,5,-7,-120
1767173731.856238,4,-4,-120
1767173731.866238,3,-1,-120
1767173731.876238,1,1,-123
1767173731.886238,2,0,-126
1767173731.896238,5,-2,-128
1767173731.906238,6,-5,-135
1767173731.916238,8,-8,-132
1767173731.926238,3,-9,-132
1767173731.936238,3,-8,-131
1767173731.946238,2,-8,-125
1767173731.9562385,3,-4,-118
1767173731.9662385,2,-1,-115
1767173731.9762385,4,-4,-118
1767173731.9862382,6,-4,-116
1767173731.9962382,6,-6,-121
1767173732.0062382,7,-3,-124
1767173732.0162382,4,-2,-122
1767173732.0262382,1,-3,-117
1767173732.0362382,4,-3,-119
1767173732.0462382,-1,0,-131
1767173732.0562382,0,1,-128
1767173732.0662382,0,0,-123
1767173732.0762382,1,-4,-121
1767173732.086238,-2,-5,-126
1767173732.096238,-5,-2,-126
1767173732.106238,-13,-1,-132
1767173732.116238,-12,-2,-132
1767173732.126238,-11,-2,-133
1767173732.136238,-10,-1,-129
1767173732.146238,-9,0,-127
1767173732.156238,-11,-2,-123
1767173732.166238,-7,-2,-130
1767173732.176238,-1,-4,-131
1767173732.186238,-1,-6,-129
1767173732.196238,0,-3,-130
1767173732.2062385,-1,-1,-125
1767173732.2162385,-1,-2,-117
1767173732.2262385,-1,-1,-121
1767173732.2362382,4,-3,-127
1767173732.2462382,4,0,-130
1767173732.2562382,5,2,-133
1767173732.2662382,5,3,-135
1767173732.2762382,-3,0,-138
1767173732.2862382,0,-2,-133
1767173732.2962382,0,-2,-135
1767173732.3062382,1,-1,-133
1767173732.3162382,0,-1,-138
1767173732.3262382,0,0,-136
1767173732.336238,0,2,-128
1767173732.346238,0,6,-131
1767173732.356238,0,2,-128
1767173732.366238,2,3,-126
1767173732.376238,1,0,-126
1767173732.386238,0,4,-125
1767173732.396238,1,0,-127
1767173732.406238,6,2,-125
1767173732.416238,6,1,-127
1767173732.426238,0,0,-127
1767173732.436238,-3,0,-126
1767173732.446238,-2,-1,-133
1767173732.4562385,-4,0,-131
1767173732.4662385,-1,-4,-134
1767173732.4762385,2,-3,-130
1767173732.4862382,2,0,-126
1767173732.4962382,4,4,-128
1767173732.5062382,3,1,-126
1767173732.5162382,-2,0,-132
1767173732.5262382,-2,2,-135
1767173732.5362382,0,0,-129
1767173732.5462382,-2,-2,-129
1767173732.5562382,-1,-2,-131
1767173732.5662382,-5,-3,-133
1767173732.5762382,-3,-2,-136
1767173732.586238,-1,-6,-131
1767173732.596238,-2,-6,-131
1767173732.606238,0,-4,-140
1767173732.616238,1,-2,-139
1767173732.626238,-4,2,-134
1767173732.636238,-7,3,-130
1767173732.646238,-4,1,-128
1767173732.656238,-2,-1,-126
1767173732.666238,-6,-6,-132
1767173732.6772382,-6,-3,-131
1767173732.686238,-4,-6,-130
1767173732.6972382,0,-5,-129
1767173732.7062385,0,-8,-124
1767173732.7172382,2,-8,-116
1767173732.7272382,0,-8,-122
1767173732.7372382,4,-5,-121
1767173732.7472382,0,-6,-120
1767173732.757238,0,-3,-126
1767173732.7662382,0,0,-130
1767173732.777238,0,-1,-130
1767173732.787238,-3,-3,-130
1767173732.797238,1,-7,-125
1767173732.807238,4,-6,-125
1767173732.817238,1,-6,-124
1767173732.827238,-1,-8,-121
1767173732.837238,0,-1,-126
1767173732.847238,4,-1,-112
1767173732.857238,2,-6,-115
1767173732.867238,1,-9,-118
1767173732.877238,1,-3,-124
1767173732.8872385,5,0,-127
1767173732.8972385,6,2,-128
1767173732.9072382,5,2,-132
1767173732.9172382,0,1,-134
1767173732.9272382,-3,0,-131
1767173732.9372382,1,3,-127
1767173732.9472382,0,3,-120
1767173732.9572382,-1,4,-124
1767173732.9672382,-1,6,-123
1767173732.9772382,0,7,-120
1767173732.9872382,3,3,-117
1767173732.9972382,7,7,-121
1767173733.007238,9,3,-123
1767173733.017238,9,-1,-123
1767173733.027238,9,-3,-120
1767173733.037238,6,-10,-124
1767173733.047238,1,-7,-126
1767173733.057238,1,-4,-125
1767173733.067238,2,-2,-122
1767173733.077238,3,-1,-123
1767173733.087238,-1,-1,-119
1767173733.097238,-1,0,-118
1767173733.107238,-1,-2,-123
1767173733.117238,-2,-5,-121
1767173733.127238,0,-5,-118
1767173733.1372385,1,-1,-117
1767173733.1472385,0,-1,-119
1767173733.1572382,-3,-1,-123
1767173733.1672382,-5,-2,-124
1767173733.1772382,-7,0,-122
1767173733.1872382,-3,-1,-127
1767173733.1972382,0,-4,-120
1767173733.2072382,-1,-3,-117
1767173733.2172382,-2,-1,-121
1767173733.2272382,-3,-2,-122
1767173733.2372382,-4,-3,-121
1767173733.2472382,-6,-4,-126
1767173733.257238,-6,-1,-124
1767173733.267238,-4,1,-122
1767173733.277238,1,0,-120
1767173733.287238,3,-2,-117
1767173733.297238,4,-4,-127
1767173733.307238,3,0,-121
1767173733.317238,4,0,-121
1767173733.327238,-2,0,-120
1767173733.337238,-2,4,-120
1767173733.347238,-2,6,-126
1767173733.357238,0,2,-127
1767173733.367238,-4,5,-132
1767173733.377238,0,4,-134
1767173733.3872385,-6,4,-137
1767173733.3972385,-6,4,-138
1767173733.4072382,-1,8,-141
1767173733.4172382,0,4,-139
1767173733.4272382,-1,-1,-126
1767173733.4372382,1,0,-126
1767173733.4472382,1,0,-128
1767173733.4572382,2,-1,-123
1767173733.4672382,-2,-1,-125
1767173733.4772382,-7,-5,-126
1767173733.4872382,-7,-3,-130
1767173733.4972382,-6,-6,-128
1767173733.507238,-6,-2,-122
1767173733.517238,-7,-1,-127
1767173733.527238,0,-2,-133
1767173733.537238,-2,-2,-129
1767173733.547238,-6,-3,-124
1767173733.557238,-4,-1,-127
1767173733.567238,-2,-5,-123
1767173733.577238,0,-4,-122
1767173733.587238,0,-2,-120
1767173733.597238,0,-2,-124
1767173733.607238,0,0,-124
1767173733.617238,1,6,-123
1767173733.627238,2,6,-120
1767173733.6372385,3,5,-124
1767173733.6472385,-1,5,-126
1767173733.6572382,0,0,-128
1767173733.6672382,0,-4,-132
1767173733.6772382,0,-4,-139
1767173733.6872382,1,2,-138
1767173733.6972382,0,3,-128
1767173733.7072382,3,2,-130
1767173733.7172382,1,2,-128
1767173733.7272382,2,-1,-127
1767173733.7372382,5,-1,-127
1767173733.7472382,7,-6,-132
1767173733.757238,-2,-4,-126
1767173733.767238,1,-6,-121
1767173733.777238,2,-9,-127
1767173733.787238,2,-7,-126
1767173733.797238,5,-6,-119
1767173733.807238,4,-9,-120
1767173733.817238,-1,-10,-118
1767173733.827238,0,-6,-116
1767173733.837238,-1,-8,-116
1767173733.847238,-2,-9,-118
1767173733.857238,0,-7,-120
1767173733.867238,0,-3,-124
1767173733.877238,2,-4,-132
1767173733.8872385,0,0,-129
1767173733.8972385,1,-4,-129
1767173733.9072382,1,-3,-129
1767173733.9172382,1,-5,-125
1767173733.9272382,4,-2,-123
1767173733.9372382,8,-1,-122
1767173733.9472382,9,-4,-121
1767173733.9572382,4,-1,-121
1767173733.9672382,0,-1,-127
1767173733.9772382,4,-4,-129
1767173733.9872382,0,-2,-125
1767173733.9972382,0,-3,-123
1767173734.007238,-2,-1,-123
1767173734.017238,-3,-1,-127
1767173734.027238,-1,-1,-129
1767173734.037238,-2,-2,-132
1767173734.047238,-1,-3,-120
1767173734.057238,3,-1,-116
1767173734.067238,5,-1,-118
1767173734.077238,5,1,-124
1767173734.087238,5,0,-122
1767173734.0982382,2,-2,-114
1767173734.107238,-2,-3,-116
1767173734.117238,0,-2,-119
1767173734.127238,-1,-3,-126
1767173734.1372385,5,-3,-119
1767173734.1472385,7,-2,-123
1767173734.1572382,5,-4,-126
1767173734.1672382,1,0,-120
1767173734.1772382,0,2,-123
1767173734.1872382,2,2,-121
1767173734.1972382,3,0,-120
1767173734.2072382,1,1,-118
1767173734.2172382,0,-2,-119
1767173734.2272382,0,-4,-123
1767173734.2372382,2,-4,-119
1767173734.2472382,2,0,-119
1767173734.257238,2,-2,-120
1767173734.267238,0,-1,-115
1767173734.277238,-3,0,-114
1767173734.287238,-2,-3,-117
1767173734.297238,-1,-2,-121
1767173734.307238,-4,-3,-120
1767173734.317238,2,-4,-122
1767173734.327238,-1,-2,-128
1767173734.337238,-1,-1,-126
1767173734.347238,-1,0,-129
1767173734.357238,2,-1,-129
1767173734.367238,3,0,-132
1767173734.377238,-2,-2,-133
1767173734.3872385,-2,-1,-139
1767173734.3972385,-6,0,-136
1767173734.4072382,-2,1,-134
1767173734.4172382,-1,1,-131
1767173734.4272382,0,-1,-129
1767173734.4372382,0,-1,-127
1767173734.4472382,2,-2,-136
1767173734.4572382,0,-3,-141
1767173734.4672382,2,0,-139
1767173734.4772382,2,1,-135
1767173734.4872382,0,-3,-130
1767173734.4972382,-2,-2,-132
1767173734.507238,-1,-2,-136
1767173734.517238,0,2,-129
1767173734.527238,1,1,-123
1767173734.537238,2,-1,-119
1767173734.547238,0,-1,-120
1767173734.557238,-2,0,-120
1767173734.567238,-3,0,-124
1767173734.577238,-3,0,-124
1767173734.587238,-5,0,-127
1767173734.597238,-3,2,-127
1767173734.607238,-1,0,-128
1767173734.617238,1,1,-123
1767173734.627238,0,1,-126
1767173734.6372385,1,-1,-133
1767173734.6472385,1,0,-131
1767173734.6572382,-3,0,-131
1767173734.6672382,-2,-4,-129
1767173734.6772382,1,-4,-122
1767173734.6872382,1,-5,-122
1767173734.6972382,2,-7,-121
1767173734.7072382,-2,-8,-123
1767173734.7172382,-4,-9,-121
1767173734.7272382,-1,-7,-123
1767173734.7372382,-2,-4,-126
1767173734.7472382,1,0,-126
1767173734.757238,5,2,-124
1767173734.767238,-1,6,-129
1767173734.777238,-3,5,-135
1767173734.787238,-5,3,-140
1767173734.797238,-3,5,-138
1767173734.807238,-4,2,-135
1767173734.817238,1,2,-139
1767173734.827238,7,3,-141
1767173734.837238,6,1,-137
1767173734.847238,8,-1,-143
1767173734.857238,6,0,-138
1767173734.867238,2,-1,-141
1767173734.877238,5,1,-138
1767173734.8872385,9,4,-141
1767173734.8972385,8,5,-139
1767173734.9072382,0,6,-138
1767173734.9172382,-4,0,-132
1767173734.9272382,-5,1,-126
1767173734.9372382,-4,3,-134
1767173734.9472382,-5,1,-129
1767173734.9572382,-3,1,-129
1767173734.9672382,-3,1,-128
1767173734.9772382,-3,2,-116
1767173734.9872382,-5,-4,-115
1767173734.9972382,-5,-5,-116
1767173735.007238,-4,-4,-118
1767173735.017238,-5,-2,-114
1767173735.027238,1,0,-114
1767173735.037238,1,-1,-117
1767173735.047238,2,-6,-119
1767173735.057238,0,-6,-119
1767173735.067238,0,-4,-114
1767173735.077238,-5,0,-111
1767173735.087238,2,0,-110
1767173735.097238,2,-1,-119
1767173735.107238,0,-1,-124
1767173735.117238,-5,0,-125
1767173735.127238,-2,0,-132
1767173735.1372385,0,-4,-132
1767173735.1472385,-2,0,-131
1767173735.1572382,-5,-4,-124
1767173735.1672382,-4,-7,-123
1767173735.1772382,2,-8,-124
1767173735.1872382,5,-3,-118
1767173735.1972382,4,-3,-126
1767173735.2072382,9,-1,-126
1767173735.2172382,9,-5,-119
1767173735.2272382,6,-1,-110
1767173735.2372382,5,-3,-112
1767173735.2472382,4,-2,-116
1767173735.257238,10,-2,-124
1767173735.267238,7,-1,-121
1767173735.277238,4,0,-113
1767173735.287238,3,-1,-114
1767173735.297238,1,-1,-121
1767173735.307238,1,3,-122
1767173735.3182385,-3,0,-117
1767173735.3282382,0,-2,-121
1767173735.3382382,-3,-4,-129
1767173735.3482382,1,-6,-129
1767173735.357238,0,-3,-123
1767173735.3682382,2,0,-126
1767173735.3782382,3,1,-134
1767173735.3882382,1,-4,-126
1767173735.3982382,-3,-9,-128
1767173735.4082382,-7,-10,-132
1767173735.4182382,-6,-9,-130
1767173735.4282382,-6,-8,-130
1767173735.438238,-6,-13,-126
1767173735.448238,-3,-10,-129
1767173735.458238,0,-8,-134
1767173735.468238,1,-8,-128
1767173735.478238,0,-9,-130
1767173735.488238,1,-9,-131
1767173735.498238,1,-7,-136
1767173735.508238,1,-5,-137
1767173735.518238,0,-5,-138
1767173735.528238,-1,-8,-131
1767173735.538238,-1,-5,-133
1767173735.548238,-3,-9,-138
1767173735.5582385,-6,-8,-142
1767173735.5682385,-5,-6,-139
1767173735.5782382,-1,-8,-134
1767173735.5882382,0,-9,-135
1767173735.5982382,0,-10,-126
1767173735.6082382,-7,-7,-126
1767173735.6182382,-4,-2,-125
1767173735.6282382,-3,-1,-120
1767173735.6382382,-5,-1,-117
1767173735.6482382,-1,-1,-121
1767173735.6582382,-2,1,-124
1767173735.6682382,-4,-3,-127
1767173735.6782382,-7,-2,-131
1767173735.688238,-6,-3,-125
1767173735.698238,0,-3,-121
1767173735.708238,2,-6,-122
1767173735.718238,0,-7,-124
1767173735.728238,4,-5,-129
1767173735.738238,5,-3,-131
1767173735.748238,2,0,-135
1767173735.758238,6,0,-131
1767173735.768238,6,-3,-132
1767173735.778238,5,2,-134
1767173735.788238,6,3,-133
1767173735.798238,0,-1,-137
1767173735.8082385,0,0,-126
1767173735.8182385,-3,0,-120
1767173735.8282382,-4,-4,-122
1767173735.8382382,-5,-4,-126
1767173735.8482382,-1,-4,-124
1767173735.8582382,0,-4,-129
1767173735.8682382,3,-6,-129
1767173735.8782382,5,-4,-130
1767173735.8882382,3,-4,-132
1767173735.8982382,5,-6,-132
1767173735.9082382,7,-9,-135
1767173735.9182382,6,-7,-132
1767173735.9282382,4,-3,-137
1767173735.938238,0,-4,-135
1767173735.948238,-2,-3,-143
1767173735.958238,3,-4,-145
1767173735.968238,3,-3,-136
1767173735.978238,-1,-5,-137
1767173735.988238,-2,-7,-138
1767173735.998238,-2,-5,-142
1767173736.008238,-1,-3,-138
1767173736.018238,0,-3,-135
1767173736.028238,-1,-1,-134
1767173736.038238,0,-5,-124
1767173736.048238,0,-6,-121
1767173736.0582385,6,-6,-123
1767173736.0682385,4,-8,-132
1767173736.0782382,2,-7,-134
1767173736.0882382,4,-4,-127
1767173736.0982382,3,-3,-127
1767173736.1082382,1,-3,-131
1767173736.1182382,4,-5,-131
1767173736.1282382,5,-9,-129
1767173736.1382382,4,-7,-133
1767173736.1482382,6,-3,-124
1767173736.1582382,10,-7,-120
1767173736.1682382,4,-8,-124
1767173736.1782382,1,-9,-117
1767173736.188238,6,-9,-111
1767173736.198238,5,-5,-116
1767173736.208238,4,-5,-118
1767173736.218238,1,-4,-125
1767173736.228238,2,-1,-128
1767173736.238238,5,-3,-125
1767173736.248238,10,2,-124
1767173736.258238,7,0,-125
1767173736.268238,8,2,-118
1767173736.278238,5,0,-116
1767173736.288238,1,0,-113
1767173736.298238,0,1,-115
1767173736.3082385,0,0,-117
1767173736.3182385,-1,0,-118
1767173736.3282382,1,-2,-116
1767173736.3382382,3,1,-116
1767173736.3482382,0,2,-118
1767173736.3582382,-4,1,-125
1767173736.3682382,-3,0,-122
1767173736.3782382,-5,-1,-119
1767173736.3882382,-8,-2,-120
1767173736.3982382,-7,-5,-124
1767173736.4082382,-8,-3,-128
1767173736.4182382,-12,-2,-133
1767173736.4282382,-5,-1,-134
1767173736.438238,-4,-3,-132
1767173736.448238,-1,-1,-126
1767173736.458238,0,0,-125
1767173736.468238,6,-2,-126
1767173736.478238,5,0,-122
1767173736.488238,5,0,-128
1767173736.498238,8,1,-127
1767173736.5192382,4,-7,-127
1767173736.528238,5,-8,-134
1767173736.538238,10,-10,-137
1767173736.548238,11,-6,-134
1767173736.5582385,12,-5,-130
1767173736.5682385,8,-5,-127
1767173736.5782382,6,-5,-130
1767173736.5882382,4,-3,-130
1767173736.5982382,6,-3,-127
1767173736.6082382,6,1,-134
1767173736.6182382,7,-1,-133
1767173736.6282382,5,-5,-135
1767173736.6382382,3,-9,-134
1767173736.6482382,0,-6,-130
1767173736.6582382,-2,-3,-125
1767173736.6682382,-2,-3,-122
1767173736.6782382,-1,-1,-121
1767173736.688238,0,-4,-120
1767173736.698238,-2,1,-120
1767173736.708238,-4,3,-118
1767173736.718238,-4,0,-119
1767173736.728238,0,1,-115
1767173736.738238,0,0,-118
1767173736.748238,1,-1,-123
1767173736.758238,1,-1,-125
1767173736.768238,0,-3,-132
1767173736.778238,0,-3,-138
1767173736.788238,-1,-2,-136
1767173736.798238,0,-4,-130
1767173736.8082385,1,-1,-129
1767173736.8182385,-1,-2,-131
1767173736.8282382,-4,3,-131
1767173736.8382382,0,1,-128
1767173736.8482382,0,-2,-129
1767173736.8582382,0,-2,-126
1767173736.8682382,-2,-3,-128
1767173736.8782382,-1,0,-134
1767173736.8882382,-1,1,-134
1767173736.8982382,1,-3,-132
1767173736.9082382,-1,-1,-132
1767173736.9182382,-3,-1,-132
1767173736.9282382,-1,1,-131
1767173736.938238,1,4,-126
1767173736.948238,1,3,-122
1767173736.958238,-2,2,-121
1767173736.968238,0,7,-118
1767173736.978238,2,10,-119
1767173736.988238,0,6,-121
1767173736.998238,0,5,-122
1767173737.008238,2,3,-127
1767173737.018238,0,4,-125
1767173737.028238,-4,0,-118
1767173737.038238,-4,0,-122
1767173737.048238,0,2,-115
1767173737.0582385,-2,1,-118
1767173737.0682385,0,2,-125
1767173737.0782382,0,4,-127
1767173737.0882382,0,2,-124
1767173737.0982382,1,1,-124
1767173737.1082382,1,0,-123
1767173737.1182382,0,-2,-125
1767173737.1282382,-3,1,-126
1767173737.1382382,-7,1,-126
1767173737.1482382,-6,-1,-123
1767173737.1582382,-3,-2,-119
1767173737.1682382,-4,-4,-123
1767173737.1782382,-7,-5,-123
1767173737.188238,-10,-5,-116
1767173737.198238,-10,-4,-121
1767173737.208238,-7,-5,-122
1767173737.218238,0,-2,-125
1767173737.228238,4,1,-120
1767173737.238238,7,-1,-119
1767173737.248238,10,-7,-124
1767173737.258238,5,-8,-127
1767173737.268238,3,-9,-123
1767173737.278238,5,-9,-122
1767173737.288238,4,-8,-120
1767173737.298238,2,-9,-115
1767173737.3082385,0,-9,-116
1767173737.3182385,0,-6,-116
1767173737.3282382,1,-7,-118
1767173737.3382382,2,-9,-123
1767173737.3482382,3,-9,-121
1767173737.3582382,0,-7,-119
1767173737.3682382,4,-3,-119
1767173737.3782382,3,-7,-119
1767173737.3882382,1,-3,-119
1767173737.3982382,1,0,-118
1767173737.4082382,-1,-1,-118
1767173737.4182382,1,-1,-123
1767173737.4282382,-2,1,-122
1767173737.438238,-1,0,-121
1767173737.448238,-2,1,-109
1767173737.458238,0,3,-114
1767173737.468238,-2,4,-122
1767173737.478238,-1,0,-122
1767173737.488238,-5,0,-121
1767173737.498238,-5,-2,-120
1767173737.508238,-4,-2,-124
1767173737.518238,-8,-1,-127
1767173737.528238,-4,0,-130
1767173737.538238,-5,0,-134
1767173737.548238,-3,0,-134
1767173737.5582385,-1,0,-125
1767173737.5682385,-6,0,-124
1767173737.5782382,-6,-1,-119
1767173737.5882382,-6,0,-117
1767173737.5982382,-6,-1,-118
1767173737.6082382,0,0,-124
1767173737.6182382,0,-3,-131
1767173737.6282382,4,-4,-127
1767173737.6382382,2,0,-130
1767173737.6482382,2,-2,-130
1767173737.6582382,0,-4,-135
1767173737.6682382,1,0,-130
1767173737.6782382,3,-2,-132
1767173737.688238,0,-1,-134
1767173737.698238,0,-8,-139
1767173737.708238,0,-9,-142
1767173737.718238,-2,-4,-144
1767173737.728238,-4,0,-145
1767173737.738238,-3,2,-137
1767173737.748238,-5,0,-139
1767173737.758238,-7,-7,-132
1767173737.768238,-7,-7,-127
1767173737.778238,-3,-7,-127
1767173737.788238,-3,-5,-123
1767173737.798238,-6,-5,-125
1767173737.8082385,-6,-2,-124
1767173737.8182385,-5,0,-123
1767173737.8282382,-5,-4,-121
1767173737.8382382,-8,-4,-122
1767173737.8482382,-5,-3,-120
1767173737.8582382,-7,0,-121
1767173737.8682382,-9,2,-122
1767173737.8782382,-9,0,-126
1767173737.8882382,-4,0,-129
1767173737.8982382,-1,-1,-134
1767173737.9082382,0,-2,-135
1767173737.9182382,-1,-1,-136
1767173737.9282382,0,2,-130
1767173737.939238,-2,5,-136
1767173737.949238,-1,4,-132
1767173737.959238,2,1,-129
1767173737.969238,6,0,-121
1767173737.9792385,8,-1,-110
1767173737.988238,7,-1,-108
1767173737.9992385,1,-1,-107
1767173738.0092382,-2,-4,-112
1767173738.0192382,-5,-5,-116
1767173738.0292382,-5,-5,-119
1767173738.0392382,-6,-2,-121
1767173738.0492382,-3,0,-120
1767173738.0592382,-2,2,-121
1767173738.0692382,-2,0,-120
1767173738.0792382,-3,1,-118
1767173738.0892382,-1,0,-119
1767173738.0992382,-1,0,-121
1767173738.109238,-4,0,-123
1767173738.119238,-4,2,-122
1767173738.129238,-2,0,-124
1767173738.139238,-4,-1,-127
1767173738.149238,-1,-1,-127
1767173738.159238,-4,0,-130
1767173738.169238,-7,3,-129
1767173738.179238,-8,3,-135
1767173738.189238,-2,1,-134
1767173738.199238,-4,1,-133
1767173738.209238,-5,-1,-127
1767173738.219238,-6,-1,-130
1767173738.2292385,-8,-1,-136
1767173738.2392385,-10,-2,-132
1767173738.2492385,-6,-2,-123
1767173738.2592382,-5,0,-128
1767173738.2692382,-3,-1,-128
1767173738.2792382,0,-11,-129
1767173738.2892382,-1,-9,-126
1767173738.2992382,-8,-5,-123
1767173738.3092382,-5,-2,-122
1767173738.3192382,-5,-1,-129
1767173738.3292382,0,-5,-128
1767173738.3392382,-2,-7,-129
1767173738.3492382,-2,-6,-130
1767173738.359238,-1,-5,-128
1767173738.369238,-2,-2,-122
1767173738.379238,-1,-2,-128
1767173738.389238,0,-5,-132
1767173738.399238,1,-5,-140
1767173738.409238,-3,-4,-139
1767173738.419238,0,-1,-126
1767173738.429238,-1,-2,-123
1767173738.439238,-1,-4,-128
1767173738.449238,-5,-5,-133
1767173738.459238,0,-6,-133
1767173738.469238,-1,-6,-133
1767173738.4792385,-2,-1,-126
1767173738.4892385,-2,-5,-128
1767173738.4992385,0,-6,-130
1767173738.5092382,3,-6,-132
1767173738.5192382,4,-7,-129
1767173738.5292382,6,-10,-127
1767173738.5392382,3,-6,-125
1767173738.5492382,0,-3,-125
1767173738.5592382,0,0,-122
1767173738.5692382,2,3,-122
1767173738.5792382,0,3,-118
1767173738.5892382,-4,0,-123
1767173738.5992382,-6,0,-120
1767173738.609238,-7,0,-123
1767173738.619238,-9,-2,-121
1767173738.629238,-11,-6,-126
1767173738.639238,-6,-4,-127
1767173738.649238,-3,-4,-126
1767173738.659238,1,-3,-124
1767173738.669238,0,-5,-129
1767173738.679238,-1,-2,-127
1767173738.689238,-3,-3,-124
1767173738.699238,1,-4,-124
1767173738.709238,2,-3,-127
1767173738.719238,-4,0,-121
1767173738.7292385,-8,-3,-125
1767173738.7392385,-7,-2,-120
1767173738.7492385,-4,-1,-124
1767173738.7592382,-1,-2,-124
1767173738.7692382,-6,0,-123
1767173738.7792382,-5,1,-120
1767173738.7892382,-4,0,-117
1767173738.7992382,-9,-2,-120
1767173738.8092382,-7,-2,-123
1767173738.8192382,-6,0,-121
1767173738.8292382,0,2,-120
1767173738.8392382,-1,0,-117
1767173738.8492382,0,-3,-122
1767173738.859238,-2,3,-127
1767173738.869238,-8,4,-127
1767173738.879238,-12,2,-118
1767173738.889238,-10,5,-124
1767173738.899238,-7,4,-119
1767173738.909238,-5,3,-122
1767173738.919238,-1,0,-123
1767173738.929238,4,-2,-122
1767173738.939238,5,-2,-125
1767173738.949238,4,-3,-123
1767173738.959238,6,-6,-132
1767173738.969238,0,-4,-132
1767173738.9792385,1,-5,-129
1767173738.9892385,1,-2,-120
1767173738.9992385,-3,-4,-119
1767173739.0092382,-3,-4,-118
1767173739.0192382,0,1,-121
1767173739.0292382,0,1,-127
1767173739.0392382,-1,0,-121
1767173739.0492382,3,0,-120
1767173739.0592382,4,-5,-121
1767173739.0692382,4,-6,-122
1767173739.0792382,0,-10,-119
1767173739.0892382,-3,-10,-120
1767173739.0992382,-4,-8,-126
1767173739.109238,-3,-7,-122
1767173739.119238,-3,-4,-124
1767173739.129238,-3,-3,-122
1767173739.139238,-1,-4,-123
1767173739.149238,0,-1,-122
1767173739.159238,1,0,-115
1767173739.169238,5,2,-119
1767173739.179238,-1,5,-116
1767173739.189238,-3,6,-115
1767173739.199238,-4,4,-118
1767173739.209238,-3,2,-113
1767173739.219238,-3,0,-121
1767173739.2292385,-7,-2,-125
1767173739.2392385,-7,-4,-129
1767173739.2492385,-6,-1,-133
1767173739.2592382,-3,-1,-137
1767173739.2692382,-1,-5,-139
1767173739.2792382,-3,-1,-146
1767173739.2892382,-6,0,-146
1767173739.2992382,-5,1,-147
1767173739.3092382,-8,0,-141
1767173739.3192382,-10,-2,-136
1767173739.3292382,-6,-4,-133
1767173739.3392382,-4,-5,-125
1767173739.3492382,1,-4,-125
1767173739.359238,-3,-5,-118
1767173739.369238,-2,-9,-114
1767173739.379238,0,-7,-109
1767173739.389238,0,-6,-116
1767173739.399238,-1,-6,-113
1767173739.409238,-3,-5,-114
1767173739.419238,-3,-5,-114
1767173739.429238,-1,-3,-112
1767173739.439238,0,-1,-118
1767173739.449238,-1,-1,-125
1767173739.459238,0,0,-124
1767173739.469238,-1,1,-122
1767173739.4792385,0,2,-118
1767173739.4892385,-1,3,-122
1767173739.4992385,0,1,-121
1767173739.5092382,-1,2,-119
1767173739.5192382,-1,0,-123
1767173739.5292382,-6,0,-133
1767173739.5392382,-10,-1,-135
1767173739.5492382,-9,0,-128
1767173739.5592382,-7,2,-127
1767173739.5692382,-5,3,-122
1767173739.5792382,3,2,-119
1767173739.5892382,0,3,-123
1767173739.5992382,3,4,-121
1767173739.609238,5,6,-124
1767173739.619238,4,6,-124
1767173739.629238,2,5,-118
1767173739.639238,0,3,-122
1767173739.649238,0,3,-115
1767173739.659238,1,1,-110
1767173739.669238,0,1,-119
1767173739.679238,-2,0,-123
1767173739.689238,1,-5,-128
1767173739.699238,3,-8,-127
1767173739.709238,1,-5,-124
1767173739.719238,0,0,-124
1767173739.7292385,4,-2,-125
1767173739.7392385,2,1,-124
1767173739.7492385,-1,0,-125
1767173739.7592382,-1,-4,-132
1767173739.7692382,-1,-3,-130
1767173739.7792382,-6,-1,-129
1767173739.7892382,-8,-4,-126
1767173739.7992382,-9,0,-122
1767173739.8092382,-9,0,-122
1767173739.8192382,-4,3,-121
1767173739.8292382,-2,2,-123
1767173739.8392382,3,6,-119
1767173739.8492382,7,5,-124
1767173739.859238,2,0,-125
1767173739.869238,1,4,-125
1767173739.879238,1,2,-121
1767173739.889238,-1,2,-118
1767173739.899238,0,1,-115
1767173739.909238,-1,0,-124
1767173739.919238,-1,3,-128
1767173739.929238,-6,-3,-133
1767173739.939238,-11,-3,-126
1767173739.949238,-10,-3,-131
1767173739.959238,-5,-6,-129
1767173739.969238,1,-4,-126
1767173739.9792385,5,-7,-131
1767173739.9892385,3,-7,-134
1767173739.9992385,3,-7,-129
1767173740.0092382,2,-5,-127
1767173740.0192382,3,-2,-121
1767173740.0292382,5,-4,-124
1767173740.0392382,5,-4,-129
1767173740.0492382,3,-7,-124
1767173740.0592382,1,-11,-127
1767173740.0692382,2,-9,-124
1767173740.0792382,-1,-10,-127
1767173740.0892382,2,-10,-123
1767173740.0992382,1,-7,-123
1767173740.109238,3,-4,-131
1767173740.119238,0,0,-130
1767173740.129238,-5,0,-125
1767173740.139238,-8,-1,-121
1767173740.149238,-2,-2,-118
1767173740.159238,-2,-2,-118
1767173740.169238,-4,0,-120
1767173740.179238,-2,-3,-126
1767173740.189238,-7,0,-127
1767173740.199238,-9,1,-126
1767173740.209238,-6,-1,-123
1767173740.219238,-2,-2,-118
1767173740.2292385,-7,0,-114
1767173740.2392385,-4,0,-121
1767173740.2492385,-3,0,-129
1767173740.2592382,-3,0,-136
1767173740.2692382,-2,-1,-136
1767173740.2792382,-4,0,-133
1767173740.2892382,-4,1,-133
1767173740.2992382,-5,1,-130
1767173740.3092382,0,3,-128
1767173740.3192382,-1,1,-135
1767173740.3292382,-1,-2,-138
1767173740.3392382,-1,-2,-137
1767173740.3492382,-3,-2,-137
1767173740.359238,0,-1,-138
1767173740.369238,0,1,-132
1767173740.379238,-1,0,-130
1767173740.389238,0,-7,-117
1767173740.399238,0,-7,-121
1767173740.409238,4,-7,-128
1767173740.419238,0,-7,-126
1767173740.429238,0,-5,-128
1767173740.439238,0,-6,-129
1767173740.449238,0,-7,-121
1767173740.459238,1,-7,-124
1767173740.469238,0,-2,-116
1767173740.4792385,0,0,-117
1767173740.4892385,3,0,-118
1767173740.4992385,1,-1,-121
1767173740.5092382,1,0,-124
1767173740.5192382,0,3,-129
1767173740.5292382,2,-1,-130
1767173740.5392382,-3,-4,-129
1767173740.5492382,-4,-5,-125
1767173740.5592382,1,-5,-125
1767173740.5692382,6,-1,-129
1767173740.5792382,4,-4,-139
1767173740.5892382,3,-1,-133
1767173740.5992382,0,0,-132
1767173740.610238,1,0,-133
1767173740.620238,-1,-1,-135
1767173740.630238,-1,-5,-131
1767173740.640238,-2,-2,-129
1767173740.650238,-2,-3,-126
1767173740.6602385,-1,-5,-128
1767173740.6702385,-1,-8,-131
1767173740.6802382,1,-7,-127
1767173740.6902382,4,-2,-126
1767173740.7002382,5,-2,-121
1767173740.7102382,1,-2,-118
1767173740.7202382,2,-3,-118
1767173740.7302382,2,0,-121
1767173740.7402382,-1,-4,-120
1767173740.7502382,0,-4,-118
1767173740.7602382,1,4,-116
1767173740.7702382,-1,7,-109
1767173740.7802382,-1,6,-112
1767173740.790238,0,4,-113
1767173740.800238,0,4,-118
1767173740.810238,-2,3,-122
1767173740.820238,-5,0,-129
1767173740.830238,-4,-1,-133
1767173740.840238,-1,-4,-136
1767173740.850238,2,-7,-133
1767173740.860238,4,-5,-131
1767173740.870238,0,-4,-127
1767173740.880238,1,-1,-131
1767173740.890238,0,0,-134
1767173740.900238,0,0,-132
1767173740.9102385,0,-3,-135
1767173740.9202385,0,-4,-131
1767173740.9302382,0,-7,-127
1767173740.9402382,1,-7,-129
1767173740.9502382,-1,-10,-127
1767173740.9602382,-1,-13,-134
1767173740.9702382,1,-10,-135
1767173740.9802382,-1,-9,-133
1767173740.9902382,-3,-9,-139
1767173741.0002382,-4,-7,-134
1767173741.0102382,-4,-3,-125
1767173741.0202382,0,-1,-132
1767173741.0302382,5,-1,-136
1767173741.040238,4,-1,-136
1767173741.050238,4,0,-136
1767173741.060238,1,0,-127
1767173741.070238,-2,6,-126
1767173741.080238,-3,5,-131
1767173741.090238,-2,0,-139
1767173741.100238,-6,0,-139
1767173741.110238,-5,0,-132
1767173741.120238,-4,0,-140
1767173741.130238,-5,1,-142
1767173741.140238,-2,-2,-130
1767173741.150238,-3,-3,-125
1767173741.1602385,-1,-4,-123
1767173741.1702385,-1,-5,-125
1767173741.1802382,-3,-7,-124
1767173741.1902382,-3,-9,-124
1767173741.2002382,0,-8,-129
1767173741.2102382,4,-5,-131
1767173741.2202382,1,-5,-132
1767173741.2302382,1,-10,-132
1767173741.2402382,2,-12,-128
1767173741.2502382,3,-7,-132
1767173741.2602382,2,-9,-128
1767173741.2702382,3,-10,-130
1767173741.2802382,6,-5,-121
1767173741.290238,6,-5,-121
1767173741.300238,8,-2,-122
1767173741.310238,9,-4,-118
1767173741.320238,6,-5,-126
1767173741.330238,5,-6,-130
1767173741.340238,6,-6,-130
1767173741.350238,7,-4,-132
1767173741.360238,8,-3,-129
1767173741.370238,9,-6,-128
1767173741.380238,9,-4,-128
1767173741.390238,5,-2,-129
1767173741.400238,7,1,-130
1767173741.4102385,3,-1,-127
1767173741.4202385,4,-5,-132
1767173741.4302382,4,-4,-135
1767173741.4402382,10,-5,-134
1767173741.4502382,14,-5,-140
1767173741.4602382,10,-10,-136
1767173741.471238,8,-9,-136
1767173741.4802382,6,-5,-138
1767173741.4902382,7,-4,-132
1767173741.5002382,9,-8,-132
1767173741.5102382,7,-8,-132
1767173741.531238,5,-4,-138
1767173741.540238,6,-4,-135
1767173741.550238,6,0,-129
1767173741.560238,2,0,-127
1767173741.570238,0,-1,-134
1767173741.580238,1,-3,-134
1767173741.590238,0,-1,-129
1767173741.600238,3,-1,-127
1767173741.610238,2,-1,-132
1767173741.620238,0,-4,-135
1767173741.630238,4,0,-127
1767173741.640238,4,0,-117
1767173741.650238,4,1,-115
1767173741.6602385,-1,4,-111
1767173741.6702385,-1,3,-110
1767173741.6802382,0,1,-114
1767173741.6902382,-1,0,-121
1767173741.7002382,-2,4,-121
1767173741.7102382,-1,2,-120
1767173741.7202382,-1,0,-121
1767173741.7302382,0,-7,-127
1767173741.7402382,0,-10,-129
1767173741.7502382,1,-13,-131
1767173741.7602382,0,-12,-126
1767173741.7702382,1,-11,-127
1767173741.7802382,0,-14,-125
1767173741.790238,0,-11,-123
1767173741.800238,3,-5,-126
1767173741.810238,5,-5,-127
1767173741.820238,5,0,-127
1767173741.830238,4,3,-137
1767173741.840238,2,-2,-128
1767173741.850238,3,-3,-122
1767173741.860238,1,-2,-126
1767173741.870238,5,-6,-126
1767173741.880238,3,-3,-125
1767173741.890238,2,-4,-129
1767173741.900238,3,-4,-129
1767173741.9102385,4,-6,-130
1767173741.9202385,3,-10,-135
1767173741.9302382,4,-13,-140
1767173741.9402382,6,-12,-134
1767173741.9502382,6,-11,-133
1767173741.9602382,5,-10,-130
1767173741.9702382,1,-10,-122
1767173741.9802382,-1,-7,-119
1767173741.9902382,-3,-9,-123
1767173742.0002382,-7,-4,-118
1767173742.0102382,-5,-6,-118
1767173742.0202382,0,-7,-125
1767173742.0302382,-3,-4,-126
1767173742.040238,-4,-6,-128
1767173742.050238,-4,-5,-125
1767173742.060238,-1,-6,-129
1767173742.070238,1,-4,-131
1767173742.080238,0,-2,-127
1767173742.090238,0,-4,-123
1767173742.100238,2,-7,-119
1767173742.110238,0,-7,-124
1767173742.120238,1,-2,-126
1767173742.130238,6,0,-125
1767173742.140238,9,-3,-116
1767173742.150238,8,-2,-125
1767173742.1602385,6,0,-130
1767173742.1702385,6,-2,-124
1767173742.1802382,4,-1,-120
1767173742.1902382,4,2,-120
1767173742.2002382,4,6,-120
1767173742.2102382,7,5,-120
1767173742.2202382,3,2,-122
1767173742.2302382,1,0,-122
1767173742.2402382,1,-2,-122
1767173742.2502382,5,-4,-123
1767173742.2602382,6,-3,-124
1767173742.2702382,4,-5,-123
1767173742.2802382,6,-5,-125
1767173742.290238,3,-8,-124
1767173742.300238,5,-7,-130
1767173742.310238,2,-4,-120
1767173742.320238,0,-6,-115
1767173742.330238,-2,-6,-117
1767173742.340238,0,-4,-116
1767173742.350238,0,0,-117
1767173742.360238,0,-4,-123
1767173742.370238,0,0,-126
1767173742.380238,1,0,-126
1767173742.390238,3,0,-125
1767173742.400238,-1,1,-129
1767173742.4102385,-1,1,-132
1767173742.4202385,-5,0,-128
1767173742.4302382,-5,1,-128
1767173742.4402382,-5,0,-127
1767173742.4502382,-7,-3,-125
1767173742.4602382,-3,-3,-122
1767173742.4702382,3,-4,-127
1767173742.4802382,4,-2,-133
1767173742.4902382,2,0,-131
1767173742.5002382,4,1,-138
1767173742.5102382,2,-4,-136
1767173742.5202382,0,-4,-137
1767173742.5302382,-2,-1,-137
1767173742.540238,0,0,-136
1767173742.550238,1,2,-141
1767173742.560238,5,2,-143
1767173742.570238,3,0,-140
1767173742.580238,3,-2,-141
1767173742.590238,0,-2,-137
1767173742.600238,-1,1,-136
1767173742.610238,0,1,-139
1767173742.620238,0,-2,-139
1767173742.630238,0,-5,-132
1767173742.640238,-2,-6,-127
1767173742.650238,-3,-6,-129
1767173742.6602385,-6,-6,-125
1767173742.6702385,-2,-6,-129
1767173742.6802382,-3,-7,-133
1767173742.6902382,-2,-5,-132
1767173742.7002382,-6,-5,-136
1767173742.7102382,-7,-5,-128
1767173742.7202382,-9,-5,-131
1767173742.7302382,-9,-4,-133
1767173742.7402382,0,-5,-123
1767173742.7502382,4,-3,-120
1767173742.7602382,1,-1,-128
1767173742.7702382,2,-2,-128
1767173742.7802382,1,-2,-126
1767173742.790238,1,-1,-122
1767173742.800238,0,2,-126
1767173742.810238,0,3,-124
1767173742.820238,0,0,-115
1767173742.830238,2,-1,-110
1767173742.840238,4,-3,-111
1767173742.850238,3,-3,-117
1767173742.860238,2,-2,-125
1767173742.870238,-2,-1,-129
1767173742.880238,-3,-4,-133
1767173742.890238,-6,-3,-132
1767173742.900238,-8,0,-136
1767173742.9102385,-5,2,-128
1767173742.9202385,-6,3,-124
1767173742.9302382,-7,3,-117
1767173742.9402382,-11,8,-116
1767173742.9502382,-10,6,-123
1767173742.9602382,-4,4,-126
1767173742.9702382,1,2,-127
1767173742.9802382,0,2,-129
1767173742.9902382,1,0,-123
1767173743.0002382,-1,-4,-121
1767173743.0102382,-4,-4,-118
1767173743.0202382,-4,-1,-124
1767173743.0302382,-5,0,-123
1767173743.040238,-6,1,-125
1767173743.050238,-1,0,-130
1767173743.060238,0,0,-126
1767173743.070238,0,-2,-117
1767173743.080238,-3,-2,-118
1767173743.090238,0,-5,-119
1767173743.100238,-2,-4,-121
1767173743.110238,-1,-9,-123
1767173743.120238,-3,-4,-129
1767173743.130238,0,-6,-130
1767173743.140238,1,-3,-132
1767173743.150238,1,-3,-132
1767173743.1602385,4,3,-128
1767173743.1702385,4,2,-125
1767173743.1802382,2,2,-118
1767173743.1902382,0,-1,-121
1767173743.2002382,4,-3,-120
1767173743.2102382,5,0,-122
1767173743.221238,10,1,-128
1767173743.231238,10,2,-131
1767173743.2402382,4,1,-128
1767173743.251238,4,1,-124
1767173743.2602382,2,0,-121
1767173743.271238,1,-4,-127
1767173743.281238,-5,-4,-128
1767173743.291238,-2,-1,-130
1767173743.301238,-3,2,-130
1767173743.311238,-5,0,-129
1767173743.321238,0,-1,-125
1767173743.3312385,0,0,-124
1767173743.3412385,-1,0,-120
1767173743.3512385,5,-2,-125
1767173743.3612382,6,-2,-133
1767173743.3712382,1,-4,-127
1767173743.3812382,8,0,-130
1767173743.3912382,0,1,-132
1767173743.4012382,2,0,-136
1767173743.4112382,0,2,-131
1767173743.4212382,-3,-2,-127
1767173743.4312382,-4,0,-126
1767173743.4412382,-2,0,-132
1767173743.4512382,-9,4,-124
1767173743.461238,-8,0,-122
1767173743.471238,-3,-6,-121
1767173743.481238,2,-4,-124
1767173743.491238,5,-6,-125
1767173743.501238,7,-3,-127
1767173743.511238,6,-4,-126
1767173743.521238,0,-9,-123
1767173743.531238,0,-6,-114
1767173743.541238,1,-7,-119
1767173743.551238,-4,-6,-119
1767173743.561238,-4,-9,-117
1767173743.571238,-1,-7,-117
1767173743.5812385,5,-4,-119
1767173743.5912385,2,-2,-115
1767173743.6012385,0,-1,-118
1767173743.6112382,-4,-2,-121
1767173743.6212382,-2,-1,-122
1767173743.6312382,0,2,-132
1767173743.6412382,-5,4,-132
1767173743.6512382,0,6,-132
1767173743.6612382,2,3,-133
1767173743.6712382,4,0,-126
1767173743.6812382,2,0,-131
1767173743.6912382,-1,-3,-127
1767173743.7012382,0,-2,-126
1767173743.711238,5,-2,-123
1767173743.721238,7,-5,-126
1767173743.731238,1,-4,-119
1767173743.741238,0,-4,-111
1767173743.751238,3,-2,-112
1767173743.761238,10,-5,-117
1767173743.771238,10,-7,-117
1767173743.781238,10,-8,-113
1767173743.791238,4,-3,-115
1767173743.801238,4,0,-119
1767173743.811238,4,0,-117
1767173743.821238,3,-1,-111
1767173743.8312385,2,0,-114
1767173743.8412385,0,0,-120
1767173743.8512385,2,1,-127
1767173743.8612382,6,3,-127
1767173743.8712382,10,5,-125
1767173743.8812382,6,1,-130
1767173743.8912382,5,0,-128
1767173743.9012382,2,-3,-128
1767173743.9112382,5,-4,-128
1767173743.9212382,4,0,-133
1767173743.9312382,6,-2,-133
1767173743.9412382,7,-7,-129
1767173743.9512382,4,-9,-123
1767173743.961238,6,-13,-122
1767173743.971238,1,-11,-121
1767173743.981238,1,-11,-116
1767173743.991238,6,-9,-117
1767173744.001238,2,-3,-119
1767173744.011238,1,-2,-124
1767173744.021238,4,0,-120
1767173744.031238,4,1,-123
1767173744.041238,4,4,-123
1767173744.051238,3,3,-116
1767173744.061238,5,1,-114
1767173744.071238,5,0,-119
1767173744.0812385,4,-6,-115
1767173744.0912385,4,-3,-111
1767173744.1012385,8,-2,-118
1767173744.1112382,0,0,-119
1767173744.1212382,0,0,-117
1767173744.1312382,-1,1,-115
1767173744.1412382,3,0,-108
1767173744.1512382,3,-2,-111
1767173744.1612382,6,-5,-115
1767173744.1712382,5,-5,-119
1767173744.1812382,4,-5,-117
1767173744.1912382,4,0,-120
1767173744.2012382,2,-1,-120
1767173744.211238,4,0,-123
1767173744.221238,8,-2,-122
1767173744.231238,4,-3,-125
1767173744.241238,1,-5,-124
1767173744.251238,4,-4,-125
1767173744.261238,8,-3,-124
1767173744.271238,7,0,-130
1767173744.281238,0,1,-135
1767173744.291238,0,-1,-134
1767173744.301238,-1,-1,-132
1767173744.311238,0,4,-130
1767173744.321238,0,0,-126
1767173744.3312385,-3,0,-119
1767173744.3412385,-6,-4,-118
1767173744.3512385,-8,-2,-112
1767173744.3612382,-10,0,-113
1767173744.3712382,-7,-5,-114
1767173744.3812382,-6,-3,-114
1767173744.3912382,-3,0,-118
1767173744.4012382,-1,2,-122
1767173744.4112382,-2,3,-119
1767173744.4212382,-2,2,-127
1767173744.4312382,4,1,-127
1767173744.4412382,3,0,-133
1767173744.4512382,3,0,-134
1767173744.461238,1,0,-128
1767173744.471238,0,0,-128
1767173744.481238,-3,-1,-126
1767173744.491238,3,-2,-130
1767173744.501238,6,-3,-130
1767173744.511238,1,-2,-131
1767173744.521238,1,-1,-133
1767173744.531238,3,1,-130
1767173744.541238,-1,2,-119
1767173744.551238,-4,3,-120
1767173744.561238,-2,2,-124
1767173744.571238,-4,1,-125
1767173744.5812385,-1,-1,-123
1767173744.5912385,2,-4,-118
1767173744.6012385,6,-6,-123
1767173744.6112382,7,-5,-120
1767173744.6212382,11,0,-119
1767173744.6312382,7,-2,-124
1767173744.6412382,1,-3,-126
1767173744.6512382,-1,-1,-128
1767173744.6612382,-3,-4,-129
1767173744.6712382,-2,-5,-128
1767173744.6812382,2,-4,-124
1767173744.6912382,1,0,-120
1767173744.7012382,1,-3,-117
1767173744.711238,4,-3,-119
1767173744.721238,10,0,-120
1767173744.731238,7,1,-116
1767173744.741238,5,4,-121
1767173744.751238,8,4,-126
1767173744.761238,11,4,-125
1767173744.771238,8,7,-122
1767173744.781238,9,5,-122
1767173744.791238,2,3,-121
1767173744.801238,-1,1,-119
1767173744.811238,3,6,-125
1767173744.821238,1,8,-126
1767173744.8312385,4,5,-120
1767173744.8412385,8,3,-117
1767173744.8512385,8,0,-125
1767173744.8612382,4,0,-128
1767173744.8712382,1,0,-117
1767173744.8812382,0,-1,-115
1767173744.8912382,0,0,-123
1767173744.9012382,0,0,-131
1767173744.9112382,0,0,-128
1767173744.9212382,2,-3,-124
1767173744.9312382,1,-2,-120
1767173744.9412382,-1,-4,-121
1767173744.9512382,-3,-3,-120
1767173744.961238,-3,0,-124
1767173744.971238,0,-2,-127
1767173744.981238,-1,0,-121
1767173744.991238,-4,0,-123
1767173745.001238,-5,0,-127
1767173745.011238,-2,1,-128
1767173745.021238,-2,0,-127
1767173745.031238,-3,1,-123
1767173745.041238,-2,0,-126
1767173745.051238,3,4,-125
1767173745.061238,1,5,-125
1767173745.071238,2,3,-127
1767173745.0812385,-2,1,-127
1767173745.0912385,-2,0,-126
1767173745.1012385,-3,0,-119
1767173745.1112382,-1,-1,-110
1767173745.1212382,0,-4,-109
1767173745.1312382,2,-5,-112
1767173745.1412382,-1,-5,-123
1767173745.1512382,0,-4,-127
1767173745.1612382,-1,-5,-126
1767173745.1712382,-5,-8,-126
1767173745.1812382,-8,-6,-126
1767173745.1912382,-4,-5,-127
1767173745.2012382,-5,-3,-120
1767173745.211238,-5,-2,-123
1767173745.221238,-1,-5,-124
1767173745.231238,4,-2,-126
1767173745.241238,2,-1,-121
1767173745.251238,3,0,-118
1767173745.261238,5,2,-119
1767173745.271238,0,0,-122
1767173745.281238,-3,0,-121
1767173745.291238,0,0,-117
1767173745.301238,-1,0,-118
1767173745.311238,-1,-5,-125
1767173745.321238,0,-10,-127
1767173745.3312385,2,-8,-126
1767173745.3412385,6,-6,-128
1767173745.3512385,8,-6,-128
1767173745.3612382,6,-1,-126
1767173745.3712382,7,0,-125
1767173745.3812382,-1,0,-125
1767173745.3912382,-5,-4,-128
1767173745.4012382,-3,-7,-129
1767173745.4112382,-3,-5,-124
1767173745.4212382,-1,-6,-126
1767173745.4312382,1,-7,-126
1767173745.4412382,5,-9,-127
1767173745.4512382,6,-5,-128
1767173745.461238,6,-3,-127
1767173745.471238,7,-5,-126
1767173745.481238,8,-7,-125
1767173745.491238,2,-4,-127
1767173745.501238,0,-6,-127
1767173745.511238,-3,-6,-121
1767173745.521238,-2,-2,-121
1767173745.531238,-1,-5,-124
1767173745.541238,0,-1,-127
1767173745.551238,1,-1,-123
1767173745.561238,3,0,-122
1767173745.571238,4,0,-124
1767173745.5812385,2,0,-122
1767173745.5912385,4,-2,-119
1767173745.6012385,4,-5,-118
1767173745.6112382,5,-6,-114
1767173745.6212382,4,-5,-115
1767173745.6312382,4,-6,-121
1767173745.6412382,2,-6,-119
1767173745.6512382,3,-11,-117
1767173745.6612382,0,-7,-125
1767173745.6712382,0,-6,-120
1767173745.6812382,2,-5,-123
1767173745.6912382,3,-6,-120
1767173745.7012382,-3,-6,-125
1767173745.711238,0,-3,-129
1767173745.721238,0,0,-124
1767173745.731238,1,1,-126
1767173745.741238,0,-1,-131
1767173745.751238,1,0,-128
1767173745.761238,0,-3,-130
1767173745.7722385,2,-7,-127
1767173745.781238,0,-4,-135
1767173745.791238,3,-9,-130
1767173745.8022382,4,-6,-128
1767173745.811238,6,-2,-130
1767173745.8222382,7,0,-123
1767173745.8312385,0,0,-121
1767173745.8412385,0,0,-122
1767173745.8522382,2,2,-124
1767173745.8622382,-1,0,-118
1767173745.8722382,-3,-2,-122
1767173745.882238,-3,0,-134
1767173745.892238,2,-2,-134
1767173745.902238,3,-6,-136
1767173745.912238,3,-4,-139
1767173745.922238,2,-3,-126
1767173745.932238,1,-5,-124
1767173745.942238,0,-9,-121
1767173745.952238,-1,-1,-116
1767173745.962238,-3,0,-118
1767173745.972238,-6,0,-116
1767173745.982238,-2,1,-114
1767173745.992238,0,1,-119
1767173746.002238,-2,3,-117
1767173746.0122385,0,3,-118
1767173746.0222385,0,-1,-123
1767173746.0322382,-3,-4,-121
1767173746.0422382,-1,-1,-130
1767173746.0522382,3,0,-134
1767173746.0622382,4,1,-133
1767173746.0722382,5,1,-128
1767173746.0822382,3,-3,-134
1767173746.0922382,1,-6,-133
1767173746.1022382,0,-5,-132
1767173746.1122382,2,-2,-122
1767173746.1222382,1,-5,-123
1767173746.132238,-2,-3,-122
1767173746.142238,-1,0,-125
1767173746.152238,0,1,-134
1767173746.162238,2,-2,-128
1767173746.172238,-1,-5,-124
1767173746.182238,-2,-7,-119
1767173746.192238,-1,-7,-116
1767173746.202238,-2,-4,-116
1767173746.212238,-1,0,-113
1767173746.222238,-1,0,-115
1767173746.232238,-2,1,-128
1767173746.242238,-2,0,-131
1767173746.252238,-1,-1,-128
1767173746.2622385,-3,1,-127
1767173746.2722385,-1,-2,-127
1767173746.2822382,-2,-2,-127
1767173746.2922382,-1,0,-131
1767173746.3022382,-3,0,-132
1767173746.3122382,-5,2,-132
1767173746.3222382,-5,2,-134
1767173746.3322382,-4,0,-134
1767173746.3422382,-7,-2,-129
1767173746.3522382,-8,-2,-132
1767173746.3622382,-5,0,-133
1767173746.3722382,0,-3,-138
1767173746.382238,-2,-3,-136
1767173746.392238,0,-3,-129
1767173746.402238,-4,-4,-134
1767173746.412238,-4,-6,-129
1767173746.422238,-2,-8,-128
1767173746.432238,-1,-6,-127
1767173746.442238,3,-3,-127
1767173746.452238,5,-5,-128
1767173746.462238,2,-5,-132
1767173746.472238,1,0,-129
1767173746.482238,3,0,-130
1767173746.492238,0,0,-125
1767173746.502238,-2,-2,-127
1767173746.5122385,-5,0,-124
1767173746.5222385,-2,0,-124
1767173746.5432382,0,-1,-123
1767173746.5522382,6,-3,-128
1767173746.5622382,5,-3,-125
1767173746.5722382,5,-2,-119
1767173746.5822382,3,-3,-114
1767173746.5922382,0,-1,-113
1767173746.6022382,-2,-2,-110
1767173746.6122382,-1,0,-114
1767173746.6222382,-1,-2,-113
1767173746.632238,-3,-2,-108
1767173746.642238,-8,-3,-106
1767173746.652238,-10,-4,-112
1767173746.662238,-9,-3,-112
1767173746.672238,-5,0,-118
1767173746.682238,-5,-2,-118
1767173746.692238,-6,0,-115
1767173746.702238,-5,-5,-114
1767173746.712238,0,-12,-115
1767173746.722238,0,-8,-112
1767173746.732238,0,-11,-116
1767173746.742238,2,-11,-115
1767173746.752238,2,-7,-122
1767173746.7622385,2,-3,-127
1767173746.7722385,0,-6,-132
1767173746.7822382,-3,0,-137
1767173746.7922382,-4,0,-133
1767173746.8022382,-3,-5,-127
1767173746.8122382,-3,-1,-129
1767173746.8222382,-1,-2,-127
1767173746.8322382,1,0,-127
1767173746.8422382,7,5,-123
1767173746.8522382,4,4,-125
1767173746.8622382,1,-1,-125
1767173746.8722382,-1,-1,-126
1767173746.882238,-5,-3,-126
1767173746.892238,-6,-6,-129
1767173746.902238,-7,-4,-127
1767173746.912238,-1,-6,-127
1767173746.922238,5,-9,-132
1767173746.932238,8,-10,-130
1767173746.942238,5,-6,-127
1767173746.952238,2,-2,-135
1767173746.962238,3,0,-131
1767173746.972238,6,0,-131
1767173746.982238,7,0,-129
1767173746.992238,4,0,-129
1767173747.002238,4,1,-130
1767173747.0122385,-1,0,-125
1767173747.0222385,0,-2,-125
1767173747.0322382,1,0,-124
1767173747.0422382,3,-7,-134
1767173747.0522382,0,-8,-129
1767173747.0622382,-5,-8,-135
1767173747.0722382,-2,-9,-142
1767173747.0822382,0,-5,-139
1767173747.0922382,0,-5,-135
1767173747.1022382,0,-1,-130
1767173747.1122382,0,0,-130
1767173747.1222382,0,7,-125
1767173747.132238,1,3,-126
1767173747.142238,5,0,-120
1767173747.152238,8,0,-117
1767173747.162238,6,-5,-120
1767173747.172238,8,-5,-121
1767173747.182238,5,-4,-114
1767173747.192238,5,-6,-111
1767173747.202238,10,-7,-121
1767173747.212238,13,-4,-120
1767173747.222238,15,-3,-119
1767173747.232238,10,-2,-124
1767173747.242238,9,-1,-124
1767173747.252238,12,-3,-122
1767173747.2622385,11,-5,-123
1767173747.2722385,7,-5,-121
1767173747.2822382,2,-4,-123
1767173747.2922382,4,-3,-126
1767173747.3022382,1,-4,-126
1767173747.3122382,2,0,-130
1767173747.3222382,0,-3,-129
1767173747.3322382,-4,-4,-126
1767173747.3422382,-5,-1,-128
1767173747.3522382,-8,-4,-136
1767173747.3622382,-8,-5,-134
1767173747.3722382,-8,-6,-128
1767173747.382238,-7,-6,-131
1767173747.392238,-5,-6,-135
1767173747.402238,-1,-5,-132
1767173747.412238,-1,-2,-131
1767173747.422238,-1,-2,-134
1767173747.432238,0,2,-132
1767173747.442238,1,2,-129
1767173747.452238,6,-4,-126
1767173747.462238,7,-4,-129
1767173747.472238,6,-3,-134
1767173747.482238,0,-5,-132
1767173747.492238,1,-1,-133
1767173747.502238,3,0,-131
1767173747.5122385,4,3,-130
1767173747.5222385,3,3,-130
1767173747.5322382,1,3,-131
1767173747.5422382,6,5,-133
1767173747.5522382,5,0,-129
1767173747.5622382,5,-2,-126
1767173747.5722382,3,-1,-127
1767173747.5822382,0,-5,-124
1767173747.5922382,-1,-6,-129
1767173747.6022382,-6,-2,-132
1767173747.6122382,-4,-1,-128
1767173747.6222382,-3,-3,-126
1767173747.632238,0,0,-122
1767173747.642238,0,-1,-119
1767173747.652238,0,-2,-117
1767173747.662238,3,-2,-118
1767173747.672238,4,-1,-114
1767173747.682238,6,-1,-118
1767173747.692238,4,-2,-115
1767173747.702238,2,-5,-119
1767173747.712238,-1,-4,-113
1767173747.722238,-5,-1,-115
1767173747.732238,-4,-5,-121
1767173747.742238,-4,-7,-122
1767173747.752238,-8,-6,-117
1767173747.7622385,-6,-7,-119
1767173747.7722385,-1,-8,-125
1767173747.7822382,0,-10,-126
1767173747.7922382,1,-6,-122
1767173747.8022382,-3,-1,-116
1767173747.8122382,-4,0,-120
1767173747.8222382,-4,0,-117
1767173747.8322382,1,2,-117
1767173747.8422382,0,0,-118
1767173747.8522382,-5,0,-116
1767173747.8622382,-2,-2,-120
1767173747.8722382,-2,-5,-120
1767173747.882238,0,-6,-120
1767173747.892238,0,-6,-124
1767173747.902238,-2,-8,-129
1767173747.912238,-1,-9,-127
1767173747.922238,-1,-5,-127
1767173747.932238,-4,-8,-124
1767173747.942238,-4,-4,-124
1767173747.952238,-4,-4,-126
1767173747.962238,-4,-4,-128
1767173747.972238,-3,-5,-122
1767173747.982238,-4,0,-116
1767173747.992238,0,0,-118
1767173748.002238,-3,0,-122
1767173748.0122385,-3,-2,-124
1767173748.0222385,-4,-4,-132
1767173748.0322382,-5,-1,-134
1767173748.0422382,-7,-8,-128
1767173748.0522382,-9,-6,-118
1767173748.0622382,-7,-3,-125
1767173748.0722382,-6,-4,-128
1767173748.0822382,-3,-4,-127
1767173748.0922382,-1,-4,-120
1767173748.1022382,0,-2,-124
1767173748.1122382,0,0,-123
1767173748.1222382,-3,2,-127
1767173748.132238,-1,2,-127
1767173748.142238,2,0,-128
1767173748.152238,0,-6,-123
1767173748.162238,-2,-5,-122
1767173748.172238,-1,-3,-122
1767173748.182238,0,-3,-118
1767173748.192238,3,-2,-119
1767173748.202238,4,0,-125
1767173748.212238,1,1,-133
1767173748.222238,-3,2,-131
1767173748.232238,-6,3,-131
1767173748.242238,-4,4,-139
1767173748.252238,-7,0,-134
1767173748.2622385,-5,-1,-132
1767173748.2722385,-2,0,-132
1767173748.2822382,-8,-3,-130
1767173748.2922382,-3,-2,-131
1767173748.3022382,0,-1,-131
1767173748.3122382,0,-5,-132
1767173748.3222382,0,-6,-133
1767173748.3322382,0,-7,-133
1767173748.3422382,2,-10,-127
1767173748.3522382,0,-11,-129
1767173748.3622382,0,-11,-135
1767173748.3722382,-1,-14,-137
1767173748.382238,0,-15,-132
1767173748.392238,-2,-14,-124
1767173748.402238,-1,-11,-116
1767173748.412238,-4,-8,-121
1767173748.422238,-1,-8,-125
1767173748.432238,-2,-1,-127
1767173748.442238,-2,1,-130
1767173748.452238,-6,2,-132
1767173748.462238,-2,6,-132
1767173748.472238,0,2,-130
1767173748.4832382,-2,0,-125
1767173748.4932382,-7,0,-127
1767173748.502238,-2,1,-117
1767173748.5122385,1,-1,-114
1767173748.5232382,2,-3,-112
1767173748.5332382,0,-1,-113
1767173748.5432382,0,-1,-110
1767173748.5532382,1,-1,-119
1767173748.563238,4,0,-124
1767173748.573238,4,-4,-124
1767173748.583238,-1,-8,-123
1767173748.593238,0,-5,-125
1767173748.603238,4,-9,-126
1767173748.613238,3,-9,-123
1767173748.623238,2,-6,-125
1767173748.633238,2,-5,-120
1767173748.643238,0,-4,-116
1767173748.653238,0,-4,-119
1767173748.663238,-1,-3,-118
1767173748.673238,-3,-8,-125
1767173748.6832385,0,-6,-129
1767173748.6932385,0,-7,-133
1767173748.7032382,3,-4,-131
1767173748.7132382,4,-2,-126
1767173748.7232382,5,-1,-126
1767173748.7332382,8,-1,-126
1767173748.7432382,11,3,-127
1767173748.7532382,10,-1,-130
1767173748.7632382,5,-2,-125
1767173748.7732382,1,-1,-121
1767173748.7832382,2,-4,-126
1767173748.7932382,1,-1,-124
1767173748.8032382,2,1,-119
1767173748.813238,3,0,-115
1767173748.823238,0,-2,-117
1767173748.833238,0,-2,-120
1767173748.844238,0,-2,-118
1767173748.853238,-2,-4,-117
1767173748.863238,-2,-3,-122
1767173748.873238,-3,-2,-122
1767173748.883238,-2,-1,-125
1767173748.893238,-4,0,-132
1767173748.903238,-8,-1,-130
1767173748.913238,-11,0,-125
1767173748.923238,-8,0,-127
1767173748.9332385,-6,-5,-124
1767173748.9432385,-3,-4,-123
1767173748.9532382,-1,-3,-122
1767173748.9632382,0,-5,-128
1767173748.9732382,1,-5,-125
1767173748.9832382,-1,-7,-127
1767173748.9932382,-4,-7,-125
1767173749.0032382,0,-5,-133
1767173749.0132382,3,-4,-133
1767173749.0232382,0,-6,-131
1767173749.0332382,2,-5,-128
1767173749.0432382,3,-3,-126
1767173749.0532382,0,-1,-118
1767173749.063238,0,-1,-122
1767173749.073238,-4,-3,-123
1767173749.083238,-4,-3,-122
1767173749.093238,0,-4,-124
1767173749.103238,-3,-5,-128
1767173749.113238,0,-4,-132
1767173749.123238,-2,-3,-135
1767173749.133238,-1,-5,-130
1767173749.143238,-5,-7,-133
1767173749.153238,-3,-4,-130
1767173749.163238,-4,-8,-127
1767173749.173238,-1,-6,-127
1767173749.1832385,-2,-5,-126
1767173749.1932385,-1,-5,-131
1767173749.2032382,0,-7,-130
1767173749.2132382,0,-7,-129
1767173749.2232382,-2,-8,-121
1767173749.2332382,-2,-9,-129
1767173749.2432382,2,-5,-134
1767173749.2532382,4,-7,-137
1767173749.2632382,0,-8,-135
1767173749.2732382,0,-7,-133
1767173749.2832382,-1,-5,-130
1767173749.2932382,-5,-6,-126
1767173749.3032382,-9,-4,-121
1767173749.313238,-6,-2,-124
1767173749.323238,-5,-1,-131
1767173749.333238,-1,0,-141
1767173749.343238,-2,1,-139
1767173749.353238,-1,0,-134
1767173749.363238,-6,0,-132
1767173749.373238,0,2,-132
1767173749.383238,-1,-3,-132
1767173749.393238,-2,-3,-129
1767173749.403238,-2,-4,-129
1767173749.413238,-1,-4,-125
1767173749.423238,1,-1,-129
1767173749.4332385,5,-2,-133
1767173749.4432385,7,-1,-132
1767173749.4532382,9,-2,-127
1767173749.4632382,10,0,-127
1767173749.4732382,8,-1,-124
1767173749.4832382,8,-3,-127
1767173749.4932382,8,-4,-130
1767173749.5032382,8,-3,-135
1767173749.5132382,8,0,-137
1767173749.5232382,7,4,-132
1767173749.5332382,10,2,-131
1767173749.5432382,10,1,-131
1767173749.5532382,5,-1,-133
1767173749.563238,2,-2,-136
1767173749.573238,0,-1,-135
1767173749.583238,-7,0,-132
1767173749.593238,-12,-4,-128
1767173749.603238,-12,0,-127
1767173749.613238,-5,-2,-127
1767173749.623238,-8,1,-126
1767173749.633238,-9,3,-129
1767173749.643238,-5,4,-126
1767173749.653238,-4,-1,-122
1767173749.663238,-9,-2,-120
1767173749.673238,-6,0,-119
1767173749.6832385,-9,0,-125
1767173749.6932385,-6,-2,-118
1767173749.7032382,0,-4,-128
1767173749.7132382,6,-3,-134
1767173749.7232382,5,-1,-126
1767173749.7332382,2,-1,-130
1767173749.7432382,1,-1,-128
1767173749.7532382,0,-2,-126
1767173749.7632382,-1,0,-128
1767173749.7732382,0,-8,-124
1767173749.7832382,0,-10,-123
1767173749.7932382,0,-5,-119
1767173749.8032382,4,-5,-119
1767173749.813238,7,-6,-120
1767173749.823238,2,-9,-115
1767173749.833238,0,-7,-119
1767173749.843238,0,-6,-122
1767173749.853238,-3,-7,-124
1767173749.863238,3,-5,-116
1767173749.873238,2,-5,-119
1767173749.883238,2,-9,-126
1767173749.893238,0,-6,-122
1767173749.903238,0,0,-122
1767173749.913238,0,-1,-121
1767173749.923238,-1,-5,-131
1767173749.9332385,-5,-3,-132
1767173749.9432385,0,-1,-119
1767173749.9532382,3,-2,-118
1767173749.9632382,0,-6,-120
1767173749.9732382,0,-6,-119
1767173749.9832382,-2,-1,-129
1767173749.9932382,-5,0,-129
1767173750.0032382,-3,-3,-123
1767173750.0132382,-5,-3,-124
1767173750.0232382,-6,-4,-125
1767173750.0332382,-7,-4,-122
1767173750.0432382,-8,-6,-125
1767173750.0532382,-4,-8,-121
1767173750.063238,-5,-5,-125
1767173750.073238,-2,-7,-124
1767173750.083238,0,-2,-133
1767173750.093238,-1,-9,-131
1767173750.103238,0,-9,-134
1767173750.113238,-3,-4,-133
1767173750.123238,-1,-4,-138
1767173750.133238,1,-3,-144
1767173750.143238,-1,-7,-139
1767173750.153238,1,-3,-135
1767173750.163238,3,-5,-130
1767173750.173238,2,-5,-127
1767173750.1832385,1,-6,-132
1767173750.1932385,-4,-7,-127
1767173750.2032382,-4,-7,-127
1767173750.2132382,-4,0,-127
1767173750.2232382,-8,0,-123
1767173750.2332382,-8,1,-121
1767173750.2432382,-7,0,-121
1767173750.2532382,-8,4,-121
1767173750.2632382,-12,4,-121
1767173750.2732382,-9,2,-120
1767173750.2832382,-4,3,-126
1767173750.2932382,-5,3,-128
1767173750.3032382,-2,1,-125
1767173750.313238,0,2,-126
1767173750.323238,-5,2,-126
1767173750.333238,-6,3,-130
1767173750.343238,-4,2,-128
1767173750.353238,-1,3,-126
1767173750.363238,-5,6,-127
1767173750.373238,-7,1,-131
1767173750.383238,-5,1,-137
1767173750.393238,-5,0,-136
1767173750.403238,-2,5,-133
1767173750.413238,-3,8,-131
1767173750.423238,-5,8,-136
1767173750.4332385,-6,5,-137
1767173750.4432385,-3,2,-138
1767173750.4532382,-8,2,-133
1767173750.4632382,-8,-1,-130
1767173750.4732382,-3,-1,-125
1767173750.4832382,-4,-1,-126
1767173750.4932382,1,0,-122
1767173750.5032382,4,-5,-122
1767173750.5132382,3,-5,-126
1767173750.5232382,0,-4,-128
1767173750.5332382,0,-5,-126
1767173750.5432382,3,-7,-129
1767173750.5532382,5,-5,-127
1767173750.563238,8,-7,-120
1767173750.573238,12,-8,-115
1767173750.583238,11,-9,-116
1767173750.593238,13,-8,-111
1767173750.603238,8,-6,-115
1767173750.613238,8,-5,-118
1767173750.623238,5,-8,-122
1767173750.633238,5,-8,-121
1767173750.643238,6,-10,-119
1767173750.653238,9,-7,-125
1767173750.663238,11,0,-123
1767173750.673238,6,2,-127
1767173750.6832385,8,2,-127
1767173750.6932385,4,0,-132
1767173750.7032382,2,0,-129
1767173750.7132382,1,1,-129
1767173750.7232382,5,-1,-125
1767173750.7332382,5,0,-124
1767173750.7432382,5,2,-124
1767173750.7532382,4,-5,-125
1767173750.7632382,3,-2,-125
1767173750.7732382,2,-1,-124
1767173750.7832382,0,0,-126
1767173750.7932382,-1,-2,-124
1767173750.8032382,-6,-1,-125
1767173750.813238,-4,-2,-124
1767173750.823238,0,-2,-115
1767173750.833238,1,-3,-117
1767173750.843238,2,-2,-119
1767173750.853238,0,-4,-120
1767173750.863238,-1,-3,-124
1767173750.873238,-1,-4,-128
1767173750.883238,-2,-8,-126
1767173750.893238,-1,-7,-123
1767173750.903238,1,-3,-128
1767173750.913238,0,-4,-124
1767173750.923238,1,-3,-119
1767173750.9332385,2,0,-119
1767173750.9432385,1,2,-121
1767173750.9532382,2,0,-123
1767173750.9632382,0,-2,-121
1767173750.9732382,0,-7,-122
1767173750.9832382,-2,-6,-118
1767173750.9932382,-3,-4,-121
1767173751.0032382,0,0,-122
1767173751.0132382,2,0,-121
1767173751.0232382,0,-2,-117
1767173751.0332382,-5,-2,-114
1767173751.0432382,-3,-4,-115
1767173751.0532382,-7,-1,-111
1767173751.063238,-8,3,-117
1767173751.073238,-5,4,-125
1767173751.084238,-3,6,-127
1767173751.093238,-3,4,-125
1767173751.103238,0,1,-122
1767173751.113238,0,-1,-124
1767173751.123238,2,-2,-120
1767173751.133238,0,0,-128
1767173751.1442382,4,-1,-132
1767173751.1542382,7,-2,-133
1767173751.1642382,0,-3,-125
1767173751.1742382,2,-2,-120
1767173751.1842382,0,-5,-116
1767173751.1942382,0,-6,-116
1767173751.2042382,2,-4,-115
1767173751.2142382,-1,-4,-117
1767173751.2242382,-1,-5,-120
1767173751.234238,0,-6,-124
1767173751.244238,3,-5,-121
1767173751.254238,1,-3,-129
1767173751.264238,0,-2,-131
1767173751.274238,3,-4,-132
1767173751.284238,8,-4,-131
1767173751.294238,3,-3,-132
1767173751.304238,0,0,-127
1767173751.314238,-4,1,-125
1767173751.324238,-3,2,-124
1767173751.334238,-4,3,-122
1767173751.344238,-2,3,-124
1767173751.3542385,0,1,-122
1767173751.3642385,-4,0,-120
1767173751.3742385,-3,-1,-120
1767173751.3842382,-2,-4,-127
1767173751.3942382,0,-2,-123
1767173751.4042382,1,0,-124
1767173751.4142382,-1,0,-130
1767173751.4242382,-2,-2,-131
1767173751.4342382,0,-1,-130
1767173751.4442382,-1,0,-129
1767173751.4542382,-1,-4,-130
1767173751.4642382,3,-6,-128
1767173751.4742382,3,-7,-124
1767173751.484238,0,-4,-121
1767173751.494238,-4,-5,-117
1767173751.504238,-4,-6,-120
1767173751.514238,-1,-5,-116
1767173751.524238,0,-4,-119
1767173751.534238,0,-2,-124
1767173751.5562382,2,2,-130
1767173751.564238,3,1,-127
1767173751.574238,2,-1,-127
1767173751.584238,1,0,-127
1767173751.594238,0,2,-128
1767173751.6042385,-2,2,-128
1767173751.6142385,-1,8,-129
1767173751.6242385,0,6,-128
1767173751.6342382,-2,5,-122
1767173751.6442382,-1,4,-119
1767173751.6542382,-6,2,-123
1767173751.6642382,-2,5,-125
1767173751.6742382,-6,8,-133
1767173751.6842382,-7,9,-134
1767173751.6942382,-6,6,-132
1767173751.7042382,-6,5,-128
1767173751.7142382,-3,1,-129
1767173751.7242382,-7,0,-126
1767173751.734238,-8,0,-128
1767173751.744238,-8,-2,-125
1767173751.754238,-9,-3,-115
1767173751.764238,-6,-3,-117
1767173751.774238,-1,-5,-125
1767173751.784238,2,-6,-124
1767173751.794238,0,-3,-130
1767173751.804238,1,-4,-134
1767173751.814238,-1,-6,-130
1767173751.824238,-5,-4,-128
1767173751.834238,-7,-7,-125
1767173751.844238,-3,-4,-128
1767173751.8542385,-1,-3,-131
1767173751.8642385,-4,-2,-134
1767173751.8742385,-3,-1,-128
1767173751.8842382,0,-3,-131
1767173751.8942382,7,0,-130
1767173751.9042382,8,1,-131
1767173751.9142382,9,1,-130
1767173751.9242382,8,2,-129
1767173751.9342382,9,1,-120
1767173751.9442382,6,4,-118
1767173751.9542382,4,2,-118
1767173751.9642382,1,1,-124
1767173751.9742382,3,-2,-125
1767173751.984238,0,0,-129
1767173751.994238,0,3,-131
1767173752.004238,2,3,-130
1767173752.014238,2,3,-126
1767173752.024238,0,4,-115
1767173752.034238,0,7,-119
1767173752.044238,0,3,-126
1767173752.054238,-2,2,-128
1767173752.064238,0,1,-135
1767173752.074238,3,0,-134
1767173752.084238,6,0,-135
1767173752.094238,7,-1,-135
1767173752.1042385,5,0,-138
1767173752.1142385,1,0,-140
1767173752.1242385,1,-5,-133
1767173752.1342382,1,-4,-132
1767173752.1442382,3,-5,-130
1767173752.1542382,2,-3,-125
1767173752.1642382,3,-2,-132
1767173752.1742382,2,0,-128
1767173752.1842382,1,-2,-125
1767173752.1942382,2,-3,-125
1767173752.2042382,0,-3,-127
1767173752.2142382,-1,-3,-120
1767173752.2242382,-1,-1,-117
1767173752.234238,0,1,-120
1767173752.244238,2,0,-119
1767173752.254238,0,-1,-118
1767173752.264238,0,-2,-120
1767173752.274238,-3,-3,-124
1767173752.284238,-1,-3,-124
1767173752.294238,0,-4,-127
1767173752.304238,-5,2,-129
1767173752.314238,-1,0,-138
1767173752.324238,0,-3,-140
1767173752.334238,-1,-2,-135
1767173752.344238,-4,-1,-130
1767173752.3542385,-3,1,-127
1767173752.3642385,-4,0,-127
1767173752.3742385,0,0,-125
1767173752.3842382,0,-3,-131
1767173752.3942382,-1,-5,-125
1767173752.4042382,0,-1,-122
1767173752.4142382,0,0,-117
1767173752.4242382,0,0,-127
1767173752.4342382,-2,-1,-129
1767173752.4442382,-5,0,-127
1767173752.4542382,-6,1,-129
1767173752.4642382,-2,2,-131
1767173752.4742382,-1,5,-126
1767173752.484238,0,6,-123
1767173752.494238,0,4,-123
1767173752.504238,-2,4,-126
1767173752.514238,-3,1,-126
1767173752.524238,-3,0,-124
1767173752.534238,-2,0,-125
1767173752.544238,-1,-2,-123
1767173752.554238,1,-5,-127
1767173752.564238,0,-1,-131
1767173752.574238,0,0,-125
1767173752.584238,-1,-1,-121
1767173752.594238,-4,-1,-121
1767173752.6042385,-1,-2,-120
1767173752.6142385,0,-5,-119
1767173752.6242385,2,-2,-120
1767173752.6342382,4,-5,-120
1767173752.6442382,5,-7,-121
1767173752.6542382,1,-5,-124
1767173752.6642382,1,-4,-127
1767173752.6742382,0,1,-125
1767173752.6842382,0,-1,-120
1767173752.6942382,3,-2,-121
1767173752.7042382,0,1,-123
1767173752.7142382,2,-1,-117
1767173752.7242382,0,-3,-116
1767173752.734238,-1,-5,-118
1767173752.744238,-1,-3,-116
1767173752.754238,-2,0,-115
1767173752.764238,0,0,-111
1767173752.774238,-2,-1,-113
1767173752.784238,-2,-5,-115
1767173752.794238,0,-4,-114
1767173752.804238,0,-3,-116
1767173752.814238,0,0,-118
1767173752.824238,2,0,-122
1767173752.834238,1,0,-124
1767173752.844238,2,2,-123
1767173752.8542385,2,3,-118
1767173752.8642385,2,4,-120
1767173752.8742385,3,2,-119
1767173752.8842382,0,1,-120
1767173752.8942382,0,0,-126
1767173752.9042382,0,0,-130
1767173752.9142382,-2,0,-123
1767173752.9242382,-5,-1,-120
1767173752.9342382,-7,1,-116
1767173752.9442382,-10,1,-120
1767173752.9542382,-11,-5,-122
1767173752.9642382,-10,-8,-125
1767173752.9742382,-6,-10,-129
1767173752.984238,-8,-6,-128
1767173752.994238,-6,-3,-130
1767173753.004238,-7,0,-136
1767173753.014238,-7,1,-139
1767173753.024238,-6,-1,-136
1767173753.034238,-7,-5,-127
1767173753.044238,-1,-3,-120
1767173753.054238,-2,0,-122
1767173753.064238,-1,0,-125
1767173753.074238,-1,-2,-127
1767173753.084238,-1,-4,-127
1767173753.094238,-1,-2,-119
1767173753.1042385,-5,1,-114
1767173753.1142385,-9,0,-112
1767173753.1242385,-8,0,-119
1767173753.1342382,-3,3,-126
1767173753.1452382,-3,7,-126
1767173753.1542382,-2,6,-123
1767173753.1642382,-2,5,-124
1767173753.1742382,0,4,-129
1767173753.1842382,-3,2,-126
1767173753.1942382,-7,-2,-127
1767173753.2042382,-5,-4,-134
1767173753.2142382,0,-6,-138
1767173753.2242382,2,-2,-137
1767173753.234238,0,-4,-138
1767173753.244238,1,-4,-138
1767173753.254238,0,-3,-142
1767173753.264238,-1,-7,-144
1767173753.274238,-5,-6,-140
1767173753.284238,-4,-4,-140
1767173753.294238,-3,0,-134
1767173753.304238,-4,-2,-134
1767173753.314238,-6,-5,-130
1767173753.324238,-7,0,-132
1767173753.334238,1,1,-129
1767173753.344238,3,0,-128
1767173753.3542385,0,4,-127
1767173753.3642385,0,-3,-125
1767173753.3742385,5,-2,-120
1767173753.3842382,5,-4,-119
1767173753.3942382,5,-6,-120
1767173753.4042382,4,-5,-126
1767173753.4142382,1,-1,-128
1767173753.4242382,2,1,-128
1767173753.4342382,1,0,-125
1767173753.4442382,0,0,-129
1767173753.4542382,0,0,-130
1767173753.4642382,-2,-4,-126
1767173753.4742382,-2,-5,-127
1767173753.484238,-3,-5,-129
1767173753.494238,-1,-7,-126
1767173753.504238,3,-11,-129
1767173753.514238,3,-11,-126
1767173753.524238,0,-7,-122
1767173753.534238,0,-5,-124
1767173753.544238,0,-3,-128
1767173753.554238,7,-7,-130
1767173753.564238,7,-8,-126
1767173753.574238,5,-7,-126
1767173753.584238,7,-3,-121
1767173753.594238,6,-1,-120
1767173753.6042385,4,0,-119
1767173753.6142385,4,-4,-116
1767173753.6242385,2,-3,-116
1767173753.6342382,0,-3,-120
1767173753.6442382,-4,-1,-119
1767173753.6542382,-4,-1,-124
1767173753.6642382,-2,-4,-125
1767173753.6742382,-2,-5,-119
1767173753.6842382,-4,-3,-118
1767173753.6942382,-10,-5,-124
1767173753.7042382,-5,-4,-125
1767173753.7142382,0,-6,-120
1767173753.7242382,0,-2,-126
1767173753.734238,1,0,-130
1767173753.744238,1,0,-124
1767173753.754238,0,-2,-121
1767173753.764238,0,0,-127
1767173753.774238,0,0,-121
1767173753.7852385,-2,0,-126
1767173753.794238,-4,-1,-131
1767173753.8052382,-3,1,-129
1767173753.814238,0,0,-126
1767173753.8252382,-3,0,-124
1767173753.8352382,0,-1,-124
1767173753.8452382,2,-2,-122
1767173753.8552382,2,-6,-120
1767173753.8642385,4,-6,-123
1767173753.8752382,0,-2,-122
1767173753.8852382,0,-1,-126
1767173753.8952382,0,2,-123
1767173753.9052382,1,-3,-124
1767173753.915238,2,-2,-122
1767173753.925238,-5,0,-126
1767173753.935238,-11,-1,-128
1767173753.945238,-10,-2,-125
1767173753.955238,-8,0,-125
1767173753.9642382,-2,0,-124
1767173753.975238,0,-1,-125
1767173753.985238,0,-1,-125
1767173753.995238,-6,-2,-131
1767173754.005238,-7,-1,-126
1767173754.015238,-7,-1,-119
1767173754.025238,-4,0,-125
1767173754.0352385,-3,1,-125
1767173754.0452385,-6,2,-125
1767173754.0552382,-3,4,-132
1767173754.0652382,-2,3,-134
1767173754.0752382,-4,-1,-140
1767173754.0852382,-6,-1,-142
1767173754.0952382,-9,-3,-140
1767173754.1052382,-11,-6,-135
1767173754.1152382,-15,-2,-135
1767173754.1252382,-13,-1,-129
1767173754.1352382,-11,0,-123
1767173754.1452382,-9,0,-119
1767173754.1552382,-9,-5,-121
1767173754.165238,-12,-2,-125
1767173754.175238,-10,0,-126
1767173754.185238,-7,0,-125
1767173754.195238,-3,-1,-131
1767173754.205238,-3,3,-131
1767173754.215238,-2,0,-126
1767173754.225238,-1,4,-123
1767173754.235238,-1,3,-126
1767173754.245238,-1,2,-118
1767173754.255238,-3,3,-117
1767173754.265238,0,2,-119
1767173754.275238,2,-1,-118
1767173754.2852385,4,-5,-111
1767173754.2952385,3,-7,-116
1767173754.3052382,7,-4,-131
1767173754.3152382,6,-8,-127
1767173754.3252382,2,-5,-117
1767173754.3352382,0,-5,-118
1767173754.3452382,-5,-5,-118
1767173754.3552382,-6,0,-125
1767173754.3652382,-2,-5,-129
1767173754.3752382,0,-6,-127
1767173754.3852382,-3,-7,-131
1767173754.3952382,-5,-6,-133
1767173754.4052382,-7,0,-130
1767173754.415238,-8,-4,-138
1767173754.425238,-4,-4,-138
1767173754.435238,-3,-5,-129
1767173754.445238,-3,-4,-121
1767173754.455238,0,0,-130
1767173754.465238,-3,1,-131
1767173754.475238,-7,0,-130
1767173754.485238,-2,-1,-128
1767173754.495238,-1,-4,-129
1767173754.505238,0,-4,-126
1767173754.515238,-1,-5,-129
1767173754.525238,-1,-3,-132
1767173754.5352385,-3,-5,-128
1767173754.5452385,-5,0,-129
1767173754.5552382,-2,0,-125
1767173754.5652382,-1,-6,-119
1767173754.5752382,-2,-6,-121
1767173754.5852382,-4,0,-132
1767173754.5952382,-4,1,-127
1767173754.6052382,-4,0,-116
1767173754.6152382,-7,0,-113
1767173754.6252382,-5,1,-111
1767173754.6352382,-1,2,-117
1767173754.6452382,-1,2,-117
1767173754.6552382,1,1,-114
1767173754.665238,-3,1,-119
1767173754.675238,-3,1,-118
1767173754.685238,-1,3,-124
1767173754.695238,0,5,-133
1767173754.705238,0,8,-133
1767173754.715238,-4,4,-141
1767173754.725238,-6,2,-135
1767173754.735238,-10,3,-133
1767173754.745238,-9,2,-138
1767173754.755238,-2,1,-132
1767173754.765238,-3,-1,-133
1767173754.775238,-5,-3,-124
1767173754.7852385,-2,-1,-131
1767173754.7952385,-3,1,-135
1767173754.8052382,-2,1,-136
1767173754.8152382,-5,-2,-136
1767173754.8252382,-4,-5,-136
1767173754.8352382,-3,-8,-135
1767173754.8452382,-6,-8,-136
1767173754.8552382,-6,-12,-126
1767173754.8652382,-5,-11,-124
1767173754.8752382,-2,-11,-119
1767173754.8852382,0,-11,-117
1767173754.8952382,-1,-9,-122
1767173754.9052382,0,-9,-115
1767173754.915238,1,-7,-115
1767173754.925238,-3,-5,-118
1767173754.935238,-2,-2,-120
1767173754.945238,0,-2,-121
1767173754.955238,0,-1,-121
1767173754.965238,3,-2,-126
1767173754.975238,0,2,-129
1767173754.985238,-1,2,-125
1767173754.995238,2,3,-127
1767173755.005238,1,3,-132
1767173755.015238,0,0,-129
1767173755.025238,0,0,-130
1767173755.0352385,-1,-1,-130
1767173755.0452385,-4,-1,-132
1767173755.0552382,-4,1,-131
1767173755.0652382,-9,-1,-132
1767173755.0752382,-6,-3,-130
1767173755.0852382,-8,-3,-129
1767173755.0952382,-8,-5,-130
1767173755.1052382,-8,-1,-125
1767173755.1152382,-3,2,-124
1767173755.1252382,-1,0,-123
1767173755.1352382,-1,-7,-123
1767173755.1452382,0,-6,-124
1767173755.1552382,0,-1,-123
1767173755.165238,-2,-1,-114
1767173755.175238,0,0,-115
1767173755.185238,3,-1,-118
1767173755.195238,4,0,-119
1767173755.205238,0,3,-117
1767173755.215238,0,2,-116
1767173755.225238,0,4,-122
1767173755.235238,0,3,-120
1767173755.245238,-1,3,-123
1767173755.255238,3,5,-125
1767173755.265238,-2,0,-129
1767173755.275238,-5,1,-129
1767173755.2852385,-5,5,-134
1767173755.2952385,-3,2,-136
1767173755.3052382,-4,0,-138
1767173755.3152382,-6,0,-134
1767173755.3252382,-7,-1,-127
1767173755.3352382,-6,-3,-130
1767173755.3452382,-7,-5,-130
1767173755.3552382,-2,-7,-132
1767173755.3652382,0,-7,-134
1767173755.3752382,0,-5,-138
1767173755.3852382,-4,0,-134
1767173755.3952382,0,-2,-132
1767173755.4052382,-1,-1,-134
1767173755.415238,-4,-3,-130
1767173755.425238,-3,-1,-136
1767173755.435238,-6,2,-139
1767173755.445238,-8,3,-132
1767173755.455238,-7,1,-124
1767173755.465238,-7,1,-126
1767173755.475238,-2,-1,-124
1767173755.485238,-1,0,-123
1767173755.495238,-1,1,-126
1767173755.505238,-3,2,-129
1767173755.515238,0,3,-130
1767173755.525238,-1,0,-132
1767173755.5352385,-3,-2,-133
1767173755.5452385,2,-1,-134
1767173755.5552382,0,-1,-130
1767173755.5652382,-6,-1,-124
1767173755.5752382,-7,-2,-119
1767173755.5852382,-9,0,-121
1767173755.5952382,-6,0,-121
1767173755.6052382,-5,5,-124
1767173755.6152382,-4,0,-128
1767173755.6252382,-3,-8,-132
1767173755.6352382,-4,-6,-126
1767173755.6452382,-4,-5,-122
1767173755.6552382,-5,-5,-123
1767173755.665238,-2,-6,-123
1767173755.675238,-1,-5,-124
1767173755.685238,-3,-2,-125
1767173755.695238,-2,-3,-122
1767173755.705238,-7,-1,-120
1767173755.715238,-4,-1,-120
1767173755.725238,-3,-2,-117
1767173755.735238,-7,-1,-123
1767173755.745238,-6,0,-126
1767173755.755238,-7,-1,-119
1767173755.765238,-2,-4,-120
1767173755.775238,-9,0,-127
1767173755.7852385,-9,0,-130
1767173755.7952385,-5,2,-134
1767173755.8052382,1,1,-131
1767173755.8152382,0,0,-131
1767173755.8252382,-3,2,-125
1767173755.8352382,-2,1,-130
1767173755.8452382,1,0,-130
1767173755.8552382,6,1,-127
1767173755.8652382,7,4,-134
1767173755.8752382,5,3,-128
1767173755.8852382,2,3,-123
1767173755.8952382,0,4,-128
1767173755.9052382,0,3,-134
1767173755.915238,-2,2,-131
1767173755.925238,-4,3,-126
1767173755.935238,0,5,-132
1767173755.945238,0,1,-138
1767173755.955238,-2,0,-131
1767173755.965238,-3,0,-130
1767173755.975238,-3,0,-131
1767173755.985238,-1,-4,-132
1767173755.995238,-2,-6,-133
1767173756.005238,-1,0,-131
1767173756.015238,0,-3,-128
1767173756.025238,-2,-2,-123
1767173756.0352385,-4,-5,-124
1767173756.0452385,-1,-7,-130
1767173756.0552382,0,-2,-127
1767173756.0652382,0,-3,-131
1767173756.0752382,0,-2,-137
1767173756.0852382,-3,-6,-138
1767173756.0952382,-6,-5,-140
1767173756.1052382,-11,-6,-139
1767173756.1152382,-12,-7,-132
1767173756.1252382,-6,-8,-131
1767173756.1352382,-2,-8,-128
1767173756.1452382,0,-7,-133
1767173756.1552382,3,-9,-132
1767173756.165238,4,-8,-135
1767173756.175238,6,-5,-135
1767173756.185238,5,-2,-137
1767173756.195238,1,-4,-131
1767173756.205238,0,-2,-124
1767173756.215238,4,1,-117
1767173756.225238,2,0,-124
1767173756.235238,4,0,-129
1767173756.245238,1,-4,-132
1767173756.255238,1,-4,-132
1767173756.265238,2,-6,-128
1767173756.275238,0,-7,-130
1767173756.2852385,0,-3,-124
1767173756.2952385,-3,-3,-118
1767173756.3052382,-3,-2,-118
1767173756.3152382,0,-3,-119
1767173756.3252382,2,1,-114
1767173756.3352382,2,4,-112
1767173756.3452382,2,8,-112
1767173756.3552382,4,13,-118
1767173756.3652382,5,12,-128
1767173756.3752382,2,12,-133
1767173756.3852382,-2,9,-134
1767173756.3952382,0,8,-135
1767173756.4052382,4,6,-132
1767173756.416238,0,2,-128
1767173756.426238,2,-3,-128
1767173756.436238,2,-3,-126
1767173756.446238,4,-4,-136
1767173756.4562385,0,-2,-135
1767173756.4662385,-4,-1,-133
1767173756.4762385,-6,-3,-126
1767173756.4862382,-2,0,-125
1767173756.4962382,0,-3,-130
1767173756.5062382,-1,0,-121
1767173756.5162382,2,0,-113
1767173756.5262382,-2,0,-109
1767173756.5362382,-8,-1,-111
1767173756.5462382,-1,-5,-114
1767173756.567238,5,0,-120
1767173756.5762382,5,5,-127
1767173756.586238,2,7,-130
1767173756.596238,4,4,-131
1767173756.606238,-2,2,-124
1767173756.616238,-4,4,-114
1767173756.626238,-5,4,-117
1767173756.636238,0,7,-116
1767173756.646238,-1,9,-117
1767173756.656238,0,5,-115
1767173756.666238,0,6,-110
1767173756.676238,2,3,-116
1767173756.686238,4,6,-119
1767173756.696238,2,3,-118
1767173756.7062385,1,4,-121
1767173756.7162385,3,1,-116
1767173756.7262385,0,-3,-119
1767173756.7362382,1,-6,-119
1767173756.7462382,0,-4,-120
1767173756.7562382,-4,-5,-115
1767173756.7662382,0,-1,-114
1767173756.7762382,4,-4,-122
1767173756.7862382,-3,-8,-123
1767173756.7962382,-6,-8,-127
1767173756.8062382,-7,-4,-122
1767173756.8162382,-8,-2,-117
1767173756.8262382,-5,-1,-118
1767173756.836238,-3,0,-120
1767173756.846238,0,1,-130
1767173756.856238,-2,4,-129
1767173756.866238,-4,5,-128
1767173756.876238,-7,0,-126
1767173756.886238,-5,-5,-127
1767173756.896238,-1,-8,-131
1767173756.906238,2,-4,-130
1767173756.916238,0,-3,-123
1767173756.926238,-2,-6,-126
1767173756.936238,-1,-7,-124
1767173756.946238,-1,-11,-126
1767173756.9562385,-2,-5,-124
1767173756.9662385,0,-5,-122
1767173756.9762385,6,-4,-120
1767173756.9862382,3,-4,-123
1767173756.9962382,3,-2,-124
1767173757.0062382,2,-3,-121
1767173757.0162382,3,0,-117
1767173757.0262382,2,0,-117
1767173757.0362382,3,0,-124
1767173757.0462382,0,2,-125
1767173757.0562382,0,2,-128
1767173757.0662382,1,0,-128
1767173757.0762382,2,-2,-134
1767173757.086238,2,-1,-137
1767173757.096238,0,-3,-132
1767173757.106238,1,-3,-130
1767173757.116238,5,-6,-130
1767173757.126238,7,-8,-122
1767173757.136238,4,-9,-127
1767173757.146238,5,-5,-132
1767173757.156238,4,-3,-127
1767173757.166238,0,-4,-120
1767173757.176238,1,-8,-129
1767173757.186238,3,-4,-125
1767173757.196238,6,-2,-124
1767173757.2062385,4,-3,-123
1767173757.2162385,2,-5,-132
1767173757.2262385,-1,-7,-137
1767173757.2362382,-1,-3,-137
1767173757.2462382,-1,-3,-129
1767173757.2562382,-4,-3,-129
1767173757.2662382,-8,-4,-126
1767173757.2762382,-11,-4,-128
1767173757.2862382,-5,-4,-128
1767173757.2962382,-5,-3,-128
1767173757.3062382,-1,-2,-126
1767173757.3162382,2,-3,-128
1767173757.3262382,-2,-1,-131
1767173757.336238,-4,1,-131
1767173757.346238,-2,-1,-136
1767173757.356238,0,-3,-129
1767173757.366238,1,-3,-129
1767173757.376238,-2,-8,-123
1767173757.386238,-3,-9,-127
1767173757.396238,0,-12,-124
1767173757.406238,1,-7,-126
1767173757.416238,0,-7,-125
1767173757.426238,3,-5,-127
1767173757.436238,1,-3,-122
1767173757.446238,1,0,-115
1767173757.4562385,4,1,-114
1767173757.4662385,2,4,-114
1767173757.4762385,1,3,-116
1767173757.4862382,-1,3,-123
1767173757.4962382,-2,1,-128
1767173757.5062382,-1,0,-121
1767173757.5162382,0,0,-118
1767173757.5262382,0,-2,-118
1767173757.5362382,-4,0,-125
1767173757.5462382,-10,1,-125
1767173757.5562382,-8,2,-125
1767173757.5662382,-7,1,-128
1767173757.5762382,-7,3,-124
1767173757.586238,-3,0,-119
1767173757.596238,-4,0,-114
1767173757.606238,-7,1,-112
1767173757.616238,-5,4,-118
1767173757.626238,-2,6,-118
1767173757.636238,-1,3,-129
1767173757.646238,-1,1,-127
1767173757.656238,1,1,-125
1767173757.666238,-1,0,-124
1767173757.676238,1,1,-117
1767173757.686238,4,0,-118
1767173757.696238,7,-2,-122
1767173757.7062385,7,-1,-122
1767173757.7162385,10,-4,-116
1767173757.7262385,10,-1,-118
1767173757.7362382,8,0,-123
1767173757.7462382,5,1,-122
1767173757.7562382,3,-2,-123
1767173757.7662382,4,-1,-122
1767173757.7762382,1,-5,-120
1767173757.7862382,2,0,-125
1767173757.7962382,2,0,-125
1767173757.8062382,3,2,-127
1767173757.8162382,-2,0,-127
1767173757.8262382,2,2,-122
1767173757.836238,1,2,-130
1767173757.846238,6,2,-129
1767173757.856238,0,2,-130
1767173757.866238,-5,-1,-129
1767173757.876238,-2,-2,-128
1767173757.886238,0,-5,-127
1767173757.896238,6,-6,-124
1767173757.906238,4,-6,-118
1767173757.916238,1,-2,-119
1767173757.926238,2,1,-120
1767173757.936238,2,0,-122
1767173757.946238,0,0,-117
1767173757.9562385,2,0,-113
1767173757.9662385,3,0,-118
1767173757.9762385,0,-4,-115
1767173757.9862382,2,-5,-120
1767173757.9962382,0,-4,-121
1767173758.0062382,-2,-3,-116
1767173758.0162382,0,-1,-115
1767173758.0262382,2,-4,-115
1767173758.0362382,-1,-2,-124
1767173758.0462382,0,-6,-123
1767173758.0562382,2,-3,-120
1767173758.0662382,0,-2,-121
1767173758.0762382,-4,-5,-121
1767173758.086238,-7,-3,-116
1767173758.096238,-7,-4,-113
1767173758.106238,-7,-4,-117
1767173758.116238,-12,-3,-113
1767173758.126238,-12,-1,-118
1767173758.136238,-4,0,-119
1767173758.146238,-4,0,-117
1767173758.156238,-3,0,-117
1767173758.166238,-3,-2,-120
1767173758.176238,-1,-5,-115
1767173758.186238,1,-3,-122
1767173758.196238,3,-1,-118
1767173758.2062385,4,0,-116
1767173758.2162385,5,2,-118
1767173758.2262385,6,2,-127
1767173758.2362382,3,8,-133
1767173758.2462382,7,9,-131
1767173758.2562382,3,9,-128
1767173758.2662382,3,9,-127
1767173758.2762382,4,4,-125
1767173758.2862382,7,3,-125
1767173758.2962382,2,0,-120
1767173758.3062382,1,2,-117
1767173758.3162382,0,6,-118
1767173758.3262382,3,4,-117
1767173758.336238,2,3,-121
1767173758.346238,2,1,-118
1767173758.356238,-1,-2,-115
1767173758.366238,3,-1,-117
1767173758.376238,1,-2,-118
1767173758.386238,2,3,-120
1767173758.396238,-1,1,-120
1767173758.406238,-2,3,-120
1767173758.416238,-1,0,-122
1767173758.426238,2,2,-124
1767173758.436238,5,-1,-124
1767173758.446238,0,-3,-126
1767173758.4562385,-1,-1,-127
1767173758.4662385,-4,0,-124
1767173758.4762385,-6,-5,-121
1767173758.4862382,-8,-3,-124
1767173758.4962382,-8,-1,-123
1767173758.5062382,-2,-7,-120
1767173758.5162382,-3,-8,-121
1767173758.5262382,1,-5,-125
1767173758.5362382,6,-4,-129
1767173758.5462382,4,-2,-131
1767173758.5562382,3,-3,-127
1767173758.5662382,4,-5,-125
1767173758.5762382,5,-4,-125
1767173758.586238,7,-5,-126
1767173758.596238,3,-4,-129
1767173758.606238,-1,-1,-125
1767173758.616238,-2,-2,-126
1767173758.626238,0,-1,-129
1767173758.636238,-2,-7,-135
1767173758.646238,-2,-7,-132
1767173758.656238,-1,-6,-129
1767173758.666238,-1,0,-132
1767173758.676238,-4,-3,-135
1767173758.686238,-2,-4,-128
1767173758.696238,0,-4,-126
1767173758.7062385,3,-4,-125
1767173758.7162385,1,-1,-133
1767173758.7262385,-3,1,-127
1767173758.7362382,3,2,-123
1767173758.7462382,6,1,-124
1767173758.7562382,7,0,-119
1767173758.7662382,6,0,-124
1767173758.7762382,0,-4,-130
1767173758.7862382,0,-8,-127
1767173758.7962382,0,-14,-127
1767173758.8062382,0,-14,-128
1767173758.8162382,2,-10,-125
1767173758.8262382,-2,-3,-123
1767173758.836238,-5,-4,-133
1767173758.846238,-3,-3,-132
1767173758.856238,0,0,-132
1767173758.866238,5,1,-127
1767173758.876238,5,3,-127
1767173758.886238,2,4,-125
1767173758.896238,2,1,-125
1767173758.906238,8,1,-125
1767173758.916238,7,0,-129
1767173758.926238,2,0,-133
1767173758.936238,0,2,-127
1767173758.946238,0,3,-120
1767173758.9562385,0,0,-119
1767173758.9662385,-1,-2,-122
1767173758.9762385,1,-3,-125
1767173758.9862382,2,-7,-126
1767173758.9962382,0,1,-125
1767173759.007238,-4,4,-124
1767173759.0162382,-5,5,-121
1767173759.0262382,-5,3,-122
1767173759.0362382,-8,1,-125
1767173759.047238,-9,0,-124
1767173759.057238,-4,0,-123
1767173759.067238,0,0,-119
1767173759.077238,-2,2,-119
1767173759.087238,-1,3,-122
1767173759.097238,-2,-1,-125
1767173759.107238,0,-3,-126
1767173759.117238,4,1,-127
1767173759.127238,4,0,-124
1767173759.1372385,1,2,-125
1767173759.1472385,1,0,-130
1767173759.1572382,-3,-1,-127
1767173759.1672382,-5,0,-129
1767173759.1772382,-2,-3,-135
1767173759.1872382,3,-3,-139
1767173759.1972382,7,-2,-132
1767173759.2072382,6,0,-133
1767173759.2172382,3,0,-137
1767173759.2272382,3,0,-136
1767173759.2372382,0,1,-140
1767173759.2472382,0,1,-140
1767173759.257238,1,0,-135
1767173759.267238,7,0,-129
1767173759.277238,1,2,-129
1767173759.287238,0,-1,-136
1767173759.297238,3,-4,-134
1767173759.307238,1,-4,-132
1767173759.317238,0,-5,-126
1767173759.327238,-5,-4,-125
1767173759.337238,-5,-2,-132
1767173759.347238,-3,0,-136
1767173759.357238,-2,-2,-135
1767173759.367238,0,-3,-133
1767173759.377238,-1,-2,-132
1767173759.3872385,-2,0,-133
1767173759.3972385,-1,2,-132
1767173759.4072382,-1,1,-130
1767173759.4172382,0,0,-129
1767173759.4272382,1,-2,-125
1767173759.4372382,1,-4,-121
1767173759.4472382,1,-3,-119
1767173759.4572382,0,-1,-122
1767173759.4672382,-4,1,-121
1767173759.4772382,-1,0,-126
1767173759.4872382,0,-1,-120
1767173759.4972382,1,0,-120
1767173759.507238,0,1,-123
1767173759.517238,0,-2,-119
1767173759.527238,-4,-2,-112
1767173759.537238,-7,-4,-111
1767173759.547238,-8,-4,-116
1767173759.557238,-2,-3,-125
1767173759.567238,0,-2,-128
1767173759.577238,1,0,-122
1767173759.587238,0,-1,-118
1767173759.597238,-4,-1,-119
1767173759.607238,-2,-1,-124
1767173759.617238,1,-4,-131
1767173759.627238,2,-2,-134
1767173759.6372385,4,-3,-134
1767173759.6472385,3,-7,-133
1767173759.6572382,2,-1,-133
1767173759.6672382,3,-3,-130
1767173759.6772382,3,0,-133
1767173759.6872382,2,0,-134
1767173759.6972382,5,0,-134
1767173759.7072382,6,1,-130
1767173759.7172382,1,2,-133
1767173759.7272382,-3,-1,-130
1767173759.7372382,-2,-2,-132
1767173759.7472382,-4,-3,-130
1767173759.757238,-4,-3,-132
1767173759.767238,-2,0,-139
1767173759.777238,-1,0,-132
1767173759.787238,-4,2,-133
1767173759.797238,-2,0,-137
1767173759.807238,-3,0,-137
1767173759.817238,-1,-2,-127
1767173759.827238,1,1,-121
1767173759.837238,3,1,-125
1767173759.847238,2,1,-126
1767173759.857238,0,0,-127
1767173759.867238,-3,-1,-123
1767173759.877238,-4,-1,-124
1767173759.8872385,0,-2,-119
1767173759.8972385,2,-4,-118
1767173759.9072382,-6,-2,-115
1767173759.9172382,-8,-2,-118
1767173759.9272382,-7,-4,-121
1767173759.9372382,-5,-8,-122
1767173759.9472382,-4,-7,-130
1767173759.9572382,-6,-1,-133
1767173759.9672382,-3,-2,-127
1767173759.9772382,0,-5,-125
1767173759.9872382,1,-7,-126
1767173759.9972382,1,-6,-126
1767173760.007238,3,-8,-123
1767173760.017238,2,-7,-128
1767173760.027238,-1,-4,-134
1767173760.037238,0,-3,-130
1767173760.047238,-6,-1,-130
1767173760.057238,-3,0,-131
1767173760.067238,-5,0,-120
1767173760.077238,-9,0,-115
1767173760.087238,-6,-5,-115
1767173760.097238,-4,-5,-121
1767173760.107238,-2,-6,-122
1767173760.117238,0,-1,-120
1767173760.127238,-2,-1,-121
1767173760.1372385,-3,-1,-124
1767173760.1472385,-5,-3,-129
1767173760.1572382,-8,-3,-123
1767173760.1672382,-4,-4,-124
1767173760.1772382,-4,-4,-127
1767173760.1872382,-5,-1,-131
1767173760.1972382,-6,2,-132
1767173760.2072382,-5,4,-135
1767173760.2172382,-3,3,-135
1767173760.2272382,-4,2,-135
1767173760.2372382,-4,5,-130
1767173760.2472382,-4,-1,-134
1767173760.257238,-3,-1,-134
1767173760.267238,-5,-2,-132
1767173760.277238,-3,-2,-123
1767173760.287238,3,-3,-126
1767173760.297238,0,-4,-124
1767173760.307238,0,-4,-122
1767173760.317238,-5,0,-116
1767173760.327238,-5,0,-120
1767173760.337238,-4,0,-126
1767173760.347238,-1,-3,-129
1767173760.357238,-4,-1,-131
1767173760.367238,-7,-4,-122
1767173760.377238,-10,-3,-122
1767173760.3872385,-10,-2,-128
1767173760.3972385,-8,0,-123
1767173760.4072382,-3,2,-122
1767173760.4172382,-2,1,-131
1767173760.4272382,-3,0,-132
1767173760.4372382,1,0,-126
1767173760.4472382,0,-4,-122
1767173760.4572382,1,-4,-121
1767173760.4672382,0,-4,-122
1767173760.4772382,1,-6,-127
1767173760.4872382,3,-6,-123
1767173760.4972382,1,-4,-123
1767173760.507238,5,-2,-118
1767173760.517238,1,-2,-117
1767173760.527238,3,-1,-119
1767173760.537238,6,0,-120
1767173760.547238,7,-2,-125
1767173760.557238,5,0,-123
1767173760.567238,1,-1,-127
1767173760.577238,0,0,-126
1767173760.587238,0,1,-125
1767173760.597238,1,1,-127
1767173760.607238,5,0,-127
1767173760.617238,5,0,-122
1767173760.627238,7,-2,-119
1767173760.6372385,0,-2,-125
1767173760.6472385,-4,-3,-129
1767173760.6572382,-4,-2,-126
1767173760.6672382,2,-6,-127
1767173760.6772382,-1,-6,-126
1767173760.6872382,-1,-5,-119
1767173760.6972382,-3,-8,-118
1767173760.7072382,-5,-7,-123
1767173760.7172382,2,-6,-118
1767173760.7272382,3,-1,-121
1767173760.7372382,3,-2,-123
1767173760.7472382,0,-5,-126
1767173760.757238,-2,-3,-122
1767173760.767238,1,-4,-122
1767173760.777238,3,-3,-120
1767173760.787238,0,-1,-119
1767173760.797238,0,0,-122
1767173760.807238,0,0,-123
1767173760.817238,2,2,-129
1767173760.827238,2,0,-126
1767173760.837238,1,1,-125
1767173760.847238,4,-1,-128
1767173760.857238,9,-4,-128
1767173760.867238,5,-1,-129
1767173760.877238,0,4,-132
1767173760.8872385,0,0,-134
1767173760.8972385,-1,-2,-134
1767173760.9072382,0,-5,-134
1767173760.9172382,0,-5,-129
1767173760.9272382,-5,-5,-120
1767173760.9372382,0,-9,-122
1767173760.9472382,3,-8,-126
1767173760.9572382,5,-6,-125
1767173760.9672382,3,-7,-120
1767173760.9772382,2,-6,-124
1767173760.9872382,3,-2,-125
1767173760.9972382,8,-2,-122
1767173761.007238,10,0,-122
1767173761.017238,11,-3,-125
1767173761.027238,8,-1,-121
1767173761.037238,9,-2,-122
1767173761.047238,12,-2,-128
1767173761.057238,7,-6,-133
1767173761.067238,6,-4,-136
1767173761.077238,0,-5,-137
1767173761.087238,0,-6,-139
1767173761.097238,2,-7,-138
1767173761.107238,4,-5,-131
1767173761.117238,4,0,-128
1767173761.127238,4,0,-127
1767173761.1372385,4,-1,-124
1767173761.1472385,2,0,-115
1767173761.1572382,0,0,-109
1767173761.1672382,-4,0,-113
1767173761.1772382,2,3,-121
1767173761.1872382,5,-2,-123
1767173761.1972382,3,1,-128
1767173761.2072382,0,3,-128
1767173761.2172382,2,5,-126
1767173761.2272382,5,3,-125
1767173761.2372382,0,2,-127
1767173761.2472382,1,-1,-124
1767173761.257238,0,-7,-123
1767173761.267238,-5,-1,-117
1767173761.277238,-3,-1,-117
1767173761.287238,0,-1,-120
1767173761.297238,-2,-4,-125
1767173761.307238,-6,-2,-126
1767173761.317238,-4,-4,-121
1767173761.327238,-1,-3,-123
1767173761.337238,-1,-1,-119
1767173761.347238,0,-1,-117
1767173761.357238,0,-7,-121
1767173761.367238,0,-7,-119
1767173761.377238,0,-2,-120
1767173761.3872385,-2,0,-122
1767173761.3972385,-7,0,-120
1767173761.4072382,-9,0,-131
1767173761.4172382,-6,-2,-134
1767173761.4272382,-3,-5,-125
1767173761.4372382,-3,-2,-119
1767173761.4472382,-10,-3,-117
1767173761.4572382,-8,-4,-113
1767173761.4672382,-6,-5,-117
1767173761.4772382,-7,-1,-123
1767173761.4872382,-7,1,-127
1767173761.4972382,-6,2,-121
1767173761.507238,-7,2,-122
1767173761.517238,0,1,-124
1767173761.527238,2,2,-119
1767173761.537238,0,0,-114
1767173761.547238,5,-5,-117
1767173761.557238,3,-6,-122
1767173761.5792382,0,-8,-129
1767173761.587238,1,-8,-134
1767173761.597238,0,-9,-136
1767173761.607238,1,-10,-135
1767173761.617238,-1,-9,-135
1767173761.627238,-7,-8,-138
1767173761.6372385,-7,-5,-136
1767173761.6472385,-6,-8,-138
1767173761.6572382,-2,-8,-133
1767173761.6672382,0,-10,-128
1767173761.6772382,0,-11,-130
1767173761.6872382,-2,-10,-126
1767173761.698238,-4,-7,-132
1767173761.708238,-2,-1,-134
1767173761.718238,1,0,-130
1767173761.728238,3,0,-129
1767173761.738238,0,-3,-121
1767173761.748238,0,-6,-118
1767173761.758238,0,-4,-123
1767173761.768238,0,-3,-130
1767173761.778238,-1,-4,-126
1767173761.788238,2,-6,-124
1767173761.798238,0,-4,-125
1767173761.8082385,-2,-7,-126
1767173761.8182385,-2,-6,-130
1767173761.8282382,-2,-6,-127
1767173761.8382382,0,-4,-129
1767173761.8482382,1,-1,-124
1767173761.8582382,0,-2,-120
1767173761.8682382,-4,0,-124
1767173761.8782382,-3,3,-122
1767173761.8882382,0,0,-122
1767173761.8982382,-1,0,-115
1767173761.9082382,-2,3,-119
1767173761.9182382,-2,2,-123
1767173761.9282382,2,2,-124
1767173761.938238,0,2,-124
1767173761.948238,-1,0,-127
1767173761.958238,-2,0,-121
1767173761.968238,-8,-1,-121
1767173761.978238,0,0,-122
1767173761.988238,0,0,-118
1767173761.998238,0,-1,-116
1767173762.008238,-2,-2,-114
1767173762.018238,-1,-3,-113
1767173762.028238,2,-2,-118
1767173762.038238,3,0,-118
1767173762.048238,4,-4,-118
1767173762.0582385,9,-5,-115
1767173762.0682385,10,-5,-114
1767173762.0782382,11,-3,-120
1767173762.0882382,11,-4,-123
1767173762.0982382,6,-4,-122
1767173762.1082382,2,0,-126
1767173762.1182382,0,4,-123
1767173762.1282382,-3,4,-126
1767173762.1382382,-6,4,-122
1767173762.1482382,-3,-1,-123
1767173762.1582382,0,-5,-120
1767173762.1682382,-1,-5,-119
1767173762.1782382,0,-8,-121
1767173762.188238,5,-9,-122
1767173762.198238,8,-8,-124
1767173762.208238,4,-5,-126
1767173762.218238,8,0,-124
1767173762.228238,3,0,-128
1767173762.238238,0,0,-131
1767173762.248238,-2,-1,-126
1767173762.2592382,-7,2,-130
1767173762.268238,-7,3,-136
1767173762.278238,-5,0,-129
1767173762.288238,0,-2,-122
1767173762.298238,0,0,-121
1767173762.3082385,2,-1,-127
1767173762.3182385,4,0,-126
1767173762.3282382,6,-2,-125
1767173762.3382382,7,-2,-119
1767173762.3482382,8,-3,-126
1767173762.3582382,4,-1,-124
1767173762.3682382,3,0,-126
1767173762.3782382,7,-3,-132
1767173762.3882382,3,-5,-123
1767173762.3982382,3,-5,-128
1767173762.4082382,2,-6,-124
1767173762.4182382,5,-5,-128
1767173762.4282382,1,-3,-128
1767173762.438238,1,-5,-125
1767173762.448238,0,-2,-122
1767173762.458238,-2,0,-116
1767173762.468238,0,-2,-117
1767173762.478238,-1,0,-119
1767173762.488238,1,-2,-119
1767173762.498238,-1,0,-122
1767173762.508238,-1,0,-124
1767173762.518238,-3,-1,-124
1767173762.528238,-3,-1,-127
1767173762.538238,-5,-3,-130
1767173762.548238,-2,-7,-131
1767173762.5582385,2,-7,-134
1767173762.5682385,1,-9,-134
1767173762.5782382,0,-9,-133
1767173762.5882382,1,-10,-133
1767173762.5982382,0,-9,-133
1767173762.6082382,-1,-10,-130
1767173762.6182382,-5,-8,-123
1767173762.6282382,-3,-3,-121
1767173762.6382382,-5,-1,-126
1767173762.6482382,-5,0,-126
1767173762.6582382,-6,2,-125
1767173762.6682382,-3,3,-123
1767173762.6782382,-7,4,-125
1767173762.688238,-9,5,-119
1767173762.698238,-9,2,-118
1767173762.708238,-10,0,-117
1767173762.718238,-9,0,-117
1767173762.728238,-6,1,-120
1767173762.738238,-5,1,-119
1767173762.748238,-4,4,-120
1767173762.758238,-4,3,-121
1767173762.768238,-6,-1,-118
1767173762.778238,-4,0,-114
1767173762.788238,-3,1,-114
1767173762.798238,1,3,-124
1767173762.8082385,3,4,-124
1767173762.8182385,0,3,-120
1767173762.8282382,-2,1,-129
1767173762.8382382,-8,-1,-128
1767173762.8482382,-7,-1,-127
1767173762.8582382,-3,0,-127
1767173762.8682382,0,2,-118
1767173762.8782382,0,0,-123
1767173762.8882382,0,-6,-117
1767173762.8982382,0,-8,-120
1767173762.9082382,-3,-2,-118
1767173762.9182382,-4,-2,-127
1767173762.9282382,-6,-3,-120
1767173762.938238,0,-3,-118
1767173762.948238,0,-4,-115
1767173762.958238,-1,-3,-112
1767173762.968238,-1,-6,-105
1767173762.978238,1,-6,-104
1767173762.988238,2,-5,-102
1767173762.998238,3,-7,-109
1767173763.008238,-3,-5,-117
1767173763.018238,-4,-1,-113
1767173763.028238,-5,-1,-124
1767173763.038238,-2,2,-126
1767173763.048238,0,3,-122
1767173763.0582385,0,2,-125
1767173763.0682385,1,0,-125
1767173763.0782382,-1,-1,-128
1767173763.0882382,-1,-2,-127
1767173763.0982382,2,-2,-119
1767173763.1082382,5,0,-118
1767173763.1182382,0,0,-123
1767173763.1282382,2,-2,-120
1767173763.1382382,3,-6,-116
1767173763.1482382,4,-6,-115
1767173763.1582382,1,-3,-120
1767173763.1682382,1,-2,-122
1767173763.1782382,-3,-4,-125
1767173763.188238,-2,-4,-120
1767173763.198238,-2,0,-115
1767173763.208238,-4,-3,-119
1767173763.218238,-11,-3,-127
1767173763.228238,-10,-5,-130
1767173763.238238,-7,-5,-123
1767173763.248238,-4,-5,-121
1767173763.258238,-3,-6,-119
1767173763.268238,3,-2,-127
1767173763.278238,-1,-6,-131
1767173763.288238,0,-2,-128
1767173763.298238,0,-5,-133
1767173763.3082385,1,-11,-133
1767173763.3182385,6,-11,-134
1767173763.3282382,1,-12,-134
1767173763.3382382,0,-9,-129
1767173763.3482382,2,-3,-128
1767173763.3582382,0,-3,-123
1767173763.3682382,0,-2,-122
1767173763.3782382,3,-1,-125
1767173763.3882382,7,3,-126
1767173763.3982382,0,1,-127
1767173763.4082382,3,0,-125
1767173763.4182382,2,0,-127
1767173763.4282382,4,1,-132
1767173763.438238,4,3,-133
1767173763.448238,2,6,-131
1767173763.458238,0,6,-132
1767173763.468238,0,6,-128
1767173763.478238,2,4,-124
1767173763.488238,3,6,-124
1767173763.498238,5,4,-124
1767173763.508238,7,5,-125
1767173763.518238,10,2,-127
1767173763.528238,8,-1,-123
1767173763.538238,10,1,-118
1767173763.548238,10,0,-120
1767173763.5582385,4,-2,-125
1767173763.5682385,5,-1,-120
1767173763.5782382,5,0,-124
1767173763.5882382,3,-1,-127
1767173763.5982382,3,0,-129
1767173763.6082382,3,0,-131
1767173763.6182382,5,0,-131
1767173763.6282382,0,0,-135
1767173763.6382382,0,0,-136
1767173763.6482382,-6,-2,-132
1767173763.6582382,-3,0,-133
1767173763.6682382,0,-1,-133
1767173763.6782382,0,1,-136
1767173763.688238,2,1,-136
1767173763.698238,3,-4,-140
1767173763.708238,3,-4,-138
1767173763.718238,1,-2,-138
1767173763.728238,2,-5,-138
1767173763.738238,3,-5,-130
1767173763.748238,5,0,-131
1767173763.758238,3,1,-136
1767173763.768238,3,0,-130
1767173763.778238,7,3,-128
1767173763.788238,4,1,-131
1767173763.798238,3,-1,-132
1767173763.8082385,2,-1,-131
1767173763.8182385,1,-5,-130
1767173763.8282382,-1,-7,-128
1767173763.8382382,-1,0,-126
1767173763.8482382,-1,0,-124
1767173763.8582382,0,0,-134
1767173763.8682382,2,1,-133
1767173763.8782382,-1,3,-131
1767173763.8882382,1,1,-125
1767173763.8982382,5,6,-122
1767173763.9082382,7,5,-123
1767173763.9182382,5,3,-119
1767173763.9282382,5,4,-118
1767173763.938238,7,4,-127
1767173763.948238,5,3,-128
1767173763.958238,3,1,-126
1767173763.968238,0,-1,-127
1767173763.978238,0,-3,-127
1767173763.988238,1,-3,-127
1767173763.998238,1,-3,-131
1767173764.008238,2,-2,-130
1767173764.018238,2,0,-133
1767173764.028238,6,0,-134
1767173764.038238,0,-1,-140
1767173764.048238,0,3,-138
1767173764.0582385,-3,4,-129
1767173764.0682385,-1,4,-123
1767173764.0782382,1,3,-119
1767173764.0882382,3,7,-118
1767173764.0982382,4,4,-123
1767173764.1082382,2,1,-122
1767173764.1182382,3,-1,-125
1767173764.1282382,4,-1,-122
1767173764.1382382,1,-5,-124
1767173764.1482382,-2,-3,-128
1767173764.1582382,-5,-2,-133
1767173764.1682382,-7,-1,-132
1767173764.1782382,-5,0,-134
1767173764.188238,-1,1,-134
1767173764.198238,-2,2,-141
1767173764.208238,-2,-2,-138
1767173764.218238,-3,-4,-133
1767173764.228238,-6,-7,-126
1767173764.238238,-7,-7,-125
1767173764.248238,-8,-6,-126
1767173764.258238,-10,-8,-128
1767173764.268238,-10,-6,-126
1767173764.278238,-8,-5,-124
1767173764.288238,-6,0,-126
1767173764.298238,-8,0,-129
1767173764.3082385,-5,-4,-126
1767173764.3192382,-1,-4,-118
1767173764.3292382,0,-5,-120
1767173764.3392382,1,-7,-127
1767173764.3492382,0,-9,-133
1767173764.359238,0,-8,-140
1767173764.369238,1,-10,-137
1767173764.379238,2,-13,-131
1767173764.389238,1,-13,-129
1767173764.399238,0,-6,-124
1767173764.409238,-1,-6,-129
1767173764.419238,0,-4,-125
1767173764.429238,-2,-3,-124
1767173764.439238,4,-7,-126
1767173764.449238,4,-3,-126
1767173764.459238,4,-1,-126
1767173764.469238,5,0,-120
1767173764.4792385,4,2,-125
1767173764.4892385,0,6,-129
1767173764.4992385,1,2,-133
1767173764.5092382,4,2,-136
1767173764.5192382,8,3,-140
1767173764.5292382,8,3,-135
1767173764.5392382,8,0,-138
1767173764.5492382,4,1,-138
1767173764.5592382,3,1,-131
1767173764.5692382,4,-1,-129
1767173764.5792382,3,-3,-131
1767173764.5892382,6,-5,-134
1767173764.5992382,5,-7,-135
1767173764.609238,2,-4,-129
1767173764.619238,3,-3,-126
1767173764.629238,1,-5,-119
1767173764.639238,0,-5,-116
1767173764.649238,0,-4,-114
1767173764.659238,0,-4,-117
1767173764.669238,0,-4,-121
1767173764.679238,0,-3,-127
1767173764.689238,-2,-3,-127
1767173764.699238,-3,-1,-127
1767173764.709238,2,0,-128
1767173764.719238,0,-1,-126
1767173764.7292385,-2,-2,-127
1767173764.7392385,-1,-3,-131
1767173764.7492385,-1,-1,-132
1767173764.7592382,-4,-4,-132
1767173764.7692382,-2,-4,-133
1767173764.7792382,-2,-1,-132
1767173764.7892382,-1,1,-135
1767173764.7992382,-4,0,-136
1767173764.8092382,-8,-4,-135
1767173764.8192382,-8,-5,-137
1767173764.8292382,-8,-6,-140
1767173764.8392382,-9,-8,-134
1767173764.8492382,-5,-6,-134
1767173764.859238,-3,-3,-134
1767173764.869238,-3,-3,-128
1767173764.879238,-2,-2,-125
1767173764.889238,0,-2,-126
1767173764.899238,0,-6,-130
1767173764.909238,4,-8,-122
1767173764.919238,4,-13,-121
1767173764.929238,6,-12,-119
1767173764.939238,8,-6,-115
1767173764.949238,4,-5,-117
1767173764.959238,2,-4,-123
1767173764.969238,-1,-6,-129
1767173764.9792385,-5,-5,-128
1767173764.9892385,-2,-5,-128
1767173764.9992385,-3,-1,-128
1767173765.0092382,-2,1,-133
1767173765.0192382,3,0,-132
1767173765.0292382,2,0,-129
1767173765.0392382,-1,-3,-130
1767173765.0492382,-3,-4,-135
1767173765.0592382,-1,-7,-132
1767173765.0692382,-3,-9,-137
1767173765.0792382,-3,-5,-136
1767173765.0892382,-2,-3,-132
1767173765.0992382,2,-4,-130
1767173765.109238,3,-5,-136
1767173765.119238,1,-8,-138
1767173765.129238,2,-5,-133
1767173765.139238,2,-7,-133
1767173765.149238,1,-6,-133
1767173765.159238,0,-7,-131
1767173765.169238,0,-4,-122
1767173765.179238,2,0,-122
1767173765.189238,4,-1,-127
1767173765.199238,6,-3,-126
1767173765.209238,8,-5,-125
1767173765.219238,11,-7,-129
1767173765.2292385,11,-3,-126
1767173765.2392385,14,0,-125
1767173765.2492385,12,-3,-127
1767173765.2592382,10,-2,-131
1767173765.2692382,7,-4,-124
1767173765.2792382,6,-8,-122
1767173765.2892382,4,-13,-123
1767173765.2992382,3,-9,-122
1767173765.3092382,4,-9,-119
1767173765.3192382,3,-10,-124
1767173765.3292382,0,-10,-121
1767173765.3392382,-2,-7,-135
1767173765.3492382,1,-10,-137
1767173765.359238,0,-12,-134
1767173765.369238,0,-8,-126
1767173765.379238,-2,-6,-123
1767173765.389238,-2,-4,-123
1767173765.399238,-4,-4,-118
1767173765.409238,-1,-4,-115
1767173765.419238,-4,-4,-110
1767173765.429238,-2,-2,-112
1767173765.439238,1,0,-121
1767173765.449238,-2,0,-123
1767173765.459238,-3,-3,-125
1767173765.469238,-2,0,-129
1767173765.4792385,-1,1,-129
1767173765.4892385,0,3,-129
1767173765.4992385,0,2,-129
1767173765.5092382,-1,0,-133
1767173765.5192382,0,4,-129
1767173765.5292382,-1,6,-125
1767173765.5392382,0,4,-129
1767173765.5492382,0,0,-140
1767173765.5592382,1,0,-134
1767173765.5692382,0,-2,-130
1767173765.5792382,-2,-2,-128
1767173765.5892382,-2,-5,-128
1767173765.5992382,-2,-6,-130
1767173765.609238,-3,-6,-127
1767173765.619238,4,-3,-123
1767173765.629238,5,-3,-133
1767173765.639238,3,-2,-130
1767173765.649238,1,0,-131
1767173765.659238,-2,-3,-132
1767173765.669238,2,-3,-127
1767173765.679238,1,-1,-125
1767173765.689238,-2,-1,-128
1767173765.699238,-2,-3,-124
1767173765.709238,0,-8,-122
1767173765.719238,2,-9,-126
1767173765.7292385,0,-8,-127
1767173765.7392385,0,-8,-126
1767173765.7492385,0,-8,-128
1767173765.7592382,3,-7,-124
1767173765.7692382,5,-9,-129
1767173765.7792382,0,-9,-123
1767173765.7892382,2,-8,-124
1767173765.7992382,3,-4,-128
1767173765.8092382,7,-5,-125
1767173765.8192382,6,-1,-122
1767173765.8292382,8,-3,-117
1767173765.8392382,7,-3,-122
1767173765.8492382,10,-1,-131
1767173765.859238,8,-5,-135
1767173765.869238,7,-4,-128
1767173765.879238,5,-3,-125
1767173765.889238,9,-4,-127
1767173765.899238,11,-3,-131
1767173765.909238,9,1,-128
1767173765.919238,7,2,-127
1767173765.929238,-2,1,-128
1767173765.939238,-6,-2,-133
1767173765.949238,-4,-6,-127
1767173765.959238,0,-9,-126
1767173765.969238,-1,-5,-125
1767173765.9792385,-2,-2,-124
1767173765.9892385,0,0,-120
1767173765.9992385,2,-3,-123
1767173766.0092382,3,-5,-122
1767173766.0192382,5,-4,-124
1767173766.0292382,-1,0,-124
1767173766.0392382,-6,-2,-126
1767173766.0492382,-5,-5,-124
1767173766.0592382,-3,-7,-124
1767173766.0692382,-2,-4,-129
1767173766.0792382,-3,-6,-123
1767173766.0892382,0,-5,-121
1767173766.0992382,-2,-1,-122
1767173766.109238,-2,-4,-119
1767173766.119238,-4,-9,-125
1767173766.129238,-5,-9,-120
1767173766.139238,-2,-8,-125
1767173766.149238,-2,-4,-123
1767173766.159238,1,-6,-130
1767173766.169238,0,-4,-136
1767173766.179238,-1,-4,-133
1767173766.189238,1,-7,-133
1767173766.199238,3,-5,-132
1767173766.209238,1,-6,-127
1767173766.219238,2,-3,-128
1767173766.2292385,7,0,-131
1767173766.2392385,5,0,-134
1767173766.2492385,-3,-3,-140
1767173766.2592382,-3,-7,-134
1767173766.2692382,-6,-8,-129
1767173766.2792382,-5,-6,-128
1767173766.2892382,-3,-5,-129
1767173766.2992382,-3,-3,-121
1767173766.3092382,-4,-3,-128
1767173766.3192382,-7,-4,-129
1767173766.3292382,-9,-1,-130
1767173766.3392382,-8,-1,-134
1767173766.3492382,-2,-3,-130
1767173766.359238,-6,-5,-128
1767173766.369238,-6,-6,-125
1767173766.379238,-7,-6,-131
1767173766.389238,-3,-1,-128
1767173766.399238,0,2,-133
1767173766.409238,3,1,-135
1767173766.419238,2,1,-139
1767173766.429238,6,-1,-133
1767173766.439238,4,-6,-131
1767173766.449238,2,-9,-125
1767173766.459238,2,-7,-124
1767173766.469238,0,-4,-125
1767173766.4792385,-2,-1,-130
1767173766.4892385,-1,-3,-129
1767173766.4992385,-1,-7,-131
1767173766.5092382,1,-6,-132
1767173766.5192382,2,-9,-131
1767173766.5292382,3,-8,-132
1767173766.5392382,2,-5,-130
1767173766.5492382,1,-2,-130
1767173766.5592382,0,-2,-129
1767173766.5692382,3,0,-124
1767173766.5912385,1,-3,-119
1767173766.5992382,-1,-1,-122
1767173766.609238,-4,-3,-123
1767173766.619238,-4,-6,-125
1767173766.629238,-6,0,-128
1767173766.639238,-2,1,-129
1767173766.649238,-2,-1,-124
1767173766.659238,-5,0,-126
1767173766.669238,-1,2,-133
1767173766.679238,-1,1,-130
1767173766.689238,0,0,-136
1767173766.699238,0,-6,-138
1767173766.709238,0,-4,-134
1767173766.719238,-1,2,-135
1767173766.7292385,0,1,-137
1767173766.7392385,0,2,-135
1767173766.7492385,-2,1,-140
1767173766.7592382,1,-1,-144
1767173766.7692382,2,2,-141
1767173766.7792382,6,1,-142
1767173766.7892382,7,1,-141
1767173766.7992382,0,-2,-142
1767173766.8092382,-2,-5,-141
1767173766.8192382,2,-6,-140
1767173766.8292382,0,0,-130
1767173766.8392382,0,-2,-129
1767173766.8492382,-1,-4,-131
1767173766.859238,-2,-8,-131
1767173766.869238,-5,-10,-133
1767173766.879238,-6,-8,-129
1767173766.889238,-2,-7,-128
1767173766.899238,0,-13,-134
1767173766.909238,-1,-13,-131
1767173766.919238,-3,-12,-128
1767173766.9302382,1,-12,-133
1767173766.9402382,0,-10,-131
1767173766.9502382,1,-8,-128
1767173766.9602382,-2,-7,-134
1767173766.969238,0,-7,-139
1767173766.9802382,-3,-3,-131
1767173766.9902382,-1,-4,-131
1767173767.0002382,1,-3,-131
1767173767.0102382,4,-2,-133
1767173767.0202382,3,-1,-130
1767173767.0302382,4,2,-132
1767173767.040238,2,5,-133
1767173767.050238,3,5,-132
1767173767.060238,5,1,-130
1767173767.070238,4,-3,-126
1767173767.080238,5,-5,-124
1767173767.090238,3,-6,-131
1767173767.100238,2,2,-125
1767173767.110238,1,1,-118
1767173767.120238,-4,-2,-118
1767173767.130238,-4,-5,-124
1767173767.140238,-3,-3,-124
1767173767.150238,-3,0,-127
1767173767.1602385,0,-5,-131
1767173767.1702385,0,-3,-124
1767173767.1802382,2,-1,-125
1767173767.1902382,1,-1,-122
1767173767.2002382,2,0,-119
1767173767.2102382,2,0,-113
1767173767.2202382,6,1,-109
1767173767.2302382,7,0,-112
1767173767.2402382,6,-2,-114
1767173767.2502382,3,-1,-120
1767173767.2602382,0,-1,-120
1767173767.2702382,0,-1,-119
1767173767.2802382,4,0,-125
1767173767.290238,3,-1,-129
1767173767.300238,7,1,-126
1767173767.310238,5,0,-130
1767173767.320238,-1,-1,-125
1767173767.330238,-2,0,-128
1767173767.340238,0,-1,-130
1767173767.350238,0,-5,-126
1767173767.360238,0,-1,-129
1767173767.370238,-3,1,-131
1767173767.380238,-8,-3,-134
1767173767.390238,-5,-1,-132
1767173767.400238,-4,0,-128
1767173767.4102385,-6,-3,-123
1767173767.4202385,-6,-5,-122
1767173767.4302382,-6,0,-123
1767173767.4402382,-3,-4,-117
1767173767.4502382,-1,-1,-116
1767173767.4602382,0,-4,-126
1767173767.4702382,0,-4,-122
1767173767.4802382,3,-8,-126
1767173767.4902382,5,-13,-129
1767173767.5002382,3,-9,-139
1767173767.5102382,-1,-7,-140
1767173767.5202382,3,-9,-134
1767173767.5302382,4,-3,-132
1767173767.540238,3,-2,-131
1767173767.550238,4,2,-131
1767173767.560238,0,3,-129
1767173767.570238,0,3,-132
1767173767.580238,-2,0,-135
1767173767.590238,-3,-1,-136
1767173767.600238,0,-2,-131
1767173767.610238,0,-1,-129
1767173767.620238,0,1,-132
1767173767.630238,-1,3,-131
1767173767.640238,2,-4,-126
1767173767.650238,4,-3,-127
1767173767.6602385,-2,-1,-124
1767173767.6702385,-3,-2,-121
1767173767.6802382,-4,-2,-115
1767173767.6902382,-4,-4,-117
1767173767.7002382,-3,-2,-121
1767173767.7102382,0,-2,-126
1767173767.7202382,6,-3,-128
1767173767.7302382,7,-4,-130
1767173767.7402382,9,0,-130
1767173767.7502382,5,0,-128
1767173767.7602382,-1,2,-126
1767173767.7702382,0,0,-130
1767173767.7802382,2,0,-129
1767173767.790238,-3,-3,-127
1767173767.800238,-6,-4,-133
1767173767.810238,-8,-5,-132
1767173767.820238,-9,-6,-124
1767173767.830238,-6,-10,-119
1767173767.840238,-8,-5,-121
1767173767.850238,-1,-5,-116
1767173767.860238,-1,-8,-119
1767173767.870238,0,-7,-121
1767173767.880238,-1,-10,-120
1767173767.890238,-2,-10,-127
1767173767.900238,-3,-7,-130
1767173767.9102385,0,-7,-134
1767173767.9202385,2,-5,-132
1767173767.9302382,1,-4,-132
1767173767.9402382,3,-7,-137
1767173767.9502382,7,-7,-128
1767173767.9602382,8,-5,-124
1767173767.9702382,6,-4,-129
1767173767.9802382,5,-1,-137
1767173767.9902382,4,0,-130
1767173768.0002382,3,1,-132
1767173768.0102382,3,-3,-129
1767173768.0202382,1,-6,-126
1767173768.0302382,-4,-7,-124
1767173768.040238,-3,-7,-123
1767173768.050238,0,-4,-122
1767173768.060238,0,-6,-118
1767173768.070238,1,-4,-123
1767173768.080238,3,-1,-124
1767173768.090238,5,-1,-125
1767173768.100238,2,-2,-116
1767173768.110238,0,-4,-116
1767173768.120238,-1,-4,-117
1767173768.130238,-5,-4,-118
1767173768.140238,-1,0,-117
1767173768.150238,1,1,-126
1767173768.1602385,-1,0,-124
1767173768.1702385,-4,3,-118
1767173768.1802382,-3,6,-117
1767173768.1902382,-1,7,-116
1767173768.2002382,-1,4,-117
1767173768.2102382,-3,0,-124
1767173768.2202382,-4,-2,-126
1767173768.2302382,1,1,-133
1767173768.2402382,2,3,-133
1767173768.2502382,1,0,-131
1767173768.2602382,1,-2,-127
1767173768.2702382,7,0,-121
1767173768.2802382,6,-2,-122
1767173768.290238,4,-3,-117
1767173768.300238,5,-3,-118
1767173768.310238,1,-1,-124
1767173768.320238,-2,0,-129
1767173768.330238,5,0,-123
1767173768.340238,5,-5,-121
1767173768.350238,0,-6,-119
1767173768.360238,-2,0,-118
1767173768.370238,-2,-1,-118
1767173768.380238,-2,-3,-123
1767173768.390238,1,-3,-125
1767173768.400238,2,-7,-131
1767173768.4102385,4,-7,-127
1767173768.4202385,5,-4,-114
1767173768.4302382,0,-2,-110
1767173768.4402382,0,-1,-115
1767173768.4502382,5,0,-117
1767173768.4602382,6,2,-125
1767173768.4702382,4,0,-124
1767173768.4802382,2,-1,-119
1767173768.4902382,2,0,-122
1767173768.5002382,0,1,-124
1767173768.5102382,-1,-1,-123
1767173768.5202382,-3,-3,-129
1767173768.5302382,-2,-3,-126
1767173768.540238,-1,2,-126
1767173768.550238,0,-2,-125
1767173768.560238,-3,-2,-130
1767173768.570238,-2,0,-135
1767173768.580238,-2,0,-132
1767173768.590238,-1,1,-135
1767173768.600238,-4,8,-139
1767173768.610238,-5,7,-138
1767173768.620238,-3,7,-135
1767173768.630238,-4,8,-132
1767173768.640238,-5,5,-136
1767173768.650238,-1,0,-133
1767173768.6602385,0,-4,-124
1767173768.6702385,-2,-1,-122
1767173768.6802382,-1,2,-127
1767173768.6902382,-4,4,-120
1767173768.7002382,-6,5,-114
1767173768.7102382,-5,4,-121
1767173768.7202382,-3,1,-121
1767173768.7302382,-3,-1,-122
1767173768.7402382,-4,-6,-127
1767173768.7502382,-2,-4,-132
1767173768.7602382,0,-1,-133
1767173768.7702382,3,-3,-136
1767173768.7802382,0,-3,-135
1767173768.790238,0,-3,-132
1767173768.800238,1,-3,-132
1767173768.810238,1,-2,-129
1767173768.820238,7,-5,-134
1767173768.830238,6,-6,-135
1767173768.840238,2,-5,-137
1767173768.850238,2,-2,-135
1767173768.860238,1,-5,-135
1767173768.870238,1,-6,-135
1767173768.880238,1,-8,-136
1767173768.890238,3,-12,-136
1767173768.900238,0,-4,-141
1767173768.9102385,0,-9,-141
1767173768.9202385,0,-5,-130
1767173768.9302382,-1,-4,-124
1767173768.9402382,0,-1,-122
1767173768.9502382,-3,1,-124
1767173768.9602382,-1,0,-121
1767173768.9702382,0,-3,-119
1767173768.9802382,-2,-6,-116
1767173768.9902382,0,-4,-114
1767173769.0002382,3,-4,-111
1767173769.0102382,0,-6,-118
1767173769.0202382,-3,-8,-118
1767173769.0302382,-6,-7,-125
1767173769.040238,-2,-4,-120
1767173769.050238,0,0,-123
1767173769.060238,5,0,-123
1767173769.070238,5,1,-122
1767173769.080238,5,2,-124
1767173769.090238,2,1,-122
1767173769.100238,3,0,-123
1767173769.110238,3,3,-130
1767173769.120238,0,2,-129
1767173769.130238,0,1,-127
1767173769.140238,1,2,-126
1767173769.150238,0,2,-130
1767173769.1602385,0,-2,-130
1767173769.1702385,1,-1,-128
1767173769.1802382,0,0,-132
1767173769.1902382,-4,0,-135
1767173769.2002382,-6,-3,-137
1767173769.2102382,-3,-4,-138
1767173769.2202382,0,-6,-135
1767173769.2302382,0,-3,-129
1767173769.2402382,0,-6,-128
1767173769.2502382,0,-5,-126
1767173769.2602382,-3,-5,-126
1767173769.2702382,-1,-2,-124
1767173769.2802382,-1,-1,-124
1767173769.290238,0,0,-125
1767173769.300238,1,1,-130
1767173769.310238,1,0,-129
1767173769.320238,2,1,-130
1767173769.330238,4,1,-126
1767173769.340238,1,2,-131
1767173769.350238,4,0,-129
1767173769.360238,8,-1,-128
1767173769.370238,5,3,-123
1767173769.380238,7,2,-123
1767173769.390238,11,2,-131
1767173769.400238,11,3,-131
1767173769.4102385,12,0,-129
1767173769.4202385,6,-4,-127
1767173769.4302382,8,0,-124
1767173769.4402382,5,-1,-123
1767173769.4502382,2,-3,-121
1767173769.4602382,0,0,-134
1767173769.4702382,0,1,-133
1767173769.4802382,0,-2,-134
1767173769.4902382,1,-9,-130
1767173769.5002382,0,-9,-127
1767173769.5102382,3,-5,-124
1767173769.5202382,1,-4,-120
1767173769.5302382,0,0,-123
1767173769.540238,0,3,-121
1767173769.550238,0,5,-121
1767173769.561238,4,1,-117
1767173769.570238,2,1,-121
1767173769.580238,4,1,-125
1767173769.5912385,0,0,-126
1767173769.6012385,1,-1,-123
1767173769.6112382,0,1,-121
1767173769.6212382,1,0,-124
1767173769.632238,3,0,-122
1767173769.6412382,1,3,-124
1767173769.6512382,3,1,-129
1767173769.6612382,5,3,-129
1767173769.6712382,0,2,-125
1767173769.6812382,-4,0,-123
1767173769.6912382,-1,1,-128
1767173769.7012382,0,1,-131
1767173769.711238,-2,0,-123
1767173769.721238,-4,1,-117
1767173769.731238,-2,0,-113
1767173769.741238,3,1,-117
1767173769.751238,4,2,-121
1767173769.761238,0,0,-126
1767173769.771238,-1,-5,-128
1767173769.781238,2,-6,-132
1767173769.791238,11,-8,-130
1767173769.801238,11,-4,-130
1767173769.811238,8,-4,-128
1767173769.821238,6,-11,-129
1767173769.8312385,6,-8,-124
1767173769.8412385,6,-8,-116
1767173769.8512385,0,-5,-116
1767173769.8612382,0,-7,-123
1767173769.8712382,0,-5,-124
1767173769.8812382,-2,-7,-123
1767173769.8912382,1,-1,-118
1767173769.9012382,0,0,-118
1767173769.9112382,0,1,-120
1767173769.9212382,2,0,-121
1767173769.9312382,3,0,-130
1767173769.9412382,4,2,-135
1767173769.9512382,3,0,-132
1767173769.961238,6,1,-126
1767173769.971238,1,0,-123
1767173769.981238,-1,-1,-124
1767173769.991238,-4,-1,-128
1767173770.001238,-1,-5,-125
1767173770.011238,2,-4,-126
1767173770.021238,2,-6,-126
1767173770.031238,3,-2,-126
1767173770.041238,0,0,-123
1767173770.051238,0,0,-128
1767173770.061238,-4,3,-127
1767173770.071238,-3,4,-121
1767173770.0812385,-4,1,-126
1767173770.0912385,3,1,-127
1767173770.1012385,4,0,-129
1767173770.1112382,4,-1,-125
1767173770.1212382,1,-3,-119
1767173770.1312382,-3,-6,-114
1767173770.1412382,0,-10,-115
1767173770.1512382,-1,-6,-112
1767173770.1612382,-4,-1,-111
1767173770.1712382,-3,2,-114
1767173770.1812382,-2,9,-113
1767173770.1912382,0,7,-116
1767173770.2012382,2,5,-114
1767173770.211238,4,2,-117
1767173770.221238,5,-2,-116
1767173770.231238,3,-2,-120
1767173770.241238,4,-2,-124
1767173770.251238,7,-6,-127
1767173770.261238,8,-6,-122
1767173770.271238,9,-2,-123
1767173770.281238,9,-4,-123
1767173770.291238,3,-5,-122
1767173770.301238,3,-2,-122
1767173770.311238,3,2,-124
1767173770.321238,-2,0,-122
1767173770.3312385,-4,-3,-119
1767173770.3412385,0,0,-124
1767173770.3512385,5,-1,-123
1767173770.3612382,4,0,-121
1767173770.3712382,0,-2,-118
1767173770.3812382,-2,0,-115
1767173770.3912382,-5,0,-114
1767173770.4012382,-3,0,-113
1767173770.4112382,-6,-4,-115
1767173770.4212382,-5,-5,-119
1767173770.4312382,-4,-4,-118
1767173770.4412382,-4,-3,-113
1767173770.4512382,-2,-5,-114
1767173770.461238,0,-4,-120
1767173770.471238,-1,-5,-121
1767173770.481238,1,-7,-115
1767173770.491238,1,-5,-110
1767173770.501238,1,-7,-110
1767173770.511238,1,-7,-115
1767173770.521238,-1,-4,-116
1767173770.531238,0,-6,-114
1767173770.541238,-2,-1,-121
1767173770.551238,-1,-1,-120
1767173770.561238,0,-1,-122
1767173770.571238,-3,1,-130
1767173770.5812385,-2,1,-134
1767173770.5912385,1,0,-135
1767173770.6012385,7,1,-128
1767173770.6112382,6,5,-126
1767173770.6212382,5,4,-124
1767173770.6312382,-1,3,-119
1767173770.6412382,-1,0,-124
1767173770.6512382,-4,1,-131
1767173770.6612382,0,0,-128
1767173770.6712382,3,0,-127
1767173770.6812382,2,0,-130
1767173770.6912382,0,4,-129
1767173770.7012382,-1,6,-127
1767173770.711238,0,6,-126
1767173770.721238,1,5,-125
1767173770.731238,5,2,-117
1767173770.741238,7,1,-120
1767173770.751238,11,2,-119
1767173770.761238,11,4,-122
1767173770.771238,13,3,-132
1767173770.781238,5,0,-130
1767173770.791238,4,0,-121
1767173770.801238,0,0,-122
1767173770.811238,-1,0,-121
1767173770.821238,1,1,-126
1767173770.8312385,3,1,-134
1767173770.8412385,1,2,-129
1767173770.8512385,-3,2,-122
1767173770.8612382,-3,-1,-122
1767173770.8712382,-5,-2,-121
1767173770.8812382,0,-4,-120
1767173770.8912382,-2,-5,-120
1767173770.9012382,-4,-7,-114
1767173770.9112382,-1,-8,-121
1767173770.9212382,0,-5,-121
1767173770.9312382,0,-3,-113
1767173770.9412382,-3,-2,-125
1767173770.9512382,0,-4,-124
1767173770.961238,-4,-3,-126
1767173770.971238,-4,-2,-129
1767173770.981238,-9,0,-126
1767173770.991238,-6,0,-120
1767173771.001238,-5,0,-119
1767173771.011238,0,-5,-121
1767173771.021238,0,-1,-127
1767173771.031238,-1,3,-123
1767173771.041238,-1,0,-124
1767173771.051238,2,-6,-131
1767173771.061238,5,-4,-130
1767173771.071238,0,-4,-124
1767173771.0812385,1,-2,-128
1767173771.0912385,1,-3,-126
1767173771.1012385,3,-5,-128
1767173771.1112382,4,-4,-134
1767173771.1212382,3,-1,-135
1767173771.1312382,-1,0,-134
1767173771.1412382,-6,-3,-130
1767173771.1512382,-8,-1,-131
1767173771.1612382,-2,-1,-134
1767173771.1712382,0,-2,-132
1767173771.1812382,-2,-5,-130
1767173771.1912382,0,-5,-124
1767173771.2012382,1,-7,-127
1767173771.211238,2,-1,-125
1767173771.221238,2,0,-130
1767173771.231238,1,-3,-133
1767173771.241238,4,-2,-131
1767173771.251238,4,1,-122
1767173771.261238,2,0,-124
1767173771.271238,-1,-1,-126
1767173771.281238,0,-5,-131
1767173771.291238,-2,-2,-129
1767173771.301238,-1,0,-129
1767173771.311238,0,0,-128
1767173771.321238,1,2,-127
1767173771.3312385,0,2,-129
1767173771.3412385,0,0,-125
1767173771.3512385,3,-1,-131
1767173771.3612382,2,0,-134
1767173771.3712382,3,0,-128
1767173771.3812382,5,-2,-122
1767173771.3912382,1,-4,-122
1767173771.4012382,-2,-3,-122
1767173771.4112382,-2,-2,-119
1767173771.4212382,0,-3,-117
1767173771.4312382,0,-7,-117
1767173771.4412382,0,-10,-120
1767173771.4512382,-3,-6,-124
1767173771.461238,-4,-3,-127
1767173771.471238,-1,-1,-122
1767173771.481238,1,4,-122
1767173771.491238,-1,2,-119
1767173771.501238,-1,1,-119
1767173771.511238,-4,3,-114
1767173771.521238,0,0,-113
1767173771.531238,1,1,-117
1767173771.541238,4,2,-119
1767173771.551238,4,0,-119
1767173771.561238,6,0,-116
1767173771.571238,2,1,-119
1767173771.5812385,1,4,-122
1767173771.603238,2,-1,-119
1767173771.6112382,5,-3,-121
1767173771.6212382,7,-3,-123
1767173771.6312382,7,0,-123
1767173771.6412382,1,3,-121
1767173771.6512382,2,0,-113
1767173771.6612382,2,1,-112
1767173771.6712382,-4,3,-114
1767173771.6812382,-7,5,-114
1767173771.6912382,-6,1,-114
1767173771.7012382,-5,0,-113
1767173771.711238,-2,3,-115
1767173771.721238,-2,-1,-117
1767173771.731238,-2,-1,-115
1767173771.741238,0,-2,-118
1767173771.751238,4,1,-123
1767173771.761238,-4,0,-126
1767173771.771238,0,-2,-132
1767173771.781238,-2,1,-133
1767173771.791238,-1,0,-133
1767173771.801238,0,1,-128
1767173771.811238,1,4,-124
1767173771.821238,2,2,-126
1767173771.8312385,4,1,-127
1767173771.8412385,5,0,-124
1767173771.8512385,4,-1,-128
1767173771.8612382,0,1,-126
1767173771.8712382,0,4,-127
1767173771.8812382,-1,2,-135
1767173771.8912382,-3,2,-135
1767173771.9012382,0,1,-133
1767173771.9112382,-4,2,-132
1767173771.9212382,-6,3,-129
1767173771.9312382,-1,0,-127
1767173771.9412382,-5,-3,-127
1767173771.9512382,-10,-2,-127
1767173771.961238,-7,-7,-126
1767173771.971238,-6,-10,-128
1767173771.981238,0,-9,-134
1767173771.991238,2,-9,-137
1767173772.001238,5,-4,-140
1767173772.011238,5,-4,-133
1767173772.021238,7,0,-132
1767173772.031238,12,1,-127
1767173772.041238,9,2,-131
1767173772.051238,11,3,-129
1767173772.061238,10,3,-119
1767173772.071238,6,2,-119
1767173772.0812385,4,-1,-123
1767173772.0912385,7,-6,-128
1767173772.1012385,6,-7,-133
1767173772.1112382,8,-5,-136
1767173772.1212382,7,-4,-137
1767173772.1312382,4,-2,-135
1767173772.1412382,5,-3,-130
1767173772.1512382,3,0,-126
1767173772.1612382,1,1,-128
1767173772.1712382,-1,3,-123
1767173772.1812382,-8,4,-120
1767173772.1912382,-8,0,-125
1767173772.2012382,-2,-2,-127
1767173772.212238,-9,-2,-133
1767173772.222238,-9,-6,-128
1767173772.231238,-10,-8,-127
1767173772.242238,-10,-8,-127
1767173772.252238,-11,-7,-127
1767173772.2622385,-7,-5,-124
1767173772.2722385,-1,-5,-126
1767173772.2822382,-1,-7,-123
1767173772.2922382,-1,-4,-118
1767173772.3022382,-1,-2,-112
1767173772.3122382,-5,-1,-116
1767173772.3222382,-1,-2,-126
1767173772.3322382,2,-3,-124
1767173772.3422382,1,-7,-126
1767173772.3522382,3,-8,-125
1767173772.3622382,0,-7,-122
1767173772.3722382,0,-4,-129
1767173772.382238,1,-8,-134
1767173772.392238,4,-6,-135
1767173772.402238,6,-3,-126
1767173772.412238,9,-4,-117
1767173772.422238,5,-1,-117
1767173772.432238,5,-2,-125
1767173772.442238,4,-1,-126
1767173772.452238,1,0,-124
1767173772.462238,-3,-4,-120
1767173772.472238,-1,-2,-123
1767173772.482238,0,-1,-117
1767173772.492238,1,-3,-116
1767173772.502238,0,-2,-114
1767173772.5122385,0,1,-120
1767173772.5222385,1,1,-120
1767173772.5322382,3,-2,-130
1767173772.5422382,3,0,-130
1767173772.5522382,5,-1,-126
1767173772.5622382,5,-3,-123
1767173772.5722382,5,-3,-125
1767173772.5822382,6,-3,-124
1767173772.5922382,2,-3,-120
1767173772.6022382,-1,1,-116
1767173772.6122382,-2,-3,-113
1767173772.6222382,-4,-4,-113
1767173772.632238,0,2,-116
1767173772.642238,-4,3,-121
1767173772.652238,-7,1,-125
1767173772.662238,-2,1,-128
1767173772.672238,1,0,-130
1767173772.682238,0,0,-124
1767173772.692238,0,-1,-127
1767173772.702238,-5,-3,-127
1767173772.712238,-4,-1,-128
1767173772.722238,-4,-6,-131
1767173772.732238,-4,-6,-129
1767173772.742238,-4,-5,-131
1767173772.752238,0,-2,-130
1767173772.7622385,-3,0,-131
1767173772.7722385,0,-3,-129
1767173772.7822382,-3,-6,-128
1767173772.7922382,-4,-4,-124
1767173772.8022382,-4,-2,-129
1767173772.8122382,-3,-4,-131
1767173772.8222382,-1,-4,-133
1767173772.8322382,-4,-10,-133
1767173772.8422382,-1,-5,-131
1767173772.8522382,5,-5,-127
1767173772.8622382,4,-7,-122
1767173772.8722382,0,-4,-117
1767173772.882238,0,-1,-119
1767173772.892238,-4,-3,-125
1767173772.902238,-5,-4,-123
1767173772.912238,-5,-3,-125
1767173772.922238,0,-5,-127
1767173772.932238,-4,-3,-132
1767173772.942238,-1,-2,-131
1767173772.952238,-2,-3,-132
1767173772.962238,-1,-3,-130
1767173772.972238,0,4,-127
1767173772.982238,0,1,-128
1767173772.992238,1,1,-130
1767173773.002238,6,-1,-127
1767173773.0122385,6,-1,-125
1767173773.0222385,5,-1,-129
1767173773.0322382,3,0,-136
1767173773.0422382,-1,0,-130
1767173773.0522382,-2,1,-130
1767173773.0622382,0,0,-133
1767173773.0722382,0,0,-130
1767173773.0822382,3,2,-129
1767173773.0922382,4,-1,-131
1767173773.1022382,0,-3,-133
1767173773.1122382,-2,0,-133
1767173773.1222382,-5,-2,-131
1767173773.132238,-4,-1,-133
1767173773.142238,-1,-2,-136
1767173773.152238,-2,0,-135
1767173773.162238,-1,2,-136
1767173773.172238,0,3,-130
1767173773.182238,0,0,-125
1767173773.192238,-3,-1,-126
1767173773.202238,-4,-1,-129
1767173773.212238,-4,-3,-128
1767173773.222238,0,-2,-120
1767173773.232238,4,-6,-125
1767173773.242238,1,-5,-124
1767173773.252238,0,-8,-126
1767173773.2622385,-3,-6,-121
1767173773.2722385,-3,-7,-117
1767173773.2822382,-5,-4,-116
1767173773.2922382,-2,-1,-114
1767173773.3022382,2,1,-120
1767173773.3122382,0,-3,-120
1767173773.3222382,0,-4,-125
1767173773.3322382,-2,-1,-125
1767173773.3422382,0,1,-119
1767173773.3522382,-3,-1,-118
1767173773.3622382,-2,0,-120
1767173773.3722382,-3,0,-121
1767173773.382238,-3,-1,-118
1767173773.392238,0,0,-120
1767173773.402238,-2,-2,-114
1767173773.412238,-2,-10,-112
1767173773.422238,-5,-8,-112
1767173773.432238,-4,-9,-117
1767173773.442238,0,-10,-117
1767173773.452238,2,-8,-120
1767173773.462238,0,-5,-125
1767173773.472238,-3,-2,-124
1767173773.482238,-5,0,-126
1767173773.492238,-5,1,-135
1767173773.502238,-4,-1,-132
1767173773.5122385,0,-2,-134
1767173773.5222385,2,-2,-131
1767173773.5322382,2,0,-136
1767173773.5422382,0,0,-138
1767173773.5522382,1,1,-134
1767173773.5622382,4,1,-135
1767173773.5722382,2,-1,-139
1767173773.5822382,4,1,-134
1767173773.5922382,2,1,-133
1767173773.6022382,0,-3,-126
1767173773.6122382,-5,-5,-121
1767173773.6222382,-4,-4,-118
1767173773.632238,-1,-5,-114
1767173773.642238,1,-5,-112
1767173773.652238,1,-6,-114
1767173773.662238,0,-9,-116
1767173773.672238,-1,-7,-122
1767173773.682238,-4,-6,-118
1767173773.692238,1,-8,-115
1767173773.702238,1,-7,-117
1767173773.712238,-1,-6,-121
1767173773.722238,0,-3,-122
1767173773.732238,0,-1,-125
1767173773.742238,-6,-5,-131
1767173773.752238,-11,-1,-134
1767173773.7622385,-6,1,-138
1767173773.7722385,-5,2,-136
1767173773.7822382,-3,1,-134
1767173773.7922382,1,2,-128
1767173773.8022382,-2,3,-122
1767173773.8122382,-3,5,-118
1767173773.8222382,-4,2,-110
1767173773.8322382,-2,0,-113
1767173773.8422382,-2,0,-119
1767173773.8522382,-1,2,-120
1767173773.8622382,-4,0,-122
1767173773.8722382,-2,0,-131
1767173773.882238,-3,0,-130
1767173773.892238,-1,1,-128
1767173773.902238,-5,-1,-123
1767173773.912238,-6,3,-120
1767173773.922238,-7,-2,-122
1767173773.932238,-5,0,-121
1767173773.942238,-6,4,-124
1767173773.952238,-2,1,-128
1767173773.962238,0,-2,-132
1767173773.972238,-6,-6,-133
1767173773.982238,-4,-4,-141
1767173773.992238,-4,-5,-143
1767173774.002238,-3,-4,-137
1767173774.0122385,0,0,-134
1767173774.0222385,-1,0,-130
1767173774.0322382,-1,-1,-123
1767173774.0422382,-1,2,-124
1767173774.0522382,0,4,-117
1767173774.0622382,0,4,-118
1767173774.0722382,-1,0,-122
1767173774.0822382,-2,0,-124
1767173774.0922382,-6,3,-122
1767173774.1022382,-4,2,-129
1767173774.1122382,-1,4,-123
1767173774.1222382,2,3,-118
1767173774.132238,1,2,-117
1767173774.142238,4,3,-116
1767173774.152238,0,0,-121
1767173774.162238,1,0,-125
1767173774.172238,2,-1,-122
1767173774.182238,1,-1,-116
1767173774.192238,1,-1,-116
1767173774.202238,8,0,-122
1767173774.212238,8,0,-123
1767173774.222238,5,-3,-130
1767173774.232238,1,-4,-130
1767173774.242238,3,-4,-129
1767173774.252238,3,-2,-136
1767173774.2622385,2,-2,-127
1767173774.2722385,0,-1,-123
1767173774.2822382,-1,-2,-122
1767173774.2922382,0,-5,-116
1767173774.3022382,1,-2,-118
1767173774.3122382,-5,-4,-120
1767173774.3222382,-3,-3,-115
1767173774.3322382,-3,-2,-115
1767173774.3422382,3,-3,-110
1767173774.3522382,3,-1,-111
1767173774.3622382,3,-2,-114
1767173774.3722382,0,-3,-115
1767173774.382238,-1,-1,-118
1767173774.392238,0,1,-122
1767173774.402238,0,-2,-117
1767173774.412238,4,0,-122
1767173774.422238,4,0,-126
1767173774.432238,6,1,-122
1767173774.442238,4,0,-128
1767173774.452238,6,-2,-127
1767173774.462238,4,-3,-125
1767173774.472238,5,-3,-129
1767173774.482238,1,1,-133
1767173774.492238,5,2,-130
1767173774.502238,6,3,-139
1767173774.5122385,4,4,-142
1767173774.5222385,0,5,-141
1767173774.5322382,3,2,-136
1767173774.5422382,0,-2,-136
1767173774.5522382,0,-4,-134
1767173774.5622382,-5,-7,-126
1767173774.5722382,-3,-8,-118
1767173774.5822382,-3,-5,-120
1767173774.5922382,-3,-6,-128
1767173774.6022382,-1,-7,-132
1767173774.6122382,2,-7,-136
1767173774.6222382,1,-8,-136
1767173774.632238,-4,-4,-131
1767173774.642238,-6,-4,-122
1767173774.652238,-1,-2,-122
1767173774.662238,0,0,-125
1767173774.672238,0,0,-122
1767173774.682238,-1,0,-121
1767173774.692238,0,-2,-129
1767173774.702238,5,0,-129
1767173774.712238,4,1,-124
1767173774.722238,1,4,-128
1767173774.732238,2,5,-127
1767173774.742238,-1,7,-128
1767173774.752238,-3,3,-122
1767173774.7622385,-4,2,-123
1767173774.7722385,-3,0,-122
1767173774.7822382,-4,-1,-120
1767173774.7922382,-6,-2,-123
1767173774.8022382,-5,-7,-122
1767173774.8122382,-5,-8,-119
1767173774.8222382,-2,-5,-123
1767173774.8322382,-6,-3,-124
1767173774.843238,-11,-5,-119
1767173774.853238,-6,-6,-119
1767173774.863238,-4,-8,-123
1767173774.873238,-8,-8,-125
1767173774.883238,-8,-4,-123
1767173774.893238,-5,-4,-119
1767173774.903238,-3,-4,-120
1767173774.913238,-1,-3,-118
1767173774.923238,-3,1,-121
1767173774.9332385,0,0,-118
1767173774.9432385,2,2,-120
1767173774.9532382,0,2,-124
1767173774.9632382,2,5,-128
1767173774.9732382,0,2,-135
1767173774.9832382,-1,7,-128
1767173774.9932382,-2,5,-129
1767173775.0032382,0,6,-125
1767173775.0132382,0,4,-122
1767173775.0232382,0,1,-123
1767173775.0332382,-5,-1,-123
1767173775.0432382,-3,-3,-124
1767173775.0532382,-5,-6,-124
1767173775.063238,1,-4,-125
1767173775.073238,-1,-6,-134
1767173775.083238,-2,-5,-130
1767173775.093238,-4,-3,-125
1767173775.103238,-4,-6,-126
1767173775.113238,-9,0,-129
1767173775.123238,-11,-3,-124
1767173775.133238,-10,-5,-121
1767173775.143238,-8,0,-128
1767173775.153238,-2,0,-135
1767173775.163238,0,-3,-132
1767173775.173238,-4,-4,-126
1767173775.1832385,-2,-1,-124
1767173775.1932385,-1,-3,-120
1767173775.2032382,-2,-2,-125
1767173775.2132382,0,0,-125
1767173775.2232382,-1,2,-132
1767173775.2332382,-5,1,-129
1767173775.2432382,-5,0,-126
1767173775.2532382,-8,-1,-128
1767173775.2632382,-7,-3,-124
1767173775.2732382,-9,0,-127
1767173775.2832382,-11,-1,-120
1767173775.2932382,-13,-2,-126
1767173775.3032382,-9,1,-127
1767173775.313238,-7,4,-129
1767173775.323238,-7,2,-132
1767173775.333238,0,0,-128
1767173775.343238,0,2,-128
1767173775.353238,-1,1,-133
1767173775.363238,0,0,-134
1767173775.373238,0,0,-131
1767173775.383238,-2,5,-124
1767173775.393238,-9,4,-123
1767173775.403238,-7,3,-121
1767173775.413238,-9,4,-118
1767173775.423238,-3,0,-118
1767173775.4332385,-5,0,-116
1767173775.4432385,-3,-1,-119
1767173775.4532382,-3,-1,-115
1767173775.4632382,-4,0,-118
1767173775.4732382,-2,3,-122
1767173775.4832382,1,-3,-126
1767173775.4932382,5,-1,-120
1767173775.5032382,7,0,-121
1767173775.5132382,7,0,-126
1767173775.5232382,7,1,-129
1767173775.5332382,5,3,-131
1767173775.5432382,4,0,-128
1767173775.5532382,4,3,-126
1767173775.563238,6,3,-131
1767173775.573238,5,0,-132
1767173775.583238,4,3,-132
1767173775.593238,2,3,-133
1767173775.603238,1,-2,-137
1767173775.613238,2,-5,-132
1767173775.623238,0,-8,-128
1767173775.633238,3,-6,-126
1767173775.643238,3,-4,-123
1767173775.653238,4,-3,-130
1767173775.663238,3,-6,-124
1767173775.673238,4,-7,-120
1767173775.6832385,6,-5,-126
1767173775.6932385,4,-4,-130
1767173775.7032382,3,-1,-124
1767173775.7132382,3,-1,-126
1767173775.7232382,1,0,-129
1767173775.7332382,1,0,-133
1767173775.7432382,0,0,-132
1767173775.7532382,-3,0,-131
1767173775.7632382,-5,-2,-125
1767173775.7732382,-4,-1,-122
1767173775.7832382,-1,-5,-123
1767173775.7932382,0,-9,-122
1767173775.8032382,4,-8,-127
1767173775.813238,2,-6,-125
1767173775.823238,4,-2,-119
1767173775.833238,4,-2,-123
1767173775.843238,0,-4,-126
1767173775.853238,0,-1,-122
1767173775.863238,-1,-1,-128
1767173775.873238,-1,-3,-131
1767173775.883238,-2,-3,-131
1767173775.893238,-2,-6,-126
1767173775.903238,-1,-4,-122
1767173775.913238,-1,-6,-124
1767173775.923238,1,-6,-120
1767173775.9332385,5,-5,-124
1767173775.9432385,5,-3,-120
1767173775.9532382,7,-3,-117
1767173775.9632382,5,2,-120
1767173775.9732382,5,4,-120
1767173775.9832382,4,5,-121
1767173775.9932382,1,0,-117
1767173776.0032382,-1,-1,-115
1767173776.0132382,-2,0,-113
1767173776.0232382,0,-2,-115
1767173776.0332382,0,-4,-119
1767173776.0432382,2,-11,-122
1767173776.0532382,0,-13,-125
1767173776.063238,-2,-14,-131
1767173776.073238,-3,-7,-129
1767173776.083238,-3,-4,-128
1767173776.093238,-8,-5,-128
1767173776.103238,-5,-2,-126
1767173776.113238,-6,-1,-127
1767173776.123238,-2,2,-131
1767173776.133238,0,3,-124
1767173776.143238,0,0,-124
1767173776.153238,6,-1,-123
1767173776.163238,5,-4,-124
1767173776.173238,4,-6,-122
1767173776.1832385,7,-7,-119
1767173776.1932385,4,-9,-125
1767173776.2032382,3,-9,-127
1767173776.2132382,5,-9,-134
1767173776.2232382,7,-11,-127
1767173776.2332382,3,-7,-129
1767173776.2432382,0,-5,-124
1767173776.2532382,-2,-3,-123
1767173776.2632382,-2,-5,-122
1767173776.2732382,-1,-4,-120
1767173776.2832382,0,-2,-115
1767173776.2932382,3,2,-114
1767173776.3032382,6,1,-118
1767173776.313238,6,1,-118
1767173776.323238,5,-1,-120
1767173776.333238,8,-3,-127
1767173776.343238,6,-3,-132
1767173776.353238,6,-3,-129
1767173776.363238,4,0,-128
1767173776.373238,2,0,-127
1767173776.383238,0,0,-133
1767173776.393238,0,3,-127
1767173776.403238,0,0,-125
1767173776.413238,4,0,-126
1767173776.423238,6,1,-126
1767173776.4332385,6,2,-127
1767173776.4432385,4,0,-121
1767173776.4532382,5,-2,-119
1767173776.4632382,2,-4,-120
1767173776.4732382,3,-5,-131
1767173776.4832382,5,-6,-135
1767173776.4932382,0,-3,-131
1767173776.5032382,0,-5,-130
1767173776.5132382,1,-5,-123
1767173776.5232382,0,-1,-120
1767173776.5332382,-5,-4,-128
1767173776.5432382,-3,-3,-129
1767173776.5532382,-1,-2,-132
1767173776.563238,-2,1,-131
1767173776.573238,-1,1,-129
1767173776.583238,1,2,-125
1767173776.593238,1,0,-125
1767173776.6152382,3,0,-124
1767173776.623238,5,-1,-117
1767173776.633238,5,-2,-114
1767173776.643238,0,2,-116
1767173776.653238,5,1,-118
1767173776.663238,4,1,-121
1767173776.673238,1,4,-117
1767173776.6832385,3,5,-127
1767173776.6932385,4,2,-124
1767173776.7032382,2,2,-121
1767173776.7132382,2,1,-122
1767173776.7232382,2,3,-126
1767173776.7332382,1,0,-132
1767173776.7432382,-2,-1,-130
1767173776.7532382,-5,1,-125
1767173776.7632382,-5,0,-125
1767173776.7732382,-5,-3,-131
1767173776.7832382,0,-6,-134
1767173776.7932382,-5,-4,-134
1767173776.8032382,-9,-6,-133
1767173776.813238,-9,-3,-136
1767173776.823238,-2,-3,-133
1767173776.833238,-4,-4,-124
1767173776.843238,-4,-3,-124
1767173776.853238,-3,-1,-125
1767173776.863238,0,-1,-127
1767173776.873238,1,0,-128
1767173776.883238,0,0,-126
1767173776.893238,-2,3,-128
1767173776.903238,-5,6,-132
1767173776.913238,-7,4,-131
1767173776.923238,-12,3,-127
1767173776.9332385,-13,-2,-128
1767173776.9432385,-10,-2,-128
1767173776.9532382,-4,0,-125
1767173776.9632382,0,-2,-124
1767173776.9732382,-1,-3,-128
1767173776.9832382,-7,-1,-127
1767173776.9932382,-11,0,-130
1767173777.0032382,-7,1,-134
1767173777.0132382,-2,3,-132
1767173777.0232382,0,2,-125
1767173777.0332382,5,0,-123
1767173777.0432382,6,0,-126
1767173777.0532382,2,0,-128
1767173777.063238,8,0,-125
1767173777.073238,7,1,-126
1767173777.083238,4,0,-124
1767173777.093238,2,0,-127
1767173777.103238,5,0,-127
1767173777.113238,4,-1,-128
1767173777.123238,6,-2,-125
1767173777.133238,6,0,-117
1767173777.143238,4,4,-116
1767173777.153238,3,7,-121
1767173777.163238,4,2,-124
1767173777.173238,7,4,-129
1767173777.1832385,6,6,-127
1767173777.1932385,6,5,-126
1767173777.2032382,1,5,-119
1767173777.2132382,-1,3,-123
1767173777.2232382,-4,0,-126
1767173777.2332382,-7,1,-124
1767173777.2432382,-3,-2,-129
1767173777.2532382,-2,-5,-138
1767173777.2632382,0,-4,-135
1767173777.2732382,2,-7,-125
1767173777.2832382,1,-9,-125
1767173777.2932382,0,-3,-133
1767173777.3032382,1,0,-132
1767173777.313238,-1,0,-134
1767173777.323238,0,-1,-134
1767173777.333238,0,-1,-131
1767173777.343238,4,-3,-130
1767173777.353238,7,-5,-125
1767173777.363238,3,-2,-123
1767173777.373238,0,-2,-123
1767173777.383238,0,-4,-128
1767173777.393238,2,-2,-122
1767173777.403238,5,-1,-122
1767173777.413238,5,-6,-123
1767173777.423238,4,-4,-129
1767173777.4332385,0,-2,-129
1767173777.4432385,-2,-1,-126
1767173777.4532382,-5,-2,-129
1767173777.4632382,0,4,-128
1767173777.4732382,3,6,-125
1767173777.4832382,-4,1,-125
1767173777.4932382,-7,2,-121
1767173777.504238,-5,4,-114
1767173777.514238,-4,4,-113
1767173777.524238,-2,0,-111
1767173777.534238,-2,-3,-112
1767173777.544238,-5,-4,-114
1767173777.554238,-5,-6,-113
1767173777.564238,-4,-5,-115
1767173777.574238,-3,-2,-118
1767173777.584238,-5,-4,-122
1767173777.594238,0,-4,-127
1767173777.6042385,0,-6,-122
1767173777.6142385,-1,-6,-129
1767173777.6242385,-2,-4,-129
1767173777.6342382,-5,-6,-131
1767173777.6442382,-8,-5,-130
1767173777.6542382,-4,-1,-124
1767173777.6642382,-2,-2,-126
1767173777.6742382,-7,-3,-125
1767173777.6842382,-2,-2,-122
1767173777.6942382,1,-2,-120
1767173777.7042382,-2,2,-118
1767173777.7142382,1,1,-112
1767173777.7242382,2,0,-112
1767173777.734238,3,0,-108
1767173777.744238,4,0,-114
1767173777.754238,1,-2,-111
1767173777.764238,0,-1,-116
1767173777.774238,-1,2,-116
1767173777.784238,-5,2,-120
1767173777.794238,-6,1,-122
1767173777.804238,-1,2,-120
1767173777.814238,0,4,-115
1767173777.824238,0,1,-116
1767173777.834238,-1,-1,-115
1767173777.844238,-2,-1,-119
1767173777.8542385,-2,-3,-120
1767173777.8642385,1,-2,-127
1767173777.8742385,2,0,-122
1767173777.8842382,3,-4,-118
1767173777.8942382,5,0,-122
1767173777.9042382,6,-4,-119
1767173777.9142382,3,-5,-114
1767173777.9242382,1,-6,-114
1767173777.9342382,-4,-4,-110
1767173777.9442382,-2,-2,-110
1767173777.9542382,-5,-4,-112
1767173777.9642382,-5,-6,-116
1767173777.9742382,-4,-5,-121
1767173777.984238,0,-3,-122
1767173777.994238,1,-1,-117
1767173778.004238,0,-7,-115
1767173778.014238,2,-11,-110
1767173778.024238,2,-8,-106
1767173778.034238,4,-8,-104
1767173778.044238,8,-4,-112
1767173778.054238,4,0,-113
1767173778.064238,1,2,-112
1767173778.074238,0,2,-119
1767173778.084238,0,0,-119
1767173778.094238,1,0,-117
1767173778.1042385,4,-1,-120
1767173778.1142385,-4,-5,-116
1767173778.1242385,-4,-5,-125
1767173778.1342382,-4,0,-126
1767173778.1442382,-2,-2,-124
1767173778.1542382,0,-2,-126
1767173778.1642382,1,-4,-126
1767173778.1742382,1,-5,-124
1767173778.1842382,1,-1,-120
1767173778.1942382,-1,0,-119
1767173778.2042382,-8,1,-114
1767173778.2142382,-7,-1,-115
1767173778.2242382,-1,0,-116
1767173778.234238,-2,0,-114
1767173778.244238,-3,3,-114
1767173778.254238,-1,7,-122
1767173778.264238,6,4,-130
1767173778.274238,6,2,-127
1767173778.284238,3,-1,-128
1767173778.294238,9,-2,-127
1767173778.304238,13,-1,-122
1767173778.314238,12,-4,-121
1767173778.324238,11,-6,-122
1767173778.334238,4,-5,-125
1767173778.344238,1,-1,-123
1767173778.3542385,0,-3,-122
1767173778.3642385,0,-4,-121
1767173778.3742385,0,-3,-121
1767173778.3842382,0,0,-125
1767173778.3942382,3,-1,-124
1767173778.4042382,0,-3,-128
1767173778.4142382,-1,-2,-127
1767173778.4242382,-1,-1,-130
1767173778.4342382,-2,1,-132
1767173778.4442382,0,2,-128
1767173778.4542382,-4,0,-128
1767173778.4642382,-4,-2,-133
1767173778.4742382,-6,-1,-131
1767173778.484238,-4,-4,-127
1767173778.494238,-4,-2,-128
1767173778.504238,-7,-1,-130
1767173778.514238,-7,0,-134
1767173778.524238,-6,0,-133
1767173778.534238,-1,-7,-125
1767173778.544238,0,-3,-125
1767173778.554238,0,-4,-126
1767173778.564238,4,-1,-125
1767173778.574238,0,-1,-131
1767173778.584238,-3,-3,-127
1767173778.594238,-2,-2,-124
1767173778.6042385,1,1,-121
1767173778.6142385,1,4,-112
1767173778.6242385,0,2,-121
1767173778.6342382,0,0,-126
1767173778.6442382,2,6,-127
1767173778.6542382,0,1,-129
1767173778.6642382,-2,1,-129
1767173778.6742382,1,-1,-131
1767173778.6842382,0,0,-136
1767173778.6942382,-1,-1,-133
1767173778.7042382,-1,-1,-133
1767173778.7142382,0,-1,-126
1767173778.7242382,-2,-4,-126
1767173778.734238,-4,-3,-124
1767173778.744238,0,-2,-125
1767173778.754238,1,-5,-125
1767173778.764238,0,-5,-120
1767173778.774238,0,-4,-122
1767173778.784238,0,-3,-129
1767173778.794238,6,-2,-128
1767173778.804238,5,0,-126
1767173778.814238,1,0,-124
1767173778.824238,0,-1,-119
1767173778.834238,0,-4,-118
1767173778.844238,0,-3,-115
1767173778.8542385,-1,-6,-114
1767173778.8642385,-1,-4,-113
1767173778.8742385,-2,-5,-114
1767173778.8842382,-2,-5,-116
1767173778.8942382,0,0,-120
1767173778.9042382,-2,4,-123
1767173778.9142382,-1,4,-122
1767173778.9242382,0,2,-131
1767173778.9342382,-2,-1,-133
1767173778.9442382,2,-2,-129
1767173778.9542382,4,0,-128
1767173778.9642382,1,-3,-132
1767173778.9742382,0,-4,-130
1767173778.984238,2,-5,-130
1767173778.994238,3,-6,-131
1767173779.004238,6,-4,-137
1767173779.014238,3,-8,-131
1767173779.024238,4,-6,-127
1767173779.034238,4,-1,-129
1767173779.044238,4,-1,-126
1767173779.054238,4,-3,-115
1767173779.064238,3,-4,-119
1767173779.074238,3,0,-119
1767173779.084238,1,0,-119
1767173779.094238,0,1,-121
1767173779.1042385,0,4,-119
1767173779.1142385,-2,4,-123
1767173779.1242385,0,1,-124
1767173779.1342382,0,-2,-120
1767173779.1442382,5,-1,-122
1767173779.1542382,0,-1,-118
1767173779.1642382,-2,2,-117
1767173779.1742382,-7,4,-120
1767173779.1842382,-8,7,-126
1767173779.1942382,-6,1,-127
1767173779.2042382,-8,1,-126
1767173779.2142382,-8,-1,-129
1767173779.2242382,-7,-7,-117
1767173779.234238,-1,-5,-114
1767173779.244238,2,-2,-115
1767173779.254238,1,1,-122
1767173779.264238,3,0,-122
1767173779.274238,10,1,-119
1767173779.284238,6,5,-118
1767173779.294238,6,4,-120
1767173779.304238,1,3,-124
1767173779.314238,0,4,-125
1767173779.324238,-4,2,-115
1767173779.334238,-3,2,-109
1767173779.344238,0,-2,-114
1767173779.3542385,0,-1,-120
1767173779.3642385,-1,-3,-127
1767173779.3742385,0,-4,-131
1767173779.3842382,3,-8,-130
1767173779.3942382,1,-7,-127
1767173779.4042382,-3,-2,-123
1767173779.4142382,-6,0,-121
1767173779.4242382,-5,-1,-124
1767173779.4342382,-5,-3,-122
1767173779.4442382,-7,-6,-124
1767173779.4542382,-8,-11,-127
1767173779.4642382,-6,-6,-128
1767173779.4742382,-5,-6,-127
1767173779.484238,0,-4,-123
1767173779.494238,-2,-3,-120
1767173779.504238,-2,-4,-121
1767173779.514238,1,-3,-121
1767173779.524238,0,0,-123
1767173779.534238,-1,0,-117
1767173779.544238,0,0,-118
1767173779.554238,2,-1,-124
1767173779.564238,1,-1,-127
1767173779.574238,0,-2,-124
1767173779.584238,-1,0,-122
1767173779.594238,-1,0,-117
1767173779.6042385,-9,-3,-123
1767173779.6142385,-6,-9,-122
1767173779.6242385,-4,-3,-120
1767173779.6342382,-4,-3,-123
1767173779.6442382,-5,0,-125
1767173779.6542382,0,-1,-130
1767173779.6642382,-1,-2,-136
1767173779.6742382,1,2,-138
1767173779.6842382,-1,0,-133
1767173779.6942382,2,0,-130
1767173779.7042382,2,1,-132
1767173779.7142382,0,2,-127
1767173779.7242382,0,0,-126
1767173779.734238,-1,-2,-129
1767173779.744238,-1,-1,-122
1767173779.754238,-1,0,-122
1767173779.764238,0,0,-120
1767173779.774238,-1,0,-114
1767173779.784238,-3,0,-122
1767173779.794238,-2,0,-134
1767173779.804238,1,-3,-137
1767173779.814238,1,-4,-135
1767173779.824238,3,-4,-130
1767173779.834238,0,-5,-133
1767173779.844238,2,-7,-130
1767173779.8542385,3,-5,-123
1767173779.8642385,0,-1,-123
1767173779.8742385,-2,0,-122
1767173779.8842382,-2,-5,-129
1767173779.8942382,0,-8,-122
1767173779.9042382,5,-4,-121
1767173779.9142382,7,-4,-128
1767173779.9242382,3,-4,-131
1767173779.9342382,0,-3,-127
1767173779.9442382,3,-2,-122
1767173779.9542382,7,-1,-122
1767173779.9642382,10,1,-121
1767173779.9742382,12,0,-122
1767173779.984238,12,-1,-125
1767173779.994238,10,-2,-127
1767173780.004238,6,-3,-124
1767173780.014238,2,-4,-127
1767173780.024238,-1,-1,-130
1767173780.034238,-2,-1,-127
1767173780.044238,0,-4,-124
1767173780.054238,3,-5,-128
1767173780.064238,9,-4,-127
1767173780.074238,4,-6,-130
1767173780.084238,2,-8,-131
1767173780.094238,1,-7,-135
1767173780.1042385,2,-6,-127
1767173780.1152382,3,-2,-130
1767173780.1242385,-1,-3,-127
1767173780.1342382,-5,-5,-120
1767173780.1452382,0,-6,-118
1767173780.1552382,-1,-3,-117
1767173780.165238,-2,0,-117
1767173780.175238,-3,3,-121
1767173780.185238,0,5,-129
1767173780.195238,0,3,-118
1767173780.205238,-3,3,-127
1767173780.215238,-2,-1,-128
1767173780.225238,-2,-3,-134
1767173780.235238,0,-3,-129
1767173780.245238,0,0,-126
1767173780.255238,-1,4,-128
1767173780.265238,-1,8,-123
1767173780.275238,-2,7,-117
1767173780.2852385,-2,3,-119
1767173780.2952385,3,-1,-122
1767173780.3052382,0,-5,-122
1767173780.3152382,-3,-6,-121
1767173780.3252382,-2,-6,-128
1767173780.3352382,0,-4,-124
1767173780.3452382,0,-6,-119
1767173780.3552382,0,-4,-114
1767173780.3652382,-3,-2,-115
1767173780.3752382,-4,-1,-123
1767173780.3852382,-5,1,-124
1767173780.3952382,-3,0,-121
1767173780.4052382,0,1,-123
1767173780.415238,-2,0,-119
1767173780.425238,0,-3,-117
1767173780.435238,0,-1,-117
1767173780.445238,0,0,-122
1767173780.455238,-1,3,-122
1767173780.465238,2,2,-125
1767173780.475238,4,-3,-127
1767173780.485238,4,-4,-127
1767173780.495238,4,-4,-130
1767173780.505238,0,-3,-126
1767173780.515238,2,-1,-123
1767173780.525238,0,-1,-118
1767173780.5352385,0,-1,-120
1767173780.5452385,3,-3,-121
1767173780.5552382,1,-3,-124
1767173780.5652382,-5,-6,-129
1767173780.5752382,-4,-6,-123
1767173780.5852382,0,-6,-117
1767173780.5952382,0,-1,-121
1767173780.6052382,1,-1,-124
1767173780.6152382,3,-1,-130
1767173780.6252382,0,0,-123
1767173780.6352382,-1,-2,-115
1767173780.6452382,-2,-3,-122
1767173780.6552382,0,-2,-122
1767173780.665238,-2,-1,-123
1767173780.675238,-2,0,-115
1767173780.685238,0,-1,-113
1767173780.695238,3,-2,-113
1767173780.705238,4,0,-125
1767173780.715238,0,0,-131
1767173780.725238,-2,0,-120
1767173780.735238,-2,-2,-118
1767173780.745238,-2,-7,-124
1767173780.755238,-5,-7,-124
1767173780.765238,-6,-5,-123
1767173780.775238,0,-7,-126
1767173780.7852385,1,-7,-125
1767173780.7952385,6,-4,-123
1767173780.8052382,7,-1,-129
1767173780.8152382,3,0,-128
1767173780.8252382,2,0,-127
1767173780.8352382,5,0,-133
1767173780.8452382,1,0,-130
1767173780.8552382,2,0,-132
1767173780.8652382,4,0,-128
1767173780.8752382,3,-2,-124
1767173780.8852382,3,-2,-121
1767173780.8952382,0,-3,-114
1767173780.9052382,1,-8,-110
1767173780.915238,0,-7,-114
1767173780.925238,2,0,-119
1767173780.935238,0,2,-126
1767173780.945238,-1,0,-125
1767173780.955238,-6,0,-124
1767173780.965238,-2,0,-130
1767173780.975238,4,2,-129
1767173780.985238,3,-1,-131
1767173780.995238,3,0,-122
1767173781.005238,0,0,-118
1767173781.015238,0,-1,-124
1767173781.025238,-4,-1,-122
1767173781.0352385,-7,-8,-117
1767173781.0452385,-8,-6,-115
1767173781.0552382,-13,-5,-123
1767173781.0652382,-14,-2,-127
1767173781.0752382,-11,1,-130
1767173781.0852382,-11,5,-124
1767173781.0952382,-10,0,-124
1767173781.1052382,-7,3,-126
1767173781.1152382,-6,-2,-125
1767173781.1252382,-5,-4,-125
1767173781.1352382,-8,0,-123
1767173781.1452382,-9,1,-116
1767173781.1552382,-5,0,-116
1767173781.165238,-2,-5,-116
1767173781.175238,-1,0,-117
1767173781.185238,-2,2,-115
1767173781.195238,-1,-2,-119
1767173781.205238,-3,-7,-122
1767173781.215238,2,-7,-123
1767173781.225238,6,-6,-136
1767173781.235238,2,-4,-133
1767173781.245238,0,-4,-126
1767173781.255238,0,-4,-128
1767173781.265238,-2,-5,-130
1767173781.275238,0,-7,-129
1767173781.2852385,-2,-7,-123
1767173781.2952385,-6,-9,-124
1767173781.3062382,-5,-4,-122
1767173781.3152382,-8,-1,-127
1767173781.3252382,-5,0,-130
1767173781.3352382,-5,0,-133
1767173781.3452382,-6,-2,-140
1767173781.3552382,-2,-5,-139
1767173781.3652382,-3,-8,-137
1767173781.3752382,-1,-11,-136
1767173781.3852382,-5,-6,-131
1767173781.3952382,-2,-8,-132
1767173781.4052382,0,-9,-132
1767173781.415238,4,-1,-126
1767173781.425238,0,0,-125
1767173781.435238,2,0,-130
1767173781.445238,0,2,-120
1767173781.455238,-1,0,-121
1767173781.465238,-3,-1,-125
1767173781.475238,-2,0,-126
1767173781.485238,-2,-1,-125
1767173781.495238,-1,-1,-122
1767173781.505238,-3,-6,-122
1767173781.515238,0,-6,-123
1767173781.525238,0,-5,-123
1767173781.5352385,0,-6,-124
1767173781.5452385,1,-6,-122
1767173781.5552382,0,-9,-118
1767173781.5652382,-1,-3,-122
1767173781.5752382,0,0,-120
1767173781.5852382,0,-2,-119
1767173781.5952382,2,-4,-115
1767173781.6052382,1,-5,-118
1767173781.627238,2,-3,-117
1767173781.6352382,1,-4,-113
1767173781.6452382,-1,-6,-110
1767173781.6552382,-1,-3,-119
1767173781.665238,4,-2,-123
1767173781.675238,0,0,-128
1767173781.685238,0,3,-125
1767173781.695238,-4,2,-122
1767173781.705238,-3,-2,-121
1767173781.715238,-6,-2,-128
1767173781.725238,-10,-3,-129
1767173781.735238,-9,-1,-135
1767173781.745238,-6,-3,-131
1767173781.755238,-3,0,-127
1767173781.765238,5,0,-129
1767173781.775238,1,0,-128
1767173781.7852385,0,0,-123
1767173781.7952385,1,-1,-129
1767173781.8052382,0,2,-135
1767173781.8152382,-3,-3,-135
1767173781.8252382,-4,-5,-131
1767173781.8352382,-6,-4,-123
1767173781.8452382,-8,-1,-131
1767173781.8552382,-1,2,-135
1767173781.8652382,-2,2,-130
1767173781.8752382,4,-1,-130
1767173781.8852382,0,-5,-126
1767173781.8952382,-1,-2,-122
1767173781.9052382,-5,-1,-127
1767173781.915238,-6,3,-132
1767173781.925238,0,0,-132
1767173781.935238,3,2,-126
1767173781.945238,3,3,-124
1767173781.955238,1,0,-125
1767173781.965238,-3,2,-130
1767173781.975238,-2,1,-126
1767173781.985238,3,2,-124
1767173781.995238,0,3,-127
1767173782.005238,1,1,-122
1767173782.015238,0,0,-117
1767173782.025238,-1,-2,-119
1767173782.0352385,3,0,-131
1767173782.0452385,2,0,-136
1767173782.0552382,-2,0,-132
1767173782.0652382,-5,0,-131
1767173782.0752382,-7,-1,-130
1767173782.0852382,-4,-3,-126
1767173782.0952382,-6,-5,-130
1767173782.1052382,0,-4,-129
1767173782.1152382,0,0,-126
1767173782.1252382,0,0,-124
1767173782.1352382,-5,0,-126
1767173782.1452382,-9,0,-122
1767173782.1552382,-6,2,-128
1767173782.165238,-4,0,-136
1767173782.175238,-4,0,-138
1767173782.185238,-1,0,-138
1767173782.195238,-4,-5,-137
1767173782.205238,-6,-3,-133
1767173782.215238,-3,-3,-133
1767173782.225238,-4,-4,-134
1767173782.235238,-10,0,-136
1767173782.245238,-7,1,-136
1767173782.255238,-3,1,-127
1767173782.265238,0,4,-126
1767173782.275238,2,10,-127
1767173782.2852385,1,8,-120
1767173782.2952385,1,5,-126
1767173782.3052382,1,9,-129
1767173782.3152382,7,9,-129
1767173782.3252382,5,3,-128
1767173782.3352382,0,-1,-126
1767173782.3452382,0,-3,-128
1767173782.3552382,-3,-4,-133
1767173782.3652382,-3,-1,-137
1767173782.3752382,-5,0,-135
1767173782.3852382,-4,1,-130
1767173782.3952382,-4,0,-121
1767173782.4052382,-3,-3,-118
1767173782.415238,-1,-3,-122
1767173782.425238,1,0,-123
1767173782.435238,-5,3,-126
1767173782.445238,-8,0,-126
1767173782.455238,-6,-1,-120
1767173782.465238,-6,-2,-117
1767173782.475238,-6,-5,-122
1767173782.485238,-6,-5,-120
1767173782.495238,-8,-1,-120
1767173782.505238,-7,-2,-122
1767173782.515238,-7,-5,-117
1767173782.525238,-8,-4,-118
1767173782.5352385,-12,-7,-117
1767173782.5452385,-11,-4,-115
1767173782.5552382,-10,-4,-114
1767173782.5652382,-11,-5,-115
1767173782.5752382,-10,-2,-118
1767173782.5852382,-15,0,-125
1767173782.5952382,-12,2,-126
1767173782.6052382,-7,3,-129
1767173782.6152382,-4,2,-127
1767173782.6252382,-6,0,-128
1767173782.6352382,-6,-1,-128
1767173782.6452382,-6,0,-126
1767173782.6552382,-2,-1,-129
1767173782.665238,-1,-1,-123
1767173782.675238,2,0,-125
1767173782.685238,1,0,-123
1767173782.695238,0,-2,-124
1767173782.705238,4,0,-126
1767173782.7162385,2,-1,-122
1767173782.7262385,0,-3,-125
1767173782.7362382,-2,-3,-129
1767173782.745238,-5,-7,-127
1767173782.755238,0,-7,-115
1767173782.765238,0,-5,-112
1767173782.7762382,1,-5,-123
1767173782.7852385,0,-2,-124
1767173782.7962382,0,-1,-122
1767173782.8062382,-2,-1,-121
1767173782.8162382,-2,0,-125
1767173782.8262382,-6,2,-129
1767173782.836238,-7,2,-129
1767173782.846238,-5,3,-126
1767173782.856238,0,0,-122
1767173782.866238,1,-3,-126
1767173782.876238,0,-5,-122
1767173782.886238,-2,-4,-129
1767173782.896238,0,-4,-127
1767173782.906238,3,-4,-121
1767173782.916238,1,-8,-124
1767173782.926238,1,-9,-132
1767173782.936238,-2,-9,-130
1767173782.946238,-4,-11,-131
1767173782.9562385,-7,-9,-129
1767173782.9662385,-6,-6,-131
1767173782.9762385,-5,-10,-122
1767173782.9862382,-3,-9,-128
1767173782.9962382,-2,-8,-130
1767173783.0062382,1,-7,-127
1767173783.0162382,1,-3,-122
1767173783.0262382,1,0,-124
1767173783.0362382,2,7,-121
1767173783.0462382,1,7,-124
1767173783.0562382,-2,0,-121
1767173783.0662382,0,-1,-119
1767173783.0762382,-1,-1,-119
1767173783.086238,0,-4,-122
1767173783.096238,-2,-2,-117
1767173783.106238,-3,-4,-118
1767173783.116238,-2,-6,-119
1767173783.126238,-2,-8,-121
1767173783.136238,-5,-12,-119
1767173783.146238,1,-14,-127
1767173783.156238,3,-9,-129
1767173783.166238,1,-7,-126
1767173783.176238,3,-3,-130
1767173783.186238,0,0,-131
1767173783.196238,-1,3,-122
1767173783.2062385,4,0,-130
1767173783.2162385,6,1,-129
1767173783.2262385,4,-1,-124
1767173783.2362382,-1,-2,-129
1767173783.2462382,-2,-3,-129
1767173783.2562382,-6,-1,-129
1767173783.2662382,-3,1,-128
1767173783.2762382,-1,4,-130
1767173783.2862382,-3,2,-130
1767173783.2962382,6,2,-131
1767173783.3062382,4,2,-129
1767173783.3162382,5,-1,-129
1767173783.3262382,1,-1,-129
1767173783.336238,3,-3,-131
1767173783.346238,7,0,-129
1767173783.356238,5,0,-125
1767173783.366238,2,-1,-119
1767173783.376238,0,-1,-114
1767173783.386238,0,0,-115
1767173783.396238,0,-1,-116
1767173783.406238,0,0,-114
1767173783.416238,3,0,-111
1767173783.426238,0,-1,-114
1767173783.436238,-6,0,-120
1767173783.446238,-7,0,-125
1767173783.4562385,-4,1,-127
1767173783.4662385,-2,1,-125
1767173783.4762385,-4,0,-123
1767173783.4862382,-3,0,-116
1767173783.4962382,-6,-1,-123
1767173783.5062382,-3,0,-125
1767173783.5162382,-1,0,-122
1767173783.5262382,0,1,-125
1767173783.5362382,-1,0,-123
1767173783.5462382,1,0,-124
1767173783.5562382,-2,-1,-119
1767173783.5662382,-5,-4,-116
1767173783.5762382,-7,-3,-115
1767173783.586238,-10,-2,-115
1767173783.596238,-4,-6,-119
1767173783.606238,0,-6,-127
1767173783.616238,-1,-1,-130
1767173783.626238,0,1,-129
1767173783.636238,-2,-3,-126
1767173783.646238,-6,-2,-129
1767173783.656238,-8,-1,-131
1767173783.666238,-8,0,-127
1767173783.676238,-9,0,-122
1767173783.686238,-9,0,-125
1767173783.696238,-7,0,-131
1767173783.7062385,-8,-1,-129
1767173783.7162385,-5,-3,-123
1767173783.7262385,0,-5,-118
1767173783.7362382,0,-5,-115
1767173783.7462382,-2,-4,-119
1767173783.7562382,0,-4,-113
1767173783.7662382,0,-3,-109
1767173783.7762382,1,-6,-107
1767173783.7862382,4,-6,-116
1767173783.7962382,6,-4,-118
1767173783.8062382,1,-1,-122
1767173783.8162382,-2,-2,-124
1767173783.8262382,-2,-2,-125
1767173783.836238,-5,1,-119
1767173783.846238,-3,0,-116
1767173783.856238,2,-1,-119
1767173783.866238,0,-2,-123
1767173783.876238,-1,0,-114
1767173783.886238,-2,2,-113
1767173783.896238,-4,5,-122
1767173783.906238,-9,5,-122
1767173783.916238,-8,1,-122
1767173783.926238,-6,0,-119
1767173783.936238,-2,0,-122
1767173783.946238,-1,0,-121
1767173783.9562385,-3,4,-122
1767173783.9662385,-1,4,-125
1767173783.9762385,1,2,-125
1767173783.9862382,6,0,-129
1767173783.9962382,6,3,-131
1767173784.0062382,7,4,-130
1767173784.0162382,4,3,-123
1767173784.0262382,1,2,-115
1767173784.0362382,5,1,-122
1767173784.0462382,4,0,-122
1767173784.0562382,4,-2,-124
1767173784.0662382,3,-6,-127
1767173784.0762382,-1,-4,-122
1767173784.086238,-1,-3,-119
1767173784.096238,-4,0,-122
1767173784.106238,-3,0,-120
1767173784.116238,-3,0,-118
1767173784.126238,1,0,-116
1767173784.136238,7,0,-124
1767173784.146238,6,-1,-126
1767173784.156238,6,-2,-126
1767173784.166238,3,0,-128
1767173784.176238,2,0,-128
1767173784.186238,3,-5,-120
1767173784.196238,6,-10,-121
1767173784.2062385,8,-7,-125
1767173784.2162385,1,-3,-125
1767173784.2262385,1,-5,-127
1767173784.2362382,3,-4,-126
1767173784.2462382,3,-3,-130
1767173784.2562382,9,0,-131
1767173784.2662382,4,0,-127
1767173784.2762382,2,2,-129
1767173784.2862382,4,3,-129
1767173784.2962382,1,3,-122
1767173784.3062382,-5,0,-115
1767173784.3162382,-4,-1,-112
1767173784.3262382,-2,-3,-116
1767173784.336238,0,-4,-126
1767173784.346238,-5,-5,-130
1767173784.356238,-5,-7,-132
1767173784.366238,-3,-4,-127
1767173784.376238,1,-2,-127
1767173784.386238,5,-3,-128
1767173784.396238,4,-6,-122
1767173784.406238,6,-8,-119
1767173784.416238,7,-4,-120
1767173784.426238,6,-3,-122
1767173784.436238,1,-1,-127
1767173784.446238,5,1,-126
1767173784.4562385,5,0,-128
1767173784.4662385,8,-2,-132
1767173784.4762385,6,0,-125
1767173784.4862382,1,2,-125
1767173784.4962382,-1,4,-120
1767173784.5062382,-1,5,-121
1767173784.5162382,-4,4,-121
1767173784.5262382,0,2,-120
1767173784.5362382,-2,0,-123
1767173784.5462382,-1,0,-125
1767173784.5562382,-4,1,-124
1767173784.5662382,-4,3,-125
1767173784.5762382,-2,0,-128
1767173784.586238,-9,1,-129
1767173784.596238,-9,-3,-130
1767173784.606238,-6,-3,-130
1767173784.616238,-8,-2,-128
1767173784.626238,-8,-1,-123
1767173784.636238,-7,-4,-121
1767173784.646238,-4,-3,-126
1767173784.656238,0,-2,-127
1767173784.666238,1,0,-124
1767173784.676238,0,0,-125
1767173784.686238,1,-2,-126
1767173784.696238,4,1,-132
1767173784.7062385,2,0,-127
1767173784.7162385,5,0,-117
1767173784.7262385,7,2,-119
1767173784.7362382,5,1,-122
1767173784.7462382,8,-1,-121
1767173784.7562382,7,3,-124
1767173784.7662382,4,8,-129
1767173784.7762382,0,8,-128
1767173784.7862382,4,8,-125
1767173784.7962382,-1,13,-127
1767173784.8062382,0,8,-127
1767173784.8162382,0,7,-125
1767173784.8262382,-2,7,-132
1767173784.836238,-6,9,-125
1767173784.846238,-4,6,-121
1767173784.856238,-8,3,-119
1767173784.866238,-3,2,-124
1767173784.876238,-7,6,-128
1767173784.886238,-4,3,-133
1767173784.896238,-1,2,-134
1767173784.906238,-1,0,-130
1767173784.916238,1,-1,-122
1767173784.926238,-1,-3,-117
1767173784.936238,-1,-8,-114
1767173784.946238,0,-5,-116
1767173784.9562385,2,-7,-116
1767173784.9662385,1,-5,-115
1767173784.9762385,0,-3,-114
1767173784.9862382,-3,1,-123
1767173784.9962382,0,0,-114
1767173785.0062382,0,-5,-115
1767173785.0162382,1,-12,-121
1767173785.0262382,0,-15,-130
1767173785.0362382,0,-10,-128
1767173785.0462382,5,-6,-131
1767173785.0562382,0,-5,-129
1767173785.0662382,2,-5,-124
1767173785.0762382,3,-7,-117
1767173785.086238,4,-4,-116
1767173785.096238,0,-1,-118
1767173785.106238,0,-1,-118
1767173785.116238,4,0,-122
1767173785.126238,1,0,-116
1767173785.136238,0,3,-121
1767173785.146238,0,3,-124
1767173785.156238,-1,-4,-126
1767173785.166238,-2,-3,-124
1767173785.176238,0,-3,-128
1767173785.186238,-1,0,-124
1767173785.196238,0,-2,-115
1767173785.2062385,2,-4,-116
1767173785.2162385,1,-4,-116
1767173785.2262385,0,-1,-115
1767173785.2362382,2,-1,-120
1767173785.2462382,7,-6,-119
1767173785.2562382,0,-3,-120
1767173785.2662382,-5,-2,-126
1767173785.2762382,-2,0,-128
1767173785.2862382,-1,1,-130
1767173785.2962382,-1,1,-129
1767173785.3062382,0,0,-122
1767173785.3162382,1,2,-120
1767173785.3262382,5,1,-119
1767173785.336238,4,-1,-119
1767173785.346238,3,2,-124
1767173785.356238,-3,0,-126
1767173785.366238,-6,0,-122
1767173785.377238,-7,0,-120
1767173785.3872385,-10,0,-117
1767173785.3972385,-6,-2,-115
1767173785.406238,0,-4,-116
1767173785.416238,0,-4,-112
1767173785.4272382,2,-3,-110
1767173785.4372382,0,-3,-108
1767173785.4472382,0,-5,-116
1767173785.4572382,0,-3,-117
1767173785.4672382,3,-1,-119
1767173785.4772382,0,-1,-115
1767173785.4872382,1,-3,-115
1767173785.4972382,1,-5,-114
1767173785.507238,0,-8,-118
1767173785.517238,1,-7,-118
1767173785.527238,3,-3,-121
1767173785.537238,5,-3,-118
1767173785.547238,3,-4,-120
1767173785.557238,2,-6,-123
1767173785.567238,-1,-3,-117
1767173785.577238,-3,-6,-118
1767173785.587238,-4,-6,-113
1767173785.597238,-2,-5,-113
1767173785.607238,-1,-7,-115
1767173785.617238,1,-4,-112
1767173785.627238,4,-4,-108
1767173785.6372385,4,-1,-120
1767173785.6472385,3,-4,-125
1767173785.6572382,0,-8,-125
1767173785.6672382,0,-8,-128
1767173785.6772382,-2,-9,-128
1767173785.6872382,-5,-5,-127
1767173785.6972382,-6,-1,-130
1767173785.7072382,-6,-3,-123
1767173785.7172382,-8,0,-117
1767173785.7272382,-9,3,-116
1767173785.7372382,-7,3,-112
1767173785.7472382,-7,0,-116
1767173785.757238,-4,0,-115
1767173785.767238,0,2,-116
1767173785.777238,3,0,-110
1767173785.787238,-1,-3,-110
1767173785.797238,-2,-5,-103
1767173785.807238,-1,-8,-100
1767173785.817238,3,-5,-103
1767173785.827238,5,-5,-107
1767173785.837238,6,-4,-108
1767173785.847238,4,-6,-114
1767173785.857238,9,-6,-111
1767173785.867238,4,-8,-112
1767173785.877238,0,-10,-120
1767173785.8872385,-1,-6,-115
1767173785.8972385,-3,-8,-120
1767173785.9072382,-1,-11,-120
1767173785.9172382,-1,-12,-116
1767173785.9272382,-2,-8,-121
1767173785.9372382,-5,-3,-122
1767173785.9472382,-4,-1,-124
1767173785.9572382,-5,-2,-124
1767173785.9672382,-4,-3,-127
1767173785.9772382,-4,0,-126
1767173785.9872382,-2,0,-118
1767173785.9972382,-2,-2,-116
1767173786.007238,-4,0,-115
1767173786.017238,-1,-2,-118
1767173786.027238,2,0,-125
1767173786.037238,0,-8,-125
1767173786.047238,-4,-8,-127
1767173786.057238,-2,-5,-125
1767173786.067238,-3,-4,-123
1767173786.077238,-5,-4,-123
1767173786.087238,-4,-1,-121
1767173786.097238,-3,-1,-119
1767173786.107238,0,-2,-122
1767173786.117238,0,-4,-120
1767173786.127238,-4,-2,-118
1767173786.1372385,-5,-1,-116
1767173786.1472385,-4,0,-118
1767173786.1572382,-2,0,-122
1767173786.1672382,-2,1,-127
1767173786.1772382,1,4,-123
1767173786.1872382,-2,3,-125
1767173786.1972382,1,-5,-127
1767173786.2072382,0,-6,-120
1767173786.2172382,-1,0,-119
1767173786.2272382,-4,0,-115
1767173786.2372382,-4,0,-116
1767173786.2472382,-5,0,-126
1767173786.257238,-4,0,-125
1767173786.267238,-4,0,-126
1767173786.277238,-2,0,-119
1767173786.287238,-4,4,-122
1767173786.297238,-1,3,-125
1767173786.307238,-4,-1,-122
1767173786.317238,-3,-1,-123
1767173786.327238,-5,-2,-126
1767173786.337238,-6,0,-126
1767173786.347238,-7,-1,-129
1767173786.357238,-2,-1,-126
1767173786.367238,0,-5,-126
1767173786.377238,0,-6,-123
1767173786.3872385,-2,-4,-124
1767173786.3972385,-1,-1,-125
1767173786.4072382,-4,-5,-124
1767173786.4172382,-4,-4,-126
1767173786.4272382,-2,-7,-129
1767173786.4372382,-5,-10,-129
1767173786.4472382,-2,-9,-126
1767173786.4572382,-1,-6,-122
1767173786.4672382,-6,-2,-117
1767173786.4772382,-6,0,-117
1767173786.4872382,-3,2,-121
1767173786.4972382,-2,1,-126
1767173786.507238,0,5,-127
1767173786.517238,0,4,-131
1767173786.527238,3,6,-126
1767173786.537238,5,3,-131
1767173786.547238,-2,0,-132
1767173786.557238,-1,1,-130
1767173786.567238,0,0,-131
1767173786.577238,-3,0,-127
1767173786.587238,0,-2,-129
1767173786.597238,1,-3,-129
1767173786.607238,1,0,-132
1767173786.617238,-2,-2,-133
1767173786.639238,0,-3,-125
1767173786.6472385,2,-4,-130
1767173786.6572382,3,-2,-130
1767173786.6672382,1,0,-125
1767173786.6772382,4,0,-124
1767173786.6872382,5,-1,-125
1767173786.6972382,2,-2,-123
1767173786.7072382,0,-2,-124
1767173786.7172382,0,-3,-124
1767173786.7272382,-3,0,-122
1767173786.7372382,-3,-1,-129
1767173786.7472382,0,-2,-123
1767173786.757238,3,0,-122
1767173786.767238,0,3,-120
1767173786.777238,0,3,-116
1767173786.787238,-2,6,-108
1767173786.797238,-6,5,-108
1767173786.807238,-5,2,-113
1767173786.817238,-1,1,-115
1767173786.827238,-5,0,-114
1767173786.837238,-3,1,-117
1767173786.847238,0,-3,-116
1767173786.857238,0,-2,-110
1767173786.867238,-4,-4,-106
1767173786.877238,-2,-4,-114
1767173786.8872385,-2,-1,-109
1767173786.8972385,-4,-1,-115
1767173786.9072382,-1,-1,-124
1767173786.9172382,-4,-2,-123
1767173786.9272382,-1,-3,-126
1767173786.9372382,2,-2,-121
1767173786.9472382,3,1,-120
1767173786.9572382,5,0,-123
1767173786.9672382,4,-3,-128
1767173786.9772382,0,-1,-124
1767173786.9872382,-5,-1,-125
1767173786.9972382,-7,-1,-116
1767173787.007238,-3,-1,-113
1767173787.017238,0,-2,-116
1767173787.027238,2,-3,-116
1767173787.037238,1,-5,-119
1767173787.047238,-1,-4,-118
1767173787.057238,-1,-3,-117
1767173787.067238,0,-5,-114
1767173787.077238,-1,-6,-107
1767173787.087238,-3,-3,-115
1767173787.097238,-4,-3,-117
1767173787.107238,-4,-1,-117
1767173787.117238,-2,0,-121
1767173787.127238,-4,1,-123
1767173787.1372385,-5,0,-121
1767173787.1472385,-6,0,-111
1767173787.1572382,-1,1,-113
1767173787.1672382,0,-1,-113
1767173787.1772382,0,2,-119
1767173787.1872382,3,2,-121
1767173787.1972382,2,3,-126
1767173787.2072382,1,2,-125
1767173787.2172382,-1,-1,-116
1767173787.2272382,-5,-3,-113
1767173787.2372382,-5,-2,-109
1767173787.2472382,-7,-3,-111
1767173787.257238,-3,-5,-114
1767173787.267238,-4,-6,-113
1767173787.277238,-2,-7,-115
1767173787.287238,0,-11,-116
1767173787.297238,-2,-9,-119
1767173787.307238,-12,-6,-129
1767173787.317238,-9,-7,-130
1767173787.327238,-7,-8,-123
1767173787.337238,-4,-6,-118
1767173787.347238,-6,-4,-114
1767173787.357238,-7,-4,-116
1767173787.367238,-2,-4,-118
1767173787.377238,-3,-5,-118
1767173787.3872385,2,-4,-117
1767173787.3972385,4,-1,-120
1767173787.4072382,8,0,-125
1767173787.4172382,4,-3,-126
1767173787.4272382,2,-3,-129
1767173787.4372382,-2,-6,-121
1767173787.4472382,-4,-4,-125
1767173787.4572382,-7,0,-129
1767173787.4672382,-11,0,-128
1767173787.4772382,-9,0,-128
1767173787.4872382,-9,0,-128
1767173787.4972382,-7,2,-126
1767173787.507238,0,1,-125
1767173787.517238,0,0,-125
1767173787.527238,0,3,-125
1767173787.537238,3,4,-128
1767173787.547238,3,3,-130
1767173787.557238,1,4,-125
1767173787.567238,4,3,-121
1767173787.577238,6,3,-119
1767173787.587238,6,1,-124
1767173787.597238,1,0,-123
1767173787.607238,2,0,-116
1767173787.617238,0,0,-120
1767173787.627238,0,1,-119
1767173787.6372385,-3,4,-124
1767173787.6472385,-6,8,-120
1767173787.6572382,-3,10,-122
1767173787.6672382,-1,6,-121
1767173787.6772382,0,4,-119
1767173787.6872382,0,5,-114
1767173787.6972382,-2,4,-119
1767173787.7072382,-2,0,-126
1767173787.7172382,-5,-1,-133
1767173787.7272382,-5,-2,-133
1767173787.7372382,-2,-1,-132
1767173787.7472382,0,3,-133
1767173787.757238,-2,0,-131
1767173787.767238,0,0,-134
1767173787.777238,-2,-1,-135
1767173787.787238,-4,4,-135
1767173787.797238,0,2,-129
1767173787.807238,-4,4,-130
1767173787.817238,-2,2,-122
1767173787.827238,0,0,-123
1767173787.837238,2,-1,-120
1767173787.847238,1,-1,-118
1767173787.857238,1,0,-123
1767173787.867238,-1,1,-124
1767173787.877238,0,0,-123
1767173787.8872385,-2,0,-125
1767173787.8972385,-4,-3,-127
1767173787.9072382,-5,2,-129
1767173787.9172382,-2,2,-124
1767173787.9272382,-1,2,-120
1767173787.9372382,-2,2,-120
1767173787.9472382,-2,0,-124
1767173787.9572382,-4,-4,-128
1767173787.9672382,-4,-5,-131
1767173787.9772382,-5,-1,-127
1767173787.9872382,-2,0,-134
1767173787.998238,-5,4,-133
1767173788.007238,-6,4,-131
1767173788.018238,-6,2,-132
1767173788.028238,-7,5,-127
1767173788.038238,-4,1,-128
1767173788.047238,0,1,-128
1767173788.0582385,-1,1,-125
1767173788.0682385,-3,3,-125
1767173788.0782382,-5,2,-122
1767173788.0882382,-5,1,-126
1767173788.0982382,-7,-3,-126
1767173788.1082382,-1,-4,-127
1767173788.1182382,2,-5,-120
1767173788.1282382,10,-6,-121
1767173788.1382382,10,-3,-118
1767173788.1482382,8,-4,-118
1767173788.1582382,8,-6,-121
1767173788.1682382,7,-1,-121
1767173788.1782382,1,-2,-117
1767173788.188238,0,-2,-119
1767173788.198238,-2,0,-122
1767173788.208238,-4,-1,-128
1767173788.218238,-4,-1,-128
1767173788.228238,-3,0,-131
1767173788.238238,-3,0,-136
1767173788.248238,1,3,-131
1767173788.258238,5,3,-132
1767173788.268238,4,1,-126
1767173788.278238,2,1,-128
1767173788.288238,0,0,-130
1767173788.298238,-1,0,-128
1767173788.3082385,0,-2,-126
1767173788.3182385,-1,-7,-124
1767173788.3282382,0,-11,-129
1767173788.3382382,0,-8,-131
1767173788.3482382,-2,-9,-127
1767173788.3582382,-1,-10,-127
1767173788.3682382,-2,-7,-128
1767173788.3782382,0,-7,-137
1767173788.3882382,-2,-7,-137
1767173788.3982382,-2,-5,-145
1767173788.4082382,-3,-5,-148
1767173788.4182382,0,-5,-138
1767173788.4282382,-1,0,-134
1767173788.438238,-1,4,-132
1767173788.448238,-4,3,-131
1767173788.458238,-5,0,-136
1767173788.468238,0,4,-132
1767173788.478238,-1,3,-128
1767173788.488238,0,0,-126
1767173788.498238,0,0,-120
1767173788.508238,1,0,-120
1767173788.518238,-4,2,-124
1767173788.528238,-10,4,-128
1767173788.538238,-5,-1,-133
1767173788.548238,-10,-6,-133
1767173788.5582385,-10,-6,-134
1767173788.5682385,-12,-6,-131
1767173788.5782382,-9,-4,-132
1767173788.5882382,-3,-5,-134
1767173788.5982382,-3,-4,-132
1767173788.6082382,-5,-3,-137
1767173788.6182382,-3,-6,-127
1767173788.6282382,-6,-7,-118
1767173788.6382382,-2,-4,-117
1767173788.6482382,0,-4,-122
1767173788.6582382,0,-1,-124
1767173788.6682382,-1,0,-126
1767173788.6782382,0,1,-126
1767173788.688238,0,3,-130
1767173788.698238,-3,4,-134
1767173788.708238,-3,-1,-136
1767173788.718238,-1,0,-139
1767173788.728238,-3,-2,-138
1767173788.738238,-5,-2,-138
1767173788.748238,-3,-1,-134
1767173788.758238,-5,0,-129
1767173788.768238,-4,0,-131
1767173788.778238,-3,0,-128
1767173788.788238,2,-3,-125
1767173788.798238,6,-1,-129
1767173788.8082385,-1,-1,-131
1767173788.8182385,0,-6,-127
1767173788.8282382,0,-6,-134
1767173788.8382382,1,-4,-137
1767173788.8482382,2,-10,-135
1767173788.8582382,-1,-10,-132
1767173788.8682382,-3,-9,-126
1767173788.8782382,-3,-8,-129
1767173788.8882382,-2,-4,-135
1767173788.8982382,-3,-1,-139
1767173788.9082382,-1,0,-127
1767173788.9182382,0,0,-121
1767173788.9282382,0,2,-118
1767173788.938238,-3,0,-118
1767173788.948238,-3,-4,-118
1767173788.958238,-7,-2,-117
1767173788.968238,-11,0,-121
1767173788.978238,-5,3,-129
1767173788.988238,-2,0,-122
1767173788.998238,0,0,-119
1767173789.008238,0,0,-120
1767173789.018238,0,-2,-120
1767173789.028238,-2,-2,-121
1767173789.038238,0,-4,-123
1767173789.048238,-3,-6,-128
1767173789.0582385,0,-6,-120
1767173789.0682385,4,-3,-126
1767173789.0782382,5,-6,-127
1767173789.0882382,2,-5,-121
1767173789.0982382,0,-6,-128
1767173789.1082382,0,-6,-126
1767173789.1182382,1,-7,-126
1767173789.1282382,1,0,-129
1767173789.1382382,1,1,-136
1767173789.1482382,2,0,-138
1767173789.1582382,1,1,-133
1767173789.1682382,0,4,-137
1767173789.1782382,-5,1,-138
1767173789.188238,-2,1,-132
1767173789.198238,-6,0,-135
1767173789.208238,-4,-2,-132
1767173789.218238,4,-5,-128
1767173789.228238,1,-3,-125
1767173789.238238,0,-4,-127
1767173789.248238,-1,-4,-119
1767173789.258238,-2,-1,-118
1767173789.268238,1,0,-112
1767173789.278238,4,1,-111
1767173789.288238,3,3,-115
1767173789.298238,0,7,-113
1767173789.3082385,2,6,-111
1767173789.3182385,4,7,-113
1767173789.3282382,3,6,-111
1767173789.3382382,2,4,-114
1767173789.3482382,3,0,-119
1767173789.3582382,2,-3,-122
1767173789.3682382,-1,-3,-124
1767173789.3782382,-2,0,-124
1767173789.3882382,0,3,-126
1767173789.3982382,0,2,-123
1767173789.4082382,-1,3,-122
1767173789.4182382,-2,0,-123
1767173789.4282382,-2,-4,-121
1767173789.438238,-4,0,-119
1767173789.448238,-1,2,-120
1767173789.458238,3,3,-127
1767173789.468238,0,6,-126
1767173789.478238,0,0,-128
1767173789.488238,1,0,-120
1767173789.498238,0,1,-122
1767173789.508238,1,0,-117
1767173789.518238,2,3,-114
1767173789.528238,4,1,-123
1767173789.538238,0,4,-121
1767173789.548238,-1,1,-123
1767173789.5582385,-6,-1,-126
1767173789.5682385,-8,-5,-125
1767173789.5782382,-5,-8,-122
1767173789.5882382,-4,-12,-127
1767173789.5982382,-1,-13,-131
1767173789.6082382,1,-10,-132
1767173789.6182382,2,-9,-133
1767173789.6282382,4,-7,-135
1767173789.6382382,2,-8,-136
1767173789.6482382,0,-9,-127
1767173789.6582382,-4,-5,-120
1767173789.6682382,-3,-2,-114
1767173789.6782382,-4,-3,-120
1767173789.688238,0,-3,-120
1767173789.698238,-1,-3,-118
1767173789.708238,-2,-2,-121
1767173789.718238,-3,0,-120
1767173789.728238,-3,0,-120
1767173789.738238,-3,-2,-127
1767173789.748238,-4,-2,-131
1767173789.758238,-2,-7,-132
1767173789.768238,-1,-6,-120
1767173789.778238,0,-8,-118
1767173789.788238,0,-6,-116
1767173789.798238,3,-5,-121
1767173789.8082385,2,-5,-120
1767173789.8182385,0,-5,-121
1767173789.8282382,-1,-6,-120
1767173789.8382382,0,-6,-124
1767173789.8482382,2,-5,-122
1767173789.8582382,4,-5,-115
1767173789.8682382,3,-4,-120
1767173789.8782382,4,0,-118
1767173789.8882382,1,0,-121
1767173789.8982382,1,3,-123
1767173789.9082382,-1,0,-126
1767173789.9182382,2,0,-128
1767173789.9282382,0,1,-132
1767173789.938238,2,0,-139
1767173789.948238,1,-4,-140
1767173789.958238,1,-3,-135
1767173789.968238,0,0,-132
1767173789.978238,4,-3,-129
1767173789.988238,1,-5,-125
1767173789.998238,-1,-4,-127
1767173790.008238,-1,-5,-123
1767173790.018238,0,-2,-126
1767173790.028238,0,0,-126
1767173790.038238,-3,-4,-128
1767173790.048238,-3,-6,-133
1767173790.0582385,-2,-6,-129
1767173790.0682385,-1,-6,-130
1767173790.0782382,-3,-4,-125
1767173790.0882382,0,-2,-130
1767173790.0982382,0,-1,-126
1767173790.1082382,2,0,-129
1767173790.1182382,5,0,-128
1767173790.1282382,2,-4,-125
1767173790.1382382,2,-5,-126
1767173790.1482382,1,-7,-131
1767173790.1582382,4,-1,-133
1767173790.1682382,9,0,-129
1767173790.1782382,-1,1,-127
1767173790.188238,-7,0,-126
1767173790.198238,-4,0,-123
1767173790.208238,-6,-1,-123
1767173790.218238,-3,0,-120
1767173790.228238,-1,0,-125
1767173790.238238,0,-3,-124
1767173790.248238,3,0,-125
1767173790.258238,3,-3,-123
1767173790.268238,4,0,-123
1767173790.278238,3,-4,-113
1767173790.288238,4,-5,-110
1767173790.298238,2,-5,-111
1767173790.3082385,0,-4,-122
1767173790.3182385,1,-3,-123
1767173790.3282382,0,-4,-122
1767173790.3382382,0,-5,-121
1767173790.3482382,2,-1,-122
1767173790.3582382,1,1,-127
1767173790.3682382,1,3,-122
1767173790.3782382,4,0,-118
1767173790.3882382,5,-3,-119
1767173790.3982382,0,-6,-121
1767173790.4082382,1,-6,-122
1767173790.4182382,3,-4,-121
1767173790.4282382,7,-4,-117
1767173790.438238,3,-1,-123
1767173790.448238,5,1,-126
1767173790.458238,5,2,-130
1767173790.468238,3,1,-124
1767173790.478238,2,1,-120
1767173790.488238,0,-1,-120
1767173790.498238,-4,-1,-121
1767173790.508238,-7,-3,-122
1767173790.518238,-4,-2,-126
1767173790.528238,-4,-3,-126
1767173790.538238,-5,-6,-122
1767173790.548238,1,-8,-117
1767173790.5582385,3,-5,-121
1767173790.5682385,1,-4,-121
1767173790.5782382,3,0,-126
1767173790.5882382,-1,1,-129
1767173790.5982382,0,0,-126
1767173790.6082382,1,-4,-132
1767173790.619238,0,-1,-135
1767173790.6282382,2,1,-136
1767173790.6382382,0,0,-136
1767173790.6482382,-2,-2,-140
1767173790.6582382,-5,-4,-141
1767173790.6682382,-1,-9,-134
1767173790.679238,-2,-14,-131
1767173790.689238,-5,-9,-133
1767173790.699238,-3,-6,-136
1767173790.709238,-1,-6,-126
1767173790.719238,0,-5,-127
1767173790.7292385,-1,-3,-124
1767173790.7392385,0,0,-126
1767173790.7492385,-9,-5,-130
1767173790.7592382,-10,-6,-132
1767173790.7692382,-12,-4,-129
1767173790.7792382,-8,-5,-124
1767173790.7892382,-5,-6,-123
1767173790.7992382,-1,-8,-131
1767173790.8092382,0,-7,-129
1767173790.8192382,2,-6,-129
1767173790.8292382,-2,-8,-126
1767173790.8392382,-1,-5,-128
1767173790.8492382,0,-1,-126
1767173790.859238,1,-4,-125
1767173790.869238,0,-1,-122
1767173790.879238,0,0,-115
1767173790.889238,-2,-1,-116
1767173790.899238,-3,0,-123
1767173790.909238,0,0,-129
1767173790.919238,-2,0,-130
1767173790.929238,1,1,-127
1767173790.939238,2,2,-123
1767173790.949238,-1,2,-128
1767173790.959238,0,6,-124
1767173790.969238,-1,10,-127
1767173790.9792385,-5,4,-123
1767173790.9892385,-7,4,-128
1767173790.9992385,-6,1,-129
1767173791.0092382,-2,2,-127
1767173791.0192382,0,0,-130
1767173791.0292382,0,-2,-134
1767173791.0392382,-1,-4,-134
1767173791.0492382,-1,-7,-144
1767173791.0592382,-4,-8,-143
1767173791.0692382,-3,-6,-140
1767173791.0792382,-1,-6,-130
1767173791.0892382,-1,-9,-128
1767173791.0992382,0,-8,-128
1767173791.109238,0,-7,-132
1767173791.119238,1,-3,-130
1767173791.129238,4,-4,-124
1767173791.139238,5,-8,-122
1767173791.149238,5,-2,-122
1767173791.159238,1,-1,-116
1767173791.169238,0,0,-115
1767173791.179238,-1,0,-121
1767173791.189238,-2,-1,-119
1767173791.199238,-2,-3,-121
1767173791.209238,-1,-3,-123
1767173791.219238,2,-7,-130
1767173791.2292385,8,-5,-122
1767173791.2392385,3,-7,-120
1767173791.2492385,3,-6,-125
1767173791.2592382,3,-4,-121
1767173791.2692382,0,-4,-118
1767173791.2792382,-1,-2,-116
1767173791.2892382,0,-2,-118
1767173791.2992382,-2,-8,-125
1767173791.3092382,0,-9,-127
1767173791.3192382,1,-6,-124
1767173791.3292382,2,-8,-123
1767173791.3392382,6,-9,-128
1767173791.3492382,3,-9,-130
1767173791.359238,4,-7,-131
1767173791.369238,2,-7,-131
1767173791.379238,1,-4,-129
1767173791.389238,3,-10,-135
1767173791.399238,2,-9,-140
1767173791.409238,0,-3,-133
1767173791.419238,-3,-2,-130
1767173791.429238,-3,-3,-129
1767173791.439238,-1,-5,-123
1767173791.449238,6,0,-118
1767173791.459238,5,0,-113
1767173791.469238,5,1,-108
1767173791.4792385,2,0,-111
1767173791.4892385,-1,1,-117
1767173791.4992385,0,-1,-126
1767173791.5092382,0,-4,-127
1767173791.5192382,-5,-3,-123
1767173791.5292382,-3,-1,-121
1767173791.5392382,-4,0,-126
1767173791.5492382,-1,0,-130
1767173791.5592382,-1,-4,-127
1767173791.5692382,-4,-1,-116
1767173791.5792382,-3,-1,-116
1767173791.5892382,-5,-3,-114
1767173791.5992382,-3,-2,-118
1767173791.609238,-4,-1,-115
1767173791.619238,-1,0,-120
1767173791.629238,1,2,-119
1767173791.650238,1,0,-124
1767173791.659238,3,0,-123
1767173791.669238,1,1,-134
1767173791.679238,0,0,-136
1767173791.689238,0,-1,-131
1767173791.699238,-2,0,-133
1767173791.709238,0,-4,-129
1767173791.719238,2,-2,-118
1767173791.7292385,1,-2,-126
1767173791.7392385,3,0,-124
1767173791.7492385,2,2,-128
1767173791.7592382,-3,1,-128
1767173791.7692382,-4,1,-130
1767173791.7792382,-4,0,-125
1767173791.7892382,-2,0,-132
1767173791.7992382,0,-5,-123
1767173791.8092382,4,-5,-120
1767173791.8192382,5,-7,-124
1767173791.8292382,3,-4,-126
1767173791.8392382,2,-5,-126
1767173791.8492382,0,-6,-129
1767173791.859238,3,-8,-134
1767173791.869238,1,-4,-143
1767173791.879238,3,-4,-138
1767173791.889238,1,-2,-133
1767173791.899238,0,-2,-122
1767173791.909238,0,-1,-130
1767173791.919238,-3,-7,-120
1767173791.929238,-4,-8,-121
1767173791.939238,-2,-7,-124
1767173791.949238,0,-7,-122
1767173791.959238,3,-3,-123
1767173791.969238,4,-4,-120
1767173791.9792385,6,-6,-118
1767173791.9892385,4,-2,-116
1767173791.9992385,3,0,-122
1767173792.0092382,-1,0,-125
1767173792.0192382,-4,0,-128
1767173792.0292382,-3,0,-132
1767173792.0392382,0,-2,-132
1767173792.0492382,6,-1,-130
1767173792.0592382,5,0,-122
1767173792.0692382,1,0,-123
1767173792.0792382,0,0,-127
1767173792.0892382,-3,-4,-128
1767173792.0992382,-3,-5,-131
1767173792.109238,-5,-6,-133
1767173792.119238,-1,-2,-134
1767173792.129238,6,-2,-126
1767173792.139238,3,-1,-128
1767173792.149238,1,-1,-127
1767173792.159238,1,-2,-126
1767173792.169238,-2,-1,-124
1767173792.179238,0,0,-127
1767173792.189238,-2,-1,-121
1767173792.199238,0,3,-126
1767173792.209238,0,0,-124
1767173792.219238,2,0,-123
1767173792.2292385,1,-3,-116
1767173792.2392385,0,-3,-121
1767173792.2492385,-6,-3,-117
1767173792.2592382,-2,-1,-118
1767173792.2692382,5,0,-121
1767173792.2792382,2,-1,-122
1767173792.2892382,0,-1,-124
1767173792.2992382,2,1,-127
1767173792.3092382,-1,2,-129
1767173792.3192382,-6,0,-133
1767173792.3292382,-7,0,-131
1767173792.3392382,-5,0,-138
1767173792.3492382,-5,2,-131
1767173792.359238,-2,2,-126
1767173792.369238,-5,0,-132
1767173792.379238,-5,2,-134
1767173792.389238,0,0,-137
1767173792.399238,-1,-1,-131
1767173792.409238,-4,0,-123
1767173792.419238,-5,-3,-128
1767173792.429238,-6,-4,-127
1767173792.439238,-7,-4,-128
1767173792.449238,-4,-1,-129
1767173792.459238,-5,0,-129
1767173792.469238,-2,0,-131
1767173792.4792385,1,-3,-132
1767173792.4892385,-1,-3,-129
1767173792.4992385,-6,-5,-132
1767173792.5092382,-4,-7,-136
1767173792.5192382,-4,-7,-128
1767173792.5292382,-6,-7,-132
1767173792.5392382,-5,-9,-130
1767173792.5492382,-6,-13,-136
1767173792.5592382,-3,-11,-136
1767173792.5692382,-4,-9,-131
1767173792.5792382,-5,-4,-126
1767173792.5892382,-6,-1,-123
1767173792.5992382,-6,0,-120
1767173792.609238,-7,0,-125
1767173792.619238,-5,5,-130
1767173792.629238,-5,4,-130
1767173792.639238,-7,5,-129
1767173792.649238,-5,3,-132
1767173792.659238,-11,4,-124
1767173792.669238,-5,2,-124
1767173792.679238,0,1,-125
1767173792.689238,0,0,-127
1767173792.699238,0,0,-131
1767173792.709238,1,-5,-128
1767173792.719238,4,-6,-130
1767173792.7292385,-1,-8,-127
1767173792.7392385,0,-5,-124
1767173792.7492385,0,-7,-120
1767173792.7592382,-4,-7,-126
1767173792.7692382,0,-4,-125
1767173792.7792382,0,2,-124
1767173792.7892382,0,3,-117
1767173792.7992382,-1,2,-121
1767173792.8092382,0,2,-126
1767173792.8192382,0,3,-132
1767173792.8292382,0,2,-129
1767173792.8392382,1,-3,-129
1767173792.8492382,-2,-3,-131
1767173792.859238,0,-6,-132
1767173792.869238,4,-8,-134
1767173792.879238,0,-6,-131
1767173792.889238,0,-5,-133
1767173792.899238,-2,0,-124
1767173792.909238,-2,2,-124
1767173792.919238,0,3,-126
1767173792.929238,-1,3,-123
1767173792.939238,0,0,-126
1767173792.949238,-7,0,-129
1767173792.959238,-2,-4,-127
1767173792.969238,1,0,-132
1767173792.9792385,-3,0,-135
1767173792.9892385,-3,1,-138
1767173792.9992385,-8,0,-145
1767173793.0092382,-9,1,-139
1767173793.0192382,-6,2,-134
1767173793.0292382,-1,2,-141
1767173793.0392382,2,0,-143
1767173793.0492382,4,-1,-146
1767173793.0592382,1,0,-143
1767173793.0692382,1,0,-134
1767173793.0792382,-2,-1,-133
1767173793.0892382,-2,-1,-133
1767173793.0992382,-9,0,-131
1767173793.109238,-9,-3,-129
1767173793.119238,-9,-6,-127
1767173793.129238,-5,-7,-126
1767173793.139238,-8,-5,-126
1767173793.149238,-11,-5,-126
1767173793.159238,-11,-9,-124
1767173793.169238,-7,-10,-124
1767173793.179238,-10,-6,-121
1767173793.189238,-9,-4,-119
1767173793.199238,-3,-2,-125
1767173793.209238,-1,0,-119
1767173793.2202382,-3,0,-122
1767173793.2292385,-5,-2,-124
1767173793.2392385,-2,2,-124
1767173793.2492385,0,1,-121
1767173793.2592382,0,0,-122
1767173793.2692382,0,-2,-121
1767173793.2792382,1,-5,-126
1767173793.2892382,3,-4,-124
1767173793.2992382,1,0,-123
1767173793.310238,0,0,-128
1767173793.320238,-1,2,-127
1767173793.330238,-1,0,-127
1767173793.340238,0,0,-126
1767173793.350238,6,-2,-120
1767173793.360238,9,-4,-120
1767173793.370238,7,-6,-119
1767173793.380238,4,0,-120
1767173793.390238,4,0,-121
1767173793.400238,7,-1,-124
1767173793.4102385,3,0,-123
1767173793.4202385,3,-2,-123
1767173793.4302382,0,-5,-124
1767173793.4402382,-2,-2,-122
1767173793.4502382,-1,-2,-120
1767173793.4602382,-2,-3,-123
1767173793.4702382,-5,-4,-112
1767173793.4802382,-3,-3,-113
1767173793.4902382,0,-2,-118
1767173793.5002382,0,0,-120
1767173793.5102382,-2,0,-114
1767173793.5202382,-1,1,-116
1767173793.5302382,-5,2,-116
1767173793.540238,-6,5,-115
1767173793.550238,-5,2,-113
1767173793.560238,-5,-1,-124
1767173793.570238,-3,-4,-120
1767173793.580238,-5,-5,-121
1767173793.590238,-8,-5,-123
1767173793.600238,-7,-6,-129
1767173793.610238,-6,-3,-129
1767173793.620238,-3,2,-128
1767173793.630238,0,0,-121
1767173793.640238,2,0,-116
1767173793.650238,5,-3,-119
1767173793.6602385,2,-4,-120
1767173793.6702385,0,-7,-124
1767173793.6802382,-2,-8,-122
1767173793.6902382,-1,-7,-125
1767173793.7002382,-2,-10,-129
1767173793.7102382,-7,-11,-121
1767173793.7202382,-8,-6,-120
1767173793.7302382,-5,-10,-125
1767173793.7402382,-1,-7,-120
1767173793.7502382,1,-6,-121
1767173793.7602382,5,-3,-119
1767173793.7702382,0,0,-123
1767173793.7802382,0,0,-128
1767173793.790238,2,1,-123
1767173793.800238,2,-1,-124
1767173793.810238,3,-5,-122
1767173793.820238,-1,-14,-113
1767173793.830238,-4,-13,-114
1767173793.840238,-2,-6,-115
1767173793.850238,0,-4,-122
1767173793.860238,0,-4,-126
1767173793.870238,2,-4,-116
1767173793.880238,2,-2,-114
1767173793.890238,2,0,-114
1767173793.900238,7,3,-105
1767173793.9102385,10,7,-108
1767173793.9202385,6,4,-109
1767173793.9302382,3,1,-117
1767173793.9402382,0,-2,-120
1767173793.9502382,3,-2,-126
1767173793.9602382,1,-4,-123
1767173793.9702382,0,-5,-114
1767173793.9802382,0,-5,-115
1767173793.9902382,1,-5,-115
1767173794.0002382,1,-4,-111
1767173794.0102382,-2,-2,-117
1767173794.0202382,0,2,-122
1767173794.0302382,2,1,-120
1767173794.040238,0,5,-122
1767173794.050238,-2,3,-123
1767173794.060238,0,0,-126
1767173794.070238,0,-1,-121
1767173794.080238,0,-1,-120
1767173794.090238,1,-1,-120
1767173794.100238,-6,-1,-120
1767173794.110238,-7,-2,-119
1767173794.120238,-7,-2,-116
1767173794.130238,-2,-2,-111
1767173794.140238,-3,1,-109
1767173794.150238,-1,0,-113
1767173794.1602385,4,0,-110
1767173794.1702385,5,0,-110
1767173794.1802382,4,0,-114
1767173794.1902382,2,0,-117
1767173794.2002382,0,0,-118
1767173794.2102382,-2,1,-119
1767173794.2202382,-2,4,-123
1767173794.2302382,-2,2,-122
1767173794.2402382,-1,2,-122
1767173794.2502382,6,0,-121
1767173794.2602382,7,2,-122
1767173794.2702382,4,-1,-120
1767173794.2802382,-1,-5,-118
1767173794.290238,-1,-5,-125
1767173794.300238,0,-6,-125
1767173794.310238,0,-6,-124
1767173794.320238,1,-7,-125
1767173794.330238,0,-10,-129
1767173794.340238,2,-8,-126
1767173794.350238,-1,-7,-127
1767173794.360238,0,-7,-136
1767173794.370238,0,-6,-131
1767173794.380238,1,-10,-131
1767173794.390238,2,-13,-127
1767173794.400238,2,-14,-120
1767173794.4102385,0,-13,-121
1767173794.4202385,-2,-11,-121
1767173794.4302382,-3,-7,-128
1767173794.4402382,-1,-9,-128
1767173794.4502382,-1,-11,-133
1767173794.4602382,-2,-13,-131
1767173794.4702382,-2,-12,-128
1767173794.4802382,0,-7,-125
1767173794.4902382,1,-4,-125
1767173794.5002382,-1,-1,-125
1767173794.5102382,-3,0,-126
1767173794.5202382,-5,0,-126
1767173794.5302382,-6,3,-121
1767173794.540238,-2,6,-122
1767173794.550238,-3,4,-118
1767173794.560238,-4,0,-110
1767173794.570238,-5,-3,-102
1767173794.580238,0,-3,-106
1767173794.590238,7,1,-110
1767173794.600238,2,-2,-105
1767173794.610238,1,-6,-109
1767173794.620238,0,-5,-105
1767173794.630238,1,-2,-114
1767173794.640238,-2,-1,-113
1767173794.650238,-2,-4,-110
1767173794.6602385,-2,0,-112
1767173794.6702385,-4,1,-115
1767173794.6802382,-1,0,-122
1767173794.6902382,0,0,-125
1767173794.7002382,1,3,-126
1767173794.7102382,6,4,-129
1767173794.7202382,4,3,-130
1767173794.7302382,0,0,-135
1767173794.7402382,-1,0,-137
1767173794.7502382,3,1,-138
1767173794.7602382,2,0,-131
1767173794.7702382,4,0,-125
1767173794.7802382,0,-2,-122
1767173794.790238,1,-3,-118
1767173794.800238,0,0,-122
1767173794.810238,-4,2,-124
1767173794.820238,-3,0,-126
1767173794.830238,-1,2,-124
1767173794.840238,0,-1,-128
1767173794.850238,0,-1,-134
1767173794.860238,1,1,-132
1767173794.870238,0,4,-135
1767173794.880238,3,-2,-131
1767173794.890238,2,-3,-130
1767173794.900238,-2,0,-137
1767173794.9102385,-3,1,-134
1767173794.9202385,-3,1,-123
1767173794.9302382,-4,-1,-126
1767173794.9402382,-2,-5,-123
1767173794.9502382,0,-2,-123
1767173794.9602382,1,-2,-129
1767173794.9702382,1,-1,-131
1767173794.9802382,-2,0,-132
1767173794.9902382,-2,1,-133
1767173795.0002382,0,0,-135
1767173795.0102382,-1,0,-132
1767173795.0202382,-2,-2,-126
1767173795.0302382,-7,-1,-126
1767173795.040238,-4,-1,-120
1767173795.050238,1,1,-125
1767173795.060238,2,1,-127
1767173795.070238,0,3,-131
1767173795.080238,-1,7,-131
1767173795.090238,-2,4,-134
1767173795.100238,-3,2,-130
1767173795.110238,-5,0,-126
1767173795.120238,-4,0,-127
1767173795.130238,-3,0,-125
1767173795.140238,-4,-1,-124
1767173795.150238,-7,-1,-128
1767173795.1602385,-7,-2,-128
1767173795.1702385,-7,1,-127
1767173795.1802382,-6,0,-133
1767173795.1902382,-6,-7,-134
1767173795.2002382,-8,-3,-137
1767173795.2102382,-8,1,-134
1767173795.2202382,-3,0,-127
1767173795.2302382,0,-3,-120
1767173795.2402382,1,-2,-122
1767173795.2502382,-2,0,-125
1767173795.2602382,-1,1,-124
1767173795.2702382,-1,0,-125
1767173795.2802382,0,0,-124
1767173795.290238,0,0,-117
1767173795.300238,0,-3,-118
1767173795.310238,0,-2,-117
1767173795.320238,-5,-5,-119
1767173795.330238,-9,-3,-122
1767173795.340238,-11,-1,-119
1767173795.350238,-8,2,-123
1767173795.360238,0,-1,-125
1767173795.370238,0,-4,-132
1767173795.380238,0,-7,-134
1767173795.390238,-4,-8,-133
1767173795.400238,-4,-7,-130
1767173795.4102385,0,-5,-127
1767173795.4202385,2,0,-124
1767173795.4302382,5,0,-118
1767173795.4402382,0,-3,-116
1767173795.4502382,2,0,-117
1767173795.4602382,5,1,-122
1767173795.4702382,7,-1,-123
1767173795.4802382,4,-2,-122
1767173795.4902382,5,0,-121
1767173795.5002382,3,0,-120
1767173795.5102382,4,-3,-128
1767173795.5202382,3,-5,-131
1767173795.5302382,8,-7,-128
1767173795.540238,6,-10,-125
1767173795.550238,4,-9,-126
1767173795.560238,4,-10,-131
1767173795.570238,0,-4,-129
1767173795.580238,2,-4,-131
1767173795.590238,4,-4,-132
1767173795.600238,5,-5,-130
1767173795.610238,2,-1,-123
1767173795.620238,5,0,-120
1767173795.630238,3,-1,-117
1767173795.640238,-1,-2,-116
1767173795.650238,-1,-6,-119
1767173795.6602385,1,-5,-122
1767173795.6702385,-2,-8,-130
1767173795.6802382,-6,-8,-126
1767173795.6902382,-3,-5,-127
1767173795.7002382,-4,-9,-124
1767173795.7102382,-7,-8,-121
1767173795.7202382,-6,-4,-127
1767173795.7302382,-3,-2,-125
1767173795.7402382,-3,-2,-129
1767173795.7502382,0,-1,-125
1767173795.7602382,2,-2,-125
1767173795.7702382,3,-3,-124
1767173795.7802382,1,-2,-119
1767173795.790238,2,-1,-118
1767173795.800238,0,-3,-118
1767173795.810238,2,-5,-121
1767173795.820238,2,-3,-130
1767173795.830238,2,-4,-128
1767173795.840238,0,-4,-125
1767173795.850238,-3,-1,-128
1767173795.860238,0,-4,-128
1767173795.870238,0,-3,-127
1767173795.880238,2,3,-132
1767173795.890238,0,-2,-128
1767173795.900238,-6,-2,-133
1767173795.9102385,-6,-4,-134
1767173795.9212382,-4,-5,-136
1767173795.9312382,-4,-3,-134
1767173795.9412382,-4,-6,-131
1767173795.9512382,-4,-7,-132
1767173795.961238,-7,-8,-127
1767173795.971238,-10,-11,-130
1767173795.981238,-9,-7,-121
1767173795.991238,-5,-2,-122
1767173796.001238,-1,-1,-122
1767173796.011238,-1,0,-126
1767173796.021238,-1,0,-130
1767173796.031238,-2,-1,-126
1767173796.041238,-4,0,-127
1767173796.051238,-1,-1,-127
1767173796.061238,2,-1,-123
1767173796.071238,0,-1,-119
1767173796.0812385,0,-1,-122
1767173796.0912385,2,0,-125
1767173796.1012385,1,-1,-125
1767173796.1112382,0,0,-123
1767173796.1212382,-1,-1,-122
1767173796.1312382,0,-1,-120
1767173796.1412382,-1,1,-123
1767173796.1512382,1,-1,-128
1767173796.1612382,-3,-1,-131
1767173796.1712382,-5,3,-135
1767173796.1812382,-5,3,-139
1767173796.1912382,-8,2,-141
1767173796.2012382,-3,3,-142
1767173796.211238,0,3,-140
1767173796.221238,0,3,-136
1767173796.231238,-4,0,-131
1767173796.241238,-5,2,-125
1767173796.251238,-6,2,-122
1767173796.261238,-2,1,-121
1767173796.271238,-4,1,-120
1767173796.281238,-1,0,-115
1767173796.291238,-3,1,-118
1767173796.301238,-3,-1,-123
1767173796.311238,-4,-3,-124
1767173796.321238,-7,-3,-122
1767173796.3312385,-3,-6,-123
1767173796.3412385,-3,-6,-125
1767173796.3512385,-6,-7,-127
1767173796.3612382,-4,-3,-125
1767173796.3712382,-6,-2,-132
1767173796.3812382,-1,0,-130
1767173796.3912382,0,-1,-129
1767173796.4012382,2,0,-121
1767173796.4112382,2,1,-117
1767173796.4212382,2,4,-125
1767173796.4312382,2,6,-120
1767173796.4412382,1,6,-118
1767173796.4512382,6,7,-127
1767173796.461238,4,5,-134
1767173796.471238,0,5,-130
1767173796.481238,-1,4,-130
1767173796.491238,0,2,-124
1767173796.501238,-1,0,-131
1767173796.511238,-3,1,-129
1767173796.521238,-5,-2,-130
1767173796.531238,-2,-3,-128
1767173796.541238,-2,0,-129
1767173796.551238,0,-4,-128
1767173796.561238,0,-4,-129
1767173796.571238,1,-3,-129
1767173796.5812385,-1,1,-130
1767173796.5912385,-5,4,-132
1767173796.6012385,-3,5,-131
1767173796.6112382,-3,3,-122
1767173796.6212382,0,5,-120
1767173796.6312382,0,5,-125
1767173796.6412382,-1,6,-127
1767173796.662238,-1,1,-134
1767173796.6712382,-3,-5,-133
1767173796.6812382,-6,-6,-135
1767173796.6912382,-7,-9,-130
1767173796.7012382,-9,-7,-125
1767173796.711238,-7,-6,-125
1767173796.721238,-6,-6,-120
1767173796.731238,-3,-6,-122
1767173796.741238,0,-5,-126
1767173796.751238,1,-2,-129
1767173796.761238,3,-4,-131
1767173796.771238,2,-8,-136
1767173796.781238,4,-6,-138
1767173796.791238,7,-3,-136
1767173796.801238,3,-2,-129
1767173796.811238,-1,0,-127
1767173796.821238,-1,-4,-126
1767173796.8312385,-3,-6,-129
1767173796.8412385,1,-4,-119
1767173796.8512385,0,-6,-116
1767173796.8612382,0,-4,-124
1767173796.8712382,-1,-2,-124
1767173796.8812382,2,-1,-132
1767173796.8912382,-1,-3,-130
1767173796.9012382,3,-3,-130
1767173796.9112382,2,-2,-133
1767173796.9212382,3,-1,-130
1767173796.9312382,5,1,-124
1767173796.9412382,5,5,-119
1767173796.9512382,9,6,-124
1767173796.961238,13,3,-121
1767173796.971238,11,2,-116
1767173796.981238,6,5,-120
1767173796.991238,3,0,-124
1767173797.001238,1,0,-128
1767173797.011238,2,-5,-123
1767173797.021238,0,-7,-129
1767173797.031238,-1,-7,-124
1767173797.041238,-4,-4,-126
1767173797.051238,-5,-2,-129
1767173797.061238,-7,-4,-126
1767173797.071238,-6,-1,-125
1767173797.0812385,-7,-4,-125
1767173797.0912385,-6,-1,-128
1767173797.1012385,-6,-3,-132
1767173797.1112382,-2,0,-130
1767173797.1212382,0,1,-121
1767173797.1312382,0,1,-128
1767173797.1412382,0,0,-129
1767173797.1512382,3,0,-129
1767173797.1612382,2,0,-125
1767173797.1712382,-1,-3,-127
1767173797.1812382,3,0,-127
1767173797.1912382,3,0,-119
1767173797.2012382,2,4,-114
1767173797.211238,0,1,-114
1767173797.221238,-3,1,-117
1767173797.231238,-4,0,-111
1767173797.241238,-8,0,-113
1767173797.251238,-6,1,-118
1767173797.261238,-4,1,-121
1767173797.271238,-6,0,-114
1767173797.281238,-5,1,-113
1767173797.291238,1,1,-120
1767173797.301238,2,2,-122
1767173797.311238,5,1,-123
1767173797.321238,5,0,-125
1767173797.3312385,1,-4,-126
1767173797.3412385,-2,-6,-120
1767173797.3512385,-2,-8,-129
1767173797.3612382,-4,-8,-131
1767173797.3712382,-6,-12,-138
1767173797.3812382,-1,-11,-133
1767173797.3912382,-3,-6,-128
1767173797.4012382,-4,-5,-129
1767173797.4112382,0,-9,-124
1767173797.4212382,-1,-9,-124
1767173797.4312382,-3,-10,-131
1767173797.4412382,-2,-8,-125
1767173797.4512382,0,-7,-126
1767173797.461238,-1,-4,-129
1767173797.471238,0,-2,-130
1767173797.481238,-1,0,-126
1767173797.491238,-4,-2,-131
1767173797.501238,-2,-5,-131
1767173797.511238,0,-6,-132
1767173797.521238,-3,-2,-130
1767173797.531238,-1,-3,-126
1767173797.541238,-7,-1,-131
1767173797.551238,-8,0,-124
1767173797.561238,-4,-1,-132
1767173797.571238,-3,1,-128
1767173797.5812385,-3,0,-126
1767173797.5912385,-1,-1,-132
1767173797.6012385,-3,0,-134
1767173797.6112382,-1,5,-139
1767173797.6212382,-2,5,-136
1767173797.6312382,-3,6,-139
1767173797.6412382,-1,2,-141
1767173797.6512382,0,1,-134
1767173797.6612382,1,2,-133
1767173797.6712382,-3,2,-130
1767173797.6812382,-2,4,-128
1767173797.6912382,-1,2,-128
1767173797.7012382,1,0,-127
1767173797.711238,0,-1,-124
1767173797.721238,4,2,-127
1767173797.731238,6,0,-126
1767173797.741238,3,0,-127
1767173797.751238,1,-1,-123
1767173797.761238,0,0,-131
1767173797.771238,0,1,-137
1767173797.781238,0,0,-138
1767173797.791238,2,0,-132
1767173797.801238,7,-1,-125
1767173797.811238,6,-3,-129
1767173797.821238,2,1,-128
1767173797.8312385,3,4,-125
1767173797.8412385,2,4,-124
1767173797.8512385,-1,5,-126
1767173797.8612382,-2,1,-121
1767173797.8712382,-4,0,-116
1767173797.8812382,-2,3,-113
1767173797.8912382,-1,3,-112
1767173797.9012382,0,2,-111
1767173797.9112382,0,0,-111
1767173797.9212382,-3,-2,-120
1767173797.9312382,-7,-5,-120
1767173797.9412382,-7,-3,-119
1767173797.9512382,-5,0,-125
1767173797.961238,-6,-1,-129
1767173797.971238,-6,-6,-132
1767173797.981238,-2,-6,-132
1767173797.991238,-1,-5,-128
1767173798.001238,-1,-3,-125
1767173798.011238,2,-6,-133
1767173798.021238,8,-4,-131
1767173798.031238,11,-6,-124
1767173798.041238,13,-5,-125
1767173798.051238,9,-4,-123
1767173798.061238,2,-6,-125
1767173798.071238,1,-4,-132
1767173798.0812385,4,0,-131
1767173798.0912385,4,0,-134
1767173798.1012385,3,1,-132
1767173798.1112382,4,2,-130
1767173798.1212382,7,0,-131
1767173798.1312382,5,0,-134
1767173798.1412382,0,-2,-130
1767173798.1512382,0,-3,-133
1767173798.1612382,1,-3,-133
1767173798.1712382,2,-1,-134
1767173798.1812382,4,-3,-131
1767173798.1912382,3,-4,-127
1767173798.2012382,-2,-1,-127
1767173798.211238,-1,-2,-128
1767173798.221238,1,-1,-128
1767173798.231238,0,0,-126
1767173798.241238,2,0,-123
1767173798.251238,0,0,-125
1767173798.261238,0,-1,-122
1767173798.271238,0,-3,-113
1767173798.281238,0,-4,-122
1767173798.291238,-2,0,-119
1767173798.301238,-5,1,-116
1767173798.311238,-11,0,-122
1767173798.321238,-13,0,-130
1767173798.3312385,-8,-3,-136
1767173798.3412385,-8,-2,-133
1767173798.3512385,-3,-2,-131
1767173798.3612382,-5,-7,-130
1767173798.3712382,-4,-5,-133
1767173798.3812382,-1,-3,-126
1767173798.3912382,-1,-1,-124
1767173798.4012382,-4,-3,-128
1767173798.4112382,-4,-3,-130
1767173798.4212382,-5,-2,-129
1767173798.4312382,-5,-6,-125
1767173798.4412382,-7,-6,-126
1767173798.4512382,-8,-4,-127
1767173798.461238,-8,-1,-123
1767173798.471238,-13,-2,-123
1767173798.481238,-12,-1,-125
1767173798.491238,-7,-3,-126
1767173798.501238,-4,-5,-128
1767173798.511238,-4,-4,-127
1767173798.521238,0,-1,-126
1767173798.531238,1,-2,-127
1767173798.541238,2,-1,-128
1767173798.551238,6,-3,-127
1767173798.5622382,10,-3,-128
1767173798.571238,10,-7,-129
1767173798.5812385,4,-6,-127
1767173798.5922382,3,-7,-126
1767173798.6012385,4,-2,-130
1767173798.6122382,8,-3,-131
1767173798.6212382,8,-3,-127
1767173798.632238,7,-4,-125
1767173798.642238,5,-6,-129
1767173798.652238,3,-7,-131
1767173798.662238,1,-10,-125
1767173798.672238,-2,-12,-124
1767173798.682238,1,-8,-125
1767173798.692238,3,-12,-125
1767173798.702238,5,-6,-127
1767173798.712238,4,-2,-126
1767173798.721238,5,-4,-124
1767173798.732238,5,-5,-126
1767173798.742238,3,-4,-125
1767173798.752238,4,-5,-122
1767173798.7622385,7,-4,-120
1767173798.771238,3,-2,-127
1767173798.7822382,-1,0,-122
1767173798.7922382,-2,1,-119
1767173798.8022382,0,0,-124
1767173798.8122382,1,-4,-127
1767173798.8222382,-1,0,-120
1767173798.8322382,-3,-2,-124
1767173798.8422382,-1,-4,-129
1767173798.8522382,2,-3,-129
1767173798.8622382,6,-2,-126
1767173798.8722382,4,-4,-124
1767173798.882238,4,-3,-126
1767173798.892238,3,0,-125
1767173798.902238,2,0,-120
1767173798.912238,0,-2,-117
1767173798.922238,1,-7,-122
1767173798.932238,0,-10,-131
1767173798.942238,0,-8,-131
1767173798.952238,2,-7,-129
1767173798.962238,3,-5,-131
1767173798.972238,1,-2,-127
1767173798.982238,0,-3,-128
1767173798.992238,0,-4,-129
1767173799.002238,-4,-2,-125
1767173799.0122385,0,-3,-124
1767173799.0222385,4,-3,-123
1767173799.0322382,1,-5,-119
1767173799.0422382,0,-6,-129
1767173799.0522382,3,-5,-130
1767173799.0622382,5,-6,-124
1767173799.0722382,5,-3,-112
1767173799.0822382,2,0,-110
1767173799.0922382,1,-3,-113
1767173799.1022382,-2,-5,-116
1767173799.1122382,-5,-2,-123
1767173799.1222382,0,3,-125
1767173799.132238,0,0,-126
1767173799.142238,-1,-2,-127
1767173799.152238,0,-2,-125
1767173799.162238,0,-1,-125
1767173799.172238,-3,-4,-122
1767173799.182238,-1,-4,-119
1767173799.192238,-4,-3,-123
1767173799.202238,-7,-3,-123
1767173799.212238,-2,-5,-119
1767173799.222238,-4,-2,-120
1767173799.232238,-6,0,-128
1767173799.242238,-2,-3,-119
1767173799.252238,-2,-7,-112
1767173799.2622385,-1,-7,-117
1767173799.2722385,-1,-5,-122
1767173799.2822382,-1,-3,-124
1767173799.2922382,0,-4,-124
1767173799.3022382,4,-5,-122
1767173799.3122382,5,-6,-117
1767173799.3222382,1,-4,-119
1767173799.3322382,2,1,-121
1767173799.3422382,0,-2,-126
1767173799.3522382,-1,-5,-131
1767173799.3622382,1,-5,-132
1767173799.3722382,3,-3,-137
1767173799.382238,4,0,-135
1767173799.392238,8,-3,-131
1767173799.402238,6,-4,-131
1767173799.412238,7,-5,-131
1767173799.422238,2,-2,-136
1767173799.432238,0,-2,-139
1767173799.442238,1,-3,-135
1767173799.452238,1,-1,-130
1767173799.462238,0,-1,-130
1767173799.472238,-2,1,-124
1767173799.482238,-4,-2,-121
1767173799.492238,-2,-2,-122
1767173799.502238,0,-4,-127
1767173799.5122385,-3,-4,-127
1767173799.5222385,-2,-2,-132
1767173799.5322382,0,0,-131
1767173799.5422382,2,-2,-127
1767173799.5522382,-2,-4,-125
1767173799.5622382,0,0,-125
1767173799.5722382,-3,3,-130
1767173799.5822382,0,-1,-129
1767173799.5922382,0,0,-130
1767173799.6022382,-3,-2,-127
1767173799.6122382,-2,-2,-132
1767173799.6222382,-4,1,-133
1767173799.632238,4,0,-129
1767173799.642238,1,0,-124
1767173799.652238,-1,0,-125
1767173799.662238,0,0,-123
1767173799.672238,-2,1,-126
1767173799.682238,-1,-4,-129
1767173799.692238,-3,1,-130
1767173799.702238,-3,1,-124
1767173799.712238,-2,-4,-128
1767173799.722238,0,-7,-126
1767173799.732238,0,-4,-119
1767173799.742238,0,0,-118
1767173799.752238,-1,0,-118
1767173799.7622385,0,0,-115
1767173799.7722385,1,0,-117
1767173799.7822382,0,0,-118
1767173799.7922382,0,0,-127
1767173799.8022382,3,0,-122
1767173799.8122382,2,-3,-126
1767173799.8222382,2,-5,-119
1767173799.8322382,2,-4,-123
1767173799.8422382,-1,-4,-124
1767173799.8522382,1,-6,-128
1767173799.8622382,-1,-2,-123
1767173799.8722382,-3,-1,-117
1767173799.882238,-1,0,-123
1767173799.892238,-2,1,-135
1767173799.902238,-3,-1,-132
1767173799.912238,-2,-2,-131
1767173799.922238,-3,-2,-129
1767173799.932238,-6,-2,-125
1767173799.942238,-6,-1,-123
1767173799.952238,-5,1,-119
1767173799.962238,3,-3,-119
1767173799.972238,4,-2,-117
1767173799.982238,4,1,-110
1767173799.992238,5,5,-112
1767173800.002238,8,9,-118
1767173800.0122385,8,4,-120
1767173800.0222385,5,-2,-120
1767173800.0322382,4,-2,-118
1767173800.0422382,7,-3,-119
1767173800.0522382,7,-3,-121
1767173800.0622382,5,4,-125
1767173800.0722382,3,1,-130
1767173800.0822382,3,0,-136
1767173800.0922382,5,4,-130
1767173800.1022382,6,1,-127
1767173800.1122382,9,-2,-120
1767173800.1222382,6,-7,-120
1767173800.132238,6,-7,-124
1767173800.142238,5,-4,-123
1767173800.152238,5,-2,-119
1767173800.162238,4,-5,-119
1767173800.172238,8,-8,-119
1767173800.182238,8,-11,-122
1767173800.192238,8,-11,-125
1767173800.202238,10,-13,-123
1767173800.212238,4,-8,-119
1767173800.222238,1,-6,-121
1767173800.232238,1,-2,-124
1767173800.242238,0,-1,-123
1767173800.252238,6,-4,-126
1767173800.2622385,8,-2,-128
1767173800.2722385,4,1,-124
1767173800.2822382,6,-1,-126
1767173800.2922382,4,-3,-128
1767173800.3022382,0,-6,-131
1767173800.3122382,4,-7,-133
1767173800.3222382,5,-3,-134
1767173800.3322382,0,1,-136
1767173800.3422382,-4,0,-136
1767173800.3522382,-5,-4,-130
1767173800.3622382,-3,0,-130
1767173800.3722382,-3,1,-131
1767173800.382238,0,0,-132
1767173800.392238,-3,0,-125
1767173800.402238,0,0,-121
1767173800.412238,0,2,-117
1767173800.422238,0,0,-121
1767173800.432238,3,-2,-128
1767173800.442238,4,2,-126
1767173800.452238,-3,3,-124
1767173800.462238,-5,0,-121
1767173800.472238,-1,-1,-123
1767173800.482238,-2,0,-123
1767173800.492238,-1,0,-118
1767173800.502238,-2,-1,-118
1767173800.5122385,-1,-2,-122
1767173800.5222385,-3,-3,-123
1767173800.5322382,0,-1,-119
1767173800.5422382,-4,-1,-121
1767173800.5522382,-3,-6,-122
1767173800.5622382,0,-7,-120
1767173800.5722382,-2,-3,-123
1767173800.5822382,-3,-2,-123
1767173800.5922382,-1,0,-134
1767173800.6022382,0,1,-135
1767173800.6122382,-2,0,-129
1767173800.6222382,-2,2,-123
1767173800.632238,-4,-1,-126
1767173800.642238,-4,0,-131
1767173800.652238,-1,-5,-133
1767173800.662238,0,-4,-132
1767173800.672238,-1,-2,-128
1767173800.682238,-2,-2,-131
1767173800.692238,-4,-3,-136
1767173800.702238,-2,-7,-138
1767173800.712238,-3,-4,-136
1767173800.722238,-4,-6,-133
1767173800.732238,0,-7,-133
1767173800.742238,2,-9,-131
1767173800.752238,0,-5,-131
1767173800.7622385,2,-2,-126
1767173800.7722385,0,0,-130
1767173800.7822382,0,0,-130
1767173800.7922382,0,-2,-131
1767173800.8022382,1,-5,-129
1767173800.8122382,2,-4,-116
1767173800.8222382,0,-2,-112
1767173800.8322382,0,2,-111
1767173800.8422382,2,-3,-121
1767173800.8522382,-4,0,-119
1767173800.8622382,-8,0,-113
1767173800.8722382,-11,0,-118
1767173800.882238,-8,-3,-125
1767173800.892238,-6,0,-127
1767173800.902238,-7,-1,-127
1767173800.912238,0,-2,-118
1767173800.922238,0,1,-113
1767173800.932238,1,4,-111
1767173800.942238,0,0,-113
1767173800.952238,4,0,-114
1767173800.962238,2,0,-123
1767173800.972238,0,-2,-128
1767173800.982238,-1,-6,-126
1767173800.992238,-2,-2,-121
1767173801.002238,-3,0,-125
1767173801.0122385,-2,0,-123
1767173801.0222385,1,3,-125
1767173801.0322382,2,2,-125
1767173801.0422382,2,2,-123
1767173801.0522382,2,0,-123
1767173801.0622382,4,3,-122
1767173801.0722382,7,3,-119
1767173801.0822382,6,2,-130
1767173801.0922382,0,1,-138
1767173801.1022382,-2,2,-131
1767173801.1122382,-4,2,-128
1767173801.1222382,-3,0,-126
1767173801.132238,-3,1,-128
1767173801.142238,-3,2,-126
1767173801.152238,2,-2,-130
1767173801.162238,0,-3,-129
1767173801.173238,1,-3,-132
1767173801.182238,0,-4,-135
1767173801.192238,0,-4,-138
1767173801.202238,1,-8,-138
1767173801.212238,0,-6,-133
1767173801.2232382,-1,-3,-133
1767173801.232238,-2,-5,-125
1767173801.2432382,-3,-6,-123
1767173801.2532382,-3,-10,-127
1767173801.2632382,-1,-9,-130
1767173801.2732382,-3,-7,-127
1767173801.2832382,-1,-7,-128
1767173801.2932382,1,-4,-126
1767173801.3032382,0,0,-125
1767173801.313238,-1,5,-120
1767173801.323238,1,4,-112
1767173801.333238,4,4,-113
1767173801.343238,0,3,-116
1767173801.353238,1,2,-123
1767173801.363238,4,1,-128
1767173801.373238,4,2,-126
1767173801.383238,4,2,-122
1767173801.393238,0,0,-123
1767173801.403238,-2,2,-124
1767173801.413238,0,2,-117
1767173801.423238,-2,4,-123
1767173801.4332385,-3,3,-127
1767173801.4432385,-8,3,-133
1767173801.4532382,-9,6,-132
1767173801.4632382,-6,3,-129
1767173801.4732382,-3,-5,-123
1767173801.4832382,-3,-6,-122
1767173801.4932382,-5,-3,-124
1767173801.5032382,-4,-1,-131
1767173801.5132382,-3,2,-133
1767173801.5232382,-1,1,-138
1767173801.5332382,0,2,-140
1767173801.5432382,2,1,-138
1767173801.5532382,0,0,-129
1767173801.563238,0,-1,-129
1767173801.573238,-1,-4,-128
1767173801.583238,-3,-4,-126
1767173801.593238,-1,-3,-123
1767173801.603238,0,-1,-121
1767173801.613238,1,-2,-123
1767173801.623238,3,-5,-132
1767173801.633238,4,-8,-133
1767173801.643238,0,-8,-130
1767173801.653238,-1,-7,-131
1767173801.6742382,0,-3,-119
1767173801.6832385,5,-4,-124
1767173801.6932385,5,-5,-129
1767173801.7032382,7,-5,-126
1767173801.7132382,9,-4,-126
1767173801.7232382,8,-6,-125
1767173801.7332382,10,-6,-117
1767173801.7432382,4,-2,-117
1767173801.7532382,6,0,-120
1767173801.7632382,5,-4,-119
1767173801.7732382,4,-5,-117
1767173801.7832382,4,-1,-120
1767173801.7932382,0,-2,-116
1767173801.8032382,2,-1,-112
1767173801.813238,0,0,-119
1767173801.823238,-7,-2,-116
1767173801.833238,-7,0,-122
1767173801.843238,-1,0,-117
1767173801.853238,-2,-5,-121
1767173801.863238,-6,-5,-120
1767173801.873238,-2,-6,-120
1767173801.883238,0,-4,-119
1767173801.893238,0,0,-123
1767173801.903238,0,-4,-120
1767173801.913238,0,0,-122
1767173801.923238,-1,2,-121
1767173801.9332385,-1,0,-123
1767173801.9432385,0,0,-122
1767173801.9532382,3,0,-120
1767173801.9632382,2,0,-121
1767173801.9732382,1,-1,-121
1767173801.9832382,0,-2,-122
1767173801.9932382,1,-5,-123
1767173802.0032382,0,-5,-126
1767173802.0132382,-5,-4,-126
1767173802.0232382,-4,-4,-119
1767173802.0332382,1,-4,-116
1767173802.0432382,4,-8,-120
1767173802.0532382,6,-6,-124
1767173802.063238,3,-3,-118
1767173802.073238,3,0,-116
1767173802.083238,3,0,-120
1767173802.094238,1,0,-121
1767173802.103238,-5,-2,-122
1767173802.113238,-5,-6,-118
1767173802.123238,-6,-8,-114
1767173802.133238,-3,-9,-110
1767173802.143238,-3,-9,-111
1767173802.153238,-1,-4,-105
1767173802.163238,-2,-5,-109
1767173802.173238,-2,-5,-120
1767173802.1832385,-2,-6,-123
1767173802.1932385,1,-1,-131
1767173802.2032382,0,0,-133
1767173802.2132382,2,0,-123
1767173802.2232382,3,0,-132
1767173802.2332382,1,1,-135
1767173802.2432382,-1,0,-130
1767173802.2532382,-6,-2,-124
1767173802.2632382,-6,0,-125
1767173802.2732382,-8,-2,-122
1767173802.2832382,-8,-3,-122
1767173802.2932382,-6,-7,-123
1767173802.3032382,-7,-5,-125
1767173802.313238,-10,-6,-122
1767173802.323238,-3,-6,-130
1767173802.333238,0,-2,-134
1767173802.343238,0,-4,-131
1767173802.353238,0,-3,-130
1767173802.363238,-2,-1,-128
1767173802.373238,-4,1,-129
1767173802.383238,-4,-1,-131
1767173802.393238,-6,-2,-124
1767173802.403238,-2,-1,-129
1767173802.413238,4,1,-130
1767173802.423238,2,-1,-123
1767173802.4332385,2,-2,-116
1767173802.4432385,4,-3,-117
1767173802.4532382,3,-5,-118
1767173802.4632382,2,0,-121
1767173802.4732382,0,1,-121
1767173802.4832382,0,0,-127
1767173802.4932382,5,-1,-136
1767173802.5032382,5,1,-135
1767173802.5132382,2,0,-137
1767173802.5232382,5,-3,-140
1767173802.5332382,-1,-6,-136
1767173802.5432382,-1,-1,-129
1767173802.5532382,-2,2,-131
1767173802.563238,0,-1,-133
1767173802.573238,2,-3,-127
1767173802.583238,5,-2,-126
1767173802.593238,3,3,-126
1767173802.603238,5,0,-122
1767173802.613238,2,0,-120
1767173802.623238,1,0,-124
1767173802.633238,-1,3,-134
1767173802.643238,-5,1,-130
1767173802.653238,-2,1,-129
1767173802.663238,5,1,-130
1767173802.673238,4,5,-132
1767173802.6832385,5,5,-131
1767173802.6932385,4,3,-132
1767173802.7032382,2,2,-129
1767173802.7132382,2,3,-126
1767173802.7232382,3,1,-129
1767173802.7332382,2,2,-127
1767173802.7432382,-1,0,-126
1767173802.7532382,-2,-2,-127
1767173802.7632382,0,0,-127
1767173802.7732382,2,0,-130
1767173802.7832382,7,0,-130
1767173802.7932382,11,-1,-125
1767173802.8032382,5,-2,-127
1767173802.813238,3,0,-126
1767173802.823238,5,-2,-131
1767173802.833238,2,0,-134
1767173802.843238,-1,0,-132
1767173802.853238,-3,2,-127
1767173802.863238,1,-4,-122
1767173802.873238,2,-3,-126
1767173802.883238,0,-1,-125
1767173802.893238,-2,0,-127
1767173802.903238,-4,0,-124
1767173802.913238,-3,0,-125
1767173802.923238,-7,-3,-129
1767173802.9332385,-8,-4,-126
1767173802.9432385,-4,-1,-125
1767173802.9532382,0,0,-122
1767173802.9632382,1,-6,-122
1767173802.9732382,-3,-1,-122
1767173802.9832382,0,0,-111
1767173802.9932382,2,-4,-109
1767173803.0032382,3,-3,-112
1767173803.0132382,0,-5,-117
1767173803.0232382,0,-5,-113
1767173803.0332382,0,-4,-112
1767173803.0432382,0,-5,-114
1767173803.0532382,0,-3,-121
1767173803.063238,3,-2,-126
1767173803.073238,1,0,-126
1767173803.083238,-1,0,-129
1767173803.093238,3,-3,-134
1767173803.103238,4,-3,-129
1767173803.113238,0,-8,-119
1767173803.123238,1,-8,-124
1767173803.133238,6,-10,-128
1767173803.143238,6,-2,-132
1767173803.153238,7,-2,-126
1767173803.163238,7,-4,-126
1767173803.173238,4,-9,-125
1767173803.1832385,0,-7,-131
1767173803.1932385,2,-6,-136
1767173803.2032382,4,-5,-134
1767173803.2132382,3,-8,-129
1767173803.2232382,4,-3,-122
1767173803.2332382,3,0,-124
1767173803.2432382,4,5,-120
1767173803.2532382,3,10,-121
1767173803.2632382,5,10,-128
1767173803.2732382,3,7,-131
1767173803.2832382,3,4,-135
1767173803.2932382,1,1,-133
1767173803.3032382,2,0,-130
1767173803.313238,0,1,-129
1767173803.323238,-2,0,-131
1767173803.333238,-3,1,-131
1767173803.343238,0,0,-128
1767173803.353238,2,1,-126
1767173803.363238,-3,3,-123
1767173803.373238,-2,0,-118
1767173803.383238,2,0,-117
1767173803.393238,2,2,-113
1767173803.403238,-1,-2,-114
1767173803.413238,0,-4,-112
1767173803.423238,1,-2,-116
1767173803.4332385,2,-6,-115
1767173803.4432385,3,-6,-117
1767173803.4532382,2,-5,-117
1767173803.4632382,-1,-6,-118
1767173803.4732382,1,-6,-118
1767173803.4832382,1,-7,-124
1767173803.4932382,6,-9,-132
1767173803.5032382,4,-10,-132
1767173803.5132382,4,-9,-132
1767173803.5232382,3,-8,-135
1767173803.5332382,2,-8,-138
1767173803.5432382,3,-8,-130
1767173803.5532382,0,-5,-127
1767173803.563238,0,-5,-125
1767173803.573238,-6,0,-128
1767173803.583238,-5,2,-122
1767173803.593238,-3,3,-122
1767173803.603238,-2,0,-124
1767173803.613238,-1,4,-128
1767173803.623238,0,2,-132
1767173803.633238,-3,0,-127
1767173803.643238,-4,1,-125
1767173803.653238,-4,4,-124
1767173803.663238,0,5,-123
1767173803.673238,2,3,-122
1767173803.6832385,6,5,-120
1767173803.6932385,9,6,-120
1767173803.7032382,10,3,-120
1767173803.7132382,7,4,-116
1767173803.7232382,3,1,-117
1767173803.7332382,4,0,-118
1767173803.7432382,2,2,-111
1767173803.7532382,-1,0,-112
1767173803.7632382,0,1,-116
1767173803.7732382,2,0,-119
1767173803.7832382,4,1,-121
1767173803.7932382,1,6,-123
1767173803.8032382,0,8,-121
1767173803.813238,1,9,-122
1767173803.823238,5,5,-116
1767173803.833238,7,6,-116
1767173803.843238,7,6,-121
1767173803.853238,6,2,-121
1767173803.8642385,-1,1,-123
1767173803.8742385,-8,0,-126
1767173803.8842382,-7,1,-125
1767173803.8942382,-7,0,-128
1767173803.9042382,-5,4,-132
1767173803.9142382,-2,4,-127
1767173803.9242382,-1,1,-126
1767173803.9342382,-3,-3,-119
1767173803.9442382,-6,-3,-123
1767173803.9542382,-6,0,-130
1767173803.9642382,-1,-5,-125
1767173803.9742382,-1,-5,-130
1767173803.984238,-3,-4,-125
1767173803.994238,-9,-4,-123
1767173804.004238,-10,-1,-121
1767173804.014238,-8,-5,-127
1767173804.024238,-5,-4,-126
1767173804.034238,-2,-5,-134
1767173804.044238,1,-10,-134
1767173804.054238,3,-12,-132
1767173804.064238,1,-8,-133
1767173804.074238,2,-10,-135
1767173804.084238,1,-8,-137
1767173804.094238,0,-5,-138
1767173804.1042385,-2,-3,-135
1767173804.1142385,-3,-5,-131
1767173804.1242385,-3,-9,-129
1767173804.1342382,-2,-10,-129
1767173804.1442382,0,-8,-126
1767173804.1542382,0,-5,-118
1767173804.1642382,1,-5,-115
1767173804.1742382,0,-9,-123
1767173804.1842382,1,-5,-126
1767173804.1942382,0,0,-124
1767173804.2042382,1,1,-120
1767173804.2142382,3,-1,-116
1767173804.2242382,2,0,-117
1767173804.234238,1,-1,-117
1767173804.244238,1,-2,-114
1767173804.254238,-1,-1,-118
1767173804.264238,-2,0,-121
1767173804.274238,-3,0,-125
1767173804.284238,-5,3,-127
1767173804.294238,-1,3,-125
1767173804.304238,-2,3,-125
1767173804.314238,-1,0,-123
1767173804.324238,0,-3,-126
1767173804.334238,0,-6,-126
1767173804.344238,0,-2,-119
1767173804.3542385,0,-3,-124
1767173804.3642385,-1,1,-129
1767173804.3742385,0,-1,-128
1767173804.3842382,-3,-3,-133
1767173804.3942382,-10,-5,-133
1767173804.4042382,-15,0,-134
1767173804.4142382,-12,0,-131
1767173804.4242382,-5,0,-123
1767173804.4342382,-3,-2,-122
1767173804.4442382,0,-3,-124
1767173804.4542382,1,-2,-128
1767173804.4642382,3,-1,-132
1767173804.4742382,5,-2,-134
1767173804.484238,7,0,-132
1767173804.494238,6,0,-128
1767173804.504238,3,-2,-125
1767173804.514238,3,-1,-125
1767173804.524238,-2,1,-125
1767173804.534238,-4,4,-126
1767173804.544238,-2,2,-130
1767173804.554238,3,2,-129
1767173804.564238,4,1,-133
1767173804.574238,5,0,-131
1767173804.584238,3,-1,-128
1767173804.594238,-3,-4,-124
1767173804.6042385,-6,-1,-123
1767173804.6142385,-8,-4,-125
1767173804.6242385,-6,-2,-129
1767173804.6342382,-2,0,-129
1767173804.6442382,-4,0,-128
1767173804.6542382,-5,0,-127
1767173804.6642382,-10,-1,-127
1767173804.6742382,-6,0,-126
1767173804.6842382,-6,-1,-122
1767173804.6942382,-5,-4,-120
1767173804.7042382,-3,0,-116
1767173804.7142382,1,0,-120
1767173804.7242382,4,2,-121
1767173804.734238,2,2,-120
1767173804.744238,4,0,-126
1767173804.754238,2,-1,-130
1767173804.764238,3,-2,-131
1767173804.774238,1,-4,-126
1767173804.784238,2,-3,-119
1767173804.794238,7,-6,-123
1767173804.804238,11,-4,-116
1767173804.814238,9,-4,-118
1767173804.824238,4,-1,-121
1767173804.834238,4,0,-118
1767173804.844238,4,0,-121
1767173804.8542385,2,-1,-130
1767173804.8642385,4,-1,-128
1767173804.8742385,5,-5,-120
1767173804.8842382,6,-3,-112
1767173804.8942382,5,0,-113
1767173804.9042382,4,-2,-119
1767173804.9142382,2,-5,-123
1767173804.9242382,0,-2,-127
1767173804.9342382,0,0,-129
1767173804.9442382,-4,-3,-129
1767173804.9542382,-8,-6,-132
1767173804.9642382,-6,-5,-134
1767173804.9742382,1,-2,-129
1767173804.984238,3,0,-131
1767173804.994238,2,-3,-133
1767173805.004238,0,-5,-128
1767173805.014238,1,-3,-121
1767173805.024238,0,-1,-123
1767173805.034238,3,3,-119
1767173805.044238,2,8,-113
1767173805.054238,6,2,-117
1767173805.064238,2,1,-122
1767173805.074238,4,-1,-116
1767173805.084238,10,0,-118
1767173805.094238,9,-7,-114
1767173805.1042385,2,-6,-111
1767173805.1142385,0,-5,-120
1767173805.1242385,0,-1,-124
1767173805.1342382,3,-5,-127
1767173805.1442382,2,-3,-117
1767173805.1542382,1,0,-118
1767173805.1642382,0,0,-119
1767173805.1742382,3,1,-117
1767173805.1842382,2,1,-120
1767173805.1942382,1,1,-124
1767173805.2042382,0,-1,-123
1767173805.2142382,1,0,-120
1767173805.2242382,0,-2,-113
1767173805.234238,1,-3,-118
1767173805.244238,1,-4,-118
1767173805.254238,5,0,-119
1767173805.264238,3,0,-125
1767173805.274238,0,0,-131
1767173805.284238,-1,-1,-130
1767173805.294238,-3,-3,-125
1767173805.304238,-5,-4,-119
1767173805.314238,-5,0,-112
1767173805.324238,-6,-2,-114
1767173805.334238,-6,-2,-117
1767173805.344238,-3,-3,-116
1767173805.3542385,-5,0,-114
1767173805.3642385,-7,0,-112
1767173805.3742385,-8,-2,-115
1767173805.3842382,-6,-5,-114
1767173805.3942382,-2,-3,-119
1767173805.4042382,-3,4,-120
1767173805.4142382,0,5,-120
1767173805.4242382,0,3,-120
1767173805.4342382,-1,3,-121
1767173805.4442382,-3,5,-121
1767173805.4542382,-1,4,-115
1767173805.4642382,1,1,-111
1767173805.4742382,-1,2,-117
1767173805.484238,-4,2,-117
1767173805.494238,-5,3,-119
1767173805.504238,-4,2,-124
1767173805.514238,-5,2,-118
1767173805.524238,-4,5,-117
1767173805.534238,-1,2,-119
1767173805.544238,-1,1,-123
1767173805.554238,1,0,-132
1767173805.564238,0,-2,-134
1767173805.574238,2,-1,-134
1767173805.584238,1,-5,-130
1767173805.594238,-3,-4,-134
1767173805.6042385,-4,0,-137
1767173805.6142385,0,0,-138
1767173805.6242385,4,0,-137
1767173805.6342382,3,2,-133
1767173805.6442382,0,0,-128
1767173805.6542382,-1,1,-134
1767173805.6642382,-1,-1,-129
1767173805.6742382,0,-2,-133
1767173805.6842382,1,-1,-127
1767173805.6942382,1,0,-126
1767173805.7042382,0,2,-121
1767173805.7142382,-2,0,-123
1767173805.7242382,1,3,-126
1767173805.734238,3,1,-128
1767173805.744238,1,-2,-129
1767173805.754238,4,1,-128
1767173805.764238,0,0,-126
1767173805.774238,1,2,-129
1767173805.784238,3,5,-122
1767173805.794238,6,0,-119
1767173805.804238,2,-2,-125
1767173805.814238,0,-5,-124
1767173805.824238,3,-5,-123
1767173805.834238,0,-4,-126
1767173805.844238,0,-3,-128
1767173805.8542385,0,-4,-123
1767173805.8642385,4,-2,-125
1767173805.8742385,-1,4,-131
1767173805.8842382,-4,0,-131
1767173805.8942382,-5,2,-128
1767173805.9042382,-5,1,-124
1767173805.9142382,-6,0,-128
1767173805.9242382,0,-1,-127
1767173805.9342382,3,-5,-127
1767173805.9442382,4,-2,-119
1767173805.9542382,0,0,-120
1767173805.9642382,4,2,-120
1767173805.9742382,0,-2,-121
1767173805.984238,1,-1,-127
1767173805.994238,-1,-3,-132
1767173806.004238,3,0,-134
1767173806.014238,1,0,-137
1767173806.024238,0,0,-135
1767173806.034238,-3,1,-132
1767173806.044238,-2,-2,-132
1767173806.054238,-2,-7,-128
1767173806.064238,1,-9,-130
1767173806.074238,0,-3,-124
1767173806.084238,-2,-3,-119
1767173806.094238,4,-1,-114
1767173806.1042385,9,-1,-114
1767173806.1142385,9,-4,-120
1767173806.1242385,6,-2,-121
1767173806.1342382,0,-1,-120
1767173806.1442382,0,-1,-118
1767173806.1542382,1,-2,-120
1767173806.1642382,0,-2,-124
1767173806.1742382,3,-1,-125
1767173806.1842382,1,-6,-126
1767173806.1942382,0,-7,-122
1767173806.2042382,2,-8,-124
1767173806.2142382,-3,-3,-125
1767173806.2242382,1,-3,-125
1767173806.234238,1,-3,-127
1767173806.244238,0,-2,-126
1767173806.254238,0,1,-130
1767173806.264238,0,-1,-138
1767173806.274238,-2,1,-130
1767173806.284238,0,1,-129
1767173806.294238,0,1,-128
1767173806.304238,0,-4,-127
1767173806.314238,2,-3,-132
1767173806.324238,-1,-3,-128
1767173806.334238,-7,0,-127
1767173806.344238,-4,0,-122
1767173806.3542385,0,0,-124
1767173806.3642385,-3,0,-124
1767173806.3742385,-6,-2,-127
1767173806.3842382,-6,-7,-128
1767173806.3942382,-10,-7,-127
1767173806.4042382,-1,-4,-123
1767173806.4142382,1,-3,-128
1767173806.4242382,-2,-6,-133
1767173806.4342382,-1,-7,-135
1767173806.4442382,-5,-5,-132
1767173806.4542382,-9,-4,-140
1767173806.4642382,-4,-5,-140
1767173806.4742382,0,-3,-138
1767173806.484238,-2,-4,-137
1767173806.495238,-6,-4,-139
1767173806.505238,-5,-1,-145
1767173806.515238,-4,0,-138
1767173806.525238,-2,4,-131
1767173806.5352385,-6,4,-130
1767173806.5452385,-4,8,-123
1767173806.5552382,-3,7,-118
1767173806.5652382,-6,7,-116
1767173806.5752382,-10,5,-120
1767173806.5852382,-9,0,-116
1767173806.5952382,-8,0,-117
1767173806.6052382,-8,-2,-122
1767173806.6152382,-5,-2,-120
1767173806.6252382,-5,0,-127
1767173806.6352382,0,-1,-125
1767173806.6452382,3,-4,-123
1767173806.6552382,1,-2,-126
1767173806.665238,3,-3,-130
1767173806.686238,7,-1,-121
1767173806.695238,3,-3,-122
1767173806.705238,0,-4,-115
1767173806.715238,0,-1,-114
1767173806.725238,-2,1,-115
1767173806.735238,0,-1,-106
1767173806.745238,2,-2,-105
1767173806.755238,5,-3,-110
1767173806.765238,3,-2,-119
1767173806.775238,2,1,-124
1767173806.7852385,0,3,-125
1767173806.7952385,1,2,-119
1767173806.8052382,0,3,-118
1767173806.8152382,0,2,-120
1767173806.8252382,3,2,-124
1767173806.8352382,6,0,-118
1767173806.8452382,7,2,-118
1767173806.8552382,3,4,-121
1767173806.8652382,6,5,-121
1767173806.8752382,3,6,-122
1767173806.8852382,4,4,-128
1767173806.8952382,2,1,-129
1767173806.9052382,3,6,-132
1767173806.915238,-1,7,-130
1767173806.925238,0,7,-133
1767173806.935238,2,2,-132
1767173806.945238,5,3,-130
1767173806.955238,4,0,-132
1767173806.965238,-1,-2,-129
1767173806.975238,0,-2,-132
1767173806.985238,-2,-2,-131
1767173806.995238,-2,0,-123
1767173807.005238,-6,3,-122
1767173807.015238,-3,5,-118
1767173807.025238,-6,5,-113
1767173807.0352385,0,-1,-113
1767173807.0452385,2,3,-122
1767173807.0552382,1,4,-115
1767173807.0652382,0,3,-122
1767173807.0752382,-1,0,-117
1767173807.0852382,-1,0,-114
1767173807.0952382,-4,-1,-116
1767173807.1052382,-7,-1,-120
1767173807.1152382,-12,0,-123
1767173807.1252382,-12,3,-119
1767173807.1352382,-7,0,-117
1767173807.1452382,-4,-1,-115
1767173807.1552382,0,-8,-116
1767173807.165238,1,-9,-123
1767173807.175238,0,-7,-121
1767173807.185238,1,-7,-117
1767173807.195238,0,-4,-120
1767173807.205238,0,-2,-122
1767173807.215238,-2,-6,-127
1767173807.225238,0,-8,-128
1767173807.235238,-2,-4,-121
1767173807.245238,0,-3,-116
1767173807.255238,0,-3,-119
1767173807.265238,-4,-5,-124
1767173807.275238,-2,-1,-121
1767173807.2852385,-4,-3,-127
1767173807.2952385,-3,-2,-130
1767173807.3052382,-6,-4,-130
1767173807.3152382,-8,-3,-123
1767173807.3252382,-7,-2,-120
1767173807.3352382,-8,-2,-130
1767173807.3452382,-7,0,-127
1767173807.3552382,-6,0,-124
1767173807.3652382,-3,-1,-125
1767173807.3752382,-4,1,-118
1767173807.3852382,-1,0,-125
1767173807.3952382,0,0,-116
1767173807.4052382,-3,-6,-118
1767173807.415238,0,-5,-122
1767173807.425238,-1,-6,-121
1767173807.435238,-3,-7,-125
1767173807.445238,-4,-4,-121
1767173807.455238,-3,-3,-119
1767173807.465238,-2,-5,-126
1767173807.475238,-3,-6,-126
1767173807.485238,3,0,-132
1767173807.495238,3,-2,-126
1767173807.505238,-2,-6,-130
1767173807.515238,-2,-3,-131
1767173807.525238,0,-2,-123
1767173807.5352385,1,-2,-123
1767173807.5452385,-3,0,-127
1767173807.5552382,-5,2,-126
1767173807.5652382,-10,3,-123
1767173807.5752382,-9,5,-118
1767173807.5852382,-3,6,-122
1767173807.5952382,-2,3,-118
1767173807.6052382,-1,4,-115
1767173807.6152382,-1,4,-114
1767173807.6252382,3,2,-114
1767173807.6352382,6,2,-117
1767173807.6452382,2,0,-121
1767173807.6552382,0,-2,-121
1767173807.665238,-1,0,-126
1767173807.675238,0,2,-125
1767173807.685238,-1,4,-130
1767173807.695238,-1,0,-130
1767173807.705238,-1,-1,-131
1767173807.715238,2,-4,-135
1767173807.725238,1,-2,-138
1767173807.735238,2,0,-136
1767173807.745238,-1,2,-133
1767173807.755238,0,3,-129
1767173807.765238,0,6,-125
1767173807.775238,0,4,-123
1767173807.7852385,-2,4,-127
1767173807.7952385,0,4,-129
1767173807.8052382,2,5,-129
1767173807.8152382,6,5,-129
1767173807.8252382,4,4,-126
1767173807.8352382,2,5,-123
1767173807.8452382,5,0,-122
1767173807.8552382,6,-1,-119
1767173807.8652382,7,-5,-123
1767173807.8752382,3,-1,-124
1767173807.8852382,0,1,-126
1767173807.8952382,-3,1,-130
1767173807.9052382,-2,5,-128
1767173807.915238,-1,1,-128
1767173807.925238,1,1,-129
1767173807.935238,-1,4,-125
1767173807.945238,-5,5,-125
1767173807.955238,-7,4,-122
1767173807.965238,-9,2,-129
1767173807.975238,-10,-3,-132
1767173807.985238,-9,-5,-130
1767173807.995238,-6,-5,-130
1767173808.005238,0,-7,-124
1767173808.015238,1,-6,-124
1767173808.025238,1,-6,-131
1767173808.0352385,4,-8,-131
1767173808.0452385,3,-9,-126
1767173808.0552382,3,-11,-129
1767173808.0652382,4,-11,-132
1767173808.0752382,0,-6,-129
1767173808.0852382,-1,-6,-126
1767173808.0952382,-3,-7,-129
1767173808.1052382,-8,-7,-127
1767173808.1152382,-6,-6,-125
1767173808.1252382,-6,-2,-126
1767173808.1352382,-3,-4,-128
1767173808.1452382,0,-1,-132
1767173808.1552382,0,3,-134
1767173808.165238,-2,6,-136
1767173808.175238,-4,1,-134
1767173808.185238,-2,-5,-137
1767173808.195238,1,-4,-131
1767173808.205238,4,-2,-125
1767173808.215238,5,-2,-127
1767173808.225238,7,-3,-129
1767173808.235238,6,-5,-128
1767173808.245238,1,-6,-126
1767173808.255238,2,-2,-126
1767173808.265238,6,-2,-126
1767173808.275238,6,-2,-124
1767173808.2852385,0,1,-124
1767173808.2952385,3,3,-123
1767173808.3052382,2,5,-120
1767173808.3152382,0,4,-118
1767173808.3252382,-2,9,-114
1767173808.3352382,-6,8,-121
1767173808.3452382,-4,8,-122
1767173808.3552382,-5,4,-128
1767173808.3652382,1,0,-130
1767173808.3752382,3,4,-124
1767173808.3852382,1,0,-128
1767173808.3952382,2,-3,-129
1767173808.4052382,4,0,-129
1767173808.415238,1,-4,-122
1767173808.425238,-1,-5,-118
1767173808.435238,1,0,-117
1767173808.445238,0,0,-117
1767173808.455238,-3,0,-120
1767173808.465238,0,-5,-120
1767173808.475238,-2,-5,-120
1767173808.485238,-4,-3,-123
1767173808.495238,-7,-4,-121
1767173808.505238,-1,-3,-121
1767173808.515238,3,-3,-121
1767173808.525238,1,-2,-116
1767173808.5352385,-2,-4,-120
1767173808.5452385,-5,-3,-123
1767173808.5552382,-6,0,-122
1767173808.5652382,-1,2,-122
1767173808.5752382,1,3,-121
1767173808.5852382,4,4,-119
1767173808.5952382,1,4,-122
1767173808.6052382,1,4,-121
1767173808.6152382,0,0,-121
1767173808.6252382,0,1,-126
1767173808.6352382,0,0,-135
1767173808.6452382,2,0,-131
1767173808.6552382,3,0,-128
1767173808.665238,2,-1,-124
1767173808.675238,2,-5,-128
1767173808.685238,2,-7,-131
1767173808.695238,3,-5,-135
1767173808.705238,-1,-2,-133
1767173808.715238,-1,-3,-130
1767173808.725238,-6,-2,-126
1767173808.735238,-5,-6,-125
1767173808.745238,-7,-4,-126
1767173808.755238,-2,-1,-121
1767173808.765238,0,-2,-126
1767173808.775238,0,0,-131
1767173808.7852385,-5,-4,-134
1767173808.7952385,-5,-5,-137
1767173808.8052382,-3,-7,-138
1767173808.8152382,-1,-8,-132
1767173808.8252382,3,-6,-134
1767173808.8352382,-1,-4,-134
1767173808.8452382,0,-6,-132
1767173808.8552382,2,-1,-129
1767173808.8652382,0,0,-130
1767173808.8752382,-1,-1,-129
1767173808.8852382,-4,-5,-132
1767173808.8952382,-4,-5,-132
1767173808.9052382,0,-4,-123
1767173808.915238,-1,-6,-129
1767173808.925238,-1,-5,-133
1767173808.935238,-6,-3,-127
1767173808.945238,-8,-2,-123
1767173808.955238,-10,-1,-125
1767173808.965238,-7,-3,-122
1767173808.975238,0,-4,-119
1767173808.985238,2,-5,-119
1767173808.995238,-1,-3,-121
1767173809.005238,-3,0,-126
1767173809.015238,-6,-1,-117
1767173809.025238,-2,-1,-123
1767173809.0352385,0,-1,-121
1767173809.0452385,-1,0,-122
1767173809.0552382,0,1,-122
1767173809.0652382,0,2,-126
1767173809.0762382,5,6,-123
1767173809.0852382,5,3,-122
1767173809.0952382,2,1,-121
1767173809.106238,2,0,-124
1767173809.116238,2,0,-129
1767173809.126238,1,2,-140
1767173809.136238,-1,0,-142
1767173809.146238,-3,0,-141
1767173809.156238,-3,-2,-138
1767173809.166238,-1,0,-141
1767173809.176238,-1,0,-134
1767173809.186238,0,4,-131
1767173809.196238,0,3,-132
1767173809.2062385,-1,4,-138
1767173809.2162385,2,3,-136
1767173809.2262385,0,2,-138
1767173809.2362382,1,5,-133
1767173809.2462382,-1,8,-131
1767173809.2562382,0,6,-128
1767173809.2662382,0,6,-124
1767173809.2762382,-3,8,-125
1767173809.2862382,-2,7,-122
1767173809.2962382,5,7,-119
1767173809.3062382,2,5,-119
1767173809.3162382,-3,5,-121
1767173809.3262382,-2,3,-121
1767173809.336238,-1,9,-120
1767173809.346238,-1,4,-125
1767173809.356238,-1,1,-126
1767173809.366238,-6,2,-122
1767173809.376238,-4,-1,-124
1767173809.386238,-3,-2,-131
1767173809.396238,-4,-1,-130
1767173809.406238,-11,1,-131
1767173809.416238,-11,8,-129
1767173809.426238,-6,2,-127
1767173809.436238,-7,3,-124
1767173809.446238,-8,3,-128
1767173809.4562385,-7,-1,-135
1767173809.4672382,-4,0,-127
1767173809.4762385,-3,-2,-128
1767173809.4862382,-4,-4,-125
1767173809.4962382,-4,-4,-124
1767173809.5062382,-3,-6,-123
1767173809.5162382,-2,-6,-119
1767173809.5262382,2,-5,-122
1767173809.5362382,4,-7,-127
1767173809.5462382,5,-8,-129
1767173809.5562382,4,-8,-127
1767173809.5662382,0,-8,-124
1767173809.5762382,-1,-5,-120
1767173809.586238,0,-5,-117
1767173809.596238,0,-6,-111
1767173809.606238,-5,-3,-110
1767173809.616238,-2,-3,-111
1767173809.626238,-1,-3,-113
1767173809.636238,2,-2,-115
1767173809.646238,6,2,-122
1767173809.656238,1,5,-128
1767173809.666238,0,5,-125
1767173809.676238,0,5,-125
1767173809.686238,3,5,-124
1767173809.696238,0,3,-122
1767173809.7062385,-3,2,-125
1767173809.7162385,-4,2,-132
1767173809.7262385,-2,6,-126
1767173809.7362382,2,5,-121
1767173809.7462382,1,3,-122
1767173809.7562382,-2,1,-125
1767173809.7662382,-6,2,-123
1767173809.7762382,-2,-2,-130
1767173809.7862382,0,-4,-134
1767173809.7962382,1,-2,-139
1767173809.8062382,1,2,-135
1767173809.8162382,0,2,-130
1767173809.8262382,0,0,-133
1767173809.836238,-5,-1,-127
1767173809.846238,-6,-4,-124
1767173809.856238,-12,-4,-126
1767173809.866238,-9,-6,-130
1767173809.876238,-8,-4,-133
1767173809.886238,-6,-2,-136
1767173809.896238,1,-4,-135
1767173809.906238,4,-5,-129
1767173809.916238,2,-5,-131
1767173809.926238,2,0,-129
1767173809.936238,0,0,-130
1767173809.946238,-2,2,-129
1767173809.9562385,-3,4,-132
1767173809.9662385,-1,-1,-131
1767173809.9762385,0,-3,-130
1767173809.9862382,3,0,-125
1767173809.9962382,3,-4,-125
1767173810.0062382,0,-3,-124
1767173810.0162382,-3,-1,-123
1767173810.0262382,-3,0,-122
1767173810.0362382,-5,2,-128
1767173810.0462382,-4,2,-132
1767173810.0562382,-5,2,-125
1767173810.0662382,-2,1,-123
1767173810.0762382,-6,2,-126
1767173810.086238,-5,3,-121
1767173810.096238,-6,3,-120
1767173810.106238,-7,3,-120
1767173810.116238,-4,4,-122
1767173810.126238,-1,4,-116
1767173810.136238,2,-1,-121
1767173810.146238,1,-2,-125
1767173810.156238,0,-3,-128
1767173810.166238,1,-5,-130
1767173810.176238,-1,-3,-127
1767173810.186238,0,-3,-134
1767173810.196238,2,-1,-132
1767173810.2062385,-1,0,-130
1767173810.2162385,-1,-1,-126
1767173810.2262385,-2,0,-129
1767173810.2362382,-3,0,-128
1767173810.2462382,0,-3,-133
1767173810.2562382,-2,-5,-131
1767173810.2662382,-3,-4,-124
1767173810.2762382,-3,-3,-122
1767173810.2862382,0,-6,-127
1767173810.2962382,0,-7,-122
1767173810.3062382,-2,-5,-122
1767173810.3162382,0,-4,-125
1767173810.3262382,3,-6,-132
1767173810.336238,-1,-2,-134
1767173810.346238,-1,-2,-130
1767173810.356238,-1,0,-134
1767173810.366238,3,1,-137
1767173810.376238,6,0,-139
1767173810.386238,5,1,-132
1767173810.396238,4,-1,-129
1767173810.406238,-1,-3,-123
1767173810.416238,0,-2,-118
1767173810.426238,0,-5,-120
1767173810.436238,-1,-4,-120
1767173810.446238,-3,-6,-122
1767173810.4562385,-7,-4,-122
1767173810.4662385,-5,-5,-118
1767173810.4762385,-2,-5,-117
1767173810.4862382,0,-2,-117
1767173810.4962382,-2,0,-119
1767173810.5062382,0,-2,-122
1767173810.5162382,-2,-3,-119
1767173810.5262382,-1,-1,-120
1767173810.5362382,-3,-1,-123
1767173810.5462382,-6,1,-132
1767173810.5562382,-4,2,-130
1767173810.5662382,-1,3,-130
1767173810.5762382,0,4,-124
1767173810.586238,0,3,-132
1767173810.596238,2,6,-132
1767173810.606238,0,4,-129
1767173810.616238,3,2,-133
1767173810.626238,0,1,-128
1767173810.636238,0,1,-127
1767173810.646238,3,2,-122
1767173810.656238,3,1,-122
1767173810.666238,1,1,-123
1767173810.676238,0,-1,-123
1767173810.686238,-3,-1,-127
1767173810.696238,-3,-4,-130
1767173810.7062385,0,-2,-136
1767173810.7162385,0,-2,-140
1767173810.7262385,4,-3,-132
1767173810.7362382,3,-5,-127
1767173810.7462382,1,-4,-126
1767173810.7562382,-2,-2,-131
1767173810.7662382,0,0,-134
1767173810.7762382,3,3,-123
1767173810.7862382,3,2,-126
1767173810.7962382,4,2,-128
1767173810.8062382,4,-1,-122
1767173810.8162382,5,-2,-123
1767173810.8262382,2,0,-119
1767173810.836238,-2,1,-121
1767173810.846238,-1,1,-121
1767173810.856238,1,-1,-121
1767173810.866238,3,-4,-125
1767173810.876238,0,-2,-130
1767173810.886238,-2,-5,-129
1767173810.896238,-2,-6,-131
1767173810.906238,0,-3,-132
1767173810.916238,6,-4,-133
1767173810.926238,4,-3,-132
1767173810.936238,-1,-2,-129
1767173810.946238,-6,0,-120
1767173810.9562385,-6,2,-120
1767173810.9662385,-6,1,-118
1767173810.9762385,-8,0,-119
1767173810.9862382,-13,-5,-121
1767173810.9962382,-11,-7,-120
1767173811.0062382,-9,-8,-119
1767173811.0162382,-4,-9,-125
1767173811.0262382,1,-9,-119
1767173811.0362382,1,-6,-118
1767173811.0462382,0,-8,-115
1767173811.0562382,-5,-9,-112
1767173811.0662382,-8,-11,-110
1767173811.0762382,-8,-10,-117
1767173811.086238,-5,-6,-117
1767173811.096238,-5,-2,-125
1767173811.106238,-5,-2,-122
1767173811.116238,-3,0,-123
1767173811.126238,-1,-5,-125
1767173811.136238,4,-9,-130
1767173811.146238,3,-8,-134
1767173811.156238,-4,-9,-126
1767173811.166238,-2,-9,-130
1767173811.176238,2,-7,-127
1767173811.186238,0,-8,-125
1767173811.196238,-3,-9,-124
1767173811.2062385,-1,-8,-126
1767173811.2162385,0,-7,-120
1767173811.2262385,1,-5,-117
1767173811.2362382,5,-7,-113
1767173811.2462382,4,-7,-110
1767173811.2562382,2,-7,-113
1767173811.2662382,0,-7,-114
1767173811.2762382,-2,-4,-113
1767173811.2862382,-1,-9,-113
1767173811.2962382,-4,-7,-114
1767173811.3062382,0,-6,-114
1767173811.3162382,-1,-5,-124
1767173811.3262382,0,-5,-124
1767173811.336238,1,-5,-121
1767173811.346238,3,-3,-128
1767173811.356238,5,-4,-128
1767173811.366238,4,-3,-126
1767173811.376238,4,1,-123
1767173811.386238,6,0,-126
1767173811.396238,9,-3,-121
1767173811.406238,7,-4,-123
1767173811.416238,2,-3,-126
1767173811.426238,5,-3,-125
1767173811.436238,1,0,-128
1767173811.446238,-2,1,-124
1767173811.4562385,-6,0,-124
1767173811.4662385,0,3,-121
1767173811.4762385,0,5,-120
1767173811.4862382,0,4,-112
1767173811.4962382,1,2,-118
1767173811.5062382,1,4,-125
1767173811.5162382,4,4,-123
1767173811.5262382,1,4,-124
1767173811.5362382,-2,2,-128
1767173811.5462382,-6,2,-124
1767173811.5562382,-3,1,-122
1767173811.5662382,-6,3,-115
1767173811.5762382,-5,0,-119
1767173811.586238,-2,0,-121
1767173811.596238,-2,0,-117
1767173811.606238,-4,-2,-120
1767173811.616238,-7,-3,-117
1767173811.626238,-3,-5,-114
1767173811.636238,-6,-4,-115
1767173811.646238,-9,-5,-110
1767173811.656238,-9,-6,-118
1767173811.666238,-9,-4,-123
1767173811.676238,-9,-1,-130
1767173811.698238,-6,0,-131
1767173811.7072382,-5,-1,-130
1767173811.7162385,-8,0,-129
1767173811.7262385,-13,7,-130
1767173811.7362382,-12,1,-130
1767173811.7462382,-11,0,-129
1767173811.7562382,-7,-1,-129
1767173811.7662382,-7,1,-123
1767173811.7762382,-12,1,-119
1767173811.787238,-5,-1,-118
1767173811.797238,0,0,-119
1767173811.807238,4,2,-122
1767173811.817238,3,0,-118
1767173811.827238,0,-3,-120
1767173811.837238,-5,1,-122
1767173811.847238,-7,3,-122
1767173811.857238,-5,4,-125
1767173811.867238,-2,3,-120
1767173811.877238,-4,1,-116
1767173811.8872385,-2,4,-118
1767173811.8972385,0,3,-113
1767173811.9072382,0,1,-119
1767173811.9172382,0,-1,-132
1767173811.9272382,3,-5,-129
1767173811.9372382,1,-5,-133
1767173811.9472382,1,-6,-138
1767173811.9572382,7,-6,-141
1767173811.9672382,7,-4,-142
1767173811.9772382,5,-5,-145
1767173811.9872382,2,-4,-141
1767173811.9972382,4,-3,-138
1767173812.007238,1,-6,-141
1767173812.017238,6,-5,-133
1767173812.027238,5,0,-127
1767173812.037238,5,2,-119
1767173812.047238,4,0,-128
1767173812.057238,-1,0,-132
1767173812.067238,-2,0,-134
1767173812.077238,-1,0,-127
1767173812.087238,0,-2,-129
1767173812.097238,0,-7,-128
1767173812.107238,0,-7,-123
1767173812.117238,2,-5,-123
1767173812.127238,-2,-4,-120
1767173812.1372385,0,-2,-122
1767173812.1472385,-2,0,-123
1767173812.1572382,0,0,-128
1767173812.1672382,-1,0,-133
1767173812.1772382,-3,0,-129
1767173812.1872382,-2,2,-121
1767173812.1972382,-2,1,-122
1767173812.2072382,-3,-1,-118
1767173812.2172382,0,0,-116
1767173812.2272382,1,4,-118
1767173812.2372382,0,0,-120
1767173812.2472382,1,0,-120
1767173812.257238,5,1,-119
1767173812.267238,3,0,-119
1767173812.277238,-1,0,-115
1767173812.287238,-6,-4,-111
1767173812.297238,-6,-1,-112
1767173812.307238,-1,2,-110
1767173812.317238,6,0,-120
1767173812.327238,6,-1,-122
1767173812.337238,4,0,-121
1767173812.347238,3,-3,-122
1767173812.357238,5,-1,-120
1767173812.367238,5,-1,-126
1767173812.377238,8,-4,-135
1767173812.3872385,9,-3,-128
1767173812.3972385,4,-5,-122
1767173812.4072382,2,1,-128
1767173812.4172382,0,0,-126
1767173812.4272382,0,4,-128
1767173812.4372382,0,6,-125
1767173812.4472382,0,3,-131
1767173812.4572382,-1,2,-132
1767173812.4672382,-2,0,-127
1767173812.4772382,0,-1,-132
1767173812.4872382,0,0,-131
1767173812.4972382,0,0,-130
1767173812.507238,-2,1,-136
1767173812.517238,-1,-2,-130
1767173812.527238,1,-4,-128
1767173812.537238,3,-4,-130
1767173812.547238,4,-6,-136
1767173812.557238,0,-5,-131
1767173812.567238,0,-1,-129
1767173812.577238,-1,-1,-125
1767173812.587238,-4,0,-125
1767173812.597238,-2,0,-126
1767173812.607238,2,4,-134
1767173812.617238,2,5,-139
1767173812.627238,-2,1,-139
1767173812.6372385,-2,0,-138
1767173812.6472385,-6,0,-132
1767173812.6572382,-5,-2,-126
1767173812.6672382,-6,-3,-131
1767173812.6772382,-2,0,-125
1767173812.6872382,0,-3,-126
1767173812.6972382,0,-3,-121
1767173812.7072382,4,-4,-119
1767173812.7172382,3,-4,-118
1767173812.7272382,8,-7,-119
1767173812.7372382,11,-10,-119
1767173812.7472382,8,-7,-125
1767173812.757238,6,-5,-120
1767173812.767238,6,-5,-125
1767173812.777238,6,-3,-130
1767173812.787238,3,-5,-133
1767173812.797238,0,-9,-136
1767173812.807238,0,-8,-131
1767173812.817238,0,-6,-127
1767173812.827238,2,-2,-127
1767173812.837238,4,-1,-118
1767173812.847238,4,-1,-123
1767173812.857238,6,-2,-127
1767173812.867238,5,-1,-129
1767173812.877238,1,-3,-125
1767173812.8872385,-1,-3,-125
1767173812.8972385,-4,-5,-128
1767173812.9072382,-7,-5,-124
1767173812.9172382,-7,-5,-130
1767173812.9272382,-10,-4,-128
1767173812.9372382,-6,-3,-130
1767173812.9472382,-3,-3,-133
1767173812.9572382,-1,-4,-135
1767173812.9672382,-3,-4,-131
1767173812.9772382,-1,-5,-131
1767173812.9872382,0,-3,-129
1767173812.9972382,0,-6,-129
1767173813.007238,-1,-10,-123
1767173813.017238,0,-11,-121
1767173813.027238,1,-8,-119
1767173813.037238,4,-5,-123
1767173813.047238,3,-5,-118
1767173813.057238,5,-8,-118
1767173813.067238,1,-3,-116
1767173813.077238,0,-1,-125
1767173813.087238,-5,0,-127
1767173813.097238,-2,1,-124
1767173813.107238,-7,2,-124
1767173813.117238,-5,0,-125
1767173813.127238,-3,0,-125
1767173813.1372385,-2,0,-123
1767173813.1472385,-3,0,-117
1767173813.1572382,1,-2,-119
1767173813.1672382,-1,0,-122
1767173813.1772382,-1,0,-124
1767173813.1872382,-4,0,-117
1767173813.1972382,-6,-2,-126
1767173813.2072382,-1,0,-124
1767173813.2172382,0,3,-123
1767173813.2272382,0,4,-126
1767173813.2372382,0,3,-126
1767173813.2472382,0,4,-124
1767173813.257238,1,0,-129
1767173813.267238,2,-1,-128
1767173813.277238,0,0,-124
1767173813.287238,1,1,-128
1767173813.297238,0,2,-131
1767173813.307238,-3,2,-134
1767173813.317238,-5,3,-130
1767173813.327238,-4,5,-116
1767173813.337238,-6,1,-117
1767173813.347238,-6,1,-114
1767173813.357238,-8,4,-115
1767173813.367238,-4,3,-115
1767173813.377238,0,6,-118
1767173813.3872385,-5,2,-119
1767173813.3972385,-2,2,-124
1767173813.4072382,-1,2,-127
1767173813.4172382,-2,2,-131
1767173813.4272382,-1,1,-132
1767173813.4372382,1,-1,-125
1767173813.4472382,4,2,-131
1767173813.4572382,3,0,-126
1767173813.4672382,3,-1,-133
1767173813.4772382,-1,2,-124
1767173813.4872382,1,0,-116
1767173813.4972382,1,2,-116
1767173813.507238,1,4,-116
1767173813.517238,0,3,-120
1767173813.527238,-3,0,-123
1767173813.537238,0,0,-120
1767173813.547238,3,1,-120
1767173813.557238,2,0,-124
1767173813.567238,-5,2,-127
1767173813.577238,-2,4,-122
1767173813.587238,-1,0,-127
1767173813.597238,-1,-3,-132
1767173813.607238,1,1,-129
1767173813.617238,1,0,-128
1767173813.627238,4,-2,-117
1767173813.6372385,4,-6,-125
1767173813.6472385,7,-9,-125
1767173813.6572382,2,-8,-124
1767173813.6672382,-2,-6,-124
1767173813.6772382,2,-6,-128
1767173813.6872382,0,-2,-124
1767173813.6972382,3,-1,-120
1767173813.7072382,5,-3,-118
1767173813.7172382,7,-4,-119
1767173813.7272382,3,-3,-127
1767173813.7372382,1,-4,-124
1767173813.7472382,-4,-4,-127
1767173813.757238,-5,-2,-124
1767173813.768238,-1,0,-121
1767173813.777238,2,1,-124
1767173813.787238,5,6,-127
1767173813.797238,1,7,-136
1767173813.807238,0,2,-135
1767173813.817238,2,0,-126
1767173813.827238,0,1,-130
1767173813.837238,0,1,-129
1767173813.847238,2,-1,-127
1767173813.857238,0,1,-130
1767173813.867238,0,4,-128
1767173813.877238,-2,2,-129
1767173813.8872385,-1,2,-134
1767173813.8972385,2,3,-132
1767173813.9072382,4,3,-129
1767173813.9172382,1,3,-126
1767173813.9272382,-4,-1,-130
1767173813.9372382,-6,-1,-128
1767173813.9472382,-7,-1,-127
1767173813.9572382,-10,-1,-130
1767173813.9672382,-6,-1,-126
1767173813.9772382,-6,1,-123
1767173813.9872382,-4,2,-118
1767173813.9972382,-3,2,-122
1767173814.007238,0,0,-126
1767173814.017238,-4,-1,-121
1767173814.027238,-5,-5,-120
1767173814.037238,-5,-7,-123
1767173814.047238,-4,-9,-126
1767173814.057238,-4,-5,-124
1767173814.067238,-4,-1,-125
1767173814.077238,-5,-1,-124
1767173814.087238,-1,-4,-128
1767173814.097238,-5,-4,-124
1767173814.107238,-4,-1,-119
1767173814.117238,-5,-1,-122
1767173814.127238,-4,-7,-128
1767173814.1372385,-2,-6,-133
1767173814.1472385,-5,-6,-137
1767173814.1572382,-4,-9,-128
1767173814.1672382,-4,-5,-127
1767173814.1772382,-4,-4,-129
1767173814.1872382,-5,-5,-126
1767173814.1972382,-4,-4,-128
1767173814.2072382,-2,1,-130
1767173814.2172382,-1,1,-129
1767173814.2272382,1,6,-130
1767173814.2372382,4,2,-137
1767173814.2472382,2,1,-134
1767173814.257238,6,1,-132
1767173814.267238,1,-1,-126
1767173814.277238,-1,-7,-126
1767173814.287238,0,-4,-131
1767173814.297238,0,-1,-135
1767173814.307238,1,-1,-141
1767173814.317238,1,0,-135
1767173814.327238,1,0,-127
1767173814.337238,2,-2,-124
1767173814.347238,0,0,-121
1767173814.357238,-2,0,-123
1767173814.367238,-2,0,-125
1767173814.377238,0,0,-127
1767173814.3872385,2,-1,-129
1767173814.3972385,1,-1,-132
1767173814.4082382,-1,-2,-128
1767173814.4172382,0,4,-129
1767173814.4282382,1,5,-130
1767173814.438238,4,3,-130
1767173814.448238,9,3,-132
1767173814.458238,6,1,-127
1767173814.468238,4,2,-126
1767173814.478238,0,2,-121
1767173814.488238,0,-3,-116
1767173814.498238,-3,-7,-112
1767173814.508238,-1,-4,-111
1767173814.518238,-4,-4,-118
1767173814.528238,-2,1,-124
1767173814.538238,-2,-1,-121
1767173814.548238,0,0,-122
1767173814.5582385,-1,-3,-120
1767173814.5682385,1,-2,-117
1767173814.5782382,3,0,-120
1767173814.5882382,4,-1,-126
1767173814.5982382,7,-1,-126
1767173814.6082382,5,0,-131
1767173814.6182382,5,2,-132
1767173814.6282382,5,0,-128
1767173814.6382382,5,0,-123
1767173814.6482382,8,-3,-133
1767173814.6582382,5,-5,-134
1767173814.6682382,4,-6,-130
1767173814.6782382,-1,-7,-132
1767173814.688238,-2,-4,-129
1767173814.698238,-4,-6,-131
1767173814.708238,-1,-10,-132
1767173814.718238,5,-11,-127
1767173814.728238,8,-9,-126
1767173814.738238,6,-10,-129
1767173814.748238,1,-10,-134
1767173814.758238,0,-8,-130
1767173814.768238,-6,-6,-132
1767173814.778238,-7,-6,-128
1767173814.788238,-4,-3,-133
1767173814.798238,0,0,-124
1767173814.8082385,-2,2,-128
1767173814.8182385,0,3,-128
1767173814.8282382,0,2,-129
1767173814.8382382,-2,0,-125
1767173814.8482382,0,-4,-124
1767173814.8582382,-2,-6,-121
1767173814.8682382,-8,-6,-122
1767173814.8782382,-5,-8,-126
1767173814.8882382,-5,-4,-132
1767173814.8982382,-7,-6,-127
1767173814.9082382,-10,-3,-127
1767173814.9182382,-15,-2,-125
1767173814.9282382,-11,-4,-126
1767173814.938238,-2,-3,-119
1767173814.948238,3,-8,-117
1767173814.958238,1,-9,-122
1767173814.968238,-1,-9,-125
1767173814.978238,1,-10,-123
1767173814.988238,5,-8,-123
1767173814.998238,3,-3,-132
1767173815.008238,0,-2,-136
1767173815.018238,0,-1,-133
1767173815.028238,-2,0,-130
1767173815.038238,-3,0,-139
1767173815.048238,-4,-3,-135
1767173815.0582385,-2,-5,-124
1767173815.0682385,2,-3,-119
1767173815.0782382,-1,-3,-122
1767173815.0882382,-2,-5,-119
1767173815.0982382,-4,-3,-118
1767173815.1082382,-10,0,-121
1767173815.1182382,-12,1,-122
1767173815.1282382,-11,0,-124
1767173815.1382382,-9,-2,-122
1767173815.1482382,-5,-5,-123
1767173815.1582382,-5,-7,-116
1767173815.1682382,-4,-5,-122
1767173815.1782382,-6,-1,-121
1767173815.188238,-5,-1,-125
1767173815.198238,-3,0,-117
1767173815.208238,-1,-4,-114
1767173815.218238,-5,-6,-111
1767173815.228238,-8,-4,-114
1767173815.238238,-3,-8,-120
1767173815.248238,-2,-6,-120
1767173815.258238,-6,-7,-121
1767173815.268238,-4,-7,-122
1767173815.278238,-2,-6,-123
1767173815.288238,-2,-7,-121
1767173815.298238,-4,-11,-115
1767173815.3082385,-6,-9,-114
1767173815.3182385,-2,-6,-119
1767173815.3282382,0,-4,-117
1767173815.3382382,-3,-8,-122
1767173815.3482382,-2,-8,-125
1767173815.3582382,0,-5,-122
1767173815.3682382,-4,-1,-121
1767173815.3782382,1,-1,-131
1767173815.3882382,0,-2,-132
1767173815.3982382,-3,1,-132
1767173815.4082382,-4,4,-131
1767173815.4182382,1,2,-124
1767173815.4282382,4,0,-126
1767173815.438238,3,-2,-127
1767173815.448238,7,-5,-124
1767173815.458238,3,-3,-123
1767173815.468238,2,-6,-132
1767173815.478238,0,-8,-131
1767173815.488238,0,-10,-126
1767173815.498238,0,-7,-127
1767173815.508238,2,-5,-132
1767173815.518238,3,-2,-131
1767173815.528238,4,-1,-133
1767173815.538238,0,0,-136
1767173815.548238,2,1,-130
1767173815.5582385,-1,2,-132
1767173815.5682385,-5,3,-136
1767173815.5782382,-4,5,-136
1767173815.5882382,0,7,-133
1767173815.5982382,0,2,-131
1767173815.6082382,-5,0,-127
1767173815.6182382,-8,0,-122
1767173815.6282382,-4,-1,-116
1767173815.6382382,-1,0,-117
1767173815.6482382,-1,0,-118
1767173815.6582382,1,2,-122
1767173815.6682382,0,4,-121
1767173815.6782382,-1,3,-115
1767173815.688238,0,4,-120
1767173815.698238,0,2,-124
1767173815.708238,0,0,-124
1767173815.718238,-1,0,-122
1767173815.728238,-2,-4,-122
1767173815.738238,-2,-1,-121
1767173815.748238,-1,0,-124
1767173815.758238,-1,0,-126
1767173815.768238,0,3,-122
1767173815.778238,2,2,-123
1767173815.788238,0,2,-125
1767173815.798238,0,-1,-125
1767173815.8082385,1,-7,-124
1767173815.8182385,4,-6,-125
1767173815.8282382,3,-7,-126
1767173815.8382382,4,-6,-124
1767173815.8482382,8,-3,-127
1767173815.8582382,6,-3,-128
1767173815.8682382,1,0,-123
1767173815.8782382,0,1,-123
1767173815.8882382,0,0,-129
1767173815.8982382,-1,-1,-133
1767173815.9082382,-1,-3,-135
1767173815.9182382,1,-2,-138
1767173815.9282382,0,-2,-132
1767173815.938238,-3,-3,-129
1767173815.948238,-1,-2,-127
1767173815.958238,0,-3,-130
1767173815.968238,3,-3,-133
1767173815.978238,7,-2,-134
1767173815.988238,8,-7,-131
1767173815.998238,6,-2,-132
1767173816.008238,5,-2,-134
1767173816.018238,5,3,-136
1767173816.028238,2,5,-133
1767173816.038238,2,4,-130
1767173816.048238,4,8,-130
1767173816.0582385,3,4,-122
1767173816.0682385,0,2,-128
1767173816.0782382,3,1,-125
1767173816.0882382,0,2,-130
1767173816.0982382,-4,4,-129
1767173816.1082382,-4,4,-130
1767173816.1182382,-5,0,-127
1767173816.1282382,4,0,-130
1767173816.1382382,5,2,-127
1767173816.1482382,1,1,-125
1767173816.1582382,-2,3,-120
1767173816.1682382,-6,4,-115
1767173816.1782382,-2,6,-110
1767173816.188238,0,9,-112
1767173816.198238,1,12,-112
1767173816.208238,0,9,-119
1767173816.218238,0,9,-122
1767173816.228238,1,6,-126
1767173816.238238,6,6,-129
1767173816.248238,4,5,-127
1767173816.258238,4,5,-124
1767173816.268238,2,4,-133
1767173816.278238,0,0,-137
1767173816.288238,1,1,-135
1767173816.298238,-1,3,-123
1767173816.3082385,-6,3,-118
1767173816.3182385,-6,5,-117
1767173816.3282382,-7,5,-122
1767173816.3382382,-7,1,-118
1767173816.3482382,-3,1,-113
1767173816.3582382,-3,3,-116
1767173816.3682382,-6,0,-116
1767173816.3782382,-6,1,-120
1767173816.3882382,-6,2,-116
1767173816.3982382,-6,-2,-112
1767173816.4082382,-5,-2,-113
1767173816.4182382,-5,-1,-116
1767173816.4282382,-5,-2,-120
1767173816.438238,-4,-3,-126
1767173816.448238,0,-7,-128
1767173816.458238,-2,-6,-129
1767173816.468238,-5,-4,-132
1767173816.478238,-7,-6,-133
1767173816.488238,-4,-6,-135
1767173816.498238,-4,-5,-132
1767173816.508238,-7,-1,-135
1767173816.518238,-2,-4,-128
1767173816.528238,0,-2,-132
1767173816.538238,-1,-2,-131
1767173816.548238,-1,-1,-138
1767173816.5582385,0,-2,-139
1767173816.5682385,-3,-2,-137
1767173816.5782382,1,0,-134
1767173816.5882382,3,0,-133
1767173816.5982382,3,0,-129
1767173816.6082382,4,-1,-127
1767173816.6182382,-1,0,-123
1767173816.6282382,-2,-1,-131
1767173816.6382382,-2,0,-128
1767173816.6482382,2,1,-128
1767173816.6582382,2,2,-131
1767173816.6682382,1,-1,-124
1767173816.6782382,0,-2,-122
1767173816.688238,0,0,-123
1767173816.7102382,-1,-1,-122
1767173816.718238,-4,-1,-122
1767173816.728238,0,-1,-125
1767173816.738238,-3,-3,-126
1767173816.748238,-8,-5,-125
1767173816.758238,-9,-1,-127
1767173816.768238,-4,-4,-124
1767173816.778238,0,0,-124
1767173816.788238,6,-1,-126
1767173816.798238,4,0,-128
1767173816.8082385,0,0,-130
1767173816.8182385,1,0,-132
1767173816.8282382,-1,-2,-134
1767173816.8382382,-1,2,-131
1767173816.8482382,-3,0,-127
1767173816.8582382,-4,0,-124
1767173816.8682382,-2,1,-121
1767173816.8782382,-1,-2,-122
1767173816.8882382,0,-7,-121
1767173816.8982382,0,-2,-126
1767173816.9082382,-1,-5,-126
1767173816.9182382,0,-5,-122
1767173816.9282382,0,-6,-121
1767173816.938238,2,-1,-122
1767173816.948238,0,0,-125
1767173816.958238,0,-2,-123
1767173816.968238,1,-1,-119
1767173816.978238,0,-1,-113
1767173816.988238,0,-1,-115
1767173816.998238,5,-3,-118
1767173817.0092382,5,-5,-116
1767173817.018238,2,-8,-115
1767173817.028238,1,-4,-120
1767173817.0392382,0,-5,-128
1767173817.048238,0,-10,-134
1767173817.0592382,-3,-10,-129
1767173817.0692382,-1,-11,-125
1767173817.0782382,-3,-8,-121
1767173817.0892382,-1,-9,-123
1767173817.0992382,0,-5,-123
1767173817.109238,-1,-5,-116
1767173817.119238,0,-5,-116
1767173817.129238,-2,-8,-118
1767173817.139238,-6,-6,-120
1767173817.149238,-4,-6,-124
1767173817.159238,-7,-8,-121
1767173817.169238,-3,-2,-118
1767173817.179238,-7,0,-114
1767173817.189238,-5,-3,-114
1767173817.199238,-2,1,-119
1767173817.209238,1,2,-115
1767173817.219238,-1,9,-113
1767173817.2292385,-1,6,-119
1767173817.2392385,3,2,-121
1767173817.2492385,1,-1,-112
1767173817.2592382,-2,0,-110
1767173817.2692382,-5,-4,-118
1767173817.2792382,-6,-3,-121
1767173817.2892382,-6,-2,-121
1767173817.2992382,0,-1,-119
1767173817.3092382,3,-5,-127
1767173817.3192382,-1,-4,-121
1767173817.3292382,-2,-2,-122
1767173817.3392382,-3,-1,-127
1767173817.3492382,-2,0,-127
1767173817.359238,4,-2,-124
1767173817.369238,3,-6,-124
1767173817.379238,4,-4,-122
1767173817.389238,6,0,-121
1767173817.399238,3,2,-126
1767173817.409238,2,2,-125
1767173817.419238,1,4,-127
1767173817.429238,-1,2,-126
1767173817.439238,0,6,-122
1767173817.449238,0,6,-121
1767173817.459238,2,2,-120
1767173817.469238,4,1,-126
1767173817.4792385,5,4,-124
1767173817.4892385,3,4,-121
1767173817.4992385,3,2,-128
1767173817.5092382,3,7,-126
1767173817.5192382,0,3,-117
1767173817.5292382,-1,0,-121
1767173817.5392382,-5,-4,-131
1767173817.5492382,-1,-3,-129
1767173817.5592382,5,0,-124
1767173817.5692382,6,1,-123
1767173817.5792382,7,-3,-125
1767173817.5892382,8,1,-120
1767173817.5992382,3,1,-127
1767173817.609238,1,0,-128
1767173817.619238,-1,-2,-127
1767173817.629238,2,-2,-127
1767173817.639238,1,-1,-135
1767173817.649238,0,1,-137
1767173817.659238,0,3,-130
1767173817.669238,-1,3,-128
1767173817.679238,-1,3,-131
1767173817.689238,-2,2,-132
1767173817.699238,-1,2,-135
1767173817.709238,0,1,-133
1767173817.719238,3,-1,-131
1767173817.7292385,5,0,-127
1767173817.7392385,11,3,-125
1767173817.7492385,16,4,-121
1767173817.7592382,11,0,-118
1767173817.7692382,5,1,-119
1767173817.7792382,5,1,-120
1767173817.7892382,0,3,-122
1767173817.7992382,-1,0,-125
1767173817.8092382,-2,0,-125
1767173817.8192382,-2,-3,-125
1767173817.8292382,-2,-5,-121
1767173817.8392382,-1,-8,-123
1767173817.8492382,0,-6,-124
1767173817.859238,-4,-6,-122
1767173817.869238,0,-2,-124
1767173817.879238,0,1,-123
1767173817.889238,-3,0,-124
1767173817.899238,-2,0,-125
1767173817.909238,-1,0,-122
1767173817.919238,0,-1,-120
1767173817.929238,-5,0,-123
1767173817.939238,0,0,-121
1767173817.949238,-3,0,-115
1767173817.959238,0,-2,-113
1767173817.969238,0,-2,-117
1767173817.9792385,1,-3,-114
1767173817.9892385,0,1,-112
1767173817.9992385,-3,4,-116
1767173818.0092382,0,3,-117
1767173818.0192382,0,1,-123
1767173818.0292382,-2,4,-122
1767173818.0392382,-3,3,-117
1767173818.0492382,-3,3,-114
1767173818.0592382,-5,0,-129
1767173818.0692382,-3,0,-135
1767173818.0792382,-5,0,-132
1767173818.0892382,-2,1,-130
1767173818.0992382,0,2,-128
1767173818.109238,0,0,-131
1767173818.119238,0,-2,-131
1767173818.129238,3,0,-130
1767173818.139238,6,-2,-126
1767173818.149238,6,-4,-120
1767173818.159238,7,-5,-119
1767173818.169238,6,-8,-123
1767173818.179238,6,-7,-130
1767173818.189238,5,-5,-127
1767173818.199238,6,-2,-129
1767173818.209238,4,0,-134
1767173818.219238,0,0,-129
1767173818.2292385,0,-3,-123
1767173818.2392385,0,-4,-123
1767173818.2492385,2,-6,-124
1767173818.2592382,2,-4,-115
1767173818.2692382,4,-3,-118
1767173818.2792382,2,-3,-114
1767173818.2892382,1,-4,-116
1767173818.2992382,-2,-3,-111
1767173818.3092382,-1,-4,-116
1767173818.3192382,-1,-4,-121
1767173818.3292382,0,-4,-123
1767173818.3392382,0,1,-121
1767173818.3492382,1,-1,-124
1767173818.359238,2,-4,-126
1767173818.369238,0,0,-126
1767173818.379238,-2,2,-123
1767173818.389238,0,-2,-123
1767173818.399238,0,-4,-124
1767173818.409238,5,-3,-134
1767173818.419238,3,-3,-137
1767173818.429238,2,-1,-134
1767173818.439238,0,-5,-133
1767173818.449238,-2,-6,-129
1767173818.459238,0,-7,-129
1767173818.469238,-1,-5,-131
1767173818.4792385,-1,-1,-132
1767173818.4892385,0,0,-123
1767173818.4992385,0,0,-120
1767173818.5092382,-2,0,-118
1767173818.5192382,-6,-4,-118
1767173818.5292382,-8,-5,-122
1767173818.5392382,-11,-3,-134
1767173818.5492382,-3,2,-135
1767173818.5592382,-3,0,-133
1767173818.5692382,-2,-1,-134
1767173818.5792382,1,-2,-128
1767173818.5892382,6,-4,-131
1767173818.5992382,3,-3,-135
1767173818.609238,3,-6,-133
1767173818.619238,5,-2,-126
1767173818.629238,2,0,-124
1767173818.639238,-1,2,-119
1767173818.649238,-4,1,-120
1767173818.659238,-1,0,-130
1767173818.669238,-2,2,-129
1767173818.679238,0,0,-130
1767173818.689238,0,0,-126
1767173818.699238,1,1,-125
1767173818.709238,-2,1,-118
1767173818.719238,-2,2,-116
1767173818.7292385,0,1,-123
1767173818.7392385,-1,4,-123
1767173818.7492385,-5,2,-120
1767173818.7592382,0,0,-122
1767173818.7692382,1,-5,-126
1767173818.7792382,0,-5,-127
1767173818.7892382,0,-5,-125
1767173818.7992382,-3,-5,-128
1767173818.8092382,0,-9,-128
1767173818.8192382,-4,-10,-122
1767173818.8292382,-8,-5,-118
1767173818.8392382,-6,-2,-124
1767173818.8492382,-7,-4,-128
1767173818.859238,-8,-2,-129
1767173818.869238,-7,-2,-125
1767173818.879238,-9,-1,-125
1767173818.889238,-4,-1,-124
1767173818.899238,-6,-2,-124
1767173818.909238,-4,-3,-122
1767173818.919238,0,-3,-121
1767173818.929238,1,-1,-115
1767173818.939238,-1,2,-118
1767173818.949238,-5,1,-124
1767173818.959238,-6,2,-126
1767173818.969238,-2,4,-133
1767173818.9792385,4,4,-130
1767173818.9892385,2,6,-127
1767173818.9992385,2,3,-118
1767173819.0092382,1,0,-117
1767173819.0192382,1,0,-117
1767173819.0292382,1,-4,-113
1767173819.0392382,4,-2,-115
1767173819.0492382,4,0,-114
1767173819.0592382,-1,3,-120
1767173819.0692382,1,2,-123
1767173819.0792382,0,-3,-123
1767173819.0892382,5,-6,-121
1767173819.0992382,4,-3,-121
1767173819.109238,-2,-2,-121
1767173819.119238,0,0,-120
1767173819.129238,-4,-5,-120
1767173819.139238,-4,-5,-121
1767173819.149238,-1,-1,-121
1767173819.159238,-1,0,-120
1767173819.169238,-2,0,-121
1767173819.179238,2,0,-125
1767173819.189238,7,3,-126
1767173819.199238,8,5,-138
1767173819.209238,4,4,-137
1767173819.219238,3,3,-133
1767173819.2292385,-1,0,-130
1767173819.2392385,-3,-5,-132
1767173819.2492385,-2,1,-135
1767173819.2592382,-2,3,-133
1767173819.2692382,-1,2,-130
1767173819.2792382,-1,0,-128
1767173819.2892382,0,6,-127
1767173819.2992382,-1,6,-122
1767173819.3092382,3,7,-121
1767173819.3192382,5,4,-117
1767173819.3292382,4,-1,-120
1767173819.3392382,0,-3,-127
1767173819.3492382,0,0,-127
1767173819.359238,1,0,-125
1767173819.369238,2,-3,-123
1767173819.379238,4,-5,-126
1767173819.389238,4,-7,-122
1767173819.399238,4,-6,-120
1767173819.409238,2,-6,-119
1767173819.419238,-1,-3,-125
1767173819.429238,0,-6,-119
1767173819.439238,1,-7,-120
1767173819.449238,2,-6,-116
1767173819.459238,6,-8,-124
1767173819.469238,7,-8,-121
1767173819.4792385,3,-9,-122
1767173819.4892385,4,-9,-124
1767173819.4992385,0,-5,-121
1767173819.5092382,2,-1,-120
1767173819.5192382,3,0,-121
1767173819.5292382,1,-1,-118
1767173819.5392382,0,-5,-121
1767173819.5492382,2,-5,-120
1767173819.5592382,2,-5,-122
1767173819.5692382,0,-4,-119
1767173819.5792382,0,-1,-120
1767173819.5892382,1,-2,-124
1767173819.5992382,-5,-5,-131
1767173819.609238,-8,-3,-125
1767173819.619238,-9,-1,-118
1767173819.629238,-2,0,-119
1767173819.639238,0,2,-123
1767173819.649238,0,4,-120
1767173819.659238,-1,4,-115
1767173819.669238,-1,1,-120
1767173819.679238,-5,0,-120
1767173819.6902382,-6,3,-123
1767173819.7002382,-3,3,-130
1767173819.7102382,-6,3,-132
1767173819.7202382,-7,-1,-135
1767173819.7302382,-6,0,-134
1767173819.7402382,-7,2,-131
1767173819.7502382,-8,1,-134
1767173819.7602382,-4,0,-133
1767173819.7702382,-4,-2,-131
1767173819.7802382,-2,-6,-130
1767173819.790238,0,-1,-123
1767173819.800238,0,0,-132
1767173819.810238,4,-1,-138
1767173819.820238,4,0,-134
1767173819.830238,0,3,-133
1767173819.840238,-2,5,-135
1767173819.850238,0,0,-134
1767173819.860238,0,1,-134
1767173819.870238,-2,1,-135
1767173819.880238,-9,0,-136
1767173819.890238,-10,-2,-133
1767173819.900238,-9,-5,-136
1767173819.9102385,-7,-6,-134
1767173819.9202385,-1,-2,-134
1767173819.9302382,0,-1,-136
1767173819.9402382,0,-1,-135
1767173819.9502382,0,-2,-128
1767173819.9602382,2,-1,-128
1767173819.9702382,4,-2,-133
1767173819.9802382,3,-1,-135
1767173819.9902382,0,-4,-134
1767173820.0002382,1,-5,-129
1767173820.0102382,0,-1,-128
1767173820.0202382,1,-2,-125
1767173820.0302382,1,-2,-118
1767173820.040238,1,0,-113
1767173820.050238,-3,0,-114
1767173820.060238,-3,-2,-112
1767173820.070238,-3,-2,-109
1767173820.080238,-3,-5,-111
1767173820.090238,-3,-2,-115
1767173820.100238,-5,-3,-121
1767173820.110238,-2,0,-124
1767173820.120238,-1,2,-123
1767173820.130238,0,2,-125
1767173820.140238,-3,2,-127
1767173820.150238,-3,2,-128
1767173820.1602385,-2,0,-121
1767173820.1702385,-2,-4,-126
1767173820.1802382,-2,-1,-132
1767173820.1902382,0,-1,-124
1767173820.2002382,0,-2,-122
1767173820.2102382,0,2,-124
1767173820.2202382,1,0,-123
1767173820.2302382,2,-3,-117
1767173820.2402382,0,-4,-108
1767173820.2502382,0,-3,-114
1767173820.2602382,0,-4,-110
1767173820.2702382,-6,-4,-113
1767173820.2802382,-1,-5,-116
1767173820.290238,-4,-4,-122
1767173820.300238,0,-4,-122
1767173820.310238,-3,-8,-128
1767173820.320238,-1,-8,-128
1767173820.330238,-4,-7,-136
1767173820.340238,-6,-4,-137
1767173820.350238,-6,-4,-134
1767173820.360238,-3,-3,-133
1767173820.370238,1,-2,-125
1767173820.380238,1,0,-128
1767173820.390238,5,1,-124
1767173820.400238,5,2,-121
1767173820.4102385,4,2,-116
1767173820.4202385,0,0,-114
1767173820.4302382,0,5,-122
1767173820.4402382,2,3,-123
1767173820.4502382,0,2,-119
1767173820.4602382,2,2,-121
1767173820.4702382,2,2,-129
1767173820.4802382,5,-2,-127
1767173820.4902382,4,-1,-129
1767173820.5002382,1,0,-132
1767173820.5102382,3,2,-125
1767173820.5202382,1,4,-126
1767173820.5302382,6,2,-126
1767173820.540238,3,2,-126
1767173820.550238,2,1,-132
1767173820.560238,5,0,-127
1767173820.570238,9,0,-135
1767173820.580238,8,0,-137
1767173820.590238,9,-1,-141
1767173820.600238,10,-1,-138
1767173820.610238,9,-4,-139
1767173820.620238,6,-8,-138
1767173820.630238,9,-10,-141
1767173820.640238,9,-5,-137
1767173820.650238,6,-2,-134
1767173820.6602385,8,-1,-132
1767173820.6702385,4,-3,-130
1767173820.6802382,3,0,-129
1767173820.6902382,4,-1,-126
1767173820.7002382,9,-1,-129
1767173820.7102382,8,1,-130
1767173820.7202382,8,2,-130
1767173820.7302382,9,-1,-129
1767173820.7402382,5,-1,-130
1767173820.7502382,4,-3,-131
1767173820.7602382,6,-3,-129
1767173820.7702382,6,-3,-130
1767173820.7802382,7,0,-134
1767173820.790238,1,-4,-134
1767173820.800238,3,0,-132
1767173820.810238,5,1,-123
1767173820.820238,4,0,-117
1767173820.830238,6,3,-120
1767173820.840238,8,4,-123
1767173820.850238,7,3,-124
1767173820.860238,5,3,-122
1767173820.870238,4,2,-118
1767173820.880238,6,0,-116
1767173820.890238,4,1,-128
1767173820.900238,3,3,-129
1767173820.9102385,0,1,-128
1767173820.9202385,-3,3,-119
1767173820.9302382,-10,5,-122
1767173820.9402382,-9,1,-124
1767173820.9502382,-6,-1,-124
1767173820.9602382,-6,0,-132
1767173820.9702382,-2,-5,-133
1767173820.9802382,-8,-4,-133
1767173820.9902382,-8,-7,-128
1767173821.0002382,-4,-10,-128
1767173821.0102382,0,-7,-123
1767173821.0202382,-1,-1,-128
1767173821.0302382,-1,0,-125
1767173821.040238,-4,3,-130
1767173821.050238,0,3,-129
1767173821.060238,2,2,-129
1767173821.070238,0,1,-126
1767173821.080238,-1,1,-123
1767173821.090238,5,3,-122
1767173821.100238,4,2,-124
1767173821.110238,6,-1,-134
1767173821.120238,6,-1,-133
1767173821.130238,6,-3,-135
1767173821.1412382,4,0,-132
1767173821.150238,4,1,-137
1767173821.1602385,5,1,-134
1767173821.1702385,2,0,-129
1767173821.1802382,1,3,-128
1767173821.1902382,2,4,-130
1767173821.2002382,0,3,-131
1767173821.2102382,-2,2,-135
1767173821.2202382,-7,1,-137
1767173821.2302382,-8,-1,-133
1767173821.2402382,-2,-3,-129
1767173821.2502382,2,-4,-126
1767173821.2602382,4,-7,-122
1767173821.2702382,4,-6,-120
1767173821.2802382,4,-3,-119
1767173821.290238,-2,-8,-118
1767173821.300238,-5,-9,-121
1767173821.310238,-5,-8,-125
1767173821.320238,-3,-8,-129
1767173821.330238,-4,-4,-129
1767173821.340238,-3,-2,-125
1767173821.350238,-5,-6,-132
1767173821.360238,-5,-5,-135
1767173821.370238,-3,-7,-128
1767173821.380238,-1,-11,-126
1767173821.390238,-2,-7,-124
1767173821.400238,0,-7,-122
1767173821.4102385,0,-6,-125
1767173821.4202385,0,-8,-129
1767173821.4302382,1,-8,-130
1767173821.4402382,1,-8,-128
1767173821.4502382,2,-8,-129
1767173821.4602382,0,-5,-133
1767173821.4702382,2,-5,-126
1767173821.4802382,7,-5,-124
1767173821.4902382,3,0,-132
1767173821.5002382,-1,1,-126
1767173821.5102382,1,0,-122
1767173821.5202382,-1,0,-128
1767173821.5302382,-1,0,-126
1767173821.540238,-2,0,-116
1767173821.550238,0,-1,-119
1767173821.560238,4,0,-122
1767173821.570238,6,-3,-121
1767173821.580238,2,-1,-121
1767173821.590238,1,-1,-122
1767173821.600238,3,-4,-118
1767173821.610238,4,-6,-120
1767173821.620238,2,-5,-114
1767173821.630238,-4,-5,-115
1767173821.640238,-4,-5,-119
1767173821.650238,0,-4,-113
1767173821.6602385,3,-2,-116
1767173821.6702385,2,0,-123
1767173821.6802382,-2,-1,-128
1767173821.6902382,-3,-2,-129
1767173821.7002382,-8,-1,-127
1767173821.721238,-3,1,-125
1767173821.7302382,-1,2,-121
1767173821.7402382,-1,3,-116
1767173821.7502382,0,3,-121
1767173821.7602382,1,4,-120
1767173821.7702382,-3,6,-121
1767173821.7802382,0,3,-122
1767173821.790238,-1,2,-123
1767173821.800238,-3,2,-127
1767173821.810238,-4,1,-123
1767173821.820238,-4,4,-122
1767173821.830238,-4,4,-123
1767173821.840238,-3,2,-125
1767173821.850238,0,-2,-121
1767173821.860238,-1,0,-122
1767173821.870238,0,0,-118
1767173821.880238,4,1,-122
1767173821.890238,3,4,-119
1767173821.900238,3,4,-121
1767173821.9102385,3,4,-127
1767173821.9202385,0,1,-126
1767173821.9302382,-2,0,-124
1767173821.9402382,-4,-6,-124
1767173821.9502382,-1,-8,-122
1767173821.9602382,-4,-9,-119
1767173821.9702382,-6,-8,-118
1767173821.9802382,-8,-6,-119
1767173821.9902382,-6,-2,-126
1767173822.0002382,-1,1,-131
1767173822.0102382,-1,0,-131
1767173822.0202382,-2,-1,-128
1767173822.0302382,-5,3,-123
1767173822.040238,-6,3,-123
1767173822.050238,-7,5,-118
1767173822.060238,-2,7,-116
1767173822.070238,-4,2,-115
1767173822.080238,-6,3,-116
1767173822.090238,-3,0,-120
1767173822.100238,-2,0,-121
1767173822.110238,2,-2,-114
1767173822.120238,-1,-2,-113
1767173822.130238,-1,0,-113
1767173822.140238,4,2,-112
1767173822.150238,1,4,-109
1767173822.1602385,-4,5,-109
1767173822.1702385,0,5,-113
1767173822.1802382,0,5,-121
1767173822.1902382,-1,5,-125
1767173822.2002382,2,1,-127
1767173822.2102382,2,-4,-131
1767173822.2202382,2,-3,-126
1767173822.2302382,1,-2,-125
1767173822.2402382,5,-5,-123
1767173822.2502382,6,-3,-125
1767173822.2602382,5,-4,-127
1767173822.2702382,1,-1,-128
1767173822.2802382,2,-2,-129
1767173822.290238,0,-2,-133
1767173822.300238,-1,-3,-132
1767173822.311238,-7,-9,-129
1767173822.321238,-6,-3,-125
1767173822.3312385,-1,0,-120
1767173822.3412385,4,-1,-127
1767173822.3512385,4,-4,-125
1767173822.3612382,4,-3,-122
1767173822.3712382,3,0,-117
1767173822.3812382,3,-2,-120
1767173822.3912382,6,-3,-118
1767173822.4012382,8,-4,-117
1767173822.4112382,11,-1,-124
1767173822.4212382,9,1,-123
1767173822.4312382,2,-1,-125
1767173822.4412382,5,-1,-121
1767173822.4512382,6,0,-125
1767173822.461238,2,-2,-129
1767173822.471238,-3,-5,-124
1767173822.481238,-4,-4,-116
1767173822.491238,-4,-4,-115
1767173822.501238,-2,0,-121
1767173822.511238,-6,0,-125
1767173822.521238,-10,5,-121
1767173822.531238,-6,1,-118
1767173822.541238,-6,0,-123
1767173822.551238,-7,3,-124
1767173822.561238,-3,4,-124
1767173822.571238,1,0,-123
1767173822.5812385,2,0,-127
1767173822.5912385,4,0,-124
1767173822.6012385,1,-1,-123
1767173822.6112382,0,-2,-121
1767173822.6212382,-2,2,-121
1767173822.6312382,-8,2,-120
1767173822.6412382,-8,-2,-118
1767173822.6512382,-5,-3,-117
1767173822.6612382,-8,-1,-124
1767173822.6712382,-7,-1,-119
1767173822.6812382,-7,0,-119
1767173822.6912382,-6,1,-129
1767173822.7012382,-4,5,-126
1767173822.711238,-7,5,-124
1767173822.721238,-2,6,-124
1767173822.731238,-2,3,-121
1767173822.741238,4,0,-117
1767173822.751238,7,0,-127
1767173822.761238,5,-1,-132
1767173822.771238,1,2,-131
1767173822.781238,1,0,-129
1767173822.791238,0,2,-125
1767173822.801238,-2,3,-123
1767173822.811238,-5,3,-123
1767173822.821238,-6,-2,-123
1767173822.8312385,-6,0,-126
1767173822.8412385,-6,0,-121
1767173822.8512385,-4,-7,-124
1767173822.8612382,-4,-10,-133
1767173822.8712382,-5,-8,-132
1767173822.8812382,-5,-4,-134
1767173822.8912382,-1,-9,-133
1767173822.9012382,-3,-8,-128
1767173822.9112382,-2,-6,-121
1767173822.9212382,-2,-3,-120
1767173822.9312382,-4,-4,-119
1767173822.9412382,-1,-5,-116
1767173822.9512382,2,-4,-119
1767173822.961238,3,-6,-125
1767173822.971238,8,-4,-122
1767173822.981238,4,-4,-128
1767173822.991238,0,-5,-125
1767173823.001238,0,-5,-129
1767173823.011238,1,-6,-128
1767173823.021238,0,-6,-123
1767173823.031238,-5,-4,-123
1767173823.041238,-7,-6,-119
1767173823.051238,-4,-5,-122
1767173823.061238,-2,-11,-120
1767173823.071238,-4,-8,-121
1767173823.0812385,-2,-6,-118
1767173823.0912385,1,-3,-115
1767173823.1012385,-1,-3,-120
1767173823.1112382,1,-3,-121
1767173823.1212382,1,-3,-121
1767173823.1312382,-1,-1,-129
1767173823.1412382,-1,0,-135
1767173823.1512382,0,0,-132
1767173823.1612382,-1,-1,-132
1767173823.1712382,2,-6,-135
1767173823.1812382,2,-5,-128
1767173823.1912382,0,1,-128
1767173823.2012382,2,2,-129
1767173823.211238,-1,0,-127
1767173823.221238,-2,-3,-130
1767173823.231238,-3,-6,-137
1767173823.241238,-2,-6,-141
1767173823.251238,-3,-3,-142
1767173823.261238,-5,-3,-137
1767173823.271238,-7,-2,-133
1767173823.281238,-6,0,-128
1767173823.291238,0,0,-123
1767173823.301238,6,-1,-122
1767173823.311238,3,-1,-126
1767173823.321238,2,-2,-119
1767173823.3312385,4,0,-117
1767173823.3412385,5,-1,-119
1767173823.3512385,3,-2,-119
1767173823.3612382,1,-6,-119
1767173823.3712382,1,-6,-124
1767173823.3812382,3,-1,-124
1767173823.3912382,4,-1,-125
1767173823.4012382,6,-1,-125
1767173823.4112382,5,1,-124
1767173823.4212382,1,3,-125
1767173823.4312382,-2,2,-124
1767173823.4412382,1,1,-125
1767173823.4512382,0,-3,-122
1767173823.461238,2,-4,-118
1767173823.471238,2,-6,-120
1767173823.481238,0,-5,-125
1767173823.491238,4,0,-126
1767173823.501238,2,1,-128
1767173823.511238,0,0,-126
1767173823.521238,-1,-3,-121
1767173823.531238,0,0,-123
1767173823.541238,1,3,-118
1767173823.551238,3,4,-119
1767173823.561238,4,3,-123
1767173823.571238,5,1,-125
1767173823.5812385,2,0,-120
1767173823.5912385,0,-5,-121
1767173823.6012385,3,-4,-123
1767173823.6112382,5,-1,-126
1767173823.6212382,4,-1,-131
1767173823.6312382,7,-1,-132
1767173823.6412382,9,-8,-131
1767173823.6512382,7,-7,-128
1767173823.6612382,5,-8,-126
1767173823.6712382,7,-11,-123
1767173823.6812382,4,-8,-117
1767173823.6912382,0,-4,-113
1767173823.7012382,1,-1,-110
1767173823.711238,0,0,-112
1767173823.721238,0,0,-112
1767173823.731238,3,-5,-111
1767173823.741238,2,0,-114
1767173823.751238,0,-1,-120
1767173823.761238,-4,-2,-116
1767173823.771238,0,-8,-118
1767173823.781238,-1,-7,-118
1767173823.791238,3,-7,-120
1767173823.801238,3,-4,-119
1767173823.811238,3,-5,-123
1767173823.821238,0,-4,-126
1767173823.8312385,4,-7,-123
1767173823.8412385,-2,-7,-123
1767173823.8512385,-3,-6,-122
1767173823.8612382,-6,-2,-129
1767173823.8712382,-8,-2,-135
1767173823.8812382,-9,-2,-128
1767173823.8912382,-9,-2,-123
1767173823.9012382,-5,-5,-123
1767173823.9112382,-2,-6,-130
1767173823.9212382,-2,-9,-126
1767173823.9312382,0,-10,-127
1767173823.9412382,-1,-12,-127
1767173823.9512382,-2,-14,-121
1767173823.961238,-3,-13,-120
1767173823.971238,-7,-13,-123
1767173823.981238,-5,-9,-126
1767173823.991238,-7,-6,-129
1767173824.001238,-7,-6,-131
1767173824.011238,-2,-6,-134
1767173824.021238,-3,-8,-132
1767173824.031238,0,-5,-129
1767173824.041238,1,-2,-125
1767173824.051238,1,-1,-122
1767173824.061238,0,-3,-126
1767173824.071238,1,-2,-122
1767173824.0812385,1,-6,-119
1767173824.0912385,-2,-7,-120
1767173824.1012385,0,-8,-113
1767173824.1112382,-4,-7,-113
1767173824.1212382,-1,-8,-120
1767173824.1312382,-4,-8,-121
1767173824.1412382,-1,-8,-127
1767173824.1512382,-3,-2,-133
1767173824.1612382,-4,-2,-133
1767173824.1712382,-4,-5,-128
1767173824.1812382,-4,-3,-123
1767173824.1912382,2,-4,-123
1767173824.2012382,1,-7,-123
1767173824.211238,2,-6,-132
1767173824.221238,2,-5,-131
1767173824.231238,-1,-2,-130
1767173824.241238,-2,-2,-128
1767173824.251238,-8,-4,-127
1767173824.261238,-10,-9,-122
1767173824.271238,-9,-9,-121
1767173824.281238,-7,-3,-120
1767173824.291238,-5,0,-114
1767173824.301238,-4,3,-115
1767173824.311238,-5,-1,-117
1767173824.321238,-2,0,-122
1767173824.3312385,1,1,-126
1767173824.3412385,1,4,-127
1767173824.3512385,0,0,-132
1767173824.3612382,-1,0,-131
1767173824.3712382,-5,0,-127
1767173824.3812382,-4,-1,-127
1767173824.3912382,-2,0,-124
1767173824.4012382,-1,-3,-131
1767173824.4112382,-4,-5,-134
1767173824.4212382,0,-2,-135
1767173824.4312382,1,0,-135
1767173824.4412382,-1,0,-137
1767173824.4512382,1,2,-133
1767173824.461238,0,3,-131
1767173824.471238,3,-1,-132
1767173824.481238,4,-1,-132
1767173824.491238,4,0,-134
1767173824.501238,3,2,-131
1767173824.511238,5,2,-131
1767173824.521238,7,-2,-125
1767173824.531238,6,0,-124
1767173824.541238,4,-3,-121
1767173824.551238,4,-2,-120
1767173824.561238,4,-2,-116
1767173824.571238,3,-2,-116
1767173824.5812385,4,-2,-116
1767173824.5912385,4,-4,-112
1767173824.6012385,1,-4,-107
1767173824.6112382,0,-4,-106
1767173824.6212382,1,-2,-106
1767173824.6312382,1,-1,-110
1767173824.6412382,1,-2,-114
1767173824.6512382,0,-4,-119
1767173824.6612382,1,-3,-118
1767173824.6712382,2,-4,-120
1767173824.6812382,3,0,-119
1767173824.6912382,3,-2,-116
1767173824.7012382,6,-1,-113
1767173824.711238,2,1,-117
1767173824.721238,6,2,-118
1767173824.731238,0,0,-115
1767173824.741238,0,3,-117
1767173824.751238,1,0,-120
1767173824.761238,-1,1,-118
1767173824.771238,-1,0,-113
1767173824.781238,0,1,-118
1767173824.791238,2,1,-128
1767173824.801238,-1,0,-126
1767173824.811238,1,0,-129
1767173824.821238,1,-2,-125
1767173824.8312385,-1,-2,-126
1767173824.8412385,0,-5,-123
1767173824.8512385,0,-5,-123
1767173824.8612382,1,-6,-123
1767173824.8712382,1,-3,-119
1767173824.8812382,-3,-5,-115
1767173824.8912382,-3,-5,-119
1767173824.9012382,-5,-6,-127
1767173824.9112382,-1,-4,-129
1767173824.922238,0,-4,-119
1767173824.932238,0,-3,-117
1767173824.9412382,0,-5,-122
1767173824.952238,0,-4,-117
1767173824.962238,-2,-6,-117
1767173824.972238,-3,-8,-119
1767173824.982238,-5,-6,-123
1767173824.991238,-6,-7,-131
1767173825.002238,-3,-7,-128
1767173825.0122385,-2,-6,-126
1767173825.0222385,0,-9,-121
1767173825.0322382,6,-3,-119
1767173825.0422382,1,-3,-120
1767173825.0522382,0,0,-122
1767173825.0622382,-2,-1,-126
1767173825.0722382,-4,-5,-126
1767173825.0822382,-6,-4,-133
1767173825.0922382,-1,-6,-133
1767173825.1022382,2,-6,-140
1767173825.1122382,4,0,-139
1767173825.1222382,5,3,-138
1767173825.132238,7,4,-139
1767173825.142238,7,5,-135
1767173825.152238,0,1,-134
1767173825.162238,-3,-2,-130
1767173825.172238,0,-7,-131
1767173825.182238,2,-7,-128
1767173825.192238,7,-6,-132
1767173825.202238,10,-2,-135
1767173825.212238,9,1,-133
1767173825.222238,6,-1,-136
1767173825.232238,4,-2,-136
1767173825.242238,2,0,-132
1767173825.252238,1,-7,-126
1767173825.2622385,-1,-11,-119
1767173825.2722385,-2,-8,-123
1767173825.2822382,-4,-11,-128
1767173825.2922382,-1,-6,-126
1767173825.3022382,3,-2,-124
1767173825.3122382,5,0,-114
1767173825.3222382,3,3,-113
1767173825.3322382,0,0,-122
1767173825.3422382,0,0,-127
1767173825.3522382,4,0,-128
1767173825.3622382,2,-1,-131
1767173825.3722382,1,1,-131
1767173825.382238,2,1,-132
1767173825.392238,1,0,-134
1767173825.402238,0,-3,-138
1767173825.412238,3,-6,-128
1767173825.422238,1,-6,-126
1767173825.432238,5,-6,-120
1767173825.442238,3,-6,-118
1767173825.452238,6,-3,-125
1767173825.462238,7,-4,-128
1767173825.472238,6,-7,-122
1767173825.482238,5,-3,-122
1767173825.492238,2,-1,-124
1767173825.502238,6,-4,-129
1767173825.5122385,4,-3,-135
1767173825.5222385,-2,-5,-131
1767173825.5322382,-4,-6,-122
1767173825.5422382,-2,0,-121
1767173825.5522382,1,-3,-119
1767173825.5622382,0,-1,-121
1767173825.5722382,-1,-1,-124
1767173825.5822382,-5,-1,-128
1767173825.5922382,-5,-3,-130
1767173825.6022382,-7,-3,-118
1767173825.6122382,-3,-4,-118
1767173825.6222382,0,0,-115
1767173825.632238,0,4,-124
1767173825.642238,1,5,-130
1767173825.652238,2,8,-128
1767173825.662238,2,3,-128
1767173825.672238,-3,1,-129
1767173825.682238,0,1,-127
1767173825.692238,-1,0,-119
1767173825.702238,5,1,-123
1767173825.712238,7,1,-122
1767173825.722238,2,-2,-116
1767173825.732238,1,-4,-111
1767173825.742238,1,-2,-111
1767173825.752238,-2,-4,-114
1767173825.7622385,-1,-6,-111
1767173825.7722385,-6,-6,-118
1767173825.7822382,-8,-6,-117
1767173825.7922382,-5,-4,-116
1767173825.8022382,-3,-5,-115
1767173825.8122382,-1,-7,-119
1767173825.8222382,-6,-6,-127
1767173825.8322382,-6,-6,-127
1767173825.8422382,-5,-5,-125
1767173825.8522382,-7,-5,-124
1767173825.8622382,-4,-2,-123
1767173825.8722382,0,0,-125
1767173825.882238,-1,-2,-124
1767173825.892238,0,-1,-130
1767173825.902238,3,1,-130
1767173825.912238,1,6,-128
1767173825.922238,3,1,-130
1767173825.932238,0,0,-134
1767173825.942238,0,-2,-134
1767173825.952238,0,-6,-130
1767173825.962238,1,-2,-125
1767173825.972238,1,-5,-121
1767173825.982238,0,-7,-118
1767173825.992238,0,-3,-121
1767173826.002238,-3,-2,-119
1767173826.0122385,-2,-4,-118
1767173826.0222385,-1,-2,-121
1767173826.0322382,0,0,-122
1767173826.0422382,2,0,-130
1767173826.0522382,5,0,-131
1767173826.0622382,2,-3,-126
1767173826.0722382,0,-5,-121
1767173826.0822382,0,-6,-123
1767173826.0922382,-1,-3,-119
1767173826.1022382,0,-4,-117
1767173826.1122382,-3,-7,-118
1767173826.1222382,-5,-10,-115
1767173826.132238,-4,-10,-113
1767173826.142238,-4,-7,-122
1767173826.152238,-7,-8,-124
1767173826.162238,-9,-7,-128
1767173826.172238,-8,-6,-123
1767173826.182238,-3,-6,-127
1767173826.192238,-3,-3,-134
1767173826.202238,-2,-2,-129
1767173826.212238,1,-2,-125
1767173826.222238,0,-3,-125
1767173826.232238,-2,-4,-125
1767173826.242238,0,-5,-127
1767173826.252238,0,1,-127
1767173826.2622385,0,-3,-129
1767173826.2722385,2,-3,-130
1767173826.2822382,0,-6,-130
1767173826.2922382,0,-4,-132
1767173826.3022382,0,-1,-127
1767173826.3122382,3,0,-123
1767173826.3222382,3,2,-126
1767173826.3322382,5,0,-126
1767173826.3422382,6,-1,-122
1767173826.3522382,5,-4,-130
1767173826.3622382,3,-6,-126
1767173826.3722382,-1,-7,-123
1767173826.382238,-5,-7,-122
1767173826.392238,-7,-5,-119
1767173826.402238,-5,-3,-116
1767173826.412238,-3,-2,-114
1767173826.422238,-2,1,-118
1767173826.432238,-5,2,-117
1767173826.442238,-4,0,-112
1767173826.452238,0,0,-119
1767173826.462238,-4,4,-121
1767173826.472238,-6,0,-122
1767173826.482238,-6,1,-121
1767173826.492238,-3,-3,-117
1767173826.502238,-6,0,-113
1767173826.5122385,-6,4,-115
1767173826.5222385,-3,4,-118
1767173826.5322382,-1,8,-122
1767173826.5422382,3,4,-122
1767173826.5522382,3,3,-121
1767173826.5622382,4,8,-116
1767173826.5722382,6,9,-119
1767173826.5822382,1,11,-121
1767173826.5922382,-1,8,-117
1767173826.6022382,-4,1,-119
1767173826.6122382,-6,-1,-116
1767173826.6222382,-4,-3,-120
1767173826.632238,-5,-3,-126
1767173826.642238,-6,1,-128
1767173826.652238,-3,-2,-138
1767173826.662238,-4,-1,-132
1767173826.672238,-7,-3,-129
1767173826.682238,-9,-2,-132
1767173826.692238,-8,-4,-133
1767173826.702238,-6,-4,-128
1767173826.712238,-5,-3,-128
1767173826.7332382,-5,-3,-137
1767173826.742238,0,-2,-138
1767173826.752238,1,-1,-130
1767173826.7622385,2,2,-120
1767173826.7722385,2,0,-122
1767173826.7822382,-1,-1,-130
1767173826.7922382,1,-5,-129
1767173826.8022382,0,-8,-125
1767173826.8122382,2,-3,-122
1767173826.8222382,5,-2,-120
1767173826.8322382,6,-5,-122
1767173826.8422382,12,-6,-121
1767173826.8522382,13,-6,-121
1767173826.8622382,7,-7,-131
1767173826.8722382,0,-9,-138
1767173826.882238,1,-3,-134
1767173826.892238,0,-2,-131
1767173826.902238,0,-1,-123
1767173826.912238,-1,-2,-125
1767173826.922238,-6,-5,-126
1767173826.932238,-1,-6,-125
1767173826.942238,-2,-10,-124
1767173826.952238,-6,-10,-129
1767173826.962238,-5,-12,-125
1767173826.972238,-5,-8,-131
1767173826.982238,-2,-5,-130
1767173826.992238,-7,-5,-129
1767173827.002238,-6,-4,-126
1767173827.0122385,-4,-3,-128
1767173827.0222385,-4,-2,-126
1767173827.0322382,0,2,-128
1767173827.0422382,0,4,-126
1767173827.0522382,-1,3,-127
1767173827.0622382,-1,-1,-121
1767173827.0722382,-5,-3,-111
1767173827.0822382,-8,-5,-118
1767173827.0922382,-9,-2,-119
1767173827.1022382,-6,0,-118
1767173827.1122382,-2,-3,-115
1767173827.1222382,-3,-3,-117
1767173827.132238,-1,-1,-121
1767173827.142238,-1,2,-118
1767173827.152238,0,4,-116
1767173827.162238,-5,-3,-116
1767173827.172238,-2,-6,-116
1767173827.182238,-3,-2,-124
1767173827.192238,-1,-2,-125
1767173827.202238,0,1,-123
1767173827.212238,-3,2,-123
1767173827.222238,-4,0,-128
1767173827.232238,-5,-1,-135
1767173827.242238,-5,-3,-136
1767173827.252238,-2,-2,-132
1767173827.2622385,-5,0,-128
1767173827.2722385,-5,5,-130
1767173827.2822382,-3,6,-129
1767173827.2922382,0,4,-128
1767173827.3022382,2,3,-131
1767173827.3122382,2,1,-123
1767173827.3222382,3,0,-122
1767173827.3322382,6,-1,-121
1767173827.3422382,8,-1,-124
1767173827.3522382,10,1,-128
1767173827.3622382,9,3,-131
1767173827.3722382,8,0,-131
1767173827.382238,2,-3,-132
1767173827.392238,1,-1,-127
1767173827.402238,1,0,-119
1767173827.412238,-2,-4,-120
1767173827.422238,0,-7,-127
1767173827.432238,0,-5,-125
1767173827.442238,0,-2,-126
1767173827.452238,0,-3,-124
1767173827.462238,0,-3,-125
1767173827.472238,1,-5,-131
1767173827.482238,0,-5,-139
1767173827.492238,4,-4,-147
1767173827.502238,7,-1,-148
1767173827.5122385,3,-4,-139
1767173827.5222385,0,-8,-134
1767173827.5322382,-2,-8,-132
1767173827.5422382,0,-6,-129
1767173827.5532382,-5,-2,-131
1767173827.5622382,-5,-3,-139
1767173827.5722382,-5,-4,-142
1767173827.583238,-7,-6,-140
1767173827.593238,-8,-10,-139
1767173827.603238,-5,-2,-136
1767173827.613238,-3,-1,-135
1767173827.623238,0,1,-134
1767173827.633238,-2,-2,-134
1767173827.643238,-1,1,-126
1767173827.653238,3,0,-129
1767173827.663238,7,-2,-126
1767173827.673238,8,-2,-122
1767173827.6832385,3,0,-120
1767173827.6932385,2,0,-121
1767173827.7032382,4,-1,-116
1767173827.7132382,3,-1,-119
1767173827.7232382,4,-2,-121
1767173827.7332382,3,-2,-128
1767173827.7432382,4,-6,-131
1767173827.7532382,3,-7,-129
1767173827.7632382,4,-9,-133
1767173827.7732382,9,-6,-130
1767173827.7832382,2,-2,-126
1767173827.7932382,4,-2,-126
1767173827.8032382,0,-1,-123
1767173827.813238,1,5,-127
1767173827.823238,1,7,-126
1767173827.833238,0,0,-127
1767173827.843238,1,-1,-129
1767173827.853238,1,-4,-126
1767173827.863238,-1,-5,-129
1767173827.873238,0,-7,-131
1767173827.883238,-3,-11,-126
1767173827.893238,0,-5,-126
1767173827.903238,3,-5,-128
1767173827.913238,-5,0,-129
1767173827.923238,-6,1,-129
1767173827.9332385,-6,5,-127
1767173827.9432385,-9,3,-125
1767173827.9532382,-7,2,-118
1767173827.9632382,-7,-1,-118
1767173827.9732382,0,-2,-115
1767173827.9832382,1,0,-125
1767173827.9932382,-3,2,-125
1767173828.0032382,-3,0,-119
1767173828.0132382,-1,4,-113
1767173828.0232382,4,6,-122
1767173828.0332382,0,6,-124
1767173828.0432382,-4,1,-124
1767173828.0532382,0,-1,-129
1767173828.063238,3,-1,-126
1767173828.073238,2,0,-126
1767173828.083238,2,-2,-126
1767173828.093238,4,-1,-118
1767173828.103238,4,0,-120
1767173828.113238,3,-1,-122
1767173828.123238,0,-1,-125
1767173828.133238,-1,0,-125
1767173828.143238,2,0,-122
1767173828.153238,2,0,-118
1767173828.163238,3,-2,-118
1767173828.173238,2,-3,-121
1767173828.1832385,-1,-3,-128
1767173828.1932385,-3,1,-123
1767173828.2032382,0,-3,-124
1767173828.2132382,1,-3,-118
1767173828.2232382,0,-2,-122
1767173828.2332382,4,-1,-126
1767173828.2432382,5,-3,-125
1767173828.2532382,5,-3,-122
1767173828.2632382,7,-5,-125
1767173828.2732382,6,-6,-129
1767173828.2832382,2,-5,-128
1767173828.2932382,2,-6,-122
1767173828.3032382,0,-11,-125
1767173828.313238,4,-10,-121
1767173828.323238,3,-6,-122
1767173828.333238,0,-4,-126
1767173828.343238,-4,-2,-123
1767173828.353238,-2,-4,-120
1767173828.363238,-2,-1,-120
1767173828.373238,-4,0,-127
1767173828.383238,-4,-2,-126
1767173828.393238,-5,-3,-129
1767173828.403238,-4,-2,-126
1767173828.413238,-4,-3,-126
1767173828.423238,-2,-1,-125
1767173828.4332385,1,-1,-139
1767173828.4432385,0,-1,-134
1767173828.4532382,-2,1,-128
1767173828.4632382,-1,2,-131
1767173828.4732382,0,3,-126
1767173828.4832382,4,2,-123
1767173828.4932382,5,-1,-119
1767173828.5032382,3,-1,-116
1767173828.5132382,1,-2,-112
1767173828.5232382,0,-3,-119
1767173828.5332382,1,-4,-123
1767173828.5432382,2,-5,-126
1767173828.5532382,5,-2,-129
1767173828.563238,2,-3,-127
1767173828.573238,1,-3,-132
1767173828.583238,0,-3,-128
1767173828.593238,0,-1,-130
1767173828.603238,0,-1,-131
1767173828.613238,1,-1,-132
1767173828.623238,5,-5,-129
1767173828.633238,-1,-7,-121
1767173828.643238,-5,-12,-115
1767173828.653238,-7,-11,-112
1767173828.663238,-4,-9,-109
1767173828.673238,-2,-10,-112
1767173828.6832385,-2,-8,-121
1767173828.6932385,-3,-6,-115
1767173828.7032382,-6,-1,-106
1767173828.7132382,-6,-3,-111
1767173828.7232382,-4,0,-113
1767173828.7332382,-4,2,-117
1767173828.7432382,0,0,-112
1767173828.7532382,-1,-2,-121
1767173828.7632382,-1,-1,-125
1767173828.7732382,-2,0,-122
1767173828.7832382,-3,-2,-118
1767173828.7932382,0,-4,-118
1767173828.8032382,0,-7,-122
1767173828.813238,0,-4,-125
1767173828.823238,-6,-3,-130
1767173828.833238,-6,-4,-123
1767173828.843238,-4,-1,-125
1767173828.853238,-3,-2,-130
1767173828.863238,0,-5,-134
1767173828.873238,0,-7,-136
1767173828.883238,2,-6,-129
1767173828.893238,6,-5,-123
1767173828.903238,6,-5,-121
1767173828.913238,5,-7,-121
1767173828.923238,8,-7,-125
1767173828.9332385,5,-4,-125
1767173828.9432385,3,-2,-121
1767173828.9532382,4,-2,-119
1767173828.9632382,5,-2,-116
1767173828.9732382,9,0,-125
1767173828.9832382,5,-6,-126
1767173828.9932382,2,-7,-130
1767173829.0032382,7,0,-131
1767173829.0132382,0,0,-130
1767173829.0232382,0,1,-136
1767173829.0332382,1,0,-137
1767173829.0432382,0,1,-143
1767173829.0532382,-6,-1,-142
1767173829.063238,0,-1,-133
1767173829.073238,1,-2,-129
1767173829.083238,1,-1,-126
1767173829.093238,-2,1,-126
1767173829.103238,-3,2,-117
1767173829.113238,0,-1,-115
1767173829.123238,0,-2,-125
1767173829.133238,1,-1,-127
1767173829.143238,-1,0,-132
1767173829.153238,0,-3,-133
1767173829.163238,2,0,-126
1767173829.173238,2,-3,-122
1767173829.1832385,0,-1,-125
1767173829.1932385,1,-4,-127
1767173829.2032382,5,-6,-130
1767173829.2132382,5,-5,-136
1767173829.2232382,0,-5,-127
1767173829.2332382,-3,-1,-127
1767173829.2432382,-3,-4,-125
1767173829.2532382,-2,-4,-123
1767173829.2632382,-1,-6,-117
1767173829.2732382,0,-5,-121
1767173829.2832382,1,-6,-118
1767173829.2932382,0,-9,-122
1767173829.3032382,0,-11,-118
1767173829.313238,2,-9,-120
1767173829.323238,6,-9,-117
1767173829.333238,6,-8,-118
1767173829.343238,0,-6,-121
1767173829.353238,-1,-6,-114
1767173829.363238,2,-5,-123
1767173829.373238,0,-5,-126
1767173829.383238,0,-2,-126
1767173829.393238,0,-5,-120
1767173829.403238,1,-9,-127
1767173829.413238,3,-7,-128
1767173829.423238,0,-4,-123
1767173829.4332385,-1,-3,-124
1767173829.4432385,0,-1,-124
1767173829.4532382,-2,-2,-126
1767173829.4632382,0,-2,-125
1767173829.4732382,2,-4,-120
1767173829.4832382,0,-5,-121
1767173829.4932382,5,-4,-120
1767173829.5032382,5,-1,-129
1767173829.5132382,4,-2,-136
1767173829.5232382,5,-2,-135
1767173829.5332382,4,-5,-131
1767173829.5432382,3,-6,-132
1767173829.5532382,2,0,-126
1767173829.563238,-1,-3,-125
1767173829.573238,-2,-2,-119
1767173829.583238,-3,-2,-127
1767173829.593238,0,1,-124
1767173829.603238,3,-1,-122
1767173829.613238,4,2,-123
1767173829.623238,6,0,-120
1767173829.633238,4,-1,-125
1767173829.643238,3,-1,-129
1767173829.653238,4,-1,-133
1767173829.663238,5,-2,-138
1767173829.673238,8,-8,-135
1767173829.6832385,8,-9,-138
1767173829.6932385,3,-7,-138
1767173829.7032382,0,-3,-136
1767173829.7132382,0,-2,-135
1767173829.7232382,2,-1,-135
1767173829.7332382,2,-5,-126
1767173829.7432382,1,-6,-127
1767173829.7532382,2,-1,-127
1767173829.7632382,0,2,-125
1767173829.7732382,3,0,-127
1767173829.7832382,5,-2,-128
1767173829.7932382,7,-7,-124
1767173829.8032382,10,-9,-118
1767173829.813238,8,-6,-121
1767173829.823238,6,-3,-122
1767173829.833238,4,-1,-120
1767173829.843238,4,0,-127
1767173829.853238,7,1,-138
1767173829.863238,8,2,-139
1767173829.873238,5,3,-140
1767173829.883238,3,1,-134
1767173829.893238,3,-4,-134
1767173829.903238,2,0,-132
1767173829.913238,5,-1,-128
1767173829.923238,2,2,-129
1767173829.9332385,4,7,-131
1767173829.9432385,3,5,-134
1767173829.9532382,6,3,-136
1767173829.9632382,5,3,-130
1767173829.9732382,1,5,-129
1767173829.9832382,2,1,-134
1767173829.9932382,2,1,-133
1767173830.0032382,3,0,-130
1767173830.0132382,0,2,-126
1767173830.0232382,0,6,-124
1767173830.0332382,1,5,-125
1767173830.0432382,0,2,-121
1767173830.0532382,1,0,-126
1767173830.063238,-2,0,-135
1767173830.073238,-3,-1,-132
1767173830.083238,0,-3,-134
1767173830.093238,2,-4,-133
1767173830.103238,2,-7,-127
1767173830.113238,3,-6,-130
1767173830.123238,0,-12,-134
1767173830.133238,2,-13,-136
1767173830.143238,0,-6,-126
1767173830.153238,-1,-8,-128
1767173830.163238,0,-6,-125
1767173830.173238,0,-3,-118
1767173830.1832385,-1,0,-119
1767173830.1932385,1,0,-123
1767173830.2032382,0,-2,-123
1767173830.2142382,0,1,-125
1767173830.2232382,2,1,-124
1767173830.2332382,3,0,-124
1767173830.244238,2,3,-123
1767173830.255238,1,5,-123
1767173830.264238,3,5,-130
1767173830.274238,1,9,-124
1767173830.284238,0,8,-115
1767173830.294238,2,3,-115
1767173830.304238,0,1,-121
1767173830.314238,2,0,-119
1767173830.324238,3,0,-115
1767173830.334238,2,-3,-121
1767173830.344238,1,-3,-124
1767173830.3542385,-1,-4,-118
1767173830.3642385,0,-8,-116
1767173830.3742385,1,-6,-118
1767173830.3842382,1,-6,-118
1767173830.3942382,3,-6,-122
1767173830.4042382,5,-3,-135
1767173830.4142382,7,-1,-134
1767173830.4242382,8,1,-134
1767173830.4342382,4,-1,-122
1767173830.4442382,5,-4,-115
1767173830.4542382,6,-1,-115
1767173830.4642382,3,-1,-115
1767173830.4742382,3,1,-115
1767173830.484238,3,-1,-118
1767173830.494238,0,-1,-115
1767173830.504238,6,-4,-112
1767173830.514238,5,-9,-117
1767173830.524238,6,-9,-116
1767173830.534238,7,-11,-122
1767173830.544238,7,-8,-122
1767173830.554238,3,-3,-123
1767173830.564238,0,-3,-123
1767173830.574238,5,-6,-118
1767173830.584238,6,-2,-118
1767173830.594238,6,-6,-122
1767173830.6042385,10,-7,-126
1767173830.6142385,9,-5,-131
1767173830.6242385,8,-7,-134
1767173830.6342382,9,-8,-130
1767173830.6442382,8,-7,-126
1767173830.6542382,7,-4,-125
1767173830.6642382,2,0,-125
1767173830.6742382,0,1,-118
1767173830.6842382,3,1,-120
1767173830.6942382,1,2,-121
1767173830.7042382,0,0,-130
1767173830.7142382,-2,0,-131
1767173830.7242382,0,3,-136
1767173830.734238,4,4,-134
1767173830.744238,4,2,-128
1767173830.754238,2,0,-122
1767173830.764238,-1,0,-124
1767173830.774238,-1,-1,-118
1767173830.784238,-1,-2,-115
1767173830.794238,0,-3,-116
1767173830.804238,-4,-4,-122
1767173830.814238,1,-6,-124
1767173830.824238,-2,-1,-127
1767173830.834238,0,5,-127
1767173830.844238,3,5,-130
1767173830.8542385,0,2,-133
1767173830.8642385,1,0,-133
1767173830.8742385,-1,-8,-131
1767173830.8842382,-2,-6,-123
1767173830.8942382,-1,-4,-124
1767173830.9042382,-2,-1,-128
1767173830.9142382,-1,3,-118
1767173830.9242382,-3,0,-117
1767173830.9342382,-3,0,-121
1767173830.9442382,-4,-1,-125
1767173830.9542382,-7,-4,-123
1767173830.9642382,-7,-1,-124
1767173830.9742382,-2,-1,-122
1767173830.984238,-2,1,-122
1767173830.994238,-7,0,-120
1767173831.004238,-4,-1,-122
1767173831.014238,0,-1,-126
1767173831.024238,0,-3,-133
1767173831.034238,3,-1,-130
1767173831.044238,4,0,-124
1767173831.054238,1,0,-121
1767173831.064238,0,3,-124
1767173831.074238,3,0,-121
1767173831.084238,7,0,-120
1767173831.094238,4,-5,-117
1767173831.1042385,0,-7,-117
1767173831.1142385,-1,-8,-120
1767173831.1242385,0,-6,-120
1767173831.1342382,0,-5,-121
1767173831.1442382,0,-5,-118
1767173831.1542382,2,-5,-114
1767173831.1642382,4,-1,-116
1767173831.1742382,3,-5,-117
1767173831.1842382,0,-9,-119
1767173831.1942382,-1,-8,-118
1767173831.2042382,-8,-8,-115
1767173831.2142382,-7,-10,-111
1767173831.2242382,-5,-4,-120
1767173831.234238,-6,-5,-127
1767173831.244238,-6,-3,-121
1767173831.254238,-1,-3,-113
1767173831.264238,-3,-1,-111
1767173831.274238,-5,-2,-116
1767173831.284238,-5,-1,-114
1767173831.294238,-6,0,-121
1767173831.304238,-2,-2,-119
1767173831.314238,-1,-3,-110
1767173831.324238,0,-4,-108
1767173831.334238,3,-1,-109
1767173831.344238,-2,-1,-112
1767173831.3542385,-4,-1,-116
1767173831.3642385,-5,-2,-119
1767173831.3742385,-2,-4,-113
1767173831.3842382,0,-2,-113
1767173831.3942382,0,-2,-116
1767173831.4042382,-2,-2,-118
1767173831.4142382,-2,2,-124
1767173831.4242382,-2,5,-122
1767173831.4342382,-4,2,-119
1767173831.4442382,-6,0,-122
1767173831.4542382,-6,-6,-121
1767173831.4642382,-7,-6,-129
1767173831.4742382,-4,-6,-129
1767173831.484238,2,-2,-126
1767173831.494238,3,0,-126
1767173831.504238,2,-3,-131
1767173831.514238,2,-3,-121
1767173831.524238,-1,2,-118
1767173831.534238,4,3,-117
1767173831.544238,4,2,-118
1767173831.554238,4,1,-110
1767173831.564238,4,-1,-105
1767173831.574238,2,0,-106
1767173831.584238,3,4,-108
1767173831.594238,-1,1,-112
1767173831.6042385,-1,2,-122
1767173831.6142385,3,-1,-128
1767173831.6242385,5,-4,-129
1767173831.6342382,4,-7,-121
1767173831.6442382,4,-6,-118
1767173831.6542382,4,-7,-116
1767173831.6642382,4,-9,-121
1767173831.6742382,-1,-3,-124
1767173831.6842382,0,-1,-124
1767173831.6942382,-1,3,-120
1767173831.7042382,0,4,-119
1767173831.7142382,0,2,-125
1767173831.7242382,3,0,-129
1767173831.745238,0,0,-122
1767173831.754238,1,-1,-126
1767173831.764238,3,-5,-127
1767173831.774238,6,-5,-122
1767173831.784238,5,-4,-116
1767173831.794238,7,-1,-117
1767173831.804238,0,1,-121
1767173831.814238,0,1,-122
1767173831.824238,0,-2,-127
1767173831.834238,1,-3,-123
1767173831.844238,0,-6,-128
1767173831.8542385,2,-5,-132
1767173831.8642385,0,-2,-130
1767173831.8742385,2,-3,-123
1767173831.8842382,3,-3,-121
1767173831.8942382,0,-2,-121
1767173831.9042382,4,0,-121
1767173831.9142382,3,4,-127
1767173831.9242382,7,9,-128
1767173831.9342382,5,9,-128
1767173831.9442382,1,6,-128
1767173831.9542382,1,4,-123
1767173831.9642382,-2,3,-120
1767173831.9742382,-1,3,-121
1767173831.984238,-1,0,-127
1767173831.994238,-6,-2,-126
1767173832.004238,-3,-3,-126
1767173832.014238,-4,-2,-135
1767173832.024238,0,-4,-135
1767173832.034238,0,-2,-132
1767173832.044238,0,2,-128
1767173832.054238,0,0,-131
1767173832.064238,-1,0,-132
1767173832.074238,0,-3,-125
1767173832.084238,2,-1,-122
1767173832.094238,-3,-4,-118
1767173832.1042385,1,-6,-121
1767173832.1142385,0,-6,-119
1767173832.1242385,0,-4,-121
1767173832.1342382,3,-8,-122
1767173832.1442382,4,-6,-119
1767173832.1542382,4,-5,-122
1767173832.1642382,0,-6,-122
1767173832.1742382,-1,-5,-118
1767173832.1842382,0,-9,-115
1767173832.1942382,-1,-14,-123
1767173832.2042382,0,-11,-122
1767173832.2142382,-2,-10,-125
1767173832.2242382,-5,-9,-129
1767173832.234238,-5,-9,-127
1767173832.244238,-3,-7,-122
1767173832.254238,-4,-7,-122
1767173832.264238,-4,-5,-120
1767173832.274238,-1,-7,-121
1767173832.284238,0,-8,-122
1767173832.294238,0,-8,-120
1767173832.304238,2,-9,-114
1767173832.314238,0,-9,-116
1767173832.324238,-2,-7,-124
1767173832.334238,-7,-6,-122
1767173832.344238,-12,-6,-126
1767173832.3542385,-3,-4,-123
1767173832.3642385,0,-6,-121
1767173832.3742385,1,-2,-115
1767173832.3842382,3,-4,-115
1767173832.3942382,5,-2,-111
1767173832.4042382,1,-3,-116
1767173832.4142382,0,0,-124
1767173832.4242382,0,0,-127
1767173832.4342382,0,-3,-128
1767173832.4442382,0,-7,-127
1767173832.4542382,-1,-8,-120
1767173832.4642382,-1,-8,-122
1767173832.4742382,-4,-10,-125
1767173832.484238,-2,-8,-128
1767173832.494238,-2,-4,-129
1767173832.504238,-5,-2,-124
1767173832.514238,-4,-2,-127
1767173832.524238,3,-2,-128
1767173832.534238,1,-2,-130
1767173832.544238,1,-1,-132
1767173832.554238,2,-3,-134
1767173832.564238,0,-5,-136
1767173832.574238,-3,-7,-136
1767173832.584238,-5,-5,-134
1767173832.594238,-6,-1,-135
1767173832.6042385,-4,4,-128
1767173832.6142385,-3,2,-125
1767173832.6242385,-3,0,-126
1767173832.6342382,0,0,-117
1767173832.6442382,2,0,-115
1767173832.6542382,-3,-4,-113
1767173832.6642382,-3,-9,-118
1767173832.6742382,3,-5,-120
1767173832.6842382,6,-4,-116
1767173832.6942382,7,-4,-110
1767173832.7042382,3,-4,-112
1767173832.7142382,2,-4,-120
1767173832.7242382,0,-6,-121
1767173832.734238,-3,-5,-124
1767173832.744238,2,-1,-124
1767173832.754238,5,1,-121
1767173832.764238,1,-2,-125
1767173832.774238,-1,-3,-124
1767173832.784238,-2,-3,-124
1767173832.794238,-1,-2,-129
1767173832.804238,-4,-2,-132
1767173832.8152382,0,-3,-133
1767173832.824238,0,-3,-133
1767173832.834238,4,-6,-131
1767173832.844238,1,-7,-129
1767173832.8552382,-2,-2,-128
1767173832.8652382,-1,-2,-130
1767173832.8752382,1,-2,-131
1767173832.8852382,-3,0,-127
1767173832.8952382,-4,-2,-127
1767173832.9052382,-1,-4,-123
1767173832.915238,-2,-6,-126
1767173832.925238,-3,-6,-131
1767173832.935238,-5,-5,-132
1767173832.945238,-2,-2,-131
1767173832.955238,-3,-4,-131
1767173832.965238,-4,-6,-133
1767173832.975238,-8,-3,-135
1767173832.985238,-2,-7,-132
1767173832.995238,3,-8,-134
1767173833.005238,1,-7,-130
1767173833.015238,4,-6,-132
1767173833.025238,5,-4,-132
1767173833.0352385,5,-7,-130
1767173833.0452385,3,-3,-127
1767173833.0552382,8,0,-124
1767173833.0652382,8,-2,-128
1767173833.0752382,6,0,-125
1767173833.0852382,7,-2,-124
1767173833.0952382,9,-3,-127
1767173833.1052382,8,-6,-130
1767173833.1152382,7,-7,-129
1767173833.1252382,2,-2,-128
1767173833.1352382,0,0,-127
1767173833.1452382,0,4,-129
1767173833.1552382,-1,0,-130
1767173833.165238,0,0,-118
1767173833.175238,-5,-2,-117
1767173833.185238,-4,-7,-114
1767173833.195238,-1,-7,-116
1767173833.205238,-2,-6,-113
1767173833.215238,2,-4,-115
1767173833.225238,3,-6,-121
1767173833.235238,1,-8,-123
1767173833.245238,5,-5,-130
1767173833.255238,4,-4,-127
1767173833.265238,3,-6,-127
1767173833.275238,2,-6,-131
1767173833.2852385,1,-5,-129
1767173833.2952385,-5,-7,-127
1767173833.3052382,-5,-5,-127
1767173833.3152382,-2,-7,-125
1767173833.3252382,0,-6,-121
1767173833.3352382,3,-4,-118
1767173833.3452382,2,-6,-123
1767173833.3552382,-3,-10,-126
1767173833.3652382,-3,-5,-131
1767173833.3752382,-4,0,-127
1767173833.3852382,-4,-1,-124
1767173833.3952382,-1,-1,-124
1767173833.4052382,0,-3,-125
1767173833.415238,-1,-2,-123
1767173833.425238,-2,-2,-124
1767173833.435238,-2,-3,-132
1767173833.445238,-7,-2,-122
1767173833.455238,-8,0,-117
1767173833.465238,-9,0,-114
1767173833.475238,-7,0,-118
1767173833.485238,-15,0,-116
1767173833.495238,-13,-2,-118
1767173833.505238,-8,-2,-128
1767173833.515238,-3,-4,-120
1767173833.525238,0,-6,-123
1767173833.5352385,-2,-5,-119
1767173833.5452385,-3,-3,-115
1767173833.5552382,1,0,-124
1767173833.5652382,1,-1,-125
1767173833.5752382,4,-2,-125
1767173833.5852382,2,0,-125
1767173833.5952382,3,-3,-128
1767173833.6052382,5,-1,-126
1767173833.6152382,7,-3,-129
1767173833.6252382,10,-2,-130
1767173833.6352382,6,-3,-128
1767173833.6452382,1,0,-130
1767173833.6552382,-2,-2,-127
1767173833.665238,-1,-2,-121
1767173833.675238,-3,-2,-118
1767173833.685238,-6,-4,-125
1767173833.695238,-5,-2,-129
1767173833.705238,-5,0,-128
1767173833.715238,-6,3,-124
1767173833.725238,-6,3,-120
1767173833.735238,-4,1,-118
1767173833.745238,-5,2,-125
1767173833.755238,-7,0,-128
1767173833.765238,0,-3,-129
1767173833.775238,2,-3,-132
1767173833.7852385,1,0,-133
1767173833.7952385,0,2,-138
1767173833.8052382,-2,2,-139
1767173833.8152382,-4,1,-140
1767173833.8252382,-5,2,-137
1767173833.8352382,-6,0,-140
1767173833.8452382,-5,0,-139
1767173833.8552382,-3,0,-136
1767173833.8652382,0,-1,-135
1767173833.8752382,0,-2,-134
1767173833.8852382,3,-7,-131
1767173833.8952382,0,-11,-140
1767173833.9052382,2,-11,-135
1767173833.915238,4,-9,-125
1767173833.925238,1,-5,-123
1767173833.935238,-2,-6,-120
1767173833.945238,-1,-4,-121
1767173833.955238,-4,-1,-117
1767173833.965238,-1,-3,-115
1767173833.975238,1,-4,-117
1767173833.985238,0,-3,-122
1767173833.995238,2,-7,-121
1767173834.005238,9,-5,-122
1767173834.015238,6,-8,-125
1767173834.025238,5,-9,-127
1767173834.0352385,5,-9,-123
1767173834.0452385,1,-6,-123
1767173834.0552382,-3,-7,-119
1767173834.0652382,-4,-7,-115
1767173834.0752382,-6,-6,-115
1767173834.0852382,-4,-5,-119
1767173834.0952382,-6,0,-117
1767173834.1052382,-1,-3,-107
1767173834.1152382,-1,-4,-110
1767173834.1252382,-1,-4,-110
1767173834.1352382,4,-4,-111
1767173834.1452382,5,-2,-109
1767173834.1552382,4,-3,-108
1767173834.165238,3,-8,-110
1767173834.175238,3,-9,-117
1767173834.185238,2,-8,-122
1767173834.195238,3,-9,-114
1767173834.205238,2,-7,-117
1767173834.215238,0,-3,-114
1767173834.225238,-6,0,-118
1767173834.235238,-9,-2,-117
1767173834.245238,-4,-2,-132
1767173834.255238,0,-2,-133
1767173834.265238,-5,-4,-128
1767173834.275238,-7,-5,-132
1767173834.2852385,-6,-2,-130
1767173834.2952385,-4,-6,-127
1767173834.3052382,0,-4,-129
1767173834.3152382,-2,-3,-134
1767173834.3252382,-3,0,-131
1767173834.3352382,0,0,-130
1767173834.3452382,5,0,-134
1767173834.3552382,5,-1,-135
1767173834.3652382,3,0,-142
1767173834.3752382,1,-3,-136
1767173834.3852382,1,1,-137
1767173834.3952382,0,1,-129
1767173834.4052382,-1,0,-125
1767173834.415238,3,1,-119
1767173834.425238,3,-3,-121
1767173834.435238,7,0,-122
1767173834.445238,9,2,-122
1767173834.455238,5,2,-125
1767173834.465238,6,5,-130
1767173834.475238,2,1,-130
1767173834.485238,5,3,-133
1767173834.495238,4,1,-126
1767173834.505238,2,-2,-118
1767173834.515238,3,-2,-118
1767173834.525238,0,-1,-113
1767173834.5352385,1,-1,-121
1767173834.5452385,0,0,-122
1767173834.5552382,-3,1,-128
1767173834.5652382,-5,2,-132
1767173834.5752382,-7,2,-135
1767173834.5852382,-11,0,-136
1767173834.5952382,-5,-4,-144
1767173834.6052382,-5,-1,-133
1767173834.6152382,0,2,-126
1767173834.6252382,0,-1,-129
1767173834.6352382,-1,-3,-129
1767173834.6452382,-5,-3,-132
1767173834.6552382,-6,-3,-138
1767173834.665238,-6,-3,-139
1767173834.675238,-3,-9,-135
1767173834.685238,0,-13,-127
1767173834.695238,0,-7,-123
1767173834.705238,-5,-1,-118
1767173834.715238,-5,0,-114
1767173834.725238,2,-1,-113
1767173834.735238,3,-6,-117
1767173834.745238,1,-3,-119
1767173834.755238,2,0,-117
1767173834.765238,1,0,-118
1767173834.775238,0,-1,-117
1767173834.7852385,-4,-1,-121
1767173834.7952385,-4,-3,-128
1767173834.8052382,0,-2,-131
1767173834.8152382,-2,-1,-134
1767173834.8252382,-3,-1,-137
1767173834.8352382,0,-1,-142
1767173834.8452382,-2,-2,-136
1767173834.8552382,0,-6,-123
1767173834.8652382,2,0,-115
1767173834.8752382,2,1,-115
1767173834.8852382,1,4,-122
1767173834.8952382,0,-1,-128
1767173834.9052382,1,0,-124
1767173834.915238,0,1,-121
1767173834.925238,-1,2,-125
1767173834.935238,2,0,-129
1767173834.945238,5,-3,-128
1767173834.955238,6,-2,-128
1767173834.965238,9,-1,-124
1767173834.975238,6,1,-127
1767173834.985238,-1,4,-129
1767173834.995238,-3,4,-131
1767173835.005238,0,5,-131
1767173835.015238,0,3,-127
1767173835.025238,-1,1,-132
1767173835.0352385,0,1,-127
1767173835.0452385,-3,0,-123
1767173835.0552382,-2,0,-118
1767173835.0652382,0,-2,-122
1767173835.0752382,0,-1,-120
1767173835.0852382,-1,0,-119
1767173835.0952382,-2,0,-116
1767173835.1052382,-3,-1,-118
1767173835.1152382,-5,-4,-122
1767173835.1252382,-5,-2,-123
1767173835.1352382,-1,-1,-122
1767173835.1452382,-1,0,-118
1767173835.1552382,1,0,-115
1767173835.165238,-1,-2,-111
1767173835.175238,-3,-4,-107
1767173835.185238,-5,-4,-106
1767173835.195238,-6,-5,-108
1767173835.205238,-4,-8,-113
1767173835.215238,-6,-6,-112
1767173835.225238,-3,-9,-114
1767173835.235238,0,-7,-112
1767173835.245238,-2,-2,-109
1767173835.255238,0,-1,-107
1767173835.265238,1,-8,-102
1767173835.275238,2,-6,-107
1767173835.2852385,2,0,-115
1767173835.2952385,5,4,-112
1767173835.3052382,4,5,-110
1767173835.3152382,7,2,-115
1767173835.3252382,5,4,-115
1767173835.3352382,5,4,-111
1767173835.3452382,6,3,-117
1767173835.3552382,5,-1,-120
1767173835.3652382,3,-2,-125
1767173835.3752382,6,-2,-120
1767173835.3852382,2,-4,-121
1767173835.3952382,2,-3,-126
1767173835.4052382,5,2,-126
1767173835.415238,7,0,-126
1767173835.425238,1,0,-124
1767173835.435238,0,0,-127
1767173835.445238,0,1,-127
1767173835.4562385,0,3,-126
1767173835.465238,-6,1,-131
1767173835.475238,-2,3,-124
1767173835.485238,0,0,-119
1767173835.495238,3,2,-122
1767173835.505238,2,4,-121
1767173835.5162382,2,0,-115
1767173835.5262382,3,0,-111
1767173835.5362382,5,3,-114
1767173835.5462382,0,0,-119
1767173835.5562382,0,-3,-123
1767173835.5662382,-1,-3,-123
1767173835.5762382,0,-3,-124
1767173835.586238,0,0,-125
1767173835.596238,0,1,-122
1767173835.606238,0,0,-118
1767173835.616238,1,-1,-118
1767173835.626238,1,3,-117
1767173835.636238,0,5,-115
1767173835.646238,-1,3,-110
1767173835.656238,-1,1,-114
1767173835.666238,4,0,-114
1767173835.676238,0,0,-118
1767173835.686238,1,-1,-113
1767173835.696238,2,1,-107
1767173835.7062385,0,0,-108
1767173835.7162385,0,0,-117
1767173835.7262385,0,2,-116
1767173835.7362382,0,2,-114
1767173835.7462382,-2,3,-116
1767173835.7562382,0,1,-123
1767173835.7662382,-1,0,-125
1767173835.7762382,-1,-2,-127
1767173835.7862382,0,-6,-127
1767173835.7962382,0,-9,-120
1767173835.8062382,-4,-8,-118
1767173835.8162382,-7,-4,-124
1767173835.8262382,-7,-6,-125
1767173835.836238,-5,-5,-120
1767173835.846238,0,-2,-113
1767173835.856238,0,-2,-113
1767173835.866238,0,-7,-118
1767173835.876238,0,-10,-122
1767173835.886238,-1,-5,-122
1767173835.896238,-1,-7,-129
1767173835.906238,-5,-9,-137
1767173835.916238,-6,-11,-143
1767173835.926238,-7,-12,-139
1767173835.936238,-5,-8,-136
1767173835.946238,-1,-5,-134
1767173835.9562385,0,-2,-130
1767173835.9662385,-5,0,-133
1767173835.9762385,-3,-6,-135
1767173835.9862382,-3,-3,-133
1767173835.9962382,-4,-3,-130
1767173836.0062382,-2,-5,-127
1767173836.0162382,0,-5,-126
1767173836.0262382,4,-7,-123
1767173836.0362382,-1,-6,-115
1767173836.0462382,0,-3,-121
1767173836.0562382,-2,-3,-125
1767173836.0662382,-6,-1,-119
1767173836.0762382,-13,3,-120
1767173836.086238,-12,4,-117
1767173836.096238,-10,2,-117
1767173836.106238,-9,2,-118
1767173836.116238,-5,0,-118
1767173836.126238,-5,-1,-117
1767173836.136238,-7,0,-113
1767173836.146238,-3,-3,-111
1767173836.156238,1,-2,-110
1767173836.166238,5,-4,-114
1767173836.176238,8,-3,-110
1767173836.186238,5,-5,-112
1767173836.196238,1,-1,-116
1767173836.2062385,4,-2,-116
1767173836.2162385,0,-2,-120
1767173836.2262385,-1,-4,-122
1767173836.2362382,-3,-4,-119
1767173836.2462382,-2,-5,-122
1767173836.2562382,2,-5,-131
1767173836.2662382,5,-5,-130
1767173836.2762382,3,-3,-124
1767173836.2862382,-1,-3,-125
1767173836.2962382,-3,-2,-127
1767173836.3062382,-5,-3,-124
1767173836.3162382,-5,-3,-123
1767173836.3262382,-4,-3,-117
1767173836.336238,1,0,-116
1767173836.346238,1,0,-122
1767173836.356238,-1,0,-122
1767173836.366238,-5,0,-125
1767173836.376238,-6,1,-126
1767173836.386238,-7,0,-127
1767173836.396238,-6,3,-129
1767173836.406238,-8,1,-126
1767173836.416238,-9,-1,-121
1767173836.426238,-5,0,-119
1767173836.436238,-3,0,-120
1767173836.446238,-5,0,-121
1767173836.4562385,-6,1,-123
1767173836.4662385,-4,0,-132
1767173836.4762385,-3,-3,-136
1767173836.4862382,-2,-5,-131
1767173836.4962382,-3,-2,-132
1767173836.5062382,-1,-1,-130
1767173836.5162382,-1,0,-126
1767173836.5262382,1,-3,-132
1767173836.5362382,3,-3,-129
1767173836.5462382,2,-3,-130
1767173836.5562382,2,-2,-131
1767173836.5662382,-2,0,-128
1767173836.5762382,-3,3,-126
1767173836.586238,0,3,-122
1767173836.596238,0,3,-125
1767173836.606238,-5,3,-127
1767173836.616238,-2,-1,-129
1767173836.626238,3,-1,-133
1767173836.636238,4,0,-128
1767173836.646238,3,4,-132
1767173836.656238,3,1,-128
1767173836.666238,1,-4,-125
1767173836.676238,-4,-3,-125
1767173836.686238,-6,-5,-132
1767173836.696238,-4,-3,-125
1767173836.7062385,-1,0,-127
1767173836.7162385,1,0,-127
1767173836.7262385,2,0,-130
1767173836.7362382,1,-2,-139
1767173836.757238,4,0,-133
1767173836.7662382,6,0,-128
1767173836.7762382,3,0,-126
1767173836.7862382,6,3,-132
1767173836.7962382,6,2,-132
1767173836.8062382,1,3,-126
1767173836.8162382,0,1,-129
1767173836.8262382,-6,5,-128
1767173836.836238,-4,5,-133
1767173836.846238,0,5,-134
1767173836.856238,-2,5,-134
1767173836.866238,0,3,-136
1767173836.876238,2,8,-134
1767173836.886238,0,1,-126
1767173836.896238,5,2,-125
1767173836.906238,4,0,-122
1767173836.916238,4,5,-122
1767173836.926238,6,4,-121
1767173836.936238,6,3,-121
1767173836.946238,3,4,-121
1767173836.9562385,2,1,-124
1767173836.9662385,0,-3,-131
1767173836.9762385,-3,-1,-128
1767173836.9862382,-4,-2,-118
1767173836.9962382,-2,-3,-112
1767173837.0062382,1,-4,-118
1767173837.0162382,0,-3,-126
1767173837.0262382,0,-4,-129
1767173837.0362382,0,-4,-127
1767173837.0462382,-4,-4,-132
1767173837.0562382,-5,-2,-132
1767173837.0662382,-3,0,-134
1767173837.0762382,-2,-2,-127
1767173837.086238,0,-3,-120
1767173837.096238,-1,-2,-124
1767173837.106238,-4,-1,-132
1767173837.116238,-6,-1,-129
1767173837.126238,-1,0,-132
1767173837.136238,6,5,-132
1767173837.146238,8,6,-128
1767173837.156238,5,9,-126
1767173837.166238,1,13,-126
1767173837.176238,-3,12,-133
1767173837.186238,-3,8,-130
1767173837.196238,-2,9,-129
1767173837.2062385,-6,5,-135
1767173837.2162385,-5,1,-133
1767173837.2262385,0,0,-133
1767173837.2362382,-3,0,-129
1767173837.2462382,-8,1,-124
1767173837.2562382,-9,-2,-124
1767173837.2662382,-10,2,-122
1767173837.2762382,-8,0,-124
1767173837.2862382,-4,-1,-130
1767173837.2962382,-6,-1,-129
1767173837.3062382,-5,-1,-129
1767173837.3162382,-1,-4,-131
1767173837.3262382,0,-3,-130
1767173837.336238,-1,-2,-132
1767173837.346238,1,-1,-134
1767173837.356238,0,1,-127
1767173837.366238,2,-1,-126
1767173837.376238,-1,0,-126
1767173837.386238,1,0,-125
1767173837.396238,-3,-1,-124
1767173837.406238,-2,3,-121
1767173837.416238,-1,6,-122
1767173837.426238,-2,0,-126
1767173837.436238,1,0,-129
1767173837.446238,-1,0,-138
1767173837.4562385,0,-1,-141
1767173837.4662385,1,-3,-137
1767173837.4762385,0,0,-136
1767173837.4862382,0,0,-133
1767173837.4962382,2,-1,-123
1767173837.5062382,3,0,-125
1767173837.5162382,0,0,-130
1767173837.5262382,0,-1,-130
1767173837.5362382,0,-6,-126
1767173837.5462382,0,-5,-124
1767173837.5562382,-1,-2,-124
1767173837.5662382,0,-1,-122
1767173837.5762382,0,-2,-123
1767173837.586238,1,-1,-120
1767173837.596238,2,0,-122
1767173837.606238,-3,0,-126
1767173837.616238,-5,-2,-121
1767173837.626238,-5,-7,-125
1767173837.636238,-4,-3,-135
1767173837.646238,-2,0,-127
1767173837.656238,-2,1,-128
1767173837.666238,0,-3,-133
1767173837.676238,-1,-5,-129
1767173837.686238,0,-4,-125
1767173837.696238,0,-1,-125
1767173837.7062385,0,0,-125
1767173837.7162385,-1,-6,-121
1767173837.7262385,0,2,-119
1767173837.7362382,0,3,-121
1767173837.7462382,-2,1,-129
1767173837.7562382,-2,0,-130
1767173837.7662382,-1,0,-134
1767173837.7762382,0,-5,-132
1767173837.7862382,0,-4,-131
1767173837.7962382,0,-5,-130
1767173837.8062382,2,-2,-124
1767173837.8162382,2,-2,-117
1767173837.8262382,-3,-2,-114
1767173837.836238,0,1,-115
1767173837.846238,3,0,-117
1767173837.856238,0,0,-108
1767173837.866238,0,2,-108
1767173837.876238,-1,2,-114
1767173837.886238,-3,2,-116
1767173837.896238,-1,-3,-114
1767173837.906238,2,-2,-125
1767173837.916238,0,-1,-128
1767173837.926238,0,0,-124
1767173837.936238,3,2,-122
1767173837.946238,-1,1,-125
1767173837.9562385,0,1,-124
1767173837.9662385,-3,2,-121
1767173837.9762385,-6,-2,-114
1767173837.9862382,-4,-1,-114
1767173837.9962382,-2,-1,-112
1767173838.0062382,-1,-6,-111
1767173838.0162382,-2,-7,-120
1767173838.0262382,0,-3,-123
1767173838.0362382,0,-3,-124
1767173838.0462382,-1,-6,-130
1767173838.0562382,0,-6,-130
1767173838.0662382,-3,-5,-127
1767173838.0762382,-2,-3,-130
1767173838.086238,-2,0,-133
1767173838.096238,-1,1,-135
1767173838.106238,4,3,-129
1767173838.116238,1,1,-128
1767173838.126238,-1,3,-126
1767173838.1372385,-4,0,-125
1767173838.1472385,-6,-4,-123
1767173838.1572382,-2,-6,-121
1767173838.1672382,1,-7,-125
1767173838.1772382,0,-6,-127
1767173838.1872382,2,-8,-125
1767173838.1972382,3,-8,-126
1767173838.2072382,0,-6,-124
1767173838.2172382,3,-9,-124
1767173838.2272382,0,-13,-129
1767173838.2372382,-2,-9,-133
1767173838.2472382,-3,-8,-128
1767173838.257238,0,-8,-131
1767173838.267238,0,-3,-134
1767173838.277238,2,-2,-136
1767173838.287238,1,0,-135
1767173838.297238,-2,-2,-137
1767173838.307238,-5,0,-124
1767173838.317238,-6,1,-128
1767173838.327238,-12,0,-119
1767173838.337238,-9,-2,-117
1767173838.347238,-5,-2,-122
1767173838.357238,-7,-4,-121
1767173838.367238,-2,-3,-123
1767173838.377238,-3,-6,-120
1767173838.3872385,-5,-2,-118
1767173838.3972385,-4,-1,-123
1767173838.4072382,-3,1,-127
1767173838.4172382,-2,0,-126
1767173838.4272382,1,4,-127
1767173838.4372382,-1,2,-115
1767173838.4472382,2,0,-114
1767173838.4572382,1,-2,-126
1767173838.4672382,5,-6,-129
1767173838.4772382,6,-6,-126
1767173838.4872382,5,-2,-129
1767173838.4972382,4,-6,-129
1767173838.507238,-1,-7,-129
1767173838.517238,-2,-8,-128
1767173838.527238,-1,-7,-123
1767173838.537238,-3,-6,-114
1767173838.547238,-1,-3,-115
1767173838.557238,-3,0,-120
1767173838.567238,-5,3,-114
1767173838.577238,0,2,-120
1767173838.587238,-1,2,-125
1767173838.597238,0,0,-125
1767173838.607238,-1,0,-122
1767173838.617238,-2,1,-126
1767173838.627238,-6,-2,-129
1767173838.6372385,-2,-1,-127
1767173838.6472385,-1,1,-125
1767173838.6572382,-5,0,-126
1767173838.6672382,0,-1,-129
1767173838.6772382,0,-1,-124
1767173838.6872382,1,0,-129
1767173838.6972382,1,3,-129
1767173838.7072382,1,-2,-122
1767173838.7172382,1,-4,-123
1767173838.7272382,0,-1,-123
1767173838.7372382,-1,3,-127
1767173838.7472382,-3,1,-124
1767173838.757238,-2,-1,-120
1767173838.767238,0,-2,-118
1767173838.777238,0,0,-117
1767173838.787238,-3,-2,-121
1767173838.797238,-4,-5,-124
1767173838.807238,-5,-5,-116
1767173838.817238,-4,-3,-115
1767173838.827238,2,-1,-117
1767173838.837238,7,-2,-125
1767173838.847238,4,0,-123
1767173838.857238,1,-2,-125
1767173838.867238,6,-6,-127
1767173838.877238,9,-2,-127
1767173838.8872385,4,-5,-128
1767173838.8972385,3,-3,-124
1767173838.9072382,1,-5,-127
1767173838.9172382,3,-2,-131
1767173838.9272382,2,-5,-128
1767173838.9372382,-3,-5,-126
1767173838.9472382,-7,-5,-131
1767173838.9572382,-2,0,-130
1767173838.9672382,-3,4,-122
1767173838.9772382,-4,2,-121
1767173838.9872382,-7,-1,-120
1767173838.9972382,-8,1,-116
1767173839.007238,-6,1,-115
1767173839.017238,-3,0,-109
1767173839.027238,-5,-4,-115
1767173839.037238,-2,-5,-114
1767173839.047238,-1,-4,-109
1767173839.057238,0,-5,-113
1767173839.067238,0,-3,-118
1767173839.077238,-2,-2,-115
1767173839.087238,-3,-3,-110
1767173839.097238,-5,-3,-114
1767173839.107238,-9,-6,-115
1767173839.117238,-6,-8,-114
1767173839.127238,-3,-2,-116
1767173839.1372385,-3,-3,-121
1767173839.1472385,-2,-1,-124
1767173839.1572382,3,-5,-125
1767173839.1672382,2,-2,-126
1767173839.1772382,-1,-1,-119
1767173839.1872382,-2,-1,-122
1767173839.1972382,0,0,-117
1767173839.2072382,0,3,-120
1767173839.2172382,4,0,-124
1767173839.2272382,3,1,-121
1767173839.2372382,0,0,-123
1767173839.2472382,1,3,-123
1767173839.257238,0,4,-127
1767173839.267238,1,4,-128
1767173839.277238,2,5,-130
1767173839.287238,1,6,-125
1767173839.297238,0,4,-120
1767173839.307238,1,-2,-116
1767173839.317238,0,0,-119
1767173839.327238,2,1,-121
1767173839.337238,1,3,-118
1767173839.347238,5,4,-128
1767173839.357238,6,2,-126
1767173839.367238,7,4,-124
1767173839.377238,6,4,-118
1767173839.3872385,6,1,-123
1767173839.3972385,5,-1,-123
1767173839.4072382,5,0,-125
1767173839.4172382,1,-2,-119
1767173839.4272382,0,-5,-121
1767173839.4372382,-2,-9,-129
1767173839.4472382,-4,-4,-139
1767173839.4572382,1,-3,-131
1767173839.4672382,6,-2,-130
1767173839.4772382,3,-4,-125
1767173839.4872382,3,-6,-118
1767173839.4972382,1,-5,-116
1767173839.507238,2,-5,-123
1767173839.517238,6,-5,-119
1767173839.527238,4,-6,-116
1767173839.537238,0,-4,-122
1767173839.547238,-3,-3,-118
1767173839.557238,-2,-3,-118
1767173839.567238,-3,-5,-119
1767173839.577238,-1,-4,-124
1767173839.587238,2,-7,-124
1767173839.597238,1,-7,-122
1767173839.607238,0,-7,-122
1767173839.617238,0,-7,-124
1767173839.627238,-1,-2,-126
1767173839.6372385,-3,0,-121
1767173839.6472385,-7,0,-118
1767173839.6572382,-5,0,-114
1767173839.6672382,-9,0,-107
1767173839.6772382,-9,0,-113
1767173839.6872382,-11,0,-110
1767173839.6972382,-5,0,-117
1767173839.7072382,-3,0,-122
1767173839.7172382,-4,0,-123
1767173839.7272382,0,0,-119
1767173839.7372382,4,-1,-113
1767173839.7472382,3,-3,-116
1767173839.757238,3,-3,-118
1767173839.767238,1,0,-116
1767173839.777238,0,3,-108
1767173839.787238,2,3,-112
1767173839.797238,0,1,-113
1767173839.807238,0,2,-113
1767173839.817238,-3,1,-113
1767173839.827238,0,-1,-113
1767173839.837238,-1,-3,-116
1767173839.847238,1,-3,-109
1767173839.857238,2,0,-106
1767173839.867238,5,0,-108
1767173839.877238,5,-1,-115
1767173839.8872385,1,-2,-122
1767173839.8972385,0,-3,-124
1767173839.9072382,3,-6,-124
1767173839.9172382,-1,-10,-121
1767173839.9272382,2,-6,-124
1767173839.9372382,8,-3,-132
1767173839.9472382,7,0,-134
1767173839.9572382,7,0,-129
1767173839.9672382,5,-3,-127
1767173839.9772382,2,-1,-129
1767173839.9872382,2,0,-130
1767173839.9972382,6,3,-129
1767173840.007238,5,5,-127
1767173840.017238,2,3,-130
1767173840.027238,-1,-1,-129
1767173840.037238,-2,-8,-131
1767173840.047238,-1,-8,-127
1767173840.057238,0,-7,-118
1767173840.067238,-1,-2,-118
1767173840.077238,-2,-1,-126
1767173840.087238,-4,0,-129
1767173840.097238,-5,-3,-124
1767173840.107238,-5,-3,-124
1767173840.117238,-3,-1,-125
1767173840.127238,0,2,-124
1767173840.1372385,-1,1,-119
1767173840.1472385,0,4,-122
1767173840.1572382,0,1,-119
1767173840.1672382,4,-2,-115
1767173840.1772382,3,-3,-115
1767173840.1872382,-1,1,-119
1767173840.1972382,3,0,-126
1767173840.2072382,1,-3,-129
1767173840.2172382,1,-3,-124
1767173840.2272382,3,-1,-128
1767173840.2372382,1,-2,-129
1767173840.2472382,1,-2,-129
1767173840.257238,4,-3,-127
1767173840.267238,2,-3,-126
1767173840.277238,1,-8,-119
1767173840.287238,5,-8,-116
1767173840.297238,3,-6,-120
1767173840.307238,4,-5,-118
1767173840.317238,5,0,-120
1767173840.327238,8,2,-120
1767173840.337238,5,2,-120
1767173840.347238,3,0,-121
1767173840.357238,1,-1,-114
1767173840.367238,-1,-3,-116
1767173840.377238,-4,-4,-128
1767173840.3872385,-3,-3,-130
1767173840.3972385,-3,-2,-130
1767173840.4072382,-3,-4,-127
1767173840.4172382,-4,-3,-128
1767173840.4272382,-5,0,-128
1767173840.4372382,-1,-1,-127
1767173840.4472382,0,1,-133
1767173840.4572382,3,-1,-127
1767173840.4672382,3,1,-122
1767173840.4772382,-1,3,-122
1767173840.4872382,-1,1,-124
1767173840.4972382,-3,0,-120
1767173840.507238,-3,-4,-121
1767173840.517238,-5,-4,-126
1767173840.527238,-3,-10,-125
1767173840.537238,-1,-6,-114
1767173840.547238,-1,-5,-108
1767173840.557238,1,-4,-109
1767173840.567238,1,-2,-105
1767173840.577238,2,-1,-108
1767173840.587238,2,1,-113
1767173840.597238,1,0,-109
1767173840.607238,0,2,-115
1767173840.617238,0,0,-125
1767173840.627238,0,-1,-126
1767173840.6372385,1,2,-122
1767173840.6472385,-1,0,-121
1767173840.6572382,0,5,-124
1767173840.6672382,-1,2,-122
1767173840.6772382,-4,1,-122
1767173840.6872382,-4,-1,-121
1767173840.6972382,-3,-2,-127
1767173840.7072382,-2,-3,-126
1767173840.718238,-5,-3,-118
1767173840.7272382,-9,-2,-119
1767173840.7372382,-6,-3,-127
1767173840.7472382,-2,0,-124
1767173840.757238,0,1,-123
1767173840.767238,5,-2,-126
1767173840.778238,7,-4,-129
1767173840.788238,5,-4,-128
1767173840.798238,2,-3,-129
1767173840.8082385,-2,-3,-133
1767173840.8182385,-1,-2,-129
1767173840.8282382,0,0,-129
1767173840.8382382,1,0,-132
1767173840.8482382,0,1,-128
1767173840.8582382,-3,4,-119
1767173840.8682382,-7,4,-121
1767173840.8782382,-7,7,-126
1767173840.8882382,-8,9,-125
1767173840.8982382,-4,6,-126
1767173840.9082382,-5,7,-128
1767173840.9182382,-1,5,-134
1767173840.9282382,-3,1,-129
1767173840.938238,-1,1,-128
1767173840.948238,2,2,-122
1767173840.958238,3,1,-122
1767173840.968238,2,3,-124
1767173840.978238,1,5,-124
1767173840.988238,0,3,-119
1767173840.998238,1,3,-120
1767173841.008238,1,7,-125
1767173841.018238,2,6,-126
1767173841.028238,3,4,-127
1767173841.038238,-3,0,-132
1767173841.048238,-7,0,-135
1767173841.0582385,-4,1,-134
1767173841.0682385,-3,0,-128
1767173841.0782382,-5,-1,-137
1767173841.0882382,-3,-4,-135
1767173841.0982382,1,-5,-135
1767173841.1082382,-2,1,-139
1767173841.1182382,-3,-2,-133
1767173841.1282382,-3,-2,-121
1767173841.1382382,-3,-2,-118
1767173841.1482382,-1,-2,-114
1767173841.1582382,2,-3,-118
1767173841.1682382,5,-4,-122
1767173841.1782382,5,-4,-124
1767173841.188238,7,0,-123
1767173841.198238,5,0,-126
1767173841.208238,2,0,-127
1767173841.218238,0,0,-126
1767173841.228238,-1,0,-129
1767173841.238238,-4,-2,-129
1767173841.248238,-5,-3,-131
1767173841.258238,0,-5,-128
1767173841.268238,4,-6,-128
1767173841.278238,2,-1,-121
1767173841.288238,2,2,-118
1767173841.298238,2,5,-116
1767173841.3082385,2,3,-120
1767173841.3182385,-2,0,-122
1767173841.3282382,-7,-2,-124
1767173841.3382382,-1,-4,-121
1767173841.3482382,3,-1,-122
1767173841.3582382,0,-3,-123
1767173841.3682382,1,-3,-123
1767173841.3782382,2,-5,-124
1767173841.3882382,4,-4,-124
1767173841.3982382,2,-1,-121
1767173841.4082382,7,0,-118
1767173841.4182382,5,-1,-123
1767173841.4282382,2,-2,-125
1767173841.438238,4,-7,-125
1767173841.448238,5,-7,-120
1767173841.458238,2,-2,-125
1767173841.468238,0,0,-132
1767173841.478238,0,-5,-130
1767173841.488238,-1,-8,-127
1767173841.498238,0,-6,-122
1767173841.508238,-1,-2,-126
1767173841.518238,2,-3,-121
1767173841.528238,5,-1,-125
1767173841.538238,2,0,-127
1767173841.548238,-4,0,-133
1767173841.5582385,-3,2,-130
1767173841.5682385,-3,3,-131
1767173841.5782382,1,3,-126
1767173841.5882382,4,2,-126
1767173841.5982382,5,1,-128
1767173841.6082382,2,0,-132
1767173841.6182382,5,0,-129
1767173841.6282382,1,2,-131
1767173841.6382382,-3,0,-134
1767173841.6482382,-3,1,-131
1767173841.6582382,0,0,-130
1767173841.6682382,0,-2,-132
1767173841.6782382,3,0,-128
1767173841.688238,6,2,-124
1767173841.698238,5,1,-129
1767173841.708238,4,1,-124
1767173841.718238,4,0,-123
1767173841.728238,2,-7,-128
1767173841.738238,4,-5,-128
1767173841.748238,2,-3,-132
1767173841.7702382,0,-3,-134
1767173841.778238,4,-3,-138
1767173841.788238,5,-3,-133
1767173841.798238,1,-7,-125
1767173841.8082385,4,-8,-126
1767173841.8182385,5,-4,-122
1767173841.8282382,1,-3,-129
1767173841.8382382,0,-5,-136
1767173841.8482382,-5,-6,-138
1767173841.8582382,-2,-2,-133
1767173841.8682382,-4,0,-131
1767173841.8782382,-1,1,-128
1767173841.8882382,-3,2,-126
1767173841.8982382,-3,4,-120
1767173841.9082382,-4,5,-120
1767173841.9182382,-6,0,-123
1767173841.9282382,-2,3,-127
1767173841.938238,0,3,-134
1767173841.948238,0,1,-126
1767173841.958238,1,2,-123
1767173841.968238,6,4,-121
1767173841.978238,5,1,-121
1767173841.988238,5,0,-123
1767173841.998238,3,-2,-122
1767173842.008238,5,0,-125
1767173842.018238,3,1,-128
1767173842.028238,4,1,-126
1767173842.038238,0,0,-133
1767173842.048238,0,1,-128
1767173842.0582385,4,-1,-136
1767173842.0682385,6,-2,-133
1767173842.0782382,5,-3,-131
1767173842.0882382,5,0,-135
1767173842.0982382,3,-5,-132
1767173842.1082382,4,-3,-129
1767173842.1182382,4,-3,-119
1767173842.1282382,2,-2,-122
1767173842.1382382,7,-4,-126
1767173842.1482382,5,-5,-122
1767173842.1582382,5,-5,-123
1767173842.1682382,4,-5,-122
1767173842.1782382,1,-1,-117
1767173842.188238,-3,3,-117
1767173842.198238,-4,-1,-122
1767173842.208238,0,-1,-125
1767173842.218238,-1,-1,-127
1767173842.228238,-2,-3,-127
1767173842.238238,-1,-1,-126
1767173842.248238,-1,0,-127
1767173842.258238,0,4,-127
1767173842.268238,2,2,-129
1767173842.278238,2,2,-129
1767173842.288238,1,0,-128
1767173842.298238,0,-2,-125
1767173842.3082385,-4,0,-129
1767173842.3182385,0,-1,-131
1767173842.3282382,-2,-5,-128
1767173842.3382382,-2,-6,-118
1767173842.3482382,-2,-1,-119
1767173842.3582382,0,-5,-127
1767173842.3682382,0,-5,-128
1767173842.3782382,1,-2,-132
1767173842.3882382,3,-3,-128
1767173842.3982382,7,-2,-128
1767173842.4082382,6,-3,-130
1767173842.4182382,7,-2,-125
1767173842.4282382,5,3,-121
1767173842.438238,4,3,-122
1767173842.448238,4,4,-126
1767173842.458238,0,2,-125
1767173842.468238,4,0,-124
1767173842.478238,3,-5,-125
1767173842.488238,5,-3,-131
1767173842.498238,6,-4,-135
1767173842.508238,3,-1,-135
1767173842.518238,3,0,-141
1767173842.528238,0,-1,-137
1767173842.538238,0,-2,-131
1767173842.548238,-1,-7,-129
1767173842.5582385,0,-6,-131
1767173842.5682385,1,-5,-134
1767173842.5782382,2,-6,-131
1767173842.5882382,3,-7,-122
1767173842.5982382,5,-4,-124
1767173842.6082382,2,-7,-118
1767173842.6182382,2,-2,-122
1767173842.6282382,3,0,-123
1767173842.6382382,0,-1,-125
1767173842.6482382,-1,-1,-124
1767173842.6582382,-4,-1,-126
1767173842.6682382,-5,3,-127
1767173842.6782382,-5,0,-128
1767173842.688238,-4,-4,-125
1767173842.698238,-1,-5,-124
1767173842.708238,-4,-10,-123
1767173842.718238,-6,-7,-120
1767173842.728238,-2,-8,-123
1767173842.738238,-4,-10,-122
1767173842.748238,-4,-7,-124
1767173842.758238,-3,-6,-124
1767173842.768238,-5,-7,-131
1767173842.778238,-3,-5,-130
1767173842.788238,-5,-3,-128
1767173842.798238,-2,-3,-124
1767173842.8082385,3,-5,-123
1767173842.8182385,0,-3,-121
1767173842.8282382,0,-2,-115
1767173842.8382382,-4,-1,-115
1767173842.8482382,-2,-4,-113
1767173842.8582382,-6,-6,-119
1767173842.8682382,-4,-8,-126
1767173842.8782382,-3,-8,-123
1767173842.8882382,2,-6,-118
1767173842.8982382,2,-6,-123
1767173842.9082382,2,-4,-122
1767173842.9182382,0,-4,-125
1767173842.9282382,2,-5,-125
1767173842.938238,1,-2,-121
1767173842.948238,-1,-3,-125
1767173842.958238,-2,-4,-128
1767173842.968238,-5,-4,-126
1767173842.978238,-3,-6,-125
1767173842.988238,-7,-7,-129
1767173842.998238,-7,-10,-130
1767173843.008238,-7,-7,-132
1767173843.018238,-3,-3,-128
1767173843.028238,-3,0,-135
1767173843.038238,-2,1,-137
1767173843.048238,0,3,-139
1767173843.0582385,0,2,-138
1767173843.0682385,-3,0,-141
1767173843.0782382,-9,0,-135
1767173843.0882382,-9,0,-131
1767173843.0982382,-8,-2,-130
1767173843.1082382,-6,-3,-127
1767173843.1182382,-6,-4,-124
1767173843.1282382,-6,-8,-129
1767173843.1382382,-2,-5,-128
1767173843.1482382,0,-3,-128
1767173843.1582382,0,-1,-130
1767173843.1682382,-2,1,-130
1767173843.1782382,-2,0,-130
1767173843.188238,1,0,-125
1767173843.198238,3,-1,-125
1767173843.208238,1,0,-122
1767173843.218238,0,-4,-122
1767173843.228238,-1,-3,-122
1767173843.238238,-4,0,-120
1767173843.248238,-7,0,-118
1767173843.258238,-5,0,-119
1767173843.268238,-2,1,-119
1767173843.278238,0,0,-125
1767173843.288238,-1,0,-125
1767173843.298238,0,0,-124
1767173843.3082385,-1,-1,-126
1767173843.3182385,1,-2,-122
1767173843.3282382,5,-6,-127
1767173843.3382382,5,-5,-132
1767173843.3492382,7,-2,-125
1767173843.3582382,3,-2,-121
1767173843.3682382,6,0,-122
1767173843.3782382,8,5,-123
1767173843.3882382,4,4,-120
1767173843.399238,8,1,-119
1767173843.4082382,8,0,-120
1767173843.4182382,2,-3,-121
1767173843.429238,0,-3,-118
1767173843.439238,1,-3,-119
1767173843.449238,0,-3,-121
1767173843.459238,-2,-5,-123
1767173843.468238,-2,-1,-124
1767173843.4792385,-3,0,-116
1767173843.4892385,-2,-1,-116
1767173843.4992385,-4,-1,-120
1767173843.5092382,-7,1,-123
1767173843.5192382,-3,0,-116
1767173843.5292382,-2,-3,-114
1767173843.5392382,-4,-1,-113
1767173843.5492382,-9,0,-107
1767173843.5592382,-4,3,-106
1767173843.5692382,-2,5,-104
1767173843.5792382,-1,2,-101
1767173843.5892382,-4,4,-107
1767173843.5992382,-5,1,-103
1767173843.609238,-7,2,-102
1767173843.619238,-6,1,-109
1767173843.629238,-3,6,-110
1767173843.639238,-5,8,-115
1767173843.649238,-2,9,-121
1767173843.659238,0,5,-123
1767173843.669238,7,0,-123
1767173843.679238,4,0,-135
1767173843.689238,6,1,-128
1767173843.699238,1,2,-126
1767173843.709238,2,-5,-128
1767173843.719238,0,-1,-133
1767173843.7292385,-1,1,-131
1767173843.7392385,-2,0,-133
1767173843.7492385,-3,-1,-134
1767173843.7592382,-4,0,-129
1767173843.7692382,1,-4,-135
1767173843.7792382,3,-5,-136
1767173843.7892382,3,-4,-139
1767173843.7992382,3,-8,-130
1767173843.8092382,0,-9,-135
1767173843.8192382,5,-8,-134
1767173843.8292382,6,-10,-128
1767173843.8392382,9,-7,-128
1767173843.8492382,7,-4,-121
1767173843.859238,6,0,-123
1767173843.869238,0,0,-127
1767173843.879238,0,2,-126
1767173843.889238,-1,2,-127
1767173843.899238,-1,4,-127
1767173843.909238,0,6,-128
1767173843.919238,4,6,-129
1767173843.929238,6,4,-128
1767173843.939238,10,2,-118
1767173843.949238,9,0,-122
1767173843.959238,8,-2,-126
1767173843.969238,6,-2,-130
1767173843.9792385,-2,-1,-130
1767173843.9892385,-6,1,-129
1767173843.9992385,-6,2,-124
1767173844.0092382,-3,4,-122
1767173844.0192382,0,3,-126
1767173844.0292382,-4,-1,-127
1767173844.0392382,-3,-2,-130
1767173844.0492382,-7,2,-122
1767173844.0592382,-5,1,-121
1767173844.0692382,-2,-3,-123
1767173844.0792382,0,-3,-122
1767173844.0892382,0,-1,-123
1767173844.0992382,-1,-1,-127
1767173844.109238,-4,-1,-131
1767173844.119238,-7,-3,-131
1767173844.129238,-2,-4,-129
1767173844.139238,-2,-2,-125
1767173844.149238,-7,1,-121
1767173844.159238,-8,0,-124
1767173844.169238,-1,0,-127
1767173844.179238,0,0,-126
1767173844.189238,-5,0,-121
1767173844.199238,-7,-2,-125
1767173844.209238,-4,-6,-122
1767173844.219238,-10,-7,-119
1767173844.2292385,-7,-5,-120
1767173844.2392385,-3,-7,-122
1767173844.2492385,-1,-6,-120
1767173844.2592382,0,-8,-131
1767173844.2692382,0,-4,-131
1767173844.2792382,0,-5,-125
1767173844.2892382,0,-6,-121
1767173844.2992382,-1,-6,-118
1767173844.3092382,-1,-3,-124
1767173844.3192382,-3,-4,-128
1767173844.3292382,-2,-4,-126
1767173844.3392382,0,-3,-124
1767173844.3492382,3,-5,-127
1767173844.359238,0,0,-127
1767173844.369238,2,-4,-131
1767173844.379238,6,-5,-131
1767173844.389238,5,-5,-126
1767173844.399238,6,-5,-117
1767173844.409238,3,-4,-116
1767173844.419238,1,-6,-118
1767173844.429238,2,-2,-122
1767173844.439238,1,-3,-119
1767173844.449238,4,0,-121
1767173844.459238,2,0,-119
1767173844.469238,1,2,-122
1767173844.4792385,-2,0,-127
1767173844.4892385,-3,0,-125
1767173844.4992385,-1,-2,-123
1767173844.5092382,0,0,-125
1767173844.5192382,-1,-5,-130
1767173844.5292382,-3,-5,-125
1767173844.5392382,0,-7,-126
1767173844.5492382,4,-3,-127
1767173844.5592382,0,-4,-128
1767173844.5692382,-1,-4,-130
1767173844.5792382,-3,-2,-130
1767173844.5892382,-2,-3,-134
1767173844.5992382,-1,-3,-139
1767173844.609238,0,0,-139
1767173844.619238,-3,2,-141
1767173844.629238,-3,7,-143
1767173844.639238,-2,4,-142
1767173844.649238,-6,1,-134
1767173844.659238,-10,-2,-126
1767173844.669238,-10,-1,-125
1767173844.679238,-8,1,-131
1767173844.689238,-12,-1,-130
1767173844.699238,-6,0,-130
1767173844.709238,-6,0,-133
1767173844.719238,-3,-2,-137
1767173844.7292385,-2,0,-134
1767173844.7392385,-3,4,-125
1767173844.7492385,-3,0,-121
1767173844.7592382,-2,0,-117
1767173844.7692382,-7,-2,-116
1767173844.7792382,-3,-1,-121
1767173844.7892382,-3,-2,-122
1767173844.7992382,0,-6,-124
1767173844.8092382,3,-11,-126
1767173844.8192382,2,-8,-126
1767173844.8292382,0,-4,-130
1767173844.8392382,1,-1,-136
1767173844.8492382,4,-4,-130
1767173844.859238,1,0,-126
1767173844.869238,0,0,-129
1767173844.879238,0,1,-134
1767173844.889238,-2,4,-132
1767173844.899238,-4,5,-131
1767173844.909238,-5,2,-126
1767173844.919238,-6,-1,-125
1767173844.929238,-7,-2,-126
1767173844.939238,-1,0,-130
1767173844.949238,-1,3,-123
1767173844.959238,1,4,-128
1767173844.969238,0,3,-134
1767173844.9792385,2,1,-136
1767173844.9892385,0,0,-139
1767173844.9992385,1,0,-141
1767173845.0092382,1,0,-139
1767173845.0192382,0,0,-144
1767173845.0292382,-2,-1,-141
1767173845.0392382,-1,-2,-135
1767173845.0492382,0,-5,-142
1767173845.0592382,3,-2,-145
1767173845.0692382,8,-3,-136
1767173845.0792382,4,-4,-135
1767173845.0892382,0,-7,-136
1767173845.0992382,-2,-5,-135
1767173845.109238,0,-6,-130
1767173845.119238,0,-4,-125
1767173845.129238,-1,-5,-125
1767173845.139238,0,-3,-129
1767173845.149238,-2,-4,-130
1767173845.159238,-6,-4,-130
1767173845.169238,-4,-2,-131
1767173845.179238,-3,-3,-130
1767173845.189238,-1,-4,-131
1767173845.199238,0,-4,-123
1767173845.209238,0,-2,-121
1767173845.219238,2,-4,-119
1767173845.2292385,1,-5,-122
1767173845.2392385,0,-4,-129
1767173845.2492385,5,-4,-132
1767173845.2592382,7,-6,-132
1767173845.2692382,6,-6,-132
1767173845.2792382,7,-10,-135
1767173845.2892382,4,-5,-139
1767173845.2992382,4,0,-133
1767173845.3092382,0,-2,-122
1767173845.3192382,3,-4,-120
1767173845.3292382,3,-2,-120
1767173845.3392382,3,-5,-123
1767173845.3492382,2,-5,-126
1767173845.359238,-1,-5,-123
1767173845.369238,-1,-8,-127
1767173845.379238,-3,-2,-120
1767173845.389238,0,0,-118
1767173845.399238,0,4,-120
1767173845.409238,1,2,-116
1767173845.419238,1,0,-120
1767173845.429238,1,-5,-129
1767173845.439238,1,-4,-128
1767173845.449238,1,-2,-125
1767173845.459238,4,-4,-123
1767173845.469238,5,-5,-122
1767173845.4792385,2,-5,-121
1767173845.4892385,6,-2,-125
1767173845.4992385,6,-2,-128
1767173845.5092382,7,-2,-130
1767173845.5192382,1,-1,-131
1767173845.5292382,-1,-1,-128
1767173845.5392382,-5,-1,-120
1767173845.5492382,-7,-1,-121
1767173845.5592382,-7,0,-125
1767173845.5692382,-4,3,-126
1767173845.5792382,-5,5,-133
1767173845.5892382,-8,7,-132
1767173845.5992382,-7,2,-125
1767173845.609238,-5,-1,-120
1767173845.619238,-7,-1,-118
1767173845.629238,-7,-5,-121
1767173845.639238,-9,-4,-123
1767173845.649238,-9,-5,-123
1767173845.659238,-5,-1,-126
1767173845.669238,-8,-1,-126
1767173845.679238,-8,-2,-127
1767173845.689238,-3,0,-130
1767173845.699238,-5,0,-131
1767173845.709238,-4,-2,-126
1767173845.719238,1,-2,-122
1767173845.7292385,-2,-3,-120
1767173845.7392385,0,-2,-129
1767173845.7492385,2,-5,-125
1767173845.7592382,4,-5,-124
1767173845.7692382,4,-4,-123
1767173845.7792382,4,-7,-121
1767173845.7892382,0,-8,-119
1767173845.7992382,-1,-10,-121
1767173845.8092382,-5,-5,-122
1767173845.8192382,-3,0,-124
1767173845.8292382,-1,1,-122
1767173845.8392382,2,2,-124
1767173845.8492382,-1,1,-123
1767173845.859238,-2,-4,-118
1767173845.869238,0,-3,-119
1767173845.879238,1,0,-115
1767173845.889238,0,0,-115
1767173845.899238,2,0,-119
1767173845.909238,8,-2,-117
1767173845.919238,10,0,-123
1767173845.929238,6,0,-124
1767173845.939238,5,0,-122
1767173845.949238,4,-1,-128
1767173845.959238,0,-2,-124
1767173845.969238,0,-5,-124
1767173845.9792385,-1,-1,-123
1767173845.9892385,4,0,-126
1767173845.9992385,0,1,-119
1767173846.0092382,0,-1,-120
1767173846.0192382,-2,1,-125
1767173846.0292382,1,0,-129
1767173846.0392382,1,0,-132
1767173846.050238,-1,-3,-132
1767173846.060238,3,1,-127
1767173846.070238,2,0,-121
1767173846.080238,3,0,-118
1767173846.090238,1,2,-118
1767173846.100238,0,3,-129
1767173846.110238,1,1,-123
1767173846.120238,1,1,-126
1767173846.130238,6,0,-128
1767173846.140238,5,0,-125
1767173846.150238,2,0,-122
1767173846.1602385,-3,2,-124
1767173846.1702385,-3,1,-125
1767173846.1802382,-2,-2,-132
1767173846.1902382,0,1,-126
1767173846.2002382,4,0,-131
1767173846.2102382,5,0,-131
1767173846.2202382,8,-2,-129
1767173846.2302382,1,1,-126
1767173846.2402382,-1,0,-129
1767173846.2502382,-1,2,-132
1767173846.2602382,-3,1,-130
1767173846.2702382,-4,0,-126
1767173846.2802382,-3,-1,-126
1767173846.290238,-2,-2,-128
1767173846.300238,-2,-2,-127
1767173846.310238,-1,-2,-128
1767173846.320238,-1,-3,-122
1767173846.330238,-1,0,-123
1767173846.340238,-5,0,-132
1767173846.350238,-3,0,-138
1767173846.360238,-5,0,-138
1767173846.370238,-5,0,-140
1767173846.380238,-3,-1,-136
1767173846.390238,1,0,-135
1767173846.400238,3,0,-135
1767173846.4102385,2,-1,-137
1767173846.4202385,1,-2,-142
1767173846.4302382,0,-2,-137
1767173846.4402382,0,0,-134
1767173846.4502382,4,-5,-131
1767173846.4602382,2,-3,-131
1767173846.4702382,1,0,-129
1767173846.4802382,1,1,-125
1767173846.4902382,1,3,-124
1767173846.5002382,0,6,-122
1767173846.5102382,2,2,-119
1767173846.5202382,0,0,-114
1767173846.5302382,0,-3,-115
1767173846.540238,-2,0,-119
1767173846.550238,2,-4,-124
1767173846.560238,3,-5,-124
1767173846.570238,0,-5,-127
1767173846.580238,0,-5,-122
1767173846.590238,2,-9,-126
1767173846.600238,0,-6,-129
1767173846.610238,-1,-6,-125
1767173846.620238,-2,-5,-131
1767173846.630238,-2,-8,-124
1767173846.640238,2,-8,-126
1767173846.650238,4,-5,-123
1767173846.6602385,1,-5,-121
1767173846.6702385,2,-4,-115
1767173846.6802382,-2,-5,-114
1767173846.6902382,-6,-7,-116
1767173846.7002382,-4,-4,-120
1767173846.7102382,-2,-2,-121
1767173846.7202382,-6,-1,-122
1767173846.7302382,-3,0,-122
1767173846.7402382,-3,-1,-127
1767173846.7502382,-4,0,-129
1767173846.7602382,-4,0,-130
1767173846.781238,0,0,-118
1767173846.790238,-2,3,-126
1767173846.800238,-2,3,-127
1767173846.810238,-1,4,-133
1767173846.820238,0,0,-132
1767173846.830238,3,0,-132
1767173846.840238,4,0,-130
1767173846.850238,3,0,-127
1767173846.860238,6,2,-121
1767173846.870238,2,1,-123
1767173846.880238,3,1,-122
1767173846.890238,2,-1,-125
1767173846.900238,1,-2,-128
1767173846.9102385,2,-6,-132
1767173846.9202385,1,-3,-132
1767173846.9302382,2,2,-128
1767173846.9402382,0,0,-127
1767173846.9502382,2,-1,-128
1767173846.9602382,4,1,-132
1767173846.9702382,2,0,-132
1767173846.9802382,-1,-3,-127
1767173846.9902382,-7,-4,-127
1767173847.0002382,-11,-4,-125
1767173847.0102382,-10,0,-129
1767173847.0202382,-11,-3,-127
1767173847.0302382,-6,-2,-127
1767173847.040238,-6,0,-121
1767173847.050238,-4,5,-111
1767173847.060238,-4,4,-112
1767173847.070238,-2,1,-117
1767173847.080238,-3,4,-112
1767173847.090238,-4,-2,-111
1767173847.100238,1,-1,-119
1767173847.110238,4,0,-116
1767173847.120238,4,0,-119
1767173847.130238,0,1,-123
1767173847.140238,0,5,-128
1767173847.150238,-2,5,-129
1767173847.1602385,-3,3,-130
1767173847.1702385,-2,3,-131
1767173847.1802382,0,1,-131
1767173847.1902382,2,3,-121
1767173847.2002382,1,2,-122
1767173847.2102382,-3,0,-123
1767173847.2202382,-8,-4,-123
1767173847.2302382,-9,-2,-124
1767173847.2402382,-7,-1,-124
1767173847.2502382,-8,-4,-129
1767173847.2602382,-7,-1,-124
1767173847.2702382,-2,2,-124
1767173847.2802382,0,-1,-127
1767173847.290238,4,0,-125
1767173847.300238,3,-2,-118
1767173847.310238,2,-3,-123
1767173847.320238,3,-2,-124
1767173847.330238,1,-6,-127
1767173847.340238,2,-6,-128
1767173847.350238,1,-2,-125
1767173847.360238,2,-2,-125
1767173847.370238,0,-2,-126
1767173847.380238,-4,-5,-131
1767173847.390238,-7,-2,-127
1767173847.400238,-6,-2,-128
1767173847.4102385,-1,-1,-126
1767173847.4202385,-4,-4,-120
1767173847.4302382,-5,-5,-121
1767173847.4402382,-4,-4,-117
1767173847.4502382,-5,-11,-117
1767173847.4602382,0,-6,-114
1767173847.4702382,0,-4,-116
1767173847.4802382,0,-5,-118
1767173847.4902382,-2,-5,-114
1767173847.5002382,-7,-5,-113
1767173847.5102382,-6,-7,-113
1767173847.5202382,-4,-5,-111
1767173847.5302382,-1,-9,-116
1767173847.540238,-4,-8,-122
1767173847.550238,-3,-5,-122
1767173847.560238,-2,-1,-121
1767173847.570238,-8,1,-125
1767173847.580238,-7,-3,-124
1767173847.590238,-6,-4,-125
1767173847.600238,-5,-4,-126
1767173847.610238,-4,-2,-127
1767173847.620238,-3,-4,-128
1767173847.630238,0,-4,-126
1767173847.640238,2,-2,-130
1767173847.650238,-1,0,-127
1767173847.6602385,-5,1,-121
1767173847.6702385,-5,0,-117
1767173847.6802382,-3,3,-111
1767173847.6902382,-5,3,-107
1767173847.7002382,-9,5,-114
1767173847.7102382,-8,0,-117
1767173847.7202382,-3,-2,-117
1767173847.7302382,-2,0,-122
1767173847.7402382,-2,0,-117
1767173847.7502382,-7,0,-115
1767173847.7602382,-7,0,-123
1767173847.7702382,-1,0,-131
1767173847.7802382,-2,0,-129
1767173847.790238,-7,-4,-126
1767173847.800238,-5,-4,-124
1767173847.810238,-3,-1,-122
1767173847.820238,-6,0,-116
1767173847.830238,-4,0,-115
1767173847.840238,-3,0,-118
1767173847.850238,-1,0,-128
1767173847.860238,1,3,-126
1767173847.870238,-3,3,-135
1767173847.880238,2,3,-136
1767173847.890238,5,0,-130
1767173847.900238,2,0,-136
1767173847.9102385,2,0,-138
1767173847.9202385,4,6,-138
1767173847.9302382,7,5,-128
1767173847.9402382,3,0,-121
1767173847.9502382,1,-5,-126
1767173847.9602382,2,-4,-128
1767173847.9702382,-2,-3,-132
1767173847.9802382,0,-7,-125
1767173847.9902382,-1,-4,-127
1767173848.0002382,0,-3,-125
1767173848.0102382,0,-1,-125
1767173848.0202382,-2,0,-123
1767173848.0302382,0,-1,-118
1767173848.040238,-2,-1,-113
1767173848.050238,-6,0,-112
1767173848.060238,-5,0,-112
1767173848.070238,-1,7,-110
1767173848.080238,-1,6,-108
1767173848.090238,1,8,-109
1767173848.100238,3,3,-114
1767173848.110238,2,2,-115
1767173848.120238,0,1,-118
1767173848.130238,0,-2,-116
1767173848.140238,0,-1,-116
1767173848.150238,4,-1,-120
1767173848.1602385,2,-3,-120
1767173848.1702385,0,-4,-117
1767173848.1802382,4,-2,-118
1767173848.1902382,-2,1,-121
1767173848.2002382,-5,0,-117
1767173848.2102382,-7,1,-118
1767173848.2202382,-10,3,-121
1767173848.2302382,-3,-1,-121
1767173848.2402382,3,-2,-121
1767173848.2502382,7,-1,-120
1767173848.2602382,1,2,-126
1767173848.2702382,6,2,-118
1767173848.2802382,4,2,-118
1767173848.290238,5,0,-113
1767173848.300238,5,0,-107
1767173848.310238,4,-3,-109
1767173848.320238,1,-4,-109
1767173848.330238,-8,-1,-107
1767173848.340238,-8,0,-114
1767173848.350238,-4,-2,-115
1767173848.360238,-5,0,-121
1767173848.370238,-1,2,-120
1767173848.380238,-3,3,-121
1767173848.390238,2,10,-127
1767173848.400238,5,10,-133
1767173848.4102385,3,7,-124
1767173848.4202385,1,2,-123
1767173848.4302382,-4,2,-127
1767173848.4402382,-9,0,-126
1767173848.4502382,-9,0,-123
1767173848.4602382,-10,-2,-125
1767173848.4702382,-14,-1,-121
1767173848.4802382,-11,1,-114
1767173848.4902382,-8,0,-117
1767173848.5002382,-3,-3,-117
1767173848.5102382,0,-6,-117
1767173848.5202382,0,-6,-116
1767173848.5302382,0,-6,-118
1767173848.540238,-5,0,-122
1767173848.550238,-3,-5,-123
1767173848.560238,0,-6,-118
1767173848.570238,1,-6,-114
1767173848.580238,0,-5,-119
1767173848.590238,1,-6,-121
1767173848.600238,0,-3,-117
1767173848.610238,2,-1,-114
1767173848.620238,2,1,-114
1767173848.630238,4,-1,-120
1767173848.640238,3,-2,-123
1767173848.650238,5,0,-128
1767173848.6602385,0,-1,-134
1767173848.6712382,-2,2,-133
1767173848.6812382,2,4,-130
1767173848.6912382,-2,-1,-121
1767173848.7012382,0,-1,-124
1767173848.711238,0,1,-116
1767173848.721238,3,-2,-122
1767173848.731238,7,-5,-123
1767173848.741238,7,-6,-130
1767173848.751238,6,-9,-132
1767173848.761238,9,-7,-140
1767173848.771238,10,-9,-140
1767173848.781238,4,-13,-132
1767173848.791238,2,-10,-129
1767173848.801238,-1,-8,-125
1767173848.811238,3,-2,-122
1767173848.821238,5,-4,-119
1767173848.8312385,2,0,-119
1767173848.8412385,2,-1,-120
1767173848.8512385,2,1,-124
1767173848.8612382,0,0,-128
1767173848.8712382,0,2,-136
1767173848.8812382,0,2,-135
1767173848.8912382,-1,0,-131
1767173848.9012382,-3,2,-136
1767173848.9112382,-1,0,-137
1767173848.9212382,-6,1,-132
1767173848.9312382,-6,0,-131
1767173848.9412382,-7,-1,-129
1767173848.9512382,-10,-3,-133
1767173848.961238,-7,-1,-128
1767173848.971238,-8,-5,-132
1767173848.981238,-9,-6,-125
1767173848.991238,-8,-1,-131
1767173849.001238,-8,-2,-134
1767173849.011238,-8,-5,-136
1767173849.021238,-4,-10,-140
1767173849.031238,-1,-14,-137
1767173849.041238,1,-12,-135
1767173849.051238,-3,-10,-129
1767173849.061238,-4,-6,-127
1767173849.071238,-5,-1,-127
1767173849.0812385,-8,0,-122
1767173849.0912385,-5,0,-123
1767173849.1012385,-4,-1,-124
1767173849.1112382,-5,-1,-126
1767173849.1212382,-5,-5,-121
1767173849.1312382,-5,-6,-118
1767173849.1412382,-4,-4,-116
1767173849.1512382,-2,-2,-119
1767173849.1612382,-6,-2,-127
1767173849.1712382,-6,-3,-122
1767173849.1812382,-1,0,-121
1767173849.1912382,1,0,-122
1767173849.2012382,2,-2,-118
1767173849.211238,7,-1,-120
1767173849.221238,8,-3,-122
1767173849.231238,3,0,-125
1767173849.241238,-2,0,-133
1767173849.251238,3,-2,-130
1767173849.261238,1,-4,-127
1767173849.271238,3,-6,-129
1767173849.281238,7,-2,-129
1767173849.291238,8,0,-128
1767173849.3022382,7,2,-125
1767173849.311238,-1,-5,-124
1767173849.321238,-1,-6,-125
1767173849.3312385,-3,-4,-122
1767173849.3412385,0,-7,-122
1767173849.3512385,-2,0,-126
1767173849.3612382,-1,-2,-127
1767173849.3712382,-4,-4,-130
1767173849.3812382,-6,0,-137
1767173849.3912382,-4,1,-137
1767173849.4012382,-5,-2,-132
1767173849.4112382,-1,0,-128
1767173849.4212382,0,0,-125
1767173849.4312382,0,3,-124
1767173849.4412382,0,2,-124
1767173849.4512382,-2,1,-119
1767173849.461238,-7,1,-116
1767173849.471238,-5,0,-114
1767173849.481238,0,2,-117
1767173849.491238,0,4,-112
1767173849.501238,1,4,-114
1767173849.511238,-1,0,-112
1767173849.521238,0,-1,-111
1767173849.531238,-1,0,-120
1767173849.541238,-5,1,-121
1767173849.551238,-1,1,-123
1767173849.561238,3,2,-120
1767173849.571238,3,3,-122
1767173849.5812385,2,6,-126
1767173849.5912385,2,0,-133
1767173849.6012385,0,0,-127
1767173849.6112382,0,1,-122
1767173849.6212382,2,2,-124
1767173849.6312382,0,5,-127
1767173849.6412382,0,4,-131
1767173849.6512382,0,0,-130
1767173849.6612382,-3,1,-132
1767173849.6712382,-3,-3,-128
1767173849.6812382,-3,-4,-128
1767173849.6912382,0,-7,-131
1767173849.7012382,0,-7,-128
1767173849.711238,0,-9,-124
1767173849.721238,0,-6,-124
1767173849.731238,1,-5,-127
1767173849.741238,0,-8,-129
1767173849.751238,-3,-8,-125
1767173849.761238,-7,-9,-126
1767173849.771238,-5,-8,-120
1767173849.781238,-5,-7,-118
1767173849.791238,-7,-3,-120
1767173849.801238,-6,-1,-119
1767173849.811238,-7,-5,-119
1767173849.821238,-9,-3,-113
1767173849.8312385,-5,-5,-115
1767173849.8412385,-4,-5,-117
1767173849.8512385,-1,-4,-119
1767173849.8612382,3,-3,-120
1767173849.8712382,4,-5,-122
1767173849.8812382,2,-2,-120
1767173849.8912382,3,-2,-119
1767173849.9012382,0,0,-118
1767173849.9112382,3,0,-118
1767173849.9212382,3,-1,-119
1767173849.9312382,0,0,-126
1767173849.9412382,0,-1,-130
1767173849.9512382,-5,0,-128
1767173849.961238,-4,0,-124
1767173849.971238,-2,-4,-124
1767173849.981238,-1,-6,-121
1767173849.991238,-4,-3,-118
1767173850.001238,-7,-6,-121
1767173850.011238,-5,-6,-123
1767173850.021238,-1,-9,-123
1767173850.031238,-1,-3,-130
1767173850.041238,-4,1,-125
1767173850.051238,0,1,-126
1767173850.061238,0,3,-127
1767173850.071238,0,2,-129
1767173850.0812385,-4,1,-126
1767173850.0912385,-5,-2,-122
1767173850.1012385,0,-2,-122
1767173850.1112382,-3,-3,-124
1767173850.1212382,0,-6,-127
1767173850.1312382,0,-4,-128
1767173850.1412382,1,-2,-130
1767173850.1512382,4,-3,-135
1767173850.1612382,4,0,-128
1767173850.1712382,3,0,-129
1767173850.1812382,4,-2,-124
1767173850.1912382,0,-8,-123
1767173850.2012382,-2,-12,-120
1767173850.211238,-2,-8,-117
1767173850.221238,1,-6,-114
1767173850.231238,-3,-6,-120
1767173850.241238,-3,-8,-120
1767173850.251238,0,-8,-121
1767173850.261238,-1,-9,-123
1767173850.271238,-6,-9,-125
1767173850.281238,-6,-11,-127
1767173850.291238,-4,-11,-134
1767173850.301238,-3,-7,-130
1767173850.311238,-4,-1,-124
1767173850.321238,-6,-2,-129
1767173850.3312385,-2,-8,-127
1767173850.3412385,2,-3,-127
1767173850.3512385,2,0,-125
1767173850.3612382,0,3,-116
1767173850.3712382,-1,1,-111
1767173850.3812382,0,-2,-112
1767173850.3912382,0,-4,-113
1767173850.4012382,0,0,-112
1767173850.4112382,5,-2,-114
1767173850.4212382,2,0,-117
1767173850.4312382,0,2,-113
1767173850.4412382,1,-2,-114
1767173850.4512382,6,-2,-120
1767173850.461238,6,0,-116
1767173850.471238,6,-1,-113
1767173850.481238,11,-4,-116
1767173850.491238,7,-3,-117
1767173850.501238,4,0,-120
1767173850.511238,6,-2,-118
1767173850.521238,0,-2,-122
1767173850.531238,-1,4,-124
1767173850.541238,-1,1,-128
1767173850.551238,0,0,-128
1767173850.561238,0,-3,-125
1767173850.571238,-2,-5,-126
1767173850.5812385,0,-6,-116
1767173850.5912385,1,-4,-110
1767173850.6012385,6,-3,-116
1767173850.6112382,7,-1,-114
1767173850.6212382,4,3,-113
1767173850.6312382,-1,0,-116
1767173850.6412382,-4,-5,-111
1767173850.6512382,-3,-6,-112
1767173850.6612382,-5,-2,-121
1767173850.6712382,-1,-5,-118
1767173850.6812382,-4,-3,-120
1767173850.6912382,-1,-3,-121
1767173850.7012382,-1,0,-129
1767173850.711238,1,1,-131
1767173850.721238,0,0,-131
1767173850.731238,0,0,-127
1767173850.741238,-1,4,-127
1767173850.751238,-5,7,-124
1767173850.761238,-4,4,-120
1767173850.771238,-2,1,-128
1767173850.781238,-4,-1,-123
1767173850.791238,-4,-2,-128
1767173850.801238,-2,-2,-128
1767173850.811238,1,0,-130
1767173850.821238,-2,2,-124
1767173850.8312385,-7,0,-124
1767173850.8412385,-4,0,-130
1767173850.8512385,-9,2,-131
1767173850.8612382,-5,0,-129
1767173850.8712382,-3,-2,-129
1767173850.8812382,-5,-5,-128
1767173850.8912382,-2,-7,-131
1767173850.9012382,0,-8,-132
1767173850.9112382,0,-10,-135
1767173850.9212382,2,-10,-135
1767173850.9312382,5,-13,-135
1767173850.9412382,0,-12,-132
1767173850.9512382,0,-11,-127
1767173850.961238,-2,-12,-132
1767173850.971238,-3,-10,-125
1767173850.981238,-4,-4,-121
1767173850.991238,-3,0,-124
1767173851.001238,-5,0,-125
1767173851.011238,-8,1,-125
1767173851.021238,-7,-3,-130
1767173851.031238,-1,0,-135
1767173851.041238,2,0,-135
1767173851.051238,-1,0,-136
1767173851.061238,0,0,-135
1767173851.071238,0,1,-136
1767173851.0812385,1,1,-135
1767173851.0912385,2,-1,-133
1767173851.1012385,7,-4,-135
1767173851.1112382,9,-4,-128
1767173851.1212382,5,-3,-125
1767173851.1312382,6,-4,-133
1767173851.1412382,5,-6,-133
1767173851.1512382,1,-3,-132
1767173851.1612382,0,0,-126
1767173851.1712382,-3,-3,-122
1767173851.1812382,-4,-4,-130
1767173851.1912382,-4,-1,-125
1767173851.2012382,-4,1,-128
1767173851.211238,-4,0,-124
1767173851.221238,-1,-2,-117
1767173851.231238,-3,-3,-113
1767173851.241238,-6,-7,-113
1767173851.251238,-7,-7,-114
1767173851.261238,-9,-4,-117
1767173851.271238,-4,-5,-122
1767173851.281238,-7,-5,-125
1767173851.291238,-1,-7,-129
1767173851.301238,-4,-6,-134
1767173851.3122382,-3,-2,-131
1767173851.3222382,1,0,-131
1767173851.3322382,4,0,-123
1767173851.3422382,6,0,-125
1767173851.3522382,2,0,-121
1767173851.3622382,5,2,-124
1767173851.3722382,0,3,-126
1767173851.382238,0,5,-116
1767173851.392238,0,3,-119
1767173851.402238,-1,2,-124
1767173851.412238,0,0,-122
1767173851.422238,0,0,-123
1767173851.432238,-1,0,-128
1767173851.442238,-3,-5,-126
1767173851.452238,-8,-5,-130
1767173851.462238,-4,-3,-132
1767173851.472238,0,-6,-128
1767173851.482238,0,0,-123
1767173851.492238,-5,1,-124
1767173851.502238,-4,0,-122
1767173851.5122385,-5,-3,-123
1767173851.5222385,-4,-1,-126
1767173851.5322382,-4,-1,-123
1767173851.5422382,-3,-1,-130
1767173851.5522382,-2,2,-133
1767173851.5622382,-2,2,-134
1767173851.5722382,-1,1,-135
1767173851.5822382,-6,0,-123
1767173851.5922382,-5,0,-121
1767173851.6022382,-4,-2,-119
1767173851.6122382,-7,-2,-129
1767173851.6222382,-10,-3,-130
1767173851.632238,-9,-5,-136
1767173851.642238,-6,-2,-140
1767173851.652238,-7,0,-136
1767173851.662238,-6,-3,-130
1767173851.672238,-1,-6,-129
1767173851.682238,0,-8,-127
1767173851.692238,0,-6,-126
1767173851.702238,4,-4,-126
1767173851.712238,5,-2,-123
1767173851.722238,3,0,-123
1767173851.732238,0,7,-123
1767173851.742238,5,6,-124
1767173851.752238,5,4,-125
1767173851.7622385,7,4,-122
1767173851.7722385,8,6,-123
1767173851.7932382,8,6,-129
1767173851.8022382,0,5,-130
1767173851.8122382,2,6,-126
1767173851.8222382,1,0,-126
1767173851.8322382,0,-2,-127
1767173851.8422382,0,-2,-124
1767173851.8522382,1,-2,-119
1767173851.8622382,0,1,-119
1767173851.8722382,-3,3,-122
1767173851.882238,-6,3,-117
1767173851.892238,-4,4,-120
1767173851.902238,-3,1,-118
1767173851.912238,-1,0,-116
1767173851.922238,-1,2,-127
1767173851.932238,4,2,-120
1767173851.942238,4,0,-121
1767173851.952238,3,0,-121
1767173851.962238,4,-6,-126
1767173851.972238,1,-5,-135
1767173851.982238,2,-4,-134
1767173851.992238,3,0,-131
1767173852.002238,1,0,-127
1767173852.0122385,-1,0,-127
1767173852.0222385,1,-2,-124
1767173852.0322382,-1,-4,-125
1767173852.0422382,-2,-4,-128
1767173852.0522382,-1,-5,-122
1767173852.0622382,-3,-4,-127
1767173852.0722382,0,-5,-127
1767173852.0822382,-1,-3,-122
1767173852.0922382,-1,-3,-124
1767173852.1022382,-2,-2,-133
1767173852.1122382,0,-3,-129
1767173852.1222382,-1,-4,-122
1767173852.132238,-1,-1,-123
1767173852.142238,2,-1,-128
1767173852.152238,1,-2,-131
1767173852.162238,1,0,-124
1767173852.172238,1,-1,-121
1767173852.182238,1,-3,-124
1767173852.192238,0,-2,-120
1767173852.202238,0,-5,-122
1767173852.212238,-4,-4,-124
1767173852.222238,0,-2,-128
1767173852.232238,0,-2,-127
1767173852.242238,0,-4,-129
1767173852.252238,-4,-1,-132
1767173852.2622385,-4,3,-128
1767173852.2722385,-4,2,-128
1767173852.2822382,-4,-1,-127
1767173852.2922382,-4,-5,-126
1767173852.3022382,-3,-3,-122
1767173852.3122382,-5,2,-122
1767173852.3222382,-3,2,-128
1767173852.3322382,-2,0,-126
1767173852.3422382,-5,0,-124
1767173852.3522382,-4,1,-128
1767173852.3622382,-1,5,-123
1767173852.3722382,0,6,-124
1767173852.382238,0,7,-124
1767173852.392238,0,6,-126
1767173852.402238,0,2,-129
1767173852.412238,0,-3,-124
1767173852.422238,0,-3,-130
1767173852.432238,1,0,-130
1767173852.442238,0,-3,-128
1767173852.452238,1,5,-128
1767173852.462238,1,3,-123
1767173852.472238,6,6,-123
1767173852.482238,8,7,-128
1767173852.492238,8,4,-129
1767173852.502238,5,3,-129
1767173852.5122385,2,-3,-127
1767173852.5222385,-2,-8,-127
1767173852.5322382,-5,-9,-126
1767173852.5422382,0,-13,-127
1767173852.5522382,0,-9,-122
1767173852.5622382,2,-9,-127
1767173852.5722382,0,-6,-136
1767173852.5822382,0,-4,-126
1767173852.5922382,-7,-4,-125
1767173852.6022382,-13,-4,-121
1767173852.6122382,-10,-3,-119
1767173852.6222382,-10,0,-119
1767173852.632238,-7,0,-116
1767173852.642238,-4,0,-118
1767173852.652238,4,-2,-119
1767173852.662238,7,-1,-123
1767173852.672238,5,-3,-118
1767173852.682238,9,-4,-122
1767173852.692238,5,-3,-126
1767173852.702238,2,-5,-127
1767173852.712238,4,-4,-123
1767173852.722238,1,0,-125
1767173852.732238,0,0,-125
1767173852.742238,5,0,-126
1767173852.752238,7,-1,-131
1767173852.7622385,6,1,-139
1767173852.7722385,3,-1,-137
1767173852.7822382,0,-2,-134
1767173852.7922382,5,-3,-134
1767173852.8022382,6,-4,-131
1767173852.8122382,1,-5,-123
1767173852.8222382,1,-4,-127
1767173852.8322382,3,-6,-134
1767173852.8422382,2,-8,-130
1767173852.8522382,0,-4,-126
1767173852.8622382,2,-5,-129
1767173852.8722382,2,-5,-132
1767173852.882238,1,-4,-138
1767173852.892238,7,0,-131
1767173852.902238,10,-1,-132
1767173852.912238,4,-4,-133
1767173852.922238,6,-8,-142
1767173852.932238,5,-8,-140
1767173852.942238,9,-3,-138
1767173852.952238,5,-1,-138
1767173852.962238,5,0,-134
1767173852.972238,8,0,-130
1767173852.982238,4,0,-138
1767173852.992238,8,-2,-137
1767173853.002238,7,-1,-134
1767173853.0122385,8,-6,-131
1767173853.0222385,7,0,-132
1767173853.0322382,4,-2,-130
1767173853.0422382,3,0,-127
1767173853.0522382,4,-1,-131
1767173853.0622382,7,0,-126
1767173853.0722382,11,2,-123
1767173853.0822382,9,4,-125
1767173853.0922382,4,2,-125
1767173853.1022382,5,0,-124
1767173853.1122382,3,0,-127
1767173853.1222382,-2,0,-127
1767173853.132238,0,1,-126
1767173853.142238,-3,5,-126
1767173853.152238,-4,5,-127
1767173853.162238,-2,-3,-122
1767173853.172238,-3,-1,-124
1767173853.182238,-2,-2,-130
1767173853.192238,1,-4,-133
1767173853.202238,0,-3,-130
1767173853.212238,4,0,-133
1767173853.222238,0,-2,-133
1767173853.232238,-3,-1,-133
1767173853.242238,-3,-5,-131
1767173853.252238,-7,-2,-125
1767173853.2622385,-7,1,-120
1767173853.2722385,-7,-1,-123
1767173853.2822382,-2,-2,-131
1767173853.2922382,2,-3,-127
1767173853.3022382,6,-6,-128
1767173853.3122382,5,-2,-131
1767173853.3222382,2,-2,-124
1767173853.3322382,3,-2,-113
1767173853.3422382,5,-2,-114
1767173853.3522382,6,0,-118
1767173853.3622382,3,1,-111
1767173853.3722382,5,2,-114
1767173853.382238,5,0,-115
1767173853.392238,4,0,-115
1767173853.402238,6,2,-116
1767173853.412238,7,1,-122
1767173853.422238,7,0,-126
1767173853.432238,5,0,-127
1767173853.442238,1,0,-121
1767173853.452238,0,-1,-123
1767173853.462238,0,0,-126
1767173853.472238,-2,-1,-124
1767173853.482238,-2,-1,-123
1767173853.492238,-1,-3,-122
1767173853.502238,-1,-1,-126
1767173853.5122385,-2,-1,-125
1767173853.5222385,-2,0,-124
1767173853.5322382,-4,0,-126
1767173853.5422382,0,-2,-124
1767173853.5522382,4,-2,-114
1767173853.5622382,1,-2,-111
1767173853.5722382,3,-3,-120
1767173853.5822382,4,-6,-120
1767173853.5922382,0,-10,-121
1767173853.603238,-4,-11,-117
1767173853.6122382,-2,-9,-123
1767173853.6222382,-4,-5,-122
1767173853.632238,-5,-1,-126
1767173853.642238,-9,-3,-126
1767173853.652238,-13,-1,-124
1767173853.662238,-11,-2,-119
1767173853.672238,-11,-2,-117
1767173853.682238,-9,-2,-118
1767173853.692238,-6,0,-126
1767173853.702238,-6,6,-128
1767173853.712238,1,7,-131
1767173853.722238,0,4,-131
1767173853.732238,1,4,-130
1767173853.742238,3,0,-125
1767173853.752238,2,0,-116
1767173853.7622385,2,0,-117
1767173853.7722385,6,0,-122
1767173853.7822382,11,-5,-127
1767173853.7922382,9,-9,-121
1767173853.8022382,8,-8,-120
1767173853.8122382,4,-8,-124
1767173853.8222382,1,-6,-126
1767173853.8322382,2,-7,-128
1767173853.8422382,2,-4,-126
1767173853.8522382,3,1,-133
1767173853.8622382,5,-1,-132
1767173853.8722382,5,-1,-124
1767173853.882238,6,0,-131
1767173853.892238,7,1,-131
1767173853.902238,8,2,-129
1767173853.913238,7,0,-125
1767173853.922238,12,-5,-119
1767173853.932238,7,-6,-119
1767173853.942238,4,-6,-121
1767173853.952238,-1,-5,-115
1767173853.962238,0,-4,-112
1767173853.9732382,-2,-4,-114
1767173853.9832382,-2,-5,-118
1767173853.9932382,-6,-6,-122
1767173854.0032382,-3,-3,-123
1767173854.0132382,0,-4,-119
1767173854.0232382,0,-6,-123
1767173854.0332382,-2,-4,-126
1767173854.0432382,-3,-6,-122
1767173854.0532382,-7,-4,-119
1767173854.063238,-11,-7,-120
1767173854.073238,-9,-8,-125
1767173854.083238,-9,-8,-123
1767173854.093238,-9,-8,-121
1767173854.103238,-5,-7,-121
1767173854.113238,-6,-5,-122
1767173854.123238,-4,-4,-118
1767173854.133238,-4,-5,-113
1767173854.143238,-3,-7,-109
1767173854.153238,0,-7,-121
1767173854.163238,2,0,-122
1767173854.173238,5,0,-118
1767173854.1832385,7,0,-120
1767173854.1932385,7,0,-127
1767173854.2032382,2,0,-132
1767173854.2132382,-6,0,-133
1767173854.2232382,-3,0,-130
1767173854.2332382,-4,-3,-131
1767173854.2432382,-1,-6,-122
1767173854.2532382,0,-8,-120
1767173854.2632382,1,-10,-119
1767173854.2732382,0,-8,-124
1767173854.2832382,1,-3,-124
1767173854.2932382,0,-3,-129
1767173854.3032382,-5,-3,-130
1767173854.313238,-7,-4,-132
1767173854.323238,-6,-2,-125
1767173854.333238,0,-4,-125
1767173854.343238,3,-1,-117
1767173854.353238,-2,-1,-112
1767173854.363238,-3,0,-119
1767173854.373238,-5,0,-117
1767173854.383238,-7,0,-111
1767173854.393238,-6,-3,-118
1767173854.403238,-4,-3,-127
1767173854.413238,-2,-4,-131
1767173854.423238,-2,-5,-133
1767173854.4332385,0,-1,-133
1767173854.4432385,2,1,-135
1767173854.4532382,1,0,-140
1767173854.4632382,6,0,-138
1767173854.4732382,7,0,-132
1767173854.4832382,4,-1,-135
1767173854.4932382,3,-2,-138
1767173854.5032382,2,2,-134
1767173854.5132382,5,4,-129
1767173854.5232382,6,4,-126
1767173854.5332382,2,6,-125
1767173854.5432382,-1,5,-126
1767173854.5532382,0,6,-125
1767173854.563238,0,2,-125
1767173854.573238,3,-1,-123
1767173854.583238,1,-3,-122
1767173854.593238,1,-6,-124
1767173854.603238,-1,-4,-125
1767173854.613238,1,-9,-134
1767173854.623238,2,-6,-132
1767173854.633238,5,-5,-132
1767173854.643238,0,-2,-128
1767173854.653238,0,0,-128
1767173854.663238,1,0,-124
1767173854.673238,2,1,-128
1767173854.6832385,1,3,-125
1767173854.6932385,-1,4,-122
1767173854.7032382,-2,1,-121
1767173854.7132382,0,0,-113
1767173854.7232382,2,1,-118
1767173854.7332382,3,2,-127
1767173854.7432382,4,0,-129
1767173854.7532382,0,0,-121
1767173854.7632382,1,-1,-122
1767173854.7732382,1,-2,-121
1767173854.7832382,2,-1,-119
1767173854.7932382,2,0,-116
1767173854.8032382,4,2,-115
1767173854.813238,0,3,-113
1767173854.823238,1,0,-116
1767173854.833238,4,0,-116
1767173854.843238,6,-2,-120
1767173854.853238,7,-3,-125
1767173854.863238,3,-3,-128
1767173854.873238,0,1,-136
1767173854.883238,-3,2,-139
1767173854.893238,-3,1,-132
1767173854.903238,-2,0,-125
1767173854.913238,-2,0,-130
1767173854.923238,0,0,-130
1767173854.9332385,0,-4,-132
1767173854.9432385,0,-8,-134
1767173854.9532382,-1,-8,-140
1767173854.9632382,1,-5,-134
1767173854.9732382,3,-6,-139
1767173854.9832382,3,-6,-132
1767173854.9932382,3,-2,-132
1767173855.0032382,8,0,-128
1767173855.0132382,7,-4,-125
1767173855.0232382,11,-3,-123
1767173855.0332382,10,-2,-125
1767173855.0432382,7,-4,-128
1767173855.0532382,4,-5,-132
1767173855.063238,2,-1,-129
1767173855.073238,2,-3,-127
1767173855.083238,4,-6,-122
1767173855.093238,1,-6,-117
1767173855.103238,7,-9,-118
1767173855.113238,4,-9,-119
1767173855.123238,6,-9,-122
1767173855.133238,7,-5,-124
1767173855.143238,11,-4,-121
1767173855.153238,5,0,-124
1767173855.163238,3,1,-122
1767173855.173238,2,2,-117
1767173855.1832385,2,3,-117
1767173855.1932385,5,3,-126
1767173855.2032382,1,1,-128
1767173855.2132382,2,0,-136
1767173855.2232382,-2,0,-138
1767173855.2332382,8,4,-134
1767173855.2432382,8,3,-131
1767173855.2532382,3,1,-129
1767173855.2632382,1,3,-129
1767173855.2732382,1,-2,-124
1767173855.2832382,1,-2,-120
1767173855.2932382,2,0,-122
1767173855.3032382,0,0,-122
1767173855.313238,-1,0,-117
1767173855.323238,0,0,-118
1767173855.333238,-3,-1,-122
1767173855.343238,-5,-4,-117
1767173855.353238,-5,-2,-119
1767173855.363238,-1,-2,-121
1767173855.373238,1,-3,-120
1767173855.383238,1,1,-122
1767173855.393238,-1,-2,-122
1767173855.403238,0,-4,-120
1767173855.413238,1,-5,-122
1767173855.423238,-2,-3,-133
1767173855.4332385,-2,0,-137
1767173855.4432385,-3,0,-141
1767173855.4532382,-1,0,-137
1767173855.4632382,0,0,-132
1767173855.4732382,2,1,-132
1767173855.4832382,5,4,-131
1767173855.4932382,6,8,-126
1767173855.5032382,6,4,-124
1767173855.5132382,5,9,-124
1767173855.5232382,11,6,-127
1767173855.5332382,7,4,-124
1767173855.5432382,4,2,-125
1767173855.5532382,3,2,-127
1767173855.563238,5,0,-121
1767173855.573238,2,-2,-117
1767173855.583238,0,1,-110
1767173855.593238,-1,-1,-111
1767173855.603238,0,-3,-111
1767173855.613238,-1,-5,-114
1767173855.623238,0,0,-117
1767173855.633238,0,-2,-120
1767173855.643238,0,-8,-121
1767173855.653238,1,-4,-123
1767173855.663238,3,-5,-129
1767173855.673238,2,-4,-125
1767173855.6832385,3,-2,-123
1767173855.6932385,1,0,-126
1767173855.7032382,0,3,-119
1767173855.7132382,0,7,-117
1767173855.7232382,-4,4,-118
1767173855.7332382,-2,1,-120
1767173855.7432382,-3,1,-118
1767173855.7532382,-2,2,-119
1767173855.7632382,0,4,-122
1767173855.7732382,4,-1,-123
1767173855.7832382,3,-3,-123
1767173855.7932382,0,-1,-125
1767173855.8032382,1,-2,-120
1767173855.813238,-2,-1,-119
1767173855.823238,0,1,-116
1767173855.833238,-6,2,-124
1767173855.843238,-7,0,-119
1767173855.853238,-4,1,-118
1767173855.863238,-3,0,-118
1767173855.873238,-5,-1,-119
1767173855.883238,-1,2,-113
1767173855.893238,3,-1,-111
1767173855.903238,2,-1,-117
1767173855.913238,0,0,-115
1767173855.923238,3,4,-116
1767173855.9332385,0,5,-118
1767173855.9432385,5,2,-121
1767173855.9532382,5,0,-121
1767173855.9632382,1,-2,-117
1767173855.9732382,1,-1,-118
1767173855.9832382,0,-2,-120
1767173855.9932382,-2,-3,-119
1767173856.0032382,-4,-4,-108
1767173856.0132382,-4,-4,-109
1767173856.0232382,-8,-6,-116
1767173856.0332382,-8,-4,-118
1767173856.0432382,-5,-1,-118
1767173856.0532382,-3,2,-118
1767173856.063238,-5,3,-123
1767173856.073238,-9,3,-121
1767173856.083238,-7,4,-121
1767173856.093238,-1,6,-114
1767173856.103238,0,5,-118
1767173856.113238,4,0,-123
1767173856.123238,7,-3,-123
1767173856.133238,2,0,-128
1767173856.143238,0,0,-125
1767173856.153238,0,0,-123
1767173856.163238,-2,-3,-129
1767173856.173238,1,-3,-130
1767173856.1832385,-1,0,-128
1767173856.1932385,0,-3,-117
1767173856.2032382,-2,-2,-118
1767173856.2132382,-1,-3,-121
1767173856.2232382,-4,-2,-122
1767173856.2332382,-5,-3,-116
1767173856.2432382,-2,-3,-120
1767173856.2532382,-5,-1,-122
1767173856.2632382,-6,-4,-116
1767173856.2732382,-2,-5,-116
1767173856.2832382,-3,-5,-118
1767173856.2932382,-4,-6,-118
1767173856.3032382,-7,-2,-114
1767173856.313238,-9,-2,-121
1767173856.323238,-4,-3,-116
1767173856.333238,-3,-3,-117
1767173856.343238,0,-5,-114
1767173856.353238,1,-6,-116
1767173856.363238,5,-6,-117
1767173856.373238,4,-5,-124
1767173856.383238,5,-4,-125
1767173856.393238,4,-4,-123
1767173856.403238,0,-7,-122
1767173856.413238,3,-9,-119
1767173856.423238,2,-5,-116
1767173856.4332385,1,-8,-118
1767173856.4432385,0,-5,-123
1767173856.4532382,1,-1,-119
1767173856.4632382,2,0,-114
1767173856.4732382,0,-1,-117
1767173856.4832382,-1,-4,-117
1767173856.4932382,-4,-3,-121
1767173856.5032382,-4,-4,-121
1767173856.5132382,-3,-4,-122
1767173856.5232382,0,-3,-117
1767173856.5332382,0,-6,-117
1767173856.5432382,0,-7,-124
1767173856.5532382,0,-9,-131
1767173856.563238,0,-6,-128
1767173856.573238,3,-2,-126
1767173856.584238,1,0,-119
1767173856.594238,-5,-3,-119
1767173856.6042385,-2,-3,-122
1767173856.613238,0,-2,-114
1767173856.623238,0,-1,-120
1767173856.6342382,0,-1,-120
1767173856.6442382,-4,-1,-125
1767173856.6542382,-2,-2,-125
1767173856.6642382,-3,-1,-124
1767173856.6742382,-2,-2,-124
1767173856.6842382,-4,-5,-127
1767173856.6942382,-2,-6,-127
1767173856.7042382,-5,-2,-130
1767173856.7142382,-6,0,-135
1767173856.7242382,-5,-1,-132
1767173856.734238,-2,0,-124
1767173856.744238,-1,-3,-129
1767173856.754238,-2,-4,-127
1767173856.764238,-5,-4,-129
1767173856.774238,-3,-6,-123
1767173856.784238,0,-5,-118
1767173856.8062382,7,0,-117
1767173856.814238,6,0,-121
1767173856.824238,8,3,-130
1767173856.834238,6,2,-130
1767173856.844238,1,-1,-131
1767173856.8542385,4,-3,-137
1767173856.8642385,4,-4,-131
1767173856.8742385,1,-3,-132
1767173856.8842382,-5,0,-131
1767173856.8942382,-5,-1,-128
1767173856.9042382,-6,-4,-128
1767173856.9142382,-5,0,-131
1767173856.9242382,-7,-2,-130
1767173856.9342382,-1,-3,-125
1767173856.9442382,0,-3,-123
1767173856.9542382,-1,-3,-118
1767173856.9642382,0,-2,-122
1767173856.9742382,0,-4,-123
1767173856.984238,-3,-4,-125
1767173856.994238,-4,-2,-128
1767173857.004238,-3,-3,-122
1767173857.014238,-3,-2,-118
1767173857.024238,-3,-1,-116
1767173857.034238,-1,-3,-126
1767173857.044238,-4,-3,-125
1767173857.054238,0,-4,-129
1767173857.064238,0,-4,-128
1767173857.074238,3,-2,-127
1767173857.084238,-1,-6,-129
1767173857.094238,-2,-5,-127
1767173857.1042385,-5,-5,-133
1767173857.1142385,-4,-5,-129
1767173857.1242385,-4,-13,-127
1767173857.1342382,-5,-8,-130
1767173857.1442382,1,-4,-129
1767173857.1542382,2,-5,-130
1767173857.1642382,1,-5,-136
1767173857.1742382,-1,-7,-135
1767173857.1842382,-1,-6,-132
1767173857.1942382,2,-4,-126
1767173857.2042382,2,-3,-129
1767173857.2142382,0,-4,-129
1767173857.2242382,2,-5,-128
1767173857.234238,0,-6,-127
1767173857.244238,2,-6,-124
1767173857.254238,3,-5,-123
1767173857.264238,8,2,-127
1767173857.274238,6,3,-125
1767173857.284238,4,2,-122
1767173857.294238,2,5,-119
1767173857.304238,1,3,-117
1767173857.314238,3,1,-115
1767173857.324238,2,-3,-117
1767173857.334238,2,-2,-115
1767173857.344238,1,-1,-114
1767173857.3542385,-1,-4,-111
1767173857.3642385,-1,-5,-115
1767173857.3742385,1,-7,-124
1767173857.3842382,0,-4,-122
1767173857.3942382,0,-3,-125
1767173857.4042382,0,-1,-124
1767173857.4142382,1,0,-126
1767173857.4242382,0,-3,-124
1767173857.4342382,0,-6,-123
1767173857.4442382,-1,-3,-127
1767173857.4542382,0,-6,-128
1767173857.4642382,0,-9,-127
1767173857.4742382,-3,-10,-127
1767173857.484238,-4,-11,-132
1767173857.494238,-2,-7,-134
1767173857.504238,1,-3,-130
1767173857.514238,3,-4,-132
1767173857.524238,3,-6,-129
1767173857.534238,3,-10,-134
1767173857.544238,5,-8,-133
1767173857.554238,8,-6,-130
1767173857.564238,5,-6,-131
1767173857.574238,0,-4,-138
1767173857.584238,0,-2,-138
1767173857.594238,0,-5,-135
1767173857.6042385,0,0,-135
1767173857.6142385,0,0,-130
1767173857.6242385,-3,0,-127
1767173857.6342382,-7,2,-127
1767173857.6442382,-6,0,-128
1767173857.6542382,-3,-3,-126
1767173857.6642382,-5,-7,-124
1767173857.6742382,-12,-9,-125
1767173857.6842382,-7,-7,-121
1767173857.6942382,-10,-5,-127
1767173857.7042382,-9,-1,-138
1767173857.7142382,-7,3,-142
1767173857.7242382,-7,3,-145
1767173857.734238,-6,4,-145
1767173857.744238,0,1,-144
1767173857.754238,-2,0,-145
1767173857.764238,-3,-1,-137
1767173857.774238,0,-1,-136
1767173857.784238,2,-2,-140
1767173857.794238,2,-1,-140
1767173857.804238,-3,-1,-131
1767173857.814238,-5,-3,-130
1767173857.824238,-5,-5,-132
1767173857.834238,-4,-3,-130
1767173857.844238,-1,0,-127
1767173857.8542385,4,0,-126
1767173857.8642385,4,-2,-125
1767173857.8742385,4,0,-120
1767173857.8842382,6,0,-123
1767173857.8942382,7,2,-126
1767173857.9042382,7,2,-123
1767173857.9142382,8,-1,-125
1767173857.9242382,6,-1,-126
1767173857.9342382,9,1,-128
1767173857.9442382,8,0,-130
1767173857.9542382,9,-3,-132
1767173857.9642382,9,-3,-134
1767173857.9742382,5,-1,-138
1767173857.984238,3,0,-135
1767173857.994238,3,1,-133
1767173858.004238,4,0,-129
1767173858.014238,3,0,-130
1767173858.024238,5,0,-128
1767173858.034238,-2,0,-116
1767173858.044238,-5,-3,-116
1767173858.054238,-5,-2,-123
1767173858.064238,-4,0,-121
1767173858.074238,-2,0,-121
1767173858.084238,-4,1,-119
1767173858.094238,-8,2,-128
1767173858.1042385,-7,1,-127
1767173858.1142385,-7,3,-125
1767173858.1242385,-11,2,-131
1767173858.1342382,-8,2,-125
1767173858.1442382,-8,4,-118
1767173858.1542382,-3,0,-120
1767173858.1642382,-4,-1,-121
1767173858.1742382,-4,-4,-125
1767173858.1842382,-7,-3,-122
1767173858.1942382,-7,-1,-121
1767173858.2042382,-3,-4,-124
1767173858.2142382,-4,-6,-127
1767173858.2242382,-3,-6,-127
1767173858.234238,1,-7,-126
1767173858.244238,1,-8,-124
1767173858.254238,3,-6,-126
1767173858.264238,2,-4,-126
1767173858.274238,0,-4,-128
1767173858.284238,-1,-7,-125
1767173858.294238,0,-9,-125
1767173858.304238,1,-6,-124
1767173858.314238,7,-7,-125
1767173858.324238,7,-8,-126
1767173858.334238,8,-3,-131
1767173858.344238,3,-2,-129
1767173858.3542385,4,2,-128
1767173858.3642385,9,2,-129
1767173858.3742385,5,0,-128
1767173858.3842382,5,-5,-123
1767173858.3942382,2,-7,-125
1767173858.4042382,0,-11,-122
1767173858.4142382,0,-8,-119
1767173858.4242382,0,-2,-118
1767173858.4342382,0,-4,-121
1767173858.4442382,2,-2,-124
1767173858.4542382,0,-2,-127
1767173858.4642382,0,-1,-123
1767173858.4742382,2,-2,-125
1767173858.484238,1,-1,-126
1767173858.494238,0,-3,-124
1767173858.504238,0,-6,-126
1767173858.514238,-2,-5,-133
1767173858.524238,-1,-5,-129
1767173858.534238,0,-6,-125
1767173858.544238,0,-11,-127
1767173858.554238,-1,-9,-135
1767173858.564238,-1,-3,-133
1767173858.574238,-2,0,-128
1767173858.584238,1,0,-123
1767173858.594238,0,1,-124
1767173858.6042385,4,1,-123
1767173858.6142385,3,0,-121
1767173858.6242385,2,-1,-123
1767173858.6342382,0,-2,-121
1767173858.6442382,3,0,-124
1767173858.6542382,4,-3,-122
1767173858.6642382,0,0,-125
1767173858.6742382,1,-1,-126
1767173858.6842382,1,-1,-123
1767173858.6942382,0,1,-122
1767173858.7042382,0,5,-119
1767173858.7142382,1,6,-125
1767173858.7242382,1,5,-127
1767173858.734238,1,3,-126
1767173858.744238,4,2,-126
1767173858.754238,3,2,-132
1767173858.764238,1,4,-133
1767173858.774238,-2,6,-124
1767173858.784238,-6,5,-121
1767173858.794238,0,8,-119
1767173858.804238,-1,5,-118
1767173858.814238,-6,1,-116
1767173858.824238,-4,0,-117
1767173858.834238,-7,-4,-114
1767173858.844238,-3,-2,-116
1767173858.8542385,0,-6,-126
1767173858.8642385,-1,-5,-128
1767173858.8742385,0,-4,-128
1767173858.8842382,-2,-2,-128
1767173858.8942382,-2,1,-128
1767173858.9042382,-3,2,-129
1767173858.9142382,-2,-1,-126
1767173858.9242382,-1,-1,-123
1767173858.9342382,0,0,-125
1767173858.9442382,0,-1,-130
1767173858.9542382,-1,-3,-129
1767173858.9642382,0,-9,-120
1767173858.9742382,-1,-8,-116
1767173858.984238,-4,-9,-117
1767173858.994238,-2,-9,-116
1767173859.004238,-4,-6,-121
1767173859.014238,-5,-2,-126
1767173859.024238,-4,-5,-124
1767173859.034238,-3,-5,-128
1767173859.044238,0,-5,-129
1767173859.054238,-4,-5,-130
1767173859.064238,-6,-4,-124
1767173859.074238,-7,-3,-122
1767173859.084238,-3,-5,-123
1767173859.094238,-4,-4,-123
1767173859.1042385,-4,-4,-122
1767173859.1142385,-3,-4,-119
1767173859.1242385,2,-1,-121
1767173859.1342382,1,0,-125
1767173859.1442382,0,1,-126
1767173859.1542382,0,3,-123
1767173859.1642382,3,5,-119
1767173859.1742382,0,7,-125
1767173859.185238,0,9,-123
1767173859.1942382,0,6,-123
1767173859.2042382,6,4,-122
1767173859.2142382,3,0,-119
1767173859.2242382,0,3,-115
1767173859.235238,1,4,-114
1767173859.245238,0,1,-111
1767173859.254238,0,-4,-109
1767173859.265238,5,-7,-114
1767173859.275238,4,-7,-110
1767173859.2852385,4,-7,-114
1767173859.2952385,1,-2,-122
1767173859.3052382,1,-5,-124
1767173859.3152382,-1,-8,-120
1767173859.3252382,-2,-4,-118
1767173859.3352382,-2,-8,-117
1767173859.3452382,3,-6,-121
1767173859.3552382,6,-6,-121
1767173859.3652382,1,-5,-122
1767173859.3752382,4,-5,-132
1767173859.3852382,4,-5,-135
1767173859.3952382,4,-9,-130
1767173859.4052382,4,-9,-128
1767173859.415238,6,-10,-126
1767173859.425238,2,-10,-127
1767173859.435238,2,-9,-126
1767173859.445238,0,-4,-120
1767173859.455238,-2,-3,-121
1767173859.465238,-1,-4,-120
1767173859.475238,4,-6,-118
1767173859.485238,6,-2,-117
1767173859.495238,7,-5,-118
1767173859.505238,3,-6,-116
1767173859.515238,1,-2,-113
1767173859.525238,5,5,-112
1767173859.5352385,6,1,-119
1767173859.5452385,4,1,-120
1767173859.5552382,4,3,-121
1767173859.5652382,1,6,-118
1767173859.5752382,-1,5,-125
1767173859.5852382,-3,4,-128
1767173859.5952382,0,3,-131
1767173859.6052382,5,2,-138
1767173859.6152382,5,1,-138
1767173859.6252382,6,-4,-128
1767173859.6352382,2,-5,-127
1767173859.6452382,0,-3,-129
1767173859.6552382,2,-2,-130
1767173859.665238,0,-5,-125
1767173859.675238,-2,-6,-118
1767173859.685238,-4,-7,-116
1767173859.695238,-5,-4,-113
1767173859.705238,-3,-3,-117
1767173859.715238,1,-6,-115
1767173859.725238,-1,-6,-123
1767173859.735238,2,-9,-129
1767173859.745238,1,-10,-134
1767173859.755238,1,-10,-138
1767173859.765238,5,-3,-135
1767173859.775238,4,-1,-130
1767173859.7852385,-2,-3,-125
1767173859.7952385,0,-5,-123
1767173859.8052382,-1,-4,-118
1767173859.8152382,-3,-5,-122
1767173859.8252382,2,-4,-123
1767173859.8352382,3,-5,-126
1767173859.8452382,5,0,-126
1767173859.8552382,0,1,-122
1767173859.8652382,4,0,-117
1767173859.8752382,7,1,-120
1767173859.8852382,2,5,-126
1767173859.8952382,1,6,-126
1767173859.9052382,-4,8,-123
1767173859.915238,0,2,-128
1767173859.925238,0,3,-132
1767173859.935238,6,5,-136
1767173859.945238,9,3,-135
1767173859.955238,8,3,-133
1767173859.965238,3,1,-132
1767173859.975238,-2,5,-131
1767173859.985238,0,6,-128
1767173859.995238,2,1,-121
1767173860.005238,3,1,-119
1767173860.015238,0,0,-122
1767173860.025238,0,0,-129
1767173860.0352385,4,-2,-122
1767173860.0452385,4,-5,-125
1767173860.0552382,2,-8,-119
1767173860.0652382,-2,-5,-119
1767173860.0752382,-3,-5,-118
1767173860.0852382,-1,-1,-118
1767173860.0952382,-2,-4,-118
1767173860.1052382,0,-5,-118
1767173860.1152382,-4,-4,-116
1767173860.1252382,-4,-3,-119
1767173860.1352382,0,0,-126
1767173860.1452382,3,-2,-125
1767173860.1552382,7,-6,-126
1767173860.165238,3,-6,-125
1767173860.175238,0,-7,-124
1767173860.185238,0,-6,-119
1767173860.195238,1,-6,-127
1767173860.205238,-1,-6,-138
1767173860.215238,-1,-6,-139
1767173860.225238,0,-7,-141
1767173860.235238,4,-7,-147
1767173860.245238,3,-4,-142
1767173860.255238,3,-3,-140
1767173860.265238,4,-1,-133
1767173860.275238,5,-6,-129
1767173860.2852385,3,-7,-130
1767173860.2952385,1,-7,-135
1767173860.3052382,2,-6,-129
1767173860.3152382,1,-1,-133
1767173860.3252382,-3,-1,-134
1767173860.3352382,1,-1,-135
1767173860.3452382,5,-2,-127
1767173860.3552382,4,-1,-129
1767173860.3652382,3,-2,-123
1767173860.3752382,5,0,-124
1767173860.3852382,3,0,-128
1767173860.3952382,5,0,-122
1767173860.4052382,8,3,-126
1767173860.415238,7,6,-125
1767173860.425238,3,4,-128
1767173860.435238,-3,1,-120
1767173860.445238,-6,0,-118
1767173860.455238,-9,-3,-115
1767173860.465238,-10,-2,-119
1767173860.475238,-8,-2,-122
1767173860.485238,-8,-1,-115
1767173860.495238,-9,0,-114
1767173860.505238,-5,0,-119
1767173860.515238,-1,0,-125
1767173860.525238,-5,-1,-126
1767173860.5352385,-3,2,-121
1767173860.5452385,0,0,-124
1767173860.5552382,0,-1,-127
1767173860.5652382,2,-5,-127
1767173860.5752382,-1,-3,-131
1767173860.5852382,-2,0,-136
1767173860.5952382,0,-2,-129
1767173860.6052382,0,-3,-124
1767173860.6152382,0,-4,-124
1767173860.6252382,0,-6,-132
1767173860.6352382,-2,-9,-126
1767173860.6452382,-3,-9,-126
1767173860.6552382,-5,-7,-135
1767173860.665238,-5,-8,-137
1767173860.675238,-3,-8,-137
1767173860.685238,-3,-8,-135
1767173860.695238,-3,-5,-134
1767173860.705238,-1,-4,-133
1767173860.715238,6,-5,-129
1767173860.725238,4,-3,-133
1767173860.735238,5,-2,-133
1767173860.745238,3,0,-128
1767173860.755238,1,0,-123
1767173860.765238,-1,-3,-124
1767173860.775238,0,-2,-119
1767173860.7852385,0,-2,-120
1767173860.7952385,-2,0,-120
1767173860.8052382,0,-3,-121
1767173860.8152382,1,-1,-123
1767173860.8252382,1,0,-126
1767173860.8352382,0,0,-126
1767173860.8452382,1,0,-129
1767173860.8552382,-2,0,-130
1767173860.8652382,0,-5,-128
1767173860.8752382,-1,-5,-122
1767173860.8852382,0,-1,-123
1767173860.8952382,4,0,-124
1767173860.9052382,1,0,-124
1767173860.915238,-2,-3,-126
1767173860.925238,-1,-6,-124
1767173860.935238,1,-6,-120
1767173860.945238,0,0,-121
1767173860.955238,-2,-2,-125
1767173860.965238,-6,0,-124
1767173860.9762385,-7,-1,-119
1767173860.985238,-3,-1,-123
1767173860.995238,-2,-2,-128
1767173861.005238,-5,-6,-128
1767173861.015238,-4,-3,-124
1767173861.025238,-3,-3,-129
1767173861.0352385,-5,-1,-130
1767173861.0452385,-3,-1,-126
1767173861.0552382,-8,-4,-126
1767173861.0652382,-6,-4,-122
1767173861.0752382,-6,-1,-122
1767173861.0852382,-6,0,-123
1767173861.0952382,-3,2,-120
1767173861.1052382,-5,0,-121
1767173861.1152382,-2,-1,-119
1767173861.1252382,1,-2,-119
1767173861.1352382,-1,0,-118
1767173861.1452382,-3,4,-118
1767173861.1552382,1,1,-119
1767173861.165238,2,2,-120
1767173861.175238,2,3,-126
1767173861.185238,4,5,-122
1767173861.195238,2,1,-121
1767173861.205238,0,-1,-124
1767173861.215238,0,-2,-120
1767173861.225238,0,-6,-122
1767173861.235238,2,-8,-124
1767173861.245238,3,-7,-123
1767173861.255238,3,-5,-124
1767173861.265238,1,-6,-125
1767173861.275238,2,-5,-128
1767173861.2852385,3,-1,-129
1767173861.2952385,-1,-1,-138
1767173861.3052382,2,-4,-134
1767173861.3152382,2,-5,-131
1767173861.3252382,1,-8,-131
1767173861.3352382,0,-1,-128
1767173861.3452382,-6,0,-130
1767173861.3552382,-2,-1,-126
1767173861.3652382,3,-1,-124
1767173861.3752382,5,0,-118
1767173861.3852382,3,0,-119
1767173861.3952382,4,-3,-122
1767173861.4052382,10,-5,-123
1767173861.415238,6,-1,-123
1767173861.425238,3,2,-125
1767173861.435238,1,1,-121
1767173861.445238,4,0,-109
1767173861.455238,1,0,-114
1767173861.465238,0,1,-122
1767173861.475238,2,0,-124
1767173861.485238,1,0,-124
1767173861.495238,1,-1,-122
1767173861.505238,0,-1,-126
1767173861.515238,-1,-3,-124
1767173861.525238,-2,-5,-122
1767173861.5352385,-6,2,-125
1767173861.5452385,-3,-1,-124
1767173861.5552382,0,-5,-127
1767173861.5652382,-1,-1,-121
1767173861.5752382,1,-3,-118
1767173861.5852382,1,-6,-121
1767173861.5952382,1,-14,-124
1767173861.6052382,2,-12,-128
1767173861.6152382,2,-10,-131
1767173861.6252382,-1,-11,-133
1767173861.6352382,-1,-10,-134
1767173861.6452382,-2,-9,-133
1767173861.6552382,0,-6,-142
1767173861.665238,1,-1,-133
1767173861.675238,0,0,-123
1767173861.685238,0,-5,-121
1767173861.695238,1,-2,-123
1767173861.705238,1,-2,-130
1767173861.715238,2,-3,-132
1767173861.725238,1,-3,-133
1767173861.735238,-1,-1,-133
1767173861.745238,-2,0,-124
1767173861.755238,2,2,-121
1767173861.765238,0,7,-129
1767173861.775238,0,6,-129
1767173861.7852385,0,4,-127
1767173861.7952385,0,3,-126
1767173861.817238,-4,0,-118
1767173861.8252382,-5,-2,-116
1767173861.8352382,-1,-2,-116
1767173861.8452382,-2,-1,-124
1767173861.8552382,-3,0,-131
1767173861.8652382,-1,-1,-121
1767173861.876238,-2,-7,-118
1767173861.886238,-5,-8,-123
1767173861.8952382,-6,-2,-124
1767173861.906238,-5,0,-120
1767173861.916238,-4,0,-118
1767173861.926238,0,0,-120
1767173861.936238,3,-2,-124
1767173861.946238,1,-4,-132
1767173861.9562385,-7,-5,-130
1767173861.9662385,-10,-5,-122
1767173861.9762385,-8,-4,-116
1767173861.9862382,-4,-1,-118
1767173861.9962382,-3,0,-124
1767173862.0062382,-2,-1,-130
1767173862.0162382,-1,-3,-128
1767173862.0262382,-3,-2,-123
1767173862.0362382,-2,0,-122
1767173862.0462382,-5,0,-116
1767173862.0562382,-4,-2,-120
1767173862.0662382,-3,1,-124
1767173862.0762382,-1,0,-126
1767173862.086238,3,-3,-122
1767173862.096238,4,-6,-119
1767173862.106238,2,-1,-127
1767173862.116238,0,-2,-127
1767173862.126238,-2,-3,-128
1767173862.136238,-8,-3,-127
1767173862.146238,-10,-3,-130
1767173862.156238,-4,-2,-122
1767173862.166238,0,-2,-129
1767173862.176238,0,-1,-128
1767173862.186238,5,-4,-122
1767173862.196238,9,-7,-126
1767173862.2062385,9,-6,-128
1767173862.2162385,10,-2,-124
1767173862.2262385,7,-3,-122
1767173862.2362382,2,2,-125
1767173862.2462382,2,5,-125
1767173862.2562382,2,4,-129
1767173862.2662382,-1,0,-131
1767173862.2762382,-2,0,-130
1767173862.2862382,0,-2,-128
1767173862.2962382,0,-2,-121
1767173862.3062382,3,-2,-122
1767173862.3162382,0,2,-124
1767173862.3262382,4,1,-121
1767173862.336238,2,-1,-123
1767173862.346238,0,-3,-119
1767173862.356238,1,0,-112
1767173862.366238,0,0,-115
1767173862.376238,-1,0,-119
1767173862.386238,-1,4,-121
1767173862.396238,-1,0,-129
1767173862.406238,-1,-1,-130
1767173862.416238,0,-3,-128
1767173862.426238,0,-6,-126
1767173862.436238,2,-3,-128
1767173862.446238,1,-4,-133
1767173862.4562385,0,-8,-130
1767173862.4662385,0,-1,-128
1767173862.4762385,1,0,-133
1767173862.4862382,0,-1,-133
1767173862.4962382,-3,-3,-130
1767173862.5062382,-3,-5,-131
1767173862.5162382,0,-7,-127
1767173862.5262382,0,-6,-125
1767173862.5362382,0,-5,-129
1767173862.5462382,1,-7,-131
1767173862.5562382,4,-10,-133
1767173862.5662382,3,-6,-125
1767173862.5762382,-3,0,-121
1767173862.586238,-5,-1,-118
1767173862.596238,-4,-2,-119
1767173862.606238,-1,0,-120
1767173862.616238,3,0,-124
1767173862.626238,7,1,-120
1767173862.636238,4,3,-115
1767173862.646238,5,3,-111
1767173862.656238,6,0,-111
1767173862.666238,6,2,-111
1767173862.676238,6,0,-113
1767173862.686238,2,0,-120
1767173862.696238,-1,1,-117
1767173862.7062385,0,3,-116
1767173862.7162385,5,0,-118
1767173862.7262385,5,2,-119
1767173862.7362382,1,1,-115
1767173862.7462382,3,-1,-115
1767173862.7562382,2,0,-118
1767173862.7662382,5,-2,-126
1767173862.7762382,3,-7,-129
1767173862.7862382,0,-5,-134
1767173862.7962382,3,-2,-132
1767173862.8062382,2,-1,-133
1767173862.8162382,6,-1,-135
1767173862.8262382,6,-2,-142
1767173862.836238,5,-1,-145
1767173862.846238,1,4,-141
1767173862.856238,1,3,-134
1767173862.866238,-3,3,-135
1767173862.876238,-3,4,-135
1767173862.886238,-2,0,-135
1767173862.896238,-2,-2,-137
1767173862.906238,0,0,-129
1767173862.916238,3,2,-127
1767173862.926238,2,1,-125
1767173862.936238,-3,0,-123
1767173862.946238,-3,0,-126
1767173862.9562385,3,2,-130
1767173862.9662385,1,4,-133
1767173862.9762385,1,3,-131
1767173862.9862382,2,4,-127
1767173862.9962382,0,4,-122
1767173863.0062382,-2,8,-120
1767173863.0162382,-6,5,-128
1767173863.0262382,-3,1,-127
1767173863.0362382,-7,-2,-129
1767173863.0462382,-4,-2,-129
1767173863.0562382,-6,1,-130
1767173863.0662382,0,0,-129
1767173863.0762382,0,-1,-133
1767173863.086238,4,-3,-136
1767173863.096238,7,-6,-129
1767173863.106238,4,-6,-129
1767173863.116238,0,-1,-133
1767173863.126238,0,-5,-136
1767173863.136238,2,-8,-135
1767173863.146238,7,-8,-137
1767173863.156238,4,-8,-136
1767173863.166238,0,-8,-137
1767173863.176238,0,-4,-128
1767173863.186238,-4,-5,-117
1767173863.196238,-5,-5,-119
1767173863.2062385,-6,-10,-124
1767173863.2162385,-3,-9,-122
1767173863.2262385,-2,-4,-120
1767173863.2362382,-5,-4,-120
1767173863.2462382,-3,1,-122
1767173863.2562382,-3,-2,-119
1767173863.2662382,-3,-3,-118
1767173863.2762382,0,-4,-125
1767173863.2862382,-4,-6,-124
1767173863.2962382,-3,-5,-121
1767173863.3062382,-3,-3,-125
1767173863.3162382,0,-3,-118
1767173863.3262382,1,-5,-119
1767173863.336238,3,-3,-113
1767173863.346238,1,-2,-116
1767173863.356238,-2,0,-120
1767173863.366238,-1,-1,-117
1767173863.376238,-9,0,-120
1767173863.386238,-8,-2,-120
1767173863.396238,-5,-4,-120
1767173863.406238,0,-2,-121
1767173863.416238,-4,0,-120
1767173863.426238,-2,0,-116
1767173863.436238,-2,1,-108
1767173863.446238,-2,0,-107
1767173863.4562385,0,-2,-115
1767173863.4662385,0,1,-117
1767173863.4762385,-4,3,-121
1767173863.4862382,-5,1,-123
1767173863.4962382,-4,2,-130
1767173863.5062382,-5,1,-121
1767173863.5162382,-7,-1,-122
1767173863.5262382,-6,-2,-123
1767173863.5362382,-4,-5,-126
1767173863.5462382,-5,-5,-130
1767173863.5562382,-7,-6,-132
1767173863.5662382,-7,-9,-127
1767173863.5762382,-8,-7,-125
1767173863.586238,-6,-7,-127
1767173863.596238,-3,-1,-124
1767173863.606238,-2,-1,-124
1767173863.616238,1,1,-123
1767173863.626238,1,3,-125
1767173863.636238,-1,-1,-130
1767173863.646238,0,-3,-133
1767173863.656238,-2,-2,-130
1767173863.666238,-4,-2,-133
1767173863.676238,-2,0,-131
1767173863.686238,0,2,-126
1767173863.696238,0,2,-121
1767173863.7062385,0,0,-124
1767173863.7162385,0,1,-123
1767173863.7262385,-4,1,-123
1767173863.7362382,-4,0,-131
1767173863.7462382,-8,-1,-128
1767173863.7562382,-11,-6,-124
1767173863.7662382,-11,-8,-126
1767173863.7762382,-8,-5,-121
1767173863.7862382,-2,-7,-129
1767173863.7962382,3,-6,-129
1767173863.8062382,7,-5,-132
1767173863.8162382,14,-4,-135
1767173863.8262382,15,-4,-129
1767173863.836238,15,-4,-129
1767173863.846238,12,-5,-134
1767173863.856238,8,-2,-130
1767173863.866238,8,-3,-131
1767173863.876238,11,0,-127
1767173863.886238,9,0,-128
1767173863.896238,4,-1,-129
1767173863.906238,0,-2,-128
1767173863.916238,-2,-4,-123
1767173863.926238,-6,-4,-125
1767173863.936238,-2,-4,-131
1767173863.946238,0,-2,-136
1767173863.9562385,-2,-5,-134
1767173863.9662385,-2,-2,-125
1767173863.9762385,-3,0,-119
1767173863.9862382,0,0,-113
1767173863.9962382,2,0,-114
1767173864.0062382,0,0,-124
1767173864.0162382,-1,3,-126
1767173864.0262382,1,5,-129
1767173864.0362382,4,3,-127
1767173864.0462382,0,5,-121
1767173864.0562382,-1,5,-125
1767173864.0662382,1,0,-120
1767173864.0762382,5,1,-128
1767173864.086238,7,0,-131
1767173864.096238,7,-3,-128
1767173864.106238,6,-4,-127
1767173864.116238,4,-2,-122
1767173864.126238,2,3,-122
1767173864.136238,2,3,-124
1767173864.146238,-2,3,-128
1767173864.156238,0,4,-129
1767173864.166238,0,5,-124
1767173864.176238,-2,2,-125
1767173864.186238,0,-4,-128
1767173864.196238,0,-6,-126
1767173864.2062385,0,-3,-123
1767173864.2162385,4,-3,-119
1767173864.2262385,2,-4,-128
1767173864.2362382,0,-3,-129
1767173864.2462382,0,-1,-133
1767173864.2562382,-1,1,-130
1767173864.2662382,0,0,-127
1767173864.2762382,-5,-2,-122
1767173864.2862382,0,0,-122
1767173864.2962382,0,0,-124
1767173864.3062382,3,-6,-122
1767173864.3162382,4,-5,-118
1767173864.3262382,1,-3,-126
1767173864.336238,0,-1,-126
1767173864.346238,0,-3,-125
1767173864.356238,0,-2,-127
1767173864.366238,-2,-8,-131
1767173864.376238,0,-7,-124
1767173864.386238,-2,-5,-124
1767173864.396238,-3,-3,-127
1767173864.406238,-3,0,-123
1767173864.416238,-3,2,-130
1767173864.426238,-2,0,-134
1767173864.436238,0,-1,-134
1767173864.446238,-5,-4,-127
1767173864.4562385,-6,-7,-128
1767173864.4662385,-8,-3,-128
1767173864.4762385,-7,-4,-133
1767173864.4862382,-6,-7,-130
1767173864.4962382,-2,-6,-125
1767173864.5062382,2,-5,-133
1767173864.517238,4,-4,-136
1767173864.5262382,8,-1,-139
1767173864.537238,5,-1,-135
1767173864.547238,7,0,-129
1767173864.557238,7,0,-121
1767173864.567238,5,1,-117
1767173864.5762382,-2,0,-109
1767173864.587238,-6,0,-109
1767173864.597238,-4,0,-109
1767173864.607238,-5,-1,-111
1767173864.617238,0,-3,-112
1767173864.626238,-1,-5,-117
1767173864.6372385,-3,-7,-118
1767173864.6472385,1,-5,-120
1767173864.6572382,-3,-2,-120
1767173864.6672382,1,0,-123
1767173864.676238,6,0,-123
1767173864.6872382,8,2,-125
1767173864.6972382,0,0,-129
1767173864.7072382,-5,1,-133
1767173864.7172382,-4,0,-137
1767173864.7272382,-2,-2,-134
1767173864.7372382,-4,-3,-125
1767173864.7472382,1,0,-127
1767173864.757238,3,-1,-118
1767173864.767238,-3,-4,-114
1767173864.777238,-1,-4,-116
1767173864.787238,-1,0,-125
1767173864.797238,-2,0,-131
1767173864.807238,-1,-1,-130
1767173864.817238,0,-2,-130
1767173864.827238,4,-4,-136
1767173864.837238,6,-4,-131
1767173864.847238,6,-3,-128
1767173864.857238,6,-3,-126
1767173864.867238,12,-1,-124
1767173864.877238,9,-1,-121
1767173864.8872385,12,0,-127
1767173864.8972385,8,0,-124
1767173864.9072382,2,0,-120
1767173864.9172382,-1,-3,-119
1767173864.9272382,-2,-1,-121
1767173864.9372382,-1,-3,-115
1767173864.9472382,0,-2,-110
1767173864.9572382,0,-1,-116
1767173864.9672382,-1,-4,-117
1767173864.9772382,0,0,-122
1767173864.9872382,-1,1,-122
1767173864.9972382,-1,1,-123
1767173865.007238,0,2,-123
1767173865.017238,-4,6,-120
1767173865.027238,0,3,-120
1767173865.037238,1,0,-121
1767173865.047238,1,1,-128
1767173865.057238,1,1,-129
1767173865.067238,2,-1,-130
1767173865.077238,3,0,-130
1767173865.087238,1,2,-129
1767173865.097238,-2,3,-124
1767173865.107238,-1,5,-124
1767173865.117238,0,1,-127
1767173865.127238,1,-4,-125
1767173865.1372385,2,-6,-123
1767173865.1472385,2,-4,-127
1767173865.1572382,3,-3,-127
1767173865.1672382,1,-6,-126
1767173865.1772382,0,1,-124
1767173865.1872382,-4,0,-116
1767173865.1972382,-4,-3,-116
1767173865.2072382,-3,-6,-112
1767173865.2172382,-5,-4,-112
1767173865.2272382,-6,0,-117
1767173865.2372382,-5,0,-113
1767173865.2472382,0,-1,-113
1767173865.257238,0,-6,-118
1767173865.267238,1,-5,-118
1767173865.277238,0,-3,-123
1767173865.287238,0,-1,-122
1767173865.297238,1,2,-122
1767173865.307238,0,1,-119
1767173865.317238,-1,-2,-114
1767173865.327238,-1,-2,-109
1767173865.337238,1,-1,-97
1767173865.347238,-2,-3,-94
1767173865.357238,-4,-7,-98
1767173865.367238,-5,-2,-104
1767173865.377238,0,-1,-113
1767173865.3872385,0,2,-120
1767173865.3972385,-5,3,-123
1767173865.4072382,-8,5,-125
1767173865.4172382,-6,5,-123
1767173865.4272382,-5,3,-123
1767173865.4372382,-8,-1,-125
1767173865.4472382,-6,-5,-130
1767173865.4572382,-6,0,-131
1767173865.4672382,-5,0,-132
1767173865.4772382,-2,-3,-132
1767173865.4872382,-1,-1,-138
1767173865.4972382,1,-1,-138
1767173865.507238,0,-1,-140
1767173865.517238,3,-2,-129
1767173865.527238,4,-2,-132
1767173865.537238,0,-1,-134
1767173865.547238,1,-1,-137
1767173865.557238,1,-3,-135
1767173865.567238,4,-1,-127
1767173865.577238,3,1,-129
1767173865.587238,4,5,-125
1767173865.597238,6,4,-125
1767173865.607238,8,2,-127
1767173865.617238,9,-1,-131
1767173865.627238,9,-2,-132
1767173865.6372385,4,2,-136
1767173865.6472385,1,5,-137
1767173865.6572382,-2,5,-135
1767173865.6672382,-4,0,-130
1767173865.6772382,-9,-3,-125
1767173865.6872382,-9,-6,-119
1767173865.6972382,-4,-4,-122
1767173865.7072382,-3,0,-126
1767173865.7172382,0,2,-125
1767173865.7272382,0,6,-123
1767173865.7372382,-4,2,-122
1767173865.7472382,-5,0,-122
1767173865.757238,-8,-1,-120
1767173865.767238,-5,0,-118
1767173865.777238,-5,-2,-129
1767173865.787238,-4,-1,-137
1767173865.797238,-1,0,-136
1767173865.807238,1,4,-130
1767173865.817238,3,0,-120
1767173865.827238,2,-1,-119
1767173865.837238,0,-4,-127
1767173865.847238,-1,-5,-133
1767173865.857238,0,-6,-130
1767173865.867238,5,-5,-123
1767173865.877238,6,-1,-119
1767173865.8872385,12,-2,-122
1767173865.8972385,12,-8,-124
1767173865.9072382,13,-3,-116
1767173865.9172382,13,-2,-116
1767173865.9272382,12,-6,-118
1767173865.9372382,12,-7,-119
1767173865.9472382,11,-5,-119
1767173865.9572382,8,-6,-121
1767173865.9672382,9,-6,-122
1767173865.9772382,7,-2,-118
1767173865.9872382,6,4,-120
1767173865.9972382,7,2,-121
1767173866.007238,16,6,-122
1767173866.017238,16,3,-118
1767173866.027238,17,0,-123
1767173866.037238,16,-3,-124
1767173866.047238,17,-4,-126
1767173866.057238,11,-7,-124
1767173866.067238,10,-8,-120
1767173866.077238,8,-5,-120
1767173866.087238,7,-5,-120
1767173866.097238,0,-4,-124
1767173866.107238,0,-4,-126
1767173866.117238,0,-5,-124
1767173866.127238,1,-7,-118
1767173866.1372385,-3,-6,-120
1767173866.1472385,-4,-4,-124
1767173866.1572382,-6,-3,-129
1767173866.1672382,-8,-2,-126
1767173866.1772382,-6,0,-123
1767173866.1872382,-8,1,-128
1767173866.1972382,-6,1,-127
1767173866.2072382,-3,1,-129
1767173866.2172382,-3,3,-128
1767173866.2272382,-5,2,-124
1767173866.2372382,-7,1,-123
1767173866.2472382,-4,0,-130
1767173866.257238,0,-5,-130
1767173866.267238,1,-9,-135
1767173866.277238,-4,-7,-132
1767173866.287238,-2,-2,-128
1767173866.297238,0,0,-123
1767173866.307238,-6,4,-118
1767173866.317238,-7,2,-119
1767173866.327238,-4,-1,-123
1767173866.337238,-2,2,-122
1767173866.347238,1,2,-124
1767173866.357238,2,1,-128
1767173866.367238,2,0,-124
1767173866.377238,2,2,-122
1767173866.3872385,-1,0,-128
1767173866.3972385,-1,1,-128
1767173866.4072382,0,0,-128
1767173866.4172382,3,-4,-124
1767173866.4272382,4,-7,-129
1767173866.4372382,1,-9,-134
1767173866.4472382,0,-7,-131
1767173866.4572382,-1,-7,-131
1767173866.4672382,3,-4,-125
1767173866.4772382,5,-4,-115
1767173866.4872382,5,-2,-118
1767173866.4972382,7,4,-116
1767173866.507238,7,3,-118
1767173866.517238,2,1,-125
1767173866.527238,0,-1,-126
1767173866.537238,-2,1,-134
1767173866.547238,0,3,-131
1767173866.557238,-1,1,-126
1767173866.567238,0,0,-124
1767173866.577238,0,2,-123
1767173866.587238,-4,0,-129
1767173866.597238,-6,1,-124
1767173866.607238,-4,-1,-120
1767173866.617238,-2,-1,-125
1767173866.627238,3,-4,-128
1767173866.6372385,-1,-8,-125
1767173866.6472385,1,-10,-123
1767173866.6572382,5,-12,-114
1767173866.6672382,4,-10,-115
1767173866.6772382,4,-8,-120
1767173866.6872382,1,-7,-119
1767173866.6972382,0,-7,-119
1767173866.7072382,-3,-4,-126
1767173866.7172382,-6,0,-127
1767173866.7272382,-9,-3,-122
1767173866.7372382,-7,-5,-121
1767173866.7472382,-3,-2,-123
1767173866.757238,0,0,-125
1767173866.767238,3,2,-126
1767173866.777238,0,4,-123
1767173866.787238,-1,1,-123
1767173866.797238,1,0,-125
1767173866.807238,1,2,-124
1767173866.8292382,6,5,-123
1767173866.837238,5,5,-122
1767173866.847238,6,5,-123
1767173866.857238,11,6,-122
1767173866.867238,8,4,-124
1767173866.877238,7,7,-126
1767173866.8872385,7,7,-128
1767173866.8972385,5,7,-133
1767173866.9072382,0,3,-133
1767173866.9172382,0,1,-132
1767173866.9272382,2,3,-130
1767173866.9372382,-4,3,-127
1767173866.9472382,-2,0,-128
1767173866.9572382,1,1,-127
1767173866.9672382,2,0,-123
1767173866.9772382,0,-4,-122
1767173866.9872382,2,-2,-118
1767173866.9972382,0,-2,-121
1767173867.007238,0,-3,-115
1767173867.017238,-5,-4,-111
1767173867.027238,-2,0,-112
1767173867.037238,-2,-2,-113
1767173867.047238,-2,-6,-119
1767173867.057238,-3,-8,-117
1767173867.067238,-2,-5,-122
1767173867.077238,2,-3,-116
1767173867.087238,4,-4,-119
1767173867.097238,6,-2,-116
1767173867.107238,3,0,-115
1767173867.117238,5,2,-118
1767173867.127238,5,0,-118
1767173867.1372385,6,0,-124
1767173867.1472385,2,0,-124
1767173867.1582382,4,0,-121
1767173867.1672382,6,0,-129
1767173867.1782382,7,1,-132
1767173867.188238,4,1,-133
1767173867.198238,0,0,-136
1767173867.208238,3,2,-138
1767173867.218238,6,6,-130
1767173867.228238,5,3,-123
1767173867.238238,3,3,-125
1767173867.248238,3,6,-127
1767173867.258238,1,5,-133
1767173867.268238,3,3,-133
1767173867.278238,2,1,-141
1767173867.288238,5,4,-142
1767173867.298238,4,0,-135
1767173867.3082385,3,-4,-131
1767173867.3182385,5,-5,-134
1767173867.3282382,0,-4,-135
1767173867.3382382,0,-1,-135
1767173867.3482382,1,0,-125
1767173867.3582382,3,-4,-125
1767173867.3682382,0,-3,-124
1767173867.3782382,-3,-8,-126
1767173867.3882382,-1,-9,-123
1767173867.3982382,-1,-7,-121
1767173867.4082382,-1,-3,-129
1767173867.4182382,0,-8,-134
1767173867.4282382,-1,-5,-138
1767173867.438238,-5,-6,-133
1767173867.448238,-4,-5,-127
1767173867.458238,-2,-4,-132
1767173867.468238,-2,3,-127
1767173867.478238,-4,7,-130
1767173867.488238,-5,4,-126
1767173867.498238,-2,5,-120
1767173867.508238,-2,6,-119
1767173867.518238,1,9,-126
1767173867.528238,0,3,-114
1767173867.538238,-2,-1,-114
1767173867.548238,0,-6,-116
1767173867.5582385,1,-2,-118
1767173867.5682385,0,-5,-117
1767173867.5782382,2,-5,-119
1767173867.5882382,-1,-5,-127
1767173867.5982382,-3,-1,-128
1767173867.6082382,-4,0,-126
1767173867.6182382,-1,-1,-121
1767173867.6282382,5,-4,-121
1767173867.6382382,4,1,-119
1767173867.6482382,2,0,-121
1767173867.6582382,-2,-1,-124
1767173867.6682382,-2,0,-122
1767173867.6782382,2,3,-117
1767173867.688238,0,3,-116
1767173867.698238,0,5,-117
1767173867.708238,2,3,-123
1767173867.718238,0,2,-127
1767173867.728238,-2,3,-134
1767173867.738238,0,0,-130
1767173867.748238,4,0,-130
1767173867.758238,1,-4,-130
1767173867.768238,-2,-2,-127
1767173867.778238,1,-1,-123
1767173867.788238,4,0,-117
1767173867.798238,3,-3,-121
1767173867.8082385,-2,-4,-119
1767173867.8182385,0,0,-112
1767173867.8282382,0,-1,-112
1767173867.8382382,0,-4,-118
1767173867.8482382,-2,-2,-123
1767173867.8582382,-1,2,-117
1767173867.8682382,-3,-3,-116
1767173867.8782382,0,-1,-117
1767173867.8882382,0,-2,-116
1767173867.8982382,2,0,-114
1767173867.9082382,-1,3,-111
1767173867.9182382,-2,0,-118
1767173867.9282382,0,-1,-126
1767173867.938238,-1,-4,-120
1767173867.948238,-3,-3,-116
1767173867.958238,3,-2,-116
1767173867.968238,3,-1,-122
1767173867.978238,2,-7,-116
1767173867.988238,-1,-7,-119
1767173867.998238,-3,-4,-112
1767173868.008238,-1,-6,-115
1767173868.018238,-3,-5,-122
1767173868.028238,-3,-5,-122
1767173868.038238,-2,-1,-122
1767173868.048238,2,0,-121
1767173868.0582385,5,0,-123
1767173868.0682385,1,-2,-127
1767173868.0782382,3,-7,-122
1767173868.0882382,2,-9,-119
1767173868.0982382,-1,-11,-116
1767173868.1082382,2,-9,-115
1767173868.1182382,1,-3,-116
1767173868.1282382,1,0,-127
1767173868.1382382,0,0,-124
1767173868.1482382,2,4,-126
1767173868.1582382,4,4,-121
1767173868.1682382,8,0,-123
1767173868.1782382,3,-4,-123
1767173868.188238,4,-2,-126
1767173868.198238,3,-4,-124
1767173868.208238,2,-2,-127
1767173868.218238,1,-4,-128
1767173868.228238,-1,-6,-124
1767173868.238238,2,-4,-126
1767173868.248238,2,-7,-123
1767173868.258238,5,-3,-118
1767173868.268238,3,1,-125
1767173868.278238,3,3,-129
1767173868.288238,1,-1,-129
1767173868.298238,2,0,-131
1767173868.3082385,0,-2,-131
1767173868.3182385,2,-9,-130
1767173868.3282382,1,-8,-129
1767173868.3382382,1,-6,-131
1767173868.3482382,2,-3,-127
1767173868.3582382,-3,-7,-126
1767173868.3682382,-2,-5,-118
1767173868.3782382,0,-7,-119
1767173868.3882382,-2,-7,-121
1767173868.3982382,-2,-5,-123
1767173868.4082382,-7,0,-118
1767173868.4182382,-4,-2,-119
1767173868.4282382,-2,0,-115
1767173868.438238,-8,1,-115
1767173868.448238,-5,0,-110
1767173868.458238,0,1,-115
1767173868.468238,0,0,-117
1767173868.478238,-1,0,-120
1767173868.488238,-2,1,-122
1767173868.498238,-2,-1,-124
1767173868.508238,1,-6,-123
1767173868.518238,-1,-9,-120
1767173868.528238,0,-5,-117
1767173868.538238,-3,-4,-122
1767173868.548238,-1,-2,-125
1767173868.5582385,-2,-1,-125
1767173868.5682385,2,-4,-124
1767173868.5782382,3,-2,-128
1767173868.5882382,4,0,-129
1767173868.5982382,1,-2,-121
1767173868.6082382,2,-3,-125
1767173868.6182382,3,-3,-134
1767173868.6282382,5,-5,-133
1767173868.6382382,5,-3,-129
1767173868.6482382,7,-1,-124
1767173868.6582382,8,1,-126
1767173868.6682382,8,1,-125
1767173868.6782382,5,0,-124
1767173868.688238,4,2,-127
1767173868.698238,4,3,-131
1767173868.708238,1,1,-131
1767173868.718238,1,3,-130
1767173868.728238,0,3,-128
1767173868.738238,-1,3,-124
1767173868.748238,-5,0,-123
1767173868.758238,-5,0,-121
1767173868.768238,-7,0,-124
1767173868.778238,-3,-2,-126
1767173868.788238,0,-1,-127
1767173868.798238,0,-1,-131
1767173868.8082385,3,0,-135
1767173868.8182385,5,0,-129
1767173868.8282382,0,0,-128
1767173868.8382382,0,0,-126
1767173868.8482382,1,3,-121
1767173868.8582382,2,1,-120
1767173868.8682382,2,1,-113
1767173868.8782382,8,2,-119
1767173868.8882382,2,0,-119
1767173868.8982382,2,-1,-120
1767173868.9082382,5,0,-123
1767173868.9182382,1,3,-118
1767173868.9282382,-3,3,-120
1767173868.938238,-10,1,-121
1767173868.948238,-6,-3,-129
1767173868.958238,-4,-2,-133
1767173868.968238,-3,-7,-121
1767173868.978238,0,-10,-126
1767173868.988238,0,-11,-131
1767173868.998238,-1,-11,-127
1767173869.008238,-2,-12,-133
1767173869.018238,-7,-7,-130
1767173869.028238,-7,-6,-132
1767173869.038238,-2,-6,-128
1767173869.048238,2,1,-124
1767173869.0582385,5,0,-121
1767173869.0682385,-1,-2,-124
1767173869.0782382,-4,-6,-123
1767173869.0882382,0,-2,-127
1767173869.0982382,0,0,-130
1767173869.1082382,1,0,-133
1767173869.1182382,0,1,-124
1767173869.1282382,-1,1,-126
1767173869.1382382,4,-3,-122
1767173869.1482382,6,-6,-125
1767173869.1582382,5,-6,-126
1767173869.1682382,6,-7,-122
1767173869.1782382,7,-5,-115
1767173869.188238,6,-5,-117
1767173869.198238,1,-7,-111
1767173869.208238,1,-5,-115
1767173869.218238,5,-6,-115
1767173869.228238,8,-4,-119
1767173869.238238,8,-7,-128
1767173869.248238,6,-11,-133
1767173869.258238,4,-9,-130
1767173869.268238,5,-9,-126
1767173869.278238,3,-8,-124
1767173869.288238,2,-4,-122
1767173869.298238,3,-3,-123
1767173869.3082385,7,-2,-128
1767173869.3182385,10,-5,-129
1767173869.3282382,5,-7,-127
1767173869.3382382,4,-8,-127
1767173869.3482382,1,-6,-126
1767173869.3582382,0,-5,-131
1767173869.3682382,2,-5,-132
1767173869.3782382,0,-5,-127
1767173869.3882382,1,-3,-121
1767173869.3982382,-1,-7,-129
1767173869.4082382,-3,-6,-122
1767173869.4182382,-1,-6,-130
1767173869.4282382,1,-2,-138
1767173869.438238,1,-3,-133
1767173869.448238,0,-3,-136
1767173869.458238,1,-4,-131
1767173869.468238,-3,-3,-131
1767173869.478238,-3,-1,-133
1767173869.488238,0,0,-137
1767173869.498238,3,0,-127
1767173869.508238,5,1,-121
1767173869.518238,2,1,-123
1767173869.528238,2,-2,-128
1767173869.538238,0,-2,-125
1767173869.548238,2,-3,-119
1767173869.5582385,5,-3,-121
1767173869.5682385,4,-3,-125
1767173869.5782382,0,1,-123
1767173869.5882382,0,1,-129
1767173869.5982382,-5,0,-128
1767173869.6082382,-9,0,-128
1767173869.6182382,-5,3,-133
1767173869.6282382,-6,1,-131
1767173869.6382382,-7,3,-131
1767173869.6482382,-1,-2,-128
1767173869.6582382,0,-5,-133
1767173869.6682382,2,-3,-132
1767173869.6782382,-2,-1,-130
1767173869.688238,-1,2,-119
1767173869.698238,-2,-1,-118
1767173869.708238,-8,1,-117
1767173869.718238,-6,1,-119
1767173869.728238,0,3,-123
1767173869.738238,0,4,-127
1767173869.748238,1,4,-127
1767173869.758238,1,2,-119
1767173869.7692382,5,-1,-119
1767173869.7792382,8,-3,-121
1767173869.788238,11,0,-126
1767173869.7992382,12,0,-124
1767173869.8082385,10,1,-122
1767173869.8192382,9,0,-124
1767173869.8292382,2,1,-125
1767173869.8392382,4,1,-126
1767173869.8492382,4,0,-128
1767173869.859238,3,3,-126
1767173869.869238,0,3,-122
1767173869.879238,1,3,-121
1767173869.889238,-1,0,-121
1767173869.899238,-1,-6,-122
1767173869.909238,-2,-5,-119
1767173869.919238,1,-6,-122
1767173869.929238,-1,-5,-117
1767173869.939238,-5,-8,-117
1767173869.949238,-6,-5,-119
1767173869.959238,-3,-3,-128
1767173869.969238,-2,-3,-133
1767173869.9792385,-2,-3,-129
1767173869.9892385,1,-1,-131
1767173869.9992385,2,-5,-131
1767173870.0092382,0,-7,-132
1767173870.0192382,2,-7,-128
1767173870.0292382,5,0,-129
1767173870.0392382,6,0,-125
1767173870.0492382,6,-1,-120
1767173870.0592382,6,-2,-123
1767173870.0692382,3,-1,-119
1767173870.0792382,6,-2,-122
1767173870.0892382,11,-1,-123
1767173870.0992382,9,0,-119
1767173870.109238,0,3,-116
1767173870.119238,-1,3,-113
1767173870.129238,0,-1,-121
1767173870.139238,2,-2,-124
1767173870.149238,3,-1,-123
1767173870.159238,1,-2,-117
1767173870.169238,2,-3,-115
1767173870.179238,0,-2,-116
1767173870.189238,0,0,-125
1767173870.199238,1,0,-128
1767173870.209238,4,-3,-123
1767173870.219238,1,-1,-121
1767173870.2292385,0,0,-121
1767173870.2392385,-2,-3,-117
1767173870.2492385,-3,-1,-122
1767173870.2592382,-1,2,-120
1767173870.2692382,-5,1,-128
1767173870.2792382,0,2,-134
1767173870.2892382,2,0,-129
1767173870.2992382,5,0,-126
1767173870.3092382,1,0,-120
1767173870.3192382,2,-4,-122
1767173870.3292382,6,-3,-123
1767173870.3392382,3,-4,-131
1767173870.3492382,5,-3,-130
1767173870.359238,4,-4,-126
1767173870.369238,4,-2,-129
1767173870.379238,5,-2,-127
1767173870.389238,7,-1,-137
1767173870.399238,8,-7,-134
1767173870.409238,8,-6,-139
1767173870.419238,6,-5,-137
1767173870.429238,4,-6,-130
1767173870.439238,-1,-4,-132
1767173870.449238,-3,-5,-126
1767173870.459238,-4,-7,-126
1767173870.469238,-6,-12,-126
1767173870.4792385,-7,-16,-127
1767173870.4892385,-5,-10,-131
1767173870.4992385,-2,-7,-134
1767173870.5092382,-1,-5,-139
1767173870.5192382,0,0,-133
1767173870.5292382,0,0,-137
1767173870.5392382,-1,0,-131
1767173870.5492382,-1,6,-125
1767173870.5592382,0,6,-125
1767173870.5692382,-6,3,-124
1767173870.5792382,-7,3,-121
1767173870.5892382,-5,1,-119
1767173870.5992382,-2,2,-120
1767173870.609238,-3,3,-118
1767173870.619238,-2,2,-120
1767173870.629238,-2,4,-121
1767173870.639238,-3,0,-129
1767173870.649238,-1,-3,-130
1767173870.659238,-1,0,-129
1767173870.669238,0,0,-122
1767173870.679238,0,0,-117
1767173870.689238,1,-2,-120
1767173870.699238,1,-6,-125
1767173870.709238,3,-5,-130
1767173870.719238,3,-4,-124
1767173870.7292385,0,-4,-127
1767173870.7392385,0,-4,-126
1767173870.7492385,-2,0,-124
1767173870.7592382,2,1,-122
1767173870.7692382,5,3,-125
1767173870.7792382,2,2,-115
1767173870.7892382,1,1,-120
1767173870.7992382,1,4,-122
1767173870.8092382,1,3,-120
1767173870.8192382,2,0,-121
1767173870.8292382,6,0,-127
1767173870.8392382,7,-2,-127
1767173870.8492382,7,-2,-121
1767173870.859238,10,0,-123
1767173870.869238,8,1,-124
1767173870.879238,8,-4,-124
1767173870.889238,7,-3,-127
1767173870.899238,7,-5,-125
1767173870.909238,4,-6,-122
1767173870.919238,4,-2,-115
1767173870.929238,4,-1,-112
1767173870.939238,1,2,-108
1767173870.949238,0,-4,-115
1767173870.959238,1,-3,-115
1767173870.969238,1,-4,-115
1767173870.9792385,3,-3,-118
1767173870.9892385,2,-3,-119
1767173870.9992385,0,-1,-126
1767173871.0092382,1,-1,-132
1767173871.0192382,-1,0,-128
1767173871.0292382,0,-1,-123
1767173871.0392382,-1,-1,-119
1767173871.0492382,-4,-2,-125
1767173871.0592382,-4,-2,-125
1767173871.0692382,2,0,-130
1767173871.0792382,4,1,-125
1767173871.0892382,8,0,-125
1767173871.0992382,5,2,-130
1767173871.109238,4,2,-129
1767173871.119238,3,1,-134
1767173871.129238,0,2,-133
1767173871.139238,0,4,-127
1767173871.149238,0,0,-120
1767173871.159238,-1,1,-118
1767173871.169238,0,0,-114
1767173871.179238,-4,1,-119
1767173871.189238,-4,0,-117
1767173871.199238,-2,0,-112
1767173871.209238,0,0,-115
1767173871.219238,-2,1,-104
1767173871.2292385,-2,-1,-108
1767173871.2392385,-3,-1,-122
1767173871.2492385,1,0,-131
1767173871.2592382,1,0,-131
1767173871.2692382,4,3,-129
1767173871.2792382,2,6,-124
1767173871.2892382,3,6,-123
1767173871.2992382,-1,1,-122
1767173871.3092382,-1,1,-125
1767173871.3192382,-9,2,-124
1767173871.3292382,-6,1,-128
1767173871.3392382,-4,1,-124
1767173871.3492382,-3,-1,-118
1767173871.359238,1,-4,-123
1767173871.369238,1,-2,-126
1767173871.379238,-3,-3,-129
1767173871.389238,-4,-3,-132
1767173871.399238,-7,-1,-132
1767173871.409238,-8,0,-127
1767173871.419238,-8,1,-126
1767173871.429238,-6,1,-131
1767173871.439238,-5,0,-126
1767173871.449238,0,3,-120
1767173871.459238,-2,1,-123
1767173871.469238,-3,-1,-122
1767173871.4792385,0,0,-130
1767173871.4892385,-6,1,-135
1767173871.4992385,-7,1,-134
1767173871.5092382,-6,-4,-127
1767173871.5192382,-8,-1,-126
1767173871.5292382,-7,0,-123
1767173871.5392382,-7,-1,-132
1767173871.5492382,-5,-2,-128
1767173871.5592382,-3,-2,-123
1767173871.5692382,-3,-3,-123
1767173871.5792382,-3,-2,-118
1767173871.5892382,0,-4,-120
1767173871.5992382,-5,-5,-123
1767173871.609238,-10,-6,-117
1767173871.619238,-12,-7,-124
1767173871.629238,-8,-6,-121
1767173871.639238,-4,-9,-125
1767173871.649238,-2,-8,-122
1767173871.659238,-2,-2,-130
1767173871.669238,-4,-6,-128
1767173871.679238,-3,-3,-124
1767173871.689238,-2,1,-133
1767173871.699238,-5,-2,-140
1767173871.709238,-6,-3,-135
1767173871.719238,-4,0,-137
1767173871.7292385,-7,0,-134
1767173871.7392385,-5,0,-134
1767173871.7492385,-2,0,-126
1767173871.7592382,1,0,-122
1767173871.7692382,0,0,-122
1767173871.7792382,0,1,-123
1767173871.7892382,0,2,-129
1767173871.7992382,0,1,-133
1767173871.8092382,-2,0,-130
1767173871.8192382,0,0,-128
1767173871.8412385,2,-1,-129
1767173871.8492382,2,2,-129
1767173871.859238,1,3,-128
1767173871.869238,7,3,-128
1767173871.879238,7,2,-129
1767173871.889238,7,1,-130
1767173871.899238,6,1,-131
1767173871.909238,4,3,-128
1767173871.919238,0,-3,-127
1767173871.929238,0,-7,-120
1767173871.939238,1,-7,-113
1767173871.949238,1,-6,-113
1767173871.959238,-4,-6,-115
1767173871.969238,-4,-2,-116
1767173871.9792385,-4,2,-121
1767173871.9892385,-4,0,-121
1767173871.9992385,0,-1,-116
1767173872.0092382,-2,2,-114
1767173872.0192382,-1,2,-116
1767173872.0292382,-2,3,-114
1767173872.0392382,-3,0,-122
1767173872.0492382,-3,-1,-126
1767173872.0592382,-4,-3,-130
1767173872.0692382,-1,-1,-129
1767173872.0792382,-4,1,-125
1767173872.0892382,-7,3,-125
1767173872.0992382,-4,3,-128
1767173872.109238,-4,2,-124
1767173872.119238,-7,4,-120
1767173872.129238,-7,4,-123
1767173872.139238,0,2,-128
1767173872.149238,-2,-1,-126
1767173872.159238,-3,-3,-122
1767173872.169238,-1,-2,-119
1767173872.179238,0,-1,-121
1767173872.189238,-1,2,-116
1767173872.199238,-3,2,-111
1767173872.209238,-1,3,-116
1767173872.219238,0,6,-121
1767173872.2292385,2,2,-120
1767173872.2392385,-3,0,-116
1767173872.2492385,1,-4,-112
1767173872.2592382,-1,-4,-118
1767173872.2692382,0,-2,-120
1767173872.2792382,-1,0,-127
1767173872.2892382,-3,1,-128
1767173872.2992382,-7,1,-125
1767173872.3092382,-7,0,-121
1767173872.3192382,-4,0,-114
1767173872.3292382,0,-1,-102
1767173872.3392382,1,0,-112
1767173872.3492382,0,0,-119
1767173872.359238,-1,-3,-120
1767173872.369238,-2,1,-127
1767173872.379238,-2,3,-133
1767173872.389238,0,1,-131
1767173872.399238,2,3,-125
1767173872.409238,7,0,-123
1767173872.419238,3,-2,-124
1767173872.4302382,0,-3,-130
1767173872.4402382,2,-2,-124
1767173872.449238,1,-4,-131
1767173872.4602382,-2,-4,-127
1767173872.4702382,-4,0,-126
1767173872.4802382,0,2,-123
1767173872.4902382,0,2,-124
1767173872.5002382,-3,2,-117
1767173872.5102382,0,-2,-117
1767173872.5202382,0,0,-125
1767173872.5302382,3,-5,-126
1767173872.540238,4,-4,-127
1767173872.550238,4,-5,-123
1767173872.560238,3,-3,-117
1767173872.570238,2,-2,-112
1767173872.580238,1,0,-117
1767173872.590238,0,0,-124
1767173872.600238,3,0,-122
1767173872.610238,1,1,-126
1767173872.620238,-1,0,-122
1767173872.630238,0,0,-121
1767173872.640238,6,2,-129
1767173872.650238,6,2,-127
1767173872.6602385,3,0,-131
1767173872.6702385,3,-6,-131
1767173872.6802382,4,-8,-134
1767173872.6902382,2,-5,-130
1767173872.7002382,4,-7,-124
1767173872.7102382,-1,-6,-126
1767173872.7202382,-3,-2,-129
1767173872.7302382,0,-6,-129
1767173872.7402382,-1,-6,-124
1767173872.7502382,-6,-3,-122
1767173872.7602382,-2,-1,-129
1767173872.7702382,-3,0,-126
1767173872.7802382,-6,-4,-121
1767173872.790238,-7,-4,-118
1767173872.800238,-9,0,-118
1767173872.810238,-4,1,-120
1767173872.820238,-4,3,-126
1767173872.830238,-6,1,-119
1767173872.840238,-8,0,-123
1767173872.850238,-6,-3,-122
1767173872.860238,-6,-2,-131
1767173872.870238,-4,-1,-128
1767173872.880238,-3,2,-128
1767173872.890238,-2,1,-133
1767173872.900238,-2,1,-134
1767173872.9102385,0,-1,-135
1767173872.9202385,1,-4,-133
1767173872.9302382,-1,-3,-133
1767173872.9402382,3,-2,-131
1767173872.9502382,5,-2,-131
1767173872.9602382,7,-3,-132
1767173872.9702382,8,-4,-129
1767173872.9802382,6,-3,-126
1767173872.9902382,5,-3,-127
1767173873.0002382,2,-7,-131
1767173873.0102382,0,-5,-133
1767173873.0202382,2,-2,-138
1767173873.0302382,5,2,-136
1767173873.040238,1,3,-131
1767173873.050238,3,4,-126
1767173873.060238,1,2,-128
1767173873.070238,0,-3,-120
1767173873.080238,-3,0,-122
1767173873.090238,-6,0,-131
1767173873.100238,-6,3,-120
1767173873.110238,0,4,-121
1767173873.120238,2,3,-119
1767173873.130238,0,0,-124
1767173873.140238,0,4,-122
1767173873.150238,4,3,-124
1767173873.1602385,4,0,-129
1767173873.1702385,3,-3,-131
1767173873.1802382,3,3,-129
1767173873.1902382,1,3,-128
1767173873.2002382,0,0,-130
1767173873.2102382,1,-2,-126
1767173873.2202382,5,0,-125
1767173873.2302382,2,2,-119
1767173873.2402382,-1,4,-120
1767173873.2502382,0,1,-123
1767173873.2602382,0,0,-121
1767173873.2702382,-4,0,-124
1767173873.2802382,-3,0,-125
1767173873.290238,-2,0,-126
1767173873.300238,-2,1,-124
1767173873.310238,-5,0,-129
1767173873.320238,-7,4,-127
1767173873.330238,-6,3,-123
1767173873.340238,-9,-2,-126
1767173873.350238,-6,-3,-127
1767173873.360238,-7,0,-127
1767173873.370238,-9,2,-126
1767173873.380238,-7,1,-121
1767173873.390238,-8,-4,-120
1767173873.400238,-1,-5,-118
1767173873.4102385,2,-6,-116
1767173873.4202385,2,-3,-117
1767173873.4302382,0,-3,-114
1767173873.4402382,-2,-1,-119
1767173873.4502382,-1,-6,-125
1767173873.4602382,3,0,-130
1767173873.4702382,2,1,-126
1767173873.4802382,5,-2,-128
1767173873.4902382,6,-5,-128
1767173873.5002382,4,-4,-127
1767173873.5102382,1,-1,-122
1767173873.5202382,2,-2,-118
1767173873.5302382,7,0,-121
1767173873.540238,5,2,-125
1767173873.550238,0,2,-127
1767173873.560238,-1,2,-127
1767173873.570238,0,4,-128
1767173873.580238,0,8,-129
1767173873.590238,-1,3,-133
1767173873.600238,1,4,-134
1767173873.610238,1,4,-130
1767173873.620238,1,2,-127
1767173873.630238,0,0,-127
1767173873.640238,1,-1,-127
1767173873.650238,2,-5,-129
1767173873.6602385,4,-5,-127
1767173873.6702385,0,-5,-126
1767173873.6802382,0,-5,-126
1767173873.6902382,-2,-4,-124
1767173873.7002382,0,-5,-118
1767173873.7102382,2,-5,-120
1767173873.7202382,2,-3,-125
1767173873.7302382,5,-4,-127
1767173873.7402382,7,0,-124
1767173873.7502382,3,-4,-129
1767173873.7602382,6,-3,-140
1767173873.7702382,3,-3,-139
1767173873.7802382,0,-5,-133
1767173873.790238,-1,-2,-133
1767173873.800238,2,0,-134
1767173873.810238,-2,-1,-137
1767173873.820238,-1,-1,-136
1767173873.830238,0,0,-135
1767173873.840238,0,-2,-128
1767173873.850238,2,-1,-123
1767173873.860238,4,-1,-122
1767173873.870238,2,-2,-125
1767173873.880238,2,-4,-122
1767173873.890238,4,-5,-117
1767173873.900238,2,-5,-118
1767173873.9102385,0,-1,-117
1767173873.9202385,4,-1,-121
1767173873.9302382,6,-3,-121
1767173873.9402382,0,-3,-122
1767173873.9502382,-1,-5,-124
1767173873.9602382,-1,-2,-125
1767173873.9702382,-1,0,-125
1767173873.9802382,-2,0,-121
1767173873.9902382,0,1,-122
1767173874.0002382,0,5,-120
1767173874.0102382,0,5,-120
1767173874.0202382,-1,4,-123
1767173874.0302382,-2,2,-121
1767173874.040238,0,0,-121
1767173874.050238,0,-2,-125
1767173874.060238,0,-6,-126
1767173874.070238,1,-5,-121
1767173874.080238,4,-1,-123
1767173874.090238,2,-4,-121
1767173874.100238,-2,-1,-128
1767173874.110238,-4,-1,-129
1767173874.120238,-3,1,-126
1767173874.130238,-1,3,-123
1767173874.140238,0,3,-122
1767173874.150238,-4,2,-119
1767173874.1602385,-7,2,-129
1767173874.1702385,-6,0,-124
1767173874.1802382,-9,-1,-124
1767173874.1902382,-6,0,-133
1767173874.2002382,-4,-1,-137
1767173874.2102382,-2,0,-130
1767173874.2202382,-1,0,-132
1767173874.2302382,3,0,-135
1767173874.2402382,7,0,-134
1767173874.2502382,3,0,-133
1767173874.2602382,1,2,-133
1767173874.2702382,7,2,-127
1767173874.2802382,1,0,-130
1767173874.290238,-4,-3,-126
1767173874.300238,-3,-4,-121
1767173874.310238,-8,-2,-119
1767173874.320238,-4,1,-122
1767173874.330238,-4,-1,-119
1767173874.340238,0,0,-120
1767173874.350238,2,-1,-124
1767173874.360238,-1,-1,-123
1767173874.370238,-2,0,-129
1767173874.380238,-3,1,-128
1767173874.390238,-1,2,-122
1767173874.400238,-1,4,-126
1767173874.4102385,-2,10,-125
1767173874.4202385,-3,13,-123
1767173874.4302382,-4,10,-116
1767173874.4402382,-4,8,-119
1767173874.4502382,-3,8,-122
1767173874.4602382,-5,7,-118
1767173874.4702382,-3,3,-116
1767173874.4802382,0,3,-120
1767173874.4902382,-3,2,-116
1767173874.5002382,-5,0,-116
1767173874.5102382,0,-1,-124
1767173874.5202382,0,0,-116
1767173874.5302382,0,1,-122
1767173874.540238,0,1,-116
1767173874.550238,-1,3,-108
1767173874.560238,4,3,-117
1767173874.570238,2,3,-120
1767173874.580238,4,2,-127
1767173874.590238,6,1,-122
1767173874.600238,2,-1,-120
1767173874.610238,3,0,-126
1767173874.620238,1,-3,-125
1767173874.630238,0,-1,-121
1767173874.640238,-1,-4,-114
1767173874.650238,0,-6,-114
1767173874.6602385,7,-3,-112
1767173874.6702385,4,-3,-114
1767173874.6802382,-1,0,-125
1767173874.6902382,0,-1,-123
1767173874.7002382,-1,-1,-134
1767173874.7102382,-2,-5,-133
1767173874.7202382,1,-5,-129
1767173874.7302382,5,-5,-132
1767173874.7402382,4,-3,-125
1767173874.7502382,0,0,-126
1767173874.7602382,-1,-4,-127
1767173874.7702382,0,-6,-125
1767173874.7802382,2,-4,-122
1767173874.790238,3,-3,-125
1767173874.800238,-1,0,-134
1767173874.810238,-1,0,-134
1767173874.820238,-4,1,-137
1767173874.830238,-1,-2,-135
1767173874.840238,0,-3,-131
1767173874.850238,-3,-1,-123
1767173874.860238,0,-1,-129
1767173874.870238,3,1,-136
1767173874.880238,4,2,-127
1767173874.890238,4,1,-121
1767173874.900238,2,3,-114
1767173874.9102385,3,2,-115
1767173874.9202385,2,3,-114
1767173874.9302382,2,6,-113
1767173874.9402382,3,8,-115
1767173874.9502382,-3,7,-123
1767173874.9602382,0,7,-119
1767173874.9702382,-1,2,-119
1767173874.9802382,-1,3,-122
1767173874.9902382,-4,4,-126
1767173875.0002382,-11,3,-129
1767173875.0102382,-12,0,-129
1767173875.0202382,-11,-1,-124
1767173875.0302382,-4,-3,-124
1767173875.040238,-3,-10,-126
1767173875.050238,-9,-8,-122
1767173875.060238,-12,-8,-126
1767173875.070238,-11,-8,-130
1767173875.080238,-7,-7,-116
1767173875.090238,-5,-6,-109
1767173875.100238,-3,-5,-111
1767173875.1112382,-6,-3,-115
1767173875.1212382,-6,-7,-122
1767173875.1312382,-8,-6,-120
1767173875.1412382,-6,-5,-121
1767173875.1512382,-5,-6,-124
1767173875.1612382,-7,-6,-124
1767173875.1712382,-4,-4,-120
1767173875.1812382,-1,-2,-120
1767173875.1912382,2,0,-123
1767173875.2012382,6,4,-124
1767173875.211238,2,0,-125
1767173875.221238,-4,0,-130
1767173875.231238,0,-1,-133
1767173875.241238,-4,-2,-135
1767173875.251238,-6,-1,-133
1767173875.261238,-6,-1,-127
1767173875.271238,-6,2,-115
1767173875.281238,-6,4,-116
1767173875.291238,-3,4,-119
1767173875.301238,-4,7,-112
1767173875.311238,-6,0,-113
1767173875.321238,-5,-4,-114
1767173875.3312385,-4,-2,-116
1767173875.3412385,-1,-6,-114
1767173875.3512385,-2,-4,-118
1767173875.3612382,-3,-5,-121
1767173875.3712382,-4,-2,-127
1767173875.3812382,-4,-5,-133
1767173875.3912382,-4,-5,-128
1767173875.4012382,-5,-8,-127
1767173875.4112382,-2,-7,-131
1767173875.4212382,-2,-4,-131
1767173875.4312382,0,-5,-129
1767173875.4412382,-2,-1,-130
1767173875.4512382,-8,2,-125
1767173875.461238,-8,1,-129
1767173875.471238,-6,-1,-132
1767173875.481238,-6,-3,-130
1767173875.491238,-9,-6,-130
1767173875.501238,-8,-8,-124
1767173875.511238,-3,-4,-118
1767173875.521238,-2,-2,-116
1767173875.531238,-5,0,-112
1767173875.541238,-5,-2,-112
1767173875.551238,0,0,-113
1767173875.561238,-1,-1,-115
1767173875.571238,-2,-3,-117
1767173875.5812385,0,-4,-117
1767173875.5912385,0,-3,-121
1767173875.6012385,0,-4,-126
1767173875.6112382,3,-4,-123
1767173875.6212382,5,0,-120
1767173875.6312382,4,2,-117
1767173875.6412382,2,1,-121
1767173875.6512382,-1,2,-121
1767173875.6612382,-2,-1,-118
1767173875.6712382,-3,3,-111
1767173875.6812382,-5,2,-112
1767173875.6912382,-4,3,-113
1767173875.7012382,-2,2,-110
1767173875.711238,-4,1,-116
1767173875.721238,-6,-1,-110
1767173875.731238,-8,-2,-106
1767173875.741238,-5,-4,-105
1767173875.751238,-4,-1,-108
1767173875.761238,-6,2,-118
1767173875.771238,-4,2,-124
1767173875.781238,-4,-1,-129
1767173875.791238,-1,-2,-134
1767173875.801238,2,-2,-136
1767173875.811238,2,1,-132
1767173875.821238,4,-4,-130
1767173875.8312385,-1,-4,-125
1767173875.8412385,0,-2,-119
1767173875.8512385,8,0,-120
1767173875.8612382,5,0,-127
1767173875.8712382,7,1,-125
1767173875.8812382,7,2,-123
1767173875.8912382,8,0,-130
1767173875.9012382,4,0,-129
1767173875.9112382,3,-1,-127
1767173875.9212382,1,-3,-126
1767173875.9312382,3,-3,-125
1767173875.9412382,1,4,-121
1767173875.9512382,2,4,-121
1767173875.961238,4,2,-119
1767173875.971238,6,4,-115
1767173875.981238,5,2,-118
1767173875.991238,-1,-1,-119
1767173876.001238,-3,0,-123
1767173876.011238,-8,3,-118
1767173876.021238,-2,4,-122
1767173876.031238,-1,5,-127
1767173876.041238,-3,4,-125
1767173876.051238,-7,-2,-123
1767173876.061238,-8,-4,-128
1767173876.071238,-9,-2,-132
1767173876.0812385,-6,-2,-136
1767173876.0912385,-3,-3,-134
1767173876.1012385,0,-5,-126
1767173876.1112382,0,-2,-124
1767173876.1212382,5,-2,-125
1767173876.1312382,10,-2,-123
1767173876.1412382,8,0,-123
1767173876.1512382,8,0,-126
1767173876.1612382,5,1,-129
1767173876.1712382,0,1,-131
1767173876.1812382,0,1,-130
1767173876.1912382,-1,0,-129
1767173876.2012382,-4,-2,-128
1767173876.211238,-2,0,-120
1767173876.221238,-4,-3,-122
1767173876.231238,-3,-2,-131
1767173876.241238,-2,-1,-135
1767173876.251238,-1,1,-133
1767173876.261238,8,1,-140
1767173876.271238,7,0,-138
1767173876.281238,5,0,-133
1767173876.291238,5,2,-132
1767173876.301238,1,1,-130
1767173876.311238,0,-1,-125
1767173876.321238,-3,-2,-125
1767173876.3312385,-4,-1,-126
1767173876.3412385,-1,1,-124
1767173876.3512385,0,2,-124
1767173876.3612382,-2,0,-122
1767173876.3712382,-2,-1,-118
1767173876.3812382,-1,-5,-119
1767173876.3912382,0,-6,-120
1767173876.4012382,4,-8,-123
1767173876.4112382,5,-11,-123
1767173876.4212382,5,-11,-125
1767173876.4312382,0,-6,-119
1767173876.4412382,-1,-2,-121
1767173876.4512382,-2,-2,-124
1767173876.461238,-3,-1,-120
1767173876.471238,-4,1,-121
1767173876.481238,-6,-1,-118
1767173876.491238,-2,-8,-124
1767173876.501238,-3,-7,-134
1767173876.511238,-4,-2,-128
1767173876.521238,0,0,-122
1767173876.531238,5,-3,-126
1767173876.541238,1,-5,-124
1767173876.551238,2,-7,-121
1767173876.561238,0,-5,-127
1767173876.571238,3,-6,-126
1767173876.5812385,3,-5,-119
1767173876.5912385,3,-4,-119
1767173876.6012385,3,-6,-121
1767173876.6112382,2,-5,-125
1767173876.6212382,2,-4,-123
1767173876.6312382,2,-6,-126
1767173876.6412382,5,-4,-127
1767173876.6512382,4,-1,-126
1767173876.6612382,-2,0,-122
1767173876.6712382,-5,0,-125
1767173876.6812382,-1,0,-128
1767173876.6912382,0,0,-119
1767173876.7012382,0,4,-117
1767173876.711238,1,5,-121
1767173876.721238,6,3,-131
1767173876.731238,5,0,-136
1767173876.741238,3,0,-142
1767173876.751238,3,-1,-143
1767173876.761238,3,-2,-146
1767173876.771238,4,-1,-141
1767173876.781238,9,2,-144
1767173876.791238,8,1,-140
1767173876.801238,9,1,-133
1767173876.811238,5,2,-138
1767173876.821238,2,2,-129
1767173876.8312385,5,2,-125
1767173876.853238,8,-3,-130
1767173876.8612382,5,-2,-127
1767173876.8712382,6,-1,-126
1767173876.8812382,6,-6,-131
1767173876.8912382,5,-3,-128
1767173876.9012382,11,-4,-131
1767173876.9112382,8,-6,-134
1767173876.9212382,4,-2,-132
1767173876.9312382,-1,1,-137
1767173876.9412382,-2,-2,-139
1767173876.9512382,-2,-6,-141
1767173876.961238,-2,-3,-141
1767173876.971238,0,-7,-140
1767173876.981238,-1,-6,-137
1767173876.991238,1,-7,-129
1767173877.001238,-2,-3,-125
1767173877.011238,-1,-6,-121
1767173877.021238,2,-5,-116
1767173877.031238,4,-5,-122
1767173877.041238,1,-6,-122
1767173877.051238,0,-4,-122
1767173877.061238,-4,-2,-122
1767173877.071238,-2,-4,-121
1767173877.0812385,-1,-8,-116
1767173877.0912385,-3,-6,-121
1767173877.1012385,-1,-4,-122
1767173877.1112382,1,-2,-128
1767173877.1212382,-1,-4,-124
1767173877.1312382,-1,-6,-129
1767173877.1412382,-2,-6,-135
1767173877.1512382,0,-7,-126
1767173877.1612382,1,-4,-121
1767173877.1712382,0,2,-122
1767173877.1812382,-5,4,-128
1767173877.1912382,-3,0,-126
1767173877.2012382,0,1,-124
1767173877.211238,2,1,-121
1767173877.221238,3,0,-120
1767173877.231238,-1,0,-120
1767173877.241238,-3,-2,-121
1767173877.251238,-1,-3,-122
1767173877.261238,-7,0,-118
1767173877.271238,-7,-2,-121
1767173877.281238,0,-6,-118
1767173877.291238,2,-4,-122
1767173877.301238,0,-1,-119
1767173877.311238,1,-3,-123
1767173877.321238,1,1,-121
1767173877.3312385,0,0,-119
1767173877.3412385,1,-3,-112
1767173877.3512385,-2,-4,-120
1767173877.3612382,0,-9,-120
1767173877.3712382,-2,-7,-122
1767173877.3812382,1,-7,-118
1767173877.3912382,-1,-4,-121
1767173877.4012382,1,-7,-121
1767173877.4112382,1,-6,-126
1767173877.4212382,1,-4,-125
1767173877.4312382,3,-2,-123
1767173877.4412382,3,-2,-127
1767173877.4512382,4,-5,-128
1767173877.461238,4,-3,-124
1767173877.471238,3,-6,-122
1767173877.481238,5,-4,-124
1767173877.491238,4,-7,-126
1767173877.501238,8,-5,-128
1767173877.511238,6,-3,-130
1767173877.521238,5,-3,-124
1767173877.531238,3,-4,-125
1767173877.541238,5,0,-121
1767173877.551238,11,4,-124
1767173877.561238,4,1,-126
1767173877.571238,0,0,-128
1767173877.5812385,2,1,-126
1767173877.5912385,3,2,-126
1767173877.6012385,3,2,-128
1767173877.6112382,4,3,-124
1767173877.6212382,6,2,-127
1767173877.6312382,5,-4,-117
1767173877.6412382,3,-1,-120
1767173877.6512382,0,-1,-118
1767173877.6612382,0,1,-116
1767173877.6712382,-1,0,-121
1767173877.6812382,0,1,-128
1767173877.6912382,-3,3,-129
1767173877.7012382,-1,3,-126
1767173877.711238,-6,2,-123
1767173877.721238,-10,-1,-118
1767173877.731238,-7,-1,-111
1767173877.742238,-2,0,-114
1767173877.751238,-1,0,-113
1767173877.7622385,0,-2,-118
1767173877.7722385,-2,-4,-122
1767173877.7822382,-2,-6,-124
1767173877.7922382,-4,-6,-120
1767173877.8022382,-2,-6,-115
1767173877.8122382,0,-1,-117
1767173877.8222382,1,-1,-119
1767173877.8322382,4,-2,-115
1767173877.8422382,4,-3,-121
1767173877.8522382,4,-7,-121
1767173877.8622382,1,-6,-118
1767173877.8722382,-2,-6,-126
1767173877.882238,-3,-8,-131
1767173877.892238,2,-4,-134
1767173877.902238,2,-6,-138
1767173877.912238,0,-6,-135
1767173877.922238,1,-3,-133
1767173877.932238,0,-2,-129
1767173877.942238,-4,0,-125
1767173877.952238,-2,-3,-127
1767173877.962238,-3,-3,-133
1767173877.972238,-6,-7,-136
1767173877.982238,0,-4,-132
1767173877.992238,0,-3,-127
1767173878.002238,5,-2,-127
1767173878.0122385,3,-4,-131
1767173878.0222385,-3,-4,-134
1767173878.0322382,0,-3,-127
1767173878.0422382,1,0,-126
1767173878.0522382,0,1,-123
1767173878.0622382,0,1,-122
1767173878.0722382,-5,2,-123
1767173878.0822382,-4,2,-113
1767173878.0922382,-5,1,-121
1767173878.1022382,-2,2,-120
1767173878.1122382,3,0,-120
1767173878.1222382,4,0,-131
1767173878.132238,7,0,-135
1767173878.142238,13,0,-128
1767173878.152238,12,0,-124
1767173878.162238,7,2,-124
1767173878.172238,2,-1,-122
1767173878.182238,4,3,-125
1767173878.192238,0,3,-128
1767173878.202238,-1,3,-123
1767173878.212238,-3,0,-118
1767173878.222238,-5,-2,-124
1767173878.232238,-9,-7,-131
1767173878.242238,-14,-8,-133
1767173878.252238,-14,-6,-132
1767173878.2622385,-10,-6,-135
1767173878.2722385,-4,-6,-134
1767173878.2822382,0,-8,-132
1767173878.2922382,3,-5,-129
1767173878.3022382,4,-6,-125
1767173878.3122382,2,-7,-119
1767173878.3222382,-1,-4,-121
1767173878.3322382,-1,-3,-120
1767173878.3422382,0,-4,-121
1767173878.3522382,4,-5,-120
1767173878.3622382,4,-5,-117
1767173878.3722382,4,-1,-126
1767173878.382238,-2,1,-130
1767173878.392238,-4,2,-132
1767173878.402238,-7,-2,-129
1767173878.412238,-5,-2,-121
1767173878.422238,-6,-2,-112
1767173878.432238,-5,-6,-111
1767173878.442238,-2,-2,-116
1767173878.452238,-5,-2,-115
1767173878.462238,0,2,-113
1767173878.472238,1,1,-117
1767173878.482238,0,-1,-119
1767173878.492238,-4,1,-126
1767173878.502238,0,-2,-123
1767173878.5122385,-2,-1,-124
1767173878.5222385,-3,-1,-130
1767173878.5322382,-3,-3,-127
1767173878.5422382,-1,-3,-133
1767173878.5522382,-3,-1,-140
1767173878.5622382,-4,1,-140
1767173878.5722382,-3,0,-141
1767173878.5822382,-3,0,-136
1767173878.5922382,-2,0,-127
1767173878.6022382,-4,0,-130
1767173878.6122382,-2,-3,-133
1767173878.6222382,-1,-6,-130
1767173878.632238,-6,-8,-131
1767173878.642238,-6,-7,-131
1767173878.652238,-3,-8,-128
1767173878.662238,1,-6,-127
1767173878.672238,4,-6,-119
1767173878.682238,4,-5,-123
1767173878.692238,5,0,-131
1767173878.702238,5,2,-127
1767173878.712238,3,0,-125
1767173878.722238,0,-3,-129
1767173878.732238,1,-4,-126
1767173878.742238,4,-5,-128
1767173878.752238,5,-2,-124
1767173878.7622385,6,-3,-127
1767173878.7722385,5,-6,-122
1767173878.7822382,10,-5,-125
1767173878.7922382,2,-4,-126
1767173878.8022382,2,-1,-120
1767173878.8122382,1,-2,-124
1767173878.8222382,-2,0,-123
1767173878.8322382,0,0,-128
1767173878.8422382,1,-4,-131
1767173878.8522382,6,-2,-129
1767173878.8622382,6,-2,-132
1767173878.8722382,4,-2,-136
1767173878.882238,0,0,-129
1767173878.892238,1,-4,-120
1767173878.902238,0,-2,-124
1767173878.912238,0,-2,-120
1767173878.922238,0,-1,-123
1767173878.932238,2,-1,-128
1767173878.942238,-2,0,-129
1767173878.952238,-4,1,-121
1767173878.962238,-3,-1,-123
1767173878.972238,-7,-1,-121
1767173878.982238,-11,-3,-124
1767173878.992238,-13,-4,-119
1767173879.002238,-10,-1,-118
1767173879.0122385,-10,-2,-120
1767173879.0222385,-10,0,-120
1767173879.0322382,-8,0,-126
1767173879.0422382,-8,-4,-125
1767173879.0522382,-10,-7,-122
1767173879.0622382,-12,-6,-123
1767173879.0722382,-8,-2,-127
1767173879.0822382,-8,-3,-124
1767173879.0922382,-8,-5,-122
1767173879.1022382,-5,-2,-120
1767173879.1122382,-4,-3,-121
1767173879.1222382,0,0,-130
1767173879.132238,-2,-2,-131
1767173879.142238,-3,-4,-132
1767173879.152238,-1,-4,-126
1767173879.162238,-4,-3,-127
1767173879.172238,-4,-3,-128
1767173879.182238,-3,-4,-130
1767173879.192238,-6,-6,-131
1767173879.202238,-6,-6,-126
1767173879.212238,-2,-6,-126
1767173879.222238,2,-2,-122
1767173879.232238,-3,-3,-124
1767173879.242238,-3,-1,-128
1767173879.252238,-1,-3,-125
1767173879.2622385,2,-10,-129
1767173879.2722385,0,-13,-130
1767173879.2822382,2,-8,-133
1767173879.2922382,0,-5,-130
1767173879.3022382,2,-5,-130
1767173879.3122382,2,-3,-130
1767173879.3222382,8,-6,-131
1767173879.3322382,6,-8,-125
1767173879.3422382,1,-12,-126
1767173879.3522382,-5,-8,-126
1767173879.3622382,-6,-3,-128
1767173879.3722382,-2,-2,-124
1767173879.382238,-2,0,-121
1767173879.392238,-5,1,-121
1767173879.402238,-8,1,-124
1767173879.412238,-2,-1,-123
1767173879.422238,-3,-7,-129
1767173879.432238,-3,-6,-118
1767173879.442238,-4,-5,-119
1767173879.452238,0,-1,-118
1767173879.462238,-1,-2,-119
1767173879.472238,-5,-6,-120
1767173879.482238,-5,-8,-125
1767173879.492238,0,-9,-120
1767173879.502238,-2,-8,-118
1767173879.5122385,-5,-9,-125
1767173879.5222385,-5,-11,-128
1767173879.5322382,-7,-10,-129
1767173879.5422382,-6,-8,-134
1767173879.5522382,-3,-8,-142
1767173879.5622382,0,-7,-135
1767173879.5722382,3,-5,-127
1767173879.5822382,5,-2,-135
1767173879.5922382,4,-2,-134
1767173879.6022382,0,-3,-130
1767173879.6122382,-2,-6,-133
1767173879.6222382,-6,-5,-130
1767173879.632238,-7,-5,-124
1767173879.642238,-4,-3,-129
1767173879.652238,-4,-2,-127
1767173879.662238,-3,-2,-125
1767173879.672238,-1,-1,-120
1767173879.682238,-4,-3,-120
1767173879.692238,-2,-6,-122
1767173879.702238,-1,-8,-130
1767173879.712238,-2,-7,-135
1767173879.722238,-3,-6,-130
1767173879.732238,-2,-3,-124
1767173879.742238,-3,0,-120
1767173879.752238,-1,0,-116
1767173879.7622385,-3,5,-118
1767173879.7722385,0,1,-112
1767173879.7822382,1,-2,-111
1767173879.7922382,2,-1,-115
1767173879.8022382,-2,-2,-115
1767173879.8122382,-3,-6,-123
1767173879.8222382,-3,-3,-120
1767173879.8322382,-6,0,-116
1767173879.8422382,-4,-4,-121
1767173879.8522382,-3,-3,-123
1767173879.8622382,-4,-5,-127
1767173879.8722382,-2,-6,-122
1767173879.882238,0,-5,-120
1767173879.892238,2,-5,-116
1767173879.902238,-4,-4,-116
1767173879.912238,-3,-2,-116
1767173879.922238,2,1,-119
1767173879.932238,0,1,-126
1767173879.942238,-2,0,-124
1767173879.952238,0,3,-126
1767173879.962238,4,3,-129
1767173879.972238,6,2,-129
1767173879.982238,4,-1,-127
1767173879.992238,1,-5,-129
1767173880.002238,0,-7,-136
1767173880.0122385,1,-4,-131
1767173880.0222385,0,-3,-132
1767173880.0322382,4,-1,-129
1767173880.0422382,1,-2,-130
1767173880.0522382,0,-1,-123
1767173880.0622382,-2,-5,-125
1767173880.0722382,-1,-7,-124
1767173880.0822382,-6,-5,-121
1767173880.0922382,-3,-2,-114
1767173880.1022382,-1,-3,-119
1767173880.1122382,0,0,-124
1767173880.1222382,2,0,-123
1767173880.132238,-1,2,-121
1767173880.142238,0,0,-121
1767173880.152238,2,0,-127
1767173880.162238,0,0,-120
1767173880.172238,-3,2,-121
1767173880.182238,-1,0,-130
1767173880.192238,2,1,-126
1767173880.202238,1,3,-122
1767173880.212238,5,6,-125
1767173880.222238,3,6,-117
1767173880.232238,2,1,-118
1767173880.242238,0,1,-115
1767173880.252238,-1,-2,-115
1767173880.2622385,-3,0,-115
1767173880.2722385,-1,-2,-114
1767173880.2822382,2,0,-121
1767173880.2922382,3,0,-122
1767173880.3022382,1,2,-124
1767173880.3122382,-3,0,-121
1767173880.323238,-4,-4,-127
1767173880.3322382,-7,-8,-126
1767173880.3422382,-5,-7,-128
1767173880.3522382,-1,-8,-130
1767173880.363238,-4,-4,-134
1767173880.373238,-2,-4,-133
1767173880.383238,0,-1,-125
1767173880.393238,0,-3,-126
1767173880.402238,0,-4,-121
1767173880.413238,3,-6,-119
1767173880.423238,1,-4,-122
1767173880.4332385,6,-5,-120
1767173880.4432385,0,-5,-119
1767173880.452238,0,-1,-117
1767173880.4632382,0,-5,-122
1767173880.4732382,0,-6,-122
1767173880.4832382,-7,-8,-127
1767173880.4932382,-8,-2,-128
1767173880.5032382,-8,-4,-133
1767173880.5132382,-6,0,-137
1767173880.5232382,-9,-1,-135
1767173880.5332382,-8,-2,-127
1767173880.5432382,-4,-5,-123
1767173880.5522382,-6,-4,-122
1767173880.563238,-3,0,-121
1767173880.573238,0,1,-124
1767173880.583238,3,1,-126
1767173880.593238,1,3,-128
1767173880.603238,1,0,-126
1767173880.613238,2,0,-127
1767173880.623238,1,0,-125
1767173880.633238,2,3,-127
1767173880.643238,3,5,-122
1767173880.653238,1,5,-119
1767173880.663238,0,3,-120
1767173880.673238,-3,-1,-125
1767173880.6832385,-3,0,-122
1767173880.6932385,-4,0,-121
1767173880.7032382,-3,0,-122
1767173880.7132382,-2,-3,-128
1767173880.7232382,-6,-1,-122
1767173880.7332382,-7,0,-129
1767173880.7432382,-3,-1,-132
1767173880.7532382,-2,0,-130
1767173880.7632382,-1,0,-132
1767173880.7732382,-1,-4,-130
1767173880.7832382,-1,-7,-126
1767173880.7932382,-2,-7,-130
1767173880.8032382,-1,-4,-135
1767173880.813238,-1,-4,-136
1767173880.823238,-1,-4,-133
1767173880.833238,-2,-4,-130
1767173880.843238,-4,-2,-131
1767173880.853238,-3,-3,-128
1767173880.863238,-2,-1,-126
1767173880.873238,-1,-2,-125
1767173880.883238,2,-1,-129
1767173880.893238,2,-5,-131
1767173880.903238,0,-5,-128
1767173880.913238,2,-8,-131
1767173880.923238,3,-10,-135
1767173880.9332385,3,-7,-132
1767173880.9432385,0,-4,-125
1767173880.9532382,-3,-7,-120
1767173880.9632382,-6,-3,-127
1767173880.9732382,-6,-2,-128
1767173880.9832382,-1,-1,-130
1767173880.9932382,-1,-4,-133
1767173881.0032382,-2,0,-130
1767173881.0132382,-3,-1,-127
1767173881.0232382,-1,1,-130
1767173881.0332382,1,1,-131
1767173881.0432382,2,0,-124
1767173881.0532382,4,0,-123
1767173881.063238,1,0,-123
1767173881.073238,-2,-1,-119
1767173881.083238,-1,-2,-121
1767173881.093238,0,0,-119
1767173881.103238,3,2,-115
1767173881.113238,5,2,-120
1767173881.123238,11,1,-120
1767173881.133238,9,1,-121
1767173881.143238,9,-1,-128
1767173881.153238,4,-3,-123
1767173881.163238,1,-2,-123
1767173881.173238,3,-2,-124
1767173881.1832385,4,-4,-121
1767173881.1932385,5,-9,-116
1767173881.2032382,4,-9,-121
1767173881.2132382,1,-6,-125
1767173881.2232382,-3,-6,-124
1767173881.2332382,-1,-1,-119
1767173881.2432382,3,0,-125
1767173881.2532382,0,-1,-125
1767173881.2632382,1,-1,-131
1767173881.2732382,0,-1,-134
1767173881.2832382,2,1,-135
1767173881.2932382,1,0,-141
1767173881.3032382,0,0,-131
1767173881.313238,3,-2,-133
1767173881.323238,3,-1,-134
1767173881.333238,-6,0,-138
1767173881.343238,-6,-2,-138
1767173881.353238,-4,0,-134
1767173881.363238,-5,-4,-133
1767173881.373238,-3,0,-132
1767173881.383238,-4,1,-131
1767173881.393238,0,5,-127
1767173881.403238,-2,2,-122
1767173881.413238,0,0,-117
1767173881.423238,-2,-3,-120
1767173881.4332385,-4,-4,-121
1767173881.4432385,-4,-1,-123
1767173881.4532382,0,0,-122
1767173881.4632382,1,1,-126
1767173881.4732382,2,2,-125
1767173881.4832382,5,3,-133
1767173881.4932382,5,0,-144
1767173881.5032382,4,0,-146
1767173881.5132382,3,-1,-140
1767173881.5232382,-1,2,-140
1767173881.5332382,-4,2,-133
1767173881.5432382,-2,0,-131
1767173881.5532382,-4,1,-134
1767173881.563238,-2,0,-127
1767173881.573238,-3,0,-127
1767173881.583238,-6,1,-130
1767173881.593238,-7,0,-130
1767173881.603238,-6,0,-127
1767173881.613238,-9,-1,-121
1767173881.623238,-4,1,-126
1767173881.633238,-2,0,-130
1767173881.643238,-1,-1,-131
1767173881.653238,0,-2,-133
1767173881.663238,6,-6,-129
1767173881.673238,4,-11,-132
1767173881.6832385,3,-9,-134
1767173881.6932385,0,-11,-133
1767173881.7032382,-1,-15,-127
1767173881.7132382,2,-12,-123
1767173881.7232382,2,-10,-125
1767173881.7332382,0,-7,-122
1767173881.7432382,-1,-3,-122
1767173881.7532382,-2,-2,-130
1767173881.764238,0,-6,-130
1767173881.7732382,3,-7,-131
1767173881.7832382,0,-7,-135
1767173881.7932382,1,-2,-136
1767173881.8032382,1,-5,-130
1767173881.813238,4,-5,-134
1767173881.823238,8,-5,-134
1767173881.833238,5,-6,-129
1767173881.843238,4,-6,-126
1767173881.8652382,-1,0,-125
1767173881.873238,-2,-4,-121
1767173881.883238,0,-6,-121
1767173881.893238,0,-1,-116
1767173881.903238,-5,2,-113
1767173881.913238,-4,3,-118
1767173881.923238,-4,4,-120
1767173881.9332385,-6,3,-122
1767173881.9432385,-5,0,-129
1767173881.9532382,-3,-5,-127
1767173881.9632382,-5,-3,-124
1767173881.9732382,-5,0,-121
1767173881.9832382,-3,-1,-126
1767173881.9932382,-6,1,-129
1767173882.0032382,-1,0,-133
1767173882.0132382,0,2,-132
1767173882.0232382,4,1,-125
1767173882.0332382,4,-1,-125
1767173882.0432382,0,0,-129
1767173882.0532382,-1,-4,-133
1767173882.063238,-1,-2,-127
1767173882.073238,1,-1,-123
1767173882.083238,4,0,-125
1767173882.093238,1,2,-127
1767173882.103238,3,4,-131
1767173882.113238,-2,6,-137
1767173882.123238,-5,10,-134
1767173882.133238,-4,11,-127
1767173882.143238,-4,8,-129
1767173882.153238,-5,3,-128
1767173882.163238,-1,-1,-132
1767173882.173238,-4,0,-126
1767173882.1832385,-4,2,-127
1767173882.1932385,1,0,-127
1767173882.2032382,4,0,-127
1767173882.2132382,6,2,-122
1767173882.2232382,2,0,-127
1767173882.2332382,3,0,-122
1767173882.2432382,0,1,-113
1767173882.2532382,4,2,-113
1767173882.2632382,6,0,-114
1767173882.2732382,3,0,-118
1767173882.2832382,4,-1,-117
1767173882.2932382,4,0,-114
1767173882.3032382,1,0,-114
1767173882.313238,-4,0,-118
1767173882.323238,-7,-1,-122
1767173882.333238,-3,1,-122
1767173882.343238,0,0,-122
1767173882.353238,-2,-3,-120
1767173882.363238,0,0,-119
1767173882.373238,-3,2,-118
1767173882.383238,2,4,-122
1767173882.393238,4,6,-119
1767173882.403238,1,5,-123
1767173882.413238,1,0,-120
1767173882.423238,3,0,-126
1767173882.4332385,5,-2,-124
1767173882.4432385,4,-1,-119
1767173882.4532382,5,-1,-118
1767173882.4632382,1,0,-118
1767173882.4732382,-3,1,-117
1767173882.4832382,-5,-2,-120
1767173882.4932382,-10,0,-128
1767173882.5032382,-13,0,-133
1767173882.5132382,-11,-3,-138
1767173882.5232382,-8,-5,-132
1767173882.5332382,-6,-4,-132
1767173882.5432382,-7,-7,-134
1767173882.5532382,-6,-7,-136
1767173882.563238,-5,-4,-130
1767173882.573238,-5,-4,-125
1767173882.583238,-5,-2,-122
1767173882.593238,-8,-3,-127
1767173882.603238,-4,-6,-131
1767173882.613238,-5,-8,-129
1767173882.623238,-8,-8,-128
1767173882.633238,-7,-6,-129
1767173882.643238,-1,-6,-131
1767173882.653238,-1,-7,-132
1767173882.663238,-2,-8,-137
1767173882.673238,0,-6,-133
1767173882.6832385,0,-4,-128
1767173882.6932385,-1,-4,-132
1767173882.7032382,-3,-2,-135
1767173882.7132382,0,-1,-134
1767173882.7232382,1,-2,-133
1767173882.7332382,0,2,-131
1767173882.7432382,-2,1,-127
1767173882.7532382,1,0,-128
1767173882.7632382,4,-3,-131
1767173882.7732382,9,-4,-128
1767173882.7832382,8,-5,-128
1767173882.7932382,9,-2,-124
1767173882.8032382,4,-4,-132
1767173882.813238,-1,-8,-132
1767173882.823238,3,-5,-130
1767173882.833238,6,-5,-122
1767173882.843238,5,-3,-117
1767173882.853238,7,-7,-120
1767173882.863238,6,-6,-121
1767173882.873238,3,-6,-120
1767173882.883238,0,-4,-124
1767173882.893238,0,-8,-128
1767173882.903238,0,-7,-134
1767173882.913238,-1,-6,-134
1767173882.923238,-3,-5,-129
1767173882.9332385,-3,-6,-130
1767173882.9432385,-6,-5,-126
1767173882.9532382,-6,-7,-124
1767173882.9632382,-4,-1,-123
1767173882.9742382,-4,-5,-129
1767173882.984238,-2,-4,-128
1767173882.994238,0,-9,-128
1767173883.004238,0,-11,-129
1767173883.014238,3,-7,-130
1767173883.024238,3,-7,-127
1767173883.034238,1,-4,-120
1767173883.044238,-2,-5,-121
1767173883.054238,-4,-6,-120
1767173883.064238,-5,-8,-121
1767173883.074238,-6,-9,-121
1767173883.084238,-4,-6,-130
1767173883.094238,-1,-3,-130
1767173883.1042385,-1,-1,-129
1767173883.1142385,1,-2,-122
1767173883.1242385,1,-4,-122
1767173883.1342382,1,-9,-121
1767173883.1442382,-1,-7,-125
1767173883.1542382,-3,-7,-129
1767173883.1642382,-3,-6,-128
1767173883.1742382,-5,-8,-131
1767173883.1842382,-7,-5,-136
1767173883.1942382,-6,-6,-141
1767173883.2042382,-11,-8,-138
1767173883.2142382,-8,-4,-131
1767173883.2242382,-6,-6,-128
1767173883.234238,-4,-3,-129
1767173883.244238,-3,-6,-134
1767173883.254238,-4,-4,-132
1767173883.264238,-1,-2,-127
1767173883.274238,0,-2,-122
1767173883.284238,-1,-1,-119
1767173883.294238,-3,-1,-123
1767173883.304238,-3,-7,-124
1767173883.314238,-4,-2,-120
1767173883.324238,-1,-3,-123
1767173883.334238,-3,-4,-120
1767173883.344238,3,-7,-126
1767173883.3542385,2,-2,-124
1767173883.3642385,4,-5,-123
1767173883.3742385,4,-5,-125
1767173883.3842382,3,-5,-123
1767173883.3942382,0,-1,-126
1767173883.4042382,-7,-4,-122
1767173883.4142382,-8,-4,-120
1767173883.4242382,-11,-2,-120
1767173883.4342382,-9,-2,-124
1767173883.4442382,-5,-5,-125
1767173883.4542382,-1,-5,-124
1767173883.4642382,-1,0,-122
1767173883.4742382,-4,-1,-129
1767173883.484238,-3,-5,-128
1767173883.494238,2,-4,-120
1767173883.504238,2,-5,-124
1767173883.514238,6,-3,-123
1767173883.524238,5,-3,-123
1767173883.534238,12,-4,-125
1767173883.544238,9,-7,-126
1767173883.554238,8,-6,-125
1767173883.564238,6,-3,-120
1767173883.574238,5,-3,-123
1767173883.584238,6,-3,-121
1767173883.594238,2,-4,-128
1767173883.6042385,0,-1,-124
1767173883.6142385,3,-2,-128
1767173883.6242385,3,0,-124
1767173883.6342382,4,-5,-127
1767173883.6442382,1,-4,-125
1767173883.6542382,0,-4,-127
1767173883.6642382,3,-8,-127
1767173883.6742382,0,-10,-126
1767173883.6842382,-3,-9,-129
1767173883.6942382,-1,-11,-131
1767173883.7042382,0,-14,-131
1767173883.7142382,-3,-11,-128
1767173883.7242382,-4,-5,-128
1767173883.734238,-3,-2,-127
1767173883.744238,-2,-3,-125
1767173883.754238,0,1,-124
1767173883.764238,-3,-1,-119
1767173883.774238,-3,-2,-121
1767173883.784238,-1,-4,-124
1767173883.794238,-7,-5,-125
1767173883.804238,-7,-4,-128
1767173883.814238,-9,0,-125
1767173883.824238,-5,-1,-120
1767173883.834238,-3,-3,-121
1767173883.844238,0,2,-127
1767173883.8542385,0,1,-126
1767173883.8642385,0,-1,-122
1767173883.8742385,1,-4,-122
1767173883.8842382,1,-1,-123
1767173883.8942382,1,-4,-123
1767173883.9042382,-1,0,-119
1767173883.9142382,0,4,-119
1767173883.9242382,0,2,-122
1767173883.9342382,-2,1,-127
1767173883.9442382,0,2,-126
1767173883.9542382,1,4,-124
1767173883.9642382,-1,6,-125
1767173883.9742382,-4,3,-125
1767173883.984238,0,3,-127
1767173883.994238,2,-1,-127
1767173884.004238,0,-1,-125
1767173884.014238,-1,0,-118
1767173884.024238,0,0,-116
1767173884.034238,0,1,-111
1767173884.044238,-4,0,-116
1767173884.054238,0,-1,-117
1767173884.064238,2,-4,-115
1767173884.074238,-4,-6,-115
1767173884.084238,-2,-7,-116
1767173884.094238,-3,-5,-122
1767173884.1042385,-4,-6,-118
1767173884.1142385,-1,-7,-114
1767173884.1242385,-2,-6,-116
1767173884.1342382,-3,-6,-121
1767173884.1442382,0,-6,-124
1767173884.1542382,0,-7,-125
1767173884.1642382,0,-6,-128
1767173884.1742382,1,-6,-129
1767173884.1842382,1,-6,-135
1767173884.1942382,-1,-3,-129
1767173884.2042382,0,0,-127
1767173884.2142382,0,3,-122
1767173884.2242382,-7,1,-118
1767173884.234238,-3,-2,-125
1767173884.244238,-1,-3,-122
1767173884.254238,-1,-3,-123
1767173884.264238,-2,0,-127
1767173884.274238,-1,-1,-132
1767173884.284238,1,1,-132
1767173884.294238,-4,1,-129
1767173884.304238,-2,0,-124
1767173884.314238,-2,-1,-113
1767173884.324238,0,-6,-106
1767173884.334238,-1,-8,-102
1767173884.344238,-2,-9,-106
1767173884.3542385,-1,-7,-108
1767173884.3642385,0,-5,-108
1767173884.3742385,-1,-6,-112
1767173884.3842382,2,-3,-119
1767173884.3942382,1,-4,-120
1767173884.4042382,-4,-5,-117
1767173884.4142382,-1,-5,-116
1767173884.4242382,0,-4,-118
1767173884.4342382,0,0,-121
1767173884.4442382,-3,4,-127
1767173884.4542382,-3,3,-136
1767173884.4642382,-1,0,-138
1767173884.4742382,-5,-2,-139
1767173884.484238,-5,-2,-139
1767173884.494238,-1,1,-137
1767173884.504238,-2,-3,-132
1767173884.514238,-5,-3,-135
1767173884.524238,-6,-2,-133
1767173884.534238,-4,-3,-135
1767173884.544238,0,-2,-131
1767173884.554238,3,-4,-130
1767173884.564238,1,-3,-126
1767173884.574238,3,0,-131
1767173884.584238,3,0,-133
1767173884.594238,5,0,-137
1767173884.6042385,0,2,-137
1767173884.6142385,0,0,-136
1767173884.6242385,-2,-3,-137
1767173884.6342382,-4,-2,-130
1767173884.6442382,-2,-2,-129
1767173884.6542382,-4,1,-125
1767173884.6642382,-6,1,-126
1767173884.6742382,-2,0,-128
1767173884.6842382,-2,0,-132
1767173884.6942382,-3,0,-131
1767173884.7042382,-4,-2,-129
1767173884.7142382,0,-2,-126
1767173884.7242382,2,-2,-128
1767173884.734238,4,-2,-126
1767173884.744238,0,0,-120
1767173884.754238,-5,0,-122
1767173884.764238,-3,-3,-125
1767173884.774238,-2,-5,-123
1767173884.784238,0,-5,-124
1767173884.794238,0,-4,-131
1767173884.804238,-1,-6,-129
1767173884.814238,-3,-4,-127
1767173884.824238,-1,0,-132
1767173884.834238,5,1,-129
1767173884.844238,4,6,-128
1767173884.8542385,0,3,-126
1767173884.8642385,1,4,-122
1767173884.8742385,0,4,-125
1767173884.8842382,-1,1,-121
1767173884.8942382,-4,5,-125
1767173884.9042382,-5,3,-122
1767173884.9142382,0,4,-127
1767173884.9242382,3,5,-132
1767173884.9342382,0,6,-126
1767173884.9442382,0,4,-121
1767173884.9542382,0,0,-126
1767173884.9642382,2,-1,-125
1767173884.9742382,2,-3,-123
1767173884.984238,4,-4,-124
1767173884.994238,4,-4,-129
1767173885.004238,-1,1,-126
1767173885.014238,-1,0,-118
1767173885.024238,-4,2,-121
1767173885.034238,-4,4,-124
1767173885.044238,-6,1,-132
1767173885.054238,-7,-2,-132
1767173885.064238,-4,-3,-139
1767173885.074238,5,0,-135
1767173885.084238,1,0,-129
1767173885.094238,1,0,-130
1767173885.1042385,1,0,-133
1767173885.1142385,1,0,-138
1767173885.1242385,0,0,-138
1767173885.1342382,0,0,-138
1767173885.1442382,2,-1,-126
1767173885.1542382,5,-4,-120
1767173885.1642382,3,-6,-123
1767173885.1742382,4,-4,-130
1767173885.1842382,5,-3,-125
1767173885.1942382,1,-1,-124
1767173885.2042382,-5,-2,-126
1767173885.2142382,-3,-1,-125
1767173885.2242382,1,-2,-127
1767173885.234238,3,-1,-124
1767173885.244238,0,0,-121
1767173885.254238,-2,-1,-120
1767173885.264238,-5,-6,-118
1767173885.274238,-3,-8,-125
1767173885.284238,-1,-8,-123
1767173885.294238,0,-6,-120
1767173885.304238,0,-5,-119
1767173885.314238,0,-5,-133
1767173885.324238,-3,-1,-129
1767173885.334238,1,-3,-129
1767173885.344238,3,-4,-128
1767173885.3542385,3,-11,-132
1767173885.3642385,0,-6,-124
1767173885.3742385,-3,-6,-121
1767173885.3842382,-4,-3,-128
1767173885.3942382,-7,-2,-125
1767173885.4042382,-3,0,-127
1767173885.4142382,-5,-5,-125
1767173885.4242382,-7,-3,-128
1767173885.4342382,-3,-5,-128
1767173885.4442382,-5,-8,-128
1767173885.4542382,-1,-9,-121
1767173885.4642382,-1,-7,-123
1767173885.4742382,0,0,-116
1767173885.484238,0,-1,-117
1767173885.494238,3,-1,-123
1767173885.504238,6,0,-129
1767173885.514238,2,-1,-130
1767173885.524238,0,-1,-128
1767173885.534238,2,-1,-124
1767173885.544238,1,-4,-122
1767173885.554238,-2,-4,-127
1767173885.564238,-1,-7,-126
1767173885.574238,-4,0,-124
1767173885.584238,-3,2,-129
1767173885.5952382,1,0,-129
1767173885.6042385,6,-1,-127
1767173885.6142385,10,0,-133
1767173885.6252382,7,2,-135
1767173885.6342382,1,3,-132
1767173885.6452382,2,1,-121
1767173885.6552382,0,0,-118
1767173885.665238,1,-1,-116
1767173885.675238,-1,-2,-113
1767173885.685238,0,-5,-109
1767173885.695238,2,-3,-105
1767173885.705238,-2,-2,-111
1767173885.715238,-2,-7,-107
1767173885.725238,-1,-2,-108
1767173885.735238,1,-5,-113
1767173885.745238,-1,-7,-118
1767173885.755238,-4,-3,-118
1767173885.765238,-4,-1,-119
1767173885.775238,-3,0,-120
1767173885.7852385,-1,1,-118
1767173885.7952385,0,-1,-122
1767173885.8052382,-1,-2,-124
1767173885.8152382,0,-2,-125
1767173885.8252382,2,-1,-128
1767173885.8352382,1,-3,-129
1767173885.8452382,5,-8,-129
1767173885.8552382,8,-8,-126
1767173885.8652382,6,-7,-128
1767173885.8752382,0,-4,-131
1767173885.8852382,3,-8,-136
1767173885.8952382,0,-6,-136
1767173885.9052382,5,-7,-137
1767173885.915238,3,-9,-134
1767173885.925238,5,-9,-132
1767173885.935238,4,-11,-136
1767173885.945238,8,-9,-134
1767173885.955238,8,-7,-131
1767173885.965238,0,-2,-135
1767173885.975238,1,-3,-134
1767173885.985238,2,-5,-136
1767173885.995238,3,-7,-126
1767173886.005238,-1,-6,-124
1767173886.015238,-4,-3,-128
1767173886.025238,-3,-1,-128
1767173886.0352385,-1,-5,-129
1767173886.0452385,0,-8,-132
1767173886.0552382,-2,-9,-132
1767173886.0652382,6,-6,-127
1767173886.0752382,6,0,-122
1767173886.0852382,0,1,-123
1767173886.0952382,0,0,-124
1767173886.1052382,1,0,-127
1767173886.1152382,1,5,-128
1767173886.1252382,-1,3,-125
1767173886.1352382,-3,7,-133
1767173886.1452382,-2,3,-140
1767173886.1552382,-2,-2,-141
1767173886.165238,1,-3,-137
1767173886.175238,5,2,-133
1767173886.185238,9,-1,-128
1767173886.195238,5,-2,-127
1767173886.205238,8,-7,-135
1767173886.215238,9,-8,-132
1767173886.225238,9,-6,-134
1767173886.235238,8,-6,-128
1767173886.245238,6,-4,-125
1767173886.255238,8,-8,-122
1767173886.265238,10,-16,-126
1767173886.275238,10,-17,-130
1767173886.2852385,6,-17,-129
1767173886.2952385,2,-19,-133
1767173886.3052382,5,-17,-125
1767173886.3152382,3,-13,-125
1767173886.3252382,-4,-8,-120
1767173886.3352382,-4,-8,-124
1767173886.3452382,-1,-5,-129
1767173886.3552382,-1,-3,-124
1767173886.3652382,-4,-5,-128
1767173886.3752382,-5,-5,-121
1767173886.3852382,-3,-2,-120
1767173886.3952382,-3,0,-119
1767173886.4052382,-3,0,-122
1767173886.415238,-3,1,-125
1767173886.425238,-2,0,-121
1767173886.435238,-1,0,-121
1767173886.445238,-4,-2,-125
1767173886.455238,-3,-4,-124
1767173886.465238,-3,-6,-127
1767173886.475238,-2,-8,-130
1767173886.485238,0,-6,-134
1767173886.495238,-1,-5,-130
1767173886.505238,-3,-4,-128
1767173886.515238,-2,-4,-128
1767173886.525238,1,-4,-126
1767173886.5352385,-4,-7,-127
1767173886.5452385,-4,-6,-127
1767173886.5552382,-2,-5,-122
1767173886.5652382,0,-1,-118
1767173886.5752382,-1,-2,-117
1767173886.5852382,-1,-2,-125
1767173886.5952382,0,-4,-128
1767173886.6052382,-1,-1,-128
1767173886.6152382,-1,3,-127
1767173886.6252382,-2,2,-126
1767173886.6352382,0,-2,-130
1767173886.6452382,0,-2,-134
1767173886.6552382,-3,0,-138
1767173886.665238,-3,-1,-134
1767173886.675238,1,-1,-136
1767173886.685238,-2,3,-134
1767173886.695238,6,0,-131
1767173886.705238,7,-2,-130
1767173886.715238,8,1,-125
1767173886.725238,4,-1,-119
1767173886.735238,0,-2,-120
1767173886.745238,-2,-3,-121
1767173886.755238,0,1,-120
1767173886.765238,0,2,-120
1767173886.775238,1,2,-125
1767173886.7852385,1,1,-126
1767173886.7952385,0,2,-126
1767173886.8052382,-2,3,-124
1767173886.8152382,0,1,-118
1767173886.8252382,-2,5,-119
1767173886.8352382,0,4,-116
1767173886.8452382,-1,-2,-120
1767173886.8552382,0,-3,-112
1767173886.876238,1,-2,-123
1767173886.8852382,-1,-6,-120
1767173886.8952382,-3,-7,-124
1767173886.9052382,-6,-6,-123
1767173886.915238,-2,-2,-132
1767173886.925238,0,-2,-130
1767173886.935238,-1,-1,-134
1767173886.945238,-8,-3,-131
1767173886.955238,-4,-2,-126
1767173886.965238,-3,-1,-126
1767173886.975238,2,-3,-130
1767173886.985238,-1,-3,-130
1767173886.995238,-2,-2,-129
1767173887.005238,0,-3,-122
1767173887.015238,2,-1,-123
1767173887.025238,-1,0,-123
1767173887.0352385,-2,-2,-123
1767173887.0452385,-8,-6,-120
1767173887.0552382,-11,-4,-120
1767173887.0652382,-9,0,-122
1767173887.0752382,-6,2,-129
1767173887.0852382,-2,0,-135
1767173887.0952382,0,2,-130
1767173887.1052382,4,0,-131
1767173887.1152382,2,-1,-130
1767173887.1252382,3,-1,-124
1767173887.1352382,2,-2,-119
1767173887.1452382,1,-3,-121
1767173887.1552382,0,-2,-122
1767173887.165238,1,-3,-119
1767173887.175238,4,-4,-117
1767173887.185238,7,-4,-121
1767173887.195238,6,0,-123
1767173887.205238,8,0,-115
1767173887.215238,9,0,-116
1767173887.225238,3,1,-117
1767173887.235238,0,0,-123
1767173887.245238,2,-3,-128
1767173887.255238,6,-5,-126
1767173887.265238,7,-6,-126
1767173887.275238,2,-6,-128
1767173887.2852385,2,-6,-131
1767173887.2952385,1,-6,-124
1767173887.3052382,1,-5,-128
1767173887.3152382,2,-2,-130
1767173887.3252382,0,0,-125
1767173887.3352382,1,-4,-129
1767173887.3452382,0,-1,-129
1767173887.3552382,4,-1,-130
1767173887.3652382,5,2,-129
1767173887.3752382,6,4,-125
1767173887.3852382,3,1,-125
1767173887.3952382,0,0,-128
1767173887.4052382,-1,-2,-134
1767173887.415238,0,-3,-135
1767173887.425238,-6,0,-129
1767173887.435238,-1,1,-130
1767173887.445238,1,-1,-126
1767173887.455238,-3,-1,-129
1767173887.465238,0,-3,-135
1767173887.475238,-2,-4,-134
1767173887.485238,-4,-4,-134
1767173887.495238,-6,-1,-146
1767173887.505238,2,-1,-144
1767173887.515238,6,0,-139
1767173887.525238,4,2,-139
1767173887.5352385,4,1,-140
1767173887.5452385,1,2,-133
1767173887.5552382,-1,0,-129
1767173887.5652382,0,0,-127
1767173887.5752382,-1,-1,-124
1767173887.5852382,1,1,-126
1767173887.5952382,0,5,-125
1767173887.6052382,0,2,-122
1767173887.6152382,0,0,-121
1767173887.6252382,2,-3,-120
1767173887.6352382,4,-2,-119
1767173887.6452382,5,2,-125
1767173887.6552382,4,1,-133
1767173887.665238,0,0,-137
1767173887.675238,0,2,-135
1767173887.685238,4,0,-137
1767173887.695238,6,1,-138
1767173887.705238,6,2,-138
1767173887.715238,3,1,-128
1767173887.725238,1,-1,-126
1767173887.735238,-2,-1,-125
1767173887.745238,0,-1,-130
1767173887.755238,1,-2,-130
1767173887.765238,0,-2,-128
1767173887.775238,-1,-1,-130
1767173887.7852385,0,-5,-137
1767173887.7952385,-3,-5,-140
1767173887.8052382,3,-5,-137
1767173887.8152382,5,-4,-130
1767173887.8252382,7,-3,-132
1767173887.8352382,8,-5,-139
1767173887.8452382,7,-1,-146
1767173887.8552382,5,1,-136
1767173887.8652382,5,0,-129
1767173887.8752382,6,0,-126
1767173887.8852382,4,0,-126
1767173887.8952382,8,5,-129
1767173887.9052382,10,4,-120
1767173887.915238,5,0,-123
1767173887.925238,4,0,-128
1767173887.935238,4,-5,-136
1767173887.945238,1,-4,-140
1767173887.955238,0,-2,-138
1767173887.965238,0,0,-138
1767173887.975238,-1,-1,-138
1767173887.985238,0,-1,-137
1767173887.995238,4,-8,-141
1767173888.005238,8,-5,-142
1767173888.015238,6,-1,-140
1767173888.025238,2,-2,-138
1767173888.0352385,1,-7,-131
1767173888.0452385,2,-6,-127
1767173888.0552382,2,-4,-128
1767173888.0652382,1,-5,-125
1767173888.0752382,-2,-5,-121
1767173888.0852382,-5,-6,-120
1767173888.0952382,-4,-4,-122
1767173888.1052382,-2,-4,-122
1767173888.1152382,2,-1,-122
1767173888.1252382,-3,-2,-125
1767173888.1352382,-5,-4,-121
1767173888.1452382,-4,-5,-119
1767173888.1552382,-7,-3,-119
1767173888.165238,-3,-1,-122
1767173888.175238,0,0,-124
1767173888.185238,0,0,-123
1767173888.195238,-2,1,-127
1767173888.205238,-1,1,-130
1767173888.215238,-4,3,-129
1767173888.225238,-4,4,-128
1767173888.235238,-5,6,-122
1767173888.245238,-4,5,-122
1767173888.2562382,-4,3,-121
1767173888.265238,-4,-1,-128
1767173888.2762382,2,2,-122
1767173888.2862382,0,-3,-123
1767173888.2962382,-3,-4,-121
1767173888.3062382,-1,0,-129
1767173888.3162382,0,4,-131
1767173888.3262382,3,3,-125
1767173888.336238,0,0,-125
1767173888.346238,-3,0,-126
1767173888.356238,0,3,-134
1767173888.366238,-4,1,-130
1767173888.376238,-1,1,-133
1767173888.386238,0,2,-133
1767173888.396238,3,1,-129
1767173888.406238,4,0,-130
1767173888.416238,1,0,-127
1767173888.426238,2,-1,-129
1767173888.436238,1,0,-123
1767173888.446238,2,-3,-123
1767173888.4562385,1,1,-121
1767173888.4662385,3,0,-124
1767173888.4762385,1,-1,-125
1767173888.4862382,-1,-4,-125
1767173888.4962382,0,-2,-123
1767173888.5062382,-2,-2,-122
1767173888.5162382,0,-4,-122
1767173888.5262382,-1,-5,-127
1767173888.5362382,-4,-5,-123
1767173888.5462382,-1,-3,-119
1767173888.5562382,-7,-3,-119
1767173888.5662382,-7,-1,-119
1767173888.5762382,-7,-2,-121
1767173888.586238,-8,-2,-119
1767173888.596238,-7,-3,-121
1767173888.606238,-9,-3,-120
1767173888.616238,-4,-3,-118
1767173888.626238,-4,-2,-115
1767173888.636238,0,-4,-114
1767173888.646238,0,-4,-107
1767173888.656238,-1,-2,-115
1767173888.666238,-2,-1,-122
1767173888.676238,3,1,-131
1767173888.686238,8,5,-130
1767173888.696238,4,6,-130
1767173888.7062385,1,6,-119
1767173888.7162385,0,5,-121
1767173888.7262385,-3,1,-121
1767173888.7362382,-7,4,-125
1767173888.7462382,-8,4,-132
1767173888.7562382,-6,5,-130
1767173888.7662382,-3,2,-126
1767173888.7762382,0,0,-123
1767173888.7862382,3,-3,-128
1767173888.7962382,3,-7,-132
1767173888.8062382,4,-3,-135
1767173888.8162382,4,-3,-127
1767173888.8262382,0,-2,-125
1767173888.836238,0,-3,-131
1767173888.846238,1,-1,-130
1767173888.856238,2,-1,-129
1767173888.866238,1,-2,-140
1767173888.876238,0,-3,-139
1767173888.886238,-1,-2,-139
1767173888.896238,-2,-2,-138
1767173888.906238,-3,1,-140
1767173888.916238,-4,2,-130
1767173888.926238,-2,0,-133
1767173888.936238,-2,-2,-128
1767173888.946238,-4,-5,-130
1767173888.9562385,-5,0,-128
1767173888.9662385,0,1,-127
1767173888.9762385,-2,4,-127
1767173888.9862382,-4,6,-125
1767173888.9962382,-4,7,-121
1767173889.0062382,-2,5,-128
1767173889.0162382,-4,0,-125
1767173889.0262382,-8,-1,-121
1767173889.0362382,-6,-4,-123
1767173889.0462382,-5,-7,-127
1767173889.0562382,-5,-6,-128
1767173889.0662382,-1,-6,-127
1767173889.0762382,1,-8,-118
1767173889.086238,0,-6,-114
1767173889.096238,0,-4,-119
1767173889.106238,0,-3,-119
1767173889.116238,1,-3,-119
1767173889.126238,2,-1,-120
1767173889.1372385,1,2,-122
1767173889.146238,0,6,-128
1767173889.156238,-6,3,-122
1767173889.166238,-5,2,-129
1767173889.176238,-5,0,-128
1767173889.186238,-10,0,-126
1767173889.196238,-4,-2,-123
1767173889.2062385,-3,-5,-125
1767173889.2162385,-3,-3,-122
1767173889.2262385,0,-5,-124
1767173889.2362382,-2,0,-131
1767173889.2462382,-6,-3,-123
1767173889.2562382,-5,-1,-122
1767173889.2662382,-5,-2,-128
1767173889.2762382,-5,-5,-127
1767173889.2862382,-6,-6,-127
1767173889.2962382,-7,-1,-134
1767173889.3062382,-8,1,-133
1767173889.3162382,-8,4,-130
1767173889.3262382,-4,4,-120
1767173889.336238,-3,2,-122
1767173889.346238,-8,3,-128
1767173889.356238,-10,2,-130
1767173889.366238,-6,5,-136
1767173889.376238,-6,5,-136
1767173889.386238,-2,3,-130
1767173889.396238,-2,3,-139
1767173889.406238,2,0,-137
1767173889.416238,2,6,-127
1767173889.426238,6,7,-129
1767173889.436238,3,8,-130
1767173889.446238,3,6,-133
1767173889.4562385,3,7,-130
1767173889.4662385,6,1,-131
1767173889.4762385,9,0,-130
1767173889.4862382,9,0,-131
1767173889.4962382,12,-1,-129
1767173889.5062382,7,0,-131
1767173889.5162382,5,0,-133
1767173889.5262382,3,-2,-128
1767173889.5362382,3,-3,-127
1767173889.5462382,8,0,-131
1767173889.5562382,8,4,-132
1767173889.5662382,10,0,-137
1767173889.5762382,8,0,-132
1767173889.586238,6,-1,-122
1767173889.596238,5,-2,-120
1767173889.606238,2,-3,-125
1767173889.616238,6,-5,-125
1767173889.626238,0,-4,-129
1767173889.636238,-1,-2,-132
1767173889.646238,-1,-2,-125
1767173889.656238,-1,-3,-124
1767173889.666238,1,-2,-129
1767173889.676238,3,0,-126
1767173889.686238,5,3,-130
1767173889.696238,9,3,-129
1767173889.7062385,8,3,-135
1767173889.7162385,3,5,-134
1767173889.7262385,0,5,-131
1767173889.7362382,-2,6,-123
1767173889.7462382,-1,6,-129
1767173889.7562382,-5,2,-131
1767173889.7662382,-4,5,-132
1767173889.7762382,-2,5,-131
1767173889.7862382,0,7,-132
1767173889.7962382,0,2,-125
1767173889.8062382,-2,2,-118
1767173889.8162382,-3,4,-117
1767173889.8262382,-3,0,-120
1767173889.836238,1,1,-123
1767173889.846238,3,-1,-123
1767173889.856238,-4,-6,-118
1767173889.866238,-5,-7,-117
1767173889.876238,-7,-4,-122
1767173889.886238,-3,-2,-126
1767173889.896238,-7,-1,-129
1767173889.906238,-9,-1,-128
1767173889.916238,-6,0,-119
1767173889.926238,-1,0,-122
1767173889.936238,-1,-2,-127
1767173889.946238,0,-2,-125
1767173889.9562385,-4,0,-122
1767173889.9662385,-6,0,-123
1767173889.9762385,-8,-1,-126
1767173889.9862382,-5,-1,-127
1767173889.9962382,-8,-1,-120
1767173890.0062382,-4,0,-122
1767173890.0162382,-1,2,-124
1767173890.0262382,0,6,-135
1767173890.0362382,-1,5,-131
1767173890.0462382,0,3,-123
1767173890.0562382,0,-3,-126
1767173890.0662382,2,-6,-128
1767173890.0762382,3,-3,-126
1767173890.086238,0,1,-128
1767173890.096238,7,4,-129
1767173890.106238,3,6,-126
1767173890.116238,-1,5,-128
1767173890.126238,0,5,-124
1767173890.136238,0,2,-125
1767173890.146238,2,1,-121
1767173890.156238,0,2,-125
1767173890.166238,0,2,-118
1767173890.176238,0,-1,-121
1767173890.186238,-3,-2,-127
1767173890.196238,3,0,-134
1767173890.2062385,0,0,-132
1767173890.2162385,1,0,-131
1767173890.2262385,1,-2,-129
1767173890.2362382,3,0,-122
1767173890.2462382,3,3,-123
1767173890.2562382,0,3,-124
1767173890.2662382,2,4,-123
1767173890.2762382,0,3,-123
1767173890.2862382,0,2,-123
1767173890.2962382,1,0,-120
1767173890.3062382,0,-3,-120
1767173890.3162382,5,-3,-128
1767173890.3262382,2,-3,-128
1767173890.336238,3,-1,-129
1767173890.346238,1,2,-129
1767173890.356238,3,2,-132
1767173890.366238,5,0,-128
1767173890.376238,3,0,-128
1767173890.386238,3,0,-125
1767173890.396238,0,-4,-127
1767173890.406238,4,-2,-128
1767173890.416238,4,0,-131
1767173890.426238,1,2,-139
1767173890.436238,-1,1,-138
1767173890.446238,2,0,-139
1767173890.4562385,3,1,-135
1767173890.4662385,2,2,-133
1767173890.4762385,4,3,-125
1767173890.4862382,3,0,-123
1767173890.4962382,3,5,-124
1767173890.5062382,-2,6,-115
1767173890.5162382,-2,2,-113
1767173890.5262382,-4,0,-115
1767173890.5362382,0,1,-113
1767173890.5462382,0,5,-110
1767173890.5562382,0,6,-116
1767173890.5662382,-3,5,-123
1767173890.5762382,-5,4,-132
1767173890.586238,-4,-1,-134
1767173890.596238,-1,-2,-135
1767173890.606238,0,-1,-139
1767173890.616238,1,-2,-140
1767173890.626238,3,1,-142
1767173890.636238,1,2,-134
1767173890.646238,-3,1,-135
1767173890.656238,0,6,-135
1767173890.666238,-3,6,-135
1767173890.676238,-3,-1,-132
1767173890.686238,-2,-5,-133
1767173890.696238,-2,-5,-130
1767173890.7062385,-4,-5,-133
1767173890.7162385,-3,-6,-143
1767173890.7262385,-1,-2,-138
1767173890.7362382,3,0,-135
1767173890.7462382,2,-4,-131
1767173890.7562382,0,-6,-127
1767173890.7662382,0,-8,-125
1767173890.7762382,-1,-9,-128
1767173890.7862382,-6,-12,-132
1767173890.7962382,-3,-12,-140
1767173890.8062382,-1,-13,-140
1767173890.8162382,-2,-12,-135
1767173890.8262382,-7,-8,-129
1767173890.836238,-9,-10,-123
1767173890.846238,-4,-5,-117
1767173890.856238,-6,-2,-111
1767173890.866238,-6,0,-113
1767173890.876238,-7,-1,-119
1767173890.886238,-7,-1,-118
1767173890.896238,-3,-2,-113
1767173890.9072382,-4,-3,-113
1767173890.916238,-5,-3,-105
1767173890.9272382,-1,-7,-110
1767173890.936238,-2,-2,-111
1767173890.9472382,0,-1,-118
1767173890.9572382,-2,-2,-121
1767173890.9672382,-3,0,-122
1767173890.9772382,-5,3,-119
1767173890.9872382,-2,0,-117
1767173890.9972382,-6,1,-118
1767173891.007238,-5,0,-118
1767173891.017238,-3,0,-118
1767173891.027238,0,0,-117
1767173891.037238,2,-1,-124
1767173891.047238,0,-4,-124
1767173891.057238,-3,-3,-128
1767173891.067238,-3,-5,-128
1767173891.077238,-6,-8,-136
1767173891.087238,-4,-7,-135
1767173891.097238,0,-1,-134
1767173891.107238,1,0,-136
1767173891.117238,2,0,-142
1767173891.127238,1,0,-134
1767173891.1372385,0,-3,-134
1767173891.1472385,0,-3,-134
1767173891.1572382,-3,0,-124
1767173891.1672382,-2,1,-126
1767173891.1772382,-3,0,-123
1767173891.1872382,-6,3,-118
1767173891.1972382,-4,3,-119
1767173891.2072382,3,3,-119
1767173891.2172382,3,7,-121
1767173891.2272382,3,6,-125
1767173891.2372382,4,4,-130
1767173891.2472382,4,1,-129
1767173891.257238,-1,-4,-129
1767173891.267238,-1,-6,-134
1767173891.277238,1,-4,-135
1767173891.287238,-4,-5,-132
1767173891.297238,-5,-3,-131
1767173891.307238,-2,-6,-133
1767173891.317238,-3,-3,-130
1767173891.327238,-1,-9,-127
1767173891.337238,1,-7,-133
1767173891.347238,1,-6,-131
1767173891.357238,-2,-6,-128
1767173891.367238,1,-2,-128
1767173891.377238,0,-1,-124
1767173891.3872385,-2,0,-129
1767173891.3972385,-6,4,-126
1767173891.4072382,-4,3,-125
1767173891.4172382,-1,2,-123
1767173891.4272382,0,0,-123
1767173891.4372382,-1,0,-129
1767173891.4472382,1,-1,-130
1767173891.4572382,2,-4,-124
1767173891.4672382,0,-1,-128
1767173891.4772382,4,-6,-127
1767173891.4872382,3,-6,-126
1767173891.4972382,5,-3,-122
1767173891.507238,0,0,-120
1767173891.517238,0,0,-117
1767173891.527238,2,-3,-119
1767173891.537238,-1,-1,-124
1767173891.547238,-4,-2,-119
1767173891.557238,-6,2,-119
1767173891.567238,-1,9,-119
1767173891.577238,0,5,-122
1767173891.587238,-3,1,-124
1767173891.597238,-4,1,-125
1767173891.607238,-6,-1,-129
1767173891.617238,-5,-2,-135
1767173891.627238,-3,-1,-130
1767173891.6372385,1,-1,-123
1767173891.6472385,3,-1,-126
1767173891.6572382,0,0,-122
1767173891.6672382,3,-3,-122
1767173891.6772382,4,-2,-122
1767173891.6872382,3,-2,-121
1767173891.6972382,0,-1,-114
1767173891.7072382,0,-3,-117
1767173891.7172382,4,-1,-123
1767173891.7272382,6,-1,-125
1767173891.7372382,3,1,-126
1767173891.7472382,3,1,-123
1767173891.757238,2,4,-124
1767173891.767238,0,6,-132
1767173891.777238,-3,6,-133
1767173891.787238,-2,3,-137
1767173891.797238,-2,4,-135
1767173891.807238,0,2,-133
1767173891.817238,0,0,-129
1767173891.827238,0,0,-123
1767173891.837238,0,2,-125
1767173891.847238,0,0,-122
1767173891.857238,-3,0,-119
1767173891.867238,-3,1,-119
1767173891.8882382,-3,1,-118
1767173891.8972385,-10,2,-123
1767173891.9072382,-9,1,-122
1767173891.9172382,0,3,-120
1767173891.9272382,0,4,-122
1767173891.9372382,-1,5,-129
1767173891.9472382,0,6,-130
1767173891.9572382,0,8,-122
1767173891.9672382,-2,7,-120
1767173891.9772382,-3,7,-117
1767173891.9872382,0,7,-118
1767173891.9972382,6,8,-112
1767173892.007238,5,4,-112
1767173892.017238,2,8,-114
1767173892.027238,3,7,-120
1767173892.037238,6,6,-125
1767173892.047238,5,5,-132
1767173892.057238,1,5,-125
1767173892.067238,4,4,-127
1767173892.077238,4,4,-125
1767173892.087238,3,3,-121
1767173892.097238,0,3,-114
1767173892.107238,-2,0,-123
1767173892.117238,2,0,-123
1767173892.127238,0,2,-122
1767173892.1372385,0,2,-122
1767173892.1472385,-1,0,-121
1767173892.1572382,-2,1,-119
1767173892.1672382,-2,-1,-116
1767173892.1772382,0,-2,-117
1767173892.1872382,-1,-5,-124
1767173892.1972382,0,-8,-129
1767173892.2072382,0,-7,-131
1767173892.2172382,-2,-7,-129
1767173892.2272382,-1,-8,-125
1767173892.2372382,-3,-10,-122
1767173892.2472382,-4,-11,-129
1767173892.257238,-2,-5,-126
1767173892.267238,-8,-5,-124
1767173892.277238,-8,-3,-129
1767173892.287238,-4,-7,-130
1767173892.297238,-5,-5,-135
1767173892.307238,-7,-1,-125
1767173892.317238,0,1,-120
1767173892.327238,0,0,-115
1767173892.337238,1,-3,-115
1767173892.347238,-2,-6,-114
1767173892.357238,-1,-5,-121
1767173892.367238,0,-3,-120
1767173892.377238,1,-2,-127
1767173892.3872385,2,-5,-130
1767173892.3972385,6,-5,-133
1767173892.4072382,2,-4,-134
1767173892.4172382,1,-6,-134
1767173892.4272382,1,-6,-134
1767173892.4372382,2,-2,-131
1767173892.4472382,4,-1,-130
1767173892.4572382,1,2,-133
1767173892.4672382,2,1,-131
1767173892.4772382,-3,-5,-126
1767173892.4872382,0,-5,-118
1767173892.4972382,-4,-5,-120
1767173892.507238,-6,-7,-124
1767173892.517238,-5,-5,-120
1767173892.527238,-4,0,-117
1767173892.537238,-2,0,-118
1767173892.547238,0,4,-121
1767173892.557238,3,1,-126
1767173892.567238,0,3,-136
1767173892.577238,3,4,-131
1767173892.587238,2,6,-130
1767173892.597238,5,3,-127
1767173892.607238,5,1,-123
1767173892.617238,2,1,-118
1767173892.627238,2,0,-115
1767173892.6372385,4,0,-119
1767173892.6472385,3,-3,-120
1767173892.6572382,5,-3,-118
1767173892.6672382,1,0,-119
1767173892.6772382,-2,1,-126
1767173892.6872382,-2,1,-119
1767173892.6972382,2,1,-125
1767173892.7072382,3,-1,-123
1767173892.7172382,2,1,-124
1767173892.7272382,0,4,-119
1767173892.7372382,1,1,-121
1767173892.7472382,0,1,-120
1767173892.757238,0,-4,-125
1767173892.767238,1,-4,-120
1767173892.777238,2,-4,-120
1767173892.787238,1,-9,-116
1767173892.797238,1,-7,-115
1767173892.807238,5,-8,-116
1767173892.817238,5,-5,-120
1767173892.827238,8,-7,-123
1767173892.837238,5,-6,-119
1767173892.847238,0,-3,-120
1767173892.857238,-2,-4,-123
1767173892.867238,-2,-2,-121
1767173892.877238,-5,-3,-114
1767173892.8872385,-2,0,-115
1767173892.8972385,0,2,-119
1767173892.9072382,-1,0,-125
1767173892.9172382,-1,-3,-126
1767173892.9272382,0,0,-121
1767173892.9372382,3,3,-116
1767173892.9472382,4,2,-120
1767173892.9572382,0,1,-127
1767173892.9672382,2,3,-122
1767173892.9772382,3,4,-123
1767173892.9872382,0,1,-122
1767173892.9972382,3,0,-124
1767173893.007238,4,1,-127
1767173893.017238,9,0,-129
1767173893.027238,8,0,-122
1767173893.037238,6,1,-123
1767173893.047238,8,-3,-123
1767173893.057238,8,-2,-120
1767173893.067238,4,0,-124
1767173893.077238,1,-1,-127
1767173893.087238,5,-3,-132
1767173893.097238,5,-1,-131
1767173893.107238,0,-2,-128
1767173893.117238,0,0,-127
1767173893.127238,0,4,-129
1767173893.1372385,4,3,-128
1767173893.1472385,3,1,-128
1767173893.1572382,5,0,-124
1767173893.1672382,2,2,-120
1767173893.1772382,6,-1,-121
1767173893.1872382,3,0,-125
1767173893.1972382,0,3,-129
1767173893.2072382,0,3,-124
1767173893.2172382,7,1,-122
1767173893.2272382,3,1,-119
1767173893.2372382,0,-5,-116
1767173893.2472382,-3,-1,-117
1767173893.257238,0,-4,-129
1767173893.267238,-4,-3,-132
1767173893.277238,-8,-2,-129
1767173893.287238,-9,-4,-123
1767173893.297238,-10,-3,-121
1767173893.307238,-9,-3,-120
1767173893.317238,-7,-4,-113
1767173893.327238,-5,-2,-121
1767173893.337238,-1,0,-125
1767173893.347238,-4,-1,-125
1767173893.357238,0,-1,-121
1767173893.367238,-9,-2,-126
1767173893.377238,-9,-1,-125
1767173893.3872385,-8,-4,-123
1767173893.3972385,-4,0,-127
1767173893.4072382,-3,0,-122
1767173893.4172382,-2,0,-125
1767173893.4272382,-1,0,-127
1767173893.438238,-3,-1,-129
1767173893.4472382,-1,-1,-124
1767173893.4572382,-2,0,-124
1767173893.4672382,4,0,-127
1767173893.4772382,6,-1,-125
1767173893.4872382,6,0,-121
1767173893.4972382,0,0,-126
1767173893.507238,0,3,-132
1767173893.517238,4,2,-136
1767173893.527238,2,4,-131
1767173893.538238,1,2,-130
1767173893.547238,1,-2,-129
1767173893.5582385,-2,-4,-123
1767173893.5682385,1,-7,-122
1767173893.5782382,6,-9,-119
1767173893.5882382,4,-6,-121
1767173893.5982382,3,-3,-124
1767173893.6082382,1,-2,-124
1767173893.6182382,0,-4,-125
1767173893.6282382,0,0,-124
1767173893.6382382,-1,0,-124
1767173893.6482382,0,-3,-121
1767173893.6582382,0,-10,-119
1767173893.6682382,-1,-4,-122
1767173893.6782382,-4,-5,-123
1767173893.688238,-2,-3,-118
1767173893.698238,-4,1,-123
1767173893.708238,-1,-1,-128
1767173893.718238,0,0,-130
1767173893.728238,1,-5,-130
1767173893.738238,-1,0,-128
1767173893.748238,-4,0,-124
1767173893.758238,-3,0,-125
1767173893.768238,0,2,-124
1767173893.778238,-1,0,-121
1767173893.788238,0,-1,-116
1767173893.798238,3,0,-119
1767173893.8082385,6,0,-123
1767173893.8182385,8,-1,-117
1767173893.8282382,8,0,-113
1767173893.8382382,9,-2,-114
1767173893.8482382,3,-1,-116
1767173893.8582382,1,-4,-120
1767173893.8682382,4,-3,-124
1767173893.8782382,3,-1,-129
1767173893.8882382,7,0,-136
1767173893.8982382,5,2,-141
1767173893.9082382,6,3,-139
1767173893.9182382,7,1,-143
1767173893.9282382,4,-3,-138
1767173893.938238,-1,-5,-133
1767173893.948238,-1,-5,-130
1767173893.958238,0,0,-127
1767173893.968238,0,0,-128
1767173893.978238,-2,-3,-132
1767173893.988238,-1,-2,-134
1767173893.998238,3,-4,-135
1767173894.008238,1,-7,-129
1767173894.018238,3,-8,-134
1767173894.028238,3,-8,-134
1767173894.038238,8,-5,-137
1767173894.048238,9,0,-135
1767173894.0582385,4,-2,-132
1767173894.0682385,1,-1,-127
1767173894.0782382,2,1,-124
1767173894.0882382,3,-4,-125
1767173894.0982382,0,-2,-124
1767173894.1082382,-2,-1,-118
1767173894.1182382,-5,-1,-117
1767173894.1282382,0,0,-114
1767173894.1382382,-6,0,-111
1767173894.1482382,-4,-2,-118
1767173894.1582382,-4,0,-121
1767173894.1682382,-2,0,-138
1767173894.1782382,-2,5,-131
1767173894.188238,-2,3,-126
1767173894.198238,0,2,-122
1767173894.208238,0,2,-119
1767173894.218238,0,4,-118
1767173894.228238,1,4,-118
1767173894.238238,6,1,-127
1767173894.248238,7,2,-130
1767173894.258238,5,1,-125
1767173894.268238,5,1,-117
1767173894.278238,0,4,-115
1767173894.288238,-2,3,-117
1767173894.298238,0,4,-118
1767173894.3082385,3,1,-120
1767173894.3182385,2,-1,-120
1767173894.3282382,2,-2,-117
1767173894.3382382,2,0,-116
1767173894.3482382,7,5,-120
1767173894.3582382,7,6,-117
1767173894.3682382,8,0,-115
1767173894.3782382,8,0,-114
1767173894.3882382,3,0,-117
1767173894.3982382,1,-5,-117
1767173894.4082382,0,-5,-120
1767173894.4182382,-2,-4,-129
1767173894.4282382,2,-1,-126
1767173894.438238,1,-2,-127
1767173894.448238,3,0,-120
1767173894.458238,3,-1,-114
1767173894.468238,3,-2,-119
1767173894.478238,0,0,-116
1767173894.488238,0,0,-114
1767173894.498238,0,0,-114
1767173894.508238,0,1,-114
1767173894.518238,2,5,-116
1767173894.528238,1,5,-129
1767173894.538238,1,3,-120
1767173894.548238,2,3,-115
1767173894.5582385,4,1,-119
1767173894.5682385,6,2,-116
1767173894.5782382,3,0,-120
1767173894.5882382,0,-4,-127
1767173894.5982382,-4,-2,-133
1767173894.6082382,-5,-3,-131
1767173894.6182382,-6,-5,-135
1767173894.6282382,-7,-5,-134
1767173894.6382382,-8,-2,-132
1767173894.6482382,-6,-6,-125
1767173894.6582382,0,-3,-126
1767173894.6682382,2,-1,-129
1767173894.6782382,0,3,-131
1767173894.688238,0,2,-135
1767173894.698238,1,-3,-128
1767173894.708238,-2,-6,-136
1767173894.718238,-2,-5,-136
1767173894.728238,0,1,-124
1767173894.738238,-2,2,-126
1767173894.748238,0,-1,-134
1767173894.758238,-4,-2,-135
1767173894.768238,-6,-1,-137
1767173894.778238,-7,-1,-140
1767173894.788238,-7,3,-141
1767173894.798238,-10,2,-139
1767173894.8082385,-6,0,-135
1767173894.8182385,-3,4,-135
1767173894.8282382,-3,4,-137
1767173894.8382382,0,6,-139
1767173894.8482382,4,2,-140
1767173894.8582382,0,1,-134
1767173894.8682382,0,3,-131
1767173894.8782382,0,0,-129
1767173894.8882382,0,3,-126
1767173894.8982382,-3,1,-129
1767173894.9082382,-5,2,-132
1767173894.9182382,-4,1,-130
1767173894.9282382,-3,2,-127
1767173894.938238,-4,0,-126
1767173894.948238,-2,1,-121
1767173894.958238,0,-1,-121
1767173894.968238,0,-1,-117
1767173894.978238,1,-1,-122
1767173894.988238,0,0,-120
1767173894.998238,0,1,-120
1767173895.008238,-2,-4,-120
1767173895.018238,-3,-1,-121
1767173895.028238,0,3,-123
1767173895.038238,0,3,-123
1767173895.048238,-5,-1,-122
1767173895.0582385,-6,0,-118
1767173895.0682385,-5,0,-122
1767173895.0782382,-10,-3,-124
1767173895.0882382,-9,-3,-127
1767173895.0982382,-8,-3,-127
1767173895.1082382,-8,-5,-131
1767173895.1182382,-5,-3,-131
1767173895.1282382,-5,-3,-133
1767173895.1382382,-3,-2,-122
1767173895.1482382,0,-3,-119
1767173895.1582382,1,-1,-116
1767173895.1682382,0,-3,-118
1767173895.1782382,-2,-6,-123
1767173895.188238,1,-3,-125
1767173895.198238,-2,0,-124
1767173895.208238,1,1,-124
1767173895.218238,3,2,-121
1767173895.228238,-3,4,-127
1767173895.238238,-3,4,-129
1767173895.248238,-2,5,-125
1767173895.258238,-4,9,-131
1767173895.268238,-5,7,-130
1767173895.278238,0,4,-133
1767173895.288238,1,1,-131
1767173895.298238,3,0,-127
1767173895.3082385,4,-1,-133
1767173895.3182385,5,-4,-136
1767173895.3282382,5,-7,-133
1767173895.3382382,0,-4,-135
1767173895.3482382,-3,0,-135
1767173895.3582382,-3,1,-132
1767173895.3682382,-2,6,-132
1767173895.3782382,0,2,-132
1767173895.3882382,-7,2,-128
1767173895.3982382,-6,1,-133
1767173895.4082382,-5,-2,-136
1767173895.4182382,-1,-8,-131
1767173895.4282382,-1,-13,-129
1767173895.438238,-4,-12,-123
1767173895.448238,-4,-8,-124
1767173895.458238,-4,-4,-123
1767173895.468238,-6,-3,-124
1767173895.478238,-7,-3,-125
1767173895.488238,-8,-5,-124
1767173895.498238,-6,-3,-122
1767173895.508238,-1,-2,-118
1767173895.518238,1,0,-120
1767173895.528238,0,4,-120
1767173895.538238,-4,4,-120
1767173895.548238,-6,2,-123
1767173895.5582385,-2,1,-125
1767173895.5682385,0,0,-124
1767173895.5782382,-1,0,-121
1767173895.5882382,-3,1,-120
1767173895.5982382,2,1,-132
1767173895.6082382,0,-6,-132
1767173895.6182382,1,-5,-135
1767173895.6282382,2,-6,-128
1767173895.6382382,-1,-3,-120
1767173895.6482382,-2,-1,-121
1767173895.6582382,-4,1,-124
1767173895.6682382,-3,2,-122
1767173895.6782382,-2,0,-123
1767173895.688238,0,1,-117
1767173895.698238,-2,-1,-117
1767173895.708238,-4,-2,-119
1767173895.718238,-2,0,-123
1767173895.728238,0,1,-121
1767173895.738238,0,0,-126
1767173895.748238,-2,0,-123
1767173895.758238,0,2,-127
1767173895.768238,0,3,-124
1767173895.778238,0,4,-123
1767173895.788238,3,4,-129
1767173895.798238,4,5,-132
1767173895.8082385,4,4,-131
1767173895.8182385,2,6,-125
1767173895.8282382,8,5,-123
1767173895.8382382,5,5,-126
1767173895.8482382,0,5,-121
1767173895.8582382,-1,2,-125
1767173895.8682382,0,0,-122
1767173895.8782382,0,-5,-121
1767173895.8882382,-4,-11,-122
1767173895.8982382,-4,-12,-125
1767173895.9082382,-9,-11,-127
1767173895.9182382,-8,-13,-121
1767173895.9282382,-11,-14,-124
1767173895.938238,-12,-14,-126
1767173895.948238,-11,-10,-126
1767173895.958238,-8,-6,-127
1767173895.968238,-3,-3,-128
1767173895.978238,0,-4,-127
1767173895.988238,0,-2,-128
1767173895.998238,-3,-4,-128
1767173896.008238,-5,-6,-125
1767173896.018238,-6,-8,-122
1767173896.028238,-4,-10,-124
1767173896.038238,-7,-8,-131
1767173896.048238,-4,-11,-130
1767173896.0582385,-2,-9,-128
1767173896.0682385,-2,-5,-125
1767173896.0782382,-1,-4,-124
1767173896.0882382,-7,-5,-125
1767173896.0982382,-8,-4,-121
1767173896.1082382,-10,-2,-123
1767173896.1182382,-8,-3,-123
1767173896.1282382,-6,-5,-117
1767173896.1382382,0,-4,-122
1767173896.1482382,-5,-4,-121
1767173896.1582382,-7,-6,-124
1767173896.169238,-7,0,-124
1767173896.1782382,-5,3,-127
1767173896.188238,-2,6,-125
1767173896.199238,-2,8,-123
1767173896.209238,0,6,-123
1767173896.219238,0,2,-116
1767173896.2292385,1,0,-114
1767173896.2392385,5,-3,-110
1767173896.2492385,2,-6,-115
1767173896.2592382,2,-3,-114
1767173896.2692382,2,-2,-114
1767173896.2792382,0,-3,-121
1767173896.2892382,4,-2,-119
1767173896.2992382,1,-3,-123
1767173896.3092382,-2,-1,-120
1767173896.3192382,-4,3,-118
1767173896.3292382,-7,6,-115
1767173896.3392382,-6,8,-113
1767173896.3492382,-4,5,-125
1767173896.359238,-2,3,-127
1767173896.369238,2,0,-134
1767173896.379238,2,0,-134
1767173896.389238,0,1,-136
1767173896.399238,4,-4,-130
1767173896.409238,6,-5,-129
1767173896.419238,0,-2,-122
1767173896.429238,4,-2,-121
1767173896.439238,2,-6,-119
1767173896.449238,1,-4,-122
1767173896.459238,0,-4,-124
1767173896.469238,2,-3,-123
1767173896.4792385,2,-3,-123
1767173896.4892385,0,-1,-128
1767173896.4992385,-2,-3,-131
1767173896.5102382,-1,-1,-135
1767173896.5192382,-1,-4,-140
1767173896.5292382,0,-3,-133
1767173896.5392382,0,3,-130
1767173896.5492382,1,5,-126
1767173896.5592382,0,2,-127
1767173896.5692382,1,1,-130
1767173896.5792382,-2,-1,-123
1767173896.5892382,-2,2,-123
1767173896.5992382,0,1,-129
1767173896.609238,0,1,-131
1767173896.619238,2,1,-131
1767173896.629238,10,0,-126
1767173896.639238,5,-2,-129
1767173896.649238,0,-3,-130
1767173896.659238,0,-8,-124
1767173896.669238,5,-9,-122
1767173896.679238,4,-8,-122
1767173896.689238,13,-8,-125
1767173896.699238,11,-4,-127
1767173896.709238,10,-6,-131
1767173896.719238,8,-8,-130
1767173896.7292385,6,-9,-128
1767173896.7392385,4,-5,-123
1767173896.7492385,5,-3,-119
1767173896.7592382,3,-6,-116
1767173896.7692382,0,-3,-122
1767173896.7792382,-2,-3,-124
1767173896.7892382,-2,-3,-127
1767173896.7992382,1,0,-130
1767173896.8092382,0,3,-126
1767173896.8192382,-2,0,-130
1767173896.8292382,-7,-1,-131
1767173896.8392382,-5,-4,-135
1767173896.8492382,0,-9,-130
1767173896.859238,3,-6,-131
1767173896.869238,7,-3,-129
1767173896.879238,9,-2,-127
1767173896.9012382,10,3,-127
1767173896.909238,5,2,-134
1767173896.919238,3,4,-136
1767173896.929238,4,2,-129
1767173896.939238,2,1,-130
1767173896.949238,2,-1,-126
1767173896.959238,1,-2,-128
1767173896.969238,4,-2,-123
1767173896.9792385,6,-1,-119
1767173896.9892385,1,-2,-122
1767173896.9992385,0,-1,-121
1767173897.0092382,-1,-3,-118
1767173897.0192382,-3,2,-114
1767173897.0292382,-2,-1,-120
1767173897.0392382,3,0,-125
1767173897.0492382,3,0,-127
1767173897.0592382,2,-1,-130
1767173897.0692382,-1,-4,-128
1767173897.0792382,-4,-5,-130
1767173897.0892382,-5,-5,-130
1767173897.0992382,-4,-9,-130
1767173897.109238,-3,-4,-133
1767173897.119238,-2,-1,-135
1767173897.129238,-4,0,-131
1767173897.139238,-2,-5,-130
1767173897.149238,-1,-4,-122
1767173897.159238,-1,-5,-121
1767173897.169238,0,-9,-123
1767173897.179238,-2,-7,-123
1767173897.189238,-1,-8,-132
1767173897.199238,3,-14,-136
1767173897.209238,-1,-15,-140
1767173897.219238,-2,-16,-138
1767173897.2292385,-1,-16,-132
1767173897.2392385,-1,-11,-124
1767173897.2492385,-1,-10,-121
1767173897.2592382,0,-11,-118
1767173897.2692382,0,-8,-119
1767173897.2792382,-4,-8,-124
1767173897.2892382,-2,-7,-127
1767173897.2992382,0,-3,-124
1767173897.3092382,0,-5,-125
1767173897.3192382,2,-5,-119
1767173897.3292382,3,-4,-120
1767173897.3392382,5,-6,-116
1767173897.3492382,0,-4,-114
1767173897.359238,1,-6,-120
1767173897.369238,3,-3,-125
1767173897.379238,2,-3,-125
1767173897.389238,3,-5,-122
1767173897.399238,3,-4,-114
1767173897.409238,4,-6,-118
1767173897.419238,2,-3,-118
1767173897.429238,0,-2,-113
1767173897.439238,-4,-1,-120
1767173897.449238,-8,-5,-124
1767173897.459238,-2,-3,-121
1767173897.469238,0,-8,-123
1767173897.4792385,0,-5,-126
1767173897.4892385,-2,1,-123
1767173897.4992385,1,0,-120
1767173897.5092382,0,-4,-120
1767173897.5192382,0,-4,-126
1767173897.5292382,-2,-1,-127
1767173897.5392382,-1,-1,-127
1767173897.5492382,0,-1,-128
1767173897.5592382,0,1,-132
1767173897.5692382,-1,0,-128
1767173897.5792382,-4,0,-123
1767173897.5892382,-4,-6,-120
1767173897.5992382,-4,-7,-119
1767173897.609238,-5,-10,-118
1767173897.619238,-1,-10,-118
1767173897.629238,3,-10,-118
1767173897.639238,1,-6,-115
1767173897.649238,2,-5,-114
1767173897.659238,-1,-4,-113
1767173897.669238,-3,-4,-121
1767173897.679238,-1,0,-123
1767173897.689238,0,-2,-129
1767173897.699238,0,-3,-133
1767173897.709238,0,-4,-130
1767173897.719238,2,-7,-129
1767173897.7292385,2,-4,-129
1767173897.7392385,2,-4,-127
1767173897.7492385,0,-6,-135
1767173897.7592382,5,-7,-133
1767173897.7692382,0,-5,-138
1767173897.7792382,0,0,-137
1767173897.7892382,0,0,-130
1767173897.7992382,-1,1,-134
1767173897.8092382,-3,6,-132
1767173897.8192382,-4,7,-126
1767173897.8292382,-3,4,-125
1767173897.8392382,-1,4,-131
1767173897.8492382,-3,3,-128
1767173897.859238,1,0,-124
1767173897.869238,-2,0,-118
1767173897.879238,-4,1,-115
1767173897.889238,-3,2,-117
1767173897.899238,-3,1,-119
1767173897.909238,-2,0,-120
1767173897.919238,-4,2,-117
1767173897.929238,-4,0,-117
1767173897.939238,-4,-2,-120
1767173897.949238,1,-3,-124
1767173897.959238,2,-5,-121
1767173897.969238,3,-2,-120
1767173897.9792385,-1,-1,-120
1767173897.9892385,-2,0,-120
1767173897.9992385,-5,0,-121
1767173898.0092382,-1,0,-113
1767173898.0192382,0,-7,-112
1767173898.0292382,1,-3,-116
1767173898.0392382,4,-4,-121
1767173898.0492382,5,-4,-125
1767173898.0592382,2,0,-122
1767173898.0692382,0,0,-125
1767173898.0792382,1,2,-124
1767173898.0892382,0,3,-119
1767173898.0992382,0,0,-119
1767173898.109238,0,0,-123
1767173898.119238,-4,-3,-123
1767173898.129238,-5,0,-123
1767173898.139238,-5,0,-124
1767173898.149238,-6,1,-122
1767173898.159238,-3,2,-116
1767173898.169238,0,4,-116
1767173898.179238,1,3,-115
1767173898.189238,0,6,-111
1767173898.199238,0,5,-105
1767173898.209238,-2,7,-109
1767173898.219238,2,3,-108
1767173898.2292385,0,-6,-111
1767173898.2392385,1,-6,-113
1767173898.2492385,1,-4,-123
1767173898.2592382,1,-5,-122
1767173898.2692382,3,-6,-117
1767173898.2792382,0,-7,-116
1767173898.2892382,0,-7,-115
1767173898.2992382,-2,-8,-124
1767173898.3092382,-2,-7,-133
1767173898.3192382,1,-11,-127
1767173898.3292382,4,-8,-127
1767173898.3392382,6,-7,-123
1767173898.3492382,4,-5,-121
1767173898.359238,-1,-8,-120
1767173898.369238,1,-4,-121
1767173898.379238,-3,-2,-120
1767173898.389238,-2,0,-122
1767173898.399238,0,-6,-120
1767173898.409238,5,-7,-122
1767173898.419238,0,-5,-131
1767173898.429238,2,-7,-132
1767173898.439238,5,-5,-134
1767173898.449238,5,-2,-131
1767173898.459238,3,-3,-130
1767173898.469238,3,-5,-121
1767173898.4792385,7,-6,-129
1767173898.4892385,5,-3,-131
1767173898.4992385,2,-2,-132
1767173898.5092382,-4,-1,-123
1767173898.5192382,-8,-4,-123
1767173898.5292382,-2,-4,-122
1767173898.5392382,0,-2,-120
1767173898.5492382,7,-2,-129
1767173898.5592382,6,-1,-127
1767173898.5692382,11,0,-129
1767173898.5792382,9,-1,-132
1767173898.5892382,9,-3,-133
1767173898.5992382,6,-5,-132
1767173898.609238,0,-7,-128
1767173898.619238,-3,-4,-127
1767173898.629238,-5,-3,-131
1767173898.639238,-6,-2,-129
1767173898.649238,-2,1,-126
1767173898.659238,0,0,-130
1767173898.669238,4,1,-134
1767173898.679238,2,1,-137
1767173898.689238,0,-3,-137
1767173898.699238,-3,-6,-134
1767173898.709238,-4,-10,-129
1767173898.719238,0,-10,-123
1767173898.7292385,0,-7,-123
1767173898.7392385,-2,-5,-128
1767173898.7492385,0,-8,-124
1767173898.7592382,-2,-7,-125
1767173898.7692382,-2,-1,-124
1767173898.7792382,0,-1,-124
1767173898.7892382,-7,0,-122
1767173898.7992382,-7,1,-123
1767173898.8092382,-4,-2,-126
1767173898.8192382,0,-4,-126
1767173898.8292382,2,-2,-131
1767173898.8392382,-2,-1,-125
1767173898.8492382,-2,0,-128
1767173898.860238,-5,-1,-129
1767173898.869238,-7,-1,-126
1767173898.880238,-5,0,-124
1767173898.890238,-3,2,-122
1767173898.900238,-4,3,-120
1767173898.9102385,-4,1,-121
1767173898.9202385,-5,-2,-129
1767173898.9302382,-1,-1,-129
1767173898.9402382,5,0,-117
1767173898.9502382,2,0,-112
1767173898.9602382,4,0,-120
1767173898.9702382,6,-2,-119
1767173898.9802382,5,-1,-124
1767173898.9902382,4,-2,-129
1767173899.0002382,0,-3,-127
1767173899.0102382,1,-4,-126
1767173899.0202382,0,-4,-119
1767173899.0302382,1,-6,-126
1767173899.040238,0,-5,-128
1767173899.050238,0,-1,-132
1767173899.060238,-1,-4,-130
1767173899.070238,0,-4,-134
1767173899.080238,-1,-6,-137
1767173899.090238,-2,-3,-138
1767173899.100238,-4,0,-128
1767173899.110238,-4,0,-123
1767173899.120238,0,-1,-129
1767173899.130238,0,-2,-131
1767173899.140238,1,-3,-133
1767173899.150238,1,1,-130
1767173899.1602385,6,3,-129
1767173899.1702385,11,5,-130
1767173899.1802382,9,4,-132
1767173899.1902382,8,6,-133
1767173899.2002382,0,3,-132
1767173899.2102382,0,6,-132
1767173899.2202382,0,2,-131
1767173899.2302382,-3,-2,-128
1767173899.2402382,-1,-5,-136
1767173899.2502382,0,-5,-134
1767173899.2602382,-2,-2,-130
1767173899.2702382,-1,1,-127
1767173899.2802382,-4,0,-123
1767173899.290238,-5,0,-125
1767173899.300238,-6,-2,-128
1767173899.310238,-5,-2,-124
1767173899.320238,0,0,-128
1767173899.330238,-3,2,-135
1767173899.340238,-10,1,-130
1767173899.350238,-6,3,-131
1767173899.360238,-5,0,-132
1767173899.370238,-4,0,-132
1767173899.380238,-2,5,-128
1767173899.390238,0,8,-123
1767173899.400238,0,8,-120
1767173899.4102385,-1,3,-126
1767173899.4202385,-10,1,-124
1767173899.4302382,-6,1,-122
1767173899.4402382,-8,0,-124
1767173899.4502382,-7,1,-116
1767173899.4602382,-4,1,-115
1767173899.4702382,-5,3,-114
1767173899.4802382,-2,2,-120
1767173899.4902382,-3,0,-123
1767173899.5002382,-2,-3,-119
1767173899.5102382,0,-7,-120
1767173899.5202382,3,-6,-125
1767173899.5302382,2,-8,-125
1767173899.540238,6,-10,-125
1767173899.550238,3,-9,-134
1767173899.560238,2,-6,-130
1767173899.570238,4,-6,-130
1767173899.580238,7,-1,-126
1767173899.590238,7,0,-135
1767173899.600238,2,1,-133
1767173899.610238,0,0,-129
1767173899.620238,0,0,-136
1767173899.630238,-2,0,-128
1767173899.640238,-5,2,-128
1767173899.650238,-4,0,-132
1767173899.6602385,-1,0,-129
1767173899.6702385,-4,-2,-134
1767173899.6802382,-5,-1,-133
1767173899.6902382,-6,0,-124
1767173899.7002382,-4,-2,-122
1767173899.7102382,-2,-1,-125
1767173899.7202382,-5,1,-131
1767173899.7302382,-4,3,-131
1767173899.7402382,-4,0,-126
1767173899.7502382,0,0,-124
1767173899.7602382,2,-5,-122
1767173899.7702382,-1,-8,-121
1767173899.7802382,-1,-7,-125
1767173899.790238,0,-4,-121
1767173899.800238,0,-8,-124
1767173899.810238,-4,-9,-121
1767173899.820238,-7,-7,-121
1767173899.830238,-9,-7,-129
1767173899.840238,-9,-1,-128
1767173899.850238,-6,-4,-131
1767173899.860238,-5,-5,-135
1767173899.870238,-10,-6,-136
1767173899.880238,-9,-4,-135
1767173899.890238,-5,-6,-130
1767173899.900238,-5,-5,-125
1767173899.9102385,-5,-4,-124
1767173899.9202385,-5,-6,-119
1767173899.9302382,-3,-7,-109
1767173899.9402382,-2,-7,-114
1767173899.9502382,0,-8,-120
1767173899.9602382,2,-10,-124
1767173899.9702382,4,-6,-129
1767173899.9802382,5,-2,-130
1767173899.9902382,8,-1,-135
1767173900.0002382,9,0,-133
1767173900.0102382,7,0,-125
1767173900.0202382,2,2,-126
1767173900.0302382,0,6,-121
1767173900.040238,-1,1,-123
1767173900.050238,-2,0,-125
1767173900.060238,1,0,-124
1767173900.070238,0,-1,-118
1767173900.080238,1,-5,-109
1767173900.090238,1,-1,-116
1767173900.100238,0,-1,-116
1767173900.110238,0,-1,-119
1767173900.120238,1,-2,-122
1767173900.130238,1,0,-117
1767173900.140238,-6,3,-119
1767173900.150238,-7,0,-127
1767173900.1602385,-2,3,-126
1767173900.1702385,-3,5,-125
1767173900.1802382,-8,2,-124
1767173900.1902382,-6,3,-117
1767173900.2002382,-5,5,-123
1767173900.2102382,-2,5,-128
1767173900.2202382,0,1,-127
1767173900.2302382,3,4,-126
1767173900.2402382,0,2,-124
1767173900.2502382,-5,0,-121
1767173900.2602382,-4,2,-118
1767173900.2702382,-3,1,-125
1767173900.2802382,1,-2,-127
1767173900.290238,2,-1,-124
1767173900.300238,0,1,-120
1767173900.310238,1,0,-118
1767173900.320238,-3,0,-119
1767173900.330238,0,-3,-121
1767173900.340238,4,-4,-124
1767173900.350238,2,0,-123
1767173900.360238,2,2,-122
1767173900.370238,0,4,-123
1767173900.380238,0,1,-126
1767173900.390238,2,-1,-126
1767173900.400238,4,-2,-124
1767173900.4102385,5,-3,-128
1767173900.4202385,0,-3,-130
1767173900.4302382,0,0,-131
1767173900.4402382,3,-3,-135
1767173900.4502382,4,-7,-130
1767173900.4602382,0,0,-127
1767173900.4702382,2,2,-129
1767173900.4802382,-2,0,-136
1767173900.4902382,-2,0,-130
1767173900.5002382,-5,0,-123
1767173900.5102382,-4,-2,-122
1767173900.5202382,-2,0,-123
1767173900.5302382,0,0,-123
1767173900.540238,0,-1,-124
1767173900.550238,0,-4,-127
1767173900.560238,0,-7,-125
1767173900.570238,1,-4,-125
1767173900.580238,0,3,-121
1767173900.590238,0,3,-122
1767173900.600238,5,2,-117
1767173900.610238,4,2,-121
1767173900.620238,5,3,-122
1767173900.630238,3,4,-123
1767173900.640238,-4,4,-120
1767173900.650238,-2,0,-126
1767173900.6602385,-3,0,-129
1767173900.6702385,-6,-3,-123
1767173900.6802382,-4,0,-122
1767173900.6902382,-7,-3,-128
1767173900.7002382,-4,1,-130
1767173900.7102382,0,7,-134
1767173900.7202382,0,4,-133
1767173900.7302382,-1,4,-135
1767173900.7402382,-3,4,-135
1767173900.7502382,-1,2,-134
1767173900.7602382,2,2,-134
1767173900.7702382,5,3,-136
1767173900.7802382,7,4,-137
1767173900.790238,3,1,-135
1767173900.800238,4,0,-129
1767173900.811238,1,1,-135
1767173900.820238,3,0,-135
1767173900.830238,1,-1,-130
1767173900.840238,4,-2,-130
1767173900.850238,5,-4,-128
1767173900.860238,2,-3,-127
1767173900.870238,0,-2,-127
1767173900.880238,0,-4,-132
1767173900.890238,4,-6,-128
1767173900.900238,9,-4,-118
1767173900.9102385,7,-5,-117
1767173900.9202385,4,-4,-119
1767173900.9302382,2,-5,-119
1767173900.9402382,-1,-5,-122
1767173900.9502382,-6,-4,-123
1767173900.9602382,-7,-5,-122
1767173900.9702382,-11,-7,-124
1767173900.9802382,-7,-9,-125
1767173900.9902382,0,-11,-124
1767173901.0002382,1,-7,-123
1767173901.0102382,2,-10,-123
1767173901.0202382,-1,-12,-119
1767173901.0302382,-2,-6,-114
1767173901.040238,-8,-1,-115
1767173901.050238,-9,0,-122
1767173901.060238,-10,0,-121
1767173901.070238,-10,1,-117
1767173901.080238,-6,3,-119
1767173901.090238,-4,4,-117
1767173901.100238,-1,0,-116
1767173901.110238,-2,-3,-119
1767173901.120238,-4,-4,-121
1767173901.130238,-1,-4,-132
1767173901.140238,2,-6,-131
1767173901.150238,2,-8,-130
1767173901.1602385,-1,-9,-131
1767173901.1702385,-2,-4,-131
1767173901.1802382,-5,-1,-130
1767173901.1902382,-1,-1,-123
1767173901.2002382,0,-3,-119
1767173901.2102382,-2,3,-120
1767173901.2202382,-1,1,-122
1767173901.2302382,0,-3,-126
1767173901.2402382,0,-11,-130
1767173901.2502382,-3,-10,-126
1767173901.2602382,-2,-3,-125
1767173901.2702382,0,-4,-126
1767173901.2802382,-2,-4,-121
1767173901.290238,-2,-7,-122
1767173901.300238,-1,-8,-120
1767173901.310238,0,-11,-117
1767173901.320238,1,-6,-115
1767173901.330238,0,-5,-116
1767173901.340238,0,-6,-118
1767173901.350238,-1,-3,-128
1767173901.360238,1,-5,-126
1767173901.370238,1,0,-124
1767173901.380238,0,0,-128
1767173901.390238,-2,0,-129
1767173901.400238,-2,0,-127
1767173901.4102385,-8,1,-130
1767173901.4202385,-7,2,-125
1767173901.4302382,-5,1,-120
1767173901.4402382,-7,0,-122
1767173901.4502382,-4,1,-120
1767173901.4602382,-6,0,-121
1767173901.4702382,-4,0,-125
1767173901.4802382,-4,0,-125
1767173901.491238,-4,3,-129
1767173901.501238,-3,1,-130
1767173901.511238,-3,-2,-124
1767173901.521238,0,0,-122
1767173901.531238,0,1,-118
1767173901.541238,-5,0,-114
1767173901.551238,-5,-4,-119
1767173901.561238,-6,-4,-124
1767173901.571238,0,-1,-121
1767173901.5812385,0,0,-122
1767173901.5912385,-1,1,-121
1767173901.6012385,-5,1,-120
1767173901.6112382,-2,4,-116
1767173901.6212382,-4,4,-116
1767173901.6312382,-2,4,-123
1767173901.6412382,0,7,-128
1767173901.6512382,6,1,-124
1767173901.6612382,6,0,-126
1767173901.6712382,0,0,-125
1767173901.6812382,2,0,-121
1767173901.6912382,0,-1,-123
1767173901.7012382,-1,-5,-118
1767173901.711238,-3,-7,-120
1767173901.721238,2,-8,-128
1767173901.731238,3,-9,-128
1767173901.741238,6,-8,-127
1767173901.751238,3,-5,-123
1767173901.761238,2,-5,-121
1767173901.771238,1,-5,-116
1767173901.781238,3,-5,-114
1767173901.791238,1,-6,-117
1767173901.801238,0,-7,-119
1767173901.811238,2,-7,-115
1767173901.821238,4,-2,-113
1767173901.8312385,0,-2,-111
1767173901.8412385,-1,-2,-117
1767173901.8512385,-2,-1,-114
1767173901.8612382,-3,-5,-109
1767173901.8712382,-3,-4,-119
1767173901.8812382,-4,-5,-124
1767173901.8912382,-4,-2,-126
1767173901.913238,-3,-1,-121
1767173901.9212382,-3,-5,-121
1767173901.9312382,-3,-7,-118
1767173901.9412382,-1,-7,-120
1767173901.9512382,0,-7,-126
1767173901.961238,-2,-9,-120
1767173901.971238,-4,-7,-116
1767173901.981238,-3,-5,-120
1767173901.991238,-4,-2,-121
1767173902.001238,-3,-2,-122
1767173902.011238,-7,-5,-124
1767173902.021238,-5,-6,-123
1767173902.031238,-4,-5,-117
1767173902.041238,0,-6,-126
1767173902.051238,-3,-6,-125
1767173902.061238,0,-7,-123
1767173902.071238,-4,-9,-123
1767173902.0812385,-1,-9,-129
1767173902.0912385,-2,-6,-133
1767173902.1012385,-1,-8,-127
1767173902.1112382,3,-3,-124
1767173902.1212382,-2,-3,-119
1767173902.1312382,-1,-7,-121
1767173902.1412382,0,-9,-124
1767173902.1512382,-1,-12,-129
1767173902.1612382,-3,-7,-128
1767173902.1712382,-5,-8,-127
1767173902.1812382,-1,-8,-124
1767173902.1912382,0,-7,-126
1767173902.2012382,2,-7,-131
1767173902.211238,3,-4,-134
1767173902.221238,6,-5,-130
1767173902.231238,8,-3,-130
1767173902.241238,8,-6,-127
1767173902.251238,10,-6,-121
1767173902.261238,10,-6,-124
1767173902.271238,12,-6,-127
1767173902.281238,7,-4,-127
1767173902.291238,3,0,-124
1767173902.301238,7,0,-121
1767173902.311238,7,-2,-117
1767173902.321238,8,-2,-120
1767173902.3312385,4,-1,-119
1767173902.3412385,4,0,-125
1767173902.3512385,6,0,-121
1767173902.3612382,6,-5,-121
1767173902.3712382,4,-4,-121
1767173902.3812382,0,-6,-123
1767173902.3912382,0,-3,-126
1767173902.4012382,1,-2,-122
1767173902.4112382,2,-2,-124
1767173902.4212382,1,-5,-129
1767173902.4312382,0,0,-128
1767173902.4412382,-1,1,-129
1767173902.4512382,1,1,-134
1767173902.461238,4,1,-134
1767173902.471238,6,2,-130
1767173902.481238,6,0,-125
1767173902.491238,9,-2,-127
1767173902.501238,5,-2,-133
1767173902.511238,3,-1,-127
1767173902.521238,3,-1,-125
1767173902.531238,2,-1,-123
1767173902.541238,2,0,-120
1767173902.551238,0,0,-126
1767173902.561238,-1,1,-122
1767173902.571238,-1,2,-120
1767173902.5812385,-1,2,-129
1767173902.5912385,-4,-4,-127
1767173902.6012385,-2,-2,-138
1767173902.6112382,-4,-1,-135
1767173902.6212382,-1,-1,-127
1767173902.6312382,-4,1,-129
1767173902.6412382,-5,0,-135
1767173902.6512382,-8,-4,-128
1767173902.6612382,-10,-2,-125
1767173902.6712382,-6,0,-120
1767173902.6812382,2,4,-114
1767173902.6912382,2,3,-112
1767173902.7012382,2,3,-118
1767173902.711238,0,1,-118
1767173902.721238,3,-2,-118
1767173902.731238,1,-4,-109
1767173902.741238,5,-4,-115
1767173902.751238,5,-5,-121
1767173902.761238,5,-4,-111
1767173902.771238,3,-5,-114
1767173902.781238,1,-1,-120
1767173902.791238,-4,-4,-123
1767173902.801238,-4,-4,-120
1767173902.811238,-4,-2,-125
1767173902.821238,-3,-1,-129
1767173902.8312385,-5,0,-126
1767173902.8412385,-4,0,-123
1767173902.8512385,-2,2,-128
1767173902.8612382,0,-1,-124
1767173902.8712382,0,-4,-123
1767173902.8812382,0,-8,-118
1767173902.8912382,-3,-5,-120
1767173902.9012382,0,-2,-126
1767173902.9112382,2,1,-120
1767173902.9212382,1,0,-118
1767173902.9312382,0,-4,-120
1767173902.9412382,2,-2,-122
1767173902.9512382,2,2,-120
1767173902.961238,7,2,-116
1767173902.971238,8,5,-126
1767173902.981238,6,4,-128
1767173902.991238,7,0,-125
1767173903.001238,5,-1,-129
1767173903.011238,4,1,-128
1767173903.021238,5,0,-125
1767173903.031238,1,0,-126
1767173903.041238,-1,-3,-123
1767173903.051238,-7,-2,-121
1767173903.061238,-8,0,-120
1767173903.071238,-3,1,-118
1767173903.0812385,-2,-3,-127
1767173903.0912385,-2,-6,-131
1767173903.1012385,-2,-9,-132
1767173903.1112382,1,-8,-128
1767173903.1212382,2,-11,-125
1767173903.1312382,-1,-13,-126
1767173903.1412382,1,-8,-134
1767173903.1512382,-1,-1,-131
1767173903.1612382,-4,0,-133
1767173903.1712382,-4,-1,-135
1767173903.1812382,-4,-1,-132
1767173903.1912382,-4,-2,-126
1767173903.2012382,-5,1,-124
1767173903.211238,-7,3,-124
1767173903.221238,-1,1,-128
1767173903.231238,-1,-3,-125
1767173903.241238,-1,-8,-120
1767173903.251238,0,-7,-119
1767173903.261238,6,-6,-121
1767173903.271238,5,-3,-124
1767173903.281238,6,-2,-120
1767173903.291238,4,-3,-121
1767173903.301238,2,1,-120
1767173903.311238,2,-1,-124
1767173903.321238,0,-5,-124
1767173903.3312385,-1,-5,-126
1767173903.3412385,-2,-3,-131
1767173903.3512385,0,-1,-135
1767173903.3612382,-2,-1,-139
1767173903.3712382,0,0,-135
1767173903.3812382,2,0,-133
1767173903.3912382,6,-1,-126
1767173903.4012382,6,0,-125
1767173903.4112382,5,0,-118
1767173903.4212382,10,2,-114
1767173903.4312382,9,1,-112
1767173903.4412382,7,0,-111
1767173903.4512382,5,2,-111
1767173903.461238,4,1,-110
1767173903.471238,2,0,-118
1767173903.481238,-1,0,-122
1767173903.491238,0,-4,-121
1767173903.501238,3,-5,-127
1767173903.511238,6,-3,-121
1767173903.521238,4,0,-116
1767173903.531238,3,1,-112
1767173903.541238,0,1,-114
1767173903.551238,0,3,-113
1767173903.561238,-3,1,-112
1767173903.571238,-7,0,-110
1767173903.5812385,-11,-2,-108
1767173903.5912385,-11,-5,-111
1767173903.6012385,-8,-6,-117
1767173903.6112382,-5,-3,-117
1767173903.6212382,-5,0,-120
1767173903.6312382,-9,0,-122
1767173903.6412382,-4,-1,-127
1767173903.6512382,-5,-2,-130
1767173903.6612382,-3,-5,-125
1767173903.6712382,-2,-8,-123
1767173903.6812382,-4,-11,-125
1767173903.6912382,-1,-10,-126
1767173903.7012382,1,-13,-124
1767173903.711238,1,-14,-124
1767173903.721238,-1,-13,-125
1767173903.731238,1,-10,-121
1767173903.741238,0,-11,-119
1767173903.751238,2,-5,-122
1767173903.761238,2,-3,-128
1767173903.771238,0,-3,-133
1767173903.781238,-2,0,-131
1767173903.791238,0,1,-133
1767173903.801238,0,3,-125
1767173903.811238,-2,5,-122
1767173903.821238,-2,2,-119
1767173903.8312385,0,0,-122
1767173903.8412385,0,-1,-120
1767173903.8512385,1,0,-121
1767173903.8612382,0,-1,-125
1767173903.8712382,1,0,-129
1767173903.8812382,4,-1,-122
1767173903.8912382,2,-3,-116
1767173903.9012382,-1,-6,-123
1767173903.9112382,-1,-5,-128
1767173903.9212382,-1,-5,-135
1767173903.9312382,-3,-4,-137
1767173903.9412382,-2,-8,-136
1767173903.9512382,-5,-7,-140
1767173903.961238,-2,-9,-140
1767173903.971238,0,-7,-137
1767173903.981238,-1,-3,-127
1767173903.991238,-3,0,-129
1767173904.001238,-2,2,-133
1767173904.011238,-1,0,-133
1767173904.021238,2,0,-129
1767173904.031238,0,1,-122
1767173904.041238,0,0,-125
1767173904.051238,1,-2,-124
1767173904.061238,4,-1,-122
1767173904.0722382,8,0,-125
1767173904.0812385,9,-3,-126
1767173904.0922382,9,-5,-125
1767173904.1012385,7,-10,-125
1767173904.1122382,8,-7,-130
1767173904.1222382,7,-7,-130
1767173904.132238,4,-11,-128
1767173904.142238,1,-8,-122
1767173904.152238,2,-6,-121
1767173904.162238,-2,-3,-125
1767173904.172238,-2,-6,-123
1767173904.182238,0,-3,-123
1767173904.192238,4,1,-125
1767173904.202238,3,2,-128
1767173904.212238,2,5,-127
1767173904.222238,0,0,-133
1767173904.232238,1,1,-141
1767173904.242238,3,-1,-142
1767173904.252238,3,-1,-140
1767173904.2622385,0,-8,-142
1767173904.2722385,4,-7,-137
1767173904.2822382,4,-6,-134
1767173904.2922382,3,-5,-131
1767173904.3022382,5,-8,-130
1767173904.3122382,2,-6,-131
1767173904.3222382,2,-4,-135
1767173904.3322382,-2,-7,-132
1767173904.3422382,-1,-6,-130
1767173904.3522382,7,-4,-127
1767173904.3622382,9,-4,-125
1767173904.3722382,9,-4,-119
1767173904.382238,3,-1,-117
1767173904.392238,-3,-2,-121
1767173904.402238,-5,-6,-122
1767173904.412238,-5,-6,-121
1767173904.422238,0,-5,-123
1767173904.432238,-2,-7,-120
1767173904.442238,-2,-9,-122
1767173904.452238,-2,-7,-121
1767173904.462238,0,-2,-123
1767173904.472238,1,-2,-128
1767173904.482238,3,0,-131
1767173904.492238,3,-2,-130
1767173904.502238,5,-3,-136
1767173904.5122385,3,-6,-136
1767173904.5222385,0,-2,-137
1767173904.5322382,0,-2,-131
1767173904.5422382,-3,-1,-132
1767173904.5522382,-2,0,-135
1767173904.5622382,-2,-4,-133
1767173904.5722382,0,-3,-132
1767173904.5822382,0,-8,-137
1767173904.5922382,-3,-7,-137
1767173904.6022382,-5,-5,-136
1767173904.6122382,-4,-7,-134
1767173904.6222382,-8,-7,-136
1767173904.632238,-8,-8,-137
1767173904.642238,-6,-5,-135
1767173904.652238,-9,-4,-130
1767173904.662238,-10,-3,-134
1767173904.672238,-5,1,-132
1767173904.682238,-7,1,-133
1767173904.692238,-10,2,-130
1767173904.702238,-6,2,-132
1767173904.712238,-2,0,-130
1767173904.722238,3,3,-126
1767173904.732238,7,3,-127
1767173904.742238,5,0,-126
1767173904.752238,5,-3,-125
1767173904.7622385,1,-4,-125
1767173904.7722385,0,-5,-121
1767173904.7822382,0,-5,-125
1767173904.7922382,3,-7,-126
1767173904.8022382,3,-1,-120
1767173904.8122382,5,-1,-119
1767173904.8222382,-1,-1,-126
1767173904.8322382,-2,0,-130
1767173904.8422382,-1,0,-132
1767173904.8522382,0,2,-130
1767173904.8622382,3,1,-139
1767173904.8722382,0,2,-138
1767173904.882238,3,4,-137
1767173904.892238,3,7,-134
1767173904.902238,5,5,-135
1767173904.912238,2,6,-134
1767173904.922238,-3,4,-134
1767173904.932238,-4,2,-133
1767173904.942238,-6,1,-140
1767173904.952238,-6,0,-135
1767173904.962238,-8,3,-125
1767173904.972238,-11,2,-123
1767173904.982238,-11,2,-123
1767173904.992238,-4,3,-121
1767173905.002238,0,1,-113
1767173905.0122385,3,0,-116
1767173905.0222385,3,-3,-120
1767173905.0322382,4,-4,-120
1767173905.0422382,6,-7,-126
1767173905.0522382,5,-8,-125
1767173905.0622382,4,-7,-122
1767173905.0722382,0,-9,-125
1767173905.0822382,-2,-5,-130
1767173905.0922382,-4,-4,-128
1767173905.1022382,-5,-9,-124
1767173905.1122382,-7,-8,-121
1767173905.1222382,-7,-8,-118
1767173905.132238,-7,-8,-123
1767173905.142238,-3,-7,-126
1767173905.152238,-2,-3,-118
1767173905.162238,-4,-6,-115
1767173905.172238,-5,-7,-117
1767173905.182238,-4,-8,-120
1767173905.192238,-1,-4,-115
1767173905.202238,-2,-5,-115
1767173905.212238,-5,-6,-115
1767173905.222238,-3,-4,-118
1767173905.232238,-4,0,-117
1767173905.242238,-3,1,-118
1767173905.252238,-1,1,-118
1767173905.2622385,-2,0,-120
1767173905.2722385,-5,-2,-119
1767173905.2822382,-4,-5,-125
1767173905.2922382,-7,-6,-117
1767173905.3022382,-6,-5,-122
1767173905.3122382,-3,-5,-122
1767173905.3222382,1,-5,-126
1767173905.3322382,2,-5,-119
1767173905.3422382,3,-3,-121
1767173905.3522382,1,-3,-116
1767173905.3622382,-1,-5,-118
1767173905.3722382,-3,-3,-124
1767173905.382238,-2,-4,-128
1767173905.392238,0,-4,-131
1767173905.402238,-2,-2,-134
1767173905.412238,-1,-4,-126
1767173905.422238,-1,-2,-126
1767173905.432238,-4,-4,-135
1767173905.442238,-4,-1,-133
1767173905.452238,-3,-2,-129
1767173905.462238,-1,-2,-130
1767173905.472238,-4,-1,-131
1767173905.482238,-7,0,-130
1767173905.492238,-3,2,-131
1767173905.502238,-3,1,-128
1767173905.5122385,-3,4,-124
1767173905.5222385,-1,2,-120
1767173905.5322382,0,2,-124
1767173905.5422382,-2,0,-124
1767173905.5522382,-3,-2,-130
1767173905.5622382,-2,2,-129
1767173905.5722382,0,4,-128
1767173905.5822382,-1,3,-127
1767173905.5922382,-6,2,-124
1767173905.6022382,-4,0,-126
1767173905.6122382,0,4,-125
1767173905.6222382,-4,6,-120
1767173905.632238,-5,3,-114
1767173905.642238,-3,0,-120
1767173905.652238,-4,-4,-115
1767173905.662238,-4,-1,-120
1767173905.672238,-4,-2,-119
1767173905.682238,-4,0,-125
1767173905.692238,-5,1,-130
1767173905.702238,-4,2,-121
1767173905.712238,-4,-1,-119
1767173905.722238,-4,0,-120
1767173905.732238,-7,2,-126
1767173905.742238,-8,2,-126
1767173905.752238,-8,0,-125
1767173905.7622385,-3,7,-122
1767173905.7722385,-5,7,-128
1767173905.7822382,-7,0,-127
1767173905.7922382,-4,-1,-132
1767173905.8022382,-8,0,-138
1767173905.8122382,-11,2,-136
1767173905.8222382,-7,3,-137
1767173905.8322382,-5,3,-134
1767173905.8422382,-1,2,-129
1767173905.8522382,-3,2,-122
1767173905.8622382,-5,4,-120
1767173905.8722382,-6,3,-126
1767173905.882238,-6,1,-124
1767173905.892238,-3,0,-123
1767173905.902238,-2,1,-122
1767173905.912238,-1,0,-123
1767173905.922238,0,0,-123
1767173905.932238,0,-1,-126
1767173905.942238,0,-6,-124
1767173905.952238,2,-7,-127
1767173905.962238,2,-7,-126
1767173905.972238,0,-9,-128
1767173905.982238,-3,-13,-128
1767173905.992238,-2,-11,-130
1767173906.002238,0,-8,-125
1767173906.0122385,-1,-3,-123
1767173906.0222385,-3,-4,-126
1767173906.0322382,-2,-6,-119
1767173906.0422382,-1,-5,-111
1767173906.0522382,2,-3,-114
1767173906.0622382,5,-3,-118
1767173906.0722382,2,0,-116
1767173906.0822382,0,-1,-115
1767173906.0922382,0,2,-119
1767173906.1022382,0,2,-122
1767173906.1122382,-2,0,-123
1767173906.1222382,-2,0,-118
1767173906.132238,0,-3,-129
1767173906.142238,3,3,-143
1767173906.152238,3,2,-142
1767173906.162238,0,4,-138
1767173906.172238,3,5,-144
1767173906.182238,1,6,-154
1767173906.192238,1,3,-151
1767173906.202238,0,0,-148
1767173906.212238,-5,-3,-143
1767173906.222238,-4,0,-133
1767173906.232238,-1,-1,-130
1767173906.242238,4,2,-119
1767173906.252238,3,3,-118
1767173906.2622385,2,8,-117
1767173906.2722385,0,9,-116
1767173906.2822382,0,5,-113
1767173906.2922382,0,2,-117
1767173906.3022382,-1,0,-114
1767173906.3122382,0,0,-121
1767173906.3222382,1,-2,-128
1767173906.3322382,0,-2,-124
1767173906.3422382,3,-3,-126
1767173906.3522382,3,-1,-124
1767173906.3622382,4,0,-121
1767173906.3722382,4,0,-129
1767173906.382238,4,0,-131
1767173906.392238,2,0,-124
1767173906.402238,0,-2,-125
1767173906.412238,2,-2,-122
1767173906.422238,2,-4,-115
1767173906.432238,1,-4,-117
1767173906.442238,-1,-2,-120
1767173906.452238,-4,0,-128
1767173906.462238,-4,-5,-123
1767173906.472238,-1,-6,-125
1767173906.482238,-1,-7,-124
1767173906.492238,-1,-7,-120
1767173906.502238,1,-6,-127
1767173906.5122385,0,-4,-130
1767173906.5222385,5,-3,-126
1767173906.5322382,0,-5,-127
1767173906.5422382,-2,-2,-120
1767173906.5522382,-4,0,-123
1767173906.5622382,-7,4,-124
1767173906.5722382,-3,2,-123
1767173906.5822382,-1,3,-123
1767173906.5922382,0,2,-119
1767173906.6022382,-2,0,-114
1767173906.6122382,-2,0,-112
1767173906.6222382,-2,-1,-113
1767173906.632238,-1,1,-116
1767173906.642238,0,4,-116
1767173906.652238,2,4,-121
1767173906.662238,1,1,-122
1767173906.672238,0,0,-115
1767173906.682238,2,0,-121
1767173906.692238,3,0,-129
1767173906.702238,6,1,-121
1767173906.7132382,9,1,-127
1767173906.722238,4,1,-131
1767173906.732238,2,0,-136
1767173906.7432382,-1,1,-135
1767173906.7532382,0,1,-134
1767173906.7632382,2,2,-134
1767173906.7732382,4,2,-133
1767173906.7832382,2,1,-129
1767173906.7932382,1,1,-127
1767173906.8032382,0,0,-119
1767173906.813238,1,0,-125
1767173906.823238,0,-1,-130
1767173906.833238,3,-4,-131
1767173906.843238,1,-4,-130
1767173906.853238,2,-1,-126
1767173906.863238,1,-6,-124
1767173906.873238,0,-9,-124
1767173906.883238,1,-5,-124
1767173906.893238,-2,-3,-128
1767173906.903238,-3,-2,-128
1767173906.9242382,2,-1,-125
1767173906.9332385,-1,0,-125
1767173906.9432385,0,3,-130
1767173906.9532382,2,3,-130
1767173906.9632382,4,-1,-131
1767173906.9732382,3,-5,-128
1767173906.9832382,3,-3,-127
1767173906.9932382,5,0,-126
1767173907.0032382,5,1,-127
1767173907.0132382,3,0,-128
1767173907.0232382,3,0,-126
1767173907.0332382,-1,0,-122
1767173907.0432382,-4,1,-125
1767173907.0532382,-1,-5,-130
1767173907.063238,-1,-5,-126
1767173907.073238,-1,-7,-123
1767173907.083238,0,-4,-127
1767173907.093238,1,-1,-130
1767173907.103238,0,0,-130
1767173907.113238,-2,-3,-126
1767173907.123238,-2,-4,-129
1767173907.133238,-1,-6,-124
1767173907.143238,-2,-2,-122
1767173907.153238,-2,-3,-120
1767173907.163238,-8,0,-119
1767173907.173238,-11,-2,-122
1767173907.1832385,-10,-4,-120
1767173907.1932385,-1,-5,-120
1767173907.2032382,-6,-1,-122
1767173907.2132382,-1,5,-120
1767173907.2232382,1,9,-128
1767173907.2332382,4,6,-122
1767173907.2432382,3,2,-124
1767173907.2532382,1,3,-123
1767173907.2632382,-2,8,-122
1767173907.2732382,-3,6,-121
1767173907.2832382,1,6,-124
1767173907.2932382,4,1,-125
1767173907.3032382,4,0,-127
1767173907.313238,5,-1,-125
1767173907.323238,9,-3,-127
1767173907.333238,5,0,-123
1767173907.343238,3,0,-118
1767173907.353238,1,-3,-117
1767173907.363238,-5,-3,-122
1767173907.373238,-12,-3,-121
1767173907.383238,-11,-2,-120
1767173907.393238,-10,-4,-122
1767173907.403238,-8,-3,-123
1767173907.413238,0,-6,-122
1767173907.423238,5,-5,-124
1767173907.4332385,3,-2,-125
1767173907.4432385,5,-2,-127
1767173907.4532382,0,-3,-125
1767173907.4632382,-2,-5,-124
1767173907.4732382,0,-2,-125
1767173907.4832382,0,-4,-129
1767173907.4932382,-2,-1,-134
1767173907.5032382,-4,4,-131
1767173907.5132382,-1,4,-129
1767173907.5232382,0,4,-130
1767173907.5332382,0,3,-131
1767173907.5432382,0,1,-124
1767173907.5532382,1,0,-130
1767173907.563238,1,-3,-131
1767173907.573238,0,-6,-128
1767173907.583238,0,-3,-129
1767173907.593238,-4,0,-130
1767173907.603238,-2,0,-130
1767173907.613238,0,0,-130
1767173907.623238,0,-1,-133
1767173907.633238,-4,-6,-140
1767173907.643238,-4,-8,-140
1767173907.653238,0,-3,-131
1767173907.663238,-2,-1,-126
1767173907.673238,-3,-2,-130
1767173907.6832385,-5,-1,-132
1767173907.6932385,-7,1,-138
1767173907.7032382,-2,1,-135
1767173907.7132382,-2,3,-130
1767173907.7232382,-3,0,-135
1767173907.7332382,0,1,-127
1767173907.7432382,0,3,-121
1767173907.7532382,1,2,-119
1767173907.7632382,4,0,-118
1767173907.7732382,2,1,-117
1767173907.7832382,-1,1,-119
1767173907.7932382,-2,1,-117
1767173907.8032382,-1,-1,-123
1767173907.813238,0,-5,-127
1767173907.823238,1,-7,-131
1767173907.833238,-2,-7,-125
1767173907.843238,-1,-10,-129
1767173907.853238,-1,-8,-126
1767173907.863238,-2,-11,-123
1767173907.873238,-1,-8,-122
1767173907.883238,1,-5,-122
1767173907.893238,2,-9,-120
1767173907.903238,1,-11,-118
1767173907.913238,1,-13,-122
1767173907.923238,4,-11,-124
1767173907.9332385,3,-10,-125
1767173907.9432385,0,-7,-117
1767173907.9532382,3,-6,-122
1767173907.9632382,3,-8,-121
1767173907.9732382,3,-6,-125
1767173907.9832382,2,-6,-122
1767173907.9932382,7,-3,-115
1767173908.0032382,7,-3,-122
1767173908.0132382,4,-5,-118
1767173908.0232382,2,-5,-119
1767173908.0332382,0,-1,-121
1767173908.0432382,1,-1,-122
1767173908.0532382,3,-2,-125
1767173908.063238,3,-3,-123
1767173908.073238,3,-5,-120
1767173908.083238,-2,-3,-117
1767173908.093238,-1,-4,-116
1767173908.103238,-2,-3,-114
1767173908.113238,-1,-2,-118
1767173908.123238,-1,0,-121
1767173908.133238,5,2,-120
1767173908.143238,5,1,-127
1767173908.153238,6,1,-128
1767173908.163238,6,0,-134
1767173908.173238,4,-3,-137
1767173908.1832385,4,-1,-127
1767173908.1932385,6,-4,-124
1767173908.2032382,0,-3,-125
1767173908.2132382,5,0,-118
1767173908.2232382,7,1,-122
1767173908.2332382,1,0,-120
1767173908.2432382,0,0,-124
1767173908.2532382,0,0,-126
1767173908.2632382,0,-2,-123
1767173908.2732382,0,-4,-120
1767173908.2832382,3,-5,-120
1767173908.2932382,1,-5,-119
1767173908.3032382,1,-9,-116
1767173908.313238,6,-10,-120
1767173908.323238,5,-10,-120
1767173908.333238,4,-9,-122
1767173908.343238,1,-6,-122
1767173908.353238,-2,-8,-121
1767173908.363238,-5,-8,-120
1767173908.373238,-2,-7,-120
1767173908.383238,0,-4,-127
1767173908.393238,0,-1,-128
1767173908.403238,-4,-2,-132
1767173908.413238,-3,-1,-126
1767173908.423238,-8,0,-118
1767173908.4332385,-9,-1,-111
1767173908.4432385,-9,-2,-115
1767173908.4532382,-6,-3,-119
1767173908.4632382,-9,-4,-118
1767173908.4732382,-7,1,-117
1767173908.4832382,-7,2,-123
1767173908.4932382,-9,3,-122
1767173908.5032382,-5,-2,-124
1767173908.5132382,0,-3,-126
1767173908.5232382,2,-2,-121
1767173908.5332382,2,-2,-119
1767173908.5432382,-2,0,-120
1767173908.5532382,-5,0,-128
1767173908.563238,-12,1,-129
1767173908.573238,-15,1,-130
1767173908.583238,-7,4,-129
1767173908.593238,0,5,-125
1767173908.603238,0,5,-128
1767173908.613238,1,7,-134
1767173908.623238,3,4,-131
1767173908.633238,3,2,-131
1767173908.643238,0,1,-131
1767173908.653238,0,1,-130
1767173908.663238,0,3,-133
1767173908.673238,0,3,-130
1767173908.6832385,-3,6,-129
1767173908.6932385,-1,7,-127
1767173908.7032382,-1,8,-126
1767173908.7132382,-6,4,-124
1767173908.7232382,-4,3,-123
1767173908.7332382,-5,3,-128
1767173908.7432382,-7,2,-125
1767173908.7532382,-7,0,-119
1767173908.7632382,-1,0,-121
1767173908.7732382,1,0,-122
1767173908.7832382,2,-3,-128
1767173908.7932382,-1,-3,-127
1767173908.8032382,0,-1,-122
1767173908.813238,1,0,-120
1767173908.823238,1,4,-119
1767173908.833238,1,0,-124
1767173908.843238,3,2,-128
1767173908.853238,1,0,-135
1767173908.863238,-1,-3,-136
1767173908.873238,-4,-3,-125
1767173908.883238,-7,-6,-132
1767173908.893238,-10,-6,-133
1767173908.903238,-5,-4,-133
1767173908.913238,-8,-8,-141
1767173908.923238,-4,-7,-138
1767173908.9332385,0,-3,-131
1767173908.9432385,-2,-2,-122
1767173908.9532382,0,-1,-120
1767173908.9632382,1,-1,-116
1767173908.9732382,1,-3,-116
1767173908.9832382,2,-2,-114
1767173908.9932382,0,-2,-114
1767173909.0032382,1,-8,-112
1767173909.0132382,1,-5,-115
1767173909.0232382,2,-5,-116
1767173909.0332382,1,-4,-120
1767173909.0432382,1,0,-129
1767173909.0532382,-1,4,-131
1767173909.063238,-4,5,-124
1767173909.073238,-5,2,-121
1767173909.083238,-8,2,-121
1767173909.093238,-7,2,-123
1767173909.103238,-6,0,-123
1767173909.113238,-6,0,-124
1767173909.123238,-4,-1,-125
1767173909.133238,-2,0,-128
1767173909.143238,-5,-6,-126
1767173909.153238,-3,-8,-125
1767173909.163238,-4,-6,-122
1767173909.173238,-3,0,-122
1767173909.1832385,-3,0,-115
1767173909.1932385,-3,0,-115
1767173909.2032382,1,2,-110
1767173909.2132382,0,2,-119
1767173909.2232382,-3,4,-124
1767173909.2332382,-3,-1,-126
1767173909.2432382,0,-2,-125
1767173909.2532382,1,-2,-126
1767173909.2632382,3,-2,-126
1767173909.2732382,-1,1,-126
1767173909.2832382,3,0,-128
1767173909.2932382,1,-6,-129
1767173909.3032382,2,-8,-131
1767173909.313238,3,-7,-126
1767173909.323238,0,-3,-122
1767173909.334238,-2,-6,-121
1767173909.343238,0,-4,-126
1767173909.353238,0,-3,-134
1767173909.363238,0,-4,-135
1767173909.373238,0,-4,-132
1767173909.3842382,5,-3,-134
1767173909.3942382,5,-4,-128
1767173909.403238,0,-1,-128
1767173909.4142382,-2,0,-128
1767173909.4242382,-6,-2,-132
1767173909.4342382,-3,-7,-132
1767173909.4442382,0,-5,-140
1767173909.4532382,-2,-3,-141
1767173909.4642382,-4,-3,-137
1767173909.4742382,-6,-4,-135
1767173909.484238,-9,-4,-139
1767173909.494238,-6,-2,-139
1767173909.5032382,-3,1,-139
1767173909.514238,3,1,-141
1767173909.524238,3,4,-134
1767173909.534238,0,3,-130
1767173909.544238,3,2,-128
1767173909.554238,2,0,-130
1767173909.564238,-1,0,-124
1767173909.574238,-3,-3,-114
1767173909.584238,0,-3,-117
1767173909.594238,-7,-1,-126
1767173909.6042385,-2,-1,-132
1767173909.6142385,1,-4,-132
1767173909.6242385,7,-7,-130
1767173909.6342382,3,-5,-132
1767173909.6442382,3,0,-138
1767173909.6542382,3,0,-141
1767173909.6642382,5,0,-137
1767173909.6742382,5,0,-132
1767173909.6842382,3,-3,-128
1767173909.6942382,3,-2,-129
1767173909.7042382,0,-1,-126
1767173909.7142382,-1,-4,-127
1767173909.7242382,-4,-3,-129
1767173909.734238,0,-3,-131
1767173909.744238,2,-3,-136
1767173909.754238,1,-4,-138
1767173909.764238,-1,0,-130
1767173909.774238,1,0,-122
1767173909.784238,4,0,-120
1767173909.794238,4,2,-127
1767173909.804238,2,5,-124
1767173909.814238,0,5,-123
1767173909.824238,0,3,-129
1767173909.834238,2,10,-125
1767173909.844238,0,9,-126
1767173909.8542385,-1,8,-128
1767173909.8642385,-4,5,-130
1767173909.8742385,0,5,-132
1767173909.8842382,0,1,-127
1767173909.8942382,-1,0,-128
1767173909.9042382,2,-6,-121
1767173909.9142382,5,-4,-119
1767173909.925238,5,-4,-116
1767173909.9342382,1,0,-119
1767173909.9442382,3,-1,-119
1767173909.9542382,6,-7,-119
1767173909.9642382,5,-7,-121
1767173909.9742382,5,-3,-128
1767173909.984238,4,-7,-129
1767173909.994238,6,-3,-122
1767173910.004238,6,-4,-116
1767173910.014238,2,-4,-114
1767173910.024238,0,-2,-115
1767173910.034238,0,-2,-117
1767173910.044238,-3,-4,-117
1767173910.054238,-6,-1,-120
1767173910.064238,-5,0,-120
1767173910.074238,-5,-6,-124
1767173910.084238,-4,-8,-126
1767173910.094238,-1,-5,-125
1767173910.1042385,-3,-1,-113
1767173910.1142385,-4,1,-113
1767173910.1242385,-2,1,-115
1767173910.1342382,-3,1,-122
1767173910.1442382,-3,5,-127
1767173910.1542382,-5,1,-125
1767173910.1642382,-3,-4,-121
1767173910.1742382,1,-5,-126
1767173910.1842382,1,-4,-127
1767173910.1942382,2,-4,-132
1767173910.2042382,2,-5,-129
1767173910.2142382,0,-3,-125
1767173910.2242382,-1,-3,-124
1767173910.234238,-3,-1,-122
1767173910.244238,-9,-2,-121
1767173910.254238,-9,-3,-120
1767173910.264238,-5,-2,-124
1767173910.274238,-2,0,-127
1767173910.284238,-6,2,-131
1767173910.294238,-5,3,-131
1767173910.304238,-5,0,-124
1767173910.314238,-4,0,-132
1767173910.324238,-7,-2,-132
1767173910.334238,-3,0,-133
1767173910.344238,-2,3,-130
1767173910.3542385,-5,2,-131
1767173910.3642385,-2,-3,-131
1767173910.3742385,3,-2,-129
1767173910.3842382,0,-1,-120
1767173910.3942382,1,-1,-119
1767173910.4042382,-1,-5,-123
1767173910.4142382,-2,-3,-116
1767173910.4242382,-4,-5,-117
1767173910.4342382,-3,0,-117
1767173910.4442382,-3,-4,-119
1767173910.4542382,-1,-5,-121
1767173910.4642382,-1,0,-125
1767173910.4742382,-5,-2,-127
1767173910.484238,-5,-2,-126
1767173910.494238,1,-2,-132
1767173910.504238,5,0,-128
1767173910.514238,5,-2,-127
1767173910.524238,3,0,-128
1767173910.534238,6,0,-132
1767173910.544238,7,-2,-131
1767173910.554238,0,-3,-131
1767173910.564238,0,-6,-128
1767173910.574238,-2,-2,-127
1767173910.584238,-5,-4,-121
1767173910.594238,-6,-3,-119
1767173910.6042385,-4,0,-124
1767173910.6142385,0,2,-126
1767173910.6242385,3,0,-133
1767173910.6342382,0,1,-128
1767173910.6442382,-1,0,-132
1767173910.6542382,4,1,-124
1767173910.6642382,1,-1,-119
1767173910.6742382,0,-1,-123
1767173910.6842382,-1,-2,-122
1767173910.6942382,-2,-6,-118
1767173910.7042382,1,-3,-123
1767173910.7142382,4,-2,-116
1767173910.7242382,3,-3,-118
1767173910.734238,3,-3,-119
1767173910.744238,0,-4,-123
1767173910.754238,0,-4,-126
1767173910.764238,1,0,-131
1767173910.774238,1,0,-134
1767173910.784238,0,-1,-133
1767173910.794238,-1,2,-126
1767173910.804238,-1,1,-120
1767173910.814238,-5,-1,-114
1767173910.824238,-4,0,-118
1767173910.834238,0,-5,-117
1767173910.844238,1,-9,-115
1767173910.8542385,0,-4,-122
1767173910.8642385,0,0,-122
1767173910.8742385,1,0,-124
1767173910.8842382,1,2,-129
1767173910.8942382,2,5,-127
1767173910.9042382,4,5,-125
1767173910.9142382,3,3,-125
1767173910.9242382,-1,3,-129
1767173910.9342382,-5,1,-128
1767173910.9442382,-7,2,-126
1767173910.9542382,-8,1,-125
1767173910.9642382,-6,2,-119
1767173910.9742382,-5,0,-120
1767173910.984238,-4,0,-127
1767173910.994238,0,2,-126
1767173911.004238,1,0,-122
1767173911.014238,2,1,-120
1767173911.024238,0,1,-118
1767173911.034238,-3,1,-125
1767173911.044238,-1,3,-127
1767173911.054238,0,2,-127
1767173911.064238,-2,4,-132
1767173911.074238,-3,5,-135
1767173911.084238,-2,0,-130
1767173911.094238,-4,-3,-130
1767173911.1042385,-3,0,-126
1767173911.1142385,-1,4,-122
1767173911.1242385,-1,4,-126
1767173911.1342382,-3,1,-126
1767173911.1442382,-6,0,-117
1767173911.1542382,-2,-2,-125
1767173911.1642382,-3,-4,-127
1767173911.1742382,0,-5,-127
1767173911.1842382,-1,0,-122
1767173911.1942382,-4,-1,-123
1767173911.2042382,1,-1,-123
1767173911.2142382,1,-4,-120
1767173911.2242382,3,-1,-127
1767173911.234238,1,0,-128
1767173911.244238,1,0,-128
1767173911.254238,0,-1,-123
1767173911.264238,2,0,-127
1767173911.274238,0,0,-128
1767173911.284238,-1,-5,-122
1767173911.294238,-1,-9,-127
1767173911.304238,-3,-8,-130
1767173911.314238,-3,-4,-120
1767173911.324238,-2,0,-121
1767173911.334238,-4,2,-126
1767173911.344238,-4,0,-130
1767173911.3542385,-3,-1,-127
1767173911.3642385,0,0,-122
1767173911.3742385,-4,-4,-130
1767173911.3842382,-1,-2,-135
1767173911.3942382,0,-3,-131
1767173911.4042382,0,-5,-131
1767173911.4142382,0,-3,-131
1767173911.4242382,-3,-3,-129
1767173911.4342382,-2,-5,-129
1767173911.4442382,-4,-3,-136
1767173911.4542382,0,-1,-127
1767173911.4642382,0,-1,-130
1767173911.4742382,-2,-2,-127
1767173911.484238,0,-5,-130
1767173911.494238,-1,-9,-134
1767173911.504238,-4,-8,-132
1767173911.514238,-5,-7,-123
1767173911.524238,-3,-8,-125
1767173911.534238,0,-5,-123
1767173911.544238,-1,-5,-122
1767173911.554238,1,-5,-124
1767173911.564238,2,-7,-123
1767173911.574238,0,-6,-125
1767173911.584238,1,-8,-125
1767173911.594238,0,-6,-123
1767173911.6042385,1,-4,-121
1767173911.6142385,2,0,-131
1767173911.6242385,-3,3,-128
1767173911.6342382,-6,1,-125
1767173911.6442382,-8,0,-128
1767173911.6542382,-8,-2,-123
1767173911.6642382,-7,-3,-124
1767173911.6742382,-5,-3,-121
1767173911.6842382,-6,-2,-120
1767173911.6942382,-7,0,-117
1767173911.7042382,-7,-2,-124
1767173911.7142382,-5,-6,-124
1767173911.7242382,-4,-8,-125
1767173911.734238,-4,-6,-128
1767173911.744238,-2,-2,-135
1767173911.754238,0,-1,-132
1767173911.764238,0,0,-128
1767173911.774238,6,0,-128
1767173911.784238,4,3,-124
1767173911.794238,4,1,-125
1767173911.804238,5,-4,-133
1767173911.814238,8,-2,-131
1767173911.824238,3,-3,-133
1767173911.834238,4,-6,-139
1767173911.844238,3,-5,-139
1767173911.8542385,1,-5,-141
1767173911.8642385,2,-6,-138
1767173911.8742385,0,-5,-137
1767173911.8842382,-1,-5,-134
1767173911.8942382,1,-2,-125
1767173911.9042382,0,-1,-123
1767173911.9142382,-2,0,-118
1767173911.936238,-4,-1,-122
1767173911.9442382,-1,0,-117
1767173911.9542382,0,0,-120
1767173911.9642382,2,3,-118
1767173911.9742382,-1,5,-119
1767173911.984238,3,2,-113
1767173911.994238,5,3,-116
1767173912.004238,6,4,-119
1767173912.014238,3,6,-120
1767173912.024238,1,4,-119
1767173912.0352385,-2,2,-124
1767173912.0452385,-1,0,-123
1767173912.0552382,1,-3,-129
1767173912.0652382,1,-6,-129
1767173912.0752382,1,-4,-128
1767173912.0852382,1,-4,-119
1767173912.0952382,2,-8,-122
1767173912.1052382,9,-8,-120
1767173912.1152382,7,-5,-117
1767173912.1252382,5,-4,-120
1767173912.1352382,5,-7,-124
1767173912.1452382,6,-1,-122
1767173912.1552382,6,-4,-119
1767173912.165238,2,2,-120
1767173912.175238,0,3,-129
1767173912.185238,-3,2,-132
1767173912.195238,-4,4,-127
1767173912.205238,-3,6,-125
1767173912.215238,-7,5,-125
1767173912.225238,-5,3,-130
1767173912.235238,-4,1,-128
1767173912.245238,-1,-2,-123
1767173912.255238,0,-1,-124
1767173912.265238,0,1,-120
1767173912.275238,3,-1,-121
1767173912.2852385,2,0,-121
1767173912.2952385,1,0,-125
1767173912.3052382,2,-3,-129
1767173912.3152382,3,-2,-127
1767173912.3252382,0,-1,-134
1767173912.3352382,-2,0,-135
1767173912.3452382,0,-3,-135
1767173912.3552382,1,-3,-140
1767173912.3652382,1,-2,-134
1767173912.3752382,0,0,-127
1767173912.3852382,0,-2,-128
1767173912.3952382,-3,-7,-117
1767173912.4052382,-3,-12,-111
1767173912.415238,-4,-8,-112
1767173912.425238,-1,-5,-121
1767173912.435238,0,-2,-117
1767173912.445238,-1,0,-120
1767173912.455238,-3,-3,-117
1767173912.465238,0,-2,-119
1767173912.475238,1,0,-118
1767173912.485238,-1,1,-117
1767173912.495238,-3,4,-118
1767173912.505238,-4,6,-113
1767173912.515238,-2,2,-114
1767173912.525238,-4,1,-124
1767173912.5352385,-5,-2,-124
1767173912.5452385,-3,-6,-128
1767173912.5552382,-5,-8,-128
1767173912.5652382,-1,-7,-129
1767173912.5752382,-3,-2,-124
1767173912.5852382,-4,0,-127
1767173912.5952382,-2,-2,-127
1767173912.6052382,-3,-6,-128
1767173912.6152382,-4,-6,-126
1767173912.6252382,0,-2,-119
1767173912.6352382,-2,-1,-118
1767173912.6452382,-3,0,-116
1767173912.6552382,-5,0,-122
1767173912.665238,-3,-1,-123
1767173912.675238,-2,-1,-126
1767173912.685238,1,-2,-129
1767173912.695238,1,-4,-130
1767173912.705238,3,-2,-127
1767173912.715238,5,-1,-120
1767173912.725238,1,0,-119
1767173912.735238,-2,0,-122
1767173912.745238,0,1,-122
1767173912.755238,3,7,-121
1767173912.765238,-2,5,-122
1767173912.775238,-5,3,-123
1767173912.7852385,-3,0,-125
1767173912.7952385,-4,-1,-127
1767173912.8052382,0,1,-127
1767173912.8152382,-1,0,-126
1767173912.8252382,-1,0,-134
1767173912.8352382,-3,2,-140
1767173912.8452382,-4,-1,-142
1767173912.8552382,-4,-3,-138
1767173912.8652382,-3,-5,-129
1767173912.8752382,-3,-1,-122
1767173912.8852382,-3,-7,-127
1767173912.8952382,-2,-9,-132
1767173912.9052382,-3,-8,-134
1767173912.915238,0,-5,-134
1767173912.925238,-1,-3,-133
1767173912.935238,-2,-3,-137
1767173912.945238,1,-3,-129
1767173912.955238,2,-6,-127
1767173912.965238,1,-8,-124
1767173912.975238,0,-7,-122
1767173912.985238,-2,-6,-123
1767173912.995238,-5,0,-127
1767173913.005238,-6,2,-134
1767173913.015238,-6,1,-130
1767173913.025238,-2,0,-136
1767173913.0352385,-8,-3,-135
1767173913.0452385,-7,-3,-125
1767173913.0552382,-10,-3,-124
1767173913.0652382,-7,1,-118
1767173913.0752382,-4,4,-115
1767173913.0852382,0,3,-122
1767173913.0952382,2,3,-125
1767173913.1052382,2,3,-132
1767173913.1152382,3,4,-132
1767173913.1252382,7,4,-132
1767173913.1352382,8,0,-130
1767173913.1452382,5,-1,-131
1767173913.1552382,5,0,-130
1767173913.165238,4,1,-130
1767173913.175238,0,0,-130
1767173913.185238,1,0,-129
1767173913.195238,4,1,-133
1767173913.205238,3,0,-128
1767173913.215238,0,-1,-125
1767173913.225238,0,-4,-124
1767173913.235238,0,-6,-123
1767173913.245238,0,-3,-116
1767173913.255238,-2,-2,-119
1767173913.265238,0,-1,-130
1767173913.275238,-5,1,-131
1767173913.2852385,-2,0,-128
1767173913.2952385,-3,3,-127
1767173913.3052382,-3,2,-124
1767173913.3152382,-9,0,-130
1767173913.3252382,-13,-5,-138
1767173913.3352382,-12,-4,-139
1767173913.3452382,-5,-5,-134
1767173913.3552382,-5,-4,-126
1767173913.3652382,-5,-2,-135
1767173913.3752382,-4,-4,-133
1767173913.3852382,1,-3,-132
1767173913.3952382,1,-7,-127
1767173913.4052382,0,-7,-125
1767173913.415238,-2,-3,-120
1767173913.425238,0,-1,-127
1767173913.435238,1,-2,-125
1767173913.445238,0,-7,-124
1767173913.455238,1,-6,-123
1767173913.465238,3,-9,-128
1767173913.475238,-4,-9,-129
1767173913.485238,-5,-5,-124
1767173913.495238,-6,-12,-127
1767173913.505238,-2,-11,-130
1767173913.515238,-1,-11,-133
1767173913.525238,1,-9,-129
1767173913.5352385,3,-4,-123
1767173913.5452385,0,-3,-123
1767173913.5552382,-2,-1,-128
1767173913.5652382,-1,1,-124
1767173913.5752382,-1,0,-122
1767173913.5852382,-2,1,-122
1767173913.5952382,0,0,-123
1767173913.6052382,0,-1,-121
1767173913.6152382,-7,0,-120
1767173913.6252382,-7,1,-118
1767173913.6352382,-4,-2,-122
1767173913.6452382,-3,0,-126
1767173913.6552382,-4,-5,-130
1767173913.665238,-6,-6,-132
1767173913.675238,-1,-4,-132
1767173913.685238,-3,0,-126
1767173913.695238,-3,1,-126
1767173913.705238,0,-1,-132
1767173913.715238,-2,0,-132
1767173913.725238,-1,1,-125
1767173913.735238,1,-1,-123
1767173913.745238,-2,-3,-119
1767173913.755238,-1,-7,-111
1767173913.765238,0,-5,-108
1767173913.775238,1,-3,-113
1767173913.7852385,1,-1,-113
1767173913.7952385,-1,0,-119
1767173913.8052382,-3,-2,-120
1767173913.8152382,-3,-3,-117
1767173913.8252382,-2,-2,-117
1767173913.8352382,1,-6,-121
1767173913.8452382,0,-5,-116
1767173913.8552382,-2,-4,-118
1767173913.8652382,-3,-2,-118
1767173913.8752382,0,0,-123
1767173913.8852382,0,-2,-121
1767173913.8952382,0,-5,-116
1767173913.9052382,-4,-1,-115
1767173913.915238,-7,-4,-122
1767173913.925238,-6,-3,-122
1767173913.935238,-3,-4,-126
1767173913.945238,-4,-4,-135
1767173913.955238,-2,-1,-130
1767173913.965238,3,0,-132
1767173913.975238,-1,-1,-130
1767173913.985238,-1,3,-132
1767173913.995238,1,0,-130
1767173914.005238,1,0,-128
1767173914.015238,2,1,-127
1767173914.025238,3,-2,-127
1767173914.0352385,-1,-4,-132
1767173914.0452385,2,-2,-129
1767173914.0552382,0,-3,-131
1767173914.0652382,5,-5,-134
1767173914.0752382,4,-8,-134
1767173914.0852382,1,-6,-130
1767173914.0952382,2,-2,-127
1767173914.1052382,4,-6,-128
1767173914.1152382,1,-5,-129
1767173914.1252382,5,-6,-127
1767173914.1352382,0,-3,-130
1767173914.1452382,2,-2,-135
1767173914.1552382,3,-5,-124
1767173914.165238,5,-8,-118
1767173914.175238,10,-6,-122
1767173914.185238,10,-5,-122
1767173914.195238,8,-2,-123
1767173914.205238,4,-1,-126
1767173914.215238,3,-3,-130
1767173914.225238,-1,-5,-134
1767173914.235238,0,-2,-130
1767173914.245238,-4,-3,-137
1767173914.255238,-5,-6,-134
1767173914.265238,-7,-3,-135
1767173914.275238,-1,-4,-130
1767173914.2852385,1,-7,-127
1767173914.2952385,2,-5,-126
1767173914.3052382,2,-8,-124
1767173914.3152382,-2,-7,-127
1767173914.3252382,-2,-10,-132
1767173914.3352382,4,-7,-135
1767173914.3452382,5,-7,-134
1767173914.3552382,4,-4,-137
1767173914.3652382,1,0,-134
1767173914.3752382,3,0,-136
1767173914.3852382,3,0,-135
1767173914.3952382,-2,0,-138
1767173914.4052382,-5,-1,-135
1767173914.415238,-9,-3,-136
1767173914.425238,-7,-1,-136
1767173914.435238,-6,-5,-132
1767173914.445238,-3,-3,-131
1767173914.455238,-3,0,-127
1767173914.465238,-5,0,-126
1767173914.475238,-3,-2,-133
1767173914.485238,-5,0,-135
1767173914.495238,-1,-5,-137
1767173914.505238,-5,-2,-134
1767173914.515238,-7,-3,-128
1767173914.525238,-6,-4,-119
1767173914.5352385,-10,-3,-117
1767173914.5452385,-1,0,-114
1767173914.5552382,-1,0,-122
1767173914.5652382,0,-1,-121
1767173914.5752382,-4,0,-123
1767173914.5852382,-8,-4,-122
1767173914.5952382,-5,-1,-117
1767173914.6052382,-4,2,-116
1767173914.6152382,0,2,-116
1767173914.6252382,1,0,-112
1767173914.6352382,0,-1,-119
1767173914.646238,2,2,-112
1767173914.6552382,-5,2,-112
1767173914.665238,-5,1,-119
1767173914.675238,-3,0,-120
1767173914.685238,-1,-1,-120
1767173914.696238,-3,0,-120
1767173914.7062385,-6,1,-128
1767173914.7162385,-5,0,-133
1767173914.7262385,0,-1,-129
1767173914.735238,1,-1,-129
1767173914.7462382,5,-4,-133
1767173914.7562382,8,-2,-130
1767173914.7662382,5,0,-126
1767173914.7762382,1,1,-129
1767173914.7852385,-1,0,-125
1767173914.7962382,-5,-4,-122
1767173914.8062382,-1,-5,-129
1767173914.8162382,0,-5,-123
1767173914.8262382,0,-5,-121
1767173914.836238,-1,-4,-122
1767173914.846238,-4,-3,-127
1767173914.856238,-8,-2,-122
1767173914.866238,-7,-1,-117
1767173914.876238,-5,-2,-113
1767173914.886238,-4,-3,-119
1767173914.896238,-4,-4,-117
1767173914.906238,-9,-1,-121
1767173914.916238,-9,-4,-120
1767173914.926238,-5,-6,-117
1767173914.936238,0,-7,-115
1767173914.946238,2,-9,-123
1767173914.9562385,2,-1,-125
1767173914.9662385,2,0,-128
1767173914.9762385,6,-4,-129
1767173914.9862382,9,-1,-125
1767173914.9962382,10,0,-123
1767173915.0062382,4,-1,-120
1767173915.0162382,3,0,-124
1767173915.0262382,2,0,-129
1767173915.0362382,1,-2,-126
1767173915.0462382,-1,-4,-131
1767173915.0562382,-3,-6,-128
1767173915.0662382,-6,-2,-124
1767173915.0762382,-2,0,-128
1767173915.086238,-7,0,-125
1767173915.096238,-9,0,-127
1767173915.106238,-4,2,-125
1767173915.116238,0,1,-121
1767173915.126238,0,1,-118
1767173915.136238,2,1,-116
1767173915.146238,4,1,-119
1767173915.156238,5,-2,-126
1767173915.166238,3,-4,-128
1767173915.176238,5,-5,-125
1767173915.186238,7,-9,-127
1767173915.196238,5,-5,-126
1767173915.2062385,3,-4,-129
1767173915.2162385,0,-2,-132
1767173915.2262385,-5,-3,-132
1767173915.2362382,0,-2,-127
1767173915.2462382,-3,-1,-128
1767173915.2562382,-7,-3,-128
1767173915.2662382,-1,-5,-130
1767173915.2762382,0,-5,-130
1767173915.2862382,1,-8,-128
1767173915.2962382,0,-8,-128
1767173915.3062382,2,-5,-128
1767173915.3162382,1,-4,-135
1767173915.3262382,0,-2,-133
1767173915.336238,1,1,-131
1767173915.346238,-2,-1,-138
1767173915.356238,2,-4,-135
1767173915.366238,3,-3,-135
1767173915.376238,4,0,-129
1767173915.386238,0,-2,-127
1767173915.396238,0,-4,-120
1767173915.406238,-1,-7,-122
1767173915.416238,-3,-6,-127
1767173915.426238,-7,-6,-123
1767173915.436238,-3,-2,-126
1767173915.446238,-4,-2,-131
1767173915.4562385,-1,-1,-128
1767173915.4662385,0,-1,-129
1767173915.4762385,-3,0,-134
1767173915.4862382,-1,1,-137
1767173915.4962382,0,-3,-138
1767173915.5062382,3,-4,-136
1767173915.5162382,7,-5,-132
1767173915.5262382,6,-4,-127
1767173915.5362382,5,-1,-131
1767173915.5462382,3,-2,-134
1767173915.5562382,1,-3,-132
1767173915.5662382,-4,-3,-129
1767173915.5762382,-9,-2,-126
1767173915.586238,-7,-2,-127
1767173915.596238,1,-5,-127
1767173915.606238,-3,-5,-131
1767173915.616238,-4,-2,-138
1767173915.626238,-4,3,-138
1767173915.636238,-2,0,-134
1767173915.646238,-1,-5,-128
1767173915.656238,-5,-8,-133
1767173915.666238,-6,-4,-128
1767173915.676238,-5,-3,-127
1767173915.686238,-1,-2,-127
1767173915.696238,-4,0,-126
1767173915.7062385,-2,0,-121
1767173915.7162385,0,1,-119
1767173915.7262385,0,-1,-123
1767173915.7362382,-1,-2,-126
1767173915.7462382,2,0,-126
1767173915.7562382,1,0,-133
1767173915.7662382,1,-1,-133
1767173915.7762382,3,0,-121
1767173915.7862382,4,0,-121
1767173915.7962382,0,3,-127
1767173915.8062382,-5,0,-121
1767173915.8162382,-3,-2,-118
1767173915.8262382,-3,-5,-121
1767173915.836238,-3,-3,-127
1767173915.846238,-4,-6,-131
1767173915.856238,-5,-6,-126
1767173915.866238,-5,-3,-125
1767173915.876238,-5,-2,-121
1767173915.886238,-4,0,-119
1767173915.896238,3,4,-119
1767173915.906238,0,5,-124
1767173915.916238,-1,-1,-124
1767173915.926238,0,-4,-124
1767173915.936238,4,-1,-113
1767173915.946238,8,-3,-112
1767173915.9562385,7,-7,-123
1767173915.9662385,7,-9,-124
1767173915.9762385,4,-10,-122
1767173915.9862382,-1,-7,-117
1767173915.9962382,-5,-7,-122
1767173916.0062382,-4,-7,-127
1767173916.0162382,-1,-5,-124
1767173916.0262382,-3,-4,-125
1767173916.0362382,-5,-5,-129
1767173916.0462382,-4,-4,-129
1767173916.0562382,-2,-6,-133
1767173916.0662382,-2,-7,-133
1767173916.0762382,0,-6,-127
1767173916.086238,-1,-4,-128
1767173916.096238,0,-1,-131
1767173916.106238,3,-1,-125
1767173916.116238,7,-3,-126
1767173916.126238,3,-5,-129
1767173916.136238,1,-1,-127
1767173916.146238,0,0,-125
1767173916.156238,-1,-4,-127
1767173916.166238,-2,-6,-129
1767173916.176238,0,-4,-130
1767173916.186238,0,0,-129
1767173916.196238,0,1,-127
1767173916.2062385,5,2,-123
1767173916.2162385,4,-2,-128
1767173916.2262385,4,-4,-129
1767173916.2362382,2,-6,-127
1767173916.2462382,5,0,-129
1767173916.2562382,0,-4,-129
1767173916.2662382,-1,-3,-131
1767173916.2762382,0,-4,-124
1767173916.2862382,0,-5,-126
1767173916.2962382,-2,-6,-128
1767173916.3062382,-3,-3,-130
1767173916.3162382,-4,-1,-133
1767173916.3262382,-4,-3,-130
1767173916.336238,-6,-2,-127
1767173916.346238,-1,-3,-124
1767173916.356238,-7,-3,-121
1767173916.366238,-6,-2,-124
1767173916.376238,-6,1,-126
1767173916.386238,-4,1,-123
1767173916.396238,-5,0,-127
1767173916.406238,0,-4,-123
1767173916.416238,1,-5,-128
1767173916.426238,0,-3,-135
1767173916.436238,4,-1,-132
1767173916.446238,0,2,-132
1767173916.4562385,5,4,-130
1767173916.4662385,6,4,-128
1767173916.4762385,5,3,-129
1767173916.4862382,0,2,-130
1767173916.4962382,1,4,-128
1767173916.5062382,5,0,-127
1767173916.5162382,6,-1,-128
1767173916.5262382,12,3,-126
1767173916.5362382,11,4,-128
1767173916.5462382,8,0,-126
1767173916.5562382,0,0,-120
1767173916.5662382,-3,-3,-113
1767173916.5762382,0,-5,-107
1767173916.586238,1,-8,-112
1767173916.596238,0,-8,-119
1767173916.606238,1,-8,-119
1767173916.616238,-1,-6,-119
1767173916.626238,-1,-6,-116
1767173916.636238,2,-4,-117
1767173916.646238,0,-2,-121
1767173916.656238,2,-4,-128
1767173916.666238,2,-2,-127
1767173916.676238,1,-1,-125
1767173916.686238,5,-3,-129
1767173916.696238,3,-5,-126
1767173916.7062385,0,-6,-118
1767173916.7162385,-4,-8,-116
1767173916.7262385,-2,-8,-119
1767173916.7362382,-5,-4,-120
1767173916.7462382,-7,0,-122
1767173916.7562382,-4,-2,-122
1767173916.7662382,-4,-2,-122
1767173916.7762382,-2,-3,-122
1767173916.7862382,-2,-4,-128
1767173916.7962382,-1,-1,-132
1767173916.8062382,3,-1,-130
1767173916.8162382,1,-1,-132
1767173916.8262382,0,-4,-128
1767173916.836238,2,-5,-124
1767173916.846238,3,-7,-129
1767173916.856238,3,-7,-129
1767173916.866238,2,-8,-130
1767173916.876238,7,-9,-126
1767173916.886238,6,-8,-121
1767173916.896238,0,-7,-120
1767173916.906238,-1,-9,-120
1767173916.916238,-2,-10,-123
1767173916.926238,-3,-10,-124
1767173916.948238,1,-13,-128
1767173916.9562385,2,-4,-125
1767173916.9662385,3,0,-133
1767173916.9762385,7,-2,-133
1767173916.9862382,7,-2,-129
1767173916.9962382,5,0,-136
1767173917.0062382,4,-2,-135
1767173917.0162382,4,-2,-130
1767173917.0262382,5,-1,-131
1767173917.0362382,8,0,-131
1767173917.0462382,5,-3,-134
1767173917.0562382,0,-4,-132
1767173917.0662382,-2,-3,-132
1767173917.0762382,0,0,-131
1767173917.086238,1,-4,-135
1767173917.096238,3,-3,-143
1767173917.106238,0,-3,-138
1767173917.116238,0,-4,-132
1767173917.126238,3,-5,-129
1767173917.136238,6,-4,-134
1767173917.146238,1,-2,-132
1767173917.156238,0,-2,-128
1767173917.166238,1,0,-136
1767173917.176238,1,0,-138
1767173917.186238,1,-1,-138
1767173917.196238,-2,-3,-132
1767173917.2062385,-3,-1,-131
1767173917.2162385,-5,-1,-138
1767173917.2262385,-8,0,-137
1767173917.2362382,-6,0,-133
1767173917.2462382,-5,0,-128
1767173917.2562382,-8,-6,-133
1767173917.2662382,-10,-4,-126
1767173917.2762382,-4,-3,-126
1767173917.287238,0,-7,-126
1767173917.2962382,-1,-5,-124
1767173917.3062382,-1,-2,-124
1767173917.317238,-5,-3,-129
1767173917.3262382,-6,-6,-130
1767173917.337238,-8,-6,-127
1767173917.347238,-7,-3,-126
1767173917.357238,0,-3,-128
1767173917.367238,0,0,-124
1767173917.377238,-3,-1,-124
1767173917.3872385,-6,-4,-128
1767173917.3972385,-7,-11,-127
1767173917.4072382,-7,-11,-122
1767173917.4172382,-8,-10,-126
1767173917.4272382,-7,-6,-120
1767173917.4372382,-5,-3,-118
1767173917.4472382,-5,-3,-109
1767173917.4572382,-1,-1,-106
1767173917.4672382,0,-3,-120
1767173917.4772382,3,-3,-123
1767173917.4872382,4,-6,-121
1767173917.4972382,1,-10,-123
1767173917.507238,1,-12,-128
1767173917.517238,0,-8,-128
1767173917.527238,3,-6,-125
1767173917.537238,-3,-1,-128
1767173917.547238,-3,0,-130
1767173917.557238,-1,0,-125
1767173917.567238,0,2,-121
1767173917.577238,0,2,-119
1767173917.587238,1,1,-116
1767173917.597238,1,-1,-115
1767173917.607238,0,-1,-114
1767173917.617238,0,1,-120
1767173917.627238,0,0,-123
1767173917.6372385,-1,0,-128
1767173917.6472385,3,-1,-128
1767173917.6572382,7,0,-131
1767173917.6672382,5,0,-132
1767173917.6772382,3,-4,-133
1767173917.6872382,-2,-4,-132
1767173917.6972382,-5,-2,-127
1767173917.7072382,-3,0,-126
1767173917.7172382,-2,-4,-129
1767173917.7272382,-5,-3,-131
1767173917.7372382,-9,0,-126
1767173917.7472382,-7,1,-122
1767173917.757238,-7,2,-122
1767173917.767238,-7,1,-123
1767173917.777238,-2,1,-120
1767173917.787238,-4,1,-118
1767173917.797238,-2,0,-120
1767173917.807238,-4,1,-122
1767173917.817238,-4,-2,-123
1767173917.827238,-5,-7,-120
1767173917.837238,-1,-3,-122
1767173917.847238,0,-1,-124
1767173917.857238,1,-4,-120
1767173917.867238,0,-2,-117
1767173917.877238,0,0,-123
1767173917.8872385,0,1,-121
1767173917.8972385,-6,2,-130
1767173917.9072382,-8,3,-131
1767173917.9172382,-5,3,-123
1767173917.9272382,-4,0,-121
1767173917.9372382,-5,-2,-120
1767173917.9472382,-4,-5,-113
1767173917.9572382,-4,-4,-114
1767173917.9672382,0,-1,-113
1767173917.9772382,-3,7,-122
1767173917.9872382,-3,6,-117
1767173917.9972382,-6,5,-115
1767173918.007238,-7,4,-127
1767173918.017238,-9,0,-126
1767173918.027238,-10,1,-129
1767173918.037238,-5,2,-130
1767173918.047238,-2,-2,-129
1767173918.057238,0,-5,-132
1767173918.067238,-1,-5,-135
1767173918.077238,0,-7,-123
1767173918.087238,-1,-7,-120
1767173918.097238,-1,-9,-115
1767173918.107238,3,-9,-120
1767173918.117238,6,-5,-121
1767173918.127238,2,-3,-125
1767173918.1372385,3,-2,-118
1767173918.1472385,2,-3,-122
1767173918.1572382,2,-3,-126
1767173918.1672382,4,0,-127
1767173918.1772382,4,2,-127
1767173918.1872382,4,4,-124
1767173918.1972382,6,7,-121
1767173918.2072382,2,4,-123
1767173918.2172382,-2,-1,-124
1767173918.2272382,-2,-5,-126
1767173918.2372382,-7,-2,-127
1767173918.2472382,-5,2,-128
1767173918.257238,-3,5,-127
1767173918.267238,-2,3,-123
1767173918.277238,4,1,-122
1767173918.287238,2,1,-117
1767173918.297238,0,-1,-119
1767173918.307238,-5,-3,-127
1767173918.317238,-6,-3,-129
1767173918.327238,-6,-5,-129
1767173918.337238,-4,-5,-132
1767173918.347238,-3,-6,-134
1767173918.357238,-4,-6,-134
1767173918.367238,-4,-4,-131
1767173918.377238,-4,-8,-130
1767173918.3872385,-7,-5,-124
1767173918.3972385,-10,-2,-118
1767173918.4072382,-7,-5,-122
1767173918.4172382,-6,-3,-125
1767173918.4272382,-7,-1,-126
1767173918.4372382,-7,-1,-124
1767173918.4472382,-14,3,-121
1767173918.4572382,-14,8,-123
1767173918.4672382,-17,7,-122
1767173918.4772382,-15,3,-123
1767173918.4872382,-5,2,-126
1767173918.4972382,-1,4,-125
1767173918.507238,-3,2,-120
1767173918.517238,-4,-5,-118
1767173918.527238,-4,-9,-122
1767173918.537238,-4,-10,-123
1767173918.547238,-2,-10,-125
1767173918.557238,1,-8,-133
1767173918.567238,0,-5,-132
1767173918.577238,1,-5,-132
1767173918.587238,5,0,-135
1767173918.597238,4,1,-132
1767173918.607238,4,1,-127
1767173918.617238,2,1,-121
1767173918.627238,-1,-1,-122
1767173918.6372385,-2,-4,-126
1767173918.6472385,-2,-2,-121
1767173918.6572382,-6,0,-120
1767173918.6672382,-4,2,-111
1767173918.6772382,-3,-2,-117
1767173918.6872382,0,-7,-118
1767173918.6972382,-7,-9,-124
1767173918.7072382,-7,-10,-125
1767173918.7172382,-8,-7,-118
1767173918.7272382,-8,-4,-118
1767173918.7372382,-8,-2,-119
1767173918.7472382,0,0,-122
1767173918.757238,3,-3,-116
1767173918.767238,6,-5,-119
1767173918.777238,8,-8,-125
1767173918.787238,9,-4,-122
1767173918.797238,6,0,-121
1767173918.807238,7,-1,-122
1767173918.817238,1,-3,-122
1767173918.827238,3,-2,-120
1767173918.837238,4,-2,-112
1767173918.847238,5,-2,-115
1767173918.857238,6,-4,-125
1767173918.867238,6,-3,-121
1767173918.877238,1,1,-122
1767173918.8872385,-2,0,-125
1767173918.8972385,-3,3,-128
1767173918.9072382,-3,0,-136
1767173918.9172382,-3,0,-131
1767173918.9272382,-5,0,-125
1767173918.9372382,-2,-2,-119
1767173918.9472382,-5,-6,-117
1767173918.9572382,-4,-5,-117
1767173918.9672382,1,-7,-116
1767173918.9772382,1,-5,-114
1767173918.9872382,1,-9,-114
1767173918.9972382,4,-6,-122
1767173919.007238,3,-5,-122
1767173919.017238,0,-7,-121
1767173919.027238,-4,-8,-116
1767173919.037238,-6,-6,-108
1767173919.047238,-5,-2,-116
1767173919.057238,0,-2,-119
1767173919.067238,2,0,-121
1767173919.077238,2,1,-123
1767173919.087238,2,-1,-122
1767173919.097238,-1,2,-128
1767173919.107238,-2,1,-132
1767173919.117238,6,-2,-135
1767173919.127238,4,-3,-131
1767173919.1372385,3,-5,-127
1767173919.1472385,0,2,-123
1767173919.1572382,-3,4,-119
1767173919.1672382,-3,1,-123
1767173919.1772382,-2,6,-123
1767173919.1872382,-3,4,-120
1767173919.1972382,-3,6,-119
1767173919.2072382,-3,2,-127
1767173919.2172382,0,0,-135
1767173919.2272382,-2,1,-133
1767173919.2372382,0,5,-137
1767173919.2472382,3,0,-133
1767173919.257238,3,-3,-129
1767173919.267238,1,-4,-120
1767173919.277238,-1,-5,-119
1767173919.287238,-1,-4,-118
1767173919.297238,-1,-2,-122
1767173919.307238,-3,-3,-124
1767173919.317238,-4,-5,-123
1767173919.327238,-6,-9,-123
1767173919.337238,-10,-5,-118
1767173919.347238,-4,2,-120
1767173919.357238,3,1,-118
1767173919.367238,5,0,-113
1767173919.377238,6,-2,-110
1767173919.3872385,-3,0,-114
1767173919.3972385,-6,1,-121
1767173919.4072382,-9,0,-130
1767173919.4172382,-13,0,-131
1767173919.4272382,-11,-3,-130
1767173919.4372382,-6,0,-134
1767173919.4472382,-3,-2,-134
1767173919.4572382,-5,-3,-133
1767173919.4672382,0,-6,-130
1767173919.4772382,1,-3,-126
1767173919.4872382,1,-3,-126
1767173919.4972382,-2,-1,-118
1767173919.507238,-3,0,-120
1767173919.517238,-5,-4,-120
1767173919.527238,-2,-4,-115
1767173919.537238,1,-3,-113
1767173919.547238,0,-5,-115
1767173919.557238,3,-3,-124
1767173919.567238,2,-6,-131
1767173919.577238,2,-6,-122
1767173919.587238,1,-7,-119
1767173919.597238,4,-7,-122
1767173919.607238,1,-5,-127
1767173919.617238,-1,-4,-122
1767173919.627238,-2,-7,-118
1767173919.6372385,0,-8,-119
1767173919.6472385,2,-1,-123
1767173919.6572382,-4,-1,-122
1767173919.6672382,-8,0,-124
1767173919.6772382,-8,0,-121
1767173919.6872382,-7,0,-122
1767173919.6972382,-3,0,-124
1767173919.7072382,-3,0,-121
1767173919.7172382,-2,0,-118
1767173919.7272382,-4,-1,-118
1767173919.7372382,-5,5,-119
1767173919.7472382,-2,1,-119
1767173919.757238,0,-1,-121
1767173919.767238,3,-3,-118
1767173919.777238,1,-3,-125
1767173919.787238,5,-3,-126
1767173919.797238,7,-1,-121
1767173919.807238,4,0,-123
1767173919.817238,5,0,-119
1767173919.827238,6,1,-116
1767173919.837238,6,1,-117
1767173919.847238,4,-4,-115
1767173919.857238,0,-4,-113
1767173919.867238,-1,-5,-110
1767173919.877238,-2,-6,-113
1767173919.8872385,-2,-6,-126
1767173919.8972385,-4,-2,-124
1767173919.9072382,-5,-1,-119
1767173919.9172382,-1,2,-119
1767173919.9282382,-2,3,-127
1767173919.9372382,-5,0,-135
1767173919.948238,-1,1,-128
1767173919.958238,4,0,-126
1767173919.968238,0,-2,-126
1767173919.978238,3,-3,-123
1767173919.988238,4,-6,-121
1767173919.998238,3,-6,-115
1767173920.008238,-1,-4,-115
1767173920.018238,-2,-7,-117
1767173920.028238,-2,-8,-123
1767173920.038238,-8,-4,-121
1767173920.048238,-8,-5,-119
1767173920.0582385,-8,-4,-118
1767173920.0682385,-5,-3,-122
1767173920.0782382,-3,-2,-120
1767173920.0882382,-5,0,-127
1767173920.0982382,-6,-2,-131
1767173920.1082382,-8,0,-130
1767173920.1182382,-9,-1,-130
1767173920.1282382,-7,0,-124
1767173920.1382382,-6,0,-116
1767173920.1482382,-8,-1,-116
1767173920.1582382,-6,-1,-118
1767173920.1682382,0,-3,-119
1767173920.1782382,-1,-9,-117
1767173920.188238,0,-4,-120
1767173920.198238,2,-3,-123
1767173920.208238,2,-3,-131
1767173920.218238,4,-7,-129
1767173920.228238,6,-6,-127
1767173920.238238,7,-6,-128
1767173920.248238,6,-5,-121
1767173920.258238,6,-3,-117
1767173920.268238,7,-8,-123
1767173920.278238,8,-6,-120
1767173920.288238,5,-9,-133
1767173920.298238,2,-7,-136
1767173920.3082385,-1,-9,-133
1767173920.3182385,-4,-10,-127
1767173920.3282382,-6,-9,-125
1767173920.3382382,-5,-6,-122
1767173920.3482382,-3,-4,-116
1767173920.3582382,0,-1,-114
1767173920.3682382,0,1,-122
1767173920.3782382,-4,0,-124
1767173920.3882382,-1,0,-122
1767173920.3982382,-2,-3,-124
1767173920.4082382,-1,-4,-127
1767173920.4182382,-4,-6,-124
1767173920.4282382,-5,-6,-124
1767173920.438238,-6,-6,-121
1767173920.448238,-3,-7,-119
1767173920.458238,0,-4,-123
1767173920.468238,1,-1,-124
1767173920.478238,3,0,-121
1767173920.488238,4,0,-126
1767173920.498238,-2,-2,-132
1767173920.508238,-1,-6,-132
1767173920.518238,-3,-3,-130
1767173920.528238,-6,-7,-137
1767173920.538238,-5,-5,-140
1767173920.548238,-8,-4,-141
1767173920.5582385,-3,-3,-137
1767173920.5682385,0,-3,-126
1767173920.5782382,0,-2,-123
1767173920.5882382,0,-4,-124
1767173920.5982382,2,-3,-119
1767173920.6082382,6,-7,-121
1767173920.6182382,4,-6,-124
1767173920.6282382,4,-2,-123
1767173920.6382382,2,-2,-127
1767173920.6482382,-3,0,-132
1767173920.6582382,-3,-2,-133
1767173920.6682382,-3,-6,-133
1767173920.6782382,-5,-1,-130
1767173920.688238,-9,0,-131
1767173920.698238,-3,-1,-131
1767173920.708238,-1,0,-131
1767173920.718238,0,-3,-131
1767173920.728238,2,-1,-127
1767173920.738238,7,-4,-128
1767173920.748238,7,-3,-125
1767173920.758238,7,-3,-127
1767173920.768238,2,-4,-125
1767173920.778238,0,0,-127
1767173920.788238,-2,-3,-126
1767173920.798238,-4,0,-121
1767173920.8082385,-3,-1,-123
1767173920.8182385,-4,-3,-121
1767173920.8282382,-3,-4,-117
1767173920.8382382,-5,-2,-117
1767173920.8482382,-1,-5,-119
1767173920.8582382,2,-8,-123
1767173920.8682382,5,-6,-123
1767173920.8782382,1,-8,-127
1767173920.8882382,0,-3,-123
1767173920.8982382,-1,-2,-121
1767173920.9082382,-5,-4,-126
1767173920.9182382,-7,-3,-125
1767173920.9282382,0,-4,-128
1767173920.938238,6,-2,-133
1767173920.948238,7,-1,-138
1767173920.958238,2,0,-142
1767173920.968238,2,2,-142
1767173920.978238,2,0,-133
1767173920.988238,4,2,-128
1767173920.998238,7,2,-126
1767173921.008238,4,0,-120
1767173921.018238,0,2,-118
1767173921.028238,1,1,-113
1767173921.038238,0,0,-123
1767173921.048238,-1,-2,-126
1767173921.0582385,1,-4,-123
1767173921.0682385,0,0,-124
1767173921.0782382,0,0,-123
1767173921.0882382,-3,0,-123
1767173921.0982382,-6,-3,-125
1767173921.1082382,-6,-3,-125
1767173921.1182382,-11,-4,-128
1767173921.1282382,-13,-3,-125
1767173921.1382382,-9,-2,-127
1767173921.1482382,-7,-3,-127
1767173921.1582382,-9,-1,-124
1767173921.1682382,-7,0,-118
1767173921.1782382,-11,-1,-119
1767173921.188238,-9,-3,-118
1767173921.198238,-6,-1,-122
1767173921.208238,-3,-3,-125
1767173921.218238,-1,-3,-126
1767173921.228238,-1,-3,-120
1767173921.238238,0,-1,-121
1767173921.248238,-1,-4,-122
1767173921.258238,2,-3,-128
1767173921.268238,2,-4,-134
1767173921.278238,3,-6,-134
1767173921.288238,4,-8,-127
1767173921.298238,6,-8,-132
1767173921.3082385,0,-8,-130
1767173921.3182385,0,-5,-123
1767173921.3282382,-2,-8,-120
1767173921.3382382,-2,-7,-111
1767173921.3482382,-1,-4,-117
1767173921.3582382,0,-5,-117
1767173921.3682382,3,-5,-122
1767173921.3782382,2,-6,-120
1767173921.3882382,2,-4,-119
1767173921.3982382,-2,-3,-113
1767173921.4082382,-3,-4,-121
1767173921.4182382,0,-2,-124
1767173921.4282382,1,-2,-119
1767173921.438238,4,-2,-112
1767173921.448238,6,-2,-118
1767173921.458238,0,-4,-122
1767173921.468238,-1,-1,-125
1767173921.478238,-1,-5,-125
1767173921.488238,0,-2,-122
1767173921.498238,0,1,-126
1767173921.508238,1,0,-118
1767173921.518238,2,0,-113
1767173921.528238,1,0,-108
1767173921.538238,4,-3,-107
1767173921.548238,5,0,-113
1767173921.5582385,9,1,-117
1767173921.5682385,7,2,-126
1767173921.5782382,3,1,-128
1767173921.5882382,0,-1,-128
1767173921.5992382,-2,-3,-122
1767173921.6082382,-1,-6,-121
1767173921.6182382,-1,-7,-128
1767173921.6282382,4,-4,-128
1767173921.6382382,2,-2,-130
1767173921.6482382,0,1,-132
1767173921.6582382,0,0,-131
1767173921.6682382,1,1,-130
1767173921.6782382,4,3,-132
1767173921.688238,1,8,-127
1767173921.698238,0,8,-128
1767173921.708238,0,3,-128
1767173921.718238,2,0,-125
1767173921.728238,5,3,-131
1767173921.738238,4,6,-126
1767173921.748238,3,5,-123
1767173921.758238,8,3,-124
1767173921.768238,4,1,-122
1767173921.778238,1,1,-121
1767173921.788238,1,0,-123
1767173921.798238,-1,-2,-126
1767173921.8082385,0,0,-121
1767173921.8182385,2,0,-118
1767173921.8282382,0,0,-117
1767173921.8382382,0,2,-118
1767173921.8482382,-1,-2,-120
1767173921.8582382,3,0,-127
1767173921.8682382,1,0,-127
1767173921.8782382,0,1,-131
1767173921.8882382,2,3,-133
1767173921.8982382,2,4,-133
1767173921.9082382,0,2,-127
1767173921.9182382,1,1,-128
1767173921.9282382,0,-3,-127
1767173921.938238,-2,0,-132
1767173921.9602382,0,-8,-127
1767173921.968238,-2,-5,-123
1767173921.978238,0,-6,-131
1767173921.988238,-4,-6,-128
1767173921.998238,0,0,-124
1767173922.008238,-4,-2,-126
1767173922.018238,-3,-7,-126
1767173922.028238,0,-4,-124
1767173922.038238,1,-4,-128
1767173922.048238,-2,-2,-131
1767173922.0582385,0,0,-128
1767173922.0682385,0,-3,-122
1767173922.0782382,0,-2,-119
1767173922.0882382,-2,-4,-127
1767173922.0982382,-7,-4,-124
1767173922.1082382,-6,0,-127
1767173922.1182382,-2,2,-124
1767173922.1282382,-2,2,-127
1767173922.1382382,-2,1,-133
1767173922.1482382,0,1,-130
1767173922.1582382,4,1,-132
1767173922.1682382,1,-1,-130
1767173922.1782382,1,-4,-128
1767173922.188238,2,-6,-131
1767173922.198238,-1,-6,-131
1767173922.208238,-3,-6,-131
1767173922.218238,-3,-8,-135
1767173922.228238,1,-11,-130
1767173922.238238,1,-12,-124
1767173922.248238,-2,-15,-118
1767173922.258238,-3,-13,-120
1767173922.268238,-5,-10,-126
1767173922.278238,-7,-6,-132
1767173922.288238,-2,-6,-124
1767173922.298238,1,-2,-124
1767173922.3082385,1,-3,-125
1767173922.3182385,-2,-8,-122
1767173922.3282382,-2,-8,-119
1767173922.3382382,-2,-10,-118
1767173922.3482382,2,-13,-124
1767173922.3582382,-2,-13,-127
1767173922.3682382,-1,-6,-126
1767173922.3782382,-1,-2,-126
1767173922.3882382,0,-3,-123
1767173922.3982382,0,0,-115
1767173922.4082382,-2,4,-113
1767173922.4182382,-3,4,-116
1767173922.4282382,-1,2,-120
1767173922.438238,-5,0,-132
1767173922.448238,-4,-1,-133
1767173922.458238,-2,-1,-135
1767173922.468238,0,0,-126
1767173922.478238,0,1,-124
1767173922.488238,-1,0,-121
1767173922.498238,0,-1,-122
1767173922.508238,-1,-3,-123
1767173922.518238,3,-3,-126
1767173922.528238,3,1,-131
1767173922.538238,1,2,-134
1767173922.548238,1,3,-138
1767173922.5582385,6,4,-136
1767173922.5682385,4,4,-140
1767173922.5782382,-1,-2,-141
1767173922.5882382,-1,-8,-136
1767173922.5992382,-3,-6,-136
1767173922.609238,0,-3,-138
1767173922.619238,0,0,-132
1767173922.629238,-1,0,-131
1767173922.639238,3,0,-131
1767173922.649238,-1,2,-130
1767173922.659238,-4,-1,-133
1767173922.669238,-4,-1,-127
1767173922.679238,-3,-1,-128
1767173922.689238,-3,0,-133
1767173922.699238,-5,0,-138
1767173922.709238,-1,2,-139
1767173922.719238,0,0,-142
1767173922.7292385,0,0,-135
1767173922.7392385,5,-3,-137
1767173922.7492385,0,-3,-134
1767173922.7592382,0,-2,-134
1767173922.7692382,0,-3,-130
1767173922.7792382,0,0,-125
1767173922.7892382,2,0,-127
1767173922.7992382,3,-1,-131
1767173922.8092382,1,0,-126
1767173922.8192382,7,3,-124
1767173922.8292382,6,6,-126
1767173922.8392382,2,2,-129
1767173922.8492382,3,3,-128
1767173922.859238,2,3,-124
1767173922.869238,2,4,-124
1767173922.879238,2,2,-127
1767173922.889238,0,0,-123
1767173922.899238,0,0,-124
1767173922.909238,-6,-4,-116
1767173922.919238,-5,-6,-112
1767173922.929238,-9,-6,-118
1767173922.939238,-5,-5,-116
1767173922.949238,-2,-6,-119
1767173922.959238,-3,-4,-122
1767173922.969238,-9,-6,-123
1767173922.9792385,-7,-3,-124
1767173922.9892385,-8,-2,-121
1767173922.9992385,-12,-9,-116
1767173923.0092382,-7,-6,-115
1767173923.0192382,0,-6,-118
1767173923.0292382,3,-6,-120
1767173923.0392382,4,-7,-128
1767173923.0492382,5,-3,-125
1767173923.0592382,7,-7,-128
1767173923.0692382,4,-6,-128
1767173923.0792382,7,-5,-125
1767173923.0892382,4,0,-120
1767173923.0992382,-2,0,-121
1767173923.109238,-1,1,-118
1767173923.119238,-2,-2,-114
1767173923.129238,-3,-2,-116
1767173923.139238,-4,-3,-112
1767173923.149238,-2,-3,-115
1767173923.159238,6,-2,-117
1767173923.169238,10,-3,-116
1767173923.179238,8,-1,-123
1767173923.189238,9,-1,-123
1767173923.199238,8,-1,-124
1767173923.209238,7,-4,-124
1767173923.219238,6,-3,-120
1767173923.2292385,6,0,-123
1767173923.2392385,0,0,-125
1767173923.2492385,1,2,-127
1767173923.2592382,4,4,-128
1767173923.2692382,5,1,-124
1767173923.2792382,5,4,-119
1767173923.2892382,3,9,-123
1767173923.2992382,4,5,-124
1767173923.3092382,0,2,-119
1767173923.3192382,1,4,-121
1767173923.3292382,-4,1,-123
1767173923.3392382,-2,5,-125
1767173923.3492382,-2,5,-121
1767173923.359238,-1,-1,-114
1767173923.369238,-3,-1,-117
1767173923.379238,-2,-3,-120
1767173923.389238,-2,-2,-123
1767173923.399238,-6,-3,-124
1767173923.409238,-9,-5,-126
1767173923.419238,-8,-1,-128
1767173923.429238,-8,-2,-128
1767173923.439238,-2,-3,-122
1767173923.449238,2,-6,-121
1767173923.459238,0,-6,-125
1767173923.469238,0,-4,-123
1767173923.4792385,3,-5,-127
1767173923.4892385,2,-7,-128
1767173923.4992385,0,-6,-133
1767173923.5092382,1,-10,-133
1767173923.5192382,-3,-4,-128
1767173923.5292382,1,-3,-125
1767173923.5392382,0,-3,-127
1767173923.5492382,2,-5,-122
1767173923.5592382,-2,-2,-119
1767173923.5692382,0,-3,-122
1767173923.5792382,1,-6,-124
1767173923.5892382,1,-6,-125
1767173923.5992382,2,-7,-127
1767173923.609238,3,-4,-131
1767173923.619238,0,-6,-130
1767173923.629238,1,-5,-129
1767173923.639238,4,-3,-128
1767173923.649238,6,-1,-125
1767173923.659238,3,-7,-128
1767173923.669238,2,-4,-125
1767173923.679238,-1,-3,-127
1767173923.689238,2,0,-136
1767173923.699238,4,2,-130
1767173923.709238,1,7,-132
1767173923.719238,0,6,-130
1767173923.7292385,1,3,-128
1767173923.7392385,2,1,-128
1767173923.7492385,5,0,-123
1767173923.7592382,2,-1,-128
1767173923.7692382,2,-1,-131
1767173923.7792382,1,0,-134
1767173923.7892382,0,4,-134
1767173923.7992382,0,3,-139
1767173923.8092382,-1,3,-133
1767173923.8192382,0,3,-134
1767173923.8292382,-6,-1,-130
1767173923.8392382,-7,-1,-136
1767173923.8492382,-3,-2,-135
1767173923.859238,-9,3,-136
1767173923.869238,-11,1,-130
1767173923.879238,-9,-1,-137
1767173923.889238,-6,-2,-141
1767173923.899238,-3,-3,-131
1767173923.909238,-1,-2,-128
1767173923.919238,0,2,-128
1767173923.929238,0,1,-125
1767173923.939238,0,2,-124
1767173923.949238,-2,-2,-129
1767173923.959238,-4,0,-124
1767173923.969238,1,-1,-123
1767173923.9792385,2,1,-127
1767173923.9892385,-2,-2,-126
1767173923.9992385,-5,-5,-126
1767173924.0092382,0,-7,-123
1767173924.0192382,-1,-4,-123
1767173924.0292382,-2,0,-125
1767173924.0392382,0,1,-124
1767173924.0492382,0,4,-125
1767173924.0592382,-4,0,-127
1767173924.0692382,-4,-1,-127
1767173924.0792382,-3,0,-121
1767173924.0892382,-5,-1,-116
1767173924.0992382,-2,-3,-114
1767173924.109238,-5,-4,-113
1767173924.119238,-6,-7,-114
1767173924.129238,-5,-7,-113
1767173924.139238,-5,-7,-112
1767173924.149238,-2,-8,-116
1767173924.159238,1,-11,-131
1767173924.169238,-1,-10,-137
1767173924.179238,-5,-11,-138
1767173924.189238,-5,-5,-136
1767173924.199238,-2,-3,-133
1767173924.209238,2,-3,-130
1767173924.219238,5,-3,-122
1767173924.2292385,4,-3,-121
1767173924.2392385,6,-3,-117
1767173924.2492385,8,-3,-120
1767173924.2592382,7,-1,-119
1767173924.2692382,5,0,-119
1767173924.2792382,2,-4,-122
1767173924.2892382,-3,-6,-122
1767173924.2992382,0,-3,-123
1767173924.3092382,0,-2,-122
1767173924.3192382,2,-5,-121
1767173924.3292382,4,-4,-126
1767173924.3392382,5,-3,-128
1767173924.3492382,2,-5,-123
1767173924.359238,-2,-4,-117
1767173924.369238,0,-5,-115
1767173924.379238,0,-2,-116
1767173924.389238,0,-3,-126
1767173924.399238,1,-1,-121
1767173924.409238,1,-1,-127
1767173924.419238,0,-4,-121
1767173924.429238,1,-3,-120
1767173924.439238,1,0,-120
1767173924.449238,4,-1,-126
1767173924.459238,7,-4,-134
1767173924.469238,3,-1,-130
1767173924.4792385,3,-1,-121
1767173924.4892385,0,-3,-120
1767173924.4992385,1,0,-118
1767173924.5092382,1,0,-122
1767173924.5192382,0,1,-118
1767173924.5292382,-1,1,-118
1767173924.5392382,-5,-3,-111
1767173924.5492382,-4,-6,-107
1767173924.5592382,0,-4,-113
1767173924.5692382,-5,-9,-115
1767173924.5792382,-1,-8,-114
1767173924.5892382,0,-7,-117
1767173924.5992382,8,-4,-117
1767173924.609238,10,-3,-112
1767173924.619238,7,-3,-113
1767173924.629238,6,-1,-121
1767173924.639238,3,-1,-120
1767173924.649238,2,0,-120
1767173924.659238,2,4,-123
1767173924.669238,3,9,-125
1767173924.679238,0,9,-126
1767173924.689238,1,3,-131
1767173924.699238,0,2,-136
1767173924.709238,-2,-1,-135
1767173924.719238,-3,-4,-126
1767173924.7292385,-2,-3,-118
1767173924.7392385,-6,-5,-123
1767173924.7492385,-4,-6,-124
1767173924.7592382,-6,-5,-121
1767173924.7692382,-3,-2,-114
1767173924.7792382,-1,0,-116
1767173924.7892382,1,1,-114
1767173924.7992382,1,0,-112
1767173924.8092382,-1,-2,-115
1767173924.8192382,-1,2,-117
1767173924.8292382,-1,1,-124
1767173924.8392382,-2,0,-127
1767173924.8492382,2,-4,-125
1767173924.859238,3,-6,-125
1767173924.869238,2,-4,-123
1767173924.879238,6,-4,-119
1767173924.889238,3,-7,-110
1767173924.899238,-2,-6,-115
1767173924.909238,-4,-6,-122
1767173924.919238,-4,-6,-122
1767173924.929238,-3,-11,-123
1767173924.939238,0,-11,-123
1767173924.949238,0,-12,-124
1767173924.959238,3,-7,-132
1767173924.969238,6,-7,-133
1767173924.9792385,5,-4,-134
1767173924.9892385,2,0,-131
1767173924.9992385,1,-1,-126
1767173925.0092382,1,-3,-129
1767173925.0192382,4,2,-121
1767173925.0292382,2,3,-119
1767173925.0392382,5,-2,-117
1767173925.0492382,3,-5,-118
1767173925.0592382,4,-5,-123
1767173925.0692382,9,-2,-126
1767173925.0792382,5,-2,-120
1767173925.0892382,1,-8,-125
1767173925.0992382,0,-8,-121
1767173925.109238,-1,-8,-124
1767173925.119238,-4,-11,-122
1767173925.129238,-1,-11,-124
1767173925.139238,0,-9,-116
1767173925.149238,0,-10,-120
1767173925.159238,0,-8,-116
1767173925.169238,-2,-9,-113
1767173925.1802382,-7,-10,-118
1767173925.189238,-7,-9,-119
1767173925.199238,-9,-5,-123
1767173925.209238,-9,-5,-126
1767173925.219238,-9,0,-120
1767173925.2292385,-7,1,-112
1767173925.2402382,-7,-1,-116
1767173925.2502382,-12,1,-119
1767173925.2602382,-7,2,-120
1767173925.2702382,-9,2,-116
1767173925.2802382,-7,1,-113
1767173925.290238,-1,4,-118
1767173925.300238,-1,4,-119
1767173925.310238,0,0,-121
1767173925.320238,-3,-4,-115
1767173925.330238,0,-7,-120
1767173925.340238,0,-8,-120
1767173925.350238,0,-11,-120
1767173925.360238,4,-7,-123
1767173925.370238,-5,-9,-130
1767173925.380238,-8,-10,-129
1767173925.390238,-4,-12,-125
1767173925.400238,-1,-9,-123
1767173925.4102385,4,-7,-117
1767173925.4202385,9,3,-124
1767173925.4302382,6,2,-128
1767173925.4402382,2,1,-130
1767173925.4502382,0,-1,-128
1767173925.4602382,4,0,-131
1767173925.4702382,3,-4,-130
1767173925.4802382,2,-9,-126
1767173925.4902382,1,-8,-120
1767173925.5002382,5,-6,-115
1767173925.5102382,2,-3,-119
1767173925.5202382,2,-3,-116
1767173925.5302382,8,-2,-115
1767173925.540238,10,-1,-114
1767173925.550238,6,-3,-114
1767173925.560238,2,-5,-112
1767173925.570238,0,-6,-117
1767173925.580238,-3,-4,-117
1767173925.590238,1,-5,-117
1767173925.600238,5,-4,-114
1767173925.610238,3,-3,-115
1767173925.620238,2,0,-116
1767173925.630238,1,0,-117
1767173925.640238,3,-1,-122
1767173925.650238,-2,-3,-119
1767173925.6602385,-5,-4,-128
1767173925.6702385,-4,-3,-129
1767173925.6802382,-5,-6,-126
1767173925.6902382,-3,-7,-126
1767173925.7002382,-4,0,-125
1767173925.7102382,-3,0,-123
1767173925.7202382,-3,1,-125
1767173925.7302382,-3,2,-129
1767173925.7402382,0,3,-131
1767173925.7502382,-3,-2,-132
1767173925.7602382,0,-5,-124
1767173925.7702382,6,-4,-125
1767173925.7802382,10,-1,-117
1767173925.790238,10,0,-116
1767173925.800238,9,-4,-122
1767173925.810238,8,-2,-121
1767173925.820238,5,-3,-122
1767173925.830238,2,-2,-113
1767173925.840238,2,-1,-114
1767173925.850238,0,-2,-113
1767173925.860238,-1,-4,-114
1767173925.870238,-1,-6,-123
1767173925.880238,0,-3,-121
1767173925.890238,4,0,-122
1767173925.900238,2,-2,-122
1767173925.9102385,4,1,-123
1767173925.9202385,5,6,-126
1767173925.9302382,4,10,-129
1767173925.9402382,7,6,-135
1767173925.9502382,5,4,-135
1767173925.9602382,6,3,-131
1767173925.9702382,5,2,-135
1767173925.9802382,8,0,-136
1767173925.9902382,11,0,-139
1767173926.0002382,8,0,-133
1767173926.0102382,1,0,-129
1767173926.0202382,0,-4,-124
1767173926.0302382,-2,-4,-124
1767173926.040238,-3,-5,-120
1767173926.050238,0,-5,-117
1767173926.060238,-1,-2,-121
1767173926.070238,-1,-6,-127
1767173926.080238,-1,-5,-125
1767173926.090238,0,-1,-127
1767173926.100238,0,2,-128
1767173926.110238,1,4,-127
1767173926.120238,0,4,-126
1767173926.130238,-2,5,-128
1767173926.140238,0,2,-128
1767173926.150238,-1,1,-124
1767173926.1602385,-5,0,-125
1767173926.1702385,-7,0,-125
1767173926.1802382,-7,0,-129
1767173926.1902382,0,1,-127
1767173926.2002382,-2,1,-123
1767173926.2102382,1,2,-124
1767173926.2202382,2,-1,-127
1767173926.2302382,1,-2,-123
1767173926.2402382,1,0,-118
1767173926.2502382,0,0,-120
1767173926.2602382,2,-1,-122
1767173926.2702382,8,-7,-123
1767173926.2802382,8,-5,-124
1767173926.290238,6,-1,-121
1767173926.300238,6,0,-127
1767173926.310238,6,1,-128
1767173926.320238,6,2,-131
1767173926.330238,3,2,-130
1767173926.340238,3,4,-131
1767173926.350238,3,0,-137
1767173926.360238,2,-1,-134
1767173926.370238,4,-1,-128
1767173926.380238,1,-1,-126
1767173926.390238,0,2,-130
1767173926.400238,2,-1,-130
1767173926.4102385,0,-3,-127
1767173926.4202385,0,-6,-128
1767173926.4302382,-2,-5,-130
1767173926.4402382,-5,-4,-126
1767173926.4502382,-2,-2,-125
1767173926.4602382,0,-2,-128
1767173926.4702382,0,-4,-129
1767173926.4802382,-3,-9,-123
1767173926.4902382,-2,-8,-119
1767173926.5002382,-3,-8,-121
1767173926.5102382,-5,-5,-129
1767173926.5202382,-3,-4,-127
1767173926.5302382,0,-4,-132
1767173926.540238,0,-6,-130
1767173926.550238,0,-5,-129
1767173926.560238,1,-5,-133
1767173926.570238,0,-4,-128
1767173926.580238,0,-5,-124
1767173926.590238,-4,-2,-124
1767173926.600238,-3,-6,-123
1767173926.610238,0,-1,-123
1767173926.620238,1,0,-130
1767173926.630238,0,3,-127
1767173926.640238,-3,0,-123
1767173926.650238,-4,2,-126
1767173926.6602385,-5,-3,-126
1767173926.6702385,-2,0,-126
1767173926.6802382,0,3,-124
1767173926.6902382,0,-1,-121
1767173926.7002382,-5,0,-115
1767173926.7102382,1,-4,-114
1767173926.7202382,1,-8,-113
1767173926.7302382,4,-8,-116
1767173926.7402382,3,-4,-123
1767173926.7502382,-2,-5,-125
1767173926.7602382,-3,-4,-133
1767173926.7702382,0,0,-130
1767173926.7802382,0,-1,-125
1767173926.790238,1,-2,-130
1767173926.800238,0,-6,-135
1767173926.810238,-2,-8,-131
1767173926.820238,-2,-4,-130
1767173926.830238,-3,-2,-132
1767173926.840238,-5,-1,-128
1767173926.850238,-11,-2,-129
1767173926.860238,-9,0,-127
1767173926.870238,-4,0,-128
1767173926.880238,-4,0,-124
1767173926.890238,0,-2,-121
1767173926.900238,-4,-5,-120
1767173926.9102385,-1,-3,-118
1767173926.9202385,-2,1,-121
1767173926.9302382,-1,1,-122
1767173926.9402382,-1,6,-129
1767173926.9502382,-1,5,-131
1767173926.971238,-3,0,-124
1767173926.9802382,-4,-3,-123
1767173926.9902382,-2,-2,-126
1767173927.0002382,0,0,-126
1767173927.0102382,-5,0,-121
1767173927.0202382,-6,-2,-122
1767173927.0302382,-4,-6,-126
1767173927.040238,-4,-5,-138
1767173927.050238,0,-7,-137
1767173927.060238,0,-7,-133
1767173927.070238,0,-1,-132
1767173927.080238,2,5,-127
1767173927.090238,1,2,-128
1767173927.100238,0,3,-125
1767173927.110238,-2,3,-121
1767173927.120238,-1,2,-117
1767173927.130238,2,2,-122
1767173927.140238,0,0,-123
1767173927.150238,-1,-1,-121
1767173927.1602385,0,-2,-127
1767173927.1702385,-1,-1,-131
1767173927.1802382,0,-1,-125
1767173927.1902382,2,-2,-118
1767173927.2002382,3,-3,-119
1767173927.2102382,3,-2,-114
1767173927.2202382,6,-1,-118
1767173927.2302382,3,-3,-120
1767173927.2402382,3,-5,-126
1767173927.2502382,2,-2,-128
1767173927.2602382,-3,0,-127
1767173927.2702382,-5,0,-133
1767173927.2802382,-2,-1,-133
1767173927.290238,1,-2,-128
1767173927.300238,8,-4,-133
1767173927.310238,7,-6,-136
1767173927.320238,5,-4,-131
1767173927.330238,7,-2,-129
1767173927.340238,9,-2,-124
1767173927.350238,9,0,-128
1767173927.360238,10,0,-130
1767173927.370238,6,-4,-128
1767173927.380238,5,-5,-127
1767173927.390238,6,-8,-132
1767173927.400238,9,-7,-130
1767173927.4102385,8,-1,-132
1767173927.4202385,5,0,-131
1767173927.4302382,0,2,-125
1767173927.4402382,-2,0,-117
1767173927.4502382,1,-1,-116
1767173927.4602382,3,0,-117
1767173927.4702382,2,-3,-123
1767173927.4802382,3,-4,-124
1767173927.4902382,4,0,-125
1767173927.5002382,6,1,-121
1767173927.5102382,6,6,-123
1767173927.5202382,4,4,-122
1767173927.5302382,1,2,-117
1767173927.540238,2,5,-115
1767173927.550238,1,4,-115
1767173927.560238,7,2,-119
1767173927.570238,6,0,-125
1767173927.580238,4,-1,-126
1767173927.590238,0,-2,-131
1767173927.600238,4,-4,-121
1767173927.610238,2,0,-115
1767173927.620238,-1,0,-118
1767173927.630238,-1,-1,-121
1767173927.640238,-2,-4,-126
1767173927.650238,0,-1,-132
1767173927.6602385,2,0,-128
1767173927.6702385,0,5,-126
1767173927.6802382,-2,4,-130
1767173927.6902382,-5,-1,-127
1767173927.7002382,-4,-1,-130
1767173927.7102382,-6,-3,-132
1767173927.7202382,-6,-4,-131
1767173927.7302382,0,-3,-129
1767173927.7402382,2,-6,-119
1767173927.7502382,3,-3,-120
1767173927.7602382,0,0,-118
1767173927.7702382,-4,2,-119
1767173927.7802382,0,3,-119
1767173927.790238,-3,2,-127
1767173927.800238,0,-3,-130
1767173927.811238,4,-2,-130
1767173927.820238,1,0,-121
1767173927.830238,0,1,-121
1767173927.840238,0,1,-122
1767173927.850238,3,0,-121
1767173927.860238,4,-2,-119
1767173927.8712382,7,0,-123
1767173927.880238,6,1,-130
1767173927.8912382,5,0,-134
1767173927.9012382,2,0,-131
1767173927.9112382,0,-1,-128
1767173927.9212382,-3,-5,-128
1767173927.9312382,-3,-5,-133
1767173927.9412382,-7,-3,-127
1767173927.9512382,-5,-5,-122
1767173927.961238,-5,-6,-116
1767173927.971238,-4,-6,-117
1767173927.981238,-7,-6,-119
1767173927.991238,-4,-9,-118
1767173928.001238,-6,-5,-116
1767173928.011238,-3,-6,-117
1767173928.021238,2,-4,-118
1767173928.031238,0,-4,-115
1767173928.041238,-3,-6,-117
1767173928.051238,0,-6,-119
1767173928.061238,-5,-9,-125
1767173928.071238,-7,-9,-126
1767173928.0812385,-5,-9,-118
1767173928.0912385,-5,-5,-117
1767173928.1012385,-3,2,-119
1767173928.1112382,-2,3,-114
1767173928.1212382,0,0,-118
1767173928.1312382,2,0,-131
1767173928.1412382,-1,-1,-131
1767173928.1512382,-5,0,-131
1767173928.1612382,-5,-2,-132
1767173928.1712382,3,0,-131
1767173928.1812382,2,-4,-127
1767173928.1912382,2,-4,-129
1767173928.2012382,5,-2,-128
1767173928.211238,9,0,-131
1767173928.221238,5,0,-128
1767173928.231238,4,-3,-127
1767173928.241238,3,2,-124
1767173928.251238,2,2,-126
1767173928.261238,4,0,-129
1767173928.271238,5,-3,-130
1767173928.281238,3,0,-134
1767173928.291238,1,-4,-132
1767173928.301238,3,-3,-133
1767173928.311238,3,-1,-132
1767173928.321238,4,0,-129
1767173928.3312385,0,1,-129
1767173928.3412385,1,0,-128
1767173928.3512385,-1,0,-123
1767173928.3612382,5,-2,-123
1767173928.3712382,7,-2,-126
1767173928.3812382,6,1,-126
1767173928.3912382,4,-2,-122
1767173928.4012382,2,-4,-120
1767173928.4112382,0,-2,-123
1767173928.4212382,-1,2,-119
1767173928.4312382,-1,2,-111
1767173928.4412382,-3,2,-118
1767173928.4512382,-5,0,-124
1767173928.461238,-2,2,-128
1767173928.471238,-5,0,-127
1767173928.481238,-2,-2,-118
1767173928.491238,-2,-1,-119
1767173928.501238,0,0,-120
1767173928.511238,3,0,-122
1767173928.521238,2,-3,-120
1767173928.531238,2,-6,-120
1767173928.541238,-4,0,-116
1767173928.551238,-3,0,-117
1767173928.561238,-4,0,-123
1767173928.571238,-11,0,-127
1767173928.5812385,-6,-1,-124
1767173928.5912385,-1,-2,-119
1767173928.6012385,-2,-4,-117
1767173928.6112382,1,-6,-119
1767173928.6212382,0,-10,-128
1767173928.6312382,-2,-13,-133
1767173928.6412382,-1,-10,-136
1767173928.6512382,-3,-7,-134
1767173928.6612382,-6,-5,-133
1767173928.6712382,-4,-7,-124
1767173928.6812382,-5,-6,-127
1767173928.6912382,-2,-4,-132
1767173928.7012382,0,-4,-128
1767173928.711238,-5,-6,-120
1767173928.721238,-5,-5,-125
1767173928.731238,-6,-1,-124
1767173928.741238,-4,1,-118
1767173928.751238,-2,-4,-114
1767173928.761238,0,-6,-117
1767173928.771238,-1,-7,-119
1767173928.781238,3,-4,-119
1767173928.791238,5,-3,-120
1767173928.801238,8,-5,-125
1767173928.811238,3,-5,-128
1767173928.821238,0,-6,-118
1767173928.8312385,1,-3,-124
1767173928.8412385,4,2,-124
1767173928.8512385,-1,0,-132
1767173928.8612382,-2,0,-125
1767173928.8712382,-1,-1,-122
1767173928.8812382,-3,-2,-124
1767173928.8912382,-2,0,-130
1767173928.9012382,4,-1,-132
1767173928.9112382,4,-3,-134
1767173928.9212382,5,-7,-135
1767173928.9312382,5,1,-131
1767173928.9412382,1,0,-128
1767173928.9512382,0,-3,-131
1767173928.961238,-3,-4,-131
1767173928.972238,-1,-4,-131
1767173928.981238,-1,-3,-128
1767173928.991238,-1,-3,-125
1767173929.001238,-1,-5,-128
1767173929.011238,1,-3,-131
1767173929.021238,0,-3,-127
1767173929.031238,0,-3,-132
1767173929.041238,-1,-2,-133
1767173929.051238,-3,-3,-126
1767173929.061238,0,-4,-123
1767173929.071238,-1,-1,-122
1767173929.0812385,0,0,-124
1767173929.0912385,-1,3,-130
1767173929.1012385,-2,4,-134
1767173929.1112382,-2,0,-132
1767173929.1212382,-2,0,-137
1767173929.1312382,-7,-2,-131
1767173929.1412382,-8,-1,-121
1767173929.1512382,-6,-2,-118
1767173929.1612382,-2,-2,-116
1767173929.1712382,1,0,-111
1767173929.1812382,4,-2,-116
1767173929.1912382,0,-1,-111
1767173929.2012382,0,-2,-110
1767173929.211238,0,-3,-117
1767173929.221238,-7,-7,-120
1767173929.231238,-5,-7,-125
1767173929.241238,0,-2,-123
1767173929.251238,1,-2,-123
1767173929.261238,2,0,-123
1767173929.271238,0,-2,-117
1767173929.281238,1,-5,-114
1767173929.291238,2,-7,-114
1767173929.301238,0,-12,-120
1767173929.311238,-6,-12,-119
1767173929.321238,-5,-9,-120
1767173929.3312385,-3,-12,-125
1767173929.3412385,-5,-8,-128
1767173929.3512385,0,-5,-134
1767173929.3612382,-2,-5,-132
1767173929.3712382,-3,-4,-124
1767173929.3812382,-2,-3,-123
1767173929.3912382,0,1,-123
1767173929.4012382,-3,6,-114
1767173929.4112382,-4,11,-108
1767173929.4212382,-1,7,-113
1767173929.4312382,-5,2,-121
1767173929.4412382,-3,0,-125
1767173929.4512382,-5,0,-127
1767173929.461238,-4,0,-127
1767173929.471238,0,-1,-128
1767173929.481238,0,-1,-127
1767173929.491238,2,0,-121
1767173929.501238,2,1,-122
1767173929.511238,1,-2,-122
1767173929.521238,-3,-3,-119
1767173929.531238,0,-3,-120
1767173929.541238,3,-6,-120
1767173929.551238,0,-3,-122
1767173929.561238,0,-4,-118
1767173929.571238,-5,-4,-127
1767173929.5812385,-9,-9,-125
1767173929.5912385,-7,-5,-126
1767173929.6012385,-3,-5,-124
1767173929.6112382,2,-2,-117
1767173929.6212382,2,2,-113
1767173929.6312382,-1,3,-119
1767173929.6412382,1,0,-124
1767173929.6512382,0,0,-124
1767173929.6612382,2,3,-123
1767173929.6712382,4,4,-119
1767173929.6812382,4,2,-115
1767173929.6912382,5,0,-114
1767173929.7012382,3,-1,-121
1767173929.711238,6,-4,-125
1767173929.721238,4,-3,-127
1767173929.731238,7,-2,-131
1767173929.741238,8,-5,-134
1767173929.751238,5,-2,-129
1767173929.761238,0,-4,-133
1767173929.771238,-3,-4,-130
1767173929.781238,-3,-3,-129
1767173929.791238,-2,-8,-126
1767173929.801238,-2,-10,-125
1767173929.811238,-4,-8,-131
1767173929.821238,1,-5,-134
1767173929.8312385,2,-1,-128
1767173929.8412385,2,0,-124
1767173929.8512385,2,-3,-126
1767173929.8612382,3,-2,-126
1767173929.8712382,4,0,-121
1767173929.8812382,5,-1,-132
1767173929.8912382,8,0,-133
1767173929.9012382,2,0,-132
1767173929.9112382,-2,2,-129
1767173929.9212382,-5,0,-132
1767173929.9312382,-6,-2,-129
1767173929.9412382,-5,-2,-125
1767173929.9512382,-4,0,-118
1767173929.961238,-4,1,-116
1767173929.971238,-2,-1,-123
1767173929.981238,0,-1,-124
1767173929.991238,0,-3,-129
1767173930.001238,4,-9,-125
1767173930.011238,3,-6,-126
1767173930.021238,0,-3,-118
1767173930.031238,1,-1,-122
1767173930.041238,2,0,-120
1767173930.051238,5,0,-123
1767173930.061238,3,4,-127
1767173930.071238,0,0,-131
1767173930.0812385,-2,-2,-130
1767173930.0912385,-4,-1,-134
1767173930.1012385,-7,-4,-134
1767173930.1112382,-8,-4,-135
1767173930.1212382,-6,-6,-131
1767173930.1312382,-1,0,-125
1767173930.1412382,1,0,-127
1767173930.1512382,2,3,-129
1767173930.1612382,4,6,-131
1767173930.1712382,5,4,-134
1767173930.1812382,1,3,-136
1767173930.1912382,-3,0,-137
1767173930.2012382,-7,0,-134
1767173930.211238,-4,1,-131
1767173930.221238,0,2,-131
1767173930.231238,0,-2,-139
1767173930.241238,3,-2,-133
1767173930.251238,6,2,-131
1767173930.261238,2,5,-137
1767173930.271238,-4,2,-140
1767173930.281238,-4,1,-140
1767173930.291238,-1,2,-145
1767173930.301238,1,1,-138
1767173930.311238,0,0,-131
1767173930.321238,-2,1,-138
1767173930.3312385,0,2,-139
1767173930.3412385,0,-1,-136
1767173930.3512385,1,-3,-134
1767173930.3612382,0,-8,-135
1767173930.3712382,3,-7,-136
1767173930.3812382,0,-8,-137
1767173930.3912382,0,-11,-137
1767173930.4012382,-4,-10,-136
1767173930.4112382,-4,-10,-134
1767173930.4212382,-7,-8,-127
1767173930.4312382,-2,-3,-121
1767173930.4412382,3,-4,-119
1767173930.4512382,-1,-4,-118
1767173930.461238,-1,-8,-126
1767173930.471238,0,-8,-125
1767173930.481238,0,-6,-131
1767173930.491238,-1,-2,-137
1767173930.502238,0,-4,-140
1767173930.5122385,0,-2,-140
1767173930.5222385,0,-2,-129
1767173930.5322382,-1,-2,-128
1767173930.5422382,-4,-3,-126
1767173930.5522382,-4,0,-123
1767173930.5622382,0,1,-126
1767173930.5722382,5,-4,-125
1767173930.5822382,7,-4,-133
1767173930.5922382,4,-7,-135
1767173930.6022382,4,-9,-136
1767173930.6122382,3,-6,-133
1767173930.6222382,4,-6,-124
1767173930.632238,2,-8,-120
1767173930.642238,2,-11,-123
1767173930.652238,2,-13,-127
1767173930.662238,4,-12,-129
1767173930.672238,0,-9,-130
1767173930.682238,-6,-5,-132
1767173930.692238,-2,-3,-128
1767173930.702238,1,-4,-133
1767173930.712238,2,-3,-133
1767173930.722238,5,-3,-121
1767173930.732238,4,-1,-118
1767173930.742238,4,1,-112
1767173930.752238,0,0,-106
1767173930.7622385,-2,-2,-113
1767173930.7722385,-3,0,-120
1767173930.7822382,-1,-2,-125
1767173930.7922382,3,-4,-130
1767173930.8022382,3,-1,-127
1767173930.8122382,0,-4,-126
1767173930.8222382,1,-5,-123
1767173930.8322382,0,-4,-124
1767173930.8422382,0,-3,-125
1767173930.8522382,0,-3,-121
1767173930.8622382,3,-5,-117
1767173930.8722382,3,-7,-115
1767173930.882238,3,-2,-120
1767173930.892238,0,-1,-122
1767173930.902238,0,0,-127
1767173930.912238,0,-1,-126
1767173930.922238,0,1,-124
1767173930.932238,-1,1,-123
1767173930.942238,-1,0,-127
1767173930.952238,0,0,-121
1767173930.962238,-3,0,-117
1767173930.972238,-4,0,-116
1767173930.982238,-3,1,-114
1767173930.992238,-1,-5,-112
1767173931.002238,-1,-10,-109
1767173931.0122385,-3,-8,-114
1767173931.0222385,-3,-7,-110
1767173931.0322382,-4,-5,-113
1767173931.0422382,-8,-6,-117
1767173931.0522382,-7,-8,-114
1767173931.0622382,-5,-8,-115
1767173931.0722382,-5,-12,-118
1767173931.0822382,-2,-11,-119
1767173931.0922382,-3,-9,-126
1767173931.1022382,-4,-6,-129
1767173931.1122382,-4,-4,-125
1767173931.1222382,-1,-2,-125
1767173931.132238,1,-4,-125
1767173931.142238,1,-4,-135
1767173931.152238,-2,-3,-137
1767173931.162238,0,-2,-135
1767173931.172238,-3,0,-137
1767173931.182238,-2,0,-133
1767173931.192238,-2,2,-136
1767173931.202238,1,-1,-131
1767173931.212238,-2,0,-123
1767173931.222238,-3,-1,-126
1767173931.232238,-2,-2,-126
1767173931.242238,0,-3,-131
1767173931.252238,0,-5,-128
1767173931.2622385,0,-3,-128
1767173931.2722385,0,-3,-128
1767173931.2822382,3,-4,-130
1767173931.2922382,0,-4,-130
1767173931.3022382,-1,-6,-130
1767173931.3122382,0,-7,-123
1767173931.3222382,2,-4,-126
1767173931.3322382,5,-2,-117
1767173931.3422382,2,-4,-109
1767173931.3522382,0,-4,-104
1767173931.3622382,0,-6,-110
1767173931.3722382,-4,-1,-115
1767173931.382238,-1,-3,-114
1767173931.392238,-3,-4,-106
1767173931.402238,-7,-4,-102
1767173931.412238,-5,-1,-111
1767173931.422238,-4,-3,-114
1767173931.432238,0,-3,-119
1767173931.442238,-1,-7,-124
1767173931.452238,-6,-8,-121
1767173931.462238,-2,-8,-122
1767173931.472238,0,-4,-121
1767173931.482238,-1,-6,-121
1767173931.492238,-3,-4,-120
1767173931.502238,-1,-5,-118
1767173931.5122385,-2,-5,-113
1767173931.5222385,-2,-2,-123
1767173931.5322382,0,-3,-122
1767173931.5422382,2,0,-122
1767173931.5522382,2,-2,-120
1767173931.5622382,6,-4,-127
1767173931.5722382,5,-6,-129
1767173931.5822382,3,-5,-130
1767173931.5922382,2,-6,-132
1767173931.6022382,5,-6,-135
1767173931.6122382,6,-5,-136
1767173931.6222382,8,-7,-130
1767173931.632238,4,-4,-125
1767173931.642238,2,-3,-122
1767173931.652238,5,0,-122
1767173931.662238,5,-5,-127
1767173931.672238,4,-6,-125
1767173931.682238,2,0,-129
1767173931.692238,0,0,-127
1767173931.702238,0,0,-127
1767173931.712238,2,-2,-128
1767173931.722238,2,-4,-127
1767173931.732238,3,-6,-127
1767173931.742238,4,-5,-127
1767173931.752238,1,-5,-135
1767173931.7622385,0,-4,-131
1767173931.7722385,0,0,-131
1767173931.7822382,0,0,-129
1767173931.7922382,0,2,-126
1767173931.8022382,-1,0,-128
1767173931.8122382,0,-2,-129
1767173931.8222382,2,-2,-129
1767173931.8322382,0,-3,-127
1767173931.8422382,0,-5,-130
1767173931.8522382,0,-4,-127
1767173931.8622382,-3,-3,-130
1767173931.8722382,0,-3,-128
1767173931.882238,0,-3,-122
1767173931.892238,-5,-5,-122
1767173931.902238,-5,-4,-120
1767173931.912238,-7,-2,-126
1767173931.922238,-5,-5,-126
1767173931.932238,0,0,-127
1767173931.942238,0,2,-128
1767173931.952238,0,4,-130
1767173931.962238,-2,2,-127
1767173931.984238,-1,-3,-126
1767173931.992238,-2,-2,-128
1767173932.002238,0,-6,-122
1767173932.0122385,-3,-5,-121
1767173932.0222385,0,-6,-124
1767173932.0322382,-2,-7,-123
1767173932.0422382,0,-5,-124
1767173932.0522382,1,-2,-123
1767173932.0622382,-1,-3,-124
1767173932.0722382,-2,-5,-138
1767173932.0822382,-2,-4,-141
1767173932.0922382,0,-1,-136
1767173932.1022382,1,0,-142
1767173932.1122382,-1,-1,-139
1767173932.1222382,2,0,-133
1767173932.132238,2,0,-130
1767173932.142238,5,0,-137
1767173932.152238,2,1,-139
1767173932.162238,1,-2,-131
1767173932.172238,0,0,-129
1767173932.182238,0,0,-130
1767173932.192238,2,0,-135
1767173932.202238,-1,0,-137
1767173932.212238,0,4,-127
1767173932.222238,-3,2,-123
1767173932.232238,-3,3,-125
1767173932.242238,-2,4,-126
1767173932.252238,-5,6,-127
1767173932.2622385,-9,5,-127
1767173932.2722385,-7,5,-128
1767173932.2822382,-5,4,-132
1767173932.2922382,-7,-1,-131
1767173932.3022382,-9,-1,-131
1767173932.3122382,-5,-5,-125
1767173932.3222382,-2,-4,-126
1767173932.3322382,-1,-5,-128
1767173932.3422382,-5,-5,-121
1767173932.3522382,-2,-1,-122
1767173932.3622382,-4,0,-124
1767173932.3722382,-1,2,-116
1767173932.382238,-1,3,-121
1767173932.392238,0,1,-120
1767173932.402238,-2,4,-121
1767173932.412238,-1,5,-126
1767173932.422238,-4,4,-129
1767173932.432238,-5,-1,-130
1767173932.442238,-7,2,-126
1767173932.452238,-3,0,-122
1767173932.462238,-1,0,-124
1767173932.472238,-3,-1,-124
1767173932.482238,-3,-5,-119
1767173932.492238,0,0,-117
1767173932.502238,-1,-3,-121
1767173932.5122385,3,-1,-124
1767173932.5222385,3,0,-126
1767173932.5322382,6,6,-119
1767173932.5422382,3,5,-122
1767173932.5522382,1,5,-125
1767173932.5622382,-3,4,-124
1767173932.5722382,0,2,-127
1767173932.5822382,3,-1,-131
1767173932.5922382,5,-5,-128
1767173932.6022382,0,-2,-128
1767173932.6122382,-2,-1,-132
1767173932.6222382,0,-4,-128
1767173932.632238,0,0,-121
1767173932.642238,2,0,-119
1767173932.652238,0,-2,-119
1767173932.662238,-3,0,-117
1767173932.672238,1,0,-115
1767173932.682238,6,-2,-114
1767173932.692238,4,-3,-124
1767173932.702238,3,-3,-125
1767173932.712238,-1,-1,-124
1767173932.722238,1,-1,-128
1767173932.732238,-3,-3,-131
1767173932.742238,-3,-3,-132
1767173932.752238,0,0,-130
1767173932.7622385,6,2,-129
1767173932.7722385,2,0,-126
1767173932.7822382,1,1,-120
1767173932.7922382,4,1,-118
1767173932.8022382,6,-1,-115
1767173932.8122382,2,1,-118
1767173932.8222382,1,0,-122
1767173932.8322382,0,0,-126
1767173932.8422382,4,-3,-120
1767173932.8522382,4,-3,-120
1767173932.8622382,5,-3,-119
1767173932.8722382,2,-2,-126
1767173932.882238,0,-2,-129
1767173932.892238,3,-2,-125
1767173932.902238,3,-5,-120
1767173932.912238,0,-2,-130
1767173932.922238,2,-3,-127
1767173932.932238,5,-4,-127
1767173932.942238,4,-2,-128
1767173932.952238,10,0,-125
1767173932.962238,5,0,-123
1767173932.972238,7,-3,-119
1767173932.982238,5,-3,-118
1767173932.992238,5,-4,-115
1767173933.002238,2,-3,-125
1767173933.0122385,5,1,-122
1767173933.0222385,2,2,-119
1767173933.0322382,1,0,-122
1767173933.0422382,2,1,-134
1767173933.0522382,0,-1,-134
1767173933.0622382,-4,0,-125
1767173933.0722382,-4,2,-126
1767173933.0822382,-3,3,-128
1767173933.0922382,1,0,-125
1767173933.1022382,4,0,-128
1767173933.1122382,0,-2,-129
1767173933.1222382,0,-6,-128
1767173933.132238,0,-2,-122
1767173933.142238,0,-1,-116
1767173933.152238,2,-1,-120
1767173933.163238,1,0,-128
1767173933.173238,0,0,-122
1767173933.182238,0,-6,-128
1767173933.1932385,1,-5,-128
1767173933.2032382,4,-3,-130
1767173933.2132382,0,-2,-127
1767173933.2232382,-4,0,-127
1767173933.232238,-5,-3,-132
1767173933.2432382,-6,-2,-135
1767173933.2532382,-4,-2,-131
1767173933.2632382,-5,-3,-131
1767173933.2732382,-7,-1,-128
1767173933.2832382,-7,0,-128
1767173933.2932382,-5,0,-129
1767173933.3032382,-3,0,-125
1767173933.313238,-4,0,-121
1767173933.323238,-6,2,-117
1767173933.333238,-7,2,-120
1767173933.343238,-6,2,-116
1767173933.353238,-5,2,-116
1767173933.363238,-7,2,-115
1767173933.373238,-5,3,-119
1767173933.383238,-2,0,-119
1767173933.393238,-4,2,-123
1767173933.403238,-3,1,-128
1767173933.413238,-10,2,-129
1767173933.423238,-7,0,-131
1767173933.4332385,-2,0,-132
1767173933.4432385,-1,-2,-139
1767173933.4532382,0,-5,-136
1767173933.4632382,-1,-4,-135
1767173933.4732382,1,-3,-134
1767173933.4832382,0,-5,-131
1767173933.4932382,0,-3,-135
1767173933.5032382,2,-7,-126
1767173933.5132382,-1,-6,-121
1767173933.5232382,0,-6,-121
1767173933.5332382,2,-7,-123
1767173933.5432382,1,-3,-113
1767173933.5532382,0,-5,-110
1767173933.563238,2,-2,-117
1767173933.573238,3,1,-118
1767173933.583238,0,6,-124
1767173933.593238,-2,7,-117
1767173933.603238,-1,5,-112
1767173933.613238,-1,2,-113
1767173933.623238,2,2,-110
1767173933.633238,0,2,-117
1767173933.643238,6,0,-116
1767173933.653238,6,0,-121
1767173933.663238,8,-3,-114
1767173933.673238,9,-4,-122
1767173933.6832385,6,-4,-120
1767173933.6932385,4,-2,-121
1767173933.7032382,-4,0,-119
1767173933.7132382,-3,0,-120
1767173933.7232382,-3,-3,-120
1767173933.7332382,-4,-1,-122
1767173933.7432382,-1,-1,-118
1767173933.7532382,0,1,-117
1767173933.7632382,6,3,-123
1767173933.7732382,5,1,-131
1767173933.7832382,0,-3,-128
1767173933.7932382,0,-2,-133
1767173933.8032382,-5,2,-134
1767173933.813238,-6,0,-133
1767173933.823238,-2,0,-126
1767173933.833238,-3,-4,-132
1767173933.843238,-1,-7,-133
1767173933.853238,-1,-3,-132
1767173933.863238,-2,-4,-131
1767173933.873238,-1,-5,-124
1767173933.883238,-2,-5,-126
1767173933.893238,0,-3,-116
1767173933.903238,0,-2,-121
1767173933.913238,0,0,-123
1767173933.923238,-1,1,-121
1767173933.9332385,0,0,-118
1767173933.9432385,0,-3,-115
1767173933.9532382,1,-3,-117
1767173933.9632382,0,-7,-121
1767173933.9732382,-3,-8,-118
1767173933.9832382,-2,-7,-119
1767173933.9932382,-4,-5,-116
1767173934.0032382,1,-5,-121
1767173934.0132382,-1,-3,-126
1767173934.0232382,0,0,-129
1767173934.0332382,3,-3,-122
1767173934.0432382,2,-1,-124
1767173934.0532382,-1,-3,-126
1767173934.063238,-4,-3,-119
1767173934.073238,-1,-1,-120
1767173934.083238,0,-2,-122
1767173934.093238,1,-4,-124
1767173934.103238,0,-6,-125
1767173934.113238,-2,-7,-127
1767173934.123238,1,-7,-127
1767173934.133238,0,-7,-121
1767173934.143238,-3,-8,-124
1767173934.153238,-2,-6,-123
1767173934.163238,0,-3,-122
1767173934.173238,0,2,-119
1767173934.1832385,-1,0,-123
1767173934.1932385,0,1,-123
1767173934.2032382,-3,5,-132
1767173934.2132382,-5,0,-126
1767173934.2232382,-7,0,-121
1767173934.2332382,-7,-1,-122
1767173934.2432382,-6,-5,-112
1767173934.2532382,-7,-6,-113
1767173934.2632382,-8,-5,-114
1767173934.2732382,-15,-4,-120
1767173934.2832382,-15,-7,-122
1767173934.2932382,-11,-5,-119
1767173934.3032382,-9,-4,-118
1767173934.313238,-10,-3,-119
1767173934.323238,-7,-2,-124
1767173934.333238,-11,-4,-129
1767173934.343238,-8,-8,-134
1767173934.353238,-6,-6,-138
1767173934.363238,-4,-8,-139
1767173934.373238,-2,-9,-134
1767173934.383238,0,-10,-132
1767173934.393238,-3,-9,-129
1767173934.403238,-1,-8,-123
1767173934.413238,-2,-3,-120
1767173934.423238,-4,-1,-120
1767173934.4332385,-5,-4,-125
1767173934.4432385,-5,-4,-125
1767173934.4532382,-1,-9,-129
1767173934.4632382,0,-7,-131
1767173934.4732382,2,-2,-126
1767173934.4832382,3,0,-123
1767173934.4932382,3,-3,-122
1767173934.5032382,1,-1,-124
1767173934.5132382,1,-1,-124
1767173934.5232382,0,-2,-128
1767173934.5332382,1,-2,-126
1767173934.5432382,-4,0,-126
1767173934.5532382,-3,0,-125
1767173934.563238,-3,0,-128
1767173934.573238,-1,-3,-131
1767173934.583238,-4,2,-131
1767173934.593238,-3,3,-124
1767173934.603238,-8,4,-123
1767173934.613238,-6,4,-120
1767173934.623238,-5,1,-115
1767173934.633238,-4,1,-123
1767173934.643238,-4,0,-122
1767173934.653238,0,0,-124
1767173934.663238,-3,3,-127
1767173934.673238,-9,4,-131
1767173934.6832385,-10,11,-130
1767173934.6932385,-11,13,-132
1767173934.7032382,-5,13,-132
1767173934.7132382,-2,7,-130
1767173934.7232382,0,3,-130
1767173934.7332382,2,2,-128
1767173934.7432382,1,-2,-128
1767173934.7532382,2,-1,-125
1767173934.7632382,-3,0,-128
1767173934.7732382,-3,-1,-127
1767173934.7832382,-9,-3,-134
1767173934.7932382,-6,-6,-133
1767173934.8032382,-2,-1,-135
1767173934.813238,0,1,-132
1767173934.823238,-2,4,-128
1767173934.833238,-3,5,-127
1767173934.843238,-2,2,-129
1767173934.853238,0,2,-132
1767173934.863238,-1,3,-128
1767173934.873238,0,0,-126
1767173934.883238,0,-5,-124
1767173934.893238,-3,-4,-129
1767173934.903238,-3,-5,-123
1767173934.913238,-4,-4,-127
1767173934.923238,-4,-4,-123
1767173934.9332385,0,-5,-119
1767173934.9432385,2,-5,-118
1767173934.9532382,3,-4,-117
1767173934.9632382,0,-3,-119
1767173934.9732382,0,-4,-123
1767173934.9832382,-2,-5,-130
1767173934.9932382,0,-3,-126
1767173935.0032382,2,-2,-126
1767173935.0132382,5,0,-129
1767173935.0232382,6,-1,-131
1767173935.0332382,5,-2,-125
1767173935.0432382,4,-1,-124
1767173935.0532382,2,3,-129
1767173935.063238,1,3,-126
1767173935.073238,0,0,-125
1767173935.083238,-2,-2,-127
1767173935.093238,-2,-6,-132
1767173935.103238,-1,-7,-131
1767173935.113238,-4,-11,-124
1767173935.123238,-2,-9,-126
1767173935.133238,0,-4,-126
1767173935.143238,6,0,-127
1767173935.153238,5,2,-125
1767173935.163238,7,2,-120
1767173935.173238,8,0,-117
1767173935.1832385,8,2,-120
1767173935.1932385,10,2,-129
1767173935.2032382,9,1,-127
1767173935.2132382,5,2,-135
1767173935.2232382,6,1,-136
1767173935.2332382,2,1,-138
1767173935.2432382,1,-3,-142
1767173935.2532382,-2,-1,-135
1767173935.2632382,-1,-2,-132
1767173935.2732382,-1,0,-129
1767173935.2832382,0,0,-135
1767173935.2932382,-1,1,-131
1767173935.3032382,1,0,-121
1767173935.313238,7,1,-126
1767173935.323238,4,3,-126
1767173935.333238,4,0,-124
1767173935.343238,3,0,-124
1767173935.353238,2,-6,-127
1767173935.363238,3,-4,-126
1767173935.373238,0,-3,-122
1767173935.383238,3,-5,-114
1767173935.393238,0,-5,-113
1767173935.403238,2,-9,-118
1767173935.413238,1,-5,-121
1767173935.423238,0,-2,-120
1767173935.4332385,2,-2,-124
1767173935.4432385,5,-2,-126
1767173935.4532382,-2,0,-126
1767173935.4632382,-2,5,-129
1767173935.4732382,-2,6,-129
1767173935.4832382,-3,4,-131
1767173935.4932382,-5,1,-126
1767173935.5032382,-4,3,-130
1767173935.5132382,-4,2,-129
1767173935.5232382,-4,2,-128
1767173935.5332382,-1,0,-134
1767173935.5432382,-2,0,-131
1767173935.5532382,-5,0,-135
1767173935.563238,-5,1,-124
1767173935.573238,0,-1,-129
1767173935.583238,-1,-2,-117
1767173935.593238,-2,-4,-117
1767173935.603238,-5,0,-115
1767173935.613238,-5,-2,-120
1767173935.623238,-1,-6,-121
1767173935.633238,0,-1,-127
1767173935.643238,0,0,-123
1767173935.653238,0,-5,-122
1767173935.663238,0,-5,-122
1767173935.673238,2,-7,-118
1767173935.6832385,-1,-3,-117
1767173935.6932385,-2,-4,-120
1767173935.7032382,-2,-5,-118
1767173935.7132382,-5,-7,-123
1767173935.7232382,-3,-4,-132
1767173935.7332382,-4,1,-131
1767173935.7432382,-3,0,-135
1767173935.7532382,-2,-1,-129
1767173935.764238,0,-4,-129
1767173935.7732382,-3,-4,-128
1767173935.7832382,-2,0,-122
1767173935.7932382,-2,-1,-123
1767173935.804238,-5,1,-123
1767173935.813238,-3,1,-119
1767173935.824238,0,0,-123
1767173935.834238,0,-1,-128
1767173935.844238,2,0,-128
1767173935.8542385,0,2,-123
1767173935.8642385,0,6,-122
1767173935.8742385,1,3,-125
1767173935.8842382,-3,1,-127
1767173935.8942382,-1,0,-128
1767173935.9042382,0,0,-133
1767173935.9142382,4,0,-129
1767173935.9242382,-1,-1,-130
1767173935.9342382,-3,-3,-130
1767173935.9442382,-2,-4,-125
1767173935.9542382,-3,-5,-126
1767173935.9642382,-5,0,-126
1767173935.9742382,-5,3,-130
1767173935.984238,-1,8,-132
1767173935.994238,0,10,-128
1767173936.004238,1,7,-126
1767173936.014238,0,4,-120
1767173936.024238,0,0,-122
1767173936.034238,-3,-2,-123
1767173936.044238,0,-3,-117
1767173936.054238,0,-2,-117
1767173936.064238,0,-3,-120
1767173936.074238,-3,-4,-126
1767173936.084238,-2,0,-121
1767173936.094238,-6,0,-126
1767173936.1042385,-8,-2,-119
1767173936.1142385,-5,-3,-125
1767173936.1242385,-4,-3,-123
1767173936.1342382,0,-4,-121
1767173936.1442382,0,-6,-120
1767173936.1542382,-3,-5,-121
1767173936.1642382,-3,-2,-117
1767173936.1742382,-3,-1,-115
1767173936.1842382,0,0,-116
1767173936.1942382,-1,0,-122
1767173936.2042382,-1,0,-123
1767173936.2142382,3,0,-123
1767173936.2242382,7,0,-121
1767173936.234238,9,0,-118
1767173936.244238,10,-4,-116
1767173936.254238,6,-1,-111
1767173936.264238,8,-5,-111
1767173936.274238,6,-3,-116
1767173936.284238,3,-2,-119
1767173936.294238,4,0,-117
1767173936.304238,10,-2,-118
1767173936.314238,8,1,-117
1767173936.324238,4,-1,-120
1767173936.334238,-2,-3,-112
1767173936.344238,-1,-3,-115
1767173936.3542385,-1,-1,-118
1767173936.3642385,0,-2,-116
1767173936.3742385,-6,0,-117
1767173936.3842382,-7,0,-119
1767173936.3942382,-6,-5,-122
1767173936.4042382,-4,-4,-125
1767173936.4142382,-2,-4,-125
1767173936.4242382,0,-5,-126
1767173936.4342382,0,-4,-119
1767173936.4442382,-2,-1,-115
1767173936.4542382,-1,-1,-122
1767173936.4642382,-3,-2,-128
1767173936.4742382,-5,2,-129
1767173936.484238,-6,1,-130
1767173936.494238,-4,2,-130
1767173936.504238,0,3,-127
1767173936.514238,-1,4,-133
1767173936.524238,-2,2,-137
1767173936.534238,-3,0,-136
1767173936.544238,-1,-3,-130
1767173936.554238,-3,-3,-130
1767173936.564238,2,-2,-134
1767173936.574238,0,0,-133
1767173936.584238,-2,2,-133
1767173936.594238,-7,4,-130
1767173936.6042385,-7,8,-128
1767173936.6142385,-6,7,-131
1767173936.6242385,-8,0,-124
1767173936.6342382,-6,-4,-125
1767173936.6442382,-7,-2,-127
1767173936.6542382,-8,0,-131
1767173936.6642382,-4,0,-132
1767173936.6742382,0,-2,-136
1767173936.6842382,0,-5,-134
1767173936.6942382,1,-5,-133
1767173936.7042382,-3,-4,-136
1767173936.7142382,-2,-6,-134
1767173936.7242382,-1,-8,-130
1767173936.734238,-5,-5,-131
1767173936.744238,-6,-6,-126
1767173936.754238,-5,-8,-122
1767173936.764238,-3,-9,-121
1767173936.774238,0,-6,-127
1767173936.784238,4,-8,-132
1767173936.794238,7,-8,-134
1767173936.804238,6,-5,-130
1767173936.814238,7,-9,-127
1767173936.824238,5,-11,-134
1767173936.834238,0,-7,-129
1767173936.844238,-4,-5,-127
1767173936.8542385,-4,-3,-129
1767173936.8642385,-3,-1,-121
1767173936.8742385,-5,-1,-118
1767173936.8842382,0,0,-123
1767173936.8942382,5,-1,-132
1767173936.9042382,1,-2,-126
1767173936.9142382,3,-5,-128
1767173936.9242382,0,-5,-117
1767173936.9342382,0,-7,-116
1767173936.9442382,5,-3,-113
1767173936.9542382,1,0,-109
1767173936.9642382,5,0,-112
1767173936.9742382,7,2,-118
1767173936.9962382,8,0,-121
1767173937.004238,5,2,-119
1767173937.014238,4,4,-115
1767173937.024238,-1,3,-118
1767173937.034238,-3,4,-115
1767173937.044238,-3,4,-117
1767173937.054238,-4,3,-118
1767173937.064238,-5,0,-121
1767173937.074238,-5,1,-122
1767173937.084238,-4,0,-129
1767173937.094238,-3,-1,-128
1767173937.1042385,-2,-5,-136
1767173937.1142385,0,-2,-134
1767173937.1242385,0,0,-135
1767173937.1342382,2,0,-129
1767173937.1442382,1,-1,-126
1767173937.1542382,1,-4,-123
1767173937.1642382,2,-5,-122
1767173937.1742382,7,-4,-116
1767173937.1842382,7,-4,-114
1767173937.1942382,5,-3,-117
1767173937.2042382,5,-6,-118
1767173937.2142382,4,-5,-125
1767173937.2242382,1,-7,-123
1767173937.234238,0,-5,-128
1767173937.244238,-1,-5,-127
1767173937.254238,0,-2,-132
1767173937.264238,1,-2,-133
1767173937.274238,0,-4,-130
1767173937.284238,0,3,-129
1767173937.294238,0,2,-134
1767173937.304238,-1,0,-132
1767173937.314238,-2,3,-129
1767173937.324238,-7,4,-123
1767173937.334238,-5,0,-123
1767173937.344238,-6,-1,-115
1767173937.3542385,-4,-2,-111
1767173937.3642385,-1,-2,-110
1767173937.3742385,-1,0,-118
1767173937.3842382,-2,0,-121
1767173937.3942382,3,-1,-120
1767173937.4042382,4,-3,-116
1767173937.4142382,3,-3,-119
1767173937.4242382,0,-1,-112
1767173937.4342382,-3,1,-116
1767173937.4442382,-3,0,-125
1767173937.4542382,-2,-5,-125
1767173937.4642382,0,-3,-130
1767173937.4742382,1,-3,-129
1767173937.484238,2,-5,-128
1767173937.494238,5,-8,-127
1767173937.504238,4,-4,-126
1767173937.514238,0,-4,-128
1767173937.524238,-1,-2,-128
1767173937.534238,-3,-1,-134
1767173937.544238,-6,-2,-130
1767173937.554238,-10,-3,-125
1767173937.564238,-11,-6,-126
1767173937.574238,-9,-5,-128
1767173937.584238,-10,-3,-127
1767173937.594238,-9,-6,-127
1767173937.6042385,-3,0,-118
1767173937.6142385,-5,0,-114
1767173937.6242385,-7,-2,-115
1767173937.6342382,-8,-4,-114
1767173937.6442382,-3,-6,-116
1767173937.6542382,0,-6,-112
1767173937.6642382,0,-6,-122
1767173937.6742382,0,-2,-125
1767173937.6842382,-1,0,-125
1767173937.6942382,-4,-1,-130
1767173937.7042382,0,-2,-133
1767173937.7142382,0,-1,-130
1767173937.7242382,-1,-1,-128
1767173937.734238,-3,-2,-129
1767173937.744238,-4,-5,-124
1767173937.754238,-3,-5,-121
1767173937.764238,0,-3,-125
1767173937.774238,7,-3,-125
1767173937.784238,6,-6,-127
1767173937.794238,3,-6,-123
1767173937.804238,0,-3,-122
1767173937.814238,-1,-3,-121
1767173937.824238,0,1,-121
1767173937.834238,7,2,-124
1767173937.844238,7,2,-121
1767173937.8542385,6,-1,-119
1767173937.8642385,5,0,-125
1767173937.8742385,6,2,-123
1767173937.8842382,6,0,-127
1767173937.8942382,3,-1,-121
1767173937.9042382,5,-1,-121
1767173937.9142382,2,0,-123
1767173937.9242382,4,0,-126
1767173937.9342382,1,3,-123
1767173937.9442382,3,0,-126
1767173937.9542382,-1,-1,-127
1767173937.9642382,3,-2,-129
1767173937.9742382,2,-4,-134
1767173937.984238,3,-4,-136
1767173937.994238,3,-3,-124
1767173938.004238,5,-1,-116
1767173938.014238,0,1,-110
1767173938.024238,0,3,-110
1767173938.034238,3,1,-114
1767173938.044238,4,-3,-113
1767173938.054238,0,2,-111
1767173938.064238,1,2,-114
1767173938.074238,2,1,-110
1767173938.084238,-2,6,-113
1767173938.094238,-1,7,-111
1767173938.1042385,1,5,-112
1767173938.1142385,0,1,-110
1767173938.1242385,-1,-4,-109
1767173938.1342382,1,-2,-115
1767173938.1442382,-2,0,-118
1767173938.1542382,-2,0,-118
1767173938.1642382,-3,0,-118
1767173938.1742382,-6,0,-113
1767173938.1842382,-1,0,-122
1767173938.1942382,-2,1,-119
1767173938.2042382,-5,-3,-114
1767173938.2142382,-4,-8,-114
1767173938.2242382,-4,-13,-112
1767173938.234238,-5,-6,-113
1767173938.244238,-7,-3,-116
1767173938.254238,-3,-6,-111
1767173938.264238,0,-4,-120
1767173938.274238,2,-5,-125
1767173938.284238,-1,-1,-123
1767173938.294238,-7,0,-122
1767173938.304238,-8,0,-124
1767173938.314238,-8,0,-123
1767173938.324238,-8,0,-120
1767173938.334238,-5,0,-118
1767173938.344238,-4,0,-118
1767173938.3542385,-6,0,-119
1767173938.3642385,-6,-2,-117
1767173938.3742385,-9,-3,-119
1767173938.3842382,-15,-7,-125
1767173938.3942382,-12,-5,-127
1767173938.4042382,-6,-7,-126
1767173938.4142382,-3,-8,-123
1767173938.4242382,-3,-10,-129
1767173938.4342382,1,-8,-129
1767173938.445238,4,-4,-131
1767173938.455238,3,-5,-129
1767173938.465238,0,-4,-126
1767173938.475238,-7,-1,-131
1767173938.485238,-10,-3,-119
1767173938.495238,-8,0,-118
1767173938.505238,-4,1,-116
1767173938.514238,0,2,-124
1767173938.525238,1,1,-127
1767173938.5352385,0,2,-118
1767173938.5452385,0,1,-118
1767173938.5552382,-4,7,-115
1767173938.5652382,0,7,-119
1767173938.5752382,2,7,-115
1767173938.5852382,2,4,-120
1767173938.5952382,0,4,-120
1767173938.6052382,-4,1,-118
1767173938.6152382,-2,0,-115
1767173938.6252382,1,2,-114
1767173938.6352382,0,4,-118
1767173938.6452382,0,4,-128
1767173938.6552382,-3,0,-133
1767173938.665238,-4,0,-130
1767173938.675238,-2,3,-134
1767173938.685238,6,5,-140
1767173938.695238,5,6,-134
1767173938.705238,4,2,-130
1767173938.715238,4,1,-123
1767173938.725238,0,0,-125
1767173938.735238,-3,0,-125
1767173938.745238,-3,0,-126
1767173938.755238,-2,3,-122
1767173938.765238,-1,0,-118
1767173938.775238,0,-3,-115
1767173938.7852385,-3,0,-115
1767173938.7952385,-2,2,-115
1767173938.8052382,-4,3,-114
1767173938.8152382,-6,5,-110
1767173938.8252382,-5,2,-115
1767173938.8352382,-2,2,-123
1767173938.8452382,-5,2,-121
1767173938.8552382,-3,3,-122
1767173938.8652382,-5,3,-122
1767173938.8752382,-2,-1,-130
1767173938.8852382,-3,-5,-123
1767173938.8952382,-6,-2,-125
1767173938.9052382,-6,0,-123
1767173938.915238,-6,0,-120
1767173938.925238,-1,-2,-121
1767173938.935238,-10,2,-123
1767173938.945238,-11,0,-125
1767173938.955238,-13,0,-118
1767173938.965238,-15,-1,-111
1767173938.975238,-10,-2,-113
1767173938.985238,-10,-3,-119
1767173938.995238,-9,0,-123
1767173939.005238,-9,-4,-121
1767173939.015238,-12,-1,-114
1767173939.025238,-14,0,-113
1767173939.0352385,-8,0,-112
1767173939.0452385,-2,2,-109
1767173939.0552382,-5,6,-106
1767173939.0652382,-11,3,-113
1767173939.0752382,-5,2,-113
1767173939.0852382,-9,2,-119
1767173939.0952382,-10,-1,-127
1767173939.1052382,-5,-2,-131
1767173939.1152382,-2,-3,-127
1767173939.1252382,-3,-1,-124
1767173939.1352382,0,0,-129
1767173939.1452382,2,-1,-132
1767173939.1552382,3,-2,-135
1767173939.165238,1,-3,-134
1767173939.175238,0,-6,-129
1767173939.185238,2,-8,-124
1767173939.195238,-1,-7,-116
1767173939.205238,0,-3,-118
1767173939.215238,1,0,-118
1767173939.225238,-3,0,-125
1767173939.235238,-3,0,-121
1767173939.245238,-2,0,-114
1767173939.255238,-3,2,-109
1767173939.265238,-3,2,-112
1767173939.275238,-2,-1,-118
1767173939.2852385,-3,0,-122
1767173939.2952385,-2,1,-121
1767173939.3052382,1,1,-120
1767173939.3152382,-3,-1,-122
1767173939.3252382,-3,-4,-119
1767173939.3352382,-5,-1,-115
1767173939.3452382,-7,-3,-108
1767173939.3552382,-5,-2,-105
1767173939.3652382,-7,-5,-111
1767173939.3752382,0,-4,-116
1767173939.3852382,-1,-2,-122
1767173939.3952382,-4,-4,-131
1767173939.4052382,0,-3,-133
1767173939.415238,1,0,-139
1767173939.425238,4,0,-137
1767173939.435238,1,1,-128
1767173939.445238,0,1,-131
1767173939.455238,-1,0,-130
1767173939.465238,0,0,-128
1767173939.475238,-1,2,-127
1767173939.485238,0,1,-134
1767173939.495238,3,-1,-132
1767173939.505238,-1,0,-129
1767173939.515238,-3,-2,-128
1767173939.525238,-4,-3,-125
1767173939.5352385,-3,-4,-128
1767173939.5452385,-3,-3,-125
1767173939.5552382,2,0,-127
1767173939.5652382,5,3,-128
1767173939.5752382,5,4,-129
1767173939.5852382,5,0,-131
1767173939.5952382,5,5,-135
1767173939.6052382,3,6,-134
1767173939.6152382,-3,7,-133
1767173939.6252382,-3,4,-126
1767173939.6352382,-1,1,-126
1767173939.6452382,-5,1,-128
1767173939.6552382,-5,-1,-127
1767173939.665238,-5,-1,-120
1767173939.675238,-9,0,-114
1767173939.685238,-6,-2,-115
1767173939.695238,-6,-5,-116
1767173939.705238,-6,-4,-115
1767173939.715238,-5,-1,-119
1767173939.725238,-4,0,-124
1767173939.735238,-1,-2,-124
1767173939.745238,0,-2,-124
1767173939.755238,1,-1,-124
1767173939.765238,0,-3,-128
1767173939.775238,1,-3,-127
1767173939.7852385,2,-2,-123
1767173939.7952385,4,-2,-126
1767173939.8052382,5,-4,-128
1767173939.8152382,3,-1,-130
1767173939.8252382,2,-5,-129
1767173939.8352382,3,-2,-130
1767173939.8452382,5,-1,-126
1767173939.8552382,7,-2,-133
1767173939.8652382,9,-4,-134
1767173939.8752382,2,-3,-135
1767173939.8852382,-2,-3,-129
1767173939.8952382,0,-2,-125
1767173939.9052382,0,-2,-129
1767173939.915238,1,-2,-134
1767173939.925238,-4,-6,-131
1767173939.935238,-2,-5,-130
1767173939.945238,-2,-3,-127
1767173939.955238,-1,-6,-135
1767173939.965238,-2,-3,-136
1767173939.975238,-6,-3,-128
1767173939.985238,0,-6,-126
1767173939.995238,0,0,-127
1767173940.005238,2,4,-127
1767173940.015238,3,2,-123
1767173940.025238,0,4,-122
1767173940.0352385,-4,3,-114
1767173940.0452385,-6,1,-122
1767173940.0552382,-8,0,-119
1767173940.0652382,-8,-4,-125
1767173940.0752382,-4,-6,-127
1767173940.0852382,-5,0,-126
1767173940.0952382,-3,-5,-124
1767173940.1052382,-1,-3,-132
1767173940.1152382,-1,-2,-139
1767173940.1252382,0,-1,-139
1767173940.1352382,0,-1,-139
1767173940.1452382,2,-4,-146
1767173940.1552382,2,-3,-140
1767173940.165238,2,-2,-138
1767173940.175238,-2,-2,-132
1767173940.185238,4,-4,-125
1767173940.195238,5,0,-122
1767173940.205238,6,0,-119
1767173940.215238,0,3,-117
1767173940.225238,-4,6,-124
1767173940.235238,-1,5,-125
1767173940.245238,0,5,-129
1767173940.255238,0,5,-124
1767173940.265238,1,7,-125
1767173940.275238,0,4,-121
1767173940.2852385,2,0,-117
1767173940.2952385,3,-3,-111
1767173940.3052382,0,-8,-113
1767173940.3152382,0,-10,-104
1767173940.3252382,-3,-9,-102
1767173940.3352382,-1,-4,-108
1767173940.3452382,-3,0,-116
1767173940.3552382,-2,-1,-127
1767173940.3652382,-1,-4,-132
1767173940.3752382,0,-7,-131
1767173940.3852382,1,-8,-133
1767173940.3952382,-1,-8,-133
1767173940.4052382,-1,-5,-135
1767173940.415238,-4,-9,-139
1767173940.425238,-3,-8,-138
1767173940.435238,-2,-4,-135
1767173940.445238,-2,0,-136
1767173940.455238,0,0,-131
1767173940.465238,0,2,-132
1767173940.475238,1,1,-133
1767173940.485238,2,1,-134
1767173940.495238,6,1,-128
1767173940.505238,2,0,-137
1767173940.515238,1,0,-126
1767173940.525238,2,1,-119
1767173940.5352385,4,1,-124
1767173940.5452385,6,1,-127
1767173940.5552382,3,3,-127
1767173940.5652382,5,2,-128
1767173940.5752382,7,0,-130
1767173940.5852382,5,-1,-134
1767173940.5952382,5,-2,-132
1767173940.6052382,6,-7,-124
1767173940.6152382,8,-7,-128
1767173940.6252382,5,-10,-129
1767173940.6352382,3,-10,-123
1767173940.646238,6,-9,-123
1767173940.6552382,5,-10,-119
1767173940.665238,5,-7,-120
1767173940.675238,1,-5,-122
1767173940.685238,0,-6,-118
1767173940.695238,2,-4,-118
1767173940.705238,5,-6,-117
1767173940.715238,4,-1,-119
1767173940.725238,-1,-2,-126
1767173940.735238,-3,-5,-121
1767173940.745238,-5,-7,-113
1767173940.755238,-5,-7,-112
1767173940.765238,1,-5,-121
1767173940.775238,2,-4,-124
1767173940.7852385,3,-1,-125
1767173940.7952385,3,1,-128
1767173940.8052382,5,-1,-130
1767173940.8152382,0,1,-128
1767173940.8252382,-2,1,-127
1767173940.8352382,0,0,-122
1767173940.8452382,0,0,-121
1767173940.8552382,0,-3,-125
1767173940.8652382,0,-4,-127
1767173940.8752382,2,0,-125
1767173940.8852382,0,-2,-135
1767173940.8952382,-4,-2,-137
1767173940.9052382,-3,0,-137
1767173940.915238,-6,1,-137
1767173940.925238,-2,2,-132
1767173940.935238,-2,0,-133
1767173940.945238,-4,0,-130
1767173940.955238,-8,0,-127
1767173940.965238,-7,0,-128
1767173940.975238,-8,0,-127
1767173940.985238,-8,-5,-126
1767173940.995238,-4,-8,-128
1767173941.005238,-3,-8,-128
1767173941.015238,0,-10,-122
1767173941.025238,0,-8,-121
1767173941.0362382,-1,-8,-123
1767173941.0452385,0,-7,-124
1767173941.0552382,-2,-7,-127
1767173941.0652382,-1,-7,-124
1767173941.0762382,0,-6,-127
1767173941.086238,-2,-5,-122
1767173941.096238,-2,-3,-128
1767173941.106238,0,-4,-122
1767173941.116238,0,-2,-129
1767173941.126238,0,3,-128
1767173941.136238,-2,2,-137
1767173941.146238,0,1,-133
1767173941.156238,2,0,-123
1767173941.166238,2,-3,-125
1767173941.176238,2,-1,-122
1767173941.186238,-2,-2,-122
1767173941.196238,-2,-2,-118
1767173941.2062385,0,0,-120
1767173941.2162385,1,2,-127
1767173941.2262385,4,2,-131
1767173941.2362382,6,2,-130
1767173941.2462382,3,2,-126
1767173941.2562382,0,3,-127
1767173941.2662382,1,6,-129
1767173941.2762382,2,5,-129
1767173941.2862382,0,0,-124
1767173941.2962382,1,-1,-121
1767173941.3062382,5,-6,-125
1767173941.3162382,6,-1,-128
1767173941.3262382,3,-4,-122
1767173941.336238,3,-1,-128
1767173941.346238,2,-3,-125
1767173941.356238,0,-3,-128
1767173941.366238,0,-4,-127
1767173941.376238,1,-5,-126
1767173941.386238,-2,-3,-130
1767173941.396238,-7,0,-130
1767173941.406238,-11,0,-123
1767173941.416238,-9,-1,-123
1767173941.426238,-5,-4,-126
1767173941.436238,-8,-6,-128
1767173941.446238,-8,-4,-133
1767173941.4562385,-9,-5,-132
1767173941.4662385,-5,-2,-126
1767173941.4762385,-4,1,-130
1767173941.4862382,-2,-2,-126
1767173941.4962382,-1,-4,-122
1767173941.5062382,-1,-6,-126
1767173941.5162382,0,-8,-132
1767173941.5262382,-1,-8,-135
1767173941.5362382,0,-4,-127
1767173941.5462382,0,-3,-127
1767173941.5562382,-1,-2,-118
1767173941.5662382,-2,-3,-122
1767173941.5762382,1,0,-118
1767173941.586238,4,0,-120
1767173941.596238,2,0,-122
1767173941.606238,-1,-1,-124
1767173941.616238,-2,4,-130
1767173941.626238,0,0,-124
1767173941.636238,4,-4,-127
1767173941.646238,5,-2,-128
1767173941.656238,4,0,-124
1767173941.666238,2,-2,-125
1767173941.676238,1,-4,-124
1767173941.686238,4,-4,-123
1767173941.696238,2,-5,-121
1767173941.7062385,0,-8,-124
1767173941.7162385,5,-10,-127
1767173941.7262385,6,-6,-126
1767173941.7362382,2,-1,-127
1767173941.7462382,0,-1,-125
1767173941.7562382,3,0,-126
1767173941.7662382,3,-1,-122
1767173941.7762382,9,-2,-126
1767173941.7862382,5,0,-132
1767173941.7962382,3,1,-133
1767173941.8062382,6,1,-132
1767173941.8162382,5,0,-136
1767173941.8262382,12,0,-140
1767173941.836238,11,0,-130
1767173941.846238,4,-4,-133
1767173941.856238,4,-8,-136
1767173941.866238,7,-6,-141
1767173941.876238,6,-8,-138
1767173941.886238,4,-9,-137
1767173941.896238,2,-10,-132
1767173941.906238,0,-8,-135
1767173941.916238,-1,-8,-140
1767173941.926238,-2,-7,-138
1767173941.936238,1,-4,-137
1767173941.946238,-1,-3,-131
1767173941.9562385,-2,0,-134
1767173941.9662385,-6,5,-134
1767173941.9762385,-8,1,-133
1767173941.9862382,-14,2,-129
1767173942.008238,-11,3,-125
1767173942.0162382,-8,3,-127
1767173942.0262382,-2,6,-133
1767173942.0362382,-1,9,-129
1767173942.0462382,-1,4,-121
1767173942.0562382,-3,3,-119
1767173942.0662382,-4,0,-119
1767173942.0762382,0,0,-114
1767173942.086238,1,0,-122
1767173942.096238,5,3,-128
1767173942.106238,3,2,-131
1767173942.116238,3,1,-130
1767173942.126238,6,-1,-136
1767173942.136238,7,-2,-135
1767173942.146238,8,0,-132
1767173942.156238,4,0,-129
1767173942.166238,6,1,-125
1767173942.176238,2,1,-126
1767173942.186238,1,3,-127
1767173942.196238,-2,1,-125
1767173942.2062385,-2,1,-123
1767173942.2162385,-8,3,-124
1767173942.2262385,-10,6,-124
1767173942.2362382,-13,10,-128
1767173942.2462382,-5,4,-124
1767173942.2562382,0,1,-116
1767173942.2662382,-1,3,-118
1767173942.2762382,-5,1,-123
1767173942.2862382,-3,0,-121
1767173942.2962382,-2,-1,-120
1767173942.3062382,-5,1,-125
1767173942.3162382,-4,-2,-127
1767173942.3262382,-2,-6,-131
1767173942.336238,3,-12,-129
1767173942.346238,1,-7,-131
1767173942.356238,0,-12,-126
1767173942.366238,5,-10,-130
1767173942.376238,3,-10,-131
1767173942.386238,1,-11,-120
1767173942.396238,1,-8,-120
1767173942.406238,0,-6,-117
1767173942.416238,0,-7,-119
1767173942.426238,-2,-5,-122
1767173942.436238,-2,-1,-125
1767173942.446238,-3,0,-119
1767173942.4562385,-5,1,-123
1767173942.4662385,-2,0,-116
1767173942.4762385,0,-3,-115
1767173942.4862382,-3,-2,-119
1767173942.4962382,-3,2,-124
1767173942.5062382,-2,0,-122
1767173942.5162382,-4,-1,-123
1767173942.5262382,-1,0,-126
1767173942.5362382,-2,-1,-124
1767173942.5462382,0,-2,-126
1767173942.5562382,6,0,-127
1767173942.5662382,4,-3,-127
1767173942.5762382,2,-5,-123
1767173942.586238,0,-8,-119
1767173942.596238,5,-10,-115
1767173942.606238,4,-6,-110
1767173942.616238,3,-5,-111
1767173942.626238,2,-4,-116
1767173942.636238,0,-3,-124
1767173942.646238,-2,-7,-129
1767173942.656238,-1,-10,-132
1767173942.666238,-3,-7,-134
1767173942.676238,-1,-8,-134
1767173942.686238,-2,-2,-130
1767173942.696238,-4,-3,-133
1767173942.7062385,-4,-1,-131
1767173942.7162385,-3,0,-133
1767173942.7262385,-5,-1,-132
1767173942.7362382,-6,-1,-131
1767173942.7462382,-3,-4,-127
1767173942.7562382,-2,-1,-135
1767173942.7662382,-1,2,-131
1767173942.7762382,-1,4,-133
1767173942.7862382,-4,3,-134
1767173942.7962382,-3,1,-134
1767173942.8062382,0,0,-128
1767173942.8162382,2,1,-126
1767173942.8262382,-3,6,-123
1767173942.836238,0,-1,-118
1767173942.846238,0,-4,-120
1767173942.856238,3,-1,-119
1767173942.866238,3,-1,-116
1767173942.876238,6,1,-116
1767173942.886238,6,2,-113
1767173942.896238,-1,4,-112
1767173942.906238,-5,2,-113
1767173942.916238,-2,-1,-120
1767173942.926238,-2,-6,-117
1767173942.936238,0,-10,-122
1767173942.946238,1,-11,-116
1767173942.9562385,2,-13,-122
1767173942.9662385,2,-9,-121
1767173942.9762385,-1,-3,-116
1767173942.9862382,1,-6,-121
1767173942.9962382,-1,-10,-131
1767173943.0062382,-3,-10,-126
1767173943.0162382,-10,-7,-127
1767173943.0262382,-9,-9,-122
1767173943.0362382,-6,-11,-121
1767173943.0462382,-4,-8,-119
1767173943.0562382,0,-6,-116
1767173943.0662382,-1,-2,-116
1767173943.0762382,-5,0,-118
1767173943.086238,-7,0,-118
1767173943.096238,-8,-1,-113
1767173943.106238,-8,0,-111
1767173943.116238,-3,0,-121
1767173943.126238,0,-1,-115
1767173943.136238,-1,3,-117
1767173943.146238,0,2,-122
1767173943.156238,-2,1,-123
1767173943.166238,-3,0,-124
1767173943.176238,-3,-1,-122
1767173943.186238,-5,-2,-125
1767173943.196238,-4,0,-130
1767173943.2062385,0,0,-128
1767173943.2162385,4,-2,-128
1767173943.2262385,4,-2,-124
1767173943.2362382,4,-5,-125
1767173943.2462382,0,-4,-123
1767173943.2562382,0,-6,-124
1767173943.2662382,-3,-7,-124
1767173943.2762382,-1,-5,-121
1767173943.2862382,1,-5,-112
1767173943.2962382,-1,-4,-117
1767173943.3062382,-4,-6,-121
1767173943.3162382,-1,-9,-121
1767173943.3262382,-2,-6,-123
1767173943.336238,-2,-5,-125
1767173943.346238,-1,-5,-125
1767173943.356238,-4,-5,-130
1767173943.366238,-6,-4,-130
1767173943.376238,-6,-2,-122
1767173943.386238,-6,0,-121
1767173943.396238,-3,-3,-125
1767173943.406238,-3,-1,-124
1767173943.416238,-3,0,-125
1767173943.426238,-4,-1,-122
1767173943.436238,-4,0,-121
1767173943.446238,-5,3,-120
1767173943.4562385,-1,1,-123
1767173943.4662385,1,4,-124
1767173943.4762385,-1,-1,-121
1767173943.4862382,0,1,-122
1767173943.4962382,-3,0,-116
1767173943.5062382,-6,-3,-116
1767173943.5162382,-6,0,-114
1767173943.5262382,-8,-1,-117
1767173943.5362382,-4,6,-122
1767173943.5462382,-5,6,-128
1767173943.5562382,-2,1,-123
1767173943.5662382,-1,0,-120
1767173943.5762382,0,-1,-119
1767173943.586238,0,0,-124
1767173943.596238,0,0,-126
1767173943.606238,-3,0,-123
1767173943.616238,-9,-1,-129
1767173943.626238,-9,-1,-136
1767173943.636238,-7,-1,-130
1767173943.646238,-8,-1,-126
1767173943.656238,-6,0,-121
1767173943.666238,-2,0,-119
1767173943.6772382,-2,1,-124
1767173943.686238,-5,3,-129
1767173943.696238,0,5,-132
1767173943.7062385,-1,0,-126
1767173943.7172382,0,0,-122
1767173943.7272382,-2,0,-122
1767173943.7372382,-3,0,-123
1767173943.7472382,-4,-1,-119
1767173943.757238,-1,0,-116
1767173943.767238,0,0,-118
1767173943.777238,-2,-1,-115
1767173943.787238,-5,-3,-109
1767173943.797238,-6,0,-110
1767173943.807238,0,-1,-111
1767173943.817238,4,4,-119
1767173943.827238,5,3,-123
1767173943.837238,7,1,-119
1767173943.847238,4,3,-122
1767173943.857238,-2,5,-120
1767173943.867238,-3,5,-123
1767173943.877238,-2,-1,-126
1767173943.8872385,-5,-3,-134
1767173943.8972385,0,-4,-128
1767173943.9072382,2,-1,-128
1767173943.9172382,1,0,-122
1767173943.9272382,0,-2,-123
1767173943.9372382,-3,-4,-124
1767173943.9472382,3,-3,-127
1767173943.9572382,2,0,-127
1767173943.9672382,4,2,-125
1767173943.9772382,-1,0,-120
1767173943.9872382,-5,0,-123
1767173943.9972382,-5,1,-125
1767173944.007238,-7,4,-129
1767173944.017238,-3,3,-125
1767173944.027238,-3,0,-123
1767173944.037238,-9,-4,-120
1767173944.047238,-8,-4,-124
1767173944.057238,-5,-1,-123
1767173944.067238,-6,-1,-126
1767173944.077238,-5,1,-124
1767173944.087238,-8,1,-128
1767173944.097238,-4,1,-124
1767173944.107238,-8,1,-124
1767173944.117238,-5,2,-122
1767173944.127238,-1,4,-124
1767173944.1372385,2,5,-123
1767173944.1472385,7,4,-125
1767173944.1572382,3,6,-120
1767173944.1672382,4,6,-119
1767173944.1772382,5,5,-121
1767173944.1872382,4,4,-124
1767173944.1972382,3,6,-127
1767173944.2072382,0,4,-124
1767173944.2172382,-4,0,-122
1767173944.2272382,-9,0,-127
1767173944.2372382,-10,2,-128
1767173944.2472382,-7,0,-131
1767173944.257238,-6,0,-132
1767173944.267238,-3,0,-134
1767173944.277238,-1,0,-134
1767173944.287238,1,0,-123
1767173944.297238,4,4,-117
1767173944.307238,6,3,-124
1767173944.317238,7,2,-123
1767173944.327238,5,0,-127
1767173944.337238,-1,-3,-125
1767173944.347238,-2,1,-126
1767173944.357238,-4,1,-121
1767173944.367238,-7,1,-121
1767173944.377238,-5,0,-119
1767173944.3872385,-8,0,-120
1767173944.3972385,-8,1,-122
1767173944.4072382,-4,4,-116
1767173944.4172382,-1,3,-114
1767173944.4272382,-2,-1,-120
1767173944.4372382,-2,-5,-121
1767173944.4472382,0,-5,-124
1767173944.4572382,-3,-4,-124
1767173944.4672382,-1,0,-125
1767173944.4772382,-1,2,-130
1767173944.4872382,-2,0,-130
1767173944.4972382,-1,-1,-124
1767173944.507238,3,-1,-123
1767173944.517238,1,-2,-127
1767173944.527238,-3,-4,-129
1767173944.537238,0,-3,-127
1767173944.547238,-1,-4,-131
1767173944.557238,-4,-2,-125
1767173944.567238,1,0,-119
1767173944.577238,4,0,-119
1767173944.587238,9,0,-117
1767173944.597238,2,1,-120
1767173944.607238,0,-3,-115
1767173944.617238,0,-6,-119
1767173944.627238,0,-4,-121
1767173944.6372385,0,-5,-120
1767173944.6472385,-2,-4,-123
1767173944.6572382,-1,-1,-123
1767173944.6672382,-2,0,-123
1767173944.6772382,-1,-4,-124
1767173944.6872382,0,-3,-123
1767173944.6972382,-2,-3,-130
1767173944.7072382,0,-5,-127
1767173944.7172382,3,-5,-130
1767173944.7272382,1,-5,-131
1767173944.7372382,-7,-5,-130
1767173944.7472382,-6,-3,-121
1767173944.757238,-7,-5,-128
1767173944.767238,-1,-5,-125
1767173944.777238,1,-6,-128
1767173944.787238,-1,-9,-127
1767173944.797238,-3,-8,-127
1767173944.807238,0,-5,-123
1767173944.817238,-3,0,-123
1767173944.827238,2,2,-127
1767173944.837238,3,1,-129
1767173944.847238,-3,0,-124
1767173944.857238,-2,-1,-124
1767173944.867238,0,0,-124
1767173944.877238,1,-3,-121
1767173944.8872385,1,-10,-120
1767173944.8972385,0,-8,-120
1767173944.9072382,1,-8,-121
1767173944.9172382,0,-7,-122
1767173944.9272382,1,-2,-127
1767173944.9372382,-3,-1,-127
1767173944.9472382,-5,-2,-123
1767173944.9572382,-4,1,-118
1767173944.9672382,-2,2,-115
1767173944.9772382,-2,1,-111
1767173944.9872382,-1,3,-117
1767173944.9972382,0,1,-120
1767173945.007238,0,-2,-119
1767173945.017238,-5,-1,-125
1767173945.027238,0,0,-119
1767173945.037238,5,-1,-114
1767173945.047238,5,-4,-113
1767173945.057238,3,-7,-111
1767173945.067238,1,-11,-120
1767173945.077238,0,-10,-123
1767173945.087238,-1,-6,-122
1767173945.097238,-1,-7,-124
1767173945.107238,6,-9,-131
1767173945.117238,2,-5,-134
1767173945.127238,3,-8,-134
1767173945.1372385,4,-5,-130
1767173945.1472385,5,-2,-131
1767173945.1572382,4,-1,-133
1767173945.1672382,2,-4,-135
1767173945.1772382,3,-5,-136
1767173945.1872382,0,-4,-128
1767173945.1972382,1,-3,-123
1767173945.2072382,1,-2,-126
1767173945.2172382,0,4,-131
1767173945.2272382,-1,4,-135
1767173945.2372382,0,3,-132
1767173945.2472382,-2,-2,-126
1767173945.257238,-6,-5,-132
1767173945.267238,-4,-5,-132
1767173945.277238,1,-5,-125
1767173945.287238,2,-8,-127
1767173945.297238,4,-7,-123
1767173945.307238,6,-8,-126
1767173945.317238,5,-8,-117
1767173945.327238,4,-7,-112
1767173945.337238,-4,-7,-112
1767173945.347238,-10,-10,-121
1767173945.357238,-10,-9,-120
1767173945.367238,-8,-9,-118
1767173945.377238,-8,-4,-121
1767173945.3872385,-6,0,-119
1767173945.3972385,-9,1,-124
1767173945.4072382,-6,0,-130
1767173945.4172382,-8,-1,-129
1767173945.4272382,-6,1,-125
1767173945.4372382,-5,0,-123
1767173945.4472382,-6,0,-125
1767173945.4572382,-4,-3,-129
1767173945.4672382,-7,-5,-122
1767173945.4772382,-4,0,-121
1767173945.4872382,-2,0,-118
1767173945.4972382,-1,-2,-119
1767173945.507238,0,-4,-121
1767173945.517238,0,-4,-125
1767173945.527238,-2,-6,-125
1767173945.537238,-3,-5,-115
1767173945.547238,-1,-6,-120
1767173945.557238,-1,-4,-126
1767173945.567238,2,-5,-128
1767173945.577238,0,-3,-131
1767173945.587238,0,1,-130
1767173945.597238,-2,0,-135
1767173945.607238,0,4,-127
1767173945.617238,-2,2,-125
1767173945.627238,0,0,-120
1767173945.6372385,0,1,-116
1767173945.6472385,-2,2,-117
1767173945.6572382,-7,8,-122
1767173945.6672382,-4,5,-123
1767173945.6772382,-3,4,-118
1767173945.6872382,-2,4,-119
1767173945.6972382,-1,6,-124
1767173945.7072382,1,6,-121
1767173945.7172382,4,8,-125
1767173945.7272382,-1,4,-128
1767173945.7372382,0,2,-125
1767173945.7472382,3,0,-127
1767173945.757238,5,4,-123
1767173945.767238,4,1,-120
1767173945.777238,3,2,-125
1767173945.787238,1,3,-123
1767173945.797238,-1,4,-121
1767173945.807238,0,8,-118
1767173945.817238,1,5,-119
1767173945.827238,2,3,-119
1767173945.837238,1,0,-122
1767173945.847238,0,1,-121
1767173945.857238,2,2,-120
1767173945.867238,0,0,-109
1767173945.877238,2,-3,-118
1767173945.8872385,1,-1,-120
1767173945.8972385,1,-2,-123
1767173945.9072382,2,-2,-122
1767173945.9172382,0,-3,-123
1767173945.9272382,3,0,-122
1767173945.9372382,1,-3,-121
1767173945.9472382,0,-2,-118
1767173945.9572382,1,-5,-123
1767173945.9672382,1,-3,-128
1767173945.9772382,-1,0,-128
1767173945.9872382,-1,-3,-130
1767173945.9972382,1,-3,-132
1767173946.007238,0,0,-129
1767173946.017238,1,4,-132
1767173946.027238,0,6,-129
1767173946.037238,1,3,-136
1767173946.047238,0,5,-133
1767173946.057238,-4,2,-130
1767173946.067238,-9,3,-123
1767173946.077238,-7,-1,-120
1767173946.087238,-3,-4,-121
1767173946.097238,0,-4,-120
1767173946.107238,1,-1,-124
1767173946.117238,1,0,-131
1767173946.127238,-1,1,-130
1767173946.1372385,2,0,-134
1767173946.1472385,0,-1,-136
1767173946.1572382,7,2,-139
1767173946.1672382,7,3,-139
1767173946.1772382,10,2,-134
1767173946.1872382,11,5,-133
1767173946.1972382,8,3,-134
1767173946.2072382,12,-3,-129
1767173946.2172382,7,-7,-123
1767173946.2272382,7,-5,-122
1767173946.2372382,4,-5,-130
1767173946.2472382,3,2,-125
1767173946.257238,2,3,-127
1767173946.267238,4,4,-129
1767173946.277238,0,5,-123
1767173946.287238,-3,1,-125
1767173946.297238,-2,-3,-126
1767173946.307238,3,0,-134
1767173946.3182385,-1,1,-134
1767173946.327238,-1,2,-134
1767173946.337238,0,4,-134
1767173946.3482382,0,7,-130
1767173946.3582382,-3,5,-129
1767173946.3682382,-1,-4,-128
1767173946.3782382,0,-3,-134
1767173946.3882382,1,-4,-130
1767173946.3982382,0,-5,-127
1767173946.4082382,4,-7,-130
1767173946.4182382,3,-8,-126
1767173946.4282382,6,-5,-119
1767173946.438238,8,-4,-124
1767173946.448238,7,0,-127
1767173946.458238,10,0,-121
1767173946.468238,9,3,-122
1767173946.478238,11,3,-120
1767173946.488238,8,1,-114
1767173946.498238,10,1,-112
1767173946.508238,5,-2,-119
1767173946.518238,2,-1,-117
1767173946.528238,2,1,-115
1767173946.538238,4,2,-112
1767173946.548238,4,3,-109
1767173946.5582385,5,3,-110
1767173946.5682385,3,1,-112
1767173946.5782382,2,3,-114
1767173946.5882382,4,0,-117
1767173946.5982382,5,-2,-119
1767173946.6082382,5,-2,-129
1767173946.6182382,4,-3,-126
1767173946.6282382,3,-2,-127
1767173946.6382382,0,-3,-129
1767173946.6482382,-2,-7,-120
1767173946.6582382,-4,-1,-122
1767173946.6682382,-1,1,-123
1767173946.6782382,0,4,-125
1767173946.688238,2,3,-126
1767173946.698238,4,0,-119
1767173946.708238,4,0,-120
1767173946.718238,-2,3,-121
1767173946.728238,-2,5,-122
1767173946.738238,0,4,-127
1767173946.748238,0,3,-126
1767173946.758238,-1,4,-128
1767173946.768238,-1,7,-131
1767173946.778238,-2,7,-134
1767173946.788238,-2,4,-138
1767173946.798238,-3,0,-141
1767173946.8082385,-6,0,-136
1767173946.8182385,-6,0,-137
1767173946.8282382,-7,1,-128
1767173946.8382382,-9,2,-124
1767173946.8482382,-9,0,-122
1767173946.8582382,-3,0,-113
1767173946.8682382,-5,-4,-116
1767173946.8782382,-6,-4,-122
1767173946.8882382,-7,-5,-126
1767173946.8982382,-7,-2,-131
1767173946.9082382,-4,-3,-130
1767173946.9182382,0,-6,-134
1767173946.9282382,-2,-5,-132
1767173946.938238,0,-10,-132
1767173946.948238,1,-7,-130
1767173946.958238,-1,-6,-128
1767173946.968238,0,-6,-126
1767173946.978238,0,-6,-126
1767173946.988238,-4,-3,-132
1767173946.998238,3,-5,-133
1767173947.0192382,4,-7,-126
1767173947.028238,4,-4,-121
1767173947.038238,2,-2,-126
1767173947.048238,2,-2,-123
1767173947.0582385,4,0,-125
1767173947.0682385,1,1,-121
1767173947.0782382,0,-1,-121
1767173947.0882382,0,2,-125
1767173947.0982382,3,0,-127
1767173947.1082382,9,0,-129
1767173947.1182382,6,0,-133
1767173947.1282382,5,-2,-131
1767173947.1382382,9,-2,-130
1767173947.1482382,7,0,-122
1767173947.1582382,7,4,-117
1767173947.1682382,4,2,-120
1767173947.1782382,2,-4,-118
1767173947.188238,-1,-4,-126
1767173947.198238,-2,-4,-128
1767173947.208238,-4,-8,-119
1767173947.218238,-4,-3,-119
1767173947.228238,-7,0,-118
1767173947.238238,-6,2,-121
1767173947.248238,-4,4,-122
1767173947.258238,-5,6,-126
1767173947.268238,-5,0,-130
1767173947.278238,-3,-4,-129
1767173947.288238,-2,-1,-131
1767173947.298238,2,0,-125
1767173947.3082385,-2,-4,-122
1767173947.3182385,0,-2,-128
1767173947.3282382,2,0,-132
1767173947.3382382,0,3,-132
1767173947.3482382,0,2,-135
1767173947.3582382,0,0,-134
1767173947.3682382,0,-2,-128
1767173947.3782382,0,-2,-125
1767173947.3882382,0,-3,-130
1767173947.3982382,0,-3,-134
1767173947.4082382,-1,-3,-134
1767173947.4182382,-2,-3,-123
1767173947.4282382,-2,-3,-124
1767173947.438238,-2,0,-127
1767173947.448238,-2,1,-131
1767173947.458238,-5,2,-135
1767173947.468238,-4,1,-134
1767173947.478238,-1,3,-132
1767173947.488238,0,3,-136
1767173947.498238,1,1,-133
1767173947.508238,2,1,-134
1767173947.518238,0,-2,-137
1767173947.528238,0,-6,-129
1767173947.538238,0,-8,-129
1767173947.548238,1,-10,-130
1767173947.5582385,0,-9,-130
1767173947.5682385,0,-9,-125
1767173947.5782382,3,-7,-126
1767173947.5882382,3,-9,-131
1767173947.5982382,0,-9,-132
1767173947.6082382,0,-9,-135
1767173947.6182382,-1,-6,-134
1767173947.6282382,-1,-4,-130
1767173947.6382382,-2,-1,-126
1767173947.6482382,0,1,-119
1767173947.6582382,0,-2,-117
1767173947.6682382,-2,-2,-123
1767173947.6782382,-2,-7,-122
1767173947.688238,1,-3,-122
1767173947.698238,3,-7,-116
1767173947.708238,4,-5,-114
1767173947.718238,0,-7,-122
1767173947.728238,0,-7,-123
1767173947.738238,2,-7,-131
1767173947.748238,6,-6,-133
1767173947.758238,2,-4,-137
1767173947.768238,2,-1,-140
1767173947.778238,2,-3,-141
1767173947.788238,0,0,-132
1767173947.798238,1,0,-127
1767173947.8082385,1,-1,-124
1767173947.8182385,0,0,-131
1767173947.8282382,-1,-3,-130
1767173947.8382382,-6,-3,-130
1767173947.8482382,-8,-3,-127
1767173947.8582382,-4,-5,-127
1767173947.8682382,0,-7,-127
1767173947.8782382,0,-6,-131
1767173947.8882382,-5,-4,-133
1767173947.8982382,-6,-4,-133
1767173947.9082382,4,0,-128
1767173947.9182382,5,1,-121
1767173947.9282382,7,0,-121
1767173947.938238,10,1,-112
1767173947.948238,7,2,-110
1767173947.958238,2,2,-116
1767173947.968238,4,0,-122
1767173947.978238,0,0,-123
1767173947.988238,2,-2,-123
1767173947.998238,3,-2,-126
1767173948.008238,3,-1,-126
1767173948.018238,4,0,-129
1767173948.028238,2,-3,-126
1767173948.038238,6,-1,-124
1767173948.048238,5,2,-122
1767173948.0582385,4,0,-118
1767173948.0682385,4,2,-123
1767173948.0782382,9,2,-127
1767173948.0882382,1,-2,-125
1767173948.0982382,-1,-4,-123
1767173948.1082382,1,-4,-114
1767173948.1182382,2,-3,-114
1767173948.1282382,-3,-5,-115
1767173948.1382382,-3,-1,-120
1767173948.1482382,0,0,-122
1767173948.1582382,1,4,-124
1767173948.1682382,0,0,-125
1767173948.1782382,3,0,-130
1767173948.188238,2,0,-129
1767173948.198238,2,1,-131
1767173948.208238,-1,-2,-137
1767173948.218238,0,-3,-135
1767173948.228238,0,-4,-132
1767173948.238238,3,-3,-124
1767173948.248238,3,-4,-124
1767173948.258238,1,-2,-123
1767173948.268238,-1,-1,-126
1767173948.278238,-3,1,-128
1767173948.288238,-1,-1,-127
1767173948.298238,0,-1,-132
1767173948.3082385,-3,-3,-132
1767173948.3182385,0,-4,-128
1767173948.3282382,-1,-3,-127
1767173948.3382382,0,-1,-125
1767173948.3482382,1,2,-124
1767173948.3582382,0,0,-122
1767173948.3682382,-3,-3,-125
1767173948.3782382,-4,-6,-124
1767173948.3882382,-5,-7,-134
1767173948.3982382,0,-5,-133
1767173948.4082382,-3,-6,-134
1767173948.4182382,-5,-4,-129
1767173948.4282382,-4,-7,-128
1767173948.438238,-8,-9,-123
1767173948.448238,-12,-4,-123
1767173948.458238,-9,-3,-118
1767173948.468238,-5,-1,-121
1767173948.478238,-5,0,-121
1767173948.488238,-2,0,-116
1767173948.498238,0,4,-118
1767173948.508238,-2,5,-117
1767173948.518238,-2,5,-120
1767173948.528238,1,7,-119
1767173948.538238,0,6,-114
1767173948.548238,0,6,-120
1767173948.5582385,-4,13,-130
1767173948.5682385,-3,12,-128
1767173948.5782382,-3,7,-122
1767173948.5882382,-5,5,-116
1767173948.5982382,-2,0,-116
1767173948.6082382,-2,-1,-118
1767173948.6182382,-4,0,-122
1767173948.6282382,0,0,-127
1767173948.6382382,0,-5,-125
1767173948.6482382,2,-4,-124
1767173948.6582382,0,-3,-119
1767173948.6682382,-2,-2,-125
1767173948.6782382,-3,2,-130
1767173948.688238,1,2,-130
1767173948.698238,0,0,-116
1767173948.708238,1,-2,-116
1767173948.718238,0,-3,-116
1767173948.728238,-1,-2,-113
1767173948.738238,-3,-5,-109
1767173948.748238,0,-5,-115
1767173948.758238,-4,-3,-122
1767173948.768238,0,1,-123
1767173948.778238,0,3,-129
1767173948.788238,-3,3,-129
1767173948.798238,-4,4,-127
1767173948.8082385,-3,6,-125
1767173948.8182385,-2,5,-123
1767173948.8282382,-2,2,-118
1767173948.8382382,-1,5,-118
1767173948.8482382,-5,2,-114
1767173948.8582382,-6,3,-117
1767173948.8682382,0,7,-121
1767173948.8782382,2,8,-127
1767173948.8882382,3,5,-132
1767173948.8982382,1,1,-131
1767173948.9082382,4,-1,-130
1767173948.9182382,6,2,-125
1767173948.9282382,6,3,-128
1767173948.938238,9,-1,-123
1767173948.948238,10,1,-121
1767173948.959238,12,1,-118
1767173948.968238,6,1,-113
1767173948.9792385,5,-1,-104
1767173948.9892385,5,1,-101
1767173948.9992385,2,0,-104
1767173949.0092382,0,-1,-109
1767173949.0192382,0,-5,-117
1767173949.0292382,2,-5,-118
1767173949.0392382,2,-2,-119
1767173949.0492382,6,-4,-119
1767173949.0592382,5,-8,-122
1767173949.0692382,4,-6,-121
1767173949.0792382,0,-6,-125
1767173949.0892382,0,-7,-129
1767173949.0992382,0,-9,-127
1767173949.109238,-1,-9,-130
1767173949.119238,0,-8,-134
1767173949.129238,-3,-6,-133
1767173949.139238,1,-9,-130
1767173949.149238,2,-5,-126
1767173949.159238,-3,-4,-122
1767173949.169238,-2,-7,-117
1767173949.179238,1,-6,-115
1767173949.189238,1,-4,-111
1767173949.199238,2,-2,-109
1767173949.209238,0,-1,-110
1767173949.219238,1,1,-112
1767173949.2292385,1,2,-118
1767173949.2392385,2,-1,-124
1767173949.2492385,1,-2,-120
1767173949.2592382,3,-2,-126
1767173949.2692382,-1,0,-126
1767173949.2792382,-4,1,-124
1767173949.2892382,-4,4,-123
1767173949.2992382,-7,1,-132
1767173949.3092382,-6,0,-136
1767173949.3192382,-8,0,-138
1767173949.3292382,-9,2,-135
1767173949.3392382,-8,1,-123
1767173949.3492382,-9,0,-121
1767173949.359238,-6,0,-120
1767173949.369238,-5,-4,-121
1767173949.379238,-3,-3,-127
1767173949.389238,-3,-1,-128
1767173949.399238,-7,0,-126
1767173949.409238,-6,-3,-131
1767173949.419238,-4,-3,-128
1767173949.429238,-2,-2,-121
1767173949.439238,0,-4,-129
1767173949.449238,1,-3,-127
1767173949.459238,6,-3,-126
1767173949.469238,1,-4,-130
1767173949.4792385,0,-4,-126
1767173949.4892385,3,-5,-123
1767173949.4992385,3,-5,-121
1767173949.5092382,3,-10,-120
1767173949.5192382,2,-11,-122
1767173949.5292382,3,-6,-124
1767173949.5392382,2,-7,-126
1767173949.5492382,2,-4,-129
1767173949.5592382,2,-5,-137
1767173949.5692382,2,-3,-135
1767173949.5792382,2,-5,-128
1767173949.5892382,3,-3,-122
1767173949.5992382,4,1,-119
1767173949.609238,2,0,-130
1767173949.619238,0,2,-128
1767173949.629238,0,-2,-129
1767173949.639238,-3,2,-122
1767173949.649238,-1,1,-120
1767173949.659238,0,1,-121
1767173949.669238,-4,-4,-119
1767173949.679238,-4,-1,-117
1767173949.689238,-4,-3,-121
1767173949.699238,-2,-2,-121
1767173949.709238,-2,3,-116
1767173949.719238,1,2,-116
1767173949.7292385,1,1,-117
1767173949.7392385,0,1,-125
1767173949.7492385,-2,0,-122
1767173949.7602382,-6,-3,-120
1767173949.7692382,-5,-3,-120
1767173949.7792382,-1,-1,-118
1767173949.7892382,3,-2,-115
1767173949.7992382,0,-3,-117
1767173949.8092382,-2,-4,-119
1767173949.8192382,-2,-5,-110
1767173949.8292382,0,-4,-115
1767173949.8392382,3,1,-123
1767173949.8492382,5,2,-126
1767173949.859238,1,-2,-128
1767173949.869238,1,-3,-133
1767173949.879238,4,-1,-130
1767173949.889238,3,0,-127
1767173949.899238,3,-2,-126
1767173949.909238,3,-1,-124
1767173949.919238,-5,-3,-121
1767173949.929238,-3,-2,-120
1767173949.939238,-6,-3,-116
1767173949.949238,-3,0,-113
1767173949.959238,0,0,-115
1767173949.969238,-2,-1,-116
1767173949.9792385,1,-2,-109
1767173949.9892385,2,-2,-117
1767173949.9992385,3,0,-119
1767173950.0092382,0,-4,-120
1767173950.0192382,-2,-6,-121
1767173950.0292382,0,-5,-118
1767173950.0392382,-3,-2,-117
1767173950.0492382,-2,-1,-123
1767173950.0592382,1,0,-124
1767173950.0692382,3,0,-120
1767173950.0792382,4,-3,-126
1767173950.0892382,5,-2,-125
1767173950.0992382,6,-4,-124
1767173950.109238,9,-4,-126
1767173950.119238,5,-5,-123
1767173950.129238,6,-3,-128
1767173950.139238,6,0,-126
1767173950.149238,3,2,-128
1767173950.159238,2,2,-124
1767173950.169238,-1,0,-127
1767173950.179238,-4,4,-123
1767173950.189238,-3,5,-127
1767173950.199238,-2,1,-137
1767173950.209238,-6,0,-134
1767173950.219238,-7,2,-130
1767173950.2292385,-5,-4,-131
1767173950.2392385,-7,-6,-126
1767173950.2492385,-5,-4,-125
1767173950.2592382,-2,-8,-120
1767173950.2692382,0,-10,-119
1767173950.2792382,0,-7,-120
1767173950.2892382,0,-5,-115
1767173950.2992382,1,-1,-116
1767173950.3092382,2,1,-116
1767173950.3192382,-1,3,-123
1767173950.3292382,-3,3,-121
1767173950.3392382,-1,5,-126
1767173950.3492382,-4,2,-129
1767173950.359238,0,0,-125
1767173950.369238,-2,0,-132
1767173950.379238,1,0,-128
1767173950.389238,8,-1,-125
1767173950.399238,11,-1,-125
1767173950.409238,13,0,-126
1767173950.419238,5,0,-126
1767173950.429238,2,-2,-125
1767173950.439238,0,-8,-132
1767173950.449238,0,-8,-130
1767173950.459238,0,-8,-123
1767173950.469238,0,-8,-124
1767173950.4792385,2,-10,-129
1767173950.4892385,0,-7,-133
1767173950.4992385,1,-4,-128
1767173950.5092382,-1,-7,-126
1767173950.5192382,-1,-7,-125
1767173950.5292382,0,-9,-122
1767173950.5392382,0,-3,-122
1767173950.5492382,0,-9,-124
1767173950.5592382,-9,-10,-122
1767173950.5692382,-6,-10,-119
1767173950.5792382,-4,-6,-121
1767173950.5892382,-4,-2,-123
1767173950.5992382,0,-1,-120
1767173950.609238,0,-3,-121
1767173950.619238,-7,-4,-122
1767173950.629238,-6,0,-122
1767173950.639238,-7,1,-126
1767173950.649238,-7,3,-126
1767173950.659238,-9,5,-125
1767173950.669238,-8,7,-122
1767173950.679238,-6,8,-125
1767173950.689238,-6,7,-124
1767173950.699238,-4,8,-125
1767173950.709238,-5,10,-131
1767173950.719238,0,10,-132
1767173950.7292385,4,6,-127
1767173950.7392385,6,3,-129
1767173950.7492385,5,5,-128
1767173950.7592382,3,7,-131
1767173950.7692382,2,7,-128
1767173950.7792382,4,6,-126
1767173950.7892382,5,3,-119
1767173950.7992382,3,-6,-118
1767173950.8092382,1,-5,-119
1767173950.8192382,-2,-7,-124
1767173950.8292382,-6,-5,-123
1767173950.8392382,-6,-2,-126
1767173950.8492382,0,1,-126
1767173950.859238,4,1,-127
1767173950.869238,3,0,-128
1767173950.879238,5,-1,-125
1767173950.889238,2,-3,-129
1767173950.899238,-2,-2,-122
1767173950.909238,-1,0,-130
1767173950.919238,-2,0,-127
1767173950.929238,-1,3,-132
1767173950.939238,-5,2,-130
1767173950.949238,0,-1,-128
1767173950.959238,-2,0,-128
1767173950.969238,-3,3,-133
1767173950.9792385,-1,0,-137
1767173950.9892385,0,-3,-142
1767173950.9992385,2,-3,-143
1767173951.0092382,-3,-3,-140
1767173951.0192382,-3,1,-142
1767173951.0292382,-1,2,-132
1767173951.0392382,1,6,-128
1767173951.0492382,0,10,-126
1767173951.0592382,0,8,-117
1767173951.0692382,-2,7,-118
1767173951.0792382,4,3,-118
1767173951.0892382,6,2,-117
1767173951.0992382,4,0,-120
1767173951.109238,-1,3,-120
1767173951.119238,-1,0,-117
1767173951.129238,0,2,-120
1767173951.139238,-2,0,-124
1767173951.149238,0,-4,-118
1767173951.159238,-6,-4,-118
1767173951.169238,-6,-4,-120
1767173951.179238,-7,-3,-118
1767173951.189238,-3,-2,-117
1767173951.199238,-2,2,-116
1767173951.209238,0,6,-111
1767173951.219238,2,4,-117
1767173951.2292385,6,2,-120
1767173951.2392385,7,3,-122
1767173951.2492385,4,6,-120
1767173951.2592382,2,5,-121
1767173951.2692382,2,6,-120
1767173951.2792382,5,6,-125
1767173951.2892382,0,4,-120
1767173951.2992382,-1,3,-116
1767173951.3092382,-1,7,-123
1767173951.3192382,1,4,-123
1767173951.3292382,1,-1,-123
1767173951.3392382,-1,0,-123
1767173951.3492382,-4,-5,-117
1767173951.359238,-7,-5,-113
1767173951.369238,-2,-3,-113
1767173951.379238,-4,-3,-120
1767173951.389238,-2,-5,-122
1767173951.399238,1,-5,-124
1767173951.409238,4,-4,-129
1767173951.419238,1,-2,-129
1767173951.429238,1,1,-122
1767173951.439238,0,0,-118
1767173951.449238,0,-2,-124
1767173951.459238,0,-1,-126
1767173951.469238,0,0,-130
1767173951.4792385,0,2,-129
1767173951.4892385,2,0,-134
1767173951.4992385,0,-1,-134
1767173951.5092382,1,-6,-128
1767173951.5192382,5,-4,-121
1767173951.5292382,8,-3,-125
1767173951.5392382,7,-1,-126
1767173951.5492382,7,-4,-119
1767173951.5592382,5,-3,-116
1767173951.5692382,1,-1,-114
1767173951.5792382,3,-3,-117
1767173951.5892382,3,-2,-117
1767173951.5992382,-1,-5,-121
1767173951.609238,-2,-7,-124
1767173951.619238,2,-6,-124
1767173951.630238,2,-4,-123
1767173951.640238,0,-5,-124
1767173951.650238,-2,-3,-122
1767173951.6602385,-2,0,-123
1767173951.6702385,2,0,-128
1767173951.6802382,3,1,-124
1767173951.6902382,11,0,-118
1767173951.7002382,5,-5,-116
1767173951.7102382,1,-8,-116
1767173951.7202382,0,-9,-120
1767173951.7302382,-2,-3,-126
1767173951.7402382,-2,-4,-133
1767173951.7502382,-1,-6,-123
1767173951.7602382,-4,-5,-126
1767173951.7702382,-6,-4,-126
1767173951.7802382,-9,-2,-120
1767173951.790238,-5,-5,-116
1767173951.800238,-1,-5,-115
1767173951.810238,-4,-8,-122
1767173951.820238,-7,-5,-125
1767173951.830238,-4,-6,-124
1767173951.840238,-5,-3,-122
1767173951.850238,-5,0,-120
1767173951.860238,-5,0,-116
1767173951.870238,-4,2,-123
1767173951.880238,0,1,-129
1767173951.890238,0,-1,-131
1767173951.900238,0,2,-132
1767173951.9102385,2,0,-126
1767173951.9202385,1,1,-129
1767173951.9302382,0,5,-125
1767173951.9402382,-2,6,-123
1767173951.9502382,-4,5,-129
1767173951.9602382,0,5,-129
1767173951.9702382,-2,6,-121
1767173951.9802382,0,3,-124
1767173951.9902382,-1,0,-125
1767173952.0002382,0,-2,-117
1767173952.0102382,3,-1,-116
1767173952.0322382,0,-2,-129
1767173952.040238,-1,-3,-125
1767173952.050238,0,-1,-130
1767173952.060238,-3,-5,-123
1767173952.070238,-2,-1,-128
1767173952.080238,-4,-1,-132
1767173952.090238,-1,-1,-132
1767173952.100238,1,-3,-123
1767173952.110238,-2,-1,-121
1767173952.120238,0,-2,-115
1767173952.130238,6,1,-114
1767173952.140238,1,4,-124
1767173952.150238,-1,4,-127
1767173952.1602385,1,1,-127
1767173952.1702385,-1,-4,-134
1767173952.1802382,-2,-5,-136
1767173952.1902382,-3,-5,-138
1767173952.2002382,-6,-6,-133
1767173952.2102382,0,-7,-138
1767173952.2202382,1,-6,-135
1767173952.2302382,6,-4,-131
1767173952.2402382,9,-7,-126
1767173952.2502382,7,-8,-119
1767173952.2602382,7,-5,-119
1767173952.2702382,3,-1,-127
1767173952.2802382,-2,2,-126
1767173952.290238,-3,1,-127
1767173952.300238,4,1,-125
1767173952.310238,3,0,-125
1767173952.320238,3,-3,-130
1767173952.330238,0,-9,-131
1767173952.340238,0,-9,-130
1767173952.350238,-3,-7,-130
1767173952.360238,0,-5,-132
1767173952.370238,1,-4,-129
1767173952.380238,2,-1,-129
1767173952.390238,8,1,-132
1767173952.400238,7,1,-135
1767173952.4102385,4,1,-136
1767173952.4202385,-4,2,-138
1767173952.4302382,-6,0,-137
1767173952.4402382,-5,-1,-131
1767173952.4502382,-4,-4,-125
1767173952.4602382,-2,-6,-124
1767173952.4702382,-4,-2,-121
1767173952.4802382,-2,-5,-125
1767173952.4902382,-3,-7,-127
1767173952.5002382,-7,-2,-123
1767173952.5102382,-3,3,-118
1767173952.5202382,-1,3,-119
1767173952.5302382,1,2,-116
1767173952.540238,2,2,-122
1767173952.550238,-2,2,-123
1767173952.560238,-4,0,-123
1767173952.570238,0,0,-129
1767173952.580238,-1,-1,-132
1767173952.590238,-1,-3,-130
1767173952.600238,0,-1,-131
1767173952.610238,0,-1,-126
1767173952.620238,0,-1,-122
1767173952.630238,-1,0,-125
1767173952.640238,0,-5,-127
1767173952.650238,3,-5,-132
1767173952.6602385,2,-1,-130
1767173952.6702385,5,0,-127
1767173952.6802382,2,0,-122
1767173952.6902382,5,-4,-120
1767173952.7002382,4,-5,-126
1767173952.7102382,0,-7,-119
1767173952.7202382,-1,-4,-117
1767173952.7302382,-3,-6,-118
1767173952.7402382,-3,-9,-116
1767173952.7502382,-5,-5,-117
1767173952.7602382,-4,-5,-117
1767173952.7702382,-3,-3,-122
1767173952.7802382,-4,-1,-128
1767173952.790238,-1,-1,-131
1767173952.800238,0,-7,-134
1767173952.810238,0,-1,-135
1767173952.820238,0,-1,-133
1767173952.830238,0,-3,-127
1767173952.840238,-2,2,-127
1767173952.850238,-3,5,-124
1767173952.860238,-3,4,-130
1767173952.870238,-3,1,-122
1767173952.880238,0,0,-123
1767173952.890238,-1,0,-116
1767173952.900238,0,0,-117
1767173952.9102385,0,-2,-120
1767173952.9202385,0,-5,-123
1767173952.9302382,0,-6,-117
1767173952.9402382,-3,-9,-119
1767173952.9502382,-3,-6,-123
1767173952.9602382,-5,-3,-122
1767173952.9702382,-6,-6,-116
1767173952.9802382,-2,-4,-115
1767173952.9902382,-2,-3,-112
1767173953.0002382,0,-4,-113
1767173953.0102382,4,0,-112
1767173953.0202382,1,0,-109
1767173953.0302382,0,3,-114
1767173953.040238,-5,0,-113
1767173953.050238,-3,-1,-116
1767173953.060238,-1,-5,-117
1767173953.070238,-3,-4,-117
1767173953.080238,-3,-5,-118
1767173953.090238,-4,-7,-116
1767173953.100238,-3,-7,-114
1767173953.110238,0,-6,-112
1767173953.120238,-2,-8,-121
1767173953.130238,-7,-9,-124
1767173953.140238,-7,-10,-122
1767173953.150238,-6,-3,-124
1767173953.1602385,-3,0,-127
1767173953.1702385,-4,0,-122
1767173953.1802382,-3,-2,-127
1767173953.1902382,0,0,-126
1767173953.2002382,-3,1,-123
1767173953.2102382,-2,0,-124
1767173953.2202382,-1,0,-124
1767173953.2302382,3,0,-127
1767173953.2402382,3,0,-130
1767173953.2502382,3,-4,-130
1767173953.2602382,4,-4,-130
1767173953.2702382,3,-4,-127
1767173953.2802382,3,-2,-129
1767173953.290238,3,-4,-133
1767173953.300238,5,-6,-132
1767173953.310238,4,-3,-135
1767173953.320238,1,0,-132
1767173953.330238,-5,-5,-121
1767173953.340238,0,-6,-125
1767173953.350238,1,0,-124
1767173953.360238,4,0,-121
1767173953.370238,3,0,-115
1767173953.380238,2,3,-118
1767173953.390238,0,2,-123
1767173953.400238,0,0,-123
1767173953.4102385,-1,-2,-122
1767173953.4202385,0,-7,-126
1767173953.4302382,-1,-4,-122
1767173953.4402382,-1,-2,-127
1767173953.4502382,-2,-1,-130
1767173953.4602382,-2,-1,-138
1767173953.4702382,-5,-3,-143
1767173953.4802382,-5,1,-136
1767173953.4902382,-5,-3,-131
1767173953.5002382,-3,-1,-131
1767173953.5102382,0,1,-120
1767173953.5202382,4,0,-120
1767173953.5302382,1,2,-123
1767173953.540238,-1,2,-121
1767173953.550238,3,2,-125
1767173953.560238,4,0,-126
1767173953.570238,11,3,-132
1767173953.580238,8,2,-131
1767173953.590238,1,1,-121
1767173953.600238,3,-2,-118
1767173953.610238,0,-3,-118
1767173953.620238,2,0,-123
1767173953.630238,2,1,-127
1767173953.640238,0,4,-128
1767173953.650238,-1,1,-131
1767173953.6602385,0,0,-134
1767173953.6702385,1,0,-128
1767173953.6802382,2,-1,-127
1767173953.6902382,1,-2,-123
1767173953.7002382,4,-2,-123
1767173953.7102382,7,-4,-129
1767173953.7202382,3,-3,-129
1767173953.7302382,0,-2,-132
1767173953.7402382,-2,-5,-128
1767173953.7502382,-3,-5,-131
1767173953.7602382,-4,-3,-135
1767173953.7702382,-9,-1,-135
1767173953.7802382,-3,-2,-134
1767173953.790238,0,2,-128
1767173953.800238,0,1,-126
1767173953.810238,1,-1,-126
1767173953.820238,-3,-1,-124
1767173953.830238,-1,-4,-121
1767173953.840238,0,-4,-117
1767173953.850238,-2,-5,-116
1767173953.860238,-2,-3,-121
1767173953.870238,-1,-4,-116
1767173953.880238,2,-2,-111
1767173953.890238,1,1,-113
1767173953.900238,0,1,-111
1767173953.9102385,0,0,-114
1767173953.9202385,2,-2,-118
1767173953.9302382,4,-3,-120
1767173953.9402382,1,-3,-119
1767173953.9502382,0,-4,-111
1767173953.9602382,6,-4,-116
1767173953.9702382,6,-5,-113
1767173953.9802382,0,-3,-112
1767173953.9902382,-1,-4,-112
1767173954.0002382,1,-6,-111
1767173954.0102382,3,0,-116
1767173954.0202382,8,1,-118
1767173954.0302382,12,0,-119
1767173954.040238,9,-4,-118
1767173954.050238,6,-6,-123
1767173954.060238,5,0,-125
1767173954.070238,7,1,-125
1767173954.080238,10,0,-123
1767173954.090238,10,-1,-124
1767173954.100238,7,0,-128
1767173954.110238,9,-4,-130
1767173954.120238,4,-4,-132
1767173954.130238,0,-5,-128
1767173954.140238,-1,-7,-127
1767173954.150238,3,-6,-128
1767173954.1602385,2,-1,-123
1767173954.1702385,5,-4,-116
1767173954.1802382,5,-9,-117
1767173954.1902382,4,-7,-121
1767173954.2002382,5,-8,-121
1767173954.2102382,3,-6,-122
1767173954.2202382,4,-7,-123
1767173954.2302382,2,-6,-122
1767173954.241238,-1,-5,-128
1767173954.2502382,-2,0,-131
1767173954.261238,-2,-3,-126
1767173954.271238,0,-2,-126
1767173954.281238,3,-4,-122
1767173954.291238,4,-2,-117
1767173954.301238,2,-8,-111
1767173954.311238,4,-7,-116
1767173954.321238,4,-6,-110
1767173954.3312385,0,-6,-113
1767173954.3412385,-4,-7,-120
1767173954.3512385,-3,-5,-126
1767173954.3612382,-7,-5,-119
1767173954.3712382,-3,-1,-120
1767173954.3812382,0,-1,-118
1767173954.3912382,-1,-7,-116
1767173954.4012382,0,-6,-118
1767173954.4112382,-2,-5,-120
1767173954.4212382,-2,1,-119
1767173954.4312382,-2,9,-117
1767173954.4412382,0,7,-116
1767173954.4512382,0,4,-117
1767173954.461238,0,0,-121
1767173954.471238,1,-2,-121
1767173954.481238,-2,2,-122
1767173954.491238,-3,2,-117
1767173954.501238,-4,1,-113
1767173954.511238,-3,1,-121
1767173954.521238,0,3,-124
1767173954.531238,-1,0,-128
1767173954.541238,1,-2,-130
1767173954.551238,2,-4,-125
1767173954.561238,-1,-4,-124
1767173954.571238,0,-6,-118
1767173954.5812385,-4,0,-117
1767173954.5912385,-2,0,-114
1767173954.6012385,-2,0,-115
1767173954.6112382,-4,0,-112
1767173954.6212382,-4,1,-116
1767173954.6312382,-6,1,-123
1767173954.6412382,-3,1,-123
1767173954.6512382,-2,0,-127
1767173954.6612382,3,0,-133
1767173954.6712382,5,0,-133
1767173954.6812382,8,0,-133
1767173954.6912382,8,0,-128
1767173954.7012382,5,-2,-122
1767173954.711238,2,-2,-122
1767173954.721238,0,-1,-126
1767173954.731238,-2,0,-127
1767173954.741238,0,-1,-125
1767173954.751238,-2,-4,-130
1767173954.761238,-2,-2,-130
1767173954.771238,-2,0,-129
1767173954.781238,0,0,-128
1767173954.791238,1,-1,-128
1767173954.801238,2,-1,-127
1767173954.811238,0,-1,-131
1767173954.821238,3,-3,-131
1767173954.8312385,4,-4,-128
1767173954.8412385,4,-3,-126
1767173954.8512385,3,4,-122
1767173954.8612382,0,5,-125
1767173954.8712382,2,6,-126
1767173954.8812382,2,3,-124
1767173954.8912382,2,2,-132
1767173954.9012382,3,0,-135
1767173954.9112382,4,-2,-131
1767173954.9212382,3,-5,-133
1767173954.9312382,3,-8,-130
1767173954.9412382,2,-2,-127
1767173954.9512382,1,-1,-126
1767173954.961238,0,1,-124
1767173954.971238,0,2,-120
1767173954.981238,-2,3,-125
1767173954.991238,4,0,-129
1767173955.001238,6,-3,-129
1767173955.011238,6,-3,-135
1767173955.021238,4,0,-130
1767173955.031238,0,-1,-132
1767173955.041238,0,-5,-129
1767173955.051238,-1,-1,-125
1767173955.061238,-5,-6,-127
1767173955.071238,-6,-4,-127
1767173955.0812385,0,-5,-131
1767173955.0912385,0,-5,-131
1767173955.1012385,4,-3,-129
1767173955.1112382,3,-3,-131
1767173955.1212382,0,-3,-125
1767173955.1312382,-3,-2,-121
1767173955.1412382,-9,0,-116
1767173955.1512382,-7,1,-117
1767173955.1612382,-7,1,-119
1767173955.1712382,0,4,-114
1767173955.1812382,-6,5,-117
1767173955.1912382,-4,7,-117
1767173955.2012382,-4,3,-119
1767173955.211238,-5,-1,-127
1767173955.221238,-3,-2,-130
1767173955.231238,0,-2,-135
1767173955.241238,3,-3,-130
1767173955.251238,2,-3,-123
1767173955.261238,1,-4,-127
1767173955.271238,-1,-4,-132
1767173955.281238,-4,-4,-126
1767173955.291238,-6,-1,-122
1767173955.301238,-2,1,-120
1767173955.311238,-1,-1,-118
1767173955.321238,-1,-4,-119
1767173955.3312385,-3,-6,-120
1767173955.3412385,-2,-4,-117
1767173955.3512385,-1,-3,-113
1767173955.3612382,1,-2,-115
1767173955.3712382,1,0,-122
1767173955.3812382,-4,3,-121
1767173955.3912382,-4,3,-130
1767173955.4012382,-6,7,-130
1767173955.4112382,-10,6,-124
1767173955.4212382,-10,2,-122
1767173955.4312382,-8,1,-122
1767173955.4412382,-4,-4,-124
1767173955.4512382,0,-3,-121
1767173955.461238,-3,-2,-125
1767173955.471238,-3,-3,-128
1767173955.481238,-4,-1,-123
1767173955.491238,0,-3,-123
1767173955.501238,-2,-4,-128
1767173955.511238,-5,0,-125
1767173955.521238,-9,-1,-130
1767173955.531238,-12,-1,-129
1767173955.541238,-12,-1,-126
1767173955.551238,-10,-2,-129
1767173955.561238,-9,1,-127
1767173955.571238,-9,1,-130
1767173955.5812385,-8,0,-127
1767173955.5912385,-6,-1,-126
1767173955.6012385,-3,1,-120
1767173955.6112382,-1,2,-119
1767173955.6212382,-4,0,-118
1767173955.6312382,0,1,-125
1767173955.6412382,-1,1,-129
1767173955.6512382,1,2,-128
1767173955.6612382,1,0,-122
1767173955.6712382,1,0,-127
1767173955.6812382,4,3,-123
1767173955.6912382,0,1,-124
1767173955.7012382,2,4,-125
1767173955.711238,2,3,-122
1767173955.721238,6,3,-125
1767173955.731238,7,6,-122
1767173955.741238,5,4,-122
1767173955.751238,9,4,-125
1767173955.761238,9,3,-124
1767173955.771238,14,1,-131
1767173955.781238,14,1,-125
1767173955.791238,9,2,-117
1767173955.801238,7,2,-123
1767173955.811238,1,4,-124
1767173955.821238,0,6,-121
1767173955.8312385,-1,10,-122
1767173955.8412385,-3,2,-123
1767173955.8512385,-4,0,-130
1767173955.8612382,-2,3,-132
1767173955.8712382,-3,3,-127
1767173955.8812382,-2,4,-124
1767173955.8912382,-1,6,-125
1767173955.9012382,-1,5,-130
1767173955.9112382,0,2,-129
1767173955.9212382,-1,-1,-128
1767173955.9312382,0,-1,-129
1767173955.9412382,0,-1,-132
1767173955.9512382,0,-3,-133
1767173955.961238,0,-4,-139
1767173955.971238,-1,-5,-138
1767173955.981238,-2,-6,-134
1767173955.991238,0,-7,-129
1767173956.001238,-2,-3,-132
1767173956.011238,-5,-5,-132
1767173956.021238,-3,-6,-133
1767173956.031238,-5,-6,-129
1767173956.041238,-6,-6,-129
1767173956.051238,-8,-5,-130
1767173956.061238,-5,-6,-134
1767173956.071238,-12,-2,-133
1767173956.0812385,-8,-3,-126
1767173956.0912385,-3,-2,-127
1767173956.1012385,-3,0,-124
1767173956.1112382,-1,-2,-121
1767173956.1212382,1,-6,-128
1767173956.1312382,0,-5,-129
1767173956.1412382,-3,-3,-120
1767173956.1512382,0,-1,-122
1767173956.1612382,-3,0,-121
1767173956.1712382,-1,0,-121
1767173956.1812382,-4,4,-122
1767173956.1912382,-5,3,-123
1767173956.2012382,0,0,-118
1767173956.211238,0,-1,-122
1767173956.221238,-2,0,-120
1767173956.231238,-4,0,-121
1767173956.241238,-1,-1,-116
1767173956.251238,-1,0,-118
1767173956.261238,0,0,-111
1767173956.271238,2,0,-111
1767173956.281238,5,-2,-117
1767173956.291238,4,-7,-114
1767173956.301238,4,-8,-115
1767173956.311238,9,-4,-118
1767173956.321238,8,-4,-121
1767173956.3312385,9,-9,-116
1767173956.3412385,6,-6,-117
1767173956.3512385,8,-10,-124
1767173956.3612382,2,-10,-123
1767173956.3712382,3,-9,-131
1767173956.3812382,3,-7,-135
1767173956.3912382,6,-7,-133
1767173956.4012382,5,-8,-135
1767173956.4112382,4,-9,-134
1767173956.4212382,2,-7,-135
1767173956.4312382,1,-4,-136
1767173956.4412382,1,-1,-133
1767173956.4512382,0,0,-126
1767173956.461238,-3,0,-126
1767173956.471238,-3,0,-121
1767173956.481238,0,0,-120
1767173956.491238,3,0,-116
1767173956.501238,5,3,-118
1767173956.511238,9,2,-117
1767173956.521238,10,0,-121
1767173956.531238,3,-3,-121
1767173956.541238,-3,-3,-125
1767173956.551238,-5,-2,-123
1767173956.561238,-6,-2,-129
1767173956.571238,-7,2,-133
1767173956.5812385,-4,4,-131
1767173956.5912385,-7,2,-131
1767173956.6012385,-9,2,-122
1767173956.6112382,-8,4,-126
1767173956.6212382,-3,5,-132
1767173956.6312382,-3,3,-132
1767173956.6412382,-2,3,-136
1767173956.6512382,4,5,-134
1767173956.6612382,8,5,-130
1767173956.6712382,8,6,-130
1767173956.6812382,6,2,-129
1767173956.6912382,2,1,-129
1767173956.7012382,-2,4,-119
1767173956.711238,-3,4,-115
1767173956.721238,0,4,-121
1767173956.731238,3,3,-121
1767173956.741238,1,4,-119
1767173956.751238,7,-1,-118
1767173956.761238,9,-3,-115
1767173956.771238,6,-3,-113
1767173956.781238,3,-6,-113
1767173956.791238,0,-1,-120
1767173956.801238,-3,-2,-129
1767173956.811238,0,-2,-134
1767173956.821238,-4,-1,-133
1767173956.8312385,-7,1,-127
1767173956.8412385,-6,-1,-120
1767173956.8512385,-8,-4,-119
1767173956.8612382,-7,-7,-120
1767173956.8712382,-4,-6,-121
1767173956.8812382,-2,-4,-121
1767173956.8912382,-2,0,-125
1767173956.9012382,0,-1,-129
1767173956.912238,-2,-1,-127
1767173956.922238,-2,0,-128
1767173956.932238,-4,0,-122
1767173956.942238,-2,1,-123
1767173956.952238,0,0,-128
1767173956.962238,-2,2,-129
1767173956.972238,-2,2,-128
1767173956.982238,-5,-3,-129
1767173956.992238,-8,-3,-130
1767173957.002238,-7,-1,-134
1767173957.0122385,0,0,-129
1767173957.0222385,0,0,-124
1767173957.044238,4,0,-118
1767173957.0522382,5,2,-118
1767173957.0622382,5,0,-121
1767173957.0722382,5,-2,-128
1767173957.0822382,3,-2,-127
1767173957.0922382,0,-1,-132
1767173957.1022382,0,-2,-124
1767173957.1122382,1,-2,-120
1767173957.1222382,0,0,-123
1767173957.132238,0,-1,-119
1767173957.142238,1,2,-113
1767173957.152238,3,3,-117
1767173957.162238,3,4,-116
1767173957.172238,5,4,-117
1767173957.182238,7,-3,-116
1767173957.192238,2,-4,-120
1767173957.202238,0,0,-124
1767173957.212238,4,-2,-120
1767173957.222238,3,-2,-128
1767173957.232238,3,-3,-129
1767173957.242238,2,-5,-123
1767173957.252238,-2,-5,-118
1767173957.2622385,-1,-6,-122
1767173957.2722385,-5,-1,-116
1767173957.2822382,-7,-1,-124
1767173957.2922382,-10,3,-125
1767173957.3022382,-6,-1,-118
1767173957.3122382,-11,1,-110
1767173957.3222382,-12,3,-109
1767173957.3322382,-9,-1,-113
1767173957.3422382,-6,-1,-118
1767173957.3522382,-9,-1,-116
1767173957.3622382,-8,0,-116
1767173957.3722382,-6,0,-113
1767173957.382238,-5,0,-116
1767173957.392238,-2,-2,-117
1767173957.402238,-1,-2,-121
1767173957.412238,0,-1,-123
1767173957.422238,2,-3,-132
1767173957.432238,1,-1,-132
1767173957.442238,2,-2,-129
1767173957.452238,7,0,-127
1767173957.462238,7,0,-123
1767173957.472238,1,-1,-120
1767173957.482238,2,-2,-114
1767173957.492238,-5,-4,-115
1767173957.502238,-5,-2,-119
1767173957.5122385,-6,-3,-115
1767173957.5222385,-1,-7,-115
1767173957.5322382,-5,-3,-116
1767173957.5422382,-5,-1,-121
1767173957.5522382,0,3,-123
1767173957.5622382,-1,6,-122
1767173957.5722382,-3,6,-118
1767173957.5822382,0,4,-123
1767173957.5922382,0,0,-122
1767173957.6022382,3,2,-117
1767173957.6122382,-1,3,-116
1767173957.6222382,-4,1,-119
1767173957.632238,-6,-1,-120
1767173957.642238,-6,-4,-117
1767173957.652238,-4,-6,-120
1767173957.662238,2,-5,-121
1767173957.672238,2,-3,-124
1767173957.682238,4,-4,-132
1767173957.692238,0,-4,-131
1767173957.702238,0,-2,-124
1767173957.712238,-1,-3,-123
1767173957.722238,1,-7,-119
1767173957.732238,-1,-12,-118
1767173957.742238,-4,-11,-121
1767173957.752238,-9,-8,-118
1767173957.7622385,-7,-5,-119
1767173957.7722385,-9,-2,-124
1767173957.7822382,-6,-2,-128
1767173957.7922382,-6,-2,-124
1767173957.8022382,0,0,-126
1767173957.8122382,0,0,-127
1767173957.8222382,-5,1,-125
1767173957.8322382,-5,3,-127
1767173957.8422382,-2,4,-125
1767173957.8522382,1,2,-128
1767173957.8622382,0,3,-130
1767173957.8722382,-2,1,-141
1767173957.882238,-2,0,-140
1767173957.892238,-2,-5,-138
1767173957.902238,-4,-5,-136
1767173957.912238,-4,-3,-130
1767173957.922238,-2,-3,-127
1767173957.932238,-3,0,-121
1767173957.942238,0,-1,-127
1767173957.952238,2,0,-130
1767173957.962238,4,3,-134
1767173957.972238,7,-3,-133
1767173957.982238,7,-4,-129
1767173957.992238,4,-1,-127
1767173958.002238,1,0,-121
1767173958.0122385,-1,1,-125
1767173958.0222385,-2,-2,-126
1767173958.0322382,-6,-3,-127
1767173958.0422382,-2,-3,-126
1767173958.0522382,2,-2,-125
1767173958.0622382,3,-3,-116
1767173958.0722382,3,-4,-118
1767173958.0822382,5,-2,-119
1767173958.0922382,2,-1,-116
1767173958.1022382,0,-2,-113
1767173958.1122382,3,-3,-114
1767173958.1222382,2,-3,-113
1767173958.132238,0,-1,-116
1767173958.142238,-1,-2,-119
1767173958.152238,-1,-6,-124
1767173958.162238,4,-4,-125
1767173958.172238,2,-4,-124
1767173958.182238,2,-5,-128
1767173958.192238,2,-6,-122
1767173958.202238,-1,-6,-126
1767173958.212238,0,-5,-124
1767173958.222238,-5,-5,-116
1767173958.232238,-7,-7,-115
1767173958.242238,-3,-9,-115
1767173958.252238,0,-8,-119
1767173958.2622385,0,-9,-117
1767173958.2722385,2,-9,-111
1767173958.2822382,5,-8,-115
1767173958.2922382,6,-7,-120
1767173958.3022382,5,-12,-118
1767173958.3122382,1,-11,-116
1767173958.3222382,1,-11,-122
1767173958.3322382,-2,-9,-124
1767173958.3422382,-2,-5,-124
1767173958.3522382,1,-6,-125
1767173958.3622382,3,-4,-121
1767173958.3722382,3,-1,-126
1767173958.382238,1,2,-127
1767173958.392238,2,-2,-128
1767173958.402238,0,-1,-127
1767173958.412238,-1,0,-128
1767173958.422238,-3,0,-131
1767173958.432238,-2,-1,-136
1767173958.442238,-4,-3,-135
1767173958.452238,-4,-1,-132
1767173958.462238,-1,-3,-130
1767173958.472238,-1,-3,-126
1767173958.482238,-2,-2,-128
1767173958.492238,1,-4,-124
1767173958.502238,2,-3,-114
1767173958.5122385,0,-1,-116
1767173958.5222385,6,-2,-113
1767173958.5322382,8,2,-118
1767173958.5422382,3,0,-121
1767173958.5522382,1,-1,-122
1767173958.5622382,1,0,-119
1767173958.5722382,0,3,-121
1767173958.5822382,0,1,-119
1767173958.5922382,0,-1,-118
1767173958.6022382,0,-1,-120
1767173958.6122382,0,0,-126
1767173958.6222382,0,-1,-130
1767173958.632238,4,-2,-129
1767173958.642238,5,-4,-123
1767173958.652238,5,0,-123
1767173958.662238,3,3,-123
1767173958.672238,2,9,-124
1767173958.682238,0,8,-122
1767173958.692238,0,7,-126
1767173958.702238,0,6,-126
1767173958.712238,3,2,-122
1767173958.722238,0,6,-120
1767173958.732238,0,7,-124
1767173958.742238,-2,5,-125
1767173958.752238,-3,3,-126
1767173958.7622385,-6,4,-129
1767173958.7722385,-2,2,-123
1767173958.7822382,0,3,-116
1767173958.7922382,1,-3,-115
1767173958.8022382,-2,-3,-120
1767173958.8122382,-1,-5,-121
1767173958.8222382,-2,-4,-121
1767173958.8322382,0,-1,-129
1767173958.8422382,1,-1,-128
1767173958.8522382,3,-3,-123
1767173958.8622382,5,-4,-124
1767173958.8722382,7,-5,-122
1767173958.882238,0,-4,-126
1767173958.892238,0,-3,-126
1767173958.902238,0,-3,-124
1767173958.912238,0,-3,-122
1767173958.922238,3,-5,-124
1767173958.932238,-2,-6,-127
1767173958.942238,-3,-8,-119
1767173958.952238,-3,-4,-121
1767173958.962238,-2,-6,-126
1767173958.972238,-3,-8,-128
1767173958.982238,-2,-5,-125
1767173958.992238,-2,1,-125
1767173959.002238,-3,0,-128
1767173959.0122385,-2,0,-123
1767173959.0222385,2,0,-119
1767173959.0322382,2,0,-123
1767173959.0422382,0,-1,-121
1767173959.0522382,-1,-1,-119
1767173959.0622382,-4,0,-115
1767173959.0722382,-8,-2,-116
1767173959.0822382,-7,0,-115
1767173959.0922382,-5,0,-120
1767173959.1022382,-2,-5,-125
1767173959.1122382,0,-5,-121
1767173959.1222382,-1,-2,-121
1767173959.132238,-1,-3,-120
1767173959.142238,0,0,-120
1767173959.152238,0,0,-107
1767173959.162238,0,0,-112
1767173959.172238,0,-1,-111
1767173959.182238,0,2,-110
1767173959.192238,0,0,-122
1767173959.202238,0,0,-117
1767173959.212238,3,0,-119
1767173959.222238,1,-3,-127
1767173959.232238,0,-7,-129
1767173959.242238,-1,-4,-121
1767173959.252238,0,-3,-124
1767173959.2622385,-2,-4,-122
1767173959.2722385,-8,-6,-124
1767173959.2822382,-7,-5,-134
1767173959.2922382,-3,-1,-128
1767173959.3022382,0,2,-125
1767173959.3122382,3,-1,-132
1767173959.3222382,1,-2,-135
1767173959.3322382,-1,-2,-127
1767173959.3422382,-4,-1,-122
1767173959.3522382,-4,0,-119
1767173959.3622382,-1,1,-117
1767173959.3722382,-4,5,-119
1767173959.382238,2,4,-120
1767173959.392238,2,-1,-118
1767173959.402238,3,-7,-123
1767173959.412238,5,-7,-124
1767173959.422238,2,-7,-123
1767173959.432238,3,-5,-124
1767173959.442238,0,-7,-121
1767173959.452238,0,1,-121
1767173959.462238,-2,-1,-129
1767173959.472238,-3,-4,-131
1767173959.482238,-3,-6,-126
1767173959.492238,0,-5,-121
1767173959.502238,-3,-1,-124
1767173959.5122385,-5,-2,-126
1767173959.5222385,-5,-2,-127
1767173959.5322382,-4,-1,-126
1767173959.5432382,-3,-5,-128
1767173959.5532382,-2,-7,-126
1767173959.5622382,-1,-8,-129
1767173959.573238,0,-9,-130
1767173959.583238,1,-10,-126
1767173959.593238,3,-8,-120
1767173959.603238,2,-8,-117
1767173959.613238,-1,-13,-119
1767173959.623238,-3,-11,-118
1767173959.633238,0,-9,-117
1767173959.643238,-1,-9,-121
1767173959.653238,0,-4,-121
1767173959.663238,-5,-6,-122
1767173959.673238,-4,-9,-124
1767173959.6832385,-1,-6,-122
1767173959.6932385,-3,-2,-129
1767173959.7032382,-7,0,-124
1767173959.7132382,-3,1,-125
1767173959.7232382,0,0,-124
1767173959.7332382,0,1,-121
1767173959.7432382,-3,-3,-119
1767173959.7532382,-5,-1,-117
1767173959.7632382,-7,0,-118
1767173959.7732382,-6,0,-121
1767173959.7832382,-1,0,-122
1767173959.7932382,-1,0,-126
1767173959.8032382,-3,0,-126
1767173959.813238,0,0,-119
1767173959.823238,0,0,-119
1767173959.833238,0,-2,-120
1767173959.843238,0,-5,-126
1767173959.853238,-2,-9,-132
1767173959.863238,-3,-9,-134
1767173959.873238,-3,-6,-131
1767173959.883238,-5,-2,-128
1767173959.893238,-2,-3,-131
1767173959.903238,-1,-1,-134
1767173959.913238,3,-1,-129
1767173959.923238,4,0,-127
1767173959.9332385,4,-2,-132
1767173959.9432385,2,-4,-131
1767173959.9532382,5,-7,-129
1767173959.9632382,5,-6,-127
1767173959.9732382,8,-4,-122
1767173959.9832382,9,-1,-123
1767173959.9932382,7,0,-126
1767173960.0032382,6,2,-129
1767173960.0132382,5,7,-137
1767173960.0232382,7,5,-135
1767173960.0332382,1,0,-133
1767173960.0432382,3,-1,-127
1767173960.0532382,2,-1,-123
1767173960.063238,7,-3,-118
1767173960.073238,5,-3,-117
1767173960.083238,6,-3,-123
1767173960.093238,7,-4,-121
1767173960.103238,10,-5,-115
1767173960.113238,6,-5,-124
1767173960.123238,6,0,-127
1767173960.133238,0,-1,-128
1767173960.143238,-2,-4,-134
1767173960.153238,-2,-4,-135
1767173960.163238,-1,-4,-130
1767173960.173238,1,-6,-128
1767173960.1832385,0,-5,-128
1767173960.1932385,-4,-8,-123
1767173960.2032382,-1,-8,-124
1767173960.2132382,0,-8,-124
1767173960.2232382,4,-7,-127
1767173960.2332382,0,-7,-124
1767173960.2432382,0,-6,-120
1767173960.2532382,5,-6,-123
1767173960.2632382,3,-6,-123
1767173960.2732382,1,-5,-124
1767173960.2832382,0,-2,-122
1767173960.2932382,-1,-3,-126
1767173960.3032382,-2,-1,-118
1767173960.313238,1,1,-118
1767173960.323238,4,1,-117
1767173960.333238,6,-2,-123
1767173960.343238,4,-1,-121
1767173960.353238,0,0,-119
1767173960.363238,-3,-3,-125
1767173960.373238,-3,-4,-124
1767173960.383238,-6,3,-125
1767173960.393238,-1,4,-131
1767173960.403238,-3,4,-131
1767173960.413238,-6,4,-126
1767173960.423238,-3,3,-120
1767173960.4332385,1,-4,-116
1767173960.4432385,-2,-2,-120
1767173960.4532382,0,1,-124
1767173960.4632382,-2,1,-115
1767173960.4732382,-4,0,-111
1767173960.4832382,-5,-5,-114
1767173960.4932382,-9,-2,-123
1767173960.5032382,-10,0,-119
1767173960.5132382,-5,2,-117
1767173960.5232382,-2,0,-122
1767173960.5332382,-4,-4,-131
1767173960.5432382,-1,-8,-133
1767173960.5532382,0,-11,-138
1767173960.563238,-4,-6,-131
1767173960.573238,-5,-5,-131
1767173960.583238,-5,-3,-128
1767173960.593238,-5,0,-127
1767173960.603238,-3,-1,-129
1767173960.613238,-9,-2,-135
1767173960.623238,-3,4,-131
1767173960.633238,1,4,-133
1767173960.643238,3,1,-134
1767173960.653238,1,2,-125
1767173960.663238,2,1,-126
1767173960.673238,3,6,-126
1767173960.6832385,2,5,-133
1767173960.6932385,1,2,-126
1767173960.7032382,0,1,-120
1767173960.7132382,-1,-1,-113
1767173960.7232382,-2,-4,-118
1767173960.7332382,-4,-1,-116
1767173960.7432382,-6,-1,-116
1767173960.7532382,-2,-3,-116
1767173960.7632382,0,-4,-123
1767173960.7732382,1,-7,-128
1767173960.7832382,1,-13,-126
1767173960.7932382,3,-12,-128
1767173960.8032382,2,-9,-124
1767173960.813238,1,-4,-125
1767173960.823238,2,1,-125
1767173960.833238,1,0,-124
1767173960.843238,1,1,-122
1767173960.853238,0,0,-121
1767173960.863238,-3,5,-121
1767173960.873238,-8,4,-120
1767173960.883238,-12,2,-121
1767173960.893238,-8,3,-119
1767173960.903238,-4,1,-115
1767173960.913238,-4,-2,-118
1767173960.923238,1,0,-126
1767173960.9332385,1,-2,-122
1767173960.9432385,0,-1,-125
1767173960.9532382,-3,-3,-123
1767173960.9632382,-3,-3,-126
1767173960.9732382,-4,-3,-127
1767173960.9832382,-5,-7,-126
1767173960.9932382,-3,-5,-125
1767173961.0032382,-2,-3,-125
1767173961.0132382,-3,-1,-123
1767173961.0232382,0,-1,-125
1767173961.0332382,2,-2,-121
1767173961.0432382,2,-2,-125
1767173961.0532382,1,-4,-127
1767173961.063238,4,-7,-121
1767173961.073238,1,-7,-119
1767173961.083238,-2,-7,-116
1767173961.093238,-3,-4,-122
1767173961.103238,-4,-3,-120
1767173961.113238,1,-1,-119
1767173961.123238,2,0,-119
1767173961.133238,-3,0,-119
1767173961.143238,-2,3,-115
1767173961.153238,-7,3,-117
1767173961.163238,-8,1,-123
1767173961.173238,-6,1,-122
1767173961.1832385,-8,0,-128
1767173961.1932385,-4,0,-125
1767173961.2032382,-3,-3,-120
1767173961.2132382,-3,-2,-121
1767173961.2232382,-3,-5,-124
1767173961.2332382,0,-8,-125
1767173961.2432382,4,-7,-123
1767173961.2532382,-2,-8,-122
1767173961.2632382,0,-10,-122
1767173961.2732382,2,-5,-120
1767173961.2832382,1,-5,-130
1767173961.2932382,0,-7,-130
1767173961.3032382,0,-2,-136
1767173961.313238,0,1,-140
1767173961.323238,5,4,-143
1767173961.333238,0,-1,-138
1767173961.343238,-3,-1,-136
1767173961.353238,-2,-2,-135
1767173961.363238,0,-4,-129
1767173961.373238,3,-7,-125
1767173961.383238,5,-5,-121
1767173961.393238,0,-6,-118
1767173961.403238,-2,-2,-115
1767173961.413238,-2,0,-113
1767173961.423238,-2,-1,-110
1767173961.4342382,-5,2,-117
1767173961.4432385,-6,1,-120
1767173961.4532382,-6,-1,-122
1767173961.4632382,-2,-3,-124
1767173961.4732382,2,-1,-123
1767173961.4832382,1,-2,-121
1767173961.4932382,2,-2,-123
1767173961.5032382,4,-2,-124
1767173961.5132382,3,-4,-124
1767173961.5232382,4,-7,-131
1767173961.5332382,1,-5,-129
1767173961.5432382,4,-4,-124
1767173961.5532382,0,-1,-130
1767173961.563238,6,-1,-128
1767173961.573238,5,-4,-128
1767173961.583238,2,-5,-128
1767173961.593238,-1,0,-124
1767173961.603238,2,4,-117
1767173961.613238,1,5,-110
1767173961.623238,3,4,-115
1767173961.633238,5,0,-116
1767173961.643238,3,2,-116
1767173961.653238,5,0,-117
1767173961.663238,7,0,-124
1767173961.673238,4,0,-130
1767173961.6832385,1,2,-126
1767173961.6932385,0,-2,-120
1767173961.7032382,3,-4,-120
1767173961.7132382,5,-2,-118
1767173961.7232382,9,-3,-122
1767173961.7332382,8,-2,-123
1767173961.7432382,4,0,-123
1767173961.7532382,-1,-3,-124
1767173961.7632382,-2,-9,-132
1767173961.7732382,-3,-6,-132
1767173961.7832382,-1,-4,-130
1767173961.7932382,0,-2,-134
1767173961.8032382,0,0,-137
1767173961.813238,0,0,-136
1767173961.823238,1,-5,-137
1767173961.833238,1,-1,-139
1767173961.843238,-2,-4,-138
1767173961.853238,-4,-3,-127
1767173961.863238,-5,0,-124
1767173961.873238,-1,-2,-128
1767173961.883238,0,0,-127
1767173961.893238,3,3,-128
1767173961.903238,1,1,-126
1767173961.913238,3,0,-126
1767173961.923238,4,-1,-121
1767173961.9332385,6,-3,-121
1767173961.9432385,3,-4,-123
1767173961.9532382,1,-1,-124
1767173961.9632382,3,-4,-123
1767173961.9732382,0,-4,-125
1767173961.9832382,-2,-3,-123
1767173961.9932382,-6,-3,-120
1767173962.0032382,-3,-5,-122
1767173962.0132382,-7,-8,-131
1767173962.0232382,-5,-6,-126
1767173962.0332382,0,-6,-120
1767173962.0552382,2,-5,-111
1767173962.063238,4,-9,-118
1767173962.073238,8,-10,-129
1767173962.083238,8,-11,-126
1767173962.093238,1,-11,-120
1767173962.103238,1,-8,-121
1767173962.113238,4,-3,-126
1767173962.123238,5,-2,-122
1767173962.133238,1,0,-119
1767173962.143238,-1,-1,-126
1767173962.153238,2,-1,-121
1767173962.163238,3,0,-125
1767173962.173238,0,-1,-127
1767173962.1832385,-2,-2,-125
1767173962.1932385,-5,-1,-127
1767173962.2042382,-3,-4,-124
1767173962.2142382,-1,-3,-126
1767173962.2242382,5,-6,-121
1767173962.234238,4,-7,-120
1767173962.244238,4,-3,-123
1767173962.254238,4,-3,-120
1767173962.264238,5,0,-118
1767173962.274238,7,-3,-119
1767173962.284238,9,-4,-121
1767173962.294238,8,-2,-127
1767173962.304238,5,-1,-127
1767173962.314238,1,2,-121
1767173962.324238,5,-1,-119
1767173962.334238,6,-3,-118
1767173962.344238,1,-8,-116
1767173962.3542385,-2,-9,-118
1767173962.3642385,-4,-10,-116
1767173962.3742385,-7,-9,-117
1767173962.3842382,-6,-6,-116
1767173962.3942382,-2,-8,-118
1767173962.4042382,0,-8,-121
1767173962.4142382,2,-8,-126
1767173962.4242382,3,-10,-130
1767173962.4342382,-1,-9,-132
1767173962.4442382,1,-8,-133
1767173962.4542382,-1,-3,-136
1767173962.4642382,-4,0,-135
1767173962.4742382,-5,1,-134
1767173962.484238,-8,0,-133
1767173962.494238,-5,0,-127
1767173962.504238,-1,3,-133
1767173962.514238,0,2,-123
1767173962.524238,0,2,-127
1767173962.534238,0,1,-121
1767173962.544238,3,3,-117
1767173962.554238,4,0,-116
1767173962.564238,3,1,-114
1767173962.574238,1,0,-118
1767173962.584238,-4,1,-114
1767173962.594238,-3,-1,-117
1767173962.6042385,-4,-3,-120
1767173962.6142385,-11,-2,-122
1767173962.6242385,-8,-4,-122
1767173962.6342382,-7,-5,-125
1767173962.6442382,-8,-5,-126
1767173962.6542382,-5,-4,-124
1767173962.6642382,1,-3,-123
1767173962.6742382,2,-2,-124
1767173962.6842382,0,-1,-129
1767173962.6942382,0,-2,-129
1767173962.7042382,1,-1,-129
1767173962.7142382,0,-2,-131
1767173962.7242382,-3,0,-136
1767173962.734238,0,-2,-142
1767173962.744238,4,2,-144
1767173962.754238,5,5,-138
1767173962.764238,2,3,-135
1767173962.774238,2,2,-129
1767173962.784238,5,-1,-124
1767173962.794238,3,-2,-127
1767173962.804238,0,-1,-125
1767173962.814238,1,-6,-129
1767173962.824238,1,-7,-129
1767173962.834238,4,-1,-122
1767173962.844238,4,1,-124
1767173962.8542385,1,0,-125
1767173962.8642385,-3,-3,-126
1767173962.8742385,-6,-2,-132
1767173962.8842382,-5,0,-131
1767173962.8942382,-5,1,-140
1767173962.9042382,-1,-1,-138
1767173962.9142382,-1,2,-138
1767173962.9242382,0,2,-133
1767173962.9342382,1,4,-131
1767173962.9442382,-3,1,-127
1767173962.9542382,-5,-1,-125
1767173962.9642382,-4,1,-122
1767173962.9742382,-5,-2,-121
1767173962.984238,-4,-3,-123
1767173962.994238,-3,-4,-128
1767173963.004238,0,-4,-130
1767173963.014238,4,-6,-127
1767173963.024238,4,-8,-137
1767173963.034238,2,-6,-134
1767173963.044238,-3,-1,-128
1767173963.054238,-4,-1,-135
1767173963.064238,0,-2,-133
1767173963.074238,0,-2,-129
1767173963.084238,0,1,-133
1767173963.094238,0,1,-130
1767173963.1042385,0,2,-127
1767173963.1142385,1,2,-125
1767173963.1242385,3,4,-123
1767173963.1342382,3,3,-118
1767173963.1442382,6,3,-116
1767173963.1542382,6,4,-120
1767173963.1642382,10,5,-124
1767173963.1742382,12,5,-118
1767173963.1842382,7,-1,-113
1767173963.1942382,8,0,-114
1767173963.2042382,4,0,-115
1767173963.2142382,6,0,-117
1767173963.2242382,5,2,-120
1767173963.234238,2,2,-112
1767173963.244238,-1,3,-115
1767173963.254238,-4,0,-123
1767173963.264238,-3,1,-121
1767173963.274238,-2,1,-123
1767173963.284238,0,-2,-125
1767173963.294238,-2,-1,-127
1767173963.304238,1,0,-122
1767173963.314238,1,1,-123
1767173963.324238,1,0,-120
1767173963.334238,0,4,-121
1767173963.344238,0,4,-130
1767173963.3542385,-3,3,-129
1767173963.3642385,-3,0,-131
1767173963.3742385,-5,0,-122
1767173963.3842382,-3,-1,-117
1767173963.3942382,-2,-2,-114
1767173963.4042382,0,0,-112
1767173963.4142382,-2,0,-109
1767173963.4242382,-3,3,-109
1767173963.4342382,-6,1,-112
1767173963.4442382,-1,-1,-111
1767173963.4542382,0,-2,-117
1767173963.4642382,-4,-1,-119
1767173963.4742382,-4,-6,-122
1767173963.484238,1,-4,-126
1767173963.494238,0,-8,-125
1767173963.504238,2,-12,-123
1767173963.514238,0,-10,-122
1767173963.524238,-3,-8,-120
1767173963.534238,1,-6,-122
1767173963.544238,1,-3,-124
1767173963.554238,1,-1,-125
1767173963.564238,-3,-2,-128
1767173963.574238,-4,-6,-121
1767173963.584238,-3,-10,-132
1767173963.594238,-4,-12,-128
1767173963.6042385,-3,-11,-125
1767173963.6142385,0,-8,-126
1767173963.6242385,1,-8,-124
1767173963.6342382,1,-6,-128
1767173963.6442382,5,-1,-126
1767173963.6542382,4,-2,-130
1767173963.6642382,5,-2,-128
1767173963.6742382,3,0,-126
1767173963.6842382,0,-2,-128
1767173963.6942382,0,-4,-128
1767173963.7042382,0,-4,-127
1767173963.7142382,0,-7,-124
1767173963.7242382,0,-7,-118
1767173963.734238,3,-4,-123
1767173963.744238,4,-1,-120
1767173963.754238,2,-3,-126
1767173963.764238,5,-3,-124
1767173963.774238,4,-2,-124
1767173963.784238,4,-4,-122
1767173963.794238,3,-3,-121
1767173963.804238,1,-4,-128
1767173963.814238,0,0,-131
1767173963.824238,-3,-2,-134
1767173963.834238,-2,-6,-127
1767173963.844238,-5,-4,-114
1767173963.8542385,-2,-5,-113
1767173963.8642385,-6,-8,-110
1767173963.8742385,-7,-9,-116
1767173963.8842382,-6,-12,-120
1767173963.8942382,-8,-12,-121
1767173963.9042382,-6,-11,-119
1767173963.9142382,-7,-5,-123
1767173963.9242382,-3,-2,-122
1767173963.9342382,-2,-2,-125
1767173963.9442382,-4,-3,-128
1767173963.9542382,-4,-3,-128
1767173963.9642382,-4,0,-125
1767173963.9742382,-1,-1,-124
1767173963.984238,0,-2,-131
1767173963.994238,1,-1,-129
1767173964.004238,-1,-2,-130
1767173964.014238,0,-4,-131
1767173964.024238,1,-1,-130
1767173964.034238,-2,-3,-128
1767173964.044238,-3,-1,-131
1767173964.054238,-4,0,-125
1767173964.064238,-2,-2,-128
1767173964.074238,1,-6,-126
1767173964.084238,6,-7,-123
1767173964.094238,7,-7,-116
1767173964.1042385,5,-7,-110
1767173964.1142385,5,-6,-107
1767173964.1242385,3,-3,-108
1767173964.1342382,0,-6,-109
1767173964.1442382,1,-4,-112
1767173964.1542382,2,-2,-118
1767173964.1642382,0,-1,-113
1767173964.1742382,1,0,-109
1767173964.1842382,-2,-1,-110
1767173964.1942382,-3,-1,-111
1767173964.2042382,-5,1,-108
1767173964.2142382,-2,0,-113
1767173964.2242382,-1,1,-115
1767173964.234238,-5,0,-116
1767173964.244238,-5,3,-115
1767173964.254238,-6,9,-109
1767173964.264238,-7,8,-108
1767173964.274238,-1,9,-111
1767173964.284238,-3,4,-115
1767173964.294238,-2,1,-112
1767173964.304238,-4,0,-113
1767173964.314238,-4,-1,-113
1767173964.324238,-5,-1,-118
1767173964.334238,-1,-1,-120
1767173964.344238,-3,-3,-114
1767173964.3542385,-4,-2,-111
1767173964.3642385,0,-3,-116
1767173964.3742385,-1,-3,-114
1767173964.3842382,3,-1,-118
1767173964.3942382,3,0,-116
1767173964.4042382,1,0,-114
1767173964.4142382,3,-5,-118
1767173964.4242382,3,-2,-122
1767173964.4342382,1,-1,-128
1767173964.4442382,4,-1,-132
1767173964.4542382,0,-2,-124
1767173964.4642382,2,0,-123
1767173964.4742382,1,1,-125
1767173964.484238,0,0,-121
1767173964.494238,-4,0,-117
1767173964.504238,-9,-2,-118
1767173964.514238,-7,0,-121
1767173964.524238,-7,1,-110
1767173964.534238,-6,2,-119
1767173964.544238,-2,1,-119
1767173964.554238,-2,-1,-121
1767173964.564238,-2,-3,-124
1767173964.574238,-4,-3,-124
1767173964.584238,-7,-2,-125
1767173964.594238,-8,-1,-127
1767173964.6042385,-6,0,-127
1767173964.6142385,-6,0,-128
1767173964.6242385,-4,-2,-126
1767173964.6342382,-3,0,-121
1767173964.6442382,1,-1,-129
1767173964.6542382,3,-1,-132
1767173964.6642382,5,0,-131
1767173964.6742382,6,0,-130
1767173964.6842382,8,-3,-127
1767173964.6942382,4,-1,-123
1767173964.7042382,3,-3,-115
1767173964.7142382,6,-3,-116
1767173964.7242382,7,0,-117
1767173964.734238,7,0,-122
1767173964.744238,9,-2,-127
1767173964.754238,5,0,-122
1767173964.764238,4,-1,-122
1767173964.774238,2,-1,-123
1767173964.784238,8,4,-129
1767173964.794238,11,6,-129
1767173964.804238,8,2,-123
1767173964.814238,7,0,-123
1767173964.824238,6,0,-123
1767173964.834238,1,-1,-122
1767173964.844238,0,0,-116
1767173964.8542385,1,0,-119
1767173964.8652382,1,0,-120
1767173964.8752382,4,-1,-123
1767173964.8852382,8,-4,-126
1767173964.8942382,2,-3,-131
1767173964.9052382,0,-5,-134
1767173964.915238,-5,-7,-128
1767173964.925238,-6,-6,-125
1767173964.935238,-1,-7,-126
1767173964.945238,-1,-4,-125
1767173964.955238,0,-5,-127
1767173964.965238,0,-5,-129
1767173964.975238,1,-9,-136
1767173964.985238,0,-2,-137
1767173964.995238,0,0,-132
1767173965.005238,0,-3,-130
1767173965.015238,2,-3,-122
1767173965.025238,7,-2,-125
1767173965.0352385,0,-2,-124
1767173965.0452385,0,-3,-118
1767173965.0552382,1,0,-121
1767173965.0652382,3,0,-119
1767173965.0752382,1,-4,-126
1767173965.0852382,3,-5,-131
1767173965.0952382,1,-4,-128
1767173965.1052382,1,-6,-126
1767173965.1152382,2,-6,-129
1767173965.1252382,0,-5,-127
1767173965.1352382,0,-8,-129
1767173965.1452382,5,-6,-128
1767173965.1552382,10,-2,-124
1767173965.165238,5,-2,-123
1767173965.175238,7,-4,-119
1767173965.185238,5,-2,-121
1767173965.195238,2,-2,-121
1767173965.205238,3,0,-121
1767173965.215238,0,-2,-122
1767173965.225238,-2,-4,-125
1767173965.235238,-3,-1,-136
1767173965.245238,-6,0,-136
1767173965.255238,-2,0,-133
1767173965.265238,0,-4,-132
1767173965.275238,4,-10,-130
1767173965.2852385,0,-7,-131
1767173965.2952385,-3,-5,-131
1767173965.3052382,1,-5,-133
1767173965.3152382,0,-5,-139
1767173965.3252382,-3,-4,-131
1767173965.3352382,-4,-4,-126
1767173965.3452382,0,-6,-123
1767173965.3552382,3,-3,-119
1767173965.3652382,-2,2,-116
1767173965.3752382,-5,0,-114
1767173965.3852382,-1,0,-117
1767173965.3952382,-3,-1,-116
1767173965.4052382,-1,-2,-120
1767173965.415238,-1,-2,-114
1767173965.425238,-1,-3,-113
1767173965.435238,0,-6,-120
1767173965.445238,0,-6,-126
1767173965.455238,-3,-7,-125
1767173965.465238,0,-3,-123
1767173965.475238,2,-2,-120
1767173965.485238,2,-2,-122
1767173965.495238,-2,-5,-120
1767173965.505238,-3,-7,-118
1767173965.515238,0,-4,-115
1767173965.525238,0,-3,-114
1767173965.5352385,2,-2,-108
1767173965.5452385,3,-3,-110
1767173965.5552382,1,-2,-114
1767173965.5652382,-6,-6,-105
1767173965.5752382,-5,-2,-109
1767173965.5852382,-4,-5,-111
1767173965.5952382,-3,-9,-116
1767173965.6052382,-5,-13,-114
1767173965.6152382,-3,-7,-119
1767173965.6252382,0,-3,-115
1767173965.6352382,0,-5,-123
1767173965.6452382,0,0,-121
1767173965.6552382,3,-2,-118
1767173965.665238,5,-1,-123
1767173965.675238,7,-2,-126
1767173965.685238,1,-5,-127
1767173965.695238,-2,-2,-122
1767173965.705238,-2,-3,-117
1767173965.715238,-2,-4,-120
1767173965.725238,1,-4,-125
1767173965.735238,-3,-5,-123
1767173965.745238,-3,-7,-122
1767173965.755238,-1,-5,-115
1767173965.765238,0,-7,-111
1767173965.775238,-4,-7,-106
1767173965.7852385,-3,-3,-111
1767173965.7952385,-4,0,-112
1767173965.8052382,-7,0,-116
1767173965.8152382,-10,0,-116
1767173965.8252382,-7,-1,-116
1767173965.8352382,-7,-2,-125
1767173965.8452382,-2,-5,-126
1767173965.8552382,0,-2,-121
1767173965.8652382,1,0,-113
1767173965.8752382,2,0,-118
1767173965.8852382,4,-1,-113
1767173965.8952382,7,-3,-112
1767173965.9052382,8,-3,-110
1767173965.915238,7,-4,-116
1767173965.925238,8,-5,-122
1767173965.935238,8,-7,-121
1767173965.945238,11,-10,-118
1767173965.955238,8,-7,-121
1767173965.965238,5,-7,-122
1767173965.975238,4,-7,-121
1767173965.985238,3,-4,-121
1767173965.995238,6,2,-125
1767173966.005238,6,1,-121
1767173966.015238,4,-1,-122
1767173966.025238,4,-2,-122
1767173966.0352385,4,-8,-122
1767173966.0452385,0,-8,-123
1767173966.0552382,0,-6,-118
1767173966.0652382,0,-8,-121
1767173966.0752382,1,-9,-126
1767173966.0852382,4,-9,-123
1767173966.0952382,4,-2,-121
1767173966.1052382,1,-3,-122
1767173966.1152382,2,-4,-121
1767173966.1252382,0,0,-123
1767173966.1352382,0,0,-121
1767173966.1452382,-2,0,-122
1767173966.1552382,-1,0,-120
1767173966.165238,-1,-2,-125
1767173966.175238,-1,0,-119
1767173966.185238,-1,-1,-117
1767173966.195238,0,-2,-119
1767173966.205238,0,-3,-122
1767173966.215238,4,-2,-128
1767173966.225238,4,-3,-130
1767173966.235238,2,-2,-131
1767173966.245238,0,-2,-121
1767173966.255238,-1,-2,-121
1767173966.265238,-3,-4,-122
1767173966.275238,-2,-3,-124
1767173966.2852385,-1,-2,-131
1767173966.2952385,-4,-5,-127
1767173966.3052382,-5,-4,-127
1767173966.3152382,-1,-2,-121
1767173966.3252382,-3,0,-116
1767173966.3352382,-8,0,-115
1767173966.3452382,-13,-1,-113
1767173966.3552382,-9,-1,-116
1767173966.3652382,-1,-4,-113
1767173966.3752382,0,-6,-115
1767173966.3852382,-3,-6,-108
1767173966.3952382,0,-5,-109
1767173966.4052382,-1,-5,-115
1767173966.415238,-2,-8,-115
1767173966.425238,-4,-6,-112
1767173966.435238,-2,-7,-117
1767173966.445238,-5,-8,-122
1767173966.455238,-4,-6,-121
1767173966.465238,-2,-8,-115
1767173966.475238,0,-1,-115
1767173966.485238,0,2,-123
1767173966.495238,0,1,-126
1767173966.505238,1,1,-125
1767173966.515238,-1,2,-122
1767173966.525238,0,3,-122
1767173966.5352385,-4,0,-122
1767173966.5452385,-9,-3,-118
1767173966.5552382,-9,-4,-120
1767173966.5652382,-8,-4,-111
1767173966.5752382,-6,-4,-112
1767173966.5852382,-1,-5,-118
1767173966.5952382,-5,-5,-118
1767173966.6052382,-4,-3,-119
1767173966.6152382,-1,-5,-116
1767173966.6252382,0,-4,-118
1767173966.6352382,3,0,-125
1767173966.6452382,5,-2,-123
1767173966.6552382,0,-1,-125
1767173966.665238,-2,0,-129
1767173966.675238,-2,0,-135
1767173966.685238,-5,-1,-135
1767173966.695238,0,-4,-133
1767173966.705238,3,-4,-135
1767173966.715238,5,-3,-131
1767173966.725238,6,-2,-128
1767173966.735238,5,-5,-128
1767173966.745238,0,-2,-128
1767173966.755238,1,-1,-126
1767173966.765238,2,-2,-125
1767173966.775238,3,1,-126
1767173966.7852385,1,0,-128
1767173966.7952385,1,0,-133
1767173966.8052382,4,1,-139
1767173966.8152382,5,0,-135
1767173966.8252382,0,-1,-137
1767173966.8352382,0,0,-143
1767173966.8452382,-2,-3,-141
1767173966.8552382,-4,-6,-140
1767173966.8652382,0,-8,-138
1767173966.8752382,5,-9,-133
1767173966.8852382,5,-5,-127
1767173966.8952382,3,-5,-126
1767173966.9052382,2,-5,-136
1767173966.915238,-1,-4,-130
1767173966.925238,-1,-1,-129
1767173966.935238,0,0,-123
1767173966.945238,-2,-5,-124
1767173966.955238,-3,-4,-111
1767173966.965238,-7,-3,-109
1767173966.975238,-4,-3,-117
1767173966.985238,-1,-2,-119
1767173966.995238,-5,1,-116
1767173967.005238,-3,-2,-116
1767173967.015238,-2,-5,-115
1767173967.025238,-8,-5,-112
1767173967.0352385,-4,-6,-116
1767173967.0452385,-2,-9,-116
1767173967.067238,-3,-8,-110
1767173967.0752382,-3,-8,-110
1767173967.0852382,-1,-7,-112
1767173967.0952382,-3,-2,-121
1767173967.1052382,1,-3,-124
1767173967.1152382,3,2,-121
1767173967.1252382,2,4,-124
1767173967.1352382,1,1,-123
1767173967.1452382,0,-1,-125
1767173967.1552382,-2,0,-124
1767173967.165238,0,-6,-124
1767173967.175238,0,-6,-123
1767173967.185238,-3,-2,-123
1767173967.195238,-6,-6,-127
1767173967.205238,-12,2,-127
1767173967.215238,-16,2,-132
1767173967.225238,-14,-1,-126
1767173967.235238,-9,-2,-123
1767173967.245238,-3,-5,-119
1767173967.255238,2,-6,-114
1767173967.265238,1,-12,-112
1767173967.275238,2,-6,-111
1767173967.2852385,2,-5,-112
1767173967.2952385,1,-5,-116
1767173967.3052382,0,-9,-117
1767173967.3152382,1,-7,-126
1767173967.3252382,5,-7,-133
1767173967.3352382,7,-6,-126
1767173967.3452382,3,-9,-124
1767173967.3552382,2,-11,-122
1767173967.3652382,2,-6,-119
1767173967.3752382,0,-3,-124
1767173967.3852382,-2,-1,-127
1767173967.3952382,-3,-3,-127
1767173967.4052382,-7,-1,-128
1767173967.415238,-6,0,-131
1767173967.425238,1,-6,-134
1767173967.435238,2,-4,-133
1767173967.445238,2,-4,-137
1767173967.4562385,0,-5,-135
1767173967.465238,-5,-3,-133
1767173967.475238,-5,-1,-133
1767173967.485238,-7,-1,-134
1767173967.495238,-7,-2,-130
1767173967.5062382,-3,-5,-124
1767173967.5162382,-4,-6,-128
1767173967.5262382,-4,-5,-131
1767173967.5362382,-1,-6,-121
1767173967.5462382,-2,-9,-116
1767173967.5562382,-3,-9,-117
1767173967.5662382,-2,-6,-120
1767173967.5762382,3,-2,-126
1767173967.5852382,3,-3,-128
1767173967.596238,6,-3,-129
1767173967.606238,10,-1,-126
1767173967.616238,9,1,-128
1767173967.626238,7,-1,-125
1767173967.636238,1,2,-117
1767173967.646238,-3,2,-113
1767173967.656238,-2,2,-120
1767173967.666238,-4,-3,-120
1767173967.676238,-4,-7,-121
1767173967.686238,-5,-4,-132
1767173967.696238,-1,1,-130
1767173967.7062385,-5,-1,-125
1767173967.7162385,-7,0,-118
1767173967.7262385,-8,-3,-113
1767173967.7362382,-2,-5,-118
1767173967.7462382,-2,-2,-119
1767173967.7562382,-1,2,-120
1767173967.7662382,-2,4,-125
1767173967.7762382,0,5,-123
1767173967.7862382,2,1,-124
1767173967.7962382,2,1,-127
1767173967.8062382,3,5,-128
1767173967.8162382,4,3,-128
1767173967.8262382,2,2,-121
1767173967.836238,-2,5,-125
1767173967.846238,-1,4,-125
1767173967.856238,5,1,-119
1767173967.866238,3,0,-123
1767173967.876238,0,0,-119
1767173967.886238,0,-1,-121
1767173967.896238,0,-1,-125
1767173967.906238,0,0,-130
1767173967.916238,-6,-4,-126
1767173967.926238,-6,-3,-120
1767173967.936238,-3,-6,-116
1767173967.946238,2,-4,-113
1767173967.9562385,1,-4,-109
1767173967.9662385,-1,-2,-111
1767173967.9762385,-2,-1,-108
1767173967.9862382,-1,-2,-109
1767173967.9962382,-2,-4,-114
1767173968.0062382,-2,-3,-117
1767173968.0162382,-2,-8,-115
1767173968.0262382,0,-6,-116
1767173968.0362382,-2,-3,-115
1767173968.0462382,-4,-4,-115
1767173968.0562382,-1,-4,-118
1767173968.0662382,-2,-3,-123
1767173968.0762382,-4,-4,-123
1767173968.086238,-4,-2,-124
1767173968.096238,-4,3,-129
1767173968.106238,-2,2,-128
1767173968.116238,-1,5,-126
1767173968.126238,-1,5,-118
1767173968.136238,-1,8,-117
1767173968.146238,0,3,-122
1767173968.156238,-2,0,-120
1767173968.166238,-2,2,-120
1767173968.176238,1,-1,-125
1767173968.186238,-2,0,-124
1767173968.196238,0,2,-127
1767173968.2062385,0,0,-129
1767173968.2162385,1,1,-128
1767173968.2262385,4,-3,-128
1767173968.2362382,2,-3,-126
1767173968.2462382,3,-2,-130
1767173968.2562382,2,-3,-129
1767173968.2662382,6,-4,-125
1767173968.2762382,6,-5,-119
1767173968.2862382,6,-2,-117
1767173968.2962382,1,2,-121
1767173968.3062382,-1,-1,-120
1767173968.3162382,-4,-3,-114
1767173968.3262382,2,-5,-121
1767173968.336238,7,-4,-124
1767173968.346238,7,-4,-134
1767173968.356238,9,-1,-140
1767173968.366238,5,-3,-143
1767173968.376238,0,-7,-145
1767173968.386238,0,-6,-139
1767173968.396238,-1,-6,-134
1767173968.406238,-1,-1,-131
1767173968.416238,-4,-1,-122
1767173968.426238,-5,-5,-124
1767173968.436238,-4,-4,-120
1767173968.446238,-4,-7,-115
1767173968.4562385,-3,-7,-119
1767173968.4662385,-6,-6,-116
1767173968.4762385,-6,-7,-118
1767173968.4862382,-3,-5,-119
1767173968.4962382,-5,1,-120
1767173968.5062382,-5,0,-126
1767173968.5162382,-3,-1,-117
1767173968.5262382,0,0,-114
1767173968.5362382,1,0,-115
1767173968.5462382,1,3,-127
1767173968.5562382,6,3,-127
1767173968.5662382,5,0,-130
1767173968.5762382,2,4,-125
1767173968.586238,0,0,-126
1767173968.596238,0,3,-123
1767173968.606238,4,0,-124
1767173968.616238,3,0,-127
1767173968.626238,6,1,-127
1767173968.636238,4,-1,-131
1767173968.646238,0,0,-129
1767173968.656238,-1,0,-130
1767173968.666238,0,0,-127
1767173968.676238,1,-1,-126
1767173968.686238,2,-3,-123
1767173968.696238,-1,-4,-115
1767173968.7062385,1,-5,-118
1767173968.7162385,3,-5,-117
1767173968.7262385,0,-7,-111
1767173968.7362382,-1,-7,-116
1767173968.7462382,-2,-6,-121
1767173968.7562382,0,-6,-125
1767173968.7662382,0,-4,-128
1767173968.7762382,0,-9,-131
1767173968.7862382,-1,-12,-129
1767173968.7962382,0,-10,-131
1767173968.807238,0,-11,-129
1767173968.8162382,1,-13,-125
1767173968.8262382,0,-10,-136
1767173968.836238,1,-5,-135
1767173968.846238,-2,-5,-132
1767173968.856238,-5,0,-123
1767173968.866238,-7,0,-117
1767173968.876238,-4,0,-118
1767173968.886238,-4,-1,-120
1767173968.896238,-3,-1,-120
1767173968.906238,0,-1,-119
1767173968.916238,-1,0,-123
1767173968.926238,-1,0,-121
1767173968.936238,0,4,-123
1767173968.946238,0,3,-116
1767173968.9562385,3,-1,-121
1767173968.9662385,0,-1,-118
1767173968.9762385,-1,0,-126
1767173968.9862382,1,-5,-129
1767173968.9962382,6,-6,-129
1767173969.0062382,5,-2,-128
1767173969.0162382,1,-4,-128
1767173969.0262382,0,-4,-126
1767173969.0362382,0,-6,-124
1767173969.0462382,-1,-5,-121
1767173969.0562382,-4,-7,-122
1767173969.0662382,0,-5,-127
1767173969.0762382,-1,-7,-131
1767173969.086238,-3,-4,-127
1767173969.096238,-1,-2,-134
1767173969.106238,-2,-2,-141
1767173969.116238,-3,-4,-139
1767173969.126238,0,-3,-133
1767173969.136238,0,-5,-140
1767173969.146238,0,-2,-138
1767173969.156238,2,0,-132
1767173969.166238,2,0,-126
1767173969.176238,2,-1,-128
1767173969.186238,4,-1,-127
1767173969.196238,4,0,-127
1767173969.2062385,2,-3,-135
1767173969.2162385,-3,-7,-128
1767173969.2262385,-2,-2,-123
1767173969.2362382,0,2,-123
1767173969.2462382,0,2,-117
1767173969.2562382,0,-5,-120
1767173969.2662382,2,-4,-124
1767173969.2762382,3,-4,-122
1767173969.2862382,9,-2,-125
1767173969.2962382,2,-3,-128
1767173969.3062382,1,-2,-129
1767173969.3162382,-2,1,-130
1767173969.3262382,-7,0,-135
1767173969.336238,-3,1,-138
1767173969.346238,-3,2,-128
1767173969.356238,-1,1,-119
1767173969.366238,-7,0,-113
1767173969.376238,-8,4,-115
1767173969.386238,-7,2,-118
1767173969.396238,-11,1,-123
1767173969.406238,-6,-1,-126
1767173969.416238,-3,0,-118
1767173969.426238,-3,0,-118
1767173969.436238,2,-2,-119
1767173969.446238,-2,0,-127
1767173969.4562385,-4,0,-134
1767173969.4662385,-7,0,-135
1767173969.4762385,-7,-3,-135
1767173969.4862382,-4,-3,-135
1767173969.4962382,-3,-6,-134
1767173969.5062382,-6,-6,-134
1767173969.5162382,-10,-6,-136
1767173969.5262382,-4,0,-133
1767173969.5362382,-4,3,-130
1767173969.5462382,-1,5,-128
1767173969.5562382,0,4,-129
1767173969.5662382,0,3,-125
1767173969.5762382,-4,2,-129
1767173969.586238,-2,1,-131
1767173969.596238,-2,2,-132
1767173969.606238,-1,4,-124
1767173969.616238,1,3,-125
1767173969.626238,3,1,-132
1767173969.636238,2,1,-132
1767173969.646238,-1,3,-133
1767173969.656238,1,-1,-130
1767173969.666238,0,-4,-133
1767173969.676238,-2,-9,-136
1767173969.686238,2,-8,-138
1767173969.696238,4,-4,-139
1767173969.7062385,2,-5,-130
1767173969.7162385,4,-3,-122
1767173969.7262385,7,-7,-122
1767173969.7362382,7,-1,-125
1767173969.7462382,8,-3,-127
1767173969.7562382,7,-3,-127
1767173969.7662382,8,-2,-125
1767173969.7762382,7,-4,-126
1767173969.7862382,6,-7,-126
1767173969.7962382,6,-5,-125
1767173969.8062382,5,-5,-127
1767173969.8162382,4,-4,-126
1767173969.8262382,3,-8,-128
1767173969.836238,3,-6,-128
1767173969.846238,1,-7,-128
1767173969.856238,0,-3,-125
1767173969.866238,-1,-8,-125
1767173969.876238,-6,-5,-126
1767173969.886238,-1,-6,-133
1767173969.896238,0,-4,-136
1767173969.906238,0,-5,-130
1767173969.916238,1,-4,-128
1767173969.926238,3,-2,-132
1767173969.936238,8,-2,-133
1767173969.946238,6,-1,-140
1767173969.9562385,4,-2,-135
1767173969.9662385,5,-3,-131
1767173969.9762385,-1,1,-131
1767173969.9862382,-5,-1,-130
1767173969.9962382,-8,-1,-128
1767173970.0062382,-8,-2,-125
1767173970.0162382,-11,-5,-118
1767173970.0262382,-10,-3,-121
1767173970.0362382,-13,-3,-125
1767173970.0462382,-16,-2,-123
1767173970.0562382,-14,-2,-130
1767173970.0662382,-14,-2,-131
1767173970.0762382,-12,-3,-134
1767173970.086238,-7,-4,-128
1767173970.097238,-3,-5,-129
1767173970.107238,-4,-6,-128
1767173970.117238,-4,-6,-123
1767173970.127238,-2,-3,-121
1767173970.1372385,0,2,-129
1767173970.1472385,0,1,-131
1767173970.1572382,0,2,-125
1767173970.1672382,1,0,-133
1767173970.1772382,0,-1,-128
1767173970.1872382,0,-3,-135
1767173970.1972382,5,-3,-136
1767173970.2072382,5,0,-139
1767173970.2172382,7,-1,-137
1767173970.2272382,3,-1,-129
1767173970.2372382,1,-1,-126
1767173970.2472382,0,0,-127
1767173970.257238,-1,1,-126
1767173970.267238,5,3,-125
1767173970.277238,2,4,-124
1767173970.287238,-1,1,-129
1767173970.297238,-3,-2,-129
1767173970.307238,-2,-3,-140
1767173970.317238,-7,-2,-138
1767173970.327238,-7,0,-130
1767173970.337238,-10,-3,-124
1767173970.347238,-6,-3,-128
1767173970.357238,-2,-2,-130
1767173970.367238,0,1,-128
1767173970.377238,0,7,-128
1767173970.3872385,-1,7,-133
1767173970.3972385,0,5,-128
1767173970.4072382,-2,1,-127
1767173970.4172382,-2,2,-127
1767173970.4272382,-3,3,-131
1767173970.4372382,-2,-1,-123
1767173970.4472382,-1,-3,-124
1767173970.4572382,2,0,-129
1767173970.4672382,1,-1,-129
1767173970.4772382,-1,1,-125
1767173970.4872382,0,0,-117
1767173970.4972382,3,-1,-116
1767173970.507238,0,-3,-120
1767173970.517238,-5,2,-116
1767173970.527238,-8,2,-116
1767173970.537238,-5,0,-118
1767173970.547238,-6,-1,-117
1767173970.557238,-4,0,-124
1767173970.567238,-2,1,-130
1767173970.577238,-1,2,-131
1767173970.587238,-2,-2,-124
1767173970.597238,1,-6,-121
1767173970.607238,5,-6,-124
1767173970.617238,5,-1,-116
1767173970.627238,1,0,-114
1767173970.6372385,0,0,-115
1767173970.6472385,1,2,-117
1767173970.6572382,-1,3,-121
1767173970.6672382,-1,0,-120
1767173970.6772382,-1,5,-122
1767173970.6872382,1,5,-122
1767173970.6972382,-2,-2,-116
1767173970.7072382,0,-9,-121
1767173970.7172382,4,-5,-125
1767173970.7272382,-1,-4,-126
1767173970.7372382,-2,-2,-126
1767173970.7472382,-4,-4,-127
1767173970.757238,-3,-5,-127
1767173970.767238,-9,-2,-125
1767173970.777238,-4,-3,-127
1767173970.787238,-3,0,-122
1767173970.797238,-3,0,-127
1767173970.807238,-3,0,-125
1767173970.817238,-5,1,-128
1767173970.827238,-9,2,-128
1767173970.837238,-6,2,-129
1767173970.847238,-8,4,-137
1767173970.857238,-7,2,-134
1767173970.867238,-9,0,-134
1767173970.877238,-7,-3,-131
1767173970.8872385,-2,0,-129
1767173970.8972385,0,0,-131
1767173970.9072382,-1,0,-137
1767173970.9172382,-5,-5,-133
1767173970.9272382,-2,-7,-126
1767173970.9372382,2,-5,-119
1767173970.9472382,2,-6,-116
1767173970.9572382,5,-5,-119
1767173970.9672382,7,-6,-118
1767173970.9772382,11,-3,-118
1767173970.9872382,10,-3,-122
1767173970.9972382,9,-3,-122
1767173971.007238,10,-1,-125
1767173971.017238,7,0,-121
1767173971.027238,7,0,-121
1767173971.037238,4,-1,-126
1767173971.047238,2,0,-121
1767173971.057238,1,-1,-122
1767173971.067238,0,-4,-123
1767173971.077238,0,-8,-122
1767173971.087238,4,-5,-125
1767173971.097238,5,-1,-127
1767173971.107238,3,-2,-122
1767173971.117238,1,1,-123
1767173971.127238,1,4,-122
1767173971.1372385,2,0,-118
1767173971.1472385,5,3,-122
1767173971.1572382,-3,-1,-121
1767173971.1672382,-7,-1,-123
1767173971.1772382,-8,-2,-127
1767173971.1872382,-8,-4,-131
1767173971.1972382,-7,-3,-129
1767173971.2072382,-9,-5,-131
1767173971.2172382,-10,-6,-128
1767173971.2272382,-8,-10,-128
1767173971.2372382,-5,-7,-123
1767173971.2472382,-4,-8,-117
1767173971.257238,-7,-10,-114
1767173971.267238,-6,-15,-120
1767173971.277238,-6,-11,-120
1767173971.287238,-10,-12,-118
1767173971.297238,-10,-6,-119
1767173971.307238,-8,-1,-121
1767173971.317238,-7,0,-120
1767173971.327238,-2,-2,-118
1767173971.337238,3,-3,-114
1767173971.347238,0,-2,-125
1767173971.357238,0,-3,-116
1767173971.367238,0,-3,-115
1767173971.377238,-4,-1,-119
1767173971.3872385,-6,0,-126
1767173971.3972385,-2,2,-125
1767173971.4072382,0,2,-125
1767173971.4172382,4,1,-121
1767173971.4272382,3,1,-122
1767173971.4372382,4,1,-121
1767173971.4472382,5,-3,-118
1767173971.4572382,2,-3,-117
1767173971.4672382,1,-2,-112
1767173971.4772382,-3,-4,-122
1767173971.4872382,-1,-2,-126
1767173971.4972382,-1,0,-122
1767173971.507238,-1,0,-125
1767173971.517238,-1,-2,-122
1767173971.527238,-3,-4,-118
1767173971.537238,-1,0,-118
1767173971.547238,0,0,-121
1767173971.557238,-1,0,-125
1767173971.567238,4,-1,-123
1767173971.577238,5,-7,-118
1767173971.587238,3,-10,-121
1767173971.597238,0,-12,-122
1767173971.607238,-3,-9,-122
1767173971.617238,-2,-7,-115
1767173971.627238,0,-5,-120
1767173971.6372385,-3,-1,-121
1767173971.6472385,2,-1,-120
1767173971.6572382,4,-1,-121
1767173971.6672382,3,3,-126
1767173971.6772382,5,-1,-125
1767173971.6872382,6,-1,-122
1767173971.6972382,5,0,-123
1767173971.7072382,3,0,-127
1767173971.7172382,0,-2,-124
1767173971.7272382,0,0,-122
1767173971.7372382,-5,1,-121
1767173971.7472382,-5,3,-117
1767173971.757238,-6,2,-120
1767173971.767238,-4,0,-123
1767173971.777238,-6,-3,-122
1767173971.787238,-4,-4,-125
1767173971.797238,-1,-5,-137
1767173971.807238,0,-2,-137
1767173971.817238,-1,0,-132
1767173971.827238,-4,-5,-127
1767173971.837238,-4,-7,-123
1767173971.847238,-4,-3,-128
1767173971.857238,-7,-4,-134
1767173971.867238,-5,-3,-135
1767173971.877238,-2,-5,-134
1767173971.8872385,-3,-4,-134
1767173971.8972385,-2,-5,-131
1767173971.9072382,1,-6,-129
1767173971.9172382,-3,-2,-125
1767173971.9272382,-3,-3,-126
1767173971.9372382,-5,0,-129
1767173971.9472382,-1,5,-131
1767173971.9572382,1,4,-129
1767173971.9672382,0,0,-125
1767173971.9772382,3,-2,-120
1767173971.9872382,0,-3,-124
1767173971.9972382,2,-3,-120
1767173972.007238,1,-2,-119
1767173972.017238,0,-2,-125
1767173972.027238,-1,-1,-130
1767173972.037238,-1,-1,-126
1767173972.047238,-1,0,-130
1767173972.057238,0,-2,-132
1767173972.0792382,-1,-3,-127
1767173972.087238,1,-5,-129
1767173972.097238,0,-7,-126
1767173972.107238,-2,-5,-127
1767173972.117238,-3,-5,-127
1767173972.127238,-3,-3,-126
1767173972.1372385,-1,-5,-127
1767173972.1472385,4,-10,-127
1767173972.1572382,1,-6,-124
1767173972.1672382,5,-5,-123
1767173972.1772382,2,-4,-125
1767173972.1872382,0,-3,-124
1767173972.1972382,-1,-2,-124
1767173972.2072382,-4,-4,-129
1767173972.2172382,-4,-3,-127
1767173972.2272382,4,-3,-131
1767173972.2372382,1,-2,-134
1767173972.2472382,4,-3,-131
1767173972.257238,0,0,-125
1767173972.267238,1,0,-112
1767173972.277238,0,-3,-116
1767173972.287238,-2,-2,-116
1767173972.297238,-2,0,-114
1767173972.307238,-4,-6,-118
1767173972.317238,0,-2,-115
1767173972.327238,3,-6,-119
1767173972.337238,0,-5,-114
1767173972.347238,0,-5,-116
1767173972.357238,6,-8,-116
1767173972.367238,3,-6,-125
1767173972.377238,1,-2,-125
1767173972.3872385,0,-3,-124
1767173972.3972385,0,-5,-119
1767173972.4072382,0,-2,-124
1767173972.4172382,-4,0,-133
1767173972.4272382,-5,2,-130
1767173972.4372382,-3,2,-124
1767173972.4472382,1,0,-127
1767173972.4572382,0,-2,-120
1767173972.4672382,2,-3,-123
1767173972.4772382,3,-4,-119
1767173972.4872382,5,-4,-119
1767173972.4972382,3,-7,-116
1767173972.507238,-3,-4,-116
1767173972.517238,-1,-4,-114
1767173972.527238,2,-4,-113
1767173972.537238,3,-5,-115
1767173972.547238,-2,-1,-116
1767173972.557238,-5,-1,-117
1767173972.567238,1,0,-120
1767173972.577238,5,0,-122
1767173972.587238,5,0,-120
1767173972.597238,-2,-2,-119
1767173972.607238,-1,0,-118
1767173972.617238,0,0,-123
1767173972.627238,-1,-2,-126
1767173972.6372385,-4,-4,-126
1767173972.6472385,-5,-3,-129
1767173972.6572382,-3,-4,-129
1767173972.6672382,-2,-5,-126
1767173972.6772382,-1,-1,-123
1767173972.6872382,3,0,-127
1767173972.6972382,1,-1,-133
1767173972.7072382,0,-4,-134
1767173972.718238,0,-3,-125
1767173972.728238,-1,-4,-125
1767173972.7372382,-3,-3,-119
1767173972.7472382,-3,-7,-119
1767173972.758238,-2,-3,-118
1767173972.767238,1,0,-112
1767173972.778238,4,0,-107
1767173972.788238,4,2,-109
1767173972.798238,8,4,-111
1767173972.8082385,11,0,-112
1767173972.8182385,8,-1,-116
1767173972.8282382,5,0,-117
1767173972.8382382,4,0,-119
1767173972.8482382,2,0,-114
1767173972.8582382,-3,-3,-120
1767173972.8682382,-3,-5,-118
1767173972.8782382,-6,-7,-126
1767173972.8882382,-4,-6,-128
1767173972.8982382,-7,-7,-130
1767173972.9082382,-8,-4,-130
1767173972.9182382,-4,-3,-126
1767173972.9282382,-8,-1,-123
1767173972.938238,-6,-4,-120
1767173972.948238,0,-3,-117
1767173972.958238,2,-5,-122
1767173972.968238,5,-6,-125
1767173972.978238,1,-3,-121
1767173972.988238,-2,0,-127
1767173972.998238,-1,0,-126
1767173973.008238,2,-1,-119
1767173973.018238,2,-2,-116
1767173973.028238,-1,-3,-116
1767173973.038238,-4,-3,-115
1767173973.048238,-6,0,-114
1767173973.0582385,-4,3,-120
1767173973.0682385,-5,1,-123
1767173973.0782382,-8,-1,-117
1767173973.0882382,-8,-3,-120
1767173973.0982382,-6,-1,-124
1767173973.1082382,0,2,-119
1767173973.1182382,-2,2,-120
1767173973.1282382,-4,-1,-122
1767173973.1382382,-2,-7,-116
1767173973.1482382,0,-11,-118
1767173973.1582382,0,-11,-119
1767173973.1682382,0,-6,-120
1767173973.1782382,-1,-6,-121
1767173973.188238,1,-2,-119
1767173973.198238,4,1,-122
1767173973.208238,0,-2,-117
1767173973.218238,0,-2,-118
1767173973.228238,2,0,-115
1767173973.238238,1,0,-114
1767173973.248238,-3,0,-115
1767173973.258238,-5,4,-115
1767173973.268238,-4,0,-111
1767173973.278238,-2,-2,-105
1767173973.288238,-3,-2,-108
1767173973.298238,-5,1,-110
1767173973.3082385,-2,2,-119
1767173973.3182385,0,3,-123
1767173973.3282382,0,1,-121
1767173973.3382382,2,-1,-119
1767173973.3482382,-2,0,-115
1767173973.3582382,-5,-1,-114
1767173973.3682382,-5,-2,-117
1767173973.3782382,-2,-3,-118
1767173973.3882382,-4,-5,-116
1767173973.3982382,-2,-6,-115
1767173973.4082382,-4,-4,-118
1767173973.4182382,0,-1,-120
1767173973.4282382,4,1,-123
1767173973.438238,7,-1,-124
1767173973.448238,-1,-4,-124
1767173973.458238,0,-4,-125
1767173973.468238,3,-2,-123
1767173973.478238,2,-6,-127
1767173973.488238,2,-5,-132
1767173973.498238,0,-6,-123
1767173973.508238,0,-4,-125
1767173973.518238,0,0,-117
1767173973.528238,2,-1,-118
1767173973.538238,3,-4,-117
1767173973.548238,6,-10,-118
1767173973.5582385,2,-6,-117
1767173973.5682385,0,-4,-115
1767173973.5782382,1,0,-115
1767173973.5882382,1,0,-122
1767173973.5982382,1,1,-125
1767173973.6082382,2,1,-122
1767173973.6182382,2,-1,-125
1767173973.6282382,0,-5,-132
1767173973.6382382,-2,-7,-133
1767173973.6482382,2,-4,-132
1767173973.6582382,3,-4,-131
1767173973.6682382,1,-4,-130
1767173973.6782382,6,-5,-135
1767173973.688238,6,-5,-126
1767173973.698238,2,-7,-129
1767173973.708238,2,-3,-133
1767173973.718238,0,-1,-139
1767173973.728238,1,0,-129
1767173973.738238,0,0,-121
1767173973.748238,1,4,-119
1767173973.758238,3,1,-118
1767173973.768238,4,1,-120
1767173973.778238,1,0,-120
1767173973.788238,2,-3,-122
1767173973.798238,0,-3,-128
1767173973.8082385,-3,-2,-134
1767173973.8182385,-4,-4,-126
1767173973.8282382,0,-4,-127
1767173973.8382382,1,-3,-120
1767173973.8482382,-1,0,-116
1767173973.8582382,3,-1,-112
1767173973.8682382,0,-2,-114
1767173973.8782382,5,-1,-121
1767173973.8882382,1,0,-119
1767173973.8982382,2,2,-122
1767173973.9082382,-1,2,-126
1767173973.9182382,0,-1,-123
1767173973.9282382,-2,0,-126
1767173973.938238,-6,-8,-129
1767173973.948238,-9,-6,-128
1767173973.958238,-11,-7,-126
1767173973.968238,-9,-5,-125
1767173973.978238,-7,-2,-125
1767173973.988238,-2,-1,-131
1767173973.998238,0,-5,-127
1767173974.008238,-5,-4,-125
1767173974.018238,-4,-4,-128
1767173974.028238,-6,0,-126
1767173974.038238,-8,1,-133
1767173974.048238,-3,-3,-134
1767173974.0582385,-4,-4,-138
1767173974.0682385,-4,-3,-141
1767173974.0782382,-8,-3,-135
1767173974.0882382,-5,-4,-129
1767173974.0982382,-3,-7,-127
1767173974.1082382,-6,-6,-127
1767173974.1182382,-1,-8,-127
1767173974.1282382,-3,-5,-132
1767173974.1382382,0,0,-126
1767173974.1482382,-1,0,-129
1767173974.1582382,-4,2,-129
1767173974.1682382,-8,5,-125
1767173974.1782382,-11,3,-121
1767173974.188238,-9,1,-117
1767173974.198238,-6,3,-115
1767173974.208238,-3,4,-115
1767173974.218238,-3,0,-115
1767173974.228238,-2,0,-120
1767173974.238238,-2,-3,-119
1767173974.248238,-2,-1,-120
1767173974.258238,-1,0,-126
1767173974.268238,0,0,-123
1767173974.278238,0,2,-121
1767173974.288238,2,4,-124
1767173974.298238,-1,0,-133
1767173974.3082385,-2,-2,-127
1767173974.3182385,-5,-3,-125
1767173974.3282382,-8,0,-119
1767173974.3382382,-11,-1,-115
1767173974.3482382,-7,-2,-111
1767173974.3582382,-6,-4,-121
1767173974.3682382,0,-3,-123
1767173974.3782382,-5,-2,-116
1767173974.3882382,-5,-1,-113
1767173974.3982382,-5,-1,-115
1767173974.4082382,-1,2,-115
1767173974.4182382,0,1,-113
1767173974.4282382,-1,0,-112
1767173974.438238,4,1,-115
1767173974.448238,1,-2,-115
1767173974.458238,2,-5,-113
1767173974.468238,1,0,-110
1767173974.478238,-1,4,-113
1767173974.488238,-2,4,-111
1767173974.498238,1,0,-114
1767173974.508238,4,1,-120
1767173974.518238,5,0,-121
1767173974.528238,5,-3,-120
1767173974.538238,2,0,-121
1767173974.548238,0,3,-117
1767173974.5582385,-1,2,-116
1767173974.5682385,3,2,-120
1767173974.5782382,5,3,-114
1767173974.5882382,7,2,-117
1767173974.5982382,6,1,-116
1767173974.6082382,0,0,-114
1767173974.6182382,-1,-2,-121
1767173974.6282382,-1,-1,-126
1767173974.6382382,-2,0,-125
1767173974.6482382,0,-1,-119
1767173974.6582382,3,0,-117
1767173974.6682382,0,0,-115
1767173974.6782382,4,-3,-111
1767173974.688238,5,-4,-116
1767173974.698238,3,0,-120
1767173974.708238,2,-4,-119
1767173974.718238,-1,-6,-125
1767173974.728238,3,-5,-128
1767173974.738238,1,-4,-134
1767173974.748238,2,-5,-131
1767173974.758238,3,-6,-128
1767173974.768238,0,-9,-129
1767173974.778238,0,-7,-121
1767173974.788238,2,-3,-118
1767173974.798238,0,-1,-120
1767173974.8082385,-3,-2,-119
1767173974.8182385,-4,-1,-128
1767173974.8282382,0,0,-136
1767173974.8382382,-2,-2,-141
1767173974.8482382,-4,-2,-138
1767173974.8582382,0,-1,-133
1767173974.8682382,0,-2,-129
1767173974.8782382,0,-1,-126
1767173974.8882382,-1,-1,-120
1767173974.8982382,0,-7,-123
1767173974.9082382,0,-4,-114
1767173974.9182382,0,-2,-123
1767173974.9282382,-1,1,-125
1767173974.938238,0,-1,-129
1767173974.948238,0,0,-120
1767173974.958238,-1,0,-116
1767173974.968238,-4,1,-118
1767173974.978238,-3,0,-123
1767173974.988238,-4,1,-127
1767173974.998238,0,0,-126
1767173975.008238,-2,2,-125
1767173975.018238,-3,4,-118
1767173975.028238,-2,1,-121
1767173975.038238,0,0,-121
1767173975.048238,-3,2,-119
1767173975.0582385,-4,3,-120
1767173975.0682385,-1,5,-121
1767173975.0782382,0,3,-121
1767173975.0882382,2,0,-122
1767173975.0982382,-2,0,-118
1767173975.1082382,0,0,-124
1767173975.1182382,0,0,-132
1767173975.1282382,0,-1,-131
1767173975.1382382,4,3,-119
1767173975.1482382,2,1,-122
1767173975.1582382,5,0,-129
1767173975.1682382,2,1,-133
1767173975.1782382,2,0,-134
1767173975.188238,8,-2,-130
1767173975.198238,6,-1,-130
1767173975.208238,6,0,-127
1767173975.218238,6,-1,-124
1767173975.228238,4,0,-124
1767173975.238238,1,0,-129
1767173975.248238,6,-3,-128
1767173975.258238,7,0,-125
1767173975.268238,6,2,-124
1767173975.278238,6,0,-116
1767173975.288238,2,1,-111
1767173975.298238,1,0,-118
1767173975.3082385,0,-3,-125
1767173975.3182385,1,-6,-131
1767173975.3282382,3,-7,-130
1767173975.3382382,2,-7,-129
1767173975.3482382,2,-7,-131
1767173975.3582382,3,-7,-131
1767173975.3682382,5,-6,-126
1767173975.379238,5,-4,-126
1767173975.389238,2,-4,-128
1767173975.3982382,1,-4,-133
1767173975.409238,2,-4,-130
1767173975.419238,6,-8,-127
1767173975.429238,10,-11,-122
1767173975.439238,12,-10,-119
1767173975.449238,11,-11,-115
1767173975.459238,11,-11,-116
1767173975.469238,10,-7,-120
1767173975.4792385,6,-4,-119
1767173975.4892385,1,0,-120
1767173975.4992385,0,0,-121
1767173975.5092382,1,4,-127
1767173975.5192382,5,5,-125
1767173975.5292382,1,8,-129
1767173975.5392382,0,6,-132
1767173975.5492382,1,5,-131
1767173975.5592382,0,5,-126
1767173975.5692382,1,1,-127
1767173975.5792382,0,-1,-131
1767173975.5892382,-1,0,-129
1767173975.5992382,1,4,-132
1767173975.609238,0,5,-127
1767173975.619238,0,5,-128
1767173975.629238,-2,4,-129
1767173975.639238,-7,1,-126
1767173975.649238,-7,0,-126
1767173975.659238,-7,1,-123
1767173975.669238,-5,-1,-120
1767173975.679238,-4,-3,-125
1767173975.689238,-9,-4,-123
1767173975.699238,-10,-5,-127
1767173975.709238,-8,-6,-129
1767173975.719238,-12,-6,-130
1767173975.7292385,-11,-10,-124
1767173975.7392385,-7,-9,-127
1767173975.7492385,-8,-7,-127
1767173975.7592382,-4,-6,-126
1767173975.7692382,-3,-7,-123
1767173975.7792382,-3,-7,-129
1767173975.7892382,1,-6,-132
1767173975.7992382,3,-3,-121
1767173975.8092382,2,-7,-117
1767173975.8192382,-1,-1,-118
1767173975.8292382,-1,-2,-124
1767173975.8392382,0,-8,-131
1767173975.8492382,5,-3,-131
1767173975.859238,7,-2,-131
1767173975.869238,6,3,-124
1767173975.879238,5,4,-123
1767173975.889238,4,2,-127
1767173975.899238,5,-1,-129
1767173975.909238,4,-1,-131
1767173975.919238,4,0,-132
1767173975.929238,0,-2,-129
1767173975.939238,-3,-3,-125
1767173975.949238,-3,-5,-120
1767173975.959238,0,-8,-120
1767173975.969238,-1,-9,-118
1767173975.9792385,3,-6,-125
1767173975.9892385,5,-5,-127
1767173975.9992385,3,0,-131
1767173976.0092382,-2,1,-131
1767173976.0192382,2,0,-138
1767173976.0292382,0,-1,-139
1767173976.0392382,-2,-1,-128
1767173976.0492382,-4,-2,-122
1767173976.0592382,-1,-1,-120
1767173976.0692382,0,0,-129
1767173976.0792382,-1,-2,-125
1767173976.0892382,1,-3,-126
1767173976.0992382,2,-4,-130
1767173976.109238,0,-4,-136
1767173976.119238,0,-6,-138
1767173976.129238,0,-4,-139
1767173976.139238,0,-3,-134
1767173976.149238,-5,0,-135
1767173976.159238,-6,0,-130
1767173976.169238,-8,0,-125
1767173976.179238,-9,-1,-121
1767173976.189238,-9,-4,-125
1767173976.199238,-7,-3,-132
1767173976.209238,-7,-3,-134
1767173976.219238,-4,-5,-135
1767173976.2292385,-2,-1,-134
1767173976.2392385,-1,-1,-131
1767173976.2492385,-2,0,-126
1767173976.2592382,-4,1,-124
1767173976.2692382,-1,2,-128
1767173976.2792382,0,0,-128
1767173976.2892382,-3,0,-124
1767173976.2992382,-3,1,-128
1767173976.3092382,1,0,-131
1767173976.3192382,3,1,-132
1767173976.3292382,6,0,-127
1767173976.3392382,2,0,-120
1767173976.3492382,3,0,-116
1767173976.359238,6,-3,-111
1767173976.369238,7,-3,-118
1767173976.379238,6,-3,-117
1767173976.389238,4,0,-121
1767173976.399238,2,-1,-121
1767173976.409238,5,0,-122
1767173976.419238,3,-4,-128
1767173976.429238,6,-2,-128
1767173976.439238,5,-2,-132
1767173976.449238,3,-3,-132
1767173976.459238,0,-2,-130
1767173976.469238,0,0,-122
1767173976.4792385,-2,1,-126
1767173976.4892385,0,2,-127
1767173976.4992385,-3,1,-124
1767173976.5092382,-3,-3,-120
1767173976.5192382,-6,-4,-120
1767173976.5292382,-6,-4,-124
1767173976.5392382,0,-2,-127
1767173976.5492382,0,-4,-130
1767173976.5592382,0,-3,-134
1767173976.5692382,1,0,-135
1767173976.5792382,-3,0,-133
1767173976.5892382,-6,-1,-127
1767173976.5992382,-7,1,-127
1767173976.609238,-5,0,-128
1767173976.619238,-3,1,-126
1767173976.629238,0,2,-124
1767173976.639238,0,1,-118
1767173976.649238,6,6,-125
1767173976.659238,5,5,-127
1767173976.669238,5,3,-125
1767173976.679238,5,5,-130
1767173976.689238,0,5,-133
1767173976.699238,-2,2,-132
1767173976.709238,0,0,-131
1767173976.719238,6,-1,-128
1767173976.7292385,10,-2,-127
1767173976.7392385,10,-1,-117
1767173976.7492385,3,-3,-121
1767173976.7592382,1,-2,-128
1767173976.7692382,-2,-2,-127
1767173976.7792382,0,-4,-127
1767173976.7892382,2,-3,-130
1767173976.7992382,0,-2,-134
1767173976.8092382,1,-1,-130
1767173976.8192382,3,-6,-125
1767173976.8292382,0,-6,-122
1767173976.8392382,-3,-4,-117
1767173976.8492382,-8,-3,-118
1767173976.859238,-4,-5,-120
1767173976.869238,-3,-2,-121
1767173976.879238,-1,-2,-125
1767173976.889238,1,0,-125
1767173976.899238,-3,-1,-125
1767173976.909238,-2,1,-122
1767173976.919238,-5,5,-122
1767173976.929238,-2,6,-123
1767173976.939238,1,2,-127
1767173976.949238,0,0,-126
1767173976.959238,1,-4,-125
1767173976.969238,3,-5,-125
1767173976.9792385,3,-3,-125
1767173976.9892385,0,-1,-122
1767173976.9992385,0,-5,-121
1767173977.0092382,0,-2,-117
1767173977.0192382,0,-3,-121
1767173977.0292382,2,-1,-116
1767173977.0392382,0,-2,-121
1767173977.0492382,0,-1,-124
1767173977.0592382,0,0,-122
1767173977.0692382,0,0,-127
1767173977.090238,0,1,-131
1767173977.0992382,0,-3,-132
1767173977.109238,4,-3,-124
1767173977.119238,4,-4,-127
1767173977.129238,2,-2,-135
1767173977.139238,0,-5,-137
1767173977.149238,0,-6,-127
1767173977.159238,4,-6,-118
1767173977.169238,-1,-11,-114
1767173977.179238,-2,-13,-115
1767173977.189238,-6,-7,-114
1767173977.199238,-5,-9,-115
1767173977.209238,-5,-4,-115
1767173977.219238,-5,-2,-121
1767173977.2292385,-3,-2,-123
1767173977.2392385,-3,-1,-123
1767173977.2492385,-1,0,-126
1767173977.2592382,7,-1,-124
1767173977.2692382,2,-1,-124
1767173977.2792382,1,0,-130
1767173977.2892382,5,0,-134
1767173977.2992382,4,4,-135
1767173977.3092382,-1,1,-131
1767173977.3192382,-3,-2,-130
1767173977.3292382,0,-3,-136
1767173977.3392382,0,0,-140
1767173977.3492382,-1,-1,-130
1767173977.359238,-2,1,-128
1767173977.369238,3,0,-129
1767173977.379238,3,0,-132
1767173977.389238,5,1,-129
1767173977.399238,1,0,-127
1767173977.409238,3,-2,-127
1767173977.419238,-1,-6,-122
1767173977.429238,-2,-8,-121
1767173977.439238,1,-6,-122
1767173977.449238,-3,-4,-123
1767173977.459238,-3,-6,-130
1767173977.469238,-4,-6,-126
1767173977.4792385,-3,-6,-124
1767173977.4892385,-4,-4,-124
1767173977.4992385,-2,-6,-128
1767173977.5092382,5,-5,-128
1767173977.5192382,2,-3,-129
1767173977.5292382,3,-4,-132
1767173977.5392382,4,-6,-132
1767173977.5492382,7,-7,-133
1767173977.5592382,5,-8,-129
1767173977.5692382,3,-9,-121
1767173977.5792382,1,-7,-128
1767173977.5892382,1,-5,-130
1767173977.5992382,3,-3,-121
1767173977.609238,-1,-6,-128
1767173977.619238,-1,-5,-129
1767173977.629238,1,-9,-126
1767173977.639238,-1,-11,-117
1767173977.649238,-2,-8,-123
1767173977.659238,-1,-3,-119
1767173977.669238,-2,0,-126
1767173977.679238,-2,0,-119
1767173977.689238,0,2,-116
1767173977.699238,4,6,-122
1767173977.709238,3,3,-129
1767173977.719238,4,3,-130
1767173977.7292385,5,0,-130
1767173977.7392385,2,3,-127
1767173977.7492385,0,2,-123
1767173977.7592382,-1,0,-127
1767173977.7692382,2,-4,-130
1767173977.7792382,0,-2,-133
1767173977.7892382,-1,0,-133
1767173977.7992382,0,-5,-128
1767173977.8092382,3,-4,-124
1767173977.8192382,1,-7,-128
1767173977.8292382,0,-6,-130
1767173977.8392382,0,-4,-131
1767173977.8492382,0,-3,-127
1767173977.859238,1,-6,-129
1767173977.869238,2,-2,-128
1767173977.879238,3,0,-126
1767173977.889238,-3,1,-128
1767173977.899238,-1,0,-126
1767173977.909238,0,-2,-126
1767173977.919238,-1,0,-128
1767173977.929238,1,3,-126
1767173977.939238,4,3,-134
1767173977.949238,3,5,-132
1767173977.959238,4,1,-127
1767173977.969238,6,-2,-128
1767173977.9792385,7,0,-125
1767173977.9892385,8,-4,-120
1767173977.9992385,2,-3,-115
1767173978.0092382,-1,-3,-112
1767173978.0192382,2,-2,-112
1767173978.0292382,5,-4,-116
1767173978.0392382,2,-1,-113
1767173978.050238,1,1,-114
1767173978.060238,3,0,-115
1767173978.070238,3,0,-116
1767173978.080238,0,-3,-127
1767173978.090238,5,-6,-131
1767173978.100238,0,-6,-131
1767173978.110238,2,-5,-127
1767173978.120238,0,-7,-128
1767173978.130238,0,-10,-125
1767173978.140238,0,-6,-123
1767173978.150238,1,-5,-128
1767173978.1602385,3,-7,-130
1767173978.1702385,5,-10,-128
1767173978.1802382,7,-8,-122
1767173978.1902382,2,-6,-116
1767173978.2002382,0,-5,-116
1767173978.2102382,1,-1,-122
1767173978.2202382,2,-1,-124
1767173978.2302382,5,2,-126
1767173978.2402382,2,3,-125
1767173978.2502382,1,4,-123
1767173978.2602382,1,1,-123
1767173978.2702382,1,2,-115
1767173978.2802382,3,3,-120
1767173978.290238,3,-1,-120
1767173978.300238,-4,-4,-112
1767173978.310238,-4,-5,-116
1767173978.320238,-3,-6,-116
1767173978.330238,-2,-9,-112
1767173978.340238,-2,-8,-114
1767173978.350238,-4,-8,-117
1767173978.360238,1,-5,-123
1767173978.370238,3,0,-129
1767173978.380238,4,1,-129
1767173978.390238,0,-2,-127
1767173978.400238,1,-2,-126
1767173978.4102385,-2,-5,-131
1767173978.4202385,-2,-4,-129
1767173978.4302382,-1,0,-133
1767173978.4402382,-4,1,-139
1767173978.4502382,-5,-1,-134
1767173978.4602382,0,-2,-133
1767173978.4702382,-1,-5,-131
1767173978.4802382,1,-2,-129
1767173978.4902382,2,-3,-119
1767173978.5002382,0,-2,-122
1767173978.5102382,0,-4,-131
1767173978.5202382,2,-7,-135
1767173978.5302382,4,-1,-132
1767173978.540238,4,2,-133
1767173978.550238,1,-1,-131
1767173978.560238,4,-7,-129
1767173978.570238,4,-4,-127
1767173978.580238,3,-4,-128
1767173978.590238,0,-2,-123
1767173978.600238,-1,-9,-123
1767173978.610238,0,-10,-127
1767173978.620238,-2,-8,-122
1767173978.630238,-2,-3,-121
1767173978.640238,-7,-1,-117
1767173978.650238,-6,1,-120
1767173978.6602385,-6,5,-123
1767173978.6702385,-4,5,-124
1767173978.6802382,-4,2,-118
1767173978.6902382,-5,0,-124
1767173978.7002382,-8,1,-131
1767173978.7102382,-5,0,-139
1767173978.7202382,-5,-3,-141
1767173978.7302382,-7,-3,-134
1767173978.7402382,-4,0,-131
1767173978.7502382,-4,0,-127
1767173978.7602382,0,1,-122
1767173978.7702382,3,-2,-127
1767173978.7802382,1,-6,-134
1767173978.790238,0,-3,-130
1767173978.800238,-2,-4,-129
1767173978.810238,4,-4,-131
1767173978.820238,3,-6,-131
1767173978.830238,0,-7,-123
1767173978.840238,-1,-1,-120
1767173978.850238,0,-1,-116
1767173978.860238,-8,-1,-119
1767173978.870238,-5,-2,-119
1767173978.880238,-9,-4,-119
1767173978.890238,-8,-2,-113
1767173978.900238,-8,0,-113
1767173978.9102385,-8,1,-119
1767173978.9202385,-4,5,-116
1767173978.9302382,0,8,-113
1767173978.9402382,1,4,-119
1767173978.9502382,2,4,-124
1767173978.9602382,0,0,-122
1767173978.9702382,1,-1,-118
1767173978.9802382,0,-3,-123
1767173978.9902382,4,-5,-131
1767173979.0002382,4,-6,-125
1767173979.0102382,5,-10,-128
1767173979.0202382,1,-12,-130
1767173979.0302382,3,-9,-123
1767173979.040238,0,0,-123
1767173979.050238,-1,0,-125
1767173979.060238,-3,2,-118
1767173979.070238,-6,0,-113
1767173979.080238,-8,1,-112
1767173979.090238,-5,0,-119
1767173979.100238,-1,3,-119
1767173979.110238,-1,2,-114
1767173979.120238,0,2,-116
1767173979.130238,-1,-1,-119
1767173979.140238,0,-5,-118
1767173979.150238,-3,-3,-114
1767173979.1602385,-2,-2,-118
1767173979.1702385,-4,-4,-125
1767173979.1802382,0,-4,-124
1767173979.1902382,0,1,-126
1767173979.2002382,0,-3,-127
1767173979.2102382,0,-2,-122
1767173979.2202382,2,-3,-123
1767173979.2302382,5,0,-132
1767173979.2402382,3,-5,-137
1767173979.2502382,1,-5,-133
1767173979.2602382,-1,-2,-133
1767173979.2702382,0,-6,-129
1767173979.2802382,0,-5,-126
1767173979.290238,1,-1,-117
1767173979.300238,1,-3,-122
1767173979.310238,1,-3,-124
1767173979.320238,-1,-5,-125
1767173979.330238,-1,-3,-120
1767173979.340238,0,0,-119
1767173979.350238,0,-1,-119
1767173979.360238,0,-3,-122
1767173979.370238,2,2,-122
1767173979.380238,4,-4,-124
1767173979.390238,2,0,-125
1767173979.400238,-2,2,-121
1767173979.4102385,-2,0,-117
1767173979.4202385,0,-2,-120
1767173979.4302382,-2,0,-124
1767173979.4402382,-4,4,-126
1767173979.4502382,-3,1,-123
1767173979.4602382,-2,0,-123
1767173979.4702382,-5,3,-121
1767173979.4802382,-6,0,-119
1767173979.4902382,-4,0,-114
1767173979.5002382,-6,0,-118
1767173979.5102382,-9,5,-124
1767173979.5202382,-13,1,-122
1767173979.5302382,-13,2,-121
1767173979.540238,-9,2,-119
1767173979.550238,-7,0,-117
1767173979.560238,-8,0,-115
1767173979.570238,-3,0,-111
1767173979.580238,-3,0,-113
1767173979.590238,-2,0,-113
1767173979.600238,2,-1,-113
1767173979.610238,1,-4,-110
1767173979.620238,0,-5,-115
1767173979.630238,5,-2,-119
1767173979.640238,6,-1,-127
1767173979.650238,2,0,-126
1767173979.6602385,0,-1,-125
1767173979.6702385,4,1,-122
1767173979.6802382,0,5,-128
1767173979.6902382,2,5,-128
1767173979.7002382,1,4,-128
1767173979.7102382,2,4,-123
1767173979.7202382,0,4,-119
1767173979.7302382,-3,6,-116
1767173979.7402382,-3,3,-117
1767173979.7502382,-1,2,-121
1767173979.7602382,-3,0,-129
1767173979.7702382,-6,-3,-116
1767173979.7802382,-5,-4,-111
1767173979.790238,-4,-3,-115
1767173979.800238,-2,-2,-116
1767173979.810238,-1,-4,-120
1767173979.820238,2,-4,-123
1767173979.830238,1,-8,-123
1767173979.840238,2,-6,-123
1767173979.850238,1,-10,-122
1767173979.860238,-1,-9,-117
1767173979.870238,-2,-11,-127
1767173979.880238,0,-10,-129
1767173979.890238,2,-7,-131
1767173979.900238,6,-7,-136
1767173979.9102385,4,-8,-142
1767173979.9202385,0,-3,-143
1767173979.9302382,1,-4,-140
1767173979.9402382,4,-3,-132
1767173979.9502382,2,0,-128
1767173979.9602382,0,2,-122
1767173979.9702382,2,5,-124
1767173979.9802382,1,6,-124
1767173979.9902382,0,3,-122
1767173980.0002382,0,2,-127
1767173980.0102382,2,1,-129
1767173980.0202382,-3,-5,-136
1767173980.0302382,0,-6,-134
1767173980.040238,1,-5,-134
1767173980.050238,1,-6,-130
1767173980.060238,7,-7,-124
1767173980.070238,7,-3,-120
1767173980.080238,7,-1,-121
1767173980.090238,9,1,-127
1767173980.100238,10,0,-121
1767173980.110238,9,0,-123
1767173980.120238,11,-3,-123
1767173980.130238,7,1,-130
1767173980.140238,6,3,-130
1767173980.150238,5,1,-129
1767173980.1602385,1,0,-114
1767173980.1702385,2,-1,-118
1767173980.1802382,0,-4,-121
1767173980.1902382,5,0,-122
1767173980.2002382,3,-1,-121
1767173980.2102382,2,-1,-124
1767173980.2202382,1,-2,-119
1767173980.2302382,0,0,-122
1767173980.2402382,-5,-1,-116
1767173980.2502382,-4,-3,-122
1767173980.2602382,-1,-2,-125
1767173980.2702382,-2,-5,-122
1767173980.2802382,0,-3,-116
1767173980.290238,1,0,-113
1767173980.300238,3,-1,-115
1767173980.310238,4,-1,-120
1767173980.320238,3,1,-125
1767173980.330238,3,4,-124
1767173980.340238,-2,0,-123
1767173980.350238,-5,0,-123
1767173980.360238,-5,1,-131
1767173980.370238,-2,-3,-128
1767173980.380238,0,-1,-130
1767173980.390238,3,0,-130
1767173980.400238,4,0,-130
1767173980.4102385,6,1,-129
1767173980.4202385,7,1,-129
1767173980.4302382,4,-1,-136
1767173980.4402382,3,-2,-131
1767173980.4502382,-4,-3,-130
1767173980.4602382,-5,-4,-129
1767173980.4702382,-3,-6,-128
1767173980.4802382,0,-5,-127
1767173980.4902382,2,-8,-127
1767173980.5002382,0,-10,-120
1767173980.5102382,-1,-9,-116
1767173980.5202382,-2,-4,-114
1767173980.5302382,-1,-4,-115
1767173980.540238,-6,1,-110
1767173980.550238,-7,2,-114
1767173980.560238,-10,0,-123
1767173980.570238,-11,0,-124
1767173980.580238,-7,-2,-128
1767173980.590238,-4,-1,-125
1767173980.600238,-2,-4,-126
1767173980.610238,-5,-5,-122
1767173980.620238,-6,-5,-121
1767173980.630238,-10,-3,-119
1767173980.640238,-5,-3,-114
1767173980.650238,-6,-4,-108
1767173980.6602385,-2,-6,-108
1767173980.6712382,-2,-4,-112
1767173980.6812382,-3,0,-120
1767173980.6902382,-3,-3,-123
1767173980.7002382,-4,-1,-123
1767173980.711238,-7,-3,-124
1767173980.721238,-6,-4,-132
1767173980.731238,-6,-5,-135
1767173980.741238,-2,-2,-133
1767173980.751238,-1,0,-129
1767173980.761238,-1,-1,-127
1767173980.771238,0,-3,-123
1767173980.781238,1,-4,-119
1767173980.791238,0,0,-118
1767173980.801238,-1,1,-121
1767173980.811238,1,0,-117
1767173980.821238,2,-1,-119
1767173980.8312385,0,-2,-113
1767173980.8412385,0,-1,-121
1767173980.8512385,-1,-1,-120
1767173980.8612382,-5,-6,-121
1767173980.8712382,-5,-9,-125
1767173980.8812382,-1,-2,-131
1767173980.8912382,-4,0,-128
1767173980.9012382,-2,-3,-126
1767173980.9112382,-1,-2,-129
1767173980.9212382,-1,-3,-124
1767173980.9312382,-4,-1,-123
1767173980.9412382,-1,0,-120
1767173980.9512382,3,0,-124
1767173980.961238,1,-1,-122
1767173980.971238,1,-1,-118
1767173980.981238,3,-1,-117
1767173980.991238,3,-4,-122
1767173981.001238,5,-1,-119
1767173981.011238,-4,1,-115
1767173981.021238,-8,-1,-117
1767173981.031238,-10,-5,-115
1767173981.041238,-8,-5,-117
1767173981.051238,-10,-2,-116
1767173981.061238,-5,-4,-117
1767173981.071238,-7,0,-110
1767173981.0812385,-5,0,-110
1767173981.0912385,-2,-3,-110
1767173981.1012385,4,1,-109
1767173981.1112382,6,0,-112
1767173981.1212382,8,1,-117
1767173981.1312382,8,0,-123
1767173981.1412382,11,2,-130
1767173981.1512382,11,0,-127
1767173981.1612382,12,0,-122
1767173981.1712382,11,-1,-123
1767173981.1812382,6,0,-118
1767173981.1912382,8,-3,-131
1767173981.2012382,10,0,-136
1767173981.211238,10,0,-138
1767173981.221238,8,-3,-138
1767173981.231238,7,1,-130
1767173981.241238,1,4,-136
1767173981.251238,0,2,-137
1767173981.261238,-2,-2,-132
1767173981.271238,1,-5,-134
1767173981.281238,4,-8,-127
1767173981.291238,3,-7,-121
1767173981.301238,0,-4,-120
1767173981.311238,0,0,-121
1767173981.321238,-5,0,-120
1767173981.3312385,-2,1,-123
1767173981.3412385,-1,0,-121
1767173981.3512385,-4,0,-117
1767173981.3612382,-4,0,-121
1767173981.3712382,-3,0,-121
1767173981.3812382,0,-1,-125
1767173981.3912382,-2,0,-120
1767173981.4012382,-3,5,-120
1767173981.4112382,-3,1,-120
1767173981.4212382,0,-3,-124
1767173981.4312382,-1,-8,-123
1767173981.4412382,-1,-9,-124
1767173981.4512382,-4,-3,-122
1767173981.461238,-7,-2,-122
1767173981.471238,-4,-4,-127
1767173981.481238,-1,-5,-127
1767173981.491238,-2,-7,-120
1767173981.501238,-6,-8,-123
1767173981.511238,-2,-3,-126
1767173981.521238,-6,-6,-130
1767173981.531238,0,-9,-128
1767173981.541238,-1,-10,-128
1767173981.551238,-2,-7,-117
1767173981.561238,-3,-8,-112
1767173981.571238,-2,-9,-122
1767173981.5812385,0,-4,-124
1767173981.5912385,0,-1,-118
1767173981.6012385,0,-3,-120
1767173981.6112382,0,0,-130
1767173981.6212382,-2,2,-131
1767173981.6312382,-2,0,-136
1767173981.6412382,0,-2,-123
1767173981.6512382,1,-4,-121
1767173981.6612382,0,-3,-122
1767173981.6712382,-1,1,-133
1767173981.6812382,-6,1,-138
1767173981.6912382,-3,2,-139
1767173981.7012382,0,-1,-132
1767173981.711238,-1,-1,-121
1767173981.721238,-5,0,-115
1767173981.731238,-10,0,-118
1767173981.741238,-8,2,-125
1767173981.751238,-6,3,-123
1767173981.761238,-5,1,-120
1767173981.771238,-3,2,-120
1767173981.781238,0,4,-122
1767173981.791238,0,1,-127
1767173981.801238,0,2,-131
1767173981.811238,-1,-1,-133
1767173981.821238,3,-3,-133
1767173981.8312385,6,-1,-137
1767173981.8412385,5,-4,-135
1767173981.8512385,5,-7,-136
1767173981.8612382,5,-8,-136
1767173981.8712382,3,-3,-127
1767173981.8812382,4,0,-116
1767173981.8912382,0,0,-109
1767173981.9012382,2,3,-107
1767173981.9112382,8,4,-113
1767173981.9212382,9,1,-121
1767173981.9312382,12,0,-121
1767173981.9412382,11,0,-119
1767173981.9512382,8,0,-117
1767173981.961238,6,0,-115
1767173981.971238,4,0,-111
1767173981.981238,5,-1,-114
1767173981.991238,2,-5,-118
1767173982.001238,3,-4,-123
1767173982.011238,0,-4,-134
1767173982.021238,-1,0,-135
1767173982.031238,-1,0,-120
1767173982.041238,-1,-1,-113
1767173982.051238,-3,-2,-120
1767173982.061238,1,-2,-124
1767173982.071238,2,-1,-129
1767173982.0812385,4,-3,-135
1767173982.103238,0,0,-145
1767173982.1112382,2,0,-143
1767173982.1212382,2,0,-139
1767173982.1312382,2,4,-136
1767173982.1412382,2,0,-129
1767173982.1512382,6,-4,-123
1767173982.1612382,6,-5,-119
1767173982.1712382,4,-2,-122
1767173982.1812382,0,-3,-120
1767173982.1912382,-1,-5,-127
1767173982.2012382,-5,-3,-125
1767173982.211238,-2,-1,-126
1767173982.221238,0,-1,-125
1767173982.231238,1,-1,-130
1767173982.241238,-1,-6,-131
1767173982.251238,-1,-8,-132
1767173982.261238,1,-6,-132
1767173982.271238,3,-6,-125
1767173982.281238,3,-5,-122
1767173982.291238,5,-6,-122
1767173982.301238,2,-4,-123
1767173982.311238,-3,-6,-116
1767173982.321238,-3,-9,-121
1767173982.3312385,-1,-6,-117
1767173982.3412385,-2,-6,-120
1767173982.3512385,2,-4,-117
1767173982.3612382,3,-2,-118
1767173982.3712382,8,0,-120
1767173982.3812382,8,1,-125
1767173982.3912382,5,3,-123
1767173982.4012382,3,-3,-129
1767173982.4112382,1,0,-121
1767173982.4212382,0,2,-124
1767173982.4312382,0,2,-126
1767173982.4412382,2,2,-128
1767173982.4512382,-1,2,-131
1767173982.461238,-2,3,-132
1767173982.471238,0,4,-128
1767173982.481238,0,6,-120
1767173982.491238,1,4,-118
1767173982.501238,4,2,-121
1767173982.511238,4,5,-122
1767173982.521238,5,4,-119
1767173982.531238,1,1,-118
1767173982.541238,0,-2,-116
1767173982.551238,-3,-5,-123
1767173982.561238,1,-5,-123
1767173982.571238,3,-3,-117
1767173982.5812385,1,-5,-114
1767173982.5912385,1,-5,-114
1767173982.6012385,2,-8,-119
1767173982.6112382,0,-5,-121
1767173982.6212382,-3,-6,-121
1767173982.6312382,0,-2,-119
1767173982.6412382,2,-1,-122
1767173982.6512382,1,-1,-122
1767173982.6612382,0,-3,-120
1767173982.6712382,-2,-7,-116
1767173982.6812382,-4,-13,-118
1767173982.6912382,-1,-6,-116
1767173982.7012382,-1,-7,-115
1767173982.711238,2,0,-115
1767173982.721238,-1,0,-119
1767173982.731238,-1,-1,-116
1767173982.741238,-6,-2,-112
1767173982.751238,-6,2,-116
1767173982.761238,-6,1,-114
1767173982.771238,-3,2,-126
1767173982.781238,-1,3,-129
1767173982.791238,0,1,-128
1767173982.801238,0,0,-129
1767173982.811238,2,1,-125
1767173982.821238,0,0,-129
1767173982.8312385,0,-1,-123
1767173982.8412385,2,-4,-125
1767173982.8512385,3,-2,-125
1767173982.8612382,2,-7,-119
1767173982.8712382,-1,-6,-118
1767173982.8812382,0,0,-122
1767173982.8912382,0,-2,-123
1767173982.9012382,-2,1,-124
1767173982.9112382,-1,-2,-126
1767173982.9212382,1,-2,-130
1767173982.9312382,0,-1,-131
1767173982.9412382,-7,1,-128
1767173982.9512382,-5,0,-126
1767173982.961238,-2,1,-126
1767173982.971238,3,0,-121
1767173982.981238,-1,3,-119
1767173982.991238,-3,4,-126
1767173983.001238,-1,3,-133
1767173983.011238,-1,4,-127
1767173983.021238,-1,3,-127
1767173983.031238,-1,-1,-124
1767173983.041238,-4,-6,-118
1767173983.051238,-4,-8,-114
1767173983.061238,-3,-7,-118
1767173983.071238,-2,-7,-124
1767173983.0812385,-5,-6,-121
1767173983.0912385,-8,-4,-118
1767173983.1012385,-7,-1,-116
1767173983.1112382,-6,-1,-123
1767173983.1212382,-7,0,-124
1767173983.1312382,-3,-2,-125
1767173983.1412382,-1,-4,-122
1767173983.1512382,0,-4,-127
1767173983.1612382,0,-7,-129
1767173983.1712382,0,-5,-131
1767173983.1812382,0,-7,-130
1767173983.1912382,-5,-8,-123
1767173983.2012382,-6,-3,-126
1767173983.211238,-2,0,-132
1767173983.221238,-4,-4,-133
1767173983.231238,-4,-2,-137
1767173983.241238,-2,-3,-137
1767173983.251238,-2,-3,-136
1767173983.261238,-4,-4,-127
1767173983.271238,-2,-6,-122
1767173983.281238,-2,-7,-124
1767173983.291238,-2,-7,-127
1767173983.301238,-3,-4,-129
1767173983.311238,-4,-5,-137
1767173983.321238,-3,-2,-132
1767173983.3312385,-4,-2,-129
1767173983.3412385,-6,-1,-128
1767173983.3522382,-5,-1,-126
1767173983.3622382,-7,0,-129
1767173983.3722382,-6,-5,-125
1767173983.382238,-8,-6,-129
1767173983.392238,-12,-4,-126
1767173983.402238,-7,-4,-122
1767173983.412238,-6,-5,-119
1767173983.422238,-10,-6,-119
1767173983.432238,-9,-3,-124
1767173983.442238,-6,-2,-129
1767173983.452238,-8,0,-136
1767173983.462238,-5,-1,-136
1767173983.472238,-10,2,-133
1767173983.482238,-8,7,-128
1767173983.492238,-6,4,-124
1767173983.502238,-9,0,-129
1767173983.5122385,-5,0,-127
1767173983.5222385,-2,-4,-126
1767173983.5322382,0,-4,-123
1767173983.5422382,5,-3,-123
1767173983.5522382,4,-2,-126
1767173983.5622382,4,1,-122
1767173983.5722382,0,-4,-121
1767173983.5822382,-1,-5,-119
1767173983.5922382,-2,-1,-121
1767173983.6022382,-2,0,-123
1767173983.6122382,-2,1,-131
1767173983.6222382,0,0,-129
1767173983.632238,0,0,-126
1767173983.642238,1,0,-127
1767173983.652238,4,1,-123
1767173983.662238,3,0,-119
1767173983.672238,1,0,-116
1767173983.682238,1,1,-125
1767173983.692238,0,0,-130
1767173983.702238,1,-2,-131
1767173983.712238,3,-6,-129
1767173983.722238,0,-6,-132
1767173983.732238,0,-3,-135
1767173983.742238,3,-5,-130
1767173983.752238,3,-2,-127
1767173983.7622385,2,3,-124
1767173983.7722385,2,0,-118
1767173983.7822382,0,-1,-120
1767173983.7922382,2,1,-120
1767173983.8022382,5,5,-127
1767173983.8122382,5,7,-131
1767173983.8222382,6,7,-123
1767173983.8322382,3,6,-119
1767173983.8422382,2,9,-122
1767173983.8522382,0,2,-120
1767173983.8622382,1,-2,-127
1767173983.8722382,3,-5,-126
1767173983.882238,7,-4,-132
1767173983.892238,6,-5,-130
1767173983.902238,2,-3,-129
1767173983.912238,-2,-2,-131
1767173983.922238,-5,-4,-131
1767173983.932238,-4,-1,-132
1767173983.942238,-7,-4,-127
1767173983.952238,-3,-6,-125
1767173983.962238,-4,-1,-122
1767173983.972238,-5,-2,-119
1767173983.982238,-2,-3,-114
1767173983.992238,2,-7,-121
1767173984.002238,0,-6,-121
1767173984.0122385,-6,-5,-118
1767173984.0222385,-7,-3,-115
1767173984.0322382,-5,-3,-112
1767173984.0422382,0,-3,-119
1767173984.0522382,0,-1,-121
1767173984.0622382,0,-3,-119
1767173984.0722382,-5,-2,-123
1767173984.0822382,-5,1,-129
1767173984.0922382,-4,4,-124
1767173984.1022382,-6,7,-125
1767173984.1122382,-4,6,-130
1767173984.1222382,-4,5,-131
1767173984.132238,-5,2,-132
1767173984.142238,2,2,-136
1767173984.152238,1,0,-134
1767173984.162238,-2,2,-122
1767173984.172238,-3,0,-124
1767173984.182238,-3,1,-120
1767173984.192238,0,1,-120
1767173984.202238,0,-2,-121
1767173984.212238,0,-6,-119
1767173984.222238,0,-5,-128
1767173984.232238,4,-6,-122
1767173984.242238,2,-4,-112
1767173984.252238,3,-8,-115
1767173984.2622385,1,-8,-126
1767173984.2722385,0,-3,-127
1767173984.2822382,-3,-1,-125
1767173984.2922382,-9,-3,-125
1767173984.3022382,-7,-6,-122
1767173984.3122382,-2,-8,-128
1767173984.3222382,-3,-7,-125
1767173984.3322382,-6,-4,-119
1767173984.3422382,-7,-4,-115
1767173984.3522382,-11,-3,-116
1767173984.3622382,-9,-5,-126
1767173984.3722382,-8,-9,-131
1767173984.382238,-2,-6,-126
1767173984.392238,-4,-9,-126
1767173984.402238,0,-13,-124
1767173984.412238,0,-14,-115
1767173984.422238,3,-14,-118
1767173984.432238,0,-7,-125
1767173984.442238,-2,-3,-126
1767173984.452238,0,-4,-129
1767173984.462238,0,0,-125
1767173984.472238,0,-2,-127
1767173984.482238,-2,-5,-125
1767173984.492238,-3,-1,-125
1767173984.502238,-1,-1,-125
1767173984.5122385,2,0,-129
1767173984.5222385,2,-2,-123
1767173984.5322382,5,-1,-127
1767173984.5422382,1,-2,-125
1767173984.5522382,0,-1,-125
1767173984.5622382,-2,-4,-123
1767173984.5722382,1,-6,-115
1767173984.5822382,7,-6,-117
1767173984.5922382,4,-3,-122
1767173984.6022382,1,-3,-124
1767173984.6122382,-2,-2,-121
1767173984.6222382,-5,0,-124
1767173984.632238,-9,3,-126
1767173984.642238,-11,3,-119
1767173984.652238,-12,0,-122
1767173984.662238,-9,2,-124
1767173984.672238,-4,5,-128
1767173984.682238,-5,5,-130
1767173984.692238,-3,8,-128
1767173984.702238,-1,3,-126
1767173984.712238,-1,0,-123
1767173984.722238,-1,-2,-119
1767173984.732238,-3,0,-117
1767173984.742238,0,2,-119
1767173984.752238,-1,-2,-115
1767173984.7622385,-2,0,-115
1767173984.7722385,2,1,-112
1767173984.7822382,0,0,-116
1767173984.7922382,-2,2,-126
1767173984.8022382,-4,2,-131
1767173984.8122382,-3,0,-124
1767173984.8222382,-2,0,-125
1767173984.8322382,-4,-2,-130
1767173984.8422382,-2,-1,-132
1767173984.8522382,-3,0,-132
1767173984.8622382,-2,4,-133
1767173984.8722382,-2,0,-126
1767173984.882238,-1,0,-130
1767173984.892238,0,0,-123
1767173984.902238,-4,-1,-124
1767173984.912238,-1,-4,-125
1767173984.922238,0,-1,-127
1767173984.932238,3,0,-128
1767173984.942238,-3,1,-128
1767173984.952238,-5,0,-132
1767173984.962238,-6,0,-126
1767173984.972238,-7,1,-125
1767173984.982238,-9,-1,-124
1767173984.992238,-5,-4,-120
1767173985.002238,-6,-5,-123
1767173985.0122385,-3,-4,-126
1767173985.0222385,-5,-3,-119
1767173985.0322382,-6,-4,-126
1767173985.0422382,-3,-3,-124
1767173985.0522382,3,-1,-121
1767173985.0622382,5,-5,-121
1767173985.0722382,5,-5,-126
1767173985.0822382,3,-3,-123
1767173985.0922382,1,-2,-124
1767173985.1022382,1,-1,-116
1767173985.1122382,-1,-2,-121
1767173985.1222382,-1,-1,-120
1767173985.132238,-3,-1,-130
1767173985.142238,-4,-4,-122
1767173985.152238,-1,-3,-120
1767173985.162238,2,-5,-116
1767173985.172238,0,-3,-120
1767173985.182238,-1,-6,-116
1767173985.192238,-5,-8,-115
1767173985.202238,-6,-5,-116
1767173985.212238,0,-2,-116
1767173985.222238,-2,0,-114
1767173985.232238,-7,1,-120
1767173985.242238,-3,0,-121
1767173985.252238,-5,0,-123
1767173985.2622385,-2,3,-123
1767173985.2722385,0,2,-125
1767173985.2822382,2,1,-122
1767173985.2922382,2,0,-126
1767173985.3022382,2,1,-125
1767173985.3122382,2,0,-128
1767173985.3222382,3,0,-126
1767173985.3322382,3,0,-124
1767173985.3422382,2,-3,-123
1767173985.3522382,0,-6,-119
1767173985.3622382,1,-3,-121
1767173985.3722382,2,0,-120
1767173985.382238,2,-1,-117
1767173985.392238,4,0,-120
1767173985.402238,0,1,-118
1767173985.412238,4,2,-123
1767173985.422238,4,0,-122
1767173985.432238,9,0,-124
1767173985.442238,7,-2,-124
1767173985.452238,2,0,-125
1767173985.462238,1,0,-120
1767173985.472238,1,-3,-118
1767173985.482238,-2,-8,-117
1767173985.492238,1,-6,-120
1767173985.502238,-1,-6,-123
1767173985.5122385,0,0,-117
1767173985.5222385,-1,0,-120
1767173985.5322382,-2,3,-124
1767173985.5422382,-2,1,-125
1767173985.5522382,-2,1,-123
1767173985.5622382,-4,-3,-122
1767173985.5722382,-5,-1,-122
1767173985.5822382,-5,-1,-131
1767173985.5922382,-6,-1,-135
1767173985.6022382,-5,-2,-137
1767173985.6122382,-2,-4,-134
1767173985.6222382,0,-5,-128
1767173985.632238,1,-3,-124
1767173985.642238,3,0,-122
1767173985.652238,1,5,-124
1767173985.662238,3,1,-125
1767173985.672238,0,-1,-126
1767173985.682238,0,-2,-119
1767173985.692238,-2,-4,-115
1767173985.702238,1,-4,-114
1767173985.712238,0,-4,-115
1767173985.722238,4,0,-123
1767173985.732238,9,-3,-127
1767173985.742238,4,-5,-129
1767173985.752238,0,-3,-129
1767173985.7622385,-1,0,-126
1767173985.7722385,-2,-2,-127
1767173985.7822382,0,2,-120
1767173985.7922382,-2,3,-124
1767173985.8022382,-5,1,-132
1767173985.8122382,-3,-1,-128
1767173985.8222382,-2,-2,-129
1767173985.8322382,-5,-1,-127
1767173985.8422382,-3,4,-125
1767173985.8522382,-2,0,-131
1767173985.8622382,1,0,-131
1767173985.8722382,6,0,-137
1767173985.882238,1,0,-139
1767173985.892238,5,0,-141
1767173985.902238,7,3,-132
1767173985.912238,2,4,-125
1767173985.922238,3,4,-124
1767173985.932238,3,3,-121
1767173985.9432385,2,6,-122
1767173985.952238,0,3,-123
1767173985.9632382,0,0,-124
1767173985.9732382,0,-1,-131
1767173985.982238,-2,-2,-135
1767173985.9932382,-2,-2,-135
1767173986.0032382,0,-1,-131
1767173986.0132382,0,-3,-128
1767173986.0232382,0,-4,-124
1767173986.0332382,0,-4,-120
1767173986.0432382,1,-8,-118
1767173986.0532382,4,-9,-115
1767173986.063238,4,-5,-120
1767173986.073238,4,2,-120
1767173986.083238,0,0,-116
1767173986.093238,-3,-1,-116
1767173986.103238,0,-1,-120
1767173986.113238,2,1,-128
1767173986.123238,6,0,-135
1767173986.133238,4,0,-127
1767173986.143238,1,-3,-130
1767173986.153238,1,-3,-125
1767173986.163238,0,-5,-125
1767173986.173238,3,-6,-120
1767173986.1832385,-3,-7,-121
1767173986.1932385,0,-2,-129
1767173986.2032382,2,0,-137
1767173986.2132382,4,1,-131
1767173986.2232382,4,3,-125
1767173986.2332382,0,1,-127
1767173986.2432382,1,1,-133
1767173986.2532382,3,-1,-130
1767173986.2632382,5,-1,-129
1767173986.2732382,0,0,-136
1767173986.2832382,1,0,-131
1767173986.2932382,3,2,-124
1767173986.3032382,4,3,-127
1767173986.313238,6,0,-132
1767173986.323238,9,0,-134
1767173986.333238,9,-2,-129
1767173986.343238,3,-2,-127
1767173986.353238,6,-2,-120
1767173986.363238,10,0,-122
1767173986.373238,8,1,-127
1767173986.383238,6,1,-131
1767173986.393238,4,0,-129
1767173986.403238,4,-3,-125
1767173986.413238,0,0,-126
1767173986.423238,1,1,-118
1767173986.4332385,-1,0,-124
1767173986.4432385,-1,-3,-131
1767173986.4532382,1,-2,-127
1767173986.4632382,0,0,-118
1767173986.4732382,-2,-2,-121
1767173986.4832382,-4,-7,-122
1767173986.4932382,-5,-7,-121
1767173986.5032382,-3,-11,-118
1767173986.5132382,0,-7,-121
1767173986.5232382,-2,-1,-122
1767173986.5332382,-6,-2,-123
1767173986.5432382,-4,-2,-122
1767173986.5532382,-5,-2,-126
1767173986.563238,-3,-5,-124
1767173986.573238,-4,-4,-126
1767173986.583238,-2,-3,-126
1767173986.593238,-1,0,-126
1767173986.603238,-3,1,-127
1767173986.613238,0,0,-125
1767173986.623238,2,-1,-128
1767173986.633238,1,1,-130
1767173986.643238,0,-1,-136
1767173986.653238,0,-4,-137
1767173986.663238,0,-7,-131
1767173986.673238,1,-9,-128
1767173986.6832385,0,-9,-110
1767173986.6932385,0,-10,-116
1767173986.7032382,2,-10,-117
1767173986.7132382,0,-12,-122
1767173986.7232382,1,-10,-126
1767173986.7332382,2,-8,-131
1767173986.7432382,4,-7,-129
1767173986.7532382,9,-8,-129
1767173986.7632382,9,-8,-126
1767173986.7732382,9,-3,-120
1767173986.7832382,7,2,-118
1767173986.7932382,4,2,-116
1767173986.8032382,1,5,-118
1767173986.813238,-1,1,-120
1767173986.823238,-7,1,-125
1767173986.833238,-7,0,-127
1767173986.843238,-5,0,-128
1767173986.853238,-4,0,-134
1767173986.863238,-2,1,-134
1767173986.873238,2,0,-134
1767173986.883238,1,-4,-130
1767173986.893238,2,-1,-126
1767173986.903238,-2,1,-127
1767173986.913238,-1,-1,-128
1767173986.923238,0,-2,-131
1767173986.9332385,1,0,-125
1767173986.9432385,1,1,-116
1767173986.9532382,0,2,-118
1767173986.9632382,0,-4,-114
1767173986.9732382,1,-4,-112
1767173986.9832382,-1,-4,-116
1767173986.9932382,-2,0,-119
1767173987.0032382,-1,3,-122
1767173987.0132382,-3,1,-123
1767173987.0232382,-4,2,-117
1767173987.0332382,-2,-1,-119
1767173987.0432382,-3,-2,-120
1767173987.0532382,-3,-5,-122
1767173987.063238,-4,-6,-124
1767173987.073238,-7,-5,-123
1767173987.083238,-4,-1,-125
1767173987.093238,-2,-1,-126
1767173987.1142385,-8,-1,-125
1767173987.123238,-5,0,-131
1767173987.133238,-3,-3,-128
1767173987.143238,3,-5,-125
1767173987.153238,5,-6,-124
1767173987.163238,2,-8,-128
1767173987.173238,3,-7,-126
1767173987.1832385,2,-9,-122
1767173987.1932385,2,-7,-116
1767173987.2032382,2,-6,-116
1767173987.2132382,-4,-2,-125
1767173987.2232382,-6,-1,-127
1767173987.2332382,-5,-1,-124
1767173987.2432382,-4,-1,-129
1767173987.2532382,0,-5,-125
1767173987.2632382,-3,-8,-125
1767173987.2732382,-3,-6,-119
1767173987.2832382,-9,-3,-127
1767173987.2932382,-7,0,-128
1767173987.3032382,-5,-1,-132
1767173987.313238,-5,-3,-129
1767173987.323238,-4,2,-133
1767173987.333238,-1,5,-124
1767173987.343238,3,3,-117
1767173987.353238,-1,0,-114
1767173987.363238,-1,0,-120
1767173987.373238,-5,0,-120
1767173987.383238,-6,0,-123
1767173987.393238,-4,3,-126
1767173987.403238,-1,1,-129
1767173987.413238,-1,-1,-129
1767173987.423238,0,-5,-129
1767173987.4332385,3,-5,-127
1767173987.4432385,1,-9,-127
1767173987.4532382,0,-5,-126
1767173987.4632382,1,-3,-128
1767173987.4732382,4,-4,-128
1767173987.4832382,8,-2,-126
1767173987.4932382,7,-1,-130
1767173987.5032382,7,-1,-127
1767173987.5132382,3,0,-122
1767173987.5232382,1,-1,-121
1767173987.5332382,3,0,-122
1767173987.5432382,0,-4,-126
1767173987.5532382,3,-6,-125
1767173987.563238,-3,0,-125
1767173987.573238,-9,0,-125
1767173987.583238,-4,1,-124
1767173987.593238,-3,3,-131
1767173987.603238,0,1,-128
1767173987.613238,3,5,-124
1767173987.623238,0,6,-122
1767173987.633238,-1,4,-126
1767173987.643238,-1,4,-132
1767173987.653238,-2,5,-125
1767173987.663238,-7,7,-126
1767173987.673238,-7,5,-125
1767173987.6832385,-7,2,-123
1767173987.6932385,-5,0,-116
1767173987.7032382,-4,-1,-115
1767173987.7132382,-1,0,-116
1767173987.7232382,-1,-5,-118
1767173987.7332382,-5,-7,-116
1767173987.7432382,-5,-1,-117
1767173987.7532382,-4,2,-123
1767173987.7632382,-7,2,-121
1767173987.7732382,-7,2,-124
1767173987.7832382,-5,1,-119
1767173987.7932382,-2,0,-119
1767173987.8032382,-4,-2,-117
1767173987.813238,-4,-1,-118
1767173987.823238,-2,3,-123
1767173987.833238,2,0,-128
1767173987.843238,4,0,-127
1767173987.853238,3,0,-125
1767173987.863238,1,2,-131
1767173987.873238,3,0,-128
1767173987.883238,0,2,-120
1767173987.893238,2,1,-121
1767173987.903238,6,4,-120
1767173987.913238,4,2,-124
1767173987.923238,1,1,-116
1767173987.9332385,3,-2,-118
1767173987.9432385,1,-3,-118
1767173987.9532382,1,0,-124
1767173987.9632382,-3,0,-121
1767173987.9732382,0,0,-119
1767173987.9832382,-3,0,-119
1767173987.9932382,-1,-1,-111
1767173988.0032382,-1,0,-113
1767173988.0132382,-4,1,-114
1767173988.0232382,-4,0,-120
1767173988.0332382,-5,1,-124
1767173988.0432382,-4,0,-122
1767173988.0532382,-5,-4,-118
1767173988.063238,-6,-9,-120
1767173988.073238,0,-9,-120
1767173988.083238,0,-7,-114
1767173988.093238,0,-7,-121
1767173988.103238,-2,-10,-123
1767173988.113238,-2,-10,-123
1767173988.123238,0,-9,-122
1767173988.133238,4,-4,-115
1767173988.143238,0,-3,-116
1767173988.153238,1,-10,-114
1767173988.163238,0,-14,-118
1767173988.173238,0,-11,-120
1767173988.1832385,0,-12,-122
1767173988.1932385,1,-10,-127
1767173988.2032382,3,-8,-122
1767173988.2132382,1,-9,-122
1767173988.2232382,2,-9,-118
1767173988.2332382,1,-2,-119
1767173988.2432382,-1,0,-121
1767173988.2532382,-2,0,-123
1767173988.2632382,0,0,-126
1767173988.2732382,2,-5,-125
1767173988.2832382,4,0,-121
1767173988.2932382,6,4,-118
1767173988.3032382,2,0,-118
1767173988.313238,3,0,-122
1767173988.323238,4,1,-132
1767173988.333238,1,3,-130
1767173988.343238,4,10,-128
1767173988.353238,4,10,-128
1767173988.363238,0,6,-125
1767173988.373238,2,4,-126
1767173988.383238,0,-1,-130
1767173988.393238,2,2,-126
1767173988.403238,-5,2,-123
1767173988.413238,-2,3,-117
1767173988.423238,-4,0,-124
1767173988.4332385,-5,-1,-125
1767173988.4432385,-2,-2,-124
1767173988.4532382,-3,0,-124
1767173988.4632382,-3,1,-123
1767173988.4732382,-7,2,-130
1767173988.4832382,-12,3,-129
1767173988.4932382,-9,5,-130
1767173988.5032382,-8,4,-132
1767173988.5132382,-3,0,-137
1767173988.5232382,-2,-2,-135
1767173988.5332382,-6,0,-128
1767173988.5432382,-10,0,-126
1767173988.5532382,-8,0,-128
1767173988.563238,-10,-2,-129
1767173988.574238,-6,-3,-131
1767173988.584238,-7,-9,-128
1767173988.594238,-1,-11,-123
1767173988.603238,1,-12,-126
1767173988.6142385,0,-6,-130
1767173988.6242385,2,-5,-127
1767173988.6342382,-2,-5,-124
1767173988.6442382,-1,-5,-123
1767173988.6542382,-1,-5,-122
1767173988.6642382,-4,0,-122
1767173988.6742382,-6,1,-119
1767173988.6842382,-6,0,-128
1767173988.6942382,-2,-1,-127
1767173988.7042382,-2,3,-129
1767173988.7142382,-1,4,-131
1767173988.7242382,3,3,-127
1767173988.734238,4,3,-125
1767173988.744238,0,0,-129
1767173988.754238,-2,2,-122
1767173988.764238,1,3,-124
1767173988.774238,1,3,-132
1767173988.784238,0,2,-134
1767173988.794238,-2,5,-134
1767173988.804238,2,9,-130
1767173988.814238,1,6,-130
1767173988.824238,2,1,-134
1767173988.834238,-1,0,-134
1767173988.844238,-4,0,-134
1767173988.8542385,-2,-1,-132
1767173988.8642385,0,-2,-131
1767173988.8742385,-2,-2,-134
1767173988.8842382,-1,3,-127
1767173988.8942382,1,5,-121
1767173988.9042382,4,8,-123
1767173988.9142382,3,7,-129
1767173988.9242382,-1,7,-127
1767173988.9342382,-4,4,-127
1767173988.9442382,-2,0,-131
1767173988.9542382,0,1,-132
1767173988.9642382,0,3,-128
1767173988.9742382,0,-1,-131
1767173988.984238,6,-5,-130
1767173988.994238,9,-4,-133
1767173989.004238,6,-5,-138
1767173989.014238,2,0,-134
1767173989.024238,1,3,-132
1767173989.034238,0,3,-131
1767173989.044238,2,1,-123
1767173989.054238,2,0,-118
1767173989.064238,2,-1,-123
1767173989.074238,1,3,-121
1767173989.084238,-3,0,-123
1767173989.094238,-2,1,-117
1767173989.1042385,-6,2,-116
1767173989.1142385,-9,0,-117
1767173989.1242385,-4,2,-118
1767173989.1342382,-8,0,-120
1767173989.1442382,-10,0,-119
1767173989.1542382,-6,1,-118
1767173989.1642382,-10,0,-120
1767173989.1742382,-7,0,-118
1767173989.1842382,-9,-4,-119
1767173989.1942382,-8,-3,-118
1767173989.2042382,-8,1,-119
1767173989.2142382,-4,0,-122
1767173989.2242382,-2,-2,-128
1767173989.234238,-7,0,-129
1767173989.244238,-6,-3,-126
1767173989.254238,-6,-2,-125
1767173989.264238,-5,-4,-129
1767173989.274238,-5,-4,-127
1767173989.284238,-4,-5,-126
1767173989.294238,-7,-4,-121
1767173989.304238,-11,-6,-116
1767173989.314238,-7,-7,-121
1767173989.324238,-3,-3,-116
1767173989.334238,-2,-3,-114
1767173989.344238,-7,-6,-120
1767173989.3542385,-4,-7,-122
1767173989.3642385,-1,-9,-125
1767173989.3742385,0,-12,-125
1767173989.3842382,-2,-7,-126
1767173989.3942382,-1,-6,-129
1767173989.4042382,1,-5,-133
1767173989.4142382,0,-2,-135
1767173989.4242382,0,0,-133
1767173989.4342382,-1,-1,-130
1767173989.4442382,0,-1,-130
1767173989.4542382,3,-1,-132
1767173989.4642382,-1,1,-137
1767173989.4742382,-1,-1,-137
1767173989.484238,-1,2,-132
1767173989.494238,1,-1,-136
1767173989.504238,0,0,-135
1767173989.514238,-3,2,-132
1767173989.524238,-8,3,-129
1767173989.534238,-6,5,-132
1767173989.544238,-1,0,-132
1767173989.554238,-1,1,-127
1767173989.564238,-5,3,-130
1767173989.574238,-1,4,-129
1767173989.584238,-1,3,-127
1767173989.594238,0,4,-123
1767173989.6042385,-1,-1,-121
1767173989.6142385,0,2,-120
1767173989.6242385,0,2,-115
1767173989.6342382,1,-1,-115
1767173989.6442382,-2,0,-111
1767173989.6542382,-3,-1,-115
1767173989.6642382,-1,0,-116
1767173989.6742382,-1,0,-122
1767173989.6842382,-1,-3,-123
1767173989.6942382,0,0,-126
1767173989.7042382,-1,-1,-124
1767173989.7142382,0,0,-123
1767173989.7242382,0,0,-129
1767173989.734238,1,-1,-129
1767173989.744238,3,1,-129
1767173989.754238,0,4,-131
1767173989.764238,-2,4,-130
1767173989.774238,0,6,-132
1767173989.784238,-6,3,-136
1767173989.794238,-4,0,-139
1767173989.804238,-5,-1,-129
1767173989.814238,-3,2,-133
1767173989.824238,-3,3,-133
1767173989.834238,-1,6,-132
1767173989.844238,2,6,-136
1767173989.8542385,4,5,-135
1767173989.8642385,2,1,-131
1767173989.8742385,1,-1,-129
1767173989.8842382,2,0,-127
1767173989.8942382,4,1,-123
1767173989.9042382,3,1,-121
1767173989.9142382,1,0,-120
1767173989.9242382,1,-3,-126
1767173989.9342382,-1,-3,-128
1767173989.9442382,-1,-2,-127
1767173989.9542382,-8,-4,-128
1767173989.9642382,-3,-3,-127
1767173989.9742382,-1,-2,-133
1767173989.984238,-1,-1,-139
1767173989.994238,-3,-3,-136
1767173990.004238,-2,-1,-134
1767173990.014238,-3,-3,-127
1767173990.024238,-2,-2,-125
1767173990.034238,-5,0,-125
1767173990.044238,-5,2,-129
1767173990.054238,-1,0,-120
1767173990.064238,-1,2,-125
1767173990.074238,-5,0,-125
1767173990.084238,-5,-1,-119
1767173990.094238,-2,-4,-119
1767173990.1042385,-2,-8,-118
1767173990.1142385,-4,-1,-121
1767173990.1242385,0,0,-115
1767173990.1342382,-1,0,-119
1767173990.1442382,2,0,-125
1767173990.1542382,2,0,-129
1767173990.1642382,1,-6,-130
1767173990.1742382,4,-3,-129
1767173990.1842382,6,-1,-127
1767173990.1942382,2,0,-128
1767173990.2042382,-2,0,-131
1767173990.2142382,-4,5,-131
1767173990.2242382,-2,6,-128
1767173990.234238,-1,5,-125
1767173990.244238,-3,3,-119
1767173990.254238,-2,0,-120
1767173990.264238,-3,-4,-116
1767173990.274238,-6,-5,-115
1767173990.284238,-4,-4,-116
1767173990.294238,-9,-3,-114
1767173990.304238,-9,-1,-116
1767173990.314238,-6,-3,-126
1767173990.324238,-4,-1,-124
1767173990.334238,-6,-1,-124
1767173990.344238,0,-1,-124
1767173990.3542385,2,-3,-130
1767173990.3642385,0,0,-126
1767173990.3742385,3,-1,-127
1767173990.3842382,0,-3,-127
1767173990.3942382,-1,-2,-128
1767173990.4042382,0,1,-127
1767173990.4142382,4,2,-127
1767173990.4242382,5,-3,-133
1767173990.4342382,9,-5,-135
1767173990.4442382,8,-4,-133
1767173990.4542382,9,-6,-126
1767173990.4642382,6,-3,-125
1767173990.4742382,4,-4,-118
1767173990.484238,0,-1,-118
1767173990.494238,-2,1,-122
1767173990.504238,-3,-2,-123
1767173990.514238,-5,-2,-128
1767173990.524238,-1,-5,-128
1767173990.534238,-2,-4,-128
1767173990.544238,1,0,-131
1767173990.554238,3,0,-136
1767173990.564238,2,-5,-142
1767173990.574238,5,-5,-136
1767173990.584238,3,-2,-132
1767173990.594238,0,-4,-132
1767173990.6042385,-1,-4,-129
1767173990.6142385,3,-1,-122
1767173990.6242385,4,2,-124
1767173990.6342382,4,2,-124
1767173990.6442382,4,7,-126
1767173990.6542382,6,5,-127
1767173990.6642382,4,5,-125
1767173990.6742382,2,9,-127
1767173990.6842382,1,9,-133
1767173990.6942382,1,11,-127
1767173990.7042382,4,10,-127
1767173990.7142382,5,6,-126
1767173990.7242382,4,5,-132
1767173990.734238,2,2,-132
1767173990.744238,6,3,-133
1767173990.754238,6,8,-133
1767173990.764238,6,5,-137
1767173990.774238,-1,2,-134
1767173990.784238,0,2,-136
1767173990.794238,-1,0,-131
1767173990.804238,-6,0,-128
1767173990.814238,-7,-1,-129
1767173990.824238,-5,-5,-130
1767173990.834238,-5,-4,-129
1767173990.844238,-4,-4,-134
1767173990.8542385,0,-6,-131
1767173990.8642385,1,-8,-123
1767173990.8742385,2,-5,-123
1767173990.8842382,0,-3,-127
1767173990.8942382,2,1,-128
1767173990.9042382,1,5,-130
1767173990.9142382,0,0,-122
1767173990.9242382,0,1,-121
1767173990.9342382,0,-2,-125
1767173990.9442382,3,-2,-124
1767173990.9542382,1,-4,-125
1767173990.9642382,0,-3,-130
1767173990.9742382,-2,-2,-127
1767173990.984238,-3,-5,-132
1767173990.994238,-3,-5,-133
1767173991.004238,-3,-1,-129
1767173991.014238,-1,-4,-129
1767173991.024238,0,-1,-123
1767173991.034238,0,0,-121
1767173991.044238,-9,0,-124
1767173991.054238,-9,3,-125
1767173991.064238,0,1,-126
1767173991.074238,0,0,-123
1767173991.084238,0,1,-122
1767173991.094238,0,-6,-113
1767173991.1042385,2,-8,-110
1767173991.1142385,3,-6,-114
1767173991.1242385,6,-4,-114
1767173991.1342382,3,0,-114
1767173991.1442382,4,2,-117
1767173991.1542382,2,-2,-129
1767173991.1642382,1,-5,-129
1767173991.1742382,1,-1,-126
1767173991.1842382,-6,1,-125
1767173991.1942382,-4,3,-122
1767173991.205238,-2,1,-127
1767173991.2142382,1,0,-131
1767173991.2242382,3,-4,-135
1767173991.234238,3,-5,-137
1767173991.245238,3,-4,-139
1767173991.255238,2,0,-136
1767173991.265238,6,1,-134
1767173991.275238,2,3,-131
1767173991.2852385,-7,6,-124
1767173991.2952385,-6,7,-121
1767173991.3052382,-4,3,-120
1767173991.3152382,1,0,-124
1767173991.3252382,3,0,-121
1767173991.3352382,1,-1,-120
1767173991.3452382,3,-1,-120
1767173991.3552382,4,-4,-123
1767173991.3652382,2,-3,-126
1767173991.3752382,-1,-3,-125
1767173991.3852382,-2,-6,-123
1767173991.3952382,-3,-7,-121
1767173991.4052382,-1,-6,-117
1767173991.415238,3,-1,-120
1767173991.425238,2,0,-125
1767173991.435238,1,-2,-114
1767173991.445238,2,-2,-120
1767173991.455238,5,0,-117
1767173991.465238,0,1,-117
1767173991.475238,0,4,-118
1767173991.485238,3,-1,-116
1767173991.495238,2,-3,-120
1767173991.505238,1,0,-115
1767173991.515238,4,0,-121
1767173991.525238,5,-2,-117
1767173991.5352385,4,-4,-126
1767173991.5452385,0,-1,-124
1767173991.5552382,0,0,-130
1767173991.5652382,0,0,-131
1767173991.5752382,-1,0,-130
1767173991.5852382,-3,4,-130
1767173991.5952382,1,5,-127
1767173991.6052382,5,4,-127
1767173991.6152382,4,2,-127
1767173991.6252382,2,-2,-122
1767173991.6352382,2,0,-120
1767173991.6452382,2,0,-116
1767173991.6552382,1,-4,-120
1767173991.665238,0,-7,-121
1767173991.675238,5,-6,-124
1767173991.685238,4,-1,-127
1767173991.695238,5,-2,-130
1767173991.705238,5,-1,-123
1767173991.715238,6,1,-124
1767173991.725238,4,0,-121
1767173991.735238,0,0,-128
1767173991.745238,0,-1,-134
1767173991.755238,-1,-2,-132
1767173991.765238,1,-5,-134
1767173991.775238,2,-6,-124
1767173991.7852385,2,-7,-125
1767173991.7952385,0,-2,-125
1767173991.8052382,0,-5,-124
1767173991.8152382,0,-3,-123
1767173991.8252382,-1,-3,-118
1767173991.8352382,-3,-4,-123
1767173991.8452382,-8,-6,-120
1767173991.8552382,-1,-3,-119
1767173991.8652382,-1,-1,-128
1767173991.8752382,1,-1,-124
1767173991.8852382,1,-2,-130
1767173991.8952382,0,-3,-134
1767173991.9052382,-2,-1,-137
1767173991.915238,-6,4,-140
1767173991.925238,-7,2,-129
1767173991.935238,-7,0,-136
1767173991.945238,-1,0,-134
1767173991.955238,0,4,-127
1767173991.965238,0,0,-134
1767173991.975238,0,-2,-129
1767173991.985238,-2,-6,-119
1767173991.995238,-2,-4,-113
1767173992.005238,2,-4,-109
1767173992.015238,3,-2,-112
1767173992.025238,-2,-3,-115
1767173992.0352385,-4,-7,-120
1767173992.0452385,-4,-7,-124
1767173992.0552382,-3,-5,-123
1767173992.0652382,-2,-4,-122
1767173992.0752382,-10,-3,-130
1767173992.0852382,-8,-9,-132
1767173992.0952382,-9,-10,-129
1767173992.1052382,-9,-8,-121
1767173992.127238,-11,-10,-126
1767173992.1352382,-12,-8,-124
1767173992.1452382,-9,-5,-116
1767173992.1552382,0,-6,-116
1767173992.165238,4,-5,-116
1767173992.175238,1,-2,-120
1767173992.185238,-1,0,-119
1767173992.195238,2,-3,-123
1767173992.205238,0,-2,-126
1767173992.215238,-5,-2,-119
1767173992.225238,-4,-4,-117
1767173992.235238,-6,-3,-118
1767173992.245238,-4,-8,-122
1767173992.255238,0,-11,-120
1767173992.265238,-1,-5,-121
1767173992.275238,2,-4,-120
1767173992.2852385,4,-1,-124
1767173992.2952385,2,0,-128
1767173992.3052382,0,-6,-126
1767173992.3152382,-1,-5,-122
1767173992.3252382,0,-2,-126
1767173992.3352382,3,-5,-131
1767173992.3452382,3,-9,-133
1767173992.3552382,6,-7,-133
1767173992.3652382,9,-4,-135
1767173992.3752382,11,-2,-129
1767173992.3852382,8,-5,-134
1767173992.3952382,7,-4,-135
1767173992.4052382,4,-4,-134
1767173992.415238,3,-2,-132
1767173992.425238,0,-4,-131
1767173992.435238,-1,0,-132
1767173992.445238,-2,1,-133
1767173992.455238,-1,2,-126
1767173992.465238,0,3,-127
1767173992.475238,0,1,-128
1767173992.485238,-2,1,-129
1767173992.495238,0,0,-125
1767173992.505238,1,5,-127
1767173992.515238,-2,2,-131
1767173992.525238,0,0,-133
1767173992.5352385,0,0,-132
1767173992.5452385,-2,1,-130
1767173992.5552382,-4,1,-128
1767173992.5652382,-8,1,-124
1767173992.5752382,-6,-2,-122
1767173992.5852382,-4,-1,-121
1767173992.5952382,2,0,-119
1767173992.6052382,2,-1,-116
1767173992.6152382,1,-3,-116
1767173992.6252382,3,-3,-118
1767173992.6352382,3,-2,-120
1767173992.6452382,3,-4,-125
1767173992.6552382,3,-8,-126
1767173992.665238,7,-8,-122
1767173992.675238,6,-6,-124
1767173992.685238,6,-7,-130
1767173992.695238,7,-6,-136
1767173992.705238,2,-4,-128
1767173992.715238,0,-5,-129
1767173992.725238,-4,-7,-131
1767173992.735238,-3,-6,-132
1767173992.745238,-3,-7,-135
1767173992.755238,-2,-4,-132
1767173992.765238,0,0,-137
1767173992.775238,2,0,-133
1767173992.7852385,2,0,-135
1767173992.7952385,2,0,-132
1767173992.8052382,0,0,-128
1767173992.8152382,-2,-2,-126
1767173992.8252382,-2,-3,-126
1767173992.8352382,-5,0,-124
1767173992.8452382,-5,3,-128
1767173992.8552382,0,1,-129
1767173992.8652382,0,6,-128
1767173992.8752382,-3,3,-126
1767173992.8852382,-2,3,-127
1767173992.8952382,0,2,-120
1767173992.9052382,0,2,-117
1767173992.915238,-5,0,-122
1767173992.925238,-5,0,-124
1767173992.935238,-3,-6,-129
1767173992.945238,-2,-5,-125
1767173992.955238,-1,-3,-125
1767173992.965238,-4,-4,-129
1767173992.975238,-1,0,-130
1767173992.985238,0,5,-128
1767173992.995238,0,8,-132
1767173993.005238,-1,3,-131
1767173993.015238,-5,0,-129
1767173993.025238,-3,-3,-133
1767173993.0352385,-1,-2,-132
1767173993.0452385,-7,-1,-134
1767173993.0552382,-12,-2,-128
1767173993.0652382,-8,-2,-128
1767173993.0752382,-7,-1,-122
1767173993.0852382,-3,0,-126
1767173993.0952382,-3,2,-127
1767173993.1052382,0,-3,-126
1767173993.1152382,3,-5,-128
1767173993.1252382,1,-5,-131
1767173993.1352382,0,-5,-128
1767173993.1452382,0,-6,-132
1767173993.1552382,0,-6,-127
1767173993.165238,6,-2,-123
1767173993.175238,6,1,-121
1767173993.185238,6,0,-120
1767173993.195238,7,4,-121
1767173993.205238,3,6,-124
1767173993.215238,1,6,-124
1767173993.225238,3,4,-124
1767173993.235238,-3,2,-123
1767173993.245238,-1,0,-120
1767173993.255238,0,5,-116
1767173993.265238,1,6,-120
1767173993.275238,2,3,-125
1767173993.2852385,1,0,-122
1767173993.2952385,2,-1,-123
1767173993.3052382,7,-2,-121
1767173993.3152382,3,-1,-119
1767173993.3252382,1,-5,-122
1767173993.3352382,7,-5,-125
1767173993.3452382,7,-6,-128
1767173993.3552382,8,-5,-121
1767173993.3652382,4,-3,-123
1767173993.3752382,0,-2,-126
1767173993.3852382,2,-6,-131
1767173993.3952382,8,-5,-133
1767173993.4052382,10,-4,-129
1767173993.415238,9,-5,-132
1767173993.425238,3,-5,-127
1767173993.435238,1,-2,-121
1767173993.445238,5,-1,-120
1767173993.455238,4,0,-121
1767173993.465238,8,-3,-120
1767173993.475238,8,1,-124
1767173993.485238,6,2,-119
1767173993.495238,5,0,-120
1767173993.505238,6,0,-114
1767173993.515238,5,0,-111
1767173993.525238,6,2,-114
1767173993.5352385,6,1,-115
1767173993.5452385,3,2,-117
1767173993.5552382,6,0,-122
1767173993.5652382,4,-2,-126
1767173993.5752382,-3,-1,-127
1767173993.5852382,-3,-1,-130
1767173993.5952382,-4,3,-124
1767173993.6052382,-3,2,-127
1767173993.6152382,-1,3,-129
1767173993.6252382,-3,4,-130
1767173993.6352382,-2,1,-128
1767173993.6452382,-5,0,-131
1767173993.6552382,-5,-3,-129
1767173993.665238,-6,0,-128
1767173993.675238,-6,1,-123
1767173993.685238,-3,2,-123
1767173993.695238,-1,1,-125
1767173993.705238,2,1,-125
1767173993.715238,5,1,-122
1767173993.725238,10,6,-125
1767173993.735238,11,5,-126
1767173993.745238,5,3,-130
1767173993.755238,9,0,-128
1767173993.765238,8,0,-122
1767173993.775238,9,1,-126
1767173993.7852385,6,-1,-123
1767173993.7952385,1,2,-123
1767173993.8052382,-1,4,-120
1767173993.8152382,1,5,-120
1767173993.8252382,5,-1,-117
1767173993.8352382,8,-4,-121
1767173993.8452382,8,-5,-123
1767173993.8552382,7,-7,-122
1767173993.8652382,4,-8,-129
1767173993.8752382,3,-4,-125
1767173993.886238,3,-2,-132
1767173993.896238,5,-2,-128
1767173993.906238,5,-1,-130
1767173993.916238,8,0,-127
1767173993.926238,5,2,-124
1767173993.936238,2,1,-128
1767173993.946238,4,0,-133
1767173993.9562385,1,1,-136
1767173993.9662385,1,1,-141
1767173993.9762385,1,4,-136
1767173993.9862382,1,0,-134
1767173993.9962382,0,-1,-136
1767173994.0062382,-3,-2,-136
1767173994.0162382,-3,-4,-129
1767173994.0262382,-1,-5,-134
1767173994.0362382,2,-3,-137
1767173994.0462382,2,-3,-141
1767173994.0562382,2,-3,-140
1767173994.0662382,5,-6,-133
1767173994.0762382,3,-1,-127
1767173994.086238,1,-3,-129
1767173994.096238,1,-5,-132
1767173994.106238,0,-5,-125
1767173994.116238,1,-2,-122
1767173994.126238,0,-2,-127
1767173994.136238,-3,-2,-123
1767173994.146238,-2,0,-126
1767173994.156238,-2,2,-123
1767173994.166238,-5,7,-118
1767173994.176238,-4,5,-121
1767173994.186238,-1,7,-122
1767173994.196238,-3,0,-119
1767173994.2062385,-2,-3,-115
1767173994.2162385,-4,-6,-113
1767173994.2262385,-9,-8,-114
1767173994.2362382,-6,-12,-121
1767173994.2462382,-2,-10,-119
1767173994.2562382,0,-8,-122
1767173994.2662382,0,-9,-129
1767173994.2762382,-5,-8,-129
1767173994.2862382,-7,-4,-126
1767173994.2962382,-6,-5,-127
1767173994.3062382,-1,-3,-133
1767173994.3162382,3,1,-134
1767173994.3262382,-1,-2,-136
1767173994.336238,-4,0,-135
1767173994.346238,-7,-2,-130
1767173994.356238,-3,0,-129
1767173994.366238,0,0,-119
1767173994.376238,1,-3,-117
1767173994.386238,3,-3,-116
1767173994.396238,1,-7,-114
1767173994.406238,0,-8,-122
1767173994.416238,5,-11,-121
1767173994.426238,1,-10,-115
1767173994.436238,0,-9,-118
1767173994.446238,0,-6,-116
1767173994.4562385,4,-4,-108
1767173994.4662385,5,0,-112
1767173994.4762385,2,2,-124
1767173994.4862382,1,0,-127
1767173994.4962382,3,-2,-125
1767173994.5062382,4,0,-129
1767173994.5162382,3,0,-132
1767173994.5262382,3,-2,-132
1767173994.5362382,5,-1,-128
1767173994.5462382,5,0,-122
1767173994.5562382,4,2,-125
1767173994.5662382,-1,1,-119
1767173994.5762382,0,-4,-117
1767173994.586238,-1,-4,-117
1767173994.596238,-4,-6,-121
1767173994.606238,-2,-5,-121
1767173994.616238,0,-1,-123
1767173994.626238,-4,-1,-125
1767173994.636238,-3,-2,-126
1767173994.646238,-2,0,-122
1767173994.656238,-3,-2,-115
1767173994.666238,-3,-2,-122
1767173994.676238,0,0,-122
1767173994.686238,-3,1,-125
1767173994.696238,-3,2,-123
1767173994.7062385,-1,-2,-126
1767173994.7162385,-2,-5,-125
1767173994.7262385,0,-7,-131
1767173994.7362382,-2,-4,-134
1767173994.7462382,-1,-5,-134
1767173994.7562382,1,-2,-135
1767173994.7662382,0,0,-132
1767173994.7762382,0,-3,-129
1767173994.7862382,4,-4,-122
1767173994.7962382,3,-6,-122
1767173994.8062382,4,-4,-117
1767173994.8162382,3,0,-118
1767173994.8262382,3,2,-120
1767173994.836238,4,1,-121
1767173994.846238,-2,0,-122
1767173994.856238,-8,0,-121
1767173994.866238,-8,1,-122
1767173994.876238,-5,0,-121
1767173994.886238,-8,-6,-120
1767173994.896238,-12,-4,-121
1767173994.906238,-9,-3,-117
1767173994.916238,-4,-2,-114
1767173994.926238,-3,-1,-112
1767173994.936238,3,1,-111
1767173994.946238,0,3,-118
1767173994.9562385,0,3,-119
1767173994.9662385,3,0,-119
1767173994.9762385,2,1,-122
1767173994.9862382,0,0,-122
1767173994.9962382,1,-1,-119
1767173995.0062382,4,-4,-125
1767173995.0162382,6,-6,-125
1767173995.0262382,0,-3,-119
1767173995.0362382,0,0,-123
1767173995.0462382,2,0,-128
1767173995.0562382,3,0,-131
1767173995.0662382,3,-4,-132
1767173995.0762382,3,-2,-132
1767173995.086238,1,1,-130
1767173995.096238,0,3,-127
1767173995.106238,-1,2,-130
1767173995.116238,0,0,-132
1767173995.126238,0,-3,-134
1767173995.136238,0,-6,-132
1767173995.146238,1,-6,-128
1767173995.156238,0,-1,-127
1767173995.166238,-2,0,-129
1767173995.176238,-3,6,-125
1767173995.186238,-7,3,-129
1767173995.196238,-11,1,-130
1767173995.2062385,-7,-3,-131
1767173995.2162385,-2,-3,-130
1767173995.2262385,-2,-5,-132
1767173995.2362382,-2,-2,-123
1767173995.2462382,-2,1,-116
1767173995.2562382,-3,2,-121
1767173995.2662382,0,2,-122
1767173995.2762382,3,0,-119
1767173995.2862382,0,-1,-124
1767173995.2962382,-1,0,-121
1767173995.3062382,-1,0,-120
1767173995.3162382,-2,-3,-118
1767173995.3262382,-5,-1,-117
1767173995.336238,-6,-2,-119
1767173995.346238,-6,-5,-121
1767173995.356238,-7,-6,-122
1767173995.366238,-2,-5,-123
1767173995.376238,-2,-7,-125
1767173995.386238,-2,-6,-138
1767173995.396238,-2,-5,-141
1767173995.406238,-5,-4,-139
1767173995.416238,-6,-1,-135
1767173995.426238,-5,-2,-136
1767173995.436238,0,-2,-131
1767173995.446238,-4,-4,-128
1767173995.4562385,-5,-1,-128
1767173995.4662385,-2,-3,-124
1767173995.4762385,-4,-2,-121
1767173995.4862382,-6,-4,-116
1767173995.4962382,0,-2,-109
1767173995.5062382,0,-3,-113
1767173995.5162382,1,-2,-122
1767173995.5262382,0,-2,-127
1767173995.5362382,0,-3,-126
1767173995.5462382,0,-3,-121
1767173995.5562382,0,-4,-116
1767173995.5662382,-2,-4,-120
1767173995.5762382,0,-4,-127
1767173995.586238,-4,-6,-132
1767173995.596238,-6,-2,-130
1767173995.606238,-2,0,-132
1767173995.616238,5,-1,-130
1767173995.626238,6,-2,-124
1767173995.636238,6,-1,-122
1767173995.646238,6,1,-122
1767173995.656238,4,-2,-120
1767173995.666238,2,-5,-119
1767173995.676238,4,-5,-116
1767173995.686238,0,-4,-116
1767173995.696238,0,-4,-122
1767173995.7062385,-3,0,-123
1767173995.7162385,-3,3,-129
1767173995.7262385,-4,5,-133
1767173995.7362382,0,3,-130
1767173995.7462382,0,1,-132
1767173995.7562382,-1,1,-134
1767173995.7662382,4,-1,-129
1767173995.7762382,0,0,-124
1767173995.7862382,0,-1,-120
1767173995.7962382,1,-1,-121
1767173995.8062382,0,0,-122
1767173995.8162382,-3,-3,-125
1767173995.8262382,-2,-4,-123
1767173995.836238,0,-1,-120
1767173995.846238,3,-3,-121
1767173995.856238,5,-5,-122
1767173995.866238,4,0,-118
1767173995.876238,0,3,-123
1767173995.886238,2,5,-118
1767173995.896238,0,1,-116
1767173995.906238,0,4,-113
1767173995.916238,0,0,-112
1767173995.926238,-3,-1,-116
1767173995.936238,-2,-6,-121
1767173995.946238,-4,-9,-128
1767173995.9562385,-3,-3,-128
1767173995.9662385,2,1,-129
1767173995.9762385,1,2,-133
1767173995.9862382,0,0,-131
1767173995.9962382,1,-1,-130
1767173996.0062382,0,0,-136
1767173996.0162382,2,-1,-132
1767173996.0262382,1,-3,-131
1767173996.0362382,-1,-4,-124
1767173996.0462382,4,-1,-125
1767173996.0562382,5,0,-125
1767173996.0662382,7,0,-122
1767173996.0762382,6,0,-117
1767173996.086238,5,-1,-121
1767173996.096238,5,-2,-118
1767173996.106238,8,-2,-117
1767173996.116238,3,0,-115
1767173996.126238,1,0,-120
1767173996.136238,2,1,-126
1767173996.146238,-1,2,-126
1767173996.156238,0,3,-120
1767173996.166238,2,2,-122
1767173996.176238,0,-2,-123
1767173996.186238,-5,0,-125
1767173996.196238,-6,-1,-122
1767173996.2062385,-4,-2,-124
1767173996.2162385,-3,-3,-121
1767173996.2262385,-5,-4,-116
1767173996.2362382,-5,-4,-112
1767173996.2462382,-4,-6,-107
1767173996.2562382,-2,-4,-116
1767173996.2662382,-3,-5,-122
1767173996.2762382,-1,-5,-124
1767173996.2862382,-4,-7,-123
1767173996.2962382,-3,-4,-126
1767173996.3062382,-2,-4,-128
1767173996.3162382,1,-4,-135
1767173996.3262382,1,-5,-129
1767173996.336238,1,-2,-132
1767173996.346238,1,-1,-130
1767173996.356238,4,0,-127
1767173996.366238,0,0,-125
1767173996.376238,-1,-1,-122
1767173996.386238,-5,-3,-126
1767173996.396238,-5,0,-129
1767173996.406238,-5,-2,-126
1767173996.416238,1,-3,-133
1767173996.426238,-1,-1,-131
1767173996.436238,0,-2,-127
1767173996.446238,2,-4,-127
1767173996.4562385,0,-4,-127
1767173996.4662385,-2,-1,-123
1767173996.4762385,-3,-1,-127
1767173996.4862382,-5,-3,-129
1767173996.4962382,-5,-6,-127
1767173996.5062382,-5,-3,-127
1767173996.517238,-2,-4,-123
1767173996.5262382,-1,-3,-122
1767173996.5362382,-4,-5,-119
1767173996.547238,-10,-7,-117
1767173996.557238,-6,-9,-120
1767173996.5662382,-9,-6,-121
1767173996.577238,-5,-4,-124
1767173996.587238,-7,-1,-120
1767173996.597238,-3,0,-112
1767173996.607238,-3,-1,-120
1767173996.617238,-9,-3,-118
1767173996.627238,-6,-3,-118
1767173996.6372385,-7,-7,-116
1767173996.6472385,-2,-8,-112
1767173996.6572382,-2,-3,-109
1767173996.6672382,0,-6,-120
1767173996.6772382,3,-5,-124
1767173996.6872382,4,-3,-128
1767173996.6972382,1,-4,-126
1767173996.7072382,3,-1,-129
1767173996.7172382,3,1,-123
1767173996.7272382,4,1,-123
1767173996.7372382,3,1,-122
1767173996.7472382,2,3,-126
1767173996.757238,0,0,-128
1767173996.767238,0,-3,-128
1767173996.777238,-1,-1,-131
1767173996.787238,3,-1,-125
1767173996.797238,2,1,-127
1767173996.807238,2,-1,-130
1767173996.817238,0,-3,-136
1767173996.827238,0,-7,-131
1767173996.837238,0,-5,-123
1767173996.847238,-1,-3,-123
1767173996.857238,-3,-2,-127
1767173996.867238,1,1,-122
1767173996.877238,2,-1,-122
1767173996.8872385,-2,-1,-124
1767173996.8972385,-5,0,-122
1767173996.9072382,-5,2,-124
1767173996.9172382,-2,0,-129
1767173996.9272382,-2,-1,-133
1767173996.9372382,0,-5,-134
1767173996.9472382,-2,-5,-135
1767173996.9572382,-4,-4,-134
1767173996.968238,-6,-2,-124
1767173996.9772382,-3,-2,-120
1767173996.9872382,-9,-4,-122
1767173996.9972382,-7,0,-117
1767173997.007238,-3,2,-115
1767173997.017238,-7,-1,-113
1767173997.027238,-2,0,-109
1767173997.037238,-2,0,-117
1767173997.047238,0,0,-118
1767173997.057238,0,-3,-118
1767173997.067238,-2,-3,-119
1767173997.077238,1,-1,-117
1767173997.087238,0,-1,-115
1767173997.097238,0,-3,-120
1767173997.107238,3,-2,-121
1767173997.117238,1,0,-123
1767173997.1382382,3,-6,-124
1767173997.1472385,-3,-1,-120
1767173997.1572382,1,-1,-125
1767173997.1672382,1,-2,-130
1767173997.1772382,6,-1,-128
1767173997.1872382,8,1,-127
1767173997.1972382,4,2,-129
1767173997.2072382,5,4,-125
1767173997.2172382,2,3,-120
1767173997.2272382,0,1,-127
1767173997.2372382,0,-1,-130
1767173997.2472382,2,-2,-134
1767173997.257238,5,0,-135
1767173997.267238,9,7,-131
1767173997.277238,0,4,-130
1767173997.287238,0,4,-129
1767173997.297238,0,1,-129
1767173997.307238,1,-1,-130
1767173997.317238,-1,0,-136
1767173997.327238,-5,0,-132
1767173997.337238,-5,3,-121
1767173997.347238,-2,1,-118
1767173997.357238,-2,4,-118
1767173997.367238,-2,5,-120
1767173997.377238,0,5,-119
1767173997.3872385,2,6,-124
1767173997.3972385,4,4,-124
1767173997.4072382,2,2,-125
1767173997.4172382,3,3,-127
1767173997.4272382,0,1,-127
1767173997.4372382,0,1,-128
1767173997.4472382,-4,1,-129
1767173997.4572382,-4,0,-122
1767173997.4672382,-1,-1,-119
1767173997.4772382,1,0,-115
1767173997.4872382,0,0,-117
1767173997.4972382,2,0,-114
1767173997.507238,4,4,-114
1767173997.517238,4,0,-113
1767173997.527238,1,-5,-111
1767173997.537238,0,-2,-113
1767173997.547238,1,-5,-112
1767173997.557238,4,-8,-115
1767173997.567238,8,-6,-117
1767173997.577238,8,-1,-120
1767173997.587238,7,3,-119
1767173997.597238,1,2,-123
1767173997.607238,1,-3,-122
1767173997.617238,6,-3,-118
1767173997.627238,6,-3,-107
1767173997.6372385,5,-2,-108
1767173997.6472385,5,-4,-116
1767173997.6572382,4,-6,-125
1767173997.6672382,0,-6,-125
1767173997.6772382,0,-8,-126
1767173997.6872382,5,-10,-121
1767173997.6972382,6,-11,-122
1767173997.7072382,5,-9,-121
1767173997.7172382,5,-3,-118
1767173997.7272382,8,-2,-119
1767173997.7372382,10,-1,-121
1767173997.7472382,5,0,-118
1767173997.757238,3,-2,-124
1767173997.767238,3,-1,-129
1767173997.777238,0,3,-127
1767173997.787238,1,4,-134
1767173997.797238,0,6,-131
1767173997.807238,0,1,-133
1767173997.817238,0,4,-137
1767173997.827238,-1,1,-133
1767173997.837238,2,3,-128
1767173997.847238,1,4,-131
1767173997.857238,0,0,-131
1767173997.867238,0,0,-133
1767173997.877238,-2,0,-136
1767173997.8872385,-7,-1,-131
1767173997.8972385,-2,0,-133
1767173997.9072382,-5,-1,-132
1767173997.9172382,-8,-4,-127
1767173997.9272382,-6,-8,-122
1767173997.9372382,-6,-10,-118
1767173997.9472382,-4,-7,-121
1767173997.9572382,-3,-6,-131
1767173997.9672382,-3,-5,-125
1767173997.9772382,-3,-7,-123
1767173997.9872382,-4,-7,-119
1767173997.9972382,-8,-5,-121
1767173998.007238,-9,-6,-122
1767173998.017238,-4,0,-116
1767173998.027238,-3,4,-118
1767173998.037238,-2,1,-114
1767173998.047238,-5,0,-112
1767173998.057238,-10,-1,-113
1767173998.067238,-9,-3,-113
1767173998.077238,-4,-1,-113
1767173998.087238,0,3,-122
1767173998.097238,0,5,-122
1767173998.107238,3,7,-123
1767173998.117238,3,0,-125
1767173998.127238,0,-2,-125
1767173998.1372385,-3,-1,-123
1767173998.1472385,-2,-5,-126
1767173998.1572382,-2,-7,-131
1767173998.1672382,-4,-8,-121
1767173998.1772382,0,-9,-124
1767173998.1872382,0,-9,-125
1767173998.1972382,1,-4,-128
1767173998.2072382,0,-1,-120
1767173998.2172382,-2,0,-124
1767173998.2272382,-8,-2,-124
1767173998.2372382,-4,-4,-126
1767173998.2472382,-1,-9,-126
1767173998.257238,2,-5,-124
1767173998.267238,2,-7,-125
1767173998.277238,4,-9,-122
1767173998.287238,10,-9,-123
1767173998.297238,9,-5,-124
1767173998.307238,7,-3,-123
1767173998.317238,7,-3,-126
1767173998.327238,8,-6,-119
1767173998.337238,7,-6,-122
1767173998.347238,6,-4,-120
1767173998.357238,5,-6,-123
1767173998.367238,5,-7,-123
1767173998.377238,4,-4,-120
1767173998.3872385,1,-5,-123
1767173998.3972385,0,-4,-129
1767173998.4072382,-3,-2,-129
1767173998.4172382,-3,1,-131
1767173998.4272382,-3,-1,-122
1767173998.4372382,2,1,-117
1767173998.4472382,4,0,-117
1767173998.4572382,4,-4,-111
1767173998.4672382,3,-2,-113
1767173998.4772382,1,0,-117
1767173998.4872382,5,1,-115
1767173998.4972382,3,2,-125
1767173998.507238,0,1,-132
1767173998.517238,3,1,-126
1767173998.527238,1,0,-126
1767173998.537238,0,2,-125
1767173998.547238,3,0,-125
1767173998.557238,1,-3,-128
1767173998.567238,5,-4,-127
1767173998.577238,4,-6,-128
1767173998.587238,2,-2,-129
1767173998.597238,0,0,-123
1767173998.607238,-1,1,-128
1767173998.617238,-1,0,-123
1767173998.627238,0,1,-123
1767173998.6372385,1,2,-122
1767173998.6472385,6,0,-119
1767173998.6572382,7,0,-115
1767173998.6672382,3,0,-116
1767173998.6772382,5,0,-120
1767173998.6872382,5,-4,-125
1767173998.6972382,1,-5,-133
1767173998.7072382,-1,-7,-129
1767173998.7172382,0,-5,-125
1767173998.7272382,1,-3,-129
1767173998.7372382,3,-5,-132
1767173998.7472382,0,-1,-128
1767173998.757238,0,0,-124
1767173998.767238,-6,-1,-121
1767173998.777238,-6,0,-125
1767173998.787238,-3,2,-127
1767173998.797238,-1,0,-128
1767173998.807238,-2,-1,-126
1767173998.817238,0,0,-121
1767173998.827238,0,1,-121
1767173998.837238,-1,-1,-118
1767173998.847238,-2,-8,-118
1767173998.857238,-5,-7,-122
1767173998.867238,-5,-6,-126
1767173998.877238,-3,-7,-124
1767173998.8872385,1,-6,-127
1767173998.8972385,4,0,-124
1767173998.9072382,5,0,-119
1767173998.9172382,4,-6,-121
1767173998.9272382,5,-5,-124
1767173998.9372382,1,-6,-122
1767173998.9472382,0,-4,-123
1767173998.9572382,-1,-5,-118
1767173998.9672382,-1,-5,-115
1767173998.9772382,0,-4,-116
1767173998.9872382,4,0,-121
1767173998.9972382,6,-3,-127
1767173999.007238,5,-4,-127
1767173999.017238,2,-8,-127
1767173999.027238,0,-5,-128
1767173999.037238,1,-4,-128
1767173999.047238,0,-6,-128
1767173999.057238,0,-5,-124
1767173999.067238,0,-4,-121
1767173999.077238,-1,-1,-124
1767173999.087238,-4,0,-127
1767173999.097238,-1,0,-126
1767173999.107238,0,-1,-128
1767173999.117238,-1,1,-125
1767173999.127238,-3,1,-121
1767173999.1372385,-4,-1,-116
1767173999.1472385,-5,-3,-115
1767173999.1582382,0,-1,-111
1767173999.1672382,2,-2,-112
1767173999.1772382,2,-4,-115
1767173999.1872382,1,-3,-125
1767173999.198238,-1,-1,-117
1767173999.208238,0,-2,-118
1767173999.218238,4,-2,-115
1767173999.228238,7,0,-114
1767173999.238238,0,0,-113
1767173999.248238,-2,0,-119
1767173999.258238,-3,-5,-124
1767173999.268238,-1,-5,-127
1767173999.278238,1,0,-121
1767173999.288238,-2,1,-116
1767173999.298238,-4,0,-117
1767173999.3082385,-6,1,-119
1767173999.3182385,-3,-1,-122
1767173999.3282382,-1,0,-119
1767173999.3382382,-1,-1,-119
1767173999.3482382,-1,0,-118
1767173999.3582382,1,1,-112
1767173999.3682382,5,3,-116
1767173999.3782382,3,0,-119
1767173999.3882382,5,-6,-117
1767173999.3982382,0,-3,-121
1767173999.4082382,-2,-1,-125
1767173999.4182382,-4,-2,-118
1767173999.4282382,-3,-2,-111
1767173999.438238,-2,-2,-115
1767173999.448238,-2,-1,-110
1767173999.458238,3,-3,-117
1767173999.468238,2,-2,-124
1767173999.478238,3,-1,-129
1767173999.488238,1,0,-125
1767173999.498238,1,-3,-123
1767173999.508238,0,-6,-127
1767173999.518238,-1,-4,-125
1767173999.528238,0,-6,-124
1767173999.538238,1,-5,-122
1767173999.548238,-2,-7,-123
1767173999.5582385,-2,-3,-119
1767173999.5682385,0,-4,-117
1767173999.5782382,-4,-2,-115
1767173999.5882382,-5,1,-115
1767173999.5982382,-4,-4,-114
1767173999.6082382,-1,-3,-112
1767173999.6182382,-3,-5,-111
1767173999.6282382,-1,-4,-114
1767173999.6382382,-2,-2,-112
1767173999.6482382,2,-2,-122
1767173999.6582382,0,-2,-125
1767173999.6682382,-6,-1,-135
1767173999.6782382,-4,-2,-134
1767173999.688238,-3,-1,-131
1767173999.698238,-5,1,-122
1767173999.708238,-2,1,-122
1767173999.718238,-2,-3,-120
1767173999.728238,0,0,-126
1767173999.738238,3,-3,-122
1767173999.748238,2,-6,-112
1767173999.758238,3,-10,-117
1767173999.768238,9,-11,-120
1767173999.778238,10,-11,-117
1767173999.788238,5,-8,-116
1767173999.798238,5,-9,-117
1767173999.8082385,4,-7,-123
1767173999.8182385,0,-7,-120
1767173999.8282382,1,-3,-119
1767173999.8382382,6,-3,-118
1767173999.8482382,7,-2,-126
1767173999.8582382,7,0,-128
1767173999.8682382,1,-4,-124
1767173999.8782382,-4,0,-122
1767173999.8882382,-2,-1,-128
1767173999.8982382,2,0,-122
1767173999.9082382,4,0,-123
1767173999.9182382,5,-1,-124
1767173999.9282382,4,-5,-127
1767173999.938238,6,-6,-124
1767173999.948238,0,-3,-121
1767173999.958238,3,-5,-120
1767173999.968238,5,-7,-121
1767173999.978238,4,-6,-123
1767173999.988238,3,-1,-125
1767173999.998238,2,0,-131
1767174000.008238,-3,-4,-130
1767174000.018238,-2,-3,-134
1767174000.028238,-1,-5,-135
1767174000.038238,-1,-4,-129
1767174000.048238,0,0,-120
1767174000.0582385,0,-1,-122
1767174000.0682385,6,-2,-119
1767174000.0782382,0,-3,-118
1767174000.0882382,-2,0,-120
1767174000.0982382,-4,0,-124
1767174000.1082382,-7,4,-128
1767174000.1182382,-6,5,-130
1767174000.1282382,-7,2,-132
1767174000.1382382,-9,6,-129
1767174000.1482382,-7,4,-123
1767174000.1582382,-8,3,-118
1767174000.1682382,-9,2,-124
1767174000.1782382,-8,-1,-124
1767174000.188238,-10,-1,-122
1767174000.198238,-8,0,-124
1767174000.208238,-12,1,-127
1767174000.218238,-5,0,-127
1767174000.228238,-4,-3,-125
1767174000.238238,-4,-3,-124
1767174000.248238,-2,-4,-118
1767174000.258238,0,-3,-119
1767174000.268238,0,-1,-123
1767174000.278238,3,0,-123
1767174000.288238,5,-3,-127
1767174000.298238,4,0,-128
1767174000.3082385,1,2,-130
1767174000.3182385,5,2,-132
1767174000.3282382,5,0,-135
1767174000.3382382,4,0,-137
1767174000.3482382,1,-1,-133
1767174000.3582382,3,0,-129
1767174000.3682382,3,-1,-126
1767174000.3782382,3,0,-119
1767174000.3882382,3,1,-130
1767174000.3982382,0,-1,-130
1767174000.4082382,0,0,-125
1767174000.4182382,0,-5,-120
1767174000.4282382,-3,-4,-121
1767174000.438238,-2,0,-116
1767174000.448238,-3,0,-111
1767174000.458238,0,0,-109
1767174000.468238,3,-1,-110
1767174000.478238,0,-4,-113
1767174000.488238,2,-3,-125
1767174000.498238,2,-4,-125
1767174000.508238,-4,-4,-132
1767174000.518238,-1,-4,-127
1767174000.528238,-2,-2,-132
1767174000.538238,-4,-3,-130
1767174000.548238,-1,-2,-128
1767174000.5582385,2,0,-131
1767174000.5682385,0,0,-136
1767174000.5782382,-1,3,-128
1767174000.5882382,-7,3,-130
1767174000.5982382,-6,2,-126
1767174000.6082382,-4,1,-124
1767174000.6182382,-2,1,-125
1767174000.6282382,-1,0,-124
1767174000.6382382,3,-1,-122
1767174000.6482382,1,0,-121
1767174000.6582382,2,-1,-122
1767174000.6682382,1,-5,-125
1767174000.6782382,1,-4,-126
1767174000.688238,-1,-3,-131
1767174000.698238,-1,-5,-136
1767174000.708238,-1,-3,-138
1767174000.718238,-3,-5,-138
1767174000.728238,-5,-2,-136
1767174000.738238,-5,0,-127
1767174000.748238,-2,0,-130
1767174000.758238,-2,2,-127
1767174000.768238,0,0,-126
1767174000.778238,2,-1,-124
1767174000.788238,3,1,-117
1767174000.798238,1,0,-120
1767174000.8082385,-4,-2,-123
1767174000.8182385,-4,0,-121
1767174000.8282382,-7,1,-116
1767174000.8382382,-10,1,-121
1767174000.8482382,-5,-6,-128
1767174000.8582382,-1,-9,-129
1767174000.8682382,0,-9,-130
1767174000.8782382,-3,-1,-136
1767174000.8882382,-1,-4,-132
1767174000.8982382,-6,-5,-131
1767174000.9082382,-6,-1,-127
1767174000.9182382,-8,-1,-122
1767174000.9282382,-9,0,-123
1767174000.938238,-5,0,-118
1767174000.948238,-7,0,-112
1767174000.958238,-8,3,-108
1767174000.968238,-6,1,-113
1767174000.978238,-3,-4,-113
1767174000.988238,-5,-2,-120
1767174000.998238,-4,-3,-130
1767174001.008238,0,-3,-135
1767174001.018238,2,-4,-129
1767174001.028238,2,-1,-124
1767174001.038238,1,2,-124
1767174001.048238,0,3,-123
1767174001.0582385,3,1,-117
1767174001.0682385,5,4,-117
1767174001.0782382,4,3,-117
1767174001.0882382,4,-1,-119
1767174001.0982382,2,-2,-116
1767174001.1082382,2,-2,-126
1767174001.1182382,1,-2,-125
1767174001.1282382,3,-3,-126
1767174001.1382382,5,-1,-126
1767174001.1482382,5,0,-127
1767174001.1582382,8,-4,-124
1767174001.1682382,4,-7,-123
1767174001.1782382,4,-9,-126
1767174001.188238,4,-8,-120
1767174001.198238,0,-4,-116
1767174001.208238,-1,-1,-116
1767174001.218238,-2,4,-113
1767174001.228238,-9,0,-123
1767174001.238238,-6,0,-122
1767174001.248238,-1,0,-122
1767174001.258238,-1,4,-123
1767174001.2692382,-2,4,-128
1767174001.278238,-4,1,-124
1767174001.288238,-5,0,-122
1767174001.298238,-5,-4,-123
1767174001.3082385,-5,-9,-124
1767174001.3182385,-7,-8,-122
1767174001.3282382,-1,-10,-122
1767174001.3382382,1,-9,-125
1767174001.3482382,1,-6,-120
1767174001.3582382,6,-5,-125
1767174001.3682382,8,-1,-134
1767174001.3782382,9,1,-138
1767174001.3882382,7,-1,-136
1767174001.3982382,5,-5,-142
1767174001.4082382,0,-8,-138
1767174001.4182382,-2,-4,-134
1767174001.4282382,-1,-4,-136
1767174001.438238,2,-2,-136
1767174001.448238,1,-2,-134
1767174001.458238,1,1,-135
1767174001.468238,3,0,-134
1767174001.478238,5,1,-132
1767174001.488238,2,-1,-133
1767174001.498238,4,0,-131
1767174001.508238,7,-1,-131
1767174001.518238,3,-2,-128
1767174001.528238,0,-1,-125
1767174001.538238,4,-1,-129
1767174001.548238,3,-2,-127
1767174001.5582385,4,2,-122
1767174001.5682385,6,1,-124
1767174001.5782382,5,-1,-127
1767174001.5882382,3,-5,-125
1767174001.5982382,4,-3,-124
1767174001.6082382,-1,-5,-126
1767174001.6182382,-2,-6,-134
1767174001.6282382,-4,-5,-131
1767174001.6382382,-3,-4,-134
1767174001.6482382,1,-2,-134
1767174001.6582382,4,0,-126
1767174001.6682382,0,-3,-128
1767174001.6782382,1,-6,-120
1767174001.688238,-2,-4,-114
1767174001.698238,0,-2,-117
1767174001.708238,4,-1,-110
1767174001.718238,-2,-2,-109
1767174001.728238,-6,-5,-108
1767174001.738238,-5,-7,-110
1767174001.748238,-8,1,-113
1767174001.758238,-10,1,-118
1767174001.768238,-8,-3,-121
1767174001.7792382,-6,-2,-126
1767174001.788238,-3,-1,-126
1767174001.7992382,-1,5,-129
1767174001.8082385,0,4,-132
1767174001.8192382,-2,0,-132
1767174001.8292382,-5,0,-123
1767174001.8392382,-4,0,-124
1767174001.8492382,-4,-2,-121
1767174001.859238,-4,0,-114
1767174001.869238,-3,-2,-116
1767174001.879238,-4,0,-117
1767174001.889238,0,2,-113
1767174001.899238,0,-2,-122
1767174001.909238,-3,-2,-122
1767174001.919238,0,-2,-117
1767174001.929238,1,0,-117
1767174001.939238,0,2,-110
1767174001.949238,-3,1,-109
1767174001.959238,-7,-1,-109
1767174001.969238,-8,-2,-122
1767174001.9792385,-9,1,-121
1767174001.9892385,-6,-1,-122
1767174001.9992385,-4,-2,-121
1767174002.0092382,-4,-2,-123
1767174002.0192382,-4,1,-122
1767174002.0292382,-3,1,-126
1767174002.0392382,1,1,-124
1767174002.0492382,0,0,-130
1767174002.0592382,-2,-3,-129
1767174002.0692382,-2,-1,-132
1767174002.0792382,0,0,-133
1767174002.0892382,-1,-1,-130
1767174002.0992382,-2,0,-128
1767174002.109238,-3,-2,-131
1767174002.119238,0,-5,-129
1767174002.129238,0,-7,-122
1767174002.1512382,-2,-9,-132
1767174002.159238,-3,-8,-126
1767174002.169238,0,-9,-127
1767174002.179238,2,-9,-127
1767174002.189238,2,-4,-129
1767174002.199238,3,-5,-123
1767174002.209238,1,-7,-113
1767174002.219238,0,-6,-113
1767174002.2292385,0,-1,-115
1767174002.2392385,-2,-1,-116
1767174002.2492385,2,0,-112
1767174002.2592382,-1,0,-115
1767174002.2692382,-6,-5,-125
1767174002.2792382,-4,-7,-132
1767174002.2892382,-6,-10,-135
1767174002.2992382,-6,-8,-138
1767174002.3092382,-7,-6,-140
1767174002.3192382,-6,-4,-133
1767174002.3292382,-5,-3,-123
1767174002.3392382,-6,-3,-122
1767174002.3492382,-4,0,-116
1767174002.359238,0,-1,-109
1767174002.369238,-5,-2,-113
1767174002.379238,-7,-5,-113
1767174002.389238,-8,-7,-116
1767174002.399238,-8,-5,-116
1767174002.409238,-7,-3,-118
1767174002.419238,-9,-3,-120
1767174002.429238,-7,-3,-121
1767174002.439238,-4,-3,-132
1767174002.449238,-3,-9,-129
1767174002.459238,0,-7,-130
1767174002.469238,2,-6,-129
1767174002.4792385,4,-7,-130
1767174002.4892385,4,-9,-131
1767174002.4992385,1,-9,-129
1767174002.5092382,0,-11,-132
1767174002.5192382,2,-15,-135
1767174002.5292382,7,-14,-129
1767174002.5392382,6,-10,-120
1767174002.5492382,9,-8,-119
1767174002.5592382,5,-9,-116
1767174002.5692382,4,-3,-119
1767174002.5792382,5,0,-125
1767174002.5892382,4,0,-125
1767174002.5992382,2,0,-128
1767174002.609238,2,2,-131
1767174002.619238,1,1,-138
1767174002.629238,2,0,-140
1767174002.639238,2,-2,-140
1767174002.649238,5,-1,-136
1767174002.659238,7,-1,-129
1767174002.669238,0,-1,-132
1767174002.679238,-3,-1,-132
1767174002.689238,-7,-1,-125
1767174002.699238,-3,2,-124
1767174002.709238,-2,3,-116
1767174002.719238,-3,3,-119
1767174002.7292385,-4,4,-121
1767174002.7392385,-2,-1,-116
1767174002.7492385,-5,0,-123
1767174002.7592382,-3,-2,-135
1767174002.7692382,-2,-4,-138
1767174002.7792382,-5,-6,-137
1767174002.7892382,-3,-5,-131
1767174002.7992382,-6,-6,-132
1767174002.8092382,-3,-5,-129
1767174002.8192382,2,-3,-128
1767174002.8292382,3,-8,-128
1767174002.8392382,1,-3,-126
1767174002.8492382,-1,-5,-124
1767174002.859238,-1,0,-127
1767174002.869238,-2,0,-119
1767174002.879238,-3,1,-112
1767174002.889238,-3,-1,-117
1767174002.899238,-2,-3,-123
1767174002.909238,-3,0,-124
1767174002.919238,-2,1,-117
1767174002.929238,-2,2,-120
1767174002.939238,0,0,-122
1767174002.949238,3,-1,-118
1767174002.959238,2,-2,-126
1767174002.969238,2,-3,-132
1767174002.9792385,2,-1,-135
1767174002.9892385,0,-2,-138
1767174002.9992385,2,-3,-138
1767174003.0092382,2,-2,-135
1767174003.0192382,3,-1,-140
1767174003.0292382,0,-2,-135
1767174003.0392382,2,-1,-129
1767174003.0492382,1,-2,-124
1767174003.0592382,3,-3,-127
1767174003.0692382,0,-3,-125
1767174003.0792382,0,-3,-124
1767174003.0892382,1,0,-127
1767174003.0992382,6,-3,-127
1767174003.109238,3,-4,-129
1767174003.119238,5,-2,-125
1767174003.129238,3,-2,-130
1767174003.139238,0,-4,-129
1767174003.149238,2,-1,-128
1767174003.159238,1,1,-127
1767174003.169238,1,1,-129
1767174003.179238,2,0,-124
1767174003.189238,-4,-3,-128
1767174003.199238,-4,-4,-134
1767174003.209238,-2,-2,-134
1767174003.219238,0,0,-135
1767174003.2292385,2,-1,-135
1767174003.2392385,6,-5,-135
1767174003.2492385,6,-2,-135
1767174003.2592382,6,-2,-136
1767174003.2692382,6,-2,-136
1767174003.2792382,1,-2,-128
1767174003.2892382,-2,-4,-121
1767174003.2992382,-3,-4,-121
1767174003.3092382,-3,0,-124
1767174003.3192382,-4,-3,-125
1767174003.3292382,-4,-3,-124
1767174003.3392382,-5,-1,-131
1767174003.3492382,-7,0,-131
1767174003.359238,-5,-3,-127
1767174003.369238,-8,-6,-127
1767174003.379238,-7,-4,-125
1767174003.389238,-7,-4,-127
1767174003.399238,-6,-1,-127
1767174003.409238,-7,3,-126
1767174003.419238,-7,4,-126
1767174003.429238,-8,0,-125
1767174003.439238,-8,-1,-122
1767174003.449238,-11,-6,-122
1767174003.459238,-9,-4,-116
1767174003.469238,-9,-3,-114
1767174003.4792385,-7,-6,-120
1767174003.4892385,-2,-3,-122
1767174003.4992385,0,-1,-125
1767174003.5092382,0,-2,-125
1767174003.5192382,-2,0,-122
1767174003.5292382,-3,-2,-115
1767174003.5392382,-2,-6,-109
1767174003.5492382,0,-6,-116
1767174003.5592382,0,-4,-117
1767174003.5692382,-1,-5,-120
1767174003.5792382,0,0,-122
1767174003.5892382,1,0,-128
1767174003.5992382,3,-1,-129
1767174003.609238,1,0,-128
1767174003.619238,1,0,-127
1767174003.629238,2,2,-123
1767174003.639238,1,-1,-129
1767174003.649238,-2,-2,-125
1767174003.659238,-3,-5,-126
1767174003.669238,-3,-4,-126
1767174003.679238,-7,-6,-124
1767174003.689238,-6,-7,-118
1767174003.699238,-6,-5,-115
1767174003.709238,-10,-1,-115
1767174003.719238,-6,0,-119
1767174003.7292385,-4,-3,-120
1767174003.7392385,-5,-2,-121
1767174003.7492385,0,-3,-126
1767174003.7592382,1,-2,-126
1767174003.7692382,2,-1,-123
1767174003.7792382,0,0,-121
1767174003.7892382,-1,0,-120
1767174003.7992382,0,-3,-123
1767174003.8092382,0,-2,-121
1767174003.8192382,-2,2,-122
1767174003.8292382,0,5,-122
1767174003.8392382,0,2,-128
1767174003.8492382,0,2,-125
1767174003.859238,-2,4,-121
1767174003.869238,-1,1,-118
1767174003.879238,-3,2,-115
1767174003.889238,-3,-1,-114
1767174003.899238,0,0,-128
1767174003.909238,-5,-1,-129
1767174003.919238,-8,-3,-138
1767174003.929238,-7,-2,-130
1767174003.939238,-5,0,-126
1767174003.949238,-6,-5,-133
1767174003.959238,-4,-7,-137
1767174003.969238,-1,-8,-134
1767174003.9792385,-2,-2,-131
1767174003.9892385,-4,-5,-133
1767174003.9992385,-1,-7,-128
1767174004.0092382,-4,-8,-128
1767174004.0192382,-5,-9,-125
1767174004.0292382,-3,-3,-129
1767174004.0392382,-2,0,-136
1767174004.0492382,-1,-1,-135
1767174004.0592382,2,-3,-127
1767174004.0692382,5,-3,-126
1767174004.0792382,5,-3,-133
1767174004.0892382,8,-6,-128
1767174004.0992382,6,-6,-122
1767174004.109238,3,-7,-124
1767174004.119238,3,-1,-123
1767174004.129238,6,0,-120
1767174004.139238,2,0,-124
1767174004.149238,6,1,-126
1767174004.159238,4,-1,-128
1767174004.169238,0,-6,-135
1767174004.179238,4,-8,-135
1767174004.189238,1,-4,-141
1767174004.199238,0,-4,-138
1767174004.209238,1,-3,-129
1767174004.219238,3,-2,-119
1767174004.2292385,6,-4,-116
1767174004.2392385,4,0,-121
1767174004.2492385,4,3,-131
1767174004.2592382,3,5,-131
1767174004.2692382,1,2,-127
1767174004.2792382,-1,2,-128
1767174004.2892382,-5,1,-119
1767174004.2992382,-6,5,-120
1767174004.3092382,-4,6,-120
1767174004.3192382,-1,7,-121
1767174004.3292382,-2,7,-115
1767174004.3392382,1,1,-115
1767174004.3492382,3,0,-118
1767174004.359238,2,0,-118
1767174004.369238,2,1,-122
1767174004.379238,6,-2,-126
1767174004.389238,4,-1,-127
1767174004.399238,4,2,-126
1767174004.409238,3,0,-126
1767174004.4202385,0,2,-125
1767174004.429238,0,0,-125
1767174004.439238,-2,-5,-125
1767174004.449238,0,-8,-132
1767174004.4602382,1,-7,-133
1767174004.4702382,1,-7,-136
1767174004.4802382,0,-4,-139
1767174004.4902382,0,-4,-132
1767174004.5002382,2,-3,-131
1767174004.5102382,-5,-6,-127
1767174004.5202382,-6,-4,-134
1767174004.5302382,-8,-5,-138
1767174004.540238,-7,-5,-139
1767174004.5492382,-10,-10,-130
1767174004.560238,-8,-10,-125
1767174004.570238,-3,-6,-124
1767174004.580238,0,-2,-118
1767174004.590238,0,-1,-122
1767174004.600238,1,1,-123
1767174004.610238,0,1,-119
1767174004.620238,0,3,-123
1767174004.630238,-3,1,-121
1767174004.640238,0,3,-124
1767174004.650238,1,5,-124
1767174004.6602385,3,4,-122
1767174004.6702385,1,2,-126
1767174004.6802382,0,0,-129
1767174004.6902382,-1,0,-123
1767174004.7002382,-5,-3,-124
1767174004.7102382,-9,-1,-120
1767174004.7202382,-5,4,-122
1767174004.7302382,-3,6,-121
1767174004.7402382,-3,7,-123
1767174004.7502382,-1,6,-130
1767174004.7602382,0,5,-132
1767174004.7702382,0,5,-131
1767174004.7802382,-3,4,-128
1767174004.790238,-3,3,-134
1767174004.800238,-3,1,-130
1767174004.810238,-6,1,-130
1767174004.820238,-8,-1,-126
1767174004.830238,-11,-3,-127
1767174004.840238,-5,-1,-117
1767174004.850238,-1,0,-121
1767174004.860238,-1,3,-129
1767174004.870238,-3,0,-127
1767174004.880238,-3,0,-121
1767174004.890238,-1,0,-116
1767174004.900238,-1,-1,-116
1767174004.9102385,-3,-4,-124
1767174004.9202385,0,-2,-125
1767174004.9302382,1,1,-129
1767174004.9402382,0,2,-125
1767174004.9502382,0,3,-119
1767174004.9602382,1,2,-120
1767174004.9702382,0,0,-120
1767174004.9802382,0,-2,-123
1767174004.9902382,2,-4,-122
1767174005.0002382,1,-5,-120
1767174005.0102382,-1,-4,-115
1767174005.0202382,0,0,-125
1767174005.0302382,-1,-1,-128
1767174005.040238,-6,-1,-130
1767174005.050238,-5,-4,-124
1767174005.060238,-5,-6,-126
1767174005.070238,0,0,-131
1767174005.080238,0,-3,-132
1767174005.090238,-3,2,-135
1767174005.100238,-4,2,-133
1767174005.110238,-2,5,-126
1767174005.120238,0,3,-126
1767174005.130238,2,0,-130
1767174005.140238,-1,0,-128
1767174005.150238,-1,0,-124
1767174005.1602385,3,0,-124
1767174005.1702385,0,2,-128
1767174005.1802382,-1,4,-125
1767174005.1902382,-5,4,-122
1767174005.2002382,-6,1,-120
1767174005.2102382,-2,0,-128
1767174005.2202382,-1,0,-134
1767174005.2302382,2,1,-134
1767174005.2402382,5,3,-129
1767174005.2502382,6,1,-132
1767174005.2602382,3,-3,-130
1767174005.2702382,0,-7,-127
1767174005.2802382,-1,-3,-130
1767174005.290238,1,-1,-130
1767174005.300238,2,-1,-129
1767174005.310238,3,-3,-129
1767174005.320238,4,0,-132
1767174005.330238,3,2,-120
1767174005.340238,0,3,-114
1767174005.350238,2,5,-115
1767174005.360238,2,3,-117
1767174005.370238,2,3,-115
1767174005.380238,0,8,-120
1767174005.390238,0,6,-124
1767174005.400238,-6,6,-118
1767174005.4102385,-10,3,-123
1767174005.4202385,-11,5,-123
1767174005.4302382,-11,3,-124
1767174005.4402382,-5,6,-122
1767174005.4502382,-8,7,-124
1767174005.4602382,-9,7,-132
1767174005.4702382,-5,9,-131
1767174005.4802382,-6,10,-132
1767174005.4902382,-7,6,-131
1767174005.5002382,-6,3,-127
1767174005.5102382,-5,0,-122
1767174005.5202382,-4,0,-124
1767174005.5302382,-5,0,-124
1767174005.540238,-1,-3,-124
1767174005.550238,-3,-1,-132
1767174005.560238,-5,-1,-133
1767174005.570238,-5,-1,-124
1767174005.580238,-2,-2,-119
1767174005.590238,-3,0,-123
1767174005.600238,-5,-1,-120
1767174005.610238,-1,-5,-129
1767174005.620238,0,-4,-131
1767174005.630238,0,-1,-131
1767174005.640238,2,-2,-128
1767174005.650238,1,2,-129
1767174005.6602385,0,-2,-127
1767174005.6702385,1,0,-127
1767174005.6802382,2,-3,-135
1767174005.6902382,3,-3,-132
1767174005.7002382,1,-1,-134
1767174005.7102382,0,2,-138
1767174005.7202382,0,1,-134
1767174005.7302382,3,1,-128
1767174005.7402382,7,-2,-135
1767174005.7502382,2,0,-135
1767174005.7602382,2,1,-130
1767174005.7702382,4,0,-124
1767174005.7802382,6,3,-121
1767174005.790238,4,2,-120
1767174005.800238,7,0,-125
1767174005.810238,3,0,-124
1767174005.820238,1,0,-129
1767174005.830238,1,1,-124
1767174005.840238,0,-1,-123
1767174005.850238,0,0,-127
1767174005.860238,2,0,-130
1767174005.870238,0,-4,-131
1767174005.880238,2,-2,-127
1767174005.890238,0,-1,-122
1767174005.900238,0,-1,-119
1767174005.9102385,2,-4,-119
1767174005.9202385,0,-5,-120
1767174005.9302382,-2,-6,-119
1767174005.9402382,0,-6,-119
1767174005.9502382,-3,-3,-120
1767174005.9602382,-7,-4,-123
1767174005.9702382,-10,0,-126
1767174005.9802382,-7,0,-125
1767174005.9902382,-12,-1,-128
1767174006.0002382,-16,-3,-126
1767174006.0102382,-16,-5,-117
1767174006.0202382,-14,-7,-117
1767174006.0302382,-11,-9,-115
1767174006.040238,-7,-4,-115
1767174006.050238,-1,-1,-119
1767174006.060238,1,0,-124
1767174006.070238,4,0,-121
1767174006.080238,2,1,-120
1767174006.090238,2,1,-116
1767174006.100238,3,1,-118
1767174006.110238,-1,0,-124
1767174006.120238,-4,-2,-126
1767174006.130238,-1,-5,-129
1767174006.140238,1,-4,-133
1767174006.150238,3,-3,-126
1767174006.1602385,0,-4,-127
1767174006.1702385,0,-2,-123
1767174006.1802382,3,-3,-126
1767174006.1902382,4,-1,-120
1767174006.2002382,2,0,-125
1767174006.2102382,0,1,-125
1767174006.2202382,1,0,-125
1767174006.2302382,2,1,-123
1767174006.2402382,0,1,-118
1767174006.2502382,-2,-4,-119
1767174006.2602382,0,-4,-121
1767174006.2702382,0,-5,-120
1767174006.2802382,0,-4,-121
1767174006.290238,0,-2,-120
1767174006.300238,0,-4,-117
1767174006.310238,0,-1,-114
1767174006.320238,0,1,-114
1767174006.330238,-2,5,-110
1767174006.340238,2,3,-112
1767174006.350238,0,0,-113
1767174006.360238,0,1,-121
1767174006.370238,0,-1,-124
1767174006.380238,5,-4,-125
1767174006.390238,2,-4,-123
1767174006.400238,0,-6,-118
1767174006.4102385,-1,-4,-114
1767174006.4202385,-1,-5,-109
1767174006.4302382,3,-5,-113
1767174006.4402382,5,-4,-117
1767174006.4502382,2,-1,-115
1767174006.4602382,4,-2,-121
1767174006.4702382,5,0,-129
1767174006.4802382,3,0,-132
1767174006.4902382,4,0,-133
1767174006.5002382,5,0,-132
1767174006.5102382,8,-6,-137
1767174006.5202382,7,-6,-132
1767174006.5302382,10,-10,-127
1767174006.540238,6,-10,-126
1767174006.550238,9,-10,-127
1767174006.560238,6,-8,-131
1767174006.570238,6,-7,-130
1767174006.580238,3,-9,-131
1767174006.590238,4,-8,-128
1767174006.600238,3,-6,-125
1767174006.610238,4,-3,-124
1767174006.620238,5,-2,-123
1767174006.630238,0,-6,-117
1767174006.640238,2,-5,-116
1767174006.650238,1,-3,-123
1767174006.6602385,-1,-2,-121
1767174006.6702385,0,-1,-122
1767174006.6802382,0,-3,-128
1767174006.6902382,-1,-6,-130
1767174006.7002382,0,-3,-130
1767174006.7102382,-2,-1,-128
1767174006.7202382,3,-1,-128
1767174006.7302382,0,-1,-124
1767174006.7402382,4,-4,-117
1767174006.7502382,3,-3,-116
1767174006.7602382,4,-5,-113
1767174006.7702382,0,-6,-110
1767174006.7802382,1,-3,-109
1767174006.790238,0,-4,-110
1767174006.800238,-1,-6,-109
1767174006.810238,0,-3,-107
1767174006.820238,-5,-1,-110
1767174006.830238,-2,0,-116
1767174006.840238,-4,2,-122
1767174006.850238,-4,4,-127
1767174006.860238,-5,4,-128
1767174006.870238,-4,2,-127
1767174006.880238,0,5,-126
1767174006.890238,4,5,-127
1767174006.900238,1,0,-123
1767174006.9102385,0,2,-123
1767174006.9202385,4,0,-131
1767174006.9302382,8,0,-134
1767174006.9402382,5,0,-132
1767174006.9502382,7,-4,-126
1767174006.9602382,6,-3,-125
1767174006.9702382,5,-3,-131
1767174006.9802382,2,-3,-131
1767174006.9902382,2,-4,-126
1767174007.0002382,2,-2,-125
1767174007.0102382,2,0,-122
1767174007.0202382,0,-1,-123
1767174007.0302382,4,-1,-132
1767174007.040238,8,-3,-130
1767174007.050238,6,1,-132
1767174007.061238,1,-1,-134
1767174007.070238,0,-5,-130
1767174007.080238,2,-5,-132
1767174007.090238,3,-2,-128
1767174007.1012385,1,0,-129
1767174007.1112382,0,0,-129
1767174007.1212382,-1,0,-127
1767174007.1312382,-2,8,-123
1767174007.1412382,2,4,-122
1767174007.162238,-1,0,-125
1767174007.1712382,0,-3,-122
1767174007.1812382,0,-2,-127
1767174007.1912382,-2,0,-133
1767174007.2012382,-3,-2,-132
1767174007.211238,-7,-4,-131
1767174007.221238,-7,-4,-129
1767174007.231238,-6,-5,-131
1767174007.241238,-7,-4,-127
1767174007.251238,-3,0,-120
1767174007.261238,0,0,-117
1767174007.271238,-2,0,-121
1767174007.281238,0,-2,-122
1767174007.291238,-2,0,-122
1767174007.301238,0,0,-125
1767174007.311238,4,-1,-119
1767174007.321238,8,0,-125
1767174007.3312385,8,1,-128
1767174007.3412385,3,3,-124
1767174007.3512385,4,1,-124
1767174007.3612382,3,0,-124
1767174007.3712382,4,-2,-130
1767174007.3812382,3,-3,-128
1767174007.3912382,2,-2,-122
1767174007.4012382,0,-4,-120
1767174007.4112382,0,-4,-120
1767174007.4212382,-1,-2,-130
1767174007.4312382,-1,0,-131
1767174007.4412382,-2,0,-135
1767174007.4512382,-4,-2,-135
1767174007.461238,-6,0,-135
1767174007.471238,-8,-1,-130
1767174007.481238,-9,-2,-127
1767174007.491238,-7,1,-123
1767174007.501238,-5,-1,-120
1767174007.511238,-3,-3,-114
1767174007.521238,-5,0,-112
1767174007.531238,-12,-5,-116
1767174007.541238,-11,-3,-115
1767174007.551238,-8,-1,-114
1767174007.561238,-10,-1,-122
1767174007.571238,-13,-3,-125
1767174007.5812385,-13,-5,-132
1767174007.5912385,-9,-7,-131
1767174007.6012385,-3,-9,-129
1767174007.6112382,-1,-9,-122
1767174007.6212382,0,-7,-123
1767174007.6312382,-2,-4,-119
1767174007.6412382,0,-3,-118
1767174007.6512382,-1,-8,-125
1767174007.6612382,2,-6,-129
1767174007.6712382,0,-5,-132
1767174007.6812382,4,-2,-131
1767174007.6912382,6,-4,-129
1767174007.7012382,5,-8,-126
1767174007.711238,4,-9,-123
1767174007.721238,0,-6,-121
1767174007.731238,-3,-6,-124
1767174007.741238,-5,-6,-121
1767174007.751238,0,-5,-123
1767174007.761238,1,0,-123
1767174007.771238,2,0,-120
1767174007.781238,9,-2,-122
1767174007.791238,8,-3,-124
1767174007.801238,7,-4,-130
1767174007.811238,4,-1,-130
1767174007.821238,0,-2,-127
1767174007.8312385,-4,5,-130
1767174007.8412385,-5,5,-133
1767174007.8512385,0,4,-129
1767174007.8612382,2,4,-131
1767174007.8712382,-3,1,-134
1767174007.8812382,0,2,-132
1767174007.8912382,-4,1,-130
1767174007.9012382,-3,-2,-131
1767174007.9112382,-1,-5,-131
1767174007.9212382,0,-6,-129
1767174007.9312382,1,-6,-121
1767174007.9412382,-2,-3,-120
1767174007.9512382,0,-3,-126
1767174007.961238,0,-3,-122
1767174007.971238,4,-4,-121
1767174007.981238,3,-1,-123
1767174007.991238,1,0,-118
1767174008.001238,2,-2,-120
1767174008.011238,3,-3,-116
1767174008.021238,4,-4,-125
1767174008.031238,1,-1,-123
1767174008.041238,2,0,-123
1767174008.051238,5,0,-125
1767174008.061238,12,1,-125
1767174008.071238,9,2,-124
1767174008.0812385,8,6,-127
1767174008.0912385,5,2,-123
1767174008.1012385,3,0,-127
1767174008.1112382,1,0,-127
1767174008.1212382,-1,0,-130
1767174008.1312382,1,-4,-127
1767174008.1412382,0,-11,-129
1767174008.1512382,0,-9,-123
1767174008.1612382,0,-3,-122
1767174008.1712382,-4,-1,-119
1767174008.1812382,-2,0,-121
1767174008.1912382,-1,2,-120
1767174008.2012382,-3,4,-119
1767174008.211238,-4,2,-118
1767174008.221238,-7,3,-121
1767174008.231238,-7,1,-118
1767174008.241238,-6,-3,-114
1767174008.251238,-7,0,-115
1767174008.261238,-8,0,-115
1767174008.271238,-11,0,-118
1767174008.281238,-10,1,-115
1767174008.291238,-10,5,-114
1767174008.301238,-11,4,-111
1767174008.311238,-3,2,-114
1767174008.321238,0,3,-121
1767174008.3312385,3,0,-119
1767174008.3412385,7,-3,-120
1767174008.3512385,4,-6,-121
1767174008.3612382,2,-4,-124
1767174008.3712382,4,-1,-124
1767174008.3812382,2,-1,-123
1767174008.3912382,2,-4,-125
1767174008.4012382,0,-1,-126
1767174008.4112382,0,2,-129
1767174008.4212382,0,1,-120
1767174008.4312382,0,-2,-120
1767174008.4412382,0,-4,-125
1767174008.4512382,2,-5,-129
1767174008.461238,2,0,-135
1767174008.471238,0,0,-126
1767174008.481238,0,-3,-118
1767174008.491238,-1,-5,-117
1767174008.501238,-5,-8,-114
1767174008.511238,-1,-5,-118
1767174008.521238,1,-1,-126
1767174008.531238,3,-2,-127
1767174008.541238,2,-4,-127
1767174008.551238,0,-2,-129
1767174008.561238,2,1,-135
1767174008.571238,5,1,-137
1767174008.5812385,0,0,-135
1767174008.5912385,4,1,-134
1767174008.6012385,1,0,-128
1767174008.6112382,0,-1,-120
1767174008.6212382,2,-5,-121
1767174008.6312382,0,-6,-128
1767174008.6412382,0,-6,-125
1767174008.6512382,-3,-3,-121
1767174008.6612382,1,-4,-119
1767174008.6712382,4,-4,-120
1767174008.6812382,5,1,-121
1767174008.6912382,7,4,-119
1767174008.7012382,6,0,-117
1767174008.711238,5,-3,-122
1767174008.721238,4,-3,-125
1767174008.731238,0,-2,-129
1767174008.741238,-2,0,-131
1767174008.751238,0,2,-131
1767174008.761238,2,-2,-131
1767174008.771238,3,-3,-125
1767174008.781238,3,-2,-125
1767174008.791238,6,-4,-123
1767174008.801238,3,-6,-121
1767174008.811238,0,-8,-120
1767174008.821238,3,-8,-125
1767174008.8312385,2,-6,-129
1767174008.8412385,6,-5,-129
1767174008.8512385,5,-4,-124
1767174008.8612382,6,0,-126
1767174008.8712382,7,0,-127
1767174008.8812382,6,1,-123
1767174008.8912382,6,-3,-120
1767174008.9012382,4,-6,-119
1767174008.9112382,4,-4,-124
1767174008.9212382,5,-2,-123
1767174008.9312382,3,0,-124
1767174008.9412382,0,-1,-123
1767174008.9512382,-1,-1,-124
1767174008.961238,2,4,-122
1767174008.971238,3,6,-118
1767174008.981238,2,7,-118
1767174008.991238,2,9,-118
1767174009.001238,6,5,-119
1767174009.011238,4,5,-128
1767174009.021238,5,2,-133
1767174009.031238,4,4,-128
1767174009.041238,3,2,-129
1767174009.051238,2,1,-128
1767174009.061238,3,2,-126
1767174009.071238,2,0,-126
1767174009.0812385,1,-1,-122
1767174009.0912385,2,-4,-117
1767174009.1012385,1,-4,-121
1767174009.1112382,3,-1,-121
1767174009.1212382,0,-1,-119
1767174009.1312382,-1,-1,-129
1767174009.1412382,-1,-4,-129
1767174009.1512382,-3,-1,-134
1767174009.1612382,-5,0,-130
1767174009.1712382,0,0,-130
1767174009.1812382,0,0,-133
1767174009.1912382,-5,-2,-134
1767174009.2012382,-2,-5,-134
1767174009.211238,-1,-5,-125
1767174009.221238,-5,-5,-128
1767174009.231238,-2,-5,-130
1767174009.241238,0,-6,-126
1767174009.251238,1,-6,-125
1767174009.261238,4,-2,-124
1767174009.271238,6,-6,-128
1767174009.281238,7,-9,-128
1767174009.291238,4,-6,-125
1767174009.301238,3,-4,-132
1767174009.311238,5,-4,-126
1767174009.321238,7,-5,-127
1767174009.3312385,3,-7,-128
1767174009.3412385,-1,-5,-124
1767174009.3512385,-4,0,-119
1767174009.3612382,2,2,-114
1767174009.3712382,2,5,-114
1767174009.3812382,3,6,-113
1767174009.3912382,0,4,-119
1767174009.4012382,1,2,-119
1767174009.4112382,1,-1,-115
1767174009.4212382,3,-1,-117
1767174009.4312382,5,0,-121
1767174009.4412382,3,1,-121
1767174009.4512382,0,-1,-118
1767174009.461238,-2,-1,-124
1767174009.471238,-4,-1,-128
1767174009.481238,-3,5,-128
1767174009.491238,-1,5,-131
1767174009.501238,-2,1,-132
1767174009.511238,1,2,-130
1767174009.521238,2,0,-122
1767174009.531238,0,1,-120
1767174009.541238,-3,-1,-122
1767174009.551238,-1,0,-126
1767174009.561238,0,3,-127
1767174009.571238,0,1,-122
1767174009.5812385,1,0,-131
1767174009.5912385,2,0,-130
1767174009.6012385,0,-3,-130
1767174009.6112382,4,-5,-131
1767174009.6212382,2,-3,-131
1767174009.6312382,2,0,-128
1767174009.6412382,0,-3,-124
1767174009.6512382,2,-3,-124
1767174009.6612382,0,-1,-128
1767174009.6712382,-3,-2,-131
1767174009.682238,-5,-1,-124
1767174009.6912382,-5,2,-122
1767174009.7012382,-8,0,-117
1767174009.712238,-5,-2,-121
1767174009.721238,-1,-2,-123
1767174009.732238,-3,-5,-122
1767174009.742238,-5,-8,-125
1767174009.752238,-1,-7,-123
1767174009.7622385,1,-3,-127
1767174009.7722385,4,-4,-126
1767174009.7822382,4,-6,-119
1767174009.7922382,0,-7,-117
1767174009.8022382,2,-9,-112
1767174009.8122382,3,-8,-116
1767174009.8222382,2,-3,-121
1767174009.8322382,1,0,-124
1767174009.8422382,-2,0,-126
1767174009.8522382,0,0,-123
1767174009.8622382,1,-4,-126
1767174009.8722382,2,-1,-132
1767174009.882238,0,2,-129
1767174009.892238,0,1,-122
1767174009.902238,6,3,-131
1767174009.912238,7,4,-136
1767174009.922238,3,3,-135
1767174009.932238,0,1,-131
1767174009.942238,-1,2,-123
1767174009.952238,-3,3,-125
1767174009.962238,2,2,-132
1767174009.972238,1,0,-133
1767174009.982238,0,-3,-132
1767174009.992238,1,-3,-131
1767174010.002238,0,-4,-130
1767174010.0122385,1,-2,-129
1767174010.0222385,2,-3,-119
1767174010.0322382,0,-4,-119
1767174010.0422382,-6,-5,-113
1767174010.0522382,-7,-5,-117
1767174010.0622382,-3,-3,-122
1767174010.0722382,0,-2,-117
1767174010.0822382,-1,0,-120
1767174010.0922382,1,0,-117
1767174010.1022382,2,3,-116
1767174010.1122382,1,1,-115
1767174010.1222382,-3,0,-117
1767174010.132238,0,-2,-115
1767174010.142238,-1,0,-117
1767174010.152238,0,1,-112
1767174010.162238,-2,-1,-119
1767174010.172238,-4,-5,-123
1767174010.182238,1,-2,-129
1767174010.192238,0,-6,-130
1767174010.202238,0,-8,-137
1767174010.212238,-2,-10,-130
1767174010.222238,-2,-6,-124
1767174010.232238,-3,-6,-124
1767174010.242238,-5,-7,-129
1767174010.252238,-1,-4,-136
1767174010.2622385,-4,-4,-125
1767174010.2722385,-7,2,-129
1767174010.2822382,-4,5,-123
1767174010.2922382,0,3,-120
1767174010.3022382,-1,2,-125
1767174010.3122382,-4,1,-114
1767174010.3222382,-8,0,-108
1767174010.3322382,-9,1,-109
1767174010.3422382,-9,-1,-111
1767174010.3522382,-9,-2,-115
1767174010.3622382,-8,-3,-118
1767174010.3722382,-4,-4,-118
1767174010.382238,-6,-2,-115
1767174010.392238,-3,6,-118
1767174010.402238,-2,7,-116
1767174010.412238,-3,5,-115
1767174010.422238,-1,2,-120
1767174010.432238,-4,2,-119
1767174010.442238,-5,2,-115
1767174010.452238,-7,0,-112
1767174010.462238,-2,0,-113
1767174010.472238,-4,-1,-114
1767174010.482238,-4,-5,-120
1767174010.492238,-2,-7,-124
1767174010.502238,-7,0,-127
1767174010.5122385,-2,-1,-124
1767174010.5222385,3,-3,-119
1767174010.5322382,2,0,-120
1767174010.5422382,1,2,-127
1767174010.5522382,0,-2,-131
1767174010.5622382,-2,0,-127
1767174010.5722382,-3,0,-123
1767174010.5822382,-6,-1,-123
1767174010.5922382,-4,-6,-122
1767174010.6022382,-9,-4,-116
1767174010.6122382,-6,-5,-114
1767174010.6222382,-7,-5,-111
1767174010.632238,-5,-1,-109
1767174010.642238,-6,-2,-111
1767174010.652238,-7,0,-111
1767174010.662238,-8,0,-110
1767174010.672238,-5,-2,-111
1767174010.682238,-4,-3,-110
1767174010.692238,-9,-2,-116
1767174010.702238,-7,-4,-125
1767174010.712238,-6,-2,-126
1767174010.722238,-2,-2,-123
1767174010.732238,-3,-2,-126
1767174010.742238,-2,-4,-124
1767174010.752238,-2,0,-126
1767174010.7622385,-5,0,-130
1767174010.7722385,-3,0,-133
1767174010.7822382,-1,2,-131
1767174010.7922382,-4,5,-130
1767174010.8022382,-1,7,-132
1767174010.8122382,-1,1,-134
1767174010.8222382,-2,0,-140
1767174010.8322382,-4,-1,-135
1767174010.8422382,-4,1,-133
1767174010.8522382,0,0,-120
1767174010.8622382,5,0,-124
1767174010.8722382,0,0,-122
1767174010.882238,0,0,-124
1767174010.892238,0,-2,-126
1767174010.902238,-4,-4,-126
1767174010.912238,0,-4,-126
1767174010.922238,3,-3,-122
1767174010.932238,2,-3,-126
1767174010.942238,0,0,-128
1767174010.952238,-3,-1,-128
1767174010.962238,0,-3,-129
1767174010.972238,1,3,-124
1767174010.982238,7,6,-123
1767174010.992238,1,4,-125
1767174011.002238,2,3,-122
1767174011.0122385,1,1,-119
1767174011.0222385,-4,-2,-123
1767174011.0322382,-1,-2,-117
1767174011.0422382,0,3,-123
1767174011.0522382,3,0,-126
1767174011.0622382,0,-4,-124
1767174011.0722382,-4,-2,-122
1767174011.0822382,-10,-4,-126
1767174011.0922382,-11,-3,-121
1767174011.1022382,-8,-3,-122
1767174011.1122382,-7,-5,-124
1767174011.1222382,-2,-4,-129
1767174011.132238,5,-4,-126
1767174011.142238,3,-2,-131
1767174011.152238,2,-3,-130
1767174011.162238,-1,-3,-132
1767174011.172238,-1,1,-136
1767174011.182238,0,5,-134
1767174011.192238,-2,3,-133
1767174011.202238,1,3,-134
1767174011.212238,2,2,-131
1767174011.222238,1,1,-123
1767174011.232238,5,0,-119
1767174011.242238,6,-2,-113
1767174011.252238,7,-3,-109
1767174011.2622385,8,-1,-110
1767174011.2722385,-2,1,-114
1767174011.2822382,-4,-1,-113
1767174011.2922382,-1,2,-115
1767174011.3022382,2,-3,-114
1767174011.3122382,1,-1,-116
1767174011.3222382,-2,1,-119
1767174011.3322382,0,-1,-126
1767174011.3422382,3,-2,-133
1767174011.3522382,6,-1,-136
1767174011.3622382,3,0,-133
1767174011.3722382,0,-1,-130
1767174011.382238,-3,0,-128
1767174011.392238,-4,2,-123
1767174011.402238,-4,7,-120
1767174011.412238,-2,5,-126
1767174011.422238,-5,5,-126
1767174011.432238,-4,3,-128
1767174011.442238,-2,3,-125
1767174011.452238,-5,4,-124
1767174011.462238,-4,7,-126
1767174011.472238,0,3,-130
1767174011.482238,4,-1,-127
1767174011.492238,1,-1,-129
1767174011.502238,1,-4,-127
1767174011.5122385,2,-8,-122
1767174011.5222385,0,-10,-124
1767174011.5322382,-1,-7,-125
1767174011.5422382,-2,-10,-126
1767174011.5522382,-5,-10,-128
1767174011.5622382,-5,-5,-133
1767174011.5722382,0,-8,-127
1767174011.5822382,0,-3,-126
1767174011.5922382,-1,-5,-125
1767174011.6022382,0,-2,-123
1767174011.6122382,1,0,-126
1767174011.6222382,0,0,-122
1767174011.632238,0,-1,-121
1767174011.642238,2,-6,-126
1767174011.652238,5,-5,-124
1767174011.662238,5,0,-118
1767174011.672238,3,0,-116
1767174011.682238,1,4,-113
1767174011.692238,-3,2,-118
1767174011.702238,1,2,-118
1767174011.712238,-4,0,-117
1767174011.722238,-4,4,-117
1767174011.732238,-4,1,-112
1767174011.742238,-6,-2,-115
1767174011.752238,0,-4,-114
1767174011.7622385,0,-4,-112
1767174011.7722385,-2,-4,-117
1767174011.7822382,0,-5,-126
1767174011.7922382,-4,-6,-123
1767174011.8022382,-8,-9,-124
1767174011.8122382,-5,-7,-126
1767174011.8222382,-6,-5,-129
1767174011.8322382,-5,-4,-129
1767174011.8422382,-3,-6,-122
1767174011.8522382,-6,-6,-125
1767174011.8622382,-5,-3,-126
1767174011.8722382,-2,-2,-127
1767174011.882238,-3,-2,-125
1767174011.892238,-4,-4,-122
1767174011.902238,-6,-7,-122
1767174011.912238,-4,-4,-118
1767174011.922238,-7,-3,-127
1767174011.932238,-8,-2,-135
1767174011.942238,-8,1,-137
1767174011.952238,-4,0,-133
1767174011.962238,-3,-2,-132
1767174011.972238,2,-5,-129
1767174011.982238,2,-1,-131
1767174011.992238,-1,2,-122
1767174012.002238,1,0,-121
1767174012.0122385,-5,-1,-128
1767174012.0222385,-6,2,-121
1767174012.0322382,-3,0,-123
1767174012.0422382,-4,-4,-121
1767174012.0522382,-2,-2,-118
1767174012.0622382,-3,-2,-116
1767174012.0722382,-1,0,-122
1767174012.0822382,-1,-1,-121
1767174012.0922382,3,0,-117
1767174012.1022382,4,1,-118
1767174012.1122382,0,0,-123
1767174012.1222382,-3,0,-127
1767174012.132238,-4,1,-125
1767174012.142238,-1,1,-122
1767174012.152238,0,0,-123
1767174012.1742382,0,1,-129
1767174012.182238,0,0,-131
1767174012.192238,-3,0,-131
1767174012.202238,-1,0,-125
1767174012.212238,-1,-2,-125
1767174012.222238,-5,-7,-122
1767174012.232238,-6,-6,-126
1767174012.242238,-10,-7,-124
1767174012.252238,-10,-4,-122
1767174012.2622385,-9,-5,-123
1767174012.2722385,-4,0,-123
1767174012.2822382,-6,0,-119
1767174012.2922382,-2,1,-121
1767174012.3022382,0,-3,-119
1767174012.3122382,5,-7,-123
1767174012.3222382,2,-6,-120
1767174012.3322382,4,-5,-121
1767174012.343238,6,-4,-114
1767174012.3522382,5,-5,-118
1767174012.3622382,5,-6,-113
1767174012.373238,2,-2,-122
1767174012.383238,5,-1,-122
1767174012.393238,1,-2,-120
1767174012.403238,1,-1,-122
1767174012.413238,0,0,-126
1767174012.423238,0,1,-123
1767174012.4332385,-1,1,-130
1767174012.4432385,-1,0,-128
1767174012.4532382,1,1,-127
1767174012.4632382,2,0,-123
1767174012.472238,2,2,-128
1767174012.4832382,2,3,-123
1767174012.4932382,-3,0,-116
1767174012.5032382,-7,1,-116
1767174012.5132382,-4,0,-115
1767174012.5232382,-7,1,-116
1767174012.5332382,-3,0,-115
1767174012.5432382,-1,-2,-116
1767174012.5532382,0,0,-117
1767174012.563238,0,0,-123
1767174012.573238,4,0,-129
1767174012.583238,7,0,-132
1767174012.593238,5,0,-130
1767174012.603238,2,0,-119
1767174012.613238,0,0,-119
1767174012.623238,2,0,-121
1767174012.633238,3,0,-121
1767174012.643238,0,1,-117
1767174012.653238,0,3,-118
1767174012.663238,-1,3,-122
1767174012.673238,0,-3,-126
1767174012.6832385,1,-5,-124
1767174012.6932385,2,-6,-120
1767174012.7032382,0,-5,-120
1767174012.7132382,-3,-7,-121
1767174012.7232382,-3,-4,-118
1767174012.7332382,-2,-4,-121
1767174012.7432382,-7,-6,-126
1767174012.7532382,-3,-4,-116
1767174012.7632382,-7,-1,-115
1767174012.7732382,-9,-3,-123
1767174012.7832382,-10,-8,-130
1767174012.7932382,-8,-5,-128
1767174012.8032382,-12,-3,-128
1767174012.813238,-8,-3,-126
1767174012.823238,-4,0,-123
1767174012.833238,-4,0,-128
1767174012.843238,-2,-2,-130
1767174012.853238,1,-3,-134
1767174012.863238,1,1,-132
1767174012.873238,3,3,-122
1767174012.883238,3,-1,-123
1767174012.893238,2,0,-122
1767174012.903238,0,2,-115
1767174012.913238,-4,4,-119
1767174012.923238,-5,4,-125
1767174012.9332385,-5,1,-117
1767174012.9432385,0,-1,-117
1767174012.9532382,0,1,-116
1767174012.9632382,-4,5,-116
1767174012.9732382,3,4,-114
1767174012.9832382,0,6,-114
1767174012.9932382,1,6,-113
1767174013.0032382,0,7,-121
1767174013.0132382,-1,6,-122
1767174013.0232382,5,6,-127
1767174013.0332382,5,5,-129
1767174013.0432382,1,1,-123
1767174013.0532382,-1,-4,-122
1767174013.063238,0,-3,-124
1767174013.073238,0,-1,-132
1767174013.083238,-3,0,-132
1767174013.093238,-5,0,-135
1767174013.103238,-7,-1,-132
1767174013.113238,-4,-1,-130
1767174013.123238,-2,-7,-131
1767174013.133238,0,-9,-124
1767174013.143238,0,-8,-123
1767174013.153238,-2,-6,-125
1767174013.163238,-6,-4,-129
1767174013.173238,-6,-3,-124
1767174013.1832385,-5,1,-121
1767174013.1932385,2,2,-125
1767174013.2032382,3,-2,-121
1767174013.2132382,4,-4,-125
1767174013.2232382,0,-5,-129
1767174013.2332382,-3,-7,-130
1767174013.2432382,-1,-6,-134
1767174013.2532382,-1,-5,-128
1767174013.2632382,0,-3,-125
1767174013.2732382,-2,-4,-123
1767174013.2832382,-2,-5,-126
1767174013.2932382,0,-4,-124
1767174013.3032382,0,-3,-124
1767174013.313238,-1,-4,-123
1767174013.323238,-2,-8,-120
1767174013.333238,-4,-11,-119
1767174013.343238,-3,-8,-118
1767174013.353238,-1,-8,-120
1767174013.363238,-2,-2,-119
1767174013.373238,-5,-3,-121
1767174013.383238,-3,-1,-124
1767174013.393238,-5,1,-125
1767174013.403238,-7,0,-118
1767174013.413238,0,1,-117
1767174013.423238,0,0,-125
1767174013.4332385,0,0,-125
1767174013.4432385,-1,-2,-122
1767174013.4532382,0,-6,-122
1767174013.4632382,0,-4,-121
1767174013.4732382,1,-4,-115
1767174013.4832382,1,-5,-113
1767174013.4932382,2,-4,-121
1767174013.5032382,1,-3,-125
1767174013.5132382,2,-3,-123
1767174013.5232382,4,-2,-120
1767174013.5332382,6,-2,-116
1767174013.5432382,6,-1,-115
1767174013.5532382,7,-4,-115
1767174013.563238,5,0,-111
1767174013.573238,3,-1,-107
1767174013.583238,0,1,-110
1767174013.593238,0,1,-108
1767174013.603238,5,2,-115
1767174013.613238,3,2,-121
1767174013.623238,7,-1,-123
1767174013.633238,9,0,-126
1767174013.643238,6,1,-124
1767174013.653238,4,0,-121
1767174013.663238,-1,0,-126
1767174013.673238,-5,1,-126
1767174013.6832385,-4,5,-132
1767174013.6932385,-5,3,-137
1767174013.7032382,1,4,-135
1767174013.7132382,5,6,-129
1767174013.7232382,7,5,-127
1767174013.7332382,10,2,-124
1767174013.7432382,6,0,-122
1767174013.7532382,3,2,-119
1767174013.7632382,0,0,-123
1767174013.7732382,-3,0,-126
1767174013.7832382,0,-4,-126
1767174013.7932382,4,-7,-129
1767174013.8032382,0,-4,-132
1767174013.813238,0,1,-133
1767174013.823238,0,0,-135
1767174013.833238,0,0,-133
1767174013.843238,-2,1,-136
1767174013.853238,2,1,-138
1767174013.863238,0,1,-130
1767174013.873238,3,2,-129
1767174013.883238,5,3,-126
1767174013.893238,3,1,-123
1767174013.903238,0,0,-115
1767174013.913238,2,3,-114
1767174013.923238,0,1,-116
1767174013.9332385,-6,-2,-120
1767174013.9432385,-6,0,-121
1767174013.9532382,-8,0,-124
1767174013.9632382,-9,1,-122
1767174013.9732382,-10,0,-120
1767174013.9832382,-10,-2,-128
1767174013.9932382,-6,2,-127
1767174014.0032382,-2,4,-129
1767174014.0132382,-5,0,-124
1767174014.0232382,-4,1,-125
1767174014.0332382,-6,-3,-125
1767174014.0432382,-6,0,-126
1767174014.0532382,1,-1,-126
1767174014.063238,3,-1,-128
1767174014.073238,-2,-1,-123
1767174014.083238,-4,1,-130
1767174014.093238,-3,0,-134
1767174014.103238,-2,1,-137
1767174014.113238,-3,2,-128
1767174014.123238,-3,0,-127
1767174014.133238,-5,0,-129
1767174014.143238,-3,0,-129
1767174014.153238,0,-1,-125
1767174014.163238,3,-1,-129
1767174014.173238,0,0,-129
1767174014.1832385,0,1,-123
1767174014.1932385,-2,3,-123
1767174014.2032382,-4,4,-121
1767174014.2132382,-4,1,-125
1767174014.2232382,-7,0,-123
1767174014.2332382,-6,0,-117
1767174014.2432382,-3,-4,-121
1767174014.2532382,2,-3,-126
1767174014.2632382,2,0,-130
1767174014.2732382,0,-5,-128
1767174014.2832382,-3,-6,-127
1767174014.2932382,0,-7,-127
1767174014.3032382,1,-2,-125
1767174014.313238,1,-1,-119
1767174014.323238,-2,-1,-121
1767174014.333238,-3,0,-114
1767174014.343238,-4,3,-118
1767174014.353238,0,0,-115
1767174014.363238,-2,4,-114
1767174014.373238,-3,0,-124
1767174014.383238,0,2,-124
1767174014.393238,-4,0,-124
1767174014.403238,-9,4,-131
1767174014.413238,-6,4,-130
1767174014.423238,-2,2,-123
1767174014.4332385,0,2,-126
1767174014.4432385,0,1,-129
1767174014.4532382,0,1,-129
1767174014.4632382,0,5,-127
1767174014.4732382,0,2,-132
1767174014.4832382,-1,-3,-136
1767174014.4932382,-6,-2,-140
1767174014.5032382,-5,-4,-139
1767174014.5132382,-5,-1,-142
1767174014.5232382,-5,0,-133
1767174014.5332382,-4,0,-134
1767174014.5432382,-4,8,-132
1767174014.5532382,-2,11,-119
1767174014.563238,0,11,-120
1767174014.573238,-2,10,-115
1767174014.583238,-4,5,-120
1767174014.593238,-2,3,-116
1767174014.603238,0,4,-116
1767174014.613238,0,0,-122
1767174014.623238,0,-1,-117
1767174014.633238,1,-3,-119
1767174014.643238,0,-4,-121
1767174014.653238,-3,-4,-117
1767174014.663238,-4,-4,-120
1767174014.673238,1,1,-124
1767174014.6832385,1,3,-123
1767174014.6932385,2,8,-125
1767174014.7032382,3,0,-122
1767174014.7132382,0,-1,-119
1767174014.7232382,1,-5,-121
1767174014.7332382,0,-4,-118
1767174014.7432382,0,-3,-117
1767174014.7532382,-1,-5,-117
1767174014.7632382,-3,-6,-123
1767174014.7732382,-1,-5,-128
1767174014.7832382,-2,-3,-133
1767174014.7932382,-6,-6,-134
1767174014.8032382,-4,-3,-129
1767174014.813238,-9,0,-128
1767174014.823238,-9,0,-125
1767174014.833238,-9,3,-119
1767174014.843238,-4,4,-114
1767174014.853238,0,4,-115
1767174014.863238,-1,7,-112
1767174014.873238,0,4,-109
1767174014.883238,2,0,-110
1767174014.893238,1,1,-109
1767174014.903238,-1,5,-112
1767174014.913238,-4,2,-113
1767174014.923238,-2,4,-108
1767174014.9332385,-2,5,-110
1767174014.9432385,1,3,-110
1767174014.9532382,4,5,-104
1767174014.9632382,10,3,-107
1767174014.9732382,8,3,-110
1767174014.9832382,2,4,-115
1767174014.9932382,3,0,-120
1767174015.0032382,0,0,-121
1767174015.014238,-1,0,-126
1767174015.024238,-1,0,-132
1767174015.034238,-1,2,-125
1767174015.044238,-2,1,-117
1767174015.054238,-1,-1,-115
1767174015.064238,-3,-5,-123
1767174015.074238,-4,-6,-125
1767174015.084238,-3,-8,-128
1767174015.094238,-3,-6,-133
1767174015.1042385,-1,-4,-132
1767174015.1142385,0,-1,-133
1767174015.1242385,2,-2,-128
1767174015.1342382,-2,0,-126
1767174015.1442382,-3,1,-122
1767174015.1542382,-4,2,-118
1767174015.1642382,3,6,-119
1767174015.1742382,4,4,-121
1767174015.1842382,6,7,-122
1767174015.1942382,0,5,-122
1767174015.2042382,4,4,-118
1767174015.2142382,1,4,-121
1767174015.2242382,0,1,-119
1767174015.234238,-3,-2,-122
1767174015.244238,-4,-2,-127
1767174015.254238,-3,-4,-130
1767174015.264238,-1,-9,-127
1767174015.274238,-5,-9,-126
1767174015.284238,-1,-5,-122
1767174015.294238,8,-5,-122
1767174015.304238,13,-5,-124
1767174015.314238,14,-5,-118
1767174015.324238,8,-5,-122
1767174015.334238,3,-8,-120
1767174015.344238,0,-6,-119
1767174015.3542385,-1,0,-115
1767174015.3642385,2,0,-113
1767174015.3742385,2,0,-117
1767174015.3842382,2,-2,-118
1767174015.3942382,0,0,-118
1767174015.4042382,0,-1,-119
1767174015.4142382,-2,-2,-118
1767174015.4242382,-1,-3,-122
1767174015.4342382,1,-2,-115
1767174015.4442382,0,0,-116
1767174015.4542382,-4,-1,-118
1767174015.4642382,-2,0,-116
1767174015.4742382,-2,0,-117
1767174015.484238,0,-2,-123
1767174015.494238,0,-6,-120
1767174015.504238,2,-3,-120
1767174015.514238,0,-5,-124
1767174015.524238,0,-9,-127
1767174015.534238,0,-7,-126
1767174015.544238,-2,-5,-128
1767174015.554238,-7,-4,-131
1767174015.564238,-9,-7,-130
1767174015.574238,-10,-9,-127
1767174015.584238,-7,-6,-125
1767174015.594238,-8,-4,-123
1767174015.6042385,-5,-7,-119
1767174015.6142385,-5,-4,-117
1767174015.6242385,-3,0,-120
1767174015.6342382,1,1,-116
1767174015.6442382,-2,1,-121
1767174015.6542382,-4,-1,-118
1767174015.6642382,-4,-1,-118
1767174015.6742382,0,3,-117
1767174015.6842382,-1,0,-119
1767174015.6942382,-3,0,-125
1767174015.7042382,-1,-1,-125
1767174015.7142382,0,-5,-124
1767174015.7242382,1,-2,-120
1767174015.734238,0,2,-116
1767174015.744238,-2,3,-116
1767174015.754238,0,0,-118
1767174015.764238,1,0,-118
1767174015.774238,0,0,-112
1767174015.784238,0,2,-113
1767174015.794238,1,2,-119
1767174015.804238,4,0,-120
1767174015.814238,1,0,-119
1767174015.824238,2,0,-113
1767174015.834238,-1,-1,-113
1767174015.844238,-4,-3,-114
1767174015.8542385,-8,-2,-122
1767174015.8642385,-5,4,-131
1767174015.8742385,0,8,-133
1767174015.8842382,-1,7,-126
1767174015.8942382,3,5,-125
1767174015.9042382,-2,7,-129
1767174015.9142382,-3,8,-127
1767174015.9242382,0,4,-124
1767174015.9342382,4,1,-125
1767174015.9442382,1,-2,-132
1767174015.9542382,1,-3,-131
1767174015.9642382,-4,-3,-134
1767174015.9742382,-2,-3,-131
1767174015.984238,-2,-4,-123
1767174015.994238,2,-7,-123
1767174016.004238,0,-5,-124
1767174016.014238,2,-3,-128
1767174016.024238,0,-1,-127
1767174016.034238,4,0,-124
1767174016.044238,3,-4,-127
1767174016.054238,4,-4,-123
1767174016.064238,3,-5,-122
1767174016.074238,3,-4,-126
1767174016.084238,3,0,-127
1767174016.094238,9,-1,-132
1767174016.1042385,8,2,-132
1767174016.1142385,4,1,-126
1767174016.1242385,3,0,-121
1767174016.1342382,4,-1,-121
1767174016.1442382,7,-3,-123
1767174016.1542382,5,-3,-125
1767174016.1642382,0,-2,-127
1767174016.1742382,-1,-2,-119
1767174016.1842382,-2,-4,-114
1767174016.1942382,1,-1,-119
1767174016.2042382,3,0,-120
1767174016.2142382,4,0,-119
1767174016.2242382,3,0,-118
1767174016.234238,-1,2,-115
1767174016.244238,-1,2,-122
1767174016.254238,0,6,-124
1767174016.264238,0,5,-129
1767174016.274238,3,7,-130
1767174016.284238,6,4,-130
1767174016.294238,4,0,-133
1767174016.304238,4,0,-134
1767174016.314238,9,-2,-131
1767174016.324238,7,-1,-125
1767174016.334238,5,1,-123
1767174016.344238,4,0,-122
1767174016.3542385,1,-2,-119
1767174016.3642385,2,-1,-129
1767174016.3742385,0,-1,-128
1767174016.3842382,1,-5,-117
1767174016.3942382,4,-4,-119
1767174016.4042382,3,-2,-121
1767174016.4142382,4,-2,-118
1767174016.4242382,6,-4,-116
1767174016.4342382,5,-4,-112
1767174016.4442382,3,-2,-113
1767174016.4542382,1,0,-128
1767174016.4642382,-3,-1,-121
1767174016.4742382,-4,1,-114
1767174016.484238,-2,1,-116
1767174016.494238,-1,-2,-126
1767174016.504238,1,-1,-131
1767174016.514238,2,0,-123
1767174016.524238,4,2,-114
1767174016.534238,-1,1,-117
1767174016.544238,-5,0,-123
1767174016.554238,0,0,-130
1767174016.564238,-1,-1,-124
1767174016.574238,-6,-2,-123
1767174016.584238,-2,-2,-125
1767174016.594238,0,0,-126
1767174016.6042385,-3,-2,-129
1767174016.6142385,-2,-5,-131
1767174016.6242385,-2,-4,-130
1767174016.6342382,-2,0,-129
1767174016.6442382,-2,2,-126
1767174016.6542382,2,2,-124
1767174016.6642382,3,2,-124
1767174016.6742382,6,5,-129
1767174016.6842382,8,5,-126
1767174016.6942382,7,2,-127
1767174016.7042382,3,1,-122
1767174016.7142382,3,3,-115
1767174016.7242382,6,2,-117
1767174016.734238,6,0,-120
1767174016.744238,5,0,-119
1767174016.754238,0,-4,-123
1767174016.764238,-4,-4,-124
1767174016.774238,-5,-3,-126
1767174016.784238,-8,-7,-128
1767174016.794238,-5,-3,-128
1767174016.804238,-5,-1,-130
1767174016.814238,-4,0,-130
1767174016.824238,-8,-1,-131
1767174016.834238,0,-3,-130
1767174016.844238,5,-2,-128
1767174016.8542385,1,-1,-124
1767174016.8642385,-1,-2,-119
1767174016.8742385,-3,-1,-119
1767174016.8842382,-5,-1,-114
1767174016.8942382,-5,-2,-109
1767174016.9042382,1,-1,-112
1767174016.9142382,4,2,-120
1767174016.9242382,0,0,-128
1767174016.9342382,0,-7,-129
1767174016.9442382,0,-6,-125
1767174016.9542382,-2,-7,-126
1767174016.9642382,-2,-8,-122
1767174016.9742382,-6,-6,-125
1767174016.984238,-8,-2,-126
1767174016.994238,-10,-1,-124
1767174017.004238,-14,-7,-119
1767174017.014238,-13,-7,-116
1767174017.024238,-9,-2,-120
1767174017.034238,-8,-4,-127
1767174017.044238,-7,0,-130
1767174017.054238,-5,-4,-128
1767174017.064238,-8,-6,-128
1767174017.074238,-6,-8,-126
1767174017.084238,-3,-6,-125
1767174017.094238,-2,-6,-122
1767174017.1042385,-2,1,-120
1767174017.1142385,1,2,-121
1767174017.1242385,0,0,-123
1767174017.1342382,-1,-1,-120
1767174017.1442382,-4,-2,-115
1767174017.1542382,-10,0,-103
1767174017.1642382,-5,1,-112
1767174017.185238,-8,2,-115
1767174017.1942382,-10,2,-118
1767174017.2042382,-7,3,-132
1767174017.2142382,0,4,-131
1767174017.2242382,2,1,-129
1767174017.234238,2,2,-127
1767174017.244238,1,2,-128
1767174017.254238,1,2,-132
1767174017.264238,-2,4,-131
1767174017.274238,0,3,-126
1767174017.284238,-1,0,-120
1767174017.294238,1,-2,-117
1767174017.304238,-1,0,-121
1767174017.314238,1,0,-117
1767174017.324238,2,-1,-115
1767174017.334238,0,-3,-115
1767174017.344238,-1,-4,-114
1767174017.3542385,2,-1,-116
1767174017.3642385,1,-1,-119
1767174017.3742385,-1,-1,-118
1767174017.3842382,-3,-1,-117
1767174017.3942382,0,0,-117
1767174017.4042382,0,-3,-117
1767174017.4142382,2,-1,-124
1767174017.4242382,2,-2,-130
1767174017.4342382,4,-2,-131
1767174017.4442382,4,-3,-131
1767174017.4542382,2,0,-133
1767174017.4642382,4,0,-138
1767174017.4742382,1,-4,-136
1767174017.484238,5,0,-133
1767174017.494238,3,0,-132
1767174017.504238,-3,-2,-126
1767174017.514238,-2,-3,-128
1767174017.524238,-3,-2,-126
1767174017.534238,-1,0,-130
1767174017.544238,2,1,-134
1767174017.554238,1,2,-136
1767174017.564238,0,0,-136
1767174017.574238,0,-2,-136
1767174017.584238,3,-2,-130
1767174017.594238,2,0,-128
1767174017.6042385,0,-2,-129
1767174017.6142385,1,-1,-133
1767174017.6242385,-2,2,-131
1767174017.6352382,-2,4,-133
1767174017.6442382,2,3,-133
1767174017.6552382,2,1,-131
1767174017.6642382,1,3,-125
1767174017.675238,0,1,-123
1767174017.685238,0,-1,-131
1767174017.695238,2,2,-128
1767174017.705238,1,5,-116
1767174017.715238,5,8,-113
1767174017.725238,5,9,-116
1767174017.735238,5,5,-119
1767174017.745238,3,2,-124
1767174017.7562382,5,0,-127
1767174017.765238,8,0,-125
1767174017.775238,9,2,-125
1767174017.7852385,3,0,-122
1767174017.7952385,2,5,-117
1767174017.8052382,0,2,-115
1767174017.8152382,3,0,-117
1767174017.8252382,0,0,-121
1767174017.8352382,1,2,-119
1767174017.8452382,2,2,-120
1767174017.8552382,4,0,-123
1767174017.8652382,4,-2,-121
1767174017.8752382,5,-1,-116
1767174017.8852382,9,0,-120
1767174017.8952382,4,0,-119
1767174017.9052382,2,-1,-121
1767174017.915238,3,0,-123
1767174017.925238,6,-3,-124
1767174017.935238,5,-1,-122
1767174017.945238,1,-3,-130
1767174017.955238,2,1,-129
1767174017.965238,1,0,-125
1767174017.975238,0,3,-120
1767174017.985238,-3,4,-124
1767174017.995238,1,3,-124
1767174018.005238,1,6,-130
1767174018.015238,3,3,-132
1767174018.025238,3,2,-130
1767174018.0352385,4,0,-125
1767174018.0452385,4,1,-125
1767174018.0552382,3,0,-123
1767174018.0652382,0,0,-119
1767174018.0752382,1,-1,-120
1767174018.0852382,1,1,-125
1767174018.0952382,-2,0,-133
1767174018.1052382,-9,0,-122
1767174018.1152382,-13,0,-117
1767174018.1252382,-11,2,-116
1767174018.1352382,-6,3,-116
1767174018.1452382,-6,1,-121
1767174018.1552382,-6,-1,-123
1767174018.165238,-4,-4,-126
1767174018.175238,-1,-3,-122
1767174018.185238,-3,-3,-117
1767174018.195238,-8,-3,-118
1767174018.205238,-9,-5,-115
1767174018.215238,-5,-4,-114
1767174018.225238,0,-2,-109
1767174018.235238,-3,-2,-106
1767174018.245238,-4,-6,-113
1767174018.255238,0,-7,-118
1767174018.265238,-2,-7,-117
1767174018.275238,1,-5,-122
1767174018.2852385,5,-1,-123
1767174018.2952385,5,-5,-117
1767174018.3052382,5,-3,-122
1767174018.3152382,0,-1,-121
1767174018.3252382,-5,0,-125
1767174018.3352382,-4,0,-130
1767174018.3452382,-2,-2,-132
1767174018.3552382,-2,0,-129
1767174018.3652382,-1,-3,-127
1767174018.3752382,2,-3,-122
1767174018.3852382,5,-5,-122
1767174018.3952382,4,-7,-126
1767174018.4052382,2,-9,-128
1767174018.415238,-1,-4,-130
1767174018.425238,-6,-4,-135
1767174018.435238,-7,0,-130
1767174018.445238,-2,-2,-124
1767174018.455238,-1,-3,-123
1767174018.465238,-1,-7,-123
1767174018.475238,1,-7,-117
1767174018.485238,0,-6,-124
1767174018.495238,1,-7,-123
1767174018.505238,1,-6,-130
1767174018.515238,0,-7,-129
1767174018.525238,-4,-6,-130
1767174018.5352385,-6,0,-129
1767174018.5452385,-9,0,-125
1767174018.5552382,-5,-1,-124
1767174018.5652382,-7,1,-121
1767174018.5752382,-4,2,-123
1767174018.5852382,-6,2,-123
1767174018.5952382,-3,1,-127
1767174018.6052382,-3,-1,-128
1767174018.6152382,-3,-1,-132
1767174018.6252382,1,-4,-130
1767174018.6352382,0,-1,-126
1767174018.6452382,-3,-2,-123
1767174018.6552382,-1,0,-125
1767174018.665238,0,0,-128
1767174018.675238,0,3,-130
1767174018.685238,-2,4,-132
1767174018.695238,2,0,-122
1767174018.705238,0,2,-127
1767174018.715238,-4,5,-121
1767174018.725238,-5,4,-122
1767174018.735238,-6,5,-124
1767174018.745238,-7,4,-120
1767174018.755238,-7,5,-124
1767174018.765238,-2,0,-131
1767174018.775238,1,-5,-129
1767174018.7852385,4,-4,-129
1767174018.7952385,4,-1,-126
1767174018.8052382,4,-2,-124
1767174018.8152382,4,2,-131
1767174018.8252382,0,6,-128
1767174018.8352382,1,5,-124
1767174018.8452382,2,3,-120
1767174018.8552382,-1,1,-123
1767174018.8652382,0,3,-127
1767174018.8752382,4,6,-129
1767174018.8852382,0,4,-129
1767174018.8952382,-5,3,-132
1767174018.9052382,-7,4,-128
1767174018.915238,-8,3,-134
1767174018.925238,-6,1,-131
1767174018.935238,-4,0,-126
1767174018.945238,-4,-2,-123
1767174018.955238,0,-5,-117
1767174018.965238,3,-4,-120
1767174018.975238,2,0,-118
1767174018.985238,0,-1,-118
1767174018.995238,0,0,-120
1767174019.005238,0,-5,-129
1767174019.015238,-3,0,-130
1767174019.025238,1,4,-132
1767174019.0352385,1,2,-132
1767174019.0452385,2,4,-128
1767174019.0552382,0,6,-131
1767174019.0652382,-5,6,-131
1767174019.0752382,-1,8,-130
1767174019.0852382,-1,7,-128
1767174019.0952382,-2,4,-121
1767174019.1052382,-6,2,-118
1767174019.1152382,-4,1,-114
1767174019.1252382,-2,0,-112
1767174019.1352382,0,0,-112
1767174019.1452382,-3,-6,-111
1767174019.1552382,-5,-5,-112
1767174019.165238,-4,-5,-117
1767174019.175238,-8,-2,-124
1767174019.185238,-3,-4,-114
1767174019.195238,-5,0,-114
1767174019.205238,-8,0,-119
1767174019.215238,-11,-3,-123
1767174019.225238,-9,0,-123
1767174019.235238,-5,-1,-121
1767174019.245238,0,-3,-126
1767174019.255238,0,-1,-129
1767174019.265238,5,-4,-132
1767174019.275238,6,-2,-131
1767174019.2852385,5,-2,-125
1767174019.2952385,4,-4,-124
1767174019.3052382,6,-4,-128
1767174019.3152382,0,-1,-138
1767174019.3252382,-1,3,-132
1767174019.3352382,0,4,-139
1767174019.3452382,2,2,-135
1767174019.3552382,0,4,-136
1767174019.3652382,-3,1,-130
1767174019.3752382,-2,-2,-129
1767174019.3852382,-1,-7,-125
1767174019.3952382,4,-5,-125
1767174019.4052382,8,-4,-122
1767174019.415238,8,-3,-124
1767174019.425238,4,-6,-130
1767174019.435238,3,-5,-136
1767174019.445238,1,-5,-137
1767174019.455238,0,-8,-136
1767174019.465238,-3,-2,-129
1767174019.475238,1,0,-118
1767174019.485238,1,2,-118
1767174019.495238,2,0,-125
1767174019.505238,1,-7,-125
1767174019.515238,-5,-3,-126
1767174019.525238,-2,0,-119
1767174019.5352385,-5,1,-115
1767174019.5452385,-4,1,-121
1767174019.5552382,-7,0,-127
1767174019.5652382,-5,5,-128
1767174019.5752382,-4,3,-129
1767174019.5852382,-1,4,-130
1767174019.5952382,0,3,-131
1767174019.6052382,0,0,-135
1767174019.6152382,3,2,-134
1767174019.6252382,3,6,-131
1767174019.6352382,4,5,-128
1767174019.6452382,7,0,-129
1767174019.6552382,9,-1,-129
1767174019.665238,1,-8,-123
1767174019.675238,3,-9,-124
1767174019.685238,3,-3,-125
1767174019.695238,1,-2,-125
1767174019.705238,0,-1,-125
1767174019.715238,1,-1,-120
1767174019.725238,0,0,-115
1767174019.735238,1,-1,-114
1767174019.745238,0,0,-115
1767174019.755238,-1,0,-115
1767174019.765238,-3,0,-114
1767174019.775238,-2,0,-114
1767174019.7852385,0,0,-119
1767174019.7952385,-2,0,-123
1767174019.8052382,-2,3,-115
1767174019.8152382,0,1,-117
1767174019.8252382,0,2,-119
1767174019.8352382,1,5,-116
1767174019.8452382,-1,6,-125
1767174019.8552382,2,4,-128
1767174019.8652382,3,5,-120
1767174019.8752382,0,5,-117
1767174019.8852382,-1,3,-113
1767174019.8952382,1,1,-118
1767174019.9052382,0,-2,-120
1767174019.915238,3,0,-126
1767174019.925238,2,-2,-130
1767174019.935238,6,-5,-122
1767174019.945238,6,-4,-122
1767174019.955238,3,0,-125
1767174019.965238,4,3,-127
1767174019.975238,4,1,-127
1767174019.985238,3,1,-127
1767174019.995238,6,3,-134
1767174020.005238,3,2,-141
1767174020.015238,6,2,-141
1767174020.025238,4,0,-136
1767174020.0352385,-2,-3,-128
1767174020.0452385,-1,-1,-132
1767174020.0552382,0,-1,-136
1767174020.0652382,2,0,-138
1767174020.0752382,0,2,-131
1767174020.0852382,-4,0,-126
1767174020.0952382,-4,3,-123
1767174020.1052382,0,1,-124
1767174020.1152382,0,2,-127
1767174020.1252382,-1,1,-132
1767174020.1352382,-1,4,-141
1767174020.1452382,0,0,-139
1767174020.1552382,0,0,-130
1767174020.165238,2,-1,-133
1767174020.175238,2,-3,-136
1767174020.185238,1,-5,-133
1767174020.195238,0,-4,-128
1767174020.205238,3,-6,-129
1767174020.215238,4,-8,-132
1767174020.225238,4,-9,-144
1767174020.235238,0,-10,-141
1767174020.245238,1,-9,-142
1767174020.255238,2,-4,-137
1767174020.265238,3,-3,-135
1767174020.275238,6,0,-139
1767174020.2852385,6,0,-138
1767174020.2952385,5,-4,-139
1767174020.3062382,7,-4,-132
1767174020.3162382,6,-1,-129
1767174020.3262382,3,-1,-128
1767174020.336238,1,-2,-125
1767174020.346238,0,2,-128
1767174020.356238,-1,0,-127
1767174020.366238,-1,1,-122
1767174020.376238,5,1,-121
1767174020.386238,8,-5,-126
1767174020.396238,4,-3,-125
1767174020.406238,0,-3,-120
1767174020.416238,-6,-3,-115
1767174020.426238,-8,-1,-116
1767174020.436238,-8,-5,-115
1767174020.446238,-5,0,-127
1767174020.4562385,-5,-1,-129
1767174020.4662385,-1,-1,-130
1767174020.4762385,0,-2,-136
1767174020.4862382,0,0,-138
1767174020.4962382,0,0,-140
1767174020.5062382,0,-1,-142
1767174020.5162382,-4,1,-139
1767174020.5262382,-2,2,-133
1767174020.5362382,-5,-2,-134
1767174020.5462382,-8,-3,-135
1767174020.5562382,-7,-3,-128
1767174020.5662382,-4,0,-123
1767174020.5762382,-1,1,-118
1767174020.586238,-2,0,-120
1767174020.596238,-1,1,-116
1767174020.606238,-4,0,-115
1767174020.616238,-7,2,-115
1767174020.626238,-3,-5,-110
1767174020.636238,-3,-10,-114
1767174020.646238,-3,-10,-111
1767174020.656238,-3,-6,-118
1767174020.666238,-2,-4,-118
1767174020.676238,-2,-1,-125
1767174020.686238,-3,1,-123
1767174020.696238,1,4,-123
1767174020.7062385,3,4,-127
1767174020.7162385,3,-2,-126
1767174020.7262385,0,-4,-121
1767174020.7362382,-2,-3,-122
1767174020.7462382,-3,-3,-117
1767174020.7562382,-7,-5,-115
1767174020.7662382,-5,-4,-114
1767174020.7762382,-8,0,-113
1767174020.7862382,-6,1,-117
1767174020.7962382,-6,2,-118
1767174020.8062382,-10,-1,-113
1767174020.8162382,-6,-1,-116
1767174020.8262382,0,2,-121
1767174020.836238,0,0,-126
1767174020.846238,2,0,-127
1767174020.856238,3,0,-133
1767174020.866238,-2,2,-135
1767174020.876238,-4,1,-139
1767174020.886238,-2,3,-137
1767174020.896238,-4,4,-135
1767174020.906238,-8,2,-137
1767174020.916238,-6,3,-139
1767174020.926238,-7,1,-134
1767174020.936238,-9,3,-134
1767174020.946238,-9,6,-135
1767174020.9562385,-9,5,-126
1767174020.9662385,-6,4,-128
1767174020.9762385,-6,1,-128
1767174020.9862382,-4,2,-134
1767174020.9962382,-6,-1,-133
1767174021.0062382,-3,-1,-133
1767174021.0162382,-1,-2,-140
1767174021.0262382,-1,0,-131
1767174021.0362382,0,-1,-132
1767174021.0462382,0,-2,-129
1767174021.0562382,1,-1,-128
1767174021.0662382,0,1,-128
1767174021.0762382,-5,0,-130
1767174021.086238,-7,0,-127
1767174021.096238,-5,4,-135
1767174021.106238,-5,1,-136
1767174021.116238,-6,3,-131
1767174021.126238,0,0,-133
1767174021.136238,0,-1,-132
1767174021.146238,0,2,-132
1767174021.156238,3,1,-127
1767174021.166238,3,3,-123
1767174021.176238,0,4,-123
1767174021.186238,0,0,-132
1767174021.196238,0,0,-132
1767174021.2062385,2,3,-130
1767174021.2162385,5,0,-128
1767174021.2262385,2,0,-133
1767174021.2362382,3,1,-125
1767174021.2462382,2,2,-125
1767174021.2562382,1,-1,-126
1767174021.2662382,0,-4,-129
1767174021.2762382,2,-5,-125
1767174021.2862382,5,-6,-124
1767174021.2962382,4,-8,-120
1767174021.3062382,-4,-11,-120
1767174021.3162382,-2,-10,-119
1767174021.3262382,0,-11,-117
1767174021.336238,0,-6,-126
1767174021.346238,5,-1,-126
1767174021.356238,5,-1,-122
1767174021.366238,3,0,-123
1767174021.376238,4,-3,-123
1767174021.386238,2,-7,-123
1767174021.396238,0,-5,-122
1767174021.406238,0,-5,-127
1767174021.416238,-6,-8,-130
1767174021.426238,-7,-6,-129
1767174021.436238,-2,-3,-123
1767174021.446238,-1,-2,-118
1767174021.4562385,0,-5,-117
1767174021.4662385,-4,-5,-110
1767174021.4762385,-2,-3,-118
1767174021.4862382,-3,-4,-123
1767174021.4962382,-2,-3,-127
1767174021.5062382,-2,0,-133
1767174021.5162382,-2,0,-127
1767174021.5262382,-2,0,-129
1767174021.5362382,-1,2,-129
1767174021.5462382,1,3,-128
1767174021.5562382,0,4,-129
1767174021.5662382,-2,3,-127
1767174021.5762382,-6,6,-123
1767174021.586238,-5,7,-122
1767174021.596238,-7,5,-128
1767174021.606238,-5,2,-131
1767174021.616238,3,1,-130
1767174021.626238,1,0,-125
1767174021.636238,1,0,-130
1767174021.646238,4,-1,-127
1767174021.656238,3,0,-124
1767174021.666238,0,-3,-129
1767174021.676238,-3,-1,-125
1767174021.686238,-5,-1,-122
1767174021.696238,-4,-3,-124
1767174021.7062385,-3,-3,-123
1767174021.7162385,-5,-2,-125
1767174021.7262385,-2,0,-127
1767174021.7362382,-4,1,-126
1767174021.7462382,-1,-2,-125
1767174021.7562382,-1,-7,-123
1767174021.7662382,-4,-7,-126
1767174021.7762382,-2,-2,-127
1767174021.7862382,-2,0,-121
1767174021.7962382,-2,-2,-123
1767174021.8062382,-1,-5,-124
1767174021.8162382,3,-3,-124
1767174021.8262382,4,-4,-126
1767174021.836238,10,-3,-129
1767174021.846238,6,1,-130
1767174021.856238,0,3,-132
1767174021.866238,0,6,-127
1767174021.876238,1,5,-127
1767174021.886238,5,-1,-124
1767174021.896238,4,-5,-127
1767174021.906238,2,-9,-127
1767174021.916238,0,-7,-122
1767174021.926238,-1,-5,-120
1767174021.936238,-2,-2,-121
1767174021.946238,-2,-3,-121
1767174021.9562385,-4,-1,-123
1767174021.9662385,-7,0,-123
1767174021.9762385,-9,-2,-120
1767174021.9862382,-13,-6,-119
1767174021.9962382,-12,-5,-123
1767174022.0062382,-11,-4,-122
1767174022.0162382,-10,-3,-119
1767174022.0262382,-8,-2,-121
1767174022.0362382,-6,0,-125
1767174022.0462382,-7,0,-133
1767174022.0562382,-8,2,-136
1767174022.0662382,-5,0,-137
1767174022.0762382,-5,0,-134
1767174022.086238,-2,0,-133
1767174022.096238,-1,0,-128
1767174022.106238,-2,-2,-127
1767174022.116238,-1,4,-128
1767174022.126238,3,7,-132
1767174022.136238,0,8,-135
1767174022.146238,-1,8,-135
1767174022.156238,-5,6,-136
1767174022.166238,-3,4,-136
1767174022.176238,0,1,-134
1767174022.1972382,2,4,-132
1767174022.2062385,5,0,-128
1767174022.2162385,1,-2,-130
1767174022.2262385,-1,0,-133
1767174022.2362382,-1,0,-124
1767174022.2462382,0,-1,-127
1767174022.2562382,0,-2,-129
1767174022.2662382,1,0,-137
1767174022.2762382,3,0,-134
1767174022.2862382,6,3,-128
1767174022.2962382,12,2,-123
1767174022.3062382,9,-1,-127
1767174022.3162382,0,-5,-125
1767174022.3262382,-2,-1,-124
1767174022.336238,-3,0,-120
1767174022.346238,1,-1,-123
1767174022.356238,5,-2,-116
1767174022.366238,5,-4,-120
1767174022.376238,2,-3,-123
1767174022.386238,0,-4,-118
1767174022.396238,0,-2,-119
1767174022.406238,-1,-2,-116
1767174022.416238,-4,-1,-127
1767174022.426238,-6,-3,-129
1767174022.436238,-9,-4,-127
1767174022.446238,-5,-6,-127
1767174022.4562385,-6,-6,-125
1767174022.4662385,1,-6,-125
1767174022.4762385,4,-7,-122
1767174022.4862382,3,-4,-118
1767174022.4962382,4,-1,-113
1767174022.5062382,1,-3,-111
1767174022.5162382,4,-2,-106
1767174022.5262382,4,-2,-112
1767174022.5362382,5,0,-115
1767174022.5462382,0,-2,-114
1767174022.5562382,-2,-1,-114
1767174022.5662382,0,0,-116
1767174022.5762382,-3,3,-119
1767174022.586238,-1,2,-126
1767174022.596238,-2,4,-123
1767174022.606238,-3,5,-131
1767174022.616238,1,3,-131
1767174022.626238,4,3,-127
1767174022.636238,6,1,-127
1767174022.646238,3,1,-123
1767174022.656238,2,-1,-122
1767174022.666238,-1,-3,-119
1767174022.676238,1,-1,-121
1767174022.686238,1,0,-122
1767174022.696238,0,0,-123
1767174022.7062385,-4,-3,-119
1767174022.7162385,-2,0,-116
1767174022.7262385,-4,0,-117
1767174022.7362382,-5,-1,-115
1767174022.7462382,-5,-2,-116
1767174022.7562382,-11,-5,-118
1767174022.7662382,-13,-6,-118
1767174022.7762382,-10,-5,-120
1767174022.7862382,-10,-3,-120
1767174022.7962382,-10,-3,-122
1767174022.8062382,-11,0,-122
1767174022.8162382,-10,2,-125
1767174022.8262382,-6,-2,-121
1767174022.836238,-6,-2,-125
1767174022.846238,-10,-5,-126
1767174022.856238,-12,-1,-119
1767174022.866238,-11,0,-115
1767174022.876238,-8,0,-114
1767174022.886238,-6,-2,-116
1767174022.8972385,-8,0,-119
1767174022.906238,-6,0,-122
1767174022.916238,-3,0,-116
1767174022.9272382,-1,1,-114
1767174022.9372382,-2,-1,-117
1767174022.9472382,0,-1,-118
1767174022.9572382,0,-3,-122
1767174022.9672382,-6,-3,-128
1767174022.9772382,-7,-4,-125
1767174022.9872382,-8,-2,-125
1767174022.9972382,-7,0,-119
1767174023.007238,-8,5,-119
1767174023.017238,-6,3,-129
1767174023.027238,-8,4,-132
1767174023.037238,-6,4,-131
1767174023.047238,-8,8,-137
1767174023.057238,-4,7,-135
1767174023.067238,-2,10,-131
1767174023.077238,-3,7,-136
1767174023.087238,-2,5,-130
1767174023.097238,1,5,-127
1767174023.107238,6,2,-125
1767174023.117238,2,-6,-127
1767174023.127238,5,-4,-118
1767174023.1372385,-1,0,-119
1767174023.1472385,3,-1,-122
1767174023.1572382,0,-6,-127
1767174023.1672382,1,-4,-127
1767174023.1772382,3,-1,-135
1767174023.1872382,3,-2,-135
1767174023.1972382,0,-3,-125
1767174023.2072382,-1,-4,-120
1767174023.2172382,-1,-2,-116
1767174023.2272382,1,-1,-124
1767174023.2372382,2,-2,-125
1767174023.2472382,0,-1,-128
1767174023.257238,-2,0,-133
1767174023.267238,-1,1,-132
1767174023.277238,-1,1,-125
1767174023.287238,0,1,-125
1767174023.297238,0,1,-127
1767174023.307238,-2,5,-131
1767174023.317238,0,9,-135
1767174023.327238,0,10,-133
1767174023.337238,-1,11,-129
1767174023.347238,0,6,-128
1767174023.357238,-1,6,-123
1767174023.367238,0,6,-124
1767174023.377238,2,3,-129
1767174023.3872385,4,3,-130
1767174023.3972385,0,1,-131
1767174023.4072382,4,-1,-133
1767174023.4172382,5,0,-129
1767174023.4272382,3,0,-129
1767174023.4372382,3,1,-136
1767174023.4472382,2,-2,-136
1767174023.4572382,1,-3,-130
1767174023.4672382,-4,0,-129
1767174023.4772382,-2,3,-133
1767174023.4872382,-1,1,-137
1767174023.4972382,-2,-1,-139
1767174023.507238,0,-2,-132
1767174023.517238,-1,-5,-128
1767174023.527238,0,-8,-125
1767174023.537238,1,-5,-125
1767174023.547238,5,0,-122
1767174023.557238,5,-3,-125
1767174023.567238,3,0,-127
1767174023.577238,5,0,-123
1767174023.587238,1,-1,-125
1767174023.597238,0,-2,-125
1767174023.607238,0,0,-124
1767174023.617238,1,0,-126
1767174023.627238,1,-1,-131
1767174023.6372385,2,0,-131
1767174023.6472385,0,-4,-133
1767174023.6572382,-2,-4,-130
1767174023.6672382,1,-4,-134
1767174023.6772382,2,-3,-139
1767174023.6872382,4,-2,-131
1767174023.6972382,6,-7,-125
1767174023.7072382,1,-5,-127
1767174023.7172382,0,-4,-123
1767174023.7272382,0,-1,-119
1767174023.7372382,1,-4,-122
1767174023.7472382,2,-3,-131
1767174023.757238,0,-2,-134
1767174023.767238,-5,4,-132
1767174023.777238,-5,5,-129
1767174023.787238,-6,1,-127
1767174023.797238,-2,1,-129
1767174023.807238,1,1,-136
1767174023.817238,0,-1,-138
1767174023.827238,1,-2,-137
1767174023.837238,0,-2,-128
1767174023.847238,-1,-2,-132
1767174023.857238,0,-1,-137
1767174023.867238,-3,0,-132
1767174023.877238,-4,2,-133
1767174023.8872385,-1,0,-135
1767174023.8972385,-2,0,-131
1767174023.9072382,-2,2,-129
1767174023.9172382,-2,4,-128
1767174023.9272382,-4,-1,-124
1767174023.9372382,-3,2,-122
1767174023.9472382,-2,3,-115
1767174023.9572382,-1,4,-114
1767174023.9672382,-2,3,-120
1767174023.9772382,-1,2,-130
1767174023.9872382,-3,1,-126
1767174023.9972382,-2,3,-125
1767174024.007238,-3,3,-127
1767174024.017238,-2,2,-126
1767174024.027238,2,-1,-133
1767174024.037238,0,-1,-127
1767174024.047238,-4,0,-127
1767174024.057238,1,3,-137
1767174024.067238,-1,4,-133
1767174024.077238,-6,3,-135
1767174024.087238,-3,1,-133
1767174024.097238,0,1,-131
1767174024.107238,0,-1,-128
1767174024.117238,1,-1,-127
1767174024.127238,-2,-2,-126
1767174024.1372385,-2,-1,-127
1767174024.1472385,-3,-3,-121
1767174024.1572382,-1,-3,-118
1767174024.1672382,-4,0,-129
1767174024.1772382,-11,-3,-127
1767174024.1872382,-6,-4,-129
1767174024.1972382,-4,-2,-125
1767174024.2072382,-2,4,-120
1767174024.2172382,-1,4,-118
1767174024.2272382,1,2,-121
1767174024.2372382,0,1,-119
1767174024.2472382,1,6,-120
1767174024.257238,3,8,-120
1767174024.267238,2,5,-125
1767174024.277238,2,5,-122
1767174024.287238,0,4,-121
1767174024.297238,0,1,-124
1767174024.307238,0,0,-126
1767174024.317238,-3,-1,-127
1767174024.327238,-4,-1,-128
1767174024.337238,-4,0,-133
1767174024.347238,-1,2,-129
1767174024.357238,-3,0,-126
1767174024.367238,0,-2,-133
1767174024.377238,-3,-5,-132
1767174024.3872385,-3,-10,-130
1767174024.3972385,-2,-9,-125
1767174024.4072382,-4,-6,-123
1767174024.4172382,-2,-5,-132
1767174024.4272382,3,-4,-129
1767174024.4372382,4,-4,-121
1767174024.4472382,1,-3,-121
1767174024.4572382,0,-2,-124
1767174024.4672382,1,2,-130
1767174024.4772382,0,4,-122
1767174024.4872382,2,2,-113
1767174024.4972382,0,0,-118
1767174024.507238,-1,-2,-117
1767174024.517238,2,-3,-118
1767174024.527238,1,-1,-122
1767174024.537238,1,0,-125
1767174024.547238,-1,-2,-113
1767174024.557238,-2,-5,-109
1767174024.567238,0,-4,-114
1767174024.577238,-2,-6,-121
1767174024.587238,0,-6,-127
1767174024.597238,1,-5,-131
1767174024.607238,2,-6,-134
1767174024.617238,0,-6,-132
1767174024.627238,-2,-5,-131
1767174024.6372385,0,-7,-133
1767174024.6472385,2,-6,-134
1767174024.6572382,3,-5,-130
1767174024.6672382,2,-2,-125
1767174024.6772382,0,0,-135
1767174024.6872382,2,-2,-135
1767174024.6972382,2,-5,-134
1767174024.7072382,5,-6,-125
1767174024.7172382,0,-11,-127
1767174024.7272382,0,-5,-126
1767174024.7372382,-2,0,-124
1767174024.7472382,-1,3,-127
1767174024.757238,-3,2,-124
1767174024.767238,0,-1,-125
1767174024.777238,5,0,-117
1767174024.787238,6,-1,-125
1767174024.797238,2,0,-123
1767174024.807238,4,-1,-119
1767174024.817238,7,-2,-122
1767174024.827238,9,-3,-127
1767174024.837238,4,-6,-123
1767174024.847238,4,-7,-130
1767174024.857238,0,-7,-133
1767174024.867238,1,-7,-127
1767174024.877238,3,-6,-126
1767174024.8872385,2,-2,-131
1767174024.8972385,7,-1,-123
1767174024.9072382,7,-1,-130
1767174024.9172382,4,-3,-129
1767174024.9272382,5,-4,-129
1767174024.9372382,10,-4,-128
1767174024.9472382,4,-4,-129
1767174024.9572382,-1,-3,-134
1767174024.9672382,0,-6,-134
1767174024.9772382,3,-5,-136
1767174024.9872382,-4,-2,-142
1767174024.9972382,-1,0,-133
1767174025.007238,0,0,-132
1767174025.017238,0,0,-133
1767174025.027238,-4,-3,-131
1767174025.037238,-3,0,-128
1767174025.047238,0,-1,-121
1767174025.057238,-3,-4,-120
1767174025.067238,-3,-9,-117
1767174025.077238,-1,-8,-119
1767174025.087238,-2,-9,-117
1767174025.097238,-2,-6,-117
1767174025.107238,-4,-4,-121
1767174025.117238,-6,-2,-123
1767174025.127238,-10,1,-126
1767174025.1372385,-8,0,-124
1767174025.1472385,-9,-1,-128
1767174025.1572382,-8,-1,-127
1767174025.1672382,-4,-2,-122
1767174025.1772382,-2,-1,-123
1767174025.1872382,0,3,-128
1767174025.1972382,-4,3,-127
1767174025.2072382,0,0,-125
1767174025.2172382,-5,0,-123
1767174025.2272382,-5,2,-131
1767174025.2372382,-5,4,-134
1767174025.2472382,-5,2,-139
1767174025.257238,-2,2,-135
1767174025.267238,0,1,-130
1767174025.277238,5,-2,-132
1767174025.287238,3,0,-137
1767174025.297238,0,1,-137
1767174025.307238,-5,0,-134
1767174025.317238,-4,2,-128
1767174025.327238,-1,4,-129
1767174025.337238,-3,5,-128
1767174025.347238,1,7,-125
1767174025.357238,0,6,-127
1767174025.367238,-3,6,-125
1767174025.377238,-7,9,-128
1767174025.3872385,-8,9,-134
1767174025.3972385,-5,0,-128
1767174025.4072382,-3,-1,-122
1767174025.4172382,-4,-3,-123
1767174025.4272382,-3,-3,-122
1767174025.4372382,-1,-5,-124
1767174025.4472382,-3,-6,-121
1767174025.4572382,-4,-4,-130
1767174025.4672382,-4,-1,-127
1767174025.4772382,0,-1,-127
1767174025.4872382,0,-1,-117
1767174025.4972382,0,-1,-121
1767174025.507238,1,-2,-125
1767174025.517238,1,-4,-126
1767174025.527238,2,-4,-127
1767174025.537238,6,-2,-133
1767174025.547238,3,0,-137
1767174025.557238,0,0,-131
1767174025.567238,-3,1,-134
1767174025.577238,-4,5,-132
1767174025.587238,-3,6,-127
1767174025.597238,-3,4,-129
1767174025.6082382,-5,5,-123
1767174025.6182382,-4,1,-123
1767174025.6282382,-4,3,-131
1767174025.6382382,-4,0,-129
1767174025.6482382,-6,-4,-121
1767174025.6582382,-4,-3,-124
1767174025.6682382,-5,0,-124
1767174025.6782382,-3,1,-128
1767174025.688238,-3,0,-131
1767174025.698238,-5,3,-129
1767174025.708238,-8,3,-130
1767174025.718238,-12,5,-129
1767174025.728238,-6,5,-130
1767174025.738238,-2,-1,-132
1767174025.748238,1,1,-131
1767174025.758238,7,-1,-133
1767174025.768238,7,-1,-133
1767174025.778238,1,1,-131
1767174025.788238,2,5,-128
1767174025.798238,0,4,-129
1767174025.8082385,-1,1,-129
1767174025.8182385,0,2,-124
1767174025.8282382,0,7,-121
1767174025.8382382,-1,1,-123
1767174025.8482382,0,5,-118
1767174025.8582382,1,6,-120
1767174025.8682382,1,6,-119
1767174025.8782382,-2,3,-114
1767174025.8882382,-4,0,-113
1767174025.8982382,-8,-2,-121
1767174025.9082382,-4,0,-126
1767174025.9182382,-5,0,-132
1767174025.9282382,-2,0,-130
1767174025.938238,0,0,-129
1767174025.948238,-1,-1,-131
1767174025.958238,-1,-1,-131
1767174025.968238,-5,0,-135
1767174025.978238,-7,-4,-130
1767174025.988238,-7,-3,-133
1767174025.998238,-4,1,-129
1767174026.008238,0,2,-121
1767174026.018238,-1,0,-122
1767174026.028238,0,0,-124
1767174026.038238,-1,-1,-130
1767174026.048238,-1,-2,-133
1767174026.0582385,0,-6,-130
1767174026.0682385,-5,-9,-123
1767174026.0782382,-6,-7,-130
1767174026.0882382,-1,-4,-126
1767174026.0982382,0,-2,-122
1767174026.1082382,0,-4,-126
1767174026.1182382,0,-6,-136
1767174026.1282382,2,-7,-134
1767174026.1382382,3,-8,-135
1767174026.1482382,4,-2,-131
1767174026.1582382,2,-3,-129
1767174026.1682382,3,-5,-125
1767174026.1782382,3,-7,-122
1767174026.188238,-1,-10,-125
1767174026.198238,-2,-6,-124
1767174026.208238,-4,-8,-121
1767174026.218238,0,-8,-119
1767174026.228238,1,-6,-124
1767174026.238238,0,-8,-122
1767174026.248238,1,-6,-120
1767174026.258238,-1,-2,-117
1767174026.268238,-3,-3,-117
1767174026.278238,0,-1,-117
1767174026.288238,2,-1,-113
1767174026.298238,0,-1,-111
1767174026.3082385,-3,-1,-109
1767174026.3182385,-2,0,-108
1767174026.3282382,-2,-3,-106
1767174026.3382382,-5,-5,-111
1767174026.3482382,-4,-5,-123
1767174026.3582382,0,-6,-122
1767174026.3682382,4,-7,-123
1767174026.3782382,6,-9,-121
1767174026.3882382,6,-4,-131
1767174026.3982382,6,-1,-134
1767174026.4082382,4,-1,-132
1767174026.4182382,5,-6,-130
1767174026.4282382,6,-6,-125
1767174026.438238,4,-10,-126
1767174026.448238,2,-11,-131
1767174026.458238,1,-7,-134
1767174026.468238,1,-4,-136
1767174026.478238,1,-2,-131
1767174026.488238,-4,0,-127
1767174026.498238,-2,0,-131
1767174026.508238,0,-1,-127
1767174026.518238,1,0,-126
1767174026.528238,3,-3,-125
1767174026.538238,2,-3,-126
1767174026.548238,2,-4,-124
1767174026.5582385,5,-1,-123
1767174026.5682385,9,-3,-124
1767174026.5782382,11,-2,-126
1767174026.5882382,4,-2,-124
1767174026.5982382,0,-3,-122
1767174026.6082382,-1,-1,-120
1767174026.6182382,-3,0,-121
1767174026.6282382,-1,4,-122
1767174026.6382382,0,-3,-123
1767174026.6482382,0,0,-126
1767174026.6582382,5,0,-132
1767174026.6682382,4,-2,-136
1767174026.6782382,3,-2,-130
1767174026.688238,1,-2,-123
1767174026.698238,-2,-3,-130
1767174026.708238,-4,-5,-134
1767174026.718238,-3,-4,-130
1767174026.728238,0,-4,-129
1767174026.738238,0,-2,-123
1767174026.748238,2,1,-125
1767174026.758238,1,0,-126
1767174026.768238,2,1,-130
1767174026.778238,3,1,-137
1767174026.788238,3,-1,-136
1767174026.798238,0,-8,-143
1767174026.8082385,-3,-7,-134
1767174026.8182385,0,-6,-123
1767174026.8282382,0,-2,-116
1767174026.8382382,-3,-1,-115
1767174026.8482382,-4,-1,-117
1767174026.8582382,-4,0,-118
1767174026.8682382,0,-3,-115
1767174026.8782382,0,0,-116
1767174026.8882382,-3,-1,-117
1767174026.8982382,0,-3,-114
1767174026.9082382,-2,-4,-109
1767174026.9182382,0,-3,-117
1767174026.9282382,3,-1,-118
1767174026.938238,0,3,-119
1767174026.948238,3,3,-125
1767174026.958238,0,3,-129
1767174026.968238,5,4,-128
1767174026.978238,5,4,-126
1767174026.988238,1,1,-131
1767174026.998238,0,-3,-134
1767174027.008238,0,0,-133
1767174027.018238,0,-1,-141
1767174027.028238,0,-5,-139
1767174027.038238,-1,-2,-126
1767174027.048238,-3,-1,-126
1767174027.0582385,-9,-1,-121
1767174027.0682385,-8,-4,-117
1767174027.0782382,-4,-2,-117
1767174027.0882382,-7,-4,-121
1767174027.0982382,-7,-3,-122
1767174027.1082382,-7,-3,-122
1767174027.1182382,-7,-4,-127
1767174027.1282382,-6,-5,-118
1767174027.1382382,-4,-9,-117
1767174027.1482382,-4,-5,-111
1767174027.1582382,0,-4,-109
1767174027.1682382,6,-7,-112
1767174027.1782382,7,-10,-114
1767174027.188238,4,-9,-114
1767174027.209238,-4,-10,-124
1767174027.218238,-2,-7,-124
1767174027.228238,-4,-6,-121
1767174027.238238,-1,-8,-124
1767174027.248238,-2,-8,-126
1767174027.258238,-5,-9,-127
1767174027.268238,-3,-10,-125
1767174027.278238,0,-9,-124
1767174027.288238,-3,-8,-125
1767174027.298238,-8,-4,-127
1767174027.3082385,-5,-4,-120
1767174027.3182385,-4,0,-118
1767174027.3282382,-3,0,-122
1767174027.3382382,-1,-2,-122
1767174027.3482382,0,-3,-127
1767174027.3582382,-1,-8,-122
1767174027.3682382,-3,-6,-124
1767174027.3782382,-3,-1,-127
1767174027.3882382,-2,2,-131
1767174027.3982382,-2,0,-124
1767174027.4082382,1,-3,-121
1767174027.4182382,3,-2,-121
1767174027.4282382,4,-7,-112
1767174027.438238,5,-3,-116
1767174027.448238,1,-1,-114
1767174027.458238,-5,-3,-117
1767174027.468238,-1,-4,-114
1767174027.478238,-1,-8,-107
1767174027.488238,-1,-9,-110
1767174027.498238,0,-6,-115
1767174027.508238,1,-4,-120
1767174027.518238,0,-5,-124
1767174027.528238,0,-8,-127
1767174027.538238,7,-6,-123
1767174027.548238,4,0,-118
1767174027.5582385,2,1,-121
1767174027.5682385,1,2,-120
1767174027.5782382,0,2,-122
1767174027.5882382,-3,0,-127
1767174027.5982382,0,3,-131
1767174027.6082382,-2,-2,-136
1767174027.6182382,-5,-8,-133
1767174027.6282382,0,-9,-138
1767174027.6382382,1,-11,-143
1767174027.6482382,2,-10,-140
1767174027.6582382,2,-11,-133
1767174027.6682382,5,-10,-131
1767174027.6782382,6,-11,-130
1767174027.688238,-1,-14,-131
1767174027.698238,0,-13,-130
1767174027.708238,0,-12,-126
1767174027.718238,-2,-8,-127
1767174027.728238,0,-6,-127
1767174027.738238,2,-8,-124
1767174027.748238,0,-8,-124
1767174027.758238,5,-11,-124
1767174027.768238,3,-5,-121
1767174027.778238,5,-5,-119
1767174027.788238,5,-5,-117
1767174027.798238,4,-8,-118
1767174027.8082385,1,-6,-126
1767174027.8182385,0,-1,-127
1767174027.8282382,1,0,-128
1767174027.8382382,1,0,-126
1767174027.8482382,7,-4,-125
1767174027.8582382,6,-5,-134
1767174027.8682382,2,-7,-128
1767174027.8782382,7,-8,-127
1767174027.8882382,10,-3,-125
1767174027.8982382,9,1,-132
1767174027.9082382,3,-3,-127
1767174027.9182382,4,2,-119
1767174027.9282382,1,0,-119
1767174027.938238,-1,0,-123
1767174027.948238,-2,0,-121
1767174027.958238,1,-1,-119
1767174027.968238,4,-1,-118
1767174027.978238,1,-5,-121
1767174027.988238,0,-2,-124
1767174027.998238,-3,1,-125
1767174028.008238,-7,3,-127
1767174028.018238,-7,1,-130
1767174028.028238,0,-1,-132
1767174028.038238,-1,-2,-133
1767174028.048238,0,-4,-131
1767174028.0582385,1,-3,-132
1767174028.0682385,0,-3,-131
1767174028.0782382,0,-2,-135
1767174028.0882382,-1,-4,-134
1767174028.0982382,1,-4,-130
1767174028.1082382,4,-3,-131
1767174028.1182382,6,-5,-133
1767174028.1282382,7,-4,-132
1767174028.1382382,10,-5,-134
1767174028.1482382,6,-5,-128
1767174028.1582382,2,-5,-126
1767174028.1682382,2,-5,-123
1767174028.1782382,5,-3,-130
1767174028.188238,2,-2,-124
1767174028.198238,-4,-3,-125
1767174028.208238,-4,-2,-124
1767174028.218238,0,-6,-121
1767174028.2292385,-2,-7,-116
1767174028.2392385,-6,-11,-121
1767174028.2492385,-6,-6,-122
1767174028.2592382,-2,-5,-121
1767174028.2692382,-1,-6,-125
1767174028.2792382,2,-6,-126
1767174028.2892382,0,-5,-128
1767174028.2992382,-3,-2,-126
1767174028.3092382,-6,-5,-121
1767174028.3192382,-4,-1,-124
1767174028.3292382,-4,0,-129
1767174028.3392382,0,-2,-127
1767174028.3492382,2,-3,-123
1767174028.359238,6,-3,-117
1767174028.369238,3,-5,-115
1767174028.379238,3,-6,-115
1767174028.389238,0,-7,-117
1767174028.399238,1,-5,-123
1767174028.409238,-2,-5,-128
1767174028.419238,0,-7,-123
1767174028.429238,-2,-7,-123
1767174028.439238,1,-5,-131
1767174028.449238,6,-3,-130
1767174028.459238,5,-3,-127
1767174028.469238,6,-3,-125
1767174028.4792385,-1,-1,-115
1767174028.4892385,-5,-4,-111
1767174028.4992385,-3,-7,-109
1767174028.5092382,-4,-4,-110
1767174028.5192382,-5,-4,-105
1767174028.5292382,-6,0,-111
1767174028.5392382,-6,0,-116
1767174028.5492382,-4,0,-117
1767174028.5592382,-2,2,-124
1767174028.5692382,-2,3,-133
1767174028.5792382,0,2,-134
1767174028.5892382,0,0,-125
1767174028.5992382,0,0,-124
1767174028.609238,3,-1,-123
1767174028.619238,3,-1,-120
1767174028.629238,3,0,-122
1767174028.639238,-2,0,-121
1767174028.649238,-6,-3,-125
1767174028.659238,-4,-7,-125
1767174028.669238,-3,-4,-123
1767174028.679238,-3,-3,-126
1767174028.689238,0,-5,-130
1767174028.699238,0,-6,-134
1767174028.709238,-1,-9,-134
1767174028.719238,-2,-8,-133
1767174028.7292385,2,-7,-133
1767174028.7392385,1,-6,-131
1767174028.7492385,2,-9,-130
1767174028.7592382,0,-6,-131
1767174028.7692382,1,-5,-130
1767174028.7792382,4,-5,-127
1767174028.7892382,4,-6,-131
1767174028.7992382,6,-3,-132
1767174028.8092382,3,-2,-127
1767174028.8192382,0,-5,-126
1767174028.8292382,-3,-4,-134
1767174028.8392382,-8,-3,-139
1767174028.8492382,-5,-3,-141
1767174028.859238,-8,-4,-141
1767174028.869238,-10,-3,-130
1767174028.879238,-5,-5,-129
1767174028.889238,-3,-7,-133
1767174028.899238,-1,-12,-125
1767174028.909238,-2,-11,-119
1767174028.919238,-6,-9,-123
1767174028.929238,-5,-7,-124
1767174028.939238,-4,-4,-124
1767174028.949238,-5,0,-122
1767174028.959238,-5,1,-127
1767174028.969238,-6,0,-128
1767174028.9792385,-7,0,-130
1767174028.9892385,-6,-1,-126
1767174028.9992385,-9,1,-125
1767174029.0092382,-6,0,-123
1767174029.0192382,-3,-4,-129
1767174029.0292382,-4,0,-134
1767174029.0392382,-4,5,-135
1767174029.0492382,-9,8,-131
1767174029.0592382,-6,5,-129
1767174029.0692382,-16,2,-129
1767174029.0792382,-21,1,-126
1767174029.0892382,-17,1,-127
1767174029.0992382,-12,3,-127
1767174029.109238,-5,1,-128
1767174029.119238,0,3,-133
1767174029.129238,0,2,-141
1767174029.139238,-1,4,-137
1767174029.149238,-1,3,-133
1767174029.159238,-3,1,-125
1767174029.169238,-1,1,-126
1767174029.179238,0,1,-124
1767174029.189238,2,2,-124
1767174029.199238,2,-5,-119
1767174029.209238,1,-5,-120
1767174029.219238,3,-4,-123
1767174029.2292385,0,-4,-125
1767174029.2392385,0,-6,-123
1767174029.2492385,2,-10,-125
1767174029.2592382,-2,-6,-127
1767174029.2692382,-6,-5,-125
1767174029.2792382,-8,-4,-126
1767174029.2892382,-5,-2,-129
1767174029.2992382,-6,-1,-127
1767174029.3092382,-5,0,-129
1767174029.3192382,-4,-6,-130
1767174029.3292382,-5,-6,-122
1767174029.3392382,-2,-8,-123
1767174029.3492382,0,-5,-126
1767174029.359238,2,-3,-124
1767174029.369238,0,-5,-127
1767174029.379238,-3,-2,-118
1767174029.389238,-8,0,-121
1767174029.399238,-8,1,-124
1767174029.409238,-4,-2,-124
1767174029.419238,-3,-1,-135
1767174029.4302382,-5,-5,-136
1767174029.439238,-3,-5,-131
1767174029.449238,-3,-5,-131
1767174029.459238,-2,-4,-129
1767174029.469238,-4,-3,-127
1767174029.4792385,-2,-3,-123
1767174029.4892385,-2,-3,-122
1767174029.4992385,-1,-6,-126
1767174029.5092382,1,-9,-128
1767174029.5192382,2,-4,-132
1767174029.5292382,-2,-2,-136
1767174029.5392382,-1,-1,-135
1767174029.5492382,-1,0,-134
1767174029.5592382,1,-6,-133
1767174029.5692382,-1,-8,-134
1767174029.5792382,4,-9,-131
1767174029.5892382,1,-13,-128
1767174029.5992382,0,-6,-128
1767174029.609238,0,-7,-121
1767174029.619238,-3,-8,-120
1767174029.629238,-3,-5,-118
1767174029.639238,-3,-4,-120
1767174029.649238,-3,-2,-118
1767174029.659238,-6,-2,-116
1767174029.669238,-8,-2,-117
1767174029.679238,-7,0,-120
1767174029.689238,-10,3,-125
1767174029.699238,-5,3,-123
1767174029.709238,-5,5,-127
1767174029.719238,0,2,-128
1767174029.7292385,-2,-1,-133
1767174029.7392385,-5,-3,-134
1767174029.7492385,-3,-2,-128
1767174029.7592382,-3,-4,-131
1767174029.7692382,0,0,-131
1767174029.7792382,0,0,-124
1767174029.7892382,-3,0,-123
1767174029.7992382,0,-4,-128
1767174029.8092382,-1,-3,-128
1767174029.8192382,4,-3,-128
1767174029.8292382,6,-6,-129
1767174029.8392382,8,-6,-134
1767174029.8492382,6,-8,-136
1767174029.859238,3,-7,-139
1767174029.869238,3,-7,-139
1767174029.879238,1,-7,-129
1767174029.889238,-1,-7,-127
1767174029.899238,-1,-6,-132
1767174029.909238,-1,-3,-138
1767174029.919238,1,-3,-134
1767174029.929238,0,0,-130
1767174029.939238,0,1,-125
1767174029.949238,-2,-1,-121
1767174029.959238,-1,-2,-122
1767174029.969238,0,-4,-123
1767174029.9792385,0,-1,-120
1767174029.9892385,3,-3,-119
1767174029.9992385,2,-3,-119
1767174030.0092382,1,-1,-122
1767174030.0192382,-1,-3,-120
1767174030.0292382,2,2,-127
1767174030.0392382,2,3,-123
1767174030.0492382,1,1,-121
1767174030.0592382,0,1,-124
1767174030.0692382,-3,-1,-129
1767174030.0792382,-2,-2,-124
1767174030.0892382,0,-4,-117
1767174030.0992382,2,-2,-122
1767174030.109238,3,-2,-126
1767174030.119238,1,2,-127
1767174030.129238,2,0,-123
1767174030.139238,1,-1,-130
1767174030.149238,-1,-6,-126
1767174030.159238,0,-4,-125
1767174030.169238,4,-8,-122
1767174030.179238,3,-9,-124
1767174030.189238,2,-4,-126
1767174030.199238,-2,-3,-125
1767174030.209238,-1,-6,-125
1767174030.219238,2,-5,-123
1767174030.2292385,3,-6,-122
1767174030.2392385,0,-6,-125
1767174030.2492385,-1,-7,-124
1767174030.2592382,0,-7,-126
1767174030.2692382,-1,-9,-126
1767174030.2792382,0,-8,-127
1767174030.2892382,-1,-2,-129
1767174030.2992382,-5,1,-130
1767174030.3092382,-7,3,-122
1767174030.3192382,-2,4,-118
1767174030.3292382,0,4,-123
1767174030.3392382,-3,2,-122
1767174030.3492382,-4,-3,-125
1767174030.359238,-5,-5,-123
1767174030.369238,-5,-3,-119
1767174030.379238,-1,0,-123
1767174030.389238,-2,-2,-128
1767174030.399238,-7,-5,-130
1767174030.409238,-8,-4,-122
1767174030.419238,-7,-3,-118
1767174030.429238,-9,-2,-119
1767174030.439238,-9,-6,-118
1767174030.449238,-8,-7,-119
1767174030.459238,-6,-5,-124
1767174030.469238,-7,-3,-125
1767174030.4792385,-7,0,-128
1767174030.4892385,-7,0,-129
1767174030.4992385,-9,1,-125
1767174030.5092382,-10,-1,-128
1767174030.5192382,-7,-1,-128
1767174030.5292382,-8,-2,-127
1767174030.5392382,-8,0,-121
1767174030.5492382,-4,-3,-129
1767174030.5592382,-3,-1,-126
1767174030.5692382,-5,-1,-119
1767174030.5792382,-6,-3,-125
1767174030.5892382,-7,-6,-120
1767174030.5992382,-3,-4,-125
1767174030.609238,0,-2,-130
1767174030.619238,1,-5,-129
1767174030.629238,0,-5,-122
1767174030.639238,-2,-5,-121
1767174030.649238,-6,-5,-123
1767174030.659238,-8,-3,-123
1767174030.669238,-8,-2,-121
1767174030.679238,-5,0,-121
1767174030.689238,-11,-4,-120
1767174030.699238,-6,-3,-120
1767174030.709238,-5,0,-121
1767174030.719238,-1,0,-124
1767174030.7292385,0,0,-128
1767174030.7392385,1,1,-135
1767174030.7492385,0,0,-139
1767174030.7592382,3,-1,-133
1767174030.7692382,0,-2,-134
1767174030.7792382,0,-1,-131
1767174030.7892382,0,-1,-133
1767174030.7992382,-7,-5,-129
1767174030.8092382,-4,-3,-131
1767174030.8192382,-2,-7,-127
1767174030.8292382,1,-5,-127
1767174030.8392382,2,-3,-130
1767174030.850238,2,-7,-126
1767174030.859238,1,-1,-124
1767174030.869238,2,0,-118
1767174030.879238,4,0,-122
1767174030.890238,4,-2,-122
1767174030.900238,4,-1,-124
1767174030.9102385,0,-3,-121
1767174030.9202385,-2,1,-127
1767174030.9302382,-5,0,-127
1767174030.9402382,0,0,-131
1767174030.9502382,1,0,-125
1767174030.9602382,1,-2,-123
1767174030.9702382,2,0,-126
1767174030.9802382,4,0,-126
1767174030.9902382,-1,-3,-126
1767174031.0002382,-2,0,-126
1767174031.0102382,0,0,-121
1767174031.0202382,3,-7,-116
1767174031.0302382,0,-3,-119
1767174031.040238,-5,-2,-116
1767174031.050238,-1,-2,-122
1767174031.060238,0,-2,-123
1767174031.070238,1,0,-125
1767174031.080238,0,-1,-134
1767174031.090238,-1,-3,-131
1767174031.100238,3,-1,-128
1767174031.110238,2,1,-120
1767174031.120238,0,0,-114
1767174031.130238,-4,-3,-119
1767174031.140238,-1,-6,-121
1767174031.150238,-3,-6,-119
1767174031.1602385,-2,-7,-119
1767174031.1702385,-3,-6,-120
1767174031.1802382,-2,-1,-125
1767174031.1902382,-4,-4,-125
1767174031.2002382,-6,-7,-124
1767174031.2102382,-5,-7,-125
1767174031.2202382,-1,-9,-132
1767174031.2302382,1,-12,-131
1767174031.2402382,2,-9,-126
1767174031.2502382,6,-7,-124
1767174031.2602382,2,-8,-124
1767174031.2702382,-6,-6,-119
1767174031.2802382,-3,-1,-119
1767174031.290238,-5,-4,-120
1767174031.300238,-3,-2,-128
1767174031.310238,-5,0,-130
1767174031.320238,-3,0,-125
1767174031.330238,-1,-1,-126
1767174031.340238,3,-2,-126
1767174031.350238,5,0,-118
1767174031.360238,6,-1,-116
1767174031.370238,1,-1,-117
1767174031.380238,-1,0,-118
1767174031.390238,0,1,-121
1767174031.400238,-2,0,-124
1767174031.4102385,0,-4,-127
1767174031.4202385,-1,-3,-121
1767174031.4302382,0,0,-119
1767174031.4402382,1,2,-120
1767174031.4502382,3,2,-120
1767174031.4602382,0,-1,-121
1767174031.4702382,0,-2,-122
1767174031.4802382,-2,-2,-120
1767174031.4902382,-7,-4,-125
1767174031.5002382,-7,-3,-121
1767174031.5102382,-2,-2,-117
1767174031.5202382,-5,-2,-122
1767174031.5302382,0,-3,-127
1767174031.540238,1,-3,-122
1767174031.550238,3,-2,-122
1767174031.560238,3,-6,-115
1767174031.570238,6,-2,-117
1767174031.580238,4,-4,-120
1767174031.590238,7,-2,-126
1767174031.600238,4,-4,-122
1767174031.610238,4,-2,-125
1767174031.620238,0,-6,-126
1767174031.630238,2,-5,-131
1767174031.640238,1,-10,-133
1767174031.650238,2,-8,-128
1767174031.6602385,1,-7,-126
1767174031.6702385,4,-8,-126
1767174031.6802382,7,-5,-123
1767174031.6902382,7,-4,-127
1767174031.7002382,3,-5,-126
1767174031.7102382,1,-3,-127
1767174031.7202382,1,0,-124
1767174031.7302382,0,-5,-127
1767174031.7402382,1,-7,-127
1767174031.7502382,2,-12,-122
1767174031.7602382,2,-11,-120
1767174031.7702382,0,-9,-122
1767174031.7802382,-4,-12,-116
1767174031.790238,-8,-7,-126
1767174031.800238,-5,-5,-127
1767174031.810238,-3,-5,-135
1767174031.820238,-1,-4,-135
1767174031.830238,1,-6,-134
1767174031.840238,-1,-5,-129
1767174031.850238,0,-4,-129
1767174031.860238,-4,-4,-127
1767174031.870238,0,-1,-124
1767174031.880238,1,0,-125
1767174031.890238,0,2,-121
1767174031.900238,0,2,-118
1767174031.9102385,1,1,-118
1767174031.9202385,0,0,-116
1767174031.9302382,3,-2,-115
1767174031.9402382,0,-5,-121
1767174031.9502382,2,-6,-126
1767174031.9602382,2,-6,-125
1767174031.9702382,7,-5,-132
1767174031.9802382,4,-1,-125
1767174031.9902382,2,0,-123
1767174032.0002382,0,-2,-118
1767174032.0102382,0,1,-117
1767174032.0202382,-3,-1,-126
1767174032.0302382,-2,-2,-124
1767174032.040238,0,-6,-112
1767174032.050238,0,-5,-106
1767174032.060238,-1,-3,-115
1767174032.070238,1,-2,-121
1767174032.080238,2,-3,-127
1767174032.090238,2,-2,-129
1767174032.100238,5,-3,-122
1767174032.110238,7,-6,-119
1767174032.120238,3,-2,-114
1767174032.130238,1,-4,-117
1767174032.140238,3,-3,-120
1767174032.150238,5,-5,-123
1767174032.1602385,9,0,-127
1767174032.1702385,7,3,-125
1767174032.1802382,10,0,-129
1767174032.1902382,6,-3,-130
1767174032.2002382,8,-3,-126
1767174032.222238,4,0,-125
1767174032.2302382,3,-2,-125
1767174032.2402382,2,-1,-118
1767174032.2502382,0,-2,-125
1767174032.2602382,0,3,-126
1767174032.2702382,1,3,-121
1767174032.2802382,1,1,-120
1767174032.290238,0,0,-125
1767174032.300238,0,0,-126
1767174032.310238,1,0,-127
1767174032.320238,3,-1,-123
1767174032.330238,1,-2,-122
1767174032.340238,0,-3,-126
1767174032.350238,0,-2,-122
1767174032.360238,-1,2,-120
1767174032.370238,3,0,-116
1767174032.380238,1,-1,-113
1767174032.390238,0,-3,-122
1767174032.400238,4,-5,-125
1767174032.4102385,2,-4,-127
1767174032.4202385,1,-4,-130
1767174032.4302382,-2,-5,-132
1767174032.4402382,0,-4,-132
1767174032.4502382,-1,-4,-131
1767174032.4602382,-2,-4,-130
1767174032.4702382,6,-2,-132
1767174032.4802382,3,-1,-124
1767174032.4902382,2,0,-121
1767174032.5002382,0,-1,-114
1767174032.5102382,2,-2,-117
1767174032.5202382,5,-3,-113
1767174032.5302382,3,0,-109
1767174032.540238,2,0,-102
1767174032.550238,-7,0,-104
1767174032.560238,-6,-3,-106
1767174032.570238,-2,-2,-106
1767174032.580238,0,-5,-112
1767174032.590238,3,-1,-109
1767174032.600238,3,0,-120
1767174032.610238,2,0,-115
1767174032.620238,2,-1,-112
1767174032.630238,3,-6,-120
1767174032.640238,3,-6,-115
1767174032.650238,0,0,-120
1767174032.6602385,-1,3,-124
1767174032.6702385,1,4,-129
1767174032.6802382,4,2,-126
1767174032.6902382,0,2,-125
1767174032.7002382,-4,2,-121
1767174032.7102382,-4,3,-122
1767174032.7202382,0,5,-126
1767174032.7302382,0,4,-127
1767174032.7402382,-2,1,-124
1767174032.7502382,-5,-2,-122
1767174032.7602382,-7,1,-118
1767174032.7702382,-8,1,-121
1767174032.7802382,-5,0,-118
1767174032.790238,-2,0,-123
1767174032.800238,0,0,-132
1767174032.810238,0,-1,-130
1767174032.820238,-2,-2,-130
1767174032.830238,-2,1,-124
1767174032.840238,-2,1,-128
1767174032.850238,0,3,-134
1767174032.860238,-3,4,-130
1767174032.870238,-2,2,-128
1767174032.880238,-3,2,-128
1767174032.890238,-1,-1,-127
1767174032.900238,-2,-1,-127
1767174032.9102385,-1,-2,-125
1767174032.9202385,4,-4,-124
1767174032.9302382,6,-6,-121
1767174032.9402382,4,-1,-115
1767174032.9502382,-3,-1,-115
1767174032.9602382,-4,-5,-116
1767174032.9702382,-3,-2,-121
1767174032.9802382,-2,-4,-124
1767174032.9902382,-2,-7,-129
1767174033.0002382,-1,-5,-129
1767174033.0102382,-1,0,-128
1767174033.0202382,-3,1,-118
1767174033.0302382,-4,3,-116
1767174033.040238,-1,6,-113
1767174033.050238,-2,6,-118
1767174033.060238,-1,4,-116
1767174033.070238,-2,8,-120
1767174033.080238,0,2,-120
1767174033.090238,4,1,-128
1767174033.100238,5,0,-128
1767174033.110238,2,-2,-124
1767174033.120238,5,-2,-135
1767174033.130238,10,0,-143
1767174033.140238,7,-1,-138
1767174033.150238,5,-3,-126
1767174033.1602385,6,-5,-122
1767174033.1702385,2,-3,-117
1767174033.1802382,4,-2,-116
1767174033.1902382,5,-3,-122
1767174033.2002382,6,-4,-117
1767174033.2102382,9,-4,-113
1767174033.2202382,10,-3,-117
1767174033.2302382,7,-3,-114
1767174033.2402382,5,-3,-122
1767174033.2502382,1,-5,-123
1767174033.2602382,0,-6,-120
1767174033.2702382,-1,-3,-121
1767174033.2802382,1,-2,-116
1767174033.290238,0,-3,-121
1767174033.300238,4,-2,-127
1767174033.310238,7,-3,-126
1767174033.320238,5,-3,-129
1767174033.330238,7,0,-124
1767174033.340238,6,3,-113
1767174033.350238,4,0,-115
1767174033.360238,4,0,-115
1767174033.370238,3,1,-118
1767174033.380238,0,0,-121
1767174033.390238,0,-1,-119
1767174033.400238,-2,-2,-125
1767174033.4102385,0,3,-133
1767174033.4202385,-1,8,-139
1767174033.4302382,-6,4,-140
1767174033.4402382,-5,1,-135
1767174033.4502382,-5,-2,-129
1767174033.4602382,-3,-4,-129
1767174033.4702382,-2,-10,-126
1767174033.4802382,-3,-8,-126
1767174033.4902382,0,-5,-122
1767174033.5002382,3,-5,-125
1767174033.5102382,2,-5,-132
1767174033.5202382,-1,-4,-134
1767174033.5302382,-2,-6,-138
1767174033.540238,3,-9,-135
1767174033.551238,1,-8,-143
1767174033.561238,0,-9,-141
1767174033.571238,-1,-3,-141
1767174033.5812385,0,2,-136
1767174033.5912385,1,1,-133
1767174033.6012385,1,3,-126
1767174033.6112382,3,0,-125
1767174033.6212382,0,0,-118
1767174033.6312382,-1,5,-122
1767174033.6412382,-1,6,-122
1767174033.6512382,1,8,-125
1767174033.6612382,3,8,-120
1767174033.6712382,0,0,-121
1767174033.6812382,0,1,-118
1767174033.6912382,-1,-2,-126
1767174033.7012382,-7,-6,-127
1767174033.711238,-1,-7,-128
1767174033.721238,0,-3,-122
1767174033.731238,-4,-4,-121
1767174033.741238,-3,-2,-118
1767174033.751238,-3,0,-121
1767174033.761238,-5,0,-122
1767174033.771238,-9,-3,-124
1767174033.781238,-7,-5,-123
1767174033.791238,-5,-5,-122
1767174033.801238,-6,-7,-119
1767174033.811238,-5,-7,-117
1767174033.821238,-1,-12,-123
1767174033.8312385,-1,-9,-124
1767174033.8412385,-2,-5,-126
1767174033.8512385,-3,-4,-123
1767174033.8612382,0,-5,-122
1767174033.8712382,1,-7,-127
1767174033.8812382,0,-8,-130
1767174033.8912382,0,-7,-136
1767174033.9012382,0,-8,-135
1767174033.9112382,4,-6,-134
1767174033.9212382,8,-1,-121
1767174033.9312382,8,0,-119
1767174033.9412382,4,0,-126
1767174033.9512382,2,1,-126
1767174033.961238,4,0,-120
1767174033.971238,3,0,-120
1767174033.981238,3,-1,-117
1767174033.991238,-1,0,-120
1767174034.001238,-1,-2,-119
1767174034.011238,-3,-5,-125
1767174034.021238,1,-4,-129
1767174034.031238,4,-1,-129
1767174034.041238,3,-2,-132
1767174034.051238,7,3,-132
1767174034.061238,9,0,-126
1767174034.071238,7,1,-135
1767174034.0812385,5,2,-130
1767174034.0912385,-1,0,-127
1767174034.1012385,-3,4,-121
1767174034.1112382,0,7,-124
1767174034.1212382,4,6,-126
1767174034.1312382,7,5,-124
1767174034.1412382,10,5,-126
1767174034.1512382,10,0,-134
1767174034.1612382,13,-2,-135
1767174034.1712382,12,-3,-136
1767174034.1812382,9,-4,-135
1767174034.1912382,7,-5,-133
1767174034.2012382,2,-3,-133
1767174034.211238,-4,-2,-131
1767174034.221238,-2,0,-129
1767174034.231238,2,-5,-127
1767174034.241238,-3,-5,-129
1767174034.251238,-1,-4,-136
1767174034.261238,-6,-3,-133
1767174034.271238,-6,-6,-140
1767174034.281238,-5,-6,-137
1767174034.291238,-6,-6,-137
1767174034.301238,-5,-12,-138
1767174034.311238,-8,-8,-135
1767174034.321238,-6,-8,-134
1767174034.3312385,-9,-10,-135
1767174034.3412385,-9,-6,-134
1767174034.3512385,-9,-5,-123
1767174034.3612382,-9,-4,-130
1767174034.3712382,0,-5,-132
1767174034.3812382,-1,-4,-133
1767174034.3912382,0,-4,-137
1767174034.4012382,-2,-5,-132
1767174034.4112382,-2,-6,-128
1767174034.4212382,0,-2,-127
1767174034.4312382,-3,-3,-130
1767174034.4412382,-4,0,-123
1767174034.4512382,-1,1,-128
1767174034.461238,-4,0,-130
1767174034.471238,-4,-5,-133
1767174034.481238,-10,-3,-131
1767174034.491238,-11,0,-132
1767174034.501238,-11,2,-128
1767174034.511238,-7,2,-126
1767174034.521238,-4,0,-126
1767174034.531238,-7,1,-128
1767174034.541238,-4,0,-128
1767174034.551238,-1,3,-127
1767174034.561238,-4,2,-124
1767174034.571238,0,0,-127
1767174034.5812385,6,0,-121
1767174034.5912385,4,0,-118
1767174034.6012385,5,-1,-114
1767174034.6112382,4,2,-122
1767174034.6212382,1,4,-120
1767174034.6312382,0,3,-117
1767174034.6412382,-2,2,-116
1767174034.6512382,0,8,-125
1767174034.6612382,0,6,-128
1767174034.6712382,0,2,-133
1767174034.6812382,-2,1,-131
1767174034.6912382,-2,2,-128
1767174034.7012382,0,1,-133
1767174034.711238,2,1,-137
1767174034.721238,2,0,-132
1767174034.731238,5,2,-127
1767174034.741238,6,0,-128
1767174034.751238,0,0,-130
1767174034.761238,2,4,-129
1767174034.771238,5,5,-128
1767174034.781238,5,5,-130
1767174034.791238,0,2,-127
1767174034.801238,3,2,-131
1767174034.811238,0,0,-130
1767174034.821238,0,1,-119
1767174034.8312385,0,5,-121
1767174034.8412385,-2,1,-124
1767174034.8512385,-5,-4,-120
1767174034.8612382,-5,-4,-122
1767174034.8712382,-6,0,-123
1767174034.8812382,-2,1,-120
1767174034.8912382,2,3,-124
1767174034.9012382,1,3,-120
1767174034.9112382,-4,0,-120
1767174034.9212382,-3,0,-119
1767174034.9312382,-1,5,-116
1767174034.9412382,1,8,-121
1767174034.9512382,1,6,-126
1767174034.961238,1,5,-125
1767174034.971238,4,3,-126
1767174034.981238,3,0,-128
1767174034.991238,0,-1,-127
1767174035.001238,1,-1,-133
1767174035.011238,1,-1,-132
1767174035.021238,2,-6,-126
1767174035.031238,3,-7,-120
1767174035.041238,4,-7,-123
1767174035.051238,6,-8,-121
1767174035.061238,5,-6,-116
1767174035.071238,5,-2,-117
1767174035.0812385,-1,-4,-125
1767174035.0912385,-4,-3,-121
1767174035.1012385,-2,-1,-124
1767174035.1112382,-1,-2,-126
1767174035.1212382,3,0,-127
1767174035.1312382,5,2,-118
1767174035.1412382,1,2,-119
1767174035.1512382,-1,0,-116
1767174035.1612382,0,-4,-120
1767174035.1712382,1,-6,-121
1767174035.1812382,-2,-7,-116
1767174035.1912382,-5,-12,-122
1767174035.2012382,-1,-9,-121
1767174035.211238,0,-6,-117
1767174035.221238,1,-4,-116
1767174035.231238,0,-6,-119
1767174035.241238,-1,-3,-124
1767174035.251238,-3,0,-122
1767174035.261238,-2,0,-121
1767174035.271238,-1,0,-124
1767174035.281238,3,0,-123
1767174035.291238,6,0,-130
1767174035.301238,6,-1,-131
1767174035.311238,6,-4,-126
1767174035.321238,0,-6,-117
1767174035.3312385,0,-4,-111
1767174035.3412385,1,-2,-116
1767174035.3512385,2,-3,-117
1767174035.3612382,8,-4,-118
1767174035.3712382,9,-7,-126
1767174035.3812382,14,-10,-124
1767174035.3912382,7,-9,-126
1767174035.4012382,3,-7,-128
1767174035.4112382,0,-7,-130
1767174035.4212382,0,-5,-131
1767174035.4312382,2,-4,-127
1767174035.4412382,4,-6,-127
1767174035.4512382,5,-6,-128
1767174035.461238,-2,-5,-130
1767174035.471238,-6,-1,-129
1767174035.481238,-6,3,-123
1767174035.491238,1,2,-126
1767174035.501238,-1,1,-126
1767174035.511238,-2,6,-122
1767174035.521238,-1,2,-115
1767174035.531238,2,-3,-119
1767174035.541238,-2,-4,-118
1767174035.551238,-6,-2,-121
1767174035.561238,-4,-4,-119
1767174035.571238,-1,0,-121
1767174035.5812385,-1,-1,-115
1767174035.5912385,-2,-1,-122
1767174035.6012385,-2,-4,-123
1767174035.6112382,0,-3,-126
1767174035.6212382,-5,-3,-125
1767174035.6312382,-4,-2,-117
1767174035.6412382,-5,-5,-117
1767174035.6512382,-8,-7,-126
1767174035.6612382,-4,-11,-124
1767174035.6712382,-2,-10,-125
1767174035.6812382,-6,-8,-124
1767174035.6912382,-5,-8,-124
1767174035.7012382,-3,-12,-124
1767174035.711238,-4,-8,-122
1767174035.721238,-4,-5,-124
1767174035.731238,-4,-5,-120
1767174035.741238,0,-6,-116
1767174035.751238,-4,-1,-126
1767174035.761238,-4,-2,-128
1767174035.771238,-7,0,-124
1767174035.781238,-5,0,-124
1767174035.791238,-5,1,-133
1767174035.801238,-1,0,-133
1767174035.811238,-3,0,-126
1767174035.821238,-3,1,-127
1767174035.8312385,-1,0,-124
1767174035.8412385,-3,0,-118
1767174035.8512385,-2,0,-120
1767174035.8612382,-1,1,-115
1767174035.8712382,-1,0,-112
1767174035.8812382,1,2,-113
1767174035.8912382,2,6,-121
1767174035.9012382,2,6,-124
1767174035.9112382,1,1,-122
1767174035.9212382,5,-1,-125
1767174035.9312382,2,2,-130
1767174035.9412382,3,4,-122
1767174035.9512382,2,0,-117
1767174035.961238,4,-2,-125
1767174035.971238,5,-1,-124
1767174035.981238,7,-1,-118
1767174035.991238,8,-3,-120
1767174036.001238,3,-4,-126
1767174036.011238,2,-1,-126
1767174036.021238,2,1,-127
1767174036.031238,2,-2,-128
1767174036.041238,5,-2,-128
1767174036.051238,7,-3,-126
1767174036.061238,6,-2,-119
1767174036.071238,6,0,-121
1767174036.0812385,6,-3,-121
1767174036.0912385,5,-5,-120
1767174036.1012385,4,-3,-121
1767174036.1112382,3,-1,-128
1767174036.1212382,-3,0,-134
1767174036.132238,5,-2,-133
1767174036.142238,4,-3,-134
1767174036.1512382,2,-2,-132
1767174036.1612382,0,0,-136
1767174036.172238,0,-3,-134
1767174036.182238,1,1,-130
1767174036.192238,1,5,-131
1767174036.202238,2,2,-128
1767174036.212238,3,4,-122
1767174036.222238,3,1,-119
1767174036.232238,1,-1,-116
1767174036.242238,-3,-2,-119
1767174036.252238,-4,-4,-124
1767174036.2622385,-6,-5,-123
1767174036.2722385,-5,-2,-122
1767174036.2822382,-6,0,-123
1767174036.2922382,-2,-1,-127
1767174036.3022382,6,3,-130
1767174036.3122382,5,1,-128
1767174036.3222382,4,-1,-127
1767174036.3322382,0,-1,-119
1767174036.3422382,4,0,-119
1767174036.3522382,-1,4,-120
1767174036.3622382,0,5,-120
1767174036.3722382,6,3,-120
1767174036.382238,5,2,-123
1767174036.392238,4,4,-125
1767174036.402238,3,3,-123
1767174036.412238,5,3,-124
1767174036.422238,0,2,-125
1767174036.432238,0,3,-122
1767174036.442238,0,6,-123
1767174036.452238,3,5,-124
1767174036.462238,0,2,-117
1767174036.472238,-1,1,-116
1767174036.482238,-3,1,-113
1767174036.492238,-2,-1,-119
1767174036.502238,-5,-4,-122
1767174036.5122385,-3,-5,-119
1767174036.5222385,-3,-3,-122
1767174036.5322382,-1,0,-126
1767174036.5422382,-1,0,-124
1767174036.5522382,-1,0,-122
1767174036.5622382,0,-1,-128
1767174036.5722382,2,-1,-134
1767174036.5822382,3,-1,-133
1767174036.5922382,8,-5,-130
1767174036.6022382,2,-3,-130
1767174036.6122382,0,0,-130
1767174036.6222382,0,-1,-135
1767174036.632238,-2,-2,-133
1767174036.642238,-3,-6,-127
1767174036.652238,-2,-5,-128
1767174036.662238,-3,-5,-132
1767174036.672238,-4,-4,-131
1767174036.682238,-2,-1,-131
1767174036.692238,-2,3,-133
1767174036.702238,-1,-1,-133
1767174036.712238,-3,-9,-135
1767174036.722238,-6,-8,-133
1767174036.732238,-3,-8,-134
1767174036.742238,0,-5,-127
1767174036.752238,-8,0,-132
1767174036.7622385,-5,0,-136
1767174036.7722385,-5,0,-136
1767174036.7822382,-5,5,-132
1767174036.7922382,-6,7,-127
1767174036.8032382,-6,3,-123
1767174036.8122382,-2,2,-118
1767174036.8222382,-4,0,-111
1767174036.8322382,-3,0,-113
1767174036.8422382,-4,1,-122
1767174036.8522382,-1,1,-127
1767174036.8622382,0,-2,-126
1767174036.8722382,2,0,-122
1767174036.882238,3,-1,-124
1767174036.892238,-1,-3,-121
1767174036.902238,0,1,-122
1767174036.912238,3,1,-122
1767174036.922238,4,0,-126
1767174036.932238,3,0,-123
1767174036.942238,9,3,-124
1767174036.952238,5,3,-132
1767174036.962238,-1,3,-132
1767174036.972238,-4,3,-122
1767174036.982238,-6,3,-118
1767174036.992238,-4,1,-122
1767174037.002238,-7,-2,-123
1767174037.0122385,-7,-1,-120
1767174037.0222385,-9,0,-121
1767174037.0322382,-9,-3,-127
1767174037.0422382,-9,-5,-125
1767174037.0522382,-6,-4,-124
1767174037.0622382,1,-4,-122
1767174037.0722382,4,-1,-117
1767174037.0822382,8,-3,-121
1767174037.0922382,7,-1,-117
1767174037.1022382,7,2,-118
1767174037.1122382,3,0,-116
1767174037.1222382,0,-2,-117
1767174037.132238,-3,-2,-126
1767174037.142238,-4,-4,-124
1767174037.152238,-3,-2,-121
1767174037.162238,-3,-2,-120
1767174037.172238,-2,-4,-121
1767174037.182238,-4,-2,-131
1767174037.192238,-5,0,-133
1767174037.202238,-3,-1,-135
1767174037.212238,-6,-3,-135
1767174037.2332382,1,5,-130
1767174037.242238,-2,8,-128
1767174037.252238,-1,7,-122
1767174037.2622385,0,4,-130
1767174037.2722385,3,3,-131
1767174037.2822382,3,-1,-133
1767174037.2922382,5,0,-133
1767174037.3022382,3,-3,-135
1767174037.3122382,4,0,-137
1767174037.3222382,2,0,-131
1767174037.3322382,2,-3,-127
1767174037.3422382,-2,-2,-130
1767174037.3522382,-4,-4,-124
1767174037.3622382,-1,-7,-122
1767174037.3722382,-3,-4,-118
1767174037.382238,0,-1,-120
1767174037.392238,-5,-2,-120
1767174037.402238,-6,-3,-123
1767174037.412238,-4,-4,-125
1767174037.422238,0,-3,-127
1767174037.432238,4,-6,-127
1767174037.442238,4,0,-125
1767174037.452238,2,-3,-126
1767174037.462238,3,-4,-128
1767174037.472238,0,-2,-122
1767174037.482238,-2,-3,-124
1767174037.492238,-2,0,-121
1767174037.502238,-5,0,-117
1767174037.5122385,-4,0,-119
1767174037.5222385,-1,-2,-117
1767174037.5322382,0,0,-123
1767174037.5422382,1,-2,-126
1767174037.5522382,0,-3,-126
1767174037.5622382,1,-1,-126
1767174037.5722382,1,0,-119
1767174037.5822382,4,1,-121
1767174037.5922382,2,0,-126
1767174037.6022382,0,0,-128
1767174037.6122382,3,0,-128
1767174037.6222382,2,0,-126
1767174037.632238,-1,3,-124
1767174037.642238,-2,7,-116
1767174037.652238,-1,3,-114
1767174037.662238,0,0,-117
1767174037.672238,-1,2,-121
1767174037.682238,-6,0,-127
1767174037.692238,-2,0,-132
1767174037.702238,0,0,-131
1767174037.712238,-1,0,-134
1767174037.722238,-5,0,-135
1767174037.732238,-6,0,-139
1767174037.742238,-5,-3,-130
1767174037.752238,0,-5,-124
1767174037.7622385,4,-2,-124
1767174037.7722385,3,-3,-117
1767174037.7822382,4,-3,-120
1767174037.7922382,0,-1,-119
1767174037.8022382,2,-4,-120
1767174037.8122382,1,-3,-121
1767174037.8222382,0,0,-120
1767174037.8322382,-4,-1,-121
1767174037.8422382,-2,4,-115
1767174037.8522382,-1,0,-119
1767174037.8622382,0,-3,-127
1767174037.8722382,5,-3,-126
1767174037.882238,2,0,-125
1767174037.892238,0,1,-118
1767174037.902238,0,-1,-120
1767174037.912238,-1,0,-117
1767174037.922238,0,3,-126
1767174037.932238,0,0,-123
1767174037.942238,5,2,-121
1767174037.952238,9,2,-119
1767174037.962238,11,2,-117
1767174037.972238,10,3,-120
1767174037.982238,6,8,-119
1767174037.992238,4,8,-120
1767174038.002238,7,1,-119
1767174038.0122385,9,1,-127
1767174038.0222385,6,1,-125
1767174038.0322382,2,3,-120
1767174038.0422382,1,4,-118
1767174038.0522382,4,5,-115
1767174038.0622382,1,7,-116
1767174038.0722382,-1,7,-121
1767174038.0822382,-2,2,-118
1767174038.0922382,-4,-1,-120
1767174038.1022382,-5,-1,-119
1767174038.1122382,-4,-1,-119
1767174038.1222382,0,-4,-123
1767174038.132238,-3,-2,-126
1767174038.142238,-4,0,-123
1767174038.152238,-5,7,-123
1767174038.162238,0,4,-120
1767174038.172238,1,5,-123
1767174038.182238,5,5,-125
1767174038.192238,3,3,-124
1767174038.202238,-2,0,-128
1767174038.212238,-3,1,-131
1767174038.222238,-3,2,-125
1767174038.232238,0,1,-122
1767174038.242238,5,0,-116
1767174038.252238,1,-3,-116
1767174038.2622385,0,1,-121
1767174038.2722385,-1,1,-113
1767174038.2822382,3,1,-109
1767174038.2922382,-2,-1,-108
1767174038.3022382,-2,0,-111
1767174038.3122382,3,-1,-103
1767174038.3222382,8,0,-99
1767174038.3322382,6,1,-105
1767174038.3422382,6,1,-112
1767174038.3522382,7,0,-112
1767174038.3622382,0,0,-110
1767174038.3722382,-3,0,-109
1767174038.382238,3,0,-108
1767174038.392238,6,0,-112
1767174038.402238,6,2,-115
1767174038.412238,4,1,-115
1767174038.422238,3,1,-117
1767174038.432238,3,0,-117
1767174038.442238,1,-2,-116
1767174038.452238,0,-3,-117
1767174038.462238,0,-2,-121
1767174038.472238,1,4,-118
1767174038.482238,-1,4,-122
1767174038.492238,-1,8,-127
1767174038.502238,1,1,-131
1767174038.5122385,1,-4,-131
1767174038.5222385,0,-2,-130
1767174038.5322382,-1,0,-125
1767174038.5422382,2,1,-121
1767174038.5522382,1,1,-118
1767174038.5622382,2,3,-126
1767174038.5722382,0,1,-130
1767174038.5822382,0,-3,-129
1767174038.5922382,0,-5,-121
1767174038.6022382,-3,-8,-117
1767174038.6122382,-2,-5,-114
1767174038.6222382,-3,2,-118
1767174038.632238,-3,6,-119
1767174038.642238,-3,8,-123
1767174038.652238,0,4,-125
1767174038.662238,-3,4,-125
1767174038.672238,-3,0,-127
1767174038.682238,-3,0,-130
1767174038.692238,2,-2,-126
1767174038.702238,0,-5,-125
1767174038.712238,0,-2,-123
1767174038.722238,-1,-3,-132
1767174038.732238,0,0,-132
1767174038.742238,0,-1,-133
1767174038.752238,0,-3,-124
1767174038.7622385,3,0,-129
1767174038.7722385,1,2,-130
1767174038.7822382,1,0,-133
1767174038.7932382,3,3,-131
1767174038.8022382,3,1,-132
1767174038.8122382,3,-1,-128
1767174038.8222382,1,0,-128
1767174038.833238,0,0,-129
1767174038.843238,0,1,-129
1767174038.853238,-1,5,-125
1767174038.863238,-1,6,-126
1767174038.873238,4,3,-129
1767174038.883238,8,-1,-125
1767174038.893238,11,-4,-121
1767174038.903238,12,-5,-119
1767174038.913238,10,-4,-118
1767174038.923238,12,0,-116
1767174038.9332385,8,-1,-117
1767174038.9432385,5,0,-116
1767174038.9532382,6,-2,-121
1767174038.9632382,3,-4,-115
1767174038.9732382,-4,-6,-117
1767174038.9832382,-5,-2,-120
1767174038.9932382,-4,0,-122
1767174039.0032382,-4,-1,-125
1767174039.0132382,-2,1,-125
1767174039.0232382,0,2,-121
1767174039.0332382,-2,6,-122
1767174039.0432382,0,5,-129
1767174039.0532382,1,5,-128
1767174039.063238,1,7,-124
1767174039.073238,-4,5,-136
1767174039.083238,-2,3,-134
1767174039.093238,-7,3,-131
1767174039.103238,-5,4,-132
1767174039.113238,-6,5,-127
1767174039.123238,-4,2,-129
1767174039.133238,-1,0,-125
1767174039.143238,0,0,-125
1767174039.153238,2,-1,-128
1767174039.163238,-1,-4,-129
1767174039.173238,-2,-2,-135
1767174039.1832385,-6,2,-132
1767174039.1932385,-7,4,-129
1767174039.2032382,-1,0,-129
1767174039.2132382,2,3,-134
1767174039.2232382,2,2,-130
1767174039.2332382,4,5,-129
1767174039.2432382,1,2,-122
1767174039.2532382,0,3,-119
1767174039.2632382,1,1,-126
1767174039.2732382,-1,0,-122
1767174039.2832382,0,0,-125
1767174039.2932382,-1,-2,-127
1767174039.3032382,-4,-2,-128
1767174039.313238,-5,-1,-126
1767174039.323238,-6,-1,-123
1767174039.333238,-2,-4,-127
1767174039.343238,-1,-6,-135
1767174039.353238,-3,-5,-133
1767174039.363238,-3,-5,-134
1767174039.373238,-4,-4,-132
1767174039.383238,-8,-2,-124
1767174039.393238,-9,-2,-124
1767174039.403238,-7,-3,-121
1767174039.413238,-8,-3,-122
1767174039.423238,-4,-2,-126
1767174039.4332385,-2,-2,-129
1767174039.4432385,-1,0,-130
1767174039.4532382,-1,0,-135
1767174039.4632382,0,0,-123
1767174039.4732382,-5,-2,-119
1767174039.4832382,-3,0,-115
1767174039.4932382,-1,2,-117
1767174039.5032382,-4,1,-112
1767174039.5132382,-3,3,-115
1767174039.5232382,-6,1,-116
1767174039.5332382,-2,1,-124
1767174039.5432382,4,1,-125
1767174039.5532382,6,2,-117
1767174039.563238,4,0,-120
1767174039.573238,3,0,-124
1767174039.583238,0,1,-121
1767174039.593238,0,1,-124
1767174039.603238,2,3,-124
1767174039.613238,7,2,-120
1767174039.623238,7,1,-119
1767174039.633238,9,-1,-120
1767174039.643238,7,0,-126
1767174039.653238,3,-1,-125
1767174039.663238,2,-1,-120
1767174039.673238,4,0,-122
1767174039.6832385,2,1,-122
1767174039.6932385,0,0,-121
1767174039.7032382,-2,5,-119
1767174039.7132382,-3,4,-124
1767174039.7232382,-3,4,-121
1767174039.7332382,-8,7,-124
1767174039.7432382,-9,2,-124
1767174039.7532382,-8,3,-129
1767174039.7632382,-9,4,-129
1767174039.7732382,-6,3,-126
1767174039.7832382,-3,6,-131
1767174039.7932382,1,2,-135
1767174039.8032382,2,-1,-132
1767174039.813238,0,-5,-120
1767174039.823238,1,-2,-118
1767174039.833238,5,-6,-124
1767174039.843238,5,-6,-126
1767174039.853238,7,-6,-130
1767174039.863238,5,-4,-120
1767174039.873238,4,0,-121
1767174039.883238,2,-1,-119
1767174039.893238,1,-2,-111
1767174039.903238,2,-5,-112
1767174039.913238,0,-5,-121
1767174039.923238,3,-11,-125
1767174039.9332385,-1,-6,-128
1767174039.9432385,2,-2,-122
1767174039.9532382,0,-1,-125
1767174039.9632382,0,-1,-133
1767174039.9732382,0,-4,-128
1767174039.9832382,1,-2,-131
1767174039.9932382,4,-4,-125
1767174040.0032382,7,0,-124
1767174040.0132382,4,0,-124
1767174040.0232382,0,4,-125
1767174040.0332382,2,6,-127
1767174040.0432382,2,5,-130
1767174040.0532382,3,5,-126
1767174040.063238,6,3,-124
1767174040.073238,9,2,-120
1767174040.083238,12,0,-121
1767174040.093238,9,3,-126
1767174040.103238,6,0,-118
1767174040.113238,2,0,-123
1767174040.123238,3,-3,-119
1767174040.133238,7,-2,-121
1767174040.143238,5,-5,-126
1767174040.153238,2,-6,-126
1767174040.163238,1,-4,-128
1767174040.173238,1,-1,-132
1767174040.1832385,1,0,-126
1767174040.1932385,0,-2,-129
1767174040.2032382,7,1,-130
1767174040.2132382,6,0,-131
1767174040.2232382,4,0,-130
1767174040.2332382,7,-4,-133
1767174040.2432382,4,0,-141
1767174040.2532382,5,-2,-137
1767174040.2632382,2,0,-130
1767174040.2732382,-3,-1,-135
1767174040.2832382,-3,-3,-124
1767174040.2932382,0,-5,-117
1767174040.3032382,-4,-6,-118
1767174040.313238,-4,-1,-117
1767174040.323238,-2,-5,-121
1767174040.333238,-2,-2,-126
1767174040.343238,0,1,-127
1767174040.353238,1,4,-128
1767174040.363238,2,3,-131
1767174040.373238,3,2,-130
1767174040.383238,1,2,-122
1767174040.393238,1,3,-119
1767174040.403238,1,3,-124
1767174040.413238,3,3,-127
1767174040.423238,5,2,-127
1767174040.4332385,8,6,-129
1767174040.4432385,7,3,-133
1767174040.4532382,9,3,-133
1767174040.4632382,3,1,-133
1767174040.4732382,2,1,-130
1767174040.4832382,4,-4,-126
1767174040.4932382,8,0,-123
1767174040.5032382,8,2,-125
1767174040.5132382,4,-1,-119
1767174040.5232382,6,-2,-121
1767174040.5332382,9,-1,-122
1767174040.5432382,7,3,-128
1767174040.5532382,3,7,-126
1767174040.563238,0,8,-128
1767174040.573238,0,6,-136
1767174040.583238,0,6,-135
1767174040.593238,5,3,-133
1767174040.603238,6,-3,-133
1767174040.613238,1,-7,-134
1767174040.623238,0,-3,-131
1767174040.633238,-1,-3,-130
1767174040.643238,-2,-4,-124
1767174040.653238,-3,-5,-120
1767174040.663238,0,-5,-113
1767174040.673238,0,-8,-114
1767174040.6832385,2,-8,-119
1767174040.6932385,2,-6,-122
1767174040.7032382,0,-4,-113
1767174040.7132382,2,-1,-117
1767174040.7232382,2,0,-112
1767174040.7332382,5,-3,-115
1767174040.7432382,6,-4,-119
1767174040.7532382,7,-1,-120
1767174040.7632382,6,-3,-122
1767174040.7732382,6,-3,-118
1767174040.7832382,5,-5,-123
1767174040.7932382,10,-3,-119
1767174040.8032382,7,-6,-118
1767174040.813238,4,-6,-120
1767174040.823238,2,0,-120
1767174040.833238,6,4,-120
1767174040.843238,7,5,-120
1767174040.853238,2,7,-124
1767174040.863238,0,5,-125
1767174040.873238,-2,1,-123
1767174040.883238,0,0,-120
1767174040.893238,0,-1,-123
1767174040.903238,-1,0,-119
1767174040.913238,-2,0,-117
1767174040.923238,-2,-2,-123
1767174040.9332385,4,-2,-123
1767174040.9432385,6,-5,-129
1767174040.9532382,6,-5,-126
1767174040.9632382,2,0,-132
1767174040.9732382,0,-3,-127
1767174040.9832382,-1,-6,-117
1767174040.9932382,-1,-5,-110
1767174041.0032382,0,-6,-117
1767174041.0132382,-2,-4,-116
1767174041.0232382,-2,-5,-116
1767174041.0332382,-3,-6,-114
1767174041.0432382,-4,-7,-114
1767174041.0532382,0,-2,-119
1767174041.063238,1,-3,-116
1767174041.073238,3,-4,-114
1767174041.083238,3,0,-116
1767174041.093238,3,-2,-118
1767174041.1042385,3,-3,-117
1767174041.113238,-1,-4,-121
1767174041.123238,-2,0,-121
1767174041.133238,-1,0,-124
1767174041.143238,0,3,-121
1767174041.153238,0,2,-122
1767174041.163238,-2,2,-121
1767174041.173238,2,-1,-124
1767174041.1832385,3,-6,-119
1767174041.1932385,4,-9,-115
1767174041.2032382,5,-9,-118
1767174041.2132382,5,-11,-118
1767174041.2232382,5,-6,-118
1767174041.2332382,0,-4,-115
1767174041.2432382,1,-2,-120
1767174041.2532382,0,-6,-121
1767174041.2632382,-1,-5,-124
1767174041.2732382,-2,-4,-128
1767174041.2832382,0,-4,-130
1767174041.2932382,0,-5,-129
1767174041.3032382,0,-6,-125
1767174041.313238,-1,-3,-128
1767174041.323238,0,0,-135
1767174041.333238,0,0,-130
1767174041.343238,-1,0,-125
1767174041.353238,-5,1,-126
1767174041.363238,-3,-3,-127
1767174041.373238,-4,-3,-120
1767174041.383238,-5,-4,-125
1767174041.393238,-3,-5,-125
1767174041.403238,-2,-3,-123
1767174041.413238,-5,2,-126
1767174041.423238,-9,0,-125
1767174041.4342382,-11,0,-124
1767174041.4442382,-5,1,-121
1767174041.4532382,-1,1,-118
1767174041.4642382,-3,1,-117
1767174041.4742382,-1,1,-121
1767174041.484238,-2,1,-126
1767174041.494238,-2,-1,-125
1767174041.504238,0,-5,-126
1767174041.514238,-3,-5,-121
1767174041.524238,-2,-1,-119
1767174041.534238,1,1,-115
1767174041.544238,0,4,-120
1767174041.554238,1,2,-116
1767174041.564238,2,-5,-114
1767174041.574238,4,-5,-122
1767174041.584238,0,-5,-125
1767174041.594238,-4,-4,-130
1767174041.6042385,-3,-4,-128
1767174041.6142385,-2,-3,-131
1767174041.6242385,0,0,-133
1767174041.6342382,-1,-1,-136
1767174041.6442382,-1,-2,-139
1767174041.6542382,-3,-3,-137
1767174041.6642382,-3,-3,-134
1767174041.6742382,-1,-4,-131
1767174041.6842382,0,-7,-131
1767174041.6942382,-2,-7,-128
1767174041.7042382,-3,-7,-127
1767174041.7142382,-3,-6,-136
1767174041.7242382,-3,-4,-129
1767174041.734238,-6,-2,-127
1767174041.744238,-10,-3,-127
1767174041.754238,-1,-3,-126
1767174041.764238,0,-3,-119
1767174041.774238,1,-7,-123
1767174041.784238,4,-5,-120
1767174041.794238,6,-4,-123
1767174041.804238,7,-6,-132
1767174041.814238,3,-3,-134
1767174041.824238,1,-6,-130
1767174041.834238,0,0,-126
1767174041.844238,0,0,-121
1767174041.8542385,2,0,-126
1767174041.8642385,1,-1,-132
1767174041.8742385,2,-2,-130
1767174041.8842382,4,-6,-128
1767174041.8942382,0,-12,-128
1767174041.9042382,-5,-5,-118
1767174041.9142382,-1,-6,-116
1767174041.9242382,1,-8,-118
1767174041.9342382,3,-10,-119
1767174041.9442382,3,-9,-124
1767174041.9542382,-5,-5,-122
1767174041.9642382,-1,-5,-121
1767174041.9742382,-2,-3,-114
1767174041.984238,-3,-5,-117
1767174041.994238,-5,-3,-118
1767174042.004238,-3,-2,-125
1767174042.014238,-2,0,-120
1767174042.024238,-1,1,-115
1767174042.034238,-3,0,-119
1767174042.044238,-3,-3,-121
1767174042.054238,-1,-3,-119
1767174042.064238,0,-1,-119
1767174042.074238,-3,0,-123
1767174042.084238,-6,0,-127
1767174042.094238,-1,2,-127
1767174042.1042385,2,2,-129
1767174042.1142385,1,3,-126
1767174042.1242385,2,1,-125
1767174042.1342382,0,4,-129
1767174042.1442382,0,5,-119
1767174042.1542382,-1,6,-121
1767174042.1642382,-2,4,-120
1767174042.1742382,-6,0,-121
1767174042.1842382,-4,1,-121
1767174042.1942382,0,4,-123
1767174042.2042382,1,0,-119
1767174042.2142382,0,1,-125
1767174042.2242382,3,-1,-126
1767174042.2462382,5,0,-112
1767174042.254238,0,1,-123
1767174042.264238,1,0,-120
1767174042.274238,3,1,-121
1767174042.284238,3,0,-120
1767174042.294238,0,-2,-116
1767174042.304238,-3,-5,-121
1767174042.314238,-3,-9,-122
1767174042.324238,-1,-6,-120
1767174042.334238,0,-5,-125
1767174042.344238,-2,-3,-119
1767174042.3542385,0,2,-117
1767174042.3642385,-2,3,-115
1767174042.3742385,-1,5,-114
1767174042.3842382,-6,7,-114
1767174042.3942382,-5,6,-120
1767174042.4042382,-3,5,-130
1767174042.4142382,-4,6,-128
1767174042.4242382,-8,5,-125
1767174042.4342382,-4,6,-120
1767174042.4442382,-4,4,-119
1767174042.4542382,-4,2,-115
1767174042.4642382,-1,0,-119
1767174042.4742382,-2,0,-112
1767174042.484238,-5,0,-110
1767174042.494238,-1,-5,-110
1767174042.504238,0,-4,-119
1767174042.514238,-3,-4,-116
1767174042.524238,-4,-3,-118
1767174042.534238,-7,-3,-123
1767174042.544238,1,-5,-126
1767174042.554238,1,-4,-125
1767174042.564238,3,-2,-121
1767174042.574238,1,1,-125
1767174042.584238,4,-3,-127
1767174042.594238,3,-4,-124
1767174042.6042385,0,-3,-125
1767174042.6142385,-3,-4,-126
1767174042.6242385,1,-8,-131
1767174042.6342382,2,-8,-130
1767174042.6442382,2,-5,-132
1767174042.6542382,6,-7,-126
1767174042.6642382,1,-5,-132
1767174042.6742382,-4,-6,-130
1767174042.6842382,-6,-7,-127
1767174042.6942382,-4,-4,-126
1767174042.7042382,-10,-3,-127
1767174042.7142382,-8,-1,-126
1767174042.7242382,-8,-2,-123
1767174042.734238,-4,-2,-127
1767174042.744238,-4,-6,-128
1767174042.754238,-7,-2,-125
1767174042.764238,-5,-1,-128
1767174042.774238,-4,-1,-126
1767174042.784238,-3,-2,-123
1767174042.794238,-2,0,-120
1767174042.804238,-5,0,-119
1767174042.814238,-6,0,-124
1767174042.824238,-8,1,-130
1767174042.834238,-9,3,-134
1767174042.844238,-8,3,-129
1767174042.8542385,-9,3,-126
1767174042.8642385,-8,0,-132
1767174042.8742385,-5,-1,-128
1767174042.8842382,-4,0,-121
1767174042.8942382,-3,2,-117
1767174042.9042382,1,-3,-121
1767174042.9142382,3,-1,-120
1767174042.9242382,2,0,-117
1767174042.9342382,1,-3,-118
1767174042.9442382,4,-1,-126
1767174042.9542382,3,1,-123
1767174042.9642382,4,2,-122
1767174042.9742382,4,0,-123
1767174042.984238,6,-6,-121
1767174042.994238,7,-6,-125
1767174043.004238,11,-5,-128
1767174043.014238,11,-6,-123
1767174043.024238,12,-7,-123
1767174043.034238,9,-8,-128
1767174043.044238,5,-6,-132
1767174043.054238,6,-8,-135
1767174043.064238,5,-9,-132
1767174043.074238,1,-6,-132
1767174043.084238,1,-1,-129
1767174043.094238,0,-2,-134
1767174043.1042385,2,-3,-130
1767174043.1142385,2,-2,-130
1767174043.1242385,-1,-3,-129
1767174043.1342382,1,-4,-117
1767174043.1442382,0,0,-114
1767174043.1542382,0,2,-124
1767174043.1642382,1,1,-126
1767174043.1742382,1,-1,-127
1767174043.1842382,-3,-4,-126
1767174043.1942382,-4,-5,-124
1767174043.2042382,-4,0,-119
1767174043.2142382,0,0,-117
1767174043.2242382,0,0,-123
1767174043.234238,0,-2,-130
1767174043.244238,2,-5,-138
1767174043.254238,2,-5,-137
1767174043.264238,-2,-3,-132
1767174043.274238,-3,-3,-129
1767174043.284238,0,-4,-136
1767174043.294238,3,-6,-138
1767174043.304238,-1,-8,-130
1767174043.314238,-4,-4,-137
1767174043.324238,0,-5,-138
1767174043.334238,0,-1,-128
1767174043.344238,-3,0,-131
1767174043.3542385,-4,0,-130
1767174043.3642385,-4,2,-131
1767174043.3742385,-3,0,-132
1767174043.3842382,-2,2,-133
1767174043.3942382,-4,3,-125
1767174043.4042382,-1,2,-125
1767174043.4142382,-2,1,-120
1767174043.4242382,-3,0,-121
1767174043.4342382,0,2,-122
1767174043.4442382,-3,3,-127
1767174043.4542382,-2,2,-130
1767174043.4642382,-7,0,-130
1767174043.4742382,-8,-6,-124
1767174043.484238,-7,-5,-118
1767174043.494238,-3,-4,-122
1767174043.504238,1,-7,-122
1767174043.514238,0,-10,-125
1767174043.524238,0,-12,-124
1767174043.534238,4,-7,-121
1767174043.544238,8,-3,-121
1767174043.554238,8,-5,-120
1767174043.564238,4,-2,-126
1767174043.574238,2,-3,-128
1767174043.584238,0,-3,-129
1767174043.594238,0,-2,-131
1767174043.6042385,3,-1,-135
1767174043.6142385,7,-1,-132
1767174043.6242385,3,-3,-132
1767174043.6342382,2,-4,-126
1767174043.6442382,1,-1,-129
1767174043.6542382,0,-4,-134
1767174043.6642382,1,-4,-135
1767174043.6742382,0,-1,-128
1767174043.6842382,-3,0,-133
1767174043.6942382,-2,1,-128
1767174043.7042382,0,4,-131
1767174043.7142382,2,-1,-125
1767174043.7242382,2,-1,-128
1767174043.734238,0,0,-129
1767174043.744238,-3,0,-136
1767174043.754238,-1,0,-130
1767174043.764238,-1,-2,-133
1767174043.774238,0,3,-126
1767174043.784238,0,-1,-129
1767174043.794238,1,1,-128
1767174043.804238,0,3,-122
1767174043.814238,4,3,-118
1767174043.824238,4,4,-113
1767174043.834238,4,2,-119
1767174043.844238,0,2,-123
1767174043.8542385,0,-1,-124
1767174043.8642385,0,-3,-125
1767174043.8742385,1,1,-118
1767174043.8842382,3,0,-127
1767174043.8942382,5,-2,-118
1767174043.9042382,5,0,-115
1767174043.9142382,1,-4,-110
1767174043.9242382,1,-2,-106
1767174043.9342382,2,-1,-109
1767174043.9442382,3,-4,-117
1767174043.9542382,1,-5,-124
1767174043.9642382,1,-3,-127
1767174043.9742382,1,1,-133
1767174043.984238,2,2,-137
1767174043.994238,6,2,-138
1767174044.004238,5,5,-139
1767174044.014238,3,1,-135
1767174044.024238,0,-1,-129
1767174044.034238,0,-2,-131
1767174044.044238,7,-5,-134
1767174044.054238,4,-2,-127
1767174044.0652382,0,-3,-120
1767174044.074238,5,-6,-115
1767174044.0852382,3,-6,-120
1767174044.094238,2,-3,-119
1767174044.1052382,3,-6,-123
1767174044.1152382,4,-9,-128
1767174044.1242385,0,-8,-127
1767174044.1352382,2,-4,-129
1767174044.1452382,0,-1,-126
1767174044.1552382,6,0,-130
1767174044.165238,5,-4,-132
1767174044.175238,0,-4,-133
1767174044.185238,1,-5,-138
1767174044.195238,2,-3,-133
1767174044.205238,1,0,-128
1767174044.215238,2,-2,-124
1767174044.225238,3,-5,-128
1767174044.235238,3,-4,-127
1767174044.245238,4,-5,-129
1767174044.255238,-2,-3,-131
1767174044.265238,-4,-6,-132
1767174044.275238,-4,-6,-129
1767174044.2852385,0,-7,-129
1767174044.2952385,2,-7,-127
1767174044.3052382,3,-4,-124
1767174044.3152382,6,-2,-122
1767174044.3252382,3,0,-123
1767174044.3352382,5,0,-124
1767174044.3452382,8,0,-124
1767174044.3552382,9,0,-126
1767174044.3652382,9,0,-128
1767174044.3752382,7,0,-139
1767174044.3852382,4,-5,-135
1767174044.3952382,0,-4,-136
1767174044.4052382,-6,-1,-133
1767174044.415238,-7,0,-136
1767174044.425238,-9,-1,-140
1767174044.435238,-1,-4,-134
1767174044.445238,0,-2,-130
1767174044.455238,0,0,-135
1767174044.465238,2,0,-137
1767174044.475238,0,1,-139
1767174044.485238,1,0,-132
1767174044.495238,0,2,-124
1767174044.505238,0,5,-120
1767174044.515238,-1,3,-118
1767174044.525238,-3,2,-121
1767174044.5352385,-1,3,-120
1767174044.5452385,-2,0,-116
1767174044.5552382,-2,-1,-111
1767174044.5652382,0,-2,-115
1767174044.5752382,1,-4,-112
1767174044.5852382,-2,-4,-117
1767174044.5952382,2,-5,-121
1767174044.6052382,3,1,-124
1767174044.6152382,3,2,-130
1767174044.6252382,0,0,-138
1767174044.6352382,1,0,-138
1767174044.6452382,2,-2,-130
1767174044.6552382,0,-3,-130
1767174044.665238,3,-5,-128
1767174044.675238,5,-2,-131
1767174044.685238,1,-1,-127
1767174044.695238,-1,0,-130
1767174044.705238,2,0,-123
1767174044.715238,2,-1,-123
1767174044.725238,1,-3,-125
1767174044.735238,0,-3,-121
1767174044.745238,0,-2,-122
1767174044.755238,-2,0,-120
1767174044.765238,-5,1,-122
1767174044.775238,-7,-4,-125
1767174044.7852385,-4,-1,-120
1767174044.7952385,-3,-1,-117
1767174044.8052382,-1,-1,-124
1767174044.8152382,3,-1,-122
1767174044.8252382,0,-3,-120
1767174044.8352382,4,-2,-121
1767174044.8452382,1,0,-124
1767174044.8552382,3,-4,-131
1767174044.8652382,3,-2,-127
1767174044.8752382,4,-2,-126
1767174044.8852382,3,-6,-120
1767174044.8952382,-1,-9,-123
1767174044.9052382,-6,-5,-124
1767174044.915238,-4,-5,-125
1767174044.925238,-3,-1,-126
1767174044.935238,-3,-2,-115
1767174044.945238,2,-7,-117
1767174044.955238,2,-5,-115
1767174044.965238,2,-4,-112
1767174044.975238,2,0,-116
1767174044.985238,-1,0,-121
1767174044.995238,-1,0,-119
1767174045.005238,0,-1,-117
1767174045.015238,3,-2,-119
1767174045.025238,1,-3,-121
1767174045.0352385,-2,-5,-124
1767174045.0452385,-3,-2,-124
1767174045.0552382,-1,-4,-129
1767174045.0652382,-3,-3,-119
1767174045.0752382,-2,-2,-111
1767174045.0852382,-1,-4,-123
1767174045.0952382,-1,-4,-127
1767174045.1052382,0,0,-128
1767174045.1152382,0,-3,-130
1767174045.1252382,-3,-2,-136
1767174045.1352382,-1,-4,-137
1767174045.1452382,-1,-4,-134
1767174045.1552382,-3,-6,-126
1767174045.165238,-6,-3,-128
1767174045.175238,-8,-5,-131
1767174045.185238,-8,-6,-135
1767174045.195238,-5,-5,-132
1767174045.205238,-6,-4,-135
1767174045.215238,-3,2,-134
1767174045.225238,0,1,-130
1767174045.235238,3,5,-126
1767174045.245238,3,3,-127
1767174045.255238,9,3,-121
1767174045.265238,9,0,-122
1767174045.275238,5,0,-126
1767174045.2852385,4,-3,-132
1767174045.2952385,5,-1,-127
1767174045.3052382,6,-1,-125
1767174045.3152382,2,-3,-121
1767174045.3252382,-2,-2,-125
1767174045.3352382,-4,0,-123
1767174045.3452382,-1,0,-123
1767174045.3552382,0,-2,-117
1767174045.3652382,1,-6,-123
1767174045.3752382,2,-5,-122
1767174045.3852382,3,-4,-126
1767174045.3952382,2,-4,-128
1767174045.4052382,4,-2,-124
1767174045.415238,2,0,-122
1767174045.425238,-1,0,-119
1767174045.435238,-7,0,-110
1767174045.445238,-1,3,-109
1767174045.455238,-2,1,-107
1767174045.465238,-6,-4,-113
1767174045.475238,-3,-4,-115
1767174045.485238,2,-3,-114
1767174045.495238,5,-1,-113
1767174045.505238,6,0,-122
1767174045.515238,0,0,-128
1767174045.525238,2,-3,-131
1767174045.5352385,-2,-4,-131
1767174045.5452385,-1,-4,-130
1767174045.5552382,0,-6,-126
1767174045.5652382,0,-8,-129
1767174045.5752382,3,-7,-122
1767174045.5852382,6,-7,-118
1767174045.5952382,4,-7,-120
1767174045.6052382,2,-6,-119
1767174045.6152382,10,-5,-128
1767174045.6252382,9,-5,-128
1767174045.6352382,9,-5,-124
1767174045.6452382,9,-4,-117
1767174045.6552382,7,-4,-118
1767174045.665238,7,-8,-115
1767174045.675238,6,-9,-114
1767174045.685238,5,-8,-117
1767174045.695238,0,-6,-123
1767174045.705238,0,-6,-124
1767174045.715238,-3,-5,-125
1767174045.725238,-1,-6,-129
1767174045.735238,0,-7,-124
1767174045.745238,3,-7,-122
1767174045.755238,0,-8,-118
1767174045.765238,1,-9,-115
1767174045.775238,0,-5,-117
1767174045.7852385,0,-6,-113
1767174045.7952385,0,-4,-117
1767174045.8052382,-2,-4,-112
1767174045.8152382,-8,-9,-115
1767174045.8252382,-8,-8,-114
1767174045.8352382,-4,-7,-112
1767174045.8452382,-1,-8,-116
1767174045.8552382,-1,-9,-116
1767174045.8652382,-1,-6,-115
1767174045.8752382,0,0,-114
1767174045.8852382,-4,0,-116
1767174045.8952382,-5,-2,-118
1767174045.9052382,-7,-4,-121
1767174045.915238,-5,-4,-121
1767174045.925238,-1,0,-120
1767174045.935238,-1,-1,-120
1767174045.945238,-7,-2,-122
1767174045.955238,-8,-2,-120
1767174045.965238,-10,-2,-122
1767174045.975238,-7,0,-126
1767174045.985238,-6,0,-120
1767174045.995238,-2,-1,-122
1767174046.005238,-6,0,-120
1767174046.015238,0,0,-122
1767174046.025238,-2,-4,-122
1767174046.0352385,-1,-4,-127
1767174046.0452385,-1,-1,-127
1767174046.0552382,-2,0,-123
1767174046.0652382,-3,-4,-121
1767174046.0752382,-3,-5,-115
1767174046.0852382,-1,-1,-116
1767174046.0952382,-1,-4,-114
1767174046.1052382,-1,-2,-119
1767174046.1152382,1,-1,-128
1767174046.1252382,4,-4,-130
1767174046.1352382,7,-5,-132
1767174046.1452382,4,-3,-126
1767174046.1552382,1,1,-128
1767174046.165238,1,-1,-126
1767174046.175238,1,-6,-127
1767174046.185238,7,-5,-123
1767174046.195238,12,-7,-129
1767174046.205238,9,-5,-134
1767174046.215238,10,-4,-136
1767174046.225238,11,0,-133
1767174046.235238,5,1,-129
1767174046.245238,9,4,-125
1767174046.255238,7,3,-124
1767174046.265238,5,1,-128
1767174046.275238,5,0,-129
1767174046.2852385,1,0,-130
1767174046.2952385,-1,-1,-136
1767174046.3052382,-1,-2,-140
1767174046.3152382,-2,-1,-140
1767174046.3252382,-5,-2,-134
1767174046.3352382,-4,-3,-130
1767174046.3452382,0,-2,-123
1767174046.3552382,4,-6,-126
1767174046.3652382,6,-3,-127
1767174046.3752382,3,-3,-127
1767174046.3852382,1,-1,-132
1767174046.3952382,-1,0,-131
1767174046.4052382,0,-1,-129
1767174046.415238,2,-2,-125
1767174046.425238,5,-7,-121
1767174046.435238,5,-3,-120
1767174046.445238,5,0,-124
1767174046.455238,5,1,-130
1767174046.465238,6,-1,-124
1767174046.475238,6,-2,-122
1767174046.485238,6,-2,-122
1767174046.495238,6,-4,-122
1767174046.505238,4,-5,-123
1767174046.515238,1,-8,-121
1767174046.525238,0,-7,-117
1767174046.5352385,1,-7,-122
1767174046.5452385,1,-2,-118
1767174046.5552382,4,-2,-117
1767174046.5652382,6,-3,-121
1767174046.5752382,4,-3,-124
1767174046.5852382,3,0,-121
1767174046.5952382,3,1,-122
1767174046.6052382,0,-1,-126
1767174046.6152382,-2,-3,-125
1767174046.6252382,0,-6,-115
1767174046.6352382,-1,-5,-109
1767174046.6452382,-4,-5,-118
1767174046.6552382,-6,-6,-128
1767174046.665238,-3,-3,-128
1767174046.675238,-1,-2,-136
1767174046.685238,-3,-2,-131
1767174046.695238,-3,-1,-134
1767174046.705238,-5,-7,-132
1767174046.715238,-3,-11,-128
1767174046.725238,1,-10,-127
1767174046.735238,0,-4,-119
1767174046.7462382,1,-1,-118
1767174046.7562382,3,-1,-115
1767174046.7662382,0,-2,-116
1767174046.7762382,-3,-3,-120
1767174046.7862382,-1,-2,-120
1767174046.7962382,3,-5,-125
1767174046.8062382,0,-5,-122
1767174046.8162382,-4,-5,-126
1767174046.8262382,-4,-6,-127
1767174046.836238,-10,-5,-133
1767174046.846238,-8,-2,-129
1767174046.856238,-6,-6,-124
1767174046.866238,-3,-7,-125
1767174046.876238,0,-7,-123
1767174046.886238,0,-8,-127
1767174046.896238,0,-8,-134
1767174046.906238,-1,-8,-133
1767174046.916238,-1,-3,-130
1767174046.926238,-3,-3,-131
1767174046.936238,0,-3,-127
1767174046.946238,-2,-4,-125
1767174046.9562385,0,-8,-134
1767174046.9662385,-2,-3,-138
1767174046.9762385,-5,-6,-137
1767174046.9862382,-6,-5,-130
1767174046.9962382,-5,-9,-121
1767174047.0062382,-3,-7,-121
1767174047.0162382,-6,-6,-123
1767174047.0262382,-8,-8,-125
1767174047.0362382,-9,-7,-124
1767174047.0462382,-4,-5,-126
1767174047.0562382,-4,-5,-131
1767174047.0662382,0,-7,-137
1767174047.0762382,-2,-6,-139
1767174047.086238,-1,-2,-135
1767174047.096238,0,0,-136
1767174047.106238,-3,0,-135
1767174047.116238,-1,0,-132
1767174047.126238,-2,-3,-124
1767174047.136238,-1,-5,-128
1767174047.146238,-1,-6,-127
1767174047.156238,-1,-4,-125
1767174047.166238,2,-3,-124
1767174047.176238,2,-2,-126
1767174047.186238,3,-1,-132
1767174047.196238,1,-2,-134
1767174047.2062385,-1,2,-129
1767174047.2162385,-1,0,-124
1767174047.2262385,-1,0,-121
1767174047.2362382,3,0,-127
1767174047.258238,4,-8,-124
1767174047.2662382,3,-7,-118
1767174047.2762382,2,-5,-121
1767174047.2862382,7,-1,-122
1767174047.2962382,9,-1,-130
1767174047.3062382,6,-7,-125
1767174047.3162382,12,-4,-130
1767174047.3262382,11,-7,-131
1767174047.336238,11,-7,-132
1767174047.346238,10,-6,-128
1767174047.356238,8,-5,-128
1767174047.366238,5,-9,-126
1767174047.376238,4,-9,-128
1767174047.386238,0,-6,-132
1767174047.396238,0,-2,-132
1767174047.406238,-2,-3,-130
1767174047.416238,-1,-4,-129
1767174047.426238,-1,-7,-129
1767174047.436238,0,-5,-132
1767174047.446238,1,-2,-132
1767174047.4562385,0,-1,-140
1767174047.4662385,1,-7,-140
1767174047.4762385,2,-4,-134
1767174047.4862382,2,-7,-132
1767174047.4962382,3,-8,-122
1767174047.5062382,7,-9,-124
1767174047.5162382,6,-7,-122
1767174047.5262382,4,-7,-119
1767174047.5362382,2,-8,-124
1767174047.5462382,0,-8,-127
1767174047.5562382,0,-6,-125
1767174047.5662382,-1,-8,-129
1767174047.5762382,-2,-5,-128
1767174047.586238,-1,-3,-126
1767174047.596238,0,-6,-125
1767174047.606238,-2,-3,-121
1767174047.616238,-1,-5,-123
1767174047.626238,0,-4,-119
1767174047.636238,0,-4,-121
1767174047.646238,-2,-6,-132
1767174047.656238,-2,-7,-126
1767174047.666238,-2,-9,-132
1767174047.676238,-2,-9,-140
1767174047.686238,0,-5,-132
1767174047.696238,-4,-3,-134
1767174047.7062385,0,-4,-130
1767174047.7162385,0,-7,-124
1767174047.7262385,1,-2,-123
1767174047.7362382,0,-2,-126
1767174047.7462382,-2,-3,-130
1767174047.7562382,0,-4,-125
1767174047.7662382,0,-3,-121
1767174047.7762382,-1,-2,-116
1767174047.7862382,0,-1,-117
1767174047.7962382,7,-4,-124
1767174047.8062382,4,0,-128
1767174047.8162382,2,2,-124
1767174047.8262382,3,0,-124
1767174047.836238,1,-1,-115
1767174047.846238,0,-3,-117
1767174047.856238,-4,-3,-119
1767174047.866238,-5,-1,-125
1767174047.876238,-3,-3,-124
1767174047.886238,-5,-2,-127
1767174047.896238,-5,-3,-131
1767174047.906238,-6,-3,-129
1767174047.916238,-6,-2,-129
1767174047.926238,2,-4,-131
1767174047.936238,1,-5,-129
1767174047.946238,-1,-4,-124
1767174047.9562385,0,-6,-123
1767174047.9662385,2,-7,-120
1767174047.9762385,0,-2,-122
1767174047.9862382,1,-1,-123
1767174047.9962382,0,-2,-128
1767174048.0062382,2,-3,-126
1767174048.0162382,2,-2,-124
1767174048.0262382,2,0,-119
1767174048.0362382,4,-4,-118
1767174048.0462382,3,-6,-122
1767174048.0562382,0,-4,-122
1767174048.0662382,-5,-3,-119
1767174048.0762382,-10,-4,-119
1767174048.086238,-10,-4,-121
1767174048.096238,-10,-5,-126
1767174048.106238,-6,-2,-121
1767174048.116238,-7,0,-124
1767174048.126238,-2,0,-122
1767174048.136238,-1,1,-118
1767174048.146238,5,-1,-117
1767174048.156238,3,-2,-113
1767174048.166238,-2,-3,-113
1767174048.176238,-1,-4,-115
1767174048.186238,-4,-3,-115
1767174048.196238,-2,-1,-112
1767174048.2062385,-1,0,-104
1767174048.2162385,-4,0,-106
1767174048.2262385,-2,0,-111
1767174048.2362382,-2,0,-113
1767174048.2462382,-1,0,-113
1767174048.2562382,1,2,-117
1767174048.2662382,0,1,-120
1767174048.2762382,-1,-2,-117
1767174048.2862382,-4,-1,-114
1767174048.2962382,-5,-4,-117
1767174048.3062382,-4,-2,-112
1767174048.3162382,-7,-1,-113
1767174048.3262382,-7,-6,-115
1767174048.336238,-9,-4,-118
1767174048.346238,-8,1,-114
1767174048.356238,-7,-2,-114
1767174048.366238,-7,-5,-118
1767174048.376238,-7,-7,-124
1767174048.386238,-6,-4,-132
1767174048.396238,-8,-6,-130
1767174048.406238,-3,-8,-126
1767174048.416238,-3,-10,-126
1767174048.426238,-2,-8,-125
1767174048.436238,-6,-1,-124
1767174048.446238,-5,-2,-129
1767174048.4562385,-2,-6,-128
1767174048.4662385,-1,-8,-136
1767174048.4772382,0,-11,-141
1767174048.4862382,0,-8,-134
1767174048.4962382,1,-9,-130
1767174048.5062382,1,-4,-132
1767174048.5162382,0,-1,-129
1767174048.5262382,0,0,-124
1767174048.5362382,-1,-1,-121
1767174048.5462382,-6,-2,-125
1767174048.5562382,-5,-1,-121
1767174048.5662382,-3,0,-123
1767174048.5762382,-1,1,-122
1767174048.586238,4,1,-120
1767174048.596238,4,-2,-123
1767174048.606238,3,-2,-126
1767174048.616238,4,-3,-121
1767174048.626238,0,-6,-123
1767174048.636238,3,-3,-122
1767174048.646238,0,-2,-121
1767174048.656238,0,-2,-118
1767174048.666238,0,0,-123
1767174048.676238,0,0,-123
1767174048.686238,-1,4,-131
1767174048.696238,-2,4,-127
1767174048.7062385,-2,2,-125
1767174048.7162385,-1,4,-125
1767174048.7262385,0,2,-124
1767174048.7362382,0,0,-115
1767174048.7462382,6,-2,-110
1767174048.7562382,2,-1,-115
1767174048.7662382,3,-5,-115
1767174048.7762382,3,-7,-116
1767174048.7862382,2,-9,-118
1767174048.7962382,0,-7,-119
1767174048.8062382,3,-4,-118
1767174048.8162382,3,-4,-115
1767174048.8262382,0,-2,-120
1767174048.836238,-3,1,-115
1767174048.846238,-1,0,-121
1767174048.856238,-3,0,-126
1767174048.866238,0,1,-125
1767174048.876238,-2,1,-126
1767174048.886238,0,0,-124
1767174048.896238,-3,-1,-120
1767174048.906238,-3,0,-124
1767174048.916238,-4,0,-129
1767174048.926238,-6,0,-129
1767174048.936238,0,0,-125
1767174048.946238,2,0,-127
1767174048.9562385,2,1,-126
1767174048.9662385,0,0,-120
1767174048.9762385,4,0,-119
1767174048.9862382,2,1,-122
1767174048.9962382,0,0,-125
1767174049.0062382,0,0,-123
1767174049.0162382,0,-1,-124
1767174049.0262382,1,-1,-122
1767174049.0362382,0,0,-127
1767174049.0462382,-1,-2,-130
1767174049.0562382,1,-2,-129
1767174049.0662382,-4,-1,-129
1767174049.0762382,-4,0,-133
1767174049.086238,-3,1,-124
1767174049.096238,-1,3,-128
1767174049.106238,-4,-1,-130
1767174049.116238,-4,-3,-130
1767174049.126238,-12,-3,-127
1767174049.136238,-4,-2,-128
1767174049.146238,-2,-1,-124
1767174049.156238,-5,-2,-113
1767174049.166238,-4,-1,-115
1767174049.176238,-8,-2,-118
1767174049.186238,-5,-2,-118
1767174049.196238,-2,-5,-119
1767174049.2062385,0,-5,-125
1767174049.2162385,0,-7,-130
1767174049.2262385,-1,-6,-132
1767174049.2362382,-1,-5,-128
1767174049.2462382,0,-2,-127
1767174049.2562382,1,-4,-126
1767174049.2662382,-1,-3,-125
1767174049.2762382,-4,-3,-124
1767174049.2862382,0,-4,-129
1767174049.2962382,-1,-3,-125
1767174049.3062382,-1,-2,-124
1767174049.3162382,0,-3,-125
1767174049.3262382,1,-4,-124
1767174049.337238,0,-1,-118
1767174049.347238,-1,-1,-118
1767174049.356238,-5,-2,-122
1767174049.367238,-8,-2,-123
1767174049.376238,-7,0,-126
1767174049.3872385,-5,-1,-130
1767174049.3972385,-2,0,-125
1767174049.4072382,-2,-2,-120
1767174049.4172382,-2,0,-122
1767174049.4272382,0,0,-118
1767174049.4372382,0,0,-116
1767174049.4472382,-1,-1,-122
1767174049.4572382,-5,0,-127
1767174049.4672382,-4,-2,-131
1767174049.4772382,-1,0,-132
1767174049.4872382,0,0,-128
1767174049.4972382,4,4,-127
1767174049.507238,2,1,-124
1767174049.517238,-2,0,-129
1767174049.527238,-4,0,-128
1767174049.537238,-3,0,-122
1767174049.547238,1,4,-123
1767174049.557238,4,1,-120
1767174049.567238,3,0,-122
1767174049.577238,4,-1,-127
1767174049.587238,2,-3,-133
1767174049.597238,1,-4,-133
1767174049.607238,4,-1,-123
1767174049.617238,5,-1,-127
1767174049.627238,3,-4,-128
1767174049.6372385,0,-9,-128
1767174049.6472385,4,-8,-123
1767174049.6572382,4,-9,-125
1767174049.6672382,5,-8,-130
1767174049.6772382,7,-8,-133
1767174049.6872382,2,-5,-129
1767174049.6972382,3,-4,-125
1767174049.7072382,5,-4,-123
1767174049.7172382,6,-6,-122
1767174049.7272382,8,-4,-122
1767174049.7372382,10,-1,-118
1767174049.7472382,4,0,-115
1767174049.757238,1,-2,-117
1767174049.767238,-1,-2,-112
1767174049.777238,-1,0,-114
1767174049.787238,1,0,-115
1767174049.797238,0,4,-123
1767174049.807238,-2,0,-126
1767174049.817238,0,0,-119
1767174049.827238,7,1,-120
1767174049.837238,3,0,-115
1767174049.847238,6,0,-115
1767174049.857238,1,-3,-113
1767174049.867238,0,-4,-115
1767174049.877238,-1,-6,-120
1767174049.8872385,-6,-9,-127
1767174049.8972385,-5,-5,-128
1767174049.9072382,-5,-6,-124
1767174049.9172382,-4,-3,-121
1767174049.9272382,-6,-1,-130
1767174049.9372382,-8,-1,-126
1767174049.9472382,-3,0,-120
1767174049.9572382,1,0,-120
1767174049.9672382,1,-1,-115
1767174049.9772382,-4,0,-116
1767174049.9872382,-4,2,-123
1767174049.9972382,-5,0,-127
1767174050.007238,-2,0,-123
1767174050.017238,-4,-2,-118
1767174050.027238,0,-6,-122
1767174050.037238,2,-7,-119
1767174050.047238,4,-8,-124
1767174050.057238,5,-4,-129
1767174050.067238,0,-3,-130
1767174050.077238,-1,-2,-127
1767174050.087238,0,-1,-120
1767174050.097238,5,-2,-120
1767174050.107238,4,-4,-121
1767174050.117238,1,-1,-120
1767174050.127238,0,-2,-120
1767174050.1372385,0,-5,-120
1767174050.1472385,-1,-5,-123
1767174050.1572382,-3,-4,-120
1767174050.1672382,-1,-4,-123
1767174050.1772382,-3,0,-128
1767174050.1872382,-5,0,-126
1767174050.1972382,-7,-1,-122
1767174050.2072382,-3,0,-118
1767174050.2172382,-1,0,-115
1767174050.2272382,-5,-1,-118
1767174050.2372382,-6,-3,-110
1767174050.2472382,-2,-2,-117
1767174050.257238,1,-3,-122
1767174050.267238,0,-3,-124
1767174050.277238,1,-2,-121
1767174050.287238,-2,-1,-119
1767174050.297238,0,-2,-123
1767174050.307238,3,-4,-125
1767174050.317238,1,-6,-128
1767174050.327238,2,-4,-127
1767174050.337238,4,-6,-134
1767174050.347238,3,-5,-134
1767174050.357238,3,-4,-133
1767174050.367238,1,-6,-134
1767174050.377238,1,-8,-129
1767174050.3872385,3,-8,-131
1767174050.3972385,1,-6,-124
1767174050.4072382,-2,-5,-127
1767174050.4172382,-4,-5,-126
1767174050.4272382,-1,-1,-129
1767174050.4372382,-1,0,-129
1767174050.4472382,-3,-1,-128
1767174050.4572382,-2,-3,-126
1767174050.4672382,-2,-2,-124
1767174050.4772382,-1,-3,-118
1767174050.4872382,0,-7,-111
1767174050.4972382,0,-7,-111
1767174050.507238,0,-5,-118
1767174050.517238,1,0,-125
1767174050.527238,3,1,-126
1767174050.537238,-1,3,-118
1767174050.547238,-1,1,-110
1767174050.557238,0,0,-110
1767174050.567238,-5,-2,-109
1767174050.577238,-4,-6,-107
1767174050.587238,-2,-8,-106
1767174050.597238,-1,-12,-111
1767174050.607238,0,-11,-110
1767174050.617238,6,-11,-113
1767174050.627238,3,-11,-115
1767174050.6372385,5,-10,-117
1767174050.6472385,1,-8,-120
1767174050.6572382,-2,-6,-120
1767174050.6672382,-3,0,-118
1767174050.6772382,2,2,-112
1767174050.6872382,0,2,-116
1767174050.6972382,0,3,-109
1767174050.7072382,1,2,-113
1767174050.7172382,-1,0,-109
1767174050.7272382,-3,0,-115
1767174050.7372382,-3,0,-118
1767174050.7472382,1,0,-119
1767174050.757238,0,0,-117
1767174050.767238,1,0,-121
1767174050.777238,1,-2,-123
1767174050.787238,2,0,-121
1767174050.797238,2,1,-127
1767174050.807238,0,-2,-131
1767174050.817238,1,0,-126
1767174050.827238,1,1,-126
1767174050.837238,2,1,-129
1767174050.847238,4,-1,-122
1767174050.857238,2,-2,-117
1767174050.867238,1,0,-119
1767174050.877238,2,-2,-121
1767174050.8872385,0,-4,-126
1767174050.8972385,-4,-2,-132
1767174050.9072382,-3,-3,-129
1767174050.9172382,-5,0,-130
1767174050.9272382,-12,-1,-136
1767174050.9372382,-11,-1,-133
1767174050.9472382,-10,1,-131
1767174050.9572382,-7,3,-123
1767174050.9672382,-9,4,-122
1767174050.9772382,-7,4,-126
1767174050.9872382,-4,2,-121
1767174050.9972382,0,-1,-120
1767174051.007238,0,-5,-124
1767174051.017238,1,-9,-132
1767174051.027238,1,-11,-129
1767174051.037238,3,-9,-123
1767174051.047238,9,-5,-124
1767174051.057238,2,-9,-123
1767174051.067238,6,-11,-125
1767174051.077238,13,-12,-121
1767174051.087238,14,-11,-124
1767174051.097238,8,-9,-124
1767174051.107238,4,-7,-122
1767174051.117238,1,-10,-121
1767174051.127238,3,-6,-120
1767174051.1372385,3,-7,-118
1767174051.1472385,5,-1,-129
1767174051.1572382,3,5,-131
1767174051.1672382,4,4,-132
1767174051.1772382,3,5,-133
1767174051.1872382,2,4,-132
1767174051.1972382,3,2,-128
1767174051.2072382,0,1,-125
1767174051.2172382,0,0,-125
1767174051.2272382,1,-4,-127
1767174051.2372382,3,-1,-124
1767174051.2472382,4,2,-127
1767174051.257238,2,4,-125
1767174051.267238,0,1,-121
1767174051.277238,-4,4,-115
1767174051.287238,-5,2,-117
1767174051.297238,-1,1,-118
1767174051.307238,2,-2,-121
1767174051.317238,7,0,-132
1767174051.327238,11,0,-126
1767174051.337238,4,-1,-122
1767174051.347238,0,-2,-126
1767174051.357238,0,-3,-124
1767174051.367238,0,-4,-122
1767174051.377238,-1,-4,-118
1767174051.3872385,-2,-5,-120
1767174051.3972385,-2,-4,-129
1767174051.4072382,0,-4,-128
1767174051.4172382,-1,-5,-123
1767174051.4272382,0,-5,-118
1767174051.4372382,0,-7,-126
1767174051.4472382,-1,-6,-127
1767174051.4572382,-2,0,-124
1767174051.4672382,-4,-2,-125
1767174051.4772382,-3,0,-123
1767174051.4872382,0,1,-127
1767174051.4972382,-4,-1,-131
1767174051.507238,1,-4,-127
1767174051.517238,0,-7,-129
1767174051.527238,-1,-7,-132
1767174051.537238,-2,-12,-132
1767174051.547238,-3,-8,-130
1767174051.557238,-4,-13,-128
1767174051.567238,-6,-10,-126
1767174051.577238,-8,-8,-129
1767174051.587238,-1,-5,-128
1767174051.597238,2,-6,-131
1767174051.607238,5,-3,-129
1767174051.617238,2,-1,-133
1767174051.627238,0,0,-131
1767174051.6372385,-4,-2,-128
1767174051.6472385,-7,2,-123
1767174051.6572382,-1,3,-120
1767174051.6672382,2,0,-119
1767174051.6772382,3,-3,-122
1767174051.6872382,5,-5,-123
1767174051.6972382,2,0,-123
1767174051.7072382,2,-1,-120
1767174051.7172382,0,-4,-119
1767174051.7272382,-2,-10,-121
1767174051.7372382,-5,-12,-125
1767174051.7472382,-2,-7,-125
1767174051.757238,-1,-1,-120
1767174051.767238,-5,-3,-119
1767174051.777238,-6,-6,-127
1767174051.787238,-11,-6,-135
1767174051.797238,-7,-3,-134
1767174051.807238,-7,-2,-125
1767174051.817238,-7,0,-125
1767174051.827238,0,-3,-123
1767174051.837238,0,-4,-126
1767174051.847238,0,-5,-128
1767174051.857238,2,-5,-127
1767174051.867238,2,-8,-125
1767174051.877238,0,-9,-133
1767174051.8872385,6,-8,-129
1767174051.8972385,4,-8,-131
1767174051.9072382,4,-3,-131
1767174051.9172382,3,3,-134
1767174051.9272382,0,0,-131
1767174051.9372382,0,1,-132
1767174051.9472382,0,3,-128
1767174051.9572382,-1,0,-126
1767174051.9672382,-3,0,-126
1767174051.9772382,-2,-3,-125
1767174051.988238,-2,-2,-126
1767174051.9972382,-1,2,-125
1767174052.007238,-6,0,-123
1767174052.017238,-7,1,-123
1767174052.028238,-5,3,-126
1767174052.037238,-4,7,-122
1767174052.048238,1,7,-122
1767174052.0582385,2,2,-122
1767174052.0682385,0,1,-116
1767174052.0782382,1,3,-114
1767174052.0882382,-2,0,-116
1767174052.0982382,-6,0,-115
1767174052.1082382,-8,-2,-113
1767174052.1182382,-1,-2,-114
1767174052.1282382,-1,-3,-111
1767174052.1382382,-2,-7,-111
1767174052.1482382,-6,-7,-118
1767174052.1582382,-6,-6,-124
1767174052.1682382,-8,-5,-128
1767174052.1782382,-5,-6,-125
1767174052.188238,-2,-3,-124
1767174052.198238,-3,-2,-124
1767174052.208238,-2,-4,-123
1767174052.218238,0,1,-120
1767174052.228238,0,2,-123
1767174052.238238,0,2,-123
1767174052.248238,-2,3,-120
1767174052.2702382,-4,3,-125
1767174052.278238,-4,2,-123
1767174052.288238,-3,-1,-120
1767174052.298238,-6,-3,-125
1767174052.3082385,-7,-3,-126
1767174052.3182385,-4,0,-118
1767174052.3282382,-1,-2,-117
1767174052.3382382,-3,0,-115
1767174052.3482382,-2,2,-118
1767174052.3582382,-1,4,-116
1767174052.3682382,1,1,-114
1767174052.3782382,3,-1,-114
1767174052.3882382,0,-7,-119
1767174052.3982382,1,-6,-123
1767174052.4082382,5,-8,-120
1767174052.4182382,4,-7,-120
1767174052.4282382,3,-7,-122
1767174052.438238,5,-4,-123
1767174052.448238,5,-7,-121
1767174052.458238,12,-7,-129
1767174052.468238,11,-6,-130
1767174052.478238,4,-2,-134
1767174052.488238,3,-2,-136
1767174052.498238,4,-4,-135
1767174052.508238,1,-3,-127
1767174052.518238,1,-7,-122
1767174052.528238,2,-4,-121
1767174052.538238,2,-1,-125
1767174052.548238,5,-4,-128
1767174052.5582385,6,-7,-126
1767174052.5682385,8,-6,-126
1767174052.5782382,7,-10,-124
1767174052.5882382,6,-5,-124
1767174052.5982382,5,-8,-125
1767174052.6082382,0,-5,-121
1767174052.6182382,0,-2,-124
1767174052.6282382,1,-2,-123
1767174052.6382382,-2,-2,-123
1767174052.6482382,-3,-3,-125
1767174052.6582382,-4,-4,-127
1767174052.6682382,-2,-5,-126
1767174052.6782382,-2,-6,-126
1767174052.688238,-8,-7,-123
1767174052.698238,-6,-7,-120
1767174052.708238,-3,-4,-117
1767174052.718238,-3,2,-121
1767174052.728238,-6,0,-126
1767174052.738238,-7,2,-130
1767174052.748238,-5,2,-120
1767174052.758238,-3,1,-119
1767174052.768238,-1,0,-122
1767174052.778238,-3,2,-128
1767174052.788238,-5,3,-126
1767174052.798238,-5,1,-126
1767174052.8082385,-5,0,-132
1767174052.8182385,-1,0,-128
1767174052.8282382,-3,0,-123
1767174052.8382382,-3,0,-128
1767174052.8482382,1,-2,-131
1767174052.8582382,4,2,-125
1767174052.8682382,5,2,-123
1767174052.8782382,6,0,-124
1767174052.8882382,7,-3,-123
1767174052.8982382,6,-6,-118
1767174052.9082382,3,-3,-116
1767174052.9182382,0,-8,-110
1767174052.9282382,-3,-10,-117
1767174052.938238,-5,-14,-127
1767174052.948238,-9,-14,-121
1767174052.958238,-8,-13,-121
1767174052.968238,-4,-10,-119
1767174052.978238,-1,-7,-125
1767174052.988238,-8,0,-129
1767174052.998238,-9,-2,-135
1767174053.008238,-6,-2,-134
1767174053.018238,-10,-2,-136
1767174053.028238,-6,-1,-135
1767174053.038238,2,-2,-129
1767174053.048238,0,-5,-126
1767174053.0582385,1,-4,-119
1767174053.0682385,1,-3,-115
1767174053.0782382,2,-6,-119
1767174053.0882382,3,-8,-114
1767174053.0982382,8,-12,-120
1767174053.1082382,5,-12,-128
1767174053.1182382,0,-10,-132
1767174053.1282382,3,-6,-133
1767174053.1382382,0,-7,-132
1767174053.1482382,-1,-8,-129
1767174053.1582382,-1,-6,-127
1767174053.1682382,-4,-9,-126
1767174053.1782382,-4,-11,-131
1767174053.188238,-4,-10,-132
1767174053.198238,-8,-6,-128
1767174053.208238,-6,-5,-119
1767174053.218238,-3,-3,-117
1767174053.228238,-3,-1,-123
1767174053.238238,0,0,-127
1767174053.248238,2,0,-131
1767174053.258238,0,0,-129
1767174053.268238,1,2,-131
1767174053.278238,4,6,-125
1767174053.288238,3,8,-126
1767174053.298238,8,8,-117
1767174053.3082385,11,2,-122
1767174053.3182385,11,0,-123
1767174053.3282382,11,-6,-119
1767174053.3382382,10,-2,-119
1767174053.3482382,9,0,-116
1767174053.3582382,10,1,-118
1767174053.3682382,9,0,-121
1767174053.3782382,10,0,-126
1767174053.3882382,4,-1,-124
1767174053.3982382,4,1,-126
1767174053.4082382,2,0,-127
1767174053.4182382,2,-1,-124
1767174053.4282382,-1,0,-128
1767174053.438238,-2,0,-126
1767174053.448238,0,-1,-122
1767174053.458238,3,0,-121
1767174053.468238,1,-3,-119
1767174053.478238,2,0,-125
1767174053.488238,5,0,-128
1767174053.498238,3,-2,-134
1767174053.508238,0,-5,-135
1767174053.518238,0,-7,-131
1767174053.528238,0,-3,-131
1767174053.538238,4,-6,-127
1767174053.548238,8,-2,-127
1767174053.5582385,7,1,-129
1767174053.5682385,7,0,-136
1767174053.5782382,0,-4,-140
1767174053.5882382,-2,-4,-134
1767174053.5982382,-4,-3,-137
1767174053.6082382,-4,-2,-136
1767174053.6182382,-5,-8,-124
1767174053.6282382,-6,-8,-124
1767174053.6382382,-3,-7,-120
1767174053.6482382,-2,-8,-118
1767174053.6582382,-3,-4,-126
1767174053.6682382,-5,-6,-127
1767174053.6782382,-3,-2,-123
1767174053.688238,-1,-2,-123
1767174053.698238,-2,0,-124
1767174053.708238,-1,-2,-124
1767174053.718238,-3,-2,-120
1767174053.728238,-6,0,-118
1767174053.738238,-2,0,-123
1767174053.748238,-1,-1,-123
1767174053.758238,0,0,-119
1767174053.768238,-3,1,-119
1767174053.778238,-1,2,-120
1767174053.788238,0,3,-116
1767174053.798238,-2,3,-115
1767174053.8082385,-3,4,-113
1767174053.8182385,0,0,-115
1767174053.8282382,0,-1,-112
1767174053.8382382,-1,0,-112
1767174053.8482382,-2,2,-115
1767174053.8582382,0,6,-121
1767174053.8682382,0,3,-127
1767174053.8782382,3,4,-120
1767174053.8882382,2,6,-115
1767174053.8982382,0,6,-119
1767174053.9082382,3,3,-116
1767174053.9182382,1,2,-118
1767174053.9282382,0,2,-114
1767174053.938238,-5,-1,-114
1767174053.948238,-4,-4,-107
1767174053.958238,-2,-5,-102
1767174053.968238,-2,0,-111
1767174053.978238,-4,-2,-114
1767174053.988238,-4,0,-120
1767174053.998238,-6,4,-127
1767174054.008238,-5,5,-135
1767174054.018238,-4,4,-134
1767174054.028238,-1,6,-128
1767174054.038238,-2,5,-128
1767174054.048238,1,4,-129
1767174054.0582385,0,0,-128
1767174054.0682385,5,0,-129
1767174054.0782382,3,1,-127
1767174054.0882382,0,1,-128
1767174054.0982382,0,0,-126
1767174054.1082382,-2,-1,-127
1767174054.1182382,0,0,-123
1767174054.1282382,-4,1,-124
1767174054.1382382,-2,2,-124
1767174054.1482382,-1,0,-119
1767174054.1582382,0,0,-123
1767174054.1682382,-1,1,-128
1767174054.1782382,-1,-2,-123
1767174054.188238,-6,-4,-125
1767174054.198238,-3,-4,-119
1767174054.208238,0,-2,-123
1767174054.218238,0,0,-128
1767174054.228238,0,0,-135
1767174054.238238,-3,-1,-133
1767174054.248238,-3,-2,-135
1767174054.258238,-2,-2,-133
1767174054.268238,0,-3,-132
1767174054.278238,2,-6,-131
1767174054.288238,3,-2,-131
1767174054.298238,5,-1,-133
1767174054.3082385,5,-1,-126
1767174054.3182385,8,0,-129
1767174054.3282382,10,-1,-126
1767174054.3382382,8,-2,-129
1767174054.3482382,-3,-4,-127
1767174054.3582382,-5,-5,-130
1767174054.3682382,-6,-7,-126
1767174054.3782382,-6,-11,-123
1767174054.3882382,-3,-6,-121
1767174054.3982382,-3,-7,-117
1767174054.4082382,-2,-5,-110
1767174054.4182382,-1,-1,-114
1767174054.4282382,-5,-2,-119
1767174054.438238,-7,-3,-126
1767174054.448238,-7,-1,-122
1767174054.458238,-7,-1,-121
1767174054.468238,-2,-6,-126
1767174054.478238,-2,-11,-126
1767174054.488238,-6,-6,-125
1767174054.498238,-2,-3,-127
1767174054.508238,-1,-3,-128
1767174054.518238,-1,-8,-123
1767174054.528238,-5,-12,-121
1767174054.538238,-7,-10,-125
1767174054.548238,-9,-6,-120
1767174054.5582385,-6,-7,-122
1767174054.5682385,-7,-8,-123
1767174054.5782382,-7,-9,-120
1767174054.5882382,-2,-9,-118
1767174054.5982382,-3,-10,-113
1767174054.6082382,0,-11,-116
1767174054.6182382,-3,-9,-114
1767174054.6282382,-8,-10,-122
1767174054.6382382,-5,-8,-121
1767174054.649238,-5,-8,-117
1767174054.659238,0,-8,-110
1767174054.669238,0,-4,-114
1767174054.679238,0,-3,-117
1767174054.689238,0,-4,-118
1767174054.699238,-3,-2,-121
1767174054.709238,-4,-3,-119
1767174054.719238,-1,-6,-123
1767174054.7292385,-1,-7,-127
1767174054.7392385,-1,-7,-129
1767174054.7492385,0,-5,-137
1767174054.7592382,7,-4,-136
1767174054.7692382,6,0,-134
1767174054.7792382,6,-1,-131
1767174054.7892382,1,1,-129
1767174054.7992382,-5,1,-129
1767174054.8092382,-6,-2,-129
1767174054.8192382,-1,-3,-127
1767174054.8292382,0,-3,-134
1767174054.8392382,-2,-5,-135
1767174054.8492382,-3,-1,-132
1767174054.859238,0,1,-136
1767174054.869238,2,-1,-136
1767174054.879238,0,2,-137
1767174054.889238,-2,3,-134
1767174054.899238,0,6,-133
1767174054.909238,-2,7,-128
1767174054.919238,-4,5,-125
1767174054.929238,-3,1,-122
1767174054.939238,-2,3,-120
1767174054.949238,-5,6,-115
1767174054.959238,-1,6,-121
1767174054.969238,0,6,-123
1767174054.9792385,-4,0,-123
1767174054.9892385,-6,0,-120
1767174054.9992385,-4,1,-129
1767174055.0092382,-4,5,-128
1767174055.0192382,-6,1,-123
1767174055.0292382,-6,0,-119
1767174055.0392382,-2,-2,-116
1767174055.0492382,2,-2,-123
1767174055.0592382,0,-5,-124
1767174055.0692382,0,-9,-125
1767174055.0792382,0,-8,-123
1767174055.0892382,-3,-9,-123
1767174055.0992382,0,-8,-130
1767174055.109238,-1,-4,-130
1767174055.119238,0,-1,-123
1767174055.129238,0,-3,-128
1767174055.139238,1,-4,-127
1767174055.149238,3,-5,-119
1767174055.159238,6,-3,-114
1767174055.169238,11,-2,-110
1767174055.179238,12,-1,-114
1767174055.189238,9,-2,-114
1767174055.199238,7,-4,-119
1767174055.209238,5,-5,-121
1767174055.219238,6,-5,-126
1767174055.2292385,3,-7,-127
1767174055.2392385,2,-7,-130
1767174055.2492385,0,-6,-123
1767174055.2592382,-5,-5,-119
1767174055.2692382,-8,-3,-112
1767174055.2792382,-1,-5,-116
1767174055.2892382,-2,-6,-120
1767174055.2992382,1,-4,-131
1767174055.3092382,4,-2,-131
1767174055.3192382,4,0,-123
1767174055.3292382,4,1,-122
1767174055.3392382,8,2,-119
1767174055.3492382,9,3,-116
1767174055.359238,6,4,-118
1767174055.369238,5,4,-120
1767174055.379238,4,3,-120
1767174055.389238,3,1,-118
1767174055.399238,5,-3,-116
1767174055.409238,1,-3,-120
1767174055.419238,1,-3,-127
1767174055.429238,-3,-1,-129
1767174055.439238,-1,-4,-124
1767174055.449238,0,-6,-126
1767174055.459238,-5,-8,-128
1767174055.469238,-3,-10,-127
1767174055.4792385,-2,-12,-128
1767174055.4892385,-7,-9,-128
1767174055.4992385,-4,-4,-129
1767174055.5092382,-5,-4,-129
1767174055.5192382,-5,-3,-131
1767174055.5292382,-9,-1,-131
1767174055.5392382,-5,-6,-119
1767174055.5492382,-2,-3,-117
1767174055.5592382,-2,0,-116
1767174055.5692382,-6,-1,-111
1767174055.5792382,-9,-1,-109
1767174055.5892382,-3,-5,-109
1767174055.5992382,-5,-1,-109
1767174055.609238,-1,0,-107
1767174055.619238,-1,2,-111
1767174055.629238,1,1,-100
1767174055.639238,0,1,-104
1767174055.649238,-4,-2,-106
1767174055.659238,-1,-7,-116
1767174055.669238,0,-7,-126
1767174055.679238,-1,-5,-133
1767174055.689238,0,-2,-129
1767174055.699238,7,3,-130
1767174055.709238,7,3,-131
1767174055.719238,5,3,-132
1767174055.7292385,3,0,-135
1767174055.7392385,0,0,-135
1767174055.7492385,-1,-2,-132
1767174055.7592382,0,1,-130
1767174055.7692382,0,0,-131
1767174055.7792382,5,-4,-130
1767174055.7892382,0,-3,-127
1767174055.7992382,1,4,-127
1767174055.8092382,0,6,-122
1767174055.8192382,-2,4,-122
1767174055.8292382,0,2,-117
1767174055.8392382,0,1,-112
1767174055.8492382,0,1,-117
1767174055.859238,0,1,-121
1767174055.869238,-4,0,-122
1767174055.879238,-2,-2,-120
1767174055.889238,0,-4,-122
1767174055.899238,-3,-2,-120
1767174055.909238,-3,0,-120
1767174055.919238,0,-1,-114
1767174055.929238,0,0,-119
1767174055.939238,1,2,-125
1767174055.949238,0,0,-117
1767174055.959238,0,0,-118
1767174055.969238,-1,0,-117
1767174055.9792385,0,1,-121
1767174055.9892385,5,0,-127
1767174055.9992385,4,1,-131
1767174056.0092382,6,1,-130
1767174056.0192382,3,-2,-138
1767174056.0292382,6,0,-132
1767174056.0392382,8,2,-128
1767174056.0492382,5,-1,-123
1767174056.0592382,5,-1,-122
1767174056.0692382,2,-2,-126
1767174056.0792382,0,-2,-121
1767174056.0892382,-1,-1,-119
1767174056.0992382,-1,0,-117
1767174056.109238,-3,0,-118
1767174056.119238,0,2,-121
1767174056.129238,1,4,-125
1767174056.139238,-1,2,-128
1767174056.149238,-2,0,-123
1767174056.159238,-1,0,-119
1767174056.169238,-2,-3,-122
1767174056.179238,1,-5,-123
1767174056.189238,0,-2,-124
1767174056.199238,-2,2,-123
1767174056.209238,-2,0,-126
1767174056.219238,-1,0,-132
1767174056.2292385,0,-6,-129
1767174056.2392385,-2,-7,-125
1767174056.2492385,-4,-8,-125
1767174056.2592382,0,-6,-132
1767174056.2692382,0,-6,-131
1767174056.2792382,0,-3,-129
1767174056.2892382,1,-1,-131
1767174056.2992382,-2,-4,-136
1767174056.3092382,-5,-5,-135
1767174056.3192382,-6,-3,-131
1767174056.3292382,-4,-7,-125
1767174056.3392382,-3,-3,-125
1767174056.3492382,-5,-1,-119
1767174056.359238,-1,-2,-115
1767174056.369238,0,-5,-113
1767174056.379238,-1,-8,-114
1767174056.389238,7,-6,-109
1767174056.399238,8,-9,-111
1767174056.409238,6,-10,-114
1767174056.419238,1,-8,-122
1767174056.429238,3,-2,-116
1767174056.439238,3,1,-123
1767174056.449238,0,1,-128
1767174056.459238,-2,-2,-129
1767174056.469238,-2,0,-124
1767174056.4792385,-4,0,-124
1767174056.4892385,-1,0,-125
1767174056.4992385,-2,0,-126
1767174056.5092382,-4,1,-122
1767174056.5192382,-5,0,-113
1767174056.5292382,-6,0,-110
1767174056.5392382,-3,0,-112
1767174056.5492382,-1,-3,-119
1767174056.5592382,0,-1,-120
1767174056.5692382,-2,-1,-121
1767174056.5792382,-3,-2,-118
1767174056.5892382,-2,-3,-118
1767174056.5992382,-2,-1,-125
1767174056.609238,0,-1,-126
1767174056.619238,2,-4,-126
1767174056.629238,2,-5,-128
1767174056.639238,4,-1,-127
1767174056.649238,4,-1,-122
1767174056.659238,6,-8,-118
1767174056.669238,0,-5,-118
1767174056.679238,-2,-1,-118
1767174056.689238,-1,4,-128
1767174056.699238,-2,3,-128
1767174056.709238,1,0,-127
1767174056.719238,2,0,-123
1767174056.7292385,1,0,-125
1767174056.7392385,-2,-2,-132
1767174056.7492385,-4,-2,-126
1767174056.7592382,-4,0,-126
1767174056.7692382,-3,0,-121
1767174056.7792382,-7,-3,-122
1767174056.7892382,-4,0,-126
1767174056.7992382,0,-2,-131
1767174056.8092382,1,-4,-124
1767174056.8192382,6,-4,-118
1767174056.8292382,6,0,-118
1767174056.8392382,4,-1,-120
1767174056.8492382,3,2,-122
1767174056.859238,4,7,-121
1767174056.869238,2,3,-130
1767174056.879238,3,0,-125
1767174056.889238,2,-1,-120
1767174056.899238,3,0,-130
1767174056.909238,3,1,-128
1767174056.919238,5,3,-126
1767174056.929238,5,2,-126
1767174056.939238,4,2,-127
1767174056.949238,0,5,-124
1767174056.959238,-1,6,-131
1767174056.969238,0,7,-122
1767174056.9792385,6,3,-122
1767174056.9892385,7,0,-118
1767174056.9992385,3,1,-121
1767174057.0092382,0,-2,-121
1767174057.0192382,-5,-7,-119
1767174057.0292382,-5,-3,-110
1767174057.0392382,-5,-2,-116
1767174057.0492382,-1,-4,-111
1767174057.0592382,0,-4,-109
1767174057.0692382,0,-7,-114
1767174057.0792382,-1,-5,-111
1767174057.0892382,-6,-3,-111
1767174057.0992382,-9,-2,-115
1767174057.109238,-7,0,-120
1767174057.119238,-3,1,-124
1767174057.129238,2,-1,-123
1767174057.139238,4,-2,-121
1767174057.149238,6,-2,-125
1767174057.159238,9,-3,-120
1767174057.169238,10,-2,-131
1767174057.179238,8,0,-130
1767174057.189238,2,3,-130
1767174057.199238,-2,3,-132
1767174057.209238,-2,-1,-135
1767174057.219238,-6,0,-131
1767174057.2292385,-3,-4,-132
1767174057.2392385,-1,-7,-128
1767174057.2492385,0,-8,-130
1767174057.2592382,2,-7,-130
1767174057.281238,3,-5,-123
1767174057.2892382,4,-4,-119
1767174057.300238,7,-6,-118
1767174057.3092382,5,-6,-112
1767174057.3192382,0,-5,-117
1767174057.330238,0,-5,-117
1767174057.3392382,0,-5,-122
1767174057.350238,-1,-3,-128
1767174057.360238,-1,-1,-128
1767174057.370238,-4,-1,-127
1767174057.380238,-1,0,-132
1767174057.390238,-1,-3,-130
1767174057.400238,3,-5,-129
1767174057.4102385,6,-8,-130
1767174057.4202385,7,-4,-128
1767174057.4302382,10,0,-120
1767174057.4402382,8,-1,-116
1767174057.4502382,6,0,-121
1767174057.4602382,-2,-2,-123
1767174057.4702382,-5,-2,-126
1767174057.4802382,-3,-4,-128
1767174057.4902382,-3,-2,-128
1767174057.5002382,1,-1,-123
1767174057.5102382,2,-4,-124
1767174057.5202382,1,-4,-122
1767174057.5302382,1,-3,-122
1767174057.540238,-3,-4,-117
1767174057.550238,0,-1,-122
1767174057.560238,-1,-2,-120
1767174057.570238,-2,-2,-125
1767174057.580238,2,1,-128
1767174057.5912385,-3,0,-126
1767174057.600238,-1,4,-128
1767174057.610238,0,5,-130
1767174057.620238,0,6,-128
1767174057.630238,0,9,-123
1767174057.640238,-2,9,-118
1767174057.650238,-1,9,-123
1767174057.6602385,0,11,-121
1767174057.6702385,-1,7,-117
1767174057.6802382,-2,0,-115
1767174057.6902382,-3,-1,-118
1767174057.7002382,0,0,-120
1767174057.7102382,4,0,-123
1767174057.7202382,0,-1,-128
1767174057.7302382,2,2,-125
1767174057.7402382,-1,2,-126
1767174057.7502382,-1,0,-129
1767174057.7602382,-2,-1,-123
1767174057.7702382,-4,-2,-127
1767174057.7802382,-3,-6,-126
1767174057.790238,-3,-4,-125
1767174057.800238,0,-8,-122
1767174057.810238,-5,-5,-125
1767174057.820238,-10,-5,-123
1767174057.830238,-5,-4,-128
1767174057.840238,-1,-9,-130
1767174057.850238,-3,-11,-125
1767174057.860238,2,-8,-124
1767174057.870238,3,-8,-128
1767174057.880238,-3,-6,-127
1767174057.890238,-5,-7,-132
1767174057.900238,-6,-2,-130
1767174057.9102385,0,-6,-123
1767174057.9202385,-3,-6,-127
1767174057.9302382,-4,-4,-124
1767174057.9402382,-1,-4,-124
1767174057.9502382,-2,-3,-122
1767174057.9602382,0,-3,-124
1767174057.9702382,1,1,-128
1767174057.9802382,0,0,-128
1767174057.9902382,-6,0,-127
1767174058.0002382,-8,3,-124
1767174058.0102382,-8,0,-123
1767174058.0202382,-4,1,-119
1767174058.0302382,0,0,-121
1767174058.040238,1,-1,-118
1767174058.050238,-3,0,-121
1767174058.060238,-1,4,-130
1767174058.070238,-1,5,-131
1767174058.080238,-2,5,-132
1767174058.090238,0,6,-126
1767174058.100238,0,4,-129
1767174058.110238,0,-2,-132
1767174058.120238,3,-3,-127
1767174058.130238,4,-1,-127
1767174058.140238,3,0,-131
1767174058.150238,4,-1,-131
1767174058.1602385,3,-5,-130
1767174058.1702385,3,-2,-131
1767174058.1802382,2,0,-131
1767174058.1902382,1,0,-129
1767174058.2002382,0,-2,-128
1767174058.2102382,-1,-1,-124
1767174058.2202382,2,-1,-126
1767174058.2302382,3,-5,-126
1767174058.2402382,6,-7,-120
1767174058.2502382,7,-6,-123
1767174058.2602382,6,-5,-123
1767174058.2702382,9,-6,-124
1767174058.2802382,7,-7,-121
1767174058.290238,2,-7,-125
1767174058.300238,0,-7,-127
1767174058.310238,4,-3,-131
1767174058.320238,2,-6,-126
1767174058.330238,-1,-4,-127
1767174058.340238,-1,1,-126
1767174058.350238,0,4,-128
1767174058.360238,2,6,-130
1767174058.370238,4,5,-130
1767174058.380238,3,4,-135
1767174058.390238,0,1,-134
1767174058.400238,0,-3,-129
1767174058.4102385,-2,-5,-121
1767174058.4202385,-8,-9,-119
1767174058.4302382,-7,-2,-123
1767174058.4402382,-4,-2,-123
1767174058.4502382,-4,1,-120
1767174058.4602382,-4,3,-119
1767174058.4702382,-7,4,-117
1767174058.4802382,-5,1,-121
1767174058.4902382,-7,2,-130
1767174058.5002382,-7,0,-128
1767174058.5102382,-3,-2,-127
1767174058.5202382,0,-2,-127
1767174058.5302382,-1,-1,-124
1767174058.540238,-2,2,-123
1767174058.550238,0,5,-119
1767174058.560238,0,5,-119
1767174058.570238,-2,6,-115
1767174058.580238,-4,6,-110
1767174058.590238,-2,4,-113
1767174058.600238,-1,6,-119
1767174058.610238,0,0,-128
1767174058.620238,4,-2,-126
1767174058.630238,-1,-3,-130
1767174058.640238,-5,-3,-131
1767174058.650238,0,-2,-129
1767174058.6602385,0,-4,-132
1767174058.6702385,2,-7,-129
1767174058.6802382,3,-9,-137
1767174058.6902382,5,-9,-135
1767174058.7002382,2,-5,-130
1767174058.7102382,1,-4,-118
1767174058.7202382,-2,-1,-127
1767174058.7302382,-3,0,-127
1767174058.7402382,-5,-4,-129
1767174058.7502382,-2,-5,-138
1767174058.7602382,-5,-5,-137
1767174058.7702382,0,-7,-136
1767174058.7802382,-6,-5,-137
1767174058.790238,-6,-1,-137
1767174058.800238,-6,-6,-143
1767174058.810238,-3,-4,-140
1767174058.820238,0,-4,-138
1767174058.830238,-1,0,-135
1767174058.840238,-1,0,-132
1767174058.850238,2,1,-123
1767174058.860238,0,2,-131
1767174058.870238,0,0,-132
1767174058.880238,-1,-2,-131
1767174058.890238,-1,-5,-134
1767174058.900238,1,-6,-135
1767174058.9102385,-1,-7,-133
1767174058.9202385,-3,-9,-133
1767174058.9302382,-6,-6,-127
1767174058.9402382,-7,-6,-120
1767174058.9502382,-7,-5,-115
1767174058.9602382,-5,-5,-116
1767174058.9702382,-8,-1,-117
1767174058.9802382,-7,-3,-119
1767174058.9902382,-3,-1,-119
1767174059.0002382,-1,0,-116
1767174059.0102382,-2,2,-122
1767174059.0202382,0,1,-122
1767174059.0302382,2,0,-125
1767174059.040238,0,0,-121
1767174059.050238,-3,-1,-122
1767174059.060238,-2,0,-128
1767174059.070238,-1,5,-129
1767174059.080238,-3,0,-128
1767174059.090238,-1,-1,-138
1767174059.100238,-2,-1,-140
1767174059.110238,-2,0,-151
1767174059.120238,0,2,-143
1767174059.130238,-3,3,-139
1767174059.140238,-4,0,-133
1767174059.150238,-5,-1,-131
1767174059.1602385,-2,0,-127
1767174059.1702385,-1,-1,-127
1767174059.1802382,-5,-3,-123
1767174059.1902382,-3,-2,-127
1767174059.2002382,-2,-2,-121
1767174059.2102382,-1,0,-123
1767174059.2202382,-4,-4,-118
1767174059.2302382,-5,-2,-112
1767174059.2402382,-1,-3,-116
1767174059.2502382,2,0,-112
1767174059.2602382,3,0,-112
1767174059.2702382,-1,-1,-114
1767174059.2802382,2,-3,-122
1767174059.290238,-1,-3,-126
1767174059.300238,1,-2,-119
1767174059.310238,0,-2,-122
1767174059.320238,3,-3,-131
1767174059.330238,2,-8,-135
1767174059.340238,-1,-3,-137
1767174059.350238,0,0,-130
1767174059.360238,-1,-1,-129
1767174059.370238,-1,-1,-132
1767174059.380238,-3,-1,-126
1767174059.390238,-2,1,-121
1767174059.400238,0,0,-123
1767174059.4102385,-3,0,-122
1767174059.4202385,0,-4,-122
1767174059.4302382,-5,-8,-119
1767174059.4402382,-4,-8,-123
1767174059.4502382,-4,-7,-124
1767174059.4602382,-6,-5,-121
1767174059.4702382,-3,-1,-121
1767174059.4802382,2,0,-117
1767174059.4902382,0,-3,-116
1767174059.5002382,0,1,-111
1767174059.5102382,0,-2,-111
1767174059.5202382,-4,0,-115
1767174059.5302382,-4,-1,-115
1767174059.540238,-6,-1,-121
1767174059.550238,-7,0,-122
1767174059.560238,-2,-2,-110
1767174059.570238,0,-4,-107
1767174059.580238,1,-3,-106
1767174059.590238,1,-3,-111
1767174059.600238,2,-2,-120
1767174059.610238,4,-3,-122
1767174059.620238,3,-5,-116
1767174059.630238,1,-4,-114
1767174059.640238,-4,-3,-113
1767174059.650238,-6,0,-121
1767174059.6602385,-4,0,-125
1767174059.6702385,1,0,-127
1767174059.6802382,6,0,-124
1767174059.6902382,2,2,-124
1767174059.7002382,0,0,-127
1767174059.7102382,2,7,-125
1767174059.7202382,10,8,-123
1767174059.7302382,5,7,-119
1767174059.7402382,2,6,-120
1767174059.7502382,0,3,-124
1767174059.7602382,-1,9,-127
1767174059.7702382,0,8,-126
1767174059.7802382,-2,4,-123
1767174059.790238,2,3,-118
1767174059.800238,1,1,-119
1767174059.810238,6,-2,-116
1767174059.820238,8,-3,-117
1767174059.830238,3,-8,-117
1767174059.840238,4,-8,-121
1767174059.850238,3,-7,-123
1767174059.860238,0,-11,-123
1767174059.870238,-5,-9,-119
1767174059.880238,-5,-3,-118
1767174059.890238,-7,-2,-121
1767174059.900238,-6,0,-120
1767174059.9102385,-5,-5,-125
1767174059.9212382,-2,-7,-123
1767174059.9302382,-1,-9,-118
1767174059.9402382,-1,-7,-120
1767174059.9512382,-2,-7,-114
1767174059.961238,0,-5,-114
1767174059.971238,-2,1,-122
1767174059.981238,-1,0,-121
1767174059.991238,0,-3,-123
1767174060.001238,1,-4,-120
1767174060.011238,0,-3,-115
1767174060.021238,2,-3,-123
1767174060.031238,1,-4,-119
1767174060.041238,1,-3,-118
1767174060.051238,0,0,-119
1767174060.061238,3,0,-124
1767174060.071238,-1,0,-129
1767174060.0812385,2,2,-121
1767174060.0912385,1,0,-122
1767174060.1012385,4,-1,-119
1767174060.1112382,3,-3,-120
1767174060.1212382,-3,-3,-123
1767174060.1312382,-4,-4,-120
1767174060.1412382,-6,-3,-114
1767174060.1512382,-4,-4,-110
1767174060.1612382,-4,-4,-114
1767174060.1712382,-6,-6,-116
1767174060.1812382,-2,-3,-121
1767174060.1912382,0,-3,-125
1767174060.2012382,0,-3,-123
1767174060.211238,-1,-7,-130
1767174060.221238,0,-7,-131
1767174060.231238,-1,-6,-128
1767174060.241238,4,-6,-124
1767174060.251238,4,-3,-122
1767174060.261238,0,-4,-119
1767174060.271238,0,-1,-117
1767174060.281238,0,-4,-119
1767174060.291238,0,-3,-116
1767174060.301238,2,-5,-115
1767174060.311238,4,-6,-118
1767174060.321238,0,-6,-112
1767174060.3312385,4,-3,-119
1767174060.3412385,5,-1,-116
1767174060.3512385,2,-1,-117
1767174060.3612382,0,0,-116
1767174060.3712382,1,2,-117
1767174060.3812382,2,0,-122
1767174060.3912382,0,0,-125
1767174060.4012382,-5,-2,-124
1767174060.4112382,-3,-2,-123
1767174060.4212382,0,-5,-128
1767174060.4312382,0,-6,-131
1767174060.4412382,-3,-8,-129
1767174060.4512382,-3,0,-122
1767174060.461238,-6,-4,-115
1767174060.471238,-7,-5,-122
1767174060.481238,-5,-8,-123
1767174060.491238,0,-7,-118
1767174060.501238,5,-7,-124
1767174060.511238,7,-4,-131
1767174060.521238,2,-6,-131
1767174060.531238,3,-5,-129
1767174060.541238,1,-4,-126
1767174060.551238,-2,-6,-121
1767174060.561238,-7,-3,-120
1767174060.571238,-6,-5,-122
1767174060.5812385,-7,-4,-125
1767174060.5912385,-4,-5,-125
1767174060.6012385,-4,-5,-128
1767174060.6112382,2,-5,-129
1767174060.6212382,4,-2,-125
1767174060.6312382,-1,0,-127
1767174060.6412382,0,-1,-128
1767174060.6512382,0,-4,-130
1767174060.6612382,0,-3,-125
1767174060.6712382,0,-5,-122
1767174060.6812382,0,-2,-120
1767174060.6912382,-3,0,-126
1767174060.7012382,-5,0,-123
1767174060.711238,-8,3,-127
1767174060.721238,-8,3,-122
1767174060.731238,-6,0,-118
1767174060.741238,-3,0,-113
1767174060.751238,-1,-1,-114
1767174060.761238,0,0,-108
1767174060.771238,-1,-2,-114
1767174060.781238,0,0,-117
1767174060.791238,0,1,-120
1767174060.801238,3,1,-130
1767174060.811238,3,4,-126
1767174060.821238,6,3,-123
1767174060.8312385,1,4,-127
1767174060.8412385,1,3,-124
1767174060.8512385,-1,-2,-121
1767174060.8612382,-3,-5,-122
1767174060.8712382,0,-5,-122
1767174060.8812382,0,-4,-119
1767174060.8912382,-5,-2,-116
1767174060.9012382,-4,-5,-118
1767174060.9112382,0,-7,-113
1767174060.9212382,0,-3,-114
1767174060.9312382,5,-4,-116
1767174060.9412382,2,-1,-118
1767174060.9512382,1,0,-119
1767174060.961238,2,0,-116
1767174060.971238,5,-1,-120
1767174060.981238,2,-4,-120
1767174060.991238,0,-6,-126
1767174061.001238,2,-5,-120
1767174061.011238,0,-3,-122
1767174061.021238,1,-3,-124
1767174061.031238,0,0,-126
1767174061.041238,0,-4,-126
1767174061.051238,0,-5,-118
1767174061.061238,0,-4,-118
1767174061.071238,0,-1,-126
1767174061.0812385,2,0,-130
1767174061.0912385,4,0,-127
1767174061.1012385,7,0,-127
1767174061.1112382,9,0,-132
1767174061.1212382,7,-2,-130
1767174061.1312382,3,-1,-133
1767174061.1412382,5,1,-131
1767174061.1512382,4,3,-134
1767174061.1612382,2,-2,-134
1767174061.1712382,2,-4,-126
1767174061.1812382,-1,-3,-121
1767174061.1912382,0,1,-115
1767174061.2012382,2,0,-112
1767174061.211238,-3,1,-112
1767174061.221238,-6,0,-114
1767174061.231238,-5,-2,-120
1767174061.241238,-6,-2,-118
1767174061.251238,-4,-3,-117
1767174061.261238,-6,-3,-116
1767174061.271238,-8,-1,-118
1767174061.281238,-7,-2,-120
1767174061.291238,-7,-1,-122
1767174061.301238,-4,-1,-129
1767174061.311238,-6,0,-127
1767174061.321238,-2,2,-127
1767174061.3312385,-4,2,-129
1767174061.3412385,-7,1,-123
1767174061.3512385,-11,1,-125
1767174061.3612382,-13,0,-116
1767174061.3712382,-8,-3,-119
1767174061.3812382,-2,-2,-119
1767174061.3912382,1,-2,-121
1767174061.4012382,-1,-5,-121
1767174061.4112382,-3,-9,-125
1767174061.4212382,-2,-11,-121
1767174061.4312382,-3,-10,-118
1767174061.4412382,1,-5,-117
1767174061.4512382,-2,-1,-119
1767174061.461238,0,0,-118
1767174061.471238,0,-1,-117
1767174061.481238,1,-2,-115
1767174061.491238,-4,-7,-117
1767174061.501238,-4,-8,-113
1767174061.511238,-2,-2,-109
1767174061.521238,-2,2,-109
1767174061.531238,-3,3,-111
1767174061.541238,-8,0,-115
1767174061.551238,-10,-2,-118
1767174061.561238,-7,0,-124
1767174061.571238,-9,-3,-123
1767174061.5812385,-5,-5,-124
1767174061.5912385,-5,-8,-125
1767174061.6012385,0,-5,-122
1767174061.6112382,4,0,-116
1767174061.6212382,0,2,-115
1767174061.6312382,-1,0,-117
1767174061.6412382,-5,0,-126
1767174061.6512382,-2,1,-127
1767174061.6612382,0,3,-118
1767174061.6712382,2,0,-117
1767174061.6812382,2,1,-121
1767174061.6912382,-4,0,-128
1767174061.7012382,-5,1,-134
1767174061.711238,-4,0,-135
1767174061.721238,-2,1,-136
1767174061.731238,0,1,-137
1767174061.741238,-3,0,-133
1767174061.751238,-3,0,-123
1767174061.761238,-3,-1,-115
1767174061.771238,-5,-2,-116
1767174061.781238,-4,-2,-121
1767174061.791238,-1,0,-117
1767174061.801238,-2,0,-122
1767174061.811238,-5,3,-123
1767174061.821238,-4,1,-120
1767174061.8312385,-5,-2,-126
1767174061.8412385,-8,-2,-129
1767174061.8512385,-5,-3,-128
1767174061.8612382,-2,-5,-121
1767174061.8712382,-1,-7,-126
1767174061.8812382,-2,-5,-122
1767174061.8912382,-2,-1,-118
1767174061.9012382,-2,-3,-118
1767174061.9112382,-2,-6,-117
1767174061.9212382,-4,-3,-117
1767174061.9312382,-7,-2,-120
1767174061.9412382,-8,-4,-120
1767174061.9512382,-6,-3,-123
1767174061.961238,-3,-3,-126
1767174061.971238,0,1,-131
1767174061.981238,-1,0,-128
1767174061.991238,0,-2,-127
1767174062.001238,0,-3,-133
1767174062.011238,1,-3,-132
1767174062.021238,0,-3,-131
1767174062.031238,0,-5,-128
1767174062.041238,2,-4,-124
1767174062.051238,-3,-3,-127
1767174062.061238,-5,-1,-128
1767174062.071238,-1,-4,-127
1767174062.0812385,2,-6,-126
1767174062.0912385,0,-5,-129
1767174062.1012385,0,-3,-127
1767174062.1112382,1,-3,-121
1767174062.1212382,0,-2,-119
1767174062.1312382,0,-1,-121
1767174062.1412382,3,-4,-122
1767174062.1512382,5,-4,-124
1767174062.1612382,5,-5,-125
1767174062.1712382,4,-3,-120
1767174062.1812382,6,-3,-117
1767174062.1912382,3,-4,-118
1767174062.2012382,-1,-3,-118
1767174062.211238,0,-5,-119
1767174062.221238,-3,-6,-121
1767174062.231238,-8,-5,-125
1767174062.241238,-11,-5,-122
1767174062.251238,-10,-3,-126
1767174062.261238,-6,-1,-119
1767174062.271238,-4,-1,-129
1767174062.2922382,0,2,-135
1767174062.301238,7,1,-129
1767174062.311238,7,3,-125
1767174062.321238,8,5,-123
1767174062.3312385,5,4,-131
1767174062.3412385,4,-1,-130
1767174062.3512385,3,-4,-128
1767174062.3612382,0,-4,-130
1767174062.3712382,-2,-5,-129
1767174062.3812382,-4,-5,-124
1767174062.3912382,2,-8,-130
1767174062.4012382,7,-7,-130
1767174062.4112382,6,-4,-124
1767174062.4212382,2,-7,-128
1767174062.4312382,4,-8,-130
1767174062.4412382,0,-7,-126
1767174062.4512382,2,-10,-125
1767174062.461238,4,-8,-122
1767174062.471238,5,-5,-124
1767174062.481238,2,-3,-125
1767174062.491238,1,0,-126
1767174062.501238,1,-2,-132
1767174062.511238,-2,-3,-133
1767174062.521238,0,-1,-129
1767174062.531238,-1,-1,-127
1767174062.541238,-1,-1,-125
1767174062.551238,-7,1,-124
1767174062.561238,0,-4,-119
1767174062.571238,3,-3,-124
1767174062.5812385,5,-4,-127
1767174062.5912385,4,-1,-124
1767174062.6022382,1,-1,-125
1767174062.6122382,2,-2,-127
1767174062.6222382,4,-2,-126
1767174062.632238,4,-1,-125
1767174062.642238,4,-2,-124
1767174062.652238,3,-3,-119
1767174062.662238,8,-8,-117
1767174062.672238,8,-8,-112
1767174062.682238,5,-7,-114
1767174062.692238,5,-1,-121
1767174062.702238,4,0,-129
1767174062.712238,0,-5,-129
1767174062.722238,-4,-2,-128
1767174062.732238,1,1,-124
1767174062.742238,1,5,-119
1767174062.752238,0,2,-118
1767174062.7622385,-2,1,-121
1767174062.7722385,0,2,-122
1767174062.7822382,3,2,-122
1767174062.7922382,1,7,-119
1767174062.8022382,-2,4,-116
1767174062.8122382,-1,0,-123
1767174062.8222382,-3,1,-124
1767174062.8322382,-1,1,-115
1767174062.8422382,-2,4,-115
1767174062.8522382,0,5,-118
1767174062.8622382,0,2,-123
1767174062.8722382,-1,7,-124
1767174062.882238,-1,7,-128
1767174062.892238,-3,3,-127
1767174062.902238,-3,-2,-128
1767174062.912238,0,-5,-125
1767174062.922238,-1,-8,-126
1767174062.932238,2,-8,-130
1767174062.942238,2,-4,-126
1767174062.952238,0,-2,-131
1767174062.962238,0,-1,-128
1767174062.972238,2,-2,-124
1767174062.982238,7,-3,-123
1767174062.992238,6,-9,-123
1767174063.002238,6,-8,-128
1767174063.0122385,6,-3,-122
1767174063.0222385,5,-2,-120
1767174063.0322382,4,-2,-116
1767174063.0422382,3,-3,-117
1767174063.0522382,0,-2,-125
1767174063.0622382,-1,-3,-132
1767174063.0722382,0,-4,-134
1767174063.0822382,0,-6,-133
1767174063.0922382,0,-1,-134
1767174063.1022382,-1,-3,-130
1767174063.1122382,-4,1,-125
1767174063.1222382,-4,0,-123
1767174063.132238,-1,-2,-121
1767174063.142238,1,-1,-120
1767174063.152238,-1,0,-122
1767174063.162238,-2,1,-121
1767174063.172238,0,1,-117
1767174063.182238,1,0,-118
1767174063.192238,0,-2,-118
1767174063.202238,1,-1,-118
1767174063.212238,0,1,-121
1767174063.222238,0,0,-118
1767174063.232238,-4,1,-114
1767174063.242238,-4,2,-116
1767174063.252238,-3,2,-116
1767174063.2622385,-1,-2,-119
1767174063.2722385,0,-2,-116
1767174063.2822382,0,0,-122
1767174063.2922382,-1,0,-124
1767174063.3022382,-1,0,-124
1767174063.3122382,-2,-3,-128
1767174063.3222382,-3,-1,-121
1767174063.3322382,-7,-1,-125
1767174063.3422382,-3,0,-125
1767174063.3522382,0,4,-127
1767174063.3622382,0,1,-124
1767174063.3722382,-2,0,-124
1767174063.382238,2,-3,-130
1767174063.392238,5,-7,-131
1767174063.402238,1,-9,-127
1767174063.412238,0,-9,-126
1767174063.422238,1,-8,-123
1767174063.432238,0,-5,-126
1767174063.442238,-1,0,-124
1767174063.452238,0,-2,-120
1767174063.462238,-2,-3,-120
1767174063.472238,-1,-1,-124
1767174063.482238,-3,1,-124
1767174063.492238,-3,0,-126
1767174063.502238,-4,-2,-125
1767174063.5122385,-3,-4,-122
1767174063.5222385,0,-2,-121
1767174063.5322382,2,-1,-122
1767174063.5422382,5,-1,-120
1767174063.5522382,2,-3,-124
1767174063.5622382,-2,-2,-129
1767174063.5722382,-3,-2,-131
1767174063.5822382,-4,-4,-133
1767174063.5922382,0,-7,-129
1767174063.6022382,-1,-9,-124
1767174063.6122382,-2,-3,-127
1767174063.6222382,-1,1,-132
1767174063.632238,-3,-3,-127
1767174063.642238,-5,-3,-122
1767174063.652238,-6,-3,-115
1767174063.662238,-3,0,-117
1767174063.672238,-1,-1,-116
1767174063.682238,1,-1,-118
1767174063.692238,-1,0,-120
1767174063.702238,2,0,-123
1767174063.712238,2,-1,-120
1767174063.722238,0,-3,-119
1767174063.732238,-4,-8,-117
1767174063.742238,-2,-1,-114
1767174063.752238,-3,0,-112
1767174063.7622385,-3,-5,-118
1767174063.7722385,-5,-5,-121
1767174063.7822382,0,-8,-126
1767174063.7922382,2,-10,-125
1767174063.8022382,2,-7,-129
1767174063.8122382,-2,-9,-134
1767174063.8222382,-4,-7,-124
1767174063.8322382,-5,-12,-126
1767174063.8422382,-3,-6,-132
1767174063.8522382,-3,-3,-135
1767174063.8622382,-5,0,-137
1767174063.8722382,-2,-3,-134
1767174063.882238,-4,-2,-125
1767174063.892238,-6,-4,-127
1767174063.902238,-7,-5,-129
1767174063.912238,-1,-6,-127
1767174063.922238,-3,-7,-126
1767174063.932238,3,-7,-128
1767174063.942238,2,-3,-132
1767174063.952238,1,-2,-131
1767174063.962238,-1,-3,-131
1767174063.972238,-1,0,-126
1767174063.982238,5,-2,-123
1767174063.992238,1,-1,-124
1767174064.002238,-2,-2,-127
1767174064.0122385,1,-4,-129
1767174064.0222385,2,-2,-131
1767174064.0322382,3,0,-130
1767174064.0422382,4,1,-128
1767174064.0522382,5,0,-130
1767174064.0622382,-1,-2,-127
1767174064.0722382,-2,-7,-129
1767174064.0822382,-4,-5,-128
1767174064.0922382,-1,-2,-126
1767174064.1022382,0,-4,-128
1767174064.1122382,1,-1,-124
1767174064.1222382,-1,0,-122
1767174064.132238,0,0,-119
1767174064.142238,4,-1,-124
1767174064.152238,5,0,-129
1767174064.162238,3,0,-129
1767174064.172238,3,-1,-131
1767174064.182238,3,0,-133
1767174064.192238,5,2,-134
1767174064.202238,6,3,-128
1767174064.212238,3,2,-123
1767174064.222238,5,3,-120
1767174064.232238,3,1,-120
1767174064.242238,1,3,-121
1767174064.252238,-6,5,-119
1767174064.2622385,-4,2,-122
1767174064.2722385,-5,3,-124
1767174064.2822382,0,-1,-125
1767174064.2922382,-3,-1,-127
1767174064.3022382,-5,-1,-123
1767174064.3122382,0,-2,-124
1767174064.3222382,0,-2,-124
1767174064.3322382,1,-2,-125
1767174064.3422382,0,-4,-123
1767174064.3522382,0,-2,-125
1767174064.3622382,2,-1,-125
1767174064.3722382,2,-3,-118
1767174064.382238,0,-7,-115
1767174064.392238,0,-3,-113
1767174064.402238,-4,-5,-114
1767174064.412238,1,-7,-110
1767174064.422238,0,-9,-115
1767174064.432238,-1,-8,-117
1767174064.442238,-4,-7,-118
1767174064.452238,-2,-5,-114
1767174064.462238,1,-3,-113
1767174064.472238,0,-2,-113
1767174064.482238,-2,3,-111
1767174064.492238,-2,4,-111
1767174064.502238,-1,4,-115
1767174064.5122385,-4,1,-116
1767174064.5222385,-6,0,-117
1767174064.5322382,-8,4,-119
1767174064.5422382,-3,5,-117
1767174064.5522382,0,3,-121
1767174064.5622382,0,-1,-124
1767174064.5722382,-2,-4,-125
1767174064.5822382,0,-4,-119
1767174064.5922382,-2,0,-123
1767174064.6022382,-2,3,-119
1767174064.6122382,-4,5,-120
1767174064.6222382,-2,5,-119
1767174064.632238,-7,4,-124
1767174064.642238,-3,7,-122
1767174064.652238,-4,1,-118
1767174064.662238,-3,2,-113
1767174064.672238,-4,2,-116
1767174064.682238,-7,4,-117
1767174064.692238,-3,4,-117
1767174064.702238,0,4,-121
1767174064.712238,0,2,-113
1767174064.722238,-6,5,-113
1767174064.732238,-7,1,-111
1767174064.742238,-3,-1,-114
1767174064.752238,-5,1,-116
1767174064.7622385,-4,5,-118
1767174064.7722385,-3,2,-123
1767174064.7822382,-2,0,-127
1767174064.7922382,0,-5,-123
1767174064.8022382,2,-3,-125
1767174064.8122382,0,-5,-119
1767174064.8222382,0,-7,-126
1767174064.8322382,0,-7,-124
1767174064.8422382,-2,-4,-123
1767174064.8522382,1,-4,-133
1767174064.8622382,5,-3,-134
1767174064.8722382,-1,-2,-130
1767174064.882238,-1,-1,-129
1767174064.892238,-1,-3,-131
1767174064.902238,3,-5,-126
1767174064.912238,1,-1,-120
1767174064.922238,2,0,-120
1767174064.932238,0,0,-122
1767174064.942238,-3,1,-117
1767174064.952238,1,-1,-122
1767174064.962238,4,-5,-124
1767174064.972238,3,-2,-126
1767174064.982238,4,-2,-130
1767174064.992238,2,-2,-129
1767174065.002238,0,-3,-128
1767174065.0122385,2,-3,-128
1767174065.0222385,1,-2,-125
1767174065.0322382,0,-1,-126
1767174065.0422382,-1,1,-129
1767174065.0522382,1,3,-129
1767174065.0622382,0,5,-129
1767174065.0722382,1,2,-131
1767174065.0822382,0,1,-135
1767174065.0922382,0,0,-134
1767174065.1022382,1,-1,-130
1767174065.1122382,-1,-3,-130
1767174065.1222382,0,-4,-129
1767174065.132238,2,0,-131
1767174065.142238,1,0,-126
1767174065.152238,1,-1,-122
1767174065.162238,7,0,-121
1767174065.172238,9,-1,-124
1767174065.182238,12,-2,-129
1767174065.192238,10,4,-125
1767174065.202238,6,7,-130
1767174065.2132382,4,6,-132
1767174065.2232382,0,7,-125
1767174065.232238,-5,1,-121
1767174065.2432382,-1,-1,-120
1767174065.2532382,0,0,-115
1767174065.2632382,1,0,-116
1767174065.2732382,1,0,-114
1767174065.2832382,5,4,-116
1767174065.2932382,1,3,-121
1767174065.3032382,1,3,-123
1767174065.313238,-2,3,-119
1767174065.323238,0,2,-116
1767174065.333238,3,0,-124
1767174065.343238,4,-2,-127
1767174065.353238,0,2,-127
1767174065.363238,-3,4,-134
1767174065.373238,-1,2,-131
1767174065.383238,0,0,-127
1767174065.393238,2,0,-124
1767174065.403238,-3,0,-121
1767174065.413238,-5,-3,-116
1767174065.423238,-2,-2,-107
1767174065.4332385,-6,0,-108
1767174065.4432385,-6,0,-108
1767174065.4532382,-4,0,-108
1767174065.4632382,5,6,-108
1767174065.4732382,8,5,-115
1767174065.4832382,9,6,-111
1767174065.4932382,8,4,-114
1767174065.5032382,1,-3,-118
1767174065.5132382,0,-2,-130
1767174065.5232382,2,0,-125
1767174065.5332382,1,-2,-123
1767174065.5432382,3,-1,-125
1767174065.5532382,1,-2,-124
1767174065.563238,0,-3,-127
1767174065.573238,0,-2,-129
1767174065.583238,2,1,-133
1767174065.593238,-3,4,-131
1767174065.603238,-3,3,-129
1767174065.613238,-8,4,-127
1767174065.623238,-8,0,-124
1767174065.633238,-8,4,-127
1767174065.643238,-6,4,-121
1767174065.653238,-5,6,-117
1767174065.663238,-5,2,-123
1767174065.673238,2,2,-122
1767174065.6832385,2,0,-121
1767174065.6932385,1,-2,-123
1767174065.7032382,2,0,-123
1767174065.7132382,4,-1,-121
1767174065.7232382,0,0,-123
1767174065.7332382,-1,1,-119
1767174065.7432382,-5,1,-117
1767174065.7532382,-6,1,-121
1767174065.7632382,-3,1,-122
1767174065.7732382,-5,0,-125
1767174065.7832382,-3,-1,-124
1767174065.7932382,-1,-2,-129
1767174065.8032382,0,0,-127
1767174065.813238,0,3,-122
1767174065.823238,-3,3,-122
1767174065.833238,-2,2,-127
1767174065.843238,-4,1,-131
1767174065.853238,-6,0,-138
1767174065.863238,-5,-4,-131
1767174065.873238,-7,-2,-129
1767174065.883238,-5,-1,-128
1767174065.893238,-7,2,-123
1767174065.903238,-6,0,-123
1767174065.913238,-4,-3,-115
1767174065.923238,-3,-2,-119
1767174065.9332385,-7,-3,-117
1767174065.9432385,-6,-4,-124
1767174065.9532382,-9,-2,-118
1767174065.9632382,-8,-4,-120
1767174065.9732382,-8,-5,-118
1767174065.9832382,-3,-5,-121
1767174065.9932382,-2,-8,-118
1767174066.0032382,0,-4,-126
1767174066.0132382,2,-8,-124
1767174066.0232382,3,-4,-129
1767174066.0332382,2,-8,-134
1767174066.0432382,1,-9,-138
1767174066.0532382,-2,-3,-129
1767174066.063238,0,-4,-121
1767174066.073238,0,-5,-120
1767174066.083238,4,-7,-115
1767174066.093238,3,-8,-115
1767174066.103238,1,-10,-112
1767174066.113238,1,-5,-114
1767174066.123238,0,-4,-118
1767174066.133238,0,-8,-116
1767174066.143238,0,-7,-117
1767174066.153238,1,-8,-126
1767174066.163238,-3,-7,-126
1767174066.173238,-3,-3,-124
1767174066.1832385,-8,-3,-121
1767174066.1932385,-11,-3,-118
1767174066.2032382,-10,-8,-115
1767174066.2132382,-9,-5,-114
1767174066.2232382,-7,-1,-117
1767174066.2332382,-3,1,-123
1767174066.2432382,0,0,-115
1767174066.2532382,0,2,-111
1767174066.2632382,3,1,-114
1767174066.2732382,-2,0,-117
1767174066.2832382,0,0,-121
1767174066.2932382,2,0,-118
1767174066.3032382,0,-1,-119
1767174066.313238,3,-1,-120
1767174066.323238,3,-3,-127
1767174066.333238,-2,-2,-126
1767174066.343238,-6,-4,-124
1767174066.353238,-6,-3,-131
1767174066.363238,-3,-1,-128
1767174066.373238,-4,-5,-131
1767174066.383238,-2,-4,-130
1767174066.393238,0,-4,-127
1767174066.403238,0,-5,-126
1767174066.413238,1,-8,-130
1767174066.423238,3,-13,-133
1767174066.4332385,0,-14,-127
1767174066.4432385,1,-12,-132
1767174066.4532382,0,-10,-122
1767174066.4632382,5,-5,-117
1767174066.4732382,1,-4,-117
1767174066.4832382,1,-3,-112
1767174066.4932382,4,-5,-108
1767174066.5032382,2,-9,-108
1767174066.5132382,0,-7,-112
1767174066.5232382,-4,-6,-116
1767174066.5332382,1,-2,-119
1767174066.5432382,7,-3,-119
1767174066.5532382,5,-6,-121
1767174066.563238,1,-3,-123
1767174066.573238,0,-3,-122
1767174066.583238,0,0,-121
1767174066.593238,1,0,-129
1767174066.603238,-1,-1,-123
1767174066.613238,-4,-1,-126
1767174066.623238,-6,0,-118
1767174066.633238,-5,-1,-118
1767174066.643238,-5,2,-123
1767174066.653238,-1,3,-122
1767174066.663238,-1,3,-123
1767174066.673238,0,-5,-126
1767174066.6832385,-5,-9,-133
1767174066.6932385,-8,-11,-134
1767174066.7032382,-11,-6,-127
1767174066.7132382,-8,0,-124
1767174066.7232382,-12,1,-123
1767174066.7332382,-12,6,-120
1767174066.7432382,-11,7,-126
1767174066.7532382,-11,8,-123
1767174066.7632382,-4,8,-124
1767174066.7732382,-4,4,-116
1767174066.7832382,-2,1,-113
1767174066.7932382,0,1,-119
1767174066.8032382,-2,6,-123
1767174066.813238,-2,2,-123
1767174066.823238,-3,2,-121
1767174066.833238,-2,1,-118
1767174066.843238,0,1,-114
1767174066.853238,0,1,-116
1767174066.863238,0,-3,-116
1767174066.873238,3,-4,-114
1767174066.883238,1,-6,-120
1767174066.893238,0,-6,-128
1767174066.903238,-4,-7,-125
1767174066.913238,0,-4,-128
1767174066.923238,0,-6,-124
1767174066.9332385,0,-6,-122
1767174066.9432385,4,-7,-119
1767174066.9532382,3,-5,-118
1767174066.9632382,10,-5,-123
1767174066.9732382,6,-6,-130
1767174066.9832382,4,-5,-134
1767174066.9932382,2,-2,-134
1767174067.0032382,7,-4,-128
1767174067.0132382,7,-5,-127
1767174067.0232382,6,-5,-121
1767174067.0332382,7,-5,-117
1767174067.0432382,17,1,-118
1767174067.0532382,16,0,-121
1767174067.063238,9,-1,-123
1767174067.073238,9,-8,-125
1767174067.083238,9,-6,-130
1767174067.093238,11,-5,-123
1767174067.103238,8,-2,-124
1767174067.113238,5,-4,-124
1767174067.123238,0,-2,-126
1767174067.133238,-2,-3,-120
1767174067.143238,1,-2,-119
1767174067.153238,0,0,-122
1767174067.163238,0,-1,-123
1767174067.173238,-3,0,-126
1767174067.1832385,0,-3,-129
1767174067.1932385,2,-6,-130
1767174067.2032382,0,-4,-130
1767174067.2132382,2,-5,-122
1767174067.2232382,2,-1,-131
1767174067.2332382,0,-2,-133
1767174067.2432382,-1,-7,-127
1767174067.2532382,-1,-4,-130
1767174067.2632382,-4,-3,-133
1767174067.2732382,-7,-6,-128
1767174067.2832382,-8,-9,-130
1767174067.304238,-3,-4,-125
1767174067.313238,1,-3,-124
1767174067.323238,2,-2,-125
1767174067.333238,5,0,-124
1767174067.343238,1,6,-127
1767174067.353238,-1,5,-128
1767174067.363238,1,-1,-127
1767174067.373238,-2,0,-131
1767174067.383238,0,0,-127
1767174067.393238,2,-4,-131
1767174067.403238,0,-2,-130
1767174067.413238,0,-2,-121
1767174067.423238,-2,0,-121
1767174067.4332385,-2,0,-121
1767174067.4432385,-2,-3,-130
1767174067.4532382,-2,-2,-131
1767174067.4632382,-5,-3,-120
1767174067.4732382,0,-1,-114
1767174067.4832382,3,-4,-112
1767174067.4932382,7,-6,-111
1767174067.5032382,8,-7,-117
1767174067.5132382,6,-3,-126
1767174067.5232382,7,0,-129
1767174067.5332382,5,-1,-133
1767174067.5432382,6,-2,-141
1767174067.5532382,4,-1,-131
1767174067.563238,7,0,-133
1767174067.573238,11,0,-137
1767174067.583238,5,-1,-136
1767174067.593238,6,-3,-134
1767174067.603238,4,-2,-139
1767174067.613238,6,-5,-137
1767174067.623238,6,-7,-141
1767174067.633238,7,-7,-142
1767174067.643238,6,-6,-136
1767174067.653238,1,-3,-137
1767174067.663238,-1,-2,-134
1767174067.673238,0,-3,-127
1767174067.6832385,2,-1,-128
1767174067.6932385,3,-4,-123
1767174067.7032382,1,-5,-123
1767174067.7132382,0,-5,-119
1767174067.7232382,2,-6,-119
1767174067.7332382,2,-4,-115
1767174067.7432382,1,-7,-115
1767174067.7532382,1,-5,-113
1767174067.7632382,6,-8,-110
1767174067.7732382,5,-8,-111
1767174067.7832382,6,-6,-114
1767174067.7932382,3,1,-116
1767174067.8032382,6,3,-121
1767174067.813238,6,4,-119
1767174067.823238,2,1,-115
1767174067.833238,1,-2,-122
1767174067.843238,2,-3,-125
1767174067.853238,2,-1,-123
1767174067.863238,3,-1,-125
1767174067.8742385,1,-4,-124
1767174067.8842382,1,-5,-119
1767174067.8942382,-2,-1,-120
1767174067.9042382,-3,1,-124
1767174067.9142382,-4,2,-125
1767174067.9242382,-2,2,-128
1767174067.9342382,0,3,-132
1767174067.9442382,0,2,-135
1767174067.9542382,4,4,-130
1767174067.9642382,2,4,-129
1767174067.9742382,1,0,-128
1767174067.984238,-6,-1,-128
1767174067.994238,-8,-5,-130
1767174068.004238,-7,-7,-127
1767174068.014238,-8,-7,-129
1767174068.024238,-4,-2,-131
1767174068.034238,-2,0,-131
1767174068.044238,0,-1,-128
1767174068.054238,2,0,-129
1767174068.064238,0,0,-124
1767174068.074238,0,-3,-125
1767174068.084238,-1,-1,-125
1767174068.094238,2,-1,-123
1767174068.1042385,1,2,-120
1767174068.1142385,2,0,-122
1767174068.1242385,1,1,-121
1767174068.1342382,-2,4,-119
1767174068.1442382,-1,3,-120
1767174068.1542382,1,4,-125
1767174068.1642382,4,0,-126
1767174068.1742382,0,-4,-126
1767174068.1842382,-2,-2,-125
1767174068.1942382,-1,-2,-125
1767174068.2042382,-3,-3,-126
1767174068.2142382,0,-5,-123
1767174068.2242382,-3,-7,-126
1767174068.234238,-2,-6,-123
1767174068.244238,-2,-2,-120
1767174068.254238,-5,0,-119
1767174068.264238,-3,0,-121
1767174068.274238,-5,-4,-123
1767174068.284238,-5,-7,-126
1767174068.294238,-6,-2,-129
1767174068.304238,-8,-2,-124
1767174068.314238,-3,-6,-117
1767174068.324238,-4,-4,-120
1767174068.334238,-5,-1,-119
1767174068.344238,-6,3,-119
1767174068.3542385,0,3,-117
1767174068.3642385,-1,5,-119
1767174068.3742385,0,4,-113
1767174068.3842382,0,1,-120
1767174068.3942382,0,2,-122
1767174068.4042382,-2,3,-123
1767174068.4142382,-9,2,-116
1767174068.4242382,-10,7,-122
1767174068.4342382,-5,5,-129
1767174068.4442382,-2,3,-129
1767174068.4542382,-1,3,-125
1767174068.4642382,0,8,-123
1767174068.4742382,-1,5,-122
1767174068.484238,0,4,-117
1767174068.494238,-5,1,-126
1767174068.504238,-3,-1,-130
1767174068.514238,-1,-3,-123
1767174068.524238,1,1,-118
1767174068.534238,1,4,-116
1767174068.544238,2,10,-117
1767174068.554238,0,3,-121
1767174068.564238,2,2,-123
1767174068.574238,0,1,-123
1767174068.584238,2,0,-129
1767174068.594238,1,1,-128
1767174068.6042385,-1,0,-124
1767174068.6142385,-4,0,-121
1767174068.6242385,-5,1,-124
1767174068.6342382,-3,3,-124
1767174068.6442382,-2,1,-122
1767174068.6542382,-4,0,-123
1767174068.6642382,-2,1,-123
1767174068.6742382,-3,0,-121
1767174068.6842382,-4,1,-124
1767174068.6942382,0,3,-128
1767174068.7042382,1,4,-128
1767174068.7142382,1,8,-126
1767174068.7242382,1,6,-125
1767174068.734238,0,6,-121
1767174068.744238,0,5,-123
1767174068.754238,0,4,-120
1767174068.764238,0,2,-122
1767174068.774238,-1,0,-121
1767174068.784238,3,-5,-120
1767174068.794238,4,-1,-120
1767174068.804238,1,-1,-121
1767174068.814238,2,2,-120
1767174068.824238,4,0,-122
1767174068.834238,-3,-1,-119
1767174068.844238,-7,0,-112
1767174068.8542385,-3,2,-117
1767174068.8642385,-1,0,-121
1767174068.8742385,-2,-1,-124
1767174068.8842382,-5,0,-123
1767174068.8942382,-2,1,-130
1767174068.9042382,0,-4,-129
1767174068.9142382,1,-5,-121
1767174068.9242382,0,2,-120
1767174068.9342382,3,1,-121
1767174068.9442382,3,2,-119
1767174068.9542382,3,-2,-118
1767174068.9642382,-3,-2,-129
1767174068.9742382,-5,0,-134
1767174068.984238,-3,3,-128
1767174068.994238,-2,2,-127
1767174069.004238,-4,-1,-121
1767174069.014238,-3,-4,-125
1767174069.024238,-1,-2,-123
1767174069.034238,2,1,-122
1767174069.044238,0,2,-119
1767174069.054238,-1,0,-124
1767174069.064238,-3,0,-125
1767174069.074238,-6,0,-122
1767174069.084238,-2,-1,-129
1767174069.094238,-2,-1,-123
1767174069.1042385,0,-4,-117
1767174069.1142385,1,-2,-118
1767174069.1242385,0,0,-117
1767174069.1342382,-2,0,-118
1767174069.1442382,-1,1,-115
1767174069.1542382,1,2,-118
1767174069.1642382,1,5,-114
1767174069.1742382,1,2,-111
1767174069.1842382,0,0,-115
1767174069.1942382,1,-3,-120
1767174069.2042382,1,-2,-125
1767174069.2142382,-1,-4,-123
1767174069.2242382,-4,-2,-119
1767174069.234238,-1,-4,-116
1767174069.244238,0,-4,-107
1767174069.254238,1,0,-111
1767174069.265238,3,-1,-121
1767174069.274238,3,-1,-121
1767174069.284238,4,0,-120
1767174069.294238,2,2,-122
1767174069.304238,5,2,-126
1767174069.314238,0,3,-118
1767174069.324238,-1,8,-124
1767174069.334238,-1,9,-119
1767174069.344238,-6,7,-123
1767174069.3542385,-4,5,-133
1767174069.3642385,1,-1,-136
1767174069.3742385,3,-5,-134
1767174069.3842382,1,-3,-127
1767174069.3942382,-1,-6,-125
1767174069.4042382,-3,-8,-123
1767174069.4142382,-2,-4,-119
1767174069.4242382,-5,-4,-124
1767174069.4342382,-4,-4,-128
1767174069.4442382,0,-3,-124
1767174069.4542382,1,-1,-127
1767174069.4642382,6,0,-128
1767174069.4742382,1,3,-128
1767174069.484238,0,5,-126
1767174069.494238,2,6,-122
1767174069.504238,0,9,-120
1767174069.514238,0,6,-121
1767174069.524238,-2,0,-125
1767174069.534238,0,0,-136
1767174069.544238,7,-2,-133
1767174069.554238,5,0,-133
1767174069.564238,1,0,-129
1767174069.574238,0,-3,-130
1767174069.584238,0,-1,-130
1767174069.594238,-1,-4,-134
1767174069.6042385,-2,-7,-127
1767174069.6142385,-4,-6,-125
1767174069.6242385,-2,-1,-130
1767174069.6342382,0,-1,-126
1767174069.6442382,0,-3,-126
1767174069.6542382,1,-8,-127
1767174069.6642382,-1,-7,-128
1767174069.6742382,-2,-7,-123
1767174069.6842382,-7,-2,-124
1767174069.6942382,-4,-5,-126
1767174069.7042382,-1,-4,-124
1767174069.7142382,2,-7,-130
1767174069.7242382,0,-6,-132
1767174069.734238,2,-5,-133
1767174069.744238,3,-3,-125
1767174069.754238,1,-1,-120
1767174069.764238,0,-1,-117
1767174069.774238,4,-3,-113
1767174069.784238,2,0,-113
1767174069.794238,0,-1,-114
1767174069.804238,-1,-3,-115
1767174069.814238,-1,-3,-120
1767174069.824238,4,0,-120
1767174069.834238,5,1,-121
1767174069.844238,1,1,-117
1767174069.8542385,2,0,-114
1767174069.8642385,2,1,-114
1767174069.8742385,5,0,-113
1767174069.8842382,7,0,-113
1767174069.8942382,-1,0,-121
1767174069.9042382,2,1,-121
1767174069.9142382,5,0,-120
1767174069.9242382,3,-6,-120
1767174069.9342382,0,-4,-128
1767174069.9442382,0,-1,-125
1767174069.9542382,0,0,-130
1767174069.9642382,1,-2,-134
1767174069.9742382,5,-5,-131
1767174069.984238,5,-7,-133
1767174069.994238,2,-4,-131
1767174070.004238,-2,-3,-128
1767174070.014238,-3,-6,-125
1767174070.024238,-3,-8,-121
1767174070.034238,-2,-6,-124
1767174070.044238,1,-8,-115
1767174070.054238,0,-3,-120
1767174070.064238,-1,-8,-118
1767174070.074238,-1,-5,-115
1767174070.084238,-2,0,-118
1767174070.094238,1,1,-121
1767174070.1042385,4,0,-121
1767174070.1142385,7,-1,-123
1767174070.1242385,3,0,-121
1767174070.1342382,0,2,-115
1767174070.1442382,-2,5,-119
1767174070.1542382,-1,8,-121
1767174070.1642382,0,9,-118
1767174070.1742382,2,6,-107
1767174070.1842382,1,6,-109
1767174070.1942382,4,6,-114
1767174070.2042382,7,4,-123
1767174070.2142382,6,4,-120
1767174070.2242382,5,0,-123
1767174070.234238,3,0,-125
1767174070.244238,0,-1,-127
1767174070.254238,2,2,-123
1767174070.264238,0,0,-125
1767174070.274238,-6,-1,-122
1767174070.284238,-3,0,-120
1767174070.294238,-4,-1,-118
1767174070.304238,-5,-3,-120
1767174070.314238,-4,-5,-118
1767174070.324238,-3,-10,-120
1767174070.334238,-6,-5,-122
1767174070.344238,-5,-7,-126
1767174070.3542385,-5,-4,-119
1767174070.3642385,-5,-2,-113
1767174070.3742385,-5,0,-121
1767174070.3842382,-2,-1,-118
1767174070.3942382,-5,-2,-121
1767174070.4042382,-2,-3,-116
1767174070.4142382,1,0,-116
1767174070.4242382,4,0,-121
1767174070.4342382,5,2,-128
1767174070.4442382,3,-1,-125
1767174070.4542382,1,1,-134
1767174070.4642382,1,0,-132
1767174070.4742382,0,-2,-134
1767174070.484238,-3,-1,-132
1767174070.494238,-2,0,-125
1767174070.504238,6,-3,-131
1767174070.514238,1,-5,-134
1767174070.524238,4,-5,-126
1767174070.5352385,1,-7,-122
1767174070.544238,7,-6,-120
1767174070.5552382,6,-1,-122
1767174070.5652382,7,0,-128
1767174070.5752382,2,-1,-132
1767174070.5852382,-2,-3,-126
1767174070.5952382,0,-3,-127
1767174070.6052382,0,-3,-123
1767174070.6152382,1,-2,-131
1767174070.6252382,1,-1,-134
1767174070.6352382,2,0,-133
1767174070.6452382,0,1,-127
1767174070.6552382,-2,-4,-121
1767174070.665238,-9,-3,-125
1767174070.675238,-9,-3,-119
1767174070.685238,-8,-2,-122
1767174070.695238,-4,-4,-122
1767174070.705238,-3,-3,-124
1767174070.715238,1,-1,-118
1767174070.725238,1,-2,-121
1767174070.735238,0,0,-131
1767174070.745238,1,0,-131
1767174070.755238,-2,0,-135
1767174070.765238,-5,0,-139
1767174070.775238,-3,0,-136
1767174070.7852385,-1,-3,-130
1767174070.7952385,0,0,-130
1767174070.8052382,-2,-1,-126
1767174070.8152382,-1,-1,-133
1767174070.8252382,0,-2,-138
1767174070.8352382,0,-4,-140
1767174070.8452382,-3,-3,-139
1767174070.8552382,-4,-1,-138
1767174070.8652382,-5,0,-132
1767174070.8752382,-4,2,-126
1767174070.8852382,-2,-2,-123
1767174070.8952382,-3,-4,-124
1767174070.9052382,-5,-4,-124
1767174070.915238,-6,-5,-125
1767174070.925238,-8,-4,-125
1767174070.935238,-2,-2,-121
1767174070.945238,-2,-2,-122
1767174070.955238,0,-3,-124
1767174070.965238,-1,0,-115
1767174070.975238,1,0,-106
1767174070.985238,0,-4,-110
1767174070.995238,-2,-5,-106
1767174071.005238,-2,-8,-108
1767174071.015238,-1,-9,-114
1767174071.025238,-2,-8,-110
1767174071.0352385,-3,-5,-115
1767174071.0452385,1,-3,-114
1767174071.0552382,5,-4,-116
1767174071.0652382,3,-1,-122
1767174071.0752382,1,0,-123
1767174071.0852382,2,2,-119
1767174071.0952382,3,7,-118
1767174071.1052382,1,7,-117
1767174071.1152382,1,4,-121
1767174071.1252382,0,4,-122
1767174071.1352382,0,-1,-123
1767174071.1452382,1,0,-119
1767174071.1552382,0,0,-118
1767174071.165238,-1,-1,-119
1767174071.175238,-5,-7,-119
1767174071.185238,-6,-8,-117
1767174071.195238,-2,-9,-121
1767174071.205238,1,-9,-120
1767174071.215238,0,-8,-122
1767174071.225238,-2,-10,-122
1767174071.235238,1,-11,-123
1767174071.245238,3,-7,-126
1767174071.255238,0,-1,-133
1767174071.265238,0,0,-133
1767174071.275238,1,0,-127
1767174071.2852385,0,-1,-127
1767174071.2952385,0,0,-126
1767174071.3052382,0,-1,-122
1767174071.3152382,0,-1,-129
1767174071.3252382,-2,-2,-131
1767174071.3352382,-6,-4,-121
1767174071.3452382,-2,-1,-124
1767174071.3552382,-5,-1,-121
1767174071.3652382,-8,1,-121
1767174071.3752382,-6,-1,-126
1767174071.3852382,1,-4,-115
1767174071.3952382,6,-3,-111
1767174071.4052382,6,0,-125
1767174071.415238,4,2,-122
1767174071.425238,2,2,-120
1767174071.435238,1,1,-125
1767174071.445238,0,-1,-125
1767174071.455238,-2,-1,-125
1767174071.465238,1,-3,-129
1767174071.475238,3,-5,-140
1767174071.485238,6,-3,-137
1767174071.495238,8,-1,-128
1767174071.505238,6,1,-125
1767174071.515238,4,2,-121
1767174071.525238,1,0,-122
1767174071.5352385,-3,1,-120
1767174071.5452385,-2,-2,-117
1767174071.5552382,-2,-1,-123
1767174071.5652382,1,-3,-130
1767174071.5752382,0,-4,-128
1767174071.5852382,0,-3,-130
1767174071.5952382,-1,-4,-128
1767174071.6052382,-3,0,-122
1767174071.6152382,-3,0,-124
1767174071.6252382,-4,1,-125
1767174071.6352382,-2,0,-124
1767174071.6452382,0,-2,-124
1767174071.6552382,3,-6,-121
1767174071.665238,3,-9,-121
1767174071.675238,3,-6,-127
1767174071.685238,-2,-2,-135
1767174071.695238,0,-3,-136
1767174071.705238,-1,-2,-131
1767174071.715238,1,-4,-122
1767174071.725238,2,-6,-122
1767174071.735238,3,-6,-128
1767174071.745238,5,-5,-128
1767174071.755238,8,-5,-128
1767174071.765238,13,-7,-129
1767174071.775238,9,-3,-129
1767174071.7852385,5,-6,-132
1767174071.7952385,3,0,-132
1767174071.8052382,9,0,-132
1767174071.8152382,9,1,-128
1767174071.8252382,1,1,-123
1767174071.8352382,-4,0,-123
1767174071.8452382,-2,-2,-124
1767174071.8552382,0,-5,-120
1767174071.8652382,-2,-5,-121
1767174071.8752382,-2,-3,-116
1767174071.8852382,-3,-3,-118
1767174071.8952382,2,-2,-119
1767174071.9052382,-1,1,-124
1767174071.915238,-1,4,-129
1767174071.925238,0,-2,-130
1767174071.935238,0,-5,-134
1767174071.945238,-2,-7,-131
1767174071.955238,0,-3,-126
1767174071.965238,0,-1,-128
1767174071.975238,2,-3,-127
1767174071.985238,3,-3,-125
1767174071.995238,5,-4,-125
1767174072.005238,5,-6,-121
1767174072.015238,5,-4,-116
1767174072.025238,2,-5,-113
1767174072.0352385,2,-8,-110
1767174072.0452385,0,-6,-115
1767174072.0552382,2,-4,-121
1767174072.0652382,6,-3,-124
1767174072.0752382,2,-1,-121
1767174072.0852382,1,-6,-127
1767174072.0952382,3,-2,-127
1767174072.1052382,9,-6,-125
1767174072.1152382,8,-7,-125
1767174072.1252382,3,-5,-125
1767174072.1352382,0,-2,-124
1767174072.1452382,2,-5,-121
1767174072.1552382,-3,-2,-125
1767174072.165238,-5,0,-119
1767174072.175238,-7,-2,-121
1767174072.185238,-6,0,-119
1767174072.195238,0,5,-115
1767174072.205238,-1,9,-112
1767174072.215238,0,6,-109
1767174072.225238,-1,-3,-116
1767174072.235238,0,-3,-115
1767174072.245238,-1,-3,-114
1767174072.255238,0,-5,-119
1767174072.265238,0,-9,-114
1767174072.275238,0,-13,-116
1767174072.2852385,0,-11,-122
1767174072.2952385,0,-4,-124
1767174072.3162382,-2,1,-127
1767174072.3252382,0,2,-130
1767174072.3352382,-2,0,-125
1767174072.3452382,-2,3,-123
1767174072.3552382,-1,1,-121
1767174072.3652382,-1,4,-125
1767174072.3752382,0,4,-120
1767174072.3852382,0,5,-121
1767174072.3952382,-1,2,-121
1767174072.4052382,-2,-1,-120
1767174072.415238,-2,-3,-121
1767174072.425238,0,-4,-117
1767174072.435238,-1,-3,-117
1767174072.445238,-3,-3,-118
1767174072.455238,-5,-2,-121
1767174072.465238,-1,-1,-125
1767174072.475238,-1,1,-126
1767174072.485238,-6,1,-119
1767174072.495238,-4,2,-121
1767174072.505238,-3,0,-124
1767174072.515238,0,2,-129
1767174072.525238,3,0,-118
1767174072.5352385,3,1,-117
1767174072.5452385,4,0,-121
1767174072.5552382,1,-1,-122
1767174072.5652382,-1,0,-124
1767174072.5752382,-3,-2,-124
1767174072.5852382,0,-3,-124
1767174072.5952382,1,0,-116
1767174072.6052382,-3,1,-114
1767174072.6152382,0,0,-119
1767174072.6252382,-5,0,-115
1767174072.6352382,-3,0,-121
1767174072.6452382,-6,-3,-120
1767174072.6552382,-7,-5,-120
1767174072.665238,-4,-9,-116
1767174072.675238,-5,-7,-125
1767174072.685238,-2,-8,-125
1767174072.695238,-1,-2,-126
1767174072.705238,-1,-2,-126
1767174072.715238,-1,-1,-128
1767174072.725238,0,-4,-124
1767174072.735238,-1,-2,-129
1767174072.745238,-3,0,-135
1767174072.755238,-6,0,-137
1767174072.765238,0,-1,-138
1767174072.775238,2,0,-130
1767174072.7852385,3,0,-137
1767174072.7952385,0,-1,-137
1767174072.8052382,-2,0,-131
1767174072.8152382,-3,-1,-129
1767174072.8252382,-9,-2,-132
1767174072.8352382,-4,1,-134
1767174072.8452382,0,2,-131
1767174072.8552382,1,-3,-132
1767174072.8652382,5,-3,-132
1767174072.8752382,8,-3,-129
1767174072.8852382,0,0,-132
1767174072.8952382,-3,0,-130
1767174072.9052382,1,2,-125
1767174072.915238,-1,0,-123
1767174072.925238,-1,0,-126
1767174072.935238,1,-9,-128
1767174072.945238,0,-9,-127
1767174072.955238,2,-9,-125
1767174072.965238,4,-8,-121
1767174072.975238,3,-5,-121
1767174072.985238,0,-4,-122
1767174072.995238,-3,-4,-120
1767174073.005238,0,-2,-118
1767174073.015238,0,-3,-115
1767174073.025238,-1,-3,-122
1767174073.0352385,1,0,-127
1767174073.0452385,0,-1,-134
1767174073.0552382,2,0,-131
1767174073.0652382,5,-1,-135
1767174073.0752382,5,0,-126
1767174073.0852382,3,1,-128
1767174073.0952382,2,1,-124
1767174073.1052382,0,2,-123
1767174073.1152382,-3,-2,-118
1767174073.1252382,-4,-4,-121
1767174073.1352382,-1,-6,-129
1767174073.1452382,3,-4,-129
1767174073.1552382,6,-8,-124
1767174073.165238,5,-4,-118
1767174073.175238,4,-5,-116
1767174073.186238,7,-6,-118
1767174073.196238,7,-8,-120
1767174073.2062385,2,-8,-121
1767174073.2162385,2,-11,-121
1767174073.2262385,7,-8,-124
1767174073.2362382,2,-5,-123
1767174073.2462382,-3,-9,-124
1767174073.2562382,-1,-6,-121
1767174073.2662382,-5,-9,-119
1767174073.2762382,-2,-8,-124
1767174073.2862382,0,-7,-122
1767174073.2962382,1,-6,-126
1767174073.3062382,1,-6,-129
1767174073.3162382,0,-4,-124
1767174073.3262382,1,-1,-124
1767174073.336238,0,-2,-123
1767174073.346238,-2,-4,-125
1767174073.356238,-1,-7,-127
1767174073.366238,-2,-10,-134
1767174073.376238,-3,-11,-132
1767174073.386238,0,-7,-129
1767174073.396238,-1,-8,-128
1767174073.406238,-3,-7,-128
1767174073.416238,-4,-2,-124
1767174073.426238,-3,-2,-121
1767174073.436238,-2,0,-115
1767174073.446238,-1,1,-113
1767174073.4562385,0,-2,-120
1767174073.4662385,-1,-4,-119
1767174073.4762385,1,-6,-120
1767174073.4862382,3,-10,-123
1767174073.4962382,2,-5,-128
1767174073.5062382,2,1,-131
1767174073.5162382,2,1,-136
1767174073.5262382,0,0,-138
1767174073.5362382,2,0,-135
1767174073.5462382,-3,0,-134
1767174073.5562382,-4,-2,-131
1767174073.5662382,-5,0,-129
1767174073.5762382,-4,0,-132
1767174073.586238,-8,0,-130
1767174073.596238,-9,2,-126
1767174073.606238,-9,1,-126
1767174073.616238,-9,-2,-123
1767174073.626238,0,-4,-126
1767174073.636238,-2,-3,-124
1767174073.646238,-1,-1,-123
1767174073.656238,0,-4,-129
1767174073.666238,4,-6,-127
1767174073.676238,3,-4,-123
1767174073.686238,5,-6,-126
1767174073.696238,8,-7,-131
1767174073.7062385,7,-6,-130
1767174073.7162385,10,-7,-133
1767174073.7262385,11,-6,-136
1767174073.7362382,11,-5,-136
1767174073.7462382,9,-4,-135
1767174073.7562382,12,-8,-133
1767174073.7662382,9,-11,-126
1767174073.7762382,7,-9,-125
1767174073.7862382,9,-2,-121
1767174073.7962382,4,-4,-128
1767174073.8062382,4,-5,-125
1767174073.8162382,5,-4,-127
1767174073.8262382,6,0,-127
1767174073.836238,6,-5,-130
1767174073.846238,3,-2,-133
1767174073.856238,3,-2,-136
1767174073.866238,3,-5,-136
1767174073.876238,3,-3,-138
1767174073.886238,0,1,-133
1767174073.896238,-5,4,-134
1767174073.906238,-5,2,-130
1767174073.916238,-1,2,-127
1767174073.926238,0,2,-122
1767174073.936238,0,2,-120
1767174073.946238,4,5,-121
1767174073.9562385,-1,4,-118
1767174073.9662385,-3,3,-118
1767174073.9762385,0,1,-117
1767174073.9862382,4,-2,-127
1767174073.9962382,1,-6,-128
1767174074.0062382,4,-4,-122
1767174074.0162382,3,-5,-126
1767174074.0262382,4,-4,-127
1767174074.0362382,1,0,-125
1767174074.0462382,1,4,-126
1767174074.0562382,4,3,-130
1767174074.0662382,3,4,-132
1767174074.0762382,5,2,-136
1767174074.086238,2,4,-135
1767174074.096238,0,2,-135
1767174074.106238,1,7,-131
1767174074.116238,4,1,-127
1767174074.126238,5,1,-127
1767174074.136238,5,0,-128
1767174074.146238,1,1,-129
1767174074.156238,3,5,-127
1767174074.166238,3,3,-125
1767174074.176238,3,3,-128
1767174074.186238,2,-1,-128
1767174074.196238,1,-1,-126
1767174074.2062385,0,-1,-128
1767174074.2162385,-1,0,-131
1767174074.2262385,1,1,-128
1767174074.2362382,7,-1,-125
1767174074.2462382,0,-2,-125
1767174074.2562382,-2,-2,-121
1767174074.2662382,0,-3,-117
1767174074.2762382,3,-2,-118
1767174074.2862382,1,-3,-127
1767174074.2962382,-1,2,-129
1767174074.3062382,-1,0,-128
1767174074.3162382,0,0,-131
1767174074.3262382,0,-1,-128
1767174074.336238,-5,-4,-123
1767174074.346238,-8,-8,-124
1767174074.356238,-3,-9,-125
1767174074.366238,-3,-3,-123
1767174074.376238,-4,-6,-117
1767174074.386238,0,-7,-122
1767174074.396238,2,-8,-120
1767174074.406238,0,-4,-117
1767174074.416238,-1,-3,-117
1767174074.426238,0,-3,-116
1767174074.436238,0,-2,-116
1767174074.446238,-2,0,-127
1767174074.4562385,-2,-3,-128
1767174074.4662385,-1,-4,-122
1767174074.4762385,1,-4,-123
1767174074.4862382,2,-2,-122
1767174074.4962382,5,-4,-127
1767174074.5062382,6,-3,-132
1767174074.5162382,3,-2,-128
1767174074.5262382,8,-2,-126
1767174074.5362382,5,-2,-129
1767174074.5462382,4,-1,-130
1767174074.5562382,1,-4,-123
1767174074.5662382,-3,-1,-121
1767174074.5762382,-1,1,-121
1767174074.586238,-3,0,-124
1767174074.596238,-2,0,-118
1767174074.606238,-3,1,-125
1767174074.616238,0,0,-125
1767174074.626238,-5,-1,-121
1767174074.636238,-6,0,-114
1767174074.646238,-6,0,-122
1767174074.656238,-6,-2,-119
1767174074.666238,-4,-2,-116
1767174074.676238,0,0,-120
1767174074.686238,1,0,-123
1767174074.696238,4,1,-121
1767174074.7062385,8,0,-116
1767174074.7162385,10,-4,-124
1767174074.7262385,13,-1,-123
1767174074.7362382,8,-2,-130
1767174074.7462382,7,-4,-128
1767174074.7562382,4,-2,-129
1767174074.7662382,6,0,-135
1767174074.7762382,6,2,-142
1767174074.7862382,3,4,-141
1767174074.7962382,3,2,-129
1767174074.8062382,6,-1,-126
1767174074.8162382,12,-1,-125
1767174074.8262382,14,-2,-123
1767174074.836238,11,-5,-123
1767174074.846238,6,-1,-125
1767174074.856238,5,-2,-128
1767174074.866238,2,0,-125
1767174074.876238,0,-1,-120
1767174074.886238,2,1,-117
1767174074.896238,4,3,-117
1767174074.906238,0,0,-113
1767174074.916238,0,0,-107
1767174074.926238,-1,3,-112
1767174074.936238,0,4,-116
1767174074.946238,3,4,-116
1767174074.9562385,1,1,-115
1767174074.9662385,0,-1,-115
1767174074.9762385,-1,-2,-115
1767174074.9862382,-3,0,-117
1767174074.9962382,-3,3,-107
1767174075.0062382,0,5,-103
1767174075.0162382,-2,2,-101
1767174075.0262382,-2,1,-106
1767174075.0362382,-2,-5,-112
1767174075.0462382,-4,-1,-113
1767174075.0562382,-2,2,-113
1767174075.0662382,1,0,-116
1767174075.0762382,0,-6,-122
1767174075.086238,-2,-5,-129
1767174075.096238,-1,-7,-122
1767174075.106238,0,-6,-126
1767174075.116238,4,-3,-127
1767174075.126238,1,0,-126
1767174075.136238,-7,1,-127
1767174075.146238,-6,-4,-130
1767174075.156238,-4,0,-126
1767174075.166238,-5,-4,-132
1767174075.176238,-3,-2,-130
1767174075.186238,-2,-1,-128
1767174075.196238,0,-3,-127
1767174075.2062385,1,-2,-124
1767174075.2162385,0,-1,-119
1767174075.2262385,-7,0,-127
1767174075.2362382,-9,0,-134
1767174075.2462382,-8,4,-135
1767174075.2562382,-4,0,-135
1767174075.2662382,0,-2,-130
1767174075.2762382,2,0,-128
1767174075.2862382,5,-3,-121
1767174075.2962382,5,-5,-126
1767174075.3062382,0,-5,-130
1767174075.3162382,0,-1,-132
1767174075.3262382,3,-2,-126
1767174075.336238,-1,-6,-123
1767174075.346238,3,-2,-125
1767174075.356238,1,-5,-122
1767174075.366238,-1,-6,-121
1767174075.376238,-3,-7,-122
1767174075.386238,-4,0,-123
1767174075.396238,-5,-1,-123
1767174075.406238,-3,-1,-126
1767174075.416238,-3,0,-124
1767174075.426238,0,-3,-132
1767174075.436238,0,-1,-131
1767174075.446238,0,1,-131
1767174075.4562385,-5,1,-130
1767174075.4662385,-2,-4,-132
1767174075.4762385,-3,-5,-129
1767174075.4862382,-2,-3,-128
1767174075.4962382,0,0,-120
1767174075.5062382,0,2,-122
1767174075.5162382,3,4,-122
1767174075.5262382,1,0,-121
1767174075.5362382,-1,0,-127
1767174075.5462382,-5,0,-125
1767174075.5562382,-7,-3,-121
1767174075.5662382,-2,-4,-127
1767174075.5762382,0,-1,-130
1767174075.586238,5,-3,-137
1767174075.596238,11,0,-140
1767174075.606238,9,1,-131
1767174075.616238,9,1,-127
1767174075.626238,7,1,-124
1767174075.636238,2,1,-122
1767174075.646238,1,3,-126
1767174075.656238,2,0,-130
1767174075.666238,0,3,-134
1767174075.676238,4,6,-134
1767174075.686238,7,4,-131
1767174075.696238,6,3,-126
1767174075.7062385,1,0,-123
1767174075.7162385,0,-2,-116
1767174075.7262385,0,-5,-121
1767174075.7362382,-10,-8,-129
1767174075.7462382,-8,-6,-127
1767174075.7562382,-6,-2,-123
1767174075.7662382,-6,-5,-124
1767174075.7762382,-6,-9,-125
1767174075.7862382,-1,-2,-124
1767174075.7962382,-1,0,-122
1767174075.8062382,0,1,-122
1767174075.817238,3,2,-123
1767174075.827238,0,5,-123
1767174075.837238,1,6,-120
1767174075.846238,0,3,-121
1767174075.857238,-5,6,-123
1767174075.867238,-3,0,-128
1767174075.877238,0,0,-128
1767174075.8872385,0,2,-129
1767174075.8972385,3,0,-122
1767174075.9072382,4,1,-120
1767174075.9172382,-4,3,-121
1767174075.9272382,-3,4,-118
1767174075.9372382,-1,4,-129
1767174075.9472382,0,3,-130
1767174075.9572382,-2,2,-125
1767174075.9672382,1,8,-119
1767174075.9772382,0,6,-120
1767174075.9872382,-2,5,-124
1767174075.9972382,-2,4,-122
1767174076.007238,-5,0,-120
1767174076.017238,-3,0,-122
1767174076.027238,-1,-1,-120
1767174076.037238,-1,-1,-122
1767174076.047238,1,-2,-129
1767174076.057238,3,-1,-126
1767174076.067238,-1,0,-125
1767174076.077238,-2,1,-130
1767174076.087238,-2,0,-129
1767174076.097238,4,-3,-127
1767174076.107238,4,-7,-124
1767174076.117238,2,-4,-124
1767174076.127238,4,-1,-122
1767174076.1372385,1,-5,-125
1767174076.1472385,-1,0,-127
1767174076.1572382,-2,2,-121
1767174076.1672382,0,4,-121
1767174076.1772382,0,4,-121
1767174076.1872382,0,1,-117
1767174076.1972382,-3,1,-119
1767174076.2072382,-2,0,-122
1767174076.2172382,2,0,-119
1767174076.2272382,1,-1,-121
1767174076.2372382,-1,-2,-121
1767174076.2472382,-1,0,-128
1767174076.257238,-1,0,-127
1767174076.267238,-1,-1,-125
1767174076.277238,2,-1,-128
1767174076.287238,0,-2,-125
1767174076.297238,-2,1,-124
1767174076.307238,-3,3,-124
1767174076.317238,-3,4,-113
1767174076.327238,0,3,-113
1767174076.337238,-4,4,-115
1767174076.347238,-1,4,-117
1767174076.357238,-1,3,-117
1767174076.367238,0,1,-117
1767174076.377238,0,3,-113
1767174076.3872385,2,2,-114
1767174076.3972385,1,4,-116
1767174076.4072382,-1,2,-120
1767174076.4172382,0,1,-119
1767174076.4272382,-3,2,-122
1767174076.4372382,-3,2,-125
1767174076.4472382,1,6,-121
1767174076.4572382,2,5,-120
1767174076.4672382,2,3,-126
1767174076.4772382,0,4,-124
1767174076.4872382,2,6,-125
1767174076.4972382,7,4,-131
1767174076.507238,7,2,-136
1767174076.517238,5,6,-135
1767174076.527238,1,5,-134
1767174076.537238,2,4,-134
1767174076.547238,1,5,-137
1767174076.557238,0,1,-135
1767174076.567238,0,3,-130
1767174076.577238,0,3,-122
1767174076.587238,3,1,-117
1767174076.597238,6,0,-120
1767174076.607238,7,1,-118
1767174076.617238,4,-1,-118
1767174076.627238,1,-6,-119
1767174076.6382382,-1,-3,-120
1767174076.6472385,2,-4,-123
1767174076.6572382,4,-1,-124
1767174076.6672382,2,2,-127
1767174076.6772382,-2,5,-132
1767174076.6872382,-4,3,-133
1767174076.6972382,-3,0,-140
1767174076.7072382,-8,0,-140
1767174076.7172382,-9,-3,-134
1767174076.7272382,-5,-3,-126
1767174076.7372382,0,-3,-126
1767174076.7472382,0,0,-128
1767174076.757238,3,0,-128
1767174076.767238,1,0,-123
1767174076.777238,-1,-1,-114
1767174076.787238,-7,1,-123
1767174076.797238,-7,-1,-121
1767174076.807238,-7,0,-121
1767174076.817238,-5,1,-115
1767174076.827238,-2,6,-112
1767174076.837238,-2,3,-118
1767174076.847238,-1,0,-112
1767174076.857238,4,0,-111
1767174076.867238,4,0,-113
1767174076.877238,0,2,-117
1767174076.8872385,0,0,-119
1767174076.8972385,5,-1,-123
1767174076.9072382,6,0,-123
1767174076.9172382,0,0,-122
1767174076.9272382,0,-3,-125
1767174076.9372382,4,-3,-126
1767174076.9472382,4,-7,-128
1767174076.9572382,3,-7,-122
1767174076.9672382,3,-7,-116
1767174076.9772382,2,-5,-115
1767174076.9872382,-1,-6,-112
1767174076.9972382,-8,-6,-117
1767174077.007238,-4,-4,-118
1767174077.017238,-2,-4,-122
1767174077.027238,-4,-2,-124
1767174077.037238,-6,-1,-126
1767174077.047238,-3,-4,-126
1767174077.057238,-7,-2,-127
1767174077.067238,-6,-3,-124
1767174077.077238,-4,-2,-121
1767174077.087238,-6,0,-120
1767174077.097238,-4,0,-123
1767174077.107238,-2,0,-122
1767174077.117238,-1,0,-124
1767174077.127238,1,-3,-132
1767174077.1372385,1,-3,-127
1767174077.1472385,1,-3,-122
1767174077.1572382,2,-1,-125
1767174077.1672382,0,-3,-119
1767174077.1772382,0,1,-117
1767174077.1872382,0,0,-124
1767174077.1972382,0,0,-111
1767174077.2072382,0,2,-109
1767174077.2172382,2,0,-107
1767174077.2272382,3,0,-114
1767174077.2372382,3,4,-104
1767174077.2472382,1,2,-103
1767174077.257238,3,0,-114
1767174077.267238,3,-2,-120
1767174077.277238,2,4,-112
1767174077.287238,-3,0,-110
1767174077.297238,-2,0,-110
1767174077.307238,0,1,-115
1767174077.3282382,1,-1,-119
1767174077.337238,6,0,-125
1767174077.347238,3,3,-121
1767174077.357238,-1,5,-119
1767174077.367238,-4,4,-121
1767174077.377238,-1,0,-118
1767174077.3872385,-6,0,-119
1767174077.3972385,-6,0,-120
1767174077.4072382,-8,-4,-119
1767174077.4172382,-5,0,-122
1767174077.4272382,2,-1,-121
1767174077.4372382,5,-8,-121
1767174077.4472382,5,-8,-126
1767174077.4572382,3,-5,-126
1767174077.4672382,2,-5,-123
1767174077.4772382,4,-2,-123
1767174077.4872382,8,-2,-127
1767174077.4972382,12,-1,-124
1767174077.507238,13,3,-120
1767174077.517238,12,0,-124
1767174077.527238,9,0,-127
1767174077.537238,0,-2,-128
1767174077.547238,0,1,-123
1767174077.557238,0,0,-127
1767174077.567238,-4,-2,-121
1767174077.577238,-1,0,-122
1767174077.587238,2,0,-117
1767174077.597238,-4,-1,-116
1767174077.607238,-2,-4,-128
1767174077.617238,0,-5,-121
1767174077.627238,-3,-5,-117
1767174077.6372385,0,-6,-123
1767174077.6472385,-1,-6,-124
1767174077.6572382,-2,-5,-121
1767174077.6672382,3,-4,-124
1767174077.6772382,4,-3,-125
1767174077.6872382,3,0,-129
1767174077.6972382,2,-2,-128
1767174077.7072382,-1,0,-122
1767174077.7172382,-6,-4,-119
1767174077.7272382,-4,-1,-117
1767174077.7372382,-2,0,-119
1767174077.7472382,0,-2,-113
1767174077.757238,1,-7,-116
1767174077.767238,-1,-2,-115
1767174077.777238,-3,-3,-115
1767174077.787238,0,-5,-114
1767174077.797238,-1,-1,-114
1767174077.807238,0,-2,-119
1767174077.817238,0,0,-118
1767174077.827238,2,-1,-123
1767174077.837238,6,-1,-128
1767174077.847238,4,-3,-130
1767174077.857238,1,-6,-128
1767174077.867238,0,-4,-127
1767174077.877238,0,-3,-130
1767174077.8872385,1,-2,-128
1767174077.8972385,0,-3,-120
1767174077.9072382,0,-1,-120
1767174077.9172382,0,0,-125
1767174077.9272382,0,0,-119
1767174077.9372382,1,-2,-120
1767174077.9472382,1,-6,-120
1767174077.9572382,2,-3,-122
1767174077.9672382,1,-3,-124
1767174077.9772382,-6,-2,-123
1767174077.9872382,-5,-3,-120
1767174077.9972382,-3,-3,-119
1767174078.007238,-5,0,-120
1767174078.017238,-9,0,-124
1767174078.027238,-6,-1,-135
1767174078.037238,-6,-1,-130
1767174078.047238,-1,-4,-128
1767174078.057238,-1,-5,-127
1767174078.067238,-2,-1,-125
1767174078.077238,-4,1,-118
1767174078.087238,-3,-1,-125
1767174078.097238,-3,-1,-124
1767174078.107238,-1,0,-115
1767174078.117238,0,-2,-124
1767174078.127238,-3,-1,-127
1767174078.1372385,-3,-3,-129
1767174078.1472385,0,-2,-125
1767174078.1572382,1,-3,-128
1767174078.1672382,-1,-1,-131
1767174078.1772382,3,0,-131
1767174078.1872382,2,2,-128
1767174078.1972382,0,2,-128
1767174078.2072382,2,3,-127
1767174078.2172382,2,1,-127
1767174078.2272382,0,-3,-130
1767174078.2372382,1,-4,-130
1767174078.2472382,-1,-3,-122
1767174078.257238,3,-1,-119
1767174078.267238,12,0,-125
1767174078.277238,11,0,-127
1767174078.287238,8,3,-123
1767174078.297238,3,4,-125
1767174078.307238,5,2,-124
1767174078.317238,1,2,-124
1767174078.327238,-2,5,-128
1767174078.337238,-8,4,-131
1767174078.347238,-8,4,-124
1767174078.357238,-10,3,-124
1767174078.367238,-5,5,-117
1767174078.377238,-6,2,-122
1767174078.3872385,-6,2,-123
1767174078.3972385,-6,2,-126
1767174078.4082382,-5,0,-123
1767174078.4172382,0,0,-123
1767174078.4272382,2,-4,-120
1767174078.438238,4,-3,-116
1767174078.448238,5,-1,-105
1767174078.458238,3,-5,-105
1767174078.468238,-1,-1,-109
1767174078.4772382,-1,1,-112
1767174078.488238,-3,2,-113
1767174078.498238,-5,3,-119
1767174078.508238,-4,5,-115
1767174078.518238,-2,3,-112
1767174078.528238,-4,1,-113
1767174078.538238,0,0,-115
1767174078.548238,2,-3,-120
1767174078.5582385,0,-5,-124
1767174078.5682385,-1,-4,-126
1767174078.5782382,-1,-2,-120
1767174078.5882382,-1,0,-124
1767174078.5982382,-6,-1,-117
1767174078.6082382,-1,-1,-116
1767174078.6182382,-1,3,-122
1767174078.6282382,-1,3,-127
1767174078.6382382,1,0,-130
1767174078.6482382,-1,0,-127
1767174078.6582382,-3,0,-123
1767174078.6682382,-3,-3,-124
1767174078.6782382,-2,-1,-123
1767174078.688238,-6,0,-126
1767174078.698238,-4,0,-125
1767174078.708238,-3,2,-125
1767174078.718238,-5,-1,-129
1767174078.728238,-4,-1,-128
1767174078.738238,0,0,-132
1767174078.748238,-1,2,-127
1767174078.758238,1,0,-124
1767174078.768238,2,1,-118
1767174078.778238,0,1,-119
1767174078.788238,-2,4,-118
1767174078.798238,-1,4,-125
1767174078.8082385,-1,5,-122
1767174078.8182385,2,5,-120
1767174078.8282382,0,1,-125
1767174078.8382382,0,-1,-124
1767174078.8482382,-1,-3,-131
1767174078.8582382,-2,-3,-134
1767174078.8682382,0,-3,-137
1767174078.8782382,2,-1,-131
1767174078.8882382,-2,0,-132
1767174078.8982382,-1,-1,-124
1767174078.9082382,3,-3,-125
1767174078.9182382,6,-1,-131
1767174078.9282382,3,-3,-130
1767174078.938238,-1,0,-123
1767174078.948238,0,0,-123
1767174078.958238,0,-3,-126
1767174078.968238,5,-3,-121
1767174078.978238,9,-3,-120
1767174078.988238,4,-5,-121
1767174078.998238,4,-11,-118
1767174079.008238,3,-11,-118
1767174079.018238,6,-8,-120
1767174079.028238,9,-5,-122
1767174079.038238,3,0,-122
1767174079.048238,0,-1,-121
1767174079.0582385,3,-3,-120
1767174079.0682385,3,-3,-121
1767174079.0782382,0,-1,-121
1767174079.0882382,-2,0,-128
1767174079.0982382,-2,-1,-125
1767174079.1082382,2,0,-126
1767174079.1182382,-1,0,-124
1767174079.1282382,2,5,-128
1767174079.1382382,4,3,-130
1767174079.1482382,1,0,-128
1767174079.1582382,-1,1,-129
1767174079.1682382,-4,1,-132
1767174079.1782382,-3,3,-132
1767174079.188238,-2,0,-125
1767174079.198238,0,-1,-123
1767174079.208238,-2,-4,-123
1767174079.218238,0,0,-126
1767174079.228238,5,-2,-131
1767174079.238238,2,-3,-133
1767174079.248238,2,0,-127
1767174079.258238,0,-5,-130
1767174079.268238,-2,-8,-130
1767174079.278238,-3,-8,-128
1767174079.288238,0,-9,-131
1767174079.298238,1,-8,-126
1767174079.3082385,-1,-6,-122
1767174079.3182385,-2,-9,-121
1767174079.3282382,0,-10,-116
1767174079.3382382,5,-14,-115
1767174079.3482382,7,-11,-114
1767174079.3582382,5,-8,-112
1767174079.3682382,4,-8,-117
1767174079.3782382,2,-7,-115
1767174079.3882382,2,-5,-113
1767174079.3982382,2,-6,-116
1767174079.4082382,1,-5,-113
1767174079.4182382,0,-4,-114
1767174079.4282382,0,-3,-112
1767174079.438238,0,-7,-118
1767174079.448238,0,-6,-118
1767174079.458238,-4,-2,-120
1767174079.468238,-6,-1,-121
1767174079.478238,-5,-2,-125
1767174079.488238,-1,-7,-125
1767174079.498238,-2,-7,-124
1767174079.508238,3,-8,-125
1767174079.518238,3,-4,-119
1767174079.528238,4,0,-117
1767174079.538238,1,-1,-118
1767174079.548238,-2,-1,-120
1767174079.5582385,-3,1,-118
1767174079.5682385,-6,0,-115
1767174079.5782382,-6,-1,-117
1767174079.5882382,-7,-2,-119
1767174079.5982382,-8,-4,-126
1767174079.6082382,-4,-6,-124
1767174079.6182382,-3,1,-124
1767174079.6282382,-4,0,-122
1767174079.6382382,-6,-3,-115
1767174079.6482382,-6,-5,-116
1767174079.6582382,-7,-6,-120
1767174079.6682382,-4,-5,-121
1767174079.6782382,-8,-2,-128
1767174079.688238,-7,0,-128
1767174079.698238,-6,3,-127
1767174079.708238,-3,2,-133
1767174079.718238,0,-1,-124
1767174079.728238,0,0,-122
1767174079.738238,0,-3,-126
1767174079.748238,-1,-1,-124
1767174079.758238,0,-1,-108
1767174079.768238,3,-4,-107
1767174079.778238,2,-1,-105
1767174079.788238,5,-1,-115
1767174079.798238,6,-2,-125
1767174079.8082385,8,-5,-121
1767174079.8182385,7,-6,-123
1767174079.8282382,3,-5,-119
1767174079.8382382,2,-8,-115
1767174079.8482382,4,-8,-120
1767174079.8582382,1,-10,-123
1767174079.8682382,1,-11,-130
1767174079.8782382,2,-8,-134
1767174079.8882382,2,-7,-132
1767174079.8982382,1,-6,-131
1767174079.9082382,0,-7,-124
1767174079.9182382,1,-2,-119
1767174079.9282382,-1,2,-117
1767174079.938238,-4,0,-123
1767174079.948238,-3,2,-123
1767174079.958238,-4,0,-122
1767174079.968238,0,-3,-121
1767174079.978238,-3,-1,-116
1767174079.988238,-5,-3,-116
1767174079.998238,2,-4,-114
1767174080.008238,0,2,-120
1767174080.018238,4,4,-127
1767174080.028238,7,1,-137
1767174080.038238,6,0,-135
1767174080.048238,4,0,-127
1767174080.0582385,6,-1,-122
1767174080.0682385,5,-1,-124
1767174080.0782382,0,-4,-127
1767174080.0882382,2,-8,-123
1767174080.0982382,4,-4,-113
1767174080.1082382,2,-6,-108
1767174080.1182382,1,-7,-108
1767174080.1282382,1,-5,-113
1767174080.1382382,-1,-3,-117
1767174080.1482382,3,-2,-117
1767174080.1582382,2,-3,-119
1767174080.1682382,2,-1,-123
1767174080.1782382,4,1,-116
1767174080.188238,4,3,-115
1767174080.198238,5,4,-124
1767174080.208238,3,0,-122
1767174080.218238,2,-1,-129
1767174080.228238,0,2,-128
1767174080.238238,0,2,-126
1767174080.248238,-4,3,-123
1767174080.258238,-4,3,-118
1767174080.268238,-6,1,-119
1767174080.278238,-1,-1,-127
1767174080.288238,-3,0,-124
1767174080.298238,-4,-2,-124
1767174080.3082385,-3,-1,-120
1767174080.3182385,0,0,-121
1767174080.3282382,1,1,-119
1767174080.3382382,0,-1,-122
1767174080.3482382,-1,0,-121
1767174080.3582382,-4,-2,-114
1767174080.3682382,-3,-3,-114
1767174080.3782382,1,-1,-115
1767174080.3882382,4,-1,-119
1767174080.3982382,1,-2,-123
1767174080.4082382,5,-1,-116
1767174080.4182382,1,0,-118
1767174080.4282382,2,1,-114
1767174080.438238,0,0,-113
1767174080.448238,3,-2,-112
1767174080.458238,3,-5,-113
1767174080.468238,1,-7,-112
1767174080.478238,3,-4,-107
1767174080.488238,1,-3,-114
1767174080.498238,3,-5,-116
1767174080.508238,0,-4,-110
1767174080.518238,2,-4,-108
1767174080.528238,2,-1,-103
1767174080.538238,8,-2,-110
1767174080.548238,5,-2,-114
1767174080.5582385,4,-4,-112
1767174080.5682385,5,-6,-116
1767174080.5782382,1,-3,-119
1767174080.5882382,0,0,-121
1767174080.5982382,-1,0,-126
1767174080.6082382,-6,1,-127
1767174080.6182382,-3,-4,-128
1767174080.6282382,-2,-5,-125
1767174080.6382382,0,-3,-120
1767174080.6482382,1,-1,-122
1767174080.6582382,5,0,-125
1767174080.6682382,5,6,-125
1767174080.6782382,6,11,-125
1767174080.688238,4,11,-126
1767174080.698238,3,7,-126
1767174080.708238,7,8,-119
1767174080.718238,1,6,-122
1767174080.728238,1,7,-119
1767174080.738238,2,4,-119
1767174080.748238,2,3,-117
1767174080.758238,2,3,-123
1767174080.768238,6,5,-127
1767174080.778238,6,6,-123
1767174080.788238,2,7,-127
1767174080.798238,0,3,-128
1767174080.8082385,0,4,-123
1767174080.8182385,-1,3,-126
1767174080.8282382,-1,-1,-126
1767174080.8382382,2,1,-129
1767174080.8482382,7,0,-128
1767174080.8582382,4,0,-134
1767174080.8682382,3,-2,-134
1767174080.8782382,-1,1,-134
1767174080.8882382,0,2,-132
1767174080.8982382,2,-2,-131
1767174080.9082382,0,-3,-129
1767174080.9182382,-6,0,-124
1767174080.9282382,-10,-1,-123
1767174080.939238,-5,0,-122
1767174080.948238,-2,0,-116
1767174080.958238,-2,3,-120
1767174080.968238,-5,0,-119
1767174080.978238,-3,-1,-113
1767174080.988238,2,0,-113
1767174080.998238,3,-3,-115
1767174081.008238,1,-5,-116
1767174081.018238,3,-7,-124
1767174081.028238,0,-8,-128
1767174081.038238,0,-6,-134
1767174081.048238,1,-5,-135
1767174081.0582385,6,-6,-131
1767174081.0682385,4,-3,-132
1767174081.0782382,4,0,-129
1767174081.0882382,2,0,-128
1767174081.0992382,0,-3,-127
1767174081.109238,-3,-3,-124
1767174081.119238,-3,-7,-122
1767174081.129238,-3,-4,-121
1767174081.139238,-6,-6,-124
1767174081.149238,-9,-4,-121
1767174081.159238,-2,-2,-122
1767174081.169238,3,-1,-116
1767174081.179238,0,2,-112
1767174081.189238,-4,3,-115
1767174081.199238,-3,0,-116
1767174081.209238,0,-3,-114
1767174081.219238,0,-5,-123
1767174081.2292385,-1,-2,-125
1767174081.2392385,1,-6,-120
1767174081.2492385,5,-7,-117
1767174081.2592382,2,-8,-114
1767174081.2692382,4,-5,-110
1767174081.2792382,-2,-3,-112
1767174081.2892382,-6,-1,-115
1767174081.2992382,-3,2,-117
1767174081.3092382,-2,4,-116
1767174081.3192382,0,1,-115
1767174081.3292382,3,-2,-119
1767174081.3392382,6,1,-122
1767174081.3492382,1,-1,-121
1767174081.359238,0,-3,-123
1767174081.369238,-2,0,-123
1767174081.379238,2,0,-121
1767174081.389238,3,1,-122
1767174081.399238,3,4,-117
1767174081.409238,5,6,-120
1767174081.419238,7,4,-118
1767174081.429238,8,4,-121
1767174081.439238,3,2,-125
1767174081.449238,4,0,-121
1767174081.459238,6,1,-118
1767174081.469238,3,3,-112
1767174081.4792385,1,2,-108
1767174081.4892385,-1,1,-112
1767174081.4992385,0,0,-106
1767174081.5092382,-4,0,-110
1767174081.5192382,-3,0,-110
1767174081.5292382,-5,3,-107
1767174081.5392382,-6,3,-110
1767174081.5492382,-2,1,-108
1767174081.5592382,3,0,-104
1767174081.5692382,2,0,-112
1767174081.5792382,6,1,-118
1767174081.5892382,5,1,-123
1767174081.5992382,3,2,-126
1767174081.609238,2,3,-119
1767174081.619238,1,1,-119
1767174081.629238,3,-3,-123
1767174081.639238,5,-2,-128
1767174081.649238,4,1,-133
1767174081.659238,0,5,-138
1767174081.669238,4,3,-144
1767174081.679238,4,3,-146
1767174081.689238,2,4,-143
1767174081.699238,0,1,-139
1767174081.709238,4,-1,-138
1767174081.719238,0,-4,-140
1767174081.7292385,0,-5,-136
1767174081.7392385,0,-6,-134
1767174081.7492385,-4,-10,-122
1767174081.7592382,-3,-5,-119
1767174081.7692382,0,-4,-117
1767174081.7792382,-1,-1,-117
1767174081.7892382,1,0,-122
1767174081.7992382,-1,-4,-121
1767174081.8092382,-1,-6,-118
1767174081.8192382,-2,-10,-121
1767174081.8292382,-6,-7,-123
1767174081.8392382,-1,-6,-112
1767174081.8492382,-2,-5,-118
1767174081.859238,0,-7,-116
1767174081.869238,-2,-8,-113
1767174081.879238,2,-3,-121
1767174081.889238,0,-2,-124
1767174081.899238,4,0,-124
1767174081.909238,0,1,-123
1767174081.919238,2,0,-121
1767174081.929238,0,-4,-128
1767174081.939238,2,-5,-128
1767174081.949238,3,-3,-121
1767174081.959238,4,-4,-120
1767174081.969238,0,-6,-125
1767174081.9792385,-2,-4,-125
1767174081.9892385,2,-3,-129
1767174081.9992385,3,-1,-128
1767174082.0092382,0,-2,-135
1767174082.0192382,0,-5,-135
1767174082.0292382,0,-4,-134
1767174082.0392382,0,-4,-136
1767174082.0492382,3,0,-126
1767174082.0592382,2,-1,-129
1767174082.0692382,-3,-6,-131
1767174082.0792382,1,-6,-127
1767174082.0892382,7,-2,-132
1767174082.0992382,9,-1,-126
1767174082.109238,5,-2,-123
1767174082.119238,4,-3,-126
1767174082.129238,0,0,-126
1767174082.139238,-3,0,-125
1767174082.149238,0,-1,-120
1767174082.159238,1,-3,-121
1767174082.169238,1,-4,-126
1767174082.179238,0,-3,-128
1767174082.189238,-5,-1,-122
1767174082.199238,-3,2,-125
1767174082.209238,0,0,-125
1767174082.219238,0,-4,-125
1767174082.2292385,0,-6,-128
1767174082.2392385,0,-7,-129
1767174082.2492385,3,-8,-123
1767174082.2592382,5,-8,-122
1767174082.2692382,6,-4,-122
1767174082.2792382,8,-2,-119
1767174082.2892382,7,-3,-121
1767174082.2992382,3,-3,-125
1767174082.3092382,-2,-3,-118
1767174082.3192382,-3,-1,-120
1767174082.3412385,-6,-1,-114
1767174082.3492382,-3,-4,-117
1767174082.359238,-1,-6,-117
1767174082.369238,-3,-6,-118
1767174082.379238,-3,-4,-116
1767174082.389238,-1,-2,-120
1767174082.399238,0,-1,-124
1767174082.409238,3,-2,-120
1767174082.419238,4,-1,-117
1767174082.429238,4,0,-120
1767174082.439238,0,0,-120
1767174082.449238,-2,0,-118
1767174082.459238,-3,-4,-123
1767174082.469238,-2,-3,-124
1767174082.4792385,-3,-1,-120
1767174082.4892385,-2,-1,-120
1767174082.4992385,0,-1,-120
1767174082.5092382,0,0,-113
1767174082.5192382,0,1,-120
1767174082.5292382,0,7,-120
1767174082.5392382,1,5,-128
1767174082.5492382,4,4,-128
1767174082.5592382,1,1,-124
1767174082.5692382,0,4,-123
1767174082.5792382,4,3,-116
1767174082.5892382,6,2,-118
1767174082.5992382,5,3,-115
1767174082.609238,2,4,-118
1767174082.619238,0,5,-122
1767174082.629238,4,2,-118
1767174082.639238,3,-4,-115
1767174082.649238,2,-4,-116
1767174082.659238,2,-5,-120
1767174082.669238,1,-3,-120
1767174082.679238,1,-7,-119
1767174082.689238,3,-7,-115
1767174082.699238,2,-2,-122
1767174082.709238,2,-2,-118
1767174082.719238,6,-3,-117
1767174082.7292385,5,-1,-118
1767174082.7392385,3,2,-112
1767174082.7492385,-2,0,-113
1767174082.7592382,0,3,-117
1767174082.7692382,3,7,-117
1767174082.7792382,0,4,-115
1767174082.7892382,0,0,-117
1767174082.7992382,0,0,-122
1767174082.8092382,2,0,-123
1767174082.8192382,3,-2,-123
1767174082.8292382,2,-2,-122
1767174082.8392382,3,-4,-123
1767174082.8492382,6,-2,-123
1767174082.859238,1,-1,-122
1767174082.869238,-2,-4,-124
1767174082.879238,-4,0,-123
1767174082.889238,-3,1,-122
1767174082.899238,-5,-1,-118
1767174082.909238,-5,2,-115
1767174082.919238,-6,0,-119
1767174082.929238,-4,-2,-116
1767174082.939238,-2,0,-116
1767174082.949238,-1,1,-109
1767174082.959238,2,1,-110
1767174082.969238,-3,0,-109
1767174082.9792385,-4,-1,-105
1767174082.9892385,-4,0,-108
1767174082.9992385,-3,1,-114
1767174083.0092382,-1,0,-118
1767174083.0192382,0,-7,-125
1767174083.0292382,0,-9,-123
1767174083.0392382,0,-8,-125
1767174083.0492382,4,0,-125
1767174083.0592382,3,0,-123
1767174083.0692382,0,6,-128
1767174083.0792382,-1,4,-126
1767174083.0892382,-5,2,-129
1767174083.0992382,-4,3,-130
1767174083.109238,-4,1,-130
1767174083.119238,0,0,-126
1767174083.129238,0,-3,-123
1767174083.139238,2,-2,-124
1767174083.149238,3,0,-126
1767174083.159238,0,0,-117
1767174083.169238,-2,0,-117
1767174083.179238,-3,-1,-114
1767174083.189238,-6,-2,-119
1767174083.199238,-1,-2,-127
1767174083.209238,0,-6,-125
1767174083.219238,-4,-4,-125
1767174083.2292385,-7,-1,-125
1767174083.2392385,-6,-4,-128
1767174083.2492385,-8,-4,-136
1767174083.2592382,-2,-2,-132
1767174083.2692382,1,-2,-130
1767174083.2792382,0,0,-123
1767174083.2892382,0,-3,-123
1767174083.2992382,0,-5,-126
1767174083.3092382,-2,-2,-123
1767174083.3192382,-2,-1,-118
1767174083.3292382,-3,-1,-117
1767174083.3392382,0,-2,-120
1767174083.3492382,2,-3,-114
1767174083.359238,5,0,-117
1767174083.369238,7,1,-122
1767174083.379238,1,2,-124
1767174083.389238,-1,-2,-123
1767174083.399238,-2,-2,-120
1767174083.409238,0,0,-119
1767174083.419238,7,0,-117
1767174083.429238,8,1,-114
1767174083.439238,5,0,-119
1767174083.449238,6,3,-113
1767174083.459238,4,2,-115
1767174083.469238,4,2,-117
1767174083.4792385,4,0,-117
1767174083.4892385,0,1,-114
1767174083.4992385,0,4,-116
1767174083.5092382,1,4,-119
1767174083.5192382,3,2,-125
1767174083.5292382,0,2,-125
1767174083.5392382,2,2,-122
1767174083.5492382,-3,0,-124
1767174083.5592382,-4,1,-131
1767174083.5692382,-3,0,-130
1767174083.5792382,-3,-3,-125
1767174083.5892382,-1,-5,-123
1767174083.5992382,0,-3,-119
1767174083.609238,2,-2,-121
1767174083.619238,1,-1,-120
1767174083.629238,0,-2,-122
1767174083.639238,-3,-4,-124
1767174083.649238,0,-3,-123
1767174083.659238,2,-4,-127
1767174083.669238,3,-3,-127
1767174083.679238,1,-2,-125
1767174083.689238,0,-3,-120
1767174083.699238,0,-3,-125
1767174083.709238,2,-6,-124
1767174083.719238,8,-3,-126
1767174083.7302382,5,-4,-125
1767174083.7402382,5,0,-125
1767174083.7502382,2,-1,-131
1767174083.7592382,0,0,-125
1767174083.7702382,3,0,-115
1767174083.7792382,0,-1,-112
1767174083.790238,-2,-2,-118
1767174083.800238,-2,-1,-120
1767174083.810238,0,-5,-116
1767174083.820238,1,-7,-114
1767174083.830238,2,-4,-116
1767174083.840238,1,0,-124
1767174083.850238,0,-3,-128
1767174083.860238,-2,-3,-125
1767174083.870238,0,-3,-118
1767174083.880238,4,0,-116
1767174083.890238,5,1,-117
1767174083.900238,5,-1,-119
1767174083.9102385,0,0,-117
1767174083.9202385,1,0,-116
1767174083.9302382,0,0,-117
1767174083.9402382,0,0,-118
1767174083.9502382,0,-1,-119
1767174083.9602382,2,0,-120
1767174083.9702382,4,1,-123
1767174083.9802382,4,2,-119
1767174083.9902382,4,5,-116
1767174084.0002382,3,6,-117
1767174084.0102382,0,4,-119
1767174084.0202382,-1,4,-126
1767174084.0302382,-3,1,-118
1767174084.040238,-3,0,-121
1767174084.050238,-6,0,-119
1767174084.060238,-6,0,-117
1767174084.070238,-9,-2,-115
1767174084.080238,-7,-3,-117
1767174084.090238,-5,-3,-118
1767174084.100238,-5,0,-114
1767174084.110238,-3,0,-117
1767174084.120238,-4,0,-120
1767174084.130238,-5,0,-113
1767174084.140238,-5,0,-115
1767174084.150238,-1,0,-112
1767174084.1602385,0,-1,-113
1767174084.1702385,0,0,-120
1767174084.1802382,5,1,-117
1767174084.1902382,1,2,-117
1767174084.2002382,1,5,-120
1767174084.2102382,1,8,-118
1767174084.2202382,2,10,-114
1767174084.2302382,5,6,-120
1767174084.2402382,4,9,-124
1767174084.2502382,0,11,-128
1767174084.2602382,-1,2,-133
1767174084.2702382,1,0,-126
1767174084.2802382,5,0,-124
1767174084.290238,4,0,-121
1767174084.300238,-3,0,-114
1767174084.310238,-2,1,-117
1767174084.320238,0,1,-121
1767174084.330238,2,3,-123
1767174084.340238,2,0,-119
1767174084.350238,5,0,-117
1767174084.360238,5,0,-120
1767174084.370238,3,1,-124
1767174084.380238,3,1,-127
1767174084.390238,4,5,-124
1767174084.400238,4,6,-120
1767174084.4102385,2,4,-125
1767174084.4202385,0,6,-127
1767174084.4302382,-4,4,-131
1767174084.4402382,-2,4,-129
1767174084.4502382,-3,0,-120
1767174084.4602382,0,-1,-123
1767174084.4702382,-1,-2,-123
1767174084.4802382,0,-2,-124
1767174084.4902382,0,4,-124
1767174084.5002382,-1,2,-128
1767174084.5102382,1,0,-130
1767174084.5202382,1,0,-124
1767174084.5302382,-2,2,-121
1767174084.540238,-5,1,-117
1767174084.550238,-6,0,-117
1767174084.560238,0,-3,-125
1767174084.570238,4,-4,-124
1767174084.580238,6,-3,-121
1767174084.590238,9,-4,-127
1767174084.600238,8,-4,-131
1767174084.610238,5,-4,-133
1767174084.620238,5,-4,-128
1767174084.630238,7,0,-132
1767174084.640238,4,3,-131
1767174084.650238,10,1,-131
1767174084.6602385,9,0,-129
1767174084.6702385,6,-2,-131
1767174084.6802382,8,-8,-131
1767174084.6902382,3,-13,-129
1767174084.7002382,4,-12,-125
1767174084.7102382,3,-8,-123
1767174084.7202382,0,-4,-120
1767174084.7302382,5,-3,-118
1767174084.7402382,4,-2,-118
1767174084.7502382,3,-5,-121
1767174084.7602382,4,-3,-122
1767174084.7702382,3,-3,-121
1767174084.7802382,4,0,-115
1767174084.790238,-1,0,-112
1767174084.800238,-1,-2,-115
1767174084.810238,-3,0,-116
1767174084.820238,1,3,-125
1767174084.830238,-2,9,-127
1767174084.840238,-1,3,-134
1767174084.850238,0,0,-136
1767174084.860238,-4,-1,-133
1767174084.870238,-6,1,-136
1767174084.880238,-7,2,-131
1767174084.890238,-3,0,-131
1767174084.900238,1,-1,-133
1767174084.9102385,-1,0,-128
1767174084.9202385,0,-1,-128
1767174084.9302382,0,-1,-128
1767174084.9402382,2,-2,-127
1767174084.9502382,2,-2,-128
1767174084.9602382,5,-4,-129
1767174084.9702382,4,-2,-128
1767174084.9802382,5,-4,-125
1767174084.9902382,8,-4,-121
1767174085.0002382,1,-7,-119
1767174085.0102382,-3,-3,-122
1767174085.0202382,-1,-3,-124
1767174085.0302382,-1,-2,-123
1767174085.040238,0,-2,-121
1767174085.050238,1,-5,-121
1767174085.060238,3,-3,-124
1767174085.070238,1,0,-129
1767174085.080238,0,-1,-133
1767174085.090238,-1,-1,-131
1767174085.100238,-5,-1,-127
1767174085.110238,-4,-6,-125
1767174085.120238,-3,0,-122
1767174085.130238,-1,0,-119
1767174085.140238,4,0,-120
1767174085.150238,5,-2,-125
1767174085.1602385,2,-4,-127
1767174085.1702385,5,-7,-130
1767174085.1802382,8,-4,-131
1767174085.1902382,5,-6,-127
1767174085.2002382,4,-6,-128
1767174085.2102382,4,-8,-120
1767174085.2202382,4,-7,-119
1767174085.2302382,3,-5,-123
1767174085.2402382,2,-5,-126
1767174085.2502382,-1,-4,-126
1767174085.2602382,2,-5,-132
1767174085.2702382,-2,-6,-135
1767174085.2802382,0,-7,-129
1767174085.290238,-3,-1,-120
1767174085.300238,-5,-1,-120
1767174085.310238,-6,2,-118
1767174085.320238,-2,1,-112
1767174085.330238,-2,-3,-105
1767174085.340238,0,-1,-112
1767174085.350238,-2,0,-117
1767174085.360238,2,-1,-118
1767174085.370238,5,-3,-121
1767174085.380238,3,-2,-124
1767174085.390238,4,-2,-119
1767174085.400238,3,0,-117
1767174085.4102385,2,-2,-119
1767174085.4202385,-1,-3,-120
1767174085.4302382,-2,-3,-124
1767174085.4402382,-2,-2,-122
1767174085.4502382,-2,-5,-115
1767174085.4602382,-6,-6,-115
1767174085.4702382,-6,-4,-114
1767174085.4802382,-2,1,-117
1767174085.4902382,-4,0,-123
1767174085.5002382,-3,0,-124
1767174085.5102382,-3,2,-117
1767174085.5202382,0,0,-117
1767174085.5302382,3,3,-119
1767174085.540238,2,6,-122
1767174085.550238,2,3,-126
1767174085.560238,4,-1,-120
1767174085.570238,5,0,-116
1767174085.580238,8,0,-121
1767174085.590238,3,-2,-126
1767174085.600238,-4,-6,-128
1767174085.610238,-7,-2,-132
1767174085.620238,-5,-1,-128
1767174085.630238,-2,0,-126
1767174085.640238,-3,0,-125
1767174085.650238,-2,-1,-116
1767174085.6602385,-5,-2,-121
1767174085.6702385,-1,0,-118
1767174085.6802382,-1,0,-117
1767174085.6902382,3,-3,-121
1767174085.7002382,5,-4,-121
1767174085.7102382,4,-6,-123
1767174085.7202382,0,-4,-120
1767174085.7302382,2,-1,-122
1767174085.7402382,2,0,-127
1767174085.7502382,-1,2,-128
1767174085.7602382,-3,3,-133
1767174085.7702382,2,2,-133
1767174085.7802382,5,1,-128
1767174085.790238,6,1,-129
1767174085.800238,8,2,-121
1767174085.810238,7,-1,-123
1767174085.820238,8,-3,-127
1767174085.830238,2,-3,-128
1767174085.840238,4,-2,-124
1767174085.850238,4,0,-123
1767174085.860238,0,0,-120
1767174085.870238,-4,-1,-117
1767174085.880238,-3,1,-114
1767174085.890238,-2,0,-119
1767174085.900238,2,1,-126
1767174085.9102385,2,1,-132
1767174085.9202385,4,5,-131
1767174085.9302382,2,4,-125
1767174085.9402382,5,4,-121
1767174085.9502382,5,10,-120
1767174085.9602382,5,8,-121
1767174085.9702382,0,4,-125
1767174085.9802382,1,4,-122
1767174085.9902382,-1,-1,-117
1767174086.0002382,-3,-4,-115
1767174086.0102382,-2,-4,-116
1767174086.0202382,-1,-4,-118
1767174086.0302382,3,-1,-123
1767174086.040238,0,0,-120
1767174086.050238,-4,-1,-115
1767174086.060238,-4,0,-112
1767174086.070238,3,3,-112
1767174086.080238,0,2,-116
1767174086.090238,-2,2,-121
1767174086.100238,-4,3,-117
1767174086.110238,-1,1,-117
1767174086.120238,-2,7,-120
1767174086.130238,-10,0,-120
1767174086.140238,-9,-2,-127
1767174086.150238,-9,0,-123
1767174086.1602385,-4,0,-122
1767174086.1702385,0,1,-125
1767174086.1802382,0,1,-124
1767174086.1902382,0,0,-126
1767174086.2002382,1,-2,-123
1767174086.2102382,1,-3,-125
1767174086.2202382,0,-3,-126
1767174086.2302382,-4,-5,-131
1767174086.2402382,0,-1,-128
1767174086.2502382,0,-1,-128
1767174086.2602382,-4,0,-135
1767174086.2702382,-7,0,-126
1767174086.2802382,-7,0,-119
1767174086.290238,-3,0,-119
1767174086.300238,-4,-2,-120
1767174086.310238,-5,0,-118
1767174086.320238,-3,-1,-121
1767174086.330238,-2,-3,-129
1767174086.340238,0,-1,-121
1767174086.350238,-2,-4,-120
1767174086.360238,-1,-3,-119
1767174086.3712382,-1,-5,-115
1767174086.3812382,-2,-5,-111
1767174086.390238,-4,-4,-113
1767174086.4012382,-7,-2,-115
1767174086.4112382,-8,-4,-117
1767174086.4212382,-8,-3,-114
1767174086.4312382,-4,-1,-116
1767174086.4412382,-2,0,-112
1767174086.4512382,-2,1,-110
1767174086.461238,1,3,-107
1767174086.471238,6,3,-113
1767174086.481238,5,4,-120
1767174086.491238,5,7,-119
1767174086.501238,1,5,-115
1767174086.511238,5,3,-115
1767174086.521238,5,2,-120
1767174086.531238,7,0,-121
1767174086.541238,2,-1,-119
1767174086.551238,3,-1,-117
1767174086.561238,0,-4,-118
1767174086.571238,-2,-3,-114
1767174086.5812385,-3,-2,-114
1767174086.5912385,0,-5,-121
1767174086.6012385,0,-6,-119
1767174086.6112382,1,-3,-121
1767174086.6212382,2,-3,-125
1767174086.6312382,0,-7,-118
1767174086.6412382,-2,-9,-114
1767174086.6512382,-4,-12,-112
1767174086.6612382,-5,-10,-113
1767174086.6712382,-7,-10,-113
1767174086.6812382,-5,-6,-120
1767174086.6912382,-5,-4,-119
1767174086.7012382,-7,-4,-118
1767174086.711238,-7,-2,-119
1767174086.721238,-2,-1,-123
1767174086.731238,0,-5,-129
1767174086.741238,-1,-9,-130
1767174086.751238,0,-8,-122
1767174086.761238,-1,-5,-118
1767174086.771238,-1,-3,-114
1767174086.781238,-2,-4,-110
1767174086.791238,-1,-4,-107
1767174086.801238,0,-1,-106
1767174086.811238,3,0,-108
1767174086.821238,7,-2,-116
1767174086.8312385,7,0,-122
1767174086.8412385,6,-1,-118
1767174086.8512385,10,0,-123
1767174086.8612382,10,0,-126
1767174086.8712382,9,-1,-130
1767174086.8812382,4,-3,-133
1767174086.8912382,3,-3,-132
1767174086.9012382,4,-1,-128
1767174086.9112382,4,1,-126
1767174086.9212382,3,1,-123
1767174086.9312382,1,4,-122
1767174086.9412382,4,0,-121
1767174086.9512382,4,2,-129
1767174086.961238,7,2,-132
1767174086.971238,3,1,-131
1767174086.981238,2,-2,-138
1767174086.991238,1,-5,-136
1767174087.001238,2,-5,-133
1767174087.011238,0,-4,-128
1767174087.021238,0,-3,-131
1767174087.031238,1,-4,-136
1767174087.041238,0,-6,-133
1767174087.051238,-1,-5,-127
1767174087.061238,0,-4,-126
1767174087.071238,-4,-4,-130
1767174087.0812385,-7,-6,-138
1767174087.0912385,-5,-4,-130
1767174087.1012385,-4,-5,-141
1767174087.1112382,0,-8,-134
1767174087.1212382,0,-7,-129
1767174087.1312382,0,-8,-125
1767174087.1412382,0,-9,-120
1767174087.1512382,0,-6,-119
1767174087.1612382,1,-3,-125
1767174087.1712382,1,1,-112
1767174087.1812382,-2,2,-113
1767174087.1912382,-7,2,-124
1767174087.2012382,-5,4,-124
1767174087.211238,-5,1,-125
1767174087.221238,-4,2,-121
1767174087.231238,0,1,-119
1767174087.241238,1,2,-115
1767174087.251238,4,1,-119
1767174087.261238,4,-2,-112
1767174087.271238,6,-2,-110
1767174087.281238,7,-3,-115
1767174087.291238,8,-3,-112
1767174087.301238,4,-4,-120
1767174087.311238,4,-4,-129
1767174087.321238,5,-4,-128
1767174087.3312385,6,-5,-122
1767174087.3522382,7,-1,-122
1767174087.3612382,6,-5,-126
1767174087.3712382,2,-8,-123
1767174087.3812382,5,-2,-122
1767174087.3912382,5,0,-115
1767174087.4012382,2,4,-109
1767174087.4112382,-3,3,-106
1767174087.4212382,-5,0,-106
1767174087.4312382,-7,1,-110
1767174087.4412382,-4,-1,-112
1767174087.4512382,-6,-4,-111
1767174087.461238,-3,-3,-121
1767174087.471238,0,-5,-118
1767174087.481238,0,-5,-118
1767174087.491238,2,-3,-116
1767174087.501238,3,-6,-112
1767174087.511238,6,-7,-117
1767174087.521238,8,0,-117
1767174087.531238,3,-1,-116
1767174087.541238,1,0,-116
1767174087.551238,2,1,-114
1767174087.561238,-1,0,-112
1767174087.571238,0,-1,-106
1767174087.5812385,-4,-1,-104
1767174087.5912385,-3,-2,-103
1767174087.6012385,-5,-2,-110
1767174087.6112382,-3,0,-118
1767174087.6212382,0,2,-118
1767174087.6312382,-2,3,-120
1767174087.6412382,3,4,-113
1767174087.6512382,4,3,-112
1767174087.6612382,3,7,-115
1767174087.6712382,2,3,-121
1767174087.6812382,0,0,-120
1767174087.6912382,0,2,-121
1767174087.7012382,0,3,-124
1767174087.711238,-3,3,-122
1767174087.721238,-2,2,-122
1767174087.731238,-4,2,-116
1767174087.741238,-4,0,-115
1767174087.751238,-4,0,-117
1767174087.761238,0,-5,-116
1767174087.771238,0,-3,-116
1767174087.781238,2,-1,-119
1767174087.791238,0,-4,-119
1767174087.801238,-1,-3,-129
1767174087.811238,0,-4,-132
1767174087.821238,-1,-3,-130
1767174087.8312385,-2,-2,-128
1767174087.8412385,-2,2,-126
1767174087.8512385,0,2,-128
1767174087.8612382,-2,6,-128
1767174087.8712382,-5,4,-130
1767174087.8812382,-5,2,-129
1767174087.8912382,-2,-1,-132
1767174087.9012382,-5,-3,-130
1767174087.9112382,-5,-2,-123
1767174087.9212382,-6,-5,-133
1767174087.9312382,-9,-7,-139
1767174087.9412382,-10,-12,-134
1767174087.9512382,-6,-6,-127
1767174087.961238,-4,-3,-128
1767174087.971238,-3,-2,-129
1767174087.981238,-6,-1,-124
1767174087.991238,-3,-4,-126
1767174088.001238,-1,-6,-132
1767174088.011238,-1,-6,-133
1767174088.021238,-3,-8,-131
1767174088.031238,0,-4,-131
1767174088.041238,0,-4,-130
1767174088.051238,2,-3,-126
1767174088.061238,5,2,-125
1767174088.071238,0,4,-130
1767174088.0812385,-4,3,-133
1767174088.0912385,-6,0,-133
1767174088.1012385,-4,3,-136
1767174088.1112382,-5,9,-129
1767174088.1212382,-2,3,-127
1767174088.1312382,-2,2,-128
1767174088.1412382,-5,0,-124
1767174088.1512382,-3,1,-124
1767174088.1612382,-4,1,-122
1767174088.1712382,-1,-4,-119
1767174088.1812382,0,-1,-117
1767174088.1912382,4,0,-108
1767174088.2012382,3,-4,-115
1767174088.211238,3,-3,-115
1767174088.221238,3,-4,-114
1767174088.231238,2,-6,-116
1767174088.241238,1,-7,-116
1767174088.251238,2,-9,-123
1767174088.261238,5,-10,-121
1767174088.271238,3,-7,-120
1767174088.281238,-2,-4,-116
1767174088.291238,-3,-4,-111
1767174088.301238,-3,-5,-113
1767174088.311238,-6,-1,-114
1767174088.321238,-4,0,-120
1767174088.3312385,-1,0,-130
1767174088.3412385,-2,2,-127
1767174088.3512385,-6,0,-123
1767174088.3612382,-2,0,-118
1767174088.3712382,0,0,-116
1767174088.3812382,-3,-6,-110
1767174088.3912382,-2,-7,-107
1767174088.4012382,-5,-5,-106
1767174088.4112382,-5,-4,-112
1767174088.4212382,-1,-1,-120
1767174088.4312382,-1,1,-124
1767174088.4412382,-8,2,-121
1767174088.4512382,-6,1,-123
1767174088.461238,-3,4,-119
1767174088.471238,-1,3,-121
1767174088.481238,4,2,-126
1767174088.491238,1,-4,-129
1767174088.501238,0,-2,-124
1767174088.511238,0,-5,-124
1767174088.521238,-1,-5,-122
1767174088.531238,0,-1,-126
1767174088.541238,-2,-1,-122
1767174088.551238,-4,0,-124
1767174088.561238,0,1,-123
1767174088.571238,0,1,-118
1767174088.5812385,-1,4,-122
1767174088.5912385,-1,2,-122
1767174088.6012385,3,1,-125
1767174088.6112382,4,0,-129
1767174088.6212382,1,3,-132
1767174088.6312382,5,2,-132
1767174088.6412382,7,2,-132
1767174088.6512382,8,0,-127
1767174088.6612382,9,-5,-121
1767174088.6712382,6,0,-117
1767174088.6812382,8,1,-117
1767174088.6912382,0,0,-114
1767174088.7012382,0,4,-111
1767174088.711238,3,4,-115
1767174088.721238,0,4,-119
1767174088.731238,0,5,-120
1767174088.741238,0,1,-124
1767174088.751238,3,3,-131
1767174088.761238,2,2,-120
1767174088.771238,0,2,-119
1767174088.781238,3,1,-120
1767174088.791238,0,-2,-122
1767174088.801238,1,-5,-117
1767174088.811238,0,-5,-112
1767174088.821238,7,-5,-125
1767174088.8312385,7,-8,-130
1767174088.8412385,-1,-8,-132
1767174088.8512385,-1,-9,-136
1767174088.8612382,-2,-10,-138
1767174088.8712382,-1,-6,-137
1767174088.8812382,-3,-1,-131
1767174088.8912382,-1,-1,-122
1767174088.9012382,-5,-6,-122
1767174088.9112382,-6,-2,-121
1767174088.9212382,-7,-1,-121
1767174088.9312382,-9,-2,-124
1767174088.9412382,-7,1,-122
1767174088.9512382,-5,3,-118
1767174088.962238,-2,4,-112
1767174088.971238,-2,6,-117
1767174088.981238,0,4,-119
1767174088.991238,0,6,-119
1767174089.001238,-1,5,-119
1767174089.0122385,-2,3,-120
1767174089.0222385,-1,1,-120
1767174089.031238,2,0,-123
1767174089.041238,0,3,-123
1767174089.0522382,-1,2,-112
1767174089.0622382,0,6,-120
1767174089.0722382,2,7,-122
1767174089.0822382,0,4,-130
1767174089.0922382,1,-6,-130
1767174089.1022382,-5,-8,-133
1767174089.1122382,-4,-6,-136
1767174089.1222382,0,-4,-138
1767174089.132238,2,0,-134
1767174089.142238,2,1,-131
1767174089.152238,3,0,-120
1767174089.162238,1,-4,-117
1767174089.172238,-2,-4,-114
1767174089.182238,-3,0,-125
1767174089.192238,-4,-1,-126
1767174089.202238,-4,0,-123
1767174089.212238,1,0,-114
1767174089.222238,5,3,-116
1767174089.232238,6,3,-121
1767174089.242238,8,3,-120
1767174089.252238,3,4,-119
1767174089.2622385,4,3,-113
1767174089.2722385,4,1,-107
1767174089.2822382,0,1,-116
1767174089.2922382,1,0,-126
1767174089.3022382,0,3,-127
1767174089.3122382,1,5,-126
1767174089.3222382,3,7,-120
1767174089.3322382,1,7,-124
1767174089.3422382,1,2,-124
1767174089.3522382,0,-2,-118
1767174089.3622382,1,-4,-120
1767174089.3722382,0,-4,-122
1767174089.382238,-2,-3,-120
1767174089.392238,-2,-2,-126
1767174089.402238,2,-3,-125
1767174089.412238,2,0,-123
1767174089.422238,4,-1,-116
1767174089.432238,5,0,-120
1767174089.442238,7,2,-116
1767174089.452238,9,4,-119
1767174089.462238,5,0,-118
1767174089.472238,6,1,-114
1767174089.482238,7,3,-114
1767174089.492238,5,2,-116
1767174089.502238,0,0,-126
1767174089.5122385,0,-1,-126
1767174089.5222385,-2,-3,-124
1767174089.5322382,-4,-8,-125
1767174089.5422382,-1,-8,-126
1767174089.5522382,1,-6,-127
1767174089.5622382,0,-5,-130
1767174089.5722382,2,-6,-135
1767174089.5822382,0,-8,-137
1767174089.5922382,-3,-3,-133
1767174089.6022382,-3,0,-134
1767174089.6122382,-2,-1,-128
1767174089.6222382,1,-1,-126
1767174089.632238,1,-1,-126
1767174089.642238,3,-1,-127
1767174089.652238,1,-2,-130
1767174089.662238,1,-6,-131
1767174089.672238,-1,-1,-122
1767174089.682238,-2,1,-126
1767174089.692238,-3,4,-125
1767174089.702238,-3,-2,-124
1767174089.712238,-6,-1,-125
1767174089.722238,0,-3,-122
1767174089.732238,-1,-4,-125
1767174089.742238,2,-3,-116
1767174089.752238,4,-5,-114
1767174089.7622385,8,-8,-117
1767174089.7722385,2,-8,-122
1767174089.7822382,0,-9,-125
1767174089.7922382,-3,-10,-129
1767174089.8022382,0,-7,-132
1767174089.8122382,2,-6,-133
1767174089.8222382,2,-2,-134
1767174089.8322382,2,-3,-124
1767174089.8422382,4,-4,-126
1767174089.8522382,6,-4,-129
1767174089.8622382,4,-1,-132
1767174089.8722382,3,-2,-132
1767174089.882238,1,-3,-121
1767174089.892238,3,0,-121
1767174089.902238,0,-1,-118
1767174089.912238,0,0,-119
1767174089.922238,-1,0,-124
1767174089.932238,0,2,-119
1767174089.942238,6,2,-130
1767174089.952238,9,0,-121
1767174089.962238,8,0,-116
1767174089.972238,7,-2,-119
1767174089.982238,6,-2,-120
1767174089.992238,3,0,-111
1767174090.002238,1,0,-111
1767174090.0122385,3,-3,-115
1767174090.0222385,2,-2,-120
1767174090.0322382,2,-2,-121
1767174090.0422382,4,-4,-127
1767174090.0522382,4,0,-129
1767174090.0622382,2,2,-134
1767174090.0722382,2,1,-136
1767174090.0822382,5,1,-135
1767174090.0922382,5,0,-134
1767174090.1022382,2,-2,-128
1767174090.1122382,1,-4,-134
1767174090.1222382,-4,-4,-131
1767174090.132238,-2,-6,-135
1767174090.142238,-3,-1,-131
1767174090.152238,-1,1,-130
1767174090.162238,3,4,-129
1767174090.172238,1,4,-130
1767174090.182238,1,1,-133
1767174090.192238,-1,2,-134
1767174090.202238,0,3,-130
1767174090.212238,1,-1,-125
1767174090.222238,4,2,-121
1767174090.232238,6,4,-126
1767174090.242238,4,0,-128
1767174090.252238,8,1,-130
1767174090.2622385,7,-2,-128
1767174090.2722385,6,-7,-133
1767174090.2822382,5,-7,-131
1767174090.2922382,7,-10,-129
1767174090.3022382,3,-11,-125
1767174090.3122382,-2,-11,-116
1767174090.3222382,-2,-12,-114
1767174090.3322382,-6,-7,-118
1767174090.3422382,-5,-7,-120
1767174090.3522382,-6,-6,-120
1767174090.3622382,-8,-5,-123
1767174090.3722382,-4,1,-118
1767174090.382238,-3,0,-110
1767174090.392238,-3,0,-114
1767174090.402238,-1,0,-120
1767174090.412238,0,4,-121
1767174090.422238,0,6,-122
1767174090.432238,-1,2,-120
1767174090.442238,2,3,-117
1767174090.452238,0,4,-121
1767174090.462238,0,3,-126
1767174090.472238,2,1,-125
1767174090.482238,3,1,-128
1767174090.492238,0,1,-125
1767174090.502238,3,2,-123
1767174090.5122385,0,0,-116
1767174090.5222385,-2,-1,-118
1767174090.5322382,-3,0,-117
1767174090.5422382,-5,0,-117
1767174090.5522382,-6,5,-119
1767174090.5622382,-3,5,-127
1767174090.5722382,-3,1,-124
1767174090.5822382,-1,0,-119
1767174090.5922382,-4,0,-123
1767174090.6022382,-6,0,-119
1767174090.6122382,-5,0,-122
1767174090.6222382,-5,-2,-127
1767174090.632238,-4,0,-130
1767174090.642238,-2,-1,-133
1767174090.652238,-1,-1,-132
1767174090.662238,-7,0,-123
1767174090.672238,-8,1,-126
1767174090.682238,-6,0,-123
1767174090.692238,-5,0,-117
1767174090.702238,-6,0,-115
1767174090.712238,-3,-2,-110
1767174090.722238,-1,-2,-111
1767174090.732238,2,1,-111
1767174090.742238,5,2,-110
1767174090.752238,2,-2,-107
1767174090.7622385,3,-1,-108
1767174090.7722385,1,2,-110
1767174090.7822382,-1,1,-117
1767174090.7922382,-2,0,-118
1767174090.8022382,1,-1,-118
1767174090.8122382,-4,0,-123
1767174090.8222382,-3,1,-122
1767174090.8322382,-6,-3,-117
1767174090.8422382,-4,-3,-122
1767174090.8522382,-5,-3,-118
1767174090.8622382,-4,-1,-116
1767174090.8722382,-5,0,-116
1767174090.882238,-4,-1,-116
1767174090.892238,-3,-3,-119
1767174090.902238,-2,-3,-122
1767174090.912238,2,-2,-122
1767174090.922238,6,-2,-122
1767174090.932238,3,-4,-133
1767174090.942238,0,-7,-131
1767174090.952238,-1,-7,-129
1767174090.962238,-4,-4,-126
1767174090.972238,-6,0,-116
1767174090.982238,-8,-2,-120
1767174090.992238,-6,-4,-128
1767174091.002238,-4,-5,-130
1767174091.0122385,-4,-4,-137
1767174091.0222385,2,-2,-134
1767174091.0322382,0,-2,-127
1767174091.0422382,0,-1,-125
1767174091.0522382,0,-4,-127
1767174091.0622382,2,-2,-133
1767174091.0722382,0,-3,-129
1767174091.0822382,-3,-2,-130
1767174091.0922382,0,-2,-128
1767174091.1022382,0,-3,-132
1767174091.1122382,-4,-1,-127
1767174091.1222382,-4,3,-127
1767174091.132238,-6,5,-131
1767174091.142238,-1,3,-125
1767174091.152238,-1,0,-120
1767174091.162238,-1,0,-121
1767174091.172238,-2,0,-121
1767174091.182238,-3,-4,-117
1767174091.192238,-3,-5,-121
1767174091.202238,-5,-3,-130
1767174091.212238,-8,-2,-130
1767174091.222238,-5,-2,-132
1767174091.232238,-8,-2,-133
1767174091.242238,-6,0,-131
1767174091.252238,-8,1,-124
1767174091.2622385,-4,0,-127
1767174091.2722385,-4,0,-129
1767174091.2822382,3,4,-133
1767174091.2922382,7,3,-132
1767174091.3022382,6,5,-134
1767174091.3122382,3,2,-132
1767174091.3222382,1,2,-124
1767174091.3322382,-1,0,-124
1767174091.3422382,0,0,-112
1767174091.3522382,0,2,-114
1767174091.3622382,-2,1,-118
1767174091.3722382,-2,0,-128
1767174091.382238,-5,-1,-131
1767174091.392238,-5,-2,-121
1767174091.402238,-5,-2,-121
1767174091.412238,-6,-1,-118
1767174091.422238,-5,-3,-120
1767174091.432238,-6,-6,-125
1767174091.442238,-3,-7,-120
1767174091.452238,-9,-6,-118
1767174091.462238,-3,0,-116
1767174091.472238,-9,-1,-120
1767174091.482238,-7,-1,-120
1767174091.492238,-4,0,-122
1767174091.502238,-6,0,-123
1767174091.5122385,-3,0,-123
1767174091.5222385,-3,2,-131
1767174091.5322382,-5,1,-127
1767174091.5422382,-6,0,-125
1767174091.5522382,-4,0,-122
1767174091.5622382,-4,0,-127
1767174091.5722382,-2,0,-132
1767174091.5822382,-3,0,-136
1767174091.5922382,-3,3,-136
1767174091.6022382,-2,4,-132
1767174091.6122382,-2,4,-122
1767174091.6222382,-3,3,-118
1767174091.632238,1,1,-122
1767174091.642238,3,0,-115
1767174091.652238,9,0,-111
1767174091.662238,4,1,-114
1767174091.673238,3,3,-113
1767174091.6832385,1,5,-118
1767174091.692238,-3,6,-122
1767174091.7032382,-3,8,-125
1767174091.7132382,-6,13,-127
1767174091.7232382,-6,8,-125
1767174091.7332382,-3,10,-129
1767174091.742238,-6,9,-121
1767174091.7532382,-5,4,-122
1767174091.7632382,-2,2,-122
1767174091.7732382,-4,2,-127
1767174091.7832382,-2,2,-130
1767174091.7922382,-1,4,-123
1767174091.8032382,0,2,-123
1767174091.813238,4,0,-125
1767174091.823238,4,0,-126
1767174091.833238,3,-3,-117
1767174091.843238,1,-5,-116
1767174091.853238,0,-3,-123
1767174091.863238,4,-3,-125
1767174091.873238,4,-1,-121
1767174091.883238,4,-4,-118
1767174091.893238,4,-5,-118
1767174091.903238,1,-4,-124
1767174091.913238,0,-3,-124
1767174091.923238,-3,-2,-122
1767174091.9332385,-5,0,-122
1767174091.9432385,-2,-1,-123
1767174091.9532382,-2,-3,-120
1767174091.9632382,-3,0,-124
1767174091.9732382,0,0,-130
1767174091.9832382,0,-1,-133
1767174091.9932382,-1,0,-136
1767174092.0032382,3,-2,-131
1767174092.0132382,0,-4,-126
1767174092.0232382,-1,-8,-122
1767174092.0332382,2,-6,-117
1767174092.0432382,2,-4,-114
1767174092.0532382,3,-2,-115
1767174092.063238,5,1,-120
1767174092.073238,5,3,-119
1767174092.083238,2,1,-118
1767174092.093238,3,-1,-120
1767174092.103238,4,-1,-124
1767174092.113238,5,-2,-127
1767174092.123238,0,-3,-127
1767174092.133238,0,0,-122
1767174092.143238,1,3,-121
1767174092.153238,-4,8,-122
1767174092.163238,-5,4,-120
1767174092.173238,-2,2,-120
1767174092.1832385,2,2,-128
1767174092.1932385,5,1,-133
1767174092.2032382,4,-1,-130
1767174092.2132382,5,-2,-131
1767174092.2232382,6,1,-129
1767174092.2332382,0,1,-130
1767174092.2432382,0,1,-132
1767174092.2532382,1,-2,-127
1767174092.2632382,0,1,-135
1767174092.2732382,-1,3,-124
1767174092.2832382,0,2,-119
1767174092.2932382,5,3,-121
1767174092.3032382,2,3,-127
1767174092.313238,3,1,-125
1767174092.323238,4,1,-123
1767174092.333238,2,2,-129
1767174092.343238,4,0,-129
1767174092.3642385,3,-2,-130
1767174092.373238,4,0,-121
1767174092.383238,1,0,-123
1767174092.393238,2,-2,-123
1767174092.403238,0,1,-120
1767174092.413238,-3,-2,-120
1767174092.423238,0,-2,-118
1767174092.4332385,2,-3,-115
1767174092.4432385,-2,-3,-113
1767174092.4532382,-1,-1,-106
1767174092.4632382,-1,2,-110
1767174092.4732382,2,7,-114
1767174092.4832382,0,8,-117
1767174092.4932382,0,6,-116
1767174092.5032382,-3,5,-117
1767174092.5132382,-1,0,-118
1767174092.5232382,-5,1,-116
1767174092.5332382,0,0,-117
1767174092.5432382,4,1,-116
1767174092.5532382,0,-2,-117
1767174092.563238,-3,-5,-121
1767174092.573238,-2,-1,-122
1767174092.583238,-1,0,-120
1767174092.593238,-1,0,-124
1767174092.603238,1,0,-124
1767174092.613238,4,0,-119
1767174092.623238,8,-1,-126
1767174092.633238,5,-4,-118
1767174092.643238,3,-2,-120
1767174092.653238,-3,-1,-109
1767174092.663238,-9,0,-114
1767174092.673238,-10,0,-121
1767174092.6832385,-9,-1,-124
1767174092.6932385,-7,-1,-122
1767174092.7032382,-5,-4,-118
1767174092.7132382,-9,-4,-118
1767174092.7232382,-5,-6,-114
1767174092.7332382,-3,-4,-119
1767174092.7432382,-4,-7,-123
1767174092.7532382,-9,-6,-124
1767174092.7632382,-9,-1,-124
1767174092.7732382,-6,1,-120
1767174092.7832382,-5,0,-127
1767174092.7932382,-9,-2,-121
1767174092.8032382,-5,-3,-120
1767174092.813238,-2,-5,-123
1767174092.823238,0,-8,-127
1767174092.833238,-1,-11,-124
1767174092.843238,-4,-4,-127
1767174092.853238,1,-4,-131
1767174092.863238,-1,-2,-131
1767174092.873238,-4,-4,-123
1767174092.883238,-3,-1,-121
1767174092.893238,0,-4,-118
1767174092.903238,0,-2,-116
1767174092.913238,-1,-2,-111
1767174092.923238,-3,2,-114
1767174092.9332385,-1,2,-113
1767174092.9432385,1,3,-117
1767174092.9532382,1,2,-117
1767174092.9632382,2,0,-119
1767174092.9732382,0,0,-119
1767174092.9832382,-2,-3,-123
1767174092.9932382,0,-2,-125
1767174093.0032382,-1,-2,-126
1767174093.0132382,0,0,-120
1767174093.0232382,-4,-1,-114
1767174093.0332382,-6,-4,-115
1767174093.0432382,-6,-5,-116
1767174093.0532382,-2,-1,-115
1767174093.063238,1,0,-119
1767174093.073238,2,-3,-122
1767174093.083238,0,-2,-125
1767174093.093238,-4,-3,-135
1767174093.103238,-7,-8,-133
1767174093.113238,-2,-6,-133
1767174093.123238,-2,-4,-132
1767174093.133238,-3,-2,-129
1767174093.143238,0,-2,-129
1767174093.153238,0,-1,-125
1767174093.163238,0,-4,-123
1767174093.173238,2,-5,-122
1767174093.1832385,2,-4,-122
1767174093.1932385,5,-5,-122
1767174093.2032382,4,-3,-121
1767174093.2132382,5,-2,-121
1767174093.2232382,4,-6,-115
1767174093.2332382,4,-2,-118
1767174093.2432382,3,0,-120
1767174093.2532382,2,-1,-114
1767174093.2632382,3,0,-113
1767174093.2732382,3,0,-116
1767174093.2832382,6,-2,-113
1767174093.2932382,8,1,-110
1767174093.3032382,10,0,-120
1767174093.313238,8,1,-119
1767174093.323238,7,4,-120
1767174093.333238,5,5,-121
1767174093.343238,3,0,-125
1767174093.353238,0,0,-127
1767174093.363238,2,-3,-124
1767174093.373238,2,-4,-123
1767174093.383238,-1,-7,-123
1767174093.393238,-5,-4,-124
1767174093.403238,-7,-6,-122
1767174093.413238,-6,-9,-119
1767174093.423238,-6,-9,-117
1767174093.4332385,-2,-5,-117
1767174093.4432385,0,-4,-114
1767174093.4532382,2,-4,-114
1767174093.4632382,0,0,-123
1767174093.4732382,-3,-1,-125
1767174093.4832382,-3,2,-131
1767174093.4932382,1,4,-127
1767174093.5032382,2,-1,-123
1767174093.5132382,4,-3,-129
1767174093.5232382,3,0,-130
1767174093.5332382,2,0,-125
1767174093.5432382,2,-4,-122
1767174093.5532382,4,-4,-119
1767174093.563238,2,-5,-121
1767174093.573238,2,-3,-121
1767174093.583238,2,-4,-126
1767174093.593238,4,-3,-124
1767174093.603238,1,-1,-127
1767174093.613238,2,-3,-126
1767174093.623238,0,-2,-120
1767174093.633238,-4,2,-123
1767174093.643238,-3,5,-126
1767174093.653238,-6,2,-129
1767174093.663238,-10,6,-125
1767174093.673238,-9,9,-124
1767174093.6832385,-8,6,-122
1767174093.6932385,-5,3,-119
1767174093.7032382,-6,-1,-117
1767174093.7132382,-3,-1,-111
1767174093.7232382,0,-2,-112
1767174093.7332382,-1,0,-116
1767174093.7432382,-2,0,-121
1767174093.7532382,-6,-3,-126
1767174093.7632382,-3,-3,-117
1767174093.7732382,-1,-3,-115
1767174093.7832382,-3,-1,-115
1767174093.7932382,-2,4,-116
1767174093.8032382,-4,1,-118
1767174093.813238,-2,3,-121
1767174093.823238,2,5,-123
1767174093.833238,-2,5,-125
1767174093.843238,-5,3,-119
1767174093.853238,-4,1,-122
1767174093.863238,-1,0,-128
1767174093.873238,-2,-1,-131
1767174093.883238,-1,0,-137
1767174093.893238,-1,1,-141
1767174093.903238,-5,1,-141
1767174093.913238,5,1,-136
1767174093.923238,4,0,-125
1767174093.9332385,0,0,-123
1767174093.9432385,0,1,-116
1767174093.9532382,1,-3,-118
1767174093.9632382,2,-4,-119
1767174093.9732382,4,-3,-122
1767174093.9832382,0,-4,-123
1767174093.9932382,2,-6,-124
1767174094.0032382,0,-4,-126
1767174094.0132382,-2,-5,-126
1767174094.0232382,-3,-5,-118
1767174094.0332382,-4,-3,-115
1767174094.0432382,-4,-5,-119
1767174094.0532382,-5,-1,-125
1767174094.063238,-3,0,-128
1767174094.073238,-2,-2,-130
1767174094.083238,-4,-2,-126
1767174094.093238,-7,-2,-121
1767174094.103238,-3,-1,-124
1767174094.113238,-4,-2,-126
1767174094.123238,-1,-1,-126
1767174094.133238,0,-1,-123
1767174094.143238,-3,-5,-129
1767174094.153238,-6,-10,-122
1767174094.163238,-3,-7,-119
1767174094.173238,-2,-3,-123
1767174094.1832385,-5,-4,-121
1767174094.1932385,-2,-3,-118
1767174094.2032382,-4,-1,-117
1767174094.2132382,-5,0,-115
1767174094.2232382,-4,0,-115
1767174094.2332382,-3,-1,-113
1767174094.2432382,-2,-2,-114
1767174094.2532382,-3,0,-116
1767174094.2632382,-2,2,-110
1767174094.2732382,-4,2,-113
1767174094.2832382,-2,0,-117
1767174094.2932382,0,0,-111
1767174094.3032382,-3,0,-121
1767174094.313238,-3,1,-117
1767174094.324238,-4,4,-121
1767174094.334238,-3,7,-125
1767174094.344238,1,8,-123
1767174094.3542385,5,5,-123
1767174094.3642385,5,7,-125
1767174094.3742385,7,4,-122
1767174094.3842382,5,2,-123
1767174094.3942382,3,-2,-116
1767174094.4042382,1,-6,-118
1767174094.4142382,5,-3,-116
1767174094.4242382,3,0,-114
1767174094.4342382,7,0,-110
1767174094.4442382,7,-2,-117
1767174094.4542382,7,-4,-121
1767174094.4642382,11,-4,-127
1767174094.4742382,8,-3,-130
1767174094.484238,5,-3,-123
1767174094.494238,7,0,-118
1767174094.504238,7,0,-120
1767174094.514238,8,-1,-118
1767174094.524238,7,-2,-118
1767174094.534238,2,-4,-120
1767174094.544238,0,-6,-121
1767174094.554238,2,-7,-125
1767174094.564238,-1,-9,-125
1767174094.574238,-1,-7,-122
1767174094.584238,-1,-6,-128
1767174094.594238,0,0,-123
1767174094.6042385,2,-1,-119
1767174094.6142385,0,-1,-114
1767174094.6242385,1,-3,-120
1767174094.6342382,2,-7,-119
1767174094.6442382,6,-3,-122
1767174094.6542382,6,-4,-125
1767174094.6642382,8,-2,-127
1767174094.6742382,13,-4,-133
1767174094.6842382,10,-4,-129
1767174094.6942382,11,0,-127
1767174094.7042382,8,0,-128
1767174094.7142382,10,1,-125
1767174094.7242382,11,-3,-124
1767174094.734238,10,0,-121
1767174094.744238,2,0,-118
1767174094.754238,-1,-3,-123
1767174094.764238,-4,1,-119
1767174094.774238,-2,0,-125
1767174094.784238,0,-1,-121
1767174094.794238,-2,0,-122
1767174094.804238,-2,-6,-122
1767174094.814238,-4,-2,-124
1767174094.824238,-2,0,-130
1767174094.834238,-1,4,-129
1767174094.844238,-3,4,-131
1767174094.8542385,-2,-1,-125
1767174094.8642385,-1,-7,-129
1767174094.8742385,1,-4,-133
1767174094.8842382,4,-6,-133
1767174094.8942382,7,-4,-128
1767174094.9042382,0,-1,-122
1767174094.9142382,2,-2,-122
1767174094.9242382,2,-7,-121
1767174094.9342382,0,-10,-115
1767174094.9442382,1,-9,-117
1767174094.9542382,1,-3,-116
1767174094.9642382,-2,-2,-116
1767174094.9742382,-1,0,-119
1767174094.984238,-4,-1,-123
1767174094.994238,-6,0,-121
1767174095.004238,-2,2,-116
1767174095.014238,-1,5,-120
1767174095.024238,0,3,-123
1767174095.034238,-3,1,-123
1767174095.044238,-4,0,-123
1767174095.054238,0,0,-122
1767174095.064238,1,0,-122
1767174095.074238,0,-2,-126
1767174095.084238,1,-5,-122
1767174095.094238,6,-5,-122
1767174095.1042385,4,-3,-128
1767174095.1142385,6,0,-124
1767174095.1242385,5,1,-124
1767174095.1342382,4,0,-131
1767174095.1442382,2,-6,-130
1767174095.1542382,-1,-4,-125
1767174095.1642382,2,-1,-128
1767174095.1742382,5,-6,-131
1767174095.1842382,0,-5,-130
1767174095.1942382,0,-2,-130
1767174095.2042382,0,0,-134
1767174095.2142382,1,0,-119
1767174095.2242382,-1,-1,-113
1767174095.234238,0,-4,-109
1767174095.244238,-1,-2,-108
1767174095.254238,0,0,-112
1767174095.264238,0,0,-120
1767174095.274238,3,-5,-124
1767174095.284238,1,0,-124
1767174095.294238,0,1,-125
1767174095.304238,1,0,-123
1767174095.314238,5,2,-120
1767174095.324238,1,0,-124
1767174095.334238,2,0,-127
1767174095.344238,-1,2,-128
1767174095.3542385,-1,5,-117
1767174095.3642385,1,3,-120
1767174095.3742385,2,3,-120
1767174095.3842382,3,4,-127
1767174095.3942382,4,-1,-127
1767174095.4042382,4,-4,-119
1767174095.4142382,1,0,-119
1767174095.4242382,0,-1,-119
1767174095.4342382,-5,0,-111
1767174095.4442382,-6,-1,-114
1767174095.4542382,-8,-2,-122
1767174095.4642382,-6,-1,-128
1767174095.4742382,-7,0,-122
1767174095.484238,-6,1,-118
1767174095.494238,-7,0,-118
1767174095.504238,-6,3,-117
1767174095.514238,-3,-1,-119
1767174095.524238,-5,-5,-117
1767174095.534238,-2,-6,-116
1767174095.544238,-2,-6,-122
1767174095.554238,-1,-1,-114
1767174095.564238,0,-2,-118
1767174095.574238,0,-3,-118
1767174095.584238,1,-2,-117
1767174095.594238,5,0,-119
1767174095.6042385,1,-2,-117
1767174095.6142385,0,0,-122
1767174095.6242385,-3,1,-125
1767174095.6342382,-2,2,-121
1767174095.6442382,-6,6,-118
1767174095.6542382,-15,5,-121
1767174095.6642382,-14,5,-121
1767174095.6742382,-11,5,-120
1767174095.6842382,-7,2,-127
1767174095.6942382,-6,1,-125
1767174095.7042382,-3,2,-126
1767174095.7142382,-2,2,-124
1767174095.7242382,-5,0,-126
1767174095.734238,-2,-3,-125
1767174095.744238,-4,-4,-124
1767174095.754238,-5,-3,-124
1767174095.764238,-3,-4,-124
1767174095.774238,-3,-2,-127
1767174095.784238,-1,-1,-123
1767174095.794238,3,-1,-120
1767174095.804238,3,0,-122
1767174095.814238,5,1,-118
1767174095.824238,6,2,-119
1767174095.834238,5,0,-119
1767174095.844238,6,-2,-116
1767174095.8542385,4,-1,-118
1767174095.8642385,1,-4,-116
1767174095.8742385,3,-1,-116
1767174095.8842382,4,2,-120
1767174095.8942382,5,2,-124
1767174095.9042382,3,1,-124
1767174095.9142382,6,4,-126
1767174095.9242382,6,4,-135
1767174095.9342382,2,0,-135
1767174095.9442382,1,-2,-135
1767174095.9542382,4,-5,-139
1767174095.9642382,5,-7,-133
1767174095.9742382,0,-7,-133
1767174095.984238,2,-1,-131
1767174095.994238,2,0,-130
1767174096.004238,-2,-2,-125
1767174096.014238,-5,-2,-125
1767174096.024238,-5,-4,-126
1767174096.034238,-7,-4,-123
1767174096.044238,-4,0,-119
1767174096.054238,-8,0,-124
1767174096.064238,-7,0,-127
1767174096.074238,-2,0,-127
1767174096.084238,-8,0,-122
1767174096.094238,-4,0,-126
1767174096.1042385,-4,0,-118
1767174096.1142385,-5,0,-112
1767174096.1242385,-4,-4,-114
1767174096.1342382,1,-2,-115
1767174096.1442382,3,-3,-116
1767174096.1542382,2,-5,-115
1767174096.1642382,1,2,-123
1767174096.1742382,5,0,-124
1767174096.1842382,1,-1,-122
1767174096.1942382,-3,0,-117
1767174096.2042382,-2,0,-116
1767174096.2142382,-1,1,-116
1767174096.2242382,-2,5,-127
1767174096.234238,-3,8,-129
1767174096.244238,-4,9,-133
1767174096.254238,-1,6,-135
1767174096.264238,3,5,-131
1767174096.274238,2,0,-130
1767174096.284238,2,3,-124
1767174096.294238,3,6,-127
1767174096.304238,3,4,-127
1767174096.314238,0,4,-126
1767174096.324238,0,8,-122
1767174096.334238,-1,8,-127
1767174096.344238,-3,5,-132
1767174096.3542385,-4,7,-133
1767174096.3642385,-4,7,-132
1767174096.3742385,-7,5,-129
1767174096.3842382,-7,3,-127
1767174096.3942382,-5,3,-127
1767174096.4042382,-3,3,-128
1767174096.4142382,-3,4,-124
1767174096.4242382,-1,2,-121
1767174096.4342382,0,2,-121
1767174096.4442382,0,0,-118
1767174096.4542382,-1,-2,-117
1767174096.4642382,0,-5,-117
1767174096.4742382,-3,-3,-121
1767174096.484238,-6,-6,-122
1767174096.494238,-3,-2,-118
1767174096.504238,0,0,-113
1767174096.514238,1,1,-108
1767174096.524238,2,3,-106
1767174096.534238,2,4,-110
1767174096.544238,3,4,-117
1767174096.554238,0,3,-119
1767174096.564238,-1,1,-109
1767174096.574238,-2,0,-111
1767174096.584238,0,-1,-114
1767174096.594238,0,-2,-117
1767174096.6042385,-1,-5,-112
1767174096.6142385,-3,-5,-117
1767174096.6242385,-2,-3,-115
1767174096.6342382,-3,-5,-114
1767174096.6442382,-2,-3,-122
1767174096.6542382,4,-2,-126
1767174096.6642382,3,-1,-128
1767174096.6742382,4,3,-126
1767174096.6842382,0,1,-122
1767174096.6942382,0,1,-120
1767174096.7042382,-1,-2,-123
1767174096.7142382,0,-3,-118
1767174096.7242382,0,-5,-118
1767174096.734238,1,-7,-119
1767174096.744238,1,-1,-122
1767174096.754238,2,-2,-121
1767174096.764238,5,-2,-123
1767174096.774238,-1,-4,-130
1767174096.784238,-2,-4,-131
1767174096.794238,-5,-6,-130
1767174096.804238,-8,-3,-131
1767174096.814238,0,0,-130
1767174096.824238,0,3,-127
1767174096.834238,-2,0,-123
1767174096.844238,-1,0,-118
1767174096.8542385,0,2,-110
1767174096.8642385,3,0,-105
1767174096.8742385,3,-2,-111
1767174096.8842382,0,-1,-117
1767174096.8942382,0,0,-118
1767174096.9052382,-3,0,-120
1767174096.9142382,-7,-1,-130
1767174096.9242382,-1,-1,-133
1767174096.9342382,0,-2,-134
1767174096.9442382,-2,-3,-129
1767174096.9542382,1,-3,-128
1767174096.9642382,1,2,-128
1767174096.9742382,0,2,-125
1767174096.985238,0,3,-126
1767174096.995238,1,3,-131
1767174097.005238,3,4,-132
1767174097.015238,1,2,-136
1767174097.025238,-4,0,-135
1767174097.0352385,-2,4,-144
1767174097.0452385,1,2,-138
1767174097.0552382,5,0,-130
1767174097.0652382,7,3,-129
1767174097.0752382,6,2,-131
1767174097.0852382,3,0,-128
1767174097.0952382,0,1,-122
1767174097.1052382,4,0,-122
1767174097.1152382,9,-2,-123
1767174097.1252382,10,-7,-128
1767174097.1352382,8,-5,-120
1767174097.1452382,6,-3,-113
1767174097.1552382,4,-4,-121
1767174097.165238,3,-5,-128
1767174097.175238,-2,-3,-134
1767174097.185238,-3,-1,-139
1767174097.195238,-1,-1,-132
1767174097.205238,0,0,-130
1767174097.215238,3,1,-132
1767174097.225238,1,0,-128
1767174097.235238,0,2,-124
1767174097.245238,-4,0,-126
1767174097.255238,-7,1,-130
1767174097.265238,-5,1,-129
1767174097.275238,-8,0,-125
1767174097.2852385,-7,0,-117
1767174097.2952385,-2,2,-113
1767174097.3052382,-1,0,-113
1767174097.3152382,3,0,-117
1767174097.3252382,5,1,-116
1767174097.3352382,5,3,-118
1767174097.3452382,5,2,-120
1767174097.3552382,4,0,-134
1767174097.376238,9,1,-133
1767174097.3852382,2,4,-134
1767174097.3952382,0,8,-133
1767174097.4052382,-1,4,-132
1767174097.415238,0,1,-137
1767174097.425238,1,0,-137
1767174097.435238,-7,0,-140
1767174097.445238,0,-2,-140
1767174097.455238,4,-1,-135
1767174097.465238,5,-2,-126
1767174097.475238,5,-2,-116
1767174097.485238,5,-1,-112
1767174097.495238,10,0,-112
1767174097.505238,9,-1,-123
1767174097.515238,11,-4,-129
1767174097.525238,14,-5,-130
1767174097.5352385,13,-3,-122
1767174097.5452385,13,-5,-117
1767174097.5552382,5,-6,-117
1767174097.5652382,6,-4,-115
1767174097.5752382,4,-5,-111
1767174097.5852382,6,-9,-107
1767174097.5952382,2,-11,-105
1767174097.6052382,0,-12,-112
1767174097.6152382,-1,-8,-112
1767174097.6252382,3,-5,-116
1767174097.6352382,8,-2,-123
1767174097.6452382,13,-4,-122
1767174097.6552382,10,-4,-126
1767174097.665238,8,0,-127
1767174097.675238,7,1,-127
1767174097.685238,5,3,-126
1767174097.695238,4,4,-126
1767174097.705238,2,2,-120
1767174097.715238,0,-2,-124
1767174097.725238,0,-1,-118
1767174097.735238,0,-8,-118
1767174097.745238,3,-10,-120
1767174097.755238,3,-4,-122
1767174097.765238,1,0,-123
1767174097.775238,0,3,-118
1767174097.7852385,0,2,-121
1767174097.7952385,-1,-1,-124
1767174097.8052382,0,2,-122
1767174097.8152382,-4,3,-118
1767174097.8252382,-1,2,-128
1767174097.8352382,0,5,-124
1767174097.8452382,3,6,-124
1767174097.8552382,7,3,-118
1767174097.8652382,4,0,-126
1767174097.8752382,-3,5,-130
1767174097.8852382,-4,6,-132
1767174097.8952382,-3,0,-130
1767174097.9052382,0,0,-126
1767174097.915238,-3,1,-129
1767174097.925238,-2,1,-126
1767174097.935238,-4,0,-122
1767174097.945238,-6,0,-125
1767174097.955238,-1,0,-123
1767174097.965238,-4,3,-126
1767174097.975238,-4,3,-125
1767174097.985238,-5,5,-116
1767174097.995238,-5,1,-113
1767174098.005238,-8,-1,-105
1767174098.015238,-13,-5,-98
1767174098.025238,-9,-7,-103
1767174098.0352385,-3,-7,-114
1767174098.0452385,-5,-5,-114
1767174098.0552382,-2,-9,-117
1767174098.0652382,-3,-9,-116
1767174098.0752382,4,-8,-113
1767174098.0852382,3,-3,-114
1767174098.0952382,5,-3,-111
1767174098.1052382,8,-7,-117
1767174098.1152382,7,-6,-125
1767174098.1252382,5,-6,-131
1767174098.1352382,7,-4,-125
1767174098.1452382,6,-1,-122
1767174098.1552382,2,1,-120
1767174098.165238,0,3,-118
1767174098.175238,4,5,-118
1767174098.185238,8,3,-117
1767174098.195238,8,-1,-115
1767174098.205238,11,-3,-123
1767174098.215238,8,-4,-125
1767174098.225238,4,-4,-126
1767174098.235238,0,-3,-129
1767174098.245238,0,-5,-133
1767174098.255238,-1,-5,-126
1767174098.265238,0,-7,-125
1767174098.275238,-5,-7,-130
1767174098.2852385,-5,-4,-130
1767174098.2952385,-4,2,-129
1767174098.3052382,2,3,-129
1767174098.3152382,0,3,-131
1767174098.3252382,1,4,-124
1767174098.3352382,1,1,-120
1767174098.3452382,1,2,-120
1767174098.3552382,4,1,-123
1767174098.3652382,5,2,-125
1767174098.3752382,7,1,-126
1767174098.3852382,8,1,-125
1767174098.3952382,5,0,-116
1767174098.4052382,2,0,-120
1767174098.415238,0,1,-129
1767174098.425238,0,3,-137
1767174098.435238,-1,1,-138
1767174098.445238,0,4,-136
1767174098.455238,0,5,-132
1767174098.465238,-1,2,-124
1767174098.475238,-1,0,-125
1767174098.485238,0,-4,-130
1767174098.495238,0,-10,-133
1767174098.505238,2,-4,-132
1767174098.515238,1,-5,-127
1767174098.525238,1,-6,-123
1767174098.5352385,0,-6,-129
1767174098.5452385,-5,-5,-129
1767174098.5552382,-1,-4,-125
1767174098.5652382,-1,0,-132
1767174098.5752382,-1,2,-134
1767174098.5852382,0,1,-134
1767174098.5952382,0,-1,-127
1767174098.6052382,1,-3,-122
1767174098.6152382,2,-6,-120
1767174098.6252382,3,-1,-123
1767174098.6352382,0,-1,-120
1767174098.6452382,0,0,-120
1767174098.6552382,4,0,-118
1767174098.665238,3,0,-117
1767174098.675238,6,-2,-117
1767174098.685238,6,-4,-120
1767174098.695238,5,-7,-119
1767174098.705238,1,-5,-120
1767174098.715238,-3,-5,-125
1767174098.725238,-2,-6,-131
1767174098.735238,-4,-6,-130
1767174098.745238,0,-2,-129
1767174098.755238,-1,-4,-127
1767174098.765238,0,-6,-130
1767174098.775238,-1,-10,-128
1767174098.7852385,0,-10,-123
1767174098.7952385,3,-7,-125
1767174098.8052382,4,-9,-122
1767174098.8152382,6,-9,-124
1767174098.8252382,5,-9,-119
1767174098.8352382,5,-9,-118
1767174098.8452382,3,-9,-122
1767174098.8552382,-2,-7,-126
1767174098.8652382,-2,-4,-131
1767174098.8752382,-1,-4,-132
1767174098.8852382,-2,-2,-127
1767174098.8952382,-2,-3,-126
1767174098.9052382,-3,0,-122
1767174098.915238,0,4,-122
1767174098.925238,0,6,-120
1767174098.935238,0,4,-125
1767174098.945238,2,4,-129
1767174098.955238,-1,2,-126
1767174098.965238,-4,3,-123
1767174098.975238,0,2,-127
1767174098.985238,-1,0,-128
1767174098.995238,-3,0,-128
1767174099.005238,0,0,-126
1767174099.015238,0,3,-119
1767174099.025238,0,2,-117
1767174099.0352385,-2,0,-113
1767174099.0452385,-7,0,-120
1767174099.0552382,0,-3,-127
1767174099.0652382,2,-8,-132
1767174099.0752382,0,-8,-125
1767174099.0852382,1,-5,-122
1767174099.0952382,5,-7,-116
1767174099.1052382,3,-9,-111
1767174099.1152382,1,-5,-117
1767174099.1252382,1,-5,-119
1767174099.1352382,0,-3,-124
1767174099.1452382,2,-3,-121
1767174099.1552382,0,-1,-122
1767174099.165238,-4,0,-119
1767174099.175238,-7,-2,-122
1767174099.185238,-9,-2,-121
1767174099.195238,-10,-1,-117
1767174099.205238,-4,-2,-120
1767174099.215238,-3,-4,-124
1767174099.225238,5,-3,-132
1767174099.235238,4,-2,-132
1767174099.245238,-2,0,-133
1767174099.255238,-2,-3,-132
1767174099.265238,-6,-1,-129
1767174099.275238,-7,0,-130
1767174099.2852385,-4,2,-126
1767174099.2952385,-6,4,-126
1767174099.3052382,-4,3,-125
1767174099.3152382,0,0,-126
1767174099.3252382,-3,-2,-123
1767174099.3352382,-6,-7,-119
1767174099.3452382,-7,-4,-125
1767174099.3552382,-6,-6,-123
1767174099.3652382,-10,-7,-124
1767174099.3752382,-10,-5,-117
1767174099.3852382,-4,-5,-114
1767174099.3952382,-1,-7,-115
1767174099.4052382,4,-3,-119
1767174099.415238,8,-4,-120
1767174099.425238,6,-2,-123
1767174099.435238,6,-2,-130
1767174099.445238,2,-2,-125
1767174099.455238,5,-3,-125
1767174099.465238,5,-5,-122
1767174099.475238,3,-7,-118
1767174099.485238,2,-8,-120
1767174099.495238,4,-9,-116
1767174099.505238,2,-7,-118
1767174099.515238,2,-1,-122
1767174099.525238,5,-4,-126
1767174099.5352385,6,-2,-124
1767174099.5452385,2,-6,-125
1767174099.5552382,0,-5,-132
1767174099.5652382,-4,-1,-133
1767174099.5752382,-3,-1,-131
1767174099.5852382,0,-2,-125
1767174099.5952382,-4,-6,-125
1767174099.6052382,-7,-4,-132
1767174099.616238,-6,-6,-134
1767174099.626238,-3,-4,-134
1767174099.636238,-3,0,-131
1767174099.646238,3,-1,-132
1767174099.656238,8,0,-134
1767174099.666238,6,-2,-136
1767174099.676238,8,-5,-144
1767174099.686238,4,-5,-148
1767174099.696238,0,-3,-143
1767174099.7062385,-1,-3,-140
1767174099.7162385,3,-2,-130
1767174099.7262385,3,-2,-124
1767174099.7362382,9,-3,-119
1767174099.7462382,12,-4,-110
1767174099.7562382,13,-6,-110
1767174099.7662382,11,-4,-114
1767174099.7762382,10,-4,-113
1767174099.7862382,12,-8,-114
1767174099.7962382,12,-7,-116
1767174099.8062382,10,-6,-120
1767174099.8162382,6,-4,-128
1767174099.8262382,7,-6,-132
1767174099.836238,4,-2,-128
1767174099.846238,2,-4,-128
1767174099.856238,2,-4,-132
1767174099.866238,0,0,-131
1767174099.876238,1,-3,-127
1767174099.886238,4,-3,-125
1767174099.896238,1,-9,-120
1767174099.906238,-3,-4,-125
1767174099.916238,-5,-2,-130
1767174099.926238,-7,-1,-131
1767174099.936238,-4,-2,-127
1767174099.946238,-7,2,-124
1767174099.9562385,-4,2,-120
1767174099.9662385,-5,-2,-116
1767174099.9762385,-5,-1,-115
1767174099.9862382,-2,1,-118
1767174099.9962382,-3,-2,-125
1767174100.0062382,1,0,-136
1767174100.0162382,1,-1,-134
1767174100.0262382,0,-2,-135
1767174100.0362382,-3,0,-145
1767174100.0462382,-2,5,-149
1767174100.0562382,1,3,-142
1767174100.0662382,3,-3,-136
1767174100.0762382,5,-2,-134
1767174100.086238,7,-1,-134
1767174100.096238,7,-6,-132
1767174100.106238,6,-6,-128
1767174100.116238,4,-3,-128
1767174100.126238,0,-3,-125
1767174100.136238,-2,-6,-133
1767174100.146238,0,-3,-133
1767174100.156238,0,-5,-126
1767174100.166238,-5,-4,-123
1767174100.176238,-5,-4,-120
1767174100.186238,-5,-6,-121
1767174100.196238,0,-6,-119
1767174100.2062385,0,-5,-113
1767174100.2162385,-4,-6,-113
1767174100.2262385,0,-6,-108
1767174100.2362382,1,-4,-104
1767174100.2462382,0,-2,-104
1767174100.2562382,-1,-1,-111
1767174100.2662382,-3,0,-116
1767174100.2762382,-3,0,-115
1767174100.2862382,-2,-2,-112
1767174100.2962382,-5,-1,-122
1767174100.3062382,-10,-3,-122
1767174100.3162382,-7,-1,-120
1767174100.3262382,0,1,-114
1767174100.336238,2,2,-117
1767174100.346238,3,11,-108
1767174100.356238,0,8,-111
1767174100.366238,0,6,-114
1767174100.376238,-3,3,-113
1767174100.386238,-1,0,-116
1767174100.396238,0,1,-114
1767174100.406238,-1,3,-119
1767174100.416238,-4,0,-120
1767174100.426238,-6,-4,-123
1767174100.436238,-8,-2,-122
1767174100.446238,-5,-3,-117
1767174100.4562385,-4,0,-110
1767174100.4662385,-3,4,-117
1767174100.4762385,-4,5,-124
1767174100.4862382,-5,2,-125
1767174100.4962382,-1,4,-122
1767174100.5062382,1,7,-123
1767174100.5162382,1,4,-123
1767174100.5262382,1,1,-119
1767174100.5362382,3,-4,-118
1767174100.5462382,7,-9,-113
1767174100.5562382,5,-8,-118
1767174100.5662382,1,-6,-123
1767174100.5762382,0,-2,-128
1767174100.586238,-1,-1,-129
1767174100.596238,0,-2,-123
1767174100.606238,0,-5,-117
1767174100.616238,1,-5,-114
1767174100.626238,2,-1,-115
1767174100.636238,0,0,-113
1767174100.646238,-3,0,-109
1767174100.656238,-5,-2,-110
1767174100.666238,-8,0,-109
1767174100.676238,-7,2,-117
1767174100.686238,-7,0,-123
1767174100.696238,-3,-3,-122
1767174100.7062385,0,-2,-126
1767174100.7162385,1,-5,-118
1767174100.7262385,0,-8,-118
1767174100.7362382,-3,-6,-120
1767174100.7462382,-2,-2,-125
1767174100.7562382,0,1,-130
1767174100.7662382,1,0,-135
1767174100.7762382,-3,-4,-137
1767174100.7862382,-2,-3,-133
1767174100.7962382,0,-4,-132
1767174100.8062382,0,-6,-131
1767174100.8162382,1,-8,-133
1767174100.8262382,0,-6,-131
1767174100.836238,3,-3,-136
1767174100.846238,4,-4,-133
1767174100.856238,3,-3,-138
1767174100.866238,-1,-7,-137
1767174100.876238,-4,-8,-132
1767174100.886238,0,-4,-126
1767174100.896238,0,-1,-131
1767174100.906238,-6,-2,-128
1767174100.916238,-3,-1,-125
1767174100.926238,-2,-4,-124
1767174100.936238,2,-1,-117
1767174100.946238,1,0,-118
1767174100.9562385,1,1,-122
1767174100.9662385,2,-1,-127
1767174100.9762385,3,0,-116
1767174100.9862382,1,-1,-114
1767174100.9962382,3,-4,-115
1767174101.0062382,0,-6,-119
1767174101.0162382,-1,-7,-118
1767174101.0262382,0,-11,-124
1767174101.0362382,0,-13,-125
1767174101.0462382,-5,-9,-126
1767174101.0562382,-3,-7,-125
1767174101.0662382,-8,-6,-125
1767174101.0762382,-8,-5,-129
1767174101.086238,-4,-4,-133
1767174101.096238,0,-4,-131
1767174101.106238,-1,-1,-132
1767174101.116238,0,0,-126
1767174101.126238,-1,-1,-122
1767174101.136238,-9,0,-118
1767174101.146238,-6,-2,-120
1767174101.156238,2,-2,-114
1767174101.166238,2,-1,-116
1767174101.176238,5,1,-116
1767174101.186238,4,0,-115
1767174101.196238,4,2,-117
1767174101.2062385,1,2,-112
1767174101.2162385,-4,6,-118
1767174101.2262385,-3,5,-122
1767174101.2362382,-6,4,-130
1767174101.2462382,-6,7,-136
1767174101.2562382,-1,1,-134
1767174101.2662382,-1,0,-134
1767174101.2762382,0,1,-137
1767174101.2862382,-1,0,-139
1767174101.2962382,0,-2,-141
1767174101.3062382,3,-1,-139
1767174101.3162382,1,-2,-141
1767174101.3262382,0,-1,-136
1767174101.336238,-7,0,-130
1767174101.346238,-6,-1,-127
1767174101.356238,-4,2,-129
1767174101.366238,-11,4,-128
1767174101.376238,-8,3,-130
1767174101.386238,-4,2,-130
1767174101.396238,-2,1,-131
1767174101.406238,0,0,-127
1767174101.416238,0,0,-122
1767174101.426238,0,0,-117
1767174101.436238,-3,-2,-125
1767174101.446238,0,-7,-128
1767174101.4562385,2,-3,-122
1767174101.4662385,1,-5,-121
1767174101.4762385,0,0,-117
1767174101.4862382,-1,0,-128
1767174101.4962382,0,-3,-132
1767174101.5062382,1,-1,-129
1767174101.5162382,1,0,-138
1767174101.5262382,-2,-1,-137
1767174101.5362382,0,2,-133
1767174101.5462382,-3,1,-132
1767174101.5562382,-4,0,-138
1767174101.5662382,-5,-2,-131
1767174101.5762382,-5,-1,-122
1767174101.586238,-6,0,-126
1767174101.596238,-9,0,-124
1767174101.606238,-9,-3,-122
1767174101.616238,-9,-5,-123
1767174101.626238,-8,-4,-122
1767174101.636238,-5,-2,-124
1767174101.646238,-2,-2,-124
1767174101.656238,-6,-1,-122
1767174101.666238,-6,-2,-125
1767174101.676238,-4,0,-125
1767174101.686238,1,5,-121
1767174101.696238,5,6,-120
1767174101.7062385,7,10,-113
1767174101.7162385,7,9,-117
1767174101.7272382,2,5,-117
1767174101.7362382,0,4,-115
1767174101.7462382,-1,3,-117
1767174101.7562382,0,0,-123
1767174101.7662382,2,1,-132
1767174101.7762382,0,0,-132
1767174101.7862382,0,1,-131
1767174101.7962382,-3,2,-124
1767174101.8062382,-5,0,-128
1767174101.8162382,-5,-2,-130
1767174101.8262382,-2,-2,-124
1767174101.836238,-5,2,-125
1767174101.846238,-5,5,-125
1767174101.856238,0,4,-130
1767174101.866238,0,4,-129
1767174101.876238,0,-2,-125
1767174101.886238,2,-5,-125
1767174101.896238,4,-2,-121
1767174101.906238,1,-1,-119
1767174101.916238,0,0,-118
1767174101.926238,-3,0,-127
1767174101.936238,-4,-1,-129
1767174101.946238,-3,0,-129
1767174101.9562385,-8,0,-118
1767174101.9662385,-10,0,-120
1767174101.9762385,-11,-1,-121
1767174101.9862382,-7,1,-127
1767174101.9962382,-6,2,-129
1767174102.0062382,1,-1,-125
1767174102.0162382,-2,-3,-128
1767174102.0262382,-4,-2,-131
1767174102.0362382,-4,0,-128
1767174102.0462382,-4,-4,-125
1767174102.0562382,-6,-1,-122
1767174102.0662382,-5,0,-119
1767174102.0762382,-4,-3,-125
1767174102.086238,0,-2,-127
1767174102.096238,3,0,-133
1767174102.106238,2,0,-130
1767174102.116238,2,0,-128
1767174102.126238,0,1,-126
1767174102.136238,0,-1,-123
1767174102.146238,0,-6,-123
1767174102.156238,0,-2,-116
1767174102.166238,0,-4,-111
1767174102.176238,-2,0,-114
1767174102.186238,0,0,-116
1767174102.196238,5,-1,-114
1767174102.2062385,5,0,-121
1767174102.2162385,4,-6,-124
1767174102.2262385,3,-7,-126
1767174102.2372382,7,-3,-125
1767174102.2462382,9,-1,-124
1767174102.257238,5,-1,-120
1767174102.2662382,7,0,-123
1767174102.277238,2,4,-122
1767174102.287238,0,1,-129
1767174102.297238,0,0,-132
1767174102.307238,-6,0,-132
1767174102.317238,-4,0,-134
1767174102.327238,1,5,-127
1767174102.337238,2,3,-132
1767174102.347238,1,0,-133
1767174102.357238,1,1,-126
1767174102.367238,4,1,-120
1767174102.389238,10,0,-119
1767174102.3972385,7,-1,-120
1767174102.4072382,6,-2,-122
1767174102.4172382,7,-2,-116
1767174102.4272382,5,-2,-117
1767174102.4372382,7,1,-125
1767174102.4472382,6,0,-124
1767174102.4572382,5,2,-122
1767174102.4672382,5,1,-123
1767174102.4772382,4,-1,-121
1767174102.4872382,2,-2,-118
1767174102.4972382,3,-2,-126
1767174102.507238,0,-4,-122
1767174102.517238,2,-5,-119
1767174102.527238,0,-3,-118
1767174102.537238,-3,-1,-116
1767174102.547238,-6,-3,-123
1767174102.557238,-5,-4,-124
1767174102.567238,-1,-3,-121
1767174102.577238,0,0,-120
1767174102.587238,1,2,-117
1767174102.597238,0,1,-121
1767174102.607238,-3,0,-117
1767174102.617238,-4,0,-114
1767174102.627238,-7,-1,-114
1767174102.6372385,-7,0,-119
1767174102.6472385,-7,2,-121
1767174102.6572382,-5,3,-120
1767174102.6672382,-3,0,-118
1767174102.6772382,-3,-4,-113
1767174102.6872382,-2,-5,-116
1767174102.6972382,1,-6,-122
1767174102.7072382,2,-6,-124
1767174102.7172382,6,-7,-127
1767174102.7272382,5,-5,-134
1767174102.7372382,7,-3,-133
1767174102.7472382,4,-3,-132
1767174102.757238,9,-4,-127
1767174102.767238,4,-5,-130
1767174102.777238,0,0,-122
1767174102.787238,1,1,-126
1767174102.797238,3,-1,-132
1767174102.807238,0,-1,-127
1767174102.817238,0,-3,-124
1767174102.827238,1,-5,-122
1767174102.837238,2,-5,-126
1767174102.847238,0,-4,-122
1767174102.857238,-4,-5,-123
1767174102.867238,-7,-3,-122
1767174102.877238,-6,-7,-126
1767174102.8872385,-6,-8,-129
1767174102.8972385,-6,-5,-129
1767174102.9072382,-8,0,-125
1767174102.9172382,-5,0,-116
1767174102.9272382,-3,7,-120
1767174102.9372382,-2,2,-118
1767174102.9472382,-1,-1,-121
1767174102.9572382,-1,-1,-125
1767174102.9672382,-2,-2,-123
1767174102.9772382,-1,-3,-121
1767174102.9872382,-5,0,-120
1767174102.9972382,-6,-1,-123
1767174103.007238,-2,-5,-126
1767174103.017238,-4,-2,-135
1767174103.027238,0,-2,-133
1767174103.037238,2,0,-128
1767174103.047238,0,0,-129
1767174103.057238,1,-5,-128
1767174103.067238,-2,-7,-128
1767174103.077238,-3,-6,-130
1767174103.087238,-3,-6,-129
1767174103.097238,-3,-6,-128
1767174103.107238,0,-5,-126
1767174103.117238,0,-3,-123
1767174103.127238,8,-1,-122
1767174103.1372385,8,0,-122
1767174103.1472385,5,-1,-129
1767174103.1572382,2,-1,-128
1767174103.1672382,4,0,-127
1767174103.1772382,2,-2,-124
1767174103.1872382,0,0,-117
1767174103.1972382,1,-1,-122
1767174103.2072382,2,-1,-124
1767174103.2172382,4,-1,-115
1767174103.2272382,1,-4,-110
1767174103.2372382,1,0,-116
1767174103.2472382,0,-1,-121
1767174103.257238,2,-6,-121
1767174103.267238,0,-3,-121
1767174103.277238,1,-5,-121
1767174103.287238,0,-2,-124
1767174103.297238,-3,0,-129
1767174103.307238,0,-2,-129
1767174103.317238,2,-3,-128
1767174103.327238,-1,-2,-125
1767174103.337238,1,-8,-116
1767174103.347238,0,-3,-116
1767174103.357238,1,0,-110
1767174103.367238,1,-2,-116
1767174103.377238,4,1,-118
1767174103.3872385,0,0,-117
1767174103.3972385,1,1,-118
1767174103.4072382,2,3,-124
1767174103.4172382,3,3,-120
1767174103.4272382,-1,4,-127
1767174103.4372382,0,5,-128
1767174103.4472382,-3,2,-129
1767174103.4572382,-5,3,-131
1767174103.4672382,-9,3,-131
1767174103.4772382,-7,0,-124
1767174103.4872382,-6,0,-126
1767174103.4972382,-3,-1,-126
1767174103.507238,1,0,-125
1767174103.517238,0,-1,-125
1767174103.527238,2,-5,-124
1767174103.537238,2,-4,-122
1767174103.547238,-1,-3,-122
1767174103.557238,-2,-3,-126
1767174103.567238,0,-2,-127
1767174103.577238,0,-3,-126
1767174103.587238,0,-2,-125
1767174103.597238,3,-1,-122
1767174103.607238,3,-1,-122
1767174103.617238,1,0,-127
1767174103.627238,-1,1,-132
1767174103.6372385,-4,3,-128
1767174103.6472385,-4,-1,-131
1767174103.6572382,-1,-1,-125
1767174103.6672382,2,-1,-130
1767174103.6772382,3,-2,-131
1767174103.6872382,-3,-4,-130
1767174103.6972382,-4,-4,-131
1767174103.7072382,-3,-1,-132
1767174103.7172382,-1,-2,-137
1767174103.7272382,-4,1,-133
1767174103.7372382,-5,0,-135
1767174103.7472382,-2,2,-127
1767174103.757238,0,0,-127
1767174103.767238,0,1,-124
1767174103.777238,-5,0,-128
1767174103.787238,-4,1,-128
1767174103.797238,-4,6,-126
1767174103.807238,-1,2,-120
1767174103.817238,0,0,-119
1767174103.827238,5,-4,-116
1767174103.837238,2,-2,-114
1767174103.847238,1,0,-115
1767174103.857238,-2,0,-118
1767174103.867238,0,-1,-123
1767174103.877238,4,3,-129
1767174103.8872385,4,0,-130
1767174103.8972385,0,0,-129
1767174103.9072382,-3,3,-131
1767174103.9172382,-7,2,-128
1767174103.9272382,-5,0,-125
1767174103.9372382,-6,-2,-116
1767174103.9472382,-6,-1,-120
1767174103.9572382,-2,-1,-120
1767174103.9672382,-1,1,-119
1767174103.9772382,1,1,-116
1767174103.9872382,6,0,-121
1767174103.9972382,8,0,-122
1767174104.007238,6,0,-121
1767174104.017238,3,-2,-123
1767174104.027238,5,-2,-126
1767174104.037238,1,0,-128
1767174104.047238,2,1,-128
1767174104.057238,0,0,-131
1767174104.067238,1,-2,-130
1767174104.077238,1,-4,-127
1767174104.087238,-1,-7,-123
1767174104.097238,-1,-8,-127
1767174104.107238,-1,-4,-131
1767174104.117238,3,-2,-130
1767174104.127238,3,-1,-128
1767174104.1372385,0,2,-133
1767174104.1472385,0,2,-132
1767174104.1572382,1,2,-129
1767174104.1672382,-4,3,-126
1767174104.1772382,0,1,-126
1767174104.1872382,-1,-1,-125
1767174104.1972382,1,0,-131
1767174104.2072382,-1,1,-133
1767174104.2172382,-2,-2,-135
1767174104.2272382,0,0,-133
1767174104.2372382,0,-1,-132
1767174104.2472382,-5,0,-126
1767174104.257238,-2,2,-118
1767174104.267238,0,2,-122
1767174104.277238,-2,4,-120
1767174104.287238,-1,2,-125
1767174104.297238,-5,5,-119
1767174104.307238,0,3,-120
1767174104.317238,0,0,-117
1767174104.327238,4,2,-116
1767174104.337238,12,6,-120
1767174104.347238,10,8,-118
1767174104.357238,6,5,-116
1767174104.367238,2,2,-121
1767174104.377238,1,3,-117
1767174104.3872385,7,-1,-110
1767174104.3972385,6,-1,-115
1767174104.4072382,9,-1,-115
1767174104.4172382,9,0,-117
1767174104.4272382,6,0,-113
1767174104.4372382,4,-2,-110
1767174104.4472382,5,-2,-109
1767174104.4572382,5,0,-113
1767174104.4672382,5,2,-119
1767174104.4772382,2,0,-119
1767174104.4872382,3,-3,-122
1767174104.4972382,3,-7,-131
1767174104.507238,1,-7,-126
1767174104.517238,4,-7,-129
1767174104.527238,8,-5,-126
1767174104.537238,9,-2,-122
1767174104.547238,2,-7,-117
1767174104.557238,1,-8,-117
1767174104.567238,1,-6,-123
1767174104.577238,1,-7,-124
1767174104.587238,2,-5,-129
1767174104.597238,4,-6,-125
1767174104.607238,2,-5,-123
1767174104.617238,4,-1,-122
1767174104.627238,2,-3,-125
1767174104.6372385,-1,-2,-122
1767174104.6472385,1,-3,-125
1767174104.6572382,2,-1,-126
1767174104.6672382,2,0,-130
1767174104.6772382,-2,-2,-127
1767174104.6872382,0,-1,-124
1767174104.6972382,-3,-2,-126
1767174104.7072382,-4,-5,-133
1767174104.7172382,-1,-1,-136
1767174104.7272382,-2,0,-132
1767174104.7372382,4,-2,-133
1767174104.7472382,0,-1,-135
1767174104.757238,0,0,-130
1767174104.767238,3,1,-131
1767174104.777238,4,4,-129
1767174104.787238,0,3,-122
1767174104.797238,-1,0,-119
1767174104.807238,-4,-1,-124
1767174104.817238,-3,-3,-133
1767174104.827238,-2,-4,-134
1767174104.837238,-6,-3,-131
1767174104.847238,-7,-2,-128
1767174104.857238,-9,-3,-123
1767174104.8682382,-7,-5,-115
1767174104.877238,-7,0,-116
1767174104.8882382,-2,-2,-119
1767174104.8982382,1,-4,-117
1767174104.9082382,-2,-8,-112
1767174104.9182382,-1,-5,-117
1767174104.9282382,-2,-6,-125
1767174104.938238,-2,-7,-124
1767174104.948238,0,-3,-128
1767174104.958238,-1,-1,-124
1767174104.968238,-5,2,-110
1767174104.978238,-1,1,-110
1767174104.988238,0,-5,-115
1767174104.998238,-7,-9,-119
1767174105.008238,-7,-7,-119
1767174105.018238,-2,-2,-121
1767174105.028238,-3,5,-123
1767174105.038238,-5,2,-122
1767174105.048238,-3,2,-120
1767174105.0582385,0,1,-119
1767174105.0682385,-2,0,-112
1767174105.0782382,-1,-4,-114
1767174105.0882382,2,-6,-119
1767174105.0982382,4,-2,-126
1767174105.1082382,-1,1,-129
1767174105.1182382,-4,4,-130
1767174105.1282382,-4,0,-131
1767174105.1382382,-3,-5,-131
1767174105.1482382,0,-5,-131
1767174105.1582382,-1,-2,-129
1767174105.1682382,0,0,-132
1767174105.1782382,1,-1,-132
1767174105.188238,-2,-1,-134
1767174105.198238,-9,1,-134
1767174105.208238,-6,1,-130
1767174105.218238,-2,-4,-126
1767174105.228238,0,-6,-133
1767174105.238238,-1,-2,-134
1767174105.248238,0,-2,-137
1767174105.258238,-2,1,-128
1767174105.268238,0,-1,-122
1767174105.278238,-1,0,-123
1767174105.288238,1,2,-123
1767174105.298238,-1,4,-118
1767174105.3082385,3,1,-120
1767174105.3182385,2,-3,-121
1767174105.3282382,1,-2,-126
1767174105.3382382,-3,-3,-123
1767174105.3482382,-4,-6,-117
1767174105.3582382,-2,-1,-120
1767174105.3682382,-4,-3,-120
1767174105.3782382,-4,0,-116
1767174105.3882382,-1,0,-124
1767174105.3982382,-2,-1,-132
1767174105.4082382,-3,-7,-134
1767174105.4182382,1,-6,-128
1767174105.4282382,-2,-5,-123
1767174105.438238,0,-7,-124
1767174105.448238,0,-6,-122
1767174105.458238,0,-3,-123
1767174105.468238,0,-6,-128
1767174105.478238,0,-8,-129
1767174105.488238,0,-4,-128
1767174105.498238,0,-1,-132
1767174105.508238,-1,0,-132
1767174105.518238,-2,0,-125
1767174105.528238,-2,-2,-128
1767174105.538238,-1,-4,-127
1767174105.548238,0,0,-129
1767174105.5582385,-2,0,-128
1767174105.5682385,-2,1,-125
1767174105.5782382,-4,3,-126
1767174105.5882382,-3,3,-129
1767174105.5982382,-1,0,-128
1767174105.6082382,0,-3,-130
1767174105.6182382,0,-4,-127
1767174105.6282382,-2,-6,-130
1767174105.6382382,0,-2,-127
1767174105.6482382,1,0,-124
1767174105.6582382,-1,4,-122
1767174105.6682382,0,3,-119
1767174105.6782382,-2,0,-123
1767174105.688238,-2,0,-124
1767174105.698238,0,2,-128
1767174105.708238,-2,2,-129
1767174105.718238,-6,1,-124
1767174105.728238,-4,0,-123
1767174105.738238,0,-1,-119
1767174105.748238,6,1,-125
1767174105.758238,4,1,-126
1767174105.768238,1,0,-124
1767174105.778238,0,2,-120
1767174105.788238,3,2,-120
1767174105.798238,0,2,-124
1767174105.8082385,-3,0,-123
1767174105.8182385,0,1,-124
1767174105.8282382,1,0,-123
1767174105.8382382,1,4,-123
1767174105.8482382,3,1,-118
1767174105.8582382,5,3,-121
1767174105.8682382,6,2,-123
1767174105.8782382,3,2,-121
1767174105.8882382,3,-2,-124
1767174105.8982382,6,0,-116
1767174105.9082382,6,-2,-114
1767174105.9182382,4,-1,-115
1767174105.9282382,3,-3,-114
1767174105.938238,0,-6,-110
1767174105.948238,-2,-3,-108
1767174105.958238,-2,0,-110
1767174105.968238,0,0,-109
1767174105.978238,2,0,-113
1767174105.988238,5,-1,-115
1767174105.998238,3,-3,-120
1767174106.008238,5,-1,-119
1767174106.018238,5,-3,-124
1767174106.028238,4,-2,-128
1767174106.038238,0,-6,-121
1767174106.048238,-2,-5,-125
1767174106.0582385,-4,-5,-122
1767174106.0682385,-3,-3,-124
1767174106.0782382,-6,-4,-124
1767174106.0882382,-10,-3,-121
1767174106.0982382,-8,-5,-117
1767174106.1082382,-6,-7,-108
1767174106.1182382,-5,-8,-107
1767174106.1282382,-7,-6,-111
1767174106.1382382,-5,-4,-113
1767174106.1482382,-3,0,-117
1767174106.1582382,-2,-1,-121
1767174106.1682382,-2,0,-124
1767174106.1782382,1,0,-121
1767174106.188238,5,0,-124
1767174106.198238,7,-3,-119
1767174106.208238,7,-4,-124
1767174106.218238,6,-3,-129
1767174106.228238,3,-4,-134
1767174106.238238,2,-7,-139
1767174106.248238,4,-4,-130
1767174106.258238,5,0,-126
1767174106.268238,7,0,-129
1767174106.278238,6,0,-130
1767174106.288238,6,-2,-134
1767174106.298238,6,-3,-131
1767174106.3082385,7,-3,-128
1767174106.3182385,2,-5,-126
1767174106.3282382,4,-4,-125
1767174106.3382382,6,-3,-124
1767174106.3482382,3,-1,-123
1767174106.3582382,3,0,-124
1767174106.3682382,0,-1,-128
1767174106.3782382,1,-3,-122
1767174106.3882382,4,-4,-115
1767174106.3982382,5,-4,-120
1767174106.4082382,1,-6,-116
1767174106.4182382,5,-6,-119
1767174106.4282382,3,-5,-120
1767174106.438238,3,-4,-124
1767174106.448238,0,-2,-127
1767174106.458238,0,-6,-131
1767174106.468238,1,-3,-128
1767174106.478238,-1,-6,-123
1767174106.488238,3,-6,-125
1767174106.498238,9,-8,-124
1767174106.508238,6,-7,-134
1767174106.518238,3,-6,-131
1767174106.528238,0,-5,-132
1767174106.538238,2,-2,-136
1767174106.548238,0,-2,-139
1767174106.5582385,-3,-4,-135
1767174106.5682385,-4,-1,-128
1767174106.5782382,-1,-2,-128
1767174106.5882382,-2,1,-123
1767174106.5982382,0,0,-127
1767174106.6082382,5,1,-123
1767174106.6182382,7,2,-118
1767174106.6282382,4,1,-112
1767174106.6382382,6,3,-115
1767174106.6482382,8,8,-121
1767174106.6582382,0,9,-126
1767174106.6682382,1,5,-123
1767174106.6782382,1,3,-118
1767174106.688238,-1,3,-119
1767174106.698238,0,3,-120
1767174106.708238,0,3,-120
1767174106.718238,-3,1,-116
1767174106.728238,-6,4,-118
1767174106.738238,-13,4,-124
1767174106.748238,-12,1,-125
1767174106.758238,-7,0,-127
1767174106.768238,-4,0,-134
1767174106.778238,-1,-5,-131
1767174106.788238,-2,-4,-128
1767174106.798238,2,-5,-129
1767174106.8082385,-1,-4,-124
1767174106.8182385,-1,-4,-123
1767174106.8282382,0,-3,-122
1767174106.8382382,1,-3,-119
1767174106.8482382,3,-2,-115
1767174106.8582382,2,0,-117
1767174106.8682382,1,1,-121
1767174106.8782382,-1,3,-122
1767174106.8882382,-2,1,-129
1767174106.8982382,1,2,-128
1767174106.9082382,1,2,-127
1767174106.9182382,2,4,-124
1767174106.9282382,6,0,-119
1767174106.938238,6,-3,-120
1767174106.948238,9,-5,-119
1767174106.958238,8,-7,-122
1767174106.968238,6,-6,-125
1767174106.978238,2,-9,-126
1767174106.988238,4,-7,-123
1767174106.998238,0,-3,-120
1767174107.008238,2,-4,-119
1767174107.018238,6,-2,-110
1767174107.028238,3,0,-112
1767174107.038238,0,-3,-123
1767174107.048238,0,-7,-127
1767174107.0582385,-1,-5,-124
1767174107.0682385,0,-4,-122
1767174107.0782382,0,-6,-123
1767174107.0882382,-1,0,-126
1767174107.0982382,0,0,-121
1767174107.1082382,1,0,-117
1767174107.1182382,1,-1,-113
1767174107.1282382,-1,-6,-118
1767174107.1382382,-3,-5,-119
1767174107.1482382,0,-1,-120
1767174107.1582382,2,-7,-122
1767174107.1682382,0,-4,-126
1767174107.1782382,2,-1,-126
1767174107.188238,-3,0,-126
1767174107.198238,-6,-1,-119
1767174107.208238,-8,0,-115
1767174107.218238,-6,2,-115
1767174107.228238,-5,1,-122
1767174107.238238,0,-2,-119
1767174107.248238,0,-5,-121
1767174107.258238,5,-4,-126
1767174107.268238,5,-4,-125
1767174107.278238,6,-6,-130
1767174107.288238,6,-3,-125
1767174107.298238,7,-3,-124
1767174107.3082385,3,-9,-116
1767174107.3182385,1,-8,-114
1767174107.3282382,0,-8,-112
1767174107.3382382,-1,-8,-120
1767174107.3482382,-3,-10,-126
1767174107.3582382,-2,-4,-129
1767174107.3682382,-1,-2,-125
1767174107.3782382,0,-3,-127
1767174107.400238,9,-2,-131
1767174107.4082382,6,-4,-125
1767174107.4182382,7,-4,-118
1767174107.4282382,8,-2,-113
1767174107.438238,5,-1,-114
1767174107.448238,0,-4,-117
1767174107.458238,-1,-4,-115
1767174107.468238,-4,-6,-116
1767174107.478238,-5,-5,-120
1767174107.488238,-1,-5,-127
1767174107.498238,-1,-5,-129
1767174107.508238,-4,-10,-127
1767174107.518238,-3,-9,-120
1767174107.528238,-3,-8,-119
1767174107.538238,-1,-3,-121
1767174107.5492382,0,-1,-117
1767174107.5592382,0,2,-122
1767174107.5692382,0,4,-115
1767174107.5792382,0,0,-122
1767174107.5892382,5,-2,-118
1767174107.5992382,4,0,-121
1767174107.609238,6,-1,-127
1767174107.619238,6,-3,-124
1767174107.629238,8,-7,-123
1767174107.639238,3,-6,-135
1767174107.649238,0,-5,-138
1767174107.659238,-4,-7,-133
1767174107.669238,-3,-9,-124
1767174107.679238,-4,-8,-122
1767174107.689238,-2,-9,-115
1767174107.699238,-3,-4,-118
1767174107.709238,-8,-5,-123
1767174107.719238,-7,-4,-115
1767174107.7292385,-7,2,-117
1767174107.7392385,-4,-1,-119
1767174107.7492385,-4,-2,-118
1767174107.7592382,-7,-1,-120
1767174107.7692382,-4,-2,-118
1767174107.7792382,-8,-2,-120
1767174107.7892382,-5,-2,-117
1767174107.7992382,-2,1,-115
1767174107.8092382,-3,0,-122
1767174107.8192382,-2,5,-119
1767174107.8292382,-3,2,-119
1767174107.8392382,-2,2,-127
1767174107.8492382,0,2,-133
1767174107.859238,4,2,-132
1767174107.869238,3,0,-132
1767174107.879238,7,-2,-129
1767174107.889238,3,1,-125
1767174107.899238,0,3,-125
1767174107.909238,-2,6,-125
1767174107.919238,-5,6,-129
1767174107.929238,-2,2,-135
1767174107.939238,0,5,-131
1767174107.949238,1,6,-132
1767174107.959238,3,5,-139
1767174107.969238,3,4,-135
1767174107.9792385,1,8,-129
1767174107.9892385,6,5,-122
1767174107.9992385,7,2,-121
1767174108.0092382,4,5,-118
1767174108.0192382,6,3,-124
1767174108.0292382,5,3,-127
1767174108.0392382,3,0,-132
1767174108.0492382,2,1,-131
1767174108.0592382,0,0,-124
1767174108.0692382,1,-1,-119
1767174108.0792382,0,-3,-124
1767174108.0892382,0,-3,-118
1767174108.0992382,0,-4,-117
1767174108.109238,-4,-7,-120
1767174108.119238,-3,-6,-126
1767174108.129238,-1,-1,-120
1767174108.139238,-1,-1,-116
1767174108.149238,0,-2,-114
1767174108.159238,2,-2,-114
1767174108.169238,2,0,-114
1767174108.179238,-2,0,-119
1767174108.189238,-4,-1,-116
1767174108.199238,-3,-1,-114
1767174108.209238,0,1,-110
1767174108.219238,0,0,-111
1767174108.2292385,0,-2,-115
1767174108.2392385,-4,0,-115
1767174108.2492385,0,-1,-115
1767174108.2592382,0,0,-114
1767174108.2692382,4,-1,-117
1767174108.2792382,4,-1,-119
1767174108.2892382,-1,4,-119
1767174108.2992382,-1,6,-123
1767174108.3092382,-3,7,-124
1767174108.3192382,0,6,-121
1767174108.3292382,-3,4,-124
1767174108.3392382,-1,1,-123
1767174108.3492382,-3,5,-117
1767174108.359238,-4,3,-121
1767174108.369238,-3,2,-123
1767174108.379238,-1,1,-120
1767174108.389238,-5,0,-121
1767174108.399238,-1,-2,-122
1767174108.409238,-2,-10,-120
1767174108.419238,0,-8,-121
1767174108.429238,0,-4,-125
1767174108.439238,1,2,-126
1767174108.449238,2,0,-130
1767174108.459238,2,0,-127
1767174108.469238,2,-2,-130
1767174108.4792385,0,-1,-121
1767174108.4892385,5,1,-121
1767174108.4992385,3,3,-117
1767174108.5092382,-2,0,-125
1767174108.5192382,-4,-2,-126
1767174108.5292382,-4,2,-125
1767174108.5392382,-4,-3,-124
1767174108.5492382,0,-4,-120
1767174108.5592382,-1,-5,-116
1767174108.5692382,-3,-6,-128
1767174108.5792382,0,-4,-132
1767174108.5892382,1,-2,-129
1767174108.5992382,0,1,-125
1767174108.609238,-1,-1,-124
1767174108.619238,-3,-2,-128
1767174108.629238,-1,-6,-125
1767174108.639238,-2,-5,-116
1767174108.649238,0,0,-116
1767174108.659238,1,0,-116
1767174108.669238,1,-1,-120
1767174108.679238,1,4,-123
1767174108.689238,3,3,-126
1767174108.699238,3,0,-129
1767174108.709238,3,4,-128
1767174108.719238,5,7,-128
1767174108.7292385,2,7,-129
1767174108.7392385,5,3,-127
1767174108.7492385,5,2,-126
1767174108.7592382,0,6,-121
1767174108.7692382,-8,3,-122
1767174108.7792382,-9,0,-121
1767174108.7892382,-6,-4,-120
1767174108.7992382,-6,-5,-121
1767174108.8092382,-4,-7,-127
1767174108.8192382,-7,-3,-130
1767174108.8292382,-4,-1,-124
1767174108.8392382,-2,-1,-128
1767174108.8492382,-6,-1,-124
1767174108.859238,-6,-5,-124
1767174108.869238,-4,-5,-128
1767174108.879238,-6,-6,-128
1767174108.889238,-2,-4,-128
1767174108.899238,-2,-1,-130
1767174108.909238,-2,1,-133
1767174108.919238,0,4,-126
1767174108.929238,-1,1,-128
1767174108.939238,-3,1,-122
1767174108.949238,-4,0,-126
1767174108.959238,-3,0,-131
1767174108.969238,0,0,-128
1767174108.9792385,0,-1,-122
1767174108.9892385,-2,-3,-121
1767174108.9992385,-8,-2,-116
1767174109.0092382,-6,-3,-117
1767174109.0192382,-3,-8,-121
1767174109.0292382,-1,-11,-120
1767174109.0392382,3,-11,-112
1767174109.0492382,1,-9,-108
1767174109.0592382,1,-7,-114
1767174109.0692382,0,-4,-111
1767174109.0792382,-5,-1,-116
1767174109.0892382,-2,-5,-124
1767174109.0992382,0,-4,-117
1767174109.109238,3,-7,-118
1767174109.119238,6,-3,-121
1767174109.129238,6,-3,-121
1767174109.139238,4,-3,-125
1767174109.149238,6,-6,-129
1767174109.159238,7,-5,-126
1767174109.169238,6,-4,-121
1767174109.179238,4,-2,-125
1767174109.189238,2,-2,-128
1767174109.199238,-1,2,-131
1767174109.209238,-2,0,-127
1767174109.219238,2,-1,-123
1767174109.2292385,6,-2,-125
1767174109.2392385,4,-3,-125
1767174109.2492385,8,-2,-123
1767174109.2592382,8,-1,-118
1767174109.2692382,7,0,-122
1767174109.2792382,4,-2,-127
1767174109.2892382,-1,-7,-130
1767174109.2992382,1,-4,-129
1767174109.3092382,-1,-6,-128
1767174109.3192382,0,-5,-128
1767174109.3292382,-2,-7,-130
1767174109.3392382,-3,-8,-128
1767174109.3492382,-2,-4,-124
1767174109.359238,1,-1,-122
1767174109.369238,0,0,-125
1767174109.379238,2,0,-125
1767174109.389238,8,-5,-124
1767174109.399238,10,-8,-125
1767174109.409238,9,-10,-126
1767174109.419238,5,-10,-127
1767174109.429238,9,-7,-122
1767174109.439238,6,-2,-121
1767174109.449238,5,1,-119
1767174109.459238,5,-1,-117
1767174109.469238,2,0,-119
1767174109.4792385,1,-3,-124
1767174109.4892385,1,1,-122
1767174109.4992385,0,1,-122
1767174109.5092382,-6,1,-122
1767174109.5192382,-7,0,-121
1767174109.5292382,-3,0,-120
1767174109.5392382,0,2,-120
1767174109.5492382,2,2,-122
1767174109.5592382,3,2,-122
1767174109.5692382,0,2,-121
1767174109.5792382,3,0,-129
1767174109.5892382,3,0,-124
1767174109.5992382,1,0,-122
1767174109.609238,0,1,-122
1767174109.619238,-2,6,-116
1767174109.629238,0,5,-119
1767174109.639238,0,0,-121
1767174109.649238,-3,0,-122
1767174109.659238,0,0,-116
1767174109.669238,-3,0,-116
1767174109.679238,-1,0,-122
1767174109.689238,-2,1,-120
1767174109.699238,0,1,-124
1767174109.709238,0,3,-121
1767174109.719238,0,1,-124
1767174109.7292385,0,1,-123
1767174109.7392385,-1,0,-122
1767174109.7492385,2,3,-121
1767174109.7592382,5,2,-125
1767174109.7692382,6,3,-117
1767174109.7792382,8,5,-115
1767174109.7892382,7,6,-118
1767174109.7992382,5,7,-116
1767174109.8092382,6,2,-115
1767174109.8192382,2,1,-120
1767174109.8292382,4,-1,-118
1767174109.8392382,5,-2,-128
1767174109.8492382,5,-3,-127
1767174109.859238,5,1,-121
1767174109.869238,3,1,-121
1767174109.879238,6,1,-127
1767174109.889238,1,3,-137
1767174109.899238,5,2,-134
1767174109.909238,3,3,-124
1767174109.919238,0,2,-126
1767174109.929238,-4,4,-130
1767174109.939238,-7,5,-132
1767174109.949238,-4,1,-137
1767174109.959238,-7,0,-132
1767174109.969238,-9,0,-127
1767174109.9792385,-5,1,-124
1767174109.9892385,-1,-2,-124
1767174109.9992385,1,0,-125
1767174110.0092382,-1,0,-121
1767174110.0192382,-1,1,-116
1767174110.0292382,-3,0,-116
1767174110.0392382,-4,0,-122
1767174110.0492382,-2,1,-120
1767174110.0592382,0,0,-119
1767174110.0692382,0,1,-122
1767174110.0792382,1,0,-123
1767174110.0892382,6,0,-120
1767174110.0992382,7,1,-120
1767174110.109238,5,0,-115
1767174110.119238,4,1,-118
1767174110.129238,7,6,-118
1767174110.139238,7,8,-119
1767174110.150238,11,8,-119
1767174110.159238,9,7,-118
1767174110.169238,13,6,-116
1767174110.179238,14,5,-123
1767174110.1902382,15,7,-124
1767174110.2002382,12,6,-122
1767174110.2102382,8,3,-122
1767174110.2202382,5,0,-118
1767174110.2302382,5,-1,-118
1767174110.2402382,3,0,-121
1767174110.2502382,4,1,-124
1767174110.2602382,4,1,-124
1767174110.2702382,1,0,-128
1767174110.2802382,0,-1,-130
1767174110.290238,0,-4,-129
1767174110.300238,0,-4,-120
1767174110.310238,2,-1,-120
1767174110.320238,1,-3,-123
1767174110.330238,0,-1,-127
1767174110.340238,6,-1,-135
1767174110.350238,6,-2,-135
1767174110.360238,5,2,-133
1767174110.370238,5,4,-132
1767174110.380238,1,2,-129
1767174110.390238,0,2,-121
1767174110.400238,1,1,-118
1767174110.4102385,-2,1,-125
1767174110.4202385,2,0,-129
1767174110.4302382,6,1,-127
1767174110.4402382,8,1,-122
1767174110.4502382,6,0,-120
1767174110.4602382,0,-1,-112
1767174110.4702382,2,0,-115
1767174110.4802382,0,-4,-120
1767174110.4902382,0,-3,-121
1767174110.5002382,0,-3,-124
1767174110.5102382,0,-4,-130
1767174110.5202382,-2,-6,-127
1767174110.5302382,-3,-7,-126
1767174110.540238,-3,-7,-126
1767174110.550238,-6,-5,-127
1767174110.560238,-3,-7,-131
1767174110.570238,-1,-5,-130
1767174110.580238,0,-6,-130
1767174110.590238,-1,-4,-129
1767174110.600238,-2,-6,-129
1767174110.610238,-1,-2,-125
1767174110.620238,-1,-5,-122
1767174110.630238,-3,-3,-120
1767174110.640238,-1,0,-117
1767174110.650238,0,0,-115
1767174110.6602385,0,-4,-118
1767174110.6702385,0,-5,-118
1767174110.6802382,-4,-5,-126
1767174110.6902382,-5,-1,-124
1767174110.7002382,-4,0,-127
1767174110.7102382,-3,3,-125
1767174110.7202382,-3,5,-124
1767174110.7302382,-6,5,-122
1767174110.7402382,-8,3,-119
1767174110.7502382,-5,5,-121
1767174110.7602382,-1,8,-122
1767174110.7702382,0,7,-120
1767174110.7802382,4,9,-119
1767174110.790238,6,7,-121
1767174110.800238,3,6,-126
1767174110.810238,0,4,-124
1767174110.820238,4,5,-125
1767174110.830238,9,7,-130
1767174110.840238,7,7,-130
1767174110.850238,-1,6,-135
1767174110.860238,0,4,-128
1767174110.870238,1,0,-125
1767174110.880238,5,2,-126
1767174110.890238,0,4,-125
1767174110.900238,0,4,-119
1767174110.9102385,4,4,-122
1767174110.9202385,6,6,-129
1767174110.9302382,6,6,-119
1767174110.9402382,8,4,-119
1767174110.9502382,5,0,-114
1767174110.9602382,2,0,-119
1767174110.9702382,2,-2,-130
1767174110.9802382,5,-2,-138
1767174110.9902382,5,-4,-132
1767174111.0002382,2,-3,-124
1767174111.0102382,3,-1,-122
1767174111.0202382,2,0,-123
1767174111.0302382,-1,-2,-130
1767174111.040238,-1,-1,-129
1767174111.050238,-4,-1,-133
1767174111.060238,-2,-1,-128
1767174111.070238,0,0,-133
1767174111.080238,-3,-2,-131
1767174111.090238,-3,-3,-131
1767174111.100238,0,-4,-128
1767174111.110238,0,-8,-126
1767174111.120238,5,-8,-124
1767174111.130238,4,-7,-124
1767174111.140238,4,-6,-115
1767174111.150238,2,-3,-113
1767174111.1602385,0,-1,-123
1767174111.1702385,-2,-1,-129
1767174111.1802382,0,2,-133
1767174111.1902382,3,2,-129
1767174111.2002382,4,0,-129
1767174111.2102382,4,-2,-121
1767174111.2202382,2,-1,-113
1767174111.2302382,3,0,-111
1767174111.2402382,4,4,-106
1767174111.2502382,0,4,-105
1767174111.2602382,2,1,-105
1767174111.2702382,-1,1,-113
1767174111.2802382,-1,1,-109
1767174111.290238,-1,5,-116
1767174111.300238,-1,3,-120
1767174111.310238,2,3,-117
1767174111.320238,0,3,-124
1767174111.330238,2,3,-130
1767174111.340238,3,5,-131
1767174111.350238,4,5,-130
1767174111.360238,7,2,-126
1767174111.370238,8,3,-127
1767174111.380238,3,7,-128
1767174111.390238,2,1,-122
1767174111.400238,0,1,-122
1767174111.4102385,2,2,-128
1767174111.4202385,1,2,-126
1767174111.4302382,0,0,-120
1767174111.4402382,0,5,-128
1767174111.4502382,3,3,-123
1767174111.4602382,0,5,-125
1767174111.4702382,0,6,-123
1767174111.4802382,4,2,-123
1767174111.4902382,1,1,-125
1767174111.5002382,5,0,-124
1767174111.5102382,1,0,-121
1767174111.5202382,5,-2,-121
1767174111.5302382,6,-2,-123
1767174111.540238,6,-2,-131
1767174111.550238,6,-2,-125
1767174111.560238,9,-2,-124
1767174111.570238,7,0,-121
1767174111.580238,8,-3,-121
1767174111.590238,6,-1,-116
1767174111.600238,3,-4,-112
1767174111.610238,6,-5,-120
1767174111.620238,11,-5,-124
1767174111.630238,5,-4,-127
1767174111.640238,5,-6,-134
1767174111.650238,-1,-5,-128
1767174111.6602385,0,-2,-126
1767174111.6702385,-3,0,-123
1767174111.6802382,-4,0,-125
1767174111.6902382,-3,-1,-124
1767174111.7002382,-1,-1,-131
1767174111.7102382,-4,-2,-132
1767174111.7202382,-5,-4,-134
1767174111.7302382,-5,1,-132
1767174111.7402382,-5,0,-125
1767174111.7502382,-3,1,-123
1767174111.7602382,-1,0,-122
1767174111.7702382,-1,3,-120
1767174111.7802382,1,3,-123
1767174111.790238,0,0,-123
1767174111.800238,-1,-1,-118
1767174111.810238,2,1,-115
1767174111.820238,4,3,-120
1767174111.830238,1,1,-127
1767174111.840238,0,2,-123
1767174111.850238,2,0,-132
1767174111.860238,3,1,-134
1767174111.870238,-3,3,-135
1767174111.880238,0,4,-136
1767174111.890238,1,-1,-135
1767174111.900238,5,0,-130
1767174111.9102385,0,-2,-124
1767174111.9202385,-6,-3,-118
1767174111.9302382,-10,-5,-120
1767174111.9402382,-12,-8,-116
1767174111.9502382,-8,-8,-116
1767174111.9602382,-8,-5,-116
1767174111.9702382,-6,-5,-119
1767174111.9802382,0,0,-127
1767174111.9902382,-8,-1,-121
1767174112.0002382,-4,-2,-118
1767174112.0102382,-2,-5,-120
1767174112.0202382,0,-3,-121
1767174112.0302382,0,-5,-120
1767174112.040238,0,-5,-123
1767174112.050238,0,-5,-114
1767174112.060238,1,-6,-119
1767174112.070238,1,-5,-121
1767174112.080238,3,-6,-126
1767174112.090238,-1,0,-124
1767174112.100238,0,0,-127
1767174112.110238,-2,0,-130
1767174112.120238,0,0,-133
1767174112.130238,0,3,-132
1767174112.140238,-1,6,-126
1767174112.150238,1,2,-124
1767174112.1602385,2,4,-131
1767174112.1702385,-1,5,-134
1767174112.1802382,-2,3,-126
1767174112.1902382,-1,0,-127
1767174112.2002382,1,0,-125
1767174112.2102382,1,0,-120
1767174112.2202382,0,-4,-117
1767174112.2302382,-1,-1,-120
1767174112.2402382,-2,0,-126
1767174112.2502382,0,0,-123
1767174112.2602382,-1,1,-123
1767174112.2702382,-1,1,-124
1767174112.2802382,5,3,-126
1767174112.290238,6,6,-128
1767174112.300238,2,9,-132
1767174112.310238,3,8,-127
1767174112.320238,0,7,-124
1767174112.330238,0,6,-122
1767174112.340238,-5,3,-122
1767174112.350238,-6,1,-120
1767174112.360238,-9,0,-122
1767174112.370238,-7,-1,-122
1767174112.380238,-5,1,-124
1767174112.390238,-2,3,-122
1767174112.4112382,-5,4,-125
1767174112.4202385,-3,-2,-125
1767174112.4302382,0,2,-120
1767174112.4402382,0,0,-119
1767174112.4502382,1,0,-117
1767174112.4602382,4,1,-119
1767174112.4702382,1,7,-121
1767174112.4802382,1,1,-112
1767174112.4902382,4,1,-113
1767174112.5002382,2,1,-111
1767174112.5102382,0,-1,-116
1767174112.5202382,1,-5,-120
1767174112.5302382,2,-3,-120
1767174112.540238,3,-5,-115
1767174112.550238,3,-5,-116
1767174112.560238,-1,-4,-119
1767174112.570238,0,-3,-117
1767174112.580238,-2,2,-115
1767174112.590238,-4,-1,-118
1767174112.600238,-3,-3,-117
1767174112.610238,-2,-5,-126
1767174112.620238,0,-3,-133
1767174112.630238,0,-1,-133
1767174112.640238,-1,0,-131
1767174112.650238,-1,3,-134
1767174112.6602385,0,0,-132
1767174112.6702385,0,1,-128
1767174112.6802382,-2,0,-124
1767174112.6902382,1,-3,-117
1767174112.7002382,0,-3,-120
1767174112.7102382,0,-1,-126
1767174112.7202382,-6,0,-126
1767174112.7302382,-4,1,-125
1767174112.7402382,-3,0,-123
1767174112.7502382,-2,2,-121
1767174112.7602382,-5,2,-128
1767174112.7702382,-5,1,-125
1767174112.7802382,-5,0,-126
1767174112.790238,-2,7,-125
1767174112.800238,-1,9,-128
1767174112.811238,2,7,-129
1767174112.821238,4,6,-133
1767174112.8312385,0,7,-129
1767174112.8412385,2,6,-124
1767174112.8512385,2,3,-126
1767174112.8612382,-2,4,-129
1767174112.8712382,-4,1,-127
1767174112.8812382,-6,-2,-126
1767174112.8912382,-7,-5,-123
1767174112.9012382,-7,-6,-129
1767174112.9112382,-1,-3,-126
1767174112.9212382,3,-7,-124
1767174112.9312382,0,-8,-121
1767174112.9412382,2,-2,-126
1767174112.9512382,2,-1,-135
1767174112.961238,9,2,-134
1767174112.971238,9,6,-133
1767174112.981238,6,1,-132
1767174112.991238,3,1,-132
1767174113.001238,3,1,-133
1767174113.011238,6,1,-134
1767174113.021238,5,0,-134
1767174113.031238,3,1,-127
1767174113.041238,-2,0,-127
1767174113.051238,-4,-1,-126
1767174113.061238,-5,-2,-126
1767174113.071238,0,1,-123
1767174113.0812385,3,0,-128
1767174113.0912385,2,0,-131
1767174113.1012385,0,1,-128
1767174113.1112382,0,-1,-125
1767174113.1212382,3,2,-128
1767174113.1312382,2,4,-127
1767174113.1412382,2,0,-125
1767174113.1512382,3,1,-125
1767174113.1612382,3,2,-128
1767174113.1712382,1,5,-124
1767174113.1812382,0,5,-118
1767174113.1912382,0,4,-114
1767174113.2012382,-1,0,-118
1767174113.211238,-2,0,-122
1767174113.221238,-3,0,-124
1767174113.231238,-4,1,-128
1767174113.241238,0,5,-132
1767174113.251238,0,1,-131
1767174113.261238,3,2,-126
1767174113.271238,0,2,-127
1767174113.281238,-1,1,-129
1767174113.291238,1,0,-125
1767174113.301238,6,1,-130
1767174113.311238,4,1,-133
1767174113.321238,2,-1,-128
1767174113.3312385,-3,-1,-126
1767174113.3412385,0,3,-123
1767174113.3512385,0,2,-127
1767174113.3612382,1,2,-130
1767174113.3712382,-5,0,-131
1767174113.3812382,-6,0,-130
1767174113.3912382,-2,2,-129
1767174113.4012382,-6,1,-133
1767174113.4112382,-6,0,-130
1767174113.4212382,-7,-1,-126
1767174113.4312382,-6,-1,-122
1767174113.4412382,-6,0,-129
1767174113.4512382,-8,-2,-125
1767174113.461238,-8,-2,-124
1767174113.471238,0,0,-116
1767174113.481238,2,0,-116
1767174113.491238,4,-2,-117
1767174113.501238,4,-7,-111
1767174113.511238,3,-12,-108
1767174113.521238,3,-11,-109
1767174113.531238,2,-5,-112
1767174113.541238,1,-3,-110
1767174113.551238,0,-4,-114
1767174113.561238,-4,-4,-112
1767174113.571238,-6,-5,-122
1767174113.5812385,-3,-7,-116
1767174113.5912385,-4,-8,-117
1767174113.6012385,-1,0,-121
1767174113.6112382,0,-2,-120
1767174113.6212382,0,-1,-118
1767174113.6312382,2,-4,-120
1767174113.6412382,0,-5,-123
1767174113.6512382,6,-6,-123
1767174113.6612382,7,-1,-125
1767174113.6712382,3,-1,-123
1767174113.6812382,3,-4,-119
1767174113.6912382,-2,-5,-124
1767174113.7012382,-2,-7,-122
1767174113.711238,0,-9,-122
1767174113.721238,2,-7,-130
1767174113.731238,6,-7,-138
1767174113.741238,7,-8,-132
1767174113.751238,8,-7,-126
1767174113.761238,4,-6,-125
1767174113.771238,3,-5,-125
1767174113.781238,2,-8,-131
1767174113.791238,0,-4,-130
1767174113.801238,5,-6,-131
1767174113.811238,3,-5,-132
1767174113.821238,4,-3,-130
1767174113.8312385,7,-2,-131
1767174113.8412385,4,0,-129
1767174113.8512385,2,0,-125
1767174113.8612382,0,1,-130
1767174113.8712382,0,3,-135
1767174113.8812382,1,0,-128
1767174113.8912382,1,0,-118
1767174113.9012382,4,4,-118
1767174113.9112382,8,6,-117
1767174113.9212382,5,2,-113
1767174113.9312382,0,1,-120
1767174113.9412382,-2,1,-114
1767174113.9512382,-9,-1,-120
1767174113.961238,-9,1,-123
1767174113.971238,-9,-4,-121
1767174113.981238,-7,-4,-123
1767174113.991238,-10,-7,-120
1767174114.001238,-9,-7,-119
1767174114.011238,-7,-4,-116
1767174114.021238,-10,-5,-117
1767174114.031238,-5,-7,-116
1767174114.041238,-6,-3,-120
1767174114.051238,-7,-1,-115
1767174114.061238,-6,-2,-111
1767174114.071238,-9,-8,-113
1767174114.0812385,-8,-5,-123
1767174114.0912385,-9,0,-119
1767174114.1012385,-4,-4,-120
1767174114.1112382,0,-7,-115
1767174114.1212382,0,-5,-118
1767174114.1312382,0,-6,-124
1767174114.1412382,1,-7,-127
1767174114.1512382,5,-7,-123
1767174114.1612382,8,-5,-123
1767174114.1712382,7,-1,-124
1767174114.1812382,11,-1,-123
1767174114.1912382,9,0,-129
1767174114.2012382,9,-1,-138
1767174114.211238,10,-7,-133
1767174114.221238,9,-9,-134
1767174114.231238,5,-10,-135
1767174114.241238,3,-7,-125
1767174114.251238,4,-6,-118
1767174114.261238,3,-1,-129
1767174114.271238,4,0,-129
1767174114.281238,7,2,-130
1767174114.291238,7,4,-130
1767174114.301238,5,3,-128
1767174114.311238,4,1,-131
1767174114.321238,3,-4,-135
1767174114.3312385,3,-7,-129
1767174114.3412385,7,-4,-129
1767174114.3512385,7,0,-122
1767174114.3612382,5,4,-120
1767174114.3712382,8,5,-118
1767174114.3812382,9,3,-117
1767174114.3912382,8,0,-120
1767174114.4012382,10,0,-126
1767174114.4112382,9,3,-128
1767174114.4212382,2,4,-134
1767174114.4312382,3,5,-131
1767174114.4412382,10,6,-133
1767174114.4512382,8,7,-132
1767174114.461238,6,5,-136
1767174114.471238,0,2,-135
1767174114.481238,4,3,-134
1767174114.491238,5,2,-135
1767174114.501238,5,0,-135
1767174114.511238,4,0,-131
1767174114.521238,-1,-2,-130
1767174114.531238,-7,-2,-133
1767174114.541238,-10,-1,-132
1767174114.551238,-6,0,-128
1767174114.561238,-5,7,-126
1767174114.571238,3,6,-128
1767174114.5812385,3,1,-125
1767174114.5912385,7,3,-124
1767174114.6012385,6,3,-124
1767174114.6112382,5,0,-130
1767174114.6212382,2,-2,-132
1767174114.6312382,-2,-4,-138
1767174114.6412382,0,-5,-138
1767174114.6512382,3,-5,-129
1767174114.6612382,5,-4,-131
1767174114.6712382,4,-3,-128
1767174114.6812382,5,-4,-126
1767174114.6912382,7,-9,-116
1767174114.7012382,4,-9,-113
1767174114.711238,2,-7,-111
1767174114.721238,3,-6,-114
1767174114.731238,2,-7,-114
1767174114.741238,-1,-6,-112
1767174114.751238,-3,-4,-119
1767174114.761238,-1,-2,-121
1767174114.771238,-4,-1,-127
1767174114.781238,-2,0,-132
1767174114.791238,2,0,-135
1767174114.801238,1,3,-135
1767174114.811238,0,2,-127
1767174114.821238,1,4,-126
1767174114.8312385,0,5,-126
1767174114.8412385,0,5,-128
1767174114.8512385,1,3,-129
1767174114.8612382,-1,3,-130
1767174114.8712382,1,3,-127
1767174114.8812382,1,2,-127
1767174114.8912382,0,2,-129
1767174114.9012382,1,6,-133
1767174114.9112382,0,4,-134
1767174114.9212382,-1,0,-128
1767174114.9312382,0,-1,-123
1767174114.9412382,1,-1,-119
1767174114.9512382,0,2,-122
1767174114.961238,-1,3,-122
1767174114.971238,-5,3,-127
1767174114.981238,-4,2,-130
1767174114.991238,-6,2,-131
1767174115.001238,0,0,-129
1767174115.011238,0,-1,-128
1767174115.021238,0,-2,-127
1767174115.031238,-2,-2,-128
1767174115.041238,-4,-3,-116
1767174115.051238,-6,-4,-109
1767174115.061238,-7,-4,-117
1767174115.071238,-4,-1,-124
1767174115.0812385,-4,0,-122
1767174115.0912385,-3,-3,-123
1767174115.1012385,-6,-2,-125
1767174115.1112382,-4,0,-130
1767174115.1212382,0,-1,-130
1767174115.1312382,0,0,-124
1767174115.1412382,1,-1,-135
1767174115.1512382,1,-2,-134
1767174115.1612382,-1,-5,-137
1767174115.1712382,-1,-2,-139
1767174115.1812382,1,-1,-136
1767174115.1912382,1,0,-135
1767174115.2012382,0,3,-130
1767174115.211238,-5,-1,-129
1767174115.221238,-5,-5,-129
1767174115.231238,-4,-4,-125
1767174115.241238,-4,-2,-124
1767174115.251238,-5,0,-119
1767174115.261238,-6,0,-119
1767174115.271238,-4,1,-120
1767174115.281238,-5,3,-121
1767174115.291238,-2,0,-128
1767174115.301238,-1,-1,-131
1767174115.311238,-1,-1,-133
1767174115.321238,-1,0,-125
1767174115.3312385,0,-2,-127
1767174115.3412385,1,-5,-132
1767174115.3512385,-4,-5,-134
1767174115.3612382,0,-4,-134
1767174115.3712382,-1,-6,-126
1767174115.3812382,3,-6,-124
1767174115.3912382,6,-2,-119
1767174115.4012382,5,-1,-118
1767174115.4112382,2,-3,-115
1767174115.4212382,5,0,-119
1767174115.4312382,5,-1,-127
1767174115.4412382,2,-1,-129
1767174115.4512382,2,-3,-129
1767174115.461238,0,-2,-126
1767174115.471238,0,0,-120
1767174115.481238,0,0,-120
1767174115.492238,0,2,-124
1767174115.502238,0,0,-125
1767174115.5122385,-1,0,-127
1767174115.5222385,-6,0,-122
1767174115.5322382,-5,-3,-120
1767174115.5422382,-3,-1,-116
1767174115.5522382,1,0,-119
1767174115.5622382,-4,0,-119
1767174115.5722382,-1,-4,-126
1767174115.5822382,-1,-5,-124
1767174115.5922382,0,-1,-129
1767174115.6022382,1,1,-130
1767174115.6122382,2,2,-129
1767174115.6222382,0,0,-128
1767174115.632238,3,3,-127
1767174115.642238,1,3,-127
1767174115.652238,-4,0,-129
1767174115.662238,-4,2,-125
1767174115.672238,-1,0,-125
1767174115.682238,-2,-2,-131
1767174115.692238,-1,-1,-127
1767174115.702238,4,0,-119
1767174115.712238,4,0,-116
1767174115.722238,1,-3,-114
1767174115.732238,-2,-7,-117
1767174115.742238,-4,-5,-123
1767174115.752238,-6,-8,-128
1767174115.7622385,-6,-7,-127
1767174115.7722385,-6,-9,-130
1767174115.7822382,-6,-8,-133
1767174115.7922382,-2,-9,-127
1767174115.8022382,0,-11,-130
1767174115.8122382,2,-10,-132
1767174115.8222382,0,-4,-126
1767174115.8322382,-2,-3,-124
1767174115.8422382,-3,0,-133
1767174115.8522382,-7,0,-139
1767174115.8622382,-8,-2,-134
1767174115.8722382,-6,0,-134
1767174115.882238,-3,-1,-133
1767174115.892238,0,0,-134
1767174115.902238,2,-1,-131
1767174115.912238,0,-3,-135
1767174115.922238,0,-7,-137
1767174115.932238,-2,-9,-135
1767174115.942238,0,-4,-131
1767174115.952238,2,-2,-135
1767174115.962238,3,-3,-131
1767174115.972238,4,-4,-125
1767174115.982238,7,-4,-118
1767174115.992238,6,-6,-118
1767174116.002238,6,-5,-112
1767174116.0122385,6,-3,-112
1767174116.0222385,8,0,-113
1767174116.0322382,4,0,-115
1767174116.0422382,3,0,-120
1767174116.0522382,1,1,-124
1767174116.0622382,-2,2,-124
1767174116.0722382,-4,2,-128
1767174116.0822382,-2,8,-124
1767174116.0922382,0,10,-121
1767174116.1022382,5,9,-119
1767174116.1122382,5,8,-122
1767174116.1222382,5,7,-119
1767174116.132238,2,4,-120
1767174116.142238,1,3,-125
1767174116.152238,1,1,-130
1767174116.162238,0,-1,-131
1767174116.172238,2,0,-133
1767174116.182238,0,-1,-130
1767174116.192238,0,-1,-133
1767174116.202238,0,-3,-126
1767174116.212238,1,-5,-128
1767174116.222238,0,-3,-130
1767174116.232238,0,-1,-136
1767174116.242238,-3,-2,-132
1767174116.252238,-5,-3,-135
1767174116.2622385,-7,-2,-134
1767174116.2722385,-3,-1,-137
1767174116.2822382,0,0,-139
1767174116.2922382,-1,0,-136
1767174116.3022382,-2,-1,-133
1767174116.3122382,0,0,-137
1767174116.3222382,0,0,-126
1767174116.3322382,-1,-1,-122
1767174116.3422382,-2,-7,-126
1767174116.3522382,0,-2,-126
1767174116.3622382,1,-4,-127
1767174116.3722382,5,-1,-133
1767174116.382238,5,-1,-130
1767174116.392238,4,0,-127
1767174116.402238,-5,-1,-127
1767174116.412238,-2,0,-131
1767174116.422238,-1,1,-125
1767174116.432238,0,1,-130
1767174116.442238,2,-2,-127
1767174116.452238,3,-2,-127
1767174116.462238,3,0,-126
1767174116.4732382,2,0,-122
1767174116.482238,0,1,-124
1767174116.492238,0,-1,-117
1767174116.502238,3,0,-116
1767174116.5122385,0,0,-124
1767174116.5222385,-1,3,-116
1767174116.5322382,-2,3,-117
1767174116.5422382,2,2,-119
1767174116.5522382,0,2,-125
1767174116.5622382,-2,3,-125
1767174116.5722382,5,3,-125
1767174116.5822382,4,2,-123
1767174116.5922382,4,-1,-118
1767174116.6022382,3,0,-123
1767174116.6122382,2,-2,-123
1767174116.6222382,2,1,-121
1767174116.632238,4,0,-115
1767174116.642238,0,0,-119
1767174116.652238,0,-3,-122
1767174116.662238,0,-2,-128
1767174116.672238,2,1,-127
1767174116.682238,4,3,-129
1767174116.692238,6,9,-128
1767174116.702238,8,8,-131
1767174116.712238,7,5,-129
1767174116.722238,1,4,-129
1767174116.732238,4,0,-130
1767174116.742238,5,0,-131
1767174116.752238,8,-3,-132
1767174116.7622385,1,0,-134
1767174116.7722385,1,-4,-137
1767174116.7822382,2,-3,-135
1767174116.7922382,2,0,-131
1767174116.8022382,1,3,-128
1767174116.8122382,-1,5,-130
1767174116.8222382,2,1,-130
1767174116.8322382,3,2,-128
1767174116.8422382,3,-2,-125
1767174116.8522382,0,-1,-124
1767174116.8622382,0,0,-126
1767174116.8722382,-3,2,-126
1767174116.882238,-5,7,-122
1767174116.892238,-1,5,-117
1767174116.902238,-2,2,-118
1767174116.912238,-6,2,-123
1767174116.922238,-4,0,-124
1767174116.932238,-7,0,-121
1767174116.942238,-7,2,-117
1767174116.952238,-4,2,-121
1767174116.962238,-6,2,-118
1767174116.972238,0,1,-120
1767174116.982238,2,0,-120
1767174116.992238,4,2,-116
1767174117.002238,6,2,-117
1767174117.0122385,3,0,-115
1767174117.0222385,3,-2,-118
1767174117.0322382,0,0,-125
1767174117.0422382,-2,0,-123
1767174117.0522382,0,-1,-120
1767174117.0622382,3,-2,-123
1767174117.0722382,7,-3,-124
1767174117.0822382,10,-6,-123
1767174117.0922382,4,-5,-121
1767174117.1022382,0,-4,-119
1767174117.1122382,-1,-7,-125
1767174117.1222382,-2,0,-122
1767174117.132238,2,0,-127
1767174117.142238,4,0,-125
1767174117.152238,3,-1,-120
1767174117.162238,2,-1,-118
1767174117.172238,1,-3,-119
1767174117.182238,1,-3,-120
1767174117.192238,-3,0,-116
1767174117.202238,-4,0,-120
1767174117.212238,-4,-2,-124
1767174117.222238,-3,-2,-134
1767174117.232238,-2,-1,-133
1767174117.242238,-7,-2,-127
1767174117.252238,-3,0,-122
1767174117.2622385,0,-1,-127
1767174117.2722385,0,0,-126
1767174117.2822382,0,-3,-124
1767174117.2922382,1,-5,-131
1767174117.3022382,0,-5,-128
1767174117.3122382,0,-4,-127
1767174117.3222382,-6,-3,-127
1767174117.3322382,0,-1,-128
1767174117.3422382,3,-2,-123
1767174117.3522382,3,-3,-120
1767174117.3622382,6,-6,-118
1767174117.3722382,5,-7,-118
1767174117.382238,3,-5,-116
1767174117.392238,0,-4,-116
1767174117.402238,-3,-6,-118
1767174117.4242382,1,-7,-115
1767174117.432238,1,-5,-115
1767174117.442238,-1,-4,-122
1767174117.452238,-1,-9,-122
1767174117.462238,0,-5,-119
1767174117.472238,4,-8,-116
1767174117.482238,3,-6,-124
1767174117.492238,1,-2,-119
1767174117.502238,0,-1,-113
1767174117.5122385,0,1,-113
1767174117.5222385,0,0,-118
1767174117.5322382,3,-1,-120
1767174117.5422382,1,4,-120
1767174117.5522382,-2,1,-119
1767174117.5622382,-7,0,-117
1767174117.5722382,0,1,-123
1767174117.5822382,2,-1,-118
1767174117.5922382,1,0,-126
1767174117.6022382,0,2,-126
1767174117.6122382,-2,0,-128
1767174117.6222382,-2,0,-125
1767174117.632238,-4,1,-120
1767174117.642238,-5,2,-122
1767174117.652238,-6,4,-122
1767174117.662238,-5,-1,-122
1767174117.672238,-4,-4,-121
1767174117.682238,-3,-4,-118
1767174117.692238,-3,-4,-123
1767174117.702238,-4,-5,-123
1767174117.712238,0,-3,-118
1767174117.722238,4,-5,-120
1767174117.732238,4,-4,-121
1767174117.742238,7,-3,-116
1767174117.752238,4,-7,-116
1767174117.7622385,6,-6,-113
1767174117.7722385,3,-3,-118
1767174117.7822382,3,-4,-117
1767174117.7922382,5,-2,-117
1767174117.8022382,0,-2,-115
1767174117.8122382,0,-3,-117
1767174117.8222382,-3,-7,-124
1767174117.8322382,0,-5,-127
1767174117.8422382,-2,-1,-122
1767174117.8522382,-4,-1,-115
1767174117.8622382,1,-3,-108
1767174117.8722382,0,-4,-112
1767174117.882238,-1,-6,-113
1767174117.892238,-5,-4,-118
1767174117.902238,-1,-2,-122
1767174117.912238,0,-3,-122
1767174117.922238,-5,-3,-118
1767174117.932238,-5,-5,-121
1767174117.942238,-10,-6,-119
1767174117.952238,-6,-3,-122
1767174117.962238,-3,0,-131
1767174117.972238,0,0,-128
1767174117.982238,-2,-4,-128
1767174117.992238,-1,-3,-129
1767174118.002238,2,0,-125
1767174118.0122385,0,-1,-116
1767174118.0222385,-3,0,-115
1767174118.0322382,-5,0,-120
1767174118.0422382,-5,1,-125
1767174118.0522382,-4,-3,-126
1767174118.0622382,-2,-6,-119
1767174118.0722382,0,-7,-118
1767174118.0822382,4,-6,-130
1767174118.0922382,1,0,-129
1767174118.1022382,5,5,-128
1767174118.1122382,7,3,-127
1767174118.123238,3,-2,-122
1767174118.133238,-1,-4,-120
1767174118.143238,-3,-4,-122
1767174118.153238,-5,-2,-120
1767174118.162238,-4,0,-119
1767174118.173238,-2,2,-126
1767174118.1832385,0,0,-128
1767174118.1932385,0,1,-126
1767174118.2032382,-5,2,-133
1767174118.212238,-6,1,-131
1767174118.2232382,-10,3,-129
1767174118.2332382,-9,3,-126
1767174118.2432382,-7,0,-126
1767174118.2532382,-11,3,-122
1767174118.2632382,-9,4,-123
1767174118.2732382,-4,6,-124
1767174118.2832382,0,2,-128
1767174118.2932382,0,7,-126
1767174118.3032382,-4,4,-124
1767174118.313238,-2,3,-128
1767174118.323238,0,0,-129
1767174118.333238,2,1,-126
1767174118.343238,0,0,-134
1767174118.353238,0,2,-139
1767174118.363238,-6,4,-133
1767174118.373238,-4,5,-131
1767174118.383238,-3,0,-135
1767174118.393238,-1,-1,-135
1767174118.403238,0,-1,-133
1767174118.413238,-2,0,-130
1767174118.423238,0,-2,-122
1767174118.4332385,0,0,-115
1767174118.4432385,1,-1,-112
1767174118.4532382,1,-4,-108
1767174118.4632382,-4,-4,-99
1767174118.4732382,-3,-1,-102
1767174118.4832382,-1,-1,-104
1767174118.4932382,-3,-1,-106
1767174118.5032382,0,-2,-106
1767174118.5132382,0,-5,-109
1767174118.5232382,0,-5,-117
1767174118.5332382,1,-2,-118
1767174118.5432382,-1,-2,-120
1767174118.5532382,0,1,-123
1767174118.563238,2,1,-127
1767174118.573238,6,0,-124
1767174118.583238,0,0,-125
1767174118.593238,1,-2,-122
1767174118.603238,0,-1,-122
1767174118.613238,-3,-4,-123
1767174118.623238,-6,-4,-124
1767174118.633238,-4,-3,-128
1767174118.643238,-1,1,-118
1767174118.653238,-2,0,-114
1767174118.663238,-2,0,-116
1767174118.673238,-4,1,-122
1767174118.6832385,-1,3,-122
1767174118.6932385,-3,3,-122
1767174118.7032382,3,0,-120
1767174118.7132382,0,-1,-120
1767174118.7232382,-1,0,-122
1767174118.7332382,-4,-4,-119
1767174118.7432382,-3,-7,-125
1767174118.7532382,-2,-10,-129
1767174118.7632382,1,-7,-129
1767174118.7732382,-3,-6,-122
1767174118.7832382,-2,-5,-119
1767174118.7932382,-2,-8,-122
1767174118.8032382,0,-7,-127
1767174118.813238,2,-3,-131
1767174118.823238,2,-4,-127
1767174118.833238,6,-4,-123
1767174118.843238,2,0,-128
1767174118.853238,2,0,-125
1767174118.863238,1,1,-122
1767174118.873238,3,2,-131
1767174118.883238,-1,1,-123
1767174118.893238,-1,-1,-117
1767174118.903238,-4,-3,-119
1767174118.913238,0,1,-123
1767174118.923238,0,4,-134
1767174118.9332385,-1,1,-132
1767174118.9432385,0,-2,-130
1767174118.9532382,1,-4,-125
1767174118.9632382,4,-5,-124
1767174118.9732382,5,-4,-125
1767174118.9832382,0,-4,-127
1767174118.9932382,1,-2,-130
1767174119.0032382,0,-5,-137
1767174119.0132382,-5,-1,-133
1767174119.0232382,-3,0,-128
1767174119.0332382,-3,-1,-129
1767174119.0432382,-1,-1,-128
1767174119.0532382,-1,1,-126
1767174119.063238,-3,1,-126
1767174119.073238,-3,1,-128
1767174119.083238,-2,2,-132
1767174119.093238,-3,4,-136
1767174119.103238,-1,3,-129
1767174119.113238,-3,2,-125
1767174119.123238,-6,1,-124
1767174119.133238,-1,0,-127
1767174119.143238,-5,-2,-131
1767174119.153238,-4,0,-126
1767174119.163238,-1,-1,-125
1767174119.173238,1,0,-121
1767174119.1832385,0,0,-120
1767174119.1932385,-4,-1,-114
1767174119.2032382,-6,-2,-112
1767174119.2132382,-5,-2,-114
1767174119.2232382,-2,-1,-114
1767174119.2332382,0,-2,-115
1767174119.2432382,0,0,-123
1767174119.2532382,2,-2,-122
1767174119.2632382,1,-3,-128
1767174119.2732382,1,0,-123
1767174119.2832382,-1,3,-117
1767174119.2932382,-2,2,-117
1767174119.3032382,1,1,-113
1767174119.313238,-2,0,-112
1767174119.323238,0,-4,-118
1767174119.333238,2,-3,-121
1767174119.343238,0,-6,-125
1767174119.353238,1,-8,-128
1767174119.363238,0,-6,-128
1767174119.373238,-1,-5,-125
1767174119.383238,-6,-7,-119
1767174119.393238,-4,-7,-122
1767174119.403238,-3,-4,-124
1767174119.413238,-2,-2,-133
1767174119.423238,0,0,-130
1767174119.4332385,-2,1,-135
1767174119.4432385,1,-1,-133
1767174119.4532382,2,-5,-137
1767174119.4632382,0,-6,-135
1767174119.4732382,1,-6,-127
1767174119.4832382,4,-1,-128
1767174119.4932382,4,-1,-129
1767174119.5032382,3,1,-126
1767174119.5132382,-1,1,-120
1767174119.5232382,-5,0,-113
1767174119.5332382,-5,-4,-110
1767174119.5432382,0,-5,-118
1767174119.5532382,5,-5,-122
1767174119.563238,4,-5,-129
1767174119.573238,2,-2,-127
1767174119.583238,2,-3,-130
1767174119.593238,0,-5,-132
1767174119.603238,2,-5,-131
1767174119.613238,0,-5,-127
1767174119.623238,1,-3,-134
1767174119.633238,1,-2,-137
1767174119.643238,2,-3,-137
1767174119.653238,0,0,-137
1767174119.663238,-3,0,-133
1767174119.673238,-2,2,-128
1767174119.6832385,-4,-2,-132
1767174119.6932385,-5,-2,-131
1767174119.7032382,-4,3,-134
1767174119.7132382,-3,2,-135
1767174119.7232382,0,3,-136
1767174119.7332382,-1,-1,-132
1767174119.7432382,-2,-1,-130
1767174119.7532382,-3,-2,-130
1767174119.7632382,-2,-3,-132
1767174119.7732382,-2,0,-136
1767174119.7832382,-3,1,-136
1767174119.7932382,-3,1,-132
1767174119.8032382,-5,2,-124
1767174119.813238,-7,-1,-120
1767174119.823238,-8,-4,-120
1767174119.833238,-9,-5,-122
1767174119.843238,-5,-4,-128
1767174119.853238,-2,-2,-129
1767174119.863238,6,0,-120
1767174119.873238,2,0,-117
1767174119.883238,2,0,-114
1767174119.893238,0,-1,-112
1767174119.903238,0,2,-118
1767174119.913238,-2,3,-121
1767174119.923238,0,2,-120
1767174119.9332385,0,1,-117
1767174119.9432385,-3,1,-110
1767174119.9532382,-8,0,-112
1767174119.9632382,-6,4,-121
1767174119.9732382,-10,4,-125
1767174119.9832382,-8,4,-125
1767174119.9932382,-8,5,-128
1767174120.0032382,-7,3,-124
1767174120.0132382,-6,2,-129
1767174120.0232382,-5,2,-132
1767174120.0332382,-1,1,-129
1767174120.0432382,0,1,-132
1767174120.0532382,0,4,-137
1767174120.063238,2,2,-141
1767174120.073238,3,-1,-137
1767174120.083238,3,0,-132
1767174120.093238,-1,6,-132
1767174120.103238,-4,1,-131
1767174120.113238,-6,3,-127
1767174120.123238,-3,3,-126
1767174120.133238,-2,1,-117
1767174120.143238,-1,0,-120
1767174120.153238,-5,-4,-121
1767174120.163238,1,-1,-117
1767174120.173238,0,0,-121
1767174120.1832385,0,-3,-123
1767174120.1932385,-4,-7,-121
1767174120.2032382,1,-4,-124
1767174120.2132382,2,0,-128
1767174120.2232382,1,-1,-132
1767174120.2332382,2,-1,-118
1767174120.2432382,-1,-3,-120
1767174120.2532382,0,-3,-122
1767174120.2632382,0,-5,-128
1767174120.2732382,0,-7,-126
1767174120.2832382,-1,-7,-126
1767174120.2932382,1,-6,-125
1767174120.3032382,0,-6,-124
1767174120.313238,0,-7,-129
1767174120.323238,-2,-4,-130
1767174120.333238,-2,-6,-125
1767174120.343238,-9,-6,-126
1767174120.353238,-9,-4,-126
1767174120.363238,-8,-1,-125
1767174120.373238,-6,-4,-123
1767174120.383238,-4,-2,-125
1767174120.393238,2,1,-123
1767174120.403238,4,-1,-126
1767174120.413238,3,0,-128
1767174120.423238,-1,1,-131
1767174120.4332385,-1,1,-131
1767174120.4432385,1,3,-124
1767174120.4532382,0,2,-121
1767174120.4632382,-1,1,-119
1767174120.4732382,-2,-1,-123
1767174120.4832382,-6,-3,-131
1767174120.4932382,0,-2,-136
1767174120.5032382,6,-3,-136
1767174120.5132382,7,0,-135
1767174120.5232382,2,0,-130
1767174120.5332382,0,-3,-128
1767174120.5432382,2,-1,-121
1767174120.5532382,1,1,-120
1767174120.563238,0,3,-120
1767174120.573238,0,0,-128
1767174120.583238,-4,-3,-124
1767174120.593238,-6,-7,-123
1767174120.603238,-2,-4,-127
1767174120.613238,-6,-1,-132
1767174120.623238,-4,-2,-135
1767174120.633238,-2,-1,-132
1767174120.643238,1,0,-125
1767174120.653238,1,2,-124
1767174120.663238,0,2,-119
1767174120.673238,2,1,-112
1767174120.6832385,5,1,-116
1767174120.6932385,0,-1,-113
1767174120.7032382,0,-2,-119
1767174120.7132382,0,0,-118
1767174120.7232382,1,0,-116
1767174120.7332382,4,0,-117
1767174120.7432382,6,-3,-117
1767174120.754238,0,-7,-116
1767174120.764238,-2,-7,-121
1767174120.774238,-3,-5,-126
1767174120.784238,-5,-4,-120
1767174120.794238,-2,-2,-121
1767174120.804238,0,0,-122
1767174120.814238,0,1,-123
1767174120.824238,-7,1,-120
1767174120.834238,-4,0,-118
1767174120.844238,-4,3,-122
1767174120.8542385,-2,5,-125
1767174120.8642385,-4,3,-128
1767174120.8742385,-1,1,-122
1767174120.8842382,-2,-1,-118
1767174120.8942382,-4,-3,-117
1767174120.9042382,-6,-2,-122
1767174120.9142382,-3,0,-119
1767174120.9242382,2,-1,-116
1767174120.9342382,-4,-1,-115
1767174120.9442382,-2,-9,-120
1767174120.9542382,-6,-6,-124
1767174120.9642382,-3,-3,-125
1767174120.9742382,-6,-3,-128
1767174120.984238,-6,1,-128
1767174120.994238,-5,-1,-129
1767174121.004238,-2,-5,-125
1767174121.014238,3,-4,-127
1767174121.024238,2,-2,-131
1767174121.034238,4,0,-130
1767174121.044238,3,-1,-135
1767174121.054238,0,1,-129
1767174121.064238,-2,0,-130
1767174121.074238,0,0,-128
1767174121.084238,-1,0,-131
1767174121.094238,-6,4,-124
1767174121.1042385,-3,3,-120
1767174121.1142385,-6,1,-112
1767174121.1242385,-2,0,-117
1767174121.1342382,1,-1,-122
1767174121.1442382,3,-3,-126
1767174121.1542382,7,-4,-127
1767174121.1642382,7,-1,-126
1767174121.1742382,2,0,-129
1767174121.1842382,0,0,-128
1767174121.1942382,1,2,-127
1767174121.2042382,1,3,-117
1767174121.2142382,1,3,-111
1767174121.2242382,-1,0,-115
1767174121.234238,0,-2,-119
1767174121.244238,1,-2,-123
1767174121.254238,-4,-5,-129
1767174121.264238,-8,-5,-130
1767174121.274238,-9,-1,-125
1767174121.284238,-6,3,-127
1767174121.294238,-3,4,-128
1767174121.304238,-1,4,-122
1767174121.314238,3,1,-124
1767174121.324238,3,1,-126
1767174121.334238,3,4,-128
1767174121.344238,4,6,-129
1767174121.3542385,3,4,-132
1767174121.3642385,0,3,-131
1767174121.3742385,-1,8,-129
1767174121.3842382,-2,6,-125
1767174121.3942382,0,3,-131
1767174121.4042382,4,5,-131
1767174121.4142382,5,0,-134
1767174121.4242382,7,3,-132
1767174121.4342382,1,1,-128
1767174121.4442382,-3,0,-125
1767174121.4542382,-5,1,-122
1767174121.4642382,-6,-3,-123
1767174121.4742382,-7,-5,-123
1767174121.484238,-9,-5,-119
1767174121.494238,-4,-3,-119
1767174121.504238,-5,-4,-116
1767174121.514238,-6,-5,-126
1767174121.524238,-2,-3,-126
1767174121.534238,-5,-6,-131
1767174121.544238,-5,-3,-130
1767174121.554238,-2,-2,-124
1767174121.564238,-2,0,-133
1767174121.574238,-3,-3,-128
1767174121.584238,1,-2,-131
1767174121.594238,0,-5,-132
1767174121.6042385,-2,0,-131
1767174121.6142385,-3,1,-130
1767174121.6242385,-1,4,-135
1767174121.6342382,5,1,-127
1767174121.6442382,9,1,-130
1767174121.6542382,7,-3,-131
1767174121.6642382,6,0,-124
1767174121.6742382,2,0,-122
1767174121.6842382,3,-6,-127
1767174121.6942382,0,-6,-129
1767174121.7042382,-1,-6,-124
1767174121.7142382,0,-2,-121
1767174121.7242382,0,-1,-127
1767174121.734238,2,-3,-130
1767174121.744238,2,-5,-127
1767174121.754238,-1,-1,-128
1767174121.764238,-4,0,-126
1767174121.774238,-3,-2,-122
1767174121.784238,-6,0,-129
1767174121.794238,-7,2,-127
1767174121.804238,-6,4,-127
1767174121.814238,0,5,-134
1767174121.824238,0,6,-134
1767174121.834238,1,5,-128
1767174121.844238,1,3,-127
1767174121.8542385,-1,4,-121
1767174121.8642385,-2,6,-115
1767174121.8742385,0,8,-120
1767174121.8842382,1,2,-121
1767174121.8942382,1,2,-129
1767174121.9042382,0,0,-122
1767174121.9142382,0,0,-124
1767174121.9242382,-6,0,-127
1767174121.9342382,-5,-2,-126
1767174121.9442382,-7,2,-125
1767174121.9542382,-5,5,-129
1767174121.9642382,-5,6,-125
1767174121.9742382,-2,5,-120
1767174121.984238,-4,1,-117
1767174121.994238,-1,0,-120
1767174122.004238,1,0,-122
1767174122.014238,4,0,-119
1767174122.024238,7,0,-123
1767174122.034238,4,0,-127
1767174122.044238,1,1,-130
1767174122.054238,1,2,-125
1767174122.064238,0,0,-129
1767174122.074238,4,-2,-131
1767174122.084238,5,-7,-136
1767174122.094238,4,-8,-135
1767174122.1042385,3,-8,-142
1767174122.1142385,4,-5,-137
1767174122.1242385,2,-4,-131
1767174122.1342382,0,-4,-119
1767174122.1442382,-3,-4,-113
1767174122.1542382,-2,-5,-120
1767174122.1642382,-4,-5,-119
1767174122.1742382,-1,-3,-123
1767174122.1842382,1,4,-125
1767174122.1942382,3,5,-128
1767174122.2042382,5,6,-122
1767174122.2142382,3,7,-127
1767174122.2242382,2,5,-132
1767174122.234238,1,4,-132
1767174122.244238,-4,4,-124
1767174122.254238,-8,3,-135
1767174122.264238,-9,2,-135
1767174122.274238,-7,0,-130
1767174122.284238,-8,3,-127
1767174122.294238,-7,3,-124
1767174122.304238,-4,8,-123
1767174122.314238,-7,5,-123
1767174122.324238,-10,4,-124
1767174122.334238,-5,1,-119
1767174122.344238,-5,-4,-117
1767174122.3542385,-1,0,-121
1767174122.3642385,0,3,-123
1767174122.3742385,1,1,-125
1767174122.3842382,1,-1,-121
1767174122.3942382,-2,-1,-117
1767174122.4042382,0,1,-121
1767174122.4142382,0,1,-126
1767174122.435238,5,-2,-114
1767174122.4442382,2,-3,-111
1767174122.4542382,5,0,-113
1767174122.4642382,5,0,-118
1767174122.4742382,3,0,-120
1767174122.484238,2,0,-119
1767174122.494238,0,2,-128
1767174122.504238,0,4,-122
1767174122.514238,-2,3,-119
1767174122.524238,0,1,-119
1767174122.534238,-1,-3,-133
1767174122.544238,-3,-4,-132
1767174122.554238,-1,-3,-137
1767174122.564238,-5,2,-136
1767174122.574238,-3,4,-129
1767174122.584238,-1,4,-128
1767174122.594238,-4,0,-118
1767174122.6042385,-3,-4,-118
1767174122.6142385,-3,-7,-122
1767174122.6242385,-3,-6,-124
1767174122.6342382,-2,-4,-124
1767174122.6442382,-3,-3,-123
1767174122.6542382,-2,-8,-124
1767174122.6642382,0,-4,-127
1767174122.6742382,0,-1,-130
1767174122.6842382,2,-4,-134
1767174122.6942382,2,-5,-134
1767174122.7042382,5,-2,-130
1767174122.7142382,2,-2,-131
1767174122.7242382,-3,-4,-130
1767174122.734238,-5,-6,-132
1767174122.744238,-2,-3,-135
1767174122.754238,-2,-6,-134
1767174122.764238,-4,-5,-133
1767174122.774238,-4,-2,-129
1767174122.784238,-2,-2,-127
1767174122.794238,-3,0,-124
1767174122.804238,-2,0,-122
1767174122.814238,-1,2,-121
1767174122.824238,-3,1,-124
1767174122.834238,-3,-1,-129
1767174122.844238,-4,3,-127
1767174122.8542385,-5,6,-123
1767174122.8642385,-4,3,-118
1767174122.8742385,3,1,-116
1767174122.8842382,4,-2,-119
1767174122.8942382,2,-4,-119
1767174122.9042382,3,-6,-117
1767174122.9142382,0,-3,-120
1767174122.9242382,0,-5,-123
1767174122.9342382,4,-7,-119
1767174122.9442382,2,-6,-116
1767174122.9542382,1,-6,-116
1767174122.9642382,1,-7,-119
1767174122.9742382,0,-3,-112
1767174122.984238,-4,-5,-107
1767174122.994238,-1,-4,-112
1767174123.004238,-1,-6,-120
1767174123.014238,-2,-6,-120
1767174123.024238,1,-5,-121
1767174123.034238,0,-1,-117
1767174123.044238,-4,3,-119
1767174123.054238,1,3,-115
1767174123.064238,1,0,-125
1767174123.074238,0,1,-124
1767174123.084238,-3,4,-134
1767174123.094238,-1,6,-135
1767174123.1042385,0,8,-137
1767174123.1142385,0,11,-133
1767174123.1242385,-4,8,-128
1767174123.1342382,-5,6,-133
1767174123.1442382,-3,0,-130
1767174123.1542382,-4,1,-125
1767174123.1642382,-3,0,-131
1767174123.1742382,-2,-2,-124
1767174123.1842382,-3,-3,-120
1767174123.1942382,0,-5,-121
1767174123.2042382,-3,-2,-122
1767174123.2142382,-4,-1,-125
1767174123.2242382,-1,-5,-122
1767174123.234238,-1,-3,-121
1767174123.244238,4,0,-121
1767174123.254238,0,0,-125
1767174123.264238,-7,2,-124
1767174123.274238,-10,3,-128
1767174123.284238,-5,3,-133
1767174123.294238,-3,1,-130
1767174123.304238,-2,0,-124
1767174123.314238,-3,3,-121
1767174123.324238,-2,4,-125
1767174123.334238,-5,1,-125
1767174123.344238,-5,0,-122
1767174123.3542385,-5,-1,-124
1767174123.3642385,0,0,-123
1767174123.3742385,1,-1,-122
1767174123.3842382,1,0,-121
1767174123.3942382,0,2,-125
1767174123.4052382,-4,7,-126
1767174123.415238,-6,9,-129
1767174123.425238,-7,6,-128
1767174123.435238,-8,0,-127
1767174123.445238,-8,-3,-129
1767174123.455238,-9,-4,-129
1767174123.465238,-9,-2,-123
1767174123.475238,-4,1,-122
1767174123.485238,-1,2,-114
1767174123.495238,0,5,-116
1767174123.505238,2,6,-116
1767174123.515238,1,7,-117
1767174123.525238,3,0,-126
1767174123.5352385,4,0,-129
1767174123.5452385,1,-2,-123
1767174123.5552382,-2,2,-122
1767174123.5652382,-3,0,-120
1767174123.5752382,-3,1,-115
1767174123.5852382,-3,4,-112
1767174123.5952382,-2,5,-113
1767174123.6052382,0,7,-110
1767174123.6152382,5,3,-114
1767174123.6252382,8,3,-126
1767174123.6352382,8,2,-125
1767174123.6452382,6,1,-125
1767174123.6552382,5,0,-125
1767174123.665238,1,-4,-127
1767174123.675238,-1,-5,-124
1767174123.685238,0,-4,-127
1767174123.695238,-1,-8,-130
1767174123.705238,-3,-7,-133
1767174123.715238,-8,-7,-129
1767174123.725238,-5,-7,-129
1767174123.735238,0,-2,-126
1767174123.745238,0,0,-128
1767174123.755238,2,0,-123
1767174123.765238,3,-1,-121
1767174123.775238,4,0,-126
1767174123.7852385,1,-3,-135
1767174123.7952385,2,-6,-126
1767174123.8052382,-1,-8,-126
1767174123.8152382,0,-6,-125
1767174123.8252382,2,-5,-126
1767174123.8352382,0,-2,-127
1767174123.8452382,-1,-2,-130
1767174123.8552382,-2,-3,-125
1767174123.8652382,0,-1,-129
1767174123.8752382,3,-2,-121
1767174123.8852382,3,-1,-125
1767174123.8952382,0,1,-128
1767174123.9052382,0,4,-128
1767174123.915238,0,2,-134
1767174123.925238,1,4,-127
1767174123.935238,-1,4,-125
1767174123.945238,1,2,-126
1767174123.955238,4,-2,-126
1767174123.965238,3,0,-119
1767174123.975238,0,1,-119
1767174123.985238,0,4,-128
1767174123.995238,0,5,-135
1767174124.005238,2,5,-136
1767174124.015238,5,3,-134
1767174124.025238,10,0,-132
1767174124.0352385,6,3,-130
1767174124.0452385,2,7,-122
1767174124.0552382,5,4,-127
1767174124.0652382,5,3,-122
1767174124.0752382,1,0,-116
1767174124.0852382,-4,-3,-115
1767174124.0952382,0,-6,-113
1767174124.1052382,-3,-6,-112
1767174124.1152382,0,-4,-112
1767174124.1252382,0,-5,-120
1767174124.1352382,2,-4,-122
1767174124.1452382,0,0,-121
1767174124.1552382,0,-3,-127
1767174124.165238,-2,-5,-125
1767174124.175238,-1,-1,-116
1767174124.185238,-2,-2,-128
1767174124.195238,0,-4,-126
1767174124.205238,3,-4,-129
1767174124.215238,0,-6,-124
1767174124.225238,1,-8,-127
1767174124.235238,0,-5,-127
1767174124.245238,-1,-2,-125
1767174124.255238,3,-2,-126
1767174124.265238,0,2,-126
1767174124.275238,-3,1,-130
1767174124.2852385,-5,0,-130
1767174124.2952385,0,-2,-131
1767174124.3052382,0,-2,-124
1767174124.3152382,-1,-3,-121
1767174124.3252382,-1,-8,-121
1767174124.3352382,-2,-4,-122
1767174124.3452382,0,-3,-120
1767174124.3552382,2,-3,-117
1767174124.3652382,6,-1,-123
1767174124.3752382,8,-1,-127
1767174124.3852382,8,-2,-122
1767174124.3952382,8,1,-122
1767174124.4052382,9,-4,-117
1767174124.415238,4,-7,-120
1767174124.425238,1,-7,-123
1767174124.435238,-1,-4,-118
1767174124.445238,-6,-4,-121
1767174124.455238,-3,-4,-123
1767174124.465238,0,-3,-129
1767174124.475238,1,-3,-131
1767174124.485238,2,-4,-129
1767174124.495238,3,-4,-122
1767174124.505238,4,-6,-125
1767174124.515238,6,-1,-127
1767174124.525238,4,-2,-119
1767174124.5352385,1,-3,-119
1767174124.5452385,3,-2,-120
1767174124.5552382,1,-2,-120
1767174124.5652382,0,-5,-114
1767174124.5752382,-1,-6,-116
1767174124.5852382,-4,-5,-114
1767174124.5952382,-6,-6,-117
1767174124.6052382,-3,-6,-116
1767174124.6152382,-3,-5,-117
1767174124.6252382,-4,-2,-120
1767174124.6352382,-6,-6,-112
1767174124.6452382,-8,-4,-117
1767174124.6552382,-4,0,-122
1767174124.665238,-4,-2,-124
1767174124.675238,-4,-3,-129
1767174124.685238,-3,-4,-125
1767174124.695238,-1,-1,-123
1767174124.705238,-2,2,-121
1767174124.715238,-3,4,-122
1767174124.725238,-7,4,-121
1767174124.735238,-7,0,-123
1767174124.745238,-6,-3,-124
1767174124.755238,-6,-4,-114
1767174124.765238,-4,-3,-105
1767174124.775238,-9,-2,-113
1767174124.7852385,-10,1,-122
1767174124.7952385,-5,0,-120
1767174124.8052382,-5,0,-118
1767174124.8152382,-4,-2,-121
1767174124.8252382,-2,0,-127
1767174124.8352382,-7,-3,-122
1767174124.8452382,-5,-5,-125
1767174124.8552382,-8,-1,-122
1767174124.8652382,-9,-2,-120
1767174124.8752382,-10,0,-121
1767174124.8852382,-9,1,-127
1767174124.8952382,-8,4,-123
1767174124.9052382,-6,4,-116
1767174124.915238,-7,1,-120
1767174124.925238,-5,2,-126
1767174124.935238,-2,-1,-131
1767174124.945238,-2,-2,-136
1767174124.955238,0,-4,-132
1767174124.965238,-3,-7,-129
1767174124.975238,-6,-2,-125
1767174124.985238,-6,-1,-127
1767174124.995238,-2,0,-125
1767174125.005238,-1,3,-124
1767174125.015238,-6,1,-122
1767174125.025238,-7,0,-121
1767174125.0352385,-6,0,-112
1767174125.0452385,-1,-3,-115
1767174125.0552382,4,-4,-116
1767174125.0652382,4,-1,-118
1767174125.0752382,5,-2,-113
1767174125.0852382,4,-2,-110
1767174125.0952382,5,2,-112
1767174125.1052382,4,0,-112
1767174125.1152382,1,-1,-115
1767174125.1252382,3,-5,-113
1767174125.1352382,0,-6,-111
1767174125.1452382,-6,-8,-114
1767174125.1552382,-1,-8,-114
1767174125.165238,-4,-6,-109
1767174125.175238,-4,-6,-114
1767174125.185238,-6,-5,-119
1767174125.195238,-5,-4,-120
1767174125.205238,-3,-6,-119
1767174125.215238,-1,-5,-122
1767174125.225238,-4,-2,-124
1767174125.235238,-4,0,-121
1767174125.245238,-5,7,-126
1767174125.255238,-4,5,-123
1767174125.265238,0,0,-118
1767174125.275238,3,-4,-118
1767174125.2852385,2,-4,-122
1767174125.2952385,3,-3,-124
1767174125.3052382,3,-2,-120
1767174125.3152382,2,0,-125
1767174125.3252382,3,0,-123
1767174125.3352382,4,0,-125
1767174125.3452382,0,2,-127
1767174125.3552382,0,2,-125
1767174125.3652382,6,2,-123
1767174125.3752382,3,3,-123
1767174125.3852382,4,2,-122
1767174125.3952382,4,1,-128
1767174125.4052382,2,0,-124
1767174125.415238,1,-1,-128
1767174125.425238,5,-2,-129
1767174125.435238,7,0,-125
1767174125.445238,10,-1,-120
1767174125.455238,12,-2,-120
1767174125.465238,10,-4,-120
1767174125.475238,7,-6,-119
1767174125.485238,11,0,-122
1767174125.495238,6,0,-122
1767174125.505238,7,-3,-122
1767174125.515238,3,-3,-120
1767174125.525238,4,-3,-120
1767174125.5352385,8,-2,-120
1767174125.5452385,8,-3,-126
1767174125.5552382,6,1,-127
1767174125.5652382,8,-1,-122
1767174125.5752382,10,-1,-116
1767174125.5852382,10,-1,-120
1767174125.5952382,6,-3,-122
1767174125.6052382,0,-4,-117
1767174125.6152382,-1,1,-116
1767174125.6252382,0,1,-121
1767174125.6352382,-3,1,-123
1767174125.6452382,-2,4,-121
1767174125.6552382,0,3,-125
1767174125.665238,6,6,-123
1767174125.675238,9,4,-124
1767174125.685238,7,2,-120
1767174125.695238,5,0,-123
1767174125.705238,2,-3,-128
1767174125.715238,1,0,-125
1767174125.725238,0,3,-130
1767174125.735238,-1,1,-133
1767174125.745238,4,0,-137
1767174125.755238,0,0,-130
1767174125.765238,1,-2,-119
1767174125.775238,-2,0,-121
1767174125.7852385,-4,0,-114
1767174125.7952385,0,-3,-116
1767174125.8052382,2,-2,-120
1767174125.8152382,5,-1,-123
1767174125.8252382,3,-4,-125
1767174125.8352382,1,-5,-129
1767174125.8452382,-1,-4,-125
1767174125.8552382,-5,0,-125
1767174125.8652382,-5,0,-121
1767174125.8752382,-1,1,-108
1767174125.8852382,0,0,-111
1767174125.8952382,1,0,-112
1767174125.9052382,-1,0,-112
1767174125.915238,0,0,-111
1767174125.925238,-4,-5,-111
1767174125.935238,-4,0,-112
1767174125.945238,-3,-4,-117
1767174125.955238,0,-4,-122
1767174125.965238,1,-5,-121
1767174125.975238,4,-2,-125
1767174125.985238,3,-2,-132
1767174125.995238,0,0,-128
1767174126.005238,0,0,-123
1767174126.015238,2,-1,-126
1767174126.025238,3,-2,-123
1767174126.0352385,1,0,-125
1767174126.0452385,3,-2,-128
1767174126.0552382,3,-2,-124
1767174126.0662382,0,-1,-121
1767174126.0762382,0,-5,-120
1767174126.086238,2,-2,-121
1767174126.096238,3,-3,-119
1767174126.106238,7,-1,-125
1767174126.116238,2,-2,-124
1767174126.126238,5,-1,-125
1767174126.136238,3,-1,-130
1767174126.146238,1,-4,-125
1767174126.156238,-1,-5,-122
1767174126.166238,4,-5,-125
1767174126.176238,3,-3,-125
1767174126.186238,0,-1,-121
1767174126.196238,-4,0,-127
1767174126.2062385,-5,0,-130
1767174126.2162385,-6,0,-125
1767174126.2262385,-5,6,-122
1767174126.2362382,-1,5,-116
1767174126.2462382,-3,4,-119
1767174126.2562382,1,2,-123
1767174126.2662382,6,5,-120
1767174126.2762382,5,8,-118
1767174126.2862382,3,6,-122
1767174126.2962382,9,7,-123
1767174126.3062382,6,7,-117
1767174126.3162382,7,2,-116
1767174126.3262382,6,2,-113
1767174126.336238,5,0,-114
1767174126.346238,0,0,-126
1767174126.356238,0,0,-125
1767174126.366238,1,-4,-130
1767174126.376238,-2,-1,-132
1767174126.386238,-3,-2,-129
1767174126.396238,-3,-5,-129
1767174126.406238,-3,-9,-124
1767174126.416238,-5,-9,-121
1767174126.426238,-5,-8,-120
1767174126.436238,-5,-3,-123
1767174126.446238,0,-1,-123
1767174126.4562385,3,-1,-125
1767174126.4662385,4,0,-125
1767174126.4762385,2,2,-126
1767174126.4862382,2,-1,-125
1767174126.4962382,1,-2,-115
1767174126.5062382,3,-4,-115
1767174126.5162382,5,-4,-110
1767174126.5262382,8,-3,-112
1767174126.5362382,6,-2,-115
1767174126.5462382,8,-2,-117
1767174126.5562382,8,-4,-114
1767174126.5662382,8,-3,-113
1767174126.5762382,4,0,-120
1767174126.586238,0,-1,-121
1767174126.596238,1,-1,-124
1767174126.606238,-2,-4,-130
1767174126.616238,0,-4,-129
1767174126.626238,0,-2,-125
1767174126.636238,-4,0,-129
1767174126.646238,-8,2,-127
1767174126.656238,-8,3,-126
1767174126.666238,-4,3,-127
1767174126.676238,-4,4,-126
1767174126.686238,-3,3,-125
1767174126.696238,-1,2,-122
1767174126.7062385,0,4,-121
1767174126.7162385,-4,0,-118
1767174126.7262385,-8,-1,-122
1767174126.7362382,-10,-1,-123
1767174126.7462382,-10,0,-125
1767174126.7562382,-5,0,-122
1767174126.7662382,0,0,-119
1767174126.7762382,2,0,-120
1767174126.7862382,2,-1,-121
1767174126.7962382,4,0,-124
1767174126.8062382,4,0,-126
1767174126.8162382,2,0,-128
1767174126.8262382,0,1,-127
1767174126.836238,-3,-1,-126
1767174126.846238,0,-1,-123
1767174126.856238,-6,-3,-125
1767174126.866238,-7,0,-127
1767174126.876238,-1,0,-127
1767174126.886238,5,0,-125
1767174126.896238,5,4,-122
1767174126.906238,6,1,-120
1767174126.916238,7,0,-110
1767174126.926238,2,-1,-108
1767174126.936238,4,-4,-104
1767174126.946238,3,-3,-103
1767174126.9562385,6,-3,-105
1767174126.9662385,7,-1,-106
1767174126.9762385,6,1,-113
1767174126.9862382,1,1,-115
1767174126.9962382,4,0,-114
1767174127.0062382,6,3,-118
1767174127.0162382,7,4,-118
1767174127.0262382,3,5,-118
1767174127.0362382,0,0,-121
1767174127.0462382,0,3,-121
1767174127.0562382,-4,6,-124
1767174127.0662382,1,8,-123
1767174127.0762382,-1,4,-126
1767174127.086238,-2,3,-129
1767174127.096238,-2,0,-123
1767174127.106238,-6,0,-131
1767174127.116238,-5,2,-136
1767174127.126238,-4,5,-135
1767174127.136238,-3,2,-134
1767174127.146238,0,1,-128
1767174127.156238,0,3,-132
1767174127.166238,0,5,-127
1767174127.176238,2,0,-116
1767174127.186238,0,0,-117
1767174127.196238,0,4,-116
1767174127.2062385,3,3,-116
1767174127.2162385,2,2,-114
1767174127.2262385,1,5,-112
1767174127.2362382,0,1,-117
1767174127.2462382,0,5,-113
1767174127.2562382,0,1,-116
1767174127.2662382,3,1,-115
1767174127.2762382,2,1,-119
1767174127.2862382,1,5,-115
1767174127.2962382,0,5,-113
1767174127.3062382,0,1,-111
1767174127.3162382,1,0,-107
1767174127.3262382,4,-1,-107
1767174127.336238,3,-5,-112
1767174127.346238,-3,-2,-119
1767174127.356238,4,0,-113
1767174127.366238,1,-2,-109
1767174127.376238,1,-3,-110
1767174127.386238,0,-3,-110
1767174127.396238,4,0,-113
1767174127.406238,-1,1,-121
1767174127.416238,-1,2,-126
1767174127.426238,-2,3,-125
1767174127.4472382,0,-4,-122
1767174127.4562385,0,-2,-120
1767174127.4662385,0,-3,-121
1767174127.4762385,-8,-5,-127
1767174127.4862382,-5,-7,-123
1767174127.4962382,2,-4,-123
1767174127.5062382,-4,-9,-114
1767174127.5162382,-6,-8,-112
1767174127.5262382,-2,-7,-110
1767174127.5362382,1,-8,-116
1767174127.5462382,-2,-4,-113
1767174127.5562382,-1,-6,-110
1767174127.5662382,0,-6,-106
1767174127.5762382,4,2,-114
1767174127.586238,7,6,-115
1767174127.596238,6,6,-123
1767174127.606238,2,6,-120
1767174127.616238,-2,3,-123
1767174127.626238,1,2,-123
1767174127.636238,1,-1,-116
1767174127.646238,0,-2,-124
1767174127.656238,-3,-4,-122
1767174127.666238,-6,-3,-120
1767174127.676238,-9,-2,-127
1767174127.686238,-7,1,-132
1767174127.696238,-4,4,-131
1767174127.7062385,-2,0,-133
1767174127.7162385,-2,-5,-138
1767174127.7262385,1,-6,-137
1767174127.7362382,0,-7,-137
1767174127.7462382,3,-6,-140
1767174127.7562382,5,-8,-138
1767174127.7662382,3,-12,-130
1767174127.7762382,0,-9,-125
1767174127.7862382,1,-5,-124
1767174127.7962382,4,-1,-125
1767174127.8062382,3,0,-128
1767174127.8162382,1,-1,-128
1767174127.8262382,0,-3,-130
1767174127.836238,0,-4,-129
1767174127.846238,-3,-5,-123
1767174127.856238,-6,-10,-119
1767174127.866238,-3,-10,-117
1767174127.876238,-3,-2,-122
1767174127.886238,-6,-2,-124
1767174127.896238,-4,0,-125
1767174127.906238,-4,-2,-126
1767174127.916238,-4,-1,-124
1767174127.926238,-3,2,-129
1767174127.936238,0,2,-129
1767174127.946238,5,1,-128
1767174127.9562385,2,0,-125
1767174127.9662385,4,-4,-122
1767174127.9762385,2,-2,-122
1767174127.9862382,-1,0,-117
1767174127.9962382,0,0,-113
1767174128.0062382,0,-2,-112
1767174128.0162382,-4,-6,-114
1767174128.0262382,-3,-8,-122
1767174128.0362382,-3,-6,-130
1767174128.0462382,-4,-2,-130
1767174128.0562382,-3,3,-125
1767174128.0662382,-7,5,-125
1767174128.0762382,-5,5,-122
1767174128.086238,-2,1,-118
1767174128.096238,0,0,-116
1767174128.106238,-1,0,-119
1767174128.116238,-1,2,-111
1767174128.126238,0,0,-111
1767174128.136238,-2,0,-114
1767174128.146238,0,-4,-113
1767174128.156238,-3,-4,-120
1767174128.166238,-2,-5,-121
1767174128.176238,0,-5,-122
1767174128.186238,1,-4,-119
1767174128.196238,0,0,-118
1767174128.2062385,0,-3,-121
1767174128.2162385,1,-5,-127
1767174128.2262385,2,-1,-121
1767174128.2362382,1,-7,-131
1767174128.2462382,1,-6,-130
1767174128.2562382,-1,-5,-127
1767174128.2662382,-4,-5,-124
1767174128.2762382,-3,-5,-124
1767174128.2862382,-4,-7,-126
1767174128.2962382,-2,-6,-130
1767174128.3062382,-2,-7,-132
1767174128.3162382,0,-7,-131
1767174128.3262382,2,-1,-127
1767174128.336238,4,-1,-124
1767174128.346238,6,-3,-119
1767174128.356238,7,-3,-119
1767174128.366238,4,-6,-116
1767174128.376238,4,-7,-116
1767174128.386238,8,-2,-118
1767174128.396238,8,-3,-119
1767174128.406238,10,-2,-120
1767174128.416238,7,0,-118
1767174128.426238,5,-2,-117
1767174128.436238,1,-2,-116
1767174128.446238,3,0,-120
1767174128.4562385,-5,2,-121
1767174128.4662385,-6,5,-121
1767174128.4762385,-3,6,-118
1767174128.4862382,-3,4,-109
1767174128.4962382,0,6,-111
1767174128.5062382,3,5,-115
1767174128.5162382,3,0,-120
1767174128.5262382,7,0,-124
1767174128.5362382,6,-2,-123
1767174128.5462382,5,-2,-119
1767174128.5562382,4,0,-118
1767174128.5662382,5,1,-120
1767174128.5762382,1,0,-122
1767174128.586238,0,3,-119
1767174128.596238,-3,4,-117
1767174128.606238,-4,3,-118
1767174128.616238,-4,0,-124
1767174128.626238,-2,-2,-126
1767174128.636238,-1,-3,-126
1767174128.646238,0,-3,-121
1767174128.656238,-2,-2,-119
1767174128.666238,-1,-5,-123
1767174128.676238,-6,-3,-126
1767174128.6872382,-5,0,-126
1767174128.6972382,-5,-1,-129
1767174128.7072382,-3,0,-132
1767174128.7172382,1,0,-133
1767174128.7272382,0,-1,-134
1767174128.7372382,1,-3,-129
1767174128.7472382,3,-3,-129
1767174128.757238,-2,-3,-123
1767174128.767238,0,-1,-121
1767174128.777238,0,-1,-112
1767174128.787238,1,-4,-115
1767174128.797238,-4,-3,-120
1767174128.807238,-6,-4,-120
1767174128.817238,-3,-1,-127
1767174128.827238,-2,2,-126
1767174128.837238,0,2,-127
1767174128.847238,4,4,-123
1767174128.857238,2,4,-125
1767174128.867238,1,5,-126
1767174128.877238,0,4,-121
1767174128.8872385,-6,6,-116
1767174128.8972385,-4,2,-113
1767174128.9072382,0,1,-113
1767174128.9172382,3,2,-117
1767174128.9272382,1,-1,-111
1767174128.9372382,1,-4,-112
1767174128.9472382,0,0,-114
1767174128.9572382,2,0,-114
1767174128.9672382,0,0,-116
1767174128.9772382,-2,2,-120
1767174128.9872382,-1,0,-119
1767174128.9972382,-3,0,-118
1767174129.007238,-1,-3,-117
1767174129.017238,0,-2,-120
1767174129.027238,-2,4,-118
1767174129.037238,-2,7,-122
1767174129.047238,-3,5,-123
1767174129.057238,-1,5,-123
1767174129.067238,2,1,-127
1767174129.077238,4,2,-131
1767174129.087238,3,2,-129
1767174129.097238,3,-2,-124
1767174129.107238,2,0,-126
1767174129.117238,0,0,-129
1767174129.127238,-1,0,-133
1767174129.1372385,-1,-1,-140
1767174129.1472385,-3,-3,-140
1767174129.1572382,-3,-4,-131
1767174129.1672382,-5,-4,-127
1767174129.1772382,-7,-9,-134
1767174129.1872382,-6,-8,-135
1767174129.1972382,-7,-8,-131
1767174129.2072382,-4,-4,-127
1767174129.2172382,-3,-2,-130
1767174129.2272382,0,-2,-128
1767174129.2372382,0,-2,-123
1767174129.2472382,-1,0,-122
1767174129.257238,-1,0,-122
1767174129.267238,0,1,-125
1767174129.277238,-3,3,-123
1767174129.287238,-3,0,-126
1767174129.297238,1,1,-124
1767174129.307238,-2,-2,-124
1767174129.317238,-2,-6,-121
1767174129.327238,-5,-3,-119
1767174129.337238,-2,-1,-119
1767174129.347238,-1,0,-118
1767174129.357238,-1,-1,-126
1767174129.367238,-2,0,-130
1767174129.377238,4,-3,-126
1767174129.3872385,6,-5,-123
1767174129.3972385,3,-3,-122
1767174129.4072382,0,0,-126
1767174129.4172382,-1,3,-128
1767174129.4272382,2,4,-130
1767174129.4372382,6,2,-128
1767174129.4472382,3,3,-133
1767174129.4572382,-1,4,-133
1767174129.4672382,0,2,-130
1767174129.4772382,5,4,-128
1767174129.4872382,7,1,-128
1767174129.4972382,5,-1,-126
1767174129.507238,3,0,-122
1767174129.517238,-1,1,-117
1767174129.527238,0,-2,-114
1767174129.537238,0,-4,-110
1767174129.547238,0,-8,-115
1767174129.557238,0,-6,-116
1767174129.567238,0,-4,-115
1767174129.577238,-1,0,-120
1767174129.587238,-3,0,-120
1767174129.597238,-6,-5,-117
1767174129.607238,-5,-5,-118
1767174129.617238,0,-3,-118
1767174129.627238,-1,-1,-112
1767174129.6372385,4,-2,-110
1767174129.6472385,3,-2,-116
1767174129.6572382,4,1,-118
1767174129.6672382,0,-1,-125
1767174129.6772382,0,2,-122
1767174129.6872382,-1,1,-121
1767174129.6972382,0,-3,-124
1767174129.7072382,4,-4,-119
1767174129.7172382,5,-4,-114
1767174129.7272382,8,-2,-117
1767174129.7372382,3,-2,-117
1767174129.7472382,0,-3,-122
1767174129.757238,2,-4,-127
1767174129.767238,3,-5,-132
1767174129.777238,5,-2,-130
1767174129.787238,9,2,-121
1767174129.797238,3,4,-118
1767174129.807238,-1,1,-112
1767174129.817238,-1,3,-117
1767174129.827238,2,0,-120
1767174129.837238,2,0,-125
1767174129.847238,2,2,-124
1767174129.857238,5,0,-125
1767174129.867238,3,0,-122
1767174129.877238,1,0,-122
1767174129.8882382,0,0,-115
1767174129.8972385,-2,0,-121
1767174129.9072382,-6,0,-126
1767174129.9172382,-7,-2,-131
1767174129.9272382,-4,0,-133
1767174129.9372382,0,0,-135
1767174129.9472382,3,-3,-124
1767174129.9572382,-1,-3,-129
1767174129.9672382,3,-7,-129
1767174129.9772382,5,-6,-125
1767174129.9872382,3,-5,-125
1767174129.9972382,3,-5,-123
1767174130.007238,-2,-2,-119
1767174130.017238,-1,1,-116
1767174130.027238,-5,2,-113
1767174130.037238,-2,0,-117
1767174130.047238,0,0,-119
1767174130.057238,7,-2,-119
1767174130.067238,10,0,-115
1767174130.077238,8,-4,-115
1767174130.087238,7,-3,-112
1767174130.097238,3,-2,-109
1767174130.107238,3,0,-109
1767174130.117238,5,0,-111
1767174130.127238,6,-1,-114
1767174130.1372385,1,-1,-119
1767174130.1472385,3,0,-121
1767174130.1572382,5,4,-125
1767174130.1672382,0,4,-126
1767174130.1772382,3,3,-121
1767174130.1872382,6,0,-121
1767174130.1972382,6,-5,-117
1767174130.2072382,8,0,-115
1767174130.2172382,5,-2,-116
1767174130.2272382,2,0,-116
1767174130.2372382,4,0,-119
1767174130.2472382,2,-3,-120
1767174130.257238,1,-3,-118
1767174130.267238,0,-6,-120
1767174130.277238,4,-11,-124
1767174130.287238,6,-7,-115
1767174130.297238,6,-7,-116
1767174130.307238,5,-8,-118
1767174130.317238,3,-13,-124
1767174130.327238,6,-8,-126
1767174130.337238,10,-9,-129
1767174130.347238,7,-8,-130
1767174130.357238,6,-7,-134
1767174130.367238,5,-7,-129
1767174130.377238,2,-8,-130
1767174130.3872385,3,-8,-125
1767174130.3972385,3,-10,-128
1767174130.4072382,6,-9,-122
1767174130.4172382,4,-6,-116
1767174130.4272382,0,-1,-115
1767174130.4372382,-2,-2,-114
1767174130.4472382,0,-4,-115
1767174130.4572382,-3,-3,-112
1767174130.4672382,0,-5,-109
1767174130.4772382,1,-2,-116
1767174130.4872382,4,-1,-120
1767174130.4972382,6,-1,-126
1767174130.507238,3,-1,-128
1767174130.517238,4,-4,-121
1767174130.527238,0,-4,-124
1767174130.537238,0,-3,-130
1767174130.547238,-1,-3,-128
1767174130.557238,2,-1,-123
1767174130.567238,1,-1,-121
1767174130.577238,-3,-3,-126
1767174130.587238,3,-1,-121
1767174130.597238,1,-1,-119
1767174130.607238,0,-2,-123
1767174130.617238,-3,-3,-126
1767174130.627238,-6,-2,-129
1767174130.6372385,-2,-2,-132
1767174130.6472385,1,-5,-131
1767174130.6572382,3,-7,-131
1767174130.6672382,0,-8,-126
1767174130.6772382,-2,-7,-132
1767174130.6872382,-2,-7,-129
1767174130.6972382,-2,-6,-128
1767174130.7072382,-5,-2,-128
1767174130.7172382,-7,0,-126
1767174130.7272382,-6,1,-127
1767174130.7372382,-5,2,-125
1767174130.7472382,-5,2,-114
1767174130.757238,-5,1,-114
1767174130.767238,-12,-1,-116
1767174130.777238,-9,-6,-118
1767174130.787238,-8,-4,-113
1767174130.797238,-7,-4,-118
1767174130.807238,-6,-3,-119
1767174130.817238,-2,-2,-118
1767174130.827238,2,-4,-116
1767174130.837238,3,-3,-119
1767174130.847238,0,-4,-125
1767174130.857238,-3,-7,-123
1767174130.867238,0,-9,-118
1767174130.877238,-4,-6,-126
1767174130.8872385,-4,-9,-130
1767174130.8972385,0,-11,-131
1767174130.9072382,3,-9,-136
1767174130.9172382,-3,-9,-132
1767174130.9272382,0,-7,-129
1767174130.9372382,-1,-5,-123
1767174130.9472382,-6,-1,-122
1767174130.9572382,-5,0,-123
1767174130.9672382,-6,1,-123
1767174130.9772382,-2,4,-123
1767174130.9872382,-1,2,-127
1767174130.9972382,-6,0,-129
1767174131.007238,-5,-4,-133
1767174131.017238,-3,-6,-133
1767174131.027238,-3,-2,-132
1767174131.037238,-1,1,-123
1767174131.047238,0,0,-121
1767174131.057238,-5,0,-123
1767174131.067238,-7,0,-127
1767174131.077238,-8,-1,-125
1767174131.087238,-10,0,-120
1767174131.097238,-8,4,-118
1767174131.107238,-7,2,-122
1767174131.117238,-5,0,-123
1767174131.127238,-6,-1,-126
1767174131.1372385,-4,0,-127
1767174131.1472385,-1,2,-126
1767174131.1572382,1,6,-126
1767174131.1672382,0,4,-118
1767174131.1772382,5,4,-126
1767174131.1872382,2,0,-132
1767174131.1972382,0,1,-133
1767174131.2072382,2,1,-133
1767174131.2172382,-1,0,-124
1767174131.2272382,-1,0,-121
1767174131.2372382,0,1,-118
1767174131.2472382,0,2,-117
1767174131.257238,3,0,-115
1767174131.267238,8,2,-122
1767174131.277238,3,5,-124
1767174131.287238,-3,3,-123
1767174131.297238,-4,1,-128
1767174131.307238,-7,3,-124
1767174131.317238,-6,7,-120
1767174131.327238,0,7,-123
1767174131.337238,-1,7,-125
1767174131.3482382,-1,6,-121
1767174131.3582382,0,5,-119
1767174131.3682382,0,8,-115
1767174131.3782382,1,7,-120
1767174131.3882382,-1,5,-123
1767174131.3982382,-2,2,-125
1767174131.4082382,0,1,-125
1767174131.4182382,0,0,-121
1767174131.4282382,0,0,-123
1767174131.438238,-1,-1,-126
1767174131.448238,-6,0,-120
1767174131.458238,1,0,-117
1767174131.468238,4,0,-120
1767174131.478238,6,-1,-117
1767174131.488238,6,-3,-110
1767174131.498238,3,-3,-113
1767174131.508238,0,-2,-113
1767174131.518238,4,-1,-117
1767174131.528238,11,0,-116
1767174131.538238,12,5,-125
1767174131.548238,9,9,-123
1767174131.5582385,2,7,-121
1767174131.5682385,-1,4,-127
1767174131.5782382,-5,0,-127
1767174131.5882382,0,3,-130
1767174131.5982382,1,-1,-132
1767174131.6082382,7,-3,-130
1767174131.6182382,6,-2,-128
1767174131.6282382,4,-2,-123
1767174131.6382382,4,-7,-127
1767174131.6482382,3,-4,-132
1767174131.6582382,6,-3,-130
1767174131.6682382,9,-2,-130
1767174131.6782382,4,0,-130
1767174131.688238,-2,1,-127
1767174131.698238,-1,3,-129
1767174131.708238,-3,0,-127
1767174131.718238,-3,1,-125
1767174131.728238,-8,2,-130
1767174131.738238,-5,0,-126
1767174131.748238,-6,0,-120
1767174131.758238,1,1,-120
1767174131.768238,4,3,-117
1767174131.778238,2,0,-121
1767174131.788238,1,-6,-121
1767174131.798238,-2,-4,-121
1767174131.8082385,-3,0,-130
1767174131.8182385,3,-1,-124
1767174131.8282382,6,-3,-121
1767174131.8382382,5,-3,-126
1767174131.8482382,3,-3,-135
1767174131.8582382,5,-6,-136
1767174131.8682382,7,-6,-139
1767174131.8782382,7,-5,-140
1767174131.8882382,7,-1,-128
1767174131.8982382,3,3,-126
1767174131.9082382,5,2,-129
1767174131.9182382,1,1,-128
1767174131.9282382,1,-1,-126
1767174131.938238,1,-1,-125
1767174131.948238,3,2,-130
1767174131.958238,4,4,-126
1767174131.968238,0,4,-123
1767174131.978238,-2,9,-120
1767174131.988238,-4,10,-125
1767174131.998238,-7,9,-123
1767174132.008238,-6,5,-129
1767174132.018238,-4,2,-133
1767174132.028238,-7,3,-133
1767174132.038238,-1,2,-136
1767174132.048238,-1,1,-141
1767174132.0582385,1,0,-139
1767174132.0682385,1,-2,-135
1767174132.0782382,2,-1,-133
1767174132.0882382,0,2,-127
1767174132.0982382,-2,-1,-123
1767174132.1082382,-2,-3,-129
1767174132.1182382,-1,-2,-128
1767174132.1282382,0,-6,-127
1767174132.1382382,0,-8,-124
1767174132.1482382,1,-6,-122
1767174132.1582382,1,-6,-121
1767174132.1682382,0,-1,-114
1767174132.1782382,2,2,-115
1767174132.188238,0,0,-111
1767174132.198238,0,2,-111
1767174132.208238,0,0,-118
1767174132.218238,1,3,-108
1767174132.228238,-1,1,-114
1767174132.238238,1,2,-119
1767174132.248238,1,4,-123
1767174132.258238,1,5,-130
1767174132.268238,5,4,-127
1767174132.278238,1,2,-125
1767174132.288238,3,-2,-127
1767174132.298238,8,-2,-124
1767174132.3082385,7,0,-122
1767174132.3182385,5,0,-126
1767174132.3282382,4,-4,-119
1767174132.3382382,1,-6,-122
1767174132.3482382,2,-3,-122
1767174132.3582382,-1,0,-121
1767174132.3682382,-3,3,-123
1767174132.3782382,-2,0,-125
1767174132.3882382,-5,-2,-129
1767174132.3982382,0,-2,-136
1767174132.4082382,1,-2,-141
1767174132.4182382,5,-2,-137
1767174132.4282382,4,-5,-136
1767174132.438238,2,-5,-130
1767174132.459238,4,-2,-128
1767174132.468238,3,-3,-127
1767174132.478238,0,-3,-130
1767174132.488238,0,-5,-122
1767174132.498238,1,-2,-125
1767174132.508238,1,1,-128
1767174132.518238,0,5,-133
1767174132.528238,0,7,-125
1767174132.538238,-3,5,-123
1767174132.548238,-7,5,-119
1767174132.5582385,-5,2,-126
1767174132.5682385,-6,4,-118
1767174132.5782382,-7,0,-119
1767174132.5882382,0,-1,-117
1767174132.5982382,-3,-3,-114
1767174132.6082382,3,-1,-121
1767174132.6182382,0,-4,-122
1767174132.6282382,1,-4,-120
1767174132.6382382,1,-2,-118
1767174132.6482382,1,-2,-124
1767174132.6582382,0,0,-121
1767174132.6682382,0,0,-116
1767174132.6782382,0,0,-117
1767174132.688238,-1,4,-119
1767174132.698238,-1,5,-122
1767174132.708238,-4,2,-116
1767174132.718238,-5,2,-120
1767174132.728238,-3,0,-124
1767174132.738238,0,0,-128
1767174132.748238,-5,2,-119
1767174132.758238,-7,0,-115
1767174132.768238,-4,-2,-115
1767174132.778238,-1,-3,-111
1767174132.788238,0,-2,-114
1767174132.798238,0,-1,-121
1767174132.8082385,0,0,-122
1767174132.8182385,-2,-4,-123
1767174132.8282382,-1,-7,-131
1767174132.8382382,-2,-7,-132
1767174132.8482382,-1,-7,-124
1767174132.8582382,0,-5,-122
1767174132.8682382,1,-6,-125
1767174132.8782382,-1,-3,-122
1767174132.8882382,-1,1,-126
1767174132.8982382,-3,1,-126
1767174132.9082382,-5,0,-127
1767174132.9182382,-4,0,-132
1767174132.9282382,0,0,-132
1767174132.938238,2,-2,-124
1767174132.948238,5,-3,-128
1767174132.958238,3,-4,-128
1767174132.968238,2,3,-133
1767174132.978238,4,0,-132
1767174132.988238,1,-1,-137
1767174132.998238,1,-1,-143
1767174133.008238,0,-2,-138
1767174133.018238,-1,-5,-128
1767174133.028238,3,-3,-124
1767174133.038238,1,-6,-130
1767174133.048238,-4,-7,-133
1767174133.0582385,-9,-6,-131
1767174133.0682385,-10,-6,-126
1767174133.0782382,-7,-3,-127
1767174133.0882382,-7,-3,-127
1767174133.0982382,-2,-2,-125
1767174133.1082382,0,0,-129
1767174133.1182382,7,2,-132
1767174133.1282382,4,0,-132
1767174133.1382382,0,0,-127
1767174133.1482382,-2,-4,-121
1767174133.1582382,-1,-5,-125
1767174133.1682382,-2,-1,-125
1767174133.1782382,-3,0,-125
1767174133.188238,-3,0,-122
1767174133.198238,-1,0,-123
1767174133.208238,-3,3,-127
1767174133.218238,-2,1,-122
1767174133.228238,3,-3,-126
1767174133.238238,0,-4,-124
1767174133.248238,-2,-5,-124
1767174133.258238,-2,-5,-126
1767174133.268238,-1,0,-129
1767174133.278238,2,-2,-131
1767174133.288238,0,-1,-132
1767174133.298238,-1,0,-132
1767174133.3082385,-1,0,-129
1767174133.3182385,-1,0,-126
1767174133.3282382,0,1,-119
1767174133.3382382,-6,4,-119
1767174133.3482382,-3,0,-115
1767174133.3582382,1,-1,-118
1767174133.3682382,6,-1,-126
1767174133.3782382,1,2,-123
1767174133.3882382,1,6,-120
1767174133.3982382,-3,3,-123
1767174133.4082382,0,7,-122
1767174133.4182382,0,4,-128
1767174133.4282382,0,4,-132
1767174133.438238,0,0,-134
1767174133.448238,2,0,-137
1767174133.458238,1,0,-130
1767174133.468238,3,0,-129
1767174133.478238,2,-1,-125
1767174133.488238,1,-1,-117
1767174133.498238,2,-3,-121
1767174133.508238,2,-2,-123
1767174133.518238,3,-2,-123
1767174133.528238,1,-1,-120
1767174133.538238,3,1,-124
1767174133.548238,3,0,-122
1767174133.5582385,3,0,-118
1767174133.5682385,4,-4,-121
1767174133.5782382,3,-7,-120
1767174133.5882382,0,-3,-127
1767174133.5982382,-1,-1,-127
1767174133.6082382,-3,0,-134
1767174133.6182382,-2,0,-128
1767174133.6282382,-4,3,-127
1767174133.6382382,-6,-1,-125
1767174133.6482382,-8,-2,-128
1767174133.6582382,-5,-5,-132
1767174133.6682382,-3,-5,-131
1767174133.6782382,-3,-6,-127
1767174133.688238,-8,-5,-129
1767174133.698238,-6,-3,-123
1767174133.708238,-3,-2,-123
1767174133.718238,0,-2,-126
1767174133.728238,3,-4,-132
1767174133.738238,4,-4,-132
1767174133.748238,4,-5,-130
1767174133.758238,0,-3,-132
1767174133.768238,-5,-4,-132
1767174133.778238,-11,-7,-127
1767174133.788238,-12,-6,-129
1767174133.798238,-7,-2,-128
1767174133.8082385,-6,-1,-132
1767174133.8182385,-7,-3,-134
1767174133.8282382,-1,-2,-130
1767174133.8382382,0,-1,-131
1767174133.8482382,-1,-1,-137
1767174133.8582382,-4,0,-133
1767174133.8682382,-3,0,-129
1767174133.8782382,-4,0,-123
1767174133.8882382,-6,0,-123
1767174133.8982382,-4,0,-121
1767174133.9082382,-3,3,-117
1767174133.9182382,-7,4,-120
1767174133.9282382,-3,-1,-116
1767174133.938238,0,-2,-114
1767174133.948238,-2,-1,-117
1767174133.958238,-3,0,-120
1767174133.968238,-1,-3,-125
1767174133.978238,-5,-3,-128
1767174133.9892385,-2,-6,-131
1767174133.998238,0,-6,-127
1767174134.0092382,3,-6,-120
1767174134.0192382,2,-7,-126
1767174134.0292382,7,-6,-129
1767174134.0392382,2,-7,-135
1767174134.0492382,1,-6,-133
1767174134.0592382,-1,-8,-130
1767174134.0692382,-6,-8,-128
1767174134.0792382,-1,-5,-130
1767174134.0892382,-4,0,-123
1767174134.0992382,-4,-2,-115
1767174134.109238,-3,0,-118
1767174134.119238,0,2,-126
1767174134.129238,0,1,-124
1767174134.139238,3,-4,-123
1767174134.149238,3,-3,-131
1767174134.159238,-1,-1,-128
1767174134.169238,0,-4,-126
1767174134.179238,0,-5,-130
1767174134.189238,-3,-5,-130
1767174134.199238,0,-5,-133
1767174134.209238,1,-7,-130
1767174134.219238,4,-3,-127
1767174134.2292385,4,0,-114
1767174134.2392385,5,0,-118
1767174134.2492385,4,0,-126
1767174134.2592382,2,-2,-129
1767174134.2692382,-1,-3,-135
1767174134.2792382,-1,-3,-136
1767174134.2892382,-2,0,-128
1767174134.2992382,-2,0,-120
1767174134.3092382,-1,-1,-120
1767174134.3192382,1,0,-126
1767174134.3292382,0,0,-125
1767174134.3392382,0,0,-125
1767174134.3492382,1,5,-120
1767174134.359238,0,4,-119
1767174134.369238,1,4,-120
1767174134.379238,0,5,-123
1767174134.389238,2,4,-124
1767174134.399238,0,3,-123
1767174134.409238,-3,3,-123
1767174134.419238,-1,3,-126
1767174134.429238,-7,-1,-124
1767174134.439238,-4,0,-123
1767174134.449238,0,1,-122
1767174134.459238,0,1,-119
1767174134.469238,1,0,-121
1767174134.4792385,1,-5,-122
1767174134.4892385,2,-5,-123
1767174134.4992385,2,-5,-133
1767174134.5092382,2,-2,-133
1767174134.5192382,8,3,-127
1767174134.5292382,8,5,-130
1767174134.5392382,7,5,-129
1767174134.5492382,5,6,-129
1767174134.5592382,8,6,-126
1767174134.5692382,5,4,-125
1767174134.5792382,3,5,-121
1767174134.5892382,1,5,-123
1767174134.5992382,0,8,-125
1767174134.609238,1,11,-119
1767174134.619238,-1,6,-117
1767174134.629238,1,2,-122
1767174134.639238,0,2,-116
1767174134.649238,-2,2,-115
1767174134.659238,-1,0,-116
1767174134.669238,-3,2,-124
1767174134.679238,-1,3,-124
1767174134.689238,0,-4,-123
1767174134.699238,0,-5,-118
1767174134.709238,0,-2,-126
1767174134.719238,0,-1,-123
1767174134.7292385,-1,-1,-127
1767174134.7392385,-2,-5,-125
1767174134.7492385,-3,-6,-127
1767174134.7592382,0,-5,-124
1767174134.7692382,1,-7,-128
1767174134.7792382,0,-1,-126
1767174134.7892382,0,4,-120
1767174134.7992382,1,1,-115
1767174134.8092382,-1,-1,-114
1767174134.8192382,-3,-1,-118
1767174134.8292382,-5,0,-120
1767174134.8392382,-5,3,-122
1767174134.8492382,-7,5,-123
1767174134.859238,-7,6,-131
1767174134.869238,-3,0,-129
1767174134.879238,-2,-2,-124
1767174134.889238,-3,-5,-125
1767174134.899238,-1,-5,-116
1767174134.909238,1,-8,-114
1767174134.919238,1,-7,-118
1767174134.929238,3,-10,-118
1767174134.939238,2,-7,-120
1767174134.949238,3,-6,-120
1767174134.959238,0,-1,-118
1767174134.969238,-2,-1,-117
1767174134.9792385,0,-2,-112
1767174134.9892385,1,-2,-112
1767174134.9992385,5,1,-117
1767174135.0092382,5,1,-116
1767174135.0192382,2,3,-111
1767174135.0292382,-1,2,-111
1767174135.0392382,0,-1,-109
1767174135.0492382,3,-2,-113
1767174135.0592382,2,-1,-115
1767174135.0692382,2,-1,-119
1767174135.0792382,0,-1,-125
1767174135.0892382,1,-2,-122
1767174135.0992382,-1,-3,-113
1767174135.109238,-7,-2,-111
1767174135.119238,-3,-2,-115
1767174135.129238,1,-2,-118
1767174135.139238,-2,-2,-122
1767174135.149238,-1,-7,-122
1767174135.159238,0,-11,-124
1767174135.169238,-4,-7,-123
1767174135.179238,-1,-4,-120
1767174135.189238,-4,-4,-116
1767174135.199238,0,-8,-118
1767174135.209238,1,-11,-118
1767174135.219238,6,-14,-117
1767174135.2292385,7,-9,-114
1767174135.2392385,7,-6,-118
1767174135.2492385,5,-8,-122
1767174135.2592382,1,-7,-119
1767174135.2692382,1,-3,-118
1767174135.2792382,2,-4,-121
1767174135.2892382,5,0,-126
1767174135.2992382,5,-1,-120
1767174135.3092382,2,-1,-115
1767174135.3192382,0,-2,-113
1767174135.3292382,-1,-5,-118
1767174135.3392382,3,-5,-118
1767174135.3492382,2,-4,-120
1767174135.359238,-4,-2,-123
1767174135.369238,-1,-3,-128
1767174135.379238,-3,-1,-131
1767174135.389238,0,-1,-135
1767174135.399238,0,-1,-132
1767174135.409238,1,-4,-134
1767174135.419238,-1,-7,-139
1767174135.429238,-1,-2,-132
1767174135.439238,-4,0,-129
1767174135.449238,0,-3,-122
1767174135.459238,0,-4,-118
1767174135.469238,-5,-3,-125
1767174135.4792385,-3,0,-127
1767174135.4892385,-7,-1,-124
1767174135.4992385,-6,-3,-121
1767174135.5092382,-6,-2,-116
1767174135.5192382,-7,0,-122
1767174135.5292382,-8,0,-123
1767174135.5392382,-3,-4,-121
1767174135.5492382,-6,-4,-123
1767174135.5592382,-7,-3,-126
1767174135.5692382,-12,-4,-129
1767174135.5792382,-12,-3,-124
1767174135.5892382,-12,-3,-123
1767174135.5992382,-10,-2,-118
1767174135.609238,-7,0,-111
1767174135.619238,0,-2,-111
1767174135.629238,1,-2,-118
1767174135.639238,3,-1,-120
1767174135.649238,2,-1,-126
1767174135.659238,3,-3,-129
1767174135.669238,4,-2,-125
1767174135.679238,4,0,-125
1767174135.689238,7,0,-129
1767174135.699238,1,0,-128
1767174135.709238,-1,-4,-130
1767174135.719238,-4,-4,-126
1767174135.7292385,-3,-3,-125
1767174135.7392385,-2,0,-126
1767174135.7492385,-4,2,-128
1767174135.7592382,-3,1,-129
1767174135.7692382,4,0,-128
1767174135.7792382,4,4,-123
1767174135.7892382,5,6,-126
1767174135.7992382,3,6,-122
1767174135.8092382,0,0,-119
1767174135.8192382,1,-2,-117
1767174135.8292382,2,-3,-121
1767174135.8392382,2,0,-125
1767174135.8492382,0,1,-130
1767174135.859238,-3,-2,-128
1767174135.869238,-2,-3,-131
1767174135.879238,3,-2,-133
1767174135.889238,8,-1,-136
1767174135.899238,4,-1,-143
1767174135.909238,3,-5,-134
1767174135.919238,10,-4,-130
1767174135.929238,12,-1,-128
1767174135.939238,10,0,-127
1767174135.949238,2,-1,-132
1767174135.959238,5,-1,-127
1767174135.969238,5,0,-128
1767174135.9792385,3,-2,-128
1767174135.9892385,0,-4,-130
1767174135.9992385,1,-8,-127
1767174136.0092382,-1,-9,-126
1767174136.0192382,-4,-8,-122
1767174136.0292382,-1,-6,-126
1767174136.0392382,0,0,-120
1767174136.0492382,2,3,-121
1767174136.0592382,2,1,-123
1767174136.0692382,3,-1,-125
1767174136.0792382,4,0,-114
1767174136.0892382,9,2,-114
1767174136.0992382,9,0,-113
1767174136.109238,9,-5,-115
1767174136.119238,9,0,-116
1767174136.129238,9,0,-119
1767174136.139238,10,1,-127
1767174136.149238,5,1,-129
1767174136.159238,1,-3,-127
1767174136.169238,3,0,-129
1767174136.179238,2,0,-124
1767174136.189238,0,-1,-125
1767174136.199238,1,-4,-122
1767174136.209238,-4,-4,-126
1767174136.219238,-2,-2,-129
1767174136.2292385,4,-3,-119
1767174136.2392385,5,-3,-115
1767174136.2492385,5,-4,-126
1767174136.2592382,8,-6,-129
1767174136.2692382,7,-8,-126
1767174136.2792382,5,-7,-121
1767174136.2892382,0,-5,-122
1767174136.2992382,-3,-7,-117
1767174136.3092382,-7,-4,-114
1767174136.3192382,-2,-2,-119
1767174136.3292382,-2,-2,-123
1767174136.3392382,-3,-3,-122
1767174136.3492382,0,-3,-122
1767174136.359238,-3,0,-125
1767174136.369238,-2,-2,-125
1767174136.379238,-1,-3,-132
1767174136.389238,-7,0,-125
1767174136.399238,-5,-1,-126
1767174136.409238,-7,1,-128
1767174136.419238,-2,1,-124
1767174136.429238,-3,1,-122
1767174136.439238,-4,0,-123
1767174136.449238,-4,-1,-118
1767174136.459238,0,1,-117
1767174136.469238,0,-1,-113
1767174136.4792385,0,-2,-113
1767174136.4892385,0,-4,-114
1767174136.4992385,2,-3,-115
1767174136.5092382,-2,-2,-122
1767174136.5192382,-6,-5,-126
1767174136.5292382,-10,-6,-130
1767174136.5392382,-9,-8,-135
1767174136.5492382,-6,-5,-135
1767174136.5592382,-5,-3,-132
1767174136.5692382,-3,-4,-132
1767174136.5792382,-2,-1,-137
1767174136.5892382,-2,0,-132
1767174136.5992382,-7,-2,-127
1767174136.609238,-8,-6,-133
1767174136.620238,-6,-7,-141
1767174136.630238,-2,-7,-132
1767174136.640238,-2,-4,-124
1767174136.649238,-2,0,-128
1767174136.6602385,-3,-2,-127
1767174136.669238,0,-7,-122
1767174136.6802382,0,-7,-120
1767174136.6902382,0,-7,-114
1767174136.7002382,3,-6,-108
1767174136.7102382,3,-4,-115
1767174136.7202382,0,-2,-120
1767174136.7302382,-3,-3,-121
1767174136.7402382,-2,-1,-121
1767174136.7502382,-5,0,-126
1767174136.7602382,-5,0,-120
1767174136.7702382,-3,0,-119
1767174136.7802382,-1,-3,-119
1767174136.790238,-1,-3,-118
1767174136.800238,0,-2,-120
1767174136.810238,0,-2,-128
1767174136.820238,-1,-2,-138
1767174136.830238,-1,0,-135
1767174136.840238,-3,0,-127
1767174136.850238,-5,4,-120
1767174136.860238,0,4,-126
1767174136.870238,1,1,-121
1767174136.880238,-1,1,-119
1767174136.890238,-5,0,-124
1767174136.900238,-7,1,-123
1767174136.9102385,-5,0,-127
1767174136.9202385,-1,-5,-128
1767174136.9302382,2,-7,-131
1767174136.9402382,1,-10,-129
1767174136.9502382,-2,-9,-126
1767174136.9602382,0,-10,-128
1767174136.9702382,-4,-10,-131
1767174136.9802382,0,-9,-126
1767174136.9902382,-1,-12,-123
1767174137.0002382,0,-11,-125
1767174137.0102382,-4,-9,-121
1767174137.0202382,-4,-9,-115
1767174137.0302382,-7,-6,-121
1767174137.040238,-8,-3,-116
1767174137.050238,-8,0,-121
1767174137.060238,-10,1,-131
1767174137.070238,-7,0,-135
1767174137.080238,-5,0,-131
1767174137.090238,2,0,-124
1767174137.100238,5,0,-125
1767174137.110238,7,0,-126
1767174137.120238,6,-3,-124
1767174137.130238,3,-3,-119
1767174137.140238,5,0,-116
1767174137.150238,11,0,-120
1767174137.1602385,9,-1,-120
1767174137.1702385,3,1,-122
1767174137.1802382,4,1,-121
1767174137.1902382,3,1,-124
1767174137.2002382,3,3,-127
1767174137.2102382,2,0,-134
1767174137.2202382,2,0,-134
1767174137.2302382,4,-1,-133
1767174137.2402382,2,-4,-122
1767174137.2502382,-3,-7,-123
1767174137.261238,-4,-7,-121
1767174137.2702382,-5,-10,-125
1767174137.2802382,-3,-11,-127
1767174137.290238,-3,-11,-127
1767174137.300238,-1,-8,-127
1767174137.310238,1,-3,-126
1767174137.320238,3,-8,-127
1767174137.330238,6,-11,-121
1767174137.340238,1,-12,-127
1767174137.350238,-3,-11,-128
1767174137.360238,0,-8,-124
1767174137.370238,3,-8,-128
1767174137.380238,8,-5,-129
1767174137.390238,9,0,-129
1767174137.400238,7,2,-122
1767174137.4102385,5,1,-121
1767174137.4202385,2,4,-124
1767174137.4302382,2,5,-124
1767174137.4402382,0,8,-125
1767174137.4502382,0,8,-128
1767174137.472238,-2,4,-122
1767174137.4802382,-2,2,-117
1767174137.4902382,0,3,-122
1767174137.5002382,0,3,-118
1767174137.5102382,-2,3,-117
1767174137.5202382,-6,1,-124
1767174137.5302382,-6,2,-132
1767174137.540238,-6,0,-134
1767174137.550238,-5,1,-138
1767174137.560238,-6,0,-129
1767174137.570238,-5,-3,-130
1767174137.580238,-4,-3,-135
1767174137.590238,-3,-1,-137
1767174137.600238,-4,0,-134
1767174137.610238,-6,1,-129
1767174137.620238,-4,-3,-137
1767174137.630238,-2,-5,-127
1767174137.640238,-4,-7,-127
1767174137.650238,-6,-4,-126
1767174137.6602385,-4,-3,-125
1767174137.6702385,-3,-2,-127
1767174137.6802382,-6,-1,-116
1767174137.6902382,-3,-5,-120
1767174137.7002382,0,-7,-120
1767174137.7102382,2,-4,-117
1767174137.7202382,4,-1,-117
1767174137.7302382,4,1,-120
1767174137.7402382,1,-1,-118
1767174137.7502382,-4,-2,-113
1767174137.7602382,-2,0,-112
1767174137.7702382,-1,2,-113
1767174137.7802382,-2,1,-110
1767174137.790238,-2,0,-113
1767174137.800238,0,2,-115
1767174137.810238,0,0,-123
1767174137.820238,0,0,-125
1767174137.830238,4,-1,-123
1767174137.840238,6,-1,-119
1767174137.850238,2,-4,-117
1767174137.860238,4,-1,-116
1767174137.870238,3,-1,-119
1767174137.880238,2,-2,-123
1767174137.890238,3,-5,-124
1767174137.900238,0,-2,-122
1767174137.9102385,0,-1,-124
1767174137.9202385,2,-2,-128
1767174137.9302382,3,0,-128
1767174137.9402382,3,-3,-124
1767174137.9502382,2,-5,-123
1767174137.9602382,3,-4,-127
1767174137.9702382,-2,-6,-133
1767174137.9802382,0,-5,-131
1767174137.9902382,2,-7,-132
1767174138.0002382,-2,-8,-129
1767174138.0102382,-1,-4,-123
1767174138.0202382,-4,0,-121
1767174138.0302382,-4,0,-123
1767174138.040238,-6,3,-128
1767174138.050238,-4,3,-133
1767174138.060238,-1,3,-134
1767174138.070238,1,2,-144
1767174138.080238,2,0,-143
1767174138.090238,0,0,-142
1767174138.100238,-4,3,-135
1767174138.110238,-7,1,-129
1767174138.120238,-6,-3,-130
1767174138.130238,-8,-3,-128
1767174138.140238,-6,-6,-126
1767174138.150238,-4,-5,-125
1767174138.1602385,-1,-7,-127
1767174138.1702385,-5,-7,-127
1767174138.1802382,-3,-9,-126
1767174138.1902382,-5,-8,-128
1767174138.2002382,-3,-3,-124
1767174138.2102382,-3,-2,-124
1767174138.2202382,-4,-3,-127
1767174138.2302382,-2,-5,-130
1767174138.2402382,0,-7,-126
1767174138.2502382,3,-6,-118
1767174138.2602382,6,-4,-116
1767174138.2702382,2,-3,-111
1767174138.2802382,-1,-1,-115
1767174138.290238,0,0,-111
1767174138.300238,2,-2,-117
1767174138.310238,1,-8,-123
1767174138.320238,7,-7,-125
1767174138.330238,6,-5,-122
1767174138.340238,7,-4,-123
1767174138.350238,4,-2,-123
1767174138.360238,0,-4,-117
1767174138.370238,-5,-4,-114
1767174138.380238,-7,-4,-116
1767174138.390238,-6,-8,-115
1767174138.400238,-5,-12,-114
1767174138.4102385,-8,-10,-117
1767174138.4202385,-4,-4,-114
1767174138.4302382,-1,-4,-120
1767174138.4402382,0,0,-112
1767174138.4502382,0,0,-103
1767174138.4602382,0,-2,-100
1767174138.4702382,0,-4,-106
1767174138.4802382,-4,-6,-106
1767174138.4902382,-4,-7,-108
1767174138.5002382,-1,-7,-114
1767174138.5102382,2,-7,-113
1767174138.5202382,4,-4,-115
1767174138.5302382,4,-1,-113
1767174138.540238,0,-1,-118
1767174138.550238,0,0,-119
1767174138.560238,1,-1,-119
1767174138.570238,0,0,-123
1767174138.580238,1,1,-125
1767174138.590238,3,5,-124
1767174138.600238,6,11,-129
1767174138.610238,2,8,-128
1767174138.620238,1,5,-121
1767174138.630238,3,6,-125
1767174138.640238,0,4,-122
1767174138.650238,-4,1,-124
1767174138.6602385,-4,0,-120
1767174138.6702385,-1,0,-119
1767174138.6802382,-3,0,-115
1767174138.6902382,-2,-4,-119
1767174138.7002382,-1,-5,-116
1767174138.7102382,0,0,-112
1767174138.7202382,2,2,-113
1767174138.7302382,3,1,-122
1767174138.7402382,4,-4,-120
1767174138.7502382,2,-1,-123
1767174138.7602382,1,-1,-119
1767174138.7702382,0,-2,-119
1767174138.7802382,-3,-4,-126
1767174138.790238,-5,-6,-131
1767174138.800238,-1,-10,-122
1767174138.810238,-4,-7,-132
1767174138.820238,-1,-11,-129
1767174138.830238,-4,-11,-119
1767174138.840238,-8,-12,-115
1767174138.850238,-7,-10,-110
1767174138.860238,-6,-8,-115
1767174138.870238,-4,-5,-118
1767174138.880238,-3,-5,-116
1767174138.890238,-6,-6,-120
1767174138.900238,-3,-4,-115
1767174138.9102385,-4,-1,-113
1767174138.9202385,-4,-2,-117
1767174138.9302382,-3,0,-122
1767174138.9402382,-4,-4,-126
1767174138.9502382,-1,-5,-133
1767174138.9602382,-4,-4,-137
1767174138.9702382,0,-4,-132
1767174138.9802382,0,-2,-131
1767174138.9902382,-1,-1,-129
1767174139.0002382,0,0,-128
1767174139.0102382,4,-4,-128
1767174139.0202382,7,0,-126
1767174139.0302382,6,0,-126
1767174139.040238,6,0,-127
1767174139.050238,6,1,-127
1767174139.060238,1,0,-121
1767174139.070238,2,2,-118
1767174139.080238,9,2,-118
1767174139.090238,5,-2,-117
1767174139.100238,6,-6,-115
1767174139.110238,0,-9,-118
1767174139.120238,3,-5,-112
1767174139.130238,0,-2,-112
1767174139.140238,-3,3,-115
1767174139.150238,-6,2,-116
1767174139.1602385,-5,0,-107
1767174139.1702385,1,-2,-109
1767174139.1802382,2,0,-114
1767174139.1902382,3,0,-118
1767174139.2002382,3,-1,-124
1767174139.2102382,4,0,-129
1767174139.2202382,3,0,-132
1767174139.2302382,0,0,-129
1767174139.2402382,4,1,-126
1767174139.2502382,1,1,-129
1767174139.261238,1,2,-127
1767174139.271238,1,1,-136
1767174139.2802382,5,4,-139
1767174139.290238,3,2,-144
1767174139.301238,0,2,-148
1767174139.311238,0,3,-138
1767174139.321238,1,6,-128
1767174139.3312385,0,8,-126
1767174139.3412385,2,7,-132
1767174139.3512385,0,7,-132
1767174139.3612382,0,6,-126
1767174139.3712382,0,5,-122
1767174139.3812382,0,2,-115
1767174139.3912382,6,2,-114
1767174139.4012382,1,2,-117
1767174139.4112382,5,-4,-112
1767174139.4212382,0,-3,-113
1767174139.4312382,-4,1,-109
1767174139.4412382,-6,1,-112
1767174139.4512382,-3,2,-118
1767174139.461238,-3,4,-116
1767174139.471238,-2,3,-123
1767174139.481238,0,-1,-128
1767174139.491238,-4,-5,-130
1767174139.501238,-9,-2,-129
1767174139.511238,-6,-5,-131
1767174139.521238,-5,-6,-124
1767174139.531238,-4,-3,-125
1767174139.541238,-2,-2,-121
1767174139.551238,-1,-8,-124
1767174139.561238,-1,-8,-131
1767174139.571238,-4,-4,-129
1767174139.5812385,-6,-3,-125
1767174139.5912385,-7,-4,-132
1767174139.6012385,-6,-7,-128
1767174139.6112382,-5,-5,-121
1767174139.6212382,-4,-5,-113
1767174139.6312382,-8,-6,-116
1767174139.6412382,-8,-3,-117
1767174139.6512382,-3,-1,-118
1767174139.6612382,-1,0,-123
1767174139.6712382,1,1,-127
1767174139.6812382,3,0,-131
1767174139.6912382,3,-2,-127
1767174139.7012382,2,-4,-128
1767174139.711238,3,-5,-127
1767174139.721238,4,-6,-125
1767174139.731238,2,-5,-124
1767174139.741238,4,-5,-123
1767174139.751238,4,-3,-120
1767174139.761238,6,-4,-120
1767174139.771238,7,-2,-121
1767174139.781238,8,-5,-123
1767174139.791238,4,-4,-125
1767174139.801238,3,-7,-122
1767174139.811238,1,-4,-122
1767174139.821238,-1,-9,-121
1767174139.8312385,-4,-6,-126
1767174139.8412385,-5,-3,-121
1767174139.8512385,-5,-2,-122
1767174139.8612382,-2,-3,-115
1767174139.8712382,1,-3,-114
1767174139.8812382,-2,-1,-119
1767174139.8912382,-6,-2,-114
1767174139.9012382,-7,-2,-121
1767174139.9112382,-6,1,-119
1767174139.9212382,-7,0,-124
1767174139.9312382,-4,-1,-127
1767174139.9412382,-4,-4,-125
1767174139.9512382,-8,-6,-116
1767174139.961238,-8,-11,-116
1767174139.971238,-6,-9,-113
1767174139.981238,-2,-2,-115
1767174139.991238,-7,-1,-119
1767174140.001238,-9,-3,-120
1767174140.011238,-10,-4,-122
1767174140.021238,-12,-5,-127
1767174140.031238,-10,-7,-127
1767174140.041238,-7,-4,-131
1767174140.051238,-7,-2,-131
1767174140.061238,-3,-2,-130
1767174140.071238,0,-4,-136
1767174140.0812385,-1,-7,-127
1767174140.0912385,-2,-3,-128
1767174140.1012385,-1,-3,-122
1767174140.1112382,-6,-2,-119
1767174140.1212382,-4,-4,-123
1767174140.1312382,-4,-5,-127
1767174140.1412382,-6,-4,-127
1767174140.1512382,-6,1,-128
1767174140.1612382,-2,-1,-128
1767174140.1712382,-5,-2,-126
1767174140.1812382,-5,-4,-133
1767174140.1912382,-5,-1,-135
1767174140.2012382,1,-4,-135
1767174140.211238,3,-4,-131
1767174140.221238,4,-7,-133
1767174140.231238,1,-8,-130
1767174140.241238,2,-6,-123
1767174140.251238,2,-8,-115
1767174140.261238,1,-3,-109
1767174140.271238,-1,-1,-108
1767174140.281238,-1,0,-114
1767174140.291238,0,0,-118
1767174140.301238,0,0,-121
1767174140.311238,1,1,-124
1767174140.321238,3,0,-121
1767174140.3312385,1,-3,-127
1767174140.3412385,0,-1,-130
1767174140.3512385,3,0,-129
1767174140.3612382,1,-2,-125
1767174140.3712382,0,-5,-125
1767174140.3812382,-7,-3,-124
1767174140.3912382,-4,-1,-132
1767174140.4012382,-3,-1,-133
1767174140.4112382,-3,0,-134
1767174140.4212382,0,2,-130
1767174140.4312382,0,0,-127
1767174140.4412382,0,-4,-110
1767174140.4512382,-2,-4,-110
1767174140.461238,-4,-1,-110
1767174140.471238,-6,-1,-112
1767174140.481238,-5,-2,-115
1767174140.491238,-4,-4,-120
1767174140.501238,0,-3,-121
1767174140.511238,-2,0,-117
1767174140.521238,-4,4,-117
1767174140.531238,-4,6,-116
1767174140.541238,2,2,-116
1767174140.551238,1,-1,-119
1767174140.561238,1,1,-115
1767174140.571238,-1,1,-119
1767174140.5812385,-6,0,-117
1767174140.5912385,-7,5,-121
1767174140.6012385,-4,6,-129
1767174140.6112382,0,1,-133
1767174140.6212382,0,2,-125
1767174140.6312382,3,4,-122
1767174140.6412382,4,4,-121
1767174140.6512382,3,1,-128
1767174140.6612382,4,-1,-141
1767174140.6712382,-2,-3,-142
1767174140.6812382,-4,-2,-138
1767174140.6912382,-5,0,-135
1767174140.7012382,-5,-1,-136
1767174140.711238,-6,-2,-130
1767174140.721238,-6,-2,-121
1767174140.731238,-6,-2,-125
1767174140.741238,-6,0,-124
1767174140.751238,-6,-3,-116
1767174140.761238,-5,-7,-117
1767174140.771238,-2,-9,-122
1767174140.781238,-1,-5,-128
1767174140.791238,-2,-1,-122
1767174140.801238,-3,0,-128
1767174140.811238,-4,1,-131
1767174140.821238,-6,1,-133
1767174140.8312385,-3,0,-129
1767174140.8412385,-5,-2,-129
1767174140.8512385,-4,0,-132
1767174140.8612382,-2,2,-131
1767174140.8712382,0,5,-127
1767174140.8812382,3,1,-133
1767174140.8912382,0,2,-134
1767174140.9012382,-1,1,-138
1767174140.9112382,0,0,-135
1767174140.9212382,1,-5,-132
1767174140.9312382,0,-3,-127
1767174140.9412382,2,-3,-121
1767174140.9512382,1,-4,-125
1767174140.961238,2,-1,-128
1767174140.971238,0,2,-125
1767174140.981238,-5,4,-113
1767174140.991238,-5,1,-113
1767174141.001238,-3,-4,-117
1767174141.011238,-3,-3,-120
1767174141.021238,-3,-5,-119
1767174141.031238,-7,-1,-114
1767174141.041238,-10,-1,-114
1767174141.051238,-12,-4,-118
1767174141.061238,-13,-4,-117
1767174141.071238,-8,-6,-118
1767174141.0812385,-10,-6,-122
1767174141.0912385,-6,-6,-124
1767174141.1012385,-10,-4,-115
1767174141.1112382,-10,-4,-115
1767174141.1212382,-7,-5,-112
1767174141.1312382,-5,-7,-113
1767174141.1412382,-4,-5,-112
1767174141.1512382,-3,-3,-115
1767174141.1612382,0,1,-118
1767174141.1712382,-2,0,-111
1767174141.1812382,-1,1,-114
1767174141.1912382,-6,0,-110
1767174141.2012382,-4,-1,-114
1767174141.211238,-3,-2,-111
1767174141.221238,0,-6,-98
1767174141.231238,-4,-5,-106
1767174141.241238,-1,-6,-117
1767174141.251238,2,-7,-123
1767174141.261238,1,-8,-122
1767174141.271238,-1,-3,-125
1767174141.281238,-2,-4,-127
1767174141.291238,0,-2,-131
1767174141.301238,-1,0,-128
1767174141.311238,-4,2,-130
1767174141.321238,-2,4,-125
1767174141.3312385,2,7,-119
1767174141.3412385,4,11,-120
1767174141.3512385,6,14,-120
1767174141.3612382,5,14,-127
1767174141.3712382,0,8,-123
1767174141.3812382,-2,2,-118
1767174141.3912382,0,8,-118
1767174141.4012382,-1,7,-124
1767174141.4112382,0,4,-124
1767174141.4212382,0,4,-123
1767174141.4312382,1,6,-123
1767174141.4412382,3,8,-122
1767174141.4512382,3,3,-122
1767174141.461238,3,3,-119
1767174141.471238,7,2,-122
1767174141.481238,5,1,-123
1767174141.491238,3,2,-120
1767174141.501238,0,5,-118
1767174141.511238,-1,0,-115
1767174141.521238,0,4,-115
1767174141.531238,1,5,-116
1767174141.541238,3,1,-116
1767174141.551238,0,0,-125
1767174141.561238,-5,-1,-132
1767174141.571238,-5,3,-136
1767174141.5812385,0,5,-131
1767174141.5912385,5,6,-135
1767174141.6012385,6,6,-131
1767174141.6112382,0,11,-127
1767174141.6212382,1,8,-131
1767174141.6312382,0,5,-120
1767174141.6412382,-3,0,-118
1767174141.6512382,-5,2,-126
1767174141.6612382,-8,0,-131
1767174141.6712382,-8,1,-132
1767174141.6812382,-6,2,-134
1767174141.6912382,-1,0,-131
1767174141.7012382,0,2,-126
1767174141.711238,0,-1,-117
1767174141.721238,-2,-2,-126
1767174141.731238,-1,3,-128
1767174141.741238,2,1,-129
1767174141.751238,1,-1,-121
1767174141.761238,2,-1,-123
1767174141.771238,0,0,-131
1767174141.781238,1,0,-129
1767174141.791238,5,0,-124
1767174141.801238,1,0,-121
1767174141.811238,0,3,-117
1767174141.821238,0,2,-119
1767174141.8312385,2,0,-118
1767174141.8412385,5,0,-120
1767174141.8512385,8,-4,-115
1767174141.8612382,4,-5,-117
1767174141.8712382,2,-5,-118
1767174141.8812382,0,-6,-121
1767174141.8912382,0,-1,-115
1767174141.9012382,-1,-2,-117
1767174141.9112382,1,-3,-115
1767174141.922238,3,-6,-108
1767174141.9312382,3,-5,-117
1767174141.942238,4,-6,-122
1767174141.952238,4,0,-120
1767174141.962238,0,0,-112
1767174141.972238,0,0,-113
1767174141.982238,0,3,-119
1767174141.992238,1,0,-118
1767174142.002238,4,2,-121
1767174142.0122385,3,0,-121
1767174142.0222385,3,-1,-121
1767174142.0322382,0,-5,-110
1767174142.0422382,0,-9,-111
1767174142.0522382,0,-3,-121
1767174142.0622382,-2,-9,-116
1767174142.0722382,-2,-6,-123
1767174142.0822382,-4,-3,-122
1767174142.0922382,-4,-1,-124
1767174142.1022382,-3,2,-122
1767174142.1122382,-4,-3,-120
1767174142.1222382,-4,-4,-121
1767174142.132238,-1,-4,-127
1767174142.142238,-1,-3,-127
1767174142.152238,1,-3,-127
1767174142.162238,4,-2,-122
1767174142.172238,3,-1,-127
1767174142.182238,4,-1,-130
1767174142.192238,2,0,-132
1767174142.202238,0,2,-129
1767174142.212238,2,1,-126
1767174142.222238,0,1,-126
1767174142.232238,0,3,-123
1767174142.242238,-4,7,-123
1767174142.252238,-6,5,-124
1767174142.2622385,-6,-3,-122
1767174142.2722385,-9,-2,-120
1767174142.2822382,-8,0,-114
1767174142.2922382,-11,2,-122
1767174142.3022382,-6,4,-126
1767174142.3122382,-10,0,-124
1767174142.3222382,-9,0,-120
1767174142.3322382,-11,0,-117
1767174142.3422382,-9,0,-119
1767174142.3522382,-9,-4,-116
1767174142.3622382,-6,-5,-116
1767174142.3722382,-3,-8,-117
1767174142.382238,-4,-3,-115
1767174142.392238,-6,0,-120
1767174142.402238,-3,-3,-124
1767174142.412238,-4,0,-126
1767174142.422238,-5,0,-126
1767174142.432238,-4,2,-124
1767174142.442238,-3,5,-121
1767174142.452238,-1,2,-122
1767174142.462238,-1,3,-123
1767174142.484238,-2,0,-120
1767174142.492238,-4,0,-121
1767174142.502238,-3,0,-126
1767174142.5122385,-4,0,-121
1767174142.5222385,-4,0,-116
1767174142.5322382,-6,-1,-118
1767174142.5422382,-3,-2,-116
1767174142.5522382,0,-3,-116
1767174142.5622382,-4,-6,-118
1767174142.5722382,-5,-3,-121
1767174142.5822382,-4,-2,-124
1767174142.5922382,-2,-5,-126
1767174142.6022382,-3,-5,-128
1767174142.6122382,0,-6,-127
1767174142.6222382,-1,-1,-123
1767174142.632238,0,-2,-128
1767174142.642238,1,-1,-127
1767174142.652238,1,-2,-120
1767174142.662238,-2,-5,-119
1767174142.672238,0,-5,-124
1767174142.682238,2,-8,-118
1767174142.692238,3,-5,-115
1767174142.702238,5,-6,-117
1767174142.712238,1,-4,-116
1767174142.722238,4,-2,-116
1767174142.732238,5,-5,-115
1767174142.742238,-1,-3,-117
1767174142.752238,1,-4,-121
1767174142.7622385,3,-6,-118
1767174142.7722385,3,-3,-119
1767174142.7822382,3,-8,-117
1767174142.7922382,4,-6,-118
1767174142.8022382,4,-3,-127
1767174142.8122382,3,-3,-133
1767174142.8222382,2,-4,-130
1767174142.8322382,0,-6,-130
1767174142.8422382,0,-7,-129
1767174142.8522382,1,-3,-129
1767174142.8622382,6,-6,-128
1767174142.8722382,1,-5,-128
1767174142.882238,-2,-2,-127
1767174142.892238,-2,-2,-117
1767174142.902238,-1,2,-115
1767174142.912238,-3,0,-117
1767174142.922238,1,-2,-119
1767174142.932238,1,-2,-117
1767174142.942238,0,-7,-120
1767174142.952238,1,-9,-118
1767174142.962238,0,-5,-128
1767174142.972238,-1,-2,-128
1767174142.982238,-3,0,-128
1767174142.992238,-4,2,-132
1767174143.002238,-1,5,-129
1767174143.0122385,3,4,-119
1767174143.0222385,3,2,-120
1767174143.0322382,1,1,-118
1767174143.0422382,3,1,-119
1767174143.0522382,4,3,-125
1767174143.0622382,-4,0,-130
1767174143.0722382,-4,0,-128
1767174143.0822382,-7,-2,-130
1767174143.0922382,-8,-5,-127
1767174143.1022382,-5,-11,-122
1767174143.1122382,-3,-8,-123
1767174143.1222382,0,-4,-125
1767174143.132238,0,-3,-121
1767174143.142238,0,-3,-123
1767174143.152238,-2,-3,-124
1767174143.162238,-4,-6,-121
1767174143.172238,-5,-9,-119
1767174143.182238,-6,-5,-123
1767174143.192238,0,0,-118
1767174143.202238,0,1,-119
1767174143.212238,-3,1,-119
1767174143.222238,-4,-4,-121
1767174143.232238,-5,-4,-119
1767174143.242238,-2,-1,-122
1767174143.252238,1,0,-123
1767174143.2622385,0,2,-123
1767174143.2722385,0,1,-123
1767174143.2822382,0,3,-121
1767174143.2922382,-3,1,-122
1767174143.3022382,-1,-2,-122
1767174143.3122382,-3,0,-120
1767174143.3222382,-1,-3,-124
1767174143.3322382,-2,-1,-127
1767174143.3422382,0,0,-127
1767174143.3522382,0,-6,-122
1767174143.3622382,0,-8,-123
1767174143.3722382,0,-5,-128
1767174143.382238,-1,-1,-130
1767174143.392238,-2,0,-128
1767174143.402238,-5,-5,-128
1767174143.412238,-6,-8,-130
1767174143.422238,-8,-1,-129
1767174143.432238,-2,1,-129
1767174143.442238,0,1,-133
1767174143.452238,-1,0,-128
1767174143.462238,-1,1,-128
1767174143.472238,1,0,-127
1767174143.482238,1,2,-128
1767174143.492238,0,0,-128
1767174143.502238,0,0,-128
1767174143.5122385,3,0,-131
1767174143.5222385,1,-1,-131
1767174143.5322382,2,-2,-120
1767174143.5422382,1,-6,-122
1767174143.5522382,0,-7,-118
1767174143.5622382,0,-6,-119
1767174143.5722382,1,-3,-121
1767174143.5822382,2,-4,-115
1767174143.5922382,-1,-1,-124
1767174143.6022382,-4,0,-125
1767174143.6122382,-7,-4,-127
1767174143.6222382,-5,-6,-124
1767174143.632238,3,-9,-130
1767174143.642238,4,-8,-125
1767174143.652238,4,-4,-119
1767174143.662238,0,-2,-118
1767174143.672238,-1,0,-119
1767174143.682238,-3,-2,-119
1767174143.692238,-6,-5,-128
1767174143.702238,-6,-5,-132
1767174143.712238,-6,-2,-131
1767174143.722238,0,-1,-131
1767174143.732238,4,-1,-136
1767174143.742238,0,0,-131
1767174143.752238,5,0,-129
1767174143.7622385,6,0,-136
1767174143.7722385,6,-1,-138
1767174143.7822382,7,1,-133
1767174143.7922382,7,2,-128
1767174143.8022382,5,4,-129
1767174143.8122382,2,0,-132
1767174143.8222382,0,-4,-121
1767174143.8322382,0,2,-114
1767174143.8422382,-1,4,-118
1767174143.8522382,1,6,-120
1767174143.8622382,2,6,-129
1767174143.8722382,0,5,-129
1767174143.882238,1,1,-125
1767174143.892238,-1,0,-121
1767174143.902238,0,-1,-123
1767174143.912238,1,3,-130
1767174143.922238,2,1,-133
1767174143.932238,0,0,-136
1767174143.942238,-3,0,-133
1767174143.952238,-2,0,-130
1767174143.962238,-3,3,-126
1767174143.972238,0,2,-122
1767174143.982238,2,0,-126
1767174143.992238,1,-2,-128
1767174144.002238,1,0,-133
1767174144.0122385,3,0,-129
1767174144.0222385,1,-1,-124
1767174144.0322382,1,0,-124
1767174144.0422382,-3,2,-124
1767174144.0522382,1,2,-136
1767174144.0622382,3,5,-129
1767174144.0722382,2,2,-124
1767174144.0822382,3,0,-125
1767174144.0922382,0,-3,-122
1767174144.1022382,0,-2,-122
1767174144.1122382,0,0,-123
1767174144.1222382,-1,-2,-123
1767174144.132238,0,-2,-124
1767174144.142238,-1,-1,-121
1767174144.152238,0,1,-129
1767174144.162238,0,3,-132
1767174144.172238,-1,3,-140
1767174144.182238,-6,2,-138
1767174144.192238,-3,1,-130
1767174144.202238,-1,-2,-137
1767174144.212238,0,2,-130
1767174144.222238,0,0,-126
1767174144.232238,-3,2,-126
1767174144.242238,-5,3,-126
1767174144.252238,-8,0,-126
1767174144.2622385,-6,0,-122
1767174144.2722385,-1,0,-132
1767174144.2822382,0,0,-135
1767174144.2922382,-1,-1,-138
1767174144.3022382,-1,-2,-132
1767174144.3122382,2,-2,-132
1767174144.3222382,2,-7,-130
1767174144.3322382,6,-7,-124
1767174144.3422382,4,-5,-122
1767174144.3522382,1,-6,-126
1767174144.3622382,2,-9,-127
1767174144.3722382,0,-6,-122
1767174144.382238,-1,-6,-125
1767174144.392238,-5,-7,-128
1767174144.402238,-7,-6,-124
1767174144.412238,-6,-6,-124
1767174144.422238,-8,-5,-130
1767174144.432238,-4,-12,-131
1767174144.442238,0,-7,-129
1767174144.452238,0,-6,-129
1767174144.462238,0,-3,-130
1767174144.472238,-3,-3,-131
1767174144.482238,0,-1,-129
1767174144.492238,0,-1,-129
1767174144.5032382,-1,-4,-129
1767174144.5122385,-2,-2,-128
1767174144.5222385,-3,-5,-127
1767174144.5322382,-4,-1,-126
1767174144.5422382,-3,-4,-129
1767174144.5522382,-3,-7,-125
1767174144.563238,-3,-7,-129
1767174144.573238,-7,-10,-126
1767174144.583238,-8,-6,-124
1767174144.593238,-9,-4,-129
1767174144.603238,-4,-6,-129
1767174144.613238,1,-6,-124
1767174144.623238,0,-6,-117
1767174144.6342382,0,-7,-119
1767174144.643238,5,-8,-123
1767174144.653238,3,-8,-118
1767174144.663238,4,-4,-119
1767174144.673238,7,-1,-113
1767174144.6832385,5,1,-122
1767174144.6932385,6,-2,-128
1767174144.7032382,2,-5,-133
1767174144.7132382,0,-3,-132
1767174144.7232382,-3,-3,-132
1767174144.7332382,-6,-4,-129
1767174144.7432382,-5,-6,-129
1767174144.7532382,-3,-4,-120
1767174144.7632382,-1,-6,-124
1767174144.7732382,-2,-8,-125
1767174144.7832382,0,-7,-121
1767174144.7932382,3,-7,-126
1767174144.8032382,0,-6,-126
1767174144.813238,1,-9,-128
1767174144.823238,0,-6,-121
1767174144.833238,0,-6,-113
1767174144.843238,0,-9,-115
1767174144.853238,-1,-6,-115
1767174144.863238,0,-6,-114
1767174144.873238,4,-6,-111
1767174144.883238,4,-4,-114
1767174144.893238,3,-3,-122
1767174144.903238,3,-5,-125
1767174144.913238,0,-1,-126
1767174144.923238,-2,0,-125
1767174144.9332385,-4,0,-132
1767174144.9432385,-5,-2,-126
1767174144.9532382,-5,-4,-127
1767174144.9632382,0,-3,-114
1767174144.9732382,3,1,-117
1767174144.9832382,3,4,-115
1767174144.9932382,0,-1,-115
1767174145.0032382,5,-5,-112
1767174145.0132382,4,-9,-116
1767174145.0232382,-2,-8,-117
1767174145.0332382,-4,-11,-129
1767174145.0432382,-3,-11,-128
1767174145.0532382,-4,-9,-125
1767174145.063238,-2,-8,-122
1767174145.073238,-3,0,-118
1767174145.083238,0,-4,-114
1767174145.093238,2,-9,-116
1767174145.103238,-1,-9,-119
1767174145.113238,1,-10,-124
1767174145.123238,-1,-7,-123
1767174145.133238,-1,-6,-129
1767174145.143238,-1,-4,-135
1767174145.153238,-2,-1,-135
1767174145.163238,-1,-7,-134
1767174145.173238,0,-3,-127
1767174145.1832385,2,0,-125
1767174145.1932385,1,-1,-128
1767174145.2032382,3,-4,-130
1767174145.2132382,2,-7,-124
1767174145.2232382,3,-9,-127
1767174145.2332382,2,-7,-123
1767174145.2432382,3,-4,-129
1767174145.2532382,0,-5,-130
1767174145.2632382,2,-8,-125
1767174145.2732382,-3,-6,-121
1767174145.2832382,-6,-2,-120
1767174145.2932382,-4,0,-118
1767174145.3032382,-5,1,-120
1767174145.313238,-2,-1,-122
1767174145.323238,1,-3,-122
1767174145.333238,3,0,-124
1767174145.343238,3,0,-123
1767174145.353238,3,-2,-119
1767174145.363238,1,-4,-122
1767174145.373238,4,-4,-127
1767174145.383238,5,-5,-121
1767174145.393238,3,-4,-117
1767174145.403238,0,-2,-117
1767174145.413238,1,-4,-119
1767174145.423238,0,-2,-121
1767174145.4332385,-1,0,-123
1767174145.4432385,-4,0,-125
1767174145.4532382,-3,0,-119
1767174145.4632382,0,0,-114
1767174145.4732382,-1,2,-119
1767174145.4832382,1,1,-116
1767174145.4932382,3,0,-117
1767174145.5032382,-1,0,-116
1767174145.5132382,-4,-2,-116
1767174145.5232382,1,-2,-118
1767174145.5332382,-1,-1,-117
1767174145.5432382,0,1,-113
1767174145.5532382,0,3,-125
1767174145.563238,2,2,-121
1767174145.573238,2,0,-124
1767174145.583238,5,0,-124
1767174145.593238,1,-3,-122
1767174145.603238,-1,-3,-126
1767174145.613238,0,-7,-123
1767174145.623238,3,-3,-130
1767174145.633238,0,-1,-132
1767174145.643238,-4,-2,-131
1767174145.653238,-5,0,-134
1767174145.663238,-2,-1,-128
1767174145.673238,1,-1,-126
1767174145.6832385,1,-1,-130
1767174145.6932385,1,0,-131
1767174145.7032382,3,-5,-134
1767174145.7132382,4,-8,-136
1767174145.7232382,5,-5,-138
1767174145.7332382,3,-3,-143
1767174145.7432382,0,-5,-142
1767174145.7532382,1,1,-135
1767174145.7632382,4,0,-135
1767174145.7732382,4,0,-129
1767174145.7832382,1,-3,-128
1767174145.7932382,0,-2,-127
1767174145.8032382,-3,-3,-119
1767174145.813238,-4,0,-115
1767174145.823238,-1,5,-119
1767174145.833238,-3,5,-120
1767174145.843238,-4,6,-119
1767174145.853238,-8,3,-122
1767174145.863238,-7,1,-115
1767174145.873238,-9,-2,-118
1767174145.883238,-10,-2,-121
1767174145.893238,-11,0,-123
1767174145.903238,-8,0,-120
1767174145.913238,-6,2,-121
1767174145.923238,-8,2,-126
1767174145.9332385,-9,0,-124
1767174145.9432385,-3,-1,-124
1767174145.9532382,0,-2,-122
1767174145.9632382,0,-2,-125
1767174145.9732382,3,-4,-119
1767174145.9832382,1,0,-120
1767174145.9932382,3,1,-121
1767174146.0032382,2,1,-121
1767174146.0132382,2,4,-121
1767174146.0232382,1,4,-115
1767174146.0332382,-2,5,-113
1767174146.0432382,-2,2,-118
1767174146.0532382,-1,-4,-118
1767174146.063238,-3,-2,-115
1767174146.073238,1,-5,-110
1767174146.083238,5,-3,-116
1767174146.093238,7,-2,-114
1767174146.103238,1,-4,-114
1767174146.113238,4,-5,-114
1767174146.123238,3,-7,-110
1767174146.133238,4,-6,-113
1767174146.143238,3,-6,-116
1767174146.153238,5,-9,-119
1767174146.163238,6,-9,-113
1767174146.173238,7,-8,-118
1767174146.1832385,3,-10,-122
1767174146.1932385,4,-8,-125
1767174146.2032382,9,-5,-125
1767174146.2132382,3,-11,-118
1767174146.2232382,1,-9,-113
1767174146.2332382,0,-5,-113
1767174146.2432382,-2,-2,-118
1767174146.2532382,-3,1,-121
1767174146.2632382,-2,1,-123
1767174146.2732382,-4,2,-119
1767174146.2832382,-5,0,-116
1767174146.2932382,-3,1,-117
1767174146.3032382,-5,0,-129
1767174146.313238,-4,2,-123
1767174146.323238,-3,2,-126
1767174146.333238,0,-1,-121
1767174146.343238,0,-7,-116
1767174146.353238,0,-8,-118
1767174146.363238,0,-6,-121
1767174146.373238,0,-4,-120
1767174146.383238,-1,0,-115
1767174146.393238,-1,0,-113
1767174146.403238,0,0,-121
1767174146.413238,3,-4,-118
1767174146.423238,3,-2,-119
1767174146.4332385,1,-1,-121
1767174146.4432385,-4,0,-123
1767174146.4532382,-4,-2,-126
1767174146.4632382,-1,-5,-132
1767174146.4732382,0,-1,-137
1767174146.4832382,-1,0,-136
1767174146.4932382,-2,2,-134
1767174146.5032382,0,1,-130
1767174146.5132382,-3,0,-124
1767174146.5232382,-6,0,-118
1767174146.5332382,-6,-5,-118
1767174146.5432382,-6,-5,-119
1767174146.5532382,-7,-4,-118
1767174146.563238,-5,-4,-120
1767174146.573238,-5,-7,-123
1767174146.583238,-5,-8,-121
1767174146.593238,-5,-8,-127
1767174146.603238,-7,-4,-127
1767174146.613238,-5,0,-120
1767174146.623238,-5,1,-115
1767174146.633238,-2,0,-116
1767174146.643238,-4,-2,-115
1767174146.653238,-1,0,-118
1767174146.663238,-4,1,-119
1767174146.673238,-2,3,-122
1767174146.6832385,0,3,-124
1767174146.6932385,4,1,-122
1767174146.7032382,8,3,-117
1767174146.7132382,7,2,-118
1767174146.7232382,4,3,-122
1767174146.7332382,5,1,-127
1767174146.7432382,5,2,-124
1767174146.7532382,1,2,-116
1767174146.7632382,2,-1,-123
1767174146.7732382,0,0,-120
1767174146.7832382,0,1,-121
1767174146.7932382,-1,-1,-119
1767174146.8032382,-1,2,-121
1767174146.813238,-6,0,-120
1767174146.823238,-6,0,-122
1767174146.833238,-6,3,-120
1767174146.843238,-5,0,-120
1767174146.853238,-5,-1,-119
1767174146.863238,-6,0,-120
1767174146.873238,-7,-2,-125
1767174146.883238,0,0,-124
1767174146.893238,-2,0,-127
1767174146.903238,-2,1,-127
1767174146.913238,-1,0,-127
1767174146.923238,-2,-2,-126
1767174146.9332385,-4,-1,-120
1767174146.9432385,-7,0,-125
1767174146.9532382,-8,0,-124
1767174146.9632382,-6,2,-128
1767174146.9732382,-5,1,-127
1767174146.9832382,-3,-4,-123
1767174146.9932382,-2,-4,-123
1767174147.0032382,-2,-7,-131
1767174147.0132382,-2,-6,-135
1767174147.0232382,-5,-5,-132
1767174147.0332382,0,-5,-130
1767174147.0432382,1,-7,-129
1767174147.0532382,-2,-4,-125
1767174147.063238,-1,-3,-123
1767174147.073238,-3,-6,-127
1767174147.083238,-1,-2,-119
1767174147.093238,0,0,-119
1767174147.103238,6,0,-121
1767174147.113238,5,-2,-125
1767174147.123238,-1,0,-123
1767174147.133238,-1,-2,-126
1767174147.143238,1,-4,-122
1767174147.153238,2,-8,-127
1767174147.163238,0,-11,-136
1767174147.173238,1,-5,-142
1767174147.1832385,1,0,-142
1767174147.1932385,0,-2,-140
1767174147.2042382,2,-4,-140
1767174147.2132382,3,-1,-134
1767174147.2242382,0,3,-130
1767174147.234238,-1,3,-127
1767174147.244238,-3,1,-122
1767174147.254238,0,0,-117
1767174147.264238,-8,1,-116
1767174147.2732382,-8,1,-114
1767174147.284238,-4,0,-115
1767174147.294238,-3,-2,-114
1767174147.304238,-7,-1,-115
1767174147.314238,-3,-1,-123
1767174147.324238,-2,-1,-125
1767174147.334238,0,0,-126
1767174147.344238,-3,6,-128
1767174147.3542385,-1,7,-128
1767174147.3642385,0,1,-133
1767174147.3742385,-2,-2,-130
1767174147.3842382,0,-2,-130
1767174147.3942382,-6,-4,-135
1767174147.4042382,-4,-5,-133
1767174147.4142382,-2,-9,-126
1767174147.4242382,-2,-10,-126
1767174147.4342382,-7,-9,-126
1767174147.4442382,-9,-10,-124
1767174147.4542382,-9,-8,-124
1767174147.4642382,-9,-9,-127
1767174147.4742382,-10,-9,-132
1767174147.495238,-7,-7,-130
1767174147.504238,-3,-9,-127
1767174147.514238,0,-9,-122
1767174147.524238,-1,-10,-121
1767174147.534238,-4,-7,-123
1767174147.544238,0,-6,-121
1767174147.554238,2,-3,-117
1767174147.564238,-4,-11,-121
1767174147.574238,-1,-8,-114
1767174147.584238,3,-6,-115
1767174147.594238,5,-6,-114
1767174147.6042385,5,-7,-120
1767174147.6142385,8,-7,-119
1767174147.6242385,4,-7,-121
1767174147.6342382,2,-3,-115
1767174147.6442382,1,-2,-111
1767174147.6542382,-1,0,-104
1767174147.6642382,-2,-1,-104
1767174147.6742382,-1,0,-111
1767174147.6842382,-2,1,-109
1767174147.6942382,1,1,-115
1767174147.7042382,4,-2,-121
1767174147.7142382,2,-8,-119
1767174147.7242382,1,-7,-119
1767174147.734238,-3,-2,-127
1767174147.744238,-3,-2,-124
1767174147.754238,-1,-4,-123
1767174147.764238,4,-6,-126
1767174147.774238,7,-7,-129
1767174147.784238,2,-9,-127
1767174147.794238,0,-9,-123
1767174147.804238,-1,-8,-127
1767174147.814238,0,-4,-130
1767174147.824238,-1,0,-132
1767174147.834238,-3,-2,-131
1767174147.844238,-6,-2,-126
1767174147.8542385,-4,-4,-126
1767174147.8642385,-1,-1,-121
1767174147.8742385,3,-3,-114
1767174147.8842382,4,-1,-121
1767174147.8942382,4,-3,-118
1767174147.9042382,-2,-3,-114
1767174147.9142382,-2,-1,-113
1767174147.9242382,-3,-1,-118
1767174147.9342382,-2,0,-115
1767174147.9442382,-3,0,-123
1767174147.9542382,2,0,-123
1767174147.9642382,1,0,-123
1767174147.9742382,5,3,-124
1767174147.984238,7,0,-122
1767174147.994238,2,2,-119
1767174148.004238,1,1,-125
1767174148.014238,1,1,-127
1767174148.024238,3,6,-126
1767174148.034238,4,4,-121
1767174148.044238,4,0,-118
1767174148.054238,2,0,-114
1767174148.064238,3,0,-122
1767174148.074238,6,-3,-123
1767174148.084238,7,-6,-133
1767174148.094238,8,-4,-139
1767174148.1042385,6,-5,-137
1767174148.1142385,3,-2,-123
1767174148.1242385,2,-2,-123
1767174148.1342382,0,-1,-117
1767174148.1442382,-3,0,-121
1767174148.1542382,1,0,-113
1767174148.1642382,1,0,-114
1767174148.1742382,0,-2,-114
1767174148.1842382,0,-2,-119
1767174148.1942382,0,1,-124
1767174148.2042382,3,4,-130
1767174148.2142382,1,4,-130
1767174148.2242382,2,3,-131
1767174148.234238,5,-1,-137
1767174148.244238,2,2,-132
1767174148.254238,3,6,-126
1767174148.264238,1,6,-129
1767174148.274238,5,6,-135
1767174148.284238,6,5,-129
1767174148.294238,5,1,-134
1767174148.304238,0,0,-129
1767174148.314238,-4,3,-127
1767174148.324238,-2,0,-124
1767174148.334238,-3,-3,-124
1767174148.344238,-4,-5,-122
1767174148.3542385,0,-4,-116
1767174148.3642385,-3,0,-123
1767174148.3742385,-6,-1,-123
1767174148.3842382,-7,4,-124
1767174148.3942382,-10,4,-128
1767174148.4042382,-7,0,-131
1767174148.4142382,-7,-4,-129
1767174148.4242382,-7,-7,-129
1767174148.4342382,-1,-9,-124
1767174148.4442382,-2,-3,-127
1767174148.4542382,0,-6,-126
1767174148.4642382,5,-3,-125
1767174148.4742382,4,-4,-131
1767174148.484238,3,-4,-134
1767174148.494238,4,-5,-132
1767174148.504238,3,-8,-131
1767174148.514238,0,-8,-135
1767174148.524238,0,-7,-130
1767174148.534238,-1,-8,-132
1767174148.544238,-2,-5,-129
1767174148.554238,-1,-5,-127
1767174148.564238,-5,-8,-127
1767174148.574238,-6,-7,-124
1767174148.584238,-7,-4,-122
1767174148.594238,-4,-8,-126
1767174148.6042385,-3,-4,-130
1767174148.6142385,1,0,-131
1767174148.6242385,0,0,-130
1767174148.6342382,2,0,-127
1767174148.6442382,4,0,-123
1767174148.6542382,1,0,-121
1767174148.6642382,4,0,-126
1767174148.6742382,5,1,-127
1767174148.6842382,4,2,-127
1767174148.6942382,3,0,-127
1767174148.7042382,4,0,-124
1767174148.7142382,3,0,-128
1767174148.7242382,3,0,-127
1767174148.734238,-3,0,-130
1767174148.744238,-5,0,-129
1767174148.754238,-7,1,-125
1767174148.764238,-7,0,-127
1767174148.774238,0,1,-125
1767174148.784238,2,1,-127
1767174148.794238,1,0,-121
1767174148.804238,0,0,-122
1767174148.814238,1,0,-124
1767174148.824238,-2,0,-125
1767174148.834238,-1,0,-126
1767174148.844238,3,1,-124
1767174148.8542385,4,-1,-128
1767174148.8642385,4,2,-137
1767174148.8742385,1,1,-137
1767174148.8842382,6,4,-138
1767174148.8942382,1,3,-132
1767174148.9042382,5,2,-139
1767174148.9142382,6,0,-140
1767174148.9242382,7,-1,-134
1767174148.935238,7,-1,-127
1767174148.9442382,4,0,-129
1767174148.9542382,6,-5,-127
1767174148.9642382,6,-4,-124
1767174148.9742382,10,-1,-122
1767174148.984238,6,-3,-124
1767174148.994238,3,3,-126
1767174149.004238,2,3,-125
1767174149.014238,3,0,-118
1767174149.024238,5,-1,-119
1767174149.034238,5,-3,-120
1767174149.044238,1,0,-121
1767174149.054238,0,-2,-128
1767174149.064238,-1,-3,-128
1767174149.074238,1,-3,-132
1767174149.084238,-1,-2,-131
1767174149.094238,4,-4,-122
1767174149.1042385,5,-3,-124
1767174149.1142385,1,0,-125
1767174149.1242385,0,0,-125
1767174149.1342382,0,1,-124
1767174149.1442382,0,0,-126
1767174149.1542382,0,0,-123
1767174149.1642382,0,-1,-117
1767174149.1742382,-2,0,-121
1767174149.1842382,-1,2,-125
1767174149.1942382,0,-3,-120
1767174149.2042382,-1,-7,-130
1767174149.2142382,-5,-8,-133
1767174149.2242382,-6,-5,-135
1767174149.234238,-3,-2,-127
1767174149.244238,-1,0,-125
1767174149.254238,-3,1,-133
1767174149.264238,-1,1,-135
1767174149.274238,-1,-5,-135
1767174149.284238,0,-6,-139
1767174149.294238,1,-2,-131
1767174149.304238,0,0,-127
1767174149.314238,0,0,-131
1767174149.324238,0,-1,-129
1767174149.334238,1,0,-129
1767174149.344238,1,1,-122
1767174149.3542385,5,2,-122
1767174149.3642385,4,1,-122
1767174149.3742385,2,0,-124
1767174149.3842382,3,-4,-128
1767174149.3942382,7,-5,-127
1767174149.4042382,3,-3,-126
1767174149.4142382,5,-2,-124
1767174149.4242382,3,0,-125
1767174149.4342382,0,0,-124
1767174149.4442382,3,-1,-122
1767174149.4542382,6,0,-122
1767174149.4642382,4,-1,-125
1767174149.4742382,2,-1,-122
1767174149.484238,1,-1,-125
1767174149.494238,3,-4,-130
1767174149.504238,-5,-3,-134
1767174149.514238,-7,-1,-140
1767174149.524238,-6,1,-138
1767174149.534238,-6,2,-137
1767174149.544238,-9,-2,-133
1767174149.554238,-4,0,-133
1767174149.564238,-1,3,-132
1767174149.574238,1,5,-134
1767174149.584238,2,3,-129
1767174149.594238,-2,0,-122
1767174149.6042385,-5,0,-125
1767174149.6142385,-4,-2,-124
1767174149.6242385,-4,-1,-126
1767174149.6342382,-2,0,-127
1767174149.6442382,2,0,-130
1767174149.6542382,2,-5,-131
1767174149.6642382,-1,-5,-132
1767174149.6742382,-2,-5,-129
1767174149.6842382,-2,-5,-125
1767174149.6942382,-5,-10,-130
1767174149.7042382,-5,-6,-129
1767174149.7142382,-6,-7,-131
1767174149.7242382,-6,-7,-126
1767174149.734238,-4,-6,-128
1767174149.744238,-3,-9,-125
1767174149.754238,0,-5,-120
1767174149.764238,0,0,-116
1767174149.774238,3,0,-115
1767174149.784238,0,0,-118
1767174149.794238,-3,0,-116
1767174149.804238,-3,2,-120
1767174149.814238,-2,3,-130
1767174149.824238,-3,2,-137
1767174149.834238,-1,0,-134
1767174149.844238,0,-2,-133
1767174149.8552382,-3,-1,-126
1767174149.8652382,-6,-4,-121
1767174149.8752382,-5,-1,-119
1767174149.8852382,-1,-6,-115
1767174149.8952382,-2,-3,-122
1767174149.9052382,-1,-6,-125
1767174149.915238,0,-4,-130
1767174149.925238,0,-3,-118
1767174149.935238,-3,-3,-113
1767174149.945238,-1,1,-116
1767174149.955238,-2,-1,-124
1767174149.965238,-5,-2,-130
1767174149.975238,-5,-4,-126
1767174149.985238,-2,-3,-124
1767174149.995238,-3,-6,-122
1767174150.005238,-6,-4,-125
1767174150.015238,-7,-4,-118
1767174150.025238,-5,-6,-113
1767174150.0352385,-2,-3,-119
1767174150.0452385,0,-1,-120
1767174150.0552382,0,-3,-125
1767174150.0652382,0,-5,-118
1767174150.0752382,0,-9,-113
1767174150.0852382,2,-6,-112
1767174150.0952382,4,-10,-120
1767174150.1052382,0,-9,-127
1767174150.1152382,0,-9,-127
1767174150.1252382,0,-7,-122
1767174150.1352382,1,1,-121
1767174150.1452382,2,0,-120
1767174150.1552382,3,-1,-114
1767174150.165238,7,-6,-111
1767174150.175238,3,-1,-116
1767174150.185238,2,-3,-118
1767174150.195238,6,-7,-120
1767174150.205238,6,-9,-120
1767174150.215238,5,-10,-123
1767174150.225238,2,-10,-121
1767174150.235238,2,-8,-125
1767174150.245238,6,-8,-120
1767174150.255238,5,-6,-124
1767174150.265238,3,-7,-120
1767174150.275238,0,-7,-119
1767174150.2852385,-2,-5,-116
1767174150.2952385,-2,-1,-116
1767174150.3052382,-2,-3,-129
1767174150.3152382,-5,-2,-121
1767174150.3252382,-7,-3,-119
1767174150.3352382,-7,-3,-118
1767174150.3452382,-6,-2,-118
1767174150.3552382,-3,-3,-119
1767174150.3652382,-5,-3,-122
1767174150.3752382,-2,-1,-120
1767174150.3852382,-2,3,-126
1767174150.3952382,0,0,-124
1767174150.4052382,1,0,-130
1767174150.415238,0,-3,-126
1767174150.425238,2,-2,-122
1767174150.435238,1,-5,-123
1767174150.445238,1,-4,-122
1767174150.455238,1,-3,-124
1767174150.465238,5,-5,-119
1767174150.475238,2,-4,-127
1767174150.485238,0,-3,-127
1767174150.495238,0,-1,-127
1767174150.505238,-3,1,-127
1767174150.515238,0,6,-134
1767174150.525238,0,2,-137
1767174150.5352385,0,1,-133
1767174150.5452385,0,0,-131
1767174150.5552382,-3,-1,-132
1767174150.5652382,-3,-2,-129
1767174150.5752382,-3,-4,-126
1767174150.5852382,-3,1,-123
1767174150.5952382,-1,2,-121
1767174150.6052382,-1,2,-123
1767174150.6152382,0,1,-126
1767174150.6252382,-7,-1,-122
1767174150.6352382,-7,-2,-120
1767174150.6452382,-7,-2,-119
1767174150.6552382,-4,-4,-116
1767174150.665238,-6,-4,-116
1767174150.675238,-6,-6,-111
1767174150.685238,-3,-3,-115
1767174150.695238,-2,-3,-112
1767174150.705238,0,-2,-109
1767174150.715238,0,-1,-116
1767174150.725238,3,-1,-115
1767174150.735238,-1,4,-116
1767174150.745238,-7,6,-119
1767174150.755238,-5,2,-120
1767174150.765238,1,3,-121
1767174150.775238,0,6,-119
1767174150.7852385,-3,3,-122
1767174150.7952385,-5,1,-121
1767174150.8052382,-1,0,-124
1767174150.8152382,1,0,-126
1767174150.8252382,2,-1,-127
1767174150.8352382,6,0,-130
1767174150.8452382,5,-1,-127
1767174150.8552382,6,0,-121
1767174150.8652382,5,3,-122
1767174150.8752382,4,3,-124
1767174150.8852382,7,5,-127
1767174150.8952382,4,8,-133
1767174150.9052382,4,8,-135
1767174150.915238,2,8,-129
1767174150.925238,4,6,-129
1767174150.935238,3,2,-123
1767174150.945238,0,2,-124
1767174150.955238,-1,1,-125
1767174150.965238,-1,2,-121
1767174150.975238,-6,4,-115
1767174150.985238,-4,2,-115
1767174150.995238,-3,0,-116
1767174151.005238,1,0,-118
1767174151.015238,2,0,-125
1767174151.025238,2,-3,-123
1767174151.0352385,6,-6,-117
1767174151.0452385,5,-5,-118
1767174151.0552382,6,-10,-118
1767174151.0652382,6,-8,-119
1767174151.0752382,5,-6,-124
1767174151.0852382,-1,-1,-117
1767174151.0952382,2,-1,-118
1767174151.1052382,4,0,-120
1767174151.1152382,5,0,-117
1767174151.1252382,7,0,-119
1767174151.1352382,5,1,-119
1767174151.1452382,7,4,-120
1767174151.1552382,3,2,-118
1767174151.165238,5,2,-120
1767174151.175238,2,-1,-126
1767174151.185238,5,-3,-126
1767174151.195238,3,0,-132
1767174151.205238,3,0,-127
1767174151.215238,0,-1,-122
1767174151.225238,2,2,-123
1767174151.235238,0,3,-124
1767174151.245238,-3,-2,-113
1767174151.255238,-3,-2,-120
1767174151.265238,-1,0,-125
1767174151.275238,0,-2,-122
1767174151.2852385,-3,0,-131
1767174151.2952385,-5,-5,-138
1767174151.3052382,-8,-6,-135
1767174151.3152382,0,-3,-133
1767174151.3252382,1,0,-127
1767174151.3352382,-2,0,-130
1767174151.3452382,-4,0,-133
1767174151.3552382,-9,0,-124
1767174151.3652382,-9,-2,-128
1767174151.3752382,0,-6,-127
1767174151.3852382,1,-6,-120
1767174151.3952382,0,-5,-116
1767174151.4052382,-4,-5,-111
1767174151.415238,-2,-5,-114
1767174151.425238,-2,-1,-116
1767174151.435238,-6,-6,-120
1767174151.445238,-6,-7,-119
1767174151.455238,-5,-8,-126
1767174151.465238,-5,-7,-126
1767174151.475238,-5,-4,-124
1767174151.485238,-5,-5,-125
1767174151.495238,-4,-5,-120
1767174151.505238,-2,1,-121
1767174151.515238,0,0,-124
1767174151.525238,-3,4,-122
1767174151.5352385,-4,4,-118
1767174151.5452385,-5,1,-119
1767174151.5552382,-4,0,-117
1767174151.5652382,-2,7,-117
1767174151.5752382,0,7,-119
1767174151.5852382,-4,5,-121
1767174151.5952382,2,4,-123
1767174151.6052382,3,0,-128
1767174151.6152382,5,0,-125
1767174151.6252382,6,0,-124
1767174151.6352382,2,0,-122
1767174151.6452382,1,0,-119
1767174151.6552382,5,-4,-127
1767174151.665238,3,-3,-124
1767174151.675238,-1,-2,-117
1767174151.685238,-1,-2,-123
1767174151.695238,0,-2,-123
1767174151.705238,2,-1,-125
1767174151.715238,0,-6,-120
1767174151.725238,-1,-6,-117
1767174151.735238,2,-10,-121
1767174151.745238,0,-11,-124
1767174151.755238,-1,-9,-125
1767174151.765238,-2,-8,-124
1767174151.775238,-2,-4,-119
1767174151.7852385,0,-2,-119
1767174151.7952385,0,0,-121
1767174151.8052382,2,-2,-126
1767174151.8152382,-1,-3,-122
1767174151.8252382,-5,-1,-122
1767174151.8352382,-5,-1,-123
1767174151.8452382,-7,3,-119
1767174151.8552382,-5,2,-118
1767174151.8652382,-5,0,-120
1767174151.8752382,-3,-4,-119
1767174151.8852382,-3,0,-112
1767174151.8952382,-4,0,-119
1767174151.9052382,1,-1,-127
1767174151.915238,0,-8,-125
1767174151.925238,-5,-8,-129
1767174151.935238,-1,-3,-129
1767174151.945238,0,-1,-120
1767174151.955238,0,-4,-117
1767174151.965238,-1,0,-115
1767174151.975238,-6,6,-114
1767174151.985238,-4,2,-122
1767174151.995238,0,-1,-126
1767174152.005238,0,-5,-124
1767174152.015238,1,-4,-125
1767174152.025238,7,-4,-129
1767174152.0352385,4,-4,-120
1767174152.0452385,8,-7,-120
1767174152.0552382,6,-5,-127
1767174152.0652382,7,-4,-122
1767174152.0752382,6,-3,-125
1767174152.0852382,0,-2,-132
1767174152.0952382,-2,-5,-133
1767174152.1052382,0,-2,-133
1767174152.1152382,3,-2,-137
1767174152.1252382,0,-3,-137
1767174152.1352382,-2,-1,-129
1767174152.1452382,-2,-5,-128
1767174152.1552382,-3,-3,-125
1767174152.165238,-2,-3,-118
1767174152.175238,0,-2,-121
1767174152.185238,-3,1,-127
1767174152.195238,0,0,-129
1767174152.205238,-2,2,-124
1767174152.215238,0,0,-129
1767174152.225238,0,0,-127
1767174152.235238,-2,-3,-128
1767174152.245238,0,-9,-124
1767174152.255238,0,-9,-123
1767174152.265238,0,-5,-123
1767174152.275238,-1,-6,-117
1767174152.2852385,0,-6,-125
1767174152.2952385,0,-4,-119
1767174152.3052382,3,-5,-123
1767174152.3152382,3,-6,-129
1767174152.3252382,1,-5,-137
1767174152.3352382,1,2,-137
1767174152.3452382,1,0,-139
1767174152.3552382,1,0,-140
1767174152.3652382,9,0,-134
1767174152.3752382,5,0,-134
1767174152.3852382,1,-4,-135
1767174152.3952382,0,-6,-132
1767174152.4052382,-1,-3,-135
1767174152.415238,0,-2,-129
1767174152.425238,0,-3,-126
1767174152.435238,-2,-2,-128
1767174152.445238,-5,-2,-127
1767174152.455238,-3,-8,-117
1767174152.465238,-4,-6,-119
1767174152.475238,-5,-1,-118
1767174152.485238,-5,0,-117
1767174152.507238,-4,0,-113
1767174152.5162382,0,0,-119
1767174152.5262382,4,1,-121
1767174152.5362382,5,2,-123
1767174152.5462382,3,0,-123
1767174152.5562382,4,1,-131
1767174152.5662382,3,5,-134
1767174152.5762382,2,-2,-125
1767174152.586238,-1,-5,-126
1767174152.596238,1,-7,-125
1767174152.606238,2,-2,-127
1767174152.616238,0,-4,-128
1767174152.626238,0,-3,-127
1767174152.636238,-2,0,-125
1767174152.646238,-5,-1,-121
1767174152.656238,-8,0,-118
1767174152.666238,-7,2,-117
1767174152.676238,-5,1,-119
1767174152.686238,-6,2,-118
1767174152.696238,0,4,-120
1767174152.7062385,2,4,-122
1767174152.7162385,3,1,-123
1767174152.7262385,5,-1,-123
1767174152.7362382,2,0,-125
1767174152.7462382,5,-1,-124
1767174152.7562382,-2,-4,-126
1767174152.7662382,-6,-5,-125
1767174152.7762382,-6,-3,-131
1767174152.7862382,-3,-3,-135
1767174152.7962382,-4,-5,-136
1767174152.8062382,-3,-2,-133
1767174152.8162382,-1,-2,-127
1767174152.8262382,-3,-2,-123
1767174152.836238,0,-2,-125
1767174152.846238,2,-2,-128
1767174152.856238,4,-5,-131
1767174152.866238,3,-3,-127
1767174152.876238,3,-1,-132
1767174152.886238,2,1,-135
1767174152.896238,-1,1,-128
1767174152.906238,-3,-2,-126
1767174152.916238,-3,-4,-127
1767174152.926238,-2,-3,-131
1767174152.936238,-2,-1,-129
1767174152.946238,-3,0,-126
1767174152.9562385,1,0,-124
1767174152.9662385,2,0,-125
1767174152.9762385,0,-1,-132
1767174152.9862382,2,-4,-133
1767174152.9962382,2,-1,-130
1767174153.0062382,3,-1,-136
1767174153.0162382,8,-4,-139
1767174153.0262382,9,-2,-128
1767174153.0362382,4,1,-131
1767174153.0462382,5,1,-126
1767174153.0562382,1,0,-123
1767174153.0662382,0,0,-122
1767174153.0762382,-3,0,-122
1767174153.086238,-2,0,-122
1767174153.096238,-1,-2,-125
1767174153.106238,0,0,-124
1767174153.116238,4,2,-129
1767174153.126238,3,5,-127
1767174153.136238,0,4,-130
1767174153.146238,5,3,-133
1767174153.156238,2,2,-122
1767174153.166238,0,2,-125
1767174153.176238,5,-4,-123
1767174153.186238,0,-4,-114
1767174153.196238,0,-3,-112
1767174153.2062385,0,-3,-107
1767174153.2162385,0,-3,-114
1767174153.2262385,1,1,-115
1767174153.2362382,2,-1,-113
1767174153.2462382,1,-4,-121
1767174153.2562382,1,-6,-117
1767174153.2662382,-1,-3,-118
1767174153.2762382,-7,-1,-121
1767174153.2862382,-6,0,-123
1767174153.2962382,-3,0,-131
1767174153.3062382,-8,-4,-131
1767174153.3162382,-10,-11,-129
1767174153.3262382,-8,-11,-129
1767174153.336238,-12,-7,-133
1767174153.346238,-9,-3,-130
1767174153.356238,-6,-3,-130
1767174153.366238,-3,-4,-128
1767174153.376238,2,-4,-132
1767174153.386238,0,-7,-128
1767174153.396238,-4,-9,-126
1767174153.406238,-3,-11,-123
1767174153.416238,0,-11,-120
1767174153.426238,-1,-15,-124
1767174153.436238,0,-15,-129
1767174153.446238,-2,-12,-136
1767174153.4562385,-5,-9,-130
1767174153.4662385,-7,-6,-128
1767174153.4762385,-5,-6,-125
1767174153.4862382,-7,-4,-125
1767174153.4962382,-4,-1,-126
1767174153.5062382,-6,-2,-127
1767174153.5162382,-7,-3,-128
1767174153.5262382,-4,-2,-129
1767174153.5362382,-4,-2,-122
1767174153.5462382,-6,0,-125
1767174153.5562382,-4,-1,-128
1767174153.5662382,-4,-1,-123
1767174153.5762382,-7,-4,-125
1767174153.586238,-2,2,-119
1767174153.596238,0,-1,-127
1767174153.606238,2,-4,-123
1767174153.616238,0,-4,-123
1767174153.626238,0,0,-125
1767174153.636238,-1,0,-129
1767174153.646238,1,1,-127
1767174153.656238,5,2,-123
1767174153.666238,4,4,-125
1767174153.676238,2,3,-134
1767174153.686238,2,1,-128
1767174153.696238,5,3,-130
1767174153.7062385,4,3,-133
1767174153.7162385,2,0,-135
1767174153.7262385,3,-3,-129
1767174153.7362382,3,-4,-127
1767174153.7462382,2,-2,-125
1767174153.7562382,4,-3,-127
1767174153.7662382,1,0,-125
1767174153.7762382,0,-3,-121
1767174153.7862382,2,-5,-116
1767174153.7962382,8,-3,-112
1767174153.8062382,6,-2,-117
1767174153.8162382,4,-4,-120
1767174153.8262382,5,-3,-120
1767174153.836238,4,-3,-126
1767174153.846238,3,0,-127
1767174153.856238,3,-1,-115
1767174153.866238,0,2,-107
1767174153.876238,0,3,-111
1767174153.886238,2,4,-117
1767174153.896238,4,0,-117
1767174153.906238,5,-2,-120
1767174153.916238,5,0,-123
1767174153.926238,2,0,-123
1767174153.936238,0,2,-123
1767174153.946238,3,2,-122
1767174153.9562385,1,2,-122
1767174153.9662385,-2,1,-127
1767174153.9762385,-3,0,-130
1767174153.9862382,-6,1,-126
1767174153.9962382,-2,1,-120
1767174154.0062382,-4,-1,-122
1767174154.0162382,-4,-1,-122
1767174154.0262382,-11,-3,-119
1767174154.0362382,-7,-5,-116
1767174154.0462382,-7,-2,-119
1767174154.0562382,-5,-3,-116
1767174154.0662382,-8,0,-119
1767174154.0762382,-9,0,-120
1767174154.086238,-8,0,-129
1767174154.096238,-8,-1,-135
1767174154.106238,-9,0,-141
1767174154.116238,-5,-2,-140
1767174154.126238,-4,0,-139
1767174154.136238,3,-1,-135
1767174154.146238,2,-1,-129
1767174154.156238,2,0,-119
1767174154.166238,2,-2,-110
1767174154.176238,0,-1,-113
1767174154.186238,0,-2,-115
1767174154.196238,2,-2,-118
1767174154.2062385,4,-1,-117
1767174154.2162385,2,0,-121
1767174154.2262385,3,-2,-119
1767174154.2362382,1,-2,-118
1767174154.2462382,4,-3,-119
1767174154.2562382,2,-3,-124
1767174154.2662382,1,2,-121
1767174154.2762382,0,1,-125
1767174154.2862382,0,-2,-121
1767174154.2962382,2,-3,-119
1767174154.3062382,7,-2,-117
1767174154.3162382,10,-2,-113
1767174154.3262382,3,1,-114
1767174154.336238,4,5,-124
1767174154.346238,5,7,-124
1767174154.356238,0,5,-125
1767174154.366238,0,-2,-124
1767174154.376238,1,-3,-124
1767174154.386238,0,-3,-120
1767174154.396238,-5,0,-124
1767174154.406238,-3,-1,-122
1767174154.416238,0,-1,-124
1767174154.426238,2,-5,-130
1767174154.436238,1,-3,-122
1767174154.446238,-4,-3,-121
1767174154.4562385,-4,-3,-122
1767174154.4662385,-7,-6,-129
1767174154.4762385,-9,-5,-126
1767174154.4862382,-7,-7,-122
1767174154.4962382,-7,-7,-125
1767174154.5062382,-4,-5,-133
1767174154.5162382,-2,-2,-131
1767174154.5262382,-3,-1,-132
1767174154.5362382,-5,-2,-131
1767174154.5462382,-7,2,-132
1767174154.5562382,-3,3,-129
1767174154.5662382,0,1,-130
1767174154.5762382,1,0,-134
1767174154.586238,-3,0,-130
1767174154.596238,-1,0,-128
1767174154.606238,-3,-1,-128
1767174154.616238,-4,-3,-127
1767174154.626238,-2,-3,-130
1767174154.636238,-1,-4,-127
1767174154.646238,1,-1,-126
1767174154.656238,1,2,-129
1767174154.666238,-2,1,-134
1767174154.676238,2,-2,-131
1767174154.686238,7,-4,-136
1767174154.696238,11,0,-133
1767174154.7062385,9,0,-125
1767174154.7162385,7,0,-128
1767174154.7262385,7,1,-126
1767174154.7362382,3,0,-126
1767174154.7462382,1,0,-122
1767174154.7562382,4,0,-121
1767174154.7662382,3,0,-118
1767174154.7762382,2,-1,-119
1767174154.7862382,1,0,-115
1767174154.7962382,1,2,-111
1767174154.8062382,-2,2,-114
1767174154.8162382,-2,-1,-111
1767174154.8262382,0,-2,-119
1767174154.836238,-2,-4,-121
1767174154.846238,2,-2,-118
1767174154.856238,4,-5,-117
1767174154.866238,3,-1,-123
1767174154.876238,0,0,-122
1767174154.886238,-1,2,-123
1767174154.896238,-5,3,-120
1767174154.906238,-10,2,-115
1767174154.916238,-10,0,-117
1767174154.926238,-11,0,-114
1767174154.936238,-7,1,-118
1767174154.946238,-4,1,-118
1767174154.9562385,-2,0,-119
1767174154.9662385,2,-1,-115
1767174154.9762385,7,1,-121
1767174154.9862382,3,1,-121
1767174154.9962382,3,4,-125
1767174155.0062382,-4,5,-131
1767174155.0162382,-2,2,-126
1767174155.0262382,-2,4,-121
1767174155.0362382,0,5,-121
1767174155.0462382,2,7,-120
1767174155.0562382,-1,7,-124
1767174155.0662382,2,6,-125
1767174155.0762382,2,4,-127
1767174155.087238,0,-1,-131
1767174155.097238,-2,-6,-132
1767174155.106238,-2,-4,-134
1767174155.116238,-5,-5,-133
1767174155.127238,-9,-3,-130
1767174155.136238,-8,-7,-130
1767174155.1472385,-7,-5,-137
1767174155.1572382,0,0,-137
1767174155.1672382,-2,-4,-138
1767174155.1772382,-3,1,-133
1767174155.1872382,-3,2,-128
1767174155.1972382,0,1,-126
1767174155.2072382,0,2,-129
1767174155.2172382,0,5,-123
1767174155.2272382,0,2,-126
1767174155.2372382,0,2,-125
1767174155.2472382,1,0,-128
1767174155.257238,3,0,-132
1767174155.267238,2,0,-128
1767174155.277238,-1,0,-133
1767174155.287238,2,0,-128
1767174155.297238,-1,-1,-128
1767174155.307238,-1,0,-123
1767174155.317238,0,0,-121
1767174155.327238,-1,-1,-123
1767174155.337238,2,-1,-121
1767174155.347238,0,-3,-120
1767174155.357238,0,-5,-124
1767174155.367238,0,-3,-121
1767174155.377238,0,-5,-119
1767174155.3872385,-1,-8,-120
1767174155.3972385,0,-12,-115
1767174155.4072382,-2,-10,-109
1767174155.4172382,0,-3,-109
1767174155.4272382,3,-1,-117
1767174155.4372382,4,0,-121
1767174155.4472382,0,0,-123
1767174155.4572382,1,3,-124
1767174155.4672382,1,2,-123
1767174155.4772382,0,0,-124
1767174155.4872382,2,-2,-119
1767174155.4972382,-2,-3,-123
1767174155.507238,-3,0,-125
1767174155.517238,-4,4,-122
1767174155.527238,-1,2,-128
1767174155.537238,0,3,-125
1767174155.547238,0,5,-129
1767174155.557238,-2,4,-140
1767174155.567238,1,0,-137
1767174155.577238,3,2,-133
1767174155.587238,3,2,-125
1767174155.597238,4,0,-128
1767174155.607238,0,-1,-130
1767174155.617238,0,0,-131
1767174155.627238,-1,0,-132
1767174155.6372385,-2,0,-129
1767174155.6472385,0,1,-126
1767174155.6572382,1,0,-125
1767174155.6672382,1,-1,-120
1767174155.6772382,0,0,-119
1767174155.6872382,3,-4,-125
1767174155.6972382,3,-5,-126
1767174155.7072382,-2,-3,-124
1767174155.7172382,-1,-3,-119
1767174155.7272382,-6,-5,-121
1767174155.7372382,-3,-7,-121
1767174155.7472382,1,-6,-121
1767174155.757238,3,-7,-123
1767174155.767238,0,-8,-129
1767174155.777238,1,-5,-125
1767174155.787238,2,-3,-121
1767174155.797238,-2,-5,-120
1767174155.807238,1,-3,-123
1767174155.817238,7,-1,-123
1767174155.827238,4,0,-121
1767174155.837238,-1,1,-116
1767174155.847238,0,0,-119
1767174155.857238,2,-2,-119
1767174155.867238,-2,0,-119
1767174155.877238,-3,-1,-126
1767174155.8872385,1,-5,-135
1767174155.8972385,7,-6,-134
1767174155.9072382,4,-8,-129
1767174155.9172382,8,-4,-130
1767174155.9272382,6,-7,-129
1767174155.9372382,5,-7,-123
1767174155.9472382,7,-5,-116
1767174155.9572382,7,-5,-127
1767174155.9672382,1,-9,-134
1767174155.9772382,4,-4,-133
1767174155.9872382,4,-3,-132
1767174155.9972382,3,-1,-125
1767174156.007238,3,0,-118
1767174156.017238,0,0,-113
1767174156.027238,-1,-2,-113
1767174156.037238,-1,0,-115
1767174156.047238,-2,4,-118
1767174156.057238,-7,3,-121
1767174156.067238,-6,1,-117
1767174156.077238,-8,0,-125
1767174156.087238,-2,0,-125
1767174156.097238,-4,0,-124
1767174156.107238,0,0,-124
1767174156.117238,2,-2,-119
1767174156.127238,3,0,-121
1767174156.1372385,3,0,-127
1767174156.1472385,1,0,-126
1767174156.1572382,-2,1,-122
1767174156.1672382,0,4,-121
1767174156.1772382,0,2,-119
1767174156.1872382,0,3,-120
1767174156.1972382,1,2,-125
1767174156.2072382,4,0,-120
1767174156.2172382,5,-3,-122
1767174156.2272382,4,-1,-125
1767174156.2372382,1,0,-126
1767174156.2472382,0,0,-131
1767174156.257238,-3,-4,-127
1767174156.267238,-2,0,-126
1767174156.277238,2,3,-126
1767174156.287238,5,1,-123
1767174156.297238,5,0,-121
1767174156.3082385,3,-2,-124
1767174156.317238,2,-1,-131
1767174156.327238,4,1,-129
1767174156.337238,6,0,-130
1767174156.347238,4,0,-129
1767174156.357238,1,1,-129
1767174156.367238,2,4,-127
1767174156.377238,2,-2,-122
1767174156.3872385,1,-3,-122
1767174156.3972385,2,-1,-132
1767174156.4072382,2,0,-131
1767174156.4172382,1,2,-134
1767174156.4272382,1,0,-129
1767174156.4372382,-4,-2,-128
1767174156.4472382,-8,1,-126
1767174156.4572382,-7,1,-128
1767174156.4672382,-4,-3,-128
1767174156.4772382,-6,-1,-116
1767174156.4872382,-2,-6,-117
1767174156.4972382,0,-6,-125
1767174156.507238,5,-3,-129
1767174156.517238,6,-2,-120
1767174156.527238,2,-4,-121
1767174156.537238,1,-1,-117
1767174156.547238,-5,0,-119
1767174156.557238,-1,0,-117
1767174156.567238,0,-1,-123
1767174156.577238,2,-4,-133
1767174156.587238,4,0,-130
1767174156.597238,2,-2,-130
1767174156.607238,1,-2,-124
1767174156.617238,-1,-3,-127
1767174156.627238,-3,0,-131
1767174156.6372385,0,2,-126
1767174156.6472385,0,2,-125
1767174156.6572382,0,0,-133
1767174156.6672382,-1,0,-129
1767174156.6772382,0,5,-123
1767174156.6872382,2,0,-122
1767174156.6972382,1,0,-125
1767174156.7072382,0,-1,-123
1767174156.7172382,-1,-1,-123
1767174156.7272382,1,2,-125
1767174156.7372382,-1,-2,-129
1767174156.7472382,-2,-3,-131
1767174156.757238,-4,-2,-135
1767174156.767238,0,-3,-128
1767174156.777238,-2,-4,-124
1767174156.787238,2,-2,-128
1767174156.797238,0,-6,-127
1767174156.807238,-3,-11,-127
1767174156.817238,-1,-6,-131
1767174156.827238,0,-3,-126
1767174156.837238,1,-2,-120
1767174156.847238,1,-2,-110
1767174156.857238,-1,-3,-114
1767174156.867238,1,0,-114
1767174156.877238,3,0,-116
1767174156.8872385,0,-3,-117
1767174156.8972385,-2,-4,-124
1767174156.9072382,-3,-5,-123
1767174156.9172382,-4,-5,-124
1767174156.9272382,-2,-7,-124
1767174156.9372382,0,-1,-130
1767174156.9472382,0,3,-132
1767174156.9572382,0,3,-133
1767174156.9672382,2,0,-127
1767174156.9772382,6,0,-123
1767174156.9872382,6,1,-125
1767174156.9972382,3,3,-134
1767174157.007238,6,1,-131
1767174157.017238,6,0,-130
1767174157.027238,3,0,-131
1767174157.037238,0,3,-128
1767174157.047238,2,-1,-124
1767174157.057238,-2,-2,-129
1767174157.067238,-2,-4,-130
1767174157.077238,0,-8,-131
1767174157.087238,0,-12,-132
1767174157.097238,-4,-12,-130
1767174157.107238,-7,-11,-129
1767174157.117238,-5,-8,-120
1767174157.127238,-6,-6,-115
1767174157.1372385,-3,-2,-113
1767174157.1472385,0,0,-114
1767174157.1572382,0,-1,-116
1767174157.1672382,3,-3,-118
1767174157.1772382,0,0,-117
1767174157.1872382,-1,2,-114
1767174157.1972382,5,1,-113
1767174157.2072382,4,3,-108
1767174157.2172382,0,5,-118
1767174157.2272382,0,1,-118
1767174157.2372382,-1,0,-118
1767174157.2472382,-4,0,-114
1767174157.257238,-3,-1,-112
1767174157.267238,-2,0,-128
1767174157.277238,-2,-3,-131
1767174157.287238,0,-1,-131
1767174157.297238,2,-4,-123
1767174157.307238,-1,-2,-116
1767174157.317238,-4,-4,-121
1767174157.327238,-1,-6,-123
1767174157.337238,-1,-4,-123
1767174157.347238,4,-5,-118
1767174157.357238,4,-5,-118
1767174157.367238,2,-3,-123
1767174157.377238,3,-3,-126
1767174157.3872385,3,0,-129
1767174157.3972385,1,2,-121
1767174157.4072382,-2,6,-124
1767174157.4172382,0,3,-126
1767174157.4272382,0,6,-129
1767174157.4372382,0,5,-123
1767174157.4472382,3,5,-116
1767174157.4572382,2,5,-112
1767174157.4672382,0,3,-113
1767174157.4772382,-1,3,-113
1767174157.4872382,-1,0,-114
1767174157.4972382,0,0,-114
1767174157.5192382,-4,-3,-122
1767174157.527238,-3,-2,-125
1767174157.537238,-3,-4,-123
1767174157.547238,-4,-3,-124
1767174157.557238,-2,-3,-124
1767174157.567238,-3,-4,-125
1767174157.577238,-2,-4,-131
1767174157.587238,-5,-3,-125
1767174157.597238,-4,-1,-126
1767174157.607238,-2,-1,-121
1767174157.617238,-2,-4,-122
1767174157.627238,0,-1,-122
1767174157.6372385,0,-1,-124
1767174157.6472385,-3,-2,-124
1767174157.6572382,-1,-3,-127
1767174157.6672382,2,-7,-127
1767174157.6772382,3,-3,-124
1767174157.6872382,6,-3,-123
1767174157.6972382,6,-3,-128
1767174157.7072382,5,-1,-120
1767174157.7172382,1,-1,-115
1767174157.7272382,-1,-1,-122
1767174157.7372382,0,-1,-125
1767174157.7472382,1,0,-121
1767174157.757238,0,-4,-123
1767174157.767238,0,-2,-121
1767174157.778238,5,0,-125
1767174157.787238,1,2,-125
1767174157.797238,0,4,-126
1767174157.8082385,0,6,-121
1767174157.8182385,1,5,-122
1767174157.8282382,2,5,-119
1767174157.8382382,0,5,-119
1767174157.847238,3,8,-124
1767174157.8582382,0,1,-123
1767174157.8682382,1,4,-121
1767174157.8782382,1,1,-125
1767174157.8882382,1,1,-125
1767174157.8972385,-1,0,-121
1767174157.9082382,3,0,-123
1767174157.9182382,3,-2,-125
1767174157.9282382,3,-3,-131
1767174157.938238,4,-3,-124
1767174157.9472382,2,-2,-121
1767174157.958238,4,0,-122
1767174157.968238,1,-4,-125
1767174157.978238,3,-6,-128
1767174157.988238,2,-5,-129
1767174157.998238,-4,-7,-128
1767174158.008238,0,-1,-122
1767174158.018238,0,-1,-121
1767174158.028238,2,0,-120
1767174158.038238,3,-2,-125
1767174158.048238,1,2,-120
1767174158.0582385,-1,-3,-121
1767174158.0682385,-3,-5,-128
1767174158.0782382,-4,-4,-119
1767174158.0882382,-6,-2,-120
1767174158.0982382,-7,4,-121
1767174158.1082382,-3,1,-123
1767174158.1182382,-5,1,-125
1767174158.1282382,-5,-3,-127
1767174158.1382382,-2,-8,-121
1767174158.1482382,-3,-8,-119
1767174158.1582382,-2,-5,-122
1767174158.1682382,-5,-1,-120
1767174158.1782382,-2,2,-125
1767174158.188238,0,1,-125
1767174158.198238,0,-1,-125
1767174158.208238,-3,0,-125
1767174158.218238,1,-6,-130
1767174158.228238,3,-7,-136
1767174158.238238,0,-6,-139
1767174158.248238,0,-5,-140
1767174158.258238,1,-6,-135
1767174158.268238,5,-6,-128
1767174158.278238,5,-8,-126
1767174158.288238,3,-9,-122
1767174158.298238,2,-3,-127
1767174158.3082385,-3,0,-121
1767174158.3182385,-5,5,-115
1767174158.3282382,-2,2,-114
1767174158.3382382,1,2,-114
1767174158.3482382,0,0,-108
1767174158.3582382,-3,3,-110
1767174158.3682382,0,2,-112
1767174158.3782382,-4,0,-111
1767174158.3882382,-4,-4,-123
1767174158.3982382,-12,-8,-127
1767174158.4082382,-9,-7,-121
1767174158.4182382,-5,-9,-113
1767174158.4282382,-5,-6,-115
1767174158.438238,-4,0,-118
1767174158.448238,-4,1,-124
1767174158.458238,-5,-2,-124
1767174158.468238,-5,-1,-132
1767174158.478238,-3,0,-137
1767174158.488238,1,1,-130
1767174158.498238,6,0,-126
1767174158.508238,6,2,-118
1767174158.518238,3,4,-114
1767174158.528238,2,1,-118
1767174158.538238,1,0,-118
1767174158.548238,4,0,-121
1767174158.5582385,1,-1,-121
1767174158.5682385,1,0,-120
1767174158.5782382,2,-2,-127
1767174158.5882382,-3,0,-126
1767174158.5982382,-4,-7,-117
1767174158.6082382,0,-7,-110
1767174158.6182382,0,-4,-115
1767174158.6282382,-6,-2,-112
1767174158.6382382,-8,-2,-114
1767174158.6482382,-8,-2,-110
1767174158.6582382,-3,-2,-119
1767174158.6682382,0,0,-124
1767174158.6782382,6,-1,-123
1767174158.688238,4,-1,-122
1767174158.698238,4,0,-121
1767174158.708238,0,3,-120
1767174158.718238,-4,4,-117
1767174158.728238,-8,1,-114
1767174158.738238,-6,0,-122
1767174158.748238,-1,0,-129
1767174158.758238,0,-2,-134
1767174158.768238,-2,1,-133
1767174158.778238,0,0,-132
1767174158.788238,-2,-4,-134
1767174158.798238,-2,-4,-135
1767174158.8082385,-1,-2,-134
1767174158.8182385,0,-4,-130
1767174158.8282382,-2,1,-135
1767174158.8382382,4,0,-134
1767174158.8482382,0,0,-131
1767174158.8582382,-1,0,-125
1767174158.8682382,2,-3,-126
1767174158.8782382,1,-3,-124
1767174158.8882382,0,0,-119
1767174158.8982382,4,4,-115
1767174158.9082382,2,1,-115
1767174158.9182382,2,0,-119
1767174158.9282382,5,0,-121
1767174158.938238,4,2,-120
1767174158.948238,-2,5,-114
1767174158.958238,0,10,-116
1767174158.968238,4,8,-121
1767174158.978238,0,6,-130
1767174158.988238,-3,5,-124
1767174158.998238,-4,6,-127
1767174159.008238,-2,7,-128
1767174159.018238,-1,3,-127
1767174159.028238,-4,0,-120
1767174159.038238,-7,3,-117
1767174159.048238,0,1,-127
1767174159.0582385,-1,-3,-129
1767174159.0682385,-2,-2,-130
1767174159.0782382,2,-3,-122
1767174159.0882382,2,-3,-117
1767174159.0982382,7,-1,-113
1767174159.1082382,8,4,-115
1767174159.1182382,7,5,-116
1767174159.1282382,9,3,-110
1767174159.1382382,8,0,-107
1767174159.1482382,10,-2,-111
1767174159.1582382,6,-3,-116
1767174159.1682382,4,-8,-118
1767174159.1782382,5,-7,-114
1767174159.188238,4,-4,-117
1767174159.198238,8,2,-121
1767174159.208238,8,0,-127
1767174159.218238,6,0,-131
1767174159.228238,5,-2,-135
1767174159.238238,-1,-1,-128
1767174159.248238,-1,-2,-130
1767174159.258238,0,-1,-126
1767174159.268238,3,0,-124
1767174159.278238,6,0,-126
1767174159.288238,3,-4,-126
1767174159.298238,2,-1,-129
1767174159.3082385,0,-4,-130
1767174159.3182385,3,-7,-126
1767174159.3282382,8,-3,-124
1767174159.3382382,9,-4,-128
1767174159.3482382,7,0,-125
1767174159.3582382,0,2,-123
1767174159.3682382,0,0,-120
1767174159.3782382,0,-2,-124
1767174159.3882382,-4,-1,-124
1767174159.3982382,-8,-1,-122
1767174159.4082382,-4,0,-121
1767174159.4182382,-7,-2,-121
1767174159.4282382,-5,1,-122
1767174159.438238,-2,0,-120
1767174159.448238,0,2,-122
1767174159.458238,2,-4,-111
1767174159.468238,4,-1,-113
1767174159.478238,0,-1,-114
1767174159.488238,0,-5,-115
1767174159.498238,-3,0,-116
1767174159.508238,-6,1,-115
1767174159.518238,-2,1,-122
1767174159.528238,1,0,-127
1767174159.538238,6,0,-124
1767174159.548238,12,-2,-121
1767174159.5582385,10,-3,-129
1767174159.5682385,8,-1,-132
1767174159.5782382,5,-1,-137
1767174159.5882382,8,0,-134
1767174159.5982382,4,2,-133
1767174159.6082382,2,6,-139
1767174159.6182382,2,5,-137
1767174159.6282382,7,5,-129
1767174159.6382382,5,2,-123
1767174159.6482382,6,2,-123
1767174159.6582382,6,4,-124
1767174159.6682382,4,2,-133
1767174159.6782382,0,-1,-136
1767174159.688238,-1,-2,-132
1767174159.698238,-3,0,-129
1767174159.708238,0,-6,-124
1767174159.718238,-1,-8,-121
1767174159.728238,-2,-2,-122
1767174159.738238,-7,0,-120
1767174159.748238,-1,-1,-124
1767174159.758238,0,-3,-126
1767174159.768238,-1,-5,-126
1767174159.778238,0,-7,-124
1767174159.788238,1,-8,-125
1767174159.798238,4,-5,-121
1767174159.8082385,1,-4,-122
1767174159.8182385,0,-6,-123
1767174159.8282382,-1,-4,-128
1767174159.8382382,0,-6,-123
1767174159.8482382,-2,0,-132
1767174159.8582382,2,4,-131
1767174159.8682382,6,3,-128
1767174159.8782382,7,5,-132
1767174159.8882382,10,0,-131
1767174159.8982382,10,0,-126
1767174159.9082382,9,1,-126
1767174159.9182382,5,6,-122
1767174159.9282382,2,2,-125
1767174159.938238,0,4,-123
1767174159.948238,-2,0,-114
1767174159.958238,0,-1,-114
1767174159.968238,0,-2,-114
1767174159.978238,0,-3,-117
1767174159.988238,5,0,-113
1767174159.998238,6,0,-118
1767174160.008238,10,-2,-118
1767174160.018238,8,-3,-127
1767174160.028238,0,0,-128
1767174160.038238,-2,1,-127
1767174160.048238,-5,3,-127
1767174160.0582385,-3,0,-125
1767174160.0682385,0,0,-125
1767174160.0782382,3,0,-129
1767174160.0882382,2,-1,-127
1767174160.0982382,-4,2,-126
1767174160.1082382,-3,1,-130
1767174160.1182382,-2,-1,-120
1767174160.1282382,-1,0,-112
1767174160.1382382,-1,-2,-111
1767174160.1482382,1,-3,-111
1767174160.1582382,0,-5,-120
1767174160.1682382,-2,-3,-120
1767174160.1782382,-1,-4,-116
1767174160.188238,0,1,-118
1767174160.198238,0,0,-123
1767174160.208238,-1,2,-123
1767174160.218238,0,0,-125
1767174160.228238,0,0,-126
1767174160.238238,-1,-4,-133
1767174160.248238,-4,-8,-135
1767174160.258238,-1,-10,-129
1767174160.268238,-2,-9,-129
1767174160.278238,-2,-4,-126
1767174160.288238,-3,-6,-123
1767174160.298238,-4,-6,-133
1767174160.3082385,-7,-6,-123
1767174160.3182385,-9,-3,-120
1767174160.3282382,-4,-4,-121
1767174160.3382382,0,-3,-119
1767174160.3482382,-1,-2,-122
1767174160.3582382,0,0,-118
1767174160.3682382,3,-2,-117
1767174160.3782382,1,3,-122
1767174160.3882382,2,4,-122
1767174160.3982382,8,0,-120
1767174160.4082382,9,1,-122
1767174160.4182382,9,1,-123
1767174160.429238,7,0,-122
1767174160.438238,7,-4,-128
1767174160.449238,2,-7,-128
1767174160.459238,1,-4,-131
1767174160.469238,6,-8,-131
1767174160.4792385,8,-6,-132
1767174160.4892385,2,-6,-133
1767174160.4992385,0,-5,-135
1767174160.5092382,0,-5,-130
1767174160.5192382,0,-5,-119
1767174160.5292382,2,-9,-115
1767174160.5392382,4,-10,-118
1767174160.5492382,3,-9,-120
1767174160.5592382,3,-9,-121
1767174160.5692382,0,-6,-124
1767174160.5792382,-6,-5,-119
1767174160.5892382,-2,-5,-121
1767174160.5992382,-1,-2,-112
1767174160.609238,1,-5,-108
1767174160.619238,1,-4,-107
1767174160.629238,3,-3,-106
1767174160.639238,1,-3,-112
1767174160.649238,0,-8,-124
1767174160.659238,1,-5,-126
1767174160.669238,0,-1,-126
1767174160.679238,6,-3,-132
1767174160.689238,7,-2,-139
1767174160.699238,8,-4,-144
1767174160.709238,8,-1,-139
1767174160.719238,6,3,-129
1767174160.7292385,6,1,-122
1767174160.7392385,4,0,-123
1767174160.7492385,1,-2,-123
1767174160.7592382,0,-1,-123
1767174160.7692382,2,0,-120
1767174160.7792382,5,4,-118
1767174160.7892382,3,0,-121
1767174160.7992382,4,1,-124
1767174160.8092382,5,-2,-124
1767174160.8192382,2,-4,-121
1767174160.8292382,3,0,-118
1767174160.8392382,0,-1,-120
1767174160.8492382,1,0,-117
1767174160.859238,4,-2,-113
1767174160.869238,4,-5,-119
1767174160.879238,3,-3,-114
1767174160.889238,1,-8,-116
1767174160.899238,2,-8,-121
1767174160.909238,5,-3,-121
1767174160.919238,2,-1,-122
1767174160.929238,2,-2,-126
1767174160.939238,1,-1,-130
1767174160.949238,5,0,-129
1767174160.959238,5,-1,-126
1767174160.969238,6,-3,-123
1767174160.9792385,5,-5,-128
1767174160.9892385,10,-6,-131
1767174160.9992385,7,-4,-132
1767174161.0092382,3,0,-133
1767174161.0192382,0,0,-132
1767174161.0292382,1,1,-128
1767174161.0392382,1,1,-130
1767174161.0492382,3,-4,-126
1767174161.0592382,2,-5,-126
1767174161.0692382,1,-11,-122
1767174161.0792382,6,-7,-115
1767174161.0892382,5,-4,-116
1767174161.0992382,2,-1,-117
1767174161.109238,3,-3,-124
1767174161.119238,3,-2,-126
1767174161.129238,5,2,-130
1767174161.139238,4,0,-126
1767174161.149238,3,-3,-126
1767174161.159238,5,-6,-124
1767174161.169238,0,-5,-118
1767174161.179238,1,-6,-114
1767174161.189238,5,-4,-121
1767174161.199238,5,-2,-122
1767174161.209238,7,1,-124
1767174161.219238,4,1,-127
1767174161.2292385,5,-4,-123
1767174161.2392385,0,-4,-122
1767174161.2492385,-6,-3,-126
1767174161.2592382,-8,-4,-119
1767174161.2692382,-8,-4,-125
1767174161.2792382,-3,0,-121
1767174161.2892382,0,2,-120
1767174161.2992382,0,1,-121
1767174161.3092382,-2,-1,-122
1767174161.3192382,0,-2,-123
1767174161.3292382,3,-2,-128
1767174161.3392382,5,-3,-125
1767174161.3492382,7,-5,-120
1767174161.359238,4,-6,-118
1767174161.369238,3,-7,-117
1767174161.379238,6,-5,-116
1767174161.389238,0,-3,-116
1767174161.399238,-5,-1,-110
1767174161.409238,-6,0,-114
1767174161.419238,-4,2,-117
1767174161.429238,-4,2,-130
1767174161.439238,-1,4,-130
1767174161.449238,-1,2,-132
1767174161.459238,2,1,-129
1767174161.469238,5,1,-127
1767174161.4792385,7,3,-125
1767174161.4892385,7,6,-121
1767174161.4992385,4,4,-121
1767174161.5092382,0,3,-125
1767174161.5192382,0,0,-123
1767174161.5292382,-2,-2,-122
1767174161.5392382,-2,0,-127
1767174161.5492382,0,2,-127
1767174161.5592382,3,0,-122
1767174161.5692382,5,0,-125
1767174161.5792382,6,3,-125
1767174161.5892382,11,2,-122
1767174161.5992382,12,-5,-121
1767174161.609238,5,-8,-123
1767174161.619238,-1,-4,-120
1767174161.629238,-1,0,-119
1767174161.639238,-5,3,-123
1767174161.649238,-5,3,-124
1767174161.659238,-7,0,-124
1767174161.669238,-8,0,-130
1767174161.679238,-8,-1,-131
1767174161.689238,-5,-2,-130
1767174161.699238,-7,2,-124
1767174161.709238,-7,3,-126
1767174161.719238,-5,1,-126
1767174161.7292385,-2,-5,-122
1767174161.7392385,3,-8,-130
1767174161.7492385,2,-4,-131
1767174161.7592382,2,-6,-128
1767174161.7692382,8,-7,-119
1767174161.7792382,6,-10,-120
1767174161.7892382,5,-10,-119
1767174161.7992382,4,-7,-126
1767174161.8092382,0,-4,-127
1767174161.8192382,-4,-1,-130
1767174161.8292382,0,1,-126
1767174161.8392382,4,2,-123
1767174161.8492382,8,6,-121
1767174161.859238,4,4,-122
1767174161.869238,3,1,-123
1767174161.879238,3,6,-128
1767174161.889238,6,4,-124
1767174161.899238,6,6,-124
1767174161.909238,5,5,-125
1767174161.919238,9,2,-129
1767174161.929238,7,1,-130
1767174161.939238,4,5,-125
1767174161.949238,9,4,-126
1767174161.959238,7,0,-133
1767174161.969238,3,1,-134
1767174161.9792385,0,-1,-138
1767174161.9892385,-1,-3,-138
1767174161.9992385,-5,0,-130
1767174162.0092382,-3,-3,-131
1767174162.0192382,-3,-2,-130
1767174162.0292382,-3,-2,-128
1767174162.0392382,0,0,-127
1767174162.0492382,1,0,-120
1767174162.0592382,0,1,-114
1767174162.0692382,0,1,-116
1767174162.0792382,-2,-2,-116
1767174162.0892382,0,0,-113
1767174162.0992382,0,0,-117
1767174162.109238,0,-2,-126
1767174162.119238,-3,0,-128
1767174162.129238,-4,3,-125
1767174162.139238,-1,2,-124
1767174162.149238,0,-3,-122
1767174162.159238,-4,-2,-119
1767174162.169238,-2,-5,-116
1767174162.179238,-5,-1,-120
1767174162.189238,-2,0,-132
1767174162.199238,-2,1,-128
1767174162.209238,-1,0,-125
1767174162.219238,-4,0,-120
1767174162.2292385,-1,-3,-123
1767174162.2392385,0,-4,-118
1767174162.2492385,0,-2,-120
1767174162.2592382,-2,-1,-126
1767174162.2692382,0,-3,-125
1767174162.2792382,-1,-2,-128
1767174162.2892382,2,1,-123
1767174162.2992382,3,2,-122
1767174162.3092382,4,2,-120
1767174162.3192382,5,2,-124
1767174162.3292382,5,0,-130
1767174162.3392382,3,3,-127
1767174162.3492382,4,7,-126
1767174162.359238,5,4,-119
1767174162.369238,3,0,-117
1767174162.379238,4,4,-116
1767174162.389238,1,1,-115
1767174162.399238,3,0,-120
1767174162.409238,4,0,-121
1767174162.419238,5,0,-120
1767174162.429238,5,-1,-126
1767174162.439238,3,-5,-125
1767174162.449238,2,-5,-132
1767174162.459238,0,-3,-129
1767174162.469238,2,-2,-126
1767174162.4792385,1,-2,-117
1767174162.4892385,1,-2,-116
1767174162.4992385,4,-7,-111
1767174162.5092382,6,-8,-114
1767174162.5302382,6,-4,-118
1767174162.5392382,3,-6,-122
1767174162.5492382,6,-5,-124
1767174162.5592382,9,-5,-125
1767174162.5692382,3,-1,-119
1767174162.5792382,3,-5,-119
1767174162.5892382,3,-8,-121
1767174162.5992382,6,-2,-122
1767174162.609238,5,-1,-119
1767174162.619238,7,-2,-123
1767174162.629238,5,0,-129
1767174162.639238,2,0,-128
1767174162.649238,0,-2,-130
1767174162.659238,0,-3,-124
1767174162.669238,0,0,-125
1767174162.679238,0,1,-130
1767174162.689238,0,6,-126
1767174162.699238,-5,4,-129
1767174162.709238,-7,0,-131
1767174162.719238,-3,0,-133
1767174162.7292385,-1,0,-129
1767174162.7392385,1,3,-130
1767174162.7492385,5,8,-125
1767174162.7592382,3,6,-123
1767174162.7692382,4,5,-122
1767174162.7792382,4,2,-121
1767174162.7892382,4,-1,-122
1767174162.7992382,0,-4,-123
1767174162.8092382,4,0,-119
1767174162.8192382,7,0,-114
1767174162.8292382,4,5,-118
1767174162.8392382,3,9,-113
1767174162.8492382,0,5,-109
1767174162.859238,0,4,-111
1767174162.869238,0,5,-116
1767174162.879238,4,5,-116
1767174162.889238,0,0,-116
1767174162.899238,0,0,-122
1767174162.909238,0,0,-127
1767174162.919238,-2,1,-128
1767174162.929238,0,0,-130
1767174162.939238,1,0,-132
1767174162.949238,3,-1,-134
1767174162.959238,5,-2,-134
1767174162.969238,3,0,-132
1767174162.9792385,5,0,-134
1767174162.9892385,4,0,-133
1767174162.9992385,0,-3,-131
1767174163.0102382,0,-2,-122
1767174163.0192382,0,0,-117
1767174163.0292382,1,0,-120
1767174163.0392382,0,-1,-121
1767174163.0492382,-2,4,-119
1767174163.0592382,-2,4,-117
1767174163.0692382,-1,3,-126
1767174163.080238,-6,-1,-134
1767174163.090238,-2,-1,-132
1767174163.100238,3,-1,-136
1767174163.110238,-1,-6,-134
1767174163.120238,-7,-8,-132
1767174163.130238,-5,-10,-131
1767174163.140238,0,-9,-135
1767174163.150238,1,-6,-138
1767174163.1602385,2,-8,-140
1767174163.1702385,1,-7,-136
1767174163.1802382,0,-6,-133
1767174163.1902382,1,-3,-138
1767174163.2002382,-1,1,-137
1767174163.2102382,-2,0,-137
1767174163.2202382,-6,1,-134
1767174163.2302382,-4,0,-138
1767174163.2402382,-4,-3,-139
1767174163.2502382,-4,-3,-141
1767174163.2602382,-4,0,-141
1767174163.2702382,-6,3,-138
1767174163.2802382,-5,0,-137
1767174163.290238,0,1,-131
1767174163.300238,0,0,-129
1767174163.310238,0,0,-123
1767174163.320238,0,0,-119
1767174163.330238,1,0,-120
1767174163.340238,-2,-2,-121
1767174163.350238,-2,0,-119
1767174163.360238,-1,2,-115
1767174163.370238,0,1,-117
1767174163.380238,1,1,-122
1767174163.390238,1,1,-120
1767174163.400238,4,1,-122
1767174163.4102385,2,-2,-121
1767174163.4202385,-1,-1,-119
1767174163.4302382,0,0,-121
1767174163.4402382,4,-1,-120
1767174163.4502382,2,-3,-123
1767174163.4602382,-1,-1,-123
1767174163.4702382,-1,0,-128
1767174163.4802382,-3,0,-121
1767174163.4902382,1,0,-116
1767174163.5002382,2,2,-114
1767174163.5102382,4,3,-129
1767174163.5202382,3,6,-132
1767174163.5302382,4,4,-133
1767174163.540238,5,4,-130
1767174163.550238,10,2,-126
1767174163.560238,9,2,-127
1767174163.570238,4,2,-129
1767174163.580238,6,2,-129
1767174163.590238,6,-1,-131
1767174163.600238,11,0,-131
1767174163.610238,12,0,-125
1767174163.620238,6,0,-120
1767174163.630238,5,-1,-120
1767174163.640238,7,-2,-121
1767174163.650238,13,-3,-127
1767174163.6602385,13,-3,-136
1767174163.6702385,6,-1,-136
1767174163.6802382,5,-2,-129
1767174163.6902382,2,0,-128
1767174163.7002382,0,0,-122
1767174163.7102382,-2,-1,-119
1767174163.7202382,-2,-4,-123
1767174163.7302382,-4,0,-126
1767174163.7402382,-5,0,-124
1767174163.7502382,-2,0,-129
1767174163.7602382,0,2,-140
1767174163.7702382,-1,0,-130
1767174163.7802382,0,3,-127
1767174163.790238,-2,2,-136
1767174163.800238,-1,2,-131
1767174163.810238,1,4,-126
1767174163.820238,4,0,-122
1767174163.830238,1,1,-123
1767174163.840238,-3,1,-120
1767174163.850238,-6,0,-122
1767174163.860238,-5,-2,-123
1767174163.870238,-2,-4,-125
1767174163.880238,0,-3,-126
1767174163.890238,2,-8,-125
1767174163.900238,0,-10,-124
1767174163.9102385,4,-8,-123
1767174163.9202385,3,-3,-123
1767174163.9302382,6,-1,-115
1767174163.9402382,8,0,-109
1767174163.9502382,8,0,-112
1767174163.9602382,8,-6,-106
1767174163.9702382,8,-6,-109
1767174163.9802382,5,-4,-115
1767174163.9902382,5,-4,-115
1767174164.0002382,7,-8,-123
1767174164.0102382,6,-5,-120
1767174164.0202382,4,-5,-121
1767174164.0302382,3,-4,-122
1767174164.040238,7,-2,-120
1767174164.050238,1,-4,-115
1767174164.060238,4,-6,-119
1767174164.070238,7,-6,-117
1767174164.080238,4,-2,-117
1767174164.090238,0,-6,-118
1767174164.100238,-7,-2,-123
1767174164.110238,-11,-1,-127
1767174164.120238,-10,0,-127
1767174164.130238,-7,-5,-128
1767174164.140238,-5,-4,-132
1767174164.150238,-3,1,-125
1767174164.1602385,-5,0,-128
1767174164.1702385,-5,-1,-125
1767174164.1802382,-3,-3,-120
1767174164.1902382,-4,-8,-118
1767174164.2002382,-8,-7,-125
1767174164.2102382,-9,-4,-122
1767174164.2202382,-11,-3,-119
1767174164.2302382,-6,-5,-124
1767174164.2402382,-7,-4,-123
1767174164.2502382,-8,-3,-122
1767174164.2602382,-5,-1,-128
1767174164.2702382,-2,0,-139
1767174164.2802382,-1,1,-138
1767174164.290238,0,2,-142
1767174164.300238,3,2,-133
1767174164.310238,6,4,-129
1767174164.320238,3,1,-126
1767174164.330238,2,-2,-120
1767174164.340238,4,-8,-121
1767174164.350238,3,-6,-123
1767174164.360238,3,-6,-122
1767174164.370238,1,-5,-121
1767174164.380238,0,-6,-127
1767174164.390238,-1,-6,-134
1767174164.400238,-1,-5,-133
1767174164.4102385,0,-1,-125
1767174164.4202385,1,-3,-127
1767174164.4302382,0,-3,-126
1767174164.4402382,-1,-2,-127
1767174164.4502382,-4,-2,-129
1767174164.4602382,-3,-1,-124
1767174164.4702382,0,0,-122
1767174164.4802382,1,0,-121
1767174164.4902382,3,1,-116
1767174164.5002382,-3,2,-122
1767174164.5102382,-1,-2,-124
1767174164.5202382,-5,-1,-129
1767174164.5302382,-2,-1,-133
1767174164.540238,-2,1,-133
1767174164.550238,-3,6,-136
1767174164.560238,-1,3,-129
1767174164.570238,0,0,-127
1767174164.580238,-4,-2,-122
1767174164.590238,-1,-3,-123
1767174164.600238,-1,0,-118
1767174164.610238,-2,-6,-123
1767174164.620238,-3,-7,-119
1767174164.630238,0,-5,-123
1767174164.640238,-2,-3,-123
1767174164.650238,4,0,-118
1767174164.6602385,3,1,-120
1767174164.6702385,0,0,-126
1767174164.6802382,0,3,-126
1767174164.6902382,0,1,-118
1767174164.7002382,0,1,-111
1767174164.7102382,-1,0,-109
1767174164.7202382,-1,1,-119
1767174164.7302382,1,-4,-116
1767174164.7402382,0,-5,-118
1767174164.7502382,1,-5,-122
1767174164.7602382,1,-5,-119
1767174164.7702382,1,-1,-121
1767174164.7802382,-2,-4,-128
1767174164.790238,-4,-7,-130
1767174164.800238,-3,-9,-128
1767174164.810238,0,-7,-133
1767174164.820238,-2,-6,-133
1767174164.830238,0,-7,-123
1767174164.840238,-1,-6,-120
1767174164.850238,0,-6,-119
1767174164.860238,0,-3,-119
1767174164.870238,-3,-5,-119
1767174164.880238,-2,-1,-115
1767174164.890238,-5,-4,-110
1767174164.900238,-1,-6,-104
1767174164.9102385,0,-7,-116
1767174164.9202385,-1,-8,-117
1767174164.9302382,2,-3,-114
1767174164.9402382,1,-6,-118
1767174164.9502382,3,-4,-121
1767174164.9602382,1,-2,-122
1767174164.9702382,0,-1,-124
1767174164.9802382,-5,0,-130
1767174164.9902382,-7,-1,-126
1767174165.0002382,-10,0,-118
1767174165.0102382,-7,2,-120
1767174165.0202382,-2,2,-118
1767174165.0302382,0,-1,-121
1767174165.040238,1,-2,-125
1767174165.050238,1,0,-127
1767174165.060238,5,0,-132
1767174165.070238,2,-1,-132
1767174165.080238,0,-1,-129
1767174165.090238,0,0,-126
1767174165.100238,3,2,-129
1767174165.110238,1,1,-129
1767174165.120238,0,-1,-127
1767174165.130238,-1,-4,-124
1767174165.140238,-3,-1,-132
1767174165.150238,-5,-3,-137
1767174165.1602385,-2,-6,-139
1767174165.1702385,-2,0,-140
1767174165.1802382,-3,0,-135
1767174165.1902382,-1,0,-135
1767174165.2002382,-1,0,-129
1767174165.2102382,-2,1,-133
1767174165.2202382,-1,-1,-134
1767174165.2302382,-5,-4,-136
1767174165.2402382,-3,-4,-135
1767174165.2502382,-3,-5,-128
1767174165.2602382,-8,-4,-130
1767174165.2702382,-8,-6,-132
1767174165.2802382,-1,-3,-130
1767174165.290238,4,-2,-125
1767174165.300238,0,0,-124
1767174165.310238,-2,3,-121
1767174165.320238,-6,9,-119
1767174165.330238,-2,8,-122
1767174165.340238,-2,4,-125
1767174165.350238,0,6,-131
1767174165.360238,2,1,-128
1767174165.370238,0,0,-124
1767174165.380238,-5,0,-121
1767174165.390238,-3,1,-126
1767174165.400238,1,2,-125
1767174165.4102385,1,4,-130
1767174165.4202385,3,3,-129
1767174165.4302382,8,0,-132
1767174165.4402382,5,5,-133
1767174165.4502382,1,6,-127
1767174165.4602382,0,1,-126
1767174165.4702382,0,1,-126
1767174165.4802382,-3,0,-130
1767174165.4902382,-2,-1,-125
1767174165.5002382,0,0,-128
1767174165.5102382,0,1,-125
1767174165.5202382,-2,5,-128
1767174165.5302382,0,3,-123
1767174165.540238,-2,3,-127
1767174165.550238,-1,0,-121
1767174165.560238,-4,-1,-114
1767174165.570238,-4,-2,-115
1767174165.580238,-1,-5,-112
1767174165.590238,4,-1,-120
1767174165.600238,4,-3,-112
1767174165.610238,0,0,-108
1767174165.620238,-2,0,-112
1767174165.630238,0,1,-110
1767174165.640238,0,2,-106
1767174165.650238,-1,2,-102
1767174165.6602385,1,1,-110
1767174165.6702385,0,4,-110
1767174165.6812382,0,6,-110
1767174165.6902382,-1,1,-111
1767174165.7002382,-1,2,-116
1767174165.7102382,-3,1,-119
1767174165.7202382,-2,1,-122
1767174165.731238,-5,0,-123
1767174165.741238,-7,4,-124
1767174165.751238,-7,5,-121
1767174165.761238,-4,6,-126
1767174165.771238,-8,4,-124
1767174165.781238,-4,3,-123
1767174165.791238,-7,3,-117
1767174165.801238,-6,0,-113
1767174165.811238,-3,-1,-111
1767174165.821238,-3,0,-113
1767174165.8312385,-7,-2,-121
1767174165.8412385,-6,-1,-123
1767174165.8512385,-9,-3,-128
1767174165.8612382,-6,-4,-126
1767174165.8712382,-7,-2,-122
1767174165.8812382,-8,-4,-127
1767174165.8912382,-3,-3,-122
1767174165.9012382,-5,-4,-121
1767174165.9112382,-11,-1,-119
1767174165.9212382,-4,-2,-123
1767174165.9312382,0,-4,-123
1767174165.9412382,-2,0,-126
1767174165.9512382,0,1,-116
1767174165.961238,6,-3,-114
1767174165.971238,5,-4,-116
1767174165.981238,1,-6,-117
1767174165.991238,0,-4,-122
1767174166.001238,0,-5,-125
1767174166.011238,2,-7,-128
1767174166.021238,3,-14,-130
1767174166.031238,1,-12,-121
1767174166.041238,3,-8,-122
1767174166.051238,0,-6,-120
1767174166.061238,-2,-10,-114
1767174166.071238,-2,-9,-111
1767174166.0812385,1,-6,-122
1767174166.0912385,-2,-5,-124
1767174166.1012385,-7,-3,-124
1767174166.1112382,-2,-3,-124
1767174166.1212382,-3,-3,-124
1767174166.1312382,-3,-5,-122
1767174166.1412382,-3,-2,-119
1767174166.1512382,0,-1,-117
1767174166.1612382,-1,-3,-113
1767174166.1712382,-3,0,-113
1767174166.1812382,0,1,-114
1767174166.1912382,-1,0,-119
1767174166.2012382,0,0,-121
1767174166.211238,0,1,-121
1767174166.221238,2,3,-124
1767174166.231238,1,3,-126
1767174166.241238,-1,-1,-122
1767174166.251238,3,3,-117
1767174166.261238,0,3,-122
1767174166.271238,-4,0,-124
1767174166.281238,-4,-2,-124
1767174166.291238,-1,-4,-120
1767174166.301238,-2,-6,-120
1767174166.311238,-5,-5,-122
1767174166.321238,-4,-1,-125
1767174166.3312385,-5,-1,-125
1767174166.3412385,-5,-5,-124
1767174166.3512385,-3,-2,-121
1767174166.3612382,0,-1,-114
1767174166.3712382,-1,0,-119
1767174166.3812382,-4,0,-128
1767174166.3912382,-6,-5,-127
1767174166.4012382,-2,-8,-125
1767174166.4112382,-2,-8,-116
1767174166.4212382,0,-7,-119
1767174166.4312382,-2,-9,-124
1767174166.4412382,-3,-5,-125
1767174166.4512382,-4,-5,-129
1767174166.461238,0,-2,-126
1767174166.471238,-1,-4,-132
1767174166.481238,-5,-1,-132
1767174166.491238,-5,2,-127
1767174166.501238,0,0,-125
1767174166.511238,-4,-3,-125
1767174166.521238,-5,-2,-128
1767174166.531238,-7,1,-127
1767174166.541238,-2,-1,-126
1767174166.551238,0,-2,-121
1767174166.561238,0,-3,-114
1767174166.571238,0,-2,-118
1767174166.5812385,2,-5,-120
1767174166.5912385,5,-6,-118
1767174166.6012385,3,-10,-118
1767174166.6112382,0,-12,-123
1767174166.6212382,3,-11,-123
1767174166.6312382,4,-3,-122
1767174166.6412382,3,0,-118
1767174166.6512382,0,-1,-113
1767174166.6612382,-3,-2,-106
1767174166.6712382,-7,-3,-110
1767174166.6812382,-11,0,-114
1767174166.6912382,-10,1,-117
1767174166.7012382,-8,-1,-121
1767174166.711238,-6,-2,-135
1767174166.721238,-1,-7,-138
1767174166.731238,-2,-7,-136
1767174166.741238,-1,-7,-134
1767174166.751238,-3,-7,-132
1767174166.761238,-8,-4,-126
1767174166.771238,-9,-1,-125
1767174166.781238,-5,-1,-126
1767174166.791238,-1,-1,-127
1767174166.801238,0,0,-121
1767174166.811238,-2,0,-119
1767174166.821238,-2,0,-129
1767174166.8312385,-2,-1,-123
1767174166.8412385,0,0,-122
1767174166.8512385,0,0,-123
1767174166.8612382,8,0,-123
1767174166.8712382,7,0,-119
1767174166.8812382,9,-1,-119
1767174166.8912382,6,-6,-109
1767174166.9012382,2,-9,-112
1767174166.9112382,0,-4,-120
1767174166.9212382,0,-1,-121
1767174166.9312382,-2,0,-122
1767174166.9412382,-4,-3,-121
1767174166.9512382,-2,-2,-124
1767174166.961238,0,-3,-131
1767174166.971238,0,-5,-121
1767174166.981238,-4,-3,-127
1767174166.991238,-2,-1,-127
1767174167.001238,-3,-4,-125
1767174167.011238,-3,-7,-131
1767174167.021238,0,-9,-130
1767174167.031238,-4,-11,-131
1767174167.041238,-1,-11,-132
1767174167.051238,-7,-12,-131
1767174167.061238,-8,-12,-130
1767174167.071238,-7,-7,-128
1767174167.0812385,-7,-5,-124
1767174167.0912385,0,-2,-119
1767174167.1012385,6,1,-122
1767174167.1112382,7,-2,-123
1767174167.1212382,9,-4,-119
1767174167.1312382,9,0,-122
1767174167.1412382,9,1,-122
1767174167.1512382,10,3,-122
1767174167.1612382,7,5,-127
1767174167.1712382,3,1,-126
1767174167.1812382,4,0,-124
1767174167.1912382,4,2,-119
1767174167.2012382,-2,1,-116
1767174167.211238,0,-4,-115
1767174167.221238,0,-5,-122
1767174167.231238,-3,-8,-127
1767174167.241238,-2,-8,-130
1767174167.251238,-1,-9,-128
1767174167.261238,0,-7,-127
1767174167.271238,2,-8,-122
1767174167.281238,0,-7,-128
1767174167.291238,2,-5,-128
1767174167.301238,5,-3,-130
1767174167.311238,3,-1,-126
1767174167.321238,1,-2,-125
1767174167.3312385,7,-2,-123
1767174167.3412385,6,1,-130
1767174167.3512385,0,-1,-130
1767174167.3612382,0,-4,-130
1767174167.3712382,0,-1,-130
1767174167.3812382,0,-1,-135
1767174167.3912382,-1,-2,-135
1767174167.4012382,0,-3,-134
1767174167.4112382,1,-6,-133
1767174167.4212382,5,-3,-132
1767174167.4312382,1,-5,-129
1767174167.4412382,0,-8,-126
1767174167.4512382,-4,-11,-122
1767174167.461238,0,-9,-124
1767174167.471238,-1,-8,-125
1767174167.481238,-2,-7,-120
1767174167.491238,-1,-5,-117
1767174167.501238,1,0,-116
1767174167.511238,3,-2,-116
1767174167.521238,1,-3,-126
1767174167.5422382,-1,-3,-139
1767174167.551238,1,-5,-138
1767174167.561238,1,-3,-129
1767174167.571238,6,-7,-131
1767174167.5812385,2,-10,-133
1767174167.5912385,-2,-16,-130
1767174167.6012385,-4,-10,-129
1767174167.6112382,-4,-12,-127
1767174167.6212382,-5,-5,-126
1767174167.6312382,-2,1,-129
1767174167.6412382,-6,2,-122
1767174167.6512382,-9,2,-122
1767174167.6612382,-13,4,-122
1767174167.6712382,-7,2,-123
1767174167.6812382,-6,0,-121
1767174167.6912382,-4,-1,-117
1767174167.7012382,-3,-4,-128
1767174167.711238,-9,-3,-131
1767174167.721238,-11,0,-128
1767174167.731238,-7,0,-121
1767174167.741238,-5,2,-120
1767174167.751238,-3,3,-124
1767174167.761238,-1,2,-119
1767174167.771238,0,0,-115
1767174167.781238,-2,-1,-112
1767174167.791238,0,-1,-110
1767174167.801238,1,0,-115
1767174167.811238,-1,1,-115
1767174167.821238,-1,0,-114
1767174167.8312385,0,1,-118
1767174167.8412385,0,-1,-117
1767174167.8512385,0,-8,-121
1767174167.8612382,0,-9,-119
1767174167.8712382,-1,-9,-119
1767174167.8812382,3,-6,-126
1767174167.8912382,-2,-4,-122
1767174167.9012382,-2,-3,-118
1767174167.9112382,-2,0,-109
1767174167.9212382,-2,-5,-116
1767174167.9312382,0,-5,-118
1767174167.9412382,-4,-4,-127
1767174167.9512382,-5,-3,-129
1767174167.961238,-8,-4,-126
1767174167.971238,-7,-2,-123
1767174167.981238,-11,-1,-127
1767174167.991238,-8,-1,-128
1767174168.001238,0,-1,-126
1767174168.011238,-1,0,-124
1767174168.021238,-4,2,-120
1767174168.031238,-7,4,-125
1767174168.041238,-4,0,-122
1767174168.051238,0,-4,-121
1767174168.061238,3,-2,-124
1767174168.071238,2,-1,-133
1767174168.0812385,4,0,-126
1767174168.0912385,3,2,-122
1767174168.1012385,5,1,-125
1767174168.1112382,0,3,-131
1767174168.1212382,0,1,-133
1767174168.1312382,-1,-3,-134
1767174168.1412382,-4,-1,-142
1767174168.1512382,-6,-2,-144
1767174168.1612382,-5,1,-136
1767174168.1712382,-6,1,-135
1767174168.1812382,-5,-4,-132
1767174168.1912382,-1,-5,-125
1767174168.2012382,-2,-3,-129
1767174168.211238,0,-1,-128
1767174168.221238,-2,1,-133
1767174168.231238,-4,1,-133
1767174168.241238,-2,0,-138
1767174168.251238,-2,4,-142
1767174168.261238,-1,3,-134
1767174168.271238,2,0,-136
1767174168.281238,2,0,-131
1767174168.291238,0,0,-130
1767174168.301238,5,-6,-124
1767174168.311238,0,-7,-122
1767174168.321238,0,-3,-123
1767174168.3312385,0,-4,-125
1767174168.3412385,-1,0,-125
1767174168.3512385,-1,-1,-127
1767174168.3612382,-3,-2,-133
1767174168.3712382,-3,-4,-127
1767174168.3812382,-3,-3,-132
1767174168.3912382,-7,-3,-132
1767174168.402238,-4,-3,-130
1767174168.412238,-3,-2,-127
1767174168.422238,-9,0,-122
1767174168.432238,-3,-1,-126
1767174168.442238,-5,-5,-126
1767174168.452238,-5,-4,-122
1767174168.462238,-6,-6,-120
1767174168.472238,-3,-6,-118
1767174168.482238,-2,0,-122
1767174168.492238,-4,2,-127
1767174168.502238,-4,0,-132
1767174168.5122385,-7,1,-137
1767174168.5222385,-6,1,-134
1767174168.5322382,-4,0,-129
1767174168.5422382,-1,-4,-128
1767174168.5522382,0,-2,-125
1767174168.5622382,3,-2,-121
1767174168.5722382,5,-5,-125
1767174168.5822382,4,-4,-121
1767174168.5922382,1,-3,-123
1767174168.6022382,-3,0,-124
1767174168.6122382,-2,-4,-127
1767174168.6222382,0,-3,-128
1767174168.632238,0,-2,-125
1767174168.642238,1,2,-125
1767174168.652238,0,0,-126
1767174168.662238,-3,-2,-127
1767174168.672238,-3,-3,-132
1767174168.682238,5,0,-128
1767174168.692238,3,-2,-129
1767174168.702238,0,-2,-129
1767174168.712238,1,-5,-125
1767174168.722238,0,-5,-122
1767174168.732238,0,-8,-121
1767174168.742238,3,-9,-117
1767174168.752238,4,-6,-120
1767174168.7622385,7,-5,-121
1767174168.7722385,2,-3,-118
1767174168.7822382,3,-1,-116
1767174168.7922382,1,-1,-122
1767174168.8022382,-4,-1,-124
1767174168.8122382,-6,-3,-132
1767174168.8222382,0,-6,-129
1767174168.8322382,-4,-1,-129
1767174168.8422382,-2,-3,-135
1767174168.8522382,0,-6,-125
1767174168.8622382,0,-3,-124
1767174168.8722382,0,0,-121
1767174168.882238,1,0,-123
1767174168.892238,4,-2,-129
1767174168.902238,2,-4,-135
1767174168.912238,1,-3,-131
1767174168.922238,1,-2,-125
1767174168.932238,2,-1,-117
1767174168.942238,4,-1,-119
1767174168.952238,5,-3,-116
1767174168.962238,8,-2,-119
1767174168.972238,1,0,-125
1767174168.982238,0,2,-130
1767174168.992238,3,0,-130
1767174169.002238,4,-1,-127
1767174169.0122385,6,-5,-126
1767174169.0222385,3,-7,-125
1767174169.0322382,0,-10,-123
1767174169.0422382,-1,-8,-122
1767174169.0522382,0,-6,-118
1767174169.0622382,0,-5,-121
1767174169.0722382,0,-2,-125
1767174169.0822382,-3,-1,-123
1767174169.0922382,-1,-3,-123
1767174169.1022382,-2,-6,-123
1767174169.1122382,-2,-6,-119
1767174169.1222382,-4,-5,-117
1767174169.132238,-2,-9,-120
1767174169.142238,0,-7,-123
1767174169.152238,-3,-3,-119
1767174169.162238,-3,-2,-116
1767174169.172238,-4,-3,-121
1767174169.182238,-4,-1,-128
1767174169.192238,-4,0,-125
1767174169.202238,-1,0,-124
1767174169.212238,-1,-7,-116
1767174169.222238,2,-5,-117
1767174169.232238,1,-8,-120
1767174169.242238,4,-8,-120
1767174169.252238,4,0,-117
1767174169.2622385,5,1,-121
1767174169.2722385,4,0,-122
1767174169.2822382,7,-2,-125
1767174169.2922382,9,-2,-125
1767174169.3022382,6,-2,-124
1767174169.3122382,5,1,-128
1767174169.3222382,6,3,-126
1767174169.3322382,4,3,-127
1767174169.3422382,0,2,-130
1767174169.3522382,2,1,-131
1767174169.3622382,1,0,-133
1767174169.3722382,1,1,-130
1767174169.382238,-1,3,-128
1767174169.392238,0,3,-131
1767174169.402238,-1,2,-127
1767174169.412238,-2,4,-126
1767174169.422238,-4,4,-123
1767174169.432238,-4,10,-128
1767174169.442238,2,6,-130
1767174169.452238,2,6,-131
1767174169.462238,0,0,-130
1767174169.472238,-3,-1,-129
1767174169.482238,-4,0,-132
1767174169.492238,-2,0,-127
1767174169.502238,-3,1,-125
1767174169.5122385,0,0,-122
1767174169.5222385,-3,1,-121
1767174169.5322382,-2,4,-121
1767174169.5422382,-1,7,-119
1767174169.5522382,-2,7,-115
1767174169.5622382,-3,3,-119
1767174169.5722382,-2,-2,-124
1767174169.5822382,-4,3,-126
1767174169.5922382,-6,7,-127
1767174169.6022382,-3,4,-129
1767174169.6122382,-1,0,-134
1767174169.6222382,0,-2,-139
1767174169.632238,-1,1,-135
1767174169.642238,2,2,-134
1767174169.652238,7,3,-132
1767174169.662238,5,2,-143
1767174169.672238,3,0,-133
1767174169.682238,6,-1,-128
1767174169.692238,8,-6,-122
1767174169.702238,3,-10,-133
1767174169.712238,7,-5,-132
1767174169.722238,0,-6,-136
1767174169.732238,3,-4,-131
1767174169.742238,0,-2,-135
1767174169.752238,5,1,-137
1767174169.7622385,5,0,-132
1767174169.7722385,1,-1,-128
1767174169.7822382,0,-2,-127
1767174169.7922382,-1,-3,-125
1767174169.8022382,2,-7,-120
1767174169.8122382,2,-8,-117
1767174169.8222382,0,-2,-118
1767174169.8322382,-1,-3,-117
1767174169.8422382,-2,-2,-120
1767174169.8522382,-3,-4,-119
1767174169.8622382,-1,-1,-121
1767174169.8722382,-3,-3,-125
1767174169.882238,-1,-2,-133
1767174169.892238,-2,-2,-131
1767174169.902238,-6,-1,-125
1767174169.912238,-6,0,-117
1767174169.922238,-5,1,-117
1767174169.932238,-7,6,-116
1767174169.942238,-5,6,-115
1767174169.952238,-1,6,-119
1767174169.962238,-1,2,-123
1767174169.972238,4,2,-124
1767174169.982238,8,2,-125
1767174169.992238,6,0,-126
1767174170.002238,0,-1,-126
1767174170.0122385,-1,-4,-130
1767174170.0222385,0,-3,-123
1767174170.0322382,0,0,-124
1767174170.0422382,-1,-2,-131
1767174170.0522382,1,-2,-134
1767174170.0622382,-1,2,-128
1767174170.0722382,-3,4,-130
1767174170.0822382,1,0,-135
1767174170.0922382,1,0,-138
1767174170.1022382,0,3,-128
1767174170.1122382,0,2,-130
1767174170.1222382,-1,5,-134
1767174170.132238,-4,6,-132
1767174170.142238,-8,2,-136
1767174170.152238,-5,1,-131
1767174170.162238,-7,1,-133
1767174170.172238,-8,0,-129
1767174170.182238,-9,-5,-136
1767174170.192238,-10,-10,-127
1767174170.202238,-8,-5,-126
1767174170.212238,-9,-5,-118
1767174170.222238,-10,-2,-116
1767174170.232238,-6,0,-115
1767174170.242238,0,-2,-113
1767174170.252238,-2,-3,-118
1767174170.2622385,-3,-1,-123
1767174170.2722385,1,0,-122
1767174170.2822382,3,0,-120
1767174170.2922382,4,-3,-118
1767174170.3022382,0,-5,-115
1767174170.3122382,-5,-4,-122
1767174170.3222382,-3,-4,-132
1767174170.3322382,-3,-5,-131
1767174170.3422382,-2,0,-122
1767174170.3522382,3,0,-122
1767174170.3622382,4,1,-130
1767174170.3722382,5,2,-137
1767174170.382238,3,-3,-129
1767174170.392238,6,-4,-129
1767174170.402238,1,2,-123
1767174170.412238,-4,3,-117
1767174170.422238,-1,4,-113
1767174170.432238,-3,2,-122
1767174170.442238,-5,3,-122
1767174170.452238,-3,3,-128
1767174170.462238,-1,-1,-127
1767174170.472238,-1,-2,-126
1767174170.482238,0,-5,-124
1767174170.492238,-3,-7,-129
1767174170.502238,-5,-6,-124
1767174170.5122385,-8,-7,-124
1767174170.5222385,-5,-5,-127
1767174170.5322382,-6,-3,-126
1767174170.5422382,1,-3,-122
1767174170.5522382,7,-3,-128
1767174170.5622382,0,-6,-126
1767174170.5722382,-3,-5,-121
1767174170.5822382,-6,0,-124
1767174170.5922382,-2,1,-128
1767174170.6022382,0,2,-125
1767174170.6122382,-1,3,-120
1767174170.6222382,-5,0,-116
1767174170.632238,-7,-3,-115
1767174170.642238,-4,0,-123
1767174170.652238,-5,2,-127
1767174170.662238,-4,5,-128
1767174170.672238,-3,0,-125
1767174170.682238,-3,0,-125
1767174170.692238,-1,-1,-125
1767174170.702238,-2,-1,-128
1767174170.712238,-6,-1,-127
1767174170.722238,-3,-3,-122
1767174170.732238,0,-4,-124
1767174170.742238,-1,-6,-124
1767174170.752238,-5,-7,-133
1767174170.7622385,-6,-1,-126
1767174170.7722385,-6,1,-126
1767174170.7822382,-9,0,-122
1767174170.7922382,-10,0,-123
1767174170.8022382,-11,0,-125
1767174170.8122382,-9,1,-124
1767174170.8222382,-8,0,-117
1767174170.8322382,-4,-2,-114
1767174170.8422382,0,-1,-126
1767174170.8522382,1,1,-123
1767174170.8622382,1,-1,-122
1767174170.8722382,2,-2,-117
1767174170.882238,2,0,-119
1767174170.892238,0,-4,-119
1767174170.902238,-1,-6,-125
1767174170.912238,0,-6,-129
1767174170.922238,1,-6,-126
1767174170.932238,0,-7,-126
1767174170.942238,2,-5,-126
1767174170.952238,1,-7,-125
1767174170.962238,2,-7,-121
1767174170.972238,3,-4,-123
1767174170.982238,1,-5,-128
1767174170.992238,1,-7,-121
1767174171.002238,-1,-8,-115
1767174171.0132382,-2,-8,-119
1767174171.0222385,2,-8,-120
1767174171.0332382,-1,-8,-123
1767174171.0432382,-1,-8,-121
1767174171.0532382,-1,-11,-127
1767174171.063238,-3,-11,-124
1767174171.0722382,-6,-8,-126
1767174171.083238,-5,-4,-127
1767174171.093238,-2,-3,-128
1767174171.103238,0,-3,-131
1767174171.113238,1,-5,-130
1767174171.123238,3,-4,-130
1767174171.133238,2,-7,-126
1767174171.143238,3,-5,-117
1767174171.153238,2,-3,-118
1767174171.163238,4,-5,-116
1767174171.173238,7,-5,-113
1767174171.1832385,6,-2,-121
1767174171.1932385,2,-4,-126
1767174171.2032382,-2,-5,-122
1767174171.2132382,-4,-4,-118
1767174171.2232382,-1,-4,-122
1767174171.2332382,1,-8,-121
1767174171.2432382,3,-5,-123
1767174171.2532382,2,-1,-126
1767174171.2632382,0,2,-125
1767174171.2732382,0,-2,-126
1767174171.2832382,0,-1,-128
1767174171.2932382,3,3,-127
1767174171.3032382,4,1,-125
1767174171.313238,1,2,-123
1767174171.323238,1,0,-115
1767174171.333238,5,0,-117
1767174171.343238,4,0,-113
1767174171.353238,5,0,-116
1767174171.363238,5,-2,-115
1767174171.373238,3,-7,-110
1767174171.383238,-1,-7,-114
1767174171.393238,2,-9,-117
1767174171.403238,1,-7,-119
1767174171.413238,2,-8,-113
1767174171.423238,3,-8,-117
1767174171.4332385,3,-6,-120
1767174171.4432385,1,-5,-119
1767174171.4532382,3,-3,-117
1767174171.4632382,4,-2,-111
1767174171.4732382,1,0,-112
1767174171.4832382,-5,0,-113
1767174171.4932382,-3,0,-116
1767174171.5032382,-3,-1,-123
1767174171.5132382,-3,1,-123
1767174171.5232382,-4,1,-126
1767174171.5332382,-5,0,-121
1767174171.5432382,-1,0,-119
1767174171.5532382,1,-1,-119
1767174171.563238,-3,-4,-120
1767174171.573238,-2,-3,-120
1767174171.583238,0,0,-117
1767174171.593238,1,-1,-113
1767174171.603238,1,-6,-119
1767174171.613238,-1,-7,-117
1767174171.623238,-2,-9,-118
1767174171.633238,-4,-10,-116
1767174171.643238,-1,-9,-123
1767174171.653238,-2,-5,-126
1767174171.663238,-5,-3,-132
1767174171.673238,-3,0,-126
1767174171.6832385,-7,2,-130
1767174171.6932385,-11,2,-131
1767174171.7032382,-5,4,-128
1767174171.7132382,1,5,-126
1767174171.7232382,6,1,-128
1767174171.7332382,2,0,-125
1767174171.7432382,0,0,-125
1767174171.7532382,0,0,-128
1767174171.7632382,0,-2,-122
1767174171.7732382,0,-6,-125
1767174171.7832382,1,-6,-128
1767174171.7932382,-5,-3,-136
1767174171.8032382,-9,-2,-137
1767174171.813238,-3,-1,-135
1767174171.823238,4,-4,-128
1767174171.833238,1,-3,-129
1767174171.843238,-3,-2,-130
1767174171.853238,-1,-1,-127
1767174171.863238,1,-4,-128
1767174171.873238,1,-3,-123
1767174171.883238,2,3,-125
1767174171.893238,1,5,-125
1767174171.903238,1,6,-127
1767174171.913238,6,3,-122
1767174171.923238,5,0,-122
1767174171.9332385,4,-2,-125
1767174171.9432385,6,-1,-128
1767174171.9532382,1,-4,-126
1767174171.9632382,-1,-4,-127
1767174171.9732382,-2,-6,-122
1767174171.9832382,-2,-5,-117
1767174171.9932382,-4,-7,-123
1767174172.0032382,-2,-7,-126
1767174172.0132382,4,-7,-129
1767174172.0232382,5,-7,-123
1767174172.0332382,0,-8,-123
1767174172.0432382,-2,-2,-130
1767174172.0532382,-3,-3,-132
1767174172.063238,-5,-4,-129
1767174172.073238,-5,-3,-120
1767174172.083238,0,-6,-125
1767174172.093238,-4,-5,-134
1767174172.103238,-9,-3,-128
1767174172.113238,-7,-2,-124
1767174172.123238,-9,2,-118
1767174172.133238,-9,1,-118
1767174172.143238,-7,-1,-118
1767174172.153238,-7,0,-126
1767174172.163238,-5,-3,-125
1767174172.173238,-7,-4,-122
1767174172.1832385,-3,-9,-125
1767174172.1932385,0,-12,-128
1767174172.2032382,-5,-11,-132
1767174172.2132382,-4,-7,-129
1767174172.2232382,1,-4,-122
1767174172.2332382,2,0,-119
1767174172.2432382,-1,-1,-119
1767174172.2532382,-4,0,-125
1767174172.2632382,-4,3,-122
1767174172.2732382,-3,4,-116
1767174172.2832382,-3,3,-119
1767174172.2932382,-5,1,-116
1767174172.3032382,-3,4,-115
1767174172.313238,0,2,-117
1767174172.323238,0,0,-118
1767174172.333238,-3,4,-124
1767174172.343238,-2,4,-120
1767174172.353238,-4,0,-115
1767174172.363238,3,-1,-115
1767174172.373238,1,-3,-120
1767174172.383238,0,-3,-114
1767174172.393238,0,-3,-113
1767174172.403238,-2,-6,-119
1767174172.413238,-6,-5,-115
1767174172.423238,-5,-4,-111
1767174172.4332385,0,0,-115
1767174172.4432385,3,0,-115
1767174172.4532382,6,0,-119
1767174172.4632382,1,1,-124
1767174172.4732382,-4,0,-122
1767174172.4832382,-5,0,-123
1767174172.4932382,-3,-3,-117
1767174172.5032382,-5,-4,-121
1767174172.5132382,-5,-2,-127
1767174172.5232382,-3,-1,-124
1767174172.5332382,-5,-2,-118
1767174172.554238,-5,-1,-122
1767174172.563238,-10,-2,-123
1767174172.573238,-5,-7,-123
1767174172.583238,-3,-7,-120
1767174172.593238,-2,-7,-123
1767174172.603238,0,-5,-123
1767174172.613238,7,-1,-121
1767174172.623238,4,0,-127
1767174172.633238,4,-4,-118
1767174172.643238,0,-8,-118
1767174172.653238,3,-15,-122
1767174172.663238,3,-14,-119
1767174172.673238,5,-9,-119
1767174172.6832385,5,-3,-123
1767174172.6932385,7,-6,-123
1767174172.7032382,4,-6,-123
1767174172.7132382,7,-5,-124
1767174172.7232382,5,-2,-125
1767174172.7332382,4,-2,-130
1767174172.7432382,1,-4,-129
1767174172.7532382,0,-7,-123
1767174172.7632382,-2,-9,-122
1767174172.7732382,0,-6,-119
1767174172.7832382,3,-7,-118
1767174172.7932382,2,-6,-110
1767174172.8032382,1,-3,-107
1767174172.813238,0,-4,-108
1767174172.823238,-1,-4,-109
1767174172.833238,-1,-7,-114
1767174172.843238,2,-7,-118
1767174172.853238,1,-7,-116
1767174172.863238,2,-3,-115
1767174172.873238,0,-3,-119
1767174172.883238,0,-8,-122
1767174172.893238,0,-11,-123
1767174172.903238,2,-11,-128
1767174172.913238,3,-10,-129
1767174172.923238,0,-9,-129
1767174172.9332385,0,-6,-127
1767174172.9432385,-1,-6,-123
1767174172.9532382,-2,-3,-121
1767174172.9632382,0,0,-124
1767174172.9732382,1,2,-121
1767174172.9832382,0,0,-122
1767174172.9932382,1,-4,-123
1767174173.0032382,2,-3,-126
1767174173.0132382,-6,-6,-116
1767174173.0232382,-6,-3,-111
1767174173.0332382,-1,-6,-120
1767174173.0432382,-2,-7,-120
1767174173.0532382,0,-4,-120
1767174173.063238,1,-3,-125
1767174173.073238,4,-1,-123
1767174173.083238,0,1,-126
1767174173.093238,-2,0,-116
1767174173.103238,-4,2,-115
1767174173.113238,-3,0,-116
1767174173.123238,-6,-2,-119
1767174173.133238,-6,-3,-117
1767174173.143238,-1,-3,-118
1767174173.153238,-3,-4,-124
1767174173.163238,-2,-1,-119
1767174173.173238,-4,-3,-123
1767174173.1832385,-3,-4,-124
1767174173.1932385,-3,-6,-123
1767174173.2032382,1,-7,-121
1767174173.2132382,4,-5,-124
1767174173.2232382,5,-5,-119
1767174173.2332382,6,-5,-120
1767174173.2432382,6,-5,-118
1767174173.2532382,5,-5,-120
1767174173.2632382,5,-4,-126
1767174173.2732382,7,-1,-128
1767174173.2832382,8,-1,-127
1767174173.2932382,6,-5,-120
1767174173.3032382,3,-9,-120
1767174173.313238,3,-11,-117
1767174173.323238,6,-10,-119
1767174173.333238,6,-9,-120
1767174173.343238,9,-4,-119
1767174173.353238,4,1,-117
1767174173.363238,0,0,-118
1767174173.373238,-1,-2,-118
1767174173.383238,0,-5,-122
1767174173.393238,0,-3,-128
1767174173.403238,-3,-3,-119
1767174173.413238,-5,-2,-121
1767174173.423238,-7,0,-120
1767174173.4332385,-2,-1,-119
1767174173.4432385,-3,-1,-116
1767174173.4532382,-3,-4,-116
1767174173.4632382,-5,0,-110
1767174173.4732382,-8,0,-114
1767174173.4832382,-13,0,-113
1767174173.4932382,-10,0,-112
1767174173.5032382,-7,0,-111
1767174173.5132382,-8,0,-107
1767174173.5232382,-4,-2,-106
1767174173.5332382,-2,-2,-110
1767174173.5432382,0,0,-118
1767174173.5532382,0,1,-116
1767174173.563238,0,1,-113
1767174173.573238,-4,-2,-116
1767174173.583238,-2,-7,-116
1767174173.593238,0,-8,-110
1767174173.603238,0,-7,-109
1767174173.613238,0,-6,-117
1767174173.623238,2,-6,-121
1767174173.633238,3,-4,-129
1767174173.643238,2,-1,-134
1767174173.6542382,7,2,-130
1767174173.6642382,6,0,-126
1767174173.673238,2,0,-125
1767174173.6842382,0,-3,-120
1767174173.6942382,-2,-3,-122
1767174173.7042382,0,0,-123
1767174173.7142382,0,0,-131
1767174173.7242382,0,-4,-125
1767174173.734238,-1,-4,-127
1767174173.744238,-2,-7,-123
1767174173.754238,-3,-6,-122
1767174173.764238,0,-6,-122
1767174173.774238,3,-4,-128
1767174173.784238,8,-3,-129
1767174173.794238,9,-5,-136
1767174173.804238,11,-5,-129
1767174173.814238,10,-3,-125
1767174173.824238,4,-5,-124
1767174173.834238,-1,-7,-127
1767174173.844238,0,-6,-125
1767174173.8542385,3,-8,-123
1767174173.8642385,2,-9,-124
1767174173.8742385,2,-6,-126
1767174173.8842382,-2,-4,-125
1767174173.8942382,-1,-4,-129
1767174173.9042382,-3,-5,-129
1767174173.9142382,0,-10,-128
1767174173.9242382,-1,-8,-117
1767174173.9342382,0,-5,-109
1767174173.9442382,-5,-2,-116
1767174173.9542382,-2,-4,-121
1767174173.9642382,1,-2,-126
1767174173.9742382,6,-9,-128
1767174173.984238,6,-5,-125
1767174173.994238,6,-3,-126
1767174174.004238,5,-1,-125
1767174174.014238,4,-3,-121
1767174174.024238,5,-7,-119
1767174174.034238,5,-8,-118
1767174174.044238,3,-9,-121
1767174174.054238,3,-7,-118
1767174174.064238,-1,-5,-111
1767174174.074238,-5,-6,-107
1767174174.084238,0,0,-106
1767174174.094238,-2,0,-110
1767174174.1042385,-3,0,-110
1767174174.1142385,-1,-1,-116
1767174174.1242385,1,0,-118
1767174174.1342382,2,-2,-121
1767174174.1442382,0,0,-124
1767174174.1542382,-1,0,-124
1767174174.1642382,0,2,-120
1767174174.1742382,-2,0,-122
1767174174.1842382,1,0,-122
1767174174.1942382,0,3,-124
1767174174.2042382,-1,4,-121
1767174174.2142382,0,5,-127
1767174174.2242382,-1,2,-131
1767174174.234238,-3,-1,-124
1767174174.244238,-3,-5,-131
1767174174.254238,-5,-8,-134
1767174174.264238,-5,-11,-123
1767174174.274238,-2,-9,-117
1767174174.284238,-3,-8,-116
1767174174.294238,-4,-9,-119
1767174174.304238,-2,-8,-125
1767174174.314238,1,-5,-119
1767174174.324238,0,-5,-123
1767174174.334238,-3,-6,-126
1767174174.344238,-4,-5,-125
1767174174.3542385,-5,-6,-124
1767174174.3642385,0,-6,-123
1767174174.3742385,-2,-7,-121
1767174174.3842382,-4,-9,-118
1767174174.3942382,-3,-9,-119
1767174174.4042382,-1,-12,-115
1767174174.4142382,-4,-9,-121
1767174174.4242382,-9,-10,-120
1767174174.4342382,-10,-10,-132
1767174174.4442382,-1,-9,-133
1767174174.4542382,-4,-8,-131
1767174174.4642382,-3,-6,-127
1767174174.4742382,-4,0,-127
1767174174.484238,-5,0,-126
1767174174.494238,0,1,-123
1767174174.504238,-2,-1,-129
1767174174.514238,-3,1,-124
1767174174.524238,-5,-1,-122
1767174174.534238,-3,0,-120
1767174174.544238,0,-3,-126
1767174174.554238,2,-5,-124
1767174174.564238,3,-10,-121
1767174174.574238,6,-13,-118
1767174174.584238,2,-12,-114
1767174174.594238,0,-15,-129
1767174174.6042385,0,-15,-130
1767174174.6142385,-2,-15,-131
1767174174.6242385,2,-15,-139
1767174174.6342382,0,-16,-140
1767174174.6442382,-1,-13,-134
1767174174.6542382,-3,-12,-133
1767174174.6642382,-4,-9,-130
1767174174.6742382,0,-5,-128
1767174174.6842382,1,-5,-127
1767174174.6942382,4,-3,-124
1767174174.7042382,-1,0,-118
1767174174.7142382,0,0,-113
1767174174.7242382,2,3,-114
1767174174.734238,0,2,-116
1767174174.744238,3,1,-117
1767174174.754238,3,1,-121
1767174174.764238,0,-1,-128
1767174174.774238,1,-1,-140
1767174174.784238,4,1,-136
1767174174.794238,-1,0,-139
1767174174.804238,-2,1,-139
1767174174.814238,-5,1,-140
1767174174.824238,-3,0,-130
1767174174.834238,-4,0,-127
1767174174.844238,-6,-4,-124
1767174174.8542385,-7,-5,-120
1767174174.8642385,-7,-3,-124
1767174174.8742385,-9,-4,-121
1767174174.8842382,-6,-3,-116
1767174174.8942382,-4,-3,-117
1767174174.9042382,-3,-3,-123
1767174174.9142382,-1,-3,-123
1767174174.9242382,0,-6,-132
1767174174.9342382,4,-5,-128
1767174174.9442382,1,-3,-131
1767174174.9542382,2,-4,-135
1767174174.9642382,7,-4,-130
1767174174.9742382,8,-4,-128
1767174174.984238,8,-3,-121
1767174174.994238,4,-7,-125
1767174175.004238,6,-8,-123
1767174175.014238,3,-8,-123
1767174175.024238,-3,-7,-128
1767174175.034238,-8,-5,-126
1767174175.044238,-13,-8,-119
1767174175.054238,-15,-1,-121
1767174175.064238,-16,-1,-124
1767174175.074238,-13,-4,-131
1767174175.084238,-7,-4,-128
1767174175.094238,-5,-2,-129
1767174175.1042385,0,0,-129
1767174175.1142385,0,1,-126
1767174175.1242385,-1,-1,-121
1767174175.1342382,-3,-1,-127
1767174175.1442382,-3,-3,-128
1767174175.1542382,0,-5,-128
1767174175.1642382,5,-3,-132
1767174175.1742382,5,0,-135
1767174175.1842382,1,-3,-130
1767174175.1942382,1,-2,-126
1767174175.2042382,0,-2,-119
1767174175.2142382,0,0,-116
1767174175.2242382,1,0,-118
1767174175.234238,0,1,-115
1767174175.244238,-3,-1,-111
1767174175.254238,-4,-1,-109
1767174175.264238,-7,-2,-114
1767174175.274238,-8,-4,-115
1767174175.284238,-7,-5,-119
1767174175.294238,-5,0,-120
1767174175.304238,-3,0,-118
1767174175.314238,0,0,-130
1767174175.324238,1,1,-134
1767174175.334238,0,-2,-133
1767174175.344238,0,-5,-131
1767174175.3542385,-3,-6,-124
1767174175.3642385,-1,-3,-126
1767174175.3742385,-2,1,-124
1767174175.3842382,1,0,-127
1767174175.3942382,3,-6,-131
1767174175.4042382,4,-10,-124
1767174175.4142382,-1,-5,-124
1767174175.4242382,-1,-2,-121
1767174175.4342382,0,-2,-130
1767174175.4442382,1,-4,-134
1767174175.4542382,2,-2,-135
1767174175.4642382,4,-5,-142
1767174175.4742382,2,-8,-136
1767174175.484238,0,-5,-140
1767174175.494238,3,0,-138
1767174175.504238,3,0,-134
1767174175.514238,2,-3,-138
1767174175.524238,5,-6,-134
1767174175.534238,5,-3,-129
1767174175.544238,3,-7,-129
1767174175.554238,2,-7,-124
1767174175.564238,-3,-2,-121
1767174175.574238,-3,-2,-118
1767174175.584238,-2,-1,-118
1767174175.594238,-4,0,-118
1767174175.6042385,-5,-2,-118
1767174175.6142385,-4,-2,-115
1767174175.6242385,-2,-1,-110
1767174175.6342382,-2,-1,-104
1767174175.6442382,-3,0,-106
1767174175.6542382,-1,0,-110
1767174175.6642382,-1,1,-114
1767174175.6742382,-1,1,-111
1767174175.6842382,4,0,-113
1767174175.6942382,6,-4,-114
1767174175.7042382,2,-6,-120
1767174175.7142382,4,-8,-118
1767174175.7242382,3,-5,-119
1767174175.734238,-1,-7,-122
1767174175.744238,0,-9,-122
1767174175.754238,0,-13,-129
1767174175.764238,1,-10,-128
1767174175.774238,-2,-12,-127
1767174175.784238,0,-8,-128
1767174175.794238,0,-7,-123
1767174175.804238,2,-6,-122
1767174175.814238,2,0,-122
1767174175.824238,0,2,-122
1767174175.834238,-1,0,-116
1767174175.844238,-3,-2,-118
1767174175.8542385,-5,-1,-121
1767174175.8642385,-2,-2,-125
1767174175.8742385,1,-1,-125
1767174175.8842382,0,0,-127
1767174175.8942382,-3,1,-129
1767174175.9042382,-6,0,-130
1767174175.9142382,-9,0,-126
1767174175.9242382,-4,0,-122
1767174175.9342382,-2,0,-116
1767174175.9442382,-3,-2,-123
1767174175.9542382,0,-2,-121
1767174175.9642382,0,0,-117
1767174175.9742382,-3,-1,-121
1767174175.984238,-2,-5,-119
1767174175.994238,-2,-8,-125
1767174176.004238,-1,-10,-129
1767174176.014238,-2,-8,-132
1767174176.024238,-3,-10,-133
1767174176.034238,-1,-7,-130
1767174176.044238,1,-4,-128
1767174176.054238,-1,-5,-130
1767174176.064238,1,-10,-130
1767174176.074238,-1,-6,-129
1767174176.084238,-7,-5,-129
1767174176.094238,-10,-5,-126
1767174176.1042385,-13,-4,-130
1767174176.1142385,-13,0,-124
1767174176.1242385,-15,-3,-113
1767174176.1342382,-16,-5,-116
1767174176.1442382,-15,0,-114
1767174176.1542382,-15,0,-115
1767174176.1642382,-7,2,-123
1767174176.1742382,-6,2,-122
1767174176.1842382,-7,0,-122
1767174176.1942382,-6,0,-119
1767174176.2042382,-2,0,-121
1767174176.2142382,-2,-2,-129
1767174176.2242382,-4,-3,-121
1767174176.234238,-3,-3,-123
1767174176.244238,-2,-2,-124
1767174176.254238,-2,-2,-126
1767174176.264238,-1,-3,-125
1767174176.274238,-2,-5,-125
1767174176.2852385,-2,-4,-120
1767174176.294238,-1,-4,-113
1767174176.3052382,1,0,-120
1767174176.314238,-2,-1,-117
1767174176.3252382,-2,0,-122
1767174176.3352382,1,0,-123
1767174176.3452382,1,-3,-124
1767174176.3552382,1,-5,-131
1767174176.3652382,0,-7,-130
1767174176.3752382,0,-5,-119
1767174176.3852382,3,-6,-123
1767174176.3952382,2,-6,-124
1767174176.4052382,4,-6,-129
1767174176.415238,0,-10,-131
1767174176.425238,-5,-12,-127
1767174176.435238,-6,-11,-120
1767174176.445238,-6,-11,-124
1767174176.455238,-8,-7,-120
1767174176.465238,-7,-8,-119
1767174176.475238,-5,-5,-122
1767174176.485238,-7,-5,-128
1767174176.495238,-5,-8,-126
1767174176.505238,-5,-8,-123
1767174176.515238,-2,-5,-119
1767174176.525238,-5,-3,-120
1767174176.5352385,-2,0,-121
1767174176.5452385,3,-3,-118
1767174176.5552382,2,-10,-124
1767174176.5652382,0,-7,-126
1767174176.5752382,-3,-13,-123
1767174176.5852382,-8,-9,-125
1767174176.5952382,-6,-8,-127
1767174176.6052382,-4,-2,-128
1767174176.6152382,-5,0,-127
1767174176.6252382,0,-1,-125
1767174176.6352382,0,-3,-129
1767174176.6452382,6,-5,-125
1767174176.6552382,6,-2,-117
1767174176.665238,8,-1,-120
1767174176.675238,5,0,-125
1767174176.685238,0,-1,-121
1767174176.695238,0,0,-118
1767174176.705238,0,1,-120
1767174176.715238,1,-1,-120
1767174176.725238,2,-3,-117
1767174176.735238,6,-6,-117
1767174176.745238,2,-5,-120
1767174176.755238,2,-5,-121
1767174176.765238,2,-8,-114
1767174176.775238,1,-6,-112
1767174176.7852385,4,-7,-117
1767174176.7952385,5,-8,-117
1767174176.8052382,4,-11,-119
1767174176.8152382,-1,-11,-124
1767174176.8252382,-1,-8,-120
1767174176.8352382,1,-6,-123
1767174176.8452382,1,-3,-126
1767174176.8552382,0,-2,-124
1767174176.8652382,-1,-2,-125
1767174176.8752382,0,-3,-132
1767174176.8852382,0,-4,-135
1767174176.8952382,-2,-5,-134
1767174176.9052382,0,-4,-131
1767174176.915238,0,-5,-128
1767174176.925238,2,-1,-125
1767174176.935238,1,-2,-125
1767174176.945238,0,1,-125
1767174176.955238,1,4,-121
1767174176.965238,0,-2,-120
1767174176.975238,1,-4,-121
1767174176.985238,0,-6,-125
1767174176.995238,-2,-5,-126
1767174177.005238,0,-8,-127
1767174177.015238,-3,-3,-125
1767174177.025238,-4,-2,-128
1767174177.0352385,-2,-4,-121
1767174177.0452385,3,-4,-121
1767174177.0552382,5,-5,-119
1767174177.0652382,3,-4,-120
1767174177.0752382,0,-5,-125
1767174177.0852382,4,-6,-124
1767174177.096238,3,-7,-126
1767174177.1052382,5,-8,-132
1767174177.1152382,3,-9,-130
1767174177.1252382,0,-4,-131
1767174177.1352382,0,-2,-132
1767174177.1452382,2,-2,-130
1767174177.1552382,2,-2,-127
1767174177.165238,-1,-4,-133
1767174177.175238,-1,-5,-134
1767174177.185238,3,-6,-133
1767174177.195238,8,-5,-128
1767174177.205238,6,-4,-132
1767174177.215238,2,-6,-132
1767174177.225238,2,-5,-130
1767174177.235238,4,-5,-126
1767174177.245238,7,-6,-131
1767174177.255238,2,0,-134
1767174177.265238,3,-3,-129
1767174177.275238,8,0,-125
1767174177.2852385,7,0,-122
1767174177.2952385,8,1,-126
1767174177.3052382,8,1,-126
1767174177.3152382,2,1,-118
1767174177.3252382,6,-1,-115
1767174177.3352382,6,-1,-114
1767174177.3452382,4,-1,-119
1767174177.3552382,2,-2,-119
1767174177.3652382,3,-7,-125
1767174177.3752382,2,-9,-128
1767174177.3852382,-1,-9,-125
1767174177.3952382,-1,-6,-125
1767174177.4052382,0,-4,-121
1767174177.415238,0,-4,-121
1767174177.425238,1,-2,-121
1767174177.435238,1,-1,-122
1767174177.445238,2,-1,-128
1767174177.455238,1,2,-119
1767174177.465238,0,0,-114
1767174177.475238,0,-1,-117
1767174177.485238,-1,1,-120
1767174177.495238,-1,-1,-121
1767174177.505238,-1,-1,-131
1767174177.515238,0,0,-133
1767174177.525238,0,4,-126
1767174177.5352385,0,2,-127
1767174177.5452385,3,2,-129
1767174177.567238,5,-2,-119
1767174177.5752382,1,1,-113
1767174177.5852382,0,2,-118
1767174177.5952382,0,0,-117
1767174177.6052382,0,-1,-116
1767174177.6152382,0,0,-118
1767174177.6252382,-2,-5,-123
1767174177.6352382,-4,-5,-121
1767174177.6452382,-5,-5,-122
1767174177.6552382,-9,-4,-124
1767174177.665238,-7,-3,-122
1767174177.675238,-6,-6,-122
1767174177.685238,-2,-7,-129
1767174177.695238,-7,-8,-132
1767174177.705238,-5,0,-121
1767174177.715238,-9,0,-125
1767174177.725238,-8,0,-125
1767174177.735238,-1,0,-128
1767174177.745238,0,0,-128
1767174177.755238,-1,1,-124
1767174177.765238,-3,5,-123
1767174177.775238,-5,4,-126
1767174177.7852385,-6,3,-131
1767174177.7952385,-7,-6,-131
1767174177.8052382,-4,-7,-123
1767174177.8152382,2,-9,-127
1767174177.8252382,4,-10,-124
1767174177.8352382,4,-5,-123
1767174177.8452382,5,-4,-122
1767174177.8552382,5,-3,-120
1767174177.8652382,7,-2,-124
1767174177.8752382,5,-3,-128
1767174177.8852382,1,-1,-133
1767174177.8952382,2,-3,-127
1767174177.9052382,2,-4,-124
1767174177.915238,0,-3,-118
1767174177.925238,0,-4,-121
1767174177.935238,-4,-6,-124
1767174177.945238,-8,-10,-122
1767174177.955238,-9,-5,-124
1767174177.965238,-8,-2,-128
1767174177.975238,-7,-6,-135
1767174177.985238,-8,-6,-136
1767174177.995238,-5,-5,-130
1767174178.005238,-3,-4,-123
1767174178.015238,0,-3,-127
1767174178.025238,0,-3,-126
1767174178.0352385,0,0,-125
1767174178.0452385,0,-1,-122
1767174178.0552382,1,2,-122
1767174178.0652382,2,1,-122
1767174178.0752382,0,0,-122
1767174178.0852382,0,1,-124
1767174178.0952382,-1,-1,-127
1767174178.1052382,-6,1,-129
1767174178.1152382,-6,0,-132
1767174178.1252382,0,0,-131
1767174178.1352382,1,0,-126
1767174178.1452382,-1,0,-128
1767174178.1552382,-1,0,-124
1767174178.165238,4,-2,-121
1767174178.175238,1,-4,-128
1767174178.185238,-2,-3,-126
1767174178.195238,-1,-4,-124
1767174178.205238,-2,-4,-120
1767174178.215238,-2,0,-126
1767174178.225238,-2,2,-128
1767174178.235238,-3,0,-127
1767174178.245238,-1,-1,-131
1767174178.255238,1,-6,-131
1767174178.265238,3,-5,-130
1767174178.275238,6,0,-125
1767174178.2852385,5,-1,-132
1767174178.2952385,8,0,-135
1767174178.3052382,10,-4,-136
1767174178.3152382,11,-7,-134
1767174178.3252382,8,-3,-128
1767174178.3352382,2,-4,-121
1767174178.3452382,6,-7,-122
1767174178.3552382,2,-9,-127
1767174178.3652382,2,-7,-130
1767174178.3752382,4,-10,-132
1767174178.3852382,5,-11,-134
1767174178.3952382,1,-11,-135
1767174178.4052382,-4,-7,-130
1767174178.415238,0,-7,-127
1767174178.425238,0,-6,-129
1767174178.435238,0,-8,-126
1767174178.445238,-5,-6,-129
1767174178.455238,-3,-7,-118
1767174178.465238,-1,-9,-115
1767174178.475238,0,-10,-121
1767174178.485238,2,-10,-123
1767174178.495238,4,-8,-124
1767174178.505238,4,-8,-124
1767174178.515238,3,-7,-122
1767174178.525238,3,-6,-125
1767174178.5352385,6,-4,-128
1767174178.5452385,5,-3,-129
1767174178.5552382,3,-2,-131
1767174178.5652382,3,-5,-129
1767174178.5752382,0,-5,-126
1767174178.5852382,3,-4,-132
1767174178.5952382,2,-4,-122
1767174178.6052382,3,-7,-122
1767174178.6152382,5,-4,-115
1767174178.6252382,1,-4,-120
1767174178.6352382,-1,-4,-123
1767174178.6452382,-1,-2,-127
1767174178.6552382,0,0,-134
1767174178.665238,0,3,-128
1767174178.675238,-1,4,-129
1767174178.685238,-1,1,-131
1767174178.695238,2,1,-132
1767174178.705238,6,0,-124
1767174178.715238,9,3,-118
1767174178.725238,3,0,-112
1767174178.735238,0,-2,-116
1767174178.745238,0,-3,-123
1767174178.755238,0,1,-126
1767174178.765238,0,2,-128
1767174178.775238,5,8,-125
1767174178.7852385,3,5,-130
1767174178.7952385,0,3,-129
1767174178.8052382,0,0,-127
1767174178.8152382,0,0,-129
1767174178.8252382,0,0,-132
1767174178.8352382,-1,2,-129
1767174178.8452382,-3,1,-130
1767174178.8552382,-1,-1,-125
1767174178.8652382,0,-3,-129
1767174178.8752382,1,-2,-134
1767174178.8852382,0,-3,-126
1767174178.8952382,-4,-4,-120
1767174178.9052382,-7,-3,-123
1767174178.916238,-3,-1,-122
1767174178.925238,-5,0,-119
1767174178.936238,-10,0,-118
1767174178.945238,-10,0,-124
1767174178.9562385,-8,-2,-122
1767174178.9662385,-4,-2,-123
1767174178.9762385,-8,-5,-123
1767174178.9862382,-5,0,-127
1767174178.9962382,-2,0,-128
1767174179.0062382,-1,-6,-129
1767174179.0162382,-2,-11,-138
1767174179.0262382,-4,-12,-139
1767174179.0362382,-2,-9,-134
1767174179.0462382,1,-11,-131
1767174179.0562382,0,-11,-127
1767174179.0662382,-1,-5,-124
1767174179.0762382,-3,-3,-123
1767174179.086238,-1,-5,-123
1767174179.096238,-1,-5,-130
1767174179.106238,1,-5,-135
1767174179.116238,0,0,-132
1767174179.126238,0,-1,-135
1767174179.136238,6,-3,-132
1767174179.146238,5,-4,-132
1767174179.156238,6,-7,-126
1767174179.166238,5,-9,-130
1767174179.176238,0,-11,-134
1767174179.186238,-4,-12,-136
1767174179.196238,-10,-14,-127
1767174179.2062385,-9,-13,-124
1767174179.2162385,-6,-11,-122
1767174179.2262385,-10,-5,-122
1767174179.2362382,-7,-2,-124
1767174179.2462382,-7,-4,-128
1767174179.2562382,-3,-2,-131
1767174179.2662382,2,-4,-128
1767174179.2762382,6,-4,-125
1767174179.2862382,6,-4,-128
1767174179.2962382,5,-3,-132
1767174179.3062382,4,0,-130
1767174179.3162382,1,0,-133
1767174179.3262382,1,-2,-132
1767174179.336238,-1,-4,-128
1767174179.346238,0,-3,-128
1767174179.356238,4,-6,-133
1767174179.366238,4,-1,-130
1767174179.376238,7,0,-127
1767174179.386238,0,-1,-120
1767174179.396238,-1,-4,-121
1767174179.406238,-1,-6,-117
1767174179.416238,-6,-5,-117
1767174179.426238,-4,-3,-125
1767174179.436238,-1,0,-133
1767174179.446238,0,-1,-134
1767174179.4562385,2,-2,-132
1767174179.4662385,2,-2,-136
1767174179.4762385,0,-1,-138
1767174179.4862382,0,1,-133
1767174179.4962382,-4,-1,-130
1767174179.5062382,0,-4,-119
1767174179.5162382,-3,-5,-125
1767174179.5262382,-4,-1,-123
1767174179.5362382,2,-1,-131
1767174179.5462382,-1,3,-133
1767174179.5562382,0,-1,-129
1767174179.5662382,0,-1,-124
1767174179.5762382,0,1,-130
1767174179.586238,2,1,-130
1767174179.596238,0,-2,-128
1767174179.606238,2,-3,-132
1767174179.616238,3,-4,-130
1767174179.626238,2,-4,-127
1767174179.636238,-2,-6,-130
1767174179.646238,-1,-4,-132
1767174179.656238,-6,-3,-130
1767174179.666238,-3,-7,-125
1767174179.676238,-5,-6,-126
1767174179.686238,-4,-4,-125
1767174179.696238,-5,-6,-119
1767174179.7062385,-2,-5,-113
1767174179.7162385,-5,-3,-117
1767174179.7262385,-3,-2,-116
1767174179.7362382,-1,-3,-120
1767174179.7462382,0,0,-123
1767174179.7562382,-4,0,-120
1767174179.7662382,0,-2,-118
1767174179.7762382,3,-2,-115
1767174179.7862382,7,-2,-115
1767174179.7962382,5,-5,-109
1767174179.8062382,2,0,-113
1767174179.8162382,-2,4,-110
1767174179.8262382,-5,2,-112
1767174179.836238,-4,1,-116
1767174179.846238,-6,0,-119
1767174179.856238,-8,0,-122
1767174179.866238,-4,0,-128
1767174179.876238,2,-1,-131
1767174179.886238,10,0,-134
1767174179.896238,11,4,-133
1767174179.906238,6,7,-131
1767174179.916238,1,8,-125
1767174179.926238,0,10,-123
1767174179.936238,0,10,-127
1767174179.946238,1,9,-130
1767174179.9562385,0,8,-133
1767174179.9662385,3,5,-131
1767174179.9762385,5,2,-129
1767174179.9862382,3,1,-126
1767174179.9962382,3,1,-126
1767174180.0062382,-1,-1,-127
1767174180.0162382,0,0,-126
1767174180.0262382,0,1,-128
1767174180.0362382,-2,-2,-127
1767174180.0462382,-2,-3,-128
1767174180.0562382,-4,-1,-125
1767174180.0662382,4,-1,-129
1767174180.0762382,8,-1,-128
1767174180.086238,6,-1,-126
1767174180.096238,3,1,-128
1767174180.106238,1,-1,-124
1767174180.116238,4,-4,-125
1767174180.126238,3,-3,-127
1767174180.136238,3,-9,-121
1767174180.146238,1,-9,-122
1767174180.156238,2,-11,-121
1767174180.166238,8,-12,-123
1767174180.176238,8,-7,-122
1767174180.186238,5,-2,-129
1767174180.196238,0,-4,-127
1767174180.2062385,-3,-5,-126
1767174180.2162385,-1,-5,-130
1767174180.2262385,3,-5,-129
1767174180.2362382,6,-5,-126
1767174180.2462382,2,-4,-125
1767174180.2562382,-1,-4,-124
1767174180.2662382,-1,-3,-127
1767174180.2762382,-6,-3,-126
1767174180.2862382,-6,-6,-126
1767174180.2962382,-2,-2,-119
1767174180.3062382,-2,-1,-119
1767174180.3162382,-2,-3,-122
1767174180.3262382,-6,-4,-126
1767174180.336238,-3,-1,-122
1767174180.346238,-4,-2,-123
1767174180.356238,0,-7,-128
1767174180.366238,0,-6,-119
1767174180.376238,0,-5,-118
1767174180.386238,1,-7,-114
1767174180.396238,3,-6,-117
1767174180.406238,4,-3,-119
1767174180.416238,-1,-3,-123
1767174180.426238,2,-4,-121
1767174180.436238,1,-4,-115
1767174180.446238,-3,-1,-116
1767174180.4562385,-3,-1,-115
1767174180.4662385,0,0,-122
1767174180.4762385,0,-4,-130
1767174180.4862382,5,0,-130
1767174180.4962382,4,0,-134
1767174180.5062382,3,2,-137
1767174180.5162382,-2,5,-131
1767174180.5262382,-3,2,-133
1767174180.5362382,-4,1,-129
1767174180.5462382,-2,0,-130
1767174180.5562382,2,4,-127
1767174180.5662382,6,1,-129
1767174180.5762382,3,0,-128
1767174180.586238,6,0,-130
1767174180.596238,8,0,-134
1767174180.606238,8,4,-130
1767174180.616238,8,0,-132
1767174180.626238,7,3,-135
1767174180.636238,5,3,-135
1767174180.646238,6,1,-134
1767174180.656238,1,1,-124
1767174180.666238,0,4,-125
1767174180.676238,2,4,-122
1767174180.686238,-2,5,-121
1767174180.696238,-3,5,-119
1767174180.7062385,0,2,-121
1767174180.7162385,0,0,-129
1767174180.7262385,0,3,-131
1767174180.7362382,2,0,-129
1767174180.7462382,6,-2,-130
1767174180.7562382,7,0,-123
1767174180.7662382,2,-4,-124
1767174180.7762382,4,-5,-123
1767174180.7862382,7,-5,-130
1767174180.7962382,7,-7,-129
1767174180.8062382,9,-5,-133
1767174180.8162382,8,-5,-134
1767174180.8262382,1,0,-135
1767174180.836238,1,5,-130
1767174180.846238,0,1,-135
1767174180.856238,0,0,-129
1767174180.866238,1,-1,-132
1767174180.876238,0,4,-125
1767174180.886238,-1,2,-119
1767174180.896238,0,4,-121
1767174180.906238,3,3,-125
1767174180.916238,5,0,-121
1767174180.926238,6,4,-121
1767174180.936238,4,4,-116
1767174180.946238,0,-1,-117
1767174180.9562385,-3,-5,-117
1767174180.9662385,-4,-3,-114
1767174180.9762385,-6,-6,-115
1767174180.9862382,-2,-5,-121
1767174180.9962382,0,-10,-126
1767174181.0062382,4,-8,-121
1767174181.0162382,6,-3,-134
1767174181.0262382,3,0,-131
1767174181.0362382,1,-2,-133
1767174181.0462382,-1,-4,-135
1767174181.0562382,0,3,-134
1767174181.0662382,3,0,-138
1767174181.0762382,-3,1,-134
1767174181.086238,0,0,-132
1767174181.096238,0,0,-129
1767174181.106238,4,-1,-126
1767174181.116238,6,-2,-121
1767174181.126238,3,-4,-125
1767174181.136238,-1,-3,-125
1767174181.146238,-5,-3,-130
1767174181.156238,-5,-5,-133
1767174181.166238,-5,-7,-131
1767174181.176238,-3,-7,-130
1767174181.186238,-4,-2,-130
1767174181.196238,-8,-2,-125
1767174181.2062385,-8,-1,-113
1767174181.2162385,-5,-1,-115
1767174181.2262385,0,0,-120
1767174181.2362382,1,-4,-126
1767174181.2462382,3,-5,-123
1767174181.2562382,4,-3,-119
1767174181.2662382,3,-2,-119
1767174181.2762382,2,-2,-126
1767174181.2862382,-1,-5,-134
1767174181.2962382,0,-4,-130
1767174181.3062382,0,-1,-126
1767174181.3162382,0,-4,-129
1767174181.3262382,1,-5,-130
1767174181.336238,3,-3,-121
1767174181.346238,2,-5,-121
1767174181.356238,0,-3,-121
1767174181.366238,0,0,-125
1767174181.376238,0,2,-124
1767174181.386238,1,2,-125
1767174181.3972385,-1,0,-123
1767174181.406238,-1,-1,-128
1767174181.416238,-4,-5,-127
1767174181.426238,-2,-5,-120
1767174181.436238,-3,-4,-120
1767174181.446238,-8,-8,-119
1767174181.4562385,-9,-10,-121
1767174181.4662385,-7,-6,-128
1767174181.4762385,-5,-4,-137
1767174181.4862382,-5,0,-131
1767174181.4962382,3,1,-128
1767174181.5062382,5,0,-129
1767174181.5162382,5,1,-133
1767174181.5262382,1,0,-130
1767174181.5362382,1,0,-128
1767174181.5462382,0,3,-130
1767174181.5562382,1,1,-133
1767174181.5662382,-2,0,-129
1767174181.5762382,-3,-1,-123
1767174181.586238,-2,-4,-122
1767174181.596238,-1,0,-124
1767174181.606238,1,0,-124
1767174181.617238,-1,5,-125
1767174181.627238,-2,5,-124
1767174181.6372385,0,3,-121
1767174181.6472385,0,1,-120
1767174181.6572382,3,2,-122
1767174181.6672382,4,5,-122
1767174181.6772382,1,3,-116
1767174181.6872382,-1,3,-118
1767174181.6972382,-1,6,-112
1767174181.7072382,0,6,-118
1767174181.7172382,2,3,-127
1767174181.7272382,7,0,-129
1767174181.7372382,5,0,-127
1767174181.7472382,3,4,-127
1767174181.757238,3,6,-122
1767174181.767238,1,8,-125
1767174181.777238,-1,5,-126
1767174181.787238,-4,4,-123
1767174181.797238,-2,0,-124
1767174181.807238,1,-2,-127
1767174181.817238,-3,-1,-124
1767174181.827238,-3,0,-115
1767174181.837238,-4,0,-107
1767174181.847238,-5,0,-109
1767174181.857238,-3,1,-111
1767174181.867238,-4,2,-115
1767174181.877238,-3,5,-122
1767174181.8872385,-4,3,-130
1767174181.8972385,0,1,-135
1767174181.9072382,-2,-2,-131
1767174181.9172382,-7,0,-129
1767174181.9272382,-12,0,-125
1767174181.9372382,-9,0,-120
1767174181.9472382,-5,2,-116
1767174181.9572382,-8,0,-118
1767174181.9672382,-1,0,-122
1767174181.9772382,-1,1,-123
1767174181.9872382,-4,-1,-125
1767174181.9972382,0,-7,-126
1767174182.007238,0,-7,-131
1767174182.017238,-2,-5,-124
1767174182.027238,0,-7,-125
1767174182.037238,-1,-7,-123
1767174182.047238,-1,-4,-127
1767174182.057238,-5,-4,-120
1767174182.067238,-2,-3,-118
1767174182.077238,-1,-1,-117
1767174182.087238,1,0,-119
1767174182.097238,2,3,-116
1767174182.107238,3,0,-117
1767174182.117238,1,3,-126
1767174182.127238,-1,0,-120
1767174182.1372385,0,-3,-124
1767174182.1472385,0,-6,-124
1767174182.1572382,-2,-1,-125
1767174182.1672382,-6,-3,-127
1767174182.1772382,-10,-3,-118
1767174182.1872382,-9,-1,-112
1767174182.1972382,-7,-2,-115
1767174182.2072382,-3,0,-119
1767174182.2172382,-3,1,-117
1767174182.2272382,-3,0,-118
1767174182.2372382,0,-2,-121
1767174182.2472382,-2,0,-120
1767174182.257238,-4,1,-126
1767174182.267238,-4,0,-125
1767174182.277238,-3,0,-125
1767174182.287238,0,1,-131
1767174182.297238,0,-1,-137
1767174182.307238,-1,0,-136
1767174182.317238,-5,1,-134
1767174182.327238,-3,-1,-141
1767174182.337238,-2,-1,-135
1767174182.347238,0,-2,-128
1767174182.357238,6,-3,-134
1767174182.367238,4,-1,-135
1767174182.377238,2,-2,-125
1767174182.3872385,0,-2,-126
1767174182.3972385,-1,-2,-131
1767174182.4072382,-1,-6,-129
1767174182.4172382,-5,-4,-122
1767174182.4272382,-2,-2,-127
1767174182.4372382,1,-2,-130
1767174182.4472382,1,0,-136
1767174182.4572382,3,-2,-134
1767174182.4672382,7,-2,-131
1767174182.4772382,13,-2,-127
1767174182.4872382,16,0,-128
1767174182.4972382,13,2,-129
1767174182.507238,10,5,-124
1767174182.517238,5,4,-124
1767174182.527238,2,0,-132
1767174182.537238,1,-1,-130
1767174182.547238,5,0,-131
1767174182.557238,10,0,-128
1767174182.5782382,1,0,-128
1767174182.587238,-4,-3,-123
1767174182.597238,-5,-5,-125
1767174182.607238,-3,-7,-130
1767174182.617238,-1,-4,-131
1767174182.627238,3,-1,-126
1767174182.6372385,2,-1,-123
1767174182.6472385,2,2,-120
1767174182.6572382,0,2,-127
1767174182.6672382,-8,2,-129
1767174182.6772382,-10,0,-132
1767174182.6872382,-4,0,-133
1767174182.6972382,-1,-2,-133
1767174182.7072382,0,-1,-135
1767174182.7172382,-1,-1,-133
1767174182.7272382,-1,-1,-130
1767174182.7372382,1,-3,-126
1767174182.7472382,0,-5,-127
1767174182.757238,0,-5,-130
1767174182.767238,0,-3,-126
1767174182.777238,0,-2,-122
1767174182.787238,6,1,-116
1767174182.797238,4,2,-118
1767174182.807238,3,1,-120
1767174182.817238,1,0,-125
1767174182.827238,2,-3,-128
1767174182.837238,0,-2,-132
1767174182.847238,1,-1,-132
1767174182.857238,0,0,-130
1767174182.867238,5,2,-132
1767174182.877238,1,4,-136
1767174182.8872385,-3,0,-135
1767174182.8972385,0,2,-136
1767174182.9072382,1,0,-137
1767174182.9172382,2,-2,-135
1767174182.9272382,2,0,-125
1767174182.9372382,3,-2,-126
1767174182.9472382,5,-2,-132
1767174182.9572382,2,0,-130
1767174182.9672382,-1,0,-125
1767174182.9772382,-3,0,-119
1767174182.9872382,-4,0,-117
1767174182.9972382,-6,0,-121
1767174183.007238,-5,0,-130
1767174183.017238,-2,-4,-128
1767174183.027238,-1,-7,-128
1767174183.037238,-1,-2,-133
1767174183.047238,-2,1,-128
1767174183.057238,-6,3,-126
1767174183.067238,-7,6,-118
1767174183.077238,0,8,-119
1767174183.087238,-1,8,-125
1767174183.097238,-3,7,-128
1767174183.107238,-1,1,-125
1767174183.117238,0,0,-121
1767174183.127238,0,2,-118
1767174183.1372385,-3,1,-123
1767174183.1472385,-3,3,-118
1767174183.1572382,-2,3,-118
1767174183.1672382,-1,-1,-117
1767174183.1772382,0,-4,-120
1767174183.1872382,0,-5,-118
1767174183.1972382,0,-7,-121
1767174183.2072382,0,-4,-126
1767174183.2172382,1,-4,-132
1767174183.2272382,-4,-1,-132
1767174183.2372382,0,1,-133
1767174183.2472382,6,3,-133
1767174183.257238,8,0,-130
1767174183.267238,7,0,-123
1767174183.277238,4,-4,-122
1767174183.287238,0,-9,-120
1767174183.297238,-1,-5,-124
1767174183.307238,-3,-3,-130
1767174183.317238,-2,-4,-134
1767174183.327238,0,-1,-131
1767174183.337238,-1,-5,-122
1767174183.347238,-1,-1,-118
1767174183.357238,-2,-3,-120
1767174183.367238,0,-4,-117
1767174183.377238,3,-4,-117
1767174183.3872385,0,-6,-114
1767174183.3972385,0,-8,-118
1767174183.4072382,-3,-6,-125
1767174183.4172382,0,-5,-133
1767174183.4272382,0,-1,-134
1767174183.4372382,1,2,-131
1767174183.4472382,0,3,-129
1767174183.4572382,0,3,-127
1767174183.4672382,-1,0,-133
1767174183.4772382,-2,-2,-132
1767174183.4872382,0,-4,-129
1767174183.4972382,0,-3,-127
1767174183.507238,0,-4,-131
1767174183.517238,5,-2,-128
1767174183.527238,9,-1,-126
1767174183.537238,2,-4,-123
1767174183.547238,1,-1,-121
1767174183.557238,1,0,-117
1767174183.567238,0,1,-123
1767174183.577238,-2,4,-125
1767174183.587238,-3,4,-127
1767174183.597238,-2,4,-121
1767174183.607238,2,2,-122
1767174183.617238,0,-1,-127
1767174183.627238,2,0,-132
1767174183.6372385,4,-1,-134
1767174183.6472385,4,-4,-129
1767174183.6572382,6,-3,-137
1767174183.6672382,11,0,-137
1767174183.6772382,8,0,-133
1767174183.6872382,4,0,-133
1767174183.6972382,5,1,-130
1767174183.7072382,4,2,-128
1767174183.7172382,1,0,-131
1767174183.7272382,3,-1,-132
1767174183.7372382,4,-3,-131
1767174183.7472382,0,-1,-130
1767174183.757238,1,-1,-124
1767174183.767238,1,3,-118
1767174183.777238,3,4,-115
1767174183.787238,1,3,-117
1767174183.797238,0,1,-116
1767174183.807238,0,0,-119
1767174183.817238,-1,-1,-126
1767174183.827238,2,0,-132
1767174183.837238,0,1,-133
1767174183.847238,0,2,-129
1767174183.857238,-3,0,-129
1767174183.867238,0,-3,-124
1767174183.877238,0,-4,-126
1767174183.8872385,-1,-4,-127
1767174183.8972385,-1,-3,-127
1767174183.9072382,0,-3,-132
1767174183.9172382,-2,1,-133
1767174183.9272382,2,3,-135
1767174183.9372382,2,3,-131
1767174183.9472382,6,3,-130
1767174183.9572382,7,2,-128
1767174183.9672382,2,1,-129
1767174183.9772382,3,-1,-129
1767174183.9872382,4,-3,-130
1767174183.9972382,6,-2,-129
1767174184.007238,6,-2,-127
1767174184.017238,6,-1,-123
1767174184.027238,7,-1,-125
1767174184.037238,4,1,-126
1767174184.047238,3,3,-126
1767174184.057238,-1,5,-128
1767174184.067238,-2,4,-129
1767174184.077238,0,4,-130
1767174184.087238,2,1,-125
1767174184.097238,5,1,-126
1767174184.107238,3,5,-124
1767174184.117238,3,1,-127
1767174184.127238,6,0,-129
1767174184.1372385,2,-1,-123
1767174184.1472385,1,-5,-118
1767174184.1572382,-1,-4,-120
1767174184.1672382,2,0,-120
1767174184.1772382,1,0,-125
1767174184.1872382,0,4,-122
1767174184.1972382,-1,1,-120
1767174184.2072382,-4,1,-120
1767174184.218238,-6,0,-121
1767174184.2272382,-6,7,-123
1767174184.2372382,-8,8,-122
1767174184.248238,-8,5,-123
1767174184.258238,-10,3,-122
1767174184.268238,-10,1,-122
1767174184.278238,-6,0,-113
1767174184.288238,-5,-1,-117
1767174184.298238,-1,-2,-124
1767174184.3082385,1,1,-116
1767174184.3182385,1,1,-113
1767174184.3282382,1,0,-114
1767174184.3382382,2,-1,-112
1767174184.3482382,3,0,-112
1767174184.3582382,3,4,-114
1767174184.3682382,0,4,-118
1767174184.3782382,0,3,-119
1767174184.3882382,0,3,-122
1767174184.3982382,0,0,-131
1767174184.4082382,2,-4,-125
1767174184.4182382,1,-5,-129
1767174184.4282382,0,-3,-124
1767174184.438238,5,-2,-121
1767174184.448238,5,0,-118
1767174184.458238,4,4,-114
1767174184.469238,7,3,-119
1767174184.478238,4,0,-114
1767174184.488238,3,0,-114
1767174184.498238,3,1,-125
1767174184.508238,3,2,-128
1767174184.518238,6,3,-126
1767174184.528238,11,0,-124
1767174184.538238,7,2,-125
1767174184.548238,2,4,-117
1767174184.5582385,4,-1,-117
1767174184.5682385,5,-1,-111
1767174184.5782382,3,0,-115
1767174184.5882382,1,4,-116
1767174184.5982382,6,4,-114
1767174184.6082382,3,1,-118
1767174184.6182382,0,3,-123
1767174184.6282382,1,1,-121
1767174184.6382382,-2,0,-127
1767174184.6482382,-4,-1,-130
1767174184.6582382,-2,-2,-128
1767174184.6682382,1,0,-128
1767174184.6782382,1,-1,-128
1767174184.688238,0,0,-126
1767174184.698238,1,3,-122
1767174184.708238,1,6,-126
1767174184.718238,0,7,-124
1767174184.728238,-3,3,-119
1767174184.738238,-1,5,-118
1767174184.748238,-3,3,-121
1767174184.758238,3,5,-123
1767174184.768238,4,6,-126
1767174184.778238,2,7,-125
1767174184.788238,0,4,-124
1767174184.798238,0,1,-125
1767174184.8082385,4,3,-124
1767174184.8182385,5,9,-128
1767174184.8282382,9,9,-124
1767174184.8382382,4,8,-124
1767174184.8482382,4,4,-125
1767174184.8582382,4,1,-128
1767174184.8682382,2,0,-123
1767174184.8782382,1,0,-121
1767174184.8882382,4,1,-119
1767174184.8982382,8,3,-117
1767174184.9082382,7,4,-116
1767174184.9182382,4,2,-115
1767174184.9282382,3,2,-120
1767174184.938238,6,-2,-112
1767174184.948238,4,0,-115
1767174184.958238,9,0,-127
1767174184.968238,8,0,-129
1767174184.978238,9,1,-128
1767174184.988238,9,5,-123
1767174184.998238,7,1,-123
1767174185.008238,6,2,-116
1767174185.018238,0,5,-107
1767174185.028238,1,7,-104
1767174185.038238,0,3,-109
1767174185.048238,0,5,-109
1767174185.0582385,-3,2,-113
1767174185.0682385,-3,1,-117
1767174185.0782382,-5,2,-121
1767174185.0882382,2,-1,-119
1767174185.0982382,5,0,-115
1767174185.1082382,5,0,-116
1767174185.1182382,2,0,-124
1767174185.1282382,0,2,-124
1767174185.1382382,-1,1,-125
1767174185.1482382,4,1,-123
1767174185.1582382,1,0,-120
1767174185.1682382,2,-1,-128
1767174185.1782382,2,0,-135
1767174185.188238,5,-1,-133
1767174185.198238,5,-1,-129
1767174185.208238,4,-1,-126
1767174185.218238,0,0,-125
1767174185.228238,-1,0,-121
1767174185.238238,0,2,-124
1767174185.248238,1,2,-122
1767174185.258238,3,4,-119
1767174185.268238,1,3,-112
1767174185.278238,-2,0,-114
1767174185.288238,-4,-1,-115
1767174185.298238,-1,0,-112
1767174185.3082385,0,1,-117
1767174185.3182385,0,-1,-122
1767174185.3282382,0,2,-121
1767174185.3382382,-2,4,-123
1767174185.3482382,-2,0,-123
1767174185.3582382,-1,4,-124
1767174185.3682382,1,5,-121
1767174185.3782382,3,6,-126
1767174185.3882382,6,8,-129
1767174185.3982382,2,7,-129
1767174185.4082382,-4,2,-122
1767174185.4182382,0,4,-117
1767174185.4282382,-2,1,-126
1767174185.438238,-1,0,-133
1767174185.448238,-5,1,-137
1767174185.458238,-4,1,-140
1767174185.468238,-3,0,-140
1767174185.478238,-3,0,-135
1767174185.488238,-2,0,-126
1767174185.498238,-3,0,-121
1767174185.508238,-3,-1,-124
1767174185.518238,-4,-2,-125
1767174185.528238,-2,-6,-128
1767174185.538238,-2,-6,-128
1767174185.548238,0,-2,-133
1767174185.5582385,3,-3,-130
1767174185.5682385,2,-1,-121
1767174185.5782382,0,0,-121
1767174185.5882382,4,0,-125
1767174185.5982382,5,0,-125
1767174185.6082382,7,1,-123
1767174185.6182382,7,1,-119
1767174185.6282382,8,1,-116
1767174185.6382382,7,-1,-117
1767174185.6482382,5,1,-118
1767174185.6582382,4,0,-121
1767174185.6682382,2,0,-121
1767174185.6782382,5,0,-116
1767174185.688238,2,-2,-117
1767174185.698238,-1,-2,-119
1767174185.708238,-2,-4,-120
1767174185.718238,2,-1,-122
1767174185.728238,0,0,-122
1767174185.738238,2,-6,-126
1767174185.748238,1,-4,-121
1767174185.758238,0,-2,-117
1767174185.768238,-6,-6,-118
1767174185.778238,-8,-7,-116
1767174185.788238,-2,-3,-118
1767174185.798238,0,-1,-117
1767174185.8082385,4,0,-117
1767174185.8182385,3,1,-127
1767174185.8282382,0,0,-128
1767174185.8382382,2,1,-128
1767174185.8482382,0,-3,-130
1767174185.8582382,0,-1,-125
1767174185.8682382,1,-3,-125
1767174185.8782382,1,-3,-125
1767174185.8882382,1,0,-121
1767174185.8982382,0,0,-125
1767174185.9082382,2,-2,-125
1767174185.9182382,0,0,-125
1767174185.9282382,-3,-1,-122
1767174185.938238,0,-5,-123
1767174185.948238,3,-3,-128
1767174185.958238,-1,-5,-124
1767174185.968238,-1,-1,-124
1767174185.978238,-2,2,-123
1767174185.988238,-1,-3,-124
1767174185.998238,-3,-2,-122
1767174186.008238,-5,-1,-115
1767174186.018238,-9,0,-112
1767174186.028238,-6,0,-112
1767174186.038238,0,1,-113
1767174186.048238,-3,0,-117
1767174186.0582385,-4,3,-108
1767174186.0682385,-1,1,-112
1767174186.0782382,-1,0,-115
1767174186.0882382,-1,0,-106
1767174186.0982382,0,2,-114
1767174186.1082382,-2,0,-118
1767174186.1182382,-3,1,-120
1767174186.1282382,-1,2,-118
1767174186.1382382,0,3,-117
1767174186.1482382,3,1,-118
1767174186.1582382,7,3,-113
1767174186.1682382,5,6,-119
1767174186.1782382,3,5,-127
1767174186.188238,5,4,-125
1767174186.198238,4,2,-123
1767174186.208238,3,0,-127
1767174186.218238,4,-4,-130
1767174186.228238,3,-8,-134
1767174186.238238,3,-7,-130
1767174186.248238,3,-4,-130
1767174186.258238,3,1,-127
1767174186.268238,8,-2,-127
1767174186.278238,7,-3,-117
1767174186.288238,8,-2,-113
1767174186.298238,6,-1,-116
1767174186.3082385,7,-4,-120
1767174186.3182385,3,-3,-123
1767174186.3282382,7,-4,-120
1767174186.3382382,7,-4,-119
1767174186.3482382,8,-4,-118
1767174186.3582382,8,-6,-117
1767174186.3682382,8,-5,-127
1767174186.3782382,8,-5,-131
1767174186.3882382,4,-4,-128
1767174186.3982382,4,-5,-127
1767174186.4082382,6,-4,-123
1767174186.4182382,3,-5,-123
1767174186.4282382,0,-6,-125
1767174186.438238,-2,-7,-131
1767174186.448238,-1,-7,-138
1767174186.458238,0,-7,-133
1767174186.468238,-3,-8,-133
1767174186.478238,-2,-8,-134
1767174186.488238,-2,-5,-126
1767174186.498238,-4,-5,-123
1767174186.508238,-5,-1,-118
1767174186.518238,0,-3,-121
1767174186.528238,3,-4,-122
1767174186.538238,3,-5,-121
1767174186.548238,3,-5,-122
1767174186.5582385,5,-5,-125
1767174186.5682385,3,-1,-123
1767174186.5782382,-1,1,-121
1767174186.5882382,-1,-3,-123
1767174186.5982382,-2,-4,-123
1767174186.6082382,-5,-4,-126
1767174186.6182382,-3,-4,-126
1767174186.6282382,-4,-5,-122
1767174186.6382382,-1,-3,-120
1767174186.6482382,-7,-3,-125
1767174186.6582382,-8,-4,-121
1767174186.6682382,-6,-6,-122
1767174186.6782382,-2,-3,-118
1767174186.688238,0,-6,-119
1767174186.698238,0,-9,-118
1767174186.708238,1,-6,-113
1767174186.718238,0,-6,-114
1767174186.728238,1,-1,-120
1767174186.738238,0,-1,-118
1767174186.748238,-3,-1,-118
1767174186.758238,-4,0,-122
1767174186.768238,-6,0,-114
1767174186.778238,-6,1,-109
1767174186.788238,-3,-1,-108
1767174186.798238,-1,-1,-113
1767174186.8082385,2,-2,-122
1767174186.8182385,4,-4,-119
1767174186.8282382,0,-3,-122
1767174186.8382382,-1,-2,-123
1767174186.8482382,0,-2,-121
1767174186.8582382,-3,5,-123
1767174186.869238,-4,0,-125
1767174186.8782382,-3,-2,-121
1767174186.889238,-3,-6,-121
1767174186.8982382,-3,-6,-121
1767174186.909238,-3,-8,-117
1767174186.919238,-1,-4,-117
1767174186.929238,0,-2,-112
1767174186.939238,0,0,-110
1767174186.949238,5,-1,-114
1767174186.959238,2,-2,-116
1767174186.969238,1,2,-121
1767174186.9792385,-3,-1,-119
1767174186.9892385,-8,0,-121
1767174186.9992385,-5,0,-120
1767174187.0092382,-8,-1,-115
1767174187.0192382,-8,-1,-123
1767174187.0292382,-6,0,-121
1767174187.0392382,-3,0,-125
1767174187.0492382,-3,3,-125
1767174187.0592382,-2,0,-127
1767174187.0692382,-5,-1,-119
1767174187.0792382,-3,-2,-120
1767174187.0892382,-4,0,-127
1767174187.0992382,-2,0,-123
1767174187.109238,-2,0,-123
1767174187.119238,-2,-2,-124
1767174187.129238,-5,-3,-129
1767174187.139238,-7,0,-127
1767174187.149238,-8,0,-128
1767174187.159238,-7,0,-126
1767174187.169238,-5,-1,-125
1767174187.179238,-6,0,-128
1767174187.189238,-1,-3,-133
1767174187.199238,0,-4,-139
1767174187.209238,0,-6,-137
1767174187.219238,0,-6,-133
1767174187.2292385,0,-5,-134
1767174187.2392385,-1,-3,-135
1767174187.2492385,-5,-2,-123
1767174187.2592382,-7,-4,-129
1767174187.2692382,-2,-3,-126
1767174187.2792382,-3,-1,-120
1767174187.2892382,0,-3,-120
1767174187.2992382,0,-4,-120
1767174187.3092382,0,-6,-123
1767174187.3192382,3,-5,-121
1767174187.3292382,5,1,-122
1767174187.3392382,12,-2,-121
1767174187.3492382,8,-4,-125
1767174187.359238,6,-7,-116
1767174187.369238,4,-4,-122
1767174187.379238,2,-2,-121
1767174187.389238,1,-4,-122
1767174187.399238,-1,-7,-118
1767174187.409238,-3,-1,-114
1767174187.419238,-3,-1,-121
1767174187.429238,-5,-6,-126
1767174187.439238,-6,-5,-129
1767174187.449238,-7,-3,-121
1767174187.459238,-5,-4,-122
1767174187.469238,-7,-3,-123
1767174187.4792385,-4,0,-121
1767174187.4892385,0,-1,-125
1767174187.4992385,0,0,-123
1767174187.5092382,3,2,-123
1767174187.5192382,1,0,-123
1767174187.5292382,2,0,-126
1767174187.5392382,2,0,-135
1767174187.5492382,3,2,-132
1767174187.5592382,1,2,-136
1767174187.5692382,1,4,-135
1767174187.590238,2,1,-128
1767174187.5992382,5,1,-124
1767174187.609238,3,0,-126
1767174187.619238,0,0,-128
1767174187.629238,2,0,-126
1767174187.639238,0,-1,-120
1767174187.649238,-2,-5,-123
1767174187.659238,-5,-5,-128
1767174187.669238,-3,-7,-128
1767174187.679238,-4,-6,-128
1767174187.689238,-5,-8,-128
1767174187.699238,-5,-12,-124
1767174187.709238,-3,-12,-125
1767174187.719238,-4,-10,-122
1767174187.7292385,-7,-10,-123
1767174187.7392385,-8,-8,-124
1767174187.7492385,-8,-7,-127
1767174187.7592382,-6,-9,-126
1767174187.7692382,-2,-10,-126
1767174187.7792382,-1,-8,-124
1767174187.7892382,-1,-6,-125
1767174187.7992382,-2,-7,-132
1767174187.8092382,0,-5,-132
1767174187.8192382,-4,-5,-120
1767174187.8292382,-3,0,-118
1767174187.8392382,-5,0,-122
1767174187.8492382,-7,-1,-127
1767174187.859238,-4,-1,-126
1767174187.869238,0,0,-130
1767174187.879238,1,0,-133
1767174187.889238,-2,0,-126
1767174187.899238,0,0,-123
1767174187.909238,-1,0,-122
1767174187.919238,-4,-5,-119
1767174187.929238,-1,-2,-121
1767174187.939238,-1,-5,-113
1767174187.949238,-3,-2,-107
1767174187.959238,-5,-1,-107
1767174187.969238,-6,-2,-107
1767174187.9792385,-7,-2,-112
1767174187.9892385,-1,-6,-114
1767174187.9992385,1,-7,-113
1767174188.0092382,0,-10,-120
1767174188.0192382,0,-10,-124
1767174188.0292382,0,-7,-121
1767174188.0392382,0,-6,-119
1767174188.0492382,-4,-5,-122
1767174188.0592382,-2,-1,-121
1767174188.0692382,-3,-1,-121
1767174188.0792382,-4,-4,-124
1767174188.0892382,-1,-3,-120
1767174188.0992382,-4,-2,-118
1767174188.109238,0,-1,-119
1767174188.119238,0,-2,-118
1767174188.129238,2,1,-117
1767174188.139238,3,1,-121
1767174188.149238,1,-3,-121
1767174188.159238,0,-2,-126
1767174188.169238,-3,-2,-122
1767174188.179238,0,-1,-118
1767174188.189238,0,-2,-117
1767174188.199238,1,-5,-124
1767174188.209238,5,-5,-127
1767174188.219238,0,-3,-130
1767174188.2292385,0,-4,-135
1767174188.2392385,2,-4,-138
1767174188.2492385,4,-4,-132
1767174188.2592382,9,-3,-122
1767174188.2692382,1,-2,-126
1767174188.2792382,1,0,-123
1767174188.2892382,0,0,-119
1767174188.2992382,-5,0,-118
1767174188.3092382,-11,-1,-123
1767174188.3192382,-14,-2,-120
1767174188.3292382,-10,3,-120
1767174188.3392382,-11,2,-124
1767174188.3492382,-9,2,-121
1767174188.359238,-8,-2,-116
1767174188.369238,-12,-4,-113
1767174188.379238,-8,-3,-108
1767174188.389238,-5,-1,-106
1767174188.399238,-2,0,-113
1767174188.409238,0,-1,-116
1767174188.419238,1,-3,-125
1767174188.429238,4,0,-127
1767174188.439238,0,0,-118
1767174188.449238,-4,0,-124
1767174188.459238,-3,-3,-131
1767174188.469238,-4,-5,-130
1767174188.4792385,-8,-4,-134
1767174188.4892385,-6,-5,-132
1767174188.4992385,-6,-5,-132
1767174188.5092382,-5,-4,-133
1767174188.5192382,-3,-3,-126
1767174188.5292382,-5,-3,-123
1767174188.5392382,-3,-5,-126
1767174188.5492382,0,-4,-126
1767174188.5592382,4,-1,-130
1767174188.5692382,0,-1,-127
1767174188.5792382,-2,-4,-124
1767174188.5892382,0,-6,-119
1767174188.5992382,0,-3,-119
1767174188.609238,0,-4,-125
1767174188.619238,-3,0,-124
1767174188.629238,-7,0,-125
1767174188.639238,-6,-2,-123
1767174188.649238,-8,-7,-124
1767174188.659238,-4,-9,-121
1767174188.669238,-5,-4,-122
1767174188.679238,-5,-6,-125
1767174188.689238,-2,-4,-123
1767174188.699238,0,-2,-124
1767174188.709238,1,-2,-121
1767174188.719238,0,1,-120
1767174188.7292385,3,3,-117
1767174188.7392385,6,-2,-119
1767174188.7492385,3,-5,-122
1767174188.7592382,0,-3,-119
1767174188.7702382,1,-6,-118
1767174188.7792382,1,-7,-114
1767174188.7892382,3,-7,-112
1767174188.7992382,4,-6,-118
1767174188.8092382,3,-5,-122
1767174188.8192382,3,-4,-126
1767174188.8292382,1,-3,-124
1767174188.8392382,-6,-2,-119
1767174188.8492382,-3,-6,-123
1767174188.859238,-6,-7,-120
1767174188.869238,-3,-8,-124
1767174188.879238,-1,-7,-124
1767174188.889238,0,-5,-122
1767174188.899238,1,-1,-127
1767174188.909238,0,0,-124
1767174188.919238,-2,0,-126
1767174188.929238,-2,0,-126
1767174188.939238,-2,6,-124
1767174188.949238,-1,5,-125
1767174188.959238,-2,4,-125
1767174188.969238,-4,4,-122
1767174188.9792385,-2,-1,-126
1767174188.9892385,-3,0,-126
1767174188.9992385,-3,-3,-122
1767174189.0092382,-7,-1,-121
1767174189.0192382,-6,0,-116
1767174189.0292382,-4,3,-119
1767174189.0392382,-6,1,-116
1767174189.0492382,-1,3,-120
1767174189.0592382,0,-2,-118
1767174189.0692382,3,-3,-123
1767174189.0792382,3,-1,-124
1767174189.0892382,2,-1,-125
1767174189.0992382,-1,-2,-126
1767174189.109238,1,-3,-127
1767174189.119238,0,-4,-124
1767174189.129238,5,-3,-125
1767174189.139238,6,-2,-129
1767174189.149238,3,-1,-124
1767174189.159238,1,0,-124
1767174189.169238,1,-1,-123
1767174189.179238,1,0,-123
1767174189.189238,2,-1,-128
1767174189.199238,4,-1,-133
1767174189.209238,4,0,-130
1767174189.219238,7,-3,-126
1767174189.2292385,6,-7,-119
1767174189.2392385,6,-7,-120
1767174189.2492385,7,-6,-121
1767174189.2592382,5,-2,-119
1767174189.2692382,10,-3,-123
1767174189.2792382,5,-5,-123
1767174189.2892382,4,-3,-122
1767174189.2992382,6,-1,-129
1767174189.3092382,4,0,-130
1767174189.3192382,0,0,-124
1767174189.3292382,0,-1,-126
1767174189.3392382,1,-2,-127
1767174189.3492382,2,-1,-119
1767174189.359238,-2,-2,-123
1767174189.369238,-7,-2,-129
1767174189.379238,-4,2,-132
1767174189.389238,0,12,-127
1767174189.399238,-1,8,-121
1767174189.409238,-4,4,-120
1767174189.419238,0,3,-114
1767174189.429238,-1,2,-114
1767174189.439238,-1,2,-115
1767174189.449238,-1,1,-112
1767174189.459238,0,-1,-111
1767174189.469238,5,-1,-108
1767174189.4792385,0,1,-107
1767174189.4892385,4,-1,-110
1767174189.4992385,6,-3,-112
1767174189.5092382,3,-3,-118
1767174189.5192382,0,-1,-119
1767174189.5302382,0,-1,-121
1767174189.5392382,0,-1,-113
1767174189.550238,-1,-4,-125
1767174189.560238,0,-6,-123
1767174189.570238,-4,-8,-124
1767174189.580238,-5,-9,-120
1767174189.5892382,-4,-8,-121
1767174189.600238,-3,-4,-123
1767174189.610238,-3,-2,-121
1767174189.620238,-2,-3,-124
1767174189.630238,-2,-4,-126
1767174189.640238,-6,-1,-122
1767174189.650238,-4,0,-119
1767174189.6602385,-5,0,-127
1767174189.6702385,-3,1,-124
1767174189.6802382,-2,1,-119
1767174189.6902382,2,0,-125
1767174189.7002382,2,1,-126
1767174189.7102382,1,3,-135
1767174189.7202382,-2,3,-139
1767174189.7302382,-3,1,-132
1767174189.7402382,-1,2,-124
1767174189.7502382,-1,1,-127
1767174189.7602382,-2,2,-122
1767174189.7702382,0,0,-124
1767174189.7802382,0,0,-127
1767174189.790238,-1,1,-122
1767174189.800238,0,1,-123
1767174189.810238,4,0,-120
1767174189.820238,5,0,-118
1767174189.830238,3,0,-118
1767174189.840238,1,0,-116
1767174189.850238,0,-1,-121
1767174189.860238,-1,0,-125
1767174189.870238,1,0,-120
1767174189.880238,3,-1,-114
1767174189.890238,3,-5,-114
1767174189.900238,3,-2,-112
1767174189.9102385,2,-2,-120
1767174189.9202385,0,-5,-124
1767174189.9302382,2,-1,-124
1767174189.9402382,3,-1,-126
1767174189.9502382,1,-3,-124
1767174189.9602382,0,-5,-125
1767174189.9702382,1,-8,-127
1767174189.9802382,0,-8,-132
1767174189.9902382,2,-9,-128
1767174190.0002382,1,-5,-130
1767174190.0102382,3,-5,-123
1767174190.0202382,1,-4,-129
1767174190.0302382,5,-6,-132
1767174190.040238,7,-8,-138
1767174190.050238,9,-7,-139
1767174190.060238,6,-4,-135
1767174190.070238,7,-3,-135
1767174190.080238,7,-1,-129
1767174190.090238,4,0,-129
1767174190.100238,-2,2,-124
1767174190.110238,0,6,-121
1767174190.120238,0,0,-117
1767174190.130238,-4,-7,-113
1767174190.140238,-3,-10,-117
1767174190.150238,-2,-10,-120
1767174190.1602385,-5,-6,-111
1767174190.1702385,-4,-5,-117
1767174190.1802382,-3,-8,-123
1767174190.1902382,0,-9,-127
1767174190.2002382,3,-4,-131
1767174190.2102382,0,-3,-128
1767174190.2202382,2,-1,-130
1767174190.2302382,2,-1,-130
1767174190.2402382,2,-2,-129
1767174190.2502382,2,-4,-135
1767174190.2602382,0,-10,-123
1767174190.2702382,-1,-7,-125
1767174190.2802382,0,-7,-121
1767174190.290238,3,-1,-122
1767174190.300238,2,-3,-121
1767174190.310238,0,-2,-124
1767174190.320238,1,-4,-121
1767174190.330238,2,-3,-119
1767174190.340238,-3,0,-123
1767174190.350238,-1,0,-116
1767174190.360238,-2,0,-116
1767174190.370238,-2,3,-119
1767174190.380238,-1,4,-119
1767174190.390238,-3,5,-123
1767174190.400238,-4,4,-126
1767174190.4102385,-3,7,-126
1767174190.4202385,-2,8,-121
1767174190.4302382,-2,6,-121
1767174190.4402382,-2,8,-118
1767174190.4502382,1,2,-123
1767174190.4602382,1,2,-126
1767174190.4702382,7,-2,-125
1767174190.4802382,6,-6,-125
1767174190.4902382,0,-7,-123
1767174190.5002382,-3,-4,-124
1767174190.5102382,-4,0,-125
1767174190.5202382,-4,-2,-124
1767174190.5302382,0,0,-125
1767174190.540238,0,0,-123
1767174190.550238,-7,0,-124
1767174190.560238,-7,-7,-126
1767174190.570238,-7,-10,-135
1767174190.580238,-6,-5,-139
1767174190.590238,-6,-6,-138
1767174190.600238,-3,-4,-135
1767174190.610238,-4,0,-132
1767174190.620238,0,0,-135
1767174190.630238,0,-2,-132
1767174190.640238,-3,0,-131
1767174190.650238,2,-4,-129
1767174190.6602385,6,0,-125
1767174190.6702385,9,-2,-119
1767174190.6802382,2,-1,-122
1767174190.6902382,2,0,-128
1767174190.7002382,10,1,-129
1767174190.7102382,6,2,-126
1767174190.7202382,4,0,-114
1767174190.7302382,6,0,-117
1767174190.7402382,1,-5,-121
1767174190.7502382,3,-6,-122
1767174190.7602382,0,-2,-121
1767174190.7702382,0,-5,-111
1767174190.7802382,0,-8,-108
1767174190.790238,0,-5,-117
1767174190.800238,1,-7,-116
1767174190.810238,3,-4,-116
1767174190.820238,7,-3,-120
1767174190.830238,5,-3,-119
1767174190.840238,6,-4,-121
1767174190.850238,4,-3,-120
1767174190.860238,1,-2,-112
1767174190.870238,0,1,-114
1767174190.880238,-4,3,-116
1767174190.890238,-2,5,-119
1767174190.900238,2,9,-124
1767174190.9102385,2,4,-126
1767174190.9202385,4,0,-130
1767174190.9302382,1,-1,-132
1767174190.9402382,0,0,-129
1767174190.9502382,4,1,-132
1767174190.9602382,8,3,-136
1767174190.9702382,9,3,-134
1767174190.9802382,9,0,-127
1767174190.9902382,8,-1,-128
1767174191.0002382,6,1,-127
1767174191.0102382,8,0,-125
1767174191.0202382,4,-2,-124
1767174191.0302382,6,-3,-121
1767174191.040238,8,-2,-118
1767174191.050238,6,-1,-123
1767174191.060238,6,0,-124
1767174191.070238,3,0,-118
1767174191.080238,0,-4,-124
1767174191.090238,-8,-1,-122
1767174191.100238,-9,2,-120
1767174191.110238,-7,0,-119
1767174191.120238,-8,0,-118
1767174191.130238,-6,0,-133
1767174191.140238,-4,1,-125
1767174191.150238,0,3,-123
1767174191.1602385,1,1,-131
1767174191.1702385,2,0,-130
1767174191.1802382,0,-2,-127
1767174191.1902382,1,0,-120
1767174191.2002382,0,0,-123
1767174191.2102382,2,-2,-124
1767174191.2202382,0,-6,-126
1767174191.2302382,-1,-1,-125
1767174191.2402382,0,0,-129
1767174191.2502382,3,0,-127
1767174191.2602382,4,0,-128
1767174191.2702382,4,2,-131
1767174191.2802382,2,2,-125
1767174191.290238,0,2,-123
1767174191.300238,1,3,-131
1767174191.310238,0,2,-128
1767174191.320238,0,4,-133
1767174191.330238,0,0,-133
1767174191.340238,0,-2,-129
1767174191.350238,-4,-1,-128
1767174191.360238,-3,-3,-126
1767174191.370238,1,-9,-124
1767174191.380238,1,-10,-127
1767174191.390238,2,-9,-131
1767174191.400238,3,-9,-126
1767174191.4102385,4,-1,-126
1767174191.4202385,-2,2,-126
1767174191.4302382,-4,4,-123
1767174191.4402382,-11,4,-121
1767174191.4502382,-11,4,-117
1767174191.4602382,-7,1,-119
1767174191.4702382,-2,0,-123
1767174191.4802382,0,-4,-126
1767174191.4902382,0,-8,-123
1767174191.5002382,5,-7,-119
1767174191.5102382,4,-6,-115
1767174191.5202382,3,-7,-110
1767174191.5302382,2,-4,-116
1767174191.540238,2,-2,-110
1767174191.550238,4,-1,-118
1767174191.560238,4,3,-124
1767174191.570238,4,4,-123
1767174191.580238,2,6,-122
1767174191.590238,0,2,-126
1767174191.600238,2,0,-122
1767174191.610238,4,-1,-127
1767174191.620238,2,0,-123
1767174191.630238,3,-4,-125
1767174191.640238,-1,0,-133
1767174191.650238,0,-1,-133
1767174191.6602385,1,-2,-128
1767174191.6702385,-1,-2,-129
1767174191.6802382,0,-6,-128
1767174191.6902382,0,-8,-130
1767174191.7002382,0,-8,-127
1767174191.7102382,-1,-5,-129
1767174191.7202382,-2,-7,-128
1767174191.7302382,-1,0,-129
1767174191.7402382,-3,0,-133
1767174191.7502382,-5,-5,-130
1767174191.7602382,-1,-3,-133
1767174191.7702382,-3,-2,-132
1767174191.7802382,-3,-1,-132
1767174191.790238,-3,-3,-134
1767174191.800238,0,-7,-133
1767174191.810238,-3,-8,-127
1767174191.820238,-2,-6,-117
1767174191.830238,-5,-6,-122
1767174191.840238,-4,-1,-125
1767174191.850238,-6,0,-123
1767174191.860238,-5,-1,-124
1767174191.870238,-6,-3,-123
1767174191.880238,-5,-2,-119
1767174191.890238,0,-1,-121
1767174191.900238,0,0,-121
1767174191.9102385,-5,1,-125
1767174191.9202385,-6,1,-128
1767174191.9302382,-7,2,-128
1767174191.9402382,-6,0,-125
1767174191.9502382,-6,-2,-125
1767174191.9602382,-6,-2,-121
1767174191.9702382,-5,-4,-116
1767174191.9802382,-8,-5,-111
1767174191.9902382,-7,0,-107
1767174192.0002382,-4,0,-105
1767174192.0102382,-1,0,-113
1767174192.0202382,0,0,-117
1767174192.0302382,-5,-6,-123
1767174192.040238,-3,-3,-124
1767174192.050238,-5,-3,-126
1767174192.060238,-5,-2,-130
1767174192.070238,-5,-2,-134
1767174192.080238,-2,2,-136
1767174192.090238,-1,6,-139
1767174192.100238,-6,6,-142
1767174192.110238,-6,2,-141
1767174192.120238,-4,0,-132
1767174192.130238,-5,2,-127
1767174192.140238,-4,1,-133
1767174192.150238,-3,-1,-135
1767174192.1602385,-4,-3,-129
1767174192.1712382,0,-4,-126
1767174192.1802382,2,-2,-122
1767174192.1912382,0,-1,-123
1767174192.2012382,-4,2,-117
1767174192.211238,-7,0,-119
1767174192.221238,-5,-1,-124
1767174192.231238,-3,-2,-125
1767174192.241238,1,-3,-122
1767174192.251238,0,0,-126
1767174192.261238,-1,0,-127
1767174192.271238,-2,1,-128
1767174192.281238,0,1,-116
1767174192.291238,0,3,-113
1767174192.301238,3,7,-112
1767174192.311238,2,6,-120
1767174192.321238,0,8,-127
1767174192.3312385,-3,5,-130
1767174192.3412385,-3,0,-126
1767174192.3512385,-1,0,-126
1767174192.3612382,0,-4,-122
1767174192.3712382,-3,-4,-122
1767174192.3812382,-7,-2,-120
1767174192.3912382,-9,-6,-119
1767174192.4012382,-7,-3,-119
1767174192.4112382,-6,-4,-116
1767174192.4212382,-2,-1,-119
1767174192.4312382,-3,0,-121
1767174192.4412382,-5,1,-130
1767174192.4512382,-2,-2,-126
1767174192.461238,-2,-3,-133
1767174192.471238,-4,-3,-131
1767174192.481238,1,-1,-126
1767174192.491238,3,-5,-122
1767174192.501238,2,-8,-118
1767174192.511238,2,-11,-124
1767174192.521238,0,-11,-120
1767174192.531238,3,-10,-122
1767174192.541238,8,-10,-130
1767174192.551238,8,-9,-132
1767174192.561238,8,-5,-126
1767174192.571238,3,-5,-127
1767174192.5812385,5,-4,-132
1767174192.6022382,4,-3,-124
1767174192.6112382,0,0,-126
1767174192.6212382,-5,-1,-122
1767174192.6312382,-4,-3,-124
1767174192.6412382,-6,-1,-117
1767174192.6512382,-5,0,-118
1767174192.6612382,-6,-1,-117
1767174192.6712382,-8,0,-119
1767174192.6812382,-6,-1,-127
1767174192.6912382,-5,1,-126
1767174192.7012382,-4,-2,-127
1767174192.711238,-1,-5,-124
1767174192.721238,0,-6,-123
1767174192.731238,-1,-3,-124
1767174192.741238,2,-3,-124
1767174192.751238,0,-1,-124
1767174192.761238,-1,-3,-125
1767174192.771238,1,-3,-126
1767174192.781238,0,-3,-125
1767174192.791238,0,0,-120
1767174192.801238,0,-3,-124
1767174192.811238,0,-3,-121
1767174192.821238,1,-5,-128
1767174192.8312385,1,-3,-128
1767174192.8412385,1,0,-130
1767174192.8512385,-1,0,-125
1767174192.8612382,0,-2,-130
1767174192.8712382,0,-2,-132
1767174192.8812382,-1,-6,-130
1767174192.8912382,-4,-2,-123
1767174192.9012382,0,-2,-128
1767174192.9112382,2,-3,-126
1767174192.9212382,4,0,-128
1767174192.9312382,6,0,-129
1767174192.9412382,3,-5,-128
1767174192.9512382,5,-3,-130
1767174192.961238,5,-1,-124
1767174192.971238,6,0,-131
1767174192.981238,8,-3,-129
1767174192.991238,8,-1,-127
1767174193.001238,6,1,-125
1767174193.011238,7,3,-123
1767174193.021238,5,-1,-120
1767174193.031238,1,-1,-115
1767174193.041238,2,2,-114
1767174193.051238,3,-3,-116
1767174193.061238,5,-4,-122
1767174193.071238,5,-4,-123
1767174193.0812385,2,-3,-119
1767174193.0912385,0,2,-114
1767174193.1012385,0,2,-117
1767174193.1112382,-1,0,-116
1767174193.1212382,-4,0,-119
1767174193.1312382,0,1,-116
1767174193.1412382,0,1,-116
1767174193.1512382,-1,-1,-119
1767174193.1612382,-5,0,-119
1767174193.1712382,-7,-4,-121
1767174193.1812382,-9,-2,-123
1767174193.1912382,-2,1,-127
1767174193.2012382,-2,2,-132
1767174193.211238,3,-1,-131
1767174193.221238,4,3,-127
1767174193.231238,2,3,-125
1767174193.241238,4,3,-121
1767174193.251238,3,2,-128
1767174193.261238,5,0,-134
1767174193.271238,3,-1,-133
1767174193.281238,4,0,-128
1767174193.291238,5,5,-124
1767174193.301238,3,4,-121
1767174193.311238,2,-2,-118
1767174193.321238,1,-2,-121
1767174193.3312385,0,0,-121
1767174193.3412385,-1,0,-127
1767174193.3512385,0,1,-127
1767174193.3612382,0,3,-125
1767174193.3712382,-2,0,-125
1767174193.3812382,-1,-2,-123
1767174193.3912382,-4,1,-124
1767174193.4012382,-4,0,-124
1767174193.4112382,-8,0,-123
1767174193.4212382,-5,4,-118
1767174193.4312382,-2,2,-116
1767174193.4412382,-3,-1,-117
1767174193.4512382,-6,-3,-123
1767174193.461238,-3,-2,-121
1767174193.471238,-2,-1,-118
1767174193.481238,-5,-4,-119
1767174193.491238,-3,-4,-116
1767174193.501238,1,-3,-120
1767174193.511238,0,0,-125
1767174193.521238,3,0,-129
1767174193.531238,10,-3,-131
1767174193.541238,9,-2,-127
1767174193.551238,6,-5,-131
1767174193.561238,6,-6,-136
1767174193.571238,3,-6,-130
1767174193.5812385,3,-7,-125
1767174193.5912385,1,-3,-127
1767174193.6012385,2,-2,-131
1767174193.6112382,0,-2,-139
1767174193.6212382,0,-2,-137
1767174193.6312382,-2,-2,-139
1767174193.6412382,0,0,-134
1767174193.6512382,3,1,-134
1767174193.6612382,4,3,-130
1767174193.6712382,7,3,-124
1767174193.6812382,8,1,-121
1767174193.6912382,4,1,-119
1767174193.7012382,2,0,-117
1767174193.711238,2,-1,-114
1767174193.721238,9,-1,-122
1767174193.731238,5,-5,-122
1767174193.741238,5,-1,-121
1767174193.751238,0,-1,-123
1767174193.761238,0,-3,-123
1767174193.771238,0,-2,-120
1767174193.781238,0,-3,-114
1767174193.791238,-2,-1,-119
1767174193.801238,0,-2,-122
1767174193.811238,-2,-4,-128
1767174193.821238,-1,-3,-128
1767174193.8312385,-3,-2,-129
1767174193.8412385,-6,-8,-128
1767174193.8512385,-6,-6,-135
1767174193.8612382,-1,-2,-133
1767174193.8712382,-5,-4,-131
1767174193.8812382,-7,-5,-134
1767174193.8912382,-6,-7,-132
1767174193.9012382,-6,-3,-130
1767174193.9112382,-9,-3,-130
1767174193.9212382,-7,0,-128
1767174193.9312382,-5,0,-121
1767174193.9412382,-4,2,-119
1767174193.9512382,-7,-4,-117
1767174193.961238,-8,-3,-117
1767174193.971238,-6,0,-116
1767174193.981238,-5,-4,-116
1767174193.991238,-4,0,-113
1767174194.001238,-3,2,-112
1767174194.011238,0,2,-117
1767174194.021238,1,0,-119
1767174194.031238,0,2,-116
1767174194.041238,1,1,-119
1767174194.051238,1,2,-119
1767174194.061238,-3,2,-122
1767174194.071238,-7,3,-120
1767174194.0812385,-4,2,-123
1767174194.0912385,-1,5,-127
1767174194.1012385,-1,4,-129
1767174194.1112382,-3,2,-128
1767174194.1212382,0,1,-127
1767174194.1312382,3,2,-129
1767174194.1412382,3,0,-127
1767174194.1512382,1,0,-124
1767174194.1612382,2,-3,-126
1767174194.1712382,1,-4,-121
1767174194.1812382,-2,-2,-119
1767174194.1912382,-5,-2,-117
1767174194.2012382,-7,2,-119
1767174194.211238,-3,1,-125
1767174194.221238,-6,1,-124
1767174194.231238,-4,3,-126
1767174194.241238,0,1,-130
1767174194.251238,3,4,-132
1767174194.261238,2,2,-135
1767174194.271238,5,1,-136
1767174194.281238,5,2,-136
1767174194.291238,4,2,-133
1767174194.301238,3,2,-137
1767174194.311238,0,0,-138
1767174194.321238,0,5,-135
1767174194.3312385,-3,3,-136
1767174194.3412385,-6,-5,-129
1767174194.3512385,-5,-1,-133
1767174194.3612382,-2,-3,-136
1767174194.3712382,-4,0,-136
1767174194.3812382,-4,-2,-131
1767174194.3912382,-1,-2,-128
1767174194.4012382,-2,0,-131
1767174194.4112382,1,2,-126
1767174194.4212382,1,7,-123
1767174194.4312382,-1,9,-119
1767174194.4412382,3,6,-121
1767174194.4512382,3,1,-115
1767174194.461238,3,5,-117
1767174194.471238,3,1,-120
1767174194.481238,3,-3,-119
1767174194.491238,2,-3,-118
1767174194.501238,6,-3,-113
1767174194.511238,0,-3,-111
1767174194.521238,-5,-6,-118
1767174194.531238,-6,-9,-111
1767174194.541238,-6,-6,-118
1767174194.551238,0,-7,-117
1767174194.561238,-5,-7,-117
1767174194.571238,-5,-2,-117
1767174194.5812385,-5,-3,-123
1767174194.5912385,-7,0,-120
1767174194.6012385,-7,-3,-118
1767174194.6112382,-4,0,-126
1767174194.6212382,-3,-1,-121
1767174194.6312382,-4,-3,-124
1767174194.6412382,-2,-2,-116
1767174194.6512382,-1,0,-116
1767174194.6612382,1,3,-116
1767174194.6712382,2,0,-115
1767174194.6812382,4,1,-113
1767174194.6912382,3,3,-115
1767174194.7012382,1,1,-117
1767174194.711238,-1,0,-118
1767174194.721238,-3,1,-117
1767174194.731238,-8,-3,-115
1767174194.741238,-6,-3,-117
1767174194.751238,-2,0,-121
1767174194.761238,-1,-2,-126
1767174194.771238,2,-7,-126
1767174194.781238,2,-10,-127
1767174194.791238,5,-9,-129
1767174194.801238,0,-8,-129
1767174194.811238,1,-6,-126
1767174194.821238,2,-8,-123
1767174194.8322382,-3,-3,-122
1767174194.8422382,-6,-2,-129
1767174194.8522382,-2,-2,-131
1767174194.8622382,3,-3,-134
1767174194.8722382,5,-2,-129
1767174194.882238,2,-3,-128
1767174194.892238,-1,-3,-131
1767174194.902238,-6,0,-131
1767174194.912238,-8,0,-136
1767174194.922238,-8,3,-135
1767174194.932238,0,0,-136
1767174194.942238,0,-1,-133
1767174194.952238,4,1,-131
1767174194.962238,2,-3,-128
1767174194.972238,0,-1,-121
1767174194.982238,-5,-4,-127
1767174194.992238,-6,0,-127
1767174195.002238,-4,-3,-126
1767174195.0122385,-4,-1,-129
1767174195.0222385,-4,0,-127
1767174195.0322382,-1,-5,-127
1767174195.0422382,-3,0,-125
1767174195.0522382,0,0,-125
1767174195.0622382,3,-1,-120
1767174195.0722382,1,-1,-106
1767174195.0822382,-2,1,-101
1767174195.0922382,-2,-3,-96
1767174195.1022382,-2,-5,-108
1767174195.1122382,0,-5,-116
1767174195.1222382,1,-8,-115
1767174195.132238,0,-11,-111
1767174195.142238,0,-14,-113
1767174195.152238,-2,-11,-118
1767174195.162238,1,-13,-121
1767174195.172238,0,-6,-123
1767174195.182238,-3,-4,-121
1767174195.192238,-2,-5,-119
1767174195.202238,2,-3,-117
1767174195.212238,3,-5,-119
1767174195.222238,6,-6,-126
1767174195.232238,6,0,-131
1767174195.242238,6,1,-129
1767174195.252238,1,0,-125
1767174195.2622385,-2,1,-124
1767174195.2722385,-4,0,-130
1767174195.2822382,-9,1,-127
1767174195.2922382,-10,0,-125
1767174195.3022382,-11,-1,-125
1767174195.3122382,-8,0,-132
1767174195.3222382,-7,2,-130
1767174195.3322382,-6,6,-126
1767174195.3422382,-5,1,-122
1767174195.3522382,-3,-2,-116
1767174195.3622382,0,1,-120
1767174195.3722382,0,1,-117
1767174195.382238,-1,0,-120
1767174195.392238,-3,0,-123
1767174195.402238,-7,-1,-120
1767174195.412238,-2,-1,-125
1767174195.422238,0,-2,-127
1767174195.432238,0,1,-119
1767174195.442238,3,0,-119
1767174195.452238,3,-1,-125
1767174195.462238,2,1,-131
1767174195.472238,4,0,-131
1767174195.482238,1,-1,-128
1767174195.492238,3,-1,-124
1767174195.502238,5,-2,-118
1767174195.5122385,4,-4,-125
1767174195.5222385,4,0,-127
1767174195.5322382,0,1,-124
1767174195.5422382,-1,-1,-126
1767174195.5522382,-2,-4,-126
1767174195.5622382,0,-3,-128
1767174195.5722382,0,-4,-125
1767174195.5822382,3,-2,-121
1767174195.5922382,5,0,-117
1767174195.6022382,2,1,-125
1767174195.6122382,0,1,-126
1767174195.6222382,-3,-1,-124
1767174195.632238,-2,1,-113
1767174195.642238,1,-1,-110
1767174195.652238,1,-1,-110
1767174195.662238,0,0,-111
1767174195.672238,0,-1,-117
1767174195.682238,7,0,-124
1767174195.692238,2,0,-127
1767174195.702238,-1,3,-124
1767174195.712238,-1,1,-124
1767174195.722238,0,0,-125
1767174195.732238,1,-2,-122
1767174195.742238,-1,-5,-120
1767174195.752238,-2,-2,-120
1767174195.7622385,-4,-2,-124
1767174195.7722385,-4,-1,-129
1767174195.7822382,-2,-1,-122
1767174195.7922382,-2,0,-117
1767174195.8022382,-4,-1,-122
1767174195.8122382,-3,-1,-121
1767174195.8222382,-4,0,-123
1767174195.8322382,-4,2,-122
1767174195.8422382,0,0,-119
1767174195.8522382,-1,0,-125
1767174195.8622382,0,-1,-129
1767174195.8722382,0,1,-132
1767174195.882238,0,-2,-135
1767174195.892238,4,-6,-130
1767174195.902238,2,-6,-129
1767174195.912238,0,-7,-123
1767174195.922238,2,-1,-123
1767174195.932238,0,2,-124
1767174195.942238,3,-3,-117
1767174195.952238,0,1,-115
1767174195.962238,5,0,-118
1767174195.972238,0,-6,-120
1767174195.982238,-1,-8,-120
1767174195.992238,-3,-6,-130
1767174196.002238,-6,-2,-133
1767174196.0122385,-2,0,-135
1767174196.0222385,0,-1,-140
1767174196.0322382,-3,0,-140
1767174196.0422382,-2,-2,-135
1767174196.0522382,0,-5,-135
1767174196.0622382,2,-4,-135
1767174196.0722382,5,-1,-135
1767174196.0822382,2,-1,-127
1767174196.0922382,-1,-3,-117
1767174196.1022382,-2,-2,-125
1767174196.1122382,3,-5,-128
1767174196.1222382,5,-8,-125
1767174196.132238,3,-1,-121
1767174196.142238,7,-2,-117
1767174196.152238,5,0,-119
1767174196.162238,8,-1,-122
1767174196.172238,5,0,-117
1767174196.182238,2,2,-117
1767174196.192238,0,9,-121
1767174196.202238,0,8,-126
1767174196.212238,1,3,-122
1767174196.222238,-1,2,-128
1767174196.232238,-6,0,-127
1767174196.242238,-4,0,-129
1767174196.252238,-2,0,-126
1767174196.2622385,0,-2,-114
1767174196.2722385,2,-1,-117
1767174196.2822382,0,-2,-126
1767174196.2922382,-2,-5,-130
1767174196.3022382,2,-8,-128
1767174196.3122382,8,-11,-129
1767174196.3222382,8,-9,-128
1767174196.3322382,4,-8,-132
1767174196.3422382,2,-5,-137
1767174196.3522382,6,-5,-134
1767174196.3622382,6,-2,-130
1767174196.3722382,0,1,-126
1767174196.382238,6,-2,-128
1767174196.392238,4,-6,-132
1767174196.402238,3,-4,-130
1767174196.412238,1,-2,-130
1767174196.422238,-1,-5,-135
1767174196.432238,-7,-1,-131
1767174196.442238,-5,0,-136
1767174196.452238,-5,2,-137
1767174196.462238,-8,-2,-142
1767174196.472238,-3,1,-144
1767174196.482238,-1,4,-143
1767174196.492238,3,1,-136
1767174196.502238,1,0,-134
1767174196.5122385,-2,0,-140
1767174196.5222385,-2,-2,-132
1767174196.5322382,0,-1,-132
1767174196.5422382,-2,-4,-131
1767174196.5522382,-2,-8,-132
1767174196.5622382,-2,-7,-129
1767174196.5722382,1,-2,-126
1767174196.5822382,-2,-4,-125
1767174196.5922382,-1,-3,-125
1767174196.6022382,-3,-7,-123
1767174196.6122382,-2,-8,-125
1767174196.6222382,-1,-6,-121
1767174196.632238,0,-4,-121
1767174196.642238,0,-1,-128
1767174196.652238,2,1,-132
1767174196.662238,6,0,-128
1767174196.672238,5,4,-123
1767174196.682238,3,6,-126
1767174196.692238,0,6,-122
1767174196.702238,-2,5,-117
1767174196.712238,0,1,-120
1767174196.722238,0,-1,-117
1767174196.732238,-1,-4,-119
1767174196.742238,-5,-2,-122
1767174196.752238,-1,-2,-122
1767174196.7622385,-2,0,-125
1767174196.7722385,-6,-1,-127
1767174196.7822382,-4,1,-124
1767174196.7922382,1,4,-122
1767174196.8022382,3,5,-117
1767174196.8122382,2,7,-111
1767174196.8222382,4,4,-108
1767174196.8322382,5,3,-106
1767174196.8422382,5,4,-115
1767174196.8522382,8,-1,-118
1767174196.8622382,8,-4,-119
1767174196.8722382,3,-5,-130
1767174196.882238,7,-2,-137
1767174196.892238,5,0,-129
1767174196.902238,1,1,-125
1767174196.912238,4,1,-125
1767174196.922238,1,5,-121
1767174196.932238,-1,6,-126
1767174196.942238,-2,5,-122
1767174196.952238,-4,1,-125
1767174196.962238,-1,-1,-125
1767174196.972238,-2,0,-122
1767174196.982238,0,1,-122
1767174196.992238,6,2,-128
1767174197.002238,8,1,-136
1767174197.0122385,7,-1,-129
1767174197.0222385,7,0,-128
1767174197.0322382,10,1,-125
1767174197.0422382,7,-2,-127
1767174197.0522382,8,-3,-127
1767174197.0622382,5,-5,-135
1767174197.0722382,3,-3,-135
1767174197.0822382,1,-4,-138
1767174197.0922382,2,-5,-136
1767174197.1022382,5,-6,-133
1767174197.1122382,3,-2,-128
1767174197.1222382,4,-2,-123
1767174197.132238,2,-4,-119
1767174197.142238,2,-2,-123
1767174197.152238,6,-6,-126
1767174197.162238,7,-6,-113
1767174197.172238,8,-4,-118
1767174197.182238,6,-2,-126
1767174197.192238,4,-2,-129
1767174197.202238,2,-1,-128
1767174197.212238,4,-1,-129
1767174197.222238,3,-4,-125
1767174197.232238,6,-4,-119
1767174197.242238,3,0,-114
1767174197.252238,0,2,-114
1767174197.2622385,-4,1,-113
1767174197.2722385,-2,-3,-113
1767174197.2822382,2,-3,-116
1767174197.2922382,0,-6,-121
1767174197.3022382,1,-5,-125
1767174197.3122382,5,-7,-122
1767174197.3222382,6,-7,-129
1767174197.3322382,1,-8,-126
1767174197.3422382,6,-9,-130
1767174197.3522382,10,-7,-130
1767174197.3622382,4,-9,-124
1767174197.3722382,3,-7,-133
1767174197.382238,1,-3,-141
1767174197.392238,2,-1,-140
1767174197.402238,-1,0,-134
1767174197.412238,-3,1,-124
1767174197.422238,-5,0,-128
1767174197.432238,-5,0,-119
1767174197.442238,-5,-3,-118
1767174197.4532382,1,-1,-115
1767174197.4632382,0,-3,-117
1767174197.4732382,-2,-6,-111
1767174197.482238,-3,-2,-113
1767174197.4932382,-8,-3,-116
1767174197.5032382,-8,-1,-116
1767174197.5132382,-5,0,-120
1767174197.5232382,-5,1,-127
1767174197.5332382,-5,4,-129
1767174197.5432382,0,3,-129
1767174197.5532382,-2,0,-123
1767174197.563238,-1,0,-126
1767174197.573238,1,3,-119
1767174197.583238,1,2,-113
1767174197.593238,5,-2,-112
1767174197.6142385,6,-9,-124
1767174197.623238,5,-9,-130
1767174197.633238,10,-2,-133
1767174197.643238,9,0,-128
1767174197.653238,6,2,-127
1767174197.663238,5,-1,-124
1767174197.673238,3,0,-124
1767174197.6832385,0,-4,-125
1767174197.6932385,2,-4,-121
1767174197.7032382,2,-2,-126
1767174197.7132382,1,0,-132
1767174197.7232382,0,4,-126
1767174197.7332382,0,2,-128
1767174197.7432382,1,2,-123
1767174197.7532382,-1,2,-123
1767174197.7632382,0,2,-123
1767174197.7732382,6,-1,-121
1767174197.7832382,1,-2,-122
1767174197.7932382,0,0,-122
1767174197.8032382,-1,-3,-123
1767174197.813238,-1,-2,-127
1767174197.823238,-1,-4,-124
1767174197.833238,-1,-9,-127
1767174197.843238,0,-12,-128
1767174197.853238,1,-8,-130
1767174197.863238,1,-2,-130
1767174197.873238,1,-4,-129
1767174197.8842382,-1,-4,-129
1767174197.893238,-3,-3,-126
1767174197.903238,-3,0,-123
1767174197.913238,-1,3,-127
1767174197.923238,-3,5,-128
1767174197.9332385,-3,1,-129
1767174197.9432385,-1,3,-129
1767174197.9532382,0,0,-124
1767174197.9632382,-5,0,-125
1767174197.9732382,-3,2,-131
1767174197.9832382,1,4,-132
1767174197.9932382,1,2,-128
1767174198.0032382,0,2,-127
1767174198.0132382,0,8,-124
1767174198.0232382,-2,6,-122
1767174198.0332382,-6,5,-122
1767174198.0432382,-12,2,-122
1767174198.0532382,-15,4,-121
1767174198.063238,-15,0,-128
1767174198.073238,-9,2,-128
1767174198.083238,-5,0,-137
1767174198.093238,-9,2,-136
1767174198.103238,-9,2,-130
1767174198.113238,-5,7,-124
1767174198.123238,-5,6,-124
1767174198.133238,-2,0,-118
1767174198.143238,-3,-1,-116
1767174198.153238,4,3,-115
1767174198.163238,0,2,-127
1767174198.173238,-1,3,-130
1767174198.1832385,-2,0,-125
1767174198.1932385,-2,0,-125
1767174198.2032382,-3,0,-130
1767174198.2132382,-4,-4,-130
1767174198.2232382,-4,-1,-125
1767174198.2332382,-2,-4,-124
1767174198.2432382,0,-2,-128
1767174198.2532382,-1,-1,-127
1767174198.2632382,0,-2,-124
1767174198.2732382,-1,-3,-119
1767174198.2832382,1,-2,-122
1767174198.2932382,3,-2,-122
1767174198.3032382,3,-3,-116
1767174198.313238,-2,-2,-119
1767174198.323238,-5,-1,-118
1767174198.333238,-5,-3,-114
1767174198.343238,-2,-2,-116
1767174198.353238,0,-1,-118
1767174198.363238,2,2,-115
1767174198.373238,6,-2,-120
1767174198.383238,3,-2,-130
1767174198.393238,0,-1,-129
1767174198.403238,0,-2,-126
1767174198.413238,0,-1,-127
1767174198.423238,0,0,-125
1767174198.4332385,-2,0,-131
1767174198.4432385,0,-4,-133
1767174198.4532382,-2,-3,-127
1767174198.4632382,-4,-1,-128
1767174198.4732382,-6,2,-133
1767174198.4832382,-4,2,-131
1767174198.4932382,-2,0,-134
1767174198.5032382,-1,0,-125
1767174198.5132382,-1,1,-120
1767174198.5232382,0,2,-113
1767174198.5332382,2,5,-116
1767174198.5432382,-1,1,-122
1767174198.5532382,-3,0,-118
1767174198.563238,1,4,-122
1767174198.573238,0,6,-127
1767174198.583238,5,4,-130
1767174198.593238,6,0,-127
1767174198.603238,6,-1,-127
1767174198.613238,6,-1,-125
1767174198.623238,8,-3,-123
1767174198.633238,7,-4,-123
1767174198.643238,9,-2,-119
1767174198.653238,6,-1,-118
1767174198.663238,3,-4,-118
1767174198.673238,3,-5,-125
1767174198.6832385,3,-5,-131
1767174198.6932385,1,-2,-129
1767174198.7032382,4,2,-126
1767174198.7132382,1,4,-128
1767174198.7232382,-3,2,-121
1767174198.7332382,0,0,-113
1767174198.7432382,2,-1,-120
1767174198.7532382,1,0,-123
1767174198.7632382,4,0,-122
1767174198.7732382,3,1,-129
1767174198.7832382,-2,-1,-133
1767174198.7932382,-6,-2,-132
1767174198.8032382,-9,-5,-125
1767174198.813238,-9,-4,-123
1767174198.823238,-10,-4,-120
1767174198.833238,-7,-4,-119
1767174198.843238,-8,-4,-123
1767174198.853238,-4,-5,-124
1767174198.863238,-1,-7,-130
1767174198.873238,1,-8,-128
1767174198.883238,1,-8,-128
1767174198.893238,3,-7,-122
1767174198.903238,4,-4,-119
1767174198.913238,5,-6,-116
1767174198.923238,4,-4,-109
1767174198.9332385,6,-4,-121
1767174198.9432385,1,-1,-117
1767174198.9532382,3,-1,-116
1767174198.9632382,4,0,-125
1767174198.9732382,5,0,-126
1767174198.9832382,8,1,-130
1767174198.9932382,3,-1,-129
1767174199.0032382,-2,0,-132
1767174199.0132382,-5,0,-131
1767174199.0232382,-6,-2,-128
1767174199.0332382,-10,0,-128
1767174199.0432382,-9,0,-120
1767174199.0532382,-8,-4,-121
1767174199.063238,-5,-8,-119
1767174199.073238,-2,-7,-113
1767174199.083238,1,-8,-110
1767174199.093238,1,-4,-107
1767174199.103238,-1,-4,-111
1767174199.113238,-6,-6,-113
1767174199.123238,-8,-4,-113
1767174199.133238,-4,-3,-120
1767174199.143238,-5,-6,-122
1767174199.153238,-4,-4,-125
1767174199.163238,-6,-1,-121
1767174199.173238,-2,-2,-124
1767174199.1832385,-5,-6,-127
1767174199.1932385,-3,-4,-131
1767174199.2032382,-3,0,-135
1767174199.2132382,3,0,-128
1767174199.2232382,4,2,-132
1767174199.2332382,8,1,-135
1767174199.2432382,7,2,-138
1767174199.2532382,6,5,-142
1767174199.2632382,10,3,-142
1767174199.2732382,7,0,-132
1767174199.2832382,8,-4,-129
1767174199.2932382,9,-6,-127
1767174199.3032382,10,-3,-126
1767174199.313238,10,-3,-129
1767174199.323238,8,-2,-129
1767174199.333238,5,-3,-127
1767174199.343238,5,-1,-121
1767174199.353238,3,-4,-124
1767174199.363238,5,-3,-120
1767174199.373238,5,-4,-112
1767174199.383238,2,-5,-112
1767174199.393238,1,-4,-111
1767174199.403238,2,0,-110
1767174199.413238,0,1,-117
1767174199.423238,-1,-3,-122
1767174199.4332385,-2,-2,-127
1767174199.4432385,-1,-3,-122
1767174199.4532382,1,0,-122
1767174199.4632382,1,2,-126
1767174199.4732382,0,0,-121
1767174199.4832382,0,0,-121
1767174199.4932382,1,0,-114
1767174199.5032382,-1,-4,-116
1767174199.5132382,-2,0,-115
1767174199.5232382,-2,3,-115
1767174199.5332382,-3,0,-115
1767174199.5432382,4,3,-120
1767174199.5532382,4,8,-117
1767174199.563238,4,3,-120
1767174199.573238,2,2,-118
1767174199.583238,1,2,-125
1767174199.593238,0,5,-132
1767174199.603238,0,2,-135
1767174199.613238,-2,3,-133
1767174199.623238,0,0,-133
1767174199.633238,1,0,-131
1767174199.643238,2,2,-134
1767174199.653238,4,-1,-123
1767174199.663238,4,0,-120
1767174199.673238,4,0,-121
1767174199.6832385,4,-1,-114
1767174199.6932385,6,-3,-111
1767174199.7032382,5,0,-116
1767174199.7132382,0,0,-116
1767174199.7232382,0,-1,-118
1767174199.7332382,1,1,-116
1767174199.7432382,6,4,-122
1767174199.7532382,0,1,-122
1767174199.7632382,1,0,-117
1767174199.7732382,1,3,-118
1767174199.7832382,4,1,-125
1767174199.7932382,7,1,-127
1767174199.8032382,6,1,-126
1767174199.813238,0,2,-136
1767174199.823238,-2,0,-139
1767174199.833238,-1,-4,-140
1767174199.843238,0,-6,-134
1767174199.853238,-4,-4,-128
1767174199.863238,-5,-4,-124
1767174199.873238,-5,-3,-118
1767174199.883238,-3,-4,-112
1767174199.893238,-5,-4,-112
1767174199.903238,-3,-4,-111
1767174199.913238,1,-1,-114
1767174199.923238,0,0,-116
1767174199.9332385,5,0,-122
1767174199.9432385,5,1,-124
1767174199.9532382,2,2,-126
1767174199.9632382,6,0,-129
1767174199.9732382,6,0,-128
1767174199.9832382,1,2,-120
1767174199.9932382,0,1,-122
1767174200.0032382,-2,0,-123
1767174200.0132382,-4,0,-124
1767174200.0232382,-2,-1,-122
1767174200.0332382,-3,-2,-113
1767174200.0432382,-2,-1,-113
1767174200.0532382,0,-2,-119
1767174200.063238,-2,-2,-125
1767174200.073238,1,-3,-128
1767174200.083238,2,-4,-128
1767174200.093238,1,0,-124
1767174200.103238,-4,2,-127
1767174200.113238,-5,2,-126
1767174200.123238,-3,0,-126
1767174200.1342382,-3,1,-127
1767174200.1442382,0,0,-123
1767174200.1542382,5,-1,-123
1767174200.1642382,5,2,-129
1767174200.1742382,2,4,-135
1767174200.1842382,-1,5,-134
1767174200.1942382,-1,7,-133
1767174200.2042382,0,4,-127
1767174200.2142382,0,7,-126
1767174200.2242382,0,8,-124
1767174200.234238,-2,9,-114
1767174200.244238,-4,7,-113
1767174200.254238,1,8,-112
1767174200.264238,1,7,-113
1767174200.274238,1,4,-116
1767174200.284238,-2,0,-117
1767174200.294238,-5,0,-115
1767174200.304238,-3,-2,-116
1767174200.314238,-3,-2,-118
1767174200.324238,-5,0,-123
1767174200.334238,-2,-4,-119
1767174200.344238,0,-4,-112
1767174200.3542385,5,-4,-110
1767174200.3642385,9,-5,-119
1767174200.3742385,12,-4,-123
1767174200.3842382,7,0,-120
1767174200.3942382,5,0,-110
1767174200.4042382,3,-1,-115
1767174200.4142382,4,-4,-113
1767174200.4242382,2,-5,-121
1767174200.4342382,0,-3,-122
1767174200.4442382,0,-4,-122
1767174200.4542382,2,-8,-128
1767174200.4642382,2,-7,-127
1767174200.4742382,1,-6,-119
1767174200.484238,8,-2,-125
1767174200.494238,6,-2,-134
1767174200.504238,5,-4,-126
1767174200.514238,0,-7,-134
1767174200.524238,0,-7,-138
1767174200.534238,0,-5,-128
1767174200.544238,0,-7,-122
1767174200.554238,-1,-6,-119
1767174200.564238,-3,-7,-116
1767174200.574238,-5,-9,-111
1767174200.584238,0,-4,-118
1767174200.594238,-1,-3,-118
1767174200.6042385,-2,-2,-118
1767174200.6142385,-7,-3,-122
1767174200.6242385,-4,-6,-127
1767174200.6342382,-1,-4,-125
1767174200.6442382,-2,-2,-121
1767174200.6542382,-4,-1,-117
1767174200.6642382,-3,-5,-118
1767174200.6742382,-5,-7,-124
1767174200.6842382,-5,-5,-124
1767174200.6942382,-5,-7,-119
1767174200.7042382,-6,-2,-114
1767174200.7142382,-7,-4,-119
1767174200.7242382,-10,-7,-117
1767174200.734238,-4,-5,-116
1767174200.744238,-6,-4,-117
1767174200.754238,0,-3,-116
1767174200.764238,1,2,-123
1767174200.774238,0,1,-121
1767174200.784238,5,0,-125
1767174200.794238,9,-1,-127
1767174200.804238,8,-4,-126
1767174200.814238,5,-7,-126
1767174200.824238,2,-8,-119
1767174200.834238,-1,-7,-120
1767174200.844238,0,-6,-123
1767174200.8542385,2,-7,-116
1767174200.8642385,0,-10,-114
1767174200.8742385,0,-8,-112
1767174200.8842382,0,-4,-104
1767174200.8942382,-1,0,-103
1767174200.9042382,-1,2,-108
1767174200.9142382,0,2,-116
1767174200.9242382,-3,4,-117
1767174200.9342382,-4,3,-119
1767174200.9442382,-4,1,-121
1767174200.9542382,-8,1,-117
1767174200.9642382,-7,4,-120
1767174200.9742382,-6,2,-116
1767174200.984238,-5,1,-115
1767174200.994238,-2,1,-117
1767174201.004238,-6,1,-125
1767174201.014238,-6,4,-126
1767174201.024238,-4,8,-124
1767174201.034238,-2,3,-129
1767174201.044238,-1,0,-129
1767174201.054238,3,-2,-131
1767174201.064238,4,-2,-135
1767174201.074238,5,-6,-129
1767174201.084238,1,-8,-125
1767174201.094238,2,-5,-132
1767174201.1042385,0,-8,-132
1767174201.1142385,-1,-7,-132
1767174201.1242385,4,-8,-125
1767174201.1342382,4,-8,-123
1767174201.1442382,4,-7,-124
1767174201.1542382,5,-5,-123
1767174201.1642382,3,-3,-124
1767174201.1742382,9,-5,-129
1767174201.1842382,8,-4,-127
1767174201.1942382,7,0,-131
1767174201.2042382,7,-3,-128
1767174201.2142382,4,-5,-122
1767174201.2242382,3,-4,-126
1767174201.234238,4,-1,-126
1767174201.244238,5,0,-124
1767174201.254238,6,0,-130
1767174201.264238,8,-2,-131
1767174201.274238,10,-2,-133
1767174201.284238,9,-1,-136
1767174201.294238,7,-2,-129
1767174201.304238,4,3,-123
1767174201.314238,1,4,-128
1767174201.324238,-1,3,-128
1767174201.334238,-5,2,-122
1767174201.344238,-2,4,-117
1767174201.3542385,-2,3,-118
1767174201.3642385,0,-2,-117
1767174201.3742385,1,0,-117
1767174201.3842382,-6,0,-121
1767174201.3942382,-7,-2,-121
1767174201.4042382,-11,0,-122
1767174201.4142382,-11,1,-127
1767174201.4242382,-11,-2,-126
1767174201.4342382,-14,-4,-122
1767174201.4442382,-15,-1,-125
1767174201.4542382,-17,-2,-121
1767174201.4642382,-15,-5,-125
1767174201.4742382,-14,-4,-122
1767174201.484238,-12,-2,-124
1767174201.494238,-6,-2,-124
1767174201.504238,-8,1,-121
1767174201.514238,-4,0,-120
1767174201.524238,-2,0,-121
1767174201.534238,-1,-6,-120
1767174201.544238,1,-8,-120
1767174201.554238,4,-8,-118
1767174201.564238,3,-8,-122
1767174201.574238,0,-5,-126
1767174201.584238,-1,-5,-125
1767174201.594238,-2,-2,-125
1767174201.6042385,0,1,-126
1767174201.6142385,-6,3,-121
1767174201.6242385,-9,1,-121
1767174201.6342382,-12,1,-119
1767174201.6442382,-7,-2,-117
1767174201.6542382,-5,-4,-119
1767174201.6642382,-4,-7,-121
1767174201.6742382,-1,-4,-117
1767174201.6842382,3,-4,-118
1767174201.6942382,2,-4,-122
1767174201.7042382,1,-6,-130
1767174201.7142382,0,-7,-132
1767174201.7242382,0,-4,-130
1767174201.734238,2,0,-128
1767174201.744238,1,0,-120
1767174201.754238,0,0,-123
1767174201.764238,-3,1,-123
1767174201.774238,-4,0,-122
1767174201.784238,-3,2,-129
1767174201.794238,-5,7,-127
1767174201.804238,-3,4,-124
1767174201.814238,-1,0,-126
1767174201.824238,0,-2,-125
1767174201.834238,3,1,-120
1767174201.844238,2,1,-119
1767174201.8542385,-2,3,-120
1767174201.8642385,-7,0,-124
1767174201.8742385,-6,0,-117
1767174201.8842382,-7,-2,-118
1767174201.8942382,-8,-1,-117
1767174201.9042382,-6,1,-118
1767174201.9142382,-7,-1,-116
1767174201.9242382,-8,-3,-124
1767174201.9342382,-9,-3,-126
1767174201.9442382,-3,-4,-124
1767174201.9542382,-1,-5,-125
1767174201.9642382,2,-2,-121
1767174201.9742382,0,-2,-119
1767174201.984238,0,0,-123
1767174201.994238,1,-7,-124
1767174202.004238,-2,-8,-126
1767174202.014238,-7,-6,-128
1767174202.024238,-6,-6,-128
1767174202.034238,-1,-7,-125
1767174202.044238,-1,-1,-124
1767174202.054238,1,0,-125
1767174202.064238,3,1,-130
1767174202.074238,2,3,-123
1767174202.084238,2,3,-124
1767174202.094238,0,2,-128
1767174202.1042385,1,0,-132
1767174202.1142385,4,-2,-124
1767174202.1242385,6,-4,-123
1767174202.1342382,3,-7,-124
1767174202.1442382,1,-7,-119
1767174202.1542382,0,-6,-118
1767174202.1642382,0,-7,-118
1767174202.1742382,0,-7,-118
1767174202.1842382,2,-5,-114
1767174202.1942382,2,-2,-114
1767174202.2042382,1,1,-117
1767174202.2142382,-1,0,-117
1767174202.2242382,-2,-1,-116
1767174202.234238,-2,0,-117
1767174202.244238,-5,-4,-119
1767174202.254238,-3,-4,-118
1767174202.264238,0,-6,-120
1767174202.274238,-2,-5,-123
1767174202.284238,-4,-8,-125
1767174202.294238,-2,-6,-128
1767174202.304238,0,-3,-124
1767174202.314238,0,-4,-117
1767174202.324238,2,0,-126
1767174202.334238,1,-3,-124
1767174202.344238,0,-2,-123
1767174202.3542385,0,0,-118
1767174202.3642385,0,-1,-121
1767174202.3742385,1,-2,-119
1767174202.3842382,3,0,-115
1767174202.3942382,-1,-2,-113
1767174202.4042382,-1,0,-118
1767174202.4142382,0,0,-123
1767174202.4242382,-4,2,-121
1767174202.4342382,-2,0,-125
1767174202.4442382,-1,1,-126
1767174202.4542382,0,0,-126
1767174202.4642382,4,0,-125
1767174202.4742382,5,-4,-123
1767174202.484238,5,-4,-119
1767174202.494238,8,-3,-118
1767174202.504238,6,-2,-115
1767174202.514238,4,3,-119
1767174202.524238,5,1,-120
1767174202.534238,6,1,-121
1767174202.544238,5,1,-128
1767174202.554238,2,2,-127
1767174202.564238,1,2,-118
1767174202.574238,-1,1,-114
1767174202.584238,1,0,-119
1767174202.594238,0,2,-126
1767174202.6042385,0,0,-131
1767174202.626238,0,-4,-136
1767174202.6342382,-1,-4,-133
1767174202.6442382,2,-7,-128
1767174202.6542382,2,-7,-130
1767174202.6642382,3,-7,-132
1767174202.6742382,5,-1,-137
1767174202.6842382,1,-1,-130
1767174202.6942382,5,-1,-133
1767174202.7042382,5,0,-136
1767174202.715238,-1,-1,-131
1767174202.7242382,-2,0,-128
1767174202.734238,0,-1,-126
1767174202.744238,1,0,-126
1767174202.754238,2,-1,-120
1767174202.765238,2,1,-122
1767174202.775238,4,4,-126
1767174202.784238,2,3,-124
1767174202.794238,0,2,-118
1767174202.8052382,-2,4,-116
1767174202.8152382,-5,6,-121
1767174202.8252382,2,5,-124
1767174202.8352382,0,1,-121
1767174202.8452382,-3,5,-124
1767174202.8552382,0,1,-125
1767174202.8652382,5,0,-126
1767174202.8752382,3,0,-124
1767174202.8852382,0,1,-122
1767174202.8952382,-2,1,-122
1767174202.9052382,-2,-1,-122
1767174202.915238,-5,-1,-127
1767174202.925238,-9,-3,-126
1767174202.935238,-6,-4,-129
1767174202.945238,-2,-6,-129
1767174202.955238,-2,-6,-130
1767174202.965238,-2,-5,-132
1767174202.975238,-8,-4,-128
1767174202.985238,-1,-4,-130
1767174202.995238,0,-3,-134
1767174203.005238,0,-5,-127
1767174203.015238,2,-7,-123
1767174203.025238,0,-6,-127
1767174203.0352385,0,-5,-129
1767174203.0452385,2,-2,-128
1767174203.0552382,0,-1,-127
1767174203.0652382,0,-6,-128
1767174203.0752382,-1,-6,-127
1767174203.0852382,0,-8,-121
1767174203.0952382,-2,-10,-124
1767174203.1052382,-2,-9,-124
1767174203.1152382,-4,-3,-118
1767174203.1252382,-6,-4,-122
1767174203.1352382,-4,-3,-126
1767174203.1452382,-4,-1,-120
1767174203.1552382,-4,-2,-123
1767174203.165238,-6,0,-124
1767174203.175238,-6,5,-126
1767174203.185238,-8,3,-123
1767174203.195238,-7,3,-127
1767174203.205238,-1,4,-126
1767174203.215238,-2,3,-124
1767174203.225238,-2,7,-123
1767174203.235238,-5,2,-124
1767174203.245238,-2,-2,-123
1767174203.255238,2,-2,-123
1767174203.265238,5,-2,-130
1767174203.275238,5,-4,-135
1767174203.2852385,1,0,-134
1767174203.2952385,-2,-3,-128
1767174203.3052382,-3,-8,-132
1767174203.3152382,-6,-8,-128
1767174203.3252382,-3,-3,-131
1767174203.3352382,-1,-1,-129
1767174203.3452382,3,-3,-133
1767174203.3552382,4,0,-134
1767174203.3652382,1,1,-136
1767174203.3752382,6,0,-141
1767174203.3852382,5,0,-145
1767174203.3952382,7,-1,-145
1767174203.4052382,4,0,-141
1767174203.415238,2,2,-127
1767174203.425238,0,-1,-124
1767174203.435238,0,1,-126
1767174203.445238,2,-1,-124
1767174203.455238,1,-6,-120
1767174203.465238,1,-4,-118
1767174203.475238,2,-6,-117
1767174203.485238,1,-7,-113
1767174203.495238,3,-7,-116
1767174203.505238,4,-3,-119
1767174203.515238,4,-5,-118
1767174203.525238,2,-4,-116
1767174203.5352385,4,0,-116
1767174203.5452385,0,1,-117
1767174203.5552382,-5,0,-121
1767174203.5652382,-4,4,-125
1767174203.5752382,-3,0,-127
1767174203.5852382,-1,-2,-125
1767174203.5952382,1,0,-130
1767174203.6052382,4,-4,-127
1767174203.6152382,7,-6,-130
1767174203.6252382,6,-4,-124
1767174203.6352382,2,-7,-122
1767174203.6452382,0,-9,-123
1767174203.6552382,-1,-4,-129
1767174203.665238,-5,-5,-129
1767174203.675238,-5,-4,-134
1767174203.685238,-2,-4,-126
1767174203.695238,3,-1,-128
1767174203.705238,5,0,-128
1767174203.715238,4,0,-128
1767174203.725238,3,4,-123
1767174203.735238,-2,4,-126
1767174203.745238,-2,3,-127
1767174203.755238,-3,3,-130
1767174203.765238,0,0,-125
1767174203.775238,0,0,-120
1767174203.7852385,0,-3,-114
1767174203.7952385,-3,-3,-112
1767174203.8052382,-6,-1,-113
1767174203.8152382,-11,2,-119
1767174203.8252382,-7,9,-129
1767174203.8352382,-6,5,-131
1767174203.8452382,-3,1,-132
1767174203.8552382,0,2,-132
1767174203.8652382,-1,-1,-136
1767174203.8752382,0,-3,-130
1767174203.8852382,0,1,-128
1767174203.8952382,1,0,-128
1767174203.9052382,0,0,-120
1767174203.915238,0,-1,-121
1767174203.925238,-1,-5,-123
1767174203.935238,-2,-4,-125
1767174203.945238,-1,-4,-124
1767174203.955238,-5,-2,-125
1767174203.965238,-2,0,-124
1767174203.975238,-1,0,-119
1767174203.985238,0,0,-115
1767174203.995238,4,-3,-115
1767174204.005238,3,1,-114
1767174204.015238,-3,1,-115
1767174204.025238,-1,0,-116
1767174204.0352385,0,-1,-119
1767174204.0452385,0,0,-121
1767174204.0552382,-3,-1,-125
1767174204.0652382,-4,0,-129
1767174204.0752382,-3,0,-127
1767174204.0852382,-4,0,-131
1767174204.0952382,-3,-3,-130
1767174204.1052382,-4,-1,-138
1767174204.1152382,-1,0,-132
1767174204.1252382,0,-1,-128
1767174204.1352382,0,-3,-126
1767174204.1452382,-2,-2,-133
1767174204.1552382,-1,-4,-124
1767174204.165238,2,-4,-124
1767174204.175238,1,-4,-127
1767174204.185238,3,-6,-126
1767174204.195238,0,-1,-125
1767174204.205238,0,1,-126
1767174204.215238,0,1,-126
1767174204.225238,-2,2,-122
1767174204.235238,-1,3,-127
1767174204.245238,-3,-4,-127
1767174204.255238,1,-4,-122
1767174204.265238,1,-3,-127
1767174204.275238,2,-6,-121
1767174204.2852385,2,-3,-115
1767174204.2952385,-1,-1,-113
1767174204.3052382,-1,0,-122
1767174204.3152382,-8,0,-122
1767174204.3252382,-4,-4,-125
1767174204.3352382,0,-6,-123
1767174204.3452382,1,-2,-124
1767174204.3552382,-3,-4,-122
1767174204.3652382,0,-2,-113
1767174204.3752382,4,-3,-119
1767174204.3852382,3,-4,-123
1767174204.3952382,2,-4,-125
1767174204.4052382,-1,0,-130
1767174204.415238,-3,0,-125
1767174204.425238,-1,2,-127
1767174204.435238,0,0,-124
1767174204.445238,0,4,-120
1767174204.455238,1,2,-119
1767174204.465238,2,0,-119
1767174204.475238,3,3,-119
1767174204.485238,0,4,-119
1767174204.495238,0,3,-115
1767174204.505238,0,0,-114
1767174204.515238,-2,0,-120
1767174204.525238,-3,1,-116
1767174204.5352385,-2,0,-120
1767174204.5452385,-2,-1,-115
1767174204.5552382,-5,-1,-114
1767174204.5652382,-2,-3,-118
1767174204.5752382,0,-2,-123
1767174204.5852382,-4,-3,-126
1767174204.5952382,-7,-3,-124
1767174204.6052382,-5,-5,-125
1767174204.6152382,-3,-6,-130
1767174204.6252382,1,-2,-130
1767174204.6352382,5,-2,-123
1767174204.6452382,5,-5,-121
1767174204.6552382,5,-5,-122
1767174204.665238,7,-1,-118
1767174204.675238,6,-6,-125
1767174204.685238,2,-6,-129
1767174204.695238,-2,-5,-126
1767174204.705238,-1,-8,-126
1767174204.715238,0,-10,-126
1767174204.725238,5,-9,-124
1767174204.735238,6,-8,-122
1767174204.745238,6,-8,-127
1767174204.755238,6,-8,-125
1767174204.765238,1,-7,-125
1767174204.775238,2,-5,-121
1767174204.7852385,0,-6,-121
1767174204.7952385,2,-5,-116
1767174204.8052382,4,-5,-118
1767174204.8152382,5,-4,-122
1767174204.8252382,4,-3,-125
1767174204.8352382,4,0,-125
1767174204.8452382,-2,-2,-135
1767174204.8552382,-3,-1,-137
1767174204.8652382,-3,0,-140
1767174204.8752382,0,-1,-141
1767174204.8852382,-2,-6,-142
1767174204.8952382,-1,-4,-141
1767174204.9052382,0,-3,-136
1767174204.915238,0,-3,-132
1767174204.925238,-3,-6,-125
1767174204.935238,-6,-10,-123
1767174204.945238,-5,-8,-125
1767174204.955238,-2,-2,-121
1767174204.965238,0,2,-120
1767174204.975238,0,0,-128
1767174204.985238,-4,-1,-119
1767174204.995238,-4,0,-123
1767174205.005238,-1,0,-122
1767174205.015238,-3,5,-125
1767174205.025238,0,0,-118
1767174205.0352385,2,0,-127
1767174205.0452385,0,2,-126
1767174205.0552382,-2,1,-123
1767174205.0652382,-3,1,-126
1767174205.0752382,-3,2,-124
1767174205.0852382,-2,1,-129
1767174205.0952382,-2,-1,-134
1767174205.1052382,-3,-1,-125
1767174205.1152382,-5,-2,-125
1767174205.1252382,-7,-1,-124
1767174205.1352382,-8,0,-121
1767174205.1452382,-6,0,-119
1767174205.1552382,-8,0,-115
1767174205.165238,-4,3,-118
1767174205.175238,-2,2,-119
1767174205.185238,2,-2,-122
1767174205.195238,4,-1,-123
1767174205.205238,2,2,-119
1767174205.215238,1,0,-121
1767174205.225238,-1,-3,-123
1767174205.235238,-6,-4,-128
1767174205.245238,-3,-1,-129
1767174205.255238,0,-1,-132
1767174205.265238,1,-1,-130
1767174205.275238,1,2,-128
1767174205.2852385,-1,-3,-129
1767174205.2952385,-1,-4,-129
1767174205.3052382,-7,-3,-128
1767174205.3152382,-5,-5,-133
1767174205.3252382,-9,-3,-131
1767174205.3352382,-12,-1,-132
1767174205.3452382,-13,-1,-132
1767174205.3552382,-9,-6,-133
1767174205.3652382,-4,-6,-130
1767174205.3752382,-4,-4,-127
1767174205.3852382,-8,-3,-127
1767174205.3952382,-5,-4,-130
1767174205.4052382,-2,-2,-133
1767174205.415238,0,-3,-132
1767174205.425238,1,-6,-131
1767174205.436238,3,-7,-130
1767174205.446238,6,-14,-130
1767174205.4562385,1,-6,-130
1767174205.4662385,2,-6,-128
1767174205.4762385,0,-1,-124
1767174205.4862382,3,-2,-123
1767174205.4962382,0,-2,-113
1767174205.5062382,-3,0,-117
1767174205.5162382,-3,4,-124
1767174205.5262382,-2,2,-122
1767174205.5362382,0,1,-120
1767174205.5462382,0,-4,-123
1767174205.5562382,0,-6,-123
1767174205.5662382,-1,-5,-122
1767174205.5762382,2,-6,-126
1767174205.586238,1,-3,-124
1767174205.596238,0,-5,-127
1767174205.606238,0,-2,-126
1767174205.616238,0,-4,-130
1767174205.626238,2,-4,-128
1767174205.636238,4,0,-128
1767174205.646238,6,-2,-125
1767174205.656238,6,-2,-129
1767174205.666238,6,-3,-130
1767174205.676238,6,0,-127
1767174205.686238,4,-2,-132
1767174205.696238,3,-1,-133
1767174205.7062385,7,0,-128
1767174205.7162385,8,-1,-131
1767174205.7262385,10,-4,-127
1767174205.7362382,11,-6,-126
1767174205.7462382,11,-5,-127
1767174205.7562382,7,-6,-129
1767174205.7662382,6,-4,-121
1767174205.7762382,5,-3,-118
1767174205.7862382,0,0,-123
1767174205.7962382,-1,3,-127
1767174205.8062382,-3,-1,-128
1767174205.8162382,-6,-6,-132
1767174205.8262382,-2,-5,-128
1767174205.836238,0,-3,-125
1767174205.846238,-1,-4,-120
1767174205.856238,0,0,-118
1767174205.866238,-1,1,-124
1767174205.876238,-4,4,-126
1767174205.886238,-2,0,-127
1767174205.896238,0,-3,-126
1767174205.906238,4,-6,-122
1767174205.916238,2,-5,-121
1767174205.926238,3,-2,-120
1767174205.936238,-3,1,-120
1767174205.946238,-7,-1,-125
1767174205.9562385,-6,-1,-121
1767174205.9662385,-3,-2,-119
1767174205.9762385,-3,-1,-120
1767174205.9862382,-2,-4,-128
1767174205.9962382,-4,-6,-132
1767174206.0062382,-3,-7,-131
1767174206.0162382,-3,-4,-130
1767174206.0262382,-4,-6,-136
1767174206.0362382,-4,-2,-133
1767174206.0462382,-3,0,-131
1767174206.0562382,-1,0,-136
1767174206.0662382,2,-1,-142
1767174206.0762382,4,-2,-140
1767174206.086238,0,2,-142
1767174206.096238,-1,4,-142
1767174206.106238,0,1,-138
1767174206.116238,0,4,-136
1767174206.126238,-1,4,-128
1767174206.136238,-1,7,-129
1767174206.146238,0,2,-139
1767174206.156238,-2,1,-136
1767174206.166238,0,0,-127
1767174206.176238,-2,1,-126
1767174206.186238,-4,1,-123
1767174206.196238,-6,-1,-121
1767174206.2062385,-5,0,-114
1767174206.2162385,-7,-1,-122
1767174206.2262385,-6,0,-126
1767174206.2362382,-5,1,-128
1767174206.2462382,-3,4,-119
1767174206.2562382,1,2,-123
1767174206.2662382,1,0,-125
1767174206.2762382,10,0,-126
1767174206.2862382,6,4,-127
1767174206.2962382,-1,6,-130
1767174206.3062382,0,5,-133
1767174206.3162382,-1,6,-130
1767174206.3262382,1,0,-130
1767174206.336238,-3,0,-125
1767174206.346238,0,-4,-125
1767174206.356238,-1,-6,-124
1767174206.366238,2,-5,-125
1767174206.376238,0,-3,-125
1767174206.386238,-3,-7,-122
1767174206.396238,-6,-6,-123
1767174206.406238,0,-5,-118
1767174206.416238,-1,-11,-122
1767174206.426238,0,-8,-119
1767174206.436238,-3,-1,-121
1767174206.446238,-3,0,-122
1767174206.4562385,-2,-5,-119
1767174206.4662385,1,-4,-114
1767174206.4762385,4,-7,-113
1767174206.4862382,6,-3,-113
1767174206.4962382,11,-1,-116
1767174206.5062382,13,-1,-116
1767174206.5162382,13,0,-119
1767174206.5262382,13,0,-115
1767174206.5362382,5,1,-119
1767174206.5462382,5,0,-114
1767174206.5562382,2,4,-118
1767174206.5662382,3,3,-123
1767174206.5762382,2,0,-120
1767174206.586238,3,0,-127
1767174206.596238,2,-1,-124
1767174206.606238,-3,-3,-122
1767174206.616238,-6,-7,-122
1767174206.626238,-5,-4,-128
1767174206.636238,-4,-4,-139
1767174206.646238,-1,0,-138
1767174206.656238,1,5,-140
1767174206.666238,1,3,-127
1767174206.676238,0,-2,-129
1767174206.686238,-3,-4,-128
1767174206.696238,-4,-2,-123
1767174206.7062385,-13,-2,-127
1767174206.7162385,-10,0,-127
1767174206.7262385,-9,0,-132
1767174206.7362382,-8,0,-131
1767174206.7462382,-2,-2,-129
1767174206.7562382,0,-3,-126
1767174206.7662382,1,-1,-128
1767174206.7762382,-1,-4,-124
1767174206.7862382,1,-7,-125
1767174206.7962382,0,-6,-126
1767174206.8062382,0,-8,-128
1767174206.8162382,1,-8,-132
1767174206.8262382,4,-3,-126
1767174206.836238,0,-1,-118
1767174206.846238,-4,2,-121
1767174206.856238,-12,1,-119
1767174206.866238,-7,-1,-119
1767174206.876238,-9,0,-120
1767174206.886238,-13,8,-123
1767174206.896238,-11,8,-124
1767174206.906238,-8,10,-117
1767174206.916238,-6,9,-119
1767174206.926238,-4,4,-115
1767174206.936238,-6,1,-118
1767174206.946238,-2,1,-119
1767174206.9562385,-1,-2,-122
1767174206.9662385,-3,-2,-118
1767174206.9762385,-5,-7,-116
1767174206.9862382,-2,0,-120
1767174206.9962382,-3,-5,-118
1767174207.0062382,-4,-5,-124
1767174207.0162382,-1,-7,-129
1767174207.0262382,1,-6,-130
1767174207.0362382,0,-9,-129
1767174207.0462382,2,-9,-126
1767174207.0562382,-1,-10,-122
1767174207.0662382,-1,-9,-125
1767174207.0762382,0,-12,-128
1767174207.086238,4,-14,-127
1767174207.096238,0,-9,-128
1767174207.106238,-4,-8,-134
1767174207.116238,0,-6,-130
1767174207.126238,0,-3,-123
1767174207.136238,0,-7,-125
1767174207.146238,0,-4,-123
1767174207.156238,-1,-3,-131
1767174207.166238,2,-1,-129
1767174207.176238,0,-2,-131
1767174207.186238,1,-3,-128
1767174207.196238,2,-2,-131
1767174207.2062385,6,1,-130
1767174207.2162385,1,8,-131
1767174207.2262385,0,5,-129
1767174207.2362382,-1,3,-125
1767174207.2462382,-2,3,-124
1767174207.2562382,0,-2,-128
1767174207.2662382,3,0,-130
1767174207.2762382,1,0,-129
1767174207.2862382,0,0,-126
1767174207.2962382,-1,-1,-128
1767174207.3062382,-3,0,-127
1767174207.3162382,-3,3,-122
1767174207.3262382,-4,0,-121
1767174207.336238,-5,-1,-124
1767174207.346238,-6,-2,-123
1767174207.356238,0,0,-126
1767174207.366238,2,1,-124
1767174207.376238,1,-1,-120
1767174207.386238,-1,-3,-122
1767174207.396238,-2,-1,-126
1767174207.406238,-3,-1,-129
1767174207.416238,-1,0,-127
1767174207.426238,4,3,-129
1767174207.436238,1,2,-128
1767174207.446238,0,2,-127
1767174207.4562385,-2,1,-125
1767174207.4662385,-4,2,-120
1767174207.4762385,-9,3,-122
1767174207.4862382,-7,5,-126
1767174207.4962382,-4,9,-129
1767174207.5062382,-3,10,-128
1767174207.5162382,0,5,-129
1767174207.5262382,0,6,-123
1767174207.5362382,-1,8,-123
1767174207.5462382,0,4,-128
1767174207.5562382,0,2,-125
1767174207.5662382,-2,0,-124
1767174207.5762382,-2,-5,-122
1767174207.586238,1,-2,-126
1767174207.596238,-4,-3,-120
1767174207.606238,-4,-3,-121
1767174207.616238,-6,-2,-125
1767174207.6382382,-4,-3,-128
1767174207.646238,-4,-5,-128
1767174207.656238,-7,-5,-126
1767174207.666238,-4,-7,-123
1767174207.676238,2,-6,-124
1767174207.686238,4,-6,-123
1767174207.696238,0,-10,-122
1767174207.7062385,0,-12,-124
1767174207.7162385,-1,-10,-126
1767174207.7262385,0,-8,-123
1767174207.7362382,0,-9,-122
1767174207.7462382,0,-7,-120
1767174207.7562382,-1,-8,-123
1767174207.7662382,0,-7,-120
1767174207.7762382,0,-5,-120
1767174207.7862382,1,-4,-118
1767174207.7962382,0,-4,-119
1767174207.8062382,-3,-5,-123
1767174207.8162382,-4,-9,-121
1767174207.8262382,-2,-10,-125
1767174207.836238,-4,-5,-126
1767174207.846238,-1,-4,-129
1767174207.856238,-2,-6,-132
1767174207.866238,2,-4,-131
1767174207.876238,3,0,-128
1767174207.886238,5,-4,-128
1767174207.896238,7,-7,-129
1767174207.906238,10,-10,-133
1767174207.916238,6,-5,-131
1767174207.926238,6,-5,-127
1767174207.936238,6,0,-136
1767174207.946238,4,0,-136
1767174207.9562385,6,3,-133
1767174207.9662385,5,4,-128
1767174207.9762385,0,5,-130
1767174207.9862382,1,0,-127
1767174207.9962382,3,-7,-137
1767174208.0062382,-1,-3,-140
1767174208.0162382,-5,-6,-132
1767174208.0262382,-1,-1,-135
1767174208.0362382,-8,-1,-136
1767174208.047238,-9,-5,-141
1767174208.0562382,-4,-6,-135
1767174208.067238,-3,-2,-139
1767174208.077238,0,0,-136
1767174208.087238,1,-2,-124
1767174208.097238,0,0,-121
1767174208.107238,-1,-1,-120
1767174208.117238,0,-1,-118
1767174208.127238,3,-1,-121
1767174208.1372385,1,-4,-126
1767174208.1472385,6,-6,-127
1767174208.1572382,6,-8,-128
1767174208.1672382,1,-7,-120
1767174208.1772382,-3,-6,-122
1767174208.1872382,-1,-4,-124
1767174208.1972382,-4,-1,-128
1767174208.2072382,-2,0,-137
1767174208.2172382,-1,2,-136
1767174208.2272382,-2,3,-135
1767174208.2372382,-4,4,-126
1767174208.2472382,-4,0,-124
1767174208.257238,-4,-1,-124
1767174208.267238,-4,3,-127
1767174208.277238,0,-2,-125
1767174208.287238,1,-4,-129
1767174208.297238,-1,0,-132
1767174208.307238,-6,-3,-137
1767174208.317238,-1,-1,-136
1767174208.327238,-1,-5,-126
1767174208.337238,-2,-8,-117
1767174208.347238,-5,-5,-113
1767174208.357238,-3,-4,-118
1767174208.367238,-2,-3,-121
1767174208.377238,2,-1,-130
1767174208.3872385,6,-2,-131
1767174208.3972385,5,0,-131
1767174208.4072382,5,0,-134
1767174208.4172382,-2,-1,-130
1767174208.4272382,0,-4,-127
1767174208.4372382,0,-6,-119
1767174208.4472382,0,-3,-115
1767174208.4572382,-3,0,-115
1767174208.4672382,-4,2,-120
1767174208.4772382,-5,4,-120
1767174208.4872382,-3,1,-125
1767174208.4972382,-7,2,-121
1767174208.507238,-4,-1,-122
1767174208.517238,1,-4,-120
1767174208.527238,1,-2,-117
1767174208.537238,0,-2,-115
1767174208.547238,0,0,-121
1767174208.557238,-2,0,-125
1767174208.567238,-4,1,-124
1767174208.577238,-1,2,-122
1767174208.587238,3,0,-121
1767174208.597238,0,2,-119
1767174208.607238,0,4,-124
1767174208.617238,-4,4,-122
1767174208.627238,-2,0,-121
1767174208.6372385,0,-2,-123
1767174208.6472385,-1,-5,-122
1767174208.6572382,-5,-6,-119
1767174208.6672382,-3,-10,-126
1767174208.6772382,0,-10,-125
1767174208.6872382,0,-6,-123
1767174208.6972382,-1,-3,-124
1767174208.7072382,2,-9,-126
1767174208.7172382,0,-7,-124
1767174208.7272382,-2,-4,-120
1767174208.7372382,-3,0,-118
1767174208.7472382,-4,0,-127
1767174208.757238,1,-1,-125
1767174208.767238,-2,-7,-126
1767174208.777238,-4,-5,-121
1767174208.787238,3,-5,-122
1767174208.797238,2,-3,-126
1767174208.807238,2,-4,-124
1767174208.817238,1,-8,-121
1767174208.827238,0,-9,-122
1767174208.837238,0,-9,-127
1767174208.847238,-1,-8,-130
1767174208.857238,1,-5,-129
1767174208.867238,1,-5,-131
1767174208.877238,0,-4,-130
1767174208.8872385,0,0,-124
1767174208.8972385,4,-3,-126
1767174208.9072382,3,-3,-131
1767174208.9172382,4,-2,-123
1767174208.9272382,6,-1,-116
1767174208.9372382,2,-3,-118
1767174208.9472382,1,0,-122
1767174208.9572382,0,-1,-125
1767174208.9672382,-4,-1,-119
1767174208.9772382,0,-2,-115
1767174208.9872382,0,-7,-117
1767174208.9972382,-2,-8,-115
1767174209.007238,0,-6,-118
1767174209.017238,1,-7,-123
1767174209.027238,2,-8,-123
1767174209.037238,2,-5,-120
1767174209.047238,0,-2,-123
1767174209.057238,4,-3,-121
1767174209.067238,7,-5,-121
1767174209.077238,9,-7,-119
1767174209.087238,10,-7,-115
1767174209.097238,3,-5,-114
1767174209.107238,0,-6,-116
1767174209.117238,0,-5,-122
1767174209.127238,1,-3,-124
1767174209.1372385,4,-4,-123
1767174209.1472385,5,-4,-124
1767174209.1572382,7,-2,-124
1767174209.1672382,7,0,-121
1767174209.1772382,3,1,-118
1767174209.1872382,0,5,-119
1767174209.1972382,-1,4,-122
1767174209.2072382,2,0,-119
1767174209.2172382,7,0,-115
1767174209.2272382,2,2,-116
1767174209.2372382,0,0,-120
1767174209.2472382,-2,0,-121
1767174209.257238,-4,0,-122
1767174209.267238,-9,0,-119
1767174209.277238,-7,-1,-116
1767174209.287238,-6,0,-112
1767174209.297238,-9,-1,-116
1767174209.307238,-5,3,-126
1767174209.317238,0,5,-120
1767174209.327238,2,0,-124
1767174209.337238,3,-5,-128
1767174209.347238,7,-1,-126
1767174209.357238,11,-3,-121
1767174209.367238,8,-3,-125
1767174209.377238,6,0,-120
1767174209.3872385,4,1,-119
1767174209.3972385,3,4,-123
1767174209.4072382,2,2,-124
1767174209.4172382,2,0,-127
1767174209.4272382,0,0,-135
1767174209.4372382,0,3,-132
1767174209.4472382,-1,0,-132
1767174209.4572382,-2,-2,-130
1767174209.4672382,-2,-5,-131
1767174209.4772382,0,-2,-127
1767174209.4872382,0,-1,-119
1767174209.4972382,-3,-3,-117
1767174209.507238,-3,-3,-115
1767174209.517238,-5,-3,-120
1767174209.527238,-3,-2,-119
1767174209.537238,-1,-6,-125
1767174209.547238,0,-10,-117
1767174209.557238,2,-6,-122
1767174209.567238,-4,-3,-121
1767174209.577238,-3,-6,-118
1767174209.587238,-4,-5,-117
1767174209.597238,-3,-7,-117
1767174209.607238,-4,-5,-120
1767174209.617238,-5,-6,-124
1767174209.627238,-3,-6,-125
1767174209.6372385,-2,-4,-130
1767174209.6472385,-2,-4,-133
1767174209.6572382,-4,-1,-134
1767174209.6672382,-6,-3,-127
1767174209.6772382,-6,-1,-125
1767174209.6872382,0,0,-125
1767174209.6972382,1,-1,-124
1767174209.7072382,2,-2,-127
1767174209.7172382,2,2,-127
1767174209.7272382,6,4,-128
1767174209.7372382,3,0,-130
1767174209.7472382,8,0,-125
1767174209.757238,4,1,-123
1767174209.767238,5,0,-128
1767174209.777238,5,1,-133
1767174209.787238,2,3,-125
1767174209.797238,0,0,-124
1767174209.807238,2,0,-126
1767174209.817238,0,-4,-126
1767174209.827238,0,-4,-130
1767174209.837238,-1,-3,-129
1767174209.847238,-1,-3,-131
1767174209.857238,3,-3,-127
1767174209.867238,0,-2,-127
1767174209.877238,1,-2,-122
1767174209.8872385,7,-1,-125
1767174209.8972385,3,1,-121
1767174209.9072382,0,0,-124
1767174209.9172382,1,-1,-129
1767174209.9272382,3,0,-128
1767174209.9372382,4,0,-126
1767174209.9472382,-1,3,-116
1767174209.9572382,-4,1,-115
1767174209.9672382,-7,-1,-118
1767174209.9772382,-9,0,-120
1767174209.9872382,-9,2,-121
1767174209.9972382,-10,-1,-121
1767174210.007238,-7,-4,-117
1767174210.017238,-8,-5,-118
1767174210.027238,-7,-5,-122
1767174210.037238,-7,-1,-121
1767174210.047238,-6,-2,-122
1767174210.057238,-5,-4,-117
1767174210.067238,-4,-5,-121
1767174210.077238,-3,-6,-128
1767174210.087238,-5,-2,-128
1767174210.097238,-3,-6,-128
1767174210.107238,-7,-5,-124
1767174210.117238,-3,-3,-125
1767174210.127238,2,-6,-122
1767174210.1372385,1,0,-123
1767174210.1472385,3,0,-125
1767174210.1572382,-2,0,-125
1767174210.1672382,-2,-4,-124
1767174210.1772382,1,-4,-127
1767174210.1872382,0,-1,-126
1767174210.1972382,-1,-2,-132
1767174210.2072382,-4,-2,-131
1767174210.2172382,-7,3,-125
1767174210.2272382,-4,5,-124
1767174210.2372382,-3,4,-125
1767174210.2472382,-4,3,-122
1767174210.257238,-2,4,-123
1767174210.267238,-3,5,-126
1767174210.277238,-1,3,-131
1767174210.287238,0,2,-136
1767174210.297238,-5,2,-133
1767174210.307238,-8,-1,-133
1767174210.317238,-11,-2,-126
1767174210.327238,-10,-6,-121
1767174210.337238,-2,-4,-127
1767174210.347238,1,-4,-123
1767174210.357238,3,-4,-127
1767174210.367238,2,-4,-127
1767174210.377238,3,0,-125
1767174210.3872385,2,0,-123
1767174210.3972385,1,0,-119
1767174210.4072382,7,0,-128
1767174210.4172382,2,-5,-134
1767174210.4272382,0,-4,-136
1767174210.4372382,1,-2,-124
1767174210.4472382,-1,0,-125
1767174210.4572382,0,0,-127
1767174210.4672382,1,0,-123
1767174210.4772382,0,0,-124
1767174210.4872382,0,-2,-123
1767174210.4972382,4,-2,-120
1767174210.507238,2,-1,-118
1767174210.517238,1,-1,-121
1767174210.527238,3,-1,-129
1767174210.537238,4,1,-122
1767174210.547238,3,0,-119
1767174210.557238,4,-3,-117
1767174210.567238,0,-5,-119
1767174210.577238,1,-3,-122
1767174210.587238,0,-3,-130
1767174210.597238,-4,-4,-125
1767174210.607238,-7,-5,-122
1767174210.617238,-6,-3,-120
1767174210.627238,0,-4,-121
1767174210.6372385,0,-2,-123
1767174210.6472385,1,-5,-119
1767174210.6572382,3,-7,-128
1767174210.6682382,0,-2,-129
1767174210.6772382,-4,-2,-132
1767174210.6872382,-3,-1,-135
1767174210.698238,0,-3,-137
1767174210.708238,-1,-1,-131
1767174210.718238,0,-1,-126
1767174210.728238,0,0,-126
1767174210.738238,0,0,-127
1767174210.748238,0,0,-133
1767174210.758238,1,-3,-138
1767174210.768238,0,-2,-127
1767174210.778238,0,-1,-125
1767174210.788238,0,3,-126
1767174210.798238,0,3,-126
1767174210.8082385,0,3,-124
1767174210.8182385,-3,4,-129
1767174210.8282382,-2,4,-130
1767174210.8382382,-1,0,-124
1767174210.8482382,1,-2,-121
1767174210.8582382,-1,0,-124
1767174210.8682382,-4,0,-119
1767174210.8782382,-3,1,-118
1767174210.8882382,-2,-1,-126
1767174210.8982382,-8,-2,-127
1767174210.9082382,-6,4,-122
1767174210.9182382,-4,2,-127
1767174210.9282382,-3,1,-134
1767174210.938238,-5,-3,-134
1767174210.948238,-2,-2,-133
1767174210.958238,2,-1,-129
1767174210.968238,4,-2,-128
1767174210.978238,3,-2,-129
1767174210.988238,4,-3,-123
1767174210.998238,-1,0,-112
1767174211.008238,-1,0,-106
1767174211.018238,-2,2,-116
1767174211.028238,-3,4,-121
1767174211.038238,-2,4,-124
1767174211.048238,-5,7,-125
1767174211.0582385,-10,7,-122
1767174211.0682385,-7,5,-119
1767174211.0782382,-7,4,-118
1767174211.0882382,-4,0,-120
1767174211.0982382,-7,-8,-116
1767174211.1082382,-4,-2,-119
1767174211.1182382,-7,-4,-118
1767174211.1282382,-1,-4,-120
1767174211.1382382,0,-6,-118
1767174211.1482382,8,-8,-114
1767174211.1582382,6,-7,-111
1767174211.1682382,4,-2,-106
1767174211.1782382,3,0,-108
1767174211.188238,3,2,-115
1767174211.198238,5,0,-115
1767174211.208238,8,0,-115
1767174211.218238,6,3,-119
1767174211.228238,3,2,-113
1767174211.238238,5,-2,-115
1767174211.248238,5,0,-116
1767174211.258238,2,1,-123
1767174211.268238,2,5,-122
1767174211.278238,0,0,-119
1767174211.288238,0,-3,-121
1767174211.298238,0,-4,-118
1767174211.3082385,3,-3,-119
1767174211.3182385,4,-3,-117
1767174211.3282382,6,-1,-119
1767174211.3382382,8,-2,-111
1767174211.3482382,7,-2,-109
1767174211.3582382,4,-1,-114
1767174211.3682382,7,-1,-115
1767174211.3782382,7,1,-122
1767174211.3882382,3,1,-123
1767174211.3982382,2,-1,-125
1767174211.4082382,-2,-3,-125
1767174211.4182382,-2,-2,-122
1767174211.4282382,0,-2,-127
1767174211.438238,-3,0,-125
1767174211.448238,-1,-3,-128
1767174211.458238,-1,-4,-122
1767174211.468238,-2,-2,-121
1767174211.478238,-4,-6,-118
1767174211.488238,-2,-7,-120
1767174211.498238,-1,-11,-121
1767174211.508238,-3,-7,-123
1767174211.518238,-1,-2,-129
1767174211.528238,-3,1,-126
1767174211.538238,-2,5,-122
1767174211.548238,-2,4,-122
1767174211.5582385,0,3,-120
1767174211.5682385,2,-1,-128
1767174211.5782382,0,0,-128
1767174211.5882382,0,-3,-131
1767174211.5982382,-1,-1,-137
1767174211.6082382,-3,-4,-137
1767174211.6182382,-3,-3,-129
1767174211.6282382,-1,-4,-127
1767174211.6382382,0,-6,-124
1767174211.6482382,2,-8,-129
1767174211.6582382,2,-11,-131
1767174211.6682382,3,-7,-133
1767174211.6782382,2,-5,-125
1767174211.688238,2,-6,-119
1767174211.698238,7,-8,-120
1767174211.708238,5,-6,-123
1767174211.718238,9,-6,-120
1767174211.728238,4,-6,-128
1767174211.738238,3,-5,-128
1767174211.748238,3,-2,-129
1767174211.758238,5,-5,-127
1767174211.768238,3,-8,-133
1767174211.778238,6,-8,-130
1767174211.788238,6,-7,-133
1767174211.798238,8,-4,-138
1767174211.8082385,9,-7,-135
1767174211.8182385,6,-11,-129
1767174211.8282382,2,-8,-122
1767174211.8382382,1,-4,-124
1767174211.8482382,0,-6,-130
1767174211.8582382,5,-8,-129
1767174211.8682382,5,-5,-129
1767174211.8782382,4,-1,-130
1767174211.8882382,2,-5,-127
1767174211.8982382,-1,-6,-130
1767174211.9082382,-2,-4,-134
1767174211.9182382,-2,0,-132
1767174211.9282382,-2,0,-130
1767174211.938238,0,-1,-120
1767174211.948238,2,-3,-114
1767174211.958238,4,-3,-115
1767174211.968238,5,-6,-110
1767174211.978238,6,-1,-113
1767174211.988238,5,-2,-114
1767174211.998238,2,1,-116
1767174212.008238,1,2,-117
1767174212.018238,0,4,-119
1767174212.028238,-2,3,-121
1767174212.038238,-6,-1,-124
1767174212.048238,-8,-1,-124
1767174212.0582385,-8,0,-119
1767174212.0682385,-5,-1,-119
1767174212.0782382,-5,-2,-120
1767174212.0882382,-6,-2,-118
1767174212.0982382,-3,-2,-122
1767174212.1082382,-3,-5,-119
1767174212.1182382,2,-2,-119
1767174212.1282382,-1,-1,-118
1767174212.1382382,-4,3,-117
1767174212.1482382,-2,5,-114
1767174212.1582382,-2,3,-117
1767174212.1682382,-6,0,-116
1767174212.1782382,-4,0,-118
1767174212.188238,0,-2,-116
1767174212.198238,1,2,-118
1767174212.208238,3,3,-118
1767174212.218238,3,4,-124
1767174212.228238,6,6,-126
1767174212.238238,10,6,-128
1767174212.248238,9,2,-126
1767174212.258238,5,-1,-131
1767174212.268238,3,-6,-131
1767174212.278238,4,-6,-129
1767174212.288238,4,-8,-128
1767174212.298238,-1,-7,-132
1767174212.3082385,4,-6,-137
1767174212.3182385,2,-2,-136
1767174212.3282382,1,1,-132
1767174212.3382382,-2,0,-131
1767174212.3482382,0,3,-132
1767174212.3582382,4,-1,-132
1767174212.3682382,0,1,-127
1767174212.3782382,0,2,-130
1767174212.3882382,1,0,-137
1767174212.3982382,1,-4,-141
1767174212.4082382,2,-6,-138
1767174212.4182382,2,-5,-135
1767174212.4282382,0,-7,-132
1767174212.438238,-1,-7,-131
1767174212.448238,-4,-6,-130
1767174212.458238,-4,-5,-130
1767174212.468238,-7,-4,-134
1767174212.478238,-8,-3,-143
1767174212.488238,-7,-4,-142
1767174212.498238,-7,-3,-139
1767174212.508238,-2,2,-133
1767174212.518238,3,-3,-130
1767174212.528238,4,-4,-129
1767174212.538238,-1,-4,-131
1767174212.548238,-2,-4,-135
1767174212.5582385,0,-3,-132
1767174212.5682385,0,0,-129
1767174212.5782382,-1,2,-123
1767174212.5882382,-3,4,-126
1767174212.5982382,-4,7,-125
1767174212.6082382,-2,6,-129
1767174212.6182382,2,2,-126
1767174212.6282382,3,0,-125
1767174212.650238,-5,0,-129
1767174212.6582382,-2,-3,-120
1767174212.6682382,0,-4,-121
1767174212.6782382,2,-5,-117
1767174212.688238,1,0,-114
1767174212.698238,6,1,-116
1767174212.708238,4,1,-117
1767174212.718238,4,0,-116
1767174212.728238,4,0,-117
1767174212.738238,8,-4,-122
1767174212.748238,10,-7,-120
1767174212.758238,5,-3,-119
1767174212.768238,3,-1,-122
1767174212.778238,2,-4,-129
1767174212.788238,4,-4,-136
1767174212.798238,0,-2,-126
1767174212.8082385,2,-3,-127
1767174212.8182385,0,-2,-125
1767174212.8282382,5,-1,-122
1767174212.8382382,10,-4,-132
1767174212.8482382,9,-4,-135
1767174212.8582382,8,0,-126
1767174212.8682382,6,0,-125
1767174212.8782382,12,0,-128
1767174212.8882382,11,-3,-129
1767174212.8982382,11,-3,-124
1767174212.9082382,10,-4,-124
1767174212.9182382,8,-3,-122
1767174212.9282382,4,-3,-122
1767174212.938238,2,-2,-128
1767174212.948238,-2,0,-132
1767174212.958238,-6,4,-124
1767174212.968238,-9,2,-122
1767174212.978238,-11,0,-122
1767174212.988238,-7,2,-130
1767174212.998238,-1,1,-129
1767174213.008238,-4,4,-131
1767174213.018238,1,4,-123
1767174213.028238,0,0,-125
1767174213.038238,-1,0,-125
1767174213.048238,-1,-1,-130
1767174213.0582385,0,0,-127
1767174213.0682385,0,0,-130
1767174213.0782382,-1,0,-133
1767174213.0882382,0,-1,-133
1767174213.0982382,-2,-1,-131
1767174213.1082382,-4,1,-128
1767174213.1182382,-4,-2,-123
1767174213.1282382,-4,-4,-124
1767174213.1382382,-3,-5,-123
1767174213.1482382,-4,-5,-126
1767174213.1582382,-1,-2,-126
1767174213.1682382,2,0,-126
1767174213.1782382,2,1,-122
1767174213.188238,2,1,-125
1767174213.198238,-3,3,-127
1767174213.208238,-6,2,-124
1767174213.218238,-5,3,-119
1767174213.228238,-2,3,-118
1767174213.238238,-1,0,-118
1767174213.248238,1,0,-119
1767174213.258238,0,0,-118
1767174213.268238,-1,-1,-123
1767174213.278238,-2,-3,-118
1767174213.288238,-5,-5,-118
1767174213.298238,-9,-3,-124
1767174213.3082385,-14,0,-126
1767174213.3182385,-16,-2,-125
1767174213.3282382,-15,-3,-124
1767174213.3382382,-10,-2,-130
1767174213.3482382,-7,-6,-132
1767174213.359238,-6,-4,-124
1767174213.3682382,-8,-1,-129
1767174213.379238,-7,0,-127
1767174213.389238,-5,-5,-129
1767174213.399238,-9,-5,-129
1767174213.409238,-6,-3,-125
1767174213.419238,-4,-8,-121
1767174213.429238,-3,-5,-128
1767174213.439238,-2,-5,-128
1767174213.449238,-2,-2,-128
1767174213.459238,1,0,-125
1767174213.469238,0,0,-123
1767174213.4792385,3,0,-120
1767174213.4892385,3,-1,-115
1767174213.4992385,0,0,-120
1767174213.5092382,0,2,-122
1767174213.5192382,-1,-3,-126
1767174213.5292382,0,-3,-123
1767174213.5392382,4,-4,-129
1767174213.5492382,5,-5,-128
1767174213.5592382,5,-6,-123
1767174213.5692382,3,-3,-120
1767174213.5792382,2,0,-118
1767174213.5892382,0,0,-127
1767174213.5992382,0,0,-124
1767174213.609238,0,2,-121
1767174213.619238,-1,0,-120
1767174213.629238,-2,2,-119
1767174213.639238,-5,4,-115
1767174213.649238,-4,2,-117
1767174213.659238,1,0,-114
1767174213.669238,2,-1,-116
1767174213.679238,0,0,-120
1767174213.689238,0,-1,-133
1767174213.699238,-3,0,-130
1767174213.709238,-5,-2,-129
1767174213.719238,-5,-1,-128
1767174213.7292385,-2,-5,-127
1767174213.7392385,0,-8,-121
1767174213.7492385,-2,-1,-123
1767174213.7592382,0,0,-125
1767174213.7692382,-4,-1,-129
1767174213.7792382,-3,0,-133
1767174213.7892382,-1,0,-127
1767174213.7992382,-1,0,-128
1767174213.8092382,-2,-4,-124
1767174213.8192382,-1,-5,-121
1767174213.8292382,-1,-2,-106
1767174213.8392382,3,-1,-116
1767174213.8492382,6,-1,-120
1767174213.859238,6,1,-126
1767174213.869238,3,-1,-125
1767174213.879238,3,-2,-127
1767174213.889238,6,1,-128
1767174213.899238,6,8,-120
1767174213.909238,8,7,-123
1767174213.919238,2,4,-115
1767174213.929238,0,2,-113
1767174213.939238,5,2,-119
1767174213.949238,3,0,-123
1767174213.959238,0,2,-125
1767174213.969238,-1,2,-125
1767174213.9792385,0,5,-128
1767174213.9892385,4,4,-125
1767174213.9992385,1,2,-119
1767174214.0092382,-5,-2,-115
1767174214.0192382,-8,-3,-115
1767174214.0292382,-9,-3,-119
1767174214.0392382,-7,0,-123
1767174214.0492382,-4,0,-130
1767174214.0592382,-1,1,-134
1767174214.0692382,-2,0,-132
1767174214.0792382,1,3,-132
1767174214.0892382,1,-2,-129
1767174214.0992382,0,0,-129
1767174214.109238,-1,0,-128
1767174214.119238,-2,-6,-131
1767174214.129238,-5,-2,-122
1767174214.139238,-2,-6,-119
1767174214.149238,-4,-7,-118
1767174214.159238,-4,-10,-116
1767174214.169238,-2,-5,-117
1767174214.179238,0,-4,-117
1767174214.189238,-2,-2,-121
1767174214.199238,0,-3,-126
1767174214.209238,-1,-2,-122
1767174214.219238,0,-1,-120
1767174214.2292385,-4,0,-127
1767174214.2392385,-4,0,-133
1767174214.2492385,-7,0,-127
1767174214.2592382,-3,-2,-122
1767174214.2692382,-1,-1,-124
1767174214.2792382,3,0,-127
1767174214.2892382,6,0,-128
1767174214.2992382,7,-2,-129
1767174214.3092382,6,1,-127
1767174214.3192382,2,-4,-125
1767174214.3292382,1,-1,-116
1767174214.3392382,-5,3,-115
1767174214.3492382,-6,0,-123
1767174214.359238,-9,0,-126
1767174214.369238,-9,3,-125
1767174214.379238,-9,2,-123
1767174214.389238,-4,0,-115
1767174214.399238,-4,-1,-114
1767174214.409238,-11,-5,-115
1767174214.419238,-7,-3,-114
1767174214.429238,-5,-1,-115
1767174214.439238,-6,0,-115
1767174214.449238,-4,1,-121
1767174214.459238,-6,3,-124
1767174214.469238,0,3,-123
1767174214.4792385,2,5,-128
1767174214.4892385,2,6,-129
1767174214.4992385,-2,4,-129
1767174214.5092382,0,3,-124
1767174214.5192382,-5,3,-124
1767174214.5292382,-8,2,-126
1767174214.5392382,-7,1,-123
1767174214.5492382,0,1,-119
1767174214.5592382,0,1,-116
1767174214.5692382,3,0,-123
1767174214.5792382,6,-4,-118
1767174214.5892382,5,-4,-113
1767174214.5992382,8,-3,-113
1767174214.609238,10,-2,-113
1767174214.619238,9,0,-110
1767174214.629238,6,-4,-113
1767174214.639238,3,-1,-115
1767174214.649238,6,2,-114
1767174214.659238,3,2,-112
1767174214.669238,2,0,-116
1767174214.679238,8,-3,-122
1767174214.689238,8,0,-127
1767174214.699238,7,1,-126
1767174214.709238,6,2,-126
1767174214.719238,6,0,-121
1767174214.7292385,-1,3,-122
1767174214.7392385,0,4,-124
1767174214.7492385,4,1,-118
1767174214.7592382,0,2,-121
1767174214.7692382,0,0,-121
1767174214.7792382,0,-1,-119
1767174214.7892382,1,-3,-120
1767174214.7992382,-1,-6,-116
1767174214.8092382,0,-8,-122
1767174214.8192382,1,-5,-129
1767174214.8292382,-2,-8,-130
1767174214.8392382,-2,-7,-129
1767174214.8492382,4,-6,-136
1767174214.859238,6,-10,-134
1767174214.869238,3,-11,-128
1767174214.879238,1,-12,-129
1767174214.889238,3,-12,-127
1767174214.899238,4,-11,-136
1767174214.909238,0,-10,-135
1767174214.919238,1,-7,-132
1767174214.929238,-6,-7,-129
1767174214.939238,-6,-5,-127
1767174214.949238,-4,-3,-122
1767174214.959238,-2,-4,-127
1767174214.969238,-3,0,-133
1767174214.9792385,0,0,-140
1767174214.9892385,0,1,-136
1767174214.9992385,-5,1,-125
1767174215.0092382,-2,1,-127
1767174215.0192382,-2,2,-127
1767174215.0292382,-2,-3,-133
1767174215.0392382,0,-4,-125
1767174215.0492382,2,-5,-124
1767174215.0592382,0,-2,-132
1767174215.0692382,3,-1,-136
1767174215.0792382,4,-2,-129
1767174215.0892382,6,0,-133
1767174215.0992382,3,0,-133
1767174215.109238,2,2,-134
1767174215.119238,0,1,-132
1767174215.129238,2,-1,-130
1767174215.139238,2,-1,-130
1767174215.149238,-1,-1,-127
1767174215.159238,-4,-3,-127
1767174215.169238,1,-4,-135
1767174215.179238,0,-4,-134
1767174215.189238,-2,-3,-134
1767174215.199238,-6,-5,-132
1767174215.209238,-6,-7,-130
1767174215.219238,-3,-7,-132
1767174215.2292385,0,-6,-134
1767174215.2392385,-3,-7,-130
1767174215.2492385,-2,-8,-124
1767174215.2592382,1,-5,-118
1767174215.2692382,-1,-4,-122
1767174215.2792382,-1,0,-119
1767174215.2892382,-1,0,-120
1767174215.2992382,0,0,-122
1767174215.3092382,0,-1,-123
1767174215.3192382,0,0,-122
1767174215.3292382,-3,-1,-124
1767174215.3392382,0,-1,-122
1767174215.3492382,2,0,-122
1767174215.359238,3,2,-119
1767174215.369238,1,5,-119
1767174215.379238,3,4,-122
1767174215.389238,4,2,-126
1767174215.399238,6,0,-124
1767174215.409238,2,1,-117
1767174215.419238,1,0,-116
1767174215.429238,1,0,-122
1767174215.439238,2,-2,-125
1767174215.449238,7,-5,-129
1767174215.459238,4,-6,-132
1767174215.469238,4,-4,-135
1767174215.4792385,0,-1,-126
1767174215.4892385,0,-1,-124
1767174215.4992385,0,0,-125
1767174215.5092382,0,0,-122
1767174215.5192382,1,-2,-119
1767174215.5292382,-1,-5,-119
1767174215.5392382,-1,-7,-120
1767174215.5492382,-1,-8,-118
1767174215.5592382,-2,-5,-122
1767174215.5692382,-3,-4,-119
1767174215.5792382,-1,-1,-119
1767174215.5892382,0,0,-124
1767174215.5992382,-3,0,-129
1767174215.609238,-5,0,-124
1767174215.619238,-6,1,-118
1767174215.629238,-5,0,-117
1767174215.639238,-4,0,-118
1767174215.649238,-3,0,-118
1767174215.659238,-5,0,-119
1767174215.669238,-10,-2,-125
1767174215.679238,-7,-2,-125
1767174215.689238,-5,-5,-124
1767174215.699238,-12,-3,-121
1767174215.709238,-9,0,-124
1767174215.719238,-4,0,-128
1767174215.7292385,-3,2,-130
1767174215.7392385,-1,3,-128
1767174215.7492385,0,4,-126
1767174215.7592382,2,4,-128
1767174215.7692382,2,-1,-130
1767174215.7792382,3,-4,-122
1767174215.7892382,1,-4,-125
1767174215.7992382,1,0,-132
1767174215.8092382,0,1,-129
1767174215.8192382,2,-2,-120
1767174215.8292382,0,-3,-122
1767174215.8392382,0,0,-127
1767174215.8492382,0,-1,-135
1767174215.859238,-3,-5,-134
1767174215.869238,0,-9,-134
1767174215.879238,1,-6,-126
1767174215.889238,2,-6,-119
1767174215.899238,2,-3,-117
1767174215.909238,4,-4,-122
1767174215.919238,7,-8,-117
1767174215.929238,3,-9,-117
1767174215.9402382,1,-10,-123
1767174215.949238,0,-13,-126
1767174215.959238,-2,-10,-120
1767174215.9702382,-3,-11,-117
1767174215.9792385,-3,-6,-116
1767174215.9902382,-7,-5,-117
1767174216.0002382,-8,-2,-121
1767174216.0102382,-4,-5,-124
1767174216.0202382,0,-7,-124
1767174216.0302382,2,-6,-123
1767174216.040238,-2,-13,-126
1767174216.050238,-3,-16,-123
1767174216.060238,-2,-15,-122
1767174216.070238,0,-9,-123
1767174216.080238,4,-2,-129
1767174216.090238,4,0,-126
1767174216.100238,6,-6,-123
1767174216.110238,8,-7,-115
1767174216.120238,7,-3,-118
1767174216.130238,7,-1,-114
1767174216.140238,4,-2,-121
1767174216.150238,0,2,-122
1767174216.1602385,-2,0,-122
1767174216.1702385,-3,-3,-122
1767174216.1802382,-2,-1,-114
1767174216.1902382,-6,-3,-119
1767174216.2002382,-5,-3,-130
1767174216.2102382,0,1,-124
1767174216.2202382,-3,1,-122
1767174216.2302382,-3,3,-120
1767174216.2402382,-4,0,-117
1767174216.2502382,-6,-3,-120
1767174216.2602382,-3,-1,-113
1767174216.2702382,-2,-6,-114
1767174216.2802382,-4,-4,-116
1767174216.290238,-4,0,-113
1767174216.300238,2,-1,-118
1767174216.310238,3,0,-121
1767174216.320238,4,-1,-128
1767174216.330238,4,-1,-135
1767174216.340238,3,-6,-134
1767174216.350238,4,-5,-134
1767174216.360238,3,-4,-134
1767174216.370238,6,-4,-132
1767174216.380238,7,-4,-126
1767174216.390238,4,-5,-123
1767174216.400238,4,-3,-125
1767174216.4102385,3,-3,-129
1767174216.4202385,5,-5,-126
1767174216.4302382,3,-7,-119
1767174216.4402382,2,-7,-123
1767174216.4502382,1,-5,-129
1767174216.4602382,2,-3,-130
1767174216.4702382,3,-3,-127
1767174216.4802382,3,-4,-127
1767174216.4902382,3,-2,-124
1767174216.5002382,0,1,-123
1767174216.5102382,0,7,-117
1767174216.5202382,3,5,-116
1767174216.5302382,4,5,-118
1767174216.540238,1,9,-120
1767174216.550238,4,7,-125
1767174216.560238,2,2,-123
1767174216.570238,3,3,-115
1767174216.580238,1,4,-111
1767174216.590238,1,0,-116
1767174216.600238,2,0,-116
1767174216.610238,0,3,-118
1767174216.620238,4,5,-124
1767174216.630238,6,5,-131
1767174216.640238,5,1,-128
1767174216.650238,8,5,-125
1767174216.6602385,7,3,-123
1767174216.6702385,5,0,-125
1767174216.6802382,1,-5,-123
1767174216.6902382,4,-7,-122
1767174216.7002382,7,-6,-122
1767174216.7102382,8,-6,-122
1767174216.7202382,5,-2,-127
1767174216.7302382,2,-1,-128
1767174216.7402382,0,-1,-119
1767174216.7502382,0,-2,-121
1767174216.7602382,1,-3,-125
1767174216.7702382,1,-4,-123
1767174216.7802382,0,-10,-121
1767174216.790238,1,-8,-122
1767174216.800238,3,-9,-118
1767174216.810238,0,-5,-121
1767174216.820238,0,-7,-114
1767174216.830238,2,-8,-114
1767174216.840238,0,-7,-117
1767174216.850238,1,-1,-119
1767174216.860238,2,1,-127
1767174216.870238,3,5,-126
1767174216.880238,4,0,-128
1767174216.890238,2,-3,-125
1767174216.900238,5,-2,-123
1767174216.9102385,4,-3,-124
1767174216.9202385,0,-1,-120
1767174216.9312382,3,-3,-122
1767174216.9402382,6,0,-117
1767174216.9502382,7,2,-122
1767174216.9602382,3,0,-121
1767174216.9702382,5,1,-126
1767174216.9802382,2,-1,-128
1767174216.9902382,4,-7,-126
1767174217.0002382,6,-6,-125
1767174217.0102382,7,-3,-123
1767174217.0202382,7,-2,-124
1767174217.0302382,4,-6,-119
1767174217.040238,2,-3,-118
1767174217.050238,0,-3,-118
1767174217.060238,1,-5,-125
1767174217.070238,3,-7,-127
1767174217.080238,1,-6,-125
1767174217.090238,-3,-9,-124
1767174217.100238,-6,-8,-127
1767174217.110238,-9,-6,-122
1767174217.120238,-4,-4,-112
1767174217.130238,-1,0,-108
1767174217.140238,-3,0,-109
1767174217.150238,-1,-2,-113
1767174217.1602385,-2,-2,-119
1767174217.1702385,3,-5,-124
1767174217.1802382,3,-4,-122
1767174217.1902382,1,-4,-121
1767174217.2002382,1,-1,-112
1767174217.2102382,1,0,-117
1767174217.2202382,0,3,-122
1767174217.2302382,-1,0,-124
1767174217.2402382,-1,-3,-132
1767174217.2502382,3,-2,-126
1767174217.2602382,0,-2,-128
1767174217.2702382,-1,-1,-127
1767174217.2802382,-1,-1,-119
1767174217.290238,-3,0,-122
1767174217.300238,-7,4,-128
1767174217.310238,-5,3,-122
1767174217.320238,0,2,-123
1767174217.330238,-2,3,-123
1767174217.340238,0,3,-125
1767174217.350238,-1,4,-122
1767174217.360238,-4,4,-126
1767174217.370238,1,0,-125
1767174217.380238,2,3,-123
1767174217.390238,3,0,-126
1767174217.400238,0,-1,-119
1767174217.4102385,3,-3,-120
1767174217.4202385,2,-2,-117
1767174217.4302382,-2,2,-120
1767174217.4402382,-1,0,-115
1767174217.4502382,-1,-2,-114
1767174217.4602382,1,-5,-114
1767174217.4702382,-1,-8,-119
1767174217.4802382,-1,-8,-116
1767174217.4902382,-1,-6,-124
1767174217.5002382,0,-4,-121
1767174217.5102382,1,-1,-130
1767174217.5202382,-2,0,-128
1767174217.5302382,-2,2,-125
1767174217.540238,0,2,-122
1767174217.550238,2,1,-119
1767174217.560238,2,0,-126
1767174217.570238,5,1,-119
1767174217.580238,4,1,-119
1767174217.590238,5,2,-114
1767174217.600238,1,0,-118
1767174217.610238,1,0,-121
1767174217.620238,3,2,-124
1767174217.630238,5,6,-124
1767174217.640238,4,9,-128
1767174217.662238,1,2,-134
1767174217.6702385,1,2,-132
1767174217.6802382,-2,0,-125
1767174217.6902382,0,1,-128
1767174217.7002382,-1,-1,-126
1767174217.7102382,2,0,-130
1767174217.7202382,-1,0,-133
1767174217.7302382,0,4,-133
1767174217.7402382,0,4,-133
1767174217.7502382,-4,3,-135
1767174217.7602382,-9,2,-124
1767174217.7702382,-7,0,-127
1767174217.7802382,-6,-1,-127
1767174217.790238,-2,3,-120
1767174217.800238,1,2,-116
1767174217.810238,-2,2,-115
1767174217.820238,-4,1,-117
1767174217.830238,-4,0,-115
1767174217.840238,-7,-4,-126
1767174217.850238,-6,-6,-125
1767174217.860238,-5,-6,-121
1767174217.870238,-6,-3,-116
1767174217.880238,-3,0,-116
1767174217.890238,0,-2,-122
1767174217.900238,-4,1,-127
1767174217.9102385,-4,4,-131
1767174217.9202385,-4,1,-133
1767174217.9302382,-1,2,-134
1767174217.9402382,0,0,-136
1767174217.9502382,1,0,-125
1767174217.9602382,-4,0,-124
1767174217.9702382,0,0,-121
1767174217.9802382,1,-4,-119
1767174217.9902382,1,-4,-116
1767174218.0002382,3,-5,-119
1767174218.0102382,0,-7,-123
1767174218.0202382,-2,-4,-131
1767174218.0302382,0,-5,-125
1767174218.040238,-2,-4,-120
1767174218.050238,-3,-5,-120
1767174218.060238,-5,-6,-124
1767174218.070238,-6,-3,-130
1767174218.080238,-5,0,-128
1767174218.090238,-7,4,-125
1767174218.100238,-9,1,-121
1767174218.110238,-10,-1,-124
1767174218.120238,-10,-6,-131
1767174218.130238,-9,-6,-126
1767174218.140238,-6,-6,-126
1767174218.150238,-4,-4,-128
1767174218.1602385,-1,-4,-125
1767174218.1702385,-5,0,-125
1767174218.1802382,-5,1,-127
1767174218.1902382,-5,1,-125
1767174218.2002382,-3,2,-116
1767174218.2102382,-1,4,-112
1767174218.2202382,-4,1,-109
1767174218.2302382,-2,-3,-111
1767174218.2402382,1,2,-115
1767174218.2502382,5,3,-119
1767174218.2602382,2,3,-121
1767174218.2702382,1,2,-119
1767174218.2802382,3,3,-119
1767174218.290238,1,1,-123
1767174218.300238,0,1,-126
1767174218.310238,-3,2,-128
1767174218.320238,-4,0,-125
1767174218.330238,0,0,-129
1767174218.340238,-3,4,-126
1767174218.350238,-2,4,-127
1767174218.360238,-3,4,-123
1767174218.370238,3,3,-126
1767174218.380238,2,6,-130
1767174218.390238,1,5,-128
1767174218.400238,2,5,-117
1767174218.4102385,-2,4,-121
1767174218.4202385,1,3,-124
1767174218.4302382,0,6,-121
1767174218.4402382,1,8,-123
1767174218.4502382,-2,2,-125
1767174218.4602382,-3,-2,-123
1767174218.4702382,-2,-5,-123
1767174218.4802382,-3,-6,-123
1767174218.4902382,0,-6,-131
1767174218.5002382,2,-5,-131
1767174218.5102382,2,-6,-133
1767174218.5202382,2,-3,-133
1767174218.5302382,4,0,-131
1767174218.540238,1,1,-128
1767174218.550238,0,-1,-124
1767174218.560238,1,-3,-126
1767174218.570238,2,-3,-124
1767174218.580238,0,-7,-122
1767174218.590238,-2,-9,-120
1767174218.600238,0,-13,-118
1767174218.610238,2,-12,-116
1767174218.620238,0,-12,-118
1767174218.630238,-2,-10,-122
1767174218.6412382,0,-10,-121
1767174218.650238,-1,-9,-126
1767174218.6612382,0,-6,-129
1767174218.6712382,0,-2,-136
1767174218.6812382,0,-5,-138
1767174218.6912382,1,-3,-138
1767174218.7012382,1,-2,-136
1767174218.711238,-1,-2,-128
1767174218.721238,-5,-2,-119
1767174218.731238,-6,0,-121
1767174218.741238,-4,0,-124
1767174218.751238,-6,1,-127
1767174218.761238,-5,-4,-132
1767174218.771238,-6,-5,-130
1767174218.781238,-3,-3,-124
1767174218.791238,-5,-1,-127
1767174218.801238,-5,-1,-129
1767174218.811238,-3,0,-130
1767174218.821238,0,-3,-125
1767174218.8312385,-2,-8,-125
1767174218.8412385,0,-10,-132
1767174218.8512385,0,-6,-137
1767174218.8612382,-2,-6,-136
1767174218.8712382,0,-7,-135
1767174218.8812382,0,-6,-137
1767174218.8912382,-2,-6,-136
1767174218.9012382,-6,-6,-136
1767174218.9112382,-7,-6,-123
1767174218.9212382,-6,-6,-122
1767174218.9312382,-4,-8,-126
1767174218.9412382,-1,-7,-126
1767174218.9512382,-2,-5,-129
1767174218.961238,2,-4,-123
1767174218.971238,0,-6,-118
1767174218.981238,-1,-3,-116
1767174218.991238,0,0,-116
1767174219.001238,-3,1,-114
1767174219.011238,-4,2,-120
1767174219.021238,0,8,-120
1767174219.031238,-2,7,-119
1767174219.041238,-2,7,-125
1767174219.051238,-3,3,-124
1767174219.061238,-6,-1,-121
1767174219.071238,-12,-2,-120
1767174219.0812385,-3,0,-121
1767174219.0912385,0,0,-125
1767174219.1012385,1,0,-122
1767174219.1112382,1,3,-121
1767174219.1212382,0,4,-120
1767174219.1312382,-1,2,-118
1767174219.1412382,0,1,-121
1767174219.1512382,0,2,-126
1767174219.1612382,1,3,-125
1767174219.1712382,-2,4,-123
1767174219.1812382,-4,0,-129
1767174219.1912382,-4,-1,-122
1767174219.2012382,-1,-2,-124
1767174219.211238,-7,-3,-125
1767174219.221238,-6,0,-123
1767174219.231238,-4,-1,-125
1767174219.241238,0,-2,-127
1767174219.251238,4,-1,-126
1767174219.261238,0,1,-123
1767174219.271238,3,0,-123
1767174219.281238,3,1,-124
1767174219.291238,4,3,-125
1767174219.301238,5,5,-122
1767174219.311238,9,3,-123
1767174219.321238,7,5,-126
1767174219.3312385,7,4,-119
1767174219.3412385,1,6,-115
1767174219.3512385,0,5,-112
1767174219.3612382,5,4,-118
1767174219.3712382,3,3,-123
1767174219.3812382,3,2,-129
1767174219.3912382,6,1,-129
1767174219.4012382,5,-2,-129
1767174219.4112382,8,-3,-131
1767174219.4212382,7,-3,-130
1767174219.4312382,9,-4,-137
1767174219.4412382,7,-6,-136
1767174219.4512382,4,-4,-131
1767174219.461238,-1,-7,-134
1767174219.471238,0,-6,-129
1767174219.481238,-2,-8,-129
1767174219.491238,-3,-8,-131
1767174219.501238,-1,-7,-126
1767174219.511238,2,-3,-127
1767174219.521238,2,1,-124
1767174219.531238,-1,6,-130
1767174219.541238,-3,8,-130
1767174219.551238,-2,8,-127
1767174219.561238,-2,6,-126
1767174219.571238,0,2,-121
1767174219.5812385,-1,0,-125
1767174219.5912385,0,-3,-133
1767174219.6012385,1,-8,-134
1767174219.6112382,0,-6,-133
1767174219.6212382,1,-7,-131
1767174219.6312382,0,-2,-123
1767174219.6412382,0,-3,-127
1767174219.6512382,6,-2,-129
1767174219.6612382,8,-2,-128
1767174219.6712382,4,-2,-128
1767174219.6812382,5,-5,-125
1767174219.6912382,2,-6,-122
1767174219.7012382,2,-9,-123
1767174219.711238,4,-4,-125
1767174219.721238,0,-5,-131
1767174219.731238,0,-3,-134
1767174219.741238,1,-4,-130
1767174219.751238,0,-4,-125
1767174219.761238,-1,-3,-121
1767174219.771238,-2,-4,-120
1767174219.781238,-1,0,-122
1767174219.791238,-2,3,-127
1767174219.801238,-1,1,-125
1767174219.811238,0,0,-121
1767174219.821238,-1,-1,-115
1767174219.8312385,-1,-4,-119
1767174219.8412385,-1,-6,-120
1767174219.8512385,4,-4,-129
1767174219.8612382,6,-2,-139
1767174219.8712382,4,1,-137
1767174219.8812382,5,2,-129
1767174219.8912382,3,2,-130
1767174219.9012382,0,3,-127
1767174219.9112382,2,-1,-130
1767174219.9212382,0,-1,-132
1767174219.9312382,4,-1,-130
1767174219.9412382,0,0,-126
1767174219.9512382,3,1,-132
1767174219.961238,3,0,-136
1767174219.971238,4,1,-140
1767174219.981238,-7,-1,-136
1767174219.991238,-6,0,-136
1767174220.001238,-7,0,-133
1767174220.011238,-8,4,-127
1767174220.021238,-3,0,-126
1767174220.031238,-8,-4,-122
1767174220.041238,0,-3,-124
1767174220.051238,0,-4,-124
1767174220.061238,-4,-5,-127
1767174220.071238,-3,0,-130
1767174220.0812385,-6,0,-133
1767174220.0912385,-7,-2,-128
1767174220.1012385,-6,-5,-121
1767174220.1112382,-1,-3,-122
1767174220.1212382,4,-2,-118
1767174220.1312382,4,-4,-122
1767174220.1412382,6,0,-123
1767174220.1512382,6,-1,-122
1767174220.1612382,4,0,-128
1767174220.1712382,3,1,-132
1767174220.1812382,0,2,-127
1767174220.1912382,4,0,-125
1767174220.2012382,2,-2,-125
1767174220.211238,0,-5,-120
1767174220.221238,4,-5,-120
1767174220.231238,1,-6,-118
1767174220.241238,1,0,-121
1767174220.251238,6,2,-121
1767174220.261238,4,3,-116
1767174220.271238,3,2,-118
1767174220.281238,5,-2,-118
1767174220.291238,2,-4,-121
1767174220.301238,0,0,-128
1767174220.311238,3,3,-128
1767174220.321238,1,8,-134
1767174220.3312385,-6,7,-132
1767174220.3412385,-6,6,-131
1767174220.3512385,-7,2,-128
1767174220.3612382,-3,1,-126
1767174220.3712382,-7,2,-127
1767174220.3812382,-6,5,-126
1767174220.3912382,-3,1,-125
1767174220.4012382,-5,2,-123
1767174220.4112382,-3,-1,-121
1767174220.4212382,-3,-2,-117
1767174220.4312382,-2,-2,-114
1767174220.4412382,-3,-2,-120
1767174220.4512382,-6,1,-124
1767174220.461238,-2,-4,-125
1767174220.471238,0,-6,-126
1767174220.481238,0,-5,-121
1767174220.491238,-3,-4,-128
1767174220.501238,-1,-1,-120
1767174220.511238,-1,0,-122
1767174220.521238,1,3,-128
1767174220.531238,2,0,-127
1767174220.541238,2,-3,-121
1767174220.551238,6,-1,-119
1767174220.561238,8,-1,-121
1767174220.571238,6,-1,-126
1767174220.5812385,3,-1,-127
1767174220.5912385,0,-5,-127
1767174220.6012385,5,-5,-136
1767174220.6112382,4,-2,-128
1767174220.6212382,4,-3,-128
1767174220.6312382,6,-8,-123
1767174220.6412382,4,-8,-119
1767174220.6512382,2,-10,-124
1767174220.6612382,-1,-7,-127
1767174220.6712382,-6,-3,-127
1767174220.6812382,-5,-1,-130
1767174220.6912382,-6,-2,-130
1767174220.7012382,-7,0,-125
1767174220.711238,-7,-1,-124
1767174220.721238,-3,-6,-130
1767174220.731238,-3,-1,-126
1767174220.741238,-2,-3,-130
1767174220.751238,0,-3,-133
1767174220.761238,1,0,-133
1767174220.771238,6,-2,-130
1767174220.781238,8,-4,-129
1767174220.791238,7,-9,-135
1767174220.801238,1,-4,-130
1767174220.811238,-2,0,-125
1767174220.821238,0,0,-121
1767174220.8312385,2,0,-125
1767174220.8412385,0,-1,-128
1767174220.8512385,1,0,-127
1767174220.8612382,0,-1,-122
1767174220.8712382,5,-1,-122
1767174220.8812382,2,-1,-121
1767174220.8912382,0,0,-121
1767174220.9012382,0,-2,-121
1767174220.9112382,3,-3,-119
1767174220.9212382,3,-1,-116
1767174220.9312382,1,0,-123
1767174220.9412382,1,0,-124
1767174220.9512382,0,0,-120
1767174220.961238,0,4,-119
1767174220.971238,1,4,-116
1767174220.981238,0,2,-114
1767174220.991238,4,0,-120
1767174221.001238,1,0,-121
1767174221.011238,-4,-2,-116
1767174221.021238,-7,1,-119
1767174221.031238,-4,1,-119
1767174221.041238,1,-1,-116
1767174221.051238,-1,-4,-121
1767174221.061238,-3,0,-122
1767174221.071238,-7,0,-119
1767174221.0812385,-2,-3,-118
1767174221.0912385,0,-2,-124
1767174221.1012385,-1,-1,-128
1767174221.1112382,-1,1,-126
1767174221.1212382,0,3,-121
1767174221.1312382,-1,-1,-118
1767174221.1412382,-1,-3,-125
1767174221.1512382,0,0,-123
1767174221.1612382,3,-1,-124
1767174221.1712382,1,0,-126
1767174221.1812382,2,-3,-121
1767174221.1912382,6,-1,-118
1767174221.2012382,6,0,-116
1767174221.211238,5,2,-115
1767174221.221238,6,0,-121
1767174221.232238,6,2,-127
1767174221.241238,3,-2,-129
1767174221.251238,1,-1,-131
1767174221.2622385,0,-2,-125
1767174221.271238,3,-2,-124
1767174221.281238,0,-1,-122
1767174221.2922382,-3,2,-119
1767174221.301238,-5,0,-121
1767174221.3122382,-1,-1,-124
1767174221.3222382,-1,0,-124
1767174221.3322382,0,0,-125
1767174221.3422382,2,-3,-128
1767174221.3522382,0,-1,-132
1767174221.3622382,0,-4,-136
1767174221.3722382,0,-7,-133
1767174221.382238,-4,-8,-128
1767174221.392238,-5,-8,-129
1767174221.402238,0,-8,-124
1767174221.412238,-2,-4,-125
1767174221.422238,-8,-6,-125
1767174221.432238,-9,-2,-124
1767174221.442238,-10,-3,-127
1767174221.452238,-8,-9,-127
1767174221.462238,-6,-11,-127
1767174221.472238,-5,-9,-128
1767174221.482238,-2,-8,-125
1767174221.492238,-2,-6,-129
1767174221.502238,0,-7,-125
1767174221.5122385,-1,-6,-128
1767174221.5222385,-5,-8,-129
1767174221.5322382,-2,-5,-128
1767174221.5422382,-3,-3,-124
1767174221.5522382,-2,-1,-129
1767174221.5622382,0,-6,-127
1767174221.5722382,0,-11,-123
1767174221.5822382,1,-5,-120
1767174221.5922382,4,-3,-118
1767174221.6022382,2,-7,-115
1767174221.6122382,-1,-5,-116
1767174221.6222382,0,0,-120
1767174221.632238,0,-1,-116
1767174221.642238,4,-1,-125
1767174221.652238,5,0,-129
1767174221.662238,5,0,-130
1767174221.672238,6,3,-129
1767174221.682238,6,0,-130
1767174221.692238,5,-5,-130
1767174221.702238,6,-8,-135
1767174221.712238,5,-5,-136
1767174221.722238,3,-5,-135
1767174221.732238,0,-7,-130
1767174221.742238,4,-7,-135
1767174221.752238,1,-6,-135
1767174221.7622385,1,-5,-128
1767174221.7722385,1,-5,-129
1767174221.7822382,3,-3,-133
1767174221.7922382,4,-3,-130
1767174221.8022382,6,-2,-123
1767174221.8122382,4,1,-120
1767174221.8222382,5,1,-125
1767174221.8322382,3,-1,-123
1767174221.8422382,6,-1,-122
1767174221.8522382,4,4,-126
1767174221.8622382,0,6,-128
1767174221.8722382,0,1,-126
1767174221.882238,-2,0,-129
1767174221.892238,-3,-4,-132
1767174221.902238,-5,-6,-128
1767174221.912238,-1,-7,-119
1767174221.922238,2,-7,-120
1767174221.932238,1,-11,-122
1767174221.942238,1,-6,-126
1767174221.952238,1,-5,-129
1767174221.962238,0,-6,-127
1767174221.972238,3,-1,-122
1767174221.982238,1,-1,-120
1767174221.992238,2,-2,-122
1767174222.002238,3,-4,-127
1767174222.0122385,7,-4,-129
1767174222.0222385,6,0,-122
1767174222.0322382,3,0,-127
1767174222.0422382,4,0,-130
1767174222.0522382,3,-3,-132
1767174222.0622382,4,-6,-128
1767174222.0722382,2,-6,-124
1767174222.0822382,6,-7,-122
1767174222.0922382,3,-5,-133
1767174222.1022382,2,-3,-134
1767174222.1122382,6,-3,-131
1767174222.1222382,5,-5,-130
1767174222.132238,3,-9,-129
1767174222.142238,5,-8,-122
1767174222.152238,5,-6,-118
1767174222.162238,7,-7,-118
1767174222.172238,7,-8,-120
1767174222.182238,3,-7,-121
1767174222.192238,-5,-9,-126
1767174222.202238,-3,-7,-126
1767174222.212238,-9,-6,-132
1767174222.222238,-6,-2,-131
1767174222.232238,-6,2,-130
1767174222.242238,-1,2,-130
1767174222.252238,1,0,-126
1767174222.2622385,2,-1,-130
1767174222.2722385,1,0,-127
1767174222.2822382,0,0,-130
1767174222.2922382,0,2,-131
1767174222.3022382,-1,4,-125
1767174222.3122382,-2,0,-123
1767174222.3222382,-2,-2,-119
1767174222.3322382,2,-2,-115
1767174222.3422382,-1,-5,-111
1767174222.3522382,0,-2,-110
1767174222.3622382,-1,0,-113
1767174222.3722382,-2,-1,-120
1767174222.382238,0,0,-115
1767174222.392238,-1,-1,-118
1767174222.402238,-2,0,-114
1767174222.412238,-3,-4,-106
1767174222.422238,-7,0,-103
1767174222.432238,-6,0,-105
1767174222.442238,-4,-5,-103
1767174222.452238,-6,-6,-107
1767174222.462238,-6,-2,-113
1767174222.472238,-4,-1,-118
1767174222.482238,-5,-4,-123
1767174222.492238,-4,-5,-127
1767174222.502238,-4,-5,-126
1767174222.5122385,0,-6,-123
1767174222.5222385,2,-10,-121
1767174222.5322382,3,-6,-112
1767174222.5422382,1,-2,-114
1767174222.5522382,0,-3,-112
1767174222.5622382,0,-4,-117
1767174222.5722382,-5,-2,-122
1767174222.5822382,-6,-4,-121
1767174222.5922382,-4,-8,-117
1767174222.6022382,-3,-6,-113
1767174222.6122382,-2,-3,-121
1767174222.6222382,-1,-9,-131
1767174222.632238,-2,-10,-132
1767174222.642238,-3,-7,-121
1767174222.652238,-3,-2,-120
1767174222.673238,-4,-2,-117
1767174222.682238,-5,-5,-117
1767174222.692238,-1,-1,-120
1767174222.702238,0,-6,-119
1767174222.712238,0,-9,-114
1767174222.722238,1,-4,-114
1767174222.732238,1,-6,-109
1767174222.742238,1,-6,-113
1767174222.752238,-5,-5,-112
1767174222.7622385,-1,-2,-120
1767174222.7722385,-2,0,-121
1767174222.7822382,0,-6,-123
1767174222.7922382,-4,-5,-125
1767174222.8022382,-3,0,-122
1767174222.8122382,3,0,-125
1767174222.8222382,6,1,-126
1767174222.8322382,6,4,-122
1767174222.8422382,8,5,-113
1767174222.8522382,2,5,-108
1767174222.8622382,-1,1,-113
1767174222.8722382,-4,-1,-116
1767174222.882238,-1,0,-110
1767174222.892238,1,-1,-110
1767174222.902238,2,-4,-110
1767174222.912238,0,-2,-118
1767174222.922238,0,-4,-123
1767174222.932238,0,-5,-124
1767174222.942238,1,-6,-116
1767174222.952238,0,-8,-116
1767174222.962238,2,-8,-116
1767174222.972238,1,-5,-116
1767174222.982238,1,-4,-119
1767174222.992238,5,-2,-117
1767174223.002238,4,-3,-121
1767174223.0122385,3,-2,-124
1767174223.0222385,-2,-1,-121
1767174223.0322382,-1,0,-125
1767174223.0422382,-1,0,-120
1767174223.0522382,-1,-1,-122
1767174223.0622382,-2,-1,-121
1767174223.0722382,-2,-6,-124
1767174223.0822382,0,-3,-126
1767174223.0922382,0,0,-124
1767174223.1022382,6,2,-124
1767174223.1122382,4,1,-126
1767174223.1222382,5,-3,-125
1767174223.132238,5,-4,-131
1767174223.142238,2,2,-130
1767174223.152238,0,5,-132
1767174223.162238,0,2,-128
1767174223.172238,-2,0,-127
1767174223.182238,-5,-1,-121
1767174223.192238,-1,0,-120
1767174223.202238,-2,0,-125
1767174223.212238,1,1,-128
1767174223.222238,1,0,-127
1767174223.232238,0,1,-135
1767174223.242238,2,-1,-131
1767174223.252238,1,-6,-131
1767174223.2622385,2,-12,-131
1767174223.2722385,4,-8,-132
1767174223.2822382,7,-6,-129
1767174223.2922382,5,-11,-126
1767174223.3022382,-2,-9,-128
1767174223.3122382,-1,-7,-131
1767174223.3222382,0,-6,-124
1767174223.3322382,-2,-7,-126
1767174223.3422382,-2,-5,-132
1767174223.3522382,-2,-6,-139
1767174223.3622382,-2,-3,-135
1767174223.3722382,-4,-4,-133
1767174223.382238,-2,-4,-127
1767174223.392238,-4,-3,-125
1767174223.402238,-10,-2,-126
1767174223.412238,-7,-8,-124
1767174223.422238,-4,-6,-130
1767174223.432238,0,0,-132
1767174223.442238,2,0,-130
1767174223.452238,5,-3,-131
1767174223.462238,4,-2,-128
1767174223.472238,1,-2,-127
1767174223.482238,2,-4,-128
1767174223.492238,2,-3,-127
1767174223.502238,2,-5,-123
1767174223.5122385,-1,-8,-127
1767174223.5222385,0,-5,-126
1767174223.5322382,-3,-3,-129
1767174223.5422382,-4,3,-126
1767174223.5522382,-8,0,-124
1767174223.5622382,-4,-3,-122
1767174223.5722382,-6,-3,-119
1767174223.5822382,-3,-4,-125
1767174223.5922382,0,-5,-124
1767174223.6022382,-4,-6,-128
1767174223.6122382,-4,-9,-132
1767174223.6222382,-4,-5,-131
1767174223.632238,-5,-4,-127
1767174223.642238,-1,-6,-125
1767174223.652238,2,-3,-125
1767174223.662238,0,3,-124
1767174223.672238,2,1,-121
1767174223.682238,0,-2,-122
1767174223.692238,-3,-1,-122
1767174223.702238,-3,-1,-113
1767174223.712238,0,-3,-116
1767174223.722238,-3,-4,-113
1767174223.732238,-2,0,-119
1767174223.742238,1,-3,-123
1767174223.752238,0,-2,-123
1767174223.7622385,1,-2,-125
1767174223.7722385,2,-3,-128
1767174223.7822382,3,-3,-122
1767174223.7922382,1,-2,-121
1767174223.8022382,2,1,-119
1767174223.8122382,1,0,-116
1767174223.8222382,5,0,-117
1767174223.8322382,4,-3,-113
1767174223.8422382,3,-4,-117
1767174223.8522382,2,-2,-121
1767174223.8622382,5,-2,-120
1767174223.8722382,7,-1,-115
1767174223.882238,9,-3,-117
1767174223.892238,8,-3,-124
1767174223.902238,9,-4,-127
1767174223.912238,5,-4,-123
1767174223.922238,2,-2,-125
1767174223.932238,2,-2,-127
1767174223.942238,-2,-2,-131
1767174223.9532382,-7,-3,-127
1767174223.9632382,-4,0,-130
1767174223.972238,-3,-1,-135
1767174223.9832382,-1,-2,-138
1767174223.9932382,-5,0,-138
1767174224.0032382,-8,-6,-136
1767174224.0132382,-7,-4,-137
1767174224.0232382,-3,0,-141
1767174224.0332382,-2,0,-140
1767174224.0432382,-4,1,-138
1767174224.0532382,-3,-2,-132
1767174224.063238,-3,-6,-137
1767174224.073238,-1,-8,-128
1767174224.083238,-1,-6,-124
1767174224.093238,-3,-1,-129
1767174224.103238,3,0,-126
1767174224.113238,2,3,-122
1767174224.123238,0,4,-124
1767174224.133238,-4,3,-122
1767174224.143238,-7,-2,-122
1767174224.153238,-6,-2,-122
1767174224.163238,-2,0,-128
1767174224.173238,-2,-4,-122
1767174224.1832385,-2,-5,-124
1767174224.1932385,2,-3,-124
1767174224.2032382,3,-3,-125
1767174224.2132382,4,-6,-130
1767174224.2232382,2,-3,-125
1767174224.2332382,0,-3,-115
1767174224.2432382,0,-3,-123
1767174224.2532382,0,-4,-126
1767174224.2632382,-2,-5,-124
1767174224.2732382,-3,-4,-124
1767174224.2832382,-4,-3,-132
1767174224.2932382,-5,0,-128
1767174224.3032382,-5,0,-127
1767174224.313238,-1,-2,-126
1767174224.323238,2,-2,-126
1767174224.333238,3,-2,-123
1767174224.343238,7,0,-120
1767174224.353238,5,-4,-120
1767174224.363238,1,-7,-118
1767174224.373238,-2,-4,-124
1767174224.383238,-1,0,-122
1767174224.393238,2,0,-130
1767174224.403238,7,0,-131
1767174224.413238,2,-1,-123
1767174224.423238,3,-4,-126
1767174224.4332385,3,-10,-122
1767174224.4432385,2,-6,-129
1767174224.4532382,-2,0,-120
1767174224.4632382,0,0,-114
1767174224.4732382,1,-2,-114
1767174224.4832382,2,-8,-123
1767174224.4932382,1,-10,-119
1767174224.5032382,1,-6,-123
1767174224.5132382,0,-7,-121
1767174224.5232382,2,-7,-124
1767174224.5332382,0,-7,-130
1767174224.5432382,0,-7,-125
1767174224.5532382,-2,-7,-131
1767174224.563238,-5,-4,-127
1767174224.573238,-5,0,-128
1767174224.583238,-4,0,-128
1767174224.593238,1,-2,-132
1767174224.603238,-1,-4,-131
1767174224.613238,0,-3,-127
1767174224.623238,0,-3,-136
1767174224.633238,2,-4,-140
1767174224.643238,0,-5,-137
1767174224.653238,-1,-6,-135
1767174224.663238,-2,-2,-135
1767174224.673238,-7,-1,-128
1767174224.6832385,-1,-3,-125
1767174224.6932385,0,-1,-122
1767174224.7032382,0,0,-116
1767174224.7132382,4,0,-115
1767174224.7232382,6,-4,-118
1767174224.7332382,8,-4,-123
1767174224.7432382,8,-4,-129
1767174224.7532382,4,-3,-129
1767174224.7632382,0,-1,-127
1767174224.7732382,-1,3,-121
1767174224.7832382,-1,4,-122
1767174224.7932382,-1,4,-118
1767174224.8032382,-1,7,-117
1767174224.813238,-1,6,-118
1767174224.823238,0,7,-119
1767174224.833238,-1,5,-119
1767174224.843238,-1,-1,-120
1767174224.853238,-3,0,-119
1767174224.863238,2,0,-122
1767174224.873238,0,0,-124
1767174224.883238,-1,-3,-119
1767174224.893238,-1,-5,-131
1767174224.903238,-4,-3,-129
1767174224.913238,2,-2,-135
1767174224.923238,0,-4,-137
1767174224.9332385,0,0,-138
1767174224.9432385,-1,-1,-136
1767174224.9532382,0,-1,-136
1767174224.9632382,-7,-3,-132
1767174224.9732382,-9,-3,-126
1767174224.9832382,-5,-1,-123
1767174224.9932382,-6,0,-120
1767174225.0032382,-4,-3,-123
1767174225.0132382,-4,-4,-123
1767174225.0232382,-4,0,-128
1767174225.0332382,-1,1,-122
1767174225.0432382,0,5,-131
1767174225.0532382,1,2,-134
1767174225.063238,-4,1,-130
1767174225.073238,-2,0,-133
1767174225.083238,0,0,-132
1767174225.093238,6,-1,-127
1767174225.103238,0,-2,-132
1767174225.113238,-1,1,-133
1767174225.123238,0,0,-131
1767174225.133238,0,0,-132
1767174225.143238,-3,0,-134
1767174225.153238,-6,1,-129
1767174225.163238,-5,1,-127
1767174225.173238,-1,1,-131
1767174225.1832385,-2,4,-130
1767174225.1932385,-3,6,-134
1767174225.2032382,-4,1,-137
1767174225.2132382,-3,-1,-131
1767174225.2232382,2,3,-128
1767174225.2332382,3,3,-126
1767174225.2432382,2,2,-128
1767174225.2532382,1,1,-129
1767174225.2632382,1,0,-124
1767174225.2732382,0,-1,-120
1767174225.2832382,-5,0,-127
1767174225.2932382,-5,0,-129
1767174225.3032382,-3,1,-125
1767174225.313238,-1,3,-126
1767174225.323238,0,1,-131
1767174225.333238,1,0,-128
1767174225.343238,2,0,-129
1767174225.353238,1,0,-125
1767174225.363238,0,0,-129
1767174225.373238,-7,0,-132
1767174225.383238,-5,1,-126
1767174225.393238,-5,0,-130
1767174225.403238,-3,0,-121
1767174225.413238,-3,0,-117
1767174225.423238,-2,0,-119
1767174225.4332385,-2,-2,-118
1767174225.4432385,-3,0,-118
1767174225.4532382,0,-1,-118
1767174225.4632382,0,-2,-122
1767174225.4732382,6,0,-125
1767174225.4832382,7,-1,-124
1767174225.4932382,6,1,-123
1767174225.5032382,4,0,-120
1767174225.5132382,4,1,-120
1767174225.5232382,2,1,-120
1767174225.5332382,0,0,-119
1767174225.5432382,-1,3,-123
1767174225.5532382,-3,3,-119
1767174225.563238,-5,3,-121
1767174225.573238,-6,3,-123
1767174225.583238,-5,3,-124
1767174225.593238,-6,3,-120
1767174225.603238,-2,1,-120
1767174225.613238,1,-1,-118
1767174225.623238,1,-3,-119
1767174225.633238,1,-4,-113
1767174225.643238,2,-6,-122
1767174225.653238,7,-3,-126
1767174225.663238,3,-5,-120
1767174225.673238,-2,-2,-123
1767174225.6832385,0,-3,-122
1767174225.6932385,-3,-2,-122
1767174225.7032382,2,-2,-121
1767174225.7132382,8,0,-125
1767174225.7232382,9,2,-126
1767174225.7332382,8,1,-125
1767174225.7432382,6,0,-120
1767174225.7532382,6,1,-118
1767174225.7632382,4,0,-118
1767174225.7732382,4,-5,-122
1767174225.7832382,6,0,-122
1767174225.7932382,4,2,-120
1767174225.8032382,0,-1,-128
1767174225.813238,0,1,-134
1767174225.823238,-5,1,-133
1767174225.833238,-8,1,-130
1767174225.843238,-11,0,-125
1767174225.853238,-8,3,-122
1767174225.863238,-1,0,-118
1767174225.873238,0,0,-117
1767174225.883238,0,-2,-116
1767174225.893238,0,-1,-121
1767174225.903238,2,-5,-126
1767174225.913238,1,-8,-126
1767174225.923238,2,-2,-130
1767174225.9332385,4,1,-129
1767174225.9432385,3,-1,-138
1767174225.9532382,2,-3,-139
1767174225.9632382,-3,-2,-138
1767174225.9732382,-3,-3,-133
1767174225.9832382,-2,-8,-135
1767174225.9932382,-3,-2,-131
1767174226.0032382,-1,0,-132
1767174226.0132382,0,-2,-133
1767174226.0232382,0,-4,-132
1767174226.0332382,1,-4,-130
1767174226.0432382,4,-5,-127
1767174226.0532382,5,-5,-126
1767174226.063238,6,-7,-123
1767174226.073238,6,-9,-122
1767174226.083238,1,-4,-125
1767174226.093238,4,-2,-122
1767174226.103238,1,-4,-124
1767174226.113238,0,-4,-126
1767174226.123238,0,-1,-128
1767174226.133238,-5,-4,-129
1767174226.143238,-8,-4,-136
1767174226.153238,-3,-2,-133
1767174226.163238,1,2,-134
1767174226.173238,-1,0,-136
1767174226.1832385,0,0,-129
1767174226.1932385,0,-1,-131
1767174226.2032382,2,3,-126
1767174226.2132382,0,1,-122
1767174226.2232382,4,4,-121
1767174226.2332382,5,2,-122
1767174226.2432382,3,-1,-124
1767174226.2532382,0,-1,-123
1767174226.2632382,0,1,-129
1767174226.2732382,1,0,-125
1767174226.2832382,1,0,-128
1767174226.2932382,2,3,-123
1767174226.3032382,4,6,-121
1767174226.313238,0,3,-124
1767174226.323238,-5,1,-128
1767174226.333238,-4,3,-125
1767174226.343238,0,2,-121
1767174226.353238,1,2,-119
1767174226.363238,3,2,-113
1767174226.373238,5,-1,-121
1767174226.383238,5,-2,-124
1767174226.393238,0,-3,-127
1767174226.403238,0,-1,-127
1767174226.413238,-4,2,-125
1767174226.423238,-8,2,-124
1767174226.4332385,-10,-2,-126
1767174226.4432385,-9,-6,-125
1767174226.4532382,-4,-2,-124
1767174226.4632382,-7,-3,-120
1767174226.4732382,-4,-2,-117
1767174226.4832382,-3,-3,-116
1767174226.4932382,0,-5,-111
1767174226.5032382,-1,-1,-116
1767174226.5132382,-1,2,-117
1767174226.5232382,0,0,-115
1767174226.5332382,-2,0,-116
1767174226.5432382,0,-1,-120
1767174226.5532382,-3,-1,-116
1767174226.563238,-2,-3,-109
1767174226.574238,-1,-9,-110
1767174226.583238,0,-4,-118
1767174226.594238,-2,4,-123
1767174226.6042385,-3,2,-123
1767174226.6142385,0,3,-126
1767174226.6242385,0,2,-127
1767174226.6342382,4,2,-125
1767174226.6442382,0,0,-129
1767174226.6542382,1,-5,-136
1767174226.6642382,3,-3,-136
1767174226.6742382,1,-4,-136
1767174226.6842382,7,0,-137
1767174226.6942382,7,-1,-134
1767174226.7042382,3,-5,-123
1767174226.7142382,1,-4,-118
1767174226.7242382,0,-4,-122
1767174226.734238,1,-5,-125
1767174226.744238,1,-4,-134
1767174226.754238,1,-1,-128
1767174226.764238,-2,-1,-124
1767174226.774238,-6,-3,-126
1767174226.784238,-5,-4,-124
1767174226.794238,-7,-4,-121
1767174226.804238,-8,-4,-117
1767174226.814238,-9,-1,-127
1767174226.824238,-4,-1,-125
1767174226.834238,-2,-5,-123
1767174226.844238,2,-5,-119
1767174226.8542385,2,-4,-121
1767174226.8642385,1,-6,-112
1767174226.8742385,2,-3,-117
1767174226.8842382,-2,-3,-124
1767174226.8942382,-1,-2,-127
1767174226.9042382,0,-2,-122
1767174226.9142382,1,-4,-118
1767174226.9242382,-1,-2,-115
1767174226.9342382,0,-2,-115
1767174226.9442382,-1,-3,-116
1767174226.9542382,-2,-5,-122
1767174226.9642382,0,-5,-122
1767174226.9742382,-1,-5,-127
1767174226.984238,-2,-2,-131
1767174226.994238,-2,0,-127
1767174227.004238,-1,3,-122
1767174227.014238,-1,1,-114
1767174227.024238,3,5,-114
1767174227.034238,0,4,-119
1767174227.044238,-1,1,-121
1767174227.054238,-4,1,-121
1767174227.064238,-3,5,-125
1767174227.074238,-8,5,-125
1767174227.084238,-9,8,-120
1767174227.094238,-8,2,-118
1767174227.1042385,-4,-2,-120
1767174227.1142385,-4,-2,-119
1767174227.1242385,1,-1,-125
1767174227.1342382,0,-2,-124
1767174227.1442382,1,-3,-126
1767174227.1542382,1,-1,-123
1767174227.1642382,1,1,-125
1767174227.1742382,0,0,-119
1767174227.1842382,1,-1,-120
1767174227.1942382,0,-1,-124
1767174227.2042382,5,-2,-128
1767174227.2142382,-1,-5,-123
1767174227.2242382,-2,-4,-126
1767174227.234238,-2,-1,-128
1767174227.244238,-3,0,-134
1767174227.254238,-3,0,-128
1767174227.264238,-5,0,-130
1767174227.274238,-9,-3,-122
1767174227.284238,-12,0,-119
1767174227.294238,-8,-1,-124
1767174227.304238,-5,-1,-125
1767174227.314238,-5,-1,-119
1767174227.324238,-8,5,-116
1767174227.334238,-6,1,-126
1767174227.344238,-3,3,-122
1767174227.3542385,-2,2,-119
1767174227.3642385,0,1,-110
1767174227.3742385,0,0,-107
1767174227.3842382,-1,-3,-108
1767174227.3942382,0,-2,-109
1767174227.4042382,1,-3,-115
1767174227.4142382,0,-2,-119
1767174227.4242382,4,-4,-119
1767174227.4342382,1,-5,-120
1767174227.4442382,3,-5,-124
1767174227.4542382,0,-3,-128
1767174227.4642382,-1,0,-133
1767174227.4742382,0,-1,-131
1767174227.484238,-5,-3,-126
1767174227.494238,-3,-2,-123
1767174227.504238,-3,0,-120
1767174227.514238,-4,0,-120
1767174227.524238,-3,0,-123
1767174227.534238,-5,-1,-126
1767174227.544238,-5,-3,-123
1767174227.554238,0,-1,-121
1767174227.564238,-3,0,-119
1767174227.574238,0,3,-122
1767174227.584238,3,1,-126
1767174227.594238,0,-2,-121
1767174227.6042385,-3,-7,-117
1767174227.6142385,-3,-8,-118
1767174227.6242385,0,-5,-124
1767174227.6342382,0,-2,-132
1767174227.6442382,1,-4,-132
1767174227.6542382,-1,-2,-129
1767174227.6642382,-2,0,-125
1767174227.685238,1,-2,-138
1767174227.6942382,2,-1,-131
1767174227.7042382,3,-2,-125
1767174227.7142382,0,-3,-126
1767174227.7242382,-3,-2,-129
1767174227.734238,-2,0,-133
1767174227.744238,0,-1,-130
1767174227.754238,0,1,-127
1767174227.764238,3,2,-127
1767174227.774238,0,4,-129
1767174227.784238,-2,2,-134
1767174227.794238,-2,2,-129
1767174227.804238,-3,4,-124
1767174227.814238,-3,3,-124
1767174227.824238,-5,4,-120
1767174227.834238,-3,1,-120
1767174227.844238,-1,-2,-115
1767174227.8542385,-1,-3,-119
1767174227.8642385,1,-3,-121
1767174227.8742385,4,-3,-118
1767174227.8842382,2,-6,-121
1767174227.8942382,1,-5,-119
1767174227.9042382,0,0,-120
1767174227.9142382,-2,0,-119
1767174227.9242382,2,-4,-118
1767174227.9342382,1,0,-120
1767174227.9442382,0,2,-120
1767174227.9542382,4,1,-114
1767174227.9642382,3,0,-117
1767174227.9742382,3,4,-122
1767174227.984238,4,3,-123
1767174227.994238,0,5,-121
1767174228.004238,0,3,-118
1767174228.014238,-1,2,-119
1767174228.024238,-2,0,-121
1767174228.034238,-2,-1,-119
1767174228.044238,0,-3,-120
1767174228.054238,5,-3,-122
1767174228.064238,6,0,-124
1767174228.074238,6,4,-114
1767174228.084238,5,5,-117
1767174228.094238,1,3,-118
1767174228.1042385,0,3,-123
1767174228.1142385,-7,-2,-126
1767174228.1242385,-6,-4,-124
1767174228.1342382,-5,-4,-126
1767174228.1442382,-6,0,-122
1767174228.1542382,-7,0,-122
1767174228.1642382,-2,2,-125
1767174228.1742382,-1,2,-125
1767174228.1842382,0,0,-120
1767174228.1942382,-2,0,-119
1767174228.2042382,-4,3,-121
1767174228.2142382,-4,4,-122
1767174228.2242382,-4,4,-122
1767174228.234238,-3,0,-125
1767174228.244238,-1,2,-126
1767174228.254238,-1,2,-120
1767174228.264238,0,1,-117
1767174228.274238,-1,0,-117
1767174228.284238,2,2,-114
1767174228.294238,2,1,-115
1767174228.304238,1,0,-111
1767174228.314238,0,0,-112
1767174228.324238,0,0,-114
1767174228.334238,0,1,-119
1767174228.344238,-1,-2,-118
1767174228.3542385,0,-1,-116
1767174228.3642385,8,0,-119
1767174228.3742385,5,-3,-120
1767174228.3842382,1,-5,-122
1767174228.3942382,5,-2,-122
1767174228.4042382,1,0,-124
1767174228.4142382,2,4,-116
1767174228.4242382,1,2,-113
1767174228.4342382,-1,1,-116
1767174228.4442382,-2,1,-118
1767174228.4542382,-3,1,-123
1767174228.4642382,-2,0,-124
1767174228.4742382,-4,0,-122
1767174228.484238,-1,4,-123
1767174228.494238,-4,4,-123
1767174228.504238,-5,3,-124
1767174228.514238,-3,1,-124
1767174228.524238,-1,2,-121
1767174228.534238,1,0,-123
1767174228.544238,0,-1,-124
1767174228.554238,0,0,-121
1767174228.564238,-1,-3,-123
1767174228.574238,-2,-5,-127
1767174228.584238,-1,-6,-128
1767174228.594238,-2,-4,-134
1767174228.6052382,1,0,-135
1767174228.6142385,2,2,-135
1767174228.6242385,2,1,-133
1767174228.6342382,0,2,-130
1767174228.6442382,-3,0,-131
1767174228.6542382,-1,-2,-135
1767174228.6642382,-1,-2,-131
1767174228.6742382,2,-7,-128
1767174228.6842382,-5,-10,-130
1767174228.6942382,-3,-5,-126
1767174228.7042382,-3,0,-122
1767174228.7142382,-1,-3,-117
1767174228.7242382,0,-3,-121
1767174228.734238,-3,-6,-124
1767174228.744238,-2,-3,-116
1767174228.754238,0,-2,-115
1767174228.764238,3,0,-119
1767174228.774238,3,-1,-120
1767174228.784238,0,-4,-119
1767174228.794238,-1,-4,-122
1767174228.804238,0,-1,-123
1767174228.814238,0,1,-123
1767174228.824238,-3,2,-131
1767174228.834238,-9,1,-129
1767174228.844238,-3,4,-124
1767174228.8542385,1,0,-127
1767174228.8642385,1,2,-123
1767174228.8742385,0,5,-126
1767174228.8842382,0,6,-125
1767174228.8942382,1,4,-131
1767174228.9042382,-2,-2,-128
1767174228.9142382,-5,-6,-123
1767174228.9242382,-1,-5,-121
1767174228.9342382,-1,-4,-119
1767174228.9442382,-1,-6,-116
1767174228.9542382,-3,-6,-109
1767174228.9642382,-4,-5,-116
1767174228.9742382,-5,-6,-114
1767174228.984238,-3,-3,-114
1767174228.994238,-3,-3,-114
1767174229.004238,0,-4,-116
1767174229.014238,0,-1,-119
1767174229.024238,0,5,-120
1767174229.034238,0,9,-124
1767174229.044238,0,8,-132
1767174229.054238,0,9,-130
1767174229.064238,-2,9,-132
1767174229.074238,-2,6,-129
1767174229.084238,-1,4,-125
1767174229.094238,-1,4,-126
1767174229.1042385,0,2,-130
1767174229.1142385,1,-2,-126
1767174229.1242385,3,-3,-128
1767174229.1342382,0,-2,-126
1767174229.1442382,0,-7,-125
1767174229.1542382,2,-3,-129
1767174229.1642382,0,-6,-129
1767174229.1742382,0,-10,-122
1767174229.1842382,3,-7,-120
1767174229.1942382,4,-6,-118
1767174229.2042382,10,-6,-121
1767174229.2142382,3,-1,-124
1767174229.225238,8,0,-125
1767174229.234238,5,1,-120
1767174229.244238,4,-1,-119
1767174229.255238,3,-1,-114
1767174229.265238,0,0,-116
1767174229.275238,-1,-1,-121
1767174229.2852385,0,-2,-113
1767174229.2952385,0,-3,-108
1767174229.3052382,-3,-1,-105
1767174229.3152382,0,1,-113
1767174229.3252382,1,2,-120
1767174229.3352382,0,1,-123
1767174229.3452382,-1,0,-127
1767174229.3552382,-3,0,-127
1767174229.3652382,-1,-2,-129
1767174229.3752382,-5,-2,-129
1767174229.3852382,-4,-5,-131
1767174229.3952382,-2,-4,-137
1767174229.4052382,-5,0,-137
1767174229.415238,-4,3,-135
1767174229.425238,-4,0,-142
1767174229.435238,-5,-1,-136
1767174229.445238,-6,-2,-132
1767174229.455238,-6,0,-133
1767174229.465238,-7,1,-132
1767174229.475238,-5,3,-129
1767174229.485238,0,3,-128
1767174229.495238,-2,3,-129
1767174229.505238,-1,7,-127
1767174229.515238,-1,5,-129
1767174229.525238,-4,0,-126
1767174229.5352385,-7,-1,-126
1767174229.5452385,-5,-2,-130
1767174229.5552382,-4,-6,-129
1767174229.5652382,-5,-4,-133
1767174229.5752382,-3,-5,-128
1767174229.5852382,-3,-6,-123
1767174229.5952382,0,-3,-119
1767174229.6052382,-2,-3,-118
1767174229.6152382,0,0,-125
1767174229.6252382,0,3,-131
1767174229.6352382,-3,-1,-126
1767174229.6452382,2,-2,-120
1767174229.6552382,-2,-1,-119
1767174229.665238,-2,-1,-123
1767174229.675238,-2,1,-126
1767174229.685238,0,2,-123
1767174229.695238,-2,0,-122
1767174229.705238,-4,-3,-123
1767174229.715238,-2,-5,-122
1767174229.725238,-2,-6,-127
1767174229.735238,-1,-5,-126
1767174229.745238,0,-8,-126
1767174229.755238,-3,-8,-125
1767174229.765238,1,-9,-127
1767174229.775238,-1,-3,-125
1767174229.7852385,1,0,-127
1767174229.7952385,2,2,-131
1767174229.8052382,4,3,-126
1767174229.8152382,2,2,-123
1767174229.8252382,1,2,-126
1767174229.8352382,5,4,-123
1767174229.8452382,2,0,-127
1767174229.8552382,3,3,-128
1767174229.8652382,2,2,-134
1767174229.8752382,1,3,-130
1767174229.8852382,2,1,-128
1767174229.8952382,3,-3,-125
1767174229.9052382,3,-4,-117
1767174229.915238,3,-5,-117
1767174229.925238,5,-8,-116
1767174229.935238,4,-8,-115
1767174229.945238,4,-5,-119
1767174229.955238,3,-5,-124
1767174229.965238,3,-3,-124
1767174229.975238,0,-3,-119
1767174229.985238,0,4,-118
1767174229.995238,1,2,-115
1767174230.005238,0,0,-114
1767174230.015238,-2,-2,-114
1767174230.025238,-2,-3,-119
1767174230.0352385,2,-2,-114
1767174230.0452385,-1,0,-115
1767174230.0552382,-1,3,-117
1767174230.0652382,2,2,-119
1767174230.0752382,0,-1,-121
1767174230.0852382,3,0,-124
1767174230.0952382,5,-2,-122
1767174230.1052382,1,3,-126
1767174230.1152382,2,4,-123
1767174230.1252382,-1,1,-119
1767174230.1352382,0,-1,-128
1767174230.1452382,4,-2,-129
1767174230.1552382,4,-6,-125
1767174230.165238,9,-5,-126
1767174230.175238,13,-4,-129
1767174230.185238,5,-2,-124
1767174230.195238,5,-2,-124
1767174230.205238,1,0,-122
1767174230.215238,1,0,-125
1767174230.225238,-2,-1,-122
1767174230.235238,-4,-3,-123
1767174230.245238,-2,-5,-124
1767174230.255238,0,-5,-122
1767174230.265238,-1,-1,-117
1767174230.275238,-3,0,-118
1767174230.2852385,1,2,-126
1767174230.2952385,-1,1,-129
1767174230.3052382,3,0,-127
1767174230.3152382,2,3,-125
1767174230.3252382,-1,5,-126
1767174230.3352382,-2,5,-129
1767174230.3452382,-2,3,-122
1767174230.3552382,1,0,-123
1767174230.3652382,1,-5,-128
1767174230.3752382,2,-6,-129
1767174230.3852382,3,-7,-124
1767174230.3952382,2,-6,-130
1767174230.4052382,-1,-3,-140
1767174230.415238,-2,-4,-135
1767174230.425238,3,-2,-134
1767174230.435238,3,1,-132
1767174230.445238,5,2,-122
1767174230.455238,7,1,-122
1767174230.465238,1,0,-115
1767174230.475238,3,0,-118
1767174230.485238,3,-1,-120
1767174230.495238,-1,0,-128
1767174230.505238,-1,3,-130
1767174230.515238,0,0,-128
1767174230.525238,-2,0,-121
1767174230.5352385,0,4,-125
1767174230.5452385,1,6,-127
1767174230.5552382,1,6,-127
1767174230.5652382,1,7,-123
1767174230.5752382,4,8,-126
1767174230.5852382,6,5,-127
1767174230.5952382,1,9,-124
1767174230.6052382,2,7,-121
1767174230.6152382,0,4,-118
1767174230.6252382,-3,2,-115
1767174230.6352382,-2,1,-119
1767174230.6452382,-2,-1,-120
1767174230.6552382,-4,4,-120
1767174230.665238,-4,6,-120
1767174230.675238,-1,4,-124
1767174230.685238,1,4,-127
1767174230.695238,1,3,-129
1767174230.705238,1,0,-124
1767174230.715238,1,0,-128
1767174230.725238,2,0,-133
1767174230.735238,0,0,-127
1767174230.745238,-4,-4,-129
1767174230.755238,-4,0,-133
1767174230.765238,1,1,-139
1767174230.775238,0,-3,-128
1767174230.7852385,3,-3,-123
1767174230.7952385,0,-3,-118
1767174230.8052382,4,2,-117
1767174230.8152382,1,2,-122
1767174230.8252382,0,1,-128
1767174230.8352382,2,2,-127
1767174230.8452382,3,2,-127
1767174230.8552382,3,1,-126
1767174230.8652382,8,0,-119
1767174230.8752382,10,-1,-106
1767174230.8852382,7,2,-104
1767174230.8952382,4,0,-110
1767174230.9052382,4,-2,-120
1767174230.915238,1,-4,-127
1767174230.925238,0,1,-126
1767174230.935238,2,5,-117
1767174230.945238,4,8,-119
1767174230.955238,5,8,-118
1767174230.965238,5,0,-115
1767174230.975238,8,-1,-115
1767174230.985238,10,0,-124
1767174230.995238,8,0,-125
1767174231.005238,2,2,-123
1767174231.015238,3,4,-118
1767174231.025238,5,1,-121
1767174231.0352385,2,-1,-128
1767174231.0452385,-1,-2,-127
1767174231.0552382,-6,-1,-126
1767174231.0652382,-4,-1,-128
1767174231.0752382,-8,-3,-131
1767174231.0852382,-8,0,-131
1767174231.0952382,-5,-2,-132
1767174231.1052382,-3,-4,-133
1767174231.1152382,-2,-8,-136
1767174231.1252382,-2,-4,-139
1767174231.1352382,-2,-10,-134
1767174231.1452382,0,-7,-132
1767174231.1552382,0,-4,-133
1767174231.165238,2,-4,-134
1767174231.175238,1,-1,-130
1767174231.185238,0,-2,-128
1767174231.195238,3,-2,-127
1767174231.205238,3,0,-125
1767174231.215238,2,3,-122
1767174231.225238,5,2,-119
1767174231.235238,3,0,-121
1767174231.245238,0,-4,-127
1767174231.255238,-1,-4,-130
1767174231.265238,-3,-4,-122
1767174231.275238,-1,-4,-119
1767174231.2852385,0,-2,-120
1767174231.2952385,-1,-2,-120
1767174231.3052382,0,-2,-127
1767174231.3152382,0,0,-126
1767174231.3252382,1,-2,-127
1767174231.3352382,3,-4,-127
1767174231.3452382,1,-4,-127
1767174231.3552382,-1,-3,-132
1767174231.3652382,-4,-2,-135
1767174231.3752382,0,-4,-134
1767174231.3852382,0,0,-130
1767174231.3952382,-1,4,-122
1767174231.4052382,-3,4,-120
1767174231.415238,-6,1,-122
1767174231.425238,-4,0,-125
1767174231.435238,-2,-2,-122
1767174231.445238,2,-3,-123
1767174231.455238,5,-4,-124
1767174231.465238,8,-3,-122
1767174231.475238,3,-4,-119
1767174231.485238,6,-2,-118
1767174231.495238,1,-2,-120
1767174231.505238,2,1,-124
1767174231.515238,1,4,-122
1767174231.525238,-2,1,-122
1767174231.5352385,-1,3,-115
1767174231.5452385,0,0,-113
1767174231.5552382,0,1,-117
1767174231.5652382,0,1,-126
1767174231.5752382,3,-2,-127
1767174231.5852382,0,-2,-128
1767174231.5952382,-1,-1,-125
1767174231.6052382,-1,-5,-121
1767174231.6152382,-3,-6,-116
1767174231.6252382,-7,-5,-114
1767174231.6352382,-3,-4,-114
1767174231.6452382,-3,-6,-111
1767174231.6552382,0,-7,-120
1767174231.665238,-4,-4,-127
1767174231.675238,-8,-1,-133
1767174231.685238,-8,-6,-124
1767174231.695238,-8,-7,-119
1767174231.705238,-8,-4,-120
1767174231.715238,-2,-2,-128
1767174231.725238,-2,-2,-130
1767174231.735238,0,-5,-127
1767174231.745238,2,-2,-124
1767174231.755238,2,-2,-121
1767174231.765238,0,-3,-115
1767174231.775238,-1,-1,-117
1767174231.7852385,-2,1,-120
1767174231.7952385,-2,2,-125
1767174231.8052382,0,5,-126
1767174231.8152382,-1,2,-127
1767174231.8252382,0,0,-124
1767174231.8352382,-2,3,-125
1767174231.8452382,-6,1,-124
1767174231.8552382,-9,-1,-131
1767174231.866238,-4,-2,-132
1767174231.8752382,-1,-2,-133
1767174231.8852382,0,-4,-131
1767174231.896238,2,-4,-133
1767174231.906238,1,1,-123
1767174231.916238,1,2,-118
1767174231.926238,0,3,-110
1767174231.936238,5,3,-110
1767174231.946238,4,0,-110
1767174231.9562385,6,1,-110
1767174231.9662385,5,0,-120
1767174231.9762385,3,1,-130
1767174231.9862382,-1,-1,-128
1767174231.9962382,-1,0,-128
1767174232.0062382,2,2,-127
1767174232.0162382,6,4,-133
1767174232.0262382,3,4,-132
1767174232.0362382,4,5,-127
1767174232.0462382,0,1,-121
1767174232.0562382,-1,1,-122
1767174232.0662382,-4,0,-126
1767174232.0762382,-3,1,-124
1767174232.086238,-1,0,-124
1767174232.096238,-1,0,-125
1767174232.106238,1,2,-128
1767174232.116238,0,0,-127
1767174232.126238,1,1,-124
1767174232.136238,-1,-1,-118
1767174232.146238,4,0,-115
1767174232.156238,0,-2,-115
1767174232.166238,-2,-3,-112
1767174232.176238,-1,-1,-104
1767174232.186238,1,-3,-106
1767174232.196238,-3,-2,-107
1767174232.2062385,-5,-4,-113
1767174232.2162385,-4,0,-119
1767174232.2262385,-7,0,-123
1767174232.2362382,-9,1,-121
1767174232.2462382,-8,-1,-122
1767174232.2562382,-9,-2,-123
1767174232.2662382,-3,0,-130
1767174232.2762382,0,0,-125
1767174232.2862382,1,-1,-125
1767174232.2962382,2,-2,-115
1767174232.3062382,1,-4,-113
1767174232.3162382,2,-7,-118
1767174232.3262382,5,-7,-121
1767174232.336238,6,-4,-125
1767174232.346238,-3,-6,-123
1767174232.356238,-6,-3,-125
1767174232.366238,-5,-4,-121
1767174232.376238,-4,-5,-120
1767174232.386238,-1,0,-120
1767174232.396238,0,-1,-123
1767174232.406238,-3,-2,-129
1767174232.416238,-3,0,-135
1767174232.426238,-5,-3,-133
1767174232.436238,-4,-5,-126
1767174232.446238,-2,-2,-124
1767174232.4562385,-4,0,-116
1767174232.4662385,-3,0,-124
1767174232.4762385,-1,0,-122
1767174232.4862382,0,-2,-114
1767174232.4962382,-4,1,-117
1767174232.5062382,-2,1,-113
1767174232.5162382,2,0,-114
1767174232.5262382,3,2,-112
1767174232.5362382,7,5,-119
1767174232.5462382,3,6,-122
1767174232.5562382,8,4,-124
1767174232.5662382,14,5,-123
1767174232.5762382,11,9,-124
1767174232.586238,12,11,-121
1767174232.596238,8,9,-116
1767174232.606238,7,7,-121
1767174232.616238,10,5,-121
1767174232.626238,8,2,-119
1767174232.636238,11,-2,-124
1767174232.646238,7,-3,-126
1767174232.656238,6,-1,-130
1767174232.666238,6,0,-129
1767174232.676238,3,-2,-125
1767174232.698238,-1,-2,-119
1767174232.7062385,1,-6,-125
1767174232.7162385,-1,-3,-131
1767174232.7262385,-4,-3,-127
1767174232.7362382,-7,-2,-127
1767174232.7462382,-7,0,-127
1767174232.7562382,-1,1,-128
1767174232.7662382,1,1,-124
1767174232.7762382,-1,3,-120
1767174232.7862382,0,4,-118
1767174232.7962382,0,3,-126
1767174232.8062382,0,0,-125
1767174232.8162382,4,1,-124
1767174232.8262382,4,2,-126
1767174232.836238,3,3,-127
1767174232.846238,2,5,-125
1767174232.856238,2,8,-122
1767174232.866238,1,6,-115
1767174232.876238,5,5,-112
1767174232.886238,3,2,-113
1767174232.896238,0,2,-113
1767174232.906238,-2,2,-118
1767174232.916238,-4,1,-119
1767174232.926238,-5,-1,-119
1767174232.936238,-1,-2,-126
1767174232.946238,-4,-1,-125
1767174232.9562385,-2,2,-124
1767174232.9662385,0,0,-114
1767174232.9762385,-4,0,-116
1767174232.9862382,-3,-2,-122
1767174232.9962382,-2,-1,-126
1767174233.0062382,-2,-1,-132
1767174233.0162382,2,-1,-127
1767174233.0262382,6,-1,-129
1767174233.0362382,5,-5,-134
1767174233.0462382,4,-7,-134
1767174233.0562382,5,-9,-123
1767174233.0662382,9,-6,-119
1767174233.0762382,8,-6,-119
1767174233.086238,6,-3,-117
1767174233.096238,5,-3,-116
1767174233.106238,2,-4,-122
1767174233.116238,-1,-3,-125
1767174233.126238,-5,-5,-127
1767174233.136238,-1,-6,-129
1767174233.146238,-3,-7,-125
1767174233.156238,-3,-8,-125
1767174233.166238,-1,-6,-122
1767174233.176238,-1,0,-122
1767174233.186238,-5,-1,-121
1767174233.196238,-6,-4,-122
1767174233.2062385,-4,-5,-123
1767174233.2162385,-3,-7,-119
1767174233.2262385,1,-7,-115
1767174233.2362382,1,-6,-116
1767174233.2462382,-1,-5,-113
1767174233.2562382,-3,-4,-113
1767174233.2662382,-7,-2,-115
1767174233.2762382,-6,3,-115
1767174233.2862382,-6,3,-126
1767174233.2962382,1,-3,-127
1767174233.3062382,1,-4,-132
1767174233.3162382,4,-4,-135
1767174233.3262382,3,-4,-134
1767174233.336238,6,-5,-130
1767174233.346238,5,-4,-132
1767174233.356238,5,-6,-131
1767174233.366238,5,-9,-128
1767174233.376238,1,-5,-125
1767174233.386238,0,-6,-120
1767174233.396238,-1,-5,-118
1767174233.406238,-1,-7,-120
1767174233.416238,2,-8,-119
1767174233.426238,-2,-3,-119
1767174233.436238,0,0,-123
1767174233.446238,0,-5,-119
1767174233.4562385,0,-6,-121
1767174233.4662385,-3,-3,-129
1767174233.4762385,0,-6,-135
1767174233.4862382,0,-6,-135
1767174233.4962382,3,-1,-131
1767174233.5062382,4,2,-129
1767174233.5162382,0,1,-123
1767174233.5262382,-2,2,-118
1767174233.5362382,-6,3,-117
1767174233.5462382,-4,5,-121
1767174233.5562382,-8,4,-125
1767174233.5662382,-6,2,-122
1767174233.5762382,-4,4,-126
1767174233.586238,-2,4,-127
1767174233.596238,-1,0,-132
1767174233.606238,-3,4,-126
1767174233.616238,-3,4,-126
1767174233.626238,-2,2,-121
1767174233.636238,1,5,-120
1767174233.646238,0,0,-125
1767174233.656238,-6,-1,-124
1767174233.666238,-6,-2,-125
1767174233.676238,-1,-5,-132
1767174233.686238,-4,-3,-131
1767174233.696238,-2,-1,-125
1767174233.7062385,-3,4,-119
1767174233.7162385,-1,2,-117
1767174233.7262385,-2,-2,-118
1767174233.7362382,-3,-2,-120
1767174233.7462382,1,-5,-120
1767174233.7562382,7,-4,-120
1767174233.7662382,5,-1,-122
1767174233.7762382,6,-3,-125
1767174233.7862382,3,-5,-126
1767174233.7962382,-3,-3,-126
1767174233.8062382,-6,-1,-127
1767174233.8162382,-10,-6,-127
1767174233.8262382,-3,-2,-126
1767174233.836238,0,0,-130
1767174233.846238,0,-2,-128
1767174233.856238,-1,-1,-124
1767174233.866238,-2,2,-125
1767174233.876238,0,0,-129
1767174233.886238,0,0,-129
1767174233.896238,0,0,-123
1767174233.906238,0,0,-122
1767174233.916238,-2,0,-123
1767174233.926238,-6,0,-124
1767174233.936238,-8,1,-129
1767174233.946238,-9,-2,-131
1767174233.9562385,-7,0,-133
1767174233.9662385,-3,0,-131
1767174233.9762385,-3,-1,-127
1767174233.9862382,0,-1,-128
1767174233.9962382,2,-1,-127
1767174234.0062382,3,-1,-118
1767174234.0162382,1,1,-115
1767174234.0262382,-1,2,-121
1767174234.0362382,0,4,-124
1767174234.0462382,0,6,-127
1767174234.0562382,-1,2,-121
1767174234.0662382,1,0,-117
1767174234.0762382,2,0,-113
1767174234.086238,1,-3,-116
1767174234.096238,1,3,-115
1767174234.106238,-2,0,-115
1767174234.116238,-1,2,-118
1767174234.126238,-3,-2,-124
1767174234.136238,-3,-4,-123
1767174234.146238,-5,-4,-125
1767174234.156238,-2,-4,-125
1767174234.166238,-1,-2,-129
1767174234.176238,0,-2,-133
1767174234.186238,0,-5,-133
1767174234.196238,0,-1,-133
1767174234.2062385,0,4,-123
1767174234.2162385,-2,0,-122
1767174234.2262385,-3,2,-111
1767174234.2362382,0,1,-113
1767174234.2462382,-2,-1,-111
1767174234.2562382,-7,-2,-120
1767174234.2662382,-6,-2,-119
1767174234.2762382,-9,-2,-118
1767174234.2862382,-10,0,-118
1767174234.2962382,-8,0,-115
1767174234.3062382,-2,-2,-115
1767174234.3162382,-4,0,-111
1767174234.3262382,-3,0,-117
1767174234.336238,-1,0,-115
1767174234.346238,2,-2,-116
1767174234.356238,4,-3,-112
1767174234.366238,4,-4,-122
1767174234.376238,0,-7,-120
1767174234.386238,-5,-8,-125
1767174234.396238,-5,-5,-130
1767174234.406238,1,-4,-128
1767174234.416238,1,-5,-120
1767174234.426238,0,-6,-120
1767174234.436238,-2,-4,-126
1767174234.446238,-7,-6,-125
1767174234.4562385,-6,-5,-124
1767174234.4662385,-4,-2,-121
1767174234.4762385,-7,-2,-121
1767174234.4862382,-7,-10,-119
1767174234.4962382,-2,-9,-122
1767174234.5062382,0,-7,-125
1767174234.517238,-5,-4,-133
1767174234.527238,-5,-5,-132
1767174234.5362382,-3,-5,-128
1767174234.547238,0,1,-129
1767174234.557238,0,4,-122
1767174234.567238,1,2,-127
1767174234.577238,7,-2,-122
1767174234.587238,5,-2,-118
1767174234.597238,7,-1,-126
1767174234.607238,10,0,-129
1767174234.617238,8,1,-136
1767174234.627238,3,1,-134
1767174234.636238,1,1,-135
1767174234.6472385,4,1,-129
1767174234.6572382,1,2,-130
1767174234.6672382,0,1,-132
1767174234.6772382,0,-2,-131
1767174234.6872382,4,-3,-131
1767174234.6972382,5,0,-132
1767174234.7072382,4,0,-131
1767174234.7172382,0,1,-134
1767174234.7272382,-3,2,-130
1767174234.7372382,0,3,-129
1767174234.7472382,-2,1,-126
1767174234.757238,0,2,-125
1767174234.767238,0,0,-126
1767174234.777238,2,4,-125
1767174234.787238,1,1,-130
1767174234.797238,1,0,-127
1767174234.807238,0,-1,-125
1767174234.817238,2,2,-124
1767174234.827238,1,0,-123
1767174234.837238,5,0,-122
1767174234.847238,2,2,-126
1767174234.857238,0,2,-122
1767174234.867238,0,-2,-122
1767174234.877238,-2,-5,-126
1767174234.8872385,0,-3,-125
1767174234.8972385,0,-3,-118
1767174234.9072382,0,-2,-118
1767174234.9172382,-5,-2,-117
1767174234.9272382,-5,-6,-117
1767174234.9372382,-1,-2,-122
1767174234.9472382,-3,0,-126
1767174234.9572382,-2,-2,-123
1767174234.9672382,5,0,-123
1767174234.9772382,4,0,-131
1767174234.9872382,2,-2,-136
1767174234.9972382,3,-4,-130
1767174235.007238,2,-6,-124
1767174235.017238,-1,-1,-122
1767174235.027238,-2,0,-127
1767174235.037238,-4,-2,-124
1767174235.047238,-3,-3,-123
1767174235.057238,0,-2,-117
1767174235.067238,0,0,-126
1767174235.077238,-1,0,-121
1767174235.087238,0,0,-125
1767174235.097238,1,0,-121
1767174235.107238,1,-1,-118
1767174235.117238,-1,0,-124
1767174235.127238,-2,2,-125
1767174235.1372385,0,1,-128
1767174235.1472385,1,0,-128
1767174235.1572382,2,-2,-128
1767174235.1672382,1,-2,-126
1767174235.1772382,3,-2,-125
1767174235.1872382,1,0,-127
1767174235.1972382,-1,-2,-121
1767174235.2072382,-2,-2,-126
1767174235.2172382,0,-4,-125
1767174235.2272382,1,-5,-120
1767174235.2372382,0,-4,-113
1767174235.2472382,-4,-5,-119
1767174235.257238,-7,-2,-117
1767174235.267238,-10,0,-113
1767174235.277238,-9,-1,-114
1767174235.287238,-7,-1,-115
1767174235.297238,-6,2,-117
1767174235.307238,-4,-1,-118
1767174235.317238,2,-3,-114
1767174235.327238,7,2,-115
1767174235.337238,5,8,-117
1767174235.347238,0,5,-121
1767174235.357238,2,0,-121
1767174235.367238,5,-3,-123
1767174235.377238,5,-4,-126
1767174235.3872385,6,2,-125
1767174235.3972385,3,4,-119
1767174235.4072382,1,6,-123
1767174235.4172382,3,4,-122
1767174235.4272382,5,3,-123
1767174235.4372382,8,3,-120
1767174235.4472382,10,4,-124
1767174235.4572382,13,4,-124
1767174235.4672382,7,8,-124
1767174235.4772382,12,6,-118
1767174235.4872382,8,8,-119
1767174235.4972382,7,6,-122
1767174235.507238,8,8,-116
1767174235.517238,5,7,-114
1767174235.527238,0,7,-117
1767174235.537238,0,8,-117
1767174235.547238,5,6,-124
1767174235.557238,0,4,-127
1767174235.567238,0,2,-122
1767174235.577238,0,0,-126
1767174235.587238,-2,0,-125
1767174235.597238,-2,-3,-130
1767174235.607238,2,-4,-126
1767174235.617238,4,-7,-126
1767174235.627238,2,-4,-126
1767174235.6372385,2,0,-124
1767174235.6472385,7,3,-124
1767174235.6572382,10,4,-123
1767174235.6672382,7,0,-117
1767174235.6772382,5,0,-122
1767174235.6872382,8,-1,-131
1767174235.6972382,8,-3,-133
1767174235.7072382,7,-4,-133
1767174235.7172382,6,-2,-135
1767174235.7272382,6,0,-136
1767174235.7372382,4,3,-135
1767174235.7472382,0,2,-136
1767174235.757238,0,-2,-132
1767174235.767238,1,-2,-132
1767174235.777238,-2,-3,-135
1767174235.787238,2,0,-127
1767174235.797238,4,0,-125
1767174235.807238,8,0,-132
1767174235.817238,6,4,-127
1767174235.827238,2,3,-129
1767174235.837238,-2,0,-132
1767174235.847238,1,1,-126
1767174235.857238,0,4,-122
1767174235.867238,1,5,-122
1767174235.877238,0,3,-121
1767174235.8872385,0,0,-124
1767174235.8972385,0,1,-131
1767174235.9072382,-1,1,-132
1767174235.9172382,1,-3,-130
1767174235.9272382,0,-3,-128
1767174235.9372382,3,-1,-133
1767174235.9472382,0,0,-134
1767174235.9572382,2,2,-130
1767174235.9672382,6,0,-126
1767174235.9772382,8,0,-125
1767174235.9872382,12,0,-124
1767174235.9972382,8,-4,-123
1767174236.007238,3,-5,-128
1767174236.017238,-1,-1,-126
1767174236.027238,1,-1,-127
1767174236.037238,3,-4,-126
1767174236.047238,1,-6,-122
1767174236.057238,1,-4,-128
1767174236.067238,6,-5,-130
1767174236.077238,6,-5,-133
1767174236.087238,0,1,-127
1767174236.097238,0,3,-126
1767174236.107238,-1,3,-123
1767174236.117238,-1,-1,-121
1767174236.127238,3,-5,-124
1767174236.1372385,4,-5,-117
1767174236.1472385,3,-8,-115
1767174236.1572382,4,-9,-118
1767174236.1672382,2,-10,-124
1767174236.1772382,4,-4,-123
1767174236.1872382,4,-4,-118
1767174236.1972382,1,-8,-125
1767174236.2072382,0,-9,-125
1767174236.2172382,-1,-10,-120
1767174236.2272382,0,-8,-121
1767174236.2372382,0,-7,-128
1767174236.2472382,4,-7,-130
1767174236.257238,4,-5,-123
1767174236.267238,1,-8,-129
1767174236.277238,-1,-9,-127
1767174236.287238,2,-5,-134
1767174236.297238,5,-5,-125
1767174236.307238,3,-5,-123
1767174236.317238,0,-7,-128
1767174236.327238,-1,-6,-125
1767174236.337238,2,-4,-128
1767174236.347238,6,-1,-132
1767174236.357238,9,0,-134
1767174236.367238,4,0,-130
1767174236.377238,3,0,-127
1767174236.3872385,2,0,-128
1767174236.3972385,2,1,-127
1767174236.4072382,0,2,-127
1767174236.4172382,-3,1,-116
1767174236.4272382,-2,1,-110
1767174236.4372382,-5,4,-110
1767174236.4472382,-6,0,-113
1767174236.4572382,-1,0,-118
1767174236.4672382,-4,0,-123
1767174236.4772382,-1,-4,-125
1767174236.4872382,0,-2,-128
1767174236.4972382,1,0,-127
1767174236.507238,1,2,-124
1767174236.517238,0,2,-125
1767174236.527238,0,-1,-124
1767174236.537238,1,-1,-123
1767174236.547238,6,0,-126
1767174236.557238,9,-2,-127
1767174236.567238,8,-6,-124
1767174236.577238,8,-5,-118
1767174236.587238,6,-7,-119
1767174236.597238,2,-7,-119
1767174236.607238,5,-2,-122
1767174236.617238,2,0,-126
1767174236.627238,2,0,-128
1767174236.6372385,1,0,-125
1767174236.6472385,-2,0,-124
1767174236.6572382,-1,2,-125
1767174236.6672382,0,3,-124
1767174236.6772382,0,4,-123
1767174236.6872382,-4,0,-120
1767174236.6972382,-1,-1,-130
1767174236.7072382,0,-5,-132
1767174236.7172382,0,-7,-130
1767174236.7272382,2,-6,-126
1767174236.7372382,2,0,-121
1767174236.7472382,0,0,-128
1767174236.757238,0,4,-131
1767174236.767238,0,5,-121
1767174236.777238,-3,1,-121
1767174236.787238,-3,-1,-121
1767174236.797238,-4,1,-123
1767174236.807238,-3,0,-117
1767174236.817238,-3,2,-116
1767174236.827238,-4,0,-116
1767174236.837238,-6,-3,-118
1767174236.847238,-8,-5,-119
1767174236.857238,-4,-5,-123
1767174236.867238,-3,-4,-121
1767174236.877238,1,-2,-123
1767174236.8872385,3,-2,-131
1767174236.8972385,1,-2,-130
1767174236.9072382,0,-2,-128
1767174236.9172382,-8,0,-136
1767174236.9272382,-10,1,-136
1767174236.9372382,-6,7,-127
1767174236.9472382,-5,6,-133
1767174236.9572382,-9,1,-139
1767174236.9672382,-3,0,-141
1767174236.9772382,-2,0,-142
1767174236.9872382,-1,-1,-141
1767174236.9972382,-4,-1,-136
1767174237.007238,-8,0,-135
1767174237.017238,-6,-1,-135
1767174237.027238,-4,-3,-134
1767174237.037238,-3,-3,-130
1767174237.047238,-2,-1,-126
1767174237.057238,-4,-3,-126
1767174237.067238,-5,0,-124
1767174237.077238,-5,0,-120
1767174237.087238,-5,1,-123
1767174237.097238,0,4,-123
1767174237.107238,1,7,-123
1767174237.117238,3,3,-123
1767174237.127238,0,4,-128
1767174237.1372385,0,4,-122
1767174237.1472385,-1,4,-122
1767174237.1582382,-1,1,-122
1767174237.1682382,1,0,-118
1767174237.1782382,7,0,-121
1767174237.188238,10,-1,-126
1767174237.198238,6,-1,-124
1767174237.208238,11,5,-132
1767174237.218238,10,1,-128
1767174237.228238,6,0,-123
1767174237.238238,7,0,-114
1767174237.248238,8,-1,-120
1767174237.258238,11,0,-119
1767174237.268238,9,0,-118
1767174237.278238,10,-1,-121
1767174237.288238,12,1,-120
1767174237.298238,9,0,-120
1767174237.3082385,3,-5,-123
1767174237.3182385,3,-1,-121
1767174237.3282382,5,-1,-124
1767174237.3382382,0,-1,-123
1767174237.3482382,0,-2,-116
1767174237.3582382,2,-1,-116
1767174237.3682382,2,-1,-112
1767174237.3782382,3,-1,-117
1767174237.3882382,0,0,-119
1767174237.3982382,0,0,-121
1767174237.4082382,-1,0,-123
1767174237.4182382,2,6,-128
1767174237.4282382,-1,6,-130
1767174237.438238,-5,4,-126
1767174237.448238,0,5,-123
1767174237.458238,-1,4,-126
1767174237.468238,-1,3,-124
1767174237.478238,1,4,-127
1767174237.488238,1,-1,-124
1767174237.498238,1,-4,-119
1767174237.508238,3,-1,-114
1767174237.518238,1,1,-111
1767174237.528238,2,1,-113
1767174237.538238,-1,-3,-112
1767174237.548238,-1,2,-108
1767174237.5582385,0,8,-110
1767174237.5682385,-1,5,-116
1767174237.5782382,0,1,-121
1767174237.5882382,0,-2,-124
1767174237.5982382,2,0,-120
1767174237.6082382,1,0,-119
1767174237.6182382,5,0,-120
1767174237.6282382,2,0,-124
1767174237.6382382,0,0,-117
1767174237.6482382,0,1,-117
1767174237.6582382,-3,-3,-119
1767174237.6682382,-4,-5,-118
1767174237.6782382,-1,-4,-123
1767174237.688238,-1,0,-121
1767174237.709238,-1,2,-125
1767174237.718238,-1,6,-120
1767174237.728238,-3,2,-119
1767174237.738238,-2,3,-123
1767174237.748238,0,0,-119
1767174237.758238,-2,0,-123
1767174237.768238,-5,2,-126
1767174237.778238,-7,1,-130
1767174237.788238,-3,0,-127
1767174237.798238,-3,0,-117
1767174237.8082385,-3,0,-118
1767174237.8182385,-4,-7,-114
1767174237.8282382,-2,-7,-120
1767174237.8382382,-2,-9,-122
1767174237.8482382,-3,-10,-125
1767174237.8582382,-3,-10,-130
1767174237.8682382,-1,-8,-127
1767174237.8782382,4,-7,-128
1767174237.8882382,6,-3,-131
1767174237.8982382,3,-3,-122
1767174237.9082382,2,-3,-125
1767174237.9182382,0,-4,-130
1767174237.9282382,2,-7,-129
1767174237.938238,2,-7,-128
1767174237.948238,2,-5,-125
1767174237.958238,-1,-6,-127
1767174237.968238,0,-7,-129
1767174237.978238,1,-5,-124
1767174237.988238,2,-9,-120
1767174237.998238,5,-4,-119
1767174238.008238,0,-4,-121
1767174238.018238,-2,1,-118
1767174238.028238,-8,3,-118
1767174238.038238,-8,1,-113
1767174238.048238,-4,2,-118
1767174238.0582385,-1,1,-118
1767174238.0682385,-4,0,-117
1767174238.0782382,1,0,-116
1767174238.0882382,0,2,-119
1767174238.0982382,0,2,-121
1767174238.1082382,0,3,-126
1767174238.1182382,-1,2,-127
1767174238.1282382,-2,0,-121
1767174238.1382382,-7,0,-119
1767174238.1482382,-9,-3,-117
1767174238.1582382,-6,-3,-125
1767174238.1682382,-2,-1,-121
1767174238.1782382,-1,-3,-115
1767174238.188238,0,0,-121
1767174238.198238,0,0,-126
1767174238.208238,-4,2,-129
1767174238.218238,-9,1,-132
1767174238.228238,-9,0,-134
1767174238.238238,-6,-3,-130
1767174238.248238,-5,-3,-135
1767174238.258238,-2,-1,-141
1767174238.268238,0,-1,-138
1767174238.278238,1,0,-133
1767174238.288238,3,-3,-128
1767174238.298238,6,-5,-126
1767174238.3082385,5,-1,-128
1767174238.3182385,5,-1,-123
1767174238.3282382,1,0,-131
1767174238.3382382,0,1,-125
1767174238.3482382,3,3,-122
1767174238.3582382,3,1,-124
1767174238.3682382,2,2,-125
1767174238.3782382,2,1,-125
1767174238.3882382,-1,0,-125
1767174238.3982382,0,-2,-125
1767174238.4082382,3,-1,-121
1767174238.4182382,3,-4,-122
1767174238.4282382,4,-8,-123
1767174238.438238,3,-11,-127
1767174238.448238,2,-7,-127
1767174238.458238,2,-3,-123
1767174238.468238,1,-3,-130
1767174238.478238,0,1,-131
1767174238.488238,-1,2,-125
1767174238.498238,3,1,-121
1767174238.508238,3,2,-113
1767174238.518238,0,1,-111
1767174238.528238,1,3,-114
1767174238.538238,3,1,-122
1767174238.548238,0,2,-122
1767174238.5582385,-1,2,-126
1767174238.5682385,0,0,-130
1767174238.5782382,-3,0,-135
1767174238.5882382,-3,-1,-131
1767174238.5982382,-3,0,-135
1767174238.6082382,-4,-2,-129
1767174238.6182382,0,0,-123
1767174238.6282382,2,3,-119
1767174238.6382382,3,2,-118
1767174238.6482382,7,-1,-122
1767174238.6582382,7,-1,-129
1767174238.6682382,5,-4,-130
1767174238.6782382,4,-3,-128
1767174238.688238,3,-5,-126
1767174238.698238,1,-4,-128
1767174238.708238,2,-4,-124
1767174238.718238,2,-2,-132
1767174238.728238,2,1,-133
1767174238.738238,1,4,-129
1767174238.748238,0,3,-129
1767174238.758238,0,2,-127
1767174238.768238,0,2,-130
1767174238.778238,0,3,-128
1767174238.788238,-4,3,-122
1767174238.798238,-7,3,-120
1767174238.8082385,-7,3,-119
1767174238.8182385,-7,-1,-122
1767174238.8282382,-9,0,-118
1767174238.8382382,-6,0,-121
1767174238.8482382,-2,-2,-121
1767174238.8582382,0,0,-119
1767174238.8682382,-1,3,-123
1767174238.8782382,0,0,-130
1767174238.8882382,-3,-2,-131
1767174238.8982382,-2,0,-134
1767174238.9082382,0,-3,-131
1767174238.9182382,1,-5,-124
1767174238.9282382,0,-6,-124
1767174238.938238,0,-2,-120
1767174238.948238,-1,-2,-121
1767174238.958238,-1,-4,-121
1767174238.968238,-6,-2,-119
1767174238.978238,-5,0,-123
1767174238.988238,-7,-4,-124
1767174238.998238,-5,-2,-126
1767174239.008238,0,-2,-122
1767174239.018238,-4,-3,-119
1767174239.028238,-5,-7,-123
1767174239.038238,-1,-5,-129
1767174239.048238,0,-3,-126
1767174239.0582385,-3,-2,-121
1767174239.0682385,-1,-2,-124
1767174239.0782382,6,-1,-121
1767174239.0882382,3,0,-123
1767174239.0982382,1,-2,-124
1767174239.1082382,-1,-4,-125
1767174239.1182382,-5,0,-123
1767174239.1282382,-6,2,-126
1767174239.1382382,-3,-1,-124
1767174239.1482382,0,-1,-120
1767174239.1582382,0,-1,-123
1767174239.1682382,-6,0,-120
1767174239.1782382,-7,-1,-120
1767174239.188238,-8,0,-117
1767174239.198238,-3,3,-115
1767174239.208238,1,0,-118
1767174239.218238,1,0,-112
1767174239.228238,5,0,-125
1767174239.238238,5,1,-115
1767174239.248238,5,2,-112
1767174239.258238,5,3,-115
1767174239.268238,5,3,-107
1767174239.278238,1,4,-112
1767174239.288238,-4,4,-114
1767174239.298238,-3,8,-119
1767174239.3082385,-5,6,-124
1767174239.3182385,-4,3,-127
1767174239.3282382,-5,1,-135
1767174239.3382382,-3,2,-135
1767174239.3482382,0,-1,-133
1767174239.3582382,1,0,-128
1767174239.3682382,0,-2,-126
1767174239.3782382,-4,-2,-126
1767174239.3882382,-1,2,-123
1767174239.3982382,4,6,-121
1767174239.4082382,0,3,-117
1767174239.4182382,0,-4,-115
1767174239.4282382,0,-5,-119
1767174239.438238,2,-5,-113
1767174239.448238,-1,-8,-115
1767174239.458238,0,-5,-119
1767174239.468238,-3,-2,-119
1767174239.478238,2,0,-121
1767174239.488238,2,-3,-120
1767174239.498238,1,-5,-122
1767174239.508238,2,-3,-122
1767174239.518238,3,0,-120
1767174239.528238,1,-2,-123
1767174239.538238,3,-2,-118
1767174239.548238,0,0,-114
1767174239.5582385,5,0,-109
1767174239.5682385,10,0,-108
1767174239.5782382,6,1,-116
1767174239.5882382,7,1,-120
1767174239.5982382,3,0,-127
1767174239.6082382,0,-2,-123
1767174239.6182382,-5,-1,-121
1767174239.6282382,-2,-3,-123
1767174239.6382382,1,-4,-116
1767174239.6482382,0,-3,-120
1767174239.6582382,-4,-2,-126
1767174239.6682382,0,-2,-129
1767174239.6782382,3,-1,-128
1767174239.688238,5,0,-128
1767174239.698238,8,-4,-127
1767174239.708238,8,-6,-127
1767174239.718238,4,-3,-133
1767174239.728238,9,-3,-128
1767174239.738238,9,-5,-129
1767174239.748238,6,-2,-133
1767174239.758238,6,-3,-135
1767174239.768238,0,-4,-133
1767174239.7792382,1,-5,-133
1767174239.7892382,3,-7,-125
1767174239.7992382,0,-9,-119
1767174239.8082385,0,-7,-119
1767174239.8192382,0,-7,-117
1767174239.8292382,0,-6,-122
1767174239.8392382,2,-7,-117
1767174239.8492382,0,-4,-114
1767174239.859238,3,-5,-110
1767174239.869238,3,-4,-119
1767174239.879238,7,-1,-126
1767174239.889238,5,-2,-123
1767174239.899238,6,-3,-119
1767174239.909238,6,-7,-120
1767174239.919238,2,-5,-115
1767174239.929238,0,-3,-108
1767174239.939238,1,-3,-113
1767174239.949238,3,-1,-114
1767174239.959238,5,-1,-116
1767174239.969238,3,-1,-118
1767174239.9792385,1,-5,-120
1767174239.9892385,0,-7,-115
1767174239.9992385,-3,-1,-120
1767174240.0092382,0,0,-129
1767174240.0192382,0,0,-126
1767174240.0292382,-3,-1,-126
1767174240.0392382,-6,0,-117
1767174240.0492382,-2,-2,-117
1767174240.0592382,-2,1,-113
1767174240.0692382,-1,3,-111
1767174240.0792382,-1,0,-116
1767174240.0892382,-5,1,-119
1767174240.0992382,-3,0,-119
1767174240.109238,-4,2,-114
1767174240.119238,-2,1,-118
1767174240.129238,0,1,-121
1767174240.139238,-3,2,-124
1767174240.149238,-2,4,-128
1767174240.159238,-3,1,-132
1767174240.169238,-3,4,-137
1767174240.179238,-5,3,-129
1767174240.189238,-9,0,-126
1767174240.199238,-8,0,-127
1767174240.209238,-2,1,-118
1767174240.219238,0,1,-116
1767174240.2292385,2,0,-118
1767174240.2392385,0,0,-123
1767174240.2492385,-4,8,-123
1767174240.2592382,-3,10,-121
1767174240.2692382,2,10,-122
1767174240.2792382,4,10,-117
1767174240.2892382,3,8,-122
1767174240.2992382,1,5,-123
1767174240.3092382,3,3,-123
1767174240.3192382,6,0,-124
1767174240.3292382,2,1,-124
1767174240.3392382,3,2,-124
1767174240.3492382,4,4,-135
1767174240.359238,4,4,-133
1767174240.369238,0,9,-136
1767174240.379238,4,9,-126
1767174240.389238,4,8,-127
1767174240.399238,1,7,-126
1767174240.409238,0,8,-127
1767174240.419238,-2,3,-125
1767174240.429238,0,3,-125
1767174240.439238,-1,-1,-119
1767174240.449238,-1,-5,-122
1767174240.459238,-1,-4,-122
1767174240.469238,-3,-3,-124
1767174240.4792385,0,-6,-128
1767174240.4892385,0,-5,-120
1767174240.4992385,0,-1,-125
1767174240.5092382,3,-4,-129
1767174240.5192382,6,-2,-127
1767174240.5292382,5,-1,-124
1767174240.5392382,0,5,-122
1767174240.5492382,-1,0,-123
1767174240.5592382,-1,-4,-122
1767174240.5692382,0,-6,-127
1767174240.5792382,1,-2,-128
1767174240.5892382,4,-2,-131
1767174240.5992382,2,-1,-130
1767174240.609238,3,-1,-127
1767174240.619238,2,-6,-130
1767174240.629238,4,-6,-123
1767174240.639238,6,-5,-124
1767174240.649238,4,-3,-124
1767174240.659238,3,-4,-118
1767174240.669238,1,-7,-120
1767174240.679238,1,-7,-126
1767174240.689238,4,0,-134
1767174240.699238,3,-1,-133
1767174240.709238,-2,-1,-128
1767174240.719238,-2,0,-125
1767174240.7292385,-1,0,-122
1767174240.7392385,0,0,-120
1767174240.7492385,4,-3,-125
1767174240.7592382,6,0,-128
1767174240.7692382,6,-3,-125
1767174240.7792382,2,0,-123
1767174240.7892382,-5,2,-119
1767174240.7992382,-8,0,-123
1767174240.8092382,-10,0,-121
1767174240.8192382,-10,0,-118
1767174240.8292382,-10,0,-119
1767174240.8392382,-8,0,-128
1767174240.8492382,-3,-2,-124
1767174240.859238,-1,-2,-127
1767174240.869238,1,-1,-123
1767174240.879238,0,-5,-118
1767174240.889238,1,-5,-115
1767174240.899238,0,-2,-114
1767174240.909238,-4,0,-116
1767174240.919238,-7,0,-119
1767174240.929238,0,-1,-120
1767174240.939238,2,-6,-123
1767174240.949238,-1,-8,-122
1767174240.959238,-3,-5,-130
1767174240.969238,-2,-1,-130
1767174240.9792385,0,2,-122
1767174240.9892385,0,2,-123
1767174240.9992385,3,1,-124
1767174241.0092382,2,0,-119
1767174241.0192382,3,-4,-118
1767174241.0292382,0,-3,-116
1767174241.0392382,0,-3,-119
1767174241.0492382,1,-3,-115
1767174241.0592382,2,-2,-115
1767174241.0692382,2,0,-114
1767174241.0792382,0,-1,-119
1767174241.0892382,-1,0,-120
1767174241.0992382,-4,0,-113
1767174241.109238,0,2,-116
1767174241.119238,2,4,-114
1767174241.129238,6,3,-115
1767174241.139238,2,6,-118
1767174241.149238,2,6,-118
1767174241.159238,1,4,-121
1767174241.169238,2,6,-116
1767174241.179238,7,1,-112
1767174241.189238,5,0,-110
1767174241.199238,6,4,-110
1767174241.209238,6,-1,-116
1767174241.219238,1,0,-119
1767174241.2292385,6,1,-121
1767174241.2392385,5,2,-121
1767174241.2492385,6,0,-118
1767174241.2592382,8,2,-120
1767174241.2692382,5,0,-121
1767174241.2792382,3,0,-118
1767174241.2892382,0,2,-118
1767174241.2992382,-1,3,-118
1767174241.3092382,-3,2,-118
1767174241.3192382,-2,5,-124
1767174241.3292382,-3,4,-125
1767174241.3392382,-2,7,-123
1767174241.3492382,-3,6,-121
1767174241.359238,-1,7,-124
1767174241.369238,1,4,-120
1767174241.379238,0,5,-116
1767174241.389238,4,4,-116
1767174241.399238,3,2,-119
1767174241.409238,5,1,-125
1767174241.419238,3,0,-126
1767174241.429238,2,0,-119
1767174241.439238,-1,-2,-113
1767174241.449238,0,-3,-114
1767174241.459238,1,-2,-125
1767174241.469238,3,-1,-133
1767174241.4792385,6,0,-131
1767174241.4892385,6,-1,-129
1767174241.4992385,3,-1,-125
1767174241.5092382,2,-3,-119
1767174241.5192382,4,-5,-123
1767174241.5292382,4,-6,-124
1767174241.5392382,4,-5,-122
1767174241.5492382,1,-7,-124
1767174241.5592382,-1,-5,-124
1767174241.5692382,-2,-6,-121
1767174241.5792382,-2,-5,-122
1767174241.5892382,0,-6,-128
1767174241.5992382,-3,-7,-132
1767174241.609238,-4,-9,-124
1767174241.619238,-2,-6,-119
1767174241.629238,-1,-7,-118
1767174241.639238,-2,-7,-120
1767174241.649238,-2,-8,-126
1767174241.659238,-5,-5,-129
1767174241.669238,-3,-4,-129
1767174241.679238,-1,-6,-134
1767174241.689238,-1,-7,-129
1767174241.699238,0,-5,-130
1767174241.709238,2,-3,-127
1767174241.719238,5,-5,-130
1767174241.7292385,3,-7,-133
1767174241.7392385,0,-6,-133
1767174241.7492385,0,-2,-140
1767174241.7592382,-3,-2,-142
1767174241.7692382,4,0,-143
1767174241.7792382,0,0,-144
1767174241.7892382,0,-1,-141
1767174241.7992382,0,-2,-138
1767174241.8092382,-1,-1,-128
1767174241.8192382,0,-2,-131
1767174241.8292382,0,-3,-138
1767174241.8392382,0,-6,-135
1767174241.8492382,2,-4,-132
1767174241.859238,0,-3,-130
1767174241.869238,-4,-1,-130
1767174241.879238,-7,0,-125
1767174241.889238,-10,0,-130
1767174241.899238,-10,1,-133
1767174241.909238,-16,4,-125
1767174241.919238,-11,4,-127
1767174241.929238,-7,4,-133
1767174241.939238,-8,0,-133
1767174241.949238,-3,-2,-134
1767174241.959238,3,-1,-137
1767174241.969238,3,0,-132
1767174241.9792385,1,-2,-124
1767174241.9892385,-1,-1,-122
1767174241.9992385,4,2,-120
1767174242.0092382,1,6,-116
1767174242.0192382,3,6,-116
1767174242.0292382,3,-1,-121
1767174242.0392382,4,-6,-120
1767174242.0492382,7,-6,-116
1767174242.0592382,5,-9,-121
1767174242.0692382,7,-9,-113
1767174242.0792382,5,-10,-118
1767174242.0892382,0,-14,-117
1767174242.0992382,-2,-15,-118
1767174242.109238,-3,-12,-118
1767174242.119238,-7,-12,-118
1767174242.129238,-7,-10,-121
1767174242.139238,-5,-9,-125
1767174242.149238,-8,-5,-127
1767174242.159238,-3,-2,-121
1767174242.169238,3,-2,-119
1767174242.179238,-2,-4,-118
1767174242.189238,0,-3,-117
1767174242.199238,3,-2,-114
1767174242.209238,2,-1,-114
1767174242.219238,-1,-1,-121
1767174242.2292385,-1,0,-122
1767174242.2392385,-3,-3,-122
1767174242.2492385,-3,-1,-124
1767174242.2592382,0,-2,-122
1767174242.2692382,1,-1,-120
1767174242.2792382,2,-2,-119
1767174242.2892382,3,-4,-125
1767174242.2992382,1,-1,-125
1767174242.3092382,2,-4,-117
1767174242.3192382,0,0,-118
1767174242.3292382,3,0,-123
1767174242.3392382,0,1,-135
1767174242.3492382,-2,-1,-130
1767174242.359238,0,-1,-126
1767174242.369238,-3,0,-126
1767174242.379238,-4,4,-127
1767174242.389238,-1,2,-120
1767174242.399238,-2,0,-120
1767174242.409238,0,0,-129
1767174242.419238,0,0,-130
1767174242.429238,1,0,-128
1767174242.439238,-2,2,-124
1767174242.449238,0,-1,-129
1767174242.4602382,-3,1,-131
1767174242.4702382,-3,2,-134
1767174242.4802382,-5,3,-133
1767174242.4902382,-6,5,-131
1767174242.5002382,-5,8,-138
1767174242.5102382,-1,9,-135
1767174242.5202382,-2,12,-128
1767174242.5302382,-1,14,-127
1767174242.540238,-1,13,-127
1767174242.550238,-4,11,-132
1767174242.560238,0,10,-128
1767174242.570238,0,7,-127
1767174242.580238,0,3,-130
1767174242.590238,0,0,-129
1767174242.600238,-4,0,-125
1767174242.610238,-1,-2,-130
1767174242.620238,-2,-4,-137
1767174242.630238,0,-1,-132
1767174242.640238,-1,0,-130
1767174242.650238,0,0,-131
1767174242.6602385,2,0,-134
1767174242.6702385,5,-3,-129
1767174242.6802382,6,-1,-120
1767174242.6902382,3,-4,-122
1767174242.7002382,4,-4,-118
1767174242.721238,0,-1,-123
1767174242.7302382,0,-1,-123
1767174242.7402382,-1,-4,-123
1767174242.7502382,-2,-7,-129
1767174242.7602382,-2,-11,-132
1767174242.7702382,0,-9,-127
1767174242.7802382,0,-9,-120
1767174242.790238,3,-7,-121
1767174242.800238,4,-6,-121
1767174242.810238,4,-8,-120
1767174242.820238,3,-9,-123
1767174242.830238,0,-8,-124
1767174242.840238,-1,-15,-126
1767174242.850238,0,-13,-126
1767174242.860238,-1,-8,-123
1767174242.870238,5,-10,-125
1767174242.880238,6,-7,-128
1767174242.890238,3,-7,-117
1767174242.900238,0,-11,-112
1767174242.9102385,2,-6,-117
1767174242.9202385,2,0,-123
1767174242.9302382,-2,0,-128
1767174242.9402382,2,-1,-129
1767174242.9502382,4,-4,-125
1767174242.9602382,3,-4,-118
1767174242.9702382,6,-1,-113
1767174242.9802382,8,-1,-116
1767174242.9902382,8,-2,-116
1767174243.0002382,4,0,-124
1767174243.0102382,1,0,-114
1767174243.0202382,1,-1,-113
1767174243.0302382,1,-4,-115
1767174243.040238,5,-6,-121
1767174243.050238,9,-5,-123
1767174243.060238,4,0,-122
1767174243.070238,3,0,-126
1767174243.080238,0,2,-121
1767174243.090238,1,0,-114
1767174243.100238,1,0,-114
1767174243.110238,2,1,-116
1767174243.120238,3,0,-119
1767174243.130238,3,0,-120
1767174243.140238,0,-1,-115
1767174243.150238,-4,-2,-115
1767174243.1602385,0,-4,-115
1767174243.1702385,1,-3,-116
1767174243.1802382,3,-4,-120
1767174243.1902382,1,-2,-117
1767174243.2002382,-1,-1,-120
1767174243.2102382,0,-1,-128
1767174243.2202382,-2,-3,-132
1767174243.2302382,0,0,-133
1767174243.2402382,0,-2,-134
1767174243.2502382,0,-2,-134
1767174243.2602382,-1,-6,-132
1767174243.2702382,-4,-8,-138
1767174243.2802382,-1,-6,-143
1767174243.290238,0,-9,-139
1767174243.300238,-2,-14,-129
1767174243.310238,-8,-13,-123
1767174243.320238,-5,-11,-123
1767174243.330238,-3,-8,-119
1767174243.340238,-4,-2,-128
1767174243.350238,-9,-5,-125
1767174243.360238,-5,-4,-124
1767174243.370238,-3,-6,-126
1767174243.380238,0,-6,-126
1767174243.390238,1,-4,-126
1767174243.400238,6,-4,-127
1767174243.4102385,6,-2,-129
1767174243.4202385,6,-4,-126
1767174243.4302382,3,-2,-126
1767174243.4402382,1,-3,-123
1767174243.4502382,6,-3,-118
1767174243.4602382,8,-3,-118
1767174243.4702382,6,-2,-116
1767174243.4802382,6,-3,-117
1767174243.4902382,5,-6,-118
1767174243.5002382,3,-7,-124
1767174243.5102382,4,-3,-127
1767174243.5202382,4,-5,-133
1767174243.5302382,6,-6,-130
1767174243.540238,6,-4,-114
1767174243.550238,4,0,-111
1767174243.560238,3,5,-114
1767174243.570238,3,2,-113
1767174243.580238,2,3,-114
1767174243.590238,5,2,-113
1767174243.600238,4,0,-113
1767174243.610238,-1,-2,-117
1767174243.620238,2,-1,-124
1767174243.630238,6,-6,-133
1767174243.640238,8,-6,-130
1767174243.650238,7,-5,-128
1767174243.6602385,4,-10,-127
1767174243.6702385,4,-11,-124
1767174243.6802382,0,-12,-124
1767174243.6902382,-2,-9,-124
1767174243.7002382,-6,-4,-118
1767174243.7102382,-6,-5,-114
1767174243.7202382,-3,-2,-119
1767174243.7302382,-3,-5,-123
1767174243.7402382,-5,-3,-120
1767174243.7502382,-2,-6,-120
1767174243.7602382,-3,-7,-117
1767174243.7702382,0,-6,-118
1767174243.7802382,2,-5,-123
1767174243.790238,5,-3,-130
1767174243.800238,6,-3,-126
1767174243.810238,7,0,-123
1767174243.820238,10,1,-121
1767174243.830238,4,0,-124
1767174243.840238,0,0,-129
1767174243.850238,0,0,-132
1767174243.860238,2,0,-126
1767174243.870238,5,0,-129
1767174243.880238,8,1,-125
1767174243.890238,5,-2,-120
1767174243.900238,8,-5,-122
1767174243.9102385,7,-3,-131
1767174243.9202385,5,-2,-138
1767174243.9302382,1,0,-137
1767174243.9402382,3,0,-138
1767174243.9502382,4,3,-131
1767174243.9602382,-2,6,-131
1767174243.9702382,-3,2,-131
1767174243.9802382,-3,1,-127
1767174243.9902382,-5,2,-128
1767174244.0002382,-6,-3,-132
1767174244.0102382,-2,-4,-133
1767174244.0202382,1,-1,-132
1767174244.0302382,2,1,-136
1767174244.040238,3,1,-132
1767174244.050238,2,0,-134
1767174244.060238,1,0,-128
1767174244.070238,0,0,-124
1767174244.080238,0,0,-122
1767174244.090238,-2,0,-116
1767174244.100238,-1,-3,-120
1767174244.110238,3,-4,-119
1767174244.120238,5,-4,-119
1767174244.130238,2,-6,-120
1767174244.140238,1,-9,-117
1767174244.150238,0,-8,-112
1767174244.1602385,2,-5,-114
1767174244.1702385,3,-2,-119
1767174244.1802382,7,-3,-119
1767174244.1902382,7,-5,-117
1767174244.2002382,3,-6,-115
1767174244.2102382,0,-7,-122
1767174244.2202382,-1,-2,-125
1767174244.2302382,-1,1,-116
1767174244.2402382,0,2,-121
1767174244.2502382,0,3,-126
1767174244.2602382,2,0,-124
1767174244.2702382,5,0,-123
1767174244.2802382,2,-3,-125
1767174244.290238,7,-1,-127
1767174244.300238,9,0,-126
1767174244.310238,10,-1,-120
1767174244.320238,8,-2,-122
1767174244.330238,9,-1,-126
1767174244.340238,7,0,-124
1767174244.350238,6,-2,-122
1767174244.360238,0,0,-118
1767174244.370238,-1,2,-119
1767174244.380238,1,5,-119
1767174244.390238,9,6,-124
1767174244.400238,11,9,-126
1767174244.4102385,7,6,-125
1767174244.4202385,0,4,-123
1767174244.4302382,0,2,-129
1767174244.4402382,-4,2,-126
1767174244.4502382,-8,-1,-121
1767174244.4602382,-6,-2,-124
1767174244.4702382,-4,-2,-123
1767174244.4802382,-4,0,-128
1767174244.4902382,1,-3,-135
1767174244.5002382,1,-3,-130
1767174244.5102382,1,0,-126
1767174244.5202382,4,-1,-124
1767174244.5302382,2,-4,-123
1767174244.540238,1,-6,-120
1767174244.550238,1,-9,-117
1767174244.560238,4,-6,-114
1767174244.570238,3,-5,-119
1767174244.580238,1,-4,-125
1767174244.590238,-1,0,-127
1767174244.600238,0,0,-128
1767174244.610238,-4,2,-128
1767174244.620238,1,1,-133
1767174244.630238,1,0,-128
1767174244.640238,0,-1,-126
1767174244.650238,-2,1,-127
1767174244.6602385,0,2,-127
1767174244.6702385,-4,5,-131
1767174244.6802382,-5,5,-127
1767174244.6902382,-4,5,-122
1767174244.7002382,-4,3,-121
1767174244.7102382,-4,3,-122
1767174244.7202382,-3,-2,-123
1767174244.7302382,-3,0,-119
1767174244.7402382,-4,1,-123
1767174244.7502382,0,1,-123
1767174244.7602382,1,0,-122
1767174244.7702382,-4,-1,-119
1767174244.7802382,-1,0,-121
1767174244.790238,-2,-1,-120
1767174244.800238,0,1,-121
1767174244.810238,-4,4,-119
1767174244.820238,0,4,-124
1767174244.830238,0,1,-133
1767174244.840238,-4,0,-134
1767174244.850238,-5,-3,-133
1767174244.860238,-2,-1,-130
1767174244.870238,0,0,-123
1767174244.880238,-3,4,-118
1767174244.890238,0,4,-120
1767174244.900238,1,8,-123
1767174244.9102385,0,7,-127
1767174244.9202385,-1,5,-118
1767174244.9302382,-2,1,-125
1767174244.9402382,0,1,-131
1767174244.9502382,0,-1,-131
1767174244.9602382,3,-1,-133
1767174244.9702382,-3,1,-129
1767174244.9802382,-2,2,-129
1767174244.9902382,-3,0,-128
1767174245.0002382,-8,0,-135
1767174245.0102382,-5,2,-131
1767174245.0202382,-4,1,-125
1767174245.0302382,-6,-1,-118
1767174245.040238,-2,-1,-118
1767174245.050238,-2,-1,-112
1767174245.060238,0,-2,-120
1767174245.070238,1,2,-122
1767174245.080238,1,0,-132
1767174245.0922382,-1,0,-129
1767174245.1012385,-4,-5,-122
1767174245.110238,-5,-10,-121
1767174245.120238,-1,-11,-118
1767174245.130238,1,-6,-118
1767174245.1412382,2,-3,-112
1767174245.1512382,1,-2,-116
1767174245.1602385,1,0,-114
1767174245.1712382,0,2,-113
1767174245.1812382,2,-2,-127
1767174245.1912382,1,-4,-124
1767174245.2012382,0,-4,-115
1767174245.211238,0,-6,-119
1767174245.221238,1,-4,-117
1767174245.231238,2,-4,-116
1767174245.241238,3,-5,-113
1767174245.251238,3,-1,-113
1767174245.261238,1,0,-119
1767174245.271238,-2,-3,-118
1767174245.281238,-5,-6,-124
1767174245.291238,-5,-8,-130
1767174245.301238,-8,-12,-133
1767174245.311238,-9,-10,-131
1767174245.321238,-5,-8,-127
1767174245.3312385,-2,-7,-127
1767174245.3412385,-4,-4,-128
1767174245.3512385,-5,-6,-124
1767174245.3612382,-3,-3,-125
1767174245.3712382,0,-4,-127
1767174245.3812382,0,0,-130
1767174245.3912382,-2,2,-128
1767174245.4012382,-1,0,-131
1767174245.4112382,-4,4,-133
1767174245.4212382,-4,2,-134
1767174245.4312382,-2,1,-133
1767174245.4412382,-1,-1,-132
1767174245.4512382,0,0,-136
1767174245.461238,-2,0,-130
1767174245.471238,0,3,-130
1767174245.481238,3,0,-131
1767174245.491238,0,2,-131
1767174245.501238,-3,2,-126
1767174245.511238,-8,-3,-126
1767174245.521238,-7,-3,-126
1767174245.531238,-5,-4,-126
1767174245.541238,-2,-1,-126
1767174245.551238,0,3,-127
1767174245.561238,-1,3,-128
1767174245.571238,-3,4,-130
1767174245.5812385,-2,2,-127
1767174245.5912385,0,-2,-129
1767174245.6012385,-5,-6,-133
1767174245.6112382,-2,-5,-135
1767174245.6212382,1,-7,-133
1767174245.6312382,1,-5,-134
1767174245.6412382,5,-5,-131
1767174245.6512382,6,-4,-125
1767174245.6612382,11,-1,-124
1767174245.6712382,8,0,-121
1767174245.6812382,9,-5,-123
1767174245.6912382,5,-6,-128
1767174245.7012382,2,-11,-128
1767174245.711238,5,-7,-136
1767174245.721238,1,-8,-135
1767174245.731238,3,-5,-132
1767174245.741238,0,-2,-140
1767174245.751238,1,0,-142
1767174245.761238,0,1,-145
1767174245.771238,4,4,-145
1767174245.781238,3,2,-140
1767174245.791238,2,4,-136
1767174245.801238,-1,4,-132
1767174245.811238,1,6,-131
1767174245.821238,0,3,-129
1767174245.8312385,-2,2,-126
1767174245.8412385,-2,2,-128
1767174245.8512385,-3,0,-133
1767174245.8612382,0,1,-130
1767174245.8712382,-3,2,-125
1767174245.8812382,-6,0,-126
1767174245.8912382,-5,0,-121
1767174245.9012382,-2,0,-120
1767174245.9112382,-1,0,-122
1767174245.9212382,0,0,-124
1767174245.9312382,2,0,-119
1767174245.9412382,5,0,-120
1767174245.9512382,4,0,-118
1767174245.961238,3,-2,-118
1767174245.971238,7,1,-119
1767174245.981238,11,5,-118
1767174245.991238,9,4,-123
1767174246.001238,7,7,-122
1767174246.011238,2,7,-119
1767174246.021238,3,5,-124
1767174246.031238,4,2,-136
1767174246.041238,3,1,-141
1767174246.051238,1,1,-139
1767174246.061238,2,-1,-134
1767174246.071238,4,0,-129
1767174246.0812385,4,-2,-128
1767174246.0912385,7,0,-132
1767174246.1012385,6,0,-129
1767174246.1112382,2,0,-121
1767174246.1212382,5,1,-124
1767174246.1312382,5,0,-127
1767174246.1412382,1,-2,-123
1767174246.1512382,0,-1,-116
1767174246.1612382,0,0,-120
1767174246.1712382,1,0,-120
1767174246.1812382,-6,-3,-126
1767174246.1912382,-4,2,-128
1767174246.2012382,-2,0,-129
1767174246.211238,-1,0,-124
1767174246.221238,0,-1,-123
1767174246.231238,0,-5,-122
1767174246.241238,0,-1,-120
1767174246.251238,0,-1,-124
1767174246.261238,-1,-5,-121
1767174246.271238,-2,-5,-122
1767174246.281238,-2,-6,-126
1767174246.291238,0,-3,-130
1767174246.301238,0,-5,-129
1767174246.311238,0,-1,-125
1767174246.321238,2,-4,-123
1767174246.3312385,-3,-4,-117
1767174246.3412385,-3,-3,-114
1767174246.3512385,-3,-2,-112
1767174246.3612382,-4,1,-118
1767174246.3712382,-4,0,-121
1767174246.3812382,-5,-2,-119
1767174246.3912382,-4,2,-120
1767174246.4012382,-3,6,-119
1767174246.4112382,-1,6,-119
1767174246.4212382,-4,4,-119
1767174246.4312382,-5,0,-125
1767174246.4412382,-4,-2,-122
1767174246.4512382,0,-1,-125
1767174246.461238,1,-3,-121
1767174246.471238,0,-9,-122
1767174246.481238,3,-11,-127
1767174246.491238,5,-10,-130
1767174246.501238,5,-12,-128
1767174246.511238,6,-9,-128
1767174246.521238,3,-9,-127
1767174246.531238,0,-9,-129
1767174246.541238,-4,-6,-129
1767174246.551238,-4,-8,-132
1767174246.561238,-6,-7,-128
1767174246.571238,-5,-4,-136
1767174246.5812385,-6,-4,-138
1767174246.5912385,-3,-5,-131
1767174246.6012385,-2,-4,-132
1767174246.6112382,-1,-2,-137
1767174246.6212382,-1,-2,-132
1767174246.6312382,-4,-1,-134
1767174246.6412382,-1,0,-131
1767174246.6512382,0,2,-136
1767174246.6612382,-2,4,-135
1767174246.6712382,-2,3,-133
1767174246.6812382,-4,4,-130
1767174246.6912382,1,-2,-128
1767174246.7012382,2,0,-128
1767174246.711238,1,1,-125
1767174246.721238,0,-1,-139
1767174246.731238,-2,-1,-142
1767174246.741238,-6,0,-134
1767174246.751238,-4,0,-128
1767174246.761238,-7,2,-124
1767174246.771238,-4,3,-123
1767174246.781238,-4,0,-123
1767174246.791238,-4,-1,-123
1767174246.801238,-1,-1,-119
1767174246.811238,-3,-5,-119
1767174246.821238,0,-6,-119
1767174246.8312385,1,-3,-116
1767174246.8412385,0,0,-112
1767174246.8512385,0,1,-116
1767174246.8612382,0,-3,-121
1767174246.8712382,-1,-3,-124
1767174246.8812382,-4,-4,-124
1767174246.8912382,-3,-2,-125
1767174246.9012382,-3,0,-118
1767174246.9112382,-2,3,-122
1767174246.9212382,-4,1,-125
1767174246.9312382,0,1,-120
1767174246.9412382,0,-3,-125
1767174246.9512382,0,0,-126
1767174246.961238,0,1,-125
1767174246.971238,-1,3,-125
1767174246.981238,-2,4,-128
1767174246.991238,-1,4,-138
1767174247.001238,0,1,-137
1767174247.011238,5,-3,-136
1767174247.021238,7,-1,-134
1767174247.031238,7,-3,-128
1767174247.041238,7,-7,-129
1767174247.051238,9,-8,-130
1767174247.061238,9,-7,-128
1767174247.071238,9,-7,-131
1767174247.0812385,8,-5,-132
1767174247.0912385,6,-3,-134
1767174247.1012385,3,-5,-125
1767174247.1112382,6,-5,-122
1767174247.1212382,5,-8,-125
1767174247.1312382,1,-4,-125
1767174247.1412382,0,0,-126
1767174247.1512382,-1,5,-129
1767174247.1612382,0,2,-128
1767174247.1712382,4,4,-127
1767174247.1812382,0,0,-124
1767174247.1912382,-5,-1,-121
1767174247.2012382,-6,-2,-123
1767174247.211238,-1,-4,-127
1767174247.221238,-5,-3,-124
1767174247.231238,-5,-5,-124
1767174247.241238,-2,-5,-118
1767174247.251238,-5,-4,-120
1767174247.261238,-7,-4,-113
1767174247.271238,-5,-3,-113
1767174247.281238,-8,-3,-121
1767174247.291238,-9,-7,-122
1767174247.301238,-9,-1,-121
1767174247.311238,-7,0,-119
1767174247.321238,-6,0,-115
1767174247.3312385,-3,0,-115
1767174247.3412385,0,0,-118
1767174247.3512385,2,-2,-110
1767174247.3612382,2,0,-112
1767174247.3712382,4,0,-112
1767174247.3812382,3,0,-118
1767174247.3912382,4,2,-115
1767174247.4012382,2,4,-116
1767174247.4112382,2,3,-121
1767174247.4212382,-2,2,-125
1767174247.4312382,-3,3,-126
1767174247.4412382,0,-2,-131
1767174247.4512382,-1,-4,-132
1767174247.461238,-2,-1,-129
1767174247.471238,-11,-2,-130
1767174247.481238,-12,-5,-129
1767174247.491238,-11,-4,-124
1767174247.501238,-9,-7,-123
1767174247.511238,-9,-8,-125
1767174247.521238,-6,-8,-131
1767174247.531238,-7,-5,-135
1767174247.541238,0,-3,-132
1767174247.551238,4,0,-134
1767174247.561238,2,1,-132
1767174247.571238,3,0,-132
1767174247.5812385,-2,-1,-129
1767174247.5912385,-4,0,-129
1767174247.6012385,-2,2,-123
1767174247.6112382,-2,3,-122
1767174247.6212382,1,4,-118
1767174247.6312382,4,3,-120
1767174247.6412382,1,2,-122
1767174247.6512382,0,2,-126
1767174247.6612382,2,2,-115
1767174247.6712382,-1,2,-117
1767174247.6812382,-1,6,-120
1767174247.6912382,-3,8,-121
1767174247.7012382,-7,3,-126
1767174247.711238,-9,0,-131
1767174247.7332382,-7,-1,-127
1767174247.742238,-7,6,-120
1767174247.752238,-8,5,-117
1767174247.7622385,-4,0,-119
1767174247.7722385,-4,-3,-124
1767174247.7822382,0,-1,-122
1767174247.7922382,1,0,-125
1767174247.8022382,4,1,-124
1767174247.8122382,1,2,-117
1767174247.8222382,5,0,-120
1767174247.8322382,7,-1,-126
1767174247.8422382,10,0,-126
1767174247.8522382,10,-6,-127
1767174247.8622382,8,-6,-128
1767174247.8722382,6,0,-129
1767174247.882238,5,2,-126
1767174247.892238,0,4,-123
1767174247.902238,0,5,-117
1767174247.912238,0,2,-118
1767174247.922238,3,-3,-124
1767174247.932238,4,0,-124
1767174247.942238,1,0,-127
1767174247.952238,-1,0,-121
1767174247.962238,-4,0,-121
1767174247.972238,-2,2,-116
1767174247.982238,-7,4,-120
1767174247.992238,-5,0,-118
1767174248.002238,-4,-1,-118
1767174248.0122385,-3,-6,-115
1767174248.0222385,-2,-3,-116
1767174248.0322382,-7,-8,-111
1767174248.0422382,0,-8,-114
1767174248.0522382,1,-5,-112
1767174248.0622382,2,-1,-116
1767174248.0722382,3,-1,-124
1767174248.0822382,2,-2,-126
1767174248.0922382,2,-2,-128
1767174248.1022382,0,-2,-126
1767174248.1122382,-1,-2,-122
1767174248.1222382,1,-2,-121
1767174248.132238,0,-1,-121
1767174248.142238,0,-1,-126
1767174248.152238,0,0,-124
1767174248.162238,0,2,-120
1767174248.172238,-1,1,-119
1767174248.182238,0,3,-122
1767174248.192238,4,2,-123
1767174248.202238,2,-2,-127
1767174248.212238,2,-2,-125
1767174248.222238,3,0,-126
1767174248.232238,1,-1,-122
1767174248.242238,2,0,-118
1767174248.252238,1,-1,-119
1767174248.2622385,2,-2,-120
1767174248.2722385,0,-5,-118
1767174248.2822382,-1,-4,-120
1767174248.2922382,-1,-1,-123
1767174248.3022382,2,5,-123
1767174248.3122382,5,2,-122
1767174248.3222382,8,-2,-119
1767174248.3322382,7,-1,-121
1767174248.3422382,3,-2,-121
1767174248.3522382,1,-2,-120
1767174248.3622382,2,-4,-122
1767174248.3722382,2,-5,-125
1767174248.382238,-2,-6,-123
1767174248.392238,0,-7,-123
1767174248.402238,3,-1,-121
1767174248.412238,1,-2,-118
1767174248.422238,-1,-1,-118
1767174248.432238,0,0,-119
1767174248.442238,-3,0,-119
1767174248.452238,0,-5,-118
1767174248.462238,3,-3,-122
1767174248.472238,2,0,-124
1767174248.482238,1,-2,-125
1767174248.492238,0,-6,-133
1767174248.502238,1,-5,-135
1767174248.5122385,6,-5,-127
1767174248.5222385,2,0,-124
1767174248.5322382,0,1,-125
1767174248.5422382,-2,1,-125
1767174248.5522382,-3,3,-123
1767174248.5622382,-4,2,-119
1767174248.5722382,-4,1,-116
1767174248.5822382,-5,0,-117
1767174248.5922382,-7,0,-118
1767174248.6022382,-5,1,-123
1767174248.6122382,-3,6,-119
1767174248.6222382,-6,9,-118
1767174248.632238,-1,6,-120
1767174248.642238,0,2,-118
1767174248.652238,1,2,-119
1767174248.662238,3,0,-127
1767174248.672238,1,-2,-132
1767174248.682238,-2,-1,-129
1767174248.692238,-6,-3,-123
1767174248.702238,-6,-4,-120
1767174248.712238,-4,0,-116
1767174248.722238,-4,0,-116
1767174248.732238,0,0,-115
1767174248.742238,0,5,-116
1767174248.752238,5,5,-118
1767174248.7622385,9,4,-123
1767174248.7722385,7,6,-124
1767174248.7822382,8,4,-119
1767174248.7922382,8,7,-121
1767174248.8022382,8,7,-118
1767174248.8122382,2,7,-111
1767174248.8222382,3,3,-107
1767174248.8322382,6,4,-108
1767174248.8422382,8,6,-113
1767174248.8522382,6,7,-123
1767174248.8622382,2,9,-126
1767174248.8722382,0,5,-126
1767174248.882238,-2,5,-127
1767174248.892238,-6,6,-127
1767174248.902238,-6,4,-126
1767174248.912238,2,5,-125
1767174248.922238,4,4,-124
1767174248.932238,3,3,-119
1767174248.942238,3,4,-124
1767174248.952238,-3,4,-126
1767174248.962238,-6,4,-113
1767174248.972238,-6,4,-119
1767174248.982238,-5,6,-119
1767174248.992238,-5,3,-123
1767174249.002238,-2,2,-126
1767174249.0122385,0,-1,-128
1767174249.0222385,1,-7,-130
1767174249.0322382,-1,-1,-125
1767174249.0422382,-1,2,-123
1767174249.0522382,-1,0,-123
1767174249.0622382,6,3,-126
1767174249.0722382,2,0,-126
1767174249.0822382,0,-4,-120
1767174249.0922382,-1,-3,-126
1767174249.1022382,0,0,-121
1767174249.1122382,-1,-6,-116
1767174249.1222382,-3,-5,-116
1767174249.132238,-1,-4,-117
1767174249.142238,-2,0,-115
1767174249.152238,0,0,-117
1767174249.162238,-1,1,-116
1767174249.172238,-3,0,-115
1767174249.182238,-3,3,-116
1767174249.192238,-5,1,-117
1767174249.202238,-7,5,-111
1767174249.212238,-10,5,-111
1767174249.222238,-5,4,-115
1767174249.232238,-2,1,-118
1767174249.242238,-3,-1,-125
1767174249.252238,-5,-6,-131
1767174249.2622385,-8,-4,-131
1767174249.2722385,-8,-4,-130
1767174249.2822382,-8,-4,-130
1767174249.2922382,-5,-8,-130
1767174249.3022382,-3,-7,-128
1767174249.3122382,-6,-5,-123
1767174249.3222382,-4,-8,-124
1767174249.3322382,0,-9,-122
1767174249.3422382,1,-2,-120
1767174249.3522382,4,1,-124
1767174249.3622382,0,-1,-129
1767174249.3722382,-1,-1,-127
1767174249.382238,2,-4,-126
1767174249.393238,0,-2,-120
1767174249.402238,4,-6,-119
1767174249.412238,1,-6,-126
1767174249.422238,0,-6,-129
1767174249.432238,2,-3,-129
1767174249.442238,0,-3,-129
1767174249.452238,0,-2,-132
1767174249.462238,2,-2,-130
1767174249.472238,4,0,-129
1767174249.482238,0,1,-125
1767174249.492238,-1,-1,-129
1767174249.502238,-1,0,-120
1767174249.5122385,-1,0,-121
1767174249.5222385,0,-1,-121
1767174249.5322382,0,-1,-127
1767174249.5422382,1,0,-127
1767174249.5522382,-3,-3,-135
1767174249.5622382,-4,-5,-131
1767174249.5722382,-2,-8,-123
1767174249.5822382,-1,-8,-127
1767174249.5922382,-1,-9,-124
1767174249.6022382,1,-10,-128
1767174249.6122382,0,-4,-131
1767174249.6222382,0,-3,-133
1767174249.632238,3,-1,-129
1767174249.642238,0,0,-131
1767174249.652238,0,-1,-132
1767174249.662238,0,0,-125
1767174249.672238,0,0,-120
1767174249.682238,-2,2,-125
1767174249.692238,0,0,-124
1767174249.702238,3,0,-117
1767174249.712238,4,0,-120
1767174249.722238,8,1,-125
1767174249.732238,6,0,-131
1767174249.742238,7,0,-123
1767174249.752238,6,1,-124
1767174249.7622385,2,2,-118
1767174249.7722385,4,-2,-114
1767174249.7822382,0,-3,-115
1767174249.7922382,0,-1,-121
1767174249.8022382,0,-3,-123
1767174249.8122382,-1,-5,-121
1767174249.8222382,0,-5,-124
1767174249.8322382,-1,-2,-123
1767174249.8422382,1,-2,-127
1767174249.8522382,-2,-3,-131
1767174249.8622382,0,-5,-125
1767174249.8722382,-3,-2,-127
1767174249.882238,-3,3,-132
1767174249.892238,-3,-1,-127
1767174249.902238,-4,-2,-126
1767174249.912238,0,-1,-129
1767174249.922238,0,-1,-126
1767174249.932238,-4,-3,-126
1767174249.942238,-2,0,-121
1767174249.952238,0,-3,-116
1767174249.962238,-1,-3,-118
1767174249.972238,-2,-1,-125
1767174249.982238,-6,0,-124
1767174249.992238,0,1,-121
1767174250.002238,2,0,-122
1767174250.0122385,0,-2,-126
1767174250.0222385,-1,-3,-125
1767174250.0322382,1,1,-123
1767174250.0422382,3,0,-123
1767174250.0522382,4,1,-120
1767174250.0622382,2,3,-122
1767174250.0722382,-1,3,-125
1767174250.0822382,-4,0,-123
1767174250.0922382,-7,-2,-121
1767174250.1022382,-6,0,-118
1767174250.1122382,-1,-6,-116
1767174250.1222382,-5,-4,-118
1767174250.132238,-3,-3,-120
1767174250.142238,-4,-2,-119
1767174250.152238,-3,1,-115
1767174250.162238,-2,0,-115
1767174250.172238,0,-2,-117
1767174250.182238,-5,-2,-115
1767174250.192238,-4,-1,-114
1767174250.202238,-1,2,-112
1767174250.212238,0,0,-114
1767174250.222238,0,-2,-117
1767174250.232238,-5,-3,-116
1767174250.242238,-1,-1,-117
1767174250.252238,-3,-2,-121
1767174250.2622385,-4,-3,-123
1767174250.2722385,-7,-3,-121
1767174250.2822382,-5,0,-119
1767174250.2922382,-5,-3,-118
1767174250.3022382,-8,-2,-123
1767174250.3122382,-8,-1,-125
1767174250.3222382,-7,-1,-125
1767174250.3322382,-4,-4,-124
1767174250.3422382,-5,-1,-126
1767174250.3522382,-3,0,-122
1767174250.3622382,-4,3,-120
1767174250.373238,-4,3,-114
1767174250.382238,-1,6,-117
1767174250.392238,2,10,-120
1767174250.403238,0,9,-121
1767174250.413238,-1,9,-121
1767174250.422238,2,9,-115
1767174250.4332385,1,6,-113
1767174250.442238,-6,1,-111
1767174250.4532382,-4,2,-111
1767174250.4632382,1,0,-109
1767174250.4732382,1,0,-114
1767174250.4832382,-1,-1,-113
1767174250.492238,0,0,-120
1767174250.5032382,2,0,-120
1767174250.5132382,4,-2,-117
1767174250.5232382,5,-3,-118
1767174250.5332382,3,-2,-110
1767174250.5422382,0,-3,-113
1767174250.5532382,-2,-7,-107
1767174250.563238,0,-5,-117
1767174250.573238,0,-1,-121
1767174250.583238,0,0,-121
1767174250.593238,-2,-4,-123
1767174250.603238,-5,-3,-123
1767174250.613238,-8,-10,-122
1767174250.623238,-6,-6,-123
1767174250.633238,-6,0,-115
1767174250.643238,-7,2,-113
1767174250.653238,-7,-2,-121
1767174250.663238,-5,-3,-123
1767174250.673238,-2,-4,-117
1767174250.6832385,-2,-4,-116
1767174250.6932385,-2,-6,-123
1767174250.7032382,-2,-4,-125
1767174250.7132382,-2,-1,-130
1767174250.7232382,0,-2,-128
1767174250.7332382,4,-1,-128
1767174250.7432382,7,-4,-132
1767174250.7532382,7,0,-130
1767174250.7632382,4,-2,-128
1767174250.7732382,4,-1,-129
1767174250.7832382,5,-1,-134
1767174250.7932382,2,-3,-127
1767174250.8032382,7,-6,-129
1767174250.813238,8,-6,-132
1767174250.823238,4,-6,-136
1767174250.833238,3,-4,-131
1767174250.843238,0,0,-129
1767174250.853238,4,0,-125
1767174250.863238,5,-1,-131
1767174250.873238,2,-7,-128
1767174250.883238,1,-10,-128
1767174250.893238,0,-9,-126
1767174250.903238,0,-8,-127
1767174250.913238,0,-9,-136
1767174250.923238,0,-7,-135
1767174250.9332385,1,-7,-130
1767174250.9432385,0,0,-128
1767174250.9532382,0,-2,-127
1767174250.9632382,2,-1,-124
1767174250.9732382,3,0,-125
1767174250.9832382,-1,1,-118
1767174250.9932382,0,3,-121
1767174251.0032382,-1,0,-120
1767174251.0132382,4,2,-124
1767174251.0232382,7,1,-123
1767174251.0332382,3,2,-122
1767174251.0432382,4,2,-116
1767174251.0532382,4,2,-119
1767174251.063238,5,0,-120
1767174251.073238,5,0,-122
1767174251.083238,-2,-1,-127
1767174251.093238,-1,0,-125
1767174251.103238,0,0,-122
1767174251.113238,1,3,-126
1767174251.123238,2,5,-120
1767174251.133238,5,8,-120
1767174251.143238,6,2,-123
1767174251.153238,3,4,-130
1767174251.163238,0,3,-133
1767174251.173238,1,6,-130
1767174251.1832385,-1,5,-132
1767174251.1932385,-1,3,-129
1767174251.2032382,0,4,-126
1767174251.2132382,2,3,-129
1767174251.2232382,2,3,-131
1767174251.2332382,5,4,-129
1767174251.2432382,3,0,-121
1767174251.2532382,1,-2,-116
1767174251.2632382,5,0,-119
1767174251.2732382,3,1,-127
1767174251.2832382,4,3,-122
1767174251.2932382,8,4,-124
1767174251.3032382,9,4,-123
1767174251.313238,4,4,-123
1767174251.323238,5,1,-111
1767174251.333238,8,2,-110
1767174251.343238,5,4,-115
1767174251.353238,2,2,-114
1767174251.363238,6,2,-122
1767174251.373238,7,0,-125
1767174251.383238,2,1,-130
1767174251.393238,1,2,-134
1767174251.403238,0,4,-127
1767174251.413238,1,0,-130
1767174251.423238,3,-3,-127
1767174251.4332385,3,0,-126
1767174251.4432385,7,0,-118
1767174251.4532382,6,0,-122
1767174251.4632382,8,3,-123
1767174251.4732382,9,3,-129
1767174251.4832382,8,4,-127
1767174251.4932382,10,2,-125
1767174251.5032382,9,0,-126
1767174251.5132382,8,-2,-119
1767174251.5232382,7,-6,-118
1767174251.5332382,7,-3,-114
1767174251.5432382,4,-1,-114
1767174251.5532382,5,1,-115
1767174251.563238,7,2,-119
1767174251.573238,4,0,-115
1767174251.583238,5,-1,-116
1767174251.593238,11,1,-122
1767174251.603238,9,1,-121
1767174251.613238,8,0,-120
1767174251.623238,6,0,-120
1767174251.633238,5,1,-117
1767174251.643238,0,2,-118
1767174251.653238,-2,0,-121
1767174251.663238,-3,2,-122
1767174251.673238,-3,4,-123
1767174251.6832385,0,0,-127
1767174251.6932385,2,-2,-131
1767174251.7032382,1,-2,-130
1767174251.7132382,1,-4,-131
1767174251.7232382,0,-8,-128
1767174251.7332382,0,-7,-119
1767174251.7432382,1,-5,-121
1767174251.7532382,2,-4,-116
1767174251.7632382,3,-2,-117
1767174251.7732382,4,-1,-119
1767174251.7832382,4,0,-120
1767174251.7932382,2,0,-116
1767174251.8032382,4,1,-118
1767174251.813238,4,2,-123
1767174251.823238,1,0,-130
1767174251.833238,5,0,-133
1767174251.843238,3,-1,-132
1767174251.853238,2,-4,-132
1767174251.863238,0,-4,-133
1767174251.873238,0,-2,-132
1767174251.883238,-4,-2,-129
1767174251.893238,-4,2,-124
1767174251.903238,0,1,-124
1767174251.913238,-4,0,-118
1767174251.923238,-2,2,-112
1767174251.9332385,0,2,-118
1767174251.9432385,-1,2,-121
1767174251.9532382,-3,0,-123
1767174251.9632382,-4,-2,-121
1767174251.9732382,-3,-3,-122
1767174251.9832382,-4,-4,-123
1767174251.9932382,-4,-2,-123
1767174252.0032382,-2,0,-127
1767174252.0132382,0,0,-128
1767174252.0232382,-3,2,-131
1767174252.0332382,0,3,-115
1767174252.0432382,6,0,-118
1767174252.0532382,6,0,-116
1767174252.063238,4,1,-120
1767174252.073238,5,1,-121
1767174252.083238,2,0,-119
1767174252.093238,6,2,-120
1767174252.103238,4,3,-123
1767174252.113238,0,2,-120
1767174252.123238,2,-2,-122
1767174252.133238,2,-3,-120
1767174252.143238,0,-1,-117
1767174252.153238,0,0,-119
1767174252.163238,0,1,-118
1767174252.173238,2,2,-118
1767174252.1832385,-1,0,-116
1767174252.1932385,-4,-4,-118
1767174252.2032382,-5,-7,-116
1767174252.2132382,-4,-5,-119
1767174252.2232382,0,-6,-119
1767174252.2332382,1,-3,-122
1767174252.2432382,1,-3,-123
1767174252.2532382,0,0,-127
1767174252.2632382,0,2,-133
1767174252.2732382,2,-1,-130
1767174252.2832382,-1,0,-128
1767174252.2932382,0,0,-124
1767174252.3032382,3,-2,-127
1767174252.313238,4,0,-132
1767174252.323238,1,1,-135
1767174252.333238,2,0,-134
1767174252.343238,0,-3,-132
1767174252.353238,2,-4,-131
1767174252.363238,5,-3,-134
1767174252.373238,3,-4,-135
1767174252.383238,0,-3,-131
1767174252.393238,-1,-4,-128
1767174252.403238,-1,-3,-130
1767174252.413238,-2,0,-129
1767174252.423238,0,2,-133
1767174252.4332385,1,2,-132
1767174252.4432385,3,4,-130
1767174252.4532382,-1,7,-132
1767174252.4632382,0,6,-136
1767174252.4732382,0,0,-136
1767174252.4832382,-1,0,-141
1767174252.4932382,-3,-1,-140
1767174252.5032382,-3,0,-138
1767174252.5132382,0,0,-133
1767174252.5232382,1,0,-129
1767174252.5332382,0,1,-122
1767174252.5432382,-1,-1,-124
1767174252.5532382,-1,0,-125
1767174252.563238,3,0,-122
1767174252.573238,0,-2,-124
1767174252.583238,0,-8,-122
1767174252.593238,1,-9,-121
1767174252.603238,-6,-11,-123
1767174252.613238,-4,-9,-129
1767174252.623238,-3,-5,-124
1767174252.633238,-2,-5,-124
1767174252.643238,-5,-1,-130
1767174252.653238,-7,1,-127
1767174252.663238,-11,-1,-122
1767174252.673238,-10,-1,-123
1767174252.6832385,-8,-3,-119
1767174252.6932385,-10,-6,-121
1767174252.7032382,-12,-5,-121
1767174252.7132382,-9,-4,-118
1767174252.7232382,-5,-8,-127
1767174252.745238,-10,-11,-128
1767174252.7532382,-8,-5,-128
1767174252.7632382,-4,-2,-124
1767174252.7732382,-3,-3,-119
1767174252.7832382,-3,-5,-118
1767174252.7932382,0,-5,-121
1767174252.8032382,-1,-4,-119
1767174252.813238,2,1,-118
1767174252.823238,3,2,-121
1767174252.833238,2,1,-126
1767174252.843238,1,-3,-130
1767174252.853238,3,0,-124
1767174252.863238,3,2,-122
1767174252.873238,0,0,-123
1767174252.883238,0,-2,-118
1767174252.893238,-3,2,-124
1767174252.903238,-3,2,-128
1767174252.913238,-2,5,-137
1767174252.923238,-2,3,-138
1767174252.9332385,3,1,-138
1767174252.9432385,4,0,-136
1767174252.9532382,2,1,-138
1767174252.9632382,1,-2,-139
1767174252.9732382,-1,-3,-134
1767174252.9832382,-2,0,-134
1767174252.9932382,-5,0,-130
1767174253.0032382,-9,-1,-126
1767174253.0132382,-11,-6,-125
1767174253.024238,-9,-6,-127
1767174253.034238,-8,-2,-127
1767174253.0432382,-8,1,-130
1767174253.0532382,-8,2,-128
1767174253.064238,-6,0,-130
1767174253.074238,-7,-3,-129
1767174253.084238,-7,-4,-125
1767174253.094238,-6,-3,-126
1767174253.1042385,-1,0,-122
1767174253.1142385,0,0,-124
1767174253.1242385,3,-6,-129
1767174253.1342382,9,-1,-128
1767174253.1442382,6,-1,-133
1767174253.1542382,8,-1,-130
1767174253.1642382,9,0,-124
1767174253.1742382,6,0,-119
1767174253.1842382,5,-5,-117
1767174253.1942382,7,-3,-117
1767174253.2042382,9,-6,-120
1767174253.2142382,8,-2,-122
1767174253.2242382,8,-3,-121
1767174253.234238,2,-4,-129
1767174253.244238,2,-2,-130
1767174253.254238,0,3,-130
1767174253.264238,-3,0,-129
1767174253.274238,-8,5,-125
1767174253.284238,-6,6,-121
1767174253.294238,-5,6,-126
1767174253.304238,-3,6,-132
1767174253.314238,-3,5,-124
1767174253.324238,-5,3,-122
1767174253.334238,-3,3,-117
1767174253.344238,-1,5,-118
1767174253.3542385,2,-2,-126
1767174253.3642385,0,-4,-120
1767174253.3742385,-1,0,-115
1767174253.3842382,0,5,-115
1767174253.3942382,0,7,-120
1767174253.4042382,-2,2,-122
1767174253.4142382,-3,0,-123
1767174253.4242382,-2,-4,-126
1767174253.4342382,0,-5,-123
1767174253.4442382,0,-5,-120
1767174253.4542382,2,-10,-120
1767174253.4642382,0,-11,-124
1767174253.4742382,-4,-7,-126
1767174253.484238,-4,-5,-130
1767174253.494238,-3,-3,-127
1767174253.504238,0,-2,-132
1767174253.514238,-1,0,-126
1767174253.524238,-3,-1,-127
1767174253.534238,-1,-2,-130
1767174253.544238,-1,-6,-128
1767174253.554238,0,-4,-122
1767174253.564238,-1,-3,-120
1767174253.574238,2,0,-118
1767174253.584238,3,0,-122
1767174253.594238,0,3,-130
1767174253.6042385,-1,2,-125
1767174253.6142385,-2,3,-124
1767174253.6242385,4,3,-128
1767174253.6342382,0,3,-135
1767174253.6442382,-3,8,-133
1767174253.6542382,-3,8,-130
1767174253.6642382,-2,7,-128
1767174253.6742382,-2,7,-130
1767174253.6842382,-1,3,-127
1767174253.6942382,0,0,-132
1767174253.7042382,-2,4,-132
1767174253.7142382,3,4,-131
1767174253.7242382,4,4,-132
1767174253.734238,3,2,-130
1767174253.744238,0,1,-128
1767174253.754238,5,2,-133
1767174253.764238,5,1,-136
1767174253.774238,3,-2,-131
1767174253.784238,0,-5,-129
1767174253.794238,4,-4,-126
1767174253.804238,3,-3,-127
1767174253.814238,6,-3,-128
1767174253.824238,4,-1,-123
1767174253.834238,1,-4,-132
1767174253.844238,0,-2,-134
1767174253.8542385,-1,-1,-130
1767174253.8642385,-4,-3,-125
1767174253.8742385,0,-6,-133
1767174253.8842382,-2,-6,-127
1767174253.8942382,0,-2,-129
1767174253.9042382,1,-2,-134
1767174253.9142382,5,-3,-136
1767174253.9242382,3,-1,-132
1767174253.9342382,3,-1,-129
1767174253.9442382,2,-2,-133
1767174253.9542382,0,0,-130
1767174253.9642382,0,0,-125
1767174253.9742382,-1,-2,-125
1767174253.984238,0,0,-129
1767174253.994238,-1,-2,-133
1767174254.004238,2,0,-130
1767174254.014238,0,2,-125
1767174254.024238,0,3,-132
1767174254.034238,-2,0,-127
1767174254.044238,-1,-2,-126
1767174254.054238,0,0,-123
1767174254.064238,0,1,-122
1767174254.074238,0,5,-125
1767174254.084238,0,5,-124
1767174254.094238,2,4,-116
1767174254.1042385,0,0,-119
1767174254.1142385,-5,0,-121
1767174254.1242385,-3,0,-119
1767174254.1342382,-5,-3,-116
1767174254.1442382,-4,0,-116
1767174254.1542382,1,0,-117
1767174254.1642382,3,0,-111
1767174254.1742382,2,-1,-114
1767174254.1842382,-2,0,-115
1767174254.1942382,0,-3,-121
1767174254.2042382,1,3,-122
1767174254.2142382,0,1,-119
1767174254.2242382,0,0,-121
1767174254.234238,0,0,-124
1767174254.244238,0,-1,-126
1767174254.254238,-4,-2,-124
1767174254.264238,-2,0,-120
1767174254.274238,-3,0,-116
1767174254.284238,-2,-1,-119
1767174254.294238,-3,-2,-124
1767174254.304238,0,-6,-125
1767174254.314238,4,-5,-120
1767174254.324238,4,-4,-116
1767174254.334238,1,0,-116
1767174254.344238,3,-2,-116
1767174254.3542385,1,-4,-113
1767174254.3642385,5,-4,-112
1767174254.3742385,3,-4,-125
1767174254.3842382,3,-4,-123
1767174254.3942382,0,-5,-125
1767174254.4042382,3,0,-126
1767174254.4142382,2,0,-124
1767174254.4242382,2,-1,-128
1767174254.4342382,2,0,-127
1767174254.4442382,1,0,-133
1767174254.4542382,2,4,-137
1767174254.4642382,3,0,-136
1767174254.4742382,2,-3,-130
1767174254.484238,5,-5,-130
1767174254.494238,2,-6,-134
1767174254.504238,2,-8,-127
1767174254.514238,5,-4,-121
1767174254.524238,3,-3,-120
1767174254.534238,4,2,-115
1767174254.544238,5,0,-114
1767174254.554238,4,0,-121
1767174254.564238,4,1,-125
1767174254.574238,-3,0,-125
1767174254.584238,0,0,-131
1767174254.594238,-2,3,-128
1767174254.6042385,-3,1,-128
1767174254.6142385,-3,-3,-129
1767174254.6242385,-2,-6,-127
1767174254.6342382,-1,-6,-130
1767174254.6442382,0,-6,-133
1767174254.6542382,1,-4,-136
1767174254.6642382,0,-3,-128
1767174254.6742382,-2,-2,-130
1767174254.6842382,-1,0,-133
1767174254.6942382,-5,0,-134
1767174254.7042382,-3,-2,-137
1767174254.7142382,-2,-4,-136
1767174254.7242382,-1,-4,-132
1767174254.734238,-2,-4,-131
1767174254.744238,0,-3,-131
1767174254.754238,0,-5,-129
1767174254.764238,-2,-1,-126
1767174254.774238,-2,-3,-127
1767174254.784238,-3,-4,-128
1767174254.794238,-3,-4,-124
1767174254.804238,-9,-2,-121
1767174254.814238,-11,0,-120
1767174254.824238,-13,0,-117
1767174254.834238,-4,0,-120
1767174254.844238,-1,-3,-118
1767174254.8542385,2,-5,-122
1767174254.8642385,4,-9,-129
1767174254.8742385,3,-6,-135
1767174254.8842382,1,-2,-127
1767174254.8942382,7,-3,-116
1767174254.9042382,6,-3,-119
1767174254.9142382,3,-2,-119
1767174254.9242382,6,-1,-123
1767174254.9342382,9,-1,-130
1767174254.9442382,7,-1,-136
1767174254.9542382,4,1,-131
1767174254.9642382,2,6,-124
1767174254.9742382,7,3,-122
1767174254.984238,4,-1,-121
1767174254.994238,3,-3,-116
1767174255.004238,2,-8,-112
1767174255.014238,1,-8,-115
1767174255.024238,-2,-5,-114
1767174255.034238,0,-4,-118
1767174255.044238,2,-4,-120
1767174255.054238,1,3,-124
1767174255.064238,2,1,-126
1767174255.074238,0,2,-123
1767174255.084238,-4,1,-121
1767174255.094238,0,2,-124
1767174255.1042385,0,6,-133
1767174255.1142385,0,5,-126
1767174255.1242385,-2,7,-126
1767174255.1342382,-1,8,-122
1767174255.1442382,-5,3,-127
1767174255.1542382,-1,3,-128
1767174255.1642382,-5,5,-126
1767174255.1742382,-4,4,-120
1767174255.1842382,-4,-1,-122
1767174255.1942382,-5,-2,-122
1767174255.2042382,-2,0,-121
1767174255.2142382,-4,2,-118
1767174255.2242382,2,2,-117
1767174255.234238,5,-3,-113
1767174255.244238,3,-2,-117
1767174255.254238,-1,1,-121
1767174255.264238,-8,1,-119
1767174255.274238,-7,2,-116
1767174255.284238,-5,7,-116
1767174255.294238,-8,7,-120
1767174255.304238,-6,3,-114
1767174255.314238,-3,1,-114
1767174255.324238,-2,-4,-115
1767174255.334238,-5,-4,-119
1767174255.344238,-3,0,-119
1767174255.3542385,-1,0,-121
1767174255.3642385,0,0,-118
1767174255.3742385,0,0,-113
1767174255.3842382,3,1,-113
1767174255.3942382,5,0,-113
1767174255.4042382,5,1,-113
1767174255.4142382,8,3,-116
1767174255.4242382,6,-2,-113
1767174255.4342382,2,0,-117
1767174255.4442382,2,-2,-118
1767174255.4542382,-2,0,-123
1767174255.4642382,-1,3,-128
1767174255.4742382,-2,-1,-130
1767174255.484238,-8,-1,-131
1767174255.494238,-6,-1,-135
1767174255.504238,-1,2,-133
1767174255.514238,0,3,-128
1767174255.524238,-2,0,-133
1767174255.534238,-3,-2,-131
1767174255.544238,-7,0,-127
1767174255.554238,-7,1,-128
1767174255.564238,-6,0,-121
1767174255.574238,-2,0,-114
1767174255.584238,-2,-3,-112
1767174255.594238,4,-3,-109
1767174255.6042385,4,-4,-110
1767174255.6142385,3,-9,-114
1767174255.6242385,3,-7,-122
1767174255.6342382,0,-7,-123
1767174255.6452382,1,-1,-128
1767174255.6542382,0,0,-123
1767174255.6642382,0,1,-120
1767174255.6742382,-4,2,-118
1767174255.685238,1,3,-119
1767174255.695238,5,3,-121
1767174255.705238,2,5,-122
1767174255.715238,0,3,-124
1767174255.725238,1,6,-132
1767174255.735238,3,4,-134
1767174255.745238,3,1,-131
1767174255.755238,-1,-4,-130
1767174255.765238,-2,-2,-125
1767174255.775238,-2,-5,-126
1767174255.7852385,-5,0,-130
1767174255.7952385,-1,1,-128
1767174255.8052382,-1,0,-129
1767174255.8152382,1,-1,-130
1767174255.8252382,1,0,-131
1767174255.8352382,-3,1,-127
1767174255.8452382,-2,-1,-130
1767174255.8552382,-6,-3,-134
1767174255.8652382,-7,0,-123
1767174255.8752382,-5,-1,-129
1767174255.8852382,-2,-3,-126
1767174255.8952382,-1,-4,-128
1767174255.9052382,3,-5,-125
1767174255.915238,6,-8,-124
1767174255.925238,4,-10,-116
1767174255.935238,3,-8,-116
1767174255.945238,3,-5,-118
1767174255.955238,3,-4,-124
1767174255.965238,2,-5,-120
1767174255.975238,4,0,-122
1767174255.985238,5,1,-128
1767174255.995238,8,5,-126
1767174256.005238,8,5,-135
1767174256.015238,7,2,-138
1767174256.025238,7,3,-130
1767174256.0352385,3,3,-131
1767174256.0452385,5,0,-130
1767174256.0552382,4,0,-120
1767174256.0652382,5,0,-117
1767174256.0752382,3,-3,-113
1767174256.0852382,4,1,-117
1767174256.0952382,4,2,-117
1767174256.1052382,3,4,-127
1767174256.1152382,2,5,-125
1767174256.1252382,5,2,-127
1767174256.1352382,5,3,-127
1767174256.1452382,1,4,-125
1767174256.1552382,3,7,-131
1767174256.165238,2,2,-127
1767174256.175238,0,2,-124
1767174256.185238,1,-1,-123
1767174256.195238,4,-3,-125
1767174256.205238,1,-3,-132
1767174256.215238,0,-4,-135
1767174256.225238,-1,-6,-130
1767174256.235238,2,-7,-132
1767174256.245238,0,-5,-133
1767174256.255238,-4,-4,-131
1767174256.265238,0,0,-133
1767174256.275238,0,3,-134
1767174256.2852385,0,2,-132
1767174256.2952385,1,2,-130
1767174256.3052382,0,-1,-126
1767174256.3152382,1,-5,-122
1767174256.3252382,-2,-2,-119
1767174256.3352382,-2,0,-117
1767174256.3452382,-6,-1,-118
1767174256.3552382,-9,-3,-117
1767174256.3652382,-4,-1,-118
1767174256.3752382,1,0,-121
1767174256.3852382,0,0,-125
1767174256.3952382,-2,-4,-127
1767174256.4052382,-4,-1,-125
1767174256.415238,-3,1,-123
1767174256.425238,-1,1,-118
1767174256.435238,0,1,-119
1767174256.445238,1,0,-125
1767174256.455238,1,-2,-129
1767174256.465238,0,-6,-135
1767174256.475238,0,-2,-130
1767174256.485238,2,-3,-129
1767174256.495238,5,-4,-137
1767174256.505238,4,-5,-132
1767174256.515238,1,-6,-125
1767174256.525238,1,-1,-123
1767174256.5352385,1,0,-122
1767174256.5452385,-2,-2,-125
1767174256.5552382,1,1,-129
1767174256.5652382,7,4,-132
1767174256.5752382,6,3,-129
1767174256.5852382,3,0,-129
1767174256.5952382,-2,0,-137
1767174256.6052382,-6,0,-133
1767174256.6152382,-3,4,-127
1767174256.6252382,-5,0,-123
1767174256.6352382,-4,4,-128
1767174256.6452382,-6,8,-124
1767174256.6552382,-6,7,-121
1767174256.665238,-7,4,-115
1767174256.675238,-4,0,-117
1767174256.685238,-1,-2,-124
1767174256.695238,-3,-6,-121
1767174256.705238,-1,-4,-119
1767174256.715238,-2,-2,-119
1767174256.725238,-2,-3,-111
1767174256.735238,-3,-2,-107
1767174256.745238,1,-3,-104
1767174256.755238,-2,-3,-107
1767174256.7662382,-2,-2,-107
1767174256.775238,0,-4,-106
1767174256.7852385,0,-6,-111
1767174256.7952385,0,-8,-115
1767174256.8052382,-1,-7,-114
1767174256.8152382,-1,-4,-108
1767174256.8252382,0,-4,-112
1767174256.8352382,6,-4,-111
1767174256.8452382,6,-3,-117
1767174256.8552382,8,-3,-119
1767174256.8652382,4,-7,-122
1767174256.8752382,2,-4,-124
1767174256.8852382,0,-3,-129
1767174256.8952382,1,-1,-137
1767174256.9052382,0,0,-132
1767174256.915238,2,0,-128
1767174256.925238,0,1,-128
1767174256.935238,1,1,-125
1767174256.945238,3,0,-125
1767174256.955238,2,-1,-123
1767174256.965238,1,0,-123
1767174256.975238,2,-1,-121
1767174256.985238,2,-4,-120
1767174256.995238,-1,-4,-125
1767174257.005238,0,-1,-125
1767174257.015238,-2,0,-121
1767174257.025238,0,-4,-123
1767174257.0352385,1,-1,-127
1767174257.0452385,-3,1,-126
1767174257.0552382,0,0,-125
1767174257.0652382,5,5,-126
1767174257.0752382,5,1,-126
1767174257.0852382,8,1,-122
1767174257.0952382,6,0,-121
1767174257.1052382,4,0,-119
1767174257.1152382,6,-3,-116
1767174257.1252382,7,-3,-116
1767174257.1352382,5,0,-118
1767174257.1452382,6,-1,-118
1767174257.1552382,3,-2,-120
1767174257.165238,4,-2,-126
1767174257.175238,3,-1,-127
1767174257.185238,6,0,-129
1767174257.195238,3,-4,-127
1767174257.205238,2,-5,-121
1767174257.215238,0,-7,-125
1767174257.225238,-2,-3,-125
1767174257.235238,0,-3,-128
1767174257.245238,-2,-1,-131
1767174257.255238,-6,-4,-128
1767174257.265238,-4,-5,-130
1767174257.275238,-7,-7,-137
1767174257.2852385,-9,-2,-129
1767174257.2952385,-6,-3,-126
1767174257.3052382,-7,-8,-124
1767174257.3152382,-4,-7,-121
1767174257.3252382,-1,-7,-119
1767174257.3352382,-1,-7,-115
1767174257.3452382,-2,-8,-115
1767174257.3552382,-1,-4,-112
1767174257.3652382,1,-2,-117
1767174257.3752382,1,-1,-117
1767174257.3852382,0,-1,-118
1767174257.3952382,2,-4,-121
1767174257.4052382,-5,-2,-119
1767174257.415238,-10,0,-121
1767174257.425238,-4,2,-126
1767174257.435238,-6,4,-128
1767174257.445238,-3,2,-121
1767174257.455238,2,2,-130
1767174257.465238,0,3,-129
1767174257.475238,2,0,-128
1767174257.485238,3,0,-126
1767174257.495238,7,-1,-130
1767174257.505238,5,3,-126
1767174257.515238,5,0,-124
1767174257.525238,2,-1,-129
1767174257.5352385,0,-6,-128
1767174257.5452385,5,-6,-124
1767174257.5552382,4,-3,-122
1767174257.5652382,2,-5,-119
1767174257.5752382,-2,-5,-115
1767174257.5852382,-1,-3,-120
1767174257.5952382,2,-2,-123
1767174257.6052382,1,-3,-124
1767174257.6152382,1,-2,-115
1767174257.6252382,4,-3,-114
1767174257.6352382,-1,-1,-111
1767174257.6452382,-1,1,-109
1767174257.6552382,2,0,-117
1767174257.665238,1,3,-114
1767174257.675238,3,3,-123
1767174257.685238,5,0,-127
1767174257.695238,9,-1,-128
1767174257.705238,10,-2,-122
1767174257.715238,5,-2,-121
1767174257.725238,4,-3,-122
1767174257.735238,3,0,-121
1767174257.7562382,2,2,-118
1767174257.765238,2,5,-126
1767174257.775238,5,4,-124
1767174257.7852385,3,1,-124
1767174257.7952385,4,0,-131
1767174257.8052382,-2,0,-133
1767174257.8152382,-7,2,-131
1767174257.8252382,-9,3,-130
1767174257.8352382,-5,1,-131
1767174257.8452382,-4,4,-130
1767174257.8552382,-3,6,-130
1767174257.8652382,-7,4,-122
1767174257.8752382,-10,1,-119
1767174257.8852382,1,-1,-122
1767174257.8952382,-1,3,-127
1767174257.9052382,-3,3,-123
1767174257.915238,-2,0,-126
1767174257.925238,-2,-3,-128
1767174257.935238,-2,-5,-127
1767174257.945238,0,-3,-128
1767174257.955238,-3,1,-126
1767174257.965238,3,1,-122
1767174257.975238,3,0,-121
1767174257.985238,-1,4,-125
1767174257.995238,-5,8,-128
1767174258.005238,-7,5,-123
1767174258.015238,-4,1,-119
1767174258.025238,0,-1,-122
1767174258.0352385,2,-5,-124
1767174258.0452385,1,-6,-126
1767174258.0552382,0,-6,-126
1767174258.0652382,4,-5,-130
1767174258.0752382,3,-4,-121
1767174258.0852382,6,-4,-126
1767174258.0952382,6,-1,-128
1767174258.1052382,4,-2,-129
1767174258.1152382,10,-2,-132
1767174258.1252382,10,-4,-135
1767174258.1352382,11,-7,-135
1767174258.1452382,13,-2,-137
1767174258.1552382,15,0,-133
1767174258.165238,15,-2,-129
1767174258.175238,11,-3,-127
1767174258.185238,9,-3,-123
1767174258.195238,9,0,-126
1767174258.205238,6,-1,-125
1767174258.215238,4,-2,-129
1767174258.225238,2,-1,-129
1767174258.235238,0,1,-132
1767174258.245238,0,5,-132
1767174258.255238,2,4,-133
1767174258.265238,5,7,-132
1767174258.275238,6,6,-131
1767174258.2852385,6,2,-132
1767174258.2952385,4,1,-130
1767174258.3052382,5,0,-130
1767174258.3152382,1,0,-127
1767174258.3252382,-1,-2,-127
1767174258.3352382,-3,-3,-137
1767174258.346238,-1,-4,-132
1767174258.356238,5,0,-128
1767174258.366238,2,-2,-126
1767174258.376238,4,-3,-124
1767174258.386238,2,-4,-124
1767174258.396238,-1,-4,-128
1767174258.406238,-4,-3,-129
1767174258.416238,-2,0,-124
1767174258.426238,-3,0,-126
1767174258.436238,-6,2,-123
1767174258.446238,-1,3,-125
1767174258.4562385,0,5,-117
1767174258.4662385,3,7,-120
1767174258.4762385,6,6,-126
1767174258.4862382,0,6,-130
1767174258.4962382,2,4,-130
1767174258.5062382,7,1,-132
1767174258.5162382,6,0,-124
1767174258.5262382,2,-1,-118
1767174258.5362382,0,1,-113
1767174258.5462382,-2,7,-114
1767174258.5562382,2,7,-114
1767174258.5662382,1,4,-107
1767174258.5762382,2,0,-115
1767174258.586238,2,-1,-117
1767174258.596238,5,-3,-120
1767174258.606238,4,-1,-119
1767174258.616238,5,-1,-113
1767174258.626238,5,-2,-115
1767174258.636238,2,-3,-123
1767174258.646238,6,1,-121
1767174258.656238,2,3,-114
1767174258.666238,3,3,-114
1767174258.676238,0,2,-118
1767174258.686238,0,4,-122
1767174258.696238,-3,3,-121
1767174258.7062385,-2,0,-119
1767174258.7162385,-3,-2,-120
1767174258.7262385,0,-4,-110
1767174258.7362382,-2,-5,-113
1767174258.7462382,-3,-6,-118
1767174258.7562382,-6,-1,-119
1767174258.7662382,-8,0,-118
1767174258.7762382,-7,-4,-119
1767174258.7862382,-6,-4,-126
1767174258.7962382,-4,-3,-128
1767174258.8062382,0,0,-132
1767174258.8162382,-3,-4,-130
1767174258.8262382,-6,-5,-125
1767174258.836238,-6,-3,-131
1767174258.846238,-7,-5,-129
1767174258.856238,-9,-3,-134
1767174258.866238,-7,-2,-136
1767174258.876238,-3,-1,-132
1767174258.886238,-5,-3,-132
1767174258.896238,-6,-4,-130
1767174258.906238,-6,0,-132
1767174258.916238,-4,-3,-128
1767174258.926238,-2,-3,-123
1767174258.936238,3,-4,-118
1767174258.946238,5,-1,-124
1767174258.9562385,8,-6,-127
1767174258.9662385,6,-7,-133
1767174258.9762385,8,-7,-138
1767174258.9862382,8,-4,-136
1767174258.9962382,8,-8,-137
1767174259.0062382,3,-7,-130
1767174259.0162382,1,-7,-122
1767174259.0262382,5,-3,-118
1767174259.0362382,4,-1,-119
1767174259.0462382,2,-2,-119
1767174259.0562382,2,-1,-121
1767174259.0662382,-4,0,-123
1767174259.0762382,-7,1,-123
1767174259.086238,-4,0,-125
1767174259.096238,-6,0,-124
1767174259.106238,-6,1,-126
1767174259.116238,-6,3,-128
1767174259.126238,-4,6,-124
1767174259.136238,-6,6,-122
1767174259.146238,-2,3,-122
1767174259.156238,0,0,-124
1767174259.166238,0,0,-121
1767174259.176238,-1,-3,-124
1767174259.186238,-3,-1,-117
1767174259.196238,-2,0,-123
1767174259.2062385,-3,1,-127
1767174259.2162385,-1,3,-128
1767174259.2262385,2,1,-128
1767174259.2362382,5,0,-129
1767174259.2462382,4,3,-130
1767174259.2562382,5,-1,-130
1767174259.2662382,3,-2,-129
1767174259.2762382,4,-2,-134
1767174259.2862382,7,-2,-125
1767174259.2962382,6,-1,-126
1767174259.3062382,9,0,-124
1767174259.3162382,6,-2,-124
1767174259.3262382,8,-2,-123
1767174259.336238,6,-4,-121
1767174259.346238,2,-5,-121
1767174259.356238,-1,0,-117
1767174259.366238,0,2,-112
1767174259.376238,5,0,-105
1767174259.386238,2,0,-106
1767174259.396238,0,-1,-115
1767174259.406238,-3,-1,-108
1767174259.416238,-5,0,-110
1767174259.426238,-8,4,-113
1767174259.436238,-4,3,-114
1767174259.446238,-5,4,-117
1767174259.4562385,-4,2,-124
1767174259.4662385,-4,-2,-121
1767174259.4762385,-2,-3,-126
1767174259.4862382,-5,-3,-123
1767174259.4962382,0,-1,-134
1767174259.5062382,0,2,-133
1767174259.5162382,-1,0,-138
1767174259.5262382,0,-1,-140
1767174259.5362382,-3,0,-136
1767174259.5462382,-3,-3,-127
1767174259.5562382,-6,-5,-125
1767174259.5662382,-6,-3,-129
1767174259.5762382,-6,-1,-129
1767174259.586238,-5,0,-130
1767174259.596238,-4,0,-134
1767174259.606238,-5,-1,-134
1767174259.616238,-6,-3,-134
1767174259.626238,-2,1,-130
1767174259.636238,2,3,-129
1767174259.646238,-1,5,-130
1767174259.656238,-3,0,-122
1767174259.666238,-1,3,-124
1767174259.676238,-2,2,-124
1767174259.686238,0,1,-117
1767174259.696238,2,2,-116
1767174259.7062385,2,4,-116
1767174259.7162385,3,6,-122
1767174259.7262385,3,7,-118
1767174259.7362382,4,5,-119
1767174259.7462382,0,2,-120
1767174259.7562382,0,2,-119
1767174259.7662382,-3,0,-114
1767174259.7762382,2,0,-118
1767174259.7862382,4,1,-123
1767174259.7962382,5,1,-121
1767174259.8062382,6,1,-121
1767174259.8162382,0,-4,-122
1767174259.8262382,-5,-7,-123
1767174259.836238,-2,-6,-127
1767174259.846238,-5,-8,-130
1767174259.856238,-4,-8,-134
1767174259.866238,-6,-8,-137
1767174259.876238,-7,-7,-136
1767174259.886238,-2,-7,-130
1767174259.896238,-3,-5,-127
1767174259.906238,-9,-5,-130
1767174259.916238,-8,-2,-130
1767174259.926238,-5,0,-126
1767174259.936238,-3,1,-131
1767174259.946238,-3,0,-130
1767174259.9562385,-1,3,-133
1767174259.9662385,5,1,-133
1767174259.9762385,5,-4,-130
1767174259.9862382,7,-2,-128
1767174259.9962382,8,0,-135
1767174260.0062382,7,0,-134
1767174260.0162382,8,2,-123
1767174260.0262382,5,5,-123
1767174260.0362382,6,0,-125
1767174260.0462382,3,0,-126
1767174260.0562382,2,0,-126
1767174260.0662382,2,-4,-125
1767174260.0762382,3,-1,-120
1767174260.086238,3,-3,-123
1767174260.096238,3,-6,-117
1767174260.106238,5,-4,-118
1767174260.116238,8,-4,-118
1767174260.126238,9,-4,-121
1767174260.136238,10,-2,-123
1767174260.146238,8,0,-120
1767174260.156238,4,-4,-118
1767174260.166238,6,-4,-118
1767174260.176238,6,-4,-130
1767174260.186238,5,-3,-134
1767174260.196238,9,-2,-126
1767174260.2062385,5,-4,-121
1767174260.2162385,5,-3,-124
1767174260.2262385,0,-3,-132
1767174260.2362382,0,-3,-134
1767174260.2462382,0,-4,-137
1767174260.2562382,-1,-6,-133
1767174260.2662382,-2,-3,-132
1767174260.2762382,0,-4,-133
1767174260.2862382,-4,-4,-134
1767174260.2962382,-1,-2,-141
1767174260.3062382,1,-3,-139
1767174260.3162382,0,-3,-138
1767174260.3262382,-1,-4,-135
1767174260.336238,0,-3,-137
1767174260.346238,-1,0,-135
1767174260.356238,0,-6,-133
1767174260.366238,4,-6,-137
1767174260.376238,2,-7,-137
1767174260.386238,2,-7,-132
1767174260.396238,8,-5,-135
1767174260.406238,9,-4,-130
1767174260.416238,4,-3,-127
1767174260.426238,3,-2,-126
1767174260.436238,4,0,-126
1767174260.446238,2,0,-130
1767174260.4562385,0,1,-126
1767174260.4662385,0,0,-126
1767174260.4762385,0,-3,-128
1767174260.4862382,-2,-1,-131
1767174260.4962382,0,0,-123
1767174260.5062382,0,5,-122
1767174260.5162382,5,6,-125
1767174260.5262382,6,6,-127
1767174260.5362382,6,1,-129
1767174260.5462382,4,1,-126
1767174260.5562382,0,2,-124
1767174260.5662382,0,1,-119
1767174260.5762382,-3,4,-115
1767174260.586238,-2,10,-123
1767174260.596238,-2,5,-124
1767174260.606238,-4,3,-116
1767174260.616238,-3,2,-118
1767174260.626238,-7,2,-123
1767174260.636238,-6,3,-123
1767174260.646238,-4,4,-127
1767174260.656238,-2,8,-133
1767174260.666238,-1,3,-124
1767174260.676238,-5,2,-123
1767174260.686238,0,5,-122
1767174260.696238,-1,6,-126
1767174260.7062385,0,4,-120
1767174260.7162385,-2,7,-122
1767174260.7262385,-2,4,-122
1767174260.7362382,-1,5,-124
1767174260.7462382,-4,0,-123
1767174260.7562382,-1,-4,-112
1767174260.7662382,0,-4,-111
1767174260.7762382,0,-3,-106
1767174260.7862382,0,-4,-105
1767174260.7962382,0,1,-114
1767174260.8062382,-1,7,-118
1767174260.8162382,0,6,-125
1767174260.8262382,-1,7,-127
1767174260.836238,0,6,-128
1767174260.846238,0,1,-121
1767174260.856238,-1,0,-118
1767174260.866238,1,2,-113
1767174260.876238,1,0,-112
1767174260.886238,4,-2,-110
1767174260.896238,2,-3,-116
1767174260.906238,2,-3,-115
1767174260.916238,3,0,-112
1767174260.926238,6,1,-109
1767174260.936238,2,3,-116
1767174260.946238,-1,2,-116
1767174260.9562385,-3,-1,-117
1767174260.9662385,-1,1,-123
1767174260.9762385,-1,1,-122
1767174260.9862382,0,1,-121
1767174260.9962382,-1,0,-119
1767174261.0062382,-2,0,-119
1767174261.0162382,5,3,-119
1767174261.027238,5,4,-127
1767174261.037238,2,7,-125
1767174261.047238,5,3,-121
1767174261.0562382,5,3,-120
1767174261.067238,6,1,-124
1767174261.077238,4,0,-125
1767174261.087238,4,4,-119
1767174261.097238,1,5,-113
1767174261.107238,0,3,-114
1767174261.117238,0,2,-119
1767174261.127238,1,4,-114
1767174261.1372385,-2,2,-113
1767174261.1472385,-4,0,-114
1767174261.1572382,-6,0,-115
1767174261.1672382,-7,-1,-113
1767174261.1772382,-6,-2,-112
1767174261.1872382,2,-2,-104
1767174261.1972382,2,0,-111
1767174261.2072382,3,-2,-116
1767174261.2172382,0,-1,-120
1767174261.2272382,3,0,-129
1767174261.2372382,3,1,-125
1767174261.2472382,5,2,-121
1767174261.257238,8,0,-116
1767174261.267238,4,2,-120
1767174261.277238,3,3,-118
1767174261.287238,4,1,-120
1767174261.297238,3,4,-120
1767174261.307238,3,4,-126
1767174261.317238,3,1,-123
1767174261.327238,1,0,-121
1767174261.337238,2,0,-117
1767174261.347238,5,1,-122
1767174261.357238,9,0,-126
1767174261.367238,11,-3,-123
1767174261.377238,9,-5,-119
1767174261.3872385,11,-7,-120
1767174261.3972385,8,-4,-120
1767174261.4072382,3,-3,-119
1767174261.4172382,0,-2,-123
1767174261.4272382,3,-4,-126
1767174261.4372382,-2,-1,-121
1767174261.4472382,-6,0,-120
1767174261.4572382,-9,2,-122
1767174261.4672382,-5,-2,-119
1767174261.4772382,-5,2,-122
1767174261.4872382,-6,5,-127
1767174261.4972382,-7,3,-127
1767174261.507238,-7,2,-122
1767174261.517238,-7,0,-121
1767174261.527238,-10,1,-122
1767174261.537238,-4,0,-118
1767174261.547238,-2,-1,-116
1767174261.557238,-3,-3,-117
1767174261.567238,1,1,-118
1767174261.577238,2,0,-107
1767174261.587238,2,0,-105
1767174261.597238,2,-5,-112
1767174261.607238,5,-3,-118
1767174261.617238,12,-2,-128
1767174261.627238,9,-1,-127
1767174261.6372385,3,-2,-124
1767174261.6472385,3,1,-129
1767174261.6572382,1,3,-126
1767174261.6672382,1,0,-123
1767174261.6772382,-1,1,-126
1767174261.6872382,0,0,-127
1767174261.6972382,-1,-4,-128
1767174261.7072382,-2,-5,-128
1767174261.7172382,2,-2,-128
1767174261.7272382,5,-5,-127
1767174261.7372382,2,-3,-122
1767174261.7472382,0,-3,-121
1767174261.757238,-3,-4,-124
1767174261.767238,-2,-3,-125
1767174261.777238,-7,-1,-122
1767174261.787238,-3,1,-121
1767174261.797238,-2,1,-125
1767174261.807238,-2,0,-125
1767174261.817238,-2,-3,-120
1767174261.827238,-1,-1,-114
1767174261.837238,1,-1,-107
1767174261.847238,2,-2,-116
1767174261.857238,4,-8,-119
1767174261.867238,2,-8,-116
1767174261.877238,-1,-8,-114
1767174261.8872385,0,-6,-113
1767174261.8972385,1,-4,-116
1767174261.9072382,0,0,-115
1767174261.9172382,-2,-2,-121
1767174261.9272382,-1,1,-125
1767174261.9372382,2,1,-127
1767174261.9472382,-1,3,-123
1767174261.9572382,-2,7,-120
1767174261.9672382,1,9,-121
1767174261.9772382,1,4,-121
1767174261.9872382,2,0,-122
1767174261.9972382,0,-5,-127
1767174262.007238,-5,-7,-123
1767174262.017238,-2,-9,-120
1767174262.027238,-2,-6,-119
1767174262.037238,-2,-1,-119
1767174262.047238,-3,-3,-119
1767174262.057238,0,-1,-120
1767174262.067238,-1,0,-123
1767174262.077238,0,2,-130
1767174262.087238,-2,2,-130
1767174262.097238,1,4,-126
1767174262.107238,-1,5,-125
1767174262.117238,0,5,-131
1767174262.127238,3,5,-131
1767174262.1372385,2,4,-129
1767174262.1472385,2,6,-128
1767174262.1572382,4,4,-121
1767174262.1672382,4,6,-119
1767174262.1772382,5,4,-122
1767174262.1872382,3,3,-121
1767174262.1972382,3,2,-125
1767174262.2072382,0,5,-130
1767174262.2172382,-4,5,-131
1767174262.2272382,0,5,-129
1767174262.2372382,-4,3,-129
1767174262.2472382,-1,1,-127
1767174262.257238,-3,0,-122
1767174262.267238,-2,-3,-124
1767174262.277238,-4,-1,-122
1767174262.287238,-2,1,-118
1767174262.297238,-6,2,-124
1767174262.307238,-6,-2,-117
1767174262.317238,-5,0,-124
1767174262.327238,-5,-1,-122
1767174262.337238,-1,0,-126
1767174262.347238,-2,0,-122
1767174262.357238,-5,0,-113
1767174262.367238,-5,4,-117
1767174262.377238,0,3,-123
1767174262.3872385,-3,0,-126
1767174262.3972385,-4,-1,-125
1767174262.4072382,-6,-3,-131
1767174262.4172382,-2,-3,-133
1767174262.4272382,1,-6,-123
1767174262.4372382,0,-6,-121
1767174262.4472382,4,-9,-123
1767174262.4572382,3,-8,-123
1767174262.4672382,3,-7,-122
1767174262.4772382,-3,-6,-117
1767174262.4872382,-6,-3,-113
1767174262.4972382,-4,-2,-117
1767174262.507238,-6,2,-118
1767174262.517238,-2,4,-117
1767174262.527238,1,3,-122
1767174262.537238,4,2,-122
1767174262.547238,3,1,-120
1767174262.557238,7,3,-123
1767174262.567238,5,1,-122
1767174262.577238,2,-2,-125
1767174262.587238,5,-2,-120
1767174262.597238,3,-1,-122
1767174262.607238,1,1,-125
1767174262.617238,2,3,-131
1767174262.627238,1,0,-130
1767174262.6372385,2,0,-125
1767174262.6472385,2,0,-123
1767174262.6572382,2,-2,-118
1767174262.6672382,2,2,-121
1767174262.6772382,3,2,-125
1767174262.6872382,0,1,-127
1767174262.6972382,0,0,-120
1767174262.7072382,1,3,-117
1767174262.7172382,2,2,-125
1767174262.7272382,0,1,-124
1767174262.7372382,-1,-3,-122
1767174262.7472382,-3,-3,-122
1767174262.768238,-3,0,-122
1767174262.777238,-4,1,-120
1767174262.787238,-2,-1,-123
1767174262.797238,-1,1,-120
1767174262.807238,-1,0,-122
1767174262.817238,2,-2,-121
1767174262.827238,2,-2,-119
1767174262.837238,1,0,-126
1767174262.847238,1,-1,-125
1767174262.857238,5,-1,-122
1767174262.867238,4,-2,-128
1767174262.877238,1,-8,-129
1767174262.8872385,-1,-6,-131
1767174262.8972385,6,-4,-131
1767174262.9072382,6,-2,-132
1767174262.9172382,5,0,-133
1767174262.9272382,4,-1,-126
1767174262.9372382,2,0,-125
1767174262.9472382,-2,0,-132
1767174262.9572382,-2,2,-123
1767174262.9672382,-1,0,-120
1767174262.9772382,-3,-3,-117
1767174262.9872382,2,-2,-119
1767174262.9972382,0,-2,-116
1767174263.007238,0,0,-110
1767174263.017238,-2,-3,-112
1767174263.027238,-1,-2,-121
1767174263.037238,1,-1,-124
1767174263.047238,-1,1,-123
1767174263.057238,-4,3,-112
1767174263.067238,-3,1,-114
1767174263.077238,-3,-3,-119
1767174263.087238,-1,-1,-118
1767174263.097238,0,-1,-120
1767174263.107238,1,0,-127
1767174263.117238,1,0,-136
1767174263.127238,0,-1,-143
1767174263.1372385,-1,0,-134
1767174263.1472385,0,0,-135
1767174263.1572382,-5,3,-139
1767174263.1672382,-3,1,-131
1767174263.1772382,2,1,-130
1767174263.1872382,-3,-2,-126
1767174263.1972382,-3,-6,-120
1767174263.2072382,-3,-2,-122
1767174263.2172382,-2,4,-127
1767174263.2272382,-3,3,-119
1767174263.2372382,-5,3,-125
1767174263.2472382,-3,0,-128
1767174263.257238,0,0,-136
1767174263.267238,-2,1,-135
1767174263.277238,-3,4,-136
1767174263.287238,-8,1,-140
1767174263.297238,-5,-3,-139
1767174263.307238,-1,-8,-135
1767174263.317238,1,-3,-136
1767174263.327238,2,0,-134
1767174263.337238,1,-4,-133
1767174263.347238,0,-7,-128
1767174263.357238,3,-7,-119
1767174263.367238,5,-12,-120
1767174263.377238,6,-9,-127
1767174263.3872385,3,-1,-131
1767174263.3972385,0,0,-133
1767174263.4072382,-3,2,-125
1767174263.4172382,-3,5,-120
1767174263.4272382,-2,4,-119
1767174263.4372382,-1,1,-117
1767174263.4472382,0,-3,-122
1767174263.4572382,1,-3,-125
1767174263.4672382,-2,-3,-128
1767174263.4772382,0,-3,-130
1767174263.4872382,-3,2,-134
1767174263.4972382,2,-2,-127
1767174263.507238,-1,-1,-120
1767174263.517238,0,-6,-126
1767174263.527238,0,-3,-130
1767174263.537238,-1,0,-125
1767174263.547238,0,0,-123
1767174263.557238,-1,-1,-127
1767174263.567238,2,-1,-130
1767174263.577238,5,2,-130
1767174263.587238,3,1,-127
1767174263.597238,-3,1,-127
1767174263.607238,-10,2,-127
1767174263.6182382,-4,0,-133
1767174263.6282382,2,-1,-132
1767174263.6382382,6,-3,-135
1767174263.6482382,5,-1,-129
1767174263.6582382,0,0,-126
1767174263.6682382,-3,-2,-127
1767174263.6782382,-2,-2,-125
1767174263.688238,0,-3,-118
1767174263.698238,2,-2,-120
1767174263.708238,0,-4,-124
1767174263.718238,3,-2,-131
1767174263.728238,1,-4,-127
1767174263.738238,0,-1,-121
1767174263.748238,0,-1,-122
1767174263.758238,2,0,-114
1767174263.768238,0,2,-110
1767174263.778238,-2,0,-110
1767174263.788238,-1,4,-112
1767174263.798238,0,6,-122
1767174263.8082385,0,7,-121
1767174263.8182385,-7,5,-125
1767174263.8282382,-5,9,-124
1767174263.8382382,-2,7,-121
1767174263.8482382,-2,3,-119
1767174263.8582382,1,-2,-125
1767174263.8682382,7,-2,-129
1767174263.8782382,8,3,-131
1767174263.8882382,8,6,-128
1767174263.8982382,0,3,-123
1767174263.9082382,1,1,-120
1767174263.9182382,4,2,-123
1767174263.9282382,3,1,-126
1767174263.938238,3,0,-127
1767174263.948238,1,0,-121
1767174263.958238,6,0,-120
1767174263.968238,1,-2,-124
1767174263.978238,2,-1,-120
1767174263.988238,2,-5,-127
1767174263.998238,0,-6,-124
1767174264.008238,1,-5,-123
1767174264.018238,2,-1,-116
1767174264.028238,-3,-3,-121
1767174264.038238,-2,-3,-118
1767174264.048238,-1,-6,-119
1767174264.0582385,-3,-4,-119
1767174264.0682385,-3,-2,-128
1767174264.0782382,-3,-6,-131
1767174264.0882382,-1,-3,-130
1767174264.0982382,-2,3,-129
1767174264.1082382,1,5,-128
1767174264.1182382,2,5,-132
1767174264.1282382,7,4,-131
1767174264.1382382,5,4,-126
1767174264.1482382,0,4,-120
1767174264.1582382,-3,5,-116
1767174264.1682382,-2,0,-114
1767174264.1782382,2,4,-117
1767174264.188238,2,1,-124
1767174264.198238,1,-1,-132
1767174264.208238,3,0,-126
1767174264.218238,4,4,-124
1767174264.228238,2,5,-124
1767174264.238238,2,2,-127
1767174264.248238,2,0,-125
1767174264.258238,1,0,-137
1767174264.268238,0,-2,-136
1767174264.278238,0,-3,-130
1767174264.288238,-4,4,-124
1767174264.298238,-6,1,-126
1767174264.3082385,-7,0,-127
1767174264.3182385,-9,-1,-125
1767174264.3282382,-11,-2,-128
1767174264.3382382,-10,-2,-127
1767174264.3482382,-7,0,-124
1767174264.3582382,-3,0,-126
1767174264.3682382,-5,-1,-121
1767174264.3782382,-4,-2,-126
1767174264.3882382,-1,-2,-131
1767174264.3982382,-2,-1,-126
1767174264.4082382,2,1,-120
1767174264.4182382,4,1,-128
1767174264.4282382,1,1,-128
1767174264.438238,2,0,-128
1767174264.448238,0,-1,-129
1767174264.458238,-2,-1,-129
1767174264.468238,-1,0,-132
1767174264.478238,-1,5,-124
1767174264.488238,-3,6,-129
1767174264.498238,0,5,-131
1767174264.508238,2,4,-130
1767174264.518238,5,4,-130
1767174264.528238,4,4,-130
1767174264.538238,2,5,-126
1767174264.548238,1,4,-122
1767174264.5582385,0,2,-127
1767174264.5682385,-1,1,-129
1767174264.5782382,-2,-1,-134
1767174264.5882382,0,-3,-131
1767174264.5982382,0,-8,-125
1767174264.6082382,0,-15,-127
1767174264.6182382,0,-11,-130
1767174264.6282382,-1,-7,-130
1767174264.6382382,0,-2,-127
1767174264.6482382,1,0,-132
1767174264.6582382,-1,2,-129
1767174264.6682382,-5,0,-128
1767174264.6782382,2,-1,-120
1767174264.688238,5,3,-120
1767174264.698238,3,6,-114
1767174264.708238,2,5,-120
1767174264.718238,4,10,-114
1767174264.728238,0,3,-120
1767174264.738238,3,4,-121
1767174264.748238,1,2,-127
1767174264.758238,1,1,-126
1767174264.768238,1,0,-129
1767174264.778238,-5,-1,-131
1767174264.788238,-1,0,-131
1767174264.798238,0,0,-131
1767174264.8082385,2,1,-130
1767174264.8182385,4,-1,-129
1767174264.8282382,2,-4,-126
1767174264.8382382,5,1,-130
1767174264.8482382,4,-2,-126
1767174264.8582382,3,-6,-120
1767174264.8682382,1,-6,-122
1767174264.8782382,2,-8,-125
1767174264.8882382,3,-6,-126
1767174264.8982382,1,-2,-120
1767174264.9082382,-2,-5,-118
1767174264.9182382,1,-6,-122
1767174264.9282382,-1,-6,-118
1767174264.938238,-2,-6,-117
1767174264.948238,-3,-7,-121
1767174264.958238,-4,-4,-121
1767174264.968238,-6,-1,-125
1767174264.978238,-3,-5,-125
1767174264.988238,-2,0,-130
1767174264.998238,-1,0,-133
1767174265.008238,0,-1,-133
1767174265.018238,1,0,-135
1767174265.028238,1,0,-133
1767174265.038238,2,0,-135
1767174265.048238,5,0,-142
1767174265.0582385,8,0,-135
1767174265.0682385,6,-1,-127
1767174265.0782382,3,-1,-124
1767174265.0882382,2,-1,-123
1767174265.0982382,2,-5,-122
1767174265.1082382,-1,-7,-121
1767174265.1182382,-6,-3,-118
1767174265.1282382,-2,-2,-119
1767174265.1382382,-5,-2,-120
1767174265.1482382,-6,1,-119
1767174265.1582382,-5,0,-124
1767174265.1682382,-8,-3,-124
1767174265.1782382,-3,-5,-131
1767174265.188238,1,-2,-128
1767174265.198238,-4,-1,-121
1767174265.208238,-4,0,-117
1767174265.218238,-5,0,-115
1767174265.228238,-3,1,-116
1767174265.238238,-2,-1,-117
1767174265.248238,-1,0,-117
1767174265.258238,-1,0,-113
1767174265.268238,-3,0,-116
1767174265.278238,-3,-1,-116
1767174265.288238,0,3,-116
1767174265.298238,1,3,-125
1767174265.3082385,1,4,-124
1767174265.3182385,1,2,-126
1767174265.3282382,2,2,-121
1767174265.3382382,4,0,-124
1767174265.3482382,0,0,-119
1767174265.3582382,3,1,-121
1767174265.3682382,2,0,-129
1767174265.3782382,4,-1,-127
1767174265.3882382,2,0,-127
1767174265.3982382,5,3,-127
1767174265.4082382,9,5,-124
1767174265.4182382,9,4,-120
1767174265.4282382,9,0,-118
1767174265.438238,6,-3,-121
1767174265.448238,2,-3,-122
1767174265.458238,4,-1,-122
1767174265.468238,9,-1,-126
1767174265.478238,13,0,-125
1767174265.488238,11,2,-122
1767174265.498238,14,1,-124
1767174265.508238,13,-2,-125
1767174265.518238,10,-2,-125
1767174265.528238,8,-5,-123
1767174265.538238,6,-4,-127
1767174265.548238,4,-2,-121
1767174265.5582385,1,-2,-130
1767174265.5682385,0,-3,-133
1767174265.5782382,2,-5,-127
1767174265.5882382,4,-4,-130
1767174265.5982382,9,-1,-128
1767174265.6082382,9,-4,-124
1767174265.6182382,8,-6,-119
1767174265.6282382,6,-5,-126
1767174265.6382382,2,-2,-125
1767174265.6482382,5,-10,-128
1767174265.6582382,4,-4,-125
1767174265.6682382,4,-1,-130
1767174265.6782382,3,-2,-129
1767174265.688238,0,-3,-124
1767174265.698238,1,-3,-119
1767174265.708238,3,-2,-119
1767174265.718238,4,-1,-114
1767174265.728238,2,-4,-115
1767174265.738238,0,-5,-115
1767174265.748238,-3,-4,-118
1767174265.758238,-2,-4,-114
1767174265.768238,0,-3,-117
1767174265.778238,4,-1,-121
1767174265.788238,4,-2,-122
1767174265.798238,6,-5,-121
1767174265.8082385,4,-7,-119
1767174265.8182385,2,-4,-121
1767174265.8282382,5,-3,-117
1767174265.8382382,6,0,-119
1767174265.8482382,4,-1,-126
1767174265.8582382,7,0,-131
1767174265.8682382,5,2,-131
1767174265.8782382,5,-1,-132
1767174265.8882382,6,2,-131
1767174265.8982382,7,0,-124
1767174265.9082382,4,-3,-122
1767174265.9182382,2,-3,-130
1767174265.9282382,6,-6,-122
1767174265.938238,5,-8,-123
1767174265.948238,5,-6,-120
1767174265.958238,4,-9,-125
1767174265.968238,3,-11,-128
1767174265.978238,2,-9,-133
1767174265.988238,5,-11,-132
1767174265.998238,1,-10,-127
1767174266.008238,3,-10,-128
1767174266.018238,4,-4,-128
1767174266.028238,2,-1,-123
1767174266.038238,3,-1,-123
1767174266.048238,2,-4,-127
1767174266.0582385,0,-11,-131
1767174266.0682385,1,-10,-123
1767174266.0782382,6,-11,-122
1767174266.0882382,5,-11,-121
1767174266.0982382,0,-9,-119
1767174266.1082382,0,-10,-117
1767174266.1182382,0,-7,-114
1767174266.1282382,-4,-4,-114
1767174266.1382382,-7,-2,-120
1767174266.1482382,-6,-1,-124
1767174266.1582382,-7,0,-123
1767174266.1682382,-4,-1,-122
1767174266.1782382,-2,0,-120
1767174266.188238,-3,-2,-127
1767174266.198238,-7,-4,-123
1767174266.208238,-11,-2,-121
1767174266.218238,-12,-5,-122
1767174266.228238,-6,0,-121
1767174266.238238,-6,1,-123
1767174266.2492385,-2,-1,-117
1767174266.258238,4,-2,-122
1767174266.268238,4,-2,-128
1767174266.2792382,0,0,-131
1767174266.2892382,2,0,-123
1767174266.2992382,2,-2,-113
1767174266.3092382,4,-2,-117
1767174266.3192382,1,-1,-121
1767174266.3292382,-1,-3,-125
1767174266.3392382,-2,-2,-130
1767174266.3492382,-1,-5,-121
1767174266.359238,-2,-4,-124
1767174266.369238,-4,-2,-121
1767174266.379238,-3,-4,-123
1767174266.389238,-2,-5,-127
1767174266.399238,-5,-8,-130
1767174266.409238,-4,-7,-126
1767174266.419238,-3,-6,-127
1767174266.429238,-1,-7,-129
1767174266.439238,-4,-7,-121
1767174266.449238,-1,-9,-126
1767174266.459238,0,-8,-130
1767174266.469238,2,-4,-128
1767174266.4792385,4,-5,-126
1767174266.4892385,1,-7,-129
1767174266.4992385,1,-2,-131
1767174266.5092382,2,-1,-130
1767174266.5192382,0,3,-128
1767174266.5292382,-1,3,-117
1767174266.5392382,-3,-1,-112
1767174266.5492382,-1,-7,-105
1767174266.5592382,0,-7,-112
1767174266.5692382,0,-8,-118
1767174266.5792382,-1,-9,-125
1767174266.5892382,-3,0,-126
1767174266.5992382,-3,0,-128
1767174266.609238,-6,-5,-124
1767174266.619238,-6,-9,-123
1767174266.629238,-4,-9,-123
1767174266.639238,-3,-7,-116
1767174266.649238,-2,-9,-114
1767174266.659238,-3,-12,-117
1767174266.669238,-2,-8,-113
1767174266.679238,-3,-3,-114
1767174266.689238,-4,-2,-116
1767174266.699238,-5,-1,-107
1767174266.709238,-6,0,-112
1767174266.719238,-1,-2,-120
1767174266.7292385,0,-3,-127
1767174266.7392385,1,-1,-121
1767174266.7492385,-2,-2,-127
1767174266.7592382,-2,0,-126
1767174266.7692382,-3,2,-121
1767174266.7792382,-4,5,-122
1767174266.7892382,-5,0,-132
1767174266.7992382,0,0,-135
1767174266.8092382,7,1,-129
1767174266.8192382,5,0,-129
1767174266.8292382,4,1,-128
1767174266.8392382,4,5,-128
1767174266.8492382,6,5,-123
1767174266.859238,6,1,-123
1767174266.869238,6,0,-124
1767174266.879238,6,-2,-130
1767174266.889238,3,-1,-130
1767174266.899238,7,-3,-131
1767174266.909238,7,-2,-132
1767174266.919238,2,0,-135
1767174266.929238,1,2,-134
1767174266.939238,-1,0,-128
1767174266.949238,-3,0,-125
1767174266.959238,0,0,-122
1767174266.969238,0,-5,-117
1767174266.9792385,0,0,-118
1767174266.9892385,-1,0,-117
1767174266.9992385,-4,-8,-121
1767174267.0092382,-7,-7,-123
1767174267.0192382,-4,-6,-118
1767174267.0292382,-3,-6,-119
1767174267.0392382,-6,-1,-124
1767174267.0492382,-3,-4,-117
1767174267.0592382,-2,-5,-113
1767174267.0692382,0,-4,-117
1767174267.0792382,0,-4,-117
1767174267.0892382,3,0,-111
1767174267.0992382,3,0,-110
1767174267.109238,6,1,-117
1767174267.119238,5,0,-122
1767174267.129238,3,-3,-129
1767174267.139238,4,-4,-132
1767174267.149238,4,-5,-133
1767174267.159238,3,-5,-135
1767174267.169238,5,-4,-130
1767174267.179238,3,-1,-123
1767174267.189238,8,0,-130
1767174267.199238,6,0,-132
1767174267.209238,2,1,-127
1767174267.219238,-4,3,-133
1767174267.2292385,-4,5,-130
1767174267.2392385,-2,0,-130
1767174267.2492385,-3,1,-131
1767174267.2592382,-4,1,-129
1767174267.2692382,-4,1,-127
1767174267.2792382,-5,4,-130
1767174267.2892382,-3,2,-124
1767174267.2992382,-2,-3,-124
1767174267.3092382,0,-4,-126
1767174267.3192382,-3,-6,-126
1767174267.3292382,-3,-9,-119
1767174267.3392382,-4,-2,-119
1767174267.3492382,0,-3,-125
1767174267.359238,0,-1,-124
1767174267.369238,-2,3,-123
1767174267.379238,-2,-1,-118
1767174267.389238,-2,1,-118
1767174267.399238,-2,2,-120
1767174267.409238,-1,3,-126
1767174267.419238,-3,4,-125
1767174267.429238,-4,3,-124
1767174267.439238,-4,0,-111
1767174267.449238,-2,0,-114
1767174267.459238,-1,-1,-114
1767174267.469238,-1,2,-115
1767174267.4792385,-3,-1,-121
1767174267.4892385,-7,0,-123
1767174267.4992385,-4,5,-129
1767174267.5092382,-4,7,-122
1767174267.5192382,-1,6,-124
1767174267.5292382,-1,5,-118
1767174267.5392382,0,3,-117
1767174267.5492382,0,4,-118
1767174267.5592382,0,6,-118
1767174267.5692382,-1,3,-121
1767174267.5792382,0,3,-126
1767174267.5892382,-2,2,-123
1767174267.5992382,-1,0,-125
1767174267.609238,1,-4,-117
1767174267.619238,0,-1,-119
1767174267.629238,0,3,-111
1767174267.639238,1,3,-112
1767174267.649238,1,1,-120
1767174267.659238,0,0,-120
1767174267.669238,1,-3,-119
1767174267.679238,4,-2,-123
1767174267.689238,2,-1,-121
1767174267.699238,5,0,-125
1767174267.709238,8,0,-124
1767174267.719238,8,1,-128
1767174267.7292385,10,0,-127
1767174267.7392385,9,0,-130
1767174267.7492385,5,0,-124
1767174267.7592382,5,0,-125
1767174267.7802382,5,-4,-129
1767174267.7892382,5,1,-130
1767174267.7992382,5,1,-127
1767174267.8092382,3,0,-125
1767174267.8192382,1,-1,-122
1767174267.8292382,1,-2,-123
1767174267.8392382,5,0,-119
1767174267.8492382,2,0,-123
1767174267.859238,2,1,-130
1767174267.869238,3,0,-128
1767174267.879238,6,-2,-122
1767174267.889238,3,-2,-121
1767174267.899238,1,1,-119
1767174267.909238,0,3,-118
1767174267.919238,0,2,-117
1767174267.929238,0,-2,-122
1767174267.939238,0,0,-124
1767174267.949238,1,1,-123
1767174267.959238,0,1,-127
1767174267.969238,0,-2,-123
1767174267.9792385,-2,-5,-126
1767174267.9892385,0,-3,-123
1767174267.9992385,0,0,-120
1767174268.0092382,-1,1,-115
1767174268.0192382,0,0,-113
1767174268.0292382,4,-1,-117
1767174268.0392382,6,0,-116
1767174268.0492382,7,-1,-117
1767174268.0592382,0,-4,-119
1767174268.0692382,-4,-3,-121
1767174268.0792382,-4,2,-126
1767174268.0892382,0,0,-128
1767174268.0992382,-4,-2,-126
1767174268.109238,-6,-3,-121
1767174268.119238,-10,-4,-126
1767174268.129238,-9,-8,-119
1767174268.139238,-11,-6,-115
1767174268.149238,-10,-2,-115
1767174268.159238,-12,0,-120
1767174268.169238,-14,0,-124
1767174268.179238,-11,-5,-126
1767174268.189238,-7,-4,-129
1767174268.199238,-1,-2,-128
1767174268.209238,1,-6,-126
1767174268.219238,0,-7,-124
1767174268.2292385,-2,-6,-126
1767174268.2392385,-1,-6,-127
1767174268.2492385,-1,-8,-126
1767174268.2592382,-4,-8,-121
1767174268.2692382,-3,-8,-123
1767174268.2792382,-5,-9,-123
1767174268.2892382,-8,-7,-124
1767174268.2992382,-6,-6,-122
1767174268.3092382,-7,-6,-116
1767174268.3192382,1,-6,-117
1767174268.3292382,6,-3,-117
1767174268.3392382,4,1,-117
1767174268.3492382,4,0,-115
1767174268.359238,9,0,-115
1767174268.369238,8,-2,-115
1767174268.379238,9,-1,-111
1767174268.389238,7,-1,-111
1767174268.399238,4,-2,-118
1767174268.409238,4,-3,-117
1767174268.419238,0,-5,-121
1767174268.429238,-1,-7,-122
1767174268.4402382,-1,-9,-117
1767174268.449238,0,-7,-115
1767174268.459238,3,-8,-120
1767174268.469238,4,-5,-126
1767174268.4792385,7,-2,-131
1767174268.4892385,10,-1,-136
1767174268.4992385,9,0,-133
1767174268.5092382,9,-2,-123
1767174268.5192382,5,-3,-121
1767174268.5292382,4,0,-123
1767174268.5392382,2,-2,-122
1767174268.5492382,1,-6,-123
1767174268.5592382,-1,-2,-123
1767174268.5692382,0,-1,-128
1767174268.5792382,-3,-1,-124
1767174268.5892382,-3,1,-123
1767174268.5992382,-3,1,-116
1767174268.609238,-4,1,-114
1767174268.619238,-3,1,-117
1767174268.629238,-9,2,-128
1767174268.639238,-6,-1,-132
1767174268.649238,-4,-1,-130
1767174268.659238,0,-3,-122
1767174268.669238,0,-3,-122
1767174268.679238,1,0,-116
1767174268.689238,3,-5,-113
1767174268.699238,0,-4,-115
1767174268.709238,1,-3,-114
1767174268.719238,-2,0,-117
1767174268.7292385,-2,-3,-110
1767174268.7392385,-2,1,-109
1767174268.7492385,-3,0,-114
1767174268.7592382,-6,-2,-119
1767174268.7692382,-1,-2,-117
1767174268.7792382,2,-5,-118
1767174268.7892382,3,-3,-120
1767174268.7992382,3,0,-115
1767174268.8092382,3,3,-115
1767174268.8192382,4,2,-117
1767174268.8292382,5,0,-118
1767174268.8392382,5,0,-122
1767174268.8492382,3,1,-127
1767174268.859238,0,0,-125
1767174268.869238,-1,0,-128
1767174268.879238,1,-1,-124
1767174268.889238,2,-2,-126
1767174268.899238,2,-3,-124
1767174268.9102385,1,-3,-127
1767174268.9202385,0,-3,-127
1767174268.929238,0,-3,-129
1767174268.9402382,-1,-4,-134
1767174268.9502382,0,-3,-131
1767174268.9602382,2,-5,-130
1767174268.9702382,6,-5,-130
1767174268.9802382,7,-8,-129
1767174268.9902382,9,-5,-131
1767174269.0002382,3,-6,-127
1767174269.0102382,3,-8,-121
1767174269.0202382,-2,-9,-125
1767174269.0302382,0,-6,-127
1767174269.040238,6,-8,-125
1767174269.050238,7,-3,-125
1767174269.060238,8,-1,-128
1767174269.070238,7,0,-128
1767174269.080238,5,-3,-125
1767174269.090238,2,-3,-122
1767174269.100238,0,-3,-122
1767174269.110238,-2,0,-121
1767174269.120238,-6,2,-115
1767174269.130238,-8,2,-120
1767174269.140238,-7,0,-126
1767174269.150238,-4,-2,-126
1767174269.1602385,0,-6,-118
1767174269.1702385,2,-5,-116
1767174269.1802382,4,-2,-115
1767174269.1902382,0,-2,-115
1767174269.2002382,-4,0,-112
1767174269.2102382,-2,-2,-109
1767174269.2202382,-1,-3,-113
1767174269.2302382,-2,-2,-121
1767174269.2402382,-5,-4,-126
1767174269.2502382,-5,1,-128
1767174269.2602382,-2,0,-136
1767174269.2702382,0,-4,-136
1767174269.2802382,-1,-4,-132
1767174269.290238,-1,-2,-131
1767174269.300238,0,-1,-133
1767174269.310238,-2,-1,-130
1767174269.320238,-4,-2,-129
1767174269.330238,1,-1,-123
1767174269.340238,-2,-3,-121
1767174269.350238,-2,-4,-118
1767174269.360238,-1,-7,-120
1767174269.370238,6,-8,-121
1767174269.380238,6,-6,-118
1767174269.390238,4,-4,-125
1767174269.400238,1,-5,-124
1767174269.4102385,1,-4,-122
1767174269.4202385,4,0,-121
1767174269.4302382,9,2,-120
1767174269.4402382,6,0,-123
1767174269.4502382,5,-2,-118
1767174269.4602382,7,0,-125
1767174269.4702382,6,-2,-129
1767174269.4802382,8,-1,-139
1767174269.4902382,6,-2,-133
1767174269.5002382,0,-2,-129
1767174269.5102382,0,-1,-130
1767174269.5202382,0,-1,-124
1767174269.5302382,2,-3,-126
1767174269.540238,3,-2,-127
1767174269.550238,0,-7,-127
1767174269.560238,0,-9,-129
1767174269.570238,4,-10,-127
1767174269.580238,5,-8,-123
1767174269.590238,4,-10,-124
1767174269.600238,4,-10,-123
1767174269.610238,3,-4,-122
1767174269.620238,0,-1,-122
1767174269.630238,-1,-1,-118
1767174269.640238,0,0,-114
1767174269.650238,3,0,-115
1767174269.6602385,2,1,-115
1767174269.6702385,6,1,-114
1767174269.6802382,7,1,-115
1767174269.6902382,8,2,-114
1767174269.7002382,4,4,-115
1767174269.7102382,3,3,-116
1767174269.7202382,-1,2,-119
1767174269.7302382,-5,7,-119
1767174269.7402382,-3,2,-122
1767174269.7502382,-2,-3,-121
1767174269.7602382,-4,-4,-120
1767174269.7702382,-9,-2,-124
1767174269.7802382,-10,-1,-124
1767174269.790238,-12,-1,-128
1767174269.800238,-9,-2,-129
1767174269.810238,-5,-4,-128
1767174269.820238,0,-3,-129
1767174269.830238,2,-5,-133
1767174269.840238,5,-4,-136
1767174269.850238,5,-4,-135
1767174269.860238,5,0,-135
1767174269.870238,0,-2,-133
1767174269.880238,-1,-4,-132
1767174269.890238,-7,-1,-133
1767174269.900238,-3,0,-130
1767174269.9102385,-1,1,-130
1767174269.9202385,-5,0,-128
1767174269.9302382,-4,3,-126
1767174269.9402382,-4,5,-125
1767174269.9502382,-4,4,-118
1767174269.9602382,-6,6,-119
1767174269.9702382,-5,4,-114
1767174269.9802382,1,0,-112
1767174269.9902382,2,-3,-118
1767174270.0002382,-2,-2,-122
1767174270.0102382,-2,-1,-127
1767174270.0202382,0,1,-126
1767174270.0302382,-2,1,-120
1767174270.040238,0,-4,-124
1767174270.050238,0,-5,-119
1767174270.060238,0,-4,-116
1767174270.070238,-1,-1,-111
1767174270.080238,0,-5,-106
1767174270.090238,-2,-2,-112
1767174270.100238,-7,-3,-114
1767174270.110238,-6,-3,-117
1767174270.120238,-1,-2,-118
1767174270.130238,1,0,-121
1767174270.140238,0,-1,-122
1767174270.150238,1,4,-122
1767174270.1602385,1,1,-122
1767174270.1702385,3,0,-124
1767174270.1802382,3,-3,-122
1767174270.1902382,7,-1,-125
1767174270.2002382,4,-2,-124
1767174270.2102382,4,-3,-116
1767174270.2202382,5,-4,-121
1767174270.2302382,4,-2,-121
1767174270.2402382,6,-2,-121
1767174270.2502382,9,-3,-116
1767174270.2602382,5,-1,-115
1767174270.2702382,4,0,-120
1767174270.2802382,5,-1,-122
1767174270.290238,4,0,-122
1767174270.300238,3,0,-126
1767174270.310238,0,5,-125
1767174270.320238,1,9,-123
1767174270.330238,0,7,-125
1767174270.340238,2,5,-129
1767174270.350238,3,5,-127
1767174270.360238,-1,4,-126
1767174270.370238,-4,-1,-122
1767174270.380238,-7,-2,-119
1767174270.390238,-7,-2,-115
1767174270.400238,-3,-2,-121
1767174270.4102385,0,2,-121
1767174270.4202385,0,1,-129
1767174270.4302382,-4,2,-126
1767174270.4402382,-4,2,-125
1767174270.4502382,1,2,-127
1767174270.4602382,4,2,-135
1767174270.4702382,4,4,-131
1767174270.4802382,5,4,-134
1767174270.4902382,2,3,-130
1767174270.5002382,7,1,-129
1767174270.5102382,3,0,-130
1767174270.5202382,1,-1,-126
1767174270.5302382,0,-4,-130
1767174270.540238,-3,-3,-129
1767174270.550238,-8,-7,-132
1767174270.560238,-7,-8,-131
1767174270.570238,-1,-5,-126
1767174270.580238,-1,-4,-127
1767174270.590238,0,-4,-128
1767174270.600238,3,-5,-125
1767174270.610238,3,2,-129
1767174270.620238,5,0,-130
1767174270.630238,0,-1,-129
1767174270.640238,-1,0,-125
1767174270.650238,-2,-9,-130
1767174270.6602385,-3,-4,-126
1767174270.6702385,-5,-7,-121
1767174270.6802382,-3,-10,-134
1767174270.6902382,-3,-6,-132
1767174270.7002382,-4,-5,-132
1767174270.7102382,2,-6,-131
1767174270.7202382,0,-7,-134
1767174270.7302382,0,-6,-134
1767174270.7402382,-1,-3,-129
1767174270.7502382,-2,-4,-131
1767174270.7602382,-6,-5,-137
1767174270.7702382,-2,-9,-135
1767174270.7802382,-4,-7,-126
1767174270.790238,-3,-2,-119
1767174270.800238,-1,0,-115
1767174270.810238,2,0,-118
1767174270.820238,-1,-1,-118
1767174270.830238,-1,-1,-117
1767174270.840238,1,-3,-118
1767174270.850238,0,0,-108
1767174270.860238,-2,0,-113
1767174270.870238,-5,0,-111
1767174270.880238,-1,0,-116
1767174270.890238,-1,-3,-118
1767174270.900238,2,-3,-123
1767174270.9102385,2,-4,-118
1767174270.9202385,0,-4,-124
1767174270.9302382,1,-8,-123
1767174270.9402382,2,-8,-126
1767174270.9502382,5,-8,-125
1767174270.9602382,-1,-6,-123
1767174270.9702382,2,-1,-121
1767174270.9802382,4,-2,-130
1767174270.9902382,9,-5,-129
1767174271.0002382,6,0,-127
1767174271.0102382,7,3,-121
1767174271.0202382,6,3,-129
1767174271.0302382,1,0,-124
1767174271.040238,-2,0,-120
1767174271.050238,-5,0,-122
1767174271.060238,-3,-1,-122
1767174271.070238,-2,1,-125
1767174271.080238,0,0,-133
1767174271.090238,2,1,-128
1767174271.100238,0,-2,-124
1767174271.110238,-1,-4,-122
1767174271.120238,0,-7,-122
1767174271.130238,4,-3,-113
1767174271.140238,2,-3,-114
1767174271.150238,2,-3,-119
1767174271.1602385,2,-6,-120
1767174271.1702385,2,-2,-123
1767174271.1802382,-1,-1,-128
1767174271.1902382,-4,-2,-125
1767174271.2002382,-5,-6,-124
1767174271.2102382,-8,-7,-131
1767174271.2202382,-7,-6,-129
1767174271.2302382,-3,-3,-131
1767174271.2402382,-3,-4,-131
1767174271.2502382,-3,-5,-130
1767174271.2602382,0,-6,-130
1767174271.2702382,1,-3,-129
1767174271.2802382,0,0,-120
1767174271.290238,-1,-1,-115
1767174271.300238,-7,-1,-115
1767174271.310238,-9,-2,-113
1767174271.320238,-8,-5,-116
1767174271.330238,-3,-8,-116
1767174271.340238,-3,-3,-118
1767174271.350238,2,0,-124
1767174271.360238,7,1,-125
1767174271.370238,3,-1,-127
1767174271.380238,0,-1,-125
1767174271.390238,-5,-5,-130
1767174271.400238,-7,-6,-132
1767174271.4102385,-4,-3,-127
1767174271.4202385,-1,-4,-127
1767174271.4302382,-1,-2,-126
1767174271.4402382,1,-2,-126
1767174271.4502382,3,-3,-125
1767174271.4602382,0,-2,-121
1767174271.4702382,2,-4,-124
1767174271.4802382,2,-4,-128
1767174271.4902382,3,-1,-135
1767174271.5002382,0,0,-131
1767174271.5102382,0,-1,-123
1767174271.5202382,5,0,-115
1767174271.5302382,4,1,-118
1767174271.540238,8,3,-123
1767174271.550238,6,0,-119
1767174271.560238,5,-3,-115
1767174271.571238,7,-1,-117
1767174271.580238,4,1,-121
1767174271.590238,3,0,-122
1767174271.600238,3,0,-118
1767174271.6112382,1,3,-116
1767174271.6212382,0,5,-119
1767174271.6312382,2,5,-120
1767174271.6412382,0,9,-123
1767174271.6512382,0,1,-123
1767174271.6612382,1,-2,-122
1767174271.6712382,1,-2,-121
1767174271.6812382,1,-3,-127
1767174271.6912382,3,-3,-123
1767174271.7012382,0,-1,-124
1767174271.711238,-1,-1,-123
1767174271.721238,-1,3,-113
1767174271.731238,-1,2,-115
1767174271.741238,-2,0,-122
1767174271.751238,-5,-3,-124
1767174271.761238,-5,-2,-126
1767174271.771238,-3,-1,-125
1767174271.781238,-1,-1,-126
1767174271.791238,0,-3,-128
1767174271.801238,3,0,-126
1767174271.811238,4,-3,-125
1767174271.821238,4,-4,-123
1767174271.8312385,2,-5,-125
1767174271.8412385,2,-1,-128
1767174271.8512385,3,0,-126
1767174271.8612382,4,-1,-124
1767174271.8712382,5,-2,-124
1767174271.8812382,7,-3,-129
1767174271.8912382,6,-5,-128
1767174271.9012382,4,-8,-129
1767174271.9112382,1,-8,-127
1767174271.9212382,3,-4,-122
1767174271.9312382,0,-8,-118
1767174271.9412382,1,-4,-124
1767174271.9512382,0,-4,-122
1767174271.961238,-2,-1,-127
1767174271.971238,-5,0,-125
1767174271.981238,-4,-6,-125
1767174271.991238,-4,-5,-122
1767174272.001238,-6,-4,-121
1767174272.011238,-4,-1,-115
1767174272.021238,-3,0,-111
1767174272.031238,-5,4,-110
1767174272.041238,-3,3,-108
1767174272.051238,-1,1,-118
1767174272.061238,0,1,-120
1767174272.071238,5,-5,-126
1767174272.0812385,4,-6,-129
1767174272.0912385,1,-6,-128
1767174272.1012385,-1,0,-130
1767174272.1112382,-4,-2,-127
1767174272.1212382,0,-2,-130
1767174272.1312382,-3,1,-128
1767174272.1412382,-4,0,-121
1767174272.1512382,-6,0,-121
1767174272.1612382,-6,0,-123
1767174272.1712382,-3,2,-116
1767174272.1812382,-3,1,-113
1767174272.1912382,-1,-1,-112
1767174272.2012382,-3,-4,-122
1767174272.211238,0,-2,-118
1767174272.221238,-3,0,-119
1767174272.231238,-3,0,-117
1767174272.241238,2,-2,-129
1767174272.251238,1,0,-128
1767174272.261238,1,1,-123
1767174272.271238,0,-2,-115
1767174272.281238,-2,-3,-119
1767174272.291238,-2,-3,-126
1767174272.301238,-2,-6,-128
1767174272.311238,-2,-8,-125
1767174272.321238,2,-8,-123
1767174272.3312385,2,-7,-119
1767174272.3412385,2,-5,-117
1767174272.3512385,2,-5,-128
1767174272.3612382,0,-4,-126
1767174272.3712382,1,-1,-121
1767174272.3812382,1,0,-120
1767174272.3912382,1,-3,-120
1767174272.4012382,3,-4,-125
1767174272.4112382,4,-3,-127
1767174272.4212382,0,-2,-127
1767174272.4312382,4,0,-128
1767174272.4412382,6,-3,-131
1767174272.4512382,7,-4,-132
1767174272.461238,4,-3,-128
1767174272.471238,2,-2,-129
1767174272.481238,2,0,-130
1767174272.491238,0,0,-129
1767174272.501238,0,0,-134
1767174272.511238,0,1,-131
1767174272.521238,-1,1,-129
1767174272.531238,-5,1,-126
1767174272.541238,-6,0,-123
1767174272.551238,-5,1,-124
1767174272.561238,-7,2,-132
1767174272.571238,-5,1,-136
1767174272.5812385,-1,0,-132
1767174272.5912385,-4,0,-130
1767174272.6012385,-3,0,-131
1767174272.6112382,-1,1,-134
1767174272.6212382,-3,0,-132
1767174272.6312382,-1,-1,-133
1767174272.6412382,-3,2,-137
1767174272.6512382,-2,2,-137
1767174272.6612382,-1,0,-129
1767174272.6712382,-4,0,-129
1767174272.6812382,-4,3,-133
1767174272.6912382,-1,3,-125
1767174272.7012382,1,3,-123
1767174272.711238,6,5,-117
1767174272.721238,5,8,-122
1767174272.731238,4,5,-121
1767174272.741238,-1,4,-117
1767174272.751238,-1,0,-120
1767174272.761238,-2,0,-122
1767174272.771238,-4,-1,-123
1767174272.7932382,-5,0,-127
1767174272.801238,-2,1,-123
1767174272.811238,-4,4,-124
1767174272.821238,-6,0,-125
1767174272.8312385,-3,-2,-114
1767174272.8412385,0,0,-118
1767174272.8512385,2,1,-122
1767174272.8612382,3,2,-121
1767174272.8712382,3,3,-120
1767174272.8812382,3,4,-126
1767174272.8912382,0,5,-126
1767174272.9012382,-1,2,-126
1767174272.9112382,-4,1,-119
1767174272.9212382,2,1,-114
1767174272.9312382,4,5,-118
1767174272.9412382,6,2,-120
1767174272.9512382,4,3,-117
1767174272.961238,0,2,-123
1767174272.971238,-3,3,-117
1767174272.981238,-1,1,-117
1767174272.991238,-3,1,-122
1767174273.001238,-1,0,-123
1767174273.011238,0,3,-118
1767174273.021238,-3,2,-114
1767174273.031238,-4,4,-113
1767174273.041238,-10,5,-115
1767174273.051238,-5,4,-123
1767174273.061238,-1,3,-124
1767174273.071238,-3,0,-120
1767174273.0812385,-6,2,-124
1767174273.0912385,-4,2,-124
1767174273.1012385,-3,5,-121
1767174273.1112382,-6,6,-124
1767174273.1212382,-7,5,-128
1767174273.1312382,-6,9,-131
1767174273.1412382,-10,6,-127
1767174273.1512382,-11,5,-124
1767174273.1612382,-4,0,-118
1767174273.1712382,-3,0,-116
1767174273.1812382,-4,-1,-117
1767174273.1912382,-4,-2,-109
1767174273.2012382,-3,-3,-108
1767174273.211238,0,1,-103
1767174273.221238,4,0,-108
1767174273.231238,3,-2,-116
1767174273.241238,4,-3,-119
1767174273.251238,5,1,-116
1767174273.261238,4,5,-107
1767174273.271238,5,5,-111
1767174273.281238,7,3,-115
1767174273.291238,6,5,-116
1767174273.301238,3,6,-111
1767174273.311238,2,4,-112
1767174273.321238,-2,-3,-119
1767174273.3312385,0,-4,-126
1767174273.3412385,4,-4,-129
1767174273.3512385,5,-1,-130
1767174273.3612382,3,-2,-129
1767174273.3712382,2,-2,-130
1767174273.3812382,1,-2,-128
1767174273.3912382,0,-4,-134
1767174273.4012382,5,-4,-134
1767174273.4112382,8,-6,-130
1767174273.4212382,4,-8,-121
1767174273.4312382,3,-8,-127
1767174273.4412382,6,-4,-128
1767174273.4512382,4,-6,-131
1767174273.461238,1,-3,-128
1767174273.471238,3,-1,-125
1767174273.481238,2,-2,-118
1767174273.491238,6,-4,-120
1767174273.501238,3,0,-118
1767174273.511238,3,0,-117
1767174273.521238,4,0,-120
1767174273.531238,3,0,-122
1767174273.541238,-1,-3,-121
1767174273.551238,1,-3,-117
1767174273.561238,2,-6,-119
1767174273.571238,0,-5,-118
1767174273.5812385,-1,0,-121
1767174273.5912385,-3,0,-121
1767174273.6012385,-2,-1,-116
1767174273.6112382,-4,0,-122
1767174273.6212382,-5,-1,-123
1767174273.6312382,-7,-3,-123
1767174273.6412382,-6,-3,-127
1767174273.6512382,0,-3,-122
1767174273.6612382,-1,4,-125
1767174273.6712382,0,5,-122
1767174273.6812382,1,7,-117
1767174273.6912382,-1,3,-115
1767174273.7012382,0,6,-114
1767174273.711238,1,0,-119
1767174273.721238,0,0,-116
1767174273.731238,-2,0,-116
1767174273.741238,-1,-4,-126
1767174273.751238,-1,-1,-135
1767174273.761238,0,-1,-126
1767174273.771238,0,-2,-126
1767174273.781238,-1,-1,-136
1767174273.791238,-3,-3,-131
1767174273.801238,0,-4,-131
1767174273.811238,3,-7,-134
1767174273.821238,3,-3,-133
1767174273.8312385,-1,-7,-134
1767174273.8412385,-1,-5,-124
1767174273.8512385,-1,-5,-123
1767174273.8612382,-5,-8,-122
1767174273.8712382,-3,-10,-126
1767174273.8812382,-3,-10,-124
1767174273.8912382,-1,-10,-122
1767174273.9012382,-1,-10,-119
1767174273.9112382,-1,-9,-125
1767174273.9212382,1,-8,-128
1767174273.9312382,6,-4,-129
1767174273.9412382,7,0,-124
1767174273.9512382,5,-2,-121
1767174273.961238,2,0,-123
1767174273.971238,0,-1,-123
1767174273.981238,-1,-3,-119
1767174273.991238,-1,-2,-122
1767174274.001238,-4,0,-123
1767174274.011238,-7,3,-127
1767174274.021238,-5,1,-130
1767174274.031238,-8,0,-129
1767174274.041238,-7,0,-122
1767174274.051238,-3,-2,-123
1767174274.061238,0,0,-124
1767174274.071238,2,0,-124
1767174274.0812385,0,-5,-134
1767174274.0912385,2,-7,-130
1767174274.1012385,0,-4,-124
1767174274.1112382,-5,0,-121
1767174274.1212382,-4,1,-126
1767174274.1312382,-4,2,-126
1767174274.1412382,-1,2,-127
1767174274.1512382,-5,3,-130
1767174274.1612382,-6,1,-127
1767174274.1712382,-9,3,-126
1767174274.1812382,-10,2,-133
1767174274.1912382,-11,6,-128
1767174274.2012382,-4,7,-125
1767174274.211238,1,5,-125
1767174274.221238,6,3,-125
1767174274.232238,0,4,-126
1767174274.242238,4,10,-127
1767174274.252238,5,5,-127
1767174274.2622385,7,3,-124
1767174274.2722385,5,3,-120
1767174274.2822382,2,1,-123
1767174274.2922382,2,-2,-124
1767174274.3022382,-2,0,-125
1767174274.3122382,-3,-2,-123
1767174274.3222382,-2,0,-128
1767174274.3322382,0,0,-126
1767174274.3422382,-3,-2,-130
1767174274.3522382,-3,0,-131
1767174274.3622382,-5,0,-130
1767174274.3722382,0,-2,-129
1767174274.382238,-1,-1,-121
1767174274.392238,-3,0,-123
1767174274.402238,-1,2,-125
1767174274.412238,1,4,-129
1767174274.422238,0,4,-122
1767174274.432238,0,0,-119
1767174274.442238,3,-4,-125
1767174274.452238,3,-1,-119
1767174274.462238,0,0,-121
1767174274.472238,-2,3,-122
1767174274.482238,-4,3,-125
1767174274.492238,-5,7,-120
1767174274.502238,-4,4,-128
1767174274.5122385,-1,3,-132
1767174274.5222385,0,-1,-128
1767174274.5322382,2,-4,-128
1767174274.5422382,2,-1,-137
1767174274.5522382,0,0,-138
1767174274.5622382,1,0,-133
1767174274.5722382,3,-1,-137
1767174274.5822382,8,-2,-139
1767174274.5922382,7,-4,-135
1767174274.6022382,8,-4,-127
1767174274.6122382,5,-1,-128
1767174274.6222382,0,-2,-127
1767174274.632238,-1,-2,-128
1767174274.642238,2,-2,-125
1767174274.652238,5,-1,-122
1767174274.662238,3,-1,-127
1767174274.672238,6,-3,-131
1767174274.682238,2,1,-126
1767174274.692238,0,2,-127
1767174274.702238,-1,0,-125
1767174274.712238,-3,-4,-133
1767174274.722238,-2,-2,-132
1767174274.732238,-2,-5,-125
1767174274.742238,-2,-5,-122
1767174274.752238,-2,-7,-120
1767174274.7622385,-4,-7,-118
1767174274.7722385,-1,-7,-119
1767174274.7822382,0,-5,-120
1767174274.7922382,-2,-3,-122
1767174274.8022382,1,-4,-122
1767174274.8122382,0,-7,-121
1767174274.8222382,0,-3,-117
1767174274.8322382,-2,-1,-117
1767174274.8422382,-1,-2,-115
1767174274.8522382,-1,-3,-114
1767174274.8622382,-1,4,-116
1767174274.8722382,-4,5,-117
1767174274.882238,-3,5,-120
1767174274.892238,-8,2,-125
1767174274.902238,-2,-1,-121
1767174274.912238,-3,-2,-124
1767174274.922238,2,-1,-118
1767174274.932238,1,-3,-108
1767174274.942238,0,-2,-110
1767174274.952238,-5,-4,-120
1767174274.962238,-10,-4,-121
1767174274.972238,-7,0,-125
1767174274.982238,-8,0,-124
1767174274.992238,-9,-2,-130
1767174275.002238,-11,-4,-136
1767174275.0122385,-6,-9,-131
1767174275.0222385,-7,-5,-127
1767174275.0322382,-4,-5,-123
1767174275.0422382,-8,0,-125
1767174275.0522382,-7,0,-128
1767174275.0622382,-6,-3,-122
1767174275.0722382,-9,0,-126
1767174275.0822382,-8,3,-128
1767174275.0922382,-6,6,-117
1767174275.1022382,-2,8,-120
1767174275.1122382,-2,1,-119
1767174275.1222382,0,0,-112
1767174275.132238,3,0,-117
1767174275.142238,3,0,-119
1767174275.152238,1,2,-117
1767174275.162238,-2,3,-114
1767174275.172238,-3,1,-118
1767174275.182238,-5,1,-115
1767174275.192238,-7,-1,-114
1767174275.202238,-6,-4,-116
1767174275.212238,-4,-2,-108
1767174275.222238,-5,-3,-111
1767174275.232238,-3,-4,-115
1767174275.242238,-6,-3,-115
1767174275.252238,-5,0,-118
1767174275.2622385,-1,-3,-113
1767174275.2722385,1,-4,-113
1767174275.2822382,0,-7,-122
1767174275.2922382,2,-8,-121
1767174275.3022382,9,-3,-124
1767174275.3122382,7,-1,-122
1767174275.3222382,4,-1,-125
1767174275.3322382,2,-1,-121
1767174275.3422382,0,0,-125
1767174275.3522382,2,-4,-116
1767174275.3622382,6,-3,-110
1767174275.3722382,6,4,-112
1767174275.382238,6,3,-113
1767174275.392238,8,3,-118
1767174275.402238,8,3,-122
1767174275.412238,8,0,-125
1767174275.422238,10,-1,-123
1767174275.432238,7,-3,-129
1767174275.442238,6,-3,-129
1767174275.452238,4,-1,-121
1767174275.462238,5,-3,-118
1767174275.472238,3,-4,-116
1767174275.482238,4,1,-115
1767174275.492238,2,-4,-117
1767174275.502238,-1,-4,-121
1767174275.5122385,-2,-4,-122
1767174275.5222385,-3,-3,-122
1767174275.5322382,-5,-5,-121
1767174275.5422382,-7,-4,-121
1767174275.5522382,-4,-3,-125
1767174275.5622382,-3,-1,-129
1767174275.5722382,-1,0,-123
1767174275.5822382,0,-1,-125
1767174275.5922382,0,3,-130
1767174275.6022382,0,3,-130
1767174275.6122382,2,2,-128
1767174275.6222382,2,2,-129
1767174275.632238,4,0,-124
1767174275.642238,6,0,-122
1767174275.652238,5,1,-121
1767174275.662238,6,0,-127
1767174275.672238,7,-3,-122
1767174275.682238,5,-3,-122
1767174275.692238,2,-7,-114
1767174275.702238,3,-8,-120
1767174275.712238,0,-7,-128
1767174275.722238,0,-6,-130
1767174275.732238,-4,-6,-134
1767174275.742238,-5,-9,-133
1767174275.752238,-1,-9,-131
1767174275.7622385,-3,-10,-132
1767174275.7722385,-2,-5,-129
1767174275.7822382,-3,-4,-124
1767174275.7922382,-5,-1,-124
1767174275.8022382,-4,3,-120
1767174275.8122382,-6,1,-122
1767174275.8222382,-3,0,-115
1767174275.8322382,2,0,-112
1767174275.8422382,3,-3,-120
1767174275.8522382,0,-8,-117
1767174275.8622382,1,-8,-114
1767174275.8722382,5,-6,-116
1767174275.882238,8,-7,-115
1767174275.892238,6,-7,-120
1767174275.902238,4,-6,-121
1767174275.912238,1,-5,-122
1767174275.922238,0,-6,-131
1767174275.932238,0,-7,-129
1767174275.942238,-2,-7,-123
1767174275.952238,-5,-4,-129
1767174275.962238,-4,-3,-134
1767174275.972238,-4,4,-131
1767174275.982238,-5,7,-125
1767174275.992238,-3,0,-123
1767174276.002238,-2,1,-123
1767174276.0122385,-1,1,-115
1767174276.0222385,-1,3,-116
1767174276.0322382,-1,3,-119
1767174276.0422382,-2,4,-114
1767174276.0522382,-8,5,-121
1767174276.0622382,-3,1,-128
1767174276.0722382,-6,0,-129
1767174276.0822382,-6,0,-127
1767174276.0922382,-8,0,-131
1767174276.1022382,-7,1,-123
1767174276.1122382,-4,0,-118
1767174276.1222382,-5,1,-114
1767174276.132238,-7,3,-114
1767174276.142238,-3,7,-111
1767174276.152238,-6,6,-114
1767174276.162238,-7,6,-120
1767174276.172238,-6,7,-122
1767174276.182238,-4,3,-121
1767174276.192238,0,2,-117
1767174276.202238,1,2,-127
1767174276.212238,-1,0,-124
1767174276.222238,-5,-1,-114
1767174276.232238,-1,-2,-117
1767174276.242238,1,-2,-119
1767174276.252238,0,0,-114
1767174276.2622385,0,0,-115
1767174276.2722385,-2,-1,-108
1767174276.2822382,1,0,-107
1767174276.2922382,1,0,-105
1767174276.3022382,-4,1,-109
1767174276.3122382,-6,0,-110
1767174276.3222382,-6,0,-111
1767174276.3322382,-2,0,-111
1767174276.3422382,5,0,-114
1767174276.3522382,6,-1,-116
1767174276.3622382,5,-4,-116
1767174276.3722382,2,-6,-115
1767174276.382238,2,-3,-120
1767174276.392238,1,0,-126
1767174276.402238,1,0,-126
1767174276.412238,3,0,-130
1767174276.422238,-2,0,-129
1767174276.432238,2,0,-127
1767174276.442238,1,-1,-125
1767174276.452238,-3,1,-124
1767174276.462238,-4,5,-124
1767174276.472238,-5,4,-127
1767174276.482238,-6,3,-127
1767174276.492238,0,2,-129
1767174276.502238,2,0,-126
1767174276.5122385,3,-1,-130
1767174276.5222385,4,0,-131
1767174276.5322382,5,-3,-123
1767174276.5422382,2,-3,-128
1767174276.5522382,0,0,-130
1767174276.5622382,-3,0,-130
1767174276.5722382,-3,-2,-132
1767174276.5822382,-2,0,-130
1767174276.5922382,0,-2,-134
1767174276.6022382,0,-1,-131
1767174276.6122382,-2,0,-130
1767174276.6222382,-4,-3,-131
1767174276.632238,-2,-2,-121
1767174276.642238,0,0,-127
1767174276.652238,-1,1,-126
1767174276.662238,-2,0,-128
1767174276.672238,-1,0,-123
1767174276.682238,-4,1,-128
1767174276.692238,-3,2,-130
1767174276.702238,0,-3,-128
1767174276.712238,-2,0,-120
1767174276.722238,0,0,-123
1767174276.732238,-1,1,-121
1767174276.742238,3,1,-127
1767174276.752238,3,-1,-122
1767174276.7622385,1,-1,-121
1767174276.7722385,2,0,-117
1767174276.7822382,0,-1,-115
1767174276.7922382,-3,1,-114
1767174276.8022382,-5,2,-119
1767174276.8122382,-6,4,-119
1767174276.8222382,-3,1,-117
1767174276.8322382,-4,2,-113
1767174276.8422382,-3,0,-118
1767174276.853238,-2,1,-123
1767174276.863238,-1,-1,-126
1767174276.8722382,2,0,-124
1767174276.883238,4,1,-127
1767174276.893238,5,1,-129
1767174276.903238,2,-3,-123
1767174276.913238,2,-9,-117
1767174276.923238,-1,-6,-123
1767174276.9332385,2,-4,-124
1767174276.9432385,8,-5,-124
1767174276.9532382,8,-6,-119
1767174276.9632382,9,-4,-116
1767174276.9732382,5,-3,-113
1767174276.9832382,4,-3,-112
1767174276.9932382,2,-3,-119
1767174277.0032382,-4,0,-127
1767174277.0132382,-6,0,-133
1767174277.0232382,-4,0,-133
1767174277.0332382,-4,3,-136
1767174277.0432382,-4,2,-133
1767174277.0532382,1,2,-133
1767174277.063238,4,-1,-130
1767174277.073238,-4,-2,-133
1767174277.083238,-7,0,-131
1767174277.093238,-10,4,-135
1767174277.103238,-7,1,-134
1767174277.113238,-3,1,-134
1767174277.123238,-2,3,-135
1767174277.133238,0,0,-131
1767174277.143238,0,1,-128
1767174277.153238,-3,4,-130
1767174277.163238,-5,0,-125
1767174277.173238,-1,-3,-126
1767174277.1832385,-6,-2,-125
1767174277.1932385,-3,-2,-129
1767174277.2032382,0,-3,-127
1767174277.2132382,1,-1,-124
1767174277.2232382,4,1,-128
1767174277.2332382,0,1,-127
1767174277.2432382,-4,0,-129
1767174277.2532382,-4,1,-132
1767174277.2632382,-7,-2,-128
1767174277.2732382,-1,-3,-127
1767174277.2832382,0,-1,-125
1767174277.2932382,-5,-1,-123
1767174277.3032382,-5,-3,-116
1767174277.313238,-6,-2,-115
1767174277.323238,-8,-1,-119
1767174277.333238,-8,-9,-113
1767174277.343238,-8,-3,-113
1767174277.353238,-8,-4,-116
1767174277.363238,-4,-3,-117
1767174277.373238,-1,-1,-120
1767174277.383238,-1,2,-123
1767174277.393238,-1,2,-129
1767174277.403238,-2,0,-131
1767174277.413238,-3,0,-132
1767174277.423238,1,-1,-136
1767174277.4332385,5,-4,-138
1767174277.4432385,3,-3,-135
1767174277.4532382,5,-3,-135
1767174277.4632382,5,-3,-131
1767174277.4732382,7,-4,-123
1767174277.4832382,7,-5,-120
1767174277.4932382,4,-8,-119
1767174277.5032382,-2,-8,-123
1767174277.5132382,-2,-5,-124
1767174277.5232382,-1,1,-128
1767174277.5332382,-2,-2,-123
1767174277.5432382,-6,-4,-125
1767174277.554238,-1,-3,-126
1767174277.563238,0,-6,-128
1767174277.573238,4,-8,-124
1767174277.583238,2,-5,-128
1767174277.593238,1,-4,-123
1767174277.603238,1,-5,-117
1767174277.613238,-3,-1,-120
1767174277.623238,0,0,-121
1767174277.633238,-2,0,-119
1767174277.643238,-8,0,-125
1767174277.653238,-10,-2,-126
1767174277.663238,-6,-3,-125
1767174277.673238,-2,-7,-125
1767174277.6832385,0,-4,-127
1767174277.6932385,2,-4,-120
1767174277.7032382,1,-1,-116
1767174277.7132382,1,-3,-113
1767174277.7232382,1,-6,-105
1767174277.7332382,0,-2,-106
1767174277.7432382,1,-3,-110
1767174277.7532382,0,-7,-112
1767174277.7632382,0,-6,-117
1767174277.7732382,0,-4,-122
1767174277.7832382,0,-1,-128
1767174277.8052382,0,-1,-127
1767174277.813238,0,1,-127
1767174277.823238,2,0,-129
1767174277.833238,-3,-1,-129
1767174277.843238,-4,-2,-133
1767174277.853238,-6,1,-135
1767174277.863238,-5,-3,-131
1767174277.873238,-6,-7,-128
1767174277.883238,-9,-4,-126
1767174277.893238,-6,-3,-122
1767174277.903238,-6,0,-124
1767174277.913238,-7,0,-133
1767174277.923238,-5,2,-136
1767174277.9332385,-1,0,-135
1767174277.9432385,0,0,-139
1767174277.9532382,0,1,-133
1767174277.9632382,0,6,-132
1767174277.9732382,-1,3,-132
1767174277.9832382,-3,1,-125
1767174277.9932382,-4,3,-122
1767174278.0032382,-4,1,-119
1767174278.0132382,-6,0,-112
1767174278.0232382,-4,-2,-107
1767174278.0332382,3,-3,-111
1767174278.0432382,5,-1,-113
1767174278.0532382,2,-2,-117
1767174278.063238,2,-2,-118
1767174278.073238,5,-2,-126
1767174278.083238,0,-3,-121
1767174278.093238,0,-6,-122
1767174278.103238,-2,-5,-127
1767174278.113238,0,-4,-134
1767174278.123238,5,1,-134
1767174278.133238,2,-2,-131
1767174278.143238,1,0,-130
1767174278.153238,-1,-1,-131
1767174278.163238,-4,-4,-130
1767174278.173238,-4,-4,-131
1767174278.1832385,-1,-3,-130
1767174278.1932385,-3,-2,-131
1767174278.2032382,-2,-4,-137
1767174278.2132382,-3,-3,-139
1767174278.2232382,-2,-6,-137
1767174278.2332382,-8,-3,-132
1767174278.2432382,-5,-7,-127
1767174278.2532382,-9,-6,-121
1767174278.2632382,-8,-7,-123
1767174278.2732382,-6,-2,-118
1767174278.2832382,-4,1,-118
1767174278.2932382,-5,2,-117
1767174278.3032382,-2,4,-112
1767174278.313238,0,6,-117
1767174278.323238,0,3,-120
1767174278.333238,2,4,-121
1767174278.343238,2,2,-120
1767174278.353238,0,6,-117
1767174278.363238,1,5,-117
1767174278.373238,-1,6,-121
1767174278.383238,0,7,-120
1767174278.393238,1,7,-114
1767174278.403238,-1,3,-123
1767174278.413238,0,3,-125
1767174278.423238,-3,2,-122
1767174278.4332385,-3,2,-117
1767174278.4432385,-7,-1,-122
1767174278.4532382,-1,0,-124
1767174278.4632382,-2,0,-127
1767174278.4732382,0,-5,-127
1767174278.4832382,0,-8,-126
1767174278.4932382,-3,-8,-124
1767174278.5032382,-1,-5,-123
1767174278.5132382,-2,-4,-121
1767174278.5232382,-2,-4,-118
1767174278.5332382,-5,-3,-123
1767174278.5432382,-1,1,-129
1767174278.5532382,-1,1,-132
1767174278.563238,-1,0,-135
1767174278.573238,-3,-3,-129
1767174278.583238,-6,-4,-128
1767174278.593238,-12,-5,-126
1767174278.603238,-8,0,-126
1767174278.613238,-3,1,-126
1767174278.623238,-2,2,-125
1767174278.633238,-1,-2,-124
1767174278.643238,-4,0,-127
1767174278.653238,-2,2,-126
1767174278.663238,1,-1,-127
1767174278.673238,2,-2,-130
1767174278.6832385,2,-4,-129
1767174278.6932385,0,1,-130
1767174278.7032382,0,3,-129
1767174278.7132382,-1,2,-126
1767174278.7232382,3,-2,-124
1767174278.7332382,1,-5,-119
1767174278.7432382,-2,-2,-118
1767174278.7532382,0,-1,-119
1767174278.7632382,1,3,-126
1767174278.7732382,0,4,-123
1767174278.7832382,-2,0,-122
1767174278.7932382,1,-1,-123
1767174278.8032382,0,-6,-125
1767174278.813238,0,-4,-126
1767174278.823238,-3,-3,-120
1767174278.833238,0,-1,-125
1767174278.843238,0,-1,-126
1767174278.853238,-1,1,-125
1767174278.863238,-2,3,-121
1767174278.873238,-6,0,-119
1767174278.883238,-4,-1,-118
1767174278.893238,-1,0,-122
1767174278.903238,0,1,-126
1767174278.913238,-1,-1,-129
1767174278.923238,-1,-4,-121
1767174278.9332385,-1,-3,-120
1767174278.9432385,0,-2,-119
1767174278.9532382,0,-2,-124
1767174278.9632382,1,2,-125
1767174278.9732382,0,5,-123
1767174278.9832382,0,2,-122
1767174278.9932382,-2,1,-123
1767174279.0032382,-2,0,-121
1767174279.0132382,-4,0,-126
1767174279.0232382,-4,0,-129
1767174279.0332382,0,0,-124
1767174279.0432382,0,0,-121
1767174279.0532382,-2,0,-119
1767174279.063238,-4,0,-123
1767174279.073238,-3,-2,-124
1767174279.083238,-1,0,-126
1767174279.093238,0,0,-127
1767174279.103238,3,0,-129
1767174279.113238,4,-2,-129
1767174279.123238,3,0,-126
1767174279.133238,0,0,-124
1767174279.143238,-3,-3,-122
1767174279.153238,-6,-2,-127
1767174279.163238,-6,0,-126
1767174279.173238,-5,1,-129
1767174279.1832385,-3,-1,-131
1767174279.1932385,-1,-2,-129
1767174279.2032382,1,-5,-121
1767174279.2132382,6,-3,-121
1767174279.2232382,1,-1,-120
1767174279.2332382,-1,-4,-125
1767174279.2432382,-2,-5,-122
1767174279.2532382,-8,-2,-125
1767174279.2632382,-11,-2,-128
1767174279.2732382,-9,0,-130
1767174279.2832382,-4,1,-137
1767174279.2932382,-4,2,-132
1767174279.3032382,-9,0,-130
1767174279.313238,-8,-2,-129
1767174279.323238,-5,1,-131
1767174279.333238,0,1,-136
1767174279.343238,-1,0,-130
1767174279.353238,0,-3,-124
1767174279.363238,1,-3,-122
1767174279.373238,3,-5,-126
1767174279.383238,0,-3,-128
1767174279.393238,0,-2,-127
1767174279.403238,4,-6,-129
1767174279.413238,4,-5,-126
1767174279.423238,1,-3,-115
1767174279.4332385,-5,-9,-115
1767174279.4432385,-5,-9,-120
1767174279.4532382,0,-5,-122
1767174279.4632382,2,-2,-124
1767174279.4732382,2,0,-125
1767174279.4832382,6,0,-126
1767174279.4932382,0,1,-124
1767174279.5032382,-4,2,-124
1767174279.5132382,-4,1,-126
1767174279.5232382,-5,0,-130
1767174279.534238,-7,0,-128
1767174279.544238,-6,0,-125
1767174279.554238,-1,-1,-119
1767174279.564238,3,-4,-111
1767174279.574238,0,-6,-117
1767174279.584238,-2,-4,-114
1767174279.594238,-4,2,-119
1767174279.6042385,-5,6,-114
1767174279.6142385,-4,5,-117
1767174279.6242385,-3,0,-121
1767174279.6342382,-1,0,-122
1767174279.6442382,-1,0,-115
1767174279.6542382,0,-5,-116
1767174279.6642382,1,0,-123
1767174279.6742382,0,1,-129
1767174279.6842382,0,-3,-128
1767174279.6942382,2,-1,-132
1767174279.7042382,3,-5,-134
1767174279.7142382,0,-4,-134
1767174279.7242382,-1,-1,-128
1767174279.734238,-2,-4,-133
1767174279.744238,1,-6,-131
1767174279.754238,3,-4,-124
1767174279.764238,6,-9,-129
1767174279.774238,12,-7,-125
1767174279.784238,9,-2,-120
1767174279.794238,4,0,-125
1767174279.804238,4,-5,-129
1767174279.814238,7,-2,-127
1767174279.824238,2,-2,-122
1767174279.834238,-1,-1,-125
1767174279.844238,-2,0,-125
1767174279.8542385,0,-1,-128
1767174279.8642385,0,0,-127
1767174279.8742385,1,3,-128
1767174279.8842382,2,4,-121
1767174279.8942382,1,1,-123
1767174279.9042382,4,0,-121
1767174279.9142382,3,0,-114
1767174279.9242382,2,-4,-114
1767174279.9342382,0,-4,-114
1767174279.9442382,0,-2,-114
1767174279.9542382,-3,-4,-116
1767174279.9642382,0,-6,-125
1767174279.9742382,0,-8,-123
1767174279.984238,1,-7,-122
1767174279.994238,3,-9,-122
1767174280.004238,5,-7,-122
1767174280.014238,4,-4,-125
1767174280.024238,3,-3,-126
1767174280.034238,3,-6,-124
1767174280.044238,2,-3,-126
1767174280.054238,1,-5,-127
1767174280.064238,4,-6,-122
1767174280.074238,4,-5,-121
1767174280.084238,4,-6,-124
1767174280.094238,3,-5,-131
1767174280.1042385,5,-9,-131
1767174280.1142385,4,-5,-136
1767174280.1242385,7,-5,-134
1767174280.1342382,8,-3,-134
1767174280.1442382,6,1,-135
1767174280.1542382,3,-3,-128
1767174280.1642382,3,-6,-125
1767174280.1742382,-2,-1,-128
1767174280.1842382,-2,0,-131
1767174280.1942382,-5,2,-129
1767174280.2042382,-2,1,-126
1767174280.2142382,-6,0,-131
1767174280.2242382,-8,-1,-135
1767174280.234238,-10,0,-137
1767174280.244238,-4,-2,-132
1767174280.254238,1,-1,-131
1767174280.264238,0,-1,-134
1767174280.274238,3,-3,-134
1767174280.284238,5,-4,-133
1767174280.294238,3,-3,-127
1767174280.304238,-1,0,-129
1767174280.314238,-4,1,-125
1767174280.324238,-8,1,-126
1767174280.334238,-8,3,-119
1767174280.344238,-9,5,-115
1767174280.3542385,-2,5,-116
1767174280.3642385,1,3,-118
1767174280.3742385,-3,-1,-121
1767174280.3842382,-5,-3,-122
1767174280.3942382,-3,-3,-121
1767174280.4042382,0,-6,-124
1767174280.4142382,-1,-7,-124
1767174280.4242382,3,-7,-122
1767174280.4342382,9,-4,-117
1767174280.4442382,11,-2,-118
1767174280.4542382,5,0,-121
1767174280.4642382,1,0,-119
1767174280.4742382,0,-1,-116
1767174280.484238,3,-3,-112
1767174280.494238,5,-7,-113
1767174280.504238,7,-5,-117
1767174280.514238,9,-3,-119
1767174280.524238,6,-1,-119
1767174280.534238,6,-4,-115
1767174280.544238,4,-4,-118
1767174280.554238,2,0,-123
1767174280.564238,0,-2,-123
1767174280.574238,0,-6,-129
1767174280.584238,-1,-4,-130
1767174280.594238,0,-5,-131
1767174280.6042385,0,-5,-133
1767174280.6142385,-2,-6,-125
1767174280.6242385,1,-7,-117
1767174280.6342382,3,-7,-116
1767174280.6442382,3,-7,-115
1767174280.6542382,8,-6,-117
1767174280.6642382,4,-7,-118
1767174280.6742382,5,-7,-116
1767174280.6842382,-2,-7,-120
1767174280.6942382,-4,-1,-118
1767174280.7042382,0,0,-118
1767174280.7142382,-3,-3,-120
1767174280.7242382,-3,-6,-120
1767174280.734238,-4,-3,-121
1767174280.744238,-5,-1,-121
1767174280.754238,-5,-5,-123
1767174280.764238,-1,-4,-119
1767174280.774238,4,-3,-113
1767174280.784238,0,-3,-112
1767174280.794238,1,-4,-119
1767174280.804238,1,1,-124
1767174280.814238,5,4,-124
1767174280.824238,1,0,-128
1767174280.834238,0,0,-124
1767174280.844238,0,1,-132
1767174280.8542385,-1,-1,-131
1767174280.8642385,-8,-4,-134
1767174280.8742385,-10,-2,-127
1767174280.8842382,-6,-2,-122
1767174280.8942382,-3,-1,-120
1767174280.9042382,-2,-5,-125
1767174280.9142382,0,-6,-126
1767174280.9242382,1,0,-125
1767174280.9342382,1,2,-127
1767174280.9442382,3,1,-127
1767174280.9542382,4,3,-126
1767174280.9642382,3,4,-132
1767174280.9742382,2,4,-126
1767174280.984238,0,4,-128
1767174280.994238,0,1,-123
1767174281.004238,-1,-4,-120
1767174281.014238,-5,-4,-116
1767174281.024238,1,-8,-111
1767174281.034238,0,-3,-112
1767174281.044238,3,-4,-116
1767174281.054238,4,-4,-118
1767174281.064238,3,-2,-121
1767174281.074238,6,-1,-113
1767174281.084238,4,-2,-109
1767174281.094238,3,0,-114
1767174281.1042385,1,-2,-115
1767174281.1142385,-2,0,-121
1767174281.1242385,2,-1,-121
1767174281.1342382,4,-4,-123
1767174281.1442382,5,-5,-127
1767174281.1542382,5,-4,-128
1767174281.1642382,5,-3,-126
1767174281.1742382,7,-3,-125
1767174281.1842382,6,-3,-124
1767174281.1942382,1,-2,-126
1767174281.2042382,1,-2,-129
1767174281.2142382,-1,-5,-132
1767174281.2242382,0,-5,-133
1767174281.234238,0,-3,-133
1767174281.244238,0,-1,-132
1767174281.254238,-1,-2,-132
1767174281.264238,-3,-5,-131
1767174281.274238,-2,1,-129
1767174281.284238,-3,-2,-136
1767174281.294238,-3,-3,-126
1767174281.304238,-2,-4,-124
1767174281.314238,-3,-3,-121
1767174281.324238,0,-1,-124
1767174281.334238,1,-4,-128
1767174281.344238,-3,-6,-127
1767174281.3542385,-4,-4,-129
1767174281.3642385,-2,-1,-128
1767174281.3742385,-4,-2,-133
1767174281.3842382,-1,-6,-126
1767174281.3942382,-1,-6,-125
1767174281.4042382,0,-5,-122
1767174281.4142382,1,-5,-117
1767174281.4242382,1,-3,-121
1767174281.4342382,1,-1,-126
1767174281.4442382,2,-2,-124
1767174281.4542382,4,-4,-126
1767174281.4642382,1,-6,-131
1767174281.4742382,-1,-5,-135
1767174281.484238,-2,-3,-124
1767174281.494238,-4,-2,-115
1767174281.504238,-1,-3,-116
1767174281.514238,1,-1,-113
1767174281.524238,3,2,-120
1767174281.534238,6,1,-128
1767174281.544238,4,-2,-127
1767174281.554238,0,0,-126
1767174281.564238,-1,0,-121
1767174281.574238,2,0,-114
1767174281.584238,0,-1,-119
1767174281.594238,1,-2,-121
1767174281.6042385,5,-3,-114
1767174281.6142385,4,-4,-103
1767174281.6242385,4,-1,-112
1767174281.6342382,4,-1,-111
1767174281.6442382,1,-1,-121
1767174281.6542382,-2,-4,-123
1767174281.6642382,-3,-3,-126
1767174281.6742382,-5,-1,-127
1767174281.6842382,0,0,-129
1767174281.6942382,-2,-4,-131
1767174281.7042382,-6,-6,-130
1767174281.7142382,-8,-6,-130
1767174281.7242382,-6,-7,-131
1767174281.734238,-7,-8,-123
1767174281.744238,-8,-10,-122
1767174281.754238,-9,-13,-126
1767174281.764238,-9,-11,-126
1767174281.774238,-11,-10,-128
1767174281.784238,-11,-11,-128
1767174281.794238,-8,-15,-132
1767174281.804238,-5,-9,-125
1767174281.814238,-2,-9,-134
1767174281.824238,-5,-8,-132
1767174281.834238,-4,-9,-131
1767174281.844238,-1,-7,-130
1767174281.8542385,1,-6,-124
1767174281.8642385,6,-7,-115
1767174281.8742385,5,-5,-119
1767174281.8842382,1,-6,-120
1767174281.8942382,1,-8,-121
1767174281.9042382,-1,-9,-123
1767174281.9142382,-1,-6,-116
1767174281.9242382,-2,-7,-114
1767174281.9342382,-5,-4,-121
1767174281.9442382,-6,-3,-120
1767174281.9542382,-6,-1,-117
1767174281.9642382,-4,-3,-114
1767174281.9742382,0,-2,-114
1767174281.984238,2,0,-121
1767174281.994238,0,0,-118
1767174282.004238,-2,-1,-122
1767174282.014238,-1,0,-116
1767174282.024238,0,1,-115
1767174282.034238,-1,2,-124
1767174282.044238,-2,3,-121
1767174282.054238,-2,2,-120
1767174282.064238,-3,0,-113
1767174282.074238,-6,-5,-117
1767174282.084238,-4,-1,-119
1767174282.094238,0,-4,-129
1767174282.1042385,-3,-6,-126
1767174282.1142385,-4,-4,-125
1767174282.1242385,-2,-4,-129
1767174282.1342382,-4,-1,-127
1767174282.1452382,0,0,-129
1767174282.1542382,-4,2,-129
1767174282.1642382,-2,4,-126
1767174282.175238,-1,4,-126
1767174282.185238,0,2,-121
1767174282.195238,4,-2,-119
1767174282.205238,2,-1,-117
1767174282.215238,0,-2,-123
1767174282.225238,0,-3,-125
1767174282.235238,-2,-8,-122
1767174282.245238,-3,-7,-115
1767174282.255238,0,-2,-117
1767174282.265238,0,0,-114
1767174282.275238,1,-2,-111
1767174282.2852385,4,-1,-110
1767174282.2952385,6,-1,-112
1767174282.3052382,6,0,-120
1767174282.3152382,7,-1,-116
1767174282.3252382,0,-3,-116
1767174282.3352382,0,-2,-122
1767174282.3452382,-7,-3,-123
1767174282.3552382,-9,-4,-128
1767174282.3652382,-9,-1,-124
1767174282.3752382,-11,0,-128
1767174282.3852382,-6,0,-120
1767174282.3952382,-7,-2,-115
1767174282.4052382,-5,-1,-112
1767174282.415238,-3,4,-113
1767174282.425238,-3,3,-116
1767174282.435238,0,0,-116
1767174282.445238,-2,2,-120
1767174282.455238,-3,2,-123
1767174282.465238,-9,-1,-117
1767174282.475238,-10,-5,-118
1767174282.485238,-7,-3,-125
1767174282.495238,-8,-2,-127
1767174282.505238,-2,-3,-136
1767174282.515238,-2,-6,-134
1767174282.525238,-1,-1,-128
1767174282.5352385,1,-1,-120
1767174282.5452385,4,0,-125
1767174282.5552382,4,0,-120
1767174282.5652382,0,0,-121
1767174282.5752382,-1,-1,-117
1767174282.5852382,-1,0,-116
1767174282.5952382,0,0,-122
1767174282.6052382,-2,1,-125
1767174282.6152382,-1,1,-125
1767174282.6252382,0,0,-132
1767174282.6352382,0,4,-131
1767174282.6452382,-2,2,-126
1767174282.6552382,-2,3,-125
1767174282.665238,1,6,-126
1767174282.675238,1,7,-125
1767174282.685238,1,10,-126
1767174282.695238,0,5,-130
1767174282.705238,2,4,-133
1767174282.715238,0,-1,-130
1767174282.725238,-3,-3,-129
1767174282.735238,0,0,-131
1767174282.745238,3,0,-128
1767174282.755238,3,-3,-126
1767174282.765238,3,-3,-132
1767174282.775238,2,-3,-131
1767174282.7852385,2,0,-124
1767174282.7952385,0,-1,-127
1767174282.817238,-2,0,-123
1767174282.8252382,-3,0,-116
1767174282.8352382,-9,0,-115
1767174282.8452382,-7,1,-115
1767174282.8552382,-4,3,-114
1767174282.8652382,0,-3,-117
1767174282.8752382,4,-4,-118
1767174282.8852382,5,-1,-115
1767174282.8952382,0,-1,-124
1767174282.9052382,0,-5,-132
1767174282.915238,3,-3,-126
1767174282.925238,4,-6,-126
1767174282.935238,4,-3,-125
1767174282.945238,0,-4,-124
1767174282.955238,-1,-6,-126
1767174282.965238,2,-5,-126
1767174282.975238,5,-4,-131
1767174282.985238,11,-1,-130
1767174282.995238,8,0,-129
1767174283.005238,1,-1,-129
1767174283.015238,3,2,-124
1767174283.025238,3,3,-128
1767174283.0352385,0,4,-138
1767174283.0452385,0,3,-135
1767174283.0552382,-3,3,-132
1767174283.0652382,-4,3,-133
1767174283.0752382,0,2,-127
1767174283.0852382,-1,0,-124
1767174283.0952382,-1,0,-124
1767174283.1052382,0,-4,-127
1767174283.1152382,-1,-2,-127
1767174283.1252382,0,-5,-126
1767174283.1352382,0,-3,-123
1767174283.1452382,1,-2,-118
1767174283.1552382,1,-2,-114
1767174283.165238,-3,-4,-120
1767174283.175238,-8,-7,-118
1767174283.185238,-6,-8,-115
1767174283.195238,-3,-6,-118
1767174283.205238,-1,-5,-113
1767174283.215238,2,0,-111
1767174283.225238,1,-4,-117
1767174283.235238,0,-7,-118
1767174283.245238,3,-5,-117
1767174283.255238,0,0,-117
1767174283.265238,-2,0,-111
1767174283.275238,-8,2,-117
1767174283.2852385,-3,1,-129
1767174283.2952385,-3,-2,-124
1767174283.3052382,-2,0,-131
1767174283.3152382,-2,-3,-128
1767174283.3252382,-3,-6,-128
1767174283.3352382,-6,-3,-129
1767174283.3452382,-4,-4,-128
1767174283.3552382,-6,-2,-130
1767174283.3652382,-5,-2,-134
1767174283.3752382,2,-2,-131
1767174283.3852382,1,-4,-132
1767174283.3952382,-1,-1,-126
1767174283.4052382,-4,-4,-127
1767174283.415238,-5,-5,-128
1767174283.425238,-5,-5,-128
1767174283.435238,-4,-6,-126
1767174283.445238,-3,-6,-121
1767174283.455238,-6,-6,-119
1767174283.465238,-4,-8,-126
1767174283.475238,-4,-5,-130
1767174283.485238,-4,-2,-130
1767174283.495238,-1,-7,-127
1767174283.505238,0,-6,-124
1767174283.515238,2,-5,-129
1767174283.525238,1,0,-127
1767174283.5352385,0,-1,-125
1767174283.5452385,-2,-3,-120
1767174283.5552382,0,-5,-126
1767174283.5652382,-3,-5,-130
1767174283.5752382,-4,-2,-131
1767174283.5852382,-4,0,-129
1767174283.5952382,-2,0,-124
1767174283.6052382,2,2,-124
1767174283.6152382,-1,5,-117
1767174283.6252382,3,5,-118
1767174283.6352382,-2,2,-120
1767174283.6452382,-6,0,-121
1767174283.6552382,-1,1,-116
1767174283.665238,-1,3,-116
1767174283.675238,-3,2,-117
1767174283.685238,0,2,-117
1767174283.695238,2,1,-112
1767174283.705238,1,-2,-120
1767174283.715238,3,1,-119
1767174283.725238,6,8,-115
1767174283.735238,5,11,-112
1767174283.745238,3,7,-106
1767174283.755238,-4,4,-112
1767174283.765238,-6,4,-116
1767174283.775238,-8,3,-118
1767174283.7852385,-9,0,-120
1767174283.7952385,-9,-2,-124
1767174283.8052382,-6,-4,-125
1767174283.8152382,0,-5,-115
1767174283.8252382,-3,-3,-110
1767174283.8352382,-7,0,-109
1767174283.8452382,0,2,-116
1767174283.8552382,0,2,-114
1767174283.8652382,1,1,-113
1767174283.8752382,4,3,-114
1767174283.8852382,6,3,-113
1767174283.8952382,3,1,-118
1767174283.9052382,8,-2,-123
1767174283.915238,8,0,-125
1767174283.925238,5,0,-124
1767174283.935238,4,-2,-120
1767174283.945238,1,-5,-117
1767174283.955238,1,-7,-125
1767174283.965238,2,-9,-129
1767174283.975238,2,-7,-129
1767174283.985238,0,-6,-130
1767174283.995238,4,-5,-128
1767174284.005238,-1,-6,-126
1767174284.015238,-1,-6,-121
1767174284.025238,0,0,-121
1767174284.0352385,-5,1,-116
1767174284.0452385,-3,-1,-117
1767174284.0552382,-3,-1,-122
1767174284.0652382,-1,-2,-116
1767174284.0752382,-3,-6,-118
1767174284.0852382,0,-4,-113
1767174284.0952382,0,-5,-114
1767174284.1052382,2,-3,-116
1767174284.1152382,1,-2,-116
1767174284.1252382,1,-2,-114
1767174284.1352382,0,0,-114
1767174284.1452382,-5,0,-116
1767174284.1552382,-4,-2,-117
1767174284.165238,-1,-1,-117
1767174284.175238,0,-3,-114
1767174284.185238,1,-4,-109
1767174284.195238,3,-3,-109
1767174284.205238,-3,-2,-112
1767174284.215238,-5,0,-116
1767174284.225238,-8,2,-122
1767174284.235238,-9,3,-133
1767174284.245238,-6,2,-131
1767174284.255238,-5,0,-123
1767174284.265238,-4,0,-124
1767174284.275238,-6,0,-118
1767174284.2852385,0,1,-118
1767174284.2952385,2,5,-124
1767174284.3052382,4,6,-122
1767174284.3152382,1,9,-123
1767174284.3252382,1,5,-120
1767174284.3352382,3,0,-121
1767174284.3452382,0,0,-119
1767174284.3552382,-1,-1,-125
1767174284.3652382,-2,-1,-118
1767174284.3752382,-3,0,-112
1767174284.3852382,-1,0,-115
1767174284.3952382,-5,-1,-115
1767174284.4052382,-6,-4,-120
1767174284.415238,-3,0,-118
1767174284.425238,1,-2,-115
1767174284.435238,2,0,-120
1767174284.445238,5,0,-120
1767174284.455238,6,3,-117
1767174284.465238,1,2,-113
1767174284.475238,-4,-2,-116
1767174284.485238,-4,-4,-118
1767174284.495238,1,1,-122
1767174284.505238,-2,6,-124
1767174284.515238,0,4,-123
1767174284.525238,4,2,-126
1767174284.5352385,0,4,-127
1767174284.5452385,-3,6,-124
1767174284.5552382,0,0,-124
1767174284.5652382,-1,2,-123
1767174284.5752382,0,3,-126
1767174284.5852382,-3,1,-126
1767174284.5952382,-3,-1,-127
1767174284.6052382,-4,0,-124
1767174284.6152382,-3,0,-112
1767174284.6252382,-2,3,-110
1767174284.6352382,0,3,-111
1767174284.6452382,1,3,-119
1767174284.6552382,3,1,-123
1767174284.665238,3,-2,-123
1767174284.675238,2,-1,-127
1767174284.685238,6,-3,-125
1767174284.695238,5,-3,-126
1767174284.705238,5,-3,-127
1767174284.715238,7,-4,-127
1767174284.725238,1,-2,-135
1767174284.735238,2,0,-128
1767174284.745238,2,-1,-125
1767174284.755238,1,0,-124
1767174284.765238,-1,-1,-119
1767174284.775238,0,-3,-126
1767174284.7852385,2,-7,-127
1767174284.7952385,0,-3,-127
1767174284.8062382,-2,-1,-124
1767174284.8152382,-4,-1,-124
1767174284.8252382,-5,0,-129
1767174284.836238,0,0,-126
1767174284.846238,3,0,-121
1767174284.856238,6,0,-113
1767174284.866238,6,-1,-119
1767174284.876238,2,-3,-117
1767174284.886238,0,-3,-121
1767174284.896238,0,0,-121
1767174284.906238,-2,0,-121
1767174284.916238,-5,0,-126
1767174284.9272382,0,0,-127
1767174284.936238,0,0,-123
1767174284.946238,-3,2,-128
1767174284.9562385,-1,-1,-125
1767174284.9662385,-2,-4,-126
1767174284.9762385,3,-2,-122
1767174284.9862382,0,-3,-123
1767174284.9962382,1,-2,-124
1767174285.0062382,-2,0,-123
1767174285.0162382,-6,-1,-116
1767174285.0262382,-7,0,-114
1767174285.0362382,-3,0,-120
1767174285.0462382,-2,-1,-124
1767174285.0562382,-1,1,-122
1767174285.0662382,-3,3,-125
1767174285.0762382,-7,5,-126
1767174285.086238,-1,0,-123
1767174285.096238,0,-1,-130
1767174285.106238,0,-4,-127
1767174285.116238,1,0,-128
1767174285.126238,-1,0,-124
1767174285.136238,1,-2,-131
1767174285.146238,3,-4,-132
1767174285.156238,3,-3,-131
1767174285.166238,2,-3,-129
1767174285.176238,1,-3,-123
1767174285.186238,1,-2,-123
1767174285.196238,3,-7,-122
1767174285.2062385,4,-4,-123
1767174285.2162385,1,-4,-124
1767174285.2262385,1,-1,-130
1767174285.2362382,0,-1,-130
1767174285.2462382,0,-4,-130
1767174285.2562382,3,-3,-129
1767174285.2662382,5,-3,-129
1767174285.2762382,6,-3,-118
1767174285.2862382,5,-1,-115
1767174285.2962382,2,-4,-114
1767174285.3062382,4,-3,-113
1767174285.3162382,6,-3,-117
1767174285.3262382,8,-3,-116
1767174285.336238,4,-3,-120
1767174285.346238,4,-3,-121
1767174285.356238,6,-2,-124
1767174285.366238,4,-2,-122
1767174285.376238,2,0,-126
1767174285.386238,0,0,-126
1767174285.396238,-2,-4,-129
1767174285.406238,-10,-3,-123
1767174285.416238,-4,-3,-124
1767174285.426238,1,-4,-129
1767174285.436238,3,-2,-128
1767174285.446238,3,-3,-127
1767174285.4562385,1,-6,-131
1767174285.4662385,3,-4,-131
1767174285.4762385,3,-5,-126
1767174285.4862382,2,-4,-130
1767174285.4962382,-2,-5,-134
1767174285.5062382,-1,-4,-137
1767174285.5162382,-4,-1,-133
1767174285.5262382,-6,-1,-134
1767174285.5362382,-3,-4,-127
1767174285.5462382,-7,-4,-134
1767174285.5562382,-3,-6,-135
1767174285.5662382,0,-2,-139
1767174285.5762382,1,-1,-138
1767174285.586238,2,0,-138
1767174285.596238,1,-3,-137
1767174285.606238,1,-1,-124
1767174285.616238,0,-4,-113
1767174285.626238,4,-2,-116
1767174285.636238,1,-2,-117
1767174285.646238,0,-2,-118
1767174285.656238,0,-8,-112
1767174285.666238,-2,-6,-107
1767174285.676238,-2,-7,-109
1767174285.686238,-5,-5,-114
1767174285.696238,-5,-5,-119
1767174285.7062385,-3,-5,-117
1767174285.7162385,1,-6,-117
1767174285.7262385,2,-6,-115
1767174285.7362382,3,-9,-120
1767174285.7462382,3,-10,-123
1767174285.7562382,3,-6,-128
1767174285.7662382,1,-7,-129
1767174285.7762382,0,-8,-120
1767174285.7862382,2,-5,-119
1767174285.7962382,2,-4,-115
1767174285.8062382,1,-3,-111
1767174285.8162382,1,-2,-114
1767174285.8262382,2,-5,-111
1767174285.836238,2,-4,-118
1767174285.846238,2,-7,-120
1767174285.856238,4,-4,-127
1767174285.866238,3,0,-128
1767174285.876238,3,2,-129
1767174285.886238,5,0,-120
1767174285.896238,6,-5,-117
1767174285.906238,5,0,-122
1767174285.916238,0,0,-125
1767174285.926238,6,1,-125
1767174285.936238,5,-1,-132
1767174285.946238,5,-3,-135
1767174285.9562385,4,0,-127
1767174285.9662385,0,-2,-129
1767174285.9762385,-1,-2,-129
1767174285.9862382,-1,-1,-126
1767174285.9962382,-3,-2,-125
1767174286.0062382,-6,0,-123
1767174286.0162382,-4,6,-123
1767174286.0262382,-4,8,-116
1767174286.0362382,-2,4,-117
1767174286.0462382,1,6,-116
1767174286.0562382,3,7,-125
1767174286.0662382,0,4,-130
1767174286.0762382,0,3,-122
1767174286.086238,4,1,-123
1767174286.096238,1,1,-130
1767174286.106238,4,3,-136
1767174286.116238,6,1,-132
1767174286.126238,6,1,-132
1767174286.136238,2,1,-127
1767174286.146238,3,-1,-132
1767174286.156238,5,-3,-128
1767174286.166238,1,-5,-124
1767174286.176238,0,-3,-122
1767174286.186238,4,-1,-120
1767174286.196238,5,0,-115
1767174286.2062385,8,1,-113
1767174286.2162385,7,-3,-112
1767174286.2262385,2,-4,-114
1767174286.2362382,-1,-5,-112
1767174286.2462382,-4,-2,-115
1767174286.2562382,-2,-5,-115
1767174286.2662382,-3,0,-121
1767174286.2762382,-8,-2,-123
1767174286.2862382,-8,-4,-122
1767174286.2962382,-5,0,-117
1767174286.3062382,-3,0,-113
1767174286.3162382,-6,-2,-115
1767174286.3262382,-3,-2,-116
1767174286.336238,-2,-3,-116
1767174286.346238,-7,-5,-116
1767174286.356238,-3,-6,-117
1767174286.366238,-1,-6,-122
1767174286.376238,-4,-8,-122
1767174286.386238,-5,-2,-124
1767174286.396238,-4,-1,-124
1767174286.406238,1,-1,-126
1767174286.416238,1,0,-121
1767174286.426238,3,2,-126
1767174286.436238,3,0,-119
1767174286.446238,4,-4,-131
1767174286.4562385,6,-6,-132
1767174286.4662385,9,-7,-127
1767174286.4762385,11,-5,-133
1767174286.4862382,11,-1,-128
1767174286.4962382,8,0,-124
1767174286.5062382,7,0,-128
1767174286.5162382,8,-3,-127
1767174286.5262382,1,-1,-135
1767174286.5362382,-1,-2,-133
1767174286.5462382,0,-1,-130
1767174286.5562382,-2,-1,-128
1767174286.5662382,-3,-2,-130
1767174286.5762382,-2,-10,-134
1767174286.586238,0,-9,-133
1767174286.596238,2,-7,-131
1767174286.606238,-3,-6,-128
1767174286.616238,-4,-2,-123
1767174286.626238,-5,-1,-115
1767174286.636238,-3,0,-110
1767174286.646238,-3,-3,-118
1767174286.656238,-1,-3,-125
1767174286.666238,3,-4,-122
1767174286.676238,5,-7,-119
1767174286.686238,3,-2,-125
1767174286.696238,2,0,-126
1767174286.7062385,0,0,-133
1767174286.7162385,3,1,-133
1767174286.7262385,0,1,-129
1767174286.7362382,-1,3,-131
1767174286.7462382,2,1,-128
1767174286.7562382,5,0,-127
1767174286.7662382,4,0,-131
1767174286.7762382,5,2,-129
1767174286.7862382,6,3,-131
1767174286.7962382,5,2,-132
1767174286.8062382,3,5,-134
1767174286.8162382,4,6,-130
1767174286.8262382,2,8,-133
1767174286.836238,2,7,-129
1767174286.846238,-1,1,-128
1767174286.856238,-9,-3,-131
1767174286.866238,-6,-3,-127
1767174286.876238,-4,-6,-127
1767174286.886238,-2,-4,-125
1767174286.896238,-2,-1,-134
1767174286.906238,-3,-3,-136
1767174286.916238,0,-2,-132
1767174286.926238,-2,0,-134
1767174286.936238,-1,-6,-128
1767174286.946238,-2,-2,-127
1767174286.9562385,-7,-1,-125
1767174286.9662385,-2,-3,-128
1767174286.9762385,-3,-9,-135
1767174286.9862382,-5,-8,-137
1767174286.9962382,0,-4,-133
1767174287.0062382,0,-7,-130
1767174287.0162382,2,-6,-120
1767174287.0262382,1,-2,-115
1767174287.0362382,3,0,-113
1767174287.0462382,2,0,-120
1767174287.0562382,3,0,-119
1767174287.0662382,3,-4,-118
1767174287.0762382,3,-3,-118
1767174287.086238,0,-2,-120
1767174287.096238,1,-7,-115
1767174287.106238,3,-2,-121
1767174287.116238,1,-5,-129
1767174287.126238,-3,-5,-127
1767174287.136238,0,-3,-130
1767174287.146238,0,-3,-131
1767174287.156238,-3,-5,-131
1767174287.166238,-2,-5,-138
1767174287.176238,-2,-1,-132
1767174287.186238,0,-1,-121
1767174287.196238,-2,0,-115
1767174287.2062385,-3,-1,-121
1767174287.2162385,-1,-6,-121
1767174287.2262385,-2,-6,-119
1767174287.2362382,-3,-9,-125
1767174287.2462382,-2,-7,-130
1767174287.2562382,0,-10,-128
1767174287.2662382,5,-5,-130
1767174287.2762382,2,-10,-128
1767174287.2862382,3,-8,-122
1767174287.2962382,4,-7,-116
1767174287.3062382,5,-7,-116
1767174287.3162382,7,-4,-117
1767174287.3262382,6,-5,-114
1767174287.336238,6,-8,-121
1767174287.346238,1,-5,-124
1767174287.356238,2,-1,-117
1767174287.366238,1,-4,-115
1767174287.376238,2,-4,-110
1767174287.386238,0,-5,-110
1767174287.396238,0,-7,-113
1767174287.406238,-2,-7,-116
1767174287.416238,-2,-4,-118
1767174287.426238,-4,-2,-121
1767174287.436238,-2,-3,-127
1767174287.446238,0,2,-126
1767174287.4562385,0,3,-130
1767174287.4672382,2,2,-125
1767174287.4772382,4,0,-126
1767174287.4862382,5,1,-120
1767174287.4962382,4,-3,-119
1767174287.507238,1,0,-120
1767174287.517238,0,-2,-123
1767174287.527238,1,-3,-123
1767174287.537238,0,-5,-120
1767174287.547238,-5,0,-113
1767174287.557238,-8,0,-122
1767174287.567238,-6,-6,-125
1767174287.577238,-4,-5,-131
1767174287.587238,-6,-5,-129
1767174287.597238,-6,-6,-123
1767174287.607238,-6,-8,-125
1767174287.617238,-7,-5,-127
1767174287.627238,-5,-2,-126
1767174287.6372385,-9,-5,-120
1767174287.6472385,-11,-8,-118
1767174287.6572382,-7,-9,-122
1767174287.6672382,-3,-3,-122
1767174287.6772382,-8,-3,-124
1767174287.6872382,-6,0,-125
1767174287.6972382,-2,2,-126
1767174287.7072382,-1,7,-127
1767174287.7172382,-1,7,-129
1767174287.7272382,0,5,-131
1767174287.7372382,4,-2,-123
1767174287.7472382,2,-5,-126
1767174287.757238,3,-7,-129
1767174287.767238,5,-8,-124
1767174287.777238,8,-7,-123
1767174287.787238,7,-6,-126
1767174287.797238,4,-5,-127
1767174287.807238,5,-6,-126
1767174287.8282382,-1,-4,-117
1767174287.837238,-2,-7,-121
1767174287.847238,-3,-8,-115
1767174287.857238,0,-4,-112
1767174287.867238,-3,-1,-115
1767174287.877238,-1,0,-119
1767174287.8872385,1,-2,-121
1767174287.8972385,5,0,-120
1767174287.9072382,8,0,-124
1767174287.9172382,6,2,-118
1767174287.9272382,5,1,-128
1767174287.9372382,0,-2,-128
1767174287.9472382,0,-2,-126
1767174287.9572382,0,-5,-125
1767174287.9672382,1,-3,-118
1767174287.9772382,2,-2,-113
1767174287.9872382,7,-5,-114
1767174287.9972382,6,-7,-117
1767174288.007238,7,-6,-117
1767174288.017238,7,-4,-120
1767174288.027238,2,-2,-125
1767174288.037238,2,-4,-130
1767174288.047238,-2,-5,-127
1767174288.057238,-2,-12,-125
1767174288.067238,2,-12,-119
1767174288.077238,1,-11,-123
1767174288.087238,0,-8,-124
1767174288.097238,0,-5,-122
1767174288.107238,0,0,-128
1767174288.117238,0,-4,-129
1767174288.127238,-3,-2,-128
1767174288.1372385,-3,-2,-125
1767174288.1472385,-7,0,-125
1767174288.1572382,-6,-2,-130
1767174288.1672382,-8,0,-133
1767174288.1772382,-7,-4,-127
1767174288.1872382,-2,-1,-123
1767174288.1972382,-4,-1,-127
1767174288.2072382,-4,0,-127
1767174288.2172382,-4,-3,-123
1767174288.2272382,-5,-5,-123
1767174288.2372382,-2,-6,-124
1767174288.2472382,-5,-3,-127
1767174288.257238,-2,-1,-126
1767174288.267238,1,0,-119
1767174288.277238,4,-1,-120
1767174288.287238,6,-2,-120
1767174288.297238,4,-4,-119
1767174288.307238,4,-4,-116
1767174288.317238,4,0,-119
1767174288.327238,-4,-3,-126
1767174288.337238,-3,0,-123
1767174288.347238,1,0,-120
1767174288.357238,-3,-2,-117
1767174288.367238,-4,0,-122
1767174288.377238,-4,-4,-116
1767174288.3872385,-3,-4,-122
1767174288.3972385,0,0,-122
1767174288.4072382,0,0,-120
1767174288.4172382,-8,-1,-115
1767174288.4272382,-7,-3,-118
1767174288.4372382,-8,-1,-122
1767174288.4472382,-4,-1,-127
1767174288.4572382,-3,-5,-121
1767174288.4672382,-5,-9,-117
1767174288.4772382,-3,-5,-112
1767174288.4872382,-1,-3,-116
1767174288.4972382,0,-8,-125
1767174288.507238,1,-9,-127
1767174288.517238,0,-11,-130
1767174288.527238,0,-5,-131
1767174288.537238,-2,-4,-134
1767174288.547238,-3,-2,-134
1767174288.557238,-3,0,-130
1767174288.567238,0,1,-128
1767174288.577238,4,0,-123
1767174288.587238,-2,0,-124
1767174288.597238,-5,-2,-121
1767174288.607238,-4,-3,-123
1767174288.617238,-6,-1,-122
1767174288.627238,-1,0,-124
1767174288.6372385,-1,-1,-129
1767174288.6472385,-4,2,-132
1767174288.6572382,-5,0,-136
1767174288.6672382,-6,0,-132
1767174288.6772382,-11,0,-131
1767174288.6872382,-10,0,-129
1767174288.6972382,-7,2,-124
1767174288.7072382,-8,3,-119
1767174288.7172382,-5,0,-119
1767174288.7272382,-5,4,-123
1767174288.7372382,-3,1,-120
1767174288.7472382,-14,-1,-131
1767174288.757238,-8,1,-129
1767174288.767238,-6,1,-123
1767174288.777238,-7,3,-129
1767174288.787238,-6,1,-129
1767174288.797238,-4,0,-129
1767174288.807238,-5,1,-123
1767174288.817238,-9,-1,-123
1767174288.827238,-12,-5,-126
1767174288.837238,-8,0,-127
1767174288.847238,-6,0,-125
1767174288.857238,-4,1,-117
1767174288.867238,-1,2,-113
1767174288.877238,0,3,-115
1767174288.8872385,-3,5,-111
1767174288.8972385,-1,5,-110
1767174288.9072382,1,4,-111
1767174288.9172382,1,6,-110
1767174288.9272382,-1,5,-114
1767174288.9372382,0,0,-105
1767174288.9472382,2,3,-110
1767174288.9572382,3,1,-111
1767174288.9672382,6,0,-119
1767174288.9772382,2,5,-125
1767174288.9872382,5,8,-132
1767174288.9972382,7,5,-133
1767174289.007238,5,4,-134
1767174289.017238,5,7,-131
1767174289.027238,0,3,-126
1767174289.037238,0,3,-126
1767174289.047238,2,1,-123
1767174289.057238,-2,1,-123
1767174289.067238,-2,-1,-118
1767174289.077238,-2,-2,-114
1767174289.087238,0,1,-115
1767174289.097238,1,3,-121
1767174289.107238,2,2,-118
1767174289.117238,2,1,-120
1767174289.127238,5,1,-120
1767174289.1372385,5,4,-114
1767174289.1472385,0,3,-119
1767174289.1572382,-6,3,-121
1767174289.1672382,-5,0,-127
1767174289.1772382,-3,0,-129
1767174289.1872382,-5,2,-136
1767174289.1972382,0,6,-134
1767174289.2072382,-1,4,-132
1767174289.2172382,-2,2,-129
1767174289.228238,0,0,-130
1767174289.2372382,1,0,-130
1767174289.2472382,1,1,-128
1767174289.257238,0,-2,-137
1767174289.267238,0,-5,-131
1767174289.277238,1,-6,-131
1767174289.287238,0,-5,-131
1767174289.297238,0,-6,-129
1767174289.307238,0,-6,-128
1767174289.317238,-1,-8,-130
1767174289.327238,-2,-8,-132
1767174289.337238,-1,-2,-134
1767174289.347238,0,-2,-134
1767174289.357238,2,-2,-131
1767174289.367238,5,-3,-132
1767174289.377238,1,-4,-129
1767174289.3872385,2,-5,-127
1767174289.3972385,5,-5,-122
1767174289.4072382,4,-5,-118
1767174289.4172382,3,-3,-123
1767174289.4272382,1,-4,-115
1767174289.4372382,4,-1,-109
1767174289.4472382,1,-1,-111
1767174289.4572382,0,-4,-113
1767174289.4672382,-6,-2,-114
1767174289.4772382,-3,1,-110
1767174289.4872382,-7,0,-112
1767174289.4972382,-6,0,-117
1767174289.507238,-1,2,-108
1767174289.517238,0,2,-114
1767174289.527238,-1,5,-114
1767174289.537238,-2,5,-115
1767174289.547238,-3,4,-122
1767174289.557238,-3,0,-120
1767174289.567238,-2,0,-117
1767174289.577238,-1,0,-113
1767174289.587238,-1,3,-117
1767174289.597238,-3,1,-114
1767174289.607238,-2,2,-119
1767174289.617238,0,3,-121
1767174289.627238,6,5,-124
1767174289.6372385,0,4,-129
1767174289.6472385,0,0,-128
1767174289.6572382,2,-1,-124
1767174289.6672382,0,0,-118
1767174289.6772382,0,2,-121
1767174289.6872382,2,1,-123
1767174289.6972382,4,-2,-124
1767174289.7072382,1,-4,-123
1767174289.7172382,1,-3,-127
1767174289.7272382,0,-3,-127
1767174289.7372382,2,-4,-129
1767174289.7472382,1,-3,-128
1767174289.757238,0,-4,-134
1767174289.767238,1,-4,-131
1767174289.777238,4,0,-131
1767174289.787238,5,2,-135
1767174289.797238,1,5,-131
1767174289.807238,-1,5,-131
1767174289.817238,-2,4,-124
1767174289.827238,-3,-1,-120
1767174289.837238,-3,-2,-122
1767174289.847238,-2,-2,-128
1767174289.857238,-1,-1,-130
1767174289.867238,0,-1,-131
1767174289.877238,-1,-4,-128
1767174289.8872385,0,-8,-126
1767174289.8972385,-1,-5,-122
1767174289.9072382,1,-8,-130
1767174289.9172382,-1,-7,-123
1767174289.9272382,4,-4,-116
1767174289.9372382,3,-1,-118
1767174289.9472382,-1,-7,-120
1767174289.9572382,-3,-8,-118
1767174289.9672382,2,-7,-121
1767174289.9772382,-2,-5,-124
1767174289.9872382,0,-4,-126
1767174289.9972382,4,0,-126
1767174290.007238,7,-2,-121
1767174290.017238,7,-2,-132
1767174290.027238,3,-1,-129
1767174290.037238,0,0,-124
1767174290.047238,3,4,-124
1767174290.057238,5,3,-124
1767174290.067238,3,0,-131
1767174290.0782382,0,-2,-128
1767174290.087238,-1,0,-121
1767174290.097238,-1,0,-127
1767174290.1082382,-3,0,-130
1767174290.1182382,-2,-2,-124
1767174290.1282382,-7,-6,-117
1767174290.1382382,-6,-4,-118
1767174290.1482382,-5,-2,-120
1767174290.1582382,-3,-4,-123
1767174290.1682382,0,-3,-122
1767174290.1782382,-3,0,-119
1767174290.188238,-5,-3,-115
1767174290.198238,-4,-2,-117
1767174290.208238,-4,0,-118
1767174290.218238,-5,0,-113
1767174290.228238,-4,1,-112
1767174290.238238,-7,1,-116
1767174290.248238,-4,-2,-114
1767174290.258238,-2,-2,-120
1767174290.268238,-1,-6,-119
1767174290.278238,-2,-4,-117
1767174290.288238,0,-9,-113
1767174290.298238,2,-8,-111
1767174290.3082385,2,-6,-119
1767174290.3182385,2,-5,-122
1767174290.3282382,2,-5,-125
1767174290.3382382,0,-2,-120
1767174290.3482382,2,-2,-113
1767174290.3582382,3,-6,-108
1767174290.3682382,3,-3,-109
1767174290.3782382,0,0,-114
1767174290.3882382,0,0,-116
1767174290.3982382,1,1,-114
1767174290.4082382,1,0,-117
1767174290.4182382,-1,-1,-119
1767174290.4282382,0,-3,-118
1767174290.438238,0,-5,-118
1767174290.448238,-1,-5,-122
1767174290.458238,0,-5,-123
1767174290.468238,-4,-4,-126
1767174290.478238,-3,-5,-127
1767174290.488238,-3,-6,-127
1767174290.498238,-2,-8,-131
1767174290.508238,-2,-7,-132
1767174290.518238,-4,-7,-125
1767174290.528238,0,-6,-121
1767174290.538238,2,-4,-123
1767174290.548238,0,-3,-127
1767174290.5582385,-3,-1,-128
1767174290.5682385,-2,-3,-129
1767174290.5782382,0,-1,-133
1767174290.5882382,0,-2,-131
1767174290.5982382,-4,-1,-130
1767174290.6082382,-2,-4,-124
1767174290.6182382,0,-2,-112
1767174290.6282382,5,-3,-114
1767174290.6382382,3,-5,-125
1767174290.6482382,7,-1,-132
1767174290.6582382,6,1,-129
1767174290.6682382,7,0,-126
1767174290.6782382,1,2,-127
1767174290.688238,-2,4,-123
1767174290.698238,-2,3,-126
1767174290.708238,-4,0,-129
1767174290.718238,-1,-1,-123
1767174290.728238,-4,-1,-123
1767174290.738238,-3,-2,-123
1767174290.748238,-5,0,-122
1767174290.758238,-3,-2,-123
1767174290.768238,2,-2,-120
1767174290.778238,-3,-1,-124
1767174290.788238,-6,-4,-128
1767174290.798238,-4,-3,-129
1767174290.8082385,0,-2,-124
1767174290.8182385,-2,-3,-124
1767174290.8282382,-1,-3,-122
1767174290.8382382,-4,-2,-119
1767174290.8482382,-8,-1,-127
1767174290.8582382,-4,-5,-129
1767174290.8682382,1,-5,-123
1767174290.8782382,-1,-4,-122
1767174290.8882382,0,0,-121
1767174290.8982382,0,-2,-126
1767174290.9082382,0,-4,-123
1767174290.9182382,0,-4,-121
1767174290.9282382,-2,0,-112
1767174290.938238,1,1,-118
1767174290.948238,0,1,-122
1767174290.958238,5,-1,-119
1767174290.968238,2,-3,-119
1767174290.978238,4,1,-127
1767174290.988238,4,3,-120
1767174290.998238,0,0,-121
1767174291.008238,1,-5,-117
1767174291.018238,0,-6,-118
1767174291.028238,-6,-8,-114
1767174291.038238,-3,-6,-119
1767174291.048238,-4,-6,-120
1767174291.0582385,-4,-5,-118
1767174291.0682385,0,-6,-123
1767174291.0782382,2,-7,-123
1767174291.0882382,2,-5,-123
1767174291.0982382,0,-3,-127
1767174291.1082382,1,2,-125
1767174291.1182382,3,4,-127
1767174291.1282382,2,2,-129
1767174291.1382382,-1,-3,-123
1767174291.1482382,1,-2,-118
1767174291.1582382,1,1,-115
1767174291.1682382,3,3,-119
1767174291.1782382,0,2,-120
1767174291.188238,0,2,-125
1767174291.198238,2,0,-125
1767174291.208238,3,1,-119
1767174291.218238,5,2,-123
1767174291.228238,6,2,-121
1767174291.238238,3,-4,-116
1767174291.248238,-3,-3,-124
1767174291.258238,-12,-4,-120
1767174291.268238,-13,-7,-119
1767174291.278238,-5,-4,-117
1767174291.288238,-3,-4,-121
1767174291.298238,-2,-4,-122
1767174291.3082385,-1,-4,-126
1767174291.3182385,-4,-4,-117
1767174291.3282382,-6,-4,-120
1767174291.3382382,-1,-5,-122
1767174291.3482382,-2,-3,-119
1767174291.3582382,0,-1,-124
1767174291.3682382,0,-3,-127
1767174291.3782382,0,-3,-124
1767174291.3882382,3,-4,-124
1767174291.3982382,0,-9,-127
1767174291.4082382,0,-6,-124
1767174291.4182382,2,-1,-131
1767174291.4282382,0,2,-125
1767174291.438238,0,2,-127
1767174291.448238,0,3,-129
1767174291.458238,-2,4,-127
1767174291.468238,4,2,-123
1767174291.478238,6,3,-124
1767174291.488238,4,1,-119
1767174291.498238,1,0,-119
1767174291.508238,5,0,-124
1767174291.518238,3,0,-126
1767174291.528238,5,3,-128
1767174291.538238,5,-1,-125
1767174291.548238,2,-1,-119
1767174291.5582385,3,1,-119
1767174291.5682385,3,4,-116
1767174291.5782382,-2,7,-115
1767174291.5882382,-3,5,-110
1767174291.5982382,-2,2,-111
1767174291.6082382,-1,4,-119
1767174291.6182382,0,2,-124
1767174291.6282382,-2,4,-126
1767174291.6382382,-3,5,-129
1767174291.6482382,0,4,-129
1767174291.6582382,1,0,-125
1767174291.6682382,1,-1,-126
1767174291.6782382,0,-2,-125
1767174291.688238,-1,1,-119
1767174291.698238,-2,-2,-115
1767174291.708238,-1,-1,-113
1767174291.718238,-2,-4,-119
1767174291.728238,0,-4,-128
1767174291.738238,0,-1,-134
1767174291.748238,2,-5,-136
1767174291.758238,4,-5,-135
1767174291.768238,6,-4,-126
1767174291.778238,11,-4,-126
1767174291.788238,11,-1,-119
1767174291.798238,10,-2,-112
1767174291.8082385,10,-1,-122
1767174291.8182385,9,-2,-121
1767174291.8282382,1,0,-120
1767174291.8382382,3,0,-122
1767174291.8482382,0,-1,-116
1767174291.8582382,-2,-5,-120
1767174291.8682382,2,-5,-116
1767174291.8782382,6,-3,-115
1767174291.8882382,5,-1,-115
1767174291.8982382,6,2,-117
1767174291.9082382,0,8,-125
1767174291.9182382,-4,7,-125
1767174291.9282382,-6,7,-124
1767174291.938238,-7,4,-119
1767174291.948238,-5,0,-111
1767174291.958238,-1,-3,-107
1767174291.968238,-1,-7,-112
1767174291.978238,1,-2,-115
1767174291.988238,0,-3,-120
1767174291.998238,5,-3,-119
1767174292.008238,5,-2,-114
1767174292.018238,4,-2,-114
1767174292.028238,5,-1,-119
1767174292.038238,2,0,-118
1767174292.048238,2,1,-122
1767174292.0582385,-1,-4,-124
1767174292.0682385,-2,-3,-118
1767174292.0782382,0,-2,-111
1767174292.0882382,1,2,-116
1767174292.0982382,0,2,-113
1767174292.1082382,-4,0,-113
1767174292.1182382,-1,1,-121
1767174292.1282382,2,-3,-126
1767174292.1382382,0,-2,-133
1767174292.1482382,-1,-1,-138
1767174292.1582382,0,-6,-135
1767174292.1682382,2,-8,-130
1767174292.1782382,0,-6,-132
1767174292.188238,1,-6,-134
1767174292.198238,5,-2,-131
1767174292.208238,5,1,-132
1767174292.218238,5,1,-130
1767174292.228238,6,-1,-123
1767174292.238238,5,-3,-117
1767174292.248238,3,-4,-121
1767174292.258238,0,-3,-125
1767174292.268238,1,-5,-129
1767174292.278238,4,-5,-129
1767174292.288238,4,-3,-123
1767174292.298238,0,1,-125
1767174292.3082385,0,-1,-128
1767174292.3182385,-4,2,-123
1767174292.3282382,-6,2,-124
1767174292.3382382,-4,0,-117
1767174292.3482382,0,1,-119
1767174292.3582382,1,2,-122
1767174292.3682382,-2,2,-113
1767174292.3782382,0,0,-120
1767174292.3882382,-1,0,-129
1767174292.3982382,-5,2,-126
1767174292.4082382,1,0,-128
1767174292.4182382,3,-4,-129
1767174292.4282382,2,-5,-121
1767174292.438238,3,0,-117
1767174292.448238,3,1,-125
1767174292.458238,1,0,-130
1767174292.468238,2,0,-126
1767174292.478238,4,0,-133
1767174292.488238,-1,-4,-139
1767174292.498238,-1,-4,-133
1767174292.508238,-1,0,-129
1767174292.518238,-3,0,-134
1767174292.528238,-2,-1,-129
1767174292.538238,-2,-4,-124
1767174292.548238,0,-4,-123
1767174292.5582385,-2,0,-123
1767174292.5682385,-3,-1,-113
1767174292.5782382,0,1,-110
1767174292.5882382,2,0,-108
1767174292.5982382,0,2,-108
1767174292.6082382,0,0,-114
1767174292.6182382,-2,1,-122
1767174292.6282382,-2,3,-117
1767174292.6382382,-1,0,-115
1767174292.6482382,3,4,-122
1767174292.6582382,4,2,-122
1767174292.6682382,3,0,-122
1767174292.6782382,4,0,-126
1767174292.688238,5,0,-130
1767174292.698238,7,1,-130
1767174292.709238,7,3,-129
1767174292.718238,9,4,-134
1767174292.728238,8,7,-132
1767174292.7392385,8,7,-133
1767174292.7492385,4,6,-133
1767174292.7592382,2,5,-123
1767174292.7692382,6,2,-121
1767174292.7792382,4,0,-117
1767174292.7892382,4,0,-116
1767174292.7992382,2,-1,-120
1767174292.8092382,3,-3,-123
1767174292.8192382,2,-2,-120
1767174292.8412385,6,-4,-122
1767174292.8492382,5,-1,-125
1767174292.859238,1,-1,-125
1767174292.869238,1,0,-127
1767174292.879238,0,-4,-127
1767174292.889238,1,-2,-130
1767174292.899238,3,-3,-133
1767174292.909238,4,-1,-123
1767174292.919238,0,0,-123
1767174292.929238,-3,0,-125
1767174292.939238,3,3,-126
1767174292.949238,2,3,-122
1767174292.959238,0,2,-124
1767174292.969238,-5,-3,-120
1767174292.9792385,1,-1,-120
1767174292.9892385,2,-3,-118
1767174292.9992385,-2,-9,-118
1767174293.0092382,0,-6,-122
1767174293.0192382,1,-5,-113
1767174293.0292382,2,-7,-116
1767174293.0392382,2,-6,-118
1767174293.0492382,-3,-4,-121
1767174293.0592382,-2,0,-123
1767174293.0692382,-3,-1,-117
1767174293.0792382,-2,2,-108
1767174293.0892382,-1,6,-109
1767174293.0992382,1,7,-117
1767174293.109238,3,3,-119
1767174293.119238,6,2,-117
1767174293.129238,0,2,-123
1767174293.139238,-4,4,-124
1767174293.149238,-4,1,-125
1767174293.159238,-7,1,-125
1767174293.169238,-10,0,-120
1767174293.179238,-7,-2,-123
1767174293.189238,-5,-3,-127
1767174293.199238,-6,-1,-130
1767174293.209238,-3,0,-134
1767174293.219238,-6,-1,-130
1767174293.2292385,-7,-2,-127
1767174293.2392385,-8,-7,-127
1767174293.2492385,-8,-2,-128
1767174293.2592382,-9,0,-123
1767174293.2692382,-1,-4,-123
1767174293.2792382,-2,-1,-124
1767174293.2892382,-3,2,-124
1767174293.2992382,0,1,-137
1767174293.3092382,0,0,-135
1767174293.3192382,-3,-2,-137
1767174293.3292382,-8,-1,-137
1767174293.3392382,-8,0,-138
1767174293.3492382,-6,5,-135
1767174293.359238,-7,1,-130
1767174293.369238,-9,3,-124
1767174293.379238,-10,2,-123
1767174293.389238,-6,0,-118
1767174293.399238,-2,0,-114
1767174293.409238,-3,-1,-108
1767174293.419238,-2,-2,-110
1767174293.429238,-3,-2,-117
1767174293.439238,-5,-2,-116
1767174293.449238,0,-2,-120
1767174293.459238,4,2,-119
1767174293.469238,4,4,-123
1767174293.4792385,1,2,-124
1767174293.4892385,5,0,-119
1767174293.4992385,6,-4,-123
1767174293.5092382,3,1,-127
1767174293.5192382,1,6,-123
1767174293.5292382,0,4,-114
1767174293.5392382,0,4,-114
1767174293.5492382,0,5,-110
1767174293.5592382,-3,3,-107
1767174293.5692382,-2,3,-109
1767174293.5792382,-2,1,-111
1767174293.5892382,-7,0,-114
1767174293.5992382,-6,-3,-118
1767174293.609238,-9,-3,-119
1767174293.619238,-7,-4,-112
1767174293.629238,-2,-6,-108
1767174293.639238,0,-6,-111
1767174293.649238,0,-2,-112
1767174293.659238,-3,-1,-118
1767174293.669238,-5,-5,-122
1767174293.679238,-5,0,-122
1767174293.689238,-7,1,-120
1767174293.699238,0,1,-124
1767174293.709238,0,4,-121
1767174293.719238,1,-2,-123
1767174293.7292385,2,-4,-123
1767174293.7392385,4,-4,-123
1767174293.7492385,5,-1,-119
1767174293.7592382,4,1,-120
1767174293.7692382,4,1,-116
1767174293.7792382,3,6,-116
1767174293.7892382,2,3,-112
1767174293.7992382,2,5,-113
1767174293.8092382,0,6,-117
1767174293.8192382,-2,3,-124
1767174293.8292382,-5,2,-120
1767174293.8392382,-3,3,-123
1767174293.8492382,0,3,-120
1767174293.859238,5,-1,-120
1767174293.869238,4,1,-125
1767174293.879238,0,2,-128
1767174293.889238,-4,2,-131
1767174293.899238,-4,6,-128
1767174293.909238,-5,0,-129
1767174293.919238,-6,-1,-127
1767174293.929238,-5,-3,-122
1767174293.939238,-5,-1,-119
1767174293.949238,-1,-4,-121
1767174293.959238,2,0,-120
1767174293.969238,3,-4,-121
1767174293.9792385,4,-7,-113
1767174293.9892385,2,-7,-113
1767174293.9992385,2,-7,-116
1767174294.0092382,-1,-6,-117
1767174294.0192382,-2,-1,-116
1767174294.0292382,-1,-1,-114
1767174294.0392382,6,0,-119
1767174294.0492382,6,-2,-117
1767174294.0592382,4,-8,-109
1767174294.0692382,3,-8,-115
1767174294.0792382,3,-4,-111
1767174294.0892382,0,-2,-113
1767174294.0992382,-1,4,-117
1767174294.109238,-2,9,-123
1767174294.119238,-1,8,-124
1767174294.129238,-4,9,-121
1767174294.139238,-1,7,-118
1767174294.149238,4,3,-121
1767174294.159238,5,2,-122
1767174294.169238,1,1,-120
1767174294.179238,-2,1,-117
1767174294.189238,-1,-1,-118
1767174294.199238,-1,-1,-126
1767174294.209238,3,2,-129
1767174294.219238,3,1,-128
1767174294.2292385,1,-3,-126
1767174294.2392385,0,-4,-115
1767174294.2492385,1,-4,-114
1767174294.2592382,1,-4,-118
1767174294.2692382,0,-1,-122
1767174294.2792382,1,-4,-123
1767174294.2892382,2,-6,-120
1767174294.2992382,0,-3,-121
1767174294.3092382,0,-2,-124
1767174294.3192382,-2,-3,-120
1767174294.3292382,-3,1,-119
1767174294.3392382,-2,3,-118
1767174294.3492382,-1,5,-115
1767174294.359238,-3,1,-118
1767174294.369238,-4,0,-124
1767174294.379238,-4,0,-123
1767174294.389238,0,0,-124
1767174294.399238,2,-2,-125
1767174294.409238,3,-2,-127
1767174294.419238,2,-3,-131
1767174294.429238,-1,-6,-128
1767174294.439238,0,-4,-128
1767174294.449238,1,-3,-129
1767174294.459238,-1,-4,-132
1767174294.469238,0,-2,-136
1767174294.4792385,-1,-3,-141
1767174294.4892385,1,-2,-141
1767174294.4992385,5,-2,-136
1767174294.5092382,8,-5,-131
1767174294.5192382,9,-5,-126
1767174294.5292382,12,-6,-124
1767174294.5392382,14,-2,-123
1767174294.5492382,13,-2,-123
1767174294.5592382,9,-2,-119
1767174294.5692382,7,-3,-124
1767174294.5792382,7,-1,-120
1767174294.5892382,7,-8,-118
1767174294.5992382,3,-7,-117
1767174294.609238,2,-6,-124
1767174294.619238,8,-1,-127
1767174294.629238,4,0,-130
1767174294.639238,7,-3,-123
1767174294.649238,6,-8,-125
1767174294.659238,8,-7,-122
1767174294.669238,4,-7,-119
1767174294.679238,5,-6,-119
1767174294.689238,1,-3,-121
1767174294.699238,3,-1,-119
1767174294.709238,5,0,-124
1767174294.719238,5,0,-127
1767174294.7292385,6,0,-120
1767174294.7392385,2,-1,-120
1767174294.7492385,-1,0,-117
1767174294.7592382,-7,3,-119
1767174294.7692382,-7,4,-121
1767174294.7792382,-5,0,-123
1767174294.7892382,-7,0,-129
1767174294.7992382,-7,3,-129
1767174294.8092382,-9,3,-131
1767174294.8192382,-6,5,-128
1767174294.8292382,-2,6,-124
1767174294.8392382,0,3,-123
1767174294.8492382,-3,2,-123
1767174294.859238,-5,0,-121
1767174294.869238,-3,2,-119
1767174294.879238,-3,2,-117
1767174294.889238,1,3,-122
1767174294.899238,0,3,-130
1767174294.909238,-2,1,-128
1767174294.919238,-5,5,-125
1767174294.929238,-1,1,-125
1767174294.939238,0,0,-124
1767174294.949238,0,-2,-119
1767174294.959238,-1,-4,-124
1767174294.969238,-1,-5,-124
1767174294.9792385,-1,-4,-125
1767174294.9892385,0,-3,-129
1767174294.9992385,-1,-1,-126
1767174295.0092382,-3,-7,-124
1767174295.0192382,-4,-6,-130
1767174295.0292382,-7,-2,-127
1767174295.0392382,-5,-5,-126
1767174295.0492382,-6,-5,-124
1767174295.0592382,-5,-3,-123
1767174295.0692382,-6,0,-122
1767174295.0792382,-5,0,-121
1767174295.0892382,-3,0,-120
1767174295.0992382,-6,-2,-120
1767174295.109238,-5,-2,-123
1767174295.119238,0,1,-119
1767174295.129238,0,4,-126
1767174295.139238,1,-1,-125
1767174295.149238,-3,-1,-125
1767174295.159238,-2,-3,-127
1767174295.169238,4,-2,-130
1767174295.179238,10,-4,-128
1767174295.189238,6,-8,-126
1767174295.199238,0,-6,-131
1767174295.209238,0,-7,-130
1767174295.219238,0,-5,-121
1767174295.2292385,1,-6,-118
1767174295.2392385,0,-7,-124
1767174295.2492385,0,-11,-127
1767174295.2592382,3,-9,-128
1767174295.2692382,0,-5,-125
1767174295.2792382,0,-4,-127
1767174295.2892382,0,-4,-134
1767174295.2992382,1,-2,-134
1767174295.3092382,1,0,-135
1767174295.3192382,1,1,-137
1767174295.3292382,-3,0,-135
1767174295.3392382,-6,2,-136
1767174295.3492382,-2,1,-128
1767174295.359238,-4,1,-119
1767174295.369238,-8,3,-122
1767174295.379238,-5,3,-118
1767174295.390238,-3,2,-116
1767174295.399238,-1,6,-113
1767174295.409238,2,2,-110
1767174295.4202385,4,0,-110
1767174295.4302382,6,-1,-112
1767174295.4402382,8,0,-123
1767174295.4502382,6,0,-125
1767174295.4602382,7,1,-121
1767174295.4702382,4,0,-122
1767174295.4802382,4,3,-122
1767174295.4902382,4,1,-123
1767174295.5002382,4,3,-121
1767174295.5102382,4,6,-122
1767174295.5202382,4,8,-121
1767174295.5302382,-2,8,-119
1767174295.540238,-4,3,-126
1767174295.550238,-7,2,-123
1767174295.560238,-8,2,-123
1767174295.570238,-2,0,-123
1767174295.580238,1,-1,-121
1767174295.590238,1,2,-123
1767174295.600238,3,0,-117
1767174295.610238,2,-3,-120
1767174295.620238,3,-1,-124
1767174295.630238,3,-2,-126
1767174295.640238,0,0,-124
1767174295.650238,0,-2,-122
1767174295.6602385,0,-1,-123
1767174295.6702385,0,0,-125
1767174295.6802382,0,0,-126
1767174295.6902382,-2,0,-132
1767174295.7002382,0,0,-133
1767174295.7102382,-2,4,-134
1767174295.7202382,-12,4,-128
1767174295.7302382,-10,2,-126
1767174295.7402382,-8,1,-122
1767174295.7502382,-6,0,-119
1767174295.7602382,-2,0,-112
1767174295.7702382,2,1,-113
1767174295.7802382,6,1,-112
1767174295.790238,4,2,-115
1767174295.800238,2,4,-120
1767174295.810238,4,1,-128
1767174295.820238,5,-2,-129
1767174295.830238,1,-2,-127
1767174295.840238,0,-8,-129
1767174295.850238,1,-3,-124
1767174295.860238,-2,-1,-122
1767174295.870238,1,0,-121
1767174295.880238,0,1,-117
1767174295.890238,1,2,-118
1767174295.900238,0,0,-117
1767174295.9102385,1,-1,-119
1767174295.9202385,3,0,-122
1767174295.9302382,4,3,-122
1767174295.9402382,3,4,-116
1767174295.9502382,0,6,-121
1767174295.9602382,-1,3,-124
1767174295.9702382,-3,6,-121
1767174295.9802382,-3,5,-125
1767174295.9902382,-1,1,-131
1767174296.0002382,-4,-2,-134
1767174296.0102382,-2,0,-134
1767174296.0202382,-3,3,-133
1767174296.0302382,0,4,-133
1767174296.040238,0,0,-135
1767174296.050238,0,-3,-135
1767174296.060238,-4,-4,-135
1767174296.070238,-6,0,-137
1767174296.080238,-3,0,-131
1767174296.090238,-1,-2,-125
1767174296.100238,5,-6,-123
1767174296.110238,3,-2,-121
1767174296.120238,0,-5,-124
1767174296.130238,1,-2,-121
1767174296.140238,2,-6,-121
1767174296.150238,3,-5,-119
1767174296.1602385,1,-6,-119
1767174296.1702385,0,-6,-126
1767174296.1802382,0,-5,-125
1767174296.1902382,-1,-2,-124
1767174296.2002382,-2,0,-123
1767174296.2102382,0,0,-122
1767174296.2202382,4,2,-125
1767174296.2302382,4,1,-126
1767174296.2402382,2,1,-127
1767174296.2502382,0,2,-132
1767174296.2602382,1,2,-129
1767174296.2702382,0,0,-122
1767174296.2802382,0,4,-125
1767174296.290238,1,5,-121
1767174296.300238,2,2,-116
1767174296.310238,5,-3,-121
1767174296.320238,5,1,-123
1767174296.330238,5,2,-119
1767174296.340238,5,-1,-124
1767174296.350238,6,-4,-123
1767174296.360238,7,-4,-118
1767174296.370238,9,-4,-111
1767174296.380238,7,-1,-110
1767174296.390238,5,0,-109
1767174296.400238,6,0,-105
1767174296.4102385,8,3,-115
1767174296.4202385,7,1,-119
1767174296.4302382,4,1,-122
1767174296.4402382,0,3,-124
1767174296.4502382,-3,0,-123
1767174296.4602382,-4,-2,-122
1767174296.4702382,-4,-2,-124
1767174296.4802382,-4,-1,-124
1767174296.4902382,-1,-3,-126
1767174296.5002382,0,-6,-133
1767174296.5102382,0,-4,-131
1767174296.5202382,1,-6,-124
1767174296.5302382,2,-2,-122
1767174296.540238,3,2,-126
1767174296.550238,3,6,-123
1767174296.560238,4,6,-124
1767174296.570238,6,9,-131
1767174296.580238,0,3,-126
1767174296.590238,2,0,-126
1767174296.6012385,3,-4,-120
1767174296.610238,5,-2,-120
1767174296.620238,3,1,-123
1767174296.630238,6,4,-119
1767174296.640238,6,2,-119
1767174296.650238,5,0,-117
1767174296.6602385,4,0,-116
1767174296.6702385,1,4,-112
1767174296.6802382,0,7,-113
1767174296.6902382,-6,3,-116
1767174296.7002382,1,3,-119
1767174296.7102382,3,7,-119
1767174296.7202382,2,1,-124
1767174296.7302382,2,3,-129
1767174296.7402382,1,5,-130
1767174296.7502382,1,3,-124
1767174296.7602382,2,2,-128
1767174296.7702382,1,0,-123
1767174296.7802382,-2,0,-130
1767174296.790238,-3,0,-129
1767174296.800238,-2,-1,-124
1767174296.810238,-3,2,-127
1767174296.820238,-5,-1,-129
1767174296.830238,-5,-3,-124
1767174296.840238,-5,-4,-124
1767174296.850238,0,-3,-127
1767174296.860238,-5,0,-130
1767174296.870238,-4,0,-123
1767174296.880238,-4,-2,-125
1767174296.890238,0,-5,-129
1767174296.900238,0,-2,-131
1767174296.9102385,-1,0,-128
1767174296.9202385,0,-2,-129
1767174296.9302382,0,-4,-127
1767174296.9402382,2,-2,-123
1767174296.9502382,4,0,-128
1767174296.9602382,8,1,-126
1767174296.9702382,5,-1,-126
1767174296.9802382,4,0,-133
1767174296.9902382,6,0,-123
1767174297.0002382,4,1,-121
1767174297.0102382,0,2,-120
1767174297.0202382,0,1,-127
1767174297.0302382,-4,-2,-133
1767174297.040238,0,-6,-135
1767174297.050238,-2,-8,-133
1767174297.060238,-3,-4,-131
1767174297.070238,-5,0,-132
1767174297.080238,-6,3,-127
1767174297.090238,-7,5,-128
1767174297.100238,-5,2,-126
1767174297.110238,-4,0,-123
1767174297.120238,-4,-1,-120
1767174297.130238,-5,1,-118
1767174297.140238,-1,-1,-115
1767174297.150238,0,0,-116
1767174297.1602385,1,-2,-117
1767174297.1702385,2,-1,-127
1767174297.1802382,3,0,-135
1767174297.1902382,7,0,-127
1767174297.2002382,4,0,-125
1767174297.2102382,4,0,-125
1767174297.2202382,6,-2,-135
1767174297.2302382,6,1,-129
1767174297.2402382,4,0,-126
1767174297.2502382,0,2,-131
1767174297.2602382,-2,4,-125
1767174297.2702382,0,8,-126
1767174297.2802382,5,3,-128
1767174297.290238,3,7,-125
1767174297.300238,4,6,-118
1767174297.310238,6,5,-119
1767174297.320238,3,4,-126
1767174297.330238,2,3,-119
1767174297.340238,1,1,-125
1767174297.350238,3,0,-123
1767174297.360238,0,-3,-127
1767174297.370238,0,-1,-136
1767174297.380238,-1,-2,-136
1767174297.390238,2,0,-130
1767174297.400238,3,-1,-130
1767174297.4102385,1,2,-134
1767174297.4202385,2,3,-133
1767174297.4302382,5,1,-131
1767174297.4402382,5,2,-130
1767174297.4502382,4,5,-129
1767174297.4602382,7,3,-125
1767174297.4702382,8,1,-122
1767174297.4802382,4,-3,-120
1767174297.4902382,4,-6,-112
1767174297.5002382,0,-3,-115
1767174297.5102382,0,0,-114
1767174297.5202382,-3,-2,-121
1767174297.5302382,-3,-2,-121
1767174297.540238,0,-5,-123
1767174297.550238,2,-1,-122
1767174297.560238,4,1,-122
1767174297.570238,4,-3,-126
1767174297.580238,6,-3,-126
1767174297.590238,6,-4,-123
1767174297.600238,7,-6,-120
1767174297.610238,3,-6,-119
1767174297.620238,1,-7,-120
1767174297.630238,0,-7,-121
1767174297.640238,0,-7,-127
1767174297.650238,2,-3,-124
1767174297.6602385,1,-4,-119
1767174297.6702385,-3,-4,-118
1767174297.6802382,-3,0,-114
1767174297.6902382,0,3,-124
1767174297.7002382,2,0,-128
1767174297.7102382,-1,-1,-136
1767174297.7202382,-4,-1,-135
1767174297.7302382,-5,-4,-136
1767174297.7402382,-9,-2,-136
1767174297.7502382,-8,-3,-132
1767174297.7602382,-11,-1,-124
1767174297.7702382,-10,2,-126
1767174297.7802382,-9,0,-127
1767174297.790238,-6,3,-131
1767174297.800238,-5,0,-130
1767174297.810238,-5,0,-126
1767174297.820238,-4,2,-121
1767174297.830238,-1,3,-118
1767174297.8522382,-3,3,-125
1767174297.860238,-2,2,-128
1767174297.870238,-3,3,-128
1767174297.880238,-4,0,-129
1767174297.890238,-5,5,-127
1767174297.900238,-2,6,-123
1767174297.9102385,-5,5,-123
1767174297.9202385,-1,2,-122
1767174297.9302382,-1,2,-122
1767174297.9402382,1,-1,-120
1767174297.9502382,-1,-6,-114
1767174297.9602382,0,-6,-117
1767174297.9702382,2,-4,-112
1767174297.9802382,0,0,-114
1767174297.9902382,4,2,-118
1767174298.0002382,4,1,-116
1767174298.0102382,3,0,-116
1767174298.0202382,-2,3,-115
1767174298.031238,-3,6,-117
1767174298.040238,1,8,-121
1767174298.050238,2,10,-125
1767174298.061238,0,6,-128
1767174298.071238,-3,6,-133
1767174298.0812385,-4,4,-135
1767174298.0912385,-4,2,-131
1767174298.1012385,-6,1,-136
1767174298.1112382,0,0,-135
1767174298.1212382,2,0,-137
1767174298.1312382,1,-1,-136
1767174298.1412382,3,-2,-137
1767174298.1512382,4,1,-137
1767174298.1612382,10,0,-138
1767174298.1712382,8,-3,-140
1767174298.1812382,6,-1,-136
1767174298.1912382,5,0,-131
1767174298.2012382,3,3,-122
1767174298.211238,1,-4,-118
1767174298.221238,-1,-6,-113
1767174298.231238,0,-3,-110
1767174298.241238,1,-3,-116
1767174298.251238,1,3,-122
1767174298.261238,2,-3,-126
1767174298.271238,0,-3,-118
1767174298.281238,0,-5,-117
1767174298.291238,-1,-4,-115
1767174298.301238,0,-4,-115
1767174298.311238,3,-4,-121
1767174298.321238,2,-2,-117
1767174298.3312385,1,-3,-118
1767174298.3412385,3,-4,-125
1767174298.3512385,5,-7,-125
1767174298.3612382,5,-9,-125
1767174298.3712382,6,-6,-119
1767174298.3812382,6,-8,-119
1767174298.3912382,7,-1,-117
1767174298.4012382,0,0,-121
1767174298.4112382,-4,1,-126
1767174298.4212382,-4,3,-120
1767174298.4312382,-4,0,-114
1767174298.4412382,-3,0,-112
1767174298.4512382,-5,-3,-121
1767174298.461238,-4,-4,-127
1767174298.471238,-4,-5,-126
1767174298.481238,-6,-7,-127
1767174298.491238,-2,-3,-128
1767174298.501238,0,1,-127
1767174298.511238,2,1,-128
1767174298.521238,0,4,-128
1767174298.531238,0,3,-129
1767174298.541238,3,4,-122
1767174298.551238,1,3,-124
1767174298.561238,-2,3,-131
1767174298.571238,-5,3,-126
1767174298.5812385,-3,6,-125
1767174298.5912385,0,4,-129
1767174298.6012385,0,3,-126
1767174298.6112382,-1,2,-124
1767174298.6212382,3,0,-123
1767174298.6312382,4,-1,-118
1767174298.6412382,7,0,-116
1767174298.6512382,6,0,-123
1767174298.6612382,2,0,-130
1767174298.6712382,0,0,-131
1767174298.6812382,-1,2,-130
1767174298.6912382,-3,-2,-133
1767174298.7012382,-3,0,-135
1767174298.711238,0,-3,-130
1767174298.721238,1,-2,-130
1767174298.731238,3,0,-129
1767174298.741238,4,3,-135
1767174298.751238,2,5,-135
1767174298.761238,1,6,-129
1767174298.771238,0,3,-128
1767174298.781238,3,0,-124
1767174298.791238,7,-3,-123
1767174298.801238,4,-5,-126
1767174298.811238,4,-3,-126
1767174298.821238,3,-7,-123
1767174298.8312385,5,-4,-127
1767174298.8412385,8,-4,-130
1767174298.8512385,7,0,-131
1767174298.8612382,7,2,-127
1767174298.8712382,5,0,-126
1767174298.8812382,0,1,-126
1767174298.8912382,2,-3,-128
1767174298.9012382,7,-5,-129
1767174298.9112382,3,-5,-131
1767174298.9212382,5,-8,-131
1767174298.9312382,0,-7,-129
1767174298.9412382,2,-5,-130
1767174298.9512382,1,-1,-127
1767174298.961238,0,-2,-129
1767174298.971238,-3,-3,-127
1767174298.981238,-5,-5,-125
1767174298.991238,-5,-6,-117
1767174299.001238,-6,-5,-115
1767174299.011238,-10,-3,-113
1767174299.021238,-9,-6,-110
1767174299.031238,-9,-4,-118
1767174299.041238,-7,-2,-119
1767174299.051238,-5,0,-123
1767174299.061238,-4,3,-124
1767174299.071238,-5,4,-125
1767174299.0812385,-2,2,-121
1767174299.0912385,0,0,-117
1767174299.1012385,-2,0,-122
1767174299.1112382,-3,1,-126
1767174299.1212382,0,3,-134
1767174299.1312382,1,5,-130
1767174299.1412382,0,2,-136
1767174299.1512382,-5,1,-136
1767174299.1612382,-9,1,-135
1767174299.1712382,-3,1,-129
1767174299.1812382,0,1,-121
1767174299.1912382,3,1,-118
1767174299.2012382,2,1,-120
1767174299.211238,0,3,-115
1767174299.221238,-1,3,-117
1767174299.231238,0,7,-114
1767174299.241238,0,8,-123
1767174299.251238,0,1,-124
1767174299.261238,0,-4,-121
1767174299.271238,-2,-4,-119
1767174299.281238,-3,-6,-118
1767174299.291238,0,-5,-116
1767174299.301238,0,-3,-123
1767174299.311238,1,-5,-127
1767174299.321238,0,-5,-134
1767174299.3312385,2,-8,-135
1767174299.3412385,-1,-4,-130
1767174299.3512385,-1,-3,-126
1767174299.3612382,-3,-3,-118
1767174299.3712382,-2,-4,-118
1767174299.3812382,-1,-6,-118
1767174299.3912382,0,-3,-114
1767174299.4012382,-2,-1,-114
1767174299.4112382,0,0,-112
1767174299.4212382,0,1,-121
1767174299.4312382,1,3,-123
1767174299.4412382,2,5,-122
1767174299.4512382,0,3,-124
1767174299.461238,0,2,-122
1767174299.471238,0,-1,-114
1767174299.481238,5,0,-114
1767174299.491238,2,-1,-120
1767174299.501238,2,1,-123
1767174299.511238,1,-1,-121
1767174299.521238,1,-6,-116
1767174299.531238,0,-5,-112
1767174299.541238,-1,-7,-115
1767174299.551238,-7,-7,-117
1767174299.561238,-9,-8,-124
1767174299.571238,-8,-9,-124
1767174299.5812385,-7,-9,-126
1767174299.5912385,-4,-4,-120
1767174299.6012385,-8,-2,-118
1767174299.6112382,-5,0,-123
1767174299.6212382,-3,1,-123
1767174299.6312382,-7,-1,-121
1767174299.6412382,-7,-1,-119
1767174299.6512382,-5,-1,-122
1767174299.6612382,0,1,-119
1767174299.6712382,0,0,-116
1767174299.6812382,2,3,-111
1767174299.6912382,5,5,-108
1767174299.7012382,6,3,-109
1767174299.711238,7,2,-113
1767174299.721238,6,0,-121
1767174299.731238,3,-1,-121
1767174299.741238,0,0,-126
1767174299.751238,-2,-2,-126
1767174299.761238,0,-1,-129
1767174299.771238,0,-2,-127
1767174299.781238,0,-3,-127
1767174299.791238,0,0,-124
1767174299.801238,0,-1,-124
1767174299.811238,-3,-1,-123
1767174299.821238,-3,-3,-130
1767174299.8312385,-3,-1,-128
1767174299.8412385,-4,0,-128
1767174299.8512385,-2,-3,-126
1767174299.8612382,0,-3,-128
1767174299.8712382,-2,-1,-133
1767174299.8812382,-2,1,-131
1767174299.8912382,-4,1,-129
1767174299.9012382,-8,-2,-129
1767174299.9112382,-4,-1,-128
1767174299.9212382,-1,-3,-131
1767174299.9312382,1,-3,-124
1767174299.9412382,1,-2,-120
1767174299.9512382,2,0,-117
1767174299.961238,4,1,-123
1767174299.971238,10,0,-125
1767174299.981238,8,-1,-124
1767174299.991238,7,2,-123
1767174300.001238,3,-1,-130
1767174300.011238,1,0,-123
1767174300.021238,-2,0,-120
1767174300.031238,-2,-1,-116
1767174300.041238,2,0,-108
1767174300.051238,3,0,-107
1767174300.061238,7,-2,-109
1767174300.071238,8,2,-117
1767174300.0812385,10,1,-116
1767174300.0912385,10,0,-121
1767174300.1012385,9,-2,-127
1767174300.1112382,7,-3,-128
1767174300.1212382,8,-3,-131
1767174300.1312382,6,-2,-129
1767174300.1412382,3,-1,-126
1767174300.1512382,0,1,-124
1767174300.1612382,-1,-2,-121
1767174300.1712382,-3,-1,-114
1767174300.1812382,3,0,-110
1767174300.1912382,3,0,-112
1767174300.2012382,3,3,-116
1767174300.211238,3,4,-117
1767174300.221238,2,6,-121
1767174300.231238,3,5,-124
1767174300.241238,-1,4,-122
1767174300.251238,-4,2,-120
1767174300.261238,-3,3,-120
1767174300.271238,-8,1,-119
1767174300.281238,-11,3,-120
1767174300.291238,-7,6,-121
1767174300.301238,-3,3,-117
1767174300.311238,0,4,-115
1767174300.321238,4,0,-119
1767174300.3312385,7,0,-121
1767174300.3412385,7,0,-120
1767174300.3512385,2,3,-119
1767174300.3612382,1,3,-127
1767174300.3712382,0,0,-128
1767174300.3812382,-2,0,-130
1767174300.3912382,-2,0,-136
1767174300.4012382,1,-1,-142
1767174300.4112382,3,-4,-144
1767174300.4212382,6,-4,-136
1767174300.4312382,-2,-3,-131
1767174300.4412382,-5,0,-127
1767174300.4512382,-8,2,-123
1767174300.461238,-9,-1,-123
1767174300.471238,-3,-2,-127
1767174300.481238,-1,-1,-137
1767174300.491238,-5,-2,-140
1767174300.501238,-5,0,-133
1767174300.511238,-2,2,-134
1767174300.521238,-3,6,-132
1767174300.531238,-6,2,-132
1767174300.541238,-5,3,-125
1767174300.551238,-1,2,-115
1767174300.561238,2,6,-113
1767174300.571238,7,5,-114
1767174300.5812385,5,0,-107
1767174300.5912385,6,2,-113
1767174300.6012385,5,3,-114
1767174300.6112382,6,1,-116
1767174300.6212382,8,3,-119
1767174300.6312382,11,3,-119
1767174300.6412382,10,5,-125
1767174300.6512382,8,3,-131
1767174300.6612382,9,9,-127
1767174300.6712382,6,6,-126
1767174300.682238,2,1,-126
1767174300.6912382,1,2,-126
1767174300.7012382,3,0,-119
1767174300.712238,0,-1,-122
1767174300.722238,-1,0,-123
1767174300.732238,0,0,-121
1767174300.742238,5,-1,-125
1767174300.752238,6,-5,-122
1767174300.7622385,6,-6,-117
1767174300.7722385,3,-3,-115
1767174300.7822382,5,-2,-116
1767174300.7922382,8,-7,-123
1767174300.8022382,3,-5,-126
1767174300.8122382,4,-6,-125
1767174300.8222382,2,-7,-137
1767174300.8322382,0,-5,-142
1767174300.8422382,-4,-6,-136
1767174300.8522382,-3,-8,-133
1767174300.8622382,2,-8,-128
1767174300.8722382,-1,-5,-120
1767174300.882238,0,-4,-114
1767174300.892238,1,-6,-117
1767174300.902238,-2,-8,-116
1767174300.912238,0,-8,-120
1767174300.922238,4,-3,-124
1767174300.932238,2,0,-117
1767174300.942238,5,0,-117
1767174300.952238,5,1,-116
1767174300.962238,5,-1,-119
1767174300.972238,3,-1,-122
1767174300.982238,2,-1,-122
1767174300.992238,1,-1,-121
1767174301.002238,0,-4,-122
1767174301.0122385,2,-5,-116
1767174301.0222385,-1,-8,-110
1767174301.0322382,2,-5,-113
1767174301.0422382,0,0,-120
1767174301.0522382,3,1,-120
1767174301.0622382,3,-2,-123
1767174301.0722382,0,-6,-118
1767174301.0822382,0,-5,-119
1767174301.0922382,0,-3,-120
1767174301.1022382,-1,-2,-121
1767174301.1122382,0,-2,-116
1767174301.1222382,4,-2,-114
1767174301.132238,6,0,-120
1767174301.142238,4,2,-124
1767174301.152238,4,3,-121
1767174301.162238,3,4,-117
1767174301.172238,1,4,-120
1767174301.182238,0,1,-120
1767174301.192238,-1,-2,-121
1767174301.202238,-3,-4,-123
1767174301.212238,-3,-3,-116
1767174301.222238,-3,-3,-119
1767174301.232238,-2,4,-122
1767174301.242238,-2,3,-127
1767174301.252238,1,5,-131
1767174301.2622385,1,6,-136
1767174301.2722385,1,5,-130
1767174301.2822382,4,4,-127
1767174301.2922382,3,3,-125
1767174301.3022382,4,0,-127
1767174301.3122382,1,0,-129
1767174301.3222382,-2,2,-126
1767174301.3322382,0,6,-127
1767174301.3422382,6,7,-122
1767174301.3522382,4,7,-121
1767174301.3622382,0,6,-120
1767174301.3722382,2,6,-113
1767174301.382238,4,5,-121
1767174301.392238,2,3,-117
1767174301.402238,3,0,-113
1767174301.412238,4,2,-116
1767174301.422238,4,7,-113
1767174301.432238,3,7,-122
1767174301.442238,0,6,-129
1767174301.452238,-1,0,-133
1767174301.462238,1,-3,-131
1767174301.472238,0,-3,-124
1767174301.482238,-5,-3,-122
1767174301.492238,-1,-6,-125
1767174301.502238,0,-4,-126
1767174301.5122385,0,0,-130
1767174301.5222385,2,2,-124
1767174301.5322382,5,1,-119
1767174301.5422382,0,0,-115
1767174301.5522382,3,0,-117
1767174301.5622382,2,-5,-121
1767174301.5722382,4,-5,-123
1767174301.5822382,1,-4,-129
1767174301.5922382,2,-7,-124
1767174301.6022382,-1,-1,-128
1767174301.6122382,0,1,-133
1767174301.6222382,-1,0,-134
1767174301.632238,-3,1,-136
1767174301.642238,-3,0,-137
1767174301.652238,-5,-1,-133
1767174301.662238,-2,-2,-136
1767174301.672238,0,-1,-134
1767174301.682238,0,0,-131
1767174301.692238,1,5,-132
1767174301.702238,1,4,-127
1767174301.712238,-3,2,-126
1767174301.722238,-4,-1,-131
1767174301.732238,-6,-2,-134
1767174301.742238,-8,-1,-128
1767174301.752238,-3,1,-131
1767174301.7622385,0,0,-124
1767174301.7722385,0,-3,-123
1767174301.7822382,-4,-6,-126
1767174301.7922382,-2,-4,-125
1767174301.8022382,3,-2,-124
1767174301.8122382,0,-5,-121
1767174301.8222382,-1,-5,-122
1767174301.8322382,-1,-9,-121
1767174301.8422382,-5,-8,-118
1767174301.8522382,-6,-5,-116
1767174301.8622382,-4,-3,-118
1767174301.8722382,-4,0,-119
1767174301.882238,-1,-2,-118
1767174301.892238,-1,-8,-122
1767174301.902238,0,-7,-123
1767174301.912238,3,-7,-128
1767174301.922238,3,-6,-136
1767174301.932238,4,-5,-139
1767174301.942238,6,-2,-128
1767174301.952238,0,-2,-121
1767174301.962238,0,-1,-127
1767174301.972238,2,4,-133
1767174301.982238,0,7,-129
1767174301.992238,1,6,-123
1767174302.002238,4,4,-123
1767174302.0122385,4,3,-124
1767174302.0222385,4,-2,-120
1767174302.0322382,2,1,-121
1767174302.0422382,0,0,-123
1767174302.0522382,-3,3,-128
1767174302.0622382,-7,3,-127
1767174302.0722382,-9,5,-125
1767174302.0822382,-6,3,-125
1767174302.0922382,0,1,-126
1767174302.1022382,0,0,-125
1767174302.1122382,-5,-1,-121
1767174302.1222382,-1,-3,-123
1767174302.132238,0,-1,-125
1767174302.142238,3,0,-122
1767174302.152238,1,-1,-126
1767174302.162238,3,-2,-123
1767174302.172238,2,-3,-118
1767174302.182238,6,-3,-116
1767174302.192238,6,-4,-117
1767174302.202238,5,-3,-118
1767174302.212238,4,-3,-123
1767174302.222238,4,-3,-122
1767174302.232238,1,-4,-122
1767174302.242238,2,-2,-120
1767174302.252238,3,-2,-117
1767174302.2622385,0,-3,-117
1767174302.2722385,0,-5,-120
1767174302.2822382,0,-3,-127
1767174302.2922382,0,-4,-128
1767174302.3022382,-5,-2,-123
1767174302.3122382,-2,2,-118
1767174302.3222382,-4,0,-121
1767174302.3322382,-4,2,-126
1767174302.3422382,0,2,-132
1767174302.3522382,0,0,-134
1767174302.3622382,-2,0,-130
1767174302.3722382,-4,-3,-128
1767174302.382238,-4,-1,-123
1767174302.392238,-7,-2,-123
1767174302.402238,-7,-2,-125
1767174302.412238,-4,-6,-121
1767174302.422238,0,-9,-126
1767174302.432238,0,-10,-124
1767174302.442238,-8,-3,-128
1767174302.452238,-8,1,-129
1767174302.462238,-3,0,-126
1767174302.472238,-4,3,-125
1767174302.482238,-4,4,-120
1767174302.492238,0,3,-123
1767174302.502238,-2,0,-129
1767174302.5122385,-2,-7,-128
1767174302.5222385,-2,-8,-129
1767174302.5322382,-2,-5,-128
1767174302.5422382,-1,-4,-126
1767174302.5522382,0,-2,-129
1767174302.5622382,-2,-3,-130
1767174302.5722382,-5,-3,-129
1767174302.5822382,-2,0,-128
1767174302.5922382,0,5,-131
1767174302.6022382,2,4,-125
1767174302.6122382,0,3,-128
1767174302.6222382,-5,3,-129
1767174302.632238,-4,7,-129
1767174302.642238,-4,4,-125
1767174302.652238,-4,4,-125
1767174302.662238,-1,3,-120
1767174302.672238,-5,2,-128
1767174302.682238,-2,-2,-130
1767174302.692238,-6,-3,-132
1767174302.702238,-1,0,-128
1767174302.712238,1,2,-129
1767174302.722238,5,4,-125
1767174302.732238,10,4,-126
1767174302.742238,9,4,-129
1767174302.752238,8,0,-128
1767174302.7622385,3,-2,-128
1767174302.7722385,3,-2,-127
1767174302.7822382,1,-4,-120
1767174302.7922382,-2,-1,-116
1767174302.8022382,-5,-2,-113
1767174302.8122382,-4,-4,-108
1767174302.8222382,-1,-4,-113
1767174302.8322382,-6,0,-113
1767174302.8422382,-3,0,-108
1767174302.863238,3,-3,-106
1767174302.8722382,1,-5,-108
1767174302.882238,0,-4,-114
1767174302.892238,1,-6,-117
1767174302.902238,1,-3,-120
1767174302.912238,-7,-1,-125
1767174302.922238,-5,-3,-124
1767174302.932238,-3,-4,-126
1767174302.942238,-5,-1,-126
1767174302.952238,-6,-3,-128
1767174302.962238,-2,-5,-122
1767174302.972238,3,-7,-120
1767174302.982238,1,-3,-120
1767174302.992238,3,0,-118
1767174303.002238,-1,-5,-118
1767174303.0122385,1,-5,-112
1767174303.0222385,6,-5,-119
1767174303.0322382,1,-2,-119
1767174303.0422382,-3,-4,-119
1767174303.0522382,2,-1,-123
1767174303.0622382,1,-1,-123
1767174303.0722382,3,-5,-123
1767174303.0822382,1,-3,-129
1767174303.0922382,3,0,-129
1767174303.1022382,1,0,-125
1767174303.1122382,0,3,-128
1767174303.1222382,0,2,-129
1767174303.132238,2,-1,-125
1767174303.142238,3,-1,-119
1767174303.152238,1,-1,-124
1767174303.162238,1,-1,-121
1767174303.172238,0,2,-117
1767174303.182238,1,-3,-118
1767174303.192238,0,-1,-127
1767174303.202238,2,0,-127
1767174303.212238,1,-1,-120
1767174303.222238,0,0,-115
1767174303.232238,-3,-2,-113
1767174303.242238,-4,-5,-116
1767174303.252238,-3,-6,-121
1767174303.2622385,-4,-4,-123
1767174303.2722385,-5,-4,-124
1767174303.2822382,-7,-5,-121
1767174303.2922382,-3,-4,-118
1767174303.3032382,-1,-3,-112
1767174303.313238,0,-1,-115
1767174303.323238,2,-5,-114
1767174303.3322382,-2,-4,-121
1767174303.3422382,0,0,-119
1767174303.353238,-2,-5,-123
1767174303.363238,-1,-2,-124
1767174303.373238,0,0,-122
1767174303.383238,3,-1,-120
1767174303.393238,1,-3,-117
1767174303.403238,-3,1,-121
1767174303.413238,4,3,-118
1767174303.423238,0,0,-114
1767174303.4332385,2,-4,-114
1767174303.4432385,1,-1,-116
1767174303.4532382,-1,0,-115
1767174303.4632382,-1,1,-122
1767174303.4732382,-1,1,-119
1767174303.4832382,0,-5,-117
1767174303.4932382,-1,-8,-121
1767174303.5032382,0,-8,-118
1767174303.5132382,-2,-7,-120
1767174303.5232382,-1,-5,-127
1767174303.5332382,4,-4,-125
1767174303.5432382,3,-4,-128
1767174303.5532382,1,-5,-128
1767174303.563238,3,-4,-126
1767174303.573238,6,-6,-120
1767174303.583238,2,-6,-124
1767174303.593238,4,-4,-121
1767174303.603238,5,-5,-122
1767174303.613238,7,-7,-131
1767174303.623238,3,-6,-132
1767174303.633238,2,-4,-130
1767174303.643238,-2,-4,-126
1767174303.653238,-3,-5,-133
1767174303.663238,-4,-6,-128
1767174303.673238,-2,-8,-119
1767174303.6832385,-3,-7,-113
1767174303.6932385,-4,-6,-117
1767174303.7032382,-3,-5,-120
1767174303.7132382,-3,-3,-119
1767174303.7232382,0,-5,-120
1767174303.7332382,-2,-6,-115
1767174303.7432382,-1,-1,-115
1767174303.7532382,-1,3,-115
1767174303.7632382,1,0,-111
1767174303.7732382,1,0,-110
1767174303.7832382,1,-2,-109
1767174303.7932382,-1,0,-113
1767174303.8032382,-1,-1,-118
1767174303.813238,-2,-1,-116
1767174303.823238,-3,0,-117
1767174303.833238,-3,0,-123
1767174303.843238,-2,1,-120
1767174303.853238,0,2,-124
1767174303.863238,0,4,-128
1767174303.873238,-4,7,-126
1767174303.883238,0,4,-127
1767174303.893238,-1,5,-117
1767174303.903238,-1,3,-113
1767174303.913238,0,4,-113
1767174303.923238,0,2,-119
1767174303.9332385,0,0,-123
1767174303.9432385,0,4,-127
1767174303.9532382,1,3,-127
1767174303.9632382,-1,4,-128
1767174303.9742382,-4,5,-126
1767174303.9832382,-5,6,-121
1767174303.9932382,-5,3,-116
1767174304.0032382,-3,1,-119
1767174304.0132382,-2,2,-114
1767174304.0232382,-1,2,-119
1767174304.0332382,-1,1,-112
1767174304.0432382,0,-1,-113
1767174304.0532382,0,-7,-114
1767174304.063238,3,-7,-112
1767174304.073238,2,-5,-108
1767174304.083238,0,-1,-107
1767174304.093238,0,4,-111
1767174304.103238,1,5,-115
1767174304.113238,3,4,-115
1767174304.123238,-3,4,-114
1767174304.133238,-4,3,-113
1767174304.143238,-2,1,-114
1767174304.153238,-3,0,-115
1767174304.163238,-1,0,-124
1767174304.173238,0,0,-119
1767174304.1832385,4,-4,-116
1767174304.1932385,2,-3,-113
1767174304.2032382,-1,-5,-118
1767174304.2132382,-3,-7,-120
1767174304.2232382,-4,-6,-124
1767174304.2332382,-3,-3,-129
1767174304.2432382,-4,-3,-126
1767174304.2532382,-3,0,-129
1767174304.2632382,0,1,-125
1767174304.2732382,0,2,-122
1767174304.2832382,-1,3,-122
1767174304.2932382,-1,2,-125
1767174304.3032382,0,0,-130
1767174304.313238,2,2,-132
1767174304.323238,1,1,-135
1767174304.333238,0,-1,-138
1767174304.343238,2,1,-134
1767174304.353238,3,0,-136
1767174304.363238,2,-2,-129
1767174304.373238,1,-6,-130
1767174304.383238,1,-5,-124
1767174304.393238,8,-2,-127
1767174304.403238,2,0,-126
1767174304.413238,-3,2,-124
1767174304.423238,-3,1,-126
1767174304.4332385,1,1,-121
1767174304.4432385,3,0,-123
1767174304.4532382,0,-1,-122
1767174304.4632382,4,-4,-121
1767174304.4732382,2,-4,-124
1767174304.4832382,0,-2,-127
1767174304.4932382,-1,-3,-123
1767174304.5032382,1,-1,-117
1767174304.5132382,2,-1,-113
1767174304.5232382,4,-5,-112
1767174304.5332382,4,-5,-120
1767174304.5432382,4,-4,-119
1767174304.5532382,3,-1,-120
1767174304.563238,4,1,-120
1767174304.573238,3,0,-119
1767174304.583238,1,-6,-119
1767174304.593238,2,-5,-115
1767174304.603238,-1,-5,-119
1767174304.613238,-2,-4,-123
1767174304.623238,-4,-6,-127
1767174304.633238,-4,-2,-132
1767174304.643238,-9,-1,-123
1767174304.653238,-8,-7,-122
1767174304.663238,-7,-6,-130
1767174304.673238,-6,-4,-124
1767174304.6832385,-3,-3,-123
1767174304.6932385,-4,-5,-122
1767174304.7032382,-5,-6,-120
1767174304.7132382,-5,-3,-119
1767174304.7232382,-5,-1,-122
1767174304.7332382,-4,-2,-126
1767174304.7432382,-3,0,-122
1767174304.7532382,-6,2,-116
1767174304.7632382,0,0,-116
1767174304.7732382,0,3,-120
1767174304.7832382,1,1,-117
1767174304.7932382,5,3,-120
1767174304.8032382,4,0,-117
1767174304.813238,0,-5,-122
1767174304.823238,4,-2,-130
1767174304.833238,4,1,-131
1767174304.843238,2,0,-129
1767174304.853238,2,-3,-124
1767174304.863238,2,-7,-124
1767174304.873238,0,-8,-126
1767174304.883238,-2,-4,-126
1767174304.893238,-4,0,-125
1767174304.903238,0,3,-121
1767174304.913238,0,4,-116
1767174304.923238,2,1,-111
1767174304.9332385,-1,-2,-110
1767174304.9432385,-3,0,-112
1767174304.9532382,-5,-2,-115
1767174304.9632382,-1,-3,-122
1767174304.9732382,-2,-5,-123
1767174304.9832382,0,-9,-122
1767174304.9932382,-1,-7,-128
1767174305.0032382,0,-7,-133
1767174305.0132382,5,-6,-133
1767174305.0232382,4,-8,-134
1767174305.0332382,5,-6,-133
1767174305.0432382,1,-5,-135
1767174305.0532382,-2,-5,-132
1767174305.063238,-3,-3,-132
1767174305.073238,-1,-6,-129
1767174305.083238,0,-11,-128
1767174305.093238,-4,-9,-126
1767174305.103238,-3,-9,-123
1767174305.113238,-3,-9,-123
1767174305.123238,0,-8,-129
1767174305.133238,-5,-5,-124
1767174305.143238,-6,-4,-123
1767174305.153238,-3,-3,-120
1767174305.163238,-1,-6,-116
1767174305.173238,-1,-7,-113
1767174305.1832385,-5,-4,-112
1767174305.1932385,-7,-3,-109
1767174305.2032382,-6,0,-109
1767174305.2132382,-3,1,-114
1767174305.2232382,-5,-2,-116
1767174305.2332382,-4,-2,-117
1767174305.2432382,-6,-4,-119
1767174305.2532382,-1,-3,-123
1767174305.2632382,-1,-2,-123
1767174305.2732382,-8,-3,-124
1767174305.2832382,-4,-3,-125
1767174305.2932382,-6,-5,-123
1767174305.3032382,-2,-1,-123
1767174305.313238,4,0,-120
1767174305.323238,4,0,-123
1767174305.333238,1,0,-129
1767174305.343238,-1,4,-126
1767174305.353238,-4,5,-122
1767174305.363238,-2,3,-120
1767174305.373238,2,3,-123
1767174305.383238,3,-2,-125
1767174305.393238,1,-3,-126
1767174305.403238,1,-2,-126
1767174305.413238,1,-3,-131
1767174305.423238,-1,-1,-124
1767174305.4332385,4,-4,-124
1767174305.4432385,0,-5,-121
1767174305.4532382,0,-5,-126
1767174305.4632382,-2,-4,-127
1767174305.4732382,-3,-3,-120
1767174305.4832382,1,0,-123
1767174305.4932382,4,2,-117
1767174305.5032382,6,1,-116
1767174305.5132382,6,0,-119
1767174305.5232382,8,6,-122
1767174305.5332382,4,5,-123
1767174305.5432382,5,5,-124
1767174305.5532382,4,5,-122
1767174305.563238,5,3,-121
1767174305.573238,4,3,-124
1767174305.583238,-3,1,-122
1767174305.593238,-5,0,-124
1767174305.603238,-1,1,-123
1767174305.613238,0,7,-127
1767174305.623238,3,0,-131
1767174305.633238,3,0,-130
1767174305.643238,1,-3,-123
1767174305.653238,-1,0,-118
1767174305.663238,-4,1,-120
1767174305.673238,-9,0,-119
1767174305.6832385,-8,0,-121
1767174305.6932385,-3,0,-129
1767174305.7032382,0,-2,-132
1767174305.7132382,-4,-1,-120
1767174305.7232382,-8,-3,-123
1767174305.7332382,-3,0,-118
1767174305.7432382,-2,2,-115
1767174305.7532382,-4,0,-120
1767174305.7632382,0,0,-122
1767174305.7732382,0,-1,-120
1767174305.7832382,4,-5,-120
1767174305.7932382,6,-3,-123
1767174305.8032382,2,-3,-125
1767174305.813238,0,-3,-122
1767174305.823238,-3,-3,-118
1767174305.833238,-3,-4,-116
1767174305.843238,0,-1,-120
1767174305.853238,0,1,-119
1767174305.863238,-1,0,-113
1767174305.873238,-2,-2,-114
1767174305.883238,-2,-5,-116
1767174305.893238,3,-2,-119
1767174305.903238,4,1,-122
1767174305.913238,-2,4,-122
1767174305.923238,-1,7,-121
1767174305.9332385,-1,4,-117
1767174305.9432385,0,2,-120
1767174305.9532382,0,0,-117
1767174305.9632382,0,0,-116
1767174305.9732382,-2,-3,-120
1767174305.9832382,-1,-5,-121
1767174305.994238,2,-3,-115
1767174306.004238,3,-8,-120
1767174306.014238,1,-5,-114
1767174306.024238,5,-5,-108
1767174306.034238,4,0,-113
1767174306.044238,4,-2,-115
1767174306.054238,2,-2,-119
1767174306.064238,0,-2,-116
1767174306.074238,3,0,-117
1767174306.084238,3,3,-114
1767174306.094238,8,2,-119
1767174306.1042385,4,1,-121
1767174306.1142385,0,1,-114
1767174306.1242385,0,-2,-110
1767174306.1342382,2,-1,-106
1767174306.1442382,2,1,-113
1767174306.1542382,2,3,-116
1767174306.1642382,-1,3,-122
1767174306.1742382,1,0,-127
1767174306.1842382,3,-1,-127
1767174306.1942382,0,-2,-130
1767174306.2042382,0,-4,-128
1767174306.2142382,1,0,-125
1767174306.2242382,-8,-5,-127
1767174306.234238,-6,0,-126
1767174306.244238,-7,-3,-130
1767174306.254238,-7,-7,-135
1767174306.264238,-1,-4,-134
1767174306.274238,-6,-3,-127
1767174306.284238,-7,-1,-119
1767174306.294238,-11,-3,-114
1767174306.304238,-9,-5,-112
1767174306.314238,-4,-7,-116
1767174306.324238,0,-6,-120
1767174306.334238,2,-3,-118
1767174306.344238,3,-2,-113
1767174306.3542385,1,-2,-118
1767174306.3642385,1,0,-126
1767174306.3742385,4,1,-122
1767174306.3842382,5,-2,-121
1767174306.3942382,6,-4,-121
1767174306.4042382,4,-2,-119
1767174306.4142382,5,0,-121
1767174306.4242382,3,0,-119
1767174306.4342382,6,0,-109
1767174306.4442382,1,0,-106
1767174306.4542382,2,-2,-109
1767174306.4642382,-3,-2,-116
1767174306.4742382,-1,-4,-115
1767174306.484238,0,-4,-117
1767174306.494238,-2,-4,-116
1767174306.504238,-2,-1,-118
1767174306.514238,-2,-4,-122
1767174306.524238,-2,-3,-113
1767174306.534238,0,1,-113
1767174306.544238,1,4,-115
1767174306.554238,4,5,-118
1767174306.564238,0,2,-122
1767174306.574238,-1,-2,-128
1767174306.584238,-2,-6,-135
1767174306.594238,0,-7,-127
1767174306.6042385,4,-7,-127
1767174306.6142385,3,-6,-127
1767174306.6242385,4,-2,-121
1767174306.6342382,1,0,-124
1767174306.6442382,0,-3,-126
1767174306.6542382,0,-4,-132
1767174306.6642382,-1,-4,-137
1767174306.6742382,0,-4,-138
1767174306.6842382,-2,-5,-133
1767174306.6942382,0,-7,-133
1767174306.7042382,-1,-8,-140
1767174306.7142382,-3,-6,-139
1767174306.7242382,-2,-6,-131
1767174306.734238,-8,-7,-129
1767174306.744238,-10,-8,-126
1767174306.754238,-5,-10,-125
1767174306.764238,-6,-9,-128
1767174306.774238,-5,-5,-129
1767174306.784238,-4,-1,-124
1767174306.794238,-5,-5,-120
1767174306.804238,-7,-2,-117
1767174306.814238,-5,-2,-131
1767174306.824238,-1,0,-127
1767174306.834238,1,-1,-129
1767174306.844238,-1,-2,-129
1767174306.8542385,-2,-1,-129
1767174306.8642385,0,1,-125
1767174306.8742385,-1,0,-117
1767174306.8842382,-2,0,-121
1767174306.8942382,-1,-3,-124
1767174306.9042382,2,-5,-121
1767174306.9142382,2,-5,-129
1767174306.9242382,-4,-3,-130
1767174306.9342382,-4,-1,-130
1767174306.9442382,0,-3,-130
1767174306.9542382,1,-3,-129
1767174306.9642382,3,0,-130
1767174306.9742382,4,0,-132
1767174306.984238,1,2,-133
1767174306.994238,-1,2,-132
1767174307.004238,-5,6,-127
1767174307.014238,-5,4,-124
1767174307.024238,-2,2,-122
1767174307.034238,-3,2,-121
1767174307.044238,-2,2,-117
1767174307.054238,0,3,-126
1767174307.064238,2,0,-124
1767174307.074238,4,0,-120
1767174307.084238,0,0,-121
1767174307.094238,-3,-4,-118
1767174307.1042385,-2,-5,-109
1767174307.1142385,0,-4,-114
1767174307.1242385,-1,-3,-112
1767174307.1342382,0,-4,-115
1767174307.1442382,0,-6,-125
1767174307.1542382,0,0,-127
1767174307.1642382,1,0,-129
1767174307.1742382,4,0,-127
1767174307.1842382,3,0,-130
1767174307.1942382,4,-3,-127
1767174307.2042382,4,-7,-130
1767174307.2142382,4,-4,-127
1767174307.2242382,7,-5,-124
1767174307.234238,2,0,-133
1767174307.244238,6,0,-136
1767174307.254238,4,1,-144
1767174307.264238,1,2,-144
1767174307.274238,-2,1,-137
1767174307.284238,0,1,-130
1767174307.294238,-1,1,-127
1767174307.304238,-1,2,-122
1767174307.314238,-3,-2,-124
1767174307.324238,-3,-1,-125
1767174307.334238,-2,0,-122
1767174307.344238,0,0,-122
1767174307.3542385,-2,-1,-123
1767174307.3642385,2,1,-124
1767174307.3742385,3,3,-123
1767174307.3842382,2,3,-120
1767174307.3942382,-3,2,-117
1767174307.4042382,0,1,-120
1767174307.4142382,-2,0,-123
1767174307.4242382,-1,-1,-120
1767174307.4342382,-5,-1,-123
1767174307.4442382,-3,-4,-124
1767174307.4542382,-3,-3,-131
1767174307.4642382,-4,-1,-130
1767174307.4742382,0,-1,-130
1767174307.484238,-4,-2,-130
1767174307.494238,-5,-3,-138
1767174307.504238,1,-4,-137
1767174307.514238,3,-3,-134
1767174307.524238,4,-4,-129
1767174307.534238,2,2,-134
1767174307.544238,5,1,-135
1767174307.554238,1,-2,-137
1767174307.564238,-2,-2,-134
1767174307.574238,-7,-2,-133
1767174307.584238,-9,-2,-134
1767174307.594238,-10,0,-131
1767174307.6042385,-11,3,-129
1767174307.6142385,-6,1,-129
1767174307.6242385,-1,-3,-130
1767174307.6342382,0,-2,-118
1767174307.6442382,1,-3,-115
1767174307.6542382,2,-3,-118
1767174307.6642382,4,-4,-121
1767174307.6742382,6,0,-124
1767174307.6842382,9,1,-120
1767174307.6942382,9,1,-124
1767174307.7042382,4,0,-123
1767174307.7142382,0,-4,-120
1767174307.7242382,-2,-3,-126
1767174307.734238,-2,-3,-117
1767174307.744238,-1,-5,-113
1767174307.754238,1,-8,-117
1767174307.764238,0,-5,-115
1767174307.774238,-7,-2,-122
1767174307.784238,-3,-3,-123
1767174307.794238,-3,-4,-124
1767174307.804238,-1,-8,-124
1767174307.814238,5,-9,-126
1767174307.824238,6,-1,-127
1767174307.834238,4,-2,-122
1767174307.844238,-2,-1,-116
1767174307.8542385,-3,0,-118
1767174307.876238,2,0,-113
1767174307.8842382,3,-1,-115
1767174307.8942382,3,1,-119
1767174307.9042382,2,0,-123
1767174307.9142382,2,3,-122
1767174307.9242382,4,4,-125
1767174307.9342382,3,0,-129
1767174307.9442382,2,-2,-128
1767174307.9542382,2,0,-127
1767174307.9642382,1,-3,-131
1767174307.9742382,1,-2,-131
1767174307.984238,3,-1,-135
1767174307.994238,1,2,-139
1767174308.004238,0,1,-135
1767174308.014238,1,1,-136
1767174308.024238,-1,0,-134
1767174308.034238,-4,-1,-135
1767174308.044238,-8,0,-134
1767174308.054238,-9,2,-129
1767174308.064238,-8,4,-126
1767174308.074238,-3,5,-126
1767174308.084238,-9,4,-124
1767174308.094238,-7,2,-115
1767174308.1042385,0,-4,-119
1767174308.1142385,-5,-8,-119
1767174308.1242385,-1,-6,-117
1767174308.1342382,0,-2,-124
1767174308.1442382,2,-3,-128
1767174308.1542382,5,0,-131
1767174308.1642382,5,-2,-131
1767174308.1742382,2,-3,-128
1767174308.1842382,0,-2,-127
1767174308.1942382,6,-4,-123
1767174308.2042382,5,-6,-120
1767174308.2142382,10,-2,-118
1767174308.2242382,7,0,-120
1767174308.234238,4,0,-124
1767174308.244238,4,-1,-125
1767174308.254238,7,-1,-118
1767174308.264238,4,-3,-116
1767174308.275238,2,-4,-112
1767174308.284238,0,-6,-120
1767174308.294238,-1,-7,-126
1767174308.304238,-1,-6,-126
1767174308.314238,0,-6,-132
1767174308.324238,0,-5,-130
1767174308.334238,0,-3,-131
1767174308.344238,0,2,-132
1767174308.3542385,2,3,-130
1767174308.3642385,4,1,-127
1767174308.3742385,6,1,-128
1767174308.3842382,2,-1,-129
1767174308.3942382,2,-1,-126
1767174308.4042382,-1,-2,-125
1767174308.4142382,-5,-4,-125
1767174308.4242382,-5,-2,-116
1767174308.4342382,-6,-2,-119
1767174308.4442382,-7,-4,-118
1767174308.4542382,-8,-2,-121
1767174308.4642382,-6,-5,-123
1767174308.4742382,-10,-2,-128
1767174308.484238,-8,0,-123
1767174308.494238,-8,3,-132
1767174308.504238,-6,-1,-132
1767174308.514238,-1,-4,-129
1767174308.524238,4,-6,-125
1767174308.534238,6,-5,-130
1767174308.544238,8,0,-129
1767174308.554238,9,3,-125
1767174308.564238,8,1,-121
1767174308.574238,2,-1,-125
1767174308.584238,3,-7,-119
1767174308.594238,1,-6,-119
1767174308.6042385,-2,-3,-123
1767174308.6142385,-1,-2,-123
1767174308.6252382,-2,1,-123
1767174308.6342382,-1,1,-123
1767174308.6442382,-2,3,-120
1767174308.6542382,-4,3,-122
1767174308.665238,-2,0,-120
1767174308.6742382,-1,-1,-123
1767174308.685238,0,0,-123
1767174308.695238,-8,2,-123
1767174308.705238,-7,1,-120
1767174308.715238,-7,0,-118
1767174308.7242382,-6,0,-115
1767174308.735238,-1,1,-116
1767174308.745238,0,-4,-112
1767174308.755238,2,-5,-114
1767174308.765238,1,-2,-117
1767174308.775238,0,-5,-113
1767174308.7852385,6,-7,-121
1767174308.7952385,2,-4,-126
1767174308.8052382,1,-4,-123
1767174308.8152382,0,0,-123
1767174308.8252382,1,1,-117
1767174308.8352382,3,3,-115
1767174308.8452382,1,8,-119
1767174308.8552382,-2,4,-124
1767174308.8652382,0,0,-130
1767174308.8752382,0,-1,-131
1767174308.8852382,-3,0,-133
1767174308.8952382,-7,-2,-133
1767174308.9052382,-9,-2,-129
1767174308.915238,-4,-8,-121
1767174308.925238,-4,-3,-123
1767174308.935238,0,-2,-127
1767174308.945238,-1,-2,-126
1767174308.955238,-2,-2,-123
1767174308.965238,2,-1,-122
1767174308.975238,2,1,-126
1767174308.985238,0,1,-132
1767174308.995238,0,3,-127
1767174309.005238,0,0,-131
1767174309.015238,-3,0,-136
1767174309.025238,1,-1,-131
1767174309.0352385,8,0,-131
1767174309.0452385,10,0,-138
1767174309.0552382,11,-1,-130
1767174309.0652382,10,-2,-132
1767174309.0752382,6,-7,-127
1767174309.0852382,7,-4,-129
1767174309.0952382,6,-6,-132
1767174309.1052382,3,-6,-136
1767174309.1152382,1,-6,-133
1767174309.1252382,2,-6,-133
1767174309.1352382,3,-8,-136
1767174309.1452382,4,-7,-136
1767174309.1552382,4,-8,-132
1767174309.165238,4,-11,-130
1767174309.175238,0,-11,-124
1767174309.185238,2,-7,-121
1767174309.195238,0,-8,-114
1767174309.205238,0,-11,-114
1767174309.215238,-1,-11,-116
1767174309.225238,1,-8,-114
1767174309.235238,0,-8,-116
1767174309.245238,0,-7,-117
1767174309.255238,0,-5,-122
1767174309.265238,3,-7,-118
1767174309.275238,5,-8,-120
1767174309.2852385,6,-10,-123
1767174309.2952385,6,-8,-121
1767174309.3052382,4,-9,-121
1767174309.3152382,3,-7,-127
1767174309.3252382,4,-6,-127
1767174309.3352382,3,-6,-126
1767174309.3452382,-3,-3,-124
1767174309.3552382,-2,-7,-118
1767174309.3652382,0,-8,-119
1767174309.3752382,-3,-9,-121
1767174309.3852382,-3,-9,-127
1767174309.3952382,-2,-10,-131
1767174309.4052382,4,-9,-131
1767174309.415238,2,-8,-134
1767174309.425238,1,-8,-131
1767174309.435238,1,-2,-128
1767174309.445238,3,-1,-124
1767174309.455238,2,3,-125
1767174309.465238,0,1,-121
1767174309.475238,2,0,-118
1767174309.485238,1,-3,-117
1767174309.495238,0,-5,-115
1767174309.505238,0,-8,-118
1767174309.515238,3,-7,-115
1767174309.525238,-1,-4,-109
1767174309.5352385,-1,-6,-110
1767174309.5452385,-2,-7,-111
1767174309.5552382,0,-8,-114
1767174309.5652382,-1,-8,-117
1767174309.5752382,0,-3,-127
1767174309.5852382,0,0,-126
1767174309.5952382,2,-2,-122
1767174309.6052382,-2,-3,-120
1767174309.6152382,-1,-1,-122
1767174309.6252382,-2,-1,-121
1767174309.6352382,0,-5,-131
1767174309.6452382,0,-4,-133
1767174309.6552382,1,-2,-136
1767174309.665238,0,0,-132
1767174309.675238,0,2,-132
1767174309.685238,0,9,-137
1767174309.695238,-4,8,-123
1767174309.705238,2,6,-124
1767174309.715238,1,4,-124
1767174309.725238,1,1,-129
1767174309.735238,-1,-3,-128
1767174309.745238,2,-4,-128
1767174309.755238,2,-2,-126
1767174309.765238,4,-2,-120
1767174309.775238,1,-2,-121
1767174309.7852385,3,0,-119
1767174309.7952385,2,-5,-114
1767174309.8052382,3,-2,-117
1767174309.8152382,3,0,-113
1767174309.8252382,0,3,-120
1767174309.8352382,-4,0,-118
1767174309.8452382,0,-1,-119
1767174309.8552382,-1,-3,-115
1767174309.8652382,-1,-3,-117
1767174309.8752382,-1,-2,-116
1767174309.8852382,0,0,-117
1767174309.8952382,3,4,-121
1767174309.9052382,2,7,-121
1767174309.915238,3,7,-128
1767174309.925238,4,6,-132
1767174309.935238,6,7,-129
1767174309.945238,4,6,-128
1767174309.955238,5,2,-131
1767174309.965238,5,2,-131
1767174309.975238,5,1,-132
1767174309.985238,-1,2,-132
1767174309.995238,1,-1,-125
1767174310.005238,-3,-1,-128
1767174310.015238,0,-4,-124
1767174310.025238,5,-6,-124
1767174310.0352385,9,-6,-119
1767174310.0452385,2,-7,-109
1767174310.0552382,-1,-10,-110
1767174310.0652382,0,-6,-119
1767174310.0752382,0,-3,-123
1767174310.0852382,1,-1,-116
1767174310.0952382,3,-1,-118
1767174310.1052382,4,2,-125
1767174310.1152382,6,5,-125
1767174310.1252382,2,11,-121
1767174310.1352382,0,9,-122
1767174310.1452382,-1,4,-127
1767174310.1552382,1,3,-128
1767174310.165238,1,3,-131
1767174310.175238,1,0,-128
1767174310.185238,1,-2,-124
1767174310.195238,5,-6,-124
1767174310.205238,7,-11,-122
1767174310.215238,9,-7,-120
1767174310.225238,7,-5,-119
1767174310.235238,7,-9,-111
1767174310.245238,5,-5,-106
1767174310.255238,-1,0,-109
1767174310.265238,-2,0,-108
1767174310.275238,-5,0,-108
1767174310.2852385,-4,-4,-115
1767174310.2952385,-4,-3,-119
1767174310.3052382,-1,-4,-116
1767174310.3152382,-2,-3,-123
1767174310.3252382,-6,-1,-121
1767174310.3352382,-7,0,-117
1767174310.3452382,-7,-1,-117
1767174310.3552382,-7,0,-122
1767174310.3652382,-4,0,-114
1767174310.3752382,-2,0,-112
1767174310.3852382,1,-2,-110
1767174310.3952382,1,-3,-120
1767174310.4052382,-3,-4,-117
1767174310.415238,-2,-3,-120
1767174310.425238,-4,-1,-113
1767174310.435238,-5,1,-109
1767174310.445238,-6,3,-113
1767174310.455238,-4,1,-127
1767174310.465238,-7,0,-136
1767174310.475238,-1,-6,-134
1767174310.485238,3,-9,-126
1767174310.495238,2,-8,-122
1767174310.505238,3,-8,-118
1767174310.515238,6,-5,-122
1767174310.525238,5,-5,-126
1767174310.5352385,3,-3,-128
1767174310.5452385,1,-2,-128
1767174310.5552382,1,0,-131
1767174310.5652382,2,1,-129
1767174310.5752382,3,2,-127
1767174310.5852382,4,-2,-134
1767174310.5952382,1,-5,-134
1767174310.6052382,3,-3,-129
1767174310.6152382,4,0,-124
1767174310.6252382,4,0,-118
1767174310.6352382,1,0,-117
1767174310.6452382,-3,0,-122
1767174310.6552382,-5,-3,-122
1767174310.665238,-5,-9,-128
1767174310.675238,-6,-4,-134
1767174310.685238,-5,-2,-128
1767174310.695238,0,1,-117
1767174310.705238,-1,0,-112
1767174310.715238,-1,2,-109
1767174310.725238,3,7,-111
1767174310.735238,3,1,-114
1767174310.745238,7,-3,-117
1767174310.755238,1,0,-120
1767174310.765238,0,0,-119
1767174310.775238,-2,1,-117
1767174310.7852385,1,3,-120
1767174310.7952385,0,1,-124
1767174310.8052382,1,0,-123
1767174310.8152382,5,0,-121
1767174310.8252382,1,0,-119
1767174310.8352382,0,4,-123
1767174310.8452382,-5,0,-123
1767174310.8552382,-2,1,-116
1767174310.8652382,3,0,-122
1767174310.8752382,4,-2,-125
1767174310.8852382,5,-7,-121
1767174310.8952382,6,-6,-125
1767174310.9052382,4,-7,-127
1767174310.915238,8,-2,-119
1767174310.925238,6,-5,-122
1767174310.935238,1,-4,-123
1767174310.945238,2,0,-124
1767174310.955238,5,0,-125
1767174310.965238,2,0,-121
1767174310.975238,0,-3,-121
1767174310.985238,5,-1,-121
1767174310.995238,4,-5,-125
1767174311.005238,3,-3,-131
1767174311.015238,4,-6,-137
1767174311.025238,7,-4,-126
1767174311.0352385,3,-3,-128
1767174311.0452385,2,-7,-125
1767174311.0552382,3,-6,-120
1767174311.0652382,-1,-7,-121
1767174311.0752382,-1,-5,-122
1767174311.0852382,-3,-2,-125
1767174311.0952382,0,-4,-122
1767174311.1052382,3,-8,-122
1767174311.1152382,1,-7,-123
1767174311.1252382,1,-5,-129
1767174311.1352382,0,-11,-138
1767174311.1452382,1,-9,-133
1767174311.1552382,1,-4,-132
1767174311.165238,0,-5,-132
1767174311.175238,0,-3,-133
1767174311.185238,-1,-3,-123
1767174311.195238,0,-5,-128
1767174311.205238,-4,-6,-133
1767174311.215238,-4,-6,-131
1767174311.225238,-2,-4,-132
1767174311.235238,0,0,-129
1767174311.245238,3,-4,-127
1767174311.255238,0,-5,-132
1767174311.2662382,-1,-5,-133
1767174311.275238,-4,-4,-136
1767174311.2852385,-4,-5,-130
1767174311.2962382,-2,-8,-127
1767174311.3052382,-5,-5,-126
1767174311.3152382,-1,-2,-129
1767174311.3262382,-4,-3,-123
1767174311.336238,-7,-4,-120
1767174311.346238,-7,-3,-118
1767174311.356238,-8,-4,-114
1767174311.366238,-7,-4,-119
1767174311.376238,-6,-4,-116
1767174311.386238,-6,-2,-123
1767174311.396238,-8,-2,-127
1767174311.406238,-3,-1,-128
1767174311.416238,-2,-5,-125
1767174311.426238,-2,-6,-125
1767174311.436238,-2,-6,-121
1767174311.446238,0,-2,-120
1767174311.4562385,-1,0,-122
1767174311.4662385,0,0,-121
1767174311.4762385,0,0,-118
1767174311.4862382,-2,-2,-116
1767174311.4962382,2,-3,-116
1767174311.5062382,0,-4,-113
1767174311.5162382,-1,-4,-119
1767174311.5262382,-3,-4,-117
1767174311.5362382,-3,-2,-119
1767174311.5462382,0,-3,-124
1767174311.5562382,0,-7,-134
1767174311.5662382,-1,-6,-131
1767174311.5762382,0,-5,-131
1767174311.586238,0,-7,-129
1767174311.596238,0,-7,-131
1767174311.606238,0,-4,-126
1767174311.616238,-1,-5,-126
1767174311.626238,-2,0,-123
1767174311.636238,0,-2,-126
1767174311.646238,0,-1,-130
1767174311.656238,0,0,-129
1767174311.666238,1,-3,-126
1767174311.676238,1,-9,-122
1767174311.686238,2,-4,-122
1767174311.696238,3,-1,-125
1767174311.7062385,3,-2,-129
1767174311.7162385,3,-1,-131
1767174311.7262385,1,-2,-123
1767174311.7362382,1,0,-126
1767174311.7462382,-1,1,-130
1767174311.7562382,-3,4,-123
1767174311.7662382,-3,2,-125
1767174311.7762382,-2,-2,-123
1767174311.7862382,0,-3,-125
1767174311.7962382,4,-1,-119
1767174311.8062382,1,-1,-119
1767174311.8162382,-3,-1,-122
1767174311.8262382,0,-1,-122
1767174311.836238,0,-2,-125
1767174311.846238,0,-3,-123
1767174311.856238,0,-3,-118
1767174311.866238,-2,-3,-117
1767174311.876238,1,-2,-119
1767174311.886238,0,-3,-124
1767174311.896238,1,-6,-126
1767174311.906238,5,-2,-123
1767174311.916238,6,1,-129
1767174311.926238,3,0,-127
1767174311.936238,3,-1,-130
1767174311.946238,0,-2,-131
1767174311.9562385,1,-1,-126
1767174311.9662385,1,-2,-126
1767174311.9762385,0,-4,-123
1767174311.9862382,-3,-3,-125
1767174311.9962382,0,-3,-128
1767174312.0062382,-2,-6,-132
1767174312.0162382,0,-10,-133
1767174312.0262382,-5,-16,-131
1767174312.0362382,-8,-11,-126
1767174312.0462382,-6,-9,-126
1767174312.0562382,-2,-6,-131
1767174312.0662382,-4,-3,-132
1767174312.0762382,-8,-4,-134
1767174312.086238,-4,-2,-131
1767174312.096238,-2,0,-126
1767174312.106238,0,0,-128
1767174312.116238,3,-1,-127
1767174312.126238,-4,-1,-133
1767174312.136238,-7,-1,-129
1767174312.146238,-3,-4,-130
1767174312.156238,-3,0,-129
1767174312.166238,-4,-1,-124
1767174312.176238,-3,-1,-116
1767174312.186238,-1,-1,-114
1767174312.196238,-1,-3,-116
1767174312.2062385,-1,-3,-116
1767174312.2162385,0,-5,-122
1767174312.2262385,-1,-3,-128
1767174312.2362382,-4,-3,-133
1767174312.2462382,-4,-7,-122
1767174312.2562382,-3,-9,-117
1767174312.2662382,-6,-10,-120
1767174312.2762382,-1,-5,-127
1767174312.2862382,1,-9,-123
1767174312.2962382,-2,-10,-124
1767174312.3062382,-1,-9,-125
1767174312.3162382,0,-7,-116
1767174312.3262382,-2,-8,-117
1767174312.336238,2,-5,-123
1767174312.346238,6,-2,-118
1767174312.356238,3,-4,-121
1767174312.366238,1,-7,-123
1767174312.376238,-5,-8,-124
1767174312.386238,0,-8,-122
1767174312.396238,-1,-7,-123
1767174312.406238,0,-1,-122
1767174312.416238,2,-1,-128
1767174312.426238,1,-2,-130
1767174312.436238,5,0,-129
1767174312.446238,8,-1,-126
1767174312.4562385,5,-3,-130
1767174312.4662385,3,-9,-139
1767174312.4762385,1,-8,-131
1767174312.4862382,-3,-6,-129
1767174312.4962382,-3,-6,-132
1767174312.5062382,-3,-8,-127
1767174312.5162382,-3,-5,-126
1767174312.5262382,-3,-4,-125
1767174312.5362382,-4,-4,-120
1767174312.5462382,-3,-6,-119
1767174312.5562382,-4,-3,-123
1767174312.5662382,-4,-4,-123
1767174312.5762382,-6,-3,-126
1767174312.586238,0,-3,-130
1767174312.596238,0,-3,-128
1767174312.606238,2,0,-126
1767174312.616238,0,-3,-128
1767174312.626238,2,0,-120
1767174312.636238,5,0,-116
1767174312.646238,1,-1,-121
1767174312.656238,3,-3,-124
1767174312.666238,5,-5,-121
1767174312.676238,2,-9,-121
1767174312.686238,0,-3,-121
1767174312.696238,-4,-2,-120
1767174312.7062385,-9,-3,-117
1767174312.7162385,-6,-6,-121
1767174312.7262385,-3,-6,-125
1767174312.7362382,-3,-2,-130
1767174312.7462382,0,-2,-130
1767174312.7562382,1,0,-121
1767174312.7662382,2,1,-116
1767174312.7762382,3,1,-116
1767174312.7862382,4,0,-116
1767174312.7962382,4,3,-118
1767174312.8062382,6,3,-125
1767174312.8162382,3,2,-122
1767174312.8262382,0,0,-120
1767174312.836238,-5,1,-123
1767174312.846238,-5,2,-128
1767174312.856238,-6,3,-129
1767174312.866238,-3,4,-126
1767174312.8872385,0,3,-122
1767174312.896238,0,-2,-122
1767174312.906238,-1,-2,-124
1767174312.916238,0,-2,-129
1767174312.926238,-4,-3,-129
1767174312.936238,-7,-3,-125
1767174312.946238,0,-4,-124
1767174312.9562385,-3,-7,-121
1767174312.9662385,-3,-8,-130
1767174312.9762385,-3,-6,-130
1767174312.9862382,-4,-2,-129
1767174312.9962382,0,-6,-132
1767174313.0062382,-4,-5,-128
1767174313.0162382,-4,-2,-127
1767174313.0262382,-5,-3,-115
1767174313.0362382,-4,3,-110
1767174313.0462382,-3,3,-115
1767174313.0562382,-3,2,-117
1767174313.0662382,-5,3,-118
1767174313.0762382,-5,1,-112
1767174313.086238,-2,1,-116
1767174313.096238,-2,-2,-118
1767174313.106238,-2,-4,-116
1767174313.116238,-7,-3,-111
1767174313.126238,-3,-5,-122
1767174313.136238,-4,-5,-123
1767174313.146238,-5,-6,-129
1767174313.156238,-4,-5,-126
1767174313.166238,-1,-5,-122
1767174313.176238,0,1,-126
1767174313.186238,0,1,-127
1767174313.196238,-1,1,-130
1767174313.2062385,0,1,-128
1767174313.2162385,0,0,-123
1767174313.2262385,3,1,-122
1767174313.2362382,4,0,-125
1767174313.2462382,1,0,-127
1767174313.2562382,-1,0,-120
1767174313.2662382,-1,1,-125
1767174313.2762382,-4,3,-125
1767174313.2862382,0,3,-133
1767174313.2962382,1,2,-139
1767174313.3062382,5,-2,-135
1767174313.3162382,3,-1,-132
1767174313.3262382,3,2,-134
1767174313.336238,-2,3,-139
1767174313.346238,-3,1,-133
1767174313.356238,-2,5,-129
1767174313.366238,-3,7,-123
1767174313.376238,-1,2,-126
1767174313.386238,-1,0,-128
1767174313.396238,1,0,-132
1767174313.406238,3,1,-125
1767174313.416238,4,3,-113
1767174313.426238,5,4,-111
1767174313.436238,4,0,-120
1767174313.446238,1,-4,-117
1767174313.4562385,0,-6,-120
1767174313.4662385,2,-5,-120
1767174313.4762385,4,-5,-120
1767174313.4862382,6,-1,-124
1767174313.4962382,6,-4,-123
1767174313.5062382,3,0,-117
1767174313.5162382,-2,-1,-116
1767174313.5262382,-2,-3,-124
1767174313.5362382,-6,-4,-125
1767174313.5462382,2,-7,-126
1767174313.5562382,2,-9,-133
1767174313.5662382,5,-5,-123
1767174313.5762382,1,-5,-129
1767174313.586238,-3,0,-124
1767174313.596238,0,4,-126
1767174313.606238,-3,5,-127
1767174313.616238,0,6,-121
1767174313.626238,0,4,-120
1767174313.636238,2,4,-114
1767174313.646238,2,-1,-118
1767174313.656238,8,2,-119
1767174313.666238,8,0,-120
1767174313.676238,7,2,-124
1767174313.686238,2,3,-125
1767174313.696238,0,4,-128
1767174313.7062385,2,2,-135
1767174313.7162385,1,0,-132
1767174313.7262385,0,-1,-128
1767174313.7362382,0,0,-122
1767174313.7462382,0,-2,-127
1767174313.7562382,-2,-2,-129
1767174313.7662382,0,-4,-126
1767174313.7762382,3,-4,-126
1767174313.7862382,3,-1,-127
1767174313.7962382,3,-2,-127
1767174313.8062382,0,-2,-129
1767174313.8162382,0,-3,-132
1767174313.8262382,4,-6,-128
1767174313.836238,3,-7,-131
1767174313.846238,0,-6,-133
1767174313.856238,3,-8,-129
1767174313.866238,2,-6,-129
1767174313.876238,1,-6,-127
1767174313.886238,4,0,-119
1767174313.896238,3,0,-121
1767174313.906238,2,-1,-118
1767174313.9172382,0,2,-118
1767174313.926238,3,4,-114
1767174313.936238,-2,-2,-120
1767174313.9472382,-2,-5,-124
1767174313.9572382,-4,-3,-128
1767174313.9672382,-1,2,-128
1767174313.9772382,-1,-4,-131
1767174313.9872382,0,-9,-130
1767174313.9972382,-2,-9,-131
1767174314.007238,0,-11,-128
1767174314.017238,-3,-7,-128
1767174314.027238,-4,-6,-132
1767174314.037238,-7,-2,-130
1767174314.047238,-4,0,-135
1767174314.057238,-8,-3,-132
1767174314.067238,-6,-2,-124
1767174314.077238,-2,1,-122
1767174314.087238,0,0,-122
1767174314.097238,6,0,-121
1767174314.107238,6,0,-118
1767174314.117238,5,-1,-120
1767174314.127238,4,0,-122
1767174314.1372385,2,0,-129
1767174314.1472385,-1,1,-131
1767174314.1572382,-2,3,-125
1767174314.1672382,-2,0,-125
1767174314.1772382,1,1,-128
1767174314.1872382,2,1,-128
1767174314.1972382,3,1,-127
1767174314.2072382,6,2,-130
1767174314.2172382,3,3,-131
1767174314.2272382,3,6,-128
1767174314.2372382,5,5,-130
1767174314.2472382,8,2,-132
1767174314.257238,4,1,-129
1767174314.267238,0,0,-132
1767174314.277238,0,3,-131
1767174314.287238,-5,0,-133
1767174314.297238,-4,0,-135
1767174314.307238,-3,-1,-131
1767174314.317238,0,-3,-131
1767174314.327238,4,-4,-129
1767174314.337238,5,-2,-127
1767174314.347238,4,-3,-126
1767174314.357238,2,-5,-119
1767174314.367238,6,-3,-122
1767174314.377238,3,-2,-124
1767174314.3872385,6,-1,-123
1767174314.3972385,6,2,-125
1767174314.4072382,5,2,-117
1767174314.4172382,6,-1,-119
1767174314.4272382,5,0,-119
1767174314.4372382,4,3,-123
1767174314.4472382,3,0,-126
1767174314.4572382,-1,0,-131
1767174314.4672382,0,1,-138
1767174314.4772382,0,0,-132
1767174314.4872382,2,2,-124
1767174314.4972382,-6,3,-121
1767174314.507238,-9,6,-112
1767174314.517238,-7,4,-117
1767174314.527238,-7,5,-122
1767174314.537238,-5,3,-129
1767174314.547238,-4,2,-127
1767174314.557238,-4,0,-118
1767174314.567238,0,4,-123
1767174314.577238,4,0,-126
1767174314.587238,9,0,-127
1767174314.597238,9,0,-133
1767174314.607238,8,-3,-130
1767174314.617238,6,-3,-120
1767174314.627238,0,0,-117
1767174314.6372385,0,1,-120
1767174314.6472385,0,1,-128
1767174314.6572382,0,5,-124
1767174314.6672382,1,0,-118
1767174314.6772382,2,2,-115
1767174314.6872382,3,1,-115
1767174314.6972382,-1,1,-117
1767174314.7072382,-1,2,-114
1767174314.7172382,-3,3,-116
1767174314.7272382,-1,2,-113
1767174314.7372382,0,-1,-111
1767174314.7472382,0,-4,-119
1767174314.757238,0,-4,-128
1767174314.767238,-6,-8,-124
1767174314.777238,-7,-9,-120
1767174314.787238,0,-8,-122
1767174314.797238,-1,-8,-114
1767174314.807238,-2,-5,-110
1767174314.817238,-2,-2,-105
1767174314.827238,-1,1,-107
1767174314.837238,-4,3,-109
1767174314.847238,-5,-2,-115
1767174314.857238,-7,0,-114
1767174314.867238,-9,3,-118
1767174314.877238,-7,3,-122
1767174314.8872385,-9,4,-121
1767174314.8972385,-8,4,-119
1767174314.9072382,-6,0,-123
1767174314.9172382,-4,-2,-115
1767174314.9272382,-3,-1,-114
1767174314.9372382,-3,-5,-123
1767174314.9472382,0,0,-129
1767174314.9572382,0,3,-133
1767174314.9672382,-3,3,-129
1767174314.9772382,1,0,-125
1767174314.9872382,1,0,-127
1767174314.9972382,-4,0,-133
1767174315.007238,-4,-5,-132
1767174315.017238,-5,-1,-134
1767174315.027238,-5,-1,-134
1767174315.037238,-10,0,-129
1767174315.047238,-7,-3,-118
1767174315.057238,-4,-1,-115
1767174315.067238,0,-3,-115
1767174315.077238,0,-1,-118
1767174315.087238,0,0,-114
1767174315.097238,3,-2,-110
1767174315.107238,0,-4,-116
1767174315.117238,0,-1,-118
1767174315.127238,0,1,-120
1767174315.1372385,2,2,-117
1767174315.1472385,1,-1,-119
1767174315.1572382,2,-2,-126
1767174315.1672382,4,-3,-131
1767174315.1772382,4,-3,-127
1767174315.1872382,1,-2,-127
1767174315.1972382,0,-4,-119
1767174315.2072382,0,-4,-119
1767174315.2172382,0,-4,-126
1767174315.2272382,1,0,-119
1767174315.2372382,4,2,-121
1767174315.2472382,5,1,-122
1767174315.257238,4,1,-118
1767174315.267238,2,2,-118
1767174315.277238,1,-4,-118
1767174315.287238,0,-4,-118
1767174315.297238,0,-2,-122
1767174315.307238,-1,0,-119
1767174315.317238,-2,1,-116
1767174315.327238,1,-1,-120
1767174315.337238,3,-1,-120
1767174315.347238,3,0,-124
1767174315.357238,-2,0,-121
1767174315.367238,-3,0,-122
1767174315.377238,-1,0,-122
1767174315.3872385,-1,-2,-119
1767174315.3972385,1,0,-119
1767174315.4072382,0,-1,-115
1767174315.4172382,0,-4,-120
1767174315.4272382,5,-6,-115
1767174315.4372382,4,-4,-116
1767174315.4472382,2,-7,-122
1767174315.4572382,0,-6,-123
1767174315.4672382,0,-8,-120
1767174315.4772382,1,-1,-116
1767174315.4872382,0,-3,-115
1767174315.4972382,0,-3,-119
1767174315.507238,-2,-2,-122
1767174315.517238,-2,-1,-124
1767174315.527238,-1,1,-122
1767174315.537238,-2,-1,-123
1767174315.547238,0,0,-125
1767174315.557238,3,1,-125
1767174315.567238,0,1,-128
1767174315.577238,2,2,-134
1767174315.587238,1,0,-132
1767174315.597238,3,-1,-123
1767174315.607238,1,-1,-116
1767174315.617238,0,-3,-111
1767174315.627238,-2,-4,-112
1767174315.6372385,-5,-2,-113
1767174315.6472385,-3,-2,-109
1767174315.6572382,-4,-6,-103
1767174315.6672382,-2,-2,-107
1767174315.6772382,-4,-3,-116
1767174315.6872382,0,-2,-109
1767174315.6972382,6,0,-112
1767174315.7072382,3,2,-120
1767174315.7172382,5,0,-131
1767174315.7272382,2,2,-131
1767174315.7372382,-2,0,-125
1767174315.7472382,-5,1,-124
1767174315.757238,-4,1,-129
1767174315.767238,-4,-3,-125
1767174315.777238,0,-3,-125
1767174315.787238,3,-3,-123
1767174315.797238,6,-1,-125
1767174315.807238,5,-3,-123
1767174315.817238,3,-3,-120
1767174315.827238,2,-5,-117
1767174315.837238,3,-10,-114
1767174315.847238,5,-8,-118
1767174315.857238,5,-7,-121
1767174315.867238,2,-1,-125
1767174315.877238,3,-2,-128
1767174315.8872385,0,-1,-132
1767174315.8972385,-4,-4,-127
1767174315.9072382,0,-4,-129
1767174315.9172382,-4,-5,-130
1767174315.9272382,-5,-1,-130
1767174315.9372382,-4,-3,-122
1767174315.9472382,-5,-4,-121
1767174315.9572382,-4,-4,-128
1767174315.9672382,0,-9,-130
1767174315.9772382,-1,-5,-126
1767174315.9872382,-1,-4,-122
1767174315.9972382,-1,-2,-120
1767174316.007238,-8,5,-130
1767174316.017238,-5,6,-133
1767174316.027238,-2,6,-130
1767174316.037238,-4,4,-131
1767174316.047238,0,4,-130
1767174316.057238,0,1,-122
1767174316.067238,2,4,-114
1767174316.077238,1,9,-114
1767174316.087238,-1,3,-120
1767174316.097238,0,0,-120
1767174316.107238,1,1,-120
1767174316.117238,7,0,-117
1767174316.127238,5,1,-119
1767174316.1372385,1,0,-115
1767174316.1472385,1,0,-112
1767174316.1572382,0,2,-114
1767174316.1672382,0,-1,-117
1767174316.1772382,4,-1,-111
1767174316.1872382,4,0,-111
1767174316.1972382,0,3,-118
1767174316.2072382,2,-1,-119
1767174316.2172382,3,0,-118
1767174316.2272382,0,0,-118
1767174316.2372382,-1,-1,-109
1767174316.2472382,-1,0,-113
1767174316.257238,-1,0,-115
1767174316.267238,-1,0,-117
1767174316.277238,-1,1,-118
1767174316.287238,-3,0,-131
1767174316.297238,1,0,-131
1767174316.307238,0,1,-130
1767174316.317238,1,4,-124
1767174316.327238,2,3,-119
1767174316.337238,2,3,-125
1767174316.347238,2,-1,-134
1767174316.357238,3,-5,-133
1767174316.367238,2,-7,-131
1767174316.377238,0,-5,-127
1767174316.3872385,0,-3,-131
1767174316.3972385,1,0,-132
1767174316.4072382,0,3,-134
1767174316.4172382,-1,4,-130
1767174316.4272382,0,0,-126
1767174316.4372382,-3,0,-125
1767174316.4472382,-6,-1,-121
1767174316.4572382,-1,-3,-122
1767174316.4672382,-1,-6,-119
1767174316.4772382,-1,-7,-123
1767174316.4872382,-1,-8,-126
1767174316.4972382,0,-11,-133
1767174316.507238,0,-7,-133
1767174316.517238,6,-3,-130
1767174316.527238,7,-3,-133
1767174316.537238,6,-4,-129
1767174316.547238,0,-6,-128
1767174316.557238,1,-4,-123
1767174316.567238,-1,-8,-121
1767174316.5782382,-1,-5,-119
1767174316.5882382,0,0,-120
1767174316.5982382,-1,4,-120
1767174316.6082382,-4,1,-118
1767174316.6182382,-2,5,-114
1767174316.6282382,0,3,-112
1767174316.6382382,0,0,-112
1767174316.6482382,-1,1,-110
1767174316.6582382,-5,0,-116
1767174316.6682382,0,-1,-116
1767174316.6782382,0,4,-116
1767174316.688238,0,0,-117
1767174316.698238,0,-3,-117
1767174316.708238,-2,-3,-119
1767174316.718238,-2,2,-120
1767174316.728238,-2,3,-129
1767174316.738238,-2,1,-132
1767174316.748238,4,0,-137
1767174316.758238,1,0,-135
1767174316.768238,2,0,-134
1767174316.778238,-2,-4,-133
1767174316.788238,-2,-6,-133
1767174316.798238,0,-5,-128
1767174316.8082385,0,-1,-125
1767174316.8182385,2,2,-124
1767174316.8282382,0,2,-124
1767174316.8382382,2,-3,-122
1767174316.8482382,3,-1,-116
1767174316.8582382,1,0,-113
1767174316.8682382,2,0,-112
1767174316.8782382,6,1,-113
1767174316.8882382,8,0,-121
1767174316.8982382,6,-2,-120
1767174316.9082382,6,-2,-116
1767174316.9182382,3,-6,-111
1767174316.9282382,2,-4,-116
1767174316.938238,1,-5,-119
1767174316.948238,4,-3,-124
1767174316.958238,6,1,-121
1767174316.968238,5,-1,-117
1767174316.978238,2,-4,-117
1767174316.988238,1,-4,-116
1767174316.998238,1,-1,-115
1767174317.008238,3,0,-119
1767174317.018238,1,0,-118
1767174317.028238,0,-2,-118
1767174317.038238,0,0,-127
1767174317.048238,-1,0,-135
1767174317.0582385,-3,-5,-135
1767174317.0682385,-1,-10,-131
1767174317.0782382,4,-12,-126
1767174317.0882382,-2,-12,-117
1767174317.0982382,-2,-11,-117
1767174317.1082382,-1,-7,-120
1767174317.1182382,-1,-4,-125
1767174317.1282382,0,-1,-119
1767174317.1382382,-3,-4,-116
1767174317.1482382,-2,-5,-118
1767174317.1582382,0,-3,-119
1767174317.1682382,0,-2,-118
1767174317.1782382,1,-2,-118
1767174317.188238,-1,3,-117
1767174317.198238,-1,0,-118
1767174317.208238,-2,-2,-112
1767174317.218238,-3,1,-113
1767174317.228238,-5,3,-111
1767174317.238238,-4,3,-111
1767174317.248238,-4,1,-115
1767174317.258238,-7,0,-123
1767174317.268238,-11,-3,-122
1767174317.278238,-6,-3,-118
1767174317.288238,-4,-2,-121
1767174317.298238,-2,0,-118
1767174317.3082385,0,1,-116
1767174317.3182385,1,0,-112
1767174317.3282382,2,0,-110
1767174317.3382382,0,0,-113
1767174317.3482382,1,1,-117
1767174317.3582382,2,0,-119
1767174317.3682382,2,0,-118
1767174317.3782382,2,-4,-123
1767174317.389238,0,-6,-124
1767174317.3982382,-5,-4,-130
1767174317.4082382,-2,-2,-124
1767174317.4182382,0,-2,-119
1767174317.4282382,6,-7,-114
1767174317.438238,7,-11,-111
1767174317.448238,9,-9,-113
1767174317.458238,1,-7,-121
1767174317.468238,-1,-4,-127
1767174317.478238,1,-5,-125
1767174317.488238,4,-5,-127
1767174317.498238,6,-5,-136
1767174317.508238,8,-7,-123
1767174317.518238,7,-3,-121
1767174317.528238,5,0,-121
1767174317.538238,3,0,-124
1767174317.548238,2,0,-125
1767174317.5582385,2,-1,-121
1767174317.5682385,0,0,-122
1767174317.5782382,0,3,-122
1767174317.5882382,0,4,-123
1767174317.5982382,-3,3,-119
1767174317.6082382,-2,4,-124
1767174317.6182382,2,3,-125
1767174317.6282382,0,3,-122
1767174317.6382382,0,8,-120
1767174317.6482382,-1,9,-126
1767174317.6582382,-7,7,-125
1767174317.6682382,-7,3,-120
1767174317.6782382,-4,2,-126
1767174317.688238,0,0,-125
1767174317.698238,0,0,-125
1767174317.708238,-3,3,-121
1767174317.718238,1,5,-119
1767174317.728238,-2,7,-121
1767174317.738238,0,6,-124
1767174317.748238,-1,5,-132
1767174317.758238,-3,2,-129
1767174317.768238,-3,1,-126
1767174317.778238,-2,-2,-128
1767174317.788238,-4,-1,-121
1767174317.798238,-6,-3,-117
1767174317.8082385,-6,-2,-119
1767174317.8182385,-6,-2,-123
1767174317.8282382,-6,0,-124
1767174317.8382382,-4,-5,-123
1767174317.8482382,-4,-2,-120
1767174317.8582382,-6,1,-115
1767174317.8682382,-3,1,-115
1767174317.8782382,-2,3,-117
1767174317.899238,-4,1,-112
1767174317.9082382,0,2,-114
1767174317.9182382,-1,0,-115
1767174317.9282382,-3,1,-115
1767174317.938238,-1,5,-104
1767174317.948238,-2,3,-110
1767174317.958238,1,0,-114
1767174317.968238,6,0,-118
1767174317.978238,1,1,-124
1767174317.988238,-1,-2,-126
1767174317.998238,-2,-1,-135
1767174318.008238,0,-5,-136
1767174318.018238,1,-2,-132
1767174318.028238,2,0,-131
1767174318.038238,0,1,-128
1767174318.048238,-1,2,-135
1767174318.0582385,-6,1,-130
1767174318.0682385,-7,0,-130
1767174318.0782382,-2,0,-129
1767174318.0882382,-2,0,-122
1767174318.0982382,0,-2,-120
1767174318.1082382,-2,-2,-116
1767174318.1182382,-4,-3,-116
1767174318.1282382,-4,-2,-112
1767174318.1382382,-8,-4,-119
1767174318.1482382,-5,-2,-123
1767174318.1582382,-1,-3,-124
1767174318.1682382,-2,-3,-117
1767174318.1782382,0,1,-116
1767174318.188238,-2,0,-125
1767174318.198238,1,-1,-124
1767174318.208238,-1,1,-126
1767174318.218238,-4,7,-127
1767174318.228238,-5,7,-125
1767174318.238238,-8,4,-128
1767174318.248238,-4,3,-127
1767174318.258238,-4,3,-123
1767174318.268238,-4,1,-120
1767174318.278238,0,0,-116
1767174318.288238,0,0,-120
1767174318.298238,-3,4,-128
1767174318.3082385,-7,6,-133
1767174318.3182385,-11,1,-137
1767174318.3282382,-8,3,-130
1767174318.3382382,-7,0,-126
1767174318.3482382,0,-2,-122
1767174318.3582382,-1,-4,-122
1767174318.3682382,0,-4,-116
1767174318.3782382,1,1,-117
1767174318.3882382,-2,1,-122
1767174318.3982382,-1,3,-119
1767174318.4082382,0,2,-117
1767174318.4182382,-3,-1,-121
1767174318.4282382,-4,2,-129
1767174318.438238,3,1,-130
1767174318.448238,8,0,-124
1767174318.458238,3,-2,-122
1767174318.468238,1,-3,-125
1767174318.478238,2,-9,-123
1767174318.488238,7,-8,-132
1767174318.498238,13,-6,-132
1767174318.508238,9,-6,-127
1767174318.518238,7,-4,-135
1767174318.528238,5,-4,-135
1767174318.538238,5,-7,-138
1767174318.548238,2,-9,-136
1767174318.5582385,3,-10,-133
1767174318.5682385,2,-12,-137
1767174318.5782382,5,-11,-137
1767174318.5882382,3,-7,-134
1767174318.5982382,10,-3,-128
1767174318.6082382,4,-1,-124
1767174318.6182382,3,0,-127
1767174318.6282382,0,1,-121
1767174318.6382382,0,0,-124
1767174318.6482382,2,-1,-125
1767174318.6582382,1,-1,-129
1767174318.6682382,0,-2,-134
1767174318.6782382,1,-2,-134
1767174318.688238,-1,-5,-131
1767174318.698238,2,-2,-133
1767174318.708238,0,-2,-131
1767174318.718238,1,-4,-125
1767174318.728238,0,-7,-120
1767174318.738238,0,-5,-114
1767174318.748238,0,-2,-114
1767174318.758238,-1,-2,-118
1767174318.768238,0,-5,-118
1767174318.778238,-4,-3,-123
1767174318.788238,0,-4,-129
1767174318.798238,2,-7,-119
1767174318.8082385,0,-3,-117
1767174318.8182385,-7,-3,-114
1767174318.8282382,-5,1,-115
1767174318.8382382,-2,3,-120
1767174318.8482382,0,0,-121
1767174318.8582382,-1,-1,-126
1767174318.8682382,0,-2,-129
1767174318.8782382,-6,-1,-127
1767174318.8882382,-6,1,-124
1767174318.8982382,-11,0,-125
1767174318.9082382,-10,0,-129
1767174318.9182382,-7,-2,-132
1767174318.9282382,-8,-3,-133
1767174318.938238,-7,-4,-127
1767174318.948238,-11,-4,-133
1767174318.958238,-8,-2,-133
1767174318.968238,-7,0,-135
1767174318.978238,-11,1,-133
1767174318.988238,-10,0,-133
1767174318.998238,-11,1,-127
1767174319.008238,-7,2,-126
1767174319.018238,-6,3,-122
1767174319.028238,-11,1,-121
1767174319.038238,-8,0,-120
1767174319.048238,-8,2,-121
1767174319.0582385,-5,0,-117
1767174319.0682385,-4,2,-116
1767174319.0782382,1,1,-119
1767174319.0882382,0,0,-124
1767174319.0982382,-1,1,-123
1767174319.1082382,-1,0,-122
1767174319.1182382,0,0,-121
1767174319.1282382,-1,-3,-123
1767174319.1382382,-3,-4,-121
1767174319.1482382,-6,-7,-113
1767174319.1582382,-1,-5,-116
1767174319.1682382,0,-4,-112
1767174319.1782382,7,-4,-112
1767174319.188238,6,-4,-111
1767174319.199238,5,-2,-113
1767174319.209238,7,0,-115
1767174319.218238,4,0,-114
1767174319.228238,0,-3,-114
1767174319.2392385,3,-1,-117
1767174319.2492385,5,3,-123
1767174319.2592382,6,4,-119
1767174319.2692382,6,2,-120
1767174319.2792382,6,4,-113
1767174319.2892382,8,3,-118
1767174319.2992382,9,4,-116
1767174319.3092382,7,5,-116
1767174319.3192382,2,4,-125
1767174319.3292382,-1,1,-128
1767174319.3392382,0,0,-131
1767174319.3492382,0,-1,-133
1767174319.359238,1,0,-133
1767174319.369238,1,-1,-127
1767174319.379238,1,-3,-132
1767174319.389238,0,-5,-135
1767174319.399238,0,-7,-131
1767174319.409238,-6,-9,-133
1767174319.419238,-6,-8,-132
1767174319.429238,-4,-7,-132
1767174319.439238,-5,-8,-133
1767174319.449238,-6,-2,-134
1767174319.459238,-2,2,-130
1767174319.469238,-3,2,-127
1767174319.4792385,-1,0,-122
1767174319.4892385,0,1,-122
1767174319.4992385,-4,-2,-126
1767174319.5092382,-3,0,-126
1767174319.5192382,-6,0,-125
1767174319.5292382,-1,-2,-121
1767174319.5392382,2,-5,-114
1767174319.5492382,2,-6,-114
1767174319.5592382,2,-4,-125
1767174319.5692382,5,-2,-123
1767174319.5792382,3,-3,-120
1767174319.5892382,7,-4,-115
1767174319.5992382,3,-5,-122
1767174319.609238,2,-6,-123
1767174319.619238,0,-6,-127
1767174319.629238,-4,-11,-127
1767174319.639238,-4,-11,-129
1767174319.649238,-1,-5,-126
1767174319.659238,-3,-4,-120
1767174319.669238,-2,-1,-124
1767174319.679238,-7,3,-125
1767174319.689238,-4,2,-127
1767174319.699238,-1,0,-133
1767174319.709238,1,0,-132
1767174319.719238,1,2,-123
1767174319.7292385,1,0,-131
1767174319.7392385,2,3,-137
1767174319.7492385,2,4,-146
1767174319.7592382,0,1,-144
1767174319.7692382,0,-3,-139
1767174319.7792382,0,-3,-126
1767174319.7892382,-4,-2,-130
1767174319.7992382,-5,-3,-130
1767174319.8092382,-4,-5,-127
1767174319.8192382,-2,-3,-120
1767174319.8292382,-2,-4,-119
1767174319.8392382,-5,-3,-114
1767174319.8492382,-3,-1,-119
1767174319.859238,-4,-2,-122
1767174319.869238,-6,-4,-121
1767174319.879238,-7,-3,-113
1767174319.889238,-4,0,-110
1767174319.899238,-4,3,-118
1767174319.909238,-7,4,-128
1767174319.919238,-8,3,-122
1767174319.929238,-7,1,-121
1767174319.939238,-6,2,-127
1767174319.949238,-4,2,-137
1767174319.959238,0,2,-133
1767174319.969238,-3,-2,-128
1767174319.9792385,-3,-2,-125
1767174319.9892385,0,-1,-128
1767174319.9992385,-1,-1,-122
1767174320.0092382,-3,-3,-128
1767174320.0192382,-5,-4,-133
1767174320.0292382,-2,-4,-134
1767174320.0392382,-2,-5,-132
1767174320.0492382,0,-6,-131
1767174320.0592382,5,0,-129
1767174320.0692382,1,1,-130
1767174320.0792382,-1,2,-132
1767174320.0892382,0,0,-130
1767174320.0992382,-5,3,-127
1767174320.109238,-4,6,-126
1767174320.119238,0,7,-126
1767174320.129238,-1,9,-130
1767174320.139238,0,8,-126
1767174320.149238,2,5,-132
1767174320.159238,2,1,-134
1767174320.169238,5,1,-140
1767174320.179238,6,5,-138
1767174320.189238,4,8,-136
1767174320.199238,3,7,-133
1767174320.209238,3,7,-130
1767174320.219238,2,6,-126
1767174320.2292385,6,6,-126
1767174320.2392385,4,4,-126
1767174320.2492385,-1,7,-129
1767174320.2592382,-2,6,-131
1767174320.2692382,0,2,-125
1767174320.2792382,1,2,-120
1767174320.2892382,5,3,-115
1767174320.2992382,3,4,-123
1767174320.3092382,4,0,-124
1767174320.3192382,3,0,-120
1767174320.3292382,0,-2,-115
1767174320.3392382,-4,-3,-110
1767174320.3492382,-4,-4,-112
1767174320.359238,1,0,-115
1767174320.369238,-1,-1,-115
1767174320.379238,-6,-1,-118
1767174320.389238,-8,0,-121
1767174320.399238,-11,6,-115
1767174320.409238,-9,4,-120
1767174320.419238,-4,4,-124
1767174320.429238,-1,1,-118
1767174320.439238,-4,-3,-116
1767174320.449238,-3,-6,-123
1767174320.459238,-2,-3,-121
1767174320.469238,-6,0,-121
1767174320.4792385,-7,3,-122
1767174320.4892385,-5,4,-120
1767174320.4992385,-5,1,-116
1767174320.5092382,-3,0,-113
1767174320.5192382,-6,0,-117
1767174320.5292382,-7,3,-123
1767174320.5392382,-5,-1,-125
1767174320.5492382,-5,1,-126
1767174320.5592382,-2,6,-123
1767174320.5692382,-3,5,-129
1767174320.5792382,-6,4,-123
1767174320.5892382,-4,3,-121
1767174320.5992382,-5,2,-121
1767174320.609238,-6,0,-123
1767174320.619238,-6,-2,-120
1767174320.629238,-3,-3,-116
1767174320.639238,-3,-2,-115
1767174320.649238,-5,-2,-119
1767174320.659238,-1,-3,-119
1767174320.669238,-2,-1,-120
1767174320.679238,-3,-2,-119
1767174320.689238,-5,-1,-117
1767174320.699238,-3,0,-116
1767174320.709238,-7,1,-117
1767174320.719238,-4,-2,-120
1767174320.7292385,-5,-2,-121
1767174320.7392385,-2,5,-122
1767174320.7492385,-3,3,-118
1767174320.7592382,-3,5,-117
1767174320.7692382,-5,2,-119
1767174320.7792382,-9,3,-119
1767174320.7892382,-6,1,-117
1767174320.7992382,-6,1,-117
1767174320.8092382,0,0,-116
1767174320.8192382,2,0,-115
1767174320.8292382,2,-1,-119
1767174320.8392382,1,-3,-119
1767174320.8492382,-2,-7,-116
1767174320.859238,0,-7,-112
1767174320.869238,0,-6,-115
1767174320.879238,0,-3,-122
1767174320.889238,0,-4,-116
1767174320.899238,3,-2,-121
1767174320.909238,-2,0,-118
1767174320.919238,-4,2,-121
1767174320.929238,0,4,-121
1767174320.939238,0,3,-125
1767174320.949238,0,0,-120
1767174320.959238,1,-1,-117
1767174320.969238,4,-3,-119
1767174320.9792385,7,-1,-118
1767174320.9892385,7,-2,-115
1767174320.9992385,5,-3,-115
1767174321.0092382,6,-1,-112
1767174321.0192382,4,0,-113
1767174321.0292382,5,0,-112
1767174321.0392382,1,-3,-118
1767174321.0492382,0,-3,-125
1767174321.0592382,0,-5,-134
1767174321.0692382,2,-3,-131
1767174321.0792382,-1,-7,-130
1767174321.0892382,-1,-6,-135
1767174321.0992382,0,-2,-134
1767174321.109238,-1,0,-130
1767174321.119238,2,0,-130
1767174321.129238,1,2,-123
1767174321.139238,-1,5,-118
1767174321.149238,0,3,-124
1767174321.159238,0,4,-124
1767174321.169238,5,0,-122
1767174321.179238,10,1,-122
1767174321.189238,9,1,-116
1767174321.199238,8,2,-116
1767174321.209238,7,0,-116
1767174321.219238,1,1,-116
1767174321.2292385,4,1,-115
1767174321.2392385,3,0,-117
1767174321.2492385,0,-2,-120
1767174321.2592382,-1,-2,-117
1767174321.2692382,0,0,-114
1767174321.2792382,5,1,-117
1767174321.2892382,6,1,-115
1767174321.2992382,0,2,-119
1767174321.3092382,1,1,-118
1767174321.3192382,4,2,-118
1767174321.3292382,5,0,-120
1767174321.3392382,3,0,-128
1767174321.3492382,7,-1,-127
1767174321.359238,6,-1,-125
1767174321.369238,5,-4,-125
1767174321.379238,-1,0,-120
1767174321.389238,-5,0,-125
1767174321.399238,-3,3,-124
1767174321.409238,-6,0,-116
1767174321.419238,-10,-1,-115
1767174321.429238,-7,-3,-120
1767174321.439238,-5,0,-122
1767174321.449238,-7,1,-120
1767174321.459238,-5,0,-121
1767174321.469238,-7,-5,-115
1767174321.4792385,-6,-7,-116
1767174321.4892385,-10,-6,-111
1767174321.4992385,-8,-4,-115
1767174321.5092382,-10,-1,-118
1767174321.5192382,-6,3,-129
1767174321.5292382,-2,0,-127
1767174321.5392382,-5,1,-127
1767174321.5492382,-1,-3,-123
1767174321.5592382,-4,-2,-126
1767174321.5692382,-6,0,-129
1767174321.5792382,-3,-2,-128
1767174321.5892382,3,0,-127
1767174321.5992382,8,-1,-132
1767174321.609238,5,-3,-125
1767174321.619238,2,-4,-123
1767174321.629238,2,-3,-130
1767174321.639238,6,-5,-130
1767174321.649238,4,-5,-120
1767174321.659238,3,-2,-124
1767174321.669238,2,1,-133
1767174321.679238,5,3,-132
1767174321.689238,1,0,-122
1767174321.699238,2,-1,-121
1767174321.709238,0,-2,-119
1767174321.719238,0,0,-118
1767174321.7292385,0,0,-123
1767174321.7392385,0,0,-124
1767174321.7492385,1,-2,-125
1767174321.7592382,4,-5,-122
1767174321.7692382,5,-5,-126
1767174321.7792382,8,-4,-129
1767174321.7892382,10,0,-128
1767174321.7992382,3,-1,-126
1767174321.8092382,0,0,-128
1767174321.8192382,-2,1,-128
1767174321.8292382,1,0,-128
1767174321.8392382,-2,0,-128
1767174321.8492382,-6,2,-128
1767174321.859238,-4,0,-130
1767174321.869238,-5,0,-129
1767174321.880238,-7,0,-128
1767174321.889238,-4,0,-124
1767174321.899238,1,0,-120
1767174321.9102385,0,-1,-128
1767174321.9202385,-1,-1,-132
1767174321.9302382,2,-1,-135
1767174321.9402382,1,-2,-129
1767174321.9502382,3,-1,-121
1767174321.9602382,2,-2,-117
1767174321.9702382,6,0,-121
1767174321.9802382,5,0,-120
1767174321.9902382,3,0,-126
1767174322.0002382,0,0,-127
1767174322.0102382,0,-4,-126
1767174322.0202382,-2,-6,-126
1767174322.0302382,-7,-8,-122
1767174322.040238,-4,-6,-117
1767174322.050238,-4,-8,-119
1767174322.060238,-2,-7,-119
1767174322.070238,0,-7,-116
1767174322.080238,-1,-8,-116
1767174322.090238,-5,-5,-118
1767174322.100238,-1,-4,-119
1767174322.110238,-3,-1,-121
1767174322.120238,-5,-2,-120
1767174322.130238,-5,-5,-118
1767174322.140238,-8,-5,-116
1767174322.150238,-2,-2,-115
1767174322.1602385,0,0,-121
1767174322.1702385,1,0,-123
1767174322.1802382,0,-2,-122
1767174322.1902382,0,-3,-122
1767174322.2002382,3,1,-122
1767174322.2102382,3,-7,-121
1767174322.2202382,1,-7,-128
1767174322.2302382,1,-4,-126
1767174322.2402382,-2,0,-124
1767174322.2502382,0,2,-128
1767174322.2602382,0,4,-126
1767174322.2702382,5,4,-128
1767174322.2802382,7,1,-121
1767174322.290238,4,1,-126
1767174322.300238,5,0,-122
1767174322.310238,3,-1,-126
1767174322.320238,3,-2,-123
1767174322.330238,3,-2,-119
1767174322.340238,2,-2,-119
1767174322.350238,6,0,-122
1767174322.360238,0,-3,-119
1767174322.370238,0,-4,-124
1767174322.380238,-3,-7,-123
1767174322.390238,0,-9,-123
1767174322.400238,2,-5,-124
1767174322.4102385,3,-1,-129
1767174322.4202385,0,2,-131
1767174322.4302382,-2,4,-130
1767174322.4402382,-7,4,-130
1767174322.4502382,-6,2,-130
1767174322.4602382,-6,4,-134
1767174322.4702382,-4,5,-134
1767174322.4802382,-1,4,-129
1767174322.4902382,0,2,-129
1767174322.5002382,2,-1,-127
1767174322.5102382,1,-3,-128
1767174322.5202382,0,-3,-129
1767174322.5302382,-2,-3,-122
1767174322.540238,-1,-1,-129
1767174322.550238,2,0,-129
1767174322.560238,0,0,-128
1767174322.570238,1,-1,-128
1767174322.580238,0,0,-129
1767174322.590238,-3,0,-127
1767174322.600238,-5,-4,-128
1767174322.610238,-7,-2,-125
1767174322.620238,-5,1,-122
1767174322.630238,-6,0,-127
1767174322.640238,-5,-2,-126
1767174322.650238,-6,0,-131
1767174322.6602385,-6,-3,-136
1767174322.6702385,-1,-1,-127
1767174322.6802382,-2,-2,-122
1767174322.6902382,-3,0,-126
1767174322.7002382,0,2,-124
1767174322.7102382,4,0,-119
1767174322.7202382,1,2,-121
1767174322.7302382,2,0,-121
1767174322.7402382,-1,0,-126
1767174322.7502382,-1,-1,-118
1767174322.7602382,-3,-1,-123
1767174322.7702382,-6,-1,-121
1767174322.7802382,-12,-2,-119
1767174322.790238,-11,-4,-123
1767174322.800238,-9,0,-123
1767174322.810238,-5,-1,-126
1767174322.820238,-5,-2,-128
1767174322.830238,-7,-2,-127
1767174322.840238,0,-4,-130
1767174322.850238,-1,2,-134
1767174322.860238,1,4,-137
1767174322.870238,0,5,-137
1767174322.880238,-1,4,-131
1767174322.890238,-6,1,-132
1767174322.912238,-2,1,-131
1767174322.9202385,2,1,-124
1767174322.9302382,4,4,-122
1767174322.9402382,0,7,-118
1767174322.9502382,-2,5,-116
1767174322.9602382,-2,7,-119
1767174322.9702382,1,6,-120
1767174322.9802382,1,5,-123
1767174322.9902382,2,6,-121
1767174323.0002382,0,0,-122
1767174323.0102382,3,2,-125
1767174323.0202382,-4,3,-124
1767174323.0302382,-4,1,-119
1767174323.040238,-1,2,-121
1767174323.050238,0,0,-120
1767174323.060238,-4,-3,-122
1767174323.070238,-7,-2,-120
1767174323.080238,-8,-6,-121
1767174323.090238,-10,-4,-119
1767174323.100238,-8,-2,-119
1767174323.110238,-6,-4,-117
1767174323.120238,-8,-3,-115
1767174323.130238,-7,-4,-119
1767174323.140238,-5,-3,-120
1767174323.150238,-5,-1,-129
1767174323.1602385,-5,-1,-131
1767174323.1702385,-7,0,-131
1767174323.1802382,-7,4,-131
1767174323.1902382,-3,7,-130
1767174323.2002382,-2,2,-129
1767174323.2102382,-4,1,-126
1767174323.2202382,-2,2,-126
1767174323.2302382,-3,0,-124
1767174323.2402382,-4,2,-119
1767174323.2502382,-3,1,-118
1767174323.2602382,-2,0,-117
1767174323.2702382,0,-4,-118
1767174323.2802382,-4,1,-115
1767174323.290238,-3,-1,-109
1767174323.300238,-6,-1,-107
1767174323.310238,-3,0,-117
1767174323.320238,-3,-3,-116
1767174323.330238,-5,-1,-114
1767174323.340238,-4,-1,-118
1767174323.350238,-2,-2,-120
1767174323.360238,0,-2,-127
1767174323.370238,0,-1,-126
1767174323.380238,1,-1,-126
1767174323.390238,5,2,-122
1767174323.400238,3,0,-129
1767174323.4102385,0,1,-129
1767174323.4202385,-3,4,-138
1767174323.4302382,-5,7,-131
1767174323.4402382,-4,8,-131
1767174323.4502382,1,8,-136
1767174323.4602382,2,6,-132
1767174323.4702382,4,1,-132
1767174323.4802382,5,1,-136
1767174323.4902382,3,0,-137
1767174323.5002382,-2,1,-138
1767174323.5102382,-1,1,-139
1767174323.5202382,-4,4,-129
1767174323.5302382,-4,3,-125
1767174323.540238,-5,0,-126
1767174323.550238,-3,0,-125
1767174323.560238,0,-5,-127
1767174323.570238,1,-1,-121
1767174323.580238,0,-2,-127
1767174323.590238,-2,-2,-128
1767174323.600238,-1,1,-124
1767174323.610238,-1,0,-121
1767174323.620238,-3,1,-121
1767174323.630238,-3,0,-123
1767174323.640238,-2,0,-122
1767174323.650238,-2,0,-117
1767174323.6602385,-5,4,-116
1767174323.6702385,-2,1,-118
1767174323.6802382,0,1,-119
1767174323.6902382,1,-3,-123
1767174323.7002382,0,-2,-124
1767174323.7102382,0,-3,-131
1767174323.7202382,-1,-4,-133
1767174323.7302382,-3,-1,-133
1767174323.7402382,0,-1,-130
1767174323.7502382,0,3,-125
1767174323.7602382,0,1,-125
1767174323.7702382,0,-1,-123
1767174323.7802382,0,-1,-130
1767174323.790238,-4,0,-131
1767174323.800238,-2,-1,-129
1767174323.810238,3,0,-125
1767174323.820238,6,0,-132
1767174323.830238,3,2,-130
1767174323.840238,0,4,-126
1767174323.850238,0,0,-122
1767174323.860238,1,1,-121
1767174323.870238,0,0,-122
1767174323.880238,-4,0,-119
1767174323.890238,-9,1,-120
1767174323.900238,-6,0,-121
1767174323.9102385,-3,0,-124
1767174323.9202385,-5,-5,-127
1767174323.9302382,-5,-3,-124
1767174323.9402382,2,0,-120
1767174323.9502382,0,0,-118
1767174323.9602382,1,0,-122
1767174323.9702382,5,0,-128
1767174323.9802382,8,-3,-130
1767174323.9902382,4,-5,-128
1767174324.0002382,2,-3,-132
1767174324.0102382,0,-2,-129
1767174324.0202382,-2,-2,-122
1767174324.0302382,-2,0,-119
1767174324.040238,-2,-4,-116
1767174324.050238,-1,-1,-103
1767174324.060238,-1,1,-107
1767174324.070238,2,2,-113
1767174324.080238,1,4,-117
1767174324.090238,0,0,-117
1767174324.100238,0,-4,-124
1767174324.110238,-4,-5,-128
1767174324.120238,-4,-2,-128
1767174324.130238,-3,0,-131
1767174324.140238,-4,-2,-130
1767174324.150238,-5,-2,-132
1767174324.1602385,-5,-8,-126
1767174324.1702385,-2,-10,-126
1767174324.1802382,0,-9,-128
1767174324.1902382,2,-9,-126
1767174324.2002382,1,-7,-131
1767174324.2102382,2,-4,-126
1767174324.2202382,0,-2,-125
1767174324.2302382,0,0,-124
1767174324.2402382,3,-2,-126
1767174324.2502382,-2,-3,-120
1767174324.2602382,-6,1,-126
1767174324.2702382,-4,0,-125
1767174324.2802382,-7,0,-125
1767174324.290238,-4,4,-121
1767174324.300238,-5,1,-118
1767174324.310238,-4,1,-111
1767174324.320238,0,-1,-109
1767174324.330238,0,-3,-105
1767174324.340238,0,-5,-114
1767174324.350238,-1,-4,-119
1767174324.360238,-2,-5,-113
1767174324.370238,0,-4,-116
1767174324.380238,0,-6,-114
1767174324.390238,-1,-3,-119
1767174324.400238,0,-4,-122
1767174324.4102385,2,0,-121
1767174324.4202385,1,0,-123
1767174324.4302382,2,3,-119
1767174324.4402382,3,3,-122
1767174324.4502382,1,0,-130
1767174324.4602382,0,-2,-138
1767174324.4702382,-2,-3,-136
1767174324.4802382,-1,0,-131
1767174324.4902382,0,-1,-124
1767174324.5002382,-1,-5,-124
1767174324.5102382,-1,-5,-121
1767174324.5202382,0,-5,-116
1767174324.5302382,-3,-4,-121
1767174324.541238,0,-3,-121
1767174324.550238,4,-3,-125
1767174324.560238,5,-3,-125
1767174324.571238,1,0,-126
1767174324.5812385,-1,-2,-127
1767174324.5912385,-3,-6,-127
1767174324.6012385,-2,-4,-129
1767174324.6112382,-6,-2,-128
1767174324.6212382,-5,0,-120
1767174324.6312382,-4,-1,-116
1767174324.6412382,-3,-2,-112
1767174324.6512382,-4,2,-117
1767174324.6612382,1,2,-121
1767174324.6712382,1,1,-124
1767174324.6812382,4,2,-124
1767174324.6912382,1,-1,-129
1767174324.7012382,0,0,-125
1767174324.711238,3,3,-126
1767174324.721238,2,6,-125
1767174324.731238,0,5,-123
1767174324.741238,0,5,-118
1767174324.751238,-1,2,-116
1767174324.7622385,-5,0,-119
1767174324.771238,-5,-4,-122
1767174324.781238,-3,-4,-125
1767174324.791238,-5,0,-122
1767174324.801238,-3,1,-121
1767174324.811238,-1,0,-121
1767174324.821238,3,0,-120
1767174324.8312385,4,0,-121
1767174324.8412385,-2,0,-123
1767174324.8512385,-3,-3,-122
1767174324.8612382,0,-3,-126
1767174324.8712382,3,-2,-131
1767174324.8812382,7,-7,-133
1767174324.8912382,2,-4,-137
1767174324.9012382,4,-1,-131
1767174324.9112382,5,1,-126
1767174324.9212382,2,3,-128
1767174324.9312382,5,3,-121
1767174324.9412382,6,-1,-116
1767174324.9512382,1,-1,-113
1767174324.961238,-3,0,-114
1767174324.971238,0,-2,-116
1767174324.981238,-1,-3,-121
1767174324.991238,-6,-2,-120
1767174325.001238,-3,-7,-124
1767174325.011238,-2,-6,-120
1767174325.021238,-1,-1,-124
1767174325.031238,-2,0,-124
1767174325.041238,-6,-1,-124
1767174325.051238,-4,-5,-128
1767174325.061238,-3,-5,-129
1767174325.071238,-2,-8,-136
1767174325.0812385,0,-5,-137
1767174325.0912385,-1,-6,-138
1767174325.1012385,0,-5,-135
1767174325.1112382,-1,-4,-136
1767174325.1212382,-1,-4,-132
1767174325.1312382,-4,-3,-136
1767174325.1412382,0,-3,-129
1767174325.1512382,0,-2,-124
1767174325.1612382,1,0,-120
1767174325.1712382,5,-2,-115
1767174325.1812382,6,-1,-119
1767174325.1912382,2,0,-128
1767174325.2012382,4,-2,-125
1767174325.211238,6,0,-130
1767174325.221238,7,-3,-135
1767174325.231238,5,-6,-132
1767174325.241238,3,-5,-131
1767174325.251238,4,-2,-131
1767174325.261238,3,0,-124
1767174325.271238,1,-4,-123
1767174325.281238,2,-10,-126
1767174325.291238,0,-7,-129
1767174325.301238,-2,-5,-127
1767174325.311238,-1,-3,-127
1767174325.321238,-4,-2,-124
1767174325.3312385,-4,-1,-125
1767174325.3412385,-1,-2,-126
1767174325.3512385,-6,2,-129
1767174325.3612382,-8,5,-133
1767174325.3712382,-5,5,-135
1767174325.3812382,-4,7,-133
1767174325.3912382,-1,7,-127
1767174325.4012382,-1,7,-126
1767174325.4112382,0,8,-126
1767174325.4212382,-1,7,-123
1767174325.4312382,-2,2,-122
1767174325.4412382,0,1,-119
1767174325.4512382,0,3,-117
1767174325.461238,2,5,-122
1767174325.471238,-1,6,-121
1767174325.481238,-4,8,-120
1767174325.491238,-1,6,-119
1767174325.501238,-2,5,-120
1767174325.511238,-3,3,-121
1767174325.521238,0,2,-127
1767174325.531238,-7,-1,-127
1767174325.541238,-2,-2,-127
1767174325.551238,-1,-5,-127
1767174325.561238,5,-1,-129
1767174325.571238,5,-2,-126
1767174325.5812385,5,-5,-127
1767174325.5912385,2,-6,-129
1767174325.6012385,4,-8,-121
1767174325.6112382,4,-5,-121
1767174325.6212382,3,-7,-114
1767174325.6312382,0,-1,-118
1767174325.6412382,0,-2,-117
1767174325.6512382,1,0,-116
1767174325.6612382,2,0,-120
1767174325.6712382,0,0,-120
1767174325.6812382,1,3,-122
1767174325.6912382,0,0,-119
1767174325.7012382,-2,-2,-119
1767174325.711238,-3,-3,-121
1767174325.721238,-6,-5,-116
1767174325.731238,0,-5,-115
1767174325.741238,1,-3,-117
1767174325.751238,3,-4,-117
1767174325.761238,5,-1,-123
1767174325.771238,5,2,-120
1767174325.781238,2,0,-122
1767174325.791238,2,1,-123
1767174325.801238,2,1,-121
1767174325.811238,2,-1,-123
1767174325.821238,-1,-3,-121
1767174325.8312385,-4,-6,-124
1767174325.8412385,-2,-6,-125
1767174325.8512385,0,-9,-117
1767174325.8612382,0,-10,-110
1767174325.8712382,0,-7,-109
1767174325.8812382,-1,-6,-114
1767174325.8912382,3,-7,-114
1767174325.9012382,-1,-7,-118
1767174325.9112382,1,-7,-110
1767174325.9212382,0,-4,-111
1767174325.9312382,4,-5,-116
1767174325.9412382,7,-5,-121
1767174325.9512382,8,-7,-119
1767174325.961238,5,-8,-117
1767174325.971238,4,-7,-115
1767174325.981238,4,-3,-118
1767174325.991238,6,0,-114
1767174326.001238,5,-1,-117
1767174326.011238,1,-1,-120
1767174326.021238,0,0,-124
1767174326.031238,4,0,-122
1767174326.041238,3,0,-122
1767174326.051238,3,-1,-122
1767174326.061238,1,-1,-126
1767174326.071238,3,-2,-128
1767174326.0812385,1,-6,-122
1767174326.0912385,0,-7,-128
1767174326.1012385,5,-8,-127
1767174326.1112382,7,-5,-127
1767174326.1212382,9,-2,-124
1767174326.1312382,11,-3,-127
1767174326.1412382,11,-1,-126
1767174326.1512382,3,0,-128
1767174326.1612382,4,-1,-124
1767174326.1712382,0,-2,-122
1767174326.1812382,-4,0,-122
1767174326.1912382,-3,0,-134
1767174326.2012382,-2,-2,-127
1767174326.211238,-6,-1,-129
1767174326.221238,-7,-3,-126
1767174326.231238,-10,-2,-127
1767174326.241238,-7,-1,-124
1767174326.251238,-6,-1,-129
1767174326.261238,-6,1,-131
1767174326.271238,-3,4,-126
1767174326.281238,-4,0,-126
1767174326.291238,-6,0,-121
1767174326.301238,0,-4,-114
1767174326.311238,-1,-4,-113
1767174326.321238,1,-5,-110
1767174326.3312385,0,-4,-114
1767174326.3412385,1,-5,-114
1767174326.3512385,-1,-4,-121
1767174326.3612382,-2,-6,-118
1767174326.3712382,0,-7,-113
1767174326.3812382,3,-7,-112
1767174326.3912382,5,-4,-108
1767174326.4012382,7,-4,-107
1767174326.4112382,4,-1,-113
1767174326.4212382,2,-6,-115
1767174326.4312382,0,-3,-118
1767174326.4412382,-7,-2,-119
1767174326.4512382,-8,-3,-121
1767174326.461238,-7,-2,-119
1767174326.471238,0,-3,-120
1767174326.481238,0,-3,-129
1767174326.491238,-2,-8,-131
1767174326.501238,-5,-5,-130
1767174326.511238,-7,-3,-130
1767174326.521238,-2,-4,-136
1767174326.531238,-3,-4,-132
1767174326.541238,-4,-1,-123
1767174326.551238,-6,0,-119
1767174326.561238,0,-1,-125
1767174326.571238,-1,-1,-129
1767174326.5812385,-4,0,-133
1767174326.5912385,-6,-1,-125
1767174326.6012385,-8,-2,-132
1767174326.6112382,-7,0,-136
1767174326.6212382,-10,0,-135
1767174326.6312382,-7,2,-133
1767174326.6412382,-2,-1,-128
1767174326.6512382,1,-4,-129
1767174326.6612382,-1,-5,-127
1767174326.6712382,-1,-1,-127
1767174326.6812382,-2,-3,-127
1767174326.6912382,-3,-3,-131
1767174326.7012382,-4,0,-126
1767174326.711238,7,1,-130
1767174326.721238,5,6,-127
1767174326.731238,6,4,-127
1767174326.741238,6,-4,-130
1767174326.751238,1,-5,-133
1767174326.761238,1,-2,-131
1767174326.771238,-1,-3,-130
1767174326.781238,-4,-2,-131
1767174326.791238,-7,-1,-124
1767174326.801238,-12,-6,-115
1767174326.811238,-8,-10,-120
1767174326.821238,-1,-3,-118
1767174326.8312385,0,-2,-121
1767174326.8412385,0,-5,-115
1767174326.8512385,-5,-8,-112
1767174326.8612382,-5,-9,-113
1767174326.8712382,-2,-8,-123
1767174326.8812382,-3,-3,-131
1767174326.8912382,0,-4,-135
1767174326.9012382,0,-8,-135
1767174326.9112382,3,-7,-129
1767174326.9212382,3,-6,-129
1767174326.9312382,3,-2,-130
1767174326.9412382,7,-3,-128
1767174326.9512382,7,-1,-116
1767174326.961238,3,5,-119
1767174326.971238,2,5,-128
1767174326.981238,1,5,-128
1767174326.991238,4,6,-127
1767174327.001238,1,6,-124
1767174327.011238,1,0,-126
1767174327.021238,-2,-1,-123
1767174327.031238,-2,-5,-128
1767174327.041238,-2,-2,-127
1767174327.051238,-2,-2,-126
1767174327.061238,-2,-3,-128
1767174327.071238,-7,-5,-130
1767174327.0812385,-8,-6,-136
1767174327.0912385,-10,-3,-132
1767174327.1012385,-9,-4,-127
1767174327.1112382,-7,-1,-122
1767174327.1212382,-3,-2,-125
1767174327.1312382,0,-4,-120
1767174327.1412382,-4,-1,-119
1767174327.1512382,-3,2,-123
1767174327.1612382,1,3,-117
1767174327.1712382,2,0,-119
1767174327.182238,1,3,-125
1767174327.192238,-1,6,-126
1767174327.202238,-2,7,-122
1767174327.212238,0,6,-118
1767174327.222238,0,2,-120
1767174327.232238,3,1,-120
1767174327.242238,3,3,-121
1767174327.252238,2,1,-128
1767174327.2622385,3,-1,-129
1767174327.2722385,0,-6,-127
1767174327.2822382,3,-6,-129
1767174327.2922382,3,-9,-126
1767174327.3022382,4,-6,-129
1767174327.3122382,5,-5,-128
1767174327.3222382,6,0,-118
1767174327.3322382,1,-2,-113
1767174327.3422382,1,-3,-124
1767174327.3522382,4,-1,-128
1767174327.3622382,4,-4,-129
1767174327.3722382,0,-4,-122
1767174327.382238,-2,-5,-125
1767174327.392238,-1,-7,-125
1767174327.402238,-4,-5,-123
1767174327.412238,-6,-2,-124
1767174327.422238,-5,0,-124
1767174327.432238,-5,2,-123
1767174327.442238,-5,3,-124
1767174327.452238,-3,1,-127
1767174327.462238,-3,1,-125
1767174327.472238,0,2,-136
1767174327.482238,3,3,-128
1767174327.492238,-1,0,-127
1767174327.502238,-1,-2,-124
1767174327.5122385,-1,-4,-125
1767174327.5222385,0,-3,-127
1767174327.5322382,-3,-2,-129
1767174327.5422382,0,-7,-124
1767174327.5522382,-3,-8,-122
1767174327.5622382,-4,-4,-116
1767174327.5722382,-5,-7,-114
1767174327.5822382,-3,-7,-109
1767174327.5922382,-7,-3,-113
1767174327.6022382,-5,1,-118
1767174327.6122382,-4,0,-119
1767174327.6222382,-4,-1,-110
1767174327.632238,-4,-1,-112
1767174327.642238,-7,-1,-114
1767174327.652238,-7,0,-119
1767174327.662238,-2,-5,-118
1767174327.672238,0,-3,-123
1767174327.682238,2,0,-123
1767174327.692238,3,1,-124
1767174327.702238,-1,0,-118
1767174327.712238,-2,3,-116
1767174327.722238,2,1,-119
1767174327.732238,3,-1,-125
1767174327.742238,0,-3,-130
1767174327.752238,-2,-4,-129
1767174327.7622385,-3,-4,-120
1767174327.7722385,0,-5,-120
1767174327.7822382,1,-1,-122
1767174327.7922382,3,0,-126
1767174327.8022382,2,2,-126
1767174327.8122382,5,-3,-126
1767174327.8222382,1,-1,-122
1767174327.8322382,1,-4,-125
1767174327.8422382,-2,-2,-123
1767174327.8522382,-7,-4,-121
1767174327.8622382,-1,-6,-122
1767174327.8722382,-3,-4,-122
1767174327.882238,-6,-3,-127
1767174327.892238,-8,-7,-126
1767174327.902238,-8,-10,-126
1767174327.923238,-8,-9,-134
1767174327.932238,-2,-10,-133
1767174327.942238,0,-6,-134
1767174327.952238,0,-5,-132
1767174327.962238,0,-4,-135
1767174327.972238,0,-6,-142
1767174327.982238,-3,-4,-137
1767174327.992238,-6,0,-135
1767174328.002238,-5,4,-138
1767174328.0122385,-2,3,-138
1767174328.0222385,-1,4,-131
1767174328.0322382,1,3,-130
1767174328.0422382,4,1,-127
1767174328.0522382,2,4,-130
1767174328.0622382,0,4,-126
1767174328.0722382,-7,-1,-124
1767174328.0822382,-12,-5,-123
1767174328.0922382,-10,-10,-132
1767174328.1022382,-4,-8,-132
1767174328.1122382,-7,-7,-126
1767174328.1222382,-1,-10,-121
1767174328.132238,-2,-4,-125
1767174328.142238,-3,-5,-124
1767174328.152238,-1,-10,-121
1767174328.162238,-2,-8,-127
1767174328.172238,-3,-5,-121
1767174328.182238,0,-6,-128
1767174328.192238,5,-3,-129
1767174328.202238,2,0,-130
1767174328.212238,3,-1,-129
1767174328.222238,4,-5,-128
1767174328.232238,0,-4,-133
1767174328.242238,3,-3,-134
1767174328.252238,2,-4,-133
1767174328.2622385,0,-6,-131
1767174328.2722385,-3,-4,-129
1767174328.2822382,0,-3,-130
1767174328.2922382,1,-2,-124
1767174328.3022382,3,-3,-121
1767174328.3122382,4,-3,-119
1767174328.3222382,0,-2,-115
1767174328.3322382,0,-4,-118
1767174328.3422382,3,-3,-116
1767174328.3522382,5,-5,-120
1767174328.3622382,0,-5,-120
1767174328.3722382,1,-3,-121
1767174328.382238,1,-2,-124
1767174328.392238,2,-2,-124
1767174328.402238,3,-1,-115
1767174328.412238,6,-1,-113
1767174328.422238,4,-2,-111
1767174328.432238,2,-1,-109
1767174328.442238,-3,0,-112
1767174328.452238,-8,-2,-118
1767174328.462238,-2,0,-114
1767174328.472238,-5,0,-118
1767174328.482238,-5,5,-122
1767174328.492238,-1,7,-127
1767174328.502238,0,4,-123
1767174328.5122385,-1,1,-118
1767174328.5222385,-3,0,-121
1767174328.5322382,-8,-2,-125
1767174328.5422382,-4,0,-128
1767174328.5522382,-1,4,-128
1767174328.5622382,-1,0,-121
1767174328.5722382,-1,-3,-117
1767174328.5822382,-1,-3,-125
1767174328.5922382,0,-1,-129
1767174328.6022382,0,2,-135
1767174328.6122382,0,1,-129
1767174328.6222382,-2,-3,-117
1767174328.632238,-6,-5,-117
1767174328.642238,-3,-5,-117
1767174328.652238,-3,-3,-119
1767174328.662238,-4,-7,-120
1767174328.672238,-1,-10,-116
1767174328.682238,-4,-8,-123
1767174328.692238,-2,-7,-123
1767174328.702238,-2,-7,-119
1767174328.712238,-1,-7,-131
1767174328.722238,-2,-6,-128
1767174328.732238,-1,-4,-123
1767174328.742238,0,-4,-122
1767174328.752238,0,-1,-123
1767174328.7622385,0,-1,-125
1767174328.7722385,7,-1,-123
1767174328.7822382,7,3,-121
1767174328.7922382,3,4,-117
1767174328.8022382,0,2,-117
1767174328.8122382,0,1,-120
1767174328.8222382,2,3,-128
1767174328.8322382,3,0,-124
1767174328.8422382,6,4,-126
1767174328.8522382,7,0,-123
1767174328.8622382,6,-5,-126
1767174328.8722382,8,-1,-126
1767174328.882238,3,-4,-130
1767174328.892238,2,-3,-124
1767174328.902238,-1,-6,-116
1767174328.912238,3,-8,-117
1767174328.922238,2,-5,-115
1767174328.932238,0,-6,-113
1767174328.942238,0,-8,-116
1767174328.952238,-1,-8,-119
1767174328.962238,-3,-5,-123
1767174328.972238,0,-6,-123
1767174328.982238,4,-7,-124
1767174328.992238,3,-4,-120
1767174329.002238,4,-3,-120
1767174329.0122385,7,-6,-124
1767174329.0222385,1,-2,-124
1767174329.0322382,0,-3,-125
1767174329.0422382,0,-2,-122
1767174329.0522382,-1,-2,-122
1767174329.063238,0,-1,-125
1767174329.0722382,0,-1,-127
1767174329.0822382,5,-2,-129
1767174329.0922382,1,-1,-131
1767174329.1022382,0,0,-127
1767174329.1122382,0,-2,-121
1767174329.1222382,-3,-2,-124
1767174329.132238,2,-2,-122
1767174329.142238,7,-4,-118
1767174329.152238,6,-3,-119
1767174329.162238,6,-3,-121
1767174329.172238,9,-2,-122
1767174329.182238,1,-3,-130
1767174329.192238,2,-5,-122
1767174329.202238,4,-8,-125
1767174329.212238,2,-8,-125
1767174329.222238,1,-6,-123
1767174329.232238,-1,-5,-124
1767174329.242238,0,-5,-128
1767174329.252238,-3,-9,-130
1767174329.2622385,-3,-10,-125
1767174329.2722385,-2,-8,-131
1767174329.2822382,-1,-5,-128
1767174329.2922382,1,-6,-127
1767174329.3022382,1,-9,-131
1767174329.3122382,0,-5,-126
1767174329.3222382,2,-6,-124
1767174329.3322382,2,-6,-117
1767174329.3422382,2,-6,-120
1767174329.3522382,1,-7,-121
1767174329.3622382,1,-6,-120
1767174329.3722382,-1,-3,-116
1767174329.382238,-1,0,-121
1767174329.392238,1,1,-125
1767174329.402238,-2,0,-124
1767174329.412238,-2,1,-124
1767174329.422238,1,3,-125
1767174329.432238,0,2,-122
1767174329.442238,-1,-6,-125
1767174329.452238,3,-3,-128
1767174329.462238,2,-3,-124
1767174329.472238,0,1,-118
1767174329.482238,-2,3,-116
1767174329.492238,-3,3,-121
1767174329.502238,-6,0,-116
1767174329.5122385,-5,2,-115
1767174329.5222385,0,-1,-114
1767174329.5322382,2,0,-121
1767174329.5422382,0,0,-122
1767174329.5522382,2,3,-124
1767174329.5622382,-1,0,-124
1767174329.5722382,-4,-1,-129
1767174329.5822382,-4,-1,-119
1767174329.5922382,-8,1,-129
1767174329.6022382,-6,4,-137
1767174329.6122382,-5,1,-130
1767174329.6222382,0,1,-129
1767174329.632238,-5,0,-127
1767174329.642238,-7,0,-119
1767174329.652238,-7,-2,-123
1767174329.662238,-4,-2,-127
1767174329.672238,-1,0,-125
1767174329.682238,-4,1,-125
1767174329.692238,-6,5,-125
1767174329.702238,-2,5,-124
1767174329.712238,-4,4,-125
1767174329.722238,-4,4,-125
1767174329.732238,-3,5,-125
1767174329.742238,-2,1,-133
1767174329.752238,-4,1,-138
1767174329.7622385,-6,1,-138
1767174329.7722385,-4,5,-139
1767174329.7822382,-3,4,-137
1767174329.7922382,1,4,-129
1767174329.8022382,1,3,-132
1767174329.8122382,4,0,-133
1767174329.8222382,3,-3,-126
1767174329.8322382,0,-7,-123
1767174329.843238,1,-8,-124
1767174329.853238,2,-8,-126
1767174329.8622382,-4,-8,-124
1767174329.873238,-1,-8,-127
1767174329.883238,-2,-5,-127
1767174329.893238,-5,-5,-127
1767174329.903238,0,-6,-128
1767174329.913238,1,-6,-128
1767174329.923238,3,-4,-129
1767174329.9332385,5,0,-129
1767174329.9432385,5,3,-126
1767174329.9532382,6,1,-123
1767174329.9632382,4,-1,-124
1767174329.9732382,3,-1,-117
1767174329.9832382,4,0,-119
1767174329.9932382,2,-2,-124
1767174330.0032382,4,-6,-131
1767174330.0132382,6,-9,-130
1767174330.0232382,8,-8,-128
1767174330.0332382,5,-9,-126
1767174330.0432382,3,-12,-117
1767174330.0532382,5,-9,-120
1767174330.063238,2,-6,-120
1767174330.073238,1,-5,-112
1767174330.083238,0,-8,-115
1767174330.093238,1,-6,-120
1767174330.103238,1,-5,-125
1767174330.113238,3,-6,-128
1767174330.123238,6,-4,-134
1767174330.133238,6,-6,-133
1767174330.143238,7,-6,-127
1767174330.153238,5,-4,-127
1767174330.163238,2,-2,-128
1767174330.173238,1,-1,-128
1767174330.1832385,2,0,-125
1767174330.1932385,-1,2,-126
1767174330.2032382,-1,-1,-126
1767174330.2132382,-2,-3,-129
1767174330.2232382,-7,-3,-125
1767174330.2332382,-6,-3,-114
1767174330.2432382,-5,0,-117
1767174330.2532382,-6,3,-122
1767174330.2632382,-4,2,-122
1767174330.2732382,-1,0,-120
1767174330.2832382,-3,-3,-119
1767174330.2932382,-3,-1,-116
1767174330.3032382,-2,-1,-116
1767174330.313238,3,-4,-120
1767174330.323238,7,-3,-124
1767174330.333238,7,-7,-125
1767174330.343238,6,-6,-123
1767174330.353238,1,0,-120
1767174330.363238,-1,3,-123
1767174330.373238,-4,1,-128
1767174330.383238,-1,1,-130
1767174330.393238,1,0,-129
1767174330.403238,3,0,-136
1767174330.413238,2,0,-134
1767174330.423238,2,-6,-125
1767174330.4332385,2,-4,-122
1767174330.4432385,1,-6,-121
1767174330.4532382,3,-10,-120
1767174330.4632382,2,-6,-119
1767174330.4732382,1,-3,-120
1767174330.4832382,0,-2,-115
1767174330.4932382,1,-3,-114
1767174330.5032382,0,0,-119
1767174330.5132382,-2,3,-122
1767174330.5232382,-4,5,-116
1767174330.5332382,-4,1,-120
1767174330.5432382,-5,-1,-117
1767174330.5532382,-5,0,-111
1767174330.563238,0,-4,-115
1767174330.573238,0,-4,-114
1767174330.583238,3,-1,-120
1767174330.593238,2,0,-121
1767174330.603238,1,1,-122
1767174330.613238,5,-1,-119
1767174330.623238,6,-4,-121
1767174330.633238,3,0,-120
1767174330.643238,3,3,-121
1767174330.653238,0,1,-115
1767174330.663238,-3,0,-122
1767174330.673238,-7,0,-120
1767174330.6832385,-3,-5,-122
1767174330.6932385,-5,-4,-120
1767174330.7032382,-5,-6,-115
1767174330.7132382,-8,-9,-116
1767174330.7232382,-6,-8,-126
1767174330.7332382,-2,-10,-123
1767174330.7432382,1,-7,-124
1767174330.7532382,5,-1,-131
1767174330.7632382,7,0,-128
1767174330.7732382,2,0,-130
1767174330.7832382,-2,0,-125
1767174330.7932382,-3,0,-122
1767174330.8032382,-5,2,-121
1767174330.813238,-2,0,-121
1767174330.823238,1,1,-119
1767174330.833238,0,2,-119
1767174330.843238,0,1,-116
1767174330.853238,3,0,-117
1767174330.863238,4,2,-117
1767174330.873238,1,5,-119
1767174330.883238,1,4,-124
1767174330.893238,0,-1,-121
1767174330.903238,-3,-3,-119
1767174330.913238,0,-4,-122
1767174330.923238,0,-7,-124
1767174330.9332385,-1,-5,-123
1767174330.9432385,1,-3,-125
1767174330.9532382,-2,-3,-123
1767174330.9632382,-2,-2,-123
1767174330.9732382,-2,0,-117
1767174330.9832382,1,0,-119
1767174330.9932382,5,0,-124
1767174331.0032382,7,-3,-125
1767174331.0132382,6,-5,-126
1767174331.0232382,7,-5,-126
1767174331.0332382,2,-2,-123
1767174331.0432382,-2,0,-128
1767174331.0532382,-5,1,-128
1767174331.063238,-7,3,-128
1767174331.073238,0,3,-122
1767174331.083238,-2,2,-122
1767174331.093238,-1,3,-124
1767174331.103238,-3,-1,-125
1767174331.113238,0,-5,-126
1767174331.123238,1,-6,-124
1767174331.133238,-2,-9,-123
1767174331.143238,0,-10,-125
1767174331.153238,1,-8,-120
1767174331.163238,3,-3,-122
1767174331.173238,1,-1,-126
1767174331.1832385,3,-2,-127
1767174331.1932385,3,-3,-126
1767174331.2032382,4,-5,-124
1767174331.2132382,0,-5,-120
1767174331.2232382,3,-3,-117
1767174331.2332382,0,-1,-119
1767174331.2432382,0,-10,-124
1767174331.2532382,-1,-6,-127
1767174331.2632382,-1,-3,-126
1767174331.2732382,3,-1,-132
1767174331.2832382,2,1,-129
1767174331.2932382,0,1,-123
1767174331.3032382,0,-3,-125
1767174331.313238,-1,-8,-118
1767174331.323238,-1,-7,-115
1767174331.333238,-2,-7,-118
1767174331.343238,-2,-7,-124
1767174331.353238,0,-5,-122
1767174331.363238,0,-4,-118
1767174331.373238,0,-6,-118
1767174331.383238,0,-6,-117
1767174331.393238,2,-8,-115
1767174331.403238,2,-7,-118
1767174331.413238,1,-2,-118
1767174331.423238,2,0,-124
1767174331.4332385,1,-1,-122
1767174331.4432385,0,0,-121
1767174331.4532382,1,-3,-118
1767174331.4632382,-2,-5,-116
1767174331.4732382,0,-1,-120
1767174331.4832382,11,-4,-117
1767174331.4932382,7,-4,-124
1767174331.5032382,10,-5,-136
1767174331.5132382,3,-4,-132
1767174331.5232382,4,-6,-124
1767174331.5332382,5,-5,-126
1767174331.5432382,12,-6,-124
1767174331.5532382,10,-2,-124
1767174331.563238,7,-5,-123
1767174331.573238,0,-4,-117
1767174331.583238,-1,-2,-113
1767174331.593238,0,4,-118
1767174331.603238,4,6,-119
1767174331.613238,0,2,-118
1767174331.623238,0,4,-114
1767174331.633238,1,2,-112
1767174331.643238,3,-2,-119
1767174331.653238,3,-1,-123
1767174331.663238,1,-1,-128
1767174331.673238,1,-3,-125
1767174331.6832385,1,-1,-122
1767174331.6932385,0,-1,-122
1767174331.7032382,-3,0,-126
1767174331.7132382,2,0,-119
1767174331.7232382,0,1,-120
1767174331.7332382,-3,1,-117
1767174331.7432382,-3,-2,-116
1767174331.7532382,-4,0,-117
1767174331.7632382,0,-2,-114
1767174331.7732382,0,-2,-108
1767174331.7832382,0,-2,-108
1767174331.7932382,-3,-2,-109
1767174331.8032382,-4,-2,-112
1767174331.813238,1,-5,-110
1767174331.823238,2,-5,-115
1767174331.833238,4,-5,-115
1767174331.843238,5,-4,-119
1767174331.853238,6,0,-123
1767174331.863238,6,0,-124
1767174331.873238,5,-3,-127
1767174331.883238,3,-6,-124
1767174331.893238,0,-5,-124
1767174331.903238,-2,-3,-122
1767174331.913238,2,-6,-120
1767174331.923238,2,-2,-122
1767174331.9332385,3,-4,-119
1767174331.9432385,4,-1,-121
1767174331.9532382,0,-2,-123
1767174331.9632382,-4,0,-120
1767174331.9732382,-7,1,-121
1767174331.9832382,-9,4,-119
1767174331.9932382,-10,0,-122
1767174332.0032382,-12,2,-123
1767174332.0132382,-11,1,-128
1767174332.0232382,-7,3,-129
1767174332.0332382,-9,5,-125
1767174332.0432382,-10,3,-118
1767174332.0532382,-4,0,-113
1767174332.063238,-1,-1,-114
1767174332.073238,-3,-2,-118
1767174332.083238,0,-2,-119
1767174332.093238,1,0,-118
1767174332.103238,3,0,-117
1767174332.113238,0,1,-118
1767174332.123238,-2,4,-119
1767174332.133238,-5,3,-119
1767174332.143238,-4,5,-123
1767174332.153238,-2,4,-128
1767174332.163238,0,6,-127
1767174332.173238,-1,5,-128
1767174332.1832385,0,2,-127
1767174332.1932385,3,0,-125
1767174332.2032382,-1,0,-129
1767174332.2132382,1,0,-126
1767174332.2232382,1,-1,-128
1767174332.2332382,0,-5,-133
1767174332.2432382,-1,-4,-128
1767174332.2532382,2,-3,-127
1767174332.2632382,-1,-4,-124
1767174332.2732382,-2,1,-122
1767174332.2832382,0,0,-116
1767174332.2932382,0,0,-125
1767174332.3032382,-1,2,-125
1767174332.313238,1,5,-124
1767174332.323238,5,6,-123
1767174332.333238,10,2,-125
1767174332.343238,5,0,-123
1767174332.353238,5,0,-130
1767174332.363238,4,2,-134
1767174332.373238,3,0,-127
1767174332.383238,0,-4,-123
1767174332.393238,-1,-2,-124
1767174332.403238,0,2,-125
1767174332.413238,-1,2,-125
1767174332.423238,0,1,-124
1767174332.4332385,0,0,-126
1767174332.4432385,0,0,-130
1767174332.4532382,0,-2,-131
1767174332.4632382,-1,-5,-129
1767174332.4732382,-3,-2,-127
1767174332.4832382,-1,0,-124
1767174332.4932382,0,0,-120
1767174332.504238,0,0,-119
1767174332.514238,0,0,-121
1767174332.524238,0,-3,-126
1767174332.534238,4,-6,-125
1767174332.544238,1,-3,-122
1767174332.554238,0,0,-123
1767174332.564238,0,0,-123
1767174332.574238,-1,0,-126
1767174332.584238,-2,-2,-127
1767174332.594238,-1,1,-129
1767174332.6042385,0,-3,-125
1767174332.6142385,0,-1,-121
1767174332.6242385,-2,-1,-122
1767174332.6342382,-5,-2,-118
1767174332.6442382,-6,0,-127
1767174332.6542382,-2,-1,-119
1767174332.6642382,0,0,-119
1767174332.6742382,5,0,-117
1767174332.6842382,3,-4,-115
1767174332.6942382,3,-5,-116
1767174332.7042382,1,-4,-114
1767174332.7142382,3,0,-117
1767174332.7242382,6,3,-121
1767174332.734238,13,7,-123
1767174332.744238,12,4,-121
1767174332.754238,9,3,-117
1767174332.764238,10,2,-114
1767174332.774238,6,-4,-111
1767174332.784238,5,-3,-120
1767174332.794238,0,-4,-124
1767174332.804238,5,-1,-126
1767174332.814238,3,-1,-130
1767174332.824238,0,1,-138
1767174332.834238,-2,2,-132
1767174332.844238,-3,1,-132
1767174332.8542385,-6,1,-139
1767174332.8642385,-1,1,-133
1767174332.8742385,-4,0,-127
1767174332.8842382,-7,1,-132
1767174332.8942382,-5,0,-129
1767174332.9042382,0,3,-127
1767174332.9142382,3,3,-131
1767174332.935238,0,0,-138
1767174332.9442382,2,0,-129
1767174332.9542382,6,-1,-134
1767174332.9642382,9,-4,-132
1767174332.9742382,8,-9,-127
1767174332.984238,7,-10,-128
1767174332.994238,8,-7,-129
1767174333.004238,2,-5,-126
1767174333.014238,3,-2,-128
1767174333.024238,0,-3,-127
1767174333.034238,-2,-1,-123
1767174333.044238,-1,1,-122
1767174333.054238,-6,-1,-120
1767174333.064238,-8,0,-117
1767174333.074238,-7,0,-128
1767174333.084238,-9,-1,-130
1767174333.094238,-7,-7,-131
1767174333.1042385,-3,-8,-134
1767174333.1142385,-3,-5,-129
1767174333.1242385,0,-6,-130
1767174333.1342382,-1,-2,-129
1767174333.1442382,-3,0,-132
1767174333.1542382,-4,0,-131
1767174333.1642382,-7,-4,-127
1767174333.1742382,-7,-2,-120
1767174333.1842382,-6,-1,-117
1767174333.1942382,-5,-2,-119
1767174333.2042382,-3,-2,-117
1767174333.2142382,-7,-2,-122
1767174333.2242382,-9,0,-123
1767174333.234238,-5,1,-122
1767174333.244238,-7,1,-121
1767174333.254238,-3,-2,-119
1767174333.264238,0,-3,-117
1767174333.274238,0,-2,-109
1767174333.284238,-2,-3,-113
1767174333.294238,-4,-3,-113
1767174333.304238,-3,-2,-116
1767174333.314238,-4,-3,-112
1767174333.324238,-7,-4,-110
1767174333.334238,-6,-4,-120
1767174333.344238,-6,-2,-126
1767174333.3542385,-8,-3,-133
1767174333.3642385,-7,-1,-130
1767174333.3742385,-8,-2,-127
1767174333.3842382,-8,1,-126
1767174333.3942382,-9,0,-132
1767174333.4042382,-5,-4,-124
1767174333.4142382,-4,-7,-122
1767174333.4242382,1,-7,-124
1767174333.4342382,3,-4,-124
1767174333.4442382,4,1,-129
1767174333.4542382,6,1,-131
1767174333.4642382,1,0,-137
1767174333.4742382,2,0,-137
1767174333.484238,1,0,-136
1767174333.494238,0,1,-136
1767174333.504238,0,4,-136
1767174333.514238,1,2,-132
1767174333.524238,1,0,-127
1767174333.534238,2,-1,-124
1767174333.544238,0,-3,-129
1767174333.554238,1,-5,-128
1767174333.564238,4,-7,-126
1767174333.574238,4,-6,-127
1767174333.584238,4,-5,-128
1767174333.594238,9,-4,-125
1767174333.6042385,6,-4,-130
1767174333.6142385,6,-4,-125
1767174333.6242385,7,-3,-126
1767174333.6342382,9,-4,-121
1767174333.6442382,6,-1,-121
1767174333.6542382,5,2,-119
1767174333.6642382,1,0,-123
1767174333.6742382,1,-4,-130
1767174333.6842382,2,-3,-122
1767174333.6942382,7,0,-114
1767174333.7042382,13,-1,-118
1767174333.7142382,12,-2,-122
1767174333.7242382,12,0,-121
1767174333.734238,10,0,-124
1767174333.744238,6,3,-121
1767174333.754238,1,0,-121
1767174333.764238,2,2,-124
1767174333.774238,7,6,-127
1767174333.784238,6,3,-129
1767174333.794238,1,3,-125
1767174333.804238,0,3,-126
1767174333.814238,0,2,-130
1767174333.824238,4,-3,-128
1767174333.834238,10,-6,-130
1767174333.844238,11,-6,-126
1767174333.8542385,9,-1,-128
1767174333.8642385,10,-2,-129
1767174333.8742385,9,0,-124
1767174333.8842382,4,-1,-124
1767174333.8942382,2,-4,-122
1767174333.9042382,3,-1,-124
1767174333.9142382,6,0,-127
1767174333.9242382,6,0,-126
1767174333.9342382,5,1,-121
1767174333.9442382,7,-1,-124
1767174333.9542382,4,-1,-132
1767174333.9642382,3,-3,-130
1767174333.9742382,4,-8,-133
1767174333.984238,3,-6,-132
1767174333.994238,1,-1,-123
1767174334.004238,0,-2,-120
1767174334.014238,5,-2,-120
1767174334.024238,7,2,-121
1767174334.034238,6,4,-121
1767174334.044238,6,4,-122
1767174334.054238,6,6,-117
1767174334.064238,8,4,-116
1767174334.074238,5,4,-115
1767174334.084238,9,1,-118
1767174334.094238,9,-1,-116
1767174334.1042385,8,0,-119
1767174334.1142385,8,1,-120
1767174334.1242385,12,0,-121
1767174334.1342382,8,-1,-121
1767174334.1442382,8,-2,-127
1767174334.1542382,7,0,-125
1767174334.1642382,3,1,-120
1767174334.1742382,5,4,-119
1767174334.1842382,4,3,-124
1767174334.1942382,7,0,-127
1767174334.2042382,7,0,-125
1767174334.2142382,8,-3,-121
1767174334.2242382,3,-1,-118
1767174334.234238,0,-1,-117
1767174334.244238,1,-5,-117
1767174334.254238,3,-2,-113
1767174334.264238,4,0,-113
1767174334.274238,0,0,-110
1767174334.284238,0,-1,-104
1767174334.294238,-2,-5,-111
1767174334.304238,-2,-3,-113
1767174334.314238,-6,-6,-116
1767174334.324238,-4,-9,-114
1767174334.334238,0,-6,-111
1767174334.344238,-3,-7,-104
1767174334.3542385,-5,-5,-104
1767174334.3642385,-4,-6,-109
1767174334.3742385,-2,-7,-104
1767174334.3842382,-2,-5,-108
1767174334.3942382,-7,-6,-112
1767174334.4042382,-4,-5,-108
1767174334.4142382,0,-2,-111
1767174334.4242382,0,-5,-115
1767174334.4342382,-1,-6,-121
1767174334.4442382,-4,-4,-117
1767174334.4542382,-5,0,-119
1767174334.4642382,-4,0,-126
1767174334.4742382,-1,-1,-121
1767174334.484238,2,-3,-120
1767174334.494238,3,-2,-124
1767174334.504238,0,0,-122
1767174334.514238,-2,-2,-122
1767174334.524238,-10,-7,-118
1767174334.534238,-9,-5,-123
1767174334.544238,-6,-2,-124
1767174334.554238,-5,-3,-124
1767174334.564238,-6,-6,-128
1767174334.574238,-3,-8,-125
1767174334.584238,-6,-8,-126
1767174334.594238,-5,-5,-127
1767174334.6042385,-5,-5,-121
1767174334.6142385,-6,-1,-124
1767174334.6242385,-10,2,-125
1767174334.6342382,-14,-3,-126
1767174334.6442382,-12,-2,-129
1767174334.6542382,-2,-5,-125
1767174334.6642382,-1,-7,-122
1767174334.6742382,-2,-5,-121
1767174334.6842382,0,-6,-119
1767174334.6942382,2,-6,-119
1767174334.7042382,0,-4,-123
1767174334.7142382,-4,-5,-125
1767174334.7242382,-3,-8,-112
1767174334.734238,0,-10,-116
1767174334.744238,-1,-9,-114
1767174334.754238,0,-5,-113
1767174334.764238,-5,-1,-120
1767174334.774238,1,3,-121
1767174334.784238,1,-3,-124
1767174334.794238,-1,1,-125
1767174334.804238,6,1,-131
1767174334.814238,7,2,-130
1767174334.824238,8,0,-131
1767174334.834238,8,0,-135
1767174334.844238,2,-4,-134
1767174334.8542385,3,-4,-132
1767174334.8642385,3,-4,-135
1767174334.8742385,0,0,-134
1767174334.8842382,-1,1,-128
1767174334.8942382,-2,2,-131
1767174334.9042382,-1,1,-123
1767174334.9142382,-1,-4,-119
1767174334.9242382,-1,-6,-118
1767174334.9342382,-1,-2,-123
1767174334.9442382,-7,0,-125
1767174334.9542382,-6,1,-122
1767174334.9642382,-1,1,-117
1767174334.9742382,-1,0,-116
1767174334.984238,-2,0,-113
1767174334.994238,1,1,-116
1767174335.004238,2,1,-110
1767174335.014238,5,2,-113
1767174335.024238,10,0,-128
1767174335.034238,12,0,-127
1767174335.044238,7,1,-120
1767174335.054238,9,0,-121
1767174335.064238,7,5,-126
1767174335.074238,0,5,-121
1767174335.084238,2,1,-119
1767174335.094238,3,3,-122
1767174335.1042385,2,0,-119
1767174335.1142385,3,3,-120
1767174335.1242385,3,5,-123
1767174335.1352382,0,5,-125
1767174335.1452382,-2,2,-124
1767174335.1542382,1,1,-124
1767174335.165238,4,-1,-125
1767174335.175238,3,0,-124
1767174335.185238,4,2,-123
1767174335.195238,2,4,-124
1767174335.2042382,0,4,-128
1767174335.215238,4,4,-123
1767174335.225238,3,1,-125
1767174335.235238,0,-4,-128
1767174335.245238,0,-6,-125
1767174335.255238,-2,-6,-121
1767174335.265238,-1,0,-118
1767174335.275238,-1,2,-119
1767174335.2852385,0,6,-118
1767174335.2952385,-7,4,-122
1767174335.3052382,-3,3,-128
1767174335.3152382,-4,5,-126
1767174335.3252382,-5,6,-126
1767174335.3352382,-3,4,-127
1767174335.3452382,-3,0,-131
1767174335.3552382,-3,-2,-130
1767174335.3652382,0,-4,-132
1767174335.3752382,1,-4,-128
1767174335.3852382,-1,-3,-127
1767174335.3952382,-2,0,-128
1767174335.4052382,-1,1,-123
1767174335.415238,-4,5,-120
1767174335.425238,-6,7,-119
1767174335.435238,-3,4,-123
1767174335.445238,-6,2,-124
1767174335.455238,-5,0,-122
1767174335.465238,-3,5,-118
1767174335.475238,0,7,-112
1767174335.485238,0,11,-112
1767174335.495238,4,6,-113
1767174335.505238,2,6,-117
1767174335.515238,2,2,-120
1767174335.525238,0,1,-121
1767174335.5352385,0,-1,-118
1767174335.5452385,-3,-2,-117
1767174335.5552382,-1,-5,-122
1767174335.5652382,-2,-6,-121
1767174335.5752382,2,-5,-121
1767174335.5852382,-1,-9,-119
1767174335.5952382,-1,-9,-121
1767174335.6052382,0,-5,-122
1767174335.6152382,-1,-2,-125
1767174335.6252382,1,0,-119
1767174335.6352382,1,1,-121
1767174335.6452382,-1,0,-120
1767174335.6552382,-1,-1,-119
1767174335.665238,0,0,-125
1767174335.675238,-1,0,-121
1767174335.685238,-3,0,-120
1767174335.695238,-3,0,-128
1767174335.705238,-5,0,-128
1767174335.715238,-1,2,-127
1767174335.725238,0,0,-128
1767174335.735238,0,1,-123
1767174335.745238,-1,0,-124
1767174335.755238,1,0,-133
1767174335.765238,3,0,-139
1767174335.775238,6,0,-137
1767174335.7852385,8,-2,-128
1767174335.7952385,6,-2,-132
1767174335.8052382,0,-3,-130
1767174335.8152382,-6,0,-127
1767174335.8252382,-9,0,-124
1767174335.8352382,-3,-2,-124
1767174335.8452382,-3,-4,-123
1767174335.8552382,-5,-5,-124
1767174335.8652382,-7,-4,-125
1767174335.8752382,-6,-2,-118
1767174335.8852382,-7,-1,-117
1767174335.8952382,-9,-3,-109
1767174335.9052382,-6,-4,-119
1767174335.915238,-4,-5,-125
1767174335.925238,0,-6,-128
1767174335.935238,1,-5,-127
1767174335.945238,5,-3,-123
1767174335.955238,5,-3,-124
1767174335.965238,9,0,-132
1767174335.975238,5,1,-128
1767174335.985238,9,2,-123
1767174335.995238,10,4,-116
1767174336.005238,11,6,-118
1767174336.015238,9,5,-117
1767174336.025238,3,3,-116
1767174336.0352385,-1,6,-119
1767174336.0452385,0,8,-122
1767174336.0552382,0,5,-123
1767174336.0652382,1,0,-121
1767174336.0752382,1,0,-125
1767174336.0852382,4,0,-131
1767174336.0952382,3,-4,-128
1767174336.1052382,-1,-7,-122
1767174336.1152382,-2,-6,-121
1767174336.1252382,4,-3,-115
1767174336.1352382,0,-7,-119
1767174336.1452382,0,-3,-127
1767174336.1552382,0,0,-122
1767174336.165238,0,0,-120
1767174336.175238,4,3,-116
1767174336.185238,2,0,-115
1767174336.195238,0,2,-117
1767174336.205238,0,2,-115
1767174336.215238,0,3,-114
1767174336.225238,0,1,-115
1767174336.235238,4,0,-126
1767174336.245238,3,0,-129
1767174336.255238,0,-3,-126
1767174336.265238,1,-2,-128
1767174336.275238,0,-2,-125
1767174336.2852385,0,-2,-123
1767174336.2952385,0,-2,-120
1767174336.3052382,4,3,-116
1767174336.3152382,5,8,-122
1767174336.3252382,7,7,-119
1767174336.3352382,4,8,-119
1767174336.3452382,4,6,-117
1767174336.3552382,2,0,-117
1767174336.3652382,1,1,-118
1767174336.3752382,0,0,-117
1767174336.3852382,1,0,-120
1767174336.3952382,2,0,-123
1767174336.4052382,2,0,-118
1767174336.415238,5,1,-120
1767174336.425238,8,-3,-117
1767174336.436238,5,-1,-113
1767174336.445238,-1,0,-109
1767174336.455238,0,-1,-109
1767174336.465238,-2,-2,-115
1767174336.475238,3,0,-116
1767174336.485238,6,3,-123
1767174336.495238,2,3,-129
1767174336.505238,-1,4,-129
1767174336.515238,-2,1,-125
1767174336.525238,-3,0,-124
1767174336.5352385,-4,-4,-121
1767174336.5452385,-5,-3,-127
1767174336.5552382,0,-3,-130
1767174336.5652382,0,-4,-125
1767174336.5752382,0,0,-124
1767174336.5852382,2,-1,-122
1767174336.5952382,0,1,-118
1767174336.6052382,0,0,-118
1767174336.6152382,-5,1,-119
1767174336.6252382,-6,0,-119
1767174336.6352382,-3,-3,-124
1767174336.6452382,-1,-1,-129
1767174336.6552382,3,-7,-125
1767174336.665238,4,-4,-123
1767174336.675238,8,-4,-129
1767174336.685238,7,-5,-131
1767174336.695238,9,-2,-132
1767174336.705238,7,-3,-132
1767174336.715238,5,-8,-132
1767174336.725238,8,-9,-128
1767174336.735238,7,-8,-124
1767174336.745238,6,-6,-128
1767174336.755238,3,-4,-128
1767174336.765238,3,-4,-121
1767174336.775238,7,-4,-122
1767174336.7852385,5,-5,-126
1767174336.7952385,6,-3,-133
1767174336.8052382,5,-2,-129
1767174336.8152382,11,-6,-126
1767174336.8252382,10,-8,-120
1767174336.8352382,7,-8,-120
1767174336.8452382,3,-4,-123
1767174336.8552382,4,-3,-129
1767174336.8652382,2,-2,-131
1767174336.8752382,3,-1,-132
1767174336.8852382,2,-1,-128
1767174336.8952382,3,0,-128
1767174336.9052382,3,-2,-127
1767174336.915238,1,-5,-121
1767174336.925238,2,-6,-124
1767174336.935238,0,-6,-129
1767174336.945238,3,-3,-121
1767174336.955238,0,-4,-116
1767174336.965238,0,-4,-119
1767174336.975238,5,0,-124
1767174336.985238,6,0,-118
1767174336.995238,4,-7,-111
1767174337.005238,5,-4,-114
1767174337.015238,2,-4,-112
1767174337.025238,-3,0,-112
1767174337.0352385,-5,0,-113
1767174337.0452385,-5,-1,-116
1767174337.0552382,-1,-1,-115
1767174337.0652382,-2,0,-121
1767174337.0752382,-3,-2,-114
1767174337.0852382,0,-3,-118
1767174337.0952382,-2,-4,-117
1767174337.1052382,-4,-1,-120
1767174337.1152382,-8,-5,-125
1767174337.1252382,-6,-6,-131
1767174337.1352382,-6,-8,-127
1767174337.1452382,-8,-5,-126
1767174337.1552382,-8,-3,-125
1767174337.165238,-2,0,-129
1767174337.175238,-5,0,-124
1767174337.185238,-5,1,-121
1767174337.195238,-3,4,-122
1767174337.205238,-2,0,-123
1767174337.215238,-1,-3,-134
1767174337.225238,-3,-2,-130
1767174337.235238,-4,-6,-129
1767174337.245238,-1,-3,-133
1767174337.255238,0,-3,-133
1767174337.265238,-2,-1,-130
1767174337.275238,-3,1,-129
1767174337.2852385,-5,2,-128
1767174337.2952385,-1,-1,-128
1767174337.3052382,2,-1,-128
1767174337.3152382,-3,-5,-125
1767174337.3252382,-7,-2,-123
1767174337.3352382,-4,-1,-125
1767174337.3452382,2,-1,-120
1767174337.3552382,3,-2,-119
1767174337.3652382,1,0,-119
1767174337.3752382,2,0,-124
1767174337.3852382,-4,1,-119
1767174337.3952382,0,5,-113
1767174337.4052382,1,0,-116
1767174337.415238,-1,1,-125
1767174337.425238,-1,1,-128
1767174337.435238,-4,0,-121
1767174337.445238,0,-2,-122
1767174337.455238,2,-5,-121
1767174337.465238,4,-8,-120
1767174337.475238,2,-7,-117
1767174337.485238,2,-6,-122
1767174337.495238,-2,-2,-119
1767174337.505238,2,1,-116
1767174337.515238,2,2,-117
1767174337.525238,2,5,-122
1767174337.5352385,3,4,-123
1767174337.5452385,2,2,-120
1767174337.5552382,0,2,-117
1767174337.5652382,0,0,-113
1767174337.5752382,-5,-2,-110
1767174337.5852382,-7,-6,-114
1767174337.5952382,-6,-5,-123
1767174337.6052382,-1,-3,-119
1767174337.6152382,-4,-2,-123
1767174337.6252382,-4,0,-126
1767174337.6352382,0,-2,-122
1767174337.6452382,2,-3,-119
1767174337.6552382,-1,-1,-120
1767174337.665238,-3,1,-125
1767174337.675238,-1,2,-122
1767174337.685238,-3,4,-118
1767174337.695238,-3,1,-119
1767174337.705238,1,-3,-119
1767174337.715238,3,-6,-118
1767174337.725238,0,-2,-121
1767174337.735238,1,-1,-120
1767174337.745238,-2,-4,-123
1767174337.7562382,-2,-4,-122
1767174337.7662382,-3,-3,-124
1767174337.775238,-2,-2,-122
1767174337.7862382,0,-2,-123
1767174337.7962382,1,-2,-123
1767174337.8062382,0,-2,-127
1767174337.8162382,-1,-2,-125
1767174337.8262382,0,-2,-129
1767174337.836238,3,1,-133
1767174337.846238,6,-3,-126
1767174337.856238,3,-3,-127
1767174337.866238,1,-2,-129
1767174337.876238,0,-8,-125
1767174337.886238,0,-6,-122
1767174337.896238,0,-4,-121
1767174337.906238,-1,-2,-117
1767174337.916238,0,-4,-117
1767174337.926238,0,-1,-124
1767174337.9472382,0,-5,-127
1767174337.9562385,0,-7,-127
1767174337.9662385,3,-7,-130
1767174337.9762385,1,-4,-128
1767174337.9862382,2,-10,-126
1767174337.9962382,6,-6,-130
1767174338.0062382,1,-4,-136
1767174338.0162382,3,3,-140
1767174338.0262382,2,0,-143
1767174338.0362382,1,-3,-131
1767174338.0462382,0,-1,-127
1767174338.0562382,0,0,-119
1767174338.0662382,-1,0,-113
1767174338.0762382,3,0,-119
1767174338.086238,0,3,-117
1767174338.096238,0,2,-119
1767174338.106238,-1,2,-122
1767174338.116238,-1,0,-126
1767174338.126238,-4,-4,-130
1767174338.136238,-6,0,-124
1767174338.146238,-3,0,-127
1767174338.156238,0,4,-129
1767174338.166238,5,1,-123
1767174338.1772382,4,-2,-124
1767174338.186238,2,1,-128
1767174338.196238,6,0,-125
1767174338.2062385,7,0,-119
1767174338.2162385,5,2,-114
1767174338.2262385,1,-1,-115
1767174338.2362382,-1,-1,-116
1767174338.2462382,-2,0,-110
1767174338.2562382,0,0,-117
1767174338.2662382,0,2,-116
1767174338.2762382,0,1,-119
1767174338.2862382,-4,4,-123
1767174338.2962382,-8,0,-123
1767174338.3062382,-7,3,-124
1767174338.3162382,-4,3,-118
1767174338.3262382,-3,0,-119
1767174338.336238,0,-3,-123
1767174338.346238,0,-6,-127
1767174338.356238,-1,-9,-133
1767174338.366238,-3,-7,-129
1767174338.376238,-4,-3,-125
1767174338.386238,-5,2,-123
1767174338.396238,-5,-1,-122
1767174338.406238,-3,-4,-123
1767174338.416238,-3,-5,-123
1767174338.426238,0,-3,-126
1767174338.436238,3,-2,-123
1767174338.446238,6,0,-120
1767174338.4562385,5,-1,-125
1767174338.4662385,5,0,-125
1767174338.4762385,3,4,-124
1767174338.4862382,-1,6,-118
1767174338.4962382,1,2,-122
1767174338.5062382,3,2,-130
1767174338.5162382,3,4,-126
1767174338.5262382,5,6,-117
1767174338.5362382,3,6,-122
1767174338.5462382,4,9,-126
1767174338.5562382,1,5,-122
1767174338.5662382,-2,3,-119
1767174338.5762382,-4,-1,-128
1767174338.586238,-5,1,-126
1767174338.596238,-1,0,-125
1767174338.606238,0,0,-119
1767174338.616238,0,2,-118
1767174338.626238,-3,1,-120
1767174338.636238,-4,1,-120
1767174338.646238,-3,3,-121
1767174338.656238,0,6,-120
1767174338.666238,0,7,-126
1767174338.676238,-2,3,-133
1767174338.686238,0,7,-125
1767174338.696238,0,3,-119
1767174338.7062385,-4,1,-126
1767174338.7162385,-7,0,-128
1767174338.7262385,-10,2,-136
1767174338.7362382,-8,6,-135
1767174338.7462382,-4,0,-132
1767174338.7562382,-7,-4,-125
1767174338.7662382,-3,-5,-124
1767174338.7762382,-4,-7,-119
1767174338.7862382,-4,-10,-115
1767174338.7962382,-4,-6,-116
1767174338.8062382,-7,-10,-123
1767174338.8162382,-7,-12,-124
1767174338.8262382,-6,-7,-122
1767174338.836238,-7,-4,-125
1767174338.846238,-4,-1,-128
1767174338.856238,-3,-1,-127
1767174338.866238,-6,-3,-122
1767174338.876238,-2,1,-121
1767174338.886238,-4,1,-122
1767174338.896238,-3,0,-124
1767174338.906238,-2,-1,-127
1767174338.916238,4,-2,-127
1767174338.926238,8,-6,-126
1767174338.936238,4,-3,-121
1767174338.946238,6,-2,-123
1767174338.9562385,0,0,-120
1767174338.9662385,-2,3,-110
1767174338.9762385,4,0,-116
1767174338.9862382,8,0,-114
1767174338.9962382,8,0,-117
1767174339.0062382,8,-1,-121
1767174339.0162382,4,-2,-123
1767174339.0262382,2,-5,-127
1767174339.0362382,-2,-4,-132
1767174339.0462382,-1,-7,-119
1767174339.0562382,1,-3,-125
1767174339.0662382,2,0,-125
1767174339.0762382,2,2,-127
1767174339.086238,4,1,-130
1767174339.096238,6,1,-122
1767174339.106238,8,2,-122
1767174339.116238,9,0,-123
1767174339.126238,5,-2,-119
1767174339.136238,3,-5,-122
1767174339.146238,5,-8,-121
1767174339.156238,6,-4,-130
1767174339.166238,9,-2,-130
1767174339.176238,10,-1,-127
1767174339.186238,7,1,-131
1767174339.196238,3,-1,-133
1767174339.2062385,3,-3,-131
1767174339.2162385,0,-1,-130
1767174339.2262385,0,-2,-129
1767174339.2362382,-2,-1,-127
1767174339.2462382,2,0,-122
1767174339.2562382,3,0,-127
1767174339.2662382,0,5,-130
1767174339.2762382,-5,3,-131
1767174339.2862382,-6,1,-125
1767174339.2962382,-5,1,-119
1767174339.3062382,-10,1,-126
1767174339.3162382,-10,-2,-120
1767174339.3262382,-7,1,-118
1767174339.336238,-3,3,-115
1767174339.346238,-6,2,-121
1767174339.356238,-4,3,-127
1767174339.366238,0,2,-126
1767174339.376238,-4,-3,-128
1767174339.386238,-5,-7,-119
1767174339.396238,-4,-6,-116
1767174339.406238,-3,-5,-119
1767174339.416238,-9,-1,-123
1767174339.426238,-8,1,-128
1767174339.436238,0,0,-122
1767174339.446238,-1,0,-118
1767174339.4562385,-3,0,-119
1767174339.4662385,-2,-1,-115
1767174339.4762385,2,-4,-116
1767174339.4862382,1,-5,-116
1767174339.4962382,0,-1,-117
1767174339.5062382,-3,-4,-118
1767174339.5162382,2,-6,-122
1767174339.5262382,2,-4,-122
1767174339.5362382,1,-6,-122
1767174339.5462382,4,-9,-125
1767174339.5562382,2,-7,-122
1767174339.5662382,1,-7,-122
1767174339.5762382,1,-4,-117
1767174339.586238,1,-2,-122
1767174339.596238,1,-1,-121
1767174339.606238,3,0,-125
1767174339.616238,5,2,-129
1767174339.626238,0,0,-126
1767174339.636238,0,0,-124
1767174339.646238,3,0,-115
1767174339.656238,5,2,-113
1767174339.666238,3,3,-112
1767174339.676238,3,-3,-112
1767174339.686238,3,-6,-113
1767174339.696238,1,-7,-118
1767174339.7062385,1,-3,-120
1767174339.7162385,-1,0,-120
1767174339.7262385,-7,5,-112
1767174339.7362382,-7,5,-116
1767174339.7462382,-2,5,-106
1767174339.7562382,-3,4,-114
1767174339.7662382,-5,3,-122
1767174339.7762382,-6,3,-122
1767174339.7862382,-5,1,-127
1767174339.7962382,0,-1,-121
1767174339.8062382,-4,-3,-127
1767174339.8162382,-3,1,-133
1767174339.8262382,-2,-1,-134
1767174339.836238,-4,1,-137
1767174339.846238,-5,1,-139
1767174339.856238,-3,-2,-136
1767174339.866238,0,0,-138
1767174339.876238,0,0,-137
1767174339.886238,2,2,-133
1767174339.896238,-1,-1,-133
1767174339.906238,-3,-4,-132
1767174339.916238,-1,-6,-132
1767174339.926238,-1,-5,-127
1767174339.936238,-2,-5,-123
1767174339.946238,-2,-4,-128
1767174339.9562385,-2,-3,-126
1767174339.9662385,-2,-3,-129
1767174339.9762385,0,2,-127
1767174339.9862382,1,0,-127
1767174339.9962382,0,0,-128
1767174340.0062382,0,0,-122
1767174340.0162382,-3,0,-122
1767174340.0262382,-4,0,-118
1767174340.0362382,-4,0,-124
1767174340.0462382,-5,2,-127
1767174340.0562382,0,7,-129
1767174340.0662382,-4,8,-131
1767174340.0762382,-3,5,-128
1767174340.086238,4,5,-127
1767174340.096238,8,1,-125
1767174340.106238,9,-1,-125
1767174340.116238,7,0,-126
1767174340.126238,8,1,-118
1767174340.136238,5,0,-116
1767174340.146238,4,0,-116
1767174340.156238,6,-1,-127
1767174340.166238,5,-4,-125
1767174340.176238,5,-5,-120
1767174340.186238,4,-8,-115
1767174340.196238,3,-6,-117
1767174340.2062385,2,-4,-116
1767174340.2162385,1,-5,-121
1767174340.2262385,-2,-1,-118
1767174340.2362382,-1,-1,-124
1767174340.2462382,-5,-3,-115
1767174340.2562382,0,-4,-114
1767174340.2662382,0,-2,-118
1767174340.2762382,2,-1,-128
1767174340.2862382,3,-1,-128
1767174340.2962382,-1,0,-129
1767174340.3062382,-4,3,-131
1767174340.3162382,0,2,-131
1767174340.3262382,0,0,-128
1767174340.336238,0,-1,-125
1767174340.346238,0,4,-121
1767174340.356238,-2,7,-123
1767174340.366238,-1,8,-125
1767174340.377238,-4,3,-124
1767174340.386238,-1,3,-128
1767174340.396238,-2,2,-123
1767174340.406238,1,3,-129
1767174340.416238,1,0,-127
1767174340.4272382,-2,0,-123
1767174340.436238,-6,1,-125
1767174340.4472382,-3,-2,-124
1767174340.4572382,-2,-3,-119
1767174340.4672382,2,0,-117
1767174340.4772382,3,0,-125
1767174340.4872382,1,1,-128
1767174340.4972382,3,1,-129
1767174340.507238,3,5,-126
1767174340.517238,6,4,-128
1767174340.527238,4,4,-123
1767174340.537238,2,4,-124
1767174340.547238,1,3,-123
1767174340.557238,2,0,-127
1767174340.567238,-3,1,-127
1767174340.577238,0,3,-127
1767174340.587238,1,0,-123
1767174340.597238,1,-2,-119
1767174340.607238,6,0,-115
1767174340.617238,0,2,-119
1767174340.627238,-2,3,-127
1767174340.6372385,-2,1,-127
1767174340.6472385,-3,-2,-125
1767174340.6572382,-6,-6,-125
1767174340.6672382,-6,-2,-117
1767174340.6772382,-1,-2,-121
1767174340.6872382,-4,1,-124
1767174340.6972382,-6,-5,-118
1767174340.7072382,-3,-5,-121
1767174340.7172382,0,-5,-126
1767174340.7272382,1,-3,-124
1767174340.7372382,3,-1,-129
1767174340.7472382,1,-4,-125
1767174340.757238,1,-5,-125
1767174340.767238,4,-3,-126
1767174340.777238,2,-4,-121
1767174340.787238,-2,0,-124
1767174340.797238,-8,0,-126
1767174340.807238,-12,-4,-122
1767174340.817238,-13,-5,-117
1767174340.827238,-12,-3,-114
1767174340.837238,-12,-4,-112
1767174340.847238,-10,-2,-120
1767174340.857238,-5,-3,-116
1767174340.867238,-1,-2,-113
1767174340.877238,3,-3,-113
1767174340.8872385,1,-3,-113
1767174340.8972385,3,-1,-113
1767174340.9072382,5,-1,-115
1767174340.9172382,0,0,-115
1767174340.9272382,2,-3,-121
1767174340.9372382,4,-6,-129
1767174340.9472382,2,-9,-125
1767174340.9572382,1,-8,-123
1767174340.9672382,1,0,-125
1767174340.9772382,-2,-4,-122
1767174340.9872382,-4,-4,-124
1767174340.9972382,3,-4,-126
1767174341.007238,4,-2,-126
1767174341.017238,7,-5,-126
1767174341.027238,9,-8,-127
1767174341.037238,6,-6,-131
1767174341.047238,3,-3,-130
1767174341.057238,1,-5,-130
1767174341.067238,4,-9,-129
1767174341.077238,3,-12,-123
1767174341.087238,4,-12,-127
1767174341.097238,0,-8,-123
1767174341.107238,1,-3,-123
1767174341.117238,0,-1,-117
1767174341.127238,-2,1,-122
1767174341.1372385,1,0,-120
1767174341.1472385,3,0,-123
1767174341.1572382,6,-4,-129
1767174341.1672382,2,-7,-129
1767174341.1772382,1,-4,-132
1767174341.1872382,0,-8,-136
1767174341.1972382,5,-6,-134
1767174341.2072382,5,-4,-130
1767174341.2172382,3,-4,-125
1767174341.2272382,1,-3,-127
1767174341.2372382,0,-3,-126
1767174341.2472382,-1,-2,-123
1767174341.257238,-3,-2,-131
1767174341.267238,0,2,-132
1767174341.277238,1,3,-131
1767174341.287238,7,4,-121
1767174341.297238,6,-1,-120
1767174341.307238,1,2,-124
1767174341.317238,2,1,-126
1767174341.327238,1,1,-125
1767174341.337238,0,0,-117
1767174341.347238,0,-1,-121
1767174341.357238,0,-2,-126
1767174341.367238,-1,-2,-128
1767174341.377238,0,-2,-127
1767174341.3872385,1,2,-127
1767174341.3972385,2,3,-124
1767174341.4072382,-1,1,-124
1767174341.4172382,-6,2,-122
1767174341.4272382,-7,0,-123
1767174341.4372382,-6,-1,-115
1767174341.4472382,-4,0,-109
1767174341.4572382,-4,2,-106
1767174341.4672382,-4,2,-115
1767174341.4772382,-4,0,-122
1767174341.4872382,-3,-2,-124
1767174341.4972382,3,-1,-128
1767174341.507238,0,0,-126
1767174341.517238,-4,5,-129
1767174341.527238,-1,5,-125
1767174341.537238,1,3,-125
1767174341.547238,4,1,-125
1767174341.557238,4,6,-126
1767174341.567238,1,1,-123
1767174341.577238,0,0,-123
1767174341.587238,-1,1,-122
1767174341.597238,-1,1,-127
1767174341.607238,2,1,-128
1767174341.617238,4,0,-120
1767174341.627238,2,0,-132
1767174341.6372385,0,-1,-134
1767174341.6472385,1,0,-132
1767174341.6572382,1,1,-130
1767174341.6672382,0,3,-128
1767174341.6772382,-2,1,-128
1767174341.6872382,-3,4,-129
1767174341.6972382,0,1,-128
1767174341.7072382,-1,-2,-133
1767174341.7172382,-1,-3,-135
1767174341.7272382,-2,2,-135
1767174341.7372382,2,1,-135
1767174341.7472382,0,0,-126
1767174341.757238,-7,-2,-124
1767174341.767238,-10,-2,-118
1767174341.777238,-10,-6,-120
1767174341.787238,-10,-6,-119
1767174341.797238,-9,0,-122
1767174341.807238,-6,-3,-115
1767174341.817238,-8,0,-117
1767174341.827238,-8,-2,-126
1767174341.837238,-6,-1,-125
1767174341.847238,-7,6,-130
1767174341.857238,-5,7,-140
1767174341.867238,-1,3,-134
1767174341.877238,0,2,-133
1767174341.8872385,-2,0,-135
1767174341.8972385,-1,3,-133
1767174341.9072382,0,0,-129
1767174341.9172382,-3,-2,-128
1767174341.9272382,-2,-2,-128
1767174341.9372382,0,-2,-125
1767174341.9472382,0,1,-126
1767174341.9572382,1,-1,-122
1767174341.9672382,2,-1,-118
1767174341.9772382,3,0,-116
1767174341.9872382,-3,1,-119
1767174341.9972382,-8,2,-121
1767174342.007238,-7,3,-120
1767174342.017238,-6,1,-122
1767174342.027238,-1,-5,-134
1767174342.037238,0,-8,-137
1767174342.047238,0,-8,-137
1767174342.057238,1,-5,-130
1767174342.067238,6,-7,-122
1767174342.077238,9,-8,-127
1767174342.087238,7,-10,-128
1767174342.097238,3,-7,-124
1767174342.107238,4,-6,-122
1767174342.117238,2,-2,-121
1767174342.127238,0,-2,-123
1767174342.1372385,-1,3,-124
1767174342.1472385,-3,3,-126
1767174342.1572382,0,4,-129
1767174342.1672382,0,6,-126
1767174342.1772382,5,4,-128
1767174342.1872382,1,3,-128
1767174342.1972382,3,1,-124
1767174342.2072382,3,0,-123
1767174342.2172382,3,-1,-124
1767174342.2272382,3,0,-126
1767174342.2372382,1,2,-125
1767174342.2472382,1,0,-121
1767174342.257238,1,-1,-122
1767174342.267238,0,0,-121
1767174342.277238,2,-4,-121
1767174342.287238,9,-4,-120
1767174342.297238,4,-2,-124
1767174342.307238,1,-5,-123
1767174342.317238,-2,-2,-120
1767174342.327238,0,-3,-120
1767174342.337238,0,-4,-119
1767174342.347238,-1,-2,-118
1767174342.357238,-2,1,-113
1767174342.367238,0,0,-121
1767174342.377238,1,0,-126
1767174342.3872385,0,0,-127
1767174342.3972385,-2,-3,-129
1767174342.4072382,-3,1,-122
1767174342.4172382,-4,3,-117
1767174342.4272382,-2,-1,-121
1767174342.4372382,4,1,-125
1767174342.4472382,6,1,-122
1767174342.4572382,3,0,-122
1767174342.4672382,2,-3,-117
1767174342.4772382,4,-6,-123
1767174342.4872382,1,-4,-119
1767174342.4972382,4,0,-126
1767174342.507238,1,1,-128
1767174342.517238,2,2,-124
1767174342.527238,0,0,-129
1767174342.537238,0,-2,-121
1767174342.547238,-2,-4,-124
1767174342.557238,-4,-4,-117
1767174342.567238,0,-5,-118
1767174342.577238,1,0,-124
1767174342.587238,-1,0,-127
1767174342.597238,-1,0,-131
1767174342.607238,-6,-2,-128
1767174342.617238,-7,-3,-123
1767174342.627238,-6,-6,-120
1767174342.6372385,-8,-3,-121
1767174342.6472385,-4,-1,-119
1767174342.6572382,-4,0,-117
1767174342.6672382,2,0,-119
1767174342.6772382,3,-1,-123
1767174342.6872382,4,-1,-118
1767174342.6972382,4,-2,-118
1767174342.7072382,0,-1,-120
1767174342.7172382,3,-1,-124
1767174342.7272382,5,2,-125
1767174342.7372382,6,5,-125
1767174342.7472382,2,1,-118
1767174342.757238,3,-2,-116
1767174342.767238,5,-2,-114
1767174342.777238,1,0,-115
1767174342.787238,2,0,-118
1767174342.797238,1,0,-114
1767174342.807238,-1,-4,-113
1767174342.817238,-4,-6,-113
1767174342.827238,-6,-7,-110
1767174342.837238,-9,-6,-115
1767174342.847238,-12,-5,-117
1767174342.857238,-3,-7,-110
1767174342.867238,-3,-9,-110
1767174342.877238,-7,-9,-110
1767174342.8872385,-6,-6,-119
1767174342.8972385,-2,-6,-123
1767174342.9072382,1,-6,-121
1767174342.9172382,2,-8,-122
1767174342.9272382,3,-5,-125
1767174342.9372382,2,0,-127
1767174342.959238,-1,0,-123
1767174342.9672382,3,-2,-114
1767174342.9772382,6,-3,-114
1767174342.9872382,9,1,-109
1767174342.9972382,9,2,-108
1767174343.007238,7,0,-108
1767174343.017238,2,0,-113
1767174343.027238,3,5,-121
1767174343.037238,0,0,-124
1767174343.047238,0,-1,-124
1767174343.057238,1,-2,-126
1767174343.067238,2,-2,-130
1767174343.077238,4,-1,-132
1767174343.087238,5,1,-137
1767174343.0982382,5,3,-128
1767174343.107238,2,-1,-122
1767174343.1182382,0,-1,-122
1767174343.1282382,-5,-4,-120
1767174343.1382382,0,-1,-126
1767174343.1482382,-3,0,-127
1767174343.1582382,-6,5,-119
1767174343.1682382,-5,2,-116
1767174343.1782382,-5,2,-113
1767174343.188238,-3,0,-119
1767174343.198238,-2,-1,-115
1767174343.208238,-3,-3,-113
1767174343.218238,0,-2,-116
1767174343.228238,1,-3,-120
1767174343.238238,3,-1,-121
1767174343.248238,0,-5,-117
1767174343.258238,-2,-5,-122
1767174343.268238,0,-2,-126
1767174343.278238,-3,0,-126
1767174343.288238,-3,-2,-124
1767174343.298238,-6,0,-119
1767174343.3082385,-6,3,-116
1767174343.3182385,-2,0,-109
1767174343.3282382,-2,0,-110
1767174343.3382382,-3,-2,-114
1767174343.3482382,-7,-3,-128
1767174343.3582382,-5,-2,-130
1767174343.3682382,-5,-3,-125
1767174343.3782382,-6,-4,-122
1767174343.3882382,-2,-5,-117
1767174343.3982382,-5,-2,-114
1767174343.4082382,-2,-5,-114
1767174343.4182382,0,0,-120
1767174343.4282382,0,-3,-115
1767174343.438238,-1,-3,-115
1767174343.448238,-2,-1,-114
1767174343.458238,-3,0,-119
1767174343.468238,-4,0,-120
1767174343.478238,-2,2,-126
1767174343.488238,-3,0,-127
1767174343.498238,-4,-3,-117
1767174343.508238,-2,-3,-114
1767174343.518238,0,0,-115
1767174343.528238,-3,0,-116
1767174343.538238,-5,-1,-122
1767174343.548238,-1,-4,-125
1767174343.5582385,-2,-1,-126
1767174343.5682385,-2,0,-130
1767174343.5782382,0,3,-130
1767174343.5882382,1,4,-127
1767174343.5982382,4,0,-125
1767174343.6082382,7,-1,-119
1767174343.6182382,6,0,-120
1767174343.6282382,4,-1,-124
1767174343.6382382,5,-3,-129
1767174343.6482382,2,-3,-124
1767174343.6582382,0,-2,-120
1767174343.6682382,-2,-3,-120
1767174343.6782382,0,0,-118
1767174343.688238,2,-1,-120
1767174343.698238,2,1,-117
1767174343.708238,-1,1,-123
1767174343.718238,-2,-1,-126
1767174343.728238,1,0,-123
1767174343.738238,1,0,-124
1767174343.748238,5,-2,-124
1767174343.758238,5,-1,-131
1767174343.768238,3,-1,-134
1767174343.778238,-1,-6,-130
1767174343.788238,-2,-2,-129
1767174343.798238,-4,-4,-123
1767174343.8082385,-3,-6,-127
1767174343.8182385,-3,-2,-126
1767174343.8282382,-5,-2,-125
1767174343.8382382,-8,-4,-122
1767174343.8482382,-6,-6,-127
1767174343.8582382,-5,-5,-133
1767174343.8682382,-2,-3,-128
1767174343.8782382,0,-4,-132
1767174343.8882382,-3,-5,-132
1767174343.8982382,2,-3,-132
1767174343.9082382,4,-6,-127
1767174343.9182382,6,-8,-119
1767174343.9282382,6,-8,-117
1767174343.938238,3,-6,-117
1767174343.948238,9,-5,-121
1767174343.958238,3,-3,-120
1767174343.968238,2,-4,-119
1767174343.978238,-2,-6,-118
1767174343.988238,0,-4,-122
1767174343.998238,2,0,-129
1767174344.008238,3,-1,-124
1767174344.018238,1,0,-124
1767174344.028238,-3,0,-125
1767174344.038238,-4,-1,-129
1767174344.048238,3,-2,-132
1767174344.0582385,7,-2,-129
1767174344.0682385,8,-4,-128
1767174344.0782382,6,-3,-132
1767174344.0882382,6,-3,-131
1767174344.0982382,4,-3,-128
1767174344.1082382,0,-3,-125
1767174344.1182382,-2,-3,-123
1767174344.1282382,0,-3,-121
1767174344.1382382,0,-4,-122
1767174344.1482382,-1,-4,-130
1767174344.1582382,-2,-7,-135
1767174344.1682382,-3,-8,-142
1767174344.1782382,0,-5,-143
1767174344.188238,0,0,-138
1767174344.198238,-1,2,-136
1767174344.208238,3,0,-142
1767174344.218238,7,-1,-141
1767174344.228238,9,-5,-132
1767174344.238238,6,-4,-134
1767174344.248238,3,-8,-134
1767174344.258238,3,-5,-132
1767174344.268238,3,-4,-122
1767174344.278238,4,-3,-114
1767174344.288238,6,-6,-121
1767174344.298238,7,-5,-123
1767174344.3082385,4,-7,-128
1767174344.3182385,3,-3,-130
1767174344.3282382,3,0,-132
1767174344.3382382,5,0,-131
1767174344.3482382,6,-2,-131
1767174344.3582382,8,0,-133
1767174344.3682382,6,-1,-139
1767174344.3782382,7,0,-138
1767174344.3882382,2,1,-135
1767174344.3982382,1,0,-125
1767174344.4082382,0,1,-119
1767174344.4182382,0,1,-118
1767174344.4282382,2,-1,-123
1767174344.438238,2,0,-122
1767174344.448238,2,1,-114
1767174344.458238,-1,0,-114
1767174344.468238,-5,2,-118
1767174344.478238,-7,0,-126
1767174344.488238,-9,0,-130
1767174344.498238,-9,1,-128
1767174344.508238,-8,1,-123
1767174344.518238,-6,-4,-123
1767174344.528238,-1,-1,-120
1767174344.538238,-3,0,-121
1767174344.548238,0,-1,-116
1767174344.5582385,0,0,-121
1767174344.5682385,0,1,-125
1767174344.5782382,-3,-1,-127
1767174344.5882382,-3,-1,-126
1767174344.5982382,1,-1,-137
1767174344.6082382,-1,2,-140
1767174344.6182382,2,1,-139
1767174344.6282382,0,0,-133
1767174344.6382382,-3,1,-130
1767174344.6482382,3,-1,-132
1767174344.6582382,-1,-3,-131
1767174344.6682382,-3,-2,-125
1767174344.6782382,1,0,-126
1767174344.688238,0,2,-124
1767174344.698238,0,7,-115
1767174344.708238,3,5,-114
1767174344.718238,-1,3,-129
1767174344.728238,0,6,-136
1767174344.738238,0,2,-138
1767174344.748238,3,0,-129
1767174344.758238,5,3,-126
1767174344.768238,3,1,-127
1767174344.778238,4,0,-134
1767174344.788238,0,1,-131
1767174344.798238,-1,0,-125
1767174344.8082385,0,0,-126
1767174344.8182385,-1,3,-125
1767174344.8282382,-3,-4,-126
1767174344.8382382,-2,-4,-121
1767174344.8482382,-1,-3,-117
1767174344.8582382,0,-3,-123
1767174344.8682382,1,-4,-121
1767174344.8782382,-1,-7,-114
1767174344.8882382,-3,-6,-115
1767174344.8982382,-4,-9,-119
1767174344.9082382,-6,-7,-120
1767174344.9182382,-1,-7,-121
1767174344.9282382,0,-5,-131
1767174344.938238,2,-7,-134
1767174344.948238,2,-4,-130
1767174344.958238,6,-6,-125
1767174344.968238,3,-7,-123
1767174344.978238,1,-8,-126
1767174344.988238,1,-5,-125
1767174344.998238,2,-5,-122
1767174345.008238,0,-5,-131
1767174345.018238,4,-6,-135
1767174345.028238,4,-7,-134
1767174345.038238,7,-6,-126
1767174345.048238,3,-8,-130
1767174345.0582385,8,-7,-129
1767174345.0682385,9,-1,-132
1767174345.0782382,6,2,-128
1767174345.0882382,13,-1,-132
1767174345.0982382,10,-1,-131
1767174345.1082382,8,-2,-129
1767174345.1182382,8,-2,-130
1767174345.1282382,5,0,-129
1767174345.1382382,5,0,-124
1767174345.1482382,5,0,-123
1767174345.1582382,2,-1,-126
1767174345.1682382,7,-6,-132
1767174345.1782382,4,-7,-130
1767174345.188238,1,-2,-131
1767174345.198238,2,3,-126
1767174345.208238,4,2,-128
1767174345.218238,-2,2,-134
1767174345.228238,-1,0,-133
1767174345.238238,-5,2,-135
1767174345.248238,-6,6,-129
1767174345.258238,-9,5,-125
1767174345.268238,-9,2,-122
1767174345.278238,-11,1,-126
1767174345.288238,-10,-3,-125
1767174345.298238,-6,-2,-127
1767174345.3082385,-7,-4,-131
1767174345.3182385,-8,-3,-134
1767174345.3282382,-8,-5,-132
1767174345.3382382,-5,-4,-129
1767174345.3482382,-7,-6,-127
1767174345.3582382,-9,-8,-131
1767174345.3682382,-10,-9,-128
1767174345.3782382,-11,-6,-120
1767174345.3882382,-7,-3,-118
1767174345.3982382,-7,-3,-120
1767174345.4082382,-7,-1,-116
1767174345.4182382,-3,0,-111
1767174345.4282382,-6,-3,-116
1767174345.438238,-2,-1,-114
1767174345.448238,2,-2,-107
1767174345.458238,3,-4,-114
1767174345.468238,0,-3,-113
1767174345.478238,1,-1,-114
1767174345.488238,1,-3,-119
1767174345.498238,3,0,-123
1767174345.508238,-2,0,-125
1767174345.518238,-4,-3,-125
1767174345.528238,-2,-1,-118
1767174345.538238,-2,0,-113
1767174345.548238,-4,1,-110
1767174345.5582385,-6,0,-111
1767174345.5682385,-8,-1,-119
1767174345.5782382,-6,-3,-122
1767174345.5882382,-2,-4,-129
1767174345.5982382,-6,-3,-129
1767174345.6082382,0,-2,-124
1767174345.6182382,-5,-4,-117
1767174345.6282382,-10,-5,-111
1767174345.6382382,-4,-8,-116
1767174345.6482382,-4,-7,-112
1767174345.6582382,-7,-1,-111
1767174345.6682382,-3,2,-113
1767174345.6782382,0,1,-118
1767174345.688238,0,2,-120
1767174345.698238,2,3,-119
1767174345.708238,-2,2,-118
1767174345.719238,-1,0,-119
1767174345.7292385,1,1,-120
1767174345.7392385,6,0,-121
1767174345.748238,5,-2,-117
1767174345.7592382,3,-2,-115
1767174345.7692382,1,-2,-116
1767174345.7792382,2,-2,-109
1767174345.7892382,4,-2,-111
1767174345.798238,9,0,-113
1767174345.8092382,8,2,-124
1767174345.8192382,4,5,-127
1767174345.8292382,3,6,-130
1767174345.8392382,3,5,-126
1767174345.8492382,6,4,-121
1767174345.859238,4,5,-127
1767174345.869238,5,2,-129
1767174345.879238,4,3,-134
1767174345.889238,0,0,-132
1767174345.899238,-3,-2,-129
1767174345.909238,-5,-4,-131
1767174345.919238,0,-6,-136
1767174345.929238,1,-4,-139
1767174345.939238,5,-2,-131
1767174345.949238,1,0,-130
1767174345.959238,0,-3,-132
1767174345.969238,-3,-1,-132
1767174345.9792385,-3,2,-130
1767174345.9892385,-1,-1,-133
1767174345.9992385,0,0,-131
1767174346.0092382,0,-4,-135
1767174346.0192382,-1,-1,-132
1767174346.0292382,2,2,-133
1767174346.0392382,3,1,-129
1767174346.0492382,0,0,-130
1767174346.0592382,-2,0,-129
1767174346.0692382,-6,0,-126
1767174346.0792382,-2,1,-122
1767174346.0892382,-1,-1,-121
1767174346.0992382,-4,-6,-119
1767174346.109238,-3,-9,-117
1767174346.119238,1,-14,-116
1767174346.129238,5,-14,-122
1767174346.139238,6,-8,-129
1767174346.149238,3,-7,-124
1767174346.159238,1,-2,-128
1767174346.169238,2,-4,-129
1767174346.179238,3,-1,-127
1767174346.189238,7,-1,-126
1767174346.199238,1,-1,-126
1767174346.209238,-3,-2,-133
1767174346.219238,-2,-3,-133
1767174346.2292385,-2,-6,-131
1767174346.2392385,-1,-3,-134
1767174346.2492385,2,0,-132
1767174346.2592382,6,-1,-125
1767174346.2692382,1,0,-125
1767174346.2792382,0,-3,-121
1767174346.2892382,2,-5,-116
1767174346.2992382,7,-7,-117
1767174346.3092382,2,-6,-125
1767174346.3192382,1,-5,-120
1767174346.3292382,0,-2,-125
1767174346.3392382,2,0,-126
1767174346.3492382,-1,1,-115
1767174346.359238,-3,2,-118
1767174346.369238,-1,1,-123
1767174346.379238,4,0,-122
1767174346.389238,0,2,-122
1767174346.399238,2,3,-126
1767174346.409238,0,-1,-127
1767174346.419238,0,-2,-128
1767174346.429238,1,0,-136
1767174346.439238,0,3,-133
1767174346.449238,2,6,-132
1767174346.459238,2,7,-129
1767174346.469238,5,5,-130
1767174346.4792385,4,2,-131
1767174346.4892385,3,3,-126
1767174346.4992385,4,3,-115
1767174346.5092382,1,3,-116
1767174346.5192382,0,2,-114
1767174346.5292382,0,0,-117
1767174346.5392382,5,-2,-120
1767174346.5492382,4,-4,-125
1767174346.5592382,4,-4,-127
1767174346.5692382,6,-4,-122
1767174346.5792382,13,-3,-122
1767174346.5892382,8,-3,-119
1767174346.5992382,3,0,-121
1767174346.609238,1,2,-119
1767174346.619238,3,6,-121
1767174346.629238,4,7,-122
1767174346.639238,2,3,-121
1767174346.649238,1,5,-121
1767174346.659238,-2,3,-115
1767174346.669238,-3,1,-117
1767174346.679238,-2,1,-115
1767174346.689238,0,0,-112
1767174346.699238,2,-4,-116
1767174346.709238,1,-3,-113
1767174346.719238,0,-6,-117
1767174346.7292385,0,0,-123
1767174346.7392385,0,0,-120
1767174346.7492385,3,2,-123
1767174346.7592382,3,0,-119
1767174346.7692382,3,5,-118
1767174346.7792382,4,5,-116
1767174346.7892382,1,0,-120
1767174346.7992382,2,1,-112
1767174346.8092382,0,2,-114
1767174346.8192382,-4,2,-118
1767174346.8292382,-4,0,-118
1767174346.8392382,-6,0,-117
1767174346.8492382,-3,-1,-123
1767174346.859238,-6,-2,-127
1767174346.869238,-4,-3,-120
1767174346.879238,-3,-4,-119
1767174346.889238,-6,-2,-120
1767174346.899238,-2,-2,-125
1767174346.909238,1,-2,-126
1767174346.919238,4,-1,-124
1767174346.929238,0,4,-126
1767174346.939238,3,4,-126
1767174346.949238,3,0,-127
1767174346.959238,-2,2,-128
1767174346.969238,-3,4,-132
1767174346.9792385,-5,2,-127
1767174346.9892385,-5,3,-129
1767174346.9992385,-2,1,-125
1767174347.0092382,-5,0,-129
1767174347.0192382,-3,2,-130
1767174347.0292382,-2,4,-130
1767174347.0392382,-3,6,-126
1767174347.0492382,-2,4,-125
1767174347.0592382,0,2,-121
1767174347.0692382,0,1,-118
1767174347.0792382,0,1,-124
1767174347.0892382,0,2,-122
1767174347.0992382,0,1,-127
1767174347.109238,0,1,-123
1767174347.119238,1,1,-126
1767174347.129238,3,5,-126
1767174347.139238,-1,5,-126
1767174347.149238,-1,5,-127
1767174347.159238,-1,4,-122
1767174347.169238,0,2,-124
1767174347.179238,-6,0,-121
1767174347.189238,-5,-3,-125
1767174347.199238,-3,-2,-131
1767174347.209238,-4,-2,-131
1767174347.219238,-2,0,-127
1767174347.2292385,0,-3,-126
1767174347.2392385,0,-1,-121
1767174347.2492385,0,0,-123
1767174347.2592382,2,2,-127
1767174347.2692382,0,-4,-126
1767174347.2792382,2,-7,-122
1767174347.2892382,-5,-2,-117
1767174347.2992382,-7,1,-112
1767174347.3092382,-6,1,-107
1767174347.3192382,-7,3,-112
1767174347.3292382,-5,4,-118
1767174347.3392382,-4,1,-127
1767174347.3492382,-6,-1,-124
1767174347.359238,-8,-2,-122
1767174347.369238,-6,-7,-120
1767174347.379238,0,-4,-126
1767174347.389238,0,-1,-126
1767174347.399238,-2,-4,-120
1767174347.409238,-3,-6,-116
1767174347.419238,2,-3,-118
1767174347.429238,0,-3,-122
1767174347.439238,0,-2,-122
1767174347.449238,4,0,-119
1767174347.459238,3,-4,-119
1767174347.469238,1,-4,-119
1767174347.4792385,3,0,-114
1767174347.4892385,2,3,-119
1767174347.4992385,0,5,-128
1767174347.5092382,2,5,-126
1767174347.5192382,-2,4,-119
1767174347.5292382,-3,0,-122
1767174347.5392382,0,-1,-124
1767174347.5492382,0,-2,-121
1767174347.5592382,0,-1,-120
1767174347.5692382,-1,0,-113
1767174347.5792382,-3,0,-112
1767174347.5892382,1,-1,-115
1767174347.5992382,1,1,-117
1767174347.609238,-4,4,-109
1767174347.619238,-4,4,-116
1767174347.629238,-1,3,-118
1767174347.639238,-4,3,-114
1767174347.649238,-7,6,-115
1767174347.659238,-9,5,-117
1767174347.669238,-8,1,-119
1767174347.679238,-10,0,-118
1767174347.689238,-8,2,-120
1767174347.699238,0,4,-118
1767174347.709238,5,0,-120
1767174347.719238,5,4,-119
1767174347.7292385,4,4,-121
1767174347.7392385,2,1,-123
1767174347.7492385,-2,1,-130
1767174347.7592382,-8,2,-130
1767174347.7692382,-7,3,-136
1767174347.7792382,-2,3,-126
1767174347.7892382,-6,0,-121
1767174347.7992382,-6,-3,-127
1767174347.8092382,-1,-2,-130
1767174347.8192382,2,0,-130
1767174347.8292382,4,0,-127
1767174347.8392382,6,0,-129
1767174347.8492382,5,0,-124
1767174347.859238,6,0,-124
1767174347.869238,0,-1,-119
1767174347.879238,-5,-2,-120
1767174347.889238,-3,-1,-126
1767174347.899238,-6,-3,-122
1767174347.909238,-1,-1,-123
1767174347.919238,3,-5,-129
1767174347.929238,1,-4,-121
1767174347.939238,0,-1,-119
1767174347.949238,1,-5,-124
1767174347.9702382,5,-5,-115
1767174347.9792385,2,-7,-123
1767174347.9892385,3,-5,-119
1767174347.9992385,6,-4,-123
1767174348.0092382,6,-3,-117
1767174348.0192382,1,-3,-125
1767174348.0292382,-2,-1,-128
1767174348.0392382,-3,1,-131
1767174348.0492382,-3,5,-134
1767174348.0592382,-1,5,-137
1767174348.0692382,-1,5,-135
1767174348.0792382,-1,-1,-131
1767174348.0892382,-9,0,-132
1767174348.0992382,-8,3,-124
1767174348.109238,-4,3,-115
1767174348.119238,-8,0,-122
1767174348.129238,-4,3,-123
1767174348.139238,0,2,-126
1767174348.149238,1,0,-126
1767174348.159238,-1,-4,-128
1767174348.169238,0,-7,-130
1767174348.179238,4,-8,-120
1767174348.189238,6,-4,-116
1767174348.199238,7,-4,-121
1767174348.209238,5,-3,-123
1767174348.219238,2,0,-124
1767174348.2292385,0,0,-129
1767174348.2392385,2,-1,-133
1767174348.2492385,4,1,-130
1767174348.2592382,4,-1,-134
1767174348.2692382,4,0,-131
1767174348.2792382,0,-1,-120
1767174348.2892382,-2,0,-120
1767174348.2992382,-2,5,-123
1767174348.3092382,4,10,-115
1767174348.3192382,5,7,-117
1767174348.3292382,4,8,-118
1767174348.3392382,2,9,-124
1767174348.3492382,-2,9,-134
1767174348.359238,-3,11,-132
1767174348.369238,0,11,-136
1767174348.379238,0,6,-135
1767174348.389238,1,3,-144
1767174348.400238,0,3,-145
1767174348.4102385,-1,0,-139
1767174348.4202385,1,-2,-136
1767174348.4302382,3,-2,-135
1767174348.4402382,1,-2,-135
1767174348.4502382,-2,0,-136
1767174348.4602382,-1,0,-135
1767174348.4702382,1,-5,-126
1767174348.4802382,-2,-8,-125
1767174348.4902382,0,-8,-128
1767174348.5002382,-5,-6,-130
1767174348.5102382,-3,-6,-121
1767174348.5202382,-6,-10,-130
1767174348.5302382,-5,-5,-131
1767174348.540238,-7,-4,-125
1767174348.550238,-6,-10,-132
1767174348.560238,-4,-13,-128
1767174348.570238,0,-13,-119
1767174348.580238,-4,-9,-124
1767174348.590238,-10,-4,-124
1767174348.600238,-10,-5,-125
1767174348.610238,-1,0,-125
1767174348.620238,0,2,-130
1767174348.630238,-2,0,-123
1767174348.640238,0,0,-120
1767174348.650238,0,-2,-116
1767174348.6602385,1,-5,-119
1767174348.6702385,-2,-4,-125
1767174348.6802382,-5,-5,-121
1767174348.6902382,-9,-6,-120
1767174348.7002382,-10,1,-113
1767174348.7102382,-7,-2,-120
1767174348.7202382,-5,-1,-121
1767174348.7302382,-3,-2,-116
1767174348.7402382,0,-5,-116
1767174348.7502382,1,-4,-117
1767174348.7602382,2,-5,-120
1767174348.7702382,0,-1,-116
1767174348.7802382,1,0,-119
1767174348.790238,2,1,-123
1767174348.800238,1,2,-126
1767174348.810238,3,3,-127
1767174348.820238,3,2,-122
1767174348.830238,7,0,-121
1767174348.840238,8,-2,-127
1767174348.850238,9,-4,-122
1767174348.860238,4,0,-116
1767174348.870238,4,-3,-109
1767174348.880238,3,-1,-108
1767174348.890238,2,-2,-116
1767174348.900238,0,-6,-118
1767174348.9102385,0,-10,-116
1767174348.9202385,-1,-6,-117
1767174348.9302382,-3,-5,-120
1767174348.9402382,-4,-6,-115
1767174348.9502382,-10,-10,-117
1767174348.9602382,-9,-10,-121
1767174348.9702382,-8,-1,-123
1767174348.9802382,-7,-2,-129
1767174348.9902382,-7,-7,-131
1767174349.0002382,-5,-5,-133
1767174349.0102382,-7,-1,-133
1767174349.0202382,-3,-1,-127
1767174349.0302382,-4,3,-131
1767174349.040238,-5,2,-133
1767174349.050238,-5,0,-135
1767174349.060238,-5,-3,-135
1767174349.070238,-7,-1,-143
1767174349.080238,-3,-3,-137
1767174349.090238,-4,-2,-131
1767174349.100238,-3,3,-133
1767174349.110238,-1,4,-128
1767174349.120238,0,0,-123
1767174349.130238,1,1,-122
1767174349.140238,0,0,-122
1767174349.150238,1,0,-120
1767174349.1602385,1,-1,-119
1767174349.1702385,1,0,-124
1767174349.1802382,4,2,-121
1767174349.1902382,3,0,-115
1767174349.2002382,0,0,-115
1767174349.2102382,0,-1,-116
1767174349.2202382,0,-2,-121
1767174349.2302382,1,-3,-121
1767174349.2402382,4,-7,-121
1767174349.2502382,1,-7,-124
1767174349.2602382,4,-7,-117
1767174349.2702382,6,-1,-117
1767174349.2802382,4,-3,-119
1767174349.290238,4,-4,-109
1767174349.300238,4,-2,-108
1767174349.310238,3,-4,-112
1767174349.320238,1,-4,-114
1767174349.330238,0,-6,-113
1767174349.340238,2,-8,-119
1767174349.350238,1,-4,-120
1767174349.360238,3,0,-121
1767174349.370238,3,0,-125
1767174349.380238,4,0,-129
1767174349.390238,3,-7,-125
1767174349.400238,0,-9,-121
1767174349.4102385,-2,-8,-128
1767174349.4202385,-3,-7,-124
1767174349.4302382,-6,-10,-127
1767174349.4402382,-2,-11,-121
1767174349.4502382,-4,-7,-115
1767174349.4602382,-3,-7,-110
1767174349.4702382,0,-4,-108
1767174349.4802382,0,-6,-115
1767174349.4902382,0,-3,-120
1767174349.5002382,1,-1,-124
1767174349.5102382,0,-3,-126
1767174349.5202382,3,-3,-131
1767174349.5302382,3,0,-132
1767174349.540238,3,-4,-130
1767174349.550238,0,0,-128
1767174349.560238,2,0,-130
1767174349.570238,4,3,-136
1767174349.580238,3,6,-133
1767174349.590238,8,7,-130
1767174349.600238,9,5,-133
1767174349.610238,3,1,-127
1767174349.620238,1,0,-129
1767174349.630238,-4,0,-120
1767174349.640238,-5,0,-116
1767174349.650238,-3,0,-117
1767174349.6602385,-4,-1,-120
1767174349.6702385,0,0,-124
1767174349.6802382,-2,0,-128
1767174349.6902382,0,0,-127
1767174349.7002382,3,0,-120
1767174349.7102382,2,0,-123
1767174349.7202382,5,-2,-125
1767174349.7302382,5,-2,-125
1767174349.7402382,5,0,-124
1767174349.7502382,5,0,-123
1767174349.7602382,3,1,-117
1767174349.7702382,-3,1,-117
1767174349.7802382,-8,-1,-121
1767174349.790238,-10,-4,-119
1767174349.800238,-11,-4,-123
1767174349.810238,-8,-2,-120
1767174349.820238,-3,-5,-123
1767174349.830238,-1,-3,-123
1767174349.840238,4,0,-120
1767174349.850238,5,0,-119
1767174349.860238,7,0,-121
1767174349.870238,6,0,-118
1767174349.880238,5,3,-120
1767174349.890238,2,5,-122
1767174349.900238,3,3,-124
1767174349.9102385,5,1,-125
1767174349.9202385,7,4,-129
1767174349.9302382,7,0,-125
1767174349.9402382,10,-2,-122
1767174349.9502382,9,-2,-120
1767174349.9602382,1,0,-113
1767174349.9702382,1,1,-116
1767174349.9802382,0,3,-126
1767174349.9902382,0,1,-122
1767174350.0002382,1,1,-123
1767174350.0102382,-1,0,-118
1767174350.0202382,1,-3,-116
1767174350.0302382,-2,-3,-111
1767174350.040238,-2,-1,-114
1767174350.050238,-2,-1,-120
1767174350.060238,1,-2,-119
1767174350.070238,-3,-2,-117
1767174350.080238,-1,-5,-118
1767174350.090238,-1,-7,-123
1767174350.100238,2,-5,-134
1767174350.110238,3,-6,-132
1767174350.120238,-2,-4,-128
1767174350.130238,0,-4,-124
1767174350.140238,0,0,-126
1767174350.150238,2,0,-124
1767174350.1602385,7,2,-121
1767174350.1702385,0,1,-126
1767174350.1802382,-2,-1,-122
1767174350.1902382,-5,-3,-119
1767174350.2002382,-3,-8,-120
1767174350.2102382,4,-5,-113
1767174350.2202382,1,-5,-112
1767174350.2302382,0,-6,-113
1767174350.2402382,2,-6,-117
1767174350.2502382,0,-13,-126
1767174350.2602382,2,-9,-125
1767174350.2702382,0,-2,-128
1767174350.2802382,1,1,-128
1767174350.290238,-1,1,-127
1767174350.300238,-3,1,-129
1767174350.310238,-9,2,-125
1767174350.320238,-7,4,-119
1767174350.330238,-4,1,-112
1767174350.340238,0,4,-115
1767174350.350238,-2,2,-121
1767174350.360238,-4,0,-118
1767174350.370238,0,1,-118
1767174350.380238,1,0,-120
1767174350.390238,3,-3,-121
1767174350.400238,2,-3,-127
1767174350.4102385,2,-1,-129
1767174350.4202385,4,-3,-120
1767174350.4302382,2,0,-121
1767174350.4402382,2,-1,-120
1767174350.4502382,0,-1,-125
1767174350.4602382,-4,-3,-128
1767174350.4702382,0,-4,-132
1767174350.4802382,2,-7,-130
1767174350.4902382,1,-3,-127
1767174350.5002382,-1,-2,-126
1767174350.5102382,0,-1,-125
1767174350.5202382,-1,-5,-126
1767174350.5302382,-2,-8,-117
1767174350.540238,1,-9,-122
1767174350.550238,5,-10,-123
1767174350.560238,4,-5,-123
1767174350.570238,5,-4,-121
1767174350.580238,11,-3,-119
1767174350.590238,14,-6,-121
1767174350.600238,11,-5,-118
1767174350.610238,7,-9,-116
1767174350.620238,4,-11,-116
1767174350.630238,5,-8,-118
1767174350.640238,5,-7,-122
1767174350.650238,3,-5,-125
1767174350.6602385,3,-4,-131
1767174350.6702385,3,-5,-131
1767174350.6802382,3,-7,-133
1767174350.6902382,-2,-9,-130
1767174350.7002382,-4,-6,-126
1767174350.7102382,-4,-6,-131
1767174350.7202382,-3,-3,-140
1767174350.7302382,-3,-2,-139
1767174350.7402382,-2,-4,-134
1767174350.7502382,0,0,-131
1767174350.7602382,-4,0,-124
1767174350.7702382,0,0,-121
1767174350.7802382,5,3,-126
1767174350.790238,2,1,-123
1767174350.800238,-2,0,-123
1767174350.810238,0,-2,-121
1767174350.820238,3,-8,-116
1767174350.830238,-1,-9,-116
1767174350.840238,0,-9,-122
1767174350.850238,-1,-8,-121
1767174350.860238,-1,-2,-119
1767174350.870238,1,1,-118
1767174350.880238,1,1,-122
1767174350.890238,0,-4,-128
1767174350.900238,-3,-8,-127
1767174350.9102385,-2,-3,-131
1767174350.9202385,-1,-5,-132
1767174350.9302382,-4,-9,-131
1767174350.9402382,-2,-4,-131
1767174350.9502382,-4,-5,-131
1767174350.9602382,-2,-5,-131
1767174350.9702382,0,-7,-124
1767174350.9802382,1,-9,-120
1767174350.9902382,2,-8,-113
1767174351.0002382,6,-9,-107
1767174351.0102382,4,-7,-114
1767174351.0202382,2,-5,-120
1767174351.0302382,4,-3,-116
1767174351.041238,4,-5,-119
1767174351.051238,1,-5,-121
1767174351.060238,2,-5,-130
1767174351.071238,0,-6,-132
1767174351.0812385,2,-5,-128
1767174351.0912385,0,0,-117
1767174351.1012385,-1,-1,-116
1767174351.1112382,-6,-4,-116
1767174351.1212382,-6,-1,-114
1767174351.1312382,-3,-4,-120
1767174351.1412382,0,-2,-117
1767174351.1512382,1,-3,-121
1767174351.1612382,1,0,-127
1767174351.1712382,1,2,-119
1767174351.1812382,-1,2,-116
1767174351.1912382,-1,4,-118
1767174351.2012382,-7,7,-124
1767174351.211238,-10,6,-129
1767174351.221238,-8,7,-123
1767174351.231238,-6,5,-121
1767174351.241238,-2,7,-122
1767174351.251238,0,7,-130
1767174351.261238,2,10,-132
1767174351.271238,0,6,-129
1767174351.281238,-1,5,-124
1767174351.291238,-2,6,-122
1767174351.301238,2,4,-120
1767174351.311238,0,-1,-126
1767174351.321238,1,0,-122
1767174351.3312385,1,0,-125
1767174351.3412385,0,-2,-125
1767174351.3512385,1,0,-127
1767174351.3612382,3,-2,-129
1767174351.3712382,1,-5,-130
1767174351.3812382,-1,-3,-128
1767174351.3912382,-4,-3,-129
1767174351.4012382,-3,1,-134
1767174351.4112382,-5,1,-130
1767174351.4212382,-7,1,-133
1767174351.4312382,-8,0,-133
1767174351.4412382,-7,0,-130
1767174351.4512382,-6,0,-134
1767174351.461238,-7,2,-125
1767174351.471238,-4,0,-128
1767174351.481238,-3,-1,-122
1767174351.491238,-1,-2,-122
1767174351.501238,0,-6,-129
1767174351.511238,4,-9,-129
1767174351.521238,5,-8,-127
1767174351.531238,3,-3,-123
1767174351.541238,2,-2,-122
1767174351.551238,2,-3,-118
1767174351.561238,3,-4,-119
1767174351.571238,4,-2,-122
1767174351.5812385,4,-4,-129
1767174351.5912385,2,-4,-137
1767174351.6012385,0,-4,-134
1767174351.6112382,-1,0,-132
1767174351.6212382,-5,0,-132
1767174351.6312382,-3,0,-131
1767174351.6412382,-2,-1,-125
1767174351.6512382,1,0,-126
1767174351.6612382,0,-1,-127
1767174351.6712382,2,-5,-126
1767174351.6812382,2,-3,-130
1767174351.6912382,-2,-1,-136
1767174351.7012382,0,-2,-142
1767174351.711238,1,1,-139
1767174351.721238,0,1,-132
1767174351.731238,0,2,-134
1767174351.741238,2,2,-129
1767174351.751238,0,1,-124
1767174351.761238,-1,0,-121
1767174351.771238,0,-1,-118
1767174351.781238,2,0,-121
1767174351.791238,0,0,-125
1767174351.801238,0,-1,-127
1767174351.811238,2,0,-132
1767174351.821238,0,1,-127
1767174351.8312385,-2,1,-118
1767174351.8412385,-1,1,-122
1767174351.8512385,-4,5,-120
1767174351.8612382,-4,5,-122
1767174351.8712382,-3,0,-126
1767174351.8812382,-8,3,-123
1767174351.8912382,-4,0,-123
1767174351.9012382,-1,1,-118
1767174351.9112382,0,0,-113
1767174351.9212382,2,1,-112
1767174351.9312382,1,4,-121
1767174351.9412382,3,4,-125
1767174351.9512382,4,0,-128
1767174351.961238,7,1,-127
1767174351.971238,6,2,-124
1767174351.981238,-1,0,-128
1767174351.991238,-1,-3,-123
1767174352.001238,-2,-9,-129
1767174352.011238,-2,-7,-134
1767174352.021238,0,-3,-132
1767174352.031238,-1,-2,-130
1767174352.041238,1,-4,-130
1767174352.051238,3,-6,-127
1767174352.061238,6,-3,-136
1767174352.071238,6,-2,-135
1767174352.0812385,5,0,-137
1767174352.0912385,4,2,-130
1767174352.1012385,1,-1,-126
1767174352.1112382,-1,3,-123
1767174352.1212382,0,0,-123
1767174352.1312382,2,0,-138
1767174352.1412382,2,0,-137
1767174352.1512382,2,0,-136
1767174352.1612382,5,-1,-133
1767174352.1712382,2,-1,-129
1767174352.1812382,0,2,-126
1767174352.1912382,-1,3,-117
1767174352.2012382,3,1,-117
1767174352.211238,1,-2,-114
1767174352.221238,3,-1,-117
1767174352.231238,1,-4,-120
1767174352.241238,0,-2,-124
1767174352.251238,1,-3,-131
1767174352.261238,0,-4,-128
1767174352.271238,0,-3,-120
1767174352.281238,-1,0,-122
1767174352.291238,-4,2,-128
1767174352.301238,-5,0,-131
1767174352.311238,-9,0,-128
1767174352.321238,-8,-3,-129
1767174352.3312385,-9,-3,-135
1767174352.3412385,-4,-4,-124
1767174352.3512385,0,-6,-120
1767174352.3612382,-1,-6,-121
1767174352.3712382,-1,-7,-121
1767174352.3812382,0,-8,-122
1767174352.3912382,-1,-9,-117
1767174352.4012382,4,-9,-121
1767174352.4112382,3,-5,-124
1767174352.4212382,0,-3,-118
1767174352.4312382,-3,-5,-118
1767174352.4412382,0,-2,-122
1767174352.4512382,-2,-2,-131
1767174352.461238,0,-1,-134
1767174352.471238,-4,-1,-139
1767174352.481238,-3,0,-133
1767174352.491238,-2,0,-139
1767174352.501238,-6,-1,-138
1767174352.511238,-6,3,-136
1767174352.521238,-2,2,-138
1767174352.531238,1,-2,-133
1767174352.541238,0,-2,-131
1767174352.551238,3,-1,-133
1767174352.561238,0,-6,-130
1767174352.571238,-5,-6,-126
1767174352.5812385,0,-5,-125
1767174352.5912385,3,-6,-125
1767174352.6012385,0,-6,-130
1767174352.6112382,-2,-7,-131
1767174352.6212382,0,-5,-137
1767174352.6312382,1,-6,-133
1767174352.6412382,3,-7,-127
1767174352.6512382,2,-4,-122
1767174352.6612382,2,-5,-128
1767174352.6712382,6,-2,-121
1767174352.6812382,8,-2,-118
1767174352.6912382,9,-1,-110
1767174352.7012382,5,0,-109
1767174352.711238,5,-1,-117
1767174352.721238,2,0,-122
1767174352.731238,3,1,-119
1767174352.741238,1,3,-117
1767174352.751238,0,0,-119
1767174352.761238,-3,-2,-114
1767174352.771238,-3,-3,-112
1767174352.781238,-2,0,-112
1767174352.791238,0,-2,-118
1767174352.801238,0,-2,-124
1767174352.811238,1,-1,-128
1767174352.821238,2,2,-129
1767174352.8312385,-2,-1,-124
1767174352.8412385,-5,0,-128
1767174352.8512385,-4,1,-128
1767174352.8612382,-4,3,-129
1767174352.8712382,0,1,-133
1767174352.8812382,0,-1,-133
1767174352.8912382,-3,-5,-121
1767174352.9012382,0,-1,-121
1767174352.9112382,0,-3,-125
1767174352.9212382,0,-4,-124
1767174352.9312382,-3,-6,-127
1767174352.9412382,-1,-6,-127
1767174352.9512382,3,-2,-125
1767174352.961238,8,3,-122
1767174352.982238,6,0,-112
1767174352.991238,6,3,-119
1767174353.001238,1,0,-114
1767174353.011238,0,-5,-113
1767174353.021238,-3,-7,-110
1767174353.031238,-1,-7,-113
1767174353.041238,-2,-7,-115
1767174353.051238,0,-8,-121
1767174353.061238,-2,-10,-125
1767174353.071238,-4,-7,-129
1767174353.0812385,-3,-5,-125
1767174353.0912385,0,-3,-126
1767174353.1012385,3,-3,-123
1767174353.1112382,2,-2,-125
1767174353.1212382,0,-5,-125
1767174353.1312382,-1,-11,-123
1767174353.1412382,-1,-11,-122
1767174353.1512382,0,-8,-119
1767174353.1612382,0,-9,-121
1767174353.1712382,0,-11,-130
1767174353.1812382,1,-7,-129
1767174353.1912382,-1,-8,-127
1767174353.2012382,-5,-8,-125
1767174353.211238,-7,-3,-129
1767174353.221238,0,-4,-126
1767174353.231238,2,-7,-122
1767174353.241238,5,-3,-122
1767174353.251238,4,-4,-124
1767174353.261238,1,-4,-120
1767174353.271238,-2,-4,-118
1767174353.281238,-10,-4,-119
1767174353.291238,-13,0,-116
1767174353.301238,-11,2,-120
1767174353.311238,-4,-1,-122
1767174353.321238,2,-3,-122
1767174353.3312385,0,-4,-123
1767174353.3412385,-2,-4,-126
1767174353.3512385,2,-3,-129
1767174353.3612382,-1,-2,-129
1767174353.3712382,-4,-4,-131
1767174353.3812382,0,-6,-135
1767174353.3912382,6,-7,-130
1767174353.4012382,8,-6,-132
1767174353.4112382,6,-6,-131
1767174353.4212382,3,-2,-128
1767174353.4312382,1,-2,-123
1767174353.4412382,0,0,-115
1767174353.4512382,0,0,-112
1767174353.461238,1,-2,-110
1767174353.471238,0,-2,-106
1767174353.481238,-2,-2,-109
1767174353.491238,-1,-3,-116
1767174353.501238,0,-4,-117
1767174353.511238,2,-2,-118
1767174353.521238,3,0,-122
1767174353.531238,-2,-1,-123
1767174353.541238,0,0,-120
1767174353.551238,-2,0,-119
1767174353.561238,-3,-2,-122
1767174353.571238,-1,-4,-124
1767174353.5812385,2,-3,-125
1767174353.5912385,0,0,-126
1767174353.6012385,0,-1,-129
1767174353.6112382,-1,-1,-125
1767174353.6212382,0,-4,-114
1767174353.6312382,3,-3,-111
1767174353.6412382,13,-7,-116
1767174353.6512382,11,-7,-118
1767174353.662238,9,-4,-124
1767174353.672238,9,-4,-118
1767174353.682238,6,-2,-114
1767174353.692238,5,0,-118
1767174353.702238,3,-1,-119
1767174353.712238,5,1,-123
1767174353.722238,4,-1,-117
1767174353.732238,6,-3,-120
1767174353.742238,2,-3,-114
1767174353.752238,5,-1,-119
1767174353.7622385,3,0,-124
1767174353.7722385,1,-2,-130
1767174353.7822382,1,-3,-125
1767174353.7922382,0,-1,-119
1767174353.8022382,2,0,-116
1767174353.8122382,0,-1,-121
1767174353.8222382,4,-2,-124
1767174353.8322382,1,0,-124
1767174353.8422382,0,-4,-120
1767174353.8522382,-1,-2,-124
1767174353.8622382,2,-2,-118
1767174353.8722382,-1,1,-120
1767174353.882238,0,2,-129
1767174353.892238,-2,0,-127
1767174353.902238,-1,-1,-122
1767174353.912238,-5,-2,-120
1767174353.922238,-8,2,-122
1767174353.932238,-6,0,-121
1767174353.942238,-2,1,-116
1767174353.952238,0,-2,-114
1767174353.962238,0,-4,-117
1767174353.972238,0,-6,-122
1767174353.982238,0,-4,-125
1767174353.992238,2,-3,-121
1767174354.002238,3,-4,-120
1767174354.0122385,3,-5,-124
1767174354.0222385,1,-4,-126
1767174354.0322382,2,0,-126
1767174354.0422382,1,-1,-128
1767174354.0522382,0,-1,-128
1767174354.0622382,-3,-1,-133
1767174354.0722382,1,-3,-132
1767174354.0822382,1,0,-129
1767174354.0922382,4,0,-128
1767174354.1022382,5,-2,-124
1767174354.1122382,6,-2,-121
1767174354.1222382,5,-4,-125
1767174354.132238,2,-4,-122
1767174354.142238,3,-6,-133
1767174354.152238,0,-4,-139
1767174354.162238,0,-2,-138
1767174354.172238,1,0,-139
1767174354.182238,2,-1,-136
1767174354.192238,4,0,-134
1767174354.202238,-1,2,-134
1767174354.212238,-3,4,-134
1767174354.222238,0,3,-132
1767174354.232238,-2,2,-131
1767174354.242238,-5,4,-132
1767174354.252238,-10,0,-132
1767174354.2622385,-8,-1,-126
1767174354.2722385,-7,-3,-117
1767174354.2822382,-10,-1,-117
1767174354.2922382,-8,0,-126
1767174354.3022382,-1,3,-127
1767174354.3122382,-5,0,-127
1767174354.3222382,-5,5,-127
1767174354.3322382,-5,0,-124
1767174354.3422382,-1,0,-126
1767174354.3522382,-1,0,-125
1767174354.3622382,-2,-4,-126
1767174354.3722382,-3,-5,-134
1767174354.382238,-1,-5,-128
1767174354.392238,2,-8,-127
1767174354.402238,1,-8,-125
1767174354.412238,2,-6,-124
1767174354.422238,-1,-5,-125
1767174354.432238,1,-5,-129
1767174354.442238,1,-5,-126
1767174354.452238,1,-10,-126
1767174354.462238,1,-8,-129
1767174354.472238,2,-5,-126
1767174354.482238,4,-8,-124
1767174354.492238,1,-7,-126
1767174354.502238,2,-9,-128
1767174354.5122385,3,-7,-125
1767174354.5222385,6,-4,-127
1767174354.5322382,1,-5,-126
1767174354.5422382,-1,-3,-127
1767174354.5522382,-5,-3,-125
1767174354.5622382,-4,-5,-129
1767174354.5722382,0,-1,-125
1767174354.5822382,-2,-2,-125
1767174354.5922382,-5,-5,-122
1767174354.6022382,-7,-6,-119
1767174354.6122382,-2,-3,-118
1767174354.6222382,-4,-2,-121
1767174354.632238,-3,-2,-121
1767174354.642238,-3,-2,-120
1767174354.652238,0,0,-119
1767174354.662238,0,0,-124
1767174354.672238,-1,-2,-123
1767174354.682238,-2,-2,-125
1767174354.692238,-2,0,-125
1767174354.702238,-1,0,-125
1767174354.712238,-2,2,-123
1767174354.722238,-4,3,-115
1767174354.732238,0,6,-114
1767174354.742238,0,3,-119
1767174354.752238,0,-1,-121
1767174354.7622385,2,0,-131
1767174354.7722385,4,-2,-129
1767174354.7822382,1,-2,-124
1767174354.7922382,0,-6,-129
1767174354.8022382,2,-3,-130
1767174354.8122382,1,-4,-132
1767174354.8222382,1,0,-131
1767174354.8322382,-1,0,-132
1767174354.8422382,1,-4,-132
1767174354.8522382,0,-5,-127
1767174354.8622382,4,-3,-127
1767174354.8722382,3,-6,-134
1767174354.882238,1,-4,-130
1767174354.892238,2,-5,-124
1767174354.902238,6,-3,-122
1767174354.912238,7,-1,-121
1767174354.922238,1,0,-125
1767174354.932238,4,0,-129
1767174354.942238,6,2,-128
1767174354.952238,3,4,-124
1767174354.962238,0,7,-126
1767174354.972238,1,5,-128
1767174354.982238,0,-2,-126
1767174354.992238,1,-4,-126
1767174355.002238,2,-3,-121
1767174355.0122385,0,-6,-118
1767174355.0222385,-4,-2,-112
1767174355.0322382,0,-1,-110
1767174355.0422382,2,-2,-108
1767174355.0522382,0,0,-110
1767174355.0622382,0,0,-109
1767174355.0722382,2,-1,-112
1767174355.0822382,3,-2,-110
1767174355.0922382,0,-1,-116
1767174355.1022382,2,-4,-117
1767174355.1122382,4,-1,-117
1767174355.1222382,6,1,-122
1767174355.132238,10,3,-118
1767174355.142238,8,2,-121
1767174355.152238,4,-2,-122
1767174355.162238,4,-2,-127
1767174355.172238,5,-1,-125
1767174355.182238,2,0,-123
1767174355.192238,1,0,-123
1767174355.202238,0,-1,-130
1767174355.212238,-4,1,-128
1767174355.222238,-2,1,-126
1767174355.232238,-1,0,-123
1767174355.242238,1,2,-118
1767174355.252238,-2,6,-123
1767174355.2622385,2,6,-122
1767174355.2722385,1,4,-119
1767174355.2822382,3,1,-116
1767174355.2922382,8,-4,-123
1767174355.3022382,5,-3,-115
1767174355.3122382,3,-3,-114
1767174355.3222382,-1,-6,-112
1767174355.3322382,-3,-5,-112
1767174355.3422382,-2,-1,-111
1767174355.3522382,4,-2,-108
1767174355.3622382,3,-2,-113
1767174355.3722382,5,2,-115
1767174355.382238,2,3,-122
1767174355.392238,0,3,-123
1767174355.402238,-3,2,-128
1767174355.412238,1,1,-126
1767174355.422238,2,0,-128
1767174355.432238,5,0,-129
1767174355.442238,3,3,-124
1767174355.452238,2,4,-121
1767174355.462238,1,5,-118
1767174355.472238,-3,3,-111
1767174355.482238,-4,2,-115
1767174355.492238,-5,-2,-119
1767174355.502238,-5,-3,-117
1767174355.5122385,-1,-5,-117
1767174355.5222385,0,-5,-125
1767174355.5322382,0,0,-120
1767174355.5422382,1,0,-115
1767174355.5522382,1,0,-117
1767174355.5622382,2,0,-115
1767174355.5722382,4,0,-115
1767174355.5822382,0,-7,-114
1767174355.5922382,-6,-3,-109
1767174355.6022382,0,-2,-110
1767174355.6122382,0,-1,-124
1767174355.6222382,0,-4,-125
1767174355.632238,0,1,-118
1767174355.642238,-3,-1,-119
1767174355.652238,-2,0,-119
1767174355.662238,-2,0,-113
1767174355.672238,-4,-1,-114
1767174355.682238,0,-3,-112
1767174355.692238,-1,-3,-112
1767174355.702238,-5,-2,-111
1767174355.712238,0,-2,-110
1767174355.722238,-3,-1,-110
1767174355.732238,-6,2,-112
1767174355.742238,-6,4,-116
1767174355.752238,-8,1,-120
1767174355.7622385,-8,3,-120
1767174355.7722385,-2,2,-124
1767174355.7822382,0,1,-124
1767174355.7922382,3,4,-125
1767174355.8022382,1,6,-119
1767174355.8122382,-2,3,-122
1767174355.8222382,-1,4,-122
1767174355.8322382,-2,3,-117
1767174355.8422382,1,0,-116
1767174355.8522382,2,-1,-125
1767174355.8622382,1,1,-125
1767174355.8722382,2,0,-132
1767174355.882238,4,-1,-131
1767174355.892238,0,0,-131
1767174355.902238,0,0,-134
1767174355.912238,-1,0,-136
1767174355.922238,-3,2,-137
1767174355.932238,1,3,-130
1767174355.942238,-3,-1,-130
1767174355.952238,-5,2,-134
1767174355.962238,-2,4,-129
1767174355.972238,2,5,-135
1767174355.982238,3,7,-132
1767174355.992238,4,3,-133
1767174356.002238,8,1,-135
1767174356.0122385,6,3,-131
1767174356.0222385,4,2,-132
1767174356.0322382,3,0,-127
1767174356.0422382,5,-4,-123
1767174356.0522382,5,-6,-122
1767174356.0622382,2,-11,-120
1767174356.0722382,2,-13,-120
1767174356.0822382,2,-11,-121
1767174356.0922382,-1,-13,-119
1767174356.1022382,-5,-15,-123
1767174356.1122382,-7,-9,-116
1767174356.1222382,-7,-7,-117
1767174356.132238,-1,-7,-121
1767174356.142238,-2,-8,-120
1767174356.152238,-1,-6,-120
1767174356.162238,1,-9,-125
1767174356.172238,5,-7,-126
1767174356.182238,7,-3,-127
1767174356.192238,0,-1,-131
1767174356.202238,-2,-7,-130
1767174356.212238,-4,-5,-124
1767174356.222238,-1,-3,-121
1767174356.232238,-3,0,-124
1767174356.242238,-5,-4,-126
1767174356.252238,-2,-4,-130
1767174356.2622385,-3,-2,-120
1767174356.2722385,-6,-3,-128
1767174356.2822382,-5,-3,-129
1767174356.2922382,-6,-2,-127
1767174356.3022382,-11,0,-129
1767174356.3122382,-6,-1,-130
1767174356.323238,-3,0,-126
1767174356.333238,-2,-4,-131
1767174356.343238,-3,-4,-126
1767174356.353238,0,-2,-126
1767174356.363238,-2,-1,-123
1767174356.373238,-6,0,-125
1767174356.383238,-8,1,-128
1767174356.393238,-7,7,-128
1767174356.403238,-5,3,-127
1767174356.413238,0,-2,-119
1767174356.423238,3,-3,-122
1767174356.4332385,0,-5,-126
1767174356.4432385,-1,-5,-132
1767174356.4532382,2,0,-130
1767174356.4632382,1,-2,-121
1767174356.4732382,-1,-4,-122
1767174356.4832382,0,-5,-116
1767174356.4932382,-5,-8,-114
1767174356.5032382,-1,-9,-120
1767174356.5132382,-6,-12,-126
1767174356.5232382,-4,-10,-121
1767174356.5332382,-1,-9,-114
1767174356.5432382,-4,-9,-118
1767174356.5532382,-2,-8,-119
1767174356.563238,0,-9,-115
1767174356.573238,1,-9,-119
1767174356.583238,0,-7,-119
1767174356.593238,0,-4,-120
1767174356.603238,2,-5,-118
1767174356.613238,6,0,-116
1767174356.623238,5,0,-116
1767174356.633238,5,-1,-118
1767174356.643238,9,-4,-116
1767174356.653238,3,-1,-110
1767174356.663238,0,-1,-113
1767174356.673238,0,-1,-116
1767174356.6832385,-4,1,-124
1767174356.6932385,-2,0,-125
1767174356.7032382,-1,1,-131
1767174356.7132382,-2,-4,-130
1767174356.7232382,-2,-7,-129
1767174356.7332382,-4,-5,-124
1767174356.7432382,-1,-2,-128
1767174356.7532382,0,-3,-128
1767174356.7632382,-2,-3,-131
1767174356.7732382,0,-5,-130
1767174356.7832382,0,-7,-126
1767174356.7932382,-4,-7,-128
1767174356.8032382,-6,-1,-130
1767174356.813238,-7,0,-130
1767174356.823238,-4,-3,-131
1767174356.833238,0,-4,-127
1767174356.843238,3,-4,-126
1767174356.853238,1,-5,-133
1767174356.863238,-2,-2,-130
1767174356.873238,0,-2,-127
1767174356.883238,1,-4,-121
1767174356.893238,4,-3,-123
1767174356.903238,6,-5,-123
1767174356.913238,5,-7,-125
1767174356.923238,2,-1,-130
1767174356.9332385,2,-1,-130
1767174356.9432385,4,2,-123
1767174356.9532382,1,-1,-122
1767174356.9632382,4,0,-118
1767174356.9732382,5,-5,-112
1767174356.9832382,7,-1,-114
1767174356.9932382,7,0,-115
1767174357.0032382,6,-2,-120
1767174357.0132382,1,0,-125
1767174357.0232382,-1,2,-117
1767174357.0332382,1,2,-118
1767174357.0432382,6,2,-119
1767174357.0532382,1,5,-130
1767174357.063238,3,3,-132
1767174357.073238,1,8,-123
1767174357.083238,3,9,-129
1767174357.093238,0,8,-126
1767174357.103238,0,4,-118
1767174357.113238,0,2,-120
1767174357.123238,1,-1,-126
1767174357.133238,2,-3,-124
1767174357.143238,8,-1,-124
1767174357.153238,7,-5,-124
1767174357.163238,6,-7,-120
1767174357.173238,8,-5,-123
1767174357.1832385,5,-7,-121
1767174357.1932385,5,-7,-122
1767174357.2032382,0,-4,-118
1767174357.2132382,0,0,-118
1767174357.2232382,-1,-2,-117
1767174357.2332382,1,-8,-116
1767174357.2432382,3,-11,-115
1767174357.2532382,4,-8,-114
1767174357.2632382,0,-6,-118
1767174357.2732382,1,-7,-125
1767174357.2832382,4,-10,-128
1767174357.2932382,3,-12,-129
1767174357.3032382,5,-10,-121
1767174357.313238,2,-8,-126
1767174357.323238,2,-3,-122
1767174357.333238,4,0,-117
1767174357.343238,-1,-3,-118
1767174357.353238,0,-2,-123
1767174357.363238,0,0,-129
1767174357.373238,3,3,-136
1767174357.383238,0,3,-136
1767174357.393238,2,0,-131
1767174357.403238,2,-2,-118
1767174357.413238,4,-7,-123
1767174357.423238,0,-9,-118
1767174357.4332385,0,-9,-118
1767174357.4432385,2,-8,-116
1767174357.4532382,2,-5,-112
1767174357.4632382,-1,-2,-117
1767174357.4732382,0,1,-114
1767174357.4832382,0,1,-113
1767174357.4932382,-3,0,-109
1767174357.5032382,1,-1,-107
1767174357.5132382,-2,-1,-110
1767174357.5232382,-1,-6,-114
1767174357.5332382,-3,-5,-121
1767174357.5432382,-2,-6,-122
1767174357.5532382,-2,-6,-121
1767174357.563238,-6,-4,-120
1767174357.573238,-5,-1,-119
1767174357.583238,-2,0,-122
1767174357.593238,-3,1,-124
1767174357.603238,-3,2,-129
1767174357.613238,0,0,-127
1767174357.623238,4,-3,-121
1767174357.633238,0,-2,-118
1767174357.643238,1,-6,-121
1767174357.653238,2,-8,-128
1767174357.663238,-1,-4,-131
1767174357.673238,-4,-4,-126
1767174357.6832385,-3,-4,-127
1767174357.6932385,-1,-3,-125
1767174357.7032382,4,-3,-125
1767174357.7132382,9,-1,-117
1767174357.7232382,5,-2,-123
1767174357.7332382,0,-4,-126
1767174357.7432382,-2,-2,-125
1767174357.7532382,-2,-1,-125
1767174357.7632382,0,0,-125
1767174357.7732382,2,-1,-130
1767174357.7832382,0,0,-130
1767174357.7932382,2,0,-125
1767174357.8032382,3,2,-122
1767174357.813238,2,5,-125
1767174357.823238,0,-2,-130
1767174357.833238,0,0,-138
1767174357.843238,0,1,-133
1767174357.853238,0,0,-124
1767174357.863238,2,-1,-120
1767174357.873238,4,-2,-120
1767174357.883238,-1,-3,-109
1767174357.893238,-2,-4,-106
1767174357.903238,-2,-8,-111
1767174357.913238,0,-7,-112
1767174357.923238,1,-6,-117
1767174357.9332385,-3,-5,-110
1767174357.9432385,0,-1,-111
1767174357.9532382,1,-1,-111
1767174357.9632382,0,0,-113
1767174357.9732382,-3,-2,-118
1767174357.995238,-4,-8,-126
1767174358.0032382,-1,-6,-123
1767174358.0132382,-1,-6,-124
1767174358.0232382,0,-11,-123
1767174358.0332382,3,-8,-121
1767174358.0432382,2,-7,-121
1767174358.0532382,1,-5,-119
1767174358.063238,7,-7,-117
1767174358.073238,6,-8,-112
1767174358.083238,4,-4,-117
1767174358.093238,0,-4,-120
1767174358.103238,0,-7,-123
1767174358.113238,0,-10,-124
1767174358.123238,-3,-9,-117
1767174358.133238,-5,-9,-116
1767174358.143238,-3,-6,-121
1767174358.153238,-6,-1,-121
1767174358.163238,-6,0,-113
1767174358.173238,-6,0,-111
1767174358.1832385,-9,4,-112
1767174358.1932385,-8,3,-113
1767174358.2032382,-4,0,-116
1767174358.2132382,0,2,-120
1767174358.2232382,1,2,-125
1767174358.2332382,5,1,-121
1767174358.2432382,1,-4,-123
1767174358.2532382,-1,0,-122
1767174358.2632382,4,-3,-117
1767174358.2732382,9,-2,-119
1767174358.2832382,7,-5,-120
1767174358.2932382,2,-7,-127
1767174358.3032382,-1,-5,-129
1767174358.313238,0,-1,-128
1767174358.323238,0,-3,-124
1767174358.333238,-2,-7,-127
1767174358.343238,-1,-7,-124
1767174358.353238,0,-5,-128
1767174358.363238,2,0,-121
1767174358.373238,0,0,-115
1767174358.383238,-2,1,-113
1767174358.393238,-1,1,-112
1767174358.403238,0,-1,-118
1767174358.413238,-5,2,-124
1767174358.423238,-8,3,-124
1767174358.4332385,-7,0,-129
1767174358.4432385,-10,0,-132
1767174358.4532382,-10,0,-125
1767174358.4632382,-6,0,-126
1767174358.4732382,-5,-1,-121
1767174358.4832382,-2,0,-125
1767174358.4932382,1,-3,-127
1767174358.5032382,2,-3,-125
1767174358.5132382,6,0,-126
1767174358.5232382,7,0,-121
1767174358.5332382,6,0,-115
1767174358.5432382,1,2,-116
1767174358.5532382,-2,0,-116
1767174358.563238,-4,-1,-121
1767174358.573238,-3,-2,-121
1767174358.583238,0,-2,-122
1767174358.593238,0,1,-126
1767174358.603238,-2,0,-125
1767174358.613238,-3,0,-122
1767174358.623238,-5,1,-124
1767174358.633238,-7,2,-126
1767174358.643238,-8,3,-129
1767174358.653238,-8,0,-129
1767174358.663238,-11,-4,-133
1767174358.673238,-12,-5,-133
1767174358.6832385,-10,-8,-134
1767174358.6932385,-9,-8,-132
1767174358.7032382,-2,-4,-125
1767174358.7132382,0,-1,-127
1767174358.7232382,3,-3,-125
1767174358.7332382,5,-3,-122
1767174358.7432382,7,-2,-125
1767174358.7532382,4,-6,-119
1767174358.7632382,0,-5,-118
1767174358.7732382,-4,-9,-121
1767174358.7832382,-6,-9,-120
1767174358.7932382,-11,-5,-124
1767174358.8032382,-11,-1,-127
1767174358.813238,-9,3,-128
1767174358.823238,-2,5,-126
1767174358.833238,1,3,-120
1767174358.843238,0,4,-124
1767174358.853238,-4,3,-125
1767174358.863238,-5,2,-128
1767174358.873238,-7,0,-127
1767174358.883238,-8,2,-128
1767174358.893238,-9,0,-131
1767174358.903238,-7,0,-128
1767174358.913238,-2,0,-125
1767174358.923238,0,3,-132
1767174358.9332385,-2,2,-128
1767174358.9432385,2,0,-123
1767174358.9532382,2,0,-115
1767174358.9632382,1,-3,-125
1767174358.9732382,1,-4,-126
1767174358.9832382,2,0,-132
1767174358.994238,0,3,-129
1767174359.0032382,0,0,-127
1767174359.014238,3,1,-118
1767174359.024238,1,1,-124
1767174359.034238,1,-1,-129
1767174359.044238,2,-4,-127
1767174359.054238,2,-7,-122
1767174359.064238,1,-7,-118
1767174359.074238,0,-11,-117
1767174359.084238,0,-6,-117
1767174359.094238,0,-4,-120
1767174359.1042385,1,-6,-123
1767174359.1142385,7,-6,-124
1767174359.1242385,2,-6,-131
1767174359.1342382,5,-6,-133
1767174359.1442382,2,-6,-129
1767174359.1542382,5,0,-129
1767174359.1642382,4,0,-130
1767174359.1742382,6,0,-128
1767174359.1842382,9,0,-125
1767174359.1942382,7,0,-122
1767174359.2042382,6,3,-123
1767174359.2142382,12,2,-120
1767174359.2242382,6,4,-122
1767174359.234238,3,3,-122
1767174359.244238,4,-3,-116
1767174359.254238,4,-1,-112
1767174359.264238,-1,-3,-111
1767174359.274238,0,-2,-116
1767174359.284238,-1,0,-123
1767174359.294238,5,1,-126
1767174359.304238,2,1,-123
1767174359.314238,2,-1,-118
1767174359.324238,0,-1,-116
1767174359.334238,1,-5,-120
1767174359.344238,0,-4,-116
1767174359.3542385,-2,-3,-112
1767174359.3642385,-1,-3,-110
1767174359.3742385,0,-1,-111
1767174359.3842382,0,0,-121
1767174359.3942382,0,-2,-122
1767174359.4042382,2,-1,-127
1767174359.4142382,2,-3,-127
1767174359.4242382,2,1,-129
1767174359.4342382,0,0,-125
1767174359.4442382,1,-1,-125
1767174359.4542382,4,-3,-129
1767174359.4642382,6,-5,-133
1767174359.4742382,7,-2,-129
1767174359.484238,7,-4,-127
1767174359.494238,11,-3,-123
1767174359.504238,10,-5,-120
1767174359.514238,7,-9,-122
1767174359.524238,6,-4,-122
1767174359.534238,6,0,-117
1767174359.544238,7,-1,-120
1767174359.554238,9,-5,-121
1767174359.564238,4,-3,-123
1767174359.574238,4,-3,-121
1767174359.584238,2,-3,-126
1767174359.594238,1,-4,-127
1767174359.6042385,0,-6,-128
1767174359.6142385,1,-6,-125
1767174359.6242385,3,-6,-123
1767174359.6342382,3,-5,-117
1767174359.6442382,0,-3,-117
1767174359.6542382,1,-6,-115
1767174359.6642382,5,-7,-115
1767174359.6742382,2,-11,-114
1767174359.6842382,2,-12,-125
1767174359.6942382,-3,-8,-115
1767174359.7042382,0,-10,-116
1767174359.7142382,4,-7,-115
1767174359.7242382,3,-3,-119
1767174359.734238,5,-4,-113
1767174359.744238,1,-5,-110
1767174359.754238,-1,-4,-114
1767174359.764238,-2,-1,-120
1767174359.774238,-3,1,-123
1767174359.784238,-4,1,-124
1767174359.794238,1,0,-127
1767174359.804238,0,-2,-128
1767174359.814238,-3,-3,-122
1767174359.824238,-3,-8,-123
1767174359.834238,-1,-6,-125
1767174359.844238,0,-7,-123
1767174359.8542385,3,-8,-126
1767174359.8642385,0,-7,-132
1767174359.8742385,1,-5,-128
1767174359.8842382,3,-4,-123
1767174359.8942382,4,0,-123
1767174359.9042382,4,1,-124
1767174359.9142382,3,1,-119
1767174359.9242382,-3,0,-119
1767174359.9342382,1,-3,-116
1767174359.9442382,2,-2,-121
1767174359.9542382,2,-2,-116
1767174359.9642382,-1,-4,-119
1767174359.9742382,-2,-2,-119
1767174359.984238,-2,-2,-120
1767174359.994238,-4,0,-122
1767174360.004238,-3,-1,-122
1767174360.014238,-3,1,-120
1767174360.024238,-2,5,-119
1767174360.034238,-1,4,-116
1767174360.044238,-1,1,-117
1767174360.054238,-2,0,-117
1767174360.064238,-3,-2,-114
1767174360.074238,-2,0,-120
1767174360.084238,0,2,-121
1767174360.094238,0,4,-123
1767174360.1042385,4,5,-131
1767174360.1142385,8,6,-131
1767174360.1242385,5,2,-128
1767174360.1342382,0,0,-123
1767174360.1442382,2,1,-123
1767174360.1542382,4,-1,-127
1767174360.1642382,3,1,-125
1767174360.1742382,0,0,-127
1767174360.1842382,0,-1,-125
1767174360.1942382,-4,-1,-120
1767174360.2042382,-4,-2,-114
1767174360.2142382,-5,-3,-112
1767174360.2242382,0,-2,-118
1767174360.234238,1,0,-116
1767174360.244238,1,0,-120
1767174360.254238,2,-1,-122
1767174360.264238,1,-2,-118
1767174360.274238,1,-1,-118
1767174360.284238,-3,0,-119
1767174360.294238,-6,-1,-118
1767174360.304238,-1,0,-119
1767174360.314238,-7,1,-118
1767174360.324238,-7,2,-122
1767174360.334238,-6,4,-118
1767174360.344238,-5,0,-116
1767174360.3542385,-2,-2,-115
1767174360.3642385,1,-2,-113
1767174360.3742385,0,-1,-115
1767174360.3842382,0,-1,-118
1767174360.3942382,-1,0,-118
1767174360.4042382,2,-1,-120
1767174360.4142382,3,1,-121
1767174360.4242382,4,4,-124
1767174360.4342382,8,1,-118
1767174360.4442382,7,1,-120
1767174360.4542382,1,4,-127
1767174360.4642382,0,0,-123
1767174360.4742382,3,0,-124
1767174360.484238,4,-4,-118
1767174360.494238,1,-1,-118
1767174360.504238,1,1,-119
1767174360.514238,2,0,-123
1767174360.524238,0,0,-123
1767174360.534238,0,1,-122
1767174360.544238,-1,3,-118
1767174360.554238,0,0,-119
1767174360.564238,-1,-3,-123
1767174360.574238,0,-3,-121
1767174360.584238,2,-4,-124
1767174360.594238,0,-4,-130
1767174360.6042385,6,-2,-134
1767174360.6142385,6,-3,-133
1767174360.6242385,5,-4,-131
1767174360.6342382,1,-2,-131
1767174360.6442382,1,-1,-125
1767174360.6542382,-1,0,-123
1767174360.6642382,-1,-3,-123
1767174360.6742382,-2,-2,-125
1767174360.6842382,1,-2,-121
1767174360.6942382,4,-1,-118
1767174360.7042382,4,2,-121
1767174360.7142382,0,3,-120
1767174360.7242382,0,0,-123
1767174360.734238,-5,1,-118
1767174360.744238,-5,0,-123
1767174360.754238,-7,-1,-124
1767174360.764238,-4,-4,-123
1767174360.774238,-4,0,-127
1767174360.784238,-8,3,-131
1767174360.794238,-1,0,-128
1767174360.804238,-1,0,-126
1767174360.814238,-1,-2,-124
1767174360.824238,-3,-2,-129
1767174360.834238,-1,-2,-128
1767174360.844238,-2,-6,-130
1767174360.8542385,0,-6,-129
1767174360.8642385,-1,-1,-128
1767174360.8742385,4,1,-130
1767174360.8842382,6,3,-136
1767174360.8942382,6,6,-128
1767174360.9042382,5,7,-124
1767174360.9142382,3,9,-130
1767174360.9242382,3,7,-128
1767174360.9342382,3,7,-120
1767174360.9442382,1,4,-121
1767174360.9542382,-1,1,-117
1767174360.9642382,-2,3,-116
1767174360.9742382,0,1,-119
1767174360.984238,-2,3,-118
1767174360.994238,-4,2,-116
1767174361.004238,-3,4,-118
1767174361.014238,-1,8,-120
1767174361.024238,3,7,-120
1767174361.034238,4,5,-123
1767174361.044238,8,3,-123
1767174361.054238,8,2,-127
1767174361.064238,3,-1,-123
1767174361.074238,-2,0,-120
1767174361.084238,0,1,-119
1767174361.094238,0,-1,-117
1767174361.1042385,-1,2,-111
1767174361.1142385,2,4,-115
1767174361.1242385,0,6,-118
1767174361.1342382,-3,7,-119
1767174361.1442382,-1,5,-118
1767174361.1542382,0,2,-117
1767174361.1642382,0,-2,-116
1767174361.1742382,0,0,-113
1767174361.1842382,2,-2,-118
1767174361.1942382,1,-2,-116
1767174361.2042382,-2,-3,-110
1767174361.2142382,-3,-4,-108
1767174361.2242382,0,-7,-112
1767174361.234238,0,-7,-114
1767174361.244238,0,-8,-120
1767174361.254238,2,-6,-128
1767174361.264238,3,-9,-130
1767174361.274238,1,-9,-126
1767174361.284238,-9,-8,-136
1767174361.294238,-7,-1,-131
1767174361.304238,-4,0,-123
1767174361.314238,-4,-1,-121
1767174361.324238,-3,0,-125
1767174361.334238,-4,3,-119
1767174361.344238,-4,-2,-122
1767174361.3542385,-1,0,-126
1767174361.3642385,-3,0,-122
1767174361.3742385,-7,-3,-116
1767174361.3842382,-3,-1,-116
1767174361.3942382,1,-1,-112
1767174361.4042382,3,0,-115
1767174361.4142382,0,4,-117
1767174361.4242382,1,2,-112
1767174361.4342382,-2,1,-109
1767174361.4442382,-2,2,-110
1767174361.4542382,0,2,-116
1767174361.4642382,3,2,-117
1767174361.4742382,0,6,-116
1767174361.484238,0,7,-120
1767174361.494238,0,6,-120
1767174361.504238,4,2,-121
1767174361.514238,4,-1,-115
1767174361.524238,5,0,-112
1767174361.534238,5,-4,-113
1767174361.544238,0,1,-109
1767174361.554238,-1,0,-106
1767174361.564238,1,-4,-109
1767174361.574238,3,-3,-110
1767174361.584238,3,-8,-118
1767174361.594238,5,-4,-123
1767174361.6042385,6,-4,-121
1767174361.6142385,1,-4,-123
1767174361.6242385,4,-3,-128
1767174361.6352382,3,-2,-123
1767174361.6452382,5,-2,-118
1767174361.6552382,2,-1,-120
1767174361.665238,0,2,-121
1767174361.6742382,0,4,-125
1767174361.685238,0,5,-120
1767174361.695238,-7,3,-116
1767174361.705238,-7,-1,-117
1767174361.715238,-5,-2,-114
1767174361.725238,-3,0,-120
1767174361.735238,-6,3,-125
1767174361.745238,-5,0,-127
1767174361.755238,-5,-3,-134
1767174361.765238,-3,-2,-125
1767174361.775238,-3,-2,-121
1767174361.7852385,-5,-2,-116
1767174361.7952385,0,-2,-120
1767174361.8052382,3,-3,-115
1767174361.8152382,4,-3,-116
1767174361.8252382,-1,-1,-120
1767174361.8352382,-3,-4,-122
1767174361.8452382,0,-2,-124
1767174361.8552382,2,-1,-130
1767174361.8652382,-3,1,-130
1767174361.8752382,-3,0,-129
1767174361.8852382,-7,2,-128
1767174361.8952382,-5,3,-133
1767174361.9052382,-7,-1,-132
1767174361.915238,-5,0,-133
1767174361.925238,-7,-3,-136
1767174361.935238,-7,-5,-131
1767174361.945238,-7,-2,-131
1767174361.955238,-7,-2,-133
1767174361.965238,-4,-6,-130
1767174361.975238,-1,-3,-132
1767174361.985238,2,-6,-125
1767174361.995238,6,-3,-119
1767174362.005238,5,-2,-122
1767174362.015238,3,-3,-117
1767174362.025238,-1,0,-110
1767174362.0352385,-3,1,-114
1767174362.0452385,-1,0,-106
1767174362.0552382,-5,3,-108
1767174362.0652382,-5,-3,-112
1767174362.0752382,-5,0,-111
1767174362.0852382,-4,0,-112
1767174362.0952382,0,-1,-113
1767174362.1052382,-3,-6,-118
1767174362.1152382,0,-4,-119
1767174362.1252382,1,-2,-114
1767174362.1352382,-2,-2,-120
1767174362.1452382,-3,0,-123
1767174362.1552382,-3,-1,-120
1767174362.165238,-3,1,-117
1767174362.175238,-2,0,-118
1767174362.185238,0,0,-125
1767174362.195238,0,-4,-124
1767174362.205238,3,-6,-124
1767174362.215238,1,-6,-127
1767174362.225238,0,-3,-123
1767174362.235238,-2,-1,-125
1767174362.245238,-1,-1,-124
1767174362.255238,0,1,-122
1767174362.265238,2,0,-121
1767174362.275238,1,-2,-120
1767174362.2852385,-1,-4,-126
1767174362.2952385,-2,-7,-119
1767174362.3052382,-2,-5,-123
1767174362.3152382,-2,-1,-124
1767174362.3252382,0,0,-127
1767174362.3352382,3,2,-122
1767174362.3452382,1,4,-119
1767174362.3552382,1,9,-122
1767174362.3652382,0,6,-130
1767174362.3752382,0,2,-133
1767174362.3852382,-1,-4,-131
1767174362.3952382,-4,-2,-129
1767174362.4052382,-8,-3,-127
1767174362.415238,-7,-6,-119
1767174362.425238,-6,-5,-119
1767174362.435238,-4,0,-116
1767174362.445238,0,0,-119
1767174362.455238,0,1,-119
1767174362.465238,0,1,-124
1767174362.475238,0,0,-129
1767174362.485238,-3,2,-130
1767174362.495238,-4,4,-131
1767174362.505238,-5,3,-124
1767174362.515238,-7,-2,-126
1767174362.525238,-8,-2,-121
1767174362.5352385,-8,-4,-125
1767174362.5452385,-6,1,-126
1767174362.5552382,-3,2,-123
1767174362.5652382,-2,-1,-127
1767174362.5752382,-5,-1,-126
1767174362.5852382,-3,0,-117
1767174362.5952382,-4,0,-119
1767174362.6052382,-2,1,-122
1767174362.6152382,-1,0,-123
1767174362.6252382,2,0,-123
1767174362.6352382,5,1,-128
1767174362.6452382,4,3,-126
1767174362.6552382,0,1,-122
1767174362.665238,-4,0,-122
1767174362.675238,-3,7,-121
1767174362.685238,-2,7,-120
1767174362.695238,-4,9,-118
1767174362.705238,-2,8,-119
1767174362.715238,0,10,-113
1767174362.725238,-1,8,-116
1767174362.735238,-1,5,-123
1767174362.745238,0,3,-121
1767174362.755238,1,3,-116
1767174362.765238,1,1,-121
1767174362.775238,3,1,-130
1767174362.7852385,3,-1,-129
1767174362.7952385,2,-3,-127
1767174362.8052382,-3,-4,-127
1767174362.8152382,-2,-8,-127
1767174362.8252382,-3,-8,-136
1767174362.8352382,-1,-2,-143
1767174362.8452382,0,-1,-140
1767174362.8552382,2,0,-139
1767174362.8652382,0,0,-135
1767174362.8752382,-1,-3,-125
1767174362.8852382,0,-1,-129
1767174362.8952382,2,-2,-128
1767174362.9052382,2,-1,-122
1767174362.915238,6,-1,-125
1767174362.925238,8,-1,-128
1767174362.935238,7,1,-123
1767174362.945238,6,-2,-121
1767174362.955238,2,-3,-119
1767174362.965238,2,-3,-114
1767174362.975238,3,-4,-117
1767174362.985238,-1,-1,-121
1767174363.0062382,-7,0,-126
1767174363.015238,-5,-2,-123
1767174363.025238,-8,-2,-127
1767174363.0352385,-7,-1,-129
1767174363.0452385,-5,-1,-127
1767174363.0552382,-4,0,-127
1767174363.0652382,-8,-4,-127
1767174363.0752382,-10,-7,-130
1767174363.0852382,-10,-1,-125
1767174363.0952382,-7,0,-121
1767174363.1052382,-3,-3,-122
1767174363.1152382,-2,-5,-130
1767174363.1252382,-2,-16,-127
1767174363.1352382,0,-16,-126
1767174363.1452382,0,-10,-120
1767174363.1552382,1,-9,-121
1767174363.165238,4,-8,-123
1767174363.175238,3,-5,-123
1767174363.185238,4,0,-129
1767174363.195238,1,-1,-124
1767174363.205238,2,0,-127
1767174363.215238,0,1,-125
1767174363.225238,1,1,-128
1767174363.235238,0,5,-128
1767174363.245238,1,6,-128
1767174363.255238,2,7,-129
1767174363.265238,1,5,-130
1767174363.275238,-1,3,-129
1767174363.2852385,-1,2,-124
1767174363.2952385,0,3,-132
1767174363.3052382,-2,5,-132
1767174363.3152382,-2,1,-131
1767174363.3252382,-4,-1,-129
1767174363.3352382,0,-4,-131
1767174363.3452382,2,-2,-131
1767174363.3552382,2,0,-130
1767174363.3652382,3,1,-133
1767174363.3752382,2,-1,-138
1767174363.3852382,-3,1,-132
1767174363.3952382,-5,0,-137
1767174363.4052382,-1,0,-137
1767174363.415238,-2,3,-140
1767174363.425238,-1,-2,-128
1767174363.435238,-3,-4,-123
1767174363.445238,1,0,-122
1767174363.455238,-4,0,-122
1767174363.465238,-5,-1,-118
1767174363.475238,-2,-1,-118
1767174363.485238,-4,2,-124
1767174363.495238,-2,-4,-124
1767174363.505238,-2,-5,-124
1767174363.515238,-3,-6,-123
1767174363.525238,-1,-7,-117
1767174363.5352385,2,-2,-116
1767174363.5452385,0,-1,-118
1767174363.5552382,1,0,-116
1767174363.5652382,-2,3,-115
1767174363.5752382,4,4,-109
1767174363.5852382,4,0,-113
1767174363.5952382,0,0,-118
1767174363.6052382,0,0,-115
1767174363.6152382,0,0,-119
1767174363.6252382,2,0,-124
1767174363.6352382,6,0,-119
1767174363.6452382,5,0,-117
1767174363.6552382,6,-4,-114
1767174363.665238,11,-4,-123
1767174363.675238,4,-2,-117
1767174363.685238,0,-1,-112
1767174363.695238,-2,0,-117
1767174363.705238,0,-5,-116
1767174363.715238,-3,-5,-121
1767174363.725238,-2,-5,-115
1767174363.735238,-7,-8,-112
1767174363.745238,-5,-6,-114
1767174363.755238,-1,-6,-111
1767174363.765238,0,-8,-114
1767174363.775238,-1,-7,-112
1767174363.7852385,0,-4,-116
1767174363.7952385,1,-1,-120
1767174363.8052382,-3,0,-127
1767174363.8152382,0,3,-125
1767174363.8252382,0,1,-122
1767174363.8352382,0,3,-115
1767174363.8452382,0,6,-109
1767174363.8552382,-3,6,-117
1767174363.8652382,-5,5,-124
1767174363.8752382,-2,1,-129
1767174363.8852382,-1,0,-128
1767174363.8952382,-3,-3,-121
1767174363.9052382,-4,-2,-125
1767174363.915238,0,0,-129
1767174363.925238,3,-1,-131
1767174363.935238,1,-5,-127
1767174363.945238,-3,0,-124
1767174363.955238,0,0,-123
1767174363.965238,-2,1,-121
1767174363.975238,0,-1,-120
1767174363.985238,1,-6,-124
1767174363.995238,1,-8,-122
1767174364.005238,-2,-6,-124
1767174364.015238,0,-9,-132
1767174364.025238,0,-9,-135
1767174364.0352385,1,-4,-132
1767174364.0452385,1,-4,-123
1767174364.0552382,3,-1,-127
1767174364.0652382,7,0,-125
1767174364.0752382,0,-2,-131
1767174364.0852382,0,-3,-131
1767174364.0952382,2,-2,-130
1767174364.1052382,1,-3,-133
1767174364.1152382,2,-4,-133
1767174364.1252382,4,0,-134
1767174364.1352382,6,0,-130
1767174364.1452382,11,0,-126
1767174364.1552382,8,-3,-124
1767174364.165238,3,-4,-129
1767174364.175238,5,-8,-130
1767174364.185238,0,-13,-136
1767174364.195238,1,-7,-130
1767174364.205238,4,-2,-129
1767174364.215238,2,0,-134
1767174364.225238,1,0,-134
1767174364.235238,-2,0,-130
1767174364.2462382,-6,0,-125
1767174364.255238,-6,-2,-127
1767174364.2662382,-3,-1,-132
1767174364.2762382,-2,0,-119
1767174364.2862382,-2,0,-120
1767174364.2962382,0,2,-118
1767174364.3062382,-1,1,-119
1767174364.3152382,-3,3,-131
1767174364.3262382,-5,2,-129
1767174364.336238,-4,4,-127
1767174364.346238,-3,1,-126
1767174364.356238,-5,2,-129
1767174364.366238,-6,6,-130
1767174364.376238,-4,6,-136
1767174364.386238,-7,4,-137
1767174364.396238,-7,4,-135
1767174364.406238,-8,1,-128
1767174364.416238,-6,-2,-127
1767174364.426238,-3,-3,-123
1767174364.436238,-1,-4,-121
1767174364.446238,-1,-8,-123
1767174364.4562385,-2,-2,-121
1767174364.4662385,-4,-1,-119
1767174364.4762385,-4,-2,-111
1767174364.4862382,-5,-1,-119
1767174364.4962382,-3,0,-124
1767174364.5062382,1,-1,-127
1767174364.5162382,2,-3,-129
1767174364.5262382,0,1,-125
1767174364.5362382,-2,0,-122
1767174364.5462382,-5,0,-122
1767174364.5562382,0,0,-120
1767174364.5662382,0,-3,-117
1767174364.5762382,1,-1,-123
1767174364.586238,6,-4,-125
1767174364.597238,3,-4,-126
1767174364.606238,0,-1,-130
1767174364.616238,-1,-1,-127
1767174364.626238,-4,-2,-129
1767174364.636238,-1,0,-130
1767174364.646238,-2,1,-127
1767174364.656238,0,0,-129
1767174364.666238,-2,-3,-128
1767174364.676238,-1,-6,-121
1767174364.686238,-1,-5,-119
1767174364.696238,-3,-2,-118
1767174364.7062385,-2,-4,-118
1767174364.7162385,-4,-4,-120
1767174364.7262385,-2,-4,-121
1767174364.7362382,0,-4,-126
1767174364.7462382,-2,-3,-126
1767174364.7562382,-1,-3,-128
1767174364.7662382,-4,-2,-125
1767174364.7762382,-2,-1,-124
1767174364.7862382,-1,1,-128
1767174364.7962382,-1,0,-132
1767174364.8062382,-2,2,-133
1767174364.8162382,0,-1,-128
1767174364.8262382,1,-3,-125
1767174364.836238,1,-3,-121
1767174364.846238,3,-4,-123
1767174364.856238,0,0,-131
1767174364.866238,-1,-1,-131
1767174364.876238,-1,-3,-127
1767174364.886238,-1,-3,-128
1767174364.896238,-2,-3,-128
1767174364.906238,-4,0,-125
1767174364.916238,-1,2,-116
1767174364.926238,-1,0,-118
1767174364.936238,1,-2,-124
1767174364.946238,4,-3,-128
1767174364.9562385,3,-4,-126
1767174364.9662385,1,-5,-119
1767174364.9762385,2,-5,-121
1767174364.9862382,2,-2,-120
1767174364.9962382,0,-3,-127
1767174365.0062382,0,-3,-128
1767174365.0162382,0,-3,-126
1767174365.0262382,0,-6,-123
1767174365.0362382,4,-6,-119
1767174365.0462382,9,-4,-126
1767174365.0562382,9,-3,-124
1767174365.0662382,7,-2,-124
1767174365.0762382,4,-4,-121
1767174365.086238,3,-8,-112
1767174365.096238,0,-8,-113
1767174365.106238,-1,-5,-116
1767174365.116238,0,-5,-115
1767174365.126238,0,-3,-111
1767174365.136238,0,-2,-118
1767174365.146238,2,-1,-120
1767174365.156238,2,-4,-119
1767174365.166238,3,-8,-126
1767174365.176238,4,-7,-121
1767174365.186238,3,-5,-114
1767174365.196238,4,-6,-117
1767174365.2062385,5,-7,-117
1767174365.2162385,9,-6,-119
1767174365.2262385,9,-5,-118
1767174365.2362382,6,-3,-114
1767174365.2462382,4,-3,-115
1767174365.2562382,0,-2,-117
1767174365.2662382,2,-4,-117
1767174365.2762382,2,-5,-119
1767174365.2862382,4,0,-120
1767174365.2962382,5,-1,-117
1767174365.3062382,0,-3,-121
1767174365.3162382,-1,-5,-122
1767174365.3262382,0,-2,-122
1767174365.336238,3,0,-119
1767174365.346238,3,4,-119
1767174365.356238,-2,5,-124
1767174365.366238,-6,0,-125
1767174365.376238,-6,3,-124
1767174365.386238,-2,2,-118
1767174365.396238,-2,6,-118
1767174365.406238,-3,9,-119
1767174365.416238,0,6,-122
1767174365.426238,-1,0,-124
1767174365.436238,-1,-2,-124
1767174365.446238,3,-2,-124
1767174365.4562385,2,0,-124
1767174365.4662385,4,-1,-126
1767174365.4762385,3,-4,-129
1767174365.4862382,6,-8,-125
1767174365.4962382,4,-7,-121
1767174365.5062382,2,-4,-125
1767174365.5162382,-1,-1,-130
1767174365.5262382,-2,0,-129
1767174365.5362382,-5,-3,-132
1767174365.5462382,-7,-4,-130
1767174365.5562382,-6,-8,-124
1767174365.5662382,-10,-8,-122
1767174365.5762382,-7,-8,-127
1767174365.586238,-2,-5,-125
1767174365.596238,0,-1,-117
1767174365.606238,0,0,-117
1767174365.616238,0,1,-122
1767174365.626238,-2,1,-121
1767174365.636238,-1,2,-121
1767174365.646238,-6,7,-122
1767174365.656238,-2,5,-129
1767174365.666238,-3,3,-129
1767174365.676238,-5,4,-125
1767174365.686238,-2,2,-120
1767174365.696238,-5,-1,-118
1767174365.7062385,-4,0,-116
1767174365.7162385,-8,-1,-112
1767174365.7262385,-7,0,-113
1767174365.7362382,-7,-1,-114
1767174365.7462382,-2,-3,-114
1767174365.7562382,-2,-3,-116
1767174365.7662382,0,0,-121
1767174365.7762382,-2,0,-121
1767174365.7862382,4,0,-117
1767174365.7962382,5,-4,-117
1767174365.8062382,6,-4,-112
1767174365.8162382,6,-8,-115
1767174365.8262382,7,-10,-110
1767174365.836238,5,-6,-112
1767174365.846238,3,-3,-119
1767174365.856238,6,-5,-119
1767174365.866238,1,-3,-121
1767174365.876238,0,-7,-119
1767174365.886238,-1,-7,-122
1767174365.896238,0,-8,-118
1767174365.906238,0,0,-125
1767174365.916238,-4,3,-128
1767174365.926238,-2,1,-127
1767174365.936238,-2,1,-126
1767174365.946238,-8,0,-128
1767174365.9562385,-8,-2,-127
1767174365.9662385,-2,0,-125
1767174365.9762385,2,0,-123
1767174365.9862382,3,1,-125
1767174365.9962382,8,0,-126
1767174366.0062382,7,0,-127
1767174366.0162382,5,0,-128
1767174366.0262382,6,-1,-129
1767174366.0362382,3,0,-126
1767174366.0462382,-1,0,-123
1767174366.0562382,1,0,-122
1767174366.0662382,4,-1,-125
1767174366.0762382,5,-3,-121
1767174366.086238,4,-1,-118
1767174366.096238,2,0,-118
1767174366.106238,-1,-4,-117
1767174366.116238,-2,-3,-127
1767174366.126238,0,-5,-134
1767174366.136238,0,-3,-131
1767174366.146238,3,-2,-121
1767174366.156238,7,-1,-123
1767174366.166238,9,-1,-130
1767174366.176238,9,-6,-120
1767174366.186238,3,-7,-121
1767174366.196238,0,-7,-123
1767174366.2062385,-2,-8,-119
1767174366.2162385,0,-8,-120
1767174366.2262385,0,-10,-115
1767174366.2362382,0,-8,-123
1767174366.2462382,-5,-7,-126
1767174366.2562382,-4,-7,-125
1767174366.2662382,-4,-4,-126
1767174366.2762382,0,-7,-124
1767174366.2862382,1,-10,-124
1767174366.2962382,2,-12,-130
1767174366.3062382,5,-10,-132
1767174366.3162382,3,-9,-132
1767174366.3262382,7,-6,-130
1767174366.336238,2,-3,-131
1767174366.346238,1,-1,-134
1767174366.356238,5,-4,-133
1767174366.366238,1,-5,-135
1767174366.376238,0,-4,-129
1767174366.386238,0,-1,-129
1767174366.396238,1,0,-127
1767174366.406238,0,-2,-125
1767174366.416238,0,-2,-125
1767174366.426238,-1,0,-118
1767174366.436238,0,0,-124
1767174366.446238,2,-3,-119
1767174366.4562385,1,-5,-116
1767174366.4662385,4,-3,-115
1767174366.4762385,1,-3,-120
1767174366.4862382,0,-2,-125
1767174366.4962382,1,-3,-130
1767174366.5062382,1,1,-127
1767174366.5162382,1,0,-124
1767174366.5262382,0,0,-126
1767174366.5362382,0,0,-126
1767174366.5462382,0,4,-119
1767174366.5562382,2,0,-121
1767174366.5662382,0,0,-116
1767174366.5762382,0,2,-120
1767174366.586238,0,6,-119
1767174366.596238,0,4,-123
1767174366.606238,1,3,-126
1767174366.616238,-1,4,-132
1767174366.626238,-4,6,-129
1767174366.636238,-4,7,-132
1767174366.646238,-2,7,-127
1767174366.656238,3,6,-129
1767174366.666238,5,8,-135
1767174366.676238,6,6,-131
1767174366.686238,7,0,-123
1767174366.696238,5,-5,-117
1767174366.7062385,7,-4,-110
1767174366.7162385,6,0,-109
1767174366.7262385,6,2,-114
1767174366.7362382,4,2,-121
1767174366.7462382,0,-1,-121
1767174366.7562382,2,0,-116
1767174366.7662382,1,-3,-123
1767174366.7762382,3,-6,-122
1767174366.7862382,0,-4,-120
1767174366.7962382,2,-6,-123
1767174366.8062382,3,-4,-120
1767174366.8162382,3,-3,-116
1767174366.8262382,4,-3,-113
1767174366.836238,1,-4,-116
1767174366.846238,-1,-2,-122
1767174366.856238,-1,-3,-122
1767174366.866238,-3,-2,-115
1767174366.876238,-4,0,-113
1767174366.886238,-6,7,-120
1767174366.896238,-11,6,-119
1767174366.906238,-8,8,-118
1767174366.916238,-7,10,-117
1767174366.9272382,-4,9,-117
1767174366.9372382,-13,4,-122
1767174366.9472382,-9,1,-126
1767174366.9572382,0,3,-128
1767174366.9672382,1,-1,-130
1767174366.9772382,-3,-2,-129
1767174366.9872382,-2,-6,-127
1767174366.9972382,0,-9,-121
1767174367.007238,5,-8,-124
1767174367.017238,7,-7,-120
1767174367.027238,4,-3,-125
1767174367.037238,4,-5,-126
1767174367.047238,-1,-1,-120
1767174367.057238,-5,-5,-116
1767174367.067238,-3,-4,-116
1767174367.077238,-1,-10,-119
1767174367.087238,0,-10,-121
1767174367.097238,2,-5,-126
1767174367.107238,0,-4,-131
1767174367.117238,1,-6,-129
1767174367.127238,-2,-3,-126
1767174367.1372385,-3,-4,-119
1767174367.1472385,-5,-6,-117
1767174367.1572382,-1,-2,-116
1767174367.1672382,-1,0,-124
1767174367.1772382,-1,1,-125
1767174367.1872382,0,1,-134
1767174367.1972382,-3,-1,-133
1767174367.2072382,0,-3,-133
1767174367.2172382,-4,-4,-130
1767174367.2272382,-6,0,-125
1767174367.2372382,-5,1,-126
1767174367.2472382,-10,0,-119
1767174367.257238,-11,2,-113
1767174367.267238,-8,2,-114
1767174367.277238,-8,2,-116
1767174367.287238,-12,0,-115
1767174367.297238,-13,-2,-119
1767174367.307238,-12,-1,-131
1767174367.317238,-10,-1,-136
1767174367.327238,-8,-3,-131
1767174367.337238,-2,-4,-129
1767174367.347238,-4,-3,-126
1767174367.357238,-1,0,-129
1767174367.367238,1,0,-135
1767174367.377238,2,4,-126
1767174367.3872385,4,3,-121
1767174367.3972385,6,3,-117
1767174367.4072382,6,0,-123
1767174367.4172382,3,1,-119
1767174367.4272382,5,0,-117
1767174367.4372382,5,-1,-120
1767174367.4472382,2,-2,-118
1767174367.4572382,2,0,-115
1767174367.4672382,6,-6,-116
1767174367.4772382,8,-3,-111
1767174367.4872382,9,-4,-112
1767174367.4972382,6,-3,-117
1767174367.507238,7,-2,-117
1767174367.517238,6,0,-117
1767174367.527238,1,3,-119
1767174367.537238,1,3,-124
1767174367.547238,0,1,-123
1767174367.557238,0,2,-120
1767174367.567238,-1,0,-127
1767174367.577238,1,-3,-128
1767174367.587238,-3,-5,-127
1767174367.597238,-2,-10,-125
1767174367.607238,0,-11,-120
1767174367.617238,-4,-11,-121
1767174367.627238,-1,-10,-130
1767174367.6372385,-1,-12,-134
1767174367.6472385,0,-14,-135
1767174367.6572382,-2,-11,-128
1767174367.6672382,-3,-5,-130
1767174367.6772382,-4,-1,-122
1767174367.6872382,-2,-2,-123
1767174367.6972382,-3,-7,-125
1767174367.7072382,-5,-4,-125
1767174367.7172382,-1,-5,-128
1767174367.7272382,-1,-5,-127
1767174367.7372382,-3,-4,-125
1767174367.7472382,-3,-9,-120
1767174367.757238,-5,-6,-120
1767174367.767238,-3,-6,-122
1767174367.777238,-1,-5,-121
1767174367.787238,-2,0,-123
1767174367.797238,-2,3,-125
1767174367.807238,1,2,-127
1767174367.817238,4,-1,-120
1767174367.827238,3,1,-114
1767174367.837238,4,5,-111
1767174367.847238,0,2,-114
1767174367.857238,-1,2,-118
1767174367.867238,-2,1,-119
1767174367.877238,-2,2,-121
1767174367.8872385,-2,5,-117
1767174367.8972385,0,6,-114
1767174367.9072382,2,4,-123
1767174367.9172382,-1,2,-121
1767174367.9272382,-5,1,-129
1767174367.9372382,-3,0,-134
1767174367.9472382,0,1,-129
1767174367.9572382,2,0,-135
1767174367.9672382,0,3,-125
1767174367.9772382,-2,3,-125
1767174367.9872382,-2,4,-118
1767174367.9972382,0,3,-112
1767174368.018238,4,3,-110
1767174368.027238,0,0,-116
1767174368.037238,0,-2,-117
1767174368.047238,0,-3,-120
1767174368.057238,-2,0,-123
1767174368.067238,-5,-5,-126
1767174368.077238,-1,-2,-120
1767174368.087238,-1,-1,-116
1767174368.097238,2,1,-117
1767174368.107238,0,2,-121
1767174368.117238,-1,1,-125
1767174368.127238,1,-3,-124
1767174368.1372385,3,-7,-123
1767174368.1472385,1,-6,-123
1767174368.1572382,1,-4,-126
1767174368.1672382,3,-2,-126
1767174368.1772382,2,-2,-121
1767174368.1872382,4,-1,-117
1767174368.1972382,4,-4,-119
1767174368.2072382,6,-5,-122
1767174368.2172382,3,-6,-120
1767174368.2272382,1,-6,-115
1767174368.2372382,-5,-2,-115
1767174368.2472382,-4,0,-125
1767174368.257238,0,-2,-128
1767174368.267238,-2,1,-128
1767174368.277238,-3,0,-128
1767174368.287238,-2,0,-131
1767174368.297238,0,-4,-134
1767174368.307238,3,-6,-130
1767174368.317238,3,-4,-132
1767174368.327238,4,-8,-135
1767174368.337238,9,-9,-132
1767174368.347238,9,-6,-137
1767174368.357238,6,0,-132
1767174368.367238,4,2,-130
1767174368.377238,6,2,-128
1767174368.3872385,6,0,-128
1767174368.3972385,0,-2,-123
1767174368.4072382,-1,-4,-117
1767174368.4172382,0,-4,-117
1767174368.4272382,0,0,-118
1767174368.4372382,-1,-2,-118
1767174368.4472382,-1,-2,-122
1767174368.4572382,-2,0,-117
1767174368.4672382,0,1,-120
1767174368.4772382,3,1,-120
1767174368.4872382,0,2,-121
1767174368.4972382,-3,1,-124
1767174368.507238,-1,0,-127
1767174368.517238,-1,2,-126
1767174368.527238,-8,0,-120
1767174368.537238,-6,1,-116
1767174368.547238,2,0,-118
1767174368.557238,4,1,-119
1767174368.567238,4,-1,-121
1767174368.577238,6,0,-118
1767174368.587238,6,0,-115
1767174368.597238,6,-4,-119
1767174368.607238,9,-4,-121
1767174368.617238,7,1,-113
1767174368.627238,1,0,-113
1767174368.6372385,0,-4,-111
1767174368.6472385,1,-4,-121
1767174368.6572382,2,-4,-124
1767174368.6672382,3,-5,-122
1767174368.6772382,9,-5,-122
1767174368.6872382,6,-1,-117
1767174368.6972382,1,-4,-122
1767174368.7072382,1,-4,-120
1767174368.7172382,0,-3,-126
1767174368.7272382,0,-2,-131
1767174368.7372382,-3,-2,-125
1767174368.7472382,-6,-2,-122
1767174368.757238,-6,-2,-120
1767174368.767238,-4,-2,-117
1767174368.777238,0,-6,-120
1767174368.787238,0,-3,-119
1767174368.797238,0,-2,-120
1767174368.807238,4,-3,-123
1767174368.817238,6,-2,-125
1767174368.827238,2,-1,-125
1767174368.837238,5,4,-121
1767174368.847238,9,2,-121
1767174368.857238,4,4,-128
1767174368.867238,4,7,-120
1767174368.877238,4,6,-122
1767174368.8872385,0,6,-122
1767174368.8982382,5,2,-123
1767174368.9072382,4,-1,-122
1767174368.9172382,3,0,-120
1767174368.9272382,0,2,-125
1767174368.9372382,0,0,-129
1767174368.9472382,2,-1,-131
1767174368.9572382,3,-1,-125
1767174368.9672382,8,0,-120
1767174368.9772382,6,-2,-118
1767174368.9872382,3,-3,-120
1767174368.9972382,5,-3,-122
1767174369.007238,9,0,-123
1767174369.017238,6,0,-119
1767174369.027238,1,-4,-116
1767174369.037238,0,-3,-112
1767174369.047238,0,-4,-108
1767174369.057238,0,0,-112
1767174369.067238,2,-4,-115
1767174369.077238,1,-6,-113
1767174369.087238,2,-7,-114
1767174369.097238,3,-6,-118
1767174369.107238,2,-4,-114
1767174369.117238,0,-1,-118
1767174369.127238,-1,0,-123
1767174369.1372385,-1,0,-119
1767174369.1472385,-3,-2,-119
1767174369.1572382,-1,0,-121
1767174369.1672382,1,-1,-126
1767174369.1772382,3,2,-126
1767174369.1872382,2,1,-126
1767174369.1972382,1,1,-123
1767174369.2072382,0,3,-127
1767174369.2172382,3,0,-129
1767174369.2272382,2,0,-128
1767174369.2372382,8,-2,-129
1767174369.2472382,5,-1,-126
1767174369.257238,3,0,-123
1767174369.267238,1,2,-127
1767174369.277238,4,2,-119
1767174369.287238,10,3,-119
1767174369.297238,9,4,-121
1767174369.307238,9,1,-116
1767174369.317238,6,1,-115
1767174369.327238,3,0,-113
1767174369.337238,0,0,-116
1767174369.347238,0,4,-116
1767174369.357238,3,6,-117
1767174369.367238,4,2,-122
1767174369.377238,6,0,-127
1767174369.3872385,7,1,-123
1767174369.3972385,3,0,-129
1767174369.4072382,4,0,-132
1767174369.4172382,3,-4,-134
1767174369.4272382,8,-5,-136
1767174369.4372382,4,-6,-134
1767174369.4472382,0,-3,-133
1767174369.4572382,0,-3,-133
1767174369.4672382,3,-4,-122
1767174369.4772382,6,-4,-119
1767174369.4872382,7,-6,-128
1767174369.4972382,9,-5,-129
1767174369.507238,3,-3,-129
1767174369.517238,4,1,-133
1767174369.527238,6,3,-127
1767174369.537238,7,-1,-126
1767174369.547238,9,-2,-122
1767174369.5582385,6,-3,-120
1767174369.567238,2,0,-117
1767174369.5782382,1,-1,-120
1767174369.587238,2,-1,-122
1767174369.5982382,2,-4,-130
1767174369.6082382,3,-7,-126
1767174369.6182382,5,-4,-125
1767174369.6282382,1,-4,-123
1767174369.6382382,-2,-3,-125
1767174369.6482382,-4,-1,-123
1767174369.6582382,-6,-3,-128
1767174369.6682382,-3,-2,-128
1767174369.6782382,-2,3,-127
1767174369.688238,-1,4,-129
1767174369.698238,-2,0,-123
1767174369.708238,-3,0,-124
1767174369.718238,-3,-4,-121
1767174369.728238,0,-6,-122
1767174369.738238,0,-5,-126
1767174369.748238,0,-2,-126
1767174369.758238,2,0,-117
1767174369.768238,2,1,-117
1767174369.778238,2,3,-118
1767174369.788238,0,-1,-117
1767174369.798238,-2,1,-112
1767174369.8082385,2,2,-108
1767174369.8182385,0,1,-112
1767174369.8282382,0,0,-114
1767174369.8382382,0,-1,-111
1767174369.8482382,0,1,-111
1767174369.8582382,0,3,-110
1767174369.8682382,-2,2,-122
1767174369.8782382,-5,4,-122
1767174369.8882382,-4,1,-118
1767174369.8982382,-4,-1,-120
1767174369.9082382,-3,-1,-123
1767174369.9182382,-2,0,-125
1767174369.9282382,-2,-5,-126
1767174369.938238,-3,-1,-130
1767174369.948238,0,-1,-133
1767174369.958238,-2,1,-135
1767174369.968238,-3,5,-134
1767174369.978238,-4,4,-135
1767174369.988238,-5,6,-138
1767174369.998238,4,2,-135
1767174370.008238,5,0,-134
1767174370.018238,0,1,-131
1767174370.028238,-2,2,-129
1767174370.038238,-2,0,-121
1767174370.048238,-8,2,-124
1767174370.0582385,-9,2,-124
1767174370.0682385,-9,1,-128
1767174370.0782382,-7,3,-131
1767174370.0882382,-11,7,-136
1767174370.0982382,-6,1,-127
1767174370.1082382,0,0,-129
1767174370.1182382,0,-1,-127
1767174370.1282382,-1,0,-126
1767174370.1382382,0,-1,-123
1767174370.1482382,0,-4,-119
1767174370.1582382,-1,-4,-115
1767174370.1682382,-1,-7,-123
1767174370.1782382,-3,-6,-128
1767174370.188238,-2,-5,-126
1767174370.198238,-2,-3,-125
1767174370.208238,-3,0,-127
1767174370.218238,2,-1,-127
1767174370.228238,0,-1,-122
1767174370.238238,1,-2,-122
1767174370.248238,-1,0,-120
1767174370.258238,-1,-2,-119
1767174370.268238,0,-4,-117
1767174370.278238,-2,-6,-115
1767174370.288238,-2,-6,-110
1767174370.298238,-3,-5,-113
1767174370.3082385,-4,-5,-121
1767174370.3182385,-9,-2,-123
1767174370.3282382,-8,0,-130
1767174370.3382382,-5,-6,-130
1767174370.3482382,-4,-3,-132
1767174370.3582382,-6,-2,-123
1767174370.3682382,-1,-6,-124
1767174370.3782382,-2,-4,-119
1767174370.3882382,1,-2,-118
1767174370.3982382,4,-3,-113
1767174370.4082382,1,-5,-116
1767174370.4182382,-3,-5,-126
1767174370.4282382,-6,-3,-128
1767174370.438238,-11,-1,-125
1767174370.448238,-11,-4,-124
1767174370.458238,-9,-1,-123
1767174370.468238,-4,-1,-118
1767174370.478238,-6,1,-122
1767174370.488238,-3,0,-120
1767174370.498238,-3,0,-120
1767174370.508238,-1,-1,-122
1767174370.518238,-2,-1,-119
1767174370.528238,-1,-2,-119
1767174370.538238,5,-1,-117
1767174370.548238,6,-3,-118
1767174370.5582385,7,-3,-117
1767174370.5682385,5,-5,-114
1767174370.5782382,4,-5,-117
1767174370.5882382,4,-3,-119
1767174370.5982382,5,-4,-119
1767174370.6082382,3,-2,-129
1767174370.6182382,3,-1,-127
1767174370.6282382,1,0,-127
1767174370.6382382,1,0,-126
1767174370.6482382,5,-4,-124
1767174370.6582382,5,-5,-123
1767174370.6682382,1,-4,-120
1767174370.6782382,0,-3,-121
1767174370.688238,1,-2,-121
1767174370.698238,4,-4,-122
1767174370.708238,6,-3,-117
1767174370.718238,2,-4,-117
1767174370.728238,2,-7,-117
1767174370.738238,1,-1,-118
1767174370.748238,1,0,-125
1767174370.758238,0,3,-124
1767174370.768238,-1,3,-125
1767174370.778238,-1,3,-131
1767174370.788238,0,0,-134
1767174370.798238,1,-3,-132
1767174370.8082385,1,-4,-125
1767174370.8182385,-1,-4,-123
1767174370.8282382,1,-3,-122
1767174370.8382382,0,1,-121
1767174370.8482382,8,-1,-117
1767174370.8582382,10,-4,-122
1767174370.8682382,12,-1,-116
1767174370.8782382,9,-1,-109
1767174370.8882382,6,-4,-115
1767174370.8982382,3,-1,-118
1767174370.9082382,3,0,-126
1767174370.9182382,0,0,-124
1767174370.9282382,4,2,-124
1767174370.938238,1,1,-122
1767174370.948238,0,0,-125
1767174370.958238,-1,0,-132
1767174370.968238,-2,0,-131
1767174370.978238,1,0,-135
1767174370.988238,-2,-3,-135
1767174370.998238,-4,0,-129
1767174371.008238,-1,-2,-129
1767174371.018238,0,-6,-128
1767174371.028238,0,-3,-122
1767174371.038238,-1,-5,-124
1767174371.048238,-5,-6,-125
1767174371.0582385,-9,-7,-128
1767174371.0682385,-6,-9,-127
1767174371.0782382,-2,-6,-132
1767174371.0882382,-3,-4,-121
1767174371.0982382,-6,-4,-122
1767174371.1082382,-5,-7,-121
1767174371.1182382,-9,0,-120
1767174371.1282382,-6,4,-122
1767174371.1382382,-6,4,-122
1767174371.1482382,-5,2,-126
1767174371.1582382,0,3,-125
1767174371.1682382,1,1,-121
1767174371.1782382,-2,-1,-122
1767174371.188238,-4,-5,-132
1767174371.198238,-4,-3,-132
1767174371.208238,-1,-1,-133
1767174371.218238,-5,0,-132
1767174371.228238,-3,-2,-135
1767174371.238238,-1,0,-132
1767174371.248238,0,0,-131
1767174371.258238,6,1,-125
1767174371.268238,9,1,-123
1767174371.278238,5,-2,-128
1767174371.288238,4,-4,-128
1767174371.298238,4,-3,-121
1767174371.3082385,4,1,-123
1767174371.3182385,7,0,-127
1767174371.3282382,3,0,-131
1767174371.3382382,0,2,-131
1767174371.3482382,0,3,-133
1767174371.3582382,1,3,-130
1767174371.3682382,5,4,-130
1767174371.3782382,4,3,-128
1767174371.3882382,2,0,-129
1767174371.3982382,-1,-1,-127
1767174371.4082382,-1,-1,-124
1767174371.4182382,2,-5,-124
1767174371.4282382,0,-10,-122
1767174371.438238,-2,-5,-121
1767174371.448238,-5,-1,-126
1767174371.458238,-6,-5,-136
1767174371.468238,-6,-6,-138
1767174371.478238,-4,-8,-138
1767174371.488238,0,-5,-132
1767174371.498238,2,-2,-138
1767174371.508238,3,-1,-131
1767174371.518238,4,-2,-128
1767174371.528238,3,-3,-122
1767174371.538238,0,-3,-122
1767174371.548238,-1,-2,-124
1767174371.5582385,-3,-1,-127
1767174371.5682385,-2,1,-127
1767174371.5782382,0,3,-127
1767174371.5882382,2,1,-122
1767174371.5982382,-4,-1,-124
1767174371.6082382,-4,0,-126
1767174371.6182382,-4,-1,-127
1767174371.6282382,-2,0,-124
1767174371.6382382,-2,-4,-129
1767174371.6482382,-1,-9,-128
1767174371.6582382,-2,-9,-127
1767174371.6682382,-5,-6,-117
1767174371.6782382,-4,-5,-110
1767174371.688238,-1,-4,-115
1767174371.698238,0,-1,-115
1767174371.708238,7,-1,-112
1767174371.718238,2,2,-114
1767174371.728238,0,5,-116
1767174371.738238,5,4,-116
1767174371.748238,7,5,-117
1767174371.758238,2,4,-113
1767174371.768238,0,4,-110
1767174371.778238,-2,0,-119
1767174371.788238,-2,-3,-121
1767174371.798238,-4,-5,-123
1767174371.8082385,-4,-5,-121
1767174371.8182385,-5,-2,-125
1767174371.8282382,-1,-3,-126
1767174371.8382382,2,-4,-129
1767174371.8482382,3,-4,-124
1767174371.8582382,8,-6,-125
1767174371.8682382,7,-5,-124
1767174371.8782382,7,-7,-117
1767174371.8882382,5,-6,-115
1767174371.8982382,0,-8,-117
1767174371.9082382,-2,-5,-119
1767174371.9182382,-2,-3,-120
1767174371.9282382,-2,2,-124
1767174371.938238,0,5,-123
1767174371.948238,-2,4,-124
1767174371.958238,-1,4,-119
1767174371.968238,0,6,-125
1767174371.978238,-1,5,-125
1767174371.988238,-2,3,-119
1767174371.998238,0,2,-117
1767174372.008238,-3,1,-115
1767174372.018238,-2,1,-119
1767174372.028238,-3,0,-123
1767174372.038238,-5,0,-127
1767174372.048238,-3,2,-129
1767174372.0582385,0,2,-133
1767174372.0682385,1,2,-133
1767174372.0782382,1,2,-133
1767174372.0882382,3,0,-132
1767174372.0982382,0,1,-126
1767174372.1082382,1,0,-125
1767174372.1182382,-4,0,-128
1767174372.1282382,-3,0,-128
1767174372.1382382,-3,0,-125
1767174372.1482382,-1,0,-122
1767174372.1582382,-2,4,-119
1767174372.1682382,-4,5,-112
1767174372.1782382,-3,1,-116
1767174372.188238,-1,4,-117
1767174372.198238,4,0,-116
1767174372.208238,5,-3,-117
1767174372.219238,3,-5,-119
1767174372.2292385,3,-4,-124
1767174372.2392385,1,-6,-126
1767174372.2492385,2,-6,-118
1767174372.2592382,2,-5,-123
1767174372.2692382,0,-7,-117
1767174372.2792382,0,-3,-119
1767174372.2892382,0,0,-116
1767174372.2992382,0,2,-119
1767174372.3092382,-3,7,-122
1767174372.3192382,-3,10,-122
1767174372.3292382,-4,4,-125
1767174372.3392382,-3,1,-121
1767174372.3492382,-2,-1,-120
1767174372.359238,0,-2,-128
1767174372.369238,-2,0,-128
1767174372.379238,-1,0,-125
1767174372.389238,-4,3,-127
1767174372.399238,-2,2,-121
1767174372.409238,4,0,-124
1767174372.419238,4,1,-123
1767174372.429238,4,3,-119
1767174372.439238,-1,3,-122
1767174372.449238,-2,2,-126
1767174372.459238,-2,1,-128
1767174372.469238,-2,1,-128
1767174372.4792385,-1,2,-128
1767174372.4892385,0,4,-127
1767174372.4992385,-1,-1,-130
1767174372.5092382,0,-5,-129
1767174372.5192382,3,-1,-125
1767174372.5292382,2,0,-120
1767174372.5392382,0,-2,-111
1767174372.5492382,2,-4,-108
1767174372.5592382,1,-3,-114
1767174372.5692382,-1,-3,-116
1767174372.5792382,0,-2,-116
1767174372.5892382,0,-4,-118
1767174372.5992382,2,-7,-125
1767174372.609238,0,-4,-125
1767174372.619238,3,-10,-128
1767174372.629238,3,-8,-123
1767174372.639238,1,-4,-124
1767174372.649238,-1,2,-122
1767174372.659238,-3,3,-127
1767174372.669238,-1,2,-121
1767174372.679238,-5,2,-119
1767174372.689238,-6,2,-124
1767174372.699238,-4,1,-121
1767174372.709238,0,4,-115
1767174372.719238,1,4,-112
1767174372.7292385,1,5,-121
1767174372.7392385,2,6,-125
1767174372.7492385,-2,7,-125
1767174372.7592382,-4,5,-125
1767174372.7692382,-5,2,-119
1767174372.7792382,-3,0,-116
1767174372.7892382,-1,0,-121
1767174372.7992382,2,0,-125
1767174372.8092382,0,3,-131
1767174372.8192382,0,3,-131
1767174372.8292382,-2,1,-130
1767174372.8392382,2,3,-125
1767174372.8492382,0,4,-127
1767174372.859238,0,7,-127
1767174372.869238,-4,3,-125
1767174372.879238,-2,2,-127
1767174372.889238,-1,-4,-130
1767174372.899238,1,-3,-131
1767174372.909238,3,0,-128
1767174372.919238,2,0,-129
1767174372.929238,1,0,-130
1767174372.939238,1,0,-122
1767174372.949238,-3,1,-117
1767174372.959238,-2,1,-114
1767174372.969238,0,-2,-112
1767174372.9792385,-2,0,-115
1767174372.9892385,-4,0,-127
1767174372.9992385,-7,-4,-129
1767174373.0092382,-6,-5,-126
1767174373.0302382,-3,-1,-124
1767174373.0392382,-6,1,-124
1767174373.0492382,-5,0,-119
1767174373.0592382,-5,-1,-122
1767174373.0692382,-6,-2,-116
1767174373.0792382,-7,-3,-115
1767174373.0892382,-4,0,-122
1767174373.0992382,-2,0,-123
1767174373.109238,-4,0,-127
1767174373.119238,-6,4,-126
1767174373.129238,-5,6,-131
1767174373.139238,-2,7,-131
1767174373.149238,-1,2,-125
1767174373.159238,-1,0,-122
1767174373.169238,-2,0,-114
1767174373.179238,-1,3,-113
1767174373.189238,-2,1,-115
1767174373.199238,-4,3,-119
1767174373.209238,-1,1,-127
1767174373.219238,-2,0,-122
1767174373.2292385,-2,-5,-121
1767174373.2392385,-3,-7,-125
1767174373.2492385,-8,-4,-126
1767174373.2592382,-8,-5,-126
1767174373.2692382,-4,-3,-129
1767174373.2792382,-5,0,-132
1767174373.2892382,-2,0,-133
1767174373.2992382,-3,1,-131
1767174373.3092382,-4,0,-128
1767174373.3192382,-1,4,-126
1767174373.3292382,1,4,-124
1767174373.3392382,0,3,-118
1767174373.3492382,2,3,-119
1767174373.359238,2,6,-114
1767174373.369238,-2,4,-121
1767174373.379238,-3,3,-121
1767174373.389238,0,5,-118
1767174373.399238,-3,3,-112
1767174373.409238,2,2,-114
1767174373.419238,-4,1,-119
1767174373.429238,-4,0,-122
1767174373.439238,-8,-1,-125
1767174373.449238,-5,-4,-121
1767174373.459238,-4,-3,-120
1767174373.469238,-4,-4,-119
1767174373.4792385,-2,-6,-113
1767174373.4892385,-1,-7,-108
1767174373.4992385,-1,-2,-114
1767174373.5092382,-2,-6,-115
1767174373.5192382,-2,-3,-107
1767174373.5292382,-5,-2,-109
1767174373.5392382,-1,-1,-111
1767174373.5492382,0,-2,-106
1767174373.5592382,-1,-3,-112
1767174373.5692382,-4,-3,-111
1767174373.5792382,-1,0,-117
1767174373.5892382,0,0,-121
1767174373.5992382,-2,-3,-128
1767174373.609238,0,-1,-131
1767174373.619238,0,-1,-127
1767174373.629238,2,-3,-131
1767174373.639238,0,-4,-128
1767174373.649238,-5,-5,-123
1767174373.659238,-10,-7,-125
1767174373.669238,-9,-6,-123
1767174373.679238,-6,-7,-130
1767174373.689238,-8,-6,-133
1767174373.699238,-7,-7,-127
1767174373.709238,-4,-5,-124
1767174373.719238,-4,-5,-112
1767174373.7292385,-1,-8,-115
1767174373.7392385,-1,-11,-112
1767174373.7492385,-5,-12,-109
1767174373.7592382,-5,-7,-105
1767174373.7692382,-6,-7,-109
1767174373.7792382,-7,-11,-113
1767174373.7892382,1,-13,-117
1767174373.7992382,1,-5,-119
1767174373.8092382,-3,-5,-121
1767174373.8192382,-4,-9,-127
1767174373.8292382,0,-10,-130
1767174373.8392382,4,-7,-129
1767174373.8492382,6,-4,-121
1767174373.859238,6,-2,-122
1767174373.869238,6,-3,-128
1767174373.879238,1,-3,-131
1767174373.889238,-1,-4,-127
1767174373.899238,-1,-6,-122
1767174373.909238,2,1,-120
1767174373.919238,1,2,-121
1767174373.929238,0,1,-126
1767174373.939238,1,0,-127
1767174373.949238,2,-3,-123
1767174373.959238,6,-6,-127
1767174373.969238,6,-5,-122
1767174373.9792385,0,-7,-121
1767174373.9892385,0,-7,-118
1767174373.9992385,3,-8,-117
1767174374.0092382,1,-9,-118
1767174374.0192382,-1,-8,-125
1767174374.0292382,-2,-8,-122
1767174374.0392382,0,-7,-126
1767174374.0492382,4,-4,-130
1767174374.0592382,4,-5,-125
1767174374.0692382,6,-1,-124
1767174374.0792382,8,1,-123
1767174374.0892382,11,4,-121
1767174374.0992382,11,6,-113
1767174374.109238,8,0,-114
1767174374.119238,6,-1,-127
1767174374.129238,6,-2,-123
1767174374.139238,7,-8,-118
1767174374.149238,9,-5,-124
1767174374.159238,6,-5,-128
1767174374.169238,4,-3,-129
1767174374.179238,4,-2,-131
1767174374.189238,2,0,-129
1767174374.199238,4,0,-131
1767174374.209238,3,-1,-131
1767174374.219238,3,-2,-124
1767174374.2292385,2,0,-122
1767174374.2392385,-2,3,-119
1767174374.2492385,1,4,-128
1767174374.2592382,-1,1,-123
1767174374.2692382,-4,0,-118
1767174374.2792382,-2,-1,-122
1767174374.2892382,-5,-3,-123
1767174374.2992382,-3,-3,-127
1767174374.3092382,-4,-4,-126
1767174374.3192382,-3,-8,-119
1767174374.3292382,-3,-6,-122
1767174374.3392382,-1,-8,-122
1767174374.3492382,0,-7,-119
1767174374.359238,1,-6,-119
1767174374.369238,0,-8,-123
1767174374.379238,1,-5,-123
1767174374.389238,1,-6,-123
1767174374.399238,1,-5,-121
1767174374.409238,3,-5,-118
1767174374.419238,0,-3,-122
1767174374.429238,-4,-2,-125
1767174374.439238,-6,0,-128
1767174374.449238,-3,1,-120
1767174374.459238,-3,0,-120
1767174374.469238,0,0,-119
1767174374.4792385,0,0,-124
1767174374.4892385,-2,1,-120
1767174374.4992385,1,2,-117
1767174374.5092382,1,0,-120
1767174374.5192382,-3,1,-124
1767174374.5292382,-4,1,-128
1767174374.5392382,-6,0,-128
1767174374.5492382,-5,-1,-129
1767174374.5592382,-2,3,-130
1767174374.5692382,-1,8,-129
1767174374.5792382,1,7,-127
1767174374.5892382,1,7,-126
1767174374.5992382,2,1,-127
1767174374.609238,2,0,-124
1767174374.619238,1,-1,-122
1767174374.629238,1,-4,-125
1767174374.639238,1,-5,-127
1767174374.649238,1,-9,-129
1767174374.659238,1,-9,-133
1767174374.669238,1,-6,-133
1767174374.679238,4,-3,-135
1767174374.689238,3,-1,-127
1767174374.699238,3,1,-123
1767174374.709238,2,2,-121
1767174374.719238,0,4,-117
1767174374.7292385,0,1,-115
1767174374.7392385,-1,0,-120
1767174374.7492385,0,0,-122
1767174374.7592382,1,3,-123
1767174374.7692382,6,4,-120
1767174374.7792382,4,1,-126
1767174374.7892382,1,0,-126
1767174374.800238,0,0,-125
1767174374.8092382,0,0,-126
1767174374.8192382,0,2,-136
1767174374.8292382,0,-2,-133
1767174374.8392382,-1,-3,-135
1767174374.8492382,0,-3,-138
1767174374.860238,-1,-3,-136
1767174374.869238,1,-1,-138
1767174374.879238,-4,0,-136
1767174374.889238,-7,-2,-132
1767174374.900238,-3,-5,-119
1767174374.9102385,2,-7,-118
1767174374.919238,2,-2,-119
1767174374.9302382,3,-4,-120
1767174374.9402382,4,-1,-122
1767174374.9502382,0,-1,-124
1767174374.9602382,2,0,-122
1767174374.9702382,2,0,-122
1767174374.9802382,1,-4,-125
1767174374.9902382,2,-3,-120
1767174375.0002382,-2,0,-124
1767174375.0102382,-4,-2,-122
1767174375.0202382,-7,-2,-127
1767174375.0302382,-7,-2,-128
1767174375.040238,-5,-2,-125
1767174375.050238,-3,-3,-132
1767174375.060238,-5,-3,-133
1767174375.070238,0,-2,-131
1767174375.080238,-1,-4,-129
1767174375.090238,-4,-4,-124
1767174375.100238,-1,-6,-122
1767174375.110238,-2,-7,-111
1767174375.120238,-4,-10,-109
1767174375.130238,2,-10,-111
1767174375.140238,4,-7,-117
1767174375.150238,2,-7,-120
1767174375.1602385,2,-1,-124
1767174375.1702385,4,1,-129
1767174375.1802382,8,-1,-125
1767174375.1902382,8,-4,-125
1767174375.2002382,6,-4,-125
1767174375.2102382,4,-2,-125
1767174375.2202382,2,-1,-122
1767174375.2302382,0,-1,-114
1767174375.2402382,-1,0,-112
1767174375.2502382,-1,0,-116
1767174375.2602382,0,6,-116
1767174375.2702382,2,3,-115
1767174375.2802382,4,0,-112
1767174375.290238,0,4,-108
1767174375.300238,-2,4,-112
1767174375.310238,-3,3,-114
1767174375.320238,-1,0,-119
1767174375.330238,-3,1,-116
1767174375.340238,0,0,-118
1767174375.350238,-4,0,-124
1767174375.360238,-3,-2,-128
1767174375.370238,-5,-6,-131
1767174375.380238,-7,-4,-133
1767174375.390238,-3,-1,-131
1767174375.400238,-2,0,-125
1767174375.4102385,-4,2,-123
1767174375.4202385,-8,1,-132
1767174375.4302382,-6,-1,-129
1767174375.4402382,-6,0,-128
1767174375.4502382,-8,-3,-128
1767174375.4602382,-3,-5,-130
1767174375.4702382,-1,-4,-127
1767174375.4802382,0,-3,-126
1767174375.4902382,1,0,-128
1767174375.5002382,3,-1,-135
1767174375.5102382,2,-1,-130
1767174375.5202382,1,1,-134
1767174375.5302382,1,0,-138
1767174375.540238,3,0,-131
1767174375.550238,4,-2,-125
1767174375.560238,1,-1,-123
1767174375.570238,2,-6,-117
1767174375.580238,-1,-2,-125
1767174375.590238,0,-3,-125
1767174375.600238,0,0,-127
1767174375.610238,0,-4,-125
1767174375.620238,1,-6,-119
1767174375.630238,-1,-6,-123
1767174375.640238,-3,-7,-121
1767174375.650238,-2,-5,-125
1767174375.6602385,0,-5,-121
1767174375.6702385,1,0,-115
1767174375.6802382,4,1,-115
1767174375.6902382,7,4,-119
1767174375.7002382,5,3,-122
1767174375.7102382,2,3,-125
1767174375.7202382,2,-2,-123
1767174375.7302382,3,-3,-122
1767174375.7402382,-1,-1,-128
1767174375.7502382,0,0,-129
1767174375.7602382,-1,-2,-128
1767174375.7702382,0,-7,-125
1767174375.7802382,1,-9,-119
1767174375.790238,2,-4,-119
1767174375.800238,4,0,-122
1767174375.810238,1,-1,-125
1767174375.820238,0,2,-129
1767174375.830238,-4,3,-129
1767174375.840238,-2,2,-130
1767174375.850238,1,-1,-120
1767174375.860238,1,1,-121
1767174375.870238,-3,2,-122
1767174375.880238,-2,5,-119
1767174375.890238,5,3,-121
1767174375.900238,5,4,-121
1767174375.9102385,10,6,-119
1767174375.9202385,8,4,-121
1767174375.9302382,9,2,-125
1767174375.9402382,5,2,-123
1767174375.9502382,3,4,-122
1767174375.9602382,1,3,-128
1767174375.9702382,1,4,-128
1767174375.9802382,0,0,-131
1767174375.9902382,0,-2,-131
1767174376.0002382,1,-2,-139
1767174376.0102382,-3,0,-138
1767174376.0202382,-2,0,-142
1767174376.0302382,-5,0,-131
1767174376.040238,0,-1,-121
1767174376.050238,1,0,-126
1767174376.060238,2,-3,-125
1767174376.070238,4,-4,-125
1767174376.080238,5,-3,-123
1767174376.090238,5,-3,-125
1767174376.100238,7,-3,-125
1767174376.110238,5,-5,-127
1767174376.120238,3,-3,-124
1767174376.130238,7,-3,-121
1767174376.140238,2,0,-126
1767174376.150238,5,2,-131
1767174376.1602385,4,0,-128
1767174376.1702385,3,1,-122
1767174376.1802382,1,0,-114
1767174376.1902382,0,0,-108
1767174376.2002382,-3,-1,-114
1767174376.2102382,-8,-5,-117
1767174376.2202382,-7,-3,-121
1767174376.2302382,-6,5,-120
1767174376.2402382,-5,2,-119
1767174376.2502382,-3,2,-114
1767174376.2602382,-4,0,-116
1767174376.271238,4,1,-118
1767174376.2802382,1,-1,-117
1767174376.290238,0,-3,-119
1767174376.300238,0,-5,-121
1767174376.310238,2,-3,-117
1767174376.320238,0,-1,-124
1767174376.330238,-2,1,-123
1767174376.340238,1,4,-119
1767174376.350238,0,4,-127
1767174376.360238,-2,3,-124
1767174376.370238,-7,0,-116
1767174376.380238,-5,-1,-113
1767174376.390238,-7,0,-108
1767174376.400238,-9,1,-109
1767174376.4102385,-6,0,-111
1767174376.4202385,-1,0,-115
1767174376.4302382,0,-5,-113
1767174376.4402382,-1,-4,-112
1767174376.4502382,-1,-3,-107
1767174376.4602382,-5,-2,-111
1767174376.4702382,-8,2,-116
1767174376.4802382,-7,2,-128
1767174376.4902382,-4,3,-129
1767174376.5002382,-1,5,-132
1767174376.5102382,-3,5,-129
1767174376.5202382,-3,5,-129
1767174376.5302382,-7,-1,-130
1767174376.540238,-2,-6,-131
1767174376.550238,2,-4,-129
1767174376.560238,2,-2,-122
1767174376.570238,0,-2,-124
1767174376.580238,-1,-2,-125
1767174376.590238,-2,0,-124
1767174376.600238,1,0,-123
1767174376.610238,1,0,-120
1767174376.620238,3,-5,-129
1767174376.630238,1,-9,-125
1767174376.640238,1,-9,-128
1767174376.650238,4,-9,-127
1767174376.6602385,4,-11,-126
1767174376.6702385,2,-8,-127
1767174376.6802382,0,-7,-123
1767174376.6902382,-5,-7,-119
1767174376.7002382,-2,-3,-119
1767174376.7102382,-7,-1,-123
1767174376.7202382,-5,0,-123
1767174376.7302382,-1,-1,-127
1767174376.7402382,0,-2,-129
1767174376.7502382,1,-1,-131
1767174376.7602382,2,-4,-129
1767174376.7702382,0,1,-126
1767174376.7802382,2,5,-124
1767174376.790238,3,8,-126
1767174376.800238,0,2,-127
1767174376.810238,0,0,-117
1767174376.820238,0,1,-119
1767174376.830238,1,-1,-120
1767174376.840238,6,-3,-125
1767174376.850238,9,-3,-127
1767174376.860238,7,-2,-122
1767174376.870238,8,1,-129
1767174376.880238,8,-2,-126
1767174376.890238,6,0,-122
1767174376.900238,8,0,-121
1767174376.9102385,7,0,-118
1767174376.9202385,11,-3,-118
1767174376.9302382,12,-5,-116
1767174376.9402382,6,-2,-117
1767174376.9502382,0,-5,-115
1767174376.9602382,-4,-3,-118
1767174376.9702382,2,1,-117
1767174376.9802382,3,0,-122
1767174376.9902382,-1,0,-121
1767174377.0002382,-4,1,-116
1767174377.0102382,-3,2,-114
1767174377.0202382,-2,1,-118
1767174377.0302382,-2,0,-121
1767174377.040238,-2,-3,-124
1767174377.050238,-5,0,-128
1767174377.060238,-6,-2,-130
1767174377.070238,-5,-5,-133
1767174377.080238,-5,-6,-137
1767174377.090238,-4,-5,-136
1767174377.100238,0,-3,-132
1767174377.110238,-4,-3,-128
1767174377.120238,-5,-1,-125
1767174377.130238,-8,-6,-116
1767174377.140238,-6,-6,-126
1767174377.150238,-3,-6,-123
1767174377.1602385,-4,-2,-123
1767174377.1702385,-2,-5,-122
1767174377.1802382,0,-5,-122
1767174377.1902382,3,-4,-126
1767174377.2002382,5,-5,-126
1767174377.2102382,2,-6,-133
1767174377.2202382,-1,-4,-132
1767174377.2302382,-2,-5,-133
1767174377.2402382,-6,-2,-131
1767174377.2502382,-3,0,-132
1767174377.2602382,-2,0,-129
1767174377.2702382,-4,2,-128
1767174377.2802382,-1,5,-127
1767174377.290238,1,4,-130
1767174377.300238,-6,3,-127
1767174377.310238,-7,4,-126
1767174377.320238,-1,4,-118
1767174377.330238,-3,4,-111
1767174377.340238,0,5,-115
1767174377.350238,1,4,-121
1767174377.360238,1,5,-122
1767174377.370238,1,1,-122
1767174377.380238,8,2,-131
1767174377.390238,10,2,-124
1767174377.400238,7,2,-129
1767174377.4102385,5,4,-121
1767174377.4202385,2,4,-123
1767174377.4302382,0,3,-132
1767174377.4402382,0,2,-133
1767174377.4502382,-1,3,-120
1767174377.4602382,-2,3,-119
1767174377.4702382,-1,-2,-120
1767174377.4802382,2,0,-120
1767174377.4902382,0,0,-119
1767174377.5002382,1,1,-117
1767174377.5102382,1,4,-111
1767174377.521238,2,3,-113
1767174377.5302382,-1,2,-115
1767174377.541238,-1,0,-113
1767174377.550238,0,0,-118
1767174377.560238,-1,0,-121
1767174377.571238,0,-2,-127
1767174377.5812385,-2,-2,-127
1767174377.5912385,1,0,-126
1767174377.6012385,1,0,-126
1767174377.6112382,-1,2,-122
1767174377.6212382,-6,1,-123
1767174377.6312382,-4,2,-118
1767174377.6412382,4,1,-118
1767174377.6512382,1,2,-121
1767174377.6612382,4,0,-126
1767174377.6712382,4,0,-121
1767174377.6812382,2,0,-118
1767174377.6912382,6,1,-125
1767174377.7012382,3,3,-123
1767174377.711238,7,-2,-124
1767174377.721238,4,-1,-121
1767174377.731238,8,0,-124
1767174377.741238,8,-2,-134
1767174377.751238,9,-1,-130
1767174377.761238,8,-2,-130
1767174377.771238,2,0,-127
1767174377.781238,0,-2,-125
1767174377.791238,-2,-2,-118
1767174377.801238,-5,-1,-113
1767174377.811238,-5,0,-116
1767174377.821238,-2,-4,-110
1767174377.8312385,0,0,-108
1767174377.8412385,-1,3,-107
1767174377.8512385,0,0,-106
1767174377.8612382,2,0,-112
1767174377.8712382,-1,3,-115
1767174377.8812382,0,2,-113
1767174377.8912382,0,3,-113
1767174377.9012382,-1,2,-117
1767174377.9112382,1,0,-123
1767174377.9212382,0,0,-126
1767174377.9312382,0,-2,-120
1767174377.9412382,1,-3,-125
1767174377.9512382,3,-3,-122
1767174377.961238,4,-4,-120
1767174377.971238,1,-3,-126
1767174377.981238,-4,-2,-126
1767174377.991238,-3,-1,-126
1767174378.001238,0,-1,-125
1767174378.011238,5,-2,-124
1767174378.021238,0,-1,-123
1767174378.0422382,-1,-4,-123
1767174378.051238,0,0,-120
1767174378.061238,0,-3,-127
1767174378.071238,-1,-3,-122
1767174378.0812385,-2,-1,-125
1767174378.0912385,-2,0,-125
1767174378.1012385,-1,1,-123
1767174378.1112382,0,0,-115
1767174378.1212382,-3,1,-110
1767174378.1312382,-7,2,-110
1767174378.1412382,-9,2,-108
1767174378.1512382,-3,1,-112
1767174378.1612382,0,-1,-113
1767174378.1712382,2,-5,-115
1767174378.1812382,0,-8,-118
1767174378.1912382,1,-6,-122
1767174378.2012382,7,-4,-119
1767174378.211238,7,-3,-123
1767174378.221238,9,0,-125
1767174378.231238,5,1,-122
1767174378.241238,3,-3,-117
1767174378.251238,4,-6,-123
1767174378.261238,8,-4,-121
1767174378.271238,5,0,-121
1767174378.281238,4,0,-119
1767174378.291238,0,-1,-115
1767174378.301238,6,-4,-116
1767174378.311238,8,-7,-121
1767174378.321238,4,-8,-123
1767174378.3312385,4,-6,-126
1767174378.3412385,1,-4,-127
1767174378.3512385,0,-1,-125
1767174378.3612382,-1,-1,-127
1767174378.3712382,-2,-2,-127
1767174378.3812382,-6,-3,-121
1767174378.3912382,-2,-2,-124
1767174378.4012382,-3,0,-126
1767174378.4112382,-4,5,-123
1767174378.4212382,-5,2,-122
1767174378.4312382,0,1,-125
1767174378.4412382,3,-1,-124
1767174378.4512382,3,0,-124
1767174378.461238,1,0,-125
1767174378.471238,2,2,-120
1767174378.481238,1,0,-125
1767174378.491238,-3,-2,-121
1767174378.501238,-1,-1,-119
1767174378.511238,-5,0,-123
1767174378.521238,-7,-1,-119
1767174378.531238,-7,-2,-113
1767174378.541238,-6,-1,-114
1767174378.551238,-10,-1,-109
1767174378.561238,-6,-1,-110
1767174378.571238,-5,-1,-113
1767174378.5812385,-3,-3,-111
1767174378.5912385,0,-7,-113
1767174378.6012385,-1,-4,-118
1767174378.6112382,-1,-4,-122
1767174378.6212382,-3,-5,-119
1767174378.6312382,-7,-5,-119
1767174378.6412382,-3,-6,-123
1767174378.6512382,-1,-3,-129
1767174378.6612382,2,0,-130
1767174378.6712382,2,0,-132
1767174378.6812382,-2,-2,-134
1767174378.6912382,0,0,-135
1767174378.7012382,0,0,-132
1767174378.711238,-1,-1,-131
1767174378.721238,-1,0,-129
1767174378.731238,-5,3,-121
1767174378.741238,-7,0,-120
1767174378.751238,-9,-2,-118
1767174378.761238,-7,0,-117
1767174378.771238,-2,1,-121
1767174378.781238,3,1,-126
1767174378.791238,5,0,-130
1767174378.801238,8,1,-132
1767174378.811238,7,0,-137
1767174378.821238,8,0,-136
1767174378.8312385,4,3,-132
1767174378.8412385,2,3,-128
1767174378.8512385,5,4,-122
1767174378.8612382,4,4,-123
1767174378.8712382,0,0,-125
1767174378.8812382,0,-1,-118
1767174378.8912382,-3,0,-120
1767174378.9012382,-4,0,-121
1767174378.9112382,0,-1,-123
1767174378.9212382,-3,-5,-129
1767174378.9312382,-1,-1,-122
1767174378.9412382,0,0,-120
1767174378.9512382,-1,0,-122
1767174378.961238,-3,-3,-118
1767174378.971238,0,-1,-115
1767174378.981238,0,-3,-109
1767174378.991238,-1,-4,-113
1767174379.001238,0,-2,-117
1767174379.011238,2,-3,-123
1767174379.021238,3,-5,-121
1767174379.031238,0,-7,-114
1767174379.041238,5,-4,-122
1767174379.051238,4,0,-127
1767174379.061238,1,0,-127
1767174379.071238,0,0,-126
1767174379.0812385,1,-1,-132
1767174379.0912385,-1,-1,-132
1767174379.1012385,0,0,-133
1767174379.1112382,-1,0,-130
1767174379.1212382,2,0,-127
1767174379.1312382,0,1,-130
1767174379.1412382,0,1,-136
1767174379.1512382,0,3,-131
1767174379.1612382,1,0,-128
1767174379.1712382,3,-2,-122
1767174379.1812382,2,-1,-122
1767174379.1912382,3,2,-123
1767174379.2012382,0,3,-123
1767174379.211238,-2,2,-122
1767174379.221238,-5,-1,-129
1767174379.231238,-5,-2,-130
1767174379.241238,-4,0,-122
1767174379.251238,-8,-1,-119
1767174379.261238,-9,0,-114
1767174379.271238,-8,2,-111
1767174379.281238,-7,2,-109
1767174379.291238,-5,-1,-114
1767174379.301238,-5,-3,-114
1767174379.311238,-6,-8,-117
1767174379.321238,-6,-7,-123
1767174379.3312385,-3,-4,-126
1767174379.3412385,-2,-3,-123
1767174379.3512385,-2,-3,-122
1767174379.3612382,-3,-4,-121
1767174379.3712382,2,-5,-117
1767174379.3812382,0,-6,-120
1767174379.3912382,2,-6,-124
1767174379.4012382,0,-3,-121
1767174379.4112382,-2,-5,-120
1767174379.4212382,-3,-7,-112
1767174379.4312382,0,-6,-119
1767174379.4412382,2,-5,-122
1767174379.4512382,1,-6,-126
1767174379.461238,1,-6,-131
1767174379.471238,2,-8,-129
1767174379.481238,3,-8,-126
1767174379.491238,1,-3,-125
1767174379.501238,4,-1,-126
1767174379.511238,1,-1,-131
1767174379.521238,8,1,-123
1767174379.531238,10,-1,-125
1767174379.541238,6,1,-129
1767174379.551238,0,-4,-121
1767174379.561238,-3,-2,-121
1767174379.571238,-2,0,-122
1767174379.5812385,-1,2,-127
1767174379.5912385,-1,2,-120
1767174379.6012385,-2,-3,-115
1767174379.6112382,-1,0,-122
1767174379.6212382,-5,2,-120
1767174379.6312382,-4,6,-125
1767174379.6412382,-2,4,-133
1767174379.6512382,-3,1,-135
1767174379.6612382,-5,1,-136
1767174379.6712382,-2,0,-132
1767174379.6812382,0,3,-126
1767174379.6912382,-2,2,-124
1767174379.7012382,-2,0,-120
1767174379.711238,-7,-1,-122
1767174379.721238,-4,0,-122
1767174379.731238,-5,3,-127
1767174379.741238,-5,1,-126
1767174379.751238,0,-1,-122
1767174379.761238,2,-5,-120
1767174379.771238,0,-3,-125
1767174379.781238,2,-5,-122
1767174379.791238,1,-6,-122
1767174379.801238,3,-6,-116
1767174379.811238,3,-8,-117
1767174379.821238,1,-6,-116
1767174379.8312385,1,-6,-112
1767174379.8412385,2,-4,-111
1767174379.8512385,1,-4,-107
1767174379.8612382,3,-1,-115
1767174379.8712382,1,0,-117
1767174379.8812382,0,-1,-117
1767174379.8912382,4,-1,-119
1767174379.9012382,2,-3,-121
1767174379.9112382,3,2,-122
1767174379.9212382,-1,1,-124
1767174379.9312382,-2,0,-120
1767174379.9412382,-1,0,-126
1767174379.9512382,0,2,-126
1767174379.961238,1,3,-125
1767174379.971238,0,0,-127
1767174379.981238,2,-1,-135
1767174379.991238,3,-6,-136
1767174380.001238,0,-5,-135
1767174380.011238,-2,-4,-127
1767174380.021238,-2,-3,-127
1767174380.031238,0,-2,-121
1767174380.041238,-2,-1,-125
1767174380.051238,-6,-7,-128
1767174380.061238,-7,-6,-124
1767174380.071238,-7,-6,-120
1767174380.0812385,-5,-6,-119
1767174380.0912385,-3,-7,-121
1767174380.1012385,-4,-7,-120
1767174380.1112382,0,-9,-118
1767174380.1212382,-2,-5,-117
1767174380.1312382,-3,-2,-115
1767174380.1412382,0,-6,-114
1767174380.1512382,-3,-5,-120
1767174380.162238,-2,-5,-116
1767174380.1712382,-3,-2,-112
1767174380.182238,-2,-2,-114
1767174380.192238,0,-6,-121
1767174380.202238,0,-5,-123
1767174380.211238,-5,-5,-127
1767174380.222238,-6,-11,-131
1767174380.232238,-7,-9,-129
1767174380.242238,-6,-8,-123
1767174380.252238,-7,-5,-117
1767174380.2622385,-3,-2,-115
1767174380.2722385,-7,0,-117
1767174380.2822382,-1,2,-116
1767174380.2922382,-2,5,-118
1767174380.3022382,-2,5,-116
1767174380.3122382,1,5,-114
1767174380.3222382,-1,5,-117
1767174380.3322382,-2,2,-125
1767174380.3422382,-2,0,-125
1767174380.3522382,0,0,-129
1767174380.3622382,-3,3,-132
1767174380.3722382,-4,1,-134
1767174380.382238,-4,4,-132
1767174380.392238,-4,4,-126
1767174380.402238,-5,2,-122
1767174380.412238,-3,3,-120
1767174380.422238,-1,1,-120
1767174380.432238,-1,0,-127
1767174380.442238,-3,0,-130
1767174380.452238,-2,0,-126
1767174380.462238,-1,2,-123
1767174380.472238,-2,0,-125
1767174380.482238,-2,-1,-128
1767174380.492238,-1,-3,-132
1767174380.502238,-3,-3,-130
1767174380.5122385,-2,-5,-123
1767174380.5222385,-8,-1,-124
1767174380.5322382,-9,-1,-122
1767174380.5422382,-4,-1,-125
1767174380.5522382,-1,-5,-123
1767174380.5622382,-3,-2,-119
1767174380.5722382,-6,0,-118
1767174380.5822382,-4,3,-120
1767174380.5922382,-5,-1,-119
1767174380.6022382,0,-3,-115
1767174380.6122382,2,-1,-117
1767174380.6222382,4,0,-113
1767174380.632238,4,6,-116
1767174380.642238,3,7,-118
1767174380.652238,1,8,-117
1767174380.662238,4,9,-113
1767174380.672238,1,7,-116
1767174380.682238,2,4,-114
1767174380.692238,5,3,-117
1767174380.702238,3,0,-113
1767174380.712238,1,-2,-115
1767174380.722238,0,0,-120
1767174380.732238,-3,2,-127
1767174380.742238,-6,2,-126
1767174380.752238,-3,1,-124
1767174380.7622385,-4,3,-120
1767174380.7722385,-4,3,-120
1767174380.7822382,-4,4,-118
1767174380.7922382,-1,3,-117
1767174380.8022382,0,5,-120
1767174380.8122382,2,1,-118
1767174380.8222382,4,1,-118
1767174380.8322382,2,0,-116
1767174380.8422382,0,2,-114
1767174380.8522382,0,0,-118
1767174380.8622382,-7,-2,-126
1767174380.8722382,-6,0,-133
1767174380.882238,-7,0,-132
1767174380.892238,-6,0,-122
1767174380.902238,-2,-2,-119
1767174380.912238,5,-2,-116
1767174380.922238,3,0,-116
1767174380.932238,2,0,-120
1767174380.942238,-3,4,-119
1767174380.952238,-4,1,-117
1767174380.962238,-9,-2,-120
1767174380.972238,-10,-3,-125
1767174380.982238,-7,-2,-124
1767174380.992238,-10,-1,-124
1767174381.002238,-10,-3,-125
1767174381.0122385,-9,-2,-120
1767174381.0222385,-7,-1,-124
1767174381.0322382,-5,-2,-125
1767174381.0422382,-3,-1,-125
1767174381.0522382,-3,-1,-125
1767174381.0622382,0,-1,-126
1767174381.0722382,2,-3,-123
1767174381.0822382,0,-3,-126
1767174381.0922382,0,-3,-124
1767174381.1022382,0,0,-124
1767174381.1122382,3,-1,-125
1767174381.1222382,6,-2,-130
1767174381.132238,2,-1,-135
1767174381.142238,0,0,-125
1767174381.152238,-4,0,-124
1767174381.162238,-4,0,-120
1767174381.172238,-4,0,-116
1767174381.182238,0,0,-120
1767174381.192238,-2,0,-121
1767174381.202238,-2,0,-121
1767174381.212238,-1,1,-119
1767174381.222238,2,0,-119
1767174381.232238,4,-2,-117
1767174381.242238,3,-2,-117
1767174381.252238,3,0,-118
1767174381.2622385,1,0,-115
1767174381.2722385,3,0,-122
1767174381.2822382,0,-5,-121
1767174381.2922382,1,-6,-123
1767174381.3022382,-2,-4,-128
1767174381.3122382,-5,-6,-120
1767174381.3222382,-5,0,-118
1767174381.3322382,-7,1,-128
1767174381.3422382,-7,3,-122
1767174381.3522382,-2,0,-120
1767174381.3622382,1,1,-121
1767174381.3722382,-4,1,-124
1767174381.382238,-4,7,-119
1767174381.392238,-2,5,-124
1767174381.402238,0,-1,-127
1767174381.412238,-1,0,-123
1767174381.422238,-8,3,-122
1767174381.432238,-8,1,-120
1767174381.442238,-3,0,-117
1767174381.452238,-1,3,-117
1767174381.462238,5,1,-119
1767174381.472238,7,1,-123
1767174381.482238,4,0,-120
1767174381.492238,1,-3,-120
1767174381.502238,-1,-3,-117
1767174381.5122385,4,0,-119
1767174381.5222385,6,3,-117
1767174381.5322382,5,3,-121
1767174381.5422382,5,1,-119
1767174381.5522382,0,0,-121
1767174381.5622382,-2,-2,-122
1767174381.5722382,-3,-4,-126
1767174381.5822382,-1,-7,-127
1767174381.5922382,-1,-9,-135
1767174381.6022382,0,-8,-141
1767174381.6122382,4,-8,-135
1767174381.6222382,8,-9,-136
1767174381.632238,9,-5,-133
1767174381.642238,10,-5,-129
1767174381.652238,9,-6,-128
1767174381.662238,2,-4,-128
1767174381.672238,1,-4,-130
1767174381.682238,-5,-5,-122
1767174381.692238,-6,0,-132
1767174381.702238,-3,2,-125
1767174381.712238,-5,2,-125
1767174381.722238,-5,0,-123
1767174381.732238,-12,0,-125
1767174381.742238,-9,-2,-129
1767174381.752238,-9,-1,-128
1767174381.7622385,-3,1,-126
1767174381.7722385,-3,1,-120
1767174381.7822382,-1,-5,-117
1767174381.7922382,0,-3,-125
1767174381.8022382,0,1,-123
1767174381.8122382,-2,-1,-129
1767174381.8222382,2,0,-131
1767174381.8322382,1,0,-130
1767174381.8422382,1,0,-131
1767174381.8522382,-4,0,-127
1767174381.8622382,-4,-2,-126
1767174381.8722382,2,-1,-128
1767174381.882238,8,-2,-123
1767174381.892238,6,-5,-118
1767174381.902238,6,-6,-116
1767174381.912238,5,-5,-125
1767174381.922238,2,-5,-121
1767174381.932238,3,-4,-117
1767174381.942238,4,-1,-122
1767174381.952238,2,-3,-126
1767174381.962238,1,0,-125
1767174381.972238,1,0,-115
1767174381.982238,3,1,-114
1767174381.992238,4,2,-117
1767174382.002238,0,3,-110
1767174382.0122385,-1,3,-108
1767174382.0222385,-2,5,-114
1767174382.0322382,-3,8,-121
1767174382.0422382,-5,8,-122
1767174382.0522382,0,8,-120
1767174382.0622382,-1,6,-121
1767174382.0722382,-5,3,-122
1767174382.0822382,-3,1,-127
1767174382.0922382,-1,3,-119
1767174382.1022382,-6,3,-114
1767174382.1122382,-6,0,-120
1767174382.1222382,-8,0,-124
1767174382.132238,-7,0,-125
1767174382.142238,-6,6,-124
1767174382.152238,-5,6,-127
1767174382.162238,-3,5,-128
1767174382.172238,-10,5,-124
1767174382.182238,-10,3,-124
1767174382.192238,-8,0,-122
1767174382.202238,-4,-3,-116
1767174382.212238,-3,-8,-116
1767174382.222238,-2,-4,-117
1767174382.232238,-2,1,-124
1767174382.242238,0,7,-120
1767174382.252238,-5,5,-119
1767174382.2622385,-5,4,-120
1767174382.2722385,0,3,-121
1767174382.2822382,0,0,-123
1767174382.2922382,1,-1,-125
1767174382.3022382,2,-3,-129
1767174382.3122382,3,-4,-129
1767174382.3222382,1,-2,-130
1767174382.3322382,-1,0,-130
1767174382.3422382,-2,0,-123
1767174382.3522382,-3,0,-119
1767174382.3622382,-5,-4,-116
1767174382.3722382,-1,-5,-113
1767174382.382238,-1,0,-106
1767174382.392238,1,-2,-108
1767174382.402238,2,1,-111
1767174382.412238,-3,2,-108
1767174382.422238,-3,0,-112
1767174382.432238,0,-4,-108
1767174382.442238,0,-3,-112
1767174382.452238,-4,-6,-113
1767174382.462238,-6,-5,-118
1767174382.472238,-7,-8,-123
1767174382.482238,-1,-9,-126
1767174382.492238,3,-6,-131
1767174382.502238,4,-9,-129
1767174382.5122385,3,-7,-131
1767174382.5222385,0,-9,-127
1767174382.5322382,1,-8,-120
1767174382.5422382,1,-5,-122
1767174382.5522382,-2,-2,-124
1767174382.5622382,-3,-2,-124
1767174382.5722382,-3,-1,-124
1767174382.5822382,-3,0,-125
1767174382.5922382,-7,0,-125
1767174382.6022382,-9,-3,-128
1767174382.6122382,-7,0,-127
1767174382.6222382,-10,0,-126
1767174382.632238,-9,-4,-136
1767174382.642238,-7,-8,-134
1767174382.652238,-1,-7,-137
1767174382.662238,-5,-8,-136
1767174382.672238,-8,-6,-130
1767174382.682238,-11,0,-129
1767174382.692238,-8,0,-126
1767174382.702238,-9,1,-128
1767174382.712238,-9,5,-120
1767174382.722238,-6,1,-124
1767174382.732238,-5,1,-128
1767174382.742238,-5,2,-129
1767174382.752238,-5,0,-128
1767174382.7622385,-5,0,-120
1767174382.7722385,0,3,-127
1767174382.7832382,2,1,-126
1767174382.7922382,4,-1,-121
1767174382.8022382,-2,-1,-122
1767174382.8122382,-5,0,-113
1767174382.8222382,-2,-1,-114
1767174382.833238,-1,-3,-117
1767174382.843238,-5,-6,-118
1767174382.853238,-3,-5,-124
1767174382.863238,0,-4,-125
1767174382.873238,2,0,-129
1767174382.883238,2,0,-125
1767174382.893238,4,0,-124
1767174382.903238,7,-1,-130
1767174382.913238,7,-5,-133
1767174382.923238,3,-9,-122
1767174382.9332385,4,-2,-123
1767174382.9432385,2,0,-121
1767174382.9532382,3,0,-120
1767174382.9632382,1,-1,-123
1767174382.9732382,2,1,-120
1767174382.9832382,1,4,-119
1767174382.9932382,1,5,-122
1767174383.0032382,3,2,-126
1767174383.0132382,6,2,-129
1767174383.0232382,2,-2,-127
1767174383.0332382,-1,0,-131
1767174383.054238,1,-4,-118
1767174383.063238,0,-4,-124
1767174383.073238,0,-1,-126
1767174383.083238,-1,0,-130
1767174383.093238,1,0,-130
1767174383.103238,2,2,-127
1767174383.113238,2,2,-120
1767174383.123238,4,5,-116
1767174383.133238,7,4,-118
1767174383.143238,8,1,-117
1767174383.153238,4,2,-118
1767174383.163238,6,3,-118
1767174383.173238,7,4,-120
1767174383.1832385,7,2,-121
1767174383.1932385,8,-1,-117
1767174383.2032382,8,-7,-118
1767174383.2132382,5,-5,-127
1767174383.2232382,4,-8,-133
1767174383.2332382,7,-4,-128
1767174383.2432382,6,-8,-120
1767174383.2532382,5,-11,-118
1767174383.2632382,0,-13,-113
1767174383.2732382,2,-8,-117
1767174383.2832382,4,-5,-123
1767174383.2932382,3,-1,-122
1767174383.3032382,0,1,-117
1767174383.313238,-2,-1,-114
1767174383.323238,-2,-3,-116
1767174383.333238,-7,-2,-120
1767174383.343238,-4,-3,-120
1767174383.353238,-2,-2,-120
1767174383.363238,-4,4,-123
1767174383.373238,-6,5,-127
1767174383.383238,-4,2,-127
1767174383.393238,-1,0,-118
1767174383.403238,2,0,-116
1767174383.413238,1,-2,-128
1767174383.423238,0,-1,-127
1767174383.4332385,-1,-1,-126
1767174383.4432385,1,-1,-128
1767174383.4532382,4,1,-124
1767174383.4632382,2,2,-120
1767174383.4732382,3,0,-119
1767174383.4832382,5,0,-117
1767174383.4932382,3,0,-119
1767174383.5032382,1,-2,-118
1767174383.5132382,0,0,-119
1767174383.5232382,0,-4,-116
1767174383.5332382,-1,-2,-127
1767174383.5432382,-1,-2,-128
1767174383.5532382,-4,-2,-120
1767174383.563238,-6,1,-125
1767174383.573238,-5,1,-129
1767174383.583238,-5,0,-127
1767174383.593238,-6,0,-125
1767174383.603238,-6,0,-119
1767174383.613238,-7,-3,-122
1767174383.623238,-6,-6,-121
1767174383.633238,-8,-4,-112
1767174383.643238,-11,-3,-108
1767174383.653238,-9,0,-111
1767174383.663238,-5,0,-117
1767174383.673238,0,2,-118
1767174383.6832385,-4,1,-123
1767174383.6932385,-5,-1,-118
1767174383.7032382,-7,0,-117
1767174383.7132382,-5,-1,-123
1767174383.7232382,-4,-4,-130
1767174383.7332382,-8,-7,-133
1767174383.7432382,-8,-6,-139
1767174383.7532382,-8,-4,-134
1767174383.7632382,-10,-1,-132
1767174383.7732382,-10,-5,-120
1767174383.7832382,-10,-9,-125
1767174383.7932382,-2,-7,-127
1767174383.8032382,-1,-5,-121
1767174383.813238,0,-4,-122
1767174383.823238,-4,0,-120
1767174383.833238,-4,-1,-119
1767174383.843238,-4,-1,-124
1767174383.853238,2,-4,-121
1767174383.863238,6,-4,-115
1767174383.873238,5,-4,-128
1767174383.883238,5,-2,-130
1767174383.893238,0,-1,-130
1767174383.903238,-3,-4,-128
1767174383.913238,-2,-6,-127
1767174383.923238,-3,-7,-125
1767174383.9332385,-4,-4,-126
1767174383.9432385,-2,2,-121
1767174383.9532382,0,3,-116
1767174383.9632382,1,0,-115
1767174383.9732382,-2,0,-120
1767174383.9832382,-5,-1,-124
1767174383.9932382,-6,-2,-124
1767174384.0032382,-7,3,-124
1767174384.0132382,-7,2,-124
1767174384.0232382,-9,0,-119
1767174384.0332382,-2,1,-117
1767174384.0432382,-1,0,-114
1767174384.0532382,-3,-3,-114
1767174384.063238,-3,-4,-113
1767174384.073238,-3,-4,-116
1767174384.083238,-3,-3,-107
1767174384.093238,0,-2,-111
1767174384.103238,-2,0,-124
1767174384.113238,-4,0,-123
1767174384.123238,0,-1,-114
1767174384.133238,-3,-2,-116
1767174384.143238,-2,0,-119
1767174384.153238,-2,-4,-127
1767174384.163238,-1,0,-129
1767174384.173238,-5,2,-124
1767174384.1832385,-3,1,-127
1767174384.1932385,-3,-1,-131
1767174384.2032382,-2,-3,-121
1767174384.2132382,0,-2,-121
1767174384.2232382,2,-1,-124
1767174384.2332382,2,0,-124
1767174384.2432382,2,2,-116
1767174384.2532382,0,0,-116
1767174384.2632382,1,0,-117
1767174384.2732382,1,0,-118
1767174384.2832382,1,-1,-124
1767174384.2932382,2,-2,-125
1767174384.3032382,1,-2,-127
1767174384.313238,0,-3,-126
1767174384.323238,1,1,-128
1767174384.333238,4,0,-128
1767174384.343238,-2,0,-136
1767174384.353238,1,0,-128
1767174384.363238,2,-1,-128
1767174384.373238,3,0,-128
1767174384.383238,0,-4,-124
1767174384.393238,2,-1,-123
1767174384.403238,0,0,-131
1767174384.413238,2,3,-128
1767174384.423238,0,3,-126
1767174384.4332385,-9,3,-124
1767174384.4432385,-10,0,-123
1767174384.4532382,-8,1,-123
1767174384.4632382,-10,2,-130
1767174384.4732382,-5,2,-127
1767174384.4832382,1,2,-129
1767174384.4932382,1,2,-133
1767174384.5032382,4,0,-131
1767174384.5132382,3,-6,-122
1767174384.5232382,2,-4,-120
1767174384.5332382,4,-6,-119
1767174384.5432382,4,-5,-116
1767174384.5532382,0,0,-114
1767174384.563238,0,0,-119
1767174384.573238,0,-1,-117
1767174384.583238,0,0,-118
1767174384.593238,-7,-7,-114
1767174384.603238,-2,-6,-119
1767174384.613238,0,-4,-118
1767174384.623238,-3,-3,-117
1767174384.633238,-2,-7,-115
1767174384.643238,-1,-5,-126
1767174384.653238,-4,-6,-132
1767174384.663238,-6,-5,-125
1767174384.673238,-6,-6,-130
1767174384.6832385,-5,-4,-130
1767174384.6932385,1,0,-129
1767174384.7032382,1,-1,-137
1767174384.7132382,-2,-3,-131
1767174384.7232382,0,-3,-119
1767174384.7332382,1,2,-117
1767174384.7432382,2,4,-120
1767174384.7532382,4,2,-127
1767174384.7632382,6,6,-128
1767174384.7732382,4,4,-126
1767174384.7832382,1,0,-123
1767174384.7932382,-4,0,-125
1767174384.8032382,-3,-1,-122
1767174384.813238,-6,0,-124
1767174384.823238,-4,-2,-114
1767174384.833238,-5,0,-115
1767174384.843238,-7,-3,-114
1767174384.853238,-5,-6,-118
1767174384.863238,-5,-2,-130
1767174384.873238,-5,0,-126
1767174384.883238,-3,1,-130
1767174384.893238,-1,2,-136
1767174384.903238,0,2,-134
1767174384.913238,1,2,-131
1767174384.923238,0,-3,-133
1767174384.9332385,-1,-6,-127
1767174384.9432385,0,-4,-125
1767174384.9532382,4,-6,-118
1767174384.9632382,5,-9,-114
1767174384.9732382,7,-9,-118
1767174384.9832382,8,-6,-120
1767174384.9932382,4,-3,-118
1767174385.0032382,1,-9,-115
1767174385.0132382,4,-10,-114
1767174385.0232382,4,-13,-117
1767174385.0332382,0,-9,-124
1767174385.0432382,-3,-9,-121
1767174385.0532382,-4,-9,-124
1767174385.063238,-5,-6,-128
1767174385.073238,-5,-2,-124
1767174385.083238,0,0,-127
1767174385.093238,-3,-2,-127
1767174385.103238,-1,0,-125
1767174385.113238,0,0,-123
1767174385.123238,0,1,-124
1767174385.133238,-4,0,-130
1767174385.143238,-7,0,-135
1767174385.153238,-7,2,-129
1767174385.163238,-2,2,-130
1767174385.173238,0,2,-136
1767174385.1832385,-1,0,-139
1767174385.1932385,-1,-5,-134
1767174385.2032382,-1,-7,-132
1767174385.2132382,2,-8,-125
1767174385.2232382,4,-10,-122
1767174385.2332382,4,-9,-125
1767174385.2432382,1,-6,-127
1767174385.2532382,0,-3,-122
1767174385.2632382,1,-1,-122
1767174385.2732382,0,2,-121
1767174385.2832382,3,-5,-110
1767174385.2932382,6,-7,-113
1767174385.3032382,4,-7,-119
1767174385.313238,1,-7,-120
1767174385.323238,0,-5,-118
1767174385.333238,-2,-3,-122
1767174385.343238,-2,0,-126
1767174385.353238,0,-1,-124
1767174385.363238,0,0,-126
1767174385.373238,-1,-1,-128
1767174385.383238,-4,-5,-126
1767174385.393238,-1,-3,-129
1767174385.403238,-5,-6,-130
1767174385.413238,-5,-6,-129
1767174385.423238,-5,-7,-133
1767174385.4332385,-4,-5,-135
1767174385.4432385,-9,-3,-130
1767174385.4532382,-13,0,-131
1767174385.4632382,-13,1,-125
1767174385.4742382,-5,-3,-123
1767174385.484238,1,-2,-126
1767174385.494238,-1,0,-127
1767174385.504238,0,0,-131
1767174385.514238,0,2,-128
1767174385.5232382,0,0,-125
1767174385.534238,0,-4,-118
1767174385.544238,-1,-5,-119
1767174385.554238,1,-6,-121
1767174385.564238,-3,-8,-116
1767174385.574238,-1,-4,-115
1767174385.584238,-4,-4,-119
1767174385.594238,-3,-2,-121
1767174385.6042385,0,-2,-126
1767174385.6142385,1,0,-122
1767174385.6242385,0,-1,-119
1767174385.6342382,1,-3,-114
1767174385.6442382,2,-8,-108
1767174385.6542382,-1,-10,-103
1767174385.6642382,-2,-12,-107
1767174385.6742382,-4,-10,-110
1767174385.6842382,-2,-7,-118
1767174385.6942382,-1,-5,-120
1767174385.7042382,-2,0,-118
1767174385.7142382,-6,3,-121
1767174385.7242382,-4,3,-126
1767174385.734238,-4,1,-125
1767174385.744238,-4,0,-122
1767174385.754238,-1,2,-127
1767174385.764238,-2,2,-128
1767174385.774238,2,1,-129
1767174385.784238,7,-1,-124
1767174385.794238,9,-4,-118
1767174385.804238,7,-8,-112
1767174385.814238,3,-7,-114
1767174385.824238,3,-4,-120
1767174385.834238,0,-7,-121
1767174385.844238,1,-12,-119
1767174385.8542385,1,-11,-116
1767174385.8642385,1,-6,-115
1767174385.8742385,3,-7,-114
1767174385.8842382,4,-6,-122
1767174385.8942382,2,-5,-124
1767174385.9042382,-3,-1,-127
1767174385.9142382,-5,-3,-131
1767174385.9242382,-3,-5,-127
1767174385.9342382,-1,-6,-126
1767174385.9442382,-6,-2,-133
1767174385.9542382,-2,-2,-127
1767174385.9642382,-5,1,-124
1767174385.9742382,-4,0,-120
1767174385.984238,-8,-2,-130
1767174385.994238,-8,0,-129
1767174386.004238,-6,0,-128
1767174386.014238,-6,0,-126
1767174386.024238,-3,0,-122
1767174386.034238,0,-5,-120
1767174386.044238,-2,-4,-115
1767174386.054238,1,-6,-121
1767174386.064238,0,-6,-127
1767174386.074238,0,-6,-126
1767174386.084238,0,-2,-130
1767174386.094238,1,0,-131
1767174386.1042385,1,0,-130
1767174386.1142385,1,-4,-131
1767174386.1242385,3,-2,-132
1767174386.1342382,2,1,-129
1767174386.1442382,3,0,-128
1767174386.1542382,1,0,-124
1767174386.1642382,-1,-1,-123
1767174386.1742382,0,0,-124
1767174386.1842382,0,0,-129
1767174386.1942382,0,0,-130
1767174386.2042382,3,2,-129
1767174386.2142382,5,3,-123
1767174386.2242382,5,1,-124
1767174386.234238,7,-1,-127
1767174386.244238,9,-1,-129
1767174386.254238,9,4,-124
1767174386.264238,8,3,-122
1767174386.274238,10,2,-129
1767174386.284238,9,2,-129
1767174386.294238,8,1,-137
1767174386.304238,0,-3,-139
1767174386.314238,-2,-2,-135
1767174386.324238,-3,-1,-128
1767174386.334238,-6,-2,-118
1767174386.344238,-6,-3,-116
1767174386.3542385,-3,-5,-119
1767174386.3642385,0,-6,-116
1767174386.3742385,0,-6,-117
1767174386.3842382,-1,-7,-116
1767174386.3942382,0,-5,-112
1767174386.4042382,2,-3,-114
1767174386.4142382,2,-1,-109
1767174386.4242382,0,2,-106
1767174386.4342382,1,1,-113
1767174386.4442382,5,0,-117
1767174386.4542382,4,0,-126
1767174386.4642382,4,-1,-127
1767174386.4742382,5,-2,-122
1767174386.484238,5,-2,-118
1767174386.494238,3,-7,-124
1767174386.504238,-1,-4,-131
1767174386.514238,-5,-4,-132
1767174386.524238,-3,-2,-126
1767174386.534238,-3,-1,-127
1767174386.544238,-1,0,-125
1767174386.554238,-1,6,-124
1767174386.564238,0,6,-125
1767174386.574238,-1,3,-129
1767174386.584238,-1,5,-122
1767174386.594238,2,4,-120
1767174386.6042385,0,1,-117
1767174386.6142385,1,-2,-120
1767174386.6242385,0,-1,-125
1767174386.6342382,3,0,-125
1767174386.6442382,4,1,-126
1767174386.6542382,2,7,-129
1767174386.6642382,3,7,-128
1767174386.6742382,1,3,-135
1767174386.6842382,3,1,-130
1767174386.6942382,0,1,-131
1767174386.7042382,0,0,-130
1767174386.7142382,-2,0,-125
1767174386.7242382,-5,1,-121
1767174386.734238,-6,-2,-124
1767174386.744238,-4,-5,-122
1767174386.754238,-6,-6,-120
1767174386.764238,-2,-5,-124
1767174386.774238,0,-7,-127
1767174386.784238,4,-6,-120
1767174386.794238,2,-8,-127
1767174386.804238,2,-6,-122
1767174386.814238,0,-5,-125
1767174386.824238,-1,-2,-121
1767174386.834238,1,0,-123
1767174386.844238,0,1,-122
1767174386.8542385,-5,2,-119
1767174386.8642385,0,2,-117
1767174386.8742385,0,0,-116
1767174386.8842382,0,0,-111
1767174386.8942382,2,0,-115
1767174386.9042382,4,0,-115
1767174386.9142382,6,0,-118
1767174386.9242382,2,2,-117
1767174386.9342382,5,3,-125
1767174386.9442382,7,2,-121
1767174386.9542382,6,2,-119
1767174386.9642382,8,3,-116
1767174386.9742382,5,4,-119
1767174386.984238,8,5,-121
1767174386.994238,7,1,-120
1767174387.004238,7,-1,-125
1767174387.014238,5,-1,-124
1767174387.024238,0,-1,-125
1767174387.034238,0,1,-111
1767174387.044238,-3,-2,-106
1767174387.054238,-3,-2,-112
1767174387.064238,0,0,-116
1767174387.074238,1,-1,-119
1767174387.084238,2,2,-119
1767174387.094238,1,-1,-124
1767174387.1042385,0,0,-119
1767174387.1142385,0,0,-118
1767174387.1242385,-2,-1,-113
1767174387.1342382,-1,3,-118
1767174387.1442382,-2,4,-121
1767174387.1542382,1,1,-127
1767174387.1642382,1,0,-124
1767174387.1742382,3,3,-121
1767174387.1842382,6,2,-123
1767174387.1942382,5,0,-127
1767174387.2042382,7,0,-128
1767174387.2142382,4,1,-124
1767174387.2242382,0,0,-120
1767174387.234238,0,3,-111
1767174387.244238,4,4,-117
1767174387.254238,7,5,-122
1767174387.264238,7,2,-125
1767174387.274238,0,3,-126
1767174387.284238,7,2,-128
1767174387.294238,5,-3,-129
1767174387.304238,1,-5,-126
1767174387.314238,-3,0,-131
1767174387.324238,-3,0,-132
1767174387.334238,-3,0,-132
1767174387.344238,-6,-1,-127
1767174387.3542385,-4,-4,-116
1767174387.3642385,0,-4,-124
1767174387.3742385,-1,-3,-125
1767174387.3842382,0,2,-130
1767174387.3942382,-1,2,-130
1767174387.4042382,0,1,-131
1767174387.4142382,1,0,-132
1767174387.4242382,2,-2,-127
1767174387.4342382,1,1,-129
1767174387.4442382,-1,-1,-127
1767174387.4542382,-3,-4,-133
1767174387.4642382,-4,-2,-131
1767174387.4742382,-1,-3,-130
1767174387.484238,-1,-8,-127
1767174387.494238,0,-7,-128
1767174387.504238,0,-2,-126
1767174387.514238,1,2,-131
1767174387.524238,3,1,-135
1767174387.534238,3,1,-132
1767174387.544238,1,0,-132
1767174387.554238,4,1,-126
1767174387.564238,4,2,-122
1767174387.574238,-2,5,-116
1767174387.584238,0,4,-120
1767174387.594238,1,-3,-122
1767174387.6042385,-1,0,-122
1767174387.6142385,1,1,-123
1767174387.6242385,-2,0,-122
1767174387.6342382,-3,-2,-122
1767174387.6442382,-4,-2,-125
1767174387.6542382,-2,-3,-130
1767174387.6642382,-7,-4,-127
1767174387.6742382,-2,-5,-134
1767174387.6842382,-3,3,-135
1767174387.6942382,-1,-1,-132
1767174387.7042382,-1,-5,-127
1767174387.7142382,3,-7,-122
1767174387.7242382,3,-6,-125
1767174387.734238,0,-5,-124
1767174387.744238,-2,-3,-123
1767174387.754238,-4,-3,-116
1767174387.764238,-3,-4,-119
1767174387.774238,0,-6,-124
1767174387.784238,0,-6,-128
1767174387.794238,1,-9,-127
1767174387.804238,1,-6,-118
1767174387.814238,5,-9,-120
1767174387.824238,2,-4,-118
1767174387.834238,0,-4,-113
1767174387.844238,3,-8,-113
1767174387.8542385,3,-7,-119
1767174387.8642385,4,-6,-123
1767174387.8742385,1,-5,-128
1767174387.8842382,-2,-7,-121
1767174387.8942382,-1,-2,-117
1767174387.9042382,-1,-1,-116
1767174387.9142382,-4,-2,-122
1767174387.9242382,0,0,-126
1767174387.9342382,-2,2,-122
1767174387.945238,-2,0,-121
1767174387.9542382,-1,0,-126
1767174387.9642382,0,-3,-125
1767174387.9742382,0,-6,-122
1767174387.984238,-1,-5,-119
1767174387.994238,0,-2,-120
1767174388.004238,2,0,-120
1767174388.014238,2,1,-120
1767174388.024238,-1,0,-116
1767174388.034238,0,0,-118
1767174388.044238,-2,0,-110
1767174388.0662382,0,1,-105
1767174388.074238,0,1,-106
1767174388.084238,5,0,-109
1767174388.094238,5,-3,-116
1767174388.1042385,3,-9,-119
1767174388.1142385,0,-8,-118
1767174388.1242385,-4,-7,-121
1767174388.1352382,-3,-5,-125
1767174388.1452382,0,-5,-132
1767174388.1552382,0,-3,-138
1767174388.165238,-1,-3,-133
1767174388.175238,0,-1,-136
1767174388.185238,-3,0,-131
1767174388.195238,-5,-4,-128
1767174388.205238,-5,-6,-130
1767174388.215238,0,-7,-119
1767174388.225238,0,-6,-118
1767174388.235238,3,0,-121
1767174388.245238,5,0,-117
1767174388.255238,7,0,-119
1767174388.265238,2,-1,-120
1767174388.275238,2,-2,-119
1767174388.2852385,4,0,-122
1767174388.2952385,1,1,-116
1767174388.3052382,3,-2,-107
1767174388.3152382,2,-4,-106
1767174388.3252382,-4,-3,-108
1767174388.3352382,-4,-4,-114
1767174388.3452382,-1,-1,-115
1767174388.3552382,-1,-1,-118
1767174388.3652382,2,0,-119
1767174388.3752382,-1,-2,-122
1767174388.3852382,0,-2,-118
1767174388.3952382,0,-4,-114
1767174388.4052382,-1,-6,-117
1767174388.415238,-3,-4,-125
1767174388.425238,-2,-3,-126
1767174388.435238,-4,0,-127
1767174388.445238,-2,4,-124
1767174388.455238,-3,2,-115
1767174388.465238,0,4,-115
1767174388.475238,0,0,-120
1767174388.485238,2,2,-115
1767174388.495238,1,3,-115
1767174388.505238,5,3,-120
1767174388.515238,2,3,-123
1767174388.525238,2,0,-125
1767174388.5352385,0,0,-121
1767174388.5452385,2,2,-130
1767174388.5552382,2,0,-128
1767174388.5652382,3,1,-122
1767174388.5752382,0,0,-117
1767174388.5852382,0,0,-113
1767174388.5952382,-2,-2,-119
1767174388.6052382,-2,-2,-119
1767174388.6152382,-5,-1,-120
1767174388.6252382,-5,-4,-118
1767174388.6352382,-5,0,-117
1767174388.6452382,-3,0,-118
1767174388.6552382,0,-4,-124
1767174388.665238,3,-4,-119
1767174388.675238,2,-3,-123
1767174388.685238,-1,-5,-127
1767174388.695238,-1,-8,-123
1767174388.705238,0,-4,-121
1767174388.715238,0,-5,-121
1767174388.725238,0,0,-121
1767174388.735238,-5,0,-120
1767174388.745238,-5,1,-114
1767174388.755238,0,0,-117
1767174388.765238,4,2,-116
1767174388.775238,1,3,-120
1767174388.7852385,2,3,-123
1767174388.7952385,3,2,-124
1767174388.8052382,4,1,-122
1767174388.8152382,5,-2,-123
1767174388.8252382,5,-3,-127
1767174388.8352382,2,-4,-121
1767174388.8452382,4,-7,-127
1767174388.8552382,2,-5,-128
1767174388.8652382,4,-8,-121
1767174388.8752382,3,-6,-124
1767174388.8852382,0,-6,-133
1767174388.8952382,-2,-5,-137
1767174388.9052382,-1,-8,-134
1767174388.915238,-1,-7,-133
1767174388.925238,-2,-10,-130
1767174388.935238,-3,-7,-124
1767174388.945238,0,-4,-123
1767174388.955238,0,-7,-115
1767174388.965238,4,-8,-117
1767174388.975238,4,-10,-118
1767174388.985238,4,-8,-123
1767174388.995238,0,-10,-120
1767174389.005238,-2,-6,-117
1767174389.015238,0,-4,-112
1767174389.025238,-1,-2,-113
1767174389.0352385,-1,-2,-118
1767174389.0452385,1,-2,-116
1767174389.0552382,5,-2,-111
1767174389.0652382,1,0,-113
1767174389.0752382,1,0,-113
1767174389.0852382,6,0,-114
1767174389.0952382,5,0,-117
1767174389.1052382,3,-1,-118
1767174389.1152382,4,0,-119
1767174389.1252382,0,-3,-123
1767174389.1352382,5,1,-120
1767174389.1452382,2,3,-122
1767174389.1552382,-3,5,-121
1767174389.165238,-5,6,-119
1767174389.175238,-5,4,-119
1767174389.185238,-6,0,-121
1767174389.195238,-1,-3,-124
1767174389.205238,0,-1,-125
1767174389.215238,-1,-4,-118
1767174389.225238,-3,-3,-116
1767174389.235238,-2,0,-114
1767174389.245238,-2,2,-117
1767174389.255238,-2,0,-121
1767174389.265238,-4,1,-121
1767174389.275238,-4,0,-128
1767174389.2852385,-2,-2,-125
1767174389.2952385,-1,-1,-118
1767174389.3052382,-1,-2,-120
1767174389.3152382,-1,-1,-121
1767174389.3252382,2,-4,-122
1767174389.3352382,3,-5,-122
1767174389.3452382,1,-6,-127
1767174389.3552382,5,-6,-127
1767174389.3652382,4,-4,-129
1767174389.3752382,6,-1,-128
1767174389.3852382,3,-6,-122
1767174389.3952382,-1,-6,-118
1767174389.4052382,0,-5,-120
1767174389.415238,5,-2,-121
1767174389.425238,3,0,-127
1767174389.435238,3,0,-125
1767174389.445238,0,-2,-120
1767174389.455238,0,0,-121
1767174389.465238,0,1,-122
1767174389.475238,5,-1,-115
1767174389.485238,4,-6,-118
1767174389.495238,1,-10,-121
1767174389.505238,4,-7,-120
1767174389.515238,1,-4,-128
1767174389.525238,2,-6,-130
1767174389.5352385,3,-8,-127
1767174389.5452385,-3,-8,-127
1767174389.5552382,0,-8,-121
1767174389.5652382,4,-6,-119
1767174389.5752382,3,-3,-118
1767174389.5852382,5,0,-121
1767174389.5952382,3,-1,-121
1767174389.6052382,4,-4,-126
1767174389.6152382,0,-3,-127
1767174389.6252382,0,-2,-128
1767174389.6352382,2,-3,-129
1767174389.6452382,6,-3,-124
1767174389.6552382,0,-4,-119
1767174389.665238,6,-5,-123
1767174389.675238,6,-8,-125
1767174389.685238,3,-10,-126
1767174389.695238,5,-9,-128
1767174389.705238,8,-7,-123
1767174389.715238,7,-3,-125
1767174389.725238,5,-1,-125
1767174389.735238,2,0,-124
1767174389.745238,-2,2,-127
1767174389.755238,-3,3,-124
1767174389.765238,-2,0,-127
1767174389.775238,-1,0,-127
1767174389.7852385,-1,-1,-126
1767174389.7952385,-4,0,-119
1767174389.8052382,-4,-5,-117
1767174389.8152382,-6,-5,-116
1767174389.8252382,-5,-3,-120
1767174389.8352382,-4,-2,-120
1767174389.8452382,-1,0,-126
1767174389.8552382,-5,0,-127
1767174389.8652382,-2,-3,-125
1767174389.8752382,-3,-7,-118
1767174389.8852382,-4,-1,-120
1767174389.8952382,-3,1,-121
1767174389.9052382,-4,0,-123
1767174389.915238,0,0,-124
1767174389.925238,-3,0,-127
1767174389.935238,-5,0,-123
1767174389.945238,-6,-3,-126
1767174389.955238,-1,-3,-119
1767174389.965238,0,0,-127
1767174389.975238,-1,-2,-128
1767174389.985238,0,-1,-124
1767174389.995238,-3,-1,-127
1767174390.005238,0,0,-134
1767174390.015238,-3,1,-133
1767174390.025238,-2,-1,-130
1767174390.0352385,-1,1,-128
1767174390.0452385,-1,-2,-129
1767174390.0552382,2,-5,-126
1767174390.0652382,2,-2,-124
1767174390.0752382,2,-3,-124
1767174390.0852382,5,-6,-121
1767174390.0952382,2,-5,-117
1767174390.1052382,1,-4,-118
1767174390.1152382,4,-5,-127
1767174390.1252382,3,-5,-127
1767174390.1352382,2,-2,-129
1767174390.1452382,2,-3,-128
1767174390.1552382,8,-6,-132
1767174390.165238,7,-6,-133
1767174390.175238,8,-1,-131
1767174390.185238,10,-1,-130
1767174390.195238,9,0,-132
1767174390.205238,10,0,-125
1767174390.215238,4,-4,-125
1767174390.225238,2,-7,-126
1767174390.235238,3,-3,-128
1767174390.245238,3,0,-125
1767174390.255238,2,1,-121
1767174390.265238,-1,0,-112
1767174390.275238,-1,2,-113
1767174390.2852385,-4,1,-109
1767174390.2952385,-2,0,-112
1767174390.3052382,-1,0,-108
1767174390.3152382,0,3,-108
1767174390.3252382,7,2,-112
1767174390.3352382,3,0,-112
1767174390.3452382,0,-2,-112
1767174390.3552382,-1,-2,-115
1767174390.3652382,1,-3,-119
1767174390.3752382,2,0,-114
1767174390.3852382,4,0,-114
1767174390.3952382,3,0,-121
1767174390.4052382,1,3,-128
1767174390.415238,0,2,-121
1767174390.425238,-5,5,-116
1767174390.435238,-3,3,-125
1767174390.445238,0,-1,-127
1767174390.455238,1,-1,-122
1767174390.465238,1,0,-121
1767174390.475238,0,-4,-120
1767174390.485238,0,-3,-121
1767174390.495238,-2,-5,-125
1767174390.505238,1,-2,-126
1767174390.515238,3,-2,-119
1767174390.525238,5,0,-120
1767174390.5352385,3,-1,-122
1767174390.5452385,4,1,-121
1767174390.5552382,4,2,-122
1767174390.5652382,1,0,-127
1767174390.5752382,-2,3,-128
1767174390.5852382,-3,2,-128
1767174390.5952382,-3,4,-121
1767174390.6052382,-3,4,-116
1767174390.6152382,-1,4,-114
1767174390.6252382,0,4,-119
1767174390.6352382,4,6,-120
1767174390.6452382,-2,7,-125
1767174390.6552382,-4,4,-121
1767174390.665238,-11,1,-119
1767174390.675238,-10,0,-115
1767174390.685238,-11,0,-119
1767174390.695238,-9,4,-118
1767174390.705238,-4,3,-123
1767174390.715238,0,1,-124
1767174390.725238,-1,6,-121
1767174390.735238,0,4,-119
1767174390.745238,0,1,-125
1767174390.755238,0,-1,-127
1767174390.765238,1,0,-130
1767174390.775238,3,0,-123
1767174390.7862382,5,2,-119
1767174390.7962382,5,3,-119
1767174390.8062382,3,-2,-124
1767174390.8162382,2,-2,-127
1767174390.8262382,0,-3,-127
1767174390.836238,-3,-1,-128
1767174390.846238,-1,-2,-131
1767174390.856238,0,0,-131
1767174390.866238,-5,1,-131
1767174390.876238,-2,-1,-127
1767174390.886238,2,0,-128
1767174390.896238,1,4,-125
1767174390.906238,0,5,-125
1767174390.916238,0,3,-119
1767174390.926238,-3,2,-117
1767174390.936238,-5,1,-123
1767174390.946238,-1,-2,-121
1767174390.9562385,-4,-5,-118
1767174390.9662385,-1,-3,-120
1767174390.9762385,-2,0,-126
1767174390.9862382,-3,1,-127
1767174390.9962382,-3,3,-127
1767174391.0062382,-3,1,-119
1767174391.0162382,-5,0,-120
1767174391.0262382,-4,2,-124
1767174391.0362382,0,0,-121
1767174391.0462382,3,0,-120
1767174391.0562382,3,-1,-120
1767174391.0662382,4,-2,-120
1767174391.0762382,1,0,-126
1767174391.086238,4,1,-121
1767174391.096238,7,5,-118
1767174391.106238,1,3,-121
1767174391.116238,0,8,-118
1767174391.126238,0,9,-115
1767174391.136238,4,3,-125
1767174391.146238,5,1,-125
1767174391.156238,6,0,-124
1767174391.166238,6,1,-123
1767174391.176238,5,2,-124
1767174391.186238,6,7,-125
1767174391.196238,5,5,-122
1767174391.2062385,2,8,-122
1767174391.2162385,2,7,-124
1767174391.2262385,0,5,-125
1767174391.2362382,-3,4,-131
1767174391.2462382,-4,4,-134
1767174391.2562382,-5,3,-133
1767174391.2662382,-3,0,-133
1767174391.2762382,-4,1,-125
1767174391.2862382,-2,0,-120
1767174391.2962382,-2,-5,-115
1767174391.3062382,-2,-2,-125
1767174391.3162382,0,0,-128
1767174391.3262382,1,4,-131
1767174391.336238,2,0,-137
1767174391.346238,-4,-5,-142
1767174391.356238,-5,-2,-139
1767174391.366238,-6,-1,-136
1767174391.376238,-5,-6,-130
1767174391.386238,-2,-4,-124
1767174391.396238,0,-2,-125
1767174391.406238,1,-3,-129
1767174391.416238,0,-1,-126
1767174391.426238,4,0,-121
1767174391.436238,7,1,-120
1767174391.446238,5,1,-117
1767174391.4562385,4,0,-117
1767174391.4662385,1,2,-117
1767174391.4762385,2,0,-121
1767174391.4862382,0,0,-128
1767174391.4962382,1,-2,-129
1767174391.5062382,1,0,-130
1767174391.5162382,1,0,-132
1767174391.5262382,-3,2,-121
1767174391.5362382,-7,0,-128
1767174391.5462382,-6,3,-129
1767174391.5562382,-9,2,-132
1767174391.5662382,-10,3,-132
1767174391.5762382,-12,0,-135
1767174391.586238,-4,-4,-132
1767174391.596238,-5,-3,-132
1767174391.606238,-2,-7,-130
1767174391.616238,-6,-3,-132
1767174391.626238,-5,-2,-128
1767174391.636238,0,-3,-132
1767174391.646238,-2,-3,-130
1767174391.656238,-2,-2,-130
1767174391.666238,-5,0,-125
1767174391.676238,-4,-3,-120
1767174391.686238,-2,-4,-118
1767174391.696238,-2,-5,-124
1767174391.7062385,-5,0,-125
1767174391.7162385,-7,0,-126
1767174391.7262385,-7,0,-123
1767174391.7362382,-7,-2,-122
1767174391.7462382,-8,-6,-124
1767174391.7562382,-9,-9,-120
1767174391.7662382,-9,-9,-119
1767174391.7762382,-12,-8,-114
1767174391.7862382,-8,-9,-119
1767174391.7962382,-5,-6,-114
1767174391.8062382,-5,-6,-115
1767174391.8162382,-1,-5,-118
1767174391.8262382,-1,-5,-126
1767174391.836238,1,-4,-134
1767174391.846238,1,-8,-130
1767174391.856238,1,-5,-131
1767174391.866238,1,-2,-126
1767174391.876238,4,-6,-122
1767174391.886238,2,-2,-122
1767174391.896238,0,0,-122
1767174391.906238,0,-2,-121
1767174391.916238,2,-5,-129
1767174391.926238,3,-3,-126
1767174391.936238,5,-3,-127
1767174391.946238,3,-4,-127
1767174391.9562385,2,-3,-125
1767174391.9662385,1,-3,-128
1767174391.9762385,1,-4,-129
1767174391.9862382,4,-1,-127
1767174391.9962382,6,0,-128
1767174392.0062382,2,0,-120
1767174392.0162382,0,-3,-113
1767174392.0262382,-1,-1,-120
1767174392.0362382,-3,6,-120
1767174392.0462382,0,3,-119
1767174392.0562382,-1,4,-118
1767174392.0662382,0,4,-125
1767174392.0762382,3,2,-131
1767174392.086238,-1,2,-129
1767174392.096238,-2,1,-132
1767174392.106238,0,0,-137
1767174392.116238,3,0,-137
1767174392.126238,1,3,-125
1767174392.136238,2,2,-121
1767174392.146238,1,3,-122
1767174392.156238,-3,1,-122
1767174392.166238,0,2,-126
1767174392.176238,2,2,-130
1767174392.186238,1,5,-127
1767174392.196238,1,3,-127
1767174392.2062385,0,6,-121
1767174392.2162385,1,1,-123
1767174392.2262385,1,-1,-122
1767174392.2362382,1,0,-121
1767174392.2462382,2,-3,-116
1767174392.2562382,5,-6,-119
1767174392.2662382,7,-8,-116
1767174392.2762382,4,-10,-116
1767174392.2862382,9,-8,-120
1767174392.2962382,10,-5,-122
1767174392.3062382,5,-5,-115
1767174392.3162382,2,-3,-112
1767174392.3262382,3,0,-122
1767174392.336238,1,5,-120
1767174392.346238,0,1,-122
1767174392.356238,0,-1,-117
1767174392.366238,-1,-3,-118
1767174392.376238,-2,-3,-121
1767174392.386238,1,-5,-120
1767174392.396238,1,-4,-120
1767174392.406238,-2,-6,-120
1767174392.416238,-4,-6,-120
1767174392.426238,-7,-2,-124
1767174392.436238,-10,0,-122
1767174392.446238,-8,2,-128
1767174392.4562385,-9,-1,-127
1767174392.4662385,-7,-1,-125
1767174392.4762385,-4,-1,-122
1767174392.4862382,-4,-2,-124
1767174392.4962382,0,0,-122
1767174392.5062382,1,0,-121
1767174392.5162382,4,0,-126
1767174392.5262382,0,0,-130
1767174392.5362382,-2,-1,-124
1767174392.5462382,-5,2,-120
1767174392.5562382,-1,0,-122
1767174392.5662382,-3,0,-124
1767174392.5762382,-4,1,-126
1767174392.586238,-6,2,-132
1767174392.596238,-5,3,-130
1767174392.606238,-9,3,-129
1767174392.616238,-7,0,-127
1767174392.626238,-4,0,-121
1767174392.636238,1,-2,-121
1767174392.646238,1,-2,-116
1767174392.656238,-3,0,-121
1767174392.666238,-3,1,-120
1767174392.676238,-5,0,-117
1767174392.686238,-8,-2,-122
1767174392.696238,-4,-4,-117
1767174392.7062385,-4,-5,-115
1767174392.7162385,-6,-2,-119
1767174392.7262385,-5,-2,-117
1767174392.7362382,-5,-4,-123
1767174392.7462382,0,-5,-121
1767174392.7562382,-1,-2,-117
1767174392.7662382,0,-2,-120
1767174392.7762382,-1,-2,-123
1767174392.7862382,-1,0,-130
1767174392.7962382,1,0,-137
1767174392.8062382,2,0,-139
1767174392.8162382,1,0,-134
1767174392.8262382,1,-3,-132
1767174392.836238,6,-1,-128
1767174392.846238,0,-1,-132
1767174392.856238,-5,0,-137
1767174392.866238,-1,0,-127
1767174392.876238,1,0,-123
1767174392.886238,-1,-1,-122
1767174392.896238,2,0,-125
1767174392.906238,0,0,-124
1767174392.916238,-2,-2,-123
1767174392.926238,-2,-1,-125
1767174392.936238,-2,-2,-122
1767174392.946238,-3,-2,-125
1767174392.9562385,2,-1,-118
1767174392.9662385,1,2,-115
1767174392.9762385,1,3,-111
1767174392.9862382,6,4,-111
1767174392.9962382,11,6,-116
1767174393.0062382,8,6,-119
1767174393.0162382,3,5,-115
1767174393.0262382,1,4,-104
1767174393.0362382,0,5,-104
1767174393.0462382,3,7,-102
1767174393.0562382,7,6,-106
1767174393.077238,2,6,-112
1767174393.086238,0,7,-113
1767174393.096238,3,4,-114
1767174393.106238,4,6,-114
1767174393.116238,4,5,-110
1767174393.126238,0,5,-115
1767174393.136238,-2,4,-115
1767174393.146238,-2,1,-124
1767174393.156238,-3,0,-128
1767174393.166238,0,2,-133
1767174393.176238,0,5,-132
1767174393.186238,-2,5,-131
1767174393.196238,-4,2,-134
1767174393.2062385,-1,2,-137
1767174393.2162385,2,1,-139
1767174393.2262385,1,-3,-137
1767174393.2362382,5,-2,-139
1767174393.2462382,6,0,-132
1767174393.2562382,5,-1,-130
1767174393.2662382,3,0,-130
1767174393.2762382,3,-1,-123
1767174393.2862382,1,-1,-126
1767174393.2962382,0,-4,-124
1767174393.3062382,-2,-3,-127
1767174393.3162382,-2,0,-126
1767174393.3262382,-2,-3,-127
1767174393.336238,0,-2,-130
1767174393.346238,4,1,-132
1767174393.356238,3,1,-133
1767174393.366238,1,0,-129
1767174393.377238,-2,0,-120
1767174393.386238,-3,0,-125
1767174393.396238,-7,-2,-127
1767174393.406238,-1,0,-137
1767174393.4172382,0,0,-134
1767174393.4272382,4,-2,-126
1767174393.436238,6,-6,-131
1767174393.4472382,6,-9,-126
1767174393.4572382,6,-7,-119
1767174393.4672382,5,-5,-115
1767174393.4772382,2,-3,-112
1767174393.4872382,2,-6,-118
1767174393.4972382,1,-4,-118
1767174393.507238,3,-5,-118
1767174393.517238,4,-4,-121
1767174393.527238,1,-3,-124
1767174393.537238,-3,-2,-121
1767174393.547238,0,-3,-126
1767174393.557238,4,-3,-125
1767174393.567238,4,-8,-132
1767174393.577238,3,-9,-125
1767174393.587238,1,-8,-126
1767174393.597238,0,-4,-127
1767174393.607238,4,-5,-132
1767174393.617238,3,-3,-138
1767174393.627238,2,-1,-126
1767174393.6372385,2,-1,-125
1767174393.6472385,3,-1,-125
1767174393.6572382,6,0,-124
1767174393.6672382,0,0,-124
1767174393.6772382,1,0,-125
1767174393.6872382,1,2,-125
1767174393.6972382,5,2,-127
1767174393.7072382,5,2,-122
1767174393.7172382,6,3,-120
1767174393.7272382,2,3,-118
1767174393.7372382,0,5,-119
1767174393.7472382,5,4,-120
1767174393.757238,8,1,-113
1767174393.767238,7,1,-115
1767174393.777238,5,-1,-115
1767174393.787238,11,-3,-120
1767174393.797238,9,-4,-116
1767174393.807238,7,-6,-119
1767174393.817238,7,-4,-113
1767174393.827238,0,-2,-121
1767174393.837238,0,-1,-125
1767174393.847238,0,0,-125
1767174393.857238,0,1,-130
1767174393.867238,-4,1,-125
1767174393.877238,-3,3,-126
1767174393.8872385,-2,-1,-122
1767174393.8972385,2,-2,-126
1767174393.9072382,0,-1,-127
1767174393.9172382,-2,0,-132
1767174393.9272382,0,0,-126
1767174393.9372382,-1,-1,-125
1767174393.9472382,1,-5,-121
1767174393.9572382,0,-3,-117
1767174393.9672382,-1,0,-122
1767174393.9772382,-3,1,-121
1767174393.9872382,-3,0,-119
1767174393.9972382,-5,3,-122
1767174394.007238,-6,2,-124
1767174394.017238,-6,2,-127
1767174394.027238,-1,0,-127
1767174394.037238,1,0,-124
1767174394.047238,3,-5,-119
1767174394.057238,3,-4,-118
1767174394.067238,5,-3,-114
1767174394.077238,10,0,-115
1767174394.087238,7,2,-115
1767174394.097238,7,3,-114
1767174394.107238,5,5,-118
1767174394.117238,1,4,-114
1767174394.127238,-3,2,-118
1767174394.1372385,-1,7,-122
1767174394.1472385,3,6,-128
1767174394.1572382,1,3,-132
1767174394.1672382,4,0,-129
1767174394.1772382,4,1,-127
1767174394.1872382,3,0,-125
1767174394.1972382,4,-2,-131
1767174394.2072382,8,2,-128
1767174394.2172382,2,5,-123
1767174394.2272382,2,3,-121
1767174394.2372382,1,0,-123
1767174394.2472382,3,0,-120
1767174394.257238,10,0,-121
1767174394.267238,9,5,-123
1767174394.277238,6,8,-124
1767174394.287238,4,3,-121
1767174394.297238,2,-1,-127
1767174394.307238,4,0,-131
1767174394.317238,3,-3,-129
1767174394.327238,2,-3,-117
1767174394.337238,2,-2,-117
1767174394.347238,4,-1,-126
1767174394.357238,7,2,-126
1767174394.367238,7,-2,-123
1767174394.377238,3,-2,-119
1767174394.3872385,0,0,-120
1767174394.3972385,-4,2,-118
1767174394.4072382,-2,2,-121
1767174394.4172382,3,0,-116
1767174394.4272382,3,-1,-114
1767174394.4372382,0,-1,-112
1767174394.4472382,2,-4,-119
1767174394.4572382,4,2,-129
1767174394.4672382,5,3,-130
1767174394.4772382,4,5,-133
1767174394.4872382,3,4,-131
1767174394.4972382,5,4,-130
1767174394.507238,7,4,-125
1767174394.517238,3,0,-129
1767174394.527238,5,-1,-127
1767174394.537238,6,0,-124
1767174394.547238,3,-4,-121
1767174394.557238,2,-4,-120
1767174394.567238,0,-7,-118
1767174394.577238,-1,-6,-115
1767174394.587238,-1,-6,-119
1767174394.597238,0,-2,-122
1767174394.607238,1,0,-118
1767174394.617238,2,-1,-114
1767174394.627238,1,-2,-117
1767174394.6372385,-2,-1,-113
1767174394.6472385,-2,-5,-117
1767174394.6572382,-7,-4,-118
1767174394.6672382,-4,-4,-113
1767174394.6772382,-2,-4,-112
1767174394.6872382,1,-4,-109
1767174394.6972382,2,-4,-113
1767174394.7072382,4,-2,-113
1767174394.7172382,6,-2,-110
1767174394.7272382,8,-2,-113
1767174394.7372382,8,-2,-115
1767174394.7472382,6,-2,-116
1767174394.757238,0,-2,-115
1767174394.767238,0,0,-119
1767174394.777238,-3,-2,-121
1767174394.787238,-2,0,-127
1767174394.797238,1,0,-135
1767174394.807238,4,-1,-136
1767174394.817238,-1,-4,-133
1767174394.827238,1,-1,-130
1767174394.837238,4,-1,-128
1767174394.847238,3,0,-124
1767174394.857238,0,5,-125
1767174394.867238,0,5,-125
1767174394.877238,0,7,-127
1767174394.8872385,1,6,-128
1767174394.8972385,4,5,-120
1767174394.9072382,3,4,-116
1767174394.9172382,2,-2,-113
1767174394.9272382,4,-3,-117
1767174394.9372382,6,-3,-122
1767174394.9472382,3,-1,-117
1767174394.9572382,3,2,-112
1767174394.9672382,5,5,-113
1767174394.9772382,7,7,-118
1767174394.9872382,2,6,-126
1767174394.9972382,2,7,-125
1767174395.007238,-2,8,-129
1767174395.017238,-3,5,-123
1767174395.027238,-1,3,-119
1767174395.037238,-1,-1,-123
1767174395.047238,0,-2,-128
1767174395.057238,1,-6,-127
1767174395.067238,5,-5,-134
1767174395.077238,4,-5,-134
1767174395.087238,1,-4,-126
1767174395.097238,1,-1,-119
1767174395.107238,3,-2,-121
1767174395.117238,5,0,-124
1767174395.127238,7,0,-122
1767174395.1372385,7,-3,-124
1767174395.1472385,3,-10,-128
1767174395.1572382,2,-7,-128
1767174395.1672382,0,-3,-125
1767174395.1772382,-1,-6,-124
1767174395.1872382,-1,-6,-121
1767174395.1972382,-1,-5,-122
1767174395.2072382,0,-4,-123
1767174395.2172382,0,-3,-125
1767174395.2272382,0,-4,-125
1767174395.2372382,3,-5,-119
1767174395.2472382,5,-4,-119
1767174395.257238,3,-4,-124
1767174395.267238,3,0,-128
1767174395.277238,1,3,-130
1767174395.287238,-1,2,-133
1767174395.297238,0,2,-129
1767174395.307238,0,-1,-122
1767174395.317238,-2,-1,-118
1767174395.327238,-1,1,-123
1767174395.337238,-1,0,-122
1767174395.347238,-2,-4,-121
1767174395.357238,-3,0,-124
1767174395.367238,0,1,-126
1767174395.377238,0,3,-128
1767174395.3872385,0,5,-130
1767174395.3972385,5,6,-133
1767174395.4072382,4,3,-126
1767174395.4172382,1,2,-125
1767174395.4272382,0,1,-122
1767174395.4372382,-1,0,-126
1767174395.4472382,-4,0,-124
1767174395.4572382,-6,-1,-123
1767174395.4672382,-4,0,-123
1767174395.4772382,2,0,-125
1767174395.4872382,3,0,-129
1767174395.4972382,7,2,-133
1767174395.507238,7,2,-128
1767174395.517238,2,1,-135
1767174395.527238,0,3,-131
1767174395.537238,1,3,-128
1767174395.547238,2,3,-121
1767174395.557238,-4,-1,-122
1767174395.567238,-8,-4,-120
1767174395.577238,-11,-4,-119
1767174395.587238,-8,-1,-121
1767174395.597238,-9,1,-120
1767174395.607238,-9,0,-121
1767174395.617238,-7,1,-117
1767174395.627238,-12,1,-114
1767174395.6372385,-8,0,-115
1767174395.6472385,-5,0,-117
1767174395.6572382,-3,0,-111
1767174395.6672382,-6,1,-106
1767174395.6772382,-8,1,-112
1767174395.6872382,-2,3,-114
1767174395.6972382,-1,0,-121
1767174395.7072382,-3,-2,-127
1767174395.7172382,1,0,-127
1767174395.7272382,-1,-1,-127
1767174395.7372382,-5,3,-120
1767174395.7472382,2,4,-114
1767174395.757238,5,6,-112
1767174395.767238,1,5,-118
1767174395.777238,1,6,-114
1767174395.787238,3,4,-118
1767174395.797238,3,2,-117
1767174395.807238,0,0,-123
1767174395.817238,1,-1,-116
1767174395.827238,1,-3,-109
1767174395.837238,0,-3,-108
1767174395.847238,-2,-5,-119
1767174395.857238,-5,-4,-123
1767174395.867238,-1,-2,-120
1767174395.877238,-4,-4,-119
1767174395.8872385,-5,-7,-119
1767174395.8972385,-5,-11,-125
1767174395.9072382,-1,-12,-122
1767174395.9172382,-1,-7,-123
1767174395.9272382,0,-1,-123
1767174395.9372382,1,-1,-126
1767174395.9472382,-2,-3,-123
1767174395.9572382,-3,0,-127
1767174395.9672382,-5,0,-122
1767174395.9772382,-5,4,-124
1767174395.9872382,-5,4,-131
1767174395.9972382,-7,0,-129
1767174396.007238,-5,-1,-121
1767174396.017238,-4,-1,-126
1767174396.027238,0,-5,-118
1767174396.037238,-1,-5,-118
1767174396.048238,-2,-5,-115
1767174396.057238,-3,0,-112
1767174396.067238,0,0,-113
1767174396.077238,2,-1,-113
1767174396.0882382,6,1,-116
1767174396.097238,5,0,-118
1767174396.1082382,6,0,-117
1767174396.1182382,1,-2,-121
1767174396.1282382,1,-2,-123
1767174396.1382382,3,0,-128
1767174396.1482382,1,0,-126
1767174396.1582382,0,0,-130
1767174396.1682382,2,2,-125
1767174396.1782382,2,-1,-122
1767174396.188238,-3,0,-124
1767174396.198238,-3,2,-120
1767174396.208238,-5,5,-122
1767174396.218238,-7,1,-121
1767174396.228238,-7,2,-120
1767174396.238238,-6,-2,-121
1767174396.248238,-6,-2,-120
1767174396.258238,-5,1,-120
1767174396.268238,-4,5,-120
1767174396.278238,0,5,-121
1767174396.288238,2,1,-123
1767174396.298238,1,0,-127
1767174396.3082385,1,0,-127
1767174396.3182385,2,1,-131
1767174396.3282382,6,1,-135
1767174396.3382382,6,3,-126
1767174396.3482382,3,0,-124
1767174396.3582382,5,-2,-126
1767174396.3682382,5,-1,-130
1767174396.3782382,5,-1,-131
1767174396.3882382,0,-2,-128
1767174396.3982382,0,0,-131
1767174396.4082382,5,-2,-131
1767174396.4182382,6,-4,-132
1767174396.4282382,6,0,-128
1767174396.438238,6,2,-134
1767174396.448238,6,0,-135
1767174396.458238,6,-3,-133
1767174396.468238,5,-6,-131
1767174396.478238,4,-2,-124
1767174396.488238,3,-1,-123
1767174396.498238,7,-3,-122
1767174396.508238,6,-3,-120
1767174396.518238,3,-2,-123
1767174396.528238,-2,0,-125
1767174396.538238,-3,2,-129
1767174396.548238,-4,1,-125
1767174396.5582385,-6,0,-125
1767174396.5682385,-6,0,-125
1767174396.5782382,-5,1,-120
1767174396.5882382,-4,5,-118
1767174396.5982382,-8,2,-122
1767174396.6082382,-5,0,-121
1767174396.6182382,-4,1,-122
1767174396.6282382,-5,0,-115
1767174396.6382382,-7,-1,-119
1767174396.6482382,-6,0,-119
1767174396.6582382,-1,2,-116
1767174396.6682382,0,0,-117
1767174396.6782382,0,1,-116
1767174396.688238,-3,3,-120
1767174396.698238,-1,3,-127
1767174396.708238,1,2,-131
1767174396.718238,7,5,-136
1767174396.728238,7,2,-134
1767174396.738238,3,0,-125
1767174396.748238,1,0,-130
1767174396.758238,2,-1,-133
1767174396.768238,0,-7,-133
1767174396.778238,1,-2,-138
1767174396.788238,0,2,-132
1767174396.798238,-1,5,-131
1767174396.8082385,-4,2,-133
1767174396.8182385,1,2,-138
1767174396.8282382,0,1,-142
1767174396.8382382,-1,0,-133
1767174396.8482382,-4,-2,-132
1767174396.8582382,-5,-2,-129
1767174396.8682382,-3,-3,-125
1767174396.8782382,-3,0,-124
1767174396.8882382,-3,-1,-125
1767174396.8982382,-1,0,-131
1767174396.9082382,1,2,-122
1767174396.9182382,-2,0,-121
1767174396.9282382,-2,0,-125
1767174396.938238,-5,0,-124
1767174396.948238,-4,0,-123
1767174396.958238,-5,0,-119
1767174396.968238,-4,2,-120
1767174396.978238,-1,1,-118
1767174396.988238,2,0,-112
1767174396.998238,4,-5,-110
1767174397.008238,6,-5,-113
1767174397.018238,7,-5,-108
1767174397.028238,4,-1,-108
1767174397.038238,5,-2,-115
1767174397.048238,4,-1,-116
1767174397.0592382,0,0,-118
1767174397.0682385,5,-4,-111
1767174397.0782382,5,-2,-113
1767174397.0882382,4,-4,-116
1767174397.0982382,4,-9,-124
1767174397.1082382,8,-6,-123
1767174397.1182382,5,-7,-124
1767174397.1282382,4,-13,-125
1767174397.1382382,5,-13,-121
1767174397.1482382,2,-9,-121
1767174397.1582382,0,-7,-121
1767174397.1682382,3,-9,-123
1767174397.1782382,4,-2,-125
1767174397.188238,1,-1,-123
1767174397.198238,0,-2,-122
1767174397.208238,0,-3,-124
1767174397.218238,0,-1,-122
1767174397.228238,2,-2,-122
1767174397.238238,3,-4,-123
1767174397.248238,3,1,-124
1767174397.258238,-2,2,-120
1767174397.268238,-2,0,-118
1767174397.278238,0,-3,-118
1767174397.288238,-2,-5,-122
1767174397.298238,-1,-5,-124
1767174397.3082385,1,-4,-126
1767174397.3182385,5,0,-125
1767174397.3282382,5,0,-117
1767174397.3382382,8,-3,-109
1767174397.3482382,2,-5,-119
1767174397.3582382,5,-2,-124
1767174397.3682382,6,-3,-129
1767174397.3782382,8,-3,-125
1767174397.3882382,8,-3,-129
1767174397.3982382,9,-5,-123
1767174397.4082382,8,-6,-126
1767174397.4182382,5,-4,-139
1767174397.4282382,2,-2,-137
1767174397.438238,-1,-4,-129
1767174397.448238,-6,-5,-128
1767174397.458238,-7,-5,-123
1767174397.468238,-3,-8,-124
1767174397.478238,-5,-4,-125
1767174397.488238,-6,-5,-133
1767174397.498238,-2,0,-132
1767174397.508238,-1,0,-131
1767174397.518238,0,3,-130
1767174397.528238,0,2,-131
1767174397.538238,0,-4,-125
1767174397.548238,3,0,-118
1767174397.5582385,0,-2,-121
1767174397.5682385,4,-1,-125
1767174397.5782382,4,0,-123
1767174397.5882382,5,-1,-118
1767174397.5982382,6,-1,-113
1767174397.6082382,2,-2,-116
1767174397.6182382,-1,-3,-116
1767174397.6282382,-4,-7,-118
1767174397.6382382,0,-2,-114
1767174397.6482382,0,-3,-113
1767174397.6582382,1,0,-112
1767174397.6682382,0,-2,-114
1767174397.6782382,0,-2,-118
1767174397.688238,-2,-3,-125
1767174397.698238,2,-1,-130
1767174397.708238,2,-2,-136
1767174397.718238,0,-2,-131
1767174397.728238,2,-3,-131
1767174397.738238,5,-6,-130
1767174397.748238,6,-5,-126
1767174397.758238,7,0,-121
1767174397.768238,4,0,-128
1767174397.778238,1,1,-132
1767174397.788238,-2,0,-125
1767174397.798238,-2,1,-123
1767174397.8082385,-10,2,-118
1767174397.8182385,-10,0,-114
1767174397.8282382,-11,1,-112
1767174397.8382382,-7,1,-113
1767174397.8482382,-7,3,-119
1767174397.8582382,-4,0,-116
1767174397.8682382,-4,-3,-121
1767174397.8782382,-4,-3,-123
1767174397.8882382,-7,-9,-121
1767174397.8982382,-6,-8,-129
1767174397.9082382,-6,-9,-125
1767174397.9182382,-5,-10,-126
1767174397.9282382,-8,-8,-127
1767174397.938238,-9,-5,-132
1767174397.948238,-6,0,-130
1767174397.958238,-5,-1,-130
1767174397.968238,-4,-2,-128
1767174397.978238,-4,0,-128
1767174397.988238,-4,2,-117
1767174397.998238,0,1,-112
1767174398.008238,-1,3,-109
1767174398.018238,1,3,-110
1767174398.028238,3,3,-118
1767174398.038238,5,1,-120
1767174398.048238,6,-2,-116
1767174398.0582385,7,1,-111
1767174398.0682385,2,0,-119
1767174398.0892382,-1,0,-115
1767174398.0982382,-2,0,-113
1767174398.1082382,-4,0,-113
1767174398.1182382,-5,-2,-117
1767174398.1282382,-3,-1,-123
1767174398.1382382,2,-7,-122
1767174398.1482382,0,-8,-124
1767174398.1582382,3,-5,-121
1767174398.1682382,2,-3,-121
1767174398.1782382,-1,-5,-127
1767174398.188238,-2,-3,-119
1767174398.198238,5,-1,-119
1767174398.208238,11,-1,-121
1767174398.218238,7,-2,-123
1767174398.228238,9,0,-127
1767174398.238238,8,0,-121
1767174398.248238,3,-1,-116
1767174398.258238,0,-1,-121
1767174398.268238,1,-3,-120
1767174398.278238,1,-6,-123
1767174398.288238,5,-4,-123
1767174398.298238,5,-3,-119
1767174398.3082385,2,-2,-118
1767174398.3182385,2,-2,-121
1767174398.3282382,0,2,-120
1767174398.3382382,-1,0,-119
1767174398.3482382,-3,-1,-121
1767174398.3582382,-2,-3,-124
1767174398.3682382,-5,-7,-119
1767174398.3782382,-5,-4,-124
1767174398.3882382,-2,-2,-125
1767174398.3982382,0,1,-123
1767174398.4082382,0,2,-126
1767174398.4182382,-3,0,-121
1767174398.4282382,-2,1,-119
1767174398.438238,-4,0,-120
1767174398.448238,0,-2,-120
1767174398.458238,1,-3,-116
1767174398.468238,-1,0,-112
1767174398.478238,-6,1,-119
1767174398.488238,-7,1,-118
1767174398.498238,-8,5,-126
1767174398.508238,-7,5,-127
1767174398.518238,-8,5,-124
1767174398.528238,-10,3,-120
1767174398.538238,-7,1,-122
1767174398.548238,-6,2,-120
1767174398.5582385,-6,1,-118
1767174398.5682385,-2,2,-129
1767174398.5782382,-4,0,-127
1767174398.5882382,-2,0,-127
1767174398.5982382,0,-2,-129
1767174398.6082382,0,1,-123
1767174398.6182382,-1,-1,-128
1767174398.6282382,-3,-1,-127
1767174398.6382382,-5,0,-125
1767174398.6482382,-10,3,-122
1767174398.6582382,-8,4,-122
1767174398.6682382,-1,5,-123
1767174398.6782382,0,5,-122
1767174398.688238,4,5,-119
1767174398.698238,5,5,-123
1767174398.708238,7,6,-124
1767174398.718238,1,4,-122
1767174398.7292385,3,6,-121
1767174398.7392385,5,7,-118
1767174398.748238,4,4,-122
1767174398.7592382,2,7,-122
1767174398.7692382,0,6,-127
1767174398.7792382,2,4,-128
1767174398.7892382,3,5,-135
1767174398.7992382,0,4,-128
1767174398.8092382,2,1,-123
1767174398.8192382,1,-1,-128
1767174398.8292382,-3,-1,-128
1767174398.8392382,-1,-4,-125
1767174398.8492382,0,1,-126
1767174398.859238,-1,4,-121
1767174398.869238,-2,0,-125
1767174398.879238,-2,-1,-123
1767174398.889238,0,-2,-126
1767174398.899238,-2,-1,-126
1767174398.909238,-4,0,-122
1767174398.919238,2,1,-122
1767174398.929238,1,2,-118
1767174398.939238,1,2,-112
1767174398.949238,2,3,-108
1767174398.959238,0,-3,-108
1767174398.969238,5,-2,-115
1767174398.9792385,5,2,-114
1767174398.9892385,6,2,-112
1767174398.9992385,3,0,-110
1767174399.0092382,2,0,-109
1767174399.0192382,0,0,-110
1767174399.0292382,0,0,-116
1767174399.0392382,2,0,-120
1767174399.0492382,0,0,-121
1767174399.0592382,0,-2,-125
1767174399.0692382,0,-4,-123
1767174399.0792382,2,-3,-125
1767174399.0892382,0,-3,-124
1767174399.0992382,-3,-2,-124
1767174399.109238,-4,-5,-119
1767174399.119238,-4,-4,-118
1767174399.129238,-4,0,-117
1767174399.139238,-5,-2,-119
1767174399.149238,-4,-5,-121
1767174399.159238,-3,0,-122
1767174399.169238,-2,1,-127
1767174399.179238,-5,0,-127
1767174399.189238,-10,-3,-124
1767174399.199238,-9,-5,-130
1767174399.209238,-9,-6,-130
1767174399.219238,-8,-2,-132
1767174399.2292385,-7,-3,-137
1767174399.2392385,-5,-1,-133
1767174399.2492385,-2,0,-134
1767174399.2592382,-2,-1,-135
1767174399.2692382,-1,-2,-137
1767174399.2792382,-3,-3,-130
1767174399.2892382,-1,-2,-125
1767174399.2992382,-4,-3,-121
1767174399.3092382,-8,-1,-117
1767174399.3192382,-6,0,-124
1767174399.3292382,-5,-2,-127
1767174399.3392382,-3,0,-123
1767174399.3492382,-1,2,-124
1767174399.359238,-2,1,-124
1767174399.369238,-5,2,-127
1767174399.379238,-7,0,-126
1767174399.389238,-9,3,-124
1767174399.399238,-7,-3,-124
1767174399.409238,-6,-4,-130
1767174399.419238,-4,0,-124
1767174399.429238,-5,7,-119
1767174399.439238,-3,8,-120
1767174399.449238,-6,9,-126
1767174399.459238,-3,9,-128
1767174399.469238,-1,9,-123
1767174399.4792385,0,7,-117
1767174399.4892385,-2,6,-120
1767174399.4992385,-1,7,-124
1767174399.5092382,-4,8,-127
1767174399.5192382,1,7,-119
1767174399.5292382,2,6,-119
1767174399.5392382,4,4,-123
1767174399.5492382,2,9,-127
1767174399.5592382,4,8,-122
1767174399.5692382,7,1,-120
1767174399.5792382,6,0,-123
1767174399.5892382,5,2,-129
1767174399.5992382,2,1,-134
1767174399.609238,0,4,-133
1767174399.619238,2,3,-131
1767174399.629238,4,3,-135
1767174399.639238,0,3,-130
1767174399.649238,-1,0,-125
1767174399.659238,2,-7,-129
1767174399.669238,3,-7,-131
1767174399.679238,4,-8,-127
1767174399.689238,-1,-8,-124
1767174399.699238,0,-5,-127
1767174399.709238,0,-1,-131
1767174399.719238,0,0,-129
1767174399.7292385,-1,-2,-130
1767174399.7392385,-1,1,-131
1767174399.7492385,0,3,-132
1767174399.7592382,3,4,-131
1767174399.7692382,-5,0,-131
1767174399.7792382,-4,-6,-120
1767174399.7892382,0,-5,-118
1767174399.7992382,1,-2,-113
1767174399.8092382,-3,-4,-122
1767174399.8192382,-5,0,-121
1767174399.8292382,-5,0,-128
1767174399.8392382,-3,0,-122
1767174399.8492382,0,0,-119
1767174399.859238,0,-1,-118
1767174399.869238,0,0,-119
1767174399.879238,-2,0,-125
1767174399.889238,0,2,-122
1767174399.899238,1,0,-122
1767174399.909238,3,-1,-118
1767174399.919238,0,-1,-113
1767174399.929238,0,-3,-119
1767174399.939238,-1,2,-116
1767174399.949238,-1,3,-119
1767174399.959238,-5,4,-117
1767174399.969238,-1,5,-113
1767174399.9792385,2,6,-120
1767174399.9892385,-3,2,-121
1767174399.9992385,-6,1,-120
1767174400.0092382,-5,2,-123
1767174400.0192382,-2,1,-124
1767174400.0292382,-1,2,-128
1767174400.0392382,2,0,-131
1767174400.0492382,-1,-1,-134
1767174400.0592382,0,-1,-130
1767174400.0692382,-1,0,-123
1767174400.0792382,3,0,-120
1767174400.0892382,2,-4,-122
1767174400.0992382,2,-7,-122
1767174400.109238,8,-4,-119
1767174400.119238,4,-1,-125
1767174400.129238,4,-6,-121
1767174400.139238,1,-3,-117
1767174400.149238,0,-3,-121
1767174400.159238,2,1,-117
1767174400.169238,0,0,-113
1767174400.179238,0,0,-115
1767174400.189238,2,2,-114
1767174400.199238,0,-2,-119
1767174400.209238,3,-2,-120
1767174400.219238,2,-2,-113
1767174400.2292385,0,-3,-111
1767174400.2392385,-1,-6,-113
1767174400.2492385,2,-7,-118
1767174400.2592382,6,-5,-117
1767174400.2692382,8,-7,-119
1767174400.2792382,8,-7,-122
1767174400.2892382,8,-8,-130
1767174400.2992382,6,-6,-128
1767174400.3092382,6,-3,-124
1767174400.3192382,6,-3,-128
1767174400.3292382,7,0,-122
1767174400.3392382,6,1,-122
1767174400.3492382,3,1,-121
1767174400.359238,0,1,-116
1767174400.369238,-3,-3,-124
1767174400.379238,-2,-5,-116
1767174400.389238,2,-5,-117
1767174400.399238,2,-6,-114
1767174400.409238,0,-5,-115
1767174400.419238,6,-5,-118
1767174400.429238,4,-4,-125
1767174400.439238,0,-7,-127
1767174400.449238,3,-11,-127
1767174400.459238,0,-8,-121
1767174400.469238,2,-4,-114
1767174400.4792385,3,-7,-122
1767174400.4892385,-2,-3,-121
1767174400.4992385,0,-3,-125
1767174400.5092382,-1,-7,-121
1767174400.5192382,0,-11,-124
1767174400.5292382,-2,-11,-121
1767174400.5392382,-2,-13,-124
1767174400.5492382,0,-7,-124
1767174400.5592382,0,-5,-127
1767174400.5692382,-6,-6,-118
1767174400.5792382,-7,-7,-127
1767174400.5892382,-6,-5,-128
1767174400.5992382,-4,-6,-122
1767174400.609238,-7,-4,-123
1767174400.619238,-7,-1,-129
1767174400.629238,-4,-2,-125
1767174400.639238,-3,-1,-122
1767174400.649238,-8,-1,-120
1767174400.659238,-4,-2,-119
1767174400.669238,0,2,-115
1767174400.679238,0,3,-123
1767174400.689238,-1,3,-125
1767174400.699238,-2,2,-118
1767174400.709238,2,3,-117
1767174400.719238,0,3,-126
1767174400.7292385,-5,4,-125
1767174400.7392385,-4,0,-124
1767174400.7492385,0,0,-125
1767174400.7592382,-1,1,-122
1767174400.7692382,-1,-1,-124
1767174400.7792382,-1,-1,-130
1767174400.7892382,3,1,-126
1767174400.7992382,0,2,-119
1767174400.8092382,3,5,-123
1767174400.8192382,0,3,-127
1767174400.8292382,-2,0,-127
1767174400.8392382,0,1,-125
1767174400.8492382,2,-2,-123
1767174400.859238,3,-6,-115
1767174400.869238,1,-6,-118
1767174400.879238,4,-7,-117
1767174400.889238,0,-2,-118
1767174400.899238,0,0,-124
1767174400.909238,-2,1,-120
1767174400.919238,0,-2,-125
1767174400.929238,-2,-2,-123
1767174400.939238,-8,-1,-125
1767174400.949238,-6,-3,-126
1767174400.959238,-8,-5,-128
1767174400.969238,-7,-5,-122
1767174400.9792385,-6,-2,-120
1767174400.9892385,-5,-1,-121
1767174400.9992385,-1,0,-122
1767174401.0092382,-3,-1,-124
1767174401.0192382,-4,0,-120
1767174401.0292382,-1,0,-117
1767174401.0392382,0,3,-122
1767174401.0492382,-3,1,-119
1767174401.0592382,-4,1,-116
1767174401.0692382,-5,1,-112
1767174401.0792382,-2,-1,-113
1767174401.0892382,1,-2,-119
1767174401.0992382,6,-4,-124
1767174401.109238,2,-3,-121
1767174401.119238,-2,-5,-120
1767174401.129238,-3,-5,-114
1767174401.139238,-2,-2,-116
1767174401.149238,0,-1,-116
1767174401.159238,2,0,-121
1767174401.169238,2,0,-120
1767174401.179238,0,0,-119
1767174401.189238,-1,0,-118
1767174401.199238,-4,0,-123
1767174401.209238,-1,-2,-133
1767174401.219238,0,1,-136
1767174401.2292385,0,4,-129
1767174401.2392385,-1,0,-132
1767174401.2492385,-3,-1,-132
1767174401.2592382,-1,0,-130
1767174401.2692382,1,0,-131
1767174401.2792382,0,-1,-137
1767174401.2892382,0,-2,-128
1767174401.2992382,2,-2,-125
1767174401.3092382,-2,-2,-126
1767174401.3192382,-2,0,-131
1767174401.3292382,-2,1,-133
1767174401.3392382,-4,2,-133
1767174401.3492382,0,-1,-133
1767174401.359238,3,0,-129
1767174401.369238,1,4,-132
1767174401.379238,-1,1,-134
1767174401.389238,0,2,-133
1767174401.399238,5,2,-135
1767174401.4102385,-1,7,-136
1767174401.4202385,0,4,-138
1767174401.4302382,-1,4,-135
1767174401.4402382,-7,0,-135
1767174401.4502382,-8,3,-127
1767174401.4602382,-10,3,-130
1767174401.4702382,-7,2,-128
1767174401.4802382,-9,-1,-125
1767174401.4902382,-13,0,-127
1767174401.5002382,-10,0,-125
1767174401.5102382,-5,0,-127
1767174401.5202382,-6,2,-133
1767174401.5302382,-6,-1,-131
1767174401.540238,-5,0,-131
1767174401.550238,-7,-1,-127
1767174401.560238,-8,-5,-136
1767174401.570238,-9,-3,-134
1767174401.580238,-4,-7,-124
1767174401.590238,-9,-8,-125
1767174401.600238,-8,-4,-123
1767174401.610238,-8,1,-123
1767174401.620238,-9,2,-120
1767174401.630238,-5,2,-120
1767174401.640238,1,2,-124
1767174401.650238,-3,1,-124
1767174401.6602385,-3,3,-119
1767174401.6702385,-5,4,-121
1767174401.6802382,-5,0,-125
1767174401.6902382,0,0,-127
1767174401.7002382,3,-5,-126
1767174401.7102382,0,-3,-120
1767174401.7202382,0,-1,-120
1767174401.7302382,5,0,-120
1767174401.7402382,1,-2,-115
1767174401.7502382,1,0,-111
1767174401.7602382,0,-2,-115
1767174401.7702382,2,-2,-114
1767174401.7802382,0,-6,-110
1767174401.790238,-6,-5,-111
1767174401.800238,-9,-3,-117
1767174401.810238,-5,-1,-116
1767174401.820238,-1,-1,-119
1767174401.830238,-1,-2,-114
1767174401.840238,-4,-2,-118
1767174401.850238,1,-2,-124
1767174401.860238,0,2,-123
1767174401.870238,2,-1,-123
1767174401.880238,1,-4,-129
1767174401.890238,0,-1,-126
1767174401.900238,1,1,-130
1767174401.9102385,3,2,-133
1767174401.9202385,4,-1,-139
1767174401.9302382,4,-4,-128
1767174401.9402382,4,-6,-133
1767174401.9502382,2,-5,-138
1767174401.9602382,0,-5,-133
1767174401.9702382,4,-5,-124
1767174401.9802382,3,-3,-114
1767174401.9902382,2,-6,-114
1767174402.0002382,0,-9,-110
1767174402.0102382,1,-10,-112
1767174402.0202382,3,-10,-114
1767174402.0302382,4,-7,-113
1767174402.040238,4,-4,-115
1767174402.050238,0,-6,-116
1767174402.060238,-1,-5,-116
1767174402.070238,-2,-5,-116
1767174402.080238,-2,-6,-118
1767174402.090238,2,-5,-115
1767174402.100238,3,-5,-115
1767174402.110238,-2,-4,-109
1767174402.120238,-2,-4,-108
1767174402.130238,-6,-6,-111
1767174402.140238,-3,-4,-112
1767174402.150238,-4,-2,-110
1767174402.1602385,0,0,-111
1767174402.1702385,-1,0,-116
1767174402.1802382,4,0,-115
1767174402.1902382,2,1,-119
1767174402.2002382,1,0,-115
1767174402.2102382,0,0,-114
1767174402.2202382,3,-1,-119
1767174402.2302382,2,-3,-123
1767174402.2402382,0,-4,-132
1767174402.2502382,0,-4,-132
1767174402.2602382,-2,-1,-130
1767174402.2702382,-1,0,-134
1767174402.2802382,0,0,-132
1767174402.290238,2,0,-134
1767174402.300238,3,3,-132
1767174402.310238,1,0,-129
1767174402.320238,2,0,-136
1767174402.330238,0,1,-132
1767174402.340238,0,-2,-130
1767174402.350238,3,0,-123
1767174402.360238,7,-1,-122
1767174402.370238,7,0,-121
1767174402.380238,2,0,-126
1767174402.390238,-2,1,-136
1767174402.400238,-2,-3,-143
1767174402.4102385,-2,-3,-136
1767174402.4202385,0,-5,-130
1767174402.4302382,2,-5,-134
1767174402.4402382,0,-2,-141
1767174402.4502382,3,-5,-139
1767174402.4602382,2,-3,-130
1767174402.4702382,0,-5,-123
1767174402.4802382,-1,-3,-121
1767174402.4902382,-3,-1,-123
1767174402.5002382,0,-3,-121
1767174402.5102382,1,-9,-114
1767174402.5202382,0,-8,-111
1767174402.5302382,3,-7,-113
1767174402.540238,4,-6,-119
1767174402.550238,5,-4,-127
1767174402.560238,4,-6,-132
1767174402.570238,1,-5,-133
1767174402.580238,-4,-3,-126
1767174402.590238,-3,2,-128
1767174402.600238,3,2,-128
1767174402.610238,3,1,-131
1767174402.620238,3,0,-128
1767174402.630238,0,-2,-131
1767174402.640238,-1,-2,-131
1767174402.650238,-2,1,-136
1767174402.6602385,0,1,-136
1767174402.6702385,-1,0,-136
1767174402.6802382,-1,-3,-130
1767174402.6902382,0,-3,-129
1767174402.7002382,0,0,-136
1767174402.7102382,0,2,-134
1767174402.7202382,3,4,-131
1767174402.7302382,2,1,-131
1767174402.7402382,5,-3,-130
1767174402.7502382,6,-5,-131
1767174402.7602382,2,-7,-126
1767174402.7702382,-2,-10,-124
1767174402.7802382,-7,-8,-118
1767174402.790238,-3,-6,-117
1767174402.800238,-3,-3,-119
1767174402.810238,-3,-3,-118
1767174402.820238,0,0,-112
1767174402.830238,0,0,-115
1767174402.840238,1,0,-116
1767174402.850238,3,0,-120
1767174402.860238,1,-3,-115
1767174402.870238,-1,-6,-117
1767174402.880238,0,-6,-122
1767174402.890238,1,-6,-119
1767174402.900238,1,-8,-114
1767174402.9102385,2,-10,-114
1767174402.9202385,1,-10,-120
1767174402.9302382,0,-11,-123
1767174402.9402382,7,-8,-119
1767174402.9502382,6,-4,-124
1767174402.9602382,4,-4,-131
1767174402.9702382,4,-3,-130
1767174402.9802382,0,0,-136
1767174402.9902382,4,1,-130
1767174403.0002382,9,0,-125
1767174403.0102382,4,0,-131
1767174403.0202382,2,1,-127
1767174403.0302382,6,3,-125
1767174403.040238,5,0,-124
1767174403.050238,1,-1,-117
1767174403.060238,-1,1,-119
1767174403.070238,-1,4,-116
1767174403.080238,0,3,-118
1767174403.1012385,-3,-5,-117
1767174403.110238,-4,-6,-119
1767174403.120238,-1,-3,-114
1767174403.130238,1,-3,-116
1767174403.140238,2,-1,-112
1767174403.150238,3,-3,-117
1767174403.1602385,1,-3,-120
1767174403.1702385,0,-1,-119
1767174403.1802382,2,-1,-121
1767174403.1902382,1,1,-118
1767174403.2002382,1,0,-124
1767174403.2102382,0,0,-122
1767174403.2202382,1,-3,-115
1767174403.2302382,0,-7,-114
1767174403.2402382,-1,-5,-112
1767174403.2502382,-4,-4,-116
1767174403.2602382,-3,-1,-118
1767174403.2702382,-2,-2,-122
1767174403.2802382,-2,-3,-120
1767174403.290238,-4,-5,-117
1767174403.300238,-1,-8,-126
1767174403.310238,-3,-8,-126
1767174403.320238,-4,-10,-127
1767174403.330238,-4,-9,-125
1767174403.340238,-6,-10,-123
1767174403.350238,-4,-6,-114
1767174403.360238,-3,-4,-113
1767174403.370238,0,-8,-117
1767174403.380238,-1,-5,-113
1767174403.390238,3,-3,-117
1767174403.400238,4,-2,-121
1767174403.4102385,1,0,-122
1767174403.4202385,1,0,-122
1767174403.4302382,2,-3,-112
1767174403.4402382,7,-2,-120
1767174403.4502382,3,0,-116
1767174403.4602382,2,-3,-120
1767174403.4702382,0,-5,-125
1767174403.4802382,-1,-4,-124
1767174403.4902382,0,0,-125
1767174403.5002382,0,-3,-127
1767174403.5102382,2,-4,-121
1767174403.5202382,-1,0,-118
1767174403.5302382,-3,-5,-123
1767174403.540238,-1,-6,-130
1767174403.550238,0,-2,-131
1767174403.560238,4,-6,-121
1767174403.570238,1,-5,-124
1767174403.580238,0,-4,-124
1767174403.590238,1,-4,-132
1767174403.600238,1,-3,-128
1767174403.610238,-3,-5,-124
1767174403.620238,-1,-4,-120
1767174403.630238,0,1,-125
1767174403.640238,0,0,-124
1767174403.650238,-4,-1,-125
1767174403.6602385,-3,0,-124
1767174403.6702385,-2,-4,-126
1767174403.6802382,-1,-1,-123
1767174403.6902382,0,-1,-122
1767174403.7002382,-5,-1,-118
1767174403.7102382,-6,-1,-116
1767174403.7202382,-7,-2,-117
1767174403.7302382,-4,-1,-120
1767174403.7402382,-4,-4,-119
1767174403.7502382,-6,-4,-125
1767174403.7602382,-7,-2,-134
1767174403.7702382,-8,-1,-131
1767174403.7802382,-4,1,-133
1767174403.790238,0,1,-132
1767174403.800238,1,0,-135
1767174403.810238,2,0,-135
1767174403.820238,3,2,-146
1767174403.830238,0,3,-146
1767174403.840238,-2,4,-143
1767174403.850238,-3,2,-143
1767174403.860238,-6,1,-134
1767174403.870238,-7,0,-129
1767174403.880238,-6,0,-132
1767174403.890238,-3,0,-135
1767174403.900238,0,-1,-128
1767174403.9102385,-3,0,-128
1767174403.9202385,-1,-2,-126
1767174403.9302382,-2,-4,-133
1767174403.9402382,-4,-9,-128
1767174403.9502382,1,-5,-131
1767174403.9602382,2,-7,-129
1767174403.9702382,3,-7,-132
1767174403.9802382,8,-7,-125
1767174403.9902382,7,0,-127
1767174404.001238,6,4,-128
1767174404.011238,4,3,-125
1767174404.021238,2,5,-128
1767174404.031238,0,6,-125
1767174404.041238,2,1,-123
1767174404.050238,0,-3,-122
1767174404.061238,0,-1,-125
1767174404.071238,-1,0,-125
1767174404.0812385,2,-3,-122
1767174404.0912385,3,-4,-124
1767174404.1012385,3,-3,-122
1767174404.1112382,0,-5,-122
1767174404.1212382,1,-3,-125
1767174404.1312382,0,-3,-127
1767174404.1412382,-6,-1,-135
1767174404.1512382,-4,-2,-134
1767174404.1612382,-1,-1,-125
1767174404.1712382,0,3,-124
1767174404.1812382,2,2,-124
1767174404.1912382,1,0,-127
1767174404.2012382,2,0,-132
1767174404.211238,1,-1,-139
1767174404.221238,-3,-2,-131
1767174404.231238,0,-3,-130
1767174404.241238,5,-4,-130
1767174404.251238,5,-1,-122
1767174404.261238,6,-3,-122
1767174404.271238,6,-4,-125
1767174404.281238,3,-2,-120
1767174404.291238,3,-3,-118
1767174404.301238,3,0,-117
1767174404.311238,1,0,-117
1767174404.321238,0,0,-124
1767174404.3312385,-3,-1,-123
1767174404.3412385,-4,-2,-125
1767174404.3512385,-6,0,-124
1767174404.3612382,-7,0,-130
1767174404.3712382,-3,2,-131
1767174404.3812382,-2,1,-129
1767174404.3912382,-5,1,-130
1767174404.4012382,-3,5,-136
1767174404.4112382,0,8,-129
1767174404.4212382,2,5,-126
1767174404.432238,4,2,-123
1767174404.4412382,1,0,-122
1767174404.4512382,-3,0,-121
1767174404.461238,0,-1,-124
1767174404.471238,1,0,-131
1767174404.481238,2,0,-130
1767174404.491238,4,0,-124
1767174404.501238,6,-1,-122
1767174404.511238,6,-8,-122
1767174404.521238,5,-8,-128
1767174404.531238,5,-2,-133
1767174404.541238,7,0,-135
1767174404.551238,9,0,-137
1767174404.561238,5,-3,-131
1767174404.571238,6,-1,-132
1767174404.5812385,7,-3,-130
1767174404.5912385,10,0,-128
1767174404.6012385,10,-1,-133
1767174404.6112382,6,-1,-129
1767174404.6212382,4,3,-125
1767174404.6312382,3,5,-122
1767174404.6412382,2,2,-122
1767174404.6512382,1,0,-115
1767174404.6612382,-4,-1,-115
1767174404.6712382,-3,-4,-115
1767174404.6812382,3,-4,-119
1767174404.6912382,4,-2,-123
1767174404.7012382,3,0,-118
1767174404.711238,-1,0,-110
1767174404.721238,-2,-4,-116
1767174404.731238,-8,-5,-115
1767174404.741238,-9,-5,-117
1767174404.751238,-13,-4,-117
1767174404.761238,-7,-3,-126
1767174404.771238,-3,-1,-124
1767174404.781238,-1,0,-124
1767174404.791238,-1,-2,-123
1767174404.801238,-1,-2,-128
1767174404.811238,1,0,-132
1767174404.821238,0,0,-132
1767174404.8312385,-4,0,-132
1767174404.8412385,-6,0,-130
1767174404.8512385,-7,-4,-123
1767174404.8612382,-6,-3,-122
1767174404.8712382,-4,-4,-126
1767174404.8812382,-3,0,-125
1767174404.8912382,-5,-1,-123
1767174404.9012382,-4,-5,-121
1767174404.9112382,0,-5,-115
1767174404.9212382,-3,-3,-119
1767174404.9312382,-2,-2,-121
1767174404.9412382,-2,-2,-123
1767174404.9512382,-3,0,-121
1767174404.961238,-3,-3,-116
1767174404.971238,-5,-4,-121
1767174404.981238,-2,-2,-119
1767174404.991238,-3,-1,-114
1767174405.001238,-7,-4,-117
1767174405.011238,-6,-4,-126
1767174405.021238,-6,-6,-126
1767174405.031238,-3,-2,-131
1767174405.041238,-5,0,-130
1767174405.051238,0,2,-132
1767174405.061238,0,1,-136
1767174405.071238,3,0,-137
1767174405.0812385,1,-3,-131
1767174405.0912385,0,-3,-126
1767174405.1012385,3,1,-124
1767174405.1112382,0,1,-118
1767174405.1212382,-4,-1,-120
1767174405.1312382,-5,0,-124
1767174405.1412382,-6,4,-128
1767174405.1512382,-2,2,-125
1767174405.1612382,0,1,-121
1767174405.1712382,1,-1,-119
1767174405.1812382,4,1,-126
1767174405.1912382,4,0,-120
1767174405.2012382,6,-2,-128
1767174405.211238,5,-2,-131
1767174405.221238,9,-3,-131
1767174405.231238,5,-2,-130
1767174405.241238,2,-1,-125
1767174405.251238,0,-5,-127
1767174405.261238,1,-7,-123
1767174405.271238,-1,-3,-122
1767174405.281238,1,-3,-123
1767174405.291238,3,-5,-119
1767174405.301238,0,-3,-122
1767174405.311238,0,-7,-118
1767174405.321238,2,-11,-118
1767174405.3312385,2,-10,-122
1767174405.3412385,-2,-10,-126
1767174405.3512385,-3,-7,-127
1767174405.3612382,0,-8,-134
1767174405.3712382,1,-7,-137
1767174405.3812382,0,-4,-133
1767174405.3912382,1,-2,-129
1767174405.4012382,0,0,-128
1767174405.4112382,3,1,-129
1767174405.4212382,3,-2,-129
1767174405.4312382,0,-4,-120
1767174405.4412382,0,-3,-118
1767174405.4512382,0,-4,-119
1767174405.461238,-1,-5,-125
1767174405.471238,-4,-3,-127
1767174405.481238,-6,-4,-128
1767174405.491238,-7,-1,-122
1767174405.501238,-5,-7,-125
1767174405.511238,-4,-5,-124
1767174405.521238,-3,-5,-123
1767174405.531238,0,-3,-125
1767174405.541238,2,-1,-123
1767174405.551238,-2,0,-117
1767174405.561238,-4,0,-123
1767174405.571238,-2,0,-119
1767174405.5812385,-4,1,-118
1767174405.5912385,-6,3,-119
1767174405.6012385,-7,0,-115
1767174405.6112382,-6,0,-122
1767174405.6212382,-3,-3,-126
1767174405.6312382,1,-4,-123
1767174405.6412382,4,-2,-118
1767174405.6512382,0,-2,-116
1767174405.6612382,2,-3,-116
1767174405.6712382,4,-3,-121
1767174405.6812382,5,-1,-123
1767174405.6912382,1,2,-126
1767174405.7012382,7,3,-131
1767174405.711238,9,0,-128
1767174405.721238,11,-2,-120
1767174405.731238,7,0,-129
1767174405.741238,5,0,-131
1767174405.751238,0,-5,-127
1767174405.761238,-3,-3,-128
1767174405.771238,-3,-5,-122
1767174405.781238,2,0,-122
1767174405.791238,7,0,-126
1767174405.801238,8,-2,-124
1767174405.811238,5,0,-126
1767174405.821238,4,0,-123
1767174405.8312385,1,-4,-122
1767174405.8412385,-2,0,-120
1767174405.8512385,-3,0,-121
1767174405.8612382,-5,2,-122
1767174405.8712382,-4,5,-126
1767174405.8812382,0,1,-126
1767174405.8912382,2,1,-128
1767174405.9012382,4,0,-131
1767174405.9112382,0,0,-130
1767174405.9212382,1,0,-136
1767174405.9312382,3,-1,-137
1767174405.9412382,0,0,-130
1767174405.9512382,-2,1,-131
1767174405.961238,-5,0,-124
1767174405.971238,-7,1,-119
1767174405.981238,-11,0,-121
1767174405.991238,-10,2,-122
1767174406.001238,-7,2,-126
1767174406.011238,0,0,-130
1767174406.021238,-2,-1,-129
1767174406.031238,-6,-2,-127
1767174406.041238,-5,-4,-128
1767174406.051238,-3,-5,-128
1767174406.061238,-4,-6,-123
1767174406.071238,-3,-10,-116
1767174406.0812385,-3,-11,-116
1767174406.0912385,0,-7,-116
1767174406.1012385,0,-6,-116
1767174406.1112382,1,2,-123
1767174406.1212382,0,8,-121
1767174406.1312382,-1,10,-123
1767174406.1412382,-1,7,-119
1767174406.1512382,-5,4,-130
1767174406.1612382,-7,4,-131
1767174406.1712382,-7,4,-125
1767174406.1812382,-4,3,-126
1767174406.1912382,-5,2,-127
1767174406.2012382,-3,3,-124
1767174406.211238,-3,3,-125
1767174406.221238,-5,0,-129
1767174406.231238,-4,2,-128
1767174406.241238,-4,2,-128
1767174406.251238,-7,0,-130
1767174406.261238,-6,0,-127
1767174406.271238,-8,0,-129
1767174406.281238,-4,0,-127
1767174406.291238,-3,5,-126
1767174406.301238,-5,5,-126
1767174406.311238,-9,6,-118
1767174406.321238,-9,0,-111
1767174406.3312385,-4,-4,-111
1767174406.3412385,0,-5,-115
1767174406.3512385,5,-4,-119
1767174406.3612382,5,-7,-121
1767174406.3712382,7,-7,-124
1767174406.3812382,13,-10,-133
1767174406.3912382,8,-10,-134
1767174406.4012382,5,-7,-135
1767174406.4112382,5,-5,-130
1767174406.4212382,8,-3,-132
1767174406.4312382,5,-6,-133
1767174406.4412382,6,-4,-131
1767174406.4512382,5,-7,-125
1767174406.461238,4,-6,-122
1767174406.471238,2,-5,-125
1767174406.481238,4,-2,-120
1767174406.491238,4,-5,-117
1767174406.501238,0,-7,-117
1767174406.511238,-2,-6,-119
1767174406.521238,0,-3,-120
1767174406.531238,0,-1,-123
1767174406.541238,3,-3,-127
1767174406.551238,4,-9,-116
1767174406.561238,5,-10,-113
1767174406.571238,5,-15,-112
1767174406.5812385,3,-10,-114
1767174406.5912385,0,-4,-113
1767174406.6012385,-1,-3,-111
1767174406.6112382,-2,-4,-112
1767174406.6212382,-3,-3,-106
1767174406.6312382,0,-3,-106
1767174406.6412382,0,0,-115
1767174406.6512382,0,0,-111
1767174406.662238,5,0,-116
1767174406.6712382,4,1,-116
1767174406.6812382,2,0,-124
1767174406.692238,2,1,-126
1767174406.7012382,0,2,-122
1767174406.712238,5,0,-121
1767174406.722238,2,-1,-118
1767174406.732238,9,-3,-114
1767174406.742238,5,-7,-112
1767174406.752238,0,-9,-111
1767174406.7622385,5,-12,-119
1767174406.7722385,3,-10,-117
1767174406.7822382,7,-4,-123
1767174406.7922382,4,-6,-128
1767174406.8022382,6,-6,-124
1767174406.8122382,0,-4,-128
1767174406.8222382,-1,-7,-130
1767174406.8322382,0,-3,-132
1767174406.8422382,-2,-1,-130
1767174406.8522382,1,-4,-127
1767174406.8622382,3,-5,-123
1767174406.8722382,3,-1,-125
1767174406.882238,-2,-2,-124
1767174406.892238,-5,-4,-122
1767174406.902238,-4,-4,-122
1767174406.912238,-4,-6,-127
1767174406.922238,-4,-8,-135
1767174406.932238,2,-7,-126
1767174406.942238,9,-6,-124
1767174406.952238,15,-2,-125
1767174406.962238,6,-2,-120
1767174406.972238,4,-4,-119
1767174406.982238,1,-4,-118
1767174406.992238,2,-5,-120
1767174407.002238,3,-3,-120
1767174407.0122385,-1,-5,-122
1767174407.0222385,-4,-3,-131
1767174407.0322382,-7,0,-126
1767174407.0422382,-4,1,-125
1767174407.0522382,-2,0,-124
1767174407.0622382,-4,-2,-123
1767174407.0722382,-5,-2,-122
1767174407.0822382,0,-3,-127
1767174407.0922382,0,-4,-128
1767174407.1022382,2,-3,-119
1767174407.1122382,4,0,-118
1767174407.1222382,9,0,-122
1767174407.132238,9,0,-118
1767174407.142238,9,-2,-116
1767174407.152238,9,-5,-114
1767174407.162238,8,-2,-117
1767174407.172238,7,-4,-113
1767174407.182238,5,-1,-115
1767174407.192238,4,3,-113
1767174407.202238,2,0,-117
1767174407.212238,-1,2,-116
1767174407.222238,1,2,-121
1767174407.232238,5,0,-121
1767174407.242238,3,-1,-118
1767174407.252238,5,0,-114
1767174407.2622385,-1,-1,-117
1767174407.2722385,-2,-4,-115
1767174407.2822382,0,-2,-117
1767174407.2922382,-3,-3,-119
1767174407.3022382,-3,2,-118
1767174407.3122382,-1,-1,-117
1767174407.3222382,0,-2,-119
1767174407.3322382,0,-1,-116
1767174407.3422382,5,-4,-114
1767174407.3522382,7,-4,-120
1767174407.3622382,7,-5,-117
1767174407.3722382,11,-2,-119
1767174407.382238,9,-5,-129
1767174407.392238,6,-4,-128
1767174407.402238,5,-5,-124
1767174407.412238,1,-8,-127
1767174407.422238,1,-11,-122
1767174407.432238,0,-6,-121
1767174407.442238,0,-3,-121
1767174407.452238,3,-6,-127
1767174407.462238,2,-8,-127
1767174407.472238,0,-8,-123
1767174407.482238,0,-4,-122
1767174407.492238,0,0,-127
1767174407.502238,-1,-2,-128
1767174407.5122385,-1,-2,-126
1767174407.5222385,-2,0,-127
1767174407.5322382,-2,0,-125
1767174407.5422382,-3,4,-128
1767174407.5522382,-3,1,-128
1767174407.5622382,0,0,-127
1767174407.5722382,-2,2,-130
1767174407.5822382,-1,1,-129
1767174407.5922382,1,0,-132
1767174407.6022382,1,1,-135
1767174407.6122382,2,3,-133
1767174407.6222382,4,0,-129
1767174407.632238,1,0,-124
1767174407.642238,1,-1,-121
1767174407.652238,0,0,-125
1767174407.662238,-2,-2,-134
1767174407.672238,1,-3,-132
1767174407.682238,4,-3,-131
1767174407.692238,6,1,-127
1767174407.702238,2,1,-131
1767174407.712238,3,2,-134
1767174407.722238,3,1,-126
1767174407.732238,-1,1,-124
1767174407.742238,-2,-5,-124
1767174407.752238,-2,-4,-127
1767174407.7622385,-1,-5,-125
1767174407.7722385,-7,-5,-124
1767174407.7822382,-8,-3,-122
1767174407.7922382,-3,-6,-123
1767174407.8022382,-3,-8,-118
1767174407.8122382,-4,-6,-119
1767174407.8222382,0,-10,-114
1767174407.8322382,0,-9,-117
1767174407.8422382,1,-6,-114
1767174407.8522382,5,-5,-120
1767174407.8622382,9,-5,-125
1767174407.8722382,6,-3,-129
1767174407.882238,4,-2,-127
1767174407.892238,1,0,-132
1767174407.902238,1,-2,-129
1767174407.912238,0,-4,-125
1767174407.922238,-1,-3,-127
1767174407.932238,-2,0,-135
1767174407.942238,-4,0,-132
1767174407.952238,-11,-4,-133
1767174407.962238,-7,-5,-136
1767174407.972238,-5,-3,-136
1767174407.982238,-5,-2,-131
1767174407.992238,2,-2,-132
1767174408.002238,0,-1,-126
1767174408.0122385,-1,0,-125
1767174408.0222385,0,4,-123
1767174408.0322382,0,2,-121
1767174408.0422382,-2,0,-120
1767174408.0522382,-1,0,-121
1767174408.0622382,-5,1,-122
1767174408.0722382,-5,1,-118
1767174408.0822382,-5,1,-123
1767174408.0922382,-4,2,-121
1767174408.1142385,2,-4,-127
1767174408.1222382,4,-6,-134
1767174408.132238,2,-5,-132
1767174408.142238,5,-3,-136
1767174408.152238,3,0,-139
1767174408.162238,1,-1,-142
1767174408.172238,2,0,-140
1767174408.182238,4,0,-139
1767174408.192238,5,-2,-138
1767174408.202238,2,-3,-138
1767174408.212238,5,-3,-137
1767174408.222238,1,-3,-132
1767174408.232238,-2,0,-132
1767174408.242238,-4,4,-132
1767174408.252238,0,2,-125
1767174408.2622385,4,4,-118
1767174408.2722385,5,1,-122
1767174408.2822382,7,-2,-127
1767174408.2922382,5,-2,-125
1767174408.3022382,6,0,-126
1767174408.3122382,6,0,-121
1767174408.3222382,6,-3,-123
1767174408.3322382,5,-4,-122
1767174408.3422382,0,-2,-124
1767174408.3522382,-1,4,-127
1767174408.3622382,-3,4,-125
1767174408.3722382,1,1,-125
1767174408.382238,1,1,-120
1767174408.392238,-3,-1,-117
1767174408.402238,-7,1,-115
1767174408.412238,-3,1,-118
1767174408.422238,-1,0,-123
1767174408.432238,0,1,-120
1767174408.442238,0,3,-119
1767174408.452238,-3,4,-113
1767174408.462238,-4,4,-112
1767174408.472238,-3,4,-114
1767174408.482238,-3,3,-117
1767174408.492238,-6,5,-117
1767174408.502238,-5,3,-122
1767174408.5122385,-5,1,-115
1767174408.5222385,-2,1,-112
1767174408.5322382,-1,-1,-113
1767174408.5422382,4,-5,-116
1767174408.5522382,2,-3,-122
1767174408.5622382,4,-4,-124
1767174408.5722382,8,-6,-125
1767174408.5822382,11,-5,-123
1767174408.5922382,7,-5,-126
1767174408.6022382,3,-5,-122
1767174408.6122382,2,-3,-121
1767174408.6222382,1,-4,-121
1767174408.632238,-4,-3,-118
1767174408.642238,-6,-5,-122
1767174408.652238,-4,-6,-122
1767174408.662238,-7,-3,-125
1767174408.672238,-9,0,-124
1767174408.682238,-7,-3,-132
1767174408.692238,-3,-6,-132
1767174408.702238,-2,-5,-132
1767174408.712238,-1,-6,-131
1767174408.722238,-2,-6,-132
1767174408.7332382,-7,-8,-129
1767174408.742238,-5,-6,-126
1767174408.752238,-1,-6,-127
1767174408.7622385,-5,-9,-117
1767174408.7722385,-6,-10,-121
1767174408.7822382,-8,-8,-124
1767174408.7922382,-5,-3,-124
1767174408.8022382,-2,-1,-123
1767174408.8122382,0,-3,-127
1767174408.8222382,4,-1,-121
1767174408.8322382,0,-1,-119
1767174408.8422382,-1,-2,-113
1767174408.8522382,-3,-3,-114
1767174408.8622382,-1,-7,-119
1767174408.8722382,-1,-8,-121
1767174408.882238,-6,-7,-133
1767174408.892238,-6,-8,-143
1767174408.902238,-6,-9,-137
1767174408.912238,-3,-9,-134
1767174408.922238,2,-6,-132
1767174408.932238,1,-2,-135
1767174408.942238,6,-2,-135
1767174408.952238,4,-5,-129
1767174408.962238,0,-1,-128
1767174408.972238,0,-2,-131
1767174408.982238,-3,-4,-127
1767174408.992238,1,-5,-125
1767174409.002238,3,-8,-127
1767174409.0122385,5,-4,-129
1767174409.0222385,2,-4,-133
1767174409.0322382,1,0,-130
1767174409.0422382,5,1,-127
1767174409.0522382,8,0,-120
1767174409.0622382,4,-3,-114
1767174409.0722382,3,-3,-110
1767174409.0822382,5,-2,-114
1767174409.0922382,3,-1,-117
1767174409.1022382,2,0,-121
1767174409.1122382,3,-1,-119
1767174409.1222382,2,-5,-123
1767174409.132238,2,-6,-130
1767174409.142238,4,-8,-137
1767174409.152238,1,-4,-129
1767174409.162238,-2,-7,-125
1767174409.172238,-2,-8,-122
1767174409.182238,-2,-8,-120
1767174409.192238,-6,-1,-124
1767174409.202238,-5,1,-120
1767174409.212238,-4,1,-120
1767174409.222238,-4,-1,-122
1767174409.232238,-1,0,-117
1767174409.242238,2,5,-117
1767174409.252238,2,3,-120
1767174409.2622385,2,2,-123
1767174409.2722385,4,3,-130
1767174409.2822382,1,0,-122
1767174409.2922382,0,-3,-122
1767174409.3022382,0,-3,-123
1767174409.3122382,3,-5,-120
1767174409.3222382,1,-2,-121
1767174409.333238,-2,-5,-126
1767174409.343238,-1,-5,-126
1767174409.3522382,2,-6,-125
1767174409.3622382,4,-5,-123
1767174409.3722382,2,-9,-123
1767174409.383238,-3,-11,-118
1767174409.393238,-2,-9,-118
1767174409.403238,0,-5,-126
1767174409.413238,3,-7,-131
1767174409.423238,2,-4,-134
1767174409.4332385,4,-6,-132
1767174409.4432385,1,-6,-128
1767174409.4532382,1,-9,-126
1767174409.4632382,0,-12,-132
1767174409.4732382,4,-11,-131
1767174409.4832382,0,-8,-125
1767174409.4932382,-4,-6,-125
1767174409.5032382,-4,-5,-127
1767174409.5132382,-3,-1,-120
1767174409.5232382,0,0,-116
1767174409.5332382,1,-2,-117
1767174409.5432382,1,-4,-117
1767174409.5532382,0,-7,-118
1767174409.563238,3,-3,-123
1767174409.573238,6,-2,-122
1767174409.583238,6,-2,-115
1767174409.593238,0,-5,-124
1767174409.603238,-1,-1,-123
1767174409.613238,1,-2,-128
1767174409.623238,-5,-3,-129
1767174409.633238,-5,-1,-125
1767174409.643238,-8,1,-124
1767174409.653238,-2,5,-123
1767174409.663238,0,0,-125
1767174409.673238,-1,-4,-130
1767174409.6832385,0,0,-127
1767174409.6932385,-1,2,-129
1767174409.7032382,-1,2,-125
1767174409.7132382,2,1,-125
1767174409.7232382,0,0,-131
1767174409.7332382,0,0,-132
1767174409.7432382,-2,0,-129
1767174409.7532382,-6,-4,-125
1767174409.7632382,-3,0,-123
1767174409.7732382,-3,2,-127
1767174409.7832382,-4,-2,-131
1767174409.7932382,-3,-4,-131
1767174409.8032382,0,-5,-130
1767174409.813238,-1,-8,-127
1767174409.823238,-2,-10,-133
1767174409.833238,-4,-7,-135
1767174409.843238,-4,-2,-129
1767174409.853238,-3,-1,-136
1767174409.863238,0,-1,-127
1767174409.873238,-3,0,-124
1767174409.883238,-2,1,-118
1767174409.893238,0,4,-126
1767174409.903238,0,4,-130
1767174409.913238,-4,4,-130
1767174409.923238,-4,3,-122
1767174409.9332385,1,3,-125
1767174409.9432385,0,0,-130
1767174409.9532382,2,0,-129
1767174409.9632382,1,-2,-126
1767174409.9732382,1,-4,-124
1767174409.9832382,0,-7,-126
1767174409.9932382,1,-7,-127
1767174410.0032382,-2,-6,-134
1767174410.0132382,-2,-3,-127
1767174410.0232382,-1,-1,-122
1767174410.0332382,3,-4,-124
1767174410.0432382,0,-1,-123
1767174410.0532382,4,1,-122
1767174410.063238,0,-1,-128
1767174410.073238,-1,-1,-125
1767174410.083238,-1,-2,-120
1767174410.093238,-3,-1,-122
1767174410.103238,-2,0,-126
1767174410.113238,-5,1,-124
1767174410.123238,-5,-1,-128
1767174410.133238,-1,-4,-122
1767174410.143238,1,-5,-125
1767174410.153238,1,-2,-123
1767174410.163238,4,-1,-120
1767174410.173238,2,2,-119
1767174410.1832385,1,2,-121
1767174410.1932385,0,2,-121
1767174410.2032382,0,4,-122
1767174410.2132382,-1,-2,-121
1767174410.2232382,2,-5,-118
1767174410.2332382,3,-2,-116
1767174410.2432382,4,0,-119
1767174410.2532382,2,0,-118
1767174410.2632382,-1,0,-127
1767174410.2732382,-4,1,-132
1767174410.2832382,-4,3,-125
1767174410.2932382,0,5,-117
1767174410.3032382,1,4,-109
1767174410.313238,2,-2,-110
1767174410.323238,4,0,-110
1767174410.333238,6,-1,-106
1767174410.343238,-1,1,-109
1767174410.353238,-2,6,-105
1767174410.363238,0,5,-105
1767174410.373238,0,6,-106
1767174410.383238,0,6,-112
1767174410.393238,1,2,-116
1767174410.403238,0,1,-119
1767174410.413238,-1,4,-117
1767174410.423238,0,3,-111
1767174410.4332385,1,0,-111
1767174410.4432385,0,-2,-115
1767174410.4532382,2,-1,-112
1767174410.4632382,1,0,-109
1767174410.4732382,2,-2,-112
1767174410.4832382,0,0,-118
1767174410.4932382,1,-3,-121
1767174410.5032382,-1,-2,-122
1767174410.5132382,6,-3,-126
1767174410.5232382,8,-6,-128
1767174410.5332382,4,-3,-126
1767174410.5432382,1,0,-127
1767174410.5532382,3,2,-120
1767174410.563238,0,4,-117
1767174410.573238,2,3,-114
1767174410.583238,4,1,-114
1767174410.593238,1,-2,-119
1767174410.603238,1,-2,-122
1767174410.613238,4,0,-122
1767174410.623238,3,-2,-120
1767174410.633238,0,-4,-122
1767174410.643238,-2,0,-124
1767174410.653238,0,1,-117
1767174410.663238,-2,-1,-120
1767174410.673238,0,-2,-119
1767174410.6832385,1,-1,-118
1767174410.6932385,1,3,-116
1767174410.7032382,-1,1,-116
1767174410.7132382,-3,2,-109
1767174410.7232382,-4,3,-111
1767174410.7332382,-4,1,-116
1767174410.7432382,-6,0,-123
1767174410.7532382,-3,-2,-128
1767174410.7632382,0,0,-127
1767174410.7732382,-2,1,-130
1767174410.7832382,-5,1,-132
1767174410.7932382,-4,1,-129
1767174410.8032382,-7,2,-127
1767174410.813238,-3,2,-133
1767174410.823238,-2,4,-135
1767174410.833238,0,5,-126
1767174410.843238,0,2,-122
1767174410.853238,2,4,-120
1767174410.863238,0,0,-119
1767174410.873238,4,1,-123
1767174410.883238,3,1,-127
1767174410.893238,3,0,-131
1767174410.903238,8,0,-130
1767174410.913238,8,0,-124
1767174410.923238,2,5,-125
1767174410.9332385,0,5,-125
1767174410.9432385,1,4,-123
1767174410.9532382,1,1,-125
1767174410.9632382,-3,0,-123
1767174410.9732382,0,1,-121
1767174410.9832382,7,4,-115
1767174410.9932382,5,1,-115
1767174411.0032382,2,0,-119
1767174411.0132382,5,-2,-122
1767174411.0232382,5,-3,-121
1767174411.0332382,6,-1,-121
1767174411.0432382,0,0,-121
1767174411.0532382,0,-1,-114
1767174411.063238,0,0,-118
1767174411.073238,1,-4,-126
1767174411.083238,4,-5,-124
1767174411.093238,0,-4,-126
1767174411.103238,0,-2,-124
1767174411.113238,0,0,-123
1767174411.123238,-1,2,-122
1767174411.133238,-1,1,-129
1767174411.143238,-1,0,-134
1767174411.153238,-2,1,-133
1767174411.163238,-6,2,-128
1767174411.173238,-7,1,-128
1767174411.1832385,-4,0,-124
1767174411.1932385,2,0,-125
1767174411.2032382,2,1,-122
1767174411.2132382,1,3,-119
1767174411.2232382,1,1,-116
1767174411.2332382,3,1,-114
1767174411.2432382,-1,0,-107
1767174411.2532382,-3,-3,-106
1767174411.2632382,-2,-2,-107
1767174411.2732382,-1,-3,-105
1767174411.2832382,-4,-1,-108
1767174411.2932382,-2,5,-109
1767174411.3032382,-6,3,-106
1767174411.313238,-5,4,-114
1767174411.323238,-8,10,-114
1767174411.333238,-2,9,-114
1767174411.343238,0,4,-117
1767174411.353238,0,0,-122
1767174411.363238,4,1,-126
1767174411.373238,4,2,-126
1767174411.383238,1,2,-126
1767174411.393238,2,4,-128
1767174411.403238,5,4,-120
1767174411.413238,4,0,-118
1767174411.423238,4,-1,-116
1767174411.4332385,5,0,-111
1767174411.4432385,6,-1,-117
1767174411.4532382,7,-5,-119
1767174411.4632382,6,-4,-124
1767174411.4732382,4,1,-120
1767174411.4832382,5,2,-121
1767174411.4932382,5,2,-127
1767174411.5032382,6,0,-127
1767174411.5132382,4,0,-126
1767174411.5232382,1,0,-128
1767174411.5332382,1,-1,-127
1767174411.5432382,1,-6,-126
1767174411.5532382,0,-4,-121
1767174411.563238,-5,-3,-118
1767174411.573238,-4,-9,-124
1767174411.583238,-6,-9,-125
1767174411.593238,-5,-5,-125
1767174411.603238,-7,-9,-120
1767174411.613238,-5,-6,-121
1767174411.623238,-1,-3,-119
1767174411.633238,-3,-2,-120
1767174411.643238,-5,0,-128
1767174411.653238,-1,3,-128
1767174411.663238,0,0,-122
1767174411.673238,2,0,-118
1767174411.6832385,2,1,-116
1767174411.6932385,5,2,-113
1767174411.7032382,6,1,-118
1767174411.7132382,0,0,-119
1767174411.7232382,0,1,-125
1767174411.7332382,-3,2,-128
1767174411.7432382,-1,-3,-128
1767174411.7532382,-1,-2,-126
1767174411.7632382,-4,-4,-121
1767174411.7732382,-2,-2,-123
1767174411.7832382,-2,-1,-123
1767174411.7932382,0,-4,-128
1767174411.8032382,0,-5,-123
1767174411.813238,-6,-6,-122
1767174411.823238,-6,-6,-116
1767174411.833238,-5,-9,-114
1767174411.843238,-5,-11,-112
1767174411.853238,-7,-10,-116
1767174411.863238,-7,-10,-123
1767174411.873238,-4,-4,-127
1767174411.883238,-4,-1,-124
1767174411.893238,-1,2,-124
1767174411.903238,-7,5,-118
1767174411.913238,-10,6,-120
1767174411.923238,-10,6,-126
1767174411.9332385,-9,6,-119
1767174411.9432385,-8,5,-116
1767174411.9532382,-3,2,-109
1767174411.9632382,0,2,-116
1767174411.9732382,0,0,-120
1767174411.9832382,1,-1,-120
1767174411.9932382,-5,0,-123
1767174412.004238,-4,3,-127
1767174412.014238,-5,1,-122
1767174412.0232382,-8,4,-125
1767174412.034238,-7,3,-127
1767174412.044238,-9,2,-124
1767174412.054238,-9,3,-130
1767174412.064238,-4,4,-129
1767174412.074238,-2,4,-122
1767174412.084238,-3,0,-121
1767174412.094238,0,0,-123
1767174412.1042385,3,0,-125
1767174412.1142385,6,-3,-116
1767174412.1242385,6,-6,-116
1767174412.1342382,2,-6,-115
1767174412.1442382,0,-10,-115
1767174412.1542382,-3,-9,-111
1767174412.1642382,3,-9,-116
1767174412.1742382,0,-8,-116
1767174412.1842382,-1,-3,-120
1767174412.1942382,4,-4,-117
1767174412.2042382,7,-3,-119
1767174412.2142382,7,-3,-123
1767174412.2242382,0,-1,-116
1767174412.234238,1,-3,-112
1767174412.244238,2,0,-117
1767174412.254238,0,0,-118
1767174412.264238,2,-1,-122
1767174412.274238,3,-4,-127
1767174412.284238,3,-3,-130
1767174412.294238,4,0,-131
1767174412.304238,1,2,-133
1767174412.314238,0,0,-127
1767174412.324238,-4,0,-129
1767174412.334238,-4,0,-132
1767174412.344238,-2,1,-131
1767174412.3542385,0,0,-127
1767174412.3642385,0,0,-118
1767174412.3742385,1,1,-120
1767174412.3842382,1,-1,-124
1767174412.3942382,2,-2,-124
1767174412.4042382,2,-3,-123
1767174412.4142382,3,-3,-121
1767174412.4242382,3,-1,-114
1767174412.4342382,4,-4,-113
1767174412.4442382,4,-3,-115
1767174412.4542382,0,-2,-114
1767174412.4642382,0,-3,-114
1767174412.4742382,-4,-1,-112
1767174412.484238,-6,-1,-111
1767174412.494238,-7,0,-120
1767174412.504238,-10,7,-127
1767174412.514238,-8,4,-127
1767174412.524238,-7,0,-129
1767174412.534238,-7,-3,-136
1767174412.544238,-2,-2,-136
1767174412.554238,4,-6,-136
1767174412.564238,3,-6,-139
1767174412.574238,1,-6,-136
1767174412.584238,0,-2,-132
1767174412.594238,2,-5,-130
1767174412.6042385,1,-7,-137
1767174412.6142385,-3,-6,-135
1767174412.6242385,-6,-2,-136
1767174412.6342382,0,0,-136
1767174412.6442382,0,-4,-140
1767174412.6542382,-1,-5,-140
1767174412.6642382,-4,-1,-132
1767174412.6742382,-5,4,-124
1767174412.6842382,-3,7,-119
1767174412.6942382,0,4,-121
1767174412.7042382,1,6,-114
1767174412.7142382,2,2,-115
1767174412.7242382,3,2,-117
1767174412.734238,3,6,-119
1767174412.744238,4,4,-122
1767174412.754238,2,7,-127
1767174412.764238,2,5,-126
1767174412.774238,2,4,-126
1767174412.784238,-1,3,-125
1767174412.794238,-3,3,-121
1767174412.804238,-2,3,-120
1767174412.814238,0,6,-119
1767174412.824238,0,0,-120
1767174412.834238,-4,0,-117
1767174412.844238,-1,-4,-118
1767174412.8542385,-1,-1,-125
1767174412.8642385,-2,-2,-129
1767174412.8742385,1,-3,-125
1767174412.8842382,1,-4,-120
1767174412.8942382,2,-6,-121
1767174412.9042382,2,-5,-123
1767174412.9142382,2,-2,-124
1767174412.9242382,4,1,-115
1767174412.9342382,0,0,-122
1767174412.9442382,0,-1,-125
1767174412.9542382,1,-3,-131
1767174412.9642382,1,-4,-127
1767174412.9742382,-1,-5,-125
1767174412.984238,2,-3,-119
1767174412.994238,4,-1,-124
1767174413.004238,2,-3,-124
1767174413.014238,-1,-4,-123
1767174413.024238,1,-5,-121
1767174413.034238,0,-4,-123
1767174413.044238,-1,-1,-126
1767174413.054238,-1,0,-120
1767174413.064238,1,2,-124
1767174413.074238,-1,-1,-126
1767174413.084238,-3,-1,-132
1767174413.094238,-4,0,-120
1767174413.1042385,-5,0,-120
1767174413.126238,-1,4,-119
1767174413.1342382,-4,4,-122
1767174413.1442382,-3,3,-119
1767174413.1542382,-1,0,-120
1767174413.1642382,0,-1,-119
1767174413.1742382,1,0,-122
1767174413.1842382,4,-2,-126
1767174413.1942382,5,-3,-124
1767174413.2042382,1,0,-120
1767174413.2142382,6,2,-129
1767174413.2242382,4,2,-133
1767174413.234238,2,1,-134
1767174413.244238,6,3,-132
1767174413.254238,3,4,-125
1767174413.264238,2,2,-121
1767174413.274238,3,2,-120
1767174413.284238,2,-1,-118
1767174413.294238,1,0,-120
1767174413.304238,0,0,-121
1767174413.314238,-1,1,-121
1767174413.324238,0,1,-123
1767174413.334238,1,3,-126
1767174413.344238,2,4,-129
1767174413.3542385,-6,0,-127
1767174413.3642385,-5,0,-131
1767174413.3742385,-7,-1,-128
1767174413.3842382,-2,1,-127
1767174413.3942382,-5,0,-124
1767174413.4042382,0,3,-120
1767174413.4142382,-3,3,-114
1767174413.4242382,-3,1,-114
1767174413.4342382,-2,0,-114
1767174413.4442382,-2,2,-114
1767174413.4542382,-1,5,-115
1767174413.4642382,0,0,-119
1767174413.4742382,2,0,-122
1767174413.484238,2,2,-117
1767174413.494238,3,0,-119
1767174413.504238,4,0,-114
1767174413.514238,0,0,-115
1767174413.524238,0,-3,-122
1767174413.534238,-1,0,-127
1767174413.544238,-1,-4,-127
1767174413.554238,-3,-2,-125
1767174413.564238,-3,-5,-122
1767174413.574238,-4,-3,-119
1767174413.584238,-4,0,-123
1767174413.594238,-2,-3,-124
1767174413.6042385,-1,-5,-118
1767174413.6142385,0,-4,-113
1767174413.6242385,1,-4,-114
1767174413.6342382,2,-5,-117
1767174413.6442382,1,-4,-117
1767174413.6542382,2,-2,-123
1767174413.6642382,-1,0,-126
1767174413.6742382,-4,-2,-120
1767174413.6842382,-5,-4,-115
1767174413.6942382,-2,-3,-117
1767174413.7042382,0,0,-122
1767174413.7142382,-1,0,-118
1767174413.7242382,0,-2,-115
1767174413.734238,1,-5,-127
1767174413.744238,-2,-4,-125
1767174413.754238,0,-1,-129
1767174413.764238,2,-2,-126
1767174413.774238,4,3,-118
1767174413.784238,2,3,-121
1767174413.794238,7,0,-123
1767174413.804238,4,0,-119
1767174413.814238,5,4,-120
1767174413.824238,5,1,-129
1767174413.834238,4,-2,-126
1767174413.844238,6,-3,-131
1767174413.8542385,3,-4,-129
1767174413.8642385,0,-3,-127
1767174413.8742385,0,-1,-129
1767174413.8842382,-2,0,-128
1767174413.8942382,0,1,-128
1767174413.9042382,0,1,-130
1767174413.9142382,4,-4,-131
1767174413.9242382,5,-2,-126
1767174413.9342382,0,-1,-121
1767174413.9442382,-8,2,-123
1767174413.9542382,-2,0,-124
1767174413.9642382,-3,6,-121
1767174413.9742382,-3,5,-124
1767174413.984238,-3,6,-129
1767174413.994238,-7,7,-125
1767174414.004238,-3,1,-119
1767174414.014238,-4,0,-120
1767174414.024238,-2,-1,-125
1767174414.034238,1,-1,-127
1767174414.044238,4,0,-122
1767174414.054238,6,0,-115
1767174414.064238,2,0,-116
1767174414.074238,-2,0,-119
1767174414.084238,0,0,-122
1767174414.094238,1,-2,-125
1767174414.1042385,3,-1,-121
1767174414.1142385,2,2,-118
1767174414.1242385,3,1,-122
1767174414.1342382,7,1,-119
1767174414.1442382,2,5,-116
1767174414.1542382,1,7,-118
1767174414.1642382,0,8,-124
1767174414.1742382,0,4,-120
1767174414.1842382,1,6,-122
1767174414.1942382,1,7,-122
1767174414.2042382,0,8,-125
1767174414.2142382,0,2,-122
1767174414.2242382,-3,-1,-119
1767174414.234238,-7,0,-121
1767174414.244238,-5,0,-120
1767174414.254238,-2,-1,-125
1767174414.264238,-4,-1,-122
1767174414.274238,0,0,-125
1767174414.284238,0,2,-127
1767174414.294238,1,0,-131
1767174414.304238,1,-3,-126
1767174414.314238,-3,-4,-131
1767174414.324238,-3,-4,-127
1767174414.334238,0,0,-124
1767174414.344238,1,-3,-124
1767174414.3542385,-3,-3,-123
1767174414.3642385,-2,-3,-123
1767174414.3742385,-2,-3,-119
1767174414.3842382,-5,2,-119
1767174414.3942382,-5,2,-117
1767174414.4042382,-3,4,-117
1767174414.4142382,-5,9,-120
1767174414.4242382,-9,6,-120
1767174414.4342382,-8,6,-123
1767174414.4442382,-9,4,-125
1767174414.4542382,-8,3,-128
1767174414.4642382,0,0,-128
1767174414.4742382,0,-3,-123
1767174414.484238,0,-9,-120
1767174414.494238,-2,-7,-118
1767174414.504238,-6,-7,-119
1767174414.514238,-4,-5,-121
1767174414.524238,-2,-3,-120
1767174414.534238,-5,0,-116
1767174414.544238,-2,0,-118
1767174414.554238,-4,4,-112
1767174414.564238,-7,5,-111
1767174414.574238,-4,5,-116
1767174414.584238,-1,3,-118
1767174414.5952382,0,2,-125
1767174414.6042385,-2,0,-125
1767174414.6142385,0,2,-121
1767174414.6242385,-3,3,-118
1767174414.6352382,-6,3,-119
1767174414.6442382,-6,5,-117
1767174414.6552382,-5,3,-116
1767174414.665238,-1,2,-123
1767174414.675238,1,3,-123
1767174414.685238,1,4,-125
1767174414.695238,-2,1,-125
1767174414.705238,-2,0,-122
1767174414.715238,-5,0,-120
1767174414.725238,-10,-1,-120
1767174414.735238,-9,-2,-118
1767174414.745238,-9,0,-119
1767174414.755238,-10,1,-115
1767174414.765238,-11,-1,-123
1767174414.775238,-7,-2,-124
1767174414.7852385,-2,-2,-125
1767174414.7952385,0,-1,-118
1767174414.8052382,1,0,-120
1767174414.8152382,0,-5,-123
1767174414.8252382,-1,-6,-122
1767174414.8352382,1,-4,-121
1767174414.8452382,-3,-3,-111
1767174414.8552382,0,-1,-114
1767174414.8652382,1,1,-119
1767174414.8752382,-1,1,-119
1767174414.8852382,0,3,-116
1767174414.8952382,0,3,-116
1767174414.9052382,3,3,-113
1767174414.915238,6,5,-109
1767174414.925238,1,8,-114
1767174414.935238,4,6,-117
1767174414.945238,-2,4,-119
1767174414.955238,-1,4,-117
1767174414.965238,2,1,-114
1767174414.975238,-1,-3,-109
1767174414.985238,2,-4,-117
1767174414.995238,1,-5,-122
1767174415.005238,5,0,-126
1767174415.015238,5,0,-128
1767174415.025238,6,1,-129
1767174415.0352385,3,-1,-126
1767174415.0452385,2,-2,-119
1767174415.0552382,3,-6,-116
1767174415.0652382,4,-7,-115
1767174415.0752382,1,-9,-115
1767174415.0852382,2,-6,-117
1767174415.0952382,2,-5,-122
1767174415.1052382,0,-4,-125
1767174415.1152382,6,-5,-130
1767174415.1252382,4,-5,-129
1767174415.1352382,0,-8,-126
1767174415.1452382,-1,-5,-125
1767174415.1552382,1,-3,-117
1767174415.165238,3,-2,-124
1767174415.175238,2,-1,-123
1767174415.185238,0,1,-122
1767174415.195238,-2,3,-118
1767174415.205238,1,4,-119
1767174415.215238,0,0,-122
1767174415.225238,2,3,-128
1767174415.235238,1,0,-126
1767174415.245238,-2,0,-131
1767174415.255238,-4,0,-133
1767174415.265238,-7,-1,-127
1767174415.275238,-4,-1,-128
1767174415.2852385,-1,2,-131
1767174415.2952385,-5,-2,-130
1767174415.3052382,-4,-1,-127
1767174415.3152382,-4,-2,-122
1767174415.3252382,-2,-4,-120
1767174415.3352382,-2,-1,-117
1767174415.3452382,-2,2,-111
1767174415.3552382,-1,5,-107
1767174415.3652382,0,4,-106
1767174415.3752382,-2,5,-103
1767174415.3852382,-5,5,-107
1767174415.3952382,-2,3,-112
1767174415.4052382,0,2,-115
1767174415.415238,0,2,-121
1767174415.425238,0,0,-123
1767174415.435238,-2,1,-126
1767174415.445238,-4,0,-123
1767174415.455238,-2,0,-118
1767174415.465238,2,1,-117
1767174415.475238,3,-1,-117
1767174415.485238,0,0,-117
1767174415.495238,2,1,-120
1767174415.505238,0,3,-124
1767174415.515238,0,0,-124
1767174415.525238,0,-2,-131
1767174415.5352385,0,-1,-134
1767174415.5452385,0,-5,-130
1767174415.5552382,2,-7,-127
1767174415.5652382,0,-8,-130
1767174415.5752382,-1,-7,-130
1767174415.5852382,0,-10,-129
1767174415.5952382,3,-11,-129
1767174415.6052382,0,-5,-122
1767174415.6152382,-1,-1,-123
1767174415.6252382,-1,0,-127
1767174415.6352382,-2,4,-124
1767174415.6452382,-2,2,-125
1767174415.6552382,-2,2,-125
1767174415.665238,2,0,-123
1767174415.675238,2,-1,-124
1767174415.685238,4,-1,-123
1767174415.695238,7,0,-124
1767174415.705238,5,-2,-125
1767174415.715238,1,-4,-124
1767174415.725238,3,-7,-118
1767174415.735238,5,-6,-118
1767174415.745238,1,-5,-120
1767174415.755238,-1,-6,-122
1767174415.765238,2,-9,-119
1767174415.775238,0,-10,-117
1767174415.7852385,1,-9,-116
1767174415.7952385,1,-9,-118
1767174415.8052382,0,-11,-123
1767174415.8152382,0,-7,-121
1767174415.8252382,0,2,-124
1767174415.8352382,-4,2,-124
1767174415.8452382,-2,1,-123
1767174415.8552382,-5,1,-135
1767174415.8652382,-6,-1,-133
1767174415.8752382,-8,1,-131
1767174415.8852382,-3,-1,-133
1767174415.8952382,-5,-1,-132
1767174415.9052382,2,2,-130
1767174415.915238,0,1,-133
1767174415.925238,4,0,-135
1767174415.935238,4,1,-133
1767174415.945238,4,0,-137
1767174415.955238,1,3,-130
1767174415.965238,2,2,-135
1767174415.975238,0,2,-134
1767174415.985238,0,2,-131
1767174415.995238,-3,1,-127
1767174416.005238,-3,1,-119
1767174416.015238,-4,-1,-118
1767174416.025238,-4,3,-116
1767174416.0352385,-8,4,-116
1767174416.0452385,-5,8,-123
1767174416.0552382,-3,7,-128
1767174416.0652382,-6,5,-129
1767174416.0752382,-11,6,-124
1767174416.0852382,-10,3,-128
1767174416.0952382,-10,0,-127
1767174416.106238,-9,1,-121
1767174416.1152382,-7,4,-122
1767174416.1252382,-7,5,-123
1767174416.1352382,-6,4,-122
1767174416.1452382,-3,3,-125
1767174416.1552382,0,5,-120
1767174416.165238,0,7,-120
1767174416.175238,-1,6,-121
1767174416.185238,0,4,-121
1767174416.195238,3,3,-121
1767174416.205238,4,0,-117
1767174416.215238,7,2,-123
1767174416.225238,7,0,-131
1767174416.235238,5,2,-135
1767174416.245238,0,0,-134
1767174416.255238,0,-2,-131
1767174416.265238,-4,-3,-123
1767174416.275238,0,-2,-125
1767174416.2852385,-1,1,-120
1767174416.2952385,0,-1,-118
1767174416.3052382,3,-1,-123
1767174416.3152382,3,-5,-123
1767174416.3252382,2,-8,-125
1767174416.3352382,2,-7,-121
1767174416.3452382,4,-5,-122
1767174416.3552382,2,-5,-124
1767174416.3652382,2,-2,-121
1767174416.3752382,2,2,-124
1767174416.3852382,5,4,-122
1767174416.3952382,1,0,-116
1767174416.4052382,1,-2,-117
1767174416.415238,0,-2,-111
1767174416.425238,0,-5,-111
1767174416.435238,0,-6,-113
1767174416.445238,-1,-6,-112
1767174416.455238,4,-8,-117
1767174416.465238,1,-8,-117
1767174416.475238,5,-10,-121
1767174416.485238,6,-9,-123
1767174416.495238,5,-3,-125
1767174416.505238,5,-4,-130
1767174416.515238,5,-1,-135
1767174416.525238,9,-2,-132
1767174416.5352385,13,-3,-125
1767174416.5452385,10,-7,-126
1767174416.5552382,7,-5,-127
1767174416.5652382,3,-4,-123
1767174416.5752382,0,-7,-120
1767174416.5852382,-1,-3,-128
1767174416.5952382,2,-5,-134
1767174416.6052382,0,-5,-139
1767174416.6152382,-2,0,-139
1767174416.6252382,-3,1,-135
1767174416.6352382,0,5,-132
1767174416.6452382,-2,2,-133
1767174416.6552382,-6,0,-132
1767174416.665238,-7,-1,-124
1767174416.675238,-9,2,-126
1767174416.685238,-9,0,-120
1767174416.695238,-6,-1,-120
1767174416.705238,-9,3,-124
1767174416.715238,-6,0,-125
1767174416.725238,-3,-2,-121
1767174416.735238,-2,-2,-118
1767174416.745238,-3,0,-114
1767174416.755238,-3,1,-115
1767174416.765238,-3,0,-120
1767174416.775238,-4,0,-118
1767174416.7852385,-7,0,-124
1767174416.7952385,-7,0,-126
1767174416.8052382,-6,-1,-128
1767174416.8152382,-3,1,-127
1767174416.8252382,-3,0,-124
1767174416.8352382,-1,-2,-123
1767174416.8452382,-2,0,-125
1767174416.8552382,-2,-3,-121
1767174416.8652382,-2,-3,-128
1767174416.8752382,-6,-6,-129
1767174416.8852382,-5,-5,-125
1767174416.8952382,-9,-4,-122
1767174416.9052382,-8,-3,-124
1767174416.915238,-10,-5,-119
1767174416.925238,-11,-7,-119
1767174416.935238,-8,-7,-120
1767174416.945238,-10,-3,-117
1767174416.955238,-9,-4,-121
1767174416.965238,-5,-7,-125
1767174416.975238,-1,-8,-123
1767174416.985238,0,-10,-111
1767174416.995238,0,-10,-120
1767174417.005238,0,-4,-126
1767174417.015238,-3,-1,-124
1767174417.025238,-7,1,-123
1767174417.0352385,-4,-1,-127
1767174417.0452385,0,0,-119
1767174417.0552382,1,0,-113
1767174417.0652382,-1,4,-118
1767174417.0752382,2,4,-123
1767174417.0852382,5,2,-122
1767174417.0952382,-3,0,-123
1767174417.1052382,-7,4,-127
1767174417.1152382,-7,3,-130
1767174417.1252382,-6,4,-129
1767174417.1352382,-9,0,-123
1767174417.1452382,-11,-6,-123
1767174417.1552382,-8,-2,-123
1767174417.165238,-4,-3,-117
1767174417.175238,-8,-5,-114
1767174417.185238,-1,-5,-110
1767174417.195238,-1,-5,-114
1767174417.205238,-4,-2,-109
1767174417.215238,-2,-2,-112
1767174417.225238,1,-1,-112
1767174417.235238,1,-2,-115
1767174417.2462382,0,-4,-117
1767174417.255238,0,-6,-121
1767174417.265238,2,-6,-130
1767174417.275238,4,-8,-123
1767174417.2862382,3,-3,-119
1767174417.2962382,5,-1,-123
1767174417.3062382,4,-2,-119
1767174417.3152382,2,-4,-117
1767174417.3262382,-4,-3,-123
1767174417.336238,-1,0,-122
1767174417.346238,0,-1,-120
1767174417.356238,0,0,-119
1767174417.366238,0,0,-123
1767174417.376238,0,-5,-124
1767174417.386238,0,-6,-123
1767174417.396238,-3,-6,-121
1767174417.406238,0,-7,-127
1767174417.416238,2,-9,-122
1767174417.426238,3,-7,-120
1767174417.436238,2,-5,-113
1767174417.446238,0,0,-116
1767174417.4562385,-5,0,-121
1767174417.4662385,-6,-3,-121
1767174417.4762385,-4,-3,-121
1767174417.4862382,-6,3,-113
1767174417.4962382,-4,3,-122
1767174417.5062382,-3,3,-120
1767174417.5162382,-1,5,-119
1767174417.5262382,0,3,-120
1767174417.5362382,-2,2,-124
1767174417.5462382,-3,2,-123
1767174417.5562382,-4,2,-116
1767174417.5662382,-8,3,-121
1767174417.5762382,-7,0,-116
1767174417.586238,-8,-6,-114
1767174417.596238,-5,-11,-117
1767174417.606238,-3,-5,-114
1767174417.616238,-1,-5,-108
1767174417.626238,6,-5,-115
1767174417.636238,1,-6,-119
1767174417.646238,0,-4,-110
1767174417.656238,2,-3,-110
1767174417.666238,2,-2,-109
1767174417.676238,6,0,-112
1767174417.686238,1,-7,-117
1767174417.696238,2,-7,-119
1767174417.7062385,1,-6,-120
1767174417.7162385,4,-1,-123
1767174417.7262385,2,0,-119
1767174417.7362382,2,-1,-118
1767174417.7462382,3,0,-120
1767174417.7562382,0,-1,-122
1767174417.7662382,-3,-6,-125
1767174417.7762382,-5,-8,-120
1767174417.7862382,-5,-7,-120
1767174417.7962382,-6,-2,-121
1767174417.8062382,-9,0,-116
1767174417.8162382,-6,-1,-109
1767174417.8262382,-3,-4,-110
1767174417.836238,-3,-1,-108
1767174417.846238,-1,1,-117
1767174417.856238,2,-1,-117
1767174417.866238,-4,-3,-122
1767174417.876238,-5,-1,-124
1767174417.886238,-4,0,-120
1767174417.896238,-1,0,-122
1767174417.906238,-2,4,-121
1767174417.916238,-4,1,-122
1767174417.926238,-2,-1,-116
1767174417.936238,0,-1,-118
1767174417.946238,1,0,-118
1767174417.9562385,2,1,-120
1767174417.9662385,0,0,-127
1767174417.9762385,2,0,-124
1767174417.9862382,2,3,-125
1767174417.9962382,2,3,-128
1767174418.0062382,-1,2,-128
1767174418.0162382,-2,1,-129
1767174418.0262382,-2,1,-128
1767174418.0362382,0,0,-126
1767174418.0462382,-4,-1,-120
1767174418.0562382,-8,2,-121
1767174418.0662382,0,2,-119
1767174418.0762382,0,4,-119
1767174418.086238,-1,3,-117
1767174418.096238,-3,3,-115
1767174418.106238,0,0,-110
1767174418.116238,-2,1,-111
1767174418.1372385,-7,-1,-124
1767174418.146238,0,-1,-131
1767174418.156238,2,-4,-125
1767174418.166238,1,-3,-121
1767174418.176238,5,0,-121
1767174418.186238,4,0,-118
1767174418.196238,2,0,-117
1767174418.2062385,4,1,-125
1767174418.2162385,-4,3,-126
1767174418.2262385,-6,1,-127
1767174418.2362382,-5,3,-126
1767174418.2462382,-3,2,-123
1767174418.2562382,-4,0,-119
1767174418.2662382,-5,-3,-119
1767174418.2762382,-5,-5,-118
1767174418.2862382,-6,-2,-117
1767174418.2962382,-2,-7,-116
1767174418.3062382,0,-6,-111
1767174418.3162382,-1,-3,-118
1767174418.3262382,-1,-1,-128
1767174418.336238,0,-5,-122
1767174418.346238,1,-5,-123
1767174418.356238,2,-8,-126
1767174418.366238,3,-5,-122
1767174418.376238,6,-3,-124
1767174418.386238,6,-6,-126
1767174418.396238,5,-11,-127
1767174418.406238,8,-9,-127
1767174418.416238,7,-5,-131
1767174418.426238,3,-3,-130
1767174418.436238,-1,-2,-126
1767174418.446238,0,1,-129
1767174418.4562385,0,0,-124
1767174418.4662385,-1,0,-125
1767174418.4762385,0,0,-114
1767174418.4862382,0,1,-112
1767174418.4962382,3,-2,-116
1767174418.5062382,6,-1,-114
1767174418.5162382,2,0,-114
1767174418.5262382,5,0,-116
1767174418.5362382,6,-5,-115
1767174418.5462382,5,-7,-114
1767174418.5562382,9,-5,-116
1767174418.5662382,0,-3,-116
1767174418.5762382,-4,-4,-114
1767174418.586238,-7,-3,-110
1767174418.596238,-8,-1,-114
1767174418.606238,-2,-3,-119
1767174418.616238,1,-6,-121
1767174418.626238,5,-8,-129
1767174418.636238,8,-3,-127
1767174418.646238,7,-2,-128
1767174418.656238,8,-3,-126
1767174418.666238,6,-4,-125
1767174418.676238,9,-3,-128
1767174418.686238,7,0,-131
1767174418.696238,8,0,-132
1767174418.7062385,5,2,-132
1767174418.7162385,6,1,-132
1767174418.7262385,2,0,-128
1767174418.7362382,0,2,-123
1767174418.7462382,3,1,-120
1767174418.7562382,3,0,-118
1767174418.7662382,2,2,-118
1767174418.7762382,1,4,-124
1767174418.7862382,0,5,-125
1767174418.7962382,-4,0,-120
1767174418.8062382,-6,-1,-128
1767174418.8162382,-7,-1,-128
1767174418.8262382,-6,-1,-120
1767174418.836238,-5,0,-118
1767174418.846238,-3,0,-119
1767174418.856238,-2,2,-125
1767174418.866238,-6,3,-123
1767174418.876238,-7,3,-124
1767174418.886238,-7,1,-121
1767174418.896238,-6,1,-123
1767174418.906238,-6,0,-124
1767174418.916238,-10,0,-118
1767174418.926238,-8,-5,-119
1767174418.936238,-4,0,-120
1767174418.946238,-4,-2,-128
1767174418.9562385,-6,0,-128
1767174418.9662385,-12,0,-123
1767174418.9762385,-10,-2,-133
1767174418.9862382,-4,-6,-132
1767174418.9962382,-4,-4,-132
1767174419.0062382,-1,-6,-133
1767174419.0162382,-2,-9,-126
1767174419.0262382,-1,-8,-127
1767174419.0362382,3,-5,-132
1767174419.0462382,0,-1,-131
1767174419.0562382,2,0,-125
1767174419.0662382,9,1,-123
1767174419.0762382,8,0,-122
1767174419.086238,6,1,-124
1767174419.096238,2,0,-125
1767174419.106238,1,1,-130
1767174419.116238,-1,2,-133
1767174419.126238,-6,0,-127
1767174419.136238,-4,-1,-126
1767174419.146238,1,0,-125
1767174419.156238,0,-2,-126
1767174419.166238,0,0,-130
1767174419.176238,2,3,-131
1767174419.186238,0,0,-136
1767174419.196238,0,-1,-136
1767174419.2062385,4,0,-139
1767174419.2162385,8,-3,-136
1767174419.2262385,4,-1,-132
1767174419.2362382,6,-3,-140
1767174419.2462382,11,-10,-143
1767174419.2562382,10,-13,-136
1767174419.2662382,8,-9,-142
1767174419.2762382,10,-9,-135
1767174419.2862382,10,-10,-129
1767174419.2962382,9,-6,-125
1767174419.3062382,2,-3,-120
1767174419.3162382,0,-1,-121
1767174419.3262382,0,4,-123
1767174419.336238,1,3,-122
1767174419.346238,0,0,-116
1767174419.356238,0,0,-114
1767174419.366238,0,1,-114
1767174419.376238,-6,7,-109
1767174419.386238,-6,5,-114
1767174419.396238,-9,2,-117
1767174419.406238,-9,0,-117
1767174419.416238,-5,0,-119
1767174419.426238,-1,0,-123
1767174419.436238,-1,0,-121
1767174419.446238,-2,0,-120
1767174419.4562385,-4,-3,-124
1767174419.4662385,-4,0,-120
1767174419.4762385,-3,0,-122
1767174419.4862382,2,2,-121
1767174419.4962382,2,6,-121
1767174419.5062382,0,5,-122
1767174419.5162382,-3,1,-121
1767174419.5262382,-4,3,-113
1767174419.5362382,-1,2,-115
1767174419.5462382,0,-1,-116
1767174419.5562382,-2,-4,-123
1767174419.5662382,1,-8,-122
1767174419.5762382,0,-6,-118
1767174419.586238,2,-6,-120
1767174419.596238,-1,-3,-128
1767174419.606238,-1,-4,-125
1767174419.616238,-1,-6,-133
1767174419.626238,-1,-8,-134
1767174419.636238,0,-8,-134
1767174419.646238,-4,-8,-128
1767174419.656238,-4,-6,-128
1767174419.666238,-2,-6,-124
1767174419.676238,-4,-4,-124
1767174419.686238,-8,-3,-123
1767174419.696238,-8,-4,-126
1767174419.7062385,-3,-5,-125
1767174419.7162385,-1,-4,-128
1767174419.7262385,0,-3,-132
1767174419.7362382,-3,-2,-126
1767174419.7462382,-5,-5,-124
1767174419.7562382,-2,-5,-125
1767174419.7662382,2,-2,-126
1767174419.7762382,1,-1,-119
1767174419.7862382,-2,0,-118
1767174419.7962382,1,0,-114
1767174419.8062382,0,-1,-110
1767174419.8162382,1,2,-111
1767174419.8262382,2,0,-123
1767174419.836238,4,2,-129
1767174419.846238,5,3,-134
1767174419.856238,-1,7,-131
1767174419.866238,-4,10,-118
1767174419.876238,-5,7,-119
1767174419.886238,1,8,-123
1767174419.8972385,1,9,-126
1767174419.906238,0,7,-125
1767174419.916238,2,1,-123
1767174419.926238,4,-2,-120
1767174419.9372382,0,-4,-121
1767174419.946238,-1,-4,-120
1767174419.9572382,1,-1,-121
1767174419.9672382,3,0,-117
1767174419.9772382,5,0,-118
1767174419.9872382,3,-5,-121
1767174419.9972382,3,-5,-121
1767174420.007238,2,-2,-123
1767174420.017238,7,-2,-122
1767174420.027238,2,0,-123
1767174420.037238,0,0,-125
1767174420.047238,-2,0,-123
1767174420.057238,-3,1,-126
1767174420.067238,-4,3,-128
1767174420.077238,-1,3,-127
1767174420.087238,-3,2,-125
1767174420.097238,-1,4,-129
1767174420.107238,1,3,-129
1767174420.117238,0,1,-123
1767174420.127238,-1,-2,-125
1767174420.1372385,-2,-3,-129
1767174420.1472385,-5,-2,-125
1767174420.1572382,-6,-3,-117
1767174420.1672382,-13,-4,-115
1767174420.1772382,-10,-4,-115
1767174420.1872382,-8,-3,-119
1767174420.1972382,-4,-2,-127
1767174420.2072382,0,-6,-127
1767174420.2172382,4,-6,-125
1767174420.2272382,5,-4,-125
1767174420.2372382,4,-4,-132
1767174420.2472382,0,-1,-134
1767174420.257238,-1,-5,-130
1767174420.267238,2,-1,-123
1767174420.277238,0,-1,-125
1767174420.287238,0,0,-122
1767174420.297238,-3,1,-122
1767174420.307238,-4,3,-125
1767174420.317238,-6,3,-126
1767174420.327238,-7,1,-124
1767174420.337238,-6,3,-126
1767174420.347238,-3,2,-127
1767174420.357238,0,-2,-124
1767174420.367238,0,-2,-132
1767174420.377238,-3,-1,-127
1767174420.3872385,0,-4,-126
1767174420.3972385,-4,1,-128
1767174420.4072382,-6,6,-129
1767174420.4172382,-4,1,-127
1767174420.4272382,-5,4,-121
1767174420.4372382,-3,3,-118
1767174420.4472382,2,0,-115
1767174420.4572382,0,-2,-121
1767174420.4672382,3,-1,-123
1767174420.4772382,4,0,-117
1767174420.4872382,7,-3,-112
1767174420.4972382,6,-4,-113
1767174420.507238,0,-3,-113
1767174420.517238,0,0,-117
1767174420.527238,2,0,-113
1767174420.537238,1,1,-116
1767174420.547238,1,1,-124
1767174420.557238,1,0,-120
1767174420.567238,0,0,-121
1767174420.577238,0,-5,-119
1767174420.587238,-7,-4,-115
1767174420.597238,-6,-2,-121
1767174420.607238,-3,-3,-120
1767174420.617238,-1,-1,-120
1767174420.627238,1,-7,-123
1767174420.6372385,3,-6,-117
1767174420.6472385,4,-9,-116
1767174420.6572382,4,-12,-125
1767174420.6672382,3,-10,-128
1767174420.6772382,-3,-5,-126
1767174420.6872382,-3,-2,-125
1767174420.6972382,1,1,-131
1767174420.7072382,3,2,-129
1767174420.7172382,3,1,-133
1767174420.7272382,1,2,-128
1767174420.7372382,-3,2,-126
1767174420.7472382,3,3,-126
1767174420.757238,5,7,-132
1767174420.767238,5,5,-126
1767174420.777238,4,2,-123
1767174420.787238,3,1,-116
1767174420.797238,2,2,-111
1767174420.807238,0,3,-117
1767174420.817238,0,6,-111
1767174420.827238,0,5,-119
1767174420.837238,2,3,-122
1767174420.847238,-1,2,-121
1767174420.857238,-1,0,-125
1767174420.867238,0,-2,-126
1767174420.877238,3,-3,-125
1767174420.8872385,3,0,-128
1767174420.8972385,1,4,-129
1767174420.9072382,0,6,-124
1767174420.9172382,0,2,-125
1767174420.9272382,0,2,-128
1767174420.9372382,3,-1,-122
1767174420.9472382,3,0,-119
1767174420.9572382,1,2,-117
1767174420.9672382,0,5,-117
1767174420.9772382,2,8,-117
1767174420.9872382,1,5,-116
1767174420.9972382,1,4,-114
1767174421.007238,5,7,-117
1767174421.017238,5,6,-121
1767174421.027238,7,6,-126
1767174421.037238,6,5,-126
1767174421.047238,2,3,-120
1767174421.057238,-1,3,-124
1767174421.067238,2,3,-127
1767174421.077238,1,0,-130
1767174421.087238,-1,-2,-129
1767174421.097238,-6,1,-123
1767174421.107238,-8,3,-122
1767174421.117238,-3,1,-130
1767174421.127238,-4,-2,-126
1767174421.1372385,-9,-7,-114
1767174421.1472385,-4,-7,-115
1767174421.1572382,-4,-2,-121
1767174421.1672382,-9,-4,-119
1767174421.1772382,-6,-1,-124
1767174421.1872382,-3,1,-118
1767174421.1972382,-5,2,-119
1767174421.2072382,-3,-1,-117
1767174421.2172382,-3,-6,-121
1767174421.2272382,0,-7,-116
1767174421.2372382,1,-7,-114
1767174421.2472382,0,-8,-118
1767174421.257238,2,-8,-118
1767174421.267238,0,-10,-128
1767174421.277238,0,-14,-121
1767174421.287238,-2,-11,-119
1767174421.297238,-8,-9,-123
1767174421.307238,-6,-5,-124
1767174421.317238,-4,-2,-118
1767174421.327238,-2,1,-118
1767174421.337238,-3,3,-123
1767174421.347238,0,3,-125
1767174421.357238,3,5,-126
1767174421.367238,0,0,-126
1767174421.377238,1,-1,-127
1767174421.3872385,2,1,-121
1767174421.3972385,1,0,-122
1767174421.4072382,2,-2,-114
1767174421.4172382,3,-1,-118
1767174421.4272382,-1,0,-119
1767174421.4372382,-3,1,-113
1767174421.4472382,-8,-3,-111
1767174421.4572382,-7,-5,-113
1767174421.4672382,-10,-3,-114
1767174421.4772382,-11,-2,-120
1767174421.4872382,-12,-4,-121
1767174421.4972382,-10,-5,-127
1767174421.507238,-5,-5,-126
1767174421.517238,-4,-5,-123
1767174421.527238,-4,-4,-121
1767174421.537238,-2,-2,-126
1767174421.547238,-2,-3,-125
1767174421.557238,0,-4,-125
1767174421.567238,1,0,-127
1767174421.577238,-1,-2,-136
1767174421.587238,-2,-3,-137
1767174421.597238,-2,-2,-123
1767174421.607238,-2,1,-120
1767174421.617238,-9,2,-115
1767174421.627238,-10,1,-111
1767174421.6372385,-7,-3,-106
1767174421.6472385,-7,-3,-109
1767174421.6572382,-11,1,-112
1767174421.6672382,-8,-1,-110
1767174421.6772382,-8,-4,-113
1767174421.6872382,-10,-7,-117
1767174421.6972382,-7,-5,-118
1767174421.7072382,-5,-4,-114
1767174421.7172382,-5,-3,-121
1767174421.7272382,-7,-3,-122
1767174421.7372382,-9,0,-122
1767174421.7472382,-9,0,-117
1767174421.757238,-7,1,-112
1767174421.767238,0,-1,-114
1767174421.777238,-4,0,-117
1767174421.787238,-7,0,-124
1767174421.797238,-3,0,-125
1767174421.807238,0,0,-116
1767174421.817238,0,1,-120
1767174421.827238,1,0,-124
1767174421.837238,1,-2,-125
1767174421.847238,0,-1,-124
1767174421.857238,-1,0,-124
1767174421.867238,-1,0,-115
1767174421.877238,1,-5,-115
1767174421.8872385,0,-4,-114
1767174421.8972385,2,-5,-118
1767174421.9072382,4,-4,-117
1767174421.9172382,5,-1,-123
1767174421.9272382,1,-2,-119
1767174421.9372382,-3,-2,-123
1767174421.9472382,-4,-4,-121
1767174421.9572382,-6,-1,-123
1767174421.9672382,-7,-4,-123
1767174421.9772382,-1,-6,-123
1767174421.9872382,0,-3,-122
1767174421.9972382,-1,-4,-135
1767174422.007238,-4,-3,-139
1767174422.017238,-6,-2,-141
1767174422.027238,-5,0,-137
1767174422.037238,-3,-6,-128
1767174422.047238,0,-1,-121
1767174422.057238,-1,-1,-117
1767174422.067238,-4,-2,-115
1767174422.077238,-5,1,-114
1767174422.087238,-5,1,-118
1767174422.097238,-4,-1,-124
1767174422.107238,-5,-2,-129
1767174422.117238,0,-3,-126
1767174422.127238,-1,-4,-126
1767174422.1372385,-3,-3,-123
1767174422.1472385,-1,0,-120
1767174422.1572382,-5,-1,-127
1767174422.1672382,-2,-1,-127
1767174422.1772382,0,1,-127
1767174422.1872382,1,2,-126
1767174422.1972382,0,6,-126
1767174422.2072382,0,2,-124
1767174422.2172382,-1,0,-126
1767174422.2272382,0,0,-115
1767174422.2372382,3,-4,-119
1767174422.2472382,6,-3,-116
1767174422.257238,4,-3,-117
1767174422.267238,4,-2,-119
1767174422.277238,1,-3,-125
1767174422.287238,1,-2,-126
1767174422.297238,6,-1,-121
1767174422.307238,1,2,-117
1767174422.317238,3,3,-124
1767174422.327238,0,0,-128
1767174422.337238,-4,-1,-128
1767174422.347238,0,-5,-129
1767174422.357238,4,-9,-121
1767174422.367238,4,-7,-124
1767174422.377238,0,-2,-123
1767174422.3872385,3,-3,-122
1767174422.3972385,5,0,-118
1767174422.4072382,2,-1,-121
1767174422.4172382,2,1,-124
1767174422.4272382,0,0,-120
1767174422.4372382,-2,1,-119
1767174422.4472382,-4,-2,-116
1767174422.4572382,-10,-1,-119
1767174422.4672382,-8,-2,-116
1767174422.4772382,-3,-2,-116
1767174422.4872382,-6,-2,-113
1767174422.4972382,-10,1,-117
1767174422.507238,-5,4,-116
1767174422.517238,-5,4,-117
1767174422.527238,-7,0,-113
1767174422.537238,-6,1,-112
1767174422.547238,-9,-3,-111
1767174422.557238,-11,-5,-109
1767174422.567238,-11,-3,-106
1767174422.577238,-14,-1,-104
1767174422.5882382,-8,0,-108
1767174422.597238,-8,-2,-121
1767174422.607238,-4,-1,-123
1767174422.6182382,-5,3,-128
1767174422.627238,-1,6,-126
1767174422.6382382,2,6,-125
1767174422.6482382,3,3,-120
1767174422.6582382,5,3,-120
1767174422.6682382,6,0,-110
1767174422.6782382,3,-1,-118
1767174422.688238,-2,-4,-123
1767174422.698238,-4,-5,-119
1767174422.708238,-4,-4,-119
1767174422.718238,-6,-6,-124
1767174422.728238,-3,-5,-126
1767174422.738238,-2,-2,-127
1767174422.748238,-1,-2,-123
1767174422.758238,0,2,-119
1767174422.768238,-3,2,-122
1767174422.778238,-4,4,-123
1767174422.788238,-7,2,-129
1767174422.798238,-5,4,-129
1767174422.8082385,-4,2,-130
1767174422.8182385,-3,-2,-133
1767174422.8282382,2,-5,-136
1767174422.8382382,1,-6,-138
1767174422.8482382,-2,-7,-134
1767174422.8582382,1,-8,-132
1767174422.8682382,0,-10,-128
1767174422.8782382,0,-7,-127
1767174422.8882382,-5,-3,-121
1767174422.8982382,-1,-2,-119
1767174422.9082382,-5,0,-116
1767174422.9182382,-4,-3,-119
1767174422.9282382,-5,-2,-118
1767174422.938238,-2,-2,-121
1767174422.948238,-1,0,-126
1767174422.958238,0,4,-126
1767174422.968238,-2,3,-123
1767174422.978238,-2,3,-118
1767174422.988238,-2,2,-122
1767174422.998238,0,0,-117
1767174423.008238,-4,1,-124
1767174423.018238,-4,-2,-126
1767174423.028238,-5,-9,-124
1767174423.038238,-8,-11,-126
1767174423.048238,-6,-6,-128
1767174423.0582385,-2,-4,-133
1767174423.0682385,2,-7,-131
1767174423.0782382,-3,-9,-132
1767174423.0882382,-3,-4,-131
1767174423.0982382,0,-7,-122
1767174423.1082382,2,-6,-115
1767174423.1182382,-3,-1,-110
1767174423.1282382,-7,-4,-112
1767174423.149238,-5,-8,-118
1767174423.1582382,-2,-10,-121
1767174423.1682382,-1,-7,-119
1767174423.1782382,0,-4,-124
1767174423.188238,0,-2,-128
1767174423.198238,2,-3,-127
1767174423.208238,7,-4,-115
1767174423.218238,5,-8,-113
1767174423.228238,4,-7,-116
1767174423.238238,5,-7,-123
1767174423.248238,2,-6,-122
1767174423.258238,-2,-4,-125
1767174423.268238,1,-6,-128
1767174423.278238,0,-6,-122
1767174423.288238,-5,-6,-118
1767174423.298238,-7,-7,-120
1767174423.3082385,-6,-2,-125
1767174423.3182385,-3,-1,-121
1767174423.3282382,-10,0,-127
1767174423.3382382,-6,1,-129
1767174423.3482382,-1,0,-128
1767174423.3582382,0,-1,-127
1767174423.3682382,0,-2,-129
1767174423.3782382,0,-1,-131
1767174423.3882382,-1,-4,-123
1767174423.3982382,0,-5,-119
1767174423.4082382,0,-3,-121
1767174423.4182382,1,-5,-118
1767174423.4282382,2,-2,-119
1767174423.438238,2,-4,-125
1767174423.448238,2,-4,-125
1767174423.458238,5,-3,-122
1767174423.468238,4,-1,-127
1767174423.478238,6,-4,-127
1767174423.488238,7,-6,-121
1767174423.498238,3,-6,-122
1767174423.508238,1,-4,-113
1767174423.518238,3,-6,-116
1767174423.528238,-1,-8,-130
1767174423.538238,-1,-7,-135
1767174423.548238,-4,-3,-134
1767174423.5582385,-6,-5,-128
1767174423.5682385,-3,-4,-125
1767174423.5782382,-1,-5,-122
1767174423.5882382,1,-5,-123
1767174423.5982382,-1,-4,-123
1767174423.6082382,1,-5,-124
1767174423.6182382,4,-3,-122
1767174423.6282382,4,-3,-130
1767174423.6382382,5,-4,-134
1767174423.6482382,8,1,-133
1767174423.6582382,9,2,-126
1767174423.6682382,3,1,-127
1767174423.6782382,6,6,-123
1767174423.688238,3,2,-120
1767174423.698238,5,-3,-118
1767174423.708238,4,-5,-116
1767174423.718238,0,-4,-119
1767174423.728238,2,-2,-118
1767174423.738238,2,-3,-115
1767174423.748238,3,-3,-120
1767174423.758238,4,-7,-122
1767174423.768238,1,-5,-119
1767174423.778238,2,-3,-119
1767174423.788238,1,0,-122
1767174423.798238,4,2,-126
1767174423.8082385,5,0,-130
1767174423.8182385,4,0,-133
1767174423.8282382,5,0,-138
1767174423.8382382,3,-1,-139
1767174423.8482382,2,0,-133
1767174423.8582382,4,0,-132
1767174423.8682382,8,0,-132
1767174423.8782382,9,1,-135
1767174423.8882382,5,3,-138
1767174423.8982382,5,6,-132
1767174423.9082382,3,4,-132
1767174423.9182382,3,0,-138
1767174423.9282382,0,-6,-124
1767174423.938238,-3,-8,-118
1767174423.948238,0,-8,-119
1767174423.958238,0,-9,-115
1767174423.968238,0,-6,-116
1767174423.978238,1,1,-117
1767174423.988238,2,1,-113
1767174423.998238,-1,2,-115
1767174424.008238,1,1,-124
1767174424.018238,-1,-1,-122
1767174424.028238,-2,0,-122
1767174424.038238,-4,2,-115
1767174424.048238,-4,2,-117
1767174424.0582385,-3,7,-123
1767174424.0682385,-4,8,-129
1767174424.0782382,-10,8,-124
1767174424.0882382,-9,5,-128
1767174424.0982382,-4,3,-123
1767174424.1082382,-1,3,-119
1767174424.1182382,-4,2,-124
1767174424.1282382,-4,2,-128
1767174424.1382382,-6,0,-120
1767174424.1482382,-7,0,-123
1767174424.1582382,-5,1,-128
1767174424.1682382,-3,3,-117
1767174424.1782382,0,4,-117
1767174424.188238,-2,1,-121
1767174424.198238,0,1,-122
1767174424.208238,0,1,-124
1767174424.218238,1,0,-119
1767174424.228238,0,0,-124
1767174424.238238,-1,-2,-123
1767174424.248238,-4,-2,-123
1767174424.258238,-4,-3,-122
1767174424.268238,-4,-4,-124
1767174424.278238,-2,-4,-125
1767174424.288238,1,-6,-122
1767174424.298238,4,-7,-122
1767174424.3082385,3,-6,-124
1767174424.3182385,0,-3,-125
1767174424.3282382,-1,0,-125
1767174424.3382382,0,2,-130
1767174424.3482382,-2,-2,-119
1767174424.3582382,-2,-2,-117
1767174424.3682382,-2,-1,-114
1767174424.3782382,0,-1,-117
1767174424.3882382,-1,-1,-114
1767174424.3982382,-4,-1,-115
1767174424.4082382,-4,0,-113
1767174424.4182382,1,0,-112
1767174424.4282382,1,1,-106
1767174424.438238,4,0,-111
1767174424.448238,6,-3,-121
1767174424.458238,3,0,-122
1767174424.468238,0,0,-127
1767174424.478238,-1,3,-123
1767174424.488238,-2,6,-128
1767174424.498238,-1,3,-126
1767174424.508238,-5,0,-128
1767174424.518238,0,-3,-132
1767174424.528238,0,-5,-133
1767174424.538238,4,-3,-128
1767174424.548238,3,-4,-129
1767174424.5582385,1,0,-132
1767174424.5682385,4,2,-134
1767174424.5782382,3,0,-144
1767174424.5882382,6,1,-141
1767174424.5982382,3,-1,-139
1767174424.6082382,2,3,-139
1767174424.6182382,0,5,-131
1767174424.6282382,4,6,-125
1767174424.6382382,2,8,-127
1767174424.6482382,0,6,-133
1767174424.6582382,-5,5,-133
1767174424.6682382,-6,2,-128
1767174424.6782382,2,2,-120
1767174424.688238,3,1,-116
1767174424.698238,2,0,-114
1767174424.708238,3,-1,-123
1767174424.718238,-1,2,-124
1767174424.728238,0,0,-117
1767174424.738238,0,-1,-117
1767174424.748238,-2,0,-113
1767174424.758238,0,5,-117
1767174424.768238,0,4,-122
1767174424.778238,1,4,-125
1767174424.788238,1,0,-126
1767174424.798238,-1,0,-122
1767174424.8082385,-5,1,-123
1767174424.8182385,-4,0,-125
1767174424.8282382,-3,1,-121
1767174424.8382382,1,1,-122
1767174424.8482382,-1,0,-127
1767174424.8582382,-3,-3,-126
1767174424.8682382,0,0,-128
1767174424.8782382,0,-1,-126
1767174424.8882382,2,-3,-123
1767174424.8982382,5,-3,-124
1767174424.9082382,6,-3,-122
1767174424.9182382,2,0,-122
1767174424.9282382,0,-4,-126
1767174424.938238,0,-3,-129
1767174424.948238,0,-4,-129
1767174424.958238,-2,0,-130
1767174424.968238,-3,0,-125
1767174424.978238,0,0,-121
1767174424.988238,2,0,-125
1767174424.998238,0,-1,-123
1767174425.008238,-4,0,-121
1767174425.018238,-3,2,-115
1767174425.028238,-3,2,-114
1767174425.038238,-5,1,-125
1767174425.048238,-4,0,-126
1767174425.0582385,-6,1,-122
1767174425.0682385,-5,-2,-122
1767174425.0782382,-3,-6,-124
1767174425.0882382,-3,-6,-121
1767174425.0982382,-3,-4,-119
1767174425.1082382,-4,0,-120
1767174425.1182382,-3,0,-120
1767174425.1282382,-3,0,-113
1767174425.1382382,-3,-4,-114
1767174425.1482382,-2,-1,-114
1767174425.1582382,0,0,-115
1767174425.1682382,0,0,-118
1767174425.1782382,-5,-2,-117
1767174425.188238,-6,-5,-114
1767174425.198238,-7,-3,-118
1767174425.208238,-6,-4,-125
1767174425.2202382,-7,-6,-126
1767174425.228238,0,-3,-123
1767174425.238238,2,-3,-132
1767174425.248238,4,-4,-133
1767174425.2592382,3,-5,-134
1767174425.2692382,0,-9,-132
1767174425.278238,3,-7,-136
1767174425.2892382,1,-5,-133
1767174425.2992382,0,-2,-134
1767174425.3092382,2,-1,-134
1767174425.3192382,6,-4,-129
1767174425.3292382,5,-4,-127
1767174425.3392382,6,-8,-129
1767174425.3492382,4,-6,-129
1767174425.359238,3,-6,-127
1767174425.369238,3,-3,-126
1767174425.379238,1,0,-122
1767174425.389238,2,-2,-118
1767174425.399238,-4,-2,-123
1767174425.409238,-5,0,-123
1767174425.419238,-1,2,-127
1767174425.4282382,-2,1,-126
1767174425.439238,-1,0,-118
1767174425.449238,-4,-1,-115
1767174425.459238,-3,-2,-119
1767174425.469238,-3,-3,-116
1767174425.4792385,-5,-4,-110
1767174425.4892385,-4,-2,-117
1767174425.4992385,-2,0,-118
1767174425.5092382,0,0,-119
1767174425.5192382,-1,-2,-121
1767174425.5292382,-1,-3,-118
1767174425.5392382,-2,-3,-116
1767174425.5492382,0,-1,-115
1767174425.5592382,0,-4,-118
1767174425.5692382,-3,-6,-123
1767174425.5792382,-5,-7,-125
1767174425.5892382,-1,-4,-129
1767174425.5992382,2,-2,-130
1767174425.609238,2,0,-132
1767174425.619238,1,2,-131
1767174425.629238,-3,-2,-131
1767174425.639238,0,1,-127
1767174425.649238,0,1,-129
1767174425.659238,1,0,-125
1767174425.669238,-4,1,-124
1767174425.679238,0,1,-120
1767174425.689238,0,-1,-123
1767174425.699238,0,-1,-126
1767174425.709238,1,-8,-122
1767174425.719238,0,-4,-126
1767174425.7292385,1,-1,-124
1767174425.7392385,-1,-2,-121
1767174425.7492385,-2,2,-125
1767174425.7592382,-3,0,-128
1767174425.7692382,-7,0,-131
1767174425.7792382,-6,-4,-136
1767174425.7892382,-4,-4,-135
1767174425.7992382,0,-5,-126
1767174425.8092382,6,-2,-126
1767174425.8192382,9,0,-130
1767174425.8292382,6,3,-132
1767174425.8392382,4,2,-128
1767174425.8492382,0,1,-130
1767174425.859238,0,1,-128
1767174425.869238,0,-4,-124
1767174425.879238,1,-6,-118
1767174425.889238,0,-8,-123
1767174425.899238,4,-8,-134
1767174425.909238,6,-9,-129
1767174425.919238,3,-7,-127
1767174425.929238,1,-6,-124
1767174425.939238,-3,-5,-129
1767174425.949238,0,-3,-125
1767174425.959238,1,-1,-128
1767174425.969238,3,-8,-132
1767174425.9792385,1,-8,-129
1767174425.9892385,2,-9,-123
1767174425.9992385,3,-9,-123
1767174426.0092382,0,-11,-124
1767174426.0192382,0,-8,-120
1767174426.0292382,3,-12,-125
1767174426.0392382,0,-5,-117
1767174426.0492382,2,-3,-109
1767174426.0592382,0,-1,-113
1767174426.0692382,-2,1,-122
1767174426.0792382,-5,1,-118
1767174426.0892382,-5,-1,-121
1767174426.0992382,-3,0,-121
1767174426.109238,-5,-3,-128
1767174426.119238,-7,-5,-125
1767174426.129238,-5,-6,-120
1767174426.139238,-3,-2,-116
1767174426.149238,-1,-2,-119
1767174426.159238,-3,-4,-120
1767174426.169238,-3,-8,-122
1767174426.179238,-2,-7,-123
1767174426.189238,-3,-3,-122
1767174426.199238,-3,-8,-121
1767174426.209238,-4,-6,-123
1767174426.219238,-3,-8,-120
1767174426.2292385,-3,-3,-122
1767174426.2392385,-4,-2,-120
1767174426.2492385,-1,0,-122
1767174426.2592382,-1,-1,-124
1767174426.2692382,0,0,-124
1767174426.2792382,0,1,-132
1767174426.2892382,0,2,-138
1767174426.2992382,-3,-4,-134
1767174426.3092382,2,-4,-127
1767174426.3192382,0,-3,-123
1767174426.3292382,-5,-4,-124
1767174426.3392382,-4,-7,-126
1767174426.3492382,-2,-8,-130
1767174426.359238,-2,-10,-129
1767174426.369238,-1,-9,-130
1767174426.379238,2,-10,-133
1767174426.389238,-1,-10,-125
1767174426.399238,-1,-11,-126
1767174426.409238,1,-8,-128
1767174426.419238,2,-6,-126
1767174426.429238,0,-3,-123
1767174426.439238,-1,-6,-122
1767174426.449238,-3,-3,-122
1767174426.459238,-3,0,-121
1767174426.469238,0,0,-122
1767174426.4792385,1,6,-121
1767174426.4892385,0,6,-116
1767174426.4992385,1,2,-118
1767174426.5092382,0,2,-118
1767174426.5192382,1,3,-115
1767174426.5292382,0,1,-121
1767174426.5392382,0,4,-117
1767174426.5492382,0,0,-120
1767174426.5592382,-2,0,-125
1767174426.5692382,-1,-3,-125
1767174426.5792382,3,-3,-127
1767174426.5892382,1,-4,-119
1767174426.5992382,1,-4,-115
1767174426.609238,0,-5,-113
1767174426.619238,1,-6,-117
1767174426.629238,0,-7,-124
1767174426.639238,0,-4,-131
1767174426.649238,2,-3,-129
1767174426.659238,9,-4,-123
1767174426.669238,6,-2,-126
1767174426.679238,0,-1,-121
1767174426.689238,1,-1,-122
1767174426.699238,0,-2,-123
1767174426.709238,0,0,-118
1767174426.719238,0,-2,-119
1767174426.7292385,-2,-2,-118
1767174426.7392385,4,-2,-119
1767174426.7492385,4,-2,-117
1767174426.7592382,0,-4,-120
1767174426.7692382,-3,-4,-113
1767174426.7792382,0,-4,-104
1767174426.7892382,1,-6,-114
1767174426.7992382,1,-4,-109
1767174426.8092382,2,-3,-109
1767174426.8192382,10,-6,-118
1767174426.8292382,11,-7,-119
1767174426.8392382,9,-12,-121
1767174426.8492382,5,-16,-117
1767174426.859238,9,-12,-114
1767174426.869238,8,-10,-118
1767174426.879238,7,-8,-120
1767174426.889238,4,-7,-121
1767174426.899238,1,-5,-116
1767174426.909238,-1,-7,-116
1767174426.919238,-5,-7,-120
1767174426.929238,-5,-1,-123
1767174426.939238,-8,-3,-126
1767174426.949238,-6,-2,-126
1767174426.959238,-1,-2,-130
1767174426.969238,0,2,-133
1767174426.9792385,0,-2,-138
1767174426.9892385,1,-1,-134
1767174426.9992385,4,0,-132
1767174427.0092382,5,1,-131
1767174427.0192382,1,-1,-125
1767174427.0292382,3,0,-126
1767174427.0392382,2,-4,-132
1767174427.0492382,-1,-5,-132
1767174427.0592382,1,-6,-134
1767174427.0692382,-2,-5,-135
1767174427.0792382,-1,-3,-128
1767174427.0892382,0,-2,-120
1767174427.0992382,-2,-3,-118
1767174427.109238,-1,-2,-114
1767174427.119238,0,-4,-116
1767174427.129238,-2,-4,-115
1767174427.139238,-3,-3,-121
1767174427.149238,-5,-4,-117
1767174427.159238,-5,-6,-117
1767174427.169238,-3,-8,-118
1767174427.179238,-4,-8,-119
1767174427.189238,-2,-10,-123
1767174427.199238,-2,-2,-127
1767174427.209238,-6,-2,-126
1767174427.219238,-7,0,-126
1767174427.2292385,-3,-1,-124
1767174427.2392385,-1,0,-118
1767174427.2492385,-2,-3,-111
1767174427.2592382,-5,-2,-113
1767174427.2692382,-4,-4,-110
1767174427.2792382,-5,-2,-108
1767174427.2892382,-5,-3,-112
1767174427.2992382,-8,-5,-111
1767174427.3092382,-3,-10,-118
1767174427.3192382,0,-8,-119
1767174427.3292382,5,-5,-120
1767174427.3392382,3,-3,-126
1767174427.3492382,3,5,-121
1767174427.359238,-1,4,-126
1767174427.369238,-3,0,-127
1767174427.379238,-2,1,-136
1767174427.389238,-1,3,-134
1767174427.399238,0,0,-135
1767174427.409238,-1,0,-137
1767174427.419238,-1,0,-137
1767174427.429238,-1,-1,-131
1767174427.439238,-4,0,-142
1767174427.449238,-2,0,-145
1767174427.459238,-3,0,-144
1767174427.469238,-5,0,-140
1767174427.4792385,-3,2,-131
1767174427.4892385,-6,-1,-125
1767174427.4992385,-7,-1,-121
1767174427.5092382,-10,2,-122
1767174427.5192382,-11,0,-124
1767174427.5292382,-8,2,-118
1767174427.5392382,-7,-1,-121
1767174427.5492382,-10,0,-123
1767174427.5592382,-7,-5,-126
1767174427.5692382,-6,-5,-118
1767174427.5792382,-7,-3,-121
1767174427.5892382,-1,0,-120
1767174427.5992382,-1,0,-120
1767174427.609238,4,0,-120
1767174427.619238,5,-1,-118
1767174427.629238,2,-1,-120
1767174427.639238,1,0,-116
1767174427.649238,0,1,-121
1767174427.659238,-2,1,-119
1767174427.669238,-4,0,-118
1767174427.679238,-1,-3,-116
1767174427.689238,-5,-4,-113
1767174427.699238,-3,-6,-112
1767174427.709238,-4,-7,-116
1767174427.719238,0,-7,-113
1767174427.7292385,-3,-7,-111
1767174427.7392385,-1,-4,-116
1767174427.7492385,-4,-4,-121
1767174427.7592382,-6,0,-123
1767174427.7692382,-5,2,-124
1767174427.7802382,-7,0,-123
1767174427.7892382,-5,-3,-119
1767174427.7992382,-3,-5,-118
1767174427.8092382,-7,-1,-122
1767174427.8192382,-14,0,-125
1767174427.8292382,-13,5,-125
1767174427.8392382,-11,1,-125
1767174427.850238,-7,2,-131
1767174427.859238,-6,2,-132
1767174427.870238,-1,1,-130
1767174427.879238,-4,-1,-130
1767174427.889238,-4,-2,-120
1767174427.900238,-4,-6,-119
1767174427.9102385,-4,-4,-113
1767174427.9202385,-2,-5,-116
1767174427.929238,0,-7,-119
1767174427.9402382,4,-10,-117
1767174427.9502382,4,-10,-117
1767174427.9602382,8,-6,-118
1767174427.9702382,5,-11,-117
1767174427.9792385,4,-12,-120
1767174427.9902382,5,-12,-117
1767174428.0002382,4,-9,-118
1767174428.0102382,7,-7,-118
1767174428.0202382,12,-6,-117
1767174428.0302382,7,-9,-111
1767174428.040238,9,-7,-108
1767174428.050238,4,-7,-107
1767174428.060238,1,-8,-107
1767174428.070238,0,-11,-113
1767174428.080238,0,-6,-121
1767174428.090238,0,-2,-119
1767174428.100238,-2,0,-122
1767174428.110238,-1,0,-123
1767174428.120238,4,-4,-120
1767174428.130238,1,-6,-115
1767174428.140238,3,-6,-110
1767174428.1612382,5,-3,-116
1767174428.1702385,6,-4,-124
1767174428.1802382,6,-4,-128
1767174428.1902382,5,-9,-125
1767174428.2002382,4,-5,-124
1767174428.2102382,5,-4,-122
1767174428.2202382,3,-8,-123
1767174428.2302382,-1,-10,-124
1767174428.2402382,0,-12,-126
1767174428.2502382,-3,-11,-127
1767174428.2602382,-2,-8,-122
1767174428.2702382,-2,-7,-125
1767174428.2792382,-5,-5,-127
1767174428.290238,-7,-5,-129
1767174428.300238,-9,-4,-131
1767174428.310238,-8,-2,-131
1767174428.320238,-8,-4,-119
1767174428.330238,-9,-5,-121
1767174428.340238,-10,-2,-130
1767174428.350238,-8,-1,-125
1767174428.360238,-4,-2,-125
1767174428.370238,-3,-3,-127
1767174428.380238,-2,-1,-124
1767174428.390238,-1,2,-118
1767174428.400238,-2,1,-119
1767174428.4102385,1,0,-115
1767174428.4202385,2,-1,-116
1767174428.4302382,2,0,-117
1767174428.4402382,-4,0,-119
1767174428.4502382,-4,0,-122
1767174428.4602382,0,-1,-125
1767174428.4702382,1,-1,-123
1767174428.4802382,0,-5,-126
1767174428.4902382,0,-3,-125
1767174428.5002382,-1,1,-120
1767174428.5102382,0,2,-118
1767174428.5202382,7,5,-115
1767174428.5302382,4,6,-114
1767174428.540238,1,1,-113
1767174428.550238,3,1,-112
1767174428.560238,1,2,-112
1767174428.570238,1,3,-114
1767174428.580238,2,0,-117
1767174428.590238,2,-2,-122
1767174428.600238,0,-4,-124
1767174428.610238,-2,0,-122
1767174428.620238,1,-1,-118
1767174428.630238,0,-1,-120
1767174428.640238,-4,0,-117
1767174428.650238,-4,-5,-123
1767174428.6602385,-1,-6,-124
1767174428.6702385,0,-5,-124
1767174428.6802382,1,-1,-129
1767174428.6902382,2,1,-129
1767174428.7002382,3,0,-126
1767174428.7102382,4,1,-129
1767174428.7202382,3,3,-125
1767174428.7302382,0,2,-128
1767174428.7402382,2,0,-129
1767174428.7502382,3,0,-128
1767174428.7602382,2,1,-127
1767174428.7702382,3,0,-123
1767174428.7802382,5,0,-121
1767174428.790238,6,1,-117
1767174428.800238,5,3,-114
1767174428.810238,4,2,-117
1767174428.820238,0,0,-117
1767174428.830238,2,0,-109
1767174428.840238,3,2,-104
1767174428.850238,2,2,-116
1767174428.860238,1,2,-119
1767174428.870238,2,2,-125
1767174428.880238,-2,1,-121
1767174428.890238,-3,2,-121
1767174428.900238,-2,-2,-122
1767174428.9102385,0,-1,-120
1767174428.9202385,2,-1,-123
1767174428.9302382,3,-2,-123
1767174428.9402382,1,0,-125
1767174428.9502382,2,-2,-124
1767174428.9602382,0,0,-134
1767174428.9702382,0,3,-131
1767174428.9802382,-3,0,-130
1767174428.9902382,-2,-2,-126
1767174429.0002382,0,-6,-121
1767174429.0102382,0,-4,-123
1767174429.0202382,-2,-2,-121
1767174429.0302382,4,-2,-118
1767174429.040238,1,-2,-115
1767174429.050238,0,0,-121
1767174429.060238,0,-1,-125
1767174429.070238,0,0,-126
1767174429.080238,4,0,-117
1767174429.090238,3,0,-115
1767174429.100238,2,0,-117
1767174429.110238,1,-1,-115
1767174429.120238,3,-4,-122
1767174429.130238,1,-3,-121
1767174429.140238,-1,-2,-121
1767174429.150238,0,-3,-119
1767174429.1602385,2,-2,-118
1767174429.1702385,1,0,-122
1767174429.1802382,0,0,-121
1767174429.1902382,0,0,-119
1767174429.2002382,0,0,-117
1767174429.2102382,0,2,-114
1767174429.2202382,0,-3,-116
1767174429.2302382,3,-3,-120
1767174429.2402382,6,-4,-123
1767174429.2502382,6,-4,-118
1767174429.2602382,7,0,-119
1767174429.2702382,7,0,-118
1767174429.2802382,3,-2,-119
1767174429.290238,5,-1,-120
1767174429.300238,5,0,-116
1767174429.310238,0,-2,-116
1767174429.320238,-4,-3,-118
1767174429.330238,-5,-5,-124
1767174429.340238,-4,0,-117
1767174429.350238,-1,-2,-116
1767174429.360238,-1,-2,-113
1767174429.370238,0,0,-112
1767174429.380238,2,1,-118
1767174429.390238,2,1,-116
1767174429.400238,4,0,-122
1767174429.4102385,5,0,-124
1767174429.4202385,0,4,-126
1767174429.4302382,-6,10,-133
1767174429.4402382,-6,9,-136
1767174429.4502382,-3,3,-131
1767174429.4602382,2,5,-129
1767174429.4702382,0,4,-128
1767174429.4802382,-2,4,-129
1767174429.4902382,6,1,-132
1767174429.5002382,7,0,-127
1767174429.5102382,7,0,-125
1767174429.5202382,9,1,-126
1767174429.5302382,7,3,-123
1767174429.540238,4,0,-126
1767174429.550238,0,-2,-123
1767174429.560238,2,1,-125
1767174429.570238,0,0,-133
1767174429.580238,5,0,-135
1767174429.590238,1,0,-135
1767174429.600238,0,0,-127
1767174429.610238,-1,-1,-133
1767174429.620238,-2,1,-127
1767174429.630238,5,-1,-125
1767174429.640238,2,-3,-120
1767174429.650238,3,-2,-121
1767174429.6602385,2,-4,-114
1767174429.6702385,1,-4,-113
1767174429.6802382,-1,-5,-114
1767174429.6902382,-5,-6,-113
1767174429.7002382,-9,-7,-116
1767174429.7102382,-8,-1,-116
1767174429.7202382,-7,1,-120
1767174429.7302382,-3,3,-120
1767174429.7402382,-4,4,-123
1767174429.7502382,-3,2,-127
1767174429.7602382,1,3,-127
1767174429.7702382,-2,2,-132
1767174429.7802382,-5,3,-126
1767174429.790238,-8,3,-126
1767174429.800238,-10,0,-123
1767174429.810238,-12,-5,-128
1767174429.820238,-9,-3,-125
1767174429.830238,-3,-3,-126
1767174429.840238,1,-2,-124
1767174429.850238,0,-3,-126
1767174429.860238,0,-3,-127
1767174429.870238,0,-3,-130
1767174429.880238,-2,-5,-132
1767174429.890238,-4,-7,-135
1767174429.900238,-3,-8,-135
1767174429.9102385,-3,-5,-132
1767174429.9202385,-1,-7,-130
1767174429.9302382,0,-5,-128
1767174429.9402382,-6,-3,-128
1767174429.9502382,-7,-3,-127
1767174429.9602382,-1,0,-123
1767174429.9702382,3,-2,-125
1767174429.9802382,-1,-8,-118
1767174429.9902382,2,-11,-112
1767174430.0002382,0,-6,-120
1767174430.0102382,-2,-8,-116
1767174430.0202382,0,-7,-120
1767174430.0302382,0,-2,-125
1767174430.040238,0,0,-124
1767174430.050238,-1,-2,-113
1767174430.060238,-1,-5,-113
1767174430.070238,1,-3,-114
1767174430.080238,0,0,-113
1767174430.090238,0,0,-121
1767174430.100238,3,-3,-123
1767174430.110238,2,-3,-123
1767174430.120238,-2,-1,-123
1767174430.130238,2,0,-121
1767174430.140238,2,2,-117
1767174430.150238,7,4,-117
1767174430.1602385,5,4,-122
1767174430.1702385,4,5,-134
1767174430.1802382,3,9,-134
1767174430.1902382,3,7,-134
1767174430.2002382,-1,7,-122
1767174430.2102382,-2,10,-122
1767174430.2202382,-3,8,-117
1767174430.2302382,-2,3,-117
1767174430.2402382,-5,3,-112
1767174430.2502382,1,3,-112
1767174430.2602382,1,4,-114
1767174430.2702382,0,4,-107
1767174430.2802382,-4,3,-111
1767174430.290238,-5,-1,-122
1767174430.300238,-3,1,-124
1767174430.310238,-4,-2,-119
1767174430.320238,1,3,-118
1767174430.330238,1,7,-115
1767174430.340238,1,5,-112
1767174430.350238,2,6,-109
1767174430.360238,3,4,-109
1767174430.370238,2,2,-111
1767174430.380238,-1,2,-120
1767174430.390238,-3,0,-123
1767174430.400238,-2,-1,-120
1767174430.4102385,-3,-1,-114
1767174430.4202385,-4,-1,-115
1767174430.4302382,0,0,-118
1767174430.4402382,-4,0,-112
1767174430.4502382,-1,0,-112
1767174430.4602382,-4,-2,-113
1767174430.4702382,-6,-2,-115
1767174430.4802382,-8,0,-116
1767174430.4902382,-2,1,-117
1767174430.5002382,-2,2,-119
1767174430.5102382,1,4,-122
1767174430.5202382,4,3,-125
1767174430.5302382,10,-1,-125
1767174430.541238,4,-3,-128
1767174430.550238,4,-1,-125
1767174430.561238,0,0,-121
1767174430.571238,-1,0,-116
1767174430.5812385,0,-5,-113
1767174430.5912385,-2,-2,-113
1767174430.6012385,0,0,-114
1767174430.6112382,0,0,-119
1767174430.6212382,1,0,-122
1767174430.6312382,1,-3,-124
1767174430.6412382,-1,-1,-128
1767174430.6512382,-3,0,-127
1767174430.6612382,2,0,-123
1767174430.6712382,-1,4,-123
1767174430.6812382,-3,7,-127
1767174430.6912382,-1,7,-128
1767174430.7012382,-4,3,-125
1767174430.711238,-6,1,-121
1767174430.721238,-4,3,-121
1767174430.731238,-6,4,-120
1767174430.741238,-6,6,-120
1767174430.751238,-3,4,-126
1767174430.761238,-2,0,-129
1767174430.771238,-1,0,-131
1767174430.781238,-4,0,-140
1767174430.791238,-3,0,-137
1767174430.801238,0,-2,-132
1767174430.811238,0,0,-132
1767174430.821238,-2,0,-129
1767174430.8312385,-7,-2,-123
1767174430.8412385,-8,-4,-126
1767174430.8512385,-10,-5,-124
1767174430.8612382,-9,-3,-120
1767174430.8712382,-6,-1,-117
1767174430.8812382,2,-1,-120
1767174430.8912382,6,0,-123
1767174430.9012382,4,0,-122
1767174430.9112382,3,0,-122
1767174430.9212382,4,0,-123
1767174430.9312382,3,0,-126
1767174430.9412382,5,1,-122
1767174430.9512382,5,0,-122
1767174430.961238,7,2,-129
1767174430.971238,4,-1,-124
1767174430.981238,4,0,-119
1767174430.991238,3,2,-121
1767174431.001238,3,0,-121
1767174431.011238,7,-1,-120
1767174431.021238,3,-1,-122
1767174431.031238,-1,-3,-127
1767174431.041238,-2,0,-127
1767174431.051238,-4,1,-122
1767174431.061238,1,0,-121
1767174431.071238,5,-3,-127
1767174431.0812385,1,0,-130
1767174431.0912385,1,4,-130
1767174431.1012385,0,2,-129
1767174431.1112382,-1,0,-132
1767174431.1212382,-2,1,-130
1767174431.1312382,0,-1,-127
1767174431.1412382,7,0,-121
1767174431.1512382,6,-2,-123
1767174431.1612382,11,-4,-125
1767174431.1712382,12,-5,-124
1767174431.1812382,5,-4,-130
1767174431.1912382,5,-4,-131
1767174431.2012382,5,-2,-129
1767174431.211238,4,0,-126
1767174431.221238,7,1,-123
1767174431.231238,9,-1,-119
1767174431.241238,9,-2,-120
1767174431.251238,6,-3,-116
1767174431.261238,3,-1,-123
1767174431.271238,6,-4,-121
1767174431.281238,3,-4,-116
1767174431.291238,7,-2,-114
1767174431.301238,3,-5,-122
1767174431.311238,3,-3,-121
1767174431.321238,0,-1,-117
1767174431.3312385,-3,-1,-115
1767174431.3412385,-6,-6,-122
1767174431.3512385,-7,-3,-111
1767174431.3612382,-6,-4,-117
1767174431.3712382,-10,-1,-119
1767174431.3812382,-6,1,-124
1767174431.3912382,-8,0,-126
1767174431.4012382,-5,-1,-127
1767174431.4112382,-4,-3,-125
1767174431.4212382,-6,-4,-124
1767174431.4312382,-5,-5,-121
1767174431.4412382,-5,-7,-122
1767174431.4512382,-2,-6,-124
1767174431.461238,-1,-3,-128
1767174431.471238,-3,1,-123
1767174431.481238,-5,2,-122
1767174431.491238,-4,1,-127
1767174431.501238,-3,1,-120
1767174431.511238,-2,-1,-119
1767174431.521238,0,-3,-122
1767174431.531238,1,-1,-126
1767174431.541238,2,0,-127
1767174431.551238,2,-4,-132
1767174431.561238,0,-3,-133
1767174431.571238,0,1,-133
1767174431.5812385,-1,1,-129
1767174431.5912385,1,0,-127
1767174431.6012385,-1,1,-123
1767174431.6112382,0,-2,-122
1767174431.6212382,-3,-3,-128
1767174431.6312382,0,-5,-126
1767174431.6412382,-2,-5,-122
1767174431.6512382,-1,-4,-120
1767174431.6612382,0,-5,-112
1767174431.6712382,4,-3,-109
1767174431.6812382,1,1,-115
1767174431.6912382,5,2,-111
1767174431.7012382,6,4,-118
1767174431.711238,1,2,-121
1767174431.721238,2,3,-122
1767174431.731238,0,0,-129
1767174431.741238,1,1,-131
1767174431.751238,1,0,-132
1767174431.761238,0,2,-125
1767174431.771238,3,-1,-125
1767174431.781238,7,2,-114
1767174431.791238,7,2,-120
1767174431.801238,6,0,-125
1767174431.811238,8,1,-123
1767174431.821238,8,3,-120
1767174431.8312385,2,4,-111
1767174431.8412385,0,0,-110
1767174431.8512385,-5,-1,-112
1767174431.8612382,-5,0,-109
1767174431.8712382,0,0,-114
1767174431.8812382,4,-3,-120
1767174431.8912382,7,0,-115
1767174431.9012382,4,0,-116
1767174431.9112382,2,-1,-121
1767174431.9212382,0,-2,-121
1767174431.9312382,5,0,-123
1767174431.9412382,4,1,-125
1767174431.9512382,5,5,-124
1767174431.961238,3,3,-122
1767174431.971238,6,0,-124
1767174431.981238,4,-2,-116
1767174431.991238,0,-1,-121
1767174432.001238,1,0,-125
1767174432.011238,3,0,-127
1767174432.021238,3,-5,-129
1767174432.031238,1,-5,-129
1767174432.041238,0,-7,-130
1767174432.051238,-3,-4,-131
1767174432.061238,0,-3,-129
1767174432.071238,1,-8,-127
1767174432.0812385,0,-8,-133
1767174432.0912385,-2,-8,-129
1767174432.1012385,-3,-10,-120
1767174432.1112382,-1,-9,-124
1767174432.1212382,-1,-7,-122
1767174432.1312382,-1,-6,-124
1767174432.1412382,-2,-5,-122
1767174432.1512382,-2,-4,-125
1767174432.1612382,3,-6,-125
1767174432.1712382,1,-6,-126
1767174432.1812382,0,-4,-128
1767174432.1912382,1,0,-131
1767174432.2012382,-1,-3,-129
1767174432.211238,0,-2,-136
1767174432.221238,-4,-4,-131
1767174432.231238,-5,-1,-124
1767174432.241238,-2,0,-122
1767174432.251238,-2,2,-126
1767174432.261238,0,4,-127
1767174432.271238,-1,5,-129
1767174432.281238,-1,4,-127
1767174432.291238,-3,3,-126
1767174432.301238,-2,0,-123
1767174432.311238,2,1,-118
1767174432.321238,2,4,-121
1767174432.3312385,2,-1,-126
1767174432.3412385,2,-4,-124
1767174432.3512385,0,-1,-118
1767174432.3612382,2,-4,-115
1767174432.3712382,1,-4,-117
1767174432.3812382,1,0,-118
1767174432.3912382,-2,0,-112
1767174432.4012382,-2,0,-116
1767174432.4112382,0,0,-122
1767174432.4212382,1,0,-132
1767174432.4312382,-1,0,-131
1767174432.4412382,-1,0,-128
1767174432.4512382,-1,-2,-135
1767174432.461238,0,-1,-138
1767174432.471238,1,-3,-127
1767174432.481238,1,-4,-130
1767174432.491238,1,-1,-127
1767174432.501238,0,0,-133
1767174432.511238,-1,0,-127
1767174432.521238,0,1,-124
1767174432.531238,1,3,-124
1767174432.541238,2,1,-124
1767174432.551238,1,0,-128
1767174432.561238,-2,4,-133
1767174432.571238,-5,2,-134
1767174432.5812385,-2,0,-133
1767174432.5912385,-4,1,-121
1767174432.6012385,-3,1,-121
1767174432.6112382,0,0,-126
1767174432.6212382,-3,-2,-129
1767174432.6312382,-6,-2,-130
1767174432.6412382,-5,-1,-125
1767174432.6512382,-3,-1,-118
1767174432.6612382,-4,-3,-118
1767174432.6712382,2,0,-123
1767174432.6812382,4,1,-127
1767174432.6912382,4,0,-128
1767174432.7012382,5,0,-131
1767174432.711238,5,3,-130
1767174432.721238,5,0,-131
1767174432.731238,2,-1,-129
1767174432.741238,2,-1,-126
1767174432.751238,5,0,-123
1767174432.761238,1,-3,-125
1767174432.771238,0,-3,-120
1767174432.781238,3,-3,-126
1767174432.791238,0,-3,-125
1767174432.801238,-3,-2,-126
1767174432.811238,-2,-1,-128
1767174432.821238,1,-1,-128
1767174432.8312385,0,-1,-128
1767174432.8412385,2,-2,-131
1767174432.8512385,4,0,-130
1767174432.8612382,7,-1,-125
1767174432.8712382,5,-2,-129
1767174432.8812382,1,2,-129
1767174432.8912382,-2,4,-130
1767174432.9012382,-4,2,-130
1767174432.9112382,-4,-1,-127
1767174432.9212382,1,3,-131
1767174432.9312382,8,0,-123
1767174432.9412382,14,-5,-120
1767174432.9512382,14,-3,-123
1767174432.961238,10,-3,-122
1767174432.971238,7,0,-128
1767174432.981238,4,-1,-128
1767174432.991238,0,-3,-127
1767174433.001238,-3,-3,-129
1767174433.011238,-5,-3,-126
1767174433.021238,-8,1,-123
1767174433.031238,-5,2,-122
1767174433.041238,-4,3,-125
1767174433.051238,-1,1,-132
1767174433.061238,0,0,-139
1767174433.071238,-2,0,-143
1767174433.0812385,-1,-4,-139
1767174433.0912385,4,-5,-135
1767174433.1012385,4,-5,-135
1767174433.1112382,1,0,-132
1767174433.1212382,1,0,-132
1767174433.1312382,3,-2,-125
1767174433.1412382,2,-4,-120
1767174433.1512382,1,-4,-117
1767174433.173238,0,4,-116
1767174433.1812382,2,5,-123
1767174433.1912382,1,2,-119
1767174433.202238,10,0,-114
1767174433.211238,7,-2,-123
1767174433.222238,3,-1,-125
1767174433.232238,2,-5,-122
1767174433.242238,1,-1,-119
1767174433.252238,1,0,-120
1767174433.2622385,0,-1,-120
1767174433.2722385,0,-3,-122
1767174433.2822382,2,-5,-131
1767174433.2922382,2,-7,-133
1767174433.3022382,0,-8,-131
1767174433.3122382,-5,-12,-134
1767174433.3222382,-1,-7,-137
1767174433.3322382,0,-6,-133
1767174433.3422382,3,-6,-129
1767174433.3522382,3,-6,-127
1767174433.3622382,1,1,-119
1767174433.3722382,2,0,-114
1767174433.382238,0,1,-115
1767174433.392238,0,2,-121
1767174433.402238,2,2,-119
1767174433.412238,-2,0,-120
1767174433.422238,-1,-2,-128
1767174433.432238,-1,-3,-126
1767174433.442238,-3,0,-125
1767174433.452238,-4,0,-133
1767174433.462238,-5,-2,-133
1767174433.472238,-6,0,-130
1767174433.482238,-9,0,-136
1767174433.492238,-5,-3,-126
1767174433.502238,-3,-3,-126
1767174433.5122385,-3,-1,-123
1767174433.5222385,-1,-1,-123
1767174433.5322382,-3,-1,-127
1767174433.5422382,-3,-3,-130
1767174433.5522382,-2,-1,-123
1767174433.5622382,-1,5,-127
1767174433.5722382,0,1,-126
1767174433.5822382,0,1,-123
1767174433.5922382,2,-1,-123
1767174433.6022382,2,-4,-119
1767174433.6122382,2,0,-117
1767174433.6222382,-1,2,-117
1767174433.632238,-5,2,-123
1767174433.642238,-5,1,-119
1767174433.652238,-5,0,-118
1767174433.662238,-7,-1,-114
1767174433.672238,-5,-7,-118
1767174433.682238,-7,-9,-117
1767174433.692238,-8,-10,-123
1767174433.702238,-8,-6,-122
1767174433.712238,-8,-6,-118
1767174433.722238,-11,-5,-113
1767174433.732238,-13,-7,-114
1767174433.742238,-5,-5,-116
1767174433.752238,-3,-5,-121
1767174433.7622385,0,-2,-115
1767174433.7722385,-5,-2,-117
1767174433.7822382,-1,0,-112
1767174433.7922382,-2,0,-113
1767174433.8022382,1,-3,-112
1767174433.8122382,-1,-4,-120
1767174433.8222382,2,-3,-120
1767174433.8322382,2,-5,-107
1767174433.8422382,2,-3,-108
1767174433.8522382,4,-4,-111
1767174433.8622382,7,0,-115
1767174433.8722382,7,1,-120
1767174433.882238,8,1,-130
1767174433.892238,7,2,-125
1767174433.902238,2,0,-127
1767174433.912238,4,0,-121
1767174433.922238,1,6,-125
1767174433.932238,3,10,-131
1767174433.942238,0,5,-129
1767174433.952238,-2,1,-127
1767174433.962238,-2,-1,-126
1767174433.972238,-1,-2,-122
1767174433.982238,-1,-1,-122
1767174433.992238,0,1,-120
1767174434.002238,1,0,-119
1767174434.0122385,0,0,-116
1767174434.0222385,-5,-1,-122
1767174434.0322382,-2,3,-118
1767174434.0422382,0,4,-117
1767174434.0522382,1,0,-120
1767174434.0622382,1,-2,-123
1767174434.0722382,4,-5,-121
1767174434.0822382,4,-3,-121
1767174434.0922382,3,-2,-118
1767174434.1022382,0,-4,-129
1767174434.1122382,0,-6,-128
1767174434.1222382,0,-3,-135
1767174434.132238,1,0,-127
1767174434.142238,4,-2,-132
1767174434.152238,5,-3,-136
1767174434.162238,3,-3,-133
1767174434.172238,0,0,-128
1767174434.182238,-2,3,-125
1767174434.192238,-2,2,-127
1767174434.202238,2,0,-132
1767174434.212238,1,4,-128
1767174434.222238,0,1,-125
1767174434.232238,-2,0,-130
1767174434.242238,0,-3,-137
1767174434.252238,0,-3,-136
1767174434.2622385,-4,-2,-132
1767174434.2722385,-3,0,-129
1767174434.2822382,-4,-1,-131
1767174434.2922382,-7,-2,-132
1767174434.3022382,-8,-1,-131
1767174434.3122382,-8,-3,-132
1767174434.3222382,-4,-4,-129
1767174434.3322382,-1,-4,-127
1767174434.3422382,-2,-6,-122
1767174434.3522382,2,-6,-120
1767174434.3622382,2,-9,-118
1767174434.3722382,6,-9,-129
1767174434.382238,0,-7,-125
1767174434.392238,0,-5,-122
1767174434.402238,1,-6,-117
1767174434.412238,-1,-6,-112
1767174434.422238,0,-10,-117
1767174434.432238,0,-11,-118
1767174434.442238,2,-8,-120
1767174434.452238,1,-6,-125
1767174434.462238,3,-1,-123
1767174434.472238,4,-1,-127
1767174434.482238,7,1,-129
1767174434.492238,9,1,-129
1767174434.502238,4,1,-126
1767174434.5122385,3,0,-128
1767174434.5222385,0,-5,-123
1767174434.5322382,0,-4,-122
1767174434.5422382,-4,1,-119
1767174434.5522382,-3,-3,-115
1767174434.5622382,-2,-3,-118
1767174434.5722382,-1,2,-126
1767174434.5822382,2,4,-129
1767174434.5922382,5,4,-126
1767174434.6022382,6,4,-120
1767174434.6122382,3,0,-122
1767174434.6222382,2,-1,-125
1767174434.632238,1,-3,-125
1767174434.642238,0,-7,-129
1767174434.652238,1,-3,-127
1767174434.662238,-2,-3,-130
1767174434.672238,0,-3,-116
1767174434.682238,-2,-3,-115
1767174434.692238,-1,-5,-119
1767174434.702238,1,-5,-121
1767174434.712238,0,-7,-122
1767174434.722238,-1,-4,-128
1767174434.732238,-4,-10,-128
1767174434.742238,-2,-12,-128
1767174434.752238,2,-9,-124
1767174434.7622385,4,-3,-122
1767174434.7722385,0,-1,-121
1767174434.7822382,4,-1,-115
1767174434.7922382,1,0,-114
1767174434.8022382,0,2,-114
1767174434.8122382,1,1,-119
1767174434.8222382,-1,-5,-116
1767174434.8322382,-1,-10,-125
1767174434.8422382,1,-11,-128
1767174434.8522382,0,-11,-130
1767174434.8622382,-1,-10,-130
1767174434.8722382,0,-11,-130
1767174434.882238,-2,-9,-131
1767174434.892238,0,-9,-128
1767174434.902238,0,-7,-129
1767174434.912238,4,-8,-127
1767174434.922238,2,-9,-129
1767174434.932238,1,-4,-121
1767174434.942238,0,-4,-120
1767174434.952238,0,-5,-121
1767174434.962238,3,-6,-126
1767174434.972238,3,-3,-122
1767174434.982238,3,-1,-122
1767174434.992238,6,-1,-130
1767174435.002238,4,-4,-130
1767174435.0122385,2,-7,-128
1767174435.0222385,3,-8,-132
1767174435.0322382,2,-8,-121
1767174435.0422382,-1,-5,-125
1767174435.0522382,-3,-3,-120
1767174435.0622382,-3,-5,-118
1767174435.0722382,2,-6,-115
1767174435.0822382,3,-4,-118
1767174435.0922382,-5,-7,-116
1767174435.1022382,-4,-10,-117
1767174435.1122382,-5,-6,-114
1767174435.1222382,-1,-4,-117
1767174435.132238,-4,-1,-115
1767174435.142238,-7,0,-109
1767174435.152238,-4,-1,-113
1767174435.162238,-2,0,-112
1767174435.172238,-1,-1,-107
1767174435.182238,-5,0,-114
1767174435.192238,-9,1,-120
1767174435.202238,-1,0,-116
1767174435.212238,1,0,-122
1767174435.222238,-4,2,-124
1767174435.232238,-3,0,-122
1767174435.242238,-2,0,-120
1767174435.252238,0,-1,-120
1767174435.2622385,5,-5,-122
1767174435.2722385,2,-8,-124
1767174435.2822382,1,-9,-125
1767174435.2922382,0,-8,-127
1767174435.3022382,-5,-3,-123
1767174435.3122382,-11,-5,-118
1767174435.3222382,-10,-6,-120
1767174435.3322382,-6,-4,-114
1767174435.3422382,-5,-1,-116
1767174435.3522382,-7,2,-116
1767174435.3622382,-6,0,-112
1767174435.3722382,-3,2,-122
1767174435.382238,-4,0,-120
1767174435.392238,-1,2,-115
1767174435.402238,0,3,-117
1767174435.412238,5,1,-109
1767174435.422238,4,2,-110
1767174435.432238,6,0,-112
1767174435.442238,5,1,-116
1767174435.452238,6,-1,-114
1767174435.462238,5,-4,-113
1767174435.472238,5,-1,-115
1767174435.482238,1,-1,-118
1767174435.492238,0,-3,-119
1767174435.502238,3,0,-126
1767174435.5122385,0,5,-128
1767174435.5222385,-3,2,-124
1767174435.5322382,-4,-1,-127
1767174435.5422382,-2,0,-122
1767174435.5522382,-1,4,-120
1767174435.5622382,-3,3,-125
1767174435.5722382,-8,4,-127
1767174435.5822382,-1,6,-129
1767174435.5922382,-7,5,-131
1767174435.6022382,-6,3,-129
1767174435.6122382,-2,0,-132
1767174435.6222382,-3,-2,-129
1767174435.632238,-6,-3,-125
1767174435.642238,-7,-3,-127
1767174435.652238,-6,-3,-129
1767174435.662238,-6,-3,-132
1767174435.672238,-1,-5,-132
1767174435.682238,3,-3,-130
1767174435.692238,3,-1,-123
1767174435.702238,2,0,-126
1767174435.712238,6,-3,-124
1767174435.722238,5,-3,-123
1767174435.732238,6,0,-120
1767174435.742238,8,3,-121
1767174435.752238,11,1,-125
1767174435.7622385,4,2,-125
1767174435.7722385,5,3,-126
1767174435.7822382,5,4,-118
1767174435.7922382,4,5,-113
1767174435.8022382,2,5,-116
1767174435.8122382,1,5,-119
1767174435.8222382,3,0,-118
1767174435.8322382,3,-1,-115
1767174435.8422382,7,-2,-119
1767174435.8522382,5,-4,-118
1767174435.863238,6,-5,-116
1767174435.8722382,3,-3,-115
1767174435.883238,4,-1,-116
1767174435.893238,5,-4,-121
1767174435.903238,9,-8,-116
1767174435.913238,9,-11,-113
1767174435.923238,7,-5,-111
1767174435.9332385,7,-9,-108
1767174435.9432385,8,-5,-116
1767174435.9532382,11,-1,-127
1767174435.9632382,13,-5,-124
1767174435.9732382,7,-2,-122
1767174435.9832382,3,-6,-123
1767174435.9932382,3,-3,-119
1767174436.0032382,3,-2,-119
1767174436.0132382,1,-6,-116
1767174436.0232382,0,-6,-119
1767174436.0332382,0,-4,-120
1767174436.0432382,0,-2,-120
1767174436.0532382,1,-3,-121
1767174436.063238,4,-4,-122
1767174436.073238,0,-2,-125
1767174436.083238,0,-2,-124
1767174436.093238,0,-4,-123
1767174436.103238,-1,-5,-123
1767174436.113238,0,-2,-125
1767174436.123238,0,1,-125
1767174436.133238,0,-6,-123
1767174436.143238,-4,-6,-128
1767174436.153238,-5,-3,-129
1767174436.163238,-2,-1,-127
1767174436.173238,-1,-1,-126
1767174436.1832385,1,0,-126
1767174436.1932385,0,1,-123
1767174436.2032382,0,1,-120
1767174436.2132382,0,0,-116
1767174436.2232382,0,0,-117
1767174436.2332382,-2,-2,-116
1767174436.2432382,-2,0,-121
1767174436.2532382,-4,0,-126
1767174436.2632382,-1,0,-124
1767174436.2732382,0,0,-120
1767174436.2832382,0,0,-119
1767174436.2932382,0,0,-121
1767174436.3032382,0,-1,-120
1767174436.313238,1,-5,-113
1767174436.323238,-1,-1,-116
1767174436.333238,2,0,-116
1767174436.343238,0,0,-116
1767174436.353238,-3,0,-123
1767174436.363238,-4,-1,-126
1767174436.373238,-4,0,-125
1767174436.383238,-6,1,-131
1767174436.393238,-5,0,-131
1767174436.403238,-5,0,-128
1767174436.413238,-3,1,-125
1767174436.423238,0,-2,-121
1767174436.4332385,3,-3,-125
1767174436.4432385,2,0,-122
1767174436.4532382,2,-1,-121
1767174436.4632382,2,1,-117
1767174436.4732382,1,2,-116
1767174436.4832382,0,4,-113
1767174436.4932382,-1,0,-116
1767174436.5032382,-3,0,-120
1767174436.5132382,0,-2,-121
1767174436.5232382,-1,-4,-126
1767174436.5332382,1,-2,-129
1767174436.5432382,0,-3,-125
1767174436.5532382,-2,-3,-128
1767174436.563238,3,-4,-124
1767174436.573238,2,-2,-127
1767174436.583238,9,-2,-128
1767174436.593238,5,-5,-123
1767174436.603238,5,-4,-128
1767174436.613238,2,-8,-128
1767174436.623238,2,-4,-123
1767174436.633238,-3,-1,-120
1767174436.643238,-5,0,-118
1767174436.653238,-6,0,-130
1767174436.663238,-6,1,-131
1767174436.673238,-4,1,-130
1767174436.6832385,0,0,-129
1767174436.6932385,3,1,-134
1767174436.7032382,2,-1,-133
1767174436.7132382,3,-1,-135
1767174436.7232382,0,-1,-137
1767174436.7332382,0,-3,-134
1767174436.7432382,-1,0,-123
1767174436.7532382,-3,1,-125
1767174436.7632382,-2,-2,-124
1767174436.7732382,0,-3,-123
1767174436.7832382,-3,-2,-128
1767174436.7932382,-4,-4,-129
1767174436.8032382,-1,-1,-126
1767174436.813238,-1,0,-126
1767174436.823238,-4,-3,-122
1767174436.833238,-3,0,-118
1767174436.843238,-1,2,-126
1767174436.853238,-5,1,-132
1767174436.863238,-3,3,-131
1767174436.873238,-5,7,-126
1767174436.883238,-5,2,-121
1767174436.8942382,-8,1,-126
1767174436.903238,-5,2,-130
1767174436.913238,-2,3,-131
1767174436.923238,-1,-1,-128
1767174436.9332385,-2,-2,-119
1767174436.9432385,-4,-6,-116
1767174436.9532382,0,-8,-119
1767174436.9632382,-1,-10,-119
1767174436.9732382,-5,-11,-120
1767174436.9832382,-5,-9,-121
1767174436.9932382,0,-11,-124
1767174437.0032382,-5,-8,-123
1767174437.0132382,-6,-7,-120
1767174437.0232382,0,-8,-120
1767174437.0332382,4,-4,-118
1767174437.0432382,2,-2,-122
1767174437.0532382,2,0,-122
1767174437.063238,2,0,-123
1767174437.073238,2,-1,-117
1767174437.083238,4,-2,-116
1767174437.093238,7,1,-116
1767174437.103238,5,6,-116
1767174437.113238,-1,5,-120
1767174437.123238,-2,4,-121
1767174437.133238,-4,-1,-118
1767174437.143238,-2,-1,-119
1767174437.153238,1,-4,-124
1767174437.163238,1,-5,-120
1767174437.173238,3,-7,-127
1767174437.1832385,5,-9,-125
1767174437.1932385,5,-4,-121
1767174437.2032382,8,-10,-123
1767174437.2132382,9,-8,-120
1767174437.2232382,6,-2,-116
1767174437.2332382,4,0,-118
1767174437.2432382,1,-6,-116
1767174437.2532382,4,-6,-114
1767174437.2632382,4,-5,-116
1767174437.2732382,6,-4,-120
1767174437.2832382,6,-6,-114
1767174437.2932382,11,-4,-112
1767174437.3032382,10,-1,-120
1767174437.313238,5,-1,-126
1767174437.323238,4,2,-124
1767174437.333238,0,2,-127
1767174437.343238,0,3,-127
1767174437.353238,0,0,-125
1767174437.363238,-3,-5,-119
1767174437.373238,-4,-1,-116
1767174437.383238,-1,-3,-116
1767174437.393238,-1,-5,-120
1767174437.403238,-3,-2,-118
1767174437.413238,-6,-2,-121
1767174437.423238,0,-4,-122
1767174437.4332385,0,-3,-122
1767174437.4432385,-1,-1,-125
1767174437.4532382,2,5,-116
1767174437.4632382,10,4,-124
1767174437.4732382,14,1,-124
1767174437.4832382,10,0,-119
1767174437.4932382,5,6,-112
1767174437.5032382,4,8,-117
1767174437.5132382,9,7,-127
1767174437.5232382,13,4,-126
1767174437.5332382,16,4,-124
1767174437.5432382,11,0,-129
1767174437.5532382,3,0,-131
1767174437.563238,6,1,-131
1767174437.573238,4,-2,-132
1767174437.583238,2,-2,-130
1767174437.593238,5,-4,-129
1767174437.603238,2,-3,-125
1767174437.613238,0,-4,-128
1767174437.623238,-1,-4,-126
1767174437.633238,-3,-4,-121
1767174437.643238,-7,-4,-120
1767174437.653238,-7,-1,-128
1767174437.663238,-1,-3,-130
1767174437.673238,0,-1,-130
1767174437.6832385,-3,0,-128
1767174437.6932385,-5,-4,-128
1767174437.7032382,-9,-2,-127
1767174437.7132382,-7,-4,-125
1767174437.7232382,-3,-3,-128
1767174437.7332382,-4,-8,-123
1767174437.7432382,-1,-5,-124
1767174437.7532382,-1,-5,-130
1767174437.7632382,-1,-8,-126
1767174437.7732382,-1,-5,-124
1767174437.7832382,0,-5,-124
1767174437.7932382,-1,-3,-126
1767174437.8032382,-5,-4,-124
1767174437.813238,-7,-3,-124
1767174437.823238,-13,-2,-122
1767174437.833238,-11,-5,-119
1767174437.843238,-2,-5,-116
1767174437.853238,-1,-7,-123
1767174437.863238,0,-6,-134
1767174437.873238,-5,-5,-133
1767174437.883238,-7,-6,-134
1767174437.893238,-7,-8,-138
1767174437.903238,-4,-8,-138
1767174437.913238,0,-2,-131
1767174437.923238,1,-2,-124
1767174437.9332385,0,0,-126
1767174437.9432385,-4,1,-122
1767174437.9532382,-6,1,-127
1767174437.9632382,-4,-3,-128
1767174437.9732382,-3,-1,-125
1767174437.9832382,-1,-7,-125
1767174437.9932382,0,-4,-130
1767174438.0032382,5,-7,-126
1767174438.0132382,6,-7,-129
1767174438.0232382,6,-2,-125
1767174438.0332382,2,-2,-125
1767174438.0432382,0,-1,-125
1767174438.0532382,-3,-3,-114
1767174438.063238,-2,-3,-108
1767174438.073238,-2,0,-116
1767174438.083238,-2,-3,-117
1767174438.093238,-4,-5,-118
1767174438.103238,-3,0,-118
1767174438.113238,0,-4,-122
1767174438.123238,2,-4,-121
1767174438.133238,1,-2,-125
1767174438.143238,0,0,-120
1767174438.153238,-4,0,-120
1767174438.163238,0,-3,-122
1767174438.1842382,3,4,-118
1767174438.1932385,1,3,-115
1767174438.2032382,-4,3,-119
1767174438.2132382,-6,0,-120
1767174438.2232382,-8,-1,-123
1767174438.2332382,-2,0,-122
1767174438.2432382,1,0,-118
1767174438.2532382,1,0,-125
1767174438.2632382,3,0,-125
1767174438.2732382,3,3,-126
1767174438.2832382,6,3,-119
1767174438.2932382,4,3,-123
1767174438.3032382,0,3,-131
1767174438.313238,2,2,-129
1767174438.323238,0,0,-128
1767174438.333238,6,-2,-131
1767174438.343238,8,-1,-127
1767174438.353238,6,-1,-126
1767174438.363238,0,0,-122
1767174438.373238,0,3,-121
1767174438.383238,0,4,-112
1767174438.393238,-1,6,-113
1767174438.403238,2,5,-116
1767174438.413238,5,2,-114
1767174438.423238,8,1,-112
1767174438.4332385,3,1,-109
1767174438.4442382,0,2,-109
1767174438.4542382,-1,-4,-110
1767174438.4632382,-3,-5,-121
1767174438.4732382,0,-3,-120
1767174438.4832382,2,-2,-118
1767174438.494238,1,3,-126
1767174438.5032382,0,2,-125
1767174438.5132382,1,0,-127
1767174438.524238,1,1,-125
1767174438.534238,1,0,-115
1767174438.544238,0,0,-116
1767174438.554238,-4,-1,-119
1767174438.564238,-5,2,-117
1767174438.574238,-3,1,-116
1767174438.584238,-3,0,-124
1767174438.594238,-4,-3,-121
1767174438.6042385,-4,-5,-123
1767174438.6142385,-4,-1,-124
1767174438.6242385,-7,-1,-125
1767174438.6342382,-6,-5,-129
1767174438.6442382,-7,-3,-122
1767174438.6542382,-5,-1,-127
1767174438.6642382,-6,0,-133
1767174438.6742382,-4,1,-133
1767174438.6842382,-6,0,-129
1767174438.6942382,0,-1,-123
1767174438.7042382,0,0,-120
1767174438.7142382,0,7,-119
1767174438.7242382,0,8,-122
1767174438.734238,0,8,-125
1767174438.744238,-7,3,-122
1767174438.754238,-5,0,-119
1767174438.764238,-8,0,-114
1767174438.774238,-4,3,-118
1767174438.784238,-6,5,-119
1767174438.794238,-4,1,-127
1767174438.804238,-3,-1,-131
1767174438.814238,-3,-3,-134
1767174438.824238,-2,-3,-136
1767174438.834238,-2,-4,-132
1767174438.844238,-1,-2,-127
1767174438.8542385,-1,1,-129
1767174438.8642385,-1,0,-125
1767174438.8742385,-2,-2,-123
1767174438.8842382,0,0,-118
1767174438.8942382,5,0,-113
1767174438.9042382,6,-2,-117
1767174438.9142382,5,1,-119
1767174438.9242382,2,0,-123
1767174438.9342382,0,1,-121
1767174438.9442382,-2,0,-133
1767174438.9542382,0,0,-133
1767174438.9642382,3,0,-126
1767174438.9742382,1,0,-127
1767174438.984238,1,0,-125
1767174438.994238,1,0,-123
1767174439.004238,4,0,-133
1767174439.014238,4,2,-128
1767174439.024238,3,3,-125
1767174439.034238,0,4,-127
1767174439.044238,3,2,-126
1767174439.054238,1,1,-119
1767174439.064238,4,0,-115
1767174439.074238,4,0,-112
1767174439.084238,3,-3,-109
1767174439.094238,6,-5,-112
1767174439.1042385,5,-3,-109
1767174439.1142385,4,-2,-113
1767174439.1242385,0,-3,-107
1767174439.1342382,1,-4,-112
1767174439.1442382,0,-4,-119
1767174439.1542382,2,-1,-125
1767174439.1642382,1,0,-122
1767174439.1742382,0,-1,-122
1767174439.1842382,3,-2,-126
1767174439.1942382,0,-8,-123
1767174439.2042382,0,-5,-122
1767174439.2142382,-5,-4,-127
1767174439.2242382,-3,-3,-128
1767174439.234238,2,-4,-126
1767174439.244238,0,-4,-126
1767174439.254238,-4,-6,-131
1767174439.264238,-8,-4,-119
1767174439.274238,-4,-4,-128
1767174439.284238,-6,-8,-128
1767174439.294238,-8,-7,-130
1767174439.304238,-11,-3,-129
1767174439.314238,-7,-2,-129
1767174439.324238,-6,-4,-128
1767174439.334238,-5,-5,-124
1767174439.344238,0,-4,-123
1767174439.3542385,3,-6,-120
1767174439.3642385,3,-2,-118
1767174439.3742385,1,-2,-118
1767174439.3842382,0,-2,-127
1767174439.3942382,-4,-3,-130
1767174439.4042382,-5,-3,-126
1767174439.4142382,-1,-5,-127
1767174439.4242382,-2,0,-126
1767174439.4342382,0,3,-127
1767174439.4442382,-2,2,-123
1767174439.4542382,-3,3,-121
1767174439.4642382,0,2,-123
1767174439.4742382,2,4,-126
1767174439.484238,1,0,-127
1767174439.494238,-1,4,-127
1767174439.504238,-1,3,-130
1767174439.514238,0,0,-129
1767174439.524238,0,0,-122
1767174439.534238,-2,1,-118
1767174439.544238,-7,2,-116
1767174439.554238,-7,6,-116
1767174439.564238,-6,5,-116
1767174439.574238,-5,4,-117
1767174439.584238,-5,4,-115
1767174439.594238,-6,3,-111
1767174439.6042385,0,0,-112
1767174439.6142385,-2,-3,-114
1767174439.6242385,-4,-2,-118
1767174439.6342382,-1,-3,-116
1767174439.6442382,-2,-3,-120
1767174439.6542382,-2,-3,-121
1767174439.6642382,0,-4,-121
1767174439.6742382,0,-4,-122
1767174439.6842382,-2,-2,-121
1767174439.6942382,-3,-5,-121
1767174439.7042382,-6,-4,-119
1767174439.7142382,-4,0,-121
1767174439.7242382,-6,-1,-117
1767174439.734238,-6,0,-115
1767174439.744238,-10,0,-122
1767174439.754238,-3,1,-125
1767174439.764238,-2,1,-119
1767174439.774238,-3,2,-118
1767174439.784238,0,1,-114
1767174439.794238,1,-1,-112
1767174439.804238,-2,0,-114
1767174439.814238,0,0,-118
1767174439.824238,0,0,-121
1767174439.834238,-2,0,-126
1767174439.844238,-1,0,-126
1767174439.8542385,0,0,-124
1767174439.8642385,-1,0,-122
1767174439.8742385,1,-3,-126
1767174439.8842382,2,-4,-127
1767174439.8942382,2,-7,-127
1767174439.9042382,2,-5,-129
1767174439.9142382,0,-5,-129
1767174439.9242382,0,-3,-121
1767174439.9342382,0,-6,-125
1767174439.9442382,0,-5,-134
1767174439.9542382,-2,-3,-134
1767174439.9642382,1,-1,-136
1767174439.9742382,4,-1,-137
1767174439.984238,3,-3,-134
1767174439.994238,1,-3,-132
1767174440.004238,-3,0,-131
1767174440.014238,0,2,-126
1767174440.024238,0,1,-128
1767174440.034238,-4,1,-135
1767174440.044238,-2,0,-132
1767174440.054238,-5,-1,-133
1767174440.064238,-6,0,-132
1767174440.074238,-2,1,-128
1767174440.084238,-4,2,-132
1767174440.094238,-7,1,-130
1767174440.1042385,-5,3,-127
1767174440.1142385,-5,0,-126
1767174440.1242385,0,-1,-125
1767174440.1342382,-1,-6,-117
1767174440.1442382,-2,-4,-124
1767174440.1542382,3,0,-124
1767174440.1642382,3,-2,-124
1767174440.1742382,7,-6,-125
1767174440.1842382,4,-7,-119
1767174440.1942382,5,-7,-115
1767174440.2042382,8,-4,-111
1767174440.2142382,10,-3,-116
1767174440.2242382,8,-3,-118
1767174440.234238,7,-1,-123
1767174440.244238,6,-4,-123
1767174440.254238,6,-5,-123
1767174440.264238,0,-5,-115
1767174440.274238,-1,-8,-117
1767174440.284238,0,-4,-119
1767174440.294238,0,-3,-124
1767174440.304238,3,-3,-126
1767174440.314238,1,-8,-120
1767174440.324238,3,-9,-119
1767174440.334238,-1,-7,-124
1767174440.344238,-3,-1,-121
1767174440.3542385,-1,-3,-120
1767174440.3642385,-5,0,-122
1767174440.3742385,-5,0,-124
1767174440.3842382,-2,6,-120
1767174440.3942382,0,2,-122
1767174440.4042382,0,0,-128
1767174440.4142382,0,1,-134
1767174440.4242382,-1,0,-136
1767174440.4342382,3,1,-128
1767174440.4442382,1,1,-127
1767174440.4542382,-4,1,-124
1767174440.4642382,-2,1,-124
1767174440.4742382,0,-1,-115
1767174440.484238,4,-3,-113
1767174440.494238,0,-2,-113
1767174440.504238,1,-4,-115
1767174440.514238,0,-6,-114
1767174440.524238,2,-9,-119
1767174440.534238,-1,-5,-122
1767174440.544238,0,-1,-120
1767174440.554238,-3,-1,-116
1767174440.564238,0,-3,-116
1767174440.574238,1,-1,-118
1767174440.584238,0,0,-110
1767174440.594238,0,3,-108
1767174440.6042385,-2,3,-114
1767174440.6142385,0,0,-114
1767174440.6242385,3,1,-117
1767174440.6342382,6,-1,-118
1767174440.6442382,1,-1,-113
1767174440.6542382,-1,0,-114
1767174440.6642382,-1,0,-116
1767174440.6742382,-2,-3,-114
1767174440.6842382,-2,-2,-114
1767174440.6942382,0,-3,-118
1767174440.7042382,2,-4,-121
1767174440.7142382,5,-3,-122
1767174440.7242382,5,-4,-125
1767174440.734238,6,-5,-126
1767174440.744238,4,0,-124
1767174440.754238,1,0,-121
1767174440.764238,-3,0,-113
1767174440.774238,0,1,-118
1767174440.784238,0,2,-123
1767174440.794238,0,2,-117
1767174440.804238,-1,-2,-117
1767174440.814238,2,-3,-116
1767174440.824238,3,-6,-125
1767174440.834238,0,-6,-131
1767174440.844238,0,0,-129
1767174440.8542385,2,2,-122
1767174440.8642385,-2,3,-120
1767174440.8742385,0,5,-113
1767174440.8842382,2,3,-121
1767174440.8942382,-2,0,-125
1767174440.9042382,-3,-2,-127
1767174440.9142382,-3,2,-126
1767174440.9242382,-4,2,-127
1767174440.9342382,-3,-1,-122
1767174440.9442382,-4,-5,-117
1767174440.9542382,1,-8,-120
1767174440.9642382,1,-6,-123
1767174440.9742382,3,-5,-123
1767174440.984238,3,-4,-120
1767174440.994238,2,-4,-124
1767174441.004238,0,-2,-125
1767174441.014238,-1,-2,-127
1767174441.024238,3,-3,-132
1767174441.034238,0,-1,-129
1767174441.044238,3,0,-126
1767174441.054238,3,-1,-128
1767174441.064238,-1,-6,-120
1767174441.074238,1,-9,-116
1767174441.084238,-1,-8,-118
1767174441.094238,-2,-9,-120
1767174441.1042385,0,-4,-127
1767174441.1142385,-2,-3,-129
1767174441.1252382,-1,-1,-127
1767174441.1352382,-1,-4,-124
1767174441.1452382,-1,-2,-120
1767174441.1552382,-1,-6,-121
1767174441.1642382,-1,-7,-121
1767174441.175238,-1,-6,-119
1767174441.185238,-5,-3,-114
1767174441.195238,1,-3,-116
1767174441.205238,0,-4,-120
1767174441.215238,0,-5,-123
1767174441.225238,-5,-5,-122
1767174441.235238,-2,-7,-116
1767174441.245238,-1,-7,-123
1767174441.255238,0,-7,-118
1767174441.265238,-4,-5,-114
1767174441.275238,0,-2,-121
1767174441.2852385,0,-2,-131
1767174441.2952385,0,-3,-132
1767174441.3052382,2,0,-132
1767174441.3152382,4,0,-128
1767174441.3252382,3,-4,-124
1767174441.3352382,4,-5,-115
1767174441.3452382,0,-2,-116
1767174441.3552382,-3,-2,-114
1767174441.3652382,-3,-4,-116
1767174441.3752382,-7,-3,-117
1767174441.3852382,-6,-3,-115
1767174441.3952382,-5,-4,-113
1767174441.4052382,-3,2,-113
1767174441.415238,4,6,-113
1767174441.425238,7,5,-117
1767174441.435238,2,4,-118
1767174441.445238,2,1,-122
1767174441.455238,-3,0,-128
1767174441.465238,-3,0,-130
1767174441.475238,-1,1,-119
1767174441.485238,-4,-1,-123
1767174441.495238,0,-1,-122
1767174441.505238,-2,1,-114
1767174441.515238,-3,-1,-111
1767174441.525238,0,1,-110
1767174441.5352385,0,2,-114
1767174441.5452385,1,0,-122
1767174441.5552382,1,2,-115
1767174441.5652382,5,2,-120
1767174441.5752382,7,1,-121
1767174441.5852382,7,0,-124
1767174441.5952382,7,0,-126
1767174441.6052382,5,-2,-128
1767174441.6152382,2,0,-126
1767174441.6252382,5,0,-129
1767174441.6352382,5,-3,-125
1767174441.6452382,4,-6,-123
1767174441.6552382,4,-7,-125
1767174441.665238,2,-11,-122
1767174441.675238,1,-7,-129
1767174441.685238,5,-9,-129
1767174441.695238,2,-8,-130
1767174441.705238,2,-9,-130
1767174441.715238,2,-9,-136
1767174441.725238,6,-5,-137
1767174441.735238,3,-5,-129
1767174441.745238,-1,-1,-128
1767174441.755238,-4,1,-124
1767174441.765238,0,3,-111
1767174441.775238,-6,1,-111
1767174441.7852385,-1,2,-114
1767174441.7952385,-2,1,-115
1767174441.8052382,-6,0,-120
1767174441.8152382,-7,1,-125
1767174441.8252382,-8,0,-120
1767174441.8352382,-7,-6,-121
1767174441.8452382,-8,-8,-121
1767174441.8552382,-9,-7,-117
1767174441.8652382,-7,-11,-117
1767174441.8752382,-6,-10,-119
1767174441.8852382,-6,-7,-129
1767174441.8952382,-5,-6,-127
1767174441.9052382,0,-2,-129
1767174441.915238,2,0,-127
1767174441.925238,0,0,-128
1767174441.935238,-2,0,-127
1767174441.945238,-8,0,-125
1767174441.955238,-10,1,-121
1767174441.965238,-6,-2,-131
1767174441.975238,-9,3,-130
1767174441.985238,-5,5,-127
1767174441.995238,0,4,-129
1767174442.005238,-5,0,-121
1767174442.015238,-5,0,-118
1767174442.025238,-5,-2,-118
1767174442.0352385,-5,0,-114
1767174442.0452385,-3,0,-113
1767174442.0552382,1,0,-113
1767174442.0652382,3,-1,-119
1767174442.0752382,4,-1,-113
1767174442.0852382,6,-1,-110
1767174442.0952382,2,0,-111
1767174442.1052382,3,-2,-113
1767174442.1152382,1,-3,-115
1767174442.1252382,-1,0,-120
1767174442.1352382,0,0,-117
1767174442.1452382,0,-3,-118
1767174442.1552382,0,-3,-117
1767174442.165238,3,-3,-122
1767174442.175238,2,-1,-121
1767174442.185238,1,-3,-120
1767174442.195238,1,-3,-117
1767174442.205238,0,0,-117
1767174442.215238,0,3,-123
1767174442.225238,0,3,-119
1767174442.235238,2,1,-115
1767174442.245238,-2,-1,-116
1767174442.255238,0,-2,-116
1767174442.265238,0,1,-120
1767174442.275238,-3,-3,-121
1767174442.2852385,-3,-1,-119
1767174442.2952385,-1,-5,-118
1767174442.3052382,-1,-4,-117
1767174442.3152382,2,-6,-119
1767174442.3252382,2,-5,-124
1767174442.3352382,3,-4,-121
1767174442.3452382,0,-1,-121
1767174442.3552382,-7,1,-117
1767174442.3652382,-4,0,-116
1767174442.3752382,-6,-1,-119
1767174442.3852382,-5,-3,-125
1767174442.3952382,0,-7,-126
1767174442.4052382,0,-2,-127
1767174442.415238,3,0,-130
1767174442.425238,3,0,-127
1767174442.435238,0,-2,-125
1767174442.445238,3,-3,-128
1767174442.455238,3,-1,-130
1767174442.465238,3,0,-131
1767174442.475238,3,2,-134
1767174442.485238,4,3,-134
1767174442.495238,0,5,-133
1767174442.505238,3,0,-132
1767174442.515238,0,-1,-127
1767174442.525238,-1,0,-124
1767174442.5352385,-1,2,-126
1767174442.5452385,-2,1,-132
1767174442.5552382,-2,0,-126
1767174442.5652382,-3,0,-128
1767174442.5752382,-5,-1,-123
1767174442.5852382,-3,-2,-125
1767174442.5952382,-4,1,-126
1767174442.6052382,-4,1,-127
1767174442.6152382,0,1,-121
1767174442.6252382,0,1,-121
1767174442.6352382,0,-1,-122
1767174442.6452382,2,-2,-124
1767174442.6552382,-3,-5,-130
1767174442.665238,0,-6,-121
1767174442.675238,0,-6,-116
1767174442.685238,-6,-5,-125
1767174442.695238,-3,-2,-128
1767174442.705238,0,-3,-127
1767174442.715238,0,-5,-122
1767174442.725238,-5,-5,-123
1767174442.735238,-9,-2,-121
1767174442.745238,-6,-2,-121
1767174442.755238,0,0,-130
1767174442.765238,3,1,-132
1767174442.775238,1,5,-131
1767174442.7852385,3,2,-126
1767174442.7952385,2,5,-126
1767174442.8052382,3,0,-124
1767174442.8152382,0,-5,-129
1767174442.8252382,2,-8,-132
1767174442.8352382,0,-6,-132
1767174442.8452382,2,-7,-127
1767174442.8552382,0,-5,-122
1767174442.8652382,0,-3,-122
1767174442.8752382,3,-1,-119
1767174442.8852382,4,-3,-116
1767174442.8952382,7,0,-116
1767174442.9052382,10,-1,-120
1767174442.915238,5,1,-120
1767174442.925238,2,1,-120
1767174442.935238,1,1,-124
1767174442.945238,5,-2,-129
1767174442.955238,1,-8,-128
1767174442.965238,1,-12,-128
1767174442.975238,2,-11,-130
1767174442.985238,2,-6,-126
1767174442.995238,1,-6,-132
1767174443.005238,-2,-3,-133
1767174443.015238,-6,-4,-141
1767174443.025238,-5,0,-143
1767174443.0352385,-2,-4,-132
1767174443.0452385,-5,-1,-133
1767174443.0552382,-5,-2,-129
1767174443.0652382,-3,-5,-126
1767174443.0752382,-2,-5,-130
1767174443.0852382,-3,-4,-129
1767174443.0952382,-4,-2,-123
1767174443.1052382,0,-3,-123
1767174443.1152382,-2,0,-123
1767174443.1252382,5,0,-124
1767174443.1352382,5,-2,-124
1767174443.1452382,4,-2,-128
1767174443.1552382,5,-3,-129
1767174443.165238,2,1,-132
1767174443.175238,1,4,-132
1767174443.1972382,0,4,-132
1767174443.205238,-3,9,-130
1767174443.215238,1,4,-123
1767174443.225238,-1,0,-124
1767174443.235238,0,4,-123
1767174443.245238,1,5,-119
1767174443.255238,0,0,-116
1767174443.265238,-1,-4,-119
1767174443.275238,2,-8,-116
1767174443.2852385,2,-3,-115
1767174443.2952385,3,-2,-125
1767174443.3052382,2,-5,-126
1767174443.3152382,-2,-3,-125
1767174443.3252382,-4,-7,-120
1767174443.3352382,-6,-7,-117
1767174443.3452382,-1,-4,-121
1767174443.3552382,2,-5,-119
1767174443.3652382,2,-2,-121
1767174443.3752382,0,-4,-126
1767174443.3852382,-1,-3,-124
1767174443.3952382,0,-2,-120
1767174443.4052382,0,-1,-118
1767174443.415238,-2,-1,-122
1767174443.425238,-1,-2,-120
1767174443.435238,-1,-3,-120
1767174443.445238,-1,-1,-123
1767174443.455238,-2,-2,-125
1767174443.465238,0,-2,-125
1767174443.475238,0,-2,-117
1767174443.485238,2,-1,-117
1767174443.495238,5,0,-116
1767174443.505238,5,1,-114
1767174443.515238,3,0,-115
1767174443.525238,4,2,-113
1767174443.5352385,0,3,-115
1767174443.5452385,0,7,-119
1767174443.5552382,0,5,-116
1767174443.5652382,-2,4,-114
1767174443.5752382,0,5,-114
1767174443.5852382,1,1,-118
1767174443.5952382,0,2,-122
1767174443.6052382,-4,2,-124
1767174443.6152382,-1,3,-125
1767174443.6252382,-1,1,-130
1767174443.6352382,1,4,-126
1767174443.6452382,-1,6,-125
1767174443.6552382,-2,6,-122
1767174443.665238,0,4,-122
1767174443.675238,3,4,-123
1767174443.685238,3,2,-125
1767174443.695238,0,4,-122
1767174443.705238,0,2,-122
1767174443.715238,0,3,-121
1767174443.725238,1,-1,-118
1767174443.735238,2,-1,-120
1767174443.745238,1,-3,-115
1767174443.755238,3,-2,-113
1767174443.765238,3,-5,-115
1767174443.775238,2,-2,-112
1767174443.7852385,2,-2,-117
1767174443.7952385,-2,-5,-118
1767174443.8062382,-4,-7,-123
1767174443.8162382,-4,-6,-121
1767174443.8262382,-3,-8,-121
1767174443.836238,0,-9,-119
1767174443.846238,-1,-7,-116
1767174443.856238,-1,-6,-119
1767174443.866238,0,-5,-124
1767174443.876238,1,-3,-122
1767174443.886238,-1,-2,-125
1767174443.896238,2,1,-125
1767174443.906238,3,-5,-118
1767174443.916238,4,-9,-115
1767174443.926238,5,-9,-114
1767174443.936238,5,-9,-123
1767174443.946238,5,-10,-129
1767174443.9562385,4,-7,-126
1767174443.9662385,2,-6,-124
1767174443.9762385,-1,-7,-124
1767174443.9862382,0,-2,-124
1767174443.9962382,-4,-5,-130
1767174444.0062382,-5,-6,-125
1767174444.0162382,0,-3,-125
1767174444.0262382,1,-2,-124
1767174444.0362382,0,-2,-121
1767174444.0462382,0,-2,-129
1767174444.0562382,-1,-3,-132
1767174444.0662382,2,-2,-126
1767174444.0762382,0,-5,-123
1767174444.086238,-2,-6,-126
1767174444.096238,1,-7,-125
1767174444.106238,4,-7,-126
1767174444.116238,5,-6,-126
1767174444.126238,3,-5,-126
1767174444.136238,-1,-3,-116
1767174444.146238,-3,0,-112
1767174444.156238,-1,-1,-109
1767174444.166238,2,0,-111
1767174444.176238,4,1,-118
1767174444.186238,1,0,-120
1767174444.196238,0,-1,-121
1767174444.2062385,0,-2,-121
1767174444.2162385,0,1,-121
1767174444.2262385,-1,2,-121
1767174444.2362382,0,6,-120
1767174444.2462382,7,2,-114
1767174444.2562382,1,0,-114
1767174444.267238,-5,0,-119
1767174444.2762382,-7,0,-124
1767174444.2862382,-5,0,-126
1767174444.2962382,-1,0,-122
1767174444.3062382,-3,0,-126
1767174444.3162382,-6,-2,-126
1767174444.3262382,-5,-1,-117
1767174444.336238,-5,-1,-122
1767174444.346238,-6,-4,-128
1767174444.356238,1,-3,-128
1767174444.366238,1,-3,-131
1767174444.376238,0,-2,-125
1767174444.386238,0,-2,-125
1767174444.396238,1,1,-126
1767174444.406238,2,0,-121
1767174444.416238,0,-1,-123
1767174444.426238,2,0,-124
1767174444.436238,1,-7,-122
1767174444.446238,2,-6,-120
1767174444.4562385,1,-3,-119
1767174444.4662385,3,-4,-116
1767174444.4762385,0,-4,-117
1767174444.4862382,1,0,-117
1767174444.4962382,1,1,-116
1767174444.5062382,-2,-5,-116
1767174444.5162382,-4,-8,-119
1767174444.5262382,-1,-5,-124
1767174444.5362382,0,-6,-118
1767174444.5462382,2,-3,-121
1767174444.5562382,2,-5,-117
1767174444.5662382,0,-4,-121
1767174444.5762382,0,-6,-118
1767174444.586238,-2,-5,-116
1767174444.596238,2,-5,-122
1767174444.606238,3,-4,-121
1767174444.616238,0,-6,-125
1767174444.626238,0,-5,-125
1767174444.636238,0,-3,-128
1767174444.646238,0,-2,-126
1767174444.656238,0,-6,-118
1767174444.666238,-3,-8,-118
1767174444.676238,-10,-5,-126
1767174444.686238,-4,-6,-132
1767174444.696238,3,-4,-130
1767174444.7062385,4,-1,-128
1767174444.7162385,7,-3,-132
1767174444.7262385,7,-4,-128
1767174444.7362382,5,-3,-128
1767174444.7462382,6,-5,-127
1767174444.7562382,4,-7,-125
1767174444.7662382,8,-11,-124
1767174444.7762382,12,-10,-123
1767174444.7862382,8,-7,-126
1767174444.7962382,6,-7,-126
1767174444.8062382,3,-8,-126
1767174444.8162382,0,-10,-126
1767174444.8262382,-3,-10,-128
1767174444.836238,0,-8,-124
1767174444.846238,-1,-9,-134
1767174444.856238,0,-4,-136
1767174444.866238,1,-2,-132
1767174444.876238,2,-2,-132
1767174444.886238,5,-2,-123
1767174444.896238,8,-2,-125
1767174444.906238,3,2,-131
1767174444.916238,2,1,-122
1767174444.926238,-3,-1,-117
1767174444.936238,-5,-4,-114
1767174444.946238,-7,-6,-117
1767174444.9562385,-6,-2,-121
1767174444.9662385,-3,-1,-119
1767174444.9762385,-2,-2,-124
1767174444.9862382,0,-2,-124
1767174444.9962382,-2,-3,-119
1767174445.0062382,0,-1,-118
1767174445.0162382,0,-1,-119
1767174445.0262382,0,1,-123
1767174445.0362382,-1,0,-128
1767174445.0462382,-1,-4,-127
1767174445.0562382,2,-2,-124
1767174445.0662382,3,0,-119
1767174445.0762382,0,-3,-122
1767174445.086238,-2,-2,-126
1767174445.096238,-1,-3,-131
1767174445.106238,-4,-1,-124
1767174445.116238,-2,0,-125
1767174445.126238,0,1,-120
1767174445.136238,-1,-2,-121
1767174445.146238,0,-4,-119
1767174445.156238,-1,-1,-116
1767174445.166238,-1,0,-119
1767174445.176238,-2,-1,-125
1767174445.186238,-5,0,-131
1767174445.196238,-7,-3,-127
1767174445.2062385,-3,-5,-123
1767174445.2162385,-3,-3,-121
1767174445.2262385,0,-6,-124
1767174445.2362382,-5,-2,-132
1767174445.2462382,-4,-3,-131
1767174445.2562382,-2,-5,-129
1767174445.2662382,0,-1,-127
1767174445.2762382,0,-1,-128
1767174445.2862382,3,1,-127
1767174445.2962382,0,1,-123
1767174445.3062382,4,2,-123
1767174445.3162382,2,3,-127
1767174445.3262382,0,-1,-124
1767174445.336238,1,-2,-123
1767174445.346238,0,0,-123
1767174445.356238,0,-2,-118
1767174445.366238,1,-6,-118
1767174445.376238,0,-6,-121
1767174445.386238,0,-6,-120
1767174445.396238,3,-4,-124
1767174445.406238,5,-4,-126
1767174445.416238,5,-7,-127
1767174445.426238,9,-6,-128
1767174445.436238,11,-2,-132
1767174445.446238,8,-5,-130
1767174445.4562385,7,-4,-131
1767174445.4662385,5,-2,-132
1767174445.4762385,3,-5,-133
1767174445.4862382,4,-4,-131
1767174445.4962382,2,-2,-131
1767174445.5062382,0,-1,-130
1767174445.5162382,-4,-2,-127
1767174445.5262382,-4,-1,-120
1767174445.5362382,-1,2,-120
1767174445.5462382,-2,0,-116
1767174445.5562382,0,-2,-118
1767174445.5662382,-7,-4,-123
1767174445.5762382,-8,-3,-122
1767174445.586238,-5,-4,-124
1767174445.596238,-5,-7,-129
1767174445.606238,-8,-9,-129
1767174445.616238,-1,-14,-125
1767174445.626238,-1,-12,-124
1767174445.636238,0,-13,-121
1767174445.646238,-1,-10,-124
1767174445.656238,0,-8,-129
1767174445.666238,2,-8,-133
1767174445.676238,-5,-8,-129
1767174445.686238,-4,-6,-118
1767174445.696238,-1,-6,-116
1767174445.7062385,-1,-9,-121
1767174445.7162385,0,-11,-120
1767174445.7262385,-2,-14,-121
1767174445.7362382,-1,-7,-117
1767174445.7462382,-3,0,-117
1767174445.7562382,0,-2,-123
1767174445.7662382,-1,-3,-124
1767174445.7762382,0,-5,-123
1767174445.7862382,1,-1,-129
1767174445.7962382,1,0,-124
1767174445.8062382,0,-1,-124
1767174445.8162382,-4,-2,-131
1767174445.8262382,-6,-1,-128
1767174445.836238,-2,0,-128
1767174445.846238,0,-1,-131
1767174445.856238,2,-2,-126
1767174445.866238,0,-1,-130
1767174445.876238,-6,-4,-126
1767174445.886238,-6,-1,-115
1767174445.896238,-3,0,-114
1767174445.906238,0,-1,-115
1767174445.916238,0,2,-119
1767174445.926238,-1,4,-119
1767174445.936238,-2,0,-119
1767174445.946238,0,1,-120
1767174445.9562385,1,4,-124
1767174445.9662385,-2,-1,-124
1767174445.9762385,4,4,-124
1767174445.9862382,7,0,-122
1767174445.9962382,4,-5,-122
1767174446.0062382,6,-4,-126
1767174446.0162382,7,-5,-123
1767174446.0262382,4,-6,-121
1767174446.0362382,3,-8,-121
1767174446.0462382,4,-4,-125
1767174446.0562382,2,-3,-126
1767174446.0662382,5,-3,-127
1767174446.0762382,-1,0,-131
1767174446.086238,-1,0,-131
1767174446.096238,-1,-1,-130
1767174446.106238,1,1,-131
1767174446.116238,0,2,-134
1767174446.126238,0,-2,-129
1767174446.136238,2,-1,-129
1767174446.146238,0,0,-129
1767174446.156238,0,3,-123
1767174446.166238,2,2,-127
1767174446.176238,0,0,-123
1767174446.186238,-3,1,-123
1767174446.196238,-1,-2,-129
1767174446.2062385,-5,-5,-127
1767174446.2162385,-7,-8,-125
1767174446.2262385,-5,-7,-128
1767174446.2362382,-8,-4,-122
1767174446.2462382,-2,-5,-123
1767174446.2562382,-1,-6,-124
1767174446.2662382,-6,-4,-129
1767174446.2762382,-5,-3,-127
1767174446.2862382,-3,3,-121
1767174446.2962382,0,0,-127
1767174446.3062382,2,-2,-127
1767174446.3162382,3,-1,-124
1767174446.3262382,4,-1,-126
1767174446.336238,1,-1,-117
1767174446.346238,2,0,-116
1767174446.356238,1,-1,-113
1767174446.366238,1,-2,-115
1767174446.376238,0,-7,-121
1767174446.386238,1,-9,-128
1767174446.396238,2,-3,-124
1767174446.406238,0,-4,-127
1767174446.4172382,-2,-6,-123
1767174446.426238,-3,-6,-118
1767174446.436238,-3,-6,-117
1767174446.4472382,-6,-6,-117
1767174446.4562385,-5,-4,-118
1767174446.4672382,-2,-2,-124
1767174446.4772382,2,-4,-124
1767174446.4872382,2,0,-128
1767174446.4972382,4,2,-126
1767174446.507238,0,3,-124
1767174446.517238,0,0,-123
1767174446.527238,5,1,-122
1767174446.537238,5,0,-120
1767174446.547238,3,2,-119
1767174446.557238,3,-1,-119
1767174446.567238,2,0,-126
1767174446.577238,4,-1,-132
1767174446.587238,7,-1,-129
1767174446.597238,3,-4,-132
1767174446.607238,2,-4,-128
1767174446.617238,0,-4,-122
1767174446.627238,-1,-1,-127
1767174446.6372385,2,-3,-122
1767174446.6472385,3,-3,-127
1767174446.6572382,4,-2,-129
1767174446.6672382,7,-2,-126
1767174446.6772382,5,-5,-125
1767174446.6872382,1,-6,-117
1767174446.6972382,2,-7,-112
1767174446.7072382,2,-5,-111
1767174446.7172382,4,-6,-122
1767174446.7272382,2,-2,-126
1767174446.7372382,0,0,-126
1767174446.7472382,-3,-1,-120
1767174446.757238,-4,-2,-125
1767174446.767238,0,1,-124
1767174446.777238,8,3,-121
1767174446.787238,10,6,-115
1767174446.797238,9,5,-111
1767174446.807238,9,0,-119
1767174446.817238,5,0,-124
1767174446.827238,3,0,-120
1767174446.837238,8,-3,-121
1767174446.847238,4,-2,-117
1767174446.857238,5,-1,-115
1767174446.867238,8,-1,-108
1767174446.877238,8,0,-110
1767174446.8872385,6,-4,-119
1767174446.8972385,7,-3,-119
1767174446.9072382,7,-2,-120
1767174446.9172382,5,-2,-130
1767174446.9272382,7,-5,-128
1767174446.9372382,6,-5,-126
1767174446.9472382,1,-7,-126
1767174446.9572382,1,-8,-124
1767174446.9672382,-2,-10,-124
1767174446.9772382,-4,-9,-126
1767174446.9872382,0,-5,-121
1767174446.9972382,3,-5,-125
1767174447.007238,0,-4,-130
1767174447.017238,3,-9,-132
1767174447.027238,3,-3,-133
1767174447.037238,-1,1,-126
1767174447.047238,-4,2,-122
1767174447.057238,-2,3,-126
1767174447.067238,-2,1,-126
1767174447.077238,-6,2,-127
1767174447.087238,-10,2,-129
1767174447.097238,-10,1,-126
1767174447.107238,-12,-2,-123
1767174447.117238,-6,-2,-125
1767174447.127238,-7,0,-122
1767174447.1372385,-4,0,-124
1767174447.1472385,-3,-1,-122
1767174447.1572382,-3,-5,-126
1767174447.1672382,-3,-3,-131
1767174447.1772382,-2,-3,-133
1767174447.1872382,0,-2,-127
1767174447.1972382,1,-2,-129
1767174447.2072382,0,-7,-132
1767174447.2172382,1,-7,-126
1767174447.2272382,0,-4,-129
1767174447.2372382,0,-3,-130
1767174447.2472382,2,-6,-128
1767174447.257238,2,-7,-127
1767174447.267238,1,-4,-124
1767174447.277238,-1,0,-130
1767174447.287238,-2,0,-127
1767174447.297238,0,3,-129
1767174447.307238,1,4,-127
1767174447.317238,0,5,-131
1767174447.327238,0,4,-137
1767174447.337238,1,4,-135
1767174447.347238,3,8,-131
1767174447.357238,-2,4,-131
1767174447.367238,0,6,-131
1767174447.377238,6,6,-124
1767174447.3872385,2,9,-133
1767174447.3972385,1,9,-135
1767174447.4072382,-2,12,-136
1767174447.4172382,-1,8,-134
1767174447.4272382,-1,6,-129
1767174447.4372382,0,5,-133
1767174447.4472382,-1,2,-146
1767174447.4572382,-3,4,-137
1767174447.4672382,-4,1,-127
1767174447.4772382,-3,0,-121
1767174447.4872382,-1,2,-118
1767174447.4972382,-2,2,-115
1767174447.507238,1,1,-114
1767174447.517238,4,5,-110
1767174447.527238,-1,7,-111
1767174447.537238,0,2,-114
1767174447.547238,3,-2,-119
1767174447.557238,1,-1,-124
1767174447.567238,1,2,-130
1767174447.577238,-5,1,-125
1767174447.587238,-6,0,-122
1767174447.597238,-8,3,-125
1767174447.607238,-7,4,-125
1767174447.617238,-4,3,-123
1767174447.627238,-3,6,-120
1767174447.6372385,-1,2,-121
1767174447.6472385,-3,-2,-128
1767174447.6572382,-3,-3,-131
1767174447.6672382,-11,-7,-124
1767174447.6772382,-10,-4,-123
1767174447.6872382,-3,-1,-120
1767174447.6972382,-1,0,-119
1767174447.7072382,-3,1,-120
1767174447.7172382,-2,-1,-115
1767174447.7272382,-5,-2,-114
1767174447.7372382,-6,-2,-117
1767174447.7472382,-5,-2,-123
1767174447.757238,-3,-6,-124
1767174447.767238,-1,0,-130
1767174447.777238,-3,-3,-127
1767174447.787238,-4,-3,-124
1767174447.797238,-7,-4,-125
1767174447.807238,-5,-5,-124
1767174447.817238,-3,-9,-120
1767174447.827238,-8,-10,-122
1767174447.837238,-7,-4,-119
1767174447.847238,-2,-3,-126
1767174447.857238,-1,0,-131
1767174447.867238,-1,0,-123
1767174447.877238,-1,-2,-124
1767174447.8872385,0,-1,-128
1767174447.8972385,-8,1,-126
1767174447.9072382,-9,3,-119
1767174447.9172382,-10,3,-120
1767174447.9272382,-10,3,-121
1767174447.9372382,-3,0,-120
1767174447.9472382,-1,-6,-113
1767174447.9572382,-5,-7,-107
1767174447.9672382,-1,-6,-113
1767174447.9772382,0,-1,-114
1767174447.9872382,-2,-4,-117
1767174447.9972382,3,-4,-123
1767174448.007238,4,-4,-125
1767174448.017238,7,-3,-124
1767174448.027238,7,-3,-124
1767174448.037238,8,-1,-115
1767174448.047238,10,-4,-119
1767174448.057238,4,-5,-118
1767174448.067238,3,-4,-113
1767174448.077238,0,-4,-109
1767174448.087238,-1,0,-109
1767174448.097238,-3,5,-111
1767174448.107238,-3,8,-110
1767174448.117238,0,5,-111
1767174448.127238,3,3,-113
1767174448.1372385,1,3,-120
1767174448.1472385,7,1,-128
1767174448.1572382,6,2,-129
1767174448.1672382,2,6,-128
1767174448.1772382,-1,1,-128
1767174448.1872382,-4,3,-123
1767174448.208238,-5,-1,-121
1767174448.2172382,0,-3,-123
1767174448.2272382,0,0,-120
1767174448.2372382,0,0,-120
1767174448.2472382,-1,-1,-117
1767174448.257238,2,-1,-115
1767174448.267238,3,-2,-122
1767174448.277238,0,0,-123
1767174448.287238,-1,3,-120
1767174448.297238,-1,-1,-119
1767174448.307238,-3,-2,-122
1767174448.317238,2,-4,-122
1767174448.327238,2,-4,-121
1767174448.337238,5,-3,-121
1767174448.347238,1,0,-118
1767174448.357238,6,1,-111
1767174448.367238,5,0,-108
1767174448.377238,7,-1,-119
1767174448.3872385,6,-5,-124
1767174448.3972385,1,-3,-122
1767174448.4072382,1,-4,-118
1767174448.4172382,0,-5,-125
1767174448.4272382,1,-3,-126
1767174448.4372382,-2,-5,-133
1767174448.4472382,-3,-3,-138
1767174448.4572382,0,-3,-133
1767174448.4672382,2,-3,-126
1767174448.4772382,-1,-3,-126
1767174448.4872382,0,-5,-125
1767174448.4972382,2,-3,-132
1767174448.507238,2,0,-140
1767174448.517238,4,0,-133
1767174448.527238,2,0,-132
1767174448.537238,1,-1,-123
1767174448.547238,0,-2,-129
1767174448.557238,2,1,-125
1767174448.5682385,4,2,-122
1767174448.577238,4,0,-124
1767174448.587238,0,0,-125
1767174448.597238,0,0,-119
1767174448.607238,0,0,-118
1767174448.617238,4,0,-122
1767174448.627238,4,0,-123
1767174448.6372385,4,0,-119
1767174448.6472385,10,-5,-116
1767174448.6572382,5,-4,-122
1767174448.6672382,2,-6,-123
1767174448.6772382,0,-7,-128
1767174448.6872382,0,-1,-129
1767174448.6972382,-4,-2,-127
1767174448.7072382,-3,-2,-127
1767174448.7172382,-4,-4,-127
1767174448.7272382,0,-3,-132
1767174448.7372382,0,-5,-133
1767174448.7472382,-2,-7,-131
1767174448.757238,0,-10,-132
1767174448.767238,-5,-11,-129
1767174448.777238,-2,-8,-127
1767174448.787238,-3,-9,-113
1767174448.797238,0,-11,-112
1767174448.807238,-2,-8,-120
1767174448.817238,0,-6,-123
1767174448.827238,2,0,-124
1767174448.837238,1,0,-120
1767174448.847238,0,3,-121
1767174448.857238,-4,3,-118
1767174448.867238,-4,9,-118
1767174448.877238,-4,8,-119
1767174448.8872385,-7,7,-116
1767174448.8972385,-8,6,-115
1767174448.9072382,-5,2,-119
1767174448.9172382,-7,0,-119
1767174448.9272382,-5,3,-116
1767174448.9372382,-4,5,-116
1767174448.9472382,1,6,-120
1767174448.9572382,4,5,-124
1767174448.9672382,2,2,-118
1767174448.9772382,0,2,-116
1767174448.9872382,-2,4,-120
1767174448.9972382,-2,4,-121
1767174449.007238,1,2,-121
1767174449.017238,1,0,-121
1767174449.027238,0,-2,-119
1767174449.037238,1,-3,-119
1767174449.047238,0,-2,-120
1767174449.057238,1,-3,-121
1767174449.0682385,0,-3,-119
1767174449.077238,2,-4,-117
1767174449.087238,2,-4,-124
1767174449.097238,0,-4,-119
1767174449.1082382,0,-3,-114
1767174449.1182382,-1,-1,-114
1767174449.1282382,-3,0,-115
1767174449.1382382,-3,-6,-115
1767174449.1482382,-2,-10,-114
1767174449.1582382,-2,-7,-117
1767174449.1682382,0,-4,-124
1767174449.1782382,0,-1,-125
1767174449.188238,3,1,-117
1767174449.198238,8,2,-112
1767174449.208238,6,-1,-112
1767174449.218238,6,-1,-110
1767174449.228238,3,-5,-109
1767174449.238238,2,-7,-117
1767174449.248238,0,-4,-124
1767174449.258238,1,-1,-127
1767174449.268238,-2,0,-130
1767174449.278238,-3,0,-133
1767174449.288238,-1,3,-135
1767174449.298238,-2,2,-130
1767174449.3082385,-4,2,-129
1767174449.3182385,-6,3,-127
1767174449.3282382,-8,-1,-125
1767174449.3382382,-6,-1,-122
1767174449.3482382,-4,-3,-120
1767174449.3582382,0,-1,-119
1767174449.3682382,2,2,-113
1767174449.3782382,0,1,-115
1767174449.3882382,0,0,-116
1767174449.3982382,-2,2,-118
1767174449.4082382,-1,5,-117
1767174449.4182382,-3,2,-117
1767174449.4282382,-2,1,-116
1767174449.438238,-1,-1,-120
1767174449.448238,1,0,-119
1767174449.458238,0,1,-111
1767174449.468238,-2,-1,-110
1767174449.478238,0,-6,-110
1767174449.488238,-2,-5,-110
1767174449.498238,-4,-3,-118
1767174449.508238,-2,-3,-127
1767174449.518238,-2,-3,-123
1767174449.528238,-3,-4,-125
1767174449.538238,0,-1,-130
1767174449.548238,5,-2,-125
1767174449.5582385,5,-4,-124
1767174449.5682385,1,-5,-124
1767174449.5782382,0,-3,-124
1767174449.5882382,0,-3,-111
1767174449.5982382,0,-1,-111
1767174449.6082382,6,-3,-113
1767174449.6182382,6,-2,-120
1767174449.6282382,4,-3,-132
1767174449.6382382,3,-2,-128
1767174449.6482382,3,0,-130
1767174449.6582382,4,1,-129
1767174449.6682382,4,-3,-124
1767174449.6782382,3,-5,-114
1767174449.688238,6,-3,-121
1767174449.698238,0,0,-129
1767174449.708238,0,0,-131
1767174449.718238,-2,1,-130
1767174449.728238,-1,0,-125
1767174449.738238,-3,0,-123
1767174449.748238,-1,0,-125
1767174449.758238,1,0,-114
1767174449.768238,0,-1,-119
1767174449.778238,-1,-1,-122
1767174449.788238,1,-2,-121
1767174449.798238,3,-2,-124
1767174449.8082385,2,-2,-125
1767174449.8182385,0,0,-126
1767174449.8282382,-2,0,-121
1767174449.8382382,-7,1,-119
1767174449.8482382,-12,0,-125
1767174449.8582382,-11,2,-120
1767174449.8682382,-7,0,-119
1767174449.8782382,-3,0,-117
1767174449.8882382,-1,1,-124
1767174449.8982382,-2,0,-124
1767174449.9082382,0,-1,-122
1767174449.9182382,0,-1,-121
1767174449.9282382,-5,-2,-114
1767174449.938238,-3,0,-116
1767174449.948238,0,-1,-117
1767174449.958238,0,-2,-113
1767174449.968238,-1,0,-119
1767174449.978238,-2,-1,-124
1767174449.988238,0,-3,-121
1767174449.998238,1,-5,-126
1767174450.008238,3,-4,-125
1767174450.018238,0,-3,-128
1767174450.028238,4,0,-133
1767174450.038238,8,0,-128
1767174450.048238,4,-4,-130
1767174450.0582385,1,-2,-125
1767174450.0682385,-1,1,-121
1767174450.0782382,-3,3,-120
1767174450.0882382,-2,3,-116
1767174450.0982382,-1,3,-116
1767174450.1082382,-1,4,-115
1767174450.1182382,3,5,-116
1767174450.1282382,5,3,-118
1767174450.1382382,3,2,-118
1767174450.1482382,0,1,-119
1767174450.1582382,-1,-3,-128
1767174450.1682382,0,1,-132
1767174450.1782382,0,2,-131
1767174450.188238,-3,2,-127
1767174450.198238,1,5,-117
1767174450.208238,5,5,-114
1767174450.218238,0,6,-120
1767174450.228238,4,5,-121
1767174450.238238,1,2,-120
1767174450.248238,-1,4,-122
1767174450.258238,0,4,-119
1767174450.268238,1,1,-116
1767174450.278238,6,0,-118
1767174450.288238,10,2,-121
1767174450.298238,7,4,-124
1767174450.3082385,2,4,-128
1767174450.3182385,-1,1,-121
1767174450.3282382,-3,-1,-117
1767174450.3382382,-5,-1,-115
1767174450.3482382,-7,0,-115
1767174450.3582382,-6,0,-117
1767174450.3682382,-9,-1,-115
1767174450.3782382,-7,-2,-113
1767174450.3882382,-3,1,-117
1767174450.3982382,0,-2,-115
1767174450.4082382,0,-4,-123
1767174450.4182382,-1,-2,-124
1767174450.4282382,-2,-5,-131
1767174450.438238,-3,-7,-122
1767174450.448238,-6,-7,-116
1767174450.458238,-8,-4,-111
1767174450.468238,-9,0,-107
1767174450.478238,-7,0,-112
1767174450.488238,-10,-1,-117
1767174450.498238,-9,0,-125
1767174450.508238,-10,0,-126
1767174450.518238,-8,-1,-121
1767174450.528238,-7,-1,-122
1767174450.538238,-3,-1,-122
1767174450.548238,2,0,-126
1767174450.5582385,6,1,-132
1767174450.5682385,3,-1,-134
1767174450.5782382,5,-3,-129
1767174450.5882382,2,-1,-128
1767174450.5982382,0,-1,-124
1767174450.6082382,-1,0,-121
1767174450.6182382,1,-1,-123
1767174450.6282382,2,-3,-117
1767174450.6382382,0,-3,-116
1767174450.6482382,0,-3,-120
1767174450.6582382,1,-3,-124
1767174450.6682382,2,-4,-132
1767174450.6782382,-1,-1,-129
1767174450.688238,-3,0,-127
1767174450.698238,-3,-3,-131
1767174450.708238,-1,1,-134
1767174450.718238,-4,5,-133
1767174450.728238,-4,9,-135
1767174450.738238,-4,10,-129
1767174450.748238,-6,7,-132
1767174450.758238,-9,7,-133
1767174450.768238,-11,6,-127
1767174450.778238,-10,3,-128
1767174450.788238,-6,3,-124
1767174450.798238,-7,2,-130
1767174450.8082385,-6,4,-123
1767174450.8182385,-6,3,-119
1767174450.8282382,-4,1,-118
1767174450.8382382,-6,0,-124
1767174450.8482382,-3,-1,-125
1767174450.8582382,0,-2,-124
1767174450.8682382,-2,-3,-119
1767174450.8782382,-3,-1,-121
1767174450.8882382,0,-1,-127
1767174450.8982382,1,-5,-126
1767174450.9082382,2,-2,-127
1767174450.9182382,0,-2,-121
1767174450.9282382,-2,-3,-122
1767174450.938238,-5,-2,-122
1767174450.948238,-4,-3,-120
1767174450.958238,-2,-3,-124
1767174450.968238,-6,-2,-126
1767174450.978238,-8,-4,-126
1767174450.988238,-7,-10,-117
1767174450.998238,-3,-6,-121
1767174451.008238,2,-3,-120
1767174451.018238,-2,-5,-119
1767174451.028238,2,-2,-124
1767174451.038238,3,0,-125
1767174451.048238,5,1,-116
1767174451.0582385,4,1,-117
1767174451.0682385,-1,2,-120
1767174451.0782382,-2,2,-124
1767174451.0882382,-2,4,-118
1767174451.0982382,-2,6,-121
1767174451.1082382,-2,5,-120
1767174451.1182382,-2,3,-117
1767174451.1282382,-2,1,-120
1767174451.1382382,1,0,-122
1767174451.1482382,0,3,-122
1767174451.1582382,1,2,-127
1767174451.1682382,1,0,-129
1767174451.1782382,-1,0,-132
1767174451.188238,-4,-4,-125
1767174451.198238,-6,-2,-125
1767174451.208238,-9,0,-117
1767174451.218238,-7,-3,-117
1767174451.228238,-7,-3,-122
1767174451.238238,-6,-2,-124
1767174451.248238,-4,-1,-126
1767174451.258238,-9,-1,-124
1767174451.268238,-8,0,-118
1767174451.278238,-6,1,-119
1767174451.288238,-2,-2,-110
1767174451.298238,4,0,-105
1767174451.3082385,2,2,-112
1767174451.3182385,0,2,-115
1767174451.3282382,0,4,-119
1767174451.3382382,5,6,-124
1767174451.3482382,4,3,-120
1767174451.3582382,0,4,-118
1767174451.3682382,-2,4,-120
1767174451.3782382,-6,4,-119
1767174451.3882382,-5,4,-118
1767174451.3982382,-4,1,-119
1767174451.4082382,-1,-1,-120
1767174451.4182382,-2,-3,-118
1767174451.4282382,-2,-4,-113
1767174451.438238,3,-5,-112
1767174451.448238,3,-8,-119
1767174451.458238,0,-10,-117
1767174451.468238,2,-8,-115
1767174451.478238,4,-11,-112
1767174451.488238,4,-11,-116
1767174451.498238,4,-10,-116
1767174451.508238,5,-6,-119
1767174451.518238,3,-8,-124
1767174451.528238,0,-8,-130
1767174451.538238,1,-8,-131
1767174451.548238,0,-9,-130
1767174451.5582385,3,-7,-123
1767174451.5682385,1,-4,-126
1767174451.5782382,-5,-7,-124
1767174451.5882382,-3,-2,-122
1767174451.5982382,-5,2,-121
1767174451.6082382,-1,6,-118
1767174451.6182382,-2,6,-106
1767174451.6282382,0,3,-106
1767174451.6382382,0,3,-109
1767174451.6482382,1,6,-111
1767174451.6582382,0,3,-110
1767174451.6682382,2,2,-107
1767174451.6782382,9,2,-111
1767174451.688238,5,2,-114
1767174451.698238,4,1,-111
1767174451.708238,4,0,-113
1767174451.718238,6,-2,-112
1767174451.728238,7,-5,-122
1767174451.738238,7,-4,-122
1767174451.748238,5,1,-120
1767174451.758238,3,6,-124
1767174451.7692382,1,2,-121
1767174451.7792382,1,1,-116
1767174451.7892382,-5,7,-118
1767174451.7992382,-6,7,-119
1767174451.8092382,-5,5,-117
1767174451.8192382,-8,4,-120
1767174451.8292382,-12,4,-124
1767174451.8392382,-1,1,-128
1767174451.8492382,0,-1,-127
1767174451.859238,-5,2,-127
1767174451.869238,-3,4,-128
1767174451.879238,-2,3,-126
1767174451.889238,-1,2,-127
1767174451.899238,-1,0,-122
1767174451.909238,-5,0,-116
1767174451.919238,-6,0,-107
1767174451.929238,-9,-2,-106
1767174451.939238,-3,0,-106
1767174451.949238,-5,2,-111
1767174451.959238,-5,1,-113
1767174451.969238,-3,-1,-123
1767174451.9792385,0,-4,-124
1767174451.9892385,2,-9,-126
1767174451.9992385,2,-3,-128
1767174452.0092382,2,-2,-126
1767174452.0192382,2,-2,-117
1767174452.0292382,2,0,-116
1767174452.0392382,4,0,-123
1767174452.0492382,1,2,-124
1767174452.0592382,0,4,-122
1767174452.0692382,0,4,-119
1767174452.0792382,-1,3,-122
1767174452.0892382,-5,3,-119
1767174452.0992382,-10,0,-123
1767174452.109238,-9,-1,-128
1767174452.119238,-11,-3,-134
1767174452.129238,-7,0,-130
1767174452.139238,-8,-2,-127
1767174452.149238,-7,3,-126
1767174452.159238,-9,3,-127
1767174452.169238,-6,8,-130
1767174452.179238,-5,9,-128
1767174452.189238,-4,7,-126
1767174452.199238,-3,10,-124
1767174452.209238,-1,5,-120
1767174452.219238,-3,7,-120
1767174452.2292385,-5,2,-125
1767174452.2392385,-7,0,-121
1767174452.2492385,-2,-2,-127
1767174452.2592382,-2,-6,-127
1767174452.2692382,1,-6,-125
1767174452.2792382,-1,-4,-125
1767174452.2892382,-2,-2,-119
1767174452.2992382,-1,-1,-113
1767174452.3092382,-3,-1,-114
1767174452.3192382,-1,-1,-117
1767174452.3292382,-1,-2,-118
1767174452.3392382,-3,0,-113
1767174452.3492382,0,-1,-112
1767174452.359238,0,0,-118
1767174452.369238,0,-4,-120
1767174452.379238,0,-4,-127
1767174452.389238,-4,-3,-124
1767174452.399238,-3,0,-124
1767174452.409238,0,-1,-122
1767174452.419238,3,0,-118
1767174452.429238,6,0,-121
1767174452.439238,3,1,-125
1767174452.449238,0,0,-124
1767174452.459238,0,1,-122
1767174452.469238,-3,0,-118
1767174452.4792385,-4,-2,-121
1767174452.4892385,-3,-1,-124
1767174452.4992385,-4,-2,-120
1767174452.5092382,-6,-5,-121
1767174452.5192382,-1,-6,-126
1767174452.5292382,0,-3,-117
1767174452.5392382,3,-5,-115
1767174452.5492382,1,-4,-117
1767174452.5592382,1,-5,-116
1767174452.5692382,1,-6,-121
1767174452.5792382,1,-8,-115
1767174452.5892382,0,-10,-119
1767174452.5992382,-1,-8,-115
1767174452.609238,1,-9,-115
1767174452.619238,-1,-5,-109
1767174452.629238,-5,-5,-109
1767174452.639238,-4,-3,-114
1767174452.649238,0,0,-120
1767174452.659238,3,3,-122
1767174452.669238,3,4,-121
1767174452.679238,2,6,-120
1767174452.689238,2,6,-125
1767174452.699238,3,5,-122
1767174452.709238,3,5,-114
1767174452.719238,3,6,-111
1767174452.7292385,2,5,-119
1767174452.7392385,5,4,-123
1767174452.7492385,4,7,-121
1767174452.7592382,4,4,-124
1767174452.7692382,5,2,-124
1767174452.7792382,1,1,-130
1767174452.7892382,4,0,-131
1767174452.7992382,5,1,-128
1767174452.8092382,5,0,-129
1767174452.8192382,5,0,-125
1767174452.8292382,4,-3,-121
1767174452.8392382,3,-5,-115
1767174452.8492382,0,-5,-122
1767174452.859238,5,-5,-126
1767174452.869238,7,-1,-125
1767174452.879238,5,1,-134
1767174452.889238,3,3,-126
1767174452.899238,0,1,-118
1767174452.909238,3,-3,-122
1767174452.919238,3,-3,-124
1767174452.929238,5,-5,-125
1767174452.939238,5,-7,-131
1767174452.949238,1,-7,-131
1767174452.959238,1,-8,-132
1767174452.969238,-1,-8,-130
1767174452.9792385,-2,-12,-131
1767174452.9892385,0,-7,-124
1767174452.9992385,0,-8,-119
1767174453.0092382,0,-8,-118
1767174453.0192382,-5,-6,-122
1767174453.0292382,-3,-7,-123
1767174453.0392382,-4,-3,-119
1767174453.0492382,-5,-4,-118
1767174453.0592382,-3,-7,-118
1767174453.0692382,-6,-5,-117
1767174453.0792382,-3,-9,-118
1767174453.0892382,-3,-6,-120
1767174453.0992382,0,-3,-116
1767174453.109238,-1,-3,-113
1767174453.119238,-3,0,-121
1767174453.129238,-3,-3,-122
1767174453.139238,-3,-3,-125
1767174453.149238,0,-6,-124
1767174453.159238,0,-8,-124
1767174453.169238,0,-9,-127
1767174453.179238,-4,-9,-130
1767174453.189238,-1,-10,-129
1767174453.199238,-1,-9,-132
1767174453.2202382,0,-4,-129
1767174453.2292385,3,-4,-129
1767174453.2392385,2,-5,-125
1767174453.2492385,0,-9,-118
1767174453.2592382,-2,-9,-114
1767174453.2692382,-6,-5,-115
1767174453.2792382,-2,-6,-118
1767174453.2892382,-3,-5,-115
1767174453.2992382,-3,-5,-122
1767174453.3092382,0,-4,-124
1767174453.3192382,0,-5,-123
1767174453.3292382,5,-3,-126
1767174453.3392382,6,-6,-126
1767174453.3492382,2,-4,-121
1767174453.359238,0,-4,-113
1767174453.369238,-1,-4,-116
1767174453.379238,0,-2,-116
1767174453.389238,0,-3,-118
1767174453.399238,-4,-4,-121
1767174453.409238,-6,-1,-124
1767174453.419238,-3,-4,-125
1767174453.429238,-4,-2,-131
1767174453.439238,-7,2,-130
1767174453.449238,-5,1,-134
1767174453.459238,-5,0,-131
1767174453.469238,-4,-1,-131
1767174453.4792385,-6,-2,-129
1767174453.4892385,-4,-5,-131
1767174453.4992385,-7,-7,-126
1767174453.5092382,-3,-7,-127
1767174453.5192382,4,-7,-121
1767174453.5292382,3,-3,-122
1767174453.5392382,4,0,-123
1767174453.5492382,1,2,-122
1767174453.5592382,-1,7,-129
1767174453.5692382,0,5,-129
1767174453.5792382,1,1,-128
1767174453.5892382,-2,0,-127
1767174453.5992382,-1,-2,-124
1767174453.609238,0,-1,-114
1767174453.619238,1,-1,-115
1767174453.629238,0,-1,-115
1767174453.639238,0,0,-119
1767174453.649238,-2,0,-120
1767174453.659238,2,0,-115
1767174453.669238,4,-4,-116
1767174453.679238,2,-5,-119
1767174453.689238,0,-2,-120
1767174453.699238,2,2,-116
1767174453.709238,-1,2,-116
1767174453.719238,-1,1,-111
1767174453.7292385,-1,-1,-115
1767174453.7392385,0,-5,-115
1767174453.7492385,-2,-4,-117
1767174453.7592382,-1,-5,-120
1767174453.7692382,-2,-1,-128
1767174453.7792382,0,-3,-134
1767174453.7892382,0,-2,-135
1767174453.7992382,-2,-2,-138
1767174453.8092382,0,-4,-141
1767174453.8192382,4,-7,-135
1767174453.8292382,8,-5,-132
1767174453.8392382,9,-5,-132
1767174453.8492382,7,-5,-129
1767174453.859238,5,-3,-132
1767174453.869238,5,-7,-125
1767174453.879238,3,-6,-124
1767174453.889238,3,-6,-119
1767174453.899238,4,-6,-114
1767174453.909238,4,-5,-114
1767174453.919238,1,2,-115
1767174453.929238,0,1,-116
1767174453.939238,-3,0,-112
1767174453.949238,-1,0,-119
1767174453.959238,0,-2,-119
1767174453.969238,-2,1,-119
1767174453.9792385,-2,1,-119
1767174453.9892385,0,1,-122
1767174453.9992385,-3,0,-119
1767174454.0092382,0,-2,-116
1767174454.0192382,1,-4,-112
1767174454.0292382,0,-6,-125
1767174454.0392382,-1,-7,-127
1767174454.0492382,3,-7,-131
1767174454.0592382,3,-9,-131
1767174454.0692382,3,-9,-126
1767174454.0792382,3,-6,-125
1767174454.0892382,3,-4,-122
1767174454.0992382,1,-7,-121
1767174454.109238,0,-6,-127
1767174454.119238,0,-7,-124
1767174454.129238,5,-5,-123
1767174454.139238,6,0,-126
1767174454.149238,2,0,-130
1767174454.159238,2,-1,-129
1767174454.169238,-3,-2,-124
1767174454.179238,-3,-4,-124
1767174454.189238,-6,-8,-119
1767174454.199238,-10,-5,-118
1767174454.209238,-10,-4,-111
1767174454.219238,-8,-2,-107
1767174454.2292385,-4,1,-109
1767174454.2392385,-1,4,-115
1767174454.2492385,2,3,-119
1767174454.2592382,-1,2,-126
1767174454.2692382,-1,7,-129
1767174454.2792382,0,2,-124
1767174454.2892382,-3,1,-118
1767174454.2992382,0,3,-119
1767174454.3092382,-1,-1,-113
1767174454.3192382,-1,0,-107
1767174454.3292382,-2,3,-110
1767174454.3392382,-2,1,-111
1767174454.3492382,1,0,-110
1767174454.359238,2,0,-110
1767174454.369238,1,0,-114
1767174454.379238,-1,4,-112
1767174454.390238,-3,0,-113
1767174454.399238,-2,1,-116
1767174454.4102385,-1,0,-122
1767174454.4202385,0,-3,-119
1767174454.4302382,6,2,-119
1767174454.4402382,4,3,-118
1767174454.4502382,2,2,-114
1767174454.4602382,2,1,-117
1767174454.4702382,0,4,-123
1767174454.4802382,0,3,-116
1767174454.4902382,0,6,-117
1767174454.5002382,1,7,-113
1767174454.5102382,0,6,-119
1767174454.5202382,0,6,-118
1767174454.5302382,2,3,-126
1767174454.540238,0,2,-123
1767174454.550238,-2,4,-121
1767174454.560238,-2,1,-123
1767174454.570238,1,2,-121
1767174454.580238,0,-2,-125
1767174454.590238,-1,-1,-126
1767174454.600238,3,-1,-128
1767174454.610238,-4,1,-126
1767174454.620238,-4,2,-122
1767174454.630238,-4,0,-122
1767174454.640238,-4,-2,-129
1767174454.650238,-3,-7,-124
1767174454.6602385,-1,-10,-131
1767174454.6702385,-1,-7,-127
1767174454.6802382,1,-3,-125
1767174454.6902382,-1,-4,-124
1767174454.7002382,-2,-4,-117
1767174454.7102382,-1,-4,-116
1767174454.7202382,-4,-5,-114
1767174454.7302382,-2,-5,-118
1767174454.7402382,1,-3,-117
1767174454.7502382,1,1,-110
1767174454.7602382,0,0,-119
1767174454.7702382,-2,0,-122
1767174454.7802382,2,0,-120
1767174454.790238,2,-2,-121
1767174454.800238,5,-1,-128
1767174454.810238,5,0,-130
1767174454.820238,1,-1,-131
1767174454.830238,-2,0,-129
1767174454.840238,-5,-1,-121
1767174454.850238,-3,0,-121
1767174454.860238,3,4,-121
1767174454.870238,4,4,-119
1767174454.880238,1,3,-123
1767174454.890238,2,2,-114
1767174454.900238,2,-3,-111
1767174454.9102385,0,-4,-112
1767174454.9202385,1,-5,-117
1767174454.9302382,-2,-1,-118
1767174454.9402382,-2,-1,-113
1767174454.9502382,-5,-6,-117
1767174454.9602382,-5,-6,-123
1767174454.9702382,-4,-7,-126
1767174454.9802382,-2,-7,-122
1767174454.9902382,0,-5,-125
1767174455.0002382,0,-6,-119
1767174455.0102382,0,-4,-118
1767174455.0202382,1,-5,-118
1767174455.0302382,-1,-3,-110
1767174455.040238,0,0,-111
1767174455.050238,0,-8,-112
1767174455.060238,2,-7,-107
1767174455.070238,2,-6,-114
1767174455.080238,-1,-5,-120
1767174455.090238,-5,-1,-121
1767174455.100238,-5,-2,-127
1767174455.110238,-8,-2,-128
1767174455.120238,-11,-2,-131
1767174455.130238,-9,0,-129
1767174455.140238,-4,-1,-122
1767174455.150238,-3,0,-121
1767174455.1602385,-3,0,-116
1767174455.1702385,-8,-2,-120
1767174455.1802382,-8,0,-124
1767174455.1902382,-6,1,-132
1767174455.2002382,-7,-1,-129
1767174455.2102382,-1,-5,-126
1767174455.2202382,-2,-4,-122
1767174455.2302382,-2,0,-128
1767174455.2402382,-3,0,-123
1767174455.2502382,1,-1,-122
1767174455.2602382,0,0,-126
1767174455.2702382,-1,2,-129
1767174455.2802382,-1,0,-124
1767174455.290238,-2,2,-127
1767174455.300238,-2,0,-122
1767174455.310238,1,-4,-122
1767174455.320238,-3,0,-120
1767174455.330238,-4,2,-122
1767174455.340238,-2,2,-119
1767174455.350238,-2,5,-115
1767174455.360238,-3,0,-114
1767174455.370238,0,2,-120
1767174455.380238,0,4,-122
1767174455.390238,5,6,-120
1767174455.400238,0,3,-116
1767174455.4102385,0,0,-116
1767174455.4202385,1,-1,-106
1767174455.4302382,1,-4,-106
1767174455.4402382,2,-3,-110
1767174455.4502382,-2,-3,-117
1767174455.4602382,-5,-3,-113
1767174455.4702382,-4,-4,-117
1767174455.4802382,-4,-1,-120
1767174455.4902382,-4,0,-118
1767174455.5002382,-2,0,-127
1767174455.5102382,0,-3,-131
1767174455.5202382,-1,-1,-131
1767174455.5302382,-4,0,-132
1767174455.540238,-9,3,-131
1767174455.550238,-10,-1,-136
1767174455.560238,-5,0,-137
1767174455.570238,-4,2,-132
1767174455.580238,-6,6,-136
1767174455.590238,-1,5,-135
1767174455.600238,-1,1,-131
1767174455.610238,-3,-1,-134
1767174455.620238,-3,-7,-136
1767174455.630238,-4,-1,-126
1767174455.640238,-3,2,-122
1767174455.650238,1,0,-125
1767174455.6602385,3,0,-134
1767174455.6702385,0,-2,-132
1767174455.6802382,0,-4,-128
1767174455.6902382,0,-5,-137
1767174455.7002382,0,-5,-137
1767174455.7102382,2,-4,-130
1767174455.7202382,0,-2,-121
1767174455.7302382,-1,-4,-119
1767174455.7402382,-4,-5,-118
1767174455.7502382,-3,-5,-119
1767174455.7602382,-5,-8,-114
1767174455.7702382,-6,-7,-112
1767174455.7802382,-11,-5,-106
1767174455.790238,-11,0,-108
1767174455.800238,-7,4,-111
1767174455.810238,-3,4,-112
1767174455.820238,-5,4,-112
1767174455.830238,0,5,-122
1767174455.840238,0,3,-131
1767174455.850238,2,3,-132
1767174455.860238,2,1,-129
1767174455.870238,2,0,-128
1767174455.880238,5,3,-127
1767174455.890238,4,2,-124
1767174455.900238,3,1,-120
1767174455.9102385,-1,3,-116
1767174455.9202385,-5,0,-116
1767174455.9302382,-4,-3,-116
1767174455.9412382,0,-2,-116
1767174455.9502382,1,-7,-122
1767174455.9602382,0,-6,-122
1767174455.9702382,-2,-8,-122
1767174455.9802382,-1,-8,-124
1767174455.9902382,-2,-9,-116
1767174456.0002382,-3,-5,-112
1767174456.0102382,0,-1,-118
1767174456.0202382,-2,2,-125
1767174456.0302382,-4,3,-127
1767174456.040238,-2,3,-124
1767174456.050238,-1,4,-126
1767174456.060238,-7,7,-123
1767174456.070238,-1,9,-121
1767174456.080238,2,7,-121
1767174456.090238,1,2,-121
1767174456.100238,0,0,-123
1767174456.110238,4,-1,-127
1767174456.120238,7,-3,-120
1767174456.130238,0,0,-124
1767174456.140238,1,0,-126
1767174456.150238,1,-1,-116
1767174456.1602385,2,-3,-116
1767174456.1702385,2,0,-112
1767174456.1802382,1,-3,-114
1767174456.1902382,1,-3,-117
1767174456.2002382,-1,-3,-120
1767174456.2102382,0,-3,-118
1767174456.2202382,0,0,-116
1767174456.2302382,5,-2,-112
1767174456.2402382,-1,-2,-116
1767174456.2502382,1,0,-118
1767174456.2602382,0,0,-119
1767174456.2702382,0,-3,-120
1767174456.2802382,0,-5,-115
1767174456.290238,1,-7,-115
1767174456.300238,3,-6,-115
1767174456.310238,3,-3,-119
1767174456.320238,6,-4,-118
1767174456.330238,4,-6,-115
1767174456.340238,2,-6,-120
1767174456.350238,-4,-5,-123
1767174456.360238,-4,-4,-130
1767174456.370238,0,-5,-126
1767174456.380238,2,-5,-124
1767174456.390238,3,-2,-121
1767174456.400238,5,0,-124
1767174456.4102385,4,-1,-130
1767174456.4202385,4,-3,-131
1767174456.4302382,7,-2,-123
1767174456.4402382,5,-1,-130
1767174456.4502382,8,-3,-123
1767174456.4602382,6,-7,-119
1767174456.4702382,0,-6,-123
1767174456.4802382,-2,-2,-120
1767174456.4902382,0,-2,-123
1767174456.5002382,0,0,-130
1767174456.5102382,2,0,-125
1767174456.5202382,1,0,-123
1767174456.5302382,0,-2,-120
1767174456.540238,0,0,-120
1767174456.550238,2,-1,-120
1767174456.560238,4,-2,-120
1767174456.570238,5,-1,-119
1767174456.580238,4,2,-123
1767174456.590238,0,6,-130
1767174456.600238,-1,4,-126
1767174456.610238,0,3,-129
1767174456.620238,0,0,-134
1767174456.630238,0,-2,-133
1767174456.640238,-1,-2,-135
1767174456.650238,-5,0,-124
1767174456.6602385,-9,5,-123
1767174456.6702385,-2,8,-123
1767174456.6802382,0,1,-124
1767174456.6902382,0,-1,-130
1767174456.7002382,1,1,-137
1767174456.7102382,-3,1,-137
1767174456.7202382,-1,5,-133
1767174456.7302382,-1,2,-131
1767174456.7402382,-3,0,-126
1767174456.7502382,0,1,-129
1767174456.7602382,-1,0,-126
1767174456.7702382,-1,0,-122
1767174456.7802382,-2,-2,-127
1767174456.790238,-4,-3,-129
1767174456.800238,-3,-5,-122
1767174456.810238,-3,-3,-123
1767174456.820238,-5,-5,-123
1767174456.830238,-4,-9,-119
1767174456.840238,-3,-4,-126
1767174456.850238,0,-4,-120
1767174456.860238,1,-6,-119
1767174456.870238,-1,-3,-124
1767174456.880238,0,-2,-120
1767174456.890238,-4,0,-121
1767174456.900238,-4,-1,-124
1767174456.9102385,-4,-2,-124
1767174456.9202385,-2,-1,-118
1767174456.9302382,0,0,-119
1767174456.9402382,-3,-4,-123
1767174456.9502382,0,-2,-124
1767174456.9602382,0,3,-121
1767174456.9702382,1,4,-117
1767174456.9802382,0,8,-131
1767174456.9902382,-3,8,-133
1767174457.0002382,-1,6,-127
1767174457.0102382,-1,4,-120
1767174457.0202382,-1,-3,-122
1767174457.0302382,-3,-3,-117
1767174457.040238,-1,-5,-116
1767174457.050238,4,-3,-116
1767174457.060238,2,-6,-113
1767174457.071238,2,-6,-108
1767174457.080238,2,-4,-112
1767174457.0912385,3,-5,-119
1767174457.1012385,3,-4,-120
1767174457.1112382,3,2,-129
1767174457.1212382,-1,0,-129
1767174457.1312382,0,-4,-127
1767174457.1412382,1,-1,-130
1767174457.1512382,1,-3,-128
1767174457.1612382,3,-6,-125
1767174457.1712382,0,-7,-122
1767174457.1812382,1,-4,-124
1767174457.1912382,-1,-6,-123
1767174457.2012382,-3,-4,-133
1767174457.211238,-2,-1,-132
1767174457.221238,1,-1,-127
1767174457.231238,1,-1,-128
1767174457.241238,-3,-8,-133
1767174457.251238,-3,-5,-127
1767174457.261238,-3,0,-128
1767174457.271238,-9,0,-128
1767174457.281238,-2,-4,-130
1767174457.291238,0,-1,-130
1767174457.301238,0,-4,-124
1767174457.311238,2,-3,-127
1767174457.321238,-3,-3,-126
1767174457.3312385,-3,-3,-130
1767174457.3412385,-4,0,-133
1767174457.3512385,-2,0,-129
1767174457.3612382,0,0,-131
1767174457.3712382,-1,0,-131
1767174457.3812382,0,0,-127
1767174457.3912382,-1,0,-122
1767174457.4012382,-1,-4,-115
1767174457.4112382,-3,-1,-112
1767174457.4212382,-7,0,-116
1767174457.4312382,-9,0,-121
1767174457.4412382,-11,-3,-123
1767174457.4512382,-8,-4,-126
1767174457.461238,-5,-4,-125
1767174457.471238,-5,-2,-131
1767174457.481238,-7,1,-130
1767174457.491238,-8,0,-130
1767174457.501238,-6,-4,-126
1767174457.511238,-7,-1,-133
1767174457.521238,-9,0,-127
1767174457.531238,-7,-1,-125
1767174457.541238,-2,-1,-132
1767174457.551238,-5,-2,-135
1767174457.561238,-8,0,-137
1767174457.571238,-4,-2,-130
1767174457.5812385,0,-1,-127
1767174457.5912385,2,3,-127
1767174457.6012385,2,1,-123
1767174457.6112382,0,1,-118
1767174457.6212382,2,0,-118
1767174457.6312382,2,0,-120
1767174457.6412382,-1,-3,-125
1767174457.6512382,-4,-5,-126
1767174457.6612382,-6,-2,-126
1767174457.6712382,-6,-3,-131
1767174457.6812382,-7,-4,-129
1767174457.6912382,-9,-2,-126
1767174457.7012382,-6,-1,-127
1767174457.711238,-4,-1,-119
1767174457.721238,0,-1,-123
1767174457.731238,2,-5,-128
1767174457.741238,0,-4,-130
1767174457.751238,-1,-4,-131
1767174457.761238,0,-4,-130
1767174457.771238,2,-4,-123
1767174457.781238,4,-6,-116
1767174457.791238,6,-2,-118
1767174457.801238,3,0,-115
1767174457.811238,4,0,-116
1767174457.821238,6,-5,-123
1767174457.8312385,5,-3,-123
1767174457.8412385,6,-6,-123
1767174457.8512385,3,-9,-126
1767174457.8612382,8,-9,-126
1767174457.8712382,9,-6,-124
1767174457.8812382,8,-1,-128
1767174457.8912382,8,-7,-131
1767174457.9012382,6,-7,-131
1767174457.9112382,4,-3,-127
1767174457.9212382,2,-4,-125
1767174457.9312382,1,-4,-128
1767174457.9412382,-1,-4,-122
1767174457.9512382,-3,-2,-119
1767174457.961238,-5,-2,-121
1767174457.971238,-7,-5,-120
1767174457.981238,-4,-2,-126
1767174457.991238,-3,1,-128
1767174458.001238,0,3,-123
1767174458.011238,0,4,-124
1767174458.021238,3,0,-129
1767174458.031238,2,0,-130
1767174458.041238,0,-2,-127
1767174458.051238,1,-5,-127
1767174458.061238,1,-4,-122
1767174458.071238,1,2,-119
1767174458.0812385,-1,0,-120
1767174458.0912385,-2,1,-126
1767174458.1012385,1,0,-130
1767174458.1112382,-1,0,-133
1767174458.1212382,-2,-1,-131
1767174458.1312382,-5,-1,-126
1767174458.1412382,-2,5,-132
1767174458.1512382,-1,0,-128
1767174458.1612382,2,-4,-124
1767174458.1712382,5,-5,-124
1767174458.1812382,3,-3,-126
1767174458.1912382,2,-3,-131
1767174458.2012382,4,1,-121
1767174458.211238,1,0,-123
1767174458.232238,3,3,-125
1767174458.241238,0,3,-121
1767174458.251238,0,2,-122
1767174458.261238,0,-2,-115
1767174458.271238,-2,0,-112
1767174458.281238,3,0,-112
1767174458.291238,4,0,-118
1767174458.301238,1,0,-120
1767174458.311238,1,1,-116
1767174458.321238,5,1,-111
1767174458.3312385,3,0,-116
1767174458.3412385,2,0,-123
1767174458.3512385,0,1,-126
1767174458.3612382,0,0,-125
1767174458.3712382,1,1,-125
1767174458.3812382,-1,0,-126
1767174458.3912382,1,0,-125
1767174458.4012382,2,1,-119
1767174458.4112382,7,0,-120
1767174458.4212382,10,2,-121
1767174458.4312382,11,0,-121
1767174458.4412382,12,2,-123
1767174458.4512382,6,4,-124
1767174458.461238,4,8,-126
1767174458.471238,3,5,-124
1767174458.481238,4,7,-122
1767174458.491238,3,4,-121
1767174458.501238,2,-1,-120
1767174458.511238,0,0,-123
1767174458.521238,1,3,-120
1767174458.531238,-1,-2,-129
1767174458.541238,-5,-1,-131
1767174458.551238,-5,0,-135
1767174458.561238,-6,0,-137
1767174458.571238,-6,0,-133
1767174458.5812385,-3,0,-126
1767174458.5912385,-4,2,-128
1767174458.6012385,-3,-1,-121
1767174458.6112382,-5,0,-117
1767174458.6212382,0,-3,-120
1767174458.6312382,2,-3,-118
1767174458.6412382,1,-4,-122
1767174458.6512382,-1,-6,-118
1767174458.6612382,0,-3,-119
1767174458.6712382,1,1,-115
1767174458.6812382,-1,3,-111
1767174458.6912382,-6,4,-114
1767174458.7012382,-3,4,-120
1767174458.711238,0,1,-119
1767174458.721238,3,-2,-121
1767174458.731238,1,-1,-116
1767174458.741238,3,0,-116
1767174458.751238,-1,0,-122
1767174458.761238,-3,0,-127
1767174458.771238,0,0,-130
1767174458.781238,1,4,-127
1767174458.791238,4,6,-128
1767174458.801238,2,5,-134
1767174458.811238,1,6,-131
1767174458.821238,2,4,-131
1767174458.8312385,-1,4,-129
1767174458.8412385,0,2,-130
1767174458.8512385,-1,2,-131
1767174458.8612382,0,-1,-134
1767174458.8712382,-1,-4,-132
1767174458.8812382,0,-2,-125
1767174458.8912382,0,-4,-125
1767174458.9012382,-1,-5,-131
1767174458.9112382,0,-2,-126
1767174458.9212382,-1,0,-126
1767174458.9312382,-3,-2,-126
1767174458.9412382,-3,-4,-128
1767174458.9512382,0,-6,-122
1767174458.961238,3,-6,-116
1767174458.971238,0,-2,-117
1767174458.981238,0,2,-116
1767174458.991238,0,0,-113
1767174459.001238,-1,0,-118
1767174459.011238,1,0,-121
1767174459.021238,2,0,-113
1767174459.031238,2,0,-111
1767174459.041238,0,2,-112
1767174459.051238,2,7,-123
1767174459.061238,1,7,-122
1767174459.071238,2,5,-118
1767174459.0812385,-4,6,-113
1767174459.0912385,-4,5,-116
1767174459.1012385,-5,4,-120
1767174459.1112382,-6,0,-123
1767174459.1212382,-7,0,-121
1767174459.1312382,-8,4,-122
1767174459.1412382,-6,5,-129
1767174459.1512382,0,7,-127
1767174459.1612382,-6,7,-125
1767174459.1712382,-7,8,-126
1767174459.1812382,-8,5,-123
1767174459.1912382,-2,3,-122
1767174459.2012382,-2,1,-119
1767174459.211238,-1,0,-119
1767174459.221238,-2,3,-115
1767174459.231238,-6,1,-118
1767174459.241238,-10,1,-119
1767174459.251238,-4,1,-115
1767174459.261238,-5,0,-119
1767174459.271238,-8,0,-128
1767174459.281238,-8,2,-127
1767174459.291238,-8,3,-130
1767174459.301238,-5,-3,-129
1767174459.311238,-2,-3,-126
1767174459.321238,-3,-5,-117
1767174459.3312385,-1,-7,-113
1767174459.3412385,-4,-1,-119
1767174459.3512385,-4,-2,-117
1767174459.3612382,-6,-6,-123
1767174459.3712382,-5,-6,-121
1767174459.3812382,-2,-4,-119
1767174459.3912382,-1,-5,-115
1767174459.4012382,1,-1,-110
1767174459.4112382,1,-3,-108
1767174459.4212382,4,-1,-113
1767174459.4312382,2,0,-109
1767174459.4412382,-2,-1,-114
1767174459.4512382,-1,-1,-116
1767174459.461238,-5,-3,-121
1767174459.471238,-3,-4,-119
1767174459.481238,-1,-2,-122
1767174459.491238,0,-1,-126
1767174459.501238,0,-2,-122
1767174459.511238,0,-6,-122
1767174459.521238,5,-2,-120
1767174459.531238,9,-6,-121
1767174459.541238,10,-11,-120
1767174459.551238,11,-9,-118
1767174459.561238,11,-7,-120
1767174459.571238,9,-6,-127
1767174459.5812385,7,-4,-120
1767174459.5912385,5,-6,-118
1767174459.6012385,2,-5,-111
1767174459.6112382,2,-5,-118
1767174459.6212382,0,-2,-121
1767174459.6312382,5,-1,-130
1767174459.6412382,6,0,-133
1767174459.6512382,2,-3,-134
1767174459.6612382,-1,0,-138
1767174459.6712382,-3,-4,-133
1767174459.6812382,0,-1,-128
1767174459.6912382,-1,-4,-123
1767174459.702238,0,-6,-121
1767174459.711238,0,-9,-120
1767174459.722238,2,-5,-109
1767174459.732238,3,-6,-108
1767174459.742238,0,-5,-109
1767174459.752238,-4,-2,-108
1767174459.7622385,0,0,-115
1767174459.7722385,0,0,-114
1767174459.7822382,-1,0,-104
1767174459.7922382,1,-2,-104
1767174459.8022382,2,-5,-112
1767174459.8122382,0,-6,-114
1767174459.8222382,-4,-4,-114
1767174459.8322382,-2,-4,-118
1767174459.8422382,0,-9,-122
1767174459.8522382,-2,-8,-126
1767174459.8622382,-5,-7,-127
1767174459.8722382,-5,-4,-130
1767174459.882238,-3,0,-138
1767174459.892238,-5,1,-129
1767174459.902238,-3,0,-132
1767174459.912238,3,2,-130
1767174459.922238,4,2,-122
1767174459.932238,3,3,-119
1767174459.942238,6,2,-121
1767174459.952238,5,1,-118
1767174459.962238,1,0,-120
1767174459.972238,0,-1,-121
1767174459.982238,-2,-2,-122
1767174459.992238,0,0,-131
1767174460.002238,6,0,-126
1767174460.0122385,5,-1,-123
1767174460.0222385,1,-1,-125
1767174460.0322382,-1,-1,-128
1767174460.0422382,-6,-4,-130
1767174460.0522382,-4,-5,-131
1767174460.0622382,-3,-2,-123
1767174460.0722382,-1,3,-117
1767174460.0822382,3,1,-116
1767174460.0922382,5,-4,-120
1767174460.1022382,1,-4,-122
1767174460.1122382,5,-5,-121
1767174460.1222382,2,0,-125
1767174460.132238,3,0,-134
1767174460.142238,1,0,-130
1767174460.152238,-4,4,-127
1767174460.162238,-7,4,-124
1767174460.172238,-6,5,-123
1767174460.182238,-4,2,-130
1767174460.192238,-6,3,-130
1767174460.202238,-3,5,-132
1767174460.212238,1,2,-132
1767174460.222238,4,7,-129
1767174460.232238,0,6,-127
1767174460.242238,-4,7,-126
1767174460.252238,-4,4,-125
1767174460.2622385,-1,5,-133
1767174460.2722385,-1,2,-133
1767174460.2822382,-1,0,-130
1767174460.2922382,0,-3,-135
1767174460.3022382,0,0,-134
1767174460.3122382,0,-1,-128
1767174460.3222382,1,-2,-128
1767174460.3322382,0,-3,-125
1767174460.3422382,1,-4,-121
1767174460.3522382,3,-5,-119
1767174460.3622382,2,-3,-120
1767174460.3722382,0,0,-120
1767174460.382238,1,0,-123
1767174460.392238,4,3,-122
1767174460.402238,5,2,-124
1767174460.412238,1,1,-122
1767174460.422238,-3,2,-120
1767174460.432238,-1,5,-118
1767174460.442238,2,2,-122
1767174460.452238,-2,3,-126
1767174460.462238,0,3,-125
1767174460.472238,-1,0,-120
1767174460.482238,-4,2,-123
1767174460.492238,-4,4,-122
1767174460.502238,-1,5,-122
1767174460.5122385,-4,2,-123
1767174460.5222385,-2,-3,-126
1767174460.5322382,0,-3,-126
1767174460.5422382,-1,-3,-131
1767174460.5522382,-3,-2,-129
1767174460.5622382,-8,-2,-126
1767174460.5722382,-6,-1,-126
1767174460.5822382,-5,0,-122
1767174460.5922382,-6,2,-121
1767174460.6022382,-2,0,-117
1767174460.6122382,0,1,-115
1767174460.6222382,2,3,-119
1767174460.632238,-1,2,-120
1767174460.642238,-4,3,-118
1767174460.652238,-3,0,-116
1767174460.662238,-1,5,-112
1767174460.672238,-1,0,-112
1767174460.682238,-3,-1,-107
1767174460.692238,0,-1,-117
1767174460.702238,2,-2,-116
1767174460.712238,8,-4,-122
1767174460.722238,8,-8,-121
1767174460.732238,10,-6,-119
1767174460.742238,7,-6,-128
1767174460.752238,5,-8,-121
1767174460.7622385,6,-10,-123
1767174460.7722385,3,-2,-117
1767174460.7822382,2,-1,-116
1767174460.7922382,2,0,-117
1767174460.8022382,1,0,-114
1767174460.8122382,1,1,-117
1767174460.8222382,-3,1,-125
1767174460.8322382,-6,0,-129
1767174460.8422382,-10,0,-131
1767174460.8522382,-9,0,-123
1767174460.8622382,-6,-2,-119
1767174460.8722382,-5,-2,-121
1767174460.882238,-4,0,-125
1767174460.892238,-2,3,-122
1767174460.902238,-5,4,-124
1767174460.912238,-4,5,-121
1767174460.922238,-4,4,-116
1767174460.932238,-6,5,-119
1767174460.942238,-10,5,-120
1767174460.952238,-6,0,-117
1767174460.962238,-3,-3,-118
1767174460.972238,0,-4,-124
1767174460.982238,0,-2,-116
1767174460.992238,1,-1,-116
1767174461.002238,5,1,-121
1767174461.0122385,3,0,-125
1767174461.0222385,0,0,-119
1767174461.0322382,0,-4,-124
1767174461.0422382,-1,-5,-116
1767174461.0522382,1,-2,-118
1767174461.0622382,-1,4,-128
1767174461.0722382,1,-3,-136
1767174461.0822382,3,-3,-136
1767174461.0922382,2,-6,-128
1767174461.1022382,0,-4,-132
1767174461.1122382,3,0,-128
1767174461.1222382,4,2,-131
1767174461.132238,2,6,-130
1767174461.142238,2,3,-135
1767174461.152238,0,1,-132
1767174461.162238,1,-2,-124
1767174461.172238,1,-3,-119
1767174461.182238,3,-1,-119
1767174461.192238,4,0,-116
1767174461.202238,-5,0,-118
1767174461.212238,-6,2,-114
1767174461.222238,-10,0,-109
1767174461.232238,-6,-3,-113
1767174461.242238,-7,-5,-118
1767174461.252238,-4,-2,-117
1767174461.2622385,0,-2,-122
1767174461.2722385,-2,-4,-116
1767174461.2822382,-2,-2,-120
1767174461.2922382,-4,-2,-118
1767174461.3022382,-2,2,-117
1767174461.3122382,-1,4,-119
1767174461.3222382,-1,0,-126
1767174461.3322382,-1,-3,-119
1767174461.3422382,0,-5,-115
1767174461.3522382,2,-6,-123
1767174461.3622382,3,-6,-117
1767174461.3722382,0,-3,-116
1767174461.382238,0,-3,-114
1767174461.392238,-1,-2,-116
1767174461.402238,0,-2,-117
1767174461.412238,0,-3,-113
1767174461.422238,0,2,-112
1767174461.432238,0,3,-109
1767174461.442238,-3,1,-111
1767174461.452238,-4,-1,-120
1767174461.462238,-7,-7,-123
1767174461.472238,-3,-5,-121
1767174461.482238,-1,-1,-120
1767174461.492238,0,0,-117
1767174461.502238,0,0,-110
1767174461.5122385,-1,1,-106
1767174461.5222385,0,0,-108
1767174461.5322382,-1,-1,-118
1767174461.5422382,0,-4,-123
1767174461.5522382,1,-3,-126
1767174461.5622382,0,-4,-132
1767174461.5722382,-1,3,-131
1767174461.5822382,-1,3,-136
1767174461.5922382,-1,-3,-137
1767174461.6022382,1,-1,-132
1767174461.6122382,2,-1,-122
1767174461.6222382,3,-2,-111
1767174461.632238,5,-2,-110
1767174461.642238,5,0,-113
1767174461.652238,3,0,-115
1767174461.662238,3,-1,-113
1767174461.672238,1,0,-118
1767174461.682238,-3,1,-119
1767174461.692238,-4,3,-111
1767174461.702238,-1,1,-113
1767174461.712238,0,-1,-116
1767174461.722238,-1,0,-116
1767174461.732238,0,1,-117
1767174461.742238,0,0,-118
1767174461.752238,-3,0,-119
1767174461.7622385,-1,0,-120
1767174461.7722385,3,1,-123
1767174461.7822382,5,-1,-128
1767174461.7922382,1,-1,-123
1767174461.8022382,1,-1,-122
1767174461.8122382,0,-1,-122
1767174461.8222382,-2,-2,-123
1767174461.8322382,-3,-1,-120
1767174461.8422382,-2,0,-119
1767174461.8522382,-4,1,-118
1767174461.8622382,-4,2,-119
1767174461.8722382,0,0,-119
1767174461.882238,4,-1,-122
1767174461.892238,1,-2,-121
1767174461.902238,0,0,-121
1767174461.912238,-2,1,-121
1767174461.922238,-4,0,-123
1767174461.932238,-1,1,-120
1767174461.942238,0,-1,-125
1767174461.952238,0,-3,-125
1767174461.962238,0,-7,-124
1767174461.972238,0,-11,-127
1767174461.982238,1,-12,-127
1767174461.992238,2,-7,-125
1767174462.002238,5,-3,-128
1767174462.0122385,6,-2,-136
1767174462.0222385,7,-1,-135
1767174462.0322382,2,1,-133
1767174462.0422382,-1,-2,-129
1767174462.0522382,3,-2,-129
1767174462.0622382,3,-1,-136
1767174462.0722382,5,-2,-133
1767174462.0822382,1,-3,-121
1767174462.0922382,2,-3,-117
1767174462.1022382,5,-3,-114
1767174462.1122382,1,-3,-114
1767174462.1222382,0,-5,-122
1767174462.132238,-2,-7,-123
1767174462.142238,2,-4,-126
1767174462.152238,3,-3,-127
1767174462.162238,5,-2,-130
1767174462.172238,7,-3,-132
1767174462.182238,6,-6,-132
1767174462.192238,6,-5,-132
1767174462.202238,3,-3,-135
1767174462.212238,3,-3,-136
1767174462.222238,0,-4,-136
1767174462.232238,1,-5,-134
1767174462.242238,1,-6,-129
1767174462.252238,4,-6,-126
1767174462.2622385,4,-6,-128
1767174462.2722385,1,-4,-131
1767174462.2822382,0,-4,-130
1767174462.2922382,1,-3,-131
1767174462.3022382,-1,0,-129
1767174462.3122382,-1,2,-130
1767174462.3222382,3,2,-131
1767174462.3322382,4,3,-128
1767174462.3422382,5,4,-130
1767174462.3522382,3,1,-131
1767174462.363238,0,0,-125
1767174462.373238,5,0,-124
1767174462.383238,7,-4,-120
1767174462.393238,6,-6,-131
1767174462.403238,5,-5,-130
1767174462.413238,4,-4,-128
1767174462.423238,2,-2,-128
1767174462.4332385,2,-2,-117
1767174462.4432385,5,-1,-119
1767174462.4532382,7,0,-122
1767174462.4632382,5,0,-121
1767174462.4732382,1,0,-116
1767174462.4832382,-4,-5,-124
1767174462.4932382,-6,-7,-123
1767174462.5032382,-3,-8,-124
1767174462.5132382,-6,-6,-124
1767174462.5232382,-7,-8,-123
1767174462.5332382,-9,-5,-123
1767174462.5432382,-5,-6,-120
1767174462.5532382,-5,-4,-124
1767174462.563238,-7,-4,-128
1767174462.573238,-3,-3,-128
1767174462.583238,-5,0,-126
1767174462.593238,-2,1,-125
1767174462.603238,0,1,-126
1767174462.613238,2,1,-122
1767174462.623238,5,1,-120
1767174462.633238,3,3,-123
1767174462.643238,2,1,-123
1767174462.653238,1,-2,-120
1767174462.663238,2,-2,-117
1767174462.673238,0,4,-118
1767174462.6832385,1,4,-118
1767174462.6932385,0,2,-124
1767174462.7032382,-2,2,-127
1767174462.7132382,-1,2,-126
1767174462.7232382,3,4,-123
1767174462.7332382,-1,0,-124
1767174462.7432382,-5,-2,-131
1767174462.7532382,1,-2,-131
1767174462.7632382,2,0,-128
1767174462.7732382,3,-1,-126
1767174462.7832382,4,0,-122
1767174462.7932382,4,0,-116
1767174462.8032382,4,0,-120
1767174462.813238,4,0,-119
1767174462.823238,2,1,-119
1767174462.833238,3,2,-125
1767174462.843238,0,-1,-123
1767174462.853238,-2,-1,-117
1767174462.863238,-7,0,-113
1767174462.873238,-4,-1,-117
1767174462.883238,-4,1,-119
1767174462.893238,-3,0,-116
1767174462.903238,-4,0,-114
1767174462.913238,-2,0,-112
1767174462.923238,0,0,-109
1767174462.9332385,0,-1,-105
1767174462.9432385,0,-1,-110
1767174462.9532382,4,-5,-115
1767174462.9632382,4,-3,-118
1767174462.9732382,0,-1,-118
1767174462.9832382,2,1,-122
1767174462.9932382,2,1,-120
1767174463.0032382,1,-3,-124
1767174463.0132382,3,-8,-126
1767174463.0232382,2,-5,-128
1767174463.0332382,0,-9,-125
1767174463.0432382,-6,-9,-122
1767174463.0532382,-10,-8,-126
1767174463.063238,-9,-8,-128
1767174463.073238,-3,-6,-127
1767174463.083238,-3,-7,-130
1767174463.093238,-6,-5,-129
1767174463.103238,-2,-3,-129
1767174463.113238,-2,-3,-125
1767174463.123238,-4,-4,-122
1767174463.133238,-5,-4,-120
1767174463.143238,-5,-7,-126
1767174463.153238,-1,-5,-128
1767174463.163238,0,-10,-123
1767174463.173238,0,-6,-122
1767174463.1832385,2,-2,-128
1767174463.1932385,3,3,-126
1767174463.2032382,2,3,-121
1767174463.2132382,0,4,-116
1767174463.2232382,1,3,-122
1767174463.244238,4,1,-118
1767174463.2532382,1,0,-114
1767174463.2632382,-1,2,-121
1767174463.2732382,-2,-1,-123
1767174463.2832382,0,0,-116
1767174463.2932382,0,2,-118
1767174463.3032382,-1,2,-119
1767174463.313238,4,3,-116
1767174463.323238,3,2,-117
1767174463.333238,0,-1,-122
1767174463.343238,0,-2,-125
1767174463.353238,0,-1,-127
1767174463.363238,-1,-5,-127
1767174463.373238,-5,-4,-124
1767174463.383238,0,-4,-126
1767174463.393238,2,-1,-123
1767174463.403238,1,0,-132
1767174463.413238,-6,3,-131
1767174463.423238,-9,2,-126
1767174463.4332385,-5,0,-127
1767174463.4432385,-4,0,-124
1767174463.4532382,-5,0,-127
1767174463.4632382,-3,-2,-130
1767174463.4732382,0,0,-132
1767174463.4832382,-5,-3,-124
1767174463.4932382,-2,-6,-117
1767174463.5032382,3,-5,-120
1767174463.5132382,2,-4,-122
1767174463.5232382,-1,-7,-121
1767174463.5332382,0,-10,-126
1767174463.5432382,0,-7,-121
1767174463.5532382,-1,-8,-123
1767174463.563238,-2,-7,-125
1767174463.573238,-2,-7,-123
1767174463.583238,-2,-6,-130
1767174463.593238,-2,-3,-127
1767174463.603238,0,-1,-124
1767174463.613238,0,0,-130
1767174463.623238,1,0,-129
1767174463.633238,4,0,-126
1767174463.643238,6,0,-125
1767174463.653238,3,3,-127
1767174463.663238,4,0,-129
1767174463.673238,4,0,-120
1767174463.6832385,3,-1,-112
1767174463.6932385,3,-2,-114
1767174463.7032382,-3,-1,-117
1767174463.7132382,-4,-2,-122
1767174463.7232382,-3,-1,-124
1767174463.7332382,-5,-3,-123
1767174463.7432382,-7,-4,-127
1767174463.7532382,-3,-5,-120
1767174463.7632382,-4,-6,-115
1767174463.7732382,-3,-6,-115
1767174463.7832382,-5,-9,-115
1767174463.7932382,-1,-9,-118
1767174463.8032382,2,-6,-121
1767174463.813238,0,-3,-122
1767174463.823238,2,-1,-121
1767174463.833238,2,-7,-125
1767174463.843238,4,-10,-125
1767174463.853238,2,-6,-140
1767174463.863238,2,-4,-139
1767174463.873238,-2,-1,-133
1767174463.883238,-1,-3,-136
1767174463.893238,0,1,-132
1767174463.903238,1,5,-133
1767174463.913238,0,5,-128
1767174463.923238,-2,3,-129
1767174463.9332385,-5,5,-127
1767174463.9432385,-6,2,-134
1767174463.9532382,-1,0,-130
1767174463.9632382,5,-5,-129
1767174463.9732382,0,0,-124
1767174463.9832382,1,0,-118
1767174463.9932382,0,0,-118
1767174464.0032382,-2,3,-121
1767174464.0132382,-2,5,-120
1767174464.0232382,0,5,-126
1767174464.0332382,0,5,-125
1767174464.0432382,2,2,-121
1767174464.0532382,5,1,-118
1767174464.063238,3,0,-120
1767174464.073238,4,0,-117
1767174464.083238,6,2,-117
1767174464.093238,4,-1,-122
1767174464.103238,1,1,-129
1767174464.113238,4,1,-125
1767174464.123238,7,-1,-120
1767174464.133238,6,0,-122
1767174464.143238,6,3,-120
1767174464.153238,8,2,-126
1767174464.163238,5,0,-119
1767174464.173238,8,0,-116
1767174464.1832385,3,0,-118
1767174464.1932385,4,1,-117
1767174464.2032382,2,4,-120
1767174464.2132382,2,5,-121
1767174464.2232382,-1,5,-123
1767174464.2332382,1,2,-125
1767174464.2432382,0,4,-127
1767174464.2532382,-1,5,-128
1767174464.2632382,-5,7,-129
1767174464.2732382,-3,5,-124
1767174464.2832382,0,6,-127
1767174464.2932382,-1,7,-125
1767174464.3032382,-4,5,-120
1767174464.313238,0,2,-120
1767174464.323238,0,-1,-121
1767174464.333238,0,-3,-123
1767174464.343238,0,0,-119
1767174464.353238,0,1,-121
1767174464.363238,-3,4,-133
1767174464.373238,-3,3,-133
1767174464.383238,-6,-1,-129
1767174464.393238,-3,-4,-127
1767174464.403238,0,-5,-122
1767174464.413238,0,-6,-128
1767174464.423238,0,-6,-132
1767174464.4332385,2,-6,-127
1767174464.4432385,0,-2,-119
1767174464.4532382,-1,-4,-120
1767174464.4632382,0,-4,-120
1767174464.4732382,6,-4,-116
1767174464.4832382,3,-2,-116
1767174464.4932382,2,0,-115
1767174464.5032382,0,0,-116
1767174464.5132382,0,2,-114
1767174464.5232382,-2,0,-120
1767174464.5332382,-3,0,-120
1767174464.5432382,-1,-2,-124
1767174464.5532382,5,-1,-123
1767174464.563238,6,-2,-127
1767174464.573238,2,1,-127
1767174464.583238,1,1,-122
1767174464.593238,-1,-3,-125
1767174464.603238,1,-2,-125
1767174464.613238,2,0,-122
1767174464.623238,1,0,-121
1767174464.633238,-4,0,-116
1767174464.643238,-4,1,-114
1767174464.653238,-3,1,-116
1767174464.663238,4,2,-119
1767174464.673238,1,3,-117
1767174464.6832385,2,5,-114
1767174464.6932385,4,2,-117
1767174464.7032382,6,1,-120
1767174464.7132382,3,-2,-121
1767174464.7232382,0,0,-124
1767174464.7332382,0,6,-116
1767174464.7432382,0,8,-122
1767174464.7532382,5,10,-125
1767174464.7632382,5,11,-128
1767174464.7732382,5,9,-126
1767174464.7832382,6,5,-132
1767174464.7932382,0,-2,-126
1767174464.8032382,-2,-5,-120
1767174464.813238,-3,-2,-121
1767174464.823238,0,-2,-117
1767174464.833238,5,-2,-116
1767174464.843238,7,-2,-123
1767174464.853238,0,-1,-119
1767174464.863238,-1,-2,-116
1767174464.873238,0,0,-110
1767174464.883238,-4,-1,-108
1767174464.893238,-5,0,-107
1767174464.903238,-6,0,-114
1767174464.913238,0,1,-116
1767174464.923238,4,3,-126
1767174464.9332385,5,3,-125
1767174464.9432385,6,0,-125
1767174464.9532382,4,-3,-130
1767174464.9632382,2,-5,-125
1767174464.9732382,2,-7,-126
1767174464.9832382,0,-4,-127
1767174464.994238,-5,-6,-132
1767174465.004238,-3,-7,-127
1767174465.0132382,-5,-1,-129
1767174465.024238,-8,-4,-128
1767174465.034238,-4,-5,-123
1767174465.044238,-1,-6,-124
1767174465.0552382,0,-8,-123
1767174465.064238,0,-7,-117
1767174465.074238,0,-4,-119
1767174465.084238,0,-6,-120
1767174465.094238,2,-8,-116
1767174465.1042385,1,-3,-111
1767174465.1142385,5,0,-110
1767174465.1242385,2,0,-107
1767174465.1342382,-2,0,-112
1767174465.1442382,-3,-1,-113
1767174465.1542382,0,0,-115
1767174465.1642382,1,-2,-117
1767174465.1742382,3,-4,-119
1767174465.1842382,7,-4,-118
1767174465.1942382,7,-5,-121
1767174465.2042382,2,-5,-120
1767174465.2142382,0,-5,-114
1767174465.2242382,0,-7,-114
1767174465.234238,0,-7,-117
1767174465.244238,-1,-4,-120
1767174465.254238,0,0,-121
1767174465.264238,-2,1,-119
1767174465.274238,-4,0,-127
1767174465.284238,-2,-2,-126
1767174465.294238,-3,-4,-124
1767174465.304238,3,-4,-120
1767174465.314238,3,-2,-117
1767174465.324238,1,-5,-110
1767174465.334238,-2,-5,-114
1767174465.344238,-4,-3,-127
1767174465.3542385,-4,-5,-133
1767174465.3642385,-9,-3,-132
1767174465.3742385,-11,-2,-133
1767174465.3842382,-8,-1,-130
1767174465.3942382,-7,-1,-128
1767174465.4042382,0,-2,-126
1767174465.4142382,-1,-2,-126
1767174465.4242382,-2,-1,-118
1767174465.4342382,-1,0,-118
1767174465.4442382,0,1,-124
1767174465.4542382,6,1,-130
1767174465.4642382,8,1,-125
1767174465.4742382,6,-2,-118
1767174465.484238,5,-5,-113
1767174465.494238,4,-3,-110
1767174465.504238,5,-6,-110
1767174465.514238,1,-11,-113
1767174465.524238,4,-10,-111
1767174465.534238,2,-9,-113
1767174465.544238,4,-7,-117
1767174465.554238,5,-2,-120
1767174465.564238,0,-1,-122
1767174465.574238,-1,-5,-123
1767174465.584238,-2,-2,-121
1767174465.594238,0,-5,-124
1767174465.6042385,0,-9,-122
1767174465.6142385,-2,-8,-118
1767174465.6242385,-2,-8,-121
1767174465.6342382,-5,-7,-109
1767174465.6442382,-7,-8,-117
1767174465.6542382,-9,-3,-112
1767174465.6642382,-3,-4,-116
1767174465.6742382,-1,-3,-115
1767174465.6842382,-3,-5,-112
1767174465.6942382,-3,-6,-113
1767174465.7042382,-2,-7,-116
1767174465.7142382,0,-5,-120
1767174465.7242382,4,-3,-125
1767174465.734238,8,-3,-128
1767174465.744238,7,-3,-129
1767174465.754238,5,-2,-126
1767174465.764238,3,-3,-118
1767174465.774238,3,-5,-124
1767174465.784238,2,-2,-128
1767174465.794238,6,0,-126
1767174465.804238,6,0,-122
1767174465.814238,4,-5,-131
1767174465.824238,0,-4,-137
1767174465.834238,0,-3,-131
1767174465.844238,-2,-2,-131
1767174465.8542385,-5,-1,-127
1767174465.8642385,-4,-1,-122
1767174465.8742385,-4,0,-122
1767174465.8842382,0,-2,-124
1767174465.8942382,4,2,-127
1767174465.9042382,8,3,-128
1767174465.9142382,10,2,-133
1767174465.9242382,8,1,-126
1767174465.9342382,6,-1,-126
1767174465.9442382,0,1,-127
1767174465.9542382,0,-2,-125
1767174465.9642382,-1,-1,-126
1767174465.9742382,-2,1,-129
1767174465.984238,-2,1,-125
1767174465.994238,-1,1,-123
1767174466.004238,0,0,-122
1767174466.014238,0,0,-123
1767174466.024238,-2,0,-125
1767174466.034238,-3,-2,-129
1767174466.044238,-1,-2,-129
1767174466.054238,0,-2,-129
1767174466.064238,1,0,-124
1767174466.074238,-2,-2,-123
1767174466.084238,0,-2,-120
1767174466.094238,-5,-3,-127
1767174466.1042385,-1,-2,-126
1767174466.1142385,3,-3,-119
1767174466.1242385,8,-2,-120
1767174466.1342382,5,-3,-117
1767174466.1442382,4,-2,-118
1767174466.1542382,2,0,-122
1767174466.1642382,0,4,-123
1767174466.1742382,1,6,-128
1767174466.1842382,0,5,-126
1767174466.1942382,3,1,-118
1767174466.2042382,0,5,-124
1767174466.2142382,0,7,-127
1767174466.2242382,0,9,-129
1767174466.234238,0,7,-122
1767174466.244238,0,6,-120
1767174466.254238,0,5,-127
1767174466.264238,3,4,-129
1767174466.274238,-2,2,-129
1767174466.284238,-4,0,-126
1767174466.294238,-3,2,-127
1767174466.304238,-5,-1,-129
1767174466.314238,-3,3,-135
1767174466.324238,-3,6,-131
1767174466.334238,-1,9,-126
1767174466.344238,-1,5,-129
1767174466.3542385,-3,0,-137
1767174466.3642385,-2,0,-132
1767174466.3742385,-5,0,-132
1767174466.3842382,-2,-2,-130
1767174466.3942382,1,1,-125
1767174466.4042382,3,-1,-129
1767174466.4142382,1,0,-121
1767174466.4242382,3,0,-127
1767174466.4342382,5,1,-124
1767174466.4442382,3,0,-120
1767174466.4542382,3,-1,-116
1767174466.4642382,3,0,-119
1767174466.4742382,2,0,-127
1767174466.484238,-1,2,-126
1767174466.494238,-6,5,-123
1767174466.504238,-10,5,-126
1767174466.514238,-8,4,-119
1767174466.524238,-8,3,-115
1767174466.534238,-11,2,-118
1767174466.544238,-5,3,-122
1767174466.554238,-3,0,-124
1767174466.564238,3,2,-127
1767174466.574238,-1,-2,-121
1767174466.584238,-1,-1,-117
1767174466.594238,-1,1,-118
1767174466.6042385,-2,1,-120
1767174466.6142385,-4,0,-126
1767174466.6242385,-6,0,-126
1767174466.6342382,-2,0,-119
1767174466.6442382,-3,0,-119
1767174466.6542382,-4,5,-115
1767174466.6642382,-2,6,-120
1767174466.6742382,-4,2,-119
1767174466.6842382,-1,-2,-117
1767174466.6942382,2,-1,-118
1767174466.7042382,0,-1,-119
1767174466.7142382,0,-4,-120
1767174466.7242382,-2,-3,-120
1767174466.734238,-3,-9,-125
1767174466.744238,-2,-4,-125
1767174466.754238,2,0,-124
1767174466.764238,1,0,-127
1767174466.774238,0,0,-130
1767174466.784238,0,0,-123
1767174466.794238,1,-1,-121
1767174466.804238,6,-2,-125
1767174466.814238,4,1,-127
1767174466.824238,4,0,-125
1767174466.834238,2,1,-123
1767174466.844238,2,2,-120
1767174466.8542385,0,1,-121
1767174466.8642385,0,-1,-119
1767174466.8742385,-9,-2,-121
1767174466.8842382,-7,-1,-116
1767174466.8942382,-5,-3,-125
1767174466.9042382,-1,-3,-127
1767174466.9142382,0,-3,-123
1767174466.9242382,2,1,-123
1767174466.9342382,0,5,-128
1767174466.9442382,0,5,-131
1767174466.9542382,3,2,-128
1767174466.9642382,4,1,-128
1767174466.9742382,-2,0,-124
1767174466.984238,-2,1,-124
1767174466.994238,0,-1,-127
1767174467.004238,1,2,-120
1767174467.014238,4,2,-121
1767174467.024238,2,3,-124
1767174467.034238,5,5,-131
1767174467.044238,3,6,-131
1767174467.054238,2,4,-127
1767174467.064238,0,-4,-129
1767174467.074238,3,0,-125
1767174467.084238,0,0,-120
1767174467.094238,-1,-2,-127
1767174467.1042385,-5,-4,-125
1767174467.1142385,0,-5,-125
1767174467.1242385,-3,-7,-121
1767174467.1342382,-4,-3,-119
1767174467.1442382,-5,-1,-123
1767174467.1542382,-5,-2,-123
1767174467.1642382,-3,-5,-122
1767174467.1742382,-1,-5,-126
1767174467.1842382,1,-8,-130
1767174467.1942382,1,-8,-124
1767174467.2042382,1,-12,-122
1767174467.2142382,0,-6,-119
1767174467.2242382,3,-4,-114
1767174467.234238,2,-3,-117
1767174467.244238,0,-2,-121
1767174467.254238,0,0,-122
1767174467.264238,-3,0,-125
1767174467.274238,-5,0,-122
1767174467.284238,-1,1,-127
1767174467.294238,-2,-1,-134
1767174467.304238,0,-1,-132
1767174467.314238,-4,-3,-125
1767174467.324238,-5,-6,-127
1767174467.334238,-2,-2,-124
1767174467.344238,-1,-2,-126
1767174467.3542385,-4,0,-123
1767174467.3642385,-1,1,-129
1767174467.3742385,2,1,-128
1767174467.3842382,5,2,-122
1767174467.3942382,6,1,-121
1767174467.4042382,2,0,-121
1767174467.4142382,0,-6,-116
1767174467.4242382,0,-3,-110
1767174467.4342382,0,-1,-117
1767174467.4442382,4,-5,-117
1767174467.4542382,5,-5,-120
1767174467.4642382,6,-7,-113
1767174467.4742382,8,-5,-115
1767174467.484238,4,1,-115
1767174467.494238,3,0,-114
1767174467.504238,0,0,-114
1767174467.514238,0,4,-111
1767174467.524238,2,5,-114
1767174467.534238,2,6,-110
1767174467.544238,1,7,-108
1767174467.554238,2,2,-115
1767174467.564238,0,0,-117
1767174467.574238,-2,0,-118
1767174467.584238,0,0,-116
1767174467.594238,-3,-3,-118
1767174467.6042385,-1,-6,-120
1767174467.6152382,-2,-4,-116
1767174467.6242385,0,-2,-120
1767174467.6342382,-3,-4,-122
1767174467.6452382,-7,-1,-119
1767174467.6542382,-4,0,-113
1767174467.6642382,-1,-3,-115
1767174467.675238,-4,-4,-116
1767174467.685238,-6,-3,-117
1767174467.695238,-8,-6,-118
1767174467.705238,-3,-7,-129
1767174467.715238,-2,-5,-132
1767174467.725238,-2,-1,-136
1767174467.735238,-6,2,-132
1767174467.745238,-3,1,-130
1767174467.755238,-2,-1,-132
1767174467.765238,-1,-4,-133
1767174467.775238,0,-6,-129
1767174467.7852385,-2,-2,-125
1767174467.7952385,-2,-4,-127
1767174467.8052382,-1,-3,-123
1767174467.8152382,-2,-10,-122
1767174467.8252382,-4,-9,-127
1767174467.8352382,-4,-8,-122
1767174467.8452382,0,-9,-123
1767174467.8552382,3,-7,-122
1767174467.8652382,5,-7,-120
1767174467.8752382,-2,-4,-122
1767174467.8852382,1,-5,-121
1767174467.8952382,2,-2,-123
1767174467.9052382,5,0,-120
1767174467.915238,2,2,-125
1767174467.925238,3,5,-130
1767174467.935238,5,9,-130
1767174467.945238,4,10,-136
1767174467.955238,1,9,-136
1767174467.965238,0,4,-138
1767174467.975238,-2,3,-137
1767174467.985238,1,2,-139
1767174467.995238,3,1,-138
1767174468.005238,3,1,-130
1767174468.015238,7,0,-128
1767174468.025238,4,0,-122
1767174468.0352385,1,0,-121
1767174468.0452385,1,3,-127
1767174468.0552382,0,6,-124
1767174468.0652382,0,2,-125
1767174468.0752382,-1,2,-127
1767174468.0852382,1,3,-125
1767174468.0952382,0,2,-120
1767174468.1052382,-3,1,-116
1767174468.1152382,0,-3,-109
1767174468.1252382,4,0,-102
1767174468.1352382,1,2,-103
1767174468.1452382,1,0,-107
1767174468.1552382,0,0,-111
1767174468.165238,0,-3,-116
1767174468.175238,-2,-3,-113
1767174468.185238,-7,-2,-123
1767174468.195238,-3,0,-125
1767174468.205238,1,1,-123
1767174468.215238,0,0,-121
1767174468.225238,0,0,-124
1767174468.235238,0,4,-126
1767174468.257238,-4,4,-125
1767174468.265238,-8,5,-117
1767174468.275238,-8,4,-117
1767174468.2852385,-6,3,-124
1767174468.2952385,-8,0,-121
1767174468.3052382,-11,0,-127
1767174468.3152382,-7,-1,-131
1767174468.3252382,-5,-1,-127
1767174468.3352382,-3,1,-132
1767174468.3452382,-5,0,-125
1767174468.3552382,-5,-2,-123
1767174468.3652382,-3,1,-123
1767174468.3752382,-2,4,-128
1767174468.3852382,0,7,-122
1767174468.3952382,0,6,-123
1767174468.4052382,6,5,-128
1767174468.415238,7,0,-129
1767174468.425238,4,-5,-130
1767174468.435238,2,-3,-129
1767174468.445238,0,-4,-122
1767174468.455238,-1,-5,-123
1767174468.465238,0,-5,-121
1767174468.475238,3,-4,-122
1767174468.485238,-2,-4,-118
1767174468.495238,3,-2,-120
1767174468.505238,4,-2,-113
1767174468.515238,2,0,-106
1767174468.525238,3,-4,-106
1767174468.5352385,0,-8,-110
1767174468.5452385,0,-6,-108
1767174468.5552382,-4,-4,-105
1767174468.5652382,-2,-4,-113
1767174468.5752382,0,-5,-115
1767174468.5852382,0,-5,-117
1767174468.5952382,4,-3,-125
1767174468.6052382,5,-2,-129
1767174468.6152382,2,0,-127
1767174468.6252382,-3,0,-125
1767174468.6352382,-2,-2,-124
1767174468.6452382,-2,-6,-126
1767174468.6552382,-3,-2,-126
1767174468.665238,-1,-1,-123
1767174468.675238,0,-4,-118
1767174468.685238,0,-2,-118
1767174468.695238,1,-3,-115
1767174468.705238,-3,-4,-118
1767174468.715238,-3,-3,-120
1767174468.725238,-5,-2,-119
1767174468.735238,-5,0,-128
1767174468.745238,-4,1,-127
1767174468.755238,-4,0,-124
1767174468.765238,0,-1,-123
1767174468.775238,1,0,-126
1767174468.7852385,1,1,-121
1767174468.7952385,2,-2,-125
1767174468.8052382,1,-13,-123
1767174468.8152382,2,-17,-127
1767174468.8252382,-1,-17,-123
1767174468.8352382,-4,-16,-131
1767174468.8452382,-5,-14,-129
1767174468.8552382,-6,-14,-128
1767174468.8652382,-1,-9,-128
1767174468.8752382,-4,-7,-132
1767174468.8852382,-6,-5,-131
1767174468.8952382,-6,-3,-123
1767174468.9052382,-1,-5,-123
1767174468.915238,0,0,-122
1767174468.925238,0,0,-119
1767174468.935238,0,-1,-117
1767174468.945238,-2,-3,-123
1767174468.955238,-3,-1,-121
1767174468.965238,-3,-6,-122
1767174468.975238,0,-8,-125
1767174468.985238,-3,-6,-126
1767174468.995238,-3,-4,-131
1767174469.005238,0,-1,-133
1767174469.015238,0,-2,-130
1767174469.025238,0,0,-129
1767174469.0352385,2,2,-128
1767174469.0452385,5,0,-124
1767174469.0552382,4,0,-124
1767174469.0652382,0,4,-121
1767174469.0752382,1,7,-117
1767174469.0852382,1,4,-117
1767174469.0952382,0,-1,-112
1767174469.1052382,0,2,-113
1767174469.1152382,-1,4,-111
1767174469.1252382,0,5,-112
1767174469.1352382,-1,6,-114
1767174469.1452382,-2,6,-114
1767174469.1552382,2,6,-114
1767174469.165238,5,0,-113
1767174469.175238,2,0,-119
1767174469.185238,2,1,-119
1767174469.195238,1,3,-119
1767174469.205238,0,6,-117
1767174469.215238,1,6,-118
1767174469.225238,0,5,-116
1767174469.235238,1,6,-115
1767174469.245238,0,1,-116
1767174469.255238,1,-2,-116
1767174469.265238,-1,-2,-121
1767174469.275238,-4,0,-129
1767174469.2852385,0,-1,-133
1767174469.2952385,2,3,-131
1767174469.3052382,0,3,-139
1767174469.3152382,-1,0,-137
1767174469.3252382,-3,-2,-135
1767174469.3352382,1,-2,-134
1767174469.3452382,2,-2,-128
1767174469.3552382,-1,-1,-119
1767174469.3652382,-4,-1,-125
1767174469.3752382,-5,-1,-125
1767174469.3852382,-6,-3,-122
1767174469.3952382,-8,1,-120
1767174469.4052382,-8,0,-123
1767174469.415238,-4,-3,-124
1767174469.425238,-4,-4,-130
1767174469.435238,-2,-3,-130
1767174469.445238,-1,4,-126
1767174469.455238,1,2,-125
1767174469.465238,3,2,-130
1767174469.475238,2,0,-125
1767174469.485238,3,-2,-116
1767174469.495238,2,-7,-120
1767174469.505238,-1,-12,-117
1767174469.515238,-4,-16,-115
1767174469.525238,-7,-13,-111
1767174469.5352385,-7,-8,-109
1767174469.5452385,-5,-7,-109
1767174469.5552382,0,-4,-116
1767174469.5652382,-3,-1,-115
1767174469.5752382,-2,0,-113
1767174469.5852382,-4,1,-111
1767174469.5952382,-6,4,-112
1767174469.6052382,-10,4,-116
1767174469.6152382,-7,0,-117
1767174469.6252382,-6,-2,-121
1767174469.6352382,2,0,-121
1767174469.6452382,3,-2,-113
1767174469.6552382,4,-1,-115
1767174469.665238,-2,-5,-119
1767174469.675238,-1,-8,-117
1767174469.685238,-2,-4,-114
1767174469.695238,-2,-3,-114
1767174469.705238,-1,-5,-110
1767174469.715238,-2,-2,-117
1767174469.725238,0,-2,-128
1767174469.735238,0,-1,-131
1767174469.745238,0,-2,-132
1767174469.755238,-2,0,-131
1767174469.765238,-2,2,-133
1767174469.775238,-1,5,-124
1767174469.7852385,0,8,-122
1767174469.7952385,2,8,-119
1767174469.8052382,4,6,-123
1767174469.8152382,-1,0,-122
1767174469.8252382,-2,-1,-124
1767174469.8352382,-4,-2,-121
1767174469.8452382,-3,-1,-119
1767174469.8552382,1,-6,-119
1767174469.8652382,-2,-4,-115
1767174469.8752382,-3,-4,-117
1767174469.8852382,-3,-1,-122
1767174469.8952382,-4,2,-116
1767174469.9052382,-3,2,-115
1767174469.915238,-1,1,-119
1767174469.925238,0,-2,-120
1767174469.935238,-7,-3,-116
1767174469.945238,-6,-5,-123
1767174469.955238,-6,-8,-127
1767174469.965238,-1,-5,-131
1767174469.975238,2,-7,-131
1767174469.985238,3,-5,-127
1767174469.995238,0,-3,-114
1767174470.005238,-2,-1,-113
1767174470.015238,-3,-1,-115
1767174470.025238,-2,-3,-109
1767174470.0352385,-6,-5,-108
1767174470.0452385,-8,-7,-110
1767174470.0552382,-10,-4,-116
1767174470.0652382,-6,-3,-117
1767174470.0752382,-7,-1,-122
1767174470.0852382,-1,0,-122
1767174470.0952382,0,3,-121
1767174470.1052382,0,4,-120
1767174470.1152382,0,3,-123
1767174470.1252382,-1,0,-123
1767174470.1352382,0,0,-127
1767174470.1452382,1,1,-123
1767174470.1552382,1,2,-120
1767174470.165238,0,0,-122
1767174470.175238,2,4,-123
1767174470.185238,0,1,-125
1767174470.195238,0,1,-120
1767174470.205238,0,-1,-123
1767174470.215238,1,-3,-121
1767174470.225238,4,-1,-115
1767174470.235238,1,-4,-119
1767174470.245238,7,-4,-120
1767174470.255238,4,-6,-125
1767174470.265238,0,-6,-119
1767174470.275238,-5,-5,-117
1767174470.2852385,-3,-8,-116
1767174470.2952385,-3,-3,-114
1767174470.3052382,2,-3,-120
1767174470.3162382,6,1,-120
1767174470.3252382,10,2,-111
1767174470.3352382,9,3,-116
1767174470.346238,6,4,-118
1767174470.356238,9,1,-117
1767174470.366238,3,-4,-122
1767174470.376238,0,-5,-123
1767174470.386238,0,-1,-121
1767174470.396238,4,0,-122
1767174470.406238,1,-4,-117
1767174470.416238,1,-6,-116
1767174470.426238,-2,-2,-118
1767174470.436238,0,-2,-114
1767174470.446238,2,-4,-114
1767174470.4562385,8,0,-117
1767174470.4662385,4,-1,-121
1767174470.4762385,7,-3,-123
1767174470.4862382,8,-3,-124
1767174470.4962382,9,-1,-119
1767174470.5062382,7,-1,-122
1767174470.5162382,9,0,-116
1767174470.5262382,3,-1,-120
1767174470.5362382,3,-2,-120
1767174470.5462382,3,-2,-117
1767174470.5562382,1,0,-115
1767174470.5662382,3,2,-113
1767174470.5762382,0,-1,-116
1767174470.586238,0,0,-123
1767174470.596238,0,-1,-130
1767174470.606238,0,0,-136
1767174470.616238,2,0,-134
1767174470.626238,3,-3,-128
1767174470.636238,1,-5,-128
1767174470.646238,-2,-7,-125
1767174470.656238,-5,-6,-115
1767174470.666238,-2,-3,-117
1767174470.676238,-4,-1,-120
1767174470.686238,0,-1,-120
1767174470.696238,0,2,-121
1767174470.7062385,0,0,-126
1767174470.7162385,3,-2,-125
1767174470.7262385,0,-4,-120
1767174470.7362382,2,-3,-120
1767174470.7462382,0,-3,-123
1767174470.7562382,-1,0,-124
1767174470.7662382,0,-4,-124
1767174470.7762382,1,-3,-119
1767174470.7862382,1,-2,-119
1767174470.7962382,0,0,-121
1767174470.8062382,0,0,-124
1767174470.8162382,5,-2,-126
1767174470.8262382,4,-3,-123
1767174470.836238,0,0,-126
1767174470.846238,1,0,-129
1767174470.856238,-1,3,-125
1767174470.866238,-6,1,-119
1767174470.876238,-5,-1,-123
1767174470.886238,-2,-3,-116
1767174470.896238,0,-6,-119
1767174470.906238,-1,-6,-124
1767174470.916238,1,-4,-125
1767174470.926238,3,-3,-125
1767174470.936238,6,-5,-126
1767174470.946238,7,-3,-126
1767174470.9562385,3,-1,-128
1767174470.9662385,3,0,-128
1767174470.9762385,6,1,-126
1767174470.9862382,7,2,-130
1767174470.9962382,2,4,-128
1767174471.0062382,0,6,-129
1767174471.0162382,0,-2,-131
1767174471.0262382,-1,-11,-125
1767174471.0362382,1,-11,-123
1767174471.0462382,1,-13,-121
1767174471.0562382,0,-4,-117
1767174471.0662382,0,-4,-114
1767174471.0762382,0,-4,-115
1767174471.086238,4,-8,-116
1767174471.096238,5,-3,-115
1767174471.106238,7,-1,-109
1767174471.116238,8,4,-112
1767174471.126238,7,6,-119
1767174471.136238,1,4,-120
1767174471.146238,1,2,-131
1767174471.156238,1,-4,-136
1767174471.166238,-2,-4,-134
1767174471.176238,0,-3,-127
1767174471.186238,2,-4,-118
1767174471.196238,6,-5,-113
1767174471.2062385,3,-1,-119
1767174471.2162385,4,0,-122
1767174471.2262385,0,0,-122
1767174471.2362382,-1,-1,-121
1767174471.2462382,-2,0,-125
1767174471.2562382,0,0,-132
1767174471.2662382,-2,-1,-135
1767174471.2762382,-7,0,-136
1767174471.2862382,-3,1,-138
1767174471.2962382,-4,1,-138
1767174471.3062382,2,4,-131
1767174471.3162382,5,5,-122
1767174471.3262382,5,2,-124
1767174471.336238,3,0,-124
1767174471.346238,-3,0,-116
1767174471.356238,0,-1,-122
1767174471.366238,0,3,-132
1767174471.376238,3,2,-130
1767174471.386238,4,1,-126
1767174471.396238,1,0,-127
1767174471.406238,0,1,-134
1767174471.416238,0,2,-132
1767174471.426238,-3,1,-129
1767174471.436238,0,3,-136
1767174471.446238,0,0,-136
1767174471.4562385,-1,-1,-134
1767174471.4662385,-6,-1,-132
1767174471.4762385,-2,0,-128
1767174471.4862382,-3,0,-125
1767174471.4962382,-2,0,-126
1767174471.5062382,0,0,-128
1767174471.5162382,-1,-1,-129
1767174471.5262382,0,3,-131
1767174471.5362382,0,1,-129
1767174471.5462382,1,4,-122
1767174471.5562382,1,2,-126
1767174471.5662382,-1,3,-128
1767174471.5762382,-7,0,-130
1767174471.586238,-5,1,-125
1767174471.596238,-4,5,-116
1767174471.606238,-4,4,-117
1767174471.616238,-1,1,-124
1767174471.626238,-2,6,-129
1767174471.636238,-2,6,-122
1767174471.646238,-4,7,-115
1767174471.656238,-4,3,-114
1767174471.666238,-4,6,-111
1767174471.676238,-3,5,-115
1767174471.686238,-1,7,-126
1767174471.696238,0,7,-126
1767174471.7062385,7,4,-130
1767174471.7162385,2,2,-127
1767174471.7262385,3,2,-132
1767174471.7362382,7,1,-133
1767174471.7462382,5,2,-129
1767174471.7562382,10,3,-124
1767174471.7662382,7,1,-123
1767174471.7762382,5,0,-121
1767174471.7862382,-2,2,-117
1767174471.7962382,-6,0,-118
1767174471.8062382,-6,-5,-117
1767174471.8162382,-5,-4,-119
1767174471.8262382,-10,-5,-126
1767174471.836238,-5,0,-128
1767174471.846238,-3,-2,-124
1767174471.856238,0,0,-117
1767174471.866238,-1,-2,-120
1767174471.876238,-3,-5,-125
1767174471.886238,-3,-6,-124
1767174471.896238,-2,-4,-118
1767174471.906238,-2,-2,-117
1767174471.916238,-1,1,-116
1767174471.926238,-2,1,-114
1767174471.936238,-3,1,-119
1767174471.946238,-2,3,-118
1767174471.9562385,-1,1,-122
1767174471.9662385,1,2,-131
1767174471.9762385,0,0,-130
1767174471.9862382,0,0,-127
1767174471.9962382,-4,0,-122
1767174472.0062382,-5,0,-118
1767174472.0162382,-4,-1,-124
1767174472.0262382,-3,0,-125
1767174472.0362382,2,0,-117
1767174472.0462382,2,0,-116
1767174472.0562382,-2,0,-114
1767174472.0662382,-2,-4,-110
1767174472.0762382,-1,-3,-115
1767174472.086238,1,-6,-114
1767174472.096238,1,-4,-118
1767174472.106238,0,-5,-119
1767174472.116238,3,-3,-121
1767174472.126238,6,-5,-124
1767174472.136238,5,-6,-127
1767174472.146238,2,-7,-125
1767174472.156238,0,-4,-127
1767174472.166238,0,-2,-132
1767174472.176238,-1,-1,-133
1767174472.186238,0,-3,-129
1767174472.196238,0,-4,-128
1767174472.2062385,0,-3,-117
1767174472.2162385,0,-2,-118
1767174472.2262385,2,-5,-122
1767174472.2362382,3,-1,-121
1767174472.2462382,0,1,-116
1767174472.2562382,-3,0,-121
1767174472.2662382,0,-3,-125
1767174472.2762382,1,-1,-120
1767174472.2862382,3,2,-126
1767174472.2962382,1,3,-128
1767174472.3062382,1,3,-137
1767174472.3162382,2,1,-137
1767174472.3262382,7,0,-131
1767174472.336238,7,2,-125
1767174472.346238,7,0,-126
1767174472.356238,4,-4,-118
1767174472.366238,5,-3,-119
1767174472.376238,3,-3,-125
1767174472.386238,2,-3,-129
1767174472.396238,1,-1,-128
1767174472.406238,-1,0,-127
1767174472.416238,-2,-1,-127
1767174472.426238,-1,0,-131
1767174472.436238,0,-1,-128
1767174472.446238,5,0,-123
1767174472.4562385,6,-1,-110
1767174472.4662385,7,-2,-112
1767174472.4762385,4,-3,-109
1767174472.4862382,7,-6,-113
1767174472.4962382,4,-3,-116
1767174472.5062382,2,-5,-114
1767174472.5162382,1,-4,-115
1767174472.5262382,5,-5,-113
1767174472.5362382,9,-3,-110
1767174472.5462382,6,-6,-110
1767174472.5562382,4,-4,-118
1767174472.5662382,4,-2,-124
1767174472.5762382,3,-1,-126
1767174472.586238,0,0,-117
1767174472.596238,1,-4,-109
1767174472.606238,5,-1,-103
1767174472.616238,5,2,-107
1767174472.626238,3,3,-110
1767174472.636238,2,3,-114
1767174472.646238,0,3,-123
1767174472.656238,-1,0,-125
1767174472.666238,-3,1,-122
1767174472.676238,-7,1,-123
1767174472.686238,-4,2,-129
1767174472.696238,-1,1,-136
1767174472.7062385,1,0,-139
1767174472.7162385,1,4,-131
1767174472.7262385,2,4,-128
1767174472.7362382,3,0,-130
1767174472.7462382,4,3,-131
1767174472.7562382,9,1,-137
1767174472.7662382,9,3,-139
1767174472.7762382,10,2,-136
1767174472.7862382,8,3,-130
1767174472.7962382,6,-1,-120
1767174472.8062382,6,1,-124
1767174472.8162382,8,5,-126
1767174472.8262382,4,0,-124
1767174472.836238,-1,-3,-124
1767174472.846238,-2,-6,-121
1767174472.856238,-2,-6,-123
1767174472.866238,0,-8,-121
1767174472.876238,1,-9,-127
1767174472.886238,0,-7,-128
1767174472.896238,1,-7,-124
1767174472.906238,2,-7,-125
1767174472.916238,2,-7,-125
1767174472.926238,5,-8,-128
1767174472.936238,9,-8,-127
1767174472.946238,2,-8,-127
1767174472.9562385,5,-2,-129
1767174472.9662385,6,-4,-133
1767174472.9762385,3,-2,-129
1767174472.9872382,0,0,-127
1767174472.9962382,0,2,-131
1767174473.007238,-1,2,-129
1767174473.017238,0,-2,-127
1767174473.027238,-1,3,-119
1767174473.037238,0,3,-122
1767174473.047238,0,0,-120
1767174473.0562382,0,0,-119
1767174473.067238,2,5,-123
1767174473.077238,2,3,-124
1767174473.087238,0,0,-129
1767174473.097238,0,3,-128
1767174473.107238,-3,2,-125
1767174473.117238,-2,3,-120
1767174473.127238,0,1,-116
1767174473.1372385,0,0,-113
1767174473.1472385,-1,-1,-110
1767174473.1572382,-4,4,-112
1767174473.1672382,-5,3,-119
1767174473.1772382,-4,2,-125
1767174473.1872382,-3,1,-122
1767174473.1972382,0,0,-127
1767174473.2072382,-3,1,-128
1767174473.2172382,0,1,-128
1767174473.2272382,7,1,-126
1767174473.2372382,7,-2,-122
1767174473.2472382,2,0,-118
1767174473.268238,-2,0,-121
1767174473.277238,-7,-2,-119
1767174473.287238,-10,-1,-118
1767174473.297238,-14,-1,-123
1767174473.307238,-7,-3,-128
1767174473.317238,-5,-3,-126
1767174473.327238,-1,0,-123
1767174473.337238,-5,-3,-124
1767174473.347238,0,-6,-121
1767174473.357238,0,-5,-115
1767174473.367238,0,-2,-116
1767174473.377238,2,0,-119
1767174473.3872385,-1,-2,-114
1767174473.3972385,-3,-5,-115
1767174473.4072382,-4,0,-114
1767174473.4172382,-5,8,-115
1767174473.4272382,-1,10,-112
1767174473.4372382,0,6,-119
1767174473.4472382,-4,2,-128
1767174473.4572382,-1,4,-129
1767174473.4672382,0,5,-131
1767174473.4772382,1,5,-130
1767174473.4872382,-1,3,-128
1767174473.4972382,0,2,-119
1767174473.507238,2,-1,-123
1767174473.517238,3,-6,-123
1767174473.527238,2,-6,-125
1767174473.537238,3,-6,-125
1767174473.547238,5,-5,-121
1767174473.557238,7,-1,-118
1767174473.567238,3,-1,-114
1767174473.577238,0,0,-116
1767174473.587238,0,-2,-115
1767174473.597238,0,-4,-110
1767174473.607238,0,-1,-112
1767174473.617238,-1,-2,-118
1767174473.627238,-1,-1,-121
1767174473.6372385,-2,0,-122
1767174473.6472385,-5,0,-123
1767174473.6572382,-5,0,-124
1767174473.6672382,-3,0,-118
1767174473.6772382,-5,2,-117
1767174473.6872382,-5,0,-121
1767174473.6972382,-5,-3,-128
1767174473.7072382,-1,-3,-129
1767174473.7172382,-2,-1,-130
1767174473.7272382,-2,1,-127
1767174473.7372382,0,0,-120
1767174473.7472382,1,0,-115
1767174473.757238,1,1,-120
1767174473.767238,0,1,-120
1767174473.777238,0,0,-123
1767174473.787238,0,0,-130
1767174473.797238,3,-4,-132
1767174473.807238,1,-6,-130
1767174473.817238,1,-4,-132
1767174473.827238,0,-4,-125
1767174473.837238,-1,-2,-122
1767174473.847238,-1,-4,-119
1767174473.857238,-1,-2,-114
1767174473.867238,-3,2,-108
1767174473.877238,-2,0,-117
1767174473.8872385,0,-2,-116
1767174473.8972385,0,-3,-118
1767174473.9072382,-3,-5,-114
1767174473.9172382,-8,-5,-114
1767174473.9272382,-12,-4,-115
1767174473.9372382,-13,-4,-119
1767174473.9472382,-14,-3,-122
1767174473.9572382,-9,-2,-126
1767174473.9672382,-3,-1,-124
1767174473.9772382,-3,0,-127
1767174473.9872382,-3,-1,-125
1767174473.9972382,0,-3,-120
1767174474.007238,3,-1,-121
1767174474.017238,1,1,-124
1767174474.027238,2,1,-120
1767174474.037238,2,-1,-120
1767174474.047238,-1,0,-123
1767174474.057238,-2,-2,-117
1767174474.067238,-1,-6,-114
1767174474.077238,0,-4,-114
1767174474.087238,3,-7,-119
1767174474.097238,1,-3,-119
1767174474.107238,0,-5,-120
1767174474.117238,1,-6,-122
1767174474.127238,1,-9,-120
1767174474.1372385,0,-7,-126
1767174474.1472385,-1,-12,-116
1767174474.1572382,-5,-10,-118
1767174474.1672382,-9,-7,-120
1767174474.1772382,-9,-5,-116
1767174474.1872382,-9,-4,-115
1767174474.1972382,-15,0,-115
1767174474.2072382,-10,-1,-115
1767174474.2172382,-10,2,-113
1767174474.2272382,-10,0,-121
1767174474.2372382,-6,-1,-122
1767174474.2472382,-7,-2,-116
1767174474.257238,-7,0,-113
1767174474.267238,-3,-1,-118
1767174474.277238,0,-1,-117
1767174474.287238,-3,-4,-120
1767174474.297238,0,-1,-119
1767174474.307238,0,-2,-116
1767174474.317238,-1,-3,-122
1767174474.327238,-1,2,-117
1767174474.337238,1,7,-116
1767174474.347238,-4,5,-118
1767174474.357238,-1,5,-114
1767174474.367238,-3,3,-115
1767174474.377238,-1,1,-111
1767174474.3872385,-4,1,-116
1767174474.3972385,-3,0,-115
1767174474.4072382,-4,7,-117
1767174474.4172382,-1,7,-118
1767174474.4272382,0,1,-117
1767174474.4372382,0,-4,-113
1767174474.4472382,0,-7,-120
1767174474.4572382,-2,-8,-120
1767174474.4672382,0,-8,-116
1767174474.4772382,-2,-4,-117
1767174474.4872382,-2,1,-122
1767174474.4972382,-1,-1,-130
1767174474.507238,-1,3,-136
1767174474.517238,-4,3,-127
1767174474.527238,-2,-4,-123
1767174474.537238,-4,-2,-125
1767174474.547238,-3,-5,-126
1767174474.557238,-6,-6,-126
1767174474.567238,-1,-4,-127
1767174474.577238,-1,-2,-126
1767174474.587238,-2,-2,-123
1767174474.597238,0,-3,-128
1767174474.607238,5,-2,-123
1767174474.617238,6,-2,-121
1767174474.627238,1,-1,-130
1767174474.6372385,3,-4,-126
1767174474.6472385,2,-3,-120
1767174474.6572382,2,-4,-121
1767174474.6672382,2,-5,-115
1767174474.6772382,6,-5,-118
1767174474.6872382,7,-6,-126
1767174474.6972382,7,-5,-126
1767174474.7072382,4,-4,-130
1767174474.7172382,5,1,-134
1767174474.7272382,5,3,-134
1767174474.7372382,7,4,-124
1767174474.7472382,6,3,-123
1767174474.757238,3,3,-116
1767174474.767238,4,1,-112
1767174474.777238,2,3,-119
1767174474.787238,2,4,-123
1767174474.797238,2,3,-125
1767174474.807238,1,1,-121
1767174474.817238,-1,1,-125
1767174474.827238,-1,6,-122
1767174474.837238,3,6,-122
1767174474.847238,4,4,-123
1767174474.857238,2,3,-126
1767174474.867238,3,1,-124
1767174474.877238,5,1,-123
1767174474.8872385,3,2,-127
1767174474.8972385,1,0,-122
1767174474.9072382,2,-5,-121
1767174474.9172382,4,-5,-120
1767174474.9272382,3,-2,-121
1767174474.9372382,3,0,-121
1767174474.9472382,0,-3,-121
1767174474.9572382,0,-3,-126
1767174474.9672382,5,-2,-132
1767174474.9772382,0,3,-132
1767174474.9872382,0,2,-130
1767174474.9972382,-3,1,-124
1767174475.007238,-8,-1,-125
1767174475.017238,-12,0,-123
1767174475.027238,-5,2,-128
1767174475.037238,-5,-1,-127
1767174475.047238,-2,0,-123
1767174475.057238,-5,-1,-120
1767174475.067238,-6,-5,-120
1767174475.077238,-5,-4,-123
1767174475.087238,-5,-5,-124
1767174475.097238,-5,1,-117
1767174475.107238,-5,8,-118
1767174475.117238,-4,9,-123
1767174475.127238,-9,7,-122
1767174475.1372385,-8,9,-125
1767174475.1472385,-1,2,-126
1767174475.1572382,0,0,-127
1767174475.1672382,3,-1,-128
1767174475.1772382,2,0,-126
1767174475.1872382,-2,-3,-133
1767174475.1972382,-1,-8,-132
1767174475.2072382,-4,-9,-124
1767174475.2172382,-3,-14,-120
1767174475.2272382,-1,-10,-125
1767174475.2372382,-4,-5,-132
1767174475.2472382,-7,-3,-128
1767174475.257238,-7,-5,-123
1767174475.267238,-12,-5,-116
1767174475.277238,-8,-8,-119
1767174475.287238,-2,-5,-120
1767174475.297238,1,0,-118
1767174475.307238,0,0,-120
1767174475.317238,-1,2,-118
1767174475.327238,-3,0,-119
1767174475.337238,-4,0,-122
1767174475.347238,0,-1,-123
1767174475.357238,2,0,-120
1767174475.367238,4,1,-112
1767174475.377238,5,-3,-106
1767174475.3872385,6,-6,-109
1767174475.3972385,0,-8,-113
1767174475.4072382,1,-7,-119
1767174475.4172382,-4,-5,-114
1767174475.4272382,-5,-3,-115
1767174475.4372382,-4,-3,-114
1767174475.4472382,-5,-5,-114
1767174475.4572382,-9,-2,-119
1767174475.4672382,-4,0,-122
1767174475.4772382,-5,-1,-123
1767174475.4872382,-3,0,-120
1767174475.4972382,-5,-1,-121
1767174475.507238,-5,0,-120
1767174475.517238,-5,4,-123
1767174475.527238,-7,2,-122
1767174475.537238,-6,2,-127
1767174475.547238,-6,-1,-125
1767174475.557238,-3,-2,-127
1767174475.567238,-3,-3,-134
1767174475.577238,0,-2,-137
1767174475.587238,2,-1,-137
1767174475.597238,-1,-1,-138
1767174475.607238,1,6,-130
1767174475.6182382,2,6,-125
1767174475.627238,1,1,-125
1767174475.6372385,3,0,-122
1767174475.6482382,3,0,-128
1767174475.6582382,2,1,-123
1767174475.6682382,-2,2,-127
1767174475.6782382,-3,2,-126
1767174475.688238,2,3,-129
1767174475.698238,-1,3,-125
1767174475.708238,-1,1,-120
1767174475.718238,-1,-4,-114
1767174475.728238,1,-2,-108
1767174475.738238,0,0,-110
1767174475.748238,5,0,-114
1767174475.758238,7,0,-110
1767174475.768238,4,-2,-104
1767174475.778238,4,-4,-110
1767174475.788238,1,-6,-113
1767174475.798238,2,-8,-120
1767174475.8082385,5,-8,-125
1767174475.8182385,4,-4,-126
1767174475.8282382,5,-6,-133
1767174475.8382382,2,-5,-132
1767174475.8482382,5,-3,-131
1767174475.8582382,10,-3,-119
1767174475.8682382,8,-1,-117
1767174475.8782382,5,0,-121
1767174475.8882382,0,-1,-119
1767174475.8982382,0,-4,-118
1767174475.9082382,1,-1,-119
1767174475.9182382,-1,2,-121
1767174475.9282382,0,0,-123
1767174475.938238,-4,0,-122
1767174475.948238,-5,3,-112
1767174475.958238,0,5,-117
1767174475.968238,4,0,-119
1767174475.978238,3,2,-119
1767174475.988238,0,3,-123
1767174475.998238,0,5,-123
1767174476.008238,0,6,-125
1767174476.018238,-3,7,-124
1767174476.028238,-8,3,-126
1767174476.038238,-9,4,-124
1767174476.048238,-4,7,-124
1767174476.0582385,-5,10,-126
1767174476.0682385,-1,9,-125
1767174476.0782382,-2,7,-134
1767174476.0882382,-8,6,-135
1767174476.0982382,-8,2,-136
1767174476.1082382,-5,2,-138
1767174476.1182382,0,2,-137
1767174476.1282382,0,4,-126
1767174476.1382382,3,0,-127
1767174476.1482382,4,0,-128
1767174476.1582382,4,-3,-127
1767174476.1682382,5,0,-124
1767174476.1782382,6,0,-120
1767174476.188238,1,0,-122
1767174476.198238,2,3,-121
1767174476.208238,0,6,-122
1767174476.218238,0,6,-121
1767174476.228238,4,3,-117
1767174476.238238,7,1,-117
1767174476.248238,9,-2,-116
1767174476.258238,5,0,-114
1767174476.268238,2,0,-116
1767174476.278238,5,0,-122
1767174476.288238,4,1,-125
1767174476.298238,3,1,-118
1767174476.3082385,1,0,-118
1767174476.3182385,0,-1,-121
1767174476.3282382,0,0,-119
1767174476.3382382,-1,-1,-122
1767174476.3482382,-5,0,-125
1767174476.3582382,-1,-1,-126
1767174476.3682382,-6,0,-127
1767174476.3782382,-6,2,-127
1767174476.3882382,0,1,-126
1767174476.3982382,2,5,-119
1767174476.4082382,3,4,-123
1767174476.4182382,5,7,-116
1767174476.4282382,4,8,-117
1767174476.438238,1,7,-117
1767174476.448238,5,4,-118
1767174476.458238,2,3,-123
1767174476.468238,3,2,-118
1767174476.478238,0,-2,-120
1767174476.488238,-2,-4,-119
1767174476.498238,-3,-6,-124
1767174476.508238,2,-3,-123
1767174476.518238,1,-2,-120
1767174476.528238,-2,-4,-114
1767174476.538238,-4,-2,-109
1767174476.548238,0,-1,-120
1767174476.5582385,0,-2,-125
1767174476.5682385,-5,-4,-126
1767174476.5782382,-3,-3,-125
1767174476.5882382,-1,-3,-123
1767174476.5982382,2,1,-116
1767174476.6082382,0,0,-124
1767174476.6182382,-3,0,-129
1767174476.6282382,-2,3,-124
1767174476.6382382,-3,3,-128
1767174476.6482382,0,2,-138
1767174476.6582382,-4,2,-136
1767174476.6682382,-9,4,-138
1767174476.6782382,-8,4,-132
1767174476.688238,-7,1,-132
1767174476.698238,0,-2,-137
1767174476.708238,-4,-4,-139
1767174476.718238,-1,-4,-143
1767174476.7292385,2,-6,-137
1767174476.738238,4,-3,-133
1767174476.748238,3,0,-129
1767174476.758238,3,0,-122
1767174476.768238,3,0,-119
1767174476.778238,1,0,-117
1767174476.788238,3,-4,-121
1767174476.798238,2,-6,-119
1767174476.8082385,1,-6,-119
1767174476.8182385,0,-3,-117
1767174476.8282382,-2,-3,-118
1767174476.8382382,-4,-7,-118
1767174476.8482382,-5,-7,-120
1767174476.8582382,-3,-8,-120
1767174476.8682382,-4,-9,-121
1767174476.8782382,-3,-10,-126
1767174476.8882382,-3,-6,-125
1767174476.8982382,0,-6,-135
1767174476.9082382,3,-8,-138
1767174476.9182382,-1,-6,-138
1767174476.9282382,-6,-6,-132
1767174476.938238,-3,-5,-129
1767174476.948238,-1,-3,-123
1767174476.958238,0,-4,-125
1767174476.968238,-2,-3,-131
1767174476.978238,-2,-3,-128
1767174476.988238,-8,-2,-128
1767174476.998238,-6,1,-130
1767174477.008238,-5,3,-125
1767174477.018238,0,0,-129
1767174477.028238,-1,0,-132
1767174477.038238,-3,2,-121
1767174477.048238,1,0,-118
1767174477.0582385,1,0,-117
1767174477.0682385,2,0,-119
1767174477.0782382,0,5,-121
1767174477.0882382,-4,6,-118
1767174477.0982382,-4,2,-114
1767174477.1082382,-5,-1,-114
1767174477.1182382,-4,-4,-116
1767174477.1282382,-2,-6,-120
1767174477.1382382,1,-1,-119
1767174477.1482382,2,-3,-119
1767174477.1582382,0,-5,-120
1767174477.1682382,-1,-3,-113
1767174477.1782382,-3,-2,-111
1767174477.188238,-6,-2,-114
1767174477.198238,-4,-1,-109
1767174477.208238,0,1,-118
1767174477.218238,-3,0,-116
1767174477.228238,-3,-2,-118
1767174477.238238,-3,0,-118
1767174477.248238,-3,4,-113
1767174477.258238,-2,0,-112
1767174477.268238,-4,-6,-119
1767174477.278238,-3,-2,-126
1767174477.288238,-5,-2,-124
1767174477.298238,-7,-3,-124
1767174477.3082385,-7,-3,-122
1767174477.3182385,-5,-5,-120
1767174477.3282382,-2,-3,-120
1767174477.3382382,-2,-2,-115
1767174477.3482382,0,-2,-121
1767174477.3582382,0,0,-119
1767174477.3682382,0,3,-120
1767174477.3782382,1,3,-118
1767174477.3882382,1,4,-120
1767174477.3982382,1,5,-121
1767174477.4082382,0,6,-122
1767174477.4182382,0,6,-123
1767174477.4282382,-2,8,-127
1767174477.438238,-2,8,-129
1767174477.448238,0,4,-128
1767174477.458238,3,4,-122
1767174477.468238,5,6,-123
1767174477.478238,1,8,-126
1767174477.488238,1,7,-128
1767174477.498238,3,2,-122
1767174477.508238,3,-2,-123
1767174477.518238,6,-3,-126
1767174477.528238,6,-2,-133
1767174477.538238,5,0,-129
1767174477.548238,6,3,-133
1767174477.5582385,10,1,-130
1767174477.5682385,8,3,-127
1767174477.5782382,6,5,-122
1767174477.5882382,1,2,-129
1767174477.5982382,-1,2,-130
1767174477.6082382,0,-2,-135
1767174477.6182382,-1,1,-133
1767174477.6282382,-3,2,-125
1767174477.6382382,-5,1,-123
1767174477.6482382,0,0,-128
1767174477.6582382,-2,-2,-128
1767174477.6682382,2,4,-128
1767174477.6782382,1,4,-133
1767174477.688238,-1,2,-131
1767174477.698238,-2,1,-127
1767174477.708238,-2,0,-126
1767174477.718238,0,-1,-125
1767174477.728238,2,0,-126
1767174477.738238,-1,6,-121
1767174477.748238,-1,4,-123
1767174477.758238,-1,5,-126
1767174477.768238,-2,3,-129
1767174477.778238,-2,-2,-127
1767174477.788238,-3,-5,-125
1767174477.798238,1,-10,-127
1767174477.8082385,1,-7,-127
1767174477.8182385,-2,-6,-130
1767174477.8282382,-3,-5,-130
1767174477.8382382,0,-3,-128
1767174477.8482382,0,-7,-131
1767174477.8582382,4,-6,-126
1767174477.8682382,5,-9,-121
1767174477.8782382,5,-8,-121
1767174477.8882382,5,-2,-118
1767174477.8982382,5,0,-112
1767174477.9082382,3,-2,-113
1767174477.9182382,4,-3,-112
1767174477.9282382,2,2,-106
1767174477.938238,3,0,-113
1767174477.948238,4,2,-124
1767174477.958238,5,0,-125
1767174477.968238,7,2,-124
1767174477.978238,6,-4,-131
1767174477.988238,3,-6,-125
1767174477.998238,3,-1,-126
1767174478.008238,3,-1,-135
1767174478.018238,5,-3,-134
1767174478.028238,0,-2,-132
1767174478.038238,-2,-4,-125
1767174478.048238,-4,0,-123
1767174478.0582385,-5,-3,-121
1767174478.0682385,-5,-7,-117
1767174478.0782382,-2,-7,-119
1767174478.0882382,-2,0,-118
1767174478.0982382,-1,6,-120
1767174478.1082382,-4,5,-117
1767174478.1182382,-4,4,-112
1767174478.1282382,0,3,-110
1767174478.1382382,7,0,-109
1767174478.1482382,8,1,-116
1767174478.1582382,4,0,-126
1767174478.1682382,3,-2,-129
1767174478.1782382,-1,-9,-127
1767174478.188238,0,-9,-128
1767174478.198238,-2,-7,-127
1767174478.208238,-7,-3,-129
1767174478.218238,-11,-1,-128
1767174478.228238,-11,0,-127
1767174478.238238,-9,-3,-131
1767174478.248238,-9,-1,-126
1767174478.258238,-10,-1,-131
1767174478.2802382,-6,-1,-131
1767174478.2892382,-7,-5,-132
1767174478.2992382,-7,-6,-132
1767174478.3082385,-6,-8,-133
1767174478.3192382,-3,-8,-134
1767174478.3292382,0,-9,-130
1767174478.3392382,3,-9,-133
1767174478.3492382,6,-7,-131
1767174478.359238,6,-4,-124
1767174478.369238,3,-6,-119
1767174478.379238,4,-3,-128
1767174478.389238,4,-2,-125
1767174478.399238,2,-3,-119
1767174478.409238,1,-3,-113
1767174478.419238,0,-3,-111
1767174478.429238,0,-1,-117
1767174478.439238,-7,0,-118
1767174478.449238,-9,-1,-117
1767174478.459238,-3,-4,-113
1767174478.469238,-4,-1,-108
1767174478.4792385,-6,-3,-119
1767174478.4892385,-3,-3,-123
1767174478.4992385,-2,-7,-121
1767174478.5092382,0,-6,-119
1767174478.5192382,0,-2,-114
1767174478.5292382,5,-4,-107
1767174478.5392382,0,-8,-105
1767174478.5492382,5,-4,-109
1767174478.5592382,5,-7,-106
1767174478.5692382,2,-6,-108
1767174478.5792382,-1,-8,-110
1767174478.5892382,-2,-10,-113
1767174478.5992382,-1,-13,-113
1767174478.609238,-1,-10,-111
1767174478.619238,0,-6,-115
1767174478.629238,1,-4,-126
1767174478.639238,2,-10,-125
1767174478.649238,2,-8,-125
1767174478.659238,1,-10,-118
1767174478.669238,-1,-4,-119
1767174478.679238,-4,0,-120
1767174478.689238,-9,0,-126
1767174478.699238,-6,0,-122
1767174478.709238,-4,-2,-116
1767174478.719238,-3,-5,-119
1767174478.7292385,0,-2,-112
1767174478.7392385,0,-4,-115
1767174478.7492385,0,0,-121
1767174478.7592382,2,-1,-121
1767174478.7692382,0,-3,-121
1767174478.7792382,0,0,-122
1767174478.7892382,-1,-1,-119
1767174478.7992382,0,-2,-113
1767174478.8092382,4,0,-124
1767174478.8192382,0,-3,-122
1767174478.8292382,0,-2,-125
1767174478.8392382,2,-4,-128
1767174478.8492382,1,-5,-128
1767174478.859238,0,-3,-125
1767174478.869238,0,-2,-122
1767174478.879238,-1,-7,-123
1767174478.889238,1,-6,-129
1767174478.899238,0,-4,-130
1767174478.909238,-4,-1,-124
1767174478.919238,-3,-1,-122
1767174478.929238,-3,-1,-122
1767174478.939238,0,-3,-121
1767174478.949238,0,-3,-118
1767174478.959238,4,0,-116
1767174478.969238,1,-1,-115
1767174478.9792385,0,-1,-117
1767174478.9892385,-1,-8,-121
1767174478.9992385,-2,-9,-116
1767174479.0092382,-2,-12,-122
1767174479.0192382,-3,-12,-117
1767174479.0292382,-3,-8,-116
1767174479.0392382,-1,-3,-115
1767174479.0492382,-1,-1,-122
1767174479.0592382,-1,3,-121
1767174479.0692382,1,0,-126
1767174479.0792382,6,-4,-124
1767174479.0892382,1,-2,-123
1767174479.0992382,1,1,-118
1767174479.109238,-2,3,-116
1767174479.119238,-3,2,-119
1767174479.129238,-6,0,-121
1767174479.139238,-7,0,-121
1767174479.149238,-6,6,-120
1767174479.159238,-7,8,-116
1767174479.169238,-9,5,-120
1767174479.179238,-8,1,-123
1767174479.189238,1,-2,-126
1767174479.199238,1,0,-120
1767174479.209238,2,-1,-119
1767174479.219238,4,0,-116
1767174479.2292385,5,-3,-112
1767174479.2392385,2,0,-110
1767174479.2492385,1,0,-108
1767174479.2592382,0,-2,-112
1767174479.2692382,2,-5,-116
1767174479.2792382,-1,-3,-117
1767174479.2892382,-3,-3,-121
1767174479.2992382,-3,-4,-117
1767174479.3092382,0,-3,-119
1767174479.3192382,2,0,-121
1767174479.3292382,2,4,-126
1767174479.3392382,6,3,-121
1767174479.3492382,6,4,-119
1767174479.359238,4,2,-118
1767174479.369238,2,0,-124
1767174479.379238,1,0,-128
1767174479.389238,0,1,-128
1767174479.399238,0,2,-134
1767174479.409238,3,3,-134
1767174479.419238,1,2,-128
1767174479.429238,-2,3,-135
1767174479.439238,-3,2,-140
1767174479.449238,-5,-1,-136
1767174479.459238,-1,0,-126
1767174479.469238,1,-1,-122
1767174479.4792385,3,-2,-125
1767174479.4892385,1,0,-128
1767174479.4992385,0,-1,-124
1767174479.5092382,0,-2,-128
1767174479.5192382,-5,-5,-128
1767174479.5292382,0,-5,-128
1767174479.5392382,0,-2,-127
1767174479.5492382,0,-2,-130
1767174479.5592382,6,-6,-130
1767174479.5692382,2,-8,-128
1767174479.5792382,3,-8,-134
1767174479.5892382,0,-8,-128
1767174479.5992382,1,-10,-127
1767174479.609238,-2,-8,-121
1767174479.619238,3,-7,-125
1767174479.629238,3,-8,-124
1767174479.639238,0,-9,-125
1767174479.649238,1,-7,-126
1767174479.659238,1,-4,-122
1767174479.669238,1,0,-121
1767174479.679238,-3,0,-123
1767174479.689238,0,1,-116
1767174479.699238,-1,0,-116
1767174479.709238,-2,-1,-119
1767174479.719238,0,-5,-117
1767174479.7292385,0,-1,-119
1767174479.7392385,0,2,-116
1767174479.7492385,-5,7,-118
1767174479.7592382,-6,5,-115
1767174479.7692382,-5,8,-123
1767174479.7792382,-4,6,-121
1767174479.7892382,-7,5,-113
1767174479.7992382,-6,3,-114
1767174479.8092382,-6,3,-116
1767174479.8192382,-2,0,-117
1767174479.8292382,-2,1,-118
1767174479.8392382,-3,0,-112
1767174479.8492382,-3,-3,-113
1767174479.859238,-1,-2,-115
1767174479.869238,0,0,-119
1767174479.879238,1,0,-119
1767174479.889238,1,-1,-118
1767174479.899238,0,-1,-120
1767174479.909238,-1,-1,-118
1767174479.919238,6,-4,-121
1767174479.929238,6,0,-121
1767174479.939238,8,2,-122
1767174479.949238,10,1,-124
1767174479.959238,9,0,-119
1767174479.969238,9,0,-115
1767174479.9792385,5,1,-118
1767174479.9892385,0,0,-121
1767174479.9992385,-3,-3,-119
1767174480.0092382,0,-1,-125
1767174480.0192382,-2,-3,-128
1767174480.0292382,-1,0,-120
1767174480.0392382,1,0,-122
1767174480.0492382,1,-4,-119
1767174480.0592382,1,-1,-114
1767174480.0692382,-2,-2,-117
1767174480.0792382,-1,0,-125
1767174480.0892382,-1,-4,-128
1767174480.0992382,-8,-7,-131
1767174480.109238,-6,-6,-135
1767174480.119238,-1,0,-138
1767174480.129238,0,0,-139
1767174480.139238,1,-1,-135
1767174480.149238,-1,0,-125
1767174480.159238,0,2,-125
1767174480.169238,1,0,-126
1767174480.179238,-2,-1,-122
1767174480.189238,-3,-3,-120
1767174480.199238,-2,-6,-130
1767174480.209238,-5,-3,-126
1767174480.219238,-2,-2,-125
1767174480.2292385,1,0,-120
1767174480.2392385,4,1,-111
1767174480.2492385,0,0,-109
1767174480.2592382,0,-2,-112
1767174480.2692382,0,-5,-110
1767174480.2792382,-2,-7,-108
1767174480.2892382,0,0,-115
1767174480.2992382,2,-1,-121
1767174480.3092382,6,0,-126
1767174480.3192382,4,-1,-131
1767174480.3292382,7,1,-128
1767174480.3392382,6,0,-124
1767174480.3492382,-2,-4,-126
1767174480.359238,-4,-1,-126
1767174480.369238,-5,1,-125
1767174480.379238,-4,-2,-123
1767174480.389238,-3,-3,-125
1767174480.399238,-1,-1,-125
1767174480.409238,2,-1,-129
1767174480.419238,3,-3,-131
1767174480.429238,-2,1,-121
1767174480.439238,-4,0,-117
1767174480.449238,-4,5,-118
1767174480.459238,1,2,-119
1767174480.469238,3,6,-119
1767174480.4792385,6,5,-116
1767174480.4892385,7,1,-121
1767174480.4992385,9,-1,-120
1767174480.5092382,6,0,-120
1767174480.5192382,5,0,-127
1767174480.5292382,9,3,-129
1767174480.5392382,4,2,-119
1767174480.5492382,8,0,-113
1767174480.5592382,8,-2,-113
1767174480.5692382,2,-1,-113
1767174480.5792382,6,0,-116
1767174480.5892382,4,0,-116
1767174480.5992382,5,-2,-116
1767174480.609238,-1,-4,-110
1767174480.619238,-4,-2,-108
1767174480.629238,-3,-3,-112
1767174480.639238,-2,-5,-115
1767174480.649238,-7,-4,-111
1767174480.659238,-7,-3,-111
1767174480.669238,-2,-3,-110
1767174480.679238,2,-5,-114
1767174480.689238,6,-3,-116
1767174480.699238,6,-3,-112
1767174480.709238,1,-5,-120
1767174480.719238,2,-1,-126
1767174480.7292385,1,-2,-125
1767174480.7392385,0,-1,-115
1767174480.7492385,1,3,-114
1767174480.7592382,0,0,-122
1767174480.7692382,2,-4,-127
1767174480.7792382,2,0,-125
1767174480.7892382,4,-1,-124
1767174480.7992382,5,0,-123
1767174480.8092382,3,0,-122
1767174480.8192382,4,0,-126
1767174480.8292382,3,-1,-124
1767174480.8392382,0,0,-125
1767174480.8492382,2,-2,-135
1767174480.859238,3,-1,-139
1767174480.869238,0,-1,-147
1767174480.879238,1,0,-137
1767174480.889238,3,0,-126
1767174480.899238,4,-1,-126
1767174480.909238,9,-4,-129
1767174480.9202385,7,-5,-126
1767174480.9302382,7,-3,-129
1767174480.9402382,5,-1,-129
1767174480.9502382,5,0,-132
1767174480.9602382,3,0,-129
1767174480.9702382,1,3,-127
1767174480.9802382,0,2,-128
1767174480.9902382,-7,4,-121
1767174481.0002382,-7,2,-119
1767174481.0102382,-5,3,-117
1767174481.0202382,-7,0,-115
1767174481.0302382,-6,-3,-116
1767174481.040238,-7,-8,-120
1767174481.050238,-1,-6,-123
1767174481.060238,-1,-7,-127
1767174481.070238,-1,-5,-123
1767174481.080238,1,-3,-123
1767174481.090238,-4,-2,-125
1767174481.100238,-4,-3,-127
1767174481.110238,-3,-5,-121
1767174481.120238,-4,-5,-120
1767174481.130238,1,-7,-117
1767174481.140238,0,-8,-120
1767174481.150238,-2,-6,-119
1767174481.1602385,-5,-8,-117
1767174481.1702385,-5,-8,-114
1767174481.1802382,-2,-6,-114
1767174481.1902382,0,-5,-117
1767174481.2002382,-2,-3,-118
1767174481.2102382,-1,1,-123
1767174481.2202382,0,5,-127
1767174481.2302382,2,3,-129
1767174481.2402382,3,1,-134
1767174481.2502382,5,1,-130
1767174481.2602382,1,-3,-128
1767174481.2702382,1,-2,-121
1767174481.2802382,0,-2,-119
1767174481.290238,1,-2,-120
1767174481.300238,1,2,-121
1767174481.310238,0,1,-119
1767174481.320238,-5,-1,-116
1767174481.330238,-6,1,-116
1767174481.340238,0,1,-112
1767174481.350238,2,-2,-113
1767174481.360238,3,-1,-111
1767174481.370238,1,-1,-115
1767174481.380238,-1,-3,-120
1767174481.390238,3,-5,-125
1767174481.400238,0,-2,-128
1767174481.4102385,-2,-4,-122
1767174481.4202385,-6,-4,-130
1767174481.4302382,-7,-8,-130
1767174481.4402382,-5,-8,-127
1767174481.4502382,-5,-11,-127
1767174481.4602382,0,-10,-132
1767174481.4702382,3,-9,-131
1767174481.4802382,3,-12,-126
1767174481.4902382,5,-9,-120
1767174481.5002382,6,-9,-119
1767174481.5102382,5,-6,-120
1767174481.5202382,3,-6,-126
1767174481.5302382,-1,-4,-128
1767174481.540238,-6,-4,-126
1767174481.550238,-4,-6,-119
1767174481.560238,-4,-5,-113
1767174481.570238,1,-2,-117
1767174481.580238,2,-1,-122
1767174481.590238,0,-7,-122
1767174481.600238,4,-6,-126
1767174481.610238,2,-6,-125
1767174481.620238,-2,-5,-124
1767174481.630238,-3,-4,-127
1767174481.640238,-3,-1,-124
1767174481.650238,-1,0,-120
1767174481.6602385,-1,1,-120
1767174481.6702385,0,3,-125
1767174481.6802382,-1,2,-132
1767174481.6902382,0,2,-133
1767174481.7002382,-2,3,-126
1767174481.7102382,-6,1,-132
1767174481.7202382,-7,-3,-135
1767174481.7302382,-6,-6,-130
1767174481.7402382,-3,-5,-128
1767174481.7502382,-5,-6,-123
1767174481.7602382,-4,-2,-123
1767174481.7702382,-5,-1,-125
1767174481.7802382,-4,-3,-118
1767174481.790238,-6,-4,-121
1767174481.800238,-6,0,-122
1767174481.810238,-4,4,-120
1767174481.820238,-4,6,-116
1767174481.830238,-5,4,-121
1767174481.840238,-9,4,-123
1767174481.850238,-5,1,-115
1767174481.860238,-9,-2,-124
1767174481.870238,-8,-1,-124
1767174481.880238,-5,1,-127
1767174481.890238,-8,2,-124
1767174481.900238,-7,1,-122
1767174481.9102385,-5,3,-119
1767174481.9202385,0,2,-126
1767174481.9302382,0,0,-116
1767174481.9402382,-4,0,-125
1767174481.9502382,-3,3,-126
1767174481.9602382,-4,4,-120
1767174481.9702382,-4,2,-117
1767174481.9802382,-5,1,-114
1767174481.9902382,-3,3,-115
1767174482.0002382,4,1,-117
1767174482.0102382,4,1,-115
1767174482.0202382,2,1,-118
1767174482.0302382,1,-2,-119
1767174482.040238,4,-4,-122
1767174482.050238,5,0,-118
1767174482.060238,3,-5,-118
1767174482.070238,1,-4,-121
1767174482.080238,1,0,-116
1767174482.090238,2,3,-119
1767174482.100238,1,8,-118
1767174482.110238,-6,8,-120
1767174482.120238,-8,3,-117
1767174482.130238,-7,-2,-116
1767174482.140238,-8,-5,-114
1767174482.150238,-3,-6,-107
1767174482.1602385,-5,-8,-108
1767174482.1702385,-5,-13,-108
1767174482.1802382,-5,-11,-109
1767174482.1902382,-4,-9,-110
1767174482.2002382,-1,-14,-117
1767174482.2102382,0,-12,-120
1767174482.2202382,1,-12,-121
1767174482.2302382,3,-9,-121
1767174482.2402382,0,-4,-117
1767174482.2502382,2,-2,-116
1767174482.2602382,4,0,-116
1767174482.2702382,3,0,-118
1767174482.2802382,2,-3,-124
1767174482.290238,0,0,-126
1767174482.300238,0,-1,-119
1767174482.310238,-4,-1,-119
1767174482.320238,-7,-2,-119
1767174482.330238,-3,1,-119
1767174482.340238,1,3,-124
1767174482.350238,0,2,-123
1767174482.360238,-2,3,-122
1767174482.370238,-5,2,-124
1767174482.380238,-10,2,-121
1767174482.390238,-8,3,-134
1767174482.400238,-5,2,-128
1767174482.4102385,1,0,-120
1767174482.4202385,1,-1,-118
1767174482.4302382,2,-4,-117
1767174482.4402382,-1,-5,-120
1767174482.4502382,2,-4,-127
1767174482.4602382,1,-7,-127
1767174482.4702382,3,-7,-124
1767174482.4802382,3,-9,-124
1767174482.4902382,2,-10,-132
1767174482.5002382,-2,-8,-133
1767174482.5102382,-5,-7,-139
1767174482.5202382,-6,-3,-133
1767174482.5302382,-5,-2,-127
1767174482.540238,-4,-1,-126
1767174482.550238,-1,-6,-125
1767174482.560238,1,-6,-123
1767174482.570238,0,-3,-128
1767174482.580238,0,0,-130
1767174482.590238,1,0,-131
1767174482.600238,2,2,-132
1767174482.610238,0,4,-136
1767174482.620238,3,2,-135
1767174482.630238,3,2,-127
1767174482.640238,3,1,-122
1767174482.650238,1,0,-119
1767174482.6602385,0,0,-122
1767174482.6702385,0,2,-119
1767174482.6802382,2,-1,-113
1767174482.6902382,-2,-2,-115
1767174482.7002382,-8,-3,-117
1767174482.7102382,-6,-1,-119
1767174482.7202382,-2,-3,-125
1767174482.7302382,4,-5,-121
1767174482.7402382,3,-3,-118
1767174482.7502382,1,-2,-116
1767174482.7602382,-1,-3,-119
1767174482.7702382,2,-4,-123
1767174482.7802382,3,-5,-123
1767174482.790238,0,-8,-122
1767174482.800238,2,-7,-124
1767174482.810238,5,-5,-123
1767174482.820238,6,-6,-118
1767174482.830238,4,-4,-119
1767174482.840238,2,-5,-120
1767174482.850238,2,-7,-121
1767174482.860238,-1,-7,-116
1767174482.870238,1,-9,-114
1767174482.880238,3,-9,-122
1767174482.890238,-3,-9,-119
1767174482.900238,-2,-10,-116
1767174482.9102385,0,-8,-123
1767174482.9202385,0,-8,-123
1767174482.9302382,-1,-3,-128
1767174482.9402382,0,-3,-129
1767174482.9502382,-1,-5,-121
1767174482.9602382,1,-7,-123
1767174482.9702382,0,-6,-122
1767174482.9802382,0,-10,-130
1767174482.9902382,2,-8,-133
1767174483.0002382,1,-5,-127
1767174483.0102382,2,-4,-123
1767174483.0202382,3,-3,-123
1767174483.0302382,4,-2,-124
1767174483.040238,1,-3,-128
1767174483.050238,-3,-4,-129
1767174483.060238,-1,-6,-130
1767174483.070238,-3,-4,-129
1767174483.080238,-3,-5,-130
1767174483.090238,-6,-4,-131
1767174483.100238,-4,-4,-123
1767174483.110238,-1,-3,-120
1767174483.120238,-2,-3,-124
1767174483.130238,-4,-3,-120
1767174483.140238,-7,-4,-128
1767174483.150238,-6,-3,-122
1767174483.1602385,-7,2,-120
1767174483.1702385,-6,5,-118
1767174483.1802382,-7,4,-119
1767174483.1902382,-5,3,-127
1767174483.2002382,-5,2,-126
1767174483.2102382,-4,5,-126
1767174483.2202382,-4,4,-127
1767174483.2302382,0,0,-123
1767174483.2402382,0,-2,-118
1767174483.2502382,3,-6,-122
1767174483.2602382,0,-2,-121
1767174483.2702382,-2,1,-117
1767174483.291238,-4,0,-122
1767174483.300238,-2,0,-131
1767174483.310238,-1,0,-135
1767174483.320238,0,-4,-129
1767174483.330238,0,-1,-125
1767174483.340238,-2,-1,-130
1767174483.350238,-1,0,-134
1767174483.360238,0,0,-127
1767174483.370238,0,-1,-126
1767174483.380238,1,-1,-123
1767174483.390238,7,0,-118
1767174483.400238,5,3,-115
1767174483.4102385,5,1,-121
1767174483.4202385,4,1,-122
1767174483.4302382,4,3,-124
1767174483.4402382,2,1,-121
1767174483.4502382,4,2,-122
1767174483.4602382,2,1,-131
1767174483.4702382,1,1,-131
1767174483.4802382,1,0,-129
1767174483.4902382,0,1,-132
1767174483.5002382,0,4,-134
1767174483.5102382,0,3,-127
1767174483.5202382,0,1,-123
1767174483.5302382,1,0,-125
1767174483.540238,6,1,-132
1767174483.550238,5,-3,-131
1767174483.560238,3,-3,-126
1767174483.570238,-2,-5,-125
1767174483.5812385,-4,-7,-129
1767174483.590238,-5,-3,-125
1767174483.6012385,-5,-2,-123
1767174483.6112382,0,-1,-122
1767174483.6212382,2,0,-122
1767174483.6312382,4,1,-121
1767174483.6412382,3,0,-126
1767174483.6512382,-4,-2,-119
1767174483.6612382,-4,-4,-106
1767174483.6712382,-2,-9,-108
1767174483.6812382,0,-7,-105
1767174483.6912382,0,-1,-109
1767174483.7012382,1,-2,-104
1767174483.711238,-1,0,-98
1767174483.721238,-4,-1,-106
1767174483.731238,-3,-1,-120
1767174483.741238,0,-1,-120
1767174483.751238,0,-1,-116
1767174483.761238,-5,1,-110
1767174483.771238,-3,1,-115
1767174483.781238,-2,3,-111
1767174483.791238,-5,3,-120
1767174483.801238,-5,0,-123
1767174483.811238,-1,-2,-114
1767174483.821238,0,0,-114
1767174483.8312385,3,0,-117
1767174483.8412385,0,0,-113
1767174483.8512385,0,-3,-114
1767174483.8612382,-4,-3,-116
1767174483.8712382,-1,-5,-113
1767174483.8812382,0,0,-115
1767174483.8912382,0,1,-117
1767174483.9012382,0,5,-119
1767174483.9112382,4,4,-121
1767174483.9212382,2,5,-117
1767174483.9312382,2,6,-119
1767174483.9412382,2,5,-125
1767174483.9512382,4,6,-121
1767174483.961238,3,5,-114
1767174483.971238,5,6,-117
1767174483.981238,4,9,-122
1767174483.991238,4,5,-123
1767174484.001238,7,0,-124
1767174484.011238,6,-4,-125
1767174484.021238,6,-2,-124
1767174484.031238,8,-2,-122
1767174484.041238,7,-2,-120
1767174484.051238,0,-4,-122
1767174484.061238,0,-3,-126
1767174484.071238,3,-3,-126
1767174484.0812385,-1,-1,-127
1767174484.0912385,0,3,-131
1767174484.1022382,-2,0,-129
1767174484.1112382,-2,3,-128
1767174484.1212382,-5,7,-124
1767174484.1312382,-1,1,-125
1767174484.1412382,-2,0,-124
1767174484.1512382,0,2,-121
1767174484.1612382,-2,3,-125
1767174484.1712382,-1,1,-123
1767174484.1812382,0,1,-124
1767174484.1912382,1,0,-115
1767174484.2012382,3,-3,-113
1767174484.211238,0,-5,-114
1767174484.221238,-3,-9,-115
1767174484.231238,-7,-6,-125
1767174484.241238,-7,-2,-126
1767174484.251238,-1,0,-125
1767174484.261238,1,0,-122
1767174484.271238,-1,0,-125
1767174484.281238,-2,0,-123
1767174484.291238,0,2,-121
1767174484.301238,-4,2,-127
1767174484.311238,-4,4,-123
1767174484.321238,0,3,-123
1767174484.3312385,0,2,-127
1767174484.3412385,1,2,-122
1767174484.3512385,1,2,-122
1767174484.3612382,3,1,-115
1767174484.3712382,5,0,-112
1767174484.3812382,5,0,-121
1767174484.3912382,8,-1,-125
1767174484.4012382,9,0,-122
1767174484.4112382,5,0,-127
1767174484.4212382,6,0,-131
1767174484.4312382,6,-2,-126
1767174484.4412382,3,-1,-124
1767174484.4512382,-1,-1,-125
1767174484.461238,3,-5,-128
1767174484.471238,2,-6,-125
1767174484.481238,3,-6,-123
1767174484.491238,4,-6,-124
1767174484.501238,3,-3,-117
1767174484.511238,3,-5,-120
1767174484.521238,4,-5,-125
1767174484.531238,5,-8,-126
1767174484.541238,8,-8,-127
1767174484.551238,7,-9,-120
1767174484.561238,8,-10,-112
1767174484.571238,9,-11,-117
1767174484.5812385,10,-4,-122
1767174484.5912385,5,-4,-122
1767174484.6012385,2,-2,-126
1767174484.6112382,1,-6,-120
1767174484.6212382,3,-4,-120
1767174484.6312382,8,-4,-117
1767174484.6412382,6,-6,-112
1767174484.6512382,0,-7,-113
1767174484.6612382,0,-4,-117
1767174484.6712382,2,-2,-123
1767174484.6812382,5,-1,-126
1767174484.6912382,4,-1,-122
1767174484.7012382,4,-1,-121
1767174484.711238,5,1,-116
1767174484.721238,0,-3,-115
1767174484.731238,0,-5,-119
1767174484.741238,5,-1,-118
1767174484.751238,6,-4,-111
1767174484.761238,6,-6,-113
1767174484.771238,6,-6,-116
1767174484.781238,0,-3,-119
1767174484.791238,-4,2,-123
1767174484.801238,-4,7,-122
1767174484.811238,-1,7,-113
1767174484.821238,-3,5,-117
1767174484.8312385,-1,3,-114
1767174484.8412385,-4,2,-108
1767174484.8512385,-5,2,-109
1767174484.8612382,0,2,-107
1767174484.8712382,-5,0,-106
1767174484.8812382,-7,0,-110
1767174484.8912382,-8,0,-115
1767174484.9012382,-8,2,-115
1767174484.9112382,-5,0,-118
1767174484.9212382,-5,0,-120
1767174484.9312382,-1,-1,-122
1767174484.9412382,-8,0,-120
1767174484.9512382,-10,0,-120
1767174484.961238,-10,3,-122
1767174484.971238,-12,3,-123
1767174484.981238,-12,5,-125
1767174484.991238,-13,7,-127
1767174485.001238,-7,5,-124
1767174485.011238,-3,4,-128
1767174485.021238,-4,2,-130
1767174485.031238,-4,0,-128
1767174485.041238,0,0,-123
1767174485.051238,2,0,-125
1767174485.061238,-2,-4,-123
1767174485.071238,-1,-4,-122
1767174485.0812385,0,-4,-121
1767174485.0912385,2,-1,-119
1767174485.1012385,2,-3,-118
1767174485.1112382,2,-3,-118
1767174485.1212382,4,-6,-120
1767174485.1312382,0,-7,-117
1767174485.1412382,1,-3,-116
1767174485.1512382,0,1,-115
1767174485.1612382,1,0,-123
1767174485.1712382,1,-1,-127
1767174485.1812382,-3,0,-123
1767174485.1912382,-7,-2,-120
1767174485.2012382,-8,2,-124
1767174485.211238,-3,0,-125
1767174485.221238,-5,-2,-126
1767174485.231238,-4,-7,-121
1767174485.241238,-3,-8,-121
1767174485.251238,-3,-6,-123
1767174485.261238,-3,-10,-122
1767174485.271238,0,-12,-114
1767174485.281238,0,-7,-113
1767174485.291238,-1,-4,-109
1767174485.301238,2,0,-107
1767174485.311238,6,0,-114
1767174485.321238,5,-3,-119
1767174485.3312385,2,0,-120
1767174485.3412385,2,2,-123
1767174485.3512385,0,4,-127
1767174485.3612382,1,-2,-128
1767174485.3712382,4,-4,-126
1767174485.3812382,3,-3,-125
1767174485.3912382,2,-3,-131
1767174485.4012382,5,0,-126
1767174485.4112382,5,0,-132
1767174485.4212382,-1,-2,-124
1767174485.4312382,0,1,-127
1767174485.4412382,6,0,-129
1767174485.4512382,2,-2,-129
1767174485.461238,0,-1,-126
1767174485.471238,-1,0,-124
1767174485.481238,-4,1,-126
1767174485.491238,-1,0,-131
1767174485.501238,0,0,-131
1767174485.511238,2,-1,-130
1767174485.521238,-2,0,-127
1767174485.531238,-6,-2,-130
1767174485.541238,-2,-4,-129
1767174485.551238,-5,0,-129
1767174485.561238,-7,0,-128
1767174485.571238,-1,2,-131
1767174485.5812385,-1,-3,-127
1767174485.5912385,-2,-5,-131
1767174485.6012385,5,-3,-125
1767174485.6112382,4,-3,-121
1767174485.6212382,1,-2,-121
1767174485.6312382,0,2,-120
1767174485.6412382,2,1,-117
1767174485.6512382,4,4,-119
1767174485.6612382,2,1,-117
1767174485.6712382,0,0,-129
1767174485.6812382,-5,-4,-130
1767174485.6912382,-7,-2,-128
1767174485.7012382,-6,-4,-126
1767174485.711238,-6,-4,-122
1767174485.721238,-7,-7,-120
1767174485.731238,-6,-5,-120
1767174485.741238,-8,-9,-119
1767174485.751238,-8,-7,-120
1767174485.761238,-3,-7,-122
1767174485.771238,3,-5,-122
1767174485.781238,1,-5,-123
1767174485.791238,-1,-3,-123
1767174485.801238,1,0,-117
1767174485.811238,-1,3,-116
1767174485.821238,0,-1,-114
1767174485.8312385,4,-1,-114
1767174485.8412385,3,-2,-111
1767174485.8512385,0,-3,-111
1767174485.8612382,2,-2,-110
1767174485.8712382,4,-2,-115
1767174485.8812382,6,-5,-111
1767174485.8912382,3,0,-114
1767174485.9012382,4,5,-111
1767174485.9112382,0,2,-111
1767174485.9212382,-4,-3,-108
1767174485.9312382,-3,0,-108
1767174485.9412382,0,1,-111
1767174485.9512382,-3,0,-111
1767174485.961238,1,0,-117
1767174485.971238,-1,1,-122
1767174485.981238,-6,0,-122
1767174485.991238,-7,-2,-124
1767174486.001238,-9,-1,-131
1767174486.011238,-8,-3,-132
1767174486.021238,-5,-2,-126
1767174486.031238,-4,-3,-121
1767174486.041238,-7,-4,-123
1767174486.051238,-7,-4,-127
1767174486.061238,-6,-2,-133
1767174486.071238,-3,-1,-131
1767174486.0812385,-3,-3,-134
1767174486.0912385,-6,-3,-136
1767174486.1012385,-3,-2,-129
1767174486.1112382,-2,-4,-125
1767174486.1212382,-4,-9,-132
1767174486.1312382,-2,-4,-131
1767174486.1412382,0,-1,-124
1767174486.1512382,3,-2,-126
1767174486.1612382,5,-4,-121
1767174486.1712382,4,-4,-117
1767174486.1812382,7,-7,-118
1767174486.1912382,5,0,-121
1767174486.2012382,2,1,-121
1767174486.211238,3,0,-120
1767174486.222238,1,-6,-122
1767174486.232238,2,-6,-122
1767174486.242238,6,-2,-121
1767174486.252238,8,-2,-121
1767174486.2622385,11,-5,-127
1767174486.2722385,7,0,-127
1767174486.2822382,6,3,-128
1767174486.2922382,6,1,-125
1767174486.3022382,9,-1,-129
1767174486.3122382,3,-2,-124
1767174486.3222382,-3,-4,-124
1767174486.3322382,-2,-3,-119
1767174486.3422382,0,-5,-125
1767174486.3522382,0,-8,-130
1767174486.3622382,0,-7,-125
1767174486.3722382,2,-2,-123
1767174486.382238,3,-5,-127
1767174486.392238,0,-5,-126
1767174486.402238,1,-4,-120
1767174486.412238,-1,-6,-121
1767174486.422238,-2,-2,-120
1767174486.432238,-4,-4,-118
1767174486.442238,-5,-5,-121
1767174486.452238,-9,0,-123
1767174486.462238,-9,-1,-128
1767174486.472238,-10,5,-128
1767174486.482238,-9,4,-126
1767174486.492238,-3,5,-121
1767174486.502238,0,0,-121
1767174486.5122385,-2,1,-122
1767174486.5222385,0,1,-118
1767174486.5322382,3,-3,-115
1767174486.5422382,4,-4,-115
1767174486.5522382,5,-3,-112
1767174486.5622382,1,-2,-109
1767174486.5722382,-1,-5,-110
1767174486.5822382,0,-3,-113
1767174486.5922382,0,-2,-118
1767174486.6022382,-4,-1,-130
1767174486.6122382,-9,0,-132
1767174486.6222382,-7,-2,-135
1767174486.632238,-7,-4,-132
1767174486.642238,-4,0,-129
1767174486.652238,-7,-1,-128
1767174486.662238,-6,0,-134
1767174486.672238,-6,1,-131
1767174486.682238,-8,-2,-132
1767174486.692238,-7,1,-128
1767174486.702238,0,0,-129
1767174486.712238,0,0,-128
1767174486.722238,1,0,-126
1767174486.732238,2,1,-120
1767174486.742238,-1,0,-125
1767174486.752238,-1,0,-129
1767174486.7622385,-2,0,-129
1767174486.7722385,-2,0,-127
1767174486.7822382,-5,-2,-124
1767174486.7922382,-2,-3,-124
1767174486.8022382,-6,2,-120
1767174486.8122382,-9,4,-122
1767174486.8222382,-4,0,-122
1767174486.8322382,-2,-3,-126
1767174486.8422382,2,-9,-120
1767174486.8522382,3,-4,-123
1767174486.8622382,0,-2,-124
1767174486.8722382,0,1,-120
1767174486.882238,2,0,-120
1767174486.892238,-1,-3,-129
1767174486.902238,0,1,-131
1767174486.912238,2,0,-130
1767174486.922238,1,0,-130
1767174486.932238,0,0,-124
1767174486.942238,0,0,-122
1767174486.952238,1,-1,-127
1767174486.962238,5,-5,-132
1767174486.972238,8,-7,-126
1767174486.982238,1,-3,-117
1767174486.992238,-4,-2,-120
1767174487.002238,-2,-1,-129
1767174487.0122385,0,2,-127
1767174487.0222385,1,1,-129
1767174487.0322382,4,-1,-127
1767174487.0422382,6,-5,-120
1767174487.0522382,6,-7,-121
1767174487.0622382,2,-4,-123
1767174487.0722382,0,-1,-125
1767174487.0822382,3,-1,-124
1767174487.0922382,-2,-5,-121
1767174487.1022382,1,-6,-121
1767174487.1122382,4,-5,-125
1767174487.1222382,0,-7,-128
1767174487.132238,-2,-4,-125
1767174487.142238,-2,-3,-122
1767174487.152238,-3,-4,-127
1767174487.162238,0,0,-122
1767174487.172238,0,1,-118
1767174487.182238,5,-2,-117
1767174487.192238,2,0,-118
1767174487.202238,0,0,-114
1767174487.212238,2,-2,-116
1767174487.222238,5,-5,-120
1767174487.232238,7,-3,-122
1767174487.242238,7,0,-129
1767174487.252238,6,4,-120
1767174487.2622385,1,0,-120
1767174487.2722385,-4,-2,-121
1767174487.2822382,-4,0,-127
1767174487.2922382,-5,0,-123
1767174487.3022382,-6,-2,-121
1767174487.3122382,-3,-1,-118
1767174487.3222382,0,0,-116
1767174487.3322382,3,0,-114
1767174487.3422382,3,-2,-115
1767174487.3522382,-1,4,-118
1767174487.3622382,0,4,-116
1767174487.3722382,3,0,-116
1767174487.382238,3,0,-117
1767174487.392238,6,-2,-120
1767174487.402238,3,-2,-120
1767174487.412238,4,-4,-121
1767174487.422238,3,-2,-117
1767174487.432238,3,0,-113
1767174487.442238,3,0,-114
1767174487.452238,1,2,-113
1767174487.462238,5,3,-118
1767174487.472238,6,1,-124
1767174487.482238,3,-1,-124
1767174487.492238,2,-3,-120
1767174487.502238,2,-7,-119
1767174487.5122385,0,-6,-121
1767174487.5222385,0,-6,-119
1767174487.5322382,0,-6,-119
1767174487.5422382,-5,-5,-118
1767174487.5522382,-7,-4,-115
1767174487.5622382,-5,-4,-116
1767174487.5722382,-1,-3,-112
1767174487.5822382,-3,-3,-115
1767174487.5922382,-3,-2,-124
1767174487.6022382,0,-3,-120
1767174487.6122382,-1,-3,-123
1767174487.6222382,5,-4,-125
1767174487.632238,6,-1,-125
1767174487.642238,5,-5,-125
1767174487.652238,4,-4,-129
1767174487.662238,3,-7,-119
1767174487.672238,4,-2,-121
1767174487.682238,2,-7,-119
1767174487.692238,1,-10,-125
1767174487.702238,0,-10,-136
1767174487.712238,-2,-6,-135
1767174487.722238,-7,-8,-133
1767174487.732238,-13,-4,-137
1767174487.742238,-16,-2,-137
1767174487.752238,-15,-6,-134
1767174487.7622385,-14,-5,-129
1767174487.7722385,-10,-5,-124
1767174487.7822382,-5,-3,-125
1767174487.7922382,-4,1,-133
1767174487.8022382,0,0,-134
1767174487.8122382,0,-3,-132
1767174487.8222382,-1,0,-126
1767174487.8322382,-4,-2,-125
1767174487.8422382,-5,-2,-119
1767174487.8522382,-5,-4,-120
1767174487.8622382,-4,1,-123
1767174487.8722382,-1,0,-122
1767174487.882238,1,-3,-119
1767174487.892238,7,0,-120
1767174487.902238,12,3,-117
1767174487.912238,11,5,-121
1767174487.922238,10,2,-115
1767174487.932238,2,-2,-116
1767174487.942238,0,-1,-115
1767174487.952238,1,-2,-110
1767174487.962238,3,0,-105
1767174487.972238,3,0,-103
1767174487.982238,-3,0,-114
1767174487.992238,-3,0,-120
1767174488.002238,-4,1,-118
1767174488.0122385,2,0,-113
1767174488.0222385,1,0,-113
1767174488.0322382,-2,0,-121
1767174488.0422382,0,-1,-128
1767174488.0522382,-1,-3,-130
1767174488.0622382,-3,-8,-127
1767174488.0722382,-7,-6,-127
1767174488.0822382,-6,-1,-129
1767174488.0922382,-5,0,-126
1767174488.1022382,0,0,-121
1767174488.1122382,1,0,-123
1767174488.1222382,3,-3,-132
1767174488.132238,5,-4,-133
1767174488.142238,-1,2,-132
1767174488.152238,-2,3,-131
1767174488.162238,-1,2,-122
1767174488.172238,3,5,-118
1767174488.182238,2,5,-117
1767174488.192238,2,4,-116
1767174488.202238,3,1,-120
1767174488.212238,5,4,-122
1767174488.222238,6,3,-126
1767174488.232238,6,3,-127
1767174488.242238,3,2,-131
1767174488.252238,1,0,-128
1767174488.2622385,6,0,-122
1767174488.2722385,5,-1,-124
1767174488.2822382,3,0,-127
1767174488.304238,3,3,-127
1767174488.3122382,3,0,-125
1767174488.3222382,2,3,-124
1767174488.3322382,2,6,-125
1767174488.3422382,1,7,-127
1767174488.3522382,1,6,-125
1767174488.3622382,1,3,-125
1767174488.3722382,2,0,-113
1767174488.382238,2,-3,-112
1767174488.392238,1,-3,-113
1767174488.402238,2,-2,-110
1767174488.412238,0,-2,-104
1767174488.422238,2,-5,-111
1767174488.432238,0,-3,-112
1767174488.442238,-4,-3,-110
1767174488.452238,-2,-5,-105
1767174488.462238,0,0,-102
1767174488.472238,0,0,-109
1767174488.482238,0,-2,-116
1767174488.492238,-2,-7,-119
1767174488.502238,-1,-5,-121
1767174488.5122385,2,1,-124
1767174488.5222385,-1,2,-117
1767174488.5322382,1,3,-113
1767174488.5422382,12,0,-114
1767174488.5522382,11,1,-110
1767174488.5622382,6,0,-108
1767174488.5722382,4,0,-107
1767174488.5822382,3,-2,-111
1767174488.5922382,0,-3,-117
1767174488.6022382,0,-3,-121
1767174488.6122382,-3,-4,-123
1767174488.6222382,-3,-2,-126
1767174488.632238,-1,-3,-122
1767174488.642238,0,-3,-116
1767174488.652238,3,0,-109
1767174488.662238,8,2,-112
1767174488.672238,9,4,-111
1767174488.682238,6,-1,-114
1767174488.692238,3,-1,-114
1767174488.702238,0,-3,-109
1767174488.712238,2,-1,-110
1767174488.722238,3,-3,-111
1767174488.732238,1,-3,-105
1767174488.742238,0,-5,-108
1767174488.752238,-3,-5,-106
1767174488.7622385,-7,2,-108
1767174488.7722385,-1,1,-115
1767174488.7822382,-1,-1,-116
1767174488.7922382,3,1,-114
1767174488.8022382,4,-1,-117
1767174488.8122382,-1,0,-122
1767174488.823238,-2,-4,-125
1767174488.8322382,-2,-2,-126
1767174488.8422382,0,-3,-126
1767174488.8522382,0,1,-126
1767174488.863238,3,1,-124
1767174488.873238,2,-1,-124
1767174488.882238,2,-3,-122
1767174488.892238,7,-6,-121
1767174488.902238,5,-6,-124
1767174488.913238,5,-6,-128
1767174488.923238,5,-3,-129
1767174488.9332385,2,-4,-128
1767174488.9432385,-1,-6,-124
1767174488.9532382,-4,-6,-126
1767174488.9632382,-1,-1,-118
1767174488.9732382,0,-3,-124
1767174488.9832382,0,-1,-129
1767174488.9932382,-5,-3,-129
1767174489.0032382,-1,-4,-128
1767174489.0132382,2,-4,-126
1767174489.0232382,1,-3,-119
1767174489.0332382,4,-6,-124
1767174489.0432382,3,-6,-127
1767174489.0532382,4,-7,-124
1767174489.063238,0,-4,-121
1767174489.073238,0,0,-120
1767174489.083238,-4,-2,-110
1767174489.093238,-2,-5,-108
1767174489.103238,-2,-7,-108
1767174489.113238,-1,-8,-113
1767174489.123238,0,-7,-116
1767174489.133238,1,-6,-116
1767174489.143238,-1,-5,-110
1767174489.153238,-3,0,-108
1767174489.163238,-2,-2,-103
1767174489.173238,-5,-3,-107
1767174489.1832385,-1,-6,-111
1767174489.1932385,0,-5,-112
1767174489.2032382,2,-8,-114
1767174489.2132382,1,-9,-118
1767174489.2232382,-2,-7,-126
1767174489.2332382,-1,-3,-129
1767174489.2432382,0,-3,-122
1767174489.2532382,1,0,-122
1767174489.2632382,1,3,-125
1767174489.2732382,1,0,-119
1767174489.2832382,7,4,-114
1767174489.2932382,6,1,-114
1767174489.3032382,6,-1,-121
1767174489.313238,6,-3,-110
1767174489.323238,5,-2,-123
1767174489.333238,3,0,-118
1767174489.343238,4,5,-120
1767174489.353238,4,3,-121
1767174489.363238,5,3,-115
1767174489.373238,5,2,-114
1767174489.383238,3,0,-114
1767174489.393238,3,-2,-115
1767174489.403238,5,0,-120
1767174489.413238,7,0,-119
1767174489.423238,5,-2,-116
1767174489.4332385,5,-2,-118
1767174489.4432385,7,-1,-118
1767174489.4532382,6,-4,-117
1767174489.4632382,4,-4,-123
1767174489.4732382,3,-6,-125
1767174489.4832382,5,0,-121
1767174489.4932382,2,3,-115
1767174489.5032382,2,5,-116
1767174489.5132382,-2,3,-115
1767174489.5232382,-1,2,-113
1767174489.5332382,0,4,-118
1767174489.5432382,0,0,-124
1767174489.5532382,0,0,-120
1767174489.563238,0,-4,-124
1767174489.573238,3,-5,-123
1767174489.583238,4,-1,-119
1767174489.593238,3,-3,-125
1767174489.603238,0,-4,-132
1767174489.613238,0,2,-132
1767174489.623238,1,0,-135
1767174489.633238,1,-4,-134
1767174489.643238,2,-3,-128
1767174489.653238,1,-6,-124
1767174489.663238,2,-4,-123
1767174489.673238,2,-5,-130
1767174489.6832385,-1,-10,-126
1767174489.6932385,-1,-7,-131
1767174489.7032382,-5,-5,-130
1767174489.7132382,-9,0,-126
1767174489.7232382,-9,-3,-125
1767174489.7332382,-7,-5,-124
1767174489.7432382,-4,-8,-118
1767174489.7532382,-7,-5,-119
1767174489.7632382,-4,-5,-117
1767174489.7732382,-3,-3,-116
1767174489.7832382,-4,-3,-121
1767174489.7932382,-4,-4,-122
1767174489.8032382,-1,-4,-134
1767174489.813238,-5,-5,-131
1767174489.823238,-5,-4,-127
1767174489.833238,-5,-5,-129
1767174489.843238,-3,-3,-131
1767174489.853238,-3,-6,-123
1767174489.863238,-6,-6,-119
1767174489.873238,0,-8,-118
1767174489.883238,5,-8,-112
1767174489.893238,5,-2,-120
1767174489.903238,2,-1,-118
1767174489.913238,0,-1,-119
1767174489.923238,0,-1,-121
1767174489.9332385,-2,-4,-123
1767174489.9432385,-7,0,-127
1767174489.9532382,-5,-4,-125
1767174489.9632382,-2,-6,-119
1767174489.9732382,1,-4,-113
1767174489.9832382,2,-4,-109
1767174489.9932382,-1,-4,-113
1767174490.0032382,-3,-6,-115
1767174490.0132382,-4,-9,-119
1767174490.0232382,-7,-5,-115
1767174490.0332382,-9,-6,-111
1767174490.0432382,-5,-2,-119
1767174490.0532382,-1,0,-126
1767174490.063238,1,0,-126
1767174490.073238,0,-1,-120
1767174490.083238,-2,0,-121
1767174490.093238,0,0,-123
1767174490.103238,0,-1,-119
1767174490.113238,1,0,-117
1767174490.123238,0,0,-122
1767174490.133238,0,0,-124
1767174490.143238,2,0,-129
1767174490.153238,4,1,-120
1767174490.163238,4,4,-121
1767174490.173238,8,8,-120
1767174490.1832385,9,4,-118
1767174490.1932385,10,0,-120
1767174490.2032382,5,2,-125
1767174490.2132382,8,0,-133
1767174490.2232382,3,0,-135
1767174490.2332382,0,-2,-131
1767174490.2432382,-2,0,-126
1767174490.2532382,-1,-2,-127
1767174490.2632382,0,-1,-134
1767174490.2732382,0,-4,-130
1767174490.2832382,-2,-4,-125
1767174490.2932382,-6,-4,-129
1767174490.3032382,-10,-6,-127
1767174490.313238,-13,-4,-129
1767174490.323238,-10,0,-127
1767174490.333238,-4,1,-126
1767174490.343238,-6,4,-131
1767174490.353238,-12,3,-125
1767174490.363238,-10,0,-126
1767174490.373238,-9,-1,-123
1767174490.383238,-9,0,-119
1767174490.393238,-5,-3,-110
1767174490.403238,-3,-7,-116
1767174490.413238,-3,-5,-112
1767174490.423238,-3,-2,-111
1767174490.4332385,-3,-4,-113
1767174490.4432385,-2,-1,-121
1767174490.4532382,1,-2,-123
1767174490.4632382,1,-5,-123
1767174490.4732382,6,-3,-123
1767174490.4832382,6,-4,-126
1767174490.4932382,4,-2,-123
1767174490.5032382,2,-1,-123
1767174490.5132382,0,0,-111
1767174490.5232382,0,4,-113
1767174490.5332382,0,1,-123
1767174490.5432382,4,-1,-128
1767174490.5532382,4,0,-125
1767174490.563238,5,-2,-122
1767174490.573238,8,1,-119
1767174490.583238,6,4,-117
1767174490.593238,2,0,-114
1767174490.603238,0,0,-120
1767174490.613238,2,0,-113
1767174490.623238,1,1,-122
1767174490.633238,0,4,-120
1767174490.643238,-3,0,-120
1767174490.653238,1,2,-123
1767174490.663238,1,3,-123
1767174490.673238,0,4,-121
1767174490.6832385,-1,6,-123
1767174490.6932385,-1,4,-129
1767174490.7032382,-4,0,-128
1767174490.7132382,-1,1,-131
1767174490.7232382,-1,3,-126
1767174490.7332382,-2,2,-132
1767174490.7432382,-1,3,-124
1767174490.7532382,-3,1,-121
1767174490.7632382,-5,1,-122
1767174490.7732382,0,-1,-119
1767174490.7832382,1,0,-124
1767174490.7932382,4,-1,-126
1767174490.8032382,1,-1,-127
1767174490.813238,3,2,-123
1767174490.823238,4,0,-122
1767174490.833238,7,-3,-119
1767174490.843238,6,-3,-117
1767174490.853238,4,-1,-121
1767174490.863238,7,1,-125
1767174490.873238,4,5,-128
1767174490.883238,3,2,-123
1767174490.893238,2,1,-120
1767174490.903238,1,0,-118
1767174490.913238,-3,0,-115
1767174490.923238,-5,-2,-123
1767174490.9332385,-5,-7,-118
1767174490.9432385,-3,-9,-121
1767174490.9532382,-4,-12,-122
1767174490.9632382,-5,-8,-124
1767174490.9732382,-3,-7,-116
1767174490.9832382,0,-2,-115
1767174490.9932382,-1,-4,-116
1767174491.0032382,-4,-4,-122
1767174491.0132382,0,-4,-123
1767174491.0232382,0,-3,-123
1767174491.0332382,-2,0,-119
1767174491.0432382,-3,0,-121
1767174491.0532382,-5,2,-128
1767174491.063238,-1,4,-119
1767174491.073238,0,4,-119
1767174491.083238,2,2,-122
1767174491.093238,7,2,-122
1767174491.103238,4,3,-119
1767174491.113238,1,0,-120
1767174491.123238,0,-2,-122
1767174491.133238,-4,1,-125
1767174491.143238,-3,-1,-123
1767174491.153238,-2,0,-116
1767174491.163238,1,-1,-122
1767174491.173238,0,-2,-125
1767174491.1832385,0,-1,-122
1767174491.1932385,1,-4,-125
1767174491.2032382,5,-7,-119
1767174491.2132382,7,-7,-125
1767174491.2232382,2,-7,-129
1767174491.2332382,1,-11,-127
1767174491.2432382,2,-11,-124
1767174491.2532382,6,-7,-124
1767174491.2632382,3,-4,-130
1767174491.2732382,0,-5,-134
1767174491.2832382,3,-3,-125
1767174491.2932382,3,-1,-127
1767174491.3032382,8,-2,-127
1767174491.313238,5,-2,-126
1767174491.323238,1,0,-125
1767174491.333238,2,0,-121
1767174491.343238,3,0,-120
1767174491.353238,0,1,-122
1767174491.363238,0,0,-122
1767174491.373238,-2,-1,-120
1767174491.383238,-1,0,-118
1767174491.393238,2,-1,-111
1767174491.403238,0,-1,-110
1767174491.413238,1,-2,-116
1767174491.423238,-3,2,-111
1767174491.4332385,-3,0,-114
1767174491.4432385,-2,0,-116
1767174491.4532382,-7,0,-110
1767174491.4632382,-8,0,-108
1767174491.4732382,-6,-2,-114
1767174491.4832382,-2,-1,-121
1767174491.4932382,0,1,-125
1767174491.5032382,7,-1,-119
1767174491.5132382,3,-2,-122
1767174491.5232382,0,-2,-124
1767174491.5332382,2,-5,-122
1767174491.544238,0,-5,-125
1767174491.554238,1,-3,-127
1767174491.564238,3,0,-116
1767174491.574238,4,-2,-116
1767174491.584238,5,0,-114
1767174491.594238,1,-3,-117
1767174491.6042385,0,-2,-120
1767174491.6142385,-2,0,-128
1767174491.6242385,-3,0,-121
1767174491.6342382,-3,2,-120
1767174491.6442382,0,1,-114
1767174491.6542382,0,0,-117
1767174491.6642382,0,-6,-121
1767174491.6742382,3,-8,-120
1767174491.6842382,4,-7,-119
1767174491.6942382,4,-5,-123
1767174491.7042382,5,-3,-124
1767174491.7142382,2,-3,-125
1767174491.7242382,-1,-1,-122
1767174491.734238,-6,0,-119
1767174491.744238,-6,0,-116
1767174491.754238,1,1,-115
1767174491.764238,0,1,-121
1767174491.774238,3,2,-122
1767174491.784238,-2,2,-122
1767174491.794238,1,1,-121
1767174491.804238,0,5,-129
1767174491.814238,0,1,-129
1767174491.824238,7,-1,-126
1767174491.834238,8,-2,-128
1767174491.844238,8,-2,-128
1767174491.8542385,5,0,-124
1767174491.8642385,9,2,-122
1767174491.8742385,8,3,-122
1767174491.8842382,4,4,-128
1767174491.8942382,1,2,-136
1767174491.9042382,-3,1,-137
1767174491.9142382,-2,-3,-134
1767174491.9242382,-5,-8,-132
1767174491.9342382,-1,-7,-125
1767174491.9442382,2,-6,-125
1767174491.9542382,9,-8,-122
1767174491.9642382,10,-7,-120
1767174491.9742382,8,-7,-126
1767174491.984238,10,-5,-130
1767174491.994238,4,-6,-127
1767174492.004238,2,-7,-129
1767174492.014238,3,-2,-124
1767174492.024238,6,-1,-122
1767174492.034238,1,-5,-119
1767174492.044238,1,-5,-121
1767174492.054238,0,-1,-120
1767174492.064238,0,0,-122
1767174492.074238,0,0,-116
1767174492.084238,0,-1,-120
1767174492.094238,3,-2,-118
1767174492.1042385,4,0,-122
1767174492.1142385,3,0,-123
1767174492.1242385,4,1,-126
1767174492.1342382,2,-1,-128
1767174492.1442382,5,0,-129
1767174492.1542382,0,3,-126
1767174492.1642382,4,10,-125
1767174492.1742382,3,4,-130
1767174492.1842382,5,1,-121
1767174492.1942382,1,1,-127
1767174492.2042382,4,5,-128
1767174492.2142382,4,5,-123
1767174492.2242382,3,1,-122
1767174492.234238,0,-1,-123
1767174492.244238,4,-4,-119
1767174492.254238,2,-4,-116
1767174492.264238,-2,1,-116
1767174492.274238,0,0,-121
1767174492.284238,0,0,-118
1767174492.294238,0,-1,-123
1767174492.304238,0,-1,-123
1767174492.314238,4,0,-112
1767174492.324238,-1,1,-114
1767174492.334238,-1,0,-119
1767174492.344238,-1,0,-122
1767174492.3542385,-4,-4,-120
1767174492.3642385,-4,-2,-120
1767174492.3742385,-5,-2,-122
1767174492.3842382,-11,-3,-124
1767174492.3942382,-7,-2,-124
1767174492.4042382,-1,-2,-117
1767174492.4142382,-1,0,-117
1767174492.4242382,-3,-3,-115
1767174492.4342382,-2,-7,-115
1767174492.4442382,-2,-11,-120
1767174492.4542382,0,-9,-120
1767174492.4642382,1,-6,-116
1767174492.4742382,4,-6,-118
1767174492.484238,3,-4,-128
1767174492.494238,-1,0,-129
1767174492.504238,-2,-3,-134
1767174492.514238,-1,0,-129
1767174492.524238,-2,1,-127
1767174492.534238,0,-1,-129
1767174492.544238,0,-3,-123
1767174492.554238,2,0,-121
1767174492.564238,0,-2,-121
1767174492.574238,1,0,-122
1767174492.584238,2,0,-123
1767174492.594238,-1,-4,-122
1767174492.6042385,2,-2,-115
1767174492.6142385,3,0,-119
1767174492.6242385,1,0,-120
1767174492.6342382,4,0,-130
1767174492.6442382,6,0,-130
1767174492.6542382,7,0,-126
1767174492.6642382,11,3,-134
1767174492.6742382,6,1,-135
1767174492.6842382,2,0,-134
1767174492.6942382,4,0,-137
1767174492.7042382,8,0,-138
1767174492.7142382,6,-3,-133
1767174492.7242382,7,-4,-126
1767174492.734238,3,-7,-129
1767174492.744238,6,-10,-123
1767174492.754238,2,-11,-131
1767174492.764238,-2,-10,-134
1767174492.774238,-5,-5,-132
1767174492.784238,1,-1,-129
1767174492.794238,7,-4,-118
1767174492.804238,6,-6,-110
1767174492.814238,3,-5,-107
1767174492.824238,8,-3,-111
1767174492.834238,7,-3,-114
1767174492.844238,6,0,-120
1767174492.8542385,-1,0,-122
1767174492.8642385,0,2,-122
1767174492.8742385,0,3,-120
1767174492.8842382,4,2,-121
1767174492.8942382,3,0,-124
1767174492.9042382,0,2,-123
1767174492.9142382,0,6,-125
1767174492.9242382,2,5,-123
1767174492.9342382,0,3,-123
1767174492.9442382,-2,3,-123
1767174492.9542382,-4,6,-126
1767174492.9642382,-3,4,-131
1767174492.9742382,-1,5,-125
1767174492.984238,0,5,-123
1767174492.994238,0,0,-116
1767174493.004238,-1,0,-123
1767174493.014238,0,2,-125
1767174493.024238,4,-1,-125
1767174493.034238,2,-1,-123
1767174493.044238,3,-2,-117
1767174493.054238,0,-3,-117
1767174493.064238,-1,-1,-123
1767174493.074238,-1,-1,-125
1767174493.084238,-1,-3,-115
1767174493.094238,3,-3,-115
1767174493.1042385,1,-3,-119
1767174493.1142385,-1,0,-113
1767174493.1242385,-1,-4,-112
1767174493.1342382,0,-5,-114
1767174493.1442382,5,-5,-107
1767174493.1542382,5,-3,-106
1767174493.1642382,7,-4,-110
1767174493.1742382,8,-6,-118
1767174493.1842382,5,-6,-121
1767174493.1942382,7,-1,-127
1767174493.2042382,5,-1,-130
1767174493.2142382,4,-3,-127
1767174493.2242382,7,-4,-121
1767174493.234238,6,-7,-119
1767174493.244238,6,-4,-120
1767174493.254238,5,-3,-116
1767174493.264238,4,-1,-119
1767174493.274238,4,-4,-116
1767174493.284238,7,-8,-116
1767174493.294238,5,-7,-119
1767174493.3152382,5,-6,-119
1767174493.324238,1,-9,-119
1767174493.334238,3,-4,-121
1767174493.344238,5,-4,-116
1767174493.3542385,4,-3,-121
1767174493.3642385,5,1,-127
1767174493.3742385,1,-2,-129
1767174493.3842382,3,-4,-123
1767174493.3942382,2,-5,-124
1767174493.4042382,4,-5,-123
1767174493.4142382,5,-3,-117
1767174493.4242382,3,-4,-118
1767174493.4342382,0,-4,-112
1767174493.4442382,0,2,-118
1767174493.4542382,1,1,-116
1767174493.4642382,0,0,-112
1767174493.4742382,4,-3,-115
1767174493.484238,1,-1,-114
1767174493.494238,1,-2,-116
1767174493.504238,3,0,-120
1767174493.514238,6,-1,-119
1767174493.524238,7,-3,-123
1767174493.534238,9,-2,-122
1767174493.544238,4,-3,-114
1767174493.554238,0,-2,-106
1767174493.564238,-1,0,-102
1767174493.574238,0,3,-109
1767174493.584238,0,0,-120
1767174493.594238,2,0,-120
1767174493.6042385,2,-3,-116
1767174493.6142385,3,-2,-115
1767174493.6242385,0,-1,-117
1767174493.6342382,-1,0,-128
1767174493.6442382,1,0,-127
1767174493.6542382,0,-1,-127
1767174493.6642382,0,-1,-120
1767174493.6742382,-2,4,-120
1767174493.6842382,-6,7,-120
1767174493.6942382,-4,-1,-114
1767174493.7042382,2,-1,-115
1767174493.7142382,4,-2,-119
1767174493.7242382,4,-4,-116
1767174493.734238,0,-8,-118
1767174493.744238,0,-11,-118
1767174493.754238,0,-10,-120
1767174493.764238,-2,-9,-114
1767174493.774238,-4,-10,-112
1767174493.784238,-4,-7,-117
1767174493.794238,-6,-2,-127
1767174493.804238,-1,1,-125
1767174493.814238,0,0,-123
1767174493.824238,-4,-3,-123
1767174493.834238,-4,-1,-120
1767174493.844238,-3,-3,-117
1767174493.8542385,-1,-8,-111
1767174493.8642385,1,-6,-119
1767174493.8742385,-1,-5,-121
1767174493.8842382,-2,-4,-118
1767174493.8942382,-5,-7,-113
1767174493.9042382,-6,-4,-112
1767174493.9142382,-5,0,-113
1767174493.9242382,1,0,-113
1767174493.9342382,1,0,-115
1767174493.9442382,0,-1,-127
1767174493.9542382,-3,-1,-125
1767174493.9642382,1,0,-123
1767174493.9742382,1,-3,-124
1767174493.984238,4,0,-128
1767174493.994238,7,0,-123
1767174494.004238,8,1,-120
1767174494.014238,7,1,-120
1767174494.024238,5,2,-118
1767174494.034238,6,-1,-117
1767174494.044238,2,0,-117
1767174494.054238,0,5,-120
1767174494.064238,-2,1,-115
1767174494.074238,0,3,-117
1767174494.084238,0,3,-115
1767174494.094238,0,2,-123
1767174494.1042385,0,2,-118
1767174494.1142385,-4,1,-120
1767174494.1242385,-6,3,-119
1767174494.1342382,-3,0,-119
1767174494.1442382,-3,-1,-115
1767174494.1542382,-1,-2,-115
1767174494.165238,-3,1,-116
1767174494.1742382,-8,-1,-113
1767174494.185238,-7,1,-113
1767174494.1942382,-5,-1,-114
1767174494.2042382,-3,1,-110
1767174494.215238,0,-2,-115
1767174494.225238,0,0,-120
1767174494.235238,2,0,-122
1767174494.245238,1,0,-125
1767174494.255238,1,-2,-128
1767174494.265238,0,-4,-127
1767174494.274238,0,1,-126
1767174494.2852385,3,2,-120
1767174494.2952385,4,-1,-117
1767174494.3052382,6,0,-115
1767174494.3152382,6,0,-116
1767174494.3252382,4,0,-118
1767174494.3352382,1,-5,-112
1767174494.3452382,0,-6,-115
1767174494.3552382,1,-3,-124
1767174494.3652382,-1,-3,-124
1767174494.3752382,-2,1,-126
1767174494.3852382,-3,-2,-129
1767174494.3952382,-3,-3,-133
1767174494.4052382,0,-7,-140
1767174494.415238,-2,-4,-137
1767174494.425238,0,-7,-129
1767174494.435238,10,-8,-125
1767174494.445238,6,-3,-126
1767174494.455238,6,-6,-127
1767174494.465238,2,-8,-124
1767174494.475238,2,-12,-123
1767174494.485238,3,-6,-124
1767174494.495238,3,-3,-122
1767174494.505238,1,-2,-119
1767174494.515238,1,0,-118
1767174494.525238,-1,-4,-121
1767174494.5352385,-2,-9,-123
1767174494.5452385,1,-8,-120
1767174494.5552382,1,-6,-130
1767174494.5652382,3,-2,-128
1767174494.5752382,2,-7,-129
1767174494.5852382,5,-5,-127
1767174494.5952382,5,-4,-125
1767174494.6052382,4,0,-127
1767174494.6152382,1,2,-130
1767174494.6252382,-1,0,-128
1767174494.6352382,-5,2,-123
1767174494.6452382,-4,4,-127
1767174494.6552382,-3,5,-124
1767174494.665238,-4,5,-126
1767174494.675238,4,3,-131
1767174494.685238,0,3,-126
1767174494.695238,0,7,-126
1767174494.705238,-2,3,-125
1767174494.715238,-1,0,-125
1767174494.725238,1,0,-124
1767174494.735238,0,-2,-126
1767174494.745238,-2,-3,-120
1767174494.755238,-2,-4,-129
1767174494.765238,0,-4,-126
1767174494.775238,-1,-1,-119
1767174494.7852385,0,-2,-124
1767174494.7952385,0,-2,-124
1767174494.8052382,0,-4,-130
1767174494.8152382,0,-2,-129
1767174494.8252382,0,-4,-124
1767174494.8352382,0,-1,-124
1767174494.8452382,0,2,-121
1767174494.8552382,-2,5,-123
1767174494.8652382,0,8,-127
1767174494.8752382,-1,10,-130
1767174494.8852382,0,6,-127
1767174494.8952382,0,2,-121
1767174494.9052382,-1,-1,-114
1767174494.915238,0,-2,-114
1767174494.925238,6,-3,-119
1767174494.935238,6,-1,-119
1767174494.945238,2,-1,-117
1767174494.955238,0,0,-117
1767174494.965238,-2,2,-120
1767174494.975238,-1,1,-124
1767174494.985238,0,-1,-129
1767174494.995238,-1,-6,-137
1767174495.005238,0,-5,-130
1767174495.015238,0,-2,-126
1767174495.025238,-7,-6,-124
1767174495.0352385,-9,-7,-123
1767174495.0452385,-8,-6,-124
1767174495.0552382,-5,-8,-126
1767174495.0652382,-3,-1,-134
1767174495.0752382,-5,0,-130
1767174495.0852382,-7,-3,-133
1767174495.0952382,-5,-3,-130
1767174495.1052382,-2,-4,-125
1767174495.1152382,-1,-3,-120
1767174495.1252382,-2,-1,-125
1767174495.1352382,2,0,-128
1767174495.1452382,0,2,-135
1767174495.1552382,-2,-3,-134
1767174495.165238,0,-5,-137
1767174495.175238,0,-10,-138
1767174495.185238,-1,-6,-133
1767174495.195238,-2,-2,-139
1767174495.205238,-5,-5,-139
1767174495.215238,-7,-4,-134
1767174495.225238,-6,-2,-129
1767174495.235238,-4,0,-127
1767174495.245238,0,-1,-125
1767174495.255238,0,-2,-124
1767174495.265238,5,-2,-125
1767174495.275238,7,-4,-128
1767174495.2852385,3,-7,-126
1767174495.2952385,2,-4,-125
1767174495.3052382,0,-4,-129
1767174495.3152382,3,-4,-121
1767174495.3252382,1,-3,-118
1767174495.3352382,-2,-4,-117
1767174495.3452382,-5,1,-117
1767174495.3552382,-5,3,-121
1767174495.3652382,-2,3,-127
1767174495.3752382,-1,5,-128
1767174495.3852382,-6,3,-130
1767174495.3952382,-4,0,-135
1767174495.4052382,-1,1,-136
1767174495.415238,3,2,-134
1767174495.425238,1,3,-131
1767174495.435238,1,4,-134
1767174495.445238,1,0,-138
1767174495.455238,2,-5,-136
1767174495.465238,-1,-3,-131
1767174495.475238,0,-3,-125
1767174495.485238,-3,-3,-128
1767174495.495238,-2,0,-126
1767174495.505238,-2,4,-127
1767174495.515238,0,1,-126
1767174495.525238,0,-4,-128
1767174495.5352385,3,-2,-128
1767174495.5452385,6,1,-120
1767174495.5552382,0,1,-115
1767174495.5652382,0,-3,-121
1767174495.5752382,0,-4,-111
1767174495.5852382,-1,-6,-111
1767174495.5952382,0,-3,-112
1767174495.6052382,-1,-5,-117
1767174495.6152382,0,-9,-124
1767174495.6252382,-4,-8,-133
1767174495.6352382,-6,-10,-138
1767174495.6452382,-4,-13,-133
1767174495.6552382,-4,-6,-135
1767174495.665238,-4,0,-126
1767174495.675238,-4,2,-123
1767174495.685238,-6,7,-124
1767174495.695238,-6,2,-125
1767174495.705238,-2,-1,-120
1767174495.715238,0,0,-123
1767174495.725238,-4,0,-129
1767174495.735238,-7,-2,-135
1767174495.745238,-5,-6,-131
1767174495.755238,-5,-5,-133
1767174495.765238,-8,-3,-122
1767174495.7762382,-6,1,-122
1767174495.7852385,-3,4,-124
1767174495.7952385,-2,2,-126
1767174495.8052382,-4,-1,-119
1767174495.8152382,-4,0,-120
1767174495.8252382,-4,2,-122
1767174495.8352382,-2,-1,-123
1767174495.8452382,0,-4,-120
1767174495.8552382,0,-3,-119
1767174495.8652382,2,-4,-122
1767174495.8752382,3,-4,-121
1767174495.8852382,6,-2,-121
1767174495.8952382,4,1,-127
1767174495.9052382,6,3,-133
1767174495.915238,2,3,-131
1767174495.925238,2,3,-127
1767174495.935238,6,0,-132
1767174495.945238,5,1,-131
1767174495.955238,3,0,-130
1767174495.965238,1,-2,-124
1767174495.975238,-2,-4,-126
1767174495.985238,-3,-5,-124
1767174495.995238,-1,-4,-125
1767174496.005238,-2,-5,-123
1767174496.015238,-1,-8,-121
1767174496.025238,-2,-4,-124
1767174496.0352385,-5,-10,-126
1767174496.0452385,-4,-13,-125
1767174496.0552382,-5,-10,-128
1767174496.0652382,0,-8,-128
1767174496.0752382,-1,-12,-120
1767174496.0852382,2,-12,-121
1767174496.0952382,2,-12,-118
1767174496.1052382,0,-11,-116
1767174496.1152382,0,-8,-119
1767174496.1252382,0,-8,-123
1767174496.1352382,0,-5,-126
1767174496.1452382,3,-4,-130
1767174496.1552382,5,-3,-124
1767174496.165238,2,0,-123
1767174496.175238,3,-3,-124
1767174496.185238,3,0,-123
1767174496.195238,0,2,-122
1767174496.205238,-1,-2,-122
1767174496.215238,-2,2,-116
1767174496.225238,-5,1,-119
1767174496.235238,-4,0,-120
1767174496.245238,-6,-3,-124
1767174496.255238,-5,-2,-127
1767174496.265238,-3,-2,-124
1767174496.275238,-2,-3,-127
1767174496.2852385,-4,-1,-127
1767174496.2952385,-3,-6,-123
1767174496.3052382,-3,-3,-123
1767174496.3152382,-1,-3,-121
1767174496.3252382,-5,-2,-120
1767174496.3352382,-10,-1,-122
1767174496.3452382,-11,0,-121
1767174496.3552382,-9,0,-122
1767174496.3652382,-8,-2,-121
1767174496.3752382,-3,-7,-122
1767174496.3852382,-2,-8,-125
1767174496.3952382,-3,-7,-119
1767174496.4052382,-4,-5,-116
1767174496.415238,-4,-6,-116
1767174496.425238,0,-9,-123
1767174496.435238,1,-4,-125
1767174496.445238,2,-1,-127
1767174496.455238,0,-1,-126
1767174496.465238,1,0,-129
1767174496.475238,0,-2,-129
1767174496.485238,0,-1,-129
1767174496.495238,-1,-1,-127
1767174496.505238,0,-1,-122
1767174496.515238,-2,1,-124
1767174496.525238,-5,2,-120
1767174496.5352385,1,2,-120
1767174496.5452385,1,4,-121
1767174496.5552382,-1,2,-126
1767174496.5652382,-4,-1,-123
1767174496.5752382,-4,2,-116
1767174496.5852382,0,6,-119
1767174496.5952382,0,8,-114
1767174496.6052382,0,8,-110
1767174496.6152382,2,5,-108
1767174496.6252382,0,2,-110
1767174496.6352382,-1,5,-121
1767174496.6452382,-1,8,-126
1767174496.6552382,2,5,-123
1767174496.665238,7,7,-126
1767174496.675238,5,4,-131
1767174496.685238,7,2,-129
1767174496.695238,4,1,-130
1767174496.705238,3,0,-125
1767174496.715238,0,3,-132
1767174496.725238,-4,2,-131
1767174496.735238,-2,-1,-127
1767174496.745238,0,-3,-122
1767174496.755238,-1,-4,-119
1767174496.765238,-4,-1,-122
1767174496.775238,-3,0,-128
1767174496.7852385,-2,1,-128
1767174496.7952385,-2,2,-130
1767174496.8052382,-1,0,-126
1767174496.8152382,-2,1,-127
1767174496.8252382,0,6,-130
1767174496.836238,-4,10,-123
1767174496.846238,-4,4,-119
1767174496.856238,-2,1,-130
1767174496.866238,-1,-2,-129
1767174496.876238,-3,-7,-132
1767174496.886238,-4,-3,-122
1767174496.896238,-7,0,-112
1767174496.906238,-5,-2,-112
1767174496.916238,3,-3,-109
1767174496.926238,1,-4,-109
1767174496.936238,2,-1,-115
1767174496.946238,3,-2,-123
1767174496.9562385,0,-2,-118
1767174496.9662385,-1,3,-112
1767174496.9762385,0,6,-118
1767174496.9862382,1,4,-113
1767174496.9962382,0,2,-122
1767174497.0062382,0,-2,-124
1767174497.0162382,2,2,-121
1767174497.0262382,1,0,-120
1767174497.0362382,-3,-4,-117
1767174497.0462382,-2,-1,-119
1767174497.0562382,-2,0,-119
1767174497.0662382,-4,0,-119
1767174497.0762382,-4,1,-114
1767174497.086238,-2,-2,-116
1767174497.096238,0,-6,-113
1767174497.106238,-1,-8,-118
1767174497.116238,-5,-4,-119
1767174497.126238,-7,-2,-120
1767174497.136238,-11,-1,-119
1767174497.146238,-6,0,-115
1767174497.156238,-6,-1,-118
1767174497.166238,-6,-2,-118
1767174497.176238,-2,0,-120
1767174497.186238,3,1,-126
1767174497.196238,6,-1,-131
1767174497.2062385,4,-2,-134
1767174497.2162385,4,-4,-132
1767174497.2262385,7,-4,-127
1767174497.2362382,6,-3,-124
1767174497.2462382,1,-5,-124
1767174497.2562382,-1,-2,-121
1767174497.2662382,-6,1,-117
1767174497.2762382,-4,1,-121
1767174497.2862382,-1,-2,-121
1767174497.2962382,-2,-2,-114
1767174497.3062382,0,-3,-111
1767174497.3162382,-1,-4,-119
1767174497.3262382,-3,-7,-118
1767174497.336238,-4,-3,-126
1767174497.346238,-3,-6,-121
1767174497.356238,0,-7,-118
1767174497.366238,-3,-7,-118
1767174497.376238,0,-7,-119
1767174497.386238,1,-6,-118
1767174497.396238,2,-7,-123
1767174497.406238,0,-7,-123
1767174497.416238,1,-3,-123
1767174497.426238,2,-1,-120
1767174497.436238,2,-2,-120
1767174497.446238,6,-1,-117
1767174497.4562385,4,-3,-119
1767174497.4662385,0,-4,-117
1767174497.4762385,0,-8,-114
1767174497.4862382,-2,-3,-120
1767174497.4962382,1,-8,-122
1767174497.5062382,-4,-10,-127
1767174497.5162382,-11,-9,-120
1767174497.5262382,-10,-6,-121
1767174497.5362382,-13,-7,-121
1767174497.5462382,-8,-7,-121
1767174497.5562382,-3,-10,-124
1767174497.5662382,0,-7,-127
1767174497.5762382,-3,-4,-127
1767174497.586238,-5,-2,-124
1767174497.596238,-1,-2,-124
1767174497.606238,2,-2,-127
1767174497.616238,3,1,-122
1767174497.626238,-3,2,-126
1767174497.636238,-4,0,-129
1767174497.646238,1,0,-129
1767174497.656238,4,0,-127
1767174497.666238,4,-1,-126
1767174497.676238,4,-1,-127
1767174497.686238,0,-2,-124
1767174497.696238,0,0,-125
1767174497.7062385,1,-1,-122
1767174497.7162385,2,-2,-120
1767174497.7262385,3,-4,-121
1767174497.7362382,4,-7,-123
1767174497.7462382,3,-2,-121
1767174497.7562382,2,0,-120
1767174497.7662382,-1,0,-120
1767174497.7762382,0,0,-119
1767174497.7862382,-3,0,-119
1767174497.7962382,-4,-2,-114
1767174497.8062382,-3,0,-114
1767174497.8162382,-3,0,-123
1767174497.8262382,-5,0,-123
1767174497.836238,-1,-1,-126
1767174497.846238,-2,-4,-122
1767174497.856238,0,-5,-119
1767174497.866238,2,-7,-120
1767174497.876238,-2,-4,-121
1767174497.886238,-6,-3,-126
1767174497.896238,-7,-3,-131
1767174497.906238,-8,0,-129
1767174497.916238,-10,1,-125
1767174497.926238,-13,-2,-120
1767174497.936238,-10,-4,-119
1767174497.946238,-6,-1,-124
1767174497.9562385,1,-4,-127
1767174497.9662385,0,0,-130
1767174497.9762385,2,0,-129
1767174497.9862382,1,1,-127
1767174497.9962382,-1,0,-124
1767174498.0062382,-4,-2,-121
1767174498.0162382,-3,-1,-119
1767174498.0262382,-3,0,-128
1767174498.0362382,-4,0,-126
1767174498.0462382,-4,-2,-124
1767174498.0562382,0,-3,-122
1767174498.0662382,2,-2,-120
1767174498.0762382,1,0,-117
1767174498.086238,-2,0,-112
1767174498.096238,-7,0,-117
1767174498.106238,-10,-1,-120
1767174498.116238,-11,0,-115
1767174498.126238,-7,5,-120
1767174498.136238,-6,5,-117
1767174498.146238,-5,1,-114
1767174498.156238,-3,2,-115
1767174498.166238,0,3,-118
1767174498.176238,-8,0,-119
1767174498.186238,-9,0,-111
1767174498.196238,-9,-2,-112
1767174498.2062385,-6,1,-113
1767174498.2162385,1,-1,-112
1767174498.2262385,-4,-5,-110
1767174498.2362382,-4,-3,-119
1767174498.2462382,-5,-4,-119
1767174498.2562382,-4,-4,-123
1767174498.2662382,-3,-6,-122
1767174498.2762382,-4,-4,-126
1767174498.2862382,-1,-4,-124
1767174498.2962382,-1,-2,-119
1767174498.3062382,-6,2,-124
1767174498.327238,1,5,-121
1767174498.336238,4,1,-116
1767174498.346238,6,2,-114
1767174498.356238,2,-1,-117
1767174498.366238,4,-2,-122
1767174498.376238,0,-2,-125
1767174498.386238,1,0,-131
1767174498.396238,0,4,-131
1767174498.406238,-3,2,-132
1767174498.416238,-4,1,-129
1767174498.426238,-3,-1,-130
1767174498.436238,-4,-3,-128
1767174498.446238,0,0,-124
1767174498.4562385,3,-5,-122
1767174498.4662385,2,-7,-123
1767174498.4762385,-2,-8,-125
1767174498.4862382,-5,-8,-121
1767174498.4962382,-11,-2,-128
1767174498.5062382,-5,-4,-133
1767174498.5162382,-5,-2,-133
1767174498.5262382,-3,-1,-135
1767174498.5362382,-5,-5,-131
1767174498.5462382,-5,-3,-132
1767174498.5562382,-7,1,-129
1767174498.5662382,0,-6,-126
1767174498.5762382,2,-3,-122
1767174498.586238,-1,-2,-121
1767174498.596238,0,-2,-121
1767174498.606238,2,-6,-123
1767174498.616238,1,-5,-122
1767174498.626238,-2,-4,-119
1767174498.636238,0,-1,-113
1767174498.646238,0,-3,-118
1767174498.656238,0,-2,-122
1767174498.666238,0,-2,-116
1767174498.676238,0,-4,-117
1767174498.686238,1,-5,-111
1767174498.696238,-1,-3,-110
1767174498.7062385,0,-1,-117
1767174498.7162385,0,0,-116
1767174498.7262385,1,1,-119
1767174498.7362382,0,0,-120
1767174498.7462382,-2,1,-121
1767174498.7562382,-3,1,-119
1767174498.7662382,0,-3,-121
1767174498.7762382,1,-2,-127
1767174498.7862382,1,0,-128
1767174498.7962382,0,-1,-131
1767174498.8062382,2,-4,-135
1767174498.8162382,0,-5,-136
1767174498.8262382,-3,-2,-134
1767174498.836238,-6,2,-127
1767174498.846238,-5,0,-123
1767174498.856238,-5,-2,-119
1767174498.866238,-4,-1,-114
1767174498.876238,-6,-1,-113
1767174498.886238,-9,0,-108
1767174498.896238,-7,0,-106
1767174498.906238,-3,-4,-103
1767174498.916238,-1,-7,-106
1767174498.926238,1,-5,-109
1767174498.936238,0,-4,-118
1767174498.946238,-1,-5,-119
1767174498.9562385,-1,-2,-114
1767174498.9662385,-3,-6,-110
1767174498.9762385,0,-4,-117
1767174498.9862382,0,-3,-117
1767174498.9962382,3,0,-125
1767174499.0062382,-1,4,-126
1767174499.0162382,-3,9,-126
1767174499.0262382,0,8,-122
1767174499.0362382,0,9,-124
1767174499.0462382,1,4,-127
1767174499.0562382,6,1,-124
1767174499.0662382,7,-1,-116
1767174499.0762382,6,-1,-115
1767174499.086238,6,0,-119
1767174499.096238,5,-2,-120
1767174499.106238,6,-6,-125
1767174499.116238,7,-3,-127
1767174499.126238,0,0,-127
1767174499.136238,0,0,-126
1767174499.146238,0,0,-131
1767174499.156238,1,0,-130
1767174499.166238,3,-2,-129
1767174499.176238,5,-2,-128
1767174499.186238,1,-5,-126
1767174499.196238,-3,-7,-127
1767174499.2062385,-2,-6,-122
1767174499.2162385,-6,-10,-129
1767174499.2262385,-6,-9,-129
1767174499.2362382,-4,-11,-125
1767174499.2462382,-2,-9,-120
1767174499.2562382,-2,-2,-121
1767174499.2662382,0,-4,-117
1767174499.2762382,1,-6,-120
1767174499.2862382,0,-4,-125
1767174499.2962382,-4,-4,-130
1767174499.3062382,-6,-4,-120
1767174499.3162382,-4,-7,-116
1767174499.3262382,0,-4,-118
1767174499.336238,4,-3,-120
1767174499.346238,6,-6,-121
1767174499.356238,6,-6,-123
1767174499.366238,3,-3,-123
1767174499.376238,0,-4,-123
1767174499.386238,-3,-2,-119
1767174499.396238,-6,0,-124
1767174499.406238,-3,-5,-122
1767174499.416238,-5,-5,-116
1767174499.426238,-10,-3,-117
1767174499.436238,-10,-7,-122
1767174499.446238,-6,-4,-126
1767174499.4562385,-5,-7,-133
1767174499.4662385,-8,-6,-134
1767174499.4762385,-5,-5,-130
1767174499.4862382,-4,0,-124
1767174499.4972382,-2,-1,-124
1767174499.507238,-1,0,-124
1767174499.5162382,0,0,-125
1767174499.527238,3,-4,-120
1767174499.537238,2,-4,-122
1767174499.547238,0,-2,-119
1767174499.557238,-1,0,-120
1767174499.567238,1,1,-114
1767174499.577238,1,0,-113
1767174499.587238,-4,0,-114
1767174499.597238,-4,0,-111
1767174499.607238,-5,4,-111
1767174499.617238,-2,4,-116
1767174499.627238,0,6,-115
1767174499.6372385,-1,4,-119
1767174499.6472385,2,2,-122
1767174499.6572382,1,4,-127
1767174499.6672382,0,0,-130
1767174499.6772382,4,-5,-128
1767174499.6872382,0,0,-130
1767174499.6972382,-1,-2,-129
1767174499.7072382,0,-1,-127
1767174499.7172382,5,-2,-130
1767174499.7272382,7,-4,-125
1767174499.7372382,3,-3,-118
1767174499.7472382,5,-2,-117
1767174499.757238,3,-3,-113
1767174499.767238,1,-2,-115
1767174499.777238,0,2,-119
1767174499.787238,-2,2,-119
1767174499.797238,-5,4,-125
1767174499.807238,-6,-2,-131
1767174499.817238,-2,-6,-130
1767174499.827238,-3,-4,-124
1767174499.837238,-5,-3,-131
1767174499.847238,-3,-1,-123
1767174499.857238,0,-2,-123
1767174499.867238,-4,-3,-120
1767174499.877238,-2,-3,-119
1767174499.8872385,1,-3,-115
1767174499.8972385,-1,-4,-115
1767174499.9072382,-1,-4,-116
1767174499.9172382,-4,-2,-115
1767174499.9272382,-5,-1,-121
1767174499.9372382,-4,3,-124
1767174499.9472382,0,5,-127
1767174499.9572382,5,6,-122
1767174499.9672382,13,0,-132
1767174499.9772382,11,-4,-128
1767174499.9872382,8,0,-127
1767174499.9972382,7,-3,-125
1767174500.007238,7,-5,-124
1767174500.017238,3,-4,-127
1767174500.027238,4,-5,-127
1767174500.037238,3,-8,-128
1767174500.047238,5,-1,-132
1767174500.057238,2,2,-132
1767174500.067238,-1,1,-131
1767174500.077238,-1,3,-131
1767174500.087238,-2,-4,-133
1767174500.097238,-6,-2,-133
1767174500.107238,-8,0,-131
1767174500.117238,-10,1,-130
1767174500.127238,-7,2,-123
1767174500.1372385,-6,-4,-126
1767174500.1472385,-3,-4,-121
1767174500.1572382,-3,-5,-122
1767174500.1672382,-3,-2,-123
1767174500.1772382,-2,-6,-125
1767174500.1872382,-2,-4,-124
1767174500.1972382,0,0,-118
1767174500.2072382,4,-3,-120
1767174500.2172382,4,-6,-120
1767174500.2272382,-1,-7,-119
1767174500.2372382,-5,-10,-121
1767174500.2472382,-6,-4,-127
1767174500.257238,-4,-5,-124
1767174500.267238,-4,-2,-127
1767174500.277238,-2,0,-123
1767174500.287238,-2,0,-119
1767174500.297238,0,-1,-118
1767174500.307238,0,-3,-118
1767174500.317238,3,-2,-122
1767174500.327238,1,0,-126
1767174500.337238,0,-3,-129
1767174500.347238,1,-2,-132
1767174500.357238,-1,1,-126
1767174500.367238,1,3,-117
1767174500.377238,2,3,-116
1767174500.3872385,0,8,-114
1767174500.3972385,-3,6,-119
1767174500.4072382,-2,8,-119
1767174500.4172382,1,7,-113
1767174500.4272382,1,4,-112
1767174500.4372382,4,3,-115
1767174500.4472382,2,0,-115
1767174500.4572382,5,-1,-121
1767174500.4672382,3,-1,-127
1767174500.4772382,0,0,-130
1767174500.4872382,-1,3,-126
1767174500.4972382,-4,6,-128
1767174500.507238,-3,9,-131
1767174500.517238,-3,8,-128
1767174500.527238,-2,4,-120
1767174500.537238,-1,1,-124
1767174500.547238,-1,1,-127
1767174500.557238,0,0,-122
1767174500.567238,1,1,-121
1767174500.577238,2,0,-121
1767174500.587238,1,0,-125
1767174500.597238,3,1,-130
1767174500.607238,4,0,-133
1767174500.617238,0,-4,-138
1767174500.627238,-1,-8,-135
1767174500.6372385,0,-6,-136
1767174500.6472385,-1,-4,-130
1767174500.6572382,1,-3,-129
1767174500.6672382,-1,-2,-127
1767174500.6772382,0,-4,-128
1767174500.6872382,-1,-1,-122
1767174500.6972382,-8,-1,-120
1767174500.7072382,-7,-2,-125
1767174500.7172382,-8,-7,-127
1767174500.7272382,-5,-4,-126
1767174500.7372382,-3,-4,-117
1767174500.7472382,-1,0,-113
1767174500.757238,-2,-1,-114
1767174500.767238,-4,0,-124
1767174500.777238,-2,-1,-126
1767174500.787238,-5,-1,-127
1767174500.797238,-7,4,-126
1767174500.807238,-5,5,-125
1767174500.817238,-1,5,-125
1767174500.827238,-2,1,-123
1767174500.837238,-4,-2,-126
1767174500.847238,-4,-7,-124
1767174500.857238,-5,-4,-123
1767174500.867238,-5,-1,-117
1767174500.877238,-3,-6,-121
1767174500.8872385,-3,-6,-125
1767174500.8972385,0,-6,-121
1767174500.9072382,-1,-5,-115
1767174500.9172382,4,-1,-120
1767174500.9272382,3,-1,-121
1767174500.9372382,5,-2,-120
1767174500.9472382,0,-2,-113
1767174500.9572382,2,2,-115
1767174500.9672382,-1,0,-119
1767174500.9772382,0,-5,-117
1767174500.9872382,1,-6,-114
1767174500.9972382,-1,-10,-111
1767174501.007238,-2,-10,-120
1767174501.017238,0,-5,-119
1767174501.027238,-5,-1,-121
1767174501.037238,-4,-2,-127
1767174501.047238,-2,-2,-124
1767174501.057238,0,-3,-122
1767174501.067238,-2,-2,-124
1767174501.077238,-6,-1,-121
1767174501.087238,-4,0,-115
1767174501.097238,-1,0,-120
1767174501.107238,-1,-1,-122
1767174501.117238,1,0,-120
1767174501.127238,0,0,-124
1767174501.1372385,-3,-3,-125
1767174501.1472385,-3,-4,-126
1767174501.1572382,-4,-2,-119
1767174501.1672382,-3,-2,-118
1767174501.1772382,-6,-6,-121
1767174501.1872382,-7,-6,-125
1767174501.1972382,-4,-5,-122
1767174501.2072382,-1,-3,-120
1767174501.2172382,2,-2,-127
1767174501.2272382,1,0,-123
1767174501.2372382,0,-1,-123
1767174501.2472382,3,-4,-127
1767174501.257238,2,-5,-125
1767174501.267238,-1,-4,-121
1767174501.277238,0,-3,-120
1767174501.287238,-2,-2,-121
1767174501.297238,1,-4,-122
1767174501.307238,4,-6,-127
1767174501.317238,0,-3,-128
1767174501.327238,0,-5,-128
1767174501.337238,2,-6,-120
1767174501.347238,1,-5,-119
1767174501.357238,0,-1,-120
1767174501.367238,-1,-2,-122
1767174501.377238,-5,-2,-121
1767174501.3872385,0,-2,-119
1767174501.3972385,0,-3,-123
1767174501.4072382,0,-2,-122
1767174501.4172382,0,0,-124
1767174501.4272382,2,-4,-129
1767174501.4372382,0,-1,-123
1767174501.4472382,0,-1,-118
1767174501.4572382,2,4,-119
1767174501.4672382,4,4,-128
1767174501.4772382,4,2,-132
1767174501.4872382,3,3,-125
1767174501.4972382,6,4,-118
1767174501.507238,3,1,-118
1767174501.517238,0,-3,-121
1767174501.527238,0,-6,-123
1767174501.537238,1,-7,-120
1767174501.547238,0,-1,-124
1767174501.557238,0,0,-122
1767174501.567238,0,-1,-120
1767174501.577238,3,-1,-124
1767174501.587238,0,0,-117
1767174501.597238,-2,0,-121
1767174501.607238,-7,0,-115
1767174501.617238,-6,0,-116
1767174501.627238,-1,0,-124
1767174501.6372385,-3,2,-124
1767174501.6472385,-1,4,-118
1767174501.6572382,-3,1,-119
1767174501.6672382,3,-1,-124
1767174501.6772382,4,-2,-126
1767174501.6872382,5,-3,-134
1767174501.6972382,8,0,-134
1767174501.7072382,10,-1,-123
1767174501.7172382,6,-8,-123
1767174501.7272382,6,-8,-124
1767174501.7372382,4,-6,-125
1767174501.7472382,5,-4,-124
1767174501.757238,4,-6,-121
1767174501.767238,6,-3,-115
1767174501.777238,4,-5,-118
1767174501.787238,5,-2,-124
1767174501.797238,4,-8,-124
1767174501.807238,-1,-6,-123
1767174501.817238,-3,-6,-126
1767174501.827238,-3,-3,-131
1767174501.837238,-3,-3,-127
1767174501.847238,-6,-3,-123
1767174501.857238,-3,-6,-126
1767174501.867238,-2,-8,-131
1767174501.877238,0,-6,-133
1767174501.8872385,1,0,-129
1767174501.8972385,2,-3,-126
1767174501.9072382,2,0,-122
1767174501.9172382,5,-2,-126
1767174501.9272382,3,-9,-124
1767174501.9372382,0,-4,-128
1767174501.9472382,1,-2,-128
1767174501.9572382,2,-1,-127
1767174501.9672382,5,-7,-128
1767174501.9772382,5,-9,-129
1767174501.9872382,9,-8,-127
1767174501.9972382,5,-9,-129
1767174502.007238,1,-7,-128
1767174502.017238,0,-7,-120
1767174502.027238,-1,-6,-116
1767174502.037238,1,-4,-113
1767174502.047238,0,2,-116
1767174502.057238,0,0,-120
1767174502.067238,-4,0,-124
1767174502.077238,-7,2,-122
1767174502.0882382,-2,0,-123
1767174502.097238,-3,2,-126
1767174502.107238,-1,-1,-137
1767174502.1182382,-1,1,-140
1767174502.1282382,1,4,-137
1767174502.1382382,-1,4,-129
1767174502.1482382,-2,6,-129
1767174502.1572382,-7,4,-131
1767174502.1682382,-5,0,-123
1767174502.1782382,-4,0,-124
1767174502.188238,0,0,-128
1767174502.198238,0,1,-129
1767174502.208238,-2,1,-125
1767174502.218238,-6,-1,-122
1767174502.228238,-4,-2,-121
1767174502.238238,1,0,-120
1767174502.248238,1,3,-124
1767174502.258238,0,0,-122
1767174502.268238,5,-5,-127
1767174502.278238,2,-2,-124
1767174502.288238,6,-7,-129
1767174502.298238,1,-3,-119
1767174502.3082385,1,1,-115
1767174502.3182385,0,2,-110
1767174502.3282382,0,0,-111
1767174502.3382382,2,-2,-111
1767174502.3482382,2,-3,-112
1767174502.3582382,2,-5,-108
1767174502.3682382,1,-2,-108
1767174502.3782382,4,0,-107
1767174502.3882382,0,-1,-114
1767174502.3982382,0,-5,-112
1767174502.4082382,-1,-3,-115
1767174502.4182382,0,-2,-114
1767174502.4282382,2,-6,-114
1767174502.438238,-1,-6,-114
1767174502.448238,-1,0,-116
1767174502.458238,-2,3,-124
1767174502.468238,0,3,-128
1767174502.478238,-4,0,-131
1767174502.488238,-1,3,-137
1767174502.498238,2,4,-141
1767174502.508238,8,4,-136
1767174502.518238,6,3,-135
1767174502.528238,4,0,-127
1767174502.538238,-2,-6,-122
1767174502.548238,4,-8,-123
1767174502.5582385,4,-2,-127
1767174502.5682385,3,-3,-125
1767174502.5782382,0,-2,-127
1767174502.5882382,-4,-2,-128
1767174502.5982382,-7,-3,-134
1767174502.6082382,-8,-2,-135
1767174502.6182382,-2,0,-135
1767174502.6282382,-2,0,-135
1767174502.6382382,0,3,-131
1767174502.6482382,0,-4,-128
1767174502.6582382,0,-5,-128
1767174502.6682382,3,-6,-127
1767174502.6782382,6,-4,-130
1767174502.688238,3,-5,-136
1767174502.698238,-3,-2,-137
1767174502.708238,-4,-2,-125
1767174502.718238,-2,-4,-122
1767174502.728238,-5,-3,-120
1767174502.738238,-1,-2,-118
1767174502.748238,-3,-4,-116
1767174502.758238,-6,-8,-113
1767174502.768238,-8,-9,-109
1767174502.778238,-3,-6,-114
1767174502.788238,-1,-2,-111
1767174502.798238,-5,0,-118
1767174502.8082385,-2,1,-117
1767174502.8182385,0,1,-117
1767174502.8282382,-3,3,-122
1767174502.8382382,-4,7,-121
1767174502.8482382,-3,6,-122
1767174502.8582382,-4,4,-118
1767174502.8682382,-5,2,-125
1767174502.8782382,-5,1,-126
1767174502.8882382,2,2,-125
1767174502.8982382,2,1,-119
1767174502.9082382,1,1,-122
1767174502.9182382,2,0,-125
1767174502.9282382,5,0,-122
1767174502.938238,6,-1,-125
1767174502.948238,6,1,-130
1767174502.958238,0,3,-117
1767174502.968238,2,4,-120
1767174502.978238,5,0,-118
1767174502.988238,2,3,-116
1767174502.998238,5,1,-116
1767174503.008238,5,-2,-116
1767174503.018238,2,1,-115
1767174503.028238,2,2,-117
1767174503.038238,0,2,-115
1767174503.048238,0,2,-111
1767174503.0582385,1,0,-116
1767174503.0682385,-2,-1,-114
1767174503.0782382,-5,-3,-124
1767174503.0882382,-6,-2,-118
1767174503.0982382,-9,-2,-119
1767174503.1082382,-9,-1,-128
1767174503.1182382,-5,1,-126
1767174503.1282382,-1,3,-126
1767174503.1382382,-3,2,-125
1767174503.1482382,-2,3,-120
1767174503.1582382,0,1,-124
1767174503.1682382,-2,-1,-127
1767174503.1782382,0,-4,-124
1767174503.188238,5,-7,-116
1767174503.198238,8,-9,-112
1767174503.208238,6,-8,-113
1767174503.218238,5,-7,-118
1767174503.228238,2,-7,-119
1767174503.238238,2,-8,-127
1767174503.248238,0,-7,-130
1767174503.258238,-1,-5,-127
1767174503.268238,-1,-2,-126
1767174503.278238,2,1,-120
1767174503.288238,1,4,-125
1767174503.298238,4,4,-134
1767174503.3082385,-5,3,-131
1767174503.3182385,-3,7,-131
1767174503.3392382,6,2,-128
1767174503.3482382,4,0,-132
1767174503.3582382,0,-1,-129
1767174503.3682382,-1,0,-127
1767174503.3782382,-1,3,-129
1767174503.3882382,-4,4,-126
1767174503.3982382,0,2,-129
1767174503.4082382,6,2,-134
1767174503.4182382,2,5,-140
1767174503.4282382,2,6,-130
1767174503.438238,3,2,-131
1767174503.448238,2,-2,-127
1767174503.458238,-3,0,-129
1767174503.468238,-4,-4,-130
1767174503.478238,0,-5,-129
1767174503.488238,-6,-3,-126
1767174503.498238,-8,-2,-122
1767174503.508238,-4,-4,-126
1767174503.518238,-3,-1,-126
1767174503.528238,-1,-2,-123
1767174503.538238,-3,-2,-129
1767174503.548238,-5,-2,-130
1767174503.5582385,-2,-3,-130
1767174503.5682385,2,-4,-132
1767174503.5782382,0,-3,-124
1767174503.5882382,-2,0,-125
1767174503.5982382,-2,1,-122
1767174503.6082382,-3,0,-126
1767174503.6182382,-1,0,-122
1767174503.6282382,-3,2,-124
1767174503.6382382,-2,0,-118
1767174503.6482382,-5,4,-115
1767174503.6582382,-4,5,-114
1767174503.6682382,-4,3,-119
1767174503.6782382,0,2,-123
1767174503.688238,-3,1,-123
1767174503.698238,0,0,-123
1767174503.708238,0,2,-125
1767174503.718238,3,0,-131
1767174503.728238,6,1,-130
1767174503.738238,6,0,-127
1767174503.748238,7,2,-121
1767174503.758238,7,-3,-122
1767174503.768238,3,-4,-126
1767174503.778238,1,-4,-126
1767174503.788238,-1,-3,-126
1767174503.798238,-6,-2,-130
1767174503.8082385,-8,-1,-128
1767174503.8182385,-10,0,-133
1767174503.8282382,-4,-1,-133
1767174503.8382382,-3,0,-130
1767174503.8482382,2,0,-127
1767174503.8582382,0,0,-128
1767174503.8682382,0,1,-132
1767174503.8782382,0,0,-127
1767174503.8882382,-2,-2,-126
1767174503.8982382,0,-2,-119
1767174503.9082382,2,3,-119
1767174503.9182382,0,2,-123
1767174503.9282382,0,0,-120
1767174503.938238,0,0,-117
1767174503.948238,-3,2,-118
1767174503.958238,-3,3,-120
1767174503.968238,-1,0,-124
1767174503.978238,1,-1,-122
1767174503.988238,4,1,-127
1767174503.998238,4,4,-127
1767174504.008238,2,4,-125
1767174504.018238,0,4,-123
1767174504.028238,-1,5,-128
1767174504.038238,-1,3,-127
1767174504.048238,0,-1,-122
1767174504.0582385,4,1,-126
1767174504.0682385,0,0,-124
1767174504.0782382,2,4,-124
1767174504.0882382,1,4,-124
1767174504.0982382,-2,0,-124
1767174504.1082382,-1,-1,-125
1767174504.1182382,-5,0,-117
1767174504.1282382,-7,-1,-120
1767174504.1382382,-8,0,-125
1767174504.1482382,-7,-1,-121
1767174504.1582382,-3,-4,-118
1767174504.1682382,-2,-3,-117
1767174504.1782382,1,0,-113
1767174504.188238,1,1,-112
1767174504.198238,4,1,-104
1767174504.208238,1,2,-108
1767174504.218238,0,4,-115
1767174504.228238,-5,1,-118
1767174504.238238,-5,0,-115
1767174504.248238,-4,0,-116
1767174504.258238,-2,1,-123
1767174504.268238,-5,4,-119
1767174504.278238,-3,3,-123
1767174504.288238,-4,1,-119
1767174504.298238,-3,1,-117
1767174504.3082385,-6,2,-123
1767174504.3182385,-4,-1,-116
1767174504.3282382,-1,-1,-121
1767174504.3382382,0,-1,-121
1767174504.3482382,2,-3,-119
1767174504.3582382,6,-1,-108
1767174504.3682382,4,-3,-113
1767174504.3782382,0,-1,-118
1767174504.3882382,2,0,-114
1767174504.3982382,0,0,-124
1767174504.4082382,0,0,-126
1767174504.4182382,-1,1,-126
1767174504.4282382,-4,0,-120
1767174504.438238,-6,1,-117
1767174504.448238,-2,3,-114
1767174504.458238,2,-2,-119
1767174504.468238,0,-1,-117
1767174504.478238,0,1,-120
1767174504.488238,0,3,-127
1767174504.498238,0,5,-129
1767174504.508238,-4,2,-132
1767174504.518238,-5,3,-127
1767174504.528238,-8,-1,-126
1767174504.538238,-4,-5,-126
1767174504.548238,-4,-3,-119
1767174504.5582385,0,0,-114
1767174504.5682385,1,-2,-112
1767174504.5782382,0,-9,-106
1767174504.5882382,-1,-7,-115
1767174504.5982382,0,-3,-123
1767174504.6082382,0,-4,-124
1767174504.6182382,3,-3,-117
1767174504.6282382,2,-7,-108
1767174504.6382382,-1,-4,-110
1767174504.6482382,1,-2,-109
1767174504.6582382,0,0,-106
1767174504.6682382,0,0,-106
1767174504.6782382,1,-1,-112
1767174504.688238,0,-2,-117
1767174504.698238,-4,-2,-121
1767174504.708238,-3,-5,-122
1767174504.718238,-1,-4,-129
1767174504.728238,-3,-7,-127
1767174504.738238,0,-7,-125
1767174504.748238,1,-7,-131
1767174504.758238,1,-3,-134
1767174504.768238,0,-7,-128
1767174504.778238,-3,-3,-130
1767174504.788238,-7,3,-125
1767174504.798238,-6,3,-124
1767174504.8092382,-4,2,-124
1767174504.8192382,-2,3,-128
1767174504.8292382,-6,4,-130
1767174504.8392382,-7,5,-128
1767174504.8482382,-3,3,-129
1767174504.859238,-4,1,-124
1767174504.869238,-3,-1,-123
1767174504.879238,-5,-2,-126
1767174504.890238,0,0,-119
1767174504.8982382,-2,0,-116
1767174504.909238,-6,0,-116
1767174504.919238,-5,1,-118
1767174504.929238,-7,2,-121
1767174504.939238,-4,2,-118
1767174504.948238,0,4,-120
1767174504.959238,1,3,-113
1767174504.969238,4,1,-119
1767174504.9792385,2,1,-119
1767174504.9892385,2,5,-123
1767174504.998238,-5,3,-124
1767174505.0092382,-1,-1,-130
1767174505.0192382,0,-2,-124
1767174505.0292382,0,0,-118
1767174505.0392382,-2,0,-112
1767174505.0492382,0,5,-115
1767174505.0592382,0,3,-113
1767174505.0692382,0,0,-111
1767174505.0792382,1,0,-113
1767174505.0892382,5,-2,-116
1767174505.0992382,4,-2,-118
1767174505.109238,2,-1,-120
1767174505.119238,1,3,-123
1767174505.129238,-3,4,-123
1767174505.139238,-3,2,-124
1767174505.149238,-5,0,-125
1767174505.159238,-2,-2,-122
1767174505.169238,1,-1,-120
1767174505.179238,-1,3,-117
1767174505.189238,-4,0,-120
1767174505.199238,-7,2,-129
1767174505.209238,-4,3,-130
1767174505.219238,-5,0,-129
1767174505.2292385,-5,-1,-130
1767174505.2392385,-6,0,-126
1767174505.2492385,-3,5,-126
1767174505.2592382,0,1,-122
1767174505.2692382,-1,1,-120
1767174505.2792382,-4,2,-126
1767174505.2892382,-5,0,-126
1767174505.2992382,-5,-1,-124
1767174505.3092382,-8,3,-129
1767174505.3192382,-8,2,-126
1767174505.3292382,-6,0,-125
1767174505.3392382,-6,0,-123
1767174505.3492382,-3,-3,-124
1767174505.359238,1,-1,-118
1767174505.369238,2,0,-119
1767174505.379238,-3,-2,-124
1767174505.389238,-7,-2,-124
1767174505.399238,-6,-2,-121
1767174505.409238,-5,-4,-121
1767174505.419238,-9,-1,-120
1767174505.429238,-8,2,-122
1767174505.439238,2,1,-123
1767174505.449238,6,2,-120
1767174505.459238,7,2,-114
1767174505.469238,6,3,-111
1767174505.4792385,3,0,-114
1767174505.4892385,0,-3,-121
1767174505.4992385,1,0,-126
1767174505.5092382,1,-2,-123
1767174505.5192382,1,-1,-119
1767174505.5292382,5,-3,-122
1767174505.5392382,4,0,-122
1767174505.5492382,5,0,-127
1767174505.5592382,7,1,-129
1767174505.5692382,0,1,-127
1767174505.5792382,3,0,-124
1767174505.5892382,2,3,-123
1767174505.5992382,2,-1,-124
1767174505.609238,3,-4,-123
1767174505.619238,1,-4,-125
1767174505.629238,2,0,-132
1767174505.639238,6,-2,-127
1767174505.649238,6,0,-121
1767174505.659238,5,0,-117
1767174505.669238,2,0,-121
1767174505.679238,0,-5,-118
1767174505.689238,0,-9,-120
1767174505.699238,-3,-12,-116
1767174505.709238,0,-11,-113
1767174505.719238,0,-7,-116
1767174505.7292385,-1,-6,-117
1767174505.7392385,1,-7,-118
1767174505.7492385,1,-5,-115
1767174505.7592382,2,-2,-114
1767174505.7692382,0,1,-119
1767174505.7792382,-3,1,-119
1767174505.7892382,-6,1,-118
1767174505.7992382,-8,-3,-124
1767174505.8092382,-4,-3,-122
1767174505.8192382,-4,-6,-122
1767174505.8292382,-1,-5,-125
1767174505.8392382,0,0,-122
1767174505.8492382,0,0,-123
1767174505.859238,-2,2,-121
1767174505.869238,0,2,-122
1767174505.879238,1,-4,-118
1767174505.889238,3,0,-120
1767174505.899238,1,-1,-113
1767174505.909238,0,-2,-117
1767174505.919238,-3,-1,-117
1767174505.929238,-6,-4,-116
1767174505.939238,-4,-3,-116
1767174505.949238,2,-2,-115
1767174505.959238,2,0,-110
1767174505.969238,1,-4,-110
1767174505.9792385,1,-3,-115
1767174505.9892385,3,-6,-111
1767174505.9992385,3,-6,-115
1767174506.0092382,4,-4,-116
1767174506.0192382,5,-9,-113
1767174506.0292382,5,-11,-118
1767174506.0392382,5,-15,-126
1767174506.0492382,-1,-12,-136
1767174506.0592382,0,-11,-131
1767174506.0692382,-2,-10,-130
1767174506.0792382,-3,-7,-123
1767174506.0892382,-7,-4,-120
1767174506.0992382,-3,-2,-118
1767174506.109238,-2,2,-115
1767174506.119238,0,3,-114
1767174506.129238,2,4,-114
1767174506.139238,1,0,-110
1767174506.149238,-1,-2,-112
1767174506.159238,0,-5,-110
1767174506.169238,3,-7,-110
1767174506.179238,0,-7,-104
1767174506.189238,1,-13,-101
1767174506.199238,0,-7,-109
1767174506.209238,-1,-5,-117
1767174506.219238,0,-2,-121
1767174506.2292385,1,0,-119
1767174506.2392385,2,0,-121
1767174506.2492385,-2,-1,-119
1767174506.2592382,-4,1,-116
1767174506.2692382,-2,0,-113
1767174506.2792382,-1,-1,-112
1767174506.2892382,-1,0,-112
1767174506.2992382,-3,-1,-118
1767174506.3092382,-8,-4,-125
1767174506.3192382,-3,-6,-128
1767174506.3292382,-3,-3,-126
1767174506.3392382,0,0,-122
1767174506.3492382,-4,-2,-125
1767174506.359238,-4,0,-120
1767174506.369238,-2,0,-118
1767174506.379238,-9,0,-121
1767174506.389238,-7,1,-125
1767174506.399238,-9,3,-123
1767174506.409238,-8,8,-118
1767174506.419238,-9,10,-120
1767174506.429238,-7,9,-124
1767174506.439238,-2,6,-125
1767174506.449238,0,6,-123
1767174506.459238,-4,4,-124
1767174506.469238,-7,6,-127
1767174506.4792385,-8,5,-127
1767174506.4892385,-9,5,-119
1767174506.4992385,-6,7,-116
1767174506.5092382,-3,5,-125
1767174506.5192382,-3,4,-135
1767174506.5292382,-5,3,-142
1767174506.5392382,-10,2,-142
1767174506.5492382,-10,2,-139
1767174506.5592382,-7,0,-134
1767174506.5692382,-5,0,-128
1767174506.5792382,-7,4,-131
1767174506.5892382,-1,3,-129
1767174506.5992382,-4,0,-128
1767174506.609238,-6,0,-127
1767174506.619238,-6,-2,-125
1767174506.629238,-1,-6,-126
1767174506.639238,0,-7,-129
1767174506.649238,0,-4,-122
1767174506.659238,2,-6,-121
1767174506.669238,-1,-6,-116
1767174506.679238,1,-7,-118
1767174506.689238,0,-6,-119
1767174506.699238,1,-4,-118
1767174506.709238,-1,0,-112
1767174506.719238,1,-2,-118
1767174506.7292385,5,-6,-119
1767174506.7392385,3,-2,-117
1767174506.7492385,0,-3,-120
1767174506.7592382,2,-6,-122
1767174506.7692382,2,-11,-128
1767174506.7792382,3,-6,-126
1767174506.7892382,0,-6,-126
1767174506.7992382,5,-3,-121
1767174506.8092382,3,-2,-124
1767174506.8192382,0,0,-125
1767174506.8292382,0,0,-127
1767174506.8392382,-1,-1,-122
1767174506.8492382,-2,0,-127
1767174506.859238,4,0,-130
1767174506.869238,4,0,-128
1767174506.879238,4,-2,-127
1767174506.889238,6,-3,-121
1767174506.899238,3,-1,-114
1767174506.909238,4,0,-114
1767174506.919238,4,0,-116
1767174506.929238,4,-2,-118
1767174506.939238,4,-5,-115
1767174506.949238,4,0,-119
1767174506.959238,1,0,-119
1767174506.969238,2,3,-119
1767174506.9792385,1,0,-124
1767174506.9892385,0,-4,-122
1767174506.9992385,-4,-2,-125
1767174507.0092382,-4,-1,-120
1767174507.0192382,-2,0,-116
1767174507.0292382,0,0,-117
1767174507.0392382,-2,0,-119
1767174507.0492382,0,-1,-115
1767174507.0592382,-1,-2,-111
1767174507.0692382,1,0,-111
1767174507.0792382,0,0,-113
1767174507.0892382,0,-2,-114
1767174507.0992382,0,-1,-119
1767174507.109238,1,2,-117
1767174507.119238,0,0,-119
1767174507.129238,1,1,-126
1767174507.139238,0,2,-134
1767174507.149238,0,0,-136
1767174507.159238,0,0,-134
1767174507.169238,3,1,-129
1767174507.179238,4,3,-132
1767174507.189238,3,3,-134
1767174507.199238,2,0,-139
1767174507.209238,3,-2,-139
1767174507.219238,4,-4,-134
1767174507.2292385,1,-7,-129
1767174507.2392385,-2,-8,-126
1767174507.2492385,-6,-10,-128
1767174507.2592382,-4,-9,-128
1767174507.2692382,-1,-13,-130
1767174507.2792382,0,-7,-128
1767174507.2892382,0,-7,-135
1767174507.2992382,2,-5,-137
1767174507.3092382,0,-5,-138
1767174507.3192382,3,1,-136
1767174507.3292382,2,2,-131
1767174507.3392382,5,1,-129
1767174507.3492382,4,2,-129
1767174507.359238,2,7,-124
1767174507.369238,-1,9,-126
1767174507.379238,-1,10,-126
1767174507.389238,-2,6,-127
1767174507.399238,0,5,-122
1767174507.409238,4,5,-122
1767174507.419238,5,6,-119
1767174507.4302382,6,9,-119
1767174507.439238,6,5,-113
1767174507.449238,4,6,-119
1767174507.459238,0,4,-118
1767174507.469238,1,1,-113
1767174507.4802382,0,1,-110
1767174507.4902382,-7,4,-115
1767174507.5002382,-7,4,-117
1767174507.5102382,-4,6,-118
1767174507.5202382,-4,5,-126
1767174507.5302382,1,8,-127
1767174507.540238,1,8,-125
1767174507.550238,1,4,-127
1767174507.560238,0,1,-130
1767174507.570238,-2,2,-127
1767174507.580238,-4,3,-120
1767174507.590238,-6,0,-114
1767174507.600238,-6,0,-117
1767174507.610238,-3,0,-126
1767174507.620238,-2,0,-130
1767174507.630238,-5,-1,-134
1767174507.640238,1,-1,-131
1767174507.650238,3,-5,-131
1767174507.6602385,0,-4,-137
1767174507.6702385,-2,1,-137
1767174507.6802382,-4,4,-142
1767174507.6902382,0,0,-141
1767174507.7002382,0,1,-138
1767174507.7102382,2,3,-137
1767174507.7202382,3,0,-128
1767174507.7302382,6,2,-125
1767174507.7402382,3,1,-127
1767174507.7502382,4,3,-126
1767174507.7602382,9,6,-123
1767174507.7702382,6,9,-118
1767174507.7802382,6,10,-116
1767174507.790238,3,7,-115
1767174507.800238,5,0,-120
1767174507.810238,5,-4,-120
1767174507.820238,4,-9,-123
1767174507.830238,0,-6,-120
1767174507.840238,-2,-5,-124
1767174507.850238,-5,-6,-127
1767174507.860238,-5,-2,-125
1767174507.870238,-7,0,-121
1767174507.880238,-7,-2,-121
1767174507.890238,-4,-2,-116
1767174507.900238,-6,-3,-117
1767174507.9102385,-6,-3,-118
1767174507.9202385,-4,-1,-125
1767174507.9302382,2,0,-118
1767174507.9402382,3,0,-112
1767174507.9502382,1,0,-113
1767174507.9602382,3,0,-116
1767174507.9702382,1,0,-113
1767174507.9802382,2,-1,-113
1767174507.9902382,0,-2,-116
1767174508.0002382,-2,-4,-118
1767174508.0102382,-3,0,-119
1767174508.0202382,-4,-1,-116
1767174508.0302382,-2,-3,-122
1767174508.040238,-3,-3,-115
1767174508.050238,-4,-5,-120
1767174508.060238,-5,-5,-123
1767174508.070238,-10,-7,-128
1767174508.080238,-13,-7,-125
1767174508.090238,-13,-8,-125
1767174508.100238,-11,-6,-128
1767174508.110238,-9,-6,-127
1767174508.120238,-9,-4,-129
1767174508.130238,-10,-4,-131
1767174508.140238,-6,-1,-133
1767174508.150238,-4,-3,-127
1767174508.1602385,0,0,-125
1767174508.1702385,0,-2,-124
1767174508.1802382,8,-3,-123
1767174508.1902382,7,0,-125
1767174508.2002382,4,1,-123
1767174508.2102382,1,-1,-123
1767174508.2202382,1,0,-117
1767174508.2302382,0,0,-113
1767174508.2402382,2,0,-109
1767174508.2502382,2,-2,-108
1767174508.2602382,-2,-3,-111
1767174508.2702382,-4,-3,-115
1767174508.2802382,-4,-3,-118
1767174508.290238,-1,-5,-120
1767174508.300238,-4,-3,-117
1767174508.310238,0,1,-117
1767174508.320238,2,0,-117
1767174508.330238,0,1,-113
1767174508.3512385,-1,-5,-124
1767174508.360238,-3,-8,-120
1767174508.370238,-3,-7,-122
1767174508.380238,-3,-7,-121
1767174508.390238,-6,-5,-127
1767174508.400238,-3,-4,-128
1767174508.4102385,-5,-2,-131
1767174508.4202385,0,0,-133
1767174508.4302382,6,0,-130
1767174508.4402382,8,4,-127
1767174508.4502382,6,4,-123
1767174508.4602382,2,2,-124
1767174508.4702382,0,1,-129
1767174508.4802382,0,-2,-126
1767174508.4902382,-5,0,-120
1767174508.5002382,-4,3,-122
1767174508.5102382,-3,0,-120
1767174508.5202382,-5,0,-117
1767174508.5302382,-8,0,-120
1767174508.540238,-6,-1,-115
1767174508.550238,-3,-2,-114
1767174508.560238,-3,0,-118
1767174508.570238,1,4,-120
1767174508.580238,0,1,-127
1767174508.590238,-1,1,-127
1767174508.600238,-3,0,-130
1767174508.610238,-5,0,-139
1767174508.620238,-5,0,-131
1767174508.630238,-5,5,-121
1767174508.640238,-2,5,-124
1767174508.650238,-5,-1,-122
1767174508.6602385,-1,2,-122
1767174508.6702385,-6,0,-125
1767174508.6802382,-9,0,-125
1767174508.6902382,-7,-2,-128
1767174508.7002382,-8,-2,-130
1767174508.7102382,-6,0,-129
1767174508.7202382,-5,-3,-124
1767174508.7302382,-5,-5,-120
1767174508.7402382,-1,-2,-113
1767174508.7502382,2,-2,-108
1767174508.7602382,5,-1,-112
1767174508.7702382,2,1,-117
1767174508.7802382,-2,2,-120
1767174508.790238,0,-2,-121
1767174508.800238,0,-1,-115
1767174508.810238,10,-1,-116
1767174508.820238,7,-1,-118
1767174508.830238,7,0,-115
1767174508.840238,0,-1,-114
1767174508.850238,3,1,-121
1767174508.860238,5,3,-123
1767174508.870238,1,2,-117
1767174508.880238,2,0,-121
1767174508.890238,4,3,-115
1767174508.900238,6,8,-118
1767174508.9102385,2,5,-122
1767174508.9202385,7,3,-119
1767174508.9302382,5,3,-116
1767174508.9402382,3,0,-112
1767174508.9502382,0,0,-119
1767174508.9602382,-1,1,-115
1767174508.9702382,0,0,-112
1767174508.9802382,1,-4,-119
1767174508.9902382,2,-2,-120
1767174509.0002382,4,0,-119
1767174509.0102382,6,-1,-120
1767174509.0202382,6,-2,-113
1767174509.0302382,5,0,-118
1767174509.040238,6,-5,-115
1767174509.050238,2,-8,-120
1767174509.060238,0,-8,-114
1767174509.070238,-3,-3,-117
1767174509.080238,-5,-2,-120
1767174509.090238,-6,-1,-111
1767174509.100238,-4,-3,-106
1767174509.110238,-2,-6,-106
1767174509.120238,-2,-2,-106
1767174509.130238,-6,0,-111
1767174509.140238,-4,-1,-107
1767174509.150238,-8,-4,-112
1767174509.1602385,-6,-4,-114
1767174509.1702385,0,-3,-121
1767174509.1802382,0,1,-122
1767174509.1902382,-3,1,-120
1767174509.2002382,-5,-3,-122
1767174509.2102382,-4,-6,-126
1767174509.2202382,0,-4,-125
1767174509.2302382,-5,-6,-124
1767174509.2402382,-5,-6,-126
1767174509.2502382,-3,-6,-122
1767174509.2602382,0,-3,-123
1767174509.2702382,3,-2,-117
1767174509.2802382,7,-3,-117
1767174509.290238,8,-2,-121
1767174509.300238,7,-3,-129
1767174509.310238,3,-2,-126
1767174509.320238,0,-1,-127
1767174509.330238,2,1,-124
1767174509.340238,3,4,-123
1767174509.350238,0,1,-124
1767174509.360238,-4,1,-120
1767174509.370238,-5,-1,-124
1767174509.380238,-5,0,-118
1767174509.390238,-2,-4,-113
1767174509.400238,0,-5,-111
1767174509.4102385,2,-6,-108
1767174509.4202385,3,-6,-113
1767174509.4302382,0,-5,-113
1767174509.4402382,4,-6,-113
1767174509.4502382,9,-7,-109
1767174509.4602382,12,0,-111
1767174509.4702382,12,1,-110
1767174509.4802382,9,2,-113
1767174509.4902382,6,4,-113
1767174509.5002382,0,3,-109
1767174509.5102382,1,2,-108
1767174509.5202382,-1,0,-110
1767174509.5302382,0,3,-108
1767174509.540238,3,1,-112
1767174509.550238,9,-2,-123
1767174509.560238,9,-2,-125
1767174509.570238,8,2,-124
1767174509.580238,4,0,-119
1767174509.590238,1,-3,-114
1767174509.600238,2,-4,-117
1767174509.610238,4,-8,-121
1767174509.620238,3,-7,-118
1767174509.630238,4,-6,-123
1767174509.640238,2,-2,-127
1767174509.650238,3,-3,-124
1767174509.6602385,4,-5,-122
1767174509.6702385,1,-5,-122
1767174509.6802382,1,-2,-128
1767174509.6902382,-2,1,-134
1767174509.7002382,-4,-3,-126
1767174509.7102382,0,-5,-130
1767174509.7202382,1,-3,-129
1767174509.7302382,1,0,-128
1767174509.7402382,0,2,-120
1767174509.7502382,1,2,-125
1767174509.7602382,1,0,-121
1767174509.7702382,0,-3,-125
1767174509.7802382,-3,-5,-127
1767174509.790238,-4,-9,-123
1767174509.800238,-1,-7,-125
1767174509.810238,3,-6,-126
1767174509.820238,0,-8,-126
1767174509.830238,0,-8,-130
1767174509.840238,0,-6,-135
1767174509.850238,5,-3,-132
1767174509.860238,0,0,-120
1767174509.870238,2,0,-122
1767174509.880238,0,-4,-119
1767174509.890238,0,-2,-122
1767174509.900238,-1,0,-120
1767174509.9102385,-3,0,-118
1767174509.9202385,-5,1,-125
1767174509.9302382,-4,1,-122
1767174509.9402382,-1,1,-122
1767174509.9502382,-2,1,-121
1767174509.9602382,-5,-2,-125
1767174509.9702382,-9,1,-127
1767174509.9802382,-9,6,-122
1767174509.9902382,-6,4,-126
1767174510.0002382,-4,5,-124
1767174510.0102382,-1,1,-120
1767174510.0202382,1,6,-125
1767174510.0302382,1,4,-128
1767174510.040238,0,0,-130
1767174510.050238,-1,0,-125
1767174510.060238,-2,-1,-122
1767174510.070238,0,-5,-125
1767174510.080238,0,-3,-129
1767174510.090238,0,-4,-125
1767174510.1012385,-1,-3,-128
1767174510.1112382,-5,-4,-131
1767174510.120238,-7,-5,-131
1767174510.130238,-3,-4,-131
1767174510.1412382,-2,-2,-127
1767174510.1512382,-1,-2,-129
1767174510.1612382,1,-2,-127
1767174510.1712382,3,-4,-125
1767174510.1802382,5,-4,-116
1767174510.1912382,10,0,-122
1767174510.2012382,6,2,-121
1767174510.211238,2,1,-119
1767174510.221238,3,0,-128
1767174510.2302382,0,0,-132
1767174510.241238,3,-1,-131
1767174510.251238,8,-5,-129
1767174510.261238,9,-3,-130
1767174510.271238,11,0,-134
1767174510.281238,8,-2,-126
1767174510.291238,7,-1,-132
1767174510.301238,5,-2,-133
1767174510.311238,2,3,-133
1767174510.321238,2,5,-136
1767174510.3312385,2,1,-131
1767174510.3412385,0,-3,-125
1767174510.3512385,0,-2,-120
1767174510.3612382,1,-3,-122
1767174510.3712382,0,-5,-118
1767174510.3812382,-1,-1,-117
1767174510.3912382,-2,-2,-117
1767174510.4012382,0,-6,-120
1767174510.4112382,-2,-6,-122
1767174510.4212382,-3,-7,-124
1767174510.4312382,0,-8,-125
1767174510.4412382,0,-6,-128
1767174510.4512382,-2,-6,-119
1767174510.461238,-2,-7,-121
1767174510.471238,0,-4,-118
1767174510.481238,0,-2,-115
1767174510.491238,-2,-3,-113
1767174510.501238,4,-6,-113
1767174510.511238,2,-10,-114
1767174510.521238,2,-5,-112
1767174510.531238,1,-6,-106
1767174510.541238,-1,-5,-116
1767174510.551238,1,-4,-114
1767174510.561238,1,-3,-113
1767174510.571238,1,-3,-112
1767174510.5812385,7,0,-112
1767174510.5912385,6,4,-105
1767174510.6012385,6,1,-108
1767174510.6112382,5,2,-115
1767174510.6212382,3,4,-122
1767174510.6312382,0,4,-120
1767174510.6412382,-1,0,-121
1767174510.6512382,-1,0,-122
1767174510.6612382,2,3,-124
1767174510.6712382,1,1,-129
1767174510.6812382,7,0,-132
1767174510.6912382,5,2,-126
1767174510.7012382,7,3,-132
1767174510.711238,3,3,-127
1767174510.721238,-1,1,-127
1767174510.731238,-2,0,-129
1767174510.741238,2,0,-126
1767174510.751238,1,-1,-118
1767174510.761238,1,1,-119
1767174510.771238,-1,1,-120
1767174510.781238,-3,-2,-122
1767174510.791238,-8,0,-122
1767174510.801238,-2,3,-125
1767174510.811238,-1,3,-115
1767174510.821238,-2,0,-120
1767174510.8312385,-3,1,-125
1767174510.8412385,-4,2,-128
1767174510.8512385,-2,3,-136
1767174510.8612382,-2,2,-138
1767174510.8712382,-3,0,-134
1767174510.8812382,-3,0,-123
1767174510.8912382,-2,1,-119
1767174510.9012382,-4,4,-116
1767174510.9112382,-2,4,-113
1767174510.9212382,2,0,-110
1767174510.9312382,7,-2,-112
1767174510.9412382,6,1,-115
1767174510.9512382,8,0,-119
1767174510.961238,7,2,-119
1767174510.971238,9,0,-117
1767174510.981238,7,-4,-121
1767174510.991238,5,-4,-124
1767174511.001238,7,-3,-129
1767174511.011238,5,-2,-127
1767174511.021238,4,-2,-127
1767174511.031238,4,-2,-125
1767174511.041238,6,-3,-126
1767174511.051238,8,-2,-129
1767174511.061238,3,-2,-125
1767174511.071238,4,1,-123
1767174511.0812385,6,0,-117
1767174511.0912385,6,0,-115
1767174511.1012385,6,-1,-107
1767174511.1112382,7,-5,-108
1767174511.1212382,7,-4,-110
1767174511.1312382,7,-1,-117
1767174511.1412382,8,0,-118
1767174511.1512382,7,-2,-117
1767174511.1612382,5,-7,-116
1767174511.1712382,9,-9,-124
1767174511.1812382,4,-7,-124
1767174511.1912382,1,-7,-124
1767174511.2012382,4,-6,-125
1767174511.211238,4,-5,-120
1767174511.221238,2,-2,-123
1767174511.231238,1,1,-123
1767174511.241238,3,2,-121
1767174511.251238,3,1,-123
1767174511.261238,3,-2,-120
1767174511.271238,6,-3,-117
1767174511.281238,4,-2,-118
1767174511.291238,5,-8,-119
1767174511.301238,8,-6,-118
1767174511.311238,9,-5,-120
1767174511.321238,11,-2,-120
1767174511.3312385,11,2,-121
1767174511.3412385,5,1,-128
1767174511.3512385,3,0,-126
1767174511.3612382,0,-3,-130
1767174511.3712382,2,-2,-133
1767174511.3812382,-3,-1,-132
1767174511.3912382,0,1,-122
1767174511.4012382,0,-3,-122
1767174511.4112382,-2,-1,-117
1767174511.4212382,-2,-1,-119
1767174511.4312382,-3,-4,-118
1767174511.4412382,1,-1,-121
1767174511.4512382,0,0,-123
1767174511.461238,4,2,-125
1767174511.471238,0,5,-124
1767174511.481238,-4,4,-124
1767174511.491238,-3,1,-123
1767174511.501238,-7,-1,-121
1767174511.511238,-7,-4,-117
1767174511.521238,0,-9,-118
1767174511.531238,2,-12,-122
1767174511.541238,5,-7,-122
1767174511.551238,4,-2,-120
1767174511.561238,0,-3,-118
1767174511.571238,1,0,-119
1767174511.5812385,8,0,-122
1767174511.5912385,2,-1,-123
1767174511.6012385,-1,0,-125
1767174511.6112382,3,1,-127
1767174511.6212382,4,-4,-128
1767174511.6312382,11,-1,-130
1767174511.6412382,7,0,-124
1767174511.6512382,7,0,-119
1767174511.6612382,8,-2,-128
1767174511.6712382,10,-3,-124
1767174511.6812382,6,-3,-118
1767174511.6912382,3,-4,-125
1767174511.7012382,-1,-4,-128
1767174511.711238,-5,-8,-128
1767174511.721238,-4,-3,-130
1767174511.731238,-4,-5,-136
1767174511.741238,4,-5,-135
1767174511.751238,1,-8,-130
1767174511.761238,1,-7,-125
1767174511.771238,0,-4,-115
1767174511.781238,0,-1,-113
1767174511.791238,-2,0,-122
1767174511.801238,-1,1,-125
1767174511.811238,0,2,-129
1767174511.821238,3,2,-125
1767174511.8312385,6,5,-126
1767174511.8412385,4,8,-133
1767174511.8512385,6,0,-130
1767174511.8612382,5,0,-126
1767174511.8712382,7,1,-127
1767174511.8812382,7,4,-126
1767174511.8912382,8,3,-124
1767174511.9012382,10,2,-118
1767174511.9112382,11,0,-117
1767174511.9212382,12,2,-119
1767174511.9312382,9,1,-126
1767174511.9412382,8,0,-125
1767174511.9512382,8,-3,-123
1767174511.961238,9,0,-127
1767174511.971238,9,-2,-129
1767174511.981238,9,-6,-131
1767174511.991238,6,-9,-131
1767174512.001238,6,-5,-124
1767174512.011238,5,-1,-125
1767174512.021238,5,1,-130
1767174512.031238,3,1,-131
1767174512.041238,3,0,-126
1767174512.051238,6,-2,-123
1767174512.061238,6,-2,-121
1767174512.071238,1,-1,-115
1767174512.0812385,2,-2,-117
1767174512.0912385,7,-2,-119
1767174512.1012385,5,-7,-118
1767174512.1112382,1,-7,-122
1767174512.1212382,-1,-5,-122
1767174512.1312382,-1,0,-124
1767174512.1412382,1,-1,-117
1767174512.1512382,-1,-3,-122
1767174512.1612382,1,-4,-125
1767174512.1712382,0,-5,-124
1767174512.1812382,0,-9,-123
1767174512.1912382,0,-6,-125
1767174512.2012382,2,-4,-129
1767174512.211238,-2,-7,-125
1767174512.221238,-3,-5,-125
1767174512.231238,-2,0,-131
1767174512.241238,-3,0,-132
1767174512.251238,-3,-1,-133
1767174512.261238,1,-1,-128
1767174512.271238,-2,-2,-134
1767174512.281238,-3,-2,-135
1767174512.291238,1,-5,-133
1767174512.301238,1,-6,-136
1767174512.311238,1,-6,-135
1767174512.321238,0,-3,-129
1767174512.3312385,2,0,-125
1767174512.3412385,2,0,-123
1767174512.3512385,1,0,-118
1767174512.3612382,3,-1,-121
1767174512.3712382,0,-1,-121
1767174512.3812382,-4,-2,-117
1767174512.3912382,-5,-2,-116
1767174512.4012382,-5,-2,-120
1767174512.4112382,-1,0,-115
1767174512.4212382,1,-1,-111
1767174512.4312382,0,-3,-110
1767174512.4412382,2,0,-111
1767174512.4512382,8,2,-115
1767174512.461238,5,3,-119
1767174512.471238,6,0,-110
1767174512.481238,8,1,-108
1767174512.491238,8,4,-110
1767174512.501238,6,1,-116
1767174512.511238,10,0,-121
1767174512.521238,5,-4,-123
1767174512.531238,0,-4,-123
1767174512.541238,1,2,-131
1767174512.551238,0,0,-118
1767174512.561238,2,-3,-113
1767174512.571238,0,-5,-112
1767174512.5812385,-4,-8,-116
1767174512.5912385,-1,-10,-117
1767174512.6012385,-6,-7,-116
1767174512.6112382,-6,-4,-112
1767174512.6212382,-3,-4,-114
1767174512.6312382,0,-7,-118
1767174512.6412382,-2,-7,-120
1767174512.6512382,1,-7,-118
1767174512.6612382,1,-5,-125
1767174512.6712382,2,-8,-130
1767174512.6812382,6,-6,-133
1767174512.6912382,3,-2,-124
1767174512.7012382,2,0,-117
1767174512.711238,0,-4,-124
1767174512.722238,-4,-7,-122
1767174512.732238,-6,-3,-115
1767174512.741238,1,-5,-114
1767174512.752238,3,-7,-116
1767174512.761238,0,-5,-120
1767174512.771238,-1,-6,-124
1767174512.7822382,-1,-5,-127
1767174512.7922382,-5,-2,-127
1767174512.8022382,0,-3,-124
1767174512.8122382,2,-6,-117
1767174512.8222382,1,-6,-116
1767174512.8322382,2,-4,-117
1767174512.8422382,3,-4,-116
1767174512.8522382,2,-5,-124
1767174512.8622382,3,0,-122
1767174512.8722382,3,0,-123
1767174512.882238,3,3,-122
1767174512.892238,3,6,-129
1767174512.902238,3,5,-125
1767174512.912238,-4,1,-124
1767174512.922238,-6,-1,-131
1767174512.932238,-5,-3,-131
1767174512.942238,-3,-4,-128
1767174512.952238,-1,-6,-129
1767174512.962238,0,-9,-127
1767174512.972238,0,-6,-130
1767174512.982238,-1,-4,-128
1767174512.992238,-4,-2,-131
1767174513.002238,-4,-5,-126
1767174513.0122385,1,-3,-124
1767174513.0222385,4,-3,-124
1767174513.0322382,2,-4,-123
1767174513.0422382,0,-1,-129
1767174513.0522382,-2,-1,-129
1767174513.0622382,-5,-5,-123
1767174513.0722382,-4,-6,-120
1767174513.0822382,-6,-1,-122
1767174513.0922382,-2,-4,-124
1767174513.1022382,0,-1,-122
1767174513.1122382,3,0,-117
1767174513.1222382,0,0,-119
1767174513.132238,1,-1,-125
1767174513.142238,-1,-1,-126
1767174513.152238,1,-4,-122
1767174513.162238,2,-3,-125
1767174513.172238,4,-7,-124
1767174513.182238,6,-6,-123
1767174513.192238,4,-4,-120
1767174513.202238,5,-6,-113
1767174513.212238,5,-7,-118
1767174513.222238,7,-7,-118
1767174513.232238,9,-6,-131
1767174513.242238,11,-9,-131
1767174513.252238,7,-12,-132
1767174513.2622385,9,-12,-131
1767174513.2722385,5,-9,-132
1767174513.2822382,3,-3,-132
1767174513.2922382,4,0,-130
1767174513.3022382,0,-1,-127
1767174513.3122382,2,1,-124
1767174513.3222382,-1,0,-114
1767174513.3322382,-2,-4,-116
1767174513.3422382,-3,-2,-117
1767174513.3642385,-5,-1,-128
1767174513.3722382,-5,-3,-125
1767174513.382238,-5,-5,-119
1767174513.392238,-7,0,-120
1767174513.402238,-4,-4,-122
1767174513.412238,-4,-4,-120
1767174513.422238,-1,-4,-119
1767174513.432238,1,-4,-118
1767174513.442238,2,-2,-123
1767174513.452238,0,0,-135
1767174513.462238,-2,3,-127
1767174513.472238,0,4,-123
1767174513.482238,1,2,-131
1767174513.492238,1,1,-133
1767174513.502238,-2,-2,-131
1767174513.5122385,-2,-6,-126
1767174513.5222385,0,0,-126
1767174513.5322382,1,-3,-126
1767174513.5422382,-3,-5,-130
1767174513.5522382,-3,-5,-132
1767174513.5622382,0,-5,-133
1767174513.5722382,2,-1,-125
1767174513.5822382,2,1,-125
1767174513.5922382,2,1,-124
1767174513.6022382,1,1,-117
1767174513.6122382,1,-1,-121
1767174513.6222382,1,0,-120
1767174513.632238,5,0,-116
1767174513.642238,0,1,-118
1767174513.652238,-3,-3,-118
1767174513.662238,-4,-2,-114
1767174513.672238,5,1,-117
1767174513.682238,5,1,-114
1767174513.692238,4,0,-116
1767174513.702238,4,-4,-114
1767174513.712238,4,-9,-112
1767174513.722238,4,-11,-114
1767174513.732238,0,-14,-116
1767174513.742238,-3,-11,-123
1767174513.752238,-2,-7,-123
1767174513.7622385,-2,-7,-128
1767174513.7722385,0,-6,-125
1767174513.7822382,0,-7,-126
1767174513.7922382,2,-1,-125
1767174513.8022382,0,-2,-122
1767174513.8122382,4,-5,-124
1767174513.8222382,1,1,-122
1767174513.8322382,1,0,-126
1767174513.8422382,3,3,-124
1767174513.8522382,2,0,-128
1767174513.8622382,0,0,-122
1767174513.8722382,2,0,-123
1767174513.882238,1,-3,-124
1767174513.892238,3,-4,-119
1767174513.902238,4,-2,-124
1767174513.912238,-1,-3,-127
1767174513.922238,3,0,-115
1767174513.932238,6,6,-117
1767174513.942238,4,2,-116
1767174513.952238,3,-1,-121
1767174513.962238,0,-3,-123
1767174513.972238,3,-2,-121
1767174513.982238,0,1,-124
1767174513.992238,-2,1,-129
1767174514.002238,2,-3,-131
1767174514.0122385,5,-4,-127
1767174514.0222385,3,-5,-122
1767174514.0322382,0,-6,-117
1767174514.0422382,-1,-2,-112
1767174514.0522382,-3,-5,-116
1767174514.0622382,-1,-3,-117
1767174514.0722382,-1,-2,-117
1767174514.0822382,1,0,-123
1767174514.0922382,0,0,-123
1767174514.1022382,-3,0,-120
1767174514.1122382,0,3,-123
1767174514.1222382,1,8,-118
1767174514.132238,0,6,-116
1767174514.142238,3,4,-121
1767174514.152238,2,3,-119
1767174514.162238,2,3,-117
1767174514.172238,3,6,-121
1767174514.182238,1,5,-118
1767174514.192238,4,0,-124
1767174514.202238,8,0,-126
1767174514.212238,7,0,-128
1767174514.222238,7,0,-127
1767174514.232238,7,0,-125
1767174514.242238,7,-7,-130
1767174514.252238,5,-8,-129
1767174514.2622385,2,-7,-131
1767174514.2722385,0,-4,-137
1767174514.2822382,-2,-3,-138
1767174514.2922382,-6,-3,-127
1767174514.3022382,-5,0,-123
1767174514.3122382,-6,0,-117
1767174514.3222382,0,0,-114
1767174514.3322382,-2,-1,-116
1767174514.3422382,-2,-2,-119
1767174514.3522382,1,-3,-120
1767174514.3622382,0,-2,-115
1767174514.3722382,-3,0,-120
1767174514.382238,-4,0,-126
1767174514.392238,-6,-3,-127
1767174514.402238,-3,-2,-128
1767174514.412238,-1,-2,-131
1767174514.422238,-2,-3,-124
1767174514.432238,2,-5,-119
1767174514.442238,2,-7,-122
1767174514.452238,1,-7,-130
1767174514.462238,3,-3,-125
1767174514.472238,2,-3,-121
1767174514.482238,0,1,-118
1767174514.492238,-6,-2,-122
1767174514.502238,-6,-1,-120
1767174514.5122385,-5,-5,-118
1767174514.5222385,-5,-6,-121
1767174514.5322382,-1,-8,-120
1767174514.5422382,1,-7,-122
1767174514.5522382,2,-7,-121
1767174514.5622382,5,-6,-119
1767174514.5722382,2,-12,-117
1767174514.5822382,1,-8,-115
1767174514.5922382,2,-6,-117
1767174514.6022382,3,-6,-121
1767174514.6122382,-1,-1,-120
1767174514.6222382,-6,0,-120
1767174514.632238,-6,2,-119
1767174514.642238,-2,0,-121
1767174514.652238,-3,0,-123
1767174514.662238,-8,-2,-121
1767174514.672238,-3,-7,-120
1767174514.682238,-1,-9,-121
1767174514.692238,1,-8,-121
1767174514.702238,0,-7,-123
1767174514.712238,1,-2,-122
1767174514.722238,-1,-3,-115
1767174514.732238,0,-3,-112
1767174514.742238,2,-5,-120
1767174514.752238,10,-7,-117
1767174514.7622385,5,-5,-119
1767174514.7722385,3,-4,-119
1767174514.7822382,6,-1,-119
1767174514.7922382,6,0,-118
1767174514.8022382,2,-2,-124
1767174514.8122382,3,0,-129
1767174514.8222382,0,4,-129
1767174514.8322382,-2,4,-125
1767174514.8422382,-3,8,-125
1767174514.8522382,-4,6,-125
1767174514.8622382,-3,3,-125
1767174514.8722382,0,1,-126
1767174514.882238,3,0,-135
1767174514.892238,7,-3,-131
1767174514.902238,3,-2,-132
1767174514.912238,3,0,-135
1767174514.922238,2,0,-132
1767174514.932238,0,-4,-126
1767174514.942238,-6,-3,-125
1767174514.952238,-6,-4,-126
1767174514.962238,-3,-5,-124
1767174514.972238,0,-2,-125
1767174514.982238,-2,-1,-121
1767174514.992238,0,-1,-124
1767174515.002238,0,-1,-123
1767174515.0122385,0,0,-121
1767174515.0222385,0,-4,-119
1767174515.0322382,2,-2,-116
1767174515.0422382,3,1,-118
1767174515.0522382,1,1,-121
1767174515.0622382,0,1,-114
1767174515.0722382,-1,0,-111
1767174515.0822382,0,-4,-114
1767174515.0922382,2,-5,-119
1767174515.1022382,4,-7,-118
1767174515.1122382,0,-8,-117
1767174515.1222382,-4,-5,-120
1767174515.132238,-2,-7,-121
1767174515.142238,-2,-7,-128
1767174515.152238,0,-5,-126
1767174515.162238,-1,-3,-126
1767174515.172238,0,-3,-127
1767174515.182238,0,-4,-116
1767174515.192238,0,-9,-114
1767174515.202238,-1,-7,-110
1767174515.212238,-2,-6,-121
1767174515.222238,-1,-7,-122
1767174515.232238,1,-10,-129
1767174515.242238,0,-9,-129
1767174515.252238,1,-9,-118
1767174515.2622385,1,-7,-120
1767174515.2722385,0,0,-117
1767174515.2822382,-1,2,-115
1767174515.2922382,4,-1,-114
1767174515.3022382,6,-4,-113
1767174515.3122382,7,-5,-115
1767174515.3222382,4,-3,-112
1767174515.3322382,5,-4,-118
1767174515.3422382,4,-1,-120
1767174515.3522382,5,-3,-122
1767174515.3622382,8,-5,-125
1767174515.3722382,7,-7,-131
1767174515.382238,0,-7,-131
1767174515.392238,0,-5,-133
1767174515.403238,0,-1,-129
1767174515.412238,0,0,-126
1767174515.422238,0,-4,-122
1767174515.4332385,0,-1,-120
1767174515.4432385,-2,-2,-117
1767174515.4532382,0,-1,-117
1767174515.4632382,-1,0,-113
1767174515.4732382,-5,-5,-117
1767174515.4832382,-4,-8,-119
1767174515.4932382,2,-7,-115
1767174515.5032382,2,-5,-111
1767174515.5132382,3,-6,-114
1767174515.5232382,2,-5,-110
1767174515.5332382,5,-4,-113
1767174515.5432382,5,-8,-115
1767174515.5532382,8,-11,-115
1767174515.563238,7,-5,-112
1767174515.573238,0,-2,-111
1767174515.583238,3,-2,-116
1767174515.593238,4,-2,-115
1767174515.603238,0,0,-115
1767174515.613238,-1,0,-113
1767174515.623238,0,-4,-120
1767174515.633238,0,-4,-118
1767174515.643238,0,0,-122
1767174515.653238,-1,2,-125
1767174515.663238,0,7,-120
1767174515.673238,0,4,-112
1767174515.6832385,3,-4,-116
1767174515.6932385,1,-5,-123
1767174515.7032382,2,-6,-121
1767174515.7132382,2,-3,-130
1767174515.7232382,3,-5,-129
1767174515.7332382,5,0,-131
1767174515.7432382,7,0,-129
1767174515.7532382,9,-2,-128
1767174515.7632382,8,-6,-125
1767174515.7732382,9,-5,-120
1767174515.7832382,7,-2,-125
1767174515.7932382,3,-5,-132
1767174515.8032382,2,-6,-134
1767174515.813238,0,-3,-128
1767174515.823238,-3,-3,-119
1767174515.833238,-6,-7,-118
1767174515.843238,-4,-12,-122
1767174515.853238,0,-12,-125
1767174515.863238,0,-8,-123
1767174515.873238,5,-7,-126
1767174515.883238,1,-2,-125
1767174515.893238,0,1,-117
1767174515.903238,-4,5,-120
1767174515.913238,-3,5,-122
1767174515.923238,-1,3,-116
1767174515.9332385,0,2,-126
1767174515.9432385,2,-1,-130
1767174515.9532382,3,-1,-128
1767174515.9632382,4,0,-128
1767174515.9732382,1,0,-127
1767174515.9832382,0,-3,-129
1767174515.9932382,4,0,-127
1767174516.0032382,-4,-1,-120
1767174516.0132382,-7,2,-121
1767174516.0232382,-4,1,-124
1767174516.0332382,-2,0,-121
1767174516.0432382,0,0,-121
1767174516.0532382,3,2,-124
1767174516.063238,9,0,-124
1767174516.073238,9,0,-129
1767174516.083238,6,-3,-132
1767174516.093238,6,-3,-131
1767174516.103238,3,-3,-126
1767174516.113238,1,-2,-129
1767174516.123238,2,-4,-125
1767174516.133238,2,-2,-121
1767174516.143238,0,-1,-121
1767174516.153238,-3,-2,-118
1767174516.163238,-4,-8,-119
1767174516.173238,-3,-6,-119
1767174516.1832385,0,-4,-121
1767174516.1932385,0,-6,-125
1767174516.2032382,-2,-7,-126
1767174516.2132382,-3,-10,-130
1767174516.2232382,-4,-1,-129
1767174516.2332382,-4,0,-131
1767174516.2432382,-3,-2,-133
1767174516.2532382,-1,-6,-132
1767174516.2632382,4,-7,-133
1767174516.2732382,3,-3,-137
1767174516.2832382,3,-6,-135
1767174516.2932382,4,-6,-133
1767174516.3032382,7,-5,-134
1767174516.313238,1,-8,-131
1767174516.323238,-2,-15,-128
1767174516.333238,-5,-11,-121
1767174516.343238,-3,-9,-121
1767174516.353238,4,-10,-121
1767174516.363238,0,-8,-122
1767174516.373238,0,-5,-128
1767174516.383238,1,-8,-135
1767174516.393238,-2,-8,-138
1767174516.403238,-2,-9,-138
1767174516.413238,-1,-8,-135
1767174516.423238,1,-7,-124
1767174516.4332385,0,-6,-130
1767174516.4432385,-3,-7,-128
1767174516.4532382,-3,-4,-127
1767174516.4632382,-5,-6,-127
1767174516.4732382,-4,-6,-128
1767174516.4832382,-4,-4,-124
1767174516.4932382,1,-2,-126
1767174516.5032382,-1,-4,-123
1767174516.5132382,0,-3,-122
1767174516.5232382,4,-1,-129
1767174516.5332382,2,-4,-128
1767174516.5432382,4,-6,-124
1767174516.5532382,0,-8,-119
1767174516.564238,2,-8,-119
1767174516.573238,2,-7,-119
1767174516.583238,3,-4,-122
1767174516.593238,2,0,-124
1767174516.603238,5,2,-124
1767174516.613238,5,2,-124
1767174516.623238,3,0,-122
1767174516.633238,5,-4,-118
1767174516.643238,6,-3,-112
1767174516.653238,1,-4,-111
1767174516.663238,3,0,-113
1767174516.673238,1,0,-115
1767174516.6832385,5,0,-115
1767174516.6932385,6,1,-120
1767174516.7032382,9,3,-122
1767174516.7132382,9,0,-117
1767174516.7232382,6,0,-124
1767174516.7332382,7,2,-124
1767174516.7432382,6,0,-123
1767174516.7532382,7,-4,-117
1767174516.7632382,4,-3,-118
1767174516.7732382,4,-5,-128
1767174516.7832382,0,-4,-126
1767174516.7932382,-3,-2,-125
1767174516.8032382,-1,-2,-125
1767174516.813238,-2,-5,-121
1767174516.823238,-3,-2,-118
1767174516.833238,1,0,-114
1767174516.843238,4,-1,-117
1767174516.853238,5,0,-123
1767174516.863238,6,1,-119
1767174516.873238,8,-1,-121
1767174516.883238,9,0,-120
1767174516.893238,3,-1,-117
1767174516.903238,2,0,-120
1767174516.913238,2,1,-118
1767174516.923238,3,3,-119
1767174516.9332385,5,1,-121
1767174516.9432385,0,-1,-123
1767174516.9532382,-3,-2,-116
1767174516.9632382,-1,-5,-116
1767174516.9732382,0,0,-114
1767174516.9832382,2,-1,-117
1767174516.9932382,0,-2,-119
1767174517.0032382,5,0,-117
1767174517.0132382,2,0,-112
1767174517.0232382,1,-3,-118
1767174517.0332382,-3,-5,-123
1767174517.0432382,0,-4,-127
1767174517.0532382,-4,-2,-129
1767174517.063238,0,0,-125
1767174517.073238,-5,-1,-125
1767174517.083238,-4,-1,-123
1767174517.093238,-2,-2,-122
1767174517.103238,0,1,-127
1767174517.113238,-6,-1,-127
1767174517.123238,-8,-3,-126
1767174517.133238,-10,0,-124
1767174517.143238,-7,0,-121
1767174517.153238,-7,0,-122
1767174517.163238,-5,1,-122
1767174517.173238,-3,1,-122
1767174517.1832385,-1,3,-126
1767174517.1932385,1,1,-129
1767174517.2032382,2,3,-131
1767174517.2132382,0,2,-124
1767174517.2232382,-4,0,-118
1767174517.2332382,1,0,-114
1767174517.2432382,1,1,-116
1767174517.2532382,-1,2,-121
1767174517.2632382,-3,3,-118
1767174517.2732382,0,0,-121
1767174517.2832382,-2,-2,-127
1767174517.2932382,-2,0,-122
1767174517.3032382,4,-2,-123
1767174517.313238,2,-5,-126
1767174517.323238,2,-6,-122
1767174517.333238,2,-4,-131
1767174517.343238,0,0,-133
1767174517.353238,2,1,-129
1767174517.363238,0,-2,-130
1767174517.373238,-3,-2,-124
1767174517.383238,-2,0,-127
1767174517.393238,-3,0,-129
1767174517.403238,-9,0,-128
1767174517.413238,-7,0,-123
1767174517.423238,-2,4,-121
1767174517.4332385,-4,1,-122
1767174517.4432385,-4,1,-124
1767174517.4532382,-4,0,-121
1767174517.4632382,-7,-1,-115
1767174517.4732382,-5,0,-118
1767174517.4832382,-6,0,-122
1767174517.4932382,-1,0,-122
1767174517.5032382,0,2,-115
1767174517.5132382,-2,6,-107
1767174517.5232382,0,3,-115
1767174517.5332382,3,1,-112
1767174517.5432382,6,4,-113
1767174517.5532382,6,2,-118
1767174517.563238,0,0,-115
1767174517.573238,-5,0,-114
1767174517.583238,-5,1,-115
1767174517.593238,-7,3,-113
1767174517.603238,-3,4,-113
1767174517.613238,0,5,-112
1767174517.623238,0,3,-116
1767174517.633238,-1,0,-113
1767174517.643238,2,-4,-110
1767174517.653238,-1,-6,-112
1767174517.663238,0,-6,-114
1767174517.673238,0,-7,-116
1767174517.6832385,4,-8,-118
1767174517.6932385,5,-7,-115
1767174517.7032382,5,-3,-118
1767174517.7132382,6,-4,-121
1767174517.7232382,5,-2,-122
1767174517.7332382,0,-1,-120
1767174517.7432382,0,-3,-125
1767174517.7532382,2,-5,-128
1767174517.7632382,1,-3,-129
1767174517.7732382,0,-4,-127
1767174517.7832382,0,-1,-124
1767174517.7932382,2,2,-127
1767174517.8032382,1,1,-134
1767174517.813238,4,-4,-132
1767174517.823238,5,-2,-129
1767174517.833238,3,0,-121
1767174517.843238,3,2,-123
1767174517.853238,0,5,-123
1767174517.863238,-7,3,-128
1767174517.873238,-2,4,-136
1767174517.883238,2,3,-138
1767174517.893238,6,0,-135
1767174517.903238,7,0,-136
1767174517.913238,5,-5,-129
1767174517.923238,0,-6,-129
1767174517.9332385,0,-7,-130
1767174517.9432385,0,-10,-130
1767174517.9532382,1,-2,-129
1767174517.9632382,3,-2,-126
1767174517.9732382,-1,-3,-126
1767174517.9832382,-5,-1,-119
1767174517.9932382,-8,-3,-118
1767174518.0032382,-2,0,-117
1767174518.0132382,1,-1,-119
1767174518.0232382,1,-4,-123
1767174518.0332382,0,1,-125
1767174518.0432382,0,3,-119
1767174518.054238,-3,0,-117
1767174518.063238,-7,-1,-123
1767174518.074238,-7,0,-124
1767174518.084238,-4,1,-122
1767174518.093238,0,0,-114
1767174518.1042385,0,2,-121
1767174518.1142385,0,5,-123
1767174518.1242385,-1,4,-120
1767174518.1342382,-1,1,-116
1767174518.1442382,-2,5,-119
1767174518.1542382,2,5,-118
1767174518.1642382,5,5,-117
1767174518.1742382,5,0,-115
1767174518.1842382,0,4,-117
1767174518.1942382,0,6,-121
1767174518.2042382,1,4,-122
1767174518.2142382,5,3,-119
1767174518.2242382,4,1,-124
1767174518.234238,2,1,-127
1767174518.244238,-1,3,-125
1767174518.254238,-2,2,-127
1767174518.264238,0,0,-127
1767174518.274238,0,1,-118
1767174518.284238,0,3,-113
1767174518.294238,0,0,-115
1767174518.304238,0,3,-116
1767174518.314238,0,5,-116
1767174518.324238,-1,8,-125
1767174518.334238,1,1,-122
1767174518.344238,-3,-3,-122
1767174518.3542385,0,-1,-117
1767174518.3752382,-4,-5,-114
1767174518.3842382,-5,-6,-113
1767174518.3942382,0,-6,-111
1767174518.4042382,2,-5,-111
1767174518.4142382,2,-4,-112
1767174518.4242382,1,-3,-121
1767174518.4342382,-1,-2,-127
1767174518.4442382,-4,0,-127
1767174518.4542382,-2,0,-124
1767174518.4642382,-2,-7,-116
1767174518.4742382,1,-3,-118
1767174518.484238,1,-1,-114
1767174518.494238,1,0,-114
1767174518.504238,0,0,-113
1767174518.514238,-1,2,-118
1767174518.524238,0,2,-121
1767174518.534238,0,4,-121
1767174518.544238,1,3,-124
1767174518.554238,3,4,-121
1767174518.564238,8,5,-123
1767174518.574238,8,8,-126
1767174518.584238,4,4,-125
1767174518.594238,3,2,-120
1767174518.6042385,5,2,-123
1767174518.6142385,2,0,-125
1767174518.6242385,0,4,-124
1767174518.6342382,2,0,-120
1767174518.6442382,5,0,-119
1767174518.6542382,2,-1,-128
1767174518.6642382,5,0,-138
1767174518.6742382,6,0,-141
1767174518.6842382,4,1,-139
1767174518.6942382,6,4,-141
1767174518.7042382,7,3,-136
1767174518.7142382,4,2,-131
1767174518.7242382,5,3,-128
1767174518.734238,1,5,-129
1767174518.744238,-1,2,-122
1767174518.754238,-5,4,-117
1767174518.764238,-3,4,-119
1767174518.774238,-1,0,-120
1767174518.784238,0,-1,-129
1767174518.794238,1,-2,-130
1767174518.804238,-1,-4,-126
1767174518.814238,2,-3,-119
1767174518.824238,4,-2,-112
1767174518.834238,3,-1,-112
1767174518.844238,6,-2,-106
1767174518.8542385,4,-4,-109
1767174518.8642385,5,-2,-112
1767174518.8742385,7,-2,-117
1767174518.8842382,6,0,-115
1767174518.8942382,-1,1,-113
1767174518.9042382,-1,3,-109
1767174518.9142382,-6,0,-112
1767174518.9242382,-3,4,-111
1767174518.9342382,-1,6,-118
1767174518.9442382,-4,5,-117
1767174518.9542382,-6,5,-121
1767174518.9642382,-5,2,-126
1767174518.9742382,-8,1,-126
1767174518.984238,-3,0,-122
1767174518.994238,0,-1,-118
1767174519.004238,-4,-1,-117
1767174519.014238,-6,-1,-115
1767174519.024238,-7,0,-117
1767174519.034238,-9,-4,-113
1767174519.044238,-5,-6,-109
1767174519.054238,-5,-6,-108
1767174519.064238,-3,-9,-106
1767174519.074238,-2,-10,-113
1767174519.084238,-4,-9,-110
1767174519.094238,-9,-6,-113
1767174519.1042385,-6,-5,-119
1767174519.1142385,-7,-1,-122
1767174519.1242385,-4,0,-117
1767174519.1342382,-10,0,-117
1767174519.1442382,-11,-1,-119
1767174519.1542382,-9,-1,-129
1767174519.1642382,-6,-8,-130
1767174519.1742382,-6,-11,-125
1767174519.1842382,-5,-7,-127
1767174519.1942382,-5,-4,-126
1767174519.2042382,-1,-2,-130
1767174519.2142382,-1,-3,-132
1767174519.2242382,1,-4,-127
1767174519.234238,0,-6,-127
1767174519.244238,0,-3,-124
1767174519.254238,6,0,-125
1767174519.264238,3,4,-122
1767174519.274238,0,3,-122
1767174519.284238,-3,3,-126
1767174519.294238,-4,-3,-123
1767174519.304238,-3,-2,-118
1767174519.314238,0,0,-121
1767174519.324238,3,-3,-123
1767174519.334238,0,-6,-120
1767174519.344238,-4,-4,-120
1767174519.3542385,-6,-6,-120
1767174519.3642385,-7,-2,-116
1767174519.3742385,-10,-1,-114
1767174519.3842382,-8,3,-116
1767174519.3942382,-3,0,-118
1767174519.4042382,-5,0,-117
1767174519.4142382,-4,0,-119
1767174519.4242382,-4,1,-122
1767174519.4342382,-2,1,-129
1767174519.4442382,-1,1,-133
1767174519.4542382,-3,0,-132
1767174519.4642382,-2,0,-129
1767174519.4742382,0,1,-128
1767174519.484238,-4,3,-134
1767174519.494238,-3,4,-133
1767174519.504238,-2,3,-128
1767174519.514238,0,1,-124
1767174519.524238,5,1,-127
1767174519.534238,5,2,-123
1767174519.544238,1,3,-123
1767174519.554238,-1,4,-126
1767174519.564238,2,3,-134
1767174519.574238,6,1,-133
1767174519.584238,3,2,-130
1767174519.594238,1,2,-122
1767174519.6042385,1,0,-122
1767174519.6142385,1,1,-119
1767174519.6242385,2,2,-124
1767174519.6342382,-3,2,-122
1767174519.6442382,-6,3,-122
1767174519.6542382,-8,2,-123
1767174519.6642382,-6,0,-126
1767174519.6742382,0,1,-123
1767174519.6842382,2,3,-122
1767174519.6942382,1,2,-124
1767174519.7042382,2,1,-119
1767174519.7142382,2,1,-118
1767174519.7242382,-1,0,-125
1767174519.734238,2,-2,-125
1767174519.744238,-2,1,-122
1767174519.754238,-3,5,-116
1767174519.764238,-4,5,-114
1767174519.774238,-1,4,-122
1767174519.784238,-4,0,-127
1767174519.794238,-3,0,-124
1767174519.804238,0,0,-126
1767174519.814238,0,-4,-132
1767174519.824238,3,-2,-132
1767174519.834238,2,0,-131
1767174519.844238,0,0,-129
1767174519.8542385,0,1,-132
1767174519.8642385,-1,0,-129
1767174519.8742385,-1,-1,-132
1767174519.8842382,0,-5,-137
1767174519.8942382,-3,-4,-137
1767174519.9042382,-3,-4,-135
1767174519.9142382,-6,-3,-127
1767174519.9242382,-7,-5,-118
1767174519.9342382,-7,-5,-119
1767174519.9442382,-6,-3,-128
1767174519.9542382,1,-2,-124
1767174519.9642382,-3,-4,-121
1767174519.9742382,-7,-4,-124
1767174519.984238,-3,-3,-126
1767174519.994238,-2,-3,-126
1767174520.004238,-8,-2,-119
1767174520.014238,-4,-1,-122
1767174520.024238,-3,0,-122
1767174520.034238,0,1,-126
1767174520.044238,-3,1,-127
1767174520.054238,-5,3,-126
1767174520.064238,-7,1,-121
1767174520.074238,-5,0,-121
1767174520.084238,0,0,-118
1767174520.094238,-2,-2,-114
1767174520.1042385,-5,-3,-120
1767174520.1142385,-1,-2,-125
1767174520.1242385,-4,-3,-125
1767174520.1342382,-4,-3,-120
1767174520.1442382,-6,-5,-114
1767174520.1542382,-6,-7,-117
1767174520.1642382,-7,-5,-122
1767174520.1742382,-5,-3,-126
1767174520.1842382,-5,1,-135
1767174520.1942382,-1,3,-138
1767174520.2042382,1,2,-140
1767174520.2142382,1,3,-136
1767174520.2242382,2,3,-139
1767174520.234238,2,7,-135
1767174520.244238,0,7,-125
1767174520.254238,0,2,-127
1767174520.264238,-3,-2,-126
1767174520.274238,-3,0,-131
1767174520.284238,-1,-1,-128
1767174520.294238,0,-1,-129
1767174520.304238,0,-1,-126
1767174520.314238,0,-2,-126
1767174520.324238,-3,-1,-132
1767174520.334238,-2,-4,-132
1767174520.344238,0,0,-128
1767174520.3542385,-3,0,-123
1767174520.3642385,-3,0,-120
1767174520.3742385,-1,-3,-117
1767174520.3842382,-1,-2,-115
1767174520.3942382,2,-1,-119
1767174520.4042382,4,1,-122
1767174520.4142382,6,4,-122
1767174520.4242382,2,1,-118
1767174520.4342382,-3,4,-125
1767174520.4442382,-4,0,-121
1767174520.4542382,-6,2,-122
1767174520.4642382,-6,4,-127
1767174520.4742382,-6,-1,-125
1767174520.484238,-4,1,-124
1767174520.494238,-2,-1,-123
1767174520.504238,0,0,-124
1767174520.514238,1,2,-124
1767174520.524238,0,3,-119
1767174520.534238,-3,3,-122
1767174520.544238,-6,0,-124
1767174520.554238,-10,-1,-126
1767174520.564238,-7,-1,-130
1767174520.574238,-2,-2,-132
1767174520.584238,-1,1,-129
1767174520.594238,-2,-1,-125
1767174520.6042385,3,-1,-123
1767174520.6142385,5,2,-127
1767174520.6242385,5,0,-124
1767174520.6342382,3,1,-125
1767174520.6442382,0,2,-122
1767174520.6542382,6,1,-126
1767174520.6642382,5,0,-118
1767174520.6742382,2,-1,-120
1767174520.685238,2,-3,-124
1767174520.6942382,1,-3,-114
1767174520.7042382,0,0,-118
1767174520.715238,0,-5,-122
1767174520.725238,-1,-6,-122
1767174520.734238,-2,-6,-125
1767174520.745238,0,-4,-131
1767174520.755238,4,-3,-131
1767174520.765238,3,-3,-125
1767174520.775238,-2,-1,-121
1767174520.7852385,-3,0,-118
1767174520.7952385,-4,0,-111
1767174520.8052382,-6,3,-115
1767174520.8152382,-4,1,-109
1767174520.8252382,-3,0,-113
1767174520.8352382,-4,0,-113
1767174520.8452382,-4,-2,-118
1767174520.8552382,-2,-4,-121
1767174520.8652382,-3,0,-123
1767174520.8752382,-1,0,-127
1767174520.8852382,1,-3,-122
1767174520.8952382,4,-1,-119
1767174520.9052382,4,-2,-117
1767174520.915238,0,-1,-113
1767174520.925238,-2,1,-116
1767174520.935238,-2,0,-126
1767174520.945238,0,-1,-122
1767174520.955238,0,-2,-122
1767174520.965238,0,-6,-121
1767174520.975238,3,0,-119
1767174520.985238,5,0,-116
1767174520.995238,0,0,-121
1767174521.005238,-4,4,-127
1767174521.015238,-9,3,-127
1767174521.025238,-11,3,-124
1767174521.0352385,-9,4,-125
1767174521.0452385,-11,4,-120
1767174521.0552382,-9,7,-122
1767174521.0652382,-7,5,-125
1767174521.0752382,-5,5,-123
1767174521.0852382,-11,4,-126
1767174521.0952382,-7,2,-122
1767174521.1052382,-4,4,-116
1767174521.1152382,-7,5,-117
1767174521.1252382,0,5,-114
1767174521.1352382,0,5,-121
1767174521.1452382,2,2,-123
1767174521.1552382,2,2,-123
1767174521.165238,3,2,-117
1767174521.175238,0,1,-121
1767174521.185238,-1,0,-122
1767174521.195238,0,-1,-119
1767174521.205238,6,-2,-117
1767174521.215238,5,1,-120
1767174521.225238,4,4,-126
1767174521.235238,7,3,-126
1767174521.245238,5,0,-128
1767174521.255238,-1,0,-129
1767174521.265238,-5,0,-134
1767174521.275238,-5,-1,-133
1767174521.2852385,-4,-2,-136
1767174521.2952385,0,-2,-130
1767174521.3052382,-3,-6,-127
1767174521.3152382,-1,-6,-126
1767174521.3252382,0,-4,-122
1767174521.3352382,0,-1,-122
1767174521.3452382,0,-2,-122
1767174521.3552382,-2,-3,-122
1767174521.3652382,-4,-2,-121
1767174521.3752382,-2,-2,-119
1767174521.3852382,-1,-4,-122
1767174521.3952382,1,0,-118
1767174521.4052382,-3,0,-125
1767174521.415238,-5,0,-118
1767174521.425238,-1,0,-127
1767174521.435238,0,1,-122
1767174521.445238,2,4,-118
1767174521.455238,5,4,-114
1767174521.465238,6,1,-115
1767174521.475238,2,1,-120
1767174521.485238,-1,1,-124
1767174521.495238,-2,0,-128
1767174521.505238,3,3,-130
1767174521.515238,2,5,-133
1767174521.525238,6,2,-133
1767174521.5352385,4,0,-135
1767174521.5452385,3,-1,-132
1767174521.5552382,2,-7,-127
1767174521.5652382,-1,-4,-127
1767174521.5752382,-3,-2,-133
1767174521.5852382,0,-2,-124
1767174521.5952382,2,-3,-128
1767174521.6052382,3,-5,-133
1767174521.6152382,6,-8,-128
1767174521.6252382,7,-3,-123
1767174521.6352382,8,0,-126
1767174521.6452382,5,3,-132
1767174521.6552382,5,4,-128
1767174521.665238,8,1,-131
1767174521.675238,5,6,-127
1767174521.685238,6,7,-127
1767174521.695238,3,7,-120
1767174521.705238,0,5,-125
1767174521.715238,0,2,-129
1767174521.725238,-3,1,-131
1767174521.735238,-2,-2,-128
1767174521.745238,-3,0,-125
1767174521.755238,0,0,-125
1767174521.765238,-2,1,-124
1767174521.775238,-3,1,-122
1767174521.7852385,-5,4,-120
1767174521.7952385,-2,4,-128
1767174521.8052382,-4,1,-128
1767174521.8152382,-4,-2,-127
1767174521.8252382,-6,0,-129
1767174521.8352382,-8,-2,-129
1767174521.8452382,-3,-4,-124
1767174521.8552382,-2,0,-121
1767174521.8652382,0,1,-125
1767174521.8752382,4,0,-123
1767174521.8852382,0,0,-124
1767174521.8952382,-2,3,-121
1767174521.9052382,-1,2,-124
1767174521.915238,-1,3,-121
1767174521.925238,2,4,-117
1767174521.935238,2,2,-111
1767174521.945238,2,6,-115
1767174521.955238,2,4,-111
1767174521.965238,0,4,-108
1767174521.975238,2,3,-111
1767174521.985238,2,1,-114
1767174521.995238,1,0,-114
1767174522.005238,3,-3,-114
1767174522.015238,8,-2,-115
1767174522.025238,9,-2,-121
1767174522.0352385,10,-5,-123
1767174522.0452385,6,-7,-119
1767174522.0552382,4,-5,-110
1767174522.0652382,1,-1,-107
1767174522.0752382,1,-1,-112
1767174522.0852382,1,-1,-114
1767174522.0952382,-1,-2,-120
1767174522.1052382,-1,-6,-124
1767174522.1152382,-1,-11,-118
1767174522.1252382,0,-6,-116
1767174522.1352382,-1,-9,-118
1767174522.1452382,-4,-7,-115
1767174522.1552382,-1,-5,-120
1767174522.165238,-1,-2,-121
1767174522.175238,1,1,-119
1767174522.185238,1,-6,-121
1767174522.195238,1,-4,-118
1767174522.205238,0,-3,-113
1767174522.215238,-3,-4,-111
1767174522.225238,-1,-4,-117
1767174522.235238,-2,-6,-123
1767174522.245238,-4,-6,-124
1767174522.255238,-7,-1,-120
1767174522.265238,-11,-1,-114
1767174522.275238,-12,-1,-119
1767174522.2852385,-7,-3,-122
1767174522.2952385,-6,0,-116
1767174522.3052382,-6,-2,-115
1767174522.3152382,-3,-1,-122
1767174522.3252382,-5,2,-125
1767174522.3352382,-1,5,-128
1767174522.3452382,-3,7,-128
1767174522.3552382,-4,5,-124
1767174522.3652382,-4,3,-121
1767174522.3752382,-6,1,-121
1767174522.3852382,-5,4,-116
1767174522.3952382,-4,8,-111
1767174522.4052382,-9,7,-111
1767174522.415238,-7,5,-111
1767174522.425238,-6,2,-113
1767174522.435238,-7,0,-114
1767174522.445238,-10,0,-110
1767174522.455238,-12,-2,-112
1767174522.465238,-9,0,-117
1767174522.475238,-7,0,-121
1767174522.485238,-1,-2,-118
1767174522.495238,0,-4,-113
1767174522.505238,3,-2,-110
1767174522.515238,0,-6,-114
1767174522.525238,-2,-6,-115
1767174522.5352385,-4,-2,-112
1767174522.5452385,-5,-1,-111
1767174522.5552382,-8,-2,-118
1767174522.5652382,-6,-1,-120
1767174522.5752382,-6,0,-120
1767174522.5852382,-8,2,-117
1767174522.5952382,-5,0,-118
1767174522.6052382,-1,-4,-122
1767174522.6152382,-5,-3,-124
1767174522.6252382,-7,0,-125
1767174522.6352382,-12,4,-127
1767174522.6452382,-8,1,-123
1767174522.6552382,-7,-3,-115
1767174522.665238,-7,1,-119
1767174522.675238,-8,2,-128
1767174522.685238,-8,-1,-127
1767174522.695238,-3,0,-126
1767174522.705238,-1,1,-122
1767174522.715238,-4,0,-123
1767174522.725238,-7,-4,-119
1767174522.735238,-7,-2,-119
1767174522.745238,-4,-6,-115
1767174522.755238,-3,-11,-118
1767174522.765238,-2,-12,-120
1767174522.775238,0,-8,-124
1767174522.7852385,0,-5,-125
1767174522.7952385,0,-5,-120
1767174522.8052382,1,-1,-117
1767174522.8152382,1,-5,-119
1767174522.8252382,-5,-4,-121
1767174522.8352382,-6,0,-125
1767174522.8452382,-4,5,-125
1767174522.8552382,-2,6,-124
1767174522.8652382,0,3,-130
1767174522.8752382,2,3,-131
1767174522.8852382,0,2,-127
1767174522.8952382,0,1,-119
1767174522.9052382,-2,-2,-123
1767174522.915238,-4,0,-119
1767174522.925238,-5,3,-118
1767174522.935238,-7,2,-112
1767174522.945238,-5,3,-112
1767174522.955238,-7,1,-107
1767174522.965238,-7,0,-110
1767174522.975238,-7,-2,-108
1767174522.985238,-4,-2,-109
1767174522.995238,-2,-2,-114
1767174523.005238,-3,-4,-120
1767174523.015238,-4,-2,-122
1767174523.025238,-4,-2,-132
1767174523.0352385,-5,-3,-129
1767174523.0452385,-7,0,-127
1767174523.0552382,-10,-4,-124
1767174523.0652382,-4,-7,-121
1767174523.0752382,-6,-10,-124
1767174523.0852382,-4,-11,-124
1767174523.0952382,-3,-5,-123
1767174523.1052382,-2,-2,-120
1767174523.1152382,-3,0,-121
1767174523.1252382,-2,-3,-119
1767174523.1352382,2,-3,-118
1767174523.1452382,0,-4,-120
1767174523.1552382,-3,-4,-125
1767174523.165238,-2,-5,-123
1767174523.175238,-1,-5,-128
1767174523.185238,0,-5,-130
1767174523.195238,-2,-4,-127
1767174523.205238,0,-2,-124
1767174523.215238,2,-2,-127
1767174523.225238,3,-5,-125
1767174523.235238,3,-3,-136
1767174523.245238,0,-4,-134
1767174523.255238,0,-7,-132
1767174523.265238,0,-8,-126
1767174523.275238,-3,-2,-126
1767174523.2852385,-4,-4,-118
1767174523.2952385,0,-5,-118
1767174523.3052382,3,-1,-113
1767174523.3152382,-1,-3,-115
1767174523.3252382,-3,-1,-113
1767174523.3352382,-1,0,-115
1767174523.3452382,0,4,-115
1767174523.3552382,-1,4,-119
1767174523.366238,2,6,-118
1767174523.3872385,-1,1,-124
1767174523.396238,-3,4,-122
1767174523.406238,-3,0,-119
1767174523.415238,-6,0,-116
1767174523.426238,-4,-3,-112
1767174523.436238,-5,-5,-116
1767174523.446238,-2,-5,-112
1767174523.4562385,-1,-3,-109
1767174523.4662385,-3,-2,-116
1767174523.4762385,-2,0,-119
1767174523.4862382,-2,-3,-118
1767174523.4962382,-2,-3,-117
1767174523.5062382,-2,-5,-115
1767174523.5162382,-4,-4,-111
1767174523.5262382,-5,0,-113
1767174523.5362382,-11,0,-122
1767174523.5462382,-12,4,-123
1767174523.5562382,-7,6,-124
1767174523.5662382,-2,6,-124
1767174523.5762382,1,3,-121
1767174523.586238,3,1,-117
1767174523.596238,4,3,-115
1767174523.606238,1,7,-110
1767174523.616238,5,8,-110
1767174523.626238,9,12,-112
1767174523.636238,10,9,-113
1767174523.646238,8,7,-111
1767174523.656238,8,7,-117
1767174523.666238,0,5,-113
1767174523.676238,-1,0,-116
1767174523.686238,-6,2,-117
1767174523.696238,-3,0,-119
1767174523.7062385,-6,0,-123
1767174523.7162385,-6,-4,-123
1767174523.7262385,-8,-4,-117
1767174523.7362382,-7,-5,-119
1767174523.7462382,-5,-6,-119
1767174523.7562382,-2,-6,-122
1767174523.7662382,2,-5,-122
1767174523.7762382,4,-2,-119
1767174523.7862382,3,-3,-125
1767174523.7962382,2,-5,-126
1767174523.8062382,1,-5,-122
1767174523.8162382,0,-6,-131
1767174523.8262382,-3,-5,-127
1767174523.836238,-3,-3,-119
1767174523.846238,-6,-6,-119
1767174523.856238,-2,-3,-122
1767174523.866238,-1,0,-118
1767174523.876238,1,3,-121
1767174523.886238,0,4,-117
1767174523.896238,-2,9,-119
1767174523.906238,-8,7,-115
1767174523.916238,-7,2,-108
1767174523.926238,-6,0,-112
1767174523.936238,-5,-2,-115
1767174523.946238,-4,-2,-122
1767174523.9562385,-4,0,-122
1767174523.9662385,-5,-4,-121
1767174523.9762385,-10,-3,-118
1767174523.9862382,-10,-4,-115
1767174523.9962382,-6,-5,-121
1767174524.0062382,-4,-6,-125
1767174524.0162382,0,-2,-129
1767174524.0262382,-1,-6,-131
1767174524.0362382,-3,-7,-131
1767174524.0462382,-4,-6,-126
1767174524.0562382,1,-2,-131
1767174524.0662382,-2,-5,-132
1767174524.0762382,4,-4,-132
1767174524.086238,3,-4,-122
1767174524.096238,6,-3,-113
1767174524.106238,4,-3,-113
1767174524.116238,5,-2,-116
1767174524.126238,2,-6,-109
1767174524.136238,-2,-5,-112
1767174524.146238,-4,-6,-111
1767174524.156238,-5,-3,-113
1767174524.166238,-2,0,-109
1767174524.176238,3,1,-102
1767174524.186238,2,2,-102
1767174524.196238,3,-1,-111
1767174524.2062385,-2,-3,-111
1767174524.2162385,-3,-3,-113
1767174524.2262385,-1,-1,-113
1767174524.2362382,-1,-2,-115
1767174524.2462382,0,-4,-120
1767174524.2562382,-2,-2,-124
1767174524.2662382,-6,0,-121
1767174524.2762382,-3,-4,-123
1767174524.2862382,-9,-3,-123
1767174524.2962382,-8,-9,-123
1767174524.3062382,-8,-7,-121
1767174524.3162382,-8,-5,-122
1767174524.3262382,-4,-1,-127
1767174524.336238,-5,-3,-133
1767174524.346238,-5,-4,-130
1767174524.356238,-5,-3,-130
1767174524.366238,-6,-3,-128
1767174524.376238,-1,1,-126
1767174524.386238,3,1,-126
1767174524.396238,4,0,-126
1767174524.406238,5,0,-123
1767174524.416238,1,1,-125
1767174524.426238,-1,-3,-128
1767174524.436238,-4,-6,-124
1767174524.446238,-2,-1,-128
1767174524.4562385,-3,-3,-125
1767174524.4662385,-3,-6,-115
1767174524.4762385,-4,-7,-113
1767174524.4862382,-5,-6,-111
1767174524.4962382,-6,-2,-116
1767174524.5062382,-1,-2,-118
1767174524.5162382,-1,-3,-116
1767174524.5262382,-2,-5,-123
1767174524.5362382,-3,-1,-124
1767174524.5462382,0,-1,-128
1767174524.5562382,0,-3,-123
1767174524.5662382,3,-3,-116
1767174524.5762382,-2,-2,-123
1767174524.586238,-2,-3,-117
1767174524.596238,-6,-1,-119
1767174524.606238,0,-3,-125
1767174524.616238,1,0,-127
1767174524.626238,0,0,-126
1767174524.636238,0,3,-124
1767174524.646238,2,3,-120
1767174524.656238,5,3,-125
1767174524.666238,4,5,-125
1767174524.676238,2,4,-122
1767174524.686238,1,5,-123
1767174524.696238,0,5,-126
1767174524.7062385,-1,3,-115
1767174524.7162385,0,1,-113
1767174524.7262385,1,0,-114
1767174524.7362382,0,-2,-115
1767174524.7462382,-2,-5,-121
1767174524.7562382,2,-5,-122
1767174524.7662382,1,0,-126
1767174524.7762382,-2,0,-127
1767174524.7862382,0,1,-124
1767174524.7962382,0,1,-119
1767174524.8062382,0,-1,-124
1767174524.8162382,-2,4,-124
1767174524.8262382,-3,4,-117
1767174524.836238,-1,8,-118
1767174524.846238,1,6,-117
1767174524.856238,3,6,-119
1767174524.866238,5,4,-122
1767174524.876238,5,4,-123
1767174524.886238,5,5,-118
1767174524.896238,3,4,-114
1767174524.906238,0,2,-117
1767174524.916238,0,0,-115
1767174524.926238,0,0,-110
1767174524.936238,-4,-4,-120
1767174524.946238,-4,-3,-119
1767174524.9562385,-1,-3,-121
1767174524.9662385,-3,-9,-124
1767174524.9762385,-1,-9,-121
1767174524.9862382,0,-12,-123
1767174524.9962382,0,-7,-125
1767174525.0062382,-1,-8,-128
1767174525.0162382,-1,-5,-127
1767174525.0262382,0,-2,-129
1767174525.0362382,-1,1,-125
1767174525.0462382,0,-3,-127
1767174525.0562382,0,-5,-124
1767174525.0662382,-2,-5,-129
1767174525.0762382,-3,-2,-131
1767174525.086238,0,-3,-131
1767174525.096238,0,-1,-127
1767174525.106238,-1,0,-128
1767174525.116238,-2,-1,-119
1767174525.126238,-2,2,-115
1767174525.136238,-1,4,-112
1767174525.146238,-2,4,-111
1767174525.156238,-2,0,-109
1767174525.166238,-4,-4,-107
1767174525.176238,-4,-4,-109
1767174525.186238,-5,-3,-119
1767174525.196238,-4,-1,-119
1767174525.2062385,0,-1,-115
1767174525.2162385,0,0,-117
1767174525.2262385,0,0,-116
1767174525.2362382,-1,-2,-109
1767174525.2462382,-2,-3,-112
1767174525.2562382,-5,-1,-113
1767174525.2662382,-7,-1,-114
1767174525.2762382,-6,-3,-120
1767174525.2862382,-7,0,-123
1767174525.2962382,-6,3,-117
1767174525.3062382,-1,2,-117
1767174525.3162382,2,-1,-126
1767174525.3262382,0,-1,-130
1767174525.336238,-4,-2,-132
1767174525.346238,0,-1,-134
1767174525.356238,-2,-5,-124
1767174525.366238,-1,-6,-120
1767174525.376238,-2,-4,-120
1767174525.386238,1,-3,-125
1767174525.396238,4,1,-120
1767174525.406238,5,2,-125
1767174525.416238,3,4,-120
1767174525.426238,3,7,-120
1767174525.436238,0,6,-120
1767174525.446238,-1,1,-119
1767174525.4562385,-1,5,-125
1767174525.4662385,-2,4,-114
1767174525.4762385,-3,2,-116
1767174525.4862382,-2,0,-113
1767174525.4962382,0,-5,-114
1767174525.5062382,0,-7,-115
1767174525.5162382,0,-5,-116
1767174525.5262382,-3,-6,-118
1767174525.5362382,-2,-9,-120
1767174525.5462382,1,-7,-122
1767174525.5562382,-2,-1,-127
1767174525.5662382,0,0,-129
1767174525.5762382,1,1,-128
1767174525.586238,-1,0,-130
1767174525.596238,0,1,-131
1767174525.606238,0,0,-120
1767174525.616238,0,-1,-123
1767174525.626238,0,0,-127
1767174525.636238,-2,0,-123
1767174525.646238,-1,-1,-123
1767174525.656238,-4,-5,-117
1767174525.666238,-2,-3,-118
1767174525.676238,-3,-6,-124
1767174525.686238,0,-4,-119
1767174525.696238,0,-4,-108
1767174525.7062385,1,-4,-109
1767174525.7162385,1,-2,-109
1767174525.7262385,0,1,-111
1767174525.7362382,0,1,-116
1767174525.7462382,0,0,-121
1767174525.7562382,-2,2,-122
1767174525.7662382,-2,0,-126
1767174525.7762382,-1,0,-122
1767174525.7862382,1,1,-117
1767174525.7962382,1,2,-123
1767174525.8062382,-1,4,-121
1767174525.8162382,-2,6,-119
1767174525.8262382,1,4,-125
1767174525.836238,4,2,-127
1767174525.846238,1,3,-122
1767174525.856238,0,2,-119
1767174525.866238,2,0,-112
1767174525.876238,5,-2,-114
1767174525.886238,2,-3,-118
1767174525.896238,0,1,-128
1767174525.906238,-3,2,-131
1767174525.916238,-2,0,-124
1767174525.926238,0,0,-118
1767174525.936238,3,-1,-114
1767174525.946238,3,-2,-117
1767174525.9562385,3,-3,-116
1767174525.9662385,6,-2,-117
1767174525.9762385,8,-3,-119
1767174525.9862382,9,-6,-124
1767174525.9962382,5,-3,-120
1767174526.0062382,0,0,-113
1767174526.0162382,-1,0,-115
1767174526.027238,-3,2,-121
1767174526.037238,-6,-1,-130
1767174526.047238,-5,1,-128
1767174526.057238,-1,1,-127
1767174526.067238,0,0,-122
1767174526.077238,-1,-3,-119
1767174526.087238,0,-2,-120
1767174526.097238,0,-3,-126
1767174526.107238,-5,-5,-126
1767174526.117238,-6,-4,-121
1767174526.127238,-9,-6,-118
1767174526.1372385,-5,-8,-118
1767174526.1472385,-3,-5,-118
1767174526.1572382,-2,-3,-119
1767174526.1672382,1,-3,-113
1767174526.1772382,3,-3,-109
1767174526.1872382,3,2,-107
1767174526.1972382,0,2,-115
1767174526.2072382,1,2,-118
1767174526.2172382,3,2,-121
1767174526.2272382,3,2,-120
1767174526.2372382,0,-1,-122
1767174526.2472382,0,-3,-117
1767174526.257238,-4,-1,-120
1767174526.267238,-3,-4,-127
1767174526.277238,-2,-5,-126
1767174526.287238,-5,-5,-131
1767174526.297238,-6,-4,-129
1767174526.307238,-3,-2,-131
1767174526.317238,-3,-3,-125
1767174526.327238,-4,-4,-123
1767174526.337238,-2,0,-117
1767174526.347238,-2,0,-115
1767174526.357238,-1,4,-122
1767174526.367238,0,6,-120
1767174526.377238,-2,7,-124
1767174526.3872385,-7,1,-128
1767174526.3972385,-6,2,-133
1767174526.4072382,-6,0,-133
1767174526.4172382,-3,0,-133
1767174526.4272382,-8,-1,-135
1767174526.4372382,-6,-3,-138
1767174526.4472382,-6,-5,-131
1767174526.4572382,-1,-5,-125
1767174526.4672382,-6,-8,-123
1767174526.4772382,-3,-7,-122
1767174526.4872382,-2,-11,-118
1767174526.4972382,-1,-9,-121
1767174526.507238,-4,-9,-122
1767174526.517238,-4,-5,-122
1767174526.527238,-2,-1,-123
1767174526.537238,-3,-3,-123
1767174526.547238,2,-1,-117
1767174526.557238,0,0,-119
1767174526.567238,-1,0,-116
1767174526.577238,0,3,-122
1767174526.587238,2,3,-120
1767174526.597238,5,1,-121
1767174526.607238,5,4,-120
1767174526.617238,-1,7,-117
1767174526.627238,-3,3,-121
1767174526.6372385,-2,-1,-120
1767174526.6472385,-3,-3,-122
1767174526.6572382,-5,1,-118
1767174526.6672382,-7,2,-115
1767174526.6772382,-5,2,-115
1767174526.6872382,-6,0,-114
1767174526.6972382,-5,-2,-104
1767174526.7072382,-4,-4,-105
1767174526.7172382,-7,1,-103
1767174526.7272382,-4,-1,-110
1767174526.7372382,-3,0,-116
1767174526.7472382,-4,1,-111
1767174526.757238,-3,1,-114
1767174526.767238,-2,-1,-111
1767174526.777238,1,-1,-116
1767174526.787238,-1,0,-117
1767174526.797238,0,1,-118
1767174526.807238,-3,-1,-116
1767174526.817238,-2,-3,-116
1767174526.827238,0,-7,-120
1767174526.837238,-1,-9,-120
1767174526.847238,0,-9,-123
1767174526.857238,0,-2,-113
1767174526.867238,0,2,-111
1767174526.877238,2,4,-115
1767174526.8872385,8,5,-113
1767174526.8972385,13,7,-117
1767174526.9072382,11,4,-115
1767174526.9172382,8,5,-115
1767174526.9272382,2,4,-109
1767174526.9372382,3,0,-114
1767174526.9472382,3,0,-117
1767174526.9572382,0,-3,-126
1767174526.9672382,5,-6,-126
1767174526.9772382,3,-1,-123
1767174526.9872382,5,-2,-120
1767174526.9972382,5,-3,-115
1767174527.007238,5,-3,-123
1767174527.017238,3,-1,-129
1767174527.027238,1,-4,-128
1767174527.037238,0,-8,-130
1767174527.047238,1,-5,-133
1767174527.057238,2,-9,-134
1767174527.067238,3,-8,-136
1767174527.077238,1,-8,-135
1767174527.087238,0,-10,-129
1767174527.097238,2,-10,-122
1767174527.107238,2,-13,-123
1767174527.117238,4,-11,-124
1767174527.127238,7,-6,-130
1767174527.1372385,7,-7,-126
1767174527.1472385,4,-3,-134
1767174527.1572382,-1,0,-139
1767174527.1672382,-2,1,-144
1767174527.1772382,-2,-3,-133
1767174527.1872382,-1,-10,-122
1767174527.1972382,-5,-10,-120
1767174527.2072382,-10,-10,-124
1767174527.2172382,-7,-9,-121
1767174527.2272382,-3,-6,-120
1767174527.2372382,-1,-4,-116
1767174527.2472382,-3,0,-114
1767174527.257238,-2,-1,-114
1767174527.267238,4,-2,-119
1767174527.277238,5,-1,-120
1767174527.287238,6,-3,-117
1767174527.297238,2,-5,-122
1767174527.307238,3,-7,-125
1767174527.317238,2,-7,-120
1767174527.327238,0,-9,-118
1767174527.337238,-4,-4,-120
1767174527.347238,-8,0,-120
1767174527.357238,-5,-2,-122
1767174527.367238,-5,-4,-126
1767174527.377238,-2,-4,-121
1767174527.3872385,-3,-2,-121
1767174527.3972385,0,-3,-127
1767174527.4072382,0,-2,-132
1767174527.4172382,-3,-1,-130
1767174527.4272382,-1,1,-127
1767174527.4372382,1,-1,-124
1767174527.4472382,4,-6,-126
1767174527.4572382,1,-5,-126
1767174527.4672382,4,-2,-120
1767174527.4772382,0,-4,-115
1767174527.4872382,0,-2,-120
1767174527.4972382,-1,-2,-123
1767174527.507238,0,-3,-116
1767174527.517238,1,-2,-122
1767174527.527238,-3,0,-132
1767174527.537238,2,-2,-128
1767174527.547238,4,-2,-122
1767174527.557238,0,0,-119
1767174527.567238,1,1,-118
1767174527.577238,1,1,-107
1767174527.587238,0,0,-114
1767174527.597238,0,0,-120
1767174527.607238,-1,3,-128
1767174527.617238,2,1,-124
1767174527.627238,5,-1,-122
1767174527.6372385,4,0,-119
1767174527.6472385,3,-1,-120
1767174527.6572382,1,-2,-120
1767174527.6672382,1,-2,-122
1767174527.6772382,1,0,-120
1767174527.6872382,0,0,-124
1767174527.6972382,1,-3,-122
1767174527.7072382,-1,0,-124
1767174527.7172382,-6,0,-116
1767174527.7272382,-10,3,-112
1767174527.7372382,-10,3,-109
1767174527.7472382,-8,4,-114
1767174527.757238,-7,2,-117
1767174527.767238,-7,-4,-117
1767174527.777238,-10,1,-121
1767174527.787238,-5,0,-121
1767174527.797238,-5,1,-123
1767174527.807238,-3,8,-127
1767174527.817238,0,11,-133
1767174527.827238,-2,8,-132
1767174527.837238,-1,6,-123
1767174527.847238,-1,4,-124
1767174527.857238,-4,0,-125
1767174527.867238,-2,-2,-122
1767174527.877238,-3,-6,-123
1767174527.8872385,-2,-7,-122
1767174527.8972385,1,-4,-118
1767174527.9072382,0,-9,-120
1767174527.9172382,-8,-14,-125
1767174527.9272382,-7,-15,-127
1767174527.9372382,-6,-10,-126
1767174527.9472382,-8,-6,-121
1767174527.9572382,-9,-4,-128
1767174527.9672382,-4,-5,-131
1767174527.9772382,-5,-4,-127
1767174527.9872382,-4,-4,-129
1767174527.9972382,-3,0,-128
1767174528.007238,-5,0,-127
1767174528.017238,-1,1,-128
1767174528.027238,0,5,-126
1767174528.037238,0,5,-121
1767174528.047238,-3,3,-124
1767174528.057238,-10,6,-121
1767174528.067238,-3,1,-122
1767174528.077238,-5,0,-116
1767174528.087238,-7,0,-123
1767174528.097238,-5,-1,-123
1767174528.107238,-5,-1,-124
1767174528.117238,-2,-1,-124
1767174528.127238,0,-2,-124
1767174528.1372385,1,-4,-123
1767174528.1472385,-3,-7,-128
1767174528.1572382,-2,-6,-125
1767174528.1672382,-2,-7,-126
1767174528.1772382,-3,-8,-118
1767174528.1872382,-5,-6,-108
1767174528.1972382,-3,-9,-110
1767174528.2072382,1,-6,-119
1767174528.2172382,1,-1,-118
1767174528.2272382,0,0,-121
1767174528.238238,-3,3,-123
1767174528.2472382,-6,5,-128
1767174528.257238,-2,3,-126
1767174528.267238,-6,4,-125
1767174528.277238,-7,1,-124
1767174528.287238,-8,-3,-122
1767174528.297238,-8,-10,-117
1767174528.307238,-9,-9,-112
1767174528.317238,-9,-6,-111
1767174528.327238,-4,-3,-113
1767174528.337238,0,-5,-114
1767174528.347238,3,-7,-113
1767174528.357238,3,-4,-113
1767174528.367238,5,-6,-116
1767174528.377238,1,-7,-108
1767174528.399238,0,-4,-110
1767174528.4072382,1,-7,-110
1767174528.4172382,3,-3,-114
1767174528.4272382,4,-2,-119
1767174528.4372382,4,3,-125
1767174528.4472382,6,2,-128
1767174528.4572382,6,0,-130
1767174528.4672382,6,-4,-129
1767174528.4772382,9,-4,-126
1767174528.4872382,6,-5,-127
1767174528.4972382,6,-5,-131
1767174528.507238,9,-3,-129
1767174528.517238,9,-3,-130
1767174528.527238,5,-7,-123
1767174528.537238,7,-8,-119
1767174528.547238,2,-7,-116
1767174528.557238,0,-10,-119
1767174528.567238,-1,-10,-116
1767174528.577238,-1,-7,-114
1767174528.587238,-1,-9,-122
1767174528.597238,-2,-7,-122
1767174528.607238,-1,-6,-123
1767174528.617238,0,-7,-125
1767174528.627238,-1,-6,-121
1767174528.6372385,1,-2,-121
1767174528.6472385,2,-1,-123
1767174528.6572382,0,-1,-117
1767174528.6682382,-1,-4,-119
1767174528.6782382,3,-5,-119
1767174528.688238,3,-4,-121
1767174528.698238,7,-6,-122
1767174528.708238,9,-3,-121
1767174528.718238,7,1,-122
1767174528.728238,1,1,-124
1767174528.738238,-1,0,-127
1767174528.748238,-2,0,-119
1767174528.758238,0,-5,-127
1767174528.768238,3,-7,-135
1767174528.778238,5,-11,-133
1767174528.788238,7,-8,-134
1767174528.798238,7,-7,-132
1767174528.8082385,6,-6,-134
1767174528.8182385,8,-7,-134
1767174528.8282382,7,-4,-133
1767174528.8382382,2,0,-130
1767174528.8482382,0,0,-130
1767174528.8582382,4,2,-132
1767174528.8682382,6,0,-121
1767174528.8782382,5,0,-126
1767174528.8882382,6,-4,-128
1767174528.8982382,1,1,-123
1767174528.9082382,-3,-1,-121
1767174528.9182382,-4,0,-117
1767174528.9282382,-4,0,-115
1767174528.938238,-2,-3,-116
1767174528.948238,-5,0,-113
1767174528.958238,-9,-1,-109
1767174528.968238,-10,1,-110
1767174528.978238,-6,3,-122
1767174528.988238,-3,0,-126
1767174528.998238,-1,-4,-124
1767174529.008238,0,-2,-124
1767174529.018238,-2,-1,-123
1767174529.028238,-4,-1,-122
1767174529.038238,-4,-2,-125
1767174529.048238,-2,-5,-127
1767174529.0582385,-1,-4,-123
1767174529.0682385,1,0,-124
1767174529.0782382,2,0,-122
1767174529.0882382,1,3,-120
1767174529.0982382,1,1,-117
1767174529.1082382,2,4,-117
1767174529.1182382,5,-2,-120
1767174529.1282382,0,-3,-120
1767174529.1382382,0,-2,-120
1767174529.1482382,4,2,-122
1767174529.1582382,5,0,-119
1767174529.1682382,2,-2,-117
1767174529.1782382,0,-3,-119
1767174529.188238,3,-1,-119
1767174529.198238,3,-4,-114
1767174529.208238,1,0,-111
1767174529.218238,1,0,-126
1767174529.228238,1,1,-125
1767174529.238238,3,0,-124
1767174529.248238,3,-3,-122
1767174529.258238,7,0,-121
1767174529.268238,12,-2,-119
1767174529.278238,9,0,-114
1767174529.288238,8,-2,-116
1767174529.298238,10,-2,-118
1767174529.3082385,9,-4,-121
1767174529.3182385,7,-3,-126
1767174529.3282382,6,-5,-131
1767174529.3382382,4,-2,-136
1767174529.3482382,1,-1,-132
1767174529.3582382,0,-4,-127
1767174529.3682382,0,-6,-124
1767174529.3782382,0,-8,-122
1767174529.3882382,0,-9,-118
1767174529.3982382,-3,-5,-124
1767174529.4082382,3,-5,-122
1767174529.4182382,6,-5,-119
1767174529.4282382,5,-6,-115
1767174529.438238,1,-6,-117
1767174529.448238,-1,-3,-123
1767174529.458238,0,-4,-126
1767174529.468238,-1,-2,-126
1767174529.478238,2,0,-121
1767174529.488238,2,0,-120
1767174529.498238,0,2,-129
1767174529.508238,-1,3,-132
1767174529.518238,-3,1,-139
1767174529.528238,-5,0,-134
1767174529.538238,-5,1,-133
1767174529.548238,-10,3,-124
1767174529.5582385,-11,2,-124
1767174529.5682385,-9,1,-121
1767174529.5782382,-9,-1,-120
1767174529.5882382,-14,-1,-116
1767174529.5982382,-14,-2,-117
1767174529.6082382,-9,-1,-123
1767174529.6182382,-6,1,-128
1767174529.6282382,-8,2,-132
1767174529.6382382,-7,-2,-134
1767174529.6482382,-7,-1,-138
1767174529.6582382,-5,0,-134
1767174529.6682382,-4,-1,-128
1767174529.6782382,-2,-2,-126
1767174529.688238,-5,1,-127
1767174529.698238,-4,-3,-130
1767174529.708238,-4,-5,-124
1767174529.718238,-7,-5,-120
1767174529.728238,-5,-5,-119
1767174529.738238,3,-8,-123
1767174529.748238,3,-8,-123
1767174529.758238,-2,-9,-121
1767174529.768238,-1,-7,-121
1767174529.778238,0,-8,-122
1767174529.788238,0,-4,-119
1767174529.798238,0,-6,-118
1767174529.8082385,-3,-9,-118
1767174529.8182385,0,-10,-122
1767174529.8282382,3,-10,-121
1767174529.8382382,5,-9,-118
1767174529.8482382,3,-8,-111
1767174529.8582382,0,-1,-117
1767174529.8682382,3,0,-125
1767174529.8782382,8,0,-124
1767174529.8882382,7,0,-118
1767174529.8982382,4,0,-120
1767174529.9082382,3,0,-125
1767174529.9182382,7,2,-123
1767174529.9282382,3,2,-128
1767174529.938238,0,1,-130
1767174529.948238,0,2,-129
1767174529.958238,0,0,-129
1767174529.968238,1,-5,-124
1767174529.978238,3,-5,-125
1767174529.988238,1,0,-126
1767174529.998238,-1,1,-125
1767174530.008238,1,4,-126
1767174530.018238,2,6,-131
1767174530.028238,6,5,-124
1767174530.038238,3,4,-123
1767174530.048238,0,8,-127
1767174530.0582385,0,8,-123
1767174530.0682385,-1,9,-121
1767174530.0782382,-2,4,-118
1767174530.0882382,0,1,-125
1767174530.0982382,3,0,-131
1767174530.1082382,1,2,-136
1767174530.1182382,5,0,-138
1767174530.1282382,5,-2,-132
1767174530.1382382,4,-3,-128
1767174530.1482382,3,-1,-130
1767174530.1582382,2,0,-132
1767174530.1682382,0,-1,-133
1767174530.1782382,1,-4,-135
1767174530.188238,1,-2,-132
1767174530.198238,1,-2,-128
1767174530.208238,5,1,-133
1767174530.218238,2,-1,-136
1767174530.228238,1,2,-132
1767174530.238238,2,-1,-127
1767174530.248238,-2,-2,-127
1767174530.258238,-2,-4,-121
1767174530.268238,2,-5,-119
1767174530.278238,1,-3,-128
1767174530.288238,0,-4,-126
1767174530.298238,2,-5,-125
1767174530.3082385,1,-2,-134
1767174530.3182385,2,-4,-133
1767174530.3282382,4,-4,-125
1767174530.3382382,2,-6,-128
1767174530.3482382,-1,-5,-128
1767174530.3582382,6,-10,-126
1767174530.3682382,9,-8,-121
1767174530.3782382,9,-8,-117
1767174530.3882382,12,-6,-125
1767174530.3982382,11,-7,-126
1767174530.4082382,10,-1,-124
1767174530.4182382,9,1,-125
1767174530.4282382,8,-1,-123
1767174530.438238,3,-6,-120
1767174530.448238,2,-7,-122
1767174530.458238,-2,-9,-125
1767174530.468238,-4,-3,-122
1767174530.478238,-2,-4,-120
1767174530.488238,-3,-6,-120
1767174530.498238,-5,-9,-118
1767174530.508238,-4,-6,-113
1767174530.518238,-4,-4,-118
1767174530.528238,-2,-3,-117
1767174530.538238,2,-3,-117
1767174530.548238,3,-4,-124
1767174530.5582385,-3,-4,-129
1767174530.5682385,-5,-4,-128
1767174530.5782382,-5,-4,-128
1767174530.5882382,-4,-2,-124
1767174530.5982382,-3,-4,-124
1767174530.6082382,-3,-1,-123
1767174530.6182382,0,-5,-122
1767174530.6282382,1,-8,-127
1767174530.6382382,2,-7,-126
1767174530.6482382,2,-6,-130
1767174530.6582382,3,-8,-121
1767174530.6682382,3,-3,-124
1767174530.6782382,6,-1,-125
1767174530.688238,4,-3,-127
1767174530.698238,3,-7,-130
1767174530.708238,1,-6,-128
1767174530.718238,3,-4,-124
1767174530.728238,1,-4,-119
1767174530.738238,2,-1,-118
1767174530.748238,7,0,-118
1767174530.758238,9,0,-118
1767174530.768238,3,0,-118
1767174530.778238,4,3,-121
1767174530.788238,3,7,-129
1767174530.798238,1,6,-126
1767174530.8082385,-1,8,-122
1767174530.8182385,-4,6,-128
1767174530.8282382,-5,6,-123
1767174530.8382382,0,2,-130
1767174530.8482382,0,0,-128
1767174530.8582382,-2,-5,-125
1767174530.8682382,0,-11,-125
1767174530.8782382,0,-5,-130
1767174530.8882382,1,-2,-129
1767174530.8982382,2,-3,-129
1767174530.9082382,1,-5,-119
1767174530.9182382,1,-1,-120
1767174530.9282382,3,-1,-119
1767174530.938238,2,-3,-124
1767174530.948238,3,-1,-126
1767174530.958238,2,1,-132
1767174530.968238,3,-1,-131
1767174530.978238,3,0,-128
1767174530.988238,1,0,-128
1767174530.998238,-3,-2,-123
1767174531.008238,-4,-1,-128
1767174531.018238,-3,1,-134
1767174531.028238,-4,2,-138
1767174531.038238,-4,4,-136
1767174531.048238,-2,0,-134
1767174531.0582385,2,-6,-122
1767174531.0682385,2,-8,-117
1767174531.0782382,3,-7,-116
1767174531.0882382,2,-8,-124
1767174531.0982382,0,-6,-125
1767174531.1082382,-2,-4,-125
1767174531.1182382,-1,0,-122
1767174531.1282382,4,0,-115
1767174531.1382382,2,-1,-119
1767174531.1482382,3,-2,-126
1767174531.1582382,1,1,-120
1767174531.1682382,0,0,-123
1767174531.1782382,-1,-2,-122
1767174531.188238,0,-3,-123
1767174531.198238,-5,-4,-125
1767174531.208238,-11,-8,-123
1767174531.218238,-7,-4,-125
1767174531.228238,-6,-6,-123
1767174531.238238,-3,-4,-122
1767174531.248238,-2,-4,-119
1767174531.258238,0,-4,-121
1767174531.268238,1,-4,-118
1767174531.278238,2,-1,-117
1767174531.288238,1,-1,-117
1767174531.2992382,0,2,-119
1767174531.3082385,2,1,-120
1767174531.3182385,0,0,-118
1767174531.3292382,1,1,-118
1767174531.3392382,1,1,-119
1767174531.3482382,3,1,-124
1767174531.359238,3,0,-120
1767174531.369238,4,2,-121
1767174531.379238,2,1,-125
1767174531.389238,1,0,-126
1767174531.399238,5,1,-119
1767174531.409238,3,0,-117
1767174531.419238,0,2,-117
1767174531.429238,-1,5,-114
1767174531.439238,-5,7,-116
1767174531.449238,-4,2,-122
1767174531.459238,1,0,-122
1767174531.469238,-2,-1,-118
1767174531.4792385,2,-3,-119
1767174531.4892385,3,0,-115
1767174531.4992385,3,0,-116
1767174531.5092382,4,-1,-124
1767174531.5192382,4,1,-126
1767174531.5292382,2,0,-126
1767174531.5392382,0,0,-120
1767174531.5492382,1,-1,-121
1767174531.5592382,1,-1,-121
1767174531.5692382,2,2,-125
1767174531.5792382,2,0,-130
1767174531.5892382,2,-1,-135
1767174531.5992382,2,0,-130
1767174531.609238,0,1,-133
1767174531.619238,0,1,-137
1767174531.629238,2,0,-135
1767174531.639238,0,-2,-126
1767174531.649238,-3,-1,-124
1767174531.659238,-2,-2,-128
1767174531.669238,0,-3,-123
1767174531.679238,-4,-6,-126
1767174531.689238,-5,-4,-127
1767174531.699238,-3,-3,-131
1767174531.709238,-1,-6,-131
1767174531.719238,0,-4,-131
1767174531.7292385,2,-1,-127
1767174531.7392385,4,0,-126
1767174531.7492385,4,0,-121
1767174531.7592382,2,2,-127
1767174531.7692382,3,2,-134
1767174531.7792382,1,-1,-128
1767174531.7892382,1,1,-127
1767174531.7992382,0,0,-125
1767174531.8092382,0,-2,-125
1767174531.8192382,-4,-2,-127
1767174531.8292382,-4,-1,-120
1767174531.8392382,-1,3,-123
1767174531.8492382,-4,0,-126
1767174531.859238,-6,-1,-131
1767174531.869238,-6,-6,-122
1767174531.879238,-4,-5,-120
1767174531.889238,-5,-6,-118
1767174531.899238,-6,-8,-113
1767174531.909238,-7,-5,-112
1767174531.919238,-5,-3,-114
1767174531.929238,-7,0,-117
1767174531.939238,-6,1,-122
1767174531.949238,-4,4,-131
1767174531.959238,-2,2,-127
1767174531.969238,-2,2,-123
1767174531.9792385,0,1,-127
1767174531.9892385,-1,-2,-129
1767174531.9992385,-2,-4,-124
1767174532.0092382,-2,-4,-112
1767174532.0192382,-4,-6,-110
1767174532.0292382,1,-3,-114
1767174532.0392382,0,0,-115
1767174532.0492382,-7,0,-121
1767174532.0592382,-8,1,-123
1767174532.0692382,-5,-2,-117
1767174532.0792382,-7,0,-116
1767174532.0892382,-5,1,-113
1767174532.0992382,-6,0,-113
1767174532.109238,-10,1,-123
1767174532.119238,-11,-1,-127
1767174532.129238,-12,-5,-125
1767174532.139238,-11,-5,-119
1767174532.149238,-11,-2,-124
1767174532.159238,-7,-3,-123
1767174532.169238,-6,-5,-125
1767174532.179238,-4,-3,-122
1767174532.189238,-7,-2,-125
1767174532.199238,-5,-5,-125
1767174532.209238,-2,-5,-122
1767174532.219238,0,-4,-123
1767174532.2292385,1,-4,-120
1767174532.2392385,-1,-3,-113
1767174532.2492385,6,-3,-109
1767174532.2592382,7,-4,-115
1767174532.2692382,3,-6,-118
1767174532.2792382,4,1,-117
1767174532.2892382,4,0,-114
1767174532.2992382,0,0,-120
1767174532.3092382,0,2,-116
1767174532.3192382,-2,-1,-114
1767174532.3292382,0,-5,-114
1767174532.3392382,-2,-1,-117
1767174532.3492382,-5,-1,-116
1767174532.359238,-8,-2,-115
1767174532.369238,-6,-1,-113
1767174532.379238,-3,-1,-109
1767174532.389238,-3,-3,-108
1767174532.399238,-3,-3,-116
1767174532.409238,-1,-5,-112
1767174532.419238,-3,-1,-114
1767174532.429238,-2,-3,-118
1767174532.439238,0,-2,-123
1767174532.449238,5,-2,-126
1767174532.459238,3,-3,-121
1767174532.469238,3,0,-122
1767174532.4792385,0,0,-129
1767174532.4892385,0,0,-125
1767174532.4992385,0,1,-127
1767174532.5092382,2,1,-127
1767174532.5192382,5,3,-123
1767174532.5292382,4,1,-119
1767174532.5392382,5,2,-118
1767174532.5492382,0,3,-117
1767174532.5592382,-2,1,-122
1767174532.5692382,-4,2,-128
1767174532.5792382,-5,-1,-129
1767174532.5892382,-1,-1,-130
1767174532.5992382,1,-3,-123
1767174532.609238,0,-3,-118
1767174532.619238,0,-2,-117
1767174532.629238,3,-6,-122
1767174532.639238,0,-6,-122
1767174532.649238,0,-5,-125
1767174532.659238,3,-4,-126
1767174532.669238,2,-5,-125
1767174532.679238,1,-4,-124
1767174532.689238,3,-4,-118
1767174532.699238,0,-3,-116
1767174532.709238,1,-4,-118
1767174532.719238,-1,-1,-121
1767174532.7292385,-2,0,-120
1767174532.7392385,0,4,-119
1767174532.7492385,3,2,-120
1767174532.7592382,1,4,-116
1767174532.7692382,0,7,-114
1767174532.7792382,0,6,-115
1767174532.7892382,-1,6,-116
1767174532.7992382,-3,2,-120
1767174532.8092382,-2,3,-123
1767174532.8192382,-5,2,-120
1767174532.8292382,-8,0,-124
1767174532.8392382,-7,-1,-120
1767174532.8492382,-10,-3,-119
1767174532.859238,-4,-3,-114
1767174532.869238,-2,-4,-116
1767174532.879238,-7,-6,-117
1767174532.889238,-7,-6,-120
1767174532.899238,-5,-5,-117
1767174532.909238,-4,-3,-119
1767174532.919238,-1,-6,-122
1767174532.929238,-4,0,-126
1767174532.939238,-3,-1,-129
1767174532.949238,0,-4,-122
1767174532.959238,0,-4,-122
1767174532.969238,1,-3,-123
1767174532.9792385,1,-3,-122
1767174532.9892385,0,0,-127
1767174532.9992385,-1,0,-123
1767174533.0092382,2,-2,-120
1767174533.0192382,-1,1,-120
1767174533.0292382,-2,3,-125
1767174533.0392382,-3,4,-129
1767174533.0492382,-3,1,-126
1767174533.0592382,-4,1,-122
1767174533.0692382,0,6,-131
1767174533.0792382,-2,3,-130
1767174533.0892382,0,3,-127
1767174533.0992382,-1,0,-127
1767174533.109238,-1,1,-122
1767174533.119238,-1,1,-121
1767174533.129238,1,0,-121
1767174533.139238,0,0,-124
1767174533.149238,2,0,-128
1767174533.159238,1,1,-136
1767174533.169238,0,4,-131
1767174533.179238,0,2,-136
1767174533.189238,1,6,-128
1767174533.199238,2,0,-125
1767174533.209238,0,5,-125
1767174533.219238,-2,3,-127
1767174533.2292385,-3,0,-129
1767174533.2392385,0,0,-133
1767174533.2492385,0,2,-137
1767174533.2592382,-3,1,-134
1767174533.2692382,-3,0,-133
1767174533.2792382,-2,1,-133
1767174533.2892382,-4,0,-128
1767174533.2992382,1,2,-129
1767174533.3092382,-2,1,-129
1767174533.3192382,-1,0,-131
1767174533.3292382,-2,0,-125
1767174533.3392382,0,1,-121
1767174533.3492382,0,2,-120
1767174533.359238,3,3,-125
1767174533.369238,2,6,-123
1767174533.379238,0,4,-124
1767174533.389238,0,4,-124
1767174533.4102385,2,1,-125
1767174533.419238,1,-1,-124
1767174533.429238,6,-1,-125
1767174533.439238,5,-7,-119
1767174533.449238,3,-8,-120
1767174533.459238,4,-6,-121
1767174533.469238,0,-3,-116
1767174533.4792385,0,-2,-116
1767174533.4892385,-1,-5,-120
1767174533.4992385,0,-1,-120
1767174533.5092382,1,0,-121
1767174533.5192382,1,1,-127
1767174533.5292382,-2,2,-119
1767174533.5392382,-2,2,-123
1767174533.5492382,-5,2,-124
1767174533.5592382,-7,-1,-119
1767174533.5692382,-6,-2,-123
1767174533.5792382,-2,-3,-127
1767174533.5892382,-2,-5,-124
1767174533.5992382,-3,-2,-123
1767174533.609238,-4,-1,-127
1767174533.619238,0,0,-122
1767174533.629238,-3,1,-124
1767174533.639238,-5,1,-116
1767174533.649238,-3,0,-120
1767174533.659238,0,1,-117
1767174533.669238,6,-1,-119
1767174533.679238,6,0,-126
1767174533.689238,4,0,-125
1767174533.699238,4,1,-125
1767174533.709238,3,0,-126
1767174533.719238,4,-3,-128
1767174533.7292385,3,-3,-127
1767174533.7392385,5,1,-128
1767174533.7492385,0,1,-125
1767174533.7592382,0,-3,-117
1767174533.7692382,0,-6,-124
1767174533.7792382,0,-8,-124
1767174533.7892382,0,-4,-122
1767174533.7992382,2,-2,-117
1767174533.8092382,6,-1,-123
1767174533.8192382,8,0,-126
1767174533.8292382,12,0,-125
1767174533.8392382,7,-1,-121
1767174533.8492382,3,-2,-115
1767174533.859238,3,-2,-112
1767174533.869238,4,-1,-120
1767174533.879238,2,0,-123
1767174533.889238,4,1,-121
1767174533.899238,4,-1,-121
1767174533.909238,0,-5,-120
1767174533.919238,0,-7,-123
1767174533.929238,2,-1,-134
1767174533.939238,1,0,-128
1767174533.949238,-2,-1,-130
1767174533.959238,-3,-2,-127
1767174533.9702382,-1,0,-123
1767174533.9792385,-2,7,-126
1767174533.9892385,0,4,-116
1767174533.9992385,3,2,-113
1767174534.0092382,3,0,-116
1767174534.0202382,0,2,-116
1767174534.0302382,1,4,-114
1767174534.040238,3,3,-116
1767174534.050238,3,3,-124
1767174534.060238,3,0,-131
1767174534.070238,0,1,-134
1767174534.080238,6,0,-137
1767174534.090238,4,-1,-140
1767174534.100238,-1,0,-131
1767174534.110238,2,-1,-134
1767174534.120238,6,-2,-139
1767174534.130238,1,-2,-139
1767174534.140238,0,1,-133
1767174534.150238,1,3,-127
1767174534.1602385,3,4,-124
1767174534.1702385,2,3,-122
1767174534.1802382,-3,-1,-121
1767174534.1902382,-5,-1,-119
1767174534.2002382,-7,0,-120
1767174534.2102382,-10,-4,-118
1767174534.2202382,-8,-7,-121
1767174534.2302382,-7,-6,-123
1767174534.2402382,-7,-7,-122
1767174534.2502382,-7,-3,-123
1767174534.2602382,0,1,-127
1767174534.2702382,1,0,-125
1767174534.2802382,4,-2,-119
1767174534.290238,-2,-5,-128
1767174534.300238,-4,1,-127
1767174534.310238,-1,1,-122
1767174534.320238,-1,0,-123
1767174534.330238,-6,0,-123
1767174534.340238,-10,0,-122
1767174534.350238,-6,1,-118
1767174534.360238,-8,-1,-124
1767174534.370238,-6,2,-120
1767174534.380238,-9,0,-115
1767174534.390238,-7,-2,-117
1767174534.400238,-2,-5,-116
1767174534.4102385,0,-6,-119
1767174534.4202385,0,-5,-118
1767174534.4302382,-3,-3,-117
1767174534.4402382,0,-1,-118
1767174534.4502382,1,-3,-124
1767174534.4602382,2,-2,-127
1767174534.4702382,2,-3,-126
1767174534.4802382,-3,-5,-125
1767174534.4902382,-4,0,-120
1767174534.5002382,-2,0,-119
1767174534.5102382,-1,0,-122
1767174534.5202382,-2,0,-121
1767174534.5302382,-1,6,-118
1767174534.540238,0,6,-122
1767174534.550238,0,6,-120
1767174534.560238,1,5,-112
1767174534.570238,-3,0,-116
1767174534.580238,-5,3,-118
1767174534.590238,-4,2,-130
1767174534.600238,-3,3,-134
1767174534.610238,-2,2,-135
1767174534.620238,-3,0,-132
1767174534.630238,-1,0,-127
1767174534.640238,-3,1,-128
1767174534.650238,-4,6,-129
1767174534.6602385,-4,2,-122
1767174534.6702385,1,2,-124
1767174534.6802382,3,-3,-124
1767174534.6902382,0,-7,-125
1767174534.7002382,0,-1,-130
1767174534.7102382,0,-2,-133
1767174534.7202382,1,-3,-129
1767174534.7302382,1,-1,-130
1767174534.7402382,3,0,-129
1767174534.7502382,5,0,-132
1767174534.7602382,6,1,-131
1767174534.7702382,3,2,-138
1767174534.7802382,2,0,-136
1767174534.790238,-3,2,-130
1767174534.800238,-7,2,-123
1767174534.810238,-3,1,-120
1767174534.820238,-3,0,-127
1767174534.830238,0,-2,-124
1767174534.840238,4,-2,-127
1767174534.850238,5,-1,-132
1767174534.860238,5,0,-130
1767174534.870238,2,-2,-126
1767174534.880238,-1,-1,-119
1767174534.890238,-2,-2,-126
1767174534.900238,-4,-5,-126
1767174534.9102385,0,-6,-125
1767174534.9202385,-2,-8,-123
1767174534.9302382,-1,-4,-119
1767174534.9402382,-1,-3,-119
1767174534.9502382,-2,-2,-125
1767174534.9602382,4,-2,-130
1767174534.9702382,0,0,-131
1767174534.9802382,-3,1,-134
1767174534.9902382,-4,1,-128
1767174535.0002382,-1,1,-124
1767174535.0102382,4,-1,-120
1767174535.0202382,9,0,-119
1767174535.0302382,9,3,-127
1767174535.040238,7,0,-136
1767174535.050238,4,-2,-129
1767174535.060238,0,-2,-123
1767174535.070238,0,-3,-118
1767174535.080238,2,-2,-117
1767174535.090238,0,-7,-113
1767174535.100238,-4,-5,-118
1767174535.110238,-6,-7,-121
1767174535.120238,-5,-8,-126
1767174535.130238,-6,-5,-123
1767174535.140238,-10,-2,-125
1767174535.150238,-10,0,-133
1767174535.1602385,-11,0,-133
1767174535.1702385,-15,-1,-129
1767174535.1802382,-13,0,-123
1767174535.1902382,-8,2,-124
1767174535.2002382,-4,0,-125
1767174535.2102382,-2,0,-131
1767174535.2202382,-6,-1,-128
1767174535.2302382,-2,-3,-124
1767174535.2402382,0,0,-121
1767174535.2502382,0,0,-122
1767174535.2602382,-5,0,-123
1767174535.2702382,-8,-2,-124
1767174535.2802382,-8,-1,-122
1767174535.290238,-7,-2,-117
1767174535.300238,-1,0,-113
1767174535.310238,2,0,-117
1767174535.320238,2,0,-121
1767174535.330238,0,3,-122
1767174535.340238,0,2,-120
1767174535.350238,4,4,-115
1767174535.360238,4,3,-117
1767174535.370238,7,-1,-121
1767174535.380238,9,-3,-122
1767174535.390238,5,1,-125
1767174535.400238,5,0,-124
1767174535.4102385,5,-1,-118
1767174535.4202385,4,0,-116
1767174535.4302382,6,0,-110
1767174535.4402382,1,-3,-114
1767174535.4502382,0,-3,-116
1767174535.4602382,-4,-4,-118
1767174535.4702382,-7,-6,-116
1767174535.4802382,-5,-1,-117
1767174535.4902382,-1,0,-121
1767174535.5002382,-1,2,-124
1767174535.5102382,0,0,-119
1767174535.5202382,-3,1,-111
1767174535.5302382,-5,-3,-114
1767174535.540238,2,0,-117
1767174535.550238,4,2,-119
1767174535.560238,2,2,-118
1767174535.570238,0,1,-121
1767174535.580238,-1,1,-117
1767174535.590238,0,2,-121
1767174535.600238,-6,0,-120
1767174535.610238,-7,-1,-122
1767174535.620238,-4,-1,-125
1767174535.630238,-3,0,-125
1767174535.640238,-3,0,-127
1767174535.650238,3,3,-126
1767174535.6602385,3,3,-121
1767174535.6702385,-1,1,-124
1767174535.6802382,-4,0,-119
1767174535.6902382,-2,0,-121
1767174535.7002382,-3,2,-119
1767174535.7102382,-3,0,-115
1767174535.7202382,-1,1,-117
1767174535.7302382,3,3,-118
1767174535.7402382,2,0,-120
1767174535.7502382,-2,-1,-123
1767174535.7602382,-6,-1,-123
1767174535.7702382,-2,2,-120
1767174535.7802382,-4,6,-120
1767174535.790238,-2,2,-126
1767174535.800238,-2,0,-127
1767174535.810238,-3,-1,-121
1767174535.820238,1,0,-122
1767174535.830238,2,0,-127
1767174535.840238,5,2,-127
1767174535.850238,4,1,-128
1767174535.860238,4,2,-120
1767174535.870238,6,2,-117
1767174535.880238,2,1,-111
1767174535.890238,0,2,-117
1767174535.900238,0,2,-119
1767174535.9102385,1,0,-123
1767174535.9202385,-1,0,-126
1767174535.9302382,-1,2,-127
1767174535.9402382,-3,2,-124
1767174535.9502382,-3,2,-126
1767174535.9602382,0,-2,-129
1767174535.9702382,5,-2,-130
1767174535.9802382,5,-3,-123
1767174535.9902382,8,-3,-126
1767174536.0002382,11,2,-130
1767174536.0102382,7,-2,-132
1767174536.0202382,3,-2,-125
1767174536.0302382,-2,-2,-119
1767174536.040238,-1,-4,-123
1767174536.050238,0,-6,-121
1767174536.060238,5,-5,-123
1767174536.070238,3,-5,-117
1767174536.080238,2,0,-116
1767174536.090238,1,0,-116
1767174536.100238,1,-2,-113
1767174536.110238,2,0,-117
1767174536.120238,1,0,-127
1767174536.130238,-1,1,-130
1767174536.140238,3,2,-135
1767174536.150238,6,0,-140
1767174536.1602385,7,0,-133
1767174536.1702385,3,-3,-135
1767174536.1802382,1,-1,-137
1767174536.1902382,4,-2,-130
1767174536.2002382,0,-3,-129
1767174536.2102382,-1,-6,-130
1767174536.2202382,-2,-6,-131
1767174536.2302382,1,-8,-136
1767174536.2402382,3,-7,-134
1767174536.2502382,2,-6,-130
1767174536.2602382,2,-4,-128
1767174536.2702382,4,-5,-124
1767174536.2802382,4,-3,-123
1767174536.290238,1,-8,-118
1767174536.300238,1,-8,-116
1767174536.310238,-2,-5,-111
1767174536.320238,-3,-6,-122
1767174536.330238,0,-3,-126
1767174536.340238,1,-2,-129
1767174536.350238,1,0,-129
1767174536.360238,3,-1,-129
1767174536.370238,3,-1,-132
1767174536.380238,0,0,-127
1767174536.390238,0,0,-119
1767174536.400238,5,-3,-116
1767174536.4102385,4,-3,-125
1767174536.4202385,2,0,-120
1767174536.4302382,0,2,-116
1767174536.4402382,-1,6,-122
1767174536.4502382,-3,5,-120
1767174536.4602382,-2,1,-126
1767174536.4702382,4,0,-130
1767174536.4802382,3,0,-125
1767174536.4902382,4,0,-125
1767174536.5002382,2,2,-121
1767174536.5102382,1,0,-119
1767174536.5202382,2,1,-121
1767174536.5302382,0,6,-116
1767174536.540238,-3,2,-120
1767174536.550238,-4,0,-126
1767174536.560238,-2,1,-126
1767174536.570238,0,1,-130
1767174536.580238,2,7,-130
1767174536.590238,1,2,-128
1767174536.600238,7,0,-125
1767174536.610238,7,0,-117
1767174536.620238,1,0,-113
1767174536.630238,2,4,-110
1767174536.640238,2,0,-109
1767174536.650238,0,1,-105
1767174536.6602385,0,0,-104
1767174536.6712382,0,-2,-106
1767174536.6812382,3,-3,-110
1767174536.6912382,0,-4,-112
1767174536.7012382,0,0,-109
1767174536.711238,3,1,-111
1767174536.721238,2,1,-114
1767174536.731238,1,7,-121
1767174536.741238,0,8,-135
1767174536.751238,-3,5,-130
1767174536.761238,-1,0,-124
1767174536.771238,-3,3,-118
1767174536.781238,-4,2,-111
1767174536.791238,-6,2,-119
1767174536.801238,0,3,-122
1767174536.811238,0,2,-121
1767174536.821238,2,0,-122
1767174536.8312385,4,-1,-125
1767174536.8412385,3,-2,-118
1767174536.8512385,1,-3,-121
1767174536.8612382,0,-3,-126
1767174536.8712382,0,-4,-122
1767174536.8812382,0,-2,-127
1767174536.8912382,2,-6,-129
1767174536.9012382,4,-5,-127
1767174536.9112382,4,-4,-120
1767174536.9212382,5,-4,-118
1767174536.9312382,3,-3,-111
1767174536.9412382,6,-5,-118
1767174536.9512382,8,-2,-120
1767174536.961238,7,-1,-118
1767174536.971238,2,2,-123
1767174536.981238,0,1,-122
1767174536.991238,-2,0,-122
1767174537.001238,1,1,-120
1767174537.011238,1,0,-115
1767174537.021238,5,-2,-122
1767174537.031238,5,0,-118
1767174537.041238,4,2,-125
1767174537.051238,0,-2,-127
1767174537.061238,4,-4,-122
1767174537.071238,0,-3,-128
1767174537.0812385,2,-2,-132
1767174537.0912385,-1,-6,-128
1767174537.1012385,0,-3,-125
1767174537.1112382,1,0,-124
1767174537.1212382,-2,0,-125
1767174537.1312382,-3,0,-120
1767174537.1412382,-3,0,-113
1767174537.1512382,-6,2,-116
1767174537.1612382,-2,-2,-113
1767174537.1712382,-8,-4,-117
1767174537.1812382,-3,-2,-116
1767174537.1912382,-1,-1,-121
1767174537.2012382,-5,-2,-118
1767174537.211238,-2,-2,-121
1767174537.221238,-6,1,-121
1767174537.231238,-4,-2,-127
1767174537.241238,-1,-2,-121
1767174537.251238,-4,1,-122
1767174537.261238,-2,3,-127
1767174537.271238,-1,-2,-124
1767174537.281238,-2,0,-121
1767174537.291238,0,-3,-125
1767174537.301238,-1,-2,-128
1767174537.311238,-1,-1,-124
1767174537.321238,-5,2,-125
1767174537.3312385,-3,6,-122
1767174537.3412385,-1,0,-120
1767174537.3512385,0,0,-123
1767174537.3612382,1,-1,-127
1767174537.3712382,1,-2,-131
1767174537.3812382,3,-1,-138
1767174537.3912382,0,-2,-135
1767174537.4012382,-3,-1,-124
1767174537.4112382,-5,-1,-121
1767174537.4212382,-1,0,-123
1767174537.4312382,0,-2,-123
1767174537.4412382,0,-6,-122
1767174537.4512382,1,-3,-128
1767174537.461238,-5,-4,-123
1767174537.471238,-8,-4,-124
1767174537.481238,-10,0,-120
1767174537.491238,-12,0,-116
1767174537.501238,-9,-2,-117
1767174537.511238,-4,-1,-114
1767174537.521238,1,1,-112
1767174537.531238,2,0,-110
1767174537.541238,-2,-1,-111
1767174537.551238,0,-2,-111
1767174537.561238,4,0,-112
1767174537.571238,5,1,-110
1767174537.5812385,6,1,-109
1767174537.5912385,1,0,-113
1767174537.6012385,0,-2,-126
1767174537.6112382,-1,-2,-129
1767174537.6212382,-2,-2,-123
1767174537.6312382,-3,-4,-124
1767174537.6412382,0,-3,-125
1767174537.6512382,-1,-3,-128
1767174537.6612382,0,-7,-134
1767174537.6712382,0,-4,-128
1767174537.6812382,-1,-5,-123
1767174537.6912382,-1,-6,-117
1767174537.7012382,0,-4,-122
1767174537.711238,1,-1,-121
1767174537.721238,3,0,-121
1767174537.731238,-1,-2,-119
1767174537.741238,0,-7,-121
1767174537.751238,0,-7,-127
1767174537.761238,2,-6,-130
1767174537.771238,0,-7,-127
1767174537.781238,3,-8,-129
1767174537.791238,1,-10,-127
1767174537.801238,1,-8,-131
1767174537.811238,-3,-2,-131
1767174537.821238,-3,3,-131
1767174537.8312385,-6,2,-133
1767174537.8412385,0,1,-130
1767174537.8512385,0,-1,-125
1767174537.8612382,0,1,-124
1767174537.8712382,3,2,-123
1767174537.8812382,1,0,-123
1767174537.8912382,5,-4,-119
1767174537.9012382,7,-2,-125
1767174537.9112382,5,1,-120
1767174537.9212382,6,5,-119
1767174537.9312382,8,3,-121
1767174537.9412382,3,4,-121
1767174537.9512382,0,4,-125
1767174537.961238,-5,6,-131
1767174537.971238,-5,6,-133
1767174537.981238,-1,6,-124
1767174537.991238,-2,4,-128
1767174538.001238,-3,4,-130
1767174538.011238,-5,6,-126
1767174538.021238,-5,4,-128
1767174538.031238,-5,4,-128
1767174538.041238,-2,1,-134
1767174538.051238,0,2,-133
1767174538.061238,0,0,-131
1767174538.071238,-2,1,-129
1767174538.0812385,-1,-2,-123
1767174538.0912385,0,-3,-119
1767174538.1012385,0,-2,-112
1767174538.1112382,5,1,-116
1767174538.1212382,1,-2,-120
1767174538.1312382,-3,0,-117
1767174538.1412382,-1,0,-129
1767174538.1512382,0,2,-135
1767174538.1612382,-2,2,-131
1767174538.1712382,0,0,-131
1767174538.1812382,1,-5,-129
1767174538.1912382,1,-2,-120
1767174538.2012382,5,-3,-121
1767174538.211238,2,-4,-128
1767174538.221238,4,0,-119
1767174538.231238,7,-3,-116
1767174538.241238,-3,-5,-124
1767174538.251238,-1,-6,-125
1767174538.261238,0,-7,-122
1767174538.271238,-1,-8,-114
1767174538.281238,-6,-6,-113
1767174538.291238,-3,-2,-113
1767174538.301238,-1,-1,-115
1767174538.311238,0,-1,-118
1767174538.321238,-3,2,-119
1767174538.3312385,-3,0,-116
1767174538.3412385,-7,0,-113
1767174538.3512385,-9,0,-115
1767174538.3612382,-5,-3,-118
1767174538.3712382,-2,-2,-112
1767174538.3812382,1,0,-116
1767174538.3912382,-3,2,-122
1767174538.4012382,-2,6,-120
1767174538.422238,1,1,-114
1767174538.4312382,0,0,-116
1767174538.4412382,-4,0,-115
1767174538.4512382,0,0,-113
1767174538.461238,2,1,-119
1767174538.471238,2,-1,-128
1767174538.481238,4,-3,-122
1767174538.491238,3,-1,-114
1767174538.501238,7,-2,-114
1767174538.511238,10,-1,-117
1767174538.521238,10,-2,-112
1767174538.531238,4,-3,-115
1767174538.541238,6,-3,-118
1767174538.551238,7,-2,-112
1767174538.561238,1,-5,-117
1767174538.571238,1,-8,-122
1767174538.5812385,1,-6,-125
1767174538.5912385,1,-1,-114
1767174538.6012385,4,-1,-110
1767174538.6112382,4,1,-115
1767174538.6212382,3,2,-117
1767174538.6312382,1,2,-119
1767174538.6412382,3,4,-120
1767174538.6512382,3,0,-126
1767174538.6612382,0,-2,-130
1767174538.6712382,-6,-2,-130
1767174538.6812382,-4,-2,-128
1767174538.6912382,-2,-4,-123
1767174538.7012382,-5,-6,-118
1767174538.711238,-8,-5,-118
1767174538.721238,-6,-3,-114
1767174538.731238,-8,0,-116
1767174538.741238,-4,0,-113
1767174538.751238,-2,-3,-112
1767174538.761238,1,-5,-114
1767174538.771238,2,-7,-110
1767174538.781238,0,-10,-110
1767174538.791238,6,-9,-108
1767174538.801238,6,-7,-106
1767174538.811238,6,-2,-109
1767174538.821238,7,-3,-112
1767174538.8312385,5,-3,-111
1767174538.8412385,9,-3,-116
1767174538.8512385,10,-1,-122
1767174538.8612382,9,0,-123
1767174538.8712382,5,2,-124
1767174538.8812382,3,2,-130
1767174538.8912382,4,2,-130
1767174538.9012382,4,2,-128
1767174538.9112382,8,2,-129
1767174538.9212382,10,0,-130
1767174538.9312382,6,-3,-125
1767174538.9412382,7,-2,-118
1767174538.9512382,6,-2,-117
1767174538.961238,4,-6,-116
1767174538.971238,0,-2,-119
1767174538.981238,-3,-1,-117
1767174538.991238,0,-5,-119
1767174539.001238,3,-7,-125
1767174539.011238,3,-3,-122
1767174539.021238,4,-5,-120
1767174539.031238,4,-4,-117
1767174539.041238,4,-1,-116
1767174539.051238,6,-5,-109
1767174539.061238,3,-7,-109
1767174539.071238,6,-6,-115
1767174539.0812385,6,-5,-115
1767174539.0912385,3,-1,-116
1767174539.1012385,5,-1,-118
1767174539.1112382,3,0,-116
1767174539.1212382,3,1,-118
1767174539.1312382,2,1,-118
1767174539.1412382,-1,2,-115
1767174539.1512382,0,4,-112
1767174539.1612382,-1,0,-112
1767174539.1712382,-1,-1,-114
1767174539.1812382,1,-1,-120
1767174539.1912382,1,0,-121
1767174539.2012382,1,-2,-123
1767174539.211238,0,-1,-118
1767174539.221238,2,-1,-120
1767174539.231238,-4,0,-112
1767174539.241238,-3,1,-110
1767174539.251238,-4,2,-113
1767174539.2622385,-3,0,-114
1767174539.2722385,-5,0,-116
1767174539.2822382,-7,-4,-115
1767174539.291238,-9,-9,-122
1767174539.3022382,-10,-9,-117
1767174539.3122382,-5,-8,-119
1767174539.3222382,-8,-7,-126
1767174539.3322382,-7,-8,-127
1767174539.3422382,-4,0,-128
1767174539.3522382,-6,0,-130
1767174539.3622382,-7,-2,-131
1767174539.3722382,-4,0,-134
1767174539.382238,-2,3,-123
1767174539.392238,1,2,-122
1767174539.402238,1,-1,-120
1767174539.412238,2,-5,-121
1767174539.422238,0,-3,-118
1767174539.432238,-4,1,-113
1767174539.442238,-4,4,-116
1767174539.452238,-1,6,-120
1767174539.462238,0,7,-113
1767174539.472238,0,4,-119
1767174539.482238,0,-1,-121
1767174539.492238,-2,-3,-122
1767174539.502238,-5,-5,-120
1767174539.5122385,0,-8,-121
1767174539.5222385,2,-9,-127
1767174539.5322382,6,-8,-125
1767174539.5422382,1,-10,-115
1767174539.5522382,5,-7,-115
1767174539.5622382,4,-3,-121
1767174539.5722382,6,-5,-123
1767174539.5822382,6,0,-123
1767174539.5922382,0,4,-122
1767174539.6022382,-3,4,-121
1767174539.6122382,-3,1,-120
1767174539.6222382,1,0,-116
1767174539.632238,7,-3,-115
1767174539.642238,3,-3,-118
1767174539.652238,1,-4,-114
1767174539.662238,2,-2,-120
1767174539.672238,2,0,-122
1767174539.682238,1,-1,-124
1767174539.692238,4,-3,-123
1767174539.702238,-1,-2,-124
1767174539.712238,-2,-5,-126
1767174539.722238,-3,0,-125
1767174539.732238,-2,1,-127
1767174539.742238,0,-1,-123
1767174539.752238,1,-2,-124
1767174539.7622385,7,-3,-122
1767174539.7722385,5,-3,-129
1767174539.7822382,3,-4,-131
1767174539.7922382,5,-2,-128
1767174539.8022382,2,-3,-121
1767174539.8122382,-2,-1,-119
1767174539.8222382,-4,4,-121
1767174539.8322382,-3,4,-128
1767174539.8422382,-4,3,-133
1767174539.8522382,-2,4,-132
1767174539.8622382,-1,6,-124
1767174539.8722382,0,4,-125
1767174539.882238,0,1,-126
1767174539.892238,0,-1,-131
1767174539.902238,0,-4,-131
1767174539.912238,2,-5,-131
1767174539.922238,2,-9,-125
1767174539.932238,2,-9,-122
1767174539.942238,3,-6,-127
1767174539.952238,0,-7,-128
1767174539.962238,-1,-10,-127
1767174539.972238,-2,-9,-126
1767174539.982238,-2,-6,-124
1767174539.992238,0,-6,-119
1767174540.002238,0,-7,-123
1767174540.0122385,-3,-7,-122
1767174540.0222385,0,-5,-125
1767174540.0322382,1,-4,-123
1767174540.0422382,5,0,-122
1767174540.0522382,0,2,-117
1767174540.0622382,2,4,-119
1767174540.0722382,-1,0,-116
1767174540.0822382,-6,-1,-117
1767174540.0922382,-2,1,-117
1767174540.1022382,3,0,-115
1767174540.1122382,-1,-2,-111
1767174540.1222382,-6,-4,-111
1767174540.132238,0,-5,-116
1767174540.142238,-1,-4,-119
1767174540.152238,-3,0,-117
1767174540.162238,-6,0,-120
1767174540.172238,-10,1,-124
1767174540.182238,-9,6,-117
1767174540.192238,-10,4,-122
1767174540.202238,-10,1,-122
1767174540.212238,-7,-1,-119
1767174540.222238,-2,-5,-125
1767174540.232238,-3,-8,-126
1767174540.242238,-1,-2,-123
1767174540.252238,-1,0,-121
1767174540.2622385,-2,-4,-113
1767174540.2722385,-6,-3,-113
1767174540.2822382,0,-2,-110
1767174540.2922382,3,-4,-111
1767174540.3022382,6,-2,-115
1767174540.3122382,7,-1,-118
1767174540.3222382,6,1,-117
1767174540.3322382,2,0,-120
1767174540.3422382,2,0,-124
1767174540.3522382,2,-2,-122
1767174540.3622382,3,1,-121
1767174540.3722382,4,0,-124
1767174540.382238,8,2,-119
1767174540.392238,5,4,-116
1767174540.402238,4,4,-109
1767174540.412238,8,4,-111
1767174540.422238,8,3,-111
1767174540.432238,9,0,-111
1767174540.442238,4,0,-110
1767174540.452238,2,2,-113
1767174540.462238,-2,2,-119
1767174540.472238,-2,8,-122
1767174540.482238,-5,7,-114
1767174540.492238,-4,4,-110
1767174540.502238,-6,3,-104
1767174540.5122385,-2,2,-109
1767174540.5222385,0,2,-113
1767174540.5322382,1,2,-114
1767174540.5422382,2,2,-119
1767174540.5522382,0,3,-119
1767174540.5622382,-2,0,-117
1767174540.5722382,0,3,-117
1767174540.5822382,0,3,-120
1767174540.5922382,4,3,-124
1767174540.6022382,5,0,-117
1767174540.6122382,3,-2,-113
1767174540.6222382,5,-4,-113
1767174540.632238,8,-1,-121
1767174540.642238,7,-2,-122
1767174540.652238,4,-3,-119
1767174540.662238,3,-1,-122
1767174540.672238,7,-1,-126
1767174540.682238,4,-1,-122
1767174540.692238,3,-2,-122
1767174540.702238,2,-3,-124
1767174540.712238,0,-1,-120
1767174540.722238,-5,-7,-119
1767174540.732238,0,-11,-111
1767174540.742238,0,-12,-119
1767174540.752238,1,-9,-123
1767174540.7622385,-2,-4,-123
1767174540.7722385,-4,-6,-123
1767174540.7822382,0,-8,-125
1767174540.7922382,-1,-5,-124
1767174540.8022382,1,-5,-122
1767174540.8122382,3,-6,-123
1767174540.8222382,1,-5,-125
1767174540.8322382,1,-2,-128
1767174540.8422382,1,-1,-129
1767174540.8522382,0,0,-135
1767174540.8622382,5,-2,-135
1767174540.8722382,5,-5,-133
1767174540.882238,4,-1,-122
1767174540.892238,5,0,-119
1767174540.902238,5,1,-116
1767174540.912238,3,0,-116
1767174540.922238,4,1,-117
1767174540.932238,4,2,-124
1767174540.942238,2,1,-125
1767174540.952238,4,1,-131
1767174540.962238,2,2,-129
1767174540.972238,7,3,-124
1767174540.982238,8,3,-125
1767174540.992238,4,1,-127
1767174541.002238,2,4,-125
1767174541.0122385,2,4,-129
1767174541.0222385,3,4,-133
1767174541.0322382,1,0,-125
1767174541.0422382,0,0,-123
1767174541.0522382,-1,-2,-123
1767174541.0622382,-3,0,-122
1767174541.0722382,-4,0,-126
1767174541.0822382,1,1,-123
1767174541.0922382,2,-1,-128
1767174541.1022382,3,-2,-133
1767174541.1122382,0,-2,-129
1767174541.1222382,3,0,-125
1767174541.132238,2,4,-122
1767174541.142238,2,3,-127
1767174541.152238,1,0,-128
1767174541.162238,-1,1,-128
1767174541.172238,-2,-3,-132
1767174541.182238,-4,0,-135
1767174541.192238,-6,-1,-134
1767174541.202238,-3,-3,-137
1767174541.212238,0,-1,-135
1767174541.222238,-5,-4,-129
1767174541.232238,-4,-6,-127
1767174541.242238,2,-6,-122
1767174541.252238,2,-8,-121
1767174541.2622385,5,-8,-127
1767174541.2722385,4,-9,-114
1767174541.2822382,2,-12,-120
1767174541.2922382,3,-8,-129
1767174541.3022382,0,-7,-125
1767174541.3122382,-5,-5,-120
1767174541.3222382,-1,-3,-115
1767174541.3322382,0,-7,-117
1767174541.3422382,-1,-7,-119
1767174541.3522382,0,-4,-122
1767174541.3622382,-3,-1,-118
1767174541.3722382,-4,0,-117
1767174541.382238,0,0,-133
1767174541.392238,-1,1,-138
1767174541.402238,-2,1,-138
1767174541.412238,0,2,-134
1767174541.422238,4,1,-134
1767174541.432238,1,0,-140
1767174541.442238,7,0,-139
1767174541.452238,2,0,-136
1767174541.462238,3,3,-132
1767174541.472238,6,1,-130
1767174541.482238,2,0,-134
1767174541.492238,1,0,-136
1767174541.502238,-2,-2,-134
1767174541.5122385,-3,-3,-126
1767174541.5222385,0,0,-122
1767174541.5322382,2,-2,-126
1767174541.5422382,0,0,-130
1767174541.5522382,-2,-2,-134
1767174541.5622382,-1,-4,-136
1767174541.5722382,0,-2,-126
1767174541.5822382,-3,-5,-119
1767174541.5922382,1,-3,-117
1767174541.6022382,2,-2,-118
1767174541.6122382,0,-1,-122
1767174541.6222382,-2,2,-126
1767174541.632238,-5,5,-127
1767174541.642238,-6,2,-129
1767174541.652238,-7,-2,-136
1767174541.662238,-4,-5,-128
1767174541.672238,-2,-2,-124
1767174541.682238,3,0,-117
1767174541.692238,3,0,-116
1767174541.702238,0,-2,-113
1767174541.712238,0,2,-113
1767174541.722238,-1,0,-115
1767174541.732238,-2,-1,-122
1767174541.742238,-4,-4,-124
1767174541.752238,-3,-3,-124
1767174541.7622385,-2,-2,-122
1767174541.7722385,2,0,-121
1767174541.7822382,2,-1,-116
1767174541.7922382,0,-2,-114
1767174541.8022382,0,-3,-121
1767174541.8122382,0,-7,-126
1767174541.8222382,-2,-7,-128
1767174541.8322382,1,-4,-129
1767174541.8422382,5,-4,-128
1767174541.8522382,5,-7,-128
1767174541.8622382,7,-6,-132
1767174541.8722382,5,-4,-124
1767174541.882238,7,0,-116
1767174541.892238,2,-2,-116
1767174541.902238,0,-5,-118
1767174541.912238,-4,-1,-122
1767174541.922238,-5,-3,-133
1767174541.932238,-8,0,-132
1767174541.9432385,-9,-1,-129
1767174541.9532382,-4,-3,-126
1767174541.9632382,-4,-4,-120
1767174541.9732382,-2,-4,-119
1767174541.9832382,1,-1,-116
1767174541.9932382,1,-5,-114
1767174542.0032382,1,-2,-113
1767174542.0132382,0,-1,-115
1767174542.0232382,-1,-1,-114
1767174542.0332382,-4,1,-113
1767174542.0432382,-2,-1,-120
1767174542.0532382,0,2,-125
1767174542.063238,0,1,-127
1767174542.073238,-2,-7,-125
1767174542.083238,-4,-10,-121
1767174542.093238,-4,-7,-113
1767174542.103238,-3,-4,-117
1767174542.113238,1,-6,-119
1767174542.123238,2,-9,-121
1767174542.133238,5,-10,-115
1767174542.143238,3,-9,-116
1767174542.153238,2,-6,-120
1767174542.163238,0,-5,-121
1767174542.173238,1,-4,-128
1767174542.1832385,2,-3,-123
1767174542.1932385,6,-6,-122
1767174542.2032382,4,-4,-116
1767174542.2132382,4,-7,-118
1767174542.2232382,5,-8,-120
1767174542.2332382,2,-7,-122
1767174542.2432382,1,-6,-121
1767174542.2532382,2,-3,-125
1767174542.2632382,1,-3,-126
1767174542.2732382,-2,-3,-135
1767174542.2832382,-6,-3,-136
1767174542.2932382,-7,-5,-136
1767174542.3032382,-4,-8,-133
1767174542.313238,-3,-12,-134
1767174542.323238,-6,-13,-129
1767174542.333238,-4,-11,-123
1767174542.343238,-4,-9,-121
1767174542.353238,0,-6,-122
1767174542.363238,-2,-3,-132
1767174542.373238,1,-4,-135
1767174542.383238,3,-1,-129
1767174542.393238,4,1,-132
1767174542.403238,6,-2,-130
1767174542.413238,8,-5,-131
1767174542.423238,2,-2,-133
1767174542.4332385,1,-4,-126
1767174542.4432385,3,-6,-120
1767174542.4532382,6,-7,-118
1767174542.4632382,9,-10,-117
1767174542.4732382,8,-7,-120
1767174542.4832382,1,-6,-123
1767174542.4932382,-1,-6,-122
1767174542.5032382,-1,-5,-125
1767174542.5132382,-6,-1,-124
1767174542.5232382,-8,2,-125
1767174542.5332382,-9,2,-123
1767174542.5432382,-4,2,-125
1767174542.5532382,-7,3,-127
1767174542.563238,-9,0,-122
1767174542.573238,-2,-1,-128
1767174542.583238,3,0,-126
1767174542.593238,3,-1,-123
1767174542.603238,2,-4,-129
1767174542.613238,3,-3,-134
1767174542.623238,-3,-6,-135
1767174542.633238,-7,-4,-133
1767174542.643238,-2,-4,-123
1767174542.653238,-3,-6,-117
1767174542.663238,0,-7,-122
1767174542.673238,-3,-9,-121
1767174542.6832385,-4,-9,-119
1767174542.6932385,2,-8,-122
1767174542.7032382,4,-8,-117
1767174542.7132382,5,-8,-124
1767174542.7232382,4,-4,-126
1767174542.7332382,1,-3,-125
1767174542.7432382,3,-2,-120
1767174542.7532382,5,0,-126
1767174542.7632382,7,0,-120
1767174542.7732382,6,1,-127
1767174542.7832382,2,-1,-124
1767174542.7932382,1,-2,-126
1767174542.8032382,0,-5,-122
1767174542.813238,2,-3,-118
1767174542.823238,1,-6,-120
1767174542.833238,3,-3,-117
1767174542.843238,1,0,-116
1767174542.853238,-2,0,-114
1767174542.863238,-7,0,-108
1767174542.873238,-4,2,-112
1767174542.883238,-5,3,-115
1767174542.893238,-2,0,-113
1767174542.903238,-1,0,-116
1767174542.913238,-7,-1,-115
1767174542.923238,-4,-1,-118
1767174542.9332385,-3,0,-119
1767174542.9432385,0,0,-116
1767174542.9532382,-6,-3,-113
1767174542.9632382,-7,-1,-111
1767174542.9732382,-8,0,-110
1767174542.9832382,-8,-2,-114
1767174542.9932382,-1,2,-121
1767174543.0032382,-1,0,-120
1767174543.0132382,-2,-1,-126
1767174543.0232382,0,0,-131
1767174543.0332382,0,1,-133
1767174543.0432382,3,2,-135
1767174543.0532382,0,1,-126
1767174543.063238,0,0,-117
1767174543.073238,0,0,-118
1767174543.083238,-1,-1,-127
1767174543.093238,-2,0,-130
1767174543.103238,-3,-1,-125
1767174543.113238,-2,0,-129
1767174543.123238,-6,1,-129
1767174543.133238,-3,1,-128
1767174543.143238,-3,0,-124
1767174543.153238,-7,0,-122
1767174543.163238,-10,0,-120
1767174543.173238,-6,-4,-118
1767174543.1832385,-2,0,-112
1767174543.1932385,-2,0,-118
1767174543.2032382,-3,0,-118
1767174543.2132382,-3,0,-119
1767174543.2232382,-4,0,-118
1767174543.2332382,-3,0,-122
1767174543.2432382,-8,0,-123
1767174543.2532382,-7,0,-127
1767174543.2632382,-4,4,-130
1767174543.2732382,-4,2,-132
1767174543.2832382,0,2,-139
1767174543.2932382,2,1,-140
1767174543.3032382,-5,2,-139
1767174543.313238,-8,1,-130
1767174543.323238,-6,-2,-125
1767174543.333238,-1,-5,-121
1767174543.343238,-2,-7,-121
1767174543.353238,-1,-7,-125
1767174543.363238,-2,-7,-126
1767174543.373238,-2,-8,-125
1767174543.383238,-2,-8,-120
1767174543.393238,-4,-6,-118
1767174543.403238,-3,0,-115
1767174543.413238,-9,0,-114
1767174543.435238,-4,1,-113
1767174543.4432385,-6,0,-116
1767174543.4532382,-7,0,-121
1767174543.4632382,-1,0,-120
1767174543.4732382,2,5,-125
1767174543.4832382,2,2,-130
1767174543.4932382,6,-1,-128
1767174543.5032382,7,0,-125
1767174543.5132382,0,-2,-124
1767174543.5232382,2,-4,-125
1767174543.5332382,1,-1,-122
1767174543.5432382,4,-2,-117
1767174543.5532382,4,0,-115
1767174543.563238,2,-2,-118
1767174543.573238,2,0,-122
1767174543.583238,0,1,-119
1767174543.593238,0,0,-112
1767174543.603238,-1,3,-112
1767174543.613238,0,0,-112
1767174543.623238,5,0,-112
1767174543.633238,0,-3,-111
1767174543.643238,-3,-3,-116
1767174543.653238,-4,-8,-118
1767174543.663238,-2,-8,-118
1767174543.673238,-5,-7,-120
1767174543.6832385,-7,-4,-118
1767174543.6932385,-2,-1,-118
1767174543.7032382,-4,-4,-119
1767174543.7132382,-6,-5,-124
1767174543.7232382,-6,-5,-120
1767174543.7332382,-3,-2,-113
1767174543.7432382,-6,-4,-107
1767174543.7532382,-3,0,-110
1767174543.7632382,-3,1,-109
1767174543.7732382,-2,3,-113
1767174543.7832382,-1,2,-110
1767174543.7932382,-3,0,-109
1767174543.8032382,-3,-1,-112
1767174543.813238,0,-2,-119
1767174543.823238,0,-2,-125
1767174543.833238,0,-7,-125
1767174543.843238,-2,-6,-123
1767174543.853238,-1,-5,-128
1767174543.863238,0,-2,-130
1767174543.873238,-1,-2,-131
1767174543.883238,-5,-6,-134
1767174543.893238,-6,-4,-131
1767174543.903238,-5,-3,-133
1767174543.913238,-7,-2,-130
1767174543.923238,-6,1,-130
1767174543.9332385,-10,0,-129
1767174543.9432385,-9,0,-125
1767174543.9532382,-9,1,-122
1767174543.9632382,-8,3,-124
1767174543.9732382,-8,-1,-122
1767174543.9832382,-3,-4,-120
1767174543.9932382,-1,-5,-128
1767174544.0032382,-2,-5,-128
1767174544.0132382,-3,-2,-129
1767174544.0232382,-2,0,-125
1767174544.0332382,1,0,-127
1767174544.0432382,0,-3,-126
1767174544.0532382,0,-4,-125
1767174544.063238,0,0,-125
1767174544.073238,0,0,-124
1767174544.083238,0,0,-132
1767174544.093238,1,-1,-133
1767174544.103238,1,-5,-131
1767174544.113238,6,-6,-128
1767174544.123238,8,-9,-122
1767174544.133238,5,-10,-125
1767174544.143238,3,-7,-123
1767174544.153238,2,-5,-128
1767174544.163238,2,-3,-127
1767174544.173238,-1,-1,-122
1767174544.1832385,-5,-3,-126
1767174544.1932385,-3,2,-128
1767174544.2032382,-1,4,-129
1767174544.2132382,1,3,-132
1767174544.2232382,1,0,-135
1767174544.2332382,-1,-3,-133
1767174544.2432382,-3,-3,-135
1767174544.2532382,-7,-8,-133
1767174544.2632382,-4,-5,-134
1767174544.2732382,-4,1,-130
1767174544.2832382,0,3,-130
1767174544.2932382,0,2,-129
1767174544.3032382,0,1,-123
1767174544.313238,2,1,-127
1767174544.323238,4,5,-124
1767174544.333238,3,6,-113
1767174544.343238,9,7,-112
1767174544.353238,5,7,-113
1767174544.363238,0,7,-110
1767174544.373238,-2,2,-110
1767174544.383238,3,0,-115
1767174544.393238,0,-4,-114
1767174544.403238,0,-4,-113
1767174544.413238,5,-6,-117
1767174544.423238,2,-3,-125
1767174544.4332385,2,-10,-127
1767174544.4432385,0,-11,-124
1767174544.4532382,-2,-9,-128
1767174544.4632382,0,-7,-130
1767174544.4732382,0,-2,-130
1767174544.4832382,-1,-3,-124
1767174544.4932382,-1,-2,-127
1767174544.5032382,-5,2,-128
1767174544.5132382,-6,1,-127
1767174544.5232382,-1,3,-126
1767174544.5332382,-1,3,-127
1767174544.5432382,1,4,-121
1767174544.5532382,3,1,-123
1767174544.564238,6,3,-122
1767174544.573238,3,2,-121
1767174544.583238,4,-1,-118
1767174544.594238,2,-2,-131
1767174544.6042385,0,0,-135
1767174544.6142385,-1,0,-143
1767174544.6242385,-3,0,-147
1767174544.633238,-4,0,-139
1767174544.6442382,-6,1,-131
1767174544.6542382,-7,1,-126
1767174544.6642382,-6,2,-127
1767174544.6742382,-6,4,-126
1767174544.6832385,-2,4,-127
1767174544.6942382,-3,5,-127
1767174544.7042382,-1,4,-117
1767174544.7142382,-5,4,-117
1767174544.725238,-4,0,-115
1767174544.734238,-4,-3,-116
1767174544.744238,-3,-7,-121
1767174544.754238,0,-9,-122
1767174544.764238,1,-5,-120
1767174544.774238,0,-5,-115
1767174544.784238,-1,0,-114
1767174544.794238,-1,1,-117
1767174544.804238,-5,2,-116
1767174544.814238,-1,5,-114
1767174544.824238,1,1,-118
1767174544.834238,0,-2,-126
1767174544.844238,2,-3,-126
1767174544.8542385,2,-2,-122
1767174544.8642385,-2,-2,-122
1767174544.8742385,-4,0,-123
1767174544.8842382,-3,0,-118
1767174544.8942382,1,-1,-117
1767174544.9042382,-2,-3,-113
1767174544.9142382,-3,-3,-123
1767174544.9242382,-2,-7,-130
1767174544.9342382,0,-6,-133
1767174544.9442382,0,-5,-121
1767174544.9542382,4,-4,-121
1767174544.9642382,1,0,-111
1767174544.9742382,0,-2,-119
1767174544.984238,0,-2,-122
1767174544.994238,-5,-2,-129
1767174545.004238,-8,-3,-135
1767174545.014238,-6,-3,-132
1767174545.024238,-4,-4,-131
1767174545.034238,0,-7,-129
1767174545.044238,-3,0,-128
1767174545.054238,-2,0,-129
1767174545.064238,1,0,-128
1767174545.074238,-2,0,-128
1767174545.084238,-5,-1,-132
1767174545.094238,1,-3,-135
1767174545.1042385,3,-1,-137
1767174545.1142385,2,2,-139
1767174545.1242385,-2,2,-139
1767174545.1342382,-2,1,-138
1767174545.1442382,-5,2,-130
1767174545.1542382,-9,2,-129
1767174545.1642382,-12,1,-126
1767174545.1742382,-10,0,-120
1767174545.1842382,-8,-1,-125
1767174545.1942382,-3,0,-130
1767174545.2042382,-2,-2,-124
1767174545.2142382,-3,-1,-118
1767174545.2242382,-3,-3,-118
1767174545.234238,-5,-5,-129
1767174545.244238,-2,-5,-128
1767174545.254238,1,-1,-125
1767174545.264238,0,0,-122
1767174545.274238,0,-3,-126
1767174545.284238,0,-6,-127
1767174545.294238,-3,-4,-123
1767174545.304238,-1,-2,-120
1767174545.314238,0,-5,-123
1767174545.324238,-3,-4,-127
1767174545.334238,-1,-5,-129
1767174545.344238,0,-3,-131
1767174545.3542385,3,0,-125
1767174545.3642385,0,1,-127
1767174545.3742385,-2,3,-122
1767174545.3842382,-2,0,-123
1767174545.3942382,-1,-2,-126
1767174545.4042382,-2,-1,-131
1767174545.4142382,-3,0,-129
1767174545.4242382,1,-2,-118
1767174545.4342382,0,2,-118
1767174545.4442382,0,0,-116
1767174545.4542382,1,-1,-119
1767174545.4642382,2,-2,-119
1767174545.4742382,0,-1,-116
1767174545.484238,1,-2,-118
1767174545.494238,0,-1,-120
1767174545.504238,0,-4,-125
1767174545.514238,0,-4,-124
1767174545.524238,-1,0,-123
1767174545.534238,0,-2,-121
1767174545.544238,-2,-2,-114
1767174545.554238,-2,-3,-119
1767174545.564238,0,-3,-124
1767174545.574238,0,-2,-123
1767174545.584238,3,-1,-126
1767174545.594238,2,-1,-118
1767174545.6042385,5,-4,-118
1767174545.6142385,5,-3,-112
1767174545.6242385,3,-2,-118
1767174545.6342382,4,-1,-119
1767174545.6442382,4,2,-117
1767174545.6542382,2,-2,-115
1767174545.6642382,3,-5,-116
1767174545.6742382,-1,-3,-112
1767174545.6842382,-1,-4,-112
1767174545.6942382,1,-1,-122
1767174545.7042382,0,0,-114
1767174545.7142382,-5,-4,-118
1767174545.7242382,-14,-2,-125
1767174545.734238,-10,-4,-125
1767174545.744238,-6,-3,-126
1767174545.754238,-9,-3,-126
1767174545.764238,-11,-1,-125
1767174545.774238,-13,-3,-133
1767174545.784238,-12,-6,-129
1767174545.794238,-14,-2,-131
1767174545.804238,-14,0,-130
1767174545.814238,-14,1,-127
1767174545.824238,-8,3,-125
1767174545.834238,-6,6,-124
1767174545.844238,-8,0,-123
1767174545.8542385,-6,-5,-123
1767174545.8642385,-6,-4,-118
1767174545.8742385,2,-6,-119
1767174545.8842382,3,-4,-118
1767174545.8942382,2,-1,-121
1767174545.9042382,0,0,-124
1767174545.9142382,-1,0,-128
1767174545.9242382,-1,-1,-119
1767174545.9342382,-2,-4,-121
1767174545.9442382,-1,-3,-126
1767174545.9542382,5,-3,-123
1767174545.9642382,3,-4,-127
1767174545.9742382,6,-1,-127
1767174545.984238,9,3,-128
1767174545.994238,10,-1,-132
1767174546.004238,7,-3,-137
1767174546.014238,1,-3,-132
1767174546.024238,2,2,-124
1767174546.034238,1,4,-125
1767174546.044238,-2,4,-123
1767174546.054238,0,4,-125
1767174546.064238,1,1,-117
1767174546.074238,-1,-3,-123
1767174546.084238,-4,-5,-121
1767174546.094238,-2,-7,-115
1767174546.1042385,-4,-6,-117
1767174546.1142385,-2,-1,-115
1767174546.1242385,-5,-4,-115
1767174546.1342382,-6,-8,-123
1767174546.1442382,-3,-9,-119
1767174546.1542382,0,-6,-120
1767174546.1642382,0,-4,-115
1767174546.1742382,3,-2,-111
1767174546.1842382,5,-1,-119
1767174546.1942382,4,0,-119
1767174546.2042382,4,3,-114
1767174546.2142382,1,7,-110
1767174546.2242382,3,10,-108
1767174546.234238,2,8,-108
1767174546.244238,2,7,-112
1767174546.254238,1,5,-115
1767174546.264238,-1,6,-112
1767174546.274238,-2,7,-109
1767174546.284238,-1,3,-116
1767174546.294238,-3,0,-120
1767174546.304238,-1,0,-124
1767174546.314238,-3,-2,-119
1767174546.324238,-1,-9,-119
1767174546.334238,-2,-6,-122
1767174546.344238,0,0,-123
1767174546.3542385,0,-1,-124
1767174546.3642385,-1,0,-119
1767174546.3742385,0,0,-114
1767174546.3842382,0,1,-118
1767174546.3942382,2,4,-125
1767174546.4042382,2,-1,-125
1767174546.4142382,0,1,-116
1767174546.4242382,2,-1,-118
1767174546.4342382,3,-3,-122
1767174546.4442382,2,-1,-126
1767174546.4542382,3,-1,-128
1767174546.4642382,-4,-7,-127
1767174546.4742382,-6,-7,-125
1767174546.484238,-7,-2,-124
1767174546.494238,-3,-1,-125
1767174546.504238,-1,2,-121
1767174546.514238,-2,2,-123
1767174546.524238,-1,1,-121
1767174546.534238,-2,0,-122
1767174546.544238,-5,-2,-115
1767174546.554238,-8,-4,-115
1767174546.564238,-6,-5,-117
1767174546.574238,-1,-3,-122
1767174546.584238,0,-2,-116
1767174546.594238,2,-1,-120
1767174546.6042385,-4,1,-121
1767174546.6142385,-4,0,-125
1767174546.6242385,-2,0,-121
1767174546.6342382,-4,0,-115
1767174546.6442382,-3,-1,-115
1767174546.6542382,-4,-3,-119
1767174546.6642382,-6,-1,-120
1767174546.6742382,-4,0,-118
1767174546.6842382,-1,0,-122
1767174546.6942382,0,-1,-124
1767174546.7042382,0,1,-129
1767174546.7142382,0,-2,-130
1767174546.7242382,4,-6,-128
1767174546.734238,5,-8,-125
1767174546.744238,1,-6,-128
1767174546.754238,-4,-3,-127
1767174546.764238,-7,0,-125
1767174546.774238,-3,2,-120
1767174546.784238,-2,2,-125
1767174546.794238,-1,3,-124
1767174546.804238,-6,1,-126
1767174546.814238,0,-1,-129
1767174546.824238,1,-1,-124
1767174546.834238,1,0,-116
1767174546.844238,-5,0,-112
1767174546.8542385,-1,-1,-109
1767174546.8642385,3,1,-108
1767174546.8742385,-1,-5,-111
1767174546.8842382,-1,-14,-110
1767174546.8942382,-2,-10,-109
1767174546.9042382,2,-7,-104
1767174546.9142382,2,-10,-105
1767174546.9242382,0,-8,-109
1767174546.9342382,0,-7,-126
1767174546.9442382,1,-8,-131
1767174546.9542382,-3,-9,-133
1767174546.9642382,0,-9,-127
1767174546.9742382,1,-5,-131
1767174546.984238,4,0,-131
1767174546.994238,4,3,-124
1767174547.004238,3,0,-120
1767174547.014238,3,-1,-118
1767174547.024238,0,0,-117
1767174547.034238,-5,0,-115
1767174547.044238,-5,1,-117
1767174547.054238,-5,0,-115
1767174547.064238,-4,-2,-114
1767174547.074238,-2,1,-120
1767174547.084238,-3,0,-121
1767174547.094238,-2,-6,-122
1767174547.1042385,-2,-7,-119
1767174547.1142385,-5,-8,-117
1767174547.1242385,-1,-5,-121
1767174547.1342382,-2,-2,-125
1767174547.1442382,-9,0,-125
1767174547.1542382,-9,0,-124
1767174547.1642382,-5,0,-123
1767174547.1742382,-2,0,-123
1767174547.1842382,-2,2,-131
1767174547.1942382,0,-1,-135
1767174547.2042382,0,0,-129
1767174547.2142382,4,1,-124
1767174547.2242382,0,0,-125
1767174547.234238,4,0,-127
1767174547.244238,2,-4,-128
1767174547.254238,1,-7,-127
1767174547.265238,0,-4,-128
1767174547.275238,-3,-5,-127
1767174547.284238,-8,-2,-130
1767174547.2952385,-7,-6,-126
1767174547.3052382,-6,-5,-124
1767174547.3152382,-1,-4,-125
1767174547.3252382,2,-3,-122
1767174547.3352382,1,-2,-120
1767174547.3452382,2,-1,-125
1767174547.3552382,2,1,-119
1767174547.3652382,0,-1,-113
1767174547.3752382,1,-4,-110
1767174547.3852382,5,-4,-106
1767174547.3952382,-1,-5,-107
1767174547.4052382,2,-4,-109
1767174547.415238,0,-6,-114
1767174547.425238,1,-9,-114
1767174547.435238,2,-11,-121
1767174547.445238,3,-10,-125
1767174547.455238,0,-6,-120
1767174547.465238,-2,-2,-126
1767174547.475238,-4,0,-124
1767174547.485238,-5,0,-122
1767174547.495238,-7,2,-120
1767174547.505238,-5,3,-121
1767174547.515238,-1,-2,-120
1767174547.525238,0,-3,-119
1767174547.5352385,0,-6,-114
1767174547.5452385,-1,-5,-115
1767174547.5552382,1,-5,-116
1767174547.5652382,-4,-6,-122
1767174547.5752382,-4,-8,-120
1767174547.5852382,-5,-2,-122
1767174547.5952382,-4,-1,-122
1767174547.6052382,-7,0,-133
1767174547.6152382,-5,0,-133
1767174547.6252382,-6,0,-132
1767174547.6352382,-10,0,-132
1767174547.6452382,-8,0,-124
1767174547.6552382,-3,-2,-118
1767174547.665238,-5,0,-124
1767174547.675238,-1,-1,-127
1767174547.685238,0,-5,-124
1767174547.695238,6,-6,-122
1767174547.705238,5,-5,-122
1767174547.715238,2,-5,-120
1767174547.725238,0,-4,-118
1767174547.735238,2,0,-122
1767174547.745238,2,0,-123
1767174547.755238,-1,-2,-122
1767174547.765238,0,-3,-124
1767174547.775238,-1,-1,-126
1767174547.7852385,-3,0,-120
1767174547.7952385,0,0,-124
1767174547.8052382,-1,2,-120
1767174547.8152382,-1,-2,-119
1767174547.8252382,-1,-4,-120
1767174547.8352382,-1,-6,-121
1767174547.8452382,3,-7,-120
1767174547.8552382,3,-6,-126
1767174547.8652382,2,-6,-129
1767174547.8752382,-2,-5,-129
1767174547.8852382,-1,0,-130
1767174547.8952382,-3,0,-130
1767174547.9052382,-2,3,-132
1767174547.915238,-2,0,-134
1767174547.925238,-4,0,-134
1767174547.935238,-3,1,-133
1767174547.945238,-3,-3,-128
1767174547.955238,0,-1,-126
1767174547.965238,-1,-1,-124
1767174547.975238,-3,0,-127
1767174547.985238,-4,2,-126
1767174547.995238,-5,2,-131
1767174548.005238,-4,-4,-133
1767174548.015238,-3,0,-135
1767174548.025238,-3,1,-129
1767174548.0352385,-4,0,-131
1767174548.0452385,0,-3,-132
1767174548.0552382,1,-8,-129
1767174548.0652382,0,-9,-126
1767174548.0752382,0,-10,-125
1767174548.0852382,-2,-7,-129
1767174548.0952382,-5,-2,-126
1767174548.1052382,-3,-2,-128
1767174548.1152382,-1,0,-125
1767174548.1252382,-3,-2,-122
1767174548.1352382,-1,-6,-122
1767174548.1452382,-2,-6,-127
1767174548.1552382,-3,-10,-128
1767174548.165238,-2,-11,-131
1767174548.175238,-4,-10,-126
1767174548.185238,-6,-10,-127
1767174548.195238,-2,-8,-123
1767174548.205238,-6,-4,-119
1767174548.215238,-6,-5,-118
1767174548.225238,-9,-4,-119
1767174548.235238,-8,-2,-117
1767174548.245238,-11,0,-114
1767174548.255238,-8,0,-115
1767174548.265238,-7,-4,-115
1767174548.275238,-3,-3,-115
1767174548.2852385,-3,-1,-118
1767174548.2952385,-4,0,-118
1767174548.3052382,0,-2,-121
1767174548.3152382,0,-2,-116
1767174548.3252382,4,0,-111
1767174548.3352382,5,0,-126
1767174548.3452382,4,-4,-124
1767174548.3552382,3,-5,-119
1767174548.3652382,2,-2,-116
1767174548.3752382,1,-1,-110
1767174548.3852382,1,1,-112
1767174548.3952382,6,0,-118
1767174548.4052382,6,2,-115
1767174548.415238,10,0,-106
1767174548.425238,8,4,-110
1767174548.4472382,2,0,-112
1767174548.455238,0,-2,-114
1767174548.465238,0,-2,-114
1767174548.475238,-3,-1,-109
1767174548.485238,0,-1,-109
1767174548.495238,-1,0,-101
1767174548.505238,-1,2,-100
1767174548.515238,4,-2,-101
1767174548.525238,7,1,-98
1767174548.5352385,5,3,-104
1767174548.5452385,7,3,-102
1767174548.5552382,5,5,-111
1767174548.5652382,7,3,-106
1767174548.5752382,5,1,-109
1767174548.5852382,7,-2,-111
1767174548.5952382,6,-1,-116
1767174548.6052382,-2,-4,-117
1767174548.6152382,-5,-5,-112
1767174548.6252382,-3,-8,-117
1767174548.6352382,-3,-8,-124
1767174548.6452382,-5,-6,-129
1767174548.6552382,-5,-3,-133
1767174548.665238,-9,-6,-129
1767174548.675238,-11,-2,-131
1767174548.685238,-5,-3,-130
1767174548.695238,-7,-3,-129
1767174548.705238,-2,-6,-128
1767174548.715238,-2,-2,-126
1767174548.725238,-2,-1,-123
1767174548.735238,-1,-2,-117
1767174548.745238,1,0,-114
1767174548.755238,1,-1,-118
1767174548.765238,-3,-5,-118
1767174548.775238,-2,-9,-113
1767174548.7852385,-2,-7,-108
1767174548.7952385,0,-4,-115
1767174548.8052382,0,-5,-119
1767174548.8152382,-4,-2,-119
1767174548.8252382,-6,-2,-123
1767174548.8352382,-2,-3,-123
1767174548.8452382,0,-5,-123
1767174548.8552382,1,-5,-126
1767174548.8652382,-1,-4,-122
1767174548.8752382,-6,-4,-121
1767174548.8852382,-5,-4,-122
1767174548.8952382,-6,-2,-126
1767174548.9052382,-4,2,-124
1767174548.915238,-8,1,-130
1767174548.925238,-6,3,-124
1767174548.935238,-1,2,-132
1767174548.945238,0,0,-135
1767174548.955238,3,2,-132
1767174548.965238,2,2,-138
1767174548.975238,0,0,-135
1767174548.985238,-4,0,-127
1767174548.995238,-2,-2,-126
1767174549.005238,1,-3,-118
1767174549.015238,2,-5,-122
1767174549.0262382,2,-5,-119
1767174549.0352385,1,-4,-116
1767174549.0452385,1,-3,-113
1767174549.0552382,3,-3,-112
1767174549.0652382,4,-1,-113
1767174549.0752382,8,-2,-115
1767174549.0852382,4,-3,-116
1767174549.0952382,2,-2,-119
1767174549.1052382,4,-5,-123
1767174549.1152382,4,-9,-132
1767174549.1252382,2,-11,-127
1767174549.1352382,0,-5,-123
1767174549.1452382,1,-3,-124
1767174549.1552382,2,-1,-127
1767174549.165238,3,2,-122
1767174549.175238,3,6,-121
1767174549.185238,-2,7,-128
1767174549.195238,-5,3,-129
1767174549.205238,-1,6,-127
1767174549.215238,1,7,-131
1767174549.225238,0,5,-126
1767174549.235238,1,1,-130
1767174549.245238,2,-4,-134
1767174549.255238,2,-3,-133
1767174549.265238,3,-4,-130
1767174549.275238,0,-4,-128
1767174549.2852385,0,3,-121
1767174549.2952385,0,6,-120
1767174549.3052382,2,2,-124
1767174549.3152382,-1,3,-132
1767174549.3252382,-2,5,-131
1767174549.3352382,-1,1,-133
1767174549.3452382,0,0,-136
1767174549.3552382,0,0,-127
1767174549.3652382,1,0,-126
1767174549.3752382,-1,-1,-127
1767174549.3852382,-2,-4,-120
1767174549.3952382,0,-4,-121
1767174549.4052382,0,-4,-112
1767174549.415238,-1,-3,-111
1767174549.425238,0,-2,-117
1767174549.435238,0,-4,-124
1767174549.445238,1,-2,-130
1767174549.455238,-1,-2,-133
1767174549.465238,2,-4,-131
1767174549.475238,3,-4,-127
1767174549.485238,2,-2,-130
1767174549.495238,1,-4,-129
1767174549.505238,3,-3,-132
1767174549.515238,4,-2,-135
1767174549.525238,3,-5,-130
1767174549.5352385,0,-7,-131
1767174549.5452385,-1,-11,-131
1767174549.5552382,3,-13,-131
1767174549.5652382,0,-10,-130
1767174549.5752382,3,-8,-133
1767174549.5852382,2,-4,-132
1767174549.5952382,2,0,-128
1767174549.6052382,4,0,-126
1767174549.6152382,5,1,-123
1767174549.6252382,0,0,-130
1767174549.6352382,4,1,-126
1767174549.6452382,8,-1,-131
1767174549.6552382,7,-3,-121
1767174549.665238,8,-1,-116
1767174549.675238,5,-5,-124
1767174549.685238,5,-4,-127
1767174549.695238,0,-3,-122
1767174549.705238,0,-3,-115
1767174549.715238,3,-2,-116
1767174549.725238,5,0,-111
1767174549.735238,4,0,-114
1767174549.745238,7,-1,-116
1767174549.755238,8,-2,-115
1767174549.765238,4,-1,-113
1767174549.775238,9,0,-115
1767174549.7852385,9,-1,-116
1767174549.7952385,7,-1,-119
1767174549.8052382,5,1,-118
1767174549.8152382,5,-1,-121
1767174549.8252382,3,3,-121
1767174549.8352382,0,2,-121
1767174549.8452382,0,2,-117
1767174549.8552382,4,3,-123
1767174549.866238,-1,4,-122
1767174549.8752382,-2,4,-124
1767174549.886238,1,4,-125
1767174549.8952382,3,4,-131
1767174549.9052382,-2,7,-134
1767174549.916238,-3,8,-132
1767174549.926238,0,6,-135
1767174549.936238,-4,5,-132
1767174549.946238,-5,5,-126
1767174549.9562385,-7,1,-122
1767174549.9662385,-8,0,-121
1767174549.9762385,-1,0,-121
1767174549.9862382,1,1,-123
1767174549.9962382,1,1,-122
1767174550.0062382,-1,1,-125
1767174550.0162382,-1,-2,-124
1767174550.0262382,-3,-4,-123
1767174550.0362382,-2,-6,-126
1767174550.0462382,-2,-5,-122
1767174550.0562382,-2,-4,-120
1767174550.0662382,-5,-2,-123
1767174550.0762382,-8,-1,-118
1767174550.086238,-4,0,-113
1767174550.096238,0,2,-110
1767174550.106238,0,1,-108
1767174550.116238,0,0,-111
1767174550.126238,-5,-1,-116
1767174550.136238,-5,0,-119
1767174550.146238,0,1,-122
1767174550.156238,5,3,-124
1767174550.166238,5,1,-123
1767174550.176238,4,-2,-117
1767174550.186238,0,0,-112
1767174550.196238,-2,-1,-113
1767174550.2062385,-5,-2,-112
1767174550.2162385,0,0,-113
1767174550.2262385,0,1,-115
1767174550.2362382,1,3,-117
1767174550.2462382,0,4,-116
1767174550.2562382,2,6,-113
1767174550.2662382,2,4,-114
1767174550.2762382,10,3,-117
1767174550.2862382,7,4,-121
1767174550.2962382,6,2,-119
1767174550.3062382,4,-3,-112
1767174550.3162382,2,-6,-109
1767174550.3262382,4,0,-112
1767174550.336238,1,-1,-115
1767174550.346238,0,0,-115
1767174550.356238,0,-1,-116
1767174550.366238,1,-5,-113
1767174550.376238,1,0,-111
1767174550.386238,-2,0,-115
1767174550.396238,-5,1,-116
1767174550.406238,-5,-1,-111
1767174550.416238,-3,0,-110
1767174550.426238,-2,1,-112
1767174550.436238,-1,3,-112
1767174550.446238,0,2,-113
1767174550.4562385,-1,0,-111
1767174550.4662385,-3,-4,-118
1767174550.4762385,1,-2,-119
1767174550.4862382,0,1,-125
1767174550.4962382,1,-1,-115
1767174550.5062382,2,-8,-112
1767174550.5162382,-1,-8,-115
1767174550.5262382,-2,-5,-113
1767174550.5362382,-4,-5,-119
1767174550.5462382,-8,-4,-119
1767174550.5562382,-4,-7,-121
1767174550.5662382,-2,-6,-120
1767174550.5762382,-3,-5,-118
1767174550.586238,-2,-6,-123
1767174550.596238,-1,-4,-127
1767174550.606238,-3,-2,-129
1767174550.616238,-4,0,-134
1767174550.626238,-2,0,-132
1767174550.636238,-5,0,-129
1767174550.646238,-6,-4,-125
1767174550.656238,-5,-4,-128
1767174550.666238,-3,0,-124
1767174550.676238,0,-1,-119
1767174550.686238,-1,1,-122
1767174550.696238,-2,0,-130
1767174550.7062385,0,3,-133
1767174550.7162385,2,1,-128
1767174550.7262385,5,-2,-116
1767174550.7362382,5,-1,-118
1767174550.7462382,5,0,-119
1767174550.7562382,2,3,-109
1767174550.7662382,0,0,-114
1767174550.7762382,3,-4,-121
1767174550.7862382,0,-3,-122
1767174550.7962382,-1,-3,-121
1767174550.8062382,-1,0,-117
1767174550.8162382,-6,-2,-119
1767174550.8262382,-4,-1,-119
1767174550.836238,-2,-4,-113
1767174550.846238,-6,-2,-116
1767174550.856238,-8,-2,-121
1767174550.866238,-8,-6,-119
1767174550.876238,-10,-5,-118
1767174550.886238,-6,-2,-125
1767174550.896238,-5,-1,-138
1767174550.906238,-1,2,-141
1767174550.916238,1,4,-139
1767174550.926238,0,4,-137
1767174550.936238,-1,1,-132
1767174550.946238,3,1,-130
1767174550.9562385,4,5,-122
1767174550.9662385,3,2,-115
1767174550.9762385,2,5,-107
1767174550.9862382,1,4,-108
1767174550.9962382,0,0,-113
1767174551.0062382,0,0,-112
1767174551.0162382,4,0,-115
1767174551.0262382,0,1,-118
1767174551.0362382,-3,1,-117
1767174551.0462382,-4,0,-115
1767174551.0562382,-7,0,-115
1767174551.0662382,-6,-4,-112
1767174551.0762382,-4,-5,-119
1767174551.086238,-2,-5,-118
1767174551.096238,0,-2,-109
1767174551.106238,-1,-4,-111
1767174551.116238,0,-5,-114
1767174551.126238,0,-4,-115
1767174551.136238,-1,-5,-116
1767174551.146238,3,-8,-118
1767174551.156238,6,-7,-125
1767174551.166238,6,-2,-130
1767174551.176238,5,-3,-130
1767174551.186238,5,-2,-125
1767174551.196238,4,2,-126
1767174551.2062385,2,0,-129
1767174551.2162385,4,3,-130
1767174551.2262385,8,0,-131
1767174551.2362382,10,0,-128
1767174551.2462382,7,0,-133
1767174551.2562382,2,-5,-131
1767174551.2662382,0,-5,-134
1767174551.2762382,1,-6,-137
1767174551.2862382,4,-8,-130
1767174551.2962382,5,-10,-131
1767174551.3062382,2,-8,-132
1767174551.3162382,0,-6,-139
1767174551.3262382,0,-5,-137
1767174551.336238,1,-6,-135
1767174551.346238,1,-9,-133
1767174551.356238,3,-8,-130
1767174551.366238,5,-8,-125
1767174551.376238,4,-4,-130
1767174551.386238,1,-6,-132
1767174551.396238,4,-3,-133
1767174551.406238,3,-4,-125
1767174551.416238,2,-4,-121
1767174551.426238,6,-6,-120
1767174551.436238,6,-7,-117
1767174551.446238,6,-10,-122
1767174551.4562385,5,-8,-129
1767174551.4662385,3,-7,-127
1767174551.4762385,5,-4,-132
1767174551.4862382,3,-3,-132
1767174551.4962382,0,-2,-127
1767174551.5062382,4,-6,-128
1767174551.5162382,7,-7,-127
1767174551.5262382,8,-2,-129
1767174551.5362382,3,0,-126
1767174551.5462382,2,5,-124
1767174551.5562382,3,3,-129
1767174551.5662382,0,0,-126
1767174551.5762382,2,3,-119
1767174551.586238,1,0,-122
1767174551.596238,0,1,-119
1767174551.606238,0,0,-122
1767174551.616238,0,1,-125
1767174551.626238,0,1,-129
1767174551.636238,-2,0,-121
1767174551.646238,-7,4,-118
1767174551.656238,-7,6,-118
1767174551.666238,0,3,-112
1767174551.676238,2,0,-110
1767174551.686238,0,-2,-116
1767174551.696238,-4,0,-121
1767174551.7062385,-2,1,-119
1767174551.7162385,0,-2,-112
1767174551.7262385,2,-3,-114
1767174551.7362382,7,-5,-114
1767174551.7462382,11,-4,-114
1767174551.7562382,12,-4,-112
1767174551.7662382,10,-5,-117
1767174551.7762382,6,-5,-120
1767174551.7862382,8,-6,-123
1767174551.7962382,11,-4,-123
1767174551.8062382,10,-4,-119
1767174551.8162382,6,-1,-116
1767174551.8262382,5,0,-123
1767174551.836238,7,-1,-122
1767174551.846238,5,-3,-115
1767174551.856238,6,-1,-111
1767174551.866238,8,-1,-114
1767174551.876238,0,2,-118
1767174551.886238,3,1,-119
1767174551.896238,3,0,-123
1767174551.906238,5,0,-129
1767174551.916238,4,4,-131
1767174551.926238,2,3,-130
1767174551.936238,2,0,-128
1767174551.946238,3,0,-129
1767174551.9562385,0,3,-124
1767174551.9662385,-6,0,-124
1767174551.9762385,-10,-2,-125
1767174551.9862382,-10,-3,-126
1767174551.9962382,-6,-2,-120
1767174552.0062382,-2,3,-119
1767174552.0162382,-2,4,-122
1767174552.0262382,0,-2,-116
1767174552.0362382,1,-6,-115
1767174552.0462382,0,-7,-115
1767174552.0562382,0,-6,-119
1767174552.0662382,3,-7,-122
1767174552.0762382,0,-8,-123
1767174552.086238,0,-8,-128
1767174552.096238,1,-9,-125
1767174552.106238,-2,-2,-121
1767174552.116238,-4,-2,-126
1767174552.126238,-3,-4,-120
1767174552.136238,-3,-3,-123
1767174552.146238,-2,-5,-130
1767174552.156238,-3,-3,-128
1767174552.166238,0,-4,-126
1767174552.176238,4,-3,-128
1767174552.186238,2,-5,-127
1767174552.196238,-2,-4,-120
1767174552.2062385,-2,-3,-120
1767174552.2162385,-1,-4,-120
1767174552.2262385,-1,-3,-118
1767174552.2362382,0,-6,-125
1767174552.2462382,2,-5,-123
1767174552.2562382,2,-4,-129
1767174552.2662382,1,-3,-126
1767174552.2762382,1,-2,-127
1767174552.2862382,0,0,-128
1767174552.2962382,0,0,-130
1767174552.3062382,-3,1,-129
1767174552.3162382,0,3,-122
1767174552.3262382,-2,2,-116
1767174552.336238,-1,2,-120
1767174552.346238,-2,0,-120
1767174552.356238,1,-2,-115
1767174552.366238,0,-3,-116
1767174552.376238,4,-1,-120
1767174552.386238,-1,-2,-120
1767174552.396238,-5,-2,-125
1767174552.406238,-6,0,-122
1767174552.416238,-1,-1,-121
1767174552.426238,0,0,-120
1767174552.436238,0,0,-122
1767174552.446238,0,-1,-121
1767174552.4562385,4,0,-117
1767174552.4662385,0,4,-109
1767174552.4762385,0,4,-116
1767174552.4862382,-4,1,-116
1767174552.4962382,-9,-3,-114
1767174552.5062382,-11,-3,-111
1767174552.5162382,-3,-4,-110
1767174552.5262382,0,-1,-117
1767174552.5362382,-4,0,-118
1767174552.547238,-3,2,-118
1767174552.5562382,0,2,-118
1767174552.5662382,0,5,-125
1767174552.5762382,8,0,-126
1767174552.587238,6,0,-123
1767174552.597238,4,3,-123
1767174552.607238,0,1,-122
1767174552.617238,-1,0,-124
1767174552.627238,0,-1,-131
1767174552.6372385,1,-1,-138
1767174552.6472385,1,1,-143
1767174552.6572382,2,5,-145
1767174552.6672382,3,4,-141
1767174552.6772382,3,2,-130
1767174552.6872382,3,-2,-130
1767174552.6972382,2,2,-127
1767174552.7072382,0,1,-129
1767174552.7172382,0,1,-126
1767174552.7272382,-2,2,-128
1767174552.7372382,-2,0,-122
1767174552.7472382,3,-1,-120
1767174552.757238,1,-1,-121
1767174552.767238,2,-1,-117
1767174552.777238,4,-4,-120
1767174552.787238,5,-2,-117
1767174552.797238,0,-7,-114
1767174552.807238,0,-11,-109
1767174552.817238,0,-10,-114
1767174552.827238,2,-6,-116
1767174552.837238,2,-5,-115
1767174552.847238,-1,-2,-117
1767174552.857238,0,0,-126
1767174552.867238,-1,0,-130
1767174552.877238,0,4,-130
1767174552.8872385,0,3,-133
1767174552.8972385,4,7,-133
1767174552.9072382,1,6,-125
1767174552.9172382,-5,3,-121
1767174552.9272382,-9,1,-129
1767174552.9372382,-10,1,-129
1767174552.9472382,-4,1,-127
1767174552.9572382,-2,1,-120
1767174552.9672382,-1,-4,-118
1767174552.9772382,-1,-6,-115
1767174552.9872382,-5,-5,-121
1767174552.9972382,-5,-6,-119
1767174553.007238,-2,-6,-118
1767174553.017238,-2,-6,-130
1767174553.027238,-3,-8,-134
1767174553.037238,0,-5,-132
1767174553.047238,4,-3,-133
1767174553.057238,5,0,-128
1767174553.067238,4,-4,-127
1767174553.077238,1,-6,-125
1767174553.087238,0,-4,-127
1767174553.097238,-1,0,-129
1767174553.107238,-1,2,-128
1767174553.117238,-2,4,-124
1767174553.127238,-3,4,-123
1767174553.1372385,-1,0,-123
1767174553.1472385,0,0,-127
1767174553.1572382,-2,-1,-124
1767174553.1672382,-2,0,-129
1767174553.1772382,-2,-1,-124
1767174553.1872382,-3,-4,-119
1767174553.1972382,-8,0,-120
1767174553.2072382,-9,0,-122
1767174553.2172382,-7,1,-121
1767174553.2272382,-5,3,-118
1767174553.2372382,-3,0,-121
1767174553.2472382,-4,0,-120
1767174553.257238,-6,-5,-124
1767174553.267238,-6,-3,-122
1767174553.277238,-8,-6,-117
1767174553.287238,-7,-8,-112
1767174553.297238,-3,-7,-110
1767174553.307238,-3,-7,-108
1767174553.317238,0,-6,-113
1767174553.327238,0,-10,-116
1767174553.337238,0,-5,-120
1767174553.347238,3,-7,-123
1767174553.357238,0,-10,-120
1767174553.367238,0,-3,-120
1767174553.377238,2,-4,-122
1767174553.3872385,1,-1,-127
1767174553.3972385,-1,0,-128
1767174553.4072382,-1,0,-125
1767174553.4172382,0,0,-122
1767174553.4272382,4,0,-125
1767174553.4372382,5,-3,-127
1767174553.459238,3,-2,-115
1767174553.4672382,6,-3,-112
1767174553.4772382,0,-4,-119
1767174553.4872382,-3,-3,-121
1767174553.4972382,-1,-1,-127
1767174553.507238,1,-1,-127
1767174553.517238,4,-1,-124
1767174553.527238,4,-1,-117
1767174553.537238,6,-7,-112
1767174553.547238,4,-6,-106
1767174553.557238,3,-6,-108
1767174553.567238,4,-2,-108
1767174553.577238,1,0,-107
1767174553.587238,3,0,-114
1767174553.597238,4,0,-108
1767174553.607238,3,-2,-108
1767174553.617238,5,0,-112
1767174553.627238,7,0,-120
1767174553.6372385,5,6,-122
1767174553.6472385,4,0,-119
1767174553.6572382,3,-4,-121
1767174553.6672382,0,-4,-130
1767174553.6772382,0,-5,-126
1767174553.6872382,0,-5,-122
1767174553.6972382,-5,-7,-123
1767174553.7072382,-2,-7,-120
1767174553.7172382,0,-8,-122
1767174553.7272382,-2,-8,-118
1767174553.7372382,0,-6,-119
1767174553.7472382,0,-8,-111
1767174553.757238,0,-8,-114
1767174553.767238,1,-7,-117
1767174553.777238,6,-7,-121
1767174553.787238,4,-5,-121
1767174553.797238,-1,-5,-125
1767174553.807238,-2,-6,-128
1767174553.817238,-2,-7,-120
1767174553.827238,1,-8,-114
1767174553.837238,7,-5,-123
1767174553.847238,11,-5,-129
1767174553.857238,12,-4,-131
1767174553.867238,11,-3,-131
1767174553.877238,7,-4,-129
1767174553.8872385,3,-2,-125
1767174553.8972385,-1,-6,-125
1767174553.9072382,1,-4,-123
1767174553.9172382,1,-4,-121
1767174553.9272382,0,-1,-122
1767174553.9372382,0,-3,-123
1767174553.9472382,3,-2,-120
1767174553.9572382,5,-1,-125
1767174553.9672382,3,1,-127
1767174553.9772382,0,-2,-130
1767174553.9872382,1,1,-133
1767174553.9972382,0,1,-129
1767174554.007238,2,1,-127
1767174554.017238,4,-4,-129
1767174554.027238,3,-9,-126
1767174554.037238,5,-9,-129
1767174554.047238,3,-8,-126
1767174554.057238,1,-8,-120
1767174554.067238,1,-9,-119
1767174554.077238,5,-9,-113
1767174554.087238,0,-10,-109
1767174554.097238,-2,-8,-115
1767174554.107238,-5,-6,-114
1767174554.117238,-1,-4,-117
1767174554.127238,-2,-7,-112
1767174554.1372385,-5,-6,-111
1767174554.1472385,-3,-4,-110
1767174554.1572382,0,-5,-107
1767174554.1672382,0,-7,-112
1767174554.1772382,2,-4,-114
1767174554.1872382,1,0,-125
1767174554.1972382,4,0,-122
1767174554.2072382,1,1,-120
1767174554.2172382,2,-2,-127
1767174554.2272382,4,0,-130
1767174554.2372382,3,2,-132
1767174554.2472382,5,0,-129
1767174554.257238,5,-3,-123
1767174554.267238,1,-1,-125
1767174554.277238,0,1,-119
1767174554.287238,0,0,-118
1767174554.297238,0,-2,-120
1767174554.307238,-4,-4,-121
1767174554.317238,0,-4,-121
1767174554.327238,-3,-1,-124
1767174554.337238,-2,-1,-119
1767174554.347238,-1,-3,-120
1767174554.357238,-2,-4,-113
1767174554.367238,-4,0,-110
1767174554.377238,0,3,-106
1767174554.3872385,0,0,-106
1767174554.3972385,-3,0,-105
1767174554.4072382,-5,4,-106
1767174554.4172382,-5,7,-116
1767174554.4272382,-2,6,-113
1767174554.4372382,-1,3,-111
1767174554.4472382,0,0,-115
1767174554.4572382,2,0,-120
1767174554.4672382,0,0,-122
1767174554.4772382,3,-1,-117
1767174554.4872382,-1,-2,-118
1767174554.4972382,0,0,-118
1767174554.507238,0,1,-119
1767174554.517238,0,-1,-115
1767174554.527238,1,-9,-115
1767174554.537238,1,-8,-113
1767174554.547238,-2,-10,-119
1767174554.557238,3,-9,-119
1767174554.567238,6,-10,-115
1767174554.577238,5,-7,-122
1767174554.587238,2,-4,-121
1767174554.597238,3,0,-119
1767174554.607238,6,-1,-122
1767174554.617238,6,-2,-126
1767174554.627238,4,-3,-134
1767174554.6372385,3,-2,-134
1767174554.6472385,0,0,-129
1767174554.6572382,-3,0,-129
1767174554.6672382,-7,0,-131
1767174554.6772382,-4,1,-124
1767174554.6872382,-2,-3,-122
1767174554.6972382,-1,-4,-128
1767174554.7072382,1,-3,-132
1767174554.7172382,1,-5,-131
1767174554.7272382,2,-5,-130
1767174554.7372382,2,-8,-132
1767174554.7472382,5,-8,-127
1767174554.757238,4,-9,-119
1767174554.767238,3,-6,-120
1767174554.777238,4,-5,-117
1767174554.787238,3,-8,-119
1767174554.797238,5,-1,-120
1767174554.807238,8,0,-124
1767174554.817238,7,0,-126
1767174554.827238,6,-4,-117
1767174554.837238,5,-2,-117
1767174554.847238,6,-2,-118
1767174554.857238,7,-3,-119
1767174554.867238,10,-1,-112
1767174554.877238,6,-1,-113
1767174554.8872385,4,0,-115
1767174554.8972385,0,2,-116
1767174554.9072382,-8,-2,-116
1767174554.9172382,-5,1,-116
1767174554.9272382,-10,2,-117
1767174554.9372382,-6,4,-118
1767174554.9472382,-8,4,-124
1767174554.9572382,-7,2,-125
1767174554.9672382,-6,5,-129
1767174554.9772382,-5,1,-127
1767174554.9872382,-4,1,-124
1767174554.9972382,-3,0,-121
1767174555.007238,-2,4,-121
1767174555.017238,-1,7,-126
1767174555.027238,-3,8,-122
1767174555.037238,-2,4,-123
1767174555.047238,0,1,-122
1767174555.057238,-1,2,-124
1767174555.067238,2,2,-126
1767174555.077238,5,0,-122
1767174555.087238,9,2,-121
1767174555.097238,7,2,-116
1767174555.107238,0,5,-120
1767174555.117238,-1,4,-123
1767174555.127238,-2,6,-128
1767174555.1372385,1,2,-131
1767174555.1472385,0,0,-130
1767174555.1572382,2,3,-128
1767174555.1672382,0,3,-129
1767174555.1772382,-2,1,-122
1767174555.1872382,-1,0,-121
1767174555.198238,-1,-2,-127
1767174555.2072382,0,-1,-121
1767174555.218238,1,0,-122
1767174555.228238,-3,-3,-116
1767174555.238238,-3,0,-121
1767174555.248238,-2,-1,-118
1767174555.258238,-1,-5,-119
1767174555.268238,-5,-5,-119
1767174555.278238,-2,-2,-120
1767174555.288238,-3,-7,-121
1767174555.298238,0,-2,-119
1767174555.3082385,6,1,-114
1767174555.3182385,4,2,-121
1767174555.3282382,4,4,-126
1767174555.3382382,3,2,-127
1767174555.3482382,-3,4,-130
1767174555.357238,-2,0,-128
1767174555.3682382,0,1,-122
1767174555.3782382,1,6,-122
1767174555.3882382,1,7,-120
1767174555.3982382,2,6,-122
1767174555.4082382,-1,2,-118
1767174555.4182382,-6,0,-119
1767174555.4282382,-7,1,-119
1767174555.438238,-3,0,-121
1767174555.448238,2,3,-117
1767174555.458238,4,3,-107
1767174555.468238,4,2,-107
1767174555.478238,3,3,-110
1767174555.488238,0,2,-107
1767174555.498238,2,0,-108
1767174555.508238,2,2,-105
1767174555.518238,3,4,-108
1767174555.528238,2,0,-109
1767174555.538238,4,-4,-111
1767174555.548238,2,-3,-110
1767174555.5582385,3,1,-113
1767174555.5682385,3,0,-110
1767174555.5782382,0,-1,-110
1767174555.5882382,-4,-2,-111
1767174555.5982382,-5,0,-117
1767174555.6082382,-2,2,-124
1767174555.6182382,-2,0,-125
1767174555.6282382,-1,-1,-127
1767174555.6382382,-1,1,-125
1767174555.6482382,-1,1,-126
1767174555.6582382,-4,1,-130
1767174555.6682382,0,0,-129
1767174555.6782382,5,-3,-127
1767174555.688238,5,-5,-128
1767174555.698238,7,-3,-123
1767174555.708238,6,0,-119
1767174555.718238,5,3,-120
1767174555.728238,10,-1,-114
1767174555.738238,8,-2,-112
1767174555.748238,7,-3,-111
1767174555.758238,6,-2,-111
1767174555.768238,6,-2,-117
1767174555.778238,5,-2,-118
1767174555.788238,2,-8,-123
1767174555.798238,3,-9,-122
1767174555.8082385,5,-12,-119
1767174555.8182385,5,-12,-113
1767174555.8282382,5,-10,-114
1767174555.8382382,5,-5,-121
1767174555.8482382,1,-3,-123
1767174555.8582382,-2,-4,-118
1767174555.8682382,-6,-7,-117
1767174555.8782382,-4,-8,-121
1767174555.8882382,-5,-4,-120
1767174555.8982382,-4,-7,-118
1767174555.9082382,-5,-5,-120
1767174555.9182382,-6,-4,-115
1767174555.9282382,-1,-7,-116
1767174555.938238,-1,-3,-116
1767174555.948238,-1,0,-116
1767174555.958238,-3,0,-112
1767174555.968238,-4,0,-110
1767174555.978238,-4,0,-113
1767174555.988238,0,1,-122
1767174555.998238,-2,2,-125
1767174556.008238,-2,-3,-124
1767174556.018238,-6,-2,-117
1767174556.028238,-5,-2,-120
1767174556.038238,-3,-1,-126
1767174556.048238,-1,-3,-128
1767174556.0582385,-1,-1,-126
1767174556.0682385,0,0,-125
1767174556.0782382,0,1,-131
1767174556.0882382,3,1,-135
1767174556.0982382,2,0,-130
1767174556.1082382,0,-2,-130
1767174556.1182382,0,-3,-126
1767174556.1282382,0,-5,-122
1767174556.1382382,-2,-3,-120
1767174556.1482382,6,-5,-119
1767174556.1582382,6,-4,-119
1767174556.1682382,6,-6,-121
1767174556.1782382,0,-8,-117
1767174556.188238,3,-9,-116
1767174556.198238,0,-8,-116
1767174556.208238,-5,-8,-113
1767174556.218238,-9,-9,-113
1767174556.228238,-6,-8,-111
1767174556.238238,-2,-3,-107
1767174556.248238,0,0,-108
1767174556.258238,0,0,-110
1767174556.268238,0,0,-115
1767174556.278238,4,0,-119
1767174556.288238,0,0,-124
1767174556.298238,-1,-5,-126
1767174556.3082385,1,-7,-126
1767174556.3182385,0,-4,-129
1767174556.3282382,-3,-5,-129
1767174556.3382382,-6,-4,-127
1767174556.3482382,-6,-1,-119
1767174556.3582382,-3,0,-115
1767174556.3682382,-7,2,-117
1767174556.3782382,-5,1,-121
1767174556.3882382,-4,7,-119
1767174556.399238,-3,5,-122
1767174556.4082382,-4,8,-117
1767174556.4182382,-2,4,-119
1767174556.4282382,-2,6,-126
1767174556.438238,-3,4,-128
1767174556.448238,-2,3,-134
1767174556.458238,0,1,-128
1767174556.468238,2,2,-123
1767174556.478238,2,0,-132
1767174556.488238,4,0,-132
1767174556.498238,3,2,-131
1767174556.508238,4,4,-129
1767174556.518238,9,2,-124
1767174556.528238,4,6,-124
1767174556.538238,4,3,-125
1767174556.548238,0,-3,-117
1767174556.5582385,1,-5,-112
1767174556.5682385,0,-2,-113
1767174556.5782382,1,-3,-117
1767174556.5882382,0,0,-119
1767174556.5982382,-1,-3,-121
1767174556.6082382,-1,-3,-115
1767174556.6182382,-1,-1,-120
1767174556.6282382,-4,-1,-125
1767174556.6382382,-7,0,-132
1767174556.6482382,-10,-1,-128
1767174556.6582382,-10,2,-132
1767174556.6682382,-7,4,-133
1767174556.6782382,-4,1,-137
1767174556.688238,-5,2,-134
1767174556.698238,-6,1,-131
1767174556.708238,-6,-1,-129
1767174556.718238,-6,-2,-124
1767174556.728238,-8,-3,-123
1767174556.738238,-3,-2,-123
1767174556.748238,1,-2,-127
1767174556.758238,7,-2,-131
1767174556.768238,6,-1,-126
1767174556.778238,4,-2,-124
1767174556.788238,3,0,-128
1767174556.798238,3,2,-129
1767174556.8082385,3,1,-129
1767174556.8182385,1,1,-125
1767174556.8282382,2,2,-125
1767174556.8382382,0,2,-126
1767174556.8482382,0,2,-129
1767174556.8582382,-1,4,-121
1767174556.8682382,0,4,-125
1767174556.8782382,-2,0,-128
1767174556.8882382,-6,0,-122
1767174556.8982382,-4,1,-120
1767174556.9082382,-2,0,-121
1767174556.9182382,-1,0,-114
1767174556.9282382,0,-1,-113
1767174556.938238,3,-1,-125
1767174556.948238,2,1,-119
1767174556.958238,2,0,-122
1767174556.968238,2,-1,-120
1767174556.978238,3,0,-124
1767174556.988238,5,-4,-124
1767174556.998238,5,-3,-117
1767174557.008238,4,-9,-113
1767174557.018238,3,-12,-116
1767174557.028238,-5,-5,-113
1767174557.038238,-4,-4,-111
1767174557.048238,-2,1,-110
1767174557.0582385,0,2,-108
1767174557.0682385,4,-2,-105
1767174557.0782382,3,-2,-111
1767174557.0882382,0,0,-109
1767174557.0982382,0,0,-110
1767174557.1082382,0,0,-114
1767174557.1182382,2,-2,-121
1767174557.1282382,3,-2,-125
1767174557.1382382,6,-2,-125
1767174557.1482382,5,-2,-119
1767174557.1582382,4,-3,-111
1767174557.1682382,3,-2,-110
1767174557.1782382,7,-1,-109
1767174557.188238,6,0,-112
1767174557.198238,5,0,-112
1767174557.208238,1,-3,-113
1767174557.218238,0,-3,-117
1767174557.228238,4,-3,-115
1767174557.238238,-1,1,-119
1767174557.248238,2,0,-119
1767174557.258238,4,-3,-118
1767174557.268238,4,-3,-121
1767174557.278238,1,-3,-122
1767174557.288238,4,-1,-122
1767174557.298238,3,1,-126
1767174557.3082385,0,3,-129
1767174557.3182385,0,2,-124
1767174557.3282382,0,3,-123
1767174557.3382382,-2,5,-120
1767174557.3482382,-7,6,-121
1767174557.3582382,-7,5,-123
1767174557.3682382,-6,2,-134
1767174557.3782382,0,-2,-130
1767174557.3882382,2,-2,-132
1767174557.3982382,-2,1,-132
1767174557.4082382,-2,2,-126
1767174557.4182382,-5,0,-126
1767174557.4282382,-1,-1,-124
1767174557.438238,-1,0,-125
1767174557.448238,-1,-1,-121
1767174557.458238,-2,-7,-120
1767174557.468238,-1,-4,-121
1767174557.478238,1,0,-123
1767174557.488238,6,3,-120
1767174557.498238,4,2,-122
1767174557.508238,3,2,-119
1767174557.518238,4,1,-115
1767174557.528238,6,3,-116
1767174557.538238,3,2,-115
1767174557.548238,1,-4,-113
1767174557.5582385,2,0,-114
1767174557.5682385,-4,0,-122
1767174557.5782382,-3,-2,-125
1767174557.5882382,1,-5,-119
1767174557.5982382,2,-2,-125
1767174557.6082382,2,1,-128
1767174557.6182382,2,2,-127
1767174557.6282382,0,1,-125
1767174557.6382382,3,0,-121
1767174557.6482382,-2,-2,-126
1767174557.6582382,-3,-5,-126
1767174557.6682382,0,-3,-121
1767174557.6782382,-1,1,-117
1767174557.688238,-4,2,-120
1767174557.698238,-4,1,-120
1767174557.708238,-7,5,-119
1767174557.718238,-7,3,-112
1767174557.728238,-5,-1,-115
1767174557.738238,-4,-3,-119
1767174557.748238,-2,-5,-114
1767174557.758238,-2,-6,-120
1767174557.768238,-1,-5,-120
1767174557.778238,0,-5,-118
1767174557.788238,1,-4,-123
1767174557.798238,5,-3,-125
1767174557.8082385,6,-5,-123
1767174557.8182385,3,0,-127
1767174557.8282382,2,-4,-133
1767174557.8382382,3,-6,-128
1767174557.8482382,6,-7,-131
1767174557.8582382,4,-5,-134
1767174557.869238,4,-3,-133
1767174557.879238,6,-3,-125
1767174557.889238,0,-5,-124
1767174557.899238,0,-3,-125
1767174557.909238,1,-1,-130
1767174557.919238,2,-3,-125
1767174557.929238,1,-2,-129
1767174557.939238,6,-7,-128
1767174557.949238,1,-8,-126
1767174557.959238,-1,-3,-123
1767174557.969238,-1,-2,-123
1767174557.9792385,3,-2,-129
1767174557.9892385,2,-5,-129
1767174557.9992385,3,-7,-124
1767174558.0092382,2,-6,-119
1767174558.0192382,3,-5,-122
1767174558.0292382,5,0,-124
1767174558.0392382,2,2,-118
1767174558.0492382,0,6,-123
1767174558.0592382,2,6,-126
1767174558.0692382,3,3,-129
1767174558.0792382,5,3,-123
1767174558.0892382,7,3,-122
1767174558.0992382,7,7,-123
1767174558.109238,6,8,-121
1767174558.119238,4,5,-122
1767174558.129238,6,2,-126
1767174558.139238,3,0,-122
1767174558.149238,-2,0,-123
1767174558.159238,0,-2,-126
1767174558.169238,-2,-3,-135
1767174558.179238,-2,-5,-128
1767174558.189238,-5,-7,-129
1767174558.199238,-1,-4,-128
1767174558.209238,0,-6,-127
1767174558.219238,-1,-2,-129
1767174558.2292385,-4,-3,-122
1767174558.2392385,0,-3,-116
1767174558.2492385,0,-6,-114
1767174558.2592382,0,-6,-116
1767174558.2692382,1,-8,-120
1767174558.2792382,1,-4,-122
1767174558.2892382,3,0,-124
1767174558.2992382,5,-5,-122
1767174558.3092382,7,-4,-126
1767174558.3192382,9,-3,-127
1767174558.3292382,5,-3,-134
1767174558.3392382,0,-3,-132
1767174558.3492382,0,-2,-126
1767174558.359238,-4,0,-122
1767174558.369238,-5,2,-117
1767174558.379238,-5,0,-112
1767174558.389238,-6,-3,-112
1767174558.399238,-7,-8,-109
1767174558.409238,-6,-7,-119
1767174558.419238,-5,-7,-119
1767174558.429238,-4,-6,-123
1767174558.439238,-4,-6,-118
1767174558.449238,-1,-7,-116
1767174558.471238,0,-8,-119
1767174558.4792385,-2,-5,-118
1767174558.4892385,-4,-2,-116
1767174558.4992385,-3,-2,-116
1767174558.5092382,-2,-2,-119
1767174558.5192382,-1,-3,-113
1767174558.5292382,1,-5,-111
1767174558.5392382,7,-4,-116
1767174558.5492382,3,-2,-120
1767174558.5592382,0,-1,-121
1767174558.5692382,-2,-2,-119
1767174558.5792382,-3,0,-117
1767174558.5892382,0,1,-112
1767174558.5992382,3,3,-117
1767174558.609238,-1,1,-118
1767174558.619238,-5,0,-124
1767174558.629238,-4,-3,-128
1767174558.639238,-6,-5,-125
1767174558.649238,-8,-3,-114
1767174558.659238,-8,0,-112
1767174558.669238,-5,-2,-114
1767174558.679238,0,-1,-110
1767174558.689238,0,-2,-115
1767174558.699238,1,-4,-114
1767174558.709238,0,-4,-109
1767174558.719238,0,-2,-110
1767174558.7292385,0,0,-115
1767174558.7392385,1,-1,-116
1767174558.7492385,2,2,-116
1767174558.7592382,-1,2,-121
1767174558.7692382,-2,4,-121
1767174558.7792382,-1,1,-117
1767174558.7892382,5,2,-117
1767174558.7992382,5,0,-120
1767174558.8092382,6,-2,-119
1767174558.8192382,6,-4,-118
1767174558.8292382,6,-3,-116
1767174558.8392382,6,-3,-117
1767174558.8492382,6,0,-114
1767174558.859238,8,5,-115
1767174558.869238,4,2,-115
1767174558.879238,7,2,-116
1767174558.889238,6,1,-115
1767174558.899238,1,0,-117
1767174558.909238,2,0,-107
1767174558.919238,8,0,-105
1767174558.929238,8,5,-112
1767174558.939238,7,4,-125
1767174558.949238,1,0,-121
1767174558.959238,3,1,-118
1767174558.969238,2,2,-120
1767174558.9792385,2,1,-125
1767174558.9892385,2,0,-122
1767174558.9992385,0,0,-127
1767174559.0092382,-1,1,-131
1767174559.0192382,-4,1,-131
1767174559.0292382,2,4,-132
1767174559.0392382,2,1,-130
1767174559.0492382,3,2,-134
1767174559.0592382,2,1,-135
1767174559.0692382,0,-1,-132
1767174559.0792382,2,-1,-128
1767174559.0892382,1,0,-128
1767174559.0992382,0,4,-127
1767174559.109238,-3,4,-125
1767174559.119238,2,5,-120
1767174559.129238,0,2,-120
1767174559.139238,2,0,-119
1767174559.149238,5,-3,-120
1767174559.159238,-2,-4,-125
1767174559.169238,-4,-5,-119
1767174559.179238,0,-7,-117
1767174559.189238,5,-4,-119
1767174559.199238,2,-2,-119
1767174559.209238,6,0,-125
1767174559.219238,1,1,-126
1767174559.2292385,0,3,-127
1767174559.2392385,0,1,-127
1767174559.2492385,5,0,-120
1767174559.2592382,2,-4,-121
1767174559.2692382,3,-7,-121
1767174559.2792382,1,-8,-126
1767174559.2892382,0,-6,-131
1767174559.2992382,0,-3,-133
1767174559.3092382,2,2,-126
1767174559.3192382,3,1,-128
1767174559.3292382,4,0,-127
1767174559.3392382,3,-2,-127
1767174559.3492382,4,-1,-127
1767174559.359238,5,-1,-129
1767174559.369238,1,-3,-128
1767174559.379238,-4,-1,-125
1767174559.389238,-7,-1,-121
1767174559.399238,-7,-4,-127
1767174559.409238,-5,-1,-123
1767174559.419238,-5,-3,-124
1767174559.429238,0,-6,-124
1767174559.439238,1,-8,-124
1767174559.449238,-1,-8,-118
1767174559.459238,-3,-6,-118
1767174559.469238,-4,-7,-119
1767174559.4792385,-4,-3,-123
1767174559.4892385,2,-5,-120
1767174559.4992385,5,-7,-117
1767174559.5092382,8,-4,-118
1767174559.5192382,9,-1,-111
1767174559.5292382,4,0,-118
1767174559.5392382,4,0,-117
1767174559.5492382,1,0,-122
1767174559.5592382,1,-1,-129
1767174559.5692382,4,1,-128
1767174559.5792382,6,1,-127
1767174559.5892382,9,0,-124
1767174559.5992382,4,-2,-127
1767174559.609238,6,-1,-120
1767174559.619238,2,0,-123
1767174559.629238,0,-2,-118
1767174559.639238,1,0,-115
1767174559.649238,0,2,-120
1767174559.659238,-5,1,-121
1767174559.669238,0,0,-126
1767174559.679238,-2,0,-127
1767174559.689238,0,1,-112
1767174559.699238,-2,1,-110
1767174559.709238,0,0,-112
1767174559.719238,0,-2,-113
1767174559.7292385,2,0,-116
1767174559.7392385,0,-2,-124
1767174559.7492385,-2,-1,-125
1767174559.7592382,-3,2,-119
1767174559.7692382,-3,4,-115
1767174559.7792382,-5,1,-119
1767174559.7892382,-3,0,-124
1767174559.7992382,-4,-2,-126
1767174559.8092382,-4,-2,-123
1767174559.8192382,-1,-2,-118
1767174559.8292382,-4,-3,-114
1767174559.8392382,2,-4,-116
1767174559.8492382,1,-1,-124
1767174559.859238,-3,-1,-123
1767174559.869238,-3,1,-122
1767174559.879238,-1,0,-125
1767174559.889238,-5,2,-122
1767174559.899238,-1,2,-125
1767174559.909238,0,2,-128
1767174559.919238,0,1,-130
1767174559.929238,-1,0,-127
1767174559.939238,-2,2,-128
1767174559.949238,-2,3,-130
1767174559.959238,0,0,-138
1767174559.969238,-2,-3,-131
1767174559.9792385,-1,-7,-126
1767174559.9892385,-4,-5,-128
1767174559.9992385,-6,-1,-128
1767174560.0092382,-6,-3,-133
1767174560.0192382,-11,-2,-136
1767174560.0292382,-8,-3,-127
1767174560.0392382,-8,-1,-122
1767174560.0492382,-8,-1,-128
1767174560.0592382,-12,-1,-124
1767174560.0692382,-15,2,-121
1767174560.0792382,-10,5,-137
1767174560.0892382,-6,3,-133
1767174560.0992382,-4,1,-127
1767174560.109238,-2,0,-127
1767174560.119238,0,0,-127
1767174560.129238,-5,2,-122
1767174560.139238,-4,2,-118
1767174560.149238,0,2,-119
1767174560.159238,2,1,-116
1767174560.169238,0,-2,-116
1767174560.179238,0,0,-110
1767174560.189238,0,-4,-112
1767174560.199238,3,-7,-115
1767174560.209238,0,-4,-114
1767174560.219238,-4,-6,-121
1767174560.2292385,-5,-5,-120
1767174560.2392385,-5,-3,-121
1767174560.2492385,-6,-1,-114
1767174560.2592382,-2,-1,-115
1767174560.2692382,-1,-2,-117
1767174560.2792382,3,-6,-118
1767174560.2892382,3,-3,-120
1767174560.2992382,5,-1,-116
1767174560.3092382,4,0,-115
1767174560.3192382,0,-1,-118
1767174560.3292382,-2,-1,-117
1767174560.3392382,-1,5,-118
1767174560.3492382,1,7,-118
1767174560.359238,1,2,-118
1767174560.369238,1,0,-118
1767174560.379238,2,1,-118
1767174560.389238,4,0,-120
1767174560.399238,9,1,-127
1767174560.409238,9,0,-119
1767174560.419238,6,-2,-117
1767174560.429238,3,1,-124
1767174560.439238,3,8,-120
1767174560.449238,3,5,-117
1767174560.459238,1,4,-117
1767174560.469238,7,0,-122
1767174560.4792385,10,-2,-120
1767174560.4892385,10,0,-117
1767174560.4992385,6,0,-116
1767174560.5092382,5,-2,-120
1767174560.5202382,0,-3,-116
1767174560.5302382,0,-4,-110
1767174560.540238,-1,-1,-102
1767174560.550238,0,1,-108
1767174560.560238,-1,0,-108
1767174560.570238,-2,-2,-111
1767174560.580238,-4,-4,-115
1767174560.590238,-1,0,-119
1767174560.600238,-1,0,-119
1767174560.610238,0,-2,-114
1767174560.620238,-3,0,-118
1767174560.630238,-7,0,-122
1767174560.640238,-7,6,-120
1767174560.650238,-4,9,-118
1767174560.6602385,-1,10,-119
1767174560.6702385,-2,11,-117
1767174560.6802382,-6,6,-120
1767174560.6902382,-6,-1,-126
1767174560.7002382,0,-5,-129
1767174560.7102382,0,-6,-134
1767174560.7202382,2,-4,-127
1767174560.7302382,-3,-4,-126
1767174560.7402382,-2,-3,-122
1767174560.7502382,-5,-3,-120
1767174560.7602382,-3,-4,-113
1767174560.7702382,-4,-5,-122
1767174560.7802382,0,-4,-127
1767174560.790238,0,-8,-122
1767174560.800238,-1,-8,-119
1767174560.810238,0,-7,-114
1767174560.820238,-1,-4,-117
1767174560.830238,-5,-2,-119
1767174560.840238,-4,-6,-129
1767174560.850238,-4,-8,-129
1767174560.860238,1,-9,-133
1767174560.870238,-1,-9,-132
1767174560.880238,-4,-7,-114
1767174560.890238,-7,-6,-112
1767174560.900238,-1,-6,-120
1767174560.9102385,0,-8,-121
1767174560.9202385,-1,-7,-115
1767174560.9302382,-3,-8,-114
1767174560.9402382,-2,-5,-123
1767174560.9502382,-1,-4,-131
1767174560.9602382,0,-4,-130
1767174560.9702382,3,-4,-130
1767174560.9802382,2,-6,-125
1767174560.9902382,-3,-7,-123
1767174561.0002382,-5,-3,-119
1767174561.0102382,-1,-8,-119
1767174561.0202382,3,-4,-120
1767174561.0302382,6,-2,-117
1767174561.040238,6,-4,-123
1767174561.050238,4,-4,-120
1767174561.060238,4,-4,-127
1767174561.070238,1,-1,-126
1767174561.080238,-1,-2,-126
1767174561.090238,0,-4,-130
1767174561.100238,3,-3,-126
1767174561.110238,5,-3,-120
1767174561.120238,4,-1,-123
1767174561.130238,1,-1,-122
1767174561.140238,2,0,-123
1767174561.150238,3,-2,-121
1767174561.1602385,4,-3,-120
1767174561.1702385,4,0,-119
1767174561.1802382,0,0,-118
1767174561.1902382,0,1,-119
1767174561.2002382,-1,-2,-118
1767174561.2102382,-3,-3,-124
1767174561.2202382,0,-3,-128
1767174561.2302382,-4,-3,-126
1767174561.2402382,-5,-3,-121
1767174561.2502382,-10,-1,-125
1767174561.2602382,-6,0,-122
1767174561.2702382,-4,-4,-114
1767174561.2802382,-1,-4,-113
1767174561.290238,-3,-2,-123
1767174561.300238,-3,-4,-122
1767174561.310238,-5,-4,-116
1767174561.320238,-10,-4,-119
1767174561.330238,-4,-6,-118
1767174561.340238,-6,-3,-118
1767174561.350238,-6,-4,-115
1767174561.360238,-10,-4,-116
1767174561.370238,-12,-3,-114
1767174561.380238,-7,-6,-120
1767174561.390238,-4,-3,-128
1767174561.400238,-6,-2,-126
1767174561.4102385,-4,-2,-125
1767174561.4202385,-5,-1,-128
1767174561.4302382,-3,-7,-127
1767174561.4402382,-5,-16,-127
1767174561.4502382,-2,-15,-130
1767174561.4602382,2,-12,-123
1767174561.4702382,2,-10,-123
1767174561.4802382,9,-9,-118
1767174561.4902382,7,-6,-119
1767174561.5002382,6,-1,-118
1767174561.5102382,4,-3,-122
1767174561.5202382,4,-3,-126
1767174561.5302382,5,-2,-127
1767174561.540238,4,0,-124
1767174561.550238,4,-2,-125
1767174561.560238,4,-5,-123
1767174561.570238,3,-1,-122
1767174561.580238,2,-2,-125
1767174561.590238,-1,-5,-115
1767174561.600238,-2,-5,-115
1767174561.610238,-5,-1,-117
1767174561.620238,-3,0,-119
1767174561.630238,0,-1,-117
1767174561.640238,0,-4,-115
1767174561.650238,4,-5,-125
1767174561.6602385,2,-7,-121
1767174561.6702385,4,-7,-125
1767174561.6802382,0,-3,-131
1767174561.6902382,1,-2,-132
1767174561.7002382,2,-1,-126
1767174561.7102382,0,2,-127
1767174561.7202382,0,-1,-129
1767174561.7302382,0,-3,-128
1767174561.7402382,3,0,-129
1767174561.7502382,1,-5,-127
1767174561.7602382,2,-2,-124
1767174561.7702382,0,-1,-126
1767174561.7802382,2,-1,-129
1767174561.790238,-3,0,-124
1767174561.800238,-3,0,-128
1767174561.810238,-4,0,-133
1767174561.820238,-2,0,-129
1767174561.830238,-3,0,-123
1767174561.840238,0,-1,-120
1767174561.850238,1,-1,-119
1767174561.860238,2,-3,-115
1767174561.870238,1,-1,-120
1767174561.880238,0,0,-119
1767174561.890238,-1,-1,-110
1767174561.900238,0,0,-114
1767174561.9102385,-2,0,-119
1767174561.9202385,-2,0,-112
1767174561.9302382,-2,0,-109
1767174561.9402382,1,-3,-115
1767174561.9502382,3,-2,-120
1767174561.9602382,0,-2,-122
1767174561.9702382,-1,-1,-117
1767174561.9802382,-2,2,-119
1767174561.9902382,-4,2,-124
1767174562.0002382,1,2,-120
1767174562.0102382,3,0,-117
1767174562.0202382,8,-1,-120
1767174562.0302382,6,0,-121
1767174562.040238,3,1,-126
1767174562.050238,1,0,-124
1767174562.060238,0,0,-123
1767174562.070238,0,-1,-123
1767174562.080238,3,-2,-127
1767174562.090238,0,2,-129
1767174562.100238,5,2,-128
1767174562.110238,6,0,-125
1767174562.120238,5,-2,-130
1767174562.130238,4,-2,-128
1767174562.140238,-3,0,-126
1767174562.150238,-3,-2,-125
1767174562.1602385,-2,-1,-126
1767174562.1702385,-3,0,-132
1767174562.1802382,-3,2,-132
1767174562.1902382,-4,1,-134
1767174562.2002382,-9,1,-126
1767174562.2102382,-9,5,-118
1767174562.2202382,-5,5,-111
1767174562.2302382,-1,0,-116
1767174562.2402382,0,-1,-121
1767174562.2502382,4,3,-123
1767174562.2602382,1,3,-122
1767174562.2702382,-2,2,-122
1767174562.2802382,-3,3,-122
1767174562.290238,-1,5,-119
1767174562.300238,0,5,-115
1767174562.310238,-1,1,-120
1767174562.320238,1,0,-117
1767174562.330238,2,-5,-115
1767174562.340238,4,-3,-115
1767174562.350238,-1,-3,-118
1767174562.360238,-3,-3,-113
1767174562.370238,-3,-3,-111
1767174562.380238,-1,-2,-112
1767174562.390238,-2,-4,-116
1767174562.400238,2,-7,-118
1767174562.4102385,0,-2,-113
1767174562.4202385,-4,-4,-115
1767174562.4302382,2,-6,-120
1767174562.4402382,1,-5,-115
1767174562.4502382,0,-4,-120
1767174562.4602382,1,-1,-124
1767174562.4702382,0,-1,-118
1767174562.4802382,2,-1,-117
1767174562.4902382,2,-1,-122
1767174562.5002382,1,-1,-125
1767174562.5102382,4,-3,-120
1767174562.5202382,5,-6,-124
1767174562.5302382,3,-4,-115
1767174562.540238,1,-6,-120
1767174562.550238,0,-6,-119
1767174562.560238,1,-8,-112
1767174562.570238,3,-4,-111
1767174562.580238,6,0,-114
1767174562.590238,7,0,-122
1767174562.600238,11,0,-123
1767174562.610238,10,2,-122
1767174562.620238,9,0,-128
1767174562.630238,5,0,-128
1767174562.640238,3,4,-133
1767174562.650238,0,-1,-134
1767174562.6602385,2,0,-129
1767174562.6702385,3,3,-125
1767174562.6802382,2,0,-127
1767174562.6902382,1,-2,-127
1767174562.7002382,-1,-4,-125
1767174562.7102382,0,0,-119
1767174562.7202382,0,-4,-116
1767174562.7302382,0,-3,-116
1767174562.7402382,-4,-6,-125
1767174562.7502382,-5,-2,-128
1767174562.7602382,-2,0,-126
1767174562.7702382,0,4,-123
1767174562.7802382,2,4,-125
1767174562.790238,0,7,-126
1767174562.800238,0,6,-127
1767174562.810238,-1,4,-132
1767174562.820238,0,4,-134
1767174562.830238,-1,7,-133
1767174562.840238,-3,2,-131
1767174562.850238,-4,6,-125
1767174562.860238,0,1,-129
1767174562.870238,0,0,-127
1767174562.880238,1,0,-124
1767174562.890238,0,-2,-122
1767174562.900238,0,-2,-121
1767174562.9102385,4,2,-119
1767174562.9202385,3,3,-117
1767174562.9302382,2,5,-120
1767174562.9402382,3,-1,-121
1767174562.9502382,2,1,-122
1767174562.9602382,-1,2,-121
1767174562.9702382,-5,3,-122
1767174562.9802382,-5,-1,-120
1767174562.9902382,-4,-1,-124
1767174563.0002382,-5,-5,-122
1767174563.0102382,-4,-5,-129
1767174563.0202382,-3,-6,-126
1767174563.0302382,-3,-3,-123
1767174563.040238,-2,-2,-120
1767174563.050238,-1,0,-119
1767174563.060238,0,3,-121
1767174563.070238,1,7,-122
1767174563.080238,-1,6,-121
1767174563.090238,-5,11,-124
1767174563.100238,-8,8,-122
1767174563.110238,-9,8,-127
1767174563.120238,0,6,-127
1767174563.130238,3,6,-128
1767174563.140238,1,6,-131
1767174563.1512382,-2,2,-130
1767174563.1602385,0,0,-129
1767174563.1702385,-2,-1,-134
1767174563.1802382,-2,0,-135
1767174563.1912382,1,3,-128
1767174563.2012382,0,0,-128
1767174563.2102382,0,-2,-122
1767174563.221238,-1,-4,-120
1767174563.231238,0,-2,-114
1767174563.241238,4,2,-119
1767174563.251238,3,3,-120
1767174563.2602382,1,0,-123
1767174563.271238,-1,-3,-126
1767174563.281238,-1,-4,-124
1767174563.291238,2,-4,-120
1767174563.301238,7,-8,-124
1767174563.310238,8,-5,-125
1767174563.321238,4,-5,-124
1767174563.3312385,3,-2,-119
1767174563.3412385,7,-3,-124
1767174563.3512385,0,-1,-123
1767174563.3612382,0,0,-120
1767174563.3712382,-6,-1,-116
1767174563.3812382,-6,-1,-115
1767174563.3912382,-8,-3,-119
1767174563.4012382,-5,-2,-113
1767174563.4112382,-6,-4,-116
1767174563.4212382,-4,-3,-117
1767174563.4312382,-6,-1,-119
1767174563.4412382,-4,1,-121
1767174563.4512382,0,3,-125
1767174563.461238,7,8,-131
1767174563.482238,8,5,-128
1767174563.491238,6,3,-130
1767174563.501238,7,3,-120
1767174563.511238,3,-1,-118
1767174563.521238,0,-5,-118
1767174563.531238,-3,-6,-116
1767174563.541238,-3,-4,-124
1767174563.551238,-5,-5,-118
1767174563.561238,-1,-4,-120
1767174563.571238,3,-5,-117
1767174563.5812385,8,-4,-118
1767174563.5912385,9,-4,-118
1767174563.6012385,7,-2,-123
1767174563.6112382,9,0,-127
1767174563.6212382,7,-1,-134
1767174563.6312382,7,0,-132
1767174563.6412382,0,0,-128
1767174563.6512382,0,1,-122
1767174563.6612382,-1,0,-121
1767174563.6712382,-4,-1,-120
1767174563.6812382,-10,-5,-126
1767174563.6912382,-12,-5,-126
1767174563.7012382,-12,-5,-126
1767174563.711238,-10,0,-120
1767174563.721238,-9,4,-117
1767174563.731238,-4,0,-122
1767174563.741238,-2,-2,-117
1767174563.751238,0,-2,-116
1767174563.761238,-2,0,-129
1767174563.771238,4,0,-132
1767174563.781238,6,-4,-127
1767174563.791238,-2,-6,-131
1767174563.801238,-3,-4,-128
1767174563.811238,-7,-2,-131
1767174563.821238,-5,-4,-127
1767174563.8312385,-1,-2,-130
1767174563.8412385,-6,-5,-128
1767174563.8512385,-9,-6,-127
1767174563.8612382,-7,-9,-128
1767174563.8712382,-7,-9,-133
1767174563.8812382,-2,-8,-126
1767174563.8912382,0,-8,-124
1767174563.9012382,0,-7,-120
1767174563.9112382,1,-5,-120
1767174563.9212382,0,-4,-119
1767174563.9312382,0,-1,-116
1767174563.9412382,-2,0,-122
1767174563.9512382,0,4,-117
1767174563.961238,7,0,-122
1767174563.971238,4,2,-125
1767174563.981238,3,0,-124
1767174563.991238,4,0,-117
1767174564.001238,0,3,-123
1767174564.011238,1,3,-127
1767174564.021238,1,1,-131
1767174564.031238,1,-2,-125
1767174564.041238,-2,2,-119
1767174564.051238,-2,0,-120
1767174564.061238,-2,1,-120
1767174564.071238,-1,2,-124
1767174564.0812385,4,4,-124
1767174564.0912385,3,1,-127
1767174564.1012385,3,2,-131
1767174564.1112382,4,1,-131
1767174564.1212382,0,4,-131
1767174564.1312382,1,7,-124
1767174564.1412382,1,4,-126
1767174564.1512382,-2,1,-127
1767174564.1612382,-6,2,-126
1767174564.1712382,-6,-1,-125
1767174564.1812382,-5,0,-126
1767174564.1912382,-5,2,-121
1767174564.2012382,-4,2,-118
1767174564.211238,-1,2,-119
1767174564.221238,-2,4,-116
1767174564.231238,0,4,-113
1767174564.241238,-5,1,-118
1767174564.251238,-7,0,-121
1767174564.261238,-3,2,-120
1767174564.271238,-1,2,-128
1767174564.281238,-3,4,-130
1767174564.291238,1,2,-134
1767174564.301238,0,2,-136
1767174564.311238,-4,0,-138
1767174564.321238,-3,-2,-134
1767174564.3312385,1,-2,-128
1767174564.3412385,4,0,-122
1767174564.3512385,4,-3,-116
1767174564.3612382,6,-7,-113
1767174564.3712382,4,-5,-118
1767174564.3812382,8,-3,-120
1767174564.3912382,7,-6,-123
1767174564.4012382,7,-7,-119
1767174564.4112382,5,-5,-122
1767174564.4212382,5,-4,-124
1767174564.4312382,2,-3,-120
1767174564.4412382,0,-1,-114
1767174564.4512382,3,4,-114
1767174564.461238,6,4,-125
1767174564.471238,5,4,-121
1767174564.481238,6,5,-110
1767174564.491238,4,2,-112
1767174564.501238,0,0,-119
1767174564.511238,-2,0,-121
1767174564.521238,-2,0,-120
1767174564.531238,2,-2,-117
1767174564.541238,3,-1,-117
1767174564.551238,-1,-3,-114
1767174564.561238,1,0,-115
1767174564.571238,-2,0,-115
1767174564.5812385,-1,2,-123
1767174564.5912385,2,1,-126
1767174564.6012385,0,2,-131
1767174564.6112382,-1,5,-130
1767174564.6212382,1,4,-129
1767174564.6312382,1,2,-127
1767174564.6412382,4,6,-130
1767174564.6512382,4,1,-126
1767174564.6612382,6,-3,-130
1767174564.6712382,3,-2,-128
1767174564.6812382,0,-6,-131
1767174564.6912382,-5,-4,-130
1767174564.7012382,-4,-3,-129
1767174564.711238,-2,-5,-123
1767174564.721238,-1,-3,-130
1767174564.731238,0,-4,-130
1767174564.741238,-1,-5,-127
1767174564.751238,-1,-2,-125
1767174564.761238,0,-4,-129
1767174564.771238,0,-1,-128
1767174564.781238,-2,0,-127
1767174564.791238,-2,4,-125
1767174564.801238,0,3,-120
1767174564.811238,0,5,-121
1767174564.821238,1,1,-125
1767174564.8312385,3,2,-126
1767174564.8412385,4,0,-126
1767174564.8512385,5,0,-124
1767174564.8612382,8,0,-115
1767174564.8712382,8,0,-119
1767174564.8812382,6,0,-119
1767174564.8912382,7,2,-120
1767174564.9012382,2,3,-124
1767174564.9112382,-3,4,-129
1767174564.9212382,-5,5,-131
1767174564.9312382,-11,2,-128
1767174564.9412382,-14,0,-130
1767174564.9512382,-12,-3,-132
1767174564.961238,-10,-3,-130
1767174564.971238,-11,0,-124
1767174564.981238,-8,1,-128
1767174564.991238,-8,0,-123
1767174565.001238,-8,1,-124
1767174565.011238,-6,4,-127
1767174565.021238,-2,5,-135
1767174565.031238,-2,4,-137
1767174565.041238,-3,0,-125
1767174565.051238,-3,-3,-120
1767174565.061238,0,-1,-120
1767174565.071238,5,-1,-121
1767174565.0812385,1,0,-117
1767174565.0912385,0,-2,-111
1767174565.1012385,0,-1,-111
1767174565.1112382,-1,0,-112
1767174565.1212382,-4,0,-106
1767174565.1312382,-2,1,-115
1767174565.1412382,-2,-3,-123
1767174565.1512382,-6,-5,-130
1767174565.1612382,-5,-7,-134
1767174565.1712382,-3,-6,-131
1767174565.1812382,1,-2,-126
1767174565.1912382,0,1,-132
1767174565.2012382,0,4,-132
1767174565.211238,3,5,-137
1767174565.221238,2,2,-136
1767174565.231238,0,3,-130
1767174565.241238,0,0,-129
1767174565.251238,0,-1,-126
1767174565.261238,-2,0,-129
1767174565.271238,0,1,-130
1767174565.281238,0,0,-126
1767174565.291238,0,4,-127
1767174565.301238,0,0,-126
1767174565.311238,-2,0,-122
1767174565.321238,-2,3,-127
1767174565.3312385,0,4,-125
1767174565.3412385,0,2,-121
1767174565.3512385,-5,2,-120
1767174565.3612382,-3,-1,-112
1767174565.3712382,-3,3,-109
1767174565.3812382,-4,3,-116
1767174565.3912382,-6,2,-118
1767174565.4012382,-3,7,-119
1767174565.4112382,-3,6,-108
1767174565.4212382,-1,8,-110
1767174565.4312382,0,11,-112
1767174565.4412382,-4,9,-115
1767174565.4512382,0,8,-116
1767174565.461238,2,1,-120
1767174565.471238,4,-2,-124
1767174565.481238,1,-1,-117
1767174565.491238,1,0,-122
1767174565.501238,0,0,-123
1767174565.511238,0,0,-121
1767174565.521238,0,1,-115
1767174565.531238,-6,0,-106
1767174565.541238,-7,1,-111
1767174565.551238,-6,-1,-113
1767174565.561238,-8,0,-113
1767174565.571238,-5,-1,-110
1767174565.5812385,-4,-1,-115
1767174565.5912385,-10,-1,-121
1767174565.6012385,-7,-1,-117
1767174565.6112382,-4,0,-116
1767174565.6212382,-5,0,-120
1767174565.6312382,-3,0,-121
1767174565.6412382,-1,-5,-125
1767174565.6512382,-2,-2,-121
1767174565.6612382,-2,-5,-122
1767174565.6712382,1,-5,-122
1767174565.6812382,1,-7,-122
1767174565.6912382,3,0,-121
1767174565.7012382,4,0,-124
1767174565.711238,2,5,-124
1767174565.721238,-3,2,-123
1767174565.731238,-5,1,-126
1767174565.741238,-4,0,-126
1767174565.751238,-7,1,-125
1767174565.761238,-4,0,-122
1767174565.771238,-1,1,-123
1767174565.781238,-1,1,-121
1767174565.791238,-2,0,-124
1767174565.801238,-3,-3,-118
1767174565.8122382,-3,-5,-116
1767174565.8222382,0,-4,-120
1767174565.8322382,-2,-3,-120
1767174565.8412385,-1,-2,-121
1767174565.8522382,0,0,-123
1767174565.8622382,-3,0,-121
1767174565.8722382,1,5,-121
1767174565.882238,-1,7,-128
1767174565.892238,-3,3,-130
1767174565.902238,-1,0,-133
1767174565.912238,-3,-2,-130
1767174565.922238,-1,-2,-132
1767174565.932238,-3,-3,-135
1767174565.942238,0,-4,-132
1767174565.952238,0,-3,-124
1767174565.962238,-5,0,-118
1767174565.972238,-2,0,-114
1767174565.982238,-1,-2,-118
1767174565.992238,0,-1,-121
1767174566.002238,0,0,-120
1767174566.0122385,0,0,-120
1767174566.0222385,0,-2,-121
1767174566.0322382,-1,-4,-126
1767174566.0422382,-4,0,-129
1767174566.0522382,-5,-1,-128
1767174566.0622382,-7,-2,-129
1767174566.0722382,-5,0,-133
1767174566.0822382,-4,-1,-131
1767174566.0922382,-8,-3,-125
1767174566.1022382,-7,-3,-122
1767174566.1122382,-10,-2,-122
1767174566.1222382,-10,0,-121
1767174566.132238,-8,0,-117
1767174566.142238,-7,-2,-120
1767174566.152238,-6,-3,-117
1767174566.162238,-8,-7,-114
1767174566.172238,-9,-8,-117
1767174566.182238,-3,-8,-114
1767174566.192238,-3,-4,-115
1767174566.202238,0,-3,-116
1767174566.212238,1,0,-118
1767174566.222238,5,1,-126
1767174566.232238,4,2,-128
1767174566.242238,1,-1,-121
1767174566.252238,2,-6,-126
1767174566.2622385,0,-3,-133
1767174566.2722385,-1,0,-133
1767174566.2822382,-2,0,-131
1767174566.2922382,-2,-1,-132
1767174566.3022382,0,-1,-121
1767174566.3122382,0,0,-120
1767174566.3222382,0,2,-120
1767174566.3322382,3,2,-128
1767174566.3422382,1,5,-129
1767174566.3522382,1,2,-133
1767174566.3622382,0,3,-133
1767174566.3722382,-1,3,-129
1767174566.382238,-2,5,-132
1767174566.392238,-2,3,-121
1767174566.402238,0,-1,-122
1767174566.412238,-2,-3,-128
1767174566.422238,-2,-8,-124
1767174566.432238,-1,-6,-123
1767174566.442238,0,-4,-129
1767174566.452238,-3,-1,-128
1767174566.462238,-5,-2,-125
1767174566.472238,-6,1,-124
1767174566.482238,-4,2,-117
1767174566.492238,-5,0,-116
1767174566.502238,-7,0,-117
1767174566.5122385,-11,1,-117
1767174566.5222385,-9,3,-118
1767174566.5322382,-5,-2,-126
1767174566.5422382,-6,-3,-124
1767174566.5522382,-10,0,-124
1767174566.5622382,-9,0,-127
1767174566.5722382,-5,1,-123
1767174566.5822382,-9,0,-120
1767174566.5922382,-6,0,-127
1767174566.6022382,-5,-4,-125
1767174566.6122382,-2,-4,-124
1767174566.6222382,-3,-3,-125
1767174566.632238,-1,-5,-118
1767174566.642238,-2,-6,-115
1767174566.652238,-9,-9,-113
1767174566.662238,-4,-7,-118
1767174566.672238,-2,-5,-115
1767174566.682238,-5,-6,-124
1767174566.692238,-4,-3,-124
1767174566.702238,-8,-5,-115
1767174566.712238,-7,-2,-109
1767174566.722238,-7,-2,-115
1767174566.732238,-7,-4,-116
1767174566.742238,-5,-6,-120
1767174566.752238,-4,-7,-126
1767174566.7622385,-2,-3,-124
1767174566.7722385,-1,-5,-127
1767174566.7822382,1,-5,-133
1767174566.7922382,0,1,-132
1767174566.8022382,1,1,-125
1767174566.8122382,2,-2,-118
1767174566.8222382,1,-1,-120
1767174566.8322382,0,-2,-120
1767174566.8422382,2,-1,-126
1767174566.8522382,3,-2,-122
1767174566.8622382,4,-7,-123
1767174566.8722382,1,-1,-126
1767174566.882238,0,-1,-125
1767174566.892238,-5,0,-128
1767174566.902238,-8,-1,-123
1767174566.912238,-6,-4,-116
1767174566.922238,-7,-3,-119
1767174566.932238,-3,-8,-126
1767174566.942238,0,-5,-134
1767174566.952238,2,-4,-132
1767174566.962238,5,-1,-133
1767174566.972238,2,-1,-129
1767174566.982238,1,-2,-130
1767174566.992238,3,-4,-128
1767174567.002238,2,-4,-125
1767174567.0122385,3,-5,-125
1767174567.0222385,3,-5,-121
1767174567.0322382,5,-6,-121
1767174567.0422382,4,-4,-127
1767174567.0522382,0,-6,-129
1767174567.0622382,-5,-8,-126
1767174567.0722382,-3,-5,-127
1767174567.0822382,0,0,-130
1767174567.0922382,2,-1,-132
1767174567.1022382,9,-1,-132
1767174567.1122382,12,-2,-137
1767174567.1222382,11,-2,-142
1767174567.132238,6,-3,-143
1767174567.142238,7,-2,-138
1767174567.152238,8,0,-132
1767174567.162238,6,1,-128
1767174567.172238,0,1,-123
1767174567.182238,1,2,-123
1767174567.192238,1,2,-117
1767174567.202238,0,5,-117
1767174567.212238,0,5,-117
1767174567.222238,-2,7,-122
1767174567.232238,-8,4,-120
1767174567.242238,-9,1,-121
1767174567.252238,-9,-2,-122
1767174567.2622385,-6,-5,-124
1767174567.2722385,-5,-2,-124
1767174567.2822382,-4,-1,-118
1767174567.2922382,-3,-4,-115
1767174567.3022382,-1,-1,-113
1767174567.3122382,0,-2,-118
1767174567.3222382,0,-1,-120
1767174567.3322382,3,0,-120
1767174567.3422382,0,0,-122
1767174567.3522382,-1,0,-125
1767174567.3622382,0,-3,-131
1767174567.3722382,-1,-3,-133
1767174567.382238,-4,-2,-130
1767174567.392238,-4,1,-135
1767174567.402238,-4,0,-131
1767174567.412238,0,0,-125
1767174567.422238,-1,1,-124
1767174567.432238,1,-2,-127
1767174567.442238,3,-6,-131
1767174567.452238,3,-4,-128
1767174567.462238,3,-3,-124
1767174567.472238,0,-3,-120
1767174567.482238,0,-2,-122
1767174567.492238,1,-4,-122
1767174567.502238,1,-7,-127
1767174567.5122385,7,-6,-124
1767174567.5222385,1,-5,-128
1767174567.5322382,1,-7,-126
1767174567.5422382,0,-9,-121
1767174567.5522382,0,-8,-128
1767174567.5622382,0,-10,-121
1767174567.5722382,-1,-11,-117
1767174567.5822382,-1,-5,-117
1767174567.5922382,-2,1,-116
1767174567.6022382,2,4,-116
1767174567.6122382,0,4,-118
1767174567.6222382,-1,3,-122
1767174567.632238,-3,3,-127
1767174567.642238,0,0,-124
1767174567.652238,0,2,-123
1767174567.662238,-2,-1,-123
1767174567.672238,0,-4,-125
1767174567.682238,0,-2,-124
1767174567.692238,0,-1,-123
1767174567.702238,-5,-5,-123
1767174567.712238,-3,-6,-119
1767174567.722238,-5,-7,-108
1767174567.732238,-3,-10,-109
1767174567.742238,-2,-7,-111
1767174567.752238,-7,-7,-115
1767174567.7622385,-4,-8,-119
1767174567.7722385,-3,-4,-119
1767174567.7822382,-5,-5,-125
1767174567.7922382,-2,-5,-127
1767174567.8022382,-3,-6,-130
1767174567.8122382,-3,-9,-127
1767174567.8222382,-1,-10,-123
1767174567.8322382,0,-10,-123
1767174567.8422382,-1,-5,-115
1767174567.8522382,0,-2,-118
1767174567.8622382,3,-1,-120
1767174567.8722382,5,0,-121
1767174567.882238,5,0,-123
1767174567.892238,0,0,-119
1767174567.902238,-1,-1,-117
1767174567.912238,0,-1,-120
1767174567.922238,-8,-2,-115
1767174567.932238,-11,-1,-113
1767174567.942238,-12,2,-118
1767174567.952238,-6,0,-107
1767174567.962238,0,-3,-112
1767174567.972238,0,-4,-118
1767174567.982238,1,-6,-110
1767174567.992238,-2,-7,-112
1767174568.002238,-6,-6,-113
1767174568.0122385,-10,-4,-124
1767174568.0222385,-8,-3,-127
1767174568.0322382,-9,-2,-124
1767174568.0422382,-6,-5,-122
1767174568.0522382,-3,-2,-126
1767174568.0622382,0,0,-126
1767174568.073238,0,-3,-123
1767174568.0822382,-3,-6,-118
1767174568.0922382,-3,-12,-121
1767174568.1022382,0,-11,-127
1767174568.1122382,-1,-8,-124
1767174568.1222382,-1,-6,-115
1767174568.132238,-3,-5,-108
1767174568.142238,3,-4,-116
1767174568.152238,1,-2,-117
1767174568.162238,-2,-4,-117
1767174568.172238,-3,-4,-116
1767174568.182238,-5,2,-119
1767174568.192238,-4,4,-117
1767174568.202238,-7,2,-111
1767174568.212238,-5,4,-113
1767174568.222238,-5,0,-111
1767174568.232238,0,-2,-116
1767174568.242238,2,1,-114
1767174568.252238,-4,0,-118
1767174568.2622385,-6,-2,-119
1767174568.2722385,-4,-2,-118
1767174568.2822382,1,-2,-124
1767174568.2922382,8,-1,-130
1767174568.3022382,6,-6,-126
1767174568.3122382,0,-3,-125
1767174568.3222382,0,-1,-119
1767174568.3322382,1,0,-117
1767174568.3422382,1,-1,-122
1767174568.3522382,3,0,-123
1767174568.3622382,1,0,-121
1767174568.3722382,-1,0,-122
1767174568.382238,2,0,-122
1767174568.392238,6,1,-129
1767174568.402238,4,1,-124
1767174568.412238,3,0,-129
1767174568.422238,7,2,-129
1767174568.432238,10,0,-131
1767174568.442238,8,-2,-126
1767174568.452238,9,0,-125
1767174568.462238,10,1,-126
1767174568.472238,11,-2,-128
1767174568.494238,6,-3,-134
1767174568.502238,4,-5,-132
1767174568.5122385,0,-5,-131
1767174568.5232382,-3,-4,-123
1767174568.5332382,-4,-4,-122
1767174568.5432382,-6,-4,-118
1767174568.5532382,-6,-6,-114
1767174568.563238,-3,-3,-117
1767174568.573238,-4,-4,-119
1767174568.583238,-1,4,-123
1767174568.593238,3,5,-126
1767174568.603238,3,2,-127
1767174568.613238,0,2,-127
1767174568.623238,0,2,-128
1767174568.633238,0,1,-129
1767174568.643238,4,-1,-127
1767174568.653238,2,2,-132
1767174568.663238,5,3,-129
1767174568.673238,4,2,-124
1767174568.6832385,5,0,-119
1767174568.6932385,0,0,-118
1767174568.7032382,-3,-2,-118
1767174568.7132382,0,-2,-116
1767174568.7232382,-3,0,-115
1767174568.7332382,-7,0,-109
1767174568.7432382,-4,0,-111
1767174568.7532382,-4,0,-117
1767174568.7632382,-3,2,-119
1767174568.7732382,-1,1,-117
1767174568.7832382,0,0,-121
1767174568.7932382,-2,4,-116
1767174568.8032382,-2,2,-118
1767174568.813238,-6,-1,-117
1767174568.823238,-5,0,-121
1767174568.833238,-4,-1,-126
1767174568.843238,-2,0,-129
1767174568.853238,-1,1,-127
1767174568.863238,-3,2,-131
1767174568.873238,-3,1,-128
1767174568.883238,-3,3,-124
1767174568.893238,0,2,-124
1767174568.903238,0,0,-119
1767174568.913238,-1,0,-116
1767174568.923238,-3,0,-110
1767174568.9332385,-6,2,-110
1767174568.9432385,-8,1,-116
1767174568.9532382,-8,6,-121
1767174568.9632382,-6,6,-116
1767174568.9732382,-5,8,-116
1767174568.9832382,-9,3,-121
1767174568.9932382,-9,2,-120
1767174569.0032382,-8,4,-124
1767174569.0132382,-4,6,-128
1767174569.0232382,-3,4,-129
1767174569.0332382,1,0,-128
1767174569.0432382,2,0,-130
1767174569.0532382,0,0,-125
1767174569.063238,-1,2,-126
1767174569.073238,-4,3,-124
1767174569.083238,-4,1,-123
1767174569.093238,0,-3,-124
1767174569.103238,1,-1,-122
1767174569.113238,-2,-3,-124
1767174569.123238,-1,-3,-123
1767174569.133238,-3,0,-124
1767174569.143238,0,3,-130
1767174569.153238,4,3,-136
1767174569.163238,6,0,-135
1767174569.173238,3,-2,-131
1767174569.1832385,1,-5,-127
1767174569.1932385,-2,-4,-128
1767174569.2032382,-2,0,-126
1767174569.2132382,-1,2,-119
1767174569.2232382,0,4,-119
1767174569.2332382,2,1,-117
1767174569.2432382,-1,-4,-122
1767174569.2532382,0,-1,-122
1767174569.2632382,-2,0,-120
1767174569.2732382,-6,2,-122
1767174569.2832382,-1,1,-122
1767174569.2932382,0,-1,-120
1767174569.3032382,4,0,-116
1767174569.313238,0,-1,-116
1767174569.323238,-4,3,-106
1767174569.333238,-8,1,-110
1767174569.343238,-7,4,-117
1767174569.353238,-6,4,-116
1767174569.363238,-10,4,-118
1767174569.373238,-7,4,-117
1767174569.383238,-7,3,-123
1767174569.393238,-5,2,-120
1767174569.403238,-9,-1,-122
1767174569.413238,-5,1,-118
1767174569.423238,-7,5,-118
1767174569.4332385,-4,2,-122
1767174569.4432385,-4,0,-129
1767174569.4532382,0,0,-126
1767174569.4632382,-1,4,-123
1767174569.4732382,-6,8,-120
1767174569.4832382,-8,6,-119
1767174569.4932382,-7,1,-116
1767174569.5032382,-1,5,-117
1767174569.5132382,3,1,-125
1767174569.5232382,6,1,-138
1767174569.5332382,6,-2,-135
1767174569.5432382,5,-6,-128
1767174569.5532382,2,-5,-121
1767174569.563238,0,-7,-128
1767174569.573238,4,-6,-127
1767174569.583238,0,-6,-131
1767174569.593238,1,-8,-130
1767174569.603238,-1,-10,-119
1767174569.613238,-1,-7,-111
1767174569.623238,-2,-4,-113
1767174569.633238,-2,-2,-115
1767174569.643238,-4,-2,-121
1767174569.653238,-2,0,-124
1767174569.663238,-5,-1,-131
1767174569.673238,-4,0,-132
1767174569.6832385,-6,0,-125
1767174569.6932385,-3,-5,-126
1767174569.7032382,3,-1,-123
1767174569.7132382,6,-2,-126
1767174569.7232382,4,-7,-127
1767174569.7332382,6,-7,-124
1767174569.7432382,6,-8,-123
1767174569.7532382,1,-2,-116
1767174569.7632382,4,-2,-116
1767174569.7732382,5,-1,-122
1767174569.7832382,7,-3,-124
1767174569.7932382,6,-2,-123
1767174569.8032382,4,1,-121
1767174569.813238,2,-1,-122
1767174569.823238,1,-1,-120
1767174569.833238,1,0,-116
1767174569.843238,1,-1,-111
1767174569.853238,0,-1,-111
1767174569.863238,1,-6,-107
1767174569.873238,0,-10,-109
1767174569.883238,-3,-7,-111
1767174569.893238,-3,-1,-111
1767174569.903238,-5,1,-120
1767174569.913238,-7,3,-123
1767174569.923238,-8,6,-123
1767174569.9332385,-2,2,-123
1767174569.9432385,0,4,-125
1767174569.9532382,-3,6,-126
1767174569.9632382,-1,3,-132
1767174569.9732382,4,-1,-129
1767174569.9832382,4,-2,-127
1767174569.9932382,7,-4,-123
1767174570.0032382,7,-5,-124
1767174570.0132382,5,0,-123
1767174570.0232382,5,-2,-120
1767174570.0332382,4,0,-123
1767174570.0432382,3,1,-129
1767174570.0532382,0,0,-134
1767174570.063238,2,0,-135
1767174570.073238,7,5,-137
1767174570.083238,3,5,-135
1767174570.093238,0,9,-128
1767174570.103238,-5,8,-123
1767174570.113238,-6,2,-125
1767174570.123238,-3,4,-121
1767174570.133238,-3,0,-119
1767174570.143238,-5,4,-124
1767174570.153238,-2,5,-123
1767174570.163238,-3,7,-121
1767174570.173238,-1,8,-122
1767174570.1832385,-1,2,-130
1767174570.1932385,-4,0,-131
1767174570.2032382,-6,-2,-136
1767174570.2132382,-3,-7,-138
1767174570.2232382,-1,-2,-127
1767174570.2332382,0,-4,-130
1767174570.2432382,-3,-2,-131
1767174570.2532382,-3,-1,-121
1767174570.2632382,-2,-2,-119
1767174570.2732382,0,-3,-115
1767174570.2832382,3,0,-113
1767174570.2932382,4,-3,-116
1767174570.3032382,4,-3,-121
1767174570.313238,6,-3,-120
1767174570.323238,5,-2,-124
1767174570.333238,0,0,-118
1767174570.343238,2,0,-116
1767174570.353238,1,-1,-116
1767174570.363238,1,0,-117
1767174570.373238,0,-2,-117
1767174570.383238,2,-4,-124
1767174570.393238,5,-6,-126
1767174570.403238,5,-2,-119
1767174570.413238,6,-1,-114
1767174570.423238,3,-1,-112
1767174570.4332385,3,-4,-113
1767174570.4432385,1,-3,-116
1767174570.4532382,2,-3,-116
1767174570.4632382,1,-11,-120
1767174570.4732382,0,-11,-116
1767174570.4832382,4,-8,-125
1767174570.4932382,4,-2,-125
1767174570.5032382,5,0,-124
1767174570.5132382,0,0,-115
1767174570.5232382,-2,0,-116
1767174570.5332382,0,4,-118
1767174570.5432382,-1,0,-124
1767174570.5532382,-2,-1,-128
1767174570.563238,-1,2,-128
1767174570.573238,3,0,-125
1767174570.583238,7,1,-118
1767174570.593238,9,1,-117
1767174570.603238,8,-2,-120
1767174570.613238,4,-4,-118
1767174570.623238,4,0,-121
1767174570.633238,2,-1,-122
1767174570.643238,4,0,-123
1767174570.653238,0,5,-130
1767174570.663238,-1,4,-137
1767174570.673238,0,1,-141
1767174570.6832385,-1,0,-144
1767174570.6932385,1,-3,-145
1767174570.7032382,0,-4,-142
1767174570.7132382,-2,-1,-132
1767174570.7232382,-6,-4,-125
1767174570.7332382,-5,-5,-122
1767174570.7432382,-9,-6,-122
1767174570.7532382,-4,-8,-122
1767174570.7632382,-5,-4,-119
1767174570.7732382,-6,-1,-120
1767174570.7832382,-7,2,-120
1767174570.7932382,-10,-1,-127
1767174570.8032382,-9,0,-124
1767174570.813238,-10,3,-124
1767174570.823238,-4,1,-120
1767174570.833238,0,3,-111
1767174570.843238,3,3,-109
1767174570.853238,1,0,-115
1767174570.863238,4,-1,-122
1767174570.873238,5,-2,-125
1767174570.883238,5,-5,-121
1767174570.893238,4,-1,-118
1767174570.903238,1,-4,-120
1767174570.913238,0,-2,-119
1767174570.923238,-4,-2,-121
1767174570.9332385,-3,0,-123
1767174570.9432385,-2,3,-134
1767174570.9532382,0,-3,-138
1767174570.9632382,0,-6,-125
1767174570.9732382,-1,-3,-117
1767174570.9832382,1,-1,-120
1767174570.9932382,1,0,-122
1767174571.0032382,2,-1,-118
1767174571.0132382,4,0,-117
1767174571.0232382,3,3,-113
1767174571.0332382,0,0,-114
1767174571.0432382,-1,-2,-116
1767174571.0532382,0,-1,-112
1767174571.063238,2,-1,-119
1767174571.073238,2,-1,-121
1767174571.083238,0,0,-116
1767174571.093238,-2,1,-117
1767174571.103238,-4,0,-112
1767174571.113238,-2,0,-111
1767174571.123238,0,0,-108
1767174571.133238,2,-2,-105
1767174571.143238,0,-3,-108
1767174571.153238,-4,0,-109
1767174571.163238,-3,-3,-113
1767174571.1742382,-8,-6,-116
1767174571.1842382,-8,-8,-115
1767174571.1942382,-10,-5,-123
1767174571.2032382,-10,-2,-119
1767174571.2142382,-5,-4,-113
1767174571.2242382,-1,-4,-112
1767174571.234238,-8,-2,-103
1767174571.244238,-8,-2,-111
1767174571.254238,-7,-4,-110
1767174571.264238,-6,-6,-103
1767174571.274238,-6,-8,-103
1767174571.284238,-4,-10,-108
1767174571.294238,-3,-6,-111
1767174571.304238,-1,-2,-108
1767174571.314238,1,-6,-106
1767174571.324238,1,-3,-114
1767174571.334238,2,-1,-119
1767174571.344238,0,-1,-119
1767174571.3542385,2,0,-119
1767174571.3642385,4,-2,-116
1767174571.3742385,6,-1,-122
1767174571.3842382,8,0,-119
1767174571.3942382,7,-5,-118
1767174571.4042382,6,-4,-112
1767174571.4142382,5,-2,-114
1767174571.4242382,6,3,-116
1767174571.4342382,10,2,-120
1767174571.4442382,3,2,-124
1767174571.4532382,0,1,-128
1767174571.4642382,-1,-1,-126
1767174571.4742382,-2,-5,-126
1767174571.484238,-1,-1,-124
1767174571.494238,-5,-5,-117
1767174571.504238,1,-12,-121
1767174571.514238,2,-11,-122
1767174571.524238,0,-10,-123
1767174571.534238,-3,-12,-127
1767174571.544238,0,-9,-126
1767174571.554238,3,-7,-122
1767174571.564238,0,-5,-121
1767174571.574238,-1,-2,-126
1767174571.584238,-2,-3,-124
1767174571.594238,-1,-4,-124
1767174571.6042385,0,-2,-124
1767174571.6142385,1,0,-131
1767174571.6242385,5,-2,-125
1767174571.6342382,5,2,-121
1767174571.6442382,1,-2,-118
1767174571.6542382,0,-3,-113
1767174571.6642382,-2,-3,-113
1767174571.6742382,-4,-7,-111
1767174571.6842382,-3,-9,-113
1767174571.6942382,-1,-6,-115
1767174571.7042382,1,-5,-118
1767174571.7142382,0,-5,-122
1767174571.7242382,0,-4,-119
1767174571.734238,3,-5,-121
1767174571.744238,6,-6,-124
1767174571.754238,0,-2,-122
1767174571.764238,1,4,-125
1767174571.774238,0,6,-127
1767174571.784238,0,5,-124
1767174571.794238,-1,-1,-124
1767174571.804238,-3,0,-127
1767174571.814238,-1,-1,-127
1767174571.824238,-4,0,-124
1767174571.834238,-5,0,-125
1767174571.844238,-5,0,-117
1767174571.8542385,-6,1,-114
1767174571.8642385,-2,1,-118
1767174571.8742385,0,2,-116
1767174571.8842382,0,0,-114
1767174571.8942382,1,3,-114
1767174571.9042382,0,3,-119
1767174571.9142382,-1,0,-120
1767174571.9242382,-1,-5,-126
1767174571.9342382,-1,0,-121
1767174571.9442382,-2,0,-118
1767174571.9542382,-1,-4,-116
1767174571.9642382,1,-4,-113
1767174571.9742382,-2,0,-108
1767174571.984238,0,-2,-113
1767174571.994238,-1,-2,-120
1767174572.004238,-4,0,-126
1767174572.014238,-1,-6,-129
1767174572.024238,-3,-4,-132
1767174572.034238,-1,0,-132
1767174572.044238,-6,-4,-127
1767174572.054238,-4,-5,-123
1767174572.064238,-5,-4,-124
1767174572.074238,-7,-2,-121
1767174572.084238,-7,1,-115
1767174572.094238,-10,0,-116
1767174572.1042385,-6,1,-119
1767174572.1142385,-12,4,-124
1767174572.1242385,-12,6,-124
1767174572.1342382,-8,4,-124
1767174572.1442382,-4,7,-123
1767174572.1542382,0,6,-124
1767174572.1642382,1,4,-125
1767174572.1742382,2,6,-124
1767174572.1842382,0,8,-126
1767174572.1942382,0,6,-124
1767174572.2042382,4,3,-129
1767174572.2142382,6,5,-130
1767174572.2242382,5,5,-131
1767174572.234238,6,5,-128
1767174572.244238,4,5,-124
1767174572.254238,5,5,-122
1767174572.264238,4,5,-117
1767174572.274238,-1,6,-119
1767174572.284238,0,2,-122
1767174572.294238,0,3,-124
1767174572.304238,0,8,-126
1767174572.314238,0,6,-123
1767174572.324238,1,8,-129
1767174572.334238,2,6,-122
1767174572.344238,0,0,-119
1767174572.3542385,0,-3,-115
1767174572.3642385,0,-1,-117
1767174572.3742385,-2,-1,-120
1767174572.3842382,0,-3,-120
1767174572.3942382,2,-1,-122
1767174572.4042382,0,-2,-125
1767174572.4142382,0,-4,-132
1767174572.4242382,-2,-1,-130
1767174572.4342382,-1,0,-129
1767174572.4442382,-1,-2,-122
1767174572.4542382,2,-5,-120
1767174572.4642382,2,-1,-119
1767174572.4742382,2,-3,-125
1767174572.484238,3,-5,-128
1767174572.494238,3,-7,-122
1767174572.504238,-4,-9,-126
1767174572.514238,-3,-5,-126
1767174572.524238,-4,-5,-125
1767174572.534238,-7,-3,-125
1767174572.544238,-7,0,-125
1767174572.554238,-10,0,-126
1767174572.564238,-10,-1,-125
1767174572.574238,-7,-1,-123
1767174572.584238,-8,-1,-114
1767174572.594238,-8,0,-108
1767174572.6042385,-7,-1,-103
1767174572.6142385,-6,3,-102
1767174572.6242385,-5,1,-105
1767174572.6342382,-5,4,-111
1767174572.6442382,2,6,-107
1767174572.6542382,1,8,-111
1767174572.6642382,1,7,-113
1767174572.6742382,4,8,-114
1767174572.6842382,4,13,-117
1767174572.6942382,4,8,-114
1767174572.7042382,4,5,-109
1767174572.7142382,7,7,-112
1767174572.7242382,10,5,-113
1767174572.734238,5,1,-116
1767174572.744238,1,2,-122
1767174572.754238,-2,0,-124
1767174572.764238,-2,0,-123
1767174572.774238,0,0,-128
1767174572.784238,-2,1,-125
1767174572.794238,0,3,-120
1767174572.804238,0,1,-122
1767174572.814238,2,0,-129
1767174572.824238,5,-1,-130
1767174572.834238,4,-2,-125
1767174572.844238,0,0,-122
1767174572.8542385,0,1,-122
1767174572.8642385,4,0,-123
1767174572.8742385,2,-1,-125
1767174572.8842382,0,0,-126
1767174572.8942382,-1,2,-122
1767174572.9042382,-4,2,-118
1767174572.9142382,-5,5,-112
1767174572.9242382,-5,2,-114
1767174572.9342382,-1,6,-118
1767174572.9442382,-5,1,-117
1767174572.9542382,-4,1,-116
1767174572.9642382,-3,4,-118
1767174572.9742382,-6,5,-117
1767174572.984238,-9,6,-124
1767174572.994238,-6,1,-123
1767174573.004238,-2,0,-119
1767174573.014238,-3,-1,-116
1767174573.024238,-3,1,-117
1767174573.034238,-1,0,-116
1767174573.044238,-2,-2,-119
1767174573.054238,-4,-2,-118
1767174573.064238,1,-5,-118
1767174573.074238,3,-1,-120
1767174573.084238,1,1,-117
1767174573.094238,-1,-1,-109
1767174573.1042385,0,-3,-110
1767174573.1142385,1,-5,-115
1767174573.1242385,0,-2,-113
1767174573.1342382,-1,-3,-117
1767174573.1442382,3,-2,-121
1767174573.1542382,-1,0,-119
1767174573.1642382,0,-1,-121
1767174573.1742382,7,-1,-116
1767174573.1842382,2,-1,-121
1767174573.1942382,4,-1,-126
1767174573.2042382,4,-3,-129
1767174573.2142382,2,-3,-133
1767174573.2242382,-4,0,-134
1767174573.234238,-4,1,-128
1767174573.244238,-6,0,-128
1767174573.254238,-6,-2,-126
1767174573.264238,0,-5,-125
1767174573.274238,7,-9,-124
1767174573.284238,10,-11,-120
1767174573.294238,9,-8,-120
1767174573.304238,9,-7,-122
1767174573.314238,9,-10,-117
1767174573.324238,0,-9,-116
1767174573.334238,1,-6,-120
1767174573.344238,0,-11,-124
1767174573.3542385,1,-7,-121
1767174573.3642385,6,-5,-125
1767174573.3742385,5,-2,-122
1767174573.3842382,3,-1,-124
1767174573.3942382,2,-5,-123
1767174573.4042382,0,-4,-122
1767174573.4142382,-2,-4,-114
1767174573.4242382,-1,-2,-110
1767174573.4342382,0,0,-120
1767174573.4442382,0,0,-123
1767174573.4542382,2,-1,-123
1767174573.4642382,0,-2,-123
1767174573.4742382,-4,-1,-116
1767174573.484238,-3,0,-111
1767174573.5062382,-6,-2,-112
1767174573.514238,-5,-2,-111
1767174573.524238,-4,-3,-108
1767174573.534238,-3,-2,-110
1767174573.544238,0,-1,-118
1767174573.554238,0,3,-117
1767174573.564238,0,3,-121
1767174573.574238,-1,1,-122
1767174573.584238,3,-1,-121
1767174573.594238,2,-1,-121
1767174573.6042385,0,-1,-120
1767174573.6142385,-3,-3,-119
1767174573.6242385,-1,-9,-122
1767174573.6342382,-7,-9,-123
1767174573.6442382,-5,-7,-126
1767174573.6542382,-4,-6,-124
1767174573.6642382,0,-3,-128
1767174573.6742382,2,0,-128
1767174573.6842382,4,0,-125
1767174573.6942382,3,-1,-128
1767174573.7042382,0,-3,-131
1767174573.7142382,2,-1,-123
1767174573.7242382,0,1,-124
1767174573.734238,1,0,-125
1767174573.744238,4,3,-125
1767174573.754238,2,1,-123
1767174573.764238,1,7,-125
1767174573.775238,1,3,-122
1767174573.7852385,3,3,-124
1767174573.794238,-1,5,-124
1767174573.8052382,2,5,-123
1767174573.814238,5,6,-125
1767174573.8252382,3,3,-121
1767174573.8352382,0,1,-120
1767174573.8452382,1,0,-117
1767174573.8552382,3,0,-112
1767174573.8652382,2,-2,-111
1767174573.8752382,4,-4,-109
1767174573.8852382,3,-4,-113
1767174573.8952382,2,-3,-120
1767174573.9052382,3,-6,-114
1767174573.915238,1,-2,-118
1767174573.925238,4,-1,-119
1767174573.935238,3,1,-117
1767174573.945238,1,2,-113
1767174573.955238,6,1,-113
1767174573.965238,3,4,-113
1767174573.975238,0,2,-113
1767174573.985238,-2,0,-119
1767174573.995238,-6,-1,-118
1767174574.005238,-6,-1,-119
1767174574.015238,-5,-3,-118
1767174574.025238,-7,-4,-113
1767174574.0352385,-3,-4,-114
1767174574.0452385,-4,-3,-110
1767174574.0552382,-2,-5,-115
1767174574.0652382,-4,-3,-112
1767174574.0752382,-3,1,-115
1767174574.0852382,0,1,-115
1767174574.0952382,1,-1,-119
1767174574.1052382,3,-2,-124
1767174574.1152382,1,0,-119
1767174574.1252382,0,-1,-119
1767174574.1352382,0,-3,-120
1767174574.1452382,2,-1,-119
1767174574.1552382,2,-1,-123
1767174574.165238,0,0,-124
1767174574.175238,2,-2,-126
1767174574.185238,2,-2,-129
1767174574.195238,1,-2,-131
1767174574.205238,3,-3,-126
1767174574.215238,6,0,-120
1767174574.225238,4,-4,-116
1767174574.235238,1,-4,-115
1767174574.245238,1,-4,-117
1767174574.255238,0,-5,-119
1767174574.265238,4,-3,-121
1767174574.275238,3,-2,-118
1767174574.2852385,0,-5,-123
1767174574.2952385,-4,-3,-122
1767174574.3052382,-5,-3,-124
1767174574.3152382,-5,-4,-119
1767174574.3252382,-5,-1,-120
1767174574.3352382,-3,-2,-125
1767174574.3452382,-4,-4,-124
1767174574.3552382,-5,-5,-126
1767174574.3652382,-5,0,-117
1767174574.3752382,-4,3,-116
1767174574.3852382,-5,-3,-114
1767174574.3952382,-8,-3,-108
1767174574.4052382,-6,3,-108
1767174574.415238,-5,-1,-112
1767174574.425238,-2,-1,-120
1767174574.435238,0,2,-124
1767174574.445238,0,0,-125
1767174574.455238,3,-4,-125
1767174574.465238,3,-4,-123
1767174574.475238,3,-3,-130
1767174574.485238,4,-2,-132
1767174574.495238,4,-3,-132
1767174574.505238,2,2,-130
1767174574.515238,-1,0,-122
1767174574.525238,-4,0,-117
1767174574.5352385,-3,0,-119
1767174574.5452385,0,2,-123
1767174574.5552382,3,2,-122
1767174574.5652382,4,0,-116
1767174574.5752382,1,0,-115
1767174574.5852382,3,-3,-114
1767174574.5952382,1,-6,-118
1767174574.6052382,0,-5,-118
1767174574.6152382,0,-4,-125
1767174574.6252382,0,-6,-127
1767174574.6352382,-1,-5,-133
1767174574.6452382,-4,-1,-132
1767174574.6552382,-1,3,-134
1767174574.665238,-3,0,-135
1767174574.675238,-5,-1,-131
1767174574.685238,0,0,-134
1767174574.695238,0,1,-135
1767174574.705238,0,3,-134
1767174574.715238,1,3,-128
1767174574.725238,2,5,-132
1767174574.735238,2,4,-125
1767174574.745238,0,1,-123
1767174574.755238,1,-1,-124
1767174574.765238,0,-3,-129
1767174574.775238,-2,-3,-132
1767174574.7852385,-5,-3,-129
1767174574.7952385,-8,-6,-133
1767174574.8052382,-7,-5,-128
1767174574.8152382,-6,-4,-129
1767174574.8252382,-4,-2,-130
1767174574.8352382,1,-1,-128
1767174574.8452382,1,-1,-127
1767174574.8552382,-1,-1,-131
1767174574.8652382,-2,-1,-125
1767174574.8752382,-2,-1,-130
1767174574.8852382,-4,0,-130
1767174574.8952382,0,1,-128
1767174574.9052382,-2,-2,-128
1767174574.915238,-2,-4,-126
1767174574.925238,-2,-5,-122
1767174574.935238,-1,-6,-120
1767174574.945238,-1,-5,-120
1767174574.955238,-2,-3,-123
1767174574.965238,-4,-2,-122
1767174574.975238,-6,3,-123
1767174574.985238,-8,1,-119
1767174574.995238,-4,0,-116
1767174575.005238,-7,0,-122
1767174575.015238,-5,2,-121
1767174575.025238,0,1,-120
1767174575.0352385,-2,3,-119
1767174575.0452385,-3,2,-119
1767174575.0552382,-5,6,-113
1767174575.0652382,-7,1,-115
1767174575.0752382,-7,1,-115
1767174575.0852382,-8,-1,-120
1767174575.0952382,-3,-1,-129
1767174575.1052382,-1,-3,-121
1767174575.1152382,-1,-2,-118
1767174575.1252382,-7,-4,-122
1767174575.1352382,-13,-6,-126
1767174575.1452382,-9,-5,-130
1767174575.1552382,-7,-10,-131
1767174575.165238,-10,-7,-135
1767174575.175238,-10,-5,-131
1767174575.185238,-7,-2,-134
1767174575.195238,-8,-5,-136
1767174575.205238,-1,-3,-132
1767174575.215238,0,-5,-129
1767174575.225238,1,-6,-126
1767174575.235238,0,-2,-124
1767174575.245238,0,0,-117
1767174575.255238,-2,3,-110
1767174575.265238,0,1,-112
1767174575.275238,-2,1,-107
1767174575.2852385,-3,-1,-105
1767174575.2952385,-3,0,-107
1767174575.3052382,0,0,-104
1767174575.3152382,4,0,-107
1767174575.3252382,4,1,-114
1767174575.3352382,6,2,-114
1767174575.3452382,5,1,-116
1767174575.3552382,1,0,-112
1767174575.3652382,0,0,-113
1767174575.3752382,0,-6,-114
1767174575.3852382,0,-3,-114
1767174575.3952382,0,-5,-112
1767174575.4052382,3,-5,-113
1767174575.415238,6,-2,-112
1767174575.425238,7,4,-111
1767174575.435238,5,2,-114
1767174575.446238,4,0,-114
1767174575.455238,5,-2,-110
1767174575.465238,2,0,-112
1767174575.475238,-2,1,-118
1767174575.485238,-7,2,-120
1767174575.495238,-4,2,-127
1767174575.505238,0,0,-128
1767174575.515238,0,0,-127
1767174575.525238,-1,-1,-123
1767174575.5352385,-5,0,-118
1767174575.5452385,-1,1,-121
1767174575.5552382,-2,3,-118
1767174575.5652382,-1,4,-118
1767174575.5752382,4,2,-119
1767174575.5852382,3,-3,-120
1767174575.5952382,2,-6,-122
1767174575.6052382,0,-8,-129
1767174575.6152382,-2,-5,-131
1767174575.6252382,-3,0,-131
1767174575.6352382,0,0,-133
1767174575.6452382,4,-3,-129
1767174575.6552382,-1,-4,-130
1767174575.665238,-6,-6,-130
1767174575.675238,-7,-5,-135
1767174575.685238,-6,0,-135
1767174575.695238,-6,3,-129
1767174575.705238,-2,0,-128
1767174575.715238,0,0,-129
1767174575.725238,-1,-2,-121
1767174575.735238,-5,0,-119
1767174575.745238,-3,0,-119
1767174575.755238,-4,-1,-115
1767174575.765238,-5,2,-114
1767174575.775238,-7,5,-115
1767174575.7852385,-9,5,-122
1767174575.7952385,-4,2,-123
1767174575.8052382,0,2,-119
1767174575.8152382,2,0,-122
1767174575.8252382,3,-3,-119
1767174575.8352382,9,-4,-118
1767174575.8452382,11,0,-119
1767174575.8552382,7,1,-120
1767174575.8652382,5,2,-120
1767174575.8752382,-3,0,-118
1767174575.8852382,-2,-1,-121
1767174575.8952382,-6,0,-123
1767174575.9052382,-4,0,-124
1767174575.915238,2,0,-119
1767174575.925238,5,-2,-123
1767174575.935238,4,-4,-121
1767174575.945238,2,-3,-126
1767174575.955238,3,-3,-126
1767174575.965238,0,-2,-122
1767174575.975238,-2,1,-118
1767174575.985238,-2,1,-114
1767174575.995238,-2,-2,-113
1767174576.005238,-1,0,-110
1767174576.015238,0,0,-124
1767174576.025238,0,1,-128
1767174576.0352385,-2,0,-127
1767174576.0452385,-1,-2,-122
1767174576.0552382,0,-2,-116
1767174576.0652382,-3,1,-113
1767174576.0752382,-3,-1,-115
1767174576.0852382,-1,-2,-115
1767174576.0952382,-2,-2,-114
1767174576.1052382,2,-5,-119
1767174576.1152382,2,-4,-124
1767174576.1252382,3,-4,-125
1767174576.1352382,1,-2,-129
1767174576.1452382,2,-4,-125
1767174576.1552382,2,-3,-127
1767174576.165238,1,-4,-123
1767174576.175238,3,-1,-125
1767174576.185238,4,-2,-123
1767174576.195238,5,0,-126
1767174576.205238,3,0,-121
1767174576.215238,5,0,-119
1767174576.225238,6,-3,-121
1767174576.235238,5,-1,-123
1767174576.245238,4,2,-125
1767174576.255238,5,4,-128
1767174576.265238,6,9,-127
1767174576.275238,5,12,-130
1767174576.2852385,7,7,-135
1767174576.2952385,9,3,-134
1767174576.3052382,8,0,-131
1767174576.3152382,9,1,-124
1767174576.3252382,10,5,-123
1767174576.3352382,9,6,-119
1767174576.3452382,6,7,-115
1767174576.3552382,11,7,-122
1767174576.3652382,6,5,-127
1767174576.3752382,4,5,-122
1767174576.3852382,0,4,-120
1767174576.3952382,-1,4,-123
1767174576.4052382,-2,-4,-127
1767174576.415238,-1,0,-130
1767174576.426238,-2,3,-126
1767174576.435238,-1,2,-126
1767174576.445238,1,4,-127
1767174576.455238,7,2,-132
1767174576.4662385,7,-1,-128
1767174576.4762385,4,-3,-125
1767174576.4862382,4,-2,-124
1767174576.4962382,4,-1,-123
1767174576.5062382,2,1,-126
1767174576.5162382,1,0,-120
1767174576.5262382,-1,0,-125
1767174576.5362382,2,1,-125
1767174576.5452385,1,0,-124
1767174576.5562382,1,0,-125
1767174576.5662382,4,0,-123
1767174576.5762382,1,1,-125
1767174576.586238,0,0,-127
1767174576.596238,0,0,-128
1767174576.606238,-5,-3,-124
1767174576.616238,-3,-7,-125
1767174576.626238,-1,-8,-122
1767174576.636238,0,-5,-127
1767174576.646238,0,-3,-126
1767174576.656238,4,0,-129
1767174576.666238,9,-1,-131
1767174576.676238,11,-4,-120
1767174576.686238,10,-4,-124
1767174576.696238,4,-2,-124
1767174576.7062385,-3,0,-120
1767174576.7162385,-3,2,-116
1767174576.7262385,-3,5,-118
1767174576.7362382,-2,6,-121
1767174576.7462382,0,4,-122
1767174576.7562382,-1,4,-115
1767174576.7662382,-5,0,-108
1767174576.7762382,-2,2,-113
1767174576.7862382,-1,2,-118
1767174576.7962382,-3,-1,-124
1767174576.8062382,-6,-2,-118
1767174576.8162382,-2,-4,-117
1767174576.8262382,0,-5,-120
1767174576.836238,-1,-6,-121
1767174576.846238,0,-4,-119
1767174576.856238,0,-3,-120
1767174576.866238,1,0,-120
1767174576.876238,-1,0,-116
1767174576.886238,-2,-3,-115
1767174576.896238,3,-2,-123
1767174576.906238,3,0,-125
1767174576.916238,2,-5,-128
1767174576.926238,7,-3,-133
1767174576.936238,5,-1,-131
1767174576.946238,5,-1,-130
1767174576.9562385,1,-3,-128
1767174576.9662385,1,-3,-123
1767174576.9762385,0,0,-126
1767174576.9862382,-1,0,-130
1767174576.9962382,0,-1,-129
1767174577.0062382,-1,0,-130
1767174577.0162382,-1,-2,-129
1767174577.0262382,0,-3,-127
1767174577.0362382,0,-4,-123
1767174577.0462382,-2,-2,-123
1767174577.0562382,-4,-2,-123
1767174577.0662382,-3,0,-126
1767174577.0762382,-5,0,-123
1767174577.086238,-6,0,-131
1767174577.096238,-2,1,-132
1767174577.106238,0,3,-131
1767174577.116238,-3,5,-133
1767174577.126238,-3,4,-128
1767174577.136238,0,6,-127
1767174577.146238,2,2,-122
1767174577.156238,3,1,-124
1767174577.166238,5,-4,-128
1767174577.176238,2,-5,-131
1767174577.186238,-1,-3,-130
1767174577.196238,-1,-4,-121
1767174577.2062385,0,-7,-121
1767174577.2162385,0,-7,-124
1767174577.2262385,-1,-3,-127
1767174577.2362382,-4,-2,-127
1767174577.2462382,-3,-1,-132
1767174577.2562382,-3,3,-134
1767174577.2662382,-4,4,-135
1767174577.2762382,0,-1,-127
1767174577.2862382,0,-5,-126
1767174577.2962382,0,0,-127
1767174577.3062382,0,-2,-125
1767174577.3162382,7,-6,-126
1767174577.3262382,5,-6,-121
1767174577.336238,0,-7,-125
1767174577.346238,4,-3,-121
1767174577.356238,0,-1,-117
1767174577.366238,0,0,-120
1767174577.376238,1,0,-125
1767174577.386238,1,1,-129
1767174577.396238,3,0,-134
1767174577.406238,4,4,-125
1767174577.416238,4,1,-124
1767174577.426238,2,-2,-124
1767174577.436238,0,0,-126
1767174577.446238,1,-1,-131
1767174577.4562385,1,1,-129
1767174577.4662385,0,-2,-129
1767174577.4762385,0,0,-133
1767174577.4862382,0,1,-127
1767174577.4962382,3,0,-130
1767174577.5062382,5,-4,-130
1767174577.5162382,4,-2,-122
1767174577.5262382,0,-1,-117
1767174577.5362382,0,-2,-112
1767174577.5462382,-1,0,-116
1767174577.5562382,-7,0,-121
1767174577.5662382,-12,-1,-122
1767174577.5762382,-9,1,-126
1767174577.586238,-9,0,-128
1767174577.596238,-7,-3,-129
1767174577.606238,-7,-4,-130
1767174577.616238,-4,0,-126
1767174577.626238,0,0,-123
1767174577.636238,0,-3,-126
1767174577.646238,2,-4,-129
1767174577.656238,1,-1,-127
1767174577.666238,-3,0,-124
1767174577.676238,-7,0,-118
1767174577.686238,-9,-4,-126
1767174577.696238,-7,-6,-126
1767174577.7062385,-5,-4,-130
1767174577.7162385,-3,-3,-123
1767174577.7262385,-3,-4,-121
1767174577.7362382,0,-3,-122
1767174577.7462382,0,-5,-120
1767174577.7562382,-2,-6,-118
1767174577.7662382,-2,-3,-121
1767174577.7762382,-4,0,-119
1767174577.7862382,-1,5,-120
1767174577.7962382,-3,2,-122
1767174577.8062382,-2,-1,-119
1767174577.8162382,2,-3,-124
1767174577.8262382,3,-2,-127
1767174577.836238,0,-1,-128
1767174577.846238,1,0,-129
1767174577.856238,3,2,-132
1767174577.866238,3,3,-134
1767174577.876238,4,0,-134
1767174577.886238,0,-3,-136
1767174577.896238,3,-4,-136
1767174577.906238,1,-4,-134
1767174577.916238,1,-4,-137
1767174577.926238,3,0,-133
1767174577.936238,5,0,-137
1767174577.946238,4,0,-130
1767174577.9562385,3,0,-130
1767174577.9662385,6,-1,-125
1767174577.9762385,-3,-3,-129
1767174577.9862382,-1,-4,-134
1767174577.9962382,0,-5,-133
1767174578.0062382,0,-2,-138
1767174578.0162382,2,-1,-128
1767174578.0262382,0,-5,-127
1767174578.0362382,-3,-4,-120
1767174578.0462382,-9,0,-123
1767174578.0562382,-10,-2,-124
1767174578.0662382,-6,-2,-120
1767174578.0762382,-5,-4,-119
1767174578.086238,-9,-3,-118
1767174578.096238,-7,-4,-118
1767174578.106238,-5,0,-122
1767174578.116238,-4,1,-126
1767174578.126238,-7,-2,-126
1767174578.136238,-1,-2,-123
1767174578.146238,-1,-5,-119
1767174578.156238,1,-9,-122
1767174578.166238,0,-8,-126
1767174578.176238,3,-10,-134
1767174578.186238,3,-7,-133
1767174578.196238,5,-1,-128
1767174578.2062385,7,-2,-125
1767174578.2162385,7,2,-122
1767174578.2262385,7,2,-116
1767174578.2362382,4,4,-117
1767174578.2462382,0,4,-115
1767174578.2562382,-4,5,-113
1767174578.2662382,-4,3,-120
1767174578.2762382,-4,3,-119
1767174578.2862382,-1,0,-124
1767174578.2962382,-3,0,-128
1767174578.3062382,-4,2,-132
1767174578.3162382,-1,2,-135
1767174578.3262382,-1,4,-133
1767174578.336238,-3,0,-130
1767174578.346238,-6,0,-129
1767174578.356238,-7,0,-126
1767174578.366238,-8,3,-127
1767174578.376238,-9,2,-128
1767174578.386238,-8,2,-126
1767174578.396238,-3,3,-122
1767174578.406238,-2,1,-121
1767174578.416238,0,1,-122
1767174578.426238,-7,1,-116
1767174578.436238,-10,4,-118
1767174578.446238,-5,3,-116
1767174578.4562385,-2,-7,-119
1767174578.4662385,1,-5,-121
1767174578.4762385,5,0,-128
1767174578.4862382,0,1,-131
1767174578.4962382,-4,1,-126
1767174578.517238,-1,-2,-132
1767174578.5262382,-1,-3,-134
1767174578.5362382,-1,0,-140
1767174578.5462382,-2,1,-140
1767174578.5562382,0,0,-136
1767174578.5662382,-2,-1,-126
1767174578.5762382,-3,-1,-127
1767174578.586238,0,0,-123
1767174578.596238,0,0,-123
1767174578.606238,1,3,-122
1767174578.616238,-1,6,-120
1767174578.626238,2,6,-120
1767174578.636238,1,9,-119
1767174578.646238,3,7,-123
1767174578.656238,-2,3,-124
1767174578.666238,1,2,-125
1767174578.676238,3,4,-122
1767174578.686238,4,1,-120
1767174578.696238,1,2,-123
1767174578.7062385,6,4,-122
1767174578.7162385,5,3,-120
1767174578.7262385,7,2,-124
1767174578.7362382,9,0,-124
1767174578.7462382,8,1,-120
1767174578.7562382,7,-1,-119
1767174578.7662382,9,0,-120
1767174578.7762382,8,4,-125
1767174578.7862382,7,4,-121
1767174578.7962382,7,5,-114
1767174578.8062382,8,4,-116
1767174578.8162382,7,2,-114
1767174578.8262382,11,0,-115
1767174578.836238,9,0,-114
1767174578.846238,7,1,-123
1767174578.856238,5,-4,-131
1767174578.866238,1,-5,-134
1767174578.876238,0,-7,-133
1767174578.886238,0,-7,-123
1767174578.896238,3,-7,-124
1767174578.906238,1,-3,-127
1767174578.916238,0,-1,-131
1767174578.926238,-2,-4,-134
1767174578.936238,0,-1,-123
1767174578.946238,1,-2,-123
1767174578.9562385,0,-5,-123
1767174578.9662385,0,-5,-123
1767174578.9762385,0,-2,-123
1767174578.9862382,-1,-3,-123
1767174578.9962382,0,-5,-125
1767174579.0062382,2,0,-127
1767174579.0162382,1,-1,-128
1767174579.0262382,-2,0,-125
1767174579.0362382,-4,-5,-132
1767174579.0462382,-7,-5,-135
1767174579.0562382,-8,-3,-133
1767174579.0662382,-6,-4,-128
1767174579.0762382,-2,-5,-124
1767174579.086238,-2,-1,-118
1767174579.096238,0,-5,-115
1767174579.106238,2,-3,-115
1767174579.116238,4,-2,-118
1767174579.126238,4,0,-117
1767174579.1372385,1,2,-118
1767174579.146238,-2,3,-116
1767174579.156238,0,1,-118
1767174579.1672382,0,2,-116
1767174579.1772382,-4,1,-119
1767174579.1872382,-3,3,-122
1767174579.196238,-1,-1,-128
1767174579.2072382,-1,0,-124
1767174579.2172382,4,0,-126
1767174579.2272382,2,-2,-126
1767174579.2372382,8,-5,-123
1767174579.2462382,11,-5,-124
1767174579.257238,8,-2,-123
1767174579.267238,5,-3,-120
1767174579.277238,2,-5,-123
1767174579.287238,5,-8,-127
1767174579.297238,5,-5,-130
1767174579.307238,2,-6,-126
1767174579.317238,3,-5,-121
1767174579.327238,1,-3,-119
1767174579.337238,5,-2,-121
1767174579.347238,6,1,-120
1767174579.357238,8,-2,-116
1767174579.367238,3,0,-119
1767174579.377238,-3,0,-126
1767174579.3872385,-3,-1,-123
1767174579.3972385,0,0,-117
1767174579.4072382,2,2,-117
1767174579.4172382,4,4,-124
1767174579.4272382,5,0,-126
1767174579.4372382,9,2,-123
1767174579.4472382,12,1,-124
1767174579.4572382,9,1,-123
1767174579.4672382,9,1,-120
1767174579.4772382,5,1,-118
1767174579.4872382,7,-2,-119
1767174579.4972382,5,-5,-112
1767174579.507238,3,-3,-119
1767174579.517238,0,-3,-119
1767174579.527238,-2,-2,-120
1767174579.537238,1,-6,-121
1767174579.547238,3,-5,-122
1767174579.557238,2,-4,-125
1767174579.567238,0,-4,-122
1767174579.577238,1,-3,-120
1767174579.587238,2,0,-117
1767174579.597238,2,0,-119
1767174579.607238,2,-1,-124
1767174579.617238,-1,-3,-119
1767174579.627238,-7,-2,-118
1767174579.6372385,-9,-2,-116
1767174579.6472385,-9,-5,-118
1767174579.6572382,-5,0,-117
1767174579.6672382,-2,-2,-121
1767174579.6772382,0,-6,-125
1767174579.6872382,5,-8,-128
1767174579.6972382,4,-8,-124
1767174579.7072382,2,-9,-124
1767174579.7172382,-1,-8,-119
1767174579.7272382,0,-1,-126
1767174579.7372382,0,3,-129
1767174579.7472382,-2,4,-132
1767174579.757238,-1,-2,-134
1767174579.767238,0,-3,-133
1767174579.777238,3,-3,-129
1767174579.787238,2,-1,-134
1767174579.797238,3,-1,-128
1767174579.807238,1,2,-124
1767174579.817238,3,0,-116
1767174579.827238,2,-2,-115
1767174579.837238,5,0,-122
1767174579.847238,2,0,-122
1767174579.857238,-4,-2,-126
1767174579.867238,-4,-4,-119
1767174579.877238,0,0,-115
1767174579.8872385,2,2,-111
1767174579.8972385,1,0,-114
1767174579.9072382,4,-1,-116
1767174579.9172382,1,-6,-115
1767174579.9272382,1,-6,-118
1767174579.9372382,0,-5,-123
1767174579.9472382,1,-2,-121
1767174579.9572382,-1,-3,-125
1767174579.9672382,-2,-2,-123
1767174579.9772382,0,-5,-123
1767174579.9872382,-1,-3,-127
1767174579.9972382,0,-3,-124
1767174580.007238,-4,0,-126
1767174580.017238,-4,2,-132
1767174580.027238,-4,1,-131
1767174580.037238,-6,3,-136
1767174580.047238,-3,2,-134
1767174580.057238,0,0,-131
1767174580.067238,2,-2,-133
1767174580.077238,1,-1,-127
1767174580.087238,0,-2,-123
1767174580.097238,-1,-4,-125
1767174580.107238,-2,-3,-124
1767174580.117238,0,-1,-122
1767174580.127238,1,0,-129
1767174580.1372385,0,-1,-123
1767174580.1472385,0,-5,-127
1767174580.1572382,0,0,-132
1767174580.1672382,3,5,-131
1767174580.1772382,1,0,-121
1767174580.1872382,0,-2,-116
1767174580.1972382,-1,-3,-122
1767174580.2072382,2,-3,-124
1767174580.2172382,1,0,-119
1767174580.2272382,2,1,-115
1767174580.2372382,2,0,-117
1767174580.2472382,4,-4,-119
1767174580.257238,5,-2,-122
1767174580.267238,5,-2,-120
1767174580.277238,2,0,-124
1767174580.287238,-1,-1,-119
1767174580.297238,-5,2,-118
1767174580.307238,-6,2,-116
1767174580.317238,-3,0,-119
1767174580.327238,-2,-2,-115
1767174580.337238,0,-2,-118
1767174580.347238,1,-4,-114
1767174580.357238,0,-2,-114
1767174580.367238,-1,0,-115
1767174580.377238,0,0,-113
1767174580.3872385,3,0,-118
1767174580.3972385,-1,1,-115
1767174580.4072382,-3,3,-114
1767174580.4172382,0,1,-113
1767174580.4272382,-3,0,-116
1767174580.4372382,-2,0,-115
1767174580.4472382,-6,2,-112
1767174580.4572382,-1,-2,-118
1767174580.4672382,-2,-2,-127
1767174580.4772382,-4,-3,-128
1767174580.4872382,-6,-3,-125
1767174580.4972382,-7,-8,-124
1767174580.507238,-6,-5,-123
1767174580.517238,-7,0,-121
1767174580.527238,-6,2,-118
1767174580.537238,-9,3,-119
1767174580.547238,-9,6,-126
1767174580.557238,-7,4,-122
1767174580.567238,-8,3,-127
1767174580.577238,-8,3,-125
1767174580.587238,-7,2,-129
1767174580.597238,-4,0,-124
1767174580.607238,2,-2,-124
1767174580.617238,0,-5,-126
1767174580.627238,-4,0,-123
1767174580.6372385,-5,5,-113
1767174580.6472385,-5,3,-117
1767174580.6572382,-9,2,-119
1767174580.6672382,-9,3,-119
1767174580.6772382,-8,-2,-126
1767174580.6872382,-3,-4,-127
1767174580.6972382,-1,-3,-127
1767174580.7072382,-5,0,-124
1767174580.7172382,-1,-1,-116
1767174580.7272382,0,-6,-117
1767174580.7372382,0,-3,-118
1767174580.7472382,1,0,-123
1767174580.757238,2,0,-128
1767174580.767238,0,0,-131
1767174580.777238,0,-2,-129
1767174580.787238,1,0,-132
1767174580.797238,-2,0,-130
1767174580.807238,-1,3,-130
1767174580.817238,2,7,-137
1767174580.827238,0,7,-134
1767174580.837238,3,5,-133
1767174580.847238,0,5,-134
1767174580.857238,-1,-1,-139
1767174580.867238,3,-2,-137
1767174580.877238,2,1,-131
1767174580.8872385,1,0,-128
1767174580.8972385,-1,0,-120
1767174580.9072382,1,0,-116
1767174580.9172382,5,-3,-118
1767174580.9272382,1,-1,-124
1767174580.9372382,6,-1,-131
1767174580.9472382,5,3,-129
1767174580.9572382,3,6,-124
1767174580.9672382,6,6,-121
1767174580.9772382,5,7,-128
1767174580.9872382,5,6,-133
1767174580.9972382,9,3,-132
1767174581.007238,7,6,-124
1767174581.017238,3,6,-126
1767174581.027238,1,2,-125
1767174581.037238,0,1,-128
1767174581.047238,-4,3,-130
1767174581.057238,-2,2,-131
1767174581.067238,-7,0,-129
1767174581.077238,-4,2,-127
1767174581.087238,-4,1,-127
1767174581.097238,0,4,-126
1767174581.107238,-1,3,-129
1767174581.117238,-4,0,-128
1767174581.127238,-3,0,-120
1767174581.1372385,1,-4,-121
1767174581.1472385,0,-4,-115
1767174581.1572382,0,-4,-116
1767174581.1672382,0,-6,-116
1767174581.1772382,6,-7,-121
1767174581.1872382,4,-3,-119
1767174581.1972382,3,0,-116
1767174581.2072382,8,0,-125
1767174581.2172382,13,-2,-130
1767174581.2272382,10,-1,-126
1767174581.2372382,6,-2,-125
1767174581.2472382,9,-4,-126
1767174581.257238,7,-2,-124
1767174581.267238,3,-5,-121
1767174581.277238,5,-2,-123
1767174581.287238,8,-5,-123
1767174581.297238,6,-5,-124
1767174581.307238,6,-4,-123
1767174581.317238,0,-4,-121
1767174581.327238,-4,-3,-122
1767174581.337238,-1,1,-124
1767174581.347238,-1,-3,-124
1767174581.357238,2,-4,-124
1767174581.367238,0,-10,-121
1767174581.377238,-3,-12,-119
1767174581.3872385,-4,-12,-126
1767174581.3972385,-5,-8,-127
1767174581.4072382,-1,-6,-132
1767174581.4172382,-2,-4,-130
1767174581.4272382,0,-5,-128
1767174581.4372382,-1,-8,-126
1767174581.4472382,0,-3,-119
1767174581.4572382,0,-2,-115
1767174581.4672382,1,-3,-114
1767174581.4772382,1,0,-118
1767174581.4872382,-1,-2,-121
1767174581.4972382,-1,0,-124
1767174581.507238,-5,-2,-131
1767174581.517238,-4,-4,-136
1767174581.527238,-6,-6,-129
1767174581.537238,-2,-3,-127
1767174581.547238,-2,-4,-130
1767174581.557238,0,-6,-131
1767174581.567238,-3,-5,-133
1767174581.577238,-6,-10,-123
1767174581.587238,-4,-6,-120
1767174581.597238,-3,-7,-121
1767174581.607238,-4,-8,-114
1767174581.617238,-3,-8,-118
1767174581.627238,-3,-5,-119
1767174581.6372385,-7,-2,-118
1767174581.6472385,-7,-3,-117
1767174581.6572382,-5,-2,-117
1767174581.6672382,0,-1,-116
1767174581.6772382,-2,0,-117
1767174581.6872382,-2,-1,-120
1767174581.6972382,0,0,-119
1767174581.7072382,0,-3,-115
1767174581.7172382,-1,-3,-114
1767174581.7272382,-2,0,-121
1767174581.7372382,-1,-1,-124
1767174581.7472382,0,1,-127
1767174581.758238,-1,0,-123
1767174581.767238,-6,0,-124
1767174581.778238,-3,0,-128
1767174581.788238,-2,-5,-130
1767174581.797238,0,-4,-139
1767174581.8082385,1,1,-134
1767174581.8182385,1,0,-128
1767174581.8282382,2,0,-127
1767174581.8382382,-1,0,-122
1767174581.8482382,-1,-2,-121
1767174581.8582382,0,-2,-121
1767174581.8682382,1,-5,-127
1767174581.8782382,2,-5,-128
1767174581.8882382,0,-6,-130
1767174581.8982382,3,0,-127
1767174581.9082382,0,-3,-121
1767174581.9182382,-2,-4,-121
1767174581.9282382,-2,-3,-117
1767174581.938238,-3,0,-116
1767174581.948238,-8,2,-118
1767174581.958238,-9,3,-118
1767174581.968238,-2,2,-126
1767174581.978238,-2,2,-126
1767174581.988238,0,0,-120
1767174581.998238,-1,-1,-121
1767174582.008238,-4,-3,-116
1767174582.018238,0,-1,-115
1767174582.028238,1,-2,-116
1767174582.038238,2,-1,-121
1767174582.048238,5,0,-121
1767174582.0582385,9,0,-127
1767174582.0682385,9,-3,-128
1767174582.0782382,4,-8,-131
1767174582.0882382,3,-7,-117
1767174582.0982382,3,-3,-110
1767174582.1082382,0,-4,-112
1767174582.1182382,5,0,-119
1767174582.1282382,5,1,-119
1767174582.1382382,1,2,-120
1767174582.1482382,4,7,-119
1767174582.1582382,8,3,-118
1767174582.1682382,4,4,-119
1767174582.1782382,-1,2,-113
1767174582.188238,-1,1,-107
1767174582.198238,-1,-2,-107
1767174582.208238,2,-4,-109
1767174582.218238,2,0,-115
1767174582.228238,2,-1,-116
1767174582.238238,0,-3,-118
1767174582.248238,0,-1,-122
1767174582.258238,2,0,-122
1767174582.268238,3,0,-122
1767174582.278238,4,2,-124
1767174582.288238,7,0,-123
1767174582.298238,5,-1,-121
1767174582.3082385,4,-3,-116
1767174582.3182385,2,-1,-112
1767174582.3282382,-3,-4,-110
1767174582.3382382,-5,-1,-109
1767174582.3482382,-4,-2,-105
1767174582.3582382,0,-4,-107
1767174582.3682382,1,0,-108
1767174582.3782382,0,1,-114
1767174582.3882382,2,4,-112
1767174582.3982382,1,2,-114
1767174582.4082382,2,0,-115
1767174582.4182382,3,2,-107
1767174582.4282382,2,0,-108
1767174582.438238,-1,-1,-109
1767174582.448238,0,-4,-118
1767174582.458238,-4,-2,-122
1767174582.468238,-4,-5,-123
1767174582.478238,-7,-4,-119
1767174582.488238,-8,-7,-113
1767174582.498238,-8,-3,-117
1767174582.508238,-8,-2,-120
1767174582.518238,-8,-4,-125
1767174582.528238,-6,-4,-122
1767174582.538238,-7,-8,-123
1767174582.548238,-7,-10,-124
1767174582.5582385,-8,-10,-120
1767174582.5682385,-4,-11,-119
1767174582.5782382,0,-6,-117
1767174582.5882382,-2,-3,-118
1767174582.5982382,0,-4,-109
1767174582.6082382,2,-5,-112
1767174582.6182382,5,-9,-120
1767174582.6282382,3,-10,-127
1767174582.6382382,1,-10,-128
1767174582.6482382,0,-5,-125
1767174582.6582382,1,-4,-126
1767174582.6682382,1,-4,-126
1767174582.6782382,3,-3,-124
1767174582.688238,2,-4,-123
1767174582.698238,1,-8,-119
1767174582.708238,-1,-2,-117
1767174582.718238,-4,-1,-115
1767174582.728238,-2,-4,-115
1767174582.738238,-1,-2,-117
1767174582.748238,-5,-1,-124
1767174582.758238,-7,-3,-122
1767174582.768238,-4,-2,-116
1767174582.778238,0,0,-114
1767174582.788238,3,0,-114
1767174582.798238,3,0,-117
1767174582.8082385,1,-2,-117
1767174582.8182385,0,-2,-114
1767174582.8282382,-1,-2,-120
1767174582.8382382,-3,-3,-126
1767174582.8482382,0,-5,-130
1767174582.8582382,1,-5,-125
1767174582.8682382,6,-6,-120
1767174582.8782382,7,-2,-122
1767174582.8882382,6,-2,-122
1767174582.8982382,10,2,-120
1767174582.9082382,8,3,-119
1767174582.9182382,5,5,-123
1767174582.9282382,1,1,-124
1767174582.938238,0,2,-118
1767174582.948238,0,6,-118
1767174582.958238,3,6,-120
1767174582.968238,0,3,-116
1767174582.978238,0,-2,-120
1767174582.988238,-7,-2,-121
1767174582.998238,-7,-5,-119
1767174583.008238,-3,-2,-117
1767174583.018238,-2,-2,-118
1767174583.028238,-3,-4,-117
1767174583.038238,-2,-3,-123
1767174583.048238,0,0,-121
1767174583.0582385,-2,2,-116
1767174583.0682385,4,0,-113
1767174583.0782382,3,1,-126
1767174583.0882382,0,-1,-124
1767174583.0982382,3,0,-122
1767174583.1082382,-1,1,-125
1767174583.1182382,-3,0,-128
1767174583.1282382,-1,1,-130
1767174583.1382382,0,-1,-139
1767174583.1482382,-1,-3,-135
1767174583.1582382,-2,-1,-126
1767174583.1682382,-3,-2,-125
1767174583.1782382,-2,-5,-123
1767174583.188238,-4,-4,-122
1767174583.198238,-3,-2,-119
1767174583.208238,-3,-7,-122
1767174583.218238,-4,-8,-124
1767174583.228238,-5,-9,-120
1767174583.238238,-3,-8,-121
1767174583.248238,-5,-9,-127
1767174583.258238,-3,-10,-125
1767174583.268238,-6,-6,-128
1767174583.278238,-4,-2,-128
1767174583.288238,-4,-1,-131
1767174583.298238,-2,-2,-121
1767174583.3082385,-6,-3,-122
1767174583.3182385,0,-3,-130
1767174583.3282382,7,-2,-133
1767174583.3382382,8,-3,-123
1767174583.3482382,3,-3,-118
1767174583.3582382,0,-4,-118
1767174583.3682382,-3,-1,-117
1767174583.3782382,-1,-2,-120
1767174583.3882382,0,-4,-116
1767174583.3982382,0,-6,-121
1767174583.4082382,3,-2,-121
1767174583.4182382,4,0,-125
1767174583.4282382,3,2,-126
1767174583.438238,-2,-1,-127
1767174583.448238,-3,-3,-127
1767174583.458238,-1,-1,-121
1767174583.468238,0,-3,-121
1767174583.478238,3,-2,-121
1767174583.488238,3,2,-121
1767174583.498238,6,-3,-123
1767174583.508238,5,-4,-130
1767174583.5292382,6,-5,-124
1767174583.538238,7,-5,-124
1767174583.548238,4,-9,-119
1767174583.5582385,1,-5,-120
1767174583.5682385,3,-3,-120
1767174583.5782382,3,-5,-124
1767174583.5882382,4,-5,-123
1767174583.5982382,0,-5,-121
1767174583.6082382,0,-5,-123
1767174583.6182382,3,-8,-121
1767174583.6282382,7,-9,-122
1767174583.6382382,7,-8,-132
1767174583.6482382,2,-6,-129
1767174583.6582382,-1,-5,-127
1767174583.6682382,0,-7,-128
1767174583.6782382,-1,-6,-133
1767174583.688238,-4,-6,-136
1767174583.698238,-1,-4,-125
1767174583.708238,0,-3,-131
1767174583.718238,0,0,-128
1767174583.728238,-2,0,-120
1767174583.738238,-1,2,-115
1767174583.748238,-1,1,-113
1767174583.758238,0,-1,-117
1767174583.768238,0,0,-123
1767174583.778238,4,0,-123
1767174583.788238,2,-2,-121
1767174583.798238,2,-3,-121
1767174583.8082385,3,1,-120
1767174583.8182385,2,0,-119
1767174583.8282382,0,1,-126
1767174583.8382382,0,2,-126
1767174583.8482382,0,1,-128
1767174583.8582382,2,0,-131
1767174583.8682382,4,0,-125
1767174583.8782382,2,-2,-116
1767174583.8882382,0,3,-122
1767174583.8982382,-1,4,-129
1767174583.9082382,0,5,-133
1767174583.9182382,0,4,-136
1767174583.9282382,3,5,-137
1767174583.938238,-3,1,-124
1767174583.948238,-3,0,-123
1767174583.958238,0,2,-126
1767174583.968238,-1,-2,-128
1767174583.978238,-3,0,-124
1767174583.988238,-4,-2,-121
1767174583.998238,-8,-3,-121
1767174584.008238,-10,-3,-119
1767174584.018238,-7,-3,-118
1767174584.028238,-2,1,-119
1767174584.038238,-3,3,-118
1767174584.048238,-3,5,-120
1767174584.0582385,-1,2,-125
1767174584.0682385,-3,1,-125
1767174584.0782382,-6,-1,-123
1767174584.0882382,-1,-1,-120
1767174584.0982382,0,1,-123
1767174584.1082382,0,0,-122
1767174584.1182382,-3,-3,-121
1767174584.1282382,0,-5,-120
1767174584.1382382,5,-7,-124
1767174584.1482382,2,-8,-122
1767174584.1582382,3,-7,-124
1767174584.1682382,0,-9,-121
1767174584.1782382,-1,-6,-124
1767174584.188238,0,-5,-114
1767174584.198238,0,-3,-116
1767174584.208238,1,-4,-121
1767174584.218238,-2,-7,-120
1767174584.228238,-4,-4,-124
1767174584.238238,-2,-3,-119
1767174584.248238,0,-3,-115
1767174584.258238,-3,-1,-120
1767174584.268238,-1,-5,-124
1767174584.278238,2,-5,-122
1767174584.288238,3,-4,-122
1767174584.298238,0,-3,-127
1767174584.3082385,1,-3,-123
1767174584.3182385,0,-1,-120
1767174584.3282382,1,-2,-122
1767174584.3382382,2,-4,-122
1767174584.3482382,6,-4,-125
1767174584.3582382,4,-4,-127
1767174584.3682382,4,-2,-125
1767174584.379238,2,1,-130
1767174584.3882382,1,0,-125
1767174584.3982382,2,3,-126
1767174584.4082382,-1,2,-121
1767174584.4182382,-3,2,-124
1767174584.4282382,-3,2,-116
1767174584.439238,-1,4,-120
1767174584.449238,-3,4,-124
1767174584.459238,-4,5,-128
1767174584.469238,-3,2,-128
1767174584.4792385,-1,3,-123
1767174584.4892385,-3,1,-114
1767174584.4992385,0,0,-116
1767174584.5092382,3,0,-113
1767174584.5192382,2,0,-114
1767174584.5292382,6,1,-116
1767174584.5392382,5,0,-115
1767174584.5492382,1,2,-108
1767174584.560238,4,1,-105
1767174584.5692382,8,-1,-106
1767174584.5792382,6,-1,-103
1767174584.5892382,5,-2,-114
1767174584.5992382,5,0,-120
1767174584.609238,4,0,-123
1767174584.619238,3,-4,-119
1767174584.629238,5,-4,-126
1767174584.639238,4,-3,-132
1767174584.649238,2,-3,-131
1767174584.659238,2,-1,-132
1767174584.669238,1,-2,-128
1767174584.679238,0,-1,-126
1767174584.689238,0,-3,-130
1767174584.699238,-3,-2,-130
1767174584.709238,-3,0,-123
1767174584.719238,0,0,-127
1767174584.7292385,6,1,-130
1767174584.7392385,2,5,-132
1767174584.7492385,0,2,-123
1767174584.7592382,-3,3,-114
1767174584.7692382,0,5,-112
1767174584.7792382,0,1,-120
1767174584.7892382,0,5,-119
1767174584.7992382,0,7,-123
1767174584.8092382,1,2,-118
1767174584.8192382,2,1,-117
1767174584.8292382,4,0,-115
1767174584.8392382,0,2,-117
1767174584.8492382,2,2,-119
1767174584.859238,0,0,-123
1767174584.869238,0,-4,-119
1767174584.879238,-1,-8,-123
1767174584.889238,4,-9,-119
1767174584.899238,5,-10,-126
1767174584.909238,5,-11,-131
1767174584.919238,4,-10,-130
1767174584.929238,5,-6,-130
1767174584.939238,0,-5,-123
1767174584.949238,0,-4,-125
1767174584.959238,-1,-4,-119
1767174584.969238,-3,-5,-120
1767174584.9792385,-3,-4,-120
1767174584.9892385,-2,-4,-117
1767174584.9992385,-1,-5,-113
1767174585.0092382,-3,-6,-119
1767174585.0192382,0,-3,-119
1767174585.0292382,3,-3,-121
1767174585.0392382,2,-7,-122
1767174585.0492382,0,-4,-122
1767174585.0592382,-4,-7,-123
1767174585.0692382,-5,-4,-122
1767174585.0792382,-4,0,-121
1767174585.0892382,-2,3,-116
1767174585.0992382,0,0,-114
1767174585.109238,5,4,-117
1767174585.119238,7,1,-115
1767174585.129238,4,1,-118
1767174585.139238,6,-2,-122
1767174585.149238,7,-2,-123
1767174585.159238,4,-2,-122
1767174585.169238,0,-2,-121
1767174585.179238,0,0,-122
1767174585.189238,-1,0,-120
1767174585.199238,3,2,-115
1767174585.209238,4,1,-119
1767174585.219238,5,-2,-122
1767174585.2292385,0,-1,-121
1767174585.2392385,0,-5,-123
1767174585.2492385,-1,-4,-123
1767174585.2592382,2,-4,-119
1767174585.2692382,2,-3,-120
1767174585.2792382,2,-3,-121
1767174585.2892382,2,-2,-117
1767174585.2992382,4,0,-118
1767174585.3092382,2,4,-120
1767174585.3192382,1,1,-118
1767174585.3292382,0,2,-122
1767174585.3392382,3,2,-126
1767174585.3492382,3,1,-123
1767174585.359238,1,0,-121
1767174585.369238,6,-7,-125
1767174585.379238,2,-6,-127
1767174585.389238,3,-8,-118
1767174585.399238,-2,-8,-120
1767174585.409238,-2,-8,-118
1767174585.419238,0,-6,-114
1767174585.429238,1,-8,-113
1767174585.439238,2,-5,-113
1767174585.449238,3,-8,-117
1767174585.459238,1,-9,-116
1767174585.469238,2,-9,-122
1767174585.4792385,4,-8,-124
1767174585.4892385,7,-5,-130
1767174585.4992385,3,-3,-128
1767174585.5092382,4,-2,-126
1767174585.5192382,0,-2,-126
1767174585.5292382,0,-2,-120
1767174585.5392382,-1,0,-112
1767174585.5492382,-2,2,-120
1767174585.5592382,-2,2,-125
1767174585.5692382,-3,0,-134
1767174585.5792382,-6,2,-124
1767174585.5892382,-6,1,-121
1767174585.5992382,-4,2,-128
1767174585.609238,-5,2,-119
1767174585.619238,-2,-1,-114
1767174585.629238,-2,-3,-118
1767174585.639238,0,-3,-120
1767174585.649238,0,-1,-119
1767174585.659238,-2,-4,-116
1767174585.669238,0,-6,-118
1767174585.679238,2,-9,-119
1767174585.689238,-1,-9,-129
1767174585.699238,0,-7,-131
1767174585.709238,2,-5,-129
1767174585.719238,0,-1,-127
1767174585.7292385,4,0,-122
1767174585.7392385,7,1,-119
1767174585.7492385,4,0,-118
1767174585.7592382,1,0,-117
1767174585.7692382,1,-2,-117
1767174585.7792382,0,-1,-115
1767174585.7892382,0,0,-119
1767174585.7992382,1,-5,-129
1767174585.8092382,0,-8,-128
1767174585.8192382,4,-7,-125
1767174585.8292382,0,-5,-121
1767174585.8392382,0,-3,-128
1767174585.8492382,1,-5,-124
1767174585.859238,2,-6,-123
1767174585.869238,1,0,-125
1767174585.879238,1,1,-127
1767174585.889238,2,3,-123
1767174585.899238,2,3,-112
1767174585.909238,0,0,-112
1767174585.919238,-2,0,-118
1767174585.929238,-1,1,-124
1767174585.939238,1,1,-127
1767174585.949238,1,0,-126
1767174585.959238,4,-2,-121
1767174585.969238,4,-1,-120
1767174585.9792385,3,0,-124
1767174585.9892385,2,0,-114
1767174585.9992385,-1,2,-118
1767174586.0092382,-5,4,-122
1767174586.0192382,-6,9,-123
1767174586.0292382,-4,2,-124
1767174586.0392382,-6,0,-126
1767174586.0492382,-7,-1,-130
1767174586.0592382,-5,-3,-123
1767174586.0692382,-2,2,-123
1767174586.0792382,5,2,-126
1767174586.0892382,5,0,-124
1767174586.0992382,2,0,-116
1767174586.109238,2,1,-113
1767174586.119238,0,0,-111
1767174586.129238,-2,-4,-111
1767174586.139238,1,-9,-113
1767174586.149238,0,-11,-120
1767174586.159238,1,-8,-123
1767174586.169238,-1,-5,-124
1767174586.179238,2,-4,-122
1767174586.189238,3,0,-119
1767174586.199238,3,0,-123
1767174586.209238,0,0,-121
1767174586.219238,-4,0,-119
1767174586.2292385,-3,-1,-120
1767174586.2392385,2,-2,-123
1767174586.2492385,0,-3,-130
1767174586.2592382,-1,-1,-123
1767174586.2692382,0,-4,-125
1767174586.2792382,-2,-7,-121
1767174586.2892382,-6,-8,-121
1767174586.2992382,-7,-5,-121
1767174586.3092382,-6,-5,-125
1767174586.3192382,-6,-7,-127
1767174586.3292382,0,-11,-131
1767174586.3392382,0,-9,-129
1767174586.3492382,1,-8,-128
1767174586.359238,-4,-6,-131
1767174586.369238,-2,0,-130
1767174586.379238,-4,1,-126
1767174586.389238,0,-4,-124
1767174586.399238,-1,-2,-126
1767174586.409238,-4,-3,-123
1767174586.419238,-1,-4,-123
1767174586.429238,2,-2,-120
1767174586.439238,-1,-2,-117
1767174586.449238,-2,-3,-115
1767174586.459238,1,-1,-112
1767174586.469238,4,0,-111
1767174586.4792385,6,1,-116
1767174586.4892385,-1,-1,-111
1767174586.4992385,-4,0,-111
1767174586.5092382,-5,1,-113
1767174586.5192382,-2,0,-113
1767174586.5292382,-7,0,-111
1767174586.5392382,-5,1,-109
1767174586.5492382,-4,1,-115
1767174586.5592382,-3,2,-117
1767174586.5692382,-4,1,-120
1767174586.5792382,-4,0,-122
1767174586.5892382,-1,-1,-119
1767174586.5992382,-5,-3,-113
1767174586.609238,-9,-4,-118
1767174586.619238,-10,-8,-115
1767174586.629238,-7,0,-118
1767174586.639238,-8,3,-122
1767174586.649238,-10,2,-118
1767174586.659238,-4,0,-125
1767174586.669238,2,-1,-129
1767174586.679238,1,-4,-132
1767174586.689238,4,0,-131
1767174586.699238,0,1,-127
1767174586.709238,0,5,-126
1767174586.719238,0,0,-125
1767174586.7292385,2,0,-125
1767174586.7392385,-2,0,-127
1767174586.7492385,2,-1,-135
1767174586.7592382,3,-1,-134
1767174586.7692382,3,-3,-131
1767174586.7792382,5,-3,-128
1767174586.7892382,4,-2,-128
1767174586.7992382,5,-3,-125
1767174586.8092382,5,-5,-119
1767174586.8192382,5,-7,-120
1767174586.8292382,7,-7,-113
1767174586.8392382,5,-3,-112
1767174586.8492382,5,0,-110
1767174586.859238,5,1,-112
1767174586.869238,-1,0,-112
1767174586.879238,-4,4,-119
1767174586.889238,-1,3,-119
1767174586.899238,4,4,-122
1767174586.909238,2,3,-118
1767174586.919238,0,1,-114
1767174586.929238,0,3,-121
1767174586.939238,0,1,-122
1767174586.949238,0,-1,-125
1767174586.959238,2,-3,-124
1767174586.969238,4,-4,-124
1767174586.9792385,3,-6,-119
1767174586.9892385,1,-5,-115
1767174586.9992385,1,-4,-123
1767174587.0092382,2,-9,-128
1767174587.0192382,0,-9,-125
1767174587.0292382,-2,-15,-121
1767174587.0392382,-5,-10,-117
1767174587.0492382,-7,-11,-123
1767174587.0592382,-5,-15,-120
1767174587.070238,-2,-11,-120
1767174587.0792382,-2,-9,-124
1767174587.090238,-2,-7,-119
1767174587.100238,1,-7,-122
1767174587.110238,3,-5,-116
1767174587.119238,3,-3,-123
1767174587.130238,2,-1,-126
1767174587.140238,0,-1,-124
1767174587.150238,0,0,-124
1767174587.1602385,-1,-4,-121
1767174587.1702385,0,-4,-120
1767174587.1802382,-1,1,-124
1767174587.1902382,-3,5,-120
1767174587.2002382,-3,2,-121
1767174587.2102382,-4,-3,-122
1767174587.2202382,1,-1,-119
1767174587.2302382,-3,1,-122
1767174587.2402382,-1,3,-123
1767174587.2502382,0,0,-124
1767174587.2602382,3,-3,-122
1767174587.2702382,2,1,-126
1767174587.2802382,0,5,-129
1767174587.290238,0,2,-131
1767174587.300238,0,2,-130
1767174587.310238,-2,-4,-130
1767174587.320238,-3,-2,-131
1767174587.330238,-2,0,-137
1767174587.340238,-2,0,-134
1767174587.350238,-3,-1,-132
1767174587.360238,0,0,-132
1767174587.370238,0,-2,-134
1767174587.380238,0,-5,-132
1767174587.390238,3,-5,-132
1767174587.400238,6,-1,-124
1767174587.4102385,9,1,-118
1767174587.4202385,12,2,-118
1767174587.4302382,10,0,-119
1767174587.4402382,5,-1,-127
1767174587.4502382,3,-3,-127
1767174587.4602382,1,-2,-127
1767174587.4702382,2,0,-132
1767174587.4802382,5,-3,-130
1767174587.4902382,7,-5,-126
1767174587.5002382,-1,-8,-121
1767174587.5102382,-1,-5,-120
1767174587.5202382,-2,-8,-123
1767174587.5302382,-4,-4,-121
1767174587.540238,-4,-5,-116
1767174587.550238,-9,-5,-125
1767174587.560238,-5,-1,-123
1767174587.570238,-2,0,-124
1767174587.580238,-4,5,-126
1767174587.590238,0,3,-128
1767174587.600238,3,-1,-125
1767174587.610238,3,-2,-120
1767174587.620238,7,-2,-118
1767174587.630238,11,0,-113
1767174587.640238,10,-2,-113
1767174587.650238,9,-2,-112
1767174587.6602385,10,0,-111
1767174587.6702385,8,-3,-115
1767174587.6802382,4,-5,-121
1767174587.6902382,2,-2,-122
1767174587.7002382,1,-4,-120
1767174587.7102382,-3,-4,-121
1767174587.7202382,-2,-6,-111
1767174587.7302382,-4,-5,-108
1767174587.7402382,-8,0,-106
1767174587.7502382,-3,-4,-113
1767174587.7602382,-4,-4,-119
1767174587.7702382,-8,-2,-131
1767174587.7802382,-5,-1,-139
1767174587.790238,-2,0,-140
1767174587.800238,-6,2,-143
1767174587.810238,-6,0,-144
1767174587.820238,-8,-1,-141
1767174587.830238,-8,0,-142
1767174587.840238,-7,0,-136
1767174587.850238,-4,-2,-132
1767174587.860238,0,-2,-126
1767174587.870238,-3,-9,-124
1767174587.880238,-2,-10,-119
1767174587.890238,-4,-6,-122
1767174587.900238,-2,-1,-122
1767174587.9102385,-3,-5,-124
1767174587.9202385,-2,-3,-126
1767174587.9302382,0,-3,-129
1767174587.9402382,2,0,-125
1767174587.9502382,5,-1,-124
1767174587.9602382,3,0,-116
1767174587.9702382,1,-3,-124
1767174587.9802382,5,-5,-126
1767174587.9902382,4,-8,-137
1767174588.0002382,4,-11,-138
1767174588.0102382,4,-7,-135
1767174588.0202382,10,-8,-130
1767174588.0302382,1,-11,-130
1767174588.040238,0,-12,-130
1767174588.050238,-1,-9,-124
1767174588.060238,-4,-7,-122
1767174588.070238,-2,-7,-118
1767174588.080238,-3,-3,-111
1767174588.090238,-5,0,-112
1767174588.100238,-6,0,-106
1767174588.110238,-9,-3,-111
1767174588.120238,-12,-3,-115
1767174588.130238,-12,-1,-117
1767174588.140238,-11,-6,-116
1767174588.150238,-9,-8,-112
1767174588.1602385,-5,-10,-115
1767174588.1702385,-1,-13,-119
1767174588.1802382,1,-11,-122
1767174588.1902382,2,-9,-121
1767174588.2002382,0,-6,-122
1767174588.2102382,-2,-6,-119
1767174588.2202382,-5,-2,-131
1767174588.2302382,-7,-3,-126
1767174588.2402382,-9,-2,-122
1767174588.2502382,-9,0,-119
1767174588.2602382,-10,1,-117
1767174588.2702382,-9,0,-115
1767174588.2802382,-9,-4,-103
1767174588.290238,-9,-4,-102
1767174588.300238,-9,-5,-100
1767174588.310238,-9,-6,-107
1767174588.320238,-4,-4,-111
1767174588.330238,-2,-8,-116
1767174588.340238,-4,-8,-117
1767174588.350238,-3,-3,-122
1767174588.360238,-1,-3,-124
1767174588.370238,0,-2,-122
1767174588.380238,-3,1,-119
1767174588.390238,-3,2,-116
1767174588.400238,-2,5,-118
1767174588.4102385,-6,0,-120
1767174588.4202385,-3,2,-120
1767174588.4302382,-5,-2,-126
1767174588.4402382,-7,-5,-125
1767174588.4502382,-6,-4,-132
1767174588.4602382,-4,-2,-125
1767174588.4702382,-5,0,-121
1767174588.4802382,-6,0,-126
1767174588.4902382,-7,-1,-118
1767174588.5002382,-7,0,-121
1767174588.5102382,-6,-3,-126
1767174588.5202382,0,-6,-129
1767174588.5422382,-2,2,-116
1767174588.550238,2,0,-117
1767174588.560238,5,0,-113
1767174588.570238,5,0,-116
1767174588.580238,2,-1,-121
1767174588.590238,2,0,-117
1767174588.600238,0,-2,-121
1767174588.610238,0,-5,-115
1767174588.620238,-3,-9,-115
1767174588.630238,-2,-6,-118
1767174588.640238,-4,-7,-117
1767174588.650238,-6,-6,-118
1767174588.6602385,-6,-7,-122
1767174588.6702385,-6,-8,-125
1767174588.6802382,-6,-4,-116
1767174588.6902382,-3,-5,-120
1767174588.7002382,1,-2,-124
1767174588.7102382,1,4,-126
1767174588.7202382,1,10,-120
1767174588.7302382,-3,7,-122
1767174588.7402382,-6,7,-116
1767174588.7502382,-5,3,-118
1767174588.7602382,0,0,-115
1767174588.7702382,-1,0,-122
1767174588.7802382,0,-2,-125
1767174588.790238,6,-1,-121
1767174588.800238,1,-1,-125
1767174588.810238,2,0,-131
1767174588.820238,3,2,-131
1767174588.830238,2,0,-134
1767174588.840238,2,-1,-129
1767174588.850238,-1,-3,-122
1767174588.860238,0,-6,-127
1767174588.870238,2,-4,-121
1767174588.880238,-1,-4,-119
1767174588.890238,0,-2,-119
1767174588.900238,0,-1,-127
1767174588.9102385,2,2,-131
1767174588.9202385,3,2,-127
1767174588.9302382,-1,-1,-126
1767174588.9402382,2,0,-125
1767174588.9502382,4,2,-126
1767174588.9602382,3,6,-132
1767174588.9702382,-2,7,-138
1767174588.9802382,-5,3,-135
1767174588.9902382,-4,2,-136
1767174589.0002382,-2,-5,-132
1767174589.0102382,0,-2,-129
1767174589.0202382,0,1,-124
1767174589.0302382,2,5,-123
1767174589.040238,-1,4,-122
1767174589.050238,0,2,-130
1767174589.060238,2,3,-129
1767174589.070238,2,2,-125
1767174589.080238,0,0,-126
1767174589.090238,0,1,-120
1767174589.100238,-2,0,-124
1767174589.110238,-3,-3,-134
1767174589.120238,0,-3,-131
1767174589.130238,2,-3,-126
1767174589.140238,6,-5,-131
1767174589.150238,4,-2,-119
1767174589.1602385,0,-3,-118
1767174589.1702385,-3,-2,-121
1767174589.1802382,0,-3,-122
1767174589.1902382,-1,-3,-125
1767174589.2002382,-2,2,-124
1767174589.2102382,-5,2,-120
1767174589.2202382,-2,0,-111
1767174589.2302382,-1,0,-109
1767174589.2402382,0,-1,-108
1767174589.2502382,0,0,-106
1767174589.2602382,-3,7,-114
1767174589.2702382,-6,5,-113
1767174589.2802382,-1,0,-118
1767174589.290238,0,-1,-121
1767174589.300238,0,-4,-124
1767174589.310238,2,-3,-121
1767174589.320238,0,-1,-119
1767174589.330238,0,1,-115
1767174589.340238,-3,0,-123
1767174589.350238,-1,0,-121
1767174589.360238,-6,0,-119
1767174589.370238,-7,2,-122
1767174589.380238,-4,0,-124
1767174589.390238,-2,-1,-120
1767174589.400238,-3,-2,-114
1767174589.4102385,0,2,-112
1767174589.4202385,-2,6,-117
1767174589.4302382,-2,1,-127
1767174589.4402382,-2,0,-126
1767174589.4502382,-4,2,-129
1767174589.4602382,-4,0,-126
1767174589.4702382,-2,2,-120
1767174589.4802382,-4,-1,-114
1767174589.4902382,-7,0,-111
1767174589.5002382,-8,-1,-110
1767174589.5102382,-7,0,-116
1767174589.5202382,-9,-4,-118
1767174589.5302382,-8,-6,-117
1767174589.540238,-6,-2,-115
1767174589.550238,-2,-3,-117
1767174589.560238,-1,-1,-121
1767174589.570238,5,0,-124
1767174589.580238,2,-5,-124
1767174589.590238,-1,-8,-122
1767174589.600238,-1,-7,-126
1767174589.610238,4,-4,-125
1767174589.620238,4,-4,-129
1767174589.630238,3,-10,-130
1767174589.640238,0,-5,-126
1767174589.650238,2,-5,-125
1767174589.6602385,8,-3,-125
1767174589.6702385,6,-3,-126
1767174589.6802382,0,-2,-121
1767174589.6902382,0,-3,-122
1767174589.7002382,-7,-1,-125
1767174589.7102382,-7,0,-126
1767174589.7202382,-7,-3,-128
1767174589.7302382,-9,-5,-127
1767174589.7402382,-4,-3,-128
1767174589.751238,-8,-3,-129
1767174589.761238,-8,0,-130
1767174589.771238,-9,0,-129
1767174589.781238,-10,3,-127
1767174589.791238,-8,2,-125
1767174589.801238,-4,1,-122
1767174589.811238,-5,1,-120
1767174589.821238,-8,-3,-119
1767174589.8312385,-8,0,-119
1767174589.8412385,-6,0,-114
1767174589.8512385,-2,0,-121
1767174589.8612382,-3,-4,-123
1767174589.8712382,-1,-1,-129
1767174589.8812382,-1,2,-128
1767174589.8912382,-2,2,-125
1767174589.9012382,-1,3,-126
1767174589.9112382,-6,2,-139
1767174589.9212382,-4,0,-143
1767174589.9312382,0,-1,-144
1767174589.9412382,-1,0,-134
1767174589.9512382,-3,0,-127
1767174589.961238,-5,-1,-126
1767174589.971238,-4,0,-126
1767174589.981238,-7,-3,-120
1767174589.991238,-5,-3,-116
1767174590.001238,-4,1,-114
1767174590.011238,-6,1,-118
1767174590.021238,-2,3,-117
1767174590.031238,-6,5,-117
1767174590.041238,-7,0,-118
1767174590.051238,-4,0,-115
1767174590.061238,-7,-1,-115
1767174590.071238,-7,2,-121
1767174590.0812385,-4,0,-120
1767174590.0912385,-5,0,-125
1767174590.1012385,-3,2,-124
1767174590.1112382,-3,1,-125
1767174590.1212382,-3,2,-124
1767174590.1312382,-5,0,-126
1767174590.1412382,-8,-1,-134
1767174590.1512382,-7,-1,-122
1767174590.1612382,-2,2,-123
1767174590.1712382,-1,0,-118
1767174590.1812382,0,1,-117
1767174590.1912382,-1,1,-120
1767174590.2012382,4,4,-126
1767174590.211238,3,6,-127
1767174590.221238,1,3,-127
1767174590.231238,-2,3,-125
1767174590.241238,-4,2,-124
1767174590.251238,-4,2,-127
1767174590.261238,1,1,-123
1767174590.271238,2,0,-123
1767174590.281238,6,-1,-117
1767174590.291238,5,-1,-116
1767174590.301238,1,-1,-122
1767174590.311238,1,-2,-124
1767174590.321238,-3,0,-121
1767174590.3312385,-4,-1,-110
1767174590.3412385,-5,-4,-115
1767174590.3512385,0,0,-117
1767174590.3612382,-3,-1,-121
1767174590.3712382,-7,-3,-118
1767174590.3812382,-8,0,-117
1767174590.3912382,-7,0,-117
1767174590.4012382,-9,0,-120
1767174590.4112382,-7,-1,-122
1767174590.4212382,-4,-1,-118
1767174590.4312382,-1,0,-114
1767174590.4412382,-2,-1,-113
1767174590.4512382,0,0,-113
1767174590.461238,0,2,-116
1767174590.471238,4,1,-117
1767174590.481238,2,2,-112
1767174590.491238,2,3,-111
1767174590.501238,-1,2,-118
1767174590.511238,-1,-1,-116
1767174590.521238,-5,3,-121
1767174590.531238,-5,0,-117
1767174590.541238,-5,-4,-119
1767174590.551238,-4,-5,-117
1767174590.561238,-3,-2,-121
1767174590.571238,-3,1,-129
1767174590.5812385,-1,2,-127
1767174590.5912385,3,1,-121
1767174590.6012385,-1,-3,-120
1767174590.6112382,-5,0,-123
1767174590.6212382,-5,-1,-118
1767174590.6312382,-1,3,-119
1767174590.6412382,-2,2,-122
1767174590.6512382,0,0,-125
1767174590.6612382,0,-1,-130
1767174590.6712382,-4,0,-127
1767174590.6812382,-6,1,-123
1767174590.6912382,-4,4,-123
1767174590.7012382,-6,2,-115
1767174590.711238,-6,-2,-117
1767174590.721238,-9,-4,-120
1767174590.731238,-8,-4,-121
1767174590.741238,-4,-5,-124
1767174590.751238,-2,-3,-124
1767174590.761238,-5,-1,-120
1767174590.771238,-5,-3,-119
1767174590.781238,-4,-1,-115
1767174590.791238,-2,-5,-120
1767174590.801238,-5,-4,-119
1767174590.811238,2,-4,-118
1767174590.821238,4,-5,-121
1767174590.8312385,5,-2,-120
1767174590.8412385,3,-1,-119
1767174590.8512385,1,-4,-116
1767174590.8612382,-1,-5,-119
1767174590.8712382,-5,-3,-119
1767174590.8812382,-5,0,-115
1767174590.8912382,-3,-1,-114
1767174590.9012382,-1,0,-111
1767174590.9112382,-2,5,-115
1767174590.9212382,-1,6,-112
1767174590.9312382,-1,2,-113
1767174590.9412382,0,5,-117
1767174590.9512382,-2,7,-123
1767174590.961238,-5,3,-123
1767174590.971238,-2,7,-119
1767174590.981238,-4,4,-116
1767174590.991238,-6,5,-117
1767174591.001238,-9,3,-120
1767174591.011238,-13,1,-117
1767174591.021238,-7,0,-124
1767174591.031238,-1,-5,-129
1767174591.041238,0,-8,-132
1767174591.051238,5,-10,-129
1767174591.061238,1,-10,-129
1767174591.071238,0,-6,-127
1767174591.0812385,5,-2,-124
1767174591.0912385,-1,-4,-128
1767174591.1012385,-3,-10,-128
1767174591.1112382,-4,-4,-123
1767174591.1212382,-5,-2,-121
1767174591.1312382,-3,0,-120
1767174591.1412382,-4,-3,-116
1767174591.1512382,0,-5,-122
1767174591.1612382,3,-3,-126
1767174591.1712382,7,-1,-128
1767174591.1812382,12,0,-134
1767174591.1912382,10,4,-128
1767174591.2012382,5,6,-125
1767174591.211238,4,1,-132
1767174591.221238,2,-3,-133
1767174591.231238,1,-4,-137
1767174591.241238,0,1,-135
1767174591.251238,2,0,-137
1767174591.261238,1,0,-135
1767174591.271238,-6,1,-129
1767174591.281238,-7,0,-123
1767174591.291238,-11,0,-129
1767174591.301238,-10,-3,-131
1767174591.311238,-7,-4,-128
1767174591.321238,-7,-5,-129
1767174591.3312385,-7,-3,-126
1767174591.3412385,-9,-2,-121
1767174591.3512385,-7,-4,-125
1767174591.3612382,-3,-2,-123
1767174591.3712382,-9,0,-128
1767174591.3812382,-1,-3,-121
1767174591.3912382,0,-5,-117
1767174591.4012382,-3,-3,-117
1767174591.4112382,-2,-4,-118
1767174591.4212382,-3,0,-112
1767174591.4312382,0,0,-105
1767174591.4412382,2,-1,-107
1767174591.4512382,2,-2,-115
1767174591.461238,5,-3,-116
1767174591.471238,7,-2,-118
1767174591.481238,5,-1,-123
1767174591.491238,0,-1,-123
1767174591.501238,-3,-3,-124
1767174591.511238,0,1,-126
1767174591.521238,-1,2,-119
1767174591.531238,1,-3,-114
1767174591.541238,-1,-2,-111
1767174591.551238,3,0,-110
1767174591.561238,5,0,-112
1767174591.571238,4,-2,-114
1767174591.5812385,3,-2,-113
1767174591.5912385,2,0,-118
1767174591.6012385,-1,1,-119
1767174591.6112382,0,-2,-119
1767174591.6212382,3,-6,-129
1767174591.6312382,-3,-9,-127
1767174591.6412382,-6,-6,-128
1767174591.6512382,1,-7,-130
1767174591.6612382,0,-7,-128
1767174591.6712382,2,-4,-128
1767174591.6812382,3,-2,-135
1767174591.6912382,1,-3,-135
1767174591.7012382,-1,-1,-137
1767174591.711238,-5,3,-132
1767174591.721238,-11,0,-132
1767174591.731238,-11,2,-125
1767174591.741238,-4,0,-120
1767174591.751238,-4,-4,-119
1767174591.761238,-9,-3,-116
1767174591.771238,-10,-2,-119
1767174591.781238,-10,-6,-121
1767174591.791238,-9,-7,-132
1767174591.801238,-7,-3,-133
1767174591.811238,-4,-2,-123
1767174591.821238,-3,0,-120
1767174591.8312385,-4,2,-119
1767174591.8412385,-1,0,-119
1767174591.8512385,-1,0,-119
1767174591.8612382,-1,1,-120
1767174591.8712382,-1,7,-125
1767174591.8812382,-1,8,-130
1767174591.8912382,-4,2,-128
1767174591.9012382,-3,0,-127
1767174591.9112382,-1,-1,-131
1767174591.9212382,-6,0,-129
1767174591.9312382,-6,0,-128
1767174591.9412382,-4,-2,-122
1767174591.9512382,-2,0,-127
1767174591.961238,-2,0,-128
1767174591.971238,0,0,-131
1767174591.981238,2,2,-125
1767174591.991238,5,3,-123
1767174592.001238,2,2,-125
1767174592.011238,2,2,-124
1767174592.021238,3,0,-123
1767174592.031238,1,4,-117
1767174592.041238,2,3,-114
1767174592.051238,3,0,-110
1767174592.061238,3,2,-116
1767174592.071238,4,2,-112
1767174592.0812385,-1,2,-119
1767174592.0912385,0,0,-120
1767174592.1012385,4,-1,-114
1767174592.1112382,2,-3,-117
1767174592.1212382,1,-4,-116
1767174592.1312382,1,-6,-116
1767174592.1412382,3,-11,-114
1767174592.1512382,2,-11,-110
1767174592.1612382,1,-8,-117
1767174592.1712382,-1,-5,-119
1767174592.1812382,0,-5,-121
1767174592.1912382,5,-3,-124
1767174592.2012382,4,-2,-128
1767174592.211238,3,-4,-126
1767174592.221238,8,-5,-127
1767174592.231238,7,-7,-123
1767174592.241238,1,-6,-124
1767174592.251238,3,-8,-125
1767174592.261238,0,-2,-123
1767174592.271238,0,-1,-120
1767174592.281238,0,0,-124
1767174592.291238,4,-4,-118
1767174592.301238,4,-4,-125
1767174592.311238,3,-7,-128
1767174592.321238,-2,-4,-135
1767174592.3312385,-1,-2,-135
1767174592.3412385,-1,-4,-128
1767174592.3522382,0,-7,-128
1767174592.3612382,1,-9,-125
1767174592.3712382,0,-6,-128
1767174592.382238,-3,-6,-127
1767174592.392238,0,-10,-127
1767174592.402238,0,-6,-124
1767174592.412238,0,-2,-121
1767174592.422238,-5,0,-121
1767174592.432238,-3,5,-119
1767174592.442238,-1,6,-118
1767174592.452238,-1,2,-125
1767174592.462238,-1,2,-127
1767174592.472238,-1,4,-131
1767174592.482238,2,4,-126
1767174592.492238,-3,2,-122
1767174592.502238,0,0,-120
1767174592.5122385,2,0,-117
1767174592.5222385,2,0,-115
1767174592.5322382,3,-4,-115
1767174592.5422382,2,-4,-112
1767174592.5522382,4,-4,-109
1767174592.5622382,7,-3,-110
1767174592.5722382,3,-2,-113
1767174592.5822382,0,0,-116
1767174592.5922382,-1,0,-117
1767174592.6022382,0,-1,-121
1767174592.6122382,-5,-3,-119
1767174592.6222382,-5,-5,-123
1767174592.632238,1,-4,-130
1767174592.642238,0,-4,-127
1767174592.652238,0,-4,-127
1767174592.662238,0,-2,-125
1767174592.672238,0,0,-130
1767174592.682238,-4,-5,-126
1767174592.692238,-1,-7,-128
1767174592.702238,0,-8,-124
1767174592.712238,-1,-5,-122
1767174592.722238,-2,-9,-124
1767174592.732238,3,-10,-122
1767174592.742238,0,-6,-124
1767174592.752238,0,-8,-124
1767174592.7622385,0,-4,-126
1767174592.7722385,0,0,-122
1767174592.7822382,1,0,-124
1767174592.7922382,-1,1,-126
1767174592.8022382,-1,3,-128
1767174592.8122382,-6,0,-122
1767174592.8222382,0,-1,-116
1767174592.8322382,-1,0,-116
1767174592.8422382,-1,-1,-113
1767174592.8522382,-3,-3,-115
1767174592.8622382,-4,-4,-122
1767174592.8722382,-1,-3,-124
1767174592.882238,0,0,-123
1767174592.892238,-4,-6,-121
1767174592.902238,-4,-4,-119
1767174592.912238,-4,-2,-122
1767174592.922238,-7,0,-117
1767174592.932238,-10,1,-116
1767174592.942238,-9,4,-113
1767174592.952238,-5,4,-113
1767174592.962238,-4,3,-113
1767174592.972238,-1,5,-108
1767174592.982238,0,1,-107
1767174592.992238,1,1,-115
1767174593.002238,-2,1,-123
1767174593.0122385,2,4,-123
1767174593.0222385,-1,0,-127
1767174593.0322382,0,1,-124
1767174593.0422382,1,-3,-114
1767174593.0522382,3,-2,-112
1767174593.0622382,3,-8,-115
1767174593.0722382,3,-9,-116
1767174593.0822382,2,-8,-115
1767174593.0922382,1,-2,-121
1767174593.1022382,2,-1,-126
1767174593.1122382,1,-5,-128
1767174593.1222382,0,-5,-128
1767174593.132238,-1,-5,-121
1767174593.142238,-4,-3,-122
1767174593.152238,-5,-7,-122
1767174593.162238,-4,-4,-114
1767174593.172238,-2,-4,-113
1767174593.182238,0,-2,-116
1767174593.192238,0,-6,-121
1767174593.202238,-3,-5,-122
1767174593.212238,0,-6,-124
1767174593.222238,0,-1,-121
1767174593.232238,3,-2,-124
1767174593.242238,-1,-1,-119
1767174593.252238,0,-2,-112
1767174593.2622385,1,0,-120
1767174593.2722385,-1,0,-125
1767174593.2822382,0,0,-121
1767174593.2922382,-2,3,-122
1767174593.3022382,-3,4,-127
1767174593.3122382,-4,2,-126
1767174593.3222382,-3,2,-122
1767174593.3322382,-3,4,-123
1767174593.3422382,-8,13,-125
1767174593.3522382,-12,7,-129
1767174593.3622382,-9,6,-125
1767174593.3722382,-5,3,-120
1767174593.382238,-3,0,-125
1767174593.392238,-4,2,-125
1767174593.402238,-5,2,-124
1767174593.412238,-2,0,-121
1767174593.422238,-3,-1,-116
1767174593.432238,-5,-6,-114
1767174593.442238,0,0,-114
1767174593.452238,6,3,-115
1767174593.462238,3,2,-118
1767174593.472238,3,0,-121
1767174593.482238,4,0,-124
1767174593.492238,9,1,-129
1767174593.502238,3,4,-126
1767174593.5122385,4,3,-123
1767174593.5222385,-1,0,-126
1767174593.5322382,-6,-4,-122
1767174593.5532382,-1,-10,-123
1767174593.5622382,1,-8,-122
1767174593.5722382,1,-3,-127
1767174593.5822382,3,-4,-128
1767174593.5922382,0,-1,-127
1767174593.6022382,0,-1,-124
1767174593.6122382,0,0,-124
1767174593.6222382,-1,-2,-124
1767174593.632238,-1,-2,-127
1767174593.642238,0,-5,-123
1767174593.652238,-1,-5,-127
1767174593.662238,0,-8,-125
1767174593.672238,-3,-8,-123
1767174593.682238,-4,-10,-118
1767174593.692238,-6,-15,-111
1767174593.702238,-10,-9,-111
1767174593.712238,-11,-8,-113
1767174593.722238,-12,-4,-115
1767174593.732238,-10,-5,-115
1767174593.742238,-11,-5,-120
1767174593.752238,-6,-1,-122
1767174593.7622385,0,0,-120
1767174593.7722385,-1,0,-122
1767174593.7822382,-3,-1,-119
1767174593.7922382,1,-3,-114
1767174593.8022382,0,-2,-117
1767174593.8122382,0,-2,-127
1767174593.8222382,-5,-2,-126
1767174593.8322382,-2,-2,-128
1767174593.8422382,-4,-1,-123
1767174593.8522382,3,0,-122
1767174593.8622382,-1,3,-116
1767174593.8722382,-4,4,-111
1767174593.882238,-2,1,-112
1767174593.892238,-1,1,-120
1767174593.902238,0,0,-120
1767174593.912238,6,0,-120
1767174593.922238,3,2,-120
1767174593.932238,0,2,-123
1767174593.942238,3,0,-121
1767174593.952238,1,0,-119
1767174593.962238,1,0,-122
1767174593.972238,4,0,-123
1767174593.982238,1,-3,-123
1767174593.992238,0,-3,-124
1767174594.002238,-2,-4,-123
1767174594.0122385,0,-6,-121
1767174594.0222385,4,-4,-120
1767174594.0322382,0,0,-120
1767174594.0422382,-2,-1,-116
1767174594.0522382,-1,-4,-117
1767174594.0622382,3,-4,-115
1767174594.0722382,0,-4,-118
1767174594.0822382,-1,-1,-120
1767174594.0922382,-3,4,-124
1767174594.1022382,-2,6,-122
1767174594.1122382,0,8,-114
1767174594.1222382,1,8,-110
1767174594.132238,4,2,-113
1767174594.142238,4,1,-115
1767174594.152238,2,3,-109
1767174594.162238,0,4,-110
1767174594.172238,-1,6,-108
1767174594.182238,0,4,-106
1767174594.192238,-2,0,-109
1767174594.202238,0,-5,-111
1767174594.212238,-2,-6,-114
1767174594.222238,-4,-7,-114
1767174594.232238,-6,-5,-116
1767174594.242238,-4,-2,-121
1767174594.252238,-4,1,-117
1767174594.2622385,-2,-2,-118
1767174594.2722385,2,-3,-125
1767174594.2822382,7,-7,-127
1767174594.2922382,4,-5,-126
1767174594.3022382,5,0,-130
1767174594.3122382,7,-1,-131
1767174594.3222382,3,-2,-131
1767174594.3322382,2,0,-131
1767174594.3422382,1,3,-132
1767174594.3522382,4,0,-130
1767174594.3622382,8,-3,-124
1767174594.3722382,8,-2,-123
1767174594.382238,5,3,-121
1767174594.392238,-2,1,-125
1767174594.402238,0,0,-115
1767174594.412238,-4,0,-115
1767174594.422238,-3,0,-121
1767174594.432238,-2,2,-116
1767174594.442238,-1,0,-123
1767174594.452238,0,-2,-125
1767174594.462238,-3,-4,-128
1767174594.472238,-1,1,-128
1767174594.482238,0,1,-119
1767174594.492238,-1,0,-112
1767174594.502238,-3,0,-116
1767174594.5122385,-1,5,-120
1767174594.5222385,-1,8,-125
1767174594.5322382,-4,8,-121
1767174594.5422382,-1,7,-116
1767174594.5522382,1,7,-115
1767174594.5622382,2,0,-123
1767174594.5722382,0,1,-129
1767174594.5822382,0,0,-125
1767174594.5922382,5,1,-117
1767174594.6022382,0,3,-126
1767174594.6122382,0,1,-127
1767174594.6222382,2,6,-124
1767174594.632238,2,6,-124
1767174594.642238,-6,5,-126
1767174594.652238,-13,3,-124
1767174594.662238,-9,2,-119
1767174594.672238,-4,2,-121
1767174594.682238,-3,3,-120
1767174594.692238,1,2,-127
1767174594.702238,1,1,-123
1767174594.712238,-2,3,-123
1767174594.722238,2,3,-123
1767174594.732238,3,5,-127
1767174594.742238,1,0,-124
1767174594.752238,4,0,-118
1767174594.7622385,1,-1,-120
1767174594.7722385,-2,1,-121
1767174594.7822382,-5,0,-116
1767174594.7922382,-4,-2,-119
1767174594.8022382,-4,0,-120
1767174594.8122382,-8,0,-122
1767174594.8222382,-9,2,-122
1767174594.8322382,-2,-1,-120
1767174594.8422382,0,-1,-121
1767174594.8522382,1,-3,-117
1767174594.8622382,2,-3,-121
1767174594.8722382,1,0,-123
1767174594.882238,1,-1,-120
1767174594.892238,4,-4,-119
1767174594.902238,7,-2,-118
1767174594.912238,6,-6,-117
1767174594.922238,0,-8,-115
1767174594.932238,-5,-7,-117
1767174594.942238,-7,-7,-119
1767174594.952238,-5,-2,-118
1767174594.962238,-6,-2,-118
1767174594.972238,-9,0,-118
1767174594.982238,-5,-6,-110
1767174594.9932382,-2,-8,-116
1767174595.002238,-8,-11,-116
1767174595.0122385,-12,-11,-122
1767174595.0222385,-10,-10,-117
1767174595.0322382,-8,-13,-116
1767174595.0432382,-8,-12,-118
1767174595.0522382,-4,-11,-121
1767174595.063238,-5,-9,-128
1767174595.073238,1,-8,-122
1767174595.083238,0,-8,-113
1767174595.093238,0,-11,-110
1767174595.103238,0,-6,-116
1767174595.113238,3,-5,-118
1767174595.123238,2,-3,-122
1767174595.133238,0,-4,-119
1767174595.143238,-1,-9,-118
1767174595.153238,0,-9,-119
1767174595.163238,2,-7,-117
1767174595.173238,1,-5,-119
1767174595.1832385,2,-8,-120
1767174595.1932385,1,-11,-129
1767174595.2032382,0,-11,-131
1767174595.2132382,5,-11,-127
1767174595.2232382,5,-10,-130
1767174595.2332382,5,-6,-132
1767174595.2432382,2,-4,-133
1767174595.2532382,3,-1,-131
1767174595.2632382,3,0,-129
1767174595.2732382,-1,-2,-126
1767174595.2832382,-1,-2,-123
1767174595.2932382,-5,0,-122
1767174595.3032382,-5,0,-124
1767174595.313238,0,0,-129
1767174595.323238,0,2,-123
1767174595.333238,3,5,-123
1767174595.343238,4,4,-124
1767174595.353238,5,1,-124
1767174595.363238,2,-1,-123
1767174595.373238,3,-2,-125
1767174595.383238,10,0,-124
1767174595.393238,10,0,-127
1767174595.403238,9,2,-130
1767174595.413238,8,0,-127
1767174595.423238,0,0,-129
1767174595.4332385,0,0,-122
1767174595.4432385,-1,0,-120
1767174595.4532382,-4,0,-114
1767174595.4632382,-2,-3,-117
1767174595.4732382,2,-1,-121
1767174595.4832382,1,0,-116
1767174595.4932382,4,-3,-121
1767174595.5032382,3,-4,-117
1767174595.5132382,6,0,-124
1767174595.5232382,0,-2,-126
1767174595.5332382,-2,0,-119
1767174595.5432382,-5,-1,-124
1767174595.5532382,-7,-2,-123
1767174595.563238,-8,1,-128
1767174595.573238,-3,1,-125
1767174595.583238,2,0,-126
1767174595.593238,4,-2,-129
1767174595.603238,2,-4,-132
1767174595.613238,1,-5,-134
1767174595.623238,-1,-4,-125
1767174595.633238,5,0,-123
1767174595.643238,5,0,-123
1767174595.653238,4,0,-123
1767174595.663238,0,-2,-119
1767174595.673238,1,-2,-111
1767174595.6832385,6,-8,-112
1767174595.6932385,2,-4,-116
1767174595.7032382,4,-1,-119
1767174595.7132382,1,-1,-120
1767174595.7232382,0,-5,-124
1767174595.7332382,3,-2,-130
1767174595.7432382,5,-3,-127
1767174595.7532382,5,-7,-120
1767174595.7632382,4,-5,-113
1767174595.7732382,2,-6,-119
1767174595.7832382,3,-7,-112
1767174595.7932382,1,-9,-112
1767174595.8032382,7,-6,-114
1767174595.813238,8,-4,-122
1767174595.823238,5,-3,-123
1767174595.833238,5,-2,-118
1767174595.843238,5,-1,-117
1767174595.853238,4,-5,-118
1767174595.863238,5,-2,-124
1767174595.873238,3,0,-121
1767174595.883238,0,0,-124
1767174595.893238,-2,-2,-120
1767174595.903238,1,-4,-116
1767174595.913238,3,0,-118
1767174595.923238,-1,3,-119
1767174595.9332385,-3,0,-117
1767174595.9432385,-10,-1,-109
1767174595.9532382,-8,0,-110
1767174595.9632382,0,3,-115
1767174595.9732382,2,4,-120
1767174595.9832382,-2,2,-128
1767174595.9932382,-5,2,-124
1767174596.0032382,-6,-2,-123
1767174596.0132382,-9,-2,-122
1767174596.0232382,-10,-3,-123
1767174596.0332382,0,-2,-120
1767174596.0432382,-1,-10,-133
1767174596.0532382,-1,-6,-132
1767174596.063238,-1,-4,-132
1767174596.073238,2,-1,-133
1767174596.083238,0,-4,-133
1767174596.093238,2,-6,-131
1767174596.103238,4,-6,-131
1767174596.113238,0,-3,-122
1767174596.123238,2,-3,-124
1767174596.133238,4,-4,-130
1767174596.143238,2,-5,-127
1767174596.153238,0,-5,-126
1767174596.163238,4,-4,-126
1767174596.173238,-2,-4,-123
1767174596.1832385,-2,-2,-128
1767174596.1932385,-3,-4,-125
1767174596.2032382,-5,-4,-120
1767174596.2132382,-4,-5,-122
1767174596.2232382,-1,-4,-122
1767174596.234238,-1,0,-124
1767174596.2432382,-3,-3,-120
1767174596.2532382,0,-6,-120
1767174596.2632382,-2,-6,-115
1767174596.2732382,-6,-7,-111
1767174596.2832382,-8,-5,-113
1767174596.2932382,-7,-4,-117
1767174596.3032382,-9,-6,-118
1767174596.313238,-7,-9,-117
1767174596.323238,-4,-9,-120
1767174596.333238,-6,-5,-124
1767174596.343238,-3,-5,-123
1767174596.353238,-8,-5,-123
1767174596.363238,-5,-9,-122
1767174596.373238,-6,-8,-122
1767174596.383238,-2,-7,-127
1767174596.393238,0,-4,-124
1767174596.403238,-3,-3,-126
1767174596.413238,-4,-7,-124
1767174596.423238,-1,-6,-120
1767174596.4332385,-3,0,-118
1767174596.4432385,-2,3,-121
1767174596.4532382,-4,4,-128
1767174596.4632382,-6,3,-124
1767174596.4732382,-2,1,-124
1767174596.4832382,0,4,-116
1767174596.4932382,5,0,-118
1767174596.5032382,3,-1,-118
1767174596.5132382,2,-3,-117
1767174596.5232382,1,2,-117
1767174596.5332382,-5,1,-117
1767174596.5432382,-4,-2,-117
1767174596.5532382,-1,-6,-119
1767174596.563238,0,-4,-125
1767174596.573238,0,-1,-125
1767174596.583238,0,0,-125
1767174596.593238,2,4,-130
1767174596.603238,0,5,-129
1767174596.613238,1,2,-126
1767174596.623238,2,3,-119
1767174596.633238,5,3,-121
1767174596.643238,0,1,-125
1767174596.653238,9,4,-128
1767174596.663238,10,6,-128
1767174596.673238,8,5,-127
1767174596.6832385,8,8,-123
1767174596.6932385,4,8,-119
1767174596.7032382,7,5,-119
1767174596.7132382,8,0,-119
1767174596.7232382,7,2,-120
1767174596.7332382,4,5,-116
1767174596.7432382,3,2,-111
1767174596.7532382,0,4,-113
1767174596.7632382,1,2,-109
1767174596.7732382,1,-2,-113
1767174596.7832382,6,-5,-111
1767174596.7932382,9,-3,-115
1767174596.8032382,9,-3,-119
1767174596.813238,2,-5,-123
1767174596.823238,-1,-8,-123
1767174596.833238,0,-9,-122
1767174596.843238,-3,-2,-127
1767174596.853238,4,-4,-129
1767174596.863238,3,-5,-125
1767174596.873238,2,-2,-119
1767174596.883238,5,-5,-125
1767174596.893238,4,-5,-120
1767174596.903238,2,-3,-122
1767174596.913238,0,0,-120
1767174596.923238,0,-3,-121
1767174596.9332385,0,-3,-124
1767174596.9432385,0,0,-119
1767174596.9532382,0,0,-119
1767174596.9632382,0,-1,-121
1767174596.9732382,-2,-5,-121
1767174596.9832382,-2,-1,-117
1767174596.9932382,3,-3,-120
1767174597.0032382,0,-4,-121
1767174597.0132382,2,-2,-119
1767174597.0232382,4,-3,-124
1767174597.0332382,1,0,-121
1767174597.0432382,-3,-1,-121
1767174597.0532382,-3,-3,-118
1767174597.063238,1,0,-117
1767174597.073238,-2,-1,-115
1767174597.083238,-2,-1,-119
1767174597.093238,1,2,-123
1767174597.103238,1,0,-124
1767174597.113238,2,3,-129
1767174597.123238,3,1,-130
1767174597.133238,2,-1,-129
1767174597.143238,0,-3,-123
1767174597.153238,1,-4,-125
1767174597.163238,0,-10,-121
1767174597.173238,2,-8,-119
1767174597.1832385,2,-11,-125
1767174597.1932385,5,-8,-128
1767174597.2032382,0,-6,-118
1767174597.2132382,1,-5,-121
1767174597.2232382,0,-6,-118
1767174597.2332382,4,-8,-123
1767174597.2432382,1,-3,-118
1767174597.2532382,4,-2,-115
1767174597.2632382,4,0,-118
1767174597.2732382,2,-3,-116
1767174597.2832382,6,0,-114
1767174597.2932382,3,1,-114
1767174597.3032382,7,1,-119
1767174597.313238,4,2,-121
1767174597.323238,1,-1,-125
1767174597.333238,1,0,-129
1767174597.343238,4,0,-137
1767174597.353238,8,-1,-137
1767174597.363238,7,0,-130
1767174597.373238,2,0,-127
1767174597.383238,2,4,-120
1767174597.393238,4,4,-124
1767174597.403238,2,3,-126
1767174597.413238,2,1,-127
1767174597.423238,-4,4,-135
1767174597.4332385,-4,2,-135
1767174597.4432385,-4,3,-128
1767174597.4532382,-2,2,-126
1767174597.4632382,-7,2,-124
1767174597.4732382,-6,-1,-124
1767174597.4832382,0,1,-126
1767174597.4932382,2,-3,-127
1767174597.5032382,1,-5,-125
1767174597.5132382,-1,-6,-121
1767174597.5232382,2,-4,-128
1767174597.5332382,-2,-2,-126
1767174597.5432382,-1,-1,-120
1767174597.5532382,0,0,-116
1767174597.563238,-2,1,-114
1767174597.573238,-1,0,-115
1767174597.583238,-4,-6,-115
1767174597.593238,-1,-5,-120
1767174597.603238,-1,-1,-121
1767174597.613238,-2,-3,-115
1767174597.623238,1,0,-115
1767174597.633238,1,-2,-116
1767174597.643238,-2,-4,-118
1767174597.653238,-3,-4,-121
1767174597.663238,-1,-2,-122
1767174597.673238,1,-5,-124
1767174597.6832385,0,-5,-123
1767174597.6942382,1,-8,-115
1767174597.7042382,3,-9,-115
1767174597.7142382,8,-8,-123
1767174597.7242382,13,-4,-130
1767174597.734238,13,-2,-133
1767174597.744238,8,-5,-131
1767174597.754238,9,-6,-128
1767174597.764238,6,-6,-129
1767174597.774238,7,-5,-127
1767174597.784238,4,-2,-127
1767174597.794238,0,-3,-126
1767174597.804238,2,1,-122
1767174597.814238,-1,3,-121
1767174597.824238,2,0,-127
1767174597.834238,-1,0,-123
1767174597.844238,0,3,-122
1767174597.8542385,-1,7,-128
1767174597.8642385,-2,6,-123
1767174597.8742385,-4,2,-123
1767174597.8842382,-2,3,-119
1767174597.8942382,2,3,-121
1767174597.9042382,4,3,-118
1767174597.9142382,-4,0,-121
1767174597.9242382,-6,2,-121
1767174597.9342382,-5,0,-125
1767174597.9442382,-5,0,-125
1767174597.9542382,-9,3,-121
1767174597.9642382,-7,1,-118
1767174597.9742382,-3,5,-122
1767174597.984238,1,1,-125
1767174597.994238,2,0,-123
1767174598.004238,2,1,-127
1767174598.014238,4,2,-125
1767174598.024238,2,2,-129
1767174598.034238,5,2,-126
1767174598.044238,3,1,-121
1767174598.054238,4,-4,-122
1767174598.064238,5,-6,-121
1767174598.074238,-1,-8,-114
1767174598.084238,-3,-4,-112
1767174598.094238,-1,-8,-114
1767174598.1042385,0,-8,-112
1767174598.1142385,-1,-3,-110
1767174598.1242385,-2,-6,-108
1767174598.1342382,-4,-6,-116
1767174598.1442382,1,-4,-111
1767174598.1542382,1,-3,-111
1767174598.1642382,1,-5,-108
1767174598.1742382,2,-5,-113
1767174598.1842382,4,-2,-115
1767174598.1942382,4,0,-121
1767174598.2042382,0,-2,-126
1767174598.2142382,2,-1,-120
1767174598.2242382,1,-2,-116
1767174598.234238,0,1,-112
1767174598.244238,-4,3,-115
1767174598.254238,-7,2,-120
1767174598.264238,-6,0,-121
1767174598.274238,-7,0,-120
1767174598.284238,-4,-2,-122
1767174598.294238,0,-5,-125
1767174598.304238,-5,0,-122
1767174598.314238,-5,0,-120
1767174598.324238,-6,-2,-121
1767174598.334238,-6,-3,-123
1767174598.344238,-4,-2,-121
1767174598.3542385,1,-1,-124
1767174598.3642385,-1,2,-122
1767174598.3742385,0,1,-118
1767174598.3842382,1,0,-118
1767174598.3942382,2,-1,-118
1767174598.4042382,0,-5,-117
1767174598.4142382,-3,-5,-115
1767174598.4242382,1,-5,-118
1767174598.4342382,-2,-4,-115
1767174598.4442382,-2,-4,-116
1767174598.4542382,0,-3,-119
1767174598.4642382,-1,-6,-120
1767174598.4742382,-1,-4,-121
1767174598.484238,-1,-2,-124
1767174598.494238,-5,-3,-121
1767174598.504238,-7,-4,-127
1767174598.514238,-5,-2,-126
1767174598.524238,0,0,-122
1767174598.534238,0,-2,-125
1767174598.544238,-5,-4,-132
1767174598.5652382,-8,0,-129
1767174598.574238,-6,0,-132
1767174598.584238,-1,1,-124
1767174598.594238,0,0,-127
1767174598.6042385,3,3,-125
1767174598.6142385,1,3,-130
1767174598.6242385,1,3,-125
1767174598.6342382,4,1,-123
1767174598.6442382,1,0,-126
1767174598.6542382,1,0,-126
1767174598.6642382,0,-1,-125
1767174598.6742382,1,0,-121
1767174598.6842382,1,1,-118
1767174598.6942382,0,0,-115
1767174598.7042382,0,0,-121
1767174598.7142382,-2,1,-131
1767174598.7242382,0,5,-127
1767174598.734238,-2,3,-125
1767174598.744238,-1,4,-118
1767174598.754238,-4,3,-126
1767174598.764238,-4,2,-120
1767174598.774238,-5,0,-116
1767174598.784238,-8,0,-113
1767174598.794238,-5,-3,-111
1767174598.804238,-3,-6,-114
1767174598.814238,-4,-7,-115
1767174598.824238,-4,-4,-115
1767174598.834238,0,-8,-121
1767174598.844238,0,-3,-119
1767174598.8542385,0,0,-119
1767174598.8642385,0,1,-120
1767174598.8742385,0,-2,-121
1767174598.8842382,-3,-5,-113
1767174598.8942382,-5,-7,-119
1767174598.9042382,-5,-7,-123
1767174598.9142382,-5,-4,-131
1767174598.9242382,-1,0,-129
1767174598.9342382,1,0,-114
1767174598.9442382,1,0,-112
1767174598.9542382,3,1,-113
1767174598.9642382,6,-4,-105
1767174598.9742382,5,-2,-112
1767174598.984238,8,-6,-120
1767174598.994238,3,-5,-121
1767174599.004238,3,-3,-119
1767174599.014238,2,-1,-118
1767174599.024238,1,0,-115
1767174599.034238,3,2,-116
1767174599.044238,0,5,-125
1767174599.054238,-1,4,-121
1767174599.064238,1,-2,-119
1767174599.074238,4,-5,-121
1767174599.084238,0,-2,-121
1767174599.094238,4,-2,-112
1767174599.1042385,4,2,-112
1767174599.1142385,3,0,-115
1767174599.1242385,0,0,-127
1767174599.1342382,-3,0,-125
1767174599.1442382,-2,4,-123
1767174599.1542382,0,4,-123
1767174599.1642382,4,1,-119
1767174599.1742382,-1,3,-112
1767174599.1842382,1,2,-107
1767174599.1942382,-1,-3,-106
1767174599.2042382,0,-5,-109
1767174599.2142382,0,-4,-109
1767174599.2242382,2,-3,-114
1767174599.234238,-6,-2,-115
1767174599.244238,-9,0,-117
1767174599.254238,-10,1,-120
1767174599.264238,-8,1,-128
1767174599.274238,-4,3,-130
1767174599.284238,-5,0,-126
1767174599.294238,-2,0,-124
1767174599.304238,-4,1,-129
1767174599.314238,0,-1,-132
1767174599.324238,3,0,-130
1767174599.334238,4,0,-126
1767174599.344238,4,-2,-112
1767174599.3542385,2,-2,-116
1767174599.3642385,0,-2,-120
1767174599.3742385,0,0,-124
1767174599.3842382,2,2,-118
1767174599.3942382,0,5,-120
1767174599.4042382,1,4,-113
1767174599.4142382,5,3,-104
1767174599.4242382,3,-1,-98
1767174599.4342382,2,-3,-101
1767174599.4442382,1,-9,-104
1767174599.4542382,0,-10,-100
1767174599.4642382,2,-6,-102
1767174599.4742382,4,-5,-101
1767174599.484238,-1,0,-102
1767174599.494238,-2,0,-112
1767174599.504238,-4,-2,-112
1767174599.514238,-8,-6,-120
1767174599.524238,-2,-1,-115
1767174599.534238,0,-1,-110
1767174599.544238,0,-1,-104
1767174599.554238,-1,-1,-101
1767174599.564238,-1,0,-100
1767174599.574238,-1,0,-107
1767174599.584238,-1,5,-113
1767174599.594238,-2,2,-116
1767174599.6042385,-2,0,-116
1767174599.6142385,-4,2,-119
1767174599.6242385,-5,4,-120
1767174599.6342382,-4,3,-127
1767174599.6442382,-5,1,-125
1767174599.6542382,-2,0,-131
1767174599.6642382,-2,2,-135
1767174599.6742382,-3,1,-127
1767174599.6842382,-1,1,-121
1767174599.6942382,1,0,-114
1767174599.7042382,1,-1,-119
1767174599.7142382,5,-2,-116
1767174599.7242382,3,-2,-115
1767174599.734238,4,2,-121
1767174599.744238,0,4,-121
1767174599.754238,3,6,-127
1767174599.764238,4,7,-129
1767174599.774238,8,5,-127
1767174599.784238,7,1,-128
1767174599.794238,4,-1,-122
1767174599.804238,5,-4,-118
1767174599.814238,4,-5,-127
1767174599.824238,3,-4,-123
1767174599.834238,4,-4,-116
1767174599.844238,3,-1,-115
1767174599.8542385,1,-1,-118
1767174599.8642385,2,-3,-121
1767174599.8742385,0,-1,-124
1767174599.8842382,1,-5,-117
1767174599.8942382,-3,-6,-120
1767174599.9042382,-1,-3,-117
1767174599.9142382,-3,-3,-109
1767174599.9242382,-7,0,-107
1767174599.9342382,-8,2,-103
1767174599.9442382,-4,3,-113
1767174599.9542382,0,0,-112
1767174599.9642382,-3,2,-110
1767174599.9742382,1,-3,-120
1767174599.984238,0,0,-123
1767174599.994238,0,1,-121
1767174600.004238,1,2,-119
1767174600.014238,0,0,-119
1767174600.024238,-3,0,-114
1767174600.034238,-1,-2,-122
1767174600.044238,4,0,-121
1767174600.054238,5,0,-125
1767174600.064238,3,-1,-123
1767174600.074238,0,-4,-121
1767174600.084238,-1,-2,-122
1767174600.094238,-5,-1,-117
1767174600.1042385,-2,-4,-113
1767174600.1142385,-5,-6,-109
1767174600.1242385,-5,-4,-117
1767174600.1342382,-5,0,-121
1767174600.1442382,2,-1,-115
1767174600.1542382,6,-4,-119
1767174600.1642382,7,-4,-119
1767174600.1742382,5,-5,-122
1767174600.1842382,4,-4,-120
1767174600.1942382,3,-3,-124
1767174600.2042382,1,0,-123
1767174600.2142382,4,-2,-116
1767174600.2242382,5,0,-109
1767174600.234238,-1,0,-118
1767174600.244238,-2,1,-119
1767174600.254238,-6,0,-115
1767174600.264238,-9,-1,-113
1767174600.274238,-12,1,-112
1767174600.284238,-11,1,-115
1767174600.294238,-7,0,-112
1767174600.304238,-4,-3,-115
1767174600.314238,-2,-4,-114
1767174600.324238,-3,-2,-117
1767174600.334238,0,0,-115
1767174600.344238,2,-4,-126
1767174600.3552382,1,-4,-125
1767174600.3642385,0,-2,-126
1767174600.3752382,5,-2,-125
1767174600.3852382,4,1,-122
1767174600.3952382,3,2,-117
1767174600.4052382,7,-3,-119
1767174600.415238,3,0,-119
1767174600.425238,2,-1,-113
1767174600.435238,4,0,-114
1767174600.445238,5,2,-116
1767174600.455238,7,4,-114
1767174600.465238,5,3,-117
1767174600.475238,1,3,-118
1767174600.485238,-2,8,-118
1767174600.495238,-5,6,-118
1767174600.505238,-8,2,-114
1767174600.515238,-10,0,-120
1767174600.525238,-5,-1,-124
1767174600.5352385,-3,1,-119
1767174600.5452385,-3,0,-117
1767174600.5552382,-3,2,-114
1767174600.5652382,-6,0,-113
1767174600.5752382,-7,0,-109
1767174600.5852382,-5,0,-114
1767174600.5952382,0,-4,-120
1767174600.6052382,-3,-5,-122
1767174600.6152382,2,-5,-127
1767174600.6252382,3,-3,-129
1767174600.6352382,0,-1,-126
1767174600.6452382,2,3,-122
1767174600.6552382,2,10,-125
1767174600.665238,3,7,-119
1767174600.675238,3,7,-112
1767174600.685238,6,8,-116
1767174600.695238,5,4,-116
1767174600.705238,1,3,-116
1767174600.715238,0,1,-119
1767174600.725238,0,0,-120
1767174600.735238,1,0,-124
1767174600.745238,1,0,-121
1767174600.755238,-1,-1,-118
1767174600.765238,-3,-2,-122
1767174600.775238,-4,-2,-129
1767174600.7852385,-1,-2,-128
1767174600.7952385,-5,-5,-135
1767174600.8052382,0,-4,-131
1767174600.8152382,0,-2,-130
1767174600.8252382,-2,-3,-134
1767174600.8352382,-4,0,-134
1767174600.8452382,0,0,-135
1767174600.8552382,1,2,-134
1767174600.8652382,5,3,-124
1767174600.8752382,4,2,-121
1767174600.8852382,0,5,-125
1767174600.8952382,0,0,-130
1767174600.9052382,0,1,-129
1767174600.915238,0,1,-137
1767174600.925238,0,2,-136
1767174600.935238,0,4,-140
1767174600.945238,-2,1,-131
1767174600.955238,0,-2,-121
1767174600.965238,0,-4,-121
1767174600.975238,-1,-3,-116
1767174600.985238,0,-2,-124
1767174600.995238,-3,-3,-125
1767174601.005238,-2,0,-121
1767174601.015238,0,-4,-119
1767174601.025238,2,-2,-128
1767174601.0352385,1,-1,-125
1767174601.0452385,0,0,-121
1767174601.0552382,0,-4,-123
1767174601.0652382,-5,-5,-127
1767174601.0752382,-3,-4,-125
1767174601.0852382,-5,-1,-122
1767174601.0952382,-3,2,-131
1767174601.1052382,-6,0,-127
1767174601.1152382,-7,-2,-129
1767174601.1252382,-6,-2,-124
1767174601.1352382,-6,0,-126
1767174601.1452382,-5,-4,-134
1767174601.1552382,-1,-7,-135
1767174601.165238,0,-4,-130
1767174601.175238,4,-4,-131
1767174601.185238,4,0,-128
1767174601.195238,3,0,-121
1767174601.205238,0,1,-124
1767174601.215238,1,-1,-125
1767174601.225238,3,-3,-126
1767174601.235238,2,-2,-129
1767174601.245238,0,-1,-127
1767174601.255238,2,-2,-120
1767174601.265238,2,-1,-121
1767174601.275238,-2,-2,-122
1767174601.2852385,-3,-6,-124
1767174601.2952385,-4,-4,-115
1767174601.3052382,-5,-4,-119
1767174601.3152382,-6,0,-121
1767174601.3252382,-2,0,-122
1767174601.3352382,-1,4,-118
1767174601.3452382,0,3,-123
1767174601.3552382,-1,2,-128
1767174601.3652382,0,-2,-129
1767174601.3752382,1,0,-132
1767174601.3852382,-2,0,-127
1767174601.3952382,-1,-1,-120
1767174601.4052382,1,0,-115
1767174601.415238,-5,6,-114
1767174601.425238,-6,5,-114
1767174601.435238,-5,5,-115
1767174601.445238,-7,1,-116
1767174601.455238,-3,2,-114
1767174601.465238,0,4,-113
1767174601.475238,0,1,-117
1767174601.485238,-3,0,-115
1767174601.495238,1,-2,-115
1767174601.505238,1,-1,-110
1767174601.515238,0,-4,-110
1767174601.525238,2,-4,-115
1767174601.5352385,0,-8,-126
1767174601.5452385,0,-10,-126
1767174601.5552382,0,-7,-124
1767174601.5652382,2,-5,-116
1767174601.5752382,9,-3,-113
1767174601.5852382,8,-4,-114
1767174601.5952382,3,-4,-119
1767174601.6052382,0,-2,-117
1767174601.6152382,-2,0,-114
1767174601.6252382,1,1,-110
1767174601.6352382,0,-3,-108
1767174601.6452382,0,-3,-113
1767174601.6552382,-2,-2,-115
1767174601.665238,0,-2,-120
1767174601.675238,0,-4,-118
1767174601.685238,1,-1,-117
1767174601.695238,-1,-1,-116
1767174601.705238,1,-5,-119
1767174601.715238,-1,-8,-118
1767174601.725238,0,-6,-125
1767174601.735238,0,-4,-128
1767174601.745238,0,-1,-119
1767174601.755238,-2,0,-121
1767174601.765238,-3,-3,-118
1767174601.775238,-1,-2,-117
1767174601.7852385,1,-2,-114
1767174601.7952385,-1,-2,-117
1767174601.8052382,-1,0,-121
1767174601.8152382,0,2,-123
1767174601.8252382,3,1,-114
1767174601.8352382,0,3,-116
1767174601.8452382,0,4,-119
1767174601.8552382,-2,3,-119
1767174601.8652382,0,3,-127
1767174601.8752382,-1,2,-132
1767174601.8852382,-4,0,-126
1767174601.8952382,-4,-2,-126
1767174601.9052382,1,-6,-112
1767174601.915238,0,-3,-106
1767174601.925238,-2,-2,-110
1767174601.935238,-4,0,-112
1767174601.945238,-1,-2,-114
1767174601.955238,-7,-1,-108
1767174601.965238,-3,-3,-105
1767174601.975238,0,-3,-111
1767174601.985238,2,0,-112
1767174601.995238,-1,2,-117
1767174602.005238,-1,0,-122
1767174602.015238,-1,0,-123
1767174602.025238,-1,0,-120
1767174602.0352385,-3,2,-125
1767174602.0452385,-4,0,-129
1767174602.0552382,0,2,-125
1767174602.0652382,4,-1,-119
1767174602.0752382,-1,-3,-126
1767174602.0852382,0,-3,-122
1767174602.0952382,2,-3,-119
1767174602.1052382,4,-4,-117
1767174602.1152382,2,1,-119
1767174602.1252382,0,2,-122
1767174602.1352382,0,4,-119
1767174602.1452382,2,5,-116
1767174602.1552382,5,6,-116
1767174602.165238,9,11,-121
1767174602.175238,7,9,-123
1767174602.185238,9,6,-120
1767174602.195238,8,9,-114
1767174602.205238,6,5,-121
1767174602.215238,4,6,-120
1767174602.225238,3,1,-117
1767174602.235238,5,5,-119
1767174602.245238,1,5,-116
1767174602.255238,0,2,-125
1767174602.265238,0,3,-122
1767174602.275238,-2,0,-119
1767174602.2852385,0,-1,-117
1767174602.2952385,0,-1,-116
1767174602.3052382,2,-2,-114
1767174602.3152382,2,-6,-112
1767174602.3252382,0,-7,-115
1767174602.3352382,0,-8,-120
1767174602.3452382,-2,-6,-120
1767174602.3552382,-1,0,-119
1767174602.3652382,-4,2,-113
1767174602.3752382,-4,1,-111
1767174602.3852382,-2,3,-111
1767174602.3952382,-1,1,-109
1767174602.4052382,1,1,-113
1767174602.415238,-2,-1,-114
1767174602.425238,-4,-2,-116
1767174602.435238,-4,-4,-115
1767174602.445238,-4,-6,-115
1767174602.455238,-2,-3,-119
1767174602.465238,0,0,-115
1767174602.475238,2,1,-120
1767174602.485238,-1,-4,-112
1767174602.495238,0,0,-118
1767174602.505238,-4,2,-121
1767174602.515238,-6,4,-127
1767174602.525238,-3,-1,-130
1767174602.5352385,2,-1,-126
1767174602.5452385,5,-3,-126
1767174602.5552382,4,-4,-125
1767174602.5652382,6,-5,-118
1767174602.5752382,12,-3,-122
1767174602.5852382,9,-4,-125
1767174602.5952382,1,-4,-131
1767174602.6052382,0,-6,-126
1767174602.6152382,0,-2,-127
1767174602.6252382,0,2,-121
1767174602.6352382,-1,1,-115
1767174602.6452382,3,-2,-125
1767174602.6552382,2,-1,-126
1767174602.665238,1,-2,-131
1767174602.675238,-2,-2,-132
1767174602.685238,0,-5,-132
1767174602.695238,-3,-4,-134
1767174602.705238,-2,-3,-131
1767174602.715238,-5,0,-133
1767174602.725238,-2,0,-129
1767174602.735238,2,-5,-125
1767174602.745238,3,-3,-123
1767174602.755238,2,0,-128
1767174602.765238,-1,-3,-134
1767174602.775238,-6,0,-133
1767174602.7852385,-4,0,-125
1767174602.7952385,1,0,-129
1767174602.8052382,0,-1,-132
1767174602.8152382,2,-2,-134
1767174602.8252382,0,-5,-131
1767174602.8352382,0,0,-123
1767174602.8452382,1,2,-120
1767174602.8552382,2,0,-119
1767174602.8652382,1,0,-123
1767174602.8752382,1,0,-126
1767174602.8852382,2,0,-127
1767174602.8952382,6,-1,-122
1767174602.9052382,7,0,-118
1767174602.915238,8,1,-110
1767174602.925238,4,5,-112
1767174602.935238,4,0,-118
1767174602.945238,3,0,-123
1767174602.955238,7,0,-121
1767174602.965238,3,-2,-123
1767174602.975238,2,-1,-122
1767174602.9862382,5,0,-121
1767174602.995238,7,-1,-117
1767174603.0062382,4,-1,-115
1767174603.0162382,1,0,-118
1767174603.025238,-1,0,-124
1767174603.0362382,0,5,-121
1767174603.0462382,0,0,-123
1767174603.0562382,1,0,-127
1767174603.0662382,1,0,-129
1767174603.0762382,3,-1,-124
1767174603.086238,0,-1,-124
1767174603.096238,0,-2,-118
1767174603.106238,-1,-3,-117
1767174603.116238,-3,-1,-124
1767174603.126238,-8,-4,-125
1767174603.136238,-9,-5,-120
1767174603.146238,-8,-3,-121
1767174603.156238,-4,-2,-121
1767174603.166238,-2,-2,-122
1767174603.176238,0,-2,-127
1767174603.186238,-1,-5,-130
1767174603.196238,1,-2,-123
1767174603.2062385,2,-2,-116
1767174603.2162385,4,-3,-111
1767174603.2262385,0,-4,-120
1767174603.2362382,-7,-7,-121
1767174603.2462382,-6,-4,-120
1767174603.2562382,-2,-7,-124
1767174603.2662382,-1,-3,-124
1767174603.2762382,-4,-2,-131
1767174603.2862382,-7,0,-127
1767174603.2962382,-6,-3,-126
1767174603.3062382,-7,0,-130
1767174603.3162382,-8,0,-127
1767174603.3262382,-5,2,-122
1767174603.336238,-5,4,-123
1767174603.346238,-5,3,-125
1767174603.356238,-2,5,-121
1767174603.366238,-5,1,-121
1767174603.376238,-3,2,-124
1767174603.386238,2,0,-122
1767174603.396238,-2,0,-123
1767174603.406238,2,-2,-120
1767174603.416238,3,-6,-123
1767174603.426238,4,-2,-123
1767174603.436238,2,-3,-119
1767174603.446238,-1,0,-115
1767174603.4562385,-4,0,-114
1767174603.4662385,-5,3,-122
1767174603.4762385,-3,4,-115
1767174603.4862382,-3,3,-117
1767174603.4962382,-1,-1,-117
1767174603.5062382,1,-5,-115
1767174603.5162382,2,0,-114
1767174603.5262382,0,1,-119
1767174603.5362382,0,0,-119
1767174603.5462382,-2,-2,-120
1767174603.5562382,0,-2,-119
1767174603.5782382,0,1,-130
1767174603.586238,-2,0,-127
1767174603.596238,0,2,-131
1767174603.606238,1,1,-135
1767174603.616238,1,-4,-132
1767174603.626238,2,-2,-124
1767174603.636238,2,-3,-116
1767174603.646238,0,-5,-117
1767174603.656238,2,-7,-116
1767174603.666238,-3,-7,-117
1767174603.676238,-1,-5,-117
1767174603.686238,-9,-5,-127
1767174603.696238,-8,-4,-119
1767174603.7062385,-3,-2,-115
1767174603.7162385,-1,-1,-117
1767174603.7262385,-4,-3,-120
1767174603.7362382,-7,-1,-122
1767174603.7462382,-10,-2,-127
1767174603.7562382,-3,0,-134
1767174603.7662382,2,0,-135
1767174603.7762382,1,0,-137
1767174603.7862382,0,-2,-134
1767174603.7962382,-3,-3,-133
1767174603.8062382,-3,-7,-128
1767174603.8162382,1,-9,-124
1767174603.8262382,2,-3,-125
1767174603.836238,3,0,-121
1767174603.846238,4,-2,-116
1767174603.856238,5,0,-114
1767174603.866238,7,0,-115
1767174603.876238,9,-5,-116
1767174603.886238,9,-3,-120
1767174603.896238,8,-4,-123
1767174603.906238,1,-6,-124
1767174603.916238,-1,-5,-119
1767174603.926238,0,-1,-114
1767174603.936238,0,-3,-119
1767174603.946238,-2,-1,-117
1767174603.9562385,-1,2,-116
1767174603.9662385,-6,5,-119
1767174603.9762385,-7,5,-118
1767174603.9862382,-4,5,-120
1767174603.9962382,-1,4,-119
1767174604.0062382,1,5,-118
1767174604.0162382,0,4,-120
1767174604.0262382,2,6,-119
1767174604.0362382,0,7,-119
1767174604.0462382,1,2,-117
1767174604.0562382,1,0,-113
1767174604.0662382,-1,1,-121
1767174604.0762382,-2,0,-118
1767174604.086238,-3,0,-126
1767174604.096238,-2,3,-121
1767174604.106238,2,4,-118
1767174604.116238,4,5,-117
1767174604.126238,4,6,-120
1767174604.136238,5,6,-124
1767174604.146238,5,0,-122
1767174604.156238,3,0,-112
1767174604.166238,1,1,-113
1767174604.176238,-2,-1,-118
1767174604.186238,-6,0,-126
1767174604.196238,-6,0,-129
1767174604.2062385,-4,0,-129
1767174604.2162385,-4,0,-132
1767174604.2262385,-5,0,-135
1767174604.2362382,-1,-2,-131
1767174604.2462382,-5,-6,-124
1767174604.2562382,-6,-5,-123
1767174604.2662382,-5,-7,-120
1767174604.2762382,-4,-4,-119
1767174604.2862382,-5,-2,-117
1767174604.2962382,-4,1,-114
1767174604.3062382,-6,-2,-113
1767174604.3162382,-2,-4,-117
1767174604.3262382,0,-6,-119
1767174604.336238,1,-3,-120
1767174604.346238,2,-1,-113
1767174604.356238,4,-4,-113
1767174604.366238,3,-4,-119
1767174604.376238,-3,-7,-120
1767174604.386238,-4,-3,-121
1767174604.396238,-4,-2,-120
1767174604.406238,-2,-3,-120
1767174604.416238,4,-1,-125
1767174604.426238,3,0,-117
1767174604.436238,1,0,-117
1767174604.446238,3,-1,-118
1767174604.4562385,0,-1,-117
1767174604.4662385,-2,-1,-118
1767174604.4762385,-4,-2,-121
1767174604.4862382,0,-1,-122
1767174604.4962382,4,-3,-126
1767174604.5062382,1,-2,-126
1767174604.5162382,-1,-2,-123
1767174604.5262382,0,-6,-125
1767174604.5362382,-1,-2,-120
1767174604.5462382,-4,-4,-126
1767174604.5562382,-2,-3,-125
1767174604.5662382,0,0,-126
1767174604.5762382,2,1,-128
1767174604.586238,1,1,-126
1767174604.596238,2,2,-120
1767174604.606238,7,1,-119
1767174604.616238,9,-3,-121
1767174604.626238,12,-1,-123
1767174604.636238,8,0,-126
1767174604.646238,9,0,-126
1767174604.656238,3,0,-121
1767174604.666238,0,1,-118
1767174604.676238,0,2,-116
1767174604.686238,1,3,-121
1767174604.696238,-1,0,-121
1767174604.7062385,2,0,-124
1767174604.7162385,1,1,-128
1767174604.7262385,1,3,-126
1767174604.7362382,0,4,-118
1767174604.7462382,2,6,-122
1767174604.7562382,0,4,-125
1767174604.7662382,0,0,-124
1767174604.7762382,-3,2,-123
1767174604.7862382,-4,1,-128
1767174604.7962382,-8,4,-129
1767174604.8062382,-12,5,-129
1767174604.8162382,-11,8,-132
1767174604.8262382,-11,8,-127
1767174604.836238,-7,8,-127
1767174604.846238,-5,4,-124
1767174604.856238,-3,4,-122
1767174604.866238,0,2,-121
1767174604.876238,1,0,-117
1767174604.886238,4,3,-117
1767174604.896238,8,4,-125
1767174604.906238,4,3,-129
1767174604.916238,1,3,-126
1767174604.926238,0,3,-126
1767174604.936238,0,4,-125
1767174604.946238,-1,1,-123
1767174604.9562385,0,-1,-112
1767174604.9662385,1,-1,-112
1767174604.9762385,2,-7,-108
1767174604.9862382,5,-3,-105
1767174604.9962382,-2,-4,-106
1767174605.0062382,0,-2,-107
1767174605.0162382,-2,-3,-111
1767174605.0262382,0,0,-114
1767174605.0362382,6,3,-115
1767174605.0462382,4,1,-113
1767174605.0562382,0,0,-117
1767174605.0662382,-2,-1,-116
1767174605.0762382,-1,1,-114
1767174605.086238,0,0,-113
1767174605.096238,-3,-1,-114
1767174605.106238,-4,-2,-116
1767174605.116238,-1,0,-121
1767174605.126238,0,0,-120
1767174605.136238,2,-1,-126
1767174605.146238,7,-1,-126
1767174605.156238,9,-2,-122
1767174605.166238,5,-5,-125
1767174605.176238,0,-7,-125
1767174605.186238,1,-3,-128
1767174605.196238,3,-3,-134
1767174605.2062385,0,-2,-129
1767174605.2162385,0,-4,-130
1767174605.2262385,3,-3,-128
1767174605.2362382,0,0,-127
1767174605.2462382,-2,0,-130
1767174605.2562382,-5,1,-129
1767174605.2662382,-8,2,-125
1767174605.2762382,-5,2,-122
1767174605.2862382,-2,1,-121
1767174605.2962382,1,-1,-128
1767174605.3062382,1,-1,-135
1767174605.3162382,3,0,-133
1767174605.3262382,8,0,-126
1767174605.336238,5,1,-123
1767174605.346238,6,3,-125
1767174605.356238,5,0,-127
1767174605.366238,4,2,-127
1767174605.376238,2,0,-126
1767174605.386238,2,0,-125
1767174605.396238,0,0,-125
1767174605.406238,0,-2,-129
1767174605.416238,3,1,-130
1767174605.426238,4,3,-136
1767174605.436238,2,2,-133
1767174605.446238,0,1,-128
1767174605.4562385,0,0,-123
1767174605.4662385,3,1,-129
1767174605.4762385,3,0,-134
1767174605.4862382,2,-2,-133
1767174605.4962382,2,0,-128
1767174605.5062382,1,-1,-129
1767174605.5162382,-2,0,-125
1767174605.5262382,-2,0,-125
1767174605.5362382,1,1,-124
1767174605.5462382,1,0,-125
1767174605.5562382,0,0,-130
1767174605.5662382,2,0,-132
1767174605.5762382,0,-1,-126
1767174605.586238,-2,4,-123
1767174605.596238,0,4,-119
1767174605.606238,1,5,-117
1767174605.616238,0,0,-115
1767174605.627238,0,0,-114
1767174605.6372385,0,1,-117
1767174605.646238,2,4,-109
1767174605.6572382,0,3,-118
1767174605.6672382,1,-1,-123
1767174605.6772382,0,-6,-121
1767174605.6872382,1,-5,-123
1767174605.6972382,0,-5,-125
1767174605.7072382,6,-1,-122
1767174605.7172382,5,-1,-122
1767174605.7272382,3,-3,-120
1767174605.7372382,3,-3,-118
1767174605.7472382,4,-2,-124
1767174605.757238,0,-2,-125
1767174605.767238,4,-5,-124
1767174605.777238,5,-3,-128
1767174605.787238,4,-2,-121
1767174605.797238,5,0,-126
1767174605.807238,9,0,-126
1767174605.817238,5,3,-126
1767174605.827238,5,1,-128
1767174605.837238,5,0,-124
1767174605.847238,4,-2,-127
1767174605.857238,6,-3,-127
1767174605.867238,4,-2,-129
1767174605.877238,2,-4,-132
1767174605.8872385,0,-4,-136
1767174605.8972385,0,0,-135
1767174605.9072382,-5,0,-134
1767174605.9172382,-4,2,-129
1767174605.9272382,-3,2,-114
1767174605.9372382,-1,0,-118
1767174605.9472382,-2,0,-117
1767174605.9572382,-2,-3,-121
1767174605.9672382,-2,-2,-121
1767174605.9772382,-2,-1,-118
1767174605.9872382,-4,2,-115
1767174605.9972382,0,0,-118
1767174606.007238,0,-4,-119
1767174606.017238,-2,-5,-123
1767174606.027238,0,-5,-119
1767174606.037238,0,-2,-115
1767174606.047238,2,0,-125
1767174606.057238,-3,-3,-132
1767174606.067238,-6,-6,-137
1767174606.077238,-9,-3,-134
1767174606.087238,-4,0,-132
1767174606.097238,-5,0,-136
1767174606.107238,-4,2,-136
1767174606.117238,-4,1,-129
1767174606.127238,-5,-3,-120
1767174606.1372385,-2,-4,-118
1767174606.1472385,-4,-2,-122
1767174606.1572382,-1,-4,-118
1767174606.1672382,0,-2,-124
1767174606.1772382,-1,0,-127
1767174606.1872382,1,-1,-118
1767174606.1972382,0,1,-108
1767174606.2072382,1,3,-112
1767174606.2172382,4,3,-114
1767174606.2272382,4,4,-115
1767174606.2372382,-2,7,-112
1767174606.2472382,-3,7,-120
1767174606.257238,-1,8,-126
1767174606.267238,-5,7,-130
1767174606.277238,-4,4,-129
1767174606.287238,-6,3,-130
1767174606.297238,-3,3,-136
1767174606.307238,1,3,-133
1767174606.317238,2,0,-127
1767174606.327238,0,-2,-122
1767174606.337238,-3,-6,-121
1767174606.347238,-4,-6,-123
1767174606.357238,-5,-3,-125
1767174606.367238,-3,-5,-126
1767174606.377238,-1,-6,-118
1767174606.3872385,-5,0,-113
1767174606.3972385,-6,0,-110
1767174606.4072382,-7,5,-113
1767174606.4172382,-10,1,-113
1767174606.4272382,-12,-3,-119
1767174606.4372382,-11,-2,-116
1767174606.4472382,-4,-5,-117
1767174606.4572382,-7,-2,-116
1767174606.4672382,-10,-2,-114
1767174606.4772382,-7,-3,-116
1767174606.4872382,-8,-3,-125
1767174606.4972382,-8,-1,-122
1767174606.507238,-4,0,-124
1767174606.517238,-2,1,-130
1767174606.527238,1,0,-135
1767174606.537238,1,-3,-124
1767174606.547238,3,-2,-121
1767174606.557238,3,2,-117
1767174606.567238,-1,8,-125
1767174606.577238,-2,3,-117
1767174606.587238,-1,1,-111
1767174606.597238,0,3,-116
1767174606.607238,0,1,-117
1767174606.617238,2,-1,-119
1767174606.627238,3,0,-123
1767174606.6372385,3,0,-125
1767174606.6472385,3,-3,-127
1767174606.6572382,0,-1,-126
1767174606.6672382,1,4,-127
1767174606.6772382,0,0,-126
1767174606.6872382,0,0,-125
1767174606.6972382,2,0,-120
1767174606.7072382,0,1,-123
1767174606.7172382,-1,3,-123
1767174606.7272382,-6,0,-123
1767174606.7372382,-7,-1,-124
1767174606.7472382,-9,0,-126
1767174606.757238,-10,-2,-134
1767174606.767238,-13,0,-131
1767174606.777238,-8,-2,-128
1767174606.787238,-3,-4,-121
1767174606.797238,1,-4,-125
1767174606.807238,-1,-4,-128
1767174606.817238,2,-3,-126
1767174606.827238,1,-4,-128
1767174606.837238,1,-3,-130
1767174606.847238,3,0,-131
1767174606.857238,3,-2,-127
1767174606.867238,1,-3,-130
1767174606.877238,-3,-3,-126
1767174606.8872385,-2,-5,-125
1767174606.8972385,-1,-6,-120
1767174606.9072382,-1,-3,-118
1767174606.9172382,-5,-1,-112
1767174606.9272382,-1,-4,-109
1767174606.9372382,0,0,-112
1767174606.9472382,-4,0,-112
1767174606.9572382,-2,-2,-111
1767174606.9672382,-2,0,-111
1767174606.9772382,-3,4,-112
1767174606.9872382,-5,1,-111
1767174606.9972382,-2,3,-112
1767174607.007238,0,0,-110
1767174607.017238,3,0,-118
1767174607.027238,5,1,-123
1767174607.037238,1,-1,-121
1767174607.047238,0,0,-124
1767174607.057238,-2,-2,-121
1767174607.067238,-1,-1,-118
1767174607.077238,0,-1,-120
1767174607.087238,-4,-1,-123
1767174607.097238,-1,-2,-118
1767174607.107238,-4,0,-116
1767174607.117238,-3,-1,-120
1767174607.127238,-5,3,-118
1767174607.1372385,-1,1,-119
1767174607.1472385,-1,-2,-116
1767174607.1572382,0,-1,-111
1767174607.1672382,1,0,-115
1767174607.1772382,3,2,-112
1767174607.1872382,1,1,-116
1767174607.1972382,-1,0,-118
1767174607.2072382,0,4,-118
1767174607.2172382,-1,1,-124
1767174607.2272382,-2,0,-126
1767174607.2372382,-1,1,-125
1767174607.2472382,-1,0,-123
1767174607.257238,-3,2,-123
1767174607.267238,-2,3,-119
1767174607.277238,-4,5,-120
1767174607.287238,-1,2,-119
1767174607.297238,-3,-1,-121
1767174607.307238,-1,0,-118
1767174607.317238,3,1,-115
1767174607.327238,5,2,-119
1767174607.337238,5,3,-129
1767174607.347238,2,1,-131
1767174607.357238,2,5,-135
1767174607.367238,-1,5,-130
1767174607.377238,-3,5,-135
1767174607.3872385,-7,2,-135
1767174607.3972385,0,0,-130
1767174607.4072382,2,3,-120
1767174607.4172382,3,5,-115
1767174607.4272382,3,4,-119
1767174607.4372382,0,1,-128
1767174607.4472382,1,-1,-131
1767174607.4572382,3,0,-129
1767174607.4672382,8,1,-126
1767174607.4772382,6,0,-124
1767174607.4872382,8,0,-127
1767174607.4972382,12,-1,-132
1767174607.507238,6,0,-128
1767174607.517238,2,-2,-124
1767174607.527238,7,0,-119
1767174607.537238,8,-2,-113
1767174607.547238,8,-2,-117
1767174607.557238,8,0,-120
1767174607.567238,7,-2,-120
1767174607.577238,5,-1,-115
1767174607.587238,2,-1,-117
1767174607.597238,0,0,-120
1767174607.607238,-1,-1,-127
1767174607.617238,1,-1,-128
1767174607.627238,1,0,-129
1767174607.6372385,-1,4,-126
1767174607.6472385,0,0,-123
1767174607.6572382,1,-4,-128
1767174607.6672382,4,-4,-124
1767174607.6772382,6,-5,-122
1767174607.6872382,7,-8,-119
1767174607.6972382,1,-6,-123
1767174607.7072382,-4,-3,-122
1767174607.7172382,-6,-6,-126
1767174607.7272382,-6,-5,-127
1767174607.7372382,-3,-1,-123
1767174607.7472382,0,0,-123
1767174607.757238,-2,2,-124
1767174607.767238,-2,0,-122
1767174607.777238,0,0,-125
1767174607.787238,-4,0,-124
1767174607.797238,-6,-6,-126
1767174607.807238,-3,-5,-121
1767174607.817238,1,-6,-124
1767174607.827238,0,-6,-126
1767174607.837238,1,-3,-118
1767174607.847238,-1,-3,-124
1767174607.857238,0,-6,-128
1767174607.867238,3,-4,-124
1767174607.877238,3,-3,-126
1767174607.8872385,0,-3,-118
1767174607.8972385,0,-4,-120
1767174607.9082382,0,-5,-122
1767174607.9172382,-1,0,-120
1767174607.9272382,-3,1,-123
1767174607.9372382,-1,0,-113
1767174607.9472382,-5,0,-115
1767174607.9572382,-3,-3,-122
1767174607.9672382,0,-6,-118
1767174607.9772382,4,-5,-120
1767174607.9872382,0,-3,-122
1767174607.9972382,-2,0,-115
1767174608.007238,-1,1,-119
1767174608.017238,2,-2,-119
1767174608.027238,1,-1,-130
1767174608.037238,2,-2,-129
1767174608.047238,3,0,-126
1767174608.057238,2,1,-124
1767174608.067238,2,-3,-125
1767174608.077238,1,-2,-118
1767174608.087238,0,-3,-110
1767174608.097238,1,-1,-116
1767174608.107238,6,-1,-110
1767174608.117238,3,-1,-111
1767174608.127238,1,-2,-112
1767174608.1372385,0,-4,-119
1767174608.1472385,1,-1,-117
1767174608.1572382,3,-2,-120
1767174608.1672382,2,0,-127
1767174608.1772382,0,0,-126
1767174608.1872382,5,1,-121
1767174608.1972382,8,4,-114
1767174608.2072382,5,2,-111
1767174608.2172382,6,5,-113
1767174608.2272382,4,3,-115
1767174608.2372382,3,1,-109
1767174608.2472382,-2,0,-109
1767174608.257238,-2,2,-116
1767174608.267238,0,0,-118
1767174608.277238,0,-1,-121
1767174608.287238,1,-4,-118
1767174608.298238,0,1,-120
1767174608.307238,0,0,-127
1767174608.3182385,-4,-2,-128
1767174608.327238,-1,-3,-126
1767174608.3382382,0,-5,-124
1767174608.3482382,-1,-6,-123
1767174608.3582382,-1,-6,-118
1767174608.3682382,3,-7,-122
1767174608.3782382,2,-7,-120
1767174608.3882382,2,-5,-121
1767174608.3982382,3,-1,-119
1767174608.4082382,6,0,-119
1767174608.4182382,9,1,-120
1767174608.4282382,9,4,-120
1767174608.438238,6,6,-123
1767174608.448238,7,1,-122
1767174608.458238,3,-2,-123
1767174608.468238,0,-1,-122
1767174608.478238,-1,1,-120
1767174608.488238,-1,-1,-117
1767174608.498238,-3,0,-116
1767174608.508238,-5,0,-116
1767174608.518238,-7,0,-124
1767174608.528238,-3,-2,-120
1767174608.538238,-2,-3,-113
1767174608.548238,0,0,-117
1767174608.5582385,4,1,-115
1767174608.5682385,2,4,-117
1767174608.5892382,2,-3,-126
1767174608.5982382,2,-1,-125
1767174608.6082382,7,-1,-126
1767174608.6182382,5,-3,-122
1767174608.6282382,2,-4,-117
1767174608.6382382,-1,-8,-119
1767174608.6482382,-5,-10,-122
1767174608.6582382,0,-9,-124
1767174608.6682382,4,-8,-118
1767174608.6782382,6,-8,-123
1767174608.688238,5,-3,-117
1767174608.698238,5,-3,-118
1767174608.708238,3,-2,-122
1767174608.718238,3,-5,-118
1767174608.728238,3,-1,-118
1767174608.738238,1,0,-119
1767174608.748238,-4,0,-124
1767174608.758238,-2,-1,-120
1767174608.768238,0,0,-114
1767174608.778238,-2,0,-112
1767174608.788238,-2,0,-110
1767174608.798238,0,1,-111
1767174608.8082385,3,-2,-123
1767174608.8182385,5,-3,-118
1767174608.8282382,4,0,-123
1767174608.8382382,1,-1,-124
1767174608.8482382,1,-1,-123
1767174608.8582382,2,-6,-119
1767174608.8682382,0,-2,-117
1767174608.8782382,-1,-3,-116
1767174608.8882382,-3,-4,-121
1767174608.8982382,0,-6,-116
1767174608.9082382,-4,-6,-119
1767174608.9182382,0,-4,-119
1767174608.9282382,0,0,-117
1767174608.938238,-3,6,-116
1767174608.948238,-1,2,-114
1767174608.958238,-5,0,-119
1767174608.968238,-3,3,-122
1767174608.978238,-5,2,-124
1767174608.988238,-2,0,-121
1767174608.998238,0,-3,-122
1767174609.008238,1,0,-120
1767174609.018238,0,-1,-123
1767174609.028238,3,-1,-127
1767174609.038238,3,0,-128
1767174609.048238,-2,-1,-125
1767174609.0582385,0,1,-124
1767174609.0682385,5,0,-117
1767174609.0782382,1,2,-124
1767174609.0882382,0,5,-124
1767174609.0982382,0,1,-128
1767174609.1082382,4,2,-129
1767174609.1182382,1,0,-127
1767174609.1282382,-2,0,-122
1767174609.1382382,-3,-4,-113
1767174609.1482382,-6,-4,-113
1767174609.1582382,-4,-4,-119
1767174609.1682382,-4,-5,-117
1767174609.1782382,-7,-6,-118
1767174609.188238,-8,-4,-114
1767174609.198238,-9,-2,-116
1767174609.208238,-7,-3,-118
1767174609.218238,-6,0,-120
1767174609.228238,-3,-2,-119
1767174609.238238,-4,-5,-116
1767174609.248238,-1,-3,-115
1767174609.258238,-7,-2,-114
1767174609.268238,-6,-3,-114
1767174609.278238,0,0,-103
1767174609.288238,-1,1,-113
1767174609.298238,0,2,-114
1767174609.3082385,-2,1,-115
1767174609.3182385,-10,-1,-117
1767174609.3282382,-9,-2,-117
1767174609.3382382,-10,0,-115
1767174609.3482382,-9,-2,-117
1767174609.3582382,-8,-6,-119
1767174609.3682382,-8,-7,-123
1767174609.3782382,-9,-6,-120
1767174609.3882382,-2,-6,-129
1767174609.3982382,-3,-5,-128
1767174609.4082382,-6,-4,-128
1767174609.4182382,-5,-3,-123
1767174609.4282382,-5,-6,-121
1767174609.438238,-7,-7,-128
1767174609.448238,-1,-8,-129
1767174609.458238,-2,-8,-130
1767174609.468238,-1,-6,-126
1767174609.478238,0,-2,-126
1767174609.488238,2,1,-119
1767174609.498238,2,0,-124
1767174609.508238,2,-4,-124
1767174609.518238,1,-4,-124
1767174609.528238,3,0,-123
1767174609.538238,-1,0,-131
1767174609.548238,-1,-2,-128
1767174609.5582385,-1,1,-129
1767174609.5682385,0,3,-130
1767174609.5782382,-3,0,-122
1767174609.5882382,-4,1,-125
1767174609.5982382,0,2,-127
1767174609.6082382,1,0,-130
1767174609.6182382,-2,-1,-125
1767174609.6282382,-4,-3,-125
1767174609.6382382,-8,-3,-118
1767174609.6482382,-7,-2,-121
1767174609.6582382,-4,-1,-116
1767174609.6682382,-5,-3,-121
1767174609.6782382,-1,1,-122
1767174609.688238,1,-1,-123
1767174609.698238,1,0,-129
1767174609.708238,-3,0,-128
1767174609.718238,-2,0,-125
1767174609.728238,-2,-1,-123
1767174609.738238,-4,-2,-123
1767174609.748238,-5,0,-121
1767174609.758238,-1,-1,-122
1767174609.768238,0,-1,-116
1767174609.778238,0,-1,-118
1767174609.788238,-1,-2,-112
1767174609.798238,-3,-4,-111
1767174609.8082385,-1,-5,-111
1767174609.8182385,-4,-5,-116
1767174609.8282382,-6,-7,-117
1767174609.8382382,-1,-5,-117
1767174609.8482382,-1,-7,-119
1767174609.8582382,0,-7,-125
1767174609.8682382,3,-6,-122
1767174609.8782382,4,-4,-119
1767174609.8882382,-3,-3,-121
1767174609.8982382,-1,-3,-126
1767174609.9082382,-3,-3,-124
1767174609.9182382,2,0,-121
1767174609.9282382,0,-3,-119
1767174609.938238,0,-3,-114
1767174609.948238,0,-5,-117
1767174609.958238,1,-4,-117
1767174609.968238,0,0,-110
1767174609.978238,-1,2,-115
1767174609.988238,-5,4,-119
1767174609.998238,-7,6,-116
1767174610.008238,-7,8,-119
1767174610.018238,-5,6,-117
1767174610.028238,-1,1,-117
1767174610.038238,-1,-5,-122
1767174610.048238,2,-7,-128
1767174610.0582385,0,-4,-136
1767174610.0682385,2,-2,-136
1767174610.0782382,4,-3,-139
1767174610.0882382,4,-2,-134
1767174610.0982382,3,-3,-131
1767174610.1082382,-1,-7,-128
1767174610.1182382,3,-8,-122
1767174610.1282382,8,-8,-122
1767174610.1382382,3,-7,-109
1767174610.1482382,3,-6,-109
1767174610.1582382,0,-7,-112
1767174610.1682382,0,-6,-114
1767174610.1782382,0,-8,-118
1767174610.188238,5,-5,-116
1767174610.198238,0,0,-110
1767174610.208238,-3,0,-111
1767174610.218238,-5,0,-108
1767174610.228238,-9,1,-113
1767174610.238238,-9,-2,-112
1767174610.248238,-10,0,-119
1767174610.258238,-7,2,-121
1767174610.268238,-2,-2,-114
1767174610.278238,1,-5,-117
1767174610.288238,-2,-9,-118
1767174610.298238,-2,-8,-120
1767174610.3082385,-2,-7,-130
1767174610.3182385,-1,-5,-129
1767174610.3282382,-3,-6,-135
1767174610.3382382,-7,-4,-129
1767174610.3482382,-9,0,-124
1767174610.3582382,-9,0,-128
1767174610.3682382,-9,-3,-122
1767174610.3782382,-10,-6,-115
1767174610.3882382,-9,-2,-121
1767174610.3982382,-6,0,-116
1767174610.4082382,0,4,-112
1767174610.4182382,0,-1,-114
1767174610.4282382,2,-2,-116
1767174610.438238,1,0,-120
1767174610.448238,1,1,-122
1767174610.458238,0,-1,-120
1767174610.468238,-1,-4,-120
1767174610.478238,-1,-4,-117
1767174610.488238,-2,-1,-121
1767174610.498238,-7,-4,-122
1767174610.508238,-4,-7,-125
1767174610.518238,-2,-4,-132
1767174610.528238,0,-3,-135
1767174610.538238,0,-3,-130
1767174610.548238,2,0,-125
1767174610.5582385,1,1,-126
1767174610.5682385,2,0,-124
1767174610.5782382,5,-1,-122
1767174610.5882382,3,0,-117
1767174610.5982382,2,-1,-120
1767174610.6082382,6,-2,-125
1767174610.6182382,8,-4,-126
1767174610.6282382,10,0,-122
1767174610.6382382,9,0,-121
1767174610.6482382,4,2,-119
1767174610.6582382,3,0,-123
1767174610.6682382,1,1,-125
1767174610.6782382,-5,0,-127
1767174610.688238,-6,0,-119
1767174610.698238,-3,0,-116
1767174610.708238,-4,4,-115
1767174610.718238,-4,4,-115
1767174610.728238,0,5,-111
1767174610.738238,-1,7,-115
1767174610.748238,-4,3,-115
1767174610.758238,-5,2,-116
1767174610.768238,-3,-1,-110
1767174610.778238,-2,-2,-109
1767174610.788238,0,-3,-109
1767174610.798238,-3,-6,-110
1767174610.8082385,-1,-5,-119
1767174610.8182385,0,-3,-124
1767174610.8282382,-3,-2,-126
1767174610.8382382,-3,-3,-122
1767174610.8482382,1,-3,-123
1767174610.8582382,-1,0,-126
1767174610.8682382,1,-1,-127
1767174610.8782382,4,2,-121
1767174610.8882382,4,-2,-126
1767174610.8982382,5,-1,-128
1767174610.9082382,5,0,-129
1767174610.9182382,3,1,-125
1767174610.9282382,-2,3,-123
1767174610.938238,0,2,-124
1767174610.948238,-5,0,-128
1767174610.958238,-6,2,-127
1767174610.969238,-12,1,-122
1767174610.978238,-8,1,-126
1767174610.988238,-4,5,-124
1767174610.998238,-4,3,-131
1767174611.0092382,-2,1,-138
1767174611.0192382,0,3,-137
1767174611.0292382,-1,4,-129
1767174611.0392382,3,0,-129
1767174611.0492382,3,-3,-136
1767174611.0592382,5,-4,-134
1767174611.0692382,4,0,-139
1767174611.0792382,5,3,-132
1767174611.0892382,6,1,-135
1767174611.0992382,3,0,-140
1767174611.109238,4,-1,-129
1767174611.119238,7,-3,-123
1767174611.129238,6,-4,-121
1767174611.139238,3,-2,-121
1767174611.149238,1,-4,-122
1767174611.159238,-2,-7,-125
1767174611.169238,-4,-9,-132
1767174611.179238,-5,-6,-126
1767174611.189238,0,-7,-123
1767174611.199238,-1,-5,-124
1767174611.209238,4,-7,-126
1767174611.219238,7,-11,-126
1767174611.2292385,2,-8,-132
1767174611.2392385,1,-3,-127
1767174611.2492385,0,-1,-122
1767174611.2592382,2,1,-128
1767174611.2692382,0,-1,-133
1767174611.2792382,0,1,-129
1767174611.2892382,0,5,-123
1767174611.2992382,0,6,-124
1767174611.3092382,-2,4,-128
1767174611.3192382,-3,1,-135
1767174611.3292382,0,0,-140
1767174611.3392382,1,-7,-135
1767174611.3492382,0,-5,-133
1767174611.359238,0,-4,-128
1767174611.369238,4,-3,-124
1767174611.379238,-1,-4,-116
1767174611.389238,-2,0,-117
1767174611.399238,-4,0,-122
1767174611.409238,-4,3,-121
1767174611.419238,1,4,-122
1767174611.429238,-4,0,-127
1767174611.439238,-1,2,-127
1767174611.449238,1,4,-123
1767174611.459238,2,3,-119
1767174611.469238,2,0,-120
1767174611.4792385,1,-3,-116
1767174611.4892385,1,-1,-114
1767174611.4992385,0,-2,-120
1767174611.5092382,-2,-1,-120
1767174611.5192382,-4,1,-122
1767174611.5292382,-3,0,-127
1767174611.5392382,-6,0,-124
1767174611.5492382,-10,1,-120
1767174611.5592382,-6,1,-122
1767174611.5692382,-6,2,-122
1767174611.5792382,-4,0,-128
1767174611.5892382,0,-1,-129
1767174611.5992382,-1,0,-124
1767174611.609238,-7,0,-121
1767174611.619238,-4,0,-114
1767174611.629238,-4,1,-115
1767174611.639238,-3,-1,-120
1767174611.649238,-1,-4,-117
1767174611.659238,-2,-1,-115
1767174611.669238,6,-1,-121
1767174611.679238,5,-1,-117
1767174611.689238,7,0,-120
1767174611.699238,5,-2,-125
1767174611.709238,1,-2,-125
1767174611.719238,-5,-6,-127
1767174611.7292385,-8,-3,-126
1767174611.7392385,-4,-4,-125
1767174611.7492385,1,-3,-123
1767174611.7592382,0,-1,-118
1767174611.7692382,0,0,-116
1767174611.7792382,0,1,-116
1767174611.7892382,1,1,-117
1767174611.7992382,2,2,-121
1767174611.8092382,2,-3,-112
1767174611.8192382,1,-5,-111
1767174611.8292382,9,-2,-114
1767174611.8392382,6,1,-114
1767174611.8492382,4,-1,-117
1767174611.859238,1,0,-114
1767174611.869238,-2,2,-113
1767174611.879238,-2,3,-116
1767174611.889238,-4,1,-122
1767174611.899238,-6,-2,-125
1767174611.909238,-3,-4,-117
1767174611.919238,2,-3,-114
1767174611.929238,1,-5,-115
1767174611.939238,3,-3,-117
1767174611.949238,1,-2,-112
1767174611.959238,2,-1,-110
1767174611.969238,1,-1,-110
1767174611.9792385,0,-4,-113
1767174611.9892385,1,-3,-121
1767174611.9992385,-2,-2,-122
1767174612.0092382,-2,-2,-118
1767174612.0192382,0,-2,-116
1767174612.0292382,1,-1,-118
1767174612.0392382,2,-1,-121
1767174612.0492382,5,-1,-123
1767174612.0592382,3,0,-128
1767174612.0692382,0,3,-123
1767174612.0792382,0,2,-123
1767174612.0892382,-3,-2,-121
1767174612.0992382,-3,-5,-119
1767174612.109238,-5,-2,-124
1767174612.119238,-1,-1,-125
1767174612.129238,-1,-4,-125
1767174612.139238,0,-3,-122
1767174612.149238,0,-1,-125
1767174612.159238,-3,-1,-127
1767174612.169238,-4,-4,-129
1767174612.179238,-3,-4,-127
1767174612.189238,-3,-5,-121
1767174612.199238,-6,-4,-126
1767174612.209238,-4,-4,-130
1767174612.219238,-4,-2,-133
1767174612.2292385,-1,-3,-133
1767174612.2392385,2,-5,-134
1767174612.2492385,5,-5,-134
1767174612.2592382,7,-6,-136
1767174612.2692382,2,-3,-132
1767174612.2792382,-2,-5,-128
1767174612.2892382,0,-3,-118
1767174612.2992382,5,1,-122
1767174612.3092382,4,2,-124
1767174612.3192382,0,5,-122
1767174612.3292382,1,6,-119
1767174612.3392382,3,5,-121
1767174612.3492382,-2,4,-126
1767174612.359238,-4,6,-127
1767174612.369238,-4,1,-113
1767174612.379238,-3,2,-112
1767174612.389238,-5,-1,-121
1767174612.399238,0,0,-124
1767174612.409238,-2,-1,-126
1767174612.419238,1,-6,-124
1767174612.429238,0,-8,-119
1767174612.439238,-2,-5,-114
1767174612.449238,0,1,-113
1767174612.459238,0,0,-113
1767174612.469238,-1,-1,-109
1767174612.4792385,-5,0,-117
1767174612.4892385,-6,-2,-119
1767174612.4992385,-2,0,-114
1767174612.5092382,0,1,-110
1767174612.5192382,-1,0,-110
1767174612.5292382,-1,-3,-113
1767174612.5392382,-1,-4,-117
1767174612.5492382,0,-3,-120
1767174612.5592382,0,-5,-121
1767174612.5692382,-4,-2,-122
1767174612.5792382,-1,-2,-120
1767174612.5892382,-4,-4,-121
1767174612.5992382,-5,-7,-117
1767174612.609238,-5,-6,-120
1767174612.619238,-1,-4,-122
1767174612.629238,0,-2,-125
1767174612.639238,0,-2,-119
1767174612.649238,-1,-2,-121
1767174612.659238,3,-3,-125
1767174612.669238,7,-1,-125
1767174612.679238,10,0,-129
1767174612.689238,8,2,-120
1767174612.699238,5,3,-127
1767174612.709238,5,0,-127
1767174612.719238,5,5,-129
1767174612.7292385,0,1,-134
1767174612.7392385,0,2,-129
1767174612.7492385,1,1,-125
1767174612.7592382,0,2,-125
1767174612.7692382,4,0,-128
1767174612.7792382,6,0,-127
1767174612.7892382,5,-1,-122
1767174612.7992382,3,-3,-117
1767174612.8092382,6,0,-116
1767174612.8192382,6,-1,-115
1767174612.8292382,5,-3,-122
1767174612.8392382,5,1,-123
1767174612.8492382,0,3,-122
1767174612.859238,0,5,-123
1767174612.869238,-2,6,-124
1767174612.879238,-6,1,-123
1767174612.889238,-9,1,-117
1767174612.899238,-7,-3,-119
1767174612.909238,-6,-7,-116
1767174612.919238,-9,-5,-111
1767174612.929238,-7,-1,-114
1767174612.939238,-4,1,-114
1767174612.949238,-1,-7,-117
1767174612.959238,-2,-12,-118
1767174612.969238,-3,-7,-119
1767174612.9792385,-6,-1,-114
1767174612.9892385,-8,2,-108
1767174612.9992385,-6,0,-103
1767174613.0092382,-9,0,-103
1767174613.0192382,-8,-3,-101
1767174613.0292382,-8,-5,-105
1767174613.0392382,-15,-8,-105
1767174613.0492382,-12,-6,-119
1767174613.0592382,-11,-4,-120
1767174613.0692382,-11,-4,-120
1767174613.0792382,-8,-7,-118
1767174613.0892382,-10,-9,-124
1767174613.0992382,-9,-7,-130
1767174613.109238,-1,-6,-134
1767174613.119238,-2,-4,-129
1767174613.129238,-1,-4,-128
1767174613.139238,2,-2,-124
1767174613.149238,1,-1,-117
1767174613.159238,0,-2,-112
1767174613.169238,-4,-3,-111
1767174613.179238,-3,-7,-117
1767174613.189238,-1,-4,-121
1767174613.199238,-2,-2,-125
1767174613.209238,3,0,-129
1767174613.219238,2,-1,-131
1767174613.2292385,3,1,-129
1767174613.2392385,0,-1,-133
1767174613.2492385,-2,-4,-136
1767174613.2592382,-5,-3,-134
1767174613.2692382,-7,-2,-126
1767174613.2792382,-6,0,-118
1767174613.2892382,-8,1,-115
1767174613.2992382,-6,2,-119
1767174613.3092382,-9,2,-122
1767174613.3192382,-1,-4,-114
1767174613.3292382,0,-5,-111
1767174613.3392382,0,-3,-118
1767174613.3492382,0,-4,-116
1767174613.359238,3,-5,-118
1767174613.369238,4,-5,-118
1767174613.379238,6,-4,-113
1767174613.389238,7,-9,-116
1767174613.399238,6,-4,-116
1767174613.409238,1,-3,-118
1767174613.419238,0,-3,-119
1767174613.429238,0,-3,-119
1767174613.439238,0,-1,-123
1767174613.449238,0,0,-125
1767174613.459238,-1,0,-124
1767174613.469238,3,0,-118
1767174613.4792385,4,-1,-115
1767174613.4892385,4,-2,-123
1767174613.4992385,2,-2,-122
1767174613.5092382,4,-6,-114
1767174613.5192382,3,-3,-116
1767174613.5292382,3,0,-118
1767174613.5392382,4,2,-126
1767174613.5492382,-1,2,-118
1767174613.5592382,-5,0,-114
1767174613.5692382,-6,-3,-119
1767174613.5792382,-7,0,-118
1767174613.6012385,-5,-2,-122
1767174613.610238,-2,0,-124
1767174613.620238,-1,3,-119
1767174613.629238,0,5,-120
1767174613.639238,-1,4,-121
1767174613.650238,0,4,-124
1767174613.6602385,-2,6,-122
1767174613.6702385,-1,3,-123
1767174613.6802382,2,5,-118
1767174613.6902382,3,0,-117
1767174613.7002382,6,-1,-118
1767174613.7102382,8,0,-114
1767174613.7202382,8,-1,-115
1767174613.7302382,4,-1,-117
1767174613.7402382,1,-5,-119
1767174613.7502382,-1,-3,-115
1767174613.7602382,-1,-1,-116
1767174613.7702382,-3,-2,-115
1767174613.7802382,0,-2,-119
1767174613.790238,0,-5,-120
1767174613.800238,3,-8,-112
1767174613.810238,6,-8,-109
1767174613.820238,3,-7,-111
1767174613.830238,0,-5,-112
1767174613.840238,2,-2,-111
1767174613.850238,4,-3,-114
1767174613.860238,1,2,-120
1767174613.870238,0,5,-116
1767174613.880238,-1,2,-122
1767174613.890238,-3,1,-130
1767174613.900238,0,4,-135
1767174613.9102385,1,3,-136
1767174613.9202385,3,4,-134
1767174613.9302382,7,6,-132
1767174613.9402382,8,0,-128
1767174613.9502382,12,-4,-121
1767174613.9602382,11,-4,-120
1767174613.9702382,9,-6,-116
1767174613.9802382,8,-2,-123
1767174613.9902382,6,-1,-124
1767174614.0002382,11,-2,-125
1767174614.0102382,9,-6,-124
1767174614.0202382,6,-5,-120
1767174614.0302382,2,-5,-111
1767174614.040238,3,-8,-108
1767174614.050238,5,-5,-115
1767174614.060238,1,-4,-125
1767174614.070238,1,-5,-117
1767174614.080238,1,-7,-119
1767174614.090238,1,-4,-123
1767174614.100238,1,-1,-125
1767174614.110238,1,6,-126
1767174614.120238,0,7,-132
1767174614.130238,-1,3,-128
1767174614.140238,2,4,-126
1767174614.150238,1,0,-124
1767174614.1602385,2,-2,-122
1767174614.1702385,1,-2,-122
1767174614.1802382,-1,-2,-124
1767174614.1902382,-2,0,-127
1767174614.2002382,0,0,-126
1767174614.2102382,1,-4,-125
1767174614.2202382,-3,0,-133
1767174614.2302382,0,2,-133
1767174614.2402382,0,1,-124
1767174614.2502382,0,0,-122
1767174614.2602382,3,-1,-120
1767174614.2702382,3,-3,-117
1767174614.2802382,5,-9,-114
1767174614.290238,7,-8,-121
1767174614.300238,6,-6,-122
1767174614.310238,6,-7,-128
1767174614.320238,1,-8,-122
1767174614.330238,-1,-7,-116
1767174614.340238,-4,-5,-114
1767174614.350238,-4,-5,-113
1767174614.360238,-8,-6,-105
1767174614.370238,-7,-6,-112
1767174614.380238,-6,-4,-122
1767174614.390238,-4,-4,-131
1767174614.400238,1,-3,-125
1767174614.4102385,-1,-5,-124
1767174614.4202385,1,-6,-119
1767174614.4302382,2,-4,-124
1767174614.4402382,3,-5,-119
1767174614.4502382,2,-4,-124
1767174614.4602382,2,-8,-124
1767174614.4702382,6,-8,-121
1767174614.4802382,3,-4,-125
1767174614.4902382,1,-1,-126
1767174614.5002382,1,0,-126
1767174614.5102382,1,0,-126
1767174614.5202382,2,-3,-125
1767174614.5302382,1,-3,-122
1767174614.540238,4,-3,-121
1767174614.550238,3,-4,-120
1767174614.560238,5,-7,-117
1767174614.570238,0,-5,-116
1767174614.580238,-3,-4,-114
1767174614.590238,0,-3,-119
1767174614.600238,-1,-2,-122
1767174614.610238,-6,2,-120
1767174614.620238,-4,6,-110
1767174614.630238,-3,3,-109
1767174614.640238,0,-2,-113
1767174614.650238,1,0,-112
1767174614.6602385,1,-3,-116
1767174614.6702385,3,-6,-121
1767174614.6802382,8,-2,-125
1767174614.6902382,7,-2,-128
1767174614.7002382,6,-2,-126
1767174614.7102382,2,-3,-121
1767174614.7202382,4,-3,-117
1767174614.7302382,2,-5,-117
1767174614.7402382,0,-5,-123
1767174614.7502382,-3,-4,-119
1767174614.7602382,-3,-3,-122
1767174614.7702382,-1,-6,-122
1767174614.7802382,0,-8,-121
1767174614.790238,1,-6,-118
1767174614.800238,2,-5,-111
1767174614.810238,-2,-4,-111
1767174614.820238,-3,-5,-110
1767174614.830238,0,-7,-112
1767174614.840238,0,-7,-114
1767174614.850238,-3,-3,-111
1767174614.860238,0,0,-110
1767174614.870238,-1,2,-107
1767174614.880238,-2,5,-113
1767174614.890238,0,1,-115
1767174614.900238,1,3,-120
1767174614.9102385,6,1,-121
1767174614.9202385,4,0,-118
1767174614.9302382,3,-1,-122
1767174614.9402382,0,0,-124
1767174614.9502382,-8,-1,-121
1767174614.9602382,-5,-3,-119
1767174614.9702382,-4,-3,-112
1767174614.9802382,-3,-7,-109
1767174614.9902382,3,-9,-112
1767174615.0002382,4,-10,-110
1767174615.0102382,3,-10,-116
1767174615.0202382,2,-4,-122
1767174615.0302382,0,0,-116
1767174615.040238,1,3,-115
1767174615.050238,6,3,-122
1767174615.060238,3,3,-125
1767174615.070238,0,0,-128
1767174615.080238,0,0,-122
1767174615.090238,1,0,-121
1767174615.100238,5,0,-119
1767174615.110238,3,-5,-120
1767174615.120238,5,-3,-119
1767174615.130238,9,-2,-120
1767174615.140238,4,0,-121
1767174615.150238,2,-1,-118
1767174615.1602385,2,-6,-118
1767174615.1702385,0,-5,-117
1767174615.1802382,-1,-4,-116
1767174615.1902382,-3,-4,-113
1767174615.2002382,0,-1,-117
1767174615.2102382,-8,-1,-120
1767174615.2202382,-8,0,-123
1767174615.2302382,-7,0,-125
1767174615.2402382,-5,1,-126
1767174615.2502382,-8,-2,-130
1767174615.2602382,-7,-4,-133
1767174615.2702382,-7,-3,-134
1767174615.2802382,-8,-1,-128
1767174615.290238,-6,-3,-127
1767174615.300238,-2,-1,-127
1767174615.310238,-1,2,-130
1767174615.320238,0,3,-126
1767174615.330238,2,4,-124
1767174615.340238,1,5,-126
1767174615.350238,0,6,-126
1767174615.360238,0,5,-125
1767174615.370238,-3,5,-123
1767174615.380238,-1,4,-123
1767174615.390238,-9,-1,-129
1767174615.400238,-7,-1,-124
1767174615.4102385,-5,-2,-120
1767174615.4202385,-3,-2,-118
1767174615.4302382,-1,-1,-120
1767174615.4402382,-2,-3,-118
1767174615.4502382,0,-3,-112
1767174615.4602382,0,0,-114
1767174615.4702382,-3,0,-121
1767174615.4802382,-2,2,-125
1767174615.4902382,0,5,-133
1767174615.5002382,-2,3,-128
1767174615.5102382,-1,0,-122
1767174615.5202382,-3,1,-125
1767174615.5302382,-3,-3,-125
1767174615.540238,0,-2,-122
1767174615.550238,3,-3,-116
1767174615.560238,0,-5,-120
1767174615.570238,2,-6,-123
1767174615.580238,1,-6,-117
1767174615.590238,0,-3,-120
1767174615.600238,0,-1,-118
1767174615.610238,-2,-2,-118
1767174615.620238,-3,-3,-116
1767174615.630238,-6,-1,-111
1767174615.640238,-2,-2,-117
1767174615.650238,-2,-6,-114
1767174615.6602385,0,-5,-119
1767174615.6702385,-4,-4,-122
1767174615.6802382,-5,-6,-122
1767174615.6902382,-5,-11,-122
1767174615.7002382,-7,-9,-124
1767174615.7102382,2,-7,-129
1767174615.7202382,3,-9,-129
1767174615.7302382,5,-11,-124
1767174615.7402382,2,-7,-125
1767174615.7502382,1,-8,-125
1767174615.7602382,-3,-5,-126
1767174615.7702382,0,-5,-129
1767174615.7802382,0,-5,-124
1767174615.790238,0,-5,-123
1767174615.800238,0,-6,-116
1767174615.810238,-3,-8,-118
1767174615.820238,0,-6,-125
1767174615.830238,1,-7,-125
1767174615.840238,0,-7,-128
1767174615.850238,-3,-5,-126
1767174615.860238,-5,-5,-129
1767174615.870238,-6,-3,-127
1767174615.880238,-3,-3,-124
1767174615.890238,-4,-6,-127
1767174615.900238,-3,-1,-127
1767174615.9102385,-5,1,-128
1767174615.9202385,-4,2,-122
1767174615.9302382,0,-2,-120
1767174615.9402382,2,-4,-118
1767174615.9502382,2,-4,-119
1767174615.9602382,2,0,-117
1767174615.9702382,4,-3,-118
1767174615.9802382,4,1,-117
1767174615.9902382,6,0,-116
1767174616.0002382,7,1,-110
1767174616.0102382,6,3,-114
1767174616.0202382,1,4,-112
1767174616.0302382,0,3,-111
1767174616.040238,1,1,-110
1767174616.050238,1,0,-107
1767174616.060238,-1,-1,-112
1767174616.070238,0,-2,-112
1767174616.080238,0,-5,-114
1767174616.090238,-2,-5,-116
1767174616.100238,-2,-6,-116
1767174616.110238,-2,-9,-123
1767174616.120238,-5,-6,-126
1767174616.130238,-3,-6,-131
1767174616.140238,0,-8,-133
1767174616.150238,2,-2,-126
1767174616.1602385,2,2,-122
1767174616.1702385,0,-2,-124
1767174616.1802382,0,-4,-128
1767174616.1902382,-2,-3,-125
1767174616.2002382,0,-2,-125
1767174616.2102382,-3,-1,-125
1767174616.2202382,-4,-2,-122
1767174616.2302382,-2,-3,-120
1767174616.2402382,-1,3,-121
1767174616.2502382,0,3,-128
1767174616.2602382,-1,0,-133
1767174616.2702382,0,-1,-133
1767174616.2802382,0,-2,-133
1767174616.291238,3,-8,-132
1767174616.301238,0,-4,-130
1767174616.310238,0,-2,-132
1767174616.321238,-1,-9,-131
1767174616.3312385,-1,-6,-127
1767174616.3412385,0,-4,-132
1767174616.3512385,5,-3,-125
1767174616.360238,8,-4,-128
1767174616.3712382,4,-3,-122
1767174616.3812382,3,-4,-122
1767174616.3912382,7,-2,-125
1767174616.4012382,6,-1,-130
1767174616.4102385,9,-1,-125
1767174616.4212382,9,0,-127
1767174616.4312382,9,3,-131
1767174616.4412382,9,4,-125
1767174616.4512382,9,3,-124
1767174616.461238,12,1,-127
1767174616.471238,13,2,-124
1767174616.481238,8,3,-125
1767174616.491238,9,2,-124
1767174616.501238,10,3,-120
1767174616.5102382,8,0,-116
1767174616.521238,5,-1,-123
1767174616.531238,5,0,-124
1767174616.541238,5,2,-122
1767174616.551238,6,5,-118
1767174616.561238,1,3,-118
1767174616.571238,6,0,-114
1767174616.5812385,10,-2,-117
1767174616.5912385,9,-3,-119
1767174616.6012385,9,-6,-122
1767174616.6112382,6,-3,-124
1767174616.6212382,7,0,-124
1767174616.6312382,7,2,-124
1767174616.6412382,8,0,-130
1767174616.6512382,11,-1,-125
1767174616.6612382,8,-3,-120
1767174616.6712382,5,0,-119
1767174616.6812382,6,0,-122
1767174616.6912382,8,-5,-122
1767174616.7012382,4,-2,-124
1767174616.711238,0,0,-128
1767174616.721238,-1,0,-124
1767174616.731238,-1,-1,-120
1767174616.741238,-3,-5,-129
1767174616.751238,-6,-6,-134
1767174616.761238,3,-2,-132
1767174616.771238,2,-2,-133
1767174616.781238,3,-2,-135
1767174616.791238,4,-1,-134
1767174616.801238,2,-2,-134
1767174616.811238,2,-2,-132
1767174616.821238,0,0,-131
1767174616.8312385,1,0,-129
1767174616.8412385,4,4,-131
1767174616.8512385,3,0,-130
1767174616.8612382,2,0,-127
1767174616.8712382,0,0,-127
1767174616.8812382,1,-1,-126
1767174616.8912382,0,-3,-122
1767174616.9012382,-2,0,-118
1767174616.9112382,-1,0,-120
1767174616.9212382,0,3,-124
1767174616.9312382,0,4,-126
1767174616.9412382,0,2,-124
1767174616.9512382,-1,1,-129
1767174616.961238,-2,-2,-138
1767174616.971238,-3,0,-135
1767174616.981238,-5,0,-134
1767174616.991238,-3,-1,-128
1767174617.001238,-3,-1,-126
1767174617.011238,-3,-3,-120
1767174617.021238,0,-4,-118
1767174617.031238,3,-1,-119
1767174617.041238,4,-2,-121
1767174617.051238,5,-5,-123
1767174617.061238,7,-6,-124
1767174617.071238,5,-7,-119
1767174617.0812385,4,-10,-115
1767174617.0912385,3,-5,-117
1767174617.1012385,2,-6,-122
1767174617.1112382,5,-6,-127
1767174617.1212382,3,-1,-125
1767174617.1312382,1,-1,-123
1767174617.1412382,0,-2,-120
1767174617.1512382,2,0,-114
1767174617.1612382,-2,-3,-115
1767174617.1712382,2,2,-116
1767174617.1812382,5,5,-123
1767174617.1912382,1,0,-123
1767174617.2012382,0,-3,-123
1767174617.211238,0,-2,-121
1767174617.221238,-3,-3,-118
1767174617.231238,-4,-4,-125
1767174617.241238,-7,-2,-130
1767174617.251238,-5,-1,-128
1767174617.261238,-2,-4,-124
1767174617.271238,-4,-3,-126
1767174617.281238,1,-5,-124
1767174617.291238,0,-5,-121
1767174617.301238,0,-7,-122
1767174617.311238,4,-4,-122
1767174617.321238,6,-4,-119
1767174617.3312385,6,-3,-120
1767174617.3412385,5,-1,-122
1767174617.3512385,2,0,-126
1767174617.3612382,-3,0,-123
1767174617.3712382,-6,-1,-121
1767174617.3812382,0,-2,-123
1767174617.3912382,1,-5,-121
1767174617.4012382,5,-7,-119
1767174617.4112382,5,-5,-118
1767174617.4212382,0,-2,-122
1767174617.4312382,-4,2,-124
1767174617.4412382,-2,4,-128
1767174617.4512382,-8,0,-125
1767174617.461238,-5,1,-120
1767174617.471238,0,0,-120
1767174617.481238,-3,1,-120
1767174617.491238,-2,0,-115
1767174617.501238,-1,2,-121
1767174617.511238,-2,1,-118
1767174617.521238,-3,0,-122
1767174617.531238,-6,-5,-123
1767174617.541238,-6,-8,-124
1767174617.551238,-5,-9,-119
1767174617.561238,-4,-5,-119
1767174617.571238,-1,-6,-123
1767174617.5812385,1,-10,-125
1767174617.5912385,0,-9,-122
1767174617.6012385,0,-11,-125
1767174617.6112382,-1,-12,-129
1767174617.6212382,0,-7,-125
1767174617.6312382,-4,-5,-127
1767174617.6412382,-4,-3,-132
1767174617.6512382,0,-4,-131
1767174617.6612382,-1,-2,-131
1767174617.6712382,-3,-1,-122
1767174617.6812382,-3,-2,-122
1767174617.6912382,-2,0,-117
1767174617.7012382,0,-3,-111
1767174617.711238,-1,-8,-113
1767174617.721238,-5,-11,-120
1767174617.731238,-5,-8,-116
1767174617.741238,-1,-7,-115
1767174617.751238,-4,-8,-117
1767174617.761238,-5,-5,-124
1767174617.771238,-3,-3,-123
1767174617.781238,0,-1,-122
1767174617.791238,-3,-4,-117
1767174617.801238,-4,-1,-123
1767174617.811238,-2,-3,-127
1767174617.821238,-4,-8,-126
1767174617.8312385,0,-5,-128
1767174617.8412385,5,-4,-129
1767174617.8512385,9,-3,-135
1767174617.8612382,8,0,-133
1767174617.8712382,7,-1,-129
1767174617.8812382,9,-3,-124
1767174617.8912382,2,-2,-119
1767174617.9012382,2,0,-117
1767174617.9112382,2,0,-114
1767174617.9212382,2,-1,-114
1767174617.9312382,4,-2,-110
1767174617.9412382,4,-4,-117
1767174617.9512382,2,0,-127
1767174617.961238,3,0,-125
1767174617.971238,1,-2,-124
1767174617.981238,-1,-5,-119
1767174617.991238,2,-6,-116
1767174618.001238,0,0,-112
1767174618.011238,-2,1,-115
1767174618.021238,-2,-5,-113
1767174618.031238,-4,1,-115
1767174618.041238,-6,-1,-118
1767174618.051238,-7,1,-114
1767174618.061238,-5,4,-116
1767174618.071238,-3,2,-114
1767174618.0812385,-3,-2,-115
1767174618.0912385,-1,-10,-115
1767174618.1012385,0,-8,-109
1767174618.1112382,-4,-8,-110
1767174618.1212382,-4,-6,-113
1767174618.1312382,-1,-3,-110
1767174618.1412382,0,-2,-111
1767174618.1512382,0,-1,-115
1767174618.1612382,0,0,-120
1767174618.1712382,-5,0,-126
1767174618.1812382,-5,-1,-127
1767174618.1912382,0,-5,-129
1767174618.2012382,0,-6,-129
1767174618.211238,2,-1,-129
1767174618.221238,0,-3,-123
1767174618.231238,-1,0,-126
1767174618.241238,2,0,-133
1767174618.251238,-3,2,-125
1767174618.261238,-4,2,-127
1767174618.271238,-6,3,-128
1767174618.281238,-4,3,-125
1767174618.291238,-1,2,-129
1767174618.301238,1,2,-131
1767174618.311238,4,3,-125
1767174618.321238,3,0,-121
1767174618.3312385,2,2,-123
1767174618.3412385,0,1,-129
1767174618.3512385,3,0,-122
1767174618.3612382,5,0,-124
1767174618.3712382,6,-1,-122
1767174618.3812382,9,-2,-122
1767174618.3912382,9,1,-125
1767174618.4012382,8,0,-118
1767174618.4112382,7,-1,-115
1767174618.4212382,4,-2,-115
1767174618.4312382,2,-6,-114
1767174618.4412382,3,-6,-108
1767174618.4512382,0,-6,-110
1767174618.461238,0,-6,-112
1767174618.471238,0,-4,-114
1767174618.481238,0,-4,-115
1767174618.491238,2,-2,-122
1767174618.501238,4,-4,-126
1767174618.511238,3,-5,-125
1767174618.521238,1,-1,-128
1767174618.531238,-1,0,-125
1767174618.541238,-2,-3,-127
1767174618.551238,-4,-6,-118
1767174618.561238,2,-6,-112
1767174618.571238,2,-9,-114
1767174618.5812385,-2,-9,-122
1767174618.5912385,-5,-7,-121
1767174618.613238,-9,-7,-121
1767174618.6212382,-2,-8,-123
1767174618.6312382,0,-4,-127
1767174618.6412382,1,-2,-124
1767174618.6512382,1,-3,-122
1767174618.6612382,2,-6,-119
1767174618.6712382,5,-8,-112
1767174618.6812382,8,-10,-115
1767174618.6912382,9,-5,-120
1767174618.7012382,8,-4,-120
1767174618.711238,5,-2,-120
1767174618.721238,0,2,-115
1767174618.731238,-2,2,-120
1767174618.741238,-3,-1,-119
1767174618.751238,-3,-3,-115
1767174618.761238,1,-1,-116
1767174618.771238,4,-2,-115
1767174618.781238,4,3,-115
1767174618.791238,4,6,-116
1767174618.801238,0,1,-122
1767174618.811238,-3,-1,-121
1767174618.821238,-7,2,-121
1767174618.8312385,-3,1,-126
1767174618.8412385,0,3,-125
1767174618.8512385,0,0,-126
1767174618.8612382,4,0,-137
1767174618.8712382,6,3,-138
1767174618.8812382,5,-1,-133
1767174618.8912382,3,0,-123
1767174618.9012382,3,0,-126
1767174618.9112382,0,0,-122
1767174618.9212382,0,0,-121
1767174618.932238,2,-2,-120
1767174618.942238,2,-2,-122
1767174618.952238,0,0,-123
1767174618.962238,0,-5,-123
1767174618.972238,0,-6,-123
1767174618.982238,1,-8,-122
1767174618.992238,-1,-9,-118
1767174619.002238,-1,-9,-122
1767174619.0122385,-3,-5,-121
1767174619.0222385,-1,-5,-120
1767174619.0322382,-2,-1,-116
1767174619.0422382,-4,-5,-116
1767174619.0522382,-8,-3,-117
1767174619.0622382,-7,-3,-126
1767174619.0722382,-10,-1,-128
1767174619.0822382,-10,1,-124
1767174619.0922382,-6,1,-122
1767174619.1022382,-6,0,-118
1767174619.1122382,-3,-3,-117
1767174619.1222382,-2,-4,-124
1767174619.132238,-2,-4,-122
1767174619.142238,0,-1,-120
1767174619.152238,1,-2,-126
1767174619.162238,1,-5,-133
1767174619.172238,-2,-2,-140
1767174619.182238,-4,-4,-136
1767174619.192238,1,-7,-132
1767174619.202238,5,-10,-136
1767174619.212238,3,-5,-133
1767174619.222238,2,-7,-131
1767174619.232238,2,-9,-129
1767174619.242238,1,-3,-121
1767174619.252238,0,1,-119
1767174619.2622385,0,0,-119
1767174619.2722385,1,-2,-115
1767174619.2822382,0,-3,-116
1767174619.2922382,-3,-6,-110
1767174619.3022382,-4,-6,-107
1767174619.3122382,-1,-4,-101
1767174619.3222382,-2,-2,-108
1767174619.3322382,-2,3,-119
1767174619.3422382,-4,0,-123
1767174619.3522382,-2,1,-124
1767174619.3622382,-4,-2,-126
1767174619.3722382,-1,-1,-123
1767174619.382238,-3,-2,-123
1767174619.392238,-2,0,-115
1767174619.402238,0,1,-109
1767174619.412238,5,1,-106
1767174619.422238,1,3,-108
1767174619.432238,2,4,-111
1767174619.442238,-1,1,-126
1767174619.452238,1,-2,-133
1767174619.462238,0,-4,-129
1767174619.472238,-1,-4,-122
1767174619.482238,-3,-4,-119
1767174619.492238,0,0,-118
1767174619.502238,1,0,-127
1767174619.5122385,-5,1,-127
1767174619.5222385,-7,-2,-126
1767174619.5322382,-4,3,-124
1767174619.5422382,-3,2,-124
1767174619.5522382,-6,2,-126
1767174619.5622382,-7,3,-124
1767174619.5722382,-4,5,-127
1767174619.5822382,-3,5,-127
1767174619.5922382,-5,2,-129
1767174619.6022382,-7,0,-132
1767174619.6122382,-11,-2,-133
1767174619.6222382,-13,-5,-129
1767174619.632238,-9,-4,-132
1767174619.642238,3,-3,-133
1767174619.652238,1,-4,-122
1767174619.662238,4,-4,-124
1767174619.672238,3,-6,-123
1767174619.682238,3,-6,-124
1767174619.692238,1,-6,-130
1767174619.702238,2,-5,-131
1767174619.712238,3,-5,-130
1767174619.722238,2,0,-124
1767174619.732238,3,-3,-122
1767174619.742238,0,-1,-123
1767174619.752238,0,-1,-123
1767174619.7622385,6,-1,-124
1767174619.7722385,3,-2,-122
1767174619.7822382,2,1,-123
1767174619.7922382,2,0,-124
1767174619.8022382,2,-2,-125
1767174619.8122382,5,-1,-116
1767174619.8222382,5,0,-114
1767174619.8322382,0,-3,-125
1767174619.8422382,1,-1,-120
1767174619.8522382,0,0,-119
1767174619.8622382,-4,2,-123
1767174619.8722382,-2,0,-120
1767174619.882238,0,-2,-120
1767174619.892238,3,-1,-127
1767174619.902238,0,1,-125
1767174619.912238,0,0,-130
1767174619.922238,3,-3,-119
1767174619.932238,-1,-2,-119
1767174619.942238,0,-3,-117
1767174619.952238,3,-3,-124
1767174619.962238,5,-3,-122
1767174619.972238,1,-3,-114
1767174619.982238,-1,-1,-111
1767174619.992238,0,-1,-111
1767174620.002238,0,0,-112
1767174620.0122385,2,0,-115
1767174620.0222385,-1,0,-120
1767174620.0322382,1,0,-123
1767174620.0422382,0,-1,-118
1767174620.0522382,2,0,-110
1767174620.0622382,-1,2,-106
1767174620.0722382,-2,4,-114
1767174620.0822382,-6,3,-119
1767174620.0922382,-10,2,-125
1767174620.1022382,-10,1,-121
1767174620.1122382,-9,-2,-123
1767174620.1222382,-5,-1,-125
1767174620.132238,-2,-3,-118
1767174620.142238,-4,-1,-121
1767174620.152238,-1,2,-117
1767174620.162238,-1,2,-116
1767174620.172238,-2,6,-122
1767174620.182238,-2,5,-125
1767174620.192238,-2,2,-125
1767174620.202238,-8,0,-131
1767174620.212238,-3,4,-128
1767174620.222238,-2,3,-126
1767174620.232238,1,1,-128
1767174620.242238,3,1,-130
1767174620.252238,6,0,-136
1767174620.2622385,7,2,-130
1767174620.2722385,12,2,-125
1767174620.2822382,9,-2,-124
1767174620.2922382,5,-2,-122
1767174620.3022382,2,-4,-119
1767174620.3122382,2,-4,-120
1767174620.3222382,0,-3,-121
1767174620.3322382,0,-4,-117
1767174620.3422382,3,-4,-111
1767174620.3522382,0,-1,-116
1767174620.3622382,-2,-4,-117
1767174620.3722382,0,-3,-111
1767174620.382238,1,1,-105
1767174620.392238,5,-1,-101
1767174620.402238,3,-2,-95
1767174620.412238,3,-3,-97
1767174620.422238,2,-4,-108
1767174620.432238,4,-1,-116
1767174620.442238,0,0,-115
1767174620.452238,-1,2,-116
1767174620.462238,-1,2,-118
1767174620.472238,-1,0,-120
1767174620.482238,-1,0,-121
1767174620.492238,-1,-2,-117
1767174620.502238,1,-6,-112
1767174620.5122385,0,-5,-115
1767174620.5222385,-2,-1,-111
1767174620.5322382,0,1,-117
1767174620.5422382,2,1,-122
1767174620.5522382,0,-2,-122
1767174620.5622382,-1,0,-120
1767174620.5722382,-2,0,-126
1767174620.5822382,-2,0,-127
1767174620.5922382,-2,0,-125
1767174620.6022382,-7,1,-127
1767174620.6122382,-3,1,-123
1767174620.6222382,0,5,-122
1767174620.632238,0,3,-131
1767174620.642238,0,2,-128
1767174620.652238,-6,1,-124
1767174620.662238,-7,0,-128
1767174620.672238,-6,-1,-126
1767174620.682238,-3,1,-119
1767174620.692238,0,1,-120
1767174620.702238,0,4,-123
1767174620.712238,1,2,-125
1767174620.722238,0,4,-126
1767174620.732238,1,3,-130
1767174620.742238,4,0,-133
1767174620.752238,4,0,-125
1767174620.7622385,1,0,-128
1767174620.7722385,0,1,-128
1767174620.7822382,-2,4,-129
1767174620.7922382,-6,4,-122
1767174620.8022382,-2,2,-116
1767174620.8122382,-1,3,-121
1767174620.8222382,0,0,-123
1767174620.8322382,0,1,-129
1767174620.8422382,-6,2,-133
1767174620.8522382,-7,1,-124
1767174620.8622382,-3,-6,-129
1767174620.8722382,0,-6,-127
1767174620.882238,0,-4,-121
1767174620.892238,0,-1,-124
1767174620.902238,1,-1,-125
1767174620.912238,0,-1,-119
1767174620.922238,-3,-1,-120
1767174620.932238,-5,0,-119
1767174620.942238,-8,1,-122
1767174620.952238,-9,6,-122
1767174620.962238,-3,1,-123
1767174620.972238,-6,-1,-128
1767174620.982238,-6,0,-131
1767174620.992238,-2,2,-134
1767174621.002238,-1,2,-135
1767174621.0122385,-2,-1,-133
1767174621.0222385,0,-1,-131
1767174621.0322382,1,-3,-132
1767174621.0422382,0,-2,-135
1767174621.0522382,-1,0,-134
1767174621.0622382,-1,-8,-138
1767174621.0722382,-1,-8,-134
1767174621.0822382,0,-3,-132
1767174621.0922382,0,0,-127
1767174621.1022382,-4,0,-127
1767174621.1122382,-1,1,-132
1767174621.1222382,-2,2,-130
1767174621.132238,-4,1,-127
1767174621.142238,-1,4,-127
1767174621.152238,-1,4,-121
1767174621.162238,0,4,-113
1767174621.172238,1,1,-109
1767174621.182238,6,0,-111
1767174621.192238,5,0,-117
1767174621.202238,4,0,-109
1767174621.212238,2,0,-107
1767174621.222238,-1,-3,-112
1767174621.232238,-2,-2,-119
1767174621.242238,-2,-1,-125
1767174621.252238,-1,-1,-129
1767174621.2622385,-7,0,-126
1767174621.2722385,-8,-3,-127
1767174621.2822382,-11,-2,-125
1767174621.2922382,-10,-4,-127
1767174621.3022382,-3,-4,-124
1767174621.3122382,1,-2,-123
1767174621.3222382,-1,0,-130
1767174621.3322382,-1,-1,-132
1767174621.3422382,-1,-1,-126
1767174621.3522382,0,-3,-121
1767174621.3622382,0,-4,-121
1767174621.3722382,0,-3,-120
1767174621.382238,0,0,-123
1767174621.392238,-3,3,-123
1767174621.402238,-5,1,-126
1767174621.412238,-6,0,-131
1767174621.422238,-10,0,-128
1767174621.432238,-11,1,-121
1767174621.442238,-10,0,-117
1767174621.452238,-5,3,-119
1767174621.462238,-1,0,-120
1767174621.472238,-3,-3,-116
1767174621.482238,-7,-3,-109
1767174621.492238,-5,-3,-113
1767174621.502238,0,-5,-115
1767174621.5122385,-2,-5,-118
1767174621.5222385,-1,-6,-117
1767174621.5322382,-1,-4,-117
1767174621.5422382,0,0,-122
1767174621.5522382,0,2,-122
1767174621.5622382,-4,0,-131
1767174621.5722382,-2,1,-135
1767174621.5822382,0,2,-131
1767174621.5922382,3,1,-131
1767174621.6022382,4,1,-131
1767174621.613238,5,-2,-128
1767174621.623238,5,0,-127
1767174621.633238,4,-2,-125
1767174621.643238,0,-2,-115
1767174621.653238,1,-1,-117
1767174621.663238,-3,0,-122
1767174621.673238,-1,0,-125
1767174621.6832385,-4,2,-124
1767174621.6932385,-3,1,-124
1767174621.7032382,-5,4,-123
1767174621.7132382,-9,-1,-121
1767174621.7232382,-5,0,-122
1767174621.7332382,3,0,-124
1767174621.7432382,1,1,-125
1767174621.7532382,1,0,-129
1767174621.7632382,0,-2,-126
1767174621.7732382,-2,-1,-117
1767174621.7832382,0,-1,-121
1767174621.7932382,-3,-2,-115
1767174621.8032382,-1,-5,-114
1767174621.813238,-4,-8,-122
1767174621.823238,-1,-8,-117
1767174621.833238,0,-7,-114
1767174621.843238,-1,-3,-110
1767174621.853238,-3,-2,-107
1767174621.863238,-3,-2,-106
1767174621.873238,3,-4,-107
1767174621.883238,7,-3,-112
1767174621.893238,0,-1,-107
1767174621.903238,-1,-1,-109
1767174621.913238,-1,0,-113
1767174621.923238,-2,0,-117
1767174621.9332385,-3,0,-121
1767174621.9432385,-4,0,-116
1767174621.9532382,-4,3,-116
1767174621.9632382,-5,2,-122
1767174621.9732382,0,0,-119
1767174621.9832382,1,2,-117
1767174621.9932382,-1,3,-122
1767174622.0032382,-6,2,-122
1767174622.0132382,-9,0,-122
1767174622.0232382,-8,0,-124
1767174622.0332382,-15,-1,-122
1767174622.0432382,-15,-3,-123
1767174622.0532382,-10,-5,-120
1767174622.063238,-7,-4,-115
1767174622.073238,0,-4,-119
1767174622.083238,-2,-4,-122
1767174622.093238,0,-2,-123
1767174622.103238,0,0,-123
1767174622.113238,0,3,-125
1767174622.123238,3,6,-125
1767174622.133238,5,7,-122
1767174622.143238,3,10,-122
1767174622.153238,-3,8,-120
1767174622.163238,-5,2,-118
1767174622.173238,-4,3,-126
1767174622.1832385,-4,0,-125
1767174622.1932385,0,-1,-122
1767174622.2032382,0,-4,-118
1767174622.2132382,-3,-4,-118
1767174622.2232382,-2,-1,-122
1767174622.2332382,0,0,-124
1767174622.2432382,-2,-2,-125
1767174622.2532382,0,0,-125
1767174622.2632382,0,1,-124
1767174622.2732382,4,2,-122
1767174622.2832382,6,1,-125
1767174622.2932382,7,-1,-123
1767174622.3032382,3,-3,-128
1767174622.313238,0,-6,-123
1767174622.323238,-4,-2,-126
1767174622.333238,-8,-7,-128
1767174622.343238,-4,-6,-125
1767174622.353238,-7,-3,-126
1767174622.363238,0,-2,-122
1767174622.373238,0,0,-121
1767174622.383238,1,-4,-121
1767174622.393238,1,-3,-117
1767174622.403238,5,-3,-119
1767174622.413238,4,-5,-118
1767174622.423238,9,-7,-121
1767174622.4332385,5,-9,-122
1767174622.4432385,7,-8,-124
1767174622.4532382,1,-3,-127
1767174622.4632382,-4,-5,-127
1767174622.4732382,-5,-2,-128
1767174622.4832382,0,1,-129
1767174622.4932382,3,2,-128
1767174622.5032382,3,0,-126
1767174622.5132382,0,1,-134
1767174622.5232382,-2,2,-126
1767174622.5332382,-3,-1,-123
1767174622.5432382,-6,0,-124
1767174622.5532382,-8,1,-128
1767174622.563238,-10,-3,-128
1767174622.573238,-11,-2,-134
1767174622.583238,-3,-5,-133
1767174622.593238,1,-7,-129
1767174622.603238,0,-4,-122
1767174622.613238,-2,-4,-121
1767174622.623238,-1,-6,-121
1767174622.633238,-1,0,-129
1767174622.643238,-3,2,-135
1767174622.653238,0,2,-131
1767174622.663238,2,0,-126
1767174622.673238,5,-2,-122
1767174622.6832385,5,-2,-123
1767174622.6932385,3,-3,-126
1767174622.7032382,1,-2,-123
1767174622.7132382,0,0,-121
1767174622.7232382,-1,-3,-123
1767174622.7332382,6,-1,-119
1767174622.7432382,10,-2,-113
1767174622.7532382,6,-2,-112
1767174622.7632382,1,-1,-109
1767174622.7732382,2,-3,-113
1767174622.7832382,2,-5,-109
1767174622.7932382,0,-1,-109
1767174622.8032382,0,-4,-117
1767174622.813238,1,-2,-118
1767174622.823238,5,0,-119
1767174622.833238,11,2,-122
1767174622.843238,10,-1,-122
1767174622.853238,10,0,-120
1767174622.863238,6,2,-116
1767174622.873238,3,2,-114
1767174622.883238,3,2,-116
1767174622.893238,0,0,-121
1767174622.903238,3,2,-124
1767174622.913238,1,1,-129
1767174622.923238,0,3,-127
1767174622.9332385,3,4,-123
1767174622.9432385,0,4,-118
1767174622.9532382,0,-1,-122
1767174622.9632382,2,0,-118
1767174622.9732382,4,1,-118
1767174622.9832382,7,0,-119
1767174622.9932382,0,0,-116
1767174623.0032382,-4,0,-119
1767174623.0132382,-7,-1,-119
1767174623.0232382,-5,0,-116
1767174623.0332382,-7,1,-110
1767174623.0432382,-10,-3,-116
1767174623.0532382,-16,-1,-116
1767174623.063238,-14,0,-111
1767174623.073238,-6,0,-113
1767174623.083238,-3,-2,-111
1767174623.093238,0,0,-110
1767174623.103238,0,2,-116
1767174623.113238,-3,3,-118
1767174623.123238,-2,5,-120
1767174623.133238,-4,0,-115
1767174623.143238,-7,-2,-116
1767174623.153238,-3,-1,-119
1767174623.163238,-5,-7,-118
1767174623.173238,-3,-6,-120
1767174623.1832385,-5,-4,-119
1767174623.1932385,-5,-3,-123
1767174623.2032382,-2,-1,-128
1767174623.2132382,-1,1,-127
1767174623.2232382,-1,0,-123
1767174623.2332382,-5,-3,-119
1767174623.2432382,-7,-4,-119
1767174623.2532382,-3,-6,-120
1767174623.2632382,-5,-3,-115
1767174623.2732382,-5,-5,-117
1767174623.2832382,-5,-6,-116
1767174623.2932382,-3,-8,-114
1767174623.3032382,-3,-6,-113
1767174623.313238,-4,-4,-111
1767174623.323238,-4,-3,-123
1767174623.333238,-5,0,-126
1767174623.343238,1,-1,-126
1767174623.353238,0,0,-126
1767174623.363238,0,0,-130
1767174623.373238,1,0,-124
1767174623.383238,0,0,-124
1767174623.393238,0,0,-120
1767174623.403238,-1,-1,-118
1767174623.413238,-3,-4,-120
1767174623.423238,-6,-2,-122
1767174623.4332385,-5,0,-123
1767174623.4432385,-4,0,-123
1767174623.4532382,-2,-2,-124
1767174623.4632382,0,-8,-126
1767174623.4732382,-4,-7,-129
1767174623.4832382,0,-7,-129
1767174623.4932382,1,-9,-136
1767174623.5032382,5,-8,-130
1767174623.5132382,4,-2,-128
1767174623.5232382,2,-2,-123
1767174623.5332382,0,-1,-119
1767174623.5432382,5,-1,-112
1767174623.5532382,5,2,-112
1767174623.563238,4,2,-114
1767174623.573238,5,2,-121
1767174623.583238,5,3,-124
1767174623.593238,-1,2,-120
1767174623.603238,-4,5,-120
1767174623.6242385,-1,3,-123
1767174623.633238,0,0,-122
1767174623.643238,0,-5,-119
1767174623.653238,2,-6,-116
1767174623.663238,1,-8,-110
1767174623.673238,-1,-9,-115
1767174623.6832385,-6,-8,-116
1767174623.6932385,-6,-8,-117
1767174623.7032382,-7,-6,-118
1767174623.7132382,-4,-4,-125
1767174623.7232382,-3,-6,-123
1767174623.7332382,-3,-6,-121
1767174623.7432382,-4,-9,-118
1767174623.7532382,-5,-8,-123
1767174623.7632382,-6,-5,-120
1767174623.7732382,-3,-5,-120
1767174623.7832382,3,-7,-120
1767174623.7932382,4,-3,-116
1767174623.8032382,0,-2,-112
1767174623.813238,1,-2,-120
1767174623.823238,-3,0,-127
1767174623.833238,-3,-1,-126
1767174623.843238,-3,-1,-124
1767174623.853238,-5,-1,-125
1767174623.863238,-6,-2,-124
1767174623.873238,-5,-1,-128
1767174623.883238,-5,-3,-133
1767174623.893238,-5,-8,-133
1767174623.903238,-6,-7,-122
1767174623.913238,-1,-5,-114
1767174623.923238,-3,-7,-129
1767174623.9332385,-3,-7,-129
1767174623.9432385,-4,-6,-133
1767174623.9532382,-6,-5,-133
1767174623.9632382,0,-6,-131
1767174623.9732382,0,-4,-124
1767174623.9832382,6,-2,-120
1767174623.9932382,1,0,-113
1767174624.0032382,-2,-1,-110
1767174624.0132382,-3,-1,-108
1767174624.0232382,-4,-5,-114
1767174624.0332382,-6,-6,-115
1767174624.0432382,-7,-7,-121
1767174624.0532382,-4,-10,-118
1767174624.063238,-7,-9,-116
1767174624.073238,-3,-9,-118
1767174624.083238,-4,-9,-117
1767174624.093238,-3,-7,-116
1767174624.103238,-4,-4,-117
1767174624.113238,0,-3,-125
1767174624.123238,0,-4,-123
1767174624.133238,1,-8,-128
1767174624.143238,-1,-6,-120
1767174624.153238,-1,-6,-122
1767174624.163238,-4,-8,-122
1767174624.173238,-6,-6,-119
1767174624.1832385,-6,-3,-120
1767174624.1932385,-6,-1,-124
1767174624.2032382,-5,-5,-129
1767174624.2142382,-3,-4,-132
1767174624.2232382,-2,-5,-136
1767174624.2332382,-1,-8,-139
1767174624.2432382,0,-9,-136
1767174624.2532382,0,-5,-132
1767174624.2632382,-1,-1,-123
1767174624.274238,2,0,-125
1767174624.284238,0,3,-132
1767174624.294238,-7,3,-132
1767174624.304238,-6,1,-117
1767174624.314238,-5,-1,-110
1767174624.324238,-3,0,-114
1767174624.334238,-2,-2,-120
1767174624.344238,0,-6,-120
1767174624.3542385,0,-6,-118
1767174624.3642385,2,-6,-118
1767174624.3742385,-3,-4,-115
1767174624.3842382,-4,-7,-115
1767174624.3952382,-3,-5,-122
1767174624.4042382,-1,0,-126
1767174624.4142382,-1,-1,-128
1767174624.4242382,-3,0,-126
1767174624.4342382,-4,3,-120
1767174624.4442382,0,3,-117
1767174624.4542382,0,2,-112
1767174624.4642382,-2,8,-109
1767174624.4742382,-1,10,-108
1767174624.484238,-2,6,-118
1767174624.494238,-2,6,-125
1767174624.504238,-4,5,-123
1767174624.514238,-1,6,-127
1767174624.524238,-2,5,-122
1767174624.534238,1,1,-113
1767174624.544238,4,1,-113
1767174624.554238,2,-1,-118
1767174624.564238,3,0,-121
1767174624.574238,4,1,-127
1767174624.584238,1,0,-125
1767174624.594238,3,-2,-122
1767174624.6042385,6,-3,-126
1767174624.6142385,9,-4,-126
1767174624.6242385,11,-5,-126
1767174624.6342382,11,-3,-132
1767174624.6442382,9,0,-140
1767174624.6542382,6,0,-129
1767174624.6642382,6,-4,-128
1767174624.6742382,5,-5,-128
1767174624.6842382,-1,-7,-130
1767174624.6942382,0,-4,-133
1767174624.7042382,3,-3,-130
1767174624.7142382,0,-1,-125
1767174624.7242382,-4,0,-130
1767174624.734238,-6,0,-135
1767174624.744238,0,3,-135
1767174624.754238,6,5,-125
1767174624.764238,4,7,-128
1767174624.774238,0,7,-127
1767174624.784238,-1,9,-126
1767174624.794238,0,8,-131
1767174624.804238,-6,9,-122
1767174624.814238,-8,7,-122
1767174624.824238,-4,5,-128
1767174624.834238,-2,4,-125
1767174624.844238,-2,4,-121
1767174624.8542385,-7,1,-130
1767174624.8642385,-4,0,-131
1767174624.8742385,-4,-2,-130
1767174624.8842382,-3,-5,-134
1767174624.8942382,-3,-4,-134
1767174624.9042382,-3,-2,-131
1767174624.9142382,-1,-4,-126
1767174624.9242382,1,-7,-126
1767174624.9342382,2,-8,-124
1767174624.9442382,5,-11,-125
1767174624.9542382,8,-9,-129
1767174624.9642382,6,-6,-132
1767174624.9742382,2,-2,-127
1767174624.984238,-4,-3,-129
1767174624.994238,-1,-3,-132
1767174625.004238,-3,-4,-129
1767174625.014238,-2,-5,-124
1767174625.024238,2,-4,-127
1767174625.034238,3,-7,-125
1767174625.044238,1,-4,-127
1767174625.054238,0,-2,-127
1767174625.064238,-5,-1,-129
1767174625.074238,-7,0,-128
1767174625.084238,-4,-1,-126
1767174625.094238,-5,-5,-122
1767174625.1042385,-7,-2,-120
1767174625.1142385,-2,-1,-126
1767174625.1242385,1,-1,-122
1767174625.1342382,2,0,-112
1767174625.1442382,0,-3,-110
1767174625.1542382,1,-3,-116
1767174625.1642382,1,-5,-118
1767174625.1742382,0,-2,-119
1767174625.1842382,1,0,-128
1767174625.1942382,1,-1,-128
1767174625.2042382,3,-2,-125
1767174625.2142382,-1,-2,-125
1767174625.2242382,1,-2,-125
1767174625.234238,-2,-2,-123
1767174625.244238,0,0,-121
1767174625.254238,-2,0,-124
1767174625.264238,-4,-2,-123
1767174625.274238,-10,-6,-126
1767174625.284238,-5,-4,-121
1767174625.294238,-5,-4,-119
1767174625.304238,-7,-6,-115
1767174625.314238,-6,-5,-114
1767174625.324238,-5,-2,-119
1767174625.334238,-5,-1,-121
1767174625.344238,-7,3,-119
1767174625.3542385,-5,-2,-117
1767174625.3642385,-1,-4,-115
1767174625.3742385,-1,-5,-112
1767174625.3842382,-1,-10,-116
1767174625.3942382,0,-9,-123
1767174625.4042382,-2,-6,-122
1767174625.4142382,-1,-9,-122
1767174625.4242382,-4,-11,-126
1767174625.4342382,-4,-10,-126
1767174625.4442382,-1,-10,-132
1767174625.4542382,-1,-5,-136
1767174625.4642382,0,-6,-137
1767174625.4742382,2,-9,-131
1767174625.484238,4,-4,-128
1767174625.494238,5,2,-122
1767174625.504238,4,0,-114
1767174625.514238,4,-1,-113
1767174625.524238,0,2,-116
1767174625.534238,0,1,-109
1767174625.544238,4,2,-112
1767174625.554238,0,0,-110
1767174625.564238,4,0,-108
1767174625.574238,2,0,-102
1767174625.584238,0,0,-102
1767174625.594238,1,0,-106
1767174625.6042385,1,0,-112
1767174625.6142385,-2,0,-111
1767174625.6242385,-3,4,-112
1767174625.6342382,-6,4,-111
1767174625.6442382,-1,2,-110
1767174625.6542382,-4,-1,-112
1767174625.6642382,-9,-1,-119
1767174625.6742382,-11,-4,-123
1767174625.6842382,-10,-3,-124
1767174625.6942382,-6,-3,-125
1767174625.7042382,-4,-2,-128
1767174625.7142382,-4,-4,-120
1767174625.7242382,-2,-1,-125
1767174625.734238,2,-2,-126
1767174625.744238,3,-1,-122
1767174625.754238,0,-4,-117
1767174625.764238,0,-7,-122
1767174625.774238,0,-7,-124
1767174625.784238,5,-7,-122
1767174625.794238,4,-6,-127
1767174625.804238,5,-5,-122
1767174625.814238,2,-7,-120
1767174625.824238,4,-6,-131
1767174625.834238,0,-4,-132
1767174625.844238,0,-1,-127
1767174625.8542385,-3,1,-118
1767174625.8642385,-6,2,-119
1767174625.8742385,-6,1,-117
1767174625.8842382,-7,-3,-114
1767174625.8942382,-3,-8,-110
1767174625.9042382,-2,-10,-119
1767174625.9142382,-3,-8,-126
1767174625.9242382,0,-6,-128
1767174625.9342382,0,-3,-129
1767174625.9442382,4,-2,-120
1767174625.9542382,3,0,-122
1767174625.9642382,4,1,-126
1767174625.9742382,6,2,-139
1767174625.984238,7,-3,-137
1767174625.994238,2,-4,-128
1767174626.004238,-2,-1,-122
1767174626.014238,0,-4,-130
1767174626.024238,1,-3,-132
1767174626.034238,-2,0,-136
1767174626.044238,-5,2,-131
1767174626.054238,-2,5,-122
1767174626.064238,-1,2,-117
1767174626.074238,-2,-1,-107
1767174626.084238,-8,-1,-111
1767174626.094238,-6,0,-113
1767174626.1042385,-5,0,-113
1767174626.1142385,-2,1,-117
1767174626.1242385,2,1,-116
1767174626.1342382,3,0,-121
1767174626.1442382,-1,0,-117
1767174626.1542382,0,0,-114
1767174626.1642382,0,2,-112
1767174626.1742382,4,6,-113
1767174626.1842382,4,1,-115
1767174626.1942382,9,3,-119
1767174626.2042382,6,1,-121
1767174626.2142382,2,1,-117
1767174626.2242382,4,0,-123
1767174626.234238,3,-2,-126
1767174626.244238,5,-3,-128
1767174626.254238,5,-2,-130
1767174626.264238,5,-2,-134
1767174626.274238,3,-4,-131
1767174626.284238,4,-3,-131
1767174626.294238,2,-2,-134
1767174626.304238,4,-6,-129
1767174626.314238,0,-4,-126
1767174626.324238,-4,-7,-124
1767174626.334238,-4,-6,-122
1767174626.344238,-6,-8,-121
1767174626.3542385,-8,-9,-121
1767174626.3642385,-2,-7,-115
1767174626.3742385,-4,-7,-115
1767174626.3842382,2,-7,-108
1767174626.3942382,2,-6,-113
1767174626.4042382,5,-2,-116
1767174626.4142382,6,-1,-119
1767174626.4242382,5,0,-120
1767174626.4342382,2,1,-121
1767174626.4442382,2,0,-123
1767174626.4542382,2,-3,-130
1767174626.4642382,0,-3,-122
1767174626.4742382,0,0,-121
1767174626.484238,0,-3,-117
1767174626.494238,-2,0,-114
1767174626.504238,0,0,-117
1767174626.514238,3,0,-120
1767174626.524238,6,-4,-124
1767174626.534238,4,-4,-118
1767174626.544238,-1,-2,-118
1767174626.554238,0,0,-122
1767174626.564238,2,0,-125
1767174626.574238,1,1,-118
1767174626.584238,0,-2,-117
1767174626.594238,1,-4,-117
1767174626.6042385,6,-4,-113
1767174626.6142385,5,-6,-109
1767174626.6242385,5,-1,-111
1767174626.6342382,6,-5,-116
1767174626.6442382,5,-7,-113
1767174626.6542382,6,-4,-112
1767174626.6642382,1,-3,-107
1767174626.6742382,0,-2,-109
1767174626.6842382,-1,-3,-111
1767174626.6942382,-1,-1,-112
1767174626.7042382,-3,-1,-119
1767174626.7142382,-3,-4,-120
1767174626.7242382,-2,-4,-122
1767174626.734238,-2,-1,-121
1767174626.744238,-4,0,-121
1767174626.754238,-2,-5,-117
1767174626.764238,-2,-12,-112
1767174626.774238,1,-13,-113
1767174626.784238,0,-13,-118
1767174626.794238,-1,-5,-121
1767174626.804238,0,-1,-124
1767174626.814238,0,-1,-118
1767174626.824238,-1,-3,-117
1767174626.834238,2,0,-108
1767174626.844238,5,0,-116
1767174626.8542385,2,-1,-118
1767174626.8642385,1,-2,-119
1767174626.8752382,0,0,-118
1767174626.8852382,3,-1,-125
1767174626.8942382,3,1,-119
1767174626.9052382,8,3,-122
1767174626.915238,11,-1,-122
1767174626.925238,7,0,-116
1767174626.935238,6,-3,-121
1767174626.945238,6,-4,-125
1767174626.955238,5,-7,-126
1767174626.965238,8,-7,-126
1767174626.975238,6,-7,-119
1767174626.985238,4,-3,-115
1767174626.995238,9,0,-116
1767174627.005238,11,-1,-113
1767174627.015238,13,-2,-113
1767174627.025238,14,0,-117
1767174627.0352385,8,2,-119
1767174627.0452385,8,1,-118
1767174627.0552382,6,-3,-116
1767174627.0652382,1,-7,-115
1767174627.0752382,-3,-3,-121
1767174627.0852382,-4,-9,-126
1767174627.0952382,-7,-7,-128
1767174627.1052382,-8,-1,-124
1767174627.1152382,-7,2,-130
1767174627.1252382,-3,-1,-126
1767174627.1352382,-1,-2,-129
1767174627.1452382,1,-3,-131
1767174627.1552382,2,-1,-126
1767174627.165238,1,-5,-129
1767174627.175238,3,-4,-127
1767174627.185238,0,-1,-118
1767174627.195238,-5,-2,-117
1767174627.205238,-6,-3,-120
1767174627.215238,-6,-3,-125
1767174627.225238,-5,-3,-125
1767174627.235238,-1,0,-125
1767174627.245238,-2,0,-131
1767174627.255238,-3,-5,-134
1767174627.265238,0,-7,-132
1767174627.275238,0,-8,-131
1767174627.2852385,0,-6,-127
1767174627.2952385,0,-4,-124
1767174627.3052382,-3,-7,-124
1767174627.3152382,0,-10,-127
1767174627.3252382,1,-8,-132
1767174627.3352382,0,-3,-130
1767174627.3452382,2,0,-129
1767174627.3552382,1,2,-127
1767174627.3652382,2,3,-129
1767174627.3752382,3,1,-128
1767174627.3852382,7,-3,-125
1767174627.3952382,6,-3,-125
1767174627.4052382,8,-5,-120
1767174627.415238,14,-7,-119
1767174627.425238,15,-5,-113
1767174627.435238,11,-4,-120
1767174627.445238,4,-6,-119
1767174627.455238,4,-7,-126
1767174627.465238,1,-8,-131
1767174627.475238,0,-5,-128
1767174627.485238,-2,-6,-127
1767174627.495238,-2,-7,-124
1767174627.505238,0,-9,-116
1767174627.515238,3,-9,-113
1767174627.525238,6,-7,-120
1767174627.5352385,2,-2,-116
1767174627.5452385,0,-4,-116
1767174627.5552382,1,-3,-115
1767174627.5652382,4,-3,-111
1767174627.5752382,2,-5,-116
1767174627.5852382,4,-7,-121
1767174627.5952382,0,-7,-122
1767174627.6052382,0,-7,-123
1767174627.6152382,0,-7,-120
1767174627.6252382,1,-7,-119
1767174627.6352382,0,-4,-123
1767174627.6452382,-4,-4,-120
1767174627.6552382,1,0,-122
1767174627.665238,8,4,-121
1767174627.675238,6,0,-115
1767174627.685238,3,0,-114
1767174627.695238,-4,0,-113
1767174627.705238,-4,0,-110
1767174627.715238,4,-1,-107
1767174627.725238,2,-4,-107
1767174627.735238,0,-3,-112
1767174627.745238,0,0,-116
1767174627.755238,0,-5,-110
1767174627.765238,-2,-2,-111
1767174627.775238,-2,-3,-112
1767174627.7852385,0,-5,-114
1767174627.7952385,2,-7,-118
1767174627.8052382,-2,0,-118
1767174627.8152382,-2,-1,-114
1767174627.8252382,-3,-1,-114
1767174627.8352382,-4,-1,-118
1767174627.8452382,0,-2,-122
1767174627.8552382,0,-2,-117
1767174627.8652382,-2,0,-118
1767174627.8752382,0,-3,-122
1767174627.8852382,0,-1,-121
1767174627.8952382,4,0,-121
1767174627.9052382,2,2,-124
1767174627.915238,4,-2,-127
1767174627.925238,2,-2,-121
1767174627.935238,0,-5,-113
1767174627.945238,1,-7,-112
1767174627.955238,-2,-8,-117
1767174627.965238,-4,-9,-124
1767174627.975238,-7,-6,-130
1767174627.985238,-12,-6,-127
1767174627.995238,-10,-3,-126
1767174628.005238,-3,-1,-123
1767174628.015238,0,-2,-129
1767174628.025238,-2,-2,-124
1767174628.0352385,-5,-5,-124
1767174628.0452385,-8,-3,-119
1767174628.0552382,-5,-10,-118
1767174628.0652382,1,-12,-120
1767174628.0752382,0,-11,-116
1767174628.0852382,-2,-6,-116
1767174628.0952382,1,-1,-114
1767174628.1052382,4,1,-113
1767174628.1152382,2,2,-112
1767174628.1252382,3,0,-114
1767174628.1352382,0,6,-110
1767174628.1452382,-2,5,-108
1767174628.1552382,-3,-1,-113
1767174628.165238,-3,0,-120
1767174628.175238,-2,0,-121
1767174628.185238,0,-2,-122
1767174628.195238,1,-3,-121
1767174628.205238,-1,-3,-116
1767174628.215238,-2,-2,-120
1767174628.225238,0,-4,-125
1767174628.235238,1,-2,-123
1767174628.245238,0,-2,-125
1767174628.255238,-2,-4,-124
1767174628.265238,-1,-5,-133
1767174628.275238,-1,-9,-124
1767174628.2852385,-4,-9,-120
1767174628.2952385,-2,-6,-110
1767174628.3052382,-1,-5,-118
1767174628.3152382,4,-7,-116
1767174628.3252382,6,-6,-114
1767174628.3352382,2,-7,-120
1767174628.3452382,5,-7,-122
1767174628.3552382,6,-3,-123
1767174628.3652382,8,-2,-122
1767174628.3752382,10,-3,-116
1767174628.3852382,10,-8,-115
1767174628.3952382,6,-10,-117
1767174628.4052382,6,-7,-111
1767174628.415238,6,-5,-116
1767174628.425238,8,-5,-114
1767174628.435238,8,-3,-109
1767174628.445238,6,-1,-110
1767174628.455238,8,-4,-118
1767174628.465238,9,-5,-112
1767174628.475238,9,-8,-118
1767174628.485238,8,-6,-120
1767174628.495238,4,-6,-121
1767174628.505238,3,-7,-118
1767174628.515238,2,-2,-116
1767174628.525238,3,-4,-111
1767174628.5352385,3,-4,-115
1767174628.5452385,1,-1,-114
1767174628.5552382,2,-2,-117
1767174628.5652382,2,-4,-119
1767174628.5752382,5,-6,-117
1767174628.5852382,3,-6,-125
1767174628.5952382,-1,-5,-121
1767174628.6052382,2,-6,-125
1767174628.6152382,0,-6,-123
1767174628.6372385,5,-6,-118
1767174628.6452382,6,-6,-120
1767174628.6552382,4,-1,-121
1767174628.665238,-2,0,-130
1767174628.675238,-2,-4,-128
1767174628.685238,0,-8,-130
1767174628.695238,4,-6,-127
1767174628.705238,4,-5,-126
1767174628.715238,3,-1,-128
1767174628.725238,3,-2,-124
1767174628.735238,3,-3,-124
1767174628.745238,4,-3,-121
1767174628.755238,2,-4,-122
1767174628.765238,0,-3,-119
1767174628.775238,0,-3,-116
1767174628.7852385,-5,-9,-115
1767174628.7952385,-5,-6,-115
1767174628.8052382,-4,-4,-120
1767174628.8152382,-7,-3,-120
1767174628.8252382,-3,-3,-120
1767174628.8352382,0,-3,-123
1767174628.8452382,2,-2,-118
1767174628.8552382,4,-2,-107
1767174628.8652382,3,-2,-112
1767174628.8752382,2,0,-116
1767174628.8852382,2,1,-119
1767174628.8952382,0,1,-118
1767174628.9052382,0,0,-112
1767174628.915238,-2,4,-108
1767174628.925238,-5,5,-111
1767174628.935238,-5,-3,-117
1767174628.945238,1,-4,-115
1767174628.955238,1,0,-115
1767174628.965238,0,-1,-112
1767174628.975238,-2,1,-116
1767174628.985238,-3,3,-116
1767174628.995238,-5,0,-115
1767174629.005238,-4,-1,-117
1767174629.015238,-3,-1,-115
1767174629.025238,-9,1,-115
1767174629.0352385,-12,5,-118
1767174629.0452385,-13,7,-122
1767174629.0552382,-10,7,-118
1767174629.0652382,-4,3,-117
1767174629.0752382,-6,0,-119
1767174629.0852382,-4,-1,-119
1767174629.0952382,0,0,-120
1767174629.1052382,4,-1,-114
1767174629.1152382,4,2,-120
1767174629.1252382,3,1,-120
1767174629.1352382,0,3,-123
1767174629.1452382,-2,1,-124
1767174629.1552382,-2,-2,-126
1767174629.165238,0,-7,-128
1767174629.175238,0,-9,-127
1767174629.185238,-2,-10,-127
1767174629.195238,-6,-9,-133
1767174629.205238,-3,-7,-137
1767174629.215238,-4,-5,-140
1767174629.225238,-2,-1,-137
1767174629.235238,0,-2,-131
1767174629.245238,2,-1,-125
1767174629.255238,1,1,-129
1767174629.265238,0,0,-126
1767174629.275238,7,-5,-131
1767174629.2852385,4,-3,-131
1767174629.2952385,5,-1,-135
1767174629.3052382,1,-3,-137
1767174629.3152382,0,-1,-123
1767174629.3252382,0,0,-117
1767174629.3352382,0,1,-110
1767174629.3452382,0,2,-108
1767174629.3552382,0,1,-120
1767174629.3652382,-5,0,-125
1767174629.3752382,-3,1,-129
1767174629.3852382,-3,-1,-124
1767174629.3952382,-4,-7,-128
1767174629.4052382,-2,-7,-130
1767174629.415238,0,-5,-126
1767174629.425238,0,0,-118
1767174629.435238,-2,0,-117
1767174629.445238,-3,-1,-120
1767174629.455238,0,-1,-117
1767174629.465238,1,0,-123
1767174629.475238,-2,2,-129
1767174629.485238,-3,0,-125
1767174629.495238,0,-1,-125
1767174629.505238,-2,2,-114
1767174629.515238,-1,2,-110
1767174629.525238,-3,2,-106
1767174629.5352385,-3,-3,-103
1767174629.5452385,-2,-3,-107
1767174629.5562382,-2,-2,-119
1767174629.5652382,-2,0,-124
1767174629.5762382,-1,0,-122
1767174629.5852382,2,-1,-121
1767174629.596238,2,-2,-127
1767174629.606238,4,-4,-129
1767174629.616238,3,-2,-130
1767174629.626238,0,-3,-126
1767174629.636238,-5,-5,-119
1767174629.646238,-7,-2,-126
1767174629.656238,-6,-2,-129
1767174629.666238,-5,-1,-128
1767174629.676238,0,-2,-124
1767174629.686238,2,-1,-123
1767174629.696238,1,0,-126
1767174629.7062385,4,0,-124
1767174629.7162385,2,-2,-130
1767174629.7262385,0,-3,-127
1767174629.7362382,2,-4,-127
1767174629.7462382,4,-3,-125
1767174629.7562382,6,-4,-128
1767174629.7662382,9,-1,-130
1767174629.7762382,8,-1,-125
1767174629.7862382,4,-1,-130
1767174629.7962382,4,-4,-127
1767174629.8062382,4,-5,-125
1767174629.8162382,2,-2,-118
1767174629.8262382,4,-1,-118
1767174629.836238,4,0,-122
1767174629.846238,2,-5,-121
1767174629.856238,2,-7,-118
1767174629.866238,-1,-8,-116
1767174629.876238,-1,-10,-118
1767174629.886238,0,-7,-118
1767174629.896238,2,-9,-120
1767174629.906238,3,-2,-115
1767174629.916238,0,-4,-114
1767174629.926238,0,-1,-114
1767174629.936238,2,-2,-118
1767174629.946238,1,0,-119
1767174629.9562385,0,0,-115
1767174629.9662385,0,0,-117
1767174629.9762385,1,0,-117
1767174629.9862382,-1,0,-109
1767174629.9962382,-6,0,-105
1767174630.0062382,-6,0,-111
1767174630.0162382,-1,-1,-111
1767174630.0262382,2,-1,-110
1767174630.0362382,3,0,-116
1767174630.0462382,0,0,-119
1767174630.0562382,0,-3,-120
1767174630.0662382,-2,0,-123
1767174630.0762382,-5,-1,-116
1767174630.086238,-5,-5,-114
1767174630.096238,-2,-3,-113
1767174630.106238,0,-5,-117
1767174630.116238,-3,-5,-124
1767174630.126238,-3,-8,-131
1767174630.136238,0,-7,-129
1767174630.146238,-3,-7,-120
1767174630.156238,0,-8,-121
1767174630.166238,2,-4,-121
1767174630.176238,-1,-4,-122
1767174630.186238,1,-4,-118
1767174630.196238,-1,-7,-117
1767174630.2062385,-1,-6,-120
1767174630.2162385,-1,-4,-125
1767174630.2262385,-1,0,-129
1767174630.2362382,3,3,-119
1767174630.2462382,0,6,-116
1767174630.2562382,0,5,-117
1767174630.2662382,-1,6,-116
1767174630.2762382,-1,4,-109
1767174630.2862382,-1,0,-102
1767174630.2962382,0,2,-105
1767174630.3062382,-1,-1,-109
1767174630.3162382,-2,-3,-110
1767174630.3262382,-6,-2,-123
1767174630.336238,-3,0,-122
1767174630.346238,0,2,-122
1767174630.356238,3,0,-122
1767174630.366238,2,1,-126
1767174630.376238,1,0,-126
1767174630.386238,-2,0,-121
1767174630.396238,-2,-3,-128
1767174630.406238,4,-3,-127
1767174630.416238,5,-7,-117
1767174630.426238,8,-4,-120
1767174630.436238,1,-5,-121
1767174630.446238,0,-2,-121
1767174630.4562385,0,-1,-122
1767174630.4662385,-1,-2,-121
1767174630.4762385,0,-3,-121
1767174630.4862382,0,-8,-119
1767174630.4962382,1,-6,-113
1767174630.5062382,3,-6,-112
1767174630.5162382,0,-4,-116
1767174630.5262382,-3,-3,-121
1767174630.5362382,2,-4,-117
1767174630.5462382,5,-3,-128
1767174630.5562382,4,-5,-132
1767174630.5662382,8,2,-130
1767174630.5762382,6,5,-129
1767174630.586238,7,0,-125
1767174630.596238,5,2,-130
1767174630.606238,7,1,-131
1767174630.616238,4,-2,-126
1767174630.626238,4,-3,-129
1767174630.636238,3,-4,-136
1767174630.646238,0,-4,-132
1767174630.656238,0,-7,-136
1767174630.666238,-1,-5,-130
1767174630.676238,-1,-2,-129
1767174630.686238,-2,0,-124
1767174630.696238,0,2,-126
1767174630.7062385,-2,-4,-124
1767174630.7162385,-2,-3,-126
1767174630.7262385,0,-5,-132
1767174630.7362382,-2,-6,-129
1767174630.7462382,1,-7,-119
1767174630.7562382,0,-5,-118
1767174630.7662382,-1,-1,-116
1767174630.7762382,-1,1,-110
1767174630.7862382,0,1,-116
1767174630.7962382,-4,0,-115
1767174630.8062382,0,-2,-118
1767174630.8162382,3,0,-119
1767174630.8262382,-1,-2,-126
1767174630.836238,-1,-1,-126
1767174630.846238,-1,-8,-126
1767174630.856238,2,-8,-122
1767174630.866238,6,-5,-123
1767174630.876238,3,-3,-119
1767174630.886238,5,-1,-114
1767174630.896238,2,-1,-111
1767174630.906238,1,-4,-115
1767174630.916238,1,-1,-115
1767174630.926238,0,-3,-116
1767174630.936238,-5,-7,-116
1767174630.946238,0,-5,-121
1767174630.9562385,1,-3,-121
1767174630.9662385,5,-7,-123
1767174630.9762385,6,-8,-121
1767174630.9862382,5,-6,-122
1767174630.9962382,11,-3,-121
1767174631.0062382,9,-3,-125
1767174631.0162382,5,-4,-124
1767174631.0262382,4,-3,-120
1767174631.0362382,4,-1,-125
1767174631.0462382,4,-4,-131
1767174631.0562382,8,-4,-137
1767174631.0662382,11,-3,-129
1767174631.0762382,10,-4,-132
1767174631.086238,6,-3,-130
1767174631.096238,5,-4,-130
1767174631.106238,2,-3,-132
1767174631.116238,0,-3,-138
1767174631.126238,0,-2,-135
1767174631.136238,2,-1,-129
1767174631.146238,1,-1,-123
1767174631.156238,0,-2,-124
1767174631.166238,-1,5,-124
1767174631.176238,-9,6,-120
1767174631.186238,-8,2,-118
1767174631.196238,-8,3,-112
1767174631.2062385,-3,2,-119
1767174631.2162385,-3,3,-118
1767174631.2262385,-2,4,-115
1767174631.2362382,-2,0,-106
1767174631.2462382,0,2,-104
1767174631.2562382,-1,3,-116
1767174631.2662382,0,4,-119
1767174631.2762382,-2,6,-123
1767174631.2862382,0,3,-123
1767174631.2962382,2,3,-125
1767174631.3062382,4,5,-127
1767174631.3162382,-1,4,-126
1767174631.3262382,-5,1,-127
1767174631.336238,-7,2,-134
1767174631.346238,-7,3,-127
1767174631.356238,-3,3,-120
1767174631.366238,2,0,-119
1767174631.376238,2,1,-122
1767174631.386238,1,-2,-121
1767174631.396238,1,-3,-118
1767174631.406238,-4,-3,-116
1767174631.416238,-1,-6,-113
1767174631.426238,0,-6,-118
1767174631.436238,-3,-6,-115
1767174631.446238,-3,-4,-116
1767174631.4562385,-2,-6,-114
1767174631.4662385,-1,-5,-124
1767174631.4762385,-1,-5,-125
1767174631.4862382,0,-10,-122
1767174631.4962382,0,-7,-123
1767174631.5062382,-2,-7,-129
1767174631.5162382,0,-10,-132
1767174631.5262382,-5,-11,-133
1767174631.5362382,-4,-10,-129
1767174631.5462382,-3,-11,-130
1767174631.5562382,-1,-5,-129
1767174631.5662382,-5,-7,-130
1767174631.5762382,-2,-10,-128
1767174631.586238,-1,-5,-126
1767174631.596238,0,-2,-124
1767174631.606238,-1,1,-122
1767174631.616238,-2,-1,-113
1767174631.626238,-7,-1,-122
1767174631.636238,-4,2,-126
1767174631.646238,-1,-1,-128
1767174631.656238,0,-2,-130
1767174631.666238,-1,-1,-124
1767174631.676238,-3,0,-122
1767174631.686238,-3,-3,-128
1767174631.696238,-2,-5,-130
1767174631.7062385,-1,-5,-122
1767174631.7162385,0,-4,-122
1767174631.7262385,-1,-3,-122
1767174631.7362382,0,-1,-123
1767174631.7462382,1,-1,-118
1767174631.7562382,-3,-4,-115
1767174631.7662382,0,-3,-123
1767174631.7762382,2,-6,-131
1767174631.7862382,0,-6,-130
1767174631.7962382,-1,-3,-125
1767174631.8062382,0,-7,-121
1767174631.8162382,1,-9,-120
1767174631.8262382,4,-7,-119
1767174631.836238,0,-2,-126
1767174631.846238,0,0,-125
1767174631.856238,-1,0,-125
1767174631.866238,-2,-7,-117
1767174631.876238,-3,-8,-120
1767174631.886238,-2,-7,-127
1767174631.896238,-4,-4,-127
1767174631.906238,-5,-1,-133
1767174631.916238,-5,0,-136
1767174631.926238,-1,-2,-128
1767174631.936238,-5,-5,-129
1767174631.946238,-6,-7,-127
1767174631.9562385,-1,-9,-124
1767174631.9662385,-5,-8,-129
1767174631.9762385,-3,-5,-127
1767174631.9862382,-4,0,-132
1767174631.9962382,-5,1,-135
1767174632.0062382,-2,0,-129
1767174632.0162382,3,-4,-120
1767174632.0262382,4,-8,-113
1767174632.0362382,5,-6,-114
1767174632.0462382,4,-8,-117
1767174632.0562382,2,-6,-115
1767174632.0662382,2,-5,-119
1767174632.0762382,0,-5,-119
1767174632.086238,1,-5,-115
1767174632.096238,-1,-2,-119
1767174632.106238,0,-2,-122
1767174632.116238,-3,2,-121
1767174632.126238,0,5,-123
1767174632.136238,3,5,-120
1767174632.146238,1,1,-125
1767174632.156238,3,0,-119
1767174632.166238,3,-3,-119
1767174632.176238,3,-6,-122
1767174632.186238,1,-8,-114
1767174632.1972382,1,-5,-117
1767174632.2062385,7,-5,-114
1767174632.2172382,5,-3,-116
1767174632.2272382,3,0,-116
1767174632.2362382,0,0,-119
1767174632.2472382,1,-4,-124
1767174632.257238,-1,-8,-124
1767174632.267238,-3,-7,-124
1767174632.277238,-2,-8,-125
1767174632.287238,-3,-8,-119
1767174632.297238,-4,-7,-115
1767174632.307238,-8,-8,-115
1767174632.317238,-4,-4,-116
1767174632.327238,-4,0,-120
1767174632.337238,0,0,-120
1767174632.347238,-2,1,-120
1767174632.357238,-1,0,-123
1767174632.367238,-1,-5,-120
1767174632.377238,-2,-5,-120
1767174632.3872385,0,-7,-118
1767174632.3972385,-1,-5,-122
1767174632.4072382,-4,-1,-123
1767174632.4172382,-5,1,-126
1767174632.4272382,-7,2,-115
1767174632.4372382,-7,2,-114
1767174632.4472382,-5,1,-113
1767174632.4572382,-6,-1,-114
1767174632.4672382,-11,-4,-116
1767174632.4772382,-11,-1,-113
1767174632.4872382,-10,0,-114
1767174632.4972382,-9,-1,-117
1767174632.507238,-9,-3,-122
1767174632.517238,-9,-8,-125
1767174632.527238,-6,-11,-128
1767174632.537238,-4,-9,-131
1767174632.547238,-5,-8,-126
1767174632.557238,-7,-8,-123
1767174632.567238,-4,-5,-120
1767174632.577238,-3,-1,-125
1767174632.587238,-1,0,-120
1767174632.597238,-1,0,-121
1767174632.607238,-4,1,-122
1767174632.617238,-3,3,-123
1767174632.627238,-5,0,-123
1767174632.6372385,-2,-4,-127
1767174632.6472385,-5,-7,-130
1767174632.6572382,-5,-6,-129
1767174632.6672382,-5,-4,-120
1767174632.6772382,-6,-1,-121
1767174632.6872382,-7,-5,-129
1767174632.6972382,-7,-5,-128
1767174632.7072382,-7,-3,-127
1767174632.7172382,-7,-1,-116
1767174632.7272382,-5,0,-110
1767174632.7372382,0,-1,-111
1767174632.7472382,-1,0,-110
1767174632.757238,-6,5,-111
1767174632.767238,-6,3,-116
1767174632.777238,0,5,-119
1767174632.787238,2,4,-116
1767174632.797238,1,0,-119
1767174632.807238,4,-1,-113
1767174632.817238,3,0,-116
1767174632.827238,4,-4,-116
1767174632.837238,1,-8,-119
1767174632.847238,2,-7,-119
1767174632.857238,3,-2,-117
1767174632.867238,0,-2,-117
1767174632.877238,-1,-3,-124
1767174632.8872385,0,0,-128
1767174632.8972385,1,-1,-122
1767174632.9072382,1,-3,-124
1767174632.9172382,2,-1,-121
1767174632.9272382,2,-3,-120
1767174632.9372382,4,-5,-124
1767174632.9472382,3,-1,-120
1767174632.9572382,7,0,-121
1767174632.9672382,10,-1,-127
1767174632.9772382,5,-1,-129
1767174632.9872382,3,0,-128
1767174632.9972382,1,0,-130
1767174633.007238,-2,1,-128
1767174633.017238,-1,2,-129
1767174633.027238,-2,-1,-131
1767174633.037238,-1,-1,-129
1767174633.047238,-4,0,-137
1767174633.057238,-3,-2,-135
1767174633.067238,-1,-3,-129
1767174633.077238,-1,-4,-126
1767174633.087238,-1,-3,-125
1767174633.097238,-3,-3,-128
1767174633.107238,-5,-6,-124
1767174633.117238,-4,-6,-117
1767174633.127238,-3,-4,-115
1767174633.1372385,-3,-5,-114
1767174633.1472385,-4,-1,-116
1767174633.1572382,-1,0,-120
1767174633.1672382,1,3,-119
1767174633.1772382,1,4,-119
1767174633.1872382,-1,2,-120
1767174633.1972382,-1,-2,-122
1767174633.2072382,-3,-3,-116
1767174633.2172382,-5,0,-117
1767174633.2272382,-4,-1,-117
1767174633.2372382,-2,2,-121
1767174633.2472382,0,3,-119
1767174633.257238,2,0,-123
1767174633.267238,1,1,-121
1767174633.277238,2,0,-126
1767174633.287238,1,0,-127
1767174633.297238,1,2,-127
1767174633.307238,1,1,-123
1767174633.317238,-3,-2,-126
1767174633.327238,-5,-1,-132
1767174633.337238,-4,0,-134
1767174633.347238,-5,-1,-130
1767174633.357238,-4,0,-127
1767174633.367238,-2,3,-131
1767174633.377238,1,0,-133
1767174633.3872385,0,7,-128
1767174633.3972385,-1,7,-132
1767174633.4072382,-3,6,-135
1767174633.4172382,-9,11,-136
1767174633.4272382,-10,11,-134
1767174633.4372382,-7,13,-132
1767174633.4472382,0,8,-126
1767174633.4572382,4,6,-129
1767174633.4672382,7,3,-123
1767174633.4772382,4,3,-123
1767174633.4872382,0,3,-120
1767174633.4972382,3,3,-120
1767174633.507238,2,3,-121
1767174633.517238,2,5,-126
1767174633.527238,3,1,-127
1767174633.537238,4,0,-130
1767174633.547238,2,0,-132
1767174633.557238,2,-3,-128
1767174633.567238,-1,-4,-126
1767174633.577238,1,-3,-125
1767174633.587238,2,0,-122
1767174633.597238,3,2,-120
1767174633.607238,0,0,-127
1767174633.617238,0,3,-131
1767174633.627238,1,6,-132
1767174633.6482382,0,6,-119
1767174633.6572382,0,3,-118
1767174633.6672382,-1,5,-118
1767174633.6772382,-7,6,-118
1767174633.6872382,-5,4,-114
1767174633.6972382,-1,2,-114
1767174633.7072382,6,-2,-116
1767174633.7172382,5,-2,-119
1767174633.7272382,5,0,-118
1767174633.7372382,2,-1,-114
1767174633.7472382,-1,-1,-108
1767174633.757238,-3,-3,-113
1767174633.767238,-1,-5,-111
1767174633.777238,0,-4,-116
1767174633.787238,-1,0,-116
1767174633.797238,-2,-2,-114
1767174633.807238,0,-4,-107
1767174633.817238,6,0,-116
1767174633.827238,5,1,-125
1767174633.837238,4,0,-129
1767174633.847238,-2,1,-126
1767174633.857238,-3,1,-127
1767174633.867238,-1,2,-124
1767174633.877238,-2,1,-123
1767174633.8872385,-4,4,-114
1767174633.8972385,-7,0,-114
1767174633.9072382,-3,-2,-119
1767174633.9172382,-1,-2,-127
1767174633.9272382,0,-2,-139
1767174633.9372382,0,-4,-142
1767174633.9472382,-4,-3,-139
1767174633.9572382,-2,-6,-137
1767174633.9672382,0,-7,-133
1767174633.9772382,0,-7,-129
1767174633.9872382,-1,-10,-131
1767174633.9972382,-5,-13,-133
1767174634.007238,-3,-14,-129
1767174634.017238,-1,-15,-133
1767174634.027238,3,-17,-130
1767174634.037238,6,-10,-128
1767174634.047238,8,-12,-125
1767174634.057238,6,-13,-118
1767174634.067238,3,-9,-122
1767174634.077238,2,-9,-121
1767174634.087238,1,-12,-121
1767174634.097238,-2,-13,-122
1767174634.107238,-2,-8,-125
1767174634.117238,-1,-1,-127
1767174634.127238,-2,-2,-129
1767174634.1372385,-1,0,-129
1767174634.1472385,-4,-2,-127
1767174634.1572382,-1,-2,-125
1767174634.1672382,-3,-3,-124
1767174634.1772382,-4,-4,-117
1767174634.1872382,-1,-1,-120
1767174634.1972382,-1,0,-121
1767174634.2072382,-4,1,-117
1767174634.2172382,1,1,-118
1767174634.2272382,-3,1,-112
1767174634.2372382,-2,2,-111
1767174634.2472382,-6,2,-114
1767174634.257238,-6,1,-117
1767174634.267238,-4,0,-117
1767174634.277238,-8,-2,-120
1767174634.287238,-2,-1,-120
1767174634.297238,1,-3,-122
1767174634.307238,0,-1,-120
1767174634.317238,0,3,-121
1767174634.327238,0,3,-120
1767174634.337238,0,0,-120
1767174634.347238,-3,4,-118
1767174634.357238,-7,7,-113
1767174634.367238,-6,8,-110
1767174634.377238,-9,10,-107
1767174634.3872385,-7,14,-114
1767174634.3972385,-5,10,-109
1767174634.4072382,4,6,-111
1767174634.4172382,4,4,-114
1767174634.4272382,0,7,-124
1767174634.4372382,-1,3,-114
1767174634.4472382,-1,3,-117
1767174634.4572382,-4,1,-112
1767174634.4672382,-3,3,-114
1767174634.4772382,1,4,-113
1767174634.4872382,-2,1,-112
1767174634.4972382,-1,8,-118
1767174634.507238,-6,8,-115
1767174634.517238,-8,8,-117
1767174634.527238,-8,6,-126
1767174634.537238,-7,2,-117
1767174634.547238,-5,0,-125
1767174634.557238,-4,0,-128
1767174634.567238,-2,0,-124
1767174634.577238,-2,1,-125
1767174634.587238,-1,3,-130
1767174634.597238,-4,3,-129
1767174634.607238,-7,0,-119
1767174634.617238,-1,-1,-127
1767174634.627238,0,0,-126
1767174634.6372385,0,0,-121
1767174634.6472385,1,-1,-116
1767174634.6572382,0,3,-114
1767174634.6672382,3,1,-118
1767174634.6772382,1,-1,-119
1767174634.6872382,0,0,-118
1767174634.6972382,0,-6,-115
1767174634.7072382,-1,-6,-119
1767174634.7172382,-7,-3,-121
1767174634.7272382,-8,-4,-122
1767174634.7372382,-4,-4,-117
1767174634.7472382,-6,-6,-119
1767174634.757238,-7,-6,-117
1767174634.767238,-5,-7,-114
1767174634.777238,-2,-6,-111
1767174634.787238,-4,-2,-110
1767174634.797238,0,-1,-113
1767174634.807238,2,-2,-116
1767174634.817238,-1,-4,-112
1767174634.827238,-3,-4,-115
1767174634.837238,-7,-5,-115
1767174634.847238,-8,-4,-120
1767174634.857238,-7,-3,-127
1767174634.867238,-5,-5,-127
1767174634.877238,-5,-4,-129
1767174634.8882382,0,-2,-128
1767174634.8982382,-4,-5,-128
1767174634.9082382,-1,-2,-130
1767174634.9182382,-6,-4,-130
1767174634.9282382,-5,-2,-124
1767174634.938238,-5,-2,-127
1767174634.948238,-4,-3,-131
1767174634.958238,-11,-3,-132
1767174634.968238,-6,-3,-128
1767174634.978238,-4,-3,-124
1767174634.988238,-9,-1,-121
1767174634.998238,-6,-3,-121
1767174635.008238,-3,0,-117
1767174635.018238,-2,-4,-119
1767174635.028238,1,-3,-127
1767174635.038238,2,-3,-122
1767174635.048238,-1,-4,-120
1767174635.0582385,-4,-2,-123
1767174635.0682385,-7,-1,-124
1767174635.0782382,-9,-4,-131
1767174635.0882382,-10,-3,-131
1767174635.0982382,-8,0,-124
1767174635.1082382,-7,-4,-127
1767174635.1182382,-3,-6,-129
1767174635.1282382,-5,-6,-130
1767174635.1382382,-1,-6,-128
1767174635.1482382,-1,-4,-122
1767174635.1582382,2,-6,-117
1767174635.1682382,0,-7,-116
1767174635.1782382,4,-8,-122
1767174635.188238,5,-7,-124
1767174635.198238,2,-5,-125
1767174635.208238,4,-5,-119
1767174635.218238,4,-8,-120
1767174635.228238,0,-5,-119
1767174635.238238,-2,-6,-126
1767174635.248238,1,-4,-127
1767174635.258238,4,-3,-135
1767174635.268238,3,-6,-132
1767174635.278238,0,-2,-132
1767174635.288238,2,-2,-129
1767174635.298238,1,-6,-127
1767174635.3082385,-1,-12,-128
1767174635.3182385,-3,-12,-128
1767174635.3282382,-4,-9,-120
1767174635.3382382,-2,-10,-123
1767174635.3482382,-8,-9,-117
1767174635.3582382,-10,-12,-115
1767174635.3682382,-7,-13,-118
1767174635.3782382,-4,-10,-120
1767174635.3882382,-4,-8,-121
1767174635.3982382,-6,-6,-124
1767174635.4082382,-3,-6,-113
1767174635.4182382,-1,-7,-112
1767174635.4282382,4,0,-120
1767174635.438238,9,3,-122
1767174635.448238,12,2,-121
1767174635.458238,7,1,-114
1767174635.468238,1,3,-113
1767174635.478238,0,1,-112
1767174635.488238,-3,-2,-111
1767174635.498238,-3,-3,-111
1767174635.508238,-5,-5,-106
1767174635.518238,-4,-6,-111
1767174635.528238,0,-3,-109
1767174635.538238,4,-5,-110
1767174635.548238,8,-6,-115
1767174635.5582385,5,-3,-117
1767174635.5682385,2,-8,-124
1767174635.5782382,1,-6,-124
1767174635.5882382,0,-4,-125
1767174635.5982382,0,0,-129
1767174635.6082382,1,0,-128
1767174635.6182382,-1,3,-128
1767174635.6282382,-1,2,-127
1767174635.6382382,1,0,-122
1767174635.6482382,0,-1,-122
1767174635.6582382,2,0,-122
1767174635.6682382,2,6,-125
1767174635.6782382,0,4,-131
1767174635.688238,1,0,-137
1767174635.698238,4,-5,-141
1767174635.708238,5,-2,-136
1767174635.718238,-1,-4,-132
1767174635.728238,-6,-3,-132
1767174635.738238,-6,0,-134
1767174635.748238,-3,2,-133
1767174635.758238,0,6,-130
1767174635.768238,0,3,-133
1767174635.778238,0,3,-133
1767174635.788238,-1,4,-135
1767174635.798238,0,1,-135
1767174635.8082385,5,0,-134
1767174635.8182385,6,2,-134
1767174635.8282382,3,-2,-133
1767174635.8382382,4,-2,-128
1767174635.8482382,7,0,-128
1767174635.8582382,7,4,-120
1767174635.8682382,0,3,-117
1767174635.8782382,-2,-1,-120
1767174635.8882382,-2,-2,-124
1767174635.8982382,0,-6,-124
1767174635.9082382,-2,-1,-126
1767174635.9182382,-2,-3,-127
1767174635.9282382,-5,-8,-125
1767174635.938238,-2,-8,-125
1767174635.948238,-3,-7,-125
1767174635.958238,0,-3,-120
1767174635.968238,2,-4,-122
1767174635.978238,5,-3,-121
1767174635.988238,2,-2,-116
1767174635.998238,1,-2,-118
1767174636.008238,-1,-9,-120
1767174636.018238,-3,-10,-123
1767174636.028238,-8,-8,-127
1767174636.038238,-7,-3,-129
1767174636.048238,-9,-3,-130
1767174636.0582385,-8,-5,-132
1767174636.0692382,-10,-1,-128
1767174636.0782382,-15,0,-118
1767174636.0882382,-12,-1,-116
1767174636.0982382,-10,-2,-111
1767174636.1082382,-9,0,-112
1767174636.1182382,-7,-2,-113
1767174636.1282382,-10,-2,-119
1767174636.1382382,-12,0,-122
1767174636.1482382,-10,-1,-129
1767174636.1582382,-12,0,-125
1767174636.1682382,-15,0,-125
1767174636.1782382,-14,-1,-121
1767174636.188238,-7,-3,-119
1767174636.198238,0,0,-110
1767174636.208238,3,0,-111
1767174636.218238,3,4,-113
1767174636.228238,5,1,-112
1767174636.238238,3,0,-111
1767174636.248238,6,5,-105
1767174636.258238,2,2,-115
1767174636.268238,2,0,-119
1767174636.278238,6,0,-122
1767174636.288238,0,-2,-121
1767174636.298238,0,-5,-124
1767174636.3082385,0,-4,-125
1767174636.3182385,5,-1,-122
1767174636.3282382,0,-5,-127
1767174636.3382382,2,-3,-129
1767174636.3482382,7,-5,-131
1767174636.3582382,4,-2,-133
1767174636.3682382,0,-5,-131
1767174636.3782382,0,-8,-133
1767174636.3882382,2,-5,-128
1767174636.3982382,1,-5,-124
1767174636.4082382,-1,-2,-127
1767174636.4182382,-2,-5,-125
1767174636.4282382,-4,-3,-121
1767174636.438238,-4,-3,-113
1767174636.448238,-5,-1,-111
1767174636.458238,-5,0,-114
1767174636.468238,-6,4,-116
1767174636.478238,-6,2,-114
1767174636.488238,-8,1,-114
1767174636.498238,-8,0,-117
1767174636.508238,-8,1,-120
1767174636.518238,-12,0,-123
1767174636.528238,-10,4,-123
1767174636.538238,-8,-1,-123
1767174636.548238,-8,-2,-121
1767174636.5582385,0,-3,-118
1767174636.5682385,0,-2,-114
1767174636.5782382,0,0,-117
1767174636.5882382,-3,2,-116
1767174636.5982382,0,3,-113
1767174636.6082382,-2,1,-114
1767174636.6182382,-2,0,-120
1767174636.6282382,-1,-2,-118
1767174636.6382382,-1,-4,-117
1767174636.6482382,0,0,-121
1767174636.6582382,7,0,-125
1767174636.6682382,10,2,-123
1767174636.6782382,11,-2,-122
1767174636.688238,9,-1,-120
1767174636.698238,8,0,-119
1767174636.708238,5,0,-127
1767174636.718238,5,-1,-126
1767174636.728238,2,1,-123
1767174636.738238,0,0,-125
1767174636.748238,-1,0,-126
1767174636.758238,-1,0,-122
1767174636.768238,-1,0,-117
1767174636.778238,-6,0,-115
1767174636.788238,-2,4,-118
1767174636.798238,-3,0,-124
1767174636.8082385,-4,-4,-120
1767174636.8182385,0,-3,-122
1767174636.8282382,-1,1,-124
1767174636.8382382,-1,0,-116
1767174636.8482382,2,3,-120
1767174636.8582382,3,2,-116
1767174636.8682382,2,0,-122
1767174636.8782382,0,1,-129
1767174636.8882382,-3,-4,-123
1767174636.8982382,0,-3,-123
1767174636.9082382,3,-1,-126
1767174636.9182382,-1,2,-123
1767174636.9282382,0,1,-122
1767174636.938238,-4,1,-119
1767174636.948238,-3,1,-121
1767174636.958238,1,1,-125
1767174636.968238,1,-2,-129
1767174636.978238,2,-4,-130
1767174636.988238,6,-7,-128
1767174636.998238,5,-2,-133
1767174637.008238,8,-2,-135
1767174637.018238,4,4,-137
1767174637.028238,1,4,-138
1767174637.038238,1,4,-135
1767174637.048238,0,1,-135
1767174637.0582385,1,3,-136
1767174637.0682385,3,4,-132
1767174637.0782382,3,1,-131
1767174637.0882382,7,3,-123
1767174637.0982382,7,3,-121
1767174637.1082382,4,6,-122
1767174637.1182382,2,3,-116
1767174637.1282382,5,2,-114
1767174637.1382382,1,3,-115
1767174637.1482382,3,3,-117
1767174637.1582382,1,0,-117
1767174637.1682382,0,0,-112
1767174637.1782382,0,1,-111
1767174637.188238,1,2,-112
1767174637.198238,0,4,-115
1767174637.208238,0,3,-121
1767174637.218238,-6,1,-121
1767174637.228238,-6,-3,-120
1767174637.238238,0,-2,-114
1767174637.248238,-3,-2,-112
1767174637.258238,-9,-1,-120
1767174637.268238,-6,0,-119
1767174637.278238,0,-1,-115
1767174637.288238,0,-4,-120
1767174637.298238,0,-2,-114
1767174637.3082385,0,-2,-116
1767174637.3182385,3,0,-120
1767174637.3282382,4,-4,-120
1767174637.3382382,2,-5,-121
1767174637.3482382,-2,-3,-117
1767174637.3582382,-2,-4,-118
1767174637.3682382,-4,-7,-120
1767174637.3782382,-7,-3,-116
1767174637.3882382,-11,-9,-118
1767174637.3982382,-12,-6,-119
1767174637.4082382,-9,-1,-113
1767174637.4182382,-8,0,-111
1767174637.4282382,-7,0,-113
1767174637.438238,-3,-2,-119
1767174637.448238,-1,-5,-116
1767174637.458238,-1,-2,-116
1767174637.468238,-3,0,-119
1767174637.478238,-3,0,-119
1767174637.488238,-2,2,-118
1767174637.4992385,-4,0,-115
1767174637.5092382,-4,1,-116
1767174637.5192382,-1,-1,-114
1767174637.528238,-3,0,-113
1767174637.538238,-3,-5,-113
1767174637.5492382,-5,-5,-116
1767174637.5592382,-1,-5,-123
1767174637.5692382,-1,0,-122
1767174637.5792382,-3,-2,-125
1767174637.5892382,-3,0,-120
1767174637.5992382,-3,0,-118
1767174637.609238,-6,0,-120
1767174637.619238,-8,-4,-121
1767174637.629238,-7,-2,-118
1767174637.639238,-6,-3,-117
1767174637.649238,-4,-2,-123
1767174637.659238,-2,-3,-127
1767174637.669238,-1,-1,-121
1767174637.679238,4,-1,-117
1767174637.689238,0,0,-119
1767174637.699238,0,1,-120
1767174637.709238,0,0,-122
1767174637.719238,0,0,-126
1767174637.7292385,4,2,-132
1767174637.7392385,2,5,-136
1767174637.7492385,1,4,-130
1767174637.7592382,4,4,-121
1767174637.7692382,3,1,-116
1767174637.7792382,1,0,-120
1767174637.7892382,0,-3,-121
1767174637.7992382,1,-1,-126
1767174637.8092382,-3,-6,-121
1767174637.8192382,-5,-7,-115
1767174637.8292382,-7,-1,-122
1767174637.8392382,-9,0,-124
1767174637.8492382,-7,-2,-119
1767174637.859238,-8,-3,-121
1767174637.869238,-10,-1,-124
1767174637.879238,-10,0,-122
1767174637.889238,-8,2,-122
1767174637.899238,-3,-4,-123
1767174637.909238,0,-2,-124
1767174637.919238,-2,1,-120
1767174637.929238,-4,3,-115
1767174637.939238,-2,-1,-111
1767174637.949238,0,-3,-116
1767174637.959238,-2,-2,-119
1767174637.969238,-3,-1,-118
1767174637.9792385,-4,-2,-119
1767174637.9892385,-1,-1,-121
1767174637.9992385,-3,0,-121
1767174638.0092382,-4,0,-129
1767174638.0192382,-6,-2,-129
1767174638.0292382,-10,-4,-126
1767174638.0392382,-3,0,-125
1767174638.0492382,-2,-2,-127
1767174638.0592382,0,0,-124
1767174638.0692382,-3,-1,-121
1767174638.0792382,-2,0,-117
1767174638.0892382,0,0,-117
1767174638.0992382,3,-2,-117
1767174638.109238,2,0,-117
1767174638.119238,-3,-1,-113
1767174638.129238,-5,-4,-116
1767174638.139238,-5,-4,-116
1767174638.149238,-4,-4,-117
1767174638.159238,-6,-4,-124
1767174638.169238,-3,-3,-122
1767174638.179238,-7,-8,-122
1767174638.189238,-5,-9,-123
1767174638.199238,-3,-12,-123
1767174638.209238,0,-9,-125
1767174638.219238,-2,-5,-121
1767174638.2292385,-1,-4,-118
1767174638.2392385,-4,-5,-121
1767174638.2492385,-4,-4,-127
1767174638.2592382,-3,-6,-129
1767174638.2692382,0,-7,-124
1767174638.2792382,-1,-10,-123
1767174638.2892382,-2,-3,-126
1767174638.2992382,-4,1,-125
1767174638.3092382,-7,3,-122
1767174638.3192382,-6,1,-127
1767174638.3292382,-3,0,-128
1767174638.3392382,-1,-2,-127
1767174638.3492382,-2,1,-131
1767174638.359238,-1,-1,-124
1767174638.369238,3,-3,-122
1767174638.379238,2,1,-121
1767174638.389238,5,0,-130
1767174638.399238,7,-1,-130
1767174638.409238,8,3,-122
1767174638.419238,6,4,-114
1767174638.429238,3,6,-115
1767174638.439238,5,6,-126
1767174638.449238,7,4,-127
1767174638.459238,3,3,-125
1767174638.469238,0,4,-121
1767174638.4792385,3,2,-116
1767174638.4892385,0,2,-122
1767174638.4992385,0,-1,-121
1767174638.5092382,1,0,-119
1767174638.5192382,1,1,-116
1767174638.5292382,4,4,-115
1767174638.5392382,-2,6,-116
1767174638.5492382,0,7,-114
1767174638.5592382,3,11,-110
1767174638.5692382,4,8,-109
1767174638.5792382,6,5,-117
1767174638.5892382,9,1,-127
1767174638.5992382,6,0,-129
1767174638.609238,6,-1,-133
1767174638.619238,7,-1,-134
1767174638.629238,7,-2,-129
1767174638.639238,6,-2,-127
1767174638.6612382,3,-3,-123
1767174638.669238,3,-2,-128
1767174638.679238,4,0,-129
1767174638.689238,7,2,-126
1767174638.699238,5,0,-122
1767174638.709238,0,0,-124
1767174638.719238,-6,1,-124
1767174638.7292385,-6,-2,-123
1767174638.7392385,-4,-5,-121
1767174638.7492385,-3,-6,-123
1767174638.7592382,-4,-2,-119
1767174638.7692382,-1,0,-118
1767174638.7792382,-4,3,-119
1767174638.7892382,-4,2,-122
1767174638.7992382,-6,3,-123
1767174638.8092382,-6,0,-138
1767174638.8192382,-2,0,-135
1767174638.8292382,-3,-1,-136
1767174638.8392382,-1,-4,-131
1767174638.8492382,-4,-2,-132
1767174638.859238,-6,-1,-123
1767174638.869238,-5,-3,-124
1767174638.879238,0,-4,-126
1767174638.889238,0,-7,-124
1767174638.899238,-2,-9,-131
1767174638.909238,1,-12,-129
1767174638.919238,0,-7,-122
1767174638.929238,-1,-4,-122
1767174638.939238,-3,-4,-123
1767174638.949238,-5,-5,-126
1767174638.959238,-1,0,-128
1767174638.969238,-3,1,-126
1767174638.9792385,-6,3,-119
1767174638.9892385,0,4,-127
1767174638.9992385,0,5,-128
1767174639.0092382,0,6,-119
1767174639.0192382,3,5,-115
1767174639.0292382,6,4,-110
1767174639.0392382,6,3,-109
1767174639.0492382,5,-2,-109
1767174639.0592382,7,-4,-118
1767174639.0692382,1,-4,-115
1767174639.0792382,-3,-2,-118
1767174639.0892382,-3,-5,-120
1767174639.0992382,-6,-4,-117
1767174639.109238,-5,-6,-116
1767174639.119238,-4,-7,-120
1767174639.129238,-4,-3,-123
1767174639.139238,-3,-5,-128
1767174639.149238,-1,-4,-125
1767174639.159238,-3,-9,-126
1767174639.169238,-7,-8,-132
1767174639.179238,-8,-7,-132
1767174639.189238,-10,-12,-134
1767174639.199238,-5,-8,-135
1767174639.209238,-2,-9,-135
1767174639.219238,1,-7,-132
1767174639.2292385,0,-4,-126
1767174639.2392385,-1,-2,-124
1767174639.2492385,0,0,-125
1767174639.2592382,0,-3,-122
1767174639.2692382,2,-2,-130
1767174639.2792382,2,-5,-129
1767174639.2892382,-2,-7,-137
1767174639.2992382,-3,-8,-139
1767174639.3092382,-1,-5,-139
1767174639.3192382,-3,-6,-135
1767174639.3292382,-6,-1,-135
1767174639.3392382,-7,-2,-135
1767174639.3492382,-4,-4,-129
1767174639.359238,0,0,-129
1767174639.369238,2,1,-125
1767174639.379238,5,0,-121
1767174639.389238,9,6,-117
1767174639.399238,5,7,-122
1767174639.409238,3,3,-120
1767174639.419238,1,3,-124
1767174639.429238,2,0,-127
1767174639.439238,4,2,-126
1767174639.449238,1,-1,-126
1767174639.459238,3,-2,-127
1767174639.469238,-3,-1,-124
1767174639.4792385,-6,-1,-123
1767174639.4892385,-3,0,-121
1767174639.4992385,0,4,-123
1767174639.5092382,0,3,-125
1767174639.5192382,2,-2,-125
1767174639.5292382,5,-3,-123
1767174639.5392382,4,-1,-125
1767174639.5492382,0,-3,-123
1767174639.5592382,0,-3,-122
1767174639.5692382,-1,0,-123
1767174639.5792382,0,0,-122
1767174639.5892382,-2,-1,-123
1767174639.5992382,0,-4,-138
1767174639.609238,2,-3,-135
1767174639.619238,2,0,-135
1767174639.629238,2,1,-131
1767174639.639238,3,3,-132
1767174639.649238,1,5,-133
1767174639.659238,1,2,-127
1767174639.669238,0,5,-124
1767174639.679238,2,5,-126
1767174639.689238,2,1,-125
1767174639.699238,4,1,-124
1767174639.709238,6,2,-124
1767174639.719238,11,-1,-115
1767174639.7292385,5,-2,-112
1767174639.7392385,5,-4,-109
1767174639.7492385,5,-2,-111
1767174639.7592382,3,0,-111
1767174639.7692382,1,3,-111
1767174639.7792382,1,0,-110
1767174639.7892382,1,-1,-118
1767174639.7992382,3,0,-114
1767174639.8092382,0,-1,-111
1767174639.8192382,3,-2,-116
1767174639.8292382,2,0,-120
1767174639.8392382,2,0,-121
1767174639.8492382,0,0,-116
1767174639.859238,0,2,-119
1767174639.869238,-2,3,-128
1767174639.879238,-1,0,-124
1767174639.889238,-1,-5,-127
1767174639.899238,3,-4,-127
1767174639.909238,2,0,-127
1767174639.919238,2,6,-128
1767174639.929238,-2,4,-129
1767174639.939238,-4,5,-121
1767174639.949238,-1,1,-119
1767174639.959238,-2,2,-116
1767174639.969238,-2,3,-118
1767174639.9792385,1,0,-117
1767174639.9892385,0,0,-119
1767174639.9992385,1,-1,-124
1767174640.0092382,5,3,-129
1767174640.0192382,0,6,-134
1767174640.0292382,5,7,-127
1767174640.0392382,2,6,-122
1767174640.0492382,4,5,-118
1767174640.0592382,2,5,-119
1767174640.0692382,0,2,-125
1767174640.0792382,-1,3,-129
1767174640.0892382,-5,5,-131
1767174640.0992382,-5,6,-128
1767174640.109238,-5,1,-136
1767174640.119238,-2,4,-129
1767174640.129238,-2,3,-126
1767174640.139238,-3,4,-124
1767174640.149238,-3,2,-129
1767174640.159238,2,0,-123
1767174640.169238,1,-4,-119
1767174640.179238,0,1,-120
1767174640.1902382,3,4,-120
1767174640.2002382,7,2,-120
1767174640.209238,1,1,-119
1767174640.2202382,2,-3,-113
1767174640.2302382,-2,-3,-109
1767174640.2402382,1,-3,-118
1767174640.2502382,2,-3,-126
1767174640.2602382,3,-3,-126
1767174640.2702382,2,-3,-123
1767174640.2802382,0,-2,-117
1767174640.290238,0,0,-115
1767174640.300238,0,0,-119
1767174640.310238,0,-1,-129
1767174640.320238,1,1,-124
1767174640.330238,5,5,-122
1767174640.340238,1,5,-126
1767174640.350238,4,3,-126
1767174640.359238,4,0,-132
1767174640.370238,6,2,-134
1767174640.380238,9,1,-125
1767174640.390238,6,-5,-120
1767174640.400238,3,-5,-118
1767174640.4102385,1,-2,-119
1767174640.4202385,1,0,-118
1767174640.4302382,3,2,-120
1767174640.4402382,3,0,-117
1767174640.4502382,1,0,-113
1767174640.4602382,-3,1,-119
1767174640.4702382,-4,2,-119
1767174640.4802382,-1,1,-121
1767174640.4902382,-1,0,-118
1767174640.5002382,-1,0,-123
1767174640.5102382,-2,2,-123
1767174640.5202382,0,4,-125
1767174640.5302382,0,0,-122
1767174640.540238,0,1,-123
1767174640.550238,0,0,-120
1767174640.560238,2,-5,-125
1767174640.570238,-1,-6,-118
1767174640.580238,-1,-4,-119
1767174640.590238,-4,-3,-122
1767174640.600238,-3,-5,-131
1767174640.610238,-3,-3,-128
1767174640.620238,-4,0,-128
1767174640.630238,0,-2,-130
1767174640.640238,0,-5,-127
1767174640.650238,0,-7,-120
1767174640.6602385,0,-9,-118
1767174640.6702385,3,-9,-119
1767174640.6802382,3,-6,-118
1767174640.6902382,0,-5,-115
1767174640.7002382,0,-4,-112
1767174640.7102382,-1,-1,-103
1767174640.7202382,-8,1,-103
1767174640.7302382,-8,2,-107
1767174640.7402382,-10,2,-107
1767174640.7502382,-8,2,-112
1767174640.7602382,-9,3,-114
1767174640.7702382,-10,2,-118
1767174640.7802382,-8,0,-119
1767174640.790238,-7,-1,-121
1767174640.800238,-10,0,-118
1767174640.810238,-6,-3,-120
1767174640.820238,-1,-3,-119
1767174640.830238,0,-1,-118
1767174640.840238,4,0,-120
1767174640.850238,4,4,-118
1767174640.860238,0,4,-120
1767174640.870238,1,4,-128
1767174640.880238,-1,3,-132
1767174640.890238,0,3,-135
1767174640.900238,0,3,-132
1767174640.9102385,-3,1,-127
1767174640.9202385,-1,-2,-130
1767174640.9302382,-1,-3,-127
1767174640.9402382,-1,-2,-126
1767174640.9502382,-4,-1,-124
1767174640.9602382,-6,-5,-125
1767174640.9702382,-3,-6,-124
1767174640.9802382,-5,-5,-123
1767174640.9902382,-10,-4,-127
1767174641.0002382,-8,0,-126
1767174641.0102382,-2,5,-126
1767174641.0202382,0,7,-128
1767174641.0302382,0,4,-129
1767174641.040238,-4,0,-125
1767174641.050238,-2,-2,-127
1767174641.060238,-1,-3,-126
1767174641.070238,-2,0,-116
1767174641.080238,0,1,-116
1767174641.090238,2,0,-112
1767174641.100238,3,1,-120
1767174641.110238,3,3,-121
1767174641.120238,0,4,-121
1767174641.130238,1,4,-117
1767174641.140238,6,5,-122
1767174641.150238,1,3,-130
1767174641.1602385,-2,3,-132
1767174641.1702385,-4,1,-127
1767174641.1802382,-5,0,-132
1767174641.1902382,-5,-1,-134
1767174641.2002382,-3,-3,-123
1767174641.2102382,-4,-4,-122
1767174641.2202382,-3,-3,-113
1767174641.2302382,-2,-2,-119
1767174641.2402382,-7,-1,-120
1767174641.2502382,-6,-6,-120
1767174641.2602382,-2,-7,-122
1767174641.2702382,2,-4,-120
1767174641.2802382,-4,-4,-118
1767174641.290238,-3,0,-116
1767174641.300238,-5,-1,-119
1767174641.310238,-6,0,-118
1767174641.320238,-6,0,-124
1767174641.330238,-4,-2,-117
1767174641.340238,-10,-4,-121
1767174641.350238,-8,-7,-120
1767174641.360238,-5,-7,-114
1767174641.370238,-7,-6,-113
1767174641.380238,-7,-8,-111
1767174641.390238,-3,-1,-119
1767174641.400238,-3,-5,-124
1767174641.4102385,-7,-6,-124
1767174641.4202385,-9,-3,-121
1767174641.4302382,-3,-3,-119
1767174641.4402382,-1,-5,-119
1767174641.4502382,-1,-6,-120
1767174641.4602382,-3,-4,-123
1767174641.4702382,1,-3,-120
1767174641.4802382,-1,-3,-124
1767174641.4902382,-6,-2,-120
1767174641.5002382,1,-5,-124
1767174641.5102382,6,-3,-134
1767174641.5202382,2,-4,-139
1767174641.5302382,2,-4,-137
1767174641.540238,2,-4,-128
1767174641.550238,1,-2,-125
1767174641.560238,2,0,-128
1767174641.570238,2,-4,-126
1767174641.580238,2,-5,-128
1767174641.590238,3,-7,-127
1767174641.600238,-2,-6,-119
1767174641.610238,0,-1,-117
1767174641.620238,9,0,-118
1767174641.630238,12,1,-114
1767174641.640238,10,-2,-113
1767174641.650238,9,-1,-110
1767174641.6602385,5,-2,-116
1767174641.6702385,4,-1,-117
1767174641.6802382,3,-1,-125
1767174641.6902382,-3,1,-110
1767174641.7002382,0,6,-115
1767174641.7102382,-1,3,-122
1767174641.7202382,-2,2,-129
1767174641.7302382,-3,0,-129
1767174641.7402382,-3,-1,-123
1767174641.7502382,1,-4,-121
1767174641.7602382,1,-4,-122
1767174641.7702382,3,-2,-126
1767174641.7802382,0,-1,-128
1767174641.790238,0,-1,-128
1767174641.800238,2,1,-126
1767174641.810238,3,2,-127
1767174641.820238,2,3,-122
1767174641.830238,0,0,-125
1767174641.840238,0,0,-126
1767174641.850238,1,0,-128
1767174641.860238,-1,0,-124
1767174641.870238,1,0,-121
1767174641.880238,-2,-5,-121
1767174641.890238,3,-3,-121
1767174641.900238,8,4,-121
1767174641.9102385,11,5,-121
1767174641.9202385,7,3,-121
1767174641.9302382,6,-2,-119
1767174641.9402382,3,0,-114
1767174641.9502382,5,-3,-116
1767174641.9602382,5,-7,-118
1767174641.9702382,2,-9,-124
1767174641.9802382,1,-7,-121
1767174641.9902382,2,-7,-122
1767174642.0002382,-1,-6,-122
1767174642.0102382,-2,-7,-122
1767174642.0202382,-3,-10,-120
1767174642.0302382,1,-8,-122
1767174642.040238,2,-6,-124
1767174642.050238,1,-8,-126
1767174642.060238,-3,-6,-127
1767174642.070238,-5,-1,-128
1767174642.080238,-5,-2,-126
1767174642.090238,0,-4,-129
1767174642.100238,0,0,-132
1767174642.110238,0,-1,-119
1767174642.120238,-2,-2,-117
1767174642.130238,-1,-3,-115
1767174642.140238,0,-2,-117
1767174642.150238,1,-8,-112
1767174642.1602385,0,-2,-116
1767174642.1702385,4,0,-112
1767174642.1802382,2,1,-118
1767174642.1902382,0,4,-122
1767174642.2002382,0,1,-124
1767174642.2102382,4,0,-124
1767174642.2202382,3,-2,-124
1767174642.2302382,0,-4,-124
1767174642.2402382,-3,-6,-131
1767174642.2502382,-5,0,-134
1767174642.2602382,-3,-4,-132
1767174642.2702382,0,-5,-129
1767174642.2802382,2,-2,-127
1767174642.290238,1,0,-124
1767174642.300238,-1,1,-121
1767174642.310238,0,1,-125
1767174642.320238,0,0,-121
1767174642.330238,-3,-3,-122
1767174642.340238,0,-2,-115
1767174642.350238,2,-5,-113
1767174642.360238,2,-5,-119
1767174642.370238,0,-6,-114
1767174642.380238,-1,-1,-117
1767174642.390238,0,0,-119
1767174642.400238,0,2,-116
1767174642.4102385,-3,1,-117
1767174642.4202385,-2,3,-125
1767174642.4302382,-6,0,-127
1767174642.4402382,-8,0,-130
1767174642.4502382,-5,1,-133
1767174642.4602382,-7,0,-130
1767174642.4702382,-6,0,-122
1767174642.4802382,-3,-5,-121
1767174642.4902382,-4,-4,-125
1767174642.5002382,-4,-6,-119
1767174642.5102382,-3,-5,-126
1767174642.5202382,1,-10,-126
1767174642.5302382,2,-7,-124
1767174642.540238,6,-3,-122
1767174642.550238,2,0,-124
1767174642.560238,0,0,-113
1767174642.570238,0,1,-113
1767174642.580238,1,3,-116
1767174642.590238,1,2,-117
1767174642.600238,5,1,-120
1767174642.610238,4,-1,-115
1767174642.620238,6,1,-124
1767174642.630238,2,3,-122
1767174642.640238,1,2,-118
1767174642.650238,6,-4,-114
1767174642.6602385,2,-3,-116
1767174642.6702385,5,-4,-108
1767174642.6802382,3,-3,-103
1767174642.6902382,1,-1,-111
1767174642.7002382,0,-2,-112
1767174642.7102382,-4,-3,-120
1767174642.7202382,0,-2,-121
1767174642.7302382,-3,1,-122
1767174642.7402382,-3,3,-127
1767174642.7502382,-4,-1,-126
1767174642.7602382,-4,-8,-126
1767174642.7702382,-4,-6,-130
1767174642.7802382,-7,-6,-127
1767174642.790238,-7,-3,-121
1767174642.800238,-8,-4,-121
1767174642.810238,-4,-6,-119
1767174642.820238,-3,-3,-124
1767174642.8312385,-4,-3,-128
1767174642.840238,-3,-5,-127
1767174642.850238,-4,-2,-127
1767174642.860238,-4,0,-124
1767174642.8712382,0,-3,-130
1767174642.8812382,1,-3,-128
1767174642.8912382,0,-7,-129
1767174642.9012382,-5,-6,-129
1767174642.9112382,-2,-9,-125
1767174642.9212382,-1,-9,-119
1767174642.9312382,0,-6,-122
1767174642.9412382,3,-6,-126
1767174642.9512382,0,-6,-127
1767174642.961238,1,-8,-132
1767174642.971238,5,-8,-135
1767174642.981238,4,-10,-136
1767174642.991238,0,-8,-132
1767174643.001238,0,-4,-123
1767174643.011238,-4,-5,-126
1767174643.021238,-3,-7,-131
1767174643.031238,0,-4,-127
1767174643.041238,0,-4,-124
1767174643.051238,1,-5,-128
1767174643.061238,2,-5,-125
1767174643.071238,3,-1,-120
1767174643.0812385,-2,0,-121
1767174643.0912385,-4,-1,-119
1767174643.1012385,0,-1,-111
1767174643.1112382,0,-3,-113
1767174643.1212382,1,-4,-115
1767174643.1312382,5,-5,-115
1767174643.1412382,3,-3,-118
1767174643.1512382,2,-6,-117
1767174643.1612382,4,-5,-124
1767174643.1712382,2,-6,-131
1767174643.1812382,0,0,-126
1767174643.1912382,1,-1,-124
1767174643.2012382,0,1,-118
1767174643.211238,-7,-2,-122
1767174643.221238,-4,0,-121
1767174643.231238,-8,1,-118
1767174643.241238,-10,2,-121
1767174643.251238,-13,0,-115
1767174643.261238,-8,0,-113
1767174643.271238,-8,-4,-113
1767174643.281238,-3,-5,-114
1767174643.291238,-7,-5,-120
1767174643.301238,-4,-5,-125
1767174643.311238,-2,-4,-118
1767174643.321238,-3,0,-123
1767174643.3312385,-4,1,-119
1767174643.3412385,0,3,-120
1767174643.3512385,-1,2,-115
1767174643.3612382,-5,4,-114
1767174643.3712382,-1,3,-112
1767174643.3812382,0,3,-113
1767174643.3912382,2,3,-115
1767174643.4012382,-1,3,-113
1767174643.4112382,-6,4,-112
1767174643.4212382,-3,4,-114
1767174643.4312382,-2,1,-115
1767174643.442238,1,1,-130
1767174643.4512382,-2,2,-136
1767174643.461238,1,3,-133
1767174643.471238,3,-2,-133
1767174643.481238,1,-1,-139
1767174643.491238,1,0,-139
1767174643.501238,-1,0,-143
1767174643.511238,1,1,-139
1767174643.521238,-1,1,-128
1767174643.531238,-2,5,-126
1767174643.541238,0,7,-119
1767174643.551238,-2,3,-116
1767174643.561238,-4,7,-109
1767174643.571238,1,3,-111
1767174643.5812385,4,4,-118
1767174643.5912385,4,2,-119
1767174643.6012385,3,0,-120
1767174643.6112382,-1,5,-122
1767174643.6212382,-3,5,-119
1767174643.6312382,4,2,-115
1767174643.6412382,2,1,-119
1767174643.6512382,3,2,-127
1767174643.672238,3,3,-133
1767174643.6812382,1,2,-132
1767174643.6912382,0,0,-128
1767174643.7012382,0,0,-123
1767174643.711238,0,0,-120
1767174643.721238,2,0,-125
1767174643.731238,5,1,-124
1767174643.741238,5,0,-124
1767174643.751238,4,-7,-122
1767174643.761238,0,-4,-120
1767174643.771238,0,-2,-122
1767174643.781238,-2,3,-127
1767174643.791238,0,5,-128
1767174643.801238,2,5,-131
1767174643.811238,3,0,-132
1767174643.821238,1,-4,-130
1767174643.8312385,0,-8,-130
1767174643.8412385,0,-2,-122
1767174643.8512385,-2,-5,-126
1767174643.8612382,-2,-7,-131
1767174643.8712382,-2,-4,-132
1767174643.8812382,-5,0,-132
1767174643.8912382,-5,3,-131
1767174643.9012382,-4,3,-125
1767174643.9112382,-1,1,-119
1767174643.9212382,-3,0,-119
1767174643.9312382,-2,1,-114
1767174643.9412382,-2,-1,-113
1767174643.9512382,-3,0,-113
1767174643.961238,-9,-4,-111
1767174643.971238,-9,-5,-113
1767174643.981238,-11,-3,-119
1767174643.991238,-8,-3,-122
1767174644.001238,-5,-3,-124
1767174644.011238,0,-1,-129
1767174644.021238,4,-2,-132
1767174644.031238,3,-5,-125
1767174644.041238,1,-3,-117
1767174644.051238,1,-2,-116
1767174644.061238,2,-4,-116
1767174644.071238,0,-1,-119
1767174644.0812385,2,-2,-126
1767174644.0912385,1,-6,-124
1767174644.1012385,4,-5,-120
1767174644.1112382,4,-5,-113
1767174644.1212382,3,-5,-116
1767174644.1312382,2,-7,-123
1767174644.1412382,-2,-6,-126
1767174644.1512382,-4,-7,-120
1767174644.1612382,-3,-6,-117
1767174644.1712382,-2,-7,-114
1767174644.1812382,-3,-1,-113
1767174644.1912382,-4,0,-113
1767174644.2012382,0,-2,-119
1767174644.211238,0,-3,-116
1767174644.221238,1,0,-117
1767174644.231238,-3,1,-117
1767174644.241238,-6,0,-119
1767174644.251238,-1,-3,-119
1767174644.261238,-3,-3,-119
1767174644.271238,-5,-3,-118
1767174644.281238,-4,0,-116
1767174644.291238,-1,-1,-116
1767174644.301238,-2,-4,-116
1767174644.311238,0,-7,-116
1767174644.321238,-1,-3,-120
1767174644.3312385,-2,-2,-118
1767174644.3412385,0,-3,-122
1767174644.3512385,1,0,-121
1767174644.3612382,0,0,-120
1767174644.3712382,2,-4,-122
1767174644.3812382,-1,0,-122
1767174644.3912382,-2,0,-119
1767174644.4012382,-2,1,-118
1767174644.4112382,0,3,-118
1767174644.4212382,2,2,-114
1767174644.4312382,4,2,-106
1767174644.4412382,2,1,-110
1767174644.4512382,2,-4,-114
1767174644.461238,2,-2,-122
1767174644.471238,2,-2,-123
1767174644.481238,0,3,-124
1767174644.491238,0,6,-125
1767174644.501238,2,8,-123
1767174644.511238,2,7,-124
1767174644.521238,2,2,-123
1767174644.531238,0,3,-122
1767174644.541238,-1,-2,-122
1767174644.551238,1,-1,-122
1767174644.561238,4,0,-125
1767174644.571238,1,2,-130
1767174644.5812385,1,0,-127
1767174644.5912385,-2,1,-124
1767174644.6012385,-2,2,-126
1767174644.6112382,-3,0,-127
1767174644.6212382,-5,-1,-124
1767174644.6312382,-4,0,-124
1767174644.6412382,-5,0,-124
1767174644.6512382,-5,0,-127
1767174644.6612382,-4,1,-123
1767174644.6712382,-2,-1,-117
1767174644.6812382,-1,-2,-116
1767174644.6912382,0,-1,-119
1767174644.7012382,-2,0,-112
1767174644.711238,-5,0,-115
1767174644.721238,-3,3,-123
1767174644.731238,-3,1,-124
1767174644.741238,-2,0,-121
1767174644.751238,0,-1,-120
1767174644.761238,0,-1,-118
1767174644.771238,0,0,-118
1767174644.781238,1,-1,-114
1767174644.791238,2,-1,-119
1767174644.801238,2,-2,-122
1767174644.811238,-1,3,-125
1767174644.821238,-4,1,-121
1767174644.8312385,-3,-1,-114
1767174644.8412385,-3,0,-117
1767174644.8512385,-3,0,-114
1767174644.8612382,-5,-1,-109
1767174644.8712382,-4,0,-111
1767174644.8812382,-6,-2,-110
1767174644.8912382,-8,-1,-102
1767174644.9012382,-10,0,-107
1767174644.9112382,-4,0,-103
1767174644.9212382,-1,-6,-112
1767174644.9312382,1,-9,-116
1767174644.9412382,1,-8,-114
1767174644.9512382,2,-9,-111
1767174644.961238,2,-5,-117
1767174644.971238,3,-5,-121
1767174644.981238,0,-8,-122
1767174644.991238,-1,-10,-118
1767174645.001238,0,-12,-122
1767174645.011238,1,-12,-117
1767174645.021238,1,-12,-116
1767174645.031238,0,-8,-123
1767174645.041238,1,-3,-125
1767174645.051238,6,-3,-120
1767174645.061238,3,-2,-116
1767174645.071238,-1,-5,-111
1767174645.0812385,0,-2,-109
1767174645.0912385,1,-3,-111
1767174645.1012385,3,-3,-111
1767174645.1112382,3,-5,-119
1767174645.1212382,0,-3,-119
1767174645.1312382,-2,-2,-119
1767174645.1412382,0,0,-122
1767174645.1512382,3,-4,-125
1767174645.1612382,3,-4,-126
1767174645.1712382,-1,-5,-127
1767174645.1812382,-1,-4,-128
1767174645.1912382,0,-7,-129
1767174645.2012382,0,-6,-130
1767174645.211238,-4,-3,-127
1767174645.221238,-7,-4,-127
1767174645.231238,-4,-6,-115
1767174645.241238,-5,-4,-112
1767174645.251238,-6,-8,-112
1767174645.261238,0,-7,-109
1767174645.271238,2,-6,-114
1767174645.281238,2,-4,-112
1767174645.291238,5,-2,-116
1767174645.301238,4,0,-121
1767174645.311238,-1,2,-127
1767174645.321238,1,1,-126
1767174645.3312385,5,0,-127
1767174645.3412385,0,1,-130
1767174645.3512385,0,1,-128
1767174645.3612382,2,0,-124
1767174645.3712382,0,0,-123
1767174645.3812382,0,0,-119
1767174645.3912382,1,0,-122
1767174645.4012382,-1,0,-117
1767174645.4112382,-3,2,-113
1767174645.4212382,0,-4,-107
1767174645.4312382,-2,-3,-115
1767174645.4412382,-1,0,-116
1767174645.4512382,-2,3,-108
1767174645.461238,-3,3,-113
1767174645.472238,-1,2,-113
1767174645.481238,-2,0,-106
1767174645.491238,-4,0,-102
1767174645.501238,-5,0,-108
1767174645.5122385,-4,0,-119
1767174645.5222385,-2,-1,-119
1767174645.531238,-1,1,-125
1767174645.5422382,0,5,-129
1767174645.5522382,5,3,-129
1767174645.5622382,4,-1,-130
1767174645.5722382,5,1,-126
1767174645.5822382,-1,1,-121
1767174645.5922382,0,5,-113
1767174645.6022382,-5,8,-116
1767174645.6122382,-3,11,-119
1767174645.6222382,-4,11,-123
1767174645.632238,-8,13,-121
1767174645.642238,-6,9,-120
1767174645.652238,-3,8,-127
1767174645.662238,-6,5,-136
1767174645.672238,-6,6,-135
1767174645.682238,-5,6,-132
1767174645.692238,0,3,-127
1767174645.702238,5,5,-120
1767174645.712238,4,1,-119
1767174645.722238,3,0,-129
1767174645.732238,1,-2,-126
1767174645.742238,2,-2,-134
1767174645.752238,0,-4,-130
1767174645.7622385,-1,-5,-130
1767174645.7722385,-1,-3,-130
1767174645.7822382,1,-4,-136
1767174645.7922382,5,-5,-131
1767174645.8022382,3,-2,-123
1767174645.8122382,-2,0,-119
1767174645.8222382,-1,-2,-113
1767174645.8322382,2,-3,-119
1767174645.8422382,0,-1,-121
1767174645.8522382,-4,0,-127
1767174645.8622382,-2,0,-129
1767174645.8722382,2,-1,-127
1767174645.882238,4,1,-122
1767174645.892238,2,2,-117
1767174645.902238,0,0,-119
1767174645.912238,2,0,-121
1767174645.922238,0,7,-118
1767174645.932238,0,5,-124
1767174645.942238,0,2,-128
1767174645.952238,3,1,-132
1767174645.962238,1,1,-133
1767174645.972238,3,-3,-129
1767174645.982238,2,0,-127
1767174645.992238,-2,0,-117
1767174646.002238,-2,-6,-107
1767174646.0122385,0,-8,-111
1767174646.0222385,2,-7,-115
1767174646.0322382,6,-6,-117
1767174646.0422382,6,-3,-118
1767174646.0522382,1,-4,-107
1767174646.0622382,1,-2,-112
1767174646.0722382,1,-1,-109
1767174646.0822382,-1,-2,-115
1767174646.0922382,-1,-3,-114
1767174646.1022382,0,0,-108
1767174646.1122382,-3,-3,-109
1767174646.1222382,-6,-5,-108
1767174646.132238,-10,-5,-112
1767174646.142238,-10,-7,-112
1767174646.152238,-3,-8,-109
1767174646.162238,-1,-4,-111
1767174646.172238,0,-2,-116
1767174646.182238,-1,2,-120
1767174646.192238,-1,1,-122
1767174646.202238,-1,1,-126
1767174646.212238,-1,0,-126
1767174646.222238,3,-2,-125
1767174646.232238,3,0,-123
1767174646.242238,4,5,-130
1767174646.252238,4,0,-126
1767174646.2622385,8,0,-123
1767174646.2722385,3,-4,-132
1767174646.2822382,1,-9,-124
1767174646.2922382,6,-10,-118
1767174646.3022382,3,-7,-118
1767174646.3122382,4,-8,-114
1767174646.3222382,0,-4,-108
1767174646.3322382,-6,-5,-107
1767174646.3422382,-7,-7,-111
1767174646.3522382,-5,-6,-113
1767174646.3622382,-7,-6,-122
1767174646.3722382,-7,-4,-120
1767174646.382238,-10,-2,-116
1767174646.392238,-12,0,-115
1767174646.402238,-7,2,-113
1767174646.412238,-5,1,-112
1767174646.422238,-4,0,-111
1767174646.432238,-1,0,-103
1767174646.442238,-4,0,-104
1767174646.452238,-3,-3,-104
1767174646.462238,1,0,-110
1767174646.472238,4,0,-111
1767174646.482238,2,-2,-115
1767174646.492238,1,-2,-113
1767174646.502238,-2,-2,-123
1767174646.5122385,0,-2,-121
1767174646.5222385,1,-3,-122
1767174646.5322382,1,-7,-124
1767174646.5422382,-1,-3,-129
1767174646.5522382,-3,-4,-129
1767174646.5622382,-2,2,-134
1767174646.5722382,0,-1,-133
1767174646.5822382,-1,1,-135
1767174646.5922382,0,0,-134
1767174646.6022382,0,-2,-127
1767174646.6122382,-1,0,-127
1767174646.6222382,2,2,-128
1767174646.632238,0,4,-124
1767174646.642238,0,4,-123
1767174646.652238,-1,1,-117
1767174646.662238,-1,5,-114
1767174646.672238,4,-1,-117
1767174646.682238,-1,-2,-125
1767174646.692238,-2,-4,-128
1767174646.702238,-6,-1,-124
1767174646.712238,-8,-4,-120
1767174646.722238,-5,-2,-115
1767174646.732238,-2,-1,-117
1767174646.742238,0,1,-120
1767174646.752238,-6,-1,-114
1767174646.7622385,-5,-1,-109
1767174646.7722385,-4,-1,-113
1767174646.7822382,-2,-3,-112
1767174646.7922382,-1,-4,-109
1767174646.8022382,0,0,-114
1767174646.8122382,-3,-2,-110
1767174646.8222382,-1,-2,-114
1767174646.8322382,3,-1,-117
1767174646.8422382,-1,2,-117
1767174646.8522382,0,-1,-121
1767174646.8622382,-2,-1,-120
1767174646.8722382,-5,1,-118
1767174646.882238,-8,1,-118
1767174646.892238,-5,-1,-128
1767174646.902238,-4,-1,-132
1767174646.912238,-6,-2,-120
1767174646.922238,-5,-4,-122
1767174646.932238,-1,-2,-124
1767174646.942238,7,-3,-126
1767174646.952238,8,-4,-123
1767174646.962238,7,-1,-122
1767174646.972238,4,2,-124
1767174646.982238,0,1,-131
1767174646.992238,-8,4,-136
1767174647.002238,-8,7,-136
1767174647.0122385,-5,7,-131
1767174647.0222385,-5,4,-132
1767174647.0322382,-4,5,-127
1767174647.0422382,-7,5,-126
1767174647.0522382,-4,0,-120
1767174647.0622382,-3,-1,-115
1767174647.0722382,0,0,-118
1767174647.0822382,4,0,-117
1767174647.0922382,7,-4,-121
1767174647.1022382,9,-6,-120
1767174647.1122382,10,-8,-109
1767174647.1222382,1,-6,-111
1767174647.132238,0,-6,-114
1767174647.142238,-4,-7,-119
1767174647.152238,-6,-9,-114
1767174647.162238,-9,-2,-118
1767174647.172238,-9,0,-122
1767174647.182238,-5,0,-121
1767174647.192238,-6,2,-123
1767174647.202238,-2,1,-119
1767174647.212238,0,1,-116
1767174647.222238,-1,3,-120
1767174647.232238,1,4,-119
1767174647.242238,4,6,-118
1767174647.252238,2,4,-110
1767174647.2622385,-4,4,-111
1767174647.2722385,-3,3,-114
1767174647.2822382,-2,0,-116
1767174647.2922382,0,1,-119
1767174647.3022382,-2,0,-118
1767174647.3122382,-3,0,-116
1767174647.3222382,1,0,-111
1767174647.3322382,2,-2,-110
1767174647.3422382,5,-2,-110
1767174647.3522382,7,2,-112
1767174647.3622382,2,2,-110
1767174647.3722382,0,0,-107
1767174647.382238,-2,-7,-109
1767174647.392238,0,-10,-108
1767174647.402238,0,-10,-108
1767174647.412238,0,-9,-102
1767174647.422238,0,-5,-109
1767174647.432238,-2,-5,-112
1767174647.442238,-4,-6,-115
1767174647.452238,-1,-2,-110
1767174647.462238,1,-7,-110
1767174647.472238,2,-5,-110
1767174647.482238,0,-7,-114
1767174647.492238,0,-4,-119
1767174647.502238,1,-1,-124
1767174647.5122385,0,-1,-125
1767174647.5222385,0,0,-121
1767174647.5322382,0,-2,-117
1767174647.5422382,1,2,-122
1767174647.5522382,0,0,-123
1767174647.5622382,0,1,-125
1767174647.5722382,0,0,-126
1767174647.5822382,4,-2,-124
1767174647.5922382,5,-6,-118
1767174647.6022382,0,-5,-120
1767174647.6122382,-2,-2,-122
1767174647.6222382,-1,-2,-115
1767174647.632238,-1,-2,-117
1767174647.642238,0,1,-113
1767174647.652238,0,-2,-119
1767174647.662238,0,-3,-123
1767174647.672238,3,-2,-120
1767174647.682238,2,-2,-122
1767174647.692238,0,-6,-118
1767174647.702238,-1,-5,-121
1767174647.712238,-2,-3,-124
1767174647.722238,-1,-2,-122
1767174647.732238,0,-1,-117
1767174647.7432382,1,0,-119
1767174647.752238,0,0,-120
1767174647.7622385,0,-2,-119
1767174647.7722385,-2,0,-119
1767174647.7822382,-3,-5,-121
1767174647.7922382,-1,-8,-122
1767174647.8022382,0,-9,-119
1767174647.8122382,0,-9,-121
1767174647.8222382,0,-5,-124
1767174647.8322382,-2,-2,-122
1767174647.8422382,-6,1,-120
1767174647.8522382,-6,0,-118
1767174647.8622382,-5,0,-114
1767174647.8722382,-3,-1,-115
1767174647.882238,-5,1,-117
1767174647.892238,-3,4,-120
1767174647.902238,0,8,-121
1767174647.912238,0,9,-120
1767174647.922238,-2,6,-120
1767174647.932238,0,1,-118
1767174647.942238,4,1,-117
1767174647.952238,3,4,-123
1767174647.962238,0,3,-121
1767174647.972238,0,4,-116
1767174647.982238,1,0,-118
1767174647.992238,0,-1,-115
1767174648.002238,0,-2,-124
1767174648.0122385,2,-5,-123
1767174648.0222385,0,-9,-125
1767174648.0322382,-3,-8,-124
1767174648.0422382,-2,-6,-122
1767174648.0522382,0,-4,-124
1767174648.0622382,4,-1,-126
1767174648.0722382,2,1,-125
1767174648.0822382,2,-2,-122
1767174648.0922382,-1,-3,-123
1767174648.1022382,0,-3,-120
1767174648.1122382,-7,-6,-118
1767174648.1222382,0,-7,-111
1767174648.132238,1,-5,-112
1767174648.143238,1,-5,-109
1767174648.152238,-3,-3,-114
1767174648.163238,-5,0,-112
1767174648.173238,-3,1,-109
1767174648.1832385,-7,0,-107
1767174648.1932385,-11,-2,-114
1767174648.2032382,-5,-2,-115
1767174648.2132382,-3,-5,-114
1767174648.2232382,-4,-6,-121
1767174648.2332382,-5,-1,-121
1767174648.2432382,1,0,-117
1767174648.2532382,4,-3,-110
1767174648.2632382,0,0,-117
1767174648.2732382,0,-2,-116
1767174648.2832382,-3,-1,-115
1767174648.2932382,-6,-4,-111
1767174648.3032382,-6,-1,-115
1767174648.313238,-1,-1,-111
1767174648.323238,0,3,-111
1767174648.333238,0,2,-116
1767174648.343238,-5,-3,-124
1767174648.353238,-2,-1,-124
1767174648.363238,-3,-3,-124
1767174648.373238,-3,-4,-125
1767174648.383238,-6,-4,-125
1767174648.393238,-4,0,-127
1767174648.403238,-3,2,-123
1767174648.413238,-2,2,-120
1767174648.423238,0,1,-121
1767174648.4332385,-1,-2,-119
1767174648.4432385,4,-4,-122
1767174648.4532382,5,-3,-126
1767174648.4632382,2,-7,-124
1767174648.4732382,2,-6,-121
1767174648.4832382,3,-1,-123
1767174648.4932382,3,-3,-126
1767174648.5032382,3,-4,-121
1767174648.5132382,7,-2,-119
1767174648.5232382,5,0,-125
1767174648.5332382,3,0,-124
1767174648.5432382,3,2,-120
1767174648.5532382,5,3,-122
1767174648.563238,3,0,-125
1767174648.573238,0,-1,-120
1767174648.583238,0,-4,-118
1767174648.593238,1,-8,-122
1767174648.603238,3,-6,-115
1767174648.613238,3,-6,-118
1767174648.623238,6,-4,-116
1767174648.633238,3,2,-121
1767174648.643238,0,0,-124
1767174648.653238,-2,-3,-121
1767174648.663238,-1,-6,-123
1767174648.6842382,8,-8,-128
1767174648.6932385,12,-7,-129
1767174648.7032382,8,-7,-125
1767174648.7132382,6,-5,-123
1767174648.7232382,3,-5,-121
1767174648.7332382,4,-8,-118
1767174648.7432382,1,-8,-118
1767174648.7532382,0,-6,-115
1767174648.7632382,-1,-7,-110
1767174648.7732382,0,-6,-106
1767174648.7832382,2,-2,-106
1767174648.7932382,0,-3,-108
1767174648.8032382,0,-4,-107
1767174648.813238,4,-6,-105
1767174648.823238,0,-4,-119
1767174648.833238,0,-3,-121
1767174648.843238,-3,-3,-123
1767174648.853238,-1,-7,-119
1767174648.863238,4,-8,-110
1767174648.873238,2,-9,-105
1767174648.883238,4,-9,-113
1767174648.893238,6,-4,-112
1767174648.903238,3,-2,-109
1767174648.913238,3,-4,-112
1767174648.923238,1,-1,-116
1767174648.9332385,0,0,-117
1767174648.9432385,0,1,-127
1767174648.9532382,1,-1,-127
1767174648.9632382,3,0,-124
1767174648.9732382,1,0,-124
1767174648.9832382,1,-1,-123
1767174648.9932382,0,0,-121
1767174649.0032382,0,-2,-122
1767174649.0132382,-2,-1,-130
1767174649.0232382,-5,0,-129
1767174649.0332382,-8,4,-130
1767174649.0432382,-5,1,-132
1767174649.0532382,-2,0,-131
1767174649.063238,-2,2,-129
1767174649.073238,-2,-1,-120
1767174649.083238,-7,-2,-118
1767174649.093238,-3,-2,-112
1767174649.103238,-8,-2,-113
1767174649.113238,-4,-5,-114
1767174649.123238,0,-2,-116
1767174649.133238,2,-2,-113
1767174649.143238,7,-3,-122
1767174649.153238,1,-2,-124
1767174649.163238,2,-4,-131
1767174649.173238,5,-6,-128
1767174649.1832385,7,-1,-127
1767174649.1932385,3,3,-122
1767174649.2032382,4,-2,-125
1767174649.2132382,5,-5,-129
1767174649.2232382,1,-1,-131
1767174649.2332382,4,0,-127
1767174649.2432382,0,-3,-122
1767174649.2532382,2,-3,-119
1767174649.2632382,0,-6,-120
1767174649.2732382,1,-6,-118
1767174649.2832382,2,-6,-119
1767174649.2932382,5,-7,-124
1767174649.3032382,3,-5,-124
1767174649.313238,3,-1,-129
1767174649.323238,4,-2,-134
1767174649.333238,0,-1,-134
1767174649.343238,0,-3,-136
1767174649.353238,-3,-5,-129
1767174649.363238,0,-2,-124
1767174649.373238,-5,-2,-117
1767174649.383238,-6,-4,-114
1767174649.393238,-3,-5,-119
1767174649.403238,-1,-3,-118
1767174649.413238,1,-5,-123
1767174649.423238,4,-4,-124
1767174649.4332385,3,-4,-123
1767174649.4432385,0,-2,-132
1767174649.4532382,0,-3,-130
1767174649.4632382,-3,0,-133
1767174649.4732382,0,0,-131
1767174649.4832382,-3,-4,-125
1767174649.4932382,-5,-4,-114
1767174649.5032382,0,-2,-116
1767174649.5132382,0,1,-119
1767174649.5232382,2,1,-123
1767174649.5332382,5,2,-133
1767174649.5432382,4,2,-129
1767174649.5532382,4,0,-130
1767174649.563238,1,1,-127
1767174649.573238,0,3,-122
1767174649.583238,-2,0,-123
1767174649.593238,0,1,-122
1767174649.603238,4,2,-120
1767174649.613238,7,2,-120
1767174649.623238,7,1,-123
1767174649.633238,6,8,-125
1767174649.643238,5,8,-123
1767174649.653238,5,4,-124
1767174649.663238,7,6,-122
1767174649.673238,13,6,-118
1767174649.6832385,11,6,-122
1767174649.6932385,7,5,-119
1767174649.7032382,6,1,-121
1767174649.7132382,3,1,-122
1767174649.7232382,4,0,-124
1767174649.7332382,3,0,-120
1767174649.7432382,6,-2,-123
1767174649.7532382,6,-2,-130
1767174649.7632382,6,-2,-123
1767174649.7732382,4,-2,-121
1767174649.7832382,6,-5,-117
1767174649.7932382,4,-5,-118
1767174649.8032382,0,-2,-119
1767174649.813238,3,-2,-124
1767174649.823238,0,0,-126
1767174649.833238,3,-2,-118
1767174649.843238,8,-1,-116
1767174649.853238,10,-4,-120
1767174649.863238,10,-3,-121
1767174649.873238,5,-8,-120
1767174649.883238,-3,-8,-114
1767174649.893238,-8,-9,-106
1767174649.903238,-4,-8,-108
1767174649.913238,-3,-6,-110
1767174649.923238,-1,-6,-114
1767174649.9332385,3,-2,-119
1767174649.9432385,1,2,-120
1767174649.9532382,2,2,-116
1767174649.9632382,4,-2,-110
1767174649.9732382,2,-1,-108
1767174649.9832382,2,-2,-113
1767174649.9932382,0,-1,-108
1767174650.0032382,1,0,-112
1767174650.0132382,3,3,-118
1767174650.0232382,3,0,-119
1767174650.0332382,-2,-1,-121
1767174650.0432382,-6,-3,-116
1767174650.0532382,-2,-4,-124
1767174650.063238,0,-1,-121
1767174650.073238,-3,-1,-122
1767174650.083238,0,-2,-124
1767174650.093238,2,-2,-127
1767174650.103238,5,-2,-127
1767174650.113238,6,-3,-127
1767174650.123238,9,-3,-123
1767174650.133238,6,0,-123
1767174650.143238,-1,-3,-123
1767174650.153238,-3,-2,-123
1767174650.163238,-3,0,-119
1767174650.173238,-2,-1,-121
1767174650.1832385,-2,-1,-124
1767174650.1932385,-4,0,-117
1767174650.2032382,-1,0,-119
1767174650.2132382,0,-1,-114
1767174650.2232382,3,0,-117
1767174650.2332382,0,0,-113
1767174650.2432382,-3,-3,-110
1767174650.2532382,-2,-2,-112
1767174650.2632382,-2,-2,-114
1767174650.2732382,2,-1,-122
1767174650.2832382,3,0,-123
1767174650.2932382,6,-2,-123
1767174650.3032382,6,0,-123
1767174650.313238,0,-2,-126
1767174650.323238,-5,-5,-125
1767174650.333238,-5,-10,-128
1767174650.343238,-7,-8,-128
1767174650.353238,-7,-8,-123
1767174650.363238,-4,-7,-119
1767174650.373238,-3,0,-116
1767174650.383238,-4,0,-116
1767174650.393238,-7,0,-122
1767174650.403238,-7,-1,-122
1767174650.413238,-3,0,-128
1767174650.423238,2,0,-129
1767174650.4332385,4,1,-128
1767174650.4432385,1,5,-122
1767174650.4532382,4,6,-124
1767174650.4632382,-1,5,-127
1767174650.4732382,1,5,-123
1767174650.4832382,0,6,-119
1767174650.4932382,0,5,-124
1767174650.5032382,4,6,-127
1767174650.5132382,2,5,-125
1767174650.5232382,5,7,-119
1767174650.5332382,4,3,-123
1767174650.5432382,6,0,-128
1767174650.5532382,9,-1,-127
1767174650.563238,10,-1,-128
1767174650.573238,9,0,-121
1767174650.583238,8,-4,-112
1767174650.593238,5,-5,-115
1767174650.603238,1,-3,-112
1767174650.613238,3,-6,-108
1767174650.623238,2,-6,-105
1767174650.633238,0,-2,-106
1767174650.643238,2,-4,-109
1767174650.653238,-4,-4,-107
1767174650.663238,-4,-2,-107
1767174650.673238,-4,-3,-109
1767174650.6832385,-4,-4,-108
1767174650.6932385,-2,-2,-117
1767174650.7032382,-2,-1,-119
1767174650.7132382,0,0,-120
1767174650.7232382,2,1,-119
1767174650.7332382,0,0,-115
1767174650.7432382,-6,0,-114
1767174650.7532382,-7,-4,-115
1767174650.764238,-6,-1,-115
1767174650.7732382,-4,0,-120
1767174650.7832382,-2,1,-114
1767174650.7932382,-1,3,-118
1767174650.8032382,-2,1,-115
1767174650.814238,-2,1,-123
1767174650.824238,3,3,-115
1767174650.834238,5,0,-115
1767174650.844238,7,1,-116
1767174650.8542385,8,0,-120
1767174650.8642385,8,0,-114
1767174650.8742385,5,-3,-112
1767174650.8842382,6,-3,-114
1767174650.8942382,4,-3,-117
1767174650.9042382,3,-5,-120
1767174650.9142382,3,-5,-120
1767174650.9242382,10,-2,-110
1767174650.9342382,8,3,-111
1767174650.9442382,9,1,-108
1767174650.9542382,8,0,-105
1767174650.9642382,7,0,-110
1767174650.9742382,0,-3,-106
1767174650.984238,-4,-3,-106
1767174650.994238,-2,2,-108
1767174651.004238,1,2,-104
1767174651.014238,0,1,-100
1767174651.024238,0,-3,-104
1767174651.034238,0,-7,-108
1767174651.044238,0,-4,-116
1767174651.054238,1,-5,-121
1767174651.064238,-2,-8,-121
1767174651.074238,1,-12,-117
1767174651.084238,1,-9,-123
1767174651.094238,0,-8,-123
1767174651.1042385,-1,-6,-121
1767174651.1142385,0,-7,-124
1767174651.1242385,0,-6,-126
1767174651.1342382,1,-9,-127
1767174651.1442382,0,-8,-125
1767174651.1542382,-4,-7,-125
1767174651.1642382,-4,-5,-131
1767174651.1742382,-5,0,-129
1767174651.1842382,-10,-2,-126
1767174651.1942382,-7,-8,-126
1767174651.2042382,-7,-5,-127
1767174651.2142382,-8,-4,-128
1767174651.2242382,-4,-6,-125
1767174651.234238,-3,-7,-126
1767174651.244238,0,-8,-123
1767174651.254238,-2,-9,-128
1767174651.264238,-1,-3,-130
1767174651.274238,-4,0,-128
1767174651.284238,-7,0,-127
1767174651.294238,-8,-1,-127
1767174651.304238,-5,-1,-123
1767174651.314238,-7,-1,-120
1767174651.324238,-12,-2,-114
1767174651.334238,-10,-3,-111
1767174651.344238,-8,-4,-116
1767174651.3542385,-5,-4,-124
1767174651.3642385,-6,-3,-126
1767174651.3742385,-9,1,-123
1767174651.3842382,-6,3,-123
1767174651.3942382,-1,3,-125
1767174651.4042382,0,8,-129
1767174651.4142382,1,6,-128
1767174651.4242382,2,7,-128
1767174651.4342382,0,9,-129
1767174651.4442382,2,7,-126
1767174651.4542382,4,5,-129
1767174651.4642382,4,5,-124
1767174651.4742382,2,1,-125
1767174651.484238,0,0,-122
1767174651.494238,4,-1,-122
1767174651.504238,4,-3,-113
1767174651.514238,6,-1,-112
1767174651.524238,8,0,-115
1767174651.534238,5,0,-114
1767174651.544238,1,0,-115
1767174651.554238,0,3,-117
1767174651.564238,0,1,-116
1767174651.574238,2,-1,-112
1767174651.584238,-2,-3,-111
1767174651.594238,-2,0,-114
1767174651.6042385,-2,0,-122
1767174651.6142385,0,1,-122
1767174651.6242385,-2,4,-117
1767174651.6342382,-4,5,-116
1767174651.6442382,-6,7,-119
1767174651.6542382,-4,5,-129
1767174651.6642382,-4,3,-133
1767174651.6742382,-6,2,-133
1767174651.6842382,-6,1,-127
1767174651.6942382,-4,1,-119
1767174651.7042382,-6,-2,-124
1767174651.7142382,-9,-2,-128
1767174651.7242382,-7,-4,-123
1767174651.734238,-3,-10,-120
1767174651.744238,-3,-11,-119
1767174651.754238,-6,-8,-122
1767174651.764238,-1,-6,-122
1767174651.774238,-3,-4,-119
1767174651.784238,-1,1,-119
1767174651.794238,0,0,-120
1767174651.804238,0,0,-129
1767174651.814238,3,-2,-128
1767174651.824238,3,0,-123
1767174651.834238,4,-1,-122
1767174651.844238,0,-2,-125
1767174651.8542385,-1,-2,-126
1767174651.8642385,0,-3,-125
1767174651.8742385,0,-3,-122
1767174651.8842382,2,-4,-127
1767174651.8942382,0,-5,-130
1767174651.9042382,-1,-8,-126
1767174651.9142382,-4,-7,-128
1767174651.9242382,-8,-2,-122
1767174651.9342382,-9,-3,-126
1767174651.9442382,-6,0,-128
1767174651.9542382,-5,1,-124
1767174651.9642382,0,-1,-126
1767174651.9742382,0,-2,-129
1767174651.984238,2,0,-127
1767174651.994238,-1,0,-127
1767174652.004238,0,0,-120
1767174652.014238,-1,-2,-119
1767174652.024238,0,-4,-119
1767174652.034238,0,-6,-120
1767174652.044238,-5,-6,-120
1767174652.054238,-6,-7,-123
1767174652.064238,-2,-7,-126
1767174652.074238,1,-6,-120
1767174652.084238,0,-7,-115
1767174652.094238,-3,-8,-113
1767174652.1042385,-1,-11,-110
1767174652.1142385,-2,-9,-114
1767174652.1242385,-1,-7,-119
1767174652.1342382,0,-11,-123
1767174652.1442382,-1,-9,-125
1767174652.1542382,-3,-5,-129
1767174652.1642382,-3,-5,-127
1767174652.1742382,-3,-6,-123
1767174652.1842382,-3,-6,-122
1767174652.1942382,-3,-5,-120
1767174652.2042382,-4,-7,-117
1767174652.2142382,-1,-5,-116
1767174652.2242382,-1,-3,-112
1767174652.234238,-5,0,-119
1767174652.244238,-6,0,-119
1767174652.254238,-4,1,-121
1767174652.264238,-3,1,-118
1767174652.274238,-4,0,-116
1767174652.284238,-1,-2,-116
1767174652.294238,0,-1,-117
1767174652.304238,-4,0,-115
1767174652.314238,-2,0,-113
1767174652.324238,3,1,-113
1767174652.334238,6,2,-105
1767174652.344238,7,1,-110
1767174652.3542385,4,4,-112
1767174652.3642385,4,0,-120
1767174652.3742385,2,0,-115
1767174652.3842382,-2,-1,-113
1767174652.3942382,-4,1,-109
1767174652.4042382,-1,0,-116
1767174652.4142382,-3,-1,-118
1767174652.4242382,-3,0,-119
1767174652.4342382,-5,1,-120
1767174652.4442382,-8,0,-121
1767174652.4542382,-9,2,-121
1767174652.4642382,-9,4,-119
1767174652.4742382,-11,-1,-128
1767174652.484238,-6,0,-133
1767174652.494238,-6,0,-134
1767174652.504238,-5,-1,-127
1767174652.514238,-4,1,-124
1767174652.524238,-4,3,-124
1767174652.534238,-4,0,-129
1767174652.544238,-7,0,-127
1767174652.554238,-4,-5,-122
1767174652.564238,-5,-6,-119
1767174652.574238,-2,-1,-122
1767174652.584238,-1,3,-122
1767174652.594238,-2,0,-121
1767174652.6042385,-4,-2,-127
1767174652.6142385,-4,-4,-130
1767174652.6242385,-3,-5,-134
1767174652.6342382,-3,-3,-128
1767174652.6442382,-1,0,-126
1767174652.6542382,2,-3,-127
1767174652.6642382,1,-3,-131
1767174652.6742382,4,0,-128
1767174652.6842382,3,1,-123
1767174652.6942382,9,3,-119
1767174652.7042382,4,0,-116
1767174652.7142382,-1,-2,-118
1767174652.7242382,0,-3,-123
1767174652.734238,2,-4,-125
1767174652.744238,3,-5,-127
1767174652.754238,-1,-5,-127
1767174652.764238,-1,-5,-125
1767174652.774238,2,-3,-122
1767174652.784238,2,-6,-124
1767174652.794238,2,-6,-124
1767174652.804238,1,-5,-124
1767174652.814238,5,-8,-126
1767174652.824238,0,-7,-125
1767174652.834238,-1,0,-128
1767174652.844238,0,-3,-130
1767174652.8542385,1,-6,-127
1767174652.8642385,-6,-8,-130
1767174652.8742385,-6,-10,-129
1767174652.8842382,-5,-10,-129
1767174652.8942382,-4,-6,-120
1767174652.9042382,-3,-2,-117
1767174652.9142382,-2,-4,-118
1767174652.9242382,-2,0,-116
1767174652.9342382,0,3,-114
1767174652.9442382,5,4,-113
1767174652.9542382,3,2,-117
1767174652.9642382,6,-2,-118
1767174652.9742382,5,0,-120
1767174652.984238,7,0,-120
1767174652.994238,3,2,-121
1767174653.004238,4,5,-117
1767174653.014238,5,2,-120
1767174653.024238,5,1,-124
1767174653.034238,6,2,-133
1767174653.044238,6,1,-133
1767174653.054238,6,-1,-137
1767174653.064238,5,1,-133
1767174653.074238,6,1,-128
1767174653.084238,4,1,-132
1767174653.094238,0,0,-132
1767174653.1042385,1,-3,-128
1767174653.1142385,-3,-5,-126
1767174653.1242385,-3,-5,-132
1767174653.1342382,-1,-10,-127
1767174653.1442382,0,-11,-123
1767174653.1542382,0,-7,-122
1767174653.1642382,-5,-4,-128
1767174653.1742382,-2,-3,-128
1767174653.1842382,1,-2,-133
1767174653.1942382,0,-2,-126
1767174653.2042382,0,-1,-127
1767174653.2142382,2,-2,-122
1767174653.2242382,2,0,-120
1767174653.234238,4,5,-122
1767174653.244238,6,4,-125
1767174653.254238,3,2,-118
1767174653.264238,1,0,-117
1767174653.274238,0,0,-122
1767174653.284238,1,4,-131
1767174653.294238,2,7,-129
1767174653.304238,4,5,-127
1767174653.314238,1,1,-134
1767174653.324238,1,0,-138
1767174653.334238,-1,-4,-137
1767174653.344238,-3,-3,-137
1767174653.3542385,-5,2,-131
1767174653.3642385,-4,-1,-126
1767174653.3742385,-7,-2,-129
1767174653.3842382,-5,-1,-129
1767174653.3942382,-1,-3,-130
1767174653.4042382,-1,-2,-127
1767174653.4142382,0,0,-127
1767174653.4242382,0,-3,-127
1767174653.4342382,1,-5,-123
1767174653.4442382,2,-8,-120
1767174653.4542382,1,-7,-121
1767174653.4642382,2,-2,-126
1767174653.475238,4,-1,-126
1767174653.485238,0,-7,-132
1767174653.495238,-3,-3,-133
1767174653.505238,-3,0,-135
1767174653.515238,0,-1,-129
1767174653.525238,-3,0,-127
1767174653.5352385,-2,-4,-124
1767174653.5452385,-2,-6,-121
1767174653.5552382,0,-9,-116
1767174653.5652382,3,-7,-117
1767174653.5752382,-1,-5,-112
1767174653.5852382,-3,-4,-114
1767174653.5952382,-6,0,-114
1767174653.6052382,-8,0,-117
1767174653.6152382,-8,3,-128
1767174653.6252382,-9,1,-128
1767174653.6352382,-4,0,-120
1767174653.6452382,-3,1,-117
1767174653.6552382,-2,-2,-117
1767174653.665238,-5,-1,-120
1767174653.675238,-10,-2,-122
1767174653.696238,-4,-3,-116
1767174653.705238,-2,-7,-113
1767174653.715238,-3,-4,-112
1767174653.725238,1,-2,-116
1767174653.735238,-4,-1,-120
1767174653.745238,-4,-2,-125
1767174653.755238,-9,-4,-126
1767174653.765238,-3,-3,-123
1767174653.775238,6,-2,-121
1767174653.7852385,8,2,-123
1767174653.7952385,8,0,-128
1767174653.8052382,10,0,-124
1767174653.8152382,11,0,-126
1767174653.8252382,4,2,-133
1767174653.8352382,0,3,-130
1767174653.8452382,2,3,-127
1767174653.8552382,2,4,-128
1767174653.8652382,2,2,-134
1767174653.8752382,3,3,-136
1767174653.8852382,2,4,-139
1767174653.8952382,2,1,-136
1767174653.9052382,0,0,-132
1767174653.915238,5,-3,-128
1767174653.925238,5,-3,-125
1767174653.935238,3,-4,-121
1767174653.945238,8,-2,-125
1767174653.955238,4,-1,-133
1767174653.965238,4,-3,-130
1767174653.975238,5,-1,-124
1767174653.985238,8,0,-122
1767174653.995238,6,-2,-126
1767174654.005238,-3,0,-122
1767174654.015238,-6,0,-124
1767174654.025238,-6,-2,-118
1767174654.0352385,-6,-2,-116
1767174654.0452385,-8,0,-120
1767174654.0552382,-3,1,-117
1767174654.0652382,2,6,-116
1767174654.0752382,5,5,-116
1767174654.0852382,8,4,-112
1767174654.0952382,7,3,-115
1767174654.1052382,1,0,-115
1767174654.1152382,3,0,-118
1767174654.1252382,3,2,-121
1767174654.1352382,0,1,-123
1767174654.1452382,-3,1,-123
1767174654.1552382,-5,3,-119
1767174654.165238,-4,1,-120
1767174654.175238,-1,0,-122
1767174654.185238,1,1,-122
1767174654.195238,1,0,-127
1767174654.205238,-3,0,-125
1767174654.215238,-3,-1,-121
1767174654.225238,-3,-3,-119
1767174654.235238,0,-3,-119
1767174654.245238,-1,-3,-121
1767174654.255238,0,-4,-126
1767174654.265238,-3,-4,-123
1767174654.275238,0,-5,-122
1767174654.2852385,1,-7,-117
1767174654.2952385,1,-9,-119
1767174654.3052382,0,-8,-122
1767174654.3152382,-4,-6,-123
1767174654.3252382,-1,-5,-121
1767174654.3352382,1,-3,-114
1767174654.3452382,0,0,-114
1767174654.3552382,-1,0,-116
1767174654.3652382,0,2,-110
1767174654.3752382,-1,0,-109
1767174654.3852382,-2,-2,-109
1767174654.3952382,-1,-3,-114
1767174654.4052382,-5,-5,-111
1767174654.415238,-8,-5,-115
1767174654.425238,-10,-3,-114
1767174654.435238,-12,0,-120
1767174654.445238,-8,0,-122
1767174654.455238,-4,0,-124
1767174654.465238,-3,2,-122
1767174654.475238,-1,0,-124
1767174654.485238,1,4,-128
1767174654.495238,2,0,-126
1767174654.505238,1,0,-117
1767174654.515238,2,-2,-115
1767174654.525238,5,-3,-112
1767174654.5352385,3,-2,-111
1767174654.5452385,2,-2,-117
1767174654.5552382,0,-5,-118
1767174654.5652382,-2,1,-117
1767174654.5752382,-2,3,-117
1767174654.5852382,-7,4,-122
1767174654.5952382,-5,0,-122
1767174654.6052382,-7,-2,-126
1767174654.6152382,-5,-2,-119
1767174654.6252382,-3,-1,-120
1767174654.6352382,0,2,-125
1767174654.6452382,0,2,-127
1767174654.6552382,-2,-1,-125
1767174654.665238,0,-3,-126
1767174654.675238,1,-5,-127
1767174654.685238,1,-2,-132
1767174654.695238,1,-6,-132
1767174654.705238,1,-5,-130
1767174654.715238,0,-5,-127
1767174654.725238,0,-7,-125
1767174654.735238,0,-6,-129
1767174654.745238,-1,-6,-131
1767174654.755238,0,-7,-123
1767174654.765238,0,-6,-120
1767174654.775238,2,-5,-121
1767174654.7852385,6,-3,-118
1767174654.7952385,11,-2,-123
1767174654.8052382,7,-5,-124
1767174654.8152382,8,-7,-127
1767174654.8252382,5,-6,-123
1767174654.8352382,2,-2,-123
1767174654.8452382,4,-3,-118
1767174654.8552382,2,-4,-117
1767174654.8652382,4,-2,-120
1767174654.8752382,7,-1,-117
1767174654.8852382,1,2,-110
1767174654.8952382,0,1,-109
1767174654.9052382,1,1,-114
1767174654.915238,6,0,-113
1767174654.925238,5,-1,-110
1767174654.935238,5,0,-111
1767174654.945238,0,0,-119
1767174654.955238,-1,0,-116
1767174654.965238,0,1,-111
1767174654.975238,0,2,-114
1767174654.985238,0,2,-121
1767174654.995238,-3,0,-119
1767174655.005238,-4,1,-113
1767174655.015238,-7,-1,-111
1767174655.025238,-4,-3,-117
1767174655.0352385,-2,-3,-120
1767174655.0452385,-2,0,-118
1767174655.0552382,-1,0,-117
1767174655.0652382,0,1,-118
1767174655.0752382,-2,-3,-110
1767174655.0852382,0,0,-113
1767174655.0952382,0,-1,-112
1767174655.1052382,1,0,-114
1767174655.1152382,1,2,-115
1767174655.1252382,0,0,-123
1767174655.1352382,3,0,-124
1767174655.1452382,2,0,-120
1767174655.1552382,0,1,-123
1767174655.165238,-3,6,-118
1767174655.175238,-2,1,-118
1767174655.185238,2,0,-129
1767174655.195238,0,6,-127
1767174655.205238,0,4,-133
1767174655.215238,-3,3,-130
1767174655.225238,-4,4,-128
1767174655.235238,-6,3,-122
1767174655.245238,-3,9,-115
1767174655.255238,-6,3,-116
1767174655.265238,-4,0,-118
1767174655.275238,0,-1,-120
1767174655.2852385,0,0,-116
1767174655.2952385,0,1,-119
1767174655.3052382,-1,1,-117
1767174655.3152382,-5,0,-120
1767174655.3252382,-3,-2,-117
1767174655.3352382,-3,0,-127
1767174655.3452382,-6,0,-131
1767174655.3552382,-7,-2,-133
1767174655.3652382,-8,-6,-130
1767174655.3752382,-2,-9,-133
1767174655.3852382,0,-5,-132
1767174655.3952382,3,-4,-127
1767174655.4052382,3,-5,-121
1767174655.415238,2,-6,-120
1767174655.425238,4,-9,-120
1767174655.435238,3,-8,-116
1767174655.445238,6,-5,-119
1767174655.455238,1,-4,-122
1767174655.465238,0,-2,-118
1767174655.475238,2,0,-118
1767174655.485238,1,0,-122
1767174655.495238,-2,-1,-118
1767174655.505238,-1,0,-118
1767174655.515238,4,1,-126
1767174655.525238,1,3,-131
1767174655.5352385,-1,2,-134
1767174655.5452385,-3,4,-125
1767174655.5552382,-3,6,-121
1767174655.5652382,0,5,-119
1767174655.5752382,3,4,-120
1767174655.5852382,5,0,-125
1767174655.5952382,8,-3,-122
1767174655.6052382,3,-1,-126
1767174655.6152382,-3,3,-129
1767174655.6252382,-4,5,-126
1767174655.6352382,-5,3,-118
1767174655.6452382,-4,4,-123
1767174655.6552382,-5,2,-117
1767174655.665238,-4,0,-116
1767174655.675238,-5,0,-115
1767174655.685238,-1,0,-119
1767174655.695238,-4,-2,-127
1767174655.705238,0,-6,-125
1767174655.715238,0,-6,-118
1767174655.725238,-1,-10,-117
1767174655.735238,0,-6,-112
1767174655.745238,0,-3,-118
1767174655.755238,-2,0,-123
1767174655.765238,-4,-6,-121
1767174655.775238,-3,-3,-115
1767174655.7852385,1,-5,-111
1767174655.7952385,5,-9,-108
1767174655.8052382,3,-9,-110
1767174655.8152382,-1,-3,-115
1767174655.8252382,-1,-3,-115
1767174655.8352382,0,-1,-123
1767174655.8452382,-4,-8,-120
1767174655.8552382,0,-2,-116
1767174655.8652382,3,-4,-116
1767174655.8752382,2,-3,-120
1767174655.8852382,-3,-5,-114
1767174655.8952382,0,-4,-110
1767174655.9052382,0,-2,-118
1767174655.915238,-1,-6,-118
1767174655.925238,-2,0,-116
1767174655.935238,-1,0,-110
1767174655.945238,0,1,-118
1767174655.955238,-4,-2,-120
1767174655.965238,-3,-2,-121
1767174655.975238,0,-1,-123
1767174655.985238,-1,-1,-120
1767174655.995238,0,-5,-122
1767174656.005238,0,-4,-129
1767174656.015238,1,-10,-129
1767174656.025238,0,-11,-131
1767174656.0352385,1,-9,-125
1767174656.0452385,0,-8,-122
1767174656.0552382,-4,-4,-123
1767174656.0652382,-7,-4,-115
1767174656.0752382,-5,-4,-116
1767174656.086238,-3,-8,-116
1767174656.0952382,-4,-7,-120
1767174656.1052382,0,-6,-120
1767174656.1152382,-5,-6,-122
1767174656.126238,0,-6,-121
1767174656.136238,0,-1,-125
1767174656.146238,-1,0,-120
1767174656.156238,0,-1,-118
1767174656.165238,-5,-1,-115
1767174656.176238,-3,-3,-109
1767174656.186238,3,-4,-115
1767174656.196238,5,-6,-110
1767174656.2062385,2,-10,-103
1767174656.2162385,1,-9,-102
1767174656.2262385,-1,-6,-104
1767174656.2362382,0,-6,-113
1767174656.2462382,1,-5,-119
1767174656.2562382,-4,0,-122
1767174656.2662382,-4,0,-125
1767174656.2762382,-2,0,-129
1767174656.2862382,-1,-2,-133
1767174656.2962382,0,-4,-139
1767174656.3062382,-5,-1,-135
1767174656.3162382,-9,-5,-127
1767174656.3262382,-3,-5,-122
1767174656.336238,6,-5,-118
1767174656.346238,4,-4,-121
1767174656.356238,4,-1,-124
1767174656.366238,1,-7,-122
1767174656.376238,1,-6,-113
1767174656.386238,2,-3,-114
1767174656.396238,4,-2,-115
1767174656.406238,2,-1,-121
1767174656.416238,0,-3,-126
1767174656.426238,3,-1,-130
1767174656.436238,0,-2,-126
1767174656.446238,0,-1,-126
1767174656.4562385,1,0,-126
1767174656.4662385,1,0,-120
1767174656.4762385,3,0,-123
1767174656.4862382,6,-5,-127
1767174656.4962382,3,0,-134
1767174656.5062382,2,0,-129
1767174656.5162382,2,-1,-119
1767174656.5262382,2,-3,-117
1767174656.5362382,0,-2,-120
1767174656.5462382,1,-4,-115
1767174656.5562382,2,-10,-112
1767174656.5662382,4,-10,-109
1767174656.5762382,2,-11,-113
1767174656.586238,2,-10,-116
1767174656.596238,7,-10,-118
1767174656.606238,10,-3,-124
1767174656.616238,6,-2,-125
1767174656.626238,5,-4,-128
1767174656.636238,2,-4,-127
1767174656.646238,-3,-2,-118
1767174656.656238,1,0,-114
1767174656.666238,2,-3,-117
1767174656.676238,2,-5,-118
1767174656.686238,3,-6,-121
1767174656.696238,0,-8,-121
1767174656.7062385,-4,-8,-118
1767174656.7162385,-3,-6,-120
1767174656.7262385,0,-5,-119
1767174656.7362382,0,-3,-123
1767174656.7462382,-1,-4,-126
1767174656.7562382,-2,-4,-127
1767174656.7662382,0,-3,-126
1767174656.7762382,2,-7,-117
1767174656.7862382,1,-10,-115
1767174656.7962382,0,-8,-115
1767174656.8062382,1,-7,-116
1767174656.8162382,1,-6,-114
1767174656.8262382,2,-4,-122
1767174656.836238,3,-3,-131
1767174656.846238,0,-3,-129
1767174656.856238,7,-1,-129
1767174656.866238,8,0,-133
1767174656.876238,6,-3,-133
1767174656.886238,3,-7,-131
1767174656.896238,5,-5,-127
1767174656.906238,5,-4,-123
1767174656.916238,4,-4,-124
1767174656.926238,0,-6,-127
1767174656.936238,-1,-5,-127
1767174656.946238,-2,0,-131
1767174656.9562385,-2,1,-131
1767174656.9662385,-6,0,-128
1767174656.9762385,-8,-1,-129
1767174656.9862382,-5,0,-127
1767174656.9962382,-3,4,-119
1767174657.0062382,0,0,-120
1767174657.0162382,1,-1,-116
1767174657.0262382,4,-1,-113
1767174657.0362382,9,-1,-112
1767174657.0462382,9,0,-115
1767174657.0562382,6,0,-115
1767174657.0662382,4,1,-117
1767174657.0762382,0,4,-119
1767174657.086238,5,4,-120
1767174657.096238,4,3,-123
1767174657.106238,-1,3,-125
1767174657.116238,0,0,-122
1767174657.126238,2,-1,-122
1767174657.136238,2,-6,-120
1767174657.146238,-1,-5,-126
1767174657.156238,0,-4,-133
1767174657.166238,0,3,-124
1767174657.176238,0,2,-121
1767174657.186238,-1,4,-115
1767174657.196238,-1,3,-115
1767174657.2062385,-5,1,-121
1767174657.2162385,-3,1,-118
1767174657.2262385,-3,-3,-108
1767174657.2362382,-6,-2,-106
1767174657.2462382,-7,3,-112
1767174657.2562382,0,2,-118
1767174657.2662382,0,-3,-123
1767174657.2762382,2,-3,-126
1767174657.2862382,0,-2,-127
1767174657.2962382,0,-3,-129
1767174657.3062382,0,-2,-119
1767174657.3162382,0,-4,-113
1767174657.3262382,-2,-5,-122
1767174657.336238,0,-5,-118
1767174657.346238,1,-1,-125
1767174657.356238,0,-1,-126
1767174657.366238,1,-1,-126
1767174657.376238,2,-3,-126
1767174657.386238,-4,-5,-126
1767174657.396238,-4,-4,-128
1767174657.406238,-7,-5,-129
1767174657.416238,-1,-3,-127
1767174657.426238,2,-2,-128
1767174657.436238,1,-3,-131
1767174657.446238,-2,0,-131
1767174657.4562385,-2,0,-132
1767174657.4662385,-3,1,-134
1767174657.4762385,-4,2,-130
1767174657.4862382,-2,0,-127
1767174657.4962382,4,-4,-134
1767174657.5062382,4,-5,-130
1767174657.5162382,4,-6,-126
1767174657.5262382,1,-8,-128
1767174657.5362382,4,-11,-133
1767174657.5462382,6,-10,-130
1767174657.5562382,2,-7,-124
1767174657.5662382,2,-3,-121
1767174657.5762382,4,-3,-120
1767174657.586238,6,-3,-126
1767174657.596238,7,0,-132
1767174657.606238,8,0,-130
1767174657.616238,12,-1,-129
1767174657.626238,12,-3,-133
1767174657.636238,7,-5,-131
1767174657.646238,3,-5,-126
1767174657.656238,0,0,-124
1767174657.666238,-1,0,-119
1767174657.676238,-2,0,-126
1767174657.686238,-1,4,-124
1767174657.696238,-2,2,-119
1767174657.7062385,2,-1,-111
1767174657.7162385,5,1,-111
1767174657.7262385,4,-1,-113
1767174657.7362382,6,-1,-121
1767174657.7462382,4,-2,-122
1767174657.7562382,1,-2,-124
1767174657.7662382,1,-3,-119
1767174657.7762382,-1,0,-115
1767174657.7862382,-1,3,-116
1767174657.7962382,1,5,-125
1767174657.8062382,0,7,-125
1767174657.8162382,-2,7,-122
1767174657.8262382,-3,1,-117
1767174657.836238,-2,-1,-117
1767174657.846238,0,-3,-110
1767174657.856238,0,-4,-117
1767174657.866238,0,-7,-117
1767174657.876238,0,-7,-117
1767174657.886238,2,-12,-120
1767174657.896238,3,-11,-121
1767174657.906238,8,-6,-113
1767174657.916238,7,-3,-116
1767174657.926238,4,-5,-128
1767174657.936238,9,-6,-126
1767174657.946238,12,-5,-128
1767174657.9562385,11,0,-124
1767174657.9662385,9,0,-122
1767174657.9762385,7,-1,-124
1767174657.9862382,7,-4,-127
1767174657.9962382,12,-7,-129
1767174658.0062382,12,-9,-122
1767174658.0162382,9,-6,-121
1767174658.0262382,9,-5,-123
1767174658.0362382,4,-7,-125
1767174658.0462382,1,-5,-125
1767174658.0562382,0,-5,-126
1767174658.0662382,2,-5,-124
1767174658.0762382,6,-6,-120
1767174658.086238,5,-4,-121
1767174658.096238,0,-3,-128
1767174658.106238,-1,-6,-135
1767174658.116238,0,-1,-130
1767174658.126238,0,-1,-131
1767174658.136238,-3,-3,-123
1767174658.146238,-5,-3,-119
1767174658.156238,-7,0,-118
1767174658.166238,-7,3,-116
1767174658.176238,-4,8,-122
1767174658.186238,2,6,-126
1767174658.196238,6,5,-130
1767174658.2062385,2,5,-127
1767174658.2162385,2,2,-128
1767174658.2262385,5,-1,-119
1767174658.2362382,5,-1,-120
1767174658.2462382,1,0,-117
1767174658.2562382,3,-2,-122
1767174658.2662382,2,1,-119
1767174658.2762382,3,0,-118
1767174658.2862382,-2,0,-117
1767174658.2962382,0,0,-116
1767174658.3062382,0,2,-111
1767174658.3162382,1,0,-114
1767174658.3262382,-1,-3,-119
1767174658.336238,0,-6,-121
1767174658.346238,2,-3,-116
1767174658.356238,2,-4,-118
1767174658.366238,2,0,-122
1767174658.376238,2,0,-118
1767174658.386238,1,1,-119
1767174658.396238,2,0,-118
1767174658.406238,0,1,-117
1767174658.416238,0,-1,-115
1767174658.426238,3,1,-116
1767174658.436238,0,0,-118
1767174658.446238,0,0,-122
1767174658.4562385,1,0,-117
1767174658.4662385,0,0,-120
1767174658.4762385,2,3,-114
1767174658.4862382,6,3,-115
1767174658.4962382,8,2,-116
1767174658.5062382,6,3,-117
1767174658.5162382,4,0,-115
1767174658.5262382,1,0,-120
1767174658.5362382,-3,1,-117
1767174658.5462382,-2,1,-122
1767174658.5562382,0,0,-120
1767174658.5662382,2,0,-123
1767174658.5762382,3,0,-122
1767174658.586238,3,1,-125
1767174658.596238,1,-4,-120
1767174658.606238,2,-9,-117
1767174658.616238,0,-8,-115
1767174658.626238,-1,-7,-114
1767174658.636238,1,-2,-116
1767174658.646238,-2,0,-117
1767174658.656238,-2,2,-112
1767174658.666238,0,1,-117
1767174658.676238,1,1,-117
1767174658.686238,0,0,-126
1767174658.708238,-5,-1,-127
1767174658.7162385,-4,1,-125
1767174658.7262385,-4,0,-124
1767174658.7362382,-4,0,-120
1767174658.7462382,1,0,-116
1767174658.7562382,0,5,-120
1767174658.7662382,-2,6,-121
1767174658.7762382,-5,4,-117
1767174658.787238,-6,1,-113
1767174658.7962382,-4,0,-116
1767174658.807238,-6,1,-116
1767174658.817238,-5,1,-114
1767174658.827238,-5,1,-112
1767174658.837238,-5,-2,-116
1767174658.847238,-5,-3,-121
1767174658.857238,0,0,-124
1767174658.867238,0,1,-127
1767174658.877238,2,0,-131
1767174658.8872385,-3,0,-129
1767174658.8972385,3,-2,-132
1767174658.9072382,3,-5,-135
1767174658.9172382,4,-3,-126
1767174658.9272382,4,-4,-124
1767174658.9372382,5,-4,-121
1767174658.9472382,0,-3,-122
1767174658.9572382,0,3,-122
1767174658.9672382,0,3,-122
1767174658.9772382,1,-1,-124
1767174658.9872382,1,1,-130
1767174658.9972382,3,0,-127
1767174659.007238,0,1,-127
1767174659.017238,-7,-5,-127
1767174659.027238,-3,-2,-128
1767174659.037238,-3,-1,-133
1767174659.047238,-5,-4,-130
1767174659.057238,-3,-6,-129
1767174659.067238,-5,-4,-127
1767174659.077238,0,-2,-127
1767174659.087238,4,-3,-124
1767174659.097238,7,-2,-121
1767174659.107238,13,-2,-125
1767174659.117238,14,-2,-125
1767174659.127238,19,-2,-122
1767174659.1372385,18,0,-124
1767174659.1472385,17,-3,-125
1767174659.1572382,16,1,-118
1767174659.1672382,10,-2,-120
1767174659.1772382,3,1,-121
1767174659.1872382,4,1,-122
1767174659.1972382,3,1,-120
1767174659.2072382,1,-1,-123
1767174659.2172382,2,-1,-122
1767174659.2272382,0,-2,-123
1767174659.2372382,1,1,-123
1767174659.2472382,0,-2,-123
1767174659.257238,-3,-2,-120
1767174659.267238,0,0,-115
1767174659.277238,0,7,-119
1767174659.287238,0,1,-121
1767174659.297238,1,2,-127
1767174659.307238,-1,-1,-128
1767174659.317238,-2,0,-123
1767174659.327238,-6,2,-122
1767174659.337238,-5,-2,-122
1767174659.347238,-7,-3,-123
1767174659.357238,-9,-3,-124
1767174659.367238,-9,-2,-124
1767174659.377238,-8,-2,-123
1767174659.3872385,-7,-2,-126
1767174659.3972385,0,-1,-122
1767174659.4072382,0,-2,-117
1767174659.4172382,-2,-3,-119
1767174659.4272382,-1,-4,-123
1767174659.4372382,-3,1,-123
1767174659.4472382,-5,-1,-124
1767174659.4572382,-4,-4,-123
1767174659.4672382,-8,-9,-127
1767174659.4772382,-2,-7,-127
1767174659.4872382,0,-3,-127
1767174659.4972382,-4,-2,-127
1767174659.507238,0,0,-125
1767174659.517238,-1,4,-119
1767174659.527238,1,5,-125
1767174659.537238,3,5,-126
1767174659.547238,4,4,-115
1767174659.557238,0,-2,-105
1767174659.567238,-1,-1,-112
1767174659.577238,-2,0,-125
1767174659.587238,1,-5,-124
1767174659.597238,2,-5,-122
1767174659.607238,2,-2,-123
1767174659.617238,5,-1,-121
1767174659.627238,3,0,-116
1767174659.6372385,0,-4,-120
1767174659.6472385,0,0,-121
1767174659.6572382,1,-3,-119
1767174659.6672382,-1,-2,-117
1767174659.6772382,1,6,-118
1767174659.6872382,4,2,-114
1767174659.6972382,3,0,-118
1767174659.7072382,3,-1,-117
1767174659.7172382,7,0,-116
1767174659.7272382,5,-3,-108
1767174659.7372382,0,-6,-113
1767174659.7472382,-4,-5,-112
1767174659.757238,-2,-9,-111
1767174659.767238,2,-5,-115
1767174659.777238,0,-4,-120
1767174659.787238,0,-3,-120
1767174659.797238,1,-1,-123
1767174659.807238,2,0,-118
1767174659.817238,3,-4,-117
1767174659.827238,-1,-5,-121
1767174659.837238,0,0,-117
1767174659.847238,0,4,-117
1767174659.857238,0,2,-121
1767174659.867238,4,3,-127
1767174659.877238,3,4,-125
1767174659.8872385,0,5,-124
1767174659.8972385,-1,5,-130
1767174659.9072382,1,6,-127
1767174659.9172382,4,6,-128
1767174659.9272382,3,5,-126
1767174659.9372382,2,5,-125
1767174659.9472382,2,-1,-126
1767174659.9572382,1,-5,-124
1767174659.9672382,5,-7,-133
1767174659.9772382,2,0,-132
1767174659.9872382,3,3,-127
1767174659.9972382,6,1,-120
1767174660.007238,3,0,-116
1767174660.017238,5,6,-116
1767174660.027238,3,1,-117
1767174660.037238,4,0,-111
1767174660.047238,4,0,-114
1767174660.057238,2,0,-114
1767174660.067238,5,1,-114
1767174660.077238,6,1,-108
1767174660.087238,9,1,-111
1767174660.097238,10,-2,-110
1767174660.107238,9,-4,-104
1767174660.117238,6,0,-102
1767174660.127238,2,-3,-109
1767174660.1372385,0,0,-122
1767174660.1472385,4,-1,-123
1767174660.1572382,4,0,-122
1767174660.1672382,3,1,-129
1767174660.1772382,0,5,-125
1767174660.1872382,-1,4,-125
1767174660.1972382,0,5,-122
1767174660.2072382,3,0,-124
1767174660.2172382,1,0,-125
1767174660.2272382,5,3,-121
1767174660.2372382,2,0,-124
1767174660.2472382,5,2,-121
1767174660.257238,6,0,-124
1767174660.267238,7,0,-120
1767174660.277238,3,-2,-123
1767174660.287238,7,-1,-125
1767174660.297238,8,-1,-124
1767174660.307238,12,-4,-123
1767174660.317238,9,-3,-126
1767174660.327238,10,-2,-125
1767174660.337238,13,-2,-119
1767174660.347238,12,-6,-119
1767174660.357238,6,-7,-118
1767174660.367238,6,-9,-117
1767174660.377238,4,-5,-109
1767174660.3872385,4,-8,-104
1767174660.3972385,-1,-8,-108
1767174660.4072382,0,-4,-109
1767174660.4172382,1,2,-115
1767174660.4272382,0,1,-113
1767174660.4372382,0,5,-107
1767174660.4472382,1,1,-110
1767174660.4572382,5,0,-112
1767174660.4672382,4,-4,-108
1767174660.4772382,4,-3,-111
1767174660.4872382,0,-1,-107
1767174660.4972382,0,-1,-111
1767174660.507238,0,0,-115
1767174660.517238,0,-2,-116
1767174660.527238,-3,-5,-113
1767174660.537238,1,-7,-110
1767174660.547238,2,-6,-116
1767174660.557238,0,-6,-115
1767174660.567238,0,-7,-121
1767174660.577238,3,-6,-117
1767174660.587238,7,-3,-117
1767174660.597238,11,0,-121
1767174660.607238,7,1,-119
1767174660.617238,12,2,-123
1767174660.627238,11,4,-129
1767174660.6372385,9,5,-124
1767174660.6472385,5,9,-130
1767174660.6572382,6,5,-132
1767174660.6672382,6,4,-130
1767174660.6772382,10,4,-123
1767174660.6872382,7,5,-121
1767174660.6972382,3,4,-118
1767174660.7072382,5,5,-119
1767174660.7172382,5,8,-121
1767174660.7272382,2,8,-124
1767174660.7372382,1,4,-130
1767174660.7472382,0,2,-134
1767174660.757238,1,-1,-131
1767174660.767238,4,0,-126
1767174660.777238,4,0,-126
1767174660.787238,3,-1,-123
1767174660.797238,3,-3,-119
1767174660.807238,6,-1,-118
1767174660.817238,2,-5,-121
1767174660.827238,0,-6,-122
1767174660.837238,0,-5,-122
1767174660.847238,-2,-2,-129
1767174660.857238,1,3,-134
1767174660.867238,-2,5,-131
1767174660.877238,-3,2,-134
1767174660.8872385,-4,1,-127
1767174660.8972385,-3,3,-127
1767174660.9072382,-3,2,-123
1767174660.9172382,0,-1,-116
1767174660.9272382,-2,0,-113
1767174660.9372382,-7,-1,-106
1767174660.9472382,-8,0,-113
1767174660.9572382,-4,1,-121
1767174660.9672382,-2,0,-117
1767174660.9772382,0,-1,-117
1767174660.9872382,-1,3,-113
1767174660.9972382,-4,2,-110
1767174661.007238,-3,-2,-110
1767174661.017238,0,-3,-115
1767174661.027238,1,-3,-114
1767174661.037238,1,-3,-110
1767174661.047238,5,-1,-113
1767174661.057238,4,4,-122
1767174661.067238,5,5,-122
1767174661.077238,6,4,-120
1767174661.087238,4,3,-117
1767174661.097238,4,3,-115
1767174661.107238,5,0,-123
1767174661.117238,6,-1,-122
1767174661.127238,4,0,-121
1767174661.1372385,1,0,-123
1767174661.1472385,0,-4,-122
1767174661.1572382,-3,-5,-135
1767174661.1672382,-2,-8,-135
1767174661.1772382,-1,-5,-129
1767174661.1872382,0,-4,-129
1767174661.1972382,0,-3,-132
1767174661.2072382,1,-4,-138
1767174661.2172382,0,-2,-133
1767174661.2272382,2,-2,-128
1767174661.2372382,-1,-2,-131
1767174661.2472382,-3,-7,-129
1767174661.257238,-7,-6,-133
1767174661.267238,-4,-3,-123
1767174661.277238,-1,-2,-119
1767174661.287238,3,0,-119
1767174661.297238,2,-1,-120
1767174661.307238,-3,0,-120
1767174661.317238,-9,3,-125
1767174661.327238,-9,6,-120
1767174661.337238,-3,5,-125
1767174661.347238,0,3,-121
1767174661.357238,-5,0,-121
1767174661.367238,-4,-2,-125
1767174661.377238,-9,0,-120
1767174661.3872385,-9,0,-126
1767174661.3972385,-5,1,-122
1767174661.4082382,-2,-1,-116
1767174661.4172382,-1,1,-121
1767174661.4272382,-1,-2,-119
1767174661.438238,-1,-2,-122
1767174661.448238,0,-4,-125
1767174661.458238,1,-6,-126
1767174661.468238,-2,-7,-124
1767174661.478238,-3,-12,-128
1767174661.488238,-4,-11,-128
1767174661.498238,-5,-8,-134
1767174661.508238,-1,-8,-137
1767174661.518238,-1,-5,-131
1767174661.528238,2,-6,-128
1767174661.538238,-1,-5,-122
1767174661.548238,1,-3,-121
1767174661.5582385,0,-1,-117
1767174661.5682385,0,0,-115
1767174661.5782382,0,1,-121
1767174661.5882382,1,0,-125
1767174661.5982382,4,0,-124
1767174661.6082382,5,-2,-123
1767174661.6182382,10,-4,-116
1767174661.6282382,13,-6,-114
1767174661.6382382,12,-3,-121
1767174661.6482382,8,-3,-117
1767174661.6582382,8,0,-121
1767174661.6682382,7,-1,-116
1767174661.6782382,4,-2,-117
1767174661.688238,4,1,-118
1767174661.698238,3,0,-121
1767174661.708238,5,0,-112
1767174661.718238,1,0,-116
1767174661.728238,1,0,-128
1767174661.738238,0,0,-126
1767174661.748238,-1,0,-126
1767174661.758238,-1,1,-123
1767174661.768238,-1,3,-122
1767174661.778238,-1,1,-123
1767174661.788238,-3,-2,-124
1767174661.798238,-1,-1,-123
1767174661.8082385,-1,-4,-118
1767174661.8182385,-3,-5,-112
1767174661.8282382,-5,-4,-114
1767174661.8382382,-1,-6,-122
1767174661.8482382,-1,-5,-124
1767174661.8582382,0,0,-130
1767174661.8682382,0,5,-128
1767174661.8782382,0,5,-129
1767174661.8882382,0,2,-127
1767174661.8982382,2,3,-123
1767174661.9082382,1,6,-122
1767174661.9182382,4,7,-124
1767174661.9282382,4,4,-118
1767174661.938238,4,0,-120
1767174661.948238,3,0,-120
1767174661.958238,-2,0,-120
1767174661.968238,-1,0,-119
1767174661.978238,0,1,-122
1767174661.988238,-1,3,-121
1767174661.998238,-4,0,-121
1767174662.008238,-11,-2,-123
1767174662.018238,-9,-2,-124
1767174662.028238,-11,-6,-123
1767174662.038238,-9,-8,-126
1767174662.048238,-6,-4,-122
1767174662.0582385,-7,0,-121
1767174662.0682385,-4,1,-122
1767174662.0782382,-2,3,-129
1767174662.0882382,1,1,-134
1767174662.0982382,5,0,-125
1767174662.1082382,-1,-1,-120
1767174662.1182382,-4,0,-125
1767174662.1282382,-4,0,-129
1767174662.1382382,-7,1,-128
1767174662.1482382,-6,0,-127
1767174662.1582382,-4,0,-132
1767174662.1682382,-3,-1,-129
1767174662.1782382,0,0,-131
1767174662.188238,1,0,-134
1767174662.198238,1,-1,-128
1767174662.208238,2,2,-133
1767174662.218238,3,1,-129
1767174662.228238,2,3,-124
1767174662.238238,5,4,-124
1767174662.248238,2,4,-118
1767174662.258238,2,4,-113
1767174662.268238,3,3,-112
1767174662.278238,0,6,-110
1767174662.288238,-1,5,-115
1767174662.298238,0,5,-122
1767174662.3082385,0,2,-124
1767174662.3182385,0,-1,-127
1767174662.3282382,-2,-2,-127
1767174662.3382382,0,-2,-126
1767174662.3482382,0,4,-126
1767174662.3582382,2,1,-126
1767174662.3682382,-2,-1,-123
1767174662.3782382,1,-3,-121
1767174662.3882382,0,-8,-121
1767174662.3982382,-4,-10,-117
1767174662.4082382,-2,-5,-114
1767174662.4182382,2,-5,-118
1767174662.4282382,5,-6,-123
1767174662.438238,7,-3,-128
1767174662.448238,6,-4,-127
1767174662.458238,7,-5,-126
1767174662.468238,3,-8,-120
1767174662.478238,-3,-6,-115
1767174662.488238,-5,-5,-118
1767174662.498238,-7,-4,-119
1767174662.508238,-7,0,-116
1767174662.518238,-3,2,-119
1767174662.528238,-7,3,-117
1767174662.538238,-12,0,-114
1767174662.548238,-6,0,-114
1767174662.5582385,0,0,-119
1767174662.5682385,-3,0,-118
1767174662.5782382,-4,-2,-117
1767174662.5882382,-2,-1,-121
1767174662.5982382,0,-7,-119
1767174662.6082382,0,-6,-111
1767174662.6182382,2,-9,-116
1767174662.6282382,6,-10,-118
1767174662.6382382,7,-9,-119
1767174662.6482382,5,-6,-121
1767174662.6582382,0,-7,-127
1767174662.6682382,-3,-4,-129
1767174662.6782382,-4,-7,-121
1767174662.688238,-5,-7,-117
1767174662.698238,-1,-3,-119
1767174662.708238,-1,-4,-115
1767174662.718238,-1,-1,-112
1767174662.728238,-7,8,-114
1767174662.738238,-6,8,-110
1767174662.748238,-7,2,-111
1767174662.758238,-8,3,-115
1767174662.768238,-7,0,-115
1767174662.778238,-7,4,-124
1767174662.788238,-6,3,-126
1767174662.798238,-1,4,-117
1767174662.8082385,-4,6,-115
1767174662.8182385,4,6,-111
1767174662.8282382,3,5,-113
1767174662.8382382,0,3,-117
1767174662.8482382,-2,2,-115
1767174662.8582382,-1,-4,-116
1767174662.8682382,-1,-2,-120
1767174662.8782382,0,-1,-116
1767174662.8882382,-1,-4,-116
1767174662.8982382,-4,-1,-118
1767174662.9082382,-2,-1,-118
1767174662.9182382,-4,0,-120
1767174662.9282382,-1,5,-121
1767174662.938238,1,5,-121
1767174662.948238,-1,0,-119
1767174662.958238,-4,0,-116
1767174662.968238,-7,-1,-117
1767174662.978238,-9,-1,-123
1767174662.988238,-5,-4,-121
1767174662.998238,-2,-5,-114
1767174663.008238,3,-5,-110
1767174663.018238,2,-6,-114
1767174663.028238,3,-2,-116
1767174663.038238,1,0,-114
1767174663.048238,0,1,-113
1767174663.0582385,0,4,-108
1767174663.0682385,4,1,-110
1767174663.0782382,2,1,-110
1767174663.0882382,0,0,-115
1767174663.0982382,2,0,-120
1767174663.1082382,-1,0,-121
1767174663.1182382,0,1,-123
1767174663.1282382,6,0,-125
1767174663.1382382,7,0,-122
1767174663.1482382,8,3,-122
1767174663.1582382,6,1,-127
1767174663.1682382,4,0,-130
1767174663.1782382,2,4,-137
1767174663.188238,0,0,-140
1767174663.198238,0,0,-137
1767174663.208238,-1,-1,-130
1767174663.218238,-1,-2,-130
1767174663.228238,-1,-2,-128
1767174663.238238,1,-1,-131
1767174663.248238,0,-5,-131
1767174663.258238,-2,-2,-130
1767174663.268238,0,0,-131
1767174663.278238,2,-2,-129
1767174663.288238,2,-1,-124
1767174663.298238,-2,0,-117
1767174663.3082385,0,0,-117
1767174663.3182385,0,1,-115
1767174663.3282382,0,-1,-121
1767174663.3382382,-2,-1,-123
1767174663.3482382,-10,-1,-122
1767174663.3582382,-8,-1,-123
1767174663.3682382,-6,-2,-120
1767174663.3782382,-5,2,-126
1767174663.3882382,-7,4,-126
1767174663.3982382,-7,1,-119
1767174663.4082382,-7,0,-116
1767174663.4182382,-7,-1,-119
1767174663.4282382,-5,-2,-117
1767174663.438238,-8,-4,-118
1767174663.448238,-8,-6,-120
1767174663.458238,-2,-10,-121
1767174663.468238,-3,-9,-119
1767174663.478238,-1,-4,-118
1767174663.488238,-2,-3,-117
1767174663.498238,1,-5,-114
1767174663.508238,0,-1,-111
1767174663.518238,1,2,-111
1767174663.528238,5,0,-121
1767174663.538238,4,-1,-126
1767174663.548238,3,0,-124
1767174663.5582385,5,0,-124
1767174663.5682385,4,3,-119
1767174663.5782382,3,1,-116
1767174663.5882382,3,0,-112
1767174663.5982382,-1,0,-107
1767174663.6082382,-3,-2,-113
1767174663.6182382,-3,0,-116
1767174663.6282382,-2,-1,-118
1767174663.6382382,-1,-1,-110
1767174663.6482382,0,-3,-110
1767174663.6582382,-4,-8,-107
1767174663.6682382,-5,-9,-104
1767174663.6782382,-3,-8,-112
1767174663.688238,0,-7,-122
1767174663.698238,0,-3,-124
1767174663.719238,2,-4,-126
1767174663.728238,3,-4,-127
1767174663.738238,-2,-4,-126
1767174663.748238,-3,-1,-128
1767174663.758238,0,-1,-128
1767174663.768238,-2,-2,-130
1767174663.778238,-2,-1,-126
1767174663.788238,-8,-2,-121
1767174663.798238,-12,-1,-121
1767174663.8082385,-7,0,-125
1767174663.8182385,0,-2,-123
1767174663.8282382,1,-1,-121
1767174663.8382382,2,-3,-124
1767174663.8482382,4,-2,-115
1767174663.8582382,2,-6,-119
1767174663.8682382,2,-7,-120
1767174663.8782382,1,-10,-124
1767174663.8882382,0,-10,-124
1767174663.8982382,0,-8,-124
1767174663.9082382,1,-13,-125
1767174663.9182382,4,-11,-126
1767174663.9282382,2,-9,-130
1767174663.938238,4,-6,-132
1767174663.948238,2,-8,-120
1767174663.958238,3,-2,-118
1767174663.968238,3,0,-119
1767174663.978238,3,0,-131
1767174663.988238,0,3,-132
1767174663.998238,5,0,-123
1767174664.008238,1,0,-122
1767174664.018238,-2,0,-118
1767174664.028238,0,2,-118
1767174664.038238,2,4,-122
1767174664.0492382,5,-2,-125
1767174664.0592382,4,-3,-130
1767174664.0692382,6,-2,-134
1767174664.0782382,6,-1,-128
1767174664.0892382,8,0,-127
1767174664.0982382,9,-3,-124
1767174664.1082382,7,-3,-122
1767174664.119238,7,-6,-121
1767174664.129238,5,-3,-121
1767174664.139238,5,-6,-116
1767174664.149238,3,-3,-115
1767174664.159238,5,-1,-114
1767174664.169238,3,-1,-114
1767174664.179238,8,-2,-112
1767174664.189238,11,-4,-114
1767174664.199238,6,-3,-114
1767174664.209238,6,-1,-119
1767174664.219238,11,0,-118
1767174664.2302382,10,0,-120
1767174664.2392385,7,-3,-122
1767174664.2492385,4,0,-125
1767174664.2592382,1,-1,-125
1767174664.2692382,-2,-1,-121
1767174664.2792382,-1,0,-115
1767174664.2892382,0,0,-122
1767174664.2992382,3,-2,-119
1767174664.3092382,1,0,-121
1767174664.3192382,2,0,-127
1767174664.3292382,5,-1,-129
1767174664.3392382,3,-3,-126
1767174664.3492382,0,-6,-124
1767174664.359238,1,-10,-120
1767174664.369238,0,-12,-115
1767174664.379238,2,-11,-109
1767174664.389238,-3,-9,-107
1767174664.399238,-4,-8,-109
1767174664.409238,-6,-3,-112
1767174664.419238,-2,2,-114
1767174664.429238,-3,2,-116
1767174664.439238,-1,1,-121
1767174664.449238,-5,0,-121
1767174664.459238,-6,0,-115
1767174664.469238,-4,-2,-114
1767174664.4792385,-3,-3,-113
1767174664.4892385,-1,-1,-119
1767174664.4992385,-2,0,-123
1767174664.5092382,-3,-1,-123
1767174664.5192382,-5,2,-124
1767174664.5292382,-2,2,-127
1767174664.5392382,1,-2,-124
1767174664.5492382,0,-1,-122
1767174664.5592382,2,2,-129
1767174664.5692382,0,2,-137
1767174664.5792382,0,7,-132
1767174664.5892382,2,4,-131
1767174664.5992382,0,0,-120
1767174664.609238,0,1,-116
1767174664.619238,-1,0,-118
1767174664.629238,0,0,-119
1767174664.639238,1,1,-120
1767174664.649238,0,2,-120
1767174664.659238,-2,-4,-126
1767174664.669238,0,-5,-124
1767174664.679238,3,-2,-124
1767174664.689238,1,-3,-126
1767174664.699238,2,0,-125
1767174664.709238,2,-2,-124
1767174664.719238,2,-6,-122
1767174664.7292385,1,-6,-122
1767174664.7392385,-5,-8,-129
1767174664.7492385,-6,-4,-135
1767174664.7592382,-1,-4,-135
1767174664.7692382,0,-2,-131
1767174664.7792382,3,1,-131
1767174664.7892382,2,0,-126
1767174664.7992382,0,-1,-132
1767174664.8092382,2,-5,-132
1767174664.8192382,0,-4,-134
1767174664.8292382,0,0,-128
1767174664.8392382,2,-2,-123
1767174664.8492382,-1,0,-120
1767174664.859238,-2,1,-121
1767174664.869238,-4,0,-123
1767174664.879238,0,-1,-121
1767174664.889238,0,0,-121
1767174664.899238,1,-1,-119
1767174664.909238,-2,-4,-118
1767174664.919238,-6,-6,-117
1767174664.929238,-4,-5,-117
1767174664.939238,-3,-1,-119
1767174664.949238,-3,-5,-112
1767174664.959238,-6,-8,-112
1767174664.969238,-4,-9,-113
1767174664.9792385,-2,-5,-108
1767174664.9892385,0,-3,-106
1767174664.9992385,0,-2,-109
1767174665.0092382,0,-1,-121
1767174665.0192382,6,0,-120
1767174665.0292382,7,1,-121
1767174665.0392382,5,1,-122
1767174665.0492382,7,3,-117
1767174665.0592382,5,-1,-118
1767174665.0692382,4,-4,-123
1767174665.0792382,-2,-5,-123
1767174665.0892382,-4,-2,-123
1767174665.0992382,-1,-3,-122
1767174665.109238,0,-2,-122
1767174665.119238,-1,-3,-123
1767174665.129238,-2,0,-117
1767174665.139238,-2,-1,-116
1767174665.149238,-2,-5,-121
1767174665.159238,-4,-4,-124
1767174665.169238,-6,-6,-130
1767174665.179238,-2,-6,-130
1767174665.189238,-4,-7,-125
1767174665.199238,-6,-5,-115
1767174665.209238,-5,-6,-114
1767174665.219238,-5,-4,-116
1767174665.2292385,-2,-5,-110
1767174665.2392385,-2,-5,-109
1767174665.2492385,-4,-4,-121
1767174665.2592382,-9,-8,-126
1767174665.2692382,-2,-4,-126
1767174665.2792382,-1,-1,-118
1767174665.2892382,1,0,-115
1767174665.2992382,4,0,-122
1767174665.3092382,7,1,-123
1767174665.3192382,9,-2,-118
1767174665.3292382,5,-6,-114
1767174665.3392382,4,-4,-120
1767174665.3492382,0,-5,-125
1767174665.359238,-1,-7,-125
1767174665.369238,-1,-7,-127
1767174665.379238,3,-8,-129
1767174665.389238,4,-6,-125
1767174665.399238,0,-6,-127
1767174665.409238,-4,-2,-129
1767174665.419238,-3,0,-127
1767174665.429238,-2,3,-131
1767174665.439238,-5,10,-132
1767174665.449238,-4,12,-128
1767174665.459238,-10,6,-134
1767174665.469238,-9,2,-134
1767174665.4792385,-4,0,-126
1767174665.4892385,-5,0,-125
1767174665.4992385,-5,-1,-127
1767174665.5092382,-2,1,-130
1767174665.5192382,-5,0,-132
1767174665.5292382,2,-4,-127
1767174665.5392382,1,0,-126
1767174665.5492382,-3,-2,-120
1767174665.5592382,-6,0,-115
1767174665.5692382,-6,-2,-118
1767174665.5792382,-11,-2,-124
1767174665.5892382,-8,1,-126
1767174665.5992382,-7,-1,-123
1767174665.609238,-5,0,-132
1767174665.619238,-5,0,-128
1767174665.629238,-4,2,-127
1767174665.639238,-2,4,-127
1767174665.649238,3,4,-118
1767174665.659238,3,0,-116
1767174665.669238,4,1,-118
1767174665.679238,3,0,-123
1767174665.689238,-1,-1,-121
1767174665.699238,1,-1,-122
1767174665.709238,2,-6,-123
1767174665.719238,0,-4,-129
1767174665.7292385,0,-8,-127
1767174665.7392385,-1,-8,-119
1767174665.7492385,1,-6,-122
1767174665.7592382,-1,-2,-119
1767174665.7692382,3,-2,-119
1767174665.7792382,3,-5,-121
1767174665.7892382,0,-7,-129
1767174665.7992382,3,-7,-132
1767174665.8092382,0,-8,-123
1767174665.8192382,-2,-5,-119
1767174665.8292382,-6,-6,-119
1767174665.8392382,-1,-7,-123
1767174665.8492382,1,-6,-117
1767174665.859238,-2,-4,-115
1767174665.869238,-4,-1,-115
1767174665.879238,-3,-2,-123
1767174665.889238,0,-1,-124
1767174665.899238,0,-2,-126
1767174665.909238,2,-3,-126
1767174665.919238,0,-3,-122
1767174665.929238,-2,-3,-122
1767174665.939238,0,-4,-121
1767174665.949238,-1,-2,-119
1767174665.959238,-3,-2,-119
1767174665.969238,-5,-1,-119
1767174665.9792385,-3,-5,-121
1767174665.9892385,-5,-6,-126
1767174665.9992385,-8,-7,-125
1767174666.0092382,-4,-2,-118
1767174666.0192382,0,-2,-116
1767174666.0292382,0,-1,-116
1767174666.0392382,-2,-3,-122
1767174666.0492382,-2,-2,-121
1767174666.0592382,-1,-1,-121
1767174666.0692382,0,-1,-124
1767174666.0792382,-3,-4,-123
1767174666.0892382,-5,-4,-122
1767174666.0992382,-9,-4,-127
1767174666.109238,-10,1,-123
1767174666.119238,-6,2,-126
1767174666.129238,-7,0,-127
1767174666.139238,-6,0,-127
1767174666.149238,-6,-2,-129
1767174666.159238,-1,-5,-129
1767174666.169238,-6,-6,-121
1767174666.179238,-3,-6,-120
1767174666.189238,0,-2,-122
1767174666.199238,0,-3,-126
1767174666.209238,-2,-4,-128
1767174666.219238,0,-2,-131
1767174666.2292385,-2,-2,-128
1767174666.2392385,-5,-1,-125
1767174666.2492385,-3,-1,-123
1767174666.2592382,-3,0,-115
1767174666.2692382,-5,-4,-118
1767174666.2792382,-4,-1,-118
1767174666.2892382,-2,1,-122
1767174666.2992382,-3,0,-117
1767174666.3092382,0,2,-124
1767174666.3192382,-1,0,-123
1767174666.3292382,0,3,-123
1767174666.3392382,1,1,-122
1767174666.3492382,6,0,-118
1767174666.359238,10,0,-116
1767174666.369238,6,2,-107
1767174666.379238,5,0,-108
1767174666.389238,3,0,-108
1767174666.399238,0,-1,-107
1767174666.409238,2,0,-107
1767174666.419238,6,-5,-106
1767174666.429238,6,0,-105
1767174666.439238,-1,2,-111
1767174666.449238,-1,6,-115
1767174666.459238,-4,6,-126
1767174666.469238,0,3,-125
1767174666.4792385,2,3,-123
1767174666.4892385,3,2,-132
1767174666.4992385,1,5,-129
1767174666.5092382,-3,5,-127
1767174666.5192382,-8,5,-129
1767174666.5292382,-9,5,-124
1767174666.5392382,-7,5,-119
1767174666.5492382,-3,0,-123
1767174666.5592382,1,0,-127
1767174666.5692382,1,-5,-125
1767174666.5792382,4,-3,-131
1767174666.5892382,3,-2,-134
1767174666.5992382,4,-3,-129
1767174666.609238,2,-2,-123
1767174666.619238,4,1,-126
1767174666.629238,3,0,-120
1767174666.639238,-1,-3,-117
1767174666.649238,0,-2,-120
1767174666.659238,6,-5,-124
1767174666.669238,5,-4,-128
1767174666.679238,4,0,-130
1767174666.689238,5,-3,-131
1767174666.699238,4,-5,-125
1767174666.709238,1,-1,-125
1767174666.719238,0,0,-125
1767174666.7302382,-1,-1,-124
1767174666.7392385,-7,-3,-128
1767174666.7502382,-2,-6,-125
1767174666.7602382,-1,-2,-124
1767174666.7702382,-2,-2,-116
1767174666.7802382,0,0,-110
1767174666.790238,3,-2,-115
1767174666.800238,4,-1,-123
1767174666.810238,2,1,-129
1767174666.820238,0,3,-131
1767174666.830238,-3,2,-128
1767174666.840238,-7,3,-119
1767174666.850238,0,0,-118
1767174666.860238,1,-1,-112
1767174666.870238,0,-1,-110
1767174666.880238,0,0,-109
1767174666.890238,2,0,-111
1767174666.900238,4,2,-109
1767174666.9102385,9,-2,-110
1767174666.9202385,12,-3,-115
1767174666.9302382,4,-4,-118
1767174666.9402382,3,-2,-116
1767174666.9502382,0,-4,-114
1767174666.9602382,0,-2,-112
1767174666.9702382,2,-2,-116
1767174666.9802382,5,-2,-117
1767174666.9902382,5,-6,-118
1767174667.0002382,3,-5,-114
1767174667.0102382,2,-8,-112
1767174667.0202382,5,-6,-116
1767174667.0302382,4,-3,-123
1767174667.040238,3,-4,-122
1767174667.050238,7,-8,-122
1767174667.060238,6,-8,-120
1767174667.070238,6,-9,-120
1767174667.080238,5,-11,-117
1767174667.090238,4,-10,-118
1767174667.100238,0,-6,-117
1767174667.110238,0,-4,-109
1767174667.120238,-2,-7,-107
1767174667.130238,-3,0,-115
1767174667.140238,-6,-2,-117
1767174667.150238,-12,-3,-121
1767174667.1602385,-10,-1,-121
1767174667.1702385,-10,0,-124
1767174667.1802382,-10,-2,-120
1767174667.1902382,-9,-2,-122
1767174667.2002382,-11,0,-122
1767174667.2102382,-10,0,-125
1767174667.2202382,-10,-2,-124
1767174667.2302382,-7,-3,-123
1767174667.2402382,-9,-7,-119
1767174667.2502382,-10,-7,-126
1767174667.2602382,-9,-7,-129
1767174667.2702382,2,-6,-132
1767174667.2802382,2,-1,-129
1767174667.290238,3,1,-122
1767174667.300238,0,5,-117
1767174667.310238,-2,6,-115
1767174667.320238,-2,5,-118
1767174667.330238,-4,6,-123
1767174667.340238,-3,3,-117
1767174667.350238,0,6,-120
1767174667.360238,2,2,-118
1767174667.370238,3,1,-120
1767174667.380238,3,1,-120
1767174667.390238,1,2,-119
1767174667.400238,2,6,-124
1767174667.4102385,3,10,-124
1767174667.4202385,1,8,-125
1767174667.4302382,0,7,-125
1767174667.4402382,-3,7,-125
1767174667.4502382,-7,2,-124
1767174667.4602382,-10,-3,-127
1767174667.4702382,-5,-6,-126
1767174667.4802382,-2,-1,-120
1767174667.4902382,0,0,-116
1767174667.5002382,1,2,-116
1767174667.5102382,1,2,-116
1767174667.5202382,3,2,-121
1767174667.5302382,4,2,-121
1767174667.540238,4,1,-125
1767174667.550238,3,1,-127
1767174667.560238,0,0,-123
1767174667.570238,-3,1,-120
1767174667.580238,-1,3,-115
1767174667.590238,-5,1,-121
1767174667.600238,-4,2,-124
1767174667.610238,-6,0,-121
1767174667.620238,-7,1,-121
1767174667.630238,0,-1,-118
1767174667.640238,3,2,-121
1767174667.650238,-1,6,-121
1767174667.6602385,-2,5,-119
1767174667.6702385,0,2,-116
1767174667.6802382,3,2,-114
1767174667.6902382,-3,0,-124
1767174667.7002382,-2,-2,-123
1767174667.7102382,0,0,-121
1767174667.7202382,-2,-2,-124
1767174667.7302382,-2,-4,-127
1767174667.7402382,-6,-5,-128
1767174667.7502382,-10,-4,-119
1767174667.7602382,-8,-3,-117
1767174667.7702382,-6,-1,-121
1767174667.7802382,-7,0,-123
1767174667.790238,-7,1,-128
1767174667.800238,-8,-2,-122
1767174667.810238,-6,0,-122
1767174667.820238,-3,1,-121
1767174667.830238,0,3,-119
1767174667.840238,5,1,-120
1767174667.850238,1,-3,-119
1767174667.860238,1,-1,-112
1767174667.870238,2,0,-115
1767174667.880238,0,9,-122
1767174667.890238,1,5,-127
1767174667.900238,0,2,-129
1767174667.9102385,0,0,-129
1767174667.9202385,-5,-2,-127
1767174667.9302382,-7,-2,-130
1767174667.9402382,-4,-3,-129
1767174667.9502382,-4,-3,-126
1767174667.9602382,1,0,-123
1767174667.9702382,0,-2,-128
1767174667.9802382,-1,-2,-125
1767174667.9902382,1,-4,-120
1767174668.0002382,3,-1,-118
1767174668.0102382,6,0,-120
1767174668.0202382,4,1,-119
1767174668.0302382,0,2,-119
1767174668.040238,1,-1,-121
1767174668.050238,0,-3,-117
1767174668.060238,-2,-2,-118
1767174668.070238,-4,0,-117
1767174668.080238,-6,-2,-121
1767174668.090238,-3,-2,-124
1767174668.100238,-2,-1,-130
1767174668.110238,-6,-2,-126
1767174668.120238,-6,1,-128
1767174668.130238,-5,-2,-131
1767174668.140238,-4,0,-134
1767174668.150238,-2,1,-123
1767174668.1602385,-1,0,-114
1767174668.1702385,1,0,-116
1767174668.1802382,8,-4,-117
1767174668.1902382,7,0,-112
1767174668.2002382,2,1,-114
1767174668.2102382,0,3,-115
1767174668.2202382,1,3,-117
1767174668.2302382,2,3,-117
1767174668.2402382,1,6,-110
1767174668.2502382,0,3,-112
1767174668.2602382,0,2,-115
1767174668.2702382,1,0,-118
1767174668.2802382,2,-1,-116
1767174668.290238,3,-1,-117
1767174668.300238,2,-4,-116
1767174668.310238,2,-7,-119
1767174668.320238,-2,-7,-114
1767174668.330238,0,-4,-111
1767174668.340238,-1,-3,-115
1767174668.350238,1,-4,-115
1767174668.360238,-4,-6,-123
1767174668.370238,-5,-6,-129
1767174668.380238,-6,-8,-127
1767174668.390238,-8,-8,-126
1767174668.400238,-8,-7,-126
1767174668.4102385,-13,-7,-124
1767174668.4202385,-13,-5,-131
1767174668.4302382,-10,-6,-126
1767174668.4402382,-9,-6,-129
1767174668.4502382,-6,-6,-128
1767174668.4602382,-5,-3,-128
1767174668.4702382,-4,-2,-124
1767174668.4802382,-3,-2,-121
1767174668.4902382,-3,-6,-114
1767174668.5002382,-1,-5,-123
1767174668.5102382,0,-5,-122
1767174668.5202382,-1,-3,-113
1767174668.5302382,-2,-6,-120
1767174668.540238,-4,-7,-116
1767174668.550238,-7,-8,-115
1767174668.560238,-7,-8,-117
1767174668.570238,-7,-5,-117
1767174668.580238,-4,-4,-118
1767174668.590238,-1,-2,-120
1767174668.600238,2,-1,-118
1767174668.610238,1,1,-119
1767174668.620238,-2,1,-121
1767174668.630238,-8,0,-129
1767174668.640238,-8,2,-136
1767174668.650238,-3,2,-134
1767174668.6602385,0,3,-132
1767174668.6702385,4,4,-131
1767174668.6802382,4,2,-128
1767174668.6902382,4,3,-131
1767174668.7002382,3,1,-132
1767174668.7102382,4,1,-139
1767174668.732238,1,1,-139
1767174668.7402382,0,3,-137
1767174668.7502382,-1,4,-134
1767174668.7602382,-2,3,-131
1767174668.7702382,0,6,-127
1767174668.7802382,2,7,-125
1767174668.790238,3,5,-124
1767174668.800238,3,5,-118
1767174668.810238,6,1,-122
1767174668.820238,5,2,-118
1767174668.830238,4,4,-123
1767174668.840238,0,4,-121
1767174668.850238,0,2,-120
1767174668.860238,-1,-3,-114
1767174668.870238,-5,-5,-115
1767174668.880238,-11,-3,-110
1767174668.890238,-6,0,-117
1767174668.900238,-1,0,-121
1767174668.9102385,1,0,-120
1767174668.9202385,2,0,-124
1767174668.9302382,4,1,-124
1767174668.9402382,-2,0,-128
1767174668.9502382,-6,0,-126
1767174668.9602382,-4,1,-121
1767174668.9702382,-3,2,-118
1767174668.9802382,-1,3,-114
1767174668.9902382,0,2,-113
1767174669.0002382,5,3,-117
1767174669.0102382,0,2,-121
1767174669.0202382,-6,1,-118
1767174669.0302382,-15,0,-116
1767174669.040238,-9,0,-115
1767174669.050238,-6,2,-124
1767174669.060238,-8,3,-123
1767174669.070238,-5,6,-122
1767174669.080238,-3,3,-120
1767174669.090238,-2,1,-118
1767174669.100238,-1,0,-121
1767174669.110238,0,-1,-119
1767174669.120238,4,-2,-109
1767174669.130238,6,0,-105
1767174669.140238,5,2,-104
1767174669.150238,1,4,-109
1767174669.1602385,-2,3,-113
1767174669.1702385,-3,0,-122
1767174669.1802382,0,0,-124
1767174669.1902382,-1,0,-122
1767174669.2002382,-3,-2,-122
1767174669.2102382,-4,-6,-122
1767174669.2202382,-1,-4,-128
1767174669.2302382,0,-8,-128
1767174669.2402382,-1,-6,-125
1767174669.2502382,-4,-3,-119
1767174669.2602382,-2,-2,-119
1767174669.2702382,-1,2,-118
1767174669.2802382,-3,2,-124
1767174669.290238,-5,1,-127
1767174669.300238,-2,0,-131
1767174669.310238,-5,-6,-133
1767174669.320238,-5,-1,-133
1767174669.330238,-7,-4,-133
1767174669.340238,-5,-2,-129
1767174669.350238,-6,0,-127
1767174669.360238,-5,0,-120
1767174669.370238,-5,2,-118
1767174669.380238,-5,-1,-114
1767174669.390238,-3,0,-118
1767174669.400238,-2,0,-119
1767174669.4112382,0,2,-119
1767174669.4202385,0,0,-120
1767174669.4302382,-5,2,-108
1767174669.4412382,-3,0,-115
1767174669.4512382,-4,-4,-117
1767174669.461238,-7,-7,-121
1767174669.471238,-9,-4,-117
1767174669.481238,-6,-3,-115
1767174669.491238,-6,-1,-123
1767174669.501238,-6,-4,-120
1767174669.511238,-4,-3,-118
1767174669.521238,-4,-2,-123
1767174669.531238,-4,3,-121
1767174669.541238,-4,3,-114
1767174669.551238,0,3,-117
1767174669.561238,0,0,-120
1767174669.571238,-1,-1,-123
1767174669.5812385,-2,0,-122
1767174669.5912385,3,-1,-124
1767174669.6012385,4,0,-130
1767174669.6112382,3,-4,-130
1767174669.6212382,3,-1,-124
1767174669.6312382,3,1,-123
1767174669.6412382,3,2,-121
1767174669.6512382,3,4,-121
1767174669.6612382,2,2,-120
1767174669.6712382,3,1,-116
1767174669.6812382,0,0,-114
1767174669.6912382,0,0,-115
1767174669.7012382,2,2,-119
1767174669.711238,-1,3,-124
1767174669.721238,1,2,-123
1767174669.731238,-3,5,-126
1767174669.741238,0,6,-124
1767174669.751238,-1,5,-121
1767174669.761238,-4,-1,-122
1767174669.771238,-7,-3,-126
1767174669.781238,-6,-3,-127
1767174669.791238,-3,-3,-126
1767174669.801238,-4,0,-127
1767174669.811238,0,1,-118
1767174669.821238,1,2,-116
1767174669.8312385,2,-3,-119
1767174669.8412385,4,0,-124
1767174669.8512385,5,0,-124
1767174669.8612382,0,0,-120
1767174669.8712382,1,5,-114
1767174669.8812382,2,2,-110
1767174669.8912382,0,1,-110
1767174669.9012382,2,0,-115
1767174669.9112382,3,1,-118
1767174669.9212382,3,4,-127
1767174669.9312382,-1,0,-132
1767174669.9412382,-9,1,-127
1767174669.9512382,-9,1,-125
1767174669.961238,-6,0,-127
1767174669.971238,-4,2,-131
1767174669.981238,-2,0,-124
1767174669.991238,0,-3,-122
1767174670.001238,0,-5,-121
1767174670.011238,5,-4,-122
1767174670.021238,2,-3,-125
1767174670.031238,0,-2,-129
1767174670.041238,2,0,-132
1767174670.051238,3,-1,-132
1767174670.061238,3,2,-125
1767174670.071238,-1,3,-119
1767174670.0812385,-1,1,-118
1767174670.0912385,-3,-1,-117
1767174670.1012385,0,-5,-115
1767174670.1112382,0,-6,-112
1767174670.1212382,-3,-5,-116
1767174670.1312382,-2,-1,-118
1767174670.1412382,0,-1,-115
1767174670.1512382,0,-1,-120
1767174670.1612382,3,-2,-123
1767174670.1712382,2,-4,-124
1767174670.1812382,1,-4,-122
1767174670.1912382,1,-5,-121
1767174670.2012382,0,-7,-120
1767174670.211238,1,-7,-123
1767174670.221238,2,-4,-126
1767174670.231238,5,-1,-134
1767174670.241238,6,-2,-130
1767174670.251238,9,-3,-132
1767174670.261238,8,-4,-128
1767174670.271238,9,0,-130
1767174670.281238,5,-1,-127
1767174670.291238,3,0,-132
1767174670.301238,-1,-2,-131
1767174670.311238,0,-2,-132
1767174670.321238,1,-2,-124
1767174670.3312385,2,-4,-123
1767174670.3412385,0,-3,-123
1767174670.3512385,0,0,-119
1767174670.3612382,-2,2,-124
1767174670.3712382,-8,4,-121
1767174670.3812382,-3,2,-119
1767174670.3912382,0,3,-120
1767174670.4012382,-2,0,-120
1767174670.4112382,-4,-2,-117
1767174670.4212382,-2,1,-115
1767174670.4312382,-1,0,-110
1767174670.4412382,0,1,-109
1767174670.4512382,4,2,-118
1767174670.461238,2,-4,-130
1767174670.471238,1,-7,-128
1767174670.481238,1,-7,-131
1767174670.491238,2,-3,-129
1767174670.501238,2,0,-123
1767174670.511238,0,0,-124
1767174670.521238,2,-6,-119
1767174670.531238,-3,-1,-117
1767174670.541238,-5,0,-113
1767174670.551238,-5,1,-111
1767174670.561238,-2,4,-116
1767174670.571238,-4,3,-122
1767174670.5812385,-4,4,-128
1767174670.5912385,-6,3,-126
1767174670.6012385,-6,0,-129
1767174670.6112382,-5,0,-128
1767174670.6212382,-4,1,-124
1767174670.6312382,-5,3,-119
1767174670.6412382,-2,7,-118
1767174670.6512382,4,4,-119
1767174670.6612382,3,4,-120
1767174670.6712382,1,3,-116
1767174670.6812382,-4,3,-118
1767174670.6912382,-8,5,-122
1767174670.7012382,-4,2,-118
1767174670.711238,-3,0,-118
1767174670.721238,-1,-4,-115
1767174670.731238,0,-7,-121
1767174670.741238,-2,-9,-122
1767174670.751238,-1,-6,-128
1767174670.761238,0,-8,-122
1767174670.771238,-3,-6,-118
1767174670.781238,-3,-6,-124
1767174670.791238,-3,-3,-129
1767174670.801238,0,-2,-127
1767174670.811238,4,-2,-124
1767174670.821238,1,-5,-122
1767174670.8312385,0,-11,-126
1767174670.8412385,1,-9,-128
1767174670.8512385,1,-5,-129
1767174670.8612382,1,-6,-132
1767174670.8712382,3,-5,-132
1767174670.8812382,2,-2,-125
1767174670.8912382,0,-4,-125
1767174670.9012382,-6,-4,-124
1767174670.9112382,-4,-6,-125
1767174670.9212382,-5,-5,-125
1767174670.9312382,-3,-3,-119
1767174670.9412382,-3,0,-121
1767174670.9512382,-2,0,-123
1767174670.961238,0,-3,-119
1767174670.971238,3,-4,-118
1767174670.981238,4,1,-113
1767174670.991238,1,0,-116
1767174671.001238,0,-3,-130
1767174671.011238,0,-3,-128
1767174671.021238,-4,-7,-125
1767174671.031238,-3,-8,-127
1767174671.041238,-5,-9,-131
1767174671.051238,-5,-7,-127
1767174671.061238,-6,-8,-123
1767174671.071238,-5,-7,-120
1767174671.0812385,-3,-3,-117
1767174671.0912385,-5,0,-120
1767174671.1012385,-7,1,-124
1767174671.1112382,-7,0,-125
1767174671.1212382,-7,0,-127
1767174671.1312382,-3,2,-122
1767174671.1412382,-2,0,-124
1767174671.1512382,-1,0,-128
1767174671.1612382,-3,1,-129
1767174671.1712382,-1,2,-121
1767174671.1812382,4,1,-125
1767174671.1912382,3,1,-124
1767174671.2012382,1,-1,-117
1767174671.211238,0,-1,-118
1767174671.221238,3,0,-112
1767174671.231238,0,0,-113
1767174671.241238,2,-1,-114
1767174671.251238,4,0,-111
1767174671.261238,2,-4,-114
1767174671.271238,-4,-3,-116
1767174671.281238,-5,-1,-110
1767174671.291238,0,1,-106
1767174671.301238,1,1,-113
1767174671.311238,3,1,-112
1767174671.321238,3,-1,-115
1767174671.3312385,2,-1,-116
1767174671.3412385,2,-2,-119
1767174671.3512385,4,-8,-119
1767174671.3612382,0,-7,-116
1767174671.3712382,0,-7,-115
1767174671.3812382,1,-3,-119
1767174671.3912382,3,0,-116
1767174671.4012382,3,-1,-111
1767174671.4112382,3,-1,-120
1767174671.4212382,1,-4,-126
1767174671.4312382,0,2,-130
1767174671.4412382,0,2,-134
1767174671.4512382,1,3,-137
1767174671.461238,3,2,-130
1767174671.471238,0,-2,-129
1767174671.481238,1,-4,-139
1767174671.491238,0,-7,-138
1767174671.501238,1,-9,-135
1767174671.511238,-1,-6,-132
1767174671.521238,-2,-6,-133
1767174671.531238,-5,-1,-133
1767174671.541238,-4,0,-128
1767174671.551238,-2,-5,-129
1767174671.561238,1,-1,-123
1767174671.571238,0,-2,-126
1767174671.5812385,-1,-3,-127
1767174671.5912385,-3,-7,-128
1767174671.6012385,0,-4,-128
1767174671.6112382,0,-1,-124
1767174671.6212382,0,0,-127
1767174671.6312382,0,0,-132
1767174671.6412382,0,1,-130
1767174671.6512382,1,0,-131
1767174671.6612382,1,0,-128
1767174671.6712382,0,4,-121
1767174671.6812382,-3,2,-126
1767174671.6912382,0,3,-124
1767174671.7012382,3,3,-126
1767174671.711238,3,-1,-128
1767174671.721238,4,-2,-127
1767174671.731238,2,-1,-126
1767174671.741238,3,-4,-125
1767174671.751238,3,-2,-120
1767174671.761238,-1,-1,-121
1767174671.771238,0,-3,-125
1767174671.781238,1,-2,-128
1767174671.791238,3,1,-122
1767174671.801238,4,3,-121
1767174671.811238,2,0,-115
1767174671.821238,4,1,-118
1767174671.8312385,8,-2,-117
1767174671.8412385,9,-3,-115
1767174671.8512385,3,-2,-120
1767174671.8612382,5,-2,-123
1767174671.8712382,8,-2,-126
1767174671.8812382,7,0,-119
1767174671.8912382,6,-1,-122
1767174671.9012382,5,-4,-117
1767174671.9112382,4,-2,-117
1767174671.9212382,4,-3,-115
1767174671.9312382,7,0,-120
1767174671.9412382,4,1,-123
1767174671.9512382,0,0,-126
1767174671.961238,2,0,-127
1767174671.971238,-1,-2,-123
1767174671.981238,0,-4,-125
1767174671.991238,1,-2,-121
1767174672.001238,3,1,-114
1767174672.011238,-1,1,-117
1767174672.021238,-4,3,-115
1767174672.031238,-5,6,-114
1767174672.041238,0,4,-120
1767174672.0522382,2,4,-114
1767174672.061238,2,0,-114
1767174672.071238,5,-2,-118
1767174672.0822382,12,-6,-121
1767174672.0912385,11,-8,-125
1767174672.1022382,7,-6,-127
1767174672.1122382,6,-2,-130
1767174672.1222382,9,-2,-128
1767174672.132238,12,-2,-127
1767174672.142238,10,-4,-126
1767174672.152238,9,-7,-125
1767174672.162238,6,-3,-124
1767174672.172238,7,-2,-120
1767174672.182238,4,-2,-124
1767174672.192238,1,0,-127
1767174672.202238,3,0,-121
1767174672.212238,0,1,-123
1767174672.222238,0,1,-122
1767174672.232238,1,2,-120
1767174672.241238,2,0,-125
1767174672.252238,2,0,-123
1767174672.2622385,2,-1,-118
1767174672.2722385,-2,-5,-122
1767174672.2822382,-3,-3,-123
1767174672.2922382,-6,1,-127
1767174672.3022382,-9,3,-128
1767174672.3122382,-4,5,-133
1767174672.3222382,-2,5,-130
1767174672.3322382,-1,4,-127
1767174672.3422382,-1,2,-124
1767174672.3522382,-2,4,-119
1767174672.3622382,-2,6,-118
1767174672.3722382,-2,4,-117
1767174672.382238,-3,1,-114
1767174672.392238,-3,1,-113
1767174672.402238,-3,5,-119
1767174672.412238,-1,2,-123
1767174672.422238,-2,3,-118
1767174672.432238,-3,7,-111
1767174672.442238,-4,4,-113
1767174672.452238,-2,5,-115
1767174672.462238,-1,-1,-119
1767174672.472238,-1,0,-116
1767174672.482238,1,-4,-123
1767174672.492238,2,-5,-124
1767174672.502238,0,-3,-121
1767174672.5122385,-1,-1,-119
1767174672.5222385,0,0,-119
1767174672.5322382,0,3,-111
1767174672.5422382,4,5,-109
1767174672.5522382,2,0,-108
1767174672.5622382,0,-1,-117
1767174672.5722382,0,-3,-115
1767174672.5822382,-7,-2,-121
1767174672.5922382,-5,-1,-122
1767174672.6022382,0,0,-122
1767174672.6122382,-1,-7,-120
1767174672.6222382,5,-5,-125
1767174672.632238,6,-4,-129
1767174672.642238,3,2,-129
1767174672.652238,3,4,-127
1767174672.662238,3,5,-123
1767174672.672238,4,5,-134
1767174672.682238,5,4,-133
1767174672.692238,3,2,-127
1767174672.702238,0,4,-125
1767174672.712238,-2,3,-122
1767174672.722238,-2,7,-114
1767174672.732238,-1,5,-114
1767174672.742238,-1,1,-120
1767174672.752238,-4,-1,-130
1767174672.7622385,-1,-1,-131
1767174672.7722385,0,0,-131
1767174672.7822382,-2,3,-127
1767174672.7922382,-2,8,-127
1767174672.8022382,-4,6,-129
1767174672.8122382,-6,4,-125
1767174672.8222382,-4,2,-123
1767174672.8322382,1,3,-121
1767174672.8422382,0,4,-123
1767174672.8522382,-2,0,-126
1767174672.8622382,-2,0,-127
1767174672.8722382,-2,2,-126
1767174672.882238,-3,0,-132
1767174672.892238,-1,-1,-132
1767174672.902238,-4,5,-134
1767174672.912238,-3,5,-135
1767174672.922238,-2,6,-128
1767174672.932238,-1,2,-121
1767174672.942238,0,1,-123
1767174672.952238,0,4,-126
1767174672.962238,1,1,-130
1767174672.972238,3,-1,-129
1767174672.982238,2,1,-125
1767174672.992238,4,1,-118
1767174673.002238,4,2,-117
1767174673.0122385,4,3,-117
1767174673.0222385,2,1,-115
1767174673.0322382,1,2,-114
1767174673.0422382,0,0,-119
1767174673.0522382,-2,0,-114
1767174673.0622382,-2,-5,-116
1767174673.0722382,-5,-5,-116
1767174673.0822382,-5,0,-113
1767174673.0922382,-6,1,-111
1767174673.1022382,-11,0,-108
1767174673.1122382,-3,0,-115
1767174673.1222382,-1,-2,-116
1767174673.132238,-2,-3,-120
1767174673.142238,1,-1,-118
1767174673.152238,0,0,-116
1767174673.162238,1,0,-116
1767174673.172238,-1,0,-114
1767174673.182238,0,1,-114
1767174673.192238,-1,-1,-113
1767174673.202238,-2,-1,-120
1767174673.212238,-2,-3,-128
1767174673.222238,-5,-3,-135
1767174673.232238,-4,-2,-133
1767174673.242238,-4,-1,-136
1767174673.252238,-3,-7,-133
1767174673.2622385,0,-5,-132
1767174673.2722385,-1,0,-124
1767174673.2822382,-2,1,-122
1767174673.2922382,1,1,-128
1767174673.3022382,0,1,-128
1767174673.3122382,3,1,-127
1767174673.3222382,2,0,-124
1767174673.3322382,-3,-1,-123
1767174673.3422382,-2,1,-122
1767174673.3522382,-6,1,-121
1767174673.3622382,-4,5,-116
1767174673.3722382,-2,4,-118
1767174673.382238,-4,1,-126
1767174673.392238,0,2,-122
1767174673.402238,6,0,-119
1767174673.412238,4,1,-120
1767174673.422238,4,1,-125
1767174673.432238,3,5,-121
1767174673.442238,3,1,-118
1767174673.452238,3,2,-121
1767174673.462238,4,2,-124
1767174673.472238,7,2,-120
1767174673.482238,6,4,-121
1767174673.492238,4,1,-128
1767174673.502238,3,1,-133
1767174673.5122385,1,2,-136
1767174673.5222385,0,0,-138
1767174673.5322382,0,-4,-141
1767174673.5422382,3,-5,-137
1767174673.5522382,2,-4,-137
1767174673.5622382,-2,-2,-134
1767174673.5722382,-3,-1,-126
1767174673.5822382,-4,-1,-119
1767174673.5922382,-3,0,-118
1767174673.6022382,-4,2,-111
1767174673.6122382,0,0,-111
1767174673.6222382,-1,0,-113
1767174673.632238,1,0,-126
1767174673.642238,-1,2,-127
1767174673.652238,-1,3,-132
1767174673.662238,-2,4,-127
1767174673.672238,-2,-2,-124
1767174673.682238,-3,-2,-123
1767174673.692238,-5,0,-123
1767174673.702238,-1,0,-120
1767174673.712238,-2,0,-125
1767174673.722238,1,4,-129
1767174673.744238,0,3,-128
1767174673.752238,-1,0,-126
1767174673.7622385,0,-1,-125
1767174673.7722385,-4,1,-131
1767174673.7822382,-2,3,-126
1767174673.7922382,0,4,-124
1767174673.8022382,0,4,-121
1767174673.8122382,0,2,-121
1767174673.8222382,-2,-1,-120
1767174673.8322382,-1,1,-123
1767174673.8422382,-6,-5,-122
1767174673.8522382,-1,-8,-123
1767174673.8622382,-2,-4,-123
1767174673.8722382,0,-3,-118
1767174673.882238,1,-8,-124
1767174673.892238,5,-5,-126
1767174673.902238,2,0,-125
1767174673.912238,0,4,-121
1767174673.922238,-3,2,-123
1767174673.932238,0,-1,-123
1767174673.942238,0,0,-124
1767174673.952238,-4,0,-122
1767174673.962238,-5,-3,-118
1767174673.972238,-6,-7,-115
1767174673.982238,-7,-5,-114
1767174673.992238,-6,-1,-122
1767174674.002238,-8,0,-123
1767174674.0122385,-8,-2,-123
1767174674.0222385,-7,-6,-119
1767174674.0322382,-1,-7,-114
1767174674.0422382,1,-5,-113
1767174674.0522382,1,-5,-117
1767174674.0622382,2,-2,-117
1767174674.0722382,1,1,-124
1767174674.0822382,0,1,-123
1767174674.0922382,-1,2,-124
1767174674.1022382,2,2,-125
1767174674.1122382,2,0,-128
1767174674.1222382,3,0,-127
1767174674.132238,2,0,-130
1767174674.142238,-2,0,-125
1767174674.152238,-6,-2,-127
1767174674.162238,-1,0,-126
1767174674.172238,0,0,-121
1767174674.182238,0,0,-120
1767174674.192238,-5,-3,-120
1767174674.202238,-6,-6,-116
1767174674.212238,-5,-7,-121
1767174674.222238,-3,-3,-120
1767174674.232238,-4,-3,-120
1767174674.242238,-1,-2,-120
1767174674.252238,4,-2,-117
1767174674.2622385,1,-5,-117
1767174674.2722385,3,-4,-115
1767174674.2822382,-1,0,-110
1767174674.2922382,-2,-1,-108
1767174674.3022382,0,-7,-112
1767174674.3122382,0,-9,-119
1767174674.3222382,3,-6,-126
1767174674.3322382,2,-6,-135
1767174674.3422382,4,-7,-132
1767174674.3522382,2,-4,-134
1767174674.3622382,0,-5,-130
1767174674.3722382,0,-6,-124
1767174674.382238,-5,-1,-124
1767174674.392238,-1,-1,-121
1767174674.402238,2,0,-121
1767174674.412238,4,0,-121
1767174674.422238,2,1,-119
1767174674.432238,2,0,-120
1767174674.442238,-1,2,-119
1767174674.452238,-5,6,-119
1767174674.462238,-4,4,-120
1767174674.472238,-2,1,-126
1767174674.482238,0,0,-125
1767174674.492238,5,-4,-127
1767174674.502238,0,-1,-128
1767174674.5122385,0,0,-125
1767174674.5222385,-3,-1,-121
1767174674.5322382,-4,1,-123
1767174674.5422382,-1,4,-124
1767174674.5522382,0,3,-129
1767174674.5622382,2,0,-133
1767174674.5722382,4,-2,-137
1767174674.5822382,2,-1,-134
1767174674.5922382,1,0,-133
1767174674.6022382,-1,1,-127
1767174674.6122382,-4,1,-120
1767174674.6222382,-2,0,-111
1767174674.632238,0,0,-115
1767174674.642238,2,0,-121
1767174674.652238,1,-1,-122
1767174674.662238,7,-1,-126
1767174674.672238,10,0,-125
1767174674.682238,9,-1,-124
1767174674.6932385,3,-3,-126
1767174674.702238,3,0,-128
1767174674.712238,1,0,-125
1767174674.7232382,-1,0,-127
1767174674.732238,-3,0,-125
1767174674.7432382,-3,1,-124
1767174674.7532382,1,2,-136
1767174674.7632382,3,0,-132
1767174674.7732382,4,-3,-130
1767174674.7832382,1,-3,-130
1767174674.7932382,0,-3,-128
1767174674.8032382,1,-8,-122
1767174674.813238,0,-6,-121
1767174674.823238,0,0,-121
1767174674.833238,0,-1,-128
1767174674.843238,-2,-1,-129
1767174674.853238,-3,0,-128
1767174674.863238,0,-2,-118
1767174674.873238,0,-3,-123
1767174674.883238,0,-2,-126
1767174674.893238,-1,-2,-125
1767174674.903238,0,-5,-127
1767174674.913238,5,-6,-129
1767174674.923238,3,-3,-127
1767174674.9332385,0,-6,-136
1767174674.9432385,4,-5,-139
1767174674.9532382,7,-7,-137
1767174674.9632382,9,-5,-134
1767174674.9732382,6,-6,-129
1767174674.9832382,-2,1,-123
1767174674.9932382,-1,-1,-119
1767174675.0032382,-2,-9,-111
1767174675.0132382,-4,-10,-111
1767174675.0232382,-9,-11,-118
1767174675.0332382,-5,-6,-121
1767174675.0432382,-4,-3,-122
1767174675.0532382,0,-2,-116
1767174675.063238,0,2,-113
1767174675.073238,-1,2,-113
1767174675.083238,-1,1,-111
1767174675.093238,-3,1,-120
1767174675.103238,-4,0,-113
1767174675.113238,-4,1,-111
1767174675.123238,-5,0,-115
1767174675.133238,-6,1,-119
1767174675.143238,-9,3,-119
1767174675.153238,-7,4,-116
1767174675.163238,-2,3,-116
1767174675.173238,3,3,-118
1767174675.1832385,2,5,-122
1767174675.1932385,0,0,-116
1767174675.2032382,1,-3,-109
1767174675.2132382,3,0,-117
1767174675.2232382,6,0,-117
1767174675.2332382,8,-3,-119
1767174675.2432382,5,-4,-115
1767174675.2532382,3,-2,-120
1767174675.2632382,4,0,-121
1767174675.2732382,0,-1,-116
1767174675.2832382,0,-4,-118
1767174675.2932382,1,-1,-126
1767174675.3032382,2,-1,-126
1767174675.313238,1,-3,-121
1767174675.323238,0,-5,-124
1767174675.333238,-7,-3,-130
1767174675.343238,-9,-2,-131
1767174675.353238,-6,-1,-129
1767174675.363238,-5,-5,-137
1767174675.373238,-5,-8,-131
1767174675.383238,-14,-3,-121
1767174675.393238,-10,0,-120
1767174675.403238,-5,0,-123
1767174675.413238,-3,0,-123
1767174675.423238,-1,0,-115
1767174675.4332385,-1,1,-119
1767174675.4432385,0,3,-117
1767174675.4532382,1,5,-119
1767174675.4632382,-3,9,-116
1767174675.4732382,-4,9,-120
1767174675.4832382,-4,5,-119
1767174675.4932382,-2,2,-117
1767174675.5032382,-2,-2,-120
1767174675.5132382,3,0,-122
1767174675.5232382,1,1,-123
1767174675.5332382,1,2,-130
1767174675.5432382,0,0,-127
1767174675.5532382,-3,2,-124
1767174675.563238,-4,2,-121
1767174675.573238,-6,0,-124
1767174675.583238,-8,2,-121
1767174675.593238,-6,1,-117
1767174675.603238,-4,2,-114
1767174675.613238,-5,0,-114
1767174675.623238,-4,0,-117
1767174675.633238,-2,-2,-117
1767174675.643238,-4,-5,-113
1767174675.653238,-6,-4,-116
1767174675.663238,-4,-4,-115
1767174675.673238,-4,-4,-117
1767174675.6832385,-2,-2,-124
1767174675.6932385,2,-4,-126
1767174675.7032382,1,-2,-125
1767174675.7132382,0,-3,-119
1767174675.7232382,-3,-1,-119
1767174675.7332382,-4,0,-121
1767174675.7432382,-2,-3,-125
1767174675.7532382,0,-4,-125
1767174675.7632382,-3,-3,-120
1767174675.7732382,-5,0,-121
1767174675.7832382,-7,1,-117
1767174675.7932382,-1,4,-119
1767174675.8032382,-2,5,-124
1767174675.813238,-1,8,-120
1767174675.823238,0,4,-117
1767174675.833238,-4,4,-124
1767174675.843238,-5,0,-120
1767174675.853238,-6,0,-126
1767174675.863238,-4,0,-122
1767174675.873238,-2,0,-124
1767174675.883238,-4,-2,-125
1767174675.893238,-8,-2,-129
1767174675.9042382,-8,0,-127
1767174675.913238,-7,-1,-131
1767174675.923238,-7,-7,-126
1767174675.9332385,-4,-6,-126
1767174675.9432385,-3,-5,-126
1767174675.9532382,-1,-2,-124
1767174675.9632382,3,-4,-123
1767174675.9732382,0,-1,-127
1767174675.9832382,1,-2,-128
1767174675.9932382,-1,0,-122
1767174676.0032382,-2,1,-115
1767174676.0132382,-1,-1,-113
1767174676.0232382,0,0,-122
1767174676.0332382,1,0,-128
1767174676.0432382,-1,0,-126
1767174676.0532382,-1,1,-124
1767174676.063238,0,-1,-126
1767174676.073238,-1,-3,-127
1767174676.083238,0,0,-129
1767174676.093238,-1,0,-131
1767174676.103238,-2,-1,-131
1767174676.113238,-1,-3,-131
1767174676.123238,-5,-2,-132
1767174676.133238,-9,-1,-136
1767174676.143238,-9,0,-128
1767174676.153238,-10,2,-122
1767174676.163238,-10,0,-122
1767174676.173238,-14,-2,-112
1767174676.1832385,-14,-3,-110
1767174676.1932385,-11,-3,-108
1767174676.2032382,-11,-3,-109
1767174676.2132382,-10,-2,-111
1767174676.2232382,-16,-3,-118
1767174676.2332382,-9,0,-123
1767174676.2432382,-7,-3,-131
1767174676.2532382,-3,-4,-140
1767174676.2632382,-6,-5,-137
1767174676.2732382,-2,-7,-131
1767174676.2832382,0,-8,-129
1767174676.2932382,1,-4,-130
1767174676.3032382,2,0,-129
1767174676.313238,1,0,-125
1767174676.323238,2,0,-121
1767174676.333238,3,-1,-125
1767174676.343238,2,-3,-127
1767174676.353238,0,-2,-118
1767174676.363238,2,-1,-121
1767174676.373238,4,-5,-114
1767174676.383238,4,-4,-112
1767174676.393238,4,-4,-114
1767174676.403238,7,-3,-117
1767174676.413238,8,-1,-115
1767174676.423238,4,1,-119
1767174676.4332385,0,-2,-120
1767174676.4432385,4,-7,-118
1767174676.4532382,5,-5,-118
1767174676.4632382,0,-5,-119
1767174676.4732382,-1,-6,-121
1767174676.4832382,-1,-3,-124
1767174676.4932382,-3,0,-118
1767174676.5032382,-4,-1,-114
1767174676.5132382,0,0,-118
1767174676.5232382,1,2,-120
1767174676.5332382,2,4,-129
1767174676.5432382,-2,1,-127
1767174676.5532382,0,-4,-125
1767174676.563238,-2,-6,-127
1767174676.573238,-1,-8,-124
1767174676.583238,2,-4,-123
1767174676.593238,6,-6,-123
1767174676.603238,3,-3,-120
1767174676.613238,2,-2,-118
1767174676.623238,7,-4,-120
1767174676.633238,3,-3,-118
1767174676.643238,4,-3,-117
1767174676.653238,4,-1,-121
1767174676.663238,-1,-2,-122
1767174676.673238,0,-3,-125
1767174676.6832385,0,-3,-132
1767174676.6932385,1,-1,-129
1767174676.7032382,2,-3,-127
1767174676.7132382,2,-5,-126
1767174676.7232382,0,-4,-123
1767174676.7332382,0,-3,-126
1767174676.7432382,-4,0,-120
1767174676.7532382,-1,4,-120
1767174676.7632382,2,1,-127
1767174676.7732382,3,3,-124
1767174676.7832382,4,4,-124
1767174676.7932382,1,5,-118
1767174676.8032382,-7,1,-116
1767174676.813238,-1,-1,-116
1767174676.823238,-1,0,-119
1767174676.833238,1,0,-113
1767174676.843238,0,-1,-115
1767174676.853238,0,-2,-115
1767174676.863238,-3,-5,-124
1767174676.873238,-2,-1,-125
1767174676.883238,0,0,-133
1767174676.893238,-1,1,-131
1767174676.903238,-2,0,-133
1767174676.913238,3,0,-127
1767174676.923238,4,4,-128
1767174676.9332385,4,6,-119
1767174676.9432385,7,4,-116
1767174676.9532382,6,4,-112
1767174676.9632382,7,0,-118
1767174676.9732382,3,-2,-123
1767174676.9832382,0,0,-124
1767174676.9932382,-2,5,-125
1767174677.0032382,0,3,-128
1767174677.0132382,0,2,-125
1767174677.0232382,1,1,-126
1767174677.0332382,0,0,-123
1767174677.0432382,-1,0,-116
1767174677.0532382,1,0,-105
1767174677.063238,-3,2,-110
1767174677.073238,-2,4,-112
1767174677.083238,0,2,-114
1767174677.093238,1,-1,-110
1767174677.103238,0,-2,-108
1767174677.113238,0,-1,-113
1767174677.123238,0,0,-111
1767174677.133238,-1,2,-116
1767174677.143238,0,0,-116
1767174677.153238,4,4,-106
1767174677.163238,10,2,-114
1767174677.173238,9,-5,-119
1767174677.1832385,10,-6,-116
1767174677.1932385,8,-7,-118
1767174677.2032382,-2,-5,-119
1767174677.2132382,0,-3,-112
1767174677.2232382,4,-6,-115
1767174677.2332382,0,-9,-120
1767174677.2432382,0,-6,-122
1767174677.2532382,0,-6,-119
1767174677.2632382,0,-5,-124
1767174677.2732382,-2,-3,-121
1767174677.2832382,-4,-2,-117
1767174677.2932382,0,-1,-120
1767174677.3032382,-2,-2,-119
1767174677.313238,3,-3,-116
1767174677.323238,4,-3,-117
1767174677.333238,2,-3,-127
1767174677.343238,2,-3,-127
1767174677.353238,0,-5,-127
1767174677.363238,-1,-5,-121
1767174677.373238,0,-5,-125
1767174677.3842382,3,-3,-124
1767174677.3942382,0,0,-126
1767174677.4042382,-3,0,-132
1767174677.4142382,-6,-3,-128
1767174677.4242382,-2,-1,-127
1767174677.4342382,-5,-1,-129
1767174677.4442382,-10,-3,-123
1767174677.4542382,-10,0,-126
1767174677.4642382,-8,-1,-129
1767174677.4742382,-9,0,-125
1767174677.484238,-4,1,-124
1767174677.494238,-2,1,-121
1767174677.504238,0,5,-118
1767174677.514238,-2,4,-117
1767174677.524238,1,4,-114
1767174677.534238,2,5,-116
1767174677.544238,0,0,-117
1767174677.554238,-1,1,-122
1767174677.564238,-2,3,-123
1767174677.574238,-5,4,-120
1767174677.584238,-8,8,-121
1767174677.594238,-5,10,-119
1767174677.6042385,-6,6,-119
1767174677.6142385,-5,1,-119
1767174677.6242385,-2,-1,-122
1767174677.6342382,-4,1,-127
1767174677.6442382,2,1,-130
1767174677.6542382,4,1,-124
1767174677.6642382,2,-3,-125
1767174677.6742382,1,-1,-125
1767174677.6842382,0,-1,-130
1767174677.6942382,0,-4,-134
1767174677.7042382,2,-6,-135
1767174677.7142382,-2,-5,-126
1767174677.7242382,0,-1,-120
1767174677.734238,1,1,-118
1767174677.744238,7,0,-119
1767174677.754238,4,2,-118
1767174677.764238,7,-1,-114
1767174677.774238,5,-1,-118
1767174677.784238,2,-7,-119
1767174677.794238,3,-8,-125
1767174677.804238,3,-4,-128
1767174677.814238,1,-1,-126
1767174677.824238,-2,0,-123
1767174677.834238,-1,-1,-129
1767174677.844238,-6,-3,-127
1767174677.8542385,-5,-2,-132
1767174677.8642385,-5,4,-138
1767174677.8742385,-5,0,-134
1767174677.8842382,-5,-1,-132
1767174677.8942382,-6,0,-125
1767174677.9042382,-4,0,-121
1767174677.9142382,-8,0,-117
1767174677.9242382,-7,1,-119
1767174677.9342382,-4,1,-122
1767174677.9442382,-3,0,-123
1767174677.9542382,-6,-3,-125
1767174677.9642382,-5,-2,-121
1767174677.9742382,-1,0,-118
1767174677.984238,0,0,-117
1767174677.994238,-3,-6,-119
1767174678.004238,-6,0,-116
1767174678.014238,-3,0,-122
1767174678.024238,-3,-1,-117
1767174678.034238,-5,-1,-114
1767174678.044238,-5,0,-114
1767174678.054238,-4,-1,-116
1767174678.064238,0,0,-113
1767174678.074238,0,0,-123
1767174678.084238,-2,-1,-125
1767174678.094238,0,-3,-116
1767174678.1042385,1,-1,-114
1767174678.1142385,2,-4,-110
1767174678.1242385,2,-4,-117
1767174678.1342382,0,0,-120
1767174678.1442382,-1,-1,-123
1767174678.1542382,-4,-3,-121
1767174678.1642382,-1,-3,-116
1767174678.1742382,0,-3,-115
1767174678.1842382,2,-7,-114
1767174678.1942382,0,-7,-114
1767174678.2042382,0,-5,-119
1767174678.2142382,-2,-4,-120
1767174678.2242382,-8,3,-123
1767174678.234238,-6,2,-125
1767174678.244238,-6,0,-130
1767174678.254238,-3,0,-130
1767174678.264238,-3,-1,-134
1767174678.274238,1,-5,-136
1767174678.284238,8,0,-139
1767174678.294238,6,1,-140
1767174678.304238,0,1,-135
1767174678.314238,3,0,-132
1767174678.324238,0,1,-126
1767174678.334238,1,-2,-125
1767174678.344238,1,-4,-125
1767174678.3542385,5,-3,-125
1767174678.3642385,1,-1,-122
1767174678.3742385,-1,-5,-119
1767174678.3842382,2,-7,-117
1767174678.3942382,6,-4,-115
1767174678.4042382,6,-6,-122
1767174678.4142382,4,-3,-127
1767174678.4242382,4,-1,-126
1767174678.4342382,6,-3,-128
1767174678.4442382,5,-5,-123
1767174678.4542382,5,-4,-127
1767174678.4642382,1,0,-132
1767174678.4742382,-1,-2,-131
1767174678.484238,1,-5,-127
1767174678.494238,0,-3,-132
1767174678.504238,-1,0,-127
1767174678.514238,-1,-2,-125
1767174678.524238,-3,0,-125
1767174678.534238,-5,-5,-124
1767174678.544238,-7,-4,-121
1767174678.554238,-6,-3,-124
1767174678.564238,-4,-4,-128
1767174678.574238,-3,-5,-129
1767174678.584238,0,-7,-133
1767174678.594238,-1,-2,-134
1767174678.6042385,0,-1,-131
1767174678.6142385,2,0,-131
1767174678.6242385,1,-2,-130
1767174678.6342382,0,-4,-133
1767174678.6442382,1,-7,-135
1767174678.6542382,1,-2,-127
1767174678.6642382,1,-5,-125
1767174678.6742382,-2,-10,-128
1767174678.6842382,0,-10,-130
1767174678.6942382,4,-6,-134
1767174678.7042382,5,-5,-136
1767174678.7142382,0,-7,-135
1767174678.7242382,-1,-6,-136
1767174678.734238,-1,-4,-132
1767174678.755238,-7,-5,-118
1767174678.764238,-4,-9,-119
1767174678.774238,-2,-6,-122
1767174678.784238,-2,-7,-122
1767174678.794238,-1,-4,-125
1767174678.804238,0,-3,-125
1767174678.814238,0,0,-128
1767174678.824238,-1,0,-129
1767174678.834238,1,-6,-132
1767174678.844238,2,-6,-128
1767174678.8542385,0,-3,-128
1767174678.8642385,-5,0,-130
1767174678.8742385,-6,3,-131
1767174678.8842382,-4,1,-131
1767174678.8942382,-5,0,-129
1767174678.9042382,-4,-2,-125
1767174678.9142382,-1,0,-116
1767174678.9242382,-2,0,-115
1767174678.9342382,0,-5,-115
1767174678.9442382,3,-11,-119
1767174678.9542382,2,-10,-119
1767174678.9642382,0,-11,-117
1767174678.9742382,1,-10,-116
1767174678.984238,1,-8,-117
1767174678.994238,2,-7,-120
1767174679.004238,0,-4,-122
1767174679.014238,3,-4,-122
1767174679.024238,1,-6,-121
1767174679.034238,2,-6,-122
1767174679.044238,5,-6,-116
1767174679.054238,3,-5,-122
1767174679.064238,4,-2,-124
1767174679.074238,3,-2,-127
1767174679.084238,1,-5,-125
1767174679.094238,0,-6,-127
1767174679.1042385,0,-4,-126
1767174679.1142385,6,-1,-124
1767174679.1242385,4,0,-128
1767174679.1342382,7,1,-123
1767174679.1442382,7,0,-124
1767174679.1542382,1,0,-127
1767174679.1642382,3,3,-127
1767174679.1742382,2,0,-128
1767174679.1842382,1,2,-130
1767174679.1942382,-2,4,-130
1767174679.2042382,-4,2,-131
1767174679.2142382,-6,5,-130
1767174679.2242382,-7,5,-134
1767174679.234238,-3,2,-130
1767174679.244238,0,0,-126
1767174679.254238,1,0,-120
1767174679.264238,4,0,-117
1767174679.274238,7,0,-116
1767174679.284238,6,2,-126
1767174679.294238,2,3,-126
1767174679.304238,0,5,-123
1767174679.314238,-4,6,-123
1767174679.324238,-1,4,-123
1767174679.334238,3,6,-124
1767174679.344238,2,3,-125
1767174679.3542385,0,0,-127
1767174679.3642385,-3,-3,-128
1767174679.3742385,0,0,-128
1767174679.3842382,-1,2,-131
1767174679.3942382,0,2,-133
1767174679.4042382,1,-1,-127
1767174679.4142382,1,-4,-125
1767174679.4242382,2,-4,-133
1767174679.4342382,3,-6,-129
1767174679.4442382,0,-3,-126
1767174679.4542382,5,-6,-129
1767174679.4642382,2,-9,-126
1767174679.4742382,0,-7,-123
1767174679.484238,-1,-6,-118
1767174679.494238,-1,-1,-122
1767174679.504238,-4,0,-118
1767174679.514238,-5,0,-121
1767174679.524238,-3,1,-129
1767174679.534238,0,0,-128
1767174679.544238,3,0,-121
1767174679.554238,2,-3,-123
1767174679.564238,0,-7,-127
1767174679.574238,-1,-10,-125
1767174679.584238,-3,-6,-126
1767174679.594238,0,-7,-130
1767174679.6042385,-3,-7,-124
1767174679.6142385,-4,-8,-115
1767174679.6242385,-7,-5,-109
1767174679.6342382,-8,-4,-109
1767174679.6442382,-6,-4,-109
1767174679.6542382,-4,-1,-106
1767174679.6642382,0,-6,-106
1767174679.6742382,0,-3,-108
1767174679.6842382,-2,-1,-112
1767174679.6942382,-5,-1,-114
1767174679.7042382,-4,-2,-120
1767174679.7142382,-5,-2,-120
1767174679.7242382,-2,-4,-118
1767174679.734238,-4,-2,-118
1767174679.744238,-6,-1,-113
1767174679.754238,-1,0,-108
1767174679.764238,-2,0,-117
1767174679.774238,-7,-1,-114
1767174679.784238,-9,-1,-116
1767174679.794238,-8,-1,-120
1767174679.804238,-8,-2,-122
1767174679.814238,-6,-5,-119
1767174679.824238,-1,-6,-123
1767174679.834238,-4,-6,-126
1767174679.844238,-1,-5,-123
1767174679.8542385,1,-4,-117
1767174679.8642385,0,1,-116
1767174679.8742385,2,0,-112
1767174679.8842382,0,0,-115
1767174679.8942382,1,-3,-119
1767174679.9042382,-4,-7,-116
1767174679.9142382,-2,-9,-117
1767174679.9242382,-1,-8,-118
1767174679.9342382,3,-8,-118
1767174679.9442382,8,-5,-118
1767174679.9542382,5,-8,-123
1767174679.9642382,2,-3,-127
1767174679.9742382,2,-1,-122
1767174679.984238,6,-1,-124
1767174679.994238,3,-2,-113
1767174680.004238,5,-2,-116
1767174680.014238,0,0,-117
1767174680.024238,-5,0,-121
1767174680.034238,-5,1,-125
1767174680.044238,-4,2,-123
1767174680.0552382,3,1,-122
1767174680.0652382,9,0,-117
1767174680.0752382,9,0,-122
1767174680.0852382,5,-3,-122
1767174680.0952382,4,-2,-120
1767174680.1052382,7,0,-118
1767174680.1152382,-3,0,-113
1767174680.1252382,0,-1,-109
1767174680.1352382,2,-4,-113
1767174680.1452382,3,-4,-118
1767174680.1552382,2,-4,-119
1767174680.165238,0,-4,-123
1767174680.175238,0,-6,-122
1767174680.185238,1,-8,-115
1767174680.195238,0,-4,-112
1767174680.205238,0,-4,-119
1767174680.215238,-4,-1,-121
1767174680.225238,-6,-1,-118
1767174680.235238,-4,0,-131
1767174680.245238,-3,0,-128
1767174680.255238,-1,0,-128
1767174680.265238,1,-3,-119
1767174680.275238,2,0,-119
1767174680.2852385,0,0,-115
1767174680.2952385,-3,0,-117
1767174680.3052382,-4,2,-119
1767174680.3152382,-3,-1,-122
1767174680.3252382,-1,-6,-123
1767174680.3352382,0,-8,-127
1767174680.3452382,4,-11,-130
1767174680.3552382,8,-11,-126
1767174680.3652382,6,-8,-124
1767174680.3752382,3,-3,-125
1767174680.3852382,2,-4,-128
1767174680.3952382,2,-2,-126
1767174680.4052382,2,-3,-123
1767174680.415238,3,-2,-120
1767174680.425238,4,-4,-122
1767174680.435238,3,0,-114
1767174680.445238,1,2,-118
1767174680.455238,3,0,-117
1767174680.465238,0,-4,-117
1767174680.475238,0,-5,-120
1767174680.485238,2,-4,-121
1767174680.495238,4,-1,-121
1767174680.505238,4,0,-118
1767174680.515238,4,0,-121
1767174680.525238,4,3,-119
1767174680.5352385,2,0,-116
1767174680.5452385,3,2,-116
1767174680.5552382,7,3,-122
1767174680.5652382,9,1,-120
1767174680.5752382,4,0,-119
1767174680.5852382,6,1,-122
1767174680.5952382,8,-1,-116
1767174680.6052382,7,-6,-123
1767174680.6152382,0,-8,-127
1767174680.6252382,-1,-11,-125
1767174680.6352382,-1,-15,-120
1767174680.6452382,-1,-17,-116
1767174680.6552382,-3,-10,-113
1767174680.665238,0,-11,-121
1767174680.675238,1,-5,-123
1767174680.685238,2,-5,-117
1767174680.695238,2,-5,-119
1767174680.705238,1,-5,-121
1767174680.715238,1,-2,-126
1767174680.725238,0,-5,-127
1767174680.735238,-2,-9,-128
1767174680.745238,-3,-7,-119
1767174680.755238,-2,-2,-116
1767174680.765238,-3,0,-117
1767174680.775238,0,0,-115
1767174680.7852385,-2,1,-120
1767174680.7952385,-2,1,-124
1767174680.8052382,-1,9,-126
1767174680.8152382,0,10,-125
1767174680.8252382,-2,2,-124
1767174680.8352382,-1,0,-117
1767174680.8452382,1,-2,-120
1767174680.8552382,3,-1,-114
1767174680.8652382,2,-1,-112
1767174680.8752382,-3,2,-115
1767174680.8852382,-2,2,-114
1767174680.8952382,-4,4,-106
1767174680.9052382,-7,3,-114
1767174680.915238,-8,2,-119
1767174680.925238,-5,2,-115
1767174680.935238,0,0,-121
1767174680.945238,0,0,-124
1767174680.955238,4,6,-128
1767174680.965238,8,0,-121
1767174680.975238,6,3,-116
1767174680.985238,3,7,-118
1767174680.995238,3,4,-126
1767174681.005238,3,2,-127
1767174681.015238,2,2,-120
1767174681.025238,5,2,-121
1767174681.0352385,0,0,-116
1767174681.0452385,2,-4,-119
1767174681.0552382,0,-4,-121
1767174681.0652382,-1,-2,-130
1767174681.0752382,-1,1,-120
1767174681.0852382,0,5,-119
1767174681.0952382,2,3,-117
1767174681.1052382,3,0,-118
1767174681.1152382,2,2,-120
1767174681.1252382,1,3,-118
1767174681.1352382,1,2,-114
1767174681.1452382,-6,0,-114
1767174681.1552382,-5,3,-110
1767174681.165238,-5,1,-112
1767174681.175238,-8,-1,-112
1767174681.185238,-11,-10,-120
1767174681.195238,-7,-5,-122
1767174681.205238,0,-3,-126
1767174681.215238,3,0,-119
1767174681.225238,7,-2,-114
1767174681.235238,5,-3,-114
1767174681.245238,2,1,-120
1767174681.255238,1,0,-116
1767174681.265238,-1,1,-120
1767174681.275238,0,1,-116
1767174681.2852385,3,1,-116
1767174681.2952385,-2,1,-120
1767174681.3052382,0,-3,-122
1767174681.3152382,0,-2,-120
1767174681.3252382,2,-1,-114
1767174681.3352382,2,-4,-119
1767174681.3452382,5,-5,-118
1767174681.3552382,1,-4,-120
1767174681.3652382,7,-2,-118
1767174681.3752382,6,-3,-118
1767174681.3852382,3,-4,-117
1767174681.3952382,0,-2,-118
1767174681.4052382,0,-3,-124
1767174681.415238,-2,-1,-123
1767174681.425238,-3,0,-118
1767174681.435238,-5,-2,-121
1767174681.445238,-6,-4,-119
1767174681.455238,-2,-2,-122
1767174681.465238,-3,-3,-121
1767174681.475238,-1,4,-127
1767174681.485238,-1,5,-127
1767174681.495238,0,3,-127
1767174681.505238,-1,3,-118
1767174681.515238,2,2,-118
1767174681.525238,2,3,-112
1767174681.5352385,2,1,-112
1767174681.5452385,3,1,-116
1767174681.5552382,8,0,-119
1767174681.5652382,9,-1,-112
1767174681.5752382,5,-1,-114
1767174681.5852382,0,-3,-112
1767174681.5952382,-3,-3,-117
1767174681.6052382,3,-2,-127
1767174681.6152382,7,-5,-128
1767174681.6252382,7,-5,-127
1767174681.6352382,9,-7,-135
1767174681.6452382,5,-7,-130
1767174681.6552382,2,-2,-129
1767174681.665238,0,-2,-132
1767174681.675238,1,2,-131
1767174681.685238,0,-1,-132
1767174681.695238,-1,-4,-130
1767174681.705238,0,-3,-129
1767174681.715238,2,-3,-132
1767174681.725238,6,-2,-133
1767174681.735238,5,-3,-130
1767174681.745238,3,0,-129
1767174681.755238,1,-1,-124
1767174681.765238,5,-4,-132
1767174681.775238,4,-2,-127
1767174681.7852385,1,-2,-123
1767174681.7952385,0,1,-124
1767174681.8052382,-4,1,-125
1767174681.8152382,-5,2,-128
1767174681.8252382,-2,5,-125
1767174681.8352382,-1,4,-126
1767174681.8452382,5,-1,-119
1767174681.8552382,5,-3,-117
1767174681.8652382,1,0,-120
1767174681.8752382,1,-5,-123
1767174681.8852382,2,-6,-125
1767174681.8952382,0,-8,-118
1767174681.9052382,0,-8,-119
1767174681.915238,3,-4,-119
1767174681.925238,3,-3,-123
1767174681.935238,0,0,-129
1767174681.945238,4,1,-133
1767174681.955238,5,0,-129
1767174681.965238,2,-1,-136
1767174681.975238,-1,0,-133
1767174681.985238,-2,-1,-128
1767174681.995238,-5,-3,-128
1767174682.005238,-5,-1,-129
1767174682.015238,-7,-2,-131
1767174682.025238,-5,-5,-125
1767174682.0352385,-4,-5,-132
1767174682.0452385,-1,-10,-132
1767174682.0552382,-3,-6,-129
1767174682.0652382,-3,-2,-125
1767174682.0752382,-5,0,-121
1767174682.0852382,0,-3,-127
1767174682.0952382,0,-2,-131
1767174682.1052382,-2,-2,-131
1767174682.1152382,0,-4,-129
1767174682.1252382,0,-3,-127
1767174682.1352382,-3,-6,-128
1767174682.1452382,-7,-7,-128
1767174682.1552382,-5,-4,-121
1767174682.165238,-7,-2,-120
1767174682.175238,0,-1,-109
1767174682.185238,-1,-3,-106
1767174682.195238,3,-2,-110
1767174682.205238,5,0,-114
1767174682.215238,4,-3,-119
1767174682.225238,0,-2,-112
1767174682.235238,0,-3,-116
1767174682.245238,0,-1,-119
1767174682.255238,0,-3,-129
1767174682.265238,0,-2,-126
1767174682.275238,-3,-1,-123
1767174682.2852385,-2,-1,-119
1767174682.2952385,-5,-2,-114
1767174682.3052382,-4,-5,-113
1767174682.3152382,-3,-5,-109
1767174682.3252382,-4,0,-110
1767174682.3352382,-6,1,-110
1767174682.3452382,-4,0,-109
1767174682.3552382,-4,3,-112
1767174682.3652382,-7,4,-119
1767174682.3752382,-6,7,-118
1767174682.3852382,-5,8,-123
1767174682.3952382,0,5,-122
1767174682.4052382,0,1,-120
1767174682.415238,0,7,-119
1767174682.425238,0,2,-121
1767174682.435238,-4,0,-122
1767174682.445238,-7,-1,-122
1767174682.455238,-5,-1,-123
1767174682.465238,-4,0,-125
1767174682.475238,-3,-3,-132
1767174682.485238,-3,-3,-127
1767174682.495238,-5,-2,-131
1767174682.505238,-2,-4,-135
1767174682.515238,-4,-5,-133
1767174682.525238,-5,-11,-129
1767174682.5352385,-7,-7,-128
1767174682.5452385,-5,-8,-129
1767174682.5552382,-3,-10,-126
1767174682.5652382,-5,-9,-126
1767174682.5752382,-7,-8,-122
1767174682.5852382,-6,-6,-119
1767174682.5952382,-8,-1,-117
1767174682.6052382,-7,5,-122
1767174682.6152382,-3,4,-124
1767174682.6252382,1,7,-121
1767174682.6352382,-1,9,-111
1767174682.6452382,-3,5,-108
1767174682.6552382,-3,-4,-117
1767174682.665238,-3,-4,-112
1767174682.675238,0,-1,-117
1767174682.685238,-3,-5,-121
1767174682.695238,-1,-6,-122
1767174682.705238,-4,-4,-129
1767174682.715238,-1,-3,-133
1767174682.725238,-2,-5,-129
1767174682.7362382,1,-9,-131
1767174682.7462382,0,-4,-127
1767174682.7562382,-1,-4,-119
1767174682.7662382,1,-6,-115
1767174682.7762382,3,-7,-107
1767174682.7862382,0,-7,-107
1767174682.7962382,2,-5,-109
1767174682.8062382,0,-5,-119
1767174682.8162382,-1,-4,-128
1767174682.8262382,-3,-2,-127
1767174682.836238,-7,-4,-130
1767174682.846238,-7,-3,-129
1767174682.856238,-7,-1,-128
1767174682.866238,-13,0,-129
1767174682.876238,-8,4,-128
1767174682.886238,-7,2,-123
1767174682.896238,-6,-4,-120
1767174682.906238,-3,-3,-124
1767174682.916238,0,-5,-122
1767174682.926238,0,-8,-125
1767174682.936238,6,-6,-130
1767174682.946238,6,-8,-130
1767174682.9562385,7,-6,-125
1767174682.9662385,5,-6,-127
1767174682.9762385,5,-4,-124
1767174682.9862382,3,-5,-116
1767174682.9962382,4,-9,-119
1767174683.0062382,2,-6,-124
1767174683.0162382,0,-6,-121
1767174683.0262382,-3,-6,-126
1767174683.0362382,-4,-7,-124
1767174683.0462382,-2,-6,-120
1767174683.0562382,-2,-5,-122
1767174683.0662382,0,-3,-127
1767174683.0762382,0,-7,-132
1767174683.086238,0,-8,-135
1767174683.096238,-2,-2,-134
1767174683.106238,1,1,-132
1767174683.116238,-1,0,-133
1767174683.126238,2,-5,-128
1767174683.136238,0,-1,-124
1767174683.146238,-1,-1,-124
1767174683.156238,-3,2,-122
1767174683.166238,-1,4,-120
1767174683.176238,-4,4,-117
1767174683.186238,-3,0,-113
1767174683.196238,-5,0,-119
1767174683.2062385,-4,1,-123
1767174683.2162385,0,4,-118
1767174683.2262385,-3,8,-116
1767174683.2362382,-5,3,-121
1767174683.2462382,-7,0,-126
1767174683.2562382,-10,-3,-130
1767174683.2662382,-10,0,-126
1767174683.277238,-7,6,-119
1767174683.2862382,-3,4,-125
1767174683.2962382,1,0,-124
1767174683.3062382,1,-1,-128
1767174683.3162382,2,-3,-124
1767174683.3262382,2,-2,-125
1767174683.336238,-4,0,-124
1767174683.346238,-1,0,-131
1767174683.356238,-4,-6,-130
1767174683.366238,-3,-4,-132
1767174683.376238,-3,0,-138
1767174683.386238,0,4,-133
1767174683.396238,-2,3,-134
1767174683.406238,-6,0,-132
1767174683.416238,0,-3,-131
1767174683.426238,0,-1,-134
1767174683.436238,-6,0,-131
1767174683.446238,-2,1,-134
1767174683.4562385,1,2,-141
1767174683.4662385,2,0,-144
1767174683.4762385,3,2,-145
1767174683.4862382,2,0,-144
1767174683.4962382,0,1,-141
1767174683.5062382,-3,2,-142
1767174683.5162382,-2,1,-142
1767174683.5262382,-3,0,-144
1767174683.5362382,-5,-2,-142
1767174683.5462382,-3,-5,-126
1767174683.5562382,0,-3,-122
1767174683.5662382,0,-3,-115
1767174683.5762382,3,-5,-118
1767174683.586238,0,-3,-123
1767174683.596238,-3,1,-123
1767174683.606238,-5,0,-133
1767174683.616238,-5,-4,-130
1767174683.626238,-5,-2,-130
1767174683.636238,-2,-3,-128
1767174683.646238,0,-2,-129
1767174683.656238,2,-8,-129
1767174683.666238,2,-7,-132
1767174683.676238,2,-2,-126
1767174683.686238,0,0,-124
1767174683.696238,0,-4,-128
1767174683.7062385,-5,-4,-130
1767174683.7162385,-9,-1,-128
1767174683.7262385,-2,-4,-127
1767174683.7362382,0,-4,-126
1767174683.7462382,1,-4,-126
1767174683.768238,5,0,-133
1767174683.7762382,4,0,-130
1767174683.7862382,6,-3,-124
1767174683.7962382,3,-5,-129
1767174683.8062382,2,-9,-125
1767174683.8162382,4,-7,-123
1767174683.8262382,5,-5,-125
1767174683.836238,3,-4,-118
1767174683.846238,4,-1,-113
1767174683.856238,0,0,-117
1767174683.866238,-1,-4,-126
1767174683.876238,1,-7,-125
1767174683.886238,-3,0,-129
1767174683.896238,-2,-3,-126
1767174683.906238,1,0,-120
1767174683.916238,2,2,-119
1767174683.926238,1,6,-121
1767174683.936238,2,1,-127
1767174683.946238,4,0,-127
1767174683.9562385,1,2,-125
1767174683.9662385,0,3,-126
1767174683.9762385,5,0,-129
1767174683.9862382,3,-2,-130
1767174683.9962382,1,-1,-132
1767174684.0062382,2,0,-122
1767174684.0162382,6,0,-128
1767174684.0262382,6,-1,-126
1767174684.0362382,8,-3,-124
1767174684.0462382,10,-2,-124
1767174684.0562382,8,0,-124
1767174684.0662382,2,-3,-124
1767174684.0762382,3,-1,-122
1767174684.086238,3,-1,-120
1767174684.096238,0,0,-123
1767174684.106238,4,0,-118
1767174684.116238,8,0,-119
1767174684.126238,5,-1,-122
1767174684.136238,3,-3,-125
1767174684.146238,0,-2,-129
1767174684.156238,1,-2,-125
1767174684.166238,-2,0,-123
1767174684.176238,-1,0,-126
1767174684.186238,-3,-1,-123
1767174684.196238,-2,-6,-125
1767174684.2062385,0,-4,-124
1767174684.2162385,-1,0,-123
1767174684.2262385,0,3,-124
1767174684.2362382,0,-2,-126
1767174684.2462382,2,-1,-123
1767174684.2562382,2,0,-127
1767174684.2662382,1,0,-130
1767174684.2762382,-1,-1,-129
1767174684.2862382,0,-5,-134
1767174684.2962382,-6,-5,-132
1767174684.3062382,-1,-4,-134
1767174684.3162382,0,-2,-134
1767174684.3262382,-2,1,-130
1767174684.336238,-4,1,-127
1767174684.346238,-3,-3,-120
1767174684.356238,-7,-5,-124
1767174684.366238,-8,-5,-125
1767174684.376238,-11,-2,-132
1767174684.386238,-13,-9,-127
1767174684.396238,-10,-10,-128
1767174684.406238,-8,-11,-122
1767174684.416238,0,-9,-124
1767174684.426238,-1,-1,-128
1767174684.436238,-3,-2,-127
1767174684.446238,-2,1,-127
1767174684.4562385,-1,1,-118
1767174684.4662385,0,-1,-110
1767174684.4762385,-3,0,-109
1767174684.4862382,-2,4,-113
1767174684.4962382,-1,0,-112
1767174684.5062382,0,0,-115
1767174684.5162382,1,-4,-117
1767174684.5262382,1,-4,-113
1767174684.5362382,-9,-4,-112
1767174684.5462382,-7,-2,-114
1767174684.5562382,-4,-1,-115
1767174684.5662382,-2,1,-121
1767174684.5762382,-5,5,-120
1767174684.586238,-8,5,-114
1767174684.596238,-10,3,-123
1767174684.606238,-11,1,-127
1767174684.616238,-11,0,-123
1767174684.626238,-6,-1,-128
1767174684.636238,-3,0,-130
1767174684.646238,-1,1,-127
1767174684.656238,3,0,-126
1767174684.666238,0,-1,-124
1767174684.676238,-1,-1,-125
1767174684.686238,-2,-1,-126
1767174684.696238,0,-5,-124
1767174684.7062385,0,-6,-120
1767174684.7162385,1,-4,-120
1767174684.7262385,-1,-3,-121
1767174684.7362382,-1,0,-127
1767174684.7462382,1,4,-125
1767174684.7562382,-1,7,-123
1767174684.7662382,0,1,-119
1767174684.7762382,1,0,-122
1767174684.7862382,0,-3,-122
1767174684.7962382,0,-2,-120
1767174684.8062382,3,0,-122
1767174684.8162382,5,3,-115
1767174684.8262382,2,2,-112
1767174684.836238,6,2,-117
1767174684.846238,5,2,-119
1767174684.856238,6,-3,-121
1767174684.866238,5,-5,-124
1767174684.876238,8,0,-125
1767174684.886238,12,4,-126
1767174684.896238,12,6,-125
1767174684.906238,4,2,-125
1767174684.916238,0,-2,-127
1767174684.926238,3,-5,-131
1767174684.936238,6,-2,-126
1767174684.946238,5,-4,-125
1767174684.9562385,3,-1,-131
1767174684.9662385,0,0,-131
1767174684.9762385,-1,-2,-129
1767174684.9862382,3,-4,-127
1767174684.9962382,3,-2,-131
1767174685.0062382,3,0,-131
1767174685.0162382,2,0,-128
1767174685.0262382,1,-3,-124
1767174685.0362382,3,-7,-120
1767174685.0462382,1,-6,-121
1767174685.0562382,-2,-4,-122
1767174685.0662382,-1,3,-127
1767174685.0762382,-6,2,-125
1767174685.086238,-7,4,-120
1767174685.096238,-3,1,-125
1767174685.106238,0,2,-123
1767174685.116238,2,6,-127
1767174685.126238,-4,2,-127
1767174685.136238,-2,2,-124
1767174685.146238,-3,0,-126
1767174685.156238,-4,2,-116
1767174685.166238,-6,1,-116
1767174685.176238,-6,0,-108
1767174685.186238,-6,-3,-114
1767174685.196238,-3,-6,-112
1767174685.2062385,-2,-2,-112
1767174685.2162385,0,-4,-114
1767174685.2262385,-1,-8,-115
1767174685.2362382,-2,-2,-114
1767174685.2462382,-1,0,-115
1767174685.2562382,-4,0,-118
1767174685.2662382,-1,0,-114
1767174685.2762382,-1,-1,-106
1767174685.2862382,0,-1,-113
1767174685.2962382,3,0,-114
1767174685.3062382,4,2,-113
1767174685.3162382,2,2,-115
1767174685.3262382,4,4,-118
1767174685.337238,4,3,-117
1767174685.346238,-2,4,-114
1767174685.357238,0,3,-113
1767174685.367238,0,6,-113
1767174685.377238,-3,5,-113
1767174685.3872385,0,0,-110
1767174685.3972385,4,1,-104
1767174685.4072382,3,2,-114
1767174685.4172382,0,0,-119
1767174685.4272382,-5,-2,-117
1767174685.4372382,0,-1,-121
1767174685.4472382,-3,-1,-116
1767174685.4572382,-6,-3,-119
1767174685.4672382,-5,-3,-120
1767174685.4772382,-7,-2,-120
1767174685.4872382,-6,-1,-117
1767174685.4972382,-3,1,-118
1767174685.507238,-3,2,-115
1767174685.517238,-4,0,-125
1767174685.527238,2,-4,-121
1767174685.537238,4,-6,-120
1767174685.547238,4,-10,-128
1767174685.557238,4,-11,-127
1767174685.567238,6,-8,-124
1767174685.577238,4,-9,-125
1767174685.587238,-3,-6,-119
1767174685.597238,-4,-4,-115
1767174685.607238,-3,-2,-119
1767174685.617238,-4,-2,-115
1767174685.627238,-5,-4,-111
1767174685.6372385,-2,-6,-115
1767174685.6472385,0,-7,-112
1767174685.6572382,1,-6,-116
1767174685.6672382,3,-6,-113
1767174685.6772382,3,-8,-117
1767174685.6872382,1,-10,-125
1767174685.6972382,1,-6,-118
1767174685.7072382,0,-8,-126
1767174685.7172382,0,-7,-128
1767174685.7272382,1,-6,-128
1767174685.7372382,0,-6,-125
1767174685.7472382,0,-6,-120
1767174685.757238,2,-3,-117
1767174685.767238,-1,-1,-118
1767174685.777238,-2,-1,-115
1767174685.787238,-2,0,-118
1767174685.797238,0,1,-119
1767174685.807238,1,1,-118
1767174685.817238,-2,-1,-120
1767174685.827238,0,-2,-124
1767174685.837238,3,-4,-114
1767174685.847238,6,-7,-112
1767174685.857238,6,-4,-110
1767174685.867238,1,-4,-114
1767174685.877238,0,-3,-115
1767174685.8872385,2,-3,-120
1767174685.8972385,5,-6,-124
1767174685.9072382,0,-8,-122
1767174685.9172382,1,-1,-122
1767174685.9272382,1,1,-121
1767174685.9372382,0,4,-124
1767174685.9472382,-2,1,-127
1767174685.9572382,-4,-1,-127
1767174685.9672382,-1,-5,-131
1767174685.9772382,0,-5,-129
1767174685.9872382,0,-4,-131
1767174685.9972382,3,-3,-123
1767174686.007238,3,1,-122
1767174686.017238,0,0,-126
1767174686.027238,0,-1,-123
1767174686.037238,1,-4,-125
1767174686.047238,2,-1,-118
1767174686.057238,3,-2,-109
1767174686.067238,7,-1,-115
1767174686.077238,11,1,-117
1767174686.087238,8,0,-119
1767174686.097238,6,-1,-129
1767174686.107238,0,2,-130
1767174686.117238,-5,3,-126
1767174686.127238,0,0,-122
1767174686.1372385,1,2,-124
1767174686.1472385,4,2,-122
1767174686.1572382,7,3,-121
1767174686.1672382,8,1,-126
1767174686.1772382,7,-2,-127
1767174686.1872382,8,-1,-118
1767174686.1972382,5,0,-118
1767174686.2072382,6,0,-121
1767174686.2172382,3,1,-123
1767174686.2272382,3,1,-119
1767174686.2372382,2,-2,-126
1767174686.2472382,2,-6,-127
1767174686.257238,0,-5,-127
1767174686.267238,4,-5,-131
1767174686.277238,6,-6,-132
1767174686.287238,5,-5,-126
1767174686.297238,3,-5,-120
1767174686.307238,0,-5,-122
1767174686.317238,1,-7,-124
1767174686.327238,-1,-10,-126
1767174686.337238,0,-8,-132
1767174686.347238,0,-8,-131
1767174686.357238,5,-6,-124
1767174686.367238,5,-2,-116
1767174686.377238,2,-1,-115
1767174686.3872385,1,-1,-119
1767174686.3972385,-5,-2,-121
1767174686.4072382,-2,-3,-128
1767174686.4172382,0,-2,-123
1767174686.4272382,0,-3,-121
1767174686.4372382,5,-3,-120
1767174686.4472382,8,-2,-116
1767174686.4572382,5,0,-121
1767174686.4672382,7,1,-116
1767174686.4772382,6,5,-114
1767174686.4872382,5,6,-113
1767174686.4972382,0,2,-122
1767174686.507238,-4,-1,-122
1767174686.517238,-1,-4,-120
1767174686.527238,4,-3,-119
1767174686.537238,8,-2,-114
1767174686.547238,7,-6,-110
1767174686.557238,5,-4,-109
1767174686.567238,1,-4,-115
1767174686.577238,-2,-6,-117
1767174686.587238,0,-4,-115
1767174686.597238,0,-4,-115
1767174686.607238,-1,-4,-117
1767174686.617238,0,0,-119
1767174686.627238,1,1,-121
1767174686.6372385,3,0,-123
1767174686.6472385,6,-3,-124
1767174686.6572382,2,-2,-124
1767174686.6672382,2,-4,-122
1767174686.6772382,1,-4,-120
1767174686.6872382,1,-6,-117
1767174686.6972382,1,-11,-117
1767174686.7072382,-3,-11,-126
1767174686.7172382,-5,-7,-126
1767174686.7272382,-4,-9,-127
1767174686.7372382,-2,-6,-129
1767174686.7472382,-2,-7,-131
1767174686.757238,0,-8,-125
1767174686.767238,0,-5,-120
1767174686.777238,0,-6,-120
1767174686.787238,-1,-5,-118
1767174686.797238,3,-4,-118
1767174686.807238,4,-5,-121
1767174686.817238,0,-4,-122
1767174686.827238,1,-1,-118
1767174686.837238,0,1,-123
1767174686.847238,1,0,-132
1767174686.857238,-1,0,-131
1767174686.867238,-2,0,-134
1767174686.877238,-1,-1,-127
1767174686.8872385,-2,-1,-129
1767174686.8972385,-1,-2,-129
1767174686.9072382,-1,-6,-129
1767174686.9172382,-2,-6,-128
1767174686.9272382,-2,-3,-126
1767174686.9372382,-2,-2,-126
1767174686.9472382,-1,0,-130
1767174686.9572382,-6,4,-133
1767174686.9672382,-5,5,-132
1767174686.9772382,-7,9,-131
1767174686.9872382,-4,3,-126
1767174686.9972382,-1,4,-128
1767174687.007238,0,7,-125
1767174687.017238,0,6,-125
1767174687.027238,2,4,-126
1767174687.037238,-2,0,-124
1767174687.047238,-4,0,-129
1767174687.057238,-1,1,-125
1767174687.067238,1,4,-124
1767174687.077238,0,1,-124
1767174687.087238,0,0,-125
1767174687.097238,3,3,-123
1767174687.107238,2,2,-125
1767174687.117238,-1,2,-121
1767174687.127238,-1,-4,-123
1767174687.1372385,0,-6,-127
1767174687.1472385,1,-5,-124
1767174687.1572382,3,-4,-126
1767174687.1672382,4,-7,-126
1767174687.1772382,0,-2,-127
1767174687.1872382,1,0,-121
1767174687.1972382,2,1,-121
1767174687.2072382,7,2,-123
1767174687.2172382,11,4,-125
1767174687.2272382,4,-2,-124
1767174687.2372382,3,-2,-119
1767174687.2472382,0,0,-118
1767174687.257238,-2,0,-121
1767174687.267238,-4,2,-117
1767174687.277238,-4,5,-122
1767174687.287238,-8,2,-122
1767174687.297238,-8,2,-124
1767174687.307238,-6,7,-126
1767174687.317238,-9,5,-128
1767174687.327238,-6,8,-134
1767174687.337238,-7,6,-135
1767174687.347238,-8,6,-132
1767174687.357238,-1,3,-122
1767174687.367238,0,2,-122
1767174687.377238,0,1,-124
1767174687.3872385,2,0,-127
1767174687.3972385,2,-2,-126
1767174687.4072382,-3,-2,-120
1767174687.4172382,-1,-1,-114
1767174687.4272382,0,-4,-110
1767174687.4372382,3,-2,-111
1767174687.4472382,6,-7,-117
1767174687.4572382,7,-4,-123
1767174687.4672382,5,-3,-124
1767174687.4772382,4,-2,-126
1767174687.4872382,-2,-1,-124
1767174687.4972382,-2,-2,-119
1767174687.507238,-1,-2,-122
1767174687.517238,-1,-2,-122
1767174687.527238,-4,-3,-120
1767174687.537238,-1,-3,-116
1767174687.547238,1,-5,-113
1767174687.557238,1,-8,-111
1767174687.567238,1,-7,-112
1767174687.5782382,-3,-9,-113
1767174687.587238,0,-9,-121
1767174687.597238,-3,-6,-115
1767174687.607238,0,-3,-117
1767174687.617238,-1,2,-130
1767174687.627238,-1,2,-133
1767174687.6372385,0,1,-127
1767174687.6472385,0,0,-126
1767174687.6572382,-2,2,-128
1767174687.6672382,-6,1,-131
1767174687.6772382,-6,6,-123
1767174687.6872382,0,6,-128
1767174687.6972382,-2,5,-129
1767174687.7072382,-2,2,-127
1767174687.7172382,0,1,-133
1767174687.7272382,3,-3,-142
1767174687.7372382,0,-5,-143
1767174687.7472382,0,-2,-142
1767174687.757238,-2,0,-141
1767174687.767238,-1,-2,-136
1767174687.777238,0,0,-128
1767174687.787238,-2,0,-121
1767174687.797238,-1,0,-111
1767174687.807238,3,-2,-116
1767174687.817238,4,-4,-125
1767174687.827238,0,-7,-124
1767174687.837238,-1,-4,-128
1767174687.847238,-2,0,-125
1767174687.857238,-5,1,-128
1767174687.867238,-4,2,-126
1767174687.877238,-1,0,-123
1767174687.8872385,-3,-3,-117
1767174687.8972385,-2,-2,-112
1767174687.9072382,-4,-3,-116
1767174687.9172382,-5,-5,-115
1767174687.9272382,-6,-5,-117
1767174687.9372382,-2,-3,-118
1767174687.9472382,1,-2,-111
1767174687.9572382,1,3,-114
1767174687.9672382,0,3,-117
1767174687.9772382,-1,5,-120
1767174687.9872382,-2,3,-127
1767174687.9972382,-6,1,-134
1767174688.007238,-8,4,-131
1767174688.018238,-6,3,-127
1767174688.028238,-5,5,-127
1767174688.038238,-4,3,-129
1767174688.048238,-3,4,-133
1767174688.0582385,-1,3,-134
1767174688.0682385,-6,-1,-137
1767174688.0782382,-8,0,-138
1767174688.0882382,-7,-2,-137
1767174688.0982382,-8,1,-134
1767174688.1082382,-9,0,-135
1767174688.1182382,-8,0,-126
1767174688.1282382,-8,-1,-125
1767174688.1382382,-6,0,-114
1767174688.1482382,-5,-2,-115
1767174688.1582382,-5,-4,-110
1767174688.1682382,-3,-4,-106
1767174688.1782382,-2,-6,-111
1767174688.188238,-3,-4,-118
1767174688.198238,0,-10,-120
1767174688.208238,-1,-10,-119
1767174688.218238,0,-7,-114
1767174688.228238,-4,-5,-112
1767174688.238238,0,-2,-116
1767174688.248238,-2,-1,-124
1767174688.258238,-2,-3,-125
1767174688.268238,-1,-4,-125
1767174688.278238,0,0,-123
1767174688.288238,-1,-5,-119
1767174688.298238,-1,-6,-119
1767174688.3082385,-1,-3,-119
1767174688.3182385,5,1,-113
1767174688.3282382,4,0,-113
1767174688.3382382,1,-1,-120
1767174688.3482382,0,-1,-119
1767174688.3582382,-1,-1,-125
1767174688.3682382,2,-5,-125
1767174688.3782382,3,-5,-129
1767174688.3882382,1,-1,-133
1767174688.3982382,0,0,-129
1767174688.4082382,-1,4,-126
1767174688.4182382,-1,1,-125
1767174688.4282382,-1,-2,-119
1767174688.438238,0,0,-119
1767174688.448238,0,-4,-125
1767174688.458238,0,-2,-123
1767174688.468238,2,-4,-123
1767174688.478238,2,-5,-121
1767174688.488238,5,-1,-116
1767174688.498238,5,2,-120
1767174688.508238,5,1,-117
1767174688.518238,6,2,-119
1767174688.528238,3,5,-118
1767174688.538238,0,0,-111
1767174688.548238,-2,-4,-115
1767174688.5582385,-4,-6,-121
1767174688.5682385,-1,-2,-116
1767174688.5782382,-2,-3,-112
1767174688.5882382,0,-5,-110
1767174688.5982382,1,-6,-111
1767174688.6082382,3,-8,-118
1767174688.6182382,5,-6,-122
1767174688.6282382,-2,-5,-120
1767174688.6382382,-4,-5,-114
1767174688.6482382,4,-5,-114
1767174688.6582382,3,-5,-117
1767174688.6682382,0,-2,-116
1767174688.6782382,0,-1,-121
1767174688.688238,-4,-2,-121
1767174688.698238,-4,-1,-125
1767174688.708238,0,0,-131
1767174688.718238,-3,-2,-135
1767174688.728238,-6,-1,-130
1767174688.738238,0,1,-127
1767174688.748238,0,0,-121
1767174688.758238,0,3,-125
1767174688.7792382,-6,6,-128
1767174688.788238,-5,7,-122
1767174688.798238,-1,7,-123
1767174688.8082385,3,7,-123
1767174688.8182385,4,7,-122
1767174688.8282382,1,4,-124
1767174688.8382382,3,4,-123
1767174688.8482382,2,3,-123
1767174688.8582382,3,3,-121
1767174688.8682382,1,2,-121
1767174688.8782382,0,2,-127
1767174688.8882382,0,4,-117
1767174688.8982382,1,2,-117
1767174688.9082382,-2,3,-120
1767174688.9182382,-2,1,-122
1767174688.9282382,0,-3,-125
1767174688.938238,2,-6,-124
1767174688.948238,5,0,-127
1767174688.958238,3,2,-125
1767174688.968238,3,-1,-129
1767174688.978238,5,0,-127
1767174688.988238,6,-3,-133
1767174688.998238,4,-4,-130
1767174689.008238,5,-2,-122
1767174689.018238,2,-1,-124
1767174689.028238,2,-3,-124
1767174689.038238,0,-2,-130
1767174689.048238,0,-1,-126
1767174689.0582385,2,-2,-126
1767174689.0682385,4,0,-128
1767174689.0782382,0,3,-125
1767174689.0882382,-3,0,-133
1767174689.0982382,-4,-2,-128
1767174689.1082382,-4,0,-122
1767174689.1182382,-1,-4,-127
1767174689.1282382,0,-5,-127
1767174689.1382382,-2,-5,-130
1767174689.1482382,0,-6,-128
1767174689.1582382,0,-7,-123
1767174689.1682382,3,-3,-121
1767174689.1782382,2,-7,-125
1767174689.188238,1,-5,-121
1767174689.198238,2,-3,-118
1767174689.208238,1,0,-117
1767174689.218238,2,-1,-119
1767174689.228238,2,0,-121
1767174689.238238,2,2,-130
1767174689.248238,4,2,-127
1767174689.258238,4,-1,-126
1767174689.268238,6,-2,-119
1767174689.278238,-2,-3,-117
1767174689.288238,4,-8,-113
1767174689.298238,4,-8,-112
1767174689.3082385,1,-7,-118
1767174689.3182385,0,-4,-122
1767174689.3282382,0,-4,-122
1767174689.3382382,0,-3,-114
1767174689.3482382,4,0,-113
1767174689.3582382,2,0,-117
1767174689.3682382,-2,-5,-116
1767174689.3782382,0,-2,-109
1767174689.3882382,-1,0,-100
1767174689.3982382,-6,0,-99
1767174689.4082382,-6,-1,-109
1767174689.4182382,-9,-3,-100
1767174689.4282382,-4,-2,-106
1767174689.438238,-2,0,-105
1767174689.448238,-3,-2,-110
1767174689.458238,-3,-3,-112
1767174689.468238,0,-3,-115
1767174689.478238,5,-6,-119
1767174689.488238,2,-7,-121
1767174689.498238,3,-4,-116
1767174689.508238,0,0,-116
1767174689.518238,-4,-1,-120
1767174689.528238,-2,0,-115
1767174689.538238,-2,1,-117
1767174689.548238,-6,1,-114
1767174689.5582385,-7,-1,-113
1767174689.5682385,-2,0,-110
1767174689.5782382,-4,0,-112
1767174689.5882382,-3,1,-117
1767174689.5982382,0,3,-121
1767174689.6082382,0,4,-121
1767174689.6182382,0,3,-125
1767174689.6282382,1,3,-125
1767174689.6382382,4,1,-117
1767174689.6482382,5,1,-120
1767174689.6582382,7,0,-120
1767174689.6682382,6,0,-118
1767174689.6782382,6,3,-121
1767174689.688238,3,5,-123
1767174689.698238,3,5,-129
1767174689.708238,2,3,-129
1767174689.718238,-1,3,-127
1767174689.728238,-1,4,-126
1767174689.738238,-2,5,-120
1767174689.748238,-2,0,-120
1767174689.758238,3,2,-124
1767174689.768238,4,5,-120
1767174689.778238,-1,0,-119
1767174689.788238,1,0,-122
1767174689.798238,0,0,-127
1767174689.8082385,-1,-4,-130
1767174689.8182385,-1,-6,-135
1767174689.8282382,0,-7,-135
1767174689.8382382,3,-4,-132
1767174689.8482382,3,-6,-122
1767174689.8582382,6,-5,-127
1767174689.8682382,0,-6,-127
1767174689.8782382,2,-4,-126
1767174689.8882382,6,-6,-119
1767174689.8982382,9,-5,-114
1767174689.9082382,7,-3,-118
1767174689.9182382,5,-5,-112
1767174689.9282382,0,-7,-114
1767174689.938238,4,-6,-116
1767174689.948238,3,-2,-119
1767174689.958238,1,-2,-120
1767174689.968238,2,-2,-119
1767174689.978238,-1,-4,-120
1767174689.988238,-2,-1,-126
1767174689.998238,0,-3,-125
1767174690.008238,2,0,-120
1767174690.018238,2,3,-123
1767174690.028238,0,6,-127
1767174690.038238,0,6,-127
1767174690.048238,2,3,-125
1767174690.0582385,0,6,-125
1767174690.0682385,2,7,-128
1767174690.0782382,0,8,-129
1767174690.0882382,-1,6,-128
1767174690.0982382,-4,1,-130
1767174690.1082382,-1,-1,-131
1767174690.1182382,-1,-1,-128
1767174690.1282382,-7,-4,-122
1767174690.1382382,-10,0,-123
1767174690.1482382,-7,0,-119
1767174690.1582382,-5,-2,-127
1767174690.1682382,-1,-3,-124
1767174690.1782382,-1,1,-122
1767174690.188238,-2,-2,-121
1767174690.198238,-3,-3,-123
1767174690.208238,0,-5,-122
1767174690.218238,5,-1,-123
1767174690.228238,3,0,-119
1767174690.238238,1,-2,-127
1767174690.248238,-1,-2,-127
1767174690.258238,0,-6,-123
1767174690.268238,-2,-8,-117
1767174690.278238,3,-6,-115
1767174690.288238,7,-3,-118
1767174690.298238,9,0,-116
1767174690.3082385,11,1,-114
1767174690.3182385,8,0,-114
1767174690.3282382,8,-1,-109
1767174690.3382382,6,-6,-113
1767174690.3482382,5,-5,-110
1767174690.3582382,0,0,-115
1767174690.3682382,-2,1,-120
1767174690.3782382,-4,0,-120
1767174690.3882382,-4,-1,-117
1767174690.3982382,0,0,-112
1767174690.4082382,0,-1,-115
1767174690.4182382,-1,-1,-120
1767174690.4282382,0,-5,-119
1767174690.438238,5,-5,-113
1767174690.448238,3,-7,-111
1767174690.458238,1,-4,-121
1767174690.468238,0,-4,-124
1767174690.478238,-1,-1,-123
1767174690.488238,0,-4,-121
1767174690.498238,0,-1,-118
1767174690.508238,0,-1,-122
1767174690.518238,-1,-3,-124
1767174690.528238,-1,0,-127
1767174690.538238,5,-1,-123
1767174690.548238,5,-2,-126
1767174690.5582385,4,-5,-123
1767174690.5682385,5,-5,-118
1767174690.5782382,3,-9,-104
1767174690.5882382,0,-7,-104
1767174690.5982382,0,-6,-105
1767174690.6082382,-2,-7,-112
1767174690.6182382,0,-5,-121
1767174690.6282382,-3,-6,-122
1767174690.6382382,0,-4,-130
1767174690.6482382,0,-7,-130
1767174690.6582382,-2,-5,-128
1767174690.6682382,-2,-1,-128
1767174690.679238,-4,0,-127
1767174690.689238,-7,0,-120
1767174690.699238,-6,-5,-121
1767174690.709238,-2,-3,-117
1767174690.719238,2,-4,-116
1767174690.7292385,0,-5,-123
1767174690.738238,2,-3,-128
1767174690.7492385,1,-2,-127
1767174690.7592382,0,1,-122
1767174690.7692382,3,0,-120
1767174690.7792382,2,-3,-112
1767174690.7892382,-2,-4,-111
1767174690.7992382,-2,-5,-107
1767174690.8092382,-1,-6,-113
1767174690.8192382,-2,-7,-117
1767174690.8292382,-4,-4,-115
1767174690.8392382,-8,-1,-114
1767174690.8492382,-2,0,-112
1767174690.859238,-2,-1,-111
1767174690.869238,-8,1,-107
1767174690.879238,-6,0,-102
1767174690.889238,-1,-2,-106
1767174690.899238,-1,-4,-114
1767174690.909238,-2,-3,-116
1767174690.919238,0,-4,-112
1767174690.929238,1,-3,-115
1767174690.939238,6,-3,-121
1767174690.949238,7,0,-123
1767174690.959238,2,-4,-120
1767174690.969238,0,-1,-120
1767174690.9792385,3,4,-124
1767174690.9892385,0,6,-121
1767174690.9992385,-5,3,-126
1767174691.0092382,-8,0,-127
1767174691.0192382,-6,-1,-124
1767174691.0292382,-7,-2,-125
1767174691.0392382,-4,-2,-127
1767174691.0492382,-3,-2,-123
1767174691.0592382,-1,-1,-121
1767174691.0692382,0,-2,-123
1767174691.0792382,-1,-1,-121
1767174691.0892382,-1,-1,-122
1767174691.0992382,0,-3,-121
1767174691.109238,4,-4,-122
1767174691.119238,4,-4,-117
1767174691.129238,2,-5,-119
1767174691.139238,0,-4,-121
1767174691.149238,-2,0,-124
1767174691.159238,-6,-2,-122
1767174691.169238,-4,0,-125
1767174691.179238,-3,0,-122
1767174691.189238,-4,-2,-119
1767174691.199238,-5,-1,-122
1767174691.209238,-4,-1,-129
1767174691.219238,-2,0,-129
1767174691.2292385,0,1,-130
1767174691.2392385,-2,3,-132
1767174691.2492385,-3,-1,-129
1767174691.2592382,-4,-7,-124
1767174691.2692382,-5,-6,-120
1767174691.2792382,-5,-8,-115
1767174691.2892382,-3,-7,-116
1767174691.2992382,0,-10,-119
1767174691.3092382,4,-3,-122
1767174691.3192382,2,0,-122
1767174691.3292382,4,-1,-120
1767174691.3392382,0,-3,-123
1767174691.3492382,4,-4,-121
1767174691.359238,0,-2,-116
1767174691.369238,0,-1,-118
1767174691.379238,4,0,-124
1767174691.389238,5,0,-130
1767174691.399238,4,0,-129
1767174691.409238,7,-1,-127
1767174691.419238,4,0,-128
1767174691.429238,3,5,-125
1767174691.439238,0,2,-119
1767174691.449238,2,-3,-117
1767174691.459238,0,-1,-123
1767174691.469238,-4,1,-118
1767174691.4792385,-7,3,-117
1767174691.4892385,-6,0,-119
1767174691.4992385,-11,5,-126
1767174691.5092382,-9,4,-129
1767174691.5192382,-12,6,-124
1767174691.5292382,-8,9,-125
1767174691.5392382,-10,10,-120
1767174691.5492382,-8,8,-117
1767174691.5592382,-8,5,-120
1767174691.5692382,-8,0,-116
1767174691.5792382,-5,-3,-113
1767174691.5892382,-3,-2,-113
1767174691.5992382,0,-2,-121
1767174691.609238,0,-2,-127
1767174691.619238,0,1,-126
1767174691.629238,-2,0,-128
1767174691.639238,0,1,-123
1767174691.649238,2,2,-123
1767174691.659238,1,4,-121
1767174691.669238,1,2,-123
1767174691.679238,0,-3,-123
1767174691.689238,-1,-7,-121
1767174691.699238,-1,-8,-126
1767174691.709238,-1,-8,-123
1767174691.719238,0,-6,-123
1767174691.7292385,-2,-2,-125
1767174691.7392385,0,0,-126
1767174691.7492385,2,0,-121
1767174691.7592382,-1,-4,-121
1767174691.7692382,-2,0,-124
1767174691.7792382,-1,0,-115
1767174691.7892382,1,-1,-113
1767174691.7992382,1,1,-112
1767174691.8092382,3,3,-114
1767174691.8192382,3,1,-116
1767174691.8292382,4,-2,-121
1767174691.8392382,3,-2,-119
1767174691.8492382,2,-5,-121
1767174691.859238,1,-6,-121
1767174691.869238,1,-5,-116
1767174691.879238,1,-4,-115
1767174691.889238,0,-3,-117
1767174691.899238,-2,-2,-122
1767174691.909238,-4,1,-125
1767174691.919238,-5,-2,-126
1767174691.929238,-4,-2,-124
1767174691.939238,-5,-2,-131
1767174691.949238,-6,-4,-130
1767174691.959238,-6,-3,-126
1767174691.969238,-4,0,-126
1767174691.9792385,-2,1,-125
1767174691.9892385,-5,0,-124
1767174691.9992385,-6,-3,-120
1767174692.0092382,-5,-4,-122
1767174692.0192382,-8,-3,-126
1767174692.0292382,-4,-6,-123
1767174692.0392382,-1,-12,-125
1767174692.0492382,6,-10,-128
1767174692.0592382,1,-10,-131
1767174692.0692382,-2,-11,-133
1767174692.0792382,1,-11,-128
1767174692.0892382,0,-6,-128
1767174692.0992382,-2,-5,-131
1767174692.109238,-3,-3,-125
1767174692.119238,-5,-1,-118
1767174692.129238,-8,-1,-127
1767174692.139238,-6,2,-132
1767174692.149238,-6,6,-126
1767174692.159238,-3,7,-132
1767174692.169238,2,13,-132
1767174692.179238,7,10,-129
1767174692.189238,5,9,-121
1767174692.199238,3,6,-125
1767174692.209238,0,7,-121
1767174692.219238,-3,8,-117
1767174692.2292385,-7,9,-121
1767174692.2392385,-4,6,-117
1767174692.2492385,-4,4,-118
1767174692.2592382,-4,2,-117
1767174692.2692382,-8,0,-118
1767174692.2792382,-2,-4,-115
1767174692.2892382,2,-5,-118
1767174692.2992382,1,-7,-118
1767174692.3092382,2,-6,-119
1767174692.3192382,4,-5,-118
1767174692.3292382,0,-10,-116
1767174692.3392382,2,-12,-122
1767174692.3492382,4,-12,-128
1767174692.359238,2,-11,-125
1767174692.369238,1,-7,-124
1767174692.379238,-2,-7,-126
1767174692.389238,-5,-5,-126
1767174692.399238,-6,-4,-124
1767174692.409238,-9,-7,-125
1767174692.419238,-5,-3,-124
1767174692.429238,-3,-4,-119
1767174692.439238,-1,0,-125
1767174692.449238,-4,-1,-124
1767174692.459238,-3,0,-119
1767174692.469238,-1,0,-114
1767174692.4792385,0,-4,-114
1767174692.4892385,0,-4,-116
1767174692.4992385,1,-4,-118
1767174692.5092382,0,-6,-114
1767174692.5192382,-1,-7,-117
1767174692.5292382,-3,-2,-117
1767174692.5392382,-1,0,-120
1767174692.5492382,-2,1,-121
1767174692.5592382,0,2,-127
1767174692.5692382,0,0,-135
1767174692.5792382,0,1,-135
1767174692.5892382,5,-5,-132
1767174692.5992382,6,-3,-133
1767174692.609238,3,-6,-129
1767174692.619238,7,-3,-131
1767174692.629238,8,0,-130
1767174692.639238,7,1,-128
1767174692.649238,2,0,-122
1767174692.659238,6,-1,-120
1767174692.669238,4,0,-123
1767174692.679238,6,-1,-123
1767174692.689238,2,0,-122
1767174692.699238,7,-2,-128
1767174692.709238,7,-2,-124
1767174692.719238,9,0,-120
1767174692.7292385,7,0,-120
1767174692.7392385,-1,1,-122
1767174692.7492385,-2,0,-120
1767174692.7592382,-2,-1,-111
1767174692.7692382,-4,0,-114
1767174692.7792382,-7,0,-119
1767174692.7892382,-4,0,-125
1767174692.7992382,0,3,-124
1767174692.8092382,-3,3,-125
1767174692.8192382,-4,2,-126
1767174692.8292382,-4,-1,-128
1767174692.8392382,-2,-4,-125
1767174692.8492382,0,-5,-126
1767174692.859238,2,-4,-120
1767174692.869238,1,-3,-118
1767174692.879238,0,-3,-118
1767174692.889238,2,-3,-122
1767174692.899238,5,-1,-125
1767174692.909238,4,0,-120
1767174692.919238,3,0,-118
1767174692.929238,1,-3,-113
1767174692.939238,0,-6,-116
1767174692.949238,0,-5,-113
1767174692.959238,1,-1,-113
1767174692.969238,2,0,-116
1767174692.9792385,6,3,-117
1767174692.9892385,6,1,-119
1767174692.9992385,0,0,-120
1767174693.0092382,2,2,-124
1767174693.0192382,1,1,-116
1767174693.0292382,-4,0,-120
1767174693.0392382,-7,4,-126
1767174693.0492382,-5,0,-125
1767174693.0592382,-2,-3,-122
1767174693.0692382,2,-3,-126
1767174693.0792382,0,-3,-124
1767174693.0892382,0,0,-123
1767174693.0992382,1,3,-128
1767174693.109238,0,-1,-127
1767174693.119238,0,-1,-127
1767174693.129238,1,-2,-121
1767174693.139238,6,-4,-120
1767174693.149238,6,-3,-121
1767174693.159238,8,-3,-123
1767174693.169238,8,-3,-117
1767174693.179238,5,-2,-117
1767174693.189238,1,-1,-122
1767174693.199238,0,0,-124
1767174693.209238,0,0,-119
1767174693.219238,-2,0,-123
1767174693.2292385,0,-5,-119
1767174693.2392385,4,-4,-121
1767174693.2492385,4,1,-123
1767174693.2592382,3,1,-122
1767174693.2692382,5,1,-119
1767174693.2792382,10,-3,-119
1767174693.290238,11,-4,-115
1767174693.300238,10,-2,-109
1767174693.3092382,7,-1,-112
1767174693.320238,5,-5,-113
1767174693.330238,5,-5,-117
1767174693.340238,-1,-4,-117
1767174693.350238,2,-2,-120
1767174693.360238,1,-1,-118
1767174693.370238,1,-1,-117
1767174693.380238,-2,1,-116
1767174693.390238,-4,1,-113
1767174693.400238,-2,-2,-115
1767174693.4102385,-3,1,-118
1767174693.4202385,-1,-1,-119
1767174693.4302382,-4,-2,-128
1767174693.4402382,-1,-4,-127
1767174693.4502382,0,-2,-122
1767174693.4602382,-1,-3,-118
1767174693.4702382,0,-1,-115
1767174693.4802382,-3,-3,-119
1767174693.4902382,0,-4,-119
1767174693.5002382,2,-2,-121
1767174693.5102382,-1,-3,-121
1767174693.5202382,-2,-1,-121
1767174693.5302382,-4,2,-124
1767174693.540238,-2,4,-117
1767174693.550238,-3,6,-122
1767174693.560238,1,4,-124
1767174693.570238,0,2,-128
1767174693.580238,5,1,-129
1767174693.590238,6,0,-134
1767174693.600238,4,1,-131
1767174693.610238,0,3,-135
1767174693.620238,-1,0,-134
1767174693.630238,-3,0,-131
1767174693.640238,-2,0,-128
1767174693.650238,0,0,-123
1767174693.6602385,3,3,-123
1767174693.6702385,6,5,-127
1767174693.6802382,0,-1,-123
1767174693.6902382,3,-3,-118
1767174693.7002382,1,-3,-123
1767174693.7102382,3,-2,-120
1767174693.7202382,5,-3,-121
1767174693.7302382,8,-3,-124
1767174693.7402382,7,-3,-117
1767174693.7502382,4,0,-118
1767174693.7602382,1,0,-122
1767174693.7702382,3,0,-122
1767174693.791238,3,-4,-127
1767174693.800238,3,-1,-125
1767174693.810238,2,-2,-123
1767174693.820238,0,-6,-120
1767174693.830238,-2,-4,-118
1767174693.840238,-3,-1,-120
1767174693.850238,-3,-2,-117
1767174693.860238,-2,-6,-122
1767174693.870238,0,-6,-124
1767174693.880238,-1,-5,-123
1767174693.890238,-1,-1,-122
1767174693.900238,1,-2,-124
1767174693.9102385,-2,1,-117
1767174693.9202385,1,6,-115
1767174693.9302382,2,4,-110
1767174693.9402382,2,5,-106
1767174693.9502382,5,1,-115
1767174693.9602382,7,1,-122
1767174693.9702382,4,-1,-128
1767174693.9802382,2,-4,-132
1767174693.9902382,2,-4,-128
1767174694.0002382,2,0,-132
1767174694.0102382,-5,-1,-129
1767174694.0202382,-8,-1,-129
1767174694.0302382,-6,3,-124
1767174694.040238,-7,2,-121
1767174694.050238,-2,-3,-128
1767174694.060238,-4,-3,-132
1767174694.070238,-5,0,-135
1767174694.080238,-11,1,-130
1767174694.090238,-7,0,-124
1767174694.100238,-2,-1,-117
1767174694.110238,-3,0,-113
1767174694.120238,-3,0,-109
1767174694.130238,-2,0,-114
1767174694.140238,-2,3,-113
1767174694.150238,-2,1,-117
1767174694.1602385,-2,0,-128
1767174694.1702385,-2,-2,-129
1767174694.1802382,0,-2,-131
1767174694.1902382,1,-1,-130
1767174694.2002382,0,-2,-124
1767174694.2102382,2,-2,-122
1767174694.2202382,4,0,-120
1767174694.2302382,1,-1,-122
1767174694.2402382,3,-2,-118
1767174694.2502382,1,-3,-122
1767174694.2602382,0,0,-121
1767174694.2702382,-2,0,-125
1767174694.2802382,0,-2,-126
1767174694.290238,0,-1,-132
1767174694.300238,-2,0,-131
1767174694.310238,2,-3,-126
1767174694.320238,0,-6,-124
1767174694.330238,-3,-3,-119
1767174694.340238,0,-1,-116
1767174694.350238,2,-1,-125
1767174694.360238,0,-5,-120
1767174694.370238,1,-8,-123
1767174694.380238,0,-10,-124
1767174694.390238,-2,-7,-122
1767174694.400238,-6,-2,-123
1767174694.4102385,-1,-1,-123
1767174694.4202385,2,-3,-124
1767174694.4302382,0,-4,-124
1767174694.4402382,0,-7,-128
1767174694.4502382,-2,-6,-133
1767174694.4602382,-5,-4,-133
1767174694.4702382,-6,-4,-136
1767174694.4802382,-5,-4,-143
1767174694.4902382,-3,-3,-140
1767174694.5002382,-1,-9,-137
1767174694.5102382,0,-10,-130
1767174694.5202382,-3,-6,-131
1767174694.5302382,-3,-3,-130
1767174694.540238,-3,-3,-132
1767174694.550238,0,-1,-131
1767174694.560238,0,0,-131
1767174694.570238,4,4,-126
1767174694.580238,7,2,-120
1767174694.590238,8,4,-118
1767174694.600238,12,4,-126
1767174694.610238,6,2,-127
1767174694.620238,3,1,-123
1767174694.630238,-2,-2,-121
1767174694.640238,-3,2,-123
1767174694.650238,-7,4,-121
1767174694.6602385,-1,1,-112
1767174694.6702385,-5,3,-117
1767174694.6802382,-2,7,-120
1767174694.6902382,3,8,-125
1767174694.7002382,5,7,-126
1767174694.7102382,7,2,-120
1767174694.7202382,5,0,-121
1767174694.7302382,4,-3,-115
1767174694.7402382,0,-3,-112
1767174694.7502382,2,-3,-108
1767174694.7602382,4,-4,-105
1767174694.7702382,6,-6,-109
1767174694.7802382,1,-9,-112
1767174694.790238,-3,-8,-115
1767174694.800238,0,-5,-117
1767174694.810238,3,-4,-126
1767174694.820238,3,-6,-126
1767174694.830238,0,-6,-131
1767174694.840238,-3,-3,-128
1767174694.850238,-4,-4,-124
1767174694.860238,0,-1,-116
1767174694.870238,-1,-4,-110
1767174694.880238,0,-7,-112
1767174694.890238,2,-8,-115
1767174694.900238,-1,-5,-117
1767174694.9102385,-4,-4,-122
1767174694.9202385,-2,-6,-121
1767174694.9302382,0,-4,-127
1767174694.9402382,-2,-4,-128
1767174694.9502382,-3,-6,-127
1767174694.9602382,-2,-3,-124
1767174694.9702382,-6,1,-123
1767174694.9802382,-5,1,-117
1767174694.9902382,-1,-3,-118
1767174695.0002382,0,-4,-123
1767174695.0102382,-3,0,-127
1767174695.0202382,-2,2,-127
1767174695.0302382,-3,0,-127
1767174695.040238,0,-4,-131
1767174695.050238,0,-12,-126
1767174695.060238,-2,-8,-119
1767174695.070238,0,-7,-117
1767174695.080238,2,-5,-119
1767174695.090238,0,0,-118
1767174695.100238,0,0,-116
1767174695.110238,-2,0,-114
1767174695.120238,-2,-2,-120
1767174695.130238,-5,-3,-120
1767174695.140238,-7,-1,-121
1767174695.150238,-9,-1,-124
1767174695.1602385,-10,0,-122
1767174695.1702385,-10,4,-123
1767174695.1802382,-4,9,-122
1767174695.1902382,1,4,-120
1767174695.2002382,0,6,-125
1767174695.2102382,0,6,-119
1767174695.2202382,-3,5,-119
1767174695.2302382,-3,7,-118
1767174695.2402382,0,6,-112
1767174695.2502382,4,4,-116
1767174695.2602382,0,3,-121
1767174695.2702382,0,-3,-119
1767174695.2802382,-1,-4,-121
1767174695.290238,-2,-4,-123
1767174695.300238,-1,-8,-118
1767174695.310238,0,-4,-112
1767174695.320238,-1,-2,-113
1767174695.330238,-2,-1,-110
1767174695.340238,0,1,-107
1767174695.350238,-1,5,-108
1767174695.360238,-3,3,-109
1767174695.370238,0,4,-112
1767174695.380238,2,1,-114
1767174695.390238,1,3,-118
1767174695.400238,0,4,-121
1767174695.4102385,0,1,-121
1767174695.4202385,1,1,-115
1767174695.4302382,1,-2,-121
1767174695.4402382,-1,-2,-122
1767174695.4502382,0,-5,-112
1767174695.4602382,-3,-6,-113
1767174695.4702382,-3,-5,-112
1767174695.4802382,-2,-4,-117
1767174695.4902382,-2,-3,-117
1767174695.5002382,1,-2,-121
1767174695.5102382,2,-2,-122
1767174695.5202382,5,0,-122
1767174695.5302382,9,-6,-119
1767174695.540238,13,-5,-121
1767174695.550238,8,-4,-119
1767174695.560238,7,-7,-119
1767174695.570238,7,-8,-118
1767174695.580238,5,-3,-118
1767174695.590238,3,-3,-119
1767174695.600238,4,-3,-128
1767174695.610238,3,-1,-129
1767174695.620238,-2,-2,-132
1767174695.630238,1,0,-131
1767174695.640238,4,0,-131
1767174695.650238,3,1,-130
1767174695.6602385,5,2,-132
1767174695.6702385,4,0,-128
1767174695.6802382,5,-2,-121
1767174695.6902382,5,0,-119
1767174695.7002382,9,0,-118
1767174695.7102382,7,1,-117
1767174695.7202382,5,-3,-119
1767174695.7302382,0,-9,-121
1767174695.7402382,-4,-7,-127
1767174695.7502382,-3,-2,-129
1767174695.7602382,0,-4,-132
1767174695.7702382,1,-8,-126
1767174695.7802382,2,-11,-123
1767174695.790238,-4,-4,-125
1767174695.800238,-5,0,-130
1767174695.810238,0,0,-131
1767174695.820238,5,0,-127
1767174695.830238,1,0,-129
1767174695.840238,3,-1,-123
1767174695.850238,1,3,-117
1767174695.860238,1,0,-116
1767174695.870238,1,-1,-119
1767174695.880238,0,-2,-117
1767174695.890238,1,-2,-119
1767174695.900238,0,-5,-116
1767174695.9102385,0,-4,-116
1767174695.9202385,3,0,-115
1767174695.9302382,2,1,-120
1767174695.9402382,5,0,-117
1767174695.9512382,6,0,-122
1767174695.9602382,4,2,-119
1767174695.971238,3,2,-121
1767174695.9802382,2,0,-125
1767174695.991238,0,2,-126
1767174696.001238,0,4,-120
1767174696.011238,0,3,-113
1767174696.021238,-2,0,-110
1767174696.031238,-2,2,-107
1767174696.041238,1,0,-105
1767174696.051238,3,-1,-107
1767174696.061238,2,-3,-100
1767174696.071238,0,-5,-99
1767174696.0812385,-1,-5,-107
1767174696.0912385,1,-4,-115
1767174696.1012385,0,-1,-112
1767174696.1112382,0,1,-108
1767174696.1212382,5,-2,-107
1767174696.1312382,1,-4,-114
1767174696.1412382,-4,-1,-116
1767174696.1512382,-6,1,-117
1767174696.1612382,-8,1,-113
1767174696.1712382,-7,0,-113
1767174696.1812382,-4,-3,-115
1767174696.1912382,0,1,-115
1767174696.2012382,-1,0,-117
1767174696.211238,2,0,-117
1767174696.221238,5,0,-112
1767174696.231238,8,0,-114
1767174696.241238,7,-1,-108
1767174696.251238,5,0,-117
1767174696.261238,8,0,-123
1767174696.271238,9,-3,-122
1767174696.281238,6,-2,-122
1767174696.291238,6,0,-121
1767174696.301238,8,-3,-123
1767174696.311238,10,-8,-125
1767174696.321238,12,-6,-118
1767174696.3312385,13,-3,-116
1767174696.3412385,12,-3,-118
1767174696.3512385,12,-1,-119
1767174696.3612382,12,2,-114
1767174696.3712382,14,0,-116
1767174696.3812382,14,2,-116
1767174696.3912382,6,1,-116
1767174696.4012382,6,1,-121
1767174696.4112382,2,0,-117
1767174696.4212382,0,0,-120
1767174696.4312382,0,-3,-118
1767174696.4412382,-2,1,-122
1767174696.4512382,-1,-1,-131
1767174696.461238,2,-3,-131
1767174696.471238,4,-3,-139
1767174696.481238,1,0,-142
1767174696.491238,4,1,-141
1767174696.501238,0,-3,-134
1767174696.511238,-5,-3,-128
1767174696.521238,-7,-4,-123
1767174696.531238,-7,-2,-121
1767174696.541238,-10,-3,-118
1767174696.551238,-5,-2,-116
1767174696.561238,-3,-2,-120
1767174696.571238,0,-1,-124
1767174696.5812385,-3,0,-124
1767174696.5912385,-2,1,-121
1767174696.6012385,3,2,-115
1767174696.6112382,3,-1,-121
1767174696.6212382,-3,1,-127
1767174696.6312382,-4,3,-126
1767174696.6412382,-3,6,-127
1767174696.6512382,-3,6,-124
1767174696.6612382,-3,2,-126
1767174696.6712382,-1,2,-126
1767174696.6812382,0,3,-124
1767174696.692238,-1,0,-121
1767174696.7012382,-2,0,-116
1767174696.711238,-6,-1,-113
1767174696.721238,-4,-3,-117
1767174696.731238,-4,-4,-115
1767174696.741238,-1,-6,-117
1767174696.751238,2,-6,-120
1767174696.761238,0,-10,-114
1767174696.771238,-2,-8,-113
1767174696.781238,-5,-3,-117
1767174696.791238,-1,-5,-119
1767174696.801238,-1,-5,-120
1767174696.811238,-2,0,-120
1767174696.821238,-7,0,-127
1767174696.8312385,-7,0,-120
1767174696.8412385,0,-2,-117
1767174696.8512385,3,1,-119
1767174696.8612382,0,4,-116
1767174696.8712382,2,0,-116
1767174696.8812382,1,-1,-116
1767174696.8912382,-7,-4,-120
1767174696.9012382,-7,-5,-123
1767174696.9112382,-7,-4,-122
1767174696.9212382,-7,-9,-114
1767174696.9312382,-5,-8,-112
1767174696.9412382,-5,-3,-112
1767174696.9512382,-8,-2,-111
1767174696.961238,-6,0,-115
1767174696.971238,-3,-1,-117
1767174696.981238,-4,-3,-117
1767174696.991238,0,0,-113
1767174697.001238,0,0,-116
1767174697.011238,0,-2,-121
1767174697.021238,-5,-2,-124
1767174697.031238,-4,-3,-122
1767174697.041238,-4,0,-118
1767174697.051238,-7,-7,-118
1767174697.061238,-5,-3,-112
1767174697.071238,-6,-2,-110
1767174697.0812385,-4,-4,-108
1767174697.0912385,-2,-2,-105
1767174697.1012385,1,-7,-111
1767174697.1112382,0,-6,-111
1767174697.1212382,1,-5,-114
1767174697.1312382,1,-5,-116
1767174697.1412382,0,-1,-120
1767174697.1512382,1,-3,-128
1767174697.1612382,-1,-6,-130
1767174697.1712382,3,-5,-139
1767174697.1812382,2,-5,-139
1767174697.1912382,0,-8,-133
1767174697.2012382,1,-4,-133
1767174697.211238,4,-1,-131
1767174697.221238,1,1,-129
1767174697.231238,-1,0,-123
1767174697.241238,0,-2,-118
1767174697.251238,0,-5,-124
1767174697.261238,4,-2,-122
1767174697.271238,3,-2,-121
1767174697.281238,3,-3,-125
1767174697.291238,-3,-3,-113
1767174697.301238,-8,1,-113
1767174697.311238,-2,-3,-109
1767174697.321238,-2,-3,-110
1767174697.3312385,-2,-3,-111
1767174697.3412385,-4,-2,-117
1767174697.3512385,0,-1,-118
1767174697.3612382,-2,-3,-108
1767174697.3712382,0,-4,-109
1767174697.3812382,1,-2,-106
1767174697.3912382,2,-3,-107
1767174697.4012382,-2,-4,-114
1767174697.4112382,-3,-4,-121
1767174697.4212382,-1,-2,-119
1767174697.4312382,1,2,-118
1767174697.4412382,0,3,-122
1767174697.4512382,2,6,-119
1767174697.461238,0,3,-123
1767174697.471238,0,0,-123
1767174697.481238,0,-1,-128
1767174697.491238,-3,0,-126
1767174697.501238,-4,1,-124
1767174697.511238,-5,3,-120
1767174697.521238,1,0,-123
1767174697.531238,0,-1,-121
1767174697.541238,-1,-3,-121
1767174697.551238,0,-7,-118
1767174697.561238,-1,-11,-117
1767174697.571238,2,-8,-116
1767174697.5812385,0,-5,-112
1767174697.5912385,-4,-8,-114
1767174697.6012385,-2,-8,-120
1767174697.6112382,-4,-5,-118
1767174697.6212382,-1,-6,-117
1767174697.6312382,0,-3,-123
1767174697.6412382,5,-3,-124
1767174697.6512382,5,-3,-123
1767174697.6612382,7,-2,-124
1767174697.6712382,6,-2,-131
1767174697.6812382,0,-2,-132
1767174697.6912382,0,-1,-132
1767174697.7012382,2,0,-136
1767174697.711238,3,-5,-136
1767174697.721238,1,-4,-130
1767174697.731238,-1,-7,-128
1767174697.741238,-2,-7,-132
1767174697.751238,-3,-10,-132
1767174697.761238,3,-9,-133
1767174697.771238,0,-8,-125
1767174697.781238,-3,-4,-124
1767174697.791238,2,-1,-122
1767174697.801238,5,0,-116
1767174697.811238,8,0,-110
1767174697.821238,4,-4,-109
1767174697.8312385,5,-2,-106
1767174697.8412385,6,-3,-118
1767174697.8512385,4,-2,-118
1767174697.8612382,5,-2,-124
1767174697.8712382,4,-2,-122
1767174697.8812382,4,-2,-124
1767174697.8912382,6,-2,-130
1767174697.9012382,5,-5,-129
1767174697.9112382,7,-7,-139
1767174697.9212382,5,-11,-141
1767174697.9312382,1,-8,-134
1767174697.9412382,5,-8,-137
1767174697.9512382,3,-8,-130
1767174697.961238,7,-6,-129
1767174697.971238,7,-6,-128
1767174697.981238,8,-3,-127
1767174697.991238,4,-4,-127
1767174698.001238,0,0,-128
1767174698.011238,3,0,-131
1767174698.021238,1,-1,-127
1767174698.031238,3,4,-125
1767174698.041238,6,1,-120
1767174698.051238,7,2,-124
1767174698.061238,4,1,-121
1767174698.071238,4,-1,-122
1767174698.0812385,1,-2,-117
1767174698.0912385,3,-1,-121
1767174698.1012385,0,-1,-123
1767174698.1112382,0,-5,-124
1767174698.1212382,3,-5,-119
1767174698.1312382,5,-5,-116
1767174698.1412382,4,-2,-104
1767174698.1512382,4,-2,-108
1767174698.1612382,4,0,-105
1767174698.1712382,6,0,-111
1767174698.1812382,5,-4,-115
1767174698.1912382,5,1,-118
1767174698.2012382,2,3,-116
1767174698.211238,0,3,-112
1767174698.221238,-2,0,-113
1767174698.231238,-2,-1,-111
1767174698.241238,-4,-2,-110
1767174698.251238,-1,-2,-116
1767174698.261238,0,-3,-115
1767174698.271238,1,0,-115
1767174698.281238,4,0,-118
1767174698.291238,4,2,-117
1767174698.301238,4,5,-115
1767174698.311238,2,2,-120
1767174698.321238,0,3,-122
1767174698.3312385,-2,2,-120
1767174698.3412385,0,1,-121
1767174698.3512385,0,2,-121
1767174698.3612382,0,0,-124
1767174698.3712382,0,3,-125
1767174698.3812382,1,2,-127
1767174698.3912382,4,0,-126
1767174698.4012382,4,-4,-122
1767174698.4112382,4,-2,-121
1767174698.4212382,6,-1,-125
1767174698.4312382,5,0,-118
1767174698.4412382,4,0,-115
1767174698.4512382,3,0,-116
1767174698.461238,1,0,-118
1767174698.471238,0,1,-123
1767174698.481238,0,0,-119
1767174698.491238,-1,0,-116
1767174698.501238,-3,1,-124
1767174698.511238,-3,-4,-131
1767174698.521238,-1,-3,-125
1767174698.531238,0,-1,-118
1767174698.541238,4,-2,-117
1767174698.551238,4,0,-122
1767174698.561238,2,1,-126
1767174698.571238,0,0,-126
1767174698.5812385,-4,0,-121
1767174698.5912385,0,-1,-121
1767174698.6012385,3,-4,-119
1767174698.6112382,-1,-3,-116
1767174698.6212382,0,-5,-118
1767174698.6312382,0,-8,-117
1767174698.6412382,-2,-9,-124
1767174698.6512382,-2,-4,-121
1767174698.6612382,2,-2,-123
1767174698.6712382,3,1,-120
1767174698.682238,2,7,-121
1767174698.692238,0,6,-121
1767174698.702238,-3,3,-111
1767174698.712238,-3,2,-110
1767174698.722238,2,-1,-111
1767174698.732238,-3,-1,-112
1767174698.742238,-8,0,-109
1767174698.752238,-6,0,-101
1767174698.7622385,-2,0,-103
1767174698.7722385,-1,0,-109
1767174698.7822382,-1,2,-111
1767174698.804238,-4,5,-113
1767174698.8122382,-4,6,-121
1767174698.8222382,-2,0,-116
1767174698.8322382,1,-1,-119
1767174698.8422382,-2,-2,-123
1767174698.8522382,-2,-3,-132
1767174698.8622382,3,-5,-132
1767174698.8722382,3,-4,-135
1767174698.882238,4,-7,-130
1767174698.892238,3,-4,-129
1767174698.902238,0,-5,-130
1767174698.912238,-2,-2,-128
1767174698.922238,1,-6,-136
1767174698.932238,2,-6,-129
1767174698.942238,0,-7,-126
1767174698.952238,0,-4,-129
1767174698.962238,-1,0,-125
1767174698.972238,3,-1,-124
1767174698.982238,5,-8,-129
1767174698.992238,6,-8,-127
1767174699.002238,6,1,-124
1767174699.0122385,1,0,-118
1767174699.0222385,1,-1,-116
1767174699.0322382,6,-2,-116
1767174699.0422382,7,0,-114
1767174699.0522382,3,-2,-112
1767174699.0622382,2,-1,-109
1767174699.0722382,1,-1,-112
1767174699.0822382,0,-1,-113
1767174699.0922382,-3,2,-115
1767174699.1022382,-4,-3,-114
1767174699.1122382,1,-8,-115
1767174699.1222382,3,-8,-121
1767174699.132238,2,-10,-124
1767174699.142238,3,-5,-122
1767174699.152238,1,-3,-125
1767174699.162238,4,-2,-125
1767174699.172238,5,-3,-124
1767174699.182238,3,1,-120
1767174699.192238,4,0,-122
1767174699.202238,-2,-1,-122
1767174699.212238,0,-3,-127
1767174699.222238,2,-3,-127
1767174699.232238,-1,0,-127
1767174699.242238,0,0,-128
1767174699.252238,-1,0,-121
1767174699.2622385,-2,2,-121
1767174699.2722385,-3,4,-117
1767174699.2822382,-4,4,-118
1767174699.2922382,-4,5,-111
1767174699.3022382,-5,3,-116
1767174699.3122382,-3,-1,-117
1767174699.3222382,5,2,-113
1767174699.3322382,5,2,-115
1767174699.3422382,8,0,-114
1767174699.3522382,9,0,-104
1767174699.3622382,7,-6,-113
1767174699.3722382,3,-6,-112
1767174699.382238,0,-2,-111
1767174699.392238,1,1,-110
1767174699.402238,1,0,-108
1767174699.412238,3,1,-117
1767174699.422238,2,0,-121
1767174699.432238,-2,0,-120
1767174699.442238,0,0,-123
1767174699.452238,-4,-1,-120
1767174699.462238,0,-2,-123
1767174699.472238,0,-10,-120
1767174699.482238,-5,-3,-118
1767174699.492238,-1,0,-124
1767174699.502238,0,-1,-117
1767174699.5122385,2,-3,-122
1767174699.5222385,2,-2,-118
1767174699.5322382,5,2,-107
1767174699.5422382,6,2,-113
1767174699.5522382,5,0,-117
1767174699.5622382,5,-4,-122
1767174699.5722382,3,-1,-123
1767174699.5822382,4,0,-128
1767174699.5922382,5,-8,-128
1767174699.6022382,4,-8,-124
1767174699.6122382,2,-6,-130
1767174699.6222382,-3,-2,-135
1767174699.632238,-2,-1,-134
1767174699.642238,-1,0,-136
1767174699.652238,-2,0,-135
1767174699.662238,-1,-1,-132
1767174699.672238,0,-2,-133
1767174699.682238,2,-2,-133
1767174699.692238,1,-2,-130
1767174699.702238,3,-1,-125
1767174699.712238,0,4,-120
1767174699.722238,1,0,-119
1767174699.732238,-4,-1,-121
1767174699.742238,-5,-5,-121
1767174699.752238,-4,-5,-124
1767174699.7622385,-3,-6,-114
1767174699.7722385,0,-6,-120
1767174699.7822382,1,-7,-119
1767174699.7922382,-2,0,-123
1767174699.8022382,-1,0,-119
1767174699.8122382,0,0,-119
1767174699.8222382,0,2,-118
1767174699.8322382,-2,0,-116
1767174699.8422382,1,0,-112
1767174699.8522382,0,1,-114
1767174699.8622382,0,5,-111
1767174699.8722382,-4,4,-113
1767174699.882238,0,5,-114
1767174699.892238,-2,1,-113
1767174699.902238,-1,0,-112
1767174699.912238,3,2,-118
1767174699.922238,0,3,-116
1767174699.932238,0,2,-118
1767174699.942238,1,6,-121
1767174699.952238,1,3,-120
1767174699.962238,-1,2,-121
1767174699.972238,-3,4,-117
1767174699.982238,-3,3,-118
1767174699.992238,-1,4,-120
1767174700.002238,1,2,-119
1767174700.0122385,3,2,-121
1767174700.0222385,2,0,-127
1767174700.0322382,2,-2,-125
1767174700.0422382,1,-3,-127
1767174700.0522382,5,-2,-132
1767174700.0622382,3,0,-134
1767174700.0722382,1,1,-132
1767174700.0822382,0,2,-131
1767174700.0922382,2,3,-127
1767174700.1022382,4,-1,-125
1767174700.1122382,4,-1,-118
1767174700.1222382,5,-3,-116
1767174700.132238,6,2,-113
1767174700.142238,0,0,-120
1767174700.152238,-2,0,-120
1767174700.162238,0,-4,-121
1767174700.172238,3,-3,-119
1767174700.182238,1,-1,-118
1767174700.192238,0,-2,-119
1767174700.202238,-3,-4,-123
1767174700.212238,-3,-7,-123
1767174700.222238,-4,-7,-128
1767174700.232238,-5,-7,-127
1767174700.242238,-2,-7,-127
1767174700.252238,0,-8,-130
1767174700.2622385,2,-9,-125
1767174700.2722385,0,-6,-120
1767174700.2822382,0,-6,-111
1767174700.2922382,0,-6,-117
1767174700.3022382,1,-6,-124
1767174700.3122382,0,-5,-122
1767174700.3222382,-4,-3,-121
1767174700.3322382,-3,-3,-118
1767174700.3422382,2,-4,-122
1767174700.3522382,1,-6,-122
1767174700.3622382,-1,-5,-124
1767174700.3722382,0,-6,-126
1767174700.382238,0,-6,-123
1767174700.392238,0,-5,-119
1767174700.402238,0,-6,-120
1767174700.412238,-1,-5,-122
1767174700.422238,5,-7,-116
1767174700.432238,9,-9,-118
1767174700.442238,6,-4,-117
1767174700.452238,6,-1,-125
1767174700.462238,7,0,-134
1767174700.472238,9,1,-132
1767174700.482238,6,3,-135
1767174700.492238,9,4,-131
1767174700.502238,9,3,-127
1767174700.5122385,3,2,-129
1767174700.5222385,3,3,-128
1767174700.5322382,2,5,-124
1767174700.5422382,2,4,-117
1767174700.5522382,2,2,-114
1767174700.5622382,1,1,-118
1767174700.5722382,1,2,-118
1767174700.5822382,0,4,-121
1767174700.5922382,3,2,-126
1767174700.6022382,4,2,-123
1767174700.6122382,4,0,-117
1767174700.6222382,-3,-2,-120
1767174700.632238,-7,-6,-118
1767174700.642238,-6,-8,-114
1767174700.652238,-8,-4,-116
1767174700.662238,-7,-4,-118
1767174700.672238,-8,-3,-115
1767174700.682238,-6,0,-118
1767174700.692238,-6,1,-124
1767174700.702238,3,0,-131
1767174700.712238,0,-3,-137
1767174700.722238,2,-2,-139
1767174700.732238,-1,0,-136
1767174700.742238,0,2,-129
1767174700.752238,5,7,-126
1767174700.7622385,3,6,-122
1767174700.7722385,-2,2,-125
1767174700.7822382,-1,0,-123
1767174700.7922382,3,2,-127
1767174700.8022382,1,0,-126
1767174700.8122382,-4,-2,-123
1767174700.8222382,0,0,-126
1767174700.8322382,1,-6,-125
1767174700.8422382,1,-2,-123
1767174700.8522382,1,-4,-122
1767174700.8622382,0,-1,-119
1767174700.8722382,3,-2,-116
1767174700.882238,0,-3,-116
1767174700.892238,0,-1,-112
1767174700.902238,2,-1,-113
1767174700.912238,-4,-2,-120
1767174700.922238,-4,-5,-120
1767174700.932238,0,-4,-117
1767174700.942238,-2,-2,-121
1767174700.952238,-3,0,-120
1767174700.962238,-7,-1,-120
1767174700.972238,-6,-3,-114
1767174700.982238,-9,0,-112
1767174700.992238,-6,-6,-121
1767174701.002238,1,-9,-120
1767174701.0122385,0,-12,-121
1767174701.0222385,2,-8,-118
1767174701.0322382,4,-7,-118
1767174701.0422382,4,-5,-118
1767174701.0522382,6,-1,-119
1767174701.0622382,5,0,-129
1767174701.0722382,0,0,-125
1767174701.0822382,1,0,-124
1767174701.0922382,0,1,-125
1767174701.1022382,0,5,-120
1767174701.1122382,-7,5,-119
1767174701.1222382,-1,3,-120
1767174701.132238,0,-1,-121
1767174701.142238,3,2,-121
1767174701.152238,2,0,-120
1767174701.162238,0,2,-124
1767174701.172238,3,4,-128
1767174701.182238,0,4,-133
1767174701.192238,0,0,-134
1767174701.202238,-1,-1,-135
1767174701.212238,0,0,-132
1767174701.222238,1,-1,-125
1767174701.232238,3,0,-120
1767174701.242238,3,0,-124
1767174701.252238,4,0,-125
1767174701.2622385,0,4,-128
1767174701.2722385,3,2,-125
1767174701.2832382,0,1,-123
1767174701.2922382,0,-2,-127
1767174701.3022382,4,0,-120
1767174701.3122382,1,-5,-118
1767174701.3222382,-1,-7,-120
1767174701.333238,0,-5,-122
1767174701.343238,2,-4,-120
1767174701.353238,0,-9,-122
1767174701.363238,2,-10,-116
1767174701.373238,0,-9,-116
1767174701.383238,0,-7,-118
1767174701.393238,-3,-7,-124
1767174701.403238,-5,-4,-125
1767174701.413238,-2,-1,-123
1767174701.423238,0,-1,-122
1767174701.4332385,0,0,-121
1767174701.4432385,0,-1,-126
1767174701.4532382,-2,0,-129
1767174701.4632382,-3,0,-132
1767174701.4732382,-2,3,-128
1767174701.4832382,1,4,-125
1767174701.4932382,2,0,-125
1767174701.5032382,4,0,-127
1767174701.5132382,8,-3,-129
1767174701.5232382,8,0,-130
1767174701.5332382,8,-2,-133
1767174701.5432382,4,-3,-130
1767174701.5532382,4,-1,-124
1767174701.563238,4,-3,-122
1767174701.573238,3,-3,-123
1767174701.583238,4,-5,-124
1767174701.593238,4,-7,-122
1767174701.603238,5,-7,-120
1767174701.613238,3,-4,-118
1767174701.623238,4,-3,-119
1767174701.633238,4,-1,-116
1767174701.643238,2,0,-114
1767174701.653238,0,0,-117
1767174701.663238,-2,-3,-118
1767174701.673238,-5,0,-117
1767174701.6832385,-3,0,-118
1767174701.6932385,-2,-1,-120
1767174701.7032382,0,-2,-124
1767174701.7132382,0,-5,-124
1767174701.7232382,0,-7,-117
1767174701.7332382,0,-9,-113
1767174701.7432382,-3,-7,-115
1767174701.7532382,-1,-8,-121
1767174701.7632382,1,-8,-120
1767174701.7732382,3,-9,-116
1767174701.7832382,5,-6,-113
1767174701.7932382,2,-5,-109
1767174701.8032382,3,-4,-106
1767174701.813238,6,-2,-104
1767174701.823238,10,-5,-111
1767174701.833238,7,-1,-122
1767174701.843238,8,-4,-126
1767174701.853238,3,-1,-132
1767174701.863238,-3,-2,-123
1767174701.873238,-9,-2,-126
1767174701.883238,-13,-3,-127
1767174701.893238,-12,-3,-129
1767174701.903238,-6,-3,-127
1767174701.913238,-6,-1,-118
1767174701.923238,-5,0,-115
1767174701.9332385,-4,-4,-116
1767174701.9432385,-3,-2,-113
1767174701.9532382,-7,-2,-116
1767174701.9632382,1,0,-118
1767174701.9732382,0,2,-108
1767174701.9832382,1,2,-110
1767174701.9932382,2,1,-118
1767174702.0032382,0,1,-126
1767174702.0132382,0,0,-125
1767174702.0232382,1,-2,-115
1767174702.0332382,4,0,-110
1767174702.0432382,0,0,-112
1767174702.0532382,4,-2,-114
1767174702.063238,2,-2,-121
1767174702.073238,0,-1,-126
1767174702.083238,-2,-1,-125
1767174702.093238,-3,0,-129
1767174702.103238,-5,0,-128
1767174702.113238,-7,-1,-123
1767174702.123238,-4,-5,-130
1767174702.133238,-1,-6,-129
1767174702.143238,-2,-3,-128
1767174702.153238,-4,-3,-125
1767174702.163238,-5,0,-122
1767174702.173238,-5,0,-126
1767174702.1832385,-2,1,-126
1767174702.1932385,2,3,-128
1767174702.2032382,-4,2,-124
1767174702.2132382,-7,3,-130
1767174702.2232382,-7,5,-131
1767174702.2332382,-9,2,-134
1767174702.2432382,-5,5,-136
1767174702.2532382,-10,6,-132
1767174702.2632382,-7,3,-137
1767174702.2732382,0,2,-133
1767174702.2832382,-2,1,-128
1767174702.2932382,-1,-1,-129
1767174702.3032382,0,0,-127
1767174702.313238,-2,0,-127
1767174702.323238,-7,2,-131
1767174702.333238,-6,0,-130
1767174702.343238,-3,-1,-128
1767174702.353238,-1,1,-120
1767174702.363238,0,1,-121
1767174702.373238,0,2,-127
1767174702.383238,4,1,-126
1767174702.393238,0,2,-130
1767174702.403238,-4,2,-121
1767174702.413238,-7,3,-121
1767174702.423238,-8,0,-121
1767174702.4332385,-5,0,-126
1767174702.4432385,-5,-1,-132
1767174702.4532382,-5,2,-137
1767174702.4632382,-3,0,-140
1767174702.4732382,-5,3,-133
1767174702.4832382,-4,4,-131
1767174702.4932382,0,2,-129
1767174702.5032382,-2,-1,-128
1767174702.5132382,6,-4,-127
1767174702.5232382,1,1,-125
1767174702.5332382,2,-1,-129
1767174702.5432382,1,-3,-124
1767174702.5532382,0,-3,-122
1767174702.563238,1,1,-123
1767174702.573238,-3,3,-120
1767174702.583238,-2,4,-123
1767174702.593238,-1,5,-126
1767174702.603238,-2,3,-126
1767174702.613238,1,4,-134
1767174702.623238,2,5,-136
1767174702.633238,3,3,-129
1767174702.643238,3,3,-120
1767174702.653238,-2,3,-117
1767174702.663238,0,0,-125
1767174702.673238,0,2,-124
1767174702.6832385,-5,5,-127
1767174702.6932385,-2,7,-129
1767174702.7032382,-1,1,-133
1767174702.7132382,-1,1,-121
1767174702.7232382,0,0,-112
1767174702.7332382,-2,0,-111
1767174702.7432382,-5,0,-111
1767174702.7532382,-3,0,-117
1767174702.7632382,-2,-4,-122
1767174702.7732382,0,-3,-122
1767174702.7832382,-3,-6,-122
1767174702.7932382,-1,-6,-123
1767174702.8032382,0,-4,-119
1767174702.813238,-2,-4,-119
1767174702.823238,0,-7,-116
1767174702.833238,-1,-7,-117
1767174702.843238,2,-7,-115
1767174702.853238,2,-4,-125
1767174702.863238,1,-4,-128
1767174702.873238,5,-7,-124
1767174702.883238,3,-7,-125
1767174702.893238,3,-4,-126
1767174702.903238,2,-4,-116
1767174702.913238,4,-3,-116
1767174702.923238,7,-5,-120
1767174702.9332385,5,-6,-123
1767174702.9432385,3,-5,-123
1767174702.9532382,1,-5,-122
1767174702.9632382,1,-4,-121
1767174702.9732382,-3,-1,-121
1767174702.9832382,-3,4,-121
1767174702.9932382,-4,6,-118
1767174703.0032382,-5,1,-119
1767174703.0132382,-3,3,-116
1767174703.0232382,0,-1,-116
1767174703.0332382,1,-2,-121
1767174703.0432382,1,-3,-126
1767174703.0532382,-2,-1,-120
1767174703.063238,-1,-8,-126
1767174703.073238,-1,-6,-121
1767174703.083238,0,-6,-122
1767174703.093238,0,-6,-120
1767174703.103238,3,-5,-118
1767174703.113238,6,-4,-120
1767174703.123238,3,-3,-117
1767174703.133238,8,-4,-118
1767174703.143238,7,-2,-113
1767174703.153238,10,-6,-116
1767174703.163238,11,-9,-113
1767174703.173238,11,-8,-110
1767174703.1832385,9,-3,-108
1767174703.1932385,10,-4,-111
1767174703.2032382,2,-5,-114
1767174703.2132382,1,0,-116
1767174703.2232382,-3,4,-121
1767174703.2332382,-3,1,-127
1767174703.2432382,-5,-2,-125
1767174703.2532382,-4,-4,-130
1767174703.2632382,-9,-6,-127
1767174703.2732382,-10,-5,-134
1767174703.2832382,-7,-3,-126
1767174703.2932382,-5,-4,-129
1767174703.3032382,-4,-4,-126
1767174703.313238,-3,-2,-123
1767174703.323238,-4,0,-122
1767174703.333238,-4,-3,-118
1767174703.343238,-7,-8,-121
1767174703.353238,-7,-6,-122
1767174703.363238,-5,0,-129
1767174703.373238,-8,-1,-125
1767174703.383238,-7,-1,-123
1767174703.393238,-5,0,-120
1767174703.403238,-5,3,-118
1767174703.413238,-11,4,-123
1767174703.423238,-7,9,-116
1767174703.4332385,-11,6,-116
1767174703.4432385,-11,4,-122
1767174703.4532382,-6,1,-122
1767174703.4632382,-6,-1,-122
1767174703.4732382,-11,-2,-122
1767174703.4832382,-10,-7,-123
1767174703.4932382,-7,-5,-122
1767174703.5032382,-3,-2,-116
1767174703.5132382,-5,0,-114
1767174703.5232382,0,2,-120
1767174703.5332382,4,-2,-114
1767174703.5432382,6,-5,-114
1767174703.5532382,3,-7,-115
1767174703.563238,2,-7,-117
1767174703.573238,8,-7,-112
1767174703.583238,8,-7,-117
1767174703.593238,7,-6,-113
1767174703.603238,4,-5,-109
1767174703.613238,-2,-1,-115
1767174703.623238,-2,-2,-114
1767174703.633238,0,-5,-119
1767174703.643238,-1,-6,-123
1767174703.653238,1,-4,-125
1767174703.663238,5,-5,-125
1767174703.673238,4,-9,-128
1767174703.6832385,3,-5,-134
1767174703.6932385,7,-6,-132
1767174703.7032382,7,-4,-128
1767174703.7132382,6,0,-126
1767174703.7232382,6,0,-120
1767174703.7332382,2,-4,-123
1767174703.7432382,0,-7,-123
1767174703.7532382,0,-4,-123
1767174703.7632382,1,-2,-128
1767174703.7732382,2,-1,-130
1767174703.7832382,-1,0,-129
1767174703.7932382,-6,-3,-130
1767174703.814238,-5,-7,-120
1767174703.823238,-2,-2,-119
1767174703.833238,0,-1,-117
1767174703.843238,-7,0,-122
1767174703.853238,-6,-1,-122
1767174703.863238,0,-5,-127
1767174703.873238,0,-6,-129
1767174703.883238,0,-2,-126
1767174703.893238,0,-1,-127
1767174703.903238,-3,-1,-121
1767174703.913238,-3,2,-121
1767174703.923238,-4,6,-116
1767174703.9332385,-4,3,-118
1767174703.9432385,-2,0,-124
1767174703.9532382,-2,2,-130
1767174703.9642382,-6,3,-126
1767174703.9732382,-3,5,-120
1767174703.984238,-3,3,-122
1767174703.994238,-1,4,-123
1767174704.004238,-1,6,-121
1767174704.014238,-1,4,-124
1767174704.024238,-7,0,-125
1767174704.034238,-11,1,-131
1767174704.044238,-8,1,-135
1767174704.054238,-6,1,-132
1767174704.0652382,-7,0,-126
1767174704.074238,-4,0,-131
1767174704.084238,-5,0,-127
1767174704.094238,-6,-3,-122
1767174704.1042385,-5,-2,-113
1767174704.1142385,-4,4,-114
1767174704.1242385,-4,4,-111
1767174704.1342382,0,7,-114
1767174704.1442382,0,4,-116
1767174704.1542382,-3,3,-110
1767174704.1642382,0,1,-116
1767174704.1742382,3,-2,-122
1767174704.1842382,1,-2,-116
1767174704.1942382,-2,1,-121
1767174704.2042382,-3,5,-120
1767174704.2142382,-6,6,-127
1767174704.2242382,-6,2,-123
1767174704.234238,-9,2,-123
1767174704.244238,-3,-2,-124
1767174704.254238,-4,-4,-123
1767174704.264238,-5,-5,-125
1767174704.274238,-6,-7,-125
1767174704.284238,-6,-4,-123
1767174704.294238,-7,-3,-126
1767174704.304238,-4,-1,-130
1767174704.314238,-1,0,-135
1767174704.324238,0,-3,-137
1767174704.334238,0,-2,-133
1767174704.344238,1,0,-143
1767174704.3542385,0,-4,-146
1767174704.3642385,-3,-6,-135
1767174704.3742385,-4,-5,-127
1767174704.3842382,2,-5,-125
1767174704.3942382,1,0,-124
1767174704.4042382,0,-1,-121
1767174704.4142382,3,2,-119
1767174704.4242382,0,1,-118
1767174704.4342382,-2,3,-120
1767174704.4442382,0,0,-117
1767174704.4542382,2,-3,-117
1767174704.4642382,2,0,-114
1767174704.4742382,3,2,-110
1767174704.484238,0,0,-111
1767174704.494238,2,2,-120
1767174704.504238,1,3,-128
1767174704.514238,4,2,-125
1767174704.524238,4,2,-122
1767174704.534238,1,2,-123
1767174704.544238,-4,4,-123
1767174704.554238,-6,6,-125
1767174704.564238,-9,4,-121
1767174704.574238,-11,4,-121
1767174704.584238,-13,5,-127
1767174704.594238,-12,9,-127
1767174704.6042385,-10,8,-130
1767174704.6142385,-8,5,-128
1767174704.6242385,-9,6,-134
1767174704.6342382,-7,0,-138
1767174704.6442382,-5,2,-134
1767174704.6542382,-9,-1,-130
1767174704.6642382,-10,0,-129
1767174704.6742382,-14,-1,-128
1767174704.6842382,-16,-3,-127
1767174704.6942382,-14,-5,-119
1767174704.7042382,-14,-6,-123
1767174704.7142382,-10,-6,-123
1767174704.7242382,-6,-7,-126
1767174704.734238,-5,-9,-123
1767174704.744238,-1,-9,-120
1767174704.754238,-3,-10,-120
1767174704.764238,0,-8,-125
1767174704.774238,0,-10,-121
1767174704.784238,0,-13,-121
1767174704.794238,-3,-9,-117
1767174704.804238,-6,-6,-116
1767174704.814238,-8,-5,-113
1767174704.824238,-2,-6,-114
1767174704.834238,0,-9,-114
1767174704.844238,2,-9,-118
1767174704.8542385,-3,-8,-113
1767174704.8642385,-5,-7,-113
1767174704.8742385,-5,-7,-113
1767174704.8842382,-5,-5,-115
1767174704.8942382,-6,-3,-121
1767174704.9042382,-5,0,-119
1767174704.9142382,-1,0,-121
1767174704.9242382,0,0,-111
1767174704.9342382,0,-2,-117
1767174704.9442382,2,-2,-119
1767174704.9542382,0,-1,-123
1767174704.9642382,0,-2,-123
1767174704.9742382,-1,0,-120
1767174704.984238,0,1,-119
1767174704.994238,0,0,-120
1767174705.004238,2,1,-117
1767174705.014238,0,2,-117
1767174705.024238,4,2,-109
1767174705.034238,2,0,-114
1767174705.044238,4,-1,-124
1767174705.054238,4,1,-122
1767174705.064238,4,5,-115
1767174705.074238,-1,1,-115
1767174705.084238,-4,3,-117
1767174705.094238,-3,2,-111
1767174705.1042385,-2,5,-107
1767174705.1142385,-1,8,-106
1767174705.1242385,-2,6,-114
1767174705.1342382,-3,5,-111
1767174705.1442382,-7,1,-115
1767174705.1542382,-5,0,-109
1767174705.1642382,-3,0,-115
1767174705.1742382,-1,0,-115
1767174705.1842382,2,3,-116
1767174705.1942382,2,4,-118
1767174705.2042382,2,7,-113
1767174705.2142382,0,4,-114
1767174705.2242382,1,2,-121
1767174705.234238,1,3,-119
1767174705.244238,2,5,-112
1767174705.254238,-1,3,-123
1767174705.264238,-1,1,-121
1767174705.274238,5,1,-118
1767174705.284238,6,1,-122
1767174705.294238,5,1,-128
1767174705.304238,2,0,-124
1767174705.314238,5,0,-124
1767174705.324238,1,-3,-123
1767174705.334238,3,0,-121
1767174705.344238,8,2,-124
1767174705.3542385,11,4,-123
1767174705.3642385,4,6,-125
1767174705.3742385,4,1,-127
1767174705.3842382,-2,1,-123
1767174705.3942382,-4,1,-122
1767174705.4042382,-2,-1,-121
1767174705.4142382,-2,1,-120
1767174705.4242382,-1,0,-121
1767174705.4342382,-3,0,-123
1767174705.4442382,-2,2,-122
1767174705.4542382,-2,-1,-127
1767174705.4642382,0,-2,-122
1767174705.4742382,4,-1,-118
1767174705.484238,6,-2,-121
1767174705.494238,9,-1,-119
1767174705.504238,2,0,-120
1767174705.514238,0,0,-115
1767174705.524238,1,4,-113
1767174705.534238,-2,6,-114
1767174705.544238,-3,4,-119
1767174705.554238,0,6,-116
1767174705.564238,6,2,-116
1767174705.574238,11,-2,-116
1767174705.584238,12,0,-115
1767174705.594238,7,3,-119
1767174705.6042385,4,0,-115
1767174705.6142385,-2,0,-118
1767174705.6242385,-3,0,-118
1767174705.6342382,-2,-1,-117
1767174705.6442382,-4,-1,-121
1767174705.6542382,-2,-1,-124
1767174705.6642382,2,-1,-126
1767174705.6742382,2,4,-119
1767174705.6842382,2,1,-117
1767174705.6942382,4,0,-122
1767174705.7042382,6,-5,-117
1767174705.7142382,7,-7,-113
1767174705.7242382,7,-9,-111
1767174705.734238,0,-7,-118
1767174705.744238,0,-5,-123
1767174705.754238,-2,-8,-128
1767174705.764238,0,-5,-128
1767174705.774238,0,-4,-127
1767174705.784238,3,-4,-123
1767174705.794238,0,-1,-126
1767174705.804238,-5,-1,-127
1767174705.814238,-10,-4,-125
1767174705.824238,-7,-1,-122
1767174705.834238,-7,3,-116
1767174705.844238,-3,1,-115
1767174705.8542385,0,1,-108
1767174705.8642385,1,1,-109
1767174705.8742385,3,3,-118
1767174705.8842382,0,4,-119
1767174705.8942382,-4,2,-119
1767174705.9042382,-4,1,-125
1767174705.9142382,-4,5,-124
1767174705.9242382,-3,3,-123
1767174705.9342382,3,4,-118
1767174705.9442382,3,2,-117
1767174705.9542382,2,0,-120
1767174705.9642382,1,-1,-124
1767174705.9742382,1,2,-130
1767174705.984238,2,0,-131
1767174705.994238,4,-1,-121
1767174706.004238,4,-4,-114
1767174706.014238,8,-3,-108
1767174706.024238,5,-2,-101
1767174706.034238,3,-3,-107
1767174706.044238,4,-3,-121
1767174706.054238,4,-1,-116
1767174706.064238,1,-3,-116
1767174706.074238,2,-4,-118
1767174706.084238,3,-2,-118
1767174706.094238,1,-8,-119
1767174706.1042385,0,-9,-123
1767174706.1142385,0,-13,-117
1767174706.1242385,-2,-10,-109
1767174706.1342382,-2,-13,-112
1767174706.1442382,-3,-13,-113
1767174706.1542382,-1,-12,-119
1767174706.1642382,2,-3,-123
1767174706.1742382,1,-4,-120
1767174706.1842382,3,-2,-122
1767174706.1942382,4,-5,-118
1767174706.2042382,-3,-7,-119
1767174706.2142382,-5,-5,-117
1767174706.2242382,-6,-1,-113
1767174706.234238,-7,0,-114
1767174706.244238,-4,0,-119
1767174706.254238,-4,2,-116
1767174706.264238,-6,0,-116
1767174706.274238,-8,2,-117
1767174706.284238,-4,3,-121
1767174706.294238,-2,0,-117
1767174706.304238,-1,-1,-118
1767174706.314238,0,-1,-119
1767174706.324238,0,-3,-117
1767174706.334238,2,1,-114
1767174706.344238,0,1,-118
1767174706.3542385,0,2,-123
1767174706.3642385,-2,1,-131
1767174706.3742385,-2,2,-129
1767174706.3842382,-1,0,-131
1767174706.3942382,0,0,-135
1767174706.4042382,0,-2,-136
1767174706.4142382,-1,-2,-136
1767174706.4242382,0,-1,-134
1767174706.4342382,2,0,-131
1767174706.4442382,6,-3,-133
1767174706.4542382,7,-6,-127
1767174706.4642382,6,-5,-127
1767174706.4742382,4,-4,-130
1767174706.484238,2,-2,-127
1767174706.494238,1,1,-126
1767174706.504238,6,2,-128
1767174706.514238,1,2,-128
1767174706.524238,2,4,-127
1767174706.534238,8,3,-129
1767174706.544238,8,3,-134
1767174706.554238,5,4,-129
1767174706.564238,3,0,-131
1767174706.5752382,-1,-4,-127
1767174706.5852382,-4,0,-129
1767174706.594238,-2,-1,-126
1767174706.6052382,0,-5,-125
1767174706.6142385,1,-7,-134
1767174706.6242385,2,-6,-130
1767174706.6342382,3,-3,-125
1767174706.6452382,1,-5,-117
1767174706.6552382,3,-3,-115
1767174706.665238,2,-1,-118
1767174706.675238,0,1,-111
1767174706.685238,0,2,-110
1767174706.695238,0,2,-113
1767174706.705238,2,5,-111
1767174706.715238,7,7,-113
1767174706.725238,5,5,-114
1767174706.735238,3,3,-122
1767174706.745238,1,3,-123
1767174706.755238,2,2,-118
1767174706.765238,7,0,-121
1767174706.775238,6,0,-119
1767174706.7852385,7,2,-116
1767174706.7952385,4,-1,-118
1767174706.8052382,6,2,-121
1767174706.8152382,6,0,-120
1767174706.8252382,6,0,-123
1767174706.8352382,13,-2,-125
1767174706.8452382,10,-3,-117
1767174706.8552382,12,-3,-112
1767174706.8652382,8,0,-115
1767174706.8752382,5,1,-111
1767174706.8852382,5,4,-108
1767174706.8952382,2,3,-116
1767174706.9052382,0,3,-116
1767174706.915238,-1,3,-118
1767174706.925238,0,-1,-127
1767174706.935238,-1,0,-123
1767174706.945238,2,0,-121
1767174706.955238,2,-2,-116
1767174706.965238,0,0,-117
1767174706.975238,1,0,-115
1767174706.985238,2,-1,-117
1767174706.995238,5,-1,-122
1767174707.005238,2,-2,-122
1767174707.015238,4,-4,-124
1767174707.025238,3,-6,-123
1767174707.0352385,2,-7,-122
1767174707.0452385,-2,-6,-128
1767174707.0552382,-9,-6,-137
1767174707.0652382,-5,-7,-138
1767174707.0752382,-2,-6,-135
1767174707.0852382,-2,-5,-129
1767174707.0952382,-1,-6,-125
1767174707.1052382,0,-10,-126
1767174707.1152382,0,-5,-128
1767174707.1252382,1,-3,-125
1767174707.1352382,2,-5,-118
1767174707.1452382,1,-3,-118
1767174707.1552382,2,0,-116
1767174707.165238,0,0,-120
1767174707.175238,3,0,-125
1767174707.185238,4,0,-124
1767174707.195238,-3,0,-120
1767174707.205238,-1,-4,-116
1767174707.215238,0,-3,-117
1767174707.225238,0,-5,-112
1767174707.235238,1,-5,-115
1767174707.245238,6,-4,-117
1767174707.255238,0,-4,-117
1767174707.265238,-2,0,-122
1767174707.275238,-2,0,-122
1767174707.2852385,-4,-1,-121
1767174707.2952385,0,2,-121
1767174707.3052382,2,0,-121
1767174707.3152382,1,0,-124
1767174707.3252382,1,-2,-122
1767174707.3352382,3,-4,-122
1767174707.3452382,8,-2,-116
1767174707.3552382,7,4,-115
1767174707.3652382,7,6,-114
1767174707.3752382,5,0,-115
1767174707.3852382,2,-1,-115
1767174707.3952382,-1,-2,-118
1767174707.4052382,-1,-5,-119
1767174707.415238,-1,-4,-118
1767174707.425238,-1,-3,-119
1767174707.435238,-2,-3,-117
1767174707.445238,0,-4,-117
1767174707.455238,-1,-3,-118
1767174707.465238,0,-4,-117
1767174707.475238,0,0,-114
1767174707.485238,-3,0,-115
1767174707.495238,-3,0,-114
1767174707.505238,-3,-1,-117
1767174707.515238,-4,0,-113
1767174707.525238,1,0,-112
1767174707.5352385,0,-1,-114
1767174707.5452385,-1,0,-115
1767174707.5552382,-5,-1,-120
1767174707.5652382,-6,0,-125
1767174707.5752382,-6,1,-126
1767174707.5852382,-5,1,-118
1767174707.5952382,-8,2,-119
1767174707.6052382,-6,0,-123
1767174707.6152382,-5,0,-127
1767174707.6252382,-1,-2,-126
1767174707.6352382,-3,-2,-127
1767174707.6452382,-2,-3,-136
1767174707.6552382,0,-2,-135
1767174707.665238,-3,0,-130
1767174707.675238,-4,-3,-130
1767174707.685238,-3,-3,-133
1767174707.695238,-3,-1,-131
1767174707.705238,-1,-2,-134
1767174707.715238,0,-4,-134
1767174707.725238,1,-7,-130
1767174707.735238,0,-8,-125
1767174707.745238,0,-4,-122
1767174707.755238,-1,-4,-122
1767174707.765238,-4,-2,-128
1767174707.775238,-1,0,-130
1767174707.7852385,-2,0,-126
1767174707.7952385,0,3,-122
1767174707.8052382,-1,2,-120
1767174707.8152382,0,2,-120
1767174707.8252382,4,3,-124
1767174707.8352382,6,4,-124
1767174707.8452382,9,4,-122
1767174707.8552382,5,0,-121
1767174707.8652382,6,2,-120
1767174707.8752382,4,3,-124
1767174707.8852382,2,4,-126
1767174707.8952382,3,1,-125
1767174707.9052382,2,-4,-126
1767174707.915238,0,-1,-125
1767174707.925238,1,-2,-123
1767174707.935238,-2,1,-122
1767174707.945238,-1,-2,-128
1767174707.955238,1,-3,-125
1767174707.965238,6,-4,-123
1767174707.975238,7,-2,-131
1767174707.985238,5,1,-127
1767174707.995238,5,0,-127
1767174708.005238,1,0,-119
1767174708.015238,-4,-2,-123
1767174708.025238,-3,0,-128
1767174708.0352385,0,0,-125
1767174708.0452385,0,0,-122
1767174708.0552382,-2,0,-118
1767174708.0652382,0,-2,-118
1767174708.0752382,0,-2,-121
1767174708.0852382,1,-1,-127
1767174708.0952382,0,-1,-134
1767174708.1052382,-1,0,-135
1767174708.1152382,0,-5,-132
1767174708.1252382,-2,-5,-131
1767174708.1352382,-5,-2,-126
1767174708.1452382,-4,-2,-124
1767174708.1552382,-8,-3,-130
1767174708.165238,-8,0,-119
1767174708.175238,-8,-2,-116
1767174708.185238,-11,0,-120
1767174708.195238,-4,0,-112
1767174708.205238,2,3,-111
1767174708.215238,0,2,-113
1767174708.225238,1,2,-117
1767174708.235238,2,-2,-121
1767174708.245238,1,-5,-117
1767174708.255238,-1,0,-114
1767174708.265238,0,0,-110
1767174708.275238,-2,-4,-114
1767174708.2852385,-1,-3,-115
1767174708.2952385,-5,1,-116
1767174708.3052382,-7,0,-118
1767174708.3152382,-4,0,-123
1767174708.3252382,-5,1,-122
1767174708.3352382,2,-3,-124
1767174708.3452382,1,-6,-121
1767174708.3552382,2,-4,-117
1767174708.3652382,0,-4,-123
1767174708.3752382,1,-4,-125
1767174708.3852382,-1,-1,-119
1767174708.3952382,-4,0,-118
1767174708.4052382,-5,3,-118
1767174708.415238,-1,4,-118
1767174708.425238,-1,5,-111
1767174708.435238,2,0,-118
1767174708.445238,-2,-3,-117
1767174708.455238,-3,-3,-121
1767174708.465238,-2,-8,-124
1767174708.475238,1,-9,-130
1767174708.485238,3,-10,-132
1767174708.495238,0,-8,-131
1767174708.505238,1,-9,-126
1767174708.515238,1,-6,-122
1767174708.525238,5,0,-115
1767174708.5352385,8,2,-113
1767174708.5452385,4,3,-115
1767174708.5552382,4,6,-125
1767174708.5652382,6,2,-127
1767174708.5752382,0,1,-120
1767174708.5852382,-3,1,-126
1767174708.5952382,-8,0,-124
1767174708.6052382,-9,0,-117
1767174708.6152382,-7,2,-113
1767174708.6252382,-5,-3,-112
1767174708.6352382,-3,0,-112
1767174708.6452382,-4,3,-117
1767174708.6552382,-3,1,-127
1767174708.665238,-4,3,-133
1767174708.675238,-9,4,-140
1767174708.685238,-8,-1,-138
1767174708.695238,-2,-3,-140
1767174708.705238,-2,-3,-138
1767174708.715238,1,-2,-133
1767174708.725238,3,-2,-133
1767174708.735238,0,2,-135
1767174708.745238,0,1,-131
1767174708.755238,1,-2,-129
1767174708.765238,-2,-5,-126
1767174708.775238,-6,-7,-126
1767174708.7852385,-4,-8,-127
1767174708.7952385,-5,-5,-127
1767174708.8052382,-3,-6,-122
1767174708.827238,-6,-5,-125
1767174708.8352382,-7,0,-124
1767174708.8452382,-5,0,-128
1767174708.8552382,-1,-4,-117
1767174708.8652382,0,-6,-117
1767174708.8752382,-2,-9,-123
1767174708.8852382,-1,-5,-123
1767174708.8952382,-6,-9,-120
1767174708.9052382,-7,-8,-119
1767174708.915238,-6,-8,-121
1767174708.925238,-2,-1,-123
1767174708.935238,-1,0,-119
1767174708.945238,-1,4,-125
1767174708.955238,-2,4,-128
1767174708.965238,-3,4,-125
1767174708.975238,-3,5,-125
1767174708.985238,-7,8,-114
1767174708.995238,-5,6,-110
1767174709.005238,-3,2,-118
1767174709.015238,-4,-2,-112
1767174709.025238,-2,-1,-118
1767174709.0352385,0,-3,-114
1767174709.0452385,-1,-3,-121
1767174709.0552382,0,-1,-124
1767174709.0652382,1,2,-123
1767174709.0752382,0,4,-120
1767174709.0852382,-1,1,-121
1767174709.0952382,-3,0,-119
1767174709.1052382,-1,-4,-114
1767174709.1152382,-5,-2,-116
1767174709.1252382,-7,-5,-115
1767174709.1352382,0,-2,-116
1767174709.1452382,0,0,-116
1767174709.1552382,0,-2,-114
1767174709.165238,-3,-3,-119
1767174709.175238,-1,-7,-124
1767174709.185238,0,-6,-125
1767174709.195238,0,-5,-131
1767174709.205238,-6,-1,-132
1767174709.215238,-3,0,-132
1767174709.225238,-3,0,-130
1767174709.235238,-7,-2,-126
1767174709.245238,-8,-10,-123
1767174709.2562382,-5,-6,-127
1767174709.265238,-5,-4,-129
1767174709.275238,0,-4,-129
1767174709.2852385,0,-7,-122
1767174709.2952385,0,-8,-121
1767174709.3062382,0,-6,-121
1767174709.3162382,2,-3,-119
1767174709.3262382,3,-1,-114
1767174709.336238,1,0,-115
1767174709.346238,3,0,-114
1767174709.356238,6,0,-116
1767174709.366238,9,-2,-112
1767174709.376238,5,0,-114
1767174709.386238,0,2,-114
1767174709.396238,0,4,-123
1767174709.406238,0,0,-124
1767174709.416238,-3,-2,-124
1767174709.426238,-8,-3,-117
1767174709.436238,-6,-3,-118
1767174709.446238,-5,0,-121
1767174709.4562385,0,4,-126
1767174709.4662385,0,4,-117
1767174709.4762385,-2,0,-122
1767174709.4862382,-2,-2,-126
1767174709.4962382,0,-4,-128
1767174709.5062382,2,-8,-124
1767174709.5162382,0,-7,-120
1767174709.5262382,1,-5,-126
1767174709.5362382,0,-7,-130
1767174709.5462382,-4,-6,-132
1767174709.5562382,-3,-5,-128
1767174709.5662382,1,-8,-124
1767174709.5762382,3,0,-120
1767174709.586238,3,0,-121
1767174709.596238,0,-2,-122
1767174709.606238,0,-1,-122
1767174709.616238,-4,0,-118
1767174709.626238,-7,-2,-121
1767174709.636238,-5,-4,-122
1767174709.646238,-3,-7,-122
1767174709.656238,-4,-5,-125
1767174709.666238,-1,-3,-124
1767174709.676238,2,0,-126
1767174709.686238,2,0,-131
1767174709.696238,1,-2,-127
1767174709.7062385,2,-4,-124
1767174709.7162385,4,-3,-125
1767174709.7262385,3,-4,-131
1767174709.7362382,1,-4,-128
1767174709.7462382,0,-3,-129
1767174709.7562382,0,-5,-126
1767174709.7662382,-4,-6,-120
1767174709.7762382,-2,-5,-124
1767174709.7862382,-2,-5,-116
1767174709.7962382,0,-6,-119
1767174709.8062382,1,-3,-122
1767174709.8162382,2,-3,-128
1767174709.8262382,3,-1,-132
1767174709.836238,3,0,-134
1767174709.846238,1,-1,-133
1767174709.856238,0,-4,-127
1767174709.866238,-2,-5,-124
1767174709.876238,0,-5,-119
1767174709.886238,0,-4,-115
1767174709.896238,2,1,-117
1767174709.906238,0,3,-121
1767174709.916238,-2,0,-124
1767174709.926238,-4,0,-128
1767174709.936238,-2,1,-131
1767174709.946238,-3,-2,-129
1767174709.9562385,0,-4,-126
1767174709.9662385,1,-6,-124
1767174709.9762385,-2,-10,-126
1767174709.9862382,2,-5,-122
1767174709.9962382,3,-1,-131
1767174710.0062382,-2,0,-127
1767174710.0162382,-4,-3,-128
1767174710.0262382,0,-3,-121
1767174710.0362382,0,0,-116
1767174710.0462382,2,0,-117
1767174710.0562382,1,-3,-118
1767174710.0662382,-3,-2,-115
1767174710.0762382,-6,0,-119
1767174710.086238,-3,-2,-118
1767174710.096238,-2,0,-114
1767174710.106238,-1,0,-113
1767174710.116238,-4,0,-112
1767174710.126238,-3,-4,-120
1767174710.136238,-1,-2,-116
1767174710.146238,0,-4,-120
1767174710.156238,5,-2,-118
1767174710.166238,0,-1,-122
1767174710.176238,0,-3,-124
1767174710.186238,-1,-3,-127
1767174710.196238,-3,-2,-128
1767174710.2062385,-7,0,-128
1767174710.2162385,-6,-1,-130
1767174710.2262385,-2,1,-133
1767174710.2362382,-4,1,-139
1767174710.2462382,-1,0,-130
1767174710.2562382,-2,2,-128
1767174710.2662382,3,0,-125
1767174710.2762382,1,0,-119
1767174710.2862382,0,1,-119
1767174710.2962382,1,2,-119
1767174710.3062382,4,1,-122
1767174710.3162382,9,-1,-124
1767174710.3262382,8,-3,-129
1767174710.336238,-1,-1,-125
1767174710.346238,0,1,-125
1767174710.356238,0,1,-122
1767174710.366238,7,3,-127
1767174710.376238,7,8,-132
1767174710.386238,1,9,-138
1767174710.396238,0,8,-132
1767174710.406238,2,11,-135
1767174710.416238,3,6,-129
1767174710.426238,0,5,-128
1767174710.436238,0,4,-125
1767174710.446238,3,2,-121
1767174710.4562385,5,5,-127
1767174710.4662385,8,2,-123
1767174710.4762385,8,2,-125
1767174710.4862382,4,4,-115
1767174710.4962382,0,1,-115
1767174710.5062382,1,1,-116
1767174710.5162382,5,0,-118
1767174710.5262382,7,0,-116
1767174710.5362382,2,0,-117
1767174710.5462382,1,-1,-115
1767174710.5562382,-1,-4,-116
1767174710.5662382,-1,-7,-117
1767174710.5762382,-5,-7,-117
1767174710.586238,-10,-10,-114
1767174710.596238,-8,-8,-108
1767174710.606238,-6,-5,-109
1767174710.616238,-6,-2,-113
1767174710.626238,-1,1,-115
1767174710.636238,3,-4,-120
1767174710.646238,0,-3,-123
1767174710.656238,-2,-3,-120
1767174710.666238,-3,0,-118
1767174710.676238,-2,0,-110
1767174710.686238,-1,3,-110
1767174710.696238,-1,0,-118
1767174710.7062385,0,-4,-124
1767174710.7162385,0,-3,-122
1767174710.7262385,0,-1,-123
1767174710.7362382,1,-3,-124
1767174710.7462382,2,-2,-128
1767174710.7562382,1,0,-127
1767174710.7662382,6,-2,-128
1767174710.7762382,5,-1,-125
1767174710.7862382,7,0,-128
1767174710.7962382,3,-3,-130
1767174710.8062382,0,-4,-130
1767174710.8162382,0,-1,-127
1767174710.8262382,3,0,-122
1767174710.836238,4,0,-125
1767174710.846238,2,1,-126
1767174710.856238,0,5,-132
1767174710.866238,2,5,-133
1767174710.876238,3,1,-129
1767174710.886238,1,3,-127
1767174710.896238,2,2,-126
1767174710.906238,0,-1,-128
1767174710.916238,-1,0,-127
1767174710.926238,1,2,-127
1767174710.936238,5,-3,-124
1767174710.946238,3,-2,-126
1767174710.9562385,1,-1,-125
1767174710.9662385,0,-2,-122
1767174710.9762385,-2,0,-117
1767174710.9862382,-3,-2,-121
1767174710.9962382,-5,-3,-122
1767174711.0062382,-4,-4,-124
1767174711.0162382,-2,-6,-126
1767174711.0262382,-1,-8,-126
1767174711.0362382,-2,-6,-122
1767174711.0462382,0,0,-122
1767174711.0562382,2,0,-122
1767174711.0662382,2,-2,-119
1767174711.0762382,5,0,-118
1767174711.086238,-1,2,-115
1767174711.096238,0,2,-114
1767174711.106238,3,1,-115
1767174711.116238,5,-1,-114
1767174711.126238,3,-3,-116
1767174711.136238,1,-1,-113
1767174711.146238,0,-2,-114
1767174711.156238,-2,-5,-111
1767174711.166238,-2,-4,-112
1767174711.176238,0,-4,-112
1767174711.186238,0,0,-121
1767174711.196238,-6,0,-119
1767174711.2062385,-10,-7,-117
1767174711.2162385,-12,-4,-122
1767174711.2262385,-15,-5,-125
1767174711.2362382,-12,-8,-123
1767174711.2462382,-8,-7,-122
1767174711.2562382,-6,-6,-124
1767174711.2662382,-4,-6,-127
1767174711.2762382,-1,-6,-130
1767174711.2862382,0,-5,-130
1767174711.2962382,1,-5,-139
1767174711.3062382,6,-2,-134
1767174711.3162382,4,2,-129
1767174711.3262382,2,3,-127
1767174711.336238,1,2,-130
1767174711.346238,2,2,-134
1767174711.356238,2,0,-135
1767174711.366238,1,-1,-125
1767174711.376238,0,-2,-126
1767174711.386238,1,0,-131
1767174711.396238,1,2,-130
1767174711.406238,1,0,-128
1767174711.416238,4,-3,-122
1767174711.426238,7,-4,-122
1767174711.436238,1,-5,-124
1767174711.446238,0,-1,-125
1767174711.4562385,0,0,-123
1767174711.4662385,-1,0,-124
1767174711.4762385,0,-2,-125
1767174711.4862382,-3,-4,-125
1767174711.4962382,-3,-5,-127
1767174711.5062382,0,-3,-128
1767174711.5162382,5,-1,-126
1767174711.5262382,5,-2,-125
1767174711.5362382,4,-2,-131
1767174711.5462382,1,-2,-124
1767174711.5562382,2,0,-125
1767174711.5662382,3,0,-126
1767174711.5762382,-1,0,-124
1767174711.586238,-6,-2,-117
1767174711.596238,-4,0,-114
1767174711.606238,0,-1,-117
1767174711.616238,0,-2,-122
1767174711.626238,0,-3,-117
1767174711.636238,0,-4,-115
1767174711.646238,5,-5,-115
1767174711.656238,1,-3,-116
1767174711.666238,0,-2,-116
1767174711.676238,1,-2,-115
1767174711.686238,1,-5,-115
1767174711.696238,2,-5,-123
1767174711.7062385,2,-2,-126
1767174711.7162385,7,-2,-130
1767174711.7262385,4,-5,-134
1767174711.7362382,7,-4,-137
1767174711.7462382,6,-2,-131
1767174711.7562382,5,-7,-120
1767174711.7662382,0,-12,-123
1767174711.7762382,6,-8,-125
1767174711.7862382,1,-5,-122
1767174711.7962382,5,-5,-126
1767174711.8062382,6,1,-132
1767174711.8162382,6,0,-132
1767174711.8262382,4,-1,-129
1767174711.836238,-2,-2,-128
1767174711.846238,-4,-3,-132
1767174711.856238,0,-1,-128
1767174711.866238,-2,-3,-129
1767174711.876238,-2,-3,-134
1767174711.886238,0,-2,-124
1767174711.8972385,-2,0,-122
1767174711.906238,-1,0,-121
1767174711.916238,-2,0,-123
1767174711.9272382,0,0,-125
1767174711.9372382,-1,0,-126
1767174711.9472382,2,-1,-122
1767174711.9572382,1,-2,-125
1767174711.9672382,1,-2,-124
1767174711.9772382,0,0,-130
1767174711.9872382,2,-1,-130
1767174711.9972382,0,-1,-122
1767174712.007238,0,1,-121
1767174712.017238,0,-5,-126
1767174712.027238,0,-2,-126
1767174712.037238,-3,-3,-129
1767174712.047238,-4,-6,-130
1767174712.057238,-2,-6,-132
1767174712.067238,0,-3,-132
1767174712.077238,2,-4,-134
1767174712.087238,1,-2,-135
1767174712.097238,-1,-5,-122
1767174712.107238,-4,-6,-125
1767174712.117238,-2,-4,-126
1767174712.127238,-3,-2,-121
1767174712.1372385,-5,-3,-119
1767174712.1472385,-2,-2,-128
1767174712.1572382,-3,1,-128
1767174712.1672382,-3,1,-123
1767174712.1772382,-4,1,-119
1767174712.1872382,-4,0,-123
1767174712.1972382,-4,-4,-124
1767174712.2072382,-5,0,-126
1767174712.2172382,2,0,-128
1767174712.2272382,0,1,-126
1767174712.2372382,-3,0,-126
1767174712.2472382,-7,-2,-123
1767174712.257238,-10,2,-123
1767174712.267238,-6,1,-119
1767174712.277238,-8,4,-119
1767174712.287238,-7,7,-122
1767174712.297238,-5,3,-121
1767174712.307238,-6,1,-117
1767174712.317238,-5,0,-117
1767174712.327238,-5,1,-124
1767174712.337238,-2,0,-122
1767174712.347238,0,-1,-125
1767174712.357238,-1,-3,-125
1767174712.367238,-3,-2,-128
1767174712.377238,-4,0,-130
1767174712.3872385,-5,0,-132
1767174712.3972385,-5,-3,-136
1767174712.4072382,-3,-3,-136
1767174712.4172382,-1,0,-131
1767174712.4272382,-4,2,-131
1767174712.4372382,-2,3,-131
1767174712.4472382,-3,0,-135
1767174712.4572382,-1,0,-137
1767174712.4672382,-3,1,-137
1767174712.4772382,1,5,-132
1767174712.4872382,1,2,-127
1767174712.4972382,3,0,-124
1767174712.507238,0,0,-125
1767174712.517238,-3,0,-126
1767174712.527238,1,4,-131
1767174712.537238,0,7,-128
1767174712.547238,-1,4,-128
1767174712.557238,2,5,-124
1767174712.567238,3,5,-118
1767174712.577238,0,1,-119
1767174712.587238,-6,1,-123
1767174712.597238,-6,4,-129
1767174712.607238,-8,2,-133
1767174712.617238,-3,5,-128
1767174712.627238,-6,5,-131
1767174712.6372385,-9,0,-128
1767174712.6472385,-8,1,-128
1767174712.6572382,-3,2,-131
1767174712.6672382,-4,1,-130
1767174712.6772382,-6,0,-132
1767174712.6872382,-7,-2,-130
1767174712.6972382,-8,-1,-131
1767174712.7072382,-9,-3,-127
1767174712.7172382,-5,-6,-127
1767174712.7272382,3,-4,-126
1767174712.7372382,-1,-2,-123
1767174712.7472382,-2,-2,-121
1767174712.757238,2,-2,-116
1767174712.767238,4,-2,-116
1767174712.777238,5,-3,-118
1767174712.787238,4,-9,-116
1767174712.797238,-2,-10,-114
1767174712.807238,-6,-11,-109
1767174712.817238,-7,-8,-111
1767174712.827238,-10,-6,-114
1767174712.837238,-12,-1,-120
1767174712.847238,-14,-2,-116
1767174712.857238,-13,-1,-121
1767174712.867238,-7,1,-119
1767174712.877238,-3,-1,-107
1767174712.8872385,-2,0,-106
1767174712.8972385,-2,-1,-113
1767174712.9072382,-4,-2,-118
1767174712.9172382,-5,0,-117
1767174712.9272382,-1,-1,-115
1767174712.9372382,-2,0,-113
1767174712.9472382,-3,1,-115
1767174712.9572382,-6,2,-118
1767174712.9672382,-4,-2,-114
1767174712.9772382,-7,-1,-119
1767174712.9872382,-7,0,-117
1767174712.9972382,-6,0,-120
1767174713.007238,-5,0,-128
1767174713.017238,-9,-1,-132
1767174713.027238,-8,-1,-130
1767174713.037238,-10,-1,-125
1767174713.047238,-7,3,-124
1767174713.057238,-7,7,-128
1767174713.067238,-3,6,-127
1767174713.077238,0,3,-126
1767174713.087238,3,3,-127
1767174713.097238,6,3,-124
1767174713.107238,7,2,-123
1767174713.117238,8,-4,-122
1767174713.127238,6,-3,-125
1767174713.1372385,5,-5,-124
1767174713.1472385,2,-5,-122
1767174713.1572382,1,-3,-118
1767174713.1672382,2,-4,-119
1767174713.1772382,3,-6,-119
1767174713.1872382,0,-7,-114
1767174713.1972382,0,-6,-119
1767174713.2072382,1,-2,-118
1767174713.2172382,1,0,-118
1767174713.2272382,-2,-1,-120
1767174713.2372382,-2,-1,-119
1767174713.2472382,-3,-1,-123
1767174713.257238,-2,-3,-126
1767174713.267238,0,0,-125
1767174713.277238,1,4,-125
1767174713.287238,6,5,-132
1767174713.297238,8,5,-127
1767174713.307238,8,3,-118
1767174713.317238,2,5,-118
1767174713.327238,1,4,-124
1767174713.337238,5,3,-129
1767174713.347238,7,3,-126
1767174713.357238,3,1,-125
1767174713.367238,0,1,-121
1767174713.377238,-4,1,-122
1767174713.3872385,-1,2,-125
1767174713.3972385,-2,-1,-117
1767174713.4072382,0,-3,-117
1767174713.4172382,0,-6,-117
1767174713.4272382,-1,-10,-114
1767174713.4372382,2,-9,-116
1767174713.4472382,4,-8,-120
1767174713.4572382,0,-6,-122
1767174713.4672382,2,-5,-125
1767174713.4772382,7,-5,-133
1767174713.4872382,6,-2,-134
1767174713.4972382,5,-5,-137
1767174713.507238,4,-5,-133
1767174713.517238,1,-7,-130
1767174713.527238,0,-5,-132
1767174713.537238,0,-7,-122
1767174713.547238,0,-2,-128
1767174713.557238,2,0,-133
1767174713.567238,0,3,-129
1767174713.577238,0,5,-122
1767174713.587238,-2,7,-121
1767174713.597238,-2,4,-125
1767174713.607238,-1,5,-122
1767174713.617238,-2,4,-125
1767174713.627238,-3,3,-126
1767174713.6372385,-5,4,-134
1767174713.6472385,0,3,-129
1767174713.6572382,-2,1,-122
1767174713.6672382,1,0,-125
1767174713.6772382,2,1,-124
1767174713.6872382,0,0,-119
1767174713.6972382,-1,-1,-116
1767174713.7072382,-1,0,-115
1767174713.7172382,0,-2,-115
1767174713.7272382,-1,-2,-112
1767174713.7372382,-4,1,-111
1767174713.7472382,-7,-3,-115
1767174713.757238,-5,-6,-118
1767174713.767238,-9,-8,-122
1767174713.777238,-7,-8,-125
1767174713.787238,-6,-9,-125
1767174713.797238,-5,-6,-125
1767174713.807238,0,-3,-127
1767174713.817238,0,-7,-124
1767174713.8382382,5,-1,-119
1767174713.847238,0,2,-122
1767174713.857238,0,0,-130
1767174713.867238,-3,0,-125
1767174713.877238,0,0,-117
1767174713.8872385,-1,1,-117
1767174713.8972385,-1,2,-113
1767174713.9072382,-3,3,-117
1767174713.9172382,-9,4,-112
1767174713.9272382,-5,4,-113
1767174713.9372382,-3,1,-113
1767174713.9472382,3,-3,-116
1767174713.9572382,5,0,-118
1767174713.9672382,5,-3,-117
1767174713.9772382,3,-2,-120
1767174713.9872382,-1,-3,-123
1767174713.9972382,-2,-5,-124
1767174714.007238,-1,-3,-124
1767174714.017238,-3,1,-127
1767174714.027238,-5,2,-128
1767174714.037238,0,4,-126
1767174714.047238,0,0,-130
1767174714.057238,-1,1,-124
1767174714.067238,1,1,-118
1767174714.077238,4,2,-119
1767174714.087238,4,1,-121
1767174714.097238,4,2,-116
1767174714.107238,3,1,-120
1767174714.117238,4,1,-121
1767174714.127238,5,-1,-122
1767174714.1372385,0,-1,-123
1767174714.1472385,0,-4,-123
1767174714.1572382,4,0,-117
1767174714.1672382,0,0,-116
1767174714.1772382,1,1,-114
1767174714.1872382,3,-2,-102
1767174714.1972382,1,1,-107
1767174714.2072382,0,-3,-110
1767174714.2172382,5,-1,-114
1767174714.2272382,5,0,-118
1767174714.2372382,3,2,-120
1767174714.2472382,0,0,-120
1767174714.257238,0,-1,-124
1767174714.267238,2,0,-122
1767174714.277238,3,0,-117
1767174714.287238,2,2,-122
1767174714.297238,6,5,-128
1767174714.307238,8,5,-128
1767174714.317238,6,1,-131
1767174714.327238,1,-4,-129
1767174714.337238,5,-7,-130
1767174714.347238,1,-10,-124
1767174714.357238,0,-7,-123
1767174714.367238,0,-9,-122
1767174714.377238,2,-3,-116
1767174714.3872385,3,-1,-121
1767174714.3972385,0,-3,-117
1767174714.4072382,0,-1,-116
1767174714.4172382,1,1,-122
1767174714.4272382,1,-3,-122
1767174714.4372382,4,-3,-120
1767174714.4472382,3,-5,-121
1767174714.4572382,7,-4,-127
1767174714.4672382,7,-4,-124
1767174714.4772382,3,-2,-125
1767174714.4872382,0,-1,-122
1767174714.4972382,0,0,-123
1767174714.507238,1,2,-119
1767174714.517238,2,2,-115
1767174714.527238,5,-1,-113
1767174714.537238,0,0,-114
1767174714.547238,-1,2,-119
1767174714.557238,0,0,-118
1767174714.567238,-4,1,-120
1767174714.577238,-7,0,-119
1767174714.587238,-6,10,-120
1767174714.597238,-4,6,-125
1767174714.607238,0,3,-126
1767174714.6182382,1,-1,-127
1767174714.6282382,1,1,-131
1767174714.6382382,3,2,-129
1767174714.6482382,4,-2,-127
1767174714.6582382,5,-5,-124
1767174714.6682382,0,-6,-126
1767174714.6782382,-3,-6,-135
1767174714.688238,-5,-7,-132
1767174714.698238,-6,-4,-128
1767174714.708238,-3,-5,-124
1767174714.718238,-2,-7,-126
1767174714.728238,-4,-6,-132
1767174714.738238,-1,-2,-131
1767174714.748238,0,-3,-128
1767174714.758238,-1,-6,-129
1767174714.768238,0,-4,-127
1767174714.778238,-4,-2,-127
1767174714.788238,-5,-3,-122
1767174714.798238,-3,-4,-123
1767174714.8082385,-4,-6,-122
1767174714.8182385,-2,-6,-128
1767174714.8282382,-5,-7,-125
1767174714.8382382,-5,-5,-126
1767174714.8482382,-6,-2,-124
1767174714.8582382,-7,0,-119
1767174714.8682382,-6,0,-116
1767174714.8782382,-5,0,-112
1767174714.8882382,-5,-1,-117
1767174714.8982382,-4,0,-121
1767174714.9082382,-2,1,-127
1767174714.9182382,-3,2,-126
1767174714.9282382,-9,1,-127
1767174714.938238,-7,2,-124
1767174714.948238,-2,-2,-126
1767174714.958238,0,0,-126
1767174714.968238,3,2,-124
1767174714.978238,3,1,-128
1767174714.988238,0,-2,-128
1767174714.998238,0,-3,-118
1767174715.008238,1,-1,-114
1767174715.018238,5,0,-116
1767174715.028238,6,2,-123
1767174715.038238,11,6,-124
1767174715.048238,11,4,-128
1767174715.0582385,6,-3,-127
1767174715.0682385,5,-4,-118
1767174715.0782382,0,-4,-120
1767174715.0882382,0,-7,-113
1767174715.0982382,0,-7,-111
1767174715.1082382,3,-10,-109
1767174715.1182382,4,-7,-117
1767174715.1282382,4,-4,-114
1767174715.1382382,3,-7,-112
1767174715.1482382,3,-6,-116
1767174715.1582382,0,-9,-123
1767174715.1682382,-2,-9,-124
1767174715.1782382,0,-5,-123
1767174715.188238,1,-6,-121
1767174715.198238,2,-4,-111
1767174715.208238,2,-3,-112
1767174715.218238,2,-3,-114
1767174715.228238,0,-3,-116
1767174715.238238,-2,0,-109
1767174715.248238,0,0,-111
1767174715.258238,1,2,-109
1767174715.268238,0,1,-107
1767174715.278238,-2,-1,-114
1767174715.288238,-1,-2,-115
1767174715.298238,0,-3,-114
1767174715.3082385,1,-2,-117
1767174715.3182385,3,-1,-109
1767174715.3282382,2,0,-104
1767174715.3382382,-1,1,-110
1767174715.3482382,-3,1,-104
1767174715.3582382,-4,2,-95
1767174715.3682382,-4,2,-98
1767174715.3782382,-1,5,-99
1767174715.3882382,0,3,-106
1767174715.3982382,3,1,-105
1767174715.4082382,7,0,-103
1767174715.4182382,6,-3,-104
1767174715.4282382,5,-5,-101
1767174715.438238,7,-5,-103
1767174715.448238,7,-4,-103
1767174715.458238,6,-3,-112
1767174715.468238,12,-3,-115
1767174715.478238,9,-4,-116
1767174715.488238,5,-3,-119
1767174715.498238,3,-3,-119
1767174715.508238,2,0,-115
1767174715.518238,2,0,-111
1767174715.528238,0,2,-115
1767174715.538238,0,0,-117
1767174715.548238,2,-2,-120
1767174715.5582385,-4,-6,-115
1767174715.5682385,-5,-7,-112
1767174715.5782382,-4,-4,-124
1767174715.5882382,-5,0,-121
1767174715.5982382,-5,1,-129
1767174715.6082382,-7,-2,-126
1767174715.6182382,-4,0,-124
1767174715.6282382,-3,0,-120
1767174715.6382382,-4,-1,-124
1767174715.6482382,-8,0,-123
1767174715.6582382,-12,0,-119
1767174715.6682382,-8,-1,-122
1767174715.6782382,-11,0,-123
1767174715.688238,-6,-1,-123
1767174715.698238,-9,-3,-123
1767174715.708238,-5,-5,-118
1767174715.718238,-4,-1,-111
1767174715.728238,-7,-1,-110
1767174715.7392385,-2,-3,-114
1767174715.748238,-1,-6,-107
1767174715.758238,-2,-5,-106
1767174715.768238,-4,-4,-108
1767174715.778238,-8,-2,-114
1767174715.788238,-6,-1,-117
1767174715.798238,-8,-5,-120
1767174715.8082385,-7,-6,-117
1767174715.8182385,-6,-7,-120
1767174715.8282382,-6,-5,-118
1767174715.8382382,-3,-6,-120
1767174715.8482382,-5,-5,-117
1767174715.8582382,-3,-3,-117
1767174715.8682382,-5,-4,-115
1767174715.8782382,-5,-8,-114
1767174715.8882382,-4,-4,-109
1767174715.8982382,-4,-6,-110
1767174715.9082382,-1,-4,-108
1767174715.9182382,1,-6,-114
1767174715.9282382,-1,-3,-115
1767174715.938238,-3,-3,-120
1767174715.948238,-3,-5,-123
1767174715.958238,-1,-1,-122
1767174715.968238,0,-3,-123
1767174715.978238,1,-7,-118
1767174715.988238,2,-7,-117
1767174715.998238,-4,-2,-122
1767174716.008238,-4,-1,-117
1767174716.018238,0,-2,-115
1767174716.028238,-1,0,-116
1767174716.038238,-5,0,-122
1767174716.048238,-4,2,-122
1767174716.0582385,-2,1,-115
1767174716.0682385,0,-1,-109
1767174716.0782382,-4,2,-110
1767174716.0882382,-4,1,-119
1767174716.0982382,2,0,-123
1767174716.1082382,4,-1,-125
1767174716.1182382,0,1,-125
1767174716.1282382,0,1,-123
1767174716.1382382,0,-1,-126
1767174716.1482382,0,-5,-126
1767174716.1582382,0,-8,-122
1767174716.1682382,-3,-8,-121
1767174716.1782382,1,-3,-125
1767174716.188238,3,-4,-126
1767174716.198238,0,-1,-136
1767174716.208238,-1,1,-130
1767174716.218238,-4,0,-131
1767174716.228238,-1,1,-127
1767174716.238238,-1,4,-129
1767174716.248238,-1,2,-122
1767174716.258238,-3,0,-112
1767174716.268238,-6,-3,-111
1767174716.278238,-8,-4,-119
1767174716.288238,-9,-4,-123
1767174716.298238,-2,-4,-121
1767174716.3082385,-3,1,-122
1767174716.3182385,-5,2,-126
1767174716.3282382,-7,1,-121
1767174716.3382382,-7,0,-118
1767174716.3482382,-4,-1,-115
1767174716.3582382,-3,0,-116
1767174716.3682382,-1,0,-117
1767174716.3782382,-5,0,-117
1767174716.3882382,-4,-2,-121
1767174716.3982382,-1,-1,-126
1767174716.4082382,-4,0,-123
1767174716.4182382,-4,0,-125
1767174716.4282382,1,2,-123
1767174716.438238,4,5,-131
1767174716.448238,2,9,-132
1767174716.458238,1,8,-126
1767174716.468238,-2,9,-123
1767174716.478238,-9,9,-123
1767174716.488238,-8,7,-128
1767174716.498238,-6,7,-132
1767174716.508238,-8,2,-129
1767174716.518238,-3,0,-126
1767174716.528238,-1,5,-125
1767174716.538238,0,1,-124
1767174716.548238,0,3,-123
1767174716.5582385,-2,0,-125
1767174716.5682385,0,-3,-122
1767174716.5782382,1,-2,-123
1767174716.5882382,3,-3,-127
1767174716.5982382,4,-3,-129
1767174716.6082382,-2,-1,-130
1767174716.6182382,2,2,-126
1767174716.6282382,4,3,-126
1767174716.6382382,1,1,-127
1767174716.6482382,-2,2,-125
1767174716.6582382,-2,2,-125
1767174716.6682382,-5,0,-118
1767174716.6782382,-1,-2,-119
1767174716.688238,-4,-3,-121
1767174716.698238,-8,-1,-119
1767174716.708238,-5,0,-120
1767174716.718238,-4,0,-123
1767174716.728238,-3,0,-126
1767174716.738238,-2,0,-123
1767174716.748238,0,-3,-122
1767174716.758238,0,-4,-126
1767174716.768238,-1,-3,-123
1767174716.778238,-4,-4,-123
1767174716.788238,-6,-1,-115
1767174716.798238,-7,-8,-111
1767174716.8082385,-3,-3,-122
1767174716.8182385,-1,-2,-123
1767174716.8282382,0,-5,-122
1767174716.8382382,-3,-5,-123
1767174716.8482382,0,-2,-123
1767174716.8582382,0,0,-129
1767174716.8682382,0,6,-133
1767174716.8782382,-1,4,-132
1767174716.8882382,-2,2,-125
1767174716.8982382,-2,0,-118
1767174716.9082382,0,1,-118
1767174716.9182382,5,0,-117
1767174716.9282382,4,3,-118
1767174716.938238,3,4,-119
1767174716.948238,1,2,-119
1767174716.958238,2,-2,-124
1767174716.968238,0,-2,-121
1767174716.978238,-3,-1,-121
1767174716.988238,-3,-2,-120
1767174716.998238,-1,1,-126
1767174717.008238,-5,0,-134
1767174717.018238,-8,0,-128
1767174717.028238,-6,-6,-133
1767174717.038238,-2,-6,-135
1767174717.048238,-3,-8,-140
1767174717.0582385,0,-6,-137
1767174717.0682385,-1,-6,-136
1767174717.0782382,-5,-7,-130
1767174717.0882382,-4,-5,-133
1767174717.0982382,0,-4,-136
1767174717.1082382,-3,-5,-129
1767174717.1182382,-3,-7,-118
1767174717.1282382,1,-5,-116
1767174717.1382382,0,-4,-120
1767174717.1482382,0,-3,-115
1767174717.1582382,1,-2,-121
1767174717.1682382,0,0,-120
1767174717.1782382,3,0,-119
1767174717.188238,5,-3,-111
1767174717.198238,5,-4,-111
1767174717.208238,4,-6,-109
1767174717.218238,3,-7,-117
1767174717.228238,0,0,-115
1767174717.2392385,1,3,-110
1767174717.248238,-2,1,-106
1767174717.2592382,-2,0,-112
1767174717.2692382,2,-2,-120
1767174717.2792382,0,-5,-134
1767174717.2892382,0,-1,-130
1767174717.2992382,-1,-4,-126
1767174717.3092382,-2,-8,-123
1767174717.3192382,-2,-7,-116
1767174717.3292382,-1,-10,-117
1767174717.3392382,-2,-3,-121
1767174717.3492382,2,1,-123
1767174717.359238,1,0,-116
1767174717.369238,1,0,-122
1767174717.379238,0,0,-122
1767174717.389238,2,0,-124
1767174717.399238,1,-1,-121
1767174717.409238,0,0,-123
1767174717.419238,2,4,-122
1767174717.429238,-1,5,-120
1767174717.439238,-4,9,-122
1767174717.449238,0,10,-131
1767174717.459238,1,7,-131
1767174717.469238,3,4,-129
1767174717.4792385,8,0,-127
1767174717.4892385,1,1,-125
1767174717.4992385,6,2,-123
1767174717.5092382,5,2,-121
1767174717.5192382,1,4,-123
1767174717.5292382,4,1,-128
1767174717.5392382,3,-2,-128
1767174717.5492382,6,-3,-129
1767174717.5592382,5,-5,-128
1767174717.5692382,3,-3,-131
1767174717.5792382,2,-6,-133
1767174717.5892382,6,-5,-139
1767174717.5992382,3,0,-140
1767174717.609238,4,2,-142
1767174717.619238,5,4,-137
1767174717.629238,8,3,-133
1767174717.639238,7,0,-130
1767174717.649238,7,0,-117
1767174717.659238,7,0,-112
1767174717.669238,8,-1,-110
1767174717.679238,10,0,-120
1767174717.689238,11,-4,-122
1767174717.699238,6,-4,-117
1767174717.709238,7,-4,-120
1767174717.719238,2,-7,-120
1767174717.7292385,0,-4,-119
1767174717.7392385,3,-7,-121
1767174717.7492385,3,-7,-130
1767174717.7592382,6,-5,-126
1767174717.7692382,4,-2,-124
1767174717.7792382,0,0,-120
1767174717.7892382,0,0,-123
1767174717.7992382,2,-6,-122
1767174717.8092382,3,-3,-130
1767174717.8192382,0,-2,-132
1767174717.8292382,0,-1,-128
1767174717.8392382,0,-1,-127
1767174717.8492382,2,0,-122
1767174717.859238,1,-4,-118
1767174717.869238,1,0,-120
1767174717.879238,1,-1,-123
1767174717.889238,0,0,-121
1767174717.899238,-4,0,-120
1767174717.909238,-3,1,-120
1767174717.919238,-1,0,-123
1767174717.929238,0,0,-116
1767174717.939238,-2,1,-121
1767174717.949238,0,2,-117
1767174717.959238,7,0,-117
1767174717.969238,5,0,-116
1767174717.9792385,3,1,-122
1767174717.9892385,2,1,-125
1767174717.9992385,-1,0,-123
1767174718.0092382,2,4,-124
1767174718.0192382,3,1,-127
1767174718.0292382,2,3,-123
1767174718.0392382,0,0,-124
1767174718.0492382,0,3,-127
1767174718.0592382,2,0,-125
1767174718.0692382,-2,-1,-126
1767174718.0792382,0,-2,-130
1767174718.0892382,-1,-4,-129
1767174718.0992382,0,-1,-126
1767174718.109238,1,2,-131
1767174718.119238,7,2,-127
1767174718.129238,4,0,-127
1767174718.139238,7,-2,-118
1767174718.149238,9,0,-114
1767174718.159238,7,-1,-114
1767174718.169238,3,0,-118
1767174718.179238,-1,-2,-116
1767174718.189238,-1,-6,-117
1767174718.199238,-1,-2,-119
1767174718.209238,-4,0,-118
1767174718.219238,-5,-1,-118
1767174718.2292385,-8,0,-120
1767174718.2392385,-7,-1,-122
1767174718.2492385,-5,-1,-125
1767174718.2592382,-2,-3,-129
1767174718.2692382,-2,0,-125
1767174718.2792382,-2,0,-121
1767174718.2892382,0,1,-116
1767174718.2992382,0,0,-123
1767174718.3092382,0,0,-123
1767174718.3192382,0,3,-121
1767174718.3292382,0,2,-117
1767174718.3392382,-1,0,-116
1767174718.3492382,-8,3,-113
1767174718.359238,-5,0,-117
1767174718.369238,-1,1,-121
1767174718.379238,-1,5,-123
1767174718.389238,2,5,-118
1767174718.399238,4,3,-114
1767174718.409238,5,0,-115
1767174718.419238,5,0,-117
1767174718.429238,4,-2,-119
1767174718.439238,2,0,-122
1767174718.449238,3,0,-129
1767174718.459238,-2,0,-123
1767174718.469238,-6,-1,-127
1767174718.4792385,-10,-3,-133
1767174718.4892385,-9,1,-129
1767174718.4992385,-10,1,-129
1767174718.5092382,-7,3,-125
1767174718.5192382,-6,1,-117
1767174718.5292382,-14,0,-116
1767174718.5392382,-14,2,-130
1767174718.5492382,-18,4,-130
1767174718.5592382,-13,3,-129
1767174718.5692382,-14,2,-131
1767174718.5792382,-10,2,-130
1767174718.5892382,-5,2,-129
1767174718.5992382,-3,0,-127
1767174718.609238,-4,4,-119
1767174718.619238,0,7,-118
1767174718.629238,0,2,-117
1767174718.639238,3,0,-119
1767174718.649238,-1,-1,-120
1767174718.659238,0,0,-114
1767174718.669238,1,2,-118
1767174718.679238,6,0,-125
1767174718.689238,0,-4,-121
1767174718.699238,0,-4,-114
1767174718.709238,0,-5,-116
1767174718.719238,7,-2,-111
1767174718.7292385,5,-6,-110
1767174718.7392385,-1,-8,-111
1767174718.7492385,0,-6,-117
1767174718.7592382,-5,-2,-120
1767174718.7692382,-7,-3,-119
1767174718.7792382,-2,0,-116
1767174718.7892382,-2,1,-110
1767174718.7992382,-4,-1,-118
1767174718.8092382,-9,-2,-118
1767174718.8192382,-6,-4,-117
1767174718.8292382,-5,-4,-115
1767174718.8512385,-6,0,-118
1767174718.859238,-3,1,-116
1767174718.869238,-2,0,-123
1767174718.879238,-6,-2,-122
1767174718.889238,-4,-1,-122
1767174718.899238,-3,-1,-117
1767174718.909238,-2,-3,-118
1767174718.919238,0,-2,-123
1767174718.929238,0,1,-127
1767174718.939238,4,-1,-131
1767174718.949238,6,-3,-135
1767174718.959238,1,-5,-138
1767174718.969238,-1,2,-133
1767174718.9792385,-2,0,-133
1767174718.9892385,-3,0,-134
1767174718.9992385,-4,-2,-133
1767174719.0092382,-2,0,-134
1767174719.0192382,-1,4,-131
1767174719.0292382,-1,3,-125
1767174719.0392382,0,3,-123
1767174719.0492382,0,0,-122
1767174719.0592382,1,1,-122
1767174719.0692382,5,1,-124
1767174719.0792382,10,3,-117
1767174719.0892382,5,-1,-116
1767174719.0992382,7,-5,-114
1767174719.109238,5,-3,-113
1767174719.119238,0,0,-111
1767174719.129238,0,2,-115
1767174719.139238,-5,0,-121
1767174719.149238,-4,-4,-122
1767174719.159238,-4,-4,-123
1767174719.169238,-2,-3,-124
1767174719.179238,0,-2,-123
1767174719.189238,1,-3,-124
1767174719.199238,3,-5,-120
1767174719.209238,4,-9,-121
1767174719.219238,1,-8,-128
1767174719.2292385,1,-5,-123
1767174719.2392385,3,-8,-121
1767174719.2492385,3,-8,-126
1767174719.2592382,2,-5,-126
1767174719.2692382,2,0,-123
1767174719.2792382,0,0,-127
1767174719.2892382,-2,-5,-126
1767174719.2992382,-1,-3,-120
1767174719.3092382,-4,-4,-126
1767174719.3192382,-1,0,-128
1767174719.3292382,-4,-1,-127
1767174719.3392382,-3,-2,-116
1767174719.3492382,1,-4,-111
1767174719.359238,5,-7,-118
1767174719.369238,2,-5,-123
1767174719.379238,1,-2,-129
1767174719.389238,0,-2,-128
1767174719.399238,-4,-1,-125
1767174719.409238,-3,0,-131
1767174719.419238,0,3,-126
1767174719.429238,2,6,-121
1767174719.439238,-2,6,-127
1767174719.449238,2,6,-123
1767174719.459238,3,1,-115
1767174719.469238,0,0,-109
1767174719.4792385,-4,0,-109
1767174719.4892385,-2,-2,-115
1767174719.4992385,-1,-3,-114
1767174719.5092382,-4,-4,-115
1767174719.5192382,-7,-5,-118
1767174719.5292382,-8,-5,-118
1767174719.5392382,-7,-8,-126
1767174719.5492382,-3,-4,-122
1767174719.5592382,-1,-3,-116
1767174719.5692382,-2,-4,-123
1767174719.5792382,3,-2,-126
1767174719.5892382,1,3,-126
1767174719.5992382,-2,1,-114
1767174719.609238,-7,0,-112
1767174719.619238,-11,1,-112
1767174719.629238,-10,4,-122
1767174719.639238,-7,3,-120
1767174719.649238,-4,1,-120
1767174719.659238,-1,0,-124
1767174719.669238,4,0,-122
1767174719.679238,7,-2,-114
1767174719.689238,7,-6,-121
1767174719.699238,4,-10,-132
1767174719.709238,-1,-7,-133
1767174719.719238,0,-2,-135
1767174719.7292385,0,0,-131
1767174719.7392385,3,2,-127
1767174719.7492385,-2,3,-129
1767174719.7592382,-4,5,-130
1767174719.7692382,-3,0,-128
1767174719.7792382,-5,0,-131
1767174719.7892382,-6,0,-131
1767174719.7992382,-4,2,-135
1767174719.8092382,-3,0,-125
1767174719.8192382,0,0,-122
1767174719.8292382,0,5,-115
1767174719.8392382,5,4,-117
1767174719.8492382,2,4,-122
1767174719.859238,6,5,-124
1767174719.869238,7,3,-116
1767174719.879238,7,4,-113
1767174719.889238,5,6,-119
1767174719.899238,5,4,-122
1767174719.909238,4,2,-125
1767174719.919238,3,3,-123
1767174719.9302382,2,0,-120
1767174719.939238,2,0,-119
1767174719.9502382,4,1,-115
1767174719.9602382,7,1,-113
1767174719.9702382,4,2,-113
1767174719.9802382,0,3,-123
1767174719.9902382,1,0,-124
1767174720.0002382,2,0,-126
1767174720.0102382,-1,0,-123
1767174720.0202382,-5,-2,-117
1767174720.0302382,-1,-1,-111
1767174720.040238,-1,0,-111
1767174720.050238,0,0,-117
1767174720.060238,-1,-2,-118
1767174720.070238,5,-4,-120
1767174720.080238,1,0,-127
1767174720.090238,0,3,-125
1767174720.100238,-2,1,-121
1767174720.110238,0,2,-124
1767174720.120238,-1,4,-121
1767174720.130238,-1,2,-122
1767174720.140238,-3,3,-128
1767174720.150238,-2,1,-124
1767174720.1602385,4,1,-124
1767174720.1702385,1,1,-125
1767174720.1802382,-1,2,-123
1767174720.1902382,-4,1,-128
1767174720.2002382,-1,1,-129
1767174720.2102382,0,-1,-130
1767174720.2202382,0,2,-122
1767174720.2302382,0,1,-127
1767174720.2402382,-1,0,-126
1767174720.2502382,0,0,-121
1767174720.2602382,0,-2,-123
1767174720.2702382,1,-4,-116
1767174720.2802382,2,-5,-123
1767174720.290238,-2,-8,-124
1767174720.300238,0,-8,-123
1767174720.310238,0,-8,-126
1767174720.320238,-1,-6,-122
1767174720.330238,-5,-5,-122
1767174720.340238,-3,-5,-124
1767174720.350238,-1,-2,-121
1767174720.360238,1,-3,-124
1767174720.370238,2,-6,-125
1767174720.380238,1,-7,-119
1767174720.390238,1,-9,-109
1767174720.400238,0,-10,-112
1767174720.4102385,1,-8,-110
1767174720.4202385,2,-5,-111
1767174720.4302382,0,-3,-116
1767174720.4402382,-1,-1,-123
1767174720.4502382,-3,-2,-126
1767174720.4602382,1,-5,-122
1767174720.4702382,0,-2,-118
1767174720.4802382,1,2,-120
1767174720.4902382,2,0,-115
1767174720.5002382,0,0,-114
1767174720.5102382,-1,0,-111
1767174720.5202382,0,2,-113
1767174720.5302382,0,0,-119
1767174720.540238,1,1,-119
1767174720.550238,4,0,-122
1767174720.560238,2,-3,-119
1767174720.570238,2,-4,-121
1767174720.580238,2,-8,-123
1767174720.590238,3,-4,-124
1767174720.600238,3,-2,-118
1767174720.610238,4,-2,-122
1767174720.620238,3,-3,-123
1767174720.630238,4,-1,-121
1767174720.640238,0,1,-121
1767174720.650238,5,2,-125
1767174720.6602385,7,0,-133
1767174720.6702385,8,-1,-135
1767174720.6802382,10,-2,-130
1767174720.6902382,0,-3,-129
1767174720.7002382,0,-4,-117
1767174720.7102382,0,-3,-118
1767174720.7202382,0,1,-119
1767174720.7302382,-1,3,-116
1767174720.7402382,0,0,-116
1767174720.7502382,3,0,-112
1767174720.7602382,3,-1,-119
1767174720.7702382,7,0,-119
1767174720.7802382,8,0,-116
1767174720.790238,3,-1,-112
1767174720.800238,0,-3,-118
1767174720.810238,-4,-2,-122
1767174720.820238,-6,3,-120
1767174720.830238,-7,2,-125
1767174720.840238,-2,0,-125
1767174720.850238,-2,-3,-123
1767174720.860238,-2,-5,-120
1767174720.870238,2,-5,-118
1767174720.880238,3,0,-119
1767174720.890238,4,2,-120
1767174720.900238,2,1,-118
1767174720.9102385,0,0,-116
1767174720.9202385,0,0,-116
1767174720.9302382,0,1,-120
1767174720.9402382,-2,1,-119
1767174720.9502382,-3,-2,-126
1767174720.9602382,-2,0,-125
1767174720.9702382,0,0,-119
1767174720.9802382,2,2,-117
1767174720.9902382,2,3,-115
1767174721.0002382,2,4,-120
1767174721.0102382,-1,2,-115
1767174721.0202382,2,4,-117
1767174721.0302382,0,4,-124
1767174721.040238,-1,6,-119
1767174721.050238,0,5,-117
1767174721.060238,-2,5,-118
1767174721.070238,-4,1,-121
1767174721.080238,-7,1,-120
1767174721.090238,-5,2,-114
1767174721.100238,-6,3,-117
1767174721.110238,-1,0,-118
1767174721.120238,0,0,-121
1767174721.130238,4,-2,-119
1767174721.140238,-1,0,-119
1767174721.150238,-3,2,-118
1767174721.1602385,-3,3,-127
1767174721.1702385,-3,4,-128
1767174721.1802382,-2,5,-126
1767174721.1902382,-11,3,-116
1767174721.2002382,-10,2,-118
1767174721.2102382,-5,0,-112
1767174721.2202382,-7,-2,-118
1767174721.2302382,-8,-1,-120
1767174721.2402382,-5,-1,-125
1767174721.2502382,-2,-5,-121
1767174721.2602382,-3,-3,-122
1767174721.2702382,-6,-2,-125
1767174721.2802382,-6,-1,-124
1767174721.290238,-5,2,-121
1767174721.300238,-6,2,-125
1767174721.310238,-5,-1,-124
1767174721.320238,-5,-3,-123
1767174721.330238,-2,-1,-124
1767174721.340238,-1,0,-122
1767174721.350238,-1,-2,-121
1767174721.360238,1,0,-120
1767174721.370238,0,0,-120
1767174721.380238,0,3,-114
1767174721.390238,0,0,-115
1767174721.400238,0,-1,-118
1767174721.4102385,0,0,-122
1767174721.4202385,0,3,-121
1767174721.4302382,1,3,-122
1767174721.4402382,0,1,-119
1767174721.4502382,1,-2,-122
1767174721.4602382,0,-2,-127
1767174721.4702382,-2,-1,-131
1767174721.4802382,-2,0,-125
1767174721.4902382,-2,-3,-127
1767174721.5002382,-4,-3,-127
1767174721.5102382,-1,-2,-131
1767174721.5202382,0,-1,-132
1767174721.5302382,0,-2,-128
1767174721.540238,1,1,-122
1767174721.550238,4,0,-120
1767174721.560238,4,3,-120
1767174721.570238,3,3,-118
1767174721.580238,1,1,-117
1767174721.590238,-4,-2,-119
1767174721.600238,-6,-1,-120
1767174721.610238,0,-1,-114
1767174721.620238,4,1,-115
1767174721.630238,7,-3,-116
1767174721.640238,5,-5,-121
1767174721.650238,3,1,-128
1767174721.6602385,3,1,-122
1767174721.6702385,5,3,-119
1767174721.6802382,5,7,-120
1767174721.6902382,5,7,-117
1767174721.7002382,2,3,-119
1767174721.7102382,0,4,-118
1767174721.7202382,-3,4,-128
1767174721.7302382,-5,4,-126
1767174721.7402382,-2,5,-121
1767174721.7502382,0,5,-119
1767174721.7602382,0,2,-121
1767174721.7702382,-4,0,-116
1767174721.7802382,-3,-4,-112
1767174721.790238,-1,-2,-115
1767174721.800238,-1,-5,-120
1767174721.810238,1,-8,-121
1767174721.820238,-5,-11,-125
1767174721.830238,-1,-7,-126
1767174721.840238,4,-6,-129
1767174721.850238,5,-6,-123
1767174721.860238,2,-6,-122
1767174721.870238,0,-8,-123
1767174721.880238,-2,-7,-120
1767174721.890238,1,-9,-121
1767174721.900238,3,-10,-120
1767174721.9102385,5,-7,-122
1767174721.9202385,2,-2,-124
1767174721.9302382,1,0,-119
1767174721.9402382,-2,0,-117
1767174721.9502382,-3,0,-117
1767174721.9602382,0,3,-113
1767174721.9702382,-4,1,-112
1767174721.9802382,-3,3,-113
1767174721.9902382,-2,1,-113
1767174722.0002382,0,0,-111
1767174722.0102382,0,-1,-112
1767174722.0202382,2,0,-116
1767174722.0302382,5,3,-115
1767174722.040238,7,0,-121
1767174722.050238,8,-2,-121
1767174722.060238,5,-5,-125
1767174722.070238,1,-3,-125
1767174722.080238,0,-3,-129
1767174722.090238,0,-4,-123
1767174722.100238,0,-6,-121
1767174722.110238,1,-5,-128
1767174722.120238,0,0,-132
1767174722.130238,0,2,-133
1767174722.140238,-2,3,-127
1767174722.150238,-2,2,-130
1767174722.1602385,-5,1,-134
1767174722.1702385,0,0,-139
1767174722.1802382,3,-1,-135
1767174722.1902382,2,-4,-124
1767174722.2002382,1,-2,-132
1767174722.2102382,7,-6,-126
1767174722.2202382,10,-4,-127
1767174722.2302382,9,-3,-125
1767174722.2402382,7,-2,-122
1767174722.2502382,7,-3,-121
1767174722.2602382,2,-4,-127
1767174722.2702382,1,-4,-128
1767174722.2802382,3,3,-124
1767174722.290238,2,2,-119
1767174722.300238,6,2,-122
1767174722.310238,9,-1,-127
1767174722.320238,10,0,-125
1767174722.330238,10,0,-130
1767174722.340238,8,0,-126
1767174722.350238,5,-2,-130
1767174722.360238,5,-2,-131
1767174722.370238,2,-1,-129
1767174722.380238,3,-4,-131
1767174722.390238,4,-1,-129
1767174722.400238,2,-1,-127
1767174722.4102385,2,-1,-125
1767174722.4202385,1,0,-125
1767174722.4302382,1,3,-122
1767174722.4402382,-2,0,-124
1767174722.4502382,-5,2,-129
1767174722.4602382,-5,0,-125
1767174722.4702382,-5,-3,-123
1767174722.4802382,-6,-2,-127
1767174722.4902382,-3,0,-128
1767174722.5002382,0,2,-129
1767174722.5102382,2,4,-129
1767174722.5202382,2,2,-128
1767174722.531238,0,3,-122
1767174722.540238,-2,3,-119
1767174722.551238,-2,0,-115
1767174722.560238,0,-5,-117
1767174722.571238,1,-3,-118
1767174722.5812385,0,-1,-114
1767174722.5912385,0,3,-120
1767174722.6012385,0,1,-122
1767174722.6112382,0,-1,-122
1767174722.6212382,3,-5,-121
1767174722.6312382,2,-3,-126
1767174722.6412382,3,-2,-131
1767174722.6512382,0,0,-132
1767174722.6612382,-1,-3,-129
1767174722.6712382,1,-3,-122
1767174722.6812382,-1,0,-123
1767174722.6912382,-6,-4,-117
1767174722.7012382,-8,0,-116
1767174722.711238,-4,-2,-119
1767174722.721238,-3,-1,-125
1767174722.731238,-8,-2,-133
1767174722.741238,-7,-5,-136
1767174722.751238,-4,-6,-141
1767174722.761238,-3,-6,-140
1767174722.771238,0,-4,-135
1767174722.781238,1,-3,-135
1767174722.791238,5,-3,-131
1767174722.801238,7,-5,-131
1767174722.811238,7,-5,-124
1767174722.821238,7,-2,-123
1767174722.8312385,2,-6,-121
1767174722.8412385,3,-4,-122
1767174722.8512385,2,0,-120
1767174722.8612382,5,-3,-126
1767174722.8712382,6,-5,-130
1767174722.8812382,3,0,-125
1767174722.8912382,1,3,-119
1767174722.9012382,1,2,-119
1767174722.9112382,2,5,-116
1767174722.9212382,1,6,-117
1767174722.9312382,4,4,-114
1767174722.9412382,4,6,-121
1767174722.9512382,2,6,-115
1767174722.961238,3,1,-118
1767174722.971238,1,-1,-113
1767174722.981238,-3,-4,-117
1767174722.991238,-2,-4,-119
1767174723.001238,-5,-1,-119
1767174723.011238,-3,0,-120
1767174723.021238,-1,2,-120
1767174723.031238,-2,0,-125
1767174723.041238,-1,5,-121
1767174723.051238,-3,7,-121
1767174723.061238,0,5,-120
1767174723.071238,1,5,-122
1767174723.0812385,3,8,-122
1767174723.0912385,8,11,-123
1767174723.1012385,3,10,-121
1767174723.1112382,-5,5,-116
1767174723.1212382,-4,6,-116
1767174723.1312382,0,5,-113
1767174723.1412382,-2,6,-117
1767174723.1512382,-3,3,-120
1767174723.1612382,-6,0,-117
1767174723.1712382,-5,0,-122
1767174723.1812382,-3,-3,-120
1767174723.1912382,0,-8,-123
1767174723.2012382,1,-6,-131
1767174723.211238,0,-7,-132
1767174723.221238,-5,-5,-137
1767174723.231238,-4,-3,-138
1767174723.241238,-5,-1,-133
1767174723.251238,-7,-3,-131
1767174723.261238,-9,-3,-130
1767174723.271238,-5,-6,-123
1767174723.281238,-3,-8,-120
1767174723.291238,-4,-6,-121
1767174723.301238,1,-4,-123
1767174723.311238,-1,-8,-119
1767174723.321238,-1,-5,-120
1767174723.3312385,3,-4,-125
1767174723.3412385,4,-2,-125
1767174723.3512385,5,0,-125
1767174723.3612382,3,0,-126
1767174723.3712382,2,0,-124
1767174723.3812382,7,-1,-126
1767174723.3912382,10,-1,-127
1767174723.4012382,9,-2,-127
1767174723.4112382,4,-3,-125
1767174723.4212382,2,-3,-122
1767174723.4312382,4,-4,-120
1767174723.4412382,-1,-1,-118
1767174723.4512382,0,-1,-108
1767174723.461238,1,-2,-110
1767174723.471238,2,-4,-114
1767174723.481238,0,-5,-117
1767174723.491238,-3,-5,-116
1767174723.501238,-5,-6,-120
1767174723.511238,-4,-5,-124
1767174723.521238,-3,-5,-123
1767174723.531238,-3,-8,-124
1767174723.541238,-1,-9,-121
1767174723.551238,-2,-8,-122
1767174723.561238,-1,-8,-113
1767174723.571238,-4,-8,-114
1767174723.5812385,-1,-2,-117
1767174723.5912385,0,-1,-114
1767174723.6012385,0,2,-113
1767174723.6112382,-2,1,-113
1767174723.6212382,-5,1,-119
1767174723.6312382,-7,0,-114
1767174723.6412382,-6,-4,-105
1767174723.6512382,-3,-5,-109
1767174723.6612382,-9,-8,-111
1767174723.6712382,-1,-3,-117
1767174723.6812382,2,-1,-119
1767174723.6912382,7,0,-119
1767174723.7012382,4,0,-121
1767174723.711238,-3,2,-117
1767174723.721238,-3,3,-112
1767174723.731238,-8,1,-109
1767174723.741238,-8,-3,-106
1767174723.751238,-8,-3,-108
1767174723.761238,-2,0,-109
1767174723.771238,0,0,-114
1767174723.781238,0,3,-119
1767174723.791238,0,-3,-122
1767174723.801238,3,1,-128
1767174723.811238,3,-1,-130
1767174723.821238,2,0,-130
1767174723.8312385,2,0,-129
1767174723.8412385,4,2,-124
1767174723.8622382,6,1,-119
1767174723.8712382,5,-1,-116
1767174723.8812382,7,-3,-119
1767174723.8912382,8,-6,-124
1767174723.9012382,3,-7,-119
1767174723.9112382,7,-6,-120
1767174723.9212382,3,-6,-114
1767174723.9312382,3,-9,-118
1767174723.9412382,3,-8,-123
1767174723.9512382,3,-10,-124
1767174723.961238,0,-6,-119
1767174723.971238,-1,0,-119
1767174723.981238,-4,0,-120
1767174723.991238,-6,1,-119
1767174724.001238,-7,-1,-113
1767174724.011238,-8,-3,-115
1767174724.021238,-11,-2,-121
1767174724.031238,-12,-2,-125
1767174724.041238,-6,-4,-121
1767174724.051238,-9,-3,-127
1767174724.061238,-10,-4,-136
1767174724.071238,-8,-8,-136
1767174724.0812385,-4,-8,-130
1767174724.0912385,-6,-3,-128
1767174724.1012385,-8,0,-128
1767174724.1112382,-4,1,-125
1767174724.1212382,-4,0,-128
1767174724.1312382,-6,0,-125
1767174724.1412382,-3,-4,-128
1767174724.1512382,-5,-3,-121
1767174724.1612382,-7,-4,-118
1767174724.1712382,-5,-1,-120
1767174724.1812382,-3,1,-123
1767174724.1912382,1,4,-127
1767174724.2012382,1,6,-117
1767174724.211238,1,4,-117
1767174724.221238,2,1,-119
1767174724.231238,-1,1,-113
1767174724.241238,-1,0,-111
1767174724.251238,1,0,-113
1767174724.261238,-2,1,-112
1767174724.271238,-2,-2,-118
1767174724.281238,2,-1,-119
1767174724.291238,4,-1,-118
1767174724.301238,3,0,-116
1767174724.311238,0,2,-112
1767174724.321238,-3,6,-111
1767174724.3312385,-1,0,-114
1767174724.3412385,0,-1,-116
1767174724.3512385,1,-1,-122
1767174724.3612382,1,-6,-126
1767174724.3712382,1,-8,-124
1767174724.3812382,1,-5,-126
1767174724.3912382,2,-1,-129
1767174724.4012382,0,-2,-130
1767174724.4112382,-1,0,-130
1767174724.4212382,-1,-5,-133
1767174724.4312382,0,-10,-130
1767174724.4412382,0,-6,-134
1767174724.4512382,2,-8,-133
1767174724.461238,3,-8,-126
1767174724.471238,3,-7,-130
1767174724.481238,1,-3,-122
1767174724.491238,1,-4,-119
1767174724.501238,5,-6,-122
1767174724.511238,3,-5,-121
1767174724.521238,3,-2,-124
1767174724.531238,0,1,-131
1767174724.541238,0,0,-131
1767174724.551238,-4,-7,-124
1767174724.561238,-3,-8,-130
1767174724.571238,-5,-3,-135
1767174724.5812385,-2,-1,-135
1767174724.5912385,-2,0,-133
1767174724.6012385,-2,2,-131
1767174724.6112382,-1,0,-132
1767174724.6212382,-1,-6,-139
1767174724.6312382,0,-4,-140
1767174724.6412382,0,-3,-138
1767174724.6512382,0,-5,-136
1767174724.6612382,-4,-3,-134
1767174724.6712382,0,1,-131
1767174724.6812382,1,2,-131
1767174724.6912382,0,1,-123
1767174724.7012382,-8,2,-126
1767174724.711238,-4,2,-123
1767174724.721238,-4,-1,-121
1767174724.731238,-1,-1,-123
1767174724.741238,0,1,-121
1767174724.751238,1,0,-122
1767174724.761238,4,-3,-117
1767174724.771238,6,-5,-112
1767174724.781238,4,-4,-110
1767174724.791238,3,-5,-118
1767174724.801238,10,-4,-122
1767174724.811238,8,-2,-122
1767174724.821238,1,-2,-122
1767174724.8312385,-1,0,-124
1767174724.8412385,0,-4,-120
1767174724.8512385,-3,-3,-120
1767174724.8612382,0,-4,-120
1767174724.8712382,0,-4,-123
1767174724.8812382,-1,-5,-126
1767174724.8912382,0,-7,-135
1767174724.9012382,-2,-10,-135
1767174724.9112382,0,-10,-128
1767174724.9212382,0,-6,-126
1767174724.9312382,-2,-6,-124
1767174724.9412382,2,-3,-129
1767174724.9512382,4,0,-128
1767174724.961238,3,2,-128
1767174724.971238,0,1,-127
1767174724.981238,-2,-1,-119
1767174724.991238,-3,-4,-116
1767174725.001238,-1,-8,-114
1767174725.011238,0,-6,-117
1767174725.021238,-1,-8,-119
1767174725.031238,-5,-9,-129
1767174725.041238,-1,-7,-130
1767174725.051238,0,-7,-128
1767174725.061238,-2,-2,-122
1767174725.071238,1,-2,-121
1767174725.0812385,0,0,-119
1767174725.0912385,1,-1,-120
1767174725.1012385,0,0,-117
1767174725.1112382,3,-2,-118
1767174725.1212382,2,-1,-118
1767174725.1312382,4,0,-116
1767174725.1412382,4,-3,-112
1767174725.1512382,0,-3,-113
1767174725.1612382,-2,-2,-116
1767174725.1712382,-1,0,-123
1767174725.1812382,-4,-1,-127
1767174725.192238,-5,-2,-129
1767174725.202238,-6,-2,-132
1767174725.212238,-6,-3,-127
1767174725.221238,-7,-1,-124
1767174725.232238,-4,0,-123
1767174725.241238,0,0,-127
1767174725.252238,0,0,-123
1767174725.2622385,-1,-2,-118
1767174725.2722385,-5,0,-115
1767174725.2822382,-7,-2,-123
1767174725.2922382,-2,-2,-120
1767174725.3022382,0,0,-117
1767174725.3122382,0,-1,-117
1767174725.3222382,0,-2,-120
1767174725.3322382,0,-5,-124
1767174725.3422382,3,-3,-120
1767174725.3522382,2,-2,-118
1767174725.3622382,-1,-1,-121
1767174725.3722382,0,-1,-122
1767174725.382238,-1,-6,-122
1767174725.392238,0,-10,-118
1767174725.402238,-6,-8,-116
1767174725.412238,-10,-6,-121
1767174725.422238,-3,-5,-119
1767174725.432238,2,-10,-120
1767174725.442238,1,-9,-123
1767174725.452238,1,-3,-123
1767174725.462238,3,-6,-120
1767174725.472238,0,-7,-122
1767174725.482238,0,-4,-125
1767174725.492238,4,-4,-116
1767174725.502238,2,-4,-116
1767174725.5122385,2,-3,-113
1767174725.5222385,0,-2,-119
1767174725.5322382,1,-2,-122
1767174725.5422382,2,-5,-123
1767174725.5522382,1,-6,-119
1767174725.5622382,-1,-8,-122
1767174725.5722382,-7,-2,-117
1767174725.5822382,-6,2,-116
1767174725.5922382,-6,5,-108
1767174725.6022382,-4,4,-111
1767174725.6122382,-1,-3,-118
1767174725.6222382,-2,-2,-120
1767174725.632238,-2,-2,-117
1767174725.642238,-2,2,-114
1767174725.652238,-4,3,-111
1767174725.662238,0,2,-113
1767174725.672238,0,4,-113
1767174725.682238,4,5,-113
1767174725.692238,2,2,-111
1767174725.702238,0,1,-118
1767174725.712238,3,0,-120
1767174725.722238,5,-1,-121
1767174725.732238,4,-4,-120
1767174725.742238,6,-2,-117
1767174725.752238,0,0,-127
1767174725.7622385,-7,-1,-130
1767174725.7722385,-5,-1,-128
1767174725.7822382,-1,0,-129
1767174725.7922382,0,0,-126
1767174725.8022382,3,-2,-123
1767174725.8122382,3,-2,-125
1767174725.8222382,0,0,-128
1767174725.8322382,1,-1,-125
1767174725.8422382,0,0,-125
1767174725.8522382,-3,0,-125
1767174725.8622382,0,-4,-129
1767174725.8722382,-2,-8,-119
1767174725.882238,0,-9,-118
1767174725.892238,0,-5,-119
1767174725.902238,0,-6,-118
1767174725.912238,0,-3,-121
1767174725.922238,-1,-1,-121
1767174725.932238,-2,-2,-119
1767174725.942238,1,-1,-118
1767174725.952238,0,-2,-108
1767174725.962238,-3,0,-105
1767174725.972238,-5,0,-115
1767174725.982238,-2,-2,-121
1767174725.992238,0,0,-120
1767174726.002238,-1,0,-117
1767174726.0122385,-1,-5,-116
1767174726.0222385,0,-2,-117
1767174726.0322382,-2,-4,-121
1767174726.0422382,0,-3,-125
1767174726.0522382,-1,-5,-129
1767174726.0622382,-5,-7,-117
1767174726.0722382,-5,-8,-124
1767174726.0822382,-3,-6,-120
1767174726.0922382,2,-4,-114
1767174726.1022382,2,-2,-121
1767174726.1122382,0,-6,-123
1767174726.1222382,0,-4,-116
1767174726.132238,-1,-4,-111
1767174726.142238,-3,-7,-118
1767174726.152238,0,-10,-119
1767174726.162238,0,-8,-120
1767174726.172238,-4,-7,-113
1767174726.182238,-2,-6,-120
1767174726.192238,0,-11,-118
1767174726.202238,2,-11,-118
1767174726.212238,-3,-7,-120
1767174726.222238,-1,-8,-122
1767174726.232238,2,-6,-120
1767174726.242238,0,-5,-119
1767174726.252238,-1,-3,-125
1767174726.2622385,-1,-1,-121
1767174726.2722385,0,-2,-119
1767174726.2822382,0,0,-117
1767174726.2922382,1,3,-116
1767174726.3022382,3,0,-118
1767174726.3122382,-2,-1,-123
1767174726.3222382,0,-2,-130
1767174726.3322382,-1,-2,-129
1767174726.3422382,-3,-3,-125
1767174726.3522382,-2,0,-120
1767174726.3622382,0,4,-119
1767174726.3722382,2,4,-117
1767174726.382238,2,5,-112
1767174726.392238,5,1,-120
1767174726.402238,4,2,-124
1767174726.412238,5,1,-124
1767174726.422238,6,2,-121
1767174726.432238,4,2,-118
1767174726.442238,5,2,-118
1767174726.452238,1,2,-120
1767174726.462238,5,1,-122
1767174726.472238,4,0,-122
1767174726.482238,2,0,-115
1767174726.492238,0,3,-108
1767174726.502238,-2,4,-111
1767174726.5122385,-3,2,-119
1767174726.5222385,-2,0,-120
1767174726.5322382,-7,0,-111
1767174726.5422382,-4,0,-110
1767174726.5522382,0,4,-111
1767174726.5622382,0,4,-114
1767174726.5722382,2,0,-111
1767174726.5822382,4,-1,-110
1767174726.5922382,4,-3,-114
1767174726.6022382,-1,-1,-118
1767174726.6122382,-1,-1,-123
1767174726.6222382,0,2,-120
1767174726.632238,2,6,-119
1767174726.642238,-1,5,-118
1767174726.652238,0,6,-116
1767174726.662238,2,5,-121
1767174726.672238,1,4,-118
1767174726.682238,2,3,-120
1767174726.692238,1,2,-121
1767174726.702238,3,-1,-119
1767174726.712238,0,-1,-111
1767174726.722238,0,2,-108
1767174726.732238,1,0,-116
1767174726.742238,0,1,-119
1767174726.752238,2,1,-126
1767174726.7622385,0,0,-130
1767174726.7722385,-1,1,-130
1767174726.7822382,-3,0,-128
1767174726.7922382,-3,-2,-128
1767174726.8022382,-1,-5,-130
1767174726.8122382,-2,-6,-129
1767174726.8222382,0,-8,-129
1767174726.8322382,2,-10,-127
1767174726.8422382,2,-12,-131
1767174726.8522382,3,-11,-133
1767174726.8622382,5,-14,-130
1767174726.8722382,2,-9,-132
1767174726.882238,3,-11,-131
1767174726.892238,2,-8,-130
1767174726.902238,2,-3,-121
1767174726.912238,-1,-3,-123
1767174726.922238,0,-6,-119
1767174726.932238,4,-7,-119
1767174726.942238,5,-5,-116
1767174726.952238,2,-4,-114
1767174726.962238,0,-6,-117
1767174726.972238,4,-6,-120
1767174726.982238,1,0,-121
1767174726.992238,3,-1,-121
1767174727.002238,1,-3,-122
1767174727.0122385,2,-5,-127
1767174727.0222385,4,-3,-125
1767174727.0322382,5,-3,-126
1767174727.0422382,3,-2,-125
1767174727.0522382,3,-2,-117
1767174727.0622382,3,-3,-111
1767174727.0722382,2,-2,-116
1767174727.0822382,-1,-3,-114
1767174727.0922382,-1,-2,-119
1767174727.1022382,0,-5,-121
1767174727.1122382,1,-4,-120
1767174727.1222382,0,-3,-117
1767174727.132238,0,-2,-118
1767174727.142238,2,-4,-117
1767174727.152238,4,-3,-119
1767174727.162238,8,-2,-122
1767174727.172238,9,0,-121
1767174727.182238,5,-4,-117
1767174727.192238,4,-6,-111
1767174727.202238,5,-4,-112
1767174727.212238,2,-1,-114
1767174727.222238,3,1,-109
1767174727.232238,3,-1,-109
1767174727.242238,7,-3,-111
1767174727.252238,8,-5,-110
1767174727.2622385,8,-4,-109
1767174727.2722385,9,-2,-111
1767174727.2822382,9,-8,-110
1767174727.2922382,5,-8,-111
1767174727.3022382,2,-5,-124
1767174727.3122382,-1,-7,-125
1767174727.3222382,-1,-9,-121
1767174727.3322382,-3,-8,-120
1767174727.3422382,-5,-4,-115
1767174727.3522382,-8,0,-120
1767174727.3622382,-8,-3,-126
1767174727.3722382,-8,-3,-124
1767174727.382238,-6,-3,-127
1767174727.392238,0,-4,-129
1767174727.402238,2,-5,-127
1767174727.413238,5,-7,-125
1767174727.422238,8,-4,-127
1767174727.432238,4,-6,-125
1767174727.442238,-1,-9,-121
1767174727.452238,0,-7,-124
1767174727.462238,5,-3,-123
1767174727.472238,9,-2,-117
1767174727.482238,5,0,-119
1767174727.492238,4,-1,-121
1767174727.502238,7,1,-122
1767174727.5122385,5,2,-124
1767174727.5222385,2,4,-124
1767174727.5322382,9,3,-120
1767174727.5422382,7,1,-119
1767174727.5522382,8,0,-121
1767174727.5622382,5,-1,-120
1767174727.5722382,4,0,-126
1767174727.5822382,4,0,-126
1767174727.5922382,0,1,-123
1767174727.6022382,3,3,-124
1767174727.6122382,0,2,-118
1767174727.6222382,0,-4,-118
1767174727.632238,3,-8,-111
1767174727.642238,3,-6,-114
1767174727.652238,2,-2,-124
1767174727.662238,0,0,-123
1767174727.672238,1,0,-119
1767174727.682238,0,0,-124
1767174727.692238,-2,0,-120
1767174727.702238,-5,0,-120
1767174727.712238,-5,-1,-120
1767174727.722238,0,-1,-122
1767174727.732238,-2,-3,-123
1767174727.742238,-5,0,-123
1767174727.752238,-4,0,-121
1767174727.7622385,-4,1,-120
1767174727.7722385,-2,0,-119
1767174727.7822382,-3,-2,-123
1767174727.7922382,-3,-5,-129
1767174727.8022382,-3,-6,-129
1767174727.8122382,-9,-3,-129
1767174727.8222382,-6,-1,-129
1767174727.8322382,-4,2,-127
1767174727.8422382,-5,3,-126
1767174727.8522382,-4,2,-122
1767174727.8622382,-8,2,-127
1767174727.873238,-5,1,-125
1767174727.882238,-7,2,-129
1767174727.893238,-2,0,-126
1767174727.903238,-1,-4,-123
1767174727.913238,-1,-2,-121
1767174727.923238,-1,-3,-121
1767174727.9332385,-1,-1,-119
1767174727.9432385,-1,3,-117
1767174727.9532382,-1,0,-121
1767174727.9632382,-3,0,-122
1767174727.9732382,-4,-1,-121
1767174727.9832382,-3,-2,-118
1767174727.9932382,-4,-3,-119
1767174728.0032382,-2,-5,-126
1767174728.0132382,-8,-7,-125
1767174728.0232382,-4,-6,-121
1767174728.0332382,-1,-4,-118
1767174728.0432382,-1,-2,-115
1767174728.0532382,2,0,-114
1767174728.063238,0,6,-112
1767174728.073238,-1,4,-115
1767174728.083238,0,4,-118
1767174728.093238,1,2,-115
1767174728.103238,-1,-1,-115
1767174728.113238,-2,-1,-114
1767174728.123238,-2,0,-107
1767174728.133238,-2,-1,-111
1767174728.143238,0,-4,-116
1767174728.153238,-2,-6,-118
1767174728.163238,-5,-9,-119
1767174728.173238,-5,-8,-119
1767174728.1832385,-4,-9,-117
1767174728.1932385,-1,-4,-123
1767174728.2032382,-1,-9,-120
1767174728.2132382,-3,-12,-119
1767174728.2232382,0,-8,-114
1767174728.2332382,-1,-6,-113
1767174728.2432382,-1,-4,-112
1767174728.2532382,0,-4,-103
1767174728.2632382,1,-3,-109
1767174728.2732382,3,-6,-115
1767174728.2832382,0,-6,-117
1767174728.2932382,-3,-7,-116
1767174728.3032382,-1,-5,-110
1767174728.313238,-2,-1,-112
1767174728.323238,-2,-2,-112
1767174728.333238,-3,-4,-109
1767174728.343238,-4,-1,-110
1767174728.353238,-6,1,-113
1767174728.363238,-5,3,-114
1767174728.373238,-6,1,-112
1767174728.383238,-1,6,-113
1767174728.393238,1,3,-118
1767174728.403238,1,8,-126
1767174728.413238,4,5,-122
1767174728.423238,3,8,-122
1767174728.4332385,0,2,-124
1767174728.4432385,-1,4,-118
1767174728.4532382,-2,1,-122
1767174728.4632382,-1,0,-125
1767174728.4732382,2,2,-128
1767174728.4832382,9,2,-130
1767174728.4932382,9,0,-133
1767174728.5032382,9,-3,-129
1767174728.5132382,6,-4,-125
1767174728.5232382,6,-5,-119
1767174728.5332382,6,0,-121
1767174728.5432382,3,-3,-127
1767174728.5532382,5,-6,-126
1767174728.563238,7,-5,-131
1767174728.573238,5,-3,-129
1767174728.583238,0,-5,-130
1767174728.593238,2,-10,-122
1767174728.603238,-2,-9,-121
1767174728.613238,-2,-4,-124
1767174728.623238,-1,0,-119
1767174728.633238,0,-1,-120
1767174728.643238,1,-2,-124
1767174728.653238,0,-9,-122
1767174728.663238,-3,-9,-126
1767174728.673238,-5,-9,-121
1767174728.6832385,-9,-6,-116
1767174728.6932385,-13,-3,-122
1767174728.7032382,-10,-5,-123
1767174728.7132382,-9,-6,-128
1767174728.7232382,-8,-4,-130
1767174728.7332382,-8,-8,-133
1767174728.7432382,-7,-7,-123
1767174728.7532382,-4,-8,-124
1767174728.7632382,-2,-3,-125
1767174728.7732382,-1,0,-125
1767174728.7832382,-4,-1,-113
1767174728.7932382,-4,1,-114
1767174728.8032382,-1,1,-107
1767174728.813238,-1,-1,-106
1767174728.823238,-4,1,-113
1767174728.833238,-4,1,-119
1767174728.843238,-1,-3,-123
1767174728.853238,-3,-1,-130
1767174728.8752382,3,1,-133
1767174728.883238,0,0,-133
1767174728.893238,-1,-1,-129
1767174728.903238,0,0,-128
1767174728.913238,-1,1,-127
1767174728.923238,0,-3,-129
1767174728.9332385,-4,-4,-127
1767174728.9432385,-2,-4,-131
1767174728.9532382,0,-6,-126
1767174728.9632382,1,-7,-125
1767174728.9732382,0,-4,-118
1767174728.9832382,2,-3,-116
1767174728.9932382,-1,-9,-118
1767174729.0032382,-5,-7,-115
1767174729.0132382,2,-4,-114
1767174729.0232382,3,0,-118
1767174729.0332382,2,-2,-113
1767174729.0432382,4,1,-117
1767174729.0532382,4,0,-115
1767174729.063238,0,0,-119
1767174729.073238,0,-3,-119
1767174729.083238,0,-4,-124
1767174729.093238,1,-3,-123
1767174729.103238,-1,-3,-123
1767174729.113238,3,-3,-123
1767174729.123238,0,-4,-120
1767174729.133238,-1,-3,-121
1767174729.143238,-3,-1,-117
1767174729.1542382,-3,-1,-119
1767174729.163238,-1,-1,-123
1767174729.173238,-3,-2,-117
1767174729.1832385,-3,0,-115
1767174729.1932385,-4,-1,-114
1767174729.2032382,-5,0,-118
1767174729.2132382,-3,0,-123
1767174729.2232382,-6,1,-124
1767174729.2332382,-10,-1,-119
1767174729.2432382,-10,-2,-122
1767174729.2532382,-9,0,-117
1767174729.2632382,-10,0,-115
1767174729.2732382,-3,1,-123
1767174729.2832382,-2,1,-121
1767174729.2932382,-4,2,-117
1767174729.3032382,-3,-1,-118
1767174729.313238,0,-1,-119
1767174729.323238,0,-3,-125
1767174729.333238,1,-5,-130
1767174729.343238,2,-3,-126
1767174729.353238,-5,-3,-121
1767174729.363238,-4,-3,-122
1767174729.373238,-3,0,-123
1767174729.383238,-6,-5,-121
1767174729.393238,-4,-5,-116
1767174729.403238,0,-1,-118
1767174729.413238,2,4,-115
1767174729.423238,1,2,-109
1767174729.4332385,-3,6,-120
1767174729.4432385,-3,5,-114
1767174729.4532382,-4,0,-118
1767174729.4632382,0,-2,-123
1767174729.4732382,-3,-6,-121
1767174729.4832382,0,-5,-117
1767174729.4932382,-5,-2,-119
1767174729.5032382,-2,-3,-116
1767174729.5132382,-3,-1,-119
1767174729.5232382,-4,0,-116
1767174729.5332382,-5,-1,-121
1767174729.5432382,-4,-1,-127
1767174729.5532382,-6,-4,-124
1767174729.563238,-4,-1,-124
1767174729.573238,-3,-4,-121
1767174729.583238,-5,-2,-124
1767174729.593238,-6,0,-124
1767174729.603238,-4,0,-127
1767174729.613238,-3,-3,-130
1767174729.623238,-1,0,-124
1767174729.633238,1,0,-131
1767174729.643238,3,0,-133
1767174729.653238,4,1,-130
1767174729.663238,2,0,-130
1767174729.673238,1,0,-132
1767174729.6832385,1,-2,-132
1767174729.6932385,5,-3,-133
1767174729.7032382,6,-2,-135
1767174729.7132382,6,0,-129
1767174729.7232382,1,0,-124
1767174729.7332382,-2,-3,-123
1767174729.7432382,0,-5,-124
1767174729.7532382,-2,-6,-123
1767174729.7632382,0,-9,-120
1767174729.7732382,-2,-13,-119
1767174729.7832382,0,-14,-120
1767174729.7932382,-1,-8,-115
1767174729.8032382,2,-7,-116
1767174729.813238,2,-6,-116
1767174729.823238,3,-9,-116
1767174729.833238,3,-8,-108
1767174729.843238,-1,-6,-113
1767174729.853238,-1,-1,-121
1767174729.863238,4,-2,-118
1767174729.873238,8,-3,-123
1767174729.883238,4,-8,-123
1767174729.893238,-3,-5,-118
1767174729.903238,-4,-6,-120
1767174729.913238,-4,-5,-120
1767174729.923238,-2,-6,-118
1767174729.9332385,-2,-4,-121
1767174729.9432385,0,-2,-122
1767174729.9532382,0,-3,-116
1767174729.9632382,-2,-3,-112
1767174729.9732382,-3,-4,-117
1767174729.9832382,-6,-4,-112
1767174729.9932382,-5,-4,-111
1767174730.0032382,-3,-10,-120
1767174730.0132382,-2,-4,-125
1767174730.0232382,-2,-4,-122
1767174730.0332382,-4,-6,-128
1767174730.0432382,-2,-6,-130
1767174730.0532382,0,-3,-134
1767174730.063238,-3,-6,-137
1767174730.073238,-5,-6,-132
1767174730.083238,-5,-4,-132
1767174730.093238,0,-5,-130
1767174730.103238,-1,-5,-124
1767174730.113238,-5,-4,-122
1767174730.123238,-6,-4,-121
1767174730.133238,0,-8,-119
1767174730.143238,0,-8,-120
1767174730.153238,3,-8,-123
1767174730.163238,-2,-3,-122
1767174730.173238,-3,-4,-125
1767174730.1832385,-3,-4,-129
1767174730.1932385,0,-1,-129
1767174730.2032382,3,-4,-126
1767174730.2132382,0,-2,-117
1767174730.2232382,1,-4,-122
1767174730.2332382,0,-6,-122
1767174730.2432382,0,-2,-129
1767174730.2532382,3,0,-129
1767174730.2632382,3,1,-127
1767174730.2732382,1,0,-130
1767174730.2832382,1,-1,-130
1767174730.2932382,1,0,-132
1767174730.3032382,1,3,-131
1767174730.313238,0,5,-124
1767174730.323238,1,5,-118
1767174730.333238,2,4,-121
1767174730.343238,3,3,-118
1767174730.353238,2,0,-118
1767174730.363238,1,-1,-113
1767174730.373238,3,0,-115
1767174730.383238,1,-1,-112
1767174730.393238,3,0,-121
1767174730.403238,3,2,-115
1767174730.413238,2,7,-119
1767174730.423238,0,4,-127
1767174730.4332385,0,6,-130
1767174730.4432385,-3,2,-125
1767174730.4532382,-4,-3,-123
1767174730.4632382,-2,-1,-123
1767174730.4732382,1,-5,-119
1767174730.4832382,1,-3,-118
1767174730.4932382,2,-3,-118
1767174730.5032382,5,-3,-121
1767174730.514238,3,0,-127
1767174730.524238,2,2,-130
1767174730.5332382,0,2,-132
1767174730.544238,-1,-1,-132
1767174730.554238,3,-5,-127
1767174730.564238,8,-5,-126
1767174730.574238,6,-6,-119
1767174730.584238,8,-5,-122
1767174730.594238,7,-1,-125
1767174730.6042385,4,0,-123
1767174730.6142385,2,0,-123
1767174730.6242385,3,-3,-115
1767174730.6342382,2,-7,-118
1767174730.6442382,4,-7,-123
1767174730.6542382,0,-8,-127
1767174730.6642382,0,-5,-125
1767174730.6742382,0,-5,-119
1767174730.6842382,1,-2,-118
1767174730.6942382,0,-2,-115
1767174730.7042382,-2,-2,-114
1767174730.7142382,-3,-7,-119
1767174730.7242382,0,-8,-121
1767174730.734238,-2,-5,-121
1767174730.744238,1,-6,-119
1767174730.754238,-3,-10,-116
1767174730.764238,0,-8,-118
1767174730.774238,0,-8,-114
1767174730.784238,-4,-7,-114
1767174730.794238,-4,-5,-115
1767174730.804238,-3,-4,-118
1767174730.814238,-4,-3,-123
1767174730.824238,0,-5,-119
1767174730.834238,4,-6,-118
1767174730.844238,5,-8,-119
1767174730.8542385,5,-6,-124
1767174730.8642385,2,-10,-127
1767174730.8742385,-4,-10,-123
1767174730.8842382,-4,-10,-126
1767174730.8942382,-2,-6,-120
1767174730.9042382,0,0,-114
1767174730.9142382,1,1,-113
1767174730.9242382,0,1,-108
1767174730.9342382,0,0,-106
1767174730.9442382,1,-1,-107
1767174730.9542382,4,-1,-109
1767174730.9642382,3,-1,-112
1767174730.9742382,8,-2,-116
1767174730.984238,5,-4,-122
1767174730.994238,2,-6,-125
1767174731.004238,4,-5,-119
1767174731.014238,3,-9,-112
1767174731.024238,0,-7,-118
1767174731.034238,0,-5,-122
1767174731.044238,-2,-2,-121
1767174731.054238,-7,1,-124
1767174731.064238,-8,-3,-125
1767174731.074238,-8,-7,-124
1767174731.084238,-8,-11,-125
1767174731.094238,0,-9,-120
1767174731.1042385,0,-6,-119
1767174731.1142385,-2,-5,-116
1767174731.1242385,-3,-5,-119
1767174731.1342382,-1,-6,-121
1767174731.1442382,-2,-5,-121
1767174731.1542382,-3,-3,-120
1767174731.1642382,0,-1,-124
1767174731.1742382,1,0,-125
1767174731.1842382,-1,-1,-121
1767174731.1942382,-1,0,-117
1767174731.2042382,-3,-4,-119
1767174731.2142382,-4,-2,-126
1767174731.2242382,-3,-1,-126
1767174731.234238,-6,1,-126
1767174731.244238,-7,0,-120
1767174731.254238,-5,-2,-120
1767174731.264238,-1,-2,-123
1767174731.274238,-1,-4,-120
1767174731.284238,-1,-5,-113
1767174731.294238,1,-4,-114
1767174731.304238,2,-5,-120
1767174731.314238,0,-5,-121
1767174731.324238,0,0,-113
1767174731.334238,2,0,-121
1767174731.344238,5,-1,-126
1767174731.3542385,5,-6,-122
1767174731.3642385,4,-6,-126
1767174731.3742385,2,-3,-125
1767174731.3842382,3,-1,-126
1767174731.3942382,1,1,-126
1767174731.4042382,-3,1,-127
1767174731.4142382,-5,0,-130
1767174731.4242382,-6,1,-131
1767174731.4342382,-8,1,-127
1767174731.4442382,-8,2,-125
1767174731.4542382,-8,1,-124
1767174731.4642382,-4,0,-125
1767174731.4742382,-1,0,-122
1767174731.484238,0,0,-122
1767174731.494238,-2,-2,-121
1767174731.504238,0,-2,-119
1767174731.514238,0,-1,-120
1767174731.524238,-4,-3,-120
1767174731.534238,-2,-4,-123
1767174731.544238,-6,-2,-120
1767174731.554238,-1,1,-125
1767174731.564238,0,1,-122
1767174731.574238,2,0,-123
1767174731.584238,9,0,-117
1767174731.594238,13,-2,-112
1767174731.6042385,9,0,-115
1767174731.6142385,2,0,-122
1767174731.6242385,-2,2,-126
1767174731.6342382,0,1,-126
1767174731.6442382,-3,-1,-129
1767174731.6542382,-6,-4,-115
1767174731.6642382,-3,-4,-119
1767174731.6742382,-1,-8,-116
1767174731.6842382,0,-8,-118
1767174731.6942382,3,-5,-125
1767174731.7042382,6,-4,-122
1767174731.7142382,4,-1,-120
1767174731.7242382,4,0,-123
1767174731.734238,2,0,-123
1767174731.744238,-1,0,-117
1767174731.754238,1,-3,-122
1767174731.764238,0,-4,-118
1767174731.774238,0,-5,-113
1767174731.784238,-2,-5,-115
1767174731.794238,-2,-7,-120
1767174731.804238,-1,-8,-118
1767174731.814238,-3,-7,-123
1767174731.824238,-4,-7,-123
1767174731.834238,-8,-3,-123
1767174731.844238,-7,-1,-118
1767174731.8542385,-4,0,-112
1767174731.8642385,-5,0,-113
1767174731.8742385,-5,-1,-113
1767174731.8842382,-8,0,-116
1767174731.8942382,-5,0,-125
1767174731.9042382,-1,0,-123
1767174731.9142382,7,0,-123
1767174731.9242382,-1,-6,-122
1767174731.9342382,-1,-4,-116
1767174731.9442382,-3,-3,-119
1767174731.9542382,0,-2,-120
1767174731.9642382,4,-3,-123
1767174731.9742382,7,-2,-117
1767174731.984238,6,-5,-117
1767174731.994238,1,-4,-119
1767174732.004238,-2,-4,-115
1767174732.014238,-3,0,-109
1767174732.024238,-5,-2,-108
1767174732.034238,-2,0,-105
1767174732.044238,-4,2,-107
1767174732.054238,-4,3,-110
1767174732.064238,-5,2,-117
1767174732.074238,-6,-1,-120
1767174732.084238,-2,-3,-123
1767174732.094238,1,-6,-124
1767174732.1042385,1,-6,-122
1767174732.1142385,0,-4,-121
1767174732.1242385,1,0,-117
1767174732.1342382,1,-2,-115
1767174732.1442382,-3,0,-116
1767174732.1542382,0,1,-112
1767174732.1642382,2,1,-113
1767174732.1742382,-1,0,-120
1767174732.1842382,-4,0,-120
1767174732.1942382,-5,4,-124
1767174732.2042382,-3,5,-125
1767174732.2142382,-2,5,-123
1767174732.2242382,-1,5,-121
1767174732.234238,0,5,-118
1767174732.244238,-2,1,-113
1767174732.254238,-1,1,-120
1767174732.264238,-1,4,-124
1767174732.274238,-1,4,-122
1767174732.284238,0,5,-114
1767174732.294238,5,0,-120
1767174732.304238,5,-1,-123
1767174732.314238,3,-5,-130
1767174732.324238,2,-6,-128
1767174732.334238,-1,-5,-122
1767174732.344238,-4,-1,-124
1767174732.3542385,-4,-2,-125
1767174732.3642385,-5,-2,-124
1767174732.3742385,0,1,-129
1767174732.3842382,-3,-1,-125
1767174732.3942382,-3,0,-122
1767174732.4042382,-3,-3,-124
1767174732.4142382,-2,0,-124
1767174732.4242382,-1,-1,-120
1767174732.4342382,0,-3,-115
1767174732.4442382,0,-3,-114
1767174732.4542382,4,-1,-111
1767174732.4642382,-1,0,-114
1767174732.4742382,-5,-3,-115
1767174732.484238,-7,-3,-116
1767174732.494238,-7,-5,-115
1767174732.504238,-4,-5,-113
1767174732.514238,0,-8,-112
1767174732.524238,-1,-6,-113
1767174732.534238,0,-7,-118
1767174732.544238,-1,-3,-120
1767174732.554238,-1,-5,-115
1767174732.564238,0,-7,-120
1767174732.574238,1,-6,-121
1767174732.584238,0,-2,-125
1767174732.594238,-3,-1,-126
1767174732.6042385,-4,0,-122
1767174732.6142385,-10,-1,-120
1767174732.6242385,-4,0,-121
1767174732.6342382,-3,0,-119
1767174732.6442382,-1,-2,-118
1767174732.6542382,-2,-2,-113
1767174732.6642382,-2,-1,-117
1767174732.6742382,0,-2,-121
1767174732.6842382,2,-4,-114
1767174732.6942382,2,-5,-109
1767174732.7042382,0,-5,-114
1767174732.7142382,1,-4,-117
1767174732.7242382,4,-1,-128
1767174732.734238,4,-2,-129
1767174732.744238,5,-2,-124
1767174732.754238,3,0,-120
1767174732.764238,2,0,-115
1767174732.774238,0,-1,-113
1767174732.784238,0,0,-110
1767174732.794238,-1,0,-111
1767174732.804238,6,0,-121
1767174732.814238,8,1,-115
1767174732.824238,3,0,-121
1767174732.834238,0,-1,-120
1767174732.844238,-4,-1,-125
1767174732.8542385,-2,0,-127
1767174732.8642385,-2,-2,-125
1767174732.8742385,-1,-2,-124
1767174732.8842382,0,0,-129
1767174732.8942382,-3,0,-124
1767174732.9042382,-1,2,-114
1767174732.9142382,-5,0,-111
1767174732.9242382,0,-1,-111
1767174732.9342382,2,-3,-119
1767174732.9442382,3,-3,-117
1767174732.9542382,3,1,-117
1767174732.9642382,3,1,-120
1767174732.9742382,1,3,-118
1767174732.984238,1,0,-120
1767174732.994238,0,-2,-117
1767174733.004238,0,-6,-116
1767174733.014238,0,-5,-117
1767174733.024238,-4,-1,-113
1767174733.034238,-4,-2,-112
1767174733.044238,-4,-6,-110
1767174733.054238,-10,-7,-113
1767174733.064238,-8,-9,-115
1767174733.074238,-5,-9,-116
1767174733.084238,-3,-5,-119
1767174733.094238,0,-4,-121
1767174733.1042385,1,-5,-119
1767174733.1142385,0,-6,-121
1767174733.1242385,-1,-3,-116
1767174733.1342382,0,-3,-113
1767174733.1442382,-1,0,-114
1767174733.1542382,-6,3,-112
1767174733.1642382,-3,2,-119
1767174733.1742382,-2,-1,-123
1767174733.1842382,0,1,-123
1767174733.1942382,5,1,-123
1767174733.2042382,0,-1,-127
1767174733.2142382,0,0,-121
1767174733.225238,-1,1,-123
1767174733.235238,-3,-1,-121
1767174733.244238,-4,-6,-117
1767174733.255238,-4,-5,-120
1767174733.265238,-5,-3,-127
1767174733.275238,-5,-2,-124
1767174733.2852385,-3,-1,-119
1767174733.294238,-4,0,-120
1767174733.3052382,-2,0,-118
1767174733.3152382,0,0,-120
1767174733.3252382,-1,-2,-121
1767174733.3352382,0,-8,-121
1767174733.344238,0,-6,-114
1767174733.3552382,2,-5,-116
1767174733.3652382,5,-4,-118
1767174733.3752382,4,-1,-116
1767174733.3852382,7,0,-121
1767174733.3952382,4,-1,-118
1767174733.4052382,5,-3,-124
1767174733.415238,4,-4,-126
1767174733.425238,5,-3,-128
1767174733.435238,4,-5,-135
1767174733.445238,9,-3,-132
1767174733.455238,5,-3,-130
1767174733.465238,-1,-3,-129
1767174733.475238,-3,-5,-128
1767174733.485238,-9,-7,-117
1767174733.495238,-6,-6,-121
1767174733.505238,-3,-7,-123
1767174733.515238,-4,-10,-125
1767174733.525238,-2,-5,-121
1767174733.5352385,2,-4,-117
1767174733.5452385,5,-2,-121
1767174733.5552382,3,1,-122
1767174733.5652382,2,2,-125
1767174733.5752382,0,0,-129
1767174733.5852382,-2,0,-130
1767174733.5952382,-6,-1,-124
1767174733.6052382,-1,-1,-122
1767174733.6152382,-2,-1,-120
1767174733.6252382,-4,-2,-119
1767174733.6352382,-6,-4,-117
1767174733.6452382,-5,-8,-115
1767174733.6552382,-5,-5,-111
1767174733.665238,-4,-4,-120
1767174733.675238,1,-3,-118
1767174733.685238,1,-4,-113
1767174733.695238,2,-6,-112
1767174733.705238,0,-7,-115
1767174733.715238,4,-5,-115
1767174733.725238,2,-2,-119
1767174733.735238,-1,-2,-118
1767174733.745238,-5,-4,-121
1767174733.755238,-5,-4,-123
1767174733.765238,-5,-4,-126
1767174733.775238,-1,-7,-118
1767174733.7852385,-3,-11,-120
1767174733.7952385,-2,-6,-125
1767174733.8052382,0,-3,-121
1767174733.8152382,-5,1,-114
1767174733.8252382,0,-1,-109
1767174733.8352382,1,-5,-117
1767174733.8452382,0,-6,-121
1767174733.8552382,1,-6,-119
1767174733.8652382,3,-6,-119
1767174733.8872385,5,-2,-124
1767174733.8952382,4,-2,-127
1767174733.9052382,3,-3,-130
1767174733.915238,2,-6,-123
1767174733.925238,2,-3,-118
1767174733.935238,5,-3,-119
1767174733.945238,8,-5,-121
1767174733.955238,7,-4,-119
1767174733.965238,6,-3,-123
1767174733.975238,11,0,-124
1767174733.985238,6,-1,-120
1767174733.995238,7,1,-116
1767174734.005238,3,3,-121
1767174734.015238,-1,0,-120
1767174734.025238,-3,1,-120
1767174734.0352385,-5,2,-116
1767174734.0452385,-2,0,-122
1767174734.0552382,2,-2,-125
1767174734.0652382,8,-2,-123
1767174734.0752382,11,-2,-125
1767174734.0852382,7,-4,-127
1767174734.0952382,3,0,-125
1767174734.1052382,0,3,-122
1767174734.1152382,-1,4,-122
1767174734.1252382,-1,3,-114
1767174734.1352382,-2,0,-120
1767174734.1452382,-2,1,-123
1767174734.1552382,0,0,-114
1767174734.165238,-3,-1,-115
1767174734.175238,0,2,-118
1767174734.185238,2,2,-119
1767174734.195238,1,2,-126
1767174734.205238,-1,0,-126
1767174734.215238,2,0,-128
1767174734.225238,0,-5,-130
1767174734.235238,0,-6,-127
1767174734.245238,1,-9,-126
1767174734.255238,4,-8,-124
1767174734.265238,0,-3,-117
1767174734.275238,-1,-2,-112
1767174734.2852385,2,0,-115
1767174734.2952385,2,-1,-123
1767174734.3052382,-1,0,-120
1767174734.3152382,-5,-1,-120
1767174734.3252382,-2,-4,-119
1767174734.3352382,-5,-5,-119
1767174734.3452382,-1,-4,-125
1767174734.3552382,3,-4,-122
1767174734.3652382,2,-7,-120
1767174734.3752382,0,-7,-118
1767174734.3852382,0,-8,-113
1767174734.3952382,-4,-9,-108
1767174734.4052382,-4,-9,-108
1767174734.415238,-4,-11,-111
1767174734.425238,-3,-13,-114
1767174734.435238,-8,-11,-124
1767174734.445238,-8,-11,-123
1767174734.455238,-7,-10,-119
1767174734.465238,-8,-9,-122
1767174734.475238,-8,-5,-119
1767174734.485238,-4,0,-118
1767174734.495238,-7,-3,-117
1767174734.505238,-4,-1,-115
1767174734.515238,-4,-3,-106
1767174734.525238,-8,-6,-111
1767174734.5352385,-5,-7,-120
1767174734.5452385,-5,-7,-124
1767174734.5552382,-2,-6,-126
1767174734.5652382,-1,-5,-127
1767174734.5752382,0,-2,-128
1767174734.5852382,4,-2,-128
1767174734.5952382,4,-3,-122
1767174734.6052382,0,-3,-126
1767174734.6152382,2,-5,-126
1767174734.6252382,0,-2,-121
1767174734.6352382,1,-8,-117
1767174734.6452382,0,-11,-115
1767174734.6552382,0,-7,-121
1767174734.665238,2,-6,-118
1767174734.675238,0,-4,-115
1767174734.685238,-2,-3,-113
1767174734.695238,-1,-4,-121
1767174734.705238,-2,-7,-125
1767174734.715238,-6,-6,-124
1767174734.725238,-4,-2,-125
1767174734.735238,-3,1,-123
1767174734.745238,-1,3,-125
1767174734.755238,1,8,-125
1767174734.765238,-1,5,-118
1767174734.775238,-4,6,-121
1767174734.7852385,1,2,-122
1767174734.7952385,3,-1,-121
1767174734.8052382,6,-4,-120
1767174734.8152382,2,-2,-127
1767174734.8252382,7,0,-124
1767174734.8352382,4,-2,-122
1767174734.8452382,5,-1,-124
1767174734.8552382,4,0,-132
1767174734.8652382,4,2,-127
1767174734.8752382,0,0,-126
1767174734.8852382,-5,0,-124
1767174734.8952382,-9,-2,-122
1767174734.9052382,-7,-4,-124
1767174734.915238,-8,-1,-122
1767174734.925238,-6,-1,-115
1767174734.935238,-10,-7,-115
1767174734.945238,-7,-12,-113
1767174734.955238,-5,-11,-110
1767174734.965238,0,-7,-116
1767174734.975238,-1,-3,-118
1767174734.985238,-2,0,-116
1767174734.995238,1,1,-122
1767174735.005238,1,1,-121
1767174735.015238,0,0,-119
1767174735.025238,-3,0,-119
1767174735.0352385,-6,1,-117
1767174735.0452385,-5,3,-123
1767174735.0552382,-1,3,-118
1767174735.0652382,1,5,-112
1767174735.0752382,0,6,-114
1767174735.0852382,1,5,-120
1767174735.0952382,5,5,-123
1767174735.1052382,1,6,-123
1767174735.1152382,-1,6,-123
1767174735.1252382,-4,6,-129
1767174735.1352382,0,6,-128
1767174735.1452382,2,6,-122
1767174735.1552382,4,2,-124
1767174735.165238,3,1,-126
1767174735.175238,5,5,-127
1767174735.185238,0,5,-130
1767174735.195238,1,5,-129
1767174735.205238,0,7,-130
1767174735.215238,-2,10,-130
1767174735.225238,-1,8,-128
1767174735.235238,-7,4,-122
1767174735.245238,-5,0,-122
1767174735.255238,-3,-2,-117
1767174735.265238,-4,-3,-115
1767174735.275238,0,-4,-125
1767174735.2852385,3,-4,-126
1767174735.2952385,2,-5,-123
1767174735.3052382,4,-6,-123
1767174735.3152382,4,-5,-121
1767174735.3252382,0,-2,-121
1767174735.3352382,-6,-4,-121
1767174735.3452382,-7,2,-123
1767174735.3552382,-6,0,-127
1767174735.3652382,-4,-1,-127
1767174735.3752382,-7,0,-127
1767174735.3852382,-6,0,-123
1767174735.3952382,-5,0,-120
1767174735.4052382,-7,3,-124
1767174735.415238,-7,0,-130
1767174735.425238,-10,1,-128
1767174735.435238,-3,2,-125
1767174735.445238,-2,1,-123
1767174735.455238,-3,3,-121
1767174735.465238,-2,5,-120
1767174735.475238,-2,5,-121
1767174735.485238,-2,6,-127
1767174735.495238,-5,2,-127
1767174735.505238,-1,0,-126
1767174735.515238,-2,2,-127
1767174735.525238,-1,3,-131
1767174735.5352385,-6,3,-129
1767174735.5452385,-3,0,-127
1767174735.5552382,-5,0,-123
1767174735.5652382,0,-1,-122
1767174735.5752382,7,2,-118
1767174735.5852382,4,-3,-117
1767174735.5952382,4,-2,-116
1767174735.6052382,3,-2,-114
1767174735.6152382,6,-1,-116
1767174735.6252382,10,-2,-119
1767174735.6352382,9,-2,-125
1767174735.6452382,3,-3,-127
1767174735.6552382,2,-6,-125
1767174735.665238,5,-5,-126
1767174735.675238,5,1,-128
1767174735.685238,2,-1,-127
1767174735.695238,0,-3,-127
1767174735.705238,2,-3,-129
1767174735.715238,3,-5,-127
1767174735.725238,0,-3,-126
1767174735.735238,-1,0,-123
1767174735.745238,-4,0,-116
1767174735.755238,-1,-1,-114
1767174735.765238,0,0,-120
1767174735.775238,0,1,-118
1767174735.7852385,0,2,-121
1767174735.7952385,8,0,-125
1767174735.8052382,10,-1,-113
1767174735.8152382,3,-1,-111
1767174735.8252382,2,-1,-116
1767174735.8352382,0,-5,-123
1767174735.846238,-1,-4,-120
1767174735.8552382,-4,-2,-118
1767174735.866238,-4,-2,-124
1767174735.876238,-9,-3,-121
1767174735.886238,-11,-4,-124
1767174735.896238,-5,-7,-118
1767174735.906238,-3,-6,-111
1767174735.916238,-8,-10,-106
1767174735.926238,-8,-11,-111
1767174735.936238,-9,-11,-111
1767174735.946238,-8,-9,-119
1767174735.9562385,-10,-11,-115
1767174735.9662385,-9,-10,-121
1767174735.9762385,-5,-11,-121
1767174735.9862382,-4,-7,-118
1767174735.9962382,-8,-8,-120
1767174736.0062382,-5,-10,-120
1767174736.0162382,-2,-10,-117
1767174736.0262382,-1,-8,-118
1767174736.0362382,4,-5,-122
1767174736.0462382,4,-1,-118
1767174736.0562382,6,0,-122
1767174736.0662382,5,-2,-121
1767174736.0762382,3,-6,-126
1767174736.086238,4,-5,-126
1767174736.096238,1,-5,-129
1767174736.106238,0,-5,-135
1767174736.116238,2,-5,-130
1767174736.126238,5,-6,-126
1767174736.136238,5,-4,-130
1767174736.146238,4,-4,-131
1767174736.156238,4,-5,-128
1767174736.166238,4,-4,-122
1767174736.176238,6,-8,-123
1767174736.186238,4,-9,-115
1767174736.196238,2,-9,-113
1767174736.2062385,-1,-6,-118
1767174736.2162385,-2,-1,-124
1767174736.2262385,1,-4,-120
1767174736.2362382,0,-3,-124
1767174736.2462382,-1,-4,-127
1767174736.2562382,0,-2,-133
1767174736.2662382,0,-2,-133
1767174736.2762382,0,1,-128
1767174736.2862382,2,2,-126
1767174736.2962382,2,0,-126
1767174736.3062382,1,-1,-124
1767174736.3162382,1,4,-122
1767174736.3262382,3,8,-123
1767174736.336238,0,6,-126
1767174736.346238,-3,9,-121
1767174736.356238,-5,5,-131
1767174736.366238,-4,6,-139
1767174736.376238,-2,5,-134
1767174736.386238,-3,7,-125
1767174736.396238,-6,5,-123
1767174736.406238,-7,3,-118
1767174736.416238,-6,4,-110
1767174736.426238,-2,1,-104
1767174736.436238,-1,3,-108
1767174736.446238,-5,5,-112
1767174736.4562385,-3,4,-117
1767174736.4662385,-4,3,-118
1767174736.4762385,-2,0,-115
1767174736.4862382,-2,-3,-119
1767174736.4962382,3,-4,-128
1767174736.5062382,1,-2,-129
1767174736.5162382,3,-2,-127
1767174736.5262382,0,-2,-126
1767174736.5362382,0,0,-126
1767174736.5462382,1,-2,-128
1767174736.5562382,0,-2,-126
1767174736.5662382,0,-2,-120
1767174736.5762382,3,0,-117
1767174736.586238,1,2,-117
1767174736.596238,0,2,-118
1767174736.606238,1,5,-115
1767174736.616238,-1,4,-121
1767174736.626238,1,4,-130
1767174736.636238,0,2,-128
1767174736.646238,0,5,-126
1767174736.656238,1,6,-125
1767174736.666238,1,5,-128
1767174736.676238,1,4,-126
1767174736.686238,0,2,-119
1767174736.696238,-1,1,-118
1767174736.7062385,3,5,-117
1767174736.7162385,5,3,-117
1767174736.7262385,5,2,-121
1767174736.7362382,1,2,-122
1767174736.7462382,2,-1,-123
1767174736.7562382,2,-3,-118
1767174736.7662382,2,0,-118
1767174736.7762382,2,3,-118
1767174736.7862382,2,5,-109
1767174736.7962382,4,5,-115
1767174736.8062382,9,0,-117
1767174736.8162382,11,-1,-119
1767174736.8262382,9,0,-123
1767174736.836238,9,-1,-123
1767174736.846238,4,-2,-123
1767174736.856238,0,-4,-118
1767174736.866238,-4,-5,-115
1767174736.876238,-8,-4,-123
1767174736.886238,-4,-3,-122
1767174736.896238,-2,0,-117
1767174736.906238,-2,-1,-114
1767174736.916238,-3,0,-119
1767174736.926238,-2,4,-124
1767174736.936238,0,2,-127
1767174736.946238,1,3,-128
1767174736.9562385,5,5,-129
1767174736.9662385,4,6,-127
1767174736.9762385,4,3,-125
1767174736.9862382,3,2,-123
1767174736.9962382,2,3,-122
1767174737.0062382,5,5,-114
1767174737.0162382,-2,3,-118
1767174737.0262382,-10,6,-110
1767174737.0362382,-11,7,-110
1767174737.0462382,-8,1,-108
1767174737.0562382,-6,-1,-112
1767174737.0662382,-7,-2,-114
1767174737.0762382,-5,-1,-116
1767174737.086238,-1,-2,-117
1767174737.096238,0,-1,-119
1767174737.106238,2,-5,-120
1767174737.116238,0,0,-120
1767174737.126238,0,1,-121
1767174737.136238,1,0,-119
1767174737.146238,1,-1,-122
1767174737.156238,0,-1,-125
1767174737.166238,0,0,-117
1767174737.176238,0,0,-120
1767174737.186238,-2,-5,-121
1767174737.196238,0,-7,-124
1767174737.2062385,-2,-4,-127
1767174737.2162385,0,-5,-119
1767174737.2262385,-5,-4,-118
1767174737.2362382,-2,-3,-112
1767174737.2462382,-4,-5,-118
1767174737.2562382,-2,-3,-122
1767174737.2662382,2,-5,-124
1767174737.2762382,6,-5,-123
1767174737.2862382,6,-5,-119
1767174737.2962382,9,-8,-122
1767174737.3062382,6,-10,-123
1767174737.3162382,5,-9,-120
1767174737.3262382,0,-6,-125
1767174737.336238,0,-5,-125
1767174737.346238,1,-4,-118
1767174737.356238,-2,-2,-121
1767174737.366238,-4,-1,-120
1767174737.376238,-7,-5,-121
1767174737.386238,-6,-5,-117
1767174737.396238,-2,-3,-111
1767174737.406238,-2,-1,-116
1767174737.416238,-3,0,-124
1767174737.426238,-5,0,-130
1767174737.436238,-7,0,-129
1767174737.446238,-7,-4,-129
1767174737.4562385,-2,-3,-123
1767174737.4662385,-5,-2,-118
1767174737.4762385,-3,-3,-111
1767174737.4862382,-4,-2,-111
1767174737.4962382,0,-3,-106
1767174737.5062382,-2,-2,-106
1767174737.5162382,-3,-4,-104
1767174737.5262382,0,-4,-108
1767174737.5362382,5,-1,-115
1767174737.5462382,3,-3,-119
1767174737.5562382,0,1,-124
1767174737.5662382,0,0,-124
1767174737.5762382,2,0,-125
1767174737.586238,-3,0,-123
1767174737.596238,-9,1,-118
1767174737.606238,-10,2,-117
1767174737.616238,-6,3,-119
1767174737.626238,-3,3,-116
1767174737.636238,-4,-1,-118
1767174737.646238,-6,0,-119
1767174737.656238,-6,-1,-118
1767174737.666238,-5,-1,-119
1767174737.676238,-3,1,-120
1767174737.686238,-3,0,-117
1767174737.696238,-5,2,-113
1767174737.7062385,-6,2,-111
1767174737.7162385,-3,2,-112
1767174737.7262385,4,5,-116
1767174737.7362382,2,3,-117
1767174737.7462382,0,5,-118
1767174737.7562382,2,3,-118
1767174737.7662382,3,1,-124
1767174737.7762382,4,0,-126
1767174737.7862382,8,0,-129
1767174737.7962382,8,0,-133
1767174737.8062382,6,-3,-128
1767174737.8162382,11,-4,-126
1767174737.8262382,13,0,-124
1767174737.836238,12,-3,-121
1767174737.846238,12,-6,-120
1767174737.856238,7,-3,-115
1767174737.866238,5,-3,-121
1767174737.876238,4,-1,-121
1767174737.886238,6,0,-124
1767174737.896238,3,0,-128
1767174737.906238,0,-3,-129
1767174737.916238,-2,0,-131
1767174737.926238,-4,2,-131
1767174737.936238,-2,1,-138
1767174737.946238,-2,3,-131
1767174737.9562385,1,1,-131
1767174737.9662385,0,3,-130
1767174737.9762385,-2,0,-126
1767174737.9862382,0,0,-128
1767174737.9962382,2,-3,-132
1767174738.0062382,2,-3,-127
1767174738.0162382,2,-2,-122
1767174738.0262382,3,-5,-121
1767174738.0362382,3,-3,-125
1767174738.0462382,0,-4,-124
1767174738.0562382,1,-5,-125
1767174738.0662382,6,-2,-125
1767174738.0762382,7,0,-128
1767174738.086238,7,2,-124
1767174738.096238,5,1,-124
1767174738.106238,1,0,-123
1767174738.116238,0,-1,-121
1767174738.126238,5,1,-118
1767174738.136238,4,0,-112
1767174738.146238,4,0,-109
1767174738.156238,-1,0,-111
1767174738.166238,0,-2,-119
1767174738.176238,0,0,-118
1767174738.186238,-1,3,-113
1767174738.196238,4,0,-108
1767174738.2062385,2,2,-108
1767174738.2162385,4,-1,-112
1767174738.2262385,1,1,-109
1767174738.2362382,0,-1,-112
1767174738.2462382,0,-1,-115
1767174738.2562382,0,1,-117
1767174738.2662382,-1,0,-113
1767174738.2762382,-1,0,-119
1767174738.2862382,-2,2,-123
1767174738.2962382,-5,-2,-127
1767174738.3062382,-5,-6,-131
1767174738.3162382,-4,-6,-130
1767174738.3262382,-6,-3,-130
1767174738.336238,-3,-1,-130
1767174738.346238,-5,-1,-127
1767174738.356238,-3,-1,-127
1767174738.366238,0,0,-131
1767174738.376238,-3,0,-131
1767174738.386238,0,-3,-129
1767174738.396238,0,-1,-127
1767174738.406238,2,0,-124
1767174738.416238,7,0,-128
1767174738.426238,4,0,-123
1767174738.436238,1,1,-115
1767174738.446238,-2,-1,-115
1767174738.4562385,-5,-4,-112
1767174738.4662385,-2,-2,-109
1767174738.4762385,0,1,-113
1767174738.4862382,-1,0,-112
1767174738.4962382,-5,-3,-105
1767174738.5062382,-7,-5,-112
1767174738.517238,-9,-9,-118
1767174738.5262382,-7,-5,-118
1767174738.537238,-6,-4,-116
1767174738.547238,-6,-1,-121
1767174738.557238,-3,-3,-118
1767174738.567238,-4,-3,-117
1767174738.577238,-2,-1,-115
1767174738.587238,-4,0,-125
1767174738.597238,-8,0,-127
1767174738.607238,-4,0,-126
1767174738.617238,-7,-1,-123
1767174738.627238,-7,-4,-123
1767174738.6372385,-3,-3,-120
1767174738.6472385,-1,-1,-121
1767174738.6572382,0,1,-122
1767174738.6672382,1,0,-126
1767174738.6772382,-2,-1,-124
1767174738.6872382,-4,0,-121
1767174738.6972382,-3,-2,-121
1767174738.7072382,0,-2,-124
1767174738.7172382,1,-4,-126
1767174738.7272382,2,-5,-129
1767174738.7372382,4,-5,-126
1767174738.7472382,0,-6,-125
1767174738.757238,-2,-6,-128
1767174738.767238,2,-2,-130
1767174738.777238,3,0,-127
1767174738.787238,3,0,-127
1767174738.797238,4,-3,-121
1767174738.807238,0,-3,-119
1767174738.817238,-3,-1,-120
1767174738.827238,-3,-4,-118
1767174738.837238,0,-5,-125
1767174738.847238,0,-3,-132
1767174738.857238,1,-4,-127
1767174738.867238,-1,-3,-123
1767174738.877238,-1,-3,-122
1767174738.899238,4,-2,-122
1767174738.9072382,3,-4,-123
1767174738.9172382,6,-4,-124
1767174738.9272382,2,-3,-119
1767174738.9372382,2,1,-124
1767174738.9472382,2,-2,-122
1767174738.9572382,4,-3,-115
1767174738.9672382,4,-7,-116
1767174738.9772382,1,-8,-116
1767174738.9872382,-2,-8,-113
1767174738.9972382,-3,-6,-115
1767174739.007238,-1,-3,-123
1767174739.017238,-1,-7,-120
1767174739.027238,1,-8,-124
1767174739.037238,2,-9,-132
1767174739.047238,0,-9,-126
1767174739.057238,1,-5,-118
1767174739.067238,5,-4,-121
1767174739.077238,3,-4,-132
1767174739.087238,1,-2,-129
1767174739.097238,1,-3,-125
1767174739.107238,0,-5,-123
1767174739.117238,-1,-4,-124
1767174739.127238,1,-2,-123
1767174739.1372385,-1,-1,-124
1767174739.1472385,-3,-4,-120
1767174739.1572382,1,-5,-116
1767174739.1672382,5,-4,-107
1767174739.1772382,3,-4,-110
1767174739.1872382,-1,-1,-113
1767174739.1972382,1,-2,-112
1767174739.2072382,0,-3,-119
1767174739.2172382,-2,1,-124
1767174739.2272382,-3,-2,-122
1767174739.2372382,-4,-3,-119
1767174739.2472382,-2,-2,-121
1767174739.257238,-3,0,-119
1767174739.267238,-2,-3,-121
1767174739.277238,-3,-4,-123
1767174739.287238,-4,-3,-124
1767174739.297238,-5,2,-122
1767174739.307238,-5,2,-117
1767174739.317238,-4,0,-115
1767174739.327238,-4,2,-118
1767174739.337238,0,1,-126
1767174739.347238,-2,-2,-129
1767174739.357238,-7,3,-132
1767174739.367238,-5,5,-129
1767174739.377238,-2,2,-131
1767174739.3872385,-1,-3,-129
1767174739.3972385,0,-4,-116
1767174739.4072382,-2,-2,-122
1767174739.4172382,-6,0,-118
1767174739.4272382,-6,-3,-120
1767174739.4372382,-3,-3,-122
1767174739.4472382,-4,-1,-126
1767174739.4572382,-3,0,-131
1767174739.4672382,-1,0,-128
1767174739.4772382,4,0,-126
1767174739.4872382,1,0,-125
1767174739.4972382,-1,0,-124
1767174739.507238,-3,0,-116
1767174739.517238,0,3,-114
1767174739.527238,2,2,-121
1767174739.537238,3,1,-126
1767174739.547238,2,-4,-119
1767174739.557238,3,-7,-121
1767174739.567238,6,-4,-120
1767174739.577238,4,1,-118
1767174739.587238,5,0,-112
1767174739.597238,10,-1,-109
1767174739.607238,14,-3,-97
1767174739.617238,13,0,-97
1767174739.627238,8,1,-100
1767174739.6372385,4,3,-112
1767174739.6472385,0,3,-117
1767174739.6572382,-4,0,-125
1767174739.6672382,-2,-2,-129
1767174739.6772382,-3,-3,-119
1767174739.6872382,-2,-2,-112
1767174739.6972382,2,-1,-107
1767174739.7072382,1,-2,-102
1767174739.7172382,1,-3,-109
1767174739.7272382,1,-5,-111
1767174739.7372382,-1,-5,-110
1767174739.7472382,-1,0,-113
1767174739.757238,0,1,-111
1767174739.767238,1,-2,-119
1767174739.777238,3,-5,-119
1767174739.787238,0,-1,-118
1767174739.797238,0,3,-117
1767174739.807238,-2,0,-116
1767174739.817238,-4,2,-118
1767174739.827238,4,3,-113
1767174739.837238,7,-1,-112
1767174739.847238,1,2,-106
1767174739.857238,-7,0,-106
1767174739.867238,-10,-1,-103
1767174739.877238,-5,0,-106
1767174739.8872385,-4,0,-109
1767174739.8972385,-2,0,-109
1767174739.9072382,-7,2,-113
1767174739.9172382,0,0,-114
1767174739.9272382,3,-2,-118
1767174739.9372382,2,-1,-121
1767174739.9472382,0,0,-115
1767174739.9572382,-2,-3,-111
1767174739.9672382,-3,-5,-109
1767174739.9772382,-5,-2,-113
1767174739.9872382,-2,-4,-115
1767174739.9972382,-3,-9,-125
1767174740.007238,-4,-5,-125
1767174740.017238,-3,1,-114
1767174740.027238,-3,0,-111
1767174740.037238,0,2,-110
1767174740.047238,0,1,-112
1767174740.057238,-3,1,-115
1767174740.067238,-5,-5,-116
1767174740.077238,-6,-6,-117
1767174740.087238,-4,-7,-123
1767174740.097238,-4,-6,-124
1767174740.107238,-4,-4,-123
1767174740.117238,-1,-6,-118
1767174740.127238,-3,-7,-118
1767174740.1372385,-2,-5,-125
1767174740.1472385,0,-2,-123
1767174740.1572382,-3,-2,-125
1767174740.1672382,0,-4,-126
1767174740.1772382,4,-5,-129
1767174740.1872382,6,-4,-130
1767174740.1972382,5,-3,-127
1767174740.2072382,7,-6,-126
1767174740.2172382,9,-6,-127
1767174740.2272382,9,-7,-124
1767174740.2372382,7,-10,-120
1767174740.2472382,6,-7,-123
1767174740.257238,2,-8,-121
1767174740.267238,0,-7,-119
1767174740.277238,-1,-5,-122
1767174740.287238,-1,-3,-129
1767174740.297238,-1,-1,-128
1767174740.307238,1,0,-128
1767174740.317238,-6,-1,-133
1767174740.327238,-5,-2,-132
1767174740.337238,-8,-3,-129
1767174740.347238,-6,-3,-131
1767174740.357238,-4,-1,-134
1767174740.367238,0,-4,-128
1767174740.377238,1,-3,-129
1767174740.3872385,2,-4,-121
1767174740.3972385,1,-8,-112
1767174740.4072382,0,-7,-116
1767174740.4172382,-3,-5,-115
1767174740.4272382,-7,-3,-119
1767174740.4372382,-8,0,-120
1767174740.4472382,-4,5,-117
1767174740.4572382,1,3,-116
1767174740.4672382,0,0,-121
1767174740.4772382,1,-1,-119
1767174740.4872382,1,-3,-113
1767174740.4972382,1,-1,-113
1767174740.507238,2,1,-118
1767174740.517238,3,1,-114
1767174740.527238,0,-3,-116
1767174740.537238,0,-4,-118
1767174740.547238,-2,-4,-115
1767174740.557238,0,0,-126
1767174740.567238,2,-2,-126
1767174740.577238,1,1,-121
1767174740.587238,-1,2,-125
1767174740.597238,-2,1,-128
1767174740.607238,-1,-1,-128
1767174740.617238,-2,-5,-133
1767174740.627238,0,-4,-136
1767174740.6372385,-1,0,-129
1767174740.6472385,0,-1,-120
1767174740.6572382,4,-1,-125
1767174740.6672382,0,-2,-125
1767174740.6772382,0,-5,-128
1767174740.6872382,-2,-1,-126
1767174740.6972382,-8,0,-119
1767174740.7072382,-8,0,-120
1767174740.7172382,-5,2,-115
1767174740.7272382,-1,3,-110
1767174740.7372382,0,0,-116
1767174740.7472382,-6,-1,-119
1767174740.757238,-5,0,-121
1767174740.767238,-5,0,-121
1767174740.777238,-4,0,-116
1767174740.787238,-6,1,-120
1767174740.797238,-5,0,-125
1767174740.807238,-8,1,-122
1767174740.817238,-4,0,-127
1767174740.827238,-5,0,-135
1767174740.837238,-4,-1,-129
1767174740.847238,-2,0,-124
1767174740.857238,-1,1,-124
1767174740.867238,-3,-3,-125
1767174740.877238,-2,-3,-118
1767174740.8872385,-1,-6,-117
1767174740.8972385,-2,-5,-121
1767174740.9072382,-3,0,-121
1767174740.9172382,-8,-1,-126
1767174740.9272382,-7,-2,-124
1767174740.9372382,-4,-4,-124
1767174740.9472382,-2,-6,-119
1767174740.9572382,-1,-7,-120
1767174740.9672382,-1,-8,-119
1767174740.9772382,-1,-12,-116
1767174740.9872382,0,-10,-124
1767174740.9972382,-1,-6,-129
1767174741.007238,0,-6,-133
1767174741.017238,0,-5,-137
1767174741.027238,-1,-4,-138
1767174741.037238,-1,-4,-135
1767174741.047238,-2,-1,-132
1767174741.057238,-3,-4,-126
1767174741.067238,-4,-1,-120
1767174741.077238,-4,0,-118
1767174741.087238,0,3,-118
1767174741.097238,0,3,-112
1767174741.107238,2,5,-107
1767174741.117238,5,3,-105
1767174741.127238,5,0,-100
1767174741.1372385,2,-3,-97
1767174741.1472385,2,1,-102
1767174741.1572382,0,7,-107
1767174741.1672382,-2,5,-111
1767174741.1782382,-5,3,-110
1767174741.188238,-3,2,-109
1767174741.198238,-4,3,-117
1767174741.208238,0,-1,-117
1767174741.218238,1,-3,-119
1767174741.228238,0,-2,-120
1767174741.238238,-2,0,-124
1767174741.248238,-2,-2,-121
1767174741.258238,-2,-2,-118
1767174741.268238,-3,-5,-119
1767174741.278238,-3,0,-121
1767174741.288238,-1,0,-115
1767174741.298238,-2,0,-117
1767174741.3082385,-2,0,-123
1767174741.3182385,-8,0,-126
1767174741.3282382,-4,-3,-122
1767174741.3382382,-6,-6,-117
1767174741.3482382,-4,-8,-119
1767174741.3582382,-4,-8,-121
1767174741.3682382,-7,-6,-123
1767174741.3782382,-6,-3,-125
1767174741.3882382,-4,-1,-128
1767174741.3982382,-1,-4,-124
1767174741.4082382,2,-4,-117
1767174741.4182382,0,-6,-117
1767174741.4282382,2,-3,-119
1767174741.438238,1,-3,-115
1767174741.448238,-2,-3,-116
1767174741.458238,-4,-5,-118
1767174741.468238,-5,-6,-118
1767174741.478238,-4,-4,-112
1767174741.488238,-8,-6,-112
1767174741.498238,-10,-2,-118
1767174741.508238,-4,0,-122
1767174741.518238,0,0,-116
1767174741.528238,3,-7,-113
1767174741.538238,4,-9,-114
1767174741.548238,3,-6,-119
1767174741.5582385,2,-8,-129
1767174741.5682385,7,-4,-126
1767174741.5782382,2,-4,-131
1767174741.5882382,1,-4,-134
1767174741.5982382,4,-5,-129
1767174741.6082382,1,-4,-123
1767174741.6182382,0,0,-124
1767174741.6282382,-1,2,-123
1767174741.6382382,2,6,-124
1767174741.6482382,2,4,-119
1767174741.6582382,3,6,-122
1767174741.6682382,6,0,-124
1767174741.6782382,3,-3,-121
1767174741.688238,4,-2,-118
1767174741.698238,4,-1,-122
1767174741.708238,4,-5,-127
1767174741.718238,3,-7,-129
1767174741.728238,1,-5,-128
1767174741.738238,2,-2,-131
1767174741.748238,4,0,-126
1767174741.758238,3,1,-118
1767174741.768238,5,0,-114
1767174741.778238,2,4,-116
1767174741.788238,5,2,-112
1767174741.798238,9,-1,-111
1767174741.8082385,5,3,-114
1767174741.8182385,5,0,-120
1767174741.8282382,3,2,-123
1767174741.8382382,-2,1,-125
1767174741.8482382,0,0,-130
1767174741.8582382,2,7,-134
1767174741.8682382,5,5,-131
1767174741.8782382,7,0,-136
1767174741.8882382,5,3,-132
1767174741.8982382,3,3,-135
1767174741.9082382,2,2,-136
1767174741.9182382,7,-2,-133
1767174741.9282382,1,-3,-129
1767174741.938238,0,-6,-126
1767174741.948238,3,-6,-127
1767174741.958238,2,-7,-127
1767174741.968238,2,-5,-116
1767174741.978238,5,-3,-123
1767174741.988238,0,-4,-124
1767174741.998238,-2,-4,-123
1767174742.008238,0,-6,-128
1767174742.018238,3,-3,-128
1767174742.028238,2,-1,-131
1767174742.038238,2,-1,-130
1767174742.048238,-1,0,-127
1767174742.0582385,3,-1,-122
1767174742.0682385,5,-1,-121
1767174742.0782382,4,0,-129
1767174742.0882382,1,-2,-124
1767174742.0982382,0,-3,-118
1767174742.1082382,-5,-3,-117
1767174742.1182382,-7,0,-115
1767174742.1282382,-8,-1,-113
1767174742.1382382,-6,0,-115
1767174742.1482382,-2,0,-114
1767174742.1582382,0,0,-113
1767174742.1682382,2,-6,-115
1767174742.1782382,1,-7,-113
1767174742.188238,0,-5,-117
1767174742.198238,-4,-7,-119
1767174742.208238,-5,-7,-125
1767174742.218238,-6,-7,-131
1767174742.228238,0,-3,-120
1767174742.238238,-1,-2,-121
1767174742.248238,-2,-4,-121
1767174742.258238,-5,0,-114
1767174742.268238,1,0,-119
1767174742.278238,-1,2,-123
1767174742.288238,-3,0,-126
1767174742.298238,-4,-1,-124
1767174742.3082385,-3,1,-125
1767174742.3182385,0,0,-126
1767174742.3282382,1,0,-123
1767174742.3382382,0,-1,-126
1767174742.3482382,-2,1,-123
1767174742.3582382,-2,2,-120
1767174742.3682382,0,5,-122
1767174742.3782382,2,2,-125
1767174742.3882382,2,-1,-124
1767174742.3982382,5,-4,-121
1767174742.4082382,5,-4,-120
1767174742.4182382,6,-3,-112
1767174742.4282382,9,-2,-114
1767174742.438238,8,-1,-114
1767174742.448238,4,-2,-115
1767174742.458238,5,-3,-122
1767174742.468238,3,0,-129
1767174742.478238,2,0,-127
1767174742.488238,1,0,-120
1767174742.498238,-3,2,-120
1767174742.508238,-5,1,-121
1767174742.518238,-5,1,-117
1767174742.528238,-5,4,-111
1767174742.538238,-5,3,-108
1767174742.548238,-2,0,-117
1767174742.5582385,1,-1,-121
1767174742.5682385,-1,-5,-120
1767174742.5782382,-4,-3,-120
1767174742.5882382,-5,-3,-122
1767174742.5982382,-3,-2,-126
1767174742.6082382,-6,0,-128
1767174742.6182382,-5,-2,-134
1767174742.6282382,-6,-5,-133
1767174742.6382382,-4,-6,-132
1767174742.6482382,0,-5,-127
1767174742.6582382,0,-6,-133
1767174742.6682382,-3,-4,-130
1767174742.6782382,-3,-3,-131
1767174742.688238,-8,-6,-135
1767174742.698238,-9,-8,-129
1767174742.708238,-4,-7,-124
1767174742.718238,-1,-9,-123
1767174742.728238,0,-7,-129
1767174742.738238,0,-8,-131
1767174742.748238,-2,-10,-132
1767174742.758238,-5,-10,-130
1767174742.768238,-3,-11,-125
1767174742.778238,-2,-13,-121
1767174742.788238,-1,-7,-115
1767174742.798238,-1,-2,-112
1767174742.8082385,-3,0,-114
1767174742.8182385,-1,-3,-114
1767174742.8282382,-2,-10,-116
1767174742.8382382,0,-10,-120
1767174742.8482382,-1,-9,-115
1767174742.8582382,0,-8,-120
1767174742.8682382,2,-5,-121
1767174742.8782382,1,-4,-121
1767174742.8882382,-3,-3,-116
1767174742.8982382,-2,-4,-119
1767174742.9082382,-1,-3,-117
1767174742.9182382,1,-5,-115
1767174742.9282382,1,-3,-116
1767174742.938238,0,0,-120
1767174742.948238,0,0,-119
1767174742.958238,-5,0,-121
1767174742.968238,-6,3,-117
1767174742.978238,-6,1,-114
1767174742.988238,-7,-1,-118
1767174742.998238,-1,-5,-124
1767174743.008238,-2,-7,-127
1767174743.018238,2,-1,-127
1767174743.028238,0,3,-125
1767174743.038238,2,1,-122
1767174743.048238,5,-1,-122
1767174743.0582385,4,2,-122
1767174743.0682385,4,1,-120
1767174743.0782382,3,3,-122
1767174743.0882382,0,1,-126
1767174743.0982382,-3,0,-124
1767174743.1082382,-10,5,-130
1767174743.1182382,-11,2,-124
1767174743.1282382,-4,2,-124
1767174743.1382382,-8,6,-123
1767174743.1482382,-13,1,-124
1767174743.1582382,-9,0,-117
1767174743.1682382,-5,1,-118
1767174743.1782382,-7,1,-112
1767174743.188238,-7,-1,-115
1767174743.198238,-3,-5,-115
1767174743.208238,-2,-6,-116
1767174743.218238,-5,-4,-114
1767174743.228238,-7,0,-120
1767174743.238238,-5,-1,-119
1767174743.248238,-6,-1,-121
1767174743.258238,-8,0,-114
1767174743.268238,-6,2,-114
1767174743.278238,-2,4,-118
1767174743.288238,0,4,-118
1767174743.298238,0,5,-122
1767174743.3082385,2,4,-123
1767174743.3182385,4,7,-113
1767174743.3282382,10,5,-117
1767174743.3382382,9,6,-116
1767174743.3482382,8,4,-115
1767174743.3582382,7,4,-113
1767174743.3682382,2,0,-117
1767174743.3782382,6,0,-115
1767174743.3882382,3,5,-121
1767174743.3982382,0,3,-123
1767174743.4082382,0,5,-129
1767174743.4182382,-4,5,-126
1767174743.4282382,-4,4,-130
1767174743.438238,0,1,-126
1767174743.448238,4,-3,-126
1767174743.458238,3,-5,-123
1767174743.468238,1,-1,-121
1767174743.478238,0,-3,-121
1767174743.488238,-2,-7,-124
1767174743.498238,-4,-11,-121
1767174743.508238,-6,-8,-123
1767174743.518238,-3,-5,-123
1767174743.528238,-2,-2,-128
1767174743.538238,0,-2,-126
1767174743.548238,5,-3,-117
1767174743.5582385,2,-1,-120
1767174743.5682385,2,2,-123
1767174743.5782382,5,1,-121
1767174743.5882382,4,2,-117
1767174743.5982382,7,1,-114
1767174743.6082382,7,4,-111
1767174743.6182382,11,7,-104
1767174743.6282382,9,5,-106
1767174743.6382382,8,2,-105
1767174743.6482382,5,-2,-107
1767174743.6582382,3,-3,-112
1767174743.6682382,4,-5,-118
1767174743.6782382,6,-4,-117
1767174743.688238,3,-5,-115
1767174743.698238,1,-6,-118
1767174743.708238,1,-6,-123
1767174743.718238,4,-1,-128
1767174743.728238,3,-3,-125
1767174743.738238,0,-6,-121
1767174743.748238,1,-4,-119
1767174743.758238,3,-4,-121
1767174743.768238,6,-1,-126
1767174743.778238,8,-4,-130
1767174743.788238,5,-4,-121
1767174743.798238,0,0,-118
1767174743.8082385,0,-1,-117
1767174743.8182385,-2,1,-116
1767174743.8292382,2,-1,-119
1767174743.8392382,-5,0,-115
1767174743.8492382,-7,4,-122
1767174743.8582382,-5,3,-117
1767174743.869238,-4,4,-123
1767174743.879238,-3,2,-127
1767174743.889238,0,-1,-126
1767174743.9112382,1,-2,-128
1767174743.919238,0,3,-133
1767174743.929238,-1,8,-132
1767174743.939238,-2,8,-128
1767174743.949238,3,8,-120
1767174743.959238,2,4,-115
1767174743.969238,2,-1,-110
1767174743.9792385,4,-6,-109
1767174743.9892385,0,-6,-107
1767174743.9992385,1,-7,-108
1767174744.0092382,0,-2,-106
1767174744.0192382,6,-3,-108
1767174744.0292382,5,-1,-114
1767174744.0392382,3,0,-119
1767174744.0492382,3,-4,-123
1767174744.0592382,5,-5,-124
1767174744.0692382,3,-5,-123
1767174744.0792382,1,0,-123
1767174744.0892382,0,-2,-127
1767174744.0992382,-1,-2,-128
1767174744.109238,-3,-2,-125
1767174744.119238,-2,0,-124
1767174744.129238,-1,-4,-127
1767174744.139238,-2,-5,-137
1767174744.149238,-6,-5,-136
1767174744.159238,-7,-4,-141
1767174744.169238,-1,-3,-133
1767174744.179238,0,1,-125
1767174744.189238,0,0,-127
1767174744.199238,-2,-4,-124
1767174744.209238,-3,-3,-119
1767174744.219238,1,-4,-116
1767174744.2292385,0,-4,-114
1767174744.2392385,-5,-4,-114
1767174744.2492385,-6,-3,-112
1767174744.2592382,-5,-5,-116
1767174744.2692382,-4,-7,-118
1767174744.2792382,-5,-7,-117
1767174744.2892382,-3,-10,-117
1767174744.2992382,-8,-8,-116
1767174744.3092382,-10,-2,-115
1767174744.3192382,-7,2,-125
1767174744.3292382,-4,7,-121
1767174744.3392382,-7,5,-117
1767174744.3492382,0,2,-121
1767174744.359238,-2,6,-122
1767174744.369238,0,1,-117
1767174744.379238,1,-2,-112
1767174744.389238,-2,-2,-108
1767174744.399238,-2,-2,-108
1767174744.409238,0,0,-109
1767174744.419238,-1,-1,-112
1767174744.429238,-1,-4,-113
1767174744.439238,0,-4,-113
1767174744.449238,3,-7,-115
1767174744.459238,3,-10,-117
1767174744.469238,-5,-11,-122
1767174744.4792385,-3,-9,-120
1767174744.4892385,-4,-10,-120
1767174744.4992385,-9,-13,-117
1767174744.5092382,-6,-11,-123
1767174744.5192382,-1,-7,-123
1767174744.5292382,-6,-7,-122
1767174744.5392382,-5,-5,-124
1767174744.5492382,-3,-7,-118
1767174744.5592382,-4,-6,-119
1767174744.5692382,-4,-6,-124
1767174744.5792382,-1,-4,-124
1767174744.5892382,-3,-3,-128
1767174744.5992382,-1,-3,-124
1767174744.609238,0,-3,-121
1767174744.619238,2,-3,-116
1767174744.629238,2,-1,-112
1767174744.639238,3,-3,-116
1767174744.649238,4,-2,-116
1767174744.659238,3,-1,-112
1767174744.669238,1,-1,-108
1767174744.679238,2,0,-120
1767174744.689238,4,0,-115
1767174744.699238,1,1,-118
1767174744.709238,0,0,-116
1767174744.719238,0,0,-114
1767174744.7292385,0,-1,-117
1767174744.7392385,1,-2,-117
1767174744.7492385,0,-2,-126
1767174744.7592382,-5,-2,-128
1767174744.7692382,-9,-2,-127
1767174744.7792382,-5,-5,-122
1767174744.7892382,-3,-5,-124
1767174744.7992382,-2,-5,-124
1767174744.8092382,0,-6,-116
1767174744.8192382,0,-4,-116
1767174744.8292382,2,-4,-123
1767174744.8392382,3,-4,-126
1767174744.8492382,3,-4,-126
1767174744.859238,1,-3,-123
1767174744.869238,-2,-3,-122
1767174744.879238,0,-3,-130
1767174744.889238,-1,-1,-126
1767174744.899238,-1,1,-132
1767174744.909238,3,1,-132
1767174744.919238,1,0,-127
1767174744.929238,-1,-1,-118
1767174744.939238,-1,-4,-116
1767174744.949238,1,-1,-117
1767174744.959238,6,-3,-121
1767174744.969238,5,-8,-119
1767174744.9792385,5,-6,-113
1767174744.9892385,3,-1,-114
1767174744.9992385,3,-1,-117
1767174745.0092382,6,-2,-113
1767174745.0192382,2,0,-118
1767174745.0292382,-1,-2,-113
1767174745.0392382,-1,-5,-114
1767174745.0492382,-1,-9,-123
1767174745.0592382,0,-4,-120
1767174745.0692382,-1,-2,-118
1767174745.0792382,0,0,-113
1767174745.0892382,-3,2,-108
1767174745.0992382,-4,2,-110
1767174745.109238,-7,0,-109
1767174745.119238,-8,-3,-116
1767174745.129238,-8,-1,-118
1767174745.139238,-7,-3,-122
1767174745.149238,-7,0,-116
1767174745.159238,-8,0,-116
1767174745.169238,-9,0,-111
1767174745.179238,-11,-3,-116
1767174745.189238,-7,-4,-123
1767174745.199238,-7,-6,-124
1767174745.209238,-5,-7,-120
1767174745.219238,0,-8,-117
1767174745.2292385,0,-12,-112
1767174745.2392385,0,-8,-113
1767174745.2492385,4,-3,-118
1767174745.2592382,7,-2,-128
1767174745.2692382,5,0,-128
1767174745.2792382,5,2,-125
1767174745.2892382,2,5,-117
1767174745.2992382,2,4,-123
1767174745.3092382,4,1,-130
1767174745.3192382,5,-3,-127
1767174745.3292382,2,-2,-126
1767174745.3392382,2,2,-124
1767174745.3492382,2,1,-118
1767174745.359238,3,4,-110
1767174745.369238,-1,2,-115
1767174745.379238,-2,0,-119
1767174745.389238,-5,0,-120
1767174745.399238,-5,0,-117
1767174745.409238,-7,-1,-115
1767174745.419238,-8,0,-115
1767174745.429238,-5,0,-119
1767174745.439238,1,0,-116
1767174745.449238,1,-2,-118
1767174745.459238,0,0,-117
1767174745.469238,-1,0,-121
1767174745.4792385,-2,-1,-122
1767174745.4892385,-3,-5,-117
1767174745.4992385,0,-9,-119
1767174745.5092382,2,-11,-119
1767174745.5192382,0,-8,-119
1767174745.5292382,-2,-7,-122
1767174745.5392382,1,-3,-123
1767174745.5492382,1,-6,-131
1767174745.5592382,0,-8,-128
1767174745.5692382,-4,-3,-130
1767174745.5792382,-5,0,-129
1767174745.5892382,-6,0,-128
1767174745.5992382,-8,-2,-131
1767174745.609238,-6,-1,-126
1767174745.619238,-9,-4,-127
1767174745.629238,-11,-2,-129
1767174745.639238,-11,0,-126
1767174745.649238,-8,-1,-129
1767174745.659238,-7,0,-126
1767174745.669238,-5,3,-124
1767174745.679238,-6,5,-124
1767174745.689238,-5,5,-126
1767174745.699238,-3,1,-124
1767174745.709238,0,0,-125
1767174745.719238,-1,1,-125
1767174745.7292385,-5,-2,-126
1767174745.7392385,0,0,-126
1767174745.7492385,0,-1,-127
1767174745.7592382,1,-1,-122
1767174745.7692382,0,-1,-123
1767174745.7792382,-3,-3,-124
1767174745.7892382,-5,-3,-121
1767174745.7992382,-3,-2,-125
1767174745.8092382,-3,-5,-124
1767174745.8192382,-4,-3,-126
1767174745.8292382,-2,-1,-132
1767174745.8392382,-4,-3,-122
1767174745.8492382,-4,-3,-124
1767174745.859238,0,-2,-119
1767174745.869238,-1,0,-108
1767174745.879238,-1,2,-112
1767174745.889238,-1,-2,-113
1767174745.899238,-5,0,-115
1767174745.909238,-7,0,-115
1767174745.919238,-5,0,-111
1767174745.929238,-2,-2,-116
1767174745.939238,-1,-5,-122
1767174745.949238,0,-6,-119
1767174745.959238,1,0,-120
1767174745.969238,1,0,-118
1767174745.9792385,3,2,-121
1767174745.9892385,4,2,-117
1767174745.9992385,1,0,-122
1767174746.0092382,2,2,-123
1767174746.0192382,3,2,-121
1767174746.0292382,3,3,-124
1767174746.0392382,7,1,-122
1767174746.0492382,7,2,-117
1767174746.0592382,5,-1,-113
1767174746.0692382,1,-3,-117
1767174746.0792382,1,-3,-116
1767174746.0892382,2,-2,-121
1767174746.0992382,0,0,-120
1767174746.109238,-2,0,-124
1767174746.119238,-2,-1,-118
1767174746.129238,0,0,-118
1767174746.139238,-2,0,-113
1767174746.149238,-3,-4,-116
1767174746.159238,-6,0,-119
1767174746.169238,-6,-2,-118
1767174746.179238,-10,0,-120
1767174746.189238,-8,1,-112
1767174746.199238,-5,2,-107
1767174746.209238,-2,0,-110
1767174746.219238,-1,0,-113
1767174746.2292385,-1,0,-118
1767174746.2392385,-2,2,-112
1767174746.2492385,0,0,-105
1767174746.2592382,-3,-2,-110
1767174746.2692382,-4,0,-114
1767174746.2792382,-5,4,-117
1767174746.2892382,-2,3,-125
1767174746.2992382,-3,2,-124
1767174746.3092382,-4,1,-131
1767174746.3192382,-1,-1,-129
1767174746.3292382,-3,1,-132
1767174746.3392382,0,2,-133
1767174746.3492382,-5,2,-128
1767174746.359238,-4,0,-125
1767174746.369238,-6,-1,-128
1767174746.379238,-3,-4,-124
1767174746.389238,-6,-6,-124
1767174746.399238,-7,1,-125
1767174746.409238,-8,3,-124
1767174746.419238,-11,3,-121
1767174746.429238,-12,4,-123
1767174746.4402382,-13,1,-120
1767174746.449238,-7,-1,-120
1767174746.459238,-8,-5,-118
1767174746.4702382,-5,-5,-115
1767174746.4792385,-5,-2,-119
1767174746.4902382,-5,-1,-120
1767174746.4992385,-5,-2,-126
1767174746.5102382,-4,0,-130
1767174746.5202382,-2,0,-132
1767174746.5302382,-5,0,-124
1767174746.540238,-5,-1,-124
1767174746.550238,-8,-1,-128
1767174746.560238,-7,-3,-126
1767174746.570238,-5,-5,-124
1767174746.580238,-4,-6,-122
1767174746.590238,-7,-2,-121
1767174746.600238,-5,-3,-114
1767174746.610238,-4,-1,-116
1767174746.620238,0,-1,-113
1767174746.630238,5,1,-113
1767174746.640238,10,0,-114
1767174746.650238,10,0,-115
1767174746.6602385,13,5,-121
1767174746.6702385,13,4,-114
1767174746.6802382,9,4,-126
1767174746.6902382,6,2,-125
1767174746.7002382,3,4,-124
1767174746.7102382,5,2,-128
1767174746.7202382,-4,0,-124
1767174746.7302382,-4,2,-120
1767174746.7402382,-8,3,-123
1767174746.7502382,-10,5,-128
1767174746.7602382,-4,7,-133
1767174746.7702382,-3,6,-133
1767174746.7802382,-4,2,-130
1767174746.790238,-1,0,-131
1767174746.800238,0,-1,-128
1767174746.810238,3,-2,-128
1767174746.820238,0,-4,-121
1767174746.830238,-4,-4,-117
1767174746.840238,-6,-2,-116
1767174746.850238,-8,0,-110
1767174746.860238,-6,1,-117
1767174746.870238,-8,1,-120
1767174746.880238,-11,4,-116
1767174746.890238,-9,5,-117
1767174746.900238,-7,6,-118
1767174746.9102385,-6,3,-114
1767174746.9202385,-6,7,-115
1767174746.9302382,-6,0,-120
1767174746.9402382,-4,0,-127
1767174746.9502382,1,0,-124
1767174746.9602382,2,-4,-128
1767174746.9702382,-1,-3,-123
1767174746.9802382,-2,-3,-120
1767174746.9902382,-7,-2,-117
1767174747.0002382,-3,2,-115
1767174747.0102382,-3,4,-110
1767174747.0202382,-5,4,-104
1767174747.0302382,-3,4,-108
1767174747.040238,-7,1,-107
1767174747.050238,-9,0,-108
1767174747.060238,-8,-1,-110
1767174747.070238,-13,-1,-113
1767174747.080238,-8,0,-111
1767174747.090238,-3,-1,-115
1767174747.100238,0,-4,-117
1767174747.110238,-2,-6,-117
1767174747.120238,-4,-3,-125
1767174747.130238,-6,0,-132
1767174747.140238,-5,-2,-126
1767174747.150238,0,0,-121
1767174747.1602385,-4,0,-121
1767174747.1702385,-3,-1,-124
1767174747.1802382,-5,-3,-123
1767174747.1902382,-7,-3,-123
1767174747.2002382,-5,-5,-121
1767174747.2102382,-2,0,-126
1767174747.2202382,-2,1,-126
1767174747.2302382,0,5,-121
1767174747.2402382,3,0,-122
1767174747.2502382,0,0,-123
1767174747.2602382,2,-2,-124
1767174747.2702382,-4,0,-127
1767174747.2802382,-2,0,-125
1767174747.290238,0,0,-127
1767174747.300238,0,0,-123
1767174747.310238,1,-4,-127
1767174747.320238,5,-7,-132
1767174747.330238,3,-7,-136
1767174747.340238,0,-1,-125
1767174747.350238,-3,2,-118
1767174747.360238,-6,0,-118
1767174747.370238,0,-2,-117
1767174747.380238,0,-4,-118
1767174747.390238,-2,-8,-119
1767174747.400238,-4,-6,-121
1767174747.4102385,-4,-4,-115
1767174747.4202385,0,-3,-120
1767174747.4302382,3,0,-122
1767174747.4402382,0,-1,-123
1767174747.4502382,-1,0,-122
1767174747.4602382,-2,0,-122
1767174747.4702382,-3,0,-126
1767174747.4802382,-3,-1,-126
1767174747.4902382,-2,0,-118
1767174747.5002382,0,-2,-119
1767174747.5102382,2,-4,-117
1767174747.5202382,4,-7,-116
1767174747.5302382,5,-1,-114
1767174747.540238,0,1,-115
1767174747.550238,-2,3,-120
1767174747.560238,-4,4,-124
1767174747.570238,-4,3,-118
1767174747.580238,-2,3,-117
1767174747.590238,-10,0,-122
1767174747.600238,-7,0,-123
1767174747.610238,-5,4,-120
1767174747.620238,0,2,-117
1767174747.630238,1,4,-122
1767174747.640238,2,6,-123
1767174747.650238,3,3,-124
1767174747.6602385,4,2,-125
1767174747.6702385,6,2,-126
1767174747.6802382,5,0,-127
1767174747.6902382,4,-1,-124
1767174747.7002382,2,1,-115
1767174747.7102382,0,0,-109
1767174747.7202382,-2,-2,-114
1767174747.7302382,-3,-2,-116
1767174747.7402382,-5,-5,-119
1767174747.7502382,0,-5,-121
1767174747.7602382,-1,0,-120
1767174747.7702382,0,0,-127
1767174747.7802382,2,-2,-123
1767174747.790238,2,-5,-119
1767174747.800238,7,-4,-117
1767174747.810238,7,-3,-122
1767174747.820238,5,-1,-119
1767174747.830238,2,-2,-124
1767174747.840238,-2,-4,-125
1767174747.850238,-2,-2,-123
1767174747.860238,-6,0,-124
1767174747.870238,-7,-2,-118
1767174747.880238,-4,-9,-118
1767174747.890238,-2,-8,-120
1767174747.900238,3,-7,-119
1767174747.9102385,4,-4,-117
1767174747.9202385,0,-1,-115
1767174747.9302382,0,-3,-116
1767174747.9402382,2,-2,-114
1767174747.9502382,3,1,-108
1767174747.9602382,1,0,-110
1767174747.9702382,5,-3,-112
1767174747.9802382,3,-4,-116
1767174747.9902382,4,-3,-116
1767174748.0002382,1,-2,-122
1767174748.0102382,-2,-3,-122
1767174748.0202382,1,-8,-124
1767174748.0302382,3,-7,-121
1767174748.040238,4,-4,-126
1767174748.050238,5,-4,-126
1767174748.060238,2,-6,-125
1767174748.070238,1,-4,-119
1767174748.080238,0,0,-116
1767174748.090238,-4,0,-122
1767174748.100238,-5,0,-124
1767174748.110238,-6,-3,-121
1767174748.120238,-6,0,-126
1767174748.130238,-5,-4,-122
1767174748.140238,-6,-1,-118
1767174748.150238,-1,2,-121
1767174748.1602385,4,0,-123
1767174748.1702385,4,3,-123
1767174748.1802382,3,0,-126
1767174748.1902382,5,-2,-126
1767174748.2012382,2,-1,-130
1767174748.2102382,1,-1,-131
1767174748.2202382,3,0,-127
1767174748.2302382,5,0,-125
1767174748.2402382,3,-1,-119
1767174748.2502382,3,0,-123
1767174748.2602382,6,0,-119
1767174748.2702382,2,0,-118
1767174748.2802382,-2,2,-121
1767174748.290238,-1,1,-122
1767174748.300238,1,-2,-122
1767174748.310238,2,-2,-123
1767174748.320238,3,-4,-120
1767174748.330238,1,-4,-123
1767174748.340238,-2,-2,-129
1767174748.350238,-5,-1,-125
1767174748.360238,-3,-1,-129
1767174748.370238,-1,-2,-130
1767174748.380238,1,-3,-129
1767174748.390238,3,-8,-126
1767174748.400238,2,-8,-116
1767174748.4102385,-3,-6,-118
1767174748.4202385,-3,-8,-119
1767174748.4302382,0,-9,-124
1767174748.4402382,0,-8,-123
1767174748.4502382,0,-8,-122
1767174748.4602382,-1,-8,-121
1767174748.4702382,-2,-10,-119
1767174748.4802382,0,-8,-118
1767174748.4902382,0,-12,-115
1767174748.5002382,-1,-9,-112
1767174748.5102382,3,-6,-112
1767174748.5202382,-2,-3,-115
1767174748.5302382,-6,-2,-118
1767174748.540238,-3,-1,-111
1767174748.550238,-1,0,-115
1767174748.560238,3,-3,-115
1767174748.570238,6,-1,-116
1767174748.580238,6,-3,-117
1767174748.590238,8,-1,-121
1767174748.600238,7,-1,-127
1767174748.610238,5,-1,-130
1767174748.620238,3,-2,-124
1767174748.630238,4,-5,-125
1767174748.640238,1,-1,-122
1767174748.650238,0,0,-118
1767174748.6602385,-1,-1,-124
1767174748.6702385,-6,-3,-122
1767174748.6802382,-5,-2,-126
1767174748.6902382,-6,-7,-123
1767174748.7002382,-10,-7,-125
1767174748.7102382,-17,-7,-116
1767174748.7202382,-19,-6,-112
1767174748.7302382,-17,-7,-115
1767174748.7402382,-11,0,-115
1767174748.7502382,-5,-4,-123
1767174748.7602382,-7,0,-122
1767174748.7702382,-8,0,-120
1767174748.7802382,-9,-4,-120
1767174748.790238,-7,0,-117
1767174748.800238,-6,5,-111
1767174748.810238,-1,5,-114
1767174748.820238,2,6,-114
1767174748.830238,-1,1,-119
1767174748.840238,0,-2,-114
1767174748.850238,2,-2,-114
1767174748.860238,2,-1,-123
1767174748.870238,3,-1,-120
1767174748.880238,-3,-1,-125
1767174748.890238,-5,0,-125
1767174748.900238,0,1,-123
1767174748.922238,-5,4,-126
1767174748.9302382,-2,3,-125
1767174748.9402382,0,1,-125
1767174748.9502382,4,-4,-127
1767174748.9602382,7,-4,-128
1767174748.9702382,7,-1,-127
1767174748.9802382,4,1,-118
1767174748.9902382,5,5,-114
1767174749.0002382,3,5,-114
1767174749.0102382,5,6,-110
1767174749.0202382,2,3,-115
1767174749.0302382,4,0,-114
1767174749.040238,1,2,-112
1767174749.050238,1,4,-115
1767174749.060238,2,3,-116
1767174749.070238,4,6,-116
1767174749.080238,8,3,-121
1767174749.090238,4,0,-119
1767174749.100238,4,-1,-114
1767174749.110238,6,3,-114
1767174749.120238,6,2,-122
1767174749.130238,8,0,-119
1767174749.140238,1,-5,-120
1767174749.150238,1,-6,-116
1767174749.1602385,0,-5,-115
1767174749.1712382,-3,-4,-115
1767174749.1812382,-4,-8,-113
1767174749.1912382,-2,-11,-114
1767174749.2012382,5,-5,-114
1767174749.211238,6,-4,-123
1767174749.221238,5,-3,-134
1767174749.231238,6,0,-133
1767174749.241238,5,2,-136
1767174749.251238,5,1,-131
1767174749.261238,9,3,-127
1767174749.271238,6,5,-124
1767174749.281238,6,3,-117
1767174749.291238,1,2,-121
1767174749.301238,1,1,-123
1767174749.311238,3,0,-118
1767174749.321238,7,0,-116
1767174749.3312385,7,2,-106
1767174749.3412385,4,1,-106
1767174749.3512385,6,-2,-107
1767174749.3612382,6,1,-111
1767174749.3712382,5,0,-114
1767174749.3812382,8,-3,-116
1767174749.3912382,6,-3,-113
1767174749.4012382,7,-4,-113
1767174749.4112382,9,-7,-112
1767174749.4212382,7,-5,-113
1767174749.4312382,5,-2,-114
1767174749.4412382,5,0,-117
1767174749.4512382,4,-4,-118
1767174749.461238,5,-2,-120
1767174749.471238,1,0,-120
1767174749.481238,-2,1,-126
1767174749.491238,-4,0,-121
1767174749.501238,0,0,-123
1767174749.511238,2,-2,-121
1767174749.521238,6,-1,-124
1767174749.531238,3,0,-127
1767174749.541238,2,2,-134
1767174749.551238,3,1,-132
1767174749.561238,-1,0,-133
1767174749.571238,0,0,-133
1767174749.5812385,0,1,-133
1767174749.5912385,2,1,-132
1767174749.6012385,1,-3,-131
1767174749.6112382,2,-3,-127
1767174749.6212382,1,-2,-121
1767174749.6312382,-1,-2,-117
1767174749.6412382,2,-1,-120
1767174749.6512382,0,2,-124
1767174749.6612382,0,5,-128
1767174749.6712382,-1,4,-125
1767174749.6812382,0,1,-122
1767174749.6912382,1,1,-120
1767174749.7012382,1,0,-120
1767174749.711238,4,1,-119
1767174749.721238,5,0,-115
1767174749.731238,2,1,-117
1767174749.741238,2,3,-110
1767174749.751238,1,3,-111
1767174749.761238,4,3,-111
1767174749.771238,4,1,-121
1767174749.781238,6,0,-123
1767174749.791238,8,-4,-129
1767174749.801238,5,-7,-129
1767174749.811238,7,-3,-128
1767174749.821238,5,0,-122
1767174749.8312385,6,1,-119
1767174749.8412385,3,-2,-117
1767174749.8512385,3,-5,-111
1767174749.8612382,0,-4,-109
1767174749.8712382,0,-2,-108
1767174749.8812382,2,0,-117
1767174749.8912382,2,0,-115
1767174749.9012382,-3,2,-120
1767174749.9112382,-5,0,-127
1767174749.9212382,-4,1,-123
1767174749.9312382,0,0,-117
1767174749.9412382,3,-3,-123
1767174749.9512382,2,-2,-128
1767174749.961238,6,-4,-124
1767174749.971238,5,-6,-123
1767174749.981238,1,-8,-124
1767174749.991238,-4,-8,-125
1767174750.001238,-6,-6,-119
1767174750.011238,-2,-6,-114
1767174750.021238,1,-6,-118
1767174750.031238,1,-7,-124
1767174750.041238,-3,-4,-125
1767174750.051238,-2,0,-121
1767174750.061238,0,1,-121
1767174750.071238,-2,2,-127
1767174750.0812385,-5,2,-134
1767174750.0912385,-7,3,-128
1767174750.1012385,-9,3,-123
1767174750.1112382,-5,3,-124
1767174750.1212382,0,3,-124
1767174750.1312382,-2,0,-122
1767174750.1412382,0,-4,-119
1767174750.1512382,0,-1,-116
1767174750.1612382,1,0,-109
1767174750.1712382,4,0,-109
1767174750.1812382,1,1,-105
1767174750.1912382,7,1,-105
1767174750.2012382,8,2,-103
1767174750.211238,6,-2,-104
1767174750.221238,7,-2,-101
1767174750.231238,11,-4,-103
1767174750.241238,8,-4,-100
1767174750.251238,6,-4,-99
1767174750.261238,0,-4,-106
1767174750.271238,-1,-1,-106
1767174750.281238,-2,-1,-108
1767174750.291238,2,-2,-110
1767174750.301238,-7,-4,-115
1767174750.311238,-8,-1,-116
1767174750.321238,-12,-1,-118
1767174750.3312385,-9,3,-117
1767174750.3412385,-5,0,-119
1767174750.3512385,-5,0,-125
1767174750.3612382,-10,-2,-124
1767174750.3712382,-11,-6,-126
1767174750.3812382,-11,-6,-126
1767174750.3912382,-3,-5,-119
1767174750.4012382,-8,-4,-120
1767174750.4112382,-6,-3,-123
1767174750.4212382,-4,-5,-121
1767174750.4312382,-3,-5,-127
1767174750.4412382,-3,-5,-128
1767174750.4512382,-2,-4,-127
1767174750.461238,-1,-2,-127
1767174750.471238,0,0,-120
1767174750.481238,1,0,-122
1767174750.491238,2,0,-122
1767174750.501238,5,0,-123
1767174750.511238,-2,-1,-125
1767174750.521238,-1,-3,-120
1767174750.531238,-4,-1,-115
1767174750.541238,-2,1,-111
1767174750.551238,-2,-2,-120
1767174750.561238,-1,-5,-121
1767174750.571238,-4,-6,-121
1767174750.5812385,-1,-6,-124
1767174750.5912385,0,-4,-119
1767174750.6012385,2,-3,-119
1767174750.6112382,2,-1,-115
1767174750.6212382,3,-2,-117
1767174750.6312382,-1,-3,-121
1767174750.6412382,0,-3,-125
1767174750.6512382,3,3,-123
1767174750.6612382,4,4,-127
1767174750.6712382,7,2,-131
1767174750.6812382,6,0,-127
1767174750.6912382,4,0,-115
1767174750.7012382,6,3,-119
1767174750.711238,8,0,-118
1767174750.721238,13,0,-117
1767174750.731238,13,3,-121
1767174750.741238,8,3,-131
1767174750.751238,1,0,-135
1767174750.761238,-1,1,-135
1767174750.771238,-2,-2,-139
1767174750.781238,-2,-4,-135
1767174750.791238,3,-3,-129
1767174750.801238,0,-2,-129
1767174750.811238,0,-1,-129
1767174750.821238,0,-1,-129
1767174750.8312385,-3,-3,-126
1767174750.8412385,-2,-5,-128
1767174750.8512385,0,-1,-119
1767174750.8612382,2,-1,-120
1767174750.8712382,6,1,-129
1767174750.8812382,5,1,-130
1767174750.8912382,1,0,-126
1767174750.9012382,-1,4,-129
1767174750.9112382,-3,4,-124
1767174750.9212382,-4,3,-121
1767174750.9312382,0,0,-125
1767174750.9412382,0,-1,-127
1767174750.9512382,-1,-6,-128
1767174750.961238,1,-6,-120
1767174750.971238,0,-12,-121
1767174750.981238,4,-11,-110
1767174750.991238,7,-13,-114
1767174751.001238,6,-11,-109
1767174751.011238,0,-11,-111
1767174751.021238,1,-8,-120
1767174751.031238,2,-7,-124
1767174751.041238,3,-2,-127
1767174751.051238,2,1,-124
1767174751.061238,4,1,-128
1767174751.071238,6,-4,-126
1767174751.0812385,5,-5,-127
1767174751.0912385,3,-5,-123
1767174751.1012385,1,-5,-125
1767174751.1112382,1,-1,-121
1767174751.1212382,0,-3,-124
1767174751.1312382,2,-4,-129
1767174751.1412382,2,-6,-132
1767174751.1512382,2,-7,-122
1767174751.1612382,1,-8,-119
1767174751.1712382,-2,-9,-120
1767174751.1812382,0,-8,-119
1767174751.1912382,2,-9,-115
1767174751.2012382,0,-6,-114
1767174751.211238,-1,-7,-119
1767174751.221238,-2,-9,-122
1767174751.231238,-7,-7,-121
1767174751.241238,-13,-2,-120
1767174751.251238,-10,-1,-121
1767174751.261238,-8,-3,-118
1767174751.271238,-6,-2,-122
1767174751.281238,-6,-5,-119
1767174751.291238,-7,-3,-119
1767174751.301238,-2,-2,-115
1767174751.311238,-2,-8,-117
1767174751.321238,-3,-5,-124
1767174751.3312385,0,1,-128
1767174751.3412385,-1,-1,-131
1767174751.3512385,-1,-1,-126
1767174751.3612382,0,0,-124
1767174751.3712382,0,0,-127
1767174751.3812382,-3,-1,-120
1767174751.3912382,3,3,-117
1767174751.4012382,4,3,-115
1767174751.4112382,2,-3,-124
1767174751.4212382,1,-3,-126
1767174751.4312382,1,0,-122
1767174751.4412382,1,-1,-119
1767174751.4512382,-6,-1,-122
1767174751.461238,-1,-1,-127
1767174751.471238,5,0,-126
1767174751.481238,4,-1,-124
1767174751.491238,0,-5,-126
1767174751.501238,-1,-6,-122
1767174751.511238,-1,-3,-117
1767174751.521238,-2,-2,-119
1767174751.531238,-3,0,-124
1767174751.541238,-2,2,-123
1767174751.551238,-1,0,-123
1767174751.561238,-3,0,-121
1767174751.571238,-2,1,-120
1767174751.5812385,-1,-1,-122
1767174751.5912385,-1,-1,-124
1767174751.6012385,-2,0,-126
1767174751.6112382,-5,0,-124
1767174751.6212382,-4,0,-122
1767174751.6312382,-5,0,-118
1767174751.6412382,-6,0,-121
1767174751.6512382,-6,2,-125
1767174751.6612382,-3,2,-126
1767174751.6712382,-8,2,-120
1767174751.6812382,-7,2,-114
1767174751.6912382,-8,5,-115
1767174751.7012382,-2,4,-116
1767174751.711238,1,2,-114
1767174751.721238,1,0,-115
1767174751.731238,2,0,-113
1767174751.741238,0,0,-117
1767174751.751238,-4,-1,-119
1767174751.761238,-1,-2,-127
1767174751.771238,0,-3,-126
1767174751.781238,-4,-3,-131
1767174751.791238,-6,-3,-126
1767174751.8022382,-1,-2,-122
1767174751.811238,1,-5,-114
1767174751.8222382,6,-3,-120
1767174751.8322382,7,-2,-123
1767174751.8422382,5,-4,-117
1767174751.8522382,1,-5,-116
1767174751.8622382,2,-4,-121
1767174751.8722382,0,-2,-119
1767174751.882238,1,0,-118
1767174751.892238,5,0,-121
1767174751.902238,0,1,-119
1767174751.912238,0,0,-119
1767174751.922238,2,-1,-119
1767174751.932238,3,-4,-123
1767174751.942238,6,-7,-122
1767174751.952238,6,-6,-124
1767174751.962238,4,-4,-118
1767174751.972238,4,-1,-118
1767174751.982238,4,0,-113
1767174751.992238,6,-6,-118
1767174752.002238,6,-5,-116
1767174752.0122385,3,-6,-115
1767174752.0222385,2,-8,-112
1767174752.0322382,-1,-13,-114
1767174752.0422382,-1,-10,-116
1767174752.0522382,-3,-11,-117
1767174752.0622382,1,-9,-119
1767174752.0722382,3,-9,-117
1767174752.0822382,3,-12,-121
1767174752.0922382,5,-13,-125
1767174752.1022382,-1,-9,-121
1767174752.1122382,-3,-11,-119
1767174752.1222382,0,-14,-116
1767174752.132238,2,-10,-114
1767174752.142238,-4,-6,-122
1767174752.152238,-6,-7,-126
1767174752.162238,-10,-3,-127
1767174752.172238,-9,-5,-129
1767174752.182238,-8,-5,-128
1767174752.192238,-3,-1,-130
1767174752.202238,-3,-3,-125
1767174752.212238,-3,-3,-126
1767174752.222238,-2,-3,-128
1767174752.232238,-3,-2,-129
1767174752.242238,-5,0,-134
1767174752.252238,-8,-1,-133
1767174752.2622385,-7,-3,-123
1767174752.2722385,-6,-5,-113
1767174752.2822382,-6,-4,-112
1767174752.2922382,-7,-4,-111
1767174752.3022382,-5,-4,-115
1767174752.3122382,-5,-3,-116
1767174752.3222382,-3,-2,-117
1767174752.3322382,-1,-1,-123
1767174752.3422382,-1,-1,-119
1767174752.3522382,0,1,-116
1767174752.3622382,-2,1,-113
1767174752.3722382,-1,0,-115
1767174752.382238,0,-3,-114
1767174752.392238,-4,-3,-116
1767174752.402238,-2,0,-119
1767174752.412238,1,0,-113
1767174752.422238,2,0,-112
1767174752.432238,-1,3,-115
1767174752.442238,0,2,-121
1767174752.452238,1,0,-118
1767174752.462238,-1,0,-115
1767174752.472238,-5,0,-124
1767174752.482238,-4,-1,-122
1767174752.492238,-7,-2,-123
1767174752.502238,-8,-4,-126
1767174752.5122385,-7,-2,-121
1767174752.5222385,-7,-1,-113
1767174752.5322382,-6,-2,-115
1767174752.5422382,-3,2,-111
1767174752.5522382,2,0,-115
1767174752.5622382,2,1,-118
1767174752.5722382,3,-1,-115
1767174752.5822382,5,-1,-114
1767174752.5922382,3,-1,-109
1767174752.6022382,-2,-3,-112
1767174752.6122382,-3,-2,-120
1767174752.6222382,0,-5,-124
1767174752.632238,4,-5,-126
1767174752.642238,5,-5,-129
1767174752.652238,0,-3,-127
1767174752.662238,-4,-3,-133
1767174752.672238,-7,0,-130
1767174752.682238,-6,1,-130
1767174752.692238,-4,-3,-131
1767174752.702238,0,-3,-127
1767174752.712238,-2,-5,-131
1767174752.722238,-3,-5,-129
1767174752.732238,0,-7,-126
1767174752.742238,0,-4,-131
1767174752.752238,0,-1,-130
1767174752.7622385,2,-4,-133
1767174752.7722385,-1,-5,-131
1767174752.7822382,-3,-5,-125
1767174752.7922382,-3,-7,-123
1767174752.8022382,0,-7,-129
1767174752.8122382,0,-4,-132
1767174752.8222382,-1,-4,-132
1767174752.8322382,0,-5,-133
1767174752.8422382,-1,-7,-129
1767174752.8522382,-2,-9,-126
1767174752.8622382,-2,-6,-127
1767174752.8722382,0,-4,-132
1767174752.882238,1,-5,-131
1767174752.892238,-2,-2,-123
1767174752.902238,-2,-3,-115
1767174752.912238,0,0,-114
1767174752.922238,-2,0,-114
1767174752.932238,1,-2,-114
1767174752.942238,2,-1,-114
1767174752.952238,2,0,-115
1767174752.962238,2,0,-115
1767174752.972238,1,-4,-118
1767174752.982238,0,-2,-114
1767174752.992238,1,-2,-118
1767174753.002238,1,-1,-119
1767174753.0122385,5,4,-122
1767174753.0222385,-2,1,-126
1767174753.0322382,-5,0,-121
1767174753.0422382,-2,-1,-124
1767174753.0522382,-2,-2,-121
1767174753.0622382,0,-4,-112
1767174753.0722382,2,-4,-116
1767174753.0822382,1,-3,-115
1767174753.0922382,6,-4,-121
1767174753.1022382,5,-2,-124
1767174753.1122382,5,1,-128
1767174753.1222382,4,4,-128
1767174753.132238,-3,2,-124
1767174753.142238,-2,0,-127
1767174753.152238,-1,-2,-129
1767174753.162238,-3,-5,-132
1767174753.172238,0,-5,-130
1767174753.182238,2,-3,-128
1767174753.192238,2,-1,-126
1767174753.202238,-1,1,-126
1767174753.212238,1,1,-129
1767174753.222238,1,-3,-133
1767174753.232238,8,-2,-135
1767174753.242238,5,0,-133
1767174753.252238,4,0,-125
1767174753.2622385,5,0,-125
1767174753.2722385,3,-5,-125
1767174753.2822382,9,-3,-124
1767174753.2922382,3,0,-123
1767174753.3022382,4,-4,-112
1767174753.3122382,6,-7,-111
1767174753.3222382,1,-4,-115
1767174753.3322382,1,-4,-115
1767174753.3422382,-2,-3,-110
1767174753.3522382,-4,-4,-112
1767174753.3622382,-3,1,-113
1767174753.3722382,-2,1,-116
1767174753.382238,0,1,-121
1767174753.392238,4,0,-129
1767174753.402238,2,-2,-128
1767174753.412238,3,-2,-127
1767174753.422238,-4,0,-130
1767174753.432238,-2,2,-128
1767174753.442238,0,3,-127
1767174753.452238,2,1,-122
1767174753.462238,6,-5,-129
1767174753.472238,7,-7,-127
1767174753.482238,7,-4,-123
1767174753.492238,-1,-8,-126
1767174753.502238,0,-10,-122
1767174753.5122385,-2,-10,-123
1767174753.5222385,-3,-9,-119
1767174753.5322382,-1,-6,-119
1767174753.5422382,2,-9,-118
1767174753.5522382,1,-5,-120
1767174753.5622382,1,-6,-122
1767174753.5722382,3,-4,-125
1767174753.5822382,2,-6,-125
1767174753.5922382,0,-5,-119
1767174753.6022382,0,0,-119
1767174753.6122382,0,3,-119
1767174753.6222382,0,3,-119
1767174753.632238,0,0,-118
1767174753.642238,-1,0,-122
1767174753.652238,2,0,-119
1767174753.662238,2,2,-114
1767174753.672238,3,-1,-121
1767174753.682238,1,-6,-121
1767174753.692238,1,-3,-113
1767174753.702238,3,-5,-114
1767174753.712238,2,-8,-111
1767174753.722238,6,-6,-111
1767174753.732238,12,-3,-116
1767174753.742238,10,-5,-113
1767174753.752238,10,-2,-114
1767174753.7622385,3,-3,-112
1767174753.7722385,-1,-1,-120
1767174753.7822382,2,-2,-127
1767174753.7922382,4,0,-125
1767174753.8022382,5,0,-125
1767174753.8122382,1,2,-126
1767174753.8222382,-1,0,-118
1767174753.8322382,2,1,-116
1767174753.8422382,0,0,-109
1767174753.8522382,-1,-1,-112
1767174753.8622382,-2,0,-121
1767174753.8722382,-2,-3,-118
1767174753.882238,-5,-2,-130
1767174753.892238,-5,0,-129
1767174753.902238,-8,1,-124
1767174753.912238,-8,4,-120
1767174753.9332385,-4,3,-128
1767174753.942238,-6,1,-123
1767174753.952238,-7,-1,-122
1767174753.962238,-5,-3,-119
1767174753.972238,-4,-1,-111
1767174753.982238,-2,-3,-112
1767174753.992238,-2,-4,-112
1767174754.002238,1,-1,-112
1767174754.0122385,0,-2,-115
1767174754.0222385,5,-4,-126
1767174754.0322382,6,-6,-127
1767174754.0422382,3,-9,-124
1767174754.0522382,4,-5,-123
1767174754.0622382,3,-1,-127
1767174754.0722382,0,1,-122
1767174754.0822382,0,0,-121
1767174754.0922382,1,0,-121
1767174754.1022382,-2,0,-123
1767174754.1122382,-3,-1,-125
1767174754.1222382,-5,-5,-128
1767174754.132238,-5,-6,-129
1767174754.142238,-2,-7,-132
1767174754.152238,0,-7,-126
1767174754.162238,0,-5,-124
1767174754.172238,-3,-3,-125
1767174754.182238,-5,-4,-126
1767174754.192238,-6,-5,-123
1767174754.202238,-2,-6,-124
1767174754.212238,-2,-8,-122
1767174754.222238,0,-10,-123
1767174754.232238,3,-8,-121
1767174754.242238,3,-10,-120
1767174754.252238,4,-11,-113
1767174754.2622385,2,-5,-112
1767174754.2722385,2,-6,-112
1767174754.2822382,3,-2,-112
1767174754.2922382,3,-5,-111
1767174754.3022382,1,-3,-107
1767174754.3122382,0,-5,-113
1767174754.3222382,0,-4,-110
1767174754.3322382,1,-5,-108
1767174754.3422382,0,-5,-105
1767174754.3522382,-2,-4,-106
1767174754.3622382,-3,-7,-105
1767174754.3722382,-4,-6,-107
1767174754.382238,0,-8,-117
1767174754.392238,0,-2,-116
1767174754.402238,0,-2,-122
1767174754.412238,4,-6,-122
1767174754.422238,1,0,-115
1767174754.432238,4,1,-118
1767174754.442238,0,1,-110
1767174754.4532382,-2,0,-118
1767174754.4632382,0,0,-123
1767174754.472238,1,1,-121
1767174754.4832382,-4,2,-121
1767174754.4932382,-3,0,-121
1767174754.5032382,-1,1,-119
1767174754.5132382,-1,-1,-118
1767174754.5232382,-3,-2,-120
1767174754.5332382,-3,-3,-121
1767174754.5432382,0,-6,-118
1767174754.5532382,-3,-4,-121
1767174754.563238,-3,-11,-126
1767174754.573238,0,-11,-128
1767174754.583238,1,-6,-128
1767174754.593238,0,-2,-131
1767174754.603238,0,1,-127
1767174754.613238,0,1,-130
1767174754.623238,3,-1,-129
1767174754.633238,1,0,-130
1767174754.643238,0,0,-127
1767174754.653238,-4,0,-126
1767174754.663238,-5,0,-123
1767174754.673238,-6,-1,-122
1767174754.6832385,-7,-1,-124
1767174754.6932385,0,-3,-121
1767174754.7032382,2,-4,-117
1767174754.7132382,3,-1,-113
1767174754.7232382,-1,0,-117
1767174754.7332382,0,0,-125
1767174754.7432382,2,2,-129
1767174754.7532382,2,2,-126
1767174754.7632382,3,0,-130
1767174754.7732382,-2,0,-130
1767174754.7832382,-2,0,-131
1767174754.7932382,0,0,-131
1767174754.8032382,2,-5,-126
1767174754.813238,2,-7,-131
1767174754.823238,0,-7,-131
1767174754.833238,4,-4,-129
1767174754.843238,2,-4,-128
1767174754.853238,6,-2,-126
1767174754.863238,7,-2,-122
1767174754.873238,6,0,-121
1767174754.883238,1,-3,-118
1767174754.893238,0,0,-127
1767174754.903238,5,2,-135
1767174754.913238,5,1,-127
1767174754.923238,6,-1,-127
1767174754.9332385,6,-3,-128
1767174754.9432385,3,-2,-130
1767174754.9532382,0,-6,-130
1767174754.9632382,0,-4,-126
1767174754.9732382,0,-5,-124
1767174754.9832382,0,-5,-125
1767174754.9932382,3,-4,-125
1767174755.0032382,1,0,-129
1767174755.0132382,1,-2,-127
1767174755.0232382,2,-1,-132
1767174755.0332382,0,2,-127
1767174755.0432382,2,1,-126
1767174755.0532382,1,0,-116
1767174755.063238,0,-1,-114
1767174755.073238,0,-1,-119
1767174755.083238,4,2,-122
1767174755.093238,6,2,-122
1767174755.103238,3,0,-119
1767174755.113238,-4,0,-124
1767174755.123238,-6,0,-134
1767174755.133238,-1,0,-127
1767174755.143238,1,-2,-127
1767174755.153238,-7,-8,-120
1767174755.163238,-4,-10,-120
1767174755.173238,6,-8,-128
1767174755.1832385,6,-4,-127
1767174755.1932385,7,0,-126
1767174755.2032382,5,0,-120
1767174755.2132382,2,0,-114
1767174755.2232382,2,0,-117
1767174755.2332382,3,0,-117
1767174755.2432382,5,-1,-123
1767174755.2532382,4,-2,-124
1767174755.2632382,4,-4,-122
1767174755.2732382,6,-3,-127
1767174755.2832382,3,-3,-123
1767174755.2932382,0,-1,-124
1767174755.3032382,-1,0,-118
1767174755.313238,0,-1,-115
1767174755.323238,3,-2,-119
1767174755.333238,1,-4,-118
1767174755.343238,2,-4,-118
1767174755.353238,3,-6,-116
1767174755.363238,6,-1,-115
1767174755.373238,6,-1,-111
1767174755.383238,1,-6,-109
1767174755.393238,4,-4,-106
1767174755.403238,11,-4,-116
1767174755.413238,13,-3,-119
1767174755.423238,10,-3,-120
1767174755.4332385,9,-3,-117
1767174755.4432385,4,-4,-116
1767174755.4532382,5,-6,-115
1767174755.4632382,7,-3,-115
1767174755.4732382,4,-4,-119
1767174755.4832382,0,-4,-121
1767174755.4932382,0,-4,-117
1767174755.5032382,4,-6,-115
1767174755.5132382,2,-8,-120
1767174755.5232382,6,-6,-121
1767174755.5332382,6,-8,-119
1767174755.5432382,6,-6,-114
1767174755.5532382,5,-6,-115
1767174755.563238,1,-1,-118
1767174755.574238,4,-3,-120
1767174755.583238,5,0,-123
1767174755.593238,5,0,-132
1767174755.603238,4,2,-126
1767174755.613238,3,2,-118
1767174755.623238,1,-3,-112
1767174755.633238,3,-2,-111
1767174755.643238,4,0,-113
1767174755.653238,6,1,-116
1767174755.663238,6,3,-123
1767174755.673238,8,2,-120
1767174755.6832385,5,-2,-123
1767174755.6932385,3,-2,-125
1767174755.7032382,-3,-3,-128
1767174755.7132382,-2,-5,-126
1767174755.7232382,-3,-5,-124
1767174755.7332382,3,-2,-118
1767174755.7432382,4,-4,-125
1767174755.7532382,3,-7,-127
1767174755.7632382,1,-2,-122
1767174755.7732382,-4,-4,-116
1767174755.7832382,-5,-1,-113
1767174755.7932382,-6,3,-115
1767174755.8032382,-2,2,-115
1767174755.813238,-3,2,-114
1767174755.823238,-4,3,-116
1767174755.833238,0,5,-120
1767174755.843238,2,4,-113
1767174755.853238,2,5,-121
1767174755.863238,1,3,-121
1767174755.873238,-2,0,-123
1767174755.883238,-2,-3,-122
1767174755.893238,1,0,-125
1767174755.903238,1,1,-121
1767174755.913238,1,0,-116
1767174755.923238,3,0,-115
1767174755.9332385,0,-2,-116
1767174755.9432385,-1,-2,-112
1767174755.9532382,-3,1,-121
1767174755.9632382,0,4,-118
1767174755.9732382,-2,8,-117
1767174755.9832382,0,6,-129
1767174755.9932382,0,2,-125
1767174756.0032382,-2,-1,-123
1767174756.0132382,0,-4,-121
1767174756.0232382,-1,-3,-123
1767174756.0332382,2,1,-127
1767174756.0432382,0,0,-130
1767174756.0532382,4,-3,-136
1767174756.063238,1,-5,-141
1767174756.073238,2,-10,-136
1767174756.083238,5,-7,-131
1767174756.093238,2,0,-140
1767174756.103238,4,-1,-136
1767174756.113238,4,0,-141
1767174756.123238,6,-2,-141
1767174756.133238,1,-8,-133
1767174756.143238,-1,-9,-129
1767174756.153238,0,-6,-128
1767174756.163238,5,-8,-126
1767174756.173238,12,-9,-124
1767174756.1832385,12,-7,-122
1767174756.1932385,9,-2,-119
1767174756.2032382,7,-7,-123
1767174756.2132382,7,-6,-126
1767174756.2232382,5,-6,-125
1767174756.2332382,7,-4,-122
1767174756.2432382,1,0,-119
1767174756.2532382,1,1,-119
1767174756.2632382,0,0,-118
1767174756.2732382,-6,0,-126
1767174756.2832382,-4,-4,-123
1767174756.2932382,-2,-5,-125
1767174756.3032382,-3,-4,-127
1767174756.313238,3,-6,-133
1767174756.323238,2,-1,-130
1767174756.333238,1,-3,-131
1767174756.343238,3,-3,-133
1767174756.353238,2,-6,-128
1767174756.363238,0,-4,-126
1767174756.373238,-1,-4,-120
1767174756.383238,-1,-3,-114
1767174756.393238,-1,-5,-111
1767174756.403238,-1,-4,-111
1767174756.413238,0,0,-112
1767174756.423238,-1,1,-123
1767174756.4332385,-1,-1,-123
1767174756.4432385,-4,1,-125
1767174756.4532382,-4,0,-119
1767174756.4632382,-1,0,-121
1767174756.4732382,0,-3,-123
1767174756.4832382,0,-2,-117
1767174756.4932382,-1,-4,-114
1767174756.5032382,2,1,-106
1767174756.5132382,2,1,-104
1767174756.5232382,-3,1,-101
1767174756.5332382,-4,4,-101
1767174756.5432382,-4,2,-101
1767174756.5532382,-5,2,-108
1767174756.563238,-4,1,-110
1767174756.573238,-1,0,-107
1767174756.583238,0,1,-113
1767174756.593238,-1,2,-112
1767174756.603238,-1,0,-104
1767174756.613238,-1,-2,-106
1767174756.623238,2,-2,-108
1767174756.633238,3,0,-108
1767174756.643238,4,-1,-116
1767174756.653238,4,-3,-121
1767174756.663238,4,-8,-125
1767174756.673238,0,-5,-123
1767174756.6832385,1,-1,-119
1767174756.6932385,2,0,-124
1767174756.7032382,-2,1,-123
1767174756.7132382,0,-1,-121
1767174756.7232382,0,2,-120
1767174756.7332382,1,3,-114
1767174756.7432382,1,-3,-117
1767174756.7532382,1,-6,-118
1767174756.7632382,-1,-6,-128
1767174756.7732382,-5,-5,-124
1767174756.7832382,-4,-3,-124
1767174756.7932382,-4,-2,-127
1767174756.8032382,-3,-3,-120
1767174756.813238,0,-1,-121
1767174756.823238,-2,-4,-128
1767174756.833238,0,-6,-128
1767174756.843238,-1,-5,-127
1767174756.853238,0,-3,-129
1767174756.863238,0,0,-122
1767174756.873238,1,0,-121
1767174756.883238,1,0,-121
1767174756.893238,-1,3,-117
1767174756.903238,-2,2,-116
1767174756.913238,-3,4,-118
1767174756.923238,-3,5,-120
1767174756.9332385,0,3,-119
1767174756.9432385,1,0,-118
1767174756.9532382,1,-4,-111
1767174756.9632382,0,-2,-115
1767174756.9732382,0,-2,-117
1767174756.9832382,2,-3,-122
1767174756.9932382,0,-3,-121
1767174757.0032382,2,-3,-123
1767174757.0132382,0,-8,-122
1767174757.0232382,1,-6,-120
1767174757.0332382,7,-3,-115
1767174757.0432382,0,-2,-107
1767174757.0532382,0,0,-105
1767174757.063238,0,3,-113
1767174757.073238,4,0,-111
1767174757.083238,2,0,-116
1767174757.093238,1,-3,-116
1767174757.103238,4,-3,-122
1767174757.113238,2,-7,-127
1767174757.123238,5,-6,-128
1767174757.1342382,2,-7,-128
1767174757.143238,-2,-1,-127
1767174757.1542382,2,-3,-133
1767174757.1642382,1,-3,-129
1767174757.1742382,5,-3,-126
1767174757.1842382,2,-2,-121
1767174757.1942382,4,0,-119
1767174757.2042382,7,3,-115
1767174757.2142382,1,3,-120
1767174757.2242382,-2,0,-124
1767174757.234238,-6,1,-122
1767174757.244238,-4,0,-121
1767174757.254238,-3,-1,-123
1767174757.264238,3,0,-127
1767174757.274238,7,3,-124
1767174757.284238,9,0,-111
1767174757.294238,10,1,-117
1767174757.304238,5,1,-125
1767174757.314238,1,0,-129
1767174757.324238,2,1,-128
1767174757.334238,1,0,-131
1767174757.344238,0,-2,-129
1767174757.3542385,2,0,-123
1767174757.3642385,2,-2,-120
1767174757.3742385,4,-2,-122
1767174757.3842382,2,-3,-122
1767174757.3942382,2,-2,-115
1767174757.4042382,5,0,-112
1767174757.4142382,4,3,-115
1767174757.4242382,0,3,-114
1767174757.4342382,-3,2,-119
1767174757.4442382,-8,-1,-117
1767174757.4542382,-7,1,-112
1767174757.4642382,-4,0,-113
1767174757.4742382,-4,-1,-112
1767174757.484238,-8,0,-117
1767174757.494238,-8,-3,-114
1767174757.504238,-10,-4,-107
1767174757.514238,-12,0,-109
1767174757.524238,-8,-1,-112
1767174757.534238,-4,-2,-113
1767174757.544238,0,-3,-110
1767174757.554238,0,-1,-108
1767174757.564238,2,-2,-117
1767174757.574238,2,-3,-115
1767174757.584238,1,-2,-117
1767174757.594238,3,-2,-112
1767174757.6042385,4,2,-114
1767174757.6142385,3,0,-117
1767174757.6242385,-1,-4,-120
1767174757.6342382,0,-1,-124
1767174757.6442382,0,4,-125
1767174757.6542382,0,3,-121
1767174757.6642382,0,3,-115
1767174757.6742382,-3,1,-119
1767174757.6842382,2,-1,-115
1767174757.6942382,2,0,-115
1767174757.7042382,3,1,-120
1767174757.7142382,2,3,-118
1767174757.7242382,0,1,-117
1767174757.734238,3,1,-109
1767174757.744238,3,0,-108
1767174757.754238,1,0,-107
1767174757.764238,-1,0,-109
1767174757.774238,0,1,-110
1767174757.784238,3,1,-111
1767174757.794238,4,0,-113
1767174757.804238,5,0,-116
1767174757.814238,0,3,-116
1767174757.824238,-3,4,-114
1767174757.834238,0,3,-108
1767174757.844238,-1,5,-108
1767174757.8542385,-4,0,-110
1767174757.8642385,0,-4,-112
1767174757.8742385,3,-6,-116
1767174757.8842382,8,-6,-119
1767174757.8942382,12,-9,-118
1767174757.9042382,13,-5,-117
1767174757.9142382,8,-6,-120
1767174757.9242382,3,-4,-123
1767174757.9342382,5,0,-122
1767174757.9442382,8,-1,-124
1767174757.9542382,4,-4,-120
1767174757.9642382,3,-4,-117
1767174757.9742382,5,-2,-113
1767174757.984238,5,-1,-115
1767174757.994238,0,2,-112
1767174758.004238,0,1,-111
1767174758.014238,1,0,-112
1767174758.024238,0,0,-110
1767174758.034238,-1,1,-117
1767174758.044238,-2,1,-125
1767174758.054238,-2,2,-123
1767174758.064238,-2,1,-117
1767174758.074238,-3,-1,-116
1767174758.084238,-1,-5,-118
1767174758.094238,-2,-4,-121
1767174758.1042385,-1,-1,-126
1767174758.1142385,0,2,-123
1767174758.1242385,1,4,-126
1767174758.1342382,1,2,-127
1767174758.1442382,4,0,-120
1767174758.1542382,4,0,-117
1767174758.1642382,6,-1,-120
1767174758.1742382,8,-3,-115
1767174758.1842382,14,0,-120
1767174758.1942382,11,-3,-121
1767174758.2042382,8,-3,-115
1767174758.2142382,7,0,-112
1767174758.2242382,9,1,-111
1767174758.234238,9,1,-115
1767174758.244238,10,0,-114
1767174758.254238,11,-4,-116
1767174758.264238,6,-2,-120
1767174758.274238,3,0,-126
1767174758.284238,2,0,-127
1767174758.294238,0,2,-121
1767174758.304238,2,2,-125
1767174758.314238,5,3,-128
1767174758.324238,3,7,-129
1767174758.334238,5,4,-127
1767174758.344238,-1,0,-126
1767174758.3542385,-4,-1,-126
1767174758.3642385,-4,0,-124
1767174758.3742385,1,4,-125
1767174758.3842382,2,0,-123
1767174758.3942382,0,-4,-118
1767174758.4042382,-4,-2,-121
1767174758.4142382,-4,0,-127
1767174758.4242382,-7,0,-130
1767174758.4342382,-6,2,-125
1767174758.4442382,-3,1,-120
1767174758.4542382,-4,3,-116
1767174758.4642382,-2,1,-117
1767174758.4742382,-3,0,-120
1767174758.484238,-6,0,-119
1767174758.494238,-7,0,-121
1767174758.504238,-5,0,-121
1767174758.514238,-5,-3,-117
1767174758.524238,-5,-5,-119
1767174758.534238,-4,-5,-124
1767174758.544238,-5,-3,-129
1767174758.554238,-2,-6,-130
1767174758.564238,-5,-6,-130
1767174758.574238,-6,-3,-131
1767174758.584238,-4,-2,-124
1767174758.594238,-4,0,-128
1767174758.6042385,0,0,-121
1767174758.6142385,0,2,-122
1767174758.6242385,2,0,-122
1767174758.6342382,1,0,-122
1767174758.6442382,0,1,-122
1767174758.6542382,4,3,-121
1767174758.6642382,0,4,-121
1767174758.6742382,-3,1,-120
1767174758.6842382,-3,-1,-123
1767174758.6942382,-2,-2,-121
1767174758.7042382,0,-2,-121
1767174758.7142382,-3,-4,-122
1767174758.7242382,0,-2,-120
1767174758.734238,0,0,-117
1767174758.744238,1,-1,-115
1767174758.754238,4,0,-111
1767174758.764238,0,1,-104
1767174758.774238,2,1,-109
1767174758.784238,3,0,-112
1767174758.794238,0,0,-114
1767174758.804238,3,-1,-118
1767174758.814238,2,3,-113
1767174758.824238,-3,2,-124
1767174758.834238,-6,4,-120
1767174758.844238,0,7,-122
1767174758.8542385,1,7,-122
1767174758.8642385,-5,7,-113
1767174758.8742385,-10,1,-109
1767174758.8842382,-10,-3,-115
1767174758.8942382,-2,0,-118
1767174758.9042382,0,0,-119
1767174758.9142382,0,-1,-117
1767174758.9242382,2,-1,-117
1767174758.946238,-3,0,-126
1767174758.9542382,-2,-4,-126
1767174758.9642382,0,2,-127
1767174758.9742382,-2,3,-127
1767174758.984238,0,0,-127
1767174758.994238,2,-4,-129
1767174759.004238,0,-4,-126
1767174759.014238,1,-2,-127
1767174759.024238,6,0,-125
1767174759.034238,6,-2,-124
1767174759.044238,4,-6,-123
1767174759.054238,1,-3,-122
1767174759.064238,3,-1,-115
1767174759.074238,1,0,-118
1767174759.084238,-1,1,-115
1767174759.094238,-5,1,-110
1767174759.1042385,0,-2,-115
1767174759.1142385,3,-2,-118
1767174759.1242385,2,-2,-115
1767174759.1342382,2,-1,-115
1767174759.1442382,3,1,-114
1767174759.1542382,4,5,-113
1767174759.1642382,0,5,-114
1767174759.1742382,0,1,-111
1767174759.1842382,0,1,-117
1767174759.1942382,0,0,-117
1767174759.2042382,0,-3,-117
1767174759.2142382,4,-2,-118
1767174759.2242382,5,1,-124
1767174759.234238,8,0,-117
1767174759.244238,5,2,-123
1767174759.254238,2,4,-128
1767174759.264238,0,0,-131
1767174759.274238,-1,0,-128
1767174759.284238,-1,-1,-125
1767174759.294238,-2,2,-124
1767174759.304238,-5,0,-126
1767174759.314238,-2,-1,-127
1767174759.324238,1,-1,-129
1767174759.334238,0,-1,-128
1767174759.344238,3,0,-125
1767174759.3542385,3,0,-127
1767174759.3642385,5,-3,-125
1767174759.3742385,2,0,-122
1767174759.3842382,-1,-4,-120
1767174759.3942382,-4,-2,-116
1767174759.4042382,-8,-4,-117
1767174759.4142382,-12,-4,-113
1767174759.4242382,-7,-5,-112
1767174759.4342382,-6,-1,-109
1767174759.4442382,-8,-1,-105
1767174759.4542382,-6,-2,-100
1767174759.4642382,-3,3,-113
1767174759.4742382,-4,0,-117
1767174759.484238,-2,0,-118
1767174759.494238,-1,0,-118
1767174759.504238,0,0,-121
1767174759.514238,1,3,-117
1767174759.524238,2,-1,-115
1767174759.534238,-1,-2,-114
1767174759.544238,-2,0,-114
1767174759.554238,-6,3,-117
1767174759.564238,-4,6,-110
1767174759.574238,-7,10,-106
1767174759.584238,-4,11,-110
1767174759.594238,0,9,-114
1767174759.6042385,-1,7,-115
1767174759.6142385,-2,2,-112
1767174759.6242385,-14,1,-113
1767174759.6342382,-12,2,-119
1767174759.6442382,-7,2,-120
1767174759.6542382,-6,3,-122
1767174759.6642382,1,0,-119
1767174759.6742382,0,2,-120
1767174759.6842382,0,3,-118
1767174759.6942382,0,4,-120
1767174759.7042382,1,3,-115
1767174759.7142382,0,2,-122
1767174759.7242382,-1,1,-126
1767174759.734238,-2,6,-124
1767174759.744238,-7,3,-125
1767174759.754238,-2,7,-125
1767174759.764238,-5,5,-126
1767174759.774238,-2,8,-125
1767174759.784238,-2,6,-124
1767174759.794238,-4,4,-122
1767174759.804238,0,4,-130
1767174759.8152382,2,0,-135
1767174759.8252382,7,-4,-127
1767174759.8352382,7,-6,-114
1767174759.844238,4,-6,-113
1767174759.8552382,2,-3,-118
1767174759.8652382,2,-1,-117
1767174759.8752382,1,-9,-110
1767174759.8852382,-5,-1,-117
1767174759.8942382,-3,-1,-118
1767174759.9052382,-6,-1,-123
1767174759.915238,-10,0,-128
1767174759.925238,-7,-1,-127
1767174759.935238,-9,-2,-133
1767174759.9442382,-8,-2,-134
1767174759.955238,-7,-6,-137
1767174759.965238,-8,-6,-129
1767174759.975238,-6,-4,-120
1767174759.985238,-2,-6,-120
1767174759.994238,1,-1,-123
1767174760.005238,1,-1,-129
1767174760.015238,3,0,-125
1767174760.025238,6,0,-122
1767174760.0352385,5,-4,-127
1767174760.0452385,7,-4,-127
1767174760.0552382,6,-6,-127
1767174760.0652382,0,-4,-127
1767174760.0752382,0,-1,-130
1767174760.0852382,-2,2,-126
1767174760.0952382,0,0,-119
1767174760.1052382,0,1,-115
1767174760.1152382,0,3,-110
1767174760.1252382,-2,-2,-112
1767174760.1352382,0,-3,-106
1767174760.1452382,0,-1,-113
1767174760.1552382,2,-3,-118
1767174760.165238,-1,0,-116
1767174760.175238,-2,-1,-119
1767174760.185238,-5,0,-119
1767174760.195238,-7,1,-117
1767174760.205238,-8,0,-114
1767174760.215238,-7,2,-114
1767174760.225238,-4,1,-111
1767174760.235238,-1,0,-111
1767174760.245238,0,0,-109
1767174760.255238,0,-1,-116
1767174760.265238,0,-2,-114
1767174760.275238,0,0,-116
1767174760.2852385,0,2,-116
1767174760.2952385,0,4,-119
1767174760.3052382,0,4,-127
1767174760.3152382,1,0,-130
1767174760.3252382,-1,1,-125
1767174760.3352382,2,0,-125
1767174760.3452382,3,0,-123
1767174760.3552382,2,-5,-118
1767174760.3652382,2,-6,-123
1767174760.3752382,2,-2,-126
1767174760.3852382,1,0,-121
1767174760.3952382,-1,6,-121
1767174760.4052382,0,2,-121
1767174760.415238,-1,4,-113
1767174760.425238,-5,6,-107
1767174760.435238,-4,5,-108
1767174760.445238,-10,7,-108
1767174760.455238,-10,2,-104
1767174760.465238,-6,1,-110
1767174760.475238,-7,0,-117
1767174760.485238,-4,-1,-117
1767174760.495238,-3,-4,-115
1767174760.505238,-2,0,-119
1767174760.515238,-2,0,-118
1767174760.525238,-1,-1,-115
1767174760.5352385,1,-1,-115
1767174760.5452385,0,-1,-113
1767174760.5552382,0,0,-116
1767174760.5652382,0,3,-113
1767174760.5752382,-4,3,-110
1767174760.5852382,-3,2,-116
1767174760.5952382,-2,-2,-112
1767174760.6052382,-4,-2,-110
1767174760.6152382,-4,-1,-117
1767174760.6252382,-7,-6,-121
1767174760.6352382,-5,-2,-118
1767174760.6452382,-2,0,-123
1767174760.6552382,-3,-4,-122
1767174760.665238,0,0,-121
1767174760.675238,2,0,-124
1767174760.685238,0,-1,-120
1767174760.695238,1,-1,-115
1767174760.705238,5,-3,-115
1767174760.715238,5,-7,-113
1767174760.725238,0,-1,-108
1767174760.735238,0,-1,-111
1767174760.745238,1,-3,-112
1767174760.755238,3,0,-110
1767174760.765238,0,3,-113
1767174760.775238,4,3,-118
1767174760.7852385,-2,4,-122
1767174760.7952385,-4,4,-118
1767174760.8052382,0,5,-117
1767174760.8152382,4,4,-113
1767174760.8252382,5,1,-118
1767174760.8352382,8,-1,-124
1767174760.8452382,7,-3,-122
1767174760.8552382,3,-2,-125
1767174760.8652382,5,-2,-129
1767174760.8752382,3,-3,-124
1767174760.8852382,6,-1,-126
1767174760.8952382,5,-1,-118
1767174760.9052382,0,-5,-121
1767174760.915238,1,-3,-121
1767174760.925238,3,-1,-121
1767174760.935238,3,-3,-120
1767174760.945238,5,0,-119
1767174760.955238,6,5,-114
1767174760.965238,5,8,-111
1767174760.975238,1,5,-115
1767174760.985238,-3,1,-113
1767174760.995238,1,-1,-116
1767174761.005238,3,-3,-123
1767174761.015238,4,-2,-111
1767174761.025238,0,-4,-104
1767174761.0352385,0,-3,-111
1767174761.0452385,1,0,-110
1767174761.0552382,1,-2,-117
1767174761.0652382,-2,-5,-121
1767174761.0752382,-3,-5,-113
1767174761.0852382,-4,-3,-109
1767174761.0952382,-3,-2,-109
1767174761.1052382,-1,-4,-115
1767174761.1152382,-1,-7,-114
1767174761.1252382,-5,-5,-113
1767174761.1352382,-3,-3,-118
1767174761.1452382,-1,-1,-113
1767174761.1552382,0,-1,-112
1767174761.165238,0,2,-111
1767174761.175238,2,-2,-115
1767174761.185238,0,-2,-116
1767174761.195238,0,-2,-117
1767174761.205238,2,1,-119
1767174761.215238,1,0,-121
1767174761.225238,1,0,-124
1767174761.235238,3,-1,-131
1767174761.245238,0,-3,-132
1767174761.255238,0,-6,-126
1767174761.265238,2,-5,-125
1767174761.275238,7,-3,-122
1767174761.2852385,4,-4,-127
1767174761.2952385,2,-6,-126
1767174761.3052382,-2,-6,-126
1767174761.3152382,-1,-3,-124
1767174761.3252382,1,0,-118
1767174761.3352382,3,0,-115
1767174761.3452382,2,0,-116
1767174761.3552382,0,-2,-117
1767174761.3652382,5,-1,-113
1767174761.3752382,6,-3,-114
1767174761.3852382,5,-3,-120
1767174761.3952382,7,1,-123
1767174761.4052382,3,1,-125
1767174761.415238,4,2,-122
1767174761.425238,5,2,-126
1767174761.435238,3,-1,-128
1767174761.445238,-1,0,-127
1767174761.455238,-6,5,-126
1767174761.465238,-8,3,-126
1767174761.475238,-5,2,-129
1767174761.485238,-7,6,-131
1767174761.495238,-5,5,-132
1767174761.505238,-7,0,-131
1767174761.515238,-2,3,-133
1767174761.525238,1,2,-129
1767174761.5352385,3,0,-122
1767174761.5452385,4,0,-123
1767174761.5552382,3,0,-122
1767174761.5652382,1,2,-116
1767174761.5752382,6,0,-116
1767174761.5852382,3,0,-118
1767174761.5952382,6,-1,-119
1767174761.6052382,9,-4,-117
1767174761.6152382,8,-5,-124
1767174761.6252382,4,-4,-123
1767174761.6352382,4,-6,-119
1767174761.6452382,1,-5,-113
1767174761.6552382,0,-7,-112
1767174761.665238,0,-6,-111
1767174761.675238,-4,-3,-110
1767174761.685238,-5,-2,-118
1767174761.695238,-2,-3,-119
1767174761.705238,1,-3,-118
1767174761.715238,2,-5,-113
1767174761.725238,0,-8,-111
1767174761.735238,0,-6,-118
1767174761.745238,-3,-6,-121
1767174761.755238,-1,-5,-122
1767174761.765238,0,-5,-126
1767174761.775238,4,-5,-119
1767174761.7852385,2,-10,-120
1767174761.7952385,0,-11,-123
1767174761.8052382,-1,-8,-122
1767174761.8152382,-3,-5,-120
1767174761.8252382,0,-3,-123
1767174761.8352382,0,0,-117
1767174761.8452382,-1,-1,-122
1767174761.8552382,-2,1,-120
1767174761.8652382,-3,-2,-118
1767174761.8752382,0,-6,-120
1767174761.8852382,-5,-4,-117
1767174761.8952382,-1,-1,-113
1767174761.9052382,-2,-5,-114
1767174761.915238,-4,-7,-116
1767174761.925238,-1,-6,-115
1767174761.935238,3,-5,-120
1767174761.945238,2,-7,-116
1767174761.955238,2,-7,-110
1767174761.965238,1,-8,-113
1767174761.975238,-3,-5,-117
1767174761.985238,-8,-3,-116
1767174761.995238,-10,-3,-119
1767174762.005238,-8,2,-115
1767174762.015238,-8,2,-116
1767174762.025238,-8,3,-122
1767174762.0352385,-5,0,-122
1767174762.0452385,0,-4,-117
1767174762.0552382,5,-4,-120
1767174762.0652382,0,-7,-127
1767174762.0752382,-4,-8,-127
1767174762.0852382,0,-7,-126
1767174762.0952382,-2,-9,-126
1767174762.1052382,0,-7,-115
1767174762.1152382,0,-2,-111
1767174762.1252382,-3,-2,-110
1767174762.1352382,-2,-7,-110
1767174762.1452382,0,-4,-113
1767174762.1552382,0,-4,-111
1767174762.165238,-2,-8,-118
1767174762.175238,1,-10,-117
1767174762.185238,0,-7,-118
1767174762.195238,0,-2,-119
1767174762.205238,0,0,-119
1767174762.215238,-2,2,-115
1767174762.225238,0,1,-111
1767174762.235238,-2,0,-116
1767174762.245238,3,2,-116
1767174762.255238,4,3,-121
1767174762.265238,0,0,-122
1767174762.275238,1,1,-113
1767174762.2852385,-2,4,-117
1767174762.2952385,-2,2,-124
1767174762.3052382,2,4,-131
1767174762.3152382,0,5,-126
1767174762.3252382,-2,3,-129
1767174762.3352382,1,2,-134
1767174762.3452382,2,5,-128
1767174762.3552382,1,0,-121
1767174762.3652382,3,-2,-124
1767174762.3752382,6,0,-128
1767174762.3852382,1,-2,-123
1767174762.3952382,1,0,-124
1767174762.4052382,0,0,-119
1767174762.415238,-2,1,-117
1767174762.425238,-3,0,-123
1767174762.435238,1,0,-128
1767174762.445238,1,-2,-134
1767174762.4562385,7,-4,-133
1767174762.4662385,5,-3,-136
1767174762.4762385,0,0,-134
1767174762.4862382,3,-1,-135
1767174762.4962382,0,0,-135
1767174762.5062382,0,0,-129
1767174762.5162382,2,-1,-125
1767174762.5262382,1,0,-119
1767174762.5362382,3,0,-120
1767174762.5462382,-2,0,-123
1767174762.5562382,-2,6,-127
1767174762.5662382,-3,7,-128
1767174762.5762382,0,6,-124
1767174762.586238,3,5,-118
1767174762.5952382,3,2,-121
1767174762.606238,-2,1,-112
1767174762.616238,-2,3,-111
1767174762.626238,-3,0,-119
1767174762.636238,-1,4,-118
1767174762.646238,-6,5,-122
1767174762.656238,-3,3,-120
1767174762.666238,-4,0,-114
1767174762.676238,-1,-1,-115
1767174762.686238,2,1,-119
1767174762.696238,2,-1,-121
1767174762.7062385,1,-3,-119
1767174762.7162385,1,-3,-124
1767174762.7262385,4,-3,-127
1767174762.7362382,4,2,-123
1767174762.7462382,5,2,-121
1767174762.7562382,4,-1,-120
1767174762.7662382,-1,-6,-122
1767174762.7762382,0,-5,-129
1767174762.7862382,1,-4,-125
1767174762.7962382,3,-1,-127
1767174762.8062382,2,-3,-123
1767174762.8162382,2,-2,-121
1767174762.8262382,2,-4,-125
1767174762.836238,5,-5,-120
1767174762.846238,3,-6,-122
1767174762.856238,2,-7,-120
1767174762.866238,0,-9,-124
1767174762.876238,-3,-6,-129
1767174762.886238,-4,-5,-130
1767174762.896238,-4,-4,-127
1767174762.906238,0,-2,-122
1767174762.916238,2,-2,-123
1767174762.926238,-3,3,-115
1767174762.936238,-2,-2,-117
1767174762.946238,-4,-6,-119
1767174762.9562385,-2,-7,-123
1767174762.9662385,1,-7,-121
1767174762.9762385,8,-7,-128
1767174762.9862382,8,-4,-125
1767174762.9962382,3,-2,-119
1767174763.0062382,-2,-3,-122
1767174763.0162382,-4,-4,-121
1767174763.0262382,-1,-4,-125
1767174763.0362382,-3,-2,-125
1767174763.0462382,-1,0,-126
1767174763.0562382,0,-1,-121
1767174763.0662382,0,-1,-120
1767174763.0762382,0,-2,-117
1767174763.086238,3,0,-117
1767174763.096238,5,0,-113
1767174763.106238,3,-1,-112
1767174763.116238,0,-2,-117
1767174763.126238,2,-3,-121
1767174763.136238,2,-2,-129
1767174763.146238,8,-1,-132
1767174763.156238,11,0,-126
1767174763.166238,9,-2,-120
1767174763.176238,8,-1,-122
1767174763.186238,3,-1,-126
1767174763.196238,-4,1,-121
1767174763.2062385,-5,2,-123
1767174763.2162385,-8,0,-121
1767174763.2262385,-8,0,-119
1767174763.2362382,-8,1,-123
1767174763.2462382,-8,1,-123
1767174763.2562382,-8,0,-123
1767174763.2662382,-3,2,-122
1767174763.2762382,0,2,-121
1767174763.2862382,0,3,-119
1767174763.2962382,0,4,-126
1767174763.3062382,-3,4,-124
1767174763.3162382,-3,6,-119
1767174763.3262382,-2,1,-122
1767174763.336238,-3,0,-123
1767174763.346238,-1,-1,-128
1767174763.356238,-5,-2,-131
1767174763.366238,-5,-1,-130
1767174763.376238,-1,-3,-122
1767174763.386238,2,-5,-121
1767174763.396238,1,-2,-122
1767174763.406238,-1,-7,-125
1767174763.416238,-2,-3,-127
1767174763.426238,-1,-4,-135
1767174763.436238,-1,-7,-129
1767174763.446238,-2,-6,-121
1767174763.4562385,-1,-4,-118
1767174763.4662385,0,-4,-117
1767174763.4762385,0,1,-120
1767174763.4862382,-1,-2,-122
1767174763.4962382,-1,-2,-131
1767174763.5062382,0,-4,-131
1767174763.5162382,-4,-2,-133
1767174763.5262382,-6,0,-128
1767174763.5362382,-7,-2,-123
1767174763.5462382,-7,-5,-128
1767174763.5562382,-5,-7,-129
1767174763.5662382,-4,-4,-132
1767174763.5762382,-2,-4,-131
1767174763.586238,0,0,-127
1767174763.596238,-2,0,-121
1767174763.606238,-3,-1,-120
1767174763.616238,-3,-2,-125
1767174763.626238,-4,-2,-122
1767174763.636238,-1,-1,-116
1767174763.646238,1,2,-116
1767174763.656238,3,3,-123
1767174763.666238,6,3,-127
1767174763.676238,4,-2,-130
1767174763.686238,1,-4,-127
1767174763.696238,1,-2,-128
1767174763.7062385,0,-4,-126
1767174763.7162385,0,-4,-128
1767174763.7262385,-4,-6,-126
1767174763.7362382,-6,-7,-128
1767174763.7462382,-6,-5,-125
1767174763.7562382,-5,-2,-122
1767174763.7662382,-3,3,-127
1767174763.7762382,-3,2,-124
1767174763.7862382,-2,2,-120
1767174763.7962382,-4,2,-122
1767174763.8062382,-4,0,-125
1767174763.8162382,0,0,-123
1767174763.8262382,-2,0,-119
1767174763.836238,0,-1,-121
1767174763.846238,2,-6,-126
1767174763.856238,1,-5,-124
1767174763.866238,-1,-2,-126
1767174763.876238,-1,-3,-123
1767174763.886238,0,-4,-121
1767174763.896238,2,-2,-120
1767174763.906238,-2,-2,-125
1767174763.916238,-1,-3,-127
1767174763.926238,1,-1,-124
1767174763.936238,1,-5,-116
1767174763.9572382,-6,-2,-113
1767174763.9662385,-1,0,-116
1767174763.9762385,-2,0,-114
1767174763.9862382,-1,2,-113
1767174763.9962382,2,3,-113
1767174764.0062382,1,4,-113
1767174764.0162382,0,4,-113
1767174764.0262382,1,1,-115
1767174764.0362382,5,0,-110
1767174764.0462382,7,-4,-107
1767174764.0562382,5,-5,-108
1767174764.0662382,2,-9,-112
1767174764.0762382,5,-5,-118
1767174764.086238,7,-6,-113
1767174764.096238,7,-9,-116
1767174764.106238,3,-11,-122
1767174764.116238,5,-7,-123
1767174764.126238,8,-5,-124
1767174764.136238,7,-3,-126
1767174764.146238,3,-2,-128
1767174764.156238,0,0,-129
1767174764.166238,3,0,-128
1767174764.176238,6,3,-124
1767174764.186238,8,3,-124
1767174764.196238,6,-3,-120
1767174764.2062385,9,-1,-115
1767174764.2162385,10,1,-113
1767174764.2262385,5,1,-120
1767174764.2362382,3,0,-127
1767174764.2462382,0,0,-128
1767174764.2562382,2,5,-126
1767174764.2662382,1,9,-130
1767174764.2762382,5,6,-123
1767174764.2862382,0,4,-116
1767174764.2962382,0,1,-109
1767174764.3062382,-2,2,-122
1767174764.3162382,-2,4,-122
1767174764.3262382,0,0,-122
1767174764.336238,-2,-2,-118
1767174764.346238,0,4,-112
1767174764.356238,1,6,-119
1767174764.366238,5,5,-117
1767174764.376238,6,5,-117
1767174764.386238,2,0,-114
1767174764.396238,5,0,-116
1767174764.406238,2,0,-116
1767174764.416238,2,4,-120
1767174764.426238,1,5,-122
1767174764.436238,3,3,-120
1767174764.446238,0,1,-118
1767174764.4562385,-1,2,-114
1767174764.4662385,0,0,-114
1767174764.4762385,-3,-1,-112
1767174764.4862382,-5,-4,-112
1767174764.4962382,-2,-2,-110
1767174764.5062382,0,-3,-112
1767174764.5162382,-1,-1,-115
1767174764.5262382,0,-1,-121
1767174764.5362382,0,-1,-116
1767174764.5462382,1,-2,-118
1767174764.5562382,3,0,-120
1767174764.5662382,3,-2,-120
1767174764.5762382,10,-2,-120
1767174764.586238,8,-7,-119
1767174764.596238,8,-11,-116
1767174764.606238,8,-13,-118
1767174764.616238,6,-7,-113
1767174764.626238,5,-3,-120
1767174764.636238,6,-5,-126
1767174764.646238,4,-4,-120
1767174764.656238,5,-3,-116
1767174764.666238,2,-1,-119
1767174764.676238,2,-2,-124
1767174764.686238,6,-4,-133
1767174764.696238,2,-4,-133
1767174764.7062385,2,-8,-129
1767174764.7162385,1,-2,-125
1767174764.7262385,3,0,-125
1767174764.7362382,0,2,-123
1767174764.7462382,-2,6,-121
1767174764.7562382,-5,3,-120
1767174764.7662382,-3,-4,-115
1767174764.7762382,-3,-4,-112
1767174764.7862382,3,-2,-115
1767174764.7962382,5,-1,-118
1767174764.8062382,7,-1,-119
1767174764.8162382,5,-2,-118
1767174764.8262382,3,-2,-115
1767174764.836238,6,-5,-115
1767174764.846238,6,-3,-112
1767174764.856238,10,0,-116
1767174764.866238,5,-1,-110
1767174764.876238,3,-3,-113
1767174764.886238,9,-3,-117
1767174764.896238,5,0,-117
1767174764.906238,2,0,-118
1767174764.916238,0,0,-121
1767174764.926238,0,-3,-128
1767174764.936238,0,-5,-130
1767174764.946238,-3,-6,-125
1767174764.9562385,-1,-6,-118
1767174764.9662385,-3,-8,-117
1767174764.9762385,-2,-4,-112
1767174764.9862382,-3,0,-115
1767174764.9962382,-1,-1,-119
1767174765.0062382,0,-2,-112
1767174765.0162382,1,1,-111
1767174765.0262382,0,-3,-113
1767174765.0362382,2,-1,-114
1767174765.0462382,3,-2,-119
1767174765.0562382,4,-4,-130
1767174765.0662382,2,-10,-132
1767174765.0762382,0,-14,-133
1767174765.086238,-2,-11,-135
1767174765.096238,-4,-10,-132
1767174765.107238,-3,-6,-127
1767174765.117238,-1,-4,-126
1767174765.127238,-3,-6,-121
1767174765.1372385,0,-5,-114
1767174765.146238,0,-4,-120
1767174765.1572382,-1,-2,-116
1767174765.1672382,-1,1,-123
1767174765.1772382,-1,4,-118
1767174765.1872382,0,5,-120
1767174765.1972382,5,8,-130
1767174765.2072382,2,1,-126
1767174765.2172382,-1,2,-126
1767174765.2272382,0,4,-123
1767174765.2372382,1,3,-117
1767174765.2472382,4,1,-115
1767174765.257238,3,0,-119
1767174765.267238,4,-3,-115
1767174765.277238,1,-3,-111
1767174765.287238,0,-1,-109
1767174765.297238,1,0,-115
1767174765.307238,2,0,-116
1767174765.317238,3,0,-113
1767174765.327238,1,3,-113
1767174765.337238,-2,3,-112
1767174765.347238,-6,1,-110
1767174765.357238,-3,1,-113
1767174765.367238,1,-1,-115
1767174765.377238,4,0,-116
1767174765.3872385,0,0,-112
1767174765.3972385,0,3,-118
1767174765.4072382,-1,-1,-118
1767174765.4172382,-2,-5,-116
1767174765.4272382,0,-4,-120
1767174765.4372382,-2,-1,-123
1767174765.4472382,-7,1,-120
1767174765.4572382,-8,0,-118
1767174765.4672382,-9,3,-113
1767174765.4772382,-10,3,-110
1767174765.4872382,-14,2,-111
1767174765.4972382,-9,2,-117
1767174765.507238,-5,3,-115
1767174765.517238,-6,6,-114
1767174765.527238,-3,6,-116
1767174765.537238,-1,8,-119
1767174765.547238,-4,4,-123
1767174765.557238,-2,4,-126
1767174765.567238,-3,1,-128
1767174765.577238,-5,1,-121
1767174765.587238,-6,1,-116
1767174765.597238,-5,0,-119
1767174765.607238,-4,-1,-121
1767174765.617238,-5,0,-121
1767174765.627238,-10,0,-118
1767174765.6372385,-5,2,-121
1767174765.6472385,-1,3,-122
1767174765.6572382,0,5,-125
1767174765.6672382,-2,3,-122
1767174765.6772382,-6,0,-119
1767174765.6872382,-3,2,-121
1767174765.6972382,-2,2,-120
1767174765.7072382,-1,0,-113
1767174765.7172382,-2,-4,-112
1767174765.7272382,-1,0,-110
1767174765.7372382,-1,3,-110
1767174765.7472382,-5,4,-113
1767174765.757238,-1,8,-119
1767174765.767238,0,9,-125
1767174765.777238,-3,5,-128
1767174765.787238,-4,0,-128
1767174765.797238,-4,0,-128
1767174765.807238,-1,3,-133
1767174765.817238,-2,2,-126
1767174765.827238,3,0,-121
1767174765.837238,3,-1,-123
1767174765.847238,5,-3,-117
1767174765.857238,2,0,-122
1767174765.867238,2,0,-127
1767174765.877238,3,1,-130
1767174765.8872385,-1,0,-131
1767174765.8972385,0,0,-131
1767174765.9072382,3,-6,-130
1767174765.9172382,7,-3,-127
1767174765.9272382,3,0,-125
1767174765.9372382,3,2,-125
1767174765.9472382,1,-5,-118
1767174765.9572382,0,-6,-117
1767174765.9672382,0,-2,-118
1767174765.9772382,4,-5,-120
1767174765.9872382,5,-4,-116
1767174765.9972382,3,-2,-119
1767174766.007238,-1,-3,-116
1767174766.017238,-4,-4,-121
1767174766.027238,-6,-5,-128
1767174766.037238,-7,0,-134
1767174766.047238,-5,-1,-129
1767174766.057238,-6,-2,-126
1767174766.067238,-5,0,-130
1767174766.077238,-2,0,-125
1767174766.087238,0,-3,-127
1767174766.097238,-2,-4,-129
1767174766.107238,-4,-4,-126
1767174766.117238,-3,1,-126
1767174766.127238,0,6,-124
1767174766.1372385,1,3,-127
1767174766.1472385,0,2,-124
1767174766.1572382,0,3,-127
1767174766.1672382,1,0,-125
1767174766.1772382,-2,-1,-124
1767174766.1872382,-5,0,-126
1767174766.1972382,-2,-2,-122
1767174766.2072382,-2,-5,-123
1767174766.2172382,-4,-5,-126
1767174766.2272382,-4,-3,-117
1767174766.2372382,-5,-1,-118
1767174766.2472382,-4,0,-116
1767174766.257238,-5,0,-120
1767174766.267238,-8,-1,-121
1767174766.277238,-6,-1,-121
1767174766.287238,-5,-2,-123
1767174766.297238,-4,0,-110
1767174766.307238,-2,-3,-116
1767174766.317238,-3,-2,-121
1767174766.327238,2,-3,-125
1767174766.337238,3,-2,-122
1767174766.347238,2,-2,-114
1767174766.357238,2,-1,-114
1767174766.367238,2,-1,-120
1767174766.377238,5,0,-119
1767174766.3872385,4,0,-123
1767174766.3972385,8,2,-125
1767174766.4072382,6,1,-128
1767174766.4172382,5,0,-125
1767174766.4272382,1,-1,-121
1767174766.4372382,1,-1,-115
1767174766.4472382,2,0,-112
1767174766.4572382,0,-2,-114
1767174766.4672382,0,0,-116
1767174766.4772382,3,-4,-119
1767174766.4872382,1,-5,-114
1767174766.4972382,-2,-3,-119
1767174766.507238,0,0,-115
1767174766.517238,0,0,-110
1767174766.527238,-4,-1,-114
1767174766.537238,-5,-2,-117
1767174766.547238,-4,-4,-118
1767174766.557238,-3,-6,-120
1767174766.567238,0,-3,-119
1767174766.577238,-3,1,-116
1767174766.587238,-8,3,-117
1767174766.597238,-10,3,-117
1767174766.607238,-8,4,-120
1767174766.617238,0,0,-126
1767174766.627238,1,-1,-126
1767174766.6372385,1,-7,-126
1767174766.6472385,3,-4,-127
1767174766.6572382,2,-2,-127
1767174766.6672382,3,-3,-118
1767174766.6772382,4,-6,-116
1767174766.6872382,0,-7,-119
1767174766.6972382,0,-7,-123
1767174766.7072382,0,-7,-126
1767174766.7172382,0,-4,-130
1767174766.7272382,0,-2,-124
1767174766.7372382,2,-2,-128
1767174766.7472382,3,-1,-128
1767174766.757238,2,-4,-128
1767174766.767238,-1,-6,-122
1767174766.777238,-2,-6,-127
1767174766.787238,0,-6,-128
1767174766.797238,0,-5,-124
1767174766.807238,3,-2,-123
1767174766.817238,0,0,-119
1767174766.827238,5,0,-121
1767174766.837238,7,0,-119
1767174766.847238,7,0,-115
1767174766.857238,5,-3,-114
1767174766.867238,2,-5,-113
1767174766.877238,1,-6,-111
1767174766.8872385,5,-6,-117
1767174766.8972385,3,-8,-119
1767174766.9072382,4,-5,-114
1767174766.9172382,4,-3,-111
1767174766.9272382,5,0,-114
1767174766.9372382,6,-3,-120
1767174766.9472382,2,1,-123
1767174766.9572382,-4,2,-118
1767174766.9672382,-4,-1,-122
1767174766.9772382,-8,0,-121
1767174766.9872382,-1,2,-122
1767174766.9972382,0,1,-123
1767174767.007238,2,0,-125
1767174767.017238,3,0,-132
1767174767.027238,5,0,-132
1767174767.037238,9,0,-138
1767174767.047238,5,-1,-143
1767174767.057238,4,-2,-142
1767174767.067238,0,-2,-134
1767174767.077238,5,0,-131
1767174767.087238,-2,0,-128
1767174767.097238,-3,5,-123
1767174767.107238,-2,3,-119
1767174767.117238,0,-1,-121
1767174767.127238,-2,-4,-124
1767174767.1372385,-1,-5,-122
1767174767.1472385,-1,-2,-119
1767174767.1572382,-2,0,-119
1767174767.1672382,-2,-1,-118
1767174767.1772382,-2,-3,-120
1767174767.1872382,1,-2,-121
1767174767.1972382,-2,-4,-115
1767174767.2072382,0,-4,-121
1767174767.2172382,0,-4,-126
1767174767.2272382,-3,0,-121
1767174767.2372382,-3,0,-120
1767174767.248238,-3,0,-123
1767174767.257238,-3,1,-126
1767174767.267238,0,6,-131
1767174767.277238,3,3,-134
1767174767.287238,0,-2,-131
1767174767.297238,2,-2,-122
1767174767.307238,3,-2,-123
1767174767.317238,4,-3,-122
1767174767.327238,5,-1,-122
1767174767.337238,5,1,-120
1767174767.347238,3,0,-122
1767174767.357238,0,0,-126
1767174767.367238,-2,-3,-123
1767174767.377238,0,-8,-122
1767174767.3872385,2,-10,-124
1767174767.3972385,6,-4,-125
1767174767.4072382,5,-2,-127
1767174767.4172382,4,-6,-125
1767174767.4272382,5,-6,-121
1767174767.4372382,6,-3,-121
1767174767.4472382,3,-3,-117
1767174767.4572382,5,-4,-121
1767174767.4672382,7,-7,-122
1767174767.4772382,2,-8,-119
1767174767.4872382,-2,-6,-116
1767174767.4972382,-7,-4,-117
1767174767.507238,-4,-5,-114
1767174767.517238,-4,-3,-121
1767174767.527238,0,-7,-123
1767174767.537238,-1,-7,-123
1767174767.547238,-2,-9,-122
1767174767.557238,-4,-11,-119
1767174767.567238,-7,-8,-125
1767174767.577238,-3,-4,-122
1767174767.587238,-4,-2,-119
1767174767.597238,0,-3,-112
1767174767.607238,7,-5,-111
1767174767.617238,8,-6,-118
1767174767.627238,4,-6,-124
1767174767.6372385,2,-9,-125
1767174767.6472385,1,-8,-123
1767174767.6572382,-1,-10,-125
1767174767.6672382,-4,-12,-124
1767174767.6772382,-2,-10,-121
1767174767.6872382,-2,-12,-122
1767174767.6972382,-3,-11,-125
1767174767.7072382,-4,-9,-123
1767174767.7172382,-3,-4,-125
1767174767.7272382,-5,0,-131
1767174767.7372382,-5,-2,-130
1767174767.7472382,-9,-1,-129
1767174767.758238,-6,-5,-128
1767174767.767238,-3,-7,-128
1767174767.778238,0,-8,-128
1767174767.788238,0,-11,-128
1767174767.798238,-2,-7,-131
1767174767.8082385,0,-1,-129
1767174767.8182385,0,0,-132
1767174767.8282382,2,-4,-133
1767174767.8382382,2,-6,-127
1767174767.8482382,-3,-7,-125
1767174767.8582382,-5,-4,-119
1767174767.8682382,-1,0,-117
1767174767.8782382,1,2,-117
1767174767.8882382,1,5,-111
1767174767.8982382,1,3,-110
1767174767.9082382,-1,-1,-109
1767174767.9182382,-6,0,-114
1767174767.9282382,-6,-3,-121
1767174767.938238,-6,-3,-118
1767174767.948238,0,-3,-116
1767174767.958238,0,0,-126
1767174767.968238,1,-1,-109
1767174767.978238,0,-2,-111
1767174767.988238,0,-3,-108
1767174767.998238,-3,0,-111
1767174768.008238,-1,-1,-113
1767174768.018238,-2,0,-123
1767174768.028238,-1,-2,-129
1767174768.038238,0,-6,-136
1767174768.048238,0,-9,-132
1767174768.0582385,0,-10,-128
1767174768.0682385,0,-11,-129
1767174768.0782382,0,-12,-126
1767174768.0882382,1,-11,-123
1767174768.0982382,-1,-12,-119
1767174768.1082382,1,-13,-120
1767174768.1182382,-4,-10,-118
1767174768.1282382,-5,-5,-121
1767174768.1382382,-3,-4,-122
1767174768.1482382,-1,-3,-123
1767174768.1582382,-2,-4,-119
1767174768.1682382,-2,-3,-119
1767174768.1782382,-2,-2,-118
1767174768.188238,-1,-1,-125
1767174768.198238,2,-1,-125
1767174768.208238,9,-2,-127
1767174768.218238,8,-4,-128
1767174768.228238,4,-3,-125
1767174768.238238,3,-4,-125
1767174768.248238,0,-4,-133
1767174768.258238,0,-5,-128
1767174768.268238,-1,-6,-126
1767174768.278238,-1,-7,-133
1767174768.288238,0,-6,-132
1767174768.298238,3,-3,-123
1767174768.3082385,0,-2,-118
1767174768.3182385,-2,-7,-120
1767174768.3282382,0,-7,-124
1767174768.3382382,1,-8,-127
1767174768.3482382,0,-9,-128
1767174768.3582382,-1,-10,-126
1767174768.3682382,-3,-10,-132
1767174768.3782382,-8,-14,-130
1767174768.3882382,-9,-16,-129
1767174768.3982382,-7,-15,-129
1767174768.4082382,-1,-11,-126
1767174768.4182382,-2,-9,-122
1767174768.4282382,-2,-10,-119
1767174768.438238,-1,-7,-110
1767174768.448238,-1,-1,-108
1767174768.458238,0,-1,-105
1767174768.468238,0,0,-107
1767174768.478238,-3,-1,-109
1767174768.488238,-1,-1,-111
1767174768.498238,0,0,-122
1767174768.508238,0,-1,-124
1767174768.518238,3,-3,-126
1767174768.528238,0,-3,-119
1767174768.538238,3,-6,-122
1767174768.548238,2,-2,-121
1767174768.5582385,-2,-1,-118
1767174768.5682385,0,-6,-112
1767174768.5782382,2,-4,-107
1767174768.5882382,4,-4,-105
1767174768.5982382,6,-2,-112
1767174768.6082382,3,1,-116
1767174768.6182382,7,2,-118
1767174768.6282382,5,0,-123
1767174768.6382382,4,-4,-115
1767174768.6482382,2,-4,-116
1767174768.6582382,-1,-5,-117
1767174768.6682382,-1,0,-112
1767174768.6782382,3,-2,-120
1767174768.688238,8,-3,-118
1767174768.698238,4,-5,-119
1767174768.708238,0,-6,-126
1767174768.718238,2,-5,-118
1767174768.728238,0,-1,-117
1767174768.738238,-1,2,-116
1767174768.748238,-5,1,-115
1767174768.758238,-3,2,-116
1767174768.768238,-7,3,-120
1767174768.778238,-4,4,-118
1767174768.788238,0,3,-124
1767174768.798238,-1,1,-121
1767174768.8082385,1,3,-125
1767174768.8182385,1,5,-126
1767174768.8282382,4,0,-124
1767174768.8382382,4,-4,-126
1767174768.8482382,5,-5,-119
1767174768.8582382,1,-6,-118
1767174768.8682382,2,-8,-116
1767174768.8782382,4,-6,-111
1767174768.8882382,0,-6,-116
1767174768.8982382,0,-6,-115
1767174768.9082382,3,-8,-116
1767174768.9182382,-1,-4,-108
1767174768.9282382,1,-5,-107
1767174768.938238,2,-8,-115
1767174768.948238,1,-8,-112
1767174768.969238,4,-9,-120
1767174768.978238,1,-9,-120
1767174768.988238,1,-7,-124
1767174768.998238,-3,-5,-124
1767174769.008238,-5,-6,-125
1767174769.018238,-7,-2,-124
1767174769.028238,-8,-4,-130
1767174769.038238,-11,0,-126
1767174769.048238,-10,2,-125
1767174769.0582385,-10,3,-118
1767174769.0682385,-10,-2,-117
1767174769.0782382,-9,-6,-115
1767174769.0882382,-7,-4,-117
1767174769.0982382,-1,-7,-111
1767174769.1082382,1,-5,-114
1767174769.1182382,-2,0,-111
1767174769.1282382,3,0,-114
1767174769.1382382,7,-4,-112
1767174769.1482382,4,-4,-114
1767174769.1582382,-1,-6,-115
1767174769.1682382,2,-3,-116
1767174769.1782382,0,-3,-117
1767174769.188238,3,-7,-112
1767174769.198238,1,-4,-114
1767174769.208238,-1,0,-108
1767174769.218238,-3,4,-113
1767174769.228238,-3,5,-117
1767174769.238238,-4,1,-121
1767174769.248238,0,-1,-119
1767174769.258238,0,-5,-115
1767174769.268238,-1,-6,-118
1767174769.278238,6,-5,-116
1767174769.288238,9,-6,-116
1767174769.298238,9,-6,-119
1767174769.3082385,5,-1,-118
1767174769.3182385,7,-2,-119
1767174769.3282382,3,-4,-112
1767174769.3382382,0,-5,-108
1767174769.3482382,-4,-2,-111
1767174769.3582382,-4,-2,-110
1767174769.3682382,0,-4,-111
1767174769.3782382,1,-2,-113
1767174769.3882382,7,-3,-118
1767174769.3982382,3,-2,-109
1767174769.4082382,0,-3,-106
1767174769.4182382,-5,-2,-112
1767174769.4282382,-4,0,-112
1767174769.438238,-8,0,-105
1767174769.448238,-7,-2,-111
1767174769.458238,-6,-5,-116
1767174769.468238,-6,-4,-116
1767174769.478238,-3,-4,-118
1767174769.488238,-3,-6,-118
1767174769.498238,-2,-8,-119
1767174769.508238,-3,-6,-124
1767174769.518238,-5,-9,-124
1767174769.528238,1,-5,-118
1767174769.538238,1,-5,-119
1767174769.548238,1,0,-118
1767174769.5582385,1,0,-121
1767174769.5682385,-1,-1,-120
1767174769.5782382,-3,1,-128
1767174769.5882382,-8,0,-126
1767174769.5982382,-1,-1,-129
1767174769.6082382,1,0,-130
1767174769.6182382,0,-1,-129
1767174769.6282382,-1,-2,-127
1767174769.6382382,-4,0,-122
1767174769.6482382,-8,2,-127
1767174769.6582382,-6,2,-128
1767174769.6682382,-3,4,-125
1767174769.6782382,2,4,-126
1767174769.688238,1,3,-128
1767174769.698238,-1,0,-117
1767174769.708238,3,0,-121
1767174769.718238,4,2,-123
1767174769.728238,3,1,-125
1767174769.738238,3,3,-123
1767174769.748238,4,0,-120
1767174769.758238,6,0,-125
1767174769.768238,4,0,-127
1767174769.778238,6,1,-127
1767174769.788238,7,2,-125
1767174769.798238,9,-1,-122
1767174769.8082385,11,0,-117
1767174769.8182385,6,0,-123
1767174769.8282382,3,-6,-124
1767174769.8382382,3,-6,-123
1767174769.8482382,6,-8,-130
1767174769.8582382,7,-6,-129
1767174769.8682382,6,-3,-129
1767174769.8782382,5,-5,-123
1767174769.8882382,5,0,-121
1767174769.8982382,8,0,-118
1767174769.9082382,9,-4,-120
1767174769.9182382,5,-2,-128
1767174769.9282382,1,1,-134
1767174769.938238,0,2,-134
1767174769.948238,1,3,-130
1767174769.958238,7,3,-128
1767174769.968238,8,1,-126
1767174769.978238,3,-1,-125
1767174769.988238,-1,0,-131
1767174769.998238,-2,-3,-126
1767174770.008238,-4,0,-123
1767174770.018238,2,0,-125
1767174770.028238,7,1,-122
1767174770.038238,6,1,-117
1767174770.048238,4,0,-118
1767174770.0582385,6,6,-123
1767174770.0682385,4,4,-124
1767174770.0782382,1,3,-125
1767174770.0882382,-2,3,-122
1767174770.0982382,0,2,-120
1767174770.1082382,-3,0,-117
1767174770.1182382,-7,0,-113
1767174770.1282382,-8,0,-113
1767174770.1382382,-7,0,-117
1767174770.1482382,-10,0,-115
1767174770.1582382,-8,0,-126
1767174770.1682382,-6,0,-127
1767174770.1782382,-6,-1,-129
1767174770.188238,-7,0,-122
1767174770.198238,-3,-1,-118
1767174770.208238,-5,1,-125
1767174770.218238,-2,1,-127
1767174770.228238,-3,-2,-126
1767174770.238238,1,-4,-117
1767174770.248238,6,-3,-113
1767174770.258238,6,-6,-116
1767174770.268238,5,-5,-120
1767174770.278238,1,-8,-116
1767174770.288238,1,-6,-120
1767174770.298238,2,-2,-124
1767174770.3082385,-3,-1,-128
1767174770.3182385,-4,-1,-129
1767174770.3282382,-4,-1,-125
1767174770.3382382,-4,1,-131
1767174770.3482382,0,-1,-128
1767174770.3582382,3,-1,-122
1767174770.3682382,2,0,-123
1767174770.3782382,1,0,-124
1767174770.3882382,4,-1,-127
1767174770.3982382,4,-1,-131
1767174770.409238,1,0,-120
1767174770.419238,0,0,-114
1767174770.4282382,-3,0,-112
1767174770.438238,-3,-1,-109
1767174770.449238,-3,0,-112
1767174770.459238,-4,-1,-118
1767174770.469238,-3,-6,-111
1767174770.4792385,-5,-8,-116
1767174770.4892385,-5,-7,-120
1767174770.4992385,-9,-4,-125
1767174770.5092382,-2,-1,-124
1767174770.5192382,-2,0,-124
1767174770.5292382,0,-1,-125
1767174770.5392382,0,-5,-125
1767174770.5492382,0,-6,-126
1767174770.5592382,-2,-5,-127
1767174770.5692382,-5,-3,-128
1767174770.5792382,-6,-3,-125
1767174770.5892382,-4,-3,-126
1767174770.5992382,-2,-3,-129
1767174770.609238,1,0,-133
1767174770.619238,4,1,-126
1767174770.629238,3,1,-123
1767174770.639238,1,1,-126
1767174770.649238,0,-3,-127
1767174770.659238,0,-2,-125
1767174770.669238,4,0,-124
1767174770.679238,2,3,-127
1767174770.689238,0,5,-126
1767174770.699238,0,2,-130
1767174770.709238,3,6,-125
1767174770.719238,7,7,-125
1767174770.7292385,6,3,-125
1767174770.7392385,4,5,-123
1767174770.7492385,8,4,-117
1767174770.7592382,7,0,-119
1767174770.7692382,5,-1,-121
1767174770.7792382,5,0,-122
1767174770.7892382,7,0,-122
1767174770.7992382,5,2,-117
1767174770.8092382,1,1,-118
1767174770.8192382,-1,0,-118
1767174770.8292382,-3,-3,-106
1767174770.8392382,-3,-3,-110
1767174770.8492382,2,-5,-113
1767174770.859238,4,-7,-111
1767174770.869238,1,-5,-116
1767174770.879238,4,-4,-111
1767174770.889238,8,-3,-117
1767174770.899238,7,-1,-121
1767174770.909238,4,-3,-118
1767174770.919238,4,1,-120
1767174770.929238,3,6,-120
1767174770.939238,4,7,-117
1767174770.949238,6,0,-113
1767174770.959238,7,-1,-121
1767174770.969238,4,0,-123
1767174770.9792385,4,0,-122
1767174770.9892385,0,-1,-115
1767174770.9992385,-1,0,-123
1767174771.0092382,0,0,-120
1767174771.0192382,2,-5,-123
1767174771.0292382,-1,-10,-121
1767174771.0392382,0,-10,-119
1767174771.0492382,3,-9,-121
1767174771.0592382,5,-8,-125
1767174771.0692382,7,-4,-126
1767174771.0792382,5,-6,-128
1767174771.0892382,5,-5,-126
1767174771.0992382,2,-2,-124
1767174771.109238,-5,1,-122
1767174771.119238,-4,0,-123
1767174771.129238,-1,1,-120
1767174771.139238,4,4,-117
1767174771.149238,1,1,-115
1767174771.159238,0,-3,-118
1767174771.169238,1,-1,-121
1767174771.179238,0,-2,-121
1767174771.189238,2,-4,-120
1767174771.199238,4,-6,-124
1767174771.209238,3,-8,-121
1767174771.219238,2,-8,-120
1767174771.2292385,-2,-7,-113
1767174771.2392385,-2,-8,-115
1767174771.2492385,0,-2,-117
1767174771.2592382,-1,-4,-115
1767174771.2692382,-2,-3,-119
1767174771.2792382,-1,-6,-119
1767174771.2892382,-4,-5,-123
1767174771.2992382,-2,-11,-123
1767174771.3092382,-3,-13,-126
1767174771.3192382,-3,-14,-129
1767174771.3292382,-3,-9,-128
1767174771.3392382,-4,-12,-128
1767174771.3492382,-2,-13,-126
1767174771.359238,-2,-8,-128
1767174771.369238,-4,-8,-132
1767174771.379238,-9,-9,-126
1767174771.389238,-15,-3,-125
1767174771.399238,-11,-1,-123
1767174771.409238,-10,-1,-116
1767174771.419238,-4,2,-119
1767174771.429238,-2,-1,-116
1767174771.439238,-6,0,-115
1767174771.449238,-8,0,-121
1767174771.459238,-6,2,-125
1767174771.469238,-5,0,-127
1767174771.4792385,-5,0,-121
1767174771.4892385,-8,-2,-121
1767174771.4992385,-4,2,-121
1767174771.5092382,-2,5,-121
1767174771.5192382,0,3,-124
1767174771.5292382,-4,0,-127
1767174771.5392382,1,4,-122
1767174771.5492382,2,1,-123
1767174771.5592382,0,-2,-125
1767174771.5692382,-6,0,-120
1767174771.5792382,-11,0,-118
1767174771.5892382,-8,0,-117
1767174771.5992382,-9,-1,-116
1767174771.609238,-8,0,-115
1767174771.619238,-5,0,-109
1767174771.629238,-4,-5,-117
1767174771.639238,-5,-1,-118
1767174771.649238,-6,0,-118
1767174771.659238,0,1,-120
1767174771.669238,2,2,-124
1767174771.679238,1,3,-128
1767174771.689238,-1,3,-127
1767174771.699238,0,1,-124
1767174771.709238,-1,4,-121
1767174771.719238,-1,6,-121
1767174771.7292385,0,6,-120
1767174771.7392385,0,3,-114
1767174771.7492385,2,-2,-119
1767174771.7592382,3,-3,-115
1767174771.7692382,0,-3,-108
1767174771.7792382,0,0,-112
1767174771.7892382,0,1,-114
1767174771.7992382,1,4,-113
1767174771.8092382,0,5,-112
1767174771.8192382,0,3,-119
1767174771.8292382,-2,3,-114
1767174771.8392382,-3,3,-116
1767174771.8492382,-3,4,-123
1767174771.859238,-5,4,-123
1767174771.869238,-8,8,-132
1767174771.879238,-6,6,-132
1767174771.889238,0,4,-131
1767174771.899238,-3,2,-131
1767174771.909238,-2,2,-126
1767174771.919238,0,3,-125
1767174771.929238,-4,4,-126
1767174771.939238,-5,3,-128
1767174771.949238,-5,0,-123
1767174771.959238,-1,0,-120
1767174771.969238,-3,-2,-122
1767174771.9792385,-1,-5,-123
1767174771.9892385,0,-3,-126
1767174771.9992385,8,0,-126
1767174772.0092382,8,2,-121
1767174772.0192382,6,1,-118
1767174772.0292382,2,0,-117
1767174772.0392382,2,5,-120
1767174772.0492382,3,-2,-116
1767174772.0592382,3,1,-118
1767174772.0692382,0,4,-125
1767174772.0792382,1,2,-129
1767174772.0892382,0,-1,-134
1767174772.0992382,-1,-1,-134
1767174772.109238,-3,0,-134
1767174772.119238,-3,-1,-137
1767174772.129238,-4,-1,-138
1767174772.139238,-4,0,-130
1767174772.149238,-3,1,-124
1767174772.159238,-5,0,-129
1767174772.169238,-7,-1,-131
1767174772.179238,-3,0,-136
1767174772.189238,-1,3,-128
1767174772.199238,3,1,-124
1767174772.209238,7,-1,-122
1767174772.219238,5,0,-119
1767174772.2292385,1,0,-118
1767174772.2392385,-2,-3,-117
1767174772.2492385,0,-3,-111
1767174772.2592382,2,-4,-103
1767174772.2692382,2,-3,-103
1767174772.2792382,8,1,-105
1767174772.2892382,6,-3,-113
1767174772.2992382,0,-4,-112
1767174772.3092382,1,-6,-114
1767174772.3192382,1,-2,-121
1767174772.3292382,0,-1,-123
1767174772.3392382,0,-3,-119
1767174772.3492382,-1,-3,-120
1767174772.359238,-3,-5,-114
1767174772.369238,0,-2,-110
1767174772.379238,5,-2,-115
1767174772.389238,5,-1,-119
1767174772.399238,5,4,-117
1767174772.409238,2,4,-118
1767174772.419238,-1,2,-122
1767174772.429238,-2,1,-123
1767174772.439238,-4,0,-124
1767174772.449238,-8,-2,-124
1767174772.459238,-5,-2,-121
1767174772.469238,-4,-6,-120
1767174772.4792385,-5,-5,-123
1767174772.4892385,-3,-1,-124
1767174772.4992385,-3,-2,-120
1767174772.5092382,-3,-4,-119
1767174772.5192382,-1,-3,-127
1767174772.5292382,0,1,-123
1767174772.5392382,0,0,-117
1767174772.5492382,0,1,-117
1767174772.5592382,3,2,-115
1767174772.5692382,0,0,-121
1767174772.5792382,-4,-2,-123
1767174772.5892382,-4,-2,-126
1767174772.5992382,-4,-5,-126
1767174772.609238,-6,-4,-123
1767174772.619238,-5,-2,-121
1767174772.629238,-2,-1,-118
1767174772.639238,0,-2,-117
1767174772.649238,-3,2,-116
1767174772.659238,1,2,-119
1767174772.669238,-1,4,-126
1767174772.679238,-5,1,-121
1767174772.689238,-9,1,-119
1767174772.699238,-5,2,-123
1767174772.709238,-8,2,-120
1767174772.719238,-7,2,-121
1767174772.7292385,-2,6,-125
1767174772.7392385,2,0,-126
1767174772.7492385,4,-1,-122
1767174772.7592382,9,-2,-120
1767174772.7692382,8,-5,-116
1767174772.7792382,8,-8,-119
1767174772.7892382,3,-11,-121
1767174772.7992382,4,-11,-124
1767174772.8092382,4,-10,-126
1767174772.8192382,0,-6,-131
1767174772.8292382,-4,-3,-139
1767174772.8392382,-1,-2,-141
1767174772.8492382,-2,-3,-132
1767174772.859238,-2,-2,-130
1767174772.869238,0,-1,-134
1767174772.879238,1,1,-129
1767174772.889238,1,0,-126
1767174772.899238,0,-1,-125
1767174772.909238,-4,-3,-119
1767174772.919238,-5,-5,-121
1767174772.929238,-4,-9,-121
1767174772.939238,-5,-12,-128
1767174772.949238,-9,-10,-132
1767174772.959238,-14,-11,-125
1767174772.969238,-11,-10,-124
1767174772.9792385,-6,-6,-128
1767174772.9892385,-4,-8,-127
1767174772.9992385,-1,-6,-123
1767174773.0092382,-3,-5,-118
1767174773.0192382,-1,-5,-113
1767174773.0292382,0,-1,-114
1767174773.0392382,-1,4,-118
1767174773.0492382,-3,0,-124
1767174773.0592382,-5,0,-123
1767174773.070238,-6,1,-120
1767174773.080238,-6,4,-117
1767174773.090238,-4,2,-121
1767174773.100238,1,0,-116
1767174773.110238,3,1,-115
1767174773.120238,6,2,-111
1767174773.130238,3,1,-111
1767174773.140238,2,5,-112
1767174773.150238,5,1,-117
1767174773.1602385,2,5,-120
1767174773.1702385,-1,7,-114
1767174773.1802382,-4,5,-112
1767174773.1902382,1,3,-118
1767174773.2002382,1,4,-122
1767174773.2102382,5,2,-123
1767174773.2202382,7,3,-133
1767174773.2302382,5,-3,-131
1767174773.2402382,4,-3,-129
1767174773.2502382,0,-2,-128
1767174773.2602382,0,-3,-129
1767174773.2702382,0,-2,-122
1767174773.2802382,-6,-4,-122
1767174773.290238,-7,-3,-123
1767174773.300238,-5,-1,-118
1767174773.310238,-8,-4,-116
1767174773.320238,-9,-6,-123
1767174773.330238,-9,-8,-128
1767174773.340238,-7,-4,-129
1767174773.350238,-1,-5,-130
1767174773.360238,2,-5,-124
1767174773.370238,0,-1,-116
1767174773.380238,-3,-4,-113
1767174773.390238,0,-5,-112
1767174773.400238,1,-7,-113
1767174773.4102385,0,-8,-116
1767174773.4202385,1,-5,-122
1767174773.4302382,0,-6,-129
1767174773.4402382,-5,-4,-132
1767174773.4502382,-4,-3,-135
1767174773.4602382,-1,-6,-134
1767174773.4702382,0,-6,-129
1767174773.4802382,-2,-3,-124
1767174773.4902382,0,0,-123
1767174773.5002382,-1,0,-122
1767174773.5102382,-2,1,-120
1767174773.5202382,-5,4,-121
1767174773.5302382,-4,1,-118
1767174773.540238,-7,-4,-111
1767174773.550238,-3,-6,-109
1767174773.560238,-2,-4,-112
1767174773.570238,-1,-1,-116
1767174773.580238,-1,1,-117
1767174773.590238,-4,3,-123
1767174773.600238,-7,0,-126
1767174773.610238,-7,-1,-126
1767174773.620238,-1,-2,-123
1767174773.630238,0,-1,-120
1767174773.640238,4,-1,-124
1767174773.650238,3,0,-125
1767174773.6602385,4,0,-121
1767174773.6702385,3,-2,-123
1767174773.6802382,1,0,-122
1767174773.6902382,1,0,-118
1767174773.7002382,1,-1,-120
1767174773.7102382,1,0,-118
1767174773.7202382,5,0,-109
1767174773.7302382,4,0,-112
1767174773.7402382,5,1,-107
1767174773.7502382,4,0,-109
1767174773.7602382,5,0,-110
1767174773.7702382,2,-1,-113
1767174773.7802382,-1,-2,-107
1767174773.790238,0,-2,-111
1767174773.800238,-1,-1,-115
1767174773.810238,-3,-2,-116
1767174773.820238,-5,-2,-126
1767174773.830238,0,-3,-124
1767174773.840238,1,-2,-123
1767174773.850238,1,-2,-122
1767174773.860238,0,1,-123
1767174773.870238,-4,0,-128
1767174773.880238,0,0,-130
1767174773.890238,0,0,-133
1767174773.900238,-4,4,-135
1767174773.9102385,-4,3,-128
1767174773.9202385,-7,2,-124
1767174773.9302382,-4,-1,-123
1767174773.9402382,-2,-3,-122
1767174773.9502382,0,-4,-111
1767174773.9602382,0,-1,-111
1767174773.981238,-3,1,-108
1767174773.9902382,-4,4,-109
1767174774.0002382,-5,5,-117
1767174774.0102382,0,2,-120
1767174774.0202382,0,-2,-122
1767174774.0302382,-2,-4,-123
1767174774.040238,-5,-3,-120
1767174774.050238,-1,-5,-116
1767174774.060238,-4,-4,-117
1767174774.070238,-1,-2,-121
1767174774.080238,-3,0,-127
1767174774.090238,-5,1,-126
1767174774.100238,-8,-2,-130
1767174774.110238,-6,-5,-125
1767174774.120238,-3,-3,-120
1767174774.130238,-3,-2,-117
1767174774.140238,-5,-2,-116
1767174774.150238,-2,0,-116
1767174774.1602385,4,5,-119
1767174774.1702385,6,8,-114
1767174774.1802382,5,6,-121
1767174774.1902382,2,5,-118
1767174774.2002382,4,7,-112
1767174774.2102382,7,4,-115
1767174774.2202382,6,5,-118
1767174774.2302382,11,4,-126
1767174774.2402382,11,0,-123
1767174774.2502382,9,-2,-122
1767174774.2602382,3,-2,-120
1767174774.2702382,0,-1,-119
1767174774.2802382,1,3,-117
1767174774.290238,2,0,-114
1767174774.300238,0,-3,-114
1767174774.310238,-4,-2,-112
1767174774.320238,-11,-3,-111
1767174774.330238,-5,-1,-123
1767174774.340238,0,1,-130
1767174774.350238,6,1,-129
1767174774.360238,7,0,-129
1767174774.370238,3,-3,-128
1767174774.380238,-2,-1,-131
1767174774.390238,0,-2,-128
1767174774.400238,5,-2,-123
1767174774.4102385,3,2,-128
1767174774.4202385,0,2,-124
1767174774.4302382,0,1,-123
1767174774.4402382,-3,-1,-114
1767174774.4502382,-5,0,-114
1767174774.4602382,-4,-3,-122
1767174774.4702382,-7,0,-123
1767174774.4802382,-8,1,-123
1767174774.4902382,-8,0,-116
1767174774.5002382,-2,0,-117
1767174774.5102382,-1,0,-117
1767174774.5202382,0,1,-115
1767174774.5302382,1,0,-114
1767174774.540238,5,0,-119
1767174774.550238,11,-7,-118
1767174774.560238,11,-6,-120
1767174774.570238,12,-4,-122
1767174774.580238,5,-3,-116
1767174774.590238,8,-2,-117
1767174774.600238,6,-1,-120
1767174774.610238,2,0,-125
1767174774.620238,3,0,-126
1767174774.630238,6,4,-123
1767174774.640238,1,4,-117
1767174774.650238,1,4,-115
1767174774.6602385,1,5,-120
1767174774.6702385,0,7,-116
1767174774.6802382,-3,7,-120
1767174774.6902382,-6,8,-122
1767174774.7002382,-6,4,-120
1767174774.7102382,-7,2,-122
1767174774.7202382,-5,0,-118
1767174774.7302382,-3,-2,-121
1767174774.7402382,-1,-6,-132
1767174774.7502382,-3,-6,-127
1767174774.7602382,-5,-5,-128
1767174774.7702382,-2,-8,-121
1767174774.7802382,-4,-9,-119
1767174774.790238,-4,-4,-118
1767174774.800238,-2,-2,-124
1767174774.810238,-3,-1,-123
1767174774.820238,-4,-4,-121
1767174774.830238,-5,-2,-116
1767174774.840238,0,-1,-115
1767174774.850238,3,1,-122
1767174774.860238,0,1,-124
1767174774.870238,-2,0,-121
1767174774.880238,-2,-3,-122
1767174774.890238,0,-3,-121
1767174774.900238,1,-2,-118
1767174774.9102385,-1,-2,-117
1767174774.9202385,-2,-4,-107
1767174774.9302382,-4,-1,-112
1767174774.9402382,-2,-2,-112
1767174774.9502382,-6,-1,-107
1767174774.9602382,-3,-1,-105
1767174774.9702382,0,-2,-110
1767174774.9802382,0,-4,-109
1767174774.9902382,-4,-5,-111
1767174775.0002382,-3,-3,-110
1767174775.0102382,-3,-3,-117
1767174775.0202382,-6,1,-122
1767174775.0302382,-9,-2,-122
1767174775.040238,-7,0,-116
1767174775.050238,-1,-5,-120
1767174775.060238,-2,-3,-123
1767174775.070238,0,-1,-133
1767174775.080238,3,-2,-135
1767174775.090238,7,-3,-128
1767174775.100238,7,-3,-126
1767174775.110238,5,0,-121
1767174775.120238,-1,0,-123
1767174775.130238,-2,-3,-130
1767174775.140238,0,-4,-123
1767174775.150238,-3,-6,-120
1767174775.1602385,-3,-5,-119
1767174775.1702385,-4,-2,-125
1767174775.1802382,-4,-2,-124
1767174775.1902382,-5,-3,-119
1767174775.2002382,-5,-4,-123
1767174775.2102382,-6,-2,-126
1767174775.2202382,-3,-3,-130
1767174775.2302382,-3,-3,-132
1767174775.2402382,-1,-4,-130
1767174775.2502382,0,-3,-126
1767174775.2602382,-5,0,-123
1767174775.2702382,-3,0,-127
1767174775.2802382,1,-3,-127
1767174775.290238,-5,-1,-126
1767174775.300238,-5,0,-123
1767174775.310238,0,-1,-129
1767174775.320238,-1,-6,-133
1767174775.330238,2,-4,-125
1767174775.340238,4,-5,-124
1767174775.350238,3,-3,-127
1767174775.360238,5,-8,-120
1767174775.370238,4,-4,-114
1767174775.380238,5,-2,-113
1767174775.390238,0,0,-116
1767174775.400238,-1,0,-118
1767174775.4102385,3,-3,-120
1767174775.4202385,3,-3,-120
1767174775.4302382,4,-2,-116
1767174775.4402382,5,-2,-112
1767174775.4502382,1,-2,-117
1767174775.4602382,0,-6,-115
1767174775.4702382,0,-7,-114
1767174775.4802382,1,-8,-113
1767174775.4902382,2,-8,-110
1767174775.5002382,4,-3,-109
1767174775.5102382,6,0,-116
1767174775.5202382,9,2,-124
1767174775.5302382,7,-1,-122
1767174775.540238,3,2,-125
1767174775.550238,-2,-2,-115
1767174775.560238,-2,0,-121
1767174775.570238,-2,0,-122
1767174775.580238,0,-4,-120
1767174775.590238,-1,-2,-119
1767174775.600238,0,-2,-118
1767174775.610238,3,0,-121
1767174775.620238,3,3,-129
1767174775.630238,4,2,-140
1767174775.640238,2,2,-134
1767174775.650238,2,0,-137
1767174775.6602385,4,0,-135
1767174775.6702385,3,0,-136
1767174775.6802382,4,-1,-133
1767174775.6902382,2,-3,-129
1767174775.7012382,-2,0,-127
1767174775.711238,-1,1,-123
1767174775.7202382,-1,3,-126
1767174775.731238,-3,0,-130
1767174775.7402382,-3,-2,-123
1767174775.751238,-3,0,-118
1767174775.761238,-6,-3,-119
1767174775.771238,-9,-5,-121
1767174775.781238,-5,-6,-122
1767174775.791238,-3,-8,-118
1767174775.801238,0,-8,-115
1767174775.811238,-1,-4,-116
1767174775.821238,-5,-9,-115
1767174775.8312385,0,-3,-121
1767174775.8412385,-2,-1,-123
1767174775.8512385,1,-1,-124
1767174775.8612382,3,-1,-131
1767174775.8712382,5,-1,-128
1767174775.8812382,2,0,-125
1767174775.8912382,3,1,-124
1767174775.9012382,2,-1,-129
1767174775.9112382,0,-2,-125
1767174775.9212382,1,-2,-129
1767174775.9312382,4,0,-126
1767174775.9412382,5,0,-127
1767174775.9512382,1,0,-122
1767174775.961238,3,-3,-121
1767174775.971238,0,-4,-122
1767174775.981238,0,-7,-125
1767174775.991238,0,-4,-127
1767174776.001238,4,0,-129
1767174776.011238,3,-1,-125
1767174776.021238,0,0,-123
1767174776.031238,3,0,-124
1767174776.041238,3,-1,-124
1767174776.051238,2,-1,-118
1767174776.061238,6,-1,-123
1767174776.071238,2,0,-127
1767174776.0812385,-1,1,-124
1767174776.0912385,-3,-1,-134
1767174776.1012385,-2,2,-132
1767174776.1112382,0,3,-125
1767174776.1212382,-3,2,-124
1767174776.1312382,-2,4,-118
1767174776.1412382,0,6,-117
1767174776.1512382,1,5,-119
1767174776.1612382,-2,4,-120
1767174776.1712382,-1,1,-119
1767174776.1812382,-2,1,-117
1767174776.1912382,-2,1,-109
1767174776.2012382,-1,-1,-110
1767174776.211238,1,-4,-110
1767174776.221238,1,-2,-113
1767174776.231238,3,-4,-119
1767174776.241238,3,-6,-122
1767174776.251238,3,-7,-122
1767174776.261238,4,-8,-121
1767174776.271238,-1,-5,-117
1767174776.281238,0,-6,-117
1767174776.291238,0,-4,-120
1767174776.301238,3,0,-120
1767174776.311238,-1,1,-120
1767174776.321238,0,3,-118
1767174776.3312385,-3,1,-115
1767174776.3412385,-4,3,-117
1767174776.3512385,-1,3,-117
1767174776.3622382,0,0,-118
1767174776.3712382,-5,-2,-119
1767174776.3812382,-3,-2,-123
1767174776.3912382,0,-2,-119
1767174776.4012382,0,-2,-117
1767174776.4112382,2,-1,-124
1767174776.4212382,0,1,-129
1767174776.4312382,0,-8,-132
1767174776.4412382,5,-6,-123
1767174776.4512382,5,-3,-117
1767174776.461238,3,-5,-120
1767174776.471238,5,-5,-117
1767174776.481238,1,-2,-114
1767174776.491238,-2,-2,-113
1767174776.501238,-7,3,-115
1767174776.511238,-7,5,-115
1767174776.521238,-3,7,-117
1767174776.531238,-5,7,-125
1767174776.541238,-2,2,-125
1767174776.551238,-4,2,-126
1767174776.561238,0,3,-122
1767174776.571238,0,4,-114
1767174776.5812385,-1,5,-114
1767174776.5912385,-3,6,-117
1767174776.6012385,-2,3,-125
1767174776.6112382,-1,1,-116
1767174776.6212382,-1,0,-120
1767174776.6312382,0,-2,-115
1767174776.6412382,-1,-3,-116
1767174776.6512382,0,-3,-119
1767174776.6612382,4,-5,-115
1767174776.6712382,9,-3,-117
1767174776.6812382,7,2,-113
1767174776.6912382,8,2,-116
1767174776.7012382,6,1,-120
1767174776.711238,7,1,-120
1767174776.721238,5,0,-118
1767174776.731238,5,-2,-116
1767174776.741238,1,-4,-115
1767174776.751238,0,-4,-115
1767174776.761238,2,-1,-107
1767174776.771238,-2,1,-113
1767174776.781238,-6,0,-115
1767174776.791238,-6,-2,-114
1767174776.801238,0,-1,-115
1767174776.811238,2,-3,-112
1767174776.821238,0,0,-117
1767174776.8312385,-5,0,-115
1767174776.8412385,-6,-2,-120
1767174776.8512385,-7,1,-121
1767174776.8612382,-2,0,-121
1767174776.8712382,0,1,-128
1767174776.8812382,0,1,-129
1767174776.8912382,4,-5,-129
1767174776.9012382,2,-1,-131
1767174776.9112382,0,-1,-127
1767174776.9212382,0,0,-124
1767174776.9312382,1,3,-127
1767174776.9412382,4,2,-127
1767174776.9512382,6,1,-128
1767174776.961238,4,0,-123
1767174776.971238,1,-1,-129
1767174776.981238,-1,1,-129
1767174776.991238,0,1,-128
1767174777.001238,0,5,-127
1767174777.011238,-1,-1,-127
1767174777.021238,-1,-5,-125
1767174777.031238,-3,-3,-116
1767174777.041238,-3,0,-115
1767174777.051238,0,0,-112
1767174777.061238,-1,-1,-112
1767174777.071238,-1,1,-108
1767174777.0812385,-6,2,-116
1767174777.0912385,0,0,-120
1767174777.1012385,0,0,-117
1767174777.1112382,3,-1,-118
1767174777.1212382,3,2,-120
1767174777.1312382,3,0,-125
1767174777.1412382,0,0,-125
1767174777.1512382,0,-1,-124
1767174777.1612382,0,-3,-129
1767174777.1712382,-3,-4,-125
1767174777.1812382,-5,-1,-126
1767174777.1912382,-7,0,-130
1767174777.2012382,-7,0,-123
1767174777.211238,-5,0,-121
1767174777.221238,-5,0,-123
1767174777.231238,-2,-2,-124
1767174777.241238,-3,-2,-119
1767174777.251238,-1,-1,-110
1767174777.261238,-2,-2,-114
1767174777.271238,-1,-5,-111
1767174777.281238,-1,0,-114
1767174777.291238,-5,1,-112
1767174777.301238,-7,4,-116
1767174777.311238,-9,4,-111
1767174777.321238,-9,4,-112
1767174777.3312385,-4,4,-114
1767174777.3412385,-4,4,-112
1767174777.3512385,-5,1,-113
1767174777.3612382,-7,1,-110
1767174777.3712382,-3,-2,-111
1767174777.3812382,-1,-1,-108
1767174777.3912382,4,-4,-112
1767174777.4012382,9,-4,-119
1767174777.4112382,4,-6,-116
1767174777.4212382,-2,-3,-123
1767174777.4312382,-2,-3,-124
1767174777.4412382,-4,-2,-126
1767174777.4512382,-2,-1,-127
1767174777.461238,-1,-4,-128
1767174777.471238,-4,-3,-127
1767174777.481238,-3,-3,-125
1767174777.491238,-5,-3,-122
1767174777.501238,-5,-3,-119
1767174777.511238,0,-1,-125
1767174777.521238,6,-2,-120
1767174777.531238,7,-5,-118
1767174777.541238,9,-7,-117
1767174777.551238,6,-9,-111
1767174777.561238,3,-10,-112
1767174777.571238,3,-7,-108
1767174777.5812385,0,-7,-113
1767174777.5912385,-2,-7,-120
1767174777.6012385,-6,-11,-122
1767174777.6112382,-3,-7,-119
1767174777.6212382,-5,-10,-117
1767174777.6312382,-5,-10,-118
1767174777.6412382,-5,-4,-124
1767174777.6512382,-6,-7,-124
1767174777.6612382,-2,-10,-126
1767174777.6712382,-3,-11,-127
1767174777.6812382,-1,-8,-130
1767174777.6912382,-1,-9,-124
1767174777.7012382,1,-10,-119
1767174777.711238,1,-6,-110
1767174777.721238,-5,-7,-116
1767174777.731238,-5,-3,-119
1767174777.741238,-6,-7,-120
1767174777.751238,-7,-3,-119
1767174777.761238,-7,0,-120
1767174777.771238,-4,-2,-119
1767174777.781238,-5,1,-116
1767174777.791238,-6,0,-113
1767174777.801238,-5,1,-114
1767174777.811238,-4,1,-123
1767174777.821238,-5,3,-128
1767174777.8312385,-1,1,-132
1767174777.8412385,4,1,-126
1767174777.8512385,6,1,-120
1767174777.8612382,4,1,-123
1767174777.8712382,5,0,-121
1767174777.8812382,3,0,-123
1767174777.8912382,0,3,-119
1767174777.9012382,-1,0,-121
1767174777.9112382,-4,-2,-121
1767174777.9212382,-4,0,-122
1767174777.9312382,-5,0,-121
1767174777.9412382,0,0,-118
1767174777.9512382,-1,1,-117
1767174777.961238,2,0,-114
1767174777.971238,0,2,-113
1767174777.981238,1,2,-116
1767174777.991238,3,2,-114
1767174778.001238,3,2,-114
1767174778.011238,1,0,-115
1767174778.021238,0,-2,-112
1767174778.031238,1,-7,-113
1767174778.041238,2,-4,-111
1767174778.051238,0,-5,-113
1767174778.061238,2,-3,-111
1767174778.071238,4,-4,-115
1767174778.0812385,5,-2,-116
1767174778.0912385,5,-5,-116
1767174778.1012385,7,-4,-111
1767174778.1112382,3,0,-115
1767174778.1212382,5,0,-116
1767174778.1312382,4,0,-115
1767174778.1412382,3,-1,-120
1767174778.1512382,6,0,-126
1767174778.1612382,5,0,-126
1767174778.1712382,6,3,-130
1767174778.1812382,5,2,-125
1767174778.1912382,6,2,-127
1767174778.2012382,8,1,-127
1767174778.211238,4,0,-121
1767174778.221238,3,-1,-115
1767174778.231238,2,-6,-121
1767174778.241238,4,-8,-125
1767174778.251238,4,-6,-121
1767174778.261238,7,-9,-120
1767174778.271238,8,-8,-115
1767174778.281238,10,-7,-123
1767174778.291238,8,-5,-118
1767174778.301238,4,-2,-124
1767174778.311238,2,-1,-129
1767174778.321238,1,0,-129
1767174778.3312385,0,0,-133
1767174778.3412385,1,-1,-127
1767174778.3512385,1,0,-126
1767174778.3612382,0,-4,-122
1767174778.3712382,-2,0,-123
1767174778.382238,-6,0,-117
1767174778.3912382,-6,-3,-111
1767174778.402238,-5,-7,-113
1767174778.412238,-4,-7,-114
1767174778.4212382,-1,-8,-116
1767174778.432238,-4,-5,-113
1767174778.442238,-3,0,-114
1767174778.452238,-2,4,-110
1767174778.462238,-2,5,-104
1767174778.472238,-4,3,-106
1767174778.482238,-11,1,-110
1767174778.492238,-6,1,-113
1767174778.502238,-8,2,-115
1767174778.5122385,-11,5,-116
1767174778.5222385,-6,1,-119
1767174778.5322382,-4,-7,-120
1767174778.5422382,-6,-8,-114
1767174778.5522382,-7,-5,-116
1767174778.5622382,-6,-9,-119
1767174778.5722382,-5,-11,-122
1767174778.5822382,-6,-14,-113
1767174778.5922382,-6,-9,-119
1767174778.6022382,0,-11,-118
1767174778.6122382,0,-7,-120
1767174778.6222382,3,-8,-118
1767174778.632238,2,-8,-122
1767174778.642238,8,-9,-122
1767174778.652238,9,-6,-120
1767174778.662238,7,-3,-119
1767174778.672238,0,-4,-116
1767174778.682238,-1,-6,-118
1767174778.692238,0,-8,-118
1767174778.702238,-3,-3,-117
1767174778.712238,-5,-1,-118
1767174778.722238,-6,-4,-119
1767174778.732238,0,-4,-117
1767174778.742238,-5,-7,-117
1767174778.752238,-5,-6,-115
1767174778.7622385,-5,-7,-115
1767174778.7722385,-3,-6,-115
1767174778.7822382,-1,-5,-121
1767174778.7922382,0,-3,-116
1767174778.8022382,5,0,-121
1767174778.8122382,5,1,-118
1767174778.8222382,3,0,-117
1767174778.8322382,1,0,-121
1767174778.8422382,0,-1,-122
1767174778.8522382,2,2,-128
1767174778.8622382,3,6,-120
1767174778.8722382,0,5,-120
1767174778.882238,-2,6,-117
1767174778.892238,0,4,-119
1767174778.902238,-1,-1,-119
1767174778.912238,-6,2,-117
1767174778.922238,-5,2,-116
1767174778.932238,-8,1,-121
1767174778.942238,-4,0,-131
1767174778.952238,-2,0,-132
1767174778.962238,1,1,-131
1767174778.972238,2,2,-137
1767174778.994238,0,2,-131
1767174779.002238,0,5,-136
1767174779.0122385,1,9,-135
1767174779.0222385,1,6,-129
1767174779.0322382,0,5,-127
1767174779.0422382,2,1,-129
1767174779.0522382,2,2,-122
1767174779.0622382,0,2,-112
1767174779.0722382,2,3,-116
1767174779.0822382,3,3,-111
1767174779.0922382,4,1,-110
1767174779.1022382,0,-3,-106
1767174779.1122382,-2,-1,-111
1767174779.1222382,0,4,-111
1767174779.132238,-3,3,-118
1767174779.142238,-2,2,-120
1767174779.152238,0,0,-119
1767174779.162238,1,2,-121
1767174779.172238,1,1,-121
1767174779.182238,-1,3,-119
1767174779.192238,2,3,-129
1767174779.202238,-1,3,-130
1767174779.212238,-3,5,-126
1767174779.222238,0,1,-123
1767174779.232238,4,2,-119
1767174779.242238,0,0,-117
1767174779.252238,-3,-1,-116
1767174779.2622385,0,-4,-121
1767174779.2722385,-3,-3,-127
1767174779.2822382,-8,-3,-129
1767174779.2922382,-8,-5,-125
1767174779.3022382,-4,0,-126
1767174779.3122382,-2,-2,-124
1767174779.3222382,0,-4,-124
1767174779.3322382,1,-4,-129
1767174779.3422382,0,-5,-133
1767174779.3522382,3,-3,-129
1767174779.3622382,2,-1,-128
1767174779.3722382,-1,-4,-127
1767174779.382238,0,-1,-125
1767174779.392238,1,-7,-122
1767174779.402238,2,-5,-120
1767174779.412238,0,0,-119
1767174779.422238,0,-1,-118
1767174779.432238,0,1,-117
1767174779.442238,0,5,-119
1767174779.452238,1,2,-121
1767174779.462238,4,-1,-113
1767174779.472238,3,0,-111
1767174779.482238,1,0,-112
1767174779.492238,-1,-2,-118
1767174779.502238,-1,-3,-125
1767174779.5122385,2,-1,-123
1767174779.5222385,0,-3,-122
1767174779.5322382,-1,-4,-119
1767174779.5422382,-1,-2,-123
1767174779.5522382,-5,-2,-116
1767174779.5622382,-3,-2,-110
1767174779.5722382,-1,1,-112
1767174779.5822382,4,0,-122
1767174779.5922382,-3,1,-126
1767174779.6022382,-3,0,-123
1767174779.6122382,-5,1,-121
1767174779.6222382,-5,-1,-121
1767174779.632238,-8,0,-123
1767174779.642238,-9,0,-123
1767174779.652238,-8,0,-129
1767174779.662238,-10,3,-123
1767174779.672238,-7,1,-113
1767174779.682238,-10,0,-110
1767174779.692238,-7,0,-114
1767174779.702238,-1,-1,-120
1767174779.712238,0,-1,-121
1767174779.722238,-4,-1,-117
1767174779.732238,-3,2,-118
1767174779.742238,-2,2,-124
1767174779.752238,-2,0,-125
1767174779.7622385,0,2,-123
1767174779.7722385,0,0,-122
1767174779.7822382,2,-2,-120
1767174779.7922382,2,-1,-115
1767174779.8022382,7,-1,-121
1767174779.8122382,8,-2,-122
1767174779.8222382,1,-1,-116
1767174779.8322382,1,-1,-114
1767174779.8422382,5,0,-116
1767174779.8522382,4,1,-117
1767174779.8622382,0,0,-119
1767174779.8722382,5,2,-132
1767174779.882238,2,2,-129
1767174779.892238,1,1,-130
1767174779.902238,4,-4,-128
1767174779.912238,4,-8,-128
1767174779.922238,0,-9,-129
1767174779.932238,1,-10,-123
1767174779.942238,-2,-6,-125
1767174779.952238,-3,-5,-121
1767174779.962238,-2,-4,-116
1767174779.972238,-1,-6,-118
1767174779.982238,-5,-6,-115
1767174779.992238,-3,-3,-121
1767174780.002238,-4,2,-122
1767174780.0122385,1,3,-118
1767174780.0222385,0,0,-111
1767174780.0322382,-4,0,-109
1767174780.0422382,-3,0,-112
1767174780.0522382,-1,-3,-117
1767174780.0622382,-5,-5,-118
1767174780.0722382,-9,-2,-124
1767174780.0822382,-3,-5,-122
1767174780.0922382,0,-2,-118
1767174780.1022382,0,-2,-126
1767174780.1122382,-2,-3,-129
1767174780.1222382,-4,0,-120
1767174780.132238,-1,0,-119
1767174780.142238,0,0,-114
1767174780.152238,2,-4,-115
1767174780.162238,0,-3,-117
1767174780.172238,-1,-3,-109
1767174780.182238,1,-1,-107
1767174780.192238,0,5,-116
1767174780.202238,2,0,-110
1767174780.212238,1,-3,-110
1767174780.222238,3,0,-112
1767174780.232238,9,2,-109
1767174780.242238,8,-4,-107
1767174780.252238,2,-6,-106
1767174780.2622385,3,-6,-108
1767174780.2722385,1,-7,-111
1767174780.2822382,2,-7,-111
1767174780.2922382,2,-5,-109
1767174780.3022382,5,-5,-112
1767174780.3122382,1,-1,-117
1767174780.3222382,3,-1,-117
1767174780.3322382,0,-1,-116
1767174780.3422382,3,0,-121
1767174780.3522382,6,1,-130
1767174780.3622382,8,5,-128
1767174780.3722382,8,6,-125
1767174780.382238,7,5,-122
1767174780.392238,7,8,-120
1767174780.402238,8,6,-120
1767174780.412238,11,1,-125
1767174780.422238,10,-4,-122
1767174780.432238,7,-3,-122
1767174780.442238,7,-2,-121
1767174780.452238,8,-5,-125
1767174780.462238,7,-2,-132
1767174780.472238,4,-4,-126
1767174780.482238,3,-4,-122
1767174780.492238,3,0,-120
1767174780.502238,0,-1,-120
1767174780.5122385,3,-1,-121
1767174780.5222385,2,-1,-120
1767174780.5322382,6,0,-117
1767174780.5422382,8,-1,-122
1767174780.5522382,6,-5,-126
1767174780.5622382,1,-6,-123
1767174780.5722382,0,-6,-124
1767174780.5822382,0,1,-127
1767174780.5922382,2,0,-127
1767174780.6022382,1,-1,-124
1767174780.6122382,0,-2,-119
1767174780.6222382,-5,-4,-122
1767174780.632238,-1,-3,-121
1767174780.642238,-1,-4,-122
1767174780.652238,1,0,-124
1767174780.662238,1,1,-120
1767174780.672238,0,-2,-124
1767174780.682238,-5,0,-122
1767174780.692238,-2,1,-115
1767174780.702238,0,1,-118
1767174780.712238,4,-1,-119
1767174780.722238,5,0,-124
1767174780.732238,2,-3,-121
1767174780.742238,4,0,-120
1767174780.752238,1,0,-117
1767174780.7622385,-1,-1,-126
1767174780.7722385,0,0,-126
1767174780.7822382,5,0,-126
1767174780.7922382,6,-1,-123
1767174780.8022382,3,-1,-119
1767174780.8122382,1,0,-124
1767174780.8222382,2,-1,-123
1767174780.8322382,4,0,-125
1767174780.8422382,0,1,-125
1767174780.8522382,-1,1,-123
1767174780.8622382,-4,2,-119
1767174780.8722382,-4,3,-114
1767174780.882238,-3,1,-123
1767174780.892238,0,3,-123
1767174780.902238,1,1,-121
1767174780.912238,0,0,-124
1767174780.922238,3,-3,-125
1767174780.932238,2,-5,-123
1767174780.942238,8,0,-117
1767174780.952238,8,0,-118
1767174780.962238,5,-3,-120
1767174780.972238,2,-8,-121
1767174780.982238,6,-3,-124
1767174780.992238,6,2,-125
1767174781.002238,5,1,-126
1767174781.0122385,3,-2,-131
1767174781.0222385,4,1,-127
1767174781.0322382,2,-3,-127
1767174781.0422382,0,-2,-122
1767174781.0522382,2,-6,-126
1767174781.0622382,9,-8,-127
1767174781.073238,10,-6,-118
1767174781.083238,6,-7,-112
1767174781.093238,3,-5,-111
1767174781.103238,1,-4,-118
1767174781.113238,-1,-3,-120
1767174781.123238,-4,2,-119
1767174781.133238,-4,2,-120
1767174781.143238,-8,-4,-112
1767174781.153238,-10,-5,-122
1767174781.163238,-11,-6,-127
1767174781.173238,-11,-7,-128
1767174781.1832385,-8,-7,-121
1767174781.1932385,-4,-6,-116
1767174781.2032382,0,-6,-115
1767174781.2132382,-3,-6,-112
1767174781.2232382,-5,-10,-119
1767174781.2332382,-1,-13,-127
1767174781.2432382,-2,-8,-127
1767174781.2532382,-4,-11,-126
1767174781.2632382,-4,-8,-125
1767174781.2732382,0,-7,-118
1767174781.2832382,0,-4,-116
1767174781.2932382,-2,0,-115
1767174781.3032382,0,2,-115
1767174781.313238,2,1,-119
1767174781.323238,0,0,-122
1767174781.333238,0,-1,-126
1767174781.343238,0,0,-122
1767174781.353238,-4,-3,-116
1767174781.363238,-5,-3,-110
1767174781.373238,-3,-2,-108
1767174781.383238,0,0,-110
1767174781.393238,-1,-4,-114
1767174781.403238,-3,-3,-118
1767174781.413238,0,-2,-122
1767174781.423238,0,0,-116
1767174781.4332385,5,1,-119
1767174781.4432385,6,2,-111
1767174781.4532382,7,3,-118
1767174781.4632382,5,7,-118
1767174781.4732382,2,9,-118
1767174781.4832382,0,9,-117
1767174781.4932382,-2,8,-121
1767174781.5032382,-1,3,-120
1767174781.5132382,-3,-1,-117
1767174781.5232382,0,-2,-118
1767174781.5332382,-1,-4,-118
1767174781.5432382,-4,-6,-119
1767174781.5532382,-8,-7,-123
1767174781.563238,-8,-3,-126
1767174781.573238,-10,0,-126
1767174781.583238,-9,-1,-126
1767174781.593238,-10,-6,-131
1767174781.603238,-7,-8,-131
1767174781.613238,-2,-8,-135
1767174781.623238,-2,-3,-136
1767174781.633238,0,-5,-131
1767174781.643238,1,-4,-133
1767174781.653238,0,-4,-130
1767174781.663238,0,-2,-130
1767174781.673238,-3,-1,-132
1767174781.6832385,-4,-4,-132
1767174781.6932385,-4,0,-129
1767174781.7032382,-1,-2,-126
1767174781.7132382,1,-3,-125
1767174781.7232382,-2,-3,-128
1767174781.7332382,-3,-2,-137
1767174781.7432382,-3,0,-139
1767174781.7532382,-2,0,-131
1767174781.7632382,2,0,-131
1767174781.7732382,-2,2,-125
1767174781.7832382,0,-1,-120
1767174781.7932382,5,0,-128
1767174781.8032382,5,0,-119
1767174781.813238,3,-1,-120
1767174781.823238,3,-3,-119
1767174781.833238,2,-2,-124
1767174781.843238,0,2,-122
1767174781.853238,-2,4,-124
1767174781.863238,-2,0,-124
1767174781.873238,-6,0,-129
1767174781.883238,-4,0,-129
1767174781.893238,-3,-3,-126
1767174781.903238,-4,1,-127
1767174781.913238,-8,3,-128
1767174781.923238,-7,7,-127
1767174781.9332385,-8,4,-124
1767174781.9432385,-6,-1,-131
1767174781.9532382,-9,-4,-129
1767174781.9632382,-12,-2,-124
1767174781.9732382,-11,-2,-122
1767174781.9832382,-4,1,-133
1767174781.9932382,0,1,-130
1767174782.0032382,0,-1,-130
1767174782.0132382,1,-3,-126
1767174782.0232382,0,-5,-125
1767174782.0332382,-2,0,-125
1767174782.0432382,-4,2,-119
1767174782.0532382,-2,0,-113
1767174782.063238,-1,3,-119
1767174782.073238,-7,4,-121
1767174782.083238,-7,2,-119
1767174782.093238,-8,2,-125
1767174782.103238,-10,0,-121
1767174782.113238,-11,4,-118
1767174782.123238,-12,5,-119
1767174782.133238,-8,4,-115
1767174782.143238,-2,2,-117
1767174782.153238,-1,0,-121
1767174782.163238,2,4,-120
1767174782.173238,1,1,-118
1767174782.1832385,0,0,-118
1767174782.1932385,-2,-3,-119
1767174782.2032382,-3,-5,-117
1767174782.2132382,-3,-6,-119
1767174782.2232382,-2,-2,-119
1767174782.2332382,0,-2,-121
1767174782.2432382,-1,-3,-124
1767174782.2532382,-1,-2,-126
1767174782.2632382,2,0,-119
1767174782.2732382,-1,-1,-124
1767174782.2832382,-2,0,-123
1767174782.2932382,-3,-7,-125
1767174782.3032382,0,-6,-126
1767174782.313238,-2,-7,-131
1767174782.323238,-8,-5,-132
1767174782.333238,-5,-7,-128
1767174782.343238,-5,-10,-132
1767174782.353238,-8,-12,-137
1767174782.363238,-3,-9,-130
1767174782.373238,-1,-5,-127
1767174782.383238,-4,-1,-122
1767174782.393238,1,-5,-119
1767174782.403238,0,-4,-120
1767174782.413238,4,-7,-121
1767174782.423238,3,-6,-118
1767174782.4332385,0,-6,-120
1767174782.4432385,-1,-6,-123
1767174782.4532382,-1,-3,-124
1767174782.4632382,-1,-6,-119
1767174782.4732382,-1,-3,-120
1767174782.4832382,-2,-6,-119
1767174782.4932382,0,-7,-117
1767174782.5032382,2,-4,-117
1767174782.5132382,4,-1,-121
1767174782.5232382,6,-2,-122
1767174782.5332382,8,-5,-132
1767174782.5432382,2,-6,-128
1767174782.5532382,-1,-3,-127
1767174782.563238,-2,-2,-125
1767174782.573238,-2,-2,-116
1767174782.583238,-2,2,-115
1767174782.593238,0,6,-116
1767174782.603238,0,0,-120
1767174782.613238,1,1,-120
1767174782.623238,1,4,-115
1767174782.633238,3,6,-114
1767174782.643238,7,7,-112
1767174782.653238,4,6,-118
1767174782.663238,1,4,-120
1767174782.673238,0,1,-123
1767174782.6832385,-1,-3,-128
1767174782.6932385,-2,0,-135
1767174782.7032382,-6,-1,-125
1767174782.7132382,-6,0,-124
1767174782.7232382,-4,1,-122
1767174782.7332382,-4,0,-125
1767174782.7432382,0,-2,-126
1767174782.7532382,0,-2,-122
1767174782.7632382,4,0,-118
1767174782.7732382,2,0,-114
1767174782.7832382,6,-1,-117
1767174782.7932382,5,-1,-116
1767174782.8032382,1,-1,-113
1767174782.813238,2,-1,-116
1767174782.823238,6,0,-116
1767174782.833238,6,1,-120
1767174782.843238,0,0,-122
1767174782.853238,2,0,-124
1767174782.863238,0,0,-120
1767174782.873238,0,0,-118
1767174782.883238,0,1,-121
1767174782.893238,-3,0,-122
1767174782.903238,-3,2,-117
1767174782.913238,-3,1,-116
1767174782.923238,-2,1,-113
1767174782.9332385,0,2,-113
1767174782.9432385,1,-2,-114
1767174782.9532382,0,2,-110
1767174782.9632382,3,2,-110
1767174782.9732382,0,2,-115
1767174782.9832382,0,4,-108
1767174782.9932382,-1,0,-115
1767174783.0032382,2,-1,-121
1767174783.0132382,3,2,-122
1767174783.0232382,3,1,-117
1767174783.0332382,1,1,-121
1767174783.0432382,0,1,-118
1767174783.0532382,2,0,-116
1767174783.063238,2,0,-122
1767174783.073238,0,-1,-125
1767174783.083238,0,-3,-121
1767174783.093238,1,-3,-122
1767174783.103238,0,0,-119
1767174783.113238,0,1,-125
1767174783.123238,0,1,-123
1767174783.133238,0,1,-117
1767174783.143238,0,0,-114
1767174783.153238,4,-4,-114
1767174783.163238,-1,-3,-111
1767174783.173238,-5,-7,-116
1767174783.1832385,-9,-10,-121
1767174783.1932385,-5,-7,-116
1767174783.2032382,0,-3,-112
1767174783.2132382,1,-3,-116
1767174783.2232382,3,0,-111
1767174783.2332382,5,-4,-117
1767174783.2432382,5,-2,-115
1767174783.2532382,-2,-2,-122
1767174783.2632382,-5,0,-122
1767174783.2732382,-6,0,-120
1767174783.2832382,-4,-2,-120
1767174783.2932382,-3,1,-125
1767174783.3032382,0,1,-128
1767174783.313238,-1,0,-129
1767174783.323238,-2,0,-125
1767174783.333238,-1,0,-126
1767174783.343238,-4,0,-122
1767174783.353238,-3,2,-125
1767174783.363238,-3,4,-123
1767174783.373238,-5,0,-113
1767174783.383238,-3,-1,-115
1767174783.393238,-3,-4,-118
1767174783.403238,-1,-5,-120
1767174783.413238,1,-1,-123
1767174783.423238,2,0,-119
1767174783.4332385,0,-2,-120
1767174783.4432385,1,-6,-118
1767174783.4532382,-2,-8,-118
1767174783.4632382,-4,-4,-115
1767174783.4732382,-2,-2,-120
1767174783.4832382,1,-4,-120
1767174783.4932382,0,-3,-130
1767174783.5032382,-1,0,-121
1767174783.5132382,-2,4,-117
1767174783.5232382,0,2,-118
1767174783.5332382,0,-3,-120
1767174783.5432382,-1,-2,-122
1767174783.5532382,-7,-6,-121
1767174783.563238,0,-9,-127
1767174783.573238,6,-10,-126
1767174783.583238,5,-9,-127
1767174783.593238,3,-7,-129
1767174783.603238,0,-7,-124
1767174783.613238,0,-6,-122
1767174783.623238,-1,-4,-114
1767174783.633238,0,-4,-115
1767174783.643238,-2,-1,-117
1767174783.653238,-1,-1,-125
1767174783.663238,1,-1,-124
1767174783.673238,3,0,-123
1767174783.6832385,1,1,-120
1767174783.6932385,0,5,-116
1767174783.7042382,-4,1,-121
1767174783.7142382,0,5,-122
1767174783.7242382,2,6,-120
1767174783.735238,0,5,-116
1767174783.744238,1,1,-125
1767174783.754238,4,2,-120
1767174783.764238,3,4,-119
1767174783.774238,2,5,-123
1767174783.784238,2,3,-113
1767174783.794238,1,2,-112
1767174783.804238,0,2,-104
1767174783.814238,1,0,-107
1767174783.824238,2,1,-111
1767174783.834238,4,2,-116
1767174783.844238,2,0,-122
1767174783.8542385,0,-2,-120
1767174783.8642385,0,-2,-122
1767174783.8742385,0,-6,-121
1767174783.8842382,0,-5,-118
1767174783.8942382,5,-3,-117
1767174783.9042382,3,-4,-113
1767174783.9142382,2,-4,-113
1767174783.9242382,2,-2,-113
1767174783.9342382,1,-1,-116
1767174783.9442382,-2,-1,-116
1767174783.9542382,0,0,-116
1767174783.9642382,-4,0,-114
1767174783.9742382,-5,6,-119
1767174783.984238,-3,12,-122
1767174784.005238,2,3,-123
1767174784.014238,4,9,-122
1767174784.024238,4,7,-126
1767174784.034238,1,4,-116
1767174784.044238,2,2,-109
1767174784.054238,6,0,-109
1767174784.064238,6,0,-108
1767174784.074238,0,0,-112
1767174784.084238,-1,0,-111
1767174784.094238,-1,-1,-116
1767174784.1042385,5,1,-125
1767174784.1142385,0,0,-123
1767174784.1242385,-1,0,-117
1767174784.1342382,0,-1,-114
1767174784.1442382,1,0,-113
1767174784.1542382,0,0,-119
1767174784.1642382,0,0,-117
1767174784.1742382,-1,1,-119
1767174784.1842382,-1,2,-117
1767174784.1942382,-1,0,-119
1767174784.2042382,0,-2,-121
1767174784.2142382,0,-1,-124
1767174784.2242382,-3,-1,-122
1767174784.234238,-4,-5,-117
1767174784.244238,-3,-3,-120
1767174784.254238,0,-3,-120
1767174784.264238,7,-1,-120
1767174784.274238,7,-1,-124
1767174784.284238,4,0,-123
1767174784.294238,2,0,-114
1767174784.304238,2,-2,-117
1767174784.314238,0,0,-121
1767174784.324238,-4,1,-119
1767174784.334238,-1,2,-123
1767174784.344238,-1,0,-120
1767174784.3542385,-2,-2,-122
1767174784.3642385,-9,-3,-126
1767174784.3742385,-6,-5,-124
1767174784.3842382,-6,-3,-130
1767174784.3942382,-8,-5,-127
1767174784.4042382,-5,-4,-126
1767174784.4142382,-4,1,-126
1767174784.4242382,-2,5,-122
1767174784.4342382,-2,3,-118
1767174784.4442382,-6,4,-117
1767174784.4542382,-2,4,-112
1767174784.4642382,-1,6,-117
1767174784.4742382,0,7,-122
1767174784.484238,4,4,-124
1767174784.494238,1,2,-123
1767174784.504238,-1,0,-120
1767174784.514238,0,-3,-117
1767174784.524238,-4,-4,-115
1767174784.534238,-4,-3,-114
1767174784.544238,-5,-6,-115
1767174784.554238,-4,-3,-116
1767174784.564238,-4,-1,-120
1767174784.574238,-4,0,-119
1767174784.584238,-3,0,-124
1767174784.594238,1,0,-126
1767174784.6042385,0,-1,-124
1767174784.6142385,0,0,-125
1767174784.6242385,0,-4,-125
1767174784.6342382,3,-5,-122
1767174784.6442382,3,-3,-120
1767174784.6542382,1,-4,-121
1767174784.6642382,-4,-4,-116
1767174784.6742382,-5,-4,-121
1767174784.6842382,-5,-6,-118
1767174784.6942382,-5,-7,-119
1767174784.7042382,-5,-11,-124
1767174784.7142382,-6,-12,-122
1767174784.7242382,-1,-16,-116
1767174784.734238,0,-11,-117
1767174784.744238,4,-8,-119
1767174784.754238,5,-4,-116
1767174784.764238,5,0,-120
1767174784.774238,4,0,-118
1767174784.784238,3,1,-115
1767174784.794238,4,1,-118
1767174784.804238,2,0,-116
1767174784.814238,0,-5,-115
1767174784.824238,0,-4,-118
1767174784.834238,-1,-4,-115
1767174784.844238,-4,-4,-118
1767174784.8542385,-3,-7,-118
1767174784.8642385,-3,-9,-122
1767174784.8742385,-4,-13,-119
1767174784.8842382,-5,-11,-118
1767174784.8942382,-2,-15,-122
1767174784.9042382,3,-11,-120
1767174784.9142382,3,-12,-112
1767174784.9242382,3,-11,-119
1767174784.9342382,7,-11,-124
1767174784.9442382,3,-10,-120
1767174784.9542382,7,-10,-114
1767174784.9642382,3,-10,-117
1767174784.9742382,5,-8,-119
1767174784.984238,2,-4,-122
1767174784.994238,-4,-2,-119
1767174785.004238,-7,-1,-122
1767174785.014238,-4,-2,-122
1767174785.024238,-6,-3,-122
1767174785.034238,-4,-2,-127
1767174785.044238,-5,2,-129
1767174785.054238,-1,0,-124
1767174785.064238,0,-8,-118
1767174785.074238,-1,-11,-121
1767174785.084238,-2,-7,-130
1767174785.094238,0,-5,-128
1767174785.1042385,-2,-2,-129
1767174785.1142385,0,0,-126
1767174785.1242385,2,4,-129
1767174785.1342382,4,5,-120
1767174785.1442382,2,5,-119
1767174785.1542382,0,2,-117
1767174785.1642382,-1,2,-122
1767174785.1742382,0,6,-124
1767174785.1842382,-3,1,-119
1767174785.1942382,-5,0,-114
1767174785.2042382,-7,0,-116
1767174785.2142382,-3,3,-121
1767174785.2242382,-1,1,-123
1767174785.234238,-1,2,-127
1767174785.244238,-4,2,-122
1767174785.254238,-6,1,-124
1767174785.264238,-3,0,-121
1767174785.274238,-7,1,-124
1767174785.284238,-8,-2,-125
1767174785.294238,-2,-2,-120
1767174785.304238,0,-2,-125
1767174785.314238,-2,0,-122
1767174785.324238,4,1,-121
1767174785.334238,2,3,-125
1767174785.344238,2,3,-123
1767174785.3542385,3,1,-127
1767174785.3642385,2,0,-128
1767174785.3742385,3,0,-133
1767174785.3842382,1,-4,-125
1767174785.3942382,-4,-6,-122
1767174785.4042382,-2,-2,-118
1767174785.4142382,-1,-3,-109
1767174785.4242382,-4,-4,-104
1767174785.4342382,-5,-1,-106
1767174785.4442382,0,-3,-112
1767174785.4542382,-2,1,-114
1767174785.4642382,0,0,-111
1767174785.4742382,0,0,-106
1767174785.484238,-3,-1,-105
1767174785.494238,-2,-1,-105
1767174785.504238,2,0,-110
1767174785.514238,2,3,-106
1767174785.524238,0,5,-111
1767174785.534238,1,1,-118
1767174785.544238,-3,2,-119
1767174785.554238,-3,0,-122
1767174785.564238,-2,-2,-123
1767174785.574238,-1,0,-121
1767174785.584238,0,2,-120
1767174785.594238,-3,1,-120
1767174785.6042385,0,0,-127
1767174785.6142385,-1,0,-124
1767174785.6242385,-5,-1,-118
1767174785.6342382,-3,-3,-118
1767174785.6442382,-1,-2,-117
1767174785.6542382,5,-2,-121
1767174785.6642382,4,1,-121
1767174785.6742382,5,-2,-124
1767174785.6842382,2,-1,-122
1767174785.6942382,0,-3,-126
1767174785.7042382,0,-4,-123
1767174785.7142382,1,-5,-128
1767174785.7242382,1,-7,-133
1767174785.734238,-2,-2,-138
1767174785.744238,-1,-1,-140
1767174785.754238,-2,-1,-142
1767174785.764238,-3,-5,-134
1767174785.774238,-3,-2,-130
1767174785.784238,-4,0,-132
1767174785.794238,-4,0,-134
1767174785.804238,-2,-1,-132
1767174785.814238,1,-2,-133
1767174785.824238,1,-5,-137
1767174785.834238,2,-7,-129
1767174785.844238,6,-6,-126
1767174785.8542385,6,-4,-128
1767174785.8642385,6,-4,-118
1767174785.8742385,7,-3,-121
1767174785.8842382,6,-2,-121
1767174785.8942382,7,1,-122
1767174785.9042382,2,0,-127
1767174785.9142382,0,0,-123
1767174785.9242382,0,1,-126
1767174785.9342382,3,1,-127
1767174785.9442382,2,0,-126
1767174785.9542382,3,0,-132
1767174785.9642382,2,1,-127
1767174785.9742382,0,2,-130
1767174785.984238,-1,2,-129
1767174785.994238,-5,2,-126
1767174786.004238,-5,4,-123
1767174786.014238,-6,1,-121
1767174786.024238,-4,1,-113
1767174786.034238,0,3,-117
1767174786.044238,2,5,-114
1767174786.054238,-1,3,-110
1767174786.064238,-3,1,-117
1767174786.074238,-3,-1,-117
1767174786.084238,-2,3,-121
1767174786.094238,-3,4,-119
1767174786.1042385,-6,5,-124
1767174786.1142385,-5,0,-121
1767174786.1242385,0,1,-119
1767174786.1342382,4,-3,-121
1767174786.1442382,4,-2,-123
1767174786.1542382,2,0,-123
1767174786.1642382,1,-1,-125
1767174786.1742382,1,-2,-118
1767174786.1842382,0,-1,-118
1767174786.1942382,4,-5,-117
1767174786.2042382,5,-3,-116
1767174786.2142382,2,-1,-115
1767174786.2242382,0,0,-122
1767174786.234238,-2,-2,-120
1767174786.244238,0,-1,-113
1767174786.254238,-3,0,-111
1767174786.264238,-3,0,-113
1767174786.274238,-9,3,-119
1767174786.284238,-8,5,-116
1767174786.294238,-7,6,-108
1767174786.304238,-5,4,-114
1767174786.314238,-5,2,-120
1767174786.324238,-5,3,-128
1767174786.334238,-5,2,-125
1767174786.344238,-2,1,-124
1767174786.3542385,0,0,-116
1767174786.3652382,3,3,-118
1767174786.3752382,5,0,-114
1767174786.3842382,7,0,-117
1767174786.3952382,4,2,-122
1767174786.4052382,4,4,-122
1767174786.415238,3,2,-122
1767174786.425238,3,0,-123
1767174786.435238,0,-2,-125
1767174786.4442382,4,-2,-123
1767174786.455238,9,-2,-119
1767174786.465238,7,-3,-123
1767174786.475238,9,-1,-123
1767174786.485238,3,-3,-126
1767174786.494238,-1,-1,-125
1767174786.505238,1,-4,-123
1767174786.515238,4,0,-125
1767174786.525238,2,-1,-123
1767174786.5352385,5,0,-121
1767174786.5452385,5,0,-117
1767174786.5552382,0,5,-120
1767174786.5652382,-1,5,-121
1767174786.5752382,-4,0,-125
1767174786.5852382,0,-1,-130
1767174786.5952382,0,0,-128
1767174786.6052382,-3,0,-127
1767174786.6152382,-7,5,-128
1767174786.6252382,-2,6,-126
1767174786.6352382,0,2,-127
1767174786.6452382,-1,3,-123
1767174786.6552382,0,0,-116
1767174786.665238,7,-7,-125
1767174786.675238,4,-8,-124
1767174786.685238,1,-6,-123
1767174786.695238,1,-3,-124
1767174786.705238,7,-3,-127
1767174786.715238,5,0,-124
1767174786.725238,6,-1,-123
1767174786.735238,3,-5,-125
1767174786.745238,3,-4,-128
1767174786.755238,-2,-4,-125
1767174786.765238,-2,-3,-132
1767174786.775238,-2,0,-131
1767174786.7852385,-5,2,-129
1767174786.7952385,-4,3,-123
1767174786.8052382,-4,2,-124
1767174786.8152382,0,0,-121
1767174786.8252382,2,0,-124
1767174786.8352382,0,-6,-118
1767174786.8452382,-1,-5,-117
1767174786.8552382,0,-2,-117
1767174786.8652382,-3,-5,-114
1767174786.8752382,0,-8,-119
1767174786.8852382,0,-5,-118
1767174786.8952382,2,-4,-120
1767174786.9052382,2,-5,-121
1767174786.915238,-1,-2,-128
1767174786.925238,-2,-6,-122
1767174786.935238,0,-2,-114
1767174786.945238,0,1,-115
1767174786.955238,3,0,-111
1767174786.965238,2,0,-117
1767174786.975238,3,1,-122
1767174786.985238,4,0,-120
1767174786.995238,3,-1,-120
1767174787.005238,2,0,-121
1767174787.015238,0,-5,-118
1767174787.025238,0,-5,-122
1767174787.0352385,-3,-1,-121
1767174787.0452385,-1,3,-123
1767174787.0552382,0,0,-124
1767174787.0652382,-2,2,-119
1767174787.0752382,-6,1,-116
1767174787.0852382,-7,0,-108
1767174787.0952382,-9,0,-117
1767174787.1052382,-13,-1,-117
1767174787.1152382,-9,-4,-117
1767174787.1252382,-8,-6,-114
1767174787.1352382,-5,-5,-112
1767174787.1452382,0,-1,-110
1767174787.1552382,0,-2,-113
1767174787.165238,0,-4,-113
1767174787.175238,-2,-6,-120
1767174787.185238,-1,-10,-121
1767174787.195238,3,-7,-126
1767174787.205238,0,-3,-124
1767174787.215238,1,-2,-123
1767174787.225238,-1,-2,-122
1767174787.235238,-1,1,-126
1767174787.245238,-2,-1,-132
1767174787.255238,1,-4,-128
1767174787.265238,-1,-3,-122
1767174787.275238,0,-3,-123
1767174787.2852385,-1,-3,-117
1767174787.2952385,0,-3,-117
1767174787.3052382,-3,-4,-123
1767174787.3152382,-6,-7,-125
1767174787.3252382,-3,-1,-124
1767174787.3352382,-1,-2,-126
1767174787.3452382,-2,-3,-124
1767174787.3552382,-5,-3,-118
1767174787.3652382,-5,-2,-118
1767174787.3752382,-3,-3,-112
1767174787.3852382,-4,-1,-122
1767174787.3952382,-5,-1,-125
1767174787.4052382,0,-3,-123
1767174787.415238,0,-6,-121
1767174787.425238,-2,-5,-120
1767174787.435238,-3,-6,-119
1767174787.445238,-3,-2,-115
1767174787.455238,-1,-1,-113
1767174787.465238,-2,-1,-110
1767174787.475238,2,-2,-113
1767174787.485238,2,-4,-116
1767174787.495238,0,0,-118
1767174787.505238,-1,-3,-123
1767174787.515238,-1,-1,-124
1767174787.525238,-1,0,-121
1767174787.5352385,-2,1,-124
1767174787.5452385,-5,4,-122
1767174787.5552382,-8,3,-117
1767174787.5652382,-8,0,-116
1767174787.5752382,-8,3,-120
1767174787.5852382,-4,0,-118
1767174787.5952382,-3,1,-117
1767174787.6052382,-5,3,-125
1767174787.6152382,0,3,-129
1767174787.6252382,-4,6,-135
1767174787.6352382,-7,2,-128
1767174787.6452382,-5,0,-123
1767174787.6552382,-4,0,-124
1767174787.665238,-3,-1,-122
1767174787.675238,-8,2,-126
1767174787.685238,-1,0,-123
1767174787.695238,-5,-7,-120
1767174787.705238,-7,-4,-118
1767174787.715238,-1,-3,-125
1767174787.725238,0,0,-127
1767174787.735238,0,0,-124
1767174787.745238,1,1,-129
1767174787.755238,0,1,-126
1767174787.765238,-2,0,-126
1767174787.775238,0,1,-125
1767174787.7852385,1,2,-125
1767174787.7952385,-6,0,-123
1767174787.8052382,-2,-6,-120
1767174787.8152382,-3,-2,-122
1767174787.8252382,1,-2,-120
1767174787.8352382,3,-3,-120
1767174787.8452382,1,-4,-113
1767174787.8552382,-5,0,-118
1767174787.8652382,-1,0,-116
1767174787.8752382,-1,-2,-114
1767174787.8852382,0,-2,-116
1767174787.8952382,1,2,-112
1767174787.9052382,0,8,-109
1767174787.915238,2,8,-104
1767174787.925238,1,4,-102
1767174787.935238,3,0,-104
1767174787.945238,1,0,-111
1767174787.955238,-4,-1,-110
1767174787.965238,-5,0,-112
1767174787.975238,-4,0,-115
1767174787.985238,-2,1,-121
1767174787.995238,-4,-2,-120
1767174788.005238,-5,-4,-121
1767174788.015238,-1,-6,-134
1767174788.025238,-5,-9,-132
1767174788.0362382,-8,-7,-130
1767174788.0452385,-9,-5,-132
1767174788.0552382,-7,-8,-133
1767174788.0652382,-6,-6,-130
1767174788.0752382,-7,-6,-124
1767174788.0852382,-4,-6,-122
1767174788.0952382,1,-4,-118
1767174788.1052382,4,-2,-117
1767174788.1152382,3,-6,-119
1767174788.1252382,3,-9,-121
1767174788.1352382,0,-7,-118
1767174788.1452382,-1,-3,-115
1767174788.1552382,0,-3,-116
1767174788.165238,0,-5,-122
1767174788.175238,0,-3,-124
1767174788.185238,1,-2,-126
1767174788.195238,3,-3,-124
1767174788.205238,4,1,-120
1767174788.215238,1,0,-119
1767174788.225238,-1,-1,-121
1767174788.235238,-5,-3,-122
1767174788.245238,-1,-6,-124
1767174788.255238,0,-3,-127
1767174788.265238,4,-2,-124
1767174788.275238,5,-2,-122
1767174788.2852385,6,-7,-118
1767174788.2952385,0,-10,-119
1767174788.3052382,2,-8,-126
1767174788.3152382,0,-5,-126
1767174788.3252382,-3,-3,-123
1767174788.3352382,-5,2,-126
1767174788.3452382,-8,1,-129
1767174788.3552382,-1,1,-124
1767174788.3652382,0,0,-116
1767174788.3752382,-1,-3,-114
1767174788.3852382,-5,-2,-118
1767174788.3952382,-3,0,-127
1767174788.4052382,-2,-1,-131
1767174788.415238,4,1,-124
1767174788.425238,3,0,-124
1767174788.435238,2,-2,-125
1767174788.445238,0,-1,-122
1767174788.455238,0,-2,-126
1767174788.465238,1,0,-126
1767174788.475238,2,2,-119
1767174788.485238,2,4,-125
1767174788.495238,1,2,-129
1767174788.505238,3,-1,-126
1767174788.515238,7,-1,-124
1767174788.525238,2,-1,-129
1767174788.5352385,3,-1,-122
1767174788.5452385,4,0,-120
1767174788.5552382,1,2,-124
1767174788.5652382,-1,2,-119
1767174788.5752382,-4,2,-120
1767174788.5852382,-3,5,-118
1767174788.5952382,0,2,-118
1767174788.6052382,1,0,-124
1767174788.6152382,2,0,-128
1767174788.6252382,-1,2,-127
1767174788.6352382,0,3,-131
1767174788.6452382,0,2,-126
1767174788.6552382,1,3,-119
1767174788.665238,0,1,-118
1767174788.675238,0,5,-118
1767174788.685238,0,3,-120
1767174788.695238,1,4,-120
1767174788.705238,0,4,-118
1767174788.715238,0,5,-117
1767174788.725238,-5,6,-120
1767174788.735238,-7,3,-125
1767174788.745238,-3,6,-115
1767174788.755238,-3,5,-110
1767174788.765238,-4,2,-114
1767174788.775238,-2,3,-116
1767174788.7852385,2,0,-121
1767174788.7952385,1,1,-123
1767174788.8052382,-1,1,-122
1767174788.8152382,-6,0,-130
1767174788.8252382,-9,0,-124
1767174788.8352382,-5,0,-124
1767174788.8452382,-7,0,-123
1767174788.8552382,-5,-3,-121
1767174788.8652382,-6,-2,-117
1767174788.8752382,-6,-1,-110
1767174788.8852382,-7,-3,-122
1767174788.8952382,-5,-2,-119
1767174788.9052382,-5,-1,-123
1767174788.915238,-5,0,-125
1767174788.925238,-2,0,-125
1767174788.935238,-2,1,-121
1767174788.945238,-3,0,-118
1767174788.955238,-1,0,-124
1767174788.965238,-5,-2,-127
1767174788.975238,-5,-2,-121
1767174788.985238,0,-2,-123
1767174788.995238,0,0,-125
1767174789.017238,0,0,-123
1767174789.0262382,-1,1,-121
1767174789.0352385,7,9,-117
1767174789.0452385,10,9,-120
1767174789.0552382,3,3,-120
1767174789.0662382,1,5,-117
1767174789.0762382,1,0,-115
1767174789.086238,-2,-2,-119
1767174789.096238,2,0,-120
1767174789.106238,0,4,-117
1767174789.116238,0,0,-113
1767174789.126238,-4,-1,-114
1767174789.136238,-4,1,-116
1767174789.146238,-1,-1,-114
1767174789.156238,0,0,-117
1767174789.166238,1,0,-110
1767174789.176238,1,0,-116
1767174789.186238,0,-1,-119
1767174789.196238,-1,-2,-128
1767174789.2062385,-4,-2,-127
1767174789.2162385,-2,-5,-124
1767174789.2262385,-1,-2,-125
1767174789.2362382,2,-4,-121
1767174789.2462382,0,-2,-121
1767174789.2562382,-6,-2,-123
1767174789.2662382,-4,-1,-128
1767174789.2762382,-2,-1,-129
1767174789.2862382,-5,0,-130
1767174789.2962382,-4,5,-132
1767174789.3062382,-2,5,-126
1767174789.3162382,-5,5,-126
1767174789.3262382,-4,0,-127
1767174789.336238,-3,-2,-125
1767174789.346238,-5,-1,-121
1767174789.356238,0,-2,-119
1767174789.366238,-1,-5,-124
1767174789.376238,-2,-4,-117
1767174789.386238,2,-7,-121
1767174789.396238,0,-6,-117
1767174789.406238,-3,-5,-115
1767174789.416238,-1,-6,-117
1767174789.426238,1,-6,-118
1767174789.436238,-4,-6,-121
1767174789.446238,-2,-6,-121
1767174789.4562385,-1,-5,-114
1767174789.4662385,0,-5,-114
1767174789.4762385,5,-2,-117
1767174789.4862382,8,-3,-114
1767174789.4962382,5,-3,-129
1767174789.5062382,4,-2,-133
1767174789.5162382,3,-5,-133
1767174789.5262382,4,-4,-135
1767174789.5362382,0,-5,-132
1767174789.5462382,-2,-5,-128
1767174789.5562382,-9,-2,-128
1767174789.5662382,-10,-3,-130
1767174789.5762382,-5,3,-128
1767174789.586238,-2,2,-129
1767174789.596238,-3,5,-120
1767174789.606238,-5,3,-118
1767174789.616238,-2,-1,-121
1767174789.626238,-2,-5,-123
1767174789.636238,-7,-8,-122
1767174789.646238,-6,-5,-120
1767174789.656238,-6,-3,-119
1767174789.666238,-6,-2,-119
1767174789.676238,-6,-4,-117
1767174789.686238,-8,-5,-117
1767174789.696238,-4,-2,-117
1767174789.7062385,-4,0,-114
1767174789.7162385,0,-4,-119
1767174789.7262385,0,-4,-122
1767174789.7362382,1,-6,-121
1767174789.7462382,0,-4,-114
1767174789.7562382,0,-1,-119
1767174789.7662382,4,0,-122
1767174789.7762382,2,0,-124
1767174789.7862382,2,-1,-127
1767174789.7962382,0,-3,-128
1767174789.8062382,-1,-1,-127
1767174789.8162382,-2,0,-128
1767174789.8262382,0,0,-132
1767174789.836238,0,-2,-135
1767174789.846238,0,-4,-135
1767174789.856238,0,0,-132
1767174789.866238,-1,0,-130
1767174789.876238,-5,-3,-129
1767174789.886238,-5,2,-124
1767174789.896238,-5,0,-120
1767174789.906238,-5,-1,-127
1767174789.916238,-2,-3,-122
1767174789.926238,-3,-8,-120
1767174789.936238,-1,-10,-111
1767174789.946238,-3,-3,-108
1767174789.9562385,-5,-3,-108
1767174789.9662385,0,-6,-99
1767174789.9762385,2,-4,-98
1767174789.9862382,3,-4,-100
1767174789.9962382,1,0,-106
1767174790.0062382,2,3,-120
1767174790.0162382,3,1,-123
1767174790.0262382,7,-1,-117
1767174790.0362382,7,-2,-112
1767174790.0462382,5,0,-112
1767174790.0562382,6,3,-116
1767174790.0662382,2,5,-129
1767174790.0762382,3,3,-133
1767174790.086238,-1,2,-129
1767174790.096238,0,5,-128
1767174790.106238,-1,0,-134
1767174790.116238,0,-3,-129
1767174790.126238,0,-4,-124
1767174790.136238,0,-3,-120
1767174790.146238,0,-8,-125
1767174790.156238,2,-10,-123
1767174790.166238,3,-7,-120
1767174790.176238,2,-3,-119
1767174790.186238,-2,-4,-118
1767174790.196238,-2,-4,-120
1767174790.2062385,-5,-3,-124
1767174790.2162385,1,-3,-123
1767174790.2262385,1,-1,-119
1767174790.2362382,-1,1,-126
1767174790.2462382,2,0,-119
1767174790.2562382,0,1,-119
1767174790.2662382,-8,1,-116
1767174790.2762382,-8,2,-125
1767174790.2862382,-8,1,-123
1767174790.2962382,-9,3,-120
1767174790.3062382,-6,4,-115
1767174790.3162382,-8,4,-115
1767174790.3262382,-8,5,-119
1767174790.336238,-8,2,-117
1767174790.346238,-4,4,-118
1767174790.356238,-2,3,-119
1767174790.366238,-4,0,-119
1767174790.376238,-3,0,-123
1767174790.386238,0,1,-122
1767174790.396238,3,2,-118
1767174790.406238,4,1,-125
1767174790.416238,3,3,-120
1767174790.426238,0,1,-117
1767174790.436238,0,0,-114
1767174790.446238,-4,-1,-123
1767174790.4562385,-3,-2,-122
1767174790.4662385,-4,-4,-125
1767174790.4762385,-3,-3,-127
1767174790.4862382,-1,2,-122
1767174790.4962382,-6,1,-124
1767174790.5062382,-8,0,-122
1767174790.5162382,-3,-5,-122
1767174790.5262382,1,-4,-119
1767174790.5362382,0,-3,-124
1767174790.5462382,3,0,-121
1767174790.5562382,7,3,-110
1767174790.5662382,8,2,-105
1767174790.5762382,8,4,-104
1767174790.586238,6,7,-109
1767174790.596238,6,8,-114
1767174790.606238,7,5,-115
1767174790.616238,1,3,-115
1767174790.626238,3,2,-123
1767174790.636238,0,2,-122
1767174790.646238,-1,4,-124
1767174790.656238,-3,2,-123
1767174790.666238,-2,2,-119
1767174790.676238,0,3,-118
1767174790.686238,-2,3,-116
1767174790.696238,-3,3,-119
1767174790.7062385,-2,6,-123
1767174790.7162385,-2,0,-124
1767174790.7262385,-1,-1,-123
1767174790.7362382,-3,-2,-121
1767174790.7462382,-2,-2,-122
1767174790.7562382,2,-3,-119
1767174790.7662382,2,-1,-113
1767174790.7762382,3,0,-114
1767174790.7862382,4,0,-120
1767174790.7962382,0,-3,-119
1767174790.8062382,0,-8,-112
1767174790.8162382,0,-12,-114
1767174790.8262382,2,-9,-119
1767174790.836238,0,-9,-124
1767174790.846238,1,-5,-133
1767174790.856238,2,-2,-135
1767174790.866238,3,0,-128
1767174790.876238,4,0,-122
1767174790.886238,5,0,-122
1767174790.896238,1,2,-116
1767174790.906238,1,3,-116
1767174790.916238,5,-1,-113
1767174790.926238,5,4,-108
1767174790.936238,3,3,-105
1767174790.946238,1,4,-107
1767174790.9562385,4,2,-110
1767174790.9662385,11,0,-121
1767174790.9762385,6,0,-121
1767174790.9862382,3,2,-124
1767174790.9962382,3,0,-124
1767174791.0062382,0,-1,-129
1767174791.0162382,2,-5,-125
1767174791.0262382,1,-3,-124
1767174791.0362382,0,-2,-115
1767174791.0462382,2,3,-121
1767174791.0562382,1,0,-126
1767174791.0662382,7,2,-126
1767174791.0762382,7,2,-129
1767174791.086238,6,0,-132
1767174791.096238,6,-2,-116
1767174791.106238,4,-2,-115
1767174791.116238,4,2,-114
1767174791.126238,0,1,-120
1767174791.136238,-7,0,-120
1767174791.146238,-1,0,-126
1767174791.156238,-3,0,-127
1767174791.166238,-2,-2,-123
1767174791.176238,0,-4,-123
1767174791.186238,0,-3,-123
1767174791.196238,0,-2,-117
1767174791.2062385,0,0,-119
1767174791.2162385,0,-1,-127
1767174791.2262385,0,0,-129
1767174791.2362382,2,1,-122
1767174791.2462382,3,0,-123
1767174791.2562382,-2,-2,-124
1767174791.2662382,-5,-4,-128
1767174791.2762382,-9,-7,-130
1767174791.2862382,-10,-8,-124
1767174791.2962382,-7,-5,-122
1767174791.3062382,-5,-1,-128
1767174791.3162382,-7,1,-123
1767174791.3262382,-5,4,-127
1767174791.336238,-3,4,-121
1767174791.346238,0,4,-118
1767174791.356238,-2,2,-115
1767174791.366238,-4,-2,-119
1767174791.376238,-7,-3,-120
1767174791.386238,-4,-5,-112
1767174791.396238,-5,-10,-118
1767174791.406238,-6,-8,-120
1767174791.416238,-6,-4,-120
1767174791.426238,2,-4,-125
1767174791.436238,6,-4,-122
1767174791.446238,5,-3,-122
1767174791.4562385,5,0,-116
1767174791.4662385,4,2,-112
1767174791.4762385,5,0,-122
1767174791.4862382,1,-1,-119
1767174791.4962382,1,-3,-120
1767174791.5062382,1,0,-119
1767174791.5162382,1,1,-124
1767174791.5262382,-4,3,-120
1767174791.5362382,-1,1,-120
1767174791.5462382,1,1,-123
1767174791.5562382,1,0,-123
1767174791.5662382,0,1,-124
1767174791.5762382,0,-1,-121
1767174791.586238,-1,0,-113
1767174791.596238,-3,-1,-114
1767174791.606238,-5,-1,-121
1767174791.616238,-3,-2,-124
1767174791.626238,-2,-3,-124
1767174791.636238,-1,-4,-118
1767174791.646238,-6,-6,-121
1767174791.656238,-7,-4,-127
1767174791.666238,-10,-2,-127
1767174791.6772382,-6,-2,-127
1767174791.686238,-3,-3,-129
1767174791.696238,-5,0,-125
1767174791.7062385,1,4,-115
1767174791.7172382,-1,2,-111
1767174791.7272382,2,1,-124
1767174791.7372382,0,0,-128
1767174791.7472382,-8,-1,-126
1767174791.757238,-9,1,-130
1767174791.767238,-7,3,-128
1767174791.777238,-9,4,-125
1767174791.787238,-10,5,-124
1767174791.797238,-10,4,-122
1767174791.807238,-9,5,-122
1767174791.817238,-8,0,-125
1767174791.827238,-10,0,-136
1767174791.837238,-8,-1,-135
1767174791.847238,-2,-1,-128
1767174791.857238,0,2,-128
1767174791.867238,-3,5,-124
1767174791.877238,-4,4,-118
1767174791.8872385,-4,1,-115
1767174791.8972385,-5,0,-113
1767174791.9072382,-5,-1,-116
1767174791.9172382,-3,0,-118
1767174791.9272382,-3,-4,-122
1767174791.9372382,-2,-1,-125
1767174791.9472382,0,0,-124
1767174791.9572382,0,0,-120
1767174791.9672382,1,-3,-119
1767174791.9772382,0,-2,-116
1767174791.9872382,2,-2,-117
1767174791.9972382,6,1,-118
1767174792.007238,5,0,-119
1767174792.017238,5,3,-120
1767174792.027238,0,0,-123
1767174792.037238,-5,1,-123
1767174792.047238,-5,0,-112
1767174792.057238,-8,0,-111
1767174792.067238,-3,0,-112
1767174792.077238,-3,0,-109
1767174792.087238,-3,2,-109
1767174792.097238,-2,-1,-117
1767174792.107238,1,-4,-120
1767174792.117238,3,-2,-112
1767174792.127238,4,-1,-119
1767174792.1372385,1,-3,-123
1767174792.1472385,-1,-2,-122
1767174792.1572382,3,-6,-119
1767174792.1672382,8,-4,-119
1767174792.1772382,4,-1,-123
1767174792.1872382,3,0,-119
1767174792.1972382,9,1,-117
1767174792.2072382,12,1,-112
1767174792.2172382,14,2,-111
1767174792.2272382,12,1,-114
1767174792.2372382,10,-1,-118
1767174792.2472382,2,-1,-124
1767174792.257238,3,1,-132
1767174792.267238,0,3,-131
1767174792.277238,0,3,-130
1767174792.287238,-6,0,-127
1767174792.297238,-1,0,-129
1767174792.307238,4,0,-121
1767174792.317238,5,2,-115
1767174792.327238,6,1,-117
1767174792.337238,7,1,-111
1767174792.347238,-1,0,-110
1767174792.357238,-2,-3,-110
1767174792.367238,-1,0,-108
1767174792.377238,0,1,-104
1767174792.3872385,-3,3,-102
1767174792.3972385,-5,4,-110
1767174792.4072382,-2,1,-109
1767174792.4172382,-8,-1,-114
1767174792.4272382,-7,0,-114
1767174792.4372382,-3,2,-121
1767174792.4472382,-7,0,-120
1767174792.4572382,-8,-4,-125
1767174792.4672382,-9,-4,-124
1767174792.4772382,-3,-5,-125
1767174792.4872382,-4,0,-124
1767174792.4972382,2,-1,-125
1767174792.507238,-1,-1,-127
1767174792.517238,-2,-1,-121
1767174792.527238,-1,-2,-112
1767174792.537238,-4,-4,-114
1767174792.547238,-1,-2,-119
1767174792.557238,2,0,-117
1767174792.567238,0,1,-117
1767174792.577238,0,2,-112
1767174792.587238,0,0,-119
1767174792.597238,4,0,-125
1767174792.607238,4,-2,-127
1767174792.617238,4,-3,-123
1767174792.627238,-4,1,-121
1767174792.6372385,-1,0,-115
1767174792.6472385,-2,0,-115
1767174792.6572382,-5,-1,-113
1767174792.6672382,-4,-4,-112
1767174792.6772382,-4,-1,-110
1767174792.6872382,-1,-2,-112
1767174792.6972382,0,-4,-115
1767174792.7072382,-3,-4,-120
1767174792.7172382,-5,-7,-127
1767174792.7272382,-4,-6,-126
1767174792.7372382,-4,-3,-127
1767174792.7472382,-4,-2,-121
1767174792.757238,-2,-1,-124
1767174792.767238,-4,-2,-117
1767174792.777238,-4,-4,-117
1767174792.787238,-5,-3,-123
1767174792.797238,-2,1,-126
1767174792.807238,-3,0,-124
1767174792.817238,0,2,-126
1767174792.827238,1,-1,-119
1767174792.837238,-2,-3,-119
1767174792.847238,-2,-4,-117
1767174792.857238,-1,-1,-117
1767174792.867238,0,-1,-116
1767174792.877238,0,-1,-114
1767174792.8872385,-4,-2,-115
1767174792.8972385,-7,-1,-114
1767174792.9072382,0,0,-118
1767174792.9172382,0,0,-123
1767174792.9272382,-4,3,-122
1767174792.9372382,-4,3,-121
1767174792.9472382,-5,5,-118
1767174792.9572382,-5,1,-118
1767174792.9672382,-10,6,-118
1767174792.9772382,-10,7,-118
1767174792.9872382,-6,7,-124
1767174792.9972382,-5,4,-125
1767174793.007238,-2,0,-120
1767174793.017238,2,-1,-122
1767174793.027238,5,-4,-124
1767174793.037238,5,-3,-126
1767174793.047238,5,-4,-130
1767174793.057238,6,-2,-118
1767174793.067238,4,0,-120
1767174793.077238,2,0,-125
1767174793.087238,6,0,-127
1767174793.097238,0,0,-123
1767174793.107238,1,0,-132
1767174793.117238,-6,2,-131
1767174793.127238,-10,4,-126
1767174793.1372385,-11,3,-124
1767174793.1472385,-10,0,-125
1767174793.1572382,-17,1,-126
1767174793.1672382,-15,2,-119
1767174793.1772382,-8,0,-122
1767174793.1872382,-3,0,-122
1767174793.1972382,-5,-1,-123
1767174793.2072382,-4,0,-113
1767174793.2172382,-7,0,-109
1767174793.2272382,-10,-6,-108
1767174793.2372382,-8,-10,-111
1767174793.2472382,-3,-11,-112
1767174793.257238,0,-9,-116
1767174793.267238,1,-7,-113
1767174793.277238,0,-10,-112
1767174793.287238,2,-8,-113
1767174793.297238,1,-8,-116
1767174793.307238,0,-9,-120
1767174793.317238,0,-8,-122
1767174793.327238,-3,-8,-121
1767174793.337238,-3,-5,-123
1767174793.347238,-4,-9,-130
1767174793.357238,-4,-7,-124
1767174793.367238,-7,-2,-121
1767174793.377238,-6,1,-120
1767174793.3872385,-7,-1,-118
1767174793.3972385,-8,1,-116
1767174793.4072382,-7,1,-121
1767174793.4172382,-7,0,-129
1767174793.4272382,-1,-2,-135
1767174793.4372382,-1,0,-137
1767174793.4472382,0,-1,-132
1767174793.4572382,4,2,-133
1767174793.4672382,0,2,-127
1767174793.4772382,2,6,-130
1767174793.4872382,4,1,-127
1767174793.4972382,3,0,-127
1767174793.507238,5,1,-127
1767174793.517238,1,1,-129
1767174793.527238,2,3,-131
1767174793.537238,2,4,-128
1767174793.547238,3,2,-127
1767174793.557238,0,0,-122
1767174793.567238,3,2,-127
1767174793.577238,5,3,-128
1767174793.587238,5,1,-126
1767174793.597238,6,0,-122
1767174793.607238,11,0,-126
1767174793.617238,5,3,-122
1767174793.627238,9,0,-116
1767174793.6372385,10,0,-115
1767174793.6472385,9,0,-114
1767174793.6572382,6,0,-109
1767174793.6672382,1,0,-102
1767174793.6772382,2,-5,-106
1767174793.6872382,3,-4,-109
1767174793.6972382,3,-1,-119
1767174793.7072382,5,-1,-121
1767174793.7172382,3,0,-127
1767174793.7272382,0,0,-121
1767174793.7372382,0,-1,-119
1767174793.7472382,-1,-4,-122
1767174793.757238,-2,-5,-124
1767174793.767238,0,-2,-122
1767174793.777238,5,0,-126
1767174793.787238,6,0,-123
1767174793.797238,4,0,-125
1767174793.807238,0,0,-124
1767174793.817238,0,0,-123
1767174793.827238,2,3,-122
1767174793.837238,3,2,-127
1767174793.847238,3,0,-124
1767174793.857238,4,-2,-126
1767174793.867238,2,-2,-120
1767174793.877238,3,-6,-121
1767174793.8872385,0,-8,-119
1767174793.8972385,-5,-4,-122
1767174793.9072382,-4,-1,-125
1767174793.9172382,-8,0,-124
1767174793.9272382,-5,-4,-127
1767174793.9372382,-3,-7,-128
1767174793.9472382,0,-7,-116
1767174793.9572382,1,-4,-113
1767174793.9672382,1,-5,-118
1767174793.9772382,2,-7,-126
1767174793.9872382,5,-3,-120
1767174793.9972382,3,-1,-114
1767174794.007238,3,-3,-113
1767174794.028238,-1,-5,-116
1767174794.037238,1,-4,-116
1767174794.047238,0,-2,-121
1767174794.057238,0,-3,-123
1767174794.067238,2,-2,-124
1767174794.077238,3,-2,-123
1767174794.087238,6,-1,-125
1767174794.097238,6,-2,-126
1767174794.107238,4,-1,-124
1767174794.117238,0,-3,-123
1767174794.127238,2,-2,-116
1767174794.1372385,2,1,-121
1767174794.1472385,0,0,-118
1767174794.1572382,0,0,-114
1767174794.1672382,-3,-1,-115
1767174794.1772382,-1,0,-117
1767174794.1872382,1,0,-119
1767174794.1972382,0,0,-122
1767174794.2072382,-2,-2,-125
1767174794.2172382,-1,-2,-127
1767174794.2272382,0,-2,-125
1767174794.2372382,-3,-3,-124
1767174794.2472382,-3,0,-123
1767174794.257238,0,1,-125
1767174794.267238,0,0,-130
1767174794.277238,0,-3,-131
1767174794.287238,0,-5,-131
1767174794.297238,-1,-4,-132
1767174794.3082385,-3,-3,-129
1767174794.317238,-3,0,-128
1767174794.3282382,-4,-2,-124
1767174794.337238,-5,-2,-124
1767174794.347238,-7,-4,-129
1767174794.3582382,-8,-6,-126
1767174794.3682382,-9,-7,-119
1767174794.3782382,-5,-7,-109
1767174794.3882382,-6,-4,-109
1767174794.3982382,-2,-3,-107
1767174794.4082382,-2,-3,-107
1767174794.4182382,-3,-1,-114
1767174794.4282382,-2,-1,-112
1767174794.438238,-2,-2,-119
1767174794.448238,-5,-8,-115
1767174794.458238,-2,-8,-117
1767174794.468238,-1,-7,-123
1767174794.478238,-4,-8,-125
1767174794.488238,-9,-7,-127
1767174794.498238,-13,-3,-125
1767174794.508238,-12,-2,-121
1767174794.518238,-5,-1,-125
1767174794.528238,1,-1,-122
1767174794.538238,6,-1,-126
1767174794.548238,8,0,-125
1767174794.5582385,1,2,-125
1767174794.5682385,2,0,-123
1767174794.5782382,0,-1,-122
1767174794.5882382,3,-5,-124
1767174794.5982382,7,-5,-129
1767174794.6082382,10,-3,-131
1767174794.6182382,7,-2,-125
1767174794.6282382,8,0,-121
1767174794.6382382,9,0,-129
1767174794.6482382,8,2,-130
1767174794.6582382,4,0,-129
1767174794.6682382,0,2,-122
1767174794.6782382,0,3,-122
1767174794.688238,-2,3,-128
1767174794.698238,-4,4,-119
1767174794.708238,-5,2,-119
1767174794.718238,-6,2,-120
1767174794.728238,-3,4,-120
1767174794.738238,0,5,-125
1767174794.748238,-1,4,-126
1767174794.758238,2,3,-129
1767174794.768238,2,6,-129
1767174794.778238,1,5,-127
1767174794.788238,-1,3,-126
1767174794.798238,0,2,-127
1767174794.8082385,0,0,-126
1767174794.8182385,-2,-3,-126
1767174794.8282382,-6,-4,-119
1767174794.8382382,-4,-6,-119
1767174794.8482382,0,-7,-119
1767174794.8582382,0,-7,-117
1767174794.8682382,1,-6,-114
1767174794.8782382,-1,-5,-114
1767174794.8882382,3,-5,-116
1767174794.8982382,-2,-6,-128
1767174794.9082382,-2,0,-128
1767174794.9182382,-6,-2,-128
1767174794.9282382,-7,-2,-135
1767174794.938238,-9,0,-142
1767174794.948238,-8,1,-135
1767174794.958238,-1,0,-134
1767174794.968238,0,0,-133
1767174794.978238,5,4,-133
1767174794.988238,2,2,-124
1767174794.998238,3,0,-122
1767174795.008238,3,0,-122
1767174795.018238,4,-3,-129
1767174795.028238,3,-3,-134
1767174795.038238,-2,-4,-138
1767174795.048238,-4,-4,-130
1767174795.0582385,-3,-5,-125
1767174795.0682385,-2,-2,-126
1767174795.0782382,-1,0,-126
1767174795.0882382,-6,0,-128
1767174795.0982382,-4,1,-126
1767174795.1082382,0,0,-119
1767174795.1182382,-6,0,-118
1767174795.1282382,-4,0,-116
1767174795.1382382,-3,-5,-120
1767174795.1482382,-1,-4,-118
1767174795.1582382,-1,-3,-118
1767174795.1682382,-2,-4,-118
1767174795.1782382,4,-1,-119
1767174795.188238,5,0,-121
1767174795.198238,1,0,-120
1767174795.208238,0,1,-117
1767174795.218238,-2,1,-119
1767174795.228238,0,4,-119
1767174795.238238,0,0,-119
1767174795.248238,3,-1,-119
1767174795.258238,1,-1,-114
1767174795.268238,0,-1,-116
1767174795.278238,0,-1,-118
1767174795.288238,2,0,-122
1767174795.298238,-1,-1,-127
1767174795.3082385,0,-2,-124
1767174795.3182385,-2,-3,-116
1767174795.3282382,0,-2,-113
1767174795.3382382,0,0,-111
1767174795.3482382,-2,-1,-110
1767174795.3582382,-4,0,-114
1767174795.3682382,-5,4,-118
1767174795.3782382,-6,4,-125
1767174795.3882382,-6,2,-125
1767174795.3982382,-2,1,-121
1767174795.409238,0,3,-118
1767174795.4182382,0,3,-116
1767174795.4282382,2,2,-120
1767174795.438238,4,2,-128
1767174795.448238,2,2,-119
1767174795.458238,5,0,-118
1767174795.468238,2,0,-112
1767174795.478238,-1,0,-115
1767174795.488238,-5,-1,-121
1767174795.498238,-7,-1,-124
1767174795.508238,-7,-2,-119
1767174795.518238,-9,0,-112
1767174795.528238,-10,0,-109
1767174795.538238,-7,-1,-113
1767174795.548238,-5,0,-116
1767174795.5582385,-1,-2,-124
1767174795.5682385,-2,-3,-122
1767174795.5782382,-6,-1,-116
1767174795.5882382,-4,0,-113
1767174795.5982382,-4,-2,-120
1767174795.6082382,-7,-4,-128
1767174795.6182382,-5,-2,-129
1767174795.6282382,-2,-2,-129
1767174795.6382382,-6,0,-130
1767174795.6482382,-9,0,-135
1767174795.6582382,-4,-3,-133
1767174795.6682382,-2,-1,-132
1767174795.6782382,-3,1,-129
1767174795.688238,-9,1,-135
1767174795.698238,-7,0,-131
1767174795.708238,-4,-2,-125
1767174795.718238,-5,0,-123
1767174795.728238,-6,1,-128
1767174795.738238,-1,1,-131
1767174795.748238,-5,0,-129
1767174795.758238,-1,1,-127
1767174795.768238,-3,0,-131
1767174795.778238,-6,1,-131
1767174795.788238,-1,-1,-126
1767174795.798238,1,-4,-129
1767174795.8082385,0,0,-131
1767174795.8182385,-3,0,-121
1767174795.8282382,-1,-5,-121
1767174795.8382382,-7,-5,-117
1767174795.8482382,-8,-5,-113
1767174795.8582382,-8,-3,-118
1767174795.8682382,-5,-3,-117
1767174795.8782382,-6,-1,-122
1767174795.8882382,-8,1,-126
1767174795.8982382,-3,4,-128
1767174795.9082382,-3,6,-131
1767174795.9182382,0,4,-126
1767174795.9282382,3,8,-123
1767174795.938238,1,3,-120
1767174795.948238,1,1,-118
1767174795.958238,0,2,-120
1767174795.968238,2,0,-125
1767174795.978238,2,1,-119
1767174795.988238,1,9,-120
1767174795.998238,-1,10,-120
1767174796.008238,-3,3,-122
1767174796.018238,-2,1,-125
1767174796.028238,-7,0,-123
1767174796.038238,-1,0,-128
1767174796.048238,-1,-1,-137
1767174796.0582385,-2,-3,-129
1767174796.0682385,1,-2,-124
1767174796.0782382,2,-5,-122
1767174796.0882382,3,-3,-126
1767174796.0982382,1,-4,-119
1767174796.1082382,-3,-3,-121
1767174796.1182382,0,-1,-115
1767174796.1282382,0,-1,-113
1767174796.1382382,-1,0,-116
1767174796.1482382,0,1,-115
1767174796.1582382,-2,-2,-119
1767174796.1682382,-3,-4,-124
1767174796.1782382,0,-3,-129
1767174796.188238,0,-1,-121
1767174796.198238,3,-3,-117
1767174796.208238,0,-4,-133
1767174796.218238,0,-4,-130
1767174796.228238,0,-2,-133
1767174796.238238,1,-5,-138
1767174796.248238,3,-4,-134
1767174796.258238,5,-5,-136
1767174796.268238,10,0,-131
1767174796.278238,7,-1,-127
1767174796.288238,8,-1,-119
1767174796.298238,0,0,-119
1767174796.3082385,0,4,-128
1767174796.3182385,0,4,-131
1767174796.3282382,4,3,-130
1767174796.3382382,3,4,-127
1767174796.3482382,2,1,-120
1767174796.3582382,0,0,-120
1767174796.3682382,-2,3,-117
1767174796.3782382,-2,2,-112
1767174796.3882382,0,1,-113
1767174796.3982382,0,2,-113
1767174796.4082382,0,2,-108
1767174796.4182382,0,3,-119
1767174796.4282382,3,4,-122
1767174796.438238,3,2,-119
1767174796.448238,4,1,-120
1767174796.458238,2,5,-115
1767174796.468238,0,0,-117
1767174796.478238,0,1,-115
1767174796.488238,6,0,-115
1767174796.498238,7,-3,-116
1767174796.508238,9,0,-114
1767174796.518238,5,0,-117
1767174796.528238,5,1,-123
1767174796.538238,5,1,-122
1767174796.548238,6,1,-126
1767174796.5582385,4,-1,-124
1767174796.5682385,4,-1,-123
1767174796.5782382,6,-2,-130
1767174796.5882382,-1,0,-129
1767174796.5982382,-6,3,-124
1767174796.6082382,-8,2,-121
1767174796.6182382,-10,-1,-114
1767174796.6282382,-12,0,-111
1767174796.6382382,-10,0,-117
1767174796.6482382,-11,0,-112
1767174796.6582382,-9,2,-111
1767174796.6682382,-7,3,-119
1767174796.6782382,-7,2,-124
1767174796.688238,-7,0,-119
1767174796.698238,-5,0,-113
1767174796.708238,-5,1,-107
1767174796.718238,-5,0,-113
1767174796.728238,-7,0,-116
1767174796.738238,-7,1,-114
1767174796.748238,-11,0,-110
1767174796.758238,-11,3,-109
1767174796.768238,-4,3,-117
1767174796.778238,-3,4,-120
1767174796.788238,0,4,-118
1767174796.798238,1,0,-118
1767174796.8082385,6,-2,-119
1767174796.8182385,2,-2,-116
1767174796.8282382,2,-1,-113
1767174796.8382382,-2,-2,-111
1767174796.8482382,0,-1,-114
1767174796.8582382,1,0,-118
1767174796.8682382,0,-3,-121
1767174796.8782382,2,-6,-121
1767174796.8882382,0,-3,-124
1767174796.8982382,0,-3,-120
1767174796.9082382,0,-3,-122
1767174796.9182382,0,-1,-124
1767174796.9282382,2,-1,-122
1767174796.938238,3,-2,-120
1767174796.948238,4,0,-118
1767174796.958238,7,-1,-124
1767174796.968238,1,3,-128
1767174796.978238,2,5,-126
1767174796.988238,-2,5,-128
1767174796.998238,3,6,-123
1767174797.0092382,5,7,-118
1767174797.018238,1,6,-124
1767174797.028238,-5,7,-122
1767174797.0392382,-2,3,-117
1767174797.0492382,-1,1,-126
1767174797.0592382,0,2,-130
1767174797.0692382,2,5,-130
1767174797.0792382,1,9,-128
1767174797.0892382,0,7,-124
1767174797.0992382,-1,3,-117
1767174797.109238,-3,0,-122
1767174797.119238,-2,1,-118
1767174797.129238,-1,3,-119
1767174797.139238,3,2,-123
1767174797.149238,4,1,-127
1767174797.159238,4,-4,-127
1767174797.169238,3,-9,-132
1767174797.179238,0,-8,-131
1767174797.189238,0,-5,-133
1767174797.199238,0,-1,-136
1767174797.209238,0,0,-139
1767174797.219238,-2,-4,-138
1767174797.2292385,-1,2,-124
1767174797.2392385,0,1,-117
1767174797.2492385,2,1,-117
1767174797.2592382,-1,1,-119
1767174797.2692382,-1,1,-128
1767174797.2792382,0,0,-124
1767174797.2892382,0,4,-127
1767174797.2992382,-2,5,-125
1767174797.3092382,1,7,-125
1767174797.3192382,2,8,-120
1767174797.3292382,1,8,-120
1767174797.3392382,5,6,-117
1767174797.3492382,2,6,-118
1767174797.359238,5,1,-120
1767174797.369238,4,0,-121
1767174797.379238,3,0,-121
1767174797.389238,3,-1,-115
1767174797.399238,1,0,-120
1767174797.409238,1,0,-117
1767174797.419238,5,-2,-110
1767174797.429238,2,3,-112
1767174797.439238,-1,1,-111
1767174797.449238,-2,0,-118
1767174797.459238,-2,-2,-117
1767174797.469238,0,-2,-118
1767174797.4792385,-2,-1,-117
1767174797.4892385,-1,1,-116
1767174797.4992385,-3,0,-117
1767174797.5092382,-2,-3,-123
1767174797.5192382,-1,-4,-124
1767174797.5292382,-3,-3,-123
1767174797.5392382,-3,-4,-128
1767174797.5492382,-3,-2,-132
1767174797.5592382,-2,-4,-121
1767174797.5692382,-1,-2,-121
1767174797.5792382,-1,0,-120
1767174797.5892382,-2,0,-117
1767174797.5992382,-5,-5,-121
1767174797.609238,-3,0,-127
1767174797.619238,0,-4,-123
1767174797.629238,-1,-10,-123
1767174797.639238,-7,-8,-119
1767174797.649238,-7,-4,-118
1767174797.659238,-5,2,-122
1767174797.669238,0,5,-124
1767174797.679238,-1,3,-126
1767174797.689238,0,2,-122
1767174797.699238,2,0,-124
1767174797.709238,0,-3,-125
1767174797.719238,1,-1,-117
1767174797.7292385,0,-4,-119
1767174797.7392385,0,-3,-121
1767174797.7492385,0,-2,-117
1767174797.7592382,-1,-3,-117
1767174797.7692382,1,-2,-114
1767174797.7792382,6,-1,-121
1767174797.7892382,6,1,-124
1767174797.7992382,3,-1,-126
1767174797.8092382,2,1,-124
1767174797.8192382,-3,-2,-117
1767174797.8292382,0,-2,-121
1767174797.8392382,2,-2,-129
1767174797.8492382,1,-3,-137
1767174797.859238,0,0,-124
1767174797.869238,-3,-4,-121
1767174797.879238,0,-6,-119
1767174797.889238,-1,-7,-129
1767174797.899238,0,-3,-122
1767174797.909238,-1,0,-118
1767174797.919238,-1,-1,-120
1767174797.929238,-6,-1,-130
1767174797.939238,-2,0,-123
1767174797.949238,2,1,-119
1767174797.959238,2,1,-120
1767174797.969238,3,0,-117
1767174797.9792385,5,4,-110
1767174797.9892385,4,3,-113
1767174797.9992385,2,3,-112
1767174798.0092382,7,1,-114
1767174798.0192382,7,1,-113
1767174798.0292382,5,0,-116
1767174798.0392382,10,-2,-114
1767174798.0492382,8,-6,-114
1767174798.0592382,10,-4,-118
1767174798.0692382,10,-1,-122
1767174798.0792382,6,-3,-127
1767174798.0892382,5,-6,-127
1767174798.0992382,0,-5,-126
1767174798.109238,-1,-1,-127
1767174798.119238,-6,0,-126
1767174798.129238,-4,-2,-125
1767174798.139238,-3,-1,-131
1767174798.149238,0,0,-130
1767174798.159238,-1,0,-130
1767174798.169238,3,0,-131
1767174798.179238,0,-1,-129
1767174798.189238,-3,0,-128
1767174798.199238,0,1,-121
1767174798.209238,3,0,-118
1767174798.219238,6,-3,-125
1767174798.2292385,1,-2,-128
1767174798.2392385,0,-3,-126
1767174798.2492385,0,0,-127
1767174798.2592382,-1,-2,-131
1767174798.2692382,-2,-2,-135
1767174798.2792382,-2,-1,-134
1767174798.2892382,-2,-6,-125
1767174798.2992382,-1,-5,-122
1767174798.3092382,-2,-5,-122
1767174798.3192382,-4,-5,-121
1767174798.3292382,-4,-6,-121
1767174798.3392382,-4,-5,-122
1767174798.3492382,-2,-4,-127
1767174798.359238,0,-1,-125
1767174798.369238,0,2,-122
1767174798.379238,4,-1,-116
1767174798.389238,2,-3,-121
1767174798.399238,-2,1,-125
1767174798.409238,-1,0,-120
1767174798.419238,-4,0,-120
1767174798.429238,-3,-1,-123
1767174798.439238,-3,-3,-127
1767174798.449238,-5,-6,-123
1767174798.459238,-2,-6,-124
1767174798.469238,-5,-9,-116
1767174798.4792385,-4,-6,-118
1767174798.4892385,-1,-5,-126
1767174798.4992385,-5,-6,-123
1767174798.5092382,-7,-4,-127
1767174798.5192382,-7,-4,-128
1767174798.5292382,-11,-2,-129
1767174798.5392382,-12,-4,-126
1767174798.5492382,-9,-4,-121
1767174798.5592382,-10,-1,-123
1767174798.5692382,-10,0,-124
1767174798.5792382,-5,-1,-129
1767174798.5892382,-7,-1,-129
1767174798.5992382,-6,-5,-128
1767174798.609238,-1,-6,-129
1767174798.619238,0,-4,-131
1767174798.629238,-1,-1,-127
1767174798.639238,-5,-2,-122
1767174798.649238,-5,-1,-124
1767174798.659238,-7,0,-123
1767174798.669238,-3,2,-129
1767174798.679238,2,6,-128
1767174798.689238,4,4,-128
1767174798.699238,5,5,-129
1767174798.709238,6,7,-133
1767174798.719238,7,5,-138
1767174798.7292385,8,3,-137
1767174798.7392385,2,4,-127
1767174798.7492385,0,1,-119
1767174798.7592382,3,-2,-119
1767174798.7692382,3,0,-120
1767174798.7792382,4,0,-119
1767174798.7892382,-1,2,-121
1767174798.7992382,4,1,-109
1767174798.8092382,6,0,-111
1767174798.8192382,11,3,-113
1767174798.8292382,16,-1,-118
1767174798.8392382,12,-1,-121
1767174798.8492382,11,0,-120
1767174798.859238,7,0,-112
1767174798.869238,3,0,-118
1767174798.879238,0,5,-123
1767174798.889238,1,7,-122
1767174798.899238,0,7,-116
1767174798.909238,-6,0,-118
1767174798.919238,-7,1,-125
1767174798.929238,-5,3,-119
1767174798.939238,0,0,-122
1767174798.949238,0,-3,-118
1767174798.959238,3,-3,-118
1767174798.969238,2,-3,-118
1767174798.9792385,1,-7,-122
1767174798.9892385,0,-3,-126
1767174798.9992385,-2,-1,-122
1767174799.0092382,0,-2,-117
1767174799.0192382,2,0,-114
1767174799.040238,3,2,-116
1767174799.0492382,2,1,-113
1767174799.0592382,-1,-2,-117
1767174799.0692382,3,0,-124
1767174799.0792382,4,-3,-127
1767174799.0892382,5,-3,-121
1767174799.0992382,8,-4,-121
1767174799.109238,9,-4,-124
1767174799.119238,8,-5,-120
1767174799.129238,9,-1,-116
1767174799.139238,8,0,-118
1767174799.149238,7,0,-120
1767174799.159238,6,0,-120
1767174799.169238,3,1,-120
1767174799.179238,5,0,-122
1767174799.189238,2,-3,-124
1767174799.199238,0,-1,-129
1767174799.209238,7,-3,-124
1767174799.219238,4,-2,-122
1767174799.2292385,1,-4,-123
1767174799.2392385,2,-1,-126
1767174799.2492385,2,2,-137
1767174799.2592382,-1,1,-145
1767174799.2692382,0,-4,-142
1767174799.2792382,-1,-3,-137
1767174799.2892382,1,-3,-130
1767174799.2992382,0,-3,-128
1767174799.3092382,-1,-4,-124
1767174799.3192382,0,-4,-129
1767174799.3292382,-3,2,-121
1767174799.3392382,-1,4,-121
1767174799.3492382,0,8,-126
1767174799.359238,-1,7,-128
1767174799.369238,-2,9,-124
1767174799.379238,0,12,-120
1767174799.389238,2,8,-120
1767174799.399238,-1,3,-125
1767174799.409238,-5,0,-123
1767174799.419238,-7,3,-121
1767174799.429238,-4,4,-115
1767174799.439238,-3,5,-116
1767174799.449238,-2,1,-116
1767174799.459238,0,-2,-116
1767174799.469238,3,0,-113
1767174799.4792385,1,0,-117
1767174799.4892385,2,2,-119
1767174799.4992385,5,2,-119
1767174799.5092382,4,1,-118
1767174799.5192382,8,-1,-114
1767174799.5292382,6,0,-116
1767174799.5392382,4,-1,-111
1767174799.5492382,2,-2,-122
1767174799.5592382,1,-2,-123
1767174799.5692382,2,1,-122
1767174799.5792382,6,-1,-119
1767174799.5892382,4,0,-118
1767174799.5992382,4,2,-120
1767174799.609238,1,0,-125
1767174799.619238,2,2,-126
1767174799.629238,0,-1,-121
1767174799.640238,-1,-3,-122
1767174799.649238,0,-5,-124
1767174799.659238,3,-3,-128
1767174799.669238,3,-4,-124
1767174799.679238,4,-1,-122
1767174799.6902382,5,-2,-123
1767174799.7002382,0,0,-131
1767174799.7102382,-2,1,-130
1767174799.7202382,-2,-3,-123
1767174799.7302382,2,-1,-122
1767174799.7402382,-1,-2,-117
1767174799.7492385,-2,0,-116
1767174799.7602382,-3,0,-122
1767174799.7702382,-1,3,-126
1767174799.7802382,-1,2,-125
1767174799.790238,0,0,-123
1767174799.800238,-4,2,-116
1767174799.810238,-5,1,-121
1767174799.820238,-4,4,-124
1767174799.830238,-5,5,-127
1767174799.840238,-2,-2,-130
1767174799.850238,-5,-2,-136
1767174799.860238,-3,-2,-133
1767174799.870238,1,1,-132
1767174799.880238,-2,4,-120
1767174799.890238,-1,-2,-116
1767174799.900238,-2,-6,-118
1767174799.9102385,-1,-6,-113
1767174799.9202385,-4,-1,-114
1767174799.9302382,-5,-4,-120
1767174799.9402382,-4,-1,-120
1767174799.9502382,-5,-2,-122
1767174799.9602382,-7,-4,-119
1767174799.9702382,-4,-3,-118
1767174799.9802382,-3,-1,-121
1767174799.9902382,0,1,-116
1767174800.0002382,3,1,-117
1767174800.0102382,0,-3,-117
1767174800.0202382,-2,-2,-116
1767174800.0302382,-1,-1,-116
1767174800.040238,0,0,-120
1767174800.050238,1,0,-122
1767174800.060238,2,1,-128
1767174800.070238,-1,1,-129
1767174800.080238,-6,3,-128
1767174800.090238,-4,0,-122
1767174800.100238,-5,0,-123
1767174800.110238,-6,1,-121
1767174800.120238,-7,2,-123
1767174800.130238,-4,-2,-122
1767174800.140238,-4,-1,-127
1767174800.150238,-2,1,-126
1767174800.1602385,2,3,-119
1767174800.1702385,4,-1,-118
1767174800.1802382,2,-1,-119
1767174800.1902382,-2,-2,-122
1767174800.2002382,4,-1,-124
1767174800.2102382,5,0,-123
1767174800.2202382,3,-4,-121
1767174800.2302382,0,1,-116
1767174800.2402382,0,1,-116
1767174800.2502382,0,1,-111
1767174800.2602382,0,0,-113
1767174800.2702382,-1,-2,-115
1767174800.2802382,-6,-1,-119
1767174800.290238,-7,0,-120
1767174800.300238,-4,0,-122
1767174800.310238,1,-1,-116
1767174800.320238,-7,2,-121
1767174800.330238,-6,1,-120
1767174800.340238,-4,4,-118
1767174800.350238,-6,4,-116
1767174800.360238,-4,0,-117
1767174800.370238,-2,4,-117
1767174800.380238,-2,1,-119
1767174800.390238,-4,0,-116
1767174800.400238,0,-3,-119
1767174800.4102385,0,-5,-122
1767174800.4202385,0,1,-127
1767174800.4302382,0,-1,-126
1767174800.4402382,7,0,-118
1767174800.4502382,8,1,-112
1767174800.4602382,6,1,-115
1767174800.4702382,10,-1,-125
1767174800.4802382,5,0,-130
1767174800.4902382,4,0,-126
1767174800.5002382,1,2,-124
1767174800.5102382,-3,2,-127
1767174800.5202382,-4,2,-120
1767174800.5302382,-1,3,-120
1767174800.540238,0,2,-121
1767174800.550238,-4,2,-122
1767174800.560238,-6,0,-124
1767174800.570238,-5,-1,-130
1767174800.580238,-6,0,-132
1767174800.590238,-4,0,-130
1767174800.600238,-2,-2,-126
1767174800.610238,-2,1,-125
1767174800.620238,-4,-1,-122
1767174800.630238,0,-1,-117
1767174800.640238,-2,-3,-124
1767174800.650238,-6,-1,-127
1767174800.6602385,-7,-2,-122
1767174800.6702385,-5,-4,-123
1767174800.6802382,-2,-4,-127
1767174800.6902382,0,-3,-124
1767174800.7002382,1,-1,-122
1767174800.7102382,-2,-2,-122
1767174800.7202382,-2,-8,-122
1767174800.7302382,-5,-4,-125
1767174800.7402382,-2,-1,-126
1767174800.7502382,1,-1,-128
1767174800.7602382,0,0,-121
1767174800.7702382,0,0,-119
1767174800.7802382,2,-4,-116
1767174800.790238,0,0,-119
1767174800.800238,1,-2,-116
1767174800.810238,6,-2,-118
1767174800.820238,5,0,-118
1767174800.830238,4,0,-120
1767174800.840238,1,-2,-113
1767174800.850238,1,-2,-116
1767174800.860238,-5,-2,-118
1767174800.870238,-3,-3,-118
1767174800.880238,0,-4,-126
1767174800.890238,0,4,-119
1767174800.900238,0,8,-109
1767174800.9102385,-1,5,-104
1767174800.9202385,1,0,-111
1767174800.9302382,-1,-4,-108
1767174800.9402382,-3,-1,-112
1767174800.9502382,-3,-1,-111
1767174800.9602382,-2,0,-113
1767174800.9702382,-5,0,-117
1767174800.9802382,-2,0,-121
1767174800.9902382,0,1,-126
1767174801.0002382,1,3,-125
1767174801.0102382,0,2,-126
1767174801.0202382,-6,-1,-124
1767174801.0302382,-6,-1,-123
1767174801.040238,-7,-2,-121
1767174801.050238,-3,-1,-120
1767174801.060238,-4,0,-122
1767174801.070238,-5,0,-122
1767174801.080238,-6,-1,-127
1767174801.090238,-6,-1,-129
1767174801.100238,-11,-1,-129
1767174801.110238,-9,-1,-131
1767174801.120238,-7,-1,-135
1767174801.130238,-6,-1,-130
1767174801.140238,-7,-2,-127
1767174801.150238,-11,-2,-120
1767174801.1602385,-10,-3,-116
1767174801.1702385,-10,0,-121
1767174801.1802382,-5,2,-114
1767174801.1902382,-4,0,-114
1767174801.2002382,0,0,-117
1767174801.2102382,2,-2,-114
1767174801.2202382,1,-1,-116
1767174801.2302382,2,0,-115
1767174801.2402382,0,1,-118
1767174801.2502382,3,6,-117
1767174801.2602382,3,6,-121
1767174801.2702382,0,1,-118
1767174801.2802382,-1,-1,-118
1767174801.290238,0,0,-120
1767174801.300238,-4,-5,-119
1767174801.310238,-6,-6,-118
1767174801.320238,-6,-1,-120
1767174801.330238,-7,-2,-123
1767174801.340238,-8,-1,-131
1767174801.350238,-7,-2,-132
1767174801.360238,-7,0,-131
1767174801.370238,-6,-1,-124
1767174801.380238,-7,0,-117
1767174801.390238,-5,2,-122
1767174801.400238,0,1,-125
1767174801.4102385,5,0,-122
1767174801.4202385,2,-4,-118
1767174801.4302382,-1,-8,-119
1767174801.4402382,-2,-7,-121
1767174801.4502382,-2,-8,-123
1767174801.4602382,-4,-4,-117
1767174801.4702382,0,-2,-118
1767174801.4802382,1,-1,-118
1767174801.4902382,0,0,-112
1767174801.5002382,0,3,-111
1767174801.5102382,0,4,-107
1767174801.5202382,0,4,-112
1767174801.5302382,2,4,-117
1767174801.540238,5,2,-116
1767174801.550238,0,0,-115
1767174801.560238,1,-4,-118
1767174801.570238,4,-3,-124
1767174801.580238,4,0,-125
1767174801.590238,4,-1,-123
1767174801.600238,-3,-2,-121
1767174801.610238,-2,0,-121
1767174801.620238,-5,1,-118
1767174801.630238,-5,1,-115
1767174801.640238,-4,-4,-119
1767174801.650238,-3,-4,-122
1767174801.6602385,-3,-1,-121
1767174801.6702385,0,1,-115
1767174801.6802382,0,0,-122
1767174801.6902382,1,0,-127
1767174801.7002382,2,0,-122
1767174801.7102382,3,-3,-124
1767174801.7202382,1,-2,-123
1767174801.7302382,0,-4,-126
1767174801.7402382,-3,-2,-126
1767174801.7502382,0,-7,-125
1767174801.7602382,2,-9,-127
1767174801.7702382,6,-10,-121
1767174801.7802382,3,-13,-125
1767174801.790238,-1,-9,-136
1767174801.800238,-2,-5,-132
1767174801.810238,-1,-1,-136
1767174801.820238,-1,-4,-130
1767174801.830238,-5,-7,-130
1767174801.840238,-5,-4,-121
1767174801.850238,-6,-6,-121
1767174801.860238,0,-4,-119
1767174801.870238,0,0,-113
1767174801.880238,2,-2,-116
1767174801.890238,1,-8,-113
1767174801.900238,0,-9,-112
1767174801.9102385,-1,-10,-112
1767174801.9202385,-3,-10,-120
1767174801.9302382,-8,-8,-115
1767174801.9402382,-7,-3,-116
1767174801.9502382,-3,-4,-116
1767174801.9602382,-4,-1,-116
1767174801.9702382,1,0,-121
1767174801.9802382,1,-3,-125
1767174801.9902382,2,-2,-116
1767174802.0002382,2,0,-114
1767174802.0102382,5,-1,-115
1767174802.0202382,8,-1,-115
1767174802.0302382,7,-3,-113
1767174802.040238,7,-5,-117
1767174802.050238,0,0,-123
1767174802.060238,-1,4,-124
1767174802.070238,0,8,-123
1767174802.080238,5,5,-125
1767174802.090238,1,2,-130
1767174802.100238,0,1,-124
1767174802.110238,0,3,-120
1767174802.120238,-2,1,-119
1767174802.130238,-1,0,-113
1767174802.140238,0,0,-111
1767174802.150238,-2,2,-121
1767174802.1602385,-10,3,-126
1767174802.1702385,-7,0,-122
1767174802.1802382,-5,0,-115
1767174802.1902382,-4,0,-116
1767174802.2002382,-3,0,-121
1767174802.2102382,-2,0,-120
1767174802.2202382,-3,0,-122
1767174802.2302382,-2,1,-124
1767174802.2402382,-2,0,-126
1767174802.2502382,-1,-1,-124
1767174802.2602382,-6,-2,-131
1767174802.2702382,-1,-4,-133
1767174802.2802382,-1,-3,-135
1767174802.290238,-2,-2,-129
1767174802.300238,-1,-5,-126
1767174802.311238,-2,-3,-124
1767174802.320238,-3,-3,-122
1767174802.3312385,2,1,-120
1767174802.3412385,2,2,-118
1767174802.3512385,-1,0,-112
1767174802.3612382,0,2,-110
1767174802.3712382,-1,0,-103
1767174802.3812382,0,1,-110
1767174802.3912382,1,4,-109
1767174802.4012382,0,5,-112
1767174802.4112382,-4,1,-113
1767174802.4212382,-3,3,-122
1767174802.4312382,-9,3,-119
1767174802.4412382,-6,-1,-120
1767174802.4512382,-7,-1,-120
1767174802.461238,-6,0,-121
1767174802.471238,-6,-1,-123
1767174802.481238,-7,-3,-123
1767174802.491238,-4,-3,-120
1767174802.501238,2,-5,-111
1767174802.511238,4,1,-111
1767174802.521238,3,2,-114
1767174802.531238,6,2,-118
1767174802.541238,6,0,-124
1767174802.551238,8,1,-131
1767174802.561238,5,-1,-128
1767174802.571238,3,-3,-122
1767174802.5812385,1,-2,-117
1767174802.5912385,3,-4,-117
1767174802.6012385,1,0,-115
1767174802.6112382,2,-2,-118
1767174802.6212382,4,-2,-124
1767174802.6312382,1,3,-123
1767174802.6412382,1,0,-125
1767174802.6512382,-3,0,-127
1767174802.6612382,-3,0,-122
1767174802.6712382,0,3,-122
1767174802.6812382,-4,0,-118
1767174802.6912382,0,0,-116
1767174802.7012382,0,-1,-120
1767174802.711238,-3,-1,-115
1767174802.721238,-2,-1,-120
1767174802.731238,-1,-5,-129
1767174802.741238,-2,-3,-126
1767174802.751238,0,0,-117
1767174802.761238,2,0,-119
1767174802.771238,-3,1,-133
1767174802.781238,0,0,-133
1767174802.791238,-1,-1,-128
1767174802.801238,-3,0,-133
1767174802.811238,2,-2,-131
1767174802.821238,3,-2,-126
1767174802.8312385,2,-4,-129
1767174802.8412385,-1,-3,-131
1767174802.8512385,-5,-1,-134
1767174802.8612382,-9,1,-126
1767174802.8712382,-5,1,-120
1767174802.8812382,-5,0,-122
1767174802.8912382,-4,-2,-121
1767174802.9012382,-1,-1,-125
1767174802.9112382,-4,-2,-131
1767174802.9212382,-4,-2,-131
1767174802.9312382,-2,-6,-126
1767174802.9412382,0,-4,-121
1767174802.9512382,1,-8,-120
1767174802.961238,2,-8,-124
1767174802.971238,0,-7,-122
1767174802.981238,-3,-7,-118
1767174802.991238,0,-4,-117
1767174803.001238,0,0,-121
1767174803.011238,4,0,-121
1767174803.021238,2,-1,-118
1767174803.031238,2,-3,-122
1767174803.041238,4,-5,-125
1767174803.051238,0,-7,-126
1767174803.061238,-2,-5,-131
1767174803.071238,0,-8,-124
1767174803.0812385,-1,-6,-124
1767174803.0912385,0,-7,-118
1767174803.1012385,0,-9,-111
1767174803.1112382,-4,-12,-105
1767174803.1212382,-3,-8,-111
1767174803.1312382,-5,-10,-111
1767174803.1412382,-5,-6,-116
1767174803.1512382,0,-2,-117
1767174803.1612382,-3,0,-125
1767174803.1712382,-5,0,-126
1767174803.1812382,-6,-6,-126
1767174803.1912382,-4,-4,-133
1767174803.2012382,-7,-5,-135
1767174803.211238,-3,-4,-135
1767174803.221238,2,-8,-130
1767174803.231238,2,-6,-125
1767174803.241238,2,-1,-127
1767174803.251238,-2,-1,-122
1767174803.261238,-3,-2,-122
1767174803.271238,-5,-5,-120
1767174803.281238,1,-4,-120
1767174803.291238,0,-3,-123
1767174803.301238,5,-3,-116
1767174803.311238,6,-4,-121
1767174803.321238,2,-4,-127
1767174803.3312385,5,-3,-123
1767174803.3412385,4,0,-117
1767174803.3512385,3,-2,-114
1767174803.3612382,0,-1,-112
1767174803.3712382,3,0,-120
1767174803.3812382,0,0,-127
1767174803.3912382,-2,2,-122
1767174803.4012382,2,2,-121
1767174803.4112382,2,2,-117
1767174803.4212382,1,0,-121
1767174803.4312382,0,1,-118
1767174803.4412382,0,1,-121
1767174803.4512382,-2,3,-119
1767174803.461238,0,6,-126
1767174803.471238,2,1,-125
1767174803.481238,0,-1,-119
1767174803.491238,-1,-6,-115
1767174803.501238,0,0,-124
1767174803.511238,4,5,-128
1767174803.521238,2,2,-124
1767174803.531238,2,1,-123
1767174803.541238,2,0,-118
1767174803.551238,-1,0,-125
1767174803.561238,1,-2,-126
1767174803.571238,2,0,-124
1767174803.5812385,0,2,-123
1767174803.5912385,0,0,-127
1767174803.6012385,0,-4,-122
1767174803.6112382,2,-1,-125
1767174803.6212382,4,-1,-132
1767174803.6312382,1,-3,-131
1767174803.6412382,0,-4,-124
1767174803.6512382,0,-1,-125
1767174803.6612382,-1,-6,-123
1767174803.6712382,-1,-7,-121
1767174803.6812382,1,-5,-119
1767174803.6912382,0,-7,-116
1767174803.7012382,-6,-8,-113
1767174803.711238,-8,-8,-116
1767174803.721238,-7,-7,-120
1767174803.731238,-5,-4,-118
1767174803.741238,-6,-6,-127
1767174803.751238,-9,-7,-125
1767174803.761238,-9,-7,-129
1767174803.771238,-7,-11,-129
1767174803.781238,-8,-11,-121
1767174803.791238,-6,-5,-116
1767174803.801238,-2,-2,-112
1767174803.811238,-3,-1,-109
1767174803.821238,-6,-2,-114
1767174803.8312385,-10,-2,-122
1767174803.8412385,-9,-7,-120
1767174803.8512385,-9,-8,-112
1767174803.8612382,-5,-7,-116
1767174803.8712382,-7,-10,-114
1767174803.8812382,-6,-5,-116
1767174803.8912382,-2,-8,-114
1767174803.9012382,-1,-6,-117
1767174803.9112382,1,-2,-120
1767174803.9212382,-1,0,-122
1767174803.9312382,-3,-4,-121
1767174803.9412382,-3,-3,-123
1767174803.9512382,1,-5,-121
1767174803.961238,6,-3,-113
1767174803.971238,7,-2,-109
1767174803.981238,6,-2,-111
1767174803.991238,4,0,-112
1767174804.001238,4,-1,-115
1767174804.011238,9,-3,-115
1767174804.021238,5,-4,-117
1767174804.031238,4,-1,-123
1767174804.0532382,-4,-2,-117
1767174804.061238,-3,-4,-117
1767174804.071238,-3,-2,-118
1767174804.0812385,-4,2,-112
1767174804.0912385,-2,3,-113
1767174804.1012385,2,4,-122
1767174804.1112382,0,5,-126
1767174804.1212382,3,0,-120
1767174804.1312382,1,-1,-119
1767174804.1412382,4,-2,-123
1767174804.1512382,4,-3,-119
1767174804.1612382,-1,-1,-114
1767174804.1712382,-4,-1,-116
1767174804.1812382,0,0,-116
1767174804.1912382,-5,3,-116
1767174804.2012382,-8,4,-111
1767174804.211238,-9,6,-111
1767174804.221238,-11,1,-115
1767174804.231238,-10,0,-111
1767174804.241238,-14,-2,-111
1767174804.251238,-12,-3,-108
1767174804.261238,-10,-7,-111
1767174804.271238,-9,-8,-115
1767174804.281238,-4,-8,-116
1767174804.291238,-4,-11,-117
1767174804.301238,-4,-16,-119
1767174804.311238,-5,-10,-120
1767174804.321238,-6,-9,-116
1767174804.3312385,-4,-7,-114
1767174804.3412385,-1,-5,-115
1767174804.3512385,-2,-7,-112
1767174804.3612382,0,-2,-109
1767174804.3712382,2,0,-103
1767174804.3812382,3,0,-106
1767174804.3912382,2,-3,-109
1767174804.4012382,3,-3,-114
1767174804.4112382,2,0,-114
1767174804.4212382,0,-1,-114
1767174804.4312382,1,-1,-123
1767174804.4412382,4,2,-124
1767174804.4512382,3,4,-122
1767174804.461238,0,5,-117
1767174804.471238,1,0,-109
1767174804.481238,1,0,-115
1767174804.491238,2,-2,-123
1767174804.501238,-1,-2,-117
1767174804.511238,-1,0,-107
1767174804.521238,3,2,-111
1767174804.531238,0,4,-123
1767174804.541238,-2,2,-117
1767174804.551238,0,2,-116
1767174804.561238,-4,4,-114
1767174804.571238,-5,6,-117
1767174804.5812385,-5,0,-120
1767174804.5912385,-3,0,-124
1767174804.6012385,-3,-1,-121
1767174804.6112382,-3,0,-118
1767174804.6212382,-1,-2,-120
1767174804.6312382,-9,-5,-127
1767174804.6412382,-9,-3,-123
1767174804.6512382,-4,-6,-125
1767174804.6612382,-3,-7,-121
1767174804.6712382,-3,-6,-123
1767174804.6812382,-2,-7,-124
1767174804.6912382,-4,-7,-118
1767174804.7012382,0,-6,-118
1767174804.711238,-3,-1,-121
1767174804.721238,-3,0,-126
1767174804.731238,-2,1,-125
1767174804.741238,-5,-1,-120
1767174804.751238,-3,3,-126
1767174804.761238,0,3,-130
1767174804.771238,0,2,-132
1767174804.781238,2,1,-132
1767174804.791238,2,0,-133
1767174804.801238,1,2,-132
1767174804.811238,0,3,-134
1767174804.821238,-2,1,-136
1767174804.8312385,0,-3,-134
1767174804.8412385,-1,-1,-127
1767174804.8512385,1,-2,-127
1767174804.8612382,0,2,-128
1767174804.8712382,-2,2,-125
1767174804.8812382,0,0,-116
1767174804.8912382,4,-4,-114
1767174804.9012382,4,-4,-115
1767174804.9112382,8,-6,-117
1767174804.9212382,8,-4,-118
1767174804.9312382,4,-1,-125
1767174804.9412382,4,0,-125
1767174804.9512382,0,0,-127
1767174804.961238,0,-5,-124
1767174804.972238,3,-6,-121
1767174804.981238,1,-8,-123
1767174804.992238,0,-13,-128
1767174805.002238,-3,-12,-132
1767174805.0122385,-4,-8,-126
1767174805.0222385,-4,-7,-117
1767174805.0322382,-5,-4,-107
1767174805.0422382,-5,-5,-102
1767174805.0522382,-3,-4,-107
1767174805.0622382,-5,-2,-104
1767174805.0722382,-3,-5,-105
1767174805.0822382,-1,-7,-105
1767174805.0922382,-6,-3,-110
1767174805.1022382,-7,-2,-111
1767174805.1122382,-4,-1,-111
1767174805.1222382,-2,0,-112
1767174805.132238,2,-2,-118
1767174805.142238,0,-8,-126
1767174805.152238,-3,-8,-126
1767174805.162238,-1,-8,-126
1767174805.172238,2,-9,-128
1767174805.182238,3,-6,-122
1767174805.192238,-1,-4,-120
1767174805.202238,-1,-8,-116
1767174805.212238,0,-5,-120
1767174805.222238,7,0,-117
1767174805.232238,6,0,-117
1767174805.242238,2,2,-116
1767174805.252238,0,4,-120
1767174805.2622385,2,1,-118
1767174805.2722385,2,2,-112
1767174805.2822382,4,3,-112
1767174805.2922382,2,0,-116
1767174805.3022382,2,1,-115
1767174805.3122382,-1,-1,-118
1767174805.3222382,-2,-7,-116
1767174805.3322382,0,-2,-124
1767174805.3422382,0,1,-127
1767174805.3522382,0,2,-125
1767174805.3622382,-3,6,-130
1767174805.3722382,-5,3,-131
1767174805.382238,-6,1,-132
1767174805.392238,-1,0,-134
1767174805.402238,-2,-3,-130
1767174805.412238,0,-4,-127
1767174805.422238,1,-4,-124
1767174805.432238,-1,-10,-119
1767174805.442238,1,-13,-119
1767174805.452238,1,-10,-125
1767174805.462238,2,-9,-122
1767174805.472238,4,-9,-123
1767174805.482238,6,-9,-121
1767174805.492238,3,-9,-119
1767174805.502238,2,-3,-118
1767174805.5122385,1,-5,-120
1767174805.5222385,1,-5,-119
1767174805.5322382,-2,-7,-123
1767174805.5422382,-1,-5,-122
1767174805.5522382,-4,-9,-126
1767174805.5622382,-6,-8,-119
1767174805.5722382,-5,-9,-118
1767174805.5822382,-4,-2,-118
1767174805.5922382,-4,1,-119
1767174805.6022382,-1,-2,-120
1767174805.6122382,3,-3,-124
1767174805.6222382,4,-3,-121
1767174805.632238,3,-3,-125
1767174805.642238,0,-6,-122
1767174805.652238,-5,-3,-121
1767174805.662238,-5,0,-117
1767174805.672238,-10,-3,-111
1767174805.682238,-14,-6,-113
1767174805.692238,-14,-4,-120
1767174805.702238,-15,-3,-124
1767174805.712238,-11,-7,-121
1767174805.722238,-5,-3,-121
1767174805.732238,-2,0,-116
1767174805.742238,0,-7,-117
1767174805.752238,2,-3,-118
1767174805.7622385,5,-3,-117
1767174805.7722385,-2,-5,-115
1767174805.7822382,1,-7,-115
1767174805.7922382,0,-8,-114
1767174805.8022382,0,-6,-116
1767174805.8122382,0,-4,-119
1767174805.8222382,1,-3,-117
1767174805.8322382,7,-6,-116
1767174805.8422382,7,-3,-117
1767174805.8522382,5,-1,-112
1767174805.8622382,0,-3,-116
1767174805.8722382,-1,-4,-114
1767174805.882238,-2,-3,-117
1767174805.892238,-3,-6,-121
1767174805.902238,-2,-8,-120
1767174805.912238,-4,-7,-125
1767174805.922238,-2,-4,-127
1767174805.932238,0,-8,-119
1767174805.942238,3,-11,-122
1767174805.952238,5,-9,-119
1767174805.962238,3,-8,-119
1767174805.972238,6,-6,-114
1767174805.982238,6,-2,-112
1767174805.992238,5,-3,-112
1767174806.002238,3,-3,-110
1767174806.0122385,4,-5,-118
1767174806.0222385,3,-4,-115
1767174806.0322382,3,-2,-113
1767174806.0422382,0,-6,-111
1767174806.0522382,-1,-5,-113
1767174806.0622382,-1,-2,-112
1767174806.0722382,-4,-5,-115
1767174806.0822382,-7,-4,-110
1767174806.0922382,-11,-3,-106
1767174806.1022382,-12,-1,-107
1767174806.1122382,-7,-3,-109
1767174806.1222382,-3,-4,-115
1767174806.132238,-2,-3,-112
1767174806.142238,-4,0,-113
1767174806.152238,-5,-2,-110
1767174806.162238,-4,1,-115
1767174806.172238,-5,2,-117
1767174806.182238,-9,0,-114
1767174806.192238,-13,0,-121
1767174806.202238,-13,-2,-120
1767174806.212238,-10,-1,-127
1767174806.222238,-5,0,-130
1767174806.232238,-10,-6,-131
1767174806.242238,-11,-3,-128
1767174806.252238,-13,-3,-131
1767174806.2622385,-13,0,-126
1767174806.2722385,-11,2,-131
1767174806.2822382,-11,4,-129
1767174806.2922382,-13,3,-125
1767174806.3022382,-8,1,-126
1767174806.3122382,-4,0,-125
1767174806.3222382,-5,-2,-121
1767174806.3322382,-1,-1,-128
1767174806.3422382,-1,2,-124
1767174806.3522382,-1,3,-120
1767174806.3622382,3,7,-118
1767174806.3722382,6,7,-118
1767174806.382238,6,1,-121
1767174806.392238,9,0,-115
1767174806.402238,9,-1,-116
1767174806.412238,9,0,-121
1767174806.422238,11,0,-115
1767174806.432238,15,-1,-122
1767174806.442238,12,-4,-121
1767174806.452238,15,-4,-124
1767174806.462238,14,2,-121
1767174806.472238,10,1,-120
1767174806.482238,7,-1,-114
1767174806.492238,4,0,-115
1767174806.502238,-1,2,-125
1767174806.5122385,-5,0,-124
1767174806.5222385,-7,1,-120
1767174806.5322382,-11,0,-116
1767174806.5422382,-10,0,-115
1767174806.5522382,-7,1,-124
1767174806.5622382,-7,-7,-123
1767174806.5722382,-3,-7,-130
1767174806.5822382,-4,-11,-129
1767174806.5922382,-4,-7,-123
1767174806.6022382,-1,-9,-118
1767174806.6122382,0,-7,-115
1767174806.6222382,-2,-6,-119
1767174806.632238,-3,-7,-122
1767174806.642238,0,-8,-121
1767174806.652238,-1,-7,-116
1767174806.662238,-1,-3,-119
1767174806.672238,1,-4,-118
1767174806.682238,1,-7,-125
1767174806.692238,0,-7,-125
1767174806.702238,0,-9,-133
1767174806.712238,-5,-8,-132
1767174806.722238,-9,-2,-130
1767174806.732238,-12,-2,-123
1767174806.742238,-9,-3,-120
1767174806.752238,-5,-3,-118
1767174806.7622385,-4,-1,-121
1767174806.7722385,-6,-3,-122
1767174806.7822382,-5,0,-120
1767174806.7922382,-7,-1,-124
1767174806.8022382,-5,3,-128
1767174806.8122382,-4,0,-128
1767174806.8222382,-4,1,-127
1767174806.8322382,-2,-3,-129
1767174806.8422382,-2,0,-134
1767174806.8522382,0,0,-128
1767174806.8622382,-3,-2,-129
1767174806.8722382,-5,-4,-131
1767174806.882238,-4,-2,-126
1767174806.892238,-3,-5,-127
1767174806.902238,-4,-7,-125
1767174806.912238,-1,-4,-121
1767174806.922238,-3,-4,-119
1767174806.932238,-1,1,-122
1767174806.942238,0,1,-127
1767174806.952238,0,4,-132
1767174806.962238,0,0,-137
1767174806.972238,0,-7,-134
1767174806.982238,0,-2,-126
1767174806.992238,-1,-1,-120
1767174807.002238,0,-3,-118
1767174807.0122385,2,-2,-119
1767174807.0222385,0,0,-112
1767174807.0322382,1,0,-110
1767174807.0422382,3,0,-110
1767174807.0522382,6,0,-118
1767174807.0622382,7,1,-121
1767174807.0722382,4,-2,-122
1767174807.083238,3,-3,-118
1767174807.0922382,2,2,-118
1767174807.1022382,0,4,-120
1767174807.1122382,-2,3,-121
1767174807.1222382,0,5,-119
1767174807.132238,0,8,-122
1767174807.142238,0,7,-117
1767174807.152238,-1,3,-115
1767174807.162238,0,1,-119
1767174807.172238,0,4,-121
1767174807.182238,2,2,-119
1767174807.192238,1,-3,-121
1767174807.202238,3,-3,-120
1767174807.212238,-1,-1,-119
1767174807.222238,-3,2,-120
1767174807.232238,-5,-1,-123
1767174807.242238,-5,-3,-125
1767174807.252238,-2,1,-122
1767174807.2622385,-4,0,-123
1767174807.2722385,-2,0,-121
1767174807.2822382,-5,0,-118
1767174807.2922382,-9,-2,-115
1767174807.3022382,-6,-1,-114
1767174807.3122382,-8,1,-112
1767174807.3222382,-13,0,-116
1767174807.3322382,-8,-3,-116
1767174807.3422382,-8,-5,-121
1767174807.3522382,-9,-7,-127
1767174807.3622382,-6,-4,-126
1767174807.3722382,-1,-3,-123
1767174807.382238,0,-5,-126
1767174807.392238,2,2,-127
1767174807.402238,2,1,-125
1767174807.412238,0,-1,-125
1767174807.422238,0,-4,-128
1767174807.432238,0,-2,-127
1767174807.442238,0,-3,-129
1767174807.452238,0,-5,-131
1767174807.462238,-3,-6,-134
1767174807.472238,-2,-7,-127
1767174807.482238,-1,-2,-124
1767174807.492238,-3,1,-125
1767174807.502238,-3,5,-124
1767174807.5122385,-2,2,-124
1767174807.5222385,-1,5,-121
1767174807.5322382,-4,5,-121
1767174807.5422382,-5,6,-126
1767174807.5522382,-3,3,-128
1767174807.5622382,-3,-4,-123
1767174807.5722382,-5,-8,-120
1767174807.5822382,-4,-6,-121
1767174807.5922382,-4,-4,-119
1767174807.6022382,-2,-2,-126
1767174807.6122382,-1,0,-121
1767174807.623238,-2,-3,-127
1767174807.632238,-2,-4,-115
1767174807.642238,0,-4,-117
1767174807.652238,-1,-2,-116
1767174807.662238,0,-3,-118
1767174807.672238,2,-6,-117
1767174807.6832385,4,-7,-124
1767174807.6932385,0,-11,-124
1767174807.7032382,0,-10,-121
1767174807.7132382,-3,-13,-122
1767174807.7232382,0,-9,-119
1767174807.7332382,-4,-10,-121
1767174807.7432382,-3,-9,-123
1767174807.7532382,-7,-6,-121
1767174807.7632382,-6,-4,-120
1767174807.7732382,-3,-5,-119
1767174807.7832382,1,-10,-114
1767174807.7932382,0,-11,-111
1767174807.8032382,0,-12,-115
1767174807.813238,0,-6,-118
1767174807.823238,3,-6,-119
1767174807.833238,6,-4,-117
1767174807.843238,1,-3,-114
1767174807.853238,2,-4,-117
1767174807.863238,3,-3,-124
1767174807.873238,7,2,-132
1767174807.883238,8,1,-133
1767174807.893238,6,1,-134
1767174807.903238,7,-1,-129
1767174807.913238,6,0,-127
1767174807.923238,1,-2,-130
1767174807.9332385,0,-3,-127
1767174807.9432385,0,-5,-126
1767174807.9532382,2,-5,-119
1767174807.9632382,0,-2,-119
1767174807.9732382,-1,-4,-120
1767174807.9832382,-1,-3,-123
1767174807.9932382,-3,-1,-122
1767174808.0032382,-7,0,-129
1767174808.0132382,-5,0,-132
1767174808.0232382,-6,-1,-129
1767174808.0332382,-1,-4,-122
1767174808.0432382,-3,-4,-121
1767174808.0532382,-7,-4,-119
1767174808.063238,-4,0,-113
1767174808.073238,0,0,-113
1767174808.083238,-2,-3,-118
1767174808.093238,-5,-1,-127
1767174808.103238,-1,0,-121
1767174808.113238,-2,2,-118
1767174808.123238,-3,1,-123
1767174808.133238,-3,-2,-122
1767174808.143238,0,-2,-125
1767174808.153238,0,-4,-122
1767174808.163238,4,-3,-120
1767174808.173238,0,-1,-125
1767174808.1832385,4,-6,-129
1767174808.1932385,3,-8,-132
1767174808.2032382,4,-4,-131
1767174808.2132382,0,-5,-132
1767174808.2232382,0,-9,-133
1767174808.2332382,-2,-5,-135
1767174808.2432382,-3,-8,-131
1767174808.2532382,-4,-9,-128
1767174808.2632382,2,-10,-132
1767174808.2732382,3,-8,-129
1767174808.2832382,4,-6,-126
1767174808.2932382,0,0,-126
1767174808.3032382,6,0,-125
1767174808.313238,7,-5,-123
1767174808.323238,9,-6,-116
1767174808.333238,6,-7,-119
1767174808.343238,4,-7,-119
1767174808.353238,0,-3,-124
1767174808.363238,1,-1,-121
1767174808.373238,-1,0,-123
1767174808.383238,0,0,-120
1767174808.393238,0,0,-111
1767174808.403238,4,-2,-114
1767174808.413238,0,-2,-117
1767174808.423238,0,-1,-116
1767174808.4332385,0,-1,-121
1767174808.4432385,-3,-4,-118
1767174808.4532382,0,-5,-109
1767174808.4632382,3,-2,-111
1767174808.4732382,7,-4,-114
1767174808.4832382,5,-4,-117
1767174808.4932382,6,-5,-118
1767174808.5032382,1,-4,-121
1767174808.5132382,0,-3,-118
1767174808.5232382,0,-4,-118
1767174808.5332382,1,-5,-114
1767174808.5432382,2,-4,-111
1767174808.5532382,4,-2,-114
1767174808.563238,6,0,-116
1767174808.573238,2,-2,-115
1767174808.583238,-1,1,-113
1767174808.593238,0,-2,-112
1767174808.603238,0,0,-114
1767174808.613238,4,0,-114
1767174808.623238,1,2,-116
1767174808.633238,-2,2,-112
1767174808.643238,-2,4,-113
1767174808.653238,-2,2,-112
1767174808.663238,-2,3,-115
1767174808.673238,0,2,-121
1767174808.6832385,-4,2,-121
1767174808.6932385,-2,2,-117
1767174808.7032382,-2,0,-113
1767174808.7132382,-7,0,-114
1767174808.7232382,-3,2,-112
1767174808.7332382,0,1,-114
1767174808.7432382,1,0,-116
1767174808.7532382,0,0,-119
1767174808.7632382,1,0,-122
1767174808.7732382,1,-5,-123
1767174808.7832382,-2,-1,-129
1767174808.7932382,-1,2,-128
1767174808.8032382,-1,0,-115
1767174808.813238,-7,3,-118
1767174808.823238,-6,0,-123
1767174808.833238,-2,-1,-130
1767174808.843238,-1,-3,-132
1767174808.853238,-2,-2,-130
1767174808.863238,-6,-1,-129
1767174808.873238,-8,-1,-126
1767174808.883238,-6,1,-122
1767174808.893238,-3,5,-117
1767174808.903238,0,0,-115
1767174808.913238,-2,-2,-113
1767174808.923238,-3,-2,-115
1767174808.9332385,-4,-1,-113
1767174808.9432385,0,-2,-110
1767174808.9532382,0,-8,-115
1767174808.9632382,3,-5,-115
1767174808.9732382,2,-4,-113
1767174808.9832382,0,-6,-117
1767174808.9932382,-4,-5,-116
1767174809.0032382,-1,-4,-118
1767174809.0132382,-3,-1,-118
1767174809.0232382,-3,2,-117
1767174809.0332382,-3,6,-120
1767174809.0432382,-3,5,-120
1767174809.0652382,-7,3,-130
1767174809.073238,-6,0,-129
1767174809.083238,-1,-2,-124
1767174809.093238,1,-4,-119
1767174809.103238,0,-2,-115
1767174809.113238,0,-4,-116
1767174809.123238,3,0,-116
1767174809.133238,0,-4,-118
1767174809.143238,0,-5,-120
1767174809.153238,-2,-2,-116
1767174809.163238,-4,-3,-115
1767174809.173238,0,-1,-111
1767174809.1832385,-2,-5,-110
1767174809.1932385,-2,-5,-115
1767174809.2032382,-1,-4,-116
1767174809.2132382,0,-5,-121
1767174809.2232382,0,-5,-124
1767174809.2332382,-3,0,-129
1767174809.2432382,-7,-4,-124
1767174809.2532382,-4,-3,-121
1767174809.2632382,3,-3,-124
1767174809.2732382,5,-3,-125
1767174809.2832382,1,-4,-120
1767174809.2932382,-3,-3,-126
1767174809.3032382,-3,-3,-127
1767174809.313238,0,-2,-127
1767174809.323238,-8,1,-124
1767174809.333238,-9,3,-129
1767174809.343238,-6,3,-133
1767174809.353238,-6,2,-134
1767174809.363238,-7,1,-130
1767174809.373238,-5,5,-130
1767174809.383238,-6,2,-130
1767174809.393238,-9,4,-129
1767174809.403238,-8,6,-122
1767174809.413238,-6,2,-126
1767174809.423238,-9,1,-128
1767174809.4332385,-5,3,-132
1767174809.4432385,-1,0,-125
1767174809.4532382,-1,-1,-119
1767174809.4632382,2,-4,-118
1767174809.4732382,5,-6,-123
1767174809.4832382,0,-8,-118
1767174809.4932382,1,-10,-120
1767174809.5032382,8,-7,-121
1767174809.5132382,2,-7,-121
1767174809.5232382,-4,-6,-120
1767174809.5332382,-1,-5,-122
1767174809.5432382,-1,-4,-120
1767174809.5532382,-2,-2,-121
1767174809.563238,-2,-3,-127
1767174809.573238,-7,-5,-124
1767174809.583238,-2,-4,-125
1767174809.593238,-4,-7,-129
1767174809.603238,0,-4,-132
1767174809.613238,0,-2,-133
1767174809.623238,1,1,-131
1767174809.633238,3,0,-123
1767174809.643238,6,2,-122
1767174809.653238,6,0,-127
1767174809.663238,8,-4,-132
1767174809.673238,7,-4,-131
1767174809.6832385,5,-2,-129
1767174809.6932385,2,-4,-134
1767174809.7032382,2,-8,-128
1767174809.7132382,5,-6,-129
1767174809.7232382,7,-6,-128
1767174809.7332382,2,-4,-122
1767174809.7432382,4,-5,-120
1767174809.7532382,-1,-3,-117
1767174809.7632382,0,-2,-117
1767174809.7732382,0,-4,-115
1767174809.7832382,0,-4,-109
1767174809.7932382,2,-4,-112
1767174809.8032382,2,-2,-112
1767174809.813238,0,0,-115
1767174809.823238,0,0,-115
1767174809.833238,3,0,-116
1767174809.843238,3,0,-115
1767174809.853238,0,1,-121
1767174809.863238,0,5,-118
1767174809.873238,-3,6,-126
1767174809.883238,-1,6,-127
1767174809.893238,-3,6,-118
1767174809.903238,-4,2,-116
1767174809.913238,-1,0,-115
1767174809.923238,-2,0,-118
1767174809.9332385,-3,1,-120
1767174809.9432385,-2,3,-125
1767174809.9532382,-1,1,-120
1767174809.9632382,0,3,-118
1767174809.9732382,-3,6,-108
1767174809.9832382,-7,7,-107
1767174809.9932382,-4,6,-105
1767174810.0032382,0,7,-115
1767174810.0132382,-3,8,-119
1767174810.0232382,-2,4,-122
1767174810.0332382,-2,1,-122
1767174810.0432382,1,2,-126
1767174810.0532382,0,2,-126
1767174810.063238,2,3,-133
1767174810.073238,0,4,-130
1767174810.083238,0,2,-128
1767174810.093238,-5,0,-126
1767174810.103238,-6,-1,-124
1767174810.113238,-1,1,-125
1767174810.123238,0,5,-132
1767174810.133238,0,3,-128
1767174810.143238,2,4,-126
1767174810.153238,1,0,-123
1767174810.163238,-5,-1,-113
1767174810.173238,-2,-1,-110
1767174810.1832385,-3,-3,-116
1767174810.1932385,-2,0,-115
1767174810.2032382,0,0,-117
1767174810.2132382,4,0,-120
1767174810.2232382,5,2,-121
1767174810.2332382,3,4,-120
1767174810.2432382,2,3,-125
1767174810.2532382,-3,0,-125
1767174810.2632382,-5,2,-120
1767174810.2732382,-5,-1,-118
1767174810.2832382,-2,-3,-118
1767174810.294238,3,-5,-120
1767174810.304238,3,0,-119
1767174810.313238,0,0,-122
1767174810.324238,-3,-1,-118
1767174810.334238,-3,-3,-115
1767174810.344238,-2,-8,-119
1767174810.3542385,-3,-11,-128
1767174810.3642385,0,-10,-127
1767174810.3742385,2,-8,-121
1767174810.3842382,3,-9,-121
1767174810.3942382,-1,-7,-119
1767174810.4042382,-2,-5,-124
1767174810.4142382,-6,-3,-130
1767174810.4242382,-4,-2,-125
1767174810.4342382,-3,-4,-129
1767174810.4442382,-3,-3,-127
1767174810.4542382,-1,-2,-121
1767174810.4642382,-4,-1,-125
1767174810.4742382,0,3,-117
1767174810.484238,-1,4,-111
1767174810.494238,-1,-1,-112
1767174810.504238,1,-1,-113
1767174810.514238,6,-5,-123
1767174810.524238,5,-4,-127
1767174810.534238,5,-3,-128
1767174810.544238,5,-2,-127
1767174810.554238,4,1,-121
1767174810.564238,7,0,-120
1767174810.574238,1,0,-123
1767174810.584238,2,-3,-125
1767174810.594238,-4,-3,-121
1767174810.6042385,0,-6,-120
1767174810.6142385,0,-10,-118
1767174810.6242385,0,-6,-124
1767174810.6342382,4,-5,-118
1767174810.6442382,4,-5,-120
1767174810.6542382,4,-3,-123
1767174810.6642382,2,0,-122
1767174810.6742382,1,-3,-118
1767174810.6842382,-2,-8,-121
1767174810.6942382,-3,-7,-115
1767174810.7042382,0,-2,-112
1767174810.7142382,-2,-1,-103
1767174810.7242382,-6,0,-101
1767174810.734238,-5,3,-99
1767174810.744238,-8,0,-107
1767174810.754238,-5,5,-116
1767174810.764238,-2,3,-125
1767174810.774238,-2,2,-124
1767174810.784238,-1,3,-128
1767174810.794238,0,4,-124
1767174810.804238,0,1,-118
1767174810.814238,-1,0,-115
1767174810.824238,-3,0,-111
1767174810.834238,0,3,-115
1767174810.844238,1,6,-116
1767174810.8542385,0,3,-117
1767174810.8642385,-3,-2,-118
1767174810.8742385,-3,-1,-126
1767174810.8842382,3,0,-125
1767174810.8942382,3,-3,-128
1767174810.9042382,6,-5,-121
1767174810.9142382,4,-2,-123
1767174810.9242382,1,-1,-127
1767174810.9342382,0,-3,-125
1767174810.9442382,0,-4,-123
1767174810.9542382,0,-3,-121
1767174810.9642382,-1,-4,-117
1767174810.9742382,3,-5,-116
1767174810.984238,1,-6,-116
1767174810.994238,2,-9,-117
1767174811.004238,4,-10,-118
1767174811.014238,2,-7,-118
1767174811.024238,1,-4,-120
1767174811.034238,5,-5,-114
1767174811.044238,7,-7,-124
1767174811.054238,8,-7,-124
1767174811.064238,5,-5,-130
1767174811.074238,4,-4,-127
1767174811.084238,3,-6,-124
1767174811.094238,0,-8,-121
1767174811.1042385,1,-4,-123
1767174811.1142385,0,-9,-120
1767174811.1242385,2,-6,-114
1767174811.1342382,6,-2,-109
1767174811.1442382,4,-1,-114
1767174811.1542382,-1,-3,-112
1767174811.1642382,0,-4,-111
1767174811.1742382,0,-5,-110
1767174811.1842382,-3,-5,-112
1767174811.1942382,-2,-4,-111
1767174811.2042382,1,-5,-118
1767174811.2142382,-2,0,-122
1767174811.2242382,-4,-3,-122
1767174811.234238,-5,-2,-123
1767174811.244238,-7,-1,-120
1767174811.254238,-3,1,-121
1767174811.264238,-6,1,-122
1767174811.274238,-7,0,-123
1767174811.284238,-6,0,-120
1767174811.294238,-6,-2,-121
1767174811.304238,-2,0,-123
1767174811.314238,1,-1,-121
1767174811.324238,6,0,-115
1767174811.334238,5,1,-114
1767174811.344238,5,1,-115
1767174811.3542385,2,4,-116
1767174811.3642385,-4,0,-114
1767174811.3742385,-3,0,-118
1767174811.3842382,-5,1,-115
1767174811.3942382,-6,0,-116
1767174811.4042382,-6,-2,-111
1767174811.4142382,-1,-4,-114
1767174811.4242382,3,0,-123
1767174811.4342382,4,-1,-121
1767174811.4442382,4,-3,-120
1767174811.4542382,0,-6,-119
1767174811.4642382,-2,-5,-114
1767174811.4742382,-5,-7,-114
1767174811.484238,-3,-4,-115
1767174811.494238,-6,-3,-120
1767174811.504238,-2,-5,-120
1767174811.514238,-7,-4,-121
1767174811.524238,-4,-2,-118
1767174811.534238,-5,0,-120
1767174811.544238,-5,1,-116
1767174811.554238,-5,0,-117
1767174811.564238,0,0,-113
1767174811.574238,0,-1,-122
1767174811.584238,0,-2,-120
1767174811.594238,2,-8,-122
1767174811.6042385,1,-1,-121
1767174811.6142385,3,0,-121
1767174811.6242385,5,0,-118
1767174811.6342382,5,0,-119
1767174811.6442382,5,0,-130
1767174811.6542382,0,2,-137
1767174811.6642382,0,2,-132
1767174811.6742382,1,4,-124
1767174811.6842382,1,5,-117
1767174811.6942382,-1,5,-119
1767174811.7042382,-4,8,-119
1767174811.7142382,-9,6,-119
1767174811.7242382,-7,0,-120
1767174811.734238,-7,-1,-120
1767174811.744238,-11,-3,-121
1767174811.754238,-7,-1,-120
1767174811.764238,-8,-2,-123
1767174811.774238,-8,0,-128
1767174811.784238,-3,-4,-127
1767174811.794238,0,-5,-135
1767174811.804238,0,-4,-127
1767174811.814238,-1,-4,-129
1767174811.824238,-1,-6,-129
1767174811.834238,1,-10,-126
1767174811.844238,0,-12,-126
1767174811.8542385,3,-7,-124
1767174811.8642385,-2,-6,-125
1767174811.8742385,-8,-4,-124
1767174811.8842382,-3,-1,-126
1767174811.8942382,-3,0,-123
1767174811.9042382,-1,0,-121
1767174811.9142382,1,0,-116
1767174811.9242382,1,-3,-113
1767174811.9342382,0,-3,-114
1767174811.9442382,-3,-2,-117
1767174811.9542382,-4,-6,-115
1767174811.9642382,-2,-10,-120
1767174811.9742382,-1,-9,-125
1767174811.984238,0,-5,-126
1767174811.994238,1,-4,-123
1767174812.004238,0,-5,-121
1767174812.014238,1,-7,-115
1767174812.024238,-2,-6,-109
1767174812.034238,0,-4,-104
1767174812.044238,-4,-6,-107
1767174812.054238,0,-7,-104
1767174812.064238,1,-7,-114
1767174812.074238,-1,-8,-117
1767174812.084238,-5,-8,-120
1767174812.094238,-1,-11,-125
1767174812.1042385,-3,-11,-121
1767174812.1142385,-5,-9,-128
1767174812.1242385,-4,-7,-130
1767174812.1342382,-2,-5,-131
1767174812.1442382,3,-2,-128
1767174812.1542382,3,-2,-123
1767174812.1642382,1,0,-122
1767174812.1742382,0,-2,-118
1767174812.1842382,5,0,-121
1767174812.1942382,5,0,-129
1767174812.2042382,1,-1,-121
1767174812.2142382,2,0,-121
1767174812.2242382,2,1,-118
1767174812.234238,6,0,-110
1767174812.244238,2,-1,-112
1767174812.254238,-4,-4,-111
1767174812.264238,0,-4,-115
1767174812.274238,2,-2,-119
1767174812.284238,0,0,-118
1767174812.294238,2,2,-120
1767174812.304238,4,0,-119
1767174812.314238,0,0,-124
1767174812.324238,0,-4,-121
1767174812.334238,-2,-4,-118
1767174812.344238,2,-5,-118
1767174812.3542385,1,0,-118
1767174812.3642385,1,-3,-123
1767174812.3742385,4,-1,-120
1767174812.3842382,3,-2,-123
1767174812.3942382,2,-5,-122
1767174812.4042382,4,-9,-126
1767174812.4142382,7,-7,-121
1767174812.4242382,5,-6,-124
1767174812.4342382,7,-4,-123
1767174812.4442382,5,-2,-118
1767174812.4542382,2,0,-112
1767174812.4642382,4,0,-115
1767174812.4742382,1,-1,-117
1767174812.484238,7,-1,-113
1767174812.494238,2,1,-116
1767174812.504238,2,0,-117
1767174812.514238,2,0,-120
1767174812.524238,0,2,-121
1767174812.534238,2,2,-115
1767174812.544238,1,0,-118
1767174812.554238,2,-3,-120
1767174812.564238,4,-5,-123
1767174812.574238,1,-4,-119
1767174812.584238,-3,-4,-115
1767174812.594238,-3,-6,-111
1767174812.6042385,-5,-3,-116
1767174812.6142385,0,-1,-121
1767174812.6242385,0,-3,-129
1767174812.6342382,-2,-3,-134
1767174812.6442382,0,0,-136
1767174812.6542382,-3,-3,-132
1767174812.6642382,0,-3,-130
1767174812.6742382,1,-3,-123
1767174812.6842382,1,-4,-126
1767174812.6942382,9,-4,-123
1767174812.7042382,6,-8,-123
1767174812.7142382,8,-10,-124
1767174812.7242382,3,-5,-125
1767174812.734238,4,-8,-125
1767174812.744238,-1,-4,-129
1767174812.754238,0,-6,-130
1767174812.764238,0,-5,-130
1767174812.774238,-3,-3,-125
1767174812.784238,-4,-2,-119
1767174812.794238,-6,-1,-118
1767174812.804238,-3,-3,-113
1767174812.814238,-5,-5,-112
1767174812.824238,-4,0,-114
1767174812.834238,0,-3,-120
1767174812.844238,0,-5,-120
1767174812.8542385,0,-2,-117
1767174812.8642385,-1,-2,-117
1767174812.8742385,1,-2,-117
1767174812.8842382,3,-2,-113
1767174812.8942382,1,0,-116
1767174812.9042382,4,0,-122
1767174812.9142382,6,3,-122
1767174812.9242382,3,6,-117
1767174812.9342382,0,6,-118
1767174812.9442382,-3,1,-117
1767174812.9542382,-4,-2,-123
1767174812.9642382,-6,1,-121
1767174812.975238,-3,0,-123
1767174812.985238,-2,-3,-118
1767174812.994238,1,-4,-126
1767174813.005238,4,-6,-131
1767174813.014238,0,-3,-130
1767174813.025238,-3,-8,-128
1767174813.0352385,-4,-7,-131
1767174813.0452385,-2,-9,-129
1767174813.0552382,-2,-3,-122
1767174813.0652382,-1,-2,-121
1767174813.0752382,-3,0,-116
1767174813.0852382,2,-1,-113
1767174813.0952382,0,1,-112
1767174813.1052382,1,-1,-114
1767174813.1152382,-3,-4,-116
1767174813.1252382,-5,-9,-115
1767174813.1352382,-1,-5,-122
1767174813.1452382,-2,-1,-129
1767174813.1552382,0,-2,-125
1767174813.165238,2,-2,-116
1767174813.175238,0,0,-115
1767174813.185238,3,2,-114
1767174813.195238,3,1,-121
1767174813.205238,4,1,-120
1767174813.215238,5,1,-121
1767174813.225238,9,3,-124
1767174813.235238,13,7,-124
1767174813.245238,7,5,-127
1767174813.255238,4,3,-122
1767174813.265238,5,0,-122
1767174813.275238,6,2,-121
1767174813.2852385,5,0,-122
1767174813.2952385,3,-1,-120
1767174813.3052382,4,-1,-119
1767174813.3152382,3,-1,-111
1767174813.3252382,2,-5,-112
1767174813.3352382,5,-5,-114
1767174813.3452382,3,-4,-116
1767174813.3552382,3,-2,-117
1767174813.3652382,0,-2,-122
1767174813.3752382,1,-1,-120
1767174813.3852382,3,3,-115
1767174813.3952382,0,0,-115
1767174813.4052382,2,-1,-116
1767174813.415238,0,-3,-119
1767174813.425238,0,-2,-125
1767174813.435238,-1,-6,-124
1767174813.445238,0,-6,-121
1767174813.455238,1,-7,-127
1767174813.465238,1,-7,-128
1767174813.475238,-2,-1,-125
1767174813.485238,-2,0,-119
1767174813.495238,-3,0,-115
1767174813.505238,-3,0,-106
1767174813.515238,1,-2,-104
1767174813.525238,1,-3,-106
1767174813.5352385,0,-3,-111
1767174813.5452385,0,0,-118
1767174813.5552382,0,0,-126
1767174813.5652382,1,0,-129
1767174813.5752382,3,0,-122
1767174813.5852382,6,-6,-121
1767174813.5952382,6,-3,-121
1767174813.6052382,4,0,-122
1767174813.6152382,4,1,-120
1767174813.6252382,4,3,-122
1767174813.6352382,5,0,-116
1767174813.6452382,7,0,-113
1767174813.6552382,6,-4,-115
1767174813.665238,2,-5,-115
1767174813.675238,1,-7,-110
1767174813.685238,6,-3,-114
1767174813.695238,4,0,-116
1767174813.705238,3,3,-124
1767174813.715238,4,2,-125
1767174813.725238,1,0,-128
1767174813.735238,0,-4,-126
1767174813.745238,4,-2,-128
1767174813.755238,0,0,-126
1767174813.765238,2,0,-127
1767174813.775238,4,-1,-129
1767174813.7852385,2,-2,-127
1767174813.7952385,0,0,-130
1767174813.8052382,2,0,-126
1767174813.8152382,-1,0,-121
1767174813.8252382,0,2,-123
1767174813.8352382,-1,2,-119
1767174813.8452382,0,-1,-117
1767174813.8552382,2,0,-118
1767174813.8652382,0,-2,-121
1767174813.8752382,0,-2,-126
1767174813.8852382,0,-4,-131
1767174813.8952382,0,-2,-129
1767174813.9052382,2,-2,-125
1767174813.915238,3,-1,-128
1767174813.925238,7,-3,-126
1767174813.935238,0,-8,-126
1767174813.945238,-2,-5,-128
1767174813.955238,-9,-3,-128
1767174813.965238,-7,-1,-128
1767174813.975238,-1,0,-123
1767174813.985238,-1,1,-128
1767174813.995238,0,-2,-126
1767174814.005238,-1,-4,-125
1767174814.015238,-2,-4,-126
1767174814.025238,-6,-10,-125
1767174814.0352385,-10,-10,-126
1767174814.0452385,-7,-12,-118
1767174814.0552382,-3,-7,-116
1767174814.077238,-2,-7,-120
1767174814.0852382,-6,-5,-121
1767174814.0952382,-9,-3,-123
1767174814.1052382,-10,-2,-129
1767174814.1152382,-9,2,-124
1767174814.1252382,-4,2,-125
1767174814.1352382,-7,0,-129
1767174814.1452382,-6,-2,-127
1767174814.1552382,-4,-3,-133
1767174814.165238,-5,0,-122
1767174814.175238,1,2,-118
1767174814.185238,0,5,-120
1767174814.195238,0,0,-117
1767174814.205238,0,-1,-121
1767174814.215238,2,0,-124
1767174814.225238,1,0,-124
1767174814.235238,4,0,-123
1767174814.245238,6,1,-129
1767174814.255238,3,3,-122
1767174814.265238,1,2,-117
1767174814.275238,0,0,-127
1767174814.2852385,-3,0,-129
1767174814.2952385,-2,2,-123
1767174814.3052382,-2,0,-127
1767174814.3152382,4,1,-123
1767174814.3252382,5,0,-122
1767174814.3352382,2,1,-121
1767174814.3452382,5,3,-118
1767174814.3552382,0,0,-123
1767174814.3652382,0,1,-125
1767174814.3752382,0,1,-126
1767174814.3852382,3,0,-122
1767174814.3952382,8,2,-126
1767174814.4052382,9,1,-128
1767174814.415238,9,2,-136
1767174814.425238,9,3,-140
1767174814.435238,6,3,-138
1767174814.445238,6,2,-133
1767174814.455238,8,0,-130
1767174814.465238,7,-3,-131
1767174814.475238,1,-8,-135
1767174814.485238,-1,-10,-131
1767174814.495238,-3,-8,-127
1767174814.505238,-6,-4,-117
1767174814.515238,-6,-3,-114
1767174814.525238,-6,-1,-110
1767174814.5352385,0,2,-117
1767174814.5452385,-3,-1,-119
1767174814.5552382,-4,-2,-119
1767174814.5652382,-1,-4,-117
1767174814.5752382,1,-5,-118
1767174814.5852382,-2,-9,-119
1767174814.5952382,-4,-9,-124
1767174814.6052382,-5,-8,-117
1767174814.6152382,-4,-8,-118
1767174814.6252382,-3,-5,-118
1767174814.6352382,-7,-6,-119
1767174814.6452382,-4,-5,-117
1767174814.6552382,-1,-3,-120
1767174814.665238,1,-4,-125
1767174814.675238,0,-1,-128
1767174814.685238,0,-3,-131
1767174814.695238,1,-6,-124
1767174814.705238,-1,-4,-121
1767174814.715238,-2,-2,-116
1767174814.725238,-4,-6,-121
1767174814.735238,-4,-3,-123
1767174814.745238,-4,1,-122
1767174814.755238,-2,0,-123
1767174814.765238,-3,-4,-118
1767174814.775238,-3,-6,-123
1767174814.7852385,1,-8,-126
1767174814.7952385,-1,-7,-125
1767174814.8052382,1,-3,-123
1767174814.8152382,2,-3,-127
1767174814.8252382,4,-1,-131
1767174814.8352382,8,-1,-130
1767174814.8452382,1,0,-128
1767174814.8552382,3,-7,-118
1767174814.8652382,3,-7,-120
1767174814.8752382,3,-8,-127
1767174814.8852382,3,-8,-131
1767174814.8952382,0,-8,-131
1767174814.9052382,0,-9,-121
1767174814.915238,-5,-4,-119
1767174814.925238,-4,-3,-118
1767174814.935238,0,-3,-119
1767174814.945238,1,-4,-122
1767174814.955238,1,-6,-116
1767174814.965238,0,-6,-117
1767174814.975238,0,-6,-121
1767174814.985238,3,-1,-125
1767174814.995238,0,-2,-125
1767174815.005238,4,1,-121
1767174815.015238,4,1,-119
1767174815.025238,2,0,-120
1767174815.0352385,5,1,-123
1767174815.0452385,7,1,-122
1767174815.0552382,7,0,-121
1767174815.0652382,6,-3,-121
1767174815.0752382,9,-5,-117
1767174815.0852382,6,-3,-125
1767174815.0952382,4,0,-124
1767174815.1052382,2,-4,-126
1767174815.1152382,3,-6,-128
1767174815.1252382,0,-6,-127
1767174815.1352382,5,-3,-127
1767174815.1452382,5,3,-127
1767174815.1552382,3,3,-127
1767174815.165238,5,4,-124
1767174815.175238,3,2,-127
1767174815.185238,0,1,-130
1767174815.195238,0,0,-127
1767174815.205238,0,-1,-128
1767174815.215238,-2,-3,-121
1767174815.225238,-6,-1,-118
1767174815.235238,-6,-3,-118
1767174815.245238,0,0,-120
1767174815.255238,0,1,-126
1767174815.265238,2,3,-127
1767174815.275238,4,0,-120
1767174815.2852385,9,-2,-118
1767174815.2952385,10,-4,-121
1767174815.3052382,7,-3,-122
1767174815.3152382,6,-5,-120
1767174815.3252382,4,-6,-123
1767174815.3352382,6,-7,-117
1767174815.3452382,2,-6,-123
1767174815.3552382,2,-1,-123
1767174815.3652382,0,1,-117
1767174815.3752382,2,3,-117
1767174815.3852382,2,-2,-122
1767174815.3952382,6,-2,-118
1767174815.4052382,4,0,-118
1767174815.415238,3,1,-120
1767174815.425238,4,0,-123
1767174815.435238,4,2,-120
1767174815.445238,4,-1,-120
1767174815.455238,6,-2,-120
1767174815.465238,1,-7,-119
1767174815.475238,0,-8,-115
1767174815.485238,-1,-5,-116
1767174815.495238,-2,-3,-117
1767174815.505238,-1,-1,-116
1767174815.515238,0,0,-122
1767174815.525238,2,0,-126
1767174815.5352385,5,0,-126
1767174815.5452385,7,-3,-120
1767174815.5552382,5,-7,-121
1767174815.5652382,4,-8,-120
1767174815.5752382,5,-10,-122
1767174815.5852382,4,-4,-121
1767174815.5952382,5,0,-120
1767174815.606238,5,-2,-122
1767174815.6152382,5,-2,-118
1767174815.626238,1,-2,-116
1767174815.6352382,1,-2,-120
1767174815.646238,0,-3,-129
1767174815.656238,0,2,-128
1767174815.666238,1,0,-126
1767174815.676238,1,2,-126
1767174815.686238,2,-1,-128
1767174815.696238,5,-1,-129
1767174815.7062385,3,0,-132
1767174815.7162385,2,-3,-126
1767174815.7262385,3,-3,-124
1767174815.7362382,6,-7,-119
1767174815.7462382,1,-6,-122
1767174815.7562382,-1,-2,-121
1767174815.7662382,0,2,-124
1767174815.7762382,-4,1,-126
1767174815.7862382,-7,1,-130
1767174815.7962382,-6,2,-124
1767174815.8062382,-3,3,-125
1767174815.8162382,-3,0,-123
1767174815.8262382,-2,-1,-128
1767174815.836238,-4,-4,-126
1767174815.846238,-3,-1,-128
1767174815.856238,-5,-4,-130
1767174815.866238,-4,-4,-123
1767174815.876238,-1,-4,-121
1767174815.886238,0,-1,-124
1767174815.896238,3,0,-118
1767174815.906238,1,0,-117
1767174815.916238,3,0,-112
1767174815.926238,2,1,-111
1767174815.936238,1,4,-111
1767174815.946238,2,5,-113
1767174815.9562385,3,3,-121
1767174815.9662385,4,1,-125
1767174815.9762385,1,1,-128
1767174815.9862382,4,0,-128
1767174815.9962382,6,1,-124
1767174816.0062382,0,1,-124
1767174816.0162382,-1,1,-124
1767174816.0262382,-2,0,-127
1767174816.0362382,0,2,-135
1767174816.0462382,1,0,-130
1767174816.0562382,3,0,-129
1767174816.0662382,1,0,-126
1767174816.0762382,1,0,-127
1767174816.086238,-1,-2,-123
1767174816.096238,-4,-3,-122
1767174816.106238,-4,-4,-115
1767174816.116238,-1,1,-113
1767174816.126238,-3,2,-113
1767174816.136238,-3,0,-116
1767174816.146238,-5,0,-121
1767174816.156238,-3,-2,-110
1767174816.166238,-3,-1,-111
1767174816.176238,-4,-4,-114
1767174816.186238,-4,-1,-120
1767174816.1972382,-1,0,-121
1767174816.2062385,-1,-2,-124
1767174816.2162385,-1,-4,-121
1767174816.2262385,0,-6,-113
1767174816.2362382,-6,-4,-110
1767174816.2462382,-5,-4,-118
1767174816.2562382,-7,-1,-120
1767174816.2662382,-1,-3,-114
1767174816.2762382,2,0,-112
1767174816.2862382,1,-3,-117
1767174816.2962382,-2,-3,-121
1767174816.3062382,1,-3,-125
1767174816.3162382,0,0,-125
1767174816.3262382,0,1,-123
1767174816.336238,-4,4,-123
1767174816.346238,-4,4,-127
1767174816.356238,-7,-1,-123
1767174816.366238,-3,-3,-127
1767174816.376238,-2,-2,-128
1767174816.386238,-3,0,-122
1767174816.396238,0,-2,-121
1767174816.406238,0,-5,-122
1767174816.416238,-2,-7,-119
1767174816.426238,0,-10,-116
1767174816.436238,-1,-11,-118
1767174816.446238,-2,-3,-115
1767174816.4562385,-4,0,-107
1767174816.4662385,-5,4,-104
1767174816.4762385,0,3,-106
1767174816.4862382,0,0,-107
1767174816.4962382,-3,0,-105
1767174816.5062382,-6,0,-107
1767174816.5162382,-1,5,-112
1767174816.5262382,-2,7,-116
1767174816.5362382,-1,8,-120
1767174816.5462382,-3,1,-124
1767174816.5562382,0,0,-119
1767174816.5662382,-1,-2,-119
1767174816.5762382,1,0,-118
1767174816.586238,0,-2,-119
1767174816.596238,0,2,-124
1767174816.606238,3,-1,-124
1767174816.616238,4,-1,-122
1767174816.626238,3,1,-114
1767174816.636238,5,2,-106
1767174816.646238,4,-2,-114
1767174816.656238,3,-5,-118
1767174816.666238,3,-5,-125
1767174816.676238,2,-1,-122
1767174816.686238,0,0,-122
1767174816.696238,2,-3,-116
1767174816.7062385,0,-4,-118
1767174816.7162385,0,-4,-113
1767174816.7262385,0,-5,-120
1767174816.7362382,-1,-2,-126
1767174816.7462382,-4,-3,-115
1767174816.7562382,-8,-2,-112
1767174816.7662382,-8,-2,-115
1767174816.7762382,-9,-2,-126
1767174816.7862382,-8,-4,-119
1767174816.7962382,-9,-2,-122
1767174816.8062382,-7,0,-116
1767174816.8162382,-8,2,-114
1767174816.8262382,-2,5,-116
1767174816.836238,-2,3,-120
1767174816.846238,1,4,-126
1767174816.856238,2,1,-127
1767174816.866238,2,-1,-126
1767174816.876238,0,-3,-118
1767174816.886238,-1,-8,-116
1767174816.896238,1,-7,-115
1767174816.906238,-1,-10,-118
1767174816.916238,0,-13,-117
1767174816.926238,0,-7,-126
1767174816.936238,6,-2,-131
1767174816.946238,7,-5,-126
1767174816.9562385,5,-5,-126
1767174816.9662385,6,-4,-134
1767174816.9762385,4,0,-130
1767174816.9862382,0,0,-131
1767174816.9962382,0,1,-123
1767174817.0062382,0,2,-122
1767174817.0162382,-6,1,-124
1767174817.0262382,-6,1,-122
1767174817.0362382,-6,1,-122
1767174817.0462382,-4,1,-116
1767174817.0562382,0,-1,-121
1767174817.0662382,4,-1,-122
1767174817.0762382,7,0,-116
1767174817.086238,6,-1,-111
1767174817.096238,7,0,-119
1767174817.106238,4,-2,-117
1767174817.116238,5,0,-115
1767174817.126238,2,0,-120
1767174817.136238,4,0,-127
1767174817.146238,4,0,-124
1767174817.156238,3,0,-124
1767174817.166238,1,-2,-124
1767174817.176238,2,0,-131
1767174817.186238,0,-3,-132
1767174817.196238,-3,-2,-131
1767174817.2062385,4,-4,-130
1767174817.2162385,6,-7,-127
1767174817.2262385,1,-3,-127
1767174817.2362382,1,-5,-124
1767174817.2462382,3,-3,-125
1767174817.2562382,2,-2,-125
1767174817.2662382,4,-4,-127
1767174817.2762382,3,-3,-121
1767174817.2862382,8,-1,-119
1767174817.2962382,6,0,-118
1767174817.3062382,8,0,-120
1767174817.3162382,7,1,-129
1767174817.3262382,9,1,-128
1767174817.336238,5,2,-124
1767174817.346238,9,-1,-117
1767174817.356238,8,-1,-121
1767174817.366238,4,-2,-118
1767174817.376238,6,3,-125
1767174817.386238,5,8,-124
1767174817.396238,3,9,-121
1767174817.406238,5,5,-129
1767174817.416238,5,4,-129
1767174817.426238,4,3,-125
1767174817.436238,3,8,-119
1767174817.446238,0,8,-123
1767174817.4562385,0,6,-120
1767174817.4662385,4,1,-115
1767174817.4762385,1,-1,-120
1767174817.4862382,1,3,-122
1767174817.4962382,0,2,-125
1767174817.5062382,-9,0,-130
1767174817.5162382,-8,-4,-139
1767174817.5262382,-5,-5,-135
1767174817.5362382,-4,-6,-129
1767174817.5462382,0,-4,-124
1767174817.5562382,1,-7,-121
1767174817.5662382,-1,-5,-129
1767174817.5762382,0,-5,-125
1767174817.586238,-4,0,-126
1767174817.596238,-4,4,-120
1767174817.606238,-4,7,-129
1767174817.616238,-3,6,-129
1767174817.626238,-4,4,-127
1767174817.636238,-1,4,-127
1767174817.646238,-6,3,-124
1767174817.656238,-4,2,-119
1767174817.666238,-1,6,-114
1767174817.676238,0,7,-112
1767174817.686238,-1,0,-110
1767174817.696238,-6,0,-114
1767174817.7062385,-4,1,-107
1767174817.7162385,-2,0,-116
1767174817.7262385,-2,-1,-117
1767174817.7362382,-5,-5,-120
1767174817.7462382,-4,-4,-122
1767174817.7562382,-3,-3,-120
1767174817.7662382,0,-4,-127
1767174817.7762382,3,0,-131
1767174817.7862382,2,1,-122
1767174817.7962382,5,-3,-122
1767174817.8062382,6,-1,-116
1767174817.8162382,3,0,-121
1767174817.8262382,3,0,-127
1767174817.836238,2,-6,-121
1767174817.846238,4,-6,-126
1767174817.856238,0,-5,-124
1767174817.866238,-1,-5,-120
1767174817.876238,0,-3,-116
1767174817.886238,1,-3,-119
1767174817.896238,-4,-2,-119
1767174817.906238,-3,-2,-118
1767174817.916238,0,0,-125
1767174817.926238,5,2,-122
1767174817.936238,6,0,-122
1767174817.946238,-1,1,-119
1767174817.9562385,-4,-1,-126
1767174817.9662385,0,-2,-127
1767174817.9762385,3,-3,-125
1767174817.9862382,3,-6,-118
1767174817.9962382,3,-4,-118
1767174818.0062382,5,-4,-121
1767174818.0162382,4,-3,-121
1767174818.0262382,5,-5,-126
1767174818.0362382,5,-1,-129
1767174818.0462382,3,0,-122
1767174818.0562382,1,1,-123
1767174818.0662382,0,2,-126
1767174818.0762382,1,-4,-127
1767174818.086238,-1,-1,-128
1767174818.096238,-2,-4,-125
1767174818.106238,0,-3,-126
1767174818.116238,0,0,-130
1767174818.126238,0,0,-129
1767174818.136238,4,-2,-127
1767174818.146238,-2,-8,-127
1767174818.156238,0,-5,-128
1767174818.166238,-2,-2,-122
1767174818.176238,-10,-2,-125
1767174818.186238,-9,-2,-125
1767174818.196238,-5,3,-115
1767174818.2062385,-3,5,-114
1767174818.2162385,-1,4,-117
1767174818.2262385,4,2,-123
1767174818.2362382,0,6,-124
1767174818.2462382,-1,3,-126
1767174818.257238,-2,0,-124
1767174818.2662382,1,1,-123
1767174818.2762382,-3,-1,-122
1767174818.287238,0,-2,-116
1767174818.2962382,-3,-2,-116
1767174818.3062382,-3,-1,-112
1767174818.317238,-1,-4,-114
1767174818.327238,-1,-4,-120
1767174818.337238,0,-4,-119
1767174818.347238,0,-4,-124
1767174818.357238,3,-4,-123
1767174818.367238,1,0,-126
1767174818.377238,-1,0,-129
1767174818.3872385,1,-1,-131
1767174818.3972385,0,-1,-131
1767174818.4072382,-2,0,-122
1767174818.4172382,0,1,-117
1767174818.4272382,0,2,-118
1767174818.4372382,0,0,-121
1767174818.4472382,0,-1,-120
1767174818.4572382,0,-1,-124
1767174818.4672382,-3,0,-123
1767174818.4772382,-3,-1,-130
1767174818.4872382,3,5,-131
1767174818.4972382,3,5,-130
1767174818.507238,1,6,-137
1767174818.517238,-3,5,-135
1767174818.527238,-2,4,-132
1767174818.537238,0,5,-130
1767174818.547238,0,3,-131
1767174818.557238,0,-2,-128
1767174818.567238,2,-3,-127
1767174818.577238,2,-5,-125
1767174818.587238,-1,-4,-121
1767174818.597238,3,-1,-121
1767174818.607238,4,0,-123
1767174818.617238,4,0,-119
1767174818.627238,4,-2,-117
1767174818.6372385,3,-4,-111
1767174818.6472385,-2,-4,-111
1767174818.6572382,-5,-5,-113
1767174818.6672382,0,-5,-117
1767174818.6772382,-3,0,-122
1767174818.6872382,-3,0,-117
1767174818.6972382,0,1,-122
1767174818.7072382,2,-1,-114
1767174818.7172382,1,-1,-114
1767174818.7272382,2,-2,-114
1767174818.7372382,0,-5,-107
1767174818.7472382,0,0,-112
1767174818.757238,5,0,-116
1767174818.767238,8,-2,-117
1767174818.777238,6,-5,-121
1767174818.787238,4,-1,-125
1767174818.797238,5,-3,-124
1767174818.807238,7,-3,-127
1767174818.817238,6,-1,-128
1767174818.827238,4,-2,-129
1767174818.837238,4,-4,-127
1767174818.847238,1,0,-124
1767174818.857238,0,0,-124
1767174818.867238,1,-3,-119
1767174818.877238,-2,-1,-116
1767174818.8872385,0,2,-124
1767174818.8972385,-1,2,-126
1767174818.9072382,-4,0,-131
1767174818.9172382,-4,-2,-136
1767174818.9272382,-3,-1,-139
1767174818.9372382,2,-3,-137
1767174818.9472382,4,-1,-131
1767174818.9572382,3,-3,-126
1767174818.9672382,2,-1,-126
1767174818.9772382,2,-1,-131
1767174818.9872382,0,-2,-133
1767174818.9972382,0,-3,-133
1767174819.007238,-1,0,-136
1767174819.017238,0,0,-126
1767174819.027238,0,-1,-120
1767174819.037238,1,0,-120
1767174819.047238,3,1,-124
1767174819.057238,0,2,-128
1767174819.067238,1,2,-126
1767174819.0892382,-3,2,-118
1767174819.097238,-4,1,-117
1767174819.107238,-5,0,-117
1767174819.117238,-7,0,-123
1767174819.127238,-8,-2,-126
1767174819.1372385,-5,-1,-124
1767174819.1472385,-4,1,-122
1767174819.1572382,-3,2,-116
1767174819.1672382,-1,2,-117
1767174819.1772382,0,-1,-120
1767174819.1872382,-4,0,-123
1767174819.1972382,-3,-2,-112
1767174819.2072382,-6,-2,-112
1767174819.2172382,-5,2,-114
1767174819.2272382,-1,1,-120
1767174819.2372382,-1,2,-119
1767174819.2472382,2,-2,-117
1767174819.257238,8,-2,-115
1767174819.267238,6,-4,-118
1767174819.277238,7,-1,-115
1767174819.287238,2,0,-115
1767174819.297238,3,-1,-114
1767174819.307238,0,1,-113
1767174819.317238,1,0,-117
1767174819.327238,4,-2,-111
1767174819.337238,6,-4,-109
1767174819.347238,0,-4,-117
1767174819.357238,-2,-4,-115
1767174819.367238,-1,-4,-116
1767174819.377238,0,0,-116
1767174819.3872385,0,-1,-116
1767174819.3972385,3,-2,-117
1767174819.4072382,4,0,-121
1767174819.4172382,6,-2,-118
1767174819.4272382,8,-1,-122
1767174819.4372382,5,-1,-125
1767174819.4472382,4,0,-122
1767174819.4572382,6,1,-123
1767174819.4672382,2,5,-120
1767174819.4772382,-1,2,-122
1767174819.4872382,0,3,-121
1767174819.4972382,3,4,-123
1767174819.507238,-1,3,-132
1767174819.517238,1,3,-130
1767174819.527238,-1,3,-120
1767174819.537238,-5,6,-111
1767174819.547238,-2,0,-113
1767174819.557238,0,5,-117
1767174819.567238,-1,4,-117
1767174819.577238,-3,2,-115
1767174819.587238,-4,-2,-120
1767174819.597238,-2,0,-115
1767174819.607238,0,2,-111
1767174819.617238,1,1,-115
1767174819.627238,2,1,-113
1767174819.6372385,-1,2,-111
1767174819.6472385,2,2,-118
1767174819.6572382,5,1,-118
1767174819.6672382,4,0,-112
1767174819.6772382,4,0,-116
1767174819.6872382,5,7,-120
1767174819.6972382,6,7,-122
1767174819.7072382,3,3,-120
1767174819.7172382,3,0,-122
1767174819.7272382,1,-3,-123
1767174819.7372382,0,-1,-124
1767174819.7472382,-2,-5,-127
1767174819.757238,-2,-4,-127
1767174819.767238,-1,-4,-128
1767174819.777238,-5,-2,-123
1767174819.787238,1,-3,-125
1767174819.797238,0,-2,-119
1767174819.807238,-6,0,-116
1767174819.817238,-3,-2,-116
1767174819.827238,-4,-2,-118
1767174819.837238,-4,1,-119
1767174819.847238,-1,4,-118
1767174819.857238,3,2,-122
1767174819.867238,0,2,-124
1767174819.877238,1,4,-123
1767174819.8872385,1,0,-124
1767174819.8972385,0,-2,-127
1767174819.9072382,4,-5,-119
1767174819.9172382,0,-5,-119
1767174819.9272382,-1,-7,-120
1767174819.9372382,0,-4,-127
1767174819.9472382,0,-3,-125
1767174819.9572382,-5,-2,-129
1767174819.9672382,-2,-1,-127
1767174819.9772382,1,1,-128
1767174819.9872382,1,0,-126
1767174819.9972382,3,3,-124
1767174820.007238,1,5,-124
1767174820.017238,1,7,-131
1767174820.027238,0,2,-137
1767174820.037238,-6,1,-134
1767174820.047238,-8,-1,-133
1767174820.057238,-1,-1,-129
1767174820.067238,1,2,-127
1767174820.077238,0,1,-127
1767174820.087238,1,1,-129
1767174820.097238,0,0,-127
1767174820.107238,-2,0,-121
1767174820.117238,-2,-1,-116
1767174820.127238,-4,-7,-117
1767174820.1372385,-6,-6,-118
1767174820.1472385,-4,-4,-124
1767174820.1572382,-3,-7,-130
1767174820.1672382,0,-4,-122
1767174820.1772382,3,-1,-117
1767174820.1872382,-1,-2,-119
1767174820.1972382,-1,-2,-122
1767174820.2072382,-2,-2,-128
1767174820.2172382,-3,-2,-130
1767174820.2272382,-2,0,-126
1767174820.2372382,-2,0,-127
1767174820.2472382,-2,-6,-121
1767174820.257238,-1,-11,-126
1767174820.267238,-2,-3,-125
1767174820.277238,-5,0,-126
1767174820.287238,-3,-4,-119
1767174820.297238,-3,-5,-116
1767174820.307238,-1,-3,-116
1767174820.317238,1,-5,-116
1767174820.327238,1,-9,-112
1767174820.337238,2,-5,-116
1767174820.347238,2,-2,-119
1767174820.357238,0,-5,-117
1767174820.367238,1,-2,-116
1767174820.377238,3,-2,-125
1767174820.3872385,5,-2,-120
1767174820.3972385,2,0,-117
1767174820.4072382,3,0,-116
1767174820.4172382,7,-2,-115
1767174820.4272382,7,-1,-119
1767174820.4372382,5,-1,-117
1767174820.4472382,2,-1,-121
1767174820.4572382,2,-1,-119
1767174820.4672382,-1,-2,-119
1767174820.4772382,-4,0,-122
1767174820.4872382,-2,2,-123
1767174820.4972382,-1,6,-128
1767174820.507238,-2,9,-124
1767174820.517238,-4,6,-125
1767174820.527238,-2,6,-126
1767174820.537238,3,0,-129
1767174820.547238,6,0,-123
1767174820.557238,7,2,-129
1767174820.567238,3,6,-132
1767174820.577238,0,8,-134
1767174820.587238,1,9,-134
1767174820.597238,0,9,-134
1767174820.607238,4,7,-130
1767174820.617238,10,8,-127
1767174820.627238,6,6,-124
1767174820.6372385,4,7,-126
1767174820.6472385,0,8,-125
1767174820.6572382,-3,5,-125
1767174820.6672382,-1,6,-126
1767174820.6772382,1,3,-127
1767174820.6872382,0,0,-125
1767174820.6972382,0,2,-125
1767174820.7072382,0,0,-127
1767174820.7172382,5,3,-132
1767174820.7272382,2,1,-125
1767174820.7372382,0,5,-126
1767174820.7472382,5,3,-128
1767174820.757238,7,0,-122
1767174820.767238,7,-2,-120
1767174820.777238,0,-2,-125
1767174820.787238,-1,1,-123
1767174820.797238,-1,0,-117
1767174820.807238,0,-1,-115
1767174820.817238,0,-2,-111
1767174820.827238,0,-3,-107
1767174820.837238,0,-3,-100
1767174820.847238,0,-3,-111
1767174820.857238,1,0,-112
1767174820.867238,-2,-4,-114
1767174820.877238,1,-4,-112
1767174820.8872385,0,-2,-114
1767174820.8972385,1,-2,-115
1767174820.9072382,5,-2,-118
1767174820.9172382,5,-2,-123
1767174820.9272382,2,-4,-128
1767174820.9372382,4,-5,-132
1767174820.948238,4,-6,-132
1767174820.958238,2,-1,-133
1767174820.9672382,0,-2,-126
1767174820.978238,0,2,-127
1767174820.988238,-1,2,-130
1767174820.998238,-5,2,-127
1767174821.008238,-3,0,-132
1767174821.018238,-3,0,-125
1767174821.028238,-2,1,-126
1767174821.038238,2,0,-119
1767174821.048238,3,0,-114
1767174821.0582385,-1,0,-121
1767174821.0682385,-3,0,-122
1767174821.0782382,-4,0,-119
1767174821.0882382,-6,0,-116
1767174821.0982382,-8,1,-115
1767174821.1082382,-8,-3,-112
1767174821.1182382,-3,-5,-118
1767174821.1282382,2,-7,-126
1767174821.1382382,1,-7,-126
1767174821.1482382,-1,-10,-131
1767174821.1582382,-4,-4,-134
1767174821.1682382,0,-2,-132
1767174821.1782382,0,0,-129
1767174821.188238,-1,-1,-126
1767174821.198238,-2,-2,-126
1767174821.208238,-2,-4,-124
1767174821.218238,-3,-5,-121
1767174821.228238,-3,-5,-119
1767174821.238238,-3,-3,-125
1767174821.248238,-3,-2,-126
1767174821.258238,-3,-2,-124
1767174821.268238,3,-10,-126
1767174821.278238,0,-10,-123
1767174821.288238,0,-5,-123
1767174821.298238,-1,-3,-128
1767174821.3082385,-4,-5,-127
1767174821.3182385,-3,-8,-126
1767174821.3282382,-5,-9,-122
1767174821.3382382,-3,-8,-122
1767174821.3482382,-2,-8,-119
1767174821.3582382,-3,-9,-121
1767174821.3682382,-1,-8,-118
1767174821.3782382,4,-7,-119
1767174821.3882382,3,-7,-116
1767174821.3982382,0,-3,-121
1767174821.4082382,-1,-2,-116
1767174821.4182382,1,0,-117
1767174821.4282382,0,2,-117
1767174821.438238,1,2,-119
1767174821.448238,0,2,-130
1767174821.458238,-2,1,-127
1767174821.468238,-4,4,-125
1767174821.478238,-1,3,-117
1767174821.488238,-2,0,-121
1767174821.498238,-1,0,-121
1767174821.508238,-1,-2,-126
1767174821.518238,-1,-3,-125
1767174821.528238,0,1,-118
1767174821.538238,2,4,-118
1767174821.548238,2,-1,-116
1767174821.5582385,2,0,-117
1767174821.5682385,1,0,-118
1767174821.5782382,2,-5,-112
1767174821.5882382,-3,-5,-114
1767174821.5982382,-2,-5,-118
1767174821.6082382,-3,-4,-117
1767174821.6182382,1,-4,-117
1767174821.6282382,-2,-2,-121
1767174821.6382382,-1,-3,-121
1767174821.6482382,2,-4,-120
1767174821.6582382,8,0,-118
1767174821.6682382,9,-3,-118
1767174821.6782382,10,-4,-112
1767174821.688238,5,-5,-114
1767174821.698238,8,0,-108
1767174821.708238,8,-2,-112
1767174821.718238,7,0,-113
1767174821.728238,2,4,-110
1767174821.738238,-4,2,-108
1767174821.748238,-3,2,-110
1767174821.758238,-2,2,-110
1767174821.768238,0,0,-107
1767174821.778238,-5,-2,-108
1767174821.788238,-2,-1,-106
1767174821.798238,-2,-2,-107
1767174821.8082385,0,-1,-110
1767174821.8182385,0,0,-115
1767174821.8282382,0,1,-122
1767174821.8382382,0,-1,-125
1767174821.8482382,-4,0,-124
1767174821.8582382,-4,0,-123
1767174821.8682382,-6,0,-122
1767174821.8782382,-5,0,-123
1767174821.8882382,-3,-5,-124
1767174821.8982382,-3,-9,-117
1767174821.9082382,0,-7,-120
1767174821.9182382,0,-6,-120
1767174821.9282382,1,-1,-119
1767174821.938238,-3,-7,-117
1767174821.948238,-4,-9,-112
1767174821.958238,-2,-5,-112
1767174821.968238,2,0,-118
1767174821.978238,1,3,-119
1767174821.988238,-1,1,-118
1767174821.998238,1,4,-124
1767174822.008238,4,4,-126
1767174822.018238,3,0,-127
1767174822.028238,4,0,-128
1767174822.038238,2,0,-127
1767174822.048238,2,2,-125
1767174822.0582385,1,2,-121
1767174822.0682385,-2,3,-119
1767174822.0782382,0,4,-127
1767174822.0882382,-2,5,-125
1767174822.0982382,0,4,-126
1767174822.1082382,1,1,-122
1767174822.1182382,0,1,-125
1767174822.1282382,0,2,-125
1767174822.1382382,3,2,-131
1767174822.1482382,3,3,-131
1767174822.1582382,2,-2,-126
1767174822.1682382,0,0,-125
1767174822.1782382,2,0,-129
1767174822.188238,0,0,-132
1767174822.198238,-1,3,-128
1767174822.208238,-3,5,-122
1767174822.218238,-4,0,-120
1767174822.228238,-5,-2,-126
1767174822.238238,-1,-6,-124
1767174822.248238,0,-5,-124
1767174822.258238,1,-5,-124
1767174822.268238,0,0,-126
1767174822.278238,0,1,-125
1767174822.288238,3,6,-120
1767174822.298238,2,4,-124
1767174822.3082385,1,0,-117
1767174822.3182385,0,0,-120
1767174822.3282382,1,-1,-117
1767174822.3382382,0,-1,-122
1767174822.3482382,-1,-2,-120
1767174822.3582382,0,-2,-120
1767174822.3682382,0,1,-117
1767174822.3782382,-4,0,-115
1767174822.3882382,-5,2,-116
1767174822.3982382,-8,2,-118
1767174822.4082382,-10,2,-114
1767174822.4182382,-5,5,-110
1767174822.4282382,-3,7,-108
1767174822.438238,-2,6,-113
1767174822.448238,0,7,-118
1767174822.458238,0,6,-119
1767174822.468238,-3,7,-118
1767174822.478238,-3,8,-114
1767174822.488238,-5,7,-111
1767174822.498238,-3,9,-111
1767174822.508238,-2,3,-116
1767174822.518238,0,3,-114
1767174822.528238,-3,0,-117
1767174822.538238,-1,-1,-119
1767174822.548238,-2,0,-120
1767174822.5582385,-3,1,-121
1767174822.5682385,-3,0,-123
1767174822.5782382,0,-2,-123
1767174822.5882382,0,-5,-126
1767174822.5982382,-1,-4,-126
1767174822.6082382,-4,-3,-120
1767174822.6182382,-1,0,-115
1767174822.6282382,-4,3,-111
1767174822.6382382,-3,1,-112
1767174822.6482382,-1,-2,-115
1767174822.6582382,-5,-1,-119
1767174822.6682382,-2,-3,-122
1767174822.6782382,-2,-1,-118
1767174822.688238,-1,0,-113
1767174822.698238,-1,3,-118
1767174822.708238,0,-2,-120
1767174822.718238,-2,-2,-117
1767174822.728238,0,-1,-122
1767174822.738238,1,-3,-120
1767174822.748238,0,-2,-120
1767174822.758238,0,-6,-124
1767174822.768238,5,-6,-124
1767174822.778238,3,-1,-125
1767174822.788238,0,0,-129
1767174822.798238,-1,-1,-126
1767174822.8082385,-1,-6,-121
1767174822.8182385,0,-7,-121
1767174822.8282382,0,-5,-122
1767174822.8382382,3,-3,-121
1767174822.8482382,0,3,-120
1767174822.8582382,4,2,-125
1767174822.8682382,3,6,-122
1767174822.8782382,2,8,-129
1767174822.8882382,0,7,-137
1767174822.8982382,-1,5,-135
1767174822.9082382,1,7,-138
1767174822.9182382,3,7,-125
1767174822.9282382,0,4,-127
1767174822.938238,3,0,-125
1767174822.948238,6,0,-122
1767174822.958238,1,0,-126
1767174822.968238,3,1,-126
1767174822.978238,1,4,-129
1767174822.988238,0,4,-129
1767174822.998238,3,1,-131
1767174823.008238,2,0,-123
1767174823.018238,1,-4,-114
1767174823.028238,0,-8,-113
1767174823.038238,-1,-8,-116
1767174823.048238,0,-3,-116
1767174823.0582385,1,-6,-119
1767174823.0682385,0,-2,-119
1767174823.0782382,-3,-3,-120
1767174823.0882382,-1,-5,-117
1767174823.0982382,-4,-6,-122
1767174823.1082382,-3,-4,-124
1767174823.1182382,0,-1,-125
1767174823.1282382,-1,-2,-124
1767174823.1382382,1,2,-123
1767174823.1482382,0,0,-128
1767174823.1582382,2,-2,-125
1767174823.1682382,7,-3,-126
1767174823.1782382,8,-2,-122
1767174823.188238,8,-1,-124
1767174823.198238,1,-2,-124
1767174823.208238,1,-2,-124
1767174823.218238,2,-7,-122
1767174823.228238,0,-5,-124
1767174823.238238,1,0,-124
1767174823.248238,-1,-1,-125
1767174823.258238,-1,-2,-117
1767174823.268238,0,-7,-118
1767174823.278238,7,-8,-122
1767174823.288238,3,-3,-117
1767174823.298238,3,-4,-118
1767174823.3082385,0,-4,-119
1767174823.3182385,2,-5,-121
1767174823.3282382,0,-10,-119
1767174823.3382382,2,-11,-116
1767174823.3482382,0,-9,-122
1767174823.3582382,-5,-14,-125
1767174823.3682382,-6,-11,-125
1767174823.3782382,-7,-6,-123
1767174823.3882382,-4,-5,-119
1767174823.3982382,-2,-5,-119
1767174823.4082382,-8,-9,-121
1767174823.4182382,-7,-3,-127
1767174823.4282382,-4,-3,-132
1767174823.438238,-2,0,-133
1767174823.448238,0,-5,-126
1767174823.458238,0,-3,-118
1767174823.468238,-3,-1,-122
1767174823.478238,0,-2,-125
1767174823.488238,0,-2,-122
1767174823.498238,-1,-2,-116
1767174823.508238,-1,-3,-116
1767174823.518238,0,0,-119
1767174823.528238,-2,0,-118
1767174823.538238,-1,-3,-124
1767174823.548238,-1,-4,-130
1767174823.5582385,-3,-7,-129
1767174823.5682385,1,-2,-126
1767174823.5782382,8,0,-129
1767174823.5882382,8,1,-131
1767174823.5982382,6,0,-126
1767174823.6082382,5,1,-129
1767174823.619238,3,4,-131
1767174823.629238,1,0,-125
1767174823.6382382,0,0,-119
1767174823.649238,-2,-1,-117
1767174823.6582382,-2,-1,-122
1767174823.669238,-1,2,-124
1767174823.6782382,-3,0,-122
1767174823.689238,0,0,-120
1767174823.699238,0,2,-118
1767174823.709238,0,2,-125
1767174823.719238,-1,2,-125
1767174823.7292385,-3,1,-122
1767174823.7392385,-4,0,-116
1767174823.7492385,-1,-2,-116
1767174823.7592382,1,-3,-119
1767174823.7692382,-2,-5,-121
1767174823.7792382,1,-7,-126
1767174823.7892382,1,-8,-123
1767174823.7992382,3,-6,-128
1767174823.8092382,3,-9,-130
1767174823.8192382,4,-7,-128
1767174823.8292382,3,-7,-125
1767174823.8392382,4,-4,-126
1767174823.8492382,6,-4,-131
1767174823.859238,4,-3,-131
1767174823.869238,2,-3,-121
1767174823.879238,1,-1,-118
1767174823.889238,-4,-3,-120
1767174823.899238,3,-5,-120
1767174823.909238,3,-6,-116
1767174823.919238,3,-5,-118
1767174823.929238,6,0,-113
1767174823.939238,6,0,-116
1767174823.949238,5,-1,-116
1767174823.959238,6,-3,-117
1767174823.969238,5,-4,-120
1767174823.9792385,3,-5,-120
1767174823.9892385,3,-9,-125
1767174823.9992385,2,-10,-124
1767174824.0092382,-5,-9,-129
1767174824.0192382,-6,-6,-126
1767174824.0292382,-5,-1,-121
1767174824.0392382,-7,0,-117
1767174824.0492382,-6,1,-117
1767174824.0592382,-5,3,-117
1767174824.0692382,-5,2,-119
1767174824.0792382,-8,-1,-119
1767174824.1012385,-7,-1,-120
1767174824.109238,-9,0,-124
1767174824.119238,-5,-2,-118
1767174824.129238,-3,0,-120
1767174824.139238,-1,-4,-120
1767174824.149238,0,-6,-118
1767174824.159238,0,-5,-111
1767174824.169238,0,-4,-111
1767174824.179238,0,-2,-110
1767174824.189238,0,0,-113
1767174824.199238,1,2,-111
1767174824.209238,0,3,-116
1767174824.219238,-4,2,-109
1767174824.2292385,-4,1,-108
1767174824.2392385,-1,1,-120
1767174824.2492385,-5,-1,-123
1767174824.2592382,-7,2,-125
1767174824.2692382,-6,1,-121
1767174824.2792382,-7,-1,-113
1767174824.2892382,-9,1,-113
1767174824.2992382,-6,3,-124
1767174824.3092382,0,7,-128
1767174824.3192382,-3,7,-130
1767174824.3292382,-6,5,-124
1767174824.3392382,-5,5,-122
1767174824.3492382,-1,5,-126
1767174824.359238,-5,6,-122
1767174824.369238,-8,1,-118
1767174824.379238,-6,1,-122
1767174824.389238,-2,0,-124
1767174824.399238,0,0,-120
1767174824.409238,5,0,-119
1767174824.419238,3,2,-121
1767174824.429238,0,-1,-122
1767174824.439238,-7,-2,-119
1767174824.449238,-7,1,-117
1767174824.459238,-8,1,-114
1767174824.469238,-6,4,-119
1767174824.4792385,-4,-1,-118
1767174824.4892385,-6,-3,-116
1767174824.4992385,-7,-6,-119
1767174824.5092382,-4,-8,-118
1767174824.5192382,-3,-10,-125
1767174824.5292382,0,-3,-131
1767174824.5392382,2,-6,-130
1767174824.5492382,2,-4,-126
1767174824.5592382,3,-5,-127
1767174824.5692382,6,-1,-122
1767174824.5792382,7,-1,-124
1767174824.5892382,9,-2,-130
1767174824.5992382,6,-1,-130
1767174824.609238,6,1,-126
1767174824.619238,1,4,-120
1767174824.629238,3,3,-118
1767174824.639238,4,3,-118
1767174824.649238,0,0,-117
1767174824.659238,0,-2,-118
1767174824.669238,1,-2,-111
1767174824.679238,4,-2,-114
1767174824.689238,4,-1,-116
1767174824.699238,1,-2,-117
1767174824.709238,5,-6,-119
1767174824.719238,7,-4,-120
1767174824.7292385,10,-1,-119
1767174824.7392385,8,1,-122
1767174824.7492385,8,-1,-115
1767174824.7592382,-1,1,-124
1767174824.7692382,-2,-3,-127
1767174824.7792382,-1,-4,-128
1767174824.7892382,-5,-3,-129
1767174824.7992382,-2,-2,-124
1767174824.8092382,0,-2,-113
1767174824.8192382,3,-4,-114
1767174824.8292382,3,-6,-118
1767174824.8392382,4,-5,-123
1767174824.8492382,5,-6,-119
1767174824.859238,4,-6,-111
1767174824.869238,7,-6,-109
1767174824.879238,3,-1,-118
1767174824.889238,0,-2,-119
1767174824.899238,-1,-5,-122
1767174824.909238,0,-3,-121
1767174824.919238,-1,-4,-125
1767174824.929238,-2,-5,-128
1767174824.939238,-3,-5,-132
1767174824.949238,-1,-8,-132
1767174824.959238,0,-7,-129
1767174824.969238,3,-3,-128
1767174824.9792385,3,-3,-123
1767174824.9892385,5,-5,-124
1767174824.9992385,11,-8,-125
1767174825.0092382,3,-8,-126
1767174825.0192382,-3,-6,-127
1767174825.0292382,0,-4,-131
1767174825.0392382,3,-1,-131
1767174825.0492382,1,-3,-130
1767174825.0592382,1,0,-129
1767174825.0692382,0,0,-125
1767174825.0792382,-3,-6,-125
1767174825.0892382,-2,-8,-118
1767174825.0992382,1,-8,-119
1767174825.109238,1,-6,-120
1767174825.119238,2,-9,-117
1767174825.129238,2,-6,-118
1767174825.139238,2,-6,-118
1767174825.149238,0,-6,-115
1767174825.159238,1,-7,-116
1767174825.169238,4,-4,-120
1767174825.179238,4,-2,-121
1767174825.189238,1,-1,-122
1767174825.199238,2,0,-116
1767174825.209238,3,0,-111
1767174825.219238,3,1,-115
1767174825.2292385,-1,0,-124
1767174825.2392385,0,-1,-123
1767174825.2492385,1,-3,-118
1767174825.2592382,-3,-6,-119
1767174825.2692382,-4,-6,-119
1767174825.2792382,-1,-5,-118
1767174825.2892382,1,-4,-120
1767174825.2992382,3,-6,-124
1767174825.3092382,5,-4,-123
1767174825.3192382,6,-6,-118
1767174825.3292382,1,-7,-113
1767174825.3392382,1,-10,-111
1767174825.3492382,3,-11,-115
1767174825.359238,0,-7,-119
1767174825.369238,0,-6,-124
1767174825.379238,0,-8,-118
1767174825.389238,2,-3,-118
1767174825.399238,3,-2,-115
1767174825.409238,1,-4,-122
1767174825.419238,0,-3,-126
1767174825.429238,-2,-2,-119
1767174825.439238,-2,-2,-126
1767174825.449238,-4,-1,-124
1767174825.459238,-1,-2,-122
1767174825.469238,0,-6,-122
1767174825.4792385,3,-7,-120
1767174825.4892385,2,-5,-120
1767174825.4992385,5,-2,-117
1767174825.5092382,1,-3,-124
1767174825.5192382,-1,-3,-119
1767174825.5292382,-2,-5,-122
1767174825.5392382,1,-4,-125
1767174825.5492382,6,-4,-125
1767174825.5592382,8,-3,-124
1767174825.5692382,8,-5,-128
1767174825.5792382,8,-3,-133
1767174825.5892382,9,0,-134
1767174825.5992382,9,0,-136
1767174825.609238,3,-3,-136
1767174825.619238,4,-9,-135
1767174825.629238,3,-7,-133
1767174825.639238,0,-9,-130
1767174825.649238,1,-11,-127
1767174825.659238,3,-7,-124
1767174825.669238,-3,-6,-121
1767174825.679238,-2,-4,-121
1767174825.689238,-4,-3,-121
1767174825.699238,-3,-4,-116
1767174825.709238,-5,-4,-119
1767174825.719238,-7,-3,-119
1767174825.7292385,-4,-3,-119
1767174825.7392385,-2,-2,-123
1767174825.7492385,-4,-2,-129
1767174825.7592382,-1,0,-123
1767174825.7692382,1,-1,-121
1767174825.7792382,2,0,-125
1767174825.7892382,4,0,-135
1767174825.7992382,4,0,-130
1767174825.8092382,0,0,-126
1767174825.8192382,2,2,-117
1767174825.8292382,1,7,-117
1767174825.8392382,3,6,-117
1767174825.8492382,2,2,-116
1767174825.859238,-1,-3,-115
1767174825.869238,-1,-2,-115
1767174825.879238,0,-2,-120
1767174825.889238,1,-1,-120
1767174825.899238,3,1,-116
1767174825.909238,8,0,-119
1767174825.919238,5,4,-122
1767174825.929238,3,2,-123
1767174825.939238,5,0,-128
1767174825.949238,7,0,-128
1767174825.959238,7,0,-121
1767174825.969238,3,2,-117
1767174825.9792385,3,2,-117
1767174825.9892385,0,2,-113
1767174825.9992385,0,0,-111
1767174826.0092382,0,-3,-111
1767174826.0192382,-2,-3,-114
1767174826.0292382,3,-2,-119
1767174826.0392382,3,-2,-126
1767174826.0492382,0,-3,-130
1767174826.0592382,-3,-5,-133
1767174826.0692382,0,-1,-129
1767174826.0792382,-1,-1,-130
1767174826.0892382,-1,2,-131
1767174826.0992382,-2,0,-123
1767174826.109238,-3,0,-120
1767174826.119238,-3,2,-118
1767174826.129238,-2,4,-120
1767174826.139238,-5,0,-118
1767174826.149238,-9,0,-123
1767174826.159238,-8,6,-118
1767174826.169238,-11,4,-118
1767174826.179238,-11,0,-118
1767174826.189238,-5,4,-124
1767174826.199238,-2,6,-127
1767174826.209238,0,3,-126
1767174826.219238,0,1,-125
1767174826.2292385,2,3,-124
1767174826.2392385,0,6,-119
1767174826.2492385,0,2,-123
1767174826.2592382,-1,1,-119
1767174826.2692382,-4,0,-118
1767174826.2792382,0,3,-122
1767174826.290238,0,1,-129
1767174826.2992382,2,0,-122
1767174826.310238,0,0,-124
1767174826.320238,0,-2,-131
1767174826.330238,-3,-2,-138
1767174826.340238,2,-5,-137
1767174826.350238,4,-5,-143
1767174826.360238,4,-6,-141
1767174826.370238,0,1,-142
1767174826.380238,1,4,-138
1767174826.390238,2,3,-127
1767174826.400238,-1,6,-121
1767174826.4102385,-3,4,-120
1767174826.4202385,0,1,-121
1767174826.4302382,4,-3,-119
1767174826.4402382,5,-3,-120
1767174826.4502382,5,-2,-117
1767174826.4602382,0,0,-120
1767174826.4702382,-7,-1,-116
1767174826.4802382,-10,-3,-114
1767174826.4902382,-8,-3,-123
1767174826.5002382,-4,-3,-126
1767174826.5102382,-4,1,-122
1767174826.5202382,-3,1,-117
1767174826.5302382,-4,5,-118
1767174826.540238,-5,5,-119
1767174826.550238,-4,-2,-116
1767174826.560238,-2,0,-116
1767174826.570238,0,0,-115
1767174826.580238,2,0,-119
1767174826.590238,5,2,-126
1767174826.600238,3,1,-123
1767174826.610238,1,0,-123
1767174826.620238,-4,0,-120
1767174826.630238,-6,0,-122
1767174826.640238,-7,4,-122
1767174826.650238,-7,5,-120
1767174826.6602385,-9,4,-120
1767174826.6702385,-6,4,-122
1767174826.6802382,-3,5,-119
1767174826.6902382,0,0,-118
1767174826.7002382,-1,0,-112
1767174826.7102382,1,0,-116
1767174826.7202382,-1,2,-118
1767174826.7302382,0,1,-117
1767174826.7402382,-4,-2,-114
1767174826.7502382,-5,-8,-114
1767174826.7602382,-3,-7,-123
1767174826.7702382,-7,-3,-131
1767174826.7802382,0,-4,-134
1767174826.790238,2,-4,-128
1767174826.800238,2,-2,-123
1767174826.810238,1,-2,-125
1767174826.820238,3,0,-125
1767174826.830238,3,0,-128
1767174826.840238,2,-4,-124
1767174826.850238,0,-8,-128
1767174826.860238,0,-7,-132
1767174826.870238,-3,-4,-130
1767174826.880238,-6,-4,-126
1767174826.890238,-3,-2,-125
1767174826.900238,2,-1,-117
1767174826.9102385,3,-3,-120
1767174826.9202385,7,-4,-121
1767174826.9302382,9,-6,-117
1767174826.9402382,3,-2,-120
1767174826.9502382,1,0,-115
1767174826.9602382,6,-2,-114
1767174826.9702382,3,0,-109
1767174826.9802382,6,-1,-111
1767174826.9902382,3,0,-113
1767174827.0002382,4,-1,-117
1767174827.0102382,0,-2,-119
1767174827.0202382,3,-3,-117
1767174827.0302382,8,-1,-115
1767174827.040238,9,-1,-124
1767174827.050238,14,-2,-124
1767174827.060238,13,-3,-130
1767174827.070238,12,0,-129
1767174827.080238,8,0,-127
1767174827.090238,7,4,-120
1767174827.100238,7,1,-125
1767174827.110238,12,3,-122
1767174827.120238,4,0,-122
1767174827.130238,4,-4,-119
1767174827.140238,3,-5,-119
1767174827.150238,2,-7,-116
1767174827.1602385,1,-5,-117
1767174827.1702385,0,-6,-119
1767174827.1802382,-5,-5,-116
1767174827.1902382,-4,-7,-116
1767174827.2002382,-4,-9,-126
1767174827.2102382,-2,-5,-122
1767174827.2202382,-7,-4,-120
1767174827.2302382,-5,0,-126
1767174827.2402382,-5,-2,-127
1767174827.2502382,-1,-1,-120
1767174827.2602382,-1,-1,-119
1767174827.2702382,0,-4,-122
1767174827.2802382,2,-5,-121
1767174827.290238,1,-2,-119
1767174827.300238,0,-1,-116
1767174827.310238,0,0,-112
1767174827.320238,3,5,-113
1767174827.330238,4,2,-106
1767174827.340238,1,1,-105
1767174827.350238,0,-3,-108
1767174827.360238,-3,0,-100
1767174827.370238,0,-4,-104
1767174827.380238,-1,-5,-101
1767174827.390238,0,-4,-112
1767174827.400238,0,-1,-116
1767174827.4102385,-1,-5,-118
1767174827.4202385,-3,-1,-121
1767174827.4302382,-4,-4,-115
1767174827.4402382,-7,-3,-116
1767174827.4502382,-4,-2,-116
1767174827.4602382,-2,-1,-118
1767174827.4702382,-7,0,-119
1767174827.4802382,-3,0,-124
1767174827.4902382,0,0,-125
1767174827.5002382,0,4,-115
1767174827.5102382,1,1,-112
1767174827.5202382,2,0,-102
1767174827.5302382,4,-6,-106
1767174827.540238,0,-5,-109
1767174827.550238,0,-7,-114
1767174827.560238,0,-4,-122
1767174827.570238,4,-3,-125
1767174827.580238,5,-1,-123
1767174827.590238,9,-2,-124
1767174827.600238,5,-1,-127
1767174827.610238,3,0,-121
1767174827.620238,2,1,-116
1767174827.630238,3,2,-117
1767174827.640238,0,3,-113
1767174827.650238,-1,2,-116
1767174827.6602385,-4,0,-116
1767174827.6702385,1,-6,-119
1767174827.6802382,3,-7,-123
1767174827.6902382,4,-5,-119
1767174827.7002382,1,-6,-126
1767174827.7102382,-2,-5,-124
1767174827.7202382,-6,-5,-126
1767174827.7302382,-2,-5,-126
1767174827.7402382,-5,-7,-126
1767174827.7502382,-9,-2,-127
1767174827.7602382,-7,-1,-121
1767174827.7702382,-1,-1,-113
1767174827.7802382,-3,-2,-115
1767174827.790238,2,0,-116
1767174827.800238,3,-1,-113
1767174827.810238,2,-1,-109
1767174827.820238,3,-2,-116
1767174827.830238,-2,-1,-115
1767174827.840238,-1,-2,-117
1767174827.850238,-2,-4,-111
1767174827.860238,3,-5,-117
1767174827.8712382,1,-3,-122
1767174827.880238,2,-4,-118
1767174827.890238,3,-4,-119
1767174827.900238,1,-2,-125
1767174827.9102385,0,-4,-125
1767174827.9202385,-1,-3,-123
1767174827.9302382,0,-9,-126
1767174827.9402382,-4,-9,-131
1767174827.9502382,-3,-7,-130
1767174827.9602382,-2,-3,-127
1767174827.9702382,1,-3,-132
1767174827.9802382,3,-5,-132
1767174827.9902382,0,-8,-131
1767174828.0002382,-5,-8,-126
1767174828.0102382,-3,-8,-127
1767174828.0202382,0,-3,-127
1767174828.0302382,-3,-3,-122
1767174828.040238,-2,-4,-127
1767174828.050238,-1,-2,-130
1767174828.060238,1,1,-126
1767174828.070238,-1,0,-127
1767174828.080238,-3,-2,-118
1767174828.090238,-7,0,-115
1767174828.100238,-12,-1,-118
1767174828.110238,-8,-1,-121
1767174828.120238,-9,-3,-124
1767174828.130238,-5,-1,-126
1767174828.140238,-4,0,-125
1767174828.150238,-6,-1,-122
1767174828.1602385,-5,4,-120
1767174828.1702385,-5,6,-118
1767174828.1802382,-4,7,-118
1767174828.1902382,-1,1,-120
1767174828.2002382,-2,3,-127
1767174828.2102382,-5,1,-127
1767174828.2202382,-3,2,-120
1767174828.2302382,-2,0,-123
1767174828.2402382,-6,0,-125
1767174828.2502382,-4,2,-128
1767174828.2602382,-3,-1,-122
1767174828.2702382,-2,-4,-120
1767174828.2802382,0,-4,-117
1767174828.290238,1,-4,-115
1767174828.300238,1,-2,-118
1767174828.310238,0,-6,-123
1767174828.320238,2,-7,-118
1767174828.330238,1,-3,-123
1767174828.340238,5,-4,-121
1767174828.350238,4,-1,-119
1767174828.360238,3,-2,-122
1767174828.370238,6,0,-127
1767174828.380238,6,-2,-126
1767174828.390238,3,-3,-121
1767174828.400238,-4,-4,-123
1767174828.4102385,-4,-1,-123
1767174828.4202385,-4,-2,-123
1767174828.4302382,0,-5,-126
1767174828.4402382,-1,-4,-125
1767174828.4502382,-4,-2,-119
1767174828.4602382,-1,2,-114
1767174828.4702382,0,0,-112
1767174828.4802382,-2,2,-111
1767174828.4902382,1,0,-110
1767174828.5002382,0,0,-109
1767174828.5102382,0,2,-107
1767174828.5202382,0,1,-107
1767174828.5302382,-4,0,-114
1767174828.540238,-6,1,-117
1767174828.550238,-5,0,-118
1767174828.560238,-6,1,-119
1767174828.570238,-8,0,-126
1767174828.580238,-6,-2,-124
1767174828.590238,-6,0,-127
1767174828.600238,-7,2,-131
1767174828.610238,-9,0,-132
1767174828.620238,-4,0,-131
1767174828.630238,-1,-2,-134
1767174828.640238,0,-7,-130
1767174828.650238,3,-8,-123
1767174828.6602385,2,-5,-126
1767174828.6702385,1,-3,-126
1767174828.6802382,-1,-5,-119
1767174828.6902382,2,-5,-113
1767174828.7002382,-1,-2,-120
1767174828.7102382,-3,0,-120
1767174828.7202382,-3,4,-126
1767174828.7302382,-2,3,-133
1767174828.7402382,-2,-2,-135
1767174828.7502382,-2,-6,-134
1767174828.7602382,1,-9,-125
1767174828.7702382,1,-11,-125
1767174828.7802382,2,-7,-122
1767174828.790238,-1,-2,-116
1767174828.800238,-4,1,-123
1767174828.810238,-1,2,-121
1767174828.820238,-1,2,-116
1767174828.830238,4,4,-119
1767174828.840238,2,7,-114
1767174828.850238,1,5,-115
1767174828.860238,-3,5,-117
1767174828.870238,-3,5,-125
1767174828.880238,0,3,-118
1767174828.890238,3,3,-110
1767174828.900238,2,6,-106
1767174828.9112382,0,7,-102
1767174828.9212382,4,1,-106
1767174828.9312382,3,1,-105
1767174828.9402382,-2,-2,-104
1767174828.9512382,-5,-4,-109
1767174828.961238,-6,-7,-113
1767174828.971238,-4,-13,-118
1767174828.981238,0,-6,-119
1767174828.991238,1,-6,-126
1767174829.001238,4,-2,-127
1767174829.011238,4,-5,-123
1767174829.021238,3,-9,-115
1767174829.031238,7,-8,-115
1767174829.041238,5,-8,-112
1767174829.051238,2,-4,-119
1767174829.061238,1,-5,-122
1767174829.071238,-1,-3,-118
1767174829.0812385,0,-3,-118
1767174829.0912385,-2,0,-118
1767174829.113238,-9,-3,-109
1767174829.1212382,-8,-5,-113
1767174829.1312382,-5,-3,-118
1767174829.1412382,-4,-7,-118
1767174829.1512382,-2,-6,-123
1767174829.1612382,1,-4,-124
1767174829.1712382,5,-2,-122
1767174829.1812382,3,-2,-122
1767174829.1912382,1,-4,-118
1767174829.2012382,0,-3,-123
1767174829.211238,1,-7,-121
1767174829.221238,2,-6,-120
1767174829.231238,0,-4,-114
1767174829.241238,-1,-4,-121
1767174829.251238,2,-6,-125
1767174829.261238,1,-2,-127
1767174829.271238,-1,0,-126
1767174829.281238,0,-2,-119
1767174829.291238,3,-2,-120
1767174829.301238,0,-4,-128
1767174829.311238,-2,-3,-129
1767174829.321238,-5,-5,-127
1767174829.3312385,-3,-7,-126
1767174829.3412385,-2,-4,-122
1767174829.3512385,-4,-3,-120
1767174829.3612382,-5,-5,-118
1767174829.3712382,-9,-6,-125
1767174829.3812382,-3,-3,-122
1767174829.3912382,-7,-2,-117
1767174829.4012382,-5,-4,-110
1767174829.4112382,-6,-1,-114
1767174829.4212382,-6,3,-115
1767174829.4312382,-4,4,-115
1767174829.4412382,-3,5,-118
1767174829.4512382,-1,5,-119
1767174829.461238,-1,5,-113
1767174829.471238,-5,8,-116
1767174829.481238,-4,3,-114
1767174829.491238,-1,-1,-113
1767174829.501238,-2,-4,-120
1767174829.511238,-2,-5,-118
1767174829.521238,-2,-3,-120
1767174829.531238,-2,-1,-117
1767174829.541238,0,2,-116
1767174829.551238,0,0,-123
1767174829.561238,2,-1,-126
1767174829.571238,0,-2,-127
1767174829.5812385,0,2,-122
1767174829.5912385,0,7,-122
1767174829.6012385,-2,11,-116
1767174829.6112382,-3,10,-115
1767174829.6212382,0,9,-116
1767174829.6312382,-1,3,-117
1767174829.6412382,2,-1,-116
1767174829.6512382,4,0,-114
1767174829.6612382,6,-4,-109
1767174829.6712382,4,-4,-111
1767174829.6812382,1,-4,-116
1767174829.6912382,0,-2,-110
1767174829.7012382,2,-6,-109
1767174829.711238,5,-8,-118
1767174829.721238,5,-8,-122
1767174829.731238,3,-5,-120
1767174829.741238,4,-1,-125
1767174829.751238,2,-2,-123
1767174829.761238,1,-3,-129
1767174829.771238,0,-1,-130
1767174829.781238,0,-5,-130
1767174829.791238,-1,0,-125
1767174829.801238,1,-1,-115
1767174829.811238,2,-3,-109
1767174829.821238,5,-4,-112
1767174829.8312385,1,-3,-115
1767174829.8412385,-4,-2,-114
1767174829.8512385,1,-6,-119
1767174829.8612382,0,-7,-121
1767174829.8712382,-1,-7,-119
1767174829.8812382,-6,-5,-114
1767174829.8912382,-7,0,-111
1767174829.9012382,-3,0,-112
1767174829.9112382,-3,2,-112
1767174829.9212382,0,1,-115
1767174829.9312382,0,0,-130
1767174829.9412382,1,-2,-130
1767174829.9512382,2,-6,-134
1767174829.961238,2,-7,-134
1767174829.971238,5,-11,-135
1767174829.981238,8,-11,-129
1767174829.991238,11,-8,-134
1767174830.001238,5,-7,-131
1767174830.011238,4,-8,-125
1767174830.021238,2,-9,-128
1767174830.031238,1,-8,-129
1767174830.041238,-1,-8,-127
1767174830.051238,-4,-6,-127
1767174830.061238,-5,-6,-125
1767174830.071238,-1,-6,-117
1767174830.0812385,0,-7,-119
1767174830.0912385,0,-7,-124
1767174830.1012385,2,-4,-121
1767174830.1112382,2,-7,-126
1767174830.1212382,1,-9,-125
1767174830.1312382,3,-8,-124
1767174830.1412382,3,-8,-122
1767174830.1512382,4,-9,-126
1767174830.1612382,0,-6,-128
1767174830.1712382,-3,-2,-126
1767174830.1812382,2,-3,-123
1767174830.1912382,0,-6,-128
1767174830.2012382,-4,-6,-120
1767174830.211238,-5,-5,-119
1767174830.221238,-5,-4,-126
1767174830.231238,-5,-5,-128
1767174830.241238,-3,-6,-125
1767174830.251238,2,-5,-125
1767174830.261238,-2,-5,-126
1767174830.271238,-5,-6,-126
1767174830.281238,-2,-9,-119
1767174830.291238,-2,-6,-123
1767174830.301238,3,-7,-122
1767174830.311238,2,-6,-125
1767174830.321238,3,-6,-128
1767174830.3312385,0,-6,-128
1767174830.3412385,0,-5,-130
1767174830.3512385,-3,-5,-131
1767174830.3612382,-4,-5,-131
1767174830.3712382,0,-2,-127
1767174830.3812382,0,0,-126
1767174830.3912382,3,0,-125
1767174830.4012382,2,1,-123
1767174830.4112382,0,1,-123
1767174830.4212382,-1,-3,-123
1767174830.4312382,-1,-2,-118
1767174830.4412382,-2,-4,-118
1767174830.4512382,-4,-5,-114
1767174830.461238,-5,-4,-115
1767174830.471238,-5,0,-117
1767174830.481238,-9,-1,-116
1767174830.491238,-3,-3,-115
1767174830.501238,0,3,-118
1767174830.511238,1,5,-127
1767174830.521238,0,2,-125
1767174830.531238,3,1,-125
1767174830.541238,4,0,-129
1767174830.551238,7,3,-122
1767174830.561238,4,0,-124
1767174830.571238,7,-1,-127
1767174830.5812385,10,-4,-122
1767174830.5912385,7,-2,-115
1767174830.6012385,8,-2,-118
1767174830.6112382,0,-2,-119
1767174830.6212382,-2,-4,-121
1767174830.6312382,-3,-3,-121
1767174830.6412382,-3,-5,-120
1767174830.6512382,-5,-5,-117
1767174830.6612382,-2,-5,-115
1767174830.6712382,-5,-5,-113
1767174830.6812382,-1,-5,-113
1767174830.6912382,0,-12,-116
1767174830.7012382,-4,-7,-118
1767174830.711238,-5,0,-117
1767174830.721238,-4,3,-119
1767174830.731238,-5,0,-114
1767174830.741238,-8,0,-117
1767174830.751238,-6,0,-113
1767174830.761238,-4,-1,-115
1767174830.771238,-3,-7,-112
1767174830.781238,-4,-6,-121
1767174830.791238,-5,-7,-125
1767174830.801238,-4,-4,-120
1767174830.811238,-3,-2,-119
1767174830.821238,-1,0,-112
1767174830.8312385,-3,0,-109
1767174830.8412385,-4,3,-109
1767174830.8512385,-4,-3,-106
1767174830.8612382,-1,-8,-104
1767174830.8712382,-1,-8,-114
1767174830.8812382,-1,0,-118
1767174830.8912382,0,2,-120
1767174830.9012382,-1,0,-121
1767174830.9112382,-1,1,-122
1767174830.9212382,2,0,-131
1767174830.9312382,3,-1,-131
1767174830.9412382,4,-2,-132
1767174830.9512382,7,0,-131
1767174830.961238,3,-1,-125
1767174830.971238,1,-2,-117
1767174830.981238,-1,2,-120
1767174830.991238,0,-2,-120
1767174831.001238,-1,-3,-119
1767174831.011238,-1,-6,-119
1767174831.021238,4,-7,-121
1767174831.031238,1,-4,-114
1767174831.041238,0,-5,-114
1767174831.051238,0,-5,-112
1767174831.061238,0,-5,-122
1767174831.071238,6,-6,-129
1767174831.0812385,1,-3,-125
1767174831.0912385,6,-3,-122
1767174831.1012385,9,-3,-116
1767174831.1112382,8,-3,-117
1767174831.1212382,6,-5,-118
1767174831.1312382,6,-1,-111
1767174831.1412382,5,4,-108
1767174831.1512382,2,0,-107
1767174831.1612382,1,-6,-116
1767174831.1712382,2,-7,-118
1767174831.1812382,2,-9,-115
1767174831.1912382,0,-6,-117
1767174831.2012382,0,-6,-115
1767174831.211238,-1,-7,-126
1767174831.221238,-2,-8,-130
1767174831.231238,-3,-6,-131
1767174831.241238,1,-9,-129
1767174831.251238,3,-6,-128
1767174831.261238,9,-7,-127
1767174831.271238,7,-8,-126
1767174831.281238,0,-9,-129
1767174831.291238,-4,-11,-130
1767174831.301238,-1,-8,-125
1767174831.311238,-1,-4,-125
1767174831.321238,0,-1,-127
1767174831.3312385,4,-1,-126
1767174831.3412385,-3,-3,-123
1767174831.3512385,-5,-3,-124
1767174831.3612382,-3,-4,-126
1767174831.3712382,0,-4,-130
1767174831.3812382,2,-3,-124
1767174831.3912382,1,0,-120
1767174831.4012382,0,-2,-115
1767174831.4112382,0,-1,-111
1767174831.4212382,5,-4,-111
1767174831.4312382,3,-6,-111
1767174831.4412382,-2,-7,-118
1767174831.4512382,-3,-5,-119
1767174831.461238,-4,-5,-126
1767174831.471238,-7,-4,-122
1767174831.481238,-5,-2,-119
1767174831.491238,-5,-1,-116
1767174831.501238,-7,-2,-120
1767174831.511238,-6,-2,-123
1767174831.521238,-3,-4,-127
1767174831.531238,-1,-2,-130
1767174831.541238,0,0,-128
1767174831.551238,-1,0,-133
1767174831.561238,-2,1,-128
1767174831.571238,2,2,-123
1767174831.5822382,3,0,-119
1767174831.5922382,2,1,-117
1767174831.6012385,3,0,-120
1767174831.6112382,-3,-2,-118
1767174831.6222382,-6,-4,-112
1767174831.632238,0,-4,-112
1767174831.642238,2,-5,-113
1767174831.652238,2,-11,-115
1767174831.662238,0,-9,-121
1767174831.672238,-2,-11,-124
1767174831.682238,-3,-12,-120
1767174831.692238,0,-5,-119
1767174831.702238,5,0,-119
1767174831.712238,3,0,-116
1767174831.722238,3,-1,-116
1767174831.732238,4,-5,-113
1767174831.742238,1,-5,-111
1767174831.752238,-1,-3,-115
1767174831.7622385,0,-5,-117
1767174831.7722385,1,-6,-117
1767174831.7822382,2,-6,-112
1767174831.7922382,-3,-2,-117
1767174831.8022382,-2,-3,-120
1767174831.8122382,-1,-4,-118
1767174831.8222382,0,-5,-123
1767174831.8322382,1,-7,-129
1767174831.8422382,0,-6,-125
1767174831.8522382,2,-4,-124
1767174831.8622382,5,-6,-122
1767174831.8722382,3,-4,-123
1767174831.882238,0,-3,-121
1767174831.892238,-3,-4,-113
1767174831.902238,-6,-2,-113
1767174831.912238,-8,-5,-114
1767174831.922238,-8,-5,-114
1767174831.932238,-4,-4,-116
1767174831.942238,0,0,-115
1767174831.952238,1,-1,-120
1767174831.962238,3,-7,-118
1767174831.972238,-1,-2,-116
1767174831.982238,-2,-3,-116
1767174831.992238,-5,-4,-119
1767174832.002238,-2,-5,-117
1767174832.0122385,0,-6,-122
1767174832.0222385,0,-6,-125
1767174832.0322382,-1,-7,-123
1767174832.0422382,-1,-6,-123
1767174832.0522382,-1,-4,-123
1767174832.0622382,2,-2,-130
1767174832.0722382,3,-5,-136
1767174832.0822382,1,-6,-130
1767174832.0922382,-1,-3,-126
1767174832.1022382,-1,-6,-125
1767174832.1122382,-3,-4,-120
1767174832.1222382,-5,-2,-122
1767174832.132238,-3,3,-124
1767174832.142238,-5,2,-127
1767174832.152238,-2,1,-130
1767174832.162238,1,0,-125
1767174832.172238,0,-3,-125
1767174832.182238,-1,-8,-124
1767174832.192238,0,-2,-119
1767174832.202238,0,-3,-115
1767174832.212238,0,-7,-112
1767174832.222238,0,-6,-114
1767174832.232238,0,-7,-120
1767174832.242238,-2,-5,-122
1767174832.252238,-1,-4,-122
1767174832.2622385,0,-3,-121
1767174832.2722385,-3,0,-116
1767174832.2822382,-2,0,-118
1767174832.2922382,-2,-3,-125
1767174832.3022382,-3,-4,-123
1767174832.3122382,0,1,-119
1767174832.3222382,2,4,-118
1767174832.3322382,2,2,-122
1767174832.3422382,-2,3,-119
1767174832.3522382,-2,-2,-122
1767174832.3622382,-5,-1,-127
1767174832.3722382,-5,-5,-125
1767174832.382238,-7,-6,-123
1767174832.392238,-4,-7,-119
1767174832.402238,-3,-5,-118
1767174832.412238,2,-2,-129
1767174832.422238,1,3,-128
1767174832.432238,-1,2,-126
1767174832.442238,-1,3,-125
1767174832.452238,1,1,-122
1767174832.462238,2,-1,-114
1767174832.472238,1,-1,-114
1767174832.482238,1,0,-118
1767174832.492238,0,0,-116
1767174832.502238,3,1,-116
1767174832.5122385,3,0,-120
1767174832.5222385,5,0,-118
1767174832.5322382,0,-1,-118
1767174832.5422382,2,-1,-117
1767174832.5522382,-1,-5,-118
1767174832.5622382,-2,-7,-119
1767174832.5722382,-1,-4,-117
1767174832.5822382,-1,-2,-122
1767174832.5922382,-3,-5,-122
1767174832.6022382,0,-3,-116
1767174832.6122382,-1,-2,-118
1767174832.6222382,-2,-3,-117
1767174832.632238,0,-2,-117
1767174832.642238,0,-3,-115
1767174832.652238,0,-2,-119
1767174832.662238,-1,-3,-119
1767174832.672238,-1,0,-117
1767174832.682238,-5,0,-118
1767174832.692238,-5,-1,-117
1767174832.702238,-5,-1,-122
1767174832.712238,-5,-1,-125
1767174832.722238,-4,-9,-121
1767174832.732238,-8,-10,-120
1767174832.742238,-6,-10,-117
1767174832.752238,-4,-6,-117
1767174832.7622385,0,-6,-121
1767174832.7722385,4,-6,-115
1767174832.7822382,6,-3,-110
1767174832.7922382,0,0,-113
1767174832.8022382,1,-1,-112
1767174832.8122382,0,-4,-116
1767174832.8222382,0,-3,-118
1767174832.8322382,0,-2,-121
1767174832.8422382,2,-2,-120
1767174832.8522382,2,0,-117
1767174832.8622382,5,-4,-115
1767174832.8722382,3,-2,-116
1767174832.882238,4,-1,-129
1767174832.892238,1,-4,-125
1767174832.902238,0,-3,-119
1767174832.912238,-1,-3,-123
1767174832.922238,-1,-3,-128
1767174832.932238,-1,-6,-125
1767174832.942238,-6,-1,-121
1767174832.952238,-6,0,-128
1767174832.962238,-6,-2,-128
1767174832.972238,-9,-3,-118
1767174832.982238,-8,-1,-118
1767174832.992238,-5,-3,-122
1767174833.002238,-3,-4,-123
1767174833.0122385,-6,-2,-125
1767174833.0222385,-6,-4,-120
1767174833.0322382,-3,-7,-126
1767174833.0422382,-7,-7,-131
1767174833.0522382,-6,-2,-129
1767174833.0622382,-9,-2,-138
1767174833.0722382,-5,-6,-134
1767174833.0822382,-1,-5,-131
1767174833.0922382,4,-3,-125
1767174833.1022382,5,-3,-124
1767174833.1122382,2,0,-123
1767174833.1222382,0,-4,-121
1767174833.132238,2,-5,-114
1767174833.142238,-2,-5,-115
1767174833.152238,-3,-6,-118
1767174833.162238,-3,-5,-116
1767174833.172238,-3,-3,-119
1767174833.182238,-11,-5,-105
1767174833.192238,-10,-5,-100
1767174833.202238,-8,-5,-97
1767174833.212238,-4,-8,-99
1767174833.222238,-2,-5,-111
1767174833.232238,-2,-5,-109
1767174833.242238,-5,-2,-114
1767174833.252238,-1,-4,-112
1767174833.2622385,0,-1,-112
1767174833.2722385,0,-1,-113
1767174833.2822382,4,-4,-117
1767174833.2922382,3,-4,-113
1767174833.3022382,6,-1,-112
1767174833.3122382,4,0,-115
1767174833.3222382,6,0,-118
1767174833.3322382,2,-1,-122
1767174833.3422382,0,-3,-122
1767174833.3522382,0,-3,-127
1767174833.3622382,0,2,-127
1767174833.3722382,5,0,-134
1767174833.382238,3,-1,-129
1767174833.392238,-1,-5,-122
1767174833.402238,-5,-5,-121
1767174833.412238,-7,-3,-120
1767174833.422238,-3,-2,-117
1767174833.432238,-1,-1,-119
1767174833.442238,0,-3,-122
1767174833.452238,-1,-2,-113
1767174833.462238,-3,-5,-111
1767174833.472238,1,-4,-114
1767174833.482238,4,-6,-121
1767174833.492238,4,-1,-118
1767174833.502238,2,-1,-116
1767174833.5122385,3,0,-112
1767174833.5222385,-6,0,-109
1767174833.5322382,-4,-2,-112
1767174833.5422382,-4,-4,-116
1767174833.5522382,-6,-5,-118
1767174833.5622382,-4,-5,-122
1767174833.5722382,-3,-4,-125
1767174833.5822382,-5,0,-115
1767174833.5922382,-1,-4,-111
1767174833.6022382,0,-4,-116
1767174833.6122382,4,-3,-126
1767174833.6222382,2,0,-124
1767174833.632238,-1,4,-120
1767174833.642238,-2,4,-123
1767174833.652238,-8,1,-123
1767174833.662238,-7,0,-121
1767174833.672238,-3,-1,-121
1767174833.682238,-2,0,-117
1767174833.692238,-4,0,-121
1767174833.702238,-4,-2,-121
1767174833.712238,0,-1,-123
1767174833.722238,1,0,-120
1767174833.732238,0,-3,-113
1767174833.742238,3,-6,-116
1767174833.752238,5,-4,-111
1767174833.7622385,0,-6,-115
1767174833.7722385,-1,-4,-118
1767174833.7822382,-2,-5,-127
1767174833.7922382,-1,-5,-125
1767174833.8022382,0,-3,-129
1767174833.8122382,0,-5,-134
1767174833.8222382,-2,-5,-128
1767174833.8322382,-4,-7,-124
1767174833.8422382,-4,-10,-126
1767174833.8522382,-4,-8,-130
1767174833.8622382,-3,-6,-122
1767174833.8722382,0,-8,-121
1767174833.882238,0,-7,-126
1767174833.892238,1,-5,-124
1767174833.902238,-1,-6,-128
1767174833.912238,-5,-4,-124
1767174833.922238,-7,1,-123
1767174833.932238,-3,2,-126
1767174833.942238,-1,-3,-116
1767174833.952238,-2,-7,-105
1767174833.962238,-3,-6,-112
1767174833.972238,0,-4,-125
1767174833.982238,-5,-8,-126
1767174833.992238,-6,-7,-125
1767174834.002238,-7,-7,-123
1767174834.0122385,-7,-3,-125
1767174834.0222385,-3,-6,-128
1767174834.0322382,-3,-5,-136
1767174834.0422382,-3,-2,-137
1767174834.0522382,-5,0,-132
1767174834.0622382,-4,-1,-133
1767174834.0722382,-2,-6,-138
1767174834.0822382,-9,-4,-133
1767174834.0922382,-11,-3,-129
1767174834.1022382,-10,-8,-124
1767174834.1242385,0,-4,-117
1767174834.132238,0,0,-117
1767174834.142238,3,-3,-117
1767174834.152238,3,-2,-116
1767174834.162238,1,4,-115
1767174834.172238,1,3,-115
1767174834.182238,0,1,-117
1767174834.192238,2,-2,-125
1767174834.2032382,1,-6,-130
1767174834.212238,5,-11,-131
1767174834.222238,2,-7,-122
1767174834.2332382,3,-6,-113
1767174834.242238,1,-5,-120
1767174834.2532382,0,-3,-120
1767174834.2622385,3,-1,-119
1767174834.2732382,2,-2,-114
1767174834.2832382,0,-3,-113
1767174834.2932382,0,-3,-114
1767174834.3032382,3,-4,-120
1767174834.313238,5,-5,-118
1767174834.323238,4,-4,-120
1767174834.333238,3,-6,-118
1767174834.343238,0,-3,-113
1767174834.353238,0,-3,-118
1767174834.363238,3,-5,-124
1767174834.373238,0,-4,-121
1767174834.383238,-2,-3,-120
1767174834.393238,0,-5,-119
1767174834.403238,-2,-6,-120
1767174834.413238,-4,-5,-121
1767174834.423238,-1,-7,-124
1767174834.4332385,-1,-2,-124
1767174834.4432385,-4,-2,-117
1767174834.4532382,-3,-1,-113
1767174834.4632382,0,-1,-110
1767174834.4732382,-3,-4,-114
1767174834.4832382,-1,0,-106
1767174834.4932382,0,1,-107
1767174834.5032382,-2,0,-103
1767174834.5132382,-1,-4,-110
1767174834.5232382,-3,-6,-116
1767174834.5332382,-2,-8,-120
1767174834.5432382,-2,-6,-119
1767174834.5532382,0,-3,-120
1767174834.563238,7,-3,-125
1767174834.573238,11,-2,-122
1767174834.583238,9,-2,-124
1767174834.593238,5,0,-127
1767174834.603238,1,-2,-120
1767174834.613238,-2,-4,-122
1767174834.623238,1,-3,-121
1767174834.633238,4,-2,-132
1767174834.643238,6,-7,-130
1767174834.653238,5,-3,-122
1767174834.663238,3,-4,-123
1767174834.673238,2,-2,-118
1767174834.6832385,0,-1,-116
1767174834.6932385,0,2,-119
1767174834.7032382,4,1,-127
1767174834.7132382,2,0,-128
1767174834.7232382,1,-2,-131
1767174834.7332382,-2,0,-125
1767174834.7432382,-3,-2,-121
1767174834.7532382,-1,-9,-120
1767174834.7632382,-4,-5,-116
1767174834.7732382,-2,-4,-115
1767174834.7832382,-3,-3,-113
1767174834.7932382,-3,-1,-123
1767174834.8032382,-6,-4,-116
1767174834.813238,-10,-1,-114
1767174834.823238,-5,-3,-123
1767174834.833238,-3,-5,-116
1767174834.843238,-5,-7,-120
1767174834.853238,-9,-5,-119
1767174834.863238,-5,-2,-125
1767174834.873238,-1,0,-125
1767174834.883238,1,-2,-123
1767174834.893238,-4,0,-120
1767174834.903238,-7,-1,-123
1767174834.913238,-6,-3,-128
1767174834.923238,-1,-3,-130
1767174834.9332385,-2,-5,-127
1767174834.9432385,-1,-6,-128
1767174834.9532382,-1,-10,-126
1767174834.9632382,-3,-11,-130
1767174834.9732382,-1,-8,-128
1767174834.9832382,-4,-11,-123
1767174834.9932382,-6,-7,-117
1767174835.0032382,-4,-3,-115
1767174835.0132382,-4,0,-116
1767174835.0232382,-3,-1,-119
1767174835.0332382,-1,-5,-115
1767174835.0432382,-1,-1,-118
1767174835.0532382,-5,-3,-118
1767174835.063238,-1,-2,-114
1767174835.073238,4,0,-117
1767174835.083238,5,3,-123
1767174835.093238,8,1,-124
1767174835.103238,7,-1,-121
1767174835.113238,5,-2,-116
1767174835.123238,5,-2,-118
1767174835.133238,7,-4,-113
1767174835.143238,1,-3,-113
1767174835.153238,2,-4,-118
1767174835.163238,-1,-5,-117
1767174835.173238,0,-6,-123
1767174835.1832385,3,-5,-127
1767174835.1932385,4,-2,-130
1767174835.2032382,5,-4,-128
1767174835.2132382,5,0,-129
1767174835.2232382,8,0,-126
1767174835.2332382,10,1,-126
1767174835.2432382,2,0,-129
1767174835.2532382,0,1,-129
1767174835.2632382,4,1,-125
1767174835.2732382,3,3,-125
1767174835.2832382,1,0,-124
1767174835.2932382,2,1,-126
1767174835.3032382,0,1,-125
1767174835.313238,1,0,-121
1767174835.323238,1,2,-123
1767174835.333238,2,2,-125
1767174835.343238,5,2,-126
1767174835.353238,3,8,-121
1767174835.363238,3,7,-123
1767174835.373238,0,0,-117
1767174835.383238,-1,-1,-124
1767174835.393238,-5,-1,-122
1767174835.403238,-6,-3,-126
1767174835.413238,-3,-4,-122
1767174835.423238,-2,-3,-118
1767174835.4332385,-2,-3,-119
1767174835.4432385,-6,-3,-124
1767174835.4532382,-5,-3,-114
1767174835.4632382,-6,-8,-111
1767174835.4732382,-7,-9,-117
1767174835.4832382,-4,-9,-115
1767174835.4932382,-7,-13,-117
1767174835.5032382,-11,-12,-115
1767174835.5132382,-8,-13,-120
1767174835.5232382,-6,-10,-116
1767174835.5332382,-3,-8,-113
1767174835.5432382,-5,-10,-116
1767174835.5532382,-9,-7,-122
1767174835.563238,-4,-12,-126
1767174835.573238,-7,-15,-122
1767174835.583238,-10,-11,-125
1767174835.593238,-6,-10,-126
1767174835.603238,-5,-5,-128
1767174835.613238,-2,-1,-130
1767174835.623238,-4,-4,-130
1767174835.633238,-5,-2,-129
1767174835.643238,-3,0,-127
1767174835.653238,1,-2,-119
1767174835.663238,1,1,-120
1767174835.673238,3,3,-115
1767174835.6832385,9,2,-119
1767174835.6932385,7,0,-127
1767174835.7032382,6,-3,-123
1767174835.7132382,7,-5,-125
1767174835.7232382,5,-3,-124
1767174835.7332382,3,0,-123
1767174835.7432382,4,-1,-122
1767174835.7532382,4,-2,-120
1767174835.7632382,2,-1,-116
1767174835.7732382,1,-1,-103
1767174835.7832382,-2,-1,-110
1767174835.7932382,-1,-3,-109
1767174835.8032382,3,0,-111
1767174835.813238,2,0,-112
1767174835.823238,1,2,-107
1767174835.833238,1,2,-109
1767174835.843238,-2,-4,-111
1767174835.853238,-4,-3,-115
1767174835.863238,-6,-6,-118
1767174835.873238,-8,-8,-120
1767174835.883238,-6,-8,-119
1767174835.893238,-3,-8,-111
1767174835.903238,-4,-8,-112
1767174835.913238,-4,-6,-115
1767174835.923238,-8,-5,-121
1767174835.9332385,-5,-6,-121
1767174835.9432385,-2,-2,-118
1767174835.9532382,0,-2,-119
1767174835.9632382,1,-3,-123
1767174835.9732382,-2,-4,-126
1767174835.9832382,-1,-3,-125
1767174835.9932382,-3,-2,-120
1767174836.0032382,3,0,-124
1767174836.0132382,3,0,-122
1767174836.0232382,3,-4,-120
1767174836.0332382,1,-1,-118
1767174836.0432382,0,0,-122
1767174836.0532382,-3,3,-124
1767174836.063238,-2,7,-121
1767174836.073238,-8,2,-121
1767174836.083238,-4,0,-118
1767174836.093238,-3,-1,-123
1767174836.103238,1,-5,-116
1767174836.113238,-1,-3,-109
1767174836.123238,-8,0,-104
1767174836.133238,-10,-1,-109
1767174836.143238,-8,-1,-115
1767174836.153238,-6,-2,-115
1767174836.163238,-5,0,-108
1767174836.173238,-6,-1,-104
1767174836.1832385,-11,-4,-103
1767174836.1932385,-6,-3,-103
1767174836.2032382,-8,-1,-110
1767174836.2132382,-3,-5,-117
1767174836.2232382,0,0,-120
1767174836.2332382,0,-2,-119
1767174836.2432382,-1,-1,-126
1767174836.2532382,4,1,-126
1767174836.2632382,1,0,-121
1767174836.2732382,-5,0,-121
1767174836.2832382,-6,2,-126
1767174836.2932382,-6,0,-126
1767174836.3032382,-2,0,-127
1767174836.313238,0,0,-123
1767174836.323238,-6,0,-120
1767174836.333238,-2,-2,-123
1767174836.343238,-1,0,-123
1767174836.353238,3,-1,-127
1767174836.363238,9,-8,-123
1767174836.373238,10,-9,-120
1767174836.383238,8,-7,-116
1767174836.393238,5,-6,-122
1767174836.403238,1,-10,-120
1767174836.413238,0,-9,-120
1767174836.423238,4,-5,-126
1767174836.4332385,5,-11,-125
1767174836.4432385,6,-10,-117
1767174836.4532382,3,-10,-118
1767174836.4632382,5,-7,-110
1767174836.4732382,0,-8,-114
1767174836.4832382,-1,-1,-117
1767174836.4932382,-1,2,-124
1767174836.5032382,0,2,-119
1767174836.5132382,-1,-4,-112
1767174836.5232382,-4,-3,-119
1767174836.5332382,-6,-3,-115
1767174836.5432382,-10,-4,-115
1767174836.5532382,-5,-3,-115
1767174836.563238,-4,-2,-116
1767174836.573238,-4,-1,-124
1767174836.583238,-4,-4,-124
1767174836.593238,-4,-5,-119
1767174836.603238,-7,-7,-114
1767174836.613238,-5,-6,-115
1767174836.623238,-3,-3,-119
1767174836.633238,-1,-4,-124
1767174836.643238,-3,-5,-127
1767174836.653238,-1,-6,-128
1767174836.663238,-4,-6,-123
1767174836.673238,0,-6,-118
1767174836.6832385,-2,-3,-123
1767174836.6932385,1,-2,-123
1767174836.7032382,-1,-2,-122
1767174836.7132382,-1,-1,-122
1767174836.7232382,1,-1,-119
1767174836.7332382,2,0,-115
1767174836.7432382,4,-1,-115
1767174836.7532382,5,-5,-106
1767174836.7632382,7,-5,-114
1767174836.7732382,4,-5,-123
1767174836.7832382,6,-4,-127
1767174836.7932382,1,-4,-132
1767174836.8032382,-1,-5,-130
1767174836.813238,0,-1,-130
1767174836.823238,-4,1,-130
1767174836.833238,-3,1,-129
1767174836.843238,-5,4,-127
1767174836.853238,-7,1,-122
1767174836.863238,-2,-1,-114
1767174836.873238,2,-6,-117
1767174836.883238,0,-1,-116
1767174836.893238,-1,-2,-116
1767174836.903238,-5,0,-122
1767174836.913238,-1,4,-128
1767174836.923238,0,4,-132
1767174836.9332385,-1,0,-132
1767174836.9432385,0,2,-134
1767174836.9532382,0,4,-129
1767174836.9642382,5,1,-120
1767174836.9742382,2,0,-115
1767174836.984238,1,0,-115
1767174836.994238,3,1,-106
1767174837.004238,0,3,-109
1767174837.014238,0,2,-111
1767174837.024238,0,2,-112
1767174837.034238,-1,5,-114
1767174837.044238,-1,5,-117
1767174837.054238,0,2,-116
1767174837.064238,-2,2,-119
1767174837.074238,-2,0,-124
1767174837.084238,0,-1,-122
1767174837.094238,-1,0,-124
1767174837.1042385,-2,2,-127
1767174837.1142385,0,2,-128
1767174837.1242385,8,1,-131
1767174837.1342382,6,4,-129
1767174837.1442382,5,1,-124
1767174837.1542382,3,-2,-118
1767174837.1642382,-4,3,-120
1767174837.1742382,-2,5,-119
1767174837.1842382,0,-2,-122
1767174837.1942382,0,-2,-123
1767174837.2042382,-1,-2,-117
1767174837.2142382,-3,-4,-116
1767174837.2242382,-4,-1,-125
1767174837.234238,-4,-4,-124
1767174837.244238,-7,-7,-122
1767174837.254238,-3,-6,-118
1767174837.264238,1,-11,-123
1767174837.274238,2,-10,-125
1767174837.284238,4,-10,-126
1767174837.294238,5,-6,-127
1767174837.304238,6,-4,-125
1767174837.314238,4,-1,-119
1767174837.324238,4,0,-122
1767174837.334238,7,-2,-126
1767174837.344238,7,-7,-133
1767174837.3542385,1,-6,-131
1767174837.3642385,0,-2,-125
1767174837.3742385,1,-1,-127
1767174837.3842382,4,0,-131
1767174837.3942382,5,3,-131
1767174837.4042382,5,0,-125
1767174837.4142382,1,0,-123
1767174837.4242382,1,4,-124
1767174837.4342382,2,-4,-132
1767174837.4442382,0,-2,-136
1767174837.4542382,0,0,-129
1767174837.4642382,0,0,-122
1767174837.4742382,4,2,-115
1767174837.484238,4,3,-107
1767174837.494238,1,2,-112
1767174837.504238,-5,0,-117
1767174837.514238,-3,1,-119
1767174837.524238,-4,-4,-125
1767174837.534238,-6,-5,-133
1767174837.544238,-2,-6,-129
1767174837.554238,-2,-5,-125
1767174837.564238,0,-4,-124
1767174837.574238,-3,1,-125
1767174837.584238,-2,1,-129
1767174837.594238,-3,0,-128
1767174837.6042385,1,-1,-120
1767174837.6142385,5,-6,-117
1767174837.6242385,2,-7,-116
1767174837.6342382,1,-9,-116
1767174837.6442382,0,-8,-120
1767174837.6542382,-2,-5,-118
1767174837.6642382,0,-4,-118
1767174837.6742382,4,-5,-125
1767174837.6842382,5,-2,-126
1767174837.6942382,9,-5,-125
1767174837.7042382,5,-3,-129
1767174837.7142382,2,-3,-127
1767174837.7242382,0,-4,-130
1767174837.734238,-5,-5,-126
1767174837.744238,-5,-3,-126
1767174837.754238,-1,0,-124
1767174837.764238,4,-3,-120
1767174837.774238,4,-6,-119
1767174837.784238,4,-8,-124
1767174837.794238,3,-6,-121
1767174837.804238,7,-8,-122
1767174837.814238,5,-8,-126
1767174837.824238,1,-7,-134
1767174837.834238,-3,-6,-132
1767174837.844238,-6,-2,-131
1767174837.8542385,-5,-2,-128
1767174837.8642385,-3,-5,-126
1767174837.8742385,0,-4,-126
1767174837.8842382,1,-2,-124
1767174837.8942382,-1,-2,-118
1767174837.9042382,0,-2,-110
1767174837.9142382,1,-5,-110
1767174837.9242382,4,-6,-106
1767174837.9342382,3,-6,-109
1767174837.9442382,4,0,-113
1767174837.9542382,2,0,-117
1767174837.9642382,2,0,-111
1767174837.9742382,3,-1,-117
1767174837.984238,5,-1,-121
1767174837.994238,2,-2,-125
1767174838.004238,4,-4,-119
1767174838.014238,2,-6,-120
1767174838.024238,1,-7,-116
1767174838.034238,5,-12,-110
1767174838.044238,5,-9,-112
1767174838.054238,7,-7,-113
1767174838.064238,8,-6,-116
1767174838.074238,10,-6,-114
1767174838.084238,6,-8,-111
1767174838.094238,9,-5,-116
1767174838.1042385,7,-2,-117
1767174838.1142385,5,0,-117
1767174838.1242385,3,-4,-120
1767174838.1342382,4,-10,-125
1767174838.1442382,0,-7,-121
1767174838.1542382,0,-6,-121
1767174838.1642382,-2,-3,-123
1767174838.1742382,-3,-2,-121
1767174838.1842382,-3,0,-125
1767174838.1942382,-3,0,-128
1767174838.2042382,0,0,-120
1767174838.2142382,0,0,-124
1767174838.2242382,0,0,-122
1767174838.234238,3,4,-122
1767174838.244238,-1,7,-122
1767174838.254238,5,4,-124
1767174838.264238,6,4,-123
1767174838.274238,3,0,-127
1767174838.284238,4,1,-131
1767174838.294238,3,2,-124
1767174838.304238,4,3,-122
1767174838.314238,1,1,-119
1767174838.324238,-1,0,-120
1767174838.334238,-2,0,-121
1767174838.344238,-3,-1,-118
1767174838.3542385,-2,-3,-120
1767174838.3642385,4,-2,-120
1767174838.3742385,5,0,-121
1767174838.3842382,3,1,-126
1767174838.3942382,1,4,-138
1767174838.4042382,-4,5,-140
1767174838.4142382,-3,2,-131
1767174838.4242382,-1,7,-136
1767174838.4342382,-3,8,-131
1767174838.4442382,1,4,-133
1767174838.4542382,-3,7,-132
1767174838.4642382,0,1,-127
1767174838.4742382,5,1,-130
1767174838.484238,2,1,-125
1767174838.494238,4,0,-122
1767174838.504238,5,0,-124
1767174838.514238,7,-1,-119
1767174838.524238,4,2,-105
1767174838.534238,4,1,-108
1767174838.544238,0,0,-111
1767174838.554238,-4,0,-118
1767174838.564238,-8,2,-119
1767174838.574238,-7,-2,-120
1767174838.584238,-9,-3,-120
1767174838.594238,-2,-4,-116
1767174838.6042385,-1,-7,-119
1767174838.6142385,-2,-7,-123
1767174838.6242385,-2,-5,-120
1767174838.6342382,-6,-3,-120
1767174838.6442382,-9,-9,-118
1767174838.6542382,-10,-3,-116
1767174838.6642382,-7,-2,-113
1767174838.6742382,-2,-4,-113
1767174838.6842382,-4,0,-117
1767174838.6942382,-5,6,-116
1767174838.7042382,-3,4,-117
1767174838.7142382,-1,0,-113
1767174838.7242382,-1,-2,-114
1767174838.734238,-3,-5,-106
1767174838.744238,-2,-7,-111
1767174838.754238,-3,-6,-112
1767174838.764238,0,-6,-117
1767174838.774238,3,-7,-115
1767174838.784238,2,-5,-123
1767174838.794238,3,-6,-122
1767174838.804238,0,-6,-122
1767174838.814238,0,-5,-125
1767174838.824238,5,-10,-128
1767174838.834238,0,-8,-123
1767174838.844238,-1,-10,-120
1767174838.8542385,-3,-6,-117
1767174838.8642385,-3,-6,-115
1767174838.8742385,0,-7,-118
1767174838.8842382,0,-5,-120
1767174838.8942382,3,-5,-122
1767174838.9042382,3,-2,-122
1767174838.9142382,6,-1,-120
1767174838.9242382,4,-2,-122
1767174838.9342382,4,0,-124
1767174838.9442382,1,0,-129
1767174838.9542382,-4,-4,-124
1767174838.9642382,-2,-3,-125
1767174838.9742382,-4,-7,-129
1767174838.984238,-1,-9,-131
1767174838.994238,0,-6,-128
1767174839.004238,-1,-2,-128
1767174839.014238,0,-2,-132
1767174839.024238,2,-4,-134
1767174839.034238,-3,-2,-131
1767174839.044238,-3,-1,-132
1767174839.054238,-3,0,-130
1767174839.064238,-2,1,-130
1767174839.074238,-5,-2,-127
1767174839.084238,-3,-1,-130
1767174839.094238,-4,-1,-138
1767174839.1042385,0,-1,-148
1767174839.1142385,-2,0,-142
1767174839.136238,-4,5,-134
1767174839.1442382,-4,0,-128
1767174839.1542382,-3,0,-124
1767174839.1642382,-2,-1,-120
1767174839.1742382,-5,-4,-119
1767174839.1842382,-4,0,-119
1767174839.1942382,-2,-4,-124
1767174839.2042382,-2,-3,-128
1767174839.2142382,0,-3,-125
1767174839.2242382,0,-6,-125
1767174839.234238,0,-2,-121
1767174839.244238,-1,-1,-115
1767174839.254238,-1,0,-115
1767174839.264238,-1,0,-118
1767174839.274238,0,-4,-124
1767174839.284238,-2,-1,-135
1767174839.294238,-6,-4,-129
1767174839.304238,-7,0,-127
1767174839.314238,-6,-1,-123
1767174839.324238,-2,1,-122
1767174839.334238,-2,-1,-121
1767174839.344238,-3,-2,-120
1767174839.3542385,0,-1,-119
1767174839.3642385,0,0,-120
1767174839.3742385,2,-4,-116
1767174839.3842382,1,0,-121
1767174839.3942382,-3,1,-120
1767174839.4042382,0,1,-116
1767174839.4142382,-3,-1,-118
1767174839.4242382,-5,0,-122
1767174839.4342382,-4,-1,-123
1767174839.4442382,0,-6,-117
1767174839.4542382,0,-7,-121
1767174839.4642382,-3,-6,-122
1767174839.4742382,-1,-4,-117
1767174839.484238,-1,-4,-121
1767174839.494238,-5,-7,-122
1767174839.504238,-2,-6,-125
1767174839.514238,-2,-2,-127
1767174839.524238,2,-1,-126
1767174839.534238,1,-1,-124
1767174839.5452385,0,2,-126
1767174839.554238,1,0,-131
1767174839.564238,2,-1,-128
1767174839.574238,0,0,-127
1767174839.5852382,0,0,-124
1767174839.5952382,7,-5,-113
1767174839.6052382,7,-4,-116
1767174839.6152382,5,-3,-117
1767174839.6252382,1,-6,-122
1767174839.6352382,5,-5,-120
1767174839.6452382,4,-6,-120
1767174839.6552382,4,0,-121
1767174839.665238,1,-3,-121
1767174839.675238,4,0,-118
1767174839.685238,-4,-2,-107
1767174839.695238,-7,0,-109
1767174839.705238,-5,0,-112
1767174839.715238,-7,1,-115
1767174839.725238,-11,-1,-111
1767174839.735238,-6,-4,-113
1767174839.745238,-5,-5,-115
1767174839.755238,-8,-5,-115
1767174839.765238,-4,-1,-114
1767174839.775238,-2,0,-116
1767174839.7852385,-1,-1,-123
1767174839.7952385,0,-5,-124
1767174839.8052382,-1,-1,-119
1767174839.8152382,0,-2,-119
1767174839.8252382,1,0,-119
1767174839.8352382,3,4,-119
1767174839.8452382,6,5,-113
1767174839.8552382,1,3,-116
1767174839.8652382,-1,0,-114
1767174839.8752382,-3,-3,-116
1767174839.8852382,-3,-1,-112
1767174839.8952382,-3,0,-108
1767174839.9052382,-2,-4,-116
1767174839.915238,-3,-8,-116
1767174839.925238,-1,-6,-121
1767174839.935238,0,-2,-122
1767174839.945238,0,-1,-126
1767174839.955238,-1,-1,-122
1767174839.965238,-5,0,-120
1767174839.975238,-3,0,-123
1767174839.985238,-4,0,-128
1767174839.995238,-10,0,-125
1767174840.005238,-9,0,-127
1767174840.015238,-5,-2,-132
1767174840.025238,-8,-2,-123
1767174840.0352385,-9,-3,-120
1767174840.0452385,-8,0,-117
1767174840.0552382,-3,2,-120
1767174840.0652382,-1,6,-119
1767174840.0752382,2,7,-117
1767174840.0852382,2,5,-118
1767174840.0952382,2,2,-124
1767174840.1052382,3,0,-129
1767174840.1152382,1,-1,-124
1767174840.1252382,2,0,-119
1767174840.1352382,4,0,-120
1767174840.1452382,6,0,-121
1767174840.1552382,4,3,-125
1767174840.165238,4,3,-128
1767174840.175238,7,4,-127
1767174840.185238,3,3,-128
1767174840.195238,1,5,-128
1767174840.205238,1,2,-127
1767174840.215238,-1,4,-124
1767174840.225238,-4,3,-121
1767174840.235238,-4,2,-118
1767174840.245238,-1,2,-117
1767174840.255238,-1,3,-117
1767174840.265238,1,3,-116
1767174840.275238,-4,0,-115
1767174840.2852385,0,1,-113
1767174840.2952385,2,1,-115
1767174840.3052382,4,0,-116
1767174840.3152382,2,-3,-120
1767174840.3252382,1,-2,-121
1767174840.3352382,1,-1,-121
1767174840.3452382,-3,0,-119
1767174840.3552382,1,5,-113
1767174840.3652382,-1,6,-112
1767174840.3752382,0,7,-118
1767174840.3852382,0,3,-122
1767174840.3952382,1,-1,-118
1767174840.4052382,0,-1,-114
1767174840.415238,0,-3,-116
1767174840.425238,-1,-4,-121
1767174840.435238,1,-5,-127
1767174840.445238,0,-3,-131
1767174840.455238,1,-2,-125
1767174840.465238,0,-7,-122
1767174840.475238,0,-4,-130
1767174840.485238,-1,-4,-128
1767174840.495238,0,-6,-128
1767174840.505238,0,-9,-123
1767174840.515238,-2,-9,-120
1767174840.525238,-2,-9,-119
1767174840.5352385,-6,-10,-117
1767174840.5452385,-13,-6,-120
1767174840.5552382,-10,-4,-123
1767174840.5652382,-5,-1,-124
1767174840.5752382,-5,-4,-131
1767174840.5852382,-1,-5,-126
1767174840.5952382,0,-6,-119
1767174840.6052382,1,0,-120
1767174840.6152382,3,5,-116
1767174840.6252382,1,2,-116
1767174840.6352382,-5,0,-121
1767174840.6452382,-5,0,-120
1767174840.6552382,-8,0,-122
1767174840.665238,-6,2,-123
1767174840.675238,-6,4,-120
1767174840.685238,-2,3,-120
1767174840.695238,4,1,-128
1767174840.705238,2,2,-129
1767174840.715238,-4,0,-125
1767174840.725238,-2,0,-123
1767174840.735238,0,0,-130
1767174840.745238,0,1,-133
1767174840.755238,-7,-1,-135
1767174840.765238,-11,-3,-133
1767174840.775238,-11,-3,-128
1767174840.7852385,-6,-4,-125
1767174840.7952385,-2,0,-129
1767174840.8052382,0,0,-129
1767174840.8152382,2,2,-126
1767174840.8252382,10,2,-122
1767174840.8352382,10,2,-123
1767174840.8452382,6,-1,-122
1767174840.8552382,2,-1,-126
1767174840.8652382,1,0,-123
1767174840.8752382,2,-2,-120
1767174840.8852382,1,-1,-124
1767174840.8952382,2,0,-125
1767174840.9052382,1,1,-129
1767174840.915238,0,-2,-134
1767174840.925238,0,-2,-131
1767174840.935238,0,-3,-130
1767174840.945238,-2,-2,-129
1767174840.955238,-1,-3,-135
1767174840.965238,-4,-1,-134
1767174840.975238,-7,0,-129
1767174840.985238,-7,0,-131
1767174840.995238,-6,-1,-134
1767174841.005238,0,-1,-132
1767174841.015238,1,2,-127
1767174841.025238,1,2,-122
1767174841.0352385,0,7,-120
1767174841.0452385,0,6,-116
1767174841.0552382,0,2,-111
1767174841.0652382,0,4,-113
1767174841.0752382,0,1,-116
1767174841.0852382,2,1,-115
1767174841.0952382,6,-4,-116
1767174841.1052382,5,-3,-119
1767174841.1152382,3,-6,-124
1767174841.1252382,0,-3,-125
1767174841.1352382,0,-3,-117
1767174841.1452382,-2,-3,-120
1767174841.1552382,-3,-6,-117
1767174841.165238,-1,-6,-115
1767174841.175238,2,-9,-115
1767174841.185238,-1,-8,-125
1767174841.195238,-4,-6,-129
1767174841.205238,-4,-8,-129
1767174841.215238,-2,-5,-123
1767174841.225238,0,-3,-122
1767174841.235238,-6,-4,-120
1767174841.245238,-6,-5,-125
1767174841.255238,-7,-6,-131
1767174841.265238,-8,-2,-135
1767174841.275238,-6,-1,-133
1767174841.2852385,-11,0,-131
1767174841.2952385,-10,-1,-124
1767174841.3052382,-9,-3,-126
1767174841.3152382,-10,-4,-128
1767174841.3252382,-11,-3,-126
1767174841.3352382,-10,-4,-129
1767174841.3452382,-6,0,-131
1767174841.3552382,-3,-6,-133
1767174841.3652382,-7,-6,-131
1767174841.3752382,-8,-5,-126
1767174841.3852382,-5,-6,-120
1767174841.3952382,-1,-7,-124
1767174841.4052382,5,-4,-130
1767174841.415238,5,-6,-126
1767174841.425238,8,-4,-123
1767174841.435238,5,0,-121
1767174841.445238,1,-3,-119
1767174841.455238,-3,-4,-123
1767174841.465238,-5,-2,-130
1767174841.475238,-2,-1,-135
1767174841.485238,-2,-2,-133
1767174841.495238,0,-2,-129
1767174841.505238,1,-5,-122
1767174841.515238,3,-5,-118
1767174841.525238,4,-5,-120
1767174841.5352385,0,-4,-116
1767174841.5452385,4,-3,-113
1767174841.5552382,4,-5,-116
1767174841.5652382,8,-6,-120
1767174841.5752382,3,-2,-119
1767174841.5852382,3,0,-115
1767174841.5952382,1,2,-110
1767174841.6052382,1,2,-116
1767174841.6152382,4,0,-120
1767174841.6252382,3,2,-116
1767174841.6352382,6,0,-111
1767174841.6452382,6,-3,-109
1767174841.6552382,6,-3,-107
1767174841.665238,4,-4,-109
1767174841.675238,7,-3,-108
1767174841.685238,6,-3,-102
1767174841.695238,3,-5,-106
1767174841.705238,0,-4,-109
1767174841.715238,-2,-1,-113
1767174841.725238,3,0,-120
1767174841.735238,0,2,-122
1767174841.745238,1,1,-119
1767174841.755238,0,0,-122
1767174841.765238,0,0,-125
1767174841.775238,0,0,-125
1767174841.7852385,0,-3,-129
1767174841.7952385,0,-4,-123
1767174841.8052382,-2,-3,-127
1767174841.8152382,-4,4,-131
1767174841.8252382,0,6,-126
1767174841.8352382,2,4,-123
1767174841.8452382,1,4,-120
1767174841.8552382,-2,1,-116
1767174841.8652382,-1,-1,-116
1767174841.8752382,1,-3,-120
1767174841.8852382,-1,-3,-122
1767174841.8952382,0,-3,-120
1767174841.9052382,0,-1,-115
1767174841.915238,0,0,-115
1767174841.925238,1,-3,-117
1767174841.935238,2,-8,-128
1767174841.945238,1,-7,-129
1767174841.955238,0,-5,-126
1767174841.965238,-3,-4,-126
1767174841.975238,-1,-1,-126
1767174841.985238,-1,1,-127
1767174841.995238,-3,1,-127
1767174842.005238,-6,0,-127
1767174842.015238,-8,-3,-127
1767174842.025238,-8,0,-122
1767174842.0352385,-6,1,-121
1767174842.0452385,-5,-1,-123
1767174842.0552382,-7,3,-123
1767174842.0652382,-4,8,-123
1767174842.0752382,-3,9,-122
1767174842.0852382,-3,8,-121
1767174842.0952382,-6,4,-120
1767174842.1052382,-9,1,-115
1767174842.1152382,-6,0,-117
1767174842.1252382,-8,0,-121
1767174842.1352382,-6,1,-119
1767174842.1452382,-2,2,-111
1767174842.1552382,-3,0,-113
1767174842.165238,-4,-1,-115
1767174842.175238,-2,-1,-117
1767174842.185238,0,0,-107
1767174842.196238,0,-4,-101
1767174842.205238,-3,-3,-110
1767174842.2162385,0,-3,-112
1767174842.225238,-5,-2,-112
1767174842.235238,-5,-3,-109
1767174842.2462382,-9,-1,-107
1767174842.255238,-9,-3,-108
1767174842.2662382,-11,0,-112
1767174842.2762382,-10,7,-119
1767174842.2862382,-6,4,-126
1767174842.2962382,-6,2,-125
1767174842.3062382,-5,2,-122
1767174842.3162382,-4,2,-126
1767174842.3262382,0,2,-127
1767174842.336238,0,5,-127
1767174842.346238,-2,4,-123
1767174842.356238,-2,1,-116
1767174842.366238,-1,2,-112
1767174842.376238,-2,2,-115
1767174842.386238,1,0,-116
1767174842.396238,0,0,-118
1767174842.406238,5,-2,-116
1767174842.416238,7,-1,-115
1767174842.426238,6,-2,-109
1767174842.436238,0,-5,-114
1767174842.446238,-4,-8,-117
1767174842.4562385,-4,-4,-113
1767174842.4662385,-3,-3,-117
1767174842.4762385,3,-2,-123
1767174842.4862382,0,-2,-118
1767174842.4962382,-3,0,-118
1767174842.5062382,0,0,-122
1767174842.5162382,3,0,-113
1767174842.5262382,0,0,-107
1767174842.5362382,0,-1,-111
1767174842.5462382,-2,-3,-113
1767174842.5562382,2,-1,-114
1767174842.5662382,4,-4,-115
1767174842.5762382,6,-2,-118
1767174842.586238,6,5,-122
1767174842.596238,9,-1,-118
1767174842.606238,8,0,-112
1767174842.616238,8,0,-115
1767174842.626238,3,-1,-120
1767174842.636238,-3,-5,-125
1767174842.646238,-4,-8,-129
1767174842.656238,0,-9,-125
1767174842.666238,0,-10,-124
1767174842.676238,6,-6,-127
1767174842.686238,10,-3,-128
1767174842.696238,10,-5,-124
1767174842.7062385,11,-4,-124
1767174842.7162385,7,-3,-114
1767174842.7262385,4,-2,-111
1767174842.7362382,0,-3,-113
1767174842.7462382,0,-5,-124
1767174842.7562382,-3,-4,-122
1767174842.7662382,-7,-4,-125
1767174842.7762382,-6,-4,-122
1767174842.7862382,-3,0,-119
1767174842.7962382,-2,4,-123
1767174842.8062382,-3,2,-124
1767174842.8162382,-1,2,-127
1767174842.8262382,0,0,-127
1767174842.836238,1,4,-126
1767174842.846238,0,4,-127
1767174842.856238,2,2,-129
1767174842.866238,1,-2,-125
1767174842.876238,0,-3,-126
1767174842.886238,2,-2,-121
1767174842.896238,5,0,-121
1767174842.906238,4,0,-121
1767174842.916238,0,0,-125
1767174842.926238,-1,0,-127
1767174842.936238,-1,0,-124
1767174842.946238,0,-1,-122
1767174842.9562385,0,0,-118
1767174842.9662385,0,0,-117
1767174842.9762385,-2,2,-127
1767174842.9862382,-2,0,-125
1767174842.9962382,-5,3,-121
1767174843.0062382,-4,0,-124
1767174843.0162382,-4,-1,-131
1767174843.0262382,-7,-1,-133
1767174843.0362382,-5,1,-130
1767174843.0462382,-5,2,-130
1767174843.0562382,0,6,-124
1767174843.0662382,2,7,-113
1767174843.0762382,0,4,-112
1767174843.086238,-1,3,-116
1767174843.096238,-4,4,-111
1767174843.106238,-2,5,-111
1767174843.116238,0,1,-116
1767174843.126238,1,3,-116
1767174843.136238,0,3,-122
1767174843.146238,0,0,-119
1767174843.156238,4,-1,-116
1767174843.166238,0,-5,-111
1767174843.176238,1,-1,-111
1767174843.186238,2,0,-114
1767174843.196238,4,0,-112
1767174843.2062385,3,-1,-113
1767174843.2162385,0,-4,-116
1767174843.2262385,-1,-5,-122
1767174843.2362382,-1,-2,-123
1767174843.2462382,-1,-1,-121
1767174843.2562382,0,-1,-124
1767174843.2662382,2,-2,-125
1767174843.2762382,2,-3,-123
1767174843.2862382,1,0,-132
1767174843.2962382,1,0,-138
1767174843.3062382,3,0,-132
1767174843.3162382,5,0,-122
1767174843.3262382,5,1,-119
1767174843.336238,0,0,-121
1767174843.346238,-3,-1,-117
1767174843.356238,-1,0,-120
1767174843.366238,-1,-2,-116
1767174843.376238,0,0,-120
1767174843.386238,0,-1,-129
1767174843.396238,-2,-3,-129
1767174843.406238,0,-3,-127
1767174843.416238,6,-4,-128
1767174843.426238,4,-2,-130
1767174843.436238,3,0,-124
1767174843.446238,6,0,-128
1767174843.4562385,5,2,-127
1767174843.4662385,2,-2,-124
1767174843.4762385,-1,-2,-128
1767174843.4862382,-2,-6,-132
1767174843.4962382,-1,-10,-132
1767174843.5062382,0,-7,-129
1767174843.5162382,1,-6,-125
1767174843.5262382,0,-4,-122
1767174843.5362382,0,-5,-119
1767174843.5462382,4,-6,-122
1767174843.5562382,1,-2,-121
1767174843.5662382,0,0,-118
1767174843.5762382,3,2,-117
1767174843.586238,2,0,-121
1767174843.596238,3,3,-121
1767174843.606238,-2,1,-121
1767174843.616238,-5,-1,-126
1767174843.626238,-7,-5,-121
1767174843.636238,-12,-7,-124
1767174843.646238,-11,-7,-128
1767174843.656238,-9,-10,-127
1767174843.666238,-7,-11,-126
1767174843.676238,-6,-7,-119
1767174843.686238,0,-3,-123
1767174843.696238,4,-2,-119
1767174843.7062385,2,-2,-116
1767174843.7162385,3,-3,-116
1767174843.7262385,5,-5,-120
1767174843.7362382,6,-4,-127
1767174843.7462382,5,-1,-124
1767174843.7562382,4,-5,-119
1767174843.7662382,4,-5,-117
1767174843.7762382,3,-7,-120
1767174843.7862382,1,-9,-120
1767174843.7962382,1,-9,-121
1767174843.8062382,1,-5,-123
1767174843.8162382,-1,-3,-119
1767174843.8262382,3,0,-120
1767174843.836238,3,1,-121
1767174843.846238,0,0,-123
1767174843.856238,0,0,-129
1767174843.866238,-2,1,-123
1767174843.876238,-2,0,-115
1767174843.886238,-5,2,-118
1767174843.896238,-3,0,-114
1767174843.906238,-1,-1,-114
1767174843.916238,-2,-2,-117
1767174843.926238,-3,0,-117
1767174843.936238,-1,1,-122
1767174843.946238,5,2,-113
1767174843.9562385,4,2,-113
1767174843.9662385,2,0,-114
1767174843.9762385,0,-7,-113
1767174843.9862382,0,-8,-119
1767174843.9962382,0,-9,-119
1767174844.0062382,-1,-9,-125
1767174844.0162382,3,-11,-125
1767174844.0262382,1,-10,-123
1767174844.0362382,-4,-10,-125
1767174844.0462382,-6,-11,-122
1767174844.0562382,0,-6,-125
1767174844.0662382,1,-3,-120
1767174844.0762382,-4,-3,-114
1767174844.086238,-4,0,-115
1767174844.096238,-5,-2,-119
1767174844.106238,-5,-3,-125
1767174844.116238,-7,-3,-125
1767174844.126238,-4,0,-125
1767174844.1472385,-4,-2,-124
1767174844.156238,-6,-4,-125
1767174844.166238,-10,-5,-122
1767174844.176238,-13,-6,-122
1767174844.186238,-8,-2,-123
1767174844.196238,-9,-2,-127
1767174844.2062385,-10,-4,-120
1767174844.2162385,-5,-3,-117
1767174844.2262385,-7,0,-117
1767174844.2362382,-4,-1,-116
1767174844.2462382,-3,0,-114
1767174844.2562382,-1,-2,-115
1767174844.2662382,5,0,-125
1767174844.2762382,6,0,-131
1767174844.2862382,7,3,-125
1767174844.2962382,6,3,-129
1767174844.3062382,7,0,-132
1767174844.3162382,6,0,-132
1767174844.3262382,2,-1,-130
1767174844.336238,3,-4,-128
1767174844.346238,3,-5,-124
1767174844.356238,-2,-4,-126
1767174844.366238,-3,-3,-131
1767174844.376238,-2,-3,-129
1767174844.386238,-2,-3,-127
1767174844.396238,-5,-4,-121
1767174844.406238,-7,-4,-121
1767174844.416238,-4,-2,-117
1767174844.426238,-1,-1,-123
1767174844.436238,1,0,-124
1767174844.446238,3,1,-119
1767174844.4562385,2,0,-124
1767174844.4662385,0,0,-127
1767174844.4762385,3,0,-124
1767174844.4862382,3,0,-118
1767174844.4962382,2,1,-126
1767174844.5062382,0,2,-131
1767174844.5162382,-2,2,-132
1767174844.5262382,-1,1,-131
1767174844.5362382,-6,1,-124
1767174844.5462382,-6,3,-131
1767174844.5562382,-6,0,-143
1767174844.5662382,-8,-2,-139
1767174844.5762382,-10,-3,-133
1767174844.586238,-2,-1,-127
1767174844.596238,1,4,-128
1767174844.606238,0,-2,-126
1767174844.616238,-3,-7,-121
1767174844.626238,-7,-11,-122
1767174844.636238,-1,-7,-123
1767174844.646238,-2,-4,-122
1767174844.656238,-3,-2,-127
1767174844.666238,2,-2,-120
1767174844.676238,0,-4,-118
1767174844.686238,-5,-2,-121
1767174844.696238,-8,-5,-128
1767174844.7062385,-12,-4,-128
1767174844.7162385,-9,-3,-129
1767174844.7262385,-3,-5,-127
1767174844.7362382,2,-5,-123
1767174844.7462382,-1,-6,-130
1767174844.7562382,2,-1,-126
1767174844.7662382,4,3,-121
1767174844.7762382,1,3,-114
1767174844.7862382,3,1,-113
1767174844.7962382,2,3,-118
1767174844.8062382,0,6,-114
1767174844.8162382,0,4,-113
1767174844.8262382,-2,3,-117
1767174844.836238,-3,-1,-120
1767174844.846238,-6,-1,-121
1767174844.856238,-3,-4,-119
1767174844.866238,2,-4,-125
1767174844.876238,-1,-4,-125
1767174844.886238,0,-5,-123
1767174844.8972385,-2,-4,-118
1767174844.906238,-1,-8,-123
1767174844.9172382,1,-10,-122
1767174844.9272382,5,-7,-125
1767174844.9372382,7,-7,-123
1767174844.9472382,5,-6,-124
1767174844.9572382,3,-2,-124
1767174844.9672382,0,-3,-119
1767174844.9772382,-1,-2,-117
1767174844.9872382,0,-2,-116
1767174844.9972382,-3,0,-117
1767174845.007238,-6,-2,-123
1767174845.017238,-2,0,-127
1767174845.027238,-4,0,-125
1767174845.037238,-1,0,-127
1767174845.047238,3,0,-126
1767174845.057238,1,3,-116
1767174845.067238,-2,0,-117
1767174845.077238,-3,0,-122
1767174845.087238,2,0,-122
1767174845.097238,4,1,-130
1767174845.107238,2,1,-126
1767174845.117238,1,2,-129
1767174845.127238,0,0,-126
1767174845.1372385,6,-1,-125
1767174845.1472385,-2,0,-130
1767174845.1572382,0,1,-131
1767174845.1672382,3,1,-135
1767174845.1772382,3,0,-132
1767174845.1872382,2,0,-133
1767174845.1972382,-2,-1,-126
1767174845.2072382,-2,0,-121
1767174845.2172382,-3,0,-118
1767174845.2272382,-4,0,-116
1767174845.2372382,-4,-2,-112
1767174845.2472382,-3,0,-118
1767174845.257238,-2,-3,-118
1767174845.267238,0,1,-124
1767174845.277238,-2,-1,-129
1767174845.287238,-4,0,-127
1767174845.297238,-7,-2,-124
1767174845.307238,-1,-1,-130
1767174845.317238,0,0,-134
1767174845.327238,4,0,-132
1767174845.337238,0,-3,-125
1767174845.347238,-3,-7,-119
1767174845.357238,0,-7,-120
1767174845.367238,0,-5,-122
1767174845.377238,-2,-5,-114
1767174845.3872385,-5,-2,-121
1767174845.3972385,-6,3,-122
1767174845.4072382,-1,2,-115
1767174845.4172382,-1,-4,-117
1767174845.4272382,-5,-1,-124
1767174845.4372382,-2,-2,-122
1767174845.4472382,2,-2,-125
1767174845.4572382,0,-5,-124
1767174845.4672382,3,-5,-119
1767174845.4772382,1,-4,-115
1767174845.4872382,-2,-5,-124
1767174845.4972382,-5,-5,-121
1767174845.507238,-4,-5,-116
1767174845.517238,-2,-4,-116
1767174845.527238,-4,-4,-119
1767174845.537238,-6,-5,-123
1767174845.547238,-1,0,-116
1767174845.557238,0,4,-115
1767174845.567238,3,4,-118
1767174845.577238,2,4,-116
1767174845.587238,0,4,-119
1767174845.597238,2,4,-115
1767174845.607238,8,4,-119
1767174845.617238,7,0,-117
1767174845.627238,6,0,-112
1767174845.6372385,1,-2,-109
1767174845.6472385,2,-3,-114
1767174845.6572382,5,-2,-118
1767174845.6672382,0,-5,-117
1767174845.6772382,0,-8,-123
1767174845.6872382,1,-4,-124
1767174845.6972382,2,-3,-128
1767174845.7072382,0,0,-121
1767174845.7172382,-1,0,-122
1767174845.7272382,1,3,-118
1767174845.7372382,4,4,-120
1767174845.7472382,4,-1,-120
1767174845.757238,2,-3,-120
1767174845.767238,3,-4,-123
1767174845.777238,5,-4,-120
1767174845.787238,3,-1,-124
1767174845.797238,1,1,-122
1767174845.807238,1,3,-120
1767174845.817238,0,0,-121
1767174845.827238,-2,-1,-122
1767174845.837238,0,-3,-115
1767174845.847238,0,-4,-118
1767174845.857238,2,-2,-122
1767174845.867238,4,-2,-121
1767174845.877238,4,-2,-124
1767174845.8872385,0,-4,-130
1767174845.8972385,-1,-5,-131
1767174845.9072382,0,-5,-132
1767174845.9172382,1,-6,-131
1767174845.9272382,1,-5,-129
1767174845.9372382,1,-3,-134
1767174845.9472382,-1,-2,-131
1767174845.9572382,1,-5,-125
1767174845.9672382,5,-3,-116
1767174845.9772382,2,-3,-115
1767174845.9872382,0,1,-113
1767174845.9972382,-1,3,-113
1767174846.007238,-4,3,-113
1767174846.017238,-6,1,-113
1767174846.027238,-2,2,-109
1767174846.037238,-3,3,-110
1767174846.047238,-5,3,-111
1767174846.057238,0,2,-115
1767174846.067238,1,0,-122
1767174846.077238,-1,1,-126
1767174846.087238,-4,0,-125
1767174846.097238,-3,0,-131
1767174846.107238,-1,3,-132
1767174846.117238,-4,7,-128
1767174846.127238,-9,2,-129
1767174846.1372385,-8,3,-127
1767174846.1472385,-7,4,-135
1767174846.1572382,-6,5,-136
1767174846.1672382,-6,3,-137
1767174846.1772382,-2,2,-134
1767174846.1872382,-2,3,-131
1767174846.1972382,-3,3,-124
1767174846.2072382,-3,5,-122
1767174846.2172382,-4,2,-123
1767174846.2272382,-4,-1,-124
1767174846.2372382,0,-4,-125
1767174846.2472382,0,-1,-129
1767174846.257238,1,-3,-125
1767174846.267238,-6,-3,-127
1767174846.277238,-7,-5,-131
1767174846.287238,-3,-1,-126
1767174846.297238,0,-5,-124
1767174846.307238,0,-3,-119
1767174846.317238,2,-5,-116
1767174846.327238,3,-7,-115
1767174846.337238,6,-10,-118
1767174846.347238,6,-9,-121
1767174846.357238,6,-12,-121
1767174846.367238,3,-12,-118
1767174846.377238,2,-11,-120
1767174846.3872385,1,-11,-121
1767174846.3972385,4,-9,-128
1767174846.4072382,4,-9,-123
1767174846.4172382,2,-11,-125
1767174846.4272382,6,-7,-129
1767174846.4372382,4,-9,-120
1767174846.4472382,4,-4,-117
1767174846.4572382,4,-3,-120
1767174846.4672382,6,-4,-118
1767174846.4772382,5,-5,-116
1767174846.4872382,4,-2,-114
1767174846.4972382,2,-3,-111
1767174846.507238,0,0,-117
1767174846.517238,2,-5,-119
1767174846.527238,0,-5,-122
1767174846.537238,0,-6,-119
1767174846.547238,0,-5,-119
1767174846.557238,-4,-6,-115
1767174846.567238,-5,-4,-116
1767174846.577238,-3,-1,-116
1767174846.587238,-1,-3,-116
1767174846.597238,-4,-2,-123
1767174846.607238,-1,-4,-119
1767174846.617238,0,-2,-117
1767174846.627238,0,0,-126
1767174846.6372385,-2,-1,-121
1767174846.6472385,-4,0,-127
1767174846.6572382,-9,-1,-128
1767174846.6672382,-10,-2,-124
1767174846.6772382,-9,-4,-114
1767174846.6872382,-8,-2,-106
1767174846.6972382,0,-5,-104
1767174846.7072382,1,-6,-96
1767174846.7172382,-1,-6,-103
1767174846.7272382,-1,-6,-106
1767174846.7372382,-1,-2,-108
1767174846.7472382,-2,0,-111
1767174846.757238,-4,0,-114
1767174846.767238,-1,0,-115
1767174846.777238,-3,2,-116
1767174846.787238,1,0,-113
1767174846.797238,8,-3,-110
1767174846.807238,8,-4,-107
1767174846.817238,4,-3,-112
1767174846.827238,3,3,-114
1767174846.837238,0,9,-116
1767174846.847238,3,7,-118
1767174846.857238,3,7,-114
1767174846.867238,2,1,-116
1767174846.877238,3,2,-112
1767174846.8872385,0,2,-109
1767174846.8972385,2,6,-108
1767174846.9072382,-3,3,-106
1767174846.9172382,-7,3,-105
1767174846.9272382,-3,3,-108
1767174846.9372382,1,2,-114
1767174846.9472382,6,0,-112
1767174846.9572382,2,0,-118
1767174846.9672382,0,-4,-121
1767174846.9772382,-1,0,-122
1767174846.9872382,0,0,-129
1767174846.9972382,0,1,-126
1767174847.007238,1,-1,-124
1767174847.017238,1,-3,-125
1767174847.027238,3,-3,-122
1767174847.037238,0,-4,-117
1767174847.047238,0,-2,-119
1767174847.057238,0,-5,-124
1767174847.067238,0,-1,-124
1767174847.077238,-4,2,-118
1767174847.087238,-3,0,-117
1767174847.097238,-4,0,-116
1767174847.107238,-4,3,-117
1767174847.117238,-2,6,-121
1767174847.127238,-3,8,-129
1767174847.1372385,-3,6,-130
1767174847.1472385,-5,5,-127
1767174847.1572382,-9,3,-136
1767174847.1672382,-7,3,-127
1767174847.1772382,-5,-1,-121
1767174847.1872382,-2,-3,-116
1767174847.1972382,-3,-4,-122
1767174847.2072382,0,-4,-126
1767174847.2172382,2,-5,-121
1767174847.2272382,4,-6,-116
1767174847.2372382,4,0,-118
1767174847.2472382,1,-3,-121
1767174847.257238,2,-3,-122
1767174847.267238,3,0,-124
1767174847.277238,7,2,-122
1767174847.287238,1,2,-128
1767174847.297238,3,0,-136
1767174847.307238,-3,-1,-131
1767174847.317238,-4,-4,-126
1767174847.327238,-6,-3,-125
1767174847.337238,-2,-3,-131
1767174847.347238,-3,-3,-126
1767174847.357238,0,-5,-122
1767174847.367238,3,-8,-120
1767174847.377238,1,-7,-120
1767174847.3872385,7,-6,-120
1767174847.3972385,5,-4,-119
1767174847.4072382,0,0,-118
1767174847.4172382,-1,0,-115
1767174847.4272382,-6,0,-122
1767174847.4372382,-4,0,-126
1767174847.4472382,-3,0,-129
1767174847.4572382,-7,0,-129
1767174847.4672382,-8,0,-131
1767174847.4772382,-7,0,-130
1767174847.4872382,-10,4,-129
1767174847.4972382,-2,8,-128
1767174847.507238,-2,9,-120
1767174847.517238,-6,4,-118
1767174847.527238,-4,3,-111
1767174847.538238,-3,5,-110
1767174847.547238,-4,8,-113
1767174847.557238,-3,7,-112
1767174847.567238,-1,5,-115
1767174847.577238,0,6,-114
1767174847.5882382,0,2,-111
1767174847.5982382,3,2,-111
1767174847.6082382,1,0,-108
1767174847.6182382,3,-4,-107
1767174847.6282382,-1,-2,-106
1767174847.6382382,1,-4,-106
1767174847.6482382,4,-5,-112
1767174847.6582382,1,-3,-116
1767174847.6682382,0,-4,-122
1767174847.6782382,0,-3,-120
1767174847.688238,1,3,-119
1767174847.698238,2,6,-117
1767174847.708238,0,6,-117
1767174847.718238,-2,-1,-125
1767174847.728238,-5,-2,-121
1767174847.738238,-4,-3,-115
1767174847.748238,0,-1,-112
1767174847.758238,0,-1,-109
1767174847.768238,-1,0,-109
1767174847.778238,0,-2,-112
1767174847.788238,-4,-4,-113
1767174847.798238,0,-5,-120
1767174847.8082385,0,0,-120
1767174847.8182385,-1,0,-119
1767174847.8282382,0,-2,-120
1767174847.8382382,0,-3,-117
1767174847.8482382,0,-5,-119
1767174847.8582382,-3,-6,-117
1767174847.8682382,-6,-5,-112
1767174847.8782382,-1,-1,-115
1767174847.8882382,-1,1,-108
1767174847.8982382,-2,4,-99
1767174847.9082382,0,0,-100
1767174847.9182382,3,3,-101
1767174847.9282382,0,4,-106
1767174847.938238,1,-2,-107
1767174847.948238,0,-1,-110
1767174847.958238,2,-3,-114
1767174847.968238,0,-6,-116
1767174847.978238,0,0,-111
1767174847.988238,-1,-1,-105
1767174847.998238,-6,-4,-103
1767174848.008238,-5,-4,-111
1767174848.018238,0,-2,-112
1767174848.028238,-5,0,-113
1767174848.038238,-5,-2,-118
1767174848.048238,0,0,-120
1767174848.0582385,0,-1,-119
1767174848.0682385,-3,-2,-117
1767174848.0782382,-1,0,-115
1767174848.0882382,3,0,-117
1767174848.0982382,5,-3,-114
1767174848.1082382,8,-8,-120
1767174848.1182382,7,-7,-121
1767174848.1282382,4,-8,-125
1767174848.1382382,4,-4,-131
1767174848.1482382,1,-6,-126
1767174848.1582382,2,-4,-129
1767174848.1682382,1,-2,-129
1767174848.1782382,-2,0,-127
1767174848.188238,0,0,-121
1767174848.198238,1,-1,-122
1767174848.208238,2,0,-118
1767174848.218238,1,-1,-123
1767174848.228238,0,-6,-123
1767174848.238238,-2,-7,-123
1767174848.248238,1,-6,-116
1767174848.258238,3,-7,-115
1767174848.268238,4,-10,-121
1767174848.278238,2,-8,-121
1767174848.288238,2,-3,-124
1767174848.298238,0,-3,-125
1767174848.3082385,1,0,-128
1767174848.3182385,-4,-3,-126
1767174848.3282382,-5,0,-128
1767174848.3382382,-6,0,-130
1767174848.3482382,-4,0,-124
1767174848.3582382,-4,2,-121
1767174848.3682382,-1,3,-117
1767174848.3782382,-1,1,-117
1767174848.3882382,1,2,-115
1767174848.3982382,3,2,-114
1767174848.4082382,4,0,-116
1767174848.4182382,1,-4,-114
1767174848.4282382,-4,-5,-117
1767174848.438238,-10,0,-118
1767174848.448238,-7,2,-116
1767174848.458238,-5,4,-124
1767174848.468238,-5,2,-119
1767174848.478238,0,0,-114
1767174848.488238,1,-1,-108
1767174848.498238,-2,-3,-112
1767174848.508238,1,-6,-117
1767174848.518238,3,-2,-122
1767174848.528238,3,-2,-124
1767174848.538238,3,-2,-123
1767174848.548238,2,-5,-119
1767174848.5582385,5,-3,-123
1767174848.5682385,3,-1,-124
1767174848.5782382,5,-3,-127
1767174848.5882382,2,-5,-120
1767174848.5982382,2,-4,-121
1767174848.6082382,-1,-6,-121
1767174848.6182382,3,-6,-124
1767174848.6282382,3,-5,-125
1767174848.6382382,3,-4,-121
1767174848.6482382,2,-4,-120
1767174848.6582382,2,-4,-124
1767174848.6682382,1,0,-125
1767174848.6782382,0,-3,-121
1767174848.688238,1,-1,-115
1767174848.698238,5,-2,-112
1767174848.708238,3,-3,-106
1767174848.718238,1,-4,-110
1767174848.728238,0,0,-114
1767174848.738238,-2,1,-117
1767174848.748238,0,-3,-114
1767174848.758238,-1,1,-112
1767174848.768238,-1,3,-116
1767174848.778238,-5,3,-120
1767174848.788238,-2,2,-121
1767174848.798238,-2,3,-120
1767174848.8082385,-3,5,-113
1767174848.8182385,-3,3,-107
1767174848.8282382,-2,1,-103
1767174848.8382382,-5,0,-109
1767174848.8482382,-7,4,-114
1767174848.8582382,-6,2,-120
1767174848.8682382,-6,4,-118
1767174848.8782382,-10,3,-117
1767174848.8882382,-6,0,-123
1767174848.8982382,-3,0,-118
1767174848.9082382,-3,1,-111
1767174848.9182382,0,0,-108
1767174848.9282382,2,0,-111
1767174848.938238,2,-2,-117
1767174848.948238,2,0,-116
1767174848.958238,0,-1,-116
1767174848.968238,0,-1,-112
1767174848.978238,2,0,-113
1767174848.988238,7,-1,-113
1767174848.998238,4,-1,-112
1767174849.008238,1,-2,-117
1767174849.018238,0,-6,-120
1767174849.028238,1,-2,-122
1767174849.038238,-3,-3,-125
1767174849.048238,-3,-3,-128
1767174849.0582385,0,0,-126
1767174849.0682385,0,0,-122
1767174849.0782382,-1,2,-121
1767174849.0882382,-4,3,-126
1767174849.0982382,-4,6,-122
1767174849.1082382,-4,3,-121
1767174849.1182382,-1,0,-119
1767174849.1282382,-1,2,-123
1767174849.1382382,-1,3,-121
1767174849.159238,2,3,-129
1767174849.1682382,-4,0,-127
1767174849.1782382,-6,0,-125
1767174849.188238,-1,-3,-124
1767174849.198238,0,-6,-125
1767174849.208238,2,-5,-126
1767174849.218238,2,-2,-125
1767174849.228238,2,1,-114
1767174849.238238,-4,0,-111
1767174849.248238,-4,1,-109
1767174849.258238,-5,0,-109
1767174849.268238,-5,1,-111
1767174849.278238,-2,1,-113
1767174849.288238,3,1,-115
1767174849.298238,4,0,-120
1767174849.3082385,2,-2,-120
1767174849.3182385,-1,-2,-118
1767174849.3282382,-3,2,-119
1767174849.3382382,-1,1,-117
1767174849.3482382,-6,0,-116
1767174849.3582382,-8,0,-116
1767174849.3682382,-2,-1,-116
1767174849.3782382,3,-3,-115
1767174849.3882382,2,-2,-119
1767174849.3982382,5,-3,-113
1767174849.4082382,5,-7,-111
1767174849.4182382,6,-6,-116
1767174849.4282382,6,-5,-124
1767174849.438238,8,0,-125
1767174849.448238,7,0,-122
1767174849.458238,4,2,-124
1767174849.468238,0,3,-124
1767174849.478238,0,2,-125
1767174849.488238,-3,0,-121
1767174849.498238,-6,-1,-119
1767174849.508238,-6,0,-118
1767174849.518238,-5,1,-118
1767174849.528238,0,-1,-118
1767174849.538238,2,1,-122
1767174849.548238,-3,1,-120
1767174849.5582385,-2,2,-110
1767174849.5682385,-1,-2,-108
1767174849.5782382,-3,-1,-115
1767174849.5882382,1,-1,-124
1767174849.5982382,1,-2,-127
1767174849.6082382,-2,2,-125
1767174849.6182382,2,6,-122
1767174849.6282382,-4,5,-116
1767174849.6382382,-5,5,-123
1767174849.6482382,-3,3,-133
1767174849.6582382,-2,1,-139
1767174849.6682382,-6,1,-137
1767174849.6782382,-2,2,-130
1767174849.688238,0,0,-127
1767174849.698238,-5,0,-132
1767174849.708238,-8,1,-134
1767174849.718238,-6,0,-137
1767174849.728238,0,2,-126
1767174849.738238,-1,-1,-127
1767174849.748238,-2,0,-127
1767174849.758238,0,-4,-123
1767174849.768238,-1,-5,-121
1767174849.778238,-1,-7,-118
1767174849.788238,-2,-4,-121
1767174849.798238,0,-5,-118
1767174849.8082385,-3,-1,-120
1767174849.8182385,-2,-3,-125
1767174849.8282382,-7,-3,-126
1767174849.8382382,1,-5,-122
1767174849.8482382,3,-3,-121
1767174849.8582382,0,-2,-128
1767174849.8682382,-2,2,-127
1767174849.8782382,-2,4,-120
1767174849.8882382,-3,4,-111
1767174849.8982382,-3,1,-115
1767174849.9082382,-4,-3,-118
1767174849.9182382,-2,-2,-118
1767174849.9282382,0,-5,-114
1767174849.938238,-2,-1,-109
1767174849.948238,-4,3,-113
1767174849.958238,-8,-3,-114
1767174849.968238,-4,0,-118
1767174849.978238,-2,3,-115
1767174849.988238,-4,0,-119
1767174849.998238,-7,-2,-118
1767174850.008238,-6,-1,-114
1767174850.018238,-3,-2,-110
1767174850.028238,1,0,-111
1767174850.038238,8,0,-118
1767174850.048238,7,-4,-122
1767174850.0582385,8,-5,-123
1767174850.0682385,8,-5,-125
1767174850.0782382,6,-1,-127
1767174850.0882382,6,1,-128
1767174850.0982382,0,1,-126
1767174850.1082382,0,1,-123
1767174850.1182382,-4,3,-123
1767174850.1282382,-5,0,-131
1767174850.1382382,-6,-3,-122
1767174850.1482382,-5,-2,-122
1767174850.1582382,-8,0,-124
1767174850.169238,-7,0,-122
1767174850.179238,-4,0,-123
1767174850.188238,0,2,-120
1767174850.198238,2,2,-121
1767174850.208238,1,5,-122
1767174850.218238,-4,3,-130
1767174850.2292385,-2,5,-129
1767174850.2392385,-5,3,-128
1767174850.2492385,-2,2,-122
1767174850.2592382,-6,0,-124
1767174850.2692382,0,-4,-129
1767174850.2792382,3,-2,-127
1767174850.2892382,4,-5,-125
1767174850.2992382,6,-3,-123
1767174850.3092382,6,-1,-127
1767174850.3192382,5,0,-120
1767174850.3292382,6,0,-123
1767174850.3392382,8,-1,-120
1767174850.3492382,6,-3,-120
1767174850.359238,5,-4,-118
1767174850.369238,1,-5,-116
1767174850.379238,-1,-5,-116
1767174850.389238,-4,-2,-118
1767174850.399238,-2,-3,-114
1767174850.409238,-5,-2,-114
1767174850.419238,-1,-1,-118
1767174850.429238,-2,0,-120
1767174850.439238,-3,0,-113
1767174850.449238,-3,0,-114
1767174850.459238,-2,1,-114
1767174850.469238,-3,3,-113
1767174850.4792385,-5,3,-113
1767174850.4892385,-5,5,-113
1767174850.4992385,-10,5,-119
1767174850.5092382,-5,0,-124
1767174850.5192382,-3,1,-128
1767174850.5292382,-1,3,-133
1767174850.5392382,4,-3,-130
1767174850.5492382,3,-4,-128
1767174850.5592382,4,-3,-123
1767174850.5692382,-1,0,-121
1767174850.5792382,-3,-3,-122
1767174850.5892382,-7,-4,-117
1767174850.5992382,-7,-5,-113
1767174850.609238,-7,-8,-119
1767174850.619238,-3,-6,-114
1767174850.629238,2,-6,-115
1767174850.639238,4,-6,-115
1767174850.649238,6,-8,-116
1767174850.659238,6,-5,-115
1767174850.669238,7,-6,-114
1767174850.679238,8,-6,-113
1767174850.689238,3,-4,-118
1767174850.699238,1,-4,-121
1767174850.709238,0,-2,-125
1767174850.719238,-1,-1,-129
1767174850.7292385,-1,1,-123
1767174850.7392385,2,4,-117
1767174850.7492385,3,1,-119
1767174850.7592382,1,-2,-116
1767174850.7692382,1,-3,-116
1767174850.7792382,1,-6,-118
1767174850.7892382,3,-6,-119
1767174850.7992382,3,-8,-124
1767174850.8092382,4,-8,-134
1767174850.8192382,4,-4,-133
1767174850.8292382,5,0,-127
1767174850.8392382,5,0,-120
1767174850.8492382,3,2,-117
1767174850.859238,-2,-1,-122
1767174850.869238,2,-1,-116
1767174850.879238,1,0,-118
1767174850.889238,2,-3,-116
1767174850.899238,5,-3,-112
1767174850.909238,2,-6,-121
1767174850.919238,3,-3,-121
1767174850.929238,4,-4,-116
1767174850.939238,1,0,-115
1767174850.949238,-4,2,-117
1767174850.959238,1,2,-121
1767174850.969238,3,0,-120
1767174850.9792385,-2,-3,-117
1767174850.9892385,-2,-7,-121
1767174850.9992385,0,-4,-119
1767174851.0092382,0,1,-112
1767174851.0192382,0,2,-113
1767174851.0292382,-4,-1,-118
1767174851.0392382,-3,2,-122
1767174851.0492382,-5,0,-121
1767174851.0592382,-3,1,-126
1767174851.0692382,-5,2,-124
1767174851.0792382,-5,-2,-120
1767174851.0892382,-5,-6,-117
1767174851.0992382,0,-4,-116
1767174851.109238,-2,-5,-114
1767174851.119238,0,-8,-112
1767174851.129238,0,-6,-111
1767174851.139238,-2,-9,-116
1767174851.149238,-4,-8,-114
1767174851.159238,-1,-5,-109
1767174851.169238,0,-5,-110
1767174851.179238,3,-7,-115
1767174851.189238,4,-3,-111
1767174851.199238,5,-3,-111
1767174851.209238,3,-2,-116
1767174851.219238,0,-4,-120
1767174851.2292385,0,-2,-123
1767174851.2392385,1,-3,-129
1767174851.2492385,5,-4,-127
1767174851.2592382,4,-4,-128
1767174851.2692382,5,0,-133
1767174851.2792382,8,0,-128
1767174851.2892382,12,0,-127
1767174851.2992382,12,0,-129
1767174851.3092382,17,-1,-132
1767174851.3192382,7,0,-130
1767174851.3292382,3,0,-125
1767174851.3392382,3,3,-121
1767174851.3492382,3,4,-120
1767174851.359238,7,5,-122
1767174851.369238,8,0,-119
1767174851.379238,6,-4,-122
1767174851.389238,4,-7,-122
1767174851.399238,0,-6,-119
1767174851.409238,4,-4,-120
1767174851.419238,5,-1,-117
1767174851.429238,0,1,-114
1767174851.439238,2,5,-119
1767174851.449238,1,3,-124
1767174851.459238,-3,2,-124
1767174851.469238,-5,0,-125
1767174851.4792385,-7,3,-126
1767174851.4892385,-5,4,-126
1767174851.4992385,-3,3,-128
1767174851.5092382,-5,1,-125
1767174851.5192382,-4,0,-127
1767174851.5292382,-4,0,-126
1767174851.5392382,-3,0,-124
1767174851.5492382,-2,-1,-117
1767174851.5592382,0,1,-116
1767174851.5692382,0,5,-121
1767174851.5792382,0,4,-122
1767174851.5892382,-1,0,-119
1767174851.5992382,0,1,-115
1767174851.609238,0,0,-118
1767174851.619238,3,-3,-120
1767174851.629238,-1,-1,-120
1767174851.639238,-1,0,-121
1767174851.649238,-3,0,-121
1767174851.659238,-6,-4,-126
1767174851.669238,-4,-2,-129
1767174851.679238,0,0,-127
1767174851.689238,-2,-3,-125
1767174851.699238,-2,-2,-126
1767174851.709238,0,-4,-123
1767174851.719238,4,0,-121
1767174851.7292385,7,1,-123
1767174851.7392385,6,0,-124
1767174851.7492385,0,0,-126
1767174851.7592382,-4,-4,-129
1767174851.7692382,-1,0,-129
1767174851.7792382,-5,3,-125
1767174851.7892382,-4,3,-117
1767174851.7992382,-3,3,-119
1767174851.8092382,-6,4,-118
1767174851.8192382,-5,0,-116
1767174851.8292382,-3,-3,-109
1767174851.8392382,-7,0,-105
1767174851.8492382,-5,-3,-105
1767174851.859238,-4,-6,-108
1767174851.869238,-4,-4,-118
1767174851.879238,-2,-5,-122
1767174851.889238,-5,-5,-120
1767174851.899238,-8,-3,-122
1767174851.909238,-3,-2,-121
1767174851.919238,0,-4,-124
1767174851.929238,1,0,-126
1767174851.939238,0,-4,-126
1767174851.949238,0,-1,-122
1767174851.959238,-4,-3,-121
1767174851.969238,-1,-3,-120
1767174851.9792385,3,0,-121
1767174851.9892385,8,3,-122
1767174851.9992385,6,6,-122
1767174852.0092382,1,4,-122
1767174852.0192382,2,-2,-121
1767174852.0292382,2,-6,-121
1767174852.0392382,4,-5,-115
1767174852.0492382,4,-4,-110
1767174852.0592382,-2,-1,-114
1767174852.0692382,-5,0,-115
1767174852.0792382,-6,0,-115
1767174852.0892382,-5,-2,-120
1767174852.0992382,-3,0,-117
1767174852.109238,1,0,-120
1767174852.119238,-2,5,-120
1767174852.129238,-5,2,-118
1767174852.139238,-5,3,-126
1767174852.149238,-5,2,-128
1767174852.159238,-2,-2,-125
1767174852.169238,-1,-1,-122
1767174852.179238,-2,0,-124
1767174852.189238,-2,-1,-132
1767174852.199238,-1,2,-136
1767174852.209238,-3,-3,-129
1767174852.219238,-5,-2,-123
1767174852.2292385,-4,-3,-116
1767174852.2392385,-5,-2,-121
1767174852.2492385,-7,-3,-120
1767174852.2592382,-6,-6,-122
1767174852.2692382,-5,-6,-120
1767174852.2792382,-6,-9,-119
1767174852.2892382,-8,-4,-121
1767174852.2992382,-7,-6,-124
1767174852.3092382,-6,-10,-124
1767174852.3192382,-4,-7,-117
1767174852.3292382,-3,-8,-120
1767174852.3392382,3,-3,-123
1767174852.3492382,1,0,-125
1767174852.359238,1,5,-123
1767174852.369238,-2,4,-124
1767174852.379238,1,2,-126
1767174852.389238,1,-3,-116
1767174852.399238,1,0,-123
1767174852.409238,1,1,-126
1767174852.419238,1,2,-130
1767174852.429238,0,3,-129
1767174852.439238,-2,2,-119
1767174852.449238,-6,-1,-117
1767174852.459238,-2,-1,-118
1767174852.469238,0,-1,-118
1767174852.4792385,-1,0,-119
1767174852.4892385,0,0,-113
1767174852.4992385,-2,-4,-114
1767174852.5092382,-1,-3,-112
1767174852.5192382,-1,-2,-114
1767174852.5292382,0,0,-110
1767174852.5392382,-1,0,-120
1767174852.5492382,-2,-2,-124
1767174852.5592382,-1,-2,-122
1767174852.5692382,5,-5,-115
1767174852.5792382,6,-5,-114
1767174852.5892382,6,3,-118
1767174852.5992382,7,3,-122
1767174852.609238,6,4,-124
1767174852.619238,4,1,-124
1767174852.629238,0,1,-128
1767174852.639238,1,-1,-130
1767174852.649238,-4,0,-124
1767174852.659238,-6,1,-128
1767174852.669238,-5,5,-131
1767174852.679238,-2,4,-127
1767174852.689238,1,4,-134
1767174852.699238,0,1,-130
1767174852.709238,1,0,-129
1767174852.719238,1,3,-127
1767174852.7292385,0,3,-118
1767174852.7392385,-2,2,-119
1767174852.7492385,-3,3,-118
1767174852.7592382,-6,6,-119
1767174852.7692382,-3,4,-122
1767174852.7792382,1,2,-128
1767174852.7892382,2,0,-124
1767174852.7992382,0,-1,-119
1767174852.8092382,0,-4,-121
1767174852.8192382,-5,-3,-116
1767174852.8292382,-6,-1,-109
1767174852.8392382,-4,-3,-107
1767174852.8492382,-2,-4,-111
1767174852.859238,-3,-5,-115
1767174852.869238,-3,-7,-118
1767174852.879238,-3,-4,-120
1767174852.890238,-7,-3,-113
1767174852.900238,-9,1,-111
1767174852.9102385,-9,0,-118
1767174852.9202385,-6,1,-122
1767174852.9302382,-3,-1,-125
1767174852.9402382,-4,-6,-127
1767174852.9502382,0,-6,-127
1767174852.9602382,0,-8,-127
1767174852.9702382,0,-6,-125
1767174852.9802382,-1,-1,-127
1767174852.9902382,-1,-1,-122
1767174853.0002382,0,-1,-118
1767174853.0102382,2,-2,-113
1767174853.0202382,2,-2,-109
1767174853.0302382,0,0,-109
1767174853.040238,-3,-2,-108
1767174853.050238,-7,-4,-106
1767174853.060238,-9,-4,-116
1767174853.070238,-8,-2,-122
1767174853.080238,-5,-5,-120
1767174853.090238,-5,-5,-123
1767174853.100238,-6,-3,-129
1767174853.110238,-2,-4,-126
1767174853.120238,-4,-1,-130
1767174853.130238,1,0,-129
1767174853.140238,2,-1,-127
1767174853.150238,-1,-1,-123
1767174853.1602385,-3,0,-116
1767174853.1702385,-2,0,-118
1767174853.1802382,-3,-7,-120
1767174853.1902382,-9,-5,-124
1767174853.2002382,-7,-6,-133
1767174853.2102382,-4,-4,-132
1767174853.2202382,-3,-4,-131
1767174853.2302382,-2,-2,-127
1767174853.2402382,-5,-4,-125
1767174853.2502382,-7,-3,-125
1767174853.2602382,-2,-5,-116
1767174853.2702382,-5,-3,-115
1767174853.2802382,-1,-4,-116
1767174853.290238,0,-6,-120
1767174853.300238,-4,-5,-123
1767174853.310238,0,-6,-117
1767174853.320238,5,-2,-113
1767174853.330238,2,-2,-122
1767174853.340238,2,-1,-121
1767174853.350238,-3,-1,-126
1767174853.360238,-9,0,-127
1767174853.370238,-4,1,-128
1767174853.380238,-2,2,-131
1767174853.390238,-4,3,-133
1767174853.400238,-6,3,-130
1767174853.4102385,-5,4,-136
1767174853.4202385,-2,9,-128
1767174853.4302382,0,2,-120
1767174853.4402382,0,0,-115
1767174853.4502382,4,0,-118
1767174853.4602382,1,0,-123
1767174853.4702382,3,5,-126
1767174853.4802382,2,4,-120
1767174853.4902382,0,4,-125
1767174853.5002382,0,4,-125
1767174853.5102382,-1,2,-126
1767174853.5202382,-2,1,-129
1767174853.5302382,0,4,-133
1767174853.540238,0,1,-127
1767174853.550238,1,3,-120
1767174853.560238,0,1,-123
1767174853.570238,-2,0,-127
1767174853.580238,-2,0,-126
1767174853.590238,-2,-6,-120
1767174853.600238,0,-4,-118
1767174853.610238,-3,0,-121
1767174853.620238,0,1,-123
1767174853.630238,1,4,-122
1767174853.640238,4,4,-119
1767174853.650238,4,2,-126
1767174853.6602385,5,2,-127
1767174853.6702385,0,2,-132
1767174853.6802382,-2,6,-132
1767174853.6902382,-5,1,-135
1767174853.7002382,-1,-1,-130
1767174853.7102382,-3,-1,-132
1767174853.7202382,-2,-1,-123
1767174853.7302382,-1,0,-123
1767174853.7402382,-1,-1,-121
1767174853.7502382,-1,-1,-121
1767174853.7602382,0,-3,-117
1767174853.7702382,3,-6,-118
1767174853.7802382,3,-5,-112
1767174853.790238,-1,-4,-116
1767174853.800238,-6,-1,-116
1767174853.810238,-5,2,-114
1767174853.820238,0,1,-118
1767174853.830238,2,1,-118
1767174853.840238,4,2,-116
1767174853.850238,8,-1,-115
1767174853.860238,9,-5,-120
1767174853.870238,9,-4,-119
1767174853.880238,10,-5,-116
1767174853.890238,10,-1,-123
1767174853.900238,7,0,-123
1767174853.9102385,4,-2,-125
1767174853.9202385,1,2,-124
1767174853.9302382,0,1,-121
1767174853.9402382,6,1,-118
1767174853.9502382,0,-1,-120
1767174853.9602382,2,-2,-115
1767174853.9702382,1,-1,-119
1767174853.9802382,2,-3,-118
1767174853.9902382,0,0,-116
1767174854.0002382,0,-1,-114
1767174854.0102382,-3,0,-110
1767174854.0202382,-2,-1,-110
1767174854.0302382,-2,3,-110
1767174854.040238,-5,0,-116
1767174854.050238,-5,-2,-117
1767174854.060238,-5,0,-115
1767174854.070238,-6,0,-110
1767174854.080238,-5,0,-107
1767174854.090238,-4,0,-111
1767174854.100238,-6,-6,-116
1767174854.110238,0,-6,-119
1767174854.120238,0,-7,-123
1767174854.130238,-2,-5,-130
1767174854.140238,-3,-4,-131
1767174854.150238,-3,0,-129
1767174854.172238,2,-2,-119
1767174854.1802382,2,0,-112
1767174854.1902382,4,-3,-109
1767174854.2002382,2,-4,-116
1767174854.2102382,3,-7,-122
1767174854.2202382,-1,-9,-119
1767174854.2302382,-6,-8,-117
1767174854.2402382,-4,-7,-119
1767174854.2502382,-2,-4,-118
1767174854.2602382,-2,-2,-126
1767174854.2702382,-3,-1,-123
1767174854.2802382,-3,-6,-128
1767174854.290238,-1,-3,-125
1767174854.300238,0,-4,-121
1767174854.310238,1,-6,-129
1767174854.320238,0,-4,-121
1767174854.330238,1,-4,-124
1767174854.340238,1,0,-122
1767174854.350238,0,1,-116
1767174854.360238,2,0,-119
1767174854.370238,0,-3,-112
1767174854.380238,-3,0,-119
1767174854.390238,-5,3,-118
1767174854.400238,0,3,-122
1767174854.4102385,1,8,-117
1767174854.4202385,5,3,-121
1767174854.4302382,3,0,-123
1767174854.4402382,0,0,-119
1767174854.4502382,3,4,-116
1767174854.4602382,2,3,-116
1767174854.4702382,5,1,-116
1767174854.4802382,5,3,-118
1767174854.4902382,10,2,-118
1767174854.5002382,4,-1,-123
1767174854.5102382,6,-5,-119
1767174854.5202382,8,0,-122
1767174854.5302382,5,2,-124
1767174854.540238,0,2,-125
1767174854.550238,0,-1,-129
1767174854.560238,4,0,-130
1767174854.570238,3,2,-127
1767174854.580238,5,0,-124
1767174854.590238,6,-4,-121
1767174854.600238,4,-1,-122
1767174854.610238,6,0,-122
1767174854.620238,1,0,-125
1767174854.630238,-2,1,-125
1767174854.640238,-4,0,-123
1767174854.650238,-5,-2,-133
1767174854.6602385,-1,-5,-133
1767174854.6702385,-3,-5,-133
1767174854.6802382,1,-6,-130
1767174854.6902382,0,-5,-131
1767174854.7002382,0,-1,-126
1767174854.7102382,0,-3,-128
1767174854.7202382,-4,-2,-124
1767174854.7302382,-6,0,-125
1767174854.7402382,-4,-1,-132
1767174854.7502382,-3,-2,-130
1767174854.7602382,-6,1,-123
1767174854.7702382,-3,0,-117
1767174854.7802382,0,1,-117
1767174854.790238,2,2,-125
1767174854.800238,2,1,-126
1767174854.810238,1,-2,-128
1767174854.820238,3,-4,-126
1767174854.830238,3,-5,-126
1767174854.840238,-1,0,-122
1767174854.850238,-4,0,-115
1767174854.860238,-7,5,-116
1767174854.870238,-9,8,-122
1767174854.880238,-4,8,-124
1767174854.890238,-3,7,-125
1767174854.900238,-2,2,-119
1767174854.9102385,-4,1,-119
1767174854.9202385,-5,1,-123
1767174854.9302382,-6,-1,-123
1767174854.9402382,-1,-2,-123
1767174854.9502382,-2,-3,-125
1767174854.9602382,-2,0,-126
1767174854.9702382,0,2,-123
1767174854.9802382,-1,2,-116
1767174854.9902382,0,0,-116
1767174855.0002382,-1,-5,-116
1767174855.0102382,1,-7,-117
1767174855.0202382,0,-5,-118
1767174855.0302382,3,-3,-114
1767174855.040238,4,-5,-111
1767174855.050238,6,-3,-112
1767174855.060238,2,-2,-117
1767174855.070238,2,-1,-122
1767174855.080238,-1,0,-117
1767174855.090238,-2,2,-117
1767174855.100238,0,0,-120
1767174855.110238,4,-2,-118
1767174855.120238,4,1,-122
1767174855.130238,1,1,-121
1767174855.140238,-3,1,-117
1767174855.150238,-5,1,-121
1767174855.1602385,-8,2,-117
1767174855.1702385,-9,-2,-116
1767174855.1802382,-13,-2,-116
1767174855.1902382,-7,-3,-106
1767174855.2002382,-3,-1,-110
1767174855.2102382,-4,-6,-110
1767174855.2202382,-2,-6,-108
1767174855.2302382,0,-4,-116
1767174855.2402382,3,-6,-122
1767174855.2502382,3,-4,-127
1767174855.2602382,1,-3,-129
1767174855.2702382,0,-2,-123
1767174855.2802382,0,-1,-121
1767174855.290238,-3,-2,-111
1767174855.300238,0,-4,-114
1767174855.310238,3,-4,-115
1767174855.320238,-1,-5,-107
1767174855.330238,-1,-4,-108
1767174855.340238,-6,-7,-105
1767174855.350238,-5,-8,-111
1767174855.360238,-7,-5,-115
1767174855.370238,-5,-6,-117
1767174855.380238,-5,-5,-114
1767174855.390238,1,-3,-124
1767174855.400238,1,-4,-127
1767174855.4102385,2,-4,-132
1767174855.4202385,1,-2,-132
1767174855.4302382,-3,-2,-130
1767174855.4402382,0,0,-122
1767174855.4502382,-3,-7,-125
1767174855.4602382,-1,-3,-127
1767174855.4702382,1,0,-127
1767174855.4802382,-1,-2,-125
1767174855.4902382,2,1,-127
1767174855.5002382,1,0,-125
1767174855.5102382,0,-3,-122
1767174855.521238,0,-3,-123
1767174855.531238,-1,1,-116
1767174855.540238,0,0,-116
1767174855.551238,2,2,-118
1767174855.561238,0,0,-125
1767174855.571238,2,0,-135
1767174855.5812385,0,-4,-130
1767174855.5912385,0,-5,-122
1767174855.6012385,1,-2,-118
1767174855.6112382,3,0,-120
1767174855.6212382,0,2,-117
1767174855.6312382,2,0,-111
1767174855.6412382,7,1,-113
1767174855.6512382,1,2,-110
1767174855.6612382,2,0,-117
1767174855.6712382,0,0,-118
1767174855.6812382,1,0,-118
1767174855.6912382,2,-1,-116
1767174855.7012382,8,-2,-117
1767174855.711238,5,0,-115
1767174855.721238,2,0,-110
1767174855.731238,2,-1,-112
1767174855.741238,-1,-3,-113
1767174855.751238,-4,-2,-111
1767174855.761238,-2,0,-113
1767174855.771238,1,1,-109
1767174855.781238,0,4,-108
1767174855.791238,3,3,-113
1767174855.801238,2,-2,-120
1767174855.811238,3,-5,-116
1767174855.821238,6,-6,-114
1767174855.8312385,3,-8,-119
1767174855.8412385,-1,-5,-121
1767174855.8512385,-3,-5,-122
1767174855.8612382,0,-5,-121
1767174855.8712382,-2,-2,-125
1767174855.8812382,-2,-1,-115
1767174855.8912382,0,-1,-113
1767174855.9012382,5,-2,-106
1767174855.9112382,1,0,-105
1767174855.9212382,1,-2,-108
1767174855.9312382,1,-2,-109
1767174855.9412382,4,-2,-110
1767174855.9512382,2,-3,-115
1767174855.961238,2,-3,-113
1767174855.971238,0,-6,-113
1767174855.981238,-1,-7,-116
1767174855.991238,-1,-4,-121
1767174856.001238,-1,0,-118
1767174856.011238,-2,-1,-115
1767174856.021238,-4,0,-111
1767174856.0322382,-1,-2,-108
1767174856.041238,-6,-2,-110
1767174856.051238,0,5,-112
1767174856.061238,1,4,-113
1767174856.071238,-1,-1,-119
1767174856.0812385,2,-2,-119
1767174856.0912385,4,-1,-123
1767174856.1012385,6,0,-125
1767174856.1112382,2,-3,-120
1767174856.1212382,4,-1,-121
1767174856.1312382,2,-1,-119
1767174856.1412382,-1,0,-124
1767174856.1512382,-3,-3,-123
1767174856.1612382,0,-5,-109
1767174856.1712382,0,-8,-113
1767174856.1812382,-2,-7,-116
1767174856.1912382,-3,-4,-118
1767174856.2012382,0,-2,-115
1767174856.211238,0,-1,-111
1767174856.221238,-1,0,-108
1767174856.231238,-2,0,-113
1767174856.241238,2,2,-116
1767174856.251238,5,5,-125
1767174856.261238,1,1,-129
1767174856.271238,0,0,-130
1767174856.281238,1,3,-125
1767174856.291238,-3,0,-116
1767174856.301238,-3,2,-115
1767174856.311238,-11,2,-125
1767174856.321238,-13,1,-125
1767174856.3312385,-9,2,-117
1767174856.3412385,-8,0,-111
1767174856.3512385,-4,0,-109
1767174856.3612382,0,0,-113
1767174856.3712382,-3,0,-115
1767174856.3812382,-2,-2,-118
1767174856.3912382,-2,0,-118
1767174856.4012382,-4,4,-118
1767174856.4112382,-2,0,-120
1767174856.4212382,0,0,-118
1767174856.4312382,0,0,-116
1767174856.4412382,-2,2,-115
1767174856.4512382,2,0,-119
1767174856.461238,4,-3,-126
1767174856.471238,0,-4,-120
1767174856.481238,2,-9,-119
1767174856.491238,3,-13,-115
1767174856.501238,2,-13,-115
1767174856.511238,0,-14,-112
1767174856.521238,1,-12,-110
1767174856.531238,2,-12,-113
1767174856.541238,1,-10,-112
1767174856.551238,6,-8,-113
1767174856.561238,8,-5,-119
1767174856.571238,6,-5,-117
1767174856.5812385,3,-4,-116
1767174856.5912385,2,-3,-111
1767174856.6012385,3,-2,-116
1767174856.6112382,6,1,-118
1767174856.6212382,4,1,-112
1767174856.6312382,0,-2,-118
1767174856.6412382,3,-4,-113
1767174856.6512382,5,-2,-114
1767174856.6612382,3,-1,-117
1767174856.6712382,1,-2,-126
1767174856.6812382,0,-2,-126
1767174856.6912382,0,-2,-120
1767174856.7012382,-1,-4,-121
1767174856.711238,-2,-7,-124
1767174856.721238,-2,-5,-126
1767174856.731238,0,-5,-128
1767174856.741238,-2,-5,-130
1767174856.751238,1,-3,-128
1767174856.761238,0,-5,-124
1767174856.771238,-1,-1,-121
1767174856.781238,0,0,-122
1767174856.791238,0,-1,-119
1767174856.801238,1,-4,-118
1767174856.811238,3,-2,-121
1767174856.821238,-2,0,-117
1767174856.8312385,6,0,-117
1767174856.8412385,7,-1,-118
1767174856.8512385,5,0,-117
1767174856.8612382,4,2,-120
1767174856.8712382,4,0,-117
1767174856.8812382,0,-3,-114
1767174856.8912382,0,-4,-117
1767174856.9012382,2,-2,-118
1767174856.9112382,0,-1,-114
1767174856.9212382,0,-3,-117
1767174856.9312382,1,-7,-119
1767174856.9412382,0,-4,-118
1767174856.9512382,0,-3,-118
1767174856.961238,2,-3,-130
1767174856.971238,3,-3,-126
1767174856.981238,2,-5,-122
1767174856.991238,3,-3,-123
1767174857.001238,2,-1,-132
1767174857.011238,1,0,-130
1767174857.021238,0,0,-126
1767174857.031238,3,0,-127
1767174857.041238,1,0,-119
1767174857.051238,-3,-1,-122
1767174857.061238,-1,-1,-122
1767174857.071238,-2,-2,-123
1767174857.0812385,-1,-3,-122
1767174857.0912385,0,-4,-127
1767174857.1012385,0,-5,-126
1767174857.1112382,1,-1,-129
1767174857.1212382,4,-1,-125
1767174857.1312382,2,-4,-124
1767174857.1412382,3,-4,-121
1767174857.1512382,0,-2,-122
1767174857.1612382,1,0,-119
1767174857.1712382,1,0,-121
1767174857.1812382,-3,-3,-121
1767174857.1912382,-2,-7,-121
1767174857.2012382,-5,-5,-126
1767174857.211238,-9,-5,-118
1767174857.221238,-8,-5,-116
1767174857.231238,-5,-3,-113
1767174857.241238,-4,-3,-121
1767174857.251238,-1,-2,-124
1767174857.261238,-2,-2,-124
1767174857.271238,-2,-2,-124
1767174857.281238,-5,-4,-118
1767174857.291238,-10,0,-116
1767174857.301238,-5,-1,-120
1767174857.311238,-1,-2,-127
1767174857.321238,-1,-4,-127
1767174857.3312385,-4,-5,-132
1767174857.3412385,-7,-3,-132
1767174857.3512385,-8,-4,-126
1767174857.3612382,-6,-2,-122
1767174857.3712382,-7,0,-118
1767174857.3812382,-5,2,-117
1767174857.3912382,-3,0,-114
1767174857.4012382,-2,0,-114
1767174857.4112382,-2,-4,-119
1767174857.4212382,-6,-3,-124
1767174857.4312382,-7,-5,-125
1767174857.4412382,-7,-2,-122
1767174857.4512382,-4,-3,-121
1767174857.461238,0,-8,-117
1767174857.471238,-3,-8,-121
1767174857.481238,1,-3,-120
1767174857.491238,-4,3,-120
1767174857.501238,-3,2,-120
1767174857.511238,-1,0,-119
1767174857.521238,-1,2,-115
1767174857.531238,1,1,-122
1767174857.541238,0,1,-123
1767174857.551238,-4,2,-116
1767174857.561238,-4,1,-116
1767174857.571238,0,-2,-113
1767174857.5812385,2,-1,-110
1767174857.5912385,3,-2,-113
1767174857.6012385,5,-2,-114
1767174857.6112382,5,0,-115
1767174857.6212382,6,3,-117
1767174857.6312382,7,0,-120
1767174857.6412382,7,0,-122
1767174857.6512382,4,-3,-118
1767174857.6612382,5,-3,-115
1767174857.6712382,3,-1,-113
1767174857.6812382,2,-2,-112
1767174857.6912382,5,-3,-114
1767174857.7012382,5,3,-119
1767174857.711238,6,0,-120
1767174857.721238,6,1,-121
1767174857.731238,4,0,-124
1767174857.741238,4,1,-118
1767174857.751238,4,4,-113
1767174857.761238,3,1,-121
1767174857.771238,-1,-2,-126
1767174857.781238,-6,-3,-131
1767174857.791238,-5,0,-123
1767174857.801238,-5,0,-118
1767174857.811238,-3,-1,-119
1767174857.821238,-4,-3,-115
1767174857.8312385,-3,-2,-120
1767174857.8412385,3,0,-122
1767174857.8512385,1,1,-117
1767174857.8612382,-1,4,-113
1767174857.8712382,0,0,-117
1767174857.8812382,-1,-1,-117
1767174857.8912382,-2,2,-120
1767174857.9012382,0,3,-118
1767174857.9112382,1,2,-119
1767174857.9212382,0,0,-119
1767174857.9312382,2,0,-127
1767174857.9412382,0,3,-129
1767174857.9512382,4,0,-128
1767174857.961238,8,-4,-125
1767174857.971238,4,-3,-125
1767174857.981238,2,-2,-124
1767174857.991238,1,-5,-124
1767174858.001238,1,-7,-119
1767174858.011238,-1,-8,-119
1767174858.021238,-2,-7,-120
1767174858.031238,-2,-1,-124
1767174858.041238,0,-1,-125
1767174858.051238,0,0,-123
1767174858.061238,1,0,-124
1767174858.071238,1,-3,-124
1767174858.0812385,-3,-6,-124
1767174858.0912385,-5,-6,-124
1767174858.1012385,-7,-1,-127
1767174858.1112382,-4,-1,-126
1767174858.1212382,-8,0,-124
1767174858.1312382,-9,0,-126
1767174858.1412382,-4,-2,-120
1767174858.1512382,0,0,-119
1767174858.1612382,2,0,-120
1767174858.1712382,2,0,-121
1767174858.1812382,4,-2,-123
1767174858.1912382,1,-1,-122
1767174858.202238,1,-2,-126
1767174858.212238,0,-2,-126
1767174858.222238,0,-7,-124
1767174858.232238,-1,-7,-128
1767174858.242238,-1,-8,-125
1767174858.252238,0,-9,-126
1767174858.2622385,1,-7,-125
1767174858.2722385,-1,-3,-119
1767174858.2822382,-4,-3,-122
1767174858.2922382,0,-7,-128
1767174858.3022382,-3,-6,-128
1767174858.3122382,-5,-6,-120
1767174858.3222382,-4,-6,-123
1767174858.3322382,-3,-2,-125
1767174858.3422382,-4,-1,-122
1767174858.3522382,-4,-3,-125
1767174858.3622382,-3,-4,-120
1767174858.3722382,-3,-4,-120
1767174858.382238,0,0,-122
1767174858.392238,3,-2,-122
1767174858.402238,0,-3,-124
1767174858.412238,-3,-4,-126
1767174858.422238,-3,-7,-124
1767174858.432238,-2,-7,-126
1767174858.442238,-2,-7,-132
1767174858.452238,-3,-10,-129
1767174858.462238,-1,-7,-130
1767174858.472238,-1,-6,-127
1767174858.482238,-3,-8,-127
1767174858.492238,-6,-5,-127
1767174858.502238,-5,-4,-118
1767174858.5122385,-3,-1,-110
1767174858.5222385,-6,0,-112
1767174858.5322382,-5,2,-114
1767174858.5422382,-6,0,-121
1767174858.5522382,-4,-2,-123
1767174858.5622382,-4,-5,-127
1767174858.5722382,-2,-5,-125
1767174858.5822382,0,0,-114
1767174858.5922382,-3,0,-117
1767174858.6022382,-3,-1,-122
1767174858.6122382,-2,-4,-129
1767174858.6222382,-1,-3,-129
1767174858.632238,-3,2,-130
1767174858.642238,-4,-2,-119
1767174858.652238,0,-4,-115
1767174858.662238,0,-6,-111
1767174858.672238,2,-11,-110
1767174858.682238,4,-5,-112
1767174858.692238,3,0,-111
1767174858.702238,1,0,-110
1767174858.712238,5,0,-116
1767174858.722238,2,-4,-122
1767174858.732238,0,-4,-126
1767174858.742238,-1,-7,-124
1767174858.752238,-6,-5,-126
1767174858.7622385,-10,-5,-132
1767174858.7722385,-7,-3,-131
1767174858.7822382,-5,-3,-132
1767174858.7922382,0,-3,-125
1767174858.8022382,2,-3,-118
1767174858.8122382,0,-3,-114
1767174858.8222382,0,-6,-120
1767174858.8322382,0,-8,-126
1767174858.8422382,-4,-6,-123
1767174858.8522382,-5,-6,-117
1767174858.8622382,-5,-3,-116
1767174858.8722382,-8,-4,-120
1767174858.882238,-8,-6,-121
1767174858.892238,-8,-2,-113
1767174858.902238,-4,-4,-112
1767174858.912238,-3,-4,-114
1767174858.922238,-3,-5,-119
1767174858.932238,-4,-4,-125
1767174858.942238,-7,-4,-129
1767174858.952238,-6,-3,-122
1767174858.962238,-4,-5,-123
1767174858.972238,-5,-1,-121
1767174858.982238,-5,0,-118
1767174858.992238,0,-1,-117
1767174859.002238,4,-2,-120
1767174859.0122385,10,-2,-121
1767174859.0222385,16,-4,-122
1767174859.0322382,15,-1,-125
1767174859.0422382,9,-2,-129
1767174859.0522382,6,0,-123
1767174859.0622382,5,0,-120
1767174859.0722382,3,-1,-114
1767174859.0822382,1,0,-116
1767174859.0922382,4,0,-116
1767174859.1022382,2,-1,-112
1767174859.1122382,2,-1,-115
1767174859.1222382,1,0,-119
1767174859.132238,-2,-3,-122
1767174859.142238,-1,0,-118
1767174859.152238,0,3,-117
1767174859.162238,-2,-1,-121
1767174859.1832385,1,-4,-125
1767174859.192238,-1,-5,-119
1767174859.202238,-2,-7,-116
1767174859.212238,2,-7,-113
1767174859.222238,0,-5,-116
1767174859.232238,0,-5,-116
1767174859.242238,2,-2,-111
1767174859.252238,0,0,-110
1767174859.2622385,-5,0,-108
1767174859.2722385,-3,-2,-113
1767174859.2822382,0,-3,-112
1767174859.2922382,2,-6,-116
1767174859.3022382,0,-5,-116
1767174859.3122382,3,-9,-112
1767174859.3222382,0,-9,-113
1767174859.3322382,0,-7,-114
1767174859.3422382,-1,-10,-119
1767174859.3522382,-1,-8,-111
1767174859.3622382,0,-8,-113
1767174859.3722382,-4,-4,-113
1767174859.382238,-5,0,-114
1767174859.392238,0,0,-117
1767174859.402238,-5,3,-120
1767174859.412238,-2,0,-124
1767174859.422238,3,1,-128
1767174859.432238,1,-3,-121
1767174859.442238,0,0,-123
1767174859.452238,0,0,-125
1767174859.462238,0,2,-127
1767174859.472238,-2,1,-118
1767174859.482238,-1,-2,-119
1767174859.492238,0,-2,-127
1767174859.502238,1,-3,-127
1767174859.5122385,2,-5,-119
1767174859.5222385,0,-5,-119
1767174859.5322382,1,-6,-115
1767174859.5422382,3,0,-123
1767174859.5522382,2,-1,-122
1767174859.5622382,-1,0,-124
1767174859.5722382,-4,0,-129
1767174859.5822382,-6,5,-121
1767174859.5922382,-7,3,-121
1767174859.6022382,-3,2,-120
1767174859.6122382,-2,2,-121
1767174859.6222382,-5,-1,-119
1767174859.632238,-7,0,-120
1767174859.642238,-2,0,-117
1767174859.652238,-3,1,-113
1767174859.662238,0,0,-114
1767174859.672238,4,1,-117
1767174859.682238,3,4,-109
1767174859.692238,4,4,-108
1767174859.702238,5,3,-126
1767174859.712238,-1,6,-120
1767174859.722238,-1,8,-120
1767174859.732238,2,9,-119
1767174859.742238,3,2,-114
1767174859.752238,2,2,-110
1767174859.7622385,0,5,-111
1767174859.7722385,-6,2,-119
1767174859.7822382,-6,4,-125
1767174859.7922382,-10,5,-127
1767174859.8022382,-10,0,-124
1767174859.8122382,-13,2,-127
1767174859.8222382,-10,2,-129
1767174859.8322382,-10,0,-126
1767174859.8422382,-10,-2,-121
1767174859.8522382,-7,0,-124
1767174859.8622382,-7,0,-124
1767174859.8722382,-6,-3,-116
1767174859.882238,-4,0,-118
1767174859.892238,1,-2,-114
1767174859.902238,4,-2,-118
1767174859.912238,3,1,-116
1767174859.922238,7,4,-123
1767174859.932238,3,0,-118
1767174859.942238,0,1,-110
1767174859.952238,5,0,-110
1767174859.962238,3,-1,-111
1767174859.972238,2,-3,-114
1767174859.982238,1,1,-115
1767174859.992238,4,0,-110
1767174860.002238,3,-2,-110
1767174860.0122385,1,-1,-111
1767174860.0222385,1,2,-115
1767174860.0322382,0,7,-125
1767174860.0422382,0,3,-131
1767174860.0522382,0,5,-126
1767174860.0622382,0,4,-121
1767174860.0722382,1,6,-115
1767174860.0822382,4,1,-117
1767174860.0922382,4,0,-118
1767174860.1022382,2,-1,-117
1767174860.1122382,2,0,-129
1767174860.1222382,5,0,-132
1767174860.132238,5,-1,-131
1767174860.142238,8,1,-127
1767174860.152238,9,1,-117
1767174860.162238,3,0,-115
1767174860.172238,-4,1,-115
1767174860.182238,-3,0,-112
1767174860.192238,-3,-4,-119
1767174860.202238,-5,-5,-124
1767174860.212238,-3,-6,-125
1767174860.222238,-3,-3,-121
1767174860.232238,-2,-5,-123
1767174860.242238,-1,0,-128
1767174860.252238,-1,0,-131
1767174860.2622385,-3,0,-125
1767174860.2722385,-6,2,-122
1767174860.2822382,-3,1,-119
1767174860.2922382,-8,1,-122
1767174860.3022382,-7,0,-126
1767174860.3122382,-1,-2,-129
1767174860.3222382,0,-6,-125
1767174860.3322382,3,-3,-130
1767174860.3422382,0,-2,-128
1767174860.3522382,-4,-3,-121
1767174860.3622382,-2,-6,-113
1767174860.3722382,-4,-2,-109
1767174860.382238,-7,0,-111
1767174860.392238,-2,-3,-112
1767174860.402238,-5,-7,-110
1767174860.412238,-6,-6,-110
1767174860.422238,-7,-6,-117
1767174860.432238,-5,-3,-116
1767174860.442238,-4,-2,-117
1767174860.452238,-2,-3,-118
1767174860.462238,-1,-5,-113
1767174860.472238,-1,-5,-111
1767174860.482238,0,-3,-114
1767174860.492238,3,-1,-119
1767174860.502238,4,-2,-116
1767174860.5122385,7,0,-123
1767174860.5222385,0,0,-130
1767174860.5322382,2,1,-129
1767174860.5422382,1,1,-128
1767174860.5522382,0,0,-126
1767174860.5622382,-4,-1,-129
1767174860.5722382,-2,0,-127
1767174860.5822382,-2,0,-127
1767174860.5922382,-3,-2,-130
1767174860.6022382,0,0,-136
1767174860.6122382,-1,3,-137
1767174860.6222382,-5,1,-133
1767174860.632238,-5,0,-128
1767174860.642238,-8,0,-122
1767174860.652238,-3,0,-123
1767174860.662238,-4,-2,-122
1767174860.672238,-1,0,-126
1767174860.682238,0,0,-135
1767174860.692238,0,-2,-130
1767174860.702238,3,0,-124
1767174860.712238,7,0,-117
1767174860.722238,13,0,-121
1767174860.732238,12,-2,-121
1767174860.742238,12,-1,-122
1767174860.752238,10,-1,-122
1767174860.7622385,8,1,-118
1767174860.7722385,3,0,-117
1767174860.7822382,3,3,-123
1767174860.7922382,5,6,-126
1767174860.8022382,2,9,-129
1767174860.8122382,6,9,-126
1767174860.8222382,5,8,-125
1767174860.8322382,0,4,-127
1767174860.8422382,-4,2,-125
1767174860.853238,-4,2,-124
1767174860.863238,0,1,-129
1767174860.873238,-4,-3,-132
1767174860.883238,-12,-3,-127
1767174860.893238,-10,-3,-128
1767174860.903238,-8,-2,-130
1767174860.913238,-5,0,-133
1767174860.923238,-4,-2,-130
1767174860.9332385,-6,-2,-126
1767174860.9432385,-7,0,-123
1767174860.9532382,-4,0,-121
1767174860.9632382,-5,1,-123
1767174860.9732382,-4,0,-127
1767174860.9832382,-7,-3,-131
1767174860.9932382,-5,-6,-127
1767174861.0032382,-6,-3,-124
1767174861.0132382,-9,-2,-119
1767174861.0232382,-5,-2,-118
1767174861.0332382,-6,3,-119
1767174861.0432382,-5,4,-117
1767174861.0532382,0,5,-115
1767174861.063238,-2,0,-120
1767174861.073238,-1,3,-123
1767174861.083238,-3,0,-131
1767174861.093238,-5,5,-132
1767174861.103238,-7,5,-133
1767174861.113238,-7,4,-137
1767174861.123238,-8,3,-141
1767174861.133238,-5,2,-134
1767174861.143238,-6,-3,-130
1767174861.153238,0,-6,-124
1767174861.163238,-5,-8,-126
1767174861.173238,-6,-10,-131
1767174861.1832385,-4,-6,-127
1767174861.1932385,-8,-4,-130
1767174861.2032382,-7,-1,-128
1767174861.2132382,-8,0,-124
1767174861.2232382,-9,-1,-121
1767174861.2332382,-5,-2,-126
1767174861.2432382,-8,1,-124
1767174861.2532382,-7,-1,-122
1767174861.2632382,-6,-3,-126
1767174861.2732382,-6,-2,-119
1767174861.2832382,-4,-3,-122
1767174861.2932382,-2,-3,-117
1767174861.3032382,-1,-5,-114
1767174861.313238,-8,-2,-113
1767174861.323238,-2,3,-119
1767174861.333238,0,4,-122
1767174861.343238,-6,3,-125
1767174861.353238,-7,1,-124
1767174861.363238,-3,4,-119
1767174861.373238,0,2,-119
1767174861.383238,0,2,-122
1767174861.393238,-1,1,-121
1767174861.403238,0,0,-117
1767174861.413238,-3,2,-117
1767174861.423238,-4,-2,-122
1767174861.4332385,-2,-4,-125
1767174861.4432385,-5,-5,-126
1767174861.4532382,0,-10,-125
1767174861.4632382,0,-9,-130
1767174861.4732382,1,-5,-129
1767174861.4832382,4,-1,-127
1767174861.4932382,2,-1,-126
1767174861.5032382,-3,-4,-118
1767174861.5132382,-6,-6,-119
1767174861.5232382,-7,-3,-122
1767174861.5332382,-4,-2,-118
1767174861.5432382,-3,0,-119
1767174861.5532382,-2,0,-119
1767174861.563238,-3,-1,-126
1767174861.573238,-6,0,-129
1767174861.583238,-4,3,-124
1767174861.593238,-1,0,-125
1767174861.603238,-1,-4,-119
1767174861.613238,-2,-4,-120
1767174861.623238,-5,-3,-118
1767174861.633238,-4,-3,-116
1767174861.643238,-5,0,-122
1767174861.653238,-1,2,-125
1767174861.663238,2,0,-130
1767174861.673238,-1,3,-124
1767174861.6832385,0,2,-119
1767174861.6932385,-3,2,-116
1767174861.7032382,-3,-6,-117
1767174861.7132382,-7,-5,-122
1767174861.7232382,-3,-4,-125
1767174861.7332382,-4,-1,-128
1767174861.7432382,-7,-2,-132
1767174861.7532382,-7,-5,-133
1767174861.7632382,-3,-4,-131
1767174861.7732382,1,4,-132
1767174861.7832382,3,5,-127
1767174861.7932382,3,4,-126
1767174861.8032382,10,3,-128
1767174861.813238,10,4,-128
1767174861.823238,8,4,-116
1767174861.833238,4,3,-124
1767174861.843238,0,1,-122
1767174861.853238,-1,4,-120
1767174861.863238,-4,2,-117
1767174861.873238,-3,-1,-122
1767174861.883238,-2,-3,-120
1767174861.893238,-1,0,-118
1767174861.903238,0,0,-114
1767174861.913238,4,-1,-108
1767174861.923238,0,-1,-110
1767174861.9332385,3,0,-106
1767174861.9432385,2,0,-107
1767174861.9532382,3,0,-108
1767174861.9632382,1,1,-112
1767174861.9732382,0,0,-120
1767174861.9832382,7,0,-114
1767174861.9932382,9,-6,-118
1767174862.0032382,12,-7,-118
1767174862.0132382,7,-5,-114
1767174862.0232382,10,-1,-116
1767174862.0332382,9,-2,-122
1767174862.0432382,8,1,-123
1767174862.0532382,7,2,-123
1767174862.063238,9,2,-130
1767174862.073238,10,3,-123
1767174862.083238,5,6,-127
1767174862.093238,5,5,-123
1767174862.103238,4,0,-119
1767174862.113238,5,1,-123
1767174862.123238,3,1,-122
1767174862.133238,0,1,-119
1767174862.143238,0,2,-116
1767174862.153238,-2,0,-118
1767174862.163238,0,1,-121
1767174862.173238,0,3,-119
1767174862.1832385,0,3,-120
1767174862.1932385,0,0,-116
1767174862.2032382,1,4,-120
1767174862.2132382,0,6,-125
1767174862.2232382,1,4,-130
1767174862.2332382,3,2,-127
1767174862.2432382,2,-2,-121
1767174862.2532382,2,-6,-114
1767174862.2632382,2,-4,-113
1767174862.2732382,0,-2,-116
1767174862.2832382,-1,-1,-116
1767174862.2932382,-5,0,-112
1767174862.3032382,-1,1,-111
1767174862.313238,-3,0,-114
1767174862.323238,-2,0,-117
1767174862.333238,-3,4,-117
1767174862.343238,-3,6,-113
1767174862.353238,1,1,-111
1767174862.363238,7,-1,-108
1767174862.373238,1,-3,-113
1767174862.383238,3,-1,-116
1767174862.393238,5,-2,-114
1767174862.403238,2,-2,-116
1767174862.413238,-1,-2,-121
1767174862.423238,-3,-1,-119
1767174862.4332385,-1,-1,-113
1767174862.4432385,-4,-3,-117
1767174862.4532382,-8,-4,-119
1767174862.4632382,-4,-3,-121
1767174862.4732382,-2,-3,-121
1767174862.4832382,-3,-1,-117
1767174862.4932382,-1,-4,-114
1767174862.5032382,-2,-3,-117
1767174862.5132382,1,-4,-124
1767174862.5232382,4,0,-130
1767174862.5332382,11,0,-131
1767174862.5432382,6,-1,-128
1767174862.5532382,4,0,-126
1767174862.563238,4,-3,-114
1767174862.573238,0,-2,-115
1767174862.583238,2,1,-115
1767174862.593238,3,1,-117
1767174862.603238,0,2,-119
1767174862.613238,0,3,-119
1767174862.623238,2,-1,-122
1767174862.633238,0,-1,-121
1767174862.643238,-2,-4,-116
1767174862.653238,-2,-6,-119
1767174862.663238,-3,-4,-121
1767174862.673238,0,-8,-118
1767174862.6832385,1,-6,-117
1767174862.6932385,-1,-3,-115
1767174862.7032382,-5,0,-113
1767174862.7132382,-5,4,-117
1767174862.7232382,-4,4,-117
1767174862.7332382,-1,2,-121
1767174862.7432382,1,0,-119
1767174862.7532382,0,0,-111
1767174862.7632382,-1,0,-114
1767174862.7732382,-2,3,-118
1767174862.7832382,-6,0,-117
1767174862.7932382,-6,-2,-117
1767174862.8032382,-2,0,-111
1767174862.813238,0,-1,-112
1767174862.823238,-5,-1,-113
1767174862.833238,-4,2,-121
1767174862.843238,-2,5,-122
1767174862.853238,0,5,-128
1767174862.863238,-4,7,-125
1767174862.873238,-8,1,-127
1767174862.883238,-8,2,-125
1767174862.893238,-8,2,-123
1767174862.903238,-3,4,-120
1767174862.913238,1,5,-121
1767174862.923238,1,0,-120
1767174862.9332385,-5,4,-118
1767174862.9432385,-4,2,-119
1767174862.9532382,-6,2,-123
1767174862.9632382,-1,-1,-121
1767174862.9732382,-2,-2,-119
1767174862.9832382,-3,0,-122
1767174862.9932382,-2,-1,-122
1767174863.0032382,0,-5,-129
1767174863.0132382,-1,-6,-126
1767174863.0232382,-1,-1,-124
1767174863.0332382,0,2,-130
1767174863.0432382,0,1,-127
1767174863.0532382,1,0,-127
1767174863.063238,0,1,-126
1767174863.073238,-4,-2,-127
1767174863.083238,-4,-5,-124
1767174863.093238,-5,-4,-118
1767174863.103238,-3,-1,-111
1767174863.113238,1,-4,-111
1767174863.123238,-2,-4,-104
1767174863.133238,0,-5,-105
1767174863.143238,-1,-6,-114
1767174863.153238,0,-2,-125
1767174863.163238,-3,0,-128
1767174863.173238,0,2,-123
1767174863.1832385,-1,-2,-111
1767174863.1932385,0,-1,-113
1767174863.2032382,-2,-3,-116
1767174863.2132382,-1,-8,-122
1767174863.2232382,0,-5,-127
1767174863.2332382,1,-6,-128
1767174863.2432382,0,-6,-125
1767174863.2532382,1,-4,-122
1767174863.2632382,0,-2,-123
1767174863.2732382,-4,0,-123
1767174863.2832382,-1,2,-120
1767174863.2932382,0,1,-122
1767174863.3032382,5,0,-123
1767174863.313238,-1,1,-120
1767174863.323238,-3,0,-122
1767174863.333238,0,2,-115
1767174863.343238,0,2,-112
1767174863.353238,-1,3,-111
1767174863.363238,-2,-1,-118
1767174863.373238,0,0,-120
1767174863.383238,0,-4,-122
1767174863.393238,-2,-5,-113
1767174863.403238,-2,-1,-107
1767174863.413238,1,1,-112
1767174863.423238,1,3,-113
1767174863.4332385,-1,4,-111
1767174863.4432385,-1,-1,-119
1767174863.4532382,-3,0,-129
1767174863.4632382,-7,3,-133
1767174863.4742382,-5,0,-134
1767174863.4832382,-4,-2,-125
1767174863.4932382,-1,2,-125
1767174863.5032382,-1,6,-122
1767174863.5132382,2,3,-120
1767174863.5232382,0,2,-122
1767174863.5332382,3,1,-114
1767174863.5432382,2,0,-122
1767174863.5532382,6,-3,-125
1767174863.564238,2,-7,-119
1767174863.574238,0,-9,-118
1767174863.583238,0,-3,-124
1767174863.594238,0,-3,-118
1767174863.6042385,3,-2,-122
1767174863.6142385,7,-3,-125
1767174863.6242385,4,-2,-126
1767174863.633238,2,0,-128
1767174863.6442382,2,0,-128
1767174863.6542382,0,-2,-122
1767174863.6642382,-3,-1,-125
1767174863.6742382,-4,-2,-124
1767174863.6832385,-3,0,-124
1767174863.6942382,2,0,-129
1767174863.7042382,5,0,-126
1767174863.7142382,5,0,-122
1767174863.7242382,5,0,-119
1767174863.734238,4,0,-117
1767174863.744238,4,0,-117
1767174863.754238,7,-2,-115
1767174863.764238,8,0,-112
1767174863.774238,8,3,-119
1767174863.784238,1,1,-118
1767174863.794238,0,0,-115
1767174863.804238,-1,-3,-113
1767174863.814238,-2,-7,-109
1767174863.824238,-2,-5,-115
1767174863.834238,-1,0,-122
1767174863.844238,8,1,-122
1767174863.8542385,8,2,-117
1767174863.8642385,5,-2,-115
1767174863.8742385,0,-4,-117
1767174863.8842382,0,0,-123
1767174863.8942382,-2,3,-122
1767174863.9042382,0,0,-114
1767174863.9142382,-2,0,-115
1767174863.9242382,1,-1,-119
1767174863.9342382,0,-1,-117
1767174863.9442382,1,0,-122
1767174863.9542382,1,-3,-127
1767174863.9642382,-1,-5,-129
1767174863.9742382,-2,-8,-124
1767174863.984238,1,-8,-121
1767174863.994238,0,-6,-121
1767174864.004238,2,-8,-121
1767174864.014238,5,-4,-117
1767174864.024238,7,-6,-110
1767174864.034238,7,-3,-107
1767174864.044238,5,-4,-107
1767174864.054238,7,0,-110
1767174864.064238,4,1,-116
1767174864.074238,8,6,-113
1767174864.084238,5,4,-118
1767174864.094238,7,6,-112
1767174864.1042385,3,3,-110
1767174864.1142385,0,0,-109
1767174864.1242385,0,0,-117
1767174864.1342382,-1,-1,-118
1767174864.1442382,0,0,-119
1767174864.1542382,0,-6,-114
1767174864.1642382,0,-5,-116
1767174864.1742382,1,-5,-120
1767174864.195238,2,-2,-117
1767174864.2042382,3,-4,-115
1767174864.2142382,4,-5,-119
1767174864.2242382,0,-6,-121
1767174864.234238,1,0,-120
1767174864.244238,4,0,-119
1767174864.254238,2,-1,-115
1767174864.264238,1,-4,-115
1767174864.274238,2,-2,-110
1767174864.284238,-2,-2,-104
1767174864.294238,-2,1,-113
1767174864.304238,4,-2,-117
1767174864.314238,3,-4,-122
1767174864.324238,5,-1,-125
1767174864.334238,0,-1,-124
1767174864.344238,-1,0,-126
1767174864.3542385,-1,-7,-126
1767174864.3642385,0,-3,-128
1767174864.3742385,-2,-2,-133
1767174864.3842382,-6,-3,-127
1767174864.3942382,-6,-2,-129
1767174864.4042382,-4,-3,-125
1767174864.4142382,-4,-2,-117
1767174864.4242382,-9,-1,-113
1767174864.4342382,-8,-2,-111
1767174864.4442382,-6,-3,-109
1767174864.4542382,-4,-3,-116
1767174864.4642382,-2,-4,-122
1767174864.4742382,-3,-6,-125
1767174864.484238,-2,-4,-122
1767174864.494238,3,-1,-119
1767174864.504238,3,0,-122
1767174864.514238,2,1,-123
1767174864.524238,-1,-2,-117
1767174864.534238,2,-2,-115
1767174864.544238,3,-6,-120
1767174864.554238,5,-6,-119
1767174864.564238,6,-2,-118
1767174864.574238,9,-1,-121
1767174864.584238,6,0,-121
1767174864.594238,4,-2,-121
1767174864.6042385,-1,-4,-122
1767174864.6142385,2,-3,-129
1767174864.6242385,4,-1,-138
1767174864.6342382,4,-1,-134
1767174864.6442382,3,-5,-135
1767174864.6542382,4,-2,-134
1767174864.6642382,1,2,-128
1767174864.6742382,0,8,-121
1767174864.6842382,-1,4,-114
1767174864.6942382,-2,5,-113
1767174864.7042382,-3,3,-112
1767174864.7142382,1,0,-117
1767174864.7242382,3,0,-119
1767174864.734238,3,-3,-123
1767174864.744238,2,0,-123
1767174864.754238,0,4,-113
1767174864.764238,-1,0,-115
1767174864.774238,-2,1,-111
1767174864.784238,-3,1,-112
1767174864.794238,-5,2,-114
1767174864.804238,-1,3,-110
1767174864.814238,0,1,-121
1767174864.824238,-2,4,-129
1767174864.834238,-4,8,-130
1767174864.844238,-6,6,-128
1767174864.8542385,-11,5,-124
1767174864.8642385,-7,3,-120
1767174864.8742385,-7,5,-119
1767174864.8842382,-9,5,-119
1767174864.8942382,-8,5,-120
1767174864.9042382,-12,3,-123
1767174864.9142382,-10,0,-130
1767174864.9242382,-5,0,-130
1767174864.9342382,-2,4,-130
1767174864.9442382,-1,7,-122
1767174864.9542382,2,8,-114
1767174864.9642382,3,2,-115
1767174864.9742382,3,-1,-117
1767174864.984238,3,-3,-115
1767174864.994238,0,-3,-123
1767174865.004238,-4,-1,-126
1767174865.014238,-3,-2,-124
1767174865.024238,-1,0,-120
1767174865.034238,-1,0,-122
1767174865.044238,1,1,-121
1767174865.054238,0,0,-118
1767174865.064238,0,-2,-120
1767174865.074238,2,-6,-120
1767174865.084238,0,-3,-121
1767174865.094238,0,-3,-128
1767174865.1042385,3,0,-125
1767174865.1142385,1,0,-126
1767174865.1242385,3,0,-128
1767174865.1342382,0,0,-127
1767174865.1442382,-2,1,-130
1767174865.1542382,0,0,-134
1767174865.1642382,-4,1,-129
1767174865.1742382,-4,3,-125
1767174865.1842382,-3,0,-124
1767174865.1942382,-1,-2,-133
1767174865.2042382,0,-5,-126
1767174865.2142382,-1,-6,-124
1767174865.2242382,0,-7,-123
1767174865.234238,-2,-4,-130
1767174865.244238,-1,0,-130
1767174865.254238,4,0,-128
1767174865.264238,3,-5,-124
1767174865.274238,-3,-10,-119
1767174865.284238,0,-7,-114
1767174865.294238,0,-4,-110
1767174865.304238,-5,-2,-109
1767174865.314238,-2,-5,-116
1767174865.324238,0,-6,-118
1767174865.334238,-2,-5,-124
1767174865.344238,-3,-3,-124
1767174865.3542385,-4,-5,-125
1767174865.3642385,-3,-4,-122
1767174865.3742385,-2,-1,-121
1767174865.3842382,0,-4,-128
1767174865.3942382,-3,-1,-129
1767174865.4042382,-2,-4,-121
1767174865.4142382,-2,-5,-121
1767174865.4242382,-1,-1,-126
1767174865.4342382,-2,0,-130
1767174865.4442382,-2,-2,-128
1767174865.4542382,0,0,-127
1767174865.4642382,0,1,-131
1767174865.4742382,-4,1,-133
1767174865.484238,-3,0,-126
1767174865.494238,-5,0,-122
1767174865.504238,-9,2,-119
1767174865.514238,-6,3,-119
1767174865.524238,-5,-1,-124
1767174865.534238,-5,0,-129
1767174865.544238,-4,-1,-135
1767174865.554238,-5,1,-133
1767174865.564238,-2,2,-137
1767174865.574238,-2,-1,-131
1767174865.584238,-1,-2,-132
1767174865.594238,0,-5,-133
1767174865.6042385,0,-5,-134
1767174865.6142385,2,-7,-130
1767174865.6242385,2,-5,-127
1767174865.6342382,0,-5,-124
1767174865.6442382,4,-4,-122
1767174865.6542382,2,-4,-126
1767174865.6642382,0,-4,-115
1767174865.6742382,2,0,-113
1767174865.6842382,5,-7,-114
1767174865.6942382,0,-12,-110
1767174865.7042382,1,-13,-112
1767174865.7142382,5,-12,-115
1767174865.7242382,4,-9,-112
1767174865.734238,1,-5,-121
1767174865.744238,2,-5,-127
1767174865.754238,4,0,-121
1767174865.764238,1,1,-129
1767174865.774238,-2,2,-131
1767174865.784238,-2,2,-131
1767174865.794238,-1,-2,-131
1767174865.804238,-4,-4,-128
1767174865.814238,-4,-8,-122
1767174865.824238,-2,-7,-129
1767174865.834238,-6,-3,-126
1767174865.844238,-4,-6,-122
1767174865.8542385,0,-2,-124
1767174865.8642385,1,-6,-124
1767174865.8742385,2,-2,-118
1767174865.8842382,5,-2,-121
1767174865.8942382,5,0,-124
1767174865.9042382,1,-5,-126
1767174865.9142382,0,-5,-115
1767174865.9242382,-3,-8,-117
1767174865.9342382,-1,-5,-121
1767174865.9442382,-1,0,-122
1767174865.9542382,3,0,-118
1767174865.9642382,4,1,-122
1767174865.9742382,1,2,-118
1767174865.984238,-3,1,-120
1767174865.994238,-2,-2,-124
1767174866.004238,-3,-1,-128
1767174866.014238,-4,-3,-129
1767174866.024238,-2,-4,-123
1767174866.034238,-1,-5,-119
1767174866.044238,0,-4,-115
1767174866.054238,-2,-7,-114
1767174866.064238,0,-2,-117
1767174866.074238,6,-3,-122
1767174866.084238,4,-4,-125
1767174866.094238,4,-3,-123
1767174866.1042385,3,-4,-117
1767174866.1142385,2,-2,-121
1767174866.1242385,2,-1,-122
1767174866.1342382,2,-3,-121
1767174866.1442382,3,-1,-119
1767174866.1542382,-2,3,-117
1767174866.1642382,-3,0,-116
1767174866.1742382,-1,0,-120
1767174866.185238,-2,0,-121
1767174866.195238,-1,-2,-120
1767174866.205238,6,-8,-116
1767174866.215238,4,-9,-118
1767174866.225238,3,-5,-115
1767174866.235238,1,-5,-123
1767174866.245238,0,-11,-122
1767174866.255238,-5,-12,-119
1767174866.265238,-3,-9,-123
1767174866.275238,0,-4,-121
1767174866.2852385,-2,-1,-120
1767174866.2952385,-6,2,-118
1767174866.3052382,-2,3,-130
1767174866.3152382,0,6,-132
1767174866.3252382,1,5,-127
1767174866.3352382,0,3,-127
1767174866.3452382,4,5,-122
1767174866.3552382,0,3,-114
1767174866.3652382,0,2,-114
1767174866.3752382,2,1,-114
1767174866.3852382,1,0,-111
1767174866.3952382,5,3,-110
1767174866.4052382,3,6,-113
1767174866.415238,0,5,-112
1767174866.425238,0,3,-111
1767174866.435238,0,4,-113
1767174866.445238,-1,4,-113
1767174866.455238,0,0,-119
1767174866.465238,0,-3,-109
1767174866.475238,6,0,-113
1767174866.485238,3,0,-122
1767174866.495238,0,1,-122
1767174866.505238,2,0,-119
1767174866.515238,3,1,-118
1767174866.525238,2,-2,-119
1767174866.5352385,3,1,-123
1767174866.5452385,4,0,-119
1767174866.5552382,4,-2,-125
1767174866.5652382,3,1,-128
1767174866.5752382,0,0,-126
1767174866.5852382,0,-3,-120
1767174866.5952382,0,-1,-122
1767174866.6052382,0,-3,-123
1767174866.6152382,-4,0,-120
1767174866.6252382,-4,0,-114
1767174866.6352382,-1,-4,-117
1767174866.6452382,0,-7,-120
1767174866.6552382,-6,-5,-119
1767174866.665238,-3,-6,-122
1767174866.675238,2,-3,-117
1767174866.685238,3,-1,-116
1767174866.695238,1,0,-120
1767174866.705238,0,-1,-121
1767174866.715238,2,-2,-122
1767174866.725238,3,-4,-126
1767174866.735238,3,0,-125
1767174866.745238,1,3,-125
1767174866.755238,-1,0,-125
1767174866.765238,0,2,-128
1767174866.775238,1,2,-130
1767174866.7852385,5,4,-123
1767174866.7952385,4,1,-113
1767174866.8052382,4,2,-118
1767174866.8152382,3,-1,-122
1767174866.8252382,4,4,-120
1767174866.8352382,9,3,-117
1767174866.8452382,9,4,-122
1767174866.8552382,9,5,-123
1767174866.8652382,7,2,-115
1767174866.8752382,9,-2,-125
1767174866.8852382,7,-1,-130
1767174866.8952382,4,-3,-125
1767174866.9052382,0,-2,-122
1767174866.915238,0,-2,-123
1767174866.925238,-3,-4,-120
1767174866.935238,-5,-6,-115
1767174866.945238,-8,-2,-112
1767174866.955238,-6,0,-112
1767174866.965238,-6,0,-107
1767174866.975238,-4,-2,-104
1767174866.985238,-3,-4,-108
1767174866.995238,-4,-4,-117
1767174867.005238,-6,-2,-119
1767174867.015238,-5,-3,-121
1767174867.025238,-2,-7,-120
1767174867.0352385,-4,-9,-120
1767174867.0452385,-3,-11,-122
1767174867.0552382,-4,-10,-124
1767174867.0652382,-4,-9,-119
1767174867.0752382,0,-7,-118
1767174867.0852382,0,-2,-122
1767174867.0952382,-3,0,-125
1767174867.1052382,0,-1,-121
1767174867.1152382,0,0,-121
1767174867.1252382,-1,2,-123
1767174867.1352382,2,-1,-124
1767174867.1452382,1,0,-120
1767174867.1552382,3,0,-125
1767174867.165238,0,-5,-123
1767174867.175238,0,-5,-119
1767174867.185238,-1,-5,-124
1767174867.195238,-3,-1,-125
1767174867.205238,0,1,-128
1767174867.215238,0,-1,-130
1767174867.225238,0,-1,-126
1767174867.235238,0,-2,-122
1767174867.245238,0,-1,-125
1767174867.255238,1,0,-122
1767174867.265238,5,3,-123
1767174867.275238,9,6,-127
1767174867.2852385,7,5,-129
1767174867.2952385,4,1,-134
1767174867.3052382,7,1,-137
1767174867.3152382,7,2,-134
1767174867.3252382,5,3,-134
1767174867.3352382,4,0,-133
1767174867.3452382,5,0,-131
1767174867.3552382,2,0,-130
1767174867.3652382,2,-2,-133
1767174867.3752382,0,-2,-130
1767174867.3852382,-1,-2,-124
1767174867.3952382,-1,0,-128
1767174867.4052382,-4,1,-124
1767174867.415238,-3,1,-126
1767174867.425238,-4,2,-126
1767174867.435238,-4,3,-116
1767174867.445238,0,3,-118
1767174867.455238,5,1,-114
1767174867.465238,2,3,-117
1767174867.475238,1,2,-128
1767174867.485238,-2,0,-123
1767174867.495238,-2,0,-119
1767174867.505238,-1,0,-117
1767174867.515238,-5,0,-113
1767174867.525238,-3,-1,-114
1767174867.5352385,-3,-2,-118
1767174867.5452385,4,-5,-122
1767174867.5552382,2,-7,-120
1767174867.5652382,1,-13,-117
1767174867.5752382,2,-17,-114
1767174867.5852382,-1,-18,-116
1767174867.5952382,-4,-17,-125
1767174867.6052382,-4,-11,-121
1767174867.6152382,-4,-6,-120
1767174867.6252382,-3,-3,-125
1767174867.6352382,-5,-3,-121
1767174867.6452382,-4,-7,-117
1767174867.6552382,-6,-6,-119
1767174867.665238,-9,-6,-123
1767174867.675238,-6,-4,-120
1767174867.685238,-3,-4,-118
1767174867.695238,-4,-1,-121
1767174867.7062385,-8,3,-114
1767174867.715238,-7,3,-115
1767174867.725238,-5,2,-118
1767174867.735238,-3,1,-121
1767174867.745238,-3,5,-116
1767174867.755238,0,3,-122
1767174867.765238,3,0,-124
1767174867.775238,3,2,-129
1767174867.7852385,0,3,-134
1767174867.7952385,-2,4,-127
1767174867.8052382,2,2,-126
1767174867.8152382,2,0,-125
1767174867.8252382,1,-4,-126
1767174867.8352382,3,0,-126
1767174867.8452382,5,-1,-131
1767174867.8552382,0,-1,-126
1767174867.8652382,3,0,-120
1767174867.8752382,1,2,-123
1767174867.8852382,0,2,-119
1767174867.8952382,0,11,-119
1767174867.9052382,0,4,-121
1767174867.915238,0,-3,-118
1767174867.925238,-2,-6,-121
1767174867.935238,1,-5,-122
1767174867.945238,2,-3,-123
1767174867.955238,-1,-5,-125
1767174867.965238,0,-7,-120
1767174867.975238,-2,-10,-125
1767174867.985238,1,-10,-119
1767174867.995238,0,-6,-118
1767174868.005238,0,-5,-115
1767174868.015238,-1,-3,-114
1767174868.025238,0,0,-117
1767174868.0352385,0,-1,-117
1767174868.0452385,-1,-2,-119
1767174868.0552382,-1,-3,-117
1767174868.0652382,-1,-3,-120
1767174868.0752382,-3,-2,-121
1767174868.0852382,-5,-1,-119
1767174868.0952382,-7,-2,-123
1767174868.1052382,-6,-3,-128
1767174868.1152382,-9,-2,-130
1767174868.1252382,-11,-2,-122
1767174868.1352382,-8,-2,-122
1767174868.1452382,-8,0,-120
1767174868.1552382,-4,1,-118
1767174868.165238,-5,-3,-114
1767174868.175238,-9,-1,-120
1767174868.185238,-7,-1,-121
1767174868.195238,-8,3,-115
1767174868.205238,-10,0,-120
1767174868.215238,-4,-1,-115
1767174868.225238,-5,-2,-114
1767174868.235238,-5,1,-117
1767174868.245238,-6,1,-117
1767174868.255238,-7,1,-112
1767174868.265238,-2,0,-116
1767174868.275238,-2,-4,-118
1767174868.2852385,0,-3,-116
1767174868.2952385,4,-7,-119
1767174868.3052382,2,-7,-115
1767174868.3152382,0,-5,-114
1767174868.3252382,-2,-6,-119
1767174868.3352382,-1,-3,-124
1767174868.3452382,-1,-3,-125
1767174868.3552382,-6,-5,-119
1767174868.3652382,-2,-6,-110
1767174868.3752382,-4,-6,-111
1767174868.3852382,-4,-2,-115
1767174868.3952382,-1,0,-113
1767174868.4052382,2,2,-111
1767174868.415238,9,5,-112
1767174868.425238,6,3,-112
1767174868.435238,5,0,-124
1767174868.445238,5,2,-130
1767174868.455238,4,0,-129
1767174868.465238,2,0,-127
1767174868.475238,-5,-2,-122
1767174868.485238,-7,-3,-114
1767174868.495238,-9,-2,-112
1767174868.505238,-7,-4,-121
1767174868.515238,-4,-3,-123
1767174868.525238,-6,1,-129
1767174868.5352385,-9,1,-132
1767174868.5452385,-5,-2,-127
1767174868.5552382,-9,-1,-120
1767174868.5652382,-13,0,-113
1767174868.5752382,-8,0,-119
1767174868.5852382,-7,-3,-128
1767174868.5952382,-4,-2,-125
1767174868.6052382,0,0,-124
1767174868.6152382,-1,0,-124
1767174868.6252382,-2,-7,-124
1767174868.6352382,0,-8,-132
1767174868.6452382,4,-12,-128
1767174868.6552382,9,-11,-132
1767174868.665238,9,-9,-136
1767174868.675238,6,-7,-126
1767174868.685238,9,-8,-130
1767174868.695238,11,-3,-130
1767174868.705238,5,-5,-127
1767174868.715238,1,-4,-127
1767174868.725238,2,-6,-138
1767174868.735238,1,-6,-131
1767174868.745238,-3,-3,-135
1767174868.755238,-1,-1,-133
1767174868.765238,-2,-6,-125
1767174868.775238,0,-7,-125
1767174868.7852385,0,-8,-120
1767174868.7952385,3,-7,-121
1767174868.8052382,1,-5,-126
1767174868.8162382,0,-3,-129
1767174868.8262382,0,-1,-122
1767174868.8352382,0,0,-121
1767174868.8452382,0,-1,-123
1767174868.856238,1,0,-126
1767174868.866238,-1,2,-123
1767174868.876238,-3,4,-123
1767174868.886238,0,6,-124
1767174868.896238,1,4,-123
1767174868.906238,-1,0,-125
1767174868.916238,0,3,-129
1767174868.926238,-3,2,-130
1767174868.936238,-3,0,-124
1767174868.946238,-3,0,-120
1767174868.9562385,0,0,-124
1767174868.9662385,3,-1,-129
1767174868.9762385,0,-3,-127
1767174868.9862382,-1,-3,-120
1767174868.9962382,-1,0,-119
1767174869.0062382,0,1,-117
1767174869.0162382,-1,0,-115
1767174869.0262382,0,0,-115
1767174869.0362382,3,-2,-116
1767174869.0462382,4,-2,-119
1767174869.0562382,1,0,-121
1767174869.0662382,-1,0,-123
1767174869.0762382,-8,-3,-123
1767174869.086238,-9,-3,-132
1767174869.096238,-8,-3,-129
1767174869.106238,-7,-3,-127
1767174869.116238,-8,-2,-127
1767174869.126238,-7,-4,-121
1767174869.136238,-10,-1,-122
1767174869.146238,-7,-1,-129
1767174869.156238,-4,-1,-129
1767174869.166238,-1,0,-131
1767174869.176238,0,0,-124
1767174869.186238,-1,0,-124
1767174869.2072382,0,-2,-129
1767174869.2162385,0,-3,-124
1767174869.2262385,4,-5,-117
1767174869.2362382,5,-6,-121
1767174869.2462382,0,-4,-128
1767174869.2562382,-1,-4,-128
1767174869.2662382,-2,-2,-131
1767174869.2762382,-7,0,-128
1767174869.2862382,-8,-6,-121
1767174869.2962382,-9,-9,-122
1767174869.3062382,-5,-9,-125
1767174869.3162382,0,-7,-119
1767174869.3262382,-1,-7,-118
1767174869.336238,-6,-5,-110
1767174869.346238,-6,-5,-111
1767174869.356238,-7,-3,-106
1767174869.366238,0,-3,-111
1767174869.376238,-1,-3,-113
1767174869.386238,-1,-2,-114
1767174869.396238,-3,0,-116
1767174869.406238,-2,0,-117
1767174869.416238,-2,-1,-123
1767174869.426238,-2,2,-124
1767174869.436238,-5,2,-117
1767174869.4472382,-4,1,-120
1767174869.4562385,3,0,-127
1767174869.4662385,5,0,-116
1767174869.4762385,8,1,-114
1767174869.4862382,5,0,-113
1767174869.4962382,2,0,-116
1767174869.5062382,2,0,-118
1767174869.5162382,2,0,-121
1767174869.5262382,6,-4,-122
1767174869.5362382,4,-3,-120
1767174869.5462382,4,-4,-128
1767174869.5562382,5,-4,-129
1767174869.5662382,6,-3,-123
1767174869.5762382,4,-3,-123
1767174869.586238,1,-4,-125
1767174869.596238,4,-4,-120
1767174869.606238,2,-1,-119
1767174869.616238,0,-2,-116
1767174869.626238,-1,-2,-112
1767174869.636238,-1,3,-112
1767174869.646238,-2,4,-107
1767174869.656238,-2,5,-113
1767174869.666238,2,4,-106
1767174869.676238,0,0,-107
1767174869.686238,0,-2,-115
1767174869.696238,-1,-2,-114
1767174869.7062385,1,-3,-113
1767174869.7162385,-2,-3,-110
1767174869.7262385,-2,0,-110
1767174869.7362382,-2,-3,-115
1767174869.7462382,4,-6,-115
1767174869.7562382,4,-4,-111
1767174869.7662382,0,0,-112
1767174869.7762382,2,-1,-106
1767174869.7862382,4,-3,-107
1767174869.7962382,3,-6,-112
1767174869.8062382,-3,-5,-119
1767174869.8162382,-4,-2,-113
1767174869.8262382,0,2,-122
1767174869.836238,2,-2,-122
1767174869.846238,3,-3,-123
1767174869.856238,2,-6,-124
1767174869.866238,-4,-4,-123
1767174869.876238,-2,1,-122
1767174869.886238,-4,0,-119
1767174869.896238,-2,-1,-118
1767174869.906238,-4,1,-119
1767174869.916238,-6,-1,-117
1767174869.926238,-6,-1,-115
1767174869.936238,-3,0,-114
1767174869.946238,-3,-2,-112
1767174869.9562385,-1,0,-121
1767174869.9662385,0,-3,-124
1767174869.9762385,4,-5,-114
1767174869.9862382,1,-7,-110
1767174869.9962382,-4,-6,-121
1767174870.0062382,-5,-5,-122
1767174870.0162382,-4,-3,-120
1767174870.0262382,-5,-3,-125
1767174870.0362382,-2,0,-125
1767174870.0462382,1,0,-125
1767174870.0562382,0,0,-124
1767174870.0662382,-2,4,-129
1767174870.0762382,1,0,-129
1767174870.086238,-3,2,-117
1767174870.096238,-7,1,-118
1767174870.106238,-6,1,-124
1767174870.116238,-5,0,-126
1767174870.126238,-6,2,-116
1767174870.136238,-5,1,-116
1767174870.146238,-6,0,-118
1767174870.156238,-2,-4,-115
1767174870.166238,0,-4,-123
1767174870.176238,-5,-2,-120
1767174870.186238,-7,-3,-115
1767174870.196238,-11,-3,-123
1767174870.2062385,-12,1,-119
1767174870.2162385,-7,2,-119
1767174870.2262385,-1,2,-120
1767174870.2362382,0,2,-122
1767174870.2462382,-6,0,-124
1767174870.2562382,-6,-1,-120
1767174870.2662382,0,-1,-119
1767174870.2762382,0,1,-121
1767174870.2862382,-3,-1,-127
1767174870.2962382,-3,-1,-123
1767174870.3062382,-4,0,-126
1767174870.3162382,-2,-1,-118
1767174870.3262382,1,-4,-116
1767174870.336238,1,-4,-115
1767174870.346238,0,-6,-110
1767174870.356238,-1,-8,-111
1767174870.366238,1,-6,-108
1767174870.376238,-2,-3,-110
1767174870.386238,-6,0,-117
1767174870.396238,-7,-2,-114
1767174870.406238,-7,-3,-108
1767174870.416238,-9,0,-112
1767174870.426238,-6,0,-116
1767174870.436238,-9,-1,-112
1767174870.446238,-13,-2,-115
1767174870.4562385,-11,-2,-124
1767174870.4662385,-7,-5,-123
1767174870.4762385,-3,-6,-122
1767174870.4862382,-4,-5,-121
1767174870.4962382,-5,-6,-118
1767174870.5062382,-1,-7,-124
1767174870.5162382,-2,-3,-125
1767174870.5262382,0,-2,-124
1767174870.5362382,-2,-1,-120
1767174870.5462382,-1,3,-120
1767174870.5562382,-2,0,-122
1767174870.5662382,-2,-1,-120
1767174870.5762382,0,-5,-123
1767174870.586238,0,-7,-127
1767174870.596238,5,-9,-127
1767174870.606238,5,-9,-127
1767174870.616238,6,-11,-121
1767174870.626238,4,-8,-125
1767174870.636238,2,-8,-127
1767174870.646238,4,-8,-125
1767174870.656238,4,-5,-117
1767174870.666238,5,-3,-117
1767174870.676238,6,-5,-115
1767174870.686238,3,-5,-117
1767174870.696238,6,-8,-120
1767174870.7062385,4,-7,-116
1767174870.7162385,1,0,-108
1767174870.7262385,-2,0,-109
1767174870.7362382,0,-3,-112
1767174870.7462382,0,0,-118
1767174870.7562382,-1,-3,-121
1767174870.7662382,-1,-2,-124
1767174870.7762382,-1,-3,-119
1767174870.7862382,-3,-3,-115
1767174870.7962382,0,-3,-112
1767174870.8062382,0,-1,-114
1767174870.8162382,0,0,-122
1767174870.8262382,0,-2,-123
1767174870.836238,4,-2,-119
1767174870.846238,5,1,-124
1767174870.856238,3,0,-130
1767174870.866238,1,0,-136
1767174870.876238,2,0,-135
1767174870.886238,-2,1,-126
1767174870.896238,0,1,-122
1767174870.906238,0,3,-124
1767174870.916238,0,7,-124
1767174870.926238,2,3,-127
1767174870.936238,1,0,-123
1767174870.946238,0,-2,-118
1767174870.9562385,-2,-3,-118
1767174870.9662385,-4,-2,-121
1767174870.9762385,-2,-4,-121
1767174870.9862382,-1,-1,-126
1767174870.9962382,0,-1,-126
1767174871.0062382,-1,-3,-123
1767174871.0162382,0,-5,-119
1767174871.0262382,0,-1,-123
1767174871.0362382,-1,-1,-128
1767174871.0462382,-2,-1,-122
1767174871.0562382,-1,-1,-124
1767174871.0662382,-1,0,-122
1767174871.0762382,2,0,-124
1767174871.086238,7,-2,-120
1767174871.096238,6,-4,-120
1767174871.106238,9,-7,-119
1767174871.116238,10,-7,-119
1767174871.126238,7,-8,-121
1767174871.136238,8,-11,-122
1767174871.146238,3,-7,-123
1767174871.156238,2,-5,-127
1767174871.166238,2,-4,-128
1767174871.176238,2,-4,-136
1767174871.186238,-3,-3,-131
1767174871.196238,-6,-4,-125
1767174871.2062385,-6,-3,-130
1767174871.2162385,-4,-5,-129
1767174871.2262385,-3,-6,-128
1767174871.2362382,-6,-5,-126
1767174871.2462382,-5,-7,-124
1767174871.2562382,-1,-5,-118
1767174871.2662382,0,-5,-118
1767174871.2762382,2,0,-120
1767174871.2862382,1,1,-117
1767174871.2962382,-1,-1,-122
1767174871.3062382,-2,-1,-129
1767174871.3162382,-2,-1,-126
1767174871.3262382,-7,-3,-122
1767174871.336238,-6,-1,-120
1767174871.346238,-8,-4,-119
1767174871.356238,-4,-5,-119
1767174871.366238,-3,-4,-114
1767174871.376238,-5,-6,-120
1767174871.386238,-1,-5,-122
1767174871.396238,-2,-6,-122
1767174871.406238,-2,-7,-123
1767174871.416238,-1,-4,-120
1767174871.426238,0,-7,-125
1767174871.436238,-2,-9,-129
1767174871.446238,-2,-8,-126
1767174871.4562385,-4,-9,-123
1767174871.4662385,-5,-5,-123
1767174871.4772382,-6,-2,-121
1767174871.4862382,-6,-2,-126
1767174871.4962382,-4,0,-129
1767174871.507238,-6,-1,-128
1767174871.517238,-3,0,-123
1767174871.5262382,-1,0,-126
1767174871.537238,3,-4,-123
1767174871.547238,4,-5,-124
1767174871.557238,0,-3,-130
1767174871.567238,1,-4,-129
1767174871.577238,0,-6,-129
1767174871.587238,-4,-3,-129
1767174871.597238,-1,-6,-130
1767174871.607238,4,-8,-128
1767174871.617238,1,-5,-127
1767174871.627238,4,-3,-124
1767174871.6372385,5,-4,-124
1767174871.6472385,2,1,-128
1767174871.6572382,-1,1,-121
1767174871.6672382,-3,1,-114
1767174871.6772382,-4,0,-117
1767174871.6872382,-4,0,-116
1767174871.6972382,-3,-2,-119
1767174871.7072382,-5,-1,-114
1767174871.7172382,-2,1,-112
1767174871.7272382,-2,-3,-117
1767174871.7372382,-3,-2,-116
1767174871.7472382,-4,-4,-118
1767174871.757238,-2,-8,-116
1767174871.767238,-7,-6,-115
1767174871.777238,-2,-6,-119
1767174871.787238,1,-5,-125
1767174871.797238,9,-2,-118
1767174871.807238,5,-2,-120
1767174871.817238,3,-5,-124
1767174871.827238,5,-3,-125
1767174871.837238,1,-8,-126
1767174871.847238,0,-9,-121
1767174871.857238,0,-6,-125
1767174871.867238,2,-5,-133
1767174871.877238,0,-1,-130
1767174871.8872385,2,0,-129
1767174871.8972385,3,-3,-125
1767174871.9072382,0,-2,-124
1767174871.9172382,0,-6,-124
1767174871.9272382,-3,-6,-119
1767174871.9372382,4,-10,-115
1767174871.9472382,6,-10,-119
1767174871.9572382,1,-10,-116
1767174871.9672382,1,-7,-120
1767174871.9772382,5,-7,-120
1767174871.9872382,0,-6,-126
1767174871.9972382,-2,-2,-122
1767174872.007238,-2,-2,-124
1767174872.017238,-3,-1,-127
1767174872.027238,0,0,-119
1767174872.037238,0,-3,-118
1767174872.047238,0,-6,-115
1767174872.057238,3,-4,-112
1767174872.067238,6,-2,-117
1767174872.077238,4,-3,-118
1767174872.087238,4,-4,-122
1767174872.097238,4,-3,-110
1767174872.107238,1,-3,-112
1767174872.117238,0,-4,-115
1767174872.127238,-4,-4,-117
1767174872.1372385,-4,-3,-114
1767174872.1472385,-1,0,-120
1767174872.1572382,-3,0,-116
1767174872.1672382,-3,0,-120
1767174872.1772382,-1,-3,-113
1767174872.1872382,-2,-2,-111
1767174872.1972382,-1,-2,-109
1767174872.2072382,1,-1,-111
1767174872.2172382,2,0,-112
1767174872.2272382,-2,-4,-120
1767174872.2372382,-5,-5,-120
1767174872.2472382,-8,-3,-122
1767174872.257238,-10,-3,-122
1767174872.267238,-8,0,-123
1767174872.277238,-1,0,-128
1767174872.287238,-1,0,-120
1767174872.297238,2,3,-120
1767174872.307238,1,7,-113
1767174872.317238,1,8,-110
1767174872.327238,1,9,-113
1767174872.337238,0,5,-117
1767174872.347238,4,8,-120
1767174872.357238,6,8,-121
1767174872.367238,3,5,-123
1767174872.377238,-1,0,-120
1767174872.3872385,-1,-2,-125
1767174872.3972385,0,1,-124
1767174872.4072382,2,0,-121
1767174872.4172382,7,-2,-124
1767174872.4272382,3,-2,-118
1767174872.4372382,2,-1,-120
1767174872.4472382,5,-1,-115
1767174872.4572382,9,0,-120
1767174872.4672382,10,0,-119
1767174872.4772382,9,4,-125
1767174872.4872382,6,0,-124
1767174872.4972382,9,-2,-118
1767174872.507238,9,-3,-122
1767174872.517238,9,-3,-128
1767174872.527238,6,2,-133
1767174872.537238,3,2,-125
1767174872.547238,2,3,-120
1767174872.557238,6,3,-123
1767174872.567238,5,0,-122
1767174872.577238,5,0,-124
1767174872.587238,2,3,-122
1767174872.597238,2,-2,-122
1767174872.607238,3,-1,-122
1767174872.617238,3,-5,-125
1767174872.627238,4,-3,-131
1767174872.6372385,1,-3,-139
1767174872.6472385,2,-1,-129
1767174872.6572382,0,-4,-130
1767174872.6672382,-5,-3,-131
1767174872.6772382,-7,-1,-132
1767174872.6872382,-7,0,-129
1767174872.6972382,-2,-1,-136
1767174872.7072382,-2,-2,-128
1767174872.7172382,-7,-2,-126
1767174872.7272382,-2,-3,-125
1767174872.7372382,-1,-1,-124
1767174872.7472382,-1,0,-121
1767174872.757238,0,0,-124
1767174872.767238,-3,1,-124
1767174872.777238,-2,0,-121
1767174872.787238,-4,-1,-120
1767174872.797238,2,-2,-126
1767174872.807238,0,-1,-122
1767174872.817238,1,2,-113
1767174872.827238,6,6,-114
1767174872.837238,3,3,-119
1767174872.847238,3,0,-121
1767174872.857238,4,-1,-128
1767174872.867238,1,-3,-124
1767174872.877238,0,-4,-122
1767174872.8872385,1,-6,-127
1767174872.8972385,1,-6,-125
1767174872.9072382,0,-6,-119
1767174872.9172382,5,-2,-121
1767174872.9272382,2,-2,-117
1767174872.9372382,-1,-3,-117
1767174872.9472382,-3,-4,-119
1767174872.9572382,-5,-4,-122
1767174872.9672382,1,-9,-124
1767174872.9772382,1,-7,-127
1767174872.9872382,0,-8,-122
1767174872.9972382,-1,-11,-118
1767174873.007238,0,-12,-116
1767174873.017238,6,-9,-126
1767174873.027238,4,-7,-125
1767174873.037238,4,-8,-128
1767174873.047238,2,-8,-129
1767174873.057238,-1,-6,-124
1767174873.067238,-2,-8,-126
1767174873.077238,0,-10,-123
1767174873.087238,0,-9,-120
1767174873.097238,2,-8,-124
1767174873.107238,1,-8,-125
1767174873.117238,0,-9,-119
1767174873.127238,-3,-10,-115
1767174873.1372385,-6,-11,-116
1767174873.1472385,-9,-11,-119
1767174873.1572382,-6,-8,-120
1767174873.1672382,-3,-8,-118
1767174873.1772382,-7,-3,-121
1767174873.1872382,-4,-1,-119
1767174873.1972382,0,-3,-123
1767174873.2072382,2,-2,-123
1767174873.2172382,-1,-3,-117
1767174873.2272382,3,-2,-115
1767174873.2372382,1,-2,-114
1767174873.2472382,1,0,-119
1767174873.257238,2,1,-125
1767174873.267238,3,0,-127
1767174873.277238,0,-2,-126
1767174873.287238,-1,-8,-128
1767174873.297238,-1,-7,-124
1767174873.307238,5,-5,-115
1767174873.317238,8,-4,-108
1767174873.327238,8,-4,-109
1767174873.337238,6,-2,-108
1767174873.347238,2,0,-116
1767174873.357238,2,2,-116
1767174873.367238,4,2,-118
1767174873.377238,-2,0,-118
1767174873.3872385,-2,3,-124
1767174873.3972385,-2,5,-122
1767174873.4072382,-6,0,-122
1767174873.4172382,-4,1,-123
1767174873.4272382,-5,1,-125
1767174873.4372382,-1,-1,-120
1767174873.4472382,1,-2,-117
1767174873.4572382,5,-4,-124
1767174873.4672382,4,-4,-121
1767174873.4772382,3,-4,-119
1767174873.4872382,1,-6,-117
1767174873.4972382,-1,-3,-114
1767174873.507238,-1,-3,-112
1767174873.517238,0,-4,-116
1767174873.527238,-5,-4,-121
1767174873.537238,-7,-5,-125
1767174873.547238,-8,-4,-121
1767174873.557238,-12,-3,-121
1767174873.567238,-10,-3,-118
1767174873.577238,-7,0,-121
1767174873.587238,-9,-3,-117
1767174873.597238,-6,-8,-121
1767174873.607238,-8,-10,-116
1767174873.617238,-8,-8,-111
1767174873.627238,-7,-4,-109
1767174873.6372385,-4,-5,-108
1767174873.6472385,-4,-6,-107
1767174873.6572382,0,-9,-108
1767174873.6672382,2,-8,-118
1767174873.6772382,0,-6,-120
1767174873.6872382,0,-3,-110
1767174873.6972382,-1,-1,-112
1767174873.7072382,0,-1,-112
1767174873.7172382,1,-1,-118
1767174873.7272382,0,1,-121
1767174873.7372382,0,3,-120
1767174873.7472382,1,6,-124
1767174873.757238,4,1,-126
1767174873.767238,0,-4,-123
1767174873.777238,-2,-7,-119
1767174873.787238,-2,-7,-119
1767174873.797238,-3,-9,-120
1767174873.807238,-9,-6,-123
1767174873.817238,-8,-6,-129
1767174873.827238,-10,-7,-133
1767174873.837238,-9,-4,-138
1767174873.847238,0,-3,-133
1767174873.857238,-1,-1,-128
1767174873.867238,-2,-1,-123
1767174873.877238,1,0,-116
1767174873.8872385,2,-1,-119
1767174873.8972385,1,0,-122
1767174873.9072382,3,4,-120
1767174873.9172382,1,6,-119
1767174873.9272382,0,2,-115
1767174873.9372382,0,0,-122
1767174873.9472382,0,0,-129
1767174873.9572382,0,-4,-115
1767174873.9672382,0,-2,-112
1767174873.9772382,-1,0,-114
1767174873.9872382,-3,0,-114
1767174873.9972382,-5,0,-115
1767174874.007238,-4,-5,-113
1767174874.017238,-2,-2,-113
1767174874.027238,-5,-5,-114
1767174874.037238,-6,-5,-117
1767174874.047238,-9,-6,-121
1767174874.057238,-10,-4,-117
1767174874.067238,-6,-2,-113
1767174874.077238,-8,-2,-115
1767174874.087238,-7,-2,-111
1767174874.097238,-7,1,-108
1767174874.107238,-4,3,-111
1767174874.117238,-2,7,-114
1767174874.127238,0,4,-114
1767174874.1372385,-1,6,-122
1767174874.1472385,1,1,-120
1767174874.1572382,2,-5,-119
1767174874.1672382,0,-8,-119
1767174874.1782382,2,-2,-116
1767174874.188238,1,-6,-118
1767174874.198238,0,-6,-122
1767174874.2202382,-3,0,-122
1767174874.228238,-2,0,-126
1767174874.238238,0,-3,-118
1767174874.248238,0,-2,-120
1767174874.258238,0,1,-125
1767174874.268238,0,0,-127
1767174874.278238,-1,1,-123
1767174874.288238,-3,-2,-124
1767174874.298238,-2,-5,-126
1767174874.3082385,-4,-4,-121
1767174874.3182385,-9,-1,-113
1767174874.3282382,-12,-3,-121
1767174874.3382382,-8,-2,-125
1767174874.3482382,-7,0,-123
1767174874.3582382,-2,0,-118
1767174874.3682382,0,2,-118
1767174874.3782382,0,3,-121
1767174874.3882382,5,4,-123
1767174874.3982382,2,3,-123
1767174874.4082382,0,0,-123
1767174874.4182382,-2,0,-121
1767174874.4282382,3,0,-120
1767174874.438238,7,0,-111
1767174874.448238,5,0,-113
1767174874.458238,4,0,-116
1767174874.468238,0,-3,-123
1767174874.478238,-2,0,-122
1767174874.488238,-2,-3,-129
1767174874.498238,-2,-6,-126
1767174874.508238,1,-4,-122
1767174874.518238,-1,-1,-118
1767174874.528238,1,2,-118
1767174874.538238,4,-3,-124
1767174874.548238,1,0,-128
1767174874.5582385,-1,1,-129
1767174874.5682385,-6,3,-124
1767174874.5782382,-5,-1,-132
1767174874.5882382,2,0,-132
1767174874.5982382,3,2,-124
1767174874.6082382,3,7,-124
1767174874.6182382,1,8,-125
1767174874.6282382,0,5,-117
1767174874.6382382,1,0,-119
1767174874.6482382,0,-5,-117
1767174874.6582382,1,-6,-115
1767174874.6682382,-1,-2,-119
1767174874.6782382,-3,-4,-120
1767174874.688238,-3,-3,-128
1767174874.698238,0,-7,-130
1767174874.708238,0,-7,-128
1767174874.718238,5,-6,-123
1767174874.728238,5,-8,-120
1767174874.738238,3,-7,-120
1767174874.748238,3,-7,-128
1767174874.758238,3,-2,-125
1767174874.768238,0,-2,-123
1767174874.778238,6,-6,-123
1767174874.788238,1,-8,-121
1767174874.798238,4,-4,-122
1767174874.8082385,1,-6,-124
1767174874.8182385,3,-3,-118
1767174874.8282382,1,-5,-124
1767174874.8382382,6,-6,-123
1767174874.8482382,1,-2,-119
1767174874.8582382,1,-4,-116
1767174874.8682382,6,-6,-112
1767174874.8782382,6,-7,-111
1767174874.8882382,4,-6,-105
1767174874.8982382,0,-3,-106
1767174874.9082382,-5,-6,-110
1767174874.9182382,-5,-10,-114
1767174874.9282382,-4,-7,-121
1767174874.938238,-2,-2,-124
1767174874.948238,-4,0,-128
1767174874.958238,-3,-3,-118
1767174874.968238,0,-5,-115
1767174874.978238,0,-3,-114
1767174874.988238,0,-6,-121
1767174874.998238,-3,-9,-121
1767174875.008238,0,-13,-123
1767174875.018238,2,-9,-119
1767174875.028238,2,-7,-115
1767174875.038238,4,-4,-116
1767174875.048238,2,-7,-117
1767174875.0582385,2,-6,-120
1767174875.0682385,0,-3,-117
1767174875.0782382,0,0,-117
1767174875.0882382,4,0,-111
1767174875.0982382,1,4,-111
1767174875.1082382,0,6,-110
1767174875.1182382,3,9,-116
1767174875.1282382,1,2,-117
1767174875.1382382,0,1,-115
1767174875.1482382,-2,0,-114
1767174875.1582382,4,-3,-117
1767174875.1682382,3,1,-122
1767174875.1782382,6,2,-118
1767174875.188238,1,4,-124
1767174875.198238,0,2,-126
1767174875.208238,1,4,-127
1767174875.218238,5,5,-134
1767174875.228238,1,4,-133
1767174875.238238,0,2,-129
1767174875.248238,0,-2,-126
1767174875.258238,0,-3,-121
1767174875.268238,0,-2,-117
1767174875.278238,-1,3,-118
1767174875.288238,-1,4,-121
1767174875.298238,-4,2,-126
1767174875.3082385,-7,0,-122
1767174875.3182385,-9,5,-128
1767174875.3282382,-10,3,-133
1767174875.3382382,-5,0,-135
1767174875.3482382,-6,0,-128
1767174875.3582382,0,-2,-127
1767174875.3682382,-1,-2,-125
1767174875.3782382,1,0,-132
1767174875.3882382,2,1,-129
1767174875.3982382,3,0,-127
1767174875.4082382,0,0,-131
1767174875.4182382,7,-1,-129
1767174875.4282382,10,1,-126
1767174875.438238,8,0,-126
1767174875.448238,10,0,-125
1767174875.458238,3,0,-123
1767174875.468238,3,0,-119
1767174875.478238,0,-3,-117
1767174875.488238,-2,-1,-111
1767174875.498238,-2,0,-113
1767174875.508238,0,-3,-119
1767174875.518238,0,1,-112
1767174875.528238,3,2,-108
1767174875.538238,8,0,-110
1767174875.548238,2,-1,-110
1767174875.5582385,0,1,-113
1767174875.5682385,0,1,-113
1767174875.5782382,1,0,-123
1767174875.5882382,4,0,-126
1767174875.5982382,4,1,-122
1767174875.6082382,6,-1,-125
1767174875.6182382,4,3,-125
1767174875.6282382,2,8,-114
1767174875.6382382,1,9,-116
1767174875.6482382,0,4,-116
1767174875.6582382,-4,3,-113
1767174875.6682382,-4,-1,-121
1767174875.6782382,-4,-2,-119
1767174875.688238,-2,-3,-114
1767174875.698238,-4,0,-123
1767174875.708238,-2,-1,-127
1767174875.718238,0,-3,-128
1767174875.728238,0,-6,-128
1767174875.738238,2,-7,-130
1767174875.748238,3,-11,-126
1767174875.758238,7,-10,-123
1767174875.768238,-1,-11,-129
1767174875.778238,-2,-8,-123
1767174875.788238,-2,-7,-127
1767174875.798238,-2,-6,-130
1767174875.8082385,2,-3,-128
1767174875.8182385,2,-2,-125
1767174875.8282382,1,1,-115
1767174875.8382382,0,-1,-118
1767174875.8482382,2,0,-115
1767174875.8582382,0,-1,-112
1767174875.8682382,0,-1,-113
1767174875.8782382,0,-3,-110
1767174875.8882382,4,-1,-105
1767174875.8982382,6,0,-104
1767174875.9082382,5,-4,-110
1767174875.9182382,5,-8,-117
1767174875.9282382,3,-8,-119
1767174875.938238,6,-7,-118
1767174875.948238,6,-5,-115
1767174875.958238,4,-3,-115
1767174875.968238,3,-1,-122
1767174875.978238,1,-2,-120
1767174875.988238,0,2,-124
1767174875.998238,2,0,-124
1767174876.008238,3,2,-117
1767174876.018238,2,-1,-120
1767174876.028238,3,-1,-117
1767174876.038238,3,0,-120
1767174876.048238,2,-1,-120
1767174876.0582385,3,0,-126
1767174876.0682385,3,0,-130
1767174876.0782382,4,0,-134
1767174876.0882382,2,1,-131
1767174876.0982382,2,0,-131
1767174876.1082382,7,-3,-131
1767174876.1182382,12,0,-130
1767174876.1282382,11,0,-120
1767174876.1382382,7,-4,-123
1767174876.1482382,5,-7,-114
1767174876.1582382,0,-9,-119
1767174876.1682382,1,-4,-117
1767174876.1782382,0,-2,-108
1767174876.188238,-3,-1,-118
1767174876.198238,-3,-1,-124
1767174876.208238,-4,-1,-125
1767174876.218238,-4,0,-116
1767174876.228238,-2,-1,-113
1767174876.238238,-1,0,-114
1767174876.248238,-4,-1,-120
1767174876.258238,1,0,-119
1767174876.268238,0,-2,-116
1767174876.278238,0,-2,-114
1767174876.288238,0,-4,-120
1767174876.298238,-2,0,-116
1767174876.3082385,-5,-1,-117
1767174876.3182385,-6,5,-121
1767174876.3282382,-2,6,-122
1767174876.3382382,-1,5,-124
1767174876.3482382,-3,5,-121
1767174876.3582382,0,4,-118
1767174876.3682382,0,4,-125
1767174876.3782382,0,1,-125
1767174876.3882382,2,4,-124
1767174876.3982382,0,3,-120
1767174876.4082382,-2,1,-120
1767174876.4182382,4,3,-117
1767174876.4282382,2,0,-115
1767174876.438238,0,-2,-112
1767174876.448238,-1,0,-121
1767174876.458238,-5,-4,-117
1767174876.468238,-3,0,-121
1767174876.478238,0,0,-115
1767174876.488238,-2,-1,-121
1767174876.498238,-1,1,-117
1767174876.508238,4,-1,-108
1767174876.518238,3,0,-103
1767174876.528238,-3,-2,-108
1767174876.538238,0,-4,-111
1767174876.548238,-2,-1,-110
1767174876.5582385,-2,0,-113
1767174876.5682385,-1,0,-118
1767174876.5782382,1,3,-110
1767174876.5882382,4,3,-111
1767174876.5982382,1,0,-115
1767174876.6082382,5,-2,-119
1767174876.6182382,6,-8,-122
1767174876.6282382,9,-8,-121
1767174876.6382382,3,-7,-118
1767174876.6482382,1,-6,-118
1767174876.6582382,3,-6,-120
1767174876.6682382,4,-8,-123
1767174876.6782382,5,-6,-125
1767174876.688238,2,-7,-119
1767174876.698238,0,-8,-115
1767174876.708238,0,-6,-110
1767174876.718238,-1,-4,-110
1767174876.728238,-1,0,-113
1767174876.738238,-1,-1,-118
1767174876.748238,0,-1,-126
1767174876.758238,1,-1,-126
1767174876.768238,1,-3,-131
1767174876.778238,-2,-4,-130
1767174876.788238,-4,-3,-129
1767174876.7992382,-7,0,-122
1767174876.8092382,-1,2,-119
1767174876.820238,-2,6,-118
1767174876.8282382,-6,4,-115
1767174876.8392382,-6,0,-110
1767174876.8492382,-4,-6,-107
1767174876.859238,-5,-2,-106
1767174876.869238,-5,-4,-100
1767174876.879238,-9,-5,-97
1767174876.889238,-5,-3,-92
1767174876.899238,-9,-2,-99
1767174876.909238,-8,-2,-101
1767174876.919238,-2,0,-103
1767174876.929238,3,-6,-104
1767174876.939238,4,-4,-108
1767174876.949238,1,-1,-113
1767174876.959238,0,0,-121
1767174876.969238,0,2,-117
1767174876.9792385,2,0,-115
1767174876.9892385,-2,1,-114
1767174876.9992385,0,2,-112
1767174877.0092382,0,0,-116
1767174877.0192382,-1,0,-114
1767174877.0292382,0,2,-114
1767174877.0392382,-2,-2,-111
1767174877.0492382,-5,-5,-120
1767174877.0592382,-6,-5,-124
1767174877.0692382,-3,-2,-122
1767174877.0792382,-1,-2,-122
1767174877.0892382,-5,0,-124
1767174877.0992382,-6,3,-119
1767174877.109238,-2,0,-116
1767174877.119238,0,0,-123
1767174877.129238,-1,1,-127
1767174877.139238,1,1,-127
1767174877.149238,3,0,-128
1767174877.159238,0,-1,-124
1767174877.169238,2,0,-123
1767174877.179238,-1,-3,-118
1767174877.189238,2,-6,-114
1767174877.199238,1,-6,-117
1767174877.209238,4,0,-120
1767174877.219238,5,-5,-119
1767174877.2292385,4,-7,-120
1767174877.2392385,0,-3,-120
1767174877.2492385,-1,-6,-124
1767174877.2592382,-3,-3,-116
1767174877.2692382,-8,-6,-121
1767174877.2792382,-5,-2,-120
1767174877.2892382,-4,-4,-112
1767174877.2992382,-1,-5,-114
1767174877.3092382,-1,-6,-114
1767174877.3192382,-1,-2,-117
1767174877.3292382,1,-3,-119
1767174877.3392382,3,-4,-119
1767174877.3492382,1,-6,-119
1767174877.359238,-1,-5,-118
1767174877.369238,-2,-2,-117
1767174877.379238,-2,0,-115
1767174877.389238,0,0,-115
1767174877.399238,0,0,-114
1767174877.409238,0,-3,-119
1767174877.419238,1,-3,-119
1767174877.429238,-1,0,-116
1767174877.439238,1,0,-117
1767174877.449238,2,0,-118
1767174877.459238,0,-3,-109
1767174877.469238,0,-3,-112
1767174877.4792385,1,-1,-114
1767174877.4892385,0,-3,-117
1767174877.4992385,2,-5,-113
1767174877.5092382,1,-4,-117
1767174877.5192382,4,-3,-122
1767174877.5292382,11,-1,-123
1767174877.5392382,12,-1,-122
1767174877.5492382,7,0,-114
1767174877.5592382,7,-2,-112
1767174877.5692382,9,1,-117
1767174877.5792382,9,5,-122
1767174877.5892382,7,5,-121
1767174877.5992382,7,4,-120
1767174877.609238,8,0,-120
1767174877.619238,6,3,-127
1767174877.629238,7,3,-127
1767174877.639238,3,0,-122
1767174877.649238,1,-4,-117
1767174877.659238,2,-2,-117
1767174877.669238,2,-1,-120
1767174877.679238,4,2,-118
1767174877.689238,5,0,-121
1767174877.699238,3,0,-127
1767174877.709238,0,0,-132
1767174877.719238,-2,0,-130
1767174877.7292385,0,1,-123
1767174877.7392385,0,0,-123
1767174877.7492385,0,2,-117
1767174877.7592382,0,-2,-117
1767174877.7692382,-3,-3,-119
1767174877.7792382,2,0,-119
1767174877.7892382,4,0,-123
1767174877.7992382,6,-1,-137
1767174877.8092382,9,-2,-129
1767174877.8192382,3,-1,-123
1767174877.8292382,4,-1,-125
1767174877.8392382,5,2,-121
1767174877.8492382,2,1,-121
1767174877.859238,-1,0,-115
1767174877.869238,-4,0,-117
1767174877.879238,-2,-1,-116
1767174877.889238,0,-1,-118
1767174877.899238,0,-3,-115
1767174877.909238,0,-5,-117
1767174877.919238,0,-1,-120
1767174877.929238,1,0,-124
1767174877.939238,6,-3,-117
1767174877.949238,0,-3,-111
1767174877.959238,-3,-6,-115
1767174877.969238,-2,-6,-122
1767174877.9792385,-4,-4,-119
1767174877.9892385,-10,-3,-127
1767174877.9992385,-8,-2,-131
1767174878.0092382,-4,-4,-125
1767174878.0192382,-2,-2,-119
1767174878.0292382,-1,-4,-125
1767174878.0392382,-2,0,-121
1767174878.0492382,1,0,-123
1767174878.0592382,0,0,-118
1767174878.0692382,-1,0,-121
1767174878.0792382,-1,-1,-114
1767174878.0892382,2,0,-114
1767174878.0992382,2,2,-117
1767174878.109238,4,0,-112
1767174878.119238,6,-3,-112
1767174878.129238,6,-3,-111
1767174878.139238,1,-3,-116
1767174878.149238,0,-2,-115
1767174878.159238,-6,-3,-116
1767174878.169238,-9,-3,-117
1767174878.179238,-7,-1,-122
1767174878.189238,1,-2,-119
1767174878.199238,4,-6,-119
1767174878.209238,1,-6,-118
1767174878.219238,0,-7,-123
1767174878.2292385,4,-3,-118
1767174878.2392385,6,-3,-116
1767174878.2492385,13,-2,-117
1767174878.2592382,10,-3,-120
1767174878.2692382,7,-6,-123
1767174878.2792382,2,-8,-123
1767174878.2892382,0,0,-120
1767174878.2992382,-3,-1,-119
1767174878.3092382,-5,-1,-119
1767174878.3192382,-5,-7,-121
1767174878.3292382,-1,-10,-122
1767174878.3392382,-3,-14,-124
1767174878.3492382,-5,-12,-124
1767174878.359238,0,-12,-125
1767174878.369238,-3,-4,-125
1767174878.379238,-1,-2,-127
1767174878.389238,3,-2,-126
1767174878.399238,2,-3,-133
1767174878.409238,2,-4,-129
1767174878.419238,4,-3,-123
1767174878.429238,5,-3,-123
1767174878.439238,4,-4,-125
1767174878.449238,2,-3,-117
1767174878.459238,0,-5,-114
1767174878.469238,-1,-2,-115
1767174878.4792385,-4,-1,-112
1767174878.4892385,-7,-3,-113
1767174878.4992385,-6,-2,-117
1767174878.5092382,-7,0,-122
1767174878.5192382,-10,-1,-120
1767174878.5292382,-5,-1,-123
1767174878.5392382,2,2,-125
1767174878.5492382,8,5,-124
1767174878.5592382,9,3,-121
1767174878.5692382,10,1,-127
1767174878.5792382,8,-1,-128
1767174878.5892382,7,0,-127
1767174878.5992382,8,0,-117
1767174878.609238,4,0,-114
1767174878.619238,3,0,-106
1767174878.629238,8,0,-109
1767174878.639238,8,1,-117
1767174878.649238,4,2,-115
1767174878.659238,4,2,-118
1767174878.669238,0,2,-120
1767174878.679238,2,2,-117
1767174878.689238,2,5,-114
1767174878.699238,-1,3,-118
1767174878.709238,0,6,-122
1767174878.719238,-1,7,-115
1767174878.7292385,4,7,-108
1767174878.7392385,-1,4,-110
1767174878.7492385,0,0,-111
1767174878.7592382,-2,-1,-120
1767174878.7692382,-3,0,-130
1767174878.7792382,0,-2,-131
1767174878.7892382,-1,-5,-130
1767174878.7992382,-3,-9,-133
1767174878.8092382,-4,-8,-131
1767174878.8192382,-4,-6,-126
1767174878.8292382,-5,-4,-122
1767174878.8392382,-6,-3,-116
1767174878.8492382,-7,-3,-115
1767174878.859238,-3,-1,-127
1767174878.869238,0,-3,-128
1767174878.879238,0,-4,-124
1767174878.889238,0,-6,-119
1767174878.899238,-2,-3,-114
1767174878.909238,2,-6,-109
1767174878.919238,3,-3,-108
1767174878.929238,9,-5,-107
1767174878.939238,6,-4,-116
1767174878.949238,0,-6,-118
1767174878.959238,-1,-5,-116
1767174878.969238,-1,-4,-116
1767174878.9792385,-2,-3,-116
1767174878.9892385,5,-2,-121
1767174878.9992385,5,0,-119
1767174879.0092382,3,4,-122
1767174879.0192382,0,5,-118
1767174879.0292382,-2,3,-125
1767174879.0392382,-1,1,-127
1767174879.0492382,0,-5,-130
1767174879.0592382,0,-9,-122
1767174879.0692382,0,-10,-121
1767174879.0792382,0,-6,-121
1767174879.0892382,0,-5,-128
1767174879.0992382,-1,-9,-133
1767174879.109238,1,-5,-130
1767174879.119238,-1,0,-123
1767174879.129238,4,2,-123
1767174879.139238,0,7,-121
1767174879.149238,-1,9,-119
1767174879.159238,4,7,-120
1767174879.169238,5,4,-122
1767174879.179238,2,3,-128
1767174879.189238,1,0,-131
1767174879.199238,2,-3,-127
1767174879.209238,-2,-3,-117
1767174879.2302382,-3,-5,-113
1767174879.2392385,-3,-5,-116
1767174879.2492385,-3,-5,-117
1767174879.2592382,-2,-3,-121
1767174879.2692382,3,0,-130
1767174879.2792382,6,0,-133
1767174879.2892382,3,-2,-129
1767174879.2992382,3,-4,-129
1767174879.3092382,3,-3,-128
1767174879.3192382,1,-1,-132
1767174879.3292382,4,-3,-138
1767174879.3392382,-1,-3,-137
1767174879.3492382,-4,-3,-129
1767174879.359238,-6,-5,-127
1767174879.369238,-5,0,-121
1767174879.379238,-3,2,-122
1767174879.389238,-7,-1,-119
1767174879.399238,-5,-4,-124
1767174879.409238,-11,-4,-123
1767174879.419238,-9,-1,-117
1767174879.429238,-7,-3,-121
1767174879.439238,-3,0,-120
1767174879.449238,-1,0,-121
1767174879.459238,-1,0,-126
1767174879.469238,2,0,-130
1767174879.4792385,4,-7,-124
1767174879.4892385,5,-10,-121
1767174879.4992385,3,-9,-118
1767174879.5092382,1,-12,-121
1767174879.5202382,0,-10,-122
1767174879.5302382,-2,-10,-124
1767174879.540238,-5,-7,-125
1767174879.550238,-5,-6,-124
1767174879.560238,-4,-4,-129
1767174879.570238,-2,-3,-124
1767174879.580238,-4,-4,-116
1767174879.590238,-7,-2,-122
1767174879.600238,-9,-2,-130
1767174879.610238,-11,-3,-130
1767174879.620238,-9,-6,-126
1767174879.630238,-7,-5,-124
1767174879.640238,-4,-3,-124
1767174879.650238,0,-5,-124
1767174879.6602385,0,-2,-118
1767174879.6702385,-4,1,-112
1767174879.6802382,-2,1,-116
1767174879.6902382,-2,3,-118
1767174879.7002382,0,2,-117
1767174879.7102382,-1,1,-117
1767174879.7202382,-2,2,-115
1767174879.7302382,-2,-2,-120
1767174879.7402382,1,-2,-123
1767174879.7502382,5,-4,-121
1767174879.7602382,3,-3,-122
1767174879.7702382,4,-4,-125
1767174879.7802382,2,-2,-130
1767174879.790238,5,-1,-125
1767174879.800238,3,0,-127
1767174879.810238,0,0,-127
1767174879.820238,3,1,-123
1767174879.830238,0,2,-125
1767174879.840238,1,-2,-122
1767174879.850238,0,-1,-122
1767174879.860238,-1,2,-122
1767174879.870238,-5,5,-120
1767174879.880238,3,6,-122
1767174879.890238,-2,5,-119
1767174879.900238,-4,5,-121
1767174879.9102385,-7,9,-124
1767174879.9202385,-6,7,-126
1767174879.9302382,-1,2,-123
1767174879.9402382,1,1,-123
1767174879.9502382,0,0,-125
1767174879.9602382,2,-6,-126
1767174879.9702382,2,-7,-119
1767174879.9802382,3,-10,-115
1767174879.9902382,3,-12,-114
1767174880.0002382,6,-6,-116
1767174880.0102382,4,-5,-121
1767174880.0202382,0,-1,-124
1767174880.0302382,0,-3,-117
1767174880.040238,0,0,-117
1767174880.050238,0,2,-108
1767174880.060238,-5,2,-108
1767174880.070238,-7,4,-111
1767174880.080238,-7,7,-116
1767174880.090238,-3,6,-117
1767174880.100238,0,4,-113
1767174880.110238,1,-2,-112
1767174880.120238,3,-6,-112
1767174880.130238,0,-6,-120
1767174880.140238,0,-8,-126
1767174880.150238,2,-4,-134
1767174880.1602385,5,-5,-129
1767174880.1702385,-1,-4,-128
1767174880.1802382,-1,-6,-123
1767174880.1902382,1,-7,-121
1767174880.2002382,-1,-7,-127
1767174880.2102382,-1,-6,-130
1767174880.2202382,0,-4,-123
1767174880.2302382,1,-4,-121
1767174880.2402382,0,-3,-125
1767174880.2502382,0,0,-131
1767174880.2602382,-2,1,-133
1767174880.2702382,0,-1,-128
1767174880.2802382,1,-1,-125
1767174880.290238,-2,-1,-125
1767174880.300238,1,-1,-126
1767174880.310238,2,0,-131
1767174880.320238,6,-2,-131
1767174880.330238,10,-3,-126
1767174880.340238,9,-3,-122
1767174880.350238,10,-6,-122
1767174880.360238,6,-7,-123
1767174880.370238,3,-6,-121
1767174880.380238,0,-7,-123
1767174880.390238,0,-5,-115
1767174880.400238,3,-5,-116
1767174880.4102385,2,-2,-116
1767174880.4202385,4,-6,-122
1767174880.4302382,3,-4,-123
1767174880.4402382,4,-3,-120
1767174880.4502382,9,-8,-117
1767174880.4602382,5,-6,-116
1767174880.4702382,7,-10,-120
1767174880.4802382,9,-13,-120
1767174880.4902382,3,-12,-116
1767174880.5002382,1,-8,-109
1767174880.5102382,-1,-4,-110
1767174880.5202382,-4,-4,-116
1767174880.5302382,-1,-6,-115
1767174880.540238,1,-8,-113
1767174880.550238,2,-8,-116
1767174880.560238,3,-8,-112
1767174880.570238,1,-6,-111
1767174880.580238,5,-3,-114
1767174880.590238,7,-5,-109
1767174880.600238,3,-5,-110
1767174880.610238,2,-7,-114
1767174880.620238,-1,-6,-119
1767174880.630238,-1,-3,-120
1767174880.640238,-2,-1,-113
1767174880.650238,0,0,-112
1767174880.6602385,-4,0,-113
1767174880.6702385,-6,-1,-115
1767174880.6802382,-3,-2,-110
1767174880.6902382,-1,-3,-107
1767174880.7002382,0,-4,-115
1767174880.7102382,0,-3,-114
1767174880.7202382,3,-2,-116
1767174880.7302382,5,-1,-116
1767174880.7402382,0,-4,-124
1767174880.7502382,0,-9,-123
1767174880.7602382,2,-7,-121
1767174880.7702382,8,-5,-120
1767174880.7802382,10,-6,-124
1767174880.790238,14,-5,-124
1767174880.800238,7,-4,-125
1767174880.810238,5,-2,-122
1767174880.820238,3,1,-123
1767174880.830238,-1,7,-121
1767174880.840238,-2,7,-122
1767174880.850238,-3,6,-121
1767174880.860238,-1,3,-131
1767174880.870238,-1,1,-134
1767174880.880238,-1,0,-135
1767174880.890238,-3,3,-134
1767174880.900238,0,7,-138
1767174880.9102385,0,7,-133
1767174880.9202385,-2,4,-133
1767174880.9302382,0,1,-133
1767174880.9402382,-1,1,-125
1767174880.9502382,2,0,-123
1767174880.9602382,3,0,-120
1767174880.9702382,7,0,-120
1767174880.9802382,3,0,-116
1767174880.9902382,1,-5,-116
1767174881.0002382,0,-5,-112
1767174881.0102382,1,-5,-109
1767174881.0202382,-1,-8,-110
1767174881.0302382,-1,-7,-113
1767174881.040238,1,-4,-112
1767174881.050238,0,-2,-113
1767174881.060238,0,-3,-112
1767174881.070238,-3,-5,-118
1767174881.080238,-3,-4,-123
1767174881.090238,0,-5,-127
1767174881.100238,0,-4,-130
1767174881.110238,4,-2,-129
1767174881.1212382,1,-1,-125
1767174881.130238,-2,2,-123
1767174881.140238,2,0,-120
1767174881.150238,2,-2,-124
1767174881.1602385,0,-4,-126
1767174881.1702385,1,-4,-127
1767174881.1802382,2,-3,-124
1767174881.1902382,5,-1,-125
1767174881.2002382,7,1,-129
1767174881.2102382,6,0,-122
1767174881.2202382,-1,0,-121
1767174881.2302382,2,-3,-120
1767174881.2402382,2,-3,-116
1767174881.2502382,1,-2,-124
1767174881.2602382,0,0,-126
1767174881.2702382,0,1,-131
1767174881.2802382,-2,0,-126
1767174881.290238,-1,-4,-122
1767174881.300238,-1,-3,-116
1767174881.310238,-4,-5,-114
1767174881.320238,-2,-7,-116
1767174881.330238,-4,-7,-108
1767174881.340238,0,-5,-101
1767174881.350238,0,-2,-111
1767174881.360238,-3,0,-120
1767174881.370238,-5,4,-117
1767174881.380238,-3,3,-117
1767174881.390238,-1,0,-124
1767174881.400238,0,-3,-128
1767174881.4102385,3,-2,-127
1767174881.4202385,3,1,-128
1767174881.4302382,4,2,-127
1767174881.4402382,2,-1,-133
1767174881.4502382,0,-5,-127
1767174881.4602382,0,-5,-128
1767174881.4702382,-1,0,-126
1767174881.4802382,-4,-6,-129
1767174881.4902382,-5,-8,-127
1767174881.5002382,-4,-6,-129
1767174881.5102382,-1,2,-127
1767174881.5202382,2,2,-123
1767174881.5302382,4,1,-120
1767174881.540238,5,2,-120
1767174881.550238,5,0,-121
1767174881.560238,3,0,-122
1767174881.570238,0,-1,-120
1767174881.580238,-3,1,-117
1767174881.590238,-1,3,-117
1767174881.600238,2,2,-119
1767174881.610238,3,1,-116
1767174881.620238,0,2,-114
1767174881.630238,0,2,-122
1767174881.640238,0,2,-124
1767174881.650238,1,0,-127
1767174881.6602385,0,-3,-124
1767174881.6702385,1,-2,-121
1767174881.6802382,4,-4,-124
1767174881.6902382,3,-2,-119
1767174881.7002382,3,0,-118
1767174881.7102382,5,2,-125
1767174881.7202382,-1,0,-128
1767174881.7302382,-3,0,-127
1767174881.7402382,-6,0,-124
1767174881.7502382,-7,-2,-124
1767174881.7602382,-6,0,-122
1767174881.7702382,-4,0,-124
1767174881.7802382,-3,0,-122
1767174881.790238,-3,0,-119
1767174881.800238,1,4,-118
1767174881.810238,1,3,-121
1767174881.820238,0,2,-128
1767174881.830238,-5,1,-122
1767174881.840238,-5,-2,-120
1767174881.850238,3,-5,-121
1767174881.860238,3,-5,-125
1767174881.870238,3,-5,-124
1767174881.880238,3,-3,-124
1767174881.890238,6,-5,-125
1767174881.900238,4,-5,-129
1767174881.9102385,7,-3,-123
1767174881.9202385,11,-4,-123
1767174881.9302382,9,-5,-115
1767174881.9402382,8,-3,-118
1767174881.9502382,7,0,-123
1767174881.9602382,3,1,-124
1767174881.9702382,9,-3,-124
1767174881.9802382,7,-2,-118
1767174881.9902382,6,-2,-118
1767174882.0002382,0,0,-112
1767174882.0102382,-4,2,-111
1767174882.0202382,-3,5,-115
1767174882.0302382,-3,3,-112
1767174882.040238,-6,5,-111
1767174882.050238,-8,6,-113
1767174882.060238,-5,7,-115
1767174882.070238,-1,5,-123
1767174882.080238,0,5,-125
1767174882.090238,3,1,-125
1767174882.100238,2,-2,-128
1767174882.110238,3,-2,-124
1767174882.120238,0,-2,-119
1767174882.130238,-1,0,-121
1767174882.140238,2,-3,-117
1767174882.150238,0,0,-121
1767174882.1612382,-1,0,-122
1767174882.1702385,0,2,-122
1767174882.1812382,-3,0,-126
1767174882.1912382,-5,-3,-124
1767174882.2012382,0,-4,-119
1767174882.211238,4,-7,-121
1767174882.221238,3,-9,-118
1767174882.231238,0,-10,-115
1767174882.241238,0,-7,-117
1767174882.251238,-1,-4,-119
1767174882.261238,-3,-4,-124
1767174882.271238,-8,-4,-123
1767174882.281238,-7,-2,-128
1767174882.291238,-8,0,-125
1767174882.301238,-7,-4,-117
1767174882.311238,-8,-5,-118
1767174882.321238,-7,-2,-124
1767174882.3312385,-5,-2,-123
1767174882.3412385,-6,-3,-120
1767174882.3512385,-2,-3,-123
1767174882.3612382,-4,-3,-122
1767174882.3712382,-4,-3,-127
1767174882.3812382,-1,-5,-129
1767174882.3912382,0,-6,-123
1767174882.4012382,1,-12,-122
1767174882.4112382,-6,-9,-124
1767174882.4212382,-7,-9,-123
1767174882.4312382,-4,-9,-122
1767174882.4412382,-8,-8,-112
1767174882.4512382,-7,-6,-111
1767174882.461238,-5,0,-110
1767174882.471238,0,0,-109
1767174882.481238,2,-3,-113
1767174882.491238,2,-6,-118
1767174882.501238,6,-5,-121
1767174882.511238,7,-8,-127
1767174882.521238,7,-9,-127
1767174882.531238,6,-5,-123
1767174882.541238,6,-4,-124
1767174882.551238,6,-6,-123
1767174882.561238,3,-6,-122
1767174882.571238,0,-4,-129
1767174882.5812385,-1,-3,-132
1767174882.5912385,-2,-2,-129
1767174882.6012385,-2,-2,-124
1767174882.6112382,-5,1,-118
1767174882.6212382,-3,1,-120
1767174882.6312382,-4,-1,-122
1767174882.6412382,-3,-2,-125
1767174882.6512382,-3,-3,-130
1767174882.6612382,-1,-3,-128
1767174882.6712382,-2,-8,-123
1767174882.6812382,-1,-6,-118
1767174882.6912382,0,-4,-119
1767174882.7012382,4,-7,-122
1767174882.711238,4,-7,-120
1767174882.721238,3,-4,-114
1767174882.731238,1,-4,-113
1767174882.741238,5,-3,-120
1767174882.751238,4,0,-129
1767174882.761238,6,5,-128
1767174882.771238,2,2,-126
1767174882.781238,3,-3,-122
1767174882.791238,1,-6,-116
1767174882.801238,-5,-6,-120
1767174882.811238,-9,-4,-119
1767174882.821238,-6,-1,-124
1767174882.8312385,-4,1,-128
1767174882.8412385,-4,0,-135
1767174882.8512385,-4,-1,-133
1767174882.8612382,1,0,-134
1767174882.8712382,-1,-2,-129
1767174882.8812382,-4,-4,-125
1767174882.8912382,0,-2,-128
1767174882.9012382,0,-1,-124
1767174882.9112382,-1,-1,-121
1767174882.9212382,2,-2,-123
1767174882.9312382,4,-4,-118
1767174882.9412382,0,-4,-117
1767174882.9512382,-1,0,-116
1767174882.961238,-4,-1,-111
1767174882.971238,-5,-1,-109
1767174882.981238,-5,-2,-112
1767174882.991238,-4,-5,-113
1767174883.001238,-6,0,-109
1767174883.011238,-3,0,-109
1767174883.021238,-2,0,-106
1767174883.031238,-1,3,-108
1767174883.041238,-5,2,-111
1767174883.051238,-4,0,-107
1767174883.061238,-3,-2,-107
1767174883.071238,-4,-4,-110
1767174883.0812385,-7,-6,-120
1767174883.0912385,-10,-5,-122
1767174883.1012385,-6,-7,-122
1767174883.1112382,-6,-7,-121
1767174883.1212382,-5,-9,-117
1767174883.1312382,-5,-6,-113
1767174883.1412382,-7,-4,-106
1767174883.1512382,-3,-5,-108
1767174883.1612382,-1,-2,-114
1767174883.1712382,-5,-1,-123
1767174883.1812382,-5,-3,-128
1767174883.1912382,-3,-3,-126
1767174883.2012382,-1,-9,-122
1767174883.211238,3,-8,-123
1767174883.221238,7,-8,-127
1767174883.231238,5,-9,-131
1767174883.241238,7,-6,-129
1767174883.251238,8,-5,-132
1767174883.261238,11,-2,-134
1767174883.271238,13,2,-137
1767174883.281238,10,-1,-133
1767174883.291238,10,0,-129
1767174883.301238,3,0,-132
1767174883.311238,4,0,-126
1767174883.321238,4,-1,-121
1767174883.3312385,6,-8,-122
1767174883.3412385,8,-7,-119
1767174883.3512385,4,-6,-121
1767174883.3612382,2,-9,-117
1767174883.3712382,-1,-8,-124
1767174883.3812382,-1,-5,-131
1767174883.3912382,-3,-3,-124
1767174883.4012382,2,0,-124
1767174883.4112382,2,1,-123
1767174883.4212382,0,1,-127
1767174883.4312382,2,-3,-127
1767174883.4412382,-1,-2,-124
1767174883.4512382,0,-3,-123
1767174883.461238,0,0,-127
1767174883.471238,0,0,-131
1767174883.481238,0,-3,-126
1767174883.491238,1,-5,-127
1767174883.501238,-2,-3,-132
1767174883.511238,-1,-3,-126
1767174883.521238,1,-5,-124
1767174883.531238,0,-5,-131
1767174883.541238,0,-4,-128
1767174883.551238,0,-5,-122
1767174883.561238,2,0,-121
1767174883.571238,3,1,-120
1767174883.5812385,4,0,-115
1767174883.5912385,2,3,-116
1767174883.6012385,-4,2,-111
1767174883.6112382,-6,-1,-120
1767174883.6212382,-3,1,-115
1767174883.6312382,-2,3,-105
1767174883.6412382,0,3,-111
1767174883.6512382,1,2,-111
1767174883.6612382,1,0,-117
1767174883.6712382,0,-3,-114
1767174883.6812382,2,-6,-112
1767174883.6912382,0,-6,-106
1767174883.7012382,-2,-6,-110
1767174883.711238,-2,-2,-119
1767174883.721238,0,-2,-127
1767174883.731238,-2,-7,-120
1767174883.741238,-3,-8,-116
1767174883.751238,-5,-10,-116
1767174883.761238,-1,-6,-120
1767174883.771238,-3,-7,-123
1767174883.781238,-3,-9,-128
1767174883.791238,-5,-12,-132
1767174883.801238,-5,-9,-124
1767174883.811238,-4,-3,-125
1767174883.821238,-7,0,-126
1767174883.8312385,-9,-4,-114
1767174883.8412385,-9,-3,-111
1767174883.8512385,-1,-1,-106
1767174883.8612382,-1,-2,-109
1767174883.8712382,0,-3,-113
1767174883.8812382,0,-2,-116
1767174883.8912382,-2,-1,-112
1767174883.9012382,-2,-2,-109
1767174883.9112382,-3,0,-115
1767174883.9212382,-2,0,-112
1767174883.9312382,-1,0,-108
1767174883.9412382,4,0,-107
1767174883.9512382,6,1,-112
1767174883.961238,4,5,-114
1767174883.971238,2,6,-110
1767174883.981238,2,3,-113
1767174883.991238,2,1,-114
1767174884.001238,0,1,-114
1767174884.011238,2,3,-113
1767174884.021238,3,4,-115
1767174884.031238,4,0,-120
1767174884.041238,7,-3,-122
1767174884.051238,4,-6,-126
1767174884.061238,4,-6,-122
1767174884.071238,3,-5,-121
1767174884.0812385,7,-6,-125
1767174884.0912385,9,-4,-126
1767174884.1012385,9,-7,-122
1767174884.1112382,1,-5,-117
1767174884.1212382,1,2,-118
1767174884.1312382,3,3,-113
1767174884.1412382,2,0,-115
1767174884.1512382,2,0,-115
1767174884.1612382,1,0,-122
1767174884.1712382,0,-1,-128
1767174884.1812382,1,0,-127
1767174884.1912382,5,0,-124
1767174884.2012382,8,-1,-116
1767174884.211238,9,-2,-116
1767174884.221238,8,-5,-115
1767174884.242238,1,-4,-109
1767174884.251238,0,-6,-107
1767174884.261238,2,-7,-113
1767174884.271238,-2,0,-115
1767174884.281238,-5,0,-108
1767174884.291238,-4,-1,-109
1767174884.301238,-1,0,-115
1767174884.311238,0,0,-112
1767174884.321238,9,-2,-114
1767174884.3312385,10,-2,-113
1767174884.3412385,9,-2,-119
1767174884.3512385,5,-2,-115
1767174884.3612382,5,0,-108
1767174884.3712382,5,-3,-108
1767174884.3812382,9,-6,-111
1767174884.3912382,7,-3,-119
1767174884.4012382,4,-2,-125
1767174884.4112382,9,-1,-127
1767174884.4212382,6,-1,-129
1767174884.4312382,6,-1,-133
1767174884.4412382,5,-1,-129
1767174884.4512382,5,-2,-130
1767174884.461238,3,-6,-128
1767174884.471238,4,-9,-129
1767174884.481238,5,-10,-125
1767174884.491238,0,-14,-122
1767174884.501238,0,-11,-125
1767174884.511238,-2,-9,-127
1767174884.521238,-6,-8,-129
1767174884.531238,-7,-5,-134
1767174884.541238,-7,-3,-125
1767174884.551238,-2,0,-126
1767174884.561238,-1,-2,-126
1767174884.571238,0,-1,-125
1767174884.5812385,3,-4,-123
1767174884.5912385,2,-6,-121
1767174884.6012385,-2,-9,-116
1767174884.6112382,0,-6,-115
1767174884.6212382,0,-4,-121
1767174884.6312382,1,-1,-115
1767174884.6412382,5,-3,-116
1767174884.6512382,0,-3,-118
1767174884.6612382,0,0,-123
1767174884.6712382,0,5,-124
1767174884.6812382,1,7,-124
1767174884.6912382,2,1,-118
1767174884.7012382,3,2,-123
1767174884.711238,3,2,-121
1767174884.721238,0,3,-119
1767174884.731238,0,0,-123
1767174884.741238,3,0,-132
1767174884.751238,0,1,-134
1767174884.761238,0,1,-132
1767174884.771238,0,2,-130
1767174884.781238,2,3,-131
1767174884.7922382,-1,3,-130
1767174884.801238,0,5,-121
1767174884.811238,-1,4,-117
1767174884.8222382,-2,0,-120
1767174884.8322382,-3,0,-119
1767174884.8422382,-3,-1,-121
1767174884.8522382,-4,-1,-118
1767174884.8622382,-4,1,-120
1767174884.8722382,-2,2,-124
1767174884.882238,0,-4,-119
1767174884.892238,1,-6,-123
1767174884.902238,1,-5,-123
1767174884.9112382,2,-6,-123
1767174884.922238,0,-6,-119
1767174884.932238,0,-3,-117
1767174884.942238,-5,-1,-121
1767174884.952238,-8,0,-123
1767174884.962238,-7,-5,-125
1767174884.972238,-3,-3,-124
1767174884.982238,-4,-6,-118
1767174884.992238,-4,-7,-124
1767174885.002238,-2,-5,-121
1767174885.011238,-1,-4,-119
1767174885.0222385,-3,-8,-123
1767174885.0322382,-3,-9,-133
1767174885.0422382,-4,-8,-132
1767174885.0522382,-3,-4,-128
1767174885.0622382,-4,-2,-129
1767174885.0722382,-1,-3,-125
1767174885.0822382,-3,0,-129
1767174885.0922382,0,-3,-127
1767174885.1022382,2,-5,-125
1767174885.1122382,3,-3,-128
1767174885.1222382,3,-2,-127
1767174885.132238,4,-1,-127
1767174885.142238,3,0,-128
1767174885.152238,0,-2,-132
1767174885.162238,-2,-1,-131
1767174885.172238,-1,-3,-134
1767174885.182238,1,-1,-129
1767174885.192238,0,0,-133
1767174885.202238,-6,-1,-129
1767174885.212238,-8,-3,-119
1767174885.222238,-4,-1,-111
1767174885.232238,0,1,-117
1767174885.242238,1,-1,-123
1767174885.252238,0,-1,-119
1767174885.2622385,0,1,-120
1767174885.2722385,-4,0,-126
1767174885.2822382,-9,-2,-126
1767174885.2922382,-8,-4,-122
1767174885.3022382,-5,-5,-125
1767174885.3122382,3,-3,-122
1767174885.3222382,2,-3,-120
1767174885.3322382,2,-3,-118
1767174885.3422382,0,-1,-125
1767174885.3522382,0,-1,-126
1767174885.3622382,-3,0,-127
1767174885.3722382,-1,-3,-127
1767174885.382238,-1,-4,-125
1767174885.392238,-1,-8,-124
1767174885.402238,0,-7,-125
1767174885.412238,0,-10,-124
1767174885.422238,-1,-9,-121
1767174885.432238,0,-5,-118
1767174885.442238,1,-5,-116
1767174885.452238,1,-6,-114
1767174885.462238,2,-5,-111
1767174885.472238,-3,-5,-108
1767174885.482238,1,-3,-111
1767174885.492238,2,-3,-113
1767174885.502238,3,0,-110
1767174885.5122385,1,-1,-114
1767174885.5222385,1,-3,-118
1767174885.5322382,2,-1,-113
1767174885.5422382,2,0,-109
1767174885.5522382,2,1,-109
1767174885.5622382,5,-2,-109
1767174885.5722382,5,-1,-115
1767174885.5822382,3,-3,-119
1767174885.5922382,0,-2,-127
1767174885.6022382,-5,0,-124
1767174885.6122382,-1,0,-127
1767174885.6222382,0,-4,-125
1767174885.632238,1,0,-114
1767174885.642238,3,-1,-119
1767174885.652238,1,0,-117
1767174885.662238,2,5,-118
1767174885.672238,1,7,-120
1767174885.682238,0,4,-118
1767174885.692238,3,4,-121
1767174885.702238,4,3,-120
1767174885.712238,2,3,-128
1767174885.722238,2,0,-133
1767174885.732238,4,0,-127
1767174885.742238,6,3,-120
1767174885.752238,5,2,-124
1767174885.7622385,2,0,-133
1767174885.7722385,-1,-1,-135
1767174885.7822382,0,-3,-130
1767174885.7922382,0,-6,-133
1767174885.8022382,-1,-11,-137
1767174885.8122382,0,-10,-139
1767174885.8222382,-1,-8,-132
1767174885.8322382,1,-5,-126
1767174885.8422382,1,-5,-128
1767174885.8522382,1,-11,-125
1767174885.8622382,0,-11,-117
1767174885.8722382,3,-11,-116
1767174885.882238,3,-9,-122
1767174885.892238,2,-2,-122
1767174885.902238,3,-6,-126
1767174885.912238,6,-9,-126
1767174885.922238,5,-7,-124
1767174885.932238,-2,-6,-124
1767174885.942238,-1,-4,-119
1767174885.952238,0,-9,-128
1767174885.962238,1,-8,-122
1767174885.972238,2,-5,-118
1767174885.982238,4,-5,-119
1767174885.992238,4,-8,-119
1767174886.002238,3,-8,-118
1767174886.0122385,4,-11,-117
1767174886.0222385,6,-8,-118
1767174886.0322382,7,-8,-131
1767174886.0422382,0,-8,-132
1767174886.0522382,1,-4,-130
1767174886.0622382,0,-1,-124
1767174886.0722382,4,-2,-124
1767174886.0822382,2,0,-123
1767174886.0922382,4,-5,-124
1767174886.1022382,3,-5,-129
1767174886.1122382,3,-3,-128
1767174886.1222382,3,-4,-132
1767174886.132238,5,0,-129
1767174886.142238,2,4,-122
1767174886.152238,-1,2,-114
1767174886.162238,-3,3,-114
1767174886.172238,-8,2,-115
1767174886.182238,-5,-1,-109
1767174886.192238,-2,-2,-111
1767174886.202238,0,-3,-115
1767174886.212238,-1,-2,-117
1767174886.222238,1,0,-117
1767174886.232238,0,0,-123
1767174886.242238,0,1,-119
1767174886.252238,-1,0,-114
1767174886.2622385,-6,0,-118
1767174886.2722385,-8,-2,-117
1767174886.2822382,-3,-1,-123
1767174886.2922382,0,-4,-123
1767174886.3022382,-1,-2,-125
1767174886.3122382,0,-1,-131
1767174886.3222382,2,0,-135
1767174886.3322382,3,3,-136
1767174886.3422382,3,5,-132
1767174886.3522382,3,3,-130
1767174886.3622382,8,3,-126
1767174886.3722382,3,8,-119
1767174886.382238,-1,5,-113
1767174886.392238,-1,1,-111
1767174886.402238,3,0,-115
1767174886.412238,0,-2,-113
1767174886.422238,-2,-5,-116
1767174886.432238,-1,-1,-117
1767174886.442238,0,2,-113
1767174886.452238,3,0,-115
1767174886.462238,3,-1,-116
1767174886.472238,2,-1,-114
1767174886.482238,2,-3,-111
1767174886.492238,0,-4,-111
1767174886.502238,3,0,-111
1767174886.5122385,7,3,-109
1767174886.5222385,6,3,-115
1767174886.5322382,5,3,-121
1767174886.5422382,4,4,-124
1767174886.5522382,1,-1,-125
1767174886.5622382,-1,0,-123
1767174886.5722382,0,0,-123
1767174886.5822382,0,2,-123
1767174886.5922382,3,4,-124
1767174886.6022382,5,3,-126
1767174886.6122382,6,0,-127
1767174886.6222382,8,-2,-122
1767174886.632238,2,-2,-119
1767174886.642238,1,-1,-120
1767174886.652238,6,-2,-116
1767174886.662238,8,0,-115
1767174886.672238,7,1,-121
1767174886.682238,3,0,-122
1767174886.692238,4,0,-124
1767174886.702238,5,-3,-125
1767174886.712238,1,-4,-123
1767174886.722238,0,-2,-122
1767174886.732238,0,0,-119
1767174886.742238,0,0,-118
1767174886.752238,-2,-1,-118
1767174886.7622385,-4,-1,-118
1767174886.7722385,-2,-2,-115
1767174886.7822382,-2,-3,-113
1767174886.7922382,-3,-4,-113
1767174886.8022382,-6,-6,-114
1767174886.8122382,-2,-4,-115
1767174886.8222382,-2,-1,-120
1767174886.8322382,0,1,-122
1767174886.8422382,2,3,-116
1767174886.8522382,0,0,-124
1767174886.8622382,-2,0,-124
1767174886.8722382,2,0,-125
1767174886.882238,2,0,-121
1767174886.892238,0,3,-116
1767174886.902238,2,2,-111
1767174886.912238,3,1,-115
1767174886.922238,2,0,-118
1767174886.932238,1,1,-118
1767174886.942238,-3,0,-119
1767174886.952238,-5,-1,-112
1767174886.962238,-4,-2,-119
1767174886.972238,1,-7,-126
1767174886.982238,1,-6,-128
1767174886.992238,4,-6,-125
1767174887.002238,7,-2,-125
1767174887.0122385,9,0,-122
1767174887.0222385,6,1,-123
1767174887.0322382,8,0,-121
1767174887.0422382,6,0,-124
1767174887.0522382,4,1,-119
1767174887.0622382,0,2,-125
1767174887.0722382,-1,1,-119
1767174887.0822382,-5,2,-124
1767174887.0922382,0,3,-126
1767174887.1022382,-1,4,-120
1767174887.1122382,0,5,-115
1767174887.1222382,4,3,-117
1767174887.132238,6,1,-118
1767174887.142238,8,2,-110
1767174887.152238,11,3,-111
1767174887.162238,8,1,-119
1767174887.172238,8,1,-114
1767174887.182238,6,0,-117
1767174887.192238,7,-2,-119
1767174887.202238,6,0,-123
1767174887.212238,0,0,-128
1767174887.222238,4,-1,-132
1767174887.232238,2,0,-133
1767174887.242238,0,-1,-126
1767174887.252238,1,1,-122
1767174887.2622385,2,0,-125
1767174887.2722385,5,0,-127
1767174887.2822382,1,-2,-126
1767174887.2922382,0,-5,-126
1767174887.3022382,0,-2,-124
1767174887.3122382,0,-2,-130
1767174887.3222382,-2,-4,-129
1767174887.3322382,-1,-3,-130
1767174887.3422382,-2,-4,-124
1767174887.3522382,1,-4,-121
1767174887.3622382,3,-4,-122
1767174887.3722382,0,-3,-124
1767174887.382238,0,3,-113
1767174887.392238,3,2,-116
1767174887.402238,-4,0,-115
1767174887.412238,0,-1,-124
1767174887.422238,5,-1,-126
1767174887.432238,6,5,-127
1767174887.442238,4,5,-127
1767174887.452238,-1,2,-123
1767174887.462238,-3,1,-125
1767174887.472238,-4,-2,-127
1767174887.482238,-4,-3,-126
1767174887.4932382,-4,0,-126
1767174887.5032382,-7,1,-123
1767174887.5132382,-4,1,-128
1767174887.5232382,-1,2,-128
1767174887.5332382,-1,-1,-125
1767174887.5432382,-6,-1,-123
1767174887.5532382,-4,0,-118
1767174887.563238,-3,-1,-122
1767174887.573238,-4,0,-125
1767174887.583238,-2,-2,-121
1767174887.593238,0,-1,-112
1767174887.603238,1,-3,-112
1767174887.613238,3,-11,-121
1767174887.623238,0,-12,-124
1767174887.633238,-7,-9,-124
1767174887.643238,-10,-7,-121
1767174887.653238,-5,-7,-122
1767174887.663238,-6,-9,-114
1767174887.673238,-4,-7,-113
1767174887.6832385,-4,-6,-118
1767174887.6932385,-7,-3,-122
1767174887.7032382,-7,-4,-129
1767174887.7132382,-8,-4,-123
1767174887.7232382,-4,-3,-123
1767174887.7332382,0,0,-124
1767174887.7432382,3,-4,-120
1767174887.7532382,0,-2,-122
1767174887.7632382,-5,1,-119
1767174887.7732382,-6,1,-120
1767174887.7832382,-7,-3,-120
1767174887.7932382,-4,-4,-117
1767174887.8032382,-8,0,-116
1767174887.813238,-4,-2,-114
1767174887.823238,-3,-3,-115
1767174887.833238,-2,-2,-116
1767174887.843238,-5,-3,-118
1767174887.853238,0,-4,-118
1767174887.863238,-1,-1,-123
1767174887.873238,-4,0,-123
1767174887.883238,-5,1,-118
1767174887.893238,-1,2,-119
1767174887.903238,-3,2,-120
1767174887.913238,-1,-1,-110
1767174887.923238,-1,-8,-107
1767174887.9332385,2,-8,-113
1767174887.9432385,-4,-8,-120
1767174887.9532382,-1,-10,-125
1767174887.9632382,0,-7,-120
1767174887.9732382,4,-4,-126
1767174887.9832382,1,-2,-123
1767174887.9932382,0,-1,-118
1767174888.0032382,0,-3,-118
1767174888.0132382,-4,-5,-119
1767174888.0232382,-2,0,-120
1767174888.0332382,-5,-2,-121
1767174888.0432382,-4,-2,-118
1767174888.0532382,-6,-4,-118
1767174888.063238,-2,-5,-119
1767174888.073238,-2,-4,-119
1767174888.083238,-3,-7,-124
1767174888.093238,1,-9,-129
1767174888.103238,4,-6,-125
1767174888.113238,5,-6,-129
1767174888.123238,-4,-6,-126
1767174888.133238,-2,0,-126
1767174888.143238,-3,0,-126
1767174888.153238,-1,-1,-121
1767174888.163238,-2,5,-116
1767174888.173238,-2,3,-114
1767174888.1832385,-4,2,-121
1767174888.1932385,-4,1,-114
1767174888.2032382,-4,-2,-111
1767174888.2132382,-4,-6,-112
1767174888.2232382,-2,-5,-116
1767174888.2332382,1,-6,-113
1767174888.2432382,3,-7,-111
1767174888.2532382,4,-6,-107
1767174888.2632382,1,-3,-114
1767174888.2732382,0,-4,-115
1767174888.2832382,3,-5,-121
1767174888.2932382,1,-2,-125
1767174888.3032382,1,-3,-124
1767174888.313238,0,-5,-119
1767174888.323238,-2,-6,-113
1767174888.333238,0,-3,-115
1767174888.343238,3,-1,-113
1767174888.353238,6,-1,-119
1767174888.363238,10,2,-122
1767174888.373238,7,2,-125
1767174888.383238,2,4,-119
1767174888.393238,0,4,-123
1767174888.403238,1,5,-119
1767174888.413238,3,-1,-112
1767174888.423238,2,0,-115
1767174888.4332385,0,-5,-117
1767174888.4432385,0,-2,-123
1767174888.4532382,-2,0,-123
1767174888.4632382,0,0,-121
1767174888.4732382,-9,-1,-121
1767174888.4832382,-5,0,-120
1767174888.494238,-4,-1,-121
1767174888.5032382,-2,-4,-125
1767174888.5132382,0,-3,-128
1767174888.5232382,-1,-5,-132
1767174888.5332382,-6,-5,-128
1767174888.5432382,-7,-5,-125
1767174888.5532382,-3,-7,-120
1767174888.563238,1,-10,-120
1767174888.573238,0,-10,-117
1767174888.583238,-2,-8,-122
1767174888.593238,-3,0,-121
1767174888.603238,-8,0,-129
1767174888.613238,-8,-2,-128
1767174888.623238,-10,0,-125
1767174888.633238,-6,5,-123
1767174888.643238,-7,9,-126
1767174888.653238,-9,6,-126
1767174888.663238,-5,7,-120
1767174888.673238,-4,9,-117
1767174888.6832385,-1,3,-117
1767174888.6932385,-5,0,-123
1767174888.7032382,-5,-3,-120
1767174888.7132382,-6,0,-125
1767174888.7232382,-2,0,-127
1767174888.7332382,-3,-6,-130
1767174888.7432382,-4,-3,-131
1767174888.7532382,-3,0,-127
1767174888.7632382,-4,-3,-129
1767174888.7732382,-2,0,-130
1767174888.7832382,-3,-1,-133
1767174888.7932382,-6,2,-132
1767174888.8032382,-5,3,-131
1767174888.813238,-6,3,-126
1767174888.823238,-5,0,-126
1767174888.833238,-6,0,-128
1767174888.843238,-6,0,-127
1767174888.853238,-4,0,-126
1767174888.863238,-9,-3,-127
1767174888.873238,-8,0,-121
1767174888.883238,-8,0,-121
1767174888.893238,-4,0,-127
1767174888.903238,-6,1,-124
1767174888.913238,-3,4,-127
1767174888.923238,-3,2,-130
1767174888.9332385,1,3,-132
1767174888.9432385,7,0,-137
1767174888.9532382,3,0,-138
1767174888.9632382,1,-1,-133
1767174888.9732382,0,2,-130
1767174888.9832382,4,3,-127
1767174888.9932382,5,4,-125
1767174889.0032382,6,2,-125
1767174889.0132382,3,2,-126
1767174889.0232382,-1,3,-132
1767174889.0332382,2,-1,-134
1767174889.0432382,6,-2,-130
1767174889.0532382,6,-2,-129
1767174889.063238,5,0,-121
1767174889.073238,1,2,-120
1767174889.083238,6,3,-116
1767174889.093238,7,0,-117
1767174889.103238,5,6,-117
1767174889.113238,0,8,-118
1767174889.123238,3,8,-120
1767174889.133238,1,5,-123
1767174889.143238,-3,5,-129
1767174889.153238,-1,5,-127
1767174889.163238,-4,6,-120
1767174889.173238,-7,1,-122
1767174889.1832385,-4,-1,-120
1767174889.1932385,-2,0,-116
1767174889.2032382,0,-1,-117
1767174889.2132382,-1,-1,-115
1767174889.2232382,-5,-1,-115
1767174889.2332382,-4,-3,-116
1767174889.254238,5,-6,-118
1767174889.2632382,3,0,-119
1767174889.2732382,2,5,-113
1767174889.2832382,0,2,-116
1767174889.2932382,2,3,-123
1767174889.3032382,2,5,-121
1767174889.313238,0,4,-121
1767174889.323238,-1,1,-120
1767174889.333238,-3,-3,-118
1767174889.343238,0,-2,-115
1767174889.353238,1,-1,-112
1767174889.363238,-4,-5,-116
1767174889.373238,-4,-4,-116
1767174889.383238,-1,0,-109
1767174889.393238,-2,0,-120
1767174889.403238,-2,-2,-126
1767174889.413238,0,-3,-137
1767174889.423238,-1,-2,-136
1767174889.4332385,-3,-5,-135
1767174889.4432385,-4,-5,-135
1767174889.4532382,-4,-4,-130
1767174889.4632382,-1,-3,-132
1767174889.4732382,0,-3,-127
1767174889.4832382,0,-4,-124
1767174889.4932382,1,-3,-127
1767174889.5032382,0,-4,-127
1767174889.5132382,-1,-7,-125
1767174889.5232382,5,-2,-126
1767174889.5332382,7,-5,-125
1767174889.5432382,7,-6,-127
1767174889.5532382,2,-2,-126
1767174889.563238,1,-2,-123
1767174889.573238,5,-1,-123
1767174889.583238,3,-1,-122
1767174889.593238,1,-3,-119
1767174889.603238,2,-1,-122
1767174889.613238,8,0,-121
1767174889.623238,4,-1,-118
1767174889.633238,2,-3,-118
1767174889.643238,5,0,-120
1767174889.653238,3,0,-130
1767174889.663238,6,0,-130
1767174889.673238,0,-1,-127
1767174889.6832385,-1,0,-125
1767174889.6932385,2,-1,-126
1767174889.7032382,0,0,-125
1767174889.7132382,-1,0,-131
1767174889.7232382,-5,3,-123
1767174889.7332382,-5,0,-119
1767174889.7432382,-1,0,-119
1767174889.7532382,4,0,-117
1767174889.7632382,0,-5,-116
1767174889.7732382,-4,-11,-116
1767174889.7832382,-5,-8,-122
1767174889.7932382,-9,-6,-127
1767174889.8032382,-10,-6,-123
1767174889.813238,-8,-5,-112
1767174889.823238,-8,-3,-114
1767174889.833238,-6,-4,-119
1767174889.843238,-1,-5,-121
1767174889.853238,3,-1,-121
1767174889.863238,6,0,-112
1767174889.873238,6,2,-109
1767174889.883238,2,4,-109
1767174889.893238,0,2,-111
1767174889.903238,-1,3,-107
1767174889.913238,-2,3,-105
1767174889.923238,-4,0,-113
1767174889.9332385,1,2,-115
1767174889.9432385,2,3,-114
1767174889.9532382,5,4,-110
1767174889.9632382,4,0,-112
1767174889.9732382,1,2,-109
1767174889.9832382,2,4,-108
1767174889.9932382,2,3,-109
1767174890.0032382,1,2,-110
1767174890.0132382,1,2,-112
1767174890.0232382,2,2,-111
1767174890.0332382,-1,2,-109
1767174890.0432382,-6,0,-112
1767174890.0532382,-5,2,-113
1767174890.063238,-7,0,-117
1767174890.073238,-5,1,-117
1767174890.083238,-1,0,-124
1767174890.093238,-1,1,-125
1767174890.103238,0,3,-126
1767174890.1142385,0,2,-124
1767174890.1242385,2,4,-128
1767174890.1342382,2,0,-131
1767174890.143238,0,1,-133
1767174890.153238,1,3,-131
1767174890.163238,3,4,-134
1767174890.1742382,1,2,-124
1767174890.1842382,1,2,-120
1767174890.1942382,5,1,-122
1767174890.2042382,8,4,-118
1767174890.2142382,2,5,-125
1767174890.2242382,0,5,-125
1767174890.234238,2,2,-129
1767174890.244238,5,-2,-119
1767174890.254238,1,-3,-119
1767174890.264238,0,-4,-116
1767174890.274238,1,-3,-116
1767174890.284238,1,-3,-120
1767174890.294238,-1,-3,-122
1767174890.304238,2,-3,-119
1767174890.314238,3,-3,-118
1767174890.324238,0,-1,-123
1767174890.334238,-1,0,-128
1767174890.344238,-1,0,-126
1767174890.3542385,-2,-2,-126
1767174890.3642385,-2,-6,-131
1767174890.3742385,-5,-6,-134
1767174890.3842382,-7,-7,-130
1767174890.3942382,-3,-1,-131
1767174890.4042382,0,-2,-132
1767174890.4142382,2,-2,-124
1767174890.4242382,1,-4,-120
1767174890.4342382,1,-3,-121
1767174890.4442382,-2,-4,-125
1767174890.4542382,0,-6,-129
1767174890.4642382,0,-8,-130
1767174890.4742382,-2,-3,-132
1767174890.484238,0,-1,-127
1767174890.494238,0,-2,-130
1767174890.504238,1,-3,-131
1767174890.514238,-1,-5,-124
1767174890.524238,-3,-5,-121
1767174890.534238,0,-5,-121
1767174890.544238,1,-8,-124
1767174890.554238,6,-8,-119
1767174890.564238,2,-2,-113
1767174890.574238,1,-2,-115
1767174890.584238,3,0,-124
1767174890.594238,5,0,-117
1767174890.6042385,4,-1,-116
1767174890.6142385,2,-1,-116
1767174890.6242385,2,0,-120
1767174890.6342382,-2,0,-121
1767174890.6442382,6,-2,-124
1767174890.6542382,10,-4,-129
1767174890.6642382,5,-6,-132
1767174890.6742382,0,-4,-131
1767174890.6842382,0,-13,-127
1767174890.6942382,0,-8,-124
1767174890.7042382,0,-7,-125
1767174890.7142382,-1,-10,-126
1767174890.7242382,2,-13,-122
1767174890.734238,1,-6,-118
1767174890.744238,2,-7,-114
1767174890.754238,4,-5,-113
1767174890.764238,2,-4,-113
1767174890.774238,-2,-2,-118
1767174890.784238,2,-4,-124
1767174890.794238,4,-2,-120
1767174890.804238,5,0,-126
1767174890.814238,0,2,-123
1767174890.824238,0,1,-122
1767174890.834238,-6,3,-122
1767174890.844238,-7,0,-120
1767174890.8542385,-6,-2,-122
1767174890.8642385,-9,0,-124
1767174890.8742385,-5,0,-119
1767174890.8842382,-3,1,-124
1767174890.8942382,0,4,-123
1767174890.9042382,-4,5,-122
1767174890.9142382,-1,4,-121
1767174890.9242382,2,9,-125
1767174890.9342382,2,10,-125
1767174890.9442382,0,8,-122
1767174890.9542382,0,6,-118
1767174890.9642382,6,5,-121
1767174890.9742382,7,2,-128
1767174890.984238,1,-1,-129
1767174890.994238,1,-1,-129
1767174891.004238,3,-4,-124
1767174891.014238,5,0,-124
1767174891.024238,0,3,-123
1767174891.034238,0,6,-128
1767174891.044238,-1,-1,-126
1767174891.054238,-3,-4,-124
1767174891.064238,2,-3,-120
1767174891.074238,1,-2,-120
1767174891.084238,3,-4,-115
1767174891.094238,-3,-4,-120
1767174891.1042385,-5,1,-112
1767174891.1142385,-4,0,-119
1767174891.1242385,-2,0,-115
1767174891.1342382,1,4,-113
1767174891.1442382,2,3,-115
1767174891.1542382,2,0,-114
1767174891.1642382,4,-2,-116
1767174891.1742382,9,-2,-120
1767174891.1842382,4,-1,-117
1767174891.1942382,4,-3,-124
1767174891.2042382,5,-2,-127
1767174891.2142382,3,0,-128
1767174891.2242382,3,2,-123
1767174891.234238,5,0,-124
1767174891.244238,3,-4,-124
1767174891.254238,1,-7,-120
1767174891.264238,0,-7,-124
1767174891.274238,0,-5,-119
1767174891.284238,0,0,-120
1767174891.294238,-4,-1,-117
1767174891.304238,-4,-2,-123
1767174891.314238,0,-2,-122
1767174891.324238,4,2,-128
1767174891.334238,4,-2,-130
1767174891.344238,4,-3,-127
1767174891.3542385,2,-3,-128
1767174891.3642385,3,-2,-113
1767174891.3742385,2,-1,-107
1767174891.3842382,0,0,-110
1767174891.3942382,-3,-3,-114
1767174891.4042382,-3,-2,-120
1767174891.4142382,-5,-1,-121
1767174891.4242382,-2,1,-121
1767174891.4342382,-1,2,-121
1767174891.4442382,0,1,-121
1767174891.4542382,3,1,-121
1767174891.4642382,6,1,-123
1767174891.4742382,4,-1,-119
1767174891.484238,3,0,-119
1767174891.494238,2,1,-124
1767174891.504238,1,-2,-123
1767174891.514238,0,-1,-124
1767174891.524238,0,1,-120
1767174891.534238,-1,0,-119
1767174891.544238,-2,0,-114
1767174891.554238,0,1,-110
1767174891.564238,1,-2,-104
1767174891.574238,0,-3,-110
1767174891.584238,1,0,-114
1767174891.594238,1,3,-116
1767174891.6042385,0,1,-119
1767174891.6142385,-1,-3,-120
1767174891.6242385,-7,-7,-124
1767174891.6342382,-2,-4,-127
1767174891.6442382,-4,-4,-125
1767174891.6542382,-3,-2,-123
1767174891.6642382,-6,-3,-122
1767174891.6742382,-5,0,-122
1767174891.6842382,-2,-1,-127
1767174891.6942382,1,0,-127
1767174891.7042382,0,1,-123
1767174891.7142382,3,2,-122
1767174891.7242382,0,0,-116
1767174891.734238,-8,2,-117
1767174891.744238,-4,0,-113
1767174891.754238,0,-1,-112
1767174891.764238,0,1,-112
1767174891.774238,-1,1,-112
1767174891.784238,-2,-2,-110
1767174891.794238,1,-2,-108
1767174891.804238,-3,-6,-111
1767174891.814238,-9,-8,-113
1767174891.824238,-11,-6,-109
1767174891.834238,-7,-4,-106
1767174891.844238,-11,-3,-110
1767174891.8542385,-14,-9,-108
1767174891.8642385,-9,-8,-115
1767174891.8742385,-8,-4,-115
1767174891.8842382,-12,2,-114
1767174891.8942382,-15,2,-115
1767174891.9042382,-9,5,-122
1767174891.9142382,-7,0,-114
1767174891.9242382,-6,-3,-107
1767174891.9342382,-3,-5,-112
1767174891.9442382,-4,-5,-114
1767174891.9542382,-6,-2,-118
1767174891.9642382,-5,-2,-121
1767174891.9742382,-7,-2,-126
1767174891.984238,-11,-2,-123
1767174891.994238,-6,-2,-123
1767174892.004238,-3,0,-124
1767174892.014238,-3,-1,-119
1767174892.024238,-8,1,-113
1767174892.034238,-6,-2,-116
1767174892.044238,-5,-4,-122
1767174892.054238,1,-1,-118
1767174892.064238,3,-3,-112
1767174892.074238,4,-3,-110
1767174892.084238,2,0,-110
1767174892.094238,3,5,-107
1767174892.1042385,5,10,-112
1767174892.1142385,5,8,-114
1767174892.1242385,3,8,-114
1767174892.1342382,0,7,-109
1767174892.1442382,-1,6,-108
1767174892.1542382,-2,1,-110
1767174892.1642382,-3,-1,-114
1767174892.1742382,-4,-3,-114
1767174892.1842382,-3,-2,-113
1767174892.1942382,-4,-1,-112
1767174892.2042382,-7,0,-118
1767174892.2142382,-10,0,-125
1767174892.2242382,-9,-3,-126
1767174892.234238,-3,-6,-115
1767174892.244238,-3,-5,-119
1767174892.254238,-1,-1,-115
1767174892.264238,-1,-2,-117
1767174892.274238,0,1,-119
1767174892.284238,-1,0,-127
1767174892.294238,2,-3,-129
1767174892.304238,3,-6,-125
1767174892.314238,1,-6,-125
1767174892.324238,-2,-9,-122
1767174892.334238,-1,-12,-119
1767174892.344238,-6,-8,-126
1767174892.3542385,-6,-9,-119
1767174892.3642385,-6,-6,-125
1767174892.3742385,-5,-2,-126
1767174892.3842382,2,-4,-128
1767174892.3942382,4,0,-128
1767174892.4042382,4,1,-125
1767174892.4142382,8,1,-121
1767174892.4242382,8,3,-129
1767174892.4342382,5,7,-132
1767174892.4442382,4,5,-136
1767174892.4542382,4,2,-134
1767174892.4642382,2,0,-131
1767174892.4742382,0,0,-128
1767174892.484238,0,-2,-128
1767174892.494238,-4,-3,-114
1767174892.504238,-5,0,-114
1767174892.514238,-10,0,-113
1767174892.524238,-6,0,-118
1767174892.534238,-7,2,-121
1767174892.544238,-7,7,-125
1767174892.554238,-9,7,-125
1767174892.564238,-3,10,-128
1767174892.574238,3,10,-129
1767174892.584238,10,9,-125
1767174892.594238,11,6,-120
1767174892.6042385,7,5,-121
1767174892.6142385,3,5,-125
1767174892.6242385,4,1,-121
1767174892.6342382,1,0,-116
1767174892.6442382,3,0,-122
1767174892.6542382,5,1,-122
1767174892.6642382,6,0,-112
1767174892.6742382,6,-2,-107
1767174892.6842382,4,-4,-109
1767174892.6942382,2,0,-112
1767174892.7042382,0,4,-117
1767174892.7142382,-4,7,-113
1767174892.7242382,-8,4,-116
1767174892.734238,-5,-2,-110
1767174892.744238,-7,-5,-112
1767174892.755238,-1,-3,-115
1767174892.764238,5,-1,-112
1767174892.774238,4,-6,-116
1767174892.784238,6,-4,-116
1767174892.794238,7,-2,-120
1767174892.8052382,6,-6,-116
1767174892.8152382,4,-9,-117
1767174892.824238,3,-9,-114
1767174892.8352382,7,-7,-115
1767174892.8452382,-1,-7,-117
1767174892.8552382,0,-3,-113
1767174892.8652382,3,-2,-113
1767174892.8752382,2,-1,-113
1767174892.8852382,2,-2,-117
1767174892.8952382,3,-1,-121
1767174892.9052382,0,-2,-118
1767174892.915238,0,-4,-118
1767174892.925238,-7,-1,-121
1767174892.935238,-6,-1,-123
1767174892.945238,-6,1,-123
1767174892.955238,-8,-2,-121
1767174892.965238,-6,-1,-119
1767174892.975238,-5,2,-122
1767174892.985238,-1,5,-123
1767174892.995238,2,5,-122
1767174893.005238,0,1,-122
1767174893.015238,0,-1,-117
1767174893.025238,2,-2,-117
1767174893.0352385,3,-2,-124
1767174893.0452385,1,-3,-118
1767174893.0552382,0,-3,-119
1767174893.0652382,1,-4,-125
1767174893.0752382,0,-2,-121
1767174893.0852382,-2,-3,-115
1767174893.0952382,-3,2,-114
1767174893.1052382,0,2,-118
1767174893.1152382,0,-2,-123
1767174893.1252382,0,-4,-129
1767174893.1352382,1,-1,-131
1767174893.1452382,0,-1,-135
1767174893.1552382,0,-3,-131
1767174893.165238,2,-5,-131
1767174893.175238,-2,-3,-127
1767174893.185238,-5,-2,-125
1767174893.195238,-2,-3,-124
1767174893.205238,3,-3,-116
1767174893.215238,6,-8,-113
1767174893.225238,7,-5,-121
1767174893.235238,9,-4,-125
1767174893.245238,6,-2,-118
1767174893.255238,4,0,-117
1767174893.265238,3,-2,-115
1767174893.275238,1,-3,-117
1767174893.2852385,0,-5,-117
1767174893.2952385,2,0,-124
1767174893.3052382,1,0,-120
1767174893.3152382,-1,0,-125
1767174893.3252382,0,-3,-122
1767174893.3352382,1,-7,-124
1767174893.3452382,0,-5,-129
1767174893.3552382,-1,-8,-123
1767174893.3652382,-3,-4,-116
1767174893.3752382,-3,-8,-115
1767174893.3852382,-5,-5,-118
1767174893.3952382,-4,-6,-112
1767174893.4052382,-2,-7,-112
1767174893.415238,-3,-7,-118
1767174893.425238,-5,-8,-110
1767174893.435238,-6,-8,-114
1767174893.445238,-1,-4,-119
1767174893.455238,-2,-4,-119
1767174893.465238,-4,-6,-121
1767174893.475238,0,-6,-125
1767174893.485238,-3,0,-124
1767174893.495238,-2,0,-119
1767174893.505238,-1,0,-118
1767174893.515238,0,-4,-125
1767174893.525238,1,-4,-124
1767174893.5352385,0,-4,-128
1767174893.5452385,0,-4,-127
1767174893.5552382,0,-3,-125
1767174893.5652382,-1,-2,-122
1767174893.5752382,-7,-6,-121
1767174893.5852382,-2,-4,-117
1767174893.5952382,-4,0,-115
1767174893.6052382,0,-1,-117
1767174893.6152382,0,-6,-113
1767174893.6252382,-3,-7,-115
1767174893.6352382,-4,-6,-114
1767174893.6452382,-3,-4,-113
1767174893.6552382,0,0,-111
1767174893.665238,1,3,-114
1767174893.675238,0,5,-120
1767174893.685238,0,0,-115
1767174893.695238,-6,0,-123
1767174893.705238,-6,-5,-125
1767174893.715238,-4,-5,-130
1767174893.725238,-7,-5,-132
1767174893.735238,-6,-1,-135
1767174893.745238,-4,0,-139
1767174893.755238,-2,-1,-138
1767174893.765238,0,0,-131
1767174893.775238,0,-2,-127
1767174893.7852385,-3,-3,-123
1767174893.7952385,-1,0,-120
1767174893.8052382,0,-1,-120
1767174893.8152382,3,2,-119
1767174893.8252382,5,4,-110
1767174893.8352382,-1,2,-106
1767174893.8452382,-3,3,-107
1767174893.8552382,-1,4,-107
1767174893.8652382,1,2,-115
1767174893.8752382,3,2,-115
1767174893.8852382,6,2,-117
1767174893.8952382,9,6,-112
1767174893.9052382,6,2,-114
1767174893.915238,5,1,-112
1767174893.925238,2,0,-111
1767174893.935238,0,-2,-109
1767174893.945238,0,-2,-114
1767174893.955238,0,-2,-113
1767174893.965238,0,-3,-114
1767174893.975238,-1,-1,-109
1767174893.985238,0,0,-113
1767174893.995238,1,2,-112
1767174894.005238,-1,2,-119
1767174894.015238,0,1,-120
1767174894.025238,-1,1,-122
1767174894.0352385,-1,1,-124
1767174894.0452385,-2,-2,-123
1767174894.0552382,2,-1,-122
1767174894.0652382,5,1,-114
1767174894.0752382,3,0,-119
1767174894.0852382,1,-4,-123
1767174894.0952382,0,-1,-121
1767174894.1052382,-7,0,-123
1767174894.1152382,-6,1,-125
1767174894.1252382,-6,0,-127
1767174894.1352382,-7,1,-127
1767174894.1452382,-2,1,-139
1767174894.1552382,-1,-2,-134
1767174894.165238,-1,0,-128
1767174894.175238,-2,-1,-125
1767174894.185238,-3,-1,-127
1767174894.195238,-2,-2,-124
1767174894.205238,-1,0,-128
1767174894.215238,0,-1,-126
1767174894.225238,2,-5,-120
1767174894.235238,5,-5,-121
1767174894.245238,6,-5,-121
1767174894.267238,-5,-1,-132
1767174894.275238,-1,0,-133
1767174894.2852385,0,1,-134
1767174894.2952385,0,0,-137
1767174894.3052382,-1,-2,-136
1767174894.3152382,1,0,-135
1767174894.3252382,4,1,-131
1767174894.3352382,1,0,-133
1767174894.3452382,0,-2,-138
1767174894.3552382,-3,-3,-135
1767174894.3652382,-6,-4,-137
1767174894.3752382,-4,-5,-138
1767174894.3852382,-7,-4,-132
1767174894.3952382,-2,0,-133
1767174894.4052382,0,6,-137
1767174894.415238,0,6,-136
1767174894.425238,-4,2,-134
1767174894.435238,-5,2,-135
1767174894.445238,-5,-2,-128
1767174894.455238,-5,0,-120
1767174894.465238,-5,0,-121
1767174894.475238,-5,0,-122
1767174894.485238,0,0,-122
1767174894.495238,6,0,-119
1767174894.505238,4,-1,-121
1767174894.515238,4,1,-125
1767174894.525238,2,0,-122
1767174894.5352385,0,0,-120
1767174894.5452385,-2,-2,-119
1767174894.5552382,-3,-2,-120
1767174894.5652382,2,-2,-117
1767174894.5752382,6,-2,-124
1767174894.5852382,1,-2,-122
1767174894.5952382,-4,-6,-118
1767174894.6052382,-7,-1,-119
1767174894.6152382,-8,0,-118
1767174894.6252382,-8,2,-112
1767174894.6352382,-12,6,-105
1767174894.6452382,-13,3,-107
1767174894.6552382,-12,1,-111
1767174894.665238,-9,2,-113
1767174894.675238,-6,-3,-120
1767174894.685238,-1,-6,-116
1767174894.695238,-5,-3,-114
1767174894.705238,2,-5,-109
1767174894.715238,5,-9,-105
1767174894.725238,2,-6,-109
1767174894.735238,5,-4,-105
1767174894.745238,5,-6,-107
1767174894.755238,5,-6,-112
1767174894.765238,0,-3,-120
1767174894.775238,-3,-2,-125
1767174894.7852385,-4,-3,-123
1767174894.7952385,-4,-3,-120
1767174894.8052382,-4,-3,-119
1767174894.8152382,-4,-2,-120
1767174894.8252382,1,0,-123
1767174894.8352382,2,-1,-124
1767174894.8452382,0,0,-118
1767174894.8552382,0,-3,-116
1767174894.8652382,0,-1,-112
1767174894.8752382,0,-2,-112
1767174894.8852382,0,-7,-125
1767174894.8952382,-1,-7,-129
1767174894.9052382,0,-3,-130
1767174894.915238,-3,-3,-125
1767174894.925238,-4,0,-123
1767174894.935238,2,-1,-127
1767174894.945238,6,-1,-132
1767174894.955238,4,-3,-129
1767174894.965238,-1,-4,-128
1767174894.975238,0,-4,-123
1767174894.985238,-1,-3,-121
1767174894.995238,0,0,-123
1767174895.005238,0,2,-122
1767174895.015238,-5,1,-127
1767174895.025238,0,-1,-133
1767174895.0352385,1,-3,-133
1767174895.0452385,0,-3,-132
1767174895.0552382,0,-4,-132
1767174895.0652382,2,-2,-132
1767174895.0752382,5,-5,-126
1767174895.0852382,4,-3,-123
1767174895.0952382,3,-4,-123
1767174895.1052382,3,-5,-125
1767174895.1152382,8,0,-121
1767174895.1252382,7,-1,-115
1767174895.1352382,6,0,-110
1767174895.1452382,1,0,-112
1767174895.1552382,1,5,-115
1767174895.165238,3,5,-116
1767174895.175238,2,2,-121
1767174895.185238,5,-1,-119
1767174895.195238,7,0,-121
1767174895.205238,3,0,-111
1767174895.215238,0,-5,-109
1767174895.225238,4,-7,-113
1767174895.235238,5,-5,-118
1767174895.245238,4,-6,-124
1767174895.255238,1,-7,-130
1767174895.265238,5,-6,-126
1767174895.275238,4,0,-130
1767174895.2852385,2,0,-132
1767174895.2952385,5,-3,-133
1767174895.3052382,3,2,-125
1767174895.3152382,1,2,-121
1767174895.3252382,3,0,-124
1767174895.3352382,5,-5,-118
1767174895.3452382,2,-4,-113
1767174895.3552382,1,-3,-114
1767174895.3652382,-1,-3,-113
1767174895.3752382,-2,-2,-106
1767174895.3852382,0,-7,-112
1767174895.3952382,-3,-5,-118
1767174895.4052382,-2,-2,-117
1767174895.415238,-5,-2,-114
1767174895.425238,-3,-4,-118
1767174895.435238,0,-4,-120
1767174895.445238,3,-7,-118
1767174895.4562385,5,-6,-120
1767174895.465238,0,-6,-121
1767174895.4762385,3,-7,-117
1767174895.485238,0,-8,-123
1767174895.4962382,3,-7,-126
1767174895.5062382,-1,-5,-121
1767174895.5162382,-2,-3,-118
1767174895.5262382,1,-2,-117
1767174895.5362382,5,-3,-118
1767174895.5462382,2,-1,-116
1767174895.5562382,2,-4,-118
1767174895.5662382,1,-1,-114
1767174895.5762382,0,-3,-120
1767174895.586238,0,-3,-118
1767174895.596238,-1,-4,-123
1767174895.606238,0,0,-123
1767174895.616238,-3,0,-120
1767174895.626238,-1,0,-122
1767174895.636238,1,-1,-124
1767174895.646238,1,-4,-123
1767174895.656238,-1,-2,-123
1767174895.666238,0,0,-128
1767174895.676238,4,-2,-129
1767174895.686238,7,-1,-132
1767174895.696238,7,0,-122
1767174895.7062385,1,-3,-121
1767174895.7162385,3,-4,-125
1767174895.7262385,-2,-4,-128
1767174895.7362382,-6,-4,-131
1767174895.7462382,-3,-5,-131
1767174895.7562382,0,-5,-129
1767174895.7662382,0,-6,-131
1767174895.7762382,-1,-11,-131
1767174895.7862382,-1,-8,-132
1767174895.7962382,-1,-5,-131
1767174895.8062382,-1,-7,-131
1767174895.8162382,-1,-4,-129
1767174895.8262382,-3,-6,-124
1767174895.836238,0,-2,-122
1767174895.846238,0,0,-129
1767174895.856238,1,-3,-122
1767174895.867238,3,-4,-114
1767174895.876238,4,0,-108
1767174895.886238,-1,1,-109
1767174895.896238,0,4,-109
1767174895.906238,2,2,-116
1767174895.916238,2,0,-121
1767174895.926238,0,-1,-123
1767174895.936238,0,-1,-128
1767174895.946238,-3,-2,-122
1767174895.9562385,-5,-2,-121
1767174895.9662385,-3,0,-116
1767174895.9762385,0,-1,-120
1767174895.9862382,-5,-7,-121
1767174895.9962382,-5,-6,-132
1767174896.0062382,-7,-10,-134
1767174896.0162382,-4,-8,-133
1767174896.0262382,0,-4,-132
1767174896.0362382,-3,-5,-133
1767174896.0462382,0,-6,-137
1767174896.0562382,-3,-4,-136
1767174896.0662382,-1,-7,-133
1767174896.0762382,2,-3,-132
1767174896.086238,3,-4,-129
1767174896.096238,5,0,-129
1767174896.106238,3,0,-130
1767174896.116238,0,1,-131
1767174896.126238,4,-1,-128
1767174896.136238,2,-3,-127
1767174896.146238,-4,-4,-125
1767174896.156238,0,-1,-120
1767174896.166238,0,0,-118
1767174896.176238,-1,-1,-124
1767174896.186238,-3,0,-126
1767174896.196238,3,4,-125
1767174896.2062385,0,3,-117
1767174896.2162385,5,6,-111
1767174896.2262385,5,0,-112
1767174896.2362382,1,-4,-109
1767174896.2462382,2,-7,-113
1767174896.2562382,0,-9,-121
1767174896.2662382,2,-5,-122
1767174896.2762382,9,-6,-120
1767174896.2862382,8,-5,-119
1767174896.2962382,7,-4,-121
1767174896.3062382,6,-2,-118
1767174896.3162382,4,-3,-118
1767174896.3262382,1,0,-124
1767174896.336238,0,-1,-124
1767174896.346238,4,-4,-126
1767174896.356238,3,-1,-122
1767174896.366238,1,-2,-123
1767174896.376238,-3,-2,-123
1767174896.386238,-2,0,-119
1767174896.396238,-1,-2,-121
1767174896.406238,-1,-2,-123
1767174896.416238,-1,3,-120
1767174896.426238,-4,0,-122
1767174896.436238,-6,-5,-123
1767174896.446238,-5,-5,-121
1767174896.4562385,-4,0,-120
1767174896.4662385,0,-2,-124
1767174896.4762385,0,-1,-124
1767174896.4862382,-2,-2,-125
1767174896.4962382,-4,-1,-124
1767174896.5062382,-4,0,-118
1767174896.5162382,-8,0,-113
1767174896.5262382,-9,3,-113
1767174896.5362382,-10,-1,-118
1767174896.5462382,-11,-2,-119
1767174896.5562382,-9,-5,-122
1767174896.5662382,-5,0,-126
1767174896.5762382,-1,-6,-126
1767174896.586238,-1,-9,-123
1767174896.596238,-3,-7,-122
1767174896.606238,-8,-7,-117
1767174896.616238,-6,-4,-120
1767174896.626238,-3,-4,-125
1767174896.636238,-2,-7,-117
1767174896.646238,0,-7,-115
1767174896.656238,2,-11,-115
1767174896.666238,0,-8,-119
1767174896.676238,0,-9,-120
1767174896.686238,-1,-7,-126
1767174896.696238,-1,-4,-133
1767174896.7062385,-3,-4,-134
1767174896.7162385,0,-8,-134
1767174896.7262385,3,-8,-129
1767174896.7362382,5,-7,-125
1767174896.7462382,5,-5,-126
1767174896.7562382,5,-4,-128
1767174896.7662382,0,-6,-122
1767174896.7762382,2,-9,-121
1767174896.7862382,-2,-6,-124
1767174896.7962382,1,-4,-122
1767174896.8062382,5,-3,-120
1767174896.8162382,4,-1,-124
1767174896.8262382,7,1,-126
1767174896.836238,4,0,-123
1767174896.846238,0,0,-120
1767174896.856238,-2,1,-122
1767174896.866238,0,-2,-121
1767174896.876238,3,-3,-120
1767174896.886238,0,0,-119
1767174896.896238,-2,1,-118
1767174896.906238,-1,0,-118
1767174896.916238,-2,-2,-124
1767174896.926238,-1,0,-125
1767174896.936238,-1,-1,-124
1767174896.946238,-2,-1,-121
1767174896.9562385,-2,-3,-125
1767174896.9662385,1,-3,-118
1767174896.9762385,-1,0,-118
1767174896.9862382,-7,-2,-123
1767174896.9962382,-10,-2,-124
1767174897.0062382,-9,3,-120
1767174897.0162382,-7,4,-123
1767174897.0262382,-3,1,-115
1767174897.0362382,-5,-1,-121
1767174897.0462382,-6,1,-129
1767174897.0562382,-7,3,-136
1767174897.0662382,-5,4,-141
1767174897.0762382,-5,-1,-135
1767174897.086238,-1,-4,-124
1767174897.096238,0,-6,-121
1767174897.106238,5,-7,-115
1767174897.116238,4,-2,-112
1767174897.126238,3,3,-107
1767174897.136238,2,1,-111
1767174897.146238,0,-2,-114
1767174897.156238,4,-4,-114
1767174897.166238,3,-8,-113
1767174897.176238,4,-8,-118
1767174897.186238,4,-5,-117
1767174897.196238,-3,-5,-116
1767174897.2062385,-1,-5,-118
1767174897.2162385,-2,-2,-108
1767174897.2262385,0,-4,-103
1767174897.2362382,0,0,-106
1767174897.2462382,2,-2,-110
1767174897.2562382,5,-1,-114
1767174897.2662382,0,-3,-116
1767174897.2762382,0,-9,-111
1767174897.2862382,-5,-8,-117
1767174897.2962382,-2,-8,-120
1767174897.3062382,-4,-5,-117
1767174897.3162382,-5,-6,-114
1767174897.3262382,-7,-3,-115
1767174897.336238,-5,-2,-119
1767174897.346238,-7,1,-123
1767174897.356238,-5,3,-116
1767174897.366238,-5,2,-115
1767174897.376238,-6,0,-114
1767174897.386238,-3,0,-116
1767174897.396238,-3,0,-119
1767174897.406238,-1,-3,-118
1767174897.416238,0,0,-117
1767174897.426238,5,0,-118
1767174897.436238,9,-5,-113
1767174897.446238,6,-5,-116
1767174897.4562385,3,-7,-114
1767174897.4662385,1,-6,-112
1767174897.4762385,-2,-7,-117
1767174897.4862382,0,-5,-115
1767174897.4962382,0,-5,-114
1767174897.5062382,0,-1,-113
1767174897.5162382,-4,-4,-117
1767174897.5262382,0,-3,-112
1767174897.5362382,1,-3,-113
1767174897.5462382,3,-3,-117
1767174897.5562382,2,1,-122
1767174897.5662382,1,2,-125
1767174897.5762382,4,4,-130
1767174897.586238,3,6,-128
1767174897.596238,-2,5,-128
1767174897.606238,-4,0,-127
1767174897.616238,-4,-1,-119
1767174897.626238,-6,-4,-120
1767174897.636238,-6,-4,-114
1767174897.646238,-4,-2,-114
1767174897.656238,-5,0,-113
1767174897.666238,-6,1,-112
1767174897.676238,-5,0,-115
1767174897.686238,-8,0,-112
1767174897.696238,-6,0,-112
1767174897.7062385,-6,1,-110
1767174897.7162385,0,-2,-110
1767174897.7262385,-1,-5,-111
1767174897.7362382,-4,-1,-114
1767174897.7462382,-5,-3,-118
1767174897.7562382,-6,-3,-125
1767174897.7662382,-6,-5,-122
1767174897.7762382,-6,-6,-121
1767174897.7862382,-5,-2,-125
1767174897.7962382,-5,-6,-125
1767174897.8062382,-1,-2,-124
1767174897.8162382,0,-2,-126
1767174897.8262382,3,-3,-126
1767174897.836238,5,-1,-122
1767174897.846238,1,-4,-126
1767174897.856238,4,-5,-119
1767174897.866238,3,-6,-120
1767174897.876238,0,-9,-116
1767174897.886238,2,-3,-116
1767174897.896238,3,-1,-116
1767174897.906238,4,-4,-120
1767174897.916238,3,-4,-116
1767174897.926238,-3,-1,-123
1767174897.936238,-4,0,-120
1767174897.946238,-3,4,-127
1767174897.9562385,-3,0,-123
1767174897.9662385,-2,0,-124
1767174897.9762385,-4,1,-128
1767174897.9862382,-2,-2,-121
1767174897.9962382,-3,-4,-117
1767174898.0062382,-5,-5,-118
1767174898.0162382,-5,-6,-120
1767174898.0262382,-6,-8,-119
1767174898.0362382,-4,-6,-115
1767174898.0462382,-3,-3,-116
1767174898.0562382,-1,-5,-118
1767174898.0662382,0,0,-116
1767174898.0762382,0,0,-116
1767174898.086238,0,0,-120
1767174898.096238,-3,0,-122
1767174898.106238,0,-1,-123
1767174898.116238,0,-1,-124
1767174898.127238,-2,-5,-116
1767174898.1372385,-1,0,-115
1767174898.1472385,-1,-2,-114
1767174898.156238,-2,-1,-120
1767174898.1672382,-5,2,-125
1767174898.1772382,-6,2,-125
1767174898.1872382,-12,1,-123
1767174898.1972382,-12,2,-118
1767174898.2072382,-8,0,-120
1767174898.2172382,-3,1,-119
1767174898.2272382,-1,-1,-112
1767174898.2372382,1,0,-109
1767174898.2472382,1,-1,-120
1767174898.257238,0,-1,-122
1767174898.267238,0,-6,-120
1767174898.277238,-1,-6,-123
1767174898.287238,-2,-6,-123
1767174898.297238,0,-6,-125
1767174898.307238,0,-7,-120
1767174898.317238,0,-9,-119
1767174898.327238,1,-5,-123
1767174898.337238,1,-4,-119
1767174898.347238,3,-5,-120
1767174898.357238,4,-5,-125
1767174898.367238,1,-2,-130
1767174898.377238,6,-3,-123
1767174898.3872385,6,-4,-123
1767174898.3972385,2,-5,-116
1767174898.4072382,5,-5,-116
1767174898.4172382,0,-2,-117
1767174898.4272382,0,-6,-117
1767174898.4372382,2,-5,-122
1767174898.4472382,1,-9,-120
1767174898.4572382,-1,-6,-115
1767174898.4672382,-2,-4,-111
1767174898.4772382,-6,-1,-116
1767174898.4872382,-6,2,-116
1767174898.4972382,-6,1,-114
1767174898.507238,-1,-4,-113
1767174898.517238,0,-2,-113
1767174898.527238,4,-2,-112
1767174898.537238,3,-3,-116
1767174898.547238,5,1,-118
1767174898.557238,4,1,-116
1767174898.567238,6,0,-113
1767174898.577238,9,0,-113
1767174898.587238,9,-2,-114
1767174898.597238,5,2,-118
1767174898.607238,3,2,-113
1767174898.617238,5,-1,-117
1767174898.627238,9,1,-122
1767174898.6372385,5,2,-121
1767174898.6472385,0,0,-117
1767174898.6572382,0,-3,-118
1767174898.6672382,3,-3,-115
1767174898.6772382,4,-4,-117
1767174898.6872382,2,-7,-109
1767174898.6972382,3,-10,-110
1767174898.7072382,3,-9,-114
1767174898.7172382,0,-8,-109
1767174898.7272382,0,-7,-109
1767174898.7372382,-1,-3,-109
1767174898.7472382,-4,-5,-115
1767174898.757238,-1,0,-125
1767174898.767238,0,-1,-126
1767174898.777238,-4,-1,-124
1767174898.787238,-8,2,-122
1767174898.797238,-7,2,-125
1767174898.807238,-4,1,-121
1767174898.817238,-2,4,-120
1767174898.827238,-3,5,-121
1767174898.837238,-3,-3,-118
1767174898.847238,-3,-4,-116
1767174898.857238,-3,-10,-118
1767174898.867238,-4,-9,-119
1767174898.877238,-1,-8,-115
1767174898.8872385,-3,-6,-114
1767174898.8972385,0,-1,-113
1767174898.9072382,0,3,-111
1767174898.9172382,2,1,-107
1767174898.9272382,0,0,-114
1767174898.9372382,0,0,-117
1767174898.9472382,3,-3,-113
1767174898.9572382,0,0,-114
1767174898.9672382,-1,3,-108
1767174898.9772382,1,1,-111
1767174898.9872382,2,0,-108
1767174898.9972382,2,1,-109
1767174899.007238,1,1,-111
1767174899.017238,2,0,-111
1767174899.027238,5,0,-117
1767174899.037238,7,-1,-117
1767174899.047238,5,-1,-113
1767174899.057238,4,1,-109
1767174899.067238,4,1,-110
1767174899.077238,0,3,-115
1767174899.087238,-5,0,-120
1767174899.097238,-4,2,-124
1767174899.107238,-1,0,-123
1767174899.117238,-1,0,-117
1767174899.127238,1,-1,-121
1767174899.1372385,2,-1,-128
1767174899.1472385,4,-6,-128
1767174899.1572382,6,-7,-122
1767174899.1672382,6,-5,-117
1767174899.1772382,7,1,-122
1767174899.1872382,2,4,-118
1767174899.1972382,4,2,-120
1767174899.2072382,0,4,-122
1767174899.2172382,-3,0,-120
1767174899.2272382,-1,0,-119
1767174899.2372382,-2,0,-116
1767174899.2472382,-8,-4,-117
1767174899.257238,-6,-3,-119
1767174899.278238,-2,0,-119
1767174899.287238,-5,1,-123
1767174899.297238,-9,3,-125
1767174899.307238,-6,0,-125
1767174899.317238,-8,1,-127
1767174899.327238,-8,0,-127
1767174899.337238,-5,1,-122
1767174899.347238,-2,4,-119
1767174899.357238,-3,5,-128
1767174899.367238,-3,4,-132
1767174899.377238,-6,3,-128
1767174899.3872385,-2,2,-128
1767174899.3972385,0,0,-125
1767174899.4072382,3,3,-118
1767174899.4172382,0,6,-122
1767174899.4272382,1,2,-123
1767174899.4372382,1,0,-117
1767174899.4472382,-1,-1,-114
1767174899.4572382,1,-6,-117
1767174899.4672382,0,-9,-121
1767174899.4772382,-1,-9,-117
1767174899.4872382,-7,-10,-117
1767174899.4972382,-4,-6,-116
1767174899.507238,-4,-4,-116
1767174899.517238,-8,-4,-121
1767174899.527238,-4,-4,-121
1767174899.537238,-1,-3,-116
1767174899.547238,-3,-1,-115
1767174899.557238,0,0,-113
1767174899.567238,0,-1,-119
1767174899.577238,1,-5,-121
1767174899.587238,0,-3,-115
1767174899.597238,4,-5,-114
1767174899.607238,4,-7,-115
1767174899.617238,2,-9,-110
1767174899.627238,6,-7,-113
1767174899.6372385,7,-3,-125
1767174899.6472385,1,-2,-132
1767174899.6572382,1,-2,-130
1767174899.6672382,-3,-2,-130
1767174899.6772382,-5,-2,-120
1767174899.6872382,-4,-3,-115
1767174899.6972382,-2,-2,-107
1767174899.7072382,0,0,-109
1767174899.7172382,0,1,-113
1767174899.7272382,0,1,-118
1767174899.7372382,0,0,-121
1767174899.7472382,2,0,-124
1767174899.757238,2,1,-130
1767174899.767238,0,2,-128
1767174899.777238,1,4,-124
1767174899.787238,5,3,-122
1767174899.797238,5,4,-119
1767174899.807238,1,0,-114
1767174899.817238,2,-2,-119
1767174899.827238,5,-4,-129
1767174899.837238,1,-2,-133
1767174899.847238,0,0,-128
1767174899.857238,0,-4,-120
1767174899.867238,-1,-8,-124
1767174899.877238,-1,-8,-124
1767174899.8872385,-2,-5,-124
1767174899.8972385,-2,-7,-117
1767174899.9072382,1,-4,-113
1767174899.9172382,0,-3,-116
1767174899.9272382,-1,-1,-125
1767174899.9372382,-2,-2,-124
1767174899.9472382,-3,-1,-123
1767174899.9572382,0,-3,-120
1767174899.9672382,-2,-3,-119
1767174899.9772382,-1,-2,-117
1767174899.9872382,0,-1,-120
1767174899.9972382,0,-4,-116
1767174900.007238,1,-6,-115
1767174900.017238,0,-7,-116
1767174900.027238,0,-4,-123
1767174900.037238,1,-5,-126
1767174900.047238,0,-3,-121
1767174900.057238,1,-4,-129
1767174900.067238,4,-6,-132
1767174900.077238,0,-3,-133
1767174900.087238,-3,-4,-130
1767174900.097238,0,-1,-126
1767174900.107238,-2,-2,-125
1767174900.117238,0,-4,-123
1767174900.127238,0,1,-122
1767174900.1372385,3,-4,-129
1767174900.1472385,0,-5,-130
1767174900.1572382,6,-7,-131
1767174900.1672382,5,-4,-126
1767174900.1772382,3,0,-122
1767174900.1872382,4,0,-124
1767174900.1972382,5,1,-127
1767174900.2072382,5,1,-131
1767174900.2172382,10,1,-130
1767174900.2272382,9,0,-123
1767174900.2372382,7,0,-121
1767174900.2472382,7,-1,-120
1767174900.257238,7,-2,-117
1767174900.267238,0,-4,-118
1767174900.277238,-1,-4,-112
1767174900.287238,2,-1,-114
1767174900.297238,2,-2,-116
1767174900.307238,2,-2,-122
1767174900.317238,3,-2,-119
1767174900.327238,5,-4,-114
1767174900.337238,1,-5,-112
1767174900.347238,-3,-1,-114
1767174900.357238,-4,-2,-125
1767174900.367238,-1,0,-123
1767174900.377238,2,-3,-123
1767174900.3872385,2,-1,-133
1767174900.3972385,0,-2,-129
1767174900.4072382,0,-1,-127
1767174900.4172382,1,2,-130
1767174900.4272382,0,4,-130
1767174900.4372382,-3,2,-125
1767174900.4472382,-3,-6,-127
1767174900.4572382,-1,-6,-125
1767174900.4672382,-1,-6,-124
1767174900.4772382,-2,-6,-124
1767174900.4872382,-3,-7,-119
1767174900.4972382,2,-6,-123
1767174900.507238,2,-5,-123
1767174900.517238,3,-8,-120
1767174900.527238,5,-7,-124
1767174900.537238,7,-11,-120
1767174900.547238,4,-10,-121
1767174900.557238,5,-9,-114
1767174900.567238,0,-10,-115
1767174900.577238,-1,-10,-117
1767174900.587238,0,-8,-125
1767174900.597238,1,-10,-129
1767174900.607238,-1,-10,-126
1767174900.617238,-3,-11,-120
1767174900.627238,0,-10,-115
1767174900.6372385,-5,-6,-118
1767174900.6472385,-2,-7,-113
1767174900.6572382,4,-9,-115
1767174900.6672382,1,-7,-115
1767174900.6772382,2,-9,-118
1767174900.6872382,1,-7,-125
1767174900.6972382,8,-2,-123
1767174900.7072382,8,-3,-118
1767174900.7172382,7,-2,-115
1767174900.7272382,3,-4,-116
1767174900.7372382,5,2,-122
1767174900.7472382,3,2,-126
1767174900.757238,2,2,-134
1767174900.767238,0,1,-130
1767174900.777238,-2,-5,-134
1767174900.787238,-5,-3,-135
1767174900.798238,-5,0,-123
1767174900.8082385,-2,0,-122
1767174900.8182385,0,-4,-122
1767174900.8282382,-3,-4,-126
1767174900.8382382,-2,-3,-128
1767174900.8482382,0,-1,-125
1767174900.8582382,0,-5,-130
1767174900.8682382,1,-7,-123
1767174900.8782382,0,-7,-121
1767174900.8882382,2,-5,-117
1767174900.8982382,5,-2,-118
1767174900.9082382,7,1,-123
1767174900.9182382,4,0,-119
1767174900.9282382,8,0,-114
1767174900.938238,2,-1,-107
1767174900.948238,0,-3,-102
1767174900.958238,0,-4,-98
1767174900.968238,1,0,-110
1767174900.978238,2,0,-114
1767174900.988238,0,0,-115
1767174900.998238,-1,-1,-109
1767174901.008238,-3,-2,-112
1767174901.018238,-5,0,-111
1767174901.028238,-6,-5,-116
1767174901.038238,-2,-9,-116
1767174901.048238,-1,-7,-109
1767174901.0582385,-4,-9,-116
1767174901.0682385,-3,-10,-118
1767174901.0782382,0,-13,-114
1767174901.0882382,-2,-14,-115
1767174901.0982382,2,-9,-121
1767174901.1082382,2,-4,-123
1767174901.1182382,3,-2,-122
1767174901.1282382,2,-4,-123
1767174901.1382382,1,-4,-126
1767174901.1482382,0,-1,-118
1767174901.1582382,1,1,-121
1767174901.1682382,4,-2,-128
1767174901.1782382,6,-4,-128
1767174901.188238,1,-5,-128
1767174901.198238,0,-3,-127
1767174901.208238,-5,2,-129
1767174901.218238,-4,5,-126
1767174901.228238,-2,4,-126
1767174901.238238,-2,5,-127
1767174901.248238,-2,2,-126
1767174901.258238,1,-2,-130
1767174901.268238,0,-3,-127
1767174901.278238,2,-2,-132
1767174901.288238,1,1,-127
1767174901.298238,5,2,-126
1767174901.3082385,5,3,-125
1767174901.3182385,5,0,-123
1767174901.3282382,4,-2,-117
1767174901.3382382,4,-6,-113
1767174901.3482382,1,-4,-117
1767174901.3582382,-2,-4,-120
1767174901.3682382,-3,-3,-129
1767174901.3782382,-1,-2,-129
1767174901.3882382,-2,-8,-131
1767174901.3982382,0,-4,-125
1767174901.4082382,0,0,-126
1767174901.4182382,0,-2,-117
1767174901.4282382,2,0,-118
1767174901.438238,1,0,-123
1767174901.448238,-1,-2,-116
1767174901.458238,-3,0,-115
1767174901.468238,-5,0,-117
1767174901.478238,-7,2,-118
1767174901.488238,-5,2,-113
1767174901.498238,-6,3,-111
1767174901.508238,-4,0,-112
1767174901.518238,-3,-1,-120
1767174901.528238,-1,-4,-119
1767174901.538238,-1,-1,-123
1767174901.548238,-8,0,-122
1767174901.5582385,-8,0,-125
1767174901.5682385,-7,2,-126
1767174901.5782382,-7,0,-126
1767174901.5882382,-3,1,-126
1767174901.5982382,-1,0,-131
1767174901.6082382,0,-2,-123
1767174901.6182382,0,0,-117
1767174901.6282382,-2,-4,-116
1767174901.6382382,0,-3,-115
1767174901.6482382,0,-2,-119
1767174901.6582382,1,-2,-118
1767174901.6682382,0,-3,-125
1767174901.6782382,2,-4,-126
1767174901.688238,4,0,-125
1767174901.698238,2,1,-121
1767174901.708238,6,1,-122
1767174901.718238,5,3,-120
1767174901.728238,4,4,-121
1767174901.738238,1,5,-122
1767174901.748238,3,8,-133
1767174901.758238,4,6,-131
1767174901.768238,2,4,-130
1767174901.778238,4,2,-128
1767174901.788238,1,0,-122
1767174901.798238,1,-1,-113
1767174901.8082385,0,-2,-119
1767174901.8182385,-1,-1,-118
1767174901.8282382,0,0,-122
1767174901.8382382,0,0,-119
1767174901.8482382,2,-1,-120
1767174901.8582382,3,0,-126
1767174901.8682382,3,0,-127
1767174901.8782382,4,1,-125
1767174901.8882382,2,2,-123
1767174901.8982382,0,0,-132
1767174901.9082382,-2,-2,-133
1767174901.9182382,0,-5,-126
1767174901.9282382,0,-4,-120
1767174901.938238,-1,-4,-123
1767174901.948238,-3,-3,-128
1767174901.958238,-6,-2,-129
1767174901.968238,-6,-4,-126
1767174901.978238,-5,0,-124
1767174901.988238,-5,3,-123
1767174901.998238,-3,4,-121
1767174902.008238,-1,0,-120
1767174902.018238,0,0,-119
1767174902.028238,-3,-3,-125
1767174902.038238,-4,-3,-125
1767174902.048238,-1,-2,-123
1767174902.0582385,-3,-3,-119
1767174902.0682385,-3,0,-127
1767174902.0782382,0,-3,-119
1767174902.0882382,-1,-3,-123
1767174902.0982382,-4,-1,-123
1767174902.1082382,-12,-2,-115
1767174902.1182382,-10,-5,-117
1767174902.1282382,-10,-2,-124
1767174902.1382382,-7,0,-122
1767174902.1482382,-4,1,-122
1767174902.1582382,-2,-1,-116
1767174902.1682382,0,0,-119
1767174902.1782382,-1,-2,-122
1767174902.188238,-1,-1,-121
1767174902.198238,0,1,-116
1767174902.208238,1,5,-112
1767174902.218238,2,2,-116
1767174902.228238,4,-2,-119
1767174902.238238,1,0,-119
1767174902.248238,0,2,-115
1767174902.258238,1,0,-117
1767174902.268238,4,-1,-118
1767174902.278238,6,3,-115
1767174902.288238,2,5,-115
1767174902.298238,0,4,-123
1767174902.3082385,2,0,-122
1767174902.3182385,3,-3,-119
1767174902.3282382,0,-2,-122
1767174902.3382382,1,-4,-118
1767174902.3482382,1,-6,-112
1767174902.3582382,6,-8,-114
1767174902.3682382,4,-3,-106
1767174902.3782382,-2,-3,-106
1767174902.3882382,-3,0,-113
1767174902.3982382,-2,0,-116
1767174902.4082382,-1,-2,-114
1767174902.4182382,3,-7,-114
1767174902.4282382,2,-6,-117
1767174902.438238,0,-7,-116
1767174902.448238,1,-9,-122
1767174902.458238,0,-6,-121
1767174902.468238,-2,-5,-121
1767174902.478238,1,-2,-121
1767174902.488238,0,-2,-122
1767174902.498238,3,0,-120
1767174902.508238,5,0,-124
1767174902.518238,2,-4,-125
1767174902.528238,1,-5,-123
1767174902.538238,0,-3,-122
1767174902.548238,1,-2,-122
1767174902.5582385,0,-3,-125
1767174902.5682385,-3,-1,-127
1767174902.5782382,-1,3,-130
1767174902.5882382,0,0,-128
1767174902.5982382,0,0,-125
1767174902.6082382,0,-4,-118
1767174902.6182382,-3,-3,-122
1767174902.6282382,-6,-4,-125
1767174902.6382382,-5,-2,-129
1767174902.6482382,-1,-1,-130
1767174902.6582382,1,0,-134
1767174902.6682382,4,0,-136
1767174902.6782382,1,1,-133
1767174902.688238,3,2,-128
1767174902.698238,0,-1,-121
1767174902.708238,-5,0,-119
1767174902.718238,-4,0,-121
1767174902.728238,-1,-1,-120
1767174902.738238,0,0,-124
1767174902.748238,0,-2,-124
1767174902.758238,0,0,-123
1767174902.768238,-3,1,-115
1767174902.778238,-1,-3,-108
1767174902.788238,-2,-4,-108
1767174902.798238,-2,-10,-114
1767174902.8082385,-1,-11,-114
1767174902.8182385,0,-3,-113
1767174902.8282382,3,-2,-109
1767174902.8382382,2,2,-113
1767174902.8482382,2,-1,-109
1767174902.8582382,-4,-4,-110
1767174902.8682382,-5,-1,-116
1767174902.8782382,-6,-1,-117
1767174902.8882382,-6,-1,-122
1767174902.8982382,-3,-1,-124
1767174902.9082382,-3,1,-122
1767174902.9182382,0,4,-121
1767174902.9282382,1,1,-119
1767174902.938238,0,-5,-118
1767174902.948238,4,-1,-115
1767174902.958238,0,0,-121
1767174902.968238,0,0,-118
1767174902.978238,0,0,-118
1767174902.988238,0,0,-123
1767174902.998238,1,-2,-121
1767174903.008238,0,-5,-119
1767174903.018238,-2,-8,-121
1767174903.028238,-1,-4,-120
1767174903.038238,-1,0,-120
1767174903.048238,-3,-5,-115
1767174903.0582385,-4,-5,-116
1767174903.0682385,-1,-5,-115
1767174903.0782382,-4,-6,-118
1767174903.0882382,-2,-1,-118
1767174903.0982382,-3,0,-120
1767174903.1082382,-3,-1,-121
1767174903.1182382,2,0,-121
1767174903.1282382,2,1,-121
1767174903.1382382,0,0,-122
1767174903.1482382,1,1,-121
1767174903.1582382,0,2,-122
1767174903.1682382,-1,0,-121
1767174903.1782382,-1,3,-123
1767174903.188238,-3,1,-120
1767174903.198238,0,0,-126
1767174903.208238,0,0,-127
1767174903.218238,8,-3,-124
1767174903.228238,7,-8,-119
1767174903.238238,5,-13,-125
1767174903.248238,3,-12,-119
1767174903.258238,8,-7,-119
1767174903.268238,9,-5,-123
1767174903.278238,8,-8,-124
1767174903.288238,7,-5,-123
1767174903.298238,3,-2,-122
1767174903.3082385,0,1,-119
1767174903.3182385,1,0,-118
1767174903.3282382,0,0,-118
1767174903.3382382,0,-4,-115
1767174903.3482382,2,-7,-123
1767174903.3582382,6,-6,-117
1767174903.3682382,9,-7,-117
1767174903.3782382,5,-7,-113
1767174903.3882382,2,-4,-117
1767174903.3982382,1,-5,-121
1767174903.4082382,1,-3,-124
1767174903.4182382,0,-1,-125
1767174903.4282382,-2,-4,-123
1767174903.438238,-5,0,-118
1767174903.448238,-5,0,-114
1767174903.458238,1,-2,-113
1767174903.468238,2,-1,-118
1767174903.4792385,0,2,-117
1767174903.4892385,3,1,-121
1767174903.4992385,0,0,-118
1767174903.5092382,2,4,-118
1767174903.5192382,-2,4,-116
1767174903.5292382,-6,5,-123
1767174903.5392382,-2,2,-124
1767174903.5492382,-2,4,-120
1767174903.5592382,-2,5,-123
1767174903.5692382,-2,0,-123
1767174903.5792382,0,-1,-115
1767174903.5892382,3,-4,-114
1767174903.5992382,2,0,-113
1767174903.609238,0,0,-119
1767174903.619238,1,-3,-123
1767174903.629238,1,-2,-124
1767174903.639238,3,-4,-119
1767174903.649238,1,-4,-126
1767174903.659238,2,-5,-127
1767174903.669238,1,-1,-119
1767174903.679238,4,-3,-120
1767174903.689238,5,-3,-125
1767174903.699238,7,-3,-123
1767174903.709238,9,-3,-129
1767174903.719238,3,2,-124
1767174903.7292385,-1,4,-130
1767174903.7392385,0,2,-131
1767174903.7492385,1,-1,-122
1767174903.7592382,0,-4,-120
1767174903.7692382,-1,-4,-119
1767174903.7792382,-1,-5,-115
1767174903.7892382,-5,-2,-117
1767174903.7992382,-2,-3,-122
1767174903.8092382,-6,-9,-123
1767174903.8192382,-3,-9,-123
1767174903.8292382,0,-8,-127
1767174903.8392382,-4,-5,-129
1767174903.8492382,-5,-8,-132
1767174903.859238,-3,-9,-128
1767174903.869238,-4,-9,-124
1767174903.879238,-4,-8,-123
1767174903.889238,-4,-8,-122
1767174903.899238,-7,-9,-126
1767174903.909238,-6,-13,-128
1767174903.919238,-4,-10,-120
1767174903.929238,-6,-6,-119
1767174903.939238,-5,-5,-120
1767174903.949238,-3,-3,-121
1767174903.959238,0,-4,-116
1767174903.969238,0,-8,-116
1767174903.9792385,2,-5,-115
1767174903.9892385,0,-7,-112
1767174903.9992385,6,-6,-104
1767174904.0092382,4,-8,-108
1767174904.0192382,3,-2,-106
1767174904.0292382,0,-2,-112
1767174904.0392382,2,-3,-114
1767174904.0492382,4,-5,-115
1767174904.0592382,2,-1,-121
1767174904.0692382,4,5,-122
1767174904.0792382,4,6,-125
1767174904.0892382,0,3,-119
1767174904.0992382,0,0,-122
1767174904.109238,-1,2,-121
1767174904.119238,-8,1,-124
1767174904.129238,-7,0,-124
1767174904.139238,-6,0,-116
1767174904.149238,-7,0,-114
1767174904.159238,-3,-1,-116
1767174904.169238,-2,0,-123
1767174904.179238,-1,0,-125
1767174904.189238,0,-4,-122
1767174904.199238,0,-5,-121
1767174904.209238,5,-7,-118
1767174904.219238,9,-10,-118
1767174904.2292385,6,-9,-121
1767174904.2392385,0,-7,-123
1767174904.2492385,3,-3,-120
1767174904.2592382,3,-6,-116
1767174904.2692382,3,-1,-122
1767174904.291238,2,0,-127
1767174904.2992382,-1,3,-121
1767174904.3092382,0,2,-116
1767174904.3192382,2,6,-112
1767174904.3292382,1,3,-116
1767174904.3392382,3,1,-117
1767174904.3492382,2,-2,-120
1767174904.359238,0,1,-126
1767174904.369238,0,3,-124
1767174904.379238,-1,2,-128
1767174904.389238,0,0,-128
1767174904.399238,0,-1,-136
1767174904.409238,0,1,-140
1767174904.419238,-3,1,-140
1767174904.429238,0,1,-137
1767174904.439238,-2,-2,-136
1767174904.449238,-3,-2,-135
1767174904.459238,-3,0,-138
1767174904.469238,1,-5,-131
1767174904.4792385,-3,-5,-133
1767174904.4892385,0,-4,-137
1767174904.4992385,0,-3,-136
1767174904.5092382,-1,-1,-130
1767174904.5192382,0,-1,-129
1767174904.5292382,-2,-1,-126
1767174904.5392382,-5,-1,-126
1767174904.5492382,-3,2,-125
1767174904.5592382,0,-2,-124
1767174904.5692382,3,-2,-118
1767174904.5792382,5,-3,-119
1767174904.5892382,2,-3,-112
1767174904.5992382,2,-3,-103
1767174904.609238,1,-5,-106
1767174904.619238,0,-2,-114
1767174904.629238,0,-3,-111
1767174904.639238,6,-7,-114
1767174904.649238,3,-8,-118
1767174904.659238,0,-10,-114
1767174904.669238,-6,-7,-114
1767174904.679238,-3,-3,-114
1767174904.689238,0,-1,-116
1767174904.699238,0,-3,-116
1767174904.709238,-2,0,-119
1767174904.719238,-1,0,-118
1767174904.7292385,-6,-1,-119
1767174904.7392385,-5,0,-122
1767174904.7492385,-6,-2,-125
1767174904.7592382,-1,-2,-120
1767174904.7692382,-2,-3,-115
1767174904.7792382,0,2,-118
1767174904.7892382,1,3,-119
1767174904.7992382,2,0,-117
1767174904.8092382,0,1,-118
1767174904.8192382,1,-3,-119
1767174904.8292382,4,-4,-123
1767174904.8392382,6,-4,-125
1767174904.8492382,7,-4,-131
1767174904.859238,1,-4,-138
1767174904.869238,-1,3,-136
1767174904.879238,2,1,-134
1767174904.889238,0,2,-138
1767174904.899238,1,2,-135
1767174904.909238,3,5,-132
1767174904.919238,5,4,-126
1767174904.929238,6,0,-117
1767174904.939238,9,-1,-112
1767174904.949238,7,-1,-116
1767174904.959238,6,-2,-115
1767174904.969238,3,-1,-119
1767174904.9792385,-2,-1,-116
1767174904.9892385,-1,0,-120
1767174904.9992385,1,-4,-118
1767174905.0092382,-1,-8,-119
1767174905.0192382,-3,-11,-124
1767174905.0292382,0,-8,-125
1767174905.0392382,3,-3,-121
1767174905.0492382,4,-1,-124
1767174905.0592382,2,0,-120
1767174905.0692382,6,2,-111
1767174905.0792382,2,5,-111
1767174905.0892382,0,3,-114
1767174905.0992382,1,0,-117
1767174905.109238,1,0,-115
1767174905.119238,4,-1,-115
1767174905.129238,5,-5,-118
1767174905.139238,1,-2,-115
1767174905.149238,0,-4,-118
1767174905.159238,-2,0,-116
1767174905.169238,1,4,-118
1767174905.179238,4,5,-115
1767174905.189238,1,1,-117
1767174905.199238,-1,0,-112
1767174905.209238,0,0,-110
1767174905.219238,6,0,-114
1767174905.2292385,6,0,-116
1767174905.2392385,3,1,-116
1767174905.2492385,0,0,-118
1767174905.2592382,0,0,-125
1767174905.2692382,2,3,-127
1767174905.2792382,0,5,-128
1767174905.2892382,0,4,-128
1767174905.2992382,1,1,-121
1767174905.3092382,0,-3,-121
1767174905.3192382,-2,-1,-120
1767174905.3292382,0,-3,-122
1767174905.3392382,0,-2,-121
1767174905.3492382,2,-3,-125
1767174905.359238,5,-4,-123
1767174905.369238,2,-7,-123
1767174905.379238,-1,-7,-124
1767174905.389238,0,-10,-125
1767174905.399238,3,-9,-127
1767174905.409238,4,-6,-125
1767174905.419238,-4,-2,-123
1767174905.429238,-2,0,-118
1767174905.439238,-1,-2,-112
1767174905.449238,-5,-2,-110
1767174905.459238,-4,-1,-110
1767174905.469238,-3,0,-108
1767174905.4792385,-1,0,-111
1767174905.4892385,-2,0,-113
1767174905.4992385,0,0,-113
1767174905.5092382,-1,-1,-112
1767174905.5192382,-1,-1,-117
1767174905.5292382,0,-5,-124
1767174905.5392382,1,-7,-119
1767174905.5492382,0,-9,-124
1767174905.5592382,1,-4,-122
1767174905.5692382,3,-4,-115
1767174905.5792382,9,-7,-115
1767174905.5892382,6,-4,-121
1767174905.5992382,5,-5,-114
1767174905.609238,6,-5,-109
1767174905.619238,3,-1,-112
1767174905.629238,1,-7,-112
1767174905.639238,-1,-5,-119
1767174905.649238,1,-4,-120
1767174905.659238,5,-3,-122
1767174905.669238,7,-2,-125
1767174905.679238,4,-6,-126
1767174905.689238,6,-4,-122
1767174905.699238,7,0,-126
1767174905.709238,7,3,-126
1767174905.719238,7,4,-128
1767174905.7292385,9,1,-132
1767174905.7392385,5,0,-123
1767174905.7492385,5,-1,-124
1767174905.7592382,11,0,-125
1767174905.7692382,9,-6,-121
1767174905.7792382,6,-6,-120
1767174905.7892382,6,-8,-123
1767174905.7992382,5,-5,-127
1767174905.8092382,6,-6,-122
1767174905.8192382,0,-1,-125
1767174905.8292382,1,0,-125
1767174905.8392382,1,1,-124
1767174905.8492382,-1,-4,-127
1767174905.859238,-4,-3,-123
1767174905.869238,-9,1,-119
1767174905.879238,-8,0,-120
1767174905.889238,-5,-1,-122
1767174905.899238,-5,1,-124
1767174905.909238,2,0,-114
1767174905.919238,2,-1,-116
1767174905.929238,3,-1,-118
1767174905.939238,-1,0,-122
1767174905.949238,0,-1,-122
1767174905.959238,1,-5,-124
1767174905.969238,1,-5,-122
1767174905.9792385,-1,0,-119
1767174905.9892385,0,0,-122
1767174905.9992385,0,0,-124
1767174906.0092382,-1,2,-122
1767174906.0192382,2,6,-122
1767174906.0292382,1,6,-123
1767174906.0392382,2,6,-119
1767174906.0492382,-1,7,-118
1767174906.0592382,-3,6,-123
1767174906.0692382,2,5,-118
1767174906.0792382,2,1,-118
1767174906.0892382,1,-1,-115
1767174906.100238,1,-1,-118
1767174906.109238,3,-1,-114
1767174906.120238,0,-2,-116
1767174906.130238,2,0,-107
1767174906.140238,3,2,-108
1767174906.150238,0,0,-112
1767174906.1602385,-4,0,-112
1767174906.1702385,-5,0,-116
1767174906.1802382,-5,0,-117
1767174906.1902382,-6,-2,-115
1767174906.2002382,-7,0,-116
1767174906.2102382,-5,1,-116
1767174906.2202382,-4,-1,-114
1767174906.2302382,-1,-7,-109
1767174906.2402382,-2,-8,-113
1767174906.2502382,-2,-4,-113
1767174906.2602382,-4,-1,-118
1767174906.2702382,-5,0,-119
1767174906.2802382,-1,0,-114
1767174906.290238,0,-3,-120
1767174906.300238,0,-3,-121
1767174906.310238,3,-6,-119
1767174906.320238,3,-7,-127
1767174906.330238,4,-7,-122
1767174906.340238,5,-6,-119
1767174906.350238,4,-6,-116
1767174906.360238,1,-7,-114
1767174906.370238,-1,-3,-115
1767174906.380238,-4,-1,-113
1767174906.390238,-2,0,-118
1767174906.400238,-2,0,-112
1767174906.4102385,-1,-2,-112
1767174906.4202385,-1,2,-112
1767174906.4302382,4,2,-109
1767174906.4402382,7,0,-112
1767174906.4502382,6,-2,-120
1767174906.4602382,3,-3,-117
1767174906.4702382,4,0,-112
1767174906.4802382,2,-4,-114
1767174906.4902382,3,-6,-119
1767174906.5002382,0,-1,-119
1767174906.5102382,2,1,-120
1767174906.5202382,5,0,-121
1767174906.5302382,1,0,-121
1767174906.540238,-3,0,-125
1767174906.550238,-4,-3,-128
1767174906.560238,-3,-6,-121
1767174906.570238,-2,-11,-121
1767174906.580238,-1,-8,-117
1767174906.590238,-3,-4,-119
1767174906.600238,-1,-2,-124
1767174906.610238,-1,-3,-123
1767174906.620238,-2,-4,-120
1767174906.630238,-1,-7,-122
1767174906.640238,0,-8,-123
1767174906.650238,-1,-9,-120
1767174906.6602385,-3,-6,-118
1767174906.6702385,-3,-5,-118
1767174906.6802382,2,-6,-121
1767174906.6902382,-1,-2,-120
1767174906.7002382,-6,-5,-124
1767174906.7102382,-8,-5,-127
1767174906.7202382,-6,-6,-125
1767174906.7302382,-5,-4,-124
1767174906.7402382,-2,-5,-127
1767174906.7502382,0,-3,-123
1767174906.7602382,-3,-5,-115
1767174906.7702382,-6,-7,-117
1767174906.7802382,-7,-4,-116
1767174906.790238,-5,-2,-117
1767174906.800238,-1,-2,-119
1767174906.810238,-3,-2,-124
1767174906.820238,-3,-4,-129
1767174906.830238,3,-5,-127
1767174906.840238,1,-4,-127
1767174906.850238,-1,-8,-121
1767174906.860238,0,-9,-128
1767174906.870238,1,-8,-130
1767174906.880238,2,-13,-130
1767174906.890238,1,-13,-132
1767174906.900238,5,-11,-122
1767174906.9102385,2,-5,-118
1767174906.9202385,-2,-5,-120
1767174906.9302382,-2,-5,-126
1767174906.9402382,-2,-4,-125
1767174906.9502382,0,-4,-124
1767174906.9602382,0,-5,-119
1767174906.9702382,-1,-5,-117
1767174906.9802382,2,-2,-121
1767174906.9902382,1,-4,-120
1767174907.0002382,4,-5,-118
1767174907.0102382,3,-4,-120
1767174907.0202382,2,-1,-127
1767174907.0302382,2,-2,-130
1767174907.040238,0,0,-125
1767174907.050238,-2,-1,-125
1767174907.060238,-2,-4,-123
1767174907.070238,3,-5,-123
1767174907.080238,6,-3,-121
1767174907.090238,5,-3,-130
1767174907.100238,7,-2,-127
1767174907.110238,6,-1,-126
1767174907.120238,2,-1,-121
1767174907.130238,8,0,-120
1767174907.140238,8,-1,-118
1767174907.150238,7,2,-120
1767174907.1602385,4,3,-123
1767174907.1702385,3,0,-130
1767174907.1802382,-1,2,-130
1767174907.1902382,0,1,-129
1767174907.2002382,-5,0,-131
1767174907.2102382,-4,5,-129
1767174907.2202382,1,6,-125
1767174907.2302382,5,3,-128
1767174907.2402382,4,1,-127
1767174907.2502382,3,7,-125
1767174907.2602382,-2,4,-119
1767174907.2702382,-3,3,-119
1767174907.2802382,-3,0,-125
1767174907.290238,-1,2,-133
1767174907.300238,-2,2,-137
1767174907.310238,-7,0,-138
1767174907.320238,-6,-5,-139
1767174907.330238,-5,-8,-132
1767174907.340238,-3,-3,-131
1767174907.350238,0,-1,-126
1767174907.360238,3,-1,-125
1767174907.370238,1,0,-126
1767174907.380238,-1,-2,-123
1767174907.390238,0,-1,-129
1767174907.400238,-3,0,-129
1767174907.4102385,-4,3,-128
1767174907.4202385,-5,-2,-125
1767174907.4302382,1,-5,-118
1767174907.4402382,0,-8,-112
1767174907.4502382,0,-8,-110
1767174907.4602382,0,-7,-109
1767174907.4702382,-1,0,-113
1767174907.4802382,0,-2,-116
1767174907.4902382,0,-1,-122
1767174907.5002382,2,-1,-124
1767174907.5102382,6,-2,-128
1767174907.5202382,3,-2,-130
1767174907.5302382,0,1,-129
1767174907.541238,3,0,-124
1767174907.550238,5,-3,-119
1767174907.560238,5,-6,-118
1767174907.570238,4,-6,-114
1767174907.580238,6,-7,-114
1767174907.590238,7,-3,-116
1767174907.600238,7,-5,-120
1767174907.610238,8,-8,-117
1767174907.620238,6,-3,-111
1767174907.630238,8,-6,-109
1767174907.640238,8,-2,-109
1767174907.650238,7,-2,-113
1767174907.6602385,8,0,-120
1767174907.6702385,4,0,-125
1767174907.6802382,5,0,-122
1767174907.6902382,6,2,-121
1767174907.7002382,4,0,-121
1767174907.7102382,2,-1,-119
1767174907.7202382,1,0,-129
1767174907.7302382,-1,-3,-132
1767174907.7402382,-1,-2,-136
1767174907.7502382,0,-4,-134
1767174907.7602382,1,-5,-135
1767174907.7702382,0,-1,-128
1767174907.7802382,1,-4,-128
1767174907.790238,2,0,-126
1767174907.800238,0,-3,-129
1767174907.810238,0,-6,-134
1767174907.820238,0,-10,-137
1767174907.830238,3,-4,-133
1767174907.840238,6,-5,-122
1767174907.850238,3,-5,-122
1767174907.860238,2,-8,-118
1767174907.870238,-2,-7,-118
1767174907.880238,-2,-2,-121
1767174907.890238,-2,-3,-121
1767174907.900238,0,-6,-121
1767174907.9102385,-2,-9,-123
1767174907.9202385,-3,-8,-121
1767174907.9302382,0,-6,-120
1767174907.9402382,-2,-5,-117
1767174907.9502382,-9,-3,-122
1767174907.9602382,-7,-2,-123
1767174907.9702382,-7,-2,-125
1767174907.9802382,-7,-1,-125
1767174907.9902382,-4,1,-115
1767174908.0002382,0,0,-119
1767174908.0102382,1,0,-120
1767174908.0202382,-4,-4,-126
1767174908.0302382,-4,-3,-125
1767174908.040238,0,-3,-121
1767174908.050238,0,-5,-121
1767174908.060238,0,-5,-126
1767174908.070238,-4,-1,-130
1767174908.080238,-4,1,-137
1767174908.090238,1,1,-133
1767174908.100238,0,0,-127
1767174908.110238,0,0,-127
1767174908.120238,1,-7,-131
1767174908.130238,2,-8,-132
1767174908.140238,5,-5,-132
1767174908.150238,5,-4,-129
1767174908.1602385,9,-6,-130
1767174908.1702385,4,-3,-127
1767174908.1802382,4,-6,-131
1767174908.1902382,1,-8,-130
1767174908.2002382,3,-7,-124
1767174908.2102382,2,-3,-117
1767174908.2202382,2,1,-113
1767174908.2302382,0,0,-118
1767174908.2402382,0,-2,-119
1767174908.2502382,4,0,-121
1767174908.2602382,6,2,-114
1767174908.2702382,7,0,-117
1767174908.2802382,6,0,-116
1767174908.290238,0,0,-109
1767174908.300238,0,0,-102
1767174908.310238,3,1,-106
1767174908.320238,3,0,-118
1767174908.330238,1,-2,-122
1767174908.340238,0,-4,-125
1767174908.350238,0,-3,-122
1767174908.360238,3,-3,-116
1767174908.370238,7,-2,-114
1767174908.380238,2,-2,-118
1767174908.390238,5,-3,-118
1767174908.400238,6,-3,-113
1767174908.4102385,4,-1,-122
1767174908.4202385,2,-4,-128
1767174908.4302382,-3,-5,-125
1767174908.4402382,1,-2,-128
1767174908.4502382,0,-2,-123
1767174908.4602382,2,-2,-112
1767174908.4702382,3,-1,-111
1767174908.4802382,2,-2,-103
1767174908.4902382,0,0,-109
1767174908.5002382,0,1,-110
1767174908.5102382,-1,-1,-116
1767174908.5202382,-1,-6,-124
1767174908.5302382,-2,-5,-125
1767174908.540238,0,-3,-120
1767174908.550238,-2,-3,-119
1767174908.560238,-4,1,-114
1767174908.570238,-2,1,-110
1767174908.580238,0,0,-117
1767174908.590238,0,-2,-117
1767174908.600238,1,-2,-116
1767174908.610238,7,-1,-116
1767174908.620238,6,-2,-115
1767174908.630238,6,-1,-112
1767174908.640238,4,1,-104
1767174908.650238,4,0,-111
1767174908.6602385,1,-1,-111
1767174908.6702385,3,0,-116
1767174908.6802382,2,0,-118
1767174908.6902382,3,-1,-123
1767174908.7002382,-2,-5,-125
1767174908.7102382,-4,-6,-123
1767174908.7202382,-5,-5,-124
1767174908.7302382,-5,-3,-117
1767174908.7402382,-8,-6,-118
1767174908.7502382,-9,-11,-119
1767174908.7602382,-8,-12,-117
1767174908.7702382,-11,-7,-118
1767174908.7802382,-10,-4,-108
1767174908.791238,-7,0,-112
1767174908.801238,-7,-1,-119
1767174908.811238,0,-6,-119
1767174908.821238,-1,-11,-118
1767174908.8312385,-2,-9,-116
1767174908.8412385,0,-7,-120
1767174908.8512385,0,-3,-112
1767174908.8612382,0,-5,-115
1767174908.8712382,-2,-6,-120
1767174908.8812382,-5,-3,-122
1767174908.8912382,0,0,-124
1767174908.9012382,3,-1,-122
1767174908.9112382,0,-4,-113
1767174908.9212382,-1,-3,-113
1767174908.9312382,-1,-1,-116
1767174908.9412382,3,0,-118
1767174908.9512382,4,0,-119
1767174908.961238,6,0,-123
1767174908.971238,8,0,-124
1767174908.981238,7,-1,-124
1767174908.991238,3,-3,-123
1767174909.001238,5,-7,-120
1767174909.011238,1,0,-123
1767174909.021238,2,0,-125
1767174909.031238,0,0,-117
1767174909.041238,-3,1,-115
1767174909.051238,-2,0,-109
1767174909.061238,-1,2,-110
1767174909.071238,0,0,-116
1767174909.0812385,0,3,-117
1767174909.0912385,1,5,-123
1767174909.1012385,0,0,-129
1767174909.1112382,-3,-1,-132
1767174909.1212382,-2,-3,-127
1767174909.1312382,0,-3,-124
1767174909.1412382,1,-4,-128
1767174909.1512382,2,-3,-129
1767174909.1612382,0,-2,-132
1767174909.1712382,0,1,-127
1767174909.1812382,4,6,-123
1767174909.1912382,7,7,-119
1767174909.2012382,8,8,-118
1767174909.211238,10,5,-116
1767174909.221238,11,0,-123
1767174909.231238,7,1,-125
1767174909.241238,4,1,-120
1767174909.251238,0,1,-126
1767174909.261238,1,-1,-128
1767174909.271238,0,0,-123
1767174909.281238,0,0,-120
1767174909.3032382,6,1,-115
1767174909.311238,7,0,-111
1767174909.321238,13,0,-117
1767174909.3312385,12,1,-113
1767174909.3412385,11,6,-114
1767174909.3512385,5,4,-115
1767174909.3612382,7,0,-121
1767174909.3712382,0,3,-124
1767174909.3812382,3,-1,-128
1767174909.3912382,2,-2,-132
1767174909.4012382,2,1,-133
1767174909.4112382,3,4,-127
1767174909.4212382,4,1,-128
1767174909.4312382,5,0,-126
1767174909.4412382,1,2,-117
1767174909.4512382,0,-1,-117
1767174909.461238,-1,0,-122
1767174909.471238,0,-4,-124
1767174909.481238,-3,0,-126
1767174909.491238,-1,3,-120
1767174909.501238,0,4,-122
1767174909.511238,-2,3,-119
1767174909.521238,-8,-1,-119
1767174909.531238,-8,-1,-125
1767174909.541238,-4,-3,-120
1767174909.551238,-2,-3,-114
1767174909.561238,-2,-9,-116
1767174909.571238,1,-8,-110
1767174909.5812385,1,-4,-114
1767174909.5912385,0,-5,-112
1767174909.6012385,-1,-4,-112
1767174909.6112382,-3,-5,-120
1767174909.6212382,1,1,-127
1767174909.6312382,1,0,-125
1767174909.6412382,0,2,-123
1767174909.6512382,-4,0,-121
1767174909.6612382,-1,0,-117
1767174909.6712382,2,-1,-116
1767174909.6812382,6,2,-112
1767174909.6912382,5,3,-115
1767174909.7012382,4,-1,-117
1767174909.711238,-1,1,-121
1767174909.721238,-7,1,-118
1767174909.731238,-6,0,-125
1767174909.741238,-6,3,-132
1767174909.751238,-9,0,-131
1767174909.761238,-7,0,-124
1767174909.771238,-2,0,-116
1767174909.781238,-2,1,-114
1767174909.791238,1,0,-119
1767174909.801238,1,2,-121
1767174909.811238,-1,3,-119
1767174909.821238,-1,8,-120
1767174909.8312385,0,8,-127
1767174909.8412385,-3,8,-126
1767174909.8512385,-6,7,-124
1767174909.8612382,-6,5,-123
1767174909.8712382,-8,0,-125
1767174909.8812382,-11,0,-128
1767174909.8912382,-9,0,-134
1767174909.9012382,-8,1,-132
1767174909.9112382,-6,3,-128
1767174909.9212382,-4,5,-126
1767174909.9312382,-2,3,-127
1767174909.9412382,-1,7,-126
1767174909.9512382,0,6,-124
1767174909.961238,-1,2,-123
1767174909.971238,0,2,-120
1767174909.981238,-1,0,-114
1767174909.991238,-3,-3,-120
1767174910.001238,0,-2,-120
1767174910.011238,2,-4,-125
1767174910.021238,5,0,-122
1767174910.031238,5,0,-117
1767174910.041238,2,-1,-116
1767174910.051238,-1,-1,-113
1767174910.061238,-3,0,-117
1767174910.071238,-5,-2,-121
1767174910.0812385,-2,-2,-116
1767174910.0912385,-2,1,-118
1767174910.1012385,0,1,-120
1767174910.1112382,1,3,-130
1767174910.1212382,1,3,-129
1767174910.1312382,0,5,-130
1767174910.1412382,2,2,-130
1767174910.1512382,0,0,-125
1767174910.1612382,-1,-5,-121
1767174910.1712382,3,-7,-122
1767174910.1812382,3,-7,-122
1767174910.1912382,6,-3,-116
1767174910.2012382,4,-1,-117
1767174910.211238,0,-1,-115
1767174910.221238,0,-1,-112
1767174910.231238,-2,-5,-115
1767174910.241238,1,-5,-114
1767174910.251238,-4,-5,-112
1767174910.261238,-3,0,-118
1767174910.271238,-2,-2,-114
1767174910.281238,0,1,-104
1767174910.291238,4,1,-106
1767174910.301238,3,1,-112
1767174910.311238,3,-2,-115
1767174910.321238,2,-2,-115
1767174910.3312385,4,0,-118
1767174910.3412385,1,2,-123
1767174910.3512385,0,-1,-131
1767174910.3612382,0,0,-128
1767174910.3712382,0,-1,-125
1767174910.3812382,0,3,-123
1767174910.3912382,4,2,-125
1767174910.4012382,4,4,-130
1767174910.4112382,2,2,-126
1767174910.4212382,1,0,-129
1767174910.4312382,-3,1,-121
1767174910.4412382,-6,1,-111
1767174910.4512382,-4,0,-105
1767174910.461238,3,0,-112
1767174910.471238,6,-1,-116
1767174910.481238,4,-4,-121
1767174910.491238,2,-4,-120
1767174910.501238,6,-6,-120
1767174910.511238,0,-3,-118
1767174910.521238,-1,-3,-123
1767174910.531238,-2,-4,-126
1767174910.541238,-4,0,-122
1767174910.551238,-2,1,-123
1767174910.561238,-3,0,-125
1767174910.571238,-1,1,-122
1767174910.5812385,0,2,-118
1767174910.5912385,-3,1,-120
1767174910.6012385,-3,-4,-125
1767174910.6112382,-2,-2,-120
1767174910.6212382,1,-2,-120
1767174910.6312382,4,-2,-113
1767174910.6412382,5,0,-116
1767174910.6512382,2,-1,-114
1767174910.6612382,5,0,-117
1767174910.6712382,5,1,-116
1767174910.6812382,1,4,-122
1767174910.6912382,1,0,-123
1767174910.7012382,2,1,-130
1767174910.711238,-1,0,-123
1767174910.721238,-2,0,-123
1767174910.731238,3,4,-119
1767174910.741238,-1,3,-124
1767174910.751238,-1,0,-128
1767174910.761238,0,4,-125
1767174910.771238,1,3,-126
1767174910.781238,4,5,-122
1767174910.791238,-1,3,-122
1767174910.801238,3,3,-129
1767174910.811238,4,3,-127
1767174910.821238,3,2,-123
1767174910.8312385,0,0,-119
1767174910.8412385,0,-2,-118
1767174910.8512385,3,-4,-115
1767174910.8612382,2,-2,-120
1767174910.8712382,1,0,-119
1767174910.8812382,0,0,-126
1767174910.8912382,-3,-3,-120
1767174910.9012382,-3,-1,-123
1767174910.9112382,-3,-1,-119
1767174910.9212382,0,-1,-116
1767174910.9312382,-5,-3,-113
1767174910.9412382,-7,-4,-118
1767174910.9512382,-4,-2,-120
1767174910.961238,-5,-1,-126
1767174910.971238,-2,0,-132
1767174910.981238,-1,-4,-135
1767174910.991238,-3,-3,-127
1767174911.001238,-4,-1,-131
1767174911.011238,-3,1,-132
1767174911.021238,-3,2,-135
1767174911.031238,-1,1,-133
1767174911.041238,-3,2,-130
1767174911.051238,0,1,-129
1767174911.061238,4,0,-129
1767174911.071238,0,1,-122
1767174911.0812385,-3,-1,-118
1767174911.0912385,-1,-3,-121
1767174911.1012385,-2,-3,-117
1767174911.1112382,-2,0,-117
1767174911.1212382,-4,0,-116
1767174911.1312382,-6,2,-119
1767174911.1412382,-3,-2,-124
1767174911.1512382,-3,-3,-126
1767174911.1612382,-8,1,-121
1767174911.1712382,-7,3,-125
1767174911.1812382,-2,2,-125
1767174911.1912382,-3,0,-128
1767174911.2012382,0,1,-128
1767174911.211238,1,0,-126
1767174911.221238,-2,-2,-124
1767174911.231238,-4,0,-125
1767174911.241238,0,3,-119
1767174911.251238,2,-3,-117
1767174911.261238,1,1,-123
1767174911.271238,2,-3,-123
1767174911.281238,4,-5,-122
1767174911.291238,3,-8,-117
1767174911.301238,8,-3,-106
1767174911.311238,10,-4,-102
1767174911.321238,11,-2,-99
1767174911.3312385,8,-1,-108
1767174911.3412385,0,-4,-109
1767174911.3512385,-3,-6,-112
1767174911.3612382,-4,-6,-114
1767174911.3712382,-2,-5,-116
1767174911.3812382,0,-2,-127
1767174911.392238,1,0,-128
1767174911.4012382,4,1,-129
1767174911.4112382,-1,0,-134
1767174911.422238,-2,0,-128
1767174911.4312382,0,-3,-127
1767174911.442238,0,0,-125
1767174911.452238,0,3,-120
1767174911.462238,-1,6,-125
1767174911.472238,-4,5,-115
1767174911.482238,-1,2,-112
1767174911.492238,2,0,-114
1767174911.502238,5,1,-112
1767174911.511238,2,1,-111
1767174911.5222385,-3,0,-109
1767174911.5322382,-4,-2,-113
1767174911.5422382,-4,-2,-115
1767174911.5522382,-2,-4,-114
1767174911.5622382,-3,1,-117
1767174911.5722382,-2,1,-121
1767174911.5822382,-2,3,-119
1767174911.5922382,-3,2,-125
1767174911.6022382,-2,-1,-129
1767174911.6122382,0,-1,-124
1767174911.6222382,1,-2,-123
1767174911.632238,1,0,-119
1767174911.642238,0,1,-123
1767174911.652238,5,1,-127
1767174911.662238,3,6,-121
1767174911.672238,1,3,-123
1767174911.682238,-3,1,-124
1767174911.692238,-2,-1,-123
1767174911.702238,-3,-2,-123
1767174911.712238,-2,0,-123
1767174911.722238,-1,2,-125
1767174911.732238,0,2,-132
1767174911.742238,-2,-2,-130
1767174911.752238,-4,0,-133
1767174911.7622385,-9,-1,-125
1767174911.7722385,-12,-5,-123
1767174911.7822382,-13,-1,-128
1767174911.7922382,-6,1,-136
1767174911.8022382,-2,0,-135
1767174911.8122382,-2,-1,-134
1767174911.8222382,-3,0,-134
1767174911.8322382,-2,3,-130
1767174911.8422382,0,5,-125
1767174911.8522382,0,2,-131
1767174911.8622382,0,1,-128
1767174911.8722382,-3,-2,-130
1767174911.882238,-8,0,-128
1767174911.892238,-6,-4,-118
1767174911.902238,-7,-6,-116
1767174911.912238,-5,-10,-116
1767174911.922238,-6,-9,-112
1767174911.932238,-6,-2,-115
1767174911.942238,-4,1,-116
1767174911.952238,-4,1,-118
1767174911.962238,-6,0,-123
1767174911.972238,-4,-2,-119
1767174911.982238,-2,-1,-120
1767174911.992238,0,-1,-126
1767174912.002238,3,-4,-133
1767174912.0122385,0,-6,-131
1767174912.0222385,-2,-6,-124
1767174912.0322382,-2,-4,-122
1767174912.0422382,-1,-6,-124
1767174912.0522382,-2,-7,-120
1767174912.0622382,0,-5,-122
1767174912.0722382,-4,0,-124
1767174912.0822382,-5,0,-125
1767174912.0922382,-7,-4,-116
1767174912.1022382,-7,-3,-112
1767174912.1122382,-3,-6,-111
1767174912.1222382,0,-2,-111
1767174912.132238,-2,-3,-117
1767174912.142238,0,-1,-117
1767174912.152238,3,-4,-121
1767174912.162238,3,-2,-126
1767174912.172238,1,-1,-127
1767174912.182238,0,1,-129
1767174912.192238,0,3,-123
1767174912.202238,0,-1,-117
1767174912.212238,0,-1,-121
1767174912.222238,5,-1,-118
1767174912.232238,1,-2,-115
1767174912.242238,3,-2,-118
1767174912.252238,6,1,-116
1767174912.2622385,7,0,-116
1767174912.2722385,3,-2,-118
1767174912.2822382,-1,-6,-120
1767174912.2922382,-4,-6,-121
1767174912.3022382,0,0,-118
1767174912.3122382,-3,-1,-115
1767174912.3222382,-8,0,-117
1767174912.3322382,-12,-1,-114
1767174912.3422382,-11,-1,-116
1767174912.3522382,-8,0,-113
1767174912.3622382,-6,-1,-115
1767174912.3722382,-5,1,-114
1767174912.382238,0,0,-121
1767174912.392238,1,-2,-127
1767174912.402238,1,0,-129
1767174912.412238,0,-3,-134
1767174912.422238,0,0,-128
1767174912.432238,-1,1,-127
1767174912.442238,0,0,-129
1767174912.452238,1,-1,-129
1767174912.462238,4,-5,-126
1767174912.472238,0,-7,-127
1767174912.482238,2,-5,-123
1767174912.492238,-1,-7,-128
1767174912.502238,-1,-12,-123
1767174912.5122385,2,-11,-131
1767174912.5222385,5,-10,-128
1767174912.5322382,2,-11,-124
1767174912.5422382,0,-8,-126
1767174912.5522382,4,-5,-121
1767174912.5622382,1,-4,-119
1767174912.5722382,0,-7,-122
1767174912.5822382,-7,-7,-125
1767174912.5922382,-10,-3,-122
1767174912.6022382,-2,-7,-125
1767174912.6122382,-2,-9,-127
1767174912.6222382,-4,-9,-118
1767174912.632238,-8,-6,-121
1767174912.642238,-10,-4,-126
1767174912.652238,-7,-6,-131
1767174912.662238,-5,-7,-131
1767174912.672238,-6,-6,-129
1767174912.682238,-3,-5,-125
1767174912.692238,-2,-7,-122
1767174912.702238,0,-6,-128
1767174912.712238,0,-5,-126
1767174912.722238,-1,-5,-122
1767174912.732238,-2,-5,-119
1767174912.742238,0,-8,-123
1767174912.752238,0,-7,-124
1767174912.7622385,7,-2,-122
1767174912.7722385,4,1,-122
1767174912.7822382,4,2,-121
1767174912.7922382,5,3,-113
1767174912.8022382,0,1,-113
1767174912.8122382,0,1,-112
1767174912.8222382,0,2,-111
1767174912.8322382,-2,0,-116
1767174912.8422382,2,3,-121
1767174912.8522382,4,4,-121
1767174912.8622382,-1,4,-119
1767174912.8722382,-1,4,-125
1767174912.882238,4,1,-129
1767174912.892238,3,-1,-135
1767174912.902238,1,-3,-131
1767174912.912238,1,-4,-124
1767174912.922238,1,-7,-115
1767174912.932238,-3,-3,-113
1767174912.942238,-1,-3,-117
1767174912.952238,0,0,-116
1767174912.962238,3,2,-122
1767174912.972238,2,1,-124
1767174912.982238,4,3,-123
1767174912.992238,1,5,-129
1767174913.002238,0,4,-133
1767174913.0122385,2,2,-130
1767174913.0222385,-1,0,-122
1767174913.0322382,-4,0,-122
1767174913.0422382,-7,2,-118
1767174913.0522382,-6,0,-119
1767174913.0622382,-5,-2,-118
1767174913.0722382,0,0,-119
1767174913.0822382,1,0,-119
1767174913.0922382,1,-3,-114
1767174913.1022382,0,-1,-115
1767174913.1122382,0,1,-113
1767174913.1222382,0,0,-112
1767174913.132238,1,1,-109
1767174913.142238,5,1,-111
1767174913.152238,2,0,-113
1767174913.162238,3,-3,-108
1767174913.172238,0,-7,-107
1767174913.182238,3,-4,-108
1767174913.192238,1,-5,-109
1767174913.202238,5,-3,-112
1767174913.212238,7,-3,-118
1767174913.222238,11,1,-114
1767174913.232238,6,2,-117
1767174913.242238,2,3,-119
1767174913.252238,0,0,-113
1767174913.2622385,-1,4,-110
1767174913.2722385,0,7,-115
1767174913.2822382,0,7,-119
1767174913.2922382,-1,1,-119
1767174913.3022382,2,-1,-119
1767174913.3122382,5,-2,-112
1767174913.3222382,3,-2,-107
1767174913.3322382,0,0,-102
1767174913.3422382,2,-3,-110
1767174913.3522382,4,0,-113
1767174913.3622382,2,0,-113
1767174913.3722382,2,0,-117
1767174913.382238,1,0,-116
1767174913.392238,0,-1,-120
1767174913.402238,-6,-3,-126
1767174913.412238,-5,-3,-131
1767174913.422238,-7,-1,-129
1767174913.432238,-6,1,-125
1767174913.442238,-7,3,-123
1767174913.452238,-6,0,-117
1767174913.462238,-6,-5,-116
1767174913.472238,-8,-2,-120
1767174913.482238,-3,-1,-121
1767174913.492238,-4,-5,-116
1767174913.502238,-1,-5,-116
1767174913.5122385,0,-3,-117
1767174913.5222385,0,-4,-120
1767174913.5322382,-3,-2,-118
1767174913.5422382,-3,-3,-122
1767174913.5522382,0,-4,-125
1767174913.5622382,1,-5,-126
1767174913.5722382,1,-3,-130
1767174913.5822382,-1,1,-132
1767174913.5922382,3,4,-132
1767174913.6022382,1,4,-130
1767174913.6122382,0,4,-130
1767174913.6222382,0,4,-131
1767174913.632238,-1,2,-128
1767174913.642238,-2,4,-127
1767174913.652238,0,2,-129
1767174913.662238,1,-1,-130
1767174913.672238,2,-5,-129
1767174913.682238,3,-1,-131
1767174913.692238,2,-4,-134
1767174913.702238,1,-4,-130
1767174913.712238,0,1,-125
1767174913.722238,0,0,-118
1767174913.732238,3,-2,-122
1767174913.742238,3,-3,-128
1767174913.752238,0,-4,-127
1767174913.7622385,1,-3,-119
1767174913.7722385,6,-6,-127
1767174913.7822382,6,-7,-127
1767174913.7922382,3,-6,-124
1767174913.8022382,0,-1,-117
1767174913.8122382,1,0,-115
1767174913.8222382,-1,1,-110
1767174913.8322382,-3,2,-112
1767174913.8422382,-2,4,-117
1767174913.8522382,-4,2,-122
1767174913.8622382,-6,5,-120
1767174913.8722382,-6,6,-127
1767174913.882238,-5,1,-121
1767174913.892238,-1,1,-121
1767174913.902238,1,1,-124
1767174913.912238,-1,2,-120
1767174913.922238,-5,-1,-123
1767174913.932238,-8,0,-125
1767174913.942238,-11,0,-121
1767174913.952238,-7,5,-125
1767174913.962238,-9,7,-126
1767174913.972238,-10,6,-125
1767174913.982238,-9,5,-128
1767174913.992238,-7,0,-125
1767174914.002238,-3,0,-123
1767174914.0122385,-4,0,-124
1767174914.0222385,-4,0,-120
1767174914.0322382,-1,0,-119
1767174914.0422382,1,-3,-125
1767174914.0522382,-5,-7,-128
1767174914.0622382,-2,-7,-127
1767174914.0722382,-1,-6,-125
1767174914.083238,2,-6,-121
1767174914.0922382,1,-7,-119
1767174914.103238,0,-4,-119
1767174914.1122382,-2,-2,-118
1767174914.123238,-7,-4,-117
1767174914.133238,-4,-1,-120
1767174914.143238,-1,-3,-123
1767174914.153238,-3,0,-128
1767174914.163238,-4,3,-124
1767174914.173238,-7,3,-121
1767174914.1832385,-1,0,-117
1767174914.1932385,1,-1,-122
1767174914.2032382,2,-4,-123
1767174914.2132382,-2,-2,-116
1767174914.2232382,1,-3,-121
1767174914.2332382,4,-3,-118
1767174914.2432382,2,-2,-120
1767174914.2532382,3,-4,-120
1767174914.2632382,2,-5,-116
1767174914.2732382,0,-2,-117
1767174914.2832382,-2,2,-119
1767174914.2932382,0,5,-126
1767174914.314238,0,6,-121
1767174914.323238,3,1,-112
1767174914.333238,5,2,-120
1767174914.343238,6,1,-120
1767174914.353238,5,-1,-120
1767174914.363238,3,-6,-124
1767174914.373238,0,-4,-119
1767174914.383238,0,-5,-123
1767174914.393238,-2,0,-122
1767174914.403238,0,-4,-118
1767174914.413238,1,-1,-124
1767174914.423238,2,-3,-123
1767174914.4332385,3,-6,-116
1767174914.4432385,-2,-7,-116
1767174914.4532382,-2,-6,-114
1767174914.4632382,0,-4,-114
1767174914.4732382,-1,-5,-116
1767174914.4832382,-1,-3,-119
1767174914.4932382,-5,-1,-118
1767174914.5032382,0,-4,-115
1767174914.5132382,6,-2,-115
1767174914.5232382,7,-2,-122
1767174914.5332382,7,0,-123
1767174914.5432382,6,3,-118
1767174914.5532382,7,5,-115
1767174914.563238,9,1,-116
1767174914.573238,10,3,-117
1767174914.583238,4,0,-118
1767174914.593238,2,3,-120
1767174914.603238,1,7,-120
1767174914.613238,-1,4,-126
1767174914.623238,-2,3,-130
1767174914.633238,-6,0,-124
1767174914.643238,-2,0,-122
1767174914.653238,-2,2,-113
1767174914.663238,0,2,-114
1767174914.673238,1,0,-118
1767174914.6832385,0,1,-120
1767174914.6932385,3,-5,-127
1767174914.7032382,5,1,-125
1767174914.7132382,4,3,-128
1767174914.7232382,2,1,-127
1767174914.7332382,2,2,-131
1767174914.7432382,1,3,-125
1767174914.7532382,-1,0,-122
1767174914.7632382,2,0,-118
1767174914.7732382,0,4,-112
1767174914.7832382,0,5,-110
1767174914.7932382,1,0,-115
1767174914.8032382,-2,-6,-112
1767174914.813238,-5,-2,-110
1767174914.823238,-6,1,-109
1767174914.833238,-2,0,-108
1767174914.843238,-6,1,-116
1767174914.853238,1,0,-117
1767174914.863238,1,-1,-125
1767174914.873238,-2,-6,-117
1767174914.883238,-1,-3,-117
1767174914.893238,-5,-4,-118
1767174914.903238,-1,0,-119
1767174914.913238,-2,-3,-118
1767174914.923238,-2,-1,-120
1767174914.9332385,-3,-6,-123
1767174914.9432385,-2,-6,-127
1767174914.9532382,-6,-7,-131
1767174914.9632382,-7,-9,-128
1767174914.9732382,-2,-6,-131
1767174914.9832382,-1,-5,-127
1767174914.9932382,-2,-6,-123
1767174915.0032382,-3,-9,-120
1767174915.0132382,-2,-7,-127
1767174915.0232382,4,-9,-130
1767174915.0332382,-1,-7,-124
1767174915.0432382,-2,-10,-125
1767174915.0532382,2,-5,-122
1767174915.063238,2,-2,-124
1767174915.073238,2,-1,-122
1767174915.083238,0,2,-123
1767174915.093238,-8,2,-126
1767174915.103238,-12,1,-119
1767174915.113238,-3,-1,-120
1767174915.123238,-2,-2,-120
1767174915.133238,-3,0,-119
1767174915.143238,-7,0,-121
1767174915.153238,-3,0,-121
1767174915.163238,-2,-1,-127
1767174915.173238,-3,-1,-132
1767174915.1832385,-2,-5,-134
1767174915.1932385,0,-3,-127
1767174915.2032382,2,-3,-133
1767174915.2132382,0,-7,-135
1767174915.2232382,-1,-3,-135
1767174915.2332382,0,1,-133
1767174915.2432382,-2,1,-134
1767174915.2532382,-2,3,-134
1767174915.2632382,-3,4,-130
1767174915.2732382,-6,0,-128
1767174915.2832382,-9,0,-137
1767174915.2932382,-7,0,-140
1767174915.3032382,-8,-1,-137
1767174915.313238,-5,-3,-132
1767174915.323238,-8,-6,-125
1767174915.333238,-5,-8,-123
1767174915.343238,-3,-8,-128
1767174915.353238,-5,-4,-129
1767174915.363238,-7,-4,-122
1767174915.373238,-3,0,-125
1767174915.383238,-2,1,-122
1767174915.393238,-4,0,-124
1767174915.403238,-6,1,-119
1767174915.413238,-5,2,-114
1767174915.423238,-6,-1,-121
1767174915.4332385,-5,1,-123
1767174915.4432385,-2,0,-124
1767174915.4532382,2,0,-121
1767174915.4632382,0,0,-116
1767174915.4732382,2,3,-113
1767174915.4832382,3,4,-120
1767174915.4932382,-1,7,-115
1767174915.5032382,-2,8,-114
1767174915.5132382,-4,9,-120
1767174915.5232382,-4,7,-120
1767174915.5332382,-2,8,-126
1767174915.5432382,-3,1,-131
1767174915.5532382,-8,-1,-135
1767174915.563238,-4,0,-130
1767174915.573238,-1,1,-126
1767174915.583238,-3,3,-129
1767174915.593238,2,3,-119
1767174915.603238,0,2,-118
1767174915.613238,0,2,-117
1767174915.623238,0,-1,-121
1767174915.633238,1,0,-118
1767174915.643238,-2,0,-119
1767174915.653238,1,4,-120
1767174915.663238,0,2,-119
1767174915.673238,-3,1,-115
1767174915.6832385,-4,0,-121
1767174915.6932385,-2,0,-124
1767174915.7032382,-2,0,-127
1767174915.7132382,-4,-3,-128
1767174915.7232382,-4,-2,-121
1767174915.7332382,0,0,-122
1767174915.7432382,2,1,-123
1767174915.7532382,-2,6,-129
1767174915.7632382,-1,3,-123
1767174915.7732382,-2,3,-124
1767174915.7832382,-5,1,-116
1767174915.7932382,0,1,-119
1767174915.8032382,1,0,-123
1767174915.813238,-1,3,-123
1767174915.823238,-3,5,-121
1767174915.833238,-8,4,-122
1767174915.843238,-9,0,-120
1767174915.853238,-10,-3,-120
1767174915.863238,-6,0,-120
1767174915.873238,-8,0,-115
1767174915.883238,-13,1,-127
1767174915.893238,-17,3,-125
1767174915.903238,-15,2,-133
1767174915.913238,-6,-5,-136
1767174915.923238,-4,-4,-128
1767174915.9332385,0,-4,-120
1767174915.9432385,-1,-6,-116
1767174915.9532382,1,-2,-112
1767174915.9632382,4,2,-109
1767174915.9732382,3,0,-109
1767174915.9832382,0,-1,-114
1767174915.9932382,-2,-1,-122
1767174916.0032382,-1,-1,-125
1767174916.0132382,-2,-4,-128
1767174916.0232382,2,-4,-120
1767174916.0332382,2,-2,-126
1767174916.0432382,0,-2,-124
1767174916.0532382,-2,0,-120
1767174916.063238,-8,-3,-124
1767174916.073238,-8,-2,-126
1767174916.083238,-7,-2,-132
1767174916.093238,-7,-1,-131
1767174916.103238,-2,-1,-137
1767174916.113238,-3,-2,-137
1767174916.123238,-4,1,-130
1767174916.133238,0,0,-124
1767174916.143238,0,-2,-117
1767174916.153238,6,-4,-121
1767174916.163238,3,-4,-122
1767174916.173238,5,-3,-126
1767174916.1832385,3,-1,-118
1767174916.1932385,0,1,-117
1767174916.2032382,0,0,-113
1767174916.2132382,0,-1,-117
1767174916.2232382,0,-1,-118
1767174916.2332382,-2,0,-120
1767174916.2432382,-1,-7,-120
1767174916.2532382,-6,-8,-117
1767174916.2632382,-4,-7,-121
1767174916.2732382,0,-3,-123
1767174916.2832382,-3,0,-128
1767174916.2932382,-2,-1,-125
1767174916.3032382,-6,0,-129
1767174916.313238,-4,0,-133
1767174916.323238,0,-2,-134
1767174916.333238,0,-5,-134
1767174916.343238,1,-2,-129
1767174916.353238,0,0,-124
1767174916.363238,-5,0,-124
1767174916.373238,-10,0,-121
1767174916.383238,-12,-4,-125
1767174916.393238,-13,-1,-129
1767174916.403238,-9,1,-133
1767174916.413238,-10,-2,-130
1767174916.423238,-4,-2,-127
1767174916.4332385,0,-2,-127
1767174916.4432385,0,-3,-125
1767174916.4532382,-1,-3,-121
1767174916.4632382,-3,-4,-122
1767174916.4732382,-8,-2,-125
1767174916.4832382,-6,-3,-125
1767174916.4932382,-8,-1,-116
1767174916.5032382,-5,0,-119
1767174916.5132382,-2,1,-119
1767174916.5232382,-4,4,-114
1767174916.5332382,1,1,-114
1767174916.5432382,0,1,-108
1767174916.5532382,3,1,-112
1767174916.563238,8,2,-118
1767174916.573238,8,3,-118
1767174916.583238,7,3,-116
1767174916.593238,9,7,-115
1767174916.603238,6,0,-115
1767174916.613238,2,-2,-121
1767174916.623238,1,-1,-128
1767174916.633238,0,2,-125
1767174916.643238,0,-1,-128
1767174916.653238,-3,-1,-129
1767174916.663238,-4,-3,-125
1767174916.673238,-6,-4,-124
1767174916.6832385,-3,-1,-123
1767174916.6932385,-1,-3,-125
1767174916.7032382,-2,-4,-123
1767174916.7132382,-1,-1,-125
1767174916.7232382,0,2,-126
1767174916.7332382,2,3,-127
1767174916.7432382,1,0,-119
1767174916.7532382,0,-2,-118
1767174916.764238,0,0,-118
1767174916.7732382,1,3,-119
1767174916.784238,4,0,-120
1767174916.794238,1,0,-118
1767174916.804238,0,1,-121
1767174916.814238,1,-1,-123
1767174916.824238,-1,-2,-117
1767174916.834238,0,-3,-122
1767174916.844238,0,0,-124
1767174916.8542385,-2,0,-121
1767174916.8642385,-5,-2,-118
1767174916.8742385,-6,0,-119
1767174916.8842382,-2,5,-117
1767174916.8942382,2,6,-114
1767174916.9042382,9,5,-116
1767174916.9142382,3,4,-118
1767174916.9242382,0,2,-118
1767174916.9342382,-1,0,-119
1767174916.9442382,-2,-4,-117
1767174916.9542382,-4,-1,-114
1767174916.9642382,-4,0,-115
1767174916.9742382,0,0,-116
1767174916.984238,0,-2,-120
1767174916.994238,0,0,-120
1767174917.004238,0,2,-121
1767174917.014238,0,3,-118
1767174917.024238,2,4,-119
1767174917.034238,2,2,-125
1767174917.044238,0,-1,-118
1767174917.054238,2,-2,-122
1767174917.064238,6,0,-124
1767174917.074238,8,-2,-129
1767174917.084238,7,-5,-124
1767174917.094238,3,-5,-122
1767174917.1042385,5,-4,-129
1767174917.1142385,6,-1,-132
1767174917.1242385,5,-2,-128
1767174917.1342382,1,-4,-123
1767174917.1442382,4,-4,-120
1767174917.1542382,0,-7,-117
1767174917.1642382,-3,-7,-124
1767174917.1742382,-3,-5,-128
1767174917.1842382,-1,-4,-126
1767174917.1942382,-1,-2,-121
1767174917.2042382,-3,-1,-115
1767174917.2142382,-3,0,-116
1767174917.2242382,-4,-2,-117
1767174917.234238,-4,-6,-120
1767174917.244238,-7,-2,-121
1767174917.254238,-8,0,-119
1767174917.264238,-3,0,-120
1767174917.274238,-5,-3,-118
1767174917.284238,-5,1,-115
1767174917.294238,-5,3,-120
1767174917.304238,-3,1,-124
1767174917.314238,-1,2,-126
1767174917.324238,-2,4,-130
1767174917.334238,-1,1,-128
1767174917.344238,-2,0,-126
1767174917.3542385,-3,-1,-122
1767174917.3642385,-3,-2,-119
1767174917.3742385,-2,-7,-119
1767174917.3842382,0,-7,-119
1767174917.3942382,-4,-4,-116
1767174917.4042382,-5,-5,-127
1767174917.4142382,-3,-5,-124
1767174917.4242382,-1,-1,-124
1767174917.4342382,-3,5,-121
1767174917.4442382,-2,4,-118
1767174917.4542382,-2,6,-121
1767174917.4642382,-2,3,-116
1767174917.4742382,1,-1,-112
1767174917.484238,-4,-1,-118
1767174917.494238,-4,0,-119
1767174917.504238,-2,0,-116
1767174917.514238,-3,0,-119
1767174917.524238,-1,1,-116
1767174917.534238,0,5,-118
1767174917.544238,-4,-1,-121
1767174917.554238,0,0,-117
1767174917.564238,-1,-3,-120
1767174917.574238,0,-2,-120
1767174917.584238,-3,-2,-123
1767174917.594238,-3,1,-122
1767174917.6042385,-3,-2,-124
1767174917.6142385,-1,-3,-125
1767174917.6242385,2,-4,-128
1767174917.6342382,5,-3,-124
1767174917.6442382,2,-5,-127
1767174917.6542382,3,-2,-123
1767174917.6642382,1,-1,-121
1767174917.6742382,2,-3,-112
1767174917.6842382,1,-2,-119
1767174917.6942382,0,0,-117
1767174917.7042382,5,-1,-121
1767174917.7142382,5,0,-122
1767174917.7242382,2,1,-121
1767174917.734238,-3,-1,-116
1767174917.744238,2,1,-115
1767174917.754238,6,3,-121
1767174917.764238,3,1,-126
1767174917.774238,0,0,-130
1767174917.784238,3,-3,-135
1767174917.794238,0,-4,-133
1767174917.804238,0,-8,-125
1767174917.814238,0,-7,-122
1767174917.824238,0,-6,-119
1767174917.834238,-1,-4,-108
1767174917.844238,0,-3,-111
1767174917.8542385,1,1,-117
1767174917.8642385,0,0,-126
1767174917.8742385,2,0,-122
1767174917.8842382,5,-2,-119
1767174917.8942382,5,0,-117
1767174917.9042382,5,0,-118
1767174917.9142382,5,0,-122
1767174917.9242382,4,0,-120
1767174917.9342382,0,-4,-116
1767174917.9442382,0,-7,-117
1767174917.9542382,6,-7,-118
1767174917.9642382,3,-6,-115
1767174917.9742382,3,-6,-115
1767174917.984238,3,-9,-118
1767174917.994238,2,-8,-112
1767174918.004238,3,-7,-123
1767174918.014238,0,-5,-128
1767174918.024238,-3,0,-125
1767174918.034238,-5,-1,-131
1767174918.044238,-4,-5,-129
1767174918.054238,-2,-6,-129
1767174918.064238,1,-4,-124
1767174918.074238,3,-7,-125
1767174918.084238,12,-7,-125
1767174918.094238,7,-9,-120
1767174918.1042385,5,-5,-120
1767174918.1142385,3,-3,-121
1767174918.1242385,5,-1,-117
1767174918.1342382,2,-2,-115
1767174918.1442382,0,-2,-115
1767174918.1542382,-2,0,-123
1767174918.1642382,-5,0,-119
1767174918.1742382,-3,0,-120
1767174918.1842382,-7,-2,-118
1767174918.1942382,-6,-4,-114
1767174918.2042382,-4,0,-122
1767174918.2142382,-6,0,-125
1767174918.2242382,-2,2,-125
1767174918.234238,0,0,-123
1767174918.244238,3,0,-123
1767174918.254238,0,2,-120
1767174918.264238,5,3,-117
1767174918.274238,3,-3,-117
1767174918.284238,-2,-8,-115
1767174918.294238,-1,-10,-115
1767174918.304238,0,-6,-119
1767174918.314238,2,-3,-109
1767174918.324238,2,0,-104
1767174918.334238,0,-1,-108
1767174918.344238,-1,-3,-103
1767174918.3542385,-4,-3,-98
1767174918.3642385,-4,0,-100
1767174918.3742385,2,-3,-106
1767174918.3842382,2,-4,-112
1767174918.3942382,0,-6,-110
1767174918.4042382,-1,-6,-109
1767174918.4142382,2,-7,-111
1767174918.4242382,6,-6,-119
1767174918.4342382,3,-8,-121
1767174918.4442382,1,-3,-128
1767174918.4542382,0,-6,-126
1767174918.4642382,0,-10,-120
1767174918.4742382,0,-3,-123
1767174918.484238,-3,0,-119
1767174918.494238,-2,0,-119
1767174918.504238,-2,1,-117
1767174918.514238,-3,1,-112
1767174918.524238,-5,0,-113
1767174918.534238,-7,-3,-116
1767174918.544238,-7,-3,-112
1767174918.554238,-6,-3,-112
1767174918.564238,-4,-1,-115
1767174918.574238,-7,-2,-113
1767174918.584238,-4,-1,-116
1767174918.594238,-3,2,-113
1767174918.6042385,3,1,-118
1767174918.6142385,3,1,-120
1767174918.6242385,4,0,-123
1767174918.6342382,4,-4,-117
1767174918.6442382,-5,-5,-118
1767174918.6542382,-9,-5,-117
1767174918.6642382,-6,-2,-119
1767174918.6742382,-4,-3,-119
1767174918.6842382,-6,-1,-123
1767174918.6942382,-8,0,-124
1767174918.7042382,-7,-2,-125
1767174918.7142382,-4,0,-122
1767174918.7242382,-3,3,-124
1767174918.734238,0,1,-121
1767174918.744238,1,3,-117
1767174918.754238,6,3,-115
1767174918.764238,9,4,-117
1767174918.774238,6,0,-123
1767174918.784238,6,1,-126
1767174918.794238,2,1,-132
1767174918.804238,6,0,-134
1767174918.814238,9,-2,-130
1767174918.824238,8,-2,-127
1767174918.834238,5,0,-127
1767174918.844238,4,1,-119
1767174918.8542385,0,4,-113
1767174918.8642385,0,3,-116
1767174918.8742385,8,3,-117
1767174918.8842382,9,2,-120
1767174918.8942382,3,3,-121
1767174918.9042382,2,4,-126
1767174918.9142382,0,-1,-129
1767174918.9242382,0,-5,-130
1767174918.9342382,1,-5,-134
1767174918.9442382,0,-5,-127
1767174918.9542382,-4,-7,-130
1767174918.9642382,-1,-3,-128
1767174918.9742382,0,-1,-125
1767174918.984238,-1,0,-120
1767174918.994238,-1,-2,-123
1767174919.004238,0,-1,-128
1767174919.014238,0,0,-120
1767174919.024238,-2,-1,-122
1767174919.034238,0,-2,-123
1767174919.044238,0,2,-123
1767174919.054238,-2,0,-127
1767174919.064238,-2,0,-124
1767174919.074238,-2,3,-120
1767174919.084238,-1,0,-124
1767174919.094238,-1,1,-124
1767174919.1042385,0,0,-124
1767174919.1142385,1,4,-127
1767174919.1242385,3,4,-125
1767174919.1342382,1,5,-124
1767174919.1442382,0,0,-120
1767174919.1542382,0,-3,-120
1767174919.1642382,0,-1,-117
1767174919.1742382,3,0,-116
1767174919.1842382,4,1,-118
1767174919.1942382,3,4,-117
1767174919.2042382,2,1,-121
1767174919.215238,3,-1,-120
1767174919.2242382,0,0,-119
1767174919.234238,3,0,-124
1767174919.244238,4,1,-125
1767174919.254238,4,-1,-129
1767174919.264238,6,-1,-133
1767174919.274238,5,0,-130
1767174919.284238,5,1,-130
1767174919.294238,2,5,-129
1767174919.304238,0,3,-129
1767174919.3262382,-5,-1,-127
1767174919.334238,0,-3,-124
1767174919.344238,-4,-4,-124
1767174919.3542385,-3,-4,-122
1767174919.3642385,-4,-9,-124
1767174919.3742385,-7,-5,-120
1767174919.3852382,-2,-6,-123
1767174919.3942382,-1,-6,-121
1767174919.4042382,-4,-1,-121
1767174919.4142382,-1,0,-118
1767174919.425238,-1,-5,-116
1767174919.4342382,-4,-5,-120
1767174919.445238,-6,-6,-122
1767174919.455238,-1,-3,-123
1767174919.465238,2,-1,-123
1767174919.475238,0,0,-126
1767174919.485238,-1,0,-122
1767174919.495238,-1,-4,-125
1767174919.505238,0,-3,-117
1767174919.515238,-1,-3,-110
1767174919.525238,0,-2,-113
1767174919.5352385,0,-2,-109
1767174919.5452385,-2,-2,-115
1767174919.5552382,3,-1,-113
1767174919.5652382,3,0,-107
1767174919.5752382,4,0,-115
1767174919.5852382,1,-2,-119
1767174919.5952382,1,0,-120
1767174919.6052382,0,3,-120
1767174919.6152382,-2,0,-119
1767174919.6252382,-3,0,-119
1767174919.6352382,-1,-3,-119
1767174919.6452382,-4,-3,-119
1767174919.6552382,-5,1,-115
1767174919.665238,-3,0,-114
1767174919.675238,-2,2,-119
1767174919.685238,-2,4,-122
1767174919.695238,-8,2,-118
1767174919.705238,-4,6,-120
1767174919.715238,-2,3,-120
1767174919.725238,-1,1,-124
1767174919.735238,0,0,-127
1767174919.745238,0,0,-135
1767174919.755238,-1,-5,-127
1767174919.765238,1,-3,-122
1767174919.775238,2,-3,-124
1767174919.7852385,1,-3,-120
1767174919.7952385,3,-1,-111
1767174919.8052382,2,-4,-109
1767174919.8152382,0,-5,-107
1767174919.8252382,0,-5,-107
1767174919.8352382,6,-7,-105
1767174919.8452382,2,-6,-114
1767174919.8552382,0,-5,-118
1767174919.8652382,-2,-5,-117
1767174919.8752382,-4,-2,-117
1767174919.8852382,-3,-2,-118
1767174919.8952382,-3,-2,-119
1767174919.9052382,0,-4,-120
1767174919.915238,0,-3,-119
1767174919.925238,0,1,-119
1767174919.935238,1,1,-118
1767174919.945238,0,0,-115
1767174919.955238,-1,-3,-113
1767174919.965238,-3,1,-114
1767174919.975238,-5,1,-117
1767174919.985238,-3,3,-117
1767174919.995238,-5,0,-116
1767174920.005238,-7,-3,-113
1767174920.015238,-7,-5,-121
1767174920.025238,-5,-4,-126
1767174920.0352385,-2,0,-127
1767174920.0452385,-3,0,-115
1767174920.0552382,-6,-2,-108
1767174920.0652382,-10,0,-112
1767174920.0752382,-9,-1,-117
1767174920.0852382,-10,-6,-123
1767174920.0952382,-5,-5,-125
1767174920.1052382,0,-1,-128
1767174920.1152382,2,-1,-121
1767174920.1252382,2,-3,-116
1767174920.1352382,0,-5,-120
1767174920.1452382,2,-4,-122
1767174920.1552382,0,-6,-124
1767174920.165238,0,-9,-118
1767174920.175238,-1,-9,-117
1767174920.185238,-2,-6,-117
1767174920.195238,0,-8,-120
1767174920.205238,-1,-12,-121
1767174920.215238,-3,-14,-118
1767174920.225238,-6,-13,-117
1767174920.235238,-5,-14,-117
1767174920.245238,1,-12,-119
1767174920.255238,2,-10,-121
1767174920.265238,3,-10,-124
1767174920.275238,0,-5,-119
1767174920.2852385,3,-6,-113
1767174920.2952385,3,-5,-112
1767174920.3052382,0,-3,-114
1767174920.3152382,0,-6,-115
1767174920.3252382,-5,-4,-115
1767174920.3352382,-6,-4,-117
1767174920.3452382,-5,-2,-120
1767174920.3552382,-6,-1,-118
1767174920.3652382,-5,-5,-120
1767174920.3752382,-1,-3,-121
1767174920.3852382,4,-2,-118
1767174920.3952382,4,-2,-113
1767174920.4052382,3,-6,-117
1767174920.415238,4,-5,-119
1767174920.425238,3,-4,-116
1767174920.435238,0,-3,-114
1767174920.445238,0,-2,-115
1767174920.455238,2,-2,-117
1767174920.465238,-2,-1,-122
1767174920.475238,-4,-4,-117
1767174920.485238,-3,-4,-107
1767174920.495238,0,-2,-105
1767174920.505238,1,0,-113
1767174920.515238,3,2,-113
1767174920.525238,0,3,-114
1767174920.5352385,0,0,-118
1767174920.5452385,-2,0,-117
1767174920.5552382,-4,1,-113
1767174920.5652382,-3,3,-115
1767174920.5752382,-4,-2,-117
1767174920.5852382,-3,-6,-113
1767174920.5952382,-2,-4,-118
1767174920.6052382,-4,-7,-123
1767174920.6152382,-6,-7,-125
1767174920.6252382,-3,-7,-115
1767174920.6352382,1,-5,-120
1767174920.6452382,0,-3,-123
1767174920.6552382,0,-5,-125
1767174920.665238,-1,-2,-119
1767174920.675238,-6,-4,-123
1767174920.685238,-6,0,-124
1767174920.695238,-3,0,-117
1767174920.705238,-4,4,-116
1767174920.715238,-3,2,-122
1767174920.725238,0,0,-121
1767174920.735238,0,-5,-121
1767174920.745238,3,-4,-117
1767174920.755238,8,-3,-121
1767174920.765238,12,-5,-116
1767174920.775238,10,-4,-120
1767174920.7852385,6,-5,-120
1767174920.7952385,1,-2,-121
1767174920.8052382,-2,0,-124
1767174920.8152382,-1,-4,-128
1767174920.8252382,0,-5,-132
1767174920.8352382,1,-7,-125
1767174920.8452382,4,-5,-121
1767174920.8552382,3,-7,-123
1767174920.8652382,0,-3,-119
1767174920.8752382,0,-4,-120
1767174920.8852382,2,0,-122
1767174920.8952382,3,0,-119
1767174920.9052382,0,0,-117
1767174920.915238,1,-1,-115
1767174920.925238,2,-1,-116
1767174920.935238,-2,0,-112
1767174920.945238,1,-3,-121
1767174920.955238,6,-6,-130
1767174920.965238,6,-8,-134
1767174920.975238,5,-6,-132
1767174920.985238,2,-4,-130
1767174920.995238,4,-7,-135
1767174921.005238,-1,-9,-126
1767174921.015238,0,-6,-121
1767174921.025238,2,-5,-123
1767174921.0352385,3,-4,-126
1767174921.0452385,4,-1,-131
1767174921.0552382,2,0,-132
1767174921.0652382,0,1,-135
1767174921.0752382,2,2,-132
1767174921.0852382,0,2,-126
1767174921.0952382,3,-3,-128
1767174921.1052382,2,-3,-131
1767174921.1152382,0,-2,-130
1767174921.1252382,0,-6,-128
1767174921.1352382,0,-5,-127
1767174921.1452382,0,-3,-133
1767174921.1552382,0,0,-141
1767174921.165238,0,-1,-142
1767174921.175238,0,-5,-140
1767174921.185238,0,0,-138
1767174921.195238,4,2,-143
1767174921.205238,3,1,-135
1767174921.215238,1,0,-135
1767174921.225238,0,-1,-133
1767174921.235238,0,-3,-131
1767174921.245238,-1,1,-126
1767174921.255238,1,1,-129
1767174921.265238,0,5,-130
1767174921.275238,-5,5,-123
1767174921.2852385,-1,3,-122
1767174921.2952385,0,0,-125
1767174921.3052382,1,0,-126
1767174921.3152382,2,1,-121
1767174921.3252382,3,3,-127
1767174921.3352382,3,5,-128
1767174921.3452382,1,5,-130
1767174921.3552382,1,5,-135
1767174921.3652382,2,3,-131
1767174921.3752382,-2,1,-127
1767174921.3852382,-4,-2,-127
1767174921.3952382,0,-3,-125
1767174921.4052382,1,-6,-133
1767174921.415238,-3,-6,-126
1767174921.425238,-5,-6,-133
1767174921.435238,-5,-4,-127
1767174921.445238,0,-5,-122
1767174921.455238,5,-3,-121
1767174921.465238,7,-3,-128
1767174921.475238,5,-4,-131
1767174921.485238,9,-3,-125
1767174921.495238,10,-2,-127
1767174921.505238,7,-4,-126
1767174921.515238,4,-4,-121
1767174921.525238,5,-4,-119
1767174921.5352385,5,-1,-117
1767174921.5452385,3,1,-112
1767174921.5552382,4,2,-110
1767174921.5652382,3,0,-106
1767174921.5752382,2,6,-108
1767174921.5852382,1,3,-113
1767174921.5952382,5,1,-114
1767174921.6052382,6,0,-112
1767174921.6152382,6,2,-115
1767174921.6252382,9,2,-114
1767174921.6352382,4,0,-115
1767174921.6452382,2,-4,-113
1767174921.6552382,1,-1,-109
1767174921.665238,0,0,-114
1767174921.675238,-1,2,-116
1767174921.685238,-1,0,-123
1767174921.695238,-2,3,-122
1767174921.705238,0,1,-125
1767174921.715238,2,-1,-119
1767174921.725238,3,-2,-118
1767174921.735238,3,-2,-120
1767174921.745238,3,0,-114
1767174921.755238,3,0,-109
1767174921.765238,7,-2,-113
1767174921.775238,8,0,-116
1767174921.7852385,12,-1,-115
1767174921.7952385,6,-3,-119
1767174921.8052382,10,-7,-121
1767174921.8152382,7,-8,-121
1767174921.8252382,5,-5,-118
1767174921.8352382,7,0,-117
1767174921.8452382,7,0,-122
1767174921.8552382,7,0,-118
1767174921.8652382,3,3,-117
1767174921.8752382,5,0,-117
1767174921.8852382,2,-2,-111
1767174921.8952382,2,-3,-114
1767174921.9052382,-2,-8,-109
1767174921.915238,0,-7,-110
1767174921.925238,0,-5,-104
1767174921.935238,2,-1,-106
1767174921.945238,0,0,-110
1767174921.955238,0,1,-116
1767174921.965238,2,4,-112
1767174921.975238,1,5,-111
1767174921.985238,-2,5,-113
1767174921.995238,0,6,-116
1767174922.005238,5,4,-125
1767174922.015238,5,4,-128
1767174922.025238,2,2,-122
1767174922.0352385,0,0,-121
1767174922.0452385,4,-1,-127
1767174922.0552382,3,-3,-122
1767174922.0652382,4,-2,-119
1767174922.0762382,1,-2,-120
1767174922.086238,4,-3,-120
1767174922.096238,1,0,-121
1767174922.106238,3,3,-122
1767174922.116238,4,5,-123
1767174922.126238,2,5,-127
1767174922.136238,0,4,-121
1767174922.146238,-3,1,-121
1767174922.156238,-2,4,-120
1767174922.166238,-4,5,-116
1767174922.176238,-2,0,-118
1767174922.186238,0,-1,-114
1767174922.196238,3,-1,-116
1767174922.2062385,1,0,-119
1767174922.2162385,0,0,-118
1767174922.2262385,-5,0,-113
1767174922.2362382,-6,1,-119
1767174922.2462382,-3,8,-125
1767174922.2562382,-3,5,-128
1767174922.2662382,5,3,-125
1767174922.2762382,6,2,-120
1767174922.2862382,4,2,-124
1767174922.2962382,3,2,-122
1767174922.3062382,0,1,-123
1767174922.3162382,-2,-1,-124
1767174922.3262382,-4,-5,-125
1767174922.336238,-4,-1,-127
1767174922.346238,-4,-5,-127
1767174922.356238,-1,-3,-128
1767174922.366238,5,-4,-128
1767174922.376238,1,-3,-127
1767174922.386238,0,-6,-130
1767174922.396238,2,-3,-129
1767174922.406238,7,-4,-134
1767174922.416238,11,-6,-125
1767174922.426238,7,-7,-123
1767174922.436238,4,-3,-126
1767174922.446238,5,0,-129
1767174922.4562385,1,-2,-132
1767174922.4662385,-4,-3,-124
1767174922.4762385,-4,-2,-123
1767174922.4862382,-2,0,-127
1767174922.4962382,-8,-3,-122
1767174922.5062382,-11,-2,-116
1767174922.5162382,-11,-5,-116
1767174922.5262382,-10,-3,-115
1767174922.5362382,-8,0,-121
1767174922.5462382,-8,-3,-123
1767174922.5562382,-9,-5,-122
1767174922.5662382,-10,-3,-126
1767174922.5762382,-7,-3,-127
1767174922.586238,-5,0,-126
1767174922.596238,-6,0,-126
1767174922.606238,-6,0,-120
1767174922.616238,-2,2,-121
1767174922.626238,1,1,-118
1767174922.636238,2,2,-125
1767174922.646238,2,4,-132
1767174922.656238,1,2,-128
1767174922.666238,1,0,-136
1767174922.676238,0,3,-130
1767174922.686238,-1,3,-129
1767174922.696238,-3,0,-123
1767174922.7062385,0,-2,-119
1767174922.7162385,0,-3,-125
1767174922.7262385,2,-4,-124
1767174922.7362382,4,-4,-127
1767174922.7462382,5,-1,-127
1767174922.7562382,3,2,-123
1767174922.7662382,1,4,-129
1767174922.7762382,0,1,-119
1767174922.7862382,-10,0,-115
1767174922.7962382,-7,0,-118
1767174922.8062382,-4,0,-117
1767174922.8162382,0,-2,-119
1767174922.8262382,-3,-3,-123
1767174922.836238,0,3,-115
1767174922.846238,4,3,-110
1767174922.856238,5,4,-111
1767174922.866238,11,0,-116
1767174922.876238,5,-1,-113
1767174922.886238,3,0,-117
1767174922.896238,3,0,-120
1767174922.906238,2,0,-128
1767174922.916238,2,0,-128
1767174922.926238,3,-2,-124
1767174922.936238,1,-4,-126
1767174922.946238,0,-4,-130
1767174922.9562385,-4,-4,-127
1767174922.9662385,-5,-2,-120
1767174922.9762385,-5,1,-117
1767174922.9862382,-3,0,-119
1767174922.9962382,-2,4,-114
1767174923.0062382,-1,5,-111
1767174923.0162382,0,3,-111
1767174923.0262382,1,2,-118
1767174923.0362382,0,1,-116
1767174923.0462382,0,4,-126
1767174923.0562382,-2,4,-121
1767174923.0662382,0,3,-117
1767174923.0762382,0,1,-118
1767174923.086238,1,1,-119
1767174923.096238,-5,-1,-126
1767174923.106238,-1,-1,-129
1767174923.116238,1,0,-128
1767174923.126238,0,0,-127
1767174923.136238,2,1,-125
1767174923.146238,1,0,-123
1767174923.156238,1,0,-123
1767174923.166238,1,1,-123
1767174923.176238,-1,0,-123
1767174923.186238,-2,-1,-129
1767174923.196238,-6,-1,-131
1767174923.2062385,-3,0,-130
1767174923.2162385,-1,-1,-127
1767174923.2262385,0,0,-127
1767174923.2362382,-2,0,-128
1767174923.2462382,-3,0,-130
1767174923.2562382,-3,0,-126
1767174923.2662382,-1,0,-126
1767174923.2762382,-1,1,-125
1767174923.2862382,-1,0,-127
1767174923.2962382,-2,1,-123
1767174923.3062382,-2,-4,-120
1767174923.3162382,1,-3,-130
1767174923.3262382,0,0,-127
1767174923.336238,-2,0,-123
1767174923.346238,-4,-1,-127
1767174923.356238,1,-6,-123
1767174923.366238,2,-3,-123
1767174923.376238,2,3,-123
1767174923.386238,-2,0,-127
1767174923.396238,-2,1,-125
1767174923.406238,-3,0,-128
1767174923.416238,-3,-2,-128
1767174923.426238,-4,-3,-127
1767174923.436238,-4,-2,-127
1767174923.446238,-6,1,-124
1767174923.4562385,-3,0,-129
1767174923.4662385,0,4,-128
1767174923.4762385,0,1,-125
1767174923.4862382,0,2,-123
1767174923.4962382,2,6,-123
1767174923.5062382,3,6,-123
1767174923.5162382,2,5,-122
1767174923.5262382,1,0,-119
1767174923.5362382,-1,4,-127
1767174923.5462382,-2,0,-130
1767174923.5562382,-1,-3,-129
1767174923.5662382,-6,-1,-135
1767174923.5762382,-5,-3,-132
1767174923.586238,-6,-1,-132
1767174923.596238,-4,-2,-134
1767174923.606238,-2,0,-133
1767174923.616238,-2,0,-121
1767174923.626238,-7,0,-116
1767174923.636238,-4,1,-117
1767174923.646238,-2,0,-117
1767174923.656238,0,-1,-117
1767174923.666238,2,-4,-119
1767174923.676238,1,-2,-120
1767174923.686238,3,2,-118
1767174923.696238,3,-2,-123
1767174923.7062385,3,-3,-119
1767174923.7162385,6,-6,-119
1767174923.7262385,4,-9,-118
1767174923.7362382,2,-10,-120
1767174923.7462382,9,-2,-116
1767174923.7562382,13,-1,-118
1767174923.7662382,8,-1,-123
1767174923.7762382,10,3,-122
1767174923.7862382,12,4,-123
1767174923.7962382,11,6,-121
1767174923.8062382,6,4,-119
1767174923.8162382,9,0,-112
1767174923.8262382,6,0,-111
1767174923.836238,4,2,-109
1767174923.846238,6,4,-112
1767174923.856238,4,3,-109
1767174923.866238,4,1,-105
1767174923.876238,5,0,-105
1767174923.886238,5,-3,-108
1767174923.896238,-1,-4,-111
1767174923.906238,-2,-2,-109
1767174923.916238,0,0,-111
1767174923.926238,0,-1,-116
1767174923.936238,0,-2,-116
1767174923.946238,0,-2,-113
1767174923.9562385,2,-3,-116
1767174923.9662385,-2,2,-114
1767174923.9762385,-4,-1,-122
1767174923.9862382,-1,-6,-125
1767174923.9962382,-1,-5,-125
1767174924.0062382,0,-5,-129
1767174924.0162382,-5,-7,-133
1767174924.0262382,-1,-7,-127
1767174924.0362382,-3,-4,-121
1767174924.0462382,-4,-5,-121
1767174924.0562382,-4,-4,-115
1767174924.0662382,-5,-5,-109
1767174924.0762382,-2,-4,-115
1767174924.086238,0,-2,-117
1767174924.096238,-1,2,-122
1767174924.106238,-3,0,-125
1767174924.116238,-5,-2,-120
1767174924.126238,-6,-1,-116
1767174924.136238,-6,-2,-122
1767174924.146238,-5,3,-123
1767174924.156238,-1,6,-121
1767174924.166238,2,6,-124
1767174924.176238,0,3,-130
1767174924.186238,3,0,-126
1767174924.196238,3,0,-124
1767174924.2062385,4,-2,-126
1767174924.2162385,0,-4,-123
1767174924.2262385,0,-5,-124
1767174924.2362382,-3,-2,-124
1767174924.2462382,-9,-1,-123
1767174924.2562382,-6,-2,-117
1767174924.2662382,-4,-2,-114
1767174924.2762382,-1,1,-118
1767174924.2862382,0,4,-125
1767174924.2962382,-3,-4,-121
1767174924.3062382,-4,-8,-125
1767174924.3162382,-8,-9,-126
1767174924.337238,-8,-5,-129
1767174924.346238,-5,-3,-129
1767174924.356238,-6,0,-125
1767174924.366238,-4,0,-119
1767174924.376238,-3,0,-118
1767174924.386238,-2,-3,-119
1767174924.396238,0,0,-123
1767174924.406238,-1,5,-116
1767174924.416238,-8,8,-115
1767174924.426238,-7,7,-121
1767174924.436238,2,4,-124
1767174924.446238,3,5,-118
1767174924.4562385,8,3,-115
1767174924.4662385,9,0,-117
1767174924.4762385,6,-2,-113
1767174924.4862382,8,-5,-119
1767174924.4962382,10,-6,-113
1767174924.5062382,7,-4,-114
1767174924.5162382,9,0,-114
1767174924.5262382,7,-2,-113
1767174924.5362382,6,-1,-117
1767174924.5462382,3,-4,-118
1767174924.5562382,4,-6,-122
1767174924.5662382,2,-6,-118
1767174924.5762382,0,-8,-121
1767174924.586238,2,-7,-126
1767174924.596238,2,-8,-127
1767174924.606238,3,-8,-126
1767174924.616238,1,-4,-117
1767174924.626238,0,-6,-111
1767174924.636238,3,-7,-113
1767174924.646238,3,-5,-113
1767174924.656238,1,-1,-111
1767174924.666238,0,1,-114
1767174924.676238,2,0,-118
1767174924.686238,3,1,-119
1767174924.696238,1,5,-122
1767174924.7072382,-5,7,-119
1767174924.7162385,-6,9,-120
1767174924.7262385,-6,5,-120
1767174924.7372382,-4,1,-123
1767174924.7472382,0,0,-124
1767174924.757238,1,-1,-122
1767174924.767238,8,-2,-121
1767174924.777238,10,0,-114
1767174924.787238,10,0,-112
1767174924.797238,5,2,-111
1767174924.807238,1,2,-110
1767174924.817238,0,-2,-110
1767174924.827238,-1,-4,-111
1767174924.837238,-1,-1,-120
1767174924.847238,-1,-1,-126
1767174924.857238,-3,0,-128
1767174924.867238,-5,-2,-128
1767174924.877238,-5,2,-126
1767174924.8872385,-2,2,-129
1767174924.8972385,-1,4,-126
1767174924.9072382,0,5,-133
1767174924.9172382,-3,4,-136
1767174924.9272382,-8,0,-135
1767174924.9372382,-5,2,-134
1767174924.9472382,-9,3,-136
1767174924.9572382,-8,-1,-134
1767174924.9672382,-2,-4,-130
1767174924.9772382,-3,-3,-128
1767174924.9872382,-3,-3,-128
1767174924.9972382,0,-3,-127
1767174925.007238,-6,-1,-122
1767174925.017238,-5,-4,-126
1767174925.027238,-7,-4,-120
1767174925.037238,-7,-4,-121
1767174925.047238,-4,-5,-121
1767174925.057238,-7,-4,-126
1767174925.067238,-2,-3,-124
1767174925.077238,0,1,-124
1767174925.087238,2,5,-127
1767174925.097238,-1,4,-126
1767174925.107238,0,0,-121
1767174925.117238,0,3,-116
1767174925.127238,1,2,-120
1767174925.1372385,-3,0,-122
1767174925.1472385,0,3,-124
1767174925.1572382,0,2,-126
1767174925.1672382,0,1,-122
1767174925.1772382,-2,0,-125
1767174925.1872382,-4,-3,-121
1767174925.1972382,0,-4,-123
1767174925.2072382,3,-6,-122
1767174925.2172382,4,-7,-124
1767174925.2272382,8,-2,-132
1767174925.2372382,7,-3,-136
1767174925.2472382,5,-3,-129
1767174925.257238,3,-1,-120
1767174925.267238,4,-2,-122
1767174925.277238,1,-4,-120
1767174925.287238,0,-9,-121
1767174925.297238,0,-10,-121
1767174925.307238,-4,-8,-127
1767174925.317238,-3,-8,-128
1767174925.327238,2,-8,-124
1767174925.337238,3,-7,-127
1767174925.347238,0,-3,-131
1767174925.357238,0,-2,-129
1767174925.367238,-5,-6,-130
1767174925.377238,-2,-6,-126
1767174925.3872385,-4,-7,-126
1767174925.3972385,-3,-6,-125
1767174925.4072382,-3,-7,-124
1767174925.4172382,-1,-5,-118
1767174925.4272382,-5,-10,-114
1767174925.4372382,-4,-10,-109
1767174925.4472382,0,-9,-111
1767174925.4572382,-3,-6,-111
1767174925.4672382,-1,-5,-113
1767174925.4772382,1,-3,-119
1767174925.4872382,0,-1,-120
1767174925.4972382,0,1,-122
1767174925.507238,0,6,-120
1767174925.517238,0,4,-125
1767174925.527238,2,2,-127
1767174925.537238,5,0,-127
1767174925.547238,5,-2,-127
1767174925.557238,5,-2,-115
1767174925.567238,4,-3,-115
1767174925.577238,6,-7,-119
1767174925.587238,5,-3,-127
1767174925.597238,3,-5,-125
1767174925.607238,2,-2,-124
1767174925.617238,0,-1,-124
1767174925.627238,2,-8,-119
1767174925.6372385,1,-11,-123
1767174925.6472385,1,-10,-123
1767174925.6572382,1,-5,-117
1767174925.6672382,0,-5,-112
1767174925.6772382,-2,-3,-112
1767174925.6872382,-1,-4,-115
1767174925.6972382,-2,-3,-115
1767174925.7072382,0,-1,-119
1767174925.7172382,5,0,-123
1767174925.7272382,5,2,-122
1767174925.7372382,4,5,-123
1767174925.7472382,1,3,-122
1767174925.757238,0,2,-123
1767174925.767238,-3,1,-124
1767174925.777238,-2,0,-127
1767174925.787238,-2,-4,-124
1767174925.797238,-2,-2,-116
1767174925.807238,-1,0,-113
1767174925.817238,-4,0,-116
1767174925.827238,-6,-1,-114
1767174925.837238,-9,-2,-109
1767174925.847238,-8,-4,-111
1767174925.857238,-2,0,-113
1767174925.867238,0,2,-113
1767174925.877238,1,3,-107
1767174925.8872385,3,0,-112
1767174925.8972385,3,-6,-119
1767174925.9072382,9,-9,-118
1767174925.9172382,6,-6,-119
1767174925.9272382,4,-7,-121
1767174925.9372382,0,-6,-129
1767174925.9472382,0,-3,-130
1767174925.9572382,-3,-1,-127
1767174925.9672382,-4,-4,-130
1767174925.9772382,-4,-9,-122
1767174925.9872382,-3,-3,-124
1767174925.9972382,-1,-4,-120
1767174926.007238,0,-5,-118
1767174926.017238,1,-4,-116
1767174926.027238,-1,-4,-124
1767174926.037238,-2,-1,-128
1767174926.047238,-1,-1,-121
1767174926.057238,0,-4,-119
1767174926.067238,0,-7,-114
1767174926.077238,7,-7,-104
1767174926.087238,10,-3,-102
1767174926.097238,12,-3,-110
1767174926.107238,12,2,-117
1767174926.117238,8,4,-123
1767174926.127238,2,7,-125
1767174926.1372385,6,3,-123
1767174926.1472385,2,-1,-122
1767174926.1572382,1,-1,-121
1767174926.1672382,3,1,-120
1767174926.1772382,3,0,-125
1767174926.1872382,6,-2,-125
1767174926.1972382,3,0,-122
1767174926.2072382,2,-3,-122
1767174926.2172382,-1,-4,-120
1767174926.2272382,-6,-5,-114
1767174926.2372382,0,-6,-118
1767174926.2472382,-4,-2,-116
1767174926.257238,-8,0,-116
1767174926.267238,-8,3,-117
1767174926.277238,-9,2,-119
1767174926.287238,-4,3,-125
1767174926.297238,-5,1,-125
1767174926.307238,0,4,-123
1767174926.317238,0,4,-121
1767174926.327238,-1,6,-121
1767174926.337238,2,2,-124
1767174926.347238,7,2,-122
1767174926.357238,6,3,-119
1767174926.367238,2,5,-119
1767174926.377238,2,1,-125
1767174926.3872385,0,0,-122
1767174926.3972385,-1,1,-122
1767174926.4072382,-4,0,-121
1767174926.4172382,-2,1,-120
1767174926.4272382,-1,2,-120
1767174926.4372382,0,2,-116
1767174926.4472382,0,0,-124
1767174926.4572382,1,0,-126
1767174926.4672382,-2,0,-128
1767174926.4772382,-2,3,-128
1767174926.4872382,1,3,-125
1767174926.4972382,3,2,-117
1767174926.507238,2,3,-115
1767174926.517238,2,1,-114
1767174926.527238,5,0,-119
1767174926.537238,2,-3,-119
1767174926.547238,5,0,-123
1767174926.557238,5,0,-120
1767174926.567238,4,0,-120
1767174926.577238,3,-3,-115
1767174926.587238,5,-3,-117
1767174926.597238,4,-9,-120
1767174926.607238,1,-12,-130
1767174926.617238,0,-8,-138
1767174926.627238,-3,-3,-135
1767174926.6372385,-4,-1,-125
1767174926.6472385,-3,0,-128
1767174926.6572382,-3,1,-131
1767174926.6672382,-9,-1,-129
1767174926.6772382,-4,-6,-129
1767174926.6872382,-4,-6,-129
1767174926.6972382,-2,-4,-126
1767174926.7072382,0,-2,-127
1767174926.7172382,-1,-1,-125
1767174926.7272382,-1,-2,-126
1767174926.7372382,-1,-1,-120
1767174926.7472382,-3,4,-121
1767174926.757238,-2,2,-120
1767174926.767238,0,4,-123
1767174926.777238,0,0,-121
1767174926.787238,-3,1,-122
1767174926.797238,-2,-2,-119
1767174926.807238,-3,0,-117
1767174926.817238,-7,0,-121
1767174926.827238,-5,0,-122
1767174926.837238,-7,-1,-121
1767174926.847238,-3,-3,-127
1767174926.857238,0,-6,-127
1767174926.867238,1,-6,-130
1767174926.877238,7,-4,-129
1767174926.8872385,6,-2,-133
1767174926.8972385,2,-3,-131
1767174926.9072382,0,0,-128
1767174926.9172382,4,2,-125
1767174926.9272382,2,1,-120
1767174926.9372382,0,-2,-116
1767174926.9472382,-2,-3,-117
1767174926.9572382,-4,0,-117
1767174926.9672382,-1,-1,-122
1767174926.9772382,-2,-2,-128
1767174926.9872382,1,-2,-124
1767174926.9972382,0,-1,-124
1767174927.007238,-2,-2,-120
1767174927.017238,-4,-3,-126
1767174927.027238,-6,0,-125
1767174927.037238,-5,0,-120
1767174927.047238,-4,5,-126
1767174927.057238,-4,5,-118
1767174927.067238,0,3,-123
1767174927.077238,-3,0,-122
1767174927.087238,-4,-2,-118
1767174927.097238,-6,-1,-117
1767174927.107238,-4,0,-116
1767174927.117238,-1,-2,-111
1767174927.127238,-3,-2,-113
1767174927.1372385,-1,0,-118
1767174927.1472385,-1,0,-114
1767174927.1572382,-1,0,-120
1767174927.1672382,0,-1,-123
1767174927.1772382,0,-3,-120
1767174927.1872382,-1,-3,-118
1767174927.1972382,-3,-5,-113
1767174927.2072382,-2,-4,-115
1767174927.2172382,-3,-1,-118
1767174927.2272382,0,0,-124
1767174927.2372382,0,2,-124
1767174927.2472382,4,-1,-121
1767174927.257238,5,-2,-121
1767174927.267238,7,0,-121
1767174927.277238,6,2,-121
1767174927.287238,3,5,-127
1767174927.297238,-2,2,-126
1767174927.307238,-2,0,-124
1767174927.317238,1,-2,-126
1767174927.327238,2,-4,-127
1767174927.337238,4,-5,-125
1767174927.347238,-3,-1,-120
1767174927.357238,-7,0,-118
1767174927.367238,-8,2,-120
1767174927.377238,-5,1,-118
1767174927.3872385,-3,0,-125
1767174927.3972385,-2,7,-126
1767174927.4082382,-7,7,-126
1767174927.4182382,-4,7,-123
1767174927.4282382,-3,5,-125
1767174927.438238,-2,5,-129
1767174927.448238,-3,4,-130
1767174927.458238,-4,4,-127
1767174927.468238,-5,2,-123
1767174927.478238,0,4,-123
1767174927.488238,4,6,-124
1767174927.498238,-1,7,-122
1767174927.508238,-1,6,-121
1767174927.518238,-2,7,-119
1767174927.528238,-2,2,-125
1767174927.538238,-3,1,-120
1767174927.548238,-5,0,-124
1767174927.5582385,-2,0,-123
1767174927.5682385,2,1,-118
1767174927.5782382,2,2,-120
1767174927.5882382,0,0,-128
1767174927.5982382,0,2,-117
1767174927.6082382,0,4,-111
1767174927.6182382,-2,1,-117
1767174927.6282382,-4,0,-120
1767174927.6382382,-8,2,-128
1767174927.6482382,-7,0,-131
1767174927.6582382,-8,-2,-130
1767174927.6682382,-6,-3,-126
1767174927.6782382,-2,-6,-131
1767174927.688238,1,-7,-129
1767174927.698238,4,-9,-128
1767174927.708238,1,-11,-127
1767174927.718238,1,-9,-119
1767174927.728238,1,-9,-116
1767174927.738238,-3,-6,-124
1767174927.748238,-2,-1,-127
1767174927.758238,0,0,-127
1767174927.768238,-5,1,-128
1767174927.778238,-5,1,-130
1767174927.788238,-1,1,-125
1767174927.798238,0,0,-126
1767174927.8082385,0,0,-126
1767174927.8182385,0,3,-119
1767174927.8282382,0,5,-119
1767174927.8382382,-1,6,-120
1767174927.8482382,0,3,-110
1767174927.8582382,0,0,-109
1767174927.8682382,0,0,-109
1767174927.8782382,0,0,-111
1767174927.8882382,-3,1,-118
1767174927.8982382,-6,-1,-121
1767174927.9082382,-3,-2,-120
1767174927.9182382,1,0,-119
1767174927.9282382,3,0,-115
1767174927.938238,1,3,-115
1767174927.948238,0,7,-113
1767174927.958238,1,4,-105
1767174927.968238,-4,3,-109
1767174927.978238,-4,4,-113
1767174927.988238,-4,1,-116
1767174927.998238,-3,1,-120
1767174928.008238,1,1,-112
1767174928.018238,2,2,-120
1767174928.028238,0,4,-122
1767174928.038238,1,3,-127
1767174928.048238,0,3,-132
1767174928.0582385,-3,0,-130
1767174928.0682385,-5,1,-126
1767174928.0782382,-4,0,-127
1767174928.0882382,-2,0,-129
1767174928.0982382,1,0,-132
1767174928.1082382,6,1,-133
1767174928.1182382,2,0,-135
1767174928.1282382,3,1,-136
1767174928.1382382,2,1,-131
1767174928.1482382,0,2,-127
1767174928.1582382,0,2,-129
1767174928.1682382,0,-1,-133
1767174928.1782382,-3,-3,-134
1767174928.188238,-5,-2,-127
1767174928.198238,-5,-7,-131
1767174928.208238,-1,-8,-125
1767174928.218238,1,-6,-127
1767174928.228238,1,-3,-132
1767174928.238238,3,-10,-125
1767174928.248238,5,-9,-118
1767174928.258238,3,-9,-121
1767174928.268238,1,-5,-128
1767174928.278238,-1,-2,-127
1767174928.288238,-6,-4,-123
1767174928.298238,-5,-3,-126
1767174928.3082385,-2,-7,-124
1767174928.3182385,1,-5,-126
1767174928.3292382,0,-1,-125
1767174928.3382382,2,1,-123
1767174928.3482382,2,2,-127
1767174928.3582382,-3,-3,-130
1767174928.3682382,-4,-1,-133
1767174928.3782382,3,-4,-137
1767174928.3882382,-1,-3,-134
1767174928.3982382,0,-4,-129
1767174928.4082382,-2,-4,-115
1767174928.4182382,-6,0,-113
1767174928.4282382,-4,1,-116
1767174928.438238,-1,0,-116
1767174928.448238,-2,-3,-118
1767174928.458238,-3,-3,-124
1767174928.468238,0,-5,-118
1767174928.478238,1,-6,-111
1767174928.488238,1,-4,-110
1767174928.498238,0,-1,-108
1767174928.508238,0,1,-114
1767174928.518238,-6,0,-117
1767174928.528238,-4,0,-121
1767174928.538238,-7,0,-125
1767174928.548238,-5,2,-132
1767174928.5582385,0,3,-132
1767174928.5682385,5,5,-124
1767174928.5782382,0,6,-119
1767174928.5882382,-2,4,-123
1767174928.5982382,-4,4,-125
1767174928.6082382,-1,3,-127
1767174928.6182382,-1,-2,-120
1767174928.6282382,-3,-3,-118
1767174928.6382382,-4,-2,-118
1767174928.6482382,0,0,-119
1767174928.6582382,-3,-2,-118
1767174928.6682382,0,-4,-123
1767174928.6782382,-1,-2,-117
1767174928.688238,2,-1,-114
1767174928.698238,-1,0,-119
1767174928.708238,-2,-2,-119
1767174928.718238,-3,-3,-122
1767174928.728238,-4,-2,-120
1767174928.738238,0,-2,-127
1767174928.748238,-3,-4,-131
1767174928.758238,-5,-7,-130
1767174928.768238,-8,-8,-135
1767174928.778238,-6,-4,-128
1767174928.788238,-7,-3,-126
1767174928.798238,-6,-8,-127
1767174928.8082385,0,-4,-126
1767174928.8182385,0,-5,-124
1767174928.8282382,-3,-4,-126
1767174928.8382382,-6,-6,-127
1767174928.8482382,-8,-4,-122
1767174928.8582382,-10,-5,-123
1767174928.8682382,-6,-5,-125
1767174928.8782382,-4,-6,-129
1767174928.8882382,-4,-6,-123
1767174928.8982382,-3,-5,-113
1767174928.9082382,-4,-4,-113
1767174928.9182382,-5,-1,-115
1767174928.9282382,-7,-1,-125
1767174928.938238,-9,-1,-127
1767174928.948238,-9,0,-129
1767174928.958238,-6,0,-130
1767174928.968238,-5,1,-129
1767174928.978238,0,5,-132
1767174928.988238,2,1,-133
1767174928.998238,-1,2,-131
1767174929.008238,-1,0,-127
1767174929.018238,1,-4,-124
1767174929.028238,-1,-7,-130
1767174929.038238,-6,-3,-128
1767174929.048238,-6,-7,-135
1767174929.0582385,1,-4,-131
1767174929.0682385,0,0,-127
1767174929.0782382,2,0,-125
1767174929.0882382,1,-1,-115
1767174929.0982382,1,0,-121
1767174929.1082382,-4,0,-120
1767174929.1182382,-2,0,-118
1767174929.1282382,3,0,-122
1767174929.1382382,4,0,-128
1767174929.1482382,0,-1,-130
1767174929.1582382,1,-5,-128
1767174929.1682382,0,-2,-132
1767174929.1782382,0,0,-120
1767174929.188238,-5,0,-118
1767174929.198238,-6,2,-115
1767174929.208238,-4,4,-115
1767174929.218238,-7,2,-119
1767174929.228238,-5,0,-121
1767174929.238238,-5,0,-120
1767174929.248238,-6,0,-122
1767174929.258238,-7,-4,-124
1767174929.268238,-13,-4,-123
1767174929.278238,-16,-4,-126
1767174929.288238,-11,-3,-121
1767174929.298238,-9,-5,-123
1767174929.3082385,-7,-3,-126
1767174929.3182385,-4,-6,-117
1767174929.3282382,2,-3,-115
1767174929.350238,1,0,-110
1767174929.3582382,3,-2,-114
1767174929.3682382,0,-1,-115
1767174929.3782382,-3,-4,-117
1767174929.3882382,-4,-5,-127
1767174929.3982382,-8,-6,-126
1767174929.4082382,-7,-3,-127
1767174929.4182382,-6,-5,-130
1767174929.4282382,-9,-6,-128
1767174929.438238,-7,-3,-127
1767174929.448238,-5,-2,-123
1767174929.458238,-5,-6,-130
1767174929.468238,-6,-8,-127
1767174929.478238,-9,-7,-134
1767174929.488238,-4,-12,-134
1767174929.498238,0,-9,-132
1767174929.508238,2,-2,-126
1767174929.518238,8,2,-133
1767174929.528238,7,-1,-137
1767174929.538238,3,-3,-136
1767174929.548238,1,-1,-130
1767174929.5582385,-3,0,-129
1767174929.5682385,0,-3,-124
1767174929.5782382,5,-5,-119
1767174929.5882382,8,-2,-117
1767174929.5982382,8,-3,-118
1767174929.6082382,6,-1,-121
1767174929.6182382,10,0,-120
1767174929.6282382,6,0,-118
1767174929.6382382,5,2,-120
1767174929.6482382,1,1,-119
1767174929.6582382,-2,0,-118
1767174929.6682382,-6,0,-114
1767174929.6782382,-3,0,-117
1767174929.688238,-1,-2,-124
1767174929.698238,0,-5,-119
1767174929.708238,4,-5,-127
1767174929.718238,5,-6,-130
1767174929.728238,4,-3,-130
1767174929.738238,2,-5,-127
1767174929.748238,0,-2,-124
1767174929.758238,-3,0,-125
1767174929.768238,-3,1,-128
1767174929.778238,-3,0,-123
1767174929.788238,-5,0,-119
1767174929.798238,-5,-5,-114
1767174929.8082385,-1,-8,-118
1767174929.8182385,-2,-11,-120
1767174929.8282382,0,-9,-122
1767174929.8382382,-1,-9,-128
1767174929.8482382,-3,-5,-125
1767174929.8582382,-3,-5,-125
1767174929.8682382,0,-4,-125
1767174929.8782382,0,-6,-118
1767174929.8882382,1,-3,-121
1767174929.8982382,-3,-3,-119
1767174929.9082382,-4,-3,-119
1767174929.9182382,-2,-4,-119
1767174929.9282382,-1,-4,-122
1767174929.938238,-3,-4,-126
1767174929.948238,-3,-6,-128
1767174929.958238,-6,-9,-126
1767174929.968238,-4,-12,-126
1767174929.978238,-4,-11,-125
1767174929.988238,-4,-9,-119
1767174929.998238,1,-8,-120
1767174930.0092382,-3,-6,-119
1767174930.018238,-1,-9,-114
1767174930.028238,0,-7,-110
1767174930.038238,2,-6,-103
1767174930.048238,0,-4,-102
1767174930.0592382,0,-2,-106
1767174930.0692382,0,-4,-108
1767174930.0792382,0,-8,-113
1767174930.0892382,1,-11,-117
1767174930.0992382,1,-6,-120
1767174930.109238,3,0,-118
1767174930.119238,7,-2,-120
1767174930.129238,8,-2,-119
1767174930.139238,6,-6,-115
1767174930.149238,0,-4,-109
1767174930.159238,0,-5,-112
1767174930.169238,2,-2,-117
1767174930.179238,2,-2,-113
1767174930.189238,2,-1,-119
1767174930.199238,-1,-3,-128
1767174930.209238,-5,-3,-135
1767174930.219238,0,-2,-134
1767174930.2292385,1,0,-143
1767174930.2392385,4,-2,-139
1767174930.2492385,5,-1,-134
1767174930.2592382,6,-2,-128
1767174930.2692382,1,-4,-123
1767174930.2792382,4,-6,-118
1767174930.2892382,-2,-6,-123
1767174930.2992382,-4,-8,-122
1767174930.3092382,-8,-5,-113
1767174930.3192382,-6,-4,-109
1767174930.3292382,-8,-4,-114
1767174930.3392382,-5,-3,-116
1767174930.3492382,-3,-3,-113
1767174930.359238,0,-2,-110
1767174930.369238,5,-2,-115
1767174930.379238,4,-3,-117
1767174930.389238,5,-5,-124
1767174930.399238,1,-3,-118
1767174930.409238,0,-2,-119
1767174930.419238,1,1,-120
1767174930.429238,1,1,-124
1767174930.439238,0,-1,-120
1767174930.449238,1,-1,-124
1767174930.459238,0,0,-129
1767174930.469238,1,-1,-133
1767174930.4792385,-3,0,-132
1767174930.4892385,-1,0,-133
1767174930.4992385,1,-2,-135
1767174930.5092382,-2,-1,-135
1767174930.5192382,0,3,-126
1767174930.5292382,-1,0,-122
1767174930.5392382,0,0,-126
1767174930.5492382,2,-2,-125
1767174930.5592382,0,-3,-122
1767174930.5692382,0,-2,-126
1767174930.5792382,-3,-3,-128
1767174930.5892382,-4,-1,-126
1767174930.5992382,-5,-2,-122
1767174930.609238,-5,-2,-122
1767174930.619238,-6,-7,-117
1767174930.629238,-3,-4,-117
1767174930.639238,0,-2,-118
1767174930.649238,3,-1,-120
1767174930.659238,1,-2,-123
1767174930.669238,0,0,-128
1767174930.679238,-3,1,-129
1767174930.689238,0,2,-131
1767174930.699238,3,4,-127
1767174930.709238,0,4,-125
1767174930.719238,0,2,-131
1767174930.7292385,4,4,-122
1767174930.7392385,4,3,-122
1767174930.7492385,-2,0,-126
1767174930.7592382,-4,0,-128
1767174930.7692382,-4,3,-126
1767174930.7792382,-6,4,-124
1767174930.7892382,-6,6,-121
1767174930.7992382,-2,4,-117
1767174930.8092382,1,1,-117
1767174930.8192382,1,4,-124
1767174930.8292382,3,3,-125
1767174930.8392382,3,4,-118
1767174930.8492382,0,3,-123
1767174930.859238,-1,3,-126
1767174930.869238,0,4,-123
1767174930.879238,-1,3,-122
1767174930.889238,-2,4,-125
1767174930.899238,-6,0,-127
1767174930.909238,-5,1,-127
1767174930.919238,-2,0,-130
1767174930.929238,-2,-3,-125
1767174930.939238,-2,-1,-120
1767174930.949238,-7,0,-114
1767174930.959238,-1,-2,-110
1767174930.969238,-1,0,-120
1767174930.9792385,-1,4,-118
1767174930.9892385,0,4,-117
1767174930.9992385,4,3,-121
1767174931.0092382,3,6,-127
1767174931.0192382,0,8,-130
1767174931.0292382,-2,6,-128
1767174931.0392382,2,5,-125
1767174931.0492382,0,3,-122
1767174931.0592382,1,-3,-123
1767174931.0692382,2,-2,-119
1767174931.0792382,6,-1,-119
1767174931.0892382,1,-3,-117
1767174931.0992382,-2,-5,-119
1767174931.109238,-7,-6,-121
1767174931.119238,-2,-3,-121
1767174931.129238,-3,-1,-126
1767174931.139238,-1,-1,-126
1767174931.149238,0,0,-121
1767174931.159238,-1,0,-117
1767174931.169238,1,-2,-114
1767174931.179238,0,-2,-114
1767174931.189238,5,-1,-115
1767174931.199238,3,2,-117
1767174931.209238,0,3,-124
1767174931.219238,0,0,-126
1767174931.2292385,-3,0,-123
1767174931.2392385,2,-5,-123
1767174931.2492385,3,-1,-121
1767174931.2592382,3,-1,-133
1767174931.2692382,2,2,-138
1767174931.2792382,0,0,-139
1767174931.2892382,-7,-5,-135
1767174931.2992382,-10,-6,-129
1767174931.3092382,-6,-7,-126
1767174931.3192382,0,-5,-123
1767174931.3292382,1,-2,-127
1767174931.3392382,0,-2,-130
1767174931.3492382,1,-4,-130
1767174931.359238,2,-3,-130
1767174931.369238,1,0,-132
1767174931.379238,-1,-3,-123
1767174931.389238,1,-3,-120
1767174931.399238,-2,-3,-116
1767174931.409238,-3,-3,-114
1767174931.419238,0,-4,-119
1767174931.429238,0,-7,-125
1767174931.439238,0,-8,-128
1767174931.449238,0,-12,-130
1767174931.459238,0,-10,-133
1767174931.469238,3,-6,-128
1767174931.4792385,0,-10,-131
1767174931.4892385,0,-11,-131
1767174931.4992385,2,-9,-132
1767174931.5092382,0,-7,-128
1767174931.5192382,-2,-1,-126
1767174931.5292382,-5,0,-124
1767174931.5392382,0,-2,-114
1767174931.5492382,-5,-2,-118
1767174931.5592382,-2,-4,-128
1767174931.5692382,0,-8,-129
1767174931.5792382,0,-14,-130
1767174931.5892382,2,-11,-132
1767174931.5992382,0,-8,-129
1767174931.609238,0,-5,-129
1767174931.619238,3,-5,-131
1767174931.629238,2,-2,-127
1767174931.639238,4,0,-118
1767174931.649238,5,1,-114
1767174931.659238,3,0,-109
1767174931.669238,3,2,-115
1767174931.679238,0,3,-109
1767174931.689238,1,-3,-108
1767174931.699238,0,0,-112
1767174931.709238,1,0,-108
1767174931.719238,-2,-1,-108
1767174931.7292385,1,-4,-106
1767174931.7392385,3,-5,-111
1767174931.7492385,-5,-3,-119
1767174931.7592382,-3,-1,-118
1767174931.7692382,-3,-4,-123
1767174931.7792382,0,-5,-122
1767174931.7892382,1,-5,-133
1767174931.7992382,0,-4,-134
1767174931.8092382,0,-4,-126
1767174931.8192382,3,-5,-120
1767174931.8292382,0,-2,-119
1767174931.8392382,1,-1,-119
1767174931.8492382,1,-2,-119
1767174931.859238,-2,-1,-116
1767174931.869238,-1,-1,-115
1767174931.879238,2,0,-116
1767174931.889238,1,0,-115
1767174931.899238,4,-4,-122
1767174931.909238,3,-5,-118
1767174931.919238,3,-5,-120
1767174931.929238,3,-1,-123
1767174931.939238,3,-2,-121
1767174931.949238,1,-2,-121
1767174931.959238,6,-6,-122
1767174931.969238,8,-5,-116
1767174931.9792385,0,-7,-116
1767174931.9892385,-4,-7,-113
1767174931.9992385,0,-6,-112
1767174932.0092382,0,-7,-108
1767174932.0192382,-5,-10,-109
1767174932.0292382,-5,-5,-115
1767174932.0392382,0,0,-117
1767174932.0492382,-3,4,-118
1767174932.0592382,-4,0,-118
1767174932.0692382,-1,3,-114
1767174932.0792382,0,1,-116
1767174932.0892382,0,-1,-118
1767174932.0992382,-2,0,-123
1767174932.109238,0,0,-128
1767174932.119238,1,0,-120
1767174932.129238,-1,4,-115
1767174932.139238,-5,-4,-111
1767174932.149238,-2,-2,-112
1767174932.159238,-3,-5,-119
1767174932.169238,0,-6,-127
1767174932.179238,0,-4,-130
1767174932.189238,0,-1,-124
1767174932.199238,0,0,-125
1767174932.209238,0,4,-122
1767174932.219238,1,4,-122
1767174932.2292385,0,4,-123
1767174932.2392385,0,1,-128
1767174932.2492385,3,0,-127
1767174932.2592382,0,1,-124
1767174932.2692382,-3,3,-122
1767174932.2792382,0,2,-115
1767174932.2892382,2,3,-118
1767174932.2992382,1,0,-118
1767174932.3092382,-2,3,-114
1767174932.3192382,-1,2,-114
1767174932.3292382,2,-3,-116
1767174932.3392382,1,-3,-118
1767174932.3492382,-2,-4,-118
1767174932.359238,-3,-2,-120
1767174932.369238,-2,-4,-120
1767174932.379238,0,-1,-119
1767174932.389238,1,1,-124
1767174932.399238,1,5,-120
1767174932.409238,2,2,-121
1767174932.419238,1,-1,-119
1767174932.429238,0,2,-123
1767174932.439238,1,2,-116
1767174932.449238,-1,0,-115
1767174932.459238,0,-4,-118
1767174932.469238,-1,0,-117
1767174932.4792385,-3,1,-118
1767174932.4892385,-7,1,-114
1767174932.4992385,-3,0,-108
1767174932.5092382,0,0,-112
1767174932.5192382,2,0,-112
1767174932.5292382,3,0,-115
1767174932.5392382,0,3,-120
1767174932.5492382,0,3,-117
1767174932.5592382,1,0,-118
1767174932.5692382,3,-1,-122
1767174932.5792382,3,-1,-122
1767174932.5892382,5,1,-126
1767174932.5992382,7,0,-125
1767174932.609238,7,0,-127
1767174932.619238,0,-4,-129
1767174932.629238,1,-7,-129
1767174932.639238,0,-7,-122
1767174932.649238,-1,-6,-124
1767174932.659238,-7,-7,-117
1767174932.669238,-6,-10,-117
1767174932.679238,-7,-11,-115
1767174932.689238,-5,-7,-105
1767174932.699238,-7,-6,-103
1767174932.709238,-8,-3,-112
1767174932.719238,-5,1,-118
1767174932.7292385,-6,-2,-119
1767174932.7402382,-4,-2,-120
1767174932.7502382,0,-4,-115
1767174932.7592382,2,-2,-120
1767174932.7702382,2,0,-118
1767174932.7802382,3,-3,-114
1767174932.790238,0,-7,-117
1767174932.800238,-5,-4,-118
1767174932.810238,-4,-5,-122
1767174932.820238,-5,-4,-123
1767174932.830238,0,-4,-124
1767174932.840238,0,-2,-118
1767174932.850238,-3,0,-119
1767174932.860238,-2,1,-126
1767174932.870238,-5,2,-129
1767174932.880238,-4,0,-128
1767174932.890238,-2,-2,-126
1767174932.900238,-3,0,-123
1767174932.9102385,0,-5,-125
1767174932.9202385,4,-9,-125
1767174932.9302382,6,-11,-127
1767174932.9402382,0,-10,-130
1767174932.9502382,-2,-10,-126
1767174932.9602382,-4,-9,-125
1767174932.9702382,-1,-6,-129
1767174932.9802382,-5,-5,-135
1767174932.9902382,-6,-4,-128
1767174933.0002382,-2,-1,-123
1767174933.0102382,-4,-1,-126
1767174933.0202382,-1,0,-123
1767174933.0302382,4,0,-123
1767174933.040238,1,0,-123
1767174933.050238,1,0,-119
1767174933.060238,0,0,-112
1767174933.070238,1,2,-118
1767174933.080238,-1,0,-126
1767174933.090238,4,2,-126
1767174933.100238,6,-1,-125
1767174933.110238,4,-1,-128
1767174933.120238,3,0,-125
1767174933.130238,0,0,-118
1767174933.140238,1,-4,-115
1767174933.150238,1,-6,-115
1767174933.1602385,1,-5,-115
1767174933.1702385,2,-7,-116
1767174933.1802382,5,-8,-113
1767174933.1902382,3,-2,-116
1767174933.2002382,3,-2,-123
1767174933.2102382,2,-4,-121
1767174933.2202382,2,-4,-116
1767174933.2302382,1,-5,-120
1767174933.2402382,0,-6,-115
1767174933.2502382,-4,-1,-117
1767174933.2602382,-6,0,-116
1767174933.2702382,-9,2,-119
1767174933.2802382,-13,0,-121
1767174933.290238,-11,-1,-127
1767174933.300238,-9,-1,-129
1767174933.310238,-14,-5,-135
1767174933.320238,-11,-5,-137
1767174933.330238,-5,-6,-129
1767174933.340238,-1,-5,-125
1767174933.350238,0,-3,-119
1767174933.360238,2,-1,-119
1767174933.370238,5,0,-127
1767174933.380238,4,-1,-122
1767174933.390238,3,-2,-121
1767174933.400238,-1,-2,-116
1767174933.4102385,-3,-2,-112
1767174933.4202385,-3,2,-114
1767174933.4302382,-5,0,-116
1767174933.4402382,-7,0,-113
1767174933.4502382,-12,0,-111
1767174933.4602382,-4,-4,-114
1767174933.4702382,-4,-5,-113
1767174933.4802382,0,-2,-112
1767174933.4902382,-5,0,-121
1767174933.5002382,-9,2,-123
1767174933.5102382,-4,0,-122
1767174933.5202382,-1,0,-115
1767174933.5302382,-1,3,-115
1767174933.540238,-1,1,-115
1767174933.550238,-3,1,-115
1767174933.560238,0,3,-115
1767174933.570238,0,5,-112
1767174933.580238,4,1,-120
1767174933.590238,1,0,-126
1767174933.600238,2,0,-127
1767174933.610238,3,3,-127
1767174933.620238,4,1,-129
1767174933.630238,5,1,-127
1767174933.640238,5,0,-127
1767174933.650238,0,-4,-123
1767174933.6602385,3,-3,-119
1767174933.6702385,0,-3,-114
1767174933.6802382,0,-4,-114
1767174933.6902382,0,-2,-112
1767174933.7002382,-1,-1,-117
1767174933.7102382,4,0,-121
1767174933.7202382,1,-1,-121
1767174933.7302382,0,-2,-125
1767174933.7402382,4,0,-128
1767174933.7502382,0,0,-131
1767174933.7602382,0,-3,-124
1767174933.7702382,-3,-2,-116
1767174933.7802382,-4,0,-110
1767174933.790238,-2,-1,-115
1767174933.800238,-3,0,-113
1767174933.810238,-10,1,-120
1767174933.820238,-10,4,-121
1767174933.830238,-7,3,-113
1767174933.840238,-7,4,-111
1767174933.850238,-6,2,-110
1767174933.860238,-4,-2,-110
1767174933.870238,-1,0,-114
1767174933.880238,3,-1,-112
1767174933.890238,5,0,-110
1767174933.900238,1,1,-107
1767174933.9102385,0,-1,-106
1767174933.9202385,0,0,-111
1767174933.9302382,0,1,-112
1767174933.9402382,1,1,-113
1767174933.9502382,0,0,-116
1767174933.9602382,0,-2,-120
1767174933.9702382,1,1,-119
1767174933.9802382,4,2,-118
1767174933.9902382,7,2,-124
1767174934.0002382,8,1,-124
1767174934.0102382,2,0,-122
1767174934.0202382,2,-2,-118
1767174934.0302382,4,-5,-124
1767174934.040238,2,-6,-124
1767174934.050238,1,-4,-125
1767174934.060238,-1,-3,-128
1767174934.070238,0,-4,-129
1767174934.080238,-3,-8,-130
1767174934.090238,2,-11,-128
1767174934.100238,6,-11,-125
1767174934.110238,3,-13,-125
1767174934.120238,5,-10,-122
1767174934.130238,3,-6,-122
1767174934.140238,3,-2,-120
1767174934.150238,3,-4,-126
1767174934.1602385,2,-5,-129
1767174934.1702385,0,-5,-126
1767174934.1802382,0,-2,-127
1767174934.1902382,3,-4,-125
1767174934.2002382,5,-2,-126
1767174934.2102382,4,-4,-125
1767174934.2202382,5,-3,-119
1767174934.2302382,2,-4,-116
1767174934.2402382,3,-1,-117
1767174934.2502382,-2,0,-115
1767174934.2602382,-4,0,-114
1767174934.2702382,-9,-1,-111
1767174934.2802382,-6,0,-111
1767174934.290238,-2,-3,-117
1767174934.300238,-3,-6,-125
1767174934.310238,-3,-4,-123
1767174934.320238,-3,-9,-127
1767174934.330238,-4,-11,-127
1767174934.340238,-2,-10,-126
1767174934.3622382,-7,-7,-119
1767174934.370238,-7,-5,-120
1767174934.380238,-5,-4,-116
1767174934.390238,1,-4,-119
1767174934.400238,0,-2,-116
1767174934.4102385,1,-4,-116
1767174934.4202385,-2,-6,-111
1767174934.4302382,-2,-7,-112
1767174934.4402382,0,-5,-106
1767174934.4502382,1,-3,-104
1767174934.4602382,-1,-1,-109
1767174934.4702382,0,-1,-111
1767174934.4802382,2,0,-116
1767174934.4902382,6,-5,-115
1767174934.5002382,4,-6,-116
1767174934.5102382,4,-4,-115
1767174934.5202382,10,-1,-117
1767174934.5302382,6,-2,-123
1767174934.540238,4,-2,-125
1767174934.550238,4,-1,-126
1767174934.560238,0,1,-126
1767174934.570238,-5,0,-119
1767174934.580238,-2,0,-121
1767174934.590238,-2,-3,-125
1767174934.600238,-2,-5,-128
1767174934.610238,0,-5,-129
1767174934.620238,0,-12,-121
1767174934.630238,0,-10,-128
1767174934.640238,0,-6,-133
1767174934.650238,0,-6,-124
1767174934.6602385,3,-2,-124
1767174934.6702385,3,3,-125
1767174934.6802382,0,7,-121
1767174934.6902382,0,5,-116
1767174934.7002382,2,5,-116
1767174934.7102382,3,1,-113
1767174934.7202382,0,4,-113
1767174934.7302382,0,3,-115
1767174934.7402382,0,5,-110
1767174934.7502382,0,2,-107
1767174934.7602382,1,0,-110
1767174934.7702382,1,-3,-109
1767174934.7802382,2,-4,-110
1767174934.790238,0,-6,-113
1767174934.800238,0,-3,-109
1767174934.810238,-2,-5,-114
1767174934.820238,-4,-4,-118
1767174934.830238,-4,-2,-117
1767174934.840238,-2,-6,-121
1767174934.850238,1,-6,-114
1767174934.860238,0,-6,-112
1767174934.870238,0,-6,-116
1767174934.880238,3,-5,-122
1767174934.890238,1,-2,-125
1767174934.900238,2,-4,-123
1767174934.9102385,6,-3,-116
1767174934.9202385,7,-5,-120
1767174934.9302382,9,-2,-117
1767174934.9402382,9,-2,-118
1767174934.9502382,4,-7,-115
1767174934.9602382,3,-5,-118
1767174934.9702382,5,-7,-118
1767174934.9802382,6,-4,-126
1767174934.9902382,7,0,-124
1767174935.0002382,5,1,-119
1767174935.0102382,5,0,-116
1767174935.0202382,1,0,-120
1767174935.0302382,3,4,-118
1767174935.040238,3,1,-114
1767174935.050238,3,0,-115
1767174935.060238,2,3,-113
1767174935.070238,1,1,-109
1767174935.080238,3,0,-111
1767174935.090238,0,0,-116
1767174935.100238,0,-3,-117
1767174935.110238,2,-5,-126
1767174935.120238,5,-1,-124
1767174935.130238,1,-2,-122
1767174935.140238,1,0,-119
1767174935.150238,-1,-4,-119
1767174935.1602385,3,-3,-121
1767174935.1702385,3,-2,-126
1767174935.1802382,5,-2,-129
1767174935.1902382,3,-3,-130
1767174935.2002382,0,-3,-129
1767174935.2102382,-2,-5,-120
1767174935.2202382,2,-9,-113
1767174935.2302382,1,-6,-110
1767174935.2402382,2,-7,-108
1767174935.2502382,4,-5,-113
1767174935.2602382,5,-7,-118
1767174935.2702382,9,-8,-120
1767174935.2802382,4,-5,-119
1767174935.290238,4,0,-120
1767174935.300238,3,-2,-121
1767174935.310238,0,0,-119
1767174935.320238,1,3,-124
1767174935.330238,4,0,-127
1767174935.340238,0,2,-125
1767174935.350238,0,0,-133
1767174935.360238,0,-2,-137
1767174935.3712382,0,0,-128
1767174935.380238,1,0,-131
1767174935.3912382,-4,2,-129
1767174935.4012382,-5,4,-124
1767174935.4112382,-3,2,-118
1767174935.4212382,-2,0,-113
1767174935.4302382,0,0,-109
1767174935.4412382,-2,2,-120
1767174935.4512382,-1,1,-119
1767174935.461238,-1,3,-122
1767174935.471238,0,0,-122
1767174935.481238,0,3,-120
1767174935.491238,1,3,-115
1767174935.501238,0,3,-116
1767174935.511238,-3,0,-116
1767174935.521238,-2,2,-122
1767174935.531238,-1,0,-127
1767174935.541238,1,0,-124
1767174935.551238,1,4,-119
1767174935.561238,0,7,-113
1767174935.571238,-1,3,-108
1767174935.5812385,-1,2,-117
1767174935.5912385,1,2,-115
1767174935.6012385,0,0,-115
1767174935.6112382,-1,0,-119
1767174935.6212382,-4,0,-114
1767174935.6312382,-3,-1,-117
1767174935.6412382,0,-3,-117
1767174935.6512382,-2,-2,-115
1767174935.6612382,-3,0,-117
1767174935.6712382,2,0,-115
1767174935.6812382,4,1,-119
1767174935.6912382,8,7,-119
1767174935.702238,8,6,-129
1767174935.711238,9,5,-130
1767174935.721238,4,7,-125
1767174935.731238,1,6,-125
1767174935.741238,2,1,-119
1767174935.751238,0,0,-119
1767174935.761238,2,1,-117
1767174935.771238,6,-4,-117
1767174935.781238,0,-1,-119
1767174935.791238,0,-1,-119
1767174935.801238,-1,-5,-118
1767174935.811238,-5,-4,-123
1767174935.821238,1,-6,-129
1767174935.8312385,5,-9,-122
1767174935.8412385,4,-6,-118
1767174935.8512385,3,-6,-115
1767174935.8612382,3,0,-122
1767174935.8712382,4,4,-128
1767174935.8812382,4,7,-135
1767174935.8912382,0,3,-132
1767174935.9012382,-3,3,-130
1767174935.9112382,-6,1,-132
1767174935.9212382,-6,2,-126
1767174935.9312382,0,-2,-124
1767174935.9412382,-3,1,-122
1767174935.9512382,-5,1,-119
1767174935.961238,-5,0,-115
1767174935.971238,-9,0,-116
1767174935.981238,-4,-1,-125
1767174935.991238,-2,0,-121
1767174936.001238,0,0,-118
1767174936.011238,1,0,-122
1767174936.021238,2,0,-120
1767174936.031238,4,-1,-118
1767174936.041238,5,-2,-125
1767174936.051238,1,-7,-126
1767174936.061238,0,-3,-130
1767174936.071238,-5,-3,-117
1767174936.0812385,-3,0,-113
1767174936.0912385,-1,4,-113
1767174936.1012385,-3,5,-114
1767174936.1112382,-1,3,-116
1767174936.1212382,-3,0,-118
1767174936.1312382,-2,-3,-118
1767174936.1412382,-2,-2,-117
1767174936.1512382,-1,0,-112
1767174936.1612382,0,0,-114
1767174936.1712382,-2,-5,-115
1767174936.1812382,1,-7,-115
1767174936.1912382,-2,-9,-122
1767174936.2012382,0,-6,-121
1767174936.211238,1,-6,-114
1767174936.221238,-1,-5,-112
1767174936.231238,0,-1,-116
1767174936.241238,0,0,-114
1767174936.251238,0,1,-120
1767174936.261238,0,3,-114
1767174936.271238,0,0,-111
1767174936.281238,0,0,-122
1767174936.291238,1,0,-122
1767174936.301238,3,0,-115
1767174936.311238,2,0,-108
1767174936.321238,3,0,-107
1767174936.3312385,0,2,-104
1767174936.3412385,0,4,-104
1767174936.3512385,-1,5,-105
1767174936.3612382,6,1,-116
1767174936.3712382,3,0,-117
1767174936.3812382,2,0,-116
1767174936.3912382,2,0,-116
1767174936.4012382,3,-2,-120
1767174936.4112382,1,0,-114
1767174936.4212382,-1,-1,-115
1767174936.4312382,-5,-3,-115
1767174936.4412382,-9,-5,-121
1767174936.4512382,-7,-7,-120
1767174936.461238,-5,-4,-116
1767174936.471238,-4,0,-118
1767174936.481238,-2,0,-121
1767174936.491238,4,0,-122
1767174936.501238,6,-1,-124
1767174936.511238,4,-3,-121
1767174936.521238,3,-2,-119
1767174936.531238,4,0,-121
1767174936.541238,2,3,-116
1767174936.551238,2,2,-115
1767174936.561238,0,0,-111
1767174936.571238,-2,0,-113
1767174936.5812385,-2,0,-115
1767174936.5912385,-4,1,-114
1767174936.6012385,-4,1,-117
1767174936.6112382,1,0,-114
1767174936.6212382,0,-1,-112
1767174936.6312382,-3,-2,-118
1767174936.6412382,3,-3,-119
1767174936.6512382,2,-3,-120
1767174936.6612382,0,-3,-122
1767174936.6712382,1,-3,-124
1767174936.6812382,0,-1,-130
1767174936.6912382,4,-4,-134
1767174936.7012382,7,-6,-132
1767174936.711238,8,-7,-127
1767174936.721238,3,-6,-127
1767174936.731238,3,-4,-127
1767174936.741238,2,-3,-131
1767174936.751238,0,-1,-127
1767174936.761238,-6,0,-128
1767174936.771238,-5,-1,-124
1767174936.781238,-1,-3,-123
1767174936.791238,-1,-6,-127
1767174936.801238,-2,-3,-125
1767174936.811238,-3,-2,-119
1767174936.821238,-5,-2,-120
1767174936.8312385,-9,2,-117
1767174936.8412385,-6,0,-121
1767174936.8512385,-4,-1,-119
1767174936.8612382,-8,0,-122
1767174936.8712382,-7,0,-125
1767174936.8812382,-9,0,-121
1767174936.8912382,-6,1,-127
1767174936.9012382,0,1,-133
1767174936.9112382,0,-3,-134
1767174936.9212382,2,-4,-132
1767174936.9312382,4,-6,-126
1767174936.9412382,1,-7,-118
1767174936.9512382,0,-8,-118
1767174936.961238,0,-7,-119
1767174936.971238,-4,-10,-118
1767174936.981238,-7,-9,-121
1767174936.991238,-8,-3,-122
1767174937.001238,-9,-3,-123
1767174937.011238,-10,-5,-125
1767174937.021238,-5,-2,-122
1767174937.031238,-1,-7,-124
1767174937.041238,2,-5,-119
1767174937.051238,4,-4,-117
1767174937.061238,3,-4,-112
1767174937.071238,0,0,-112
1767174937.0812385,-3,-1,-117
1767174937.0912385,-5,0,-114
1767174937.1012385,-6,0,-121
1767174937.1112382,-3,1,-122
1767174937.1212382,0,0,-127
1767174937.1312382,0,6,-126
1767174937.1412382,3,7,-123
1767174937.1512382,2,6,-128
1767174937.1612382,-2,3,-133
1767174937.1712382,-1,0,-135
1767174937.1812382,-3,3,-132
1767174937.1912382,-3,2,-126
1767174937.2012382,-3,2,-122
1767174937.211238,-2,1,-120
1767174937.221238,1,2,-114
1767174937.231238,1,1,-115
1767174937.241238,0,2,-118
1767174937.251238,-2,3,-114
1767174937.261238,-1,2,-115
1767174937.271238,2,3,-118
1767174937.281238,0,3,-110
1767174937.291238,3,4,-106
1767174937.301238,1,8,-107
1767174937.311238,3,6,-107
1767174937.321238,1,6,-107
1767174937.3312385,2,5,-111
1767174937.3412385,1,5,-115
1767174937.3512385,-1,6,-120
1767174937.3612382,-1,7,-123
1767174937.3712382,-7,9,-129
1767174937.3812382,-8,8,-127
1767174937.3912382,-10,3,-118
1767174937.4012382,-12,4,-122
1767174937.4112382,-6,-1,-123
1767174937.4212382,-4,0,-115
1767174937.4312382,-1,2,-111
1767174937.4412382,1,4,-111
1767174937.4512382,-2,4,-113
1767174937.461238,0,1,-118
1767174937.471238,1,2,-117
1767174937.481238,0,4,-118
1767174937.491238,0,4,-114
1767174937.501238,-1,1,-109
1767174937.511238,-3,-2,-112
1767174937.521238,-2,-1,-113
1767174937.531238,-1,-2,-109
1767174937.541238,-1,-1,-119
1767174937.551238,2,-1,-125
1767174937.561238,1,-2,-126
1767174937.571238,1,-5,-115
1767174937.5812385,3,-3,-110
1767174937.5912385,3,-1,-109
1767174937.6012385,1,-3,-113
1767174937.6112382,0,-3,-116
1767174937.6212382,-3,-1,-119
1767174937.6312382,-3,0,-121
1767174937.6412382,0,0,-124
1767174937.6512382,2,-2,-127
1767174937.6612382,0,-2,-130
1767174937.6712382,0,0,-132
1767174937.6812382,-2,-2,-132
1767174937.6912382,-5,-2,-133
1767174937.7012382,-7,-3,-136
1767174937.711238,-5,-4,-130
1767174937.721238,-5,-1,-135
1767174937.731238,-3,-3,-137
1767174937.741238,0,-1,-137
1767174937.751238,-3,2,-133
1767174937.761238,-1,1,-131
1767174937.771238,-5,0,-127
1767174937.781238,-5,2,-124
1767174937.791238,-1,0,-124
1767174937.801238,1,-4,-119
1767174937.811238,0,-1,-119
1767174937.821238,-1,-4,-114
1767174937.8312385,-1,-3,-114
1767174937.8412385,-4,-1,-122
1767174937.8512385,-1,0,-126
1767174937.8612382,0,-3,-126
1767174937.8712382,3,-1,-124
1767174937.8812382,1,-2,-127
1767174937.8912382,0,-1,-133
1767174937.9012382,1,-1,-133
1767174937.9112382,0,-4,-127
1767174937.9212382,0,-3,-120
1767174937.9312382,1,-2,-124
1767174937.9412382,0,-3,-122
1767174937.9512382,-1,4,-121
1767174937.961238,-2,7,-122
1767174937.971238,-3,3,-116
1767174937.981238,-2,1,-118
1767174937.991238,-4,0,-126
1767174938.001238,-1,-1,-124
1767174938.0122385,1,0,-121
1767174938.021238,4,4,-117
1767174938.031238,6,2,-115
1767174938.041238,3,-1,-122
1767174938.0522382,-2,-1,-121
1767174938.0622382,-3,-1,-119
1767174938.0722382,-1,-1,-130
1767174938.0822382,2,-1,-122
1767174938.0922382,2,3,-123
1767174938.1022382,3,5,-116
1767174938.1122382,0,2,-104
1767174938.1222382,0,0,-105
1767174938.132238,0,0,-116
1767174938.142238,3,0,-120
1767174938.152238,0,-2,-118
1767174938.162238,0,-3,-121
1767174938.172238,0,-3,-116
1767174938.182238,0,0,-119
1767174938.192238,0,0,-120
1767174938.202238,1,0,-122
1767174938.212238,2,1,-126
1767174938.222238,7,1,-126
1767174938.232238,9,-5,-127
1767174938.242238,10,-8,-119
1767174938.252238,15,-2,-121
1767174938.2622385,14,1,-121
1767174938.2722385,12,-1,-116
1767174938.2822382,3,0,-114
1767174938.2922382,3,-1,-119
1767174938.3022382,5,-4,-117
1767174938.3122382,11,-2,-117
1767174938.3222382,12,0,-122
1767174938.3322382,3,-2,-123
1767174938.3422382,1,0,-123
1767174938.3522382,5,0,-122
1767174938.3622382,5,0,-122
1767174938.3722382,2,-3,-118
1767174938.382238,-3,-6,-114
1767174938.392238,-3,-7,-119
1767174938.402238,-6,-4,-121
1767174938.412238,-1,-1,-115
1767174938.422238,-1,4,-118
1767174938.432238,0,1,-120
1767174938.442238,0,-1,-114
1767174938.452238,-5,-2,-111
1767174938.462238,-1,0,-112
1767174938.472238,0,0,-115
1767174938.482238,-3,0,-115
1767174938.492238,-3,0,-113
1767174938.502238,-4,2,-112
1767174938.5122385,-1,4,-121
1767174938.5222385,0,3,-119
1767174938.5322382,4,1,-121
1767174938.5422382,5,-3,-123
1767174938.5522382,2,-3,-129
1767174938.5622382,1,-4,-121
1767174938.5722382,3,-2,-125
1767174938.5822382,6,3,-128
1767174938.5922382,1,2,-133
1767174938.6022382,1,-3,-135
1767174938.6122382,0,-3,-134
1767174938.6222382,0,-2,-134
1767174938.632238,-3,0,-131
1767174938.642238,-3,3,-130
1767174938.652238,-1,-1,-126
1767174938.662238,-8,-6,-128
1767174938.672238,-4,-4,-127
1767174938.682238,-3,-3,-121
1767174938.692238,2,1,-117
1767174938.702238,1,0,-109
1767174938.712238,0,0,-109
1767174938.722238,0,-1,-109
1767174938.732238,2,0,-116
1767174938.742238,4,2,-120
1767174938.752238,7,1,-120
1767174938.7622385,6,-8,-119
1767174938.7722385,3,-5,-120
1767174938.7822382,3,-4,-122
1767174938.7922382,0,-4,-123
1767174938.8022382,0,-1,-122
1767174938.8122382,-2,-1,-124
1767174938.8222382,0,-2,-120
1767174938.8322382,0,-3,-124
1767174938.8422382,3,-6,-125
1767174938.8522382,5,-6,-128
1767174938.8622382,7,-7,-126
1767174938.8722382,10,-9,-129
1767174938.882238,7,-10,-123
1767174938.892238,6,-7,-121
1767174938.902238,5,-4,-109
1767174938.912238,8,0,-115
1767174938.922238,4,-3,-124
1767174938.932238,2,-3,-130
1767174938.942238,0,-1,-129
1767174938.952238,-1,-3,-126
1767174938.962238,-1,-7,-121
1767174938.972238,-4,-2,-125
1767174938.982238,-5,-3,-125
1767174938.992238,-3,0,-130
1767174939.002238,-2,0,-129
1767174939.0122385,0,0,-133
1767174939.0222385,2,1,-130
1767174939.0322382,-1,0,-131
1767174939.0422382,0,0,-136
1767174939.0522382,-3,0,-131
1767174939.0622382,-6,3,-127
1767174939.0722382,-5,2,-131
1767174939.0822382,-1,1,-129
1767174939.0922382,5,2,-123
1767174939.1022382,4,1,-125
1767174939.1122382,0,-3,-118
1767174939.1222382,-1,-7,-112
1767174939.132238,-2,-11,-114
1767174939.142238,1,-6,-109
1767174939.152238,3,-4,-111
1767174939.162238,1,-2,-115
1767174939.172238,-1,-2,-115
1767174939.182238,-5,-3,-109
1767174939.192238,-6,-2,-110
1767174939.202238,-3,1,-116
1767174939.212238,-2,3,-121
1767174939.222238,0,3,-124
1767174939.232238,1,3,-119
1767174939.242238,4,4,-119
1767174939.252238,3,1,-120
1767174939.2622385,-4,0,-121
1767174939.2722385,-1,-1,-123
1767174939.2822382,0,-2,-119
1767174939.2922382,1,1,-118
1767174939.3022382,6,0,-121
1767174939.3122382,5,0,-124
1767174939.3222382,3,1,-123
1767174939.3322382,1,4,-119
1767174939.3422382,4,3,-122
1767174939.3522382,1,0,-124
1767174939.3742385,0,-5,-117
1767174939.382238,0,-1,-114
1767174939.392238,0,0,-119
1767174939.402238,3,-2,-121
1767174939.412238,-1,0,-120
1767174939.422238,-2,-3,-115
1767174939.432238,-5,-8,-116
1767174939.442238,-5,-9,-125
1767174939.452238,-9,-7,-126
1767174939.462238,-8,-6,-123
1767174939.472238,-11,-6,-121
1767174939.482238,-9,-6,-124
1767174939.492238,-6,-4,-126
1767174939.502238,-8,-4,-123
1767174939.5122385,-2,-4,-125
1767174939.5222385,-5,-4,-129
1767174939.5322382,-5,-4,-127
1767174939.5422382,-3,-3,-130
1767174939.5522382,-2,-4,-127
1767174939.5622382,-5,-5,-127
1767174939.5722382,-2,-5,-124
1767174939.5822382,0,-4,-123
1767174939.5922382,-3,-2,-125
1767174939.6022382,-4,-1,-117
1767174939.6122382,-2,-9,-115
1767174939.6222382,-2,-12,-115
1767174939.632238,-2,-13,-121
1767174939.642238,0,-11,-126
1767174939.652238,-5,-11,-126
1767174939.662238,-3,-13,-122
1767174939.672238,-1,-9,-123
1767174939.682238,0,-6,-122
1767174939.692238,0,-4,-117
1767174939.702238,-1,-3,-121
1767174939.712238,4,-1,-120
1767174939.722238,9,-3,-118
1767174939.732238,7,-7,-118
1767174939.742238,4,-6,-116
1767174939.752238,6,-4,-113
1767174939.7622385,2,-5,-115
1767174939.7722385,-2,-6,-119
1767174939.7822382,-3,-2,-117
1767174939.7922382,-5,1,-121
1767174939.8022382,-4,1,-126
1767174939.8122382,-3,1,-120
1767174939.8222382,0,0,-121
1767174939.8322382,1,-7,-123
1767174939.8422382,-1,-8,-117
1767174939.8522382,0,-5,-113
1767174939.8622382,-2,-2,-114
1767174939.8722382,0,-1,-118
1767174939.882238,1,0,-117
1767174939.892238,0,-2,-112
1767174939.902238,4,-3,-111
1767174939.912238,3,-5,-114
1767174939.922238,4,-4,-116
1767174939.932238,3,-5,-118
1767174939.942238,1,-3,-119
1767174939.952238,3,-10,-116
1767174939.962238,4,-9,-120
1767174939.972238,2,-10,-123
1767174939.982238,-1,-8,-120
1767174939.992238,-2,-9,-123
1767174940.0032382,-1,-5,-119
1767174940.0122385,0,-5,-121
1767174940.0222385,1,-4,-120
1767174940.0322382,-1,-4,-127
1767174940.0422382,-1,-1,-126
1767174940.0522382,0,1,-123
1767174940.0622382,0,0,-122
1767174940.0722382,-1,-1,-117
1767174940.0822382,0,0,-115
1767174940.0922382,-1,0,-117
1767174940.1022382,-3,1,-122
1767174940.1122382,0,3,-124
1767174940.1222382,-2,5,-125
1767174940.132238,-4,0,-124
1767174940.142238,-5,0,-127
1767174940.152238,-4,-1,-130
1767174940.162238,0,0,-124
1767174940.172238,-3,0,-115
1767174940.182238,-2,-1,-114
1767174940.192238,-2,5,-117
1767174940.202238,-5,2,-117
1767174940.212238,-6,2,-123
1767174940.222238,-6,-1,-126
1767174940.232238,-5,2,-126
1767174940.242238,-3,4,-123
1767174940.252238,0,5,-129
1767174940.2622385,-2,5,-124
1767174940.2722385,-1,8,-119
1767174940.2822382,1,7,-123
1767174940.2922382,-1,8,-124
1767174940.3022382,-2,5,-130
1767174940.3122382,3,3,-131
1767174940.3222382,5,0,-131
1767174940.3322382,5,3,-133
1767174940.3422382,8,1,-140
1767174940.3522382,6,1,-137
1767174940.3622382,1,2,-131
1767174940.3722382,-2,4,-120
1767174940.382238,-5,4,-116
1767174940.392238,-2,2,-114
1767174940.402238,0,5,-115
1767174940.412238,1,4,-110
1767174940.422238,-1,2,-110
1767174940.432238,-7,0,-114
1767174940.442238,-8,-2,-122
1767174940.452238,-7,-8,-124
1767174940.462238,-7,-9,-123
1767174940.472238,-13,-7,-123
1767174940.482238,-16,-4,-120
1767174940.492238,-16,1,-119
1767174940.502238,-13,4,-123
1767174940.5122385,-15,10,-123
1767174940.5222385,-13,10,-124
1767174940.5322382,-7,8,-122
1767174940.5422382,-6,6,-121
1767174940.5522382,-1,-1,-118
1767174940.5622382,-4,-2,-123
1767174940.5722382,-4,0,-121
1767174940.5822382,-4,0,-119
1767174940.5922382,-3,1,-116
1767174940.6022382,0,1,-114
1767174940.6122382,4,0,-115
1767174940.6222382,6,0,-115
1767174940.632238,1,0,-122
1767174940.642238,-5,-2,-122
1767174940.653238,-2,0,-126
1767174940.662238,-5,-5,-123
1767174940.672238,-9,-3,-119
1767174940.682238,-5,0,-120
1767174940.692238,-6,1,-115
1767174940.702238,-11,-1,-113
1767174940.7132382,-13,0,-113
1767174940.7232382,-8,-5,-116
1767174940.7332382,-5,-7,-113
1767174940.7432382,-5,-9,-113
1767174940.7532382,-5,-9,-120
1767174940.7632382,-3,-1,-118
1767174940.7732382,3,-4,-116
1767174940.7832382,4,0,-117
1767174940.7932382,9,0,-119
1767174940.8032382,5,-2,-121
1767174940.813238,0,-2,-118
1767174940.823238,0,-5,-115
1767174940.833238,3,-2,-110
1767174940.843238,-1,-2,-113
1767174940.853238,0,-1,-116
1767174940.863238,5,-2,-122
1767174940.873238,4,0,-117
1767174940.883238,0,-1,-112
1767174940.893238,-2,-5,-113
1767174940.903238,-5,-5,-111
1767174940.913238,-4,-7,-110
1767174940.923238,-7,-11,-113
1767174940.9332385,-4,-10,-121
1767174940.9432385,-1,-13,-121
1767174940.9532382,-4,-10,-120
1767174940.9632382,-5,-9,-115
1767174940.9732382,-6,-9,-125
1767174940.9832382,-2,-4,-136
1767174940.9932382,-5,-4,-130
1767174941.0032382,-8,-4,-130
1767174941.0132382,-8,-4,-132
1767174941.0232382,-8,-5,-126
1767174941.0332382,-7,-7,-129
1767174941.0432382,-5,-8,-127
1767174941.0532382,-3,-8,-128
1767174941.063238,-6,-10,-130
1767174941.073238,-4,-6,-126
1767174941.083238,-5,-1,-121
1767174941.093238,-3,-1,-122
1767174941.103238,-1,1,-126
1767174941.113238,-7,2,-122
1767174941.123238,-3,-5,-121
1767174941.133238,-4,-2,-113
1767174941.143238,-1,-2,-117
1767174941.153238,0,-2,-121
1767174941.163238,0,-2,-125
1767174941.173238,0,-2,-126
1767174941.1832385,-3,-6,-125
1767174941.1932385,-2,-9,-127
1767174941.2032382,0,-7,-128
1767174941.2132382,0,-3,-127
1767174941.2232382,1,-1,-126
1767174941.2332382,2,-1,-125
1767174941.2432382,4,-5,-129
1767174941.2532382,2,-6,-126
1767174941.2632382,4,-4,-128
1767174941.2732382,2,-2,-127
1767174941.2832382,5,-5,-127
1767174941.2932382,7,-3,-125
1767174941.3032382,7,-7,-129
1767174941.313238,6,-3,-126
1767174941.323238,3,-7,-127
1767174941.333238,4,-10,-128
1767174941.343238,6,-11,-128
1767174941.353238,10,-10,-130
1767174941.363238,5,-8,-129
1767174941.373238,8,-7,-131
1767174941.383238,10,-10,-130
1767174941.393238,12,-8,-128
1767174941.403238,13,-8,-129
1767174941.413238,12,-9,-128
1767174941.423238,7,-2,-131
1767174941.4332385,0,0,-128
1767174941.4432385,0,-1,-124
1767174941.4532382,-1,-4,-121
1767174941.4632382,-2,-8,-124
1767174941.4732382,-4,-9,-125
1767174941.4832382,-6,-8,-123
1767174941.4932382,0,-4,-122
1767174941.5032382,0,-2,-118
1767174941.5132382,-3,-3,-120
1767174941.5232382,-4,-3,-115
1767174941.5332382,-1,-1,-114
1767174941.5432382,-1,2,-114
1767174941.5532382,0,3,-116
1767174941.563238,-3,3,-110
1767174941.573238,1,1,-111
1767174941.583238,-1,2,-118
1767174941.593238,0,2,-121
1767174941.603238,0,1,-123
1767174941.613238,1,-2,-125
1767174941.623238,-1,0,-126
1767174941.633238,-3,4,-117
1767174941.643238,-4,4,-117
1767174941.653238,-7,1,-119
1767174941.663238,-8,-1,-118
1767174941.673238,-7,-2,-121
1767174941.6832385,-4,-1,-122
1767174941.6932385,-2,2,-123
1767174941.7032382,2,0,-128
1767174941.7132382,5,-1,-125
1767174941.7232382,4,-5,-129
1767174941.7332382,4,-4,-126
1767174941.7432382,1,-7,-121
1767174941.7532382,0,-5,-118
1767174941.7632382,2,-2,-117
1767174941.7732382,4,-1,-111
1767174941.7832382,2,-1,-107
1767174941.7932382,0,-2,-105
1767174941.8032382,-4,-8,-114
1767174941.813238,-7,-2,-118
1767174941.823238,-4,0,-116
1767174941.833238,-7,-2,-122
1767174941.843238,-7,0,-125
1767174941.853238,-9,0,-128
1767174941.863238,-1,-2,-120
1767174941.873238,7,-5,-117
1767174941.883238,5,-2,-118
1767174941.893238,4,-3,-121
1767174941.903238,0,-4,-119
1767174941.913238,-1,-3,-120
1767174941.923238,-2,-2,-120
1767174941.9332385,0,-2,-126
1767174941.9432385,-2,-1,-128
1767174941.9532382,-1,0,-130
1767174941.9632382,0,-1,-129
1767174941.9732382,1,0,-127
1767174941.9832382,3,-2,-127
1767174941.9932382,3,-2,-131
1767174942.0032382,2,-2,-134
1767174942.0132382,3,0,-135
1767174942.0232382,2,0,-129
1767174942.0332382,4,0,-127
1767174942.0432382,4,1,-121
1767174942.0532382,0,4,-117
1767174942.063238,4,3,-112
1767174942.073238,8,0,-117
1767174942.083238,4,2,-115
1767174942.093238,5,0,-113
1767174942.103238,4,0,-117
1767174942.113238,1,-2,-120
1767174942.123238,3,-4,-122
1767174942.133238,4,-1,-123
1767174942.143238,1,-4,-124
1767174942.153238,0,-4,-117
1767174942.163238,1,-4,-116
1767174942.173238,2,0,-122
1767174942.1832385,1,-3,-126
1767174942.1932385,0,-7,-129
1767174942.2032382,4,-4,-127
1767174942.2132382,1,-1,-122
1767174942.2232382,3,-2,-130
1767174942.2332382,5,0,-123
1767174942.2432382,3,-4,-128
1767174942.2532382,1,-5,-126
1767174942.2632382,1,-8,-123
1767174942.2732382,-1,-6,-123
1767174942.2832382,-7,-2,-120
1767174942.2932382,-6,-3,-116
1767174942.3032382,-1,-3,-110
1767174942.313238,-1,-1,-109
1767174942.323238,0,-3,-110
1767174942.333238,-4,-4,-112
1767174942.343238,-11,-2,-113
1767174942.353238,-8,-1,-123
1767174942.363238,-4,-1,-128
1767174942.373238,-2,-2,-132
1767174942.383238,-3,-3,-132
1767174942.393238,0,0,-128
1767174942.403238,0,0,-128
1767174942.413238,0,-5,-126
1767174942.423238,0,-9,-128
1767174942.4332385,2,-8,-125
1767174942.4432385,0,-8,-123
1767174942.4532382,2,-8,-124
1767174942.4632382,3,-10,-119
1767174942.4732382,6,-8,-116
1767174942.4832382,6,-4,-118
1767174942.4932382,5,-4,-114
1767174942.5032382,1,-2,-113
1767174942.5132382,-4,-4,-111
1767174942.5232382,-7,-6,-122
1767174942.5332382,-8,-5,-123
1767174942.5432382,-1,-4,-116
1767174942.5532382,1,-6,-111
1767174942.563238,-2,-7,-118
1767174942.573238,0,-1,-116
1767174942.583238,6,0,-116
1767174942.593238,6,-3,-118
1767174942.603238,0,-1,-124
1767174942.613238,0,0,-130
1767174942.623238,0,-2,-132
1767174942.633238,-3,-1,-132
1767174942.643238,-4,3,-127
1767174942.653238,-2,7,-127
1767174942.663238,0,4,-127
1767174942.673238,0,2,-127
1767174942.6832385,2,0,-133
1767174942.6932385,-1,1,-136
1767174942.7032382,3,1,-132
1767174942.7132382,-2,-3,-128
1767174942.7232382,-1,-8,-121
1767174942.7332382,-1,-5,-114
1767174942.7432382,0,0,-114
1767174942.7532382,-1,0,-118
1767174942.7632382,-4,0,-120
1767174942.7732382,-3,0,-122
1767174942.7832382,-5,-5,-125
1767174942.7932382,-10,-7,-127
1767174942.8032382,-10,-5,-125
1767174942.813238,-9,-5,-126
1767174942.823238,-9,-4,-126
1767174942.833238,-5,-4,-124
1767174942.843238,-2,-3,-129
1767174942.853238,0,0,-127
1767174942.863238,3,3,-124
1767174942.873238,3,3,-121
1767174942.883238,0,6,-119
1767174942.893238,0,5,-120
1767174942.903238,-1,9,-118
1767174942.913238,-4,2,-118
1767174942.923238,0,-1,-117
1767174942.9332385,1,-1,-115
1767174942.9432385,4,0,-117
1767174942.9532382,6,0,-112
1767174942.9632382,7,1,-120
1767174942.9732382,5,2,-123
1767174942.9832382,0,0,-124
1767174942.9932382,1,0,-126
1767174943.0032382,0,-3,-122
1767174943.0132382,0,0,-122
1767174943.0232382,-3,1,-120
1767174943.0332382,-2,1,-116
1767174943.0432382,-4,0,-115
1767174943.0532382,-3,2,-118
1767174943.063238,3,-1,-116
1767174943.073238,6,-1,-117
1767174943.083238,3,-2,-114
1767174943.093238,3,1,-115
1767174943.103238,2,0,-112
1767174943.113238,7,-3,-108
1767174943.123238,5,-2,-110
1767174943.133238,5,1,-110
1767174943.143238,2,-1,-111
1767174943.153238,2,0,-120
1767174943.163238,3,-2,-121
1767174943.173238,8,-3,-125
1767174943.1832385,5,0,-126
1767174943.1932385,3,1,-124
1767174943.2032382,4,-2,-124
1767174943.2132382,0,0,-127
1767174943.2232382,-2,-2,-135
1767174943.2332382,-3,-3,-127
1767174943.2432382,-2,-5,-120
1767174943.2532382,0,-3,-123
1767174943.2632382,2,0,-121
1767174943.2732382,0,-3,-116
1767174943.2832382,-1,-3,-120
1767174943.2932382,-3,0,-123
1767174943.3032382,-9,-2,-123
1767174943.313238,-7,-3,-120
1767174943.323238,-4,-2,-111
1767174943.333238,-4,-1,-105
1767174943.343238,-5,-6,-110
1767174943.353238,-3,-8,-112
1767174943.3642385,0,-7,-115
1767174943.373238,1,-10,-122
1767174943.3842382,0,-12,-123
1767174943.3942382,1,-10,-128
1767174943.4042382,2,-2,-125
1767174943.4142382,4,0,-121
1767174943.4242382,-2,-1,-126
1767174943.4342382,-2,-6,-127
1767174943.4442382,-5,-7,-120
1767174943.4542382,-7,-6,-121
1767174943.4642382,-5,-6,-126
1767174943.4742382,0,-4,-129
1767174943.484238,1,-3,-131
1767174943.494238,2,-4,-134
1767174943.504238,-1,-2,-136
1767174943.514238,2,-4,-131
1767174943.524238,3,-3,-129
1767174943.534238,3,-3,-124
1767174943.544238,3,-4,-126
1767174943.554238,1,-2,-125
1767174943.564238,1,-4,-124
1767174943.574238,2,-3,-119
1767174943.584238,2,-5,-118
1767174943.594238,3,-2,-123
1767174943.6042385,1,-4,-121
1767174943.6142385,0,-5,-119
1767174943.6242385,0,-6,-117
1767174943.6342382,0,-3,-116
1767174943.6442382,1,-6,-114
1767174943.6542382,4,-5,-123
1767174943.6642382,3,-1,-122
1767174943.6742382,5,-2,-126
1767174943.6842382,5,-1,-126
1767174943.6942382,8,2,-129
1767174943.7042382,2,-1,-120
1767174943.7142382,-2,-1,-114
1767174943.7242382,0,-1,-110
1767174943.734238,1,2,-112
1767174943.744238,2,3,-117
1767174943.754238,3,0,-116
1767174943.764238,-1,2,-112
1767174943.774238,0,1,-115
1767174943.784238,0,1,-112
1767174943.794238,1,-1,-109
1767174943.804238,1,-6,-113
1767174943.814238,0,-4,-112
1767174943.824238,-4,-4,-114
1767174943.834238,-7,-6,-117
1767174943.844238,-7,-6,-119
1767174943.8542385,-4,-3,-112
1767174943.8642385,-1,-5,-119
1767174943.8742385,-1,-3,-122
1767174943.8842382,0,-3,-122
1767174943.8942382,0,-4,-123
1767174943.9042382,-2,0,-120
1767174943.9142382,0,-1,-118
1767174943.9242382,0,-2,-113
1767174943.9342382,1,-2,-116
1767174943.9442382,1,-4,-119
1767174943.9542382,2,-3,-123
1767174943.9642382,3,-2,-124
1767174943.9742382,6,0,-122
1767174943.984238,9,2,-114
1767174943.994238,3,2,-114
1767174944.004238,0,2,-115
1767174944.014238,-2,0,-114
1767174944.024238,-2,-2,-119
1767174944.034238,0,-8,-124
1767174944.044238,0,-7,-125
1767174944.054238,0,-7,-130
1767174944.064238,-2,-2,-129
1767174944.074238,-3,1,-132
1767174944.084238,1,0,-128
1767174944.094238,2,0,-135
1767174944.1042385,-1,0,-129
1767174944.1142385,3,1,-133
1767174944.1242385,5,0,-131
1767174944.1342382,4,0,-127
1767174944.1442382,3,-1,-122
1767174944.1542382,0,0,-122
1767174944.1642382,-1,1,-123
1767174944.1742382,1,2,-127
1767174944.1842382,0,1,-126
1767174944.1942382,3,-2,-124
1767174944.2042382,3,-2,-121
1767174944.2142382,2,1,-118
1767174944.2242382,1,1,-117
1767174944.234238,4,0,-116
1767174944.244238,0,-2,-121
1767174944.254238,0,0,-119
1767174944.264238,-2,-4,-121
1767174944.274238,-6,-3,-122
1767174944.284238,-11,-5,-117
1767174944.294238,-10,-3,-116
1767174944.304238,-7,-6,-118
1767174944.314238,-6,-6,-117
1767174944.324238,-4,-5,-120
1767174944.334238,0,-4,-117
1767174944.344238,0,-6,-115
1767174944.3542385,0,-6,-116
1767174944.3642385,2,-8,-118
1767174944.386238,0,-4,-113
1767174944.3942382,-1,-5,-126
1767174944.4042382,-1,-3,-128
1767174944.4142382,0,0,-125
1767174944.4242382,2,-5,-133
1767174944.4342382,4,-5,-132
1767174944.4442382,4,0,-123
1767174944.4542382,5,-3,-116
1767174944.4642382,3,-6,-122
1767174944.4742382,1,-7,-122
1767174944.484238,-1,-3,-116
1767174944.494238,-5,-2,-115
1767174944.504238,-3,-1,-121
1767174944.514238,0,-1,-123
1767174944.524238,0,0,-122
1767174944.534238,0,-1,-114
1767174944.544238,0,-2,-117
1767174944.554238,3,-1,-120
1767174944.564238,3,-1,-121
1767174944.574238,5,2,-120
1767174944.584238,5,3,-125
1767174944.594238,2,4,-126
1767174944.6042385,0,3,-132
1767174944.6142385,1,1,-130
1767174944.6242385,0,-2,-130
1767174944.6342382,-1,-4,-130
1767174944.6442382,0,-4,-127
1767174944.6542382,-3,-7,-122
1767174944.6642382,-5,-6,-126
1767174944.6742382,-9,-3,-127
1767174944.6842382,-6,-2,-128
1767174944.6942382,-5,-1,-125
1767174944.7042382,-3,0,-129
1767174944.7142382,-4,0,-120
1767174944.7242382,-4,0,-113
1767174944.734238,0,-1,-119
1767174944.744238,1,-1,-120
1767174944.754238,0,0,-119
1767174944.764238,2,-3,-122
1767174944.774238,1,-1,-125
1767174944.784238,1,-2,-124
1767174944.794238,3,-2,-126
1767174944.804238,3,-2,-122
1767174944.814238,0,0,-122
1767174944.824238,-1,0,-124
1767174944.834238,-4,4,-126
1767174944.844238,-4,3,-126
1767174944.8542385,-5,4,-130
1767174944.8642385,-7,3,-129
1767174944.8742385,-11,1,-115
1767174944.8842382,-7,0,-111
1767174944.8942382,0,-1,-108
1767174944.9042382,-1,-1,-116
1767174944.9142382,0,-1,-117
1767174944.9242382,-1,-3,-110
1767174944.9342382,-6,-2,-109
1767174944.9442382,-8,-2,-117
1767174944.9542382,-10,-3,-120
1767174944.9642382,-5,-6,-127
1767174944.9742382,-1,-3,-133
1767174944.984238,-4,-5,-129
1767174944.994238,-5,-3,-126
1767174945.004238,-3,-6,-134
1767174945.014238,-2,-4,-129
1767174945.024238,-2,-4,-126
1767174945.034238,2,-2,-124
1767174945.044238,5,1,-124
1767174945.054238,5,0,-118
1767174945.064238,7,0,-116
1767174945.074238,8,0,-112
1767174945.084238,8,4,-112
1767174945.094238,6,2,-112
1767174945.1042385,7,3,-110
1767174945.1142385,4,0,-114
1767174945.1242385,6,0,-115
1767174945.1342382,5,-3,-118
1767174945.1442382,4,-1,-122
1767174945.1542382,3,-4,-123
1767174945.1642382,7,-1,-121
1767174945.1742382,5,1,-126
1767174945.1842382,-1,4,-120
1767174945.1942382,-1,4,-118
1767174945.2042382,-4,0,-118
1767174945.2142382,-2,1,-117
1767174945.2242382,-2,0,-118
1767174945.234238,-5,0,-120
1767174945.244238,-5,0,-119
1767174945.254238,-7,0,-118
1767174945.264238,-1,-1,-118
1767174945.274238,1,-5,-127
1767174945.284238,4,-6,-127
1767174945.294238,0,-7,-120
1767174945.304238,5,-4,-115
1767174945.314238,5,-7,-117
1767174945.324238,0,-5,-119
1767174945.334238,0,-3,-119
1767174945.344238,0,-1,-122
1767174945.3542385,-1,-3,-124
1767174945.3642385,0,-7,-123
1767174945.3742385,-5,-4,-125
1767174945.3842382,-9,-7,-127
1767174945.3942382,-9,-9,-135
1767174945.4042382,-7,-6,-129
1767174945.4142382,-7,-7,-128
1767174945.4242382,-4,-7,-134
1767174945.4342382,-3,-5,-128
1767174945.4442382,0,-4,-121
1767174945.4542382,-2,-2,-117
1767174945.4642382,0,-1,-120
1767174945.4742382,1,-4,-124
1767174945.484238,0,-1,-121
1767174945.494238,0,-3,-115
1767174945.504238,-1,-2,-118
1767174945.514238,-4,-4,-115
1767174945.524238,0,-7,-116
1767174945.534238,0,-5,-118
1767174945.544238,5,-4,-120
1767174945.554238,9,-3,-115
1767174945.564238,11,-2,-121
1767174945.574238,9,-3,-125
1767174945.584238,6,-2,-118
1767174945.594238,9,-1,-126
1767174945.6042385,8,0,-125
1767174945.6142385,1,-3,-119
1767174945.6242385,2,-4,-123
1767174945.6342382,3,-2,-126
1767174945.6442382,0,-2,-128
1767174945.6542382,0,-3,-129
1767174945.6642382,3,-7,-129
1767174945.6742382,1,-7,-131
1767174945.6842382,-2,-5,-133
1767174945.6942382,-6,-6,-129
1767174945.7042382,-2,-6,-125
1767174945.7142382,0,-7,-121
1767174945.7242382,-1,-5,-120
1767174945.734238,-1,-4,-126
1767174945.744238,0,-7,-124
1767174945.754238,0,-9,-120
1767174945.764238,0,-5,-118
1767174945.774238,-2,-5,-117
1767174945.784238,2,-5,-119
1767174945.794238,0,-1,-119
1767174945.804238,-2,1,-124
1767174945.814238,-5,0,-122
1767174945.824238,-3,-1,-122
1767174945.834238,0,-4,-124
1767174945.844238,-4,-3,-127
1767174945.8542385,-5,-1,-127
1767174945.8642385,-3,-3,-130
1767174945.8742385,0,-1,-126
1767174945.8842382,5,-4,-130
1767174945.8942382,3,-2,-126
1767174945.9042382,4,-2,-129
1767174945.9142382,4,-2,-129
1767174945.9242382,4,3,-134
1767174945.9342382,2,4,-132
1767174945.9442382,1,2,-126
1767174945.9542382,3,0,-130
1767174945.9642382,4,-4,-132
1767174945.9742382,2,-6,-135
1767174945.984238,3,-3,-134
1767174945.994238,1,0,-135
1767174946.004238,-1,3,-130
1767174946.015238,-3,1,-129
1767174946.025238,-6,0,-122
1767174946.0352385,-4,-2,-127
1767174946.0452385,-6,-1,-127
1767174946.0552382,0,0,-122
1767174946.0652382,4,2,-120
1767174946.0752382,1,2,-124
1767174946.0852382,2,3,-122
1767174946.0952382,-1,2,-121
1767174946.1052382,-4,1,-117
1767174946.1152382,-4,-2,-119
1767174946.1252382,-2,-4,-115
1767174946.1352382,-2,-4,-115
1767174946.1452382,-2,-5,-119
1767174946.1552382,-3,-7,-128
1767174946.165238,-8,-5,-127
1767174946.175238,-7,-4,-131
1767174946.185238,-7,-3,-126
1767174946.195238,-5,-5,-123
1767174946.205238,0,-1,-119
1767174946.215238,0,0,-115
1767174946.225238,0,0,-114
1767174946.235238,2,-1,-112
1767174946.245238,-4,0,-112
1767174946.255238,-5,-1,-109
1767174946.265238,-5,-4,-111
1767174946.275238,-2,-2,-114
1767174946.2852385,1,-2,-114
1767174946.2952385,7,-3,-114
1767174946.3052382,4,-2,-117
1767174946.3152382,2,-4,-124
1767174946.3252382,2,0,-121
1767174946.3352382,0,0,-127
1767174946.3452382,0,1,-135
1767174946.3552382,0,2,-133
1767174946.3652382,-2,-1,-128
1767174946.3752382,-4,-2,-121
1767174946.3852382,-4,1,-121
1767174946.3952382,-7,1,-119
1767174946.4052382,-6,-2,-126
1767174946.415238,-4,-4,-128
1767174946.425238,-6,-4,-125
1767174946.435238,-6,-3,-126
1767174946.445238,0,-2,-126
1767174946.455238,0,0,-124
1767174946.465238,0,0,-122
1767174946.475238,2,0,-120
1767174946.485238,1,-4,-126
1767174946.495238,6,-6,-131
1767174946.505238,4,-4,-129
1767174946.515238,0,0,-121
1767174946.525238,2,-3,-122
1767174946.5352385,7,-5,-121
1767174946.5452385,6,-7,-126
1767174946.5552382,2,-7,-125
1767174946.5652382,0,-9,-126
1767174946.5752382,-2,-9,-135
1767174946.5852382,0,-8,-131
1767174946.5952382,0,-6,-133
1767174946.6052382,-2,-3,-133
1767174946.6152382,0,-2,-132
1767174946.6252382,-3,0,-132
1767174946.6352382,-4,-2,-132
1767174946.6452382,-5,-1,-121
1767174946.6552382,-2,-1,-115
1767174946.665238,-1,-3,-116
1767174946.675238,-3,-2,-119
1767174946.685238,-4,-8,-120
1767174946.695238,-8,-6,-114
1767174946.705238,-9,-1,-116
1767174946.715238,-10,1,-118
1767174946.725238,-10,7,-120
1767174946.735238,-11,3,-119
1767174946.745238,-7,2,-124
1767174946.755238,-4,2,-124
1767174946.765238,-1,1,-126
1767174946.775238,1,0,-123
1767174946.7852385,4,-2,-131
1767174946.7952385,6,0,-130
1767174946.8052382,5,-5,-127
1767174946.8152382,6,-4,-129
1767174946.8252382,5,-1,-126
1767174946.8352382,3,0,-128
1767174946.8452382,6,-2,-125
1767174946.8552382,8,-2,-127
1767174946.8652382,6,-1,-126
1767174946.8752382,7,-4,-125
1767174946.8852382,3,-5,-132
1767174946.8952382,1,-5,-130
1767174946.9052382,-1,-2,-125
1767174946.915238,0,-5,-127
1767174946.925238,-4,-2,-124
1767174946.935238,-7,-4,-122
1767174946.945238,-9,-4,-126
1767174946.955238,-5,0,-128
1767174946.965238,-7,-3,-127
1767174946.975238,-9,-7,-128
1767174946.985238,-7,-1,-125
1767174946.995238,-5,-1,-121
1767174947.005238,-3,0,-119
1767174947.015238,-1,-1,-120
1767174947.025238,-4,-4,-123
1767174947.0352385,-1,-3,-123
1767174947.0452385,-1,-1,-123
1767174947.0552382,0,0,-126
1767174947.0652382,0,1,-122
1767174947.0752382,-6,2,-119
1767174947.0852382,-10,2,-121
1767174947.0952382,-4,6,-121
1767174947.1052382,0,10,-123
1767174947.1152382,-4,5,-122
1767174947.1252382,-7,0,-128
1767174947.1352382,-6,0,-129
1767174947.1452382,-6,1,-121
1767174947.1552382,-4,0,-114
1767174947.165238,-3,0,-109
1767174947.175238,-5,-1,-108
1767174947.185238,-2,-1,-103
1767174947.195238,-2,1,-108
1767174947.205238,0,3,-117
1767174947.215238,1,4,-120
1767174947.225238,0,2,-121
1767174947.235238,0,0,-119
1767174947.245238,0,-1,-117
1767174947.255238,0,-3,-110
1767174947.265238,0,-1,-117
1767174947.275238,-1,-3,-115
1767174947.2852385,2,-3,-118
1767174947.2952385,-1,-4,-119
1767174947.3052382,0,-1,-119
1767174947.3152382,0,-4,-118
1767174947.3252382,0,-9,-117
1767174947.3352382,-1,-13,-121
1767174947.3452382,-5,-16,-116
1767174947.3552382,-6,-16,-106
1767174947.3652382,-3,-14,-110
1767174947.376238,-2,-11,-112
1767174947.3852382,-6,-9,-116
1767174947.3952382,-11,-6,-119
1767174947.4052382,-15,-5,-120
1767174947.415238,-15,-4,-117
1767174947.425238,-9,0,-118
1767174947.435238,-7,-4,-118
1767174947.445238,-8,0,-117
1767174947.455238,-5,1,-119
1767174947.465238,-3,0,-116
1767174947.475238,-1,2,-119
1767174947.485238,1,0,-125
1767174947.495238,1,0,-126
1767174947.505238,0,0,-125
1767174947.515238,3,1,-125
1767174947.525238,0,0,-125
1767174947.5352385,0,-4,-128
1767174947.5452385,-2,0,-124
1767174947.5552382,-2,-1,-118
1767174947.5652382,-8,-5,-116
1767174947.5752382,-7,-5,-121
1767174947.5852382,-5,-6,-120
1767174947.5952382,-3,-6,-115
1767174947.6052382,-2,-5,-112
1767174947.6152382,3,-3,-112
1767174947.6252382,4,-2,-117
1767174947.6352382,0,0,-122
1767174947.6452382,-3,-3,-122
1767174947.6552382,-6,-4,-124
1767174947.665238,-3,-2,-120
1767174947.675238,0,-3,-121
1767174947.685238,0,0,-118
1767174947.695238,-2,-8,-111
1767174947.705238,-1,-7,-115
1767174947.715238,-3,-3,-119
1767174947.725238,-3,-1,-117
1767174947.735238,-6,-2,-114
1767174947.745238,-2,-1,-112
1767174947.755238,-2,-2,-113
1767174947.765238,0,-2,-112
1767174947.775238,5,0,-114
1767174947.7852385,3,-3,-116
1767174947.7952385,3,-2,-116
1767174947.8052382,0,-4,-112
1767174947.8152382,4,-8,-114
1767174947.8252382,2,-5,-117
1767174947.8352382,2,0,-120
1767174947.8452382,4,-2,-115
1767174947.8552382,2,-2,-112
1767174947.8652382,4,-4,-114
1767174947.8752382,4,-1,-117
1767174947.8852382,8,-1,-122
1767174947.8952382,6,-3,-120
1767174947.9052382,4,2,-117
1767174947.915238,2,2,-111
1767174947.925238,2,4,-118
1767174947.935238,1,3,-128
1767174947.945238,-3,1,-125
1767174947.955238,-2,1,-123
1767174947.965238,0,0,-122
1767174947.975238,-2,-5,-121
1767174947.985238,0,-2,-123
1767174947.995238,-3,-1,-125
1767174948.005238,0,-2,-123
1767174948.015238,-2,0,-127
1767174948.025238,-1,0,-126
1767174948.0352385,-1,-1,-120
1767174948.0452385,-2,-3,-118
1767174948.0552382,-4,-5,-114
1767174948.0652382,-12,-4,-119
1767174948.0752382,-14,-6,-125
1767174948.0852382,-10,-5,-133
1767174948.0952382,-8,-4,-122
1767174948.1052382,-3,0,-120
1767174948.1152382,-2,-1,-121
1767174948.1252382,1,-7,-113
1767174948.1352382,1,-6,-116
1767174948.1452382,0,-4,-124
1767174948.1552382,-7,-4,-116
1767174948.165238,-5,-4,-117
1767174948.175238,1,-2,-117
1767174948.185238,-1,0,-127
1767174948.195238,-3,0,-130
1767174948.205238,1,-2,-126
1767174948.215238,0,0,-120
1767174948.225238,-6,-3,-109
1767174948.235238,-5,-6,-107
1767174948.245238,-4,-10,-110
1767174948.255238,-1,-7,-109
1767174948.265238,1,-6,-113
1767174948.275238,0,-6,-115
1767174948.2852385,0,-9,-116
1767174948.2952385,1,-9,-114
1767174948.3052382,0,-3,-119
1767174948.3152382,-1,-3,-120
1767174948.3252382,-2,-2,-123
1767174948.3352382,0,1,-126
1767174948.3452382,-1,3,-123
1767174948.3552382,2,1,-122
1767174948.3652382,3,1,-129
1767174948.3752382,-1,-1,-127
1767174948.3852382,-2,-5,-122
1767174948.3952382,-3,-3,-123
1767174948.4052382,-2,0,-122
1767174948.415238,0,1,-122
1767174948.425238,0,0,-113
1767174948.435238,1,0,-106
1767174948.445238,0,2,-105
1767174948.455238,0,0,-110
1767174948.465238,0,-5,-112
1767174948.475238,-1,-7,-114
1767174948.485238,-2,-4,-108
1767174948.495238,-1,0,-113
1767174948.505238,-2,0,-120
1767174948.515238,0,-1,-124
1767174948.525238,-2,-1,-128
1767174948.5352385,-2,0,-137
1767174948.5452385,-8,3,-141
1767174948.5552382,-6,0,-138
1767174948.5652382,-7,-3,-127
1767174948.5752382,-1,-3,-128
1767174948.5852382,2,-1,-122
1767174948.5952382,4,-4,-121
1767174948.6052382,4,-6,-125
1767174948.6152382,1,-9,-128
1767174948.6252382,0,-10,-127
1767174948.6352382,5,-11,-121
1767174948.6452382,6,-10,-120
1767174948.656238,3,-11,-124
1767174948.666238,-1,-9,-121
1767174948.675238,-2,-6,-121
1767174948.686238,-4,-5,-123
1767174948.696238,-6,-3,-120
1767174948.705238,-3,-3,-117
1767174948.7162385,-1,0,-118
1767174948.7262385,0,0,-115
1767174948.7362382,-5,-3,-119
1767174948.7462382,-2,-3,-119
1767174948.7562382,0,0,-119
1767174948.7662382,-2,0,-119
1767174948.7762382,2,3,-116
1767174948.7862382,4,3,-119
1767174948.7962382,1,2,-121
1767174948.8062382,0,-3,-118
1767174948.8162382,0,-5,-119
1767174948.8262382,1,-6,-115
1767174948.836238,2,-3,-113
1767174948.846238,0,0,-116
1767174948.856238,-2,-1,-115
1767174948.866238,0,-5,-116
1767174948.876238,0,-2,-113
1767174948.886238,-3,-6,-117
1767174948.896238,-3,-6,-122
1767174948.906238,-2,-4,-123
1767174948.916238,-6,0,-119
1767174948.926238,0,0,-123
1767174948.936238,5,4,-126
1767174948.946238,7,7,-124
1767174948.9562385,9,4,-122
1767174948.9662385,10,3,-114
1767174948.9762385,6,2,-118
1767174948.9862382,0,1,-120
1767174948.9962382,-3,0,-124
1767174949.0062382,-3,0,-124
1767174949.0162382,-1,-3,-124
1767174949.0262382,1,-1,-124
1767174949.0362382,0,0,-122
1767174949.0462382,-1,0,-116
1767174949.0562382,-2,3,-116
1767174949.0662382,0,2,-114
1767174949.0762382,0,3,-111
1767174949.086238,2,4,-109
1767174949.096238,2,0,-114
1767174949.106238,0,0,-117
1767174949.116238,0,-1,-121
1767174949.126238,2,0,-118
1767174949.136238,-4,2,-123
1767174949.146238,-3,2,-122
1767174949.156238,3,0,-127
1767174949.166238,4,-1,-116
1767174949.176238,3,-1,-119
1767174949.186238,4,0,-116
1767174949.196238,1,-3,-117
1767174949.2062385,4,1,-118
1767174949.2162385,4,6,-122
1767174949.2262385,7,13,-122
1767174949.2362382,4,11,-126
1767174949.2462382,1,6,-124
1767174949.2562382,2,5,-127
1767174949.2662382,2,10,-125
1767174949.2762382,3,6,-123
1767174949.2862382,4,6,-128
1767174949.2962382,1,4,-124
1767174949.3062382,1,0,-122
1767174949.3162382,5,0,-123
1767174949.3262382,5,-5,-122
1767174949.336238,2,-6,-123
1767174949.346238,2,-5,-121
1767174949.356238,4,-3,-115
1767174949.366238,0,-5,-112
1767174949.376238,-3,-4,-118
1767174949.3982382,-5,-5,-126
1767174949.406238,-7,-6,-128
1767174949.416238,-11,-1,-120
1767174949.426238,-9,-4,-120
1767174949.436238,-4,0,-122
1767174949.446238,0,0,-126
1767174949.4562385,5,3,-125
1767174949.4662385,5,2,-121
1767174949.4762385,4,4,-115
1767174949.4862382,2,1,-117
1767174949.4962382,1,0,-122
1767174949.5062382,2,5,-121
1767174949.5162382,4,2,-121
1767174949.5262382,3,-2,-128
1767174949.5362382,4,-1,-130
1767174949.5462382,4,1,-130
1767174949.5562382,7,4,-128
1767174949.5662382,2,5,-128
1767174949.5762382,-3,0,-132
1767174949.586238,-2,0,-134
1767174949.596238,-3,0,-132
1767174949.606238,-3,-2,-125
1767174949.616238,1,-4,-121
1767174949.626238,0,-6,-118
1767174949.636238,-3,-6,-123
1767174949.646238,-3,-4,-124
1767174949.656238,0,-1,-124
1767174949.666238,-1,0,-128
1767174949.676238,-1,1,-120
1767174949.686238,0,4,-118
1767174949.696238,-1,2,-113
1767174949.7062385,2,1,-108
1767174949.7162385,6,0,-113
1767174949.7262385,3,0,-116
1767174949.7362382,8,-1,-120
1767174949.7462382,6,-1,-120
1767174949.7562382,4,0,-113
1767174949.7662382,2,0,-111
1767174949.7762382,2,-4,-110
1767174949.7862382,3,-3,-111
1767174949.7962382,0,-1,-110
1767174949.8062382,0,2,-113
1767174949.8162382,0,-1,-121
1767174949.8262382,-1,-3,-124
1767174949.836238,-1,-4,-123
1767174949.846238,-1,-5,-124
1767174949.856238,-3,-9,-122
1767174949.866238,0,-10,-127
1767174949.876238,0,-5,-130
1767174949.886238,3,-1,-142
1767174949.896238,2,0,-139
1767174949.906238,1,0,-134
1767174949.916238,-5,1,-125
1767174949.926238,-7,2,-120
1767174949.936238,-7,2,-122
1767174949.946238,-4,0,-122
1767174949.9562385,-5,-3,-126
1767174949.9662385,-3,-5,-127
1767174949.9762385,0,-5,-125
1767174949.9862382,0,-5,-123
1767174949.9962382,1,-5,-116
1767174950.0062382,-1,-2,-117
1767174950.0162382,-3,-1,-122
1767174950.0262382,0,0,-127
1767174950.0362382,1,-1,-123
1767174950.0462382,0,-1,-121
1767174950.0562382,-2,1,-120
1767174950.0662382,-4,2,-115
1767174950.0762382,0,0,-112
1767174950.086238,0,0,-111
1767174950.096238,-5,3,-115
1767174950.106238,0,-1,-114
1767174950.116238,-2,0,-114
1767174950.126238,-2,0,-125
1767174950.136238,-1,-1,-129
1767174950.146238,0,-4,-129
1767174950.156238,1,-1,-131
1767174950.166238,-1,-4,-125
1767174950.176238,0,-3,-119
1767174950.186238,0,-1,-120
1767174950.196238,-5,0,-119
1767174950.2062385,-8,3,-118
1767174950.2162385,-11,-3,-114
1767174950.2262385,-7,-5,-115
1767174950.2362382,-7,-8,-115
1767174950.2462382,-6,-8,-119
1767174950.2562382,-5,-6,-120
1767174950.2662382,-5,-3,-120
1767174950.2762382,-1,-1,-121
1767174950.2862382,-8,-6,-116
1767174950.2962382,-5,-8,-115
1767174950.3062382,-3,-6,-115
1767174950.3162382,-4,-5,-111
1767174950.3262382,-8,-5,-114
1767174950.336238,-6,-4,-104
1767174950.346238,-2,-1,-103
1767174950.356238,0,0,-111
1767174950.366238,-4,3,-115
1767174950.376238,-1,-1,-120
1767174950.386238,3,0,-126
1767174950.396238,4,-3,-132
1767174950.406238,3,-6,-128
1767174950.416238,5,-2,-123
1767174950.426238,4,-1,-123
1767174950.436238,0,1,-123
1767174950.446238,1,5,-124
1767174950.4562385,0,4,-120
1767174950.4662385,2,0,-119
1767174950.4762385,1,0,-117
1767174950.4862382,1,1,-125
1767174950.4962382,1,3,-121
1767174950.5062382,-3,2,-119
1767174950.5162382,-2,0,-117
1767174950.5262382,-4,-2,-120
1767174950.5362382,-4,-6,-123
1767174950.5462382,-6,-6,-123
1767174950.5562382,-3,-5,-130
1767174950.5662382,-3,-5,-138
1767174950.5762382,-5,-7,-134
1767174950.586238,-5,-7,-122
1767174950.596238,-5,-4,-127
1767174950.606238,-4,-5,-131
1767174950.616238,0,-10,-129
1767174950.626238,0,-4,-129
1767174950.636238,-1,1,-129
1767174950.646238,-5,2,-134
1767174950.656238,-6,2,-123
1767174950.666238,-6,-2,-117
1767174950.676238,0,-7,-112
1767174950.686238,0,-6,-117
1767174950.696238,-1,-7,-113
1767174950.7062385,0,-7,-110
1767174950.7162385,-1,-6,-116
1767174950.7262385,0,-3,-120
1767174950.7362382,1,0,-117
1767174950.7462382,2,1,-114
1767174950.7562382,3,-1,-119
1767174950.7662382,1,-1,-125
1767174950.7762382,1,-1,-128
1767174950.7862382,1,-2,-130
1767174950.7962382,0,-2,-132
1767174950.8062382,1,-2,-129
1767174950.8162382,-2,-5,-132
1767174950.8262382,-3,-6,-128
1767174950.836238,-3,-6,-129
1767174950.846238,-7,-1,-126
1767174950.856238,-4,-2,-123
1767174950.866238,-3,-5,-117
1767174950.876238,-2,-3,-114
1767174950.886238,-4,-3,-110
1767174950.896238,-4,0,-113
1767174950.906238,-3,2,-118
1767174950.916238,-5,-2,-112
1767174950.926238,-7,-2,-117
1767174950.936238,-7,-1,-119
1767174950.946238,-6,-1,-121
1767174950.9562385,-3,-1,-117
1767174950.9662385,-2,-3,-116
1767174950.9762385,-2,-5,-111
1767174950.9862382,-1,-4,-113
1767174950.9962382,-2,-1,-113
1767174951.0062382,0,5,-114
1767174951.0162382,-1,6,-115
1767174951.0262382,1,3,-120
1767174951.0362382,-3,3,-123
1767174951.0462382,-3,0,-115
1767174951.0562382,-5,2,-119
1767174951.0662382,-1,4,-118
1767174951.0762382,0,1,-116
1767174951.086238,-1,2,-120
1767174951.096238,0,3,-121
1767174951.106238,0,2,-118
1767174951.116238,3,0,-122
1767174951.126238,4,3,-124
1767174951.136238,2,0,-127
1767174951.146238,3,1,-131
1767174951.156238,2,4,-134
1767174951.166238,0,2,-137
1767174951.176238,0,2,-143
1767174951.186238,0,3,-139
1767174951.196238,-1,5,-137
1767174951.2062385,1,2,-139
1767174951.2162385,10,0,-133
1767174951.2262385,6,-1,-129
1767174951.2362382,4,0,-125
1767174951.2462382,5,-1,-128
1767174951.2562382,9,0,-123
1767174951.2662382,8,0,-123
1767174951.2762382,6,2,-123
1767174951.2862382,4,6,-119
1767174951.2962382,1,3,-113
1767174951.3062382,0,0,-109
1767174951.3162382,0,-1,-105
1767174951.3262382,0,-1,-104
1767174951.336238,-1,-2,-107
1767174951.346238,0,1,-106
1767174951.356238,0,-1,-108
1767174951.366238,-1,0,-115
1767174951.376238,-2,0,-112
1767174951.3872385,-2,1,-110
1767174951.3972385,-5,6,-114
1767174951.4072382,-6,3,-113
1767174951.4172382,-6,0,-118
1767174951.426238,-9,-4,-121
1767174951.4372382,-4,-4,-120
1767174951.4472382,-3,-3,-114
1767174951.4572382,-4,-1,-114
1767174951.4672382,-3,0,-115
1767174951.4772382,-2,-2,-121
1767174951.4872382,0,2,-127
1767174951.4972382,0,-1,-124
1767174951.507238,1,-7,-123
1767174951.517238,5,-5,-117
1767174951.527238,5,-1,-109
1767174951.537238,1,-1,-106
1767174951.547238,7,0,-104
1767174951.557238,8,0,-114
1767174951.567238,5,0,-118
1767174951.577238,2,4,-113
1767174951.587238,1,2,-115
1767174951.597238,-7,3,-108
1767174951.607238,-5,3,-109
1767174951.617238,-6,2,-115
1767174951.627238,-7,5,-116
1767174951.6372385,-3,3,-119
1767174951.6472385,-4,3,-118
1767174951.6572382,-1,1,-123
1767174951.6672382,0,0,-121
1767174951.6772382,-5,-3,-117
1767174951.6872382,-2,-6,-120
1767174951.6972382,-4,-4,-116
1767174951.7072382,-6,-3,-116
1767174951.7172382,-2,-2,-112
1767174951.7272382,-2,-2,-115
1767174951.7372382,-5,-2,-123
1767174951.7472382,-6,-6,-129
1767174951.757238,-6,-7,-129
1767174951.767238,-6,-5,-127
1767174951.777238,-1,-4,-129
1767174951.787238,0,-7,-126
1767174951.797238,1,-6,-123
1767174951.807238,7,-6,-117
1767174951.817238,11,-5,-111
1767174951.827238,5,-6,-106
1767174951.837238,0,-8,-108
1767174951.847238,1,-9,-113
1767174951.857238,-2,-7,-115
1767174951.867238,-3,-4,-116
1767174951.877238,-5,-2,-119
1767174951.8872385,-6,-5,-122
1767174951.8972385,-8,0,-119
1767174951.9072382,-8,3,-120
1767174951.9172382,-10,5,-124
1767174951.9272382,-10,-1,-119
1767174951.9372382,-10,-3,-118
1767174951.9472382,-7,-1,-126
1767174951.9572382,-7,0,-129
1767174951.9672382,-10,1,-126
1767174951.9772382,-10,3,-125
1767174951.9872382,-11,4,-127
1767174951.9972382,-11,1,-130
1767174952.007238,-5,2,-126
1767174952.017238,-9,2,-126
1767174952.027238,-8,0,-122
1767174952.037238,-11,-3,-123
1767174952.047238,-13,-6,-120
1767174952.057238,-13,-5,-119
1767174952.067238,-9,-3,-117
1767174952.077238,-6,-1,-115
1767174952.087238,-9,-2,-116
1767174952.097238,-6,-2,-113
1767174952.107238,-5,-1,-115
1767174952.117238,-7,-1,-105
1767174952.127238,-7,-6,-112
1767174952.1372385,-8,-8,-118
1767174952.1472385,-7,-5,-117
1767174952.1572382,-4,-5,-118
1767174952.1672382,-3,-4,-120
1767174952.1772382,-7,-6,-118
1767174952.1872382,-11,-5,-117
1767174952.1972382,-10,-2,-116
1767174952.2072382,-5,-2,-119
1767174952.2172382,-3,-7,-121
1767174952.2272382,-3,-8,-127
1767174952.2372382,-3,-7,-126
1767174952.2472382,-8,-4,-127
1767174952.257238,-8,-1,-123
1767174952.267238,-5,0,-122
1767174952.277238,-4,-1,-117
1767174952.287238,-4,-2,-123
1767174952.297238,-1,0,-122
1767174952.307238,0,0,-114
1767174952.317238,3,-4,-122
1767174952.327238,4,-3,-124
1767174952.337238,0,-1,-125
1767174952.347238,-2,-3,-115
1767174952.357238,1,-1,-113
1767174952.367238,-1,0,-109
1767174952.377238,-7,1,-111
1767174952.3872385,-10,3,-114
1767174952.3972385,-6,0,-121
1767174952.4072382,-5,-1,-124
1767174952.4172382,-1,0,-129
1767174952.4272382,-2,0,-123
1767174952.4372382,-4,2,-122
1767174952.4472382,-3,3,-124
1767174952.4572382,-2,3,-123
1767174952.4672382,-4,-2,-122
1767174952.4772382,0,-3,-116
1767174952.4872382,0,-4,-118
1767174952.4972382,-2,-5,-117
1767174952.507238,2,-4,-118
1767174952.517238,0,-1,-125
1767174952.527238,-3,-2,-119
1767174952.537238,0,-4,-121
1767174952.547238,2,-2,-120
1767174952.557238,4,-4,-121
1767174952.567238,2,-8,-116
1767174952.577238,0,-4,-111
1767174952.587238,-1,-2,-107
1767174952.597238,-3,-2,-109
1767174952.607238,-1,0,-114
1767174952.617238,0,0,-119
1767174952.627238,0,-2,-117
1767174952.6372385,1,-5,-120
1767174952.6472385,6,-9,-119
1767174952.6572382,3,-5,-122
1767174952.6672382,0,-6,-120
1767174952.6772382,-2,-2,-120
1767174952.6872382,-1,0,-120
1767174952.6972382,0,0,-118
1767174952.7072382,-1,0,-117
1767174952.7172382,-2,2,-117
1767174952.7272382,-3,0,-118
1767174952.7372382,0,-3,-115
1767174952.7472382,0,-5,-119
1767174952.757238,3,-4,-127
1767174952.767238,1,-5,-127
1767174952.777238,3,-5,-120
1767174952.787238,0,-6,-123
1767174952.797238,0,-4,-118
1767174952.807238,0,-6,-123
1767174952.817238,2,-4,-123
1767174952.827238,4,1,-120
1767174952.837238,3,4,-121
1767174952.847238,1,7,-116
1767174952.857238,2,4,-113
1767174952.867238,1,5,-111
1767174952.877238,-1,4,-112
1767174952.8872385,-4,1,-113
1767174952.8972385,-1,-1,-115
1767174952.9072382,0,-1,-118
1767174952.9172382,0,2,-125
1767174952.9272382,3,0,-121
1767174952.9372382,5,2,-123
1767174952.9472382,2,2,-127
1767174952.9572382,3,0,-127
1767174952.9672382,4,0,-124
1767174952.9772382,4,1,-120
1767174952.9872382,1,0,-122
1767174952.9972382,-2,0,-128
1767174953.007238,-2,0,-124
1767174953.017238,-2,0,-121
1767174953.027238,3,-3,-114
1767174953.037238,1,-1,-114
1767174953.047238,-1,2,-119
1767174953.057238,-2,2,-118
1767174953.067238,-6,-1,-117
1767174953.077238,-3,-1,-121
1767174953.087238,-1,0,-126
1767174953.097238,-4,-1,-131
1767174953.107238,-5,3,-129
1767174953.117238,-1,4,-126
1767174953.127238,-7,1,-121
1767174953.1372385,-5,-2,-114
1767174953.1472385,-3,-2,-119
1767174953.1572382,-3,0,-122
1767174953.1672382,-1,-2,-130
1767174953.1772382,0,-10,-130
1767174953.1872382,0,-9,-118
1767174953.1972382,1,-8,-118
1767174953.2072382,3,-7,-115
1767174953.2172382,5,-7,-115
1767174953.2272382,2,-8,-121
1767174953.2372382,5,-4,-126
1767174953.2472382,2,-3,-128
1767174953.257238,3,-7,-128
1767174953.267238,5,-4,-121
1767174953.277238,2,-2,-127
1767174953.287238,4,-1,-124
1767174953.297238,0,-2,-128
1767174953.307238,-2,1,-117
1767174953.317238,-1,3,-110
1767174953.327238,-4,1,-110
1767174953.337238,-3,0,-103
1767174953.347238,-4,-8,-109
1767174953.357238,-3,-9,-115
1767174953.367238,-2,-8,-113
1767174953.377238,0,-6,-113
1767174953.3872385,-3,-5,-110
1767174953.3972385,-2,-5,-105
1767174953.4072382,0,0,-112
1767174953.4172382,-2,-1,-111
1767174953.4272382,-3,0,-111
1767174953.4372382,-4,-1,-113
1767174953.4472382,-5,3,-114
1767174953.4572382,-6,1,-118
1767174953.4672382,0,0,-124
1767174953.4772382,0,2,-121
1767174953.4872382,1,-1,-125
1767174953.4972382,1,-4,-121
1767174953.507238,-3,-3,-127
1767174953.517238,-4,0,-128
1767174953.527238,1,0,-124
1767174953.537238,5,-1,-126
1767174953.547238,3,-5,-124
1767174953.557238,1,-4,-121
1767174953.567238,-3,-4,-119
1767174953.577238,-4,1,-123
1767174953.587238,-5,-3,-127
1767174953.597238,-5,-5,-127
1767174953.607238,0,-5,-128
1767174953.617238,-3,-2,-132
1767174953.627238,-1,5,-125
1767174953.6372385,0,-1,-119
1767174953.6472385,-5,-4,-118
1767174953.6572382,-6,-3,-127
1767174953.6672382,-5,-2,-129
1767174953.6772382,-6,0,-126
1767174953.6872382,-4,0,-121
1767174953.6972382,-4,0,-123
1767174953.7072382,-1,-3,-113
1767174953.7172382,0,-3,-112
1767174953.7272382,3,-2,-118
1767174953.7372382,6,0,-119
1767174953.7472382,3,-1,-118
1767174953.757238,3,-5,-117
1767174953.767238,6,-4,-117
1767174953.777238,2,-4,-122
1767174953.787238,0,0,-123
1767174953.797238,-3,-4,-124
1767174953.807238,-2,-6,-122
1767174953.817238,-4,-3,-124
1767174953.827238,-4,-1,-122
1767174953.837238,-7,2,-125
1767174953.847238,-8,5,-125
1767174953.857238,-9,2,-124
1767174953.867238,-8,0,-119
1767174953.877238,-4,0,-122
1767174953.8872385,-2,0,-122
1767174953.8972385,1,0,-117
1767174953.9072382,0,-5,-113
1767174953.9172382,0,-4,-110
1767174953.9272382,0,-2,-113
1767174953.9372382,0,0,-113
1767174953.9472382,-3,1,-120
1767174953.9572382,-1,0,-123
1767174953.9672382,0,-2,-124
1767174953.9772382,3,-4,-119
1767174953.9872382,4,0,-119
1767174953.9972382,0,0,-122
1767174954.007238,-2,2,-127
1767174954.018238,-1,-1,-132
1767174954.027238,0,-3,-131
1767174954.038238,-1,-1,-129
1767174954.048238,0,0,-129
1767174954.0582385,0,1,-127
1767174954.0682385,0,0,-126
1767174954.077238,-2,2,-124
1767174954.0882382,-3,1,-122
1767174954.0982382,2,-1,-115
1767174954.1082382,4,-4,-116
1767174954.1182382,3,-4,-115
1767174954.1282382,3,-6,-122
1767174954.1382382,0,-4,-122
1767174954.1482382,4,-2,-118
1767174954.1582382,4,-1,-116
1767174954.1682382,2,1,-118
1767174954.1782382,3,-1,-117
1767174954.188238,3,-3,-113
1767174954.198238,2,-6,-120
1767174954.208238,3,-4,-117
1767174954.218238,1,-7,-116
1767174954.228238,0,-7,-116
1767174954.238238,3,-5,-120
1767174954.248238,2,1,-125
1767174954.258238,0,5,-132
1767174954.268238,-2,2,-129
1767174954.278238,-4,0,-128
1767174954.288238,-3,1,-123
1767174954.298238,0,3,-129
1767174954.3082385,1,4,-126
1767174954.3182385,2,3,-124
1767174954.3282382,6,3,-124
1767174954.3382382,3,0,-125
1767174954.3482382,6,0,-130
1767174954.3582382,5,-1,-131
1767174954.3682382,2,-6,-130
1767174954.3782382,1,-5,-130
1767174954.3882382,0,-2,-128
1767174954.409238,2,-3,-126
1767174954.4182382,3,-4,-124
1767174954.4282382,3,-2,-124
1767174954.438238,7,0,-120
1767174954.448238,4,0,-119
1767174954.458238,2,-1,-119
1767174954.468238,0,-5,-123
1767174954.478238,1,-6,-125
1767174954.488238,-2,-6,-126
1767174954.498238,-2,-5,-124
1767174954.508238,1,-6,-118
1767174954.518238,-1,-8,-116
1767174954.528238,0,-6,-116
1767174954.538238,-3,-3,-120
1767174954.548238,1,-7,-123
1767174954.5582385,1,-1,-125
1767174954.5682385,0,-3,-130
1767174954.5782382,0,-2,-124
1767174954.5882382,0,0,-117
1767174954.5982382,0,3,-112
1767174954.6082382,3,2,-116
1767174954.6182382,0,0,-116
1767174954.6282382,1,-1,-119
1767174954.6382382,-1,-3,-118
1767174954.6482382,-5,0,-117
1767174954.6582382,-2,2,-115
1767174954.6682382,1,2,-119
1767174954.6782382,4,4,-123
1767174954.688238,4,2,-120
1767174954.698238,5,1,-117
1767174954.708238,1,1,-113
1767174954.718238,0,4,-110
1767174954.728238,-1,6,-109
1767174954.738238,-4,5,-111
1767174954.748238,-4,1,-112
1767174954.758238,-1,0,-121
1767174954.768238,0,-6,-115
1767174954.778238,3,-4,-121
1767174954.788238,2,-7,-127
1767174954.798238,1,-6,-129
1767174954.8082385,2,-3,-126
1767174954.8182385,5,-1,-128
1767174954.8282382,6,0,-125
1767174954.8382382,1,5,-120
1767174954.8482382,1,1,-124
1767174954.8582382,2,-1,-123
1767174954.8682382,1,-7,-127
1767174954.8782382,4,-8,-121
1767174954.8882382,9,-5,-116
1767174954.8982382,8,-2,-120
1767174954.9082382,9,1,-125
1767174954.9182382,10,0,-120
1767174954.9282382,7,0,-120
1767174954.938238,4,0,-123
1767174954.948238,3,-4,-131
1767174954.958238,-3,-5,-126
1767174954.968238,-3,0,-127
1767174954.978238,-6,1,-126
1767174954.988238,-5,0,-126
1767174954.998238,-5,0,-122
1767174955.008238,-1,1,-117
1767174955.018238,0,0,-121
1767174955.028238,-5,-3,-121
1767174955.038238,-10,-5,-118
1767174955.048238,-7,-2,-117
1767174955.0582385,-5,2,-109
1767174955.0682385,-5,4,-115
1767174955.0782382,-8,3,-121
1767174955.0882382,-7,1,-119
1767174955.0982382,-5,0,-128
1767174955.1082382,-3,-3,-131
1767174955.1182382,-3,-6,-130
1767174955.1282382,0,-7,-126
1767174955.1382382,-1,-4,-117
1767174955.1482382,-1,-5,-115
1767174955.1582382,0,-7,-113
1767174955.1682382,3,-7,-113
1767174955.1782382,3,-7,-117
1767174955.188238,3,-2,-114
1767174955.198238,2,-1,-111
1767174955.208238,-1,-1,-119
1767174955.218238,0,2,-119
1767174955.228238,-2,3,-109
1767174955.238238,-3,0,-116
1767174955.248238,0,-3,-122
1767174955.258238,0,-7,-124
1767174955.268238,-1,-7,-118
1767174955.278238,-2,-1,-116
1767174955.288238,0,1,-116
1767174955.298238,-3,0,-118
1767174955.3082385,-1,-2,-116
1767174955.3182385,0,2,-116
1767174955.3282382,0,6,-122
1767174955.3382382,-3,3,-123
1767174955.3482382,-1,3,-123
1767174955.3582382,-1,3,-120
1767174955.3682382,0,-2,-115
1767174955.3782382,4,-6,-116
1767174955.3882382,3,-9,-114
1767174955.3982382,2,-9,-113
1767174955.4082382,2,-8,-116
1767174955.4182382,5,-8,-121
1767174955.4282382,5,-7,-120
1767174955.438238,-1,-6,-117
1767174955.448238,-1,-7,-116
1767174955.458238,0,-7,-118
1767174955.468238,2,-4,-125
1767174955.478238,-1,-8,-122
1767174955.488238,-4,-7,-120
1767174955.498238,0,-9,-115
1767174955.508238,-2,-13,-114
1767174955.518238,-4,-8,-116
1767174955.528238,-5,-10,-112
1767174955.538238,-5,-9,-108
1767174955.548238,-5,-5,-112
1767174955.5582385,-2,-3,-117
1767174955.5682385,0,-5,-120
1767174955.5782382,6,-5,-120
1767174955.5882382,6,-7,-117
1767174955.5982382,2,-4,-123
1767174955.6082382,4,-5,-122
1767174955.6182382,4,-4,-121
1767174955.6282382,6,-3,-124
1767174955.6382382,3,0,-122
1767174955.6482382,8,0,-119
1767174955.6582382,3,2,-114
1767174955.6682382,0,0,-115
1767174955.6782382,0,-1,-116
1767174955.688238,1,2,-119
1767174955.698238,2,5,-112
1767174955.708238,0,6,-111
1767174955.718238,0,4,-116
1767174955.728238,-4,5,-114
1767174955.738238,-7,0,-112
1767174955.748238,-3,-1,-103
1767174955.758238,-3,-1,-103
1767174955.768238,-9,0,-111
1767174955.778238,-4,-1,-109
1767174955.788238,-4,0,-112
1767174955.798238,-1,0,-111
1767174955.8082385,-2,0,-111
1767174955.8182385,-1,-3,-118
1767174955.8282382,0,-5,-113
1767174955.8382382,-2,-4,-113
1767174955.8482382,0,-10,-109
1767174955.8582382,-2,-10,-116
1767174955.8682382,0,-4,-123
1767174955.8782382,-1,0,-128
1767174955.8882382,-4,-2,-132
1767174955.8982382,-1,-4,-129
1767174955.9082382,-1,-3,-126
1767174955.9182382,0,0,-128
1767174955.9282382,1,0,-127
1767174955.938238,0,0,-126
1767174955.948238,0,1,-124
1767174955.958238,1,3,-119
1767174955.968238,0,0,-115
1767174955.978238,8,0,-118
1767174955.988238,7,2,-120
1767174955.998238,4,2,-123
1767174956.008238,4,1,-123
1767174956.018238,2,-1,-116
1767174956.028238,2,-1,-116
1767174956.038238,1,-2,-111
1767174956.048238,3,0,-114
1767174956.0582385,-3,-1,-111
1767174956.0682385,-4,-3,-114
1767174956.0782382,-4,-1,-120
1767174956.0882382,-2,1,-122
1767174956.0982382,-2,4,-115
1767174956.1082382,-3,7,-115
1767174956.1182382,-6,1,-113
1767174956.1282382,-7,3,-116
1767174956.1382382,-6,3,-121
1767174956.1482382,-8,3,-132
1767174956.1582382,-7,1,-132
1767174956.1682382,-10,0,-132
1767174956.1782382,-7,-1,-123
1767174956.188238,-7,0,-125
1767174956.198238,-3,0,-123
1767174956.208238,0,0,-121
1767174956.218238,-2,-3,-122
1767174956.228238,0,-2,-125
1767174956.238238,0,0,-118
1767174956.248238,-1,2,-114
1767174956.258238,-4,5,-116
1767174956.268238,-8,6,-122
1767174956.278238,-3,3,-130
1767174956.288238,2,0,-133
1767174956.298238,4,-2,-132
1767174956.3082385,5,-5,-129
1767174956.3182385,4,-4,-127
1767174956.3282382,0,-2,-123
1767174956.3382382,-1,-1,-115
1767174956.3482382,0,0,-111
1767174956.3582382,-2,0,-118
1767174956.3682382,0,-8,-124
1767174956.3782382,-2,-7,-128
1767174956.3882382,-5,-5,-121
1767174956.3982382,-4,-5,-118
1767174956.4082382,-9,-3,-116
1767174956.4182382,-12,-2,-111
1767174956.4282382,-8,-5,-112
1767174956.438238,-2,-2,-113
1767174956.448238,2,0,-114
1767174956.458238,0,-3,-115
1767174956.468238,-1,-7,-115
1767174956.478238,-1,-6,-116
1767174956.488238,-2,-5,-122
1767174956.498238,0,-6,-118
1767174956.508238,1,0,-123
1767174956.518238,-1,0,-122
1767174956.528238,-1,-7,-121
1767174956.538238,0,-7,-117
1767174956.548238,0,-8,-115
1767174956.5582385,0,-4,-112
1767174956.5682385,0,-2,-116
1767174956.5782382,-2,0,-117
1767174956.5882382,-4,0,-122
1767174956.5982382,-1,0,-121
1767174956.6082382,-3,-1,-120
1767174956.6182382,-1,-2,-116
1767174956.6282382,-3,1,-115
1767174956.6382382,-5,0,-118
1767174956.649238,-3,-4,-125
1767174956.6582382,0,-2,-121
1767174956.6682382,0,0,-118
1767174956.6782382,1,0,-120
1767174956.688238,0,0,-126
1767174956.699238,-1,0,-119
1767174956.709238,3,2,-122
1767174956.719238,1,1,-125
1767174956.7292385,2,1,-123
1767174956.7392385,4,-1,-127
1767174956.7492385,4,0,-122
1767174956.7592382,3,0,-118
1767174956.7692382,6,0,-120
1767174956.7792382,3,1,-128
1767174956.7892382,1,3,-132
1767174956.7992382,6,2,-130
1767174956.8092382,4,3,-134
1767174956.8192382,1,0,-133
1767174956.8292382,0,1,-127
1767174956.8392382,-1,5,-122
1767174956.8492382,3,7,-125
1767174956.859238,2,3,-127
1767174956.869238,0,6,-131
1767174956.879238,-1,7,-129
1767174956.889238,-3,4,-128
1767174956.899238,-2,4,-127
1767174956.909238,-3,6,-125
1767174956.919238,-2,5,-123
1767174956.929238,-4,0,-119
1767174956.939238,-3,-3,-117
1767174956.949238,-2,-4,-115
1767174956.959238,-1,-1,-113
1767174956.969238,-3,2,-119
1767174956.9792385,-5,0,-114
1767174956.9892385,-3,0,-117
1767174956.9992385,-5,0,-118
1767174957.0092382,-1,1,-114
1767174957.0192382,0,0,-107
1767174957.0292382,1,0,-107
1767174957.0392382,-2,0,-105
1767174957.0492382,-4,0,-102
1767174957.0592382,-7,3,-102
1767174957.0692382,-8,0,-106
1767174957.0792382,-4,-1,-110
1767174957.0892382,-1,1,-116
1767174957.0992382,-3,0,-117
1767174957.109238,-4,0,-116
1767174957.119238,0,2,-123
1767174957.129238,0,0,-122
1767174957.139238,0,0,-118
1767174957.149238,-5,-1,-114
1767174957.159238,-4,-2,-117
1767174957.169238,-4,-2,-115
1767174957.179238,-4,-1,-114
1767174957.189238,0,0,-113
1767174957.199238,0,-3,-120
1767174957.209238,0,-6,-117
1767174957.219238,0,-5,-120
1767174957.2292385,-2,-3,-122
1767174957.2392385,-5,0,-114
1767174957.2492385,-7,1,-111
1767174957.2592382,-4,1,-111
1767174957.2692382,-6,2,-106
1767174957.2792382,-3,2,-110
1767174957.2892382,-3,3,-112
1767174957.2992382,-4,5,-112
1767174957.3092382,-1,5,-113
1767174957.3192382,-1,6,-117
1767174957.3292382,-5,1,-114
1767174957.3392382,-5,0,-120
1767174957.3492382,-4,1,-118
1767174957.359238,-5,-2,-115
1767174957.369238,-2,1,-115
1767174957.379238,0,2,-115
1767174957.389238,3,0,-113
1767174957.399238,2,-2,-115
1767174957.409238,1,-2,-119
1767174957.419238,0,-1,-119
1767174957.429238,0,-3,-110
1767174957.439238,-1,-2,-108
1767174957.449238,-2,-2,-108
1767174957.459238,-3,3,-112
1767174957.469238,0,2,-116
1767174957.4792385,-2,0,-117
1767174957.4892385,0,-2,-118
1767174957.4992385,1,-2,-118
1767174957.5092382,-3,0,-118
1767174957.5192382,-4,-1,-121
1767174957.5292382,0,-5,-120
1767174957.5392382,0,-4,-121
1767174957.5492382,0,0,-114
1767174957.5592382,0,-2,-115
1767174957.5692382,1,1,-122
1767174957.5792382,6,2,-119
1767174957.5892382,1,0,-119
1767174957.5992382,0,-5,-128
1767174957.609238,3,-4,-125
1767174957.619238,3,-3,-130
1767174957.629238,7,-6,-126
1767174957.639238,10,-4,-131
1767174957.649238,3,-3,-129
1767174957.659238,3,-6,-134
1767174957.669238,0,-5,-131
1767174957.679238,3,-6,-129
1767174957.689238,4,-5,-128
1767174957.699238,3,-2,-137
1767174957.709238,0,-3,-125
1767174957.719238,0,-3,-112
1767174957.7292385,4,-1,-110
1767174957.7392385,1,2,-113
1767174957.7492385,-1,1,-115
1767174957.7592382,-4,0,-108
1767174957.7692382,0,-2,-110
1767174957.7792382,-5,2,-115
1767174957.7892382,-2,0,-120
1767174957.7992382,-1,3,-131
1767174957.8092382,-1,3,-136
1767174957.8192382,0,-1,-135
1767174957.8292382,3,-4,-128
1767174957.8392382,5,-3,-131
1767174957.8492382,2,-8,-126
1767174957.859238,0,-10,-128
1767174957.869238,2,-8,-123
1767174957.879238,0,-5,-125
1767174957.889238,0,-2,-120
1767174957.899238,5,-2,-123
1767174957.909238,4,-3,-127
1767174957.919238,8,-3,-123
1767174957.929238,5,0,-119
1767174957.939238,2,4,-129
1767174957.949238,6,2,-138
1767174957.959238,3,0,-130
1767174957.969238,4,-4,-123
1767174957.9792385,3,-7,-123
1767174957.9892385,3,-3,-129
1767174957.9992385,-2,-2,-127
1767174958.0092382,-3,0,-133
1767174958.0192382,2,2,-140
1767174958.0292382,3,1,-137
1767174958.0392382,0,1,-134
1767174958.0492382,2,-1,-135
1767174958.0592382,0,-2,-135
1767174958.0692382,1,3,-132
1767174958.0792382,-1,1,-127
1767174958.0892382,0,0,-127
1767174958.0992382,-2,-2,-128
1767174958.109238,-2,0,-126
1767174958.119238,-3,-2,-126
1767174958.129238,0,0,-129
1767174958.139238,0,-3,-129
1767174958.149238,-1,0,-121
1767174958.159238,1,-2,-120
1767174958.169238,3,-3,-118
1767174958.179238,7,-4,-116
1767174958.189238,7,-4,-113
1767174958.199238,6,-7,-119
1767174958.209238,5,-8,-119
1767174958.219238,8,-2,-117
1767174958.2292385,5,-6,-115
1767174958.2392385,4,-6,-115
1767174958.2492385,1,-5,-113
1767174958.2592382,0,-6,-120
1767174958.2692382,0,-7,-118
1767174958.2792382,-2,-5,-118
1767174958.2892382,0,-7,-115
1767174958.2992382,-1,-5,-118
1767174958.3092382,0,-8,-113
1767174958.3192382,0,-8,-113
1767174958.3292382,1,-9,-120
1767174958.3392382,-2,-9,-118
1767174958.3492382,0,-7,-119
1767174958.359238,2,-8,-125
1767174958.369238,2,-10,-126
1767174958.379238,5,-12,-120
1767174958.389238,6,-5,-116
1767174958.399238,6,-4,-115
1767174958.409238,6,-5,-114
1767174958.419238,-1,-7,-118
1767174958.429238,0,-12,-120
1767174958.439238,5,-10,-120
1767174958.449238,5,-9,-117
1767174958.459238,1,-3,-118
1767174958.469238,-1,0,-128
1767174958.4792385,-4,2,-131
1767174958.4892385,0,0,-131
1767174958.4992385,2,0,-127
1767174958.5092382,4,3,-119
1767174958.5192382,6,2,-119
1767174958.5292382,7,3,-125
1767174958.5392382,4,0,-120
1767174958.5492382,4,-4,-120
1767174958.5592382,3,-2,-120
1767174958.5692382,3,-3,-119
1767174958.5792382,4,-3,-125
1767174958.5892382,4,1,-131
1767174958.5992382,-3,0,-134
1767174958.609238,-6,-3,-128
1767174958.619238,-4,-2,-131
1767174958.629238,-4,-6,-129
1767174958.639238,-4,-9,-125
1767174958.649238,-4,-7,-116
1767174958.659238,-1,-11,-113
1767174958.669238,3,-7,-113
1767174958.679238,2,-4,-110
1767174958.689238,2,-2,-117
1767174958.699238,2,-2,-116
1767174958.709238,1,1,-113
1767174958.719238,-2,2,-121
1767174958.7292385,0,0,-114
1767174958.7392385,0,0,-109
1767174958.7492385,0,0,-109
1767174958.7592382,-2,-2,-115
1767174958.7692382,-1,-2,-124
1767174958.7792382,-5,0,-138
1767174958.7892382,-4,-5,-140
1767174958.7992382,-6,-3,-135
1767174958.8092382,-3,3,-130
1767174958.8192382,-1,0,-124
1767174958.8292382,-2,-2,-117
1767174958.8392382,1,-2,-114
1767174958.8492382,1,-1,-114
1767174958.859238,0,-1,-114
1767174958.869238,3,0,-107
1767174958.879238,6,-6,-112
1767174958.889238,8,-11,-117
1767174958.899238,10,-9,-115
1767174958.909238,1,-4,-115
1767174958.919238,-1,-1,-115
1767174958.929238,0,0,-118
1767174958.939238,-1,-5,-116
1767174958.949238,3,-1,-115
1767174958.959238,5,0,-123
1767174958.969238,3,-3,-131
1767174958.9792385,2,-1,-134
1767174958.9892385,0,2,-130
1767174958.9992385,1,1,-131
1767174959.0092382,2,2,-128
1767174959.0192382,-1,1,-122
1767174959.0292382,-3,1,-112
1767174959.0392382,-6,4,-111
1767174959.050238,-5,0,-106
1767174959.0592382,-3,-2,-104
1767174959.0692382,0,0,-113
1767174959.0792382,4,2,-121
1767174959.0892382,8,0,-113
1767174959.0992382,2,0,-118
1767174959.109238,3,-2,-126
1767174959.119238,4,1,-126
1767174959.129238,4,3,-124
1767174959.139238,2,3,-122
1767174959.149238,0,5,-127
1767174959.159238,2,1,-125
1767174959.169238,6,1,-125
1767174959.179238,2,-1,-121
1767174959.189238,2,0,-125
1767174959.199238,5,0,-123
1767174959.209238,4,0,-121
1767174959.219238,2,3,-116
1767174959.2292385,0,5,-116
1767174959.2392385,1,2,-116
1767174959.2492385,3,0,-117
1767174959.2592382,3,-4,-123
1767174959.2692382,2,-7,-122
1767174959.2792382,5,-8,-114
1767174959.2892382,3,-11,-119
1767174959.2992382,7,-10,-118
1767174959.3092382,7,-7,-120
1767174959.3192382,5,-4,-118
1767174959.3292382,4,-6,-114
1767174959.3392382,-2,-8,-113
1767174959.3492382,-1,-8,-110
1767174959.359238,2,-3,-119
1767174959.370238,1,-1,-119
1767174959.379238,4,2,-120
1767174959.390238,5,0,-129
1767174959.400238,7,-1,-126
1767174959.4212382,-3,-7,-123
1767174959.429238,-2,-8,-124
1767174959.4402382,-1,-10,-122
1767174959.4502382,0,-9,-125
1767174959.4602382,4,-5,-121
1767174959.4702382,3,0,-118
1767174959.4802382,-2,1,-115
1767174959.4902382,6,0,-114
1767174959.5002382,2,0,-121
1767174959.5102382,4,0,-123
1767174959.5202382,6,-8,-122
1767174959.5302382,7,-10,-117
1767174959.540238,4,-8,-110
1767174959.550238,3,-7,-107
1767174959.560238,2,-5,-111
1767174959.570238,3,-5,-106
1767174959.580238,-1,-5,-109
1767174959.590238,-4,-3,-110
1767174959.600238,0,0,-117
1767174959.610238,1,0,-122
1767174959.620238,2,0,-126
1767174959.630238,1,-1,-129
1767174959.640238,0,-3,-125
1767174959.650238,1,1,-126
1767174959.6602385,0,0,-123
1767174959.6702385,-2,1,-128
1767174959.6802382,-4,1,-126
1767174959.6902382,-6,1,-122
1767174959.7002382,-6,4,-117
1767174959.7102382,-6,4,-116
1767174959.7202382,-1,1,-112
1767174959.7302382,0,-3,-113
1767174959.7402382,1,-4,-118
1767174959.7502382,0,-3,-119
1767174959.7602382,1,-2,-115
1767174959.7702382,3,0,-118
1767174959.7802382,3,4,-120
1767174959.790238,0,1,-119
1767174959.800238,0,-2,-122
1767174959.810238,-3,-3,-118
1767174959.820238,-5,0,-115
1767174959.830238,-3,-3,-119
1767174959.840238,-1,-5,-123
1767174959.850238,-2,-2,-123
1767174959.860238,-2,0,-124
1767174959.870238,0,1,-122
1767174959.880238,1,-1,-123
1767174959.890238,0,-4,-121
1767174959.900238,7,-2,-125
1767174959.9102385,10,0,-122
1767174959.9202385,8,3,-112
1767174959.9302382,5,0,-117
1767174959.9402382,4,-3,-124
1767174959.9502382,1,-3,-122
1767174959.9602382,0,-4,-121
1767174959.9702382,2,-5,-122
1767174959.9802382,3,-5,-119
1767174959.9902382,4,-4,-119
1767174960.0002382,1,-5,-120
1767174960.0102382,0,-2,-114
1767174960.0202382,0,1,-115
1767174960.0302382,0,-2,-123
1767174960.040238,-5,-7,-124
1767174960.050238,-5,-7,-127
1767174960.060238,-6,-5,-124
1767174960.070238,-6,-3,-126
1767174960.080238,-2,-4,-129
1767174960.090238,0,-5,-125
1767174960.100238,2,-2,-118
1767174960.110238,3,-2,-116
1767174960.120238,4,-6,-112
1767174960.130238,0,-5,-116
1767174960.140238,-1,-6,-125
1767174960.150238,-4,-9,-130
1767174960.1602385,-1,-8,-131
1767174960.1702385,-1,-7,-132
1767174960.1802382,-1,-3,-132
1767174960.1902382,-3,-2,-127
1767174960.2002382,-2,1,-126
1767174960.2102382,-3,0,-129
1767174960.2202382,-4,-1,-132
1767174960.2302382,-5,-2,-130
1767174960.2402382,-2,0,-126
1767174960.2502382,-2,0,-127
1767174960.2602382,-2,0,-127
1767174960.2702382,-2,0,-127
1767174960.2802382,-3,-1,-123
1767174960.290238,-2,-3,-133
1767174960.300238,-1,-5,-136
1767174960.310238,-4,-6,-137
1767174960.320238,-1,-7,-139
1767174960.330238,-3,-6,-134
1767174960.340238,-1,-6,-126
1767174960.350238,2,-3,-127
1767174960.360238,2,-6,-125
1767174960.370238,-4,-8,-124
1767174960.380238,-3,-5,-121
1767174960.390238,-3,-2,-117
1767174960.400238,-2,-3,-123
1767174960.4102385,-1,0,-122
1767174960.4202385,-5,0,-124
1767174960.4302382,-7,2,-127
1767174960.4402382,-7,6,-128
1767174960.4502382,-3,0,-127
1767174960.4602382,-4,0,-126
1767174960.4702382,-3,-1,-130
1767174960.4802382,-2,1,-126
1767174960.4902382,0,0,-125
1767174960.5002382,1,-3,-124
1767174960.5102382,-1,-6,-125
1767174960.5202382,-1,-8,-123
1767174960.5302382,-1,-9,-124
1767174960.540238,0,-9,-128
1767174960.550238,3,-8,-128
1767174960.560238,4,-9,-125
1767174960.570238,2,-4,-127
1767174960.580238,0,-2,-126
1767174960.590238,-2,-5,-123
1767174960.600238,-1,-6,-126
1767174960.610238,6,-4,-121
1767174960.620238,3,0,-120
1767174960.630238,2,1,-121
1767174960.640238,3,-1,-118
1767174960.650238,2,0,-120
1767174960.6602385,0,2,-121
1767174960.6702385,-3,7,-121
1767174960.6802382,0,6,-121
1767174960.6902382,-1,3,-125
1767174960.7002382,-2,0,-123
1767174960.7102382,0,0,-118
1767174960.7202382,-2,1,-113
1767174960.7302382,-2,3,-112
1767174960.7402382,0,3,-113
1767174960.7502382,1,3,-110
1767174960.7602382,0,1,-112
1767174960.7702382,0,0,-111
1767174960.7802382,0,-4,-112
1767174960.790238,5,-4,-114
1767174960.800238,3,-2,-113
1767174960.810238,3,-1,-116
1767174960.820238,0,-4,-117
1767174960.830238,-2,-2,-119
1767174960.840238,-4,-2,-116
1767174960.850238,-1,-1,-117
1767174960.860238,-3,-4,-118
1767174960.870238,-4,-2,-117
1767174960.880238,-4,-3,-112
1767174960.890238,-2,-2,-116
1767174960.900238,-4,-3,-116
1767174960.9102385,-5,0,-120
1767174960.9202385,-9,0,-123
1767174960.9302382,-2,-5,-124
1767174960.9402382,3,-3,-120
1767174960.9502382,2,-2,-122
1767174960.9602382,3,0,-124
1767174960.9702382,2,-2,-124
1767174960.9802382,2,-1,-122
1767174960.9902382,0,0,-121
1767174961.0002382,1,-1,-123
1767174961.0102382,-3,-1,-125
1767174961.0202382,-3,-1,-129
1767174961.0302382,0,-1,-121
1767174961.040238,4,-2,-116
1767174961.050238,5,-3,-116
1767174961.060238,3,0,-117
1767174961.070238,2,0,-114
1767174961.080238,6,0,-114
1767174961.090238,1,0,-118
1767174961.100238,-3,-2,-125
1767174961.110238,0,-6,-124
1767174961.120238,-6,-4,-126
1767174961.130238,-11,-2,-118
1767174961.140238,-14,-1,-114
1767174961.150238,-14,2,-115
1767174961.1602385,-15,4,-116
1767174961.1702385,-14,2,-120
1767174961.1802382,-13,0,-121
1767174961.1902382,-10,1,-121
1767174961.2002382,-10,0,-122
1767174961.2102382,-6,-7,-125
1767174961.2202382,-2,-6,-123
1767174961.2302382,-3,0,-122
1767174961.2402382,-6,-1,-120
1767174961.2502382,-6,3,-120
1767174961.2602382,-3,2,-118
1767174961.2702382,-1,0,-120
1767174961.2802382,3,0,-121
1767174961.290238,2,-2,-130
1767174961.300238,1,-3,-133
1767174961.310238,5,-2,-128
1767174961.320238,2,-4,-121
1767174961.330238,0,-7,-117
1767174961.340238,0,-4,-118
1767174961.350238,0,0,-120
1767174961.360238,1,1,-121
1767174961.370238,2,0,-118
1767174961.380238,0,3,-122
1767174961.390238,-3,5,-126
1767174961.400238,-2,6,-129
1767174961.4102385,-1,1,-127
1767174961.4202385,-2,0,-132
1767174961.4302382,-1,0,-127
1767174961.4402382,0,-3,-120
1767174961.4502382,6,-3,-113
1767174961.4602382,10,-2,-114
1767174961.4702382,7,-3,-117
1767174961.4802382,12,-5,-123
1767174961.4902382,9,-2,-121
1767174961.5002382,13,-3,-125
1767174961.5102382,10,-2,-123
1767174961.5202382,4,-4,-124
1767174961.5302382,0,-1,-125
1767174961.540238,1,1,-123
1767174961.550238,1,2,-124
1767174961.560238,-3,5,-123
1767174961.570238,-2,1,-121
1767174961.580238,-2,6,-124
1767174961.590238,-1,3,-125
1767174961.600238,1,-1,-123
1767174961.610238,0,-3,-123
1767174961.620238,0,-3,-124
1767174961.630238,4,-5,-116
1767174961.640238,5,-6,-116
1767174961.650238,4,-6,-113
1767174961.6602385,5,-4,-112
1767174961.6702385,8,-3,-124
1767174961.6802382,7,-7,-125
1767174961.6902382,6,-7,-131
1767174961.7002382,4,-5,-132
1767174961.7102382,0,-1,-137
1767174961.7202382,1,-3,-133
1767174961.7302382,3,-3,-136
1767174961.7402382,1,-5,-135
1767174961.7502382,2,-3,-123
1767174961.7602382,3,-2,-118
1767174961.7702382,0,-2,-118
1767174961.7802382,0,-2,-116
1767174961.790238,-1,1,-109
1767174961.800238,0,3,-109
1767174961.810238,-1,-2,-111
1767174961.820238,-3,-1,-116
1767174961.830238,-6,1,-124
1767174961.840238,-4,0,-126
1767174961.850238,-2,0,-126
1767174961.860238,0,-1,-131
1767174961.870238,-2,-5,-128
1767174961.880238,-4,-6,-128
1767174961.890238,-3,-8,-129
1767174961.900238,-1,-4,-133
1767174961.9102385,-1,-1,-123
1767174961.9202385,-3,-4,-122
1767174961.9302382,3,-5,-123
1767174961.9402382,1,-5,-118
1767174961.9502382,-1,-2,-125
1767174961.9602382,-4,-3,-132
1767174961.9702382,-5,-1,-132
1767174961.9802382,-3,-3,-129
1767174961.9902382,-3,-3,-124
1767174962.0002382,-2,-1,-124
1767174962.011238,0,-1,-126
1767174962.021238,3,0,-123
1767174962.0302382,3,1,-120
1767174962.041238,0,2,-121
1767174962.051238,5,-1,-122
1767174962.061238,0,1,-118
1767174962.071238,1,1,-118
1767174962.0812385,2,0,-123
1767174962.0912385,0,-6,-132
1767174962.1012385,0,-3,-123
1767174962.1112382,-1,-4,-121
1767174962.1212382,1,-6,-112
1767174962.1312382,0,-1,-109
1767174962.1412382,-1,-2,-113
1767174962.1512382,-1,-1,-110
1767174962.1612382,-1,-2,-115
1767174962.1712382,1,-3,-112
1767174962.1802382,0,0,-117
1767174962.1912382,3,-5,-116
1767174962.2012382,0,-3,-115
1767174962.211238,0,-3,-112
1767174962.221238,0,-4,-116
1767174962.231238,-2,-4,-117
1767174962.241238,-6,-3,-117
1767174962.251238,-5,-5,-119
1767174962.261238,-6,-5,-119
1767174962.271238,-5,-5,-115
1767174962.281238,-2,-4,-114
1767174962.291238,-5,-3,-114
1767174962.301238,-7,-1,-119
1767174962.311238,-11,-3,-124
1767174962.321238,-7,-5,-114
1767174962.3312385,-8,-7,-110
1767174962.3412385,-2,-9,-115
1767174962.3512385,2,-6,-110
1767174962.3612382,4,-4,-110
1767174962.3712382,0,-4,-119
1767174962.3812382,0,-6,-117
1767174962.3912382,3,-10,-116
1767174962.4012382,0,-8,-120
1767174962.4112382,0,-5,-119
1767174962.4212382,1,-6,-116
1767174962.4312382,1,-1,-116
1767174962.4412382,0,3,-113
1767174962.4512382,2,2,-114
1767174962.461238,-1,0,-107
1767174962.471238,-1,3,-106
1767174962.481238,3,3,-104
1767174962.491238,4,0,-108
1767174962.501238,3,0,-119
1767174962.511238,7,0,-121
1767174962.521238,10,1,-120
1767174962.531238,5,0,-121
1767174962.541238,4,-2,-121
1767174962.551238,5,-5,-130
1767174962.561238,1,-7,-127
1767174962.571238,0,-6,-126
1767174962.5812385,0,-9,-129
1767174962.5912385,-1,-3,-127
1767174962.6012385,0,0,-122
1767174962.6112382,1,-2,-126
1767174962.6212382,0,-6,-124
1767174962.6312382,0,-5,-123
1767174962.6412382,-1,-4,-127
1767174962.6512382,-4,-3,-131
1767174962.6612382,-2,-2,-132
1767174962.6712382,0,-3,-132
1767174962.6812382,-1,-8,-132
1767174962.6912382,-5,-8,-137
1767174962.7012382,-8,-7,-133
1767174962.711238,-7,-3,-123
1767174962.721238,-4,0,-118
1767174962.731238,-2,-3,-117
1767174962.741238,0,-7,-118
1767174962.751238,-2,-4,-115
1767174962.761238,0,-4,-120
1767174962.771238,1,-5,-115
1767174962.781238,-1,-7,-110
1767174962.791238,-3,-5,-113
1767174962.801238,-2,0,-114
1767174962.811238,2,-1,-118
1767174962.821238,1,-4,-121
1767174962.8312385,0,-7,-124
1767174962.8412385,-2,-2,-122
1767174962.8512385,0,-4,-119
1767174962.8612382,-2,-8,-123
1767174962.8712382,1,-6,-124
1767174962.8812382,3,-6,-125
1767174962.8912382,6,-5,-129
1767174962.9012382,3,-2,-126
1767174962.9112382,1,-5,-130
1767174962.9212382,2,-4,-128
1767174962.9312382,0,0,-131
1767174962.9412382,1,2,-132
1767174962.9512382,-1,3,-127
1767174962.961238,-6,0,-122
1767174962.971238,-5,1,-124
1767174962.981238,-3,-4,-130
1767174962.991238,-2,-5,-132
1767174963.001238,0,-5,-128
1767174963.011238,3,-5,-122
1767174963.021238,3,-2,-123
1767174963.031238,2,-6,-121
1767174963.041238,0,-3,-117
1767174963.051238,-1,-5,-114
1767174963.061238,0,-5,-115
1767174963.071238,2,-5,-118
1767174963.0812385,0,-6,-116
1767174963.0912385,-1,-7,-113
1767174963.1012385,-5,-8,-114
1767174963.1112382,-4,-7,-121
1767174963.1212382,-3,-4,-123
1767174963.1312382,0,-3,-121
1767174963.1412382,2,0,-120
1767174963.1512382,3,-2,-111
1767174963.1612382,0,-1,-118
1767174963.1712382,-1,0,-116
1767174963.1812382,0,2,-120
1767174963.1912382,1,0,-116
1767174963.2012382,6,0,-116
1767174963.211238,6,0,-115
1767174963.221238,5,1,-113
1767174963.231238,5,0,-116
1767174963.241238,8,0,-124
1767174963.251238,4,0,-123
1767174963.261238,0,-1,-116
1767174963.271238,-2,2,-106
1767174963.281238,-4,0,-112
1767174963.291238,-3,-1,-116
1767174963.301238,-3,-5,-117
1767174963.311238,-3,-1,-121
1767174963.321238,-5,-5,-126
1767174963.3312385,-10,-6,-130
1767174963.3412385,-9,-9,-125
1767174963.3512385,-8,-3,-122
1767174963.3612382,-6,-6,-120
1767174963.3712382,-8,-5,-116
1767174963.3812382,-6,-9,-123
1767174963.3912382,-2,-8,-114
1767174963.4012382,0,-6,-110
1767174963.4112382,1,-8,-109
1767174963.4212382,3,-3,-111
1767174963.4312382,2,-2,-115
1767174963.4412382,3,-1,-115
1767174963.4512382,5,-1,-117
1767174963.461238,8,0,-115
1767174963.471238,7,5,-121
1767174963.481238,9,4,-114
1767174963.491238,6,1,-117
1767174963.501238,3,0,-115
1767174963.511238,3,-3,-119
1767174963.521238,1,0,-120
1767174963.531238,-1,1,-120
1767174963.541238,-3,0,-119
1767174963.551238,1,-2,-115
1767174963.561238,1,-4,-116
1767174963.571238,-2,-1,-118
1767174963.5812385,-2,0,-113
1767174963.5912385,1,1,-114
1767174963.6012385,-1,0,-110
1767174963.6112382,-5,-3,-109
1767174963.6212382,-3,1,-110
1767174963.6312382,0,3,-105
1767174963.6412382,0,3,-110
1767174963.6512382,1,-3,-110
1767174963.6612382,-1,-2,-110
1767174963.6712382,0,-3,-113
1767174963.6812382,-5,-2,-112
1767174963.6912382,-4,2,-115
1767174963.7012382,-2,0,-118
1767174963.711238,0,-2,-119
1767174963.721238,6,-4,-121
1767174963.731238,1,-3,-129
1767174963.741238,0,-2,-131
1767174963.751238,1,-3,-126
1767174963.761238,5,-2,-132
1767174963.771238,0,-2,-133
1767174963.781238,0,-6,-129
1767174963.791238,-3,-4,-127
1767174963.801238,0,-2,-134
1767174963.811238,-2,-6,-129
1767174963.821238,-2,-2,-132
1767174963.8312385,-6,-2,-136
1767174963.8412385,-6,-2,-127
1767174963.8512385,-9,0,-121
1767174963.8612382,-10,2,-122
1767174963.8712382,-9,0,-121
1767174963.8812382,-4,0,-125
1767174963.8912382,-3,4,-125
1767174963.9012382,2,4,-120
1767174963.9112382,2,3,-123
1767174963.9212382,0,3,-125
1767174963.9312382,3,3,-125
1767174963.9412382,5,-5,-123
1767174963.9512382,0,-3,-121
1767174963.961238,3,-5,-114
1767174963.971238,0,-2,-115
1767174963.981238,-1,0,-116
1767174963.991238,0,-5,-115
1767174964.001238,0,-6,-111
1767174964.011238,1,-5,-114
1767174964.021238,0,-1,-122
1767174964.031238,3,-4,-120
1767174964.041238,7,-7,-121
1767174964.051238,9,-5,-122
1767174964.061238,7,-4,-124
1767174964.071238,2,-4,-120
1767174964.0812385,-1,-5,-114
1767174964.0912385,-1,-9,-109
1767174964.1012385,-1,-9,-109
1767174964.1112382,-1,-8,-114
1767174964.1212382,-5,-7,-123
1767174964.1312382,-1,-6,-124
1767174964.1412382,1,-6,-129
1767174964.1512382,3,-7,-129
1767174964.1612382,3,-6,-125
1767174964.1712382,3,-5,-124
1767174964.1812382,8,-5,-124
1767174964.1912382,7,-1,-124
1767174964.2012382,8,-2,-124
1767174964.211238,5,-4,-124
1767174964.221238,6,-2,-123
1767174964.231238,0,-1,-128
1767174964.241238,0,-4,-126
1767174964.251238,-1,0,-129
1767174964.261238,1,-2,-131
1767174964.271238,6,-1,-135
1767174964.281238,3,0,-133
1767174964.291238,0,-1,-126
1767174964.301238,3,-1,-121
1767174964.311238,-2,0,-117
1767174964.321238,0,0,-119
1767174964.3312385,0,2,-121
1767174964.3412385,0,0,-123
1767174964.3512385,-6,0,-124
1767174964.3612382,-5,-2,-120
1767174964.3712382,-4,0,-108
1767174964.3812382,-1,1,-107
1767174964.3912382,-1,1,-109
1767174964.4012382,2,-1,-115
1767174964.4112382,7,-6,-116
1767174964.4332385,1,-5,-117
1767174964.4412382,0,-6,-124
1767174964.4512382,0,-6,-118
1767174964.461238,-1,-4,-117
1767174964.471238,-1,-4,-117
1767174964.481238,1,-3,-116
1767174964.491238,0,-3,-112
1767174964.501238,2,0,-115
1767174964.511238,-1,-1,-115
1767174964.521238,0,0,-111
1767174964.531238,0,0,-116
1767174964.541238,2,0,-117
1767174964.551238,0,0,-110
1767174964.561238,-2,-1,-112
1767174964.571238,1,-1,-115
1767174964.5812385,-1,-2,-123
1767174964.5912385,0,-4,-120
1767174964.6012385,0,-3,-123
1767174964.6112382,4,-6,-120
1767174964.6212382,0,-3,-120
1767174964.6312382,0,-8,-117
1767174964.6412382,0,-11,-116
1767174964.6512382,1,-7,-122
1767174964.6612382,0,-7,-126
1767174964.6712382,4,-5,-124
1767174964.6812382,6,0,-121
1767174964.692238,6,-3,-117
1767174964.702238,2,-3,-114
1767174964.712238,-4,-2,-122
1767174964.722238,-2,-2,-121
1767174964.731238,2,3,-118
1767174964.742238,5,4,-118
1767174964.752238,4,3,-119
1767174964.7622385,5,4,-124
1767174964.7722385,4,2,-117
1767174964.7822382,5,-2,-113
1767174964.7922382,7,-9,-114
1767174964.8022382,10,-7,-113
1767174964.8122382,8,-5,-106
1767174964.8222382,4,-6,-111
1767174964.8322382,2,-8,-117
1767174964.8422382,3,-6,-117
1767174964.8522382,0,-5,-121
1767174964.8622382,-2,-1,-119
1767174964.8722382,-4,-4,-125
1767174964.882238,-5,-2,-123
1767174964.892238,-4,-3,-122
1767174964.902238,-1,-3,-122
1767174964.912238,1,-2,-120
1767174964.922238,0,-1,-115
1767174964.932238,-1,-2,-110
1767174964.942238,-2,-1,-114
1767174964.952238,1,1,-115
1767174964.962238,0,3,-110
1767174964.972238,0,2,-112
1767174964.982238,-2,2,-107
1767174964.992238,0,3,-107
1767174965.002238,3,2,-115
1767174965.0122385,2,4,-119
1767174965.0222385,4,1,-125
1767174965.0322382,1,-3,-122
1767174965.0422382,1,-2,-121
1767174965.0522382,-3,-6,-125
1767174965.0622382,-4,-5,-126
1767174965.0722382,-2,-4,-122
1767174965.0822382,-2,-1,-119
1767174965.0922382,-2,0,-127
1767174965.1022382,3,1,-124
1767174965.1122382,3,-1,-119
1767174965.1222382,0,-6,-117
1767174965.132238,0,-1,-117
1767174965.142238,0,1,-119
1767174965.152238,-4,-2,-113
1767174965.162238,-2,-1,-118
1767174965.172238,-1,-1,-116
1767174965.182238,-1,1,-114
1767174965.192238,-2,0,-117
1767174965.202238,-4,-1,-116
1767174965.212238,-2,1,-116
1767174965.222238,-2,-1,-114
1767174965.232238,0,-2,-113
1767174965.242238,1,-3,-117
1767174965.252238,3,-1,-120
1767174965.2622385,5,0,-125
1767174965.2722385,8,0,-124
1767174965.2822382,8,0,-123
1767174965.2922382,6,-2,-121
1767174965.3022382,5,-2,-123
1767174965.3122382,3,0,-127
1767174965.3222382,0,4,-135
1767174965.3322382,2,6,-138
1767174965.3422382,4,3,-130
1767174965.3522382,2,1,-133
1767174965.3622382,1,1,-128
1767174965.3722382,-4,-3,-120
1767174965.382238,-2,-3,-115
1767174965.392238,1,-4,-121
1767174965.402238,2,-3,-116
1767174965.412238,0,-1,-115
1767174965.422238,1,0,-116
1767174965.432238,3,2,-115
1767174965.442238,2,0,-114
1767174965.452238,1,0,-113
1767174965.462238,0,0,-118
1767174965.472238,1,0,-119
1767174965.482238,-3,-3,-124
1767174965.492238,-9,0,-125
1767174965.502238,-7,-4,-126
1767174965.5122385,-3,-7,-121
1767174965.5222385,0,-6,-120
1767174965.5322382,2,-1,-119
1767174965.5422382,9,0,-118
1767174965.5522382,7,-1,-117
1767174965.5622382,5,0,-113
1767174965.5722382,1,-1,-115
1767174965.5822382,1,0,-113
1767174965.5922382,0,-4,-116
1767174965.6022382,0,-1,-108
1767174965.6122382,-1,-2,-113
1767174965.6222382,-2,-3,-112
1767174965.632238,-1,-1,-117
1767174965.642238,-4,0,-116
1767174965.652238,0,-1,-121
1767174965.662238,-1,1,-123
1767174965.672238,0,2,-123
1767174965.682238,-1,3,-126
1767174965.692238,0,2,-130
1767174965.702238,0,0,-130
1767174965.712238,0,0,-133
1767174965.722238,2,0,-132
1767174965.732238,1,3,-129
1767174965.742238,1,4,-130
1767174965.752238,0,2,-124
1767174965.7622385,0,6,-124
1767174965.7722385,1,9,-121
1767174965.7822382,1,9,-122
1767174965.7922382,-1,7,-122
1767174965.8022382,2,4,-128
1767174965.8122382,3,2,-125
1767174965.8222382,0,4,-127
1767174965.8322382,0,3,-126
1767174965.8422382,-1,4,-130
1767174965.8522382,-5,2,-124
1767174965.8622382,-4,1,-125
1767174965.8722382,-2,4,-128
1767174965.882238,-2,1,-129
1767174965.892238,-4,-2,-123
1767174965.902238,-4,-2,-123
1767174965.912238,-11,-3,-122
1767174965.922238,-6,-4,-115
1767174965.932238,-3,-5,-120
1767174965.942238,-8,-8,-118
1767174965.952238,-6,-4,-119
1767174965.962238,-10,-4,-123
1767174965.972238,-10,1,-122
1767174965.982238,-6,-1,-127
1767174965.992238,-5,0,-129
1767174966.002238,-5,2,-129
1767174966.0122385,-4,0,-124
1767174966.0222385,-6,0,-125
1767174966.0322382,-6,0,-126
1767174966.0422382,-4,-4,-125
1767174966.0522382,0,-6,-121
1767174966.0622382,0,-4,-126
1767174966.0722382,0,0,-127
1767174966.0822382,2,0,-126
1767174966.0922382,1,2,-125
1767174966.1022382,0,-3,-126
1767174966.1122382,0,-2,-126
1767174966.1222382,-3,-4,-131
1767174966.132238,-2,-7,-128
1767174966.142238,-1,-3,-129
1767174966.152238,-2,-4,-127
1767174966.162238,-5,0,-128
1767174966.172238,-4,-5,-132
1767174966.182238,0,-7,-136
1767174966.192238,-2,-10,-136
1767174966.202238,0,-8,-132
1767174966.212238,5,-3,-135
1767174966.222238,3,-1,-136
1767174966.232238,3,-4,-135
1767174966.242238,1,-5,-132
1767174966.252238,2,-5,-126
1767174966.2622385,6,-5,-115
1767174966.2722385,1,-3,-115
1767174966.2822382,0,-3,-122
1767174966.2922382,1,-4,-130
1767174966.3022382,2,-4,-131
1767174966.3122382,4,-6,-130
1767174966.3222382,6,-2,-128
1767174966.3322382,9,0,-131
1767174966.3422382,6,-2,-132
1767174966.3522382,4,-3,-134
1767174966.3622382,2,-2,-136
1767174966.3722382,2,0,-133
1767174966.382238,0,0,-129
1767174966.392238,-2,-3,-125
1767174966.402238,0,-1,-129
1767174966.412238,-1,0,-130
1767174966.422238,-4,-1,-128
1767174966.432238,-2,0,-131
1767174966.442238,1,1,-132
1767174966.452238,-2,-2,-132
1767174966.462238,-6,-1,-129
1767174966.472238,-6,-2,-128
1767174966.482238,-4,-3,-125
1767174966.492238,0,0,-123
1767174966.502238,5,1,-115
1767174966.5122385,1,3,-113
1767174966.5222385,-3,0,-117
1767174966.5322382,-1,2,-117
1767174966.5422382,-4,3,-124
1767174966.5522382,-8,0,-122
1767174966.5622382,-7,-3,-123
1767174966.5722382,-7,-2,-120
1767174966.5822382,-4,-3,-120
1767174966.5922382,-5,-3,-124
1767174966.6022382,-7,-3,-123
1767174966.6122382,-6,0,-119
1767174966.6222382,-7,2,-126
1767174966.632238,-5,6,-122
1767174966.642238,-3,2,-124
1767174966.652238,-3,0,-120
1767174966.662238,-6,5,-117
1767174966.672238,-5,8,-114
1767174966.682238,-3,6,-119
1767174966.692238,-4,5,-123
1767174966.702238,-4,3,-124
1767174966.712238,-2,2,-122
1767174966.722238,0,1,-120
1767174966.732238,-5,1,-118
1767174966.742238,-4,0,-116
1767174966.752238,-5,-2,-118
1767174966.7622385,0,1,-116
1767174966.7722385,0,-1,-122
1767174966.7822382,1,0,-123
1767174966.7922382,1,1,-121
1767174966.8022382,4,3,-119
1767174966.8122382,6,0,-124
1767174966.8222382,1,-2,-129
1767174966.8322382,-2,-5,-134
1767174966.8422382,-2,-6,-137
1767174966.8522382,1,-7,-138
1767174966.8622382,0,-6,-130
1767174966.8722382,0,-4,-134
1767174966.882238,-1,-1,-141
1767174966.892238,-3,2,-138
1767174966.902238,-1,3,-132
1767174966.912238,3,-3,-132
1767174966.922238,0,-4,-132
1767174966.932238,0,-6,-133
1767174966.942238,0,-6,-129
1767174966.952238,-5,-6,-126
1767174966.962238,-4,-7,-115
1767174966.972238,-6,-4,-111
1767174966.982238,-3,0,-113
1767174966.992238,1,-3,-110
1767174967.002238,8,-3,-111
1767174967.0122385,10,-2,-107
1767174967.0222385,7,-3,-116
1767174967.0322382,2,-5,-119
1767174967.0422382,0,-3,-123
1767174967.0522382,-1,-3,-116
1767174967.0622382,2,1,-119
1767174967.0722382,3,-1,-120
1767174967.0822382,8,0,-117
1767174967.0922382,3,-3,-120
1767174967.1022382,2,0,-122
1767174967.1122382,2,3,-121
1767174967.1222382,3,0,-118
1767174967.132238,5,-3,-117
1767174967.142238,5,-4,-115
1767174967.152238,0,-3,-125
1767174967.162238,-4,-1,-124
1767174967.172238,-2,-7,-121
1767174967.182238,-4,-6,-117
1767174967.192238,1,-6,-114
1767174967.202238,4,-5,-124
1767174967.212238,1,-1,-128
1767174967.222238,1,0,-126
1767174967.232238,0,0,-125
1767174967.242238,-1,0,-121
1767174967.252238,-4,4,-114
1767174967.2622385,-4,2,-114
1767174967.2722385,-1,3,-113
1767174967.2822382,-3,3,-108
1767174967.2922382,-1,5,-107
1767174967.3022382,1,3,-107
1767174967.3122382,2,3,-110
1767174967.3222382,-2,0,-113
1767174967.3322382,0,-2,-117
1767174967.3422382,-1,0,-113
1767174967.3522382,-3,1,-116
1767174967.3622382,-4,0,-115
1767174967.373238,-6,4,-117
1767174967.382238,-4,5,-114
1767174967.393238,-1,5,-114
1767174967.403238,1,1,-112
1767174967.413238,-1,0,-114
1767174967.423238,0,1,-115
1767174967.4332385,0,4,-115
1767174967.4432385,-1,4,-116
1767174967.4532382,-1,3,-125
1767174967.4632382,0,-2,-123
1767174967.4732382,1,-4,-123
1767174967.4832382,3,-5,-126
1767174967.4932382,4,-4,-128
1767174967.5032382,0,-3,-123
1767174967.5132382,0,-6,-129
1767174967.5232382,0,-3,-129
1767174967.5332382,-2,0,-126
1767174967.5432382,-4,0,-127
1767174967.5532382,-8,-3,-126
1767174967.563238,-6,-4,-120
1767174967.573238,-9,0,-118
1767174967.583238,-5,-5,-114
1767174967.593238,-3,-3,-115
1767174967.603238,0,-3,-115
1767174967.613238,5,0,-121
1767174967.623238,6,0,-120
1767174967.633238,5,1,-119
1767174967.643238,7,1,-117
1767174967.653238,2,1,-123
1767174967.663238,2,-1,-120
1767174967.673238,0,-4,-120
1767174967.6832385,1,0,-131
1767174967.6932385,-4,0,-123
1767174967.7032382,-2,0,-125
1767174967.7132382,-1,5,-120
1767174967.7232382,0,5,-125
1767174967.7332382,-5,1,-120
1767174967.7432382,-7,1,-120
1767174967.7532382,-6,0,-118
1767174967.7632382,-6,-6,-121
1767174967.7732382,-10,-4,-117
1767174967.7832382,-5,-1,-129
1767174967.7932382,0,-1,-132
1767174967.8032382,-2,1,-121
1767174967.813238,-1,2,-122
1767174967.823238,-1,4,-127
1767174967.833238,2,2,-124
1767174967.843238,-3,4,-127
1767174967.853238,-5,2,-123
1767174967.863238,-4,1,-127
1767174967.873238,0,-1,-127
1767174967.883238,0,0,-119
1767174967.893238,0,0,-122
1767174967.903238,4,-1,-130
1767174967.913238,7,-2,-139
1767174967.923238,9,-1,-133
1767174967.9332385,5,-3,-133
1767174967.9432385,0,-5,-130
1767174967.9532382,-3,-4,-125
1767174967.9632382,-2,-2,-122
1767174967.9732382,-3,0,-117
1767174967.9832382,-3,0,-116
1767174967.9932382,-4,-2,-126
1767174968.0032382,-2,-5,-127
1767174968.0132382,-3,-4,-122
1767174968.0232382,-8,-7,-123
1767174968.0332382,-5,-7,-119
1767174968.0432382,-7,-5,-114
1767174968.0532382,-7,-6,-113
1767174968.063238,-3,-7,-113
1767174968.073238,-6,-3,-117
1767174968.083238,-11,-5,-119
1767174968.093238,-6,-3,-125
1767174968.103238,-3,-1,-127
1767174968.113238,-4,0,-132
1767174968.123238,-4,-2,-136
1767174968.133238,-1,-5,-130
1767174968.143238,0,-4,-130
1767174968.153238,1,-6,-132
1767174968.163238,-1,-2,-125
1767174968.173238,-4,0,-130
1767174968.1832385,-7,0,-126
1767174968.1932385,-7,0,-131
1767174968.2032382,-10,-1,-129
1767174968.2132382,-6,-1,-122
1767174968.2232382,-5,0,-122
1767174968.2332382,-5,1,-122
1767174968.2432382,-5,1,-126
1767174968.2532382,-2,0,-119
1767174968.2632382,0,-1,-110
1767174968.2732382,1,-4,-116
1767174968.2832382,2,-1,-124
1767174968.2932382,0,0,-129
1767174968.3032382,0,-1,-127
1767174968.313238,-1,-1,-129
1767174968.323238,0,-3,-129
1767174968.333238,1,-3,-127
1767174968.343238,-4,-2,-125
1767174968.353238,-1,-3,-124
1767174968.363238,-4,0,-123
1767174968.373238,-2,-2,-124
1767174968.383238,-2,-1,-117
1767174968.393238,-1,0,-114
1767174968.403238,-1,0,-119
1767174968.413238,0,1,-119
1767174968.423238,-4,1,-120
1767174968.4332385,-2,-2,-122
1767174968.4432385,-1,-3,-124
1767174968.4532382,-2,0,-121
1767174968.4632382,0,0,-116
1767174968.4732382,-2,0,-123
1767174968.4832382,-1,4,-126
1767174968.4932382,-5,2,-122
1767174968.5032382,-3,0,-117
1767174968.5132382,-3,-2,-115
1767174968.5232382,-2,-7,-113
1767174968.5332382,3,-7,-116
1767174968.5432382,4,-7,-119
1767174968.5532382,2,-5,-124
1767174968.563238,1,-3,-118
1767174968.573238,4,-4,-112
1767174968.583238,3,-3,-118
1767174968.593238,0,-4,-122
1767174968.603238,4,-7,-118
1767174968.613238,6,-5,-119
1767174968.623238,4,-2,-116
1767174968.633238,9,-6,-121
1767174968.643238,4,-3,-124
1767174968.653238,0,0,-117
1767174968.663238,0,0,-123
1767174968.673238,0,0,-125
1767174968.6832385,-1,-1,-124
1767174968.6932385,3,2,-125
1767174968.7032382,2,3,-124
1767174968.7132382,-2,1,-121
1767174968.7232382,-6,0,-117
1767174968.7332382,-3,2,-115
1767174968.7432382,-3,0,-122
1767174968.7532382,0,1,-125
1767174968.7632382,0,0,-121
1767174968.7732382,0,0,-123
1767174968.7832382,0,2,-126
1767174968.7932382,3,1,-126
1767174968.8032382,-2,0,-126
1767174968.813238,-3,-3,-122
1767174968.823238,-7,-1,-121
1767174968.833238,-9,0,-118
1767174968.843238,-10,0,-123
1767174968.853238,-8,-3,-120
1767174968.863238,-4,0,-118
1767174968.873238,-6,1,-119
1767174968.883238,-5,-2,-114
1767174968.893238,-5,-5,-116
1767174968.903238,-1,0,-125
1767174968.913238,-2,0,-126
1767174968.923238,0,3,-128
1767174968.9332385,-2,4,-122
1767174968.9432385,-3,7,-123
1767174968.9532382,-8,8,-126
1767174968.9632382,-7,6,-128
1767174968.9732382,-5,7,-130
1767174968.9832382,-4,4,-128
1767174968.9932382,-4,4,-128
1767174969.0032382,-7,2,-126
1767174969.0132382,-7,2,-122
1767174969.0232382,-6,5,-123
1767174969.0332382,-1,3,-124
1767174969.0432382,2,0,-127
1767174969.0532382,2,0,-125
1767174969.063238,4,0,-126
1767174969.073238,3,0,-120
1767174969.083238,4,0,-115
1767174969.093238,4,3,-118
1767174969.103238,10,3,-118
1767174969.113238,10,0,-118
1767174969.123238,6,2,-118
1767174969.133238,8,3,-111
1767174969.143238,6,-1,-117
1767174969.153238,7,0,-119
1767174969.163238,4,-1,-122
1767174969.173238,-1,-6,-121
1767174969.1832385,1,-2,-119
1767174969.1932385,0,0,-118
1767174969.2032382,-2,0,-117
1767174969.2132382,0,0,-123
1767174969.2232382,0,0,-123
1767174969.2332382,-1,-2,-127
1767174969.2432382,0,-2,-127
1767174969.2532382,0,-1,-131
1767174969.2632382,3,3,-122
1767174969.2732382,5,1,-122
1767174969.2832382,2,0,-119
1767174969.2932382,4,-1,-124
1767174969.3032382,6,-3,-124
1767174969.313238,12,0,-122
1767174969.323238,13,-1,-124
1767174969.333238,6,-5,-128
1767174969.343238,6,-6,-123
1767174969.353238,5,-2,-116
1767174969.363238,2,0,-116
1767174969.373238,0,2,-111
1767174969.383238,3,0,-114
1767174969.393238,4,-3,-112
1767174969.403238,-1,-2,-111
1767174969.413238,-3,-1,-112
1767174969.423238,-1,-5,-111
1767174974.4562385,-2,-6,-125
1767174974.465238,0,-3,-127
1767174974.475238,0,-1,-124
1767174974.485238,-6,-3,-122
1767174974.495238,-4,-5,-114
1767174974.505238,-3,-7,-116
1767174974.515238,-5,-5,-125
1767174974.525238,-6,-3,-120
1767174974.5352385,-7,-1,-111
1767174974.5452385,-5,-3,-107
1767174974.5552382,-5,-5,-117
1767174974.5652382,-2,-3,-118
1767174974.5752382,0,0,-115
1767174974.5852382,1,-1,-112
1767174974.5952382,-1,0,-106
1767174974.6052382,0,0,-108
1767174974.6152382,1,1,-110
1767174974.6252382,0,0,-116
1767174974.6352382,2,0,-115
1767174974.6452382,0,0,-111
1767174974.6552382,-2,-5,-110
1767174974.665238,4,-6,-113
1767174974.675238,2,-5,-116
1767174974.685238,0,0,-118
1767174974.695238,2,-2,-118
1767174974.705238,1,-1,-117
1767174974.715238,1,-1,-118
1767174974.725238,4,-3,-114
1767174974.735238,7,-1,-117
1767174974.745238,9,-2,-118
1767174974.755238,7,-3,-116
1767174974.765238,6,-5,-122
1767174974.775238,4,-3,-125
1767174974.7852385,5,-1,-128
1767174974.7952385,2,-1,-132
1767174974.8052382,0,-1,-136
1767174974.8152382,-2,-3,-129
1767174974.8252382,-2,0,-123
1767174974.8352382,-3,6,-122
1767174974.8452382,-4,5,-125
1767174974.8552382,0,4,-120
1767174974.8652382,-2,4,-126
1767174974.8752382,-3,4,-127
1767174974.8852382,-7,2,-133
1767174974.8952382,-7,0,-131
1767174974.9052382,-10,-2,-130
1767174974.915238,-6,-4,-126
1767174974.925238,-6,-3,-125
1767174974.935238,-4,0,-126
1767174974.945238,-4,-2,-122
1767174974.955238,-3,-5,-123
1767174974.965238,1,-1,-122
1767174974.975238,-1,3,-118
1767174974.985238,1,4,-117
1767174974.995238,7,2,-117
1767174975.005238,2,-3,-120
1767174975.015238,0,-2,-120
1767174975.025238,2,0,-128
1767174975.0352385,1,-1,-125
1767174975.0452385,2,2,-125
1767174975.0552382,1,4,-128
1767174975.0652382,1,3,-119
1767174975.0752382,3,1,-117
1767174975.0852382,-1,1,-124
1767174975.0952382,-3,1,-126
1767174975.1052382,-5,2,-125
1767174975.1152382,-5,0,-126
1767174975.1252382,-3,-1,-117
1767174975.1352382,-3,-2,-115
1767174975.1452382,-2,-1,-119
1767174975.1552382,-2,1,-116
1767174975.165238,-1,3,-117
1767174975.175238,-5,0,-117
1767174975.185238,-2,-1,-117
1767174975.195238,-2,0,-116
1767174975.205238,0,2,-125
1767174975.215238,0,5,-134
1767174975.225238,2,4,-132
1767174975.235238,3,4,-123
1767174975.245238,2,5,-117
1767174975.255238,-1,4,-123
1767174975.265238,-4,2,-123
1767174975.275238,2,1,-122
1767174975.2852385,2,-2,-127
1767174975.2952385,-2,-5,-131
1767174975.3052382,-1,-3,-131
1767174975.3152382,0,0,-127
1767174975.3252382,1,-1,-126
1767174975.3352382,-3,0,-120
1767174975.346238,-2,-1,-118
1767174975.356238,0,-2,-113
1767174975.366238,-1,-2,-115
1767174975.376238,0,-6,-120
1767174975.386238,0,-5,-113
1767174975.396238,-2,-5,-116
1767174975.406238,0,-3,-114
1767174975.416238,3,-5,-119
1767174975.426238,2,-8,-119
1767174975.436238,3,-7,-122
1767174975.446238,2,-2,-118
1767174975.4562385,0,-1,-120
1767174975.4662385,0,0,-119
1767174975.4762385,-3,2,-118
1767174975.4862382,-6,3,-118
1767174975.4962382,-2,1,-115
1767174975.5062382,-4,0,-118
1767174975.5162382,1,0,-120
1767174975.5262382,2,3,-119
1767174975.537238,0,2,-109
1767174975.5462382,-2,3,-111
1767174975.5562382,-4,5,-111
1767174975.5662382,-1,2,-119
1767174975.5762382,0,-2,-131
1767174975.586238,2,-1,-129
1767174975.596238,0,-1,-125
1767174975.606238,3,-3,-127
1767174975.616238,5,-2,-125
1767174975.626238,8,-3,-124
1767174975.636238,3,-3,-126
1767174975.646238,0,-2,-121
1767174975.656238,2,-2,-118
1767174975.666238,1,1,-122
1767174975.676238,3,-2,-115
1767174975.686238,6,-4,-119
1767174975.696238,3,-1,-125
1767174975.7062385,3,0,-123
1767174975.7162385,3,-1,-129
1767174975.7262385,2,0,-134
1767174975.7362382,3,0,-129
1767174975.7462382,7,-1,-123
1767174975.7562382,9,-1,-125
1767174975.7662382,5,-4,-130
1767174975.7762382,0,-4,-131
1767174975.7862382,-2,-7,-128
1767174975.7962382,-6,-9,-129
1767174975.8062382,-3,-8,-129
1767174975.8162382,-9,-9,-123
1767174975.8262382,-8,-7,-126
1767174975.836238,-6,-12,-116
1767174975.846238,-9,-12,-119
1767174975.856238,-7,-6,-120
1767174975.866238,-8,-1,-121
1767174975.876238,-7,-3,-122
1767174975.886238,-2,-3,-120
1767174975.896238,-4,3,-116
1767174975.906238,-3,0,-119
1767174975.916238,0,0,-114
1767174975.926238,0,1,-108
1767174975.936238,-4,5,-112
1767174975.946238,-4,6,-116
1767174975.9562385,-4,1,-118
1767174975.9662385,-4,0,-112
1767174975.9762385,-5,-3,-115
1767174975.9862382,-4,-6,-116
1767174975.9962382,-6,-7,-112
1767174976.0062382,-4,-4,-111
1767174976.0162382,-6,-2,-113
1767174976.0262382,-4,1,-117
1767174976.0362382,-4,4,-117
1767174976.0462382,-2,7,-119
1767174976.0562382,-2,5,-124
1767174976.0662382,0,4,-123
1767174976.0762382,-2,5,-123
1767174976.086238,-2,4,-131
1767174976.096238,-2,2,-131
1767174976.106238,-5,1,-128
1767174976.116238,-3,6,-128
1767174976.126238,-3,6,-130
1767174976.136238,0,4,-128
1767174976.146238,-2,3,-122
1767174976.156238,0,1,-128
1767174976.166238,1,5,-122
1767174976.176238,0,6,-117
1767174976.186238,0,3,-115
1767174976.196238,2,0,-115
1767174976.2062385,4,-2,-114
1767174976.2162385,2,-1,-115
1767174976.2262385,0,-2,-113
1767174976.2362382,0,-2,-122
1767174976.2462382,-2,-4,-124
1767174976.2562382,0,-3,-130
1767174976.2662382,3,-1,-127
1767174976.2762382,1,-4,-128
1767174976.2862382,2,-4,-126
1767174976.2962382,-3,-3,-119
1767174976.3062382,-1,-7,-123
1767174976.3162382,-3,-11,-119
1767174976.3262382,0,-3,-121
1767174976.336238,2,-1,-123
1767174976.346238,0,2,-122
1767174976.356238,0,0,-122
1767174976.366238,0,-1,-127
1767174976.376238,0,0,-127
1767174976.386238,-5,-2,-129
1767174976.396238,-7,-5,-127
1767174976.406238,0,-1,-129
1767174976.416238,2,-4,-127
1767174976.426238,4,-4,-122
1767174976.436238,4,-2,-121
1767174976.446238,7,-1,-117
1767174976.4562385,4,-4,-117
1767174976.4662385,4,-3,-123
1767174976.4762385,6,-2,-123
1767174976.4862382,5,-2,-116
1767174976.4962382,3,-3,-121
1767174976.5062382,4,-4,-123
1767174976.5162382,2,-5,-125
1767174976.5262382,0,-5,-125
1767174976.5362382,-5,-9,-128
1767174976.5462382,-3,-6,-130
1767174976.5562382,-4,-5,-131
1767174976.5662382,-1,-2,-130
1767174976.5762382,-2,-3,-125
1767174976.586238,1,-6,-122
1767174976.596238,3,-9,-116
1767174976.606238,2,-8,-117
1767174976.616238,1,-9,-117
1767174976.626238,2,-9,-116
1767174976.636238,1,-5,-119
1767174976.646238,0,-2,-124
1767174976.656238,-3,-5,-125
1767174976.666238,-4,-8,-124
1767174976.676238,-1,-8,-131
1767174976.686238,-2,-9,-128
1767174976.696238,-1,-8,-128
1767174976.7062385,-1,-8,-128
1767174976.7162385,-1,-8,-129
1767174976.7262385,-3,-1,-129
1767174976.7362382,-6,-3,-125
1767174976.7462382,-4,-3,-122
1767174976.7562382,-4,-3,-119
1767174976.7662382,-3,-2,-115
1767174976.7762382,-3,-6,-120
1767174976.7862382,-4,-4,-122
1767174976.7962382,-7,-4,-122
1767174976.8062382,-5,1,-123
1767174976.8162382,-4,2,-122
1767174976.8262382,-6,2,-119
1767174976.836238,-5,-1,-121
1767174976.846238,0,-1,-119
1767174976.856238,0,4,-114
1767174976.866238,-4,5,-115
1767174976.876238,-2,3,-115
1767174976.886238,-4,0,-116
1767174976.896238,-3,1,-114
1767174976.906238,-2,5,-117
1767174976.916238,1,2,-115
1767174976.926238,-2,2,-113
1767174976.936238,-1,-4,-110
1767174976.946238,0,-1,-114
1767174976.9562385,-1,0,-111
1767174976.9662385,2,4,-113
1767174976.9762385,1,2,-121
1767174976.9862382,6,1,-120
1767174976.9962382,6,2,-122
1767174977.0062382,8,4,-124
1767174977.0162382,4,2,-126
1767174977.0262382,-1,3,-122
1767174977.0362382,0,0,-121
1767174977.0462382,1,-2,-117
1767174977.0562382,5,-1,-118
1767174977.0662382,7,-1,-121
1767174977.0762382,3,-3,-116
1767174977.086238,0,-2,-118
1767174977.096238,1,0,-120
1767174977.106238,3,-1,-119
1767174977.116238,-2,-1,-115
1767174977.126238,-2,-6,-112
1767174977.136238,0,-6,-112
1767174977.146238,1,-5,-114
1767174977.156238,0,-8,-120
1767174977.166238,-1,-4,-120
1767174977.176238,4,-3,-117
1767174977.186238,4,1,-127
1767174977.196238,3,2,-129
1767174977.2062385,3,1,-127
1767174977.2162385,2,0,-124
1767174977.2262385,0,0,-119
1767174977.2362382,0,-1,-115
1767174977.2462382,4,0,-115
1767174977.2562382,4,2,-114
1767174977.2662382,3,1,-109
1767174977.2762382,2,0,-111
1767174977.2862382,2,-5,-108
1767174977.2962382,2,-8,-112
1767174977.3062382,4,-7,-114
1767174977.3162382,4,-9,-111
1767174977.3262382,6,-8,-112
1767174977.336238,7,-4,-117
1767174977.346238,5,-5,-121
1767174977.356238,9,-1,-122
1767174977.366238,9,-5,-123
1767174977.376238,7,-2,-122
1767174977.386238,8,-3,-124
1767174977.396238,6,-2,-126
1767174977.406238,2,-1,-127
1767174977.416238,-2,-1,-123
1767174977.426238,-5,0,-120
1767174977.436238,-6,0,-124
1767174977.446238,-5,1,-131
1767174977.4562385,-2,-2,-133
1767174977.4662385,-1,-3,-132
1767174977.4762385,-5,0,-138
1767174977.4862382,-4,0,-134
1767174977.4962382,-5,-1,-131
1767174977.5062382,-1,0,-134
1767174977.5162382,0,1,-134
1767174977.5262382,-4,0,-136
1767174977.5362382,-4,0,-138
1767174977.5462382,-4,0,-138
1767174977.5562382,-3,-4,-135
1767174977.5662382,-6,-3,-133
1767174977.5762382,-9,-2,-130
1767174977.586238,-10,-1,-127
1767174977.596238,-8,0,-128
1767174977.606238,-3,0,-131
1767174977.616238,-2,-6,-126
1767174977.626238,0,-6,-118
1767174977.636238,-2,-2,-122
1767174977.646238,-6,-4,-119
1767174977.656238,-6,0,-126
1767174977.666238,-2,-2,-128
1767174977.676238,3,-6,-123
1767174977.686238,6,-6,-119
1767174977.696238,1,-2,-115
1767174977.7062385,1,-1,-118
1767174977.7162385,0,-1,-118
1767174977.7262385,0,-1,-114
1767174977.7362382,0,-1,-116
1767174977.7462382,1,-4,-119
1767174977.7562382,5,-1,-122
1767174977.7662382,5,-4,-118
1767174977.7762382,5,-7,-117
1767174977.7862382,8,0,-116
1767174977.7962382,9,-3,-121
1767174977.8062382,9,-4,-122
1767174977.8162382,6,-6,-125
1767174977.8262382,5,-6,-118
1767174977.836238,0,-9,-115
1767174977.846238,-3,-8,-118
1767174977.856238,-2,-8,-115
1767174977.866238,-1,-6,-111
1767174977.876238,-6,-7,-114
1767174977.886238,2,-7,-120
1767174977.896238,4,-3,-121
1767174977.906238,4,0,-118
1767174977.916238,4,0,-125
1767174977.926238,1,0,-125
1767174977.936238,3,0,-122
1767174977.946238,0,0,-128
1767174977.9562385,1,-3,-130
1767174977.9662385,-2,-3,-132
1767174977.9762385,-2,-2,-129
1767174977.9862382,2,-2,-126
1767174977.9962382,2,-3,-119
1767174978.007238,2,-4,-117
1767174978.017238,2,-2,-125
1767174978.027238,-3,-3,-117
1767174978.037238,-6,0,-122
1767174978.047238,0,6,-119
1767174978.057238,0,8,-118
1767174978.067238,-2,6,-120
1767174978.077238,-3,0,-122
1767174978.087238,-1,-1,-119
1767174978.097238,0,-2,-119
1767174978.107238,-3,-1,-120
1767174978.117238,0,-4,-129
1767174978.127238,-5,-6,-123
1767174978.1372385,-6,0,-124
1767174978.1472385,-3,-1,-123
1767174978.1572382,-1,1,-123
1767174978.1672382,-4,3,-126
1767174978.1772382,-7,5,-125
1767174978.1872382,-6,4,-128
1767174978.1972382,-1,0,-126
1767174978.2072382,0,-2,-127
1767174978.2172382,0,-1,-121
1767174978.2272382,-1,-5,-120
1767174978.2372382,-1,-3,-116
1767174978.2472382,2,-2,-110
1767174978.257238,7,0,-107
1767174978.267238,6,5,-108
1767174978.277238,0,1,-112
1767174978.287238,0,2,-112
1767174978.297238,-2,1,-119
1767174978.307238,0,2,-118
1767174978.317238,0,1,-117
1767174978.327238,2,0,-122
1767174978.337238,1,-1,-119
1767174978.347238,0,-2,-117
1767174978.357238,1,-2,-122
1767174978.367238,-3,0,-120
1767174978.377238,-1,2,-117
1767174978.3872385,-4,0,-119
1767174978.3972385,1,0,-127
1767174978.4072382,5,-6,-122
1767174978.4172382,7,-7,-123
1767174978.4272382,5,-3,-123
1767174978.4372382,3,-6,-123
1767174978.4472382,3,-4,-127
1767174978.4572382,-1,1,-127
1767174978.4672382,0,3,-120
1767174978.4772382,0,3,-121
1767174978.4872382,-4,0,-116
1767174978.4972382,-5,2,-123
1767174978.507238,0,2,-124
1767174978.517238,-4,1,-115
1767174978.527238,-5,-1,-117
1767174978.537238,-2,-2,-115
1767174978.547238,3,-3,-116
1767174978.557238,4,0,-117
1767174978.567238,1,1,-112
1767174978.577238,0,3,-112
1767174978.587238,-1,1,-112
1767174978.597238,-2,4,-111
1767174978.607238,0,0,-108
1767174978.617238,4,0,-107
1767174978.627238,3,0,-108
1767174978.6372385,4,-1,-109
1767174978.6472385,3,-4,-116
1767174978.6572382,3,-1,-112
1767174978.6672382,0,0,-116
1767174978.6772382,-2,-2,-113
1767174978.6872382,-4,0,-114
1767174978.6972382,-11,3,-118
1767174978.7072382,-11,3,-121
1767174978.7172382,-6,5,-118
1767174978.7272382,-5,2,-115
1767174978.7372382,0,-4,-115
1767174978.7472382,5,1,-115
1767174978.757238,4,2,-121
1767174978.767238,2,0,-124
1767174978.777238,0,0,-134
1767174978.787238,-2,0,-132
1767174978.797238,-2,2,-127
1767174978.807238,-2,4,-125
1767174978.817238,0,2,-128
1767174978.827238,-2,1,-123
1767174978.837238,-1,0,-122
1767174978.847238,0,4,-124
1767174978.857238,-3,4,-118
1767174978.867238,-3,0,-118
1767174978.877238,-2,-4,-125
1767174978.8872385,-1,-6,-126
1767174978.8972385,-3,-6,-121
1767174978.9072382,4,-2,-121
1767174978.9172382,9,-4,-122
1767174978.9272382,9,-5,-128
1767174978.9372382,9,-6,-133
1767174978.9472382,7,-9,-130
1767174978.9572382,3,-14,-130
1767174978.9672382,6,-14,-128
1767174978.9772382,10,-10,-123
1767174978.9872382,6,-9,-125
1767174978.9972382,3,-7,-120
1767174979.007238,2,-7,-114
1767174979.017238,0,-6,-120
1767174979.027238,-3,-5,-113
1767174979.037238,-5,-3,-124
1767174979.047238,-6,-4,-124
1767174979.057238,-4,-4,-122
1767174979.067238,-5,-7,-118
1767174979.077238,-10,-7,-118
1767174979.087238,-9,-4,-120
1767174979.097238,-11,-5,-122
1767174979.107238,-8,-1,-118
1767174979.117238,-11,-4,-123
1767174979.127238,-6,-3,-119
1767174979.1372385,-1,-4,-122
1767174979.1472385,0,-3,-118
1767174979.1572382,1,0,-119
1767174979.1672382,1,0,-125
1767174979.1772382,-2,0,-124
1767174979.1872382,5,-3,-131
1767174979.1972382,4,-2,-131
1767174979.2072382,3,-4,-127
1767174979.2172382,3,-4,-121
1767174979.2272382,2,-6,-124
1767174979.2372382,5,-3,-124
1767174979.2472382,4,-6,-123
1767174979.257238,3,-5,-119
1767174979.267238,7,-3,-113
1767174979.277238,5,-2,-114
1767174979.287238,7,-4,-106
1767174979.297238,8,-5,-110
1767174979.307238,3,-5,-108
1767174979.317238,4,-6,-97
1767174979.327238,-1,-5,-102
1767174979.337238,-2,-5,-107
1767174979.347238,-1,-2,-111
1767174979.357238,-2,0,-108
1767174979.367238,1,-2,-111
1767174979.377238,4,-3,-114
1767174979.3872385,6,-2,-116
1767174979.3972385,4,1,-112
1767174979.4072382,6,-2,-117
1767174979.4172382,1,-1,-118
1767174979.4272382,-1,-2,-122
1767174979.4372382,-3,-1,-121
1767174979.4472382,-2,0,-120
1767174979.468238,0,5,-128
1767174979.4772382,-2,2,-133
1767174979.4872382,-4,4,-136
1767174979.4972382,-8,2,-135
1767174979.507238,0,1,-124
1767174979.517238,-1,3,-124
1767174979.527238,0,1,-121
1767174979.537238,3,2,-121
1767174979.547238,5,0,-124
1767174979.557238,6,-2,-122
1767174979.567238,2,-4,-119
1767174979.577238,1,-4,-121
1767174979.587238,0,-5,-117
1767174979.597238,0,-3,-120
1767174979.607238,1,-2,-126
1767174979.617238,-2,2,-125
1767174979.627238,-2,4,-123
1767174979.6372385,-4,5,-127
1767174979.6472385,-2,3,-123
1767174979.6572382,-3,6,-115
1767174979.6672382,-2,3,-111
1767174979.6772382,-3,1,-121
1767174979.6872382,-3,1,-120
1767174979.6972382,0,0,-121
1767174979.7072382,5,-1,-117
1767174979.7172382,2,-1,-122
1767174979.7272382,1,2,-122
1767174979.7372382,5,8,-118
1767174979.7472382,5,6,-121
1767174979.757238,2,9,-117
1767174979.767238,0,10,-115
1767174979.777238,-5,4,-112
1767174979.787238,-5,3,-110
1767174979.797238,-3,2,-114
1767174979.807238,-1,6,-111
1767174979.817238,-1,3,-108
1767174979.827238,-3,1,-118
1767174979.8382382,-3,3,-122
1767174979.847238,-3,4,-122
1767174979.857238,-4,1,-119
1767174979.867238,-3,-3,-115
1767174979.877238,1,-2,-116
1767174979.8872385,1,0,-116
1767174979.8972385,-1,-2,-117
1767174979.9072382,0,-5,-123
1767174979.9172382,-1,-2,-124
1767174979.9272382,2,-3,-126
1767174979.9372382,-2,-5,-125
1767174979.9472382,-2,-5,-128
1767174979.9572382,0,-4,-126
1767174979.9672382,-2,-1,-129
1767174979.9772382,-5,-5,-131
1767174979.9872382,-5,-5,-135
1767174979.9972382,-1,-1,-130
1767174980.007238,1,-1,-122
1767174980.017238,-1,1,-114
1767174980.027238,3,-1,-116
1767174980.037238,4,-2,-115
1767174980.047238,5,0,-115
1767174980.057238,3,-2,-120
1767174980.067238,-2,-4,-123
1767174980.077238,-2,-1,-129
1767174980.087238,3,0,-132
1767174980.097238,2,0,-124
1767174980.107238,1,-2,-115
1767174980.117238,-1,-4,-110
1767174980.127238,-2,-2,-113
1767174980.1372385,0,-3,-115
1767174980.1472385,0,-1,-119
1767174980.1572382,0,2,-123
1767174980.1672382,2,0,-126
1767174980.1772382,2,2,-125
1767174980.1872382,0,4,-128
1767174980.1972382,1,5,-114
1767174980.2072382,-2,2,-108
1767174980.2172382,-4,-3,-114
1767174980.2272382,-10,-1,-120
1767174980.2372382,-3,-7,-123
1767174980.2472382,-6,-7,-125
1767174980.257238,1,-2,-131
1767174980.267238,0,1,-132
1767174980.277238,-1,6,-130
1767174980.287238,1,4,-120
1767174980.297238,1,3,-112
1767174980.307238,2,3,-110
1767174980.317238,1,5,-112
1767174980.327238,2,5,-112
1767174980.337238,1,5,-121
1767174980.347238,-6,6,-119
1767174980.357238,-5,9,-115
1767174980.367238,-4,10,-119
1767174980.377238,-3,5,-119
1767174980.3872385,2,6,-122
1767174980.3972385,1,2,-119
1767174980.4072382,-2,3,-121
1767174980.4172382,-4,1,-125
1767174980.4272382,0,2,-127
1767174980.4372382,-2,3,-123
1767174980.4472382,-7,3,-117
1767174980.4572382,-2,1,-117
1767174980.4672382,0,-6,-114
1767174980.4772382,3,-7,-111
1767174980.4872382,7,-5,-111
1767174980.4972382,10,1,-115
1767174980.507238,12,0,-110
1767174980.517238,10,-3,-107
1767174980.527238,2,-8,-111
1767174980.537238,6,-9,-117
1767174980.547238,4,-13,-119
1767174980.557238,2,-10,-119
1767174980.567238,4,-8,-113
1767174980.577238,0,-9,-107
1767174980.587238,-1,-5,-106
1767174980.597238,-4,0,-108
1767174980.607238,-4,1,-108
1767174980.617238,-2,2,-111
1767174980.627238,-4,4,-111
1767174980.6372385,-4,1,-117
1767174980.6482382,-5,-2,-117
1767174980.6582382,-2,-2,-118
1767174980.6682382,-2,3,-122
1767174980.6782382,-1,1,-122
1767174980.688238,-5,0,-116
1767174980.698238,-4,0,-115
1767174980.708238,-1,-2,-113
1767174980.718238,-2,-3,-119
1767174980.728238,-3,-6,-118
1767174980.738238,-5,-8,-114
1767174980.748238,-5,-5,-118
1767174980.758238,-8,-7,-119
1767174980.768238,-9,-5,-121
1767174980.778238,-2,-5,-128
1767174980.788238,2,-8,-128
1767174980.798238,3,-7,-127
1767174980.8082385,3,-4,-120
1767174980.8182385,6,-6,-122
1767174980.8282382,8,-3,-121
1767174980.8382382,7,-2,-116
1767174980.8482382,9,-5,-119
1767174980.8582382,2,-4,-122
1767174980.8682382,-2,-3,-125
1767174980.8782382,0,-2,-121
1767174980.8882382,0,0,-116
1767174980.8982382,-2,2,-116
1767174980.9082382,-4,2,-117
1767174980.9182382,-1,2,-119
1767174980.9282382,0,2,-128
1767174980.938238,-2,0,-129
1767174980.948238,-4,-2,-128
1767174980.958238,-2,-1,-133
1767174980.968238,0,0,-129
1767174980.978238,4,0,-123
1767174980.988238,1,2,-121
1767174980.998238,0,4,-117
1767174981.008238,-3,0,-113
1767174981.018238,0,1,-116
1767174981.028238,3,0,-120
1767174981.038238,0,0,-122
1767174981.048238,0,0,-118
1767174981.0582385,0,0,-119
1767174981.0682385,1,0,-119
1767174981.0782382,3,-1,-117
1767174981.0882382,6,0,-118
1767174981.0982382,2,-1,-120
1767174981.1082382,0,-1,-112
1767174981.1182382,1,-3,-113
1767174981.1282382,0,-10,-113
1767174981.1382382,1,-8,-120
1767174981.1482382,2,-6,-124
1767174981.1582382,6,-3,-127
1767174981.1682382,5,0,-127
1767174981.1782382,6,-5,-126
1767174981.188238,6,-5,-126
1767174981.198238,4,-5,-126
1767174981.208238,0,-6,-132
1767174981.218238,-1,-5,-133
1767174981.228238,-5,-3,-126
1767174981.238238,-3,-3,-127
1767174981.248238,0,-5,-123
1767174981.258238,0,-9,-128
1767174981.268238,0,-11,-129
1767174981.278238,-6,-7,-128
1767174981.288238,-7,-7,-114
1767174981.298238,-11,-6,-115
1767174981.3082385,-8,-4,-113
1767174981.3182385,-4,0,-114
1767174981.3282382,-5,0,-117
1767174981.3382382,-5,0,-118
1767174981.3482382,-3,0,-119
1767174981.3582382,0,1,-120
1767174981.3682382,-4,6,-117
1767174981.3782382,-1,7,-117
1767174981.3882382,1,4,-121
1767174981.3982382,1,0,-117
1767174981.4082382,1,0,-115
1767174981.4182382,4,1,-120
1767174981.4282382,4,0,-128
1767174981.438238,-3,0,-133
1767174981.448238,-2,2,-133
1767174981.458238,-2,0,-124
1767174981.468238,0,1,-124
1767174981.478238,-2,0,-128
1767174981.488238,-3,1,-124
1767174981.498238,-3,-2,-114
1767174981.508238,-6,0,-116
1767174981.518238,-5,-2,-126
1767174981.528238,-5,0,-124
1767174981.538238,-3,0,-127
1767174981.548238,-1,-1,-126
1767174981.5582385,-3,-5,-122
1767174981.5682385,-3,-3,-120
1767174981.5782382,-2,-3,-119
1767174981.5882382,0,-5,-119
1767174981.5982382,0,-6,-115
1767174981.6082382,0,-3,-120
1767174981.6182382,-5,-9,-120
1767174981.6282382,1,-7,-122
1767174981.6382382,-2,-5,-119
1767174981.6482382,1,-3,-117
1767174981.6582382,4,-4,-117
1767174981.6682382,10,-3,-123
1767174981.6782382,8,-10,-122
1767174981.688238,6,-4,-125
1767174981.698238,4,-1,-125
1767174981.708238,0,-4,-125
1767174981.718238,-1,-3,-126
1767174981.728238,-4,-4,-121
1767174981.738238,-5,-3,-122
1767174981.748238,-4,-6,-123
1767174981.758238,-1,-4,-129
1767174981.768238,-3,-4,-125
1767174981.778238,-2,-3,-124
1767174981.788238,-2,-1,-122
1767174981.798238,-2,0,-118
1767174981.8082385,0,3,-117
1767174981.8182385,2,3,-123
1767174981.8282382,6,0,-124
1767174981.8382382,0,-3,-125
1767174981.8482382,1,-3,-126
1767174981.8582382,1,0,-120
1767174981.8682382,-6,-2,-119
1767174981.8782382,-2,-3,-123
1767174981.8882382,-1,0,-122
1767174981.8982382,-3,0,-123
1767174981.9082382,-8,1,-117
1767174981.9182382,-5,-1,-118
1767174981.9282382,-5,-6,-119
1767174981.938238,0,-8,-122
1767174981.948238,1,-9,-124
1767174981.958238,-1,-9,-125
1767174981.968238,1,-12,-122
1767174981.978238,2,-7,-122
1767174981.988238,6,-5,-122
1767174981.998238,8,-2,-123
1767174982.008238,6,-5,-122
1767174982.018238,3,-2,-118
1767174982.028238,-1,4,-112
1767174982.038238,0,6,-112
1767174982.048238,3,8,-113
1767174982.0582385,2,3,-116
1767174982.0682385,1,3,-118
1767174982.0782382,0,3,-118
1767174982.0882382,-3,3,-116
1767174982.0982382,-2,1,-115
1767174982.1082382,-3,-1,-114
1767174982.1182382,0,0,-116
1767174982.1282382,-1,3,-116
1767174982.1382382,-1,4,-120
1767174982.1482382,-2,4,-123
1767174982.1582382,-2,6,-119
1767174982.1682382,-3,4,-117
1767174982.1782382,-2,5,-117
1767174982.188238,-1,6,-120
1767174982.198238,0,7,-115
1767174982.208238,0,6,-119
1767174982.218238,-3,5,-121
1767174982.228238,-6,3,-126
1767174982.238238,-3,0,-128
1767174982.248238,0,1,-127
1767174982.258238,0,0,-120
1767174982.268238,4,0,-123
1767174982.278238,1,0,-127
1767174982.288238,2,1,-125
1767174982.298238,3,3,-122
1767174982.3082385,6,2,-122
1767174982.3182385,5,-2,-122
1767174982.3282382,5,0,-119
1767174982.3382382,7,0,-119
1767174982.3482382,2,-1,-128
1767174982.3582382,-3,-1,-122
1767174982.3682382,-2,0,-120
1767174982.3782382,1,-1,-122
1767174982.3882382,2,1,-116
1767174982.3982382,-1,3,-117
1767174982.4082382,-2,3,-119
1767174982.4182382,2,6,-114
1767174982.4282382,0,2,-120
1767174982.438238,-2,0,-117
1767174982.448238,0,-4,-112
1767174982.458238,2,-2,-112
1767174982.468238,1,-2,-115
1767174982.478238,-1,1,-121
1767174982.488238,0,0,-127
1767174982.498238,-4,-1,-126
1767174982.508238,-8,-2,-128
1767174982.518238,-3,0,-131
1767174982.528238,-4,0,-129
1767174982.538238,-8,0,-127
1767174982.548238,-8,-2,-131
1767174982.5582385,-7,-4,-130
1767174982.5682385,-3,-5,-124
1767174982.5782382,-2,-2,-122
1767174982.5882382,-6,-1,-123
1767174982.5982382,-8,-1,-125
1767174982.6082382,-5,0,-122
1767174982.6182382,-3,0,-122
1767174982.6282382,0,-3,-124
1767174982.6382382,0,1,-117
1767174982.6482382,-3,3,-122
1767174982.6582382,0,6,-121
1767174982.6682382,-1,5,-121
1767174982.6782382,-6,2,-120
1767174982.688238,-1,-2,-117
1767174982.698238,-3,-1,-124
1767174982.708238,-4,0,-129
1767174982.718238,-4,-2,-128
1767174982.728238,-4,0,-122
1767174982.738238,0,1,-116
1767174982.748238,2,-1,-120
1767174982.758238,1,-1,-120
1767174982.768238,4,-4,-109
1767174982.778238,6,-7,-110
1767174982.788238,3,-5,-108
1767174982.798238,2,-3,-104
1767174982.8082385,0,-1,-103
1767174982.8182385,0,-5,-108
1767174982.8282382,-6,-5,-113
1767174982.8382382,-9,-4,-120
1767174982.8482382,-9,-3,-117
1767174982.8582382,-6,-4,-112
1767174982.8682382,-6,-6,-118
1767174982.8782382,-3,-6,-117
1767174982.8882382,-4,-6,-117
1767174982.8982382,-3,-3,-121
1767174982.9082382,-1,-4,-118
1767174982.9182382,-1,-4,-122
1767174982.9282382,-3,-3,-121
1767174982.938238,-1,-3,-128
1767174982.948238,-5,-4,-122
1767174982.958238,-3,-3,-115
1767174982.968238,-3,0,-113
1767174982.978238,-6,-1,-119
1767174982.988238,-2,-1,-120
1767174982.998238,0,3,-116
1767174983.008238,0,5,-120
1767174983.018238,6,0,-121
1767174983.028238,3,0,-124
1767174983.038238,1,-4,-125
1767174983.048238,0,-6,-128
1767174983.0582385,0,-5,-133
1767174983.0682385,-1,-6,-135
1767174983.0782382,-2,-3,-131
1767174983.0882382,-4,-2,-131
1767174983.0982382,-3,0,-135
1767174983.1082382,-2,1,-139
1767174983.1182382,1,-1,-135
1767174983.1282382,0,-4,-127
1767174983.1382382,0,-8,-120
1767174983.1482382,1,-7,-118
1767174983.1582382,1,-7,-121
1767174983.1682382,3,-3,-127
1767174983.1782382,1,-2,-131
1767174983.188238,2,-1,-130
1767174983.198238,-1,-3,-122
1767174983.208238,-5,-5,-125
1767174983.218238,-4,-8,-123
1767174983.228238,-4,-7,-124
1767174983.238238,-6,-7,-129
1767174983.248238,-7,-5,-120
1767174983.258238,-9,-2,-120
1767174983.268238,-8,1,-121
1767174983.278238,-5,-1,-121
1767174983.288238,0,-1,-122
1767174983.298238,-1,-1,-120
1767174983.3082385,0,0,-118
1767174983.3182385,3,3,-120
1767174983.3282382,5,1,-120
1767174983.3392382,5,0,-114
1767174983.3492382,2,-2,-117
1767174983.359238,1,-3,-120
1767174983.369238,0,-2,-118
1767174983.379238,-2,0,-122
1767174983.389238,-2,-1,-118
1767174983.399238,0,-8,-117
1767174983.409238,-2,-9,-117
1767174983.419238,-3,-5,-117
1767174983.429238,-1,-5,-116
1767174983.439238,-4,-4,-118
1767174983.449238,0,-3,-123
1767174983.459238,-4,-2,-124
1767174983.469238,-1,-2,-114
1767174983.4792385,4,0,-112
1767174983.4892385,5,-1,-112
1767174983.4992385,4,-2,-117
1767174983.5092382,8,-1,-120
1767174983.5192382,11,-1,-115
1767174983.5292382,8,-4,-116
1767174983.5392382,7,-1,-117
1767174983.5492382,4,-1,-118
1767174983.5592382,3,-1,-116
1767174983.5692382,-2,-1,-118
1767174983.5792382,-4,-3,-115
1767174983.5892382,-2,-1,-115
1767174983.5992382,-4,-1,-109
1767174983.609238,3,3,-112
1767174983.619238,1,4,-113
1767174983.629238,0,5,-113
1767174983.639238,0,6,-106
1767174983.649238,-7,3,-106
1767174983.659238,-15,-1,-105
1767174983.669238,-13,-4,-106
1767174983.679238,-6,-4,-108
1767174983.689238,-8,-5,-111
1767174983.699238,-6,0,-116
1767174983.709238,-2,3,-116
1767174983.719238,-3,0,-111
1767174983.7292385,-5,1,-113
1767174983.7392385,-4,5,-117
1767174983.7492385,-6,-2,-115
1767174983.7592382,-5,-5,-122
1767174983.7692382,-5,-5,-123
1767174983.7792382,-4,-4,-126
1767174983.7892382,-5,-3,-122
1767174983.7992382,-7,-1,-120
1767174983.8092382,-4,0,-113
1767174983.8192382,-9,0,-110
1767174983.8292382,-3,3,-114
1767174983.8392382,-2,3,-116
1767174983.8492382,-6,-1,-116
1767174983.859238,-9,0,-124
1767174983.869238,-5,-3,-129
1767174983.879238,-3,-2,-124
1767174983.889238,0,-2,-119
1767174983.899238,0,-2,-114
1767174983.909238,-7,-2,-115
1767174983.919238,-8,1,-112
1767174983.929238,-8,0,-113
1767174983.939238,-3,0,-115
1767174983.949238,-4,1,-111
1767174983.959238,-4,0,-112
1767174983.969238,-6,0,-114
1767174983.9792385,-2,-3,-114
1767174983.9892385,1,-2,-120
1767174983.9992385,0,1,-121
1767174984.0092382,2,0,-118
1767174984.0192382,3,-1,-118
1767174984.0292382,1,-1,-121
1767174984.0392382,1,0,-120
1767174984.0492382,1,-2,-114
1767174984.0592382,2,-5,-114
1767174984.0692382,2,-6,-121
1767174984.0792382,0,-9,-122
1767174984.0892382,3,-8,-128
1767174984.0992382,4,-5,-122
1767174984.109238,4,-5,-119
1767174984.119238,0,-2,-123
1767174984.129238,2,-2,-123
1767174984.139238,5,-4,-124
1767174984.149238,6,-4,-131
1767174984.159238,1,1,-133
1767174984.169238,1,8,-136
1767174984.179238,0,6,-132
1767174984.189238,1,-1,-119
1767174984.199238,1,-1,-120
1767174984.209238,0,-5,-117
1767174984.219238,0,-5,-119
1767174984.2292385,0,-2,-119
1767174984.2392385,1,0,-116
1767174984.2492385,2,0,-123
1767174984.2592382,7,-3,-124
1767174984.2692382,7,-2,-120
1767174984.2792382,6,-1,-117
1767174984.2892382,8,3,-118
1767174984.2992382,5,0,-120
1767174984.3092382,3,-1,-120
1767174984.3192382,3,-1,-115
1767174984.3292382,0,-2,-109
1767174984.3392382,0,-2,-108
1767174984.3492382,2,-2,-101
1767174984.359238,4,-1,-101
1767174984.369238,4,-6,-102
1767174984.379238,2,-3,-111
1767174984.389238,-1,-5,-116
1767174984.399238,0,-6,-123
1767174984.409238,3,-5,-128
1767174984.419238,2,-2,-125
1767174984.429238,0,-1,-116
1767174984.439238,-1,3,-116
1767174984.449238,0,6,-110
1767174984.459238,1,6,-109
1767174984.4802382,0,1,-113
1767174984.4892385,0,0,-116
1767174984.4992385,-3,0,-115
1767174984.5092382,-3,5,-125
1767174984.5192382,-2,8,-124
1767174984.5292382,-3,5,-118
1767174984.5392382,-1,4,-123
1767174984.5492382,1,6,-128
1767174984.5592382,2,5,-127
1767174984.5692382,-1,5,-125
1767174984.5792382,-1,8,-126
1767174984.5892382,-3,4,-125
1767174984.5992382,-5,1,-122
1767174984.609238,-4,-1,-120
1767174984.619238,-4,-2,-120
1767174984.629238,-4,-4,-121
1767174984.639238,-7,-3,-116
1767174984.649238,-3,-6,-111
1767174984.659238,-5,-8,-121
1767174984.669238,-4,-7,-128
1767174984.679238,-2,-5,-131
1767174984.689238,0,-5,-126
1767174984.699238,1,-4,-124
1767174984.709238,-1,-5,-119
1767174984.719238,0,0,-117
1767174984.7292385,-1,2,-117
1767174984.7392385,-3,3,-112
1767174984.7492385,-7,0,-121
1767174984.7592382,-7,0,-122
1767174984.7692382,-5,-2,-121
1767174984.7792382,-6,-3,-113
1767174984.7892382,-7,-2,-124
1767174984.7992382,-5,-4,-129
1767174984.8092382,-2,-1,-126
1767174984.8192382,-6,2,-129
1767174984.8292382,-3,1,-128
1767174984.8392382,-1,-4,-129
1767174984.8492382,1,-3,-126
1767174984.859238,3,-3,-120
1767174984.869238,2,-2,-118
1767174984.879238,4,-5,-123
1767174984.889238,4,-1,-125
1767174984.899238,3,2,-118
1767174984.909238,2,2,-119
1767174984.919238,-1,0,-112
1767174984.929238,2,1,-113
1767174984.939238,4,1,-114
1767174984.949238,4,0,-127
1767174984.959238,9,-3,-123
1767174984.969238,7,-4,-117
1767174984.9792385,7,4,-114
1767174984.9892385,9,8,-120
1767174984.9992385,9,5,-125
1767174985.0092382,5,0,-128
1767174985.0192382,5,2,-126
1767174985.0292382,2,1,-124
1767174985.0392382,-2,1,-123
1767174985.0492382,-2,1,-123
1767174985.0592382,-1,1,-121
1767174985.0692382,-4,1,-118
1767174985.0792382,-7,0,-115
1767174985.0892382,-8,0,-117
1767174985.0992382,-6,0,-120
1767174985.109238,-4,-1,-130
1767174985.119238,-3,-3,-135
1767174985.129238,-4,-5,-134
1767174985.139238,-8,-7,-133
1767174985.149238,-5,-2,-131
1767174985.159238,-2,-7,-135
1767174985.169238,-2,0,-135
1767174985.179238,-4,-1,-132
1767174985.189238,-8,0,-129
1767174985.199238,-6,1,-129
1767174985.209238,-4,4,-124
1767174985.219238,-6,0,-121
1767174985.2292385,0,0,-118
1767174985.2392385,-3,-1,-117
1767174985.2492385,-1,0,-121
1767174985.2592382,1,0,-119
1767174985.2692382,5,-2,-125
1767174985.2792382,-1,0,-127
1767174985.2892382,0,0,-121
1767174985.2992382,1,0,-124
1767174985.3092382,3,-3,-128
1767174985.3192382,1,-2,-124
1767174985.3292382,0,-1,-123
1767174985.3392382,-2,-1,-123
1767174985.3492382,-6,-4,-120
1767174985.359238,-7,-4,-119
1767174985.369238,-10,-6,-127
1767174985.379238,-10,-6,-123
1767174985.389238,-6,-6,-118
1767174985.399238,-8,-7,-119
1767174985.409238,-4,-7,-118
1767174985.419238,-1,-6,-120
1767174985.429238,0,-7,-119
1767174985.439238,0,-7,-119
1767174985.449238,0,0,-123
1767174985.459238,1,1,-129
1767174985.469238,-1,2,-128
1767174985.4792385,1,-2,-132
1767174985.4892385,2,-4,-128
1767174985.4992385,0,-2,-123
1767174985.5092382,1,-3,-119
1767174985.5192382,2,-5,-115
1767174985.5292382,0,-7,-118
1767174985.5392382,-6,-7,-121
1767174985.5492382,-7,-9,-122
1767174985.5592382,-3,-5,-120
1767174985.5692382,2,0,-117
1767174985.5792382,3,0,-116
1767174985.5892382,0,1,-118
1767174985.5992382,-1,0,-120
1767174985.609238,-5,-4,-117
1767174985.619238,-2,-5,-121
1767174985.629238,1,-3,-126
1767174985.639238,-1,-5,-127
1767174985.649238,0,-3,-130
1767174985.659238,0,-3,-126
1767174985.669238,4,-6,-120
1767174985.679238,9,-6,-117
1767174985.689238,5,0,-120
1767174985.699238,3,0,-117
1767174985.709238,0,0,-120
1767174985.719238,-4,-2,-126
1767174985.7292385,0,-3,-130
1767174985.7392385,0,0,-125
1767174985.7492385,0,1,-118
1767174985.7592382,0,2,-119
1767174985.7692382,-4,-2,-115
1767174985.7792382,-1,-5,-113
1767174985.7892382,0,-4,-122
1767174985.7992382,6,-2,-124
1767174985.8092382,8,-1,-119
1767174985.8192382,8,-1,-117
1767174985.8292382,5,0,-118
1767174985.8392382,0,1,-123
1767174985.8492382,0,0,-119
1767174985.859238,-3,3,-119
1767174985.869238,-3,1,-115
1767174985.879238,0,0,-110
1767174985.889238,-2,-1,-109
1767174985.899238,-1,0,-107
1767174985.909238,2,-3,-110
1767174985.919238,2,0,-111
1767174985.929238,1,-1,-116
1767174985.939238,5,0,-120
1767174985.949238,2,3,-123
1767174985.959238,-2,3,-125
1767174985.9702382,3,1,-126
1767174985.9802382,1,2,-125
1767174985.9902382,0,0,-119
1767174986.0002382,0,1,-120
1767174986.0102382,-1,1,-119
1767174986.0202382,0,-2,-116
1767174986.0302382,0,-3,-112
1767174986.040238,-1,-3,-113
1767174986.050238,-2,-2,-110
1767174986.060238,0,-1,-115
1767174986.070238,0,-2,-112
1767174986.080238,-1,0,-120
1767174986.090238,3,-1,-116
1767174986.100238,2,-3,-115
1767174986.110238,1,-5,-119
1767174986.120238,-2,-5,-115
1767174986.130238,0,-1,-121
1767174986.140238,4,-5,-117
1767174986.150238,0,-2,-114
1767174986.1602385,2,-1,-110
1767174986.1702385,0,1,-112
1767174986.1802382,0,2,-116
1767174986.1902382,-2,0,-120
1767174986.2002382,-3,2,-120
1767174986.2102382,-8,4,-126
1767174986.2202382,-6,0,-125
1767174986.2302382,-3,-1,-128
1767174986.2402382,4,-1,-124
1767174986.2502382,4,0,-120
1767174986.2602382,-1,-1,-121
1767174986.2702382,-1,-3,-124
1767174986.2802382,2,-6,-121
1767174986.290238,3,0,-115
1767174986.300238,2,-2,-118
1767174986.310238,0,-3,-113
1767174986.320238,0,-4,-115
1767174986.330238,2,-4,-114
1767174986.340238,-1,0,-115
1767174986.350238,-1,1,-110
1767174986.360238,-7,-2,-111
1767174986.370238,-7,0,-114
1767174986.380238,-6,3,-117
1767174986.390238,-3,2,-118
1767174986.400238,-1,-1,-111
1767174986.4102385,-6,0,-111
1767174986.4202385,-7,2,-118
1767174986.4302382,-8,4,-117
1767174986.4402382,-5,6,-119
1767174986.4502382,-3,9,-121
1767174986.4602382,-2,6,-124
1767174986.4702382,0,2,-120
1767174986.4802382,3,2,-115
1767174986.4902382,-1,-1,-116
1767174986.5002382,1,0,-120
1767174986.5102382,5,0,-122
1767174986.5202382,3,0,-120
1767174986.5302382,-1,-1,-119
1767174986.540238,3,-5,-118
1767174986.550238,4,-5,-118
1767174986.560238,0,-5,-125
1767174986.570238,-5,0,-124
1767174986.580238,-5,2,-125
1767174986.590238,-5,0,-125
1767174986.600238,-8,0,-121
1767174986.610238,-5,0,-122
1767174986.620238,-3,0,-117
1767174986.630238,-8,-1,-118
1767174986.640238,-8,-1,-113
1767174986.650238,-4,0,-113
1767174986.6602385,-2,-3,-112
1767174986.6702385,-5,-5,-119
1767174986.6802382,-6,-5,-116
1767174986.6902382,-6,-8,-114
1767174986.7002382,-8,-7,-124
1767174986.7102382,-10,-6,-127
1767174986.7202382,-4,-3,-122
1767174986.7302382,-5,-3,-121
1767174986.7402382,1,-2,-122
1767174986.7502382,1,1,-123
1767174986.7602382,-3,2,-118
1767174986.7702382,-5,0,-118
1767174986.7802382,-2,-4,-116
1767174986.790238,-2,0,-115
1767174986.800238,-1,0,-117
1767174986.810238,2,-2,-120
1767174986.820238,5,1,-122
1767174986.830238,7,3,-124
1767174986.840238,3,6,-125
1767174986.850238,0,2,-126
1767174986.860238,-5,5,-124
1767174986.870238,-7,0,-122
1767174986.880238,-9,1,-123
1767174986.890238,-7,2,-120
1767174986.900238,-4,0,-123
1767174986.9102385,-2,0,-123
1767174986.9202385,-8,0,-122
1767174986.9302382,-6,0,-124
1767174986.9402382,-3,-1,-127
1767174986.9502382,-5,-5,-131
1767174986.9602382,0,-6,-131
1767174986.9702382,-2,-6,-130
1767174986.9802382,5,-7,-128
1767174986.9902382,6,-4,-121
1767174987.0002382,6,-4,-117
1767174987.0102382,6,-8,-122
1767174987.0202382,8,-5,-115
1767174987.0302382,9,-4,-113
1767174987.040238,6,-6,-113
1767174987.050238,6,-5,-110
1767174987.060238,4,-4,-113
1767174987.070238,0,-2,-117
1767174987.080238,2,-3,-119
1767174987.090238,3,-1,-121
1767174987.100238,-1,-5,-121
1767174987.110238,-1,-5,-126
1767174987.120238,0,-5,-119
1767174987.130238,-2,-3,-120
1767174987.140238,0,-4,-119
1767174987.150238,4,-3,-119
1767174987.1602385,3,-3,-121
1767174987.1702385,3,0,-113
1767174987.1802382,1,-2,-116
1767174987.1902382,0,-2,-120
1767174987.2002382,0,-2,-119
1767174987.2102382,1,-3,-117
1767174987.2202382,0,-2,-117
1767174987.2302382,-3,-1,-117
1767174987.2402382,-4,-1,-116
1767174987.2502382,-2,-6,-111
1767174987.2602382,-2,-3,-112
1767174987.2702382,-2,-3,-112
1767174987.2802382,-3,-5,-114
1767174987.290238,-2,-8,-108
1767174987.300238,-5,-7,-107
1767174987.310238,-2,-7,-106
1767174987.320238,-7,-2,-110
1767174987.330238,-7,0,-115
1767174987.340238,-6,2,-115
1767174987.350238,-11,0,-117
1767174987.360238,-12,-1,-116
1767174987.370238,-11,-5,-120
1767174987.380238,-12,-6,-123
1767174987.390238,-10,-6,-131
1767174987.400238,-10,-5,-130
1767174987.4102385,-14,-4,-129
1767174987.4202385,-11,-1,-124
1767174987.4302382,-7,1,-119
1767174987.4402382,-4,-1,-113
1767174987.4502382,-1,2,-108
1767174987.4602382,0,2,-114
1767174987.4702382,-2,0,-114
1767174987.4802382,0,1,-112
1767174987.4902382,2,0,-109
1767174987.5002382,1,0,-110
1767174987.5102382,-2,1,-114
1767174987.5202382,-3,-1,-124
1767174987.5302382,-3,-3,-129
1767174987.540238,-3,-4,-126
1767174987.550238,-5,-1,-126
1767174987.560238,-2,0,-126
1767174987.570238,-3,0,-126
1767174987.580238,-4,0,-120
1767174987.590238,-2,-4,-122
1767174987.600238,-2,-7,-123
1767174987.610238,-2,-7,-122
1767174987.620238,-2,-6,-115
1767174987.630238,1,-6,-116
1767174987.640238,5,0,-114
1767174987.650238,6,1,-118
1767174987.6602385,6,1,-129
1767174987.6702385,0,0,-129
1767174987.6802382,-1,-2,-131
1767174987.6902382,3,-4,-119
1767174987.7002382,1,0,-112
1767174987.7102382,4,-1,-109
1767174987.7202382,3,0,-114
1767174987.7302382,6,-2,-116
1767174987.7402382,5,-1,-123
1767174987.7502382,0,-2,-128
1767174987.7602382,0,-7,-131
1767174987.7702382,2,-8,-131
1767174987.7802382,3,-7,-127
1767174987.790238,6,-6,-127
1767174987.800238,2,-6,-128
1767174987.810238,0,-6,-128
1767174987.820238,-1,-6,-131
1767174987.830238,0,-3,-130
1767174987.840238,-2,-4,-124
1767174987.850238,-4,-4,-128
1767174987.860238,-6,-2,-134
1767174987.870238,-7,-3,-130
1767174987.880238,-7,-5,-130
1767174987.890238,-7,-4,-134
1767174987.900238,-8,0,-130
1767174987.9102385,-8,-2,-123
1767174987.9202385,-7,-5,-120
1767174987.9302382,-6,-6,-119
1767174987.9402382,-1,-3,-118
1767174987.9502382,0,2,-116
1767174987.9602382,1,-1,-126
1767174987.9702382,-2,-3,-123
1767174987.9802382,-3,-4,-123
1767174987.9902382,1,-7,-124
1767174988.0002382,0,-10,-126
1767174988.0102382,-1,-10,-124
1767174988.0202382,0,-9,-127
1767174988.0302382,2,-9,-123
1767174988.040238,3,-8,-123
1767174988.050238,1,-5,-115
1767174988.060238,0,0,-117
1767174988.070238,1,2,-115
1767174988.080238,3,0,-111
1767174988.090238,2,-3,-118
1767174988.100238,4,-2,-119
1767174988.110238,4,1,-118
1767174988.120238,3,1,-123
1767174988.130238,2,4,-117
1767174988.140238,1,4,-110
1767174988.150238,5,6,-111
1767174988.1602385,5,4,-118
1767174988.1702385,1,7,-114
1767174988.1802382,-5,7,-115
1767174988.1902382,-6,4,-118
1767174988.2002382,-4,-1,-116
1767174988.2102382,-7,-1,-107
1767174988.2202382,-5,1,-114
1767174988.2302382,-4,0,-118
1767174988.2402382,0,1,-120
1767174988.2502382,-3,0,-124
1767174988.2602382,-3,2,-126
1767174988.2702382,-1,0,-120
1767174988.2802382,-3,-1,-121
1767174988.290238,-6,-8,-124
1767174988.300238,-7,-10,-116
1767174988.310238,-4,-7,-114
1767174988.320238,-5,-3,-114
1767174988.330238,-4,-4,-119
1767174988.340238,0,-2,-118
1767174988.350238,5,-2,-124
1767174988.360238,1,0,-117
1767174988.370238,1,0,-109
1767174988.380238,2,-1,-114
1767174988.390238,3,-3,-116
1767174988.400238,0,0,-121
1767174988.4102385,0,-1,-120
1767174988.4202385,3,-7,-110
1767174988.4302382,3,-6,-102
1767174988.4402382,1,-4,-105
1767174988.4502382,0,-1,-108
1767174988.4602382,1,0,-110
1767174988.4702382,0,2,-111
1767174988.4802382,3,0,-120
1767174988.4902382,1,-1,-126
1767174988.5002382,-1,-5,-128
1767174988.5102382,-3,-4,-122
1767174988.5202382,0,-3,-118
1767174988.5302382,2,0,-112
1767174988.540238,1,-4,-111
1767174988.550238,0,-9,-113
1767174988.560238,1,-6,-116
1767174988.570238,0,-9,-120
1767174988.580238,0,-7,-115
1767174988.590238,-5,-8,-115
1767174988.600238,-2,-7,-115
1767174988.610238,-2,-3,-116
1767174988.620238,-4,0,-120
1767174988.6312382,0,-2,-126
1767174988.640238,0,-1,-116
1767174988.650238,2,0,-117
1767174988.6612382,0,-1,-113
1767174988.6712382,-1,0,-114
1767174988.6812382,-1,-2,-121
1767174988.6912382,-2,0,-123
1767174988.7012382,2,0,-118
1767174988.711238,1,0,-116
1767174988.721238,0,0,-113
1767174988.731238,-1,0,-108
1767174988.741238,-2,1,-106
1767174988.751238,-4,4,-113
1767174988.761238,0,3,-118
1767174988.771238,-3,2,-120
1767174988.781238,-4,-2,-117
1767174988.791238,-3,0,-124
1767174988.801238,-7,1,-122
1767174988.811238,-4,4,-117
1767174988.821238,0,4,-117
1767174988.8312385,2,0,-123
1767174988.8412385,0,-1,-130
1767174988.8512385,0,0,-133
1767174988.8612382,0,-1,-135
1767174988.8712382,-4,0,-136
1767174988.8812382,-5,0,-135
1767174988.8912382,-1,-1,-125
1767174988.9012382,0,0,-117
1767174988.9112382,0,0,-112
1767174988.9212382,3,1,-113
1767174988.9312382,3,1,-111
1767174988.9412382,4,2,-110
1767174988.9512382,1,1,-113
1767174988.961238,1,-1,-117
1767174988.971238,0,-5,-120
1767174988.981238,-2,-6,-125
1767174988.991238,-9,-5,-126
1767174989.001238,-8,-2,-128
1767174989.011238,-9,-1,-124
1767174989.021238,-7,0,-122
1767174989.031238,0,-1,-118
1767174989.041238,-1,1,-119
1767174989.051238,1,2,-111
1767174989.061238,-2,0,-111
1767174989.071238,-4,2,-106
1767174989.0812385,-2,0,-108
1767174989.0912385,-6,-2,-115
1767174989.1012385,-1,0,-115
1767174989.1112382,-1,-3,-120
1767174989.1212382,2,-3,-121
1767174989.1312382,1,-3,-123
1767174989.1412382,2,-2,-118
1767174989.1512382,2,0,-122
1767174989.1612382,0,-2,-124
1767174989.1712382,-1,-1,-118
1767174989.1812382,-7,0,-116
1767174989.1912382,-1,1,-115
1767174989.2012382,0,0,-120
1767174989.211238,0,2,-123
1767174989.221238,-4,1,-119
1767174989.231238,-5,0,-124
1767174989.241238,0,-6,-122
1767174989.251238,-2,-5,-121
1767174989.261238,-2,-3,-120
1767174989.271238,0,0,-118
1767174989.281238,7,0,-122
1767174989.291238,10,-2,-124
1767174989.301238,3,-1,-119
1767174989.311238,2,1,-118
1767174989.321238,-2,0,-121
1767174989.3312385,-2,0,-121
1767174989.3412385,1,-1,-124
1767174989.3512385,2,1,-127
1767174989.3612382,-1,0,-122
1767174989.3712382,-1,-1,-123
1767174989.3812382,-3,-2,-123
1767174989.3912382,-2,-2,-120
1767174989.4012382,-1,-3,-120
1767174989.4112382,3,0,-113
1767174989.4212382,2,-2,-115
1767174989.4312382,4,-2,-117
1767174989.4412382,2,-4,-117
1767174989.4512382,2,-1,-120
1767174989.461238,2,-1,-117
1767174989.471238,-3,-4,-117
1767174989.4932382,0,0,-123
1767174989.501238,-3,1,-122
1767174989.511238,-5,1,-118
1767174989.521238,-5,2,-121
1767174989.531238,-9,1,-123
1767174989.541238,-7,1,-122
1767174989.551238,-3,-4,-120
1767174989.561238,-3,-8,-121
1767174989.571238,2,-7,-128
1767174989.5812385,3,-2,-125
1767174989.5912385,7,-1,-126
1767174989.6012385,2,0,-127
1767174989.6112382,-2,-1,-128
1767174989.6212382,-2,-6,-129
1767174989.6312382,-2,-6,-129
1767174989.6412382,-4,-4,-125
1767174989.6512382,-2,-4,-119
1767174989.6612382,-2,-5,-123
1767174989.6712382,-4,-4,-116
1767174989.6812382,-2,-4,-121
1767174989.6912382,-2,-3,-124
1767174989.7012382,-8,-6,-125
1767174989.711238,-4,-5,-114
1767174989.721238,0,-6,-116
1767174989.731238,2,-6,-117
1767174989.741238,1,-7,-110
1767174989.751238,0,-7,-105
1767174989.761238,-1,-7,-110
1767174989.771238,1,-1,-114
1767174989.781238,6,-6,-113
1767174989.791238,8,-5,-116
1767174989.801238,5,-5,-114
1767174989.811238,9,-5,-116
1767174989.821238,7,0,-123
1767174989.8312385,7,3,-124
1767174989.8412385,7,5,-127
1767174989.8512385,1,8,-124
1767174989.8612382,0,5,-122
1767174989.8712382,0,3,-117
1767174989.8812382,2,1,-121
1767174989.8912382,4,0,-119
1767174989.9012382,4,-1,-120
1767174989.9112382,3,0,-119
1767174989.9212382,3,-1,-127
1767174989.9312382,4,-3,-129
1767174989.9412382,0,-1,-127
1767174989.9512382,0,0,-124
1767174989.961238,0,0,-125
1767174989.971238,1,-5,-121
1767174989.981238,5,-2,-129
1767174989.991238,4,-3,-131
1767174990.001238,3,-7,-131
1767174990.011238,7,-9,-125
1767174990.021238,3,-4,-121
1767174990.031238,1,1,-121
1767174990.041238,-2,2,-116
1767174990.051238,1,0,-119
1767174990.061238,2,-2,-117
1767174990.071238,-1,-4,-112
1767174990.0812385,3,-9,-116
1767174990.0912385,5,-9,-113
1767174990.1012385,9,-4,-108
1767174990.1112382,7,-3,-107
1767174990.1212382,5,-2,-105
1767174990.1312382,6,-1,-105
1767174990.1412382,8,0,-107
1767174990.1512382,8,-1,-112
1767174990.1612382,11,0,-110
1767174990.1712382,10,-1,-115
1767174990.1812382,9,-1,-118
1767174990.1912382,2,0,-120
1767174990.2012382,0,2,-119
1767174990.211238,0,1,-120
1767174990.221238,5,-1,-121
1767174990.231238,8,0,-118
1767174990.241238,7,0,-124
1767174990.251238,5,0,-123
1767174990.261238,5,-5,-124
1767174990.271238,-1,-1,-122
1767174990.281238,-1,-2,-124
1767174990.291238,2,-1,-125
1767174990.301238,2,-2,-127
1767174990.311238,0,-1,-127
1767174990.321238,-5,-3,-125
1767174990.3312385,-3,-3,-127
1767174990.3412385,2,0,-122
1767174990.3512385,5,4,-118
1767174990.3612382,7,3,-110
1767174990.3712382,10,0,-117
1767174990.3812382,4,-5,-123
1767174990.3912382,2,-7,-116
1767174990.4012382,2,-5,-110
1767174990.4112382,6,-4,-119
1767174990.4212382,5,-2,-125
1767174990.4312382,3,-5,-127
1767174990.4412382,-5,-8,-129
1767174990.4512382,-1,-6,-129
1767174990.461238,-1,-5,-121
1767174990.471238,-1,-3,-115
1767174990.481238,-3,-6,-106
1767174990.491238,-2,-7,-106
1767174990.501238,0,-1,-111
1767174990.511238,-1,-1,-122
1767174990.521238,0,-4,-128
1767174990.531238,-1,-4,-124
1767174990.541238,-1,-5,-119
1767174990.551238,-4,-3,-118
1767174990.561238,-6,-5,-120
1767174990.571238,-7,-3,-118
1767174990.5812385,-5,-4,-118
1767174990.5912385,-7,-6,-120
1767174990.6012385,-5,-3,-118
1767174990.6112382,-2,-7,-113
1767174990.6212382,-7,-4,-112
1767174990.6312382,-3,-2,-108
1767174990.6412382,-3,-2,-112
1767174990.6512382,-3,-4,-116
1767174990.6612382,5,-4,-124
1767174990.6712382,5,-5,-128
1767174990.6812382,0,-5,-123
1767174990.6912382,4,-5,-126
1767174990.7012382,4,-7,-126
1767174990.711238,1,-9,-121
1767174990.721238,-1,-8,-121
1767174990.731238,4,-7,-112
1767174990.741238,2,-6,-101
1767174990.751238,2,-4,-100
1767174990.761238,-1,-7,-111
1767174990.771238,1,-8,-115
1767174990.781238,-2,-5,-114
1767174990.791238,-1,-5,-113
1767174990.801238,4,0,-116
1767174990.811238,2,0,-105
1767174990.821238,5,1,-109
1767174990.8312385,9,2,-112
1767174990.8412385,6,5,-112
1767174990.8512385,3,4,-110
1767174990.8612382,1,4,-114
1767174990.8712382,0,6,-112
1767174990.8812382,0,4,-116
1767174990.8912382,5,2,-116
1767174990.9012382,4,4,-116
1767174990.9112382,-2,5,-118
1767174990.9212382,-2,6,-121
1767174990.9312382,-5,4,-118
1767174990.9412382,0,0,-119
1767174990.9512382,2,1,-119
1767174990.961238,0,1,-117
1767174990.971238,0,0,-113
1767174990.981238,-1,0,-112
1767174990.991238,0,0,-116
1767174991.001238,0,-1,-111
1767174991.011238,1,-3,-110
1767174991.021238,1,-2,-111
1767174991.031238,-1,-5,-112
1767174991.041238,2,1,-113
1767174991.051238,3,0,-114
1767174991.061238,5,0,-112
1767174991.071238,-1,0,-107
1767174991.0812385,-1,0,-109
1767174991.0912385,2,0,-112
1767174991.1012385,5,0,-113
1767174991.1112382,3,-4,-114
1767174991.1212382,4,0,-112
1767174991.1312382,4,0,-109
1767174991.1412382,4,2,-113
1767174991.1512382,1,2,-117
1767174991.1612382,0,0,-118
1767174991.1712382,-1,0,-126
1767174991.1812382,0,-1,-124
1767174991.1912382,-3,-2,-123
1767174991.2012382,-2,-2,-126
1767174991.211238,-2,-6,-131
1767174991.221238,-3,-4,-124
1767174991.231238,0,-4,-121
1767174991.241238,0,-5,-123
1767174991.251238,0,-3,-121
1767174991.261238,1,-4,-121
1767174991.271238,-1,-4,-125
1767174991.281238,0,-5,-128
1767174991.2922382,0,-1,-126
1767174991.3022382,0,1,-123
1767174991.311238,0,0,-119
1767174991.3222382,-2,0,-115
1767174991.3322382,0,-2,-121
1767174991.3422382,0,0,-112
1767174991.3522382,-3,1,-111
1767174991.3622382,-1,1,-112
1767174991.3722382,-2,1,-120
1767174991.3812382,-3,1,-122
1767174991.392238,-2,0,-118
1767174991.402238,-5,2,-117
1767174991.412238,-1,0,-114
1767174991.422238,-5,3,-108
1767174991.4312382,-4,4,-107
1767174991.442238,1,4,-112
1767174991.452238,0,4,-118
1767174991.462238,2,2,-111
1767174991.472238,0,2,-106
1767174991.482238,-1,-2,-115
1767174991.492238,0,-5,-115
1767174991.502238,-2,-4,-118
1767174991.5122385,1,-3,-128
1767174991.5222385,0,-4,-126
1767174991.5322382,0,-4,-127
1767174991.5422382,-4,-3,-126
1767174991.5522382,-1,-4,-129
1767174991.5622382,0,-2,-127
1767174991.5722382,-5,-1,-120
1767174991.5822382,-2,0,-124
1767174991.5922382,0,2,-124
1767174991.6022382,0,0,-123
1767174991.6122382,-1,0,-117
1767174991.6222382,-1,-2,-107
1767174991.632238,-2,-4,-106
1767174991.642238,-2,-2,-100
1767174991.652238,-6,-2,-105
1767174991.662238,-4,0,-114
1767174991.672238,-1,0,-114
1767174991.682238,0,0,-121
1767174991.692238,0,0,-122
1767174991.702238,-2,2,-122
1767174991.712238,0,2,-121
1767174991.722238,-1,1,-113
1767174991.732238,-1,-2,-113
1767174991.742238,0,0,-115
1767174991.752238,0,0,-112
1767174991.7622385,-3,2,-115
1767174991.7722385,-1,4,-120
1767174991.7822382,-4,3,-123
1767174991.7922382,-7,4,-124
1767174991.8022382,-4,0,-120
1767174991.8122382,-2,-6,-121
1767174991.8222382,-1,-3,-124
1767174991.8322382,-3,-2,-130
1767174991.8422382,0,-5,-129
1767174991.8522382,-1,-5,-129
1767174991.8622382,2,-5,-123
1767174991.8722382,2,-3,-122
1767174991.882238,0,-3,-115
1767174991.892238,0,0,-115
1767174991.902238,1,0,-119
1767174991.912238,4,-3,-119
1767174991.922238,5,-4,-115
1767174991.932238,5,-4,-119
1767174991.942238,2,0,-122
1767174991.952238,1,2,-121
1767174991.962238,1,4,-120
1767174991.972238,5,4,-120
1767174991.982238,3,2,-118
1767174991.992238,4,1,-117
1767174992.002238,0,2,-119
1767174992.0122385,0,1,-124
1767174992.0222385,-1,-1,-125
1767174992.0322382,0,0,-124
1767174992.0422382,-3,2,-125
1767174992.0522382,-8,0,-127
1767174992.0622382,-4,-1,-129
1767174992.0722382,-2,1,-123
1767174992.0822382,3,1,-121
1767174992.0922382,0,2,-124
1767174992.1022382,0,3,-126
1767174992.1122382,3,5,-125
1767174992.1222382,5,0,-121
1767174992.132238,1,-3,-121
1767174992.142238,0,-2,-121
1767174992.152238,0,-4,-115
1767174992.162238,3,-5,-114
1767174992.172238,0,0,-115
1767174992.182238,-5,4,-117
1767174992.192238,-7,3,-113
1767174992.202238,-9,4,-109
1767174992.212238,-12,4,-108
1767174992.222238,-13,2,-113
1767174992.232238,-12,2,-112
1767174992.242238,-13,0,-114
1767174992.252238,-10,-3,-114
1767174992.2622385,-3,0,-119
1767174992.2722385,-3,6,-116
1767174992.2822382,-2,4,-109
1767174992.2922382,-3,2,-107
1767174992.3022382,-5,6,-109
1767174992.3122382,-7,3,-109
1767174992.3222382,-6,2,-103
1767174992.3322382,-3,2,-106
1767174992.3422382,-1,-2,-104
1767174992.3522382,0,1,-102
1767174992.3622382,-2,-1,-109
1767174992.3722382,2,-2,-119
1767174992.382238,0,-3,-122
1767174992.392238,-1,-3,-123
1767174992.402238,0,-3,-125
1767174992.412238,4,-5,-127
1767174992.422238,3,-3,-126
1767174992.432238,7,-4,-131
1767174992.442238,4,-4,-123
1767174992.452238,5,1,-123
1767174992.462238,2,0,-127
1767174992.472238,1,-5,-122
1767174992.482238,1,-2,-115
1767174992.492238,-1,-2,-111
1767174992.502238,1,-5,-113
1767174992.5122385,1,-6,-110
1767174992.5222385,0,-10,-113
1767174992.5322382,2,-9,-118
1767174992.5422382,5,-4,-115
1767174992.5522382,2,0,-118
1767174992.5622382,0,0,-119
1767174992.5722382,0,-1,-123
1767174992.5822382,-1,0,-127
1767174992.5922382,3,0,-121
1767174992.6022382,-1,0,-119
1767174992.6122382,-3,3,-122
1767174992.6222382,-6,5,-125
1767174992.632238,-5,4,-124
1767174992.642238,-5,2,-126
1767174992.652238,-1,0,-123
1767174992.662238,-1,-1,-123
1767174992.672238,-2,-1,-120
1767174992.682238,-3,0,-122
1767174992.692238,-2,-3,-118
1767174992.702238,0,-2,-118
1767174992.712238,3,-6,-114
1767174992.722238,6,-3,-113
1767174992.732238,3,-3,-117
1767174992.742238,2,0,-120
1767174992.752238,2,0,-115
1767174992.7622385,3,0,-115
1767174992.7722385,0,1,-116
1767174992.7822382,0,2,-115
1767174992.7922382,3,2,-118
1767174992.8022382,2,3,-122
1767174992.8122382,4,5,-126
1767174992.8222382,4,4,-126
1767174992.8322382,3,1,-126
1767174992.8422382,4,0,-126
1767174992.8522382,3,-3,-123
1767174992.8622382,6,-7,-118
1767174992.8722382,3,-6,-117
1767174992.882238,5,-7,-121
1767174992.892238,5,-6,-126
1767174992.902238,2,-8,-125
1767174992.912238,0,-6,-125
1767174992.922238,0,-2,-124
1767174992.932238,-1,-2,-127
1767174992.942238,4,-2,-133
1767174992.952238,6,-2,-133
1767174992.962238,5,0,-128
1767174992.972238,2,4,-124
1767174992.982238,0,6,-124
1767174992.992238,0,4,-121
1767174993.002238,0,2,-119
1767174993.0122385,0,0,-111
1767174993.0222385,0,-2,-109
1767174993.0322382,0,-2,-110
1767174993.0422382,0,-5,-113
1767174993.0522382,-1,-5,-111
1767174993.0622382,0,-4,-113
1767174993.0722382,0,-2,-108
1767174993.0822382,-4,-5,-106
1767174993.0922382,-6,-6,-114
1767174993.1022382,-5,-5,-121
1767174993.1122382,-6,-2,-119
1767174993.1222382,-5,-1,-125
1767174993.132238,-3,0,-123
1767174993.142238,-3,2,-117
1767174993.152238,-4,2,-120
1767174993.162238,0,2,-121
1767174993.172238,0,0,-120
1767174993.182238,3,-6,-125
1767174993.192238,0,-5,-122
1767174993.202238,3,-5,-124
1767174993.212238,3,-2,-121
1767174993.222238,0,-3,-123
1767174993.232238,2,-5,-122
1767174993.242238,-1,-4,-116
1767174993.252238,0,-4,-122
1767174993.2622385,-2,1,-116
1767174993.2722385,0,-2,-110
1767174993.2822382,-6,-3,-110
1767174993.2922382,-8,-2,-111
1767174993.3022382,-7,-2,-111
1767174993.3122382,-5,0,-114
1767174993.3222382,-3,0,-120
1767174993.3322382,-1,0,-122
1767174993.3422382,1,4,-122
1767174993.3522382,1,5,-121
1767174993.3622382,0,1,-117
1767174993.3722382,2,3,-114
1767174993.382238,4,1,-118
1767174993.392238,5,2,-119
1767174993.402238,5,0,-119
1767174993.412238,7,-4,-122
1767174993.422238,9,0,-121
1767174993.432238,9,0,-119
1767174993.442238,10,0,-110
1767174993.452238,9,-3,-116
1767174993.462238,8,-1,-121
1767174993.472238,9,-4,-125
1767174993.482238,7,-8,-123
1767174993.492238,6,-6,-124
1767174993.502238,3,-6,-126
1767174993.5122385,0,-5,-125
1767174993.5222385,0,-2,-120
1767174993.5322382,0,0,-121
1767174993.5422382,1,0,-119
1767174993.5522382,0,-1,-112
1767174993.5622382,0,-2,-114
1767174993.5722382,3,-2,-113
1767174993.5822382,2,-3,-121
1767174993.5922382,2,-5,-123
1767174993.6022382,4,-6,-124
1767174993.6122382,3,-2,-124
1767174993.6222382,6,-5,-122
1767174993.632238,0,-6,-121
1767174993.642238,2,-5,-121
1767174993.652238,5,-4,-120
1767174993.662238,3,-1,-116
1767174993.672238,3,0,-118
1767174993.682238,3,0,-120
1767174993.692238,3,-1,-119
1767174993.702238,4,-2,-119
1767174993.712238,4,-4,-118
1767174993.722238,5,-6,-121
1767174993.732238,2,-3,-121
1767174993.742238,3,-2,-123
1767174993.752238,4,-4,-125
1767174993.7622385,0,-6,-127
1767174993.7722385,-1,-5,-127
1767174993.7822382,-1,-2,-122
1767174993.7922382,-2,0,-121
1767174993.8022382,-3,2,-117
1767174993.8122382,-1,1,-118
1767174993.8222382,-4,0,-119
1767174993.8322382,-3,-2,-124
1767174993.8422382,-7,-4,-125
1767174993.8522382,-5,-6,-121
1767174993.8622382,-2,-7,-118
1767174993.8722382,-1,-6,-120
1767174993.882238,2,-4,-119
1767174993.892238,8,-4,-120
1767174993.902238,8,-1,-119
1767174993.912238,11,-2,-123
1767174993.922238,2,3,-121
1767174993.932238,3,2,-116
1767174993.942238,2,2,-118
1767174993.9532382,1,4,-118
1767174993.962238,3,-1,-119
1767174993.972238,0,-2,-117
1767174993.982238,-1,-2,-124
1767174993.9932382,-1,-9,-122
1767174994.0032382,0,-6,-120
1767174994.0132382,-4,-5,-121
1767174994.0222385,-5,-2,-119
1767174994.0332382,-4,-5,-117
1767174994.0432382,-3,-6,-112
1767174994.0532382,-1,-7,-110
1767174994.063238,2,-7,-105
1767174994.073238,3,-5,-101
1767174994.083238,-1,-4,-108
1767174994.093238,-10,-7,-110
1767174994.103238,-8,-5,-117
1767174994.113238,-7,-3,-118
1767174994.123238,-6,-3,-122
1767174994.133238,-8,-2,-124
1767174994.143238,-7,-4,-121
1767174994.153238,-2,-2,-120
1767174994.163238,0,0,-118
1767174994.173238,-1,0,-117
1767174994.1832385,0,3,-120
1767174994.1932385,-1,3,-120
1767174994.2032382,0,1,-121
1767174994.2132382,-2,0,-118
1767174994.2232382,-7,3,-123
1767174994.2332382,-7,3,-115
1767174994.2432382,-4,4,-117
1767174994.2532382,-2,1,-117
1767174994.2632382,0,1,-117
1767174994.2732382,4,-1,-114
1767174994.2832382,5,0,-117
1767174994.2932382,6,0,-116
1767174994.3032382,1,1,-115
1767174994.313238,-2,0,-115
1767174994.323238,0,1,-116
1767174994.333238,-1,0,-118
1767174994.343238,-4,-3,-125
1767174994.353238,-3,-4,-126
1767174994.363238,-2,-4,-117
1767174994.373238,-4,-4,-113
1767174994.383238,-4,-6,-115
1767174994.393238,-1,-6,-115
1767174994.403238,-1,-5,-113
1767174994.413238,0,-7,-112
1767174994.423238,-1,-12,-108
1767174994.4332385,-4,-5,-118
1767174994.4432385,-5,-1,-120
1767174994.4532382,-4,-1,-124
1767174994.4632382,-2,0,-120
1767174994.4732382,-4,-4,-117
1767174994.4832382,-6,-3,-119
1767174994.504238,-8,-5,-123
1767174994.5132382,-3,-6,-127
1767174994.5232382,-1,-10,-126
1767174994.5332382,-1,-9,-127
1767174994.5432382,0,-7,-123
1767174994.5532382,5,-7,-119
1767174994.563238,6,-7,-119
1767174994.573238,4,-6,-114
1767174994.583238,3,-6,-113
1767174994.593238,0,0,-116
1767174994.603238,-2,2,-115
1767174994.613238,-4,1,-119
1767174994.623238,-3,7,-116
1767174994.633238,-4,8,-118
1767174994.643238,-2,6,-117
1767174994.653238,-5,3,-117
1767174994.663238,-9,7,-117
1767174994.673238,-11,4,-119
1767174994.6832385,-7,4,-124
1767174994.6932385,-2,3,-120
1767174994.7032382,-3,1,-119
1767174994.7132382,-4,1,-119
1767174994.7232382,-3,1,-118
1767174994.7332382,-1,0,-122
1767174994.7432382,3,-1,-125
1767174994.7532382,5,-3,-125
1767174994.7632382,6,-3,-121
1767174994.7732382,2,-3,-116
1767174994.7832382,3,-3,-111
1767174994.7932382,-1,-1,-111
1767174994.8032382,-6,1,-120
1767174994.813238,-2,3,-123
1767174994.823238,-2,4,-118
1767174994.833238,-5,0,-121
1767174994.843238,-3,0,-124
1767174994.853238,0,1,-127
1767174994.863238,3,0,-122
1767174994.873238,2,5,-122
1767174994.883238,3,4,-121
1767174994.893238,3,5,-118
1767174994.903238,1,2,-121
1767174994.913238,-5,0,-127
1767174994.923238,-5,-4,-116
1767174994.9332385,-8,0,-116
1767174994.9432385,-4,-2,-114
1767174994.9532382,-4,-2,-110
1767174994.9632382,-4,-3,-113
1767174994.9732382,-5,-1,-117
1767174994.9832382,-1,-2,-120
1767174994.9932382,0,-2,-116
1767174995.0032382,2,-6,-116
1767174995.0132382,0,-4,-117
1767174995.0232382,0,-3,-116
1767174995.0332382,0,-3,-123
1767174995.0432382,-2,3,-121
1767174995.0532382,-8,3,-122
1767174995.063238,-7,1,-127
1767174995.073238,-5,3,-129
1767174995.083238,-1,2,-130
1767174995.093238,-2,0,-120
1767174995.103238,2,-1,-113
1767174995.113238,1,-3,-117
1767174995.123238,0,-2,-116
1767174995.133238,0,0,-116
1767174995.143238,0,-2,-115
1767174995.153238,-1,-1,-113
1767174995.163238,-8,-2,-108
1767174995.173238,-6,-3,-108
1767174995.1832385,-2,-5,-107
1767174995.1932385,0,-3,-115
1767174995.2032382,4,-4,-117
1767174995.2132382,4,-7,-120
1767174995.2232382,6,-7,-120
1767174995.2332382,7,-8,-125
1767174995.2432382,3,-9,-124
1767174995.2532382,4,-13,-127
1767174995.2632382,5,-6,-123
1767174995.2732382,7,-4,-114
1767174995.2832382,4,-3,-115
1767174995.2932382,0,1,-120
1767174995.3032382,-1,5,-121
1767174995.313238,0,3,-121
1767174995.323238,2,1,-118
1767174995.333238,0,0,-122
1767174995.343238,-2,0,-123
1767174995.353238,-1,2,-128
1767174995.363238,-1,3,-131
1767174995.373238,-1,5,-137
1767174995.383238,-3,4,-136
1767174995.393238,-4,0,-132
1767174995.403238,-1,-2,-130
1767174995.413238,1,-4,-122
1767174995.423238,3,0,-124
1767174995.4332385,2,5,-125
1767174995.4432385,2,0,-119
1767174995.4532382,2,-3,-122
1767174995.4632382,3,-1,-120
1767174995.4732382,0,-1,-120
1767174995.4832382,0,-1,-123
1767174995.4932382,5,1,-123
1767174995.5032382,2,-1,-122
1767174995.5132382,1,-1,-110
1767174995.5232382,3,0,-114
1767174995.5332382,0,3,-115
1767174995.5432382,1,2,-115
1767174995.5532382,2,1,-117
1767174995.563238,0,1,-125
1767174995.573238,-2,-3,-124
1767174995.583238,-3,-3,-125
1767174995.593238,1,-4,-129
1767174995.603238,0,-3,-129
1767174995.613238,-4,-5,-134
1767174995.623238,-4,-5,-133
1767174995.633238,1,-8,-137
1767174995.643238,0,-3,-138
1767174995.653238,-4,-3,-141
1767174995.663238,0,-2,-142
1767174995.673238,1,-3,-139
1767174995.6832385,-4,-5,-131
1767174995.6932385,0,-8,-133
1767174995.7032382,0,-6,-135
1767174995.7132382,-2,-3,-139
1767174995.7232382,-4,-2,-128
1767174995.7332382,-1,1,-123
1767174995.7432382,1,1,-124
1767174995.7532382,2,0,-125
1767174995.7632382,3,-2,-130
1767174995.7732382,4,-4,-127
1767174995.7832382,4,-5,-122
1767174995.7932382,0,-3,-121
1767174995.8032382,-2,0,-117
1767174995.813238,-4,-1,-117
1767174995.823238,-4,1,-116
1767174995.833238,-2,-1,-117
1767174995.843238,-4,0,-114
1767174995.853238,-2,3,-117
1767174995.863238,3,2,-111
1767174995.873238,5,0,-110
1767174995.883238,5,0,-114
1767174995.893238,2,-1,-116
1767174995.903238,2,-4,-117
1767174995.913238,-1,2,-121
1767174995.923238,1,4,-120
1767174995.9332385,-2,4,-118
1767174995.9432385,-4,2,-116
1767174995.9532382,-2,5,-113
1767174995.9632382,-1,2,-116
1767174995.9732382,-2,3,-117
1767174995.9832382,-1,3,-118
1767174995.9932382,3,4,-122
1767174996.0032382,0,5,-116
1767174996.0132382,-3,4,-112
1767174996.0232382,-6,3,-116
1767174996.0332382,-8,4,-116
1767174996.0432382,-5,1,-123
1767174996.0532382,0,-3,-120
1767174996.063238,-1,-6,-126
1767174996.073238,0,-5,-114
1767174996.083238,1,-7,-111
1767174996.093238,-1,-3,-111
1767174996.103238,-1,-1,-115
1767174996.113238,-3,-2,-116
1767174996.123238,-1,0,-112
1767174996.133238,0,4,-114
1767174996.143238,-4,6,-117
1767174996.153238,-6,5,-118
1767174996.163238,-2,5,-119
1767174996.173238,1,8,-114
1767174996.1832385,2,4,-111
1767174996.1932385,3,3,-111
1767174996.2032382,3,-3,-111
1767174996.2132382,-3,-3,-116
1767174996.2232382,-2,-2,-111
1767174996.2332382,1,-2,-110
1767174996.2432382,-1,-4,-113
1767174996.2532382,0,-3,-114
1767174996.2632382,0,-4,-113
1767174996.2732382,-2,0,-111
1767174996.2832382,-1,1,-110
1767174996.2932382,0,0,-111
1767174996.3032382,-1,3,-109
1767174996.313238,1,4,-115
1767174996.323238,-1,5,-120
1767174996.333238,0,3,-119
1767174996.343238,-2,1,-119
1767174996.353238,-5,0,-125
1767174996.363238,-6,3,-126
1767174996.373238,-7,3,-116
1767174996.383238,-5,1,-118
1767174996.393238,0,1,-119
1767174996.403238,5,-1,-117
1767174996.413238,8,0,-113
1767174996.423238,5,0,-110
1767174996.4332385,5,-1,-110
1767174996.4432385,3,0,-112
1767174996.4532382,0,0,-116
1767174996.4632382,-1,-1,-118
1767174996.4732382,1,-1,-119
1767174996.4832382,1,-2,-124
1767174996.4932382,-3,2,-125
1767174996.5032382,2,1,-124
1767174996.5132382,4,4,-127
1767174996.5232382,5,4,-123
1767174996.5332382,6,7,-121
1767174996.5432382,9,6,-117
1767174996.5532382,9,7,-116
1767174996.563238,6,7,-119
1767174996.573238,5,3,-116
1767174996.583238,3,1,-121
1767174996.593238,2,-2,-118
1767174996.6042385,6,-3,-118
1767174996.6142385,3,-2,-124
1767174996.623238,-5,-2,-121
1767174996.6342382,-4,0,-114
1767174996.6442382,0,0,-110
1767174996.653238,0,0,-112
1767174996.663238,-1,0,-118
1767174996.673238,2,2,-123
1767174996.6842382,2,2,-125
1767174996.6942382,7,6,-126
1767174996.7042382,7,1,-122
1767174996.7142382,2,0,-126
1767174996.7242382,0,-6,-122
1767174996.734238,5,-7,-123
1767174996.744238,3,-3,-125
1767174996.754238,-4,-5,-121
1767174996.764238,1,-4,-122
1767174996.774238,0,-1,-122
1767174996.784238,8,-1,-119
1767174996.794238,4,-1,-120
1767174996.804238,3,-4,-121
1767174996.814238,9,-1,-122
1767174996.824238,6,-5,-113
1767174996.834238,2,-11,-113
1767174996.844238,-2,-7,-118
1767174996.8542385,0,0,-115
1767174996.8642385,0,0,-112
1767174996.8742385,-3,0,-114
1767174996.8842382,2,0,-120
1767174996.8942382,5,1,-124
1767174996.9042382,4,-3,-117
1767174996.9142382,6,-5,-115
1767174996.9242382,4,-8,-115
1767174996.9342382,6,-7,-116
1767174996.9442382,3,-4,-115
1767174996.9542382,1,-4,-115
1767174996.9642382,4,-4,-121
1767174996.9742382,2,-2,-114
1767174996.984238,0,0,-113
1767174996.994238,-4,0,-113
1767174997.004238,-3,2,-110
1767174997.014238,-8,0,-110
1767174997.024238,-10,-2,-113
1767174997.034238,-7,0,-116
1767174997.044238,-2,0,-119
1767174997.054238,0,-2,-120
1767174997.064238,5,-8,-123
1767174997.074238,3,-5,-127
1767174997.084238,3,-6,-123
1767174997.094238,3,-5,-117
1767174997.1042385,1,-3,-114
1767174997.1142385,4,-2,-115
1767174997.1242385,7,-1,-118
1767174997.1342382,8,0,-117
1767174997.1442382,10,-6,-119
1767174997.1542382,9,-1,-122
1767174997.1642382,9,-3,-120
1767174997.1742382,10,-3,-119
1767174997.1842382,11,-6,-115
1767174997.1942382,5,-3,-117
1767174997.2042382,2,0,-118
1767174997.2142382,0,-3,-109
1767174997.2242382,0,-2,-118
1767174997.234238,2,-1,-121
1767174997.244238,2,0,-120
1767174997.254238,2,1,-120
1767174997.264238,0,4,-119
1767174997.274238,1,3,-114
1767174997.284238,3,5,-123
1767174997.294238,2,4,-119
1767174997.304238,-2,4,-125
1767174997.314238,-3,4,-122
1767174997.324238,0,2,-127
1767174997.334238,0,-1,-123
1767174997.344238,0,-1,-119
1767174997.3542385,0,-2,-117
1767174997.3642385,-2,-1,-114
1767174997.3742385,-2,-3,-114
1767174997.3842382,-6,-4,-119
1767174997.3942382,-8,-1,-127
1767174997.4042382,-7,0,-127
1767174997.4142382,-5,1,-121
1767174997.4242382,-2,-2,-121
1767174997.4342382,-3,0,-119
1767174997.4442382,-1,0,-120
1767174997.4542382,-2,-2,-128
1767174997.4642382,-1,0,-126
1767174997.4742382,1,0,-125
1767174997.484238,1,0,-125
1767174997.494238,0,-3,-120
1767174997.504238,3,-2,-117
1767174997.514238,7,-2,-120
1767174997.524238,8,0,-113
1767174997.534238,4,0,-110
1767174997.544238,5,-1,-113
1767174997.554238,4,-3,-114
1767174997.564238,5,-1,-109
1767174997.574238,0,-3,-111
1767174997.584238,-1,-5,-119
1767174997.594238,2,-8,-120
1767174997.6042385,4,-8,-123
1767174997.6142385,5,-7,-121
1767174997.6242385,4,-1,-121
1767174997.6342382,2,0,-120
1767174997.6442382,5,0,-116
1767174997.6542382,9,1,-121
1767174997.6642382,7,1,-132
1767174997.6742382,7,1,-123
1767174997.6842382,3,-3,-124
1767174997.6942382,0,-7,-121
1767174997.7042382,0,-8,-112
1767174997.7142382,-4,-5,-107
1767174997.7242382,-3,-4,-110
1767174997.734238,-1,-3,-116
1767174997.744238,1,-1,-117
1767174997.754238,0,0,-119
1767174997.764238,1,0,-120
1767174997.774238,0,-4,-122
1767174997.784238,-3,-3,-118
1767174997.794238,0,-3,-120
1767174997.804238,1,-1,-122
1767174997.814238,2,0,-118
1767174997.824238,0,-3,-123
1767174997.834238,0,0,-124
1767174997.844238,3,0,-123
1767174997.8542385,0,-2,-124
1767174997.8642385,-5,0,-123
1767174997.8742385,-4,1,-125
1767174997.8842382,0,-1,-122
1767174997.8942382,0,-2,-116
1767174997.9042382,-3,-5,-109
1767174997.9142382,-1,0,-108
1767174997.9242382,4,0,-109
1767174997.9342382,4,-1,-107
1767174997.9442382,2,2,-111
1767174997.9542382,-1,1,-111
1767174997.9642382,0,-3,-113
1767174997.9742382,-1,-7,-119
1767174997.984238,0,-5,-121
1767174997.994238,3,-2,-122
1767174998.004238,1,-6,-122
1767174998.014238,0,-4,-119
1767174998.024238,-3,-4,-120
1767174998.034238,-4,0,-125
1767174998.044238,-3,-1,-124
1767174998.054238,-3,0,-125
1767174998.064238,0,0,-123
1767174998.074238,2,-1,-120
1767174998.084238,5,-4,-115
1767174998.094238,3,-1,-122
1767174998.1042385,4,0,-123
1767174998.1142385,5,-3,-122
1767174998.1242385,4,0,-127
1767174998.1342382,2,2,-132
1767174998.1442382,0,4,-133
1767174998.1542382,2,4,-128
1767174998.1642382,1,8,-125
1767174998.1742382,5,3,-125
1767174998.1842382,0,3,-129
1767174998.1942382,-2,0,-125
1767174998.2042382,0,-2,-122
1767174998.2142382,-2,0,-120
1767174998.2242382,-6,2,-125
1767174998.234238,-2,0,-121
1767174998.244238,-4,0,-118
1767174998.254238,-2,0,-121
1767174998.264238,0,-3,-119
1767174998.274238,0,-2,-115
1767174998.284238,-2,0,-113
1767174998.294238,-4,2,-115
1767174998.304238,-1,3,-111
1767174998.314238,-4,2,-112
1767174998.324238,-3,7,-110
1767174998.334238,-4,6,-105
1767174998.344238,-3,0,-110
1767174998.3542385,0,1,-111
1767174998.3642385,0,1,-108
1767174998.3742385,-5,-3,-114
1767174998.3842382,-5,-2,-111
1767174998.3942382,-5,-2,-105
1767174998.4042382,-3,0,-109
1767174998.4142382,-2,-1,-112
1767174998.4242382,-3,-3,-112
1767174998.4342382,-3,-4,-115
1767174998.4442382,0,-4,-117
1767174998.4542382,2,-3,-119
1767174998.4642382,3,-1,-123
1767174998.4742382,6,0,-124
1767174998.484238,2,1,-119
1767174998.494238,0,1,-112
1767174998.504238,-3,4,-116
1767174998.514238,-3,3,-114
1767174998.524238,2,-1,-118
1767174998.534238,5,-1,-115
1767174998.544238,4,-1,-115
1767174998.554238,4,-2,-119
1767174998.564238,2,0,-122
1767174998.574238,-2,0,-117
1767174998.584238,-1,0,-113
1767174998.594238,0,-1,-112
1767174998.6042385,-3,1,-114
1767174998.6142385,-3,-2,-115
1767174998.6242385,-4,-3,-113
1767174998.6342382,-5,-2,-111
1767174998.6442382,-4,1,-121
1767174998.6542382,-1,0,-120
1767174998.6642382,3,-2,-115
1767174998.6742382,1,-7,-122
1767174998.6842382,-2,-8,-118
1767174998.6942382,-2,-5,-120
1767174998.7042382,-1,-4,-124
1767174998.7142382,-6,-1,-128
1767174998.7242382,-4,0,-124
1767174998.734238,-3,2,-122
1767174998.744238,0,1,-119
1767174998.754238,-4,0,-125
1767174998.764238,-2,2,-123
1767174998.774238,-4,5,-126
1767174998.784238,-6,6,-121
1767174998.794238,-4,6,-115
1767174998.804238,-6,0,-114
1767174998.814238,-10,0,-120
1767174998.824238,-6,-1,-120
1767174998.834238,-9,-1,-118
1767174998.844238,-2,-4,-120
1767174998.8542385,-2,-2,-124
1767174998.8642385,0,-5,-117
1767174998.8742385,1,-4,-122
1767174998.8852382,4,-1,-128
1767174998.8942382,3,-1,-130
1767174998.9042382,4,-2,-130
1767174998.9142382,-1,-3,-122
1767174998.9242382,-7,2,-110
1767174998.9342382,0,0,-117
1767174998.9442382,0,-3,-124
1767174998.9542382,0,-3,-124
1767174998.9642382,2,-1,-123
1767174998.9742382,3,-4,-121
1767174998.984238,5,-3,-119
1767174998.994238,4,-5,-120
1767174999.004238,5,-7,-125
1767174999.014238,5,-8,-118
1767174999.024238,0,-8,-118
1767174999.034238,-2,-7,-126
1767174999.044238,0,-8,-126
1767174999.054238,0,-4,-124
1767174999.064238,3,-2,-125
1767174999.074238,-1,0,-124
1767174999.084238,-1,2,-123
1767174999.094238,3,1,-126
1767174999.1042385,4,3,-128
1767174999.1142385,3,0,-124
1767174999.1242385,0,-1,-124
1767174999.1342382,0,-3,-120
1767174999.1442382,-1,-1,-118
1767174999.1542382,-1,-5,-112
1767174999.1642382,3,-10,-108
1767174999.1742382,2,-4,-112
1767174999.1842382,0,-1,-122
1767174999.1942382,6,-2,-122
1767174999.2042382,4,-1,-125
1767174999.2142382,4,-2,-128
1767174999.2242382,3,-5,-122
1767174999.234238,1,-4,-122
1767174999.244238,-2,-7,-123
1767174999.254238,-1,-4,-132
1767174999.264238,-2,-4,-130
1767174999.274238,0,-6,-122
1767174999.284238,-1,-6,-122
1767174999.2952385,3,-5,-120
1767174999.3052382,-1,-1,-118
1767174999.3152382,-3,0,-124
1767174999.3252382,4,1,-120
1767174999.3352382,5,-2,-125
1767174999.3452382,2,-2,-127
1767174999.3552382,0,-3,-125
1767174999.3652382,0,-5,-124
1767174999.3752382,0,-3,-121
1767174999.3852382,-1,-6,-120
1767174999.3952382,0,-6,-116
1767174999.4052382,-4,-7,-117
1767174999.415238,0,-10,-118
1767174999.425238,2,-7,-115
1767174999.435238,2,-9,-112
1767174999.445238,3,-11,-120
1767174999.455238,-2,-9,-118
1767174999.465238,-2,-10,-116
1767174999.475238,2,-9,-118
1767174999.485238,-2,-4,-121
1767174999.495238,0,0,-123
1767174999.5162382,-1,3,-118
1767174999.525238,-4,3,-116
1767174999.5352385,-2,1,-121
1767174999.5452385,-3,-1,-124
1767174999.5552382,-6,0,-120
1767174999.5652382,-5,0,-122
1767174999.5752382,-2,2,-120
1767174999.5852382,-1,2,-120
1767174999.5952382,-4,0,-128
1767174999.6052382,-5,1,-121
1767174999.6152382,-2,-1,-118
1767174999.6252382,-4,0,-115
1767174999.6352382,-1,-1,-114
1767174999.6452382,0,0,-108
1767174999.6552382,3,0,-104
1767174999.665238,0,0,-109
1767174999.675238,-1,0,-116
1767174999.685238,-2,-2,-120
1767174999.695238,-4,-2,-118
1767174999.705238,-4,0,-120
1767174999.715238,0,1,-114
1767174999.725238,0,1,-117
1767174999.735238,-2,-1,-118
1767174999.745238,0,-4,-121
1767174999.755238,3,-1,-125
1767174999.765238,3,2,-124
1767174999.775238,0,0,-122
1767174999.7852385,0,-3,-122
1767174999.7952385,0,-6,-121
1767174999.8052382,0,-4,-120
1767174999.8152382,0,-3,-123
1767174999.8252382,2,-4,-127
1767174999.8352382,-1,-7,-129
1767174999.8452382,0,-3,-130
1767174999.8552382,2,0,-126
1767174999.8652382,-1,-3,-129
1767174999.8752382,-3,-6,-129
1767174999.8852382,0,-4,-128
1767174999.8952382,0,-10,-130
1767174999.9052382,0,-10,-128
1767174999.915238,1,-8,-124
1767174999.925238,-1,-6,-118
1767174999.935238,-3,-3,-120
1767174999.945238,-4,-6,-121
1767174999.955238,1,-6,-122
1767174999.965238,3,-6,-114
1767174999.975238,3,-2,-116
1767174999.985238,4,0,-114
1767174999.995238,5,-1,-121
1767175000.005238,0,1,-116
1767175000.015238,-4,1,-115
1767175000.025238,-1,0,-114
1767175000.0352385,3,0,-114
1767175000.0452385,3,6,-115
1767175000.0552382,-2,2,-109
1767175000.0652382,-2,4,-109
1767175000.0752382,-3,6,-115
1767175000.0852382,-6,4,-116
1767175000.0952382,-11,2,-112
1767175000.1052382,-10,1,-111
1767175000.1152382,-7,1,-111
1767175000.1252382,-5,-6,-112
1767175000.1352382,1,-8,-113
1767175000.1452382,-1,-8,-115
1767175000.1552382,5,-4,-119
1767175000.165238,3,-5,-123
1767175000.175238,6,-1,-129
1767175000.185238,4,-3,-130
1767175000.195238,4,-5,-126
1767175000.205238,7,-6,-125
1767175000.215238,4,-4,-121
1767175000.225238,7,-1,-121
1767175000.235238,9,0,-121
1767175000.245238,7,2,-120
1767175000.255238,4,2,-118
1767175000.265238,3,0,-120
1767175000.275238,0,-2,-122
1767175000.2852385,4,-6,-121
1767175000.2952385,0,-3,-119
1767175000.3052382,0,0,-115
1767175000.3152382,-2,-3,-115
1767175000.3252382,-3,-7,-117
1767175000.3352382,7,-8,-120
1767175000.3452382,3,-6,-121
1767175000.3552382,0,-4,-121
1767175000.3652382,1,-5,-125
1767175000.3752382,2,-8,-127
1767175000.3852382,-1,-7,-130
1767175000.3952382,4,-6,-127
1767175000.4052382,2,-6,-129
1767175000.415238,2,-3,-123
1767175000.425238,0,-3,-127
1767175000.435238,1,-7,-129
1767175000.445238,-4,-5,-126
1767175000.455238,-4,-10,-127
1767175000.465238,-3,-12,-126
1767175000.475238,-2,-12,-132
1767175000.485238,-7,-12,-125
1767175000.495238,-2,-6,-119
1767175000.505238,0,-4,-117
1767175000.515238,-1,-7,-119
1767175000.525238,0,-7,-120
1767175000.5352385,-6,-6,-121
1767175000.5452385,-5,-5,-117
1767175000.5552382,-2,-6,-121
1767175000.5652382,-4,-3,-117
1767175000.5752382,-1,-5,-112
1767175000.5852382,1,-7,-114
1767175000.5952382,3,-9,-118
1767175000.6052382,2,-8,-126
1767175000.6152382,4,-6,-129
1767175000.6252382,0,-5,-123
1767175000.6352382,-2,-3,-127
1767175000.6452382,-3,-3,-125
1767175000.6552382,-4,-4,-118
1767175000.665238,-4,-2,-117
1767175000.675238,-6,-2,-117
1767175000.685238,-9,-1,-115
1767175000.695238,-5,-1,-111
1767175000.705238,-1,-3,-112
1767175000.715238,-1,2,-107
1767175000.725238,-1,3,-100
1767175000.735238,-1,4,-107
1767175000.745238,-2,0,-110
1767175000.755238,-3,2,-111
1767175000.765238,0,0,-108
1767175000.775238,3,0,-108
1767175000.7852385,3,0,-113
1767175000.7952385,2,0,-120
1767175000.8052382,-1,-1,-124
1767175000.8152382,-6,0,-123
1767175000.8252382,-3,-3,-123
1767175000.8352382,1,-4,-124
1767175000.8452382,4,-5,-121
1767175000.8552382,10,-5,-123
1767175000.8652382,9,-5,-128
1767175000.8752382,3,-3,-123
1767175000.8852382,-2,-3,-122
1767175000.8952382,-5,-3,-126
1767175000.9052382,-2,-1,-120
1767175000.915238,0,-4,-117
1767175000.925238,2,-4,-123
1767175000.935238,2,-6,-124
1767175000.945238,3,-9,-128
1767175000.955238,-1,-6,-125
1767175000.965238,1,-6,-116
1767175000.975238,4,-2,-118
1767175000.985238,5,-1,-118
1767175000.995238,6,-2,-127
1767175001.005238,3,-6,-130
1767175001.015238,5,-6,-124
1767175001.025238,1,-6,-128
1767175001.0352385,-1,-8,-129
1767175001.0452385,-2,-7,-126
1767175001.0552382,1,-6,-130
1767175001.0652382,1,-5,-125
1767175001.0752382,0,-8,-128
1767175001.0852382,0,-6,-127
1767175001.0952382,-1,-6,-121
1767175001.1052382,-2,-8,-123
1767175001.1152382,-1,-11,-123
1767175001.1252382,1,-12,-120
1767175001.1352382,0,-4,-119
1767175001.1452382,-2,-2,-115
1767175001.1552382,0,0,-115
1767175001.165238,2,6,-109
1767175001.175238,3,4,-115
1767175001.185238,0,2,-108
1767175001.195238,0,1,-105
1767175001.205238,-1,1,-106
1767175001.215238,-2,3,-108
1767175001.225238,-2,3,-114
1767175001.235238,1,3,-117
1767175001.245238,2,4,-116
1767175001.255238,3,0,-115
1767175001.265238,3,-1,-112
1767175001.275238,3,0,-117
1767175001.2852385,2,5,-126
1767175001.2952385,2,3,-119
1767175001.3052382,0,1,-113
1767175001.3152382,0,2,-113
1767175001.3252382,0,2,-115
1767175001.3352382,-2,-2,-117
1767175001.3452382,-1,-5,-123
1767175001.3552382,0,-9,-127
1767175001.3652382,0,-9,-118
1767175001.3752382,-2,-5,-109
1767175001.3852382,-5,-5,-113
1767175001.3952382,-5,-7,-113
1767175001.4052382,1,-6,-116
1767175001.415238,6,-6,-113
1767175001.425238,4,-5,-118
1767175001.435238,6,-5,-119
1767175001.445238,4,-8,-119
1767175001.455238,2,-11,-123
1767175001.465238,0,-7,-119
1767175001.475238,-2,-4,-120
1767175001.485238,-2,-3,-117
1767175001.495238,-6,-1,-121
1767175001.505238,-5,0,-128
1767175001.515238,-6,0,-132
1767175001.525238,-2,-4,-131
1767175001.5352385,-1,-4,-126
1767175001.5452385,-5,-4,-133
1767175001.5552382,-6,-11,-129
1767175001.5652382,-2,-14,-130
1767175001.5752382,-1,-11,-133
1767175001.5852382,0,-7,-132
1767175001.5952382,2,-9,-132
1767175001.6052382,0,-9,-128
1767175001.6152382,1,-8,-122
1767175001.6252382,1,-6,-122
1767175001.6352382,0,-5,-123
1767175001.6452382,0,-3,-122
1767175001.6552382,-3,-4,-122
1767175001.665238,-1,-2,-121
1767175001.675238,-3,-1,-119
1767175001.685238,0,-2,-109
1767175001.695238,2,-1,-115
1767175001.705238,3,4,-117
1767175001.715238,3,0,-122
1767175001.725238,4,2,-120
1767175001.735238,5,0,-122
1767175001.745238,1,-3,-123
1767175001.755238,-3,3,-124
1767175001.765238,-5,4,-127
1767175001.775238,-5,5,-122
1767175001.7852385,-6,2,-121
1767175001.7952385,-2,0,-121
1767175001.8052382,-3,0,-122
1767175001.8152382,-6,1,-123
1767175001.8252382,-5,0,-124
1767175001.8352382,-4,0,-122
1767175001.8452382,-2,1,-118
1767175001.8552382,3,0,-126
1767175001.8652382,4,1,-129
1767175001.8752382,4,1,-129
1767175001.8852382,1,2,-130
1767175001.8952382,5,0,-130
1767175001.9052382,5,0,-130
1767175001.915238,4,3,-129
1767175001.925238,2,3,-126
1767175001.935238,-1,2,-125
1767175001.946238,-2,-1,-123
1767175001.955238,-3,0,-122
1767175001.965238,1,-2,-121
1767175001.9762385,4,-3,-121
1767175001.9862382,3,-2,-121
1767175001.9962382,0,-5,-125
1767175002.0062382,-1,-1,-122
1767175002.0162382,-4,-3,-123
1767175002.0262382,-6,-3,-119
1767175002.0362382,-6,-2,-118
1767175002.0462382,-3,-3,-124
1767175002.0562382,0,-8,-124
1767175002.0662382,0,-9,-122
1767175002.0762382,0,-9,-122
1767175002.086238,1,-6,-121
1767175002.096238,3,-9,-123
1767175002.106238,2,-7,-121
1767175002.116238,2,-8,-116
1767175002.126238,5,-4,-119
1767175002.136238,2,-5,-122
1767175002.146238,-1,-4,-120
1767175002.156238,-7,-1,-119
1767175002.166238,-10,-1,-118
1767175002.176238,-4,-1,-120
1767175002.186238,-6,0,-121
1767175002.196238,-3,0,-116
1767175002.2062385,-3,0,-117
1767175002.2162385,-2,2,-116
1767175002.2262385,-2,0,-123
1767175002.2362382,-3,-1,-119
1767175002.2462382,0,-3,-118
1767175002.2562382,3,-2,-123
1767175002.2662382,3,0,-125
1767175002.2762382,2,0,-123
1767175002.2862382,3,2,-132
1767175002.2962382,0,3,-139
1767175002.3062382,-2,4,-134
1767175002.3162382,-8,2,-135
1767175002.3262382,-6,-2,-135
1767175002.336238,-5,-4,-134
1767175002.346238,0,-3,-131
1767175002.356238,2,0,-130
1767175002.366238,1,-2,-131
1767175002.376238,0,1,-130
1767175002.386238,0,0,-126
1767175002.396238,0,1,-125
1767175002.406238,1,-3,-119
1767175002.416238,0,-4,-114
1767175002.426238,-2,0,-118
1767175002.436238,0,-1,-123
1767175002.446238,5,0,-120
1767175002.4562385,3,0,-118
1767175002.4662385,1,-6,-121
1767175002.4762385,-1,-5,-122
1767175002.4862382,-3,-7,-119
1767175002.4962382,-4,-5,-115
1767175002.5062382,-8,-5,-119
1767175002.5162382,-6,-4,-120
1767175002.5262382,-5,-5,-120
1767175002.5362382,-6,-5,-118
1767175002.5462382,-7,-10,-122
1767175002.5562382,-5,-13,-125
1767175002.5662382,-4,-13,-129
1767175002.5762382,-1,-9,-128
1767175002.586238,0,-6,-124
1767175002.596238,-1,-10,-125
1767175002.606238,-5,-6,-126
1767175002.616238,-2,-6,-121
1767175002.626238,-3,-7,-128
1767175002.636238,-5,-8,-126
1767175002.646238,-2,-11,-127
1767175002.656238,0,-9,-118
1767175002.666238,-2,-4,-114
1767175002.676238,0,-3,-114
1767175002.686238,3,-7,-116
1767175002.696238,2,-9,-111
1767175002.7062385,5,-4,-110
1767175002.7162385,1,-1,-108
1767175002.7262385,-6,0,-112
1767175002.7362382,-2,7,-117
1767175002.7462382,-4,6,-122
1767175002.7562382,-4,5,-117
1767175002.7662382,-4,-1,-120
1767175002.7762382,-1,0,-115
1767175002.7862382,-5,0,-115
1767175002.7962382,-7,0,-119
1767175002.8062382,-1,0,-123
1767175002.8162382,1,0,-123
1767175002.8262382,-1,-1,-120
1767175002.836238,-3,2,-132
1767175002.846238,-11,2,-135
1767175002.856238,-14,2,-137
1767175002.866238,-12,4,-136
1767175002.876238,-6,3,-133
1767175002.886238,-3,1,-126
1767175002.896238,-2,5,-128
1767175002.906238,-1,4,-130
1767175002.916238,-3,3,-134
1767175002.926238,-3,1,-131
1767175002.936238,-4,0,-125
1767175002.946238,-3,2,-119
1767175002.9562385,-1,0,-118
1767175002.9662385,0,-3,-119
1767175002.9762385,4,-8,-127
1767175002.9862382,5,-4,-133
1767175002.9962382,7,-6,-130
1767175003.0062382,6,-6,-125
1767175003.0162382,5,-6,-125
1767175003.0262382,1,-6,-127
1767175003.0362382,1,-4,-128
1767175003.0462382,4,-3,-122
1767175003.0562382,1,0,-122
1767175003.0662382,0,-1,-123
1767175003.0762382,0,-3,-121
1767175003.086238,-3,-5,-122
1767175003.096238,-5,-6,-129
1767175003.106238,-1,-5,-130
1767175003.116238,-1,-5,-127
1767175003.126238,-4,-1,-129
1767175003.136238,0,0,-131
1767175003.146238,3,4,-126
1767175003.156238,0,6,-129
1767175003.166238,1,8,-136
1767175003.176238,2,9,-130
1767175003.186238,7,4,-126
1767175003.196238,5,4,-124
1767175003.2062385,4,7,-125
1767175003.2162385,2,4,-130
1767175003.2262385,4,1,-126
1767175003.2362382,4,0,-125
1767175003.2462382,-2,-3,-127
1767175003.2562382,-3,-4,-128
1767175003.2662382,-6,-4,-132
1767175003.2762382,-4,0,-127
1767175003.2862382,-6,1,-129
1767175003.2962382,-5,1,-129
1767175003.3062382,-4,0,-117
1767175003.3162382,-4,1,-114
1767175003.3262382,-2,3,-120
1767175003.336238,-6,3,-124
1767175003.346238,-4,0,-129
1767175003.356238,0,-2,-128
1767175003.366238,2,-1,-122
1767175003.376238,5,-3,-120
1767175003.386238,6,-1,-128
1767175003.396238,9,-1,-132
1767175003.406238,5,-1,-128
1767175003.416238,0,-2,-125
1767175003.426238,0,-3,-116
1767175003.436238,0,0,-111
1767175003.446238,1,-2,-121
1767175003.4562385,5,-3,-123
1767175003.4662385,0,-3,-121
1767175003.4762385,-5,-2,-121
1767175003.4862382,-8,2,-121
1767175003.4962382,-2,-2,-118
1767175003.5062382,2,-3,-119
1767175003.5162382,4,-4,-118
1767175003.5262382,-1,-5,-123
1767175003.5362382,0,-5,-129
1767175003.5462382,0,-6,-131
1767175003.5562382,0,-3,-126
1767175003.5662382,0,0,-128
1767175003.5762382,0,-1,-131
1767175003.586238,0,-1,-125
1767175003.596238,1,-3,-125
1767175003.606238,-1,-4,-127
1767175003.616238,-1,-1,-123
1767175003.626238,-1,0,-124
1767175003.636238,2,0,-125
1767175003.646238,0,-1,-131
1767175003.656238,1,-2,-128
1767175003.666238,-5,-5,-123
1767175003.676238,-8,-7,-120
1767175003.686238,-7,-7,-123
1767175003.696238,-4,-6,-121
1767175003.7062385,-3,-8,-114
1767175003.7162385,-4,-4,-109
1767175003.7262385,-3,-1,-118
1767175003.7362382,-2,0,-120
1767175003.7462382,0,-1,-124
1767175003.7562382,-3,1,-129
1767175003.7662382,0,0,-131
1767175003.7762382,-3,-4,-124
1767175003.7862382,-5,-4,-126
1767175003.7962382,-4,-8,-127
1767175003.8062382,-3,-8,-130
1767175003.8162382,-4,-6,-126
1767175003.8262382,-2,-4,-120
1767175003.836238,-3,-2,-122
1767175003.846238,-7,-2,-119
1767175003.856238,-7,0,-112
1767175003.866238,-9,-3,-113
1767175003.876238,-4,-10,-113
1767175003.886238,-3,-11,-116
1767175003.896238,1,-12,-113
1767175003.906238,-3,-13,-113
1767175003.916238,-5,-5,-111
1767175003.926238,-3,-6,-104
1767175003.936238,-6,-6,-101
1767175003.946238,-4,-2,-106
1767175003.9562385,-4,-8,-112
1767175003.9662385,-2,-14,-112
1767175003.9762385,-2,-10,-119
1767175003.9862382,-1,-6,-129
1767175003.9962382,3,-9,-134
1767175004.0062382,3,-7,-130
1767175004.0162382,6,-4,-130
1767175004.0262382,6,-4,-120
1767175004.0362382,1,-2,-117
1767175004.0462382,0,-8,-124
1767175004.0562382,1,-6,-126
1767175004.0662382,4,-6,-130
1767175004.0762382,5,-7,-133
1767175004.086238,5,-3,-125
1767175004.096238,6,-3,-131
1767175004.106238,5,-6,-132
1767175004.116238,10,-9,-127
1767175004.126238,4,-8,-122
1767175004.136238,1,-8,-120
1767175004.146238,0,-8,-121
1767175004.156238,0,-2,-117
1767175004.166238,-2,0,-116
1767175004.176238,0,-4,-114
1767175004.186238,-1,-9,-116
1767175004.196238,-1,-9,-118
1767175004.2062385,0,-7,-110
1767175004.2162385,3,-1,-106
1767175004.2262385,2,2,-107
1767175004.2362382,7,-1,-111
1767175004.2462382,13,-2,-113
1767175004.2562382,8,-4,-117
1767175004.2662382,4,-5,-113
1767175004.2762382,5,-3,-113
1767175004.2862382,2,-2,-116
1767175004.2962382,-3,-4,-117
1767175004.3062382,-2,-3,-117
1767175004.3162382,-4,-1,-117
1767175004.3262382,0,-7,-123
1767175004.336238,0,-5,-128
1767175004.346238,0,-3,-129
1767175004.356238,-2,-5,-123
1767175004.366238,-1,-5,-120
1767175004.376238,-3,-2,-120
1767175004.386238,0,-1,-116
1767175004.396238,2,-6,-119
1767175004.406238,3,-7,-127
1767175004.416238,6,-11,-125
1767175004.426238,1,-6,-126
1767175004.436238,-5,-3,-124
1767175004.446238,-1,0,-119
1767175004.4562385,2,-2,-118
1767175004.4662385,5,0,-122
1767175004.4762385,6,0,-120
1767175004.4862382,2,2,-119
1767175004.4962382,0,2,-120
1767175004.5062382,3,4,-121
1767175004.528238,0,0,-120
1767175004.5362382,2,-3,-124
1767175004.5462382,0,0,-123
1767175004.5562382,-1,0,-126
1767175004.5662382,-1,-5,-121
1767175004.5762382,1,-5,-116
1767175004.586238,1,-7,-118
1767175004.596238,-4,-5,-119
1767175004.606238,1,-5,-114
1767175004.616238,5,-7,-117
1767175004.626238,4,-4,-124
1767175004.6372385,5,-4,-128
1767175004.646238,5,-8,-126
1767175004.656238,6,-7,-124
1767175004.666238,5,-1,-128
1767175004.6772382,0,-1,-122
1767175004.6872382,-3,-1,-120
1767175004.6972382,1,0,-114
1767175004.7072382,0,-3,-111
1767175004.7172382,-1,-4,-115
1767175004.7272382,-5,-8,-114
1767175004.7372382,-2,-9,-107
1767175004.7472382,0,-7,-103
1767175004.757238,-2,-7,-111
1767175004.767238,0,-5,-121
1767175004.777238,1,-6,-118
1767175004.787238,7,-9,-111
1767175004.797238,9,-10,-118
1767175004.807238,4,-9,-122
1767175004.817238,-4,-5,-124
1767175004.827238,-7,-3,-129
1767175004.837238,-15,-5,-129
1767175004.847238,-14,-6,-122
1767175004.857238,-15,-4,-117
1767175004.867238,-11,-2,-117
1767175004.877238,-7,-3,-117
1767175004.8872385,-5,1,-116
1767175004.8972385,-6,3,-115
1767175004.9072382,-7,0,-122
1767175004.9172382,-5,-1,-122
1767175004.9272382,-2,-2,-117
1767175004.9372382,-3,-6,-120
1767175004.9472382,-3,-7,-121
1767175004.9572382,-6,-7,-121
1767175004.9672382,-8,-7,-124
1767175004.9772382,0,-2,-124
1767175004.9872382,-3,-3,-126
1767175004.9972382,-1,0,-125
1767175005.007238,-4,1,-125
1767175005.017238,-7,0,-121
1767175005.027238,-5,-2,-128
1767175005.037238,-4,-1,-119
1767175005.047238,-4,-3,-116
1767175005.057238,-6,-1,-118
1767175005.067238,-7,0,-119
1767175005.077238,-5,-1,-121
1767175005.087238,-4,-2,-125
1767175005.097238,-6,0,-123
1767175005.107238,-2,-2,-126
1767175005.117238,1,0,-126
1767175005.127238,-2,0,-125
1767175005.1372385,-3,0,-127
1767175005.1472385,0,0,-131
1767175005.1572382,0,0,-127
1767175005.1672382,-1,-1,-125
1767175005.1772382,-2,-4,-129
1767175005.1872382,0,-4,-130
1767175005.1972382,4,-5,-130
1767175005.2072382,5,-1,-134
1767175005.2172382,6,1,-135
1767175005.2272382,6,-2,-125
1767175005.2372382,0,-6,-125
1767175005.2472382,-1,-13,-130
1767175005.257238,-6,-16,-134
1767175005.267238,-5,-17,-130
1767175005.277238,-6,-10,-124
1767175005.287238,-6,-9,-116
1767175005.297238,-5,-4,-120
1767175005.307238,-6,-2,-122
1767175005.317238,-5,2,-127
1767175005.327238,-3,2,-128
1767175005.337238,-4,3,-130
1767175005.347238,-1,-2,-129
1767175005.357238,-3,-1,-128
1767175005.367238,-3,-1,-123
1767175005.377238,0,-1,-120
1767175005.3872385,1,-1,-111
1767175005.3972385,-1,-2,-109
1767175005.4072382,-2,0,-105
1767175005.4172382,-2,-1,-116
1767175005.4272382,0,-3,-113
1767175005.4372382,0,-3,-111
1767175005.4472382,2,-7,-109
1767175005.4572382,0,-7,-115
1767175005.4672382,0,-2,-112
1767175005.4772382,-1,-2,-115
1767175005.4872382,-1,-3,-118
1767175005.4972382,0,0,-122
1767175005.507238,2,1,-127
1767175005.517238,2,4,-124
1767175005.527238,3,3,-123
1767175005.537238,2,-1,-122
1767175005.547238,0,-3,-117
1767175005.557238,1,-5,-118
1767175005.567238,1,-2,-125
1767175005.577238,2,0,-128
1767175005.587238,2,-2,-128
1767175005.597238,1,-3,-124
1767175005.607238,1,-8,-125
1767175005.617238,0,-7,-123
1767175005.627238,0,-5,-123
1767175005.6372385,-2,-5,-122
1767175005.6472385,-5,-5,-121
1767175005.6572382,-6,-4,-121
1767175005.6672382,-2,-3,-126
1767175005.6772382,0,-3,-124
1767175005.6872382,-1,-3,-119
1767175005.6972382,-3,-6,-118
1767175005.7072382,0,-7,-117
1767175005.7172382,-3,-1,-122
1767175005.7272382,-5,-6,-128
1767175005.7372382,-2,-3,-127
1767175005.7472382,-4,-4,-129
1767175005.757238,-7,-3,-128
1767175005.767238,1,-4,-126
1767175005.777238,0,-2,-122
1767175005.787238,1,1,-117
1767175005.797238,0,0,-119
1767175005.807238,0,0,-124
1767175005.817238,0,2,-120
1767175005.827238,-1,4,-115
1767175005.837238,-1,3,-119
1767175005.847238,-1,2,-125
1767175005.857238,-2,-2,-125
1767175005.867238,2,-6,-125
1767175005.877238,0,-4,-122
1767175005.8872385,-1,-5,-123
1767175005.8972385,-1,-10,-125
1767175005.9072382,-1,-8,-127
1767175005.9172382,-4,-6,-126
1767175005.9272382,-8,-2,-127
1767175005.9372382,-6,0,-123
1767175005.9472382,-3,0,-122
1767175005.9572382,-1,-2,-119
1767175005.9672382,-2,-4,-125
1767175005.9772382,-3,0,-126
1767175005.9872382,-1,-7,-130
1767175005.9972382,2,-8,-125
1767175006.007238,1,-9,-126
1767175006.017238,1,-13,-123
1767175006.027238,2,-9,-123
1767175006.037238,0,-12,-126
1767175006.047238,0,-10,-128
1767175006.057238,1,-6,-130
1767175006.067238,0,-8,-127
1767175006.077238,0,-6,-125
1767175006.087238,2,-8,-118
1767175006.097238,7,-9,-119
1767175006.107238,7,-8,-117
1767175006.117238,2,-9,-126
1767175006.127238,-2,-8,-127
1767175006.1372385,-4,-8,-131
1767175006.1472385,-6,-3,-128
1767175006.1572382,-3,0,-132
1767175006.1672382,3,1,-124
1767175006.1772382,2,0,-125
1767175006.1872382,-1,0,-125
1767175006.1972382,-3,0,-126
1767175006.2072382,0,-1,-126
1767175006.2172382,1,-2,-131
1767175006.2272382,-2,-3,-133
1767175006.2372382,1,0,-128
1767175006.2472382,3,-6,-127
1767175006.257238,3,-9,-124
1767175006.267238,0,-8,-131
1767175006.277238,1,-5,-134
1767175006.287238,-3,0,-129
1767175006.297238,-2,-3,-120
1767175006.307238,-1,0,-112
1767175006.317238,0,0,-114
1767175006.327238,-1,4,-119
1767175006.337238,0,0,-119
1767175006.347238,-4,0,-123
1767175006.357238,-6,1,-123
1767175006.367238,-4,1,-120
1767175006.377238,0,0,-125
1767175006.3872385,0,-1,-118
1767175006.3972385,0,-3,-115
1767175006.4072382,1,-2,-129
1767175006.4172382,0,0,-125
1767175006.4272382,2,1,-124
1767175006.4372382,6,0,-121
1767175006.4472382,3,1,-120
1767175006.4572382,-2,1,-120
1767175006.4672382,-6,-3,-117
1767175006.4772382,0,-8,-116
1767175006.4872382,2,-5,-125
1767175006.4972382,0,-1,-128
1767175006.507238,2,3,-128
1767175006.517238,5,0,-119
1767175006.527238,2,-2,-118
1767175006.537238,-2,-3,-122
1767175006.547238,-6,-2,-115
1767175006.557238,-12,-1,-110
1767175006.567238,-10,-1,-111
1767175006.577238,-8,-4,-115
1767175006.587238,-1,-7,-125
1767175006.597238,-3,-3,-122
1767175006.607238,0,-5,-125
1767175006.617238,-5,-3,-118
1767175006.627238,-4,-6,-119
1767175006.6372385,-8,-1,-117
1767175006.6472385,-8,-1,-115
1767175006.6572382,-7,-1,-113
1767175006.6672382,-8,0,-118
1767175006.6772382,-5,-3,-120
1767175006.6872382,-5,-6,-118
1767175006.6972382,1,-3,-113
1767175006.7072382,3,-1,-114
1767175006.7172382,3,0,-117
1767175006.7272382,0,3,-114
1767175006.7372382,-5,2,-115
1767175006.7472382,-7,1,-120
1767175006.757238,-2,1,-121
1767175006.767238,0,-1,-118
1767175006.777238,2,1,-124
1767175006.787238,0,0,-121
1767175006.797238,0,-1,-125
1767175006.807238,-2,0,-126
1767175006.817238,0,0,-120
1767175006.827238,3,-4,-122
1767175006.837238,6,-7,-118
1767175006.847238,2,-8,-118
1767175006.857238,5,-7,-117
1767175006.867238,7,-5,-123
1767175006.877238,1,-4,-123
1767175006.8872385,1,-7,-126
1767175006.8972385,5,-5,-127
1767175006.9072382,8,-4,-122
1767175006.9172382,7,-3,-121
1767175006.9272382,7,-3,-119
1767175006.9372382,4,-1,-121
1767175006.9472382,-1,-3,-122
1767175006.9572382,0,-2,-120
1767175006.9672382,0,-6,-120
1767175006.9772382,0,-8,-120
1767175006.9872382,5,-8,-125
1767175006.9972382,4,-5,-126
1767175007.007238,8,-8,-121
1767175007.017238,2,-8,-116
1767175007.027238,4,-8,-117
1767175007.037238,0,-8,-112
1767175007.047238,-4,-6,-114
1767175007.057238,-5,-5,-118
1767175007.067238,-5,-7,-118
1767175007.077238,-6,0,-120
1767175007.087238,-8,2,-120
1767175007.097238,-4,1,-119
1767175007.107238,-3,3,-123
1767175007.117238,-4,1,-118
1767175007.127238,-1,-1,-121
1767175007.1372385,1,-4,-118
1767175007.1472385,1,-6,-116
1767175007.1572382,1,-10,-115
1767175007.1672382,3,-7,-125
1767175007.1772382,5,-7,-130
1767175007.1872382,7,-3,-129
1767175007.1972382,2,-4,-130
1767175007.2072382,3,-5,-131
1767175007.2172382,0,-3,-130
1767175007.2272382,-2,-3,-120
1767175007.2372382,-7,-11,-110
1767175007.2472382,-11,-10,-119
1767175007.257238,-7,-4,-123
1767175007.268238,-7,-2,-122
1767175007.277238,-5,-4,-122
1767175007.287238,-10,-3,-125
1767175007.297238,-4,-2,-126
1767175007.3082385,-1,-4,-123
1767175007.3182385,3,-5,-126
1767175007.3282382,4,-8,-123
1767175007.3382382,1,-4,-119
1767175007.3482382,0,-1,-114
1767175007.3582382,0,0,-112
1767175007.3682382,4,-2,-118
1767175007.3782382,4,-2,-117
1767175007.3882382,4,-3,-112
1767175007.3982382,0,-5,-110
1767175007.4082382,0,-8,-112
1767175007.4182382,4,-5,-112
1767175007.4282382,7,-3,-120
1767175007.438238,7,-5,-119
1767175007.448238,5,-4,-114
1767175007.458238,6,0,-119
1767175007.468238,5,1,-121
1767175007.478238,2,0,-114
1767175007.488238,4,0,-114
1767175007.498238,5,0,-119
1767175007.508238,7,2,-120
1767175007.518238,8,-1,-112
1767175007.528238,4,-3,-116
1767175007.538238,1,-4,-121
1767175007.548238,0,-1,-123
1767175007.5582385,0,-2,-131
1767175007.5682385,0,-3,-126
1767175007.5782382,0,-1,-123
1767175007.5882382,1,-5,-120
1767175007.5982382,-4,-4,-120
1767175007.6082382,-5,-2,-118
1767175007.6182382,-7,-2,-115
1767175007.6282382,-9,-4,-112
1767175007.6382382,-7,-6,-109
1767175007.6482382,-8,-6,-110
1767175007.6582382,-6,-5,-113
1767175007.6682382,-10,-4,-107
1767175007.6782382,-7,-7,-104
1767175007.688238,-2,-5,-106
1767175007.698238,-2,-6,-105
1767175007.708238,-3,-4,-107
1767175007.718238,-3,0,-106
1767175007.728238,-1,-1,-110
1767175007.738238,0,-4,-110
1767175007.748238,0,-3,-103
1767175007.758238,0,-3,-108
1767175007.768238,0,-5,-107
1767175007.778238,1,-1,-109
1767175007.788238,0,-2,-112
1767175007.798238,0,-6,-120
1767175007.8082385,4,-8,-116
1767175007.8182385,-3,-10,-117
1767175007.8282382,-1,-7,-116
1767175007.8382382,4,-3,-120
1767175007.8482382,-2,-3,-125
1767175007.8582382,-6,0,-125
1767175007.8682382,-5,0,-127
1767175007.8782382,-4,0,-127
1767175007.8882382,-6,-3,-128
1767175007.8982382,-5,-1,-127
1767175007.9082382,0,-1,-128
1767175007.9182382,5,-3,-129
1767175007.9282382,3,-6,-129
1767175007.938238,4,-5,-126
1767175007.948238,10,-11,-124
1767175007.958238,11,-7,-125
1767175007.968238,5,-5,-119
1767175007.978238,0,-6,-114
1767175007.988238,-2,-1,-117
1767175007.9992385,-5,-1,-116
1767175008.008238,-5,-2,-116
1767175008.018238,-5,0,-122
1767175008.028238,-4,-3,-122
1767175008.038238,-1,-1,-124
1767175008.048238,-5,0,-120
1767175008.0582385,-7,-2,-126
1767175008.0682385,-8,-2,-130
1767175008.0782382,-5,-2,-130
1767175008.0882382,-4,-5,-128
1767175008.0982382,-6,-5,-124
1767175008.1082382,-4,-5,-121
1767175008.1182382,0,-2,-119
1767175008.1282382,2,0,-119
1767175008.1382382,3,1,-123
1767175008.1482382,7,1,-121
1767175008.1582382,4,-2,-119
1767175008.1682382,2,-4,-121
1767175008.1782382,2,-4,-118
1767175008.188238,-1,-6,-119
1767175008.198238,-1,-7,-123
1767175008.208238,1,-6,-124
1767175008.218238,0,-2,-118
1767175008.228238,-4,-3,-117
1767175008.238238,0,-1,-115
1767175008.248238,0,-4,-113
1767175008.258238,-3,-7,-114
1767175008.268238,-2,-3,-115
1767175008.278238,-4,-1,-112
1767175008.288238,-1,0,-117
1767175008.298238,-2,0,-114
1767175008.3082385,-3,-2,-118
1767175008.3182385,-4,-2,-118
1767175008.3282382,-4,1,-115
1767175008.3382382,-6,-1,-114
1767175008.3482382,-4,-3,-120
1767175008.3582382,-1,0,-129
1767175008.3682382,0,1,-129
1767175008.3782382,0,0,-127
1767175008.3882382,3,2,-127
1767175008.3982382,0,1,-130
1767175008.4082382,2,0,-129
1767175008.4182382,0,0,-124
1767175008.4282382,-1,-1,-126
1767175008.438238,0,1,-121
1767175008.448238,5,0,-113
1767175008.458238,5,0,-114
1767175008.468238,7,-1,-118
1767175008.478238,2,-1,-123
1767175008.488238,0,-1,-122
1767175008.498238,0,-4,-115
1767175008.508238,-2,-2,-117
1767175008.518238,-7,-4,-114
1767175008.528238,-1,-6,-120
1767175008.538238,0,-8,-122
1767175008.548238,1,-9,-124
1767175008.5582385,3,-10,-127
1767175008.5682385,3,-4,-133
1767175008.5782382,2,-2,-131
1767175008.5882382,0,-2,-128
1767175008.5982382,0,-4,-123
1767175008.6082382,6,-3,-124
1767175008.6182382,5,-2,-125
1767175008.6282382,-1,-4,-121
1767175008.6382382,-2,-4,-119
1767175008.6482382,-6,-2,-124
1767175008.6582382,-5,-3,-124
1767175008.6682382,0,-1,-120
1767175008.6782382,-3,-5,-123
1767175008.688238,0,-7,-126
1767175008.698238,-3,-4,-127
1767175008.708238,-5,-3,-129
1767175008.718238,-5,0,-124
1767175008.728238,-5,0,-120
1767175008.738238,-6,2,-113
1767175008.748238,-6,0,-121
1767175008.758238,-5,-1,-118
1767175008.768238,-6,2,-116
1767175008.778238,-2,0,-115
1767175008.788238,0,-3,-113
1767175008.798238,-1,-2,-115
1767175008.8082385,-3,-4,-113
1767175008.8182385,0,-5,-123
1767175008.8282382,4,-3,-118
1767175008.8382382,2,-4,-114
1767175008.8482382,0,-8,-120
1767175008.8582382,-2,-7,-117
1767175008.8682382,-3,-3,-119
1767175008.8782382,0,-1,-117
1767175008.8882382,3,1,-119
1767175008.8982382,8,1,-123
1767175008.9082382,4,4,-124
1767175008.9182382,3,3,-129
1767175008.9282382,2,3,-132
1767175008.938238,2,3,-131
1767175008.948238,0,1,-129
1767175008.958238,2,3,-130
1767175008.968238,5,4,-133
1767175008.978238,1,3,-132
1767175008.988238,-4,3,-128
1767175008.998238,-1,3,-130
1767175009.008238,-1,0,-126
1767175009.018238,2,0,-123
1767175009.028238,0,-3,-119
1767175009.038238,-3,0,-124
1767175009.048238,-5,0,-131
1767175009.0582385,-6,-4,-128
1767175009.0682385,-3,-3,-121
1767175009.0782382,-1,-1,-123
1767175009.0882382,2,0,-127
1767175009.0982382,2,-5,-128
1767175009.1082382,3,0,-125
1767175009.1182382,2,1,-133
1767175009.1282382,-2,2,-130
1767175009.1382382,-4,0,-121
1767175009.1482382,-4,-3,-120
1767175009.1582382,-7,-2,-122
1767175009.1682382,-2,-1,-118
1767175009.1782382,0,-1,-109
1767175009.188238,1,-2,-112
1767175009.198238,0,-1,-113
1767175009.208238,0,-2,-116
1767175009.218238,-2,-4,-115
1767175009.228238,-3,-2,-119
1767175009.238238,-2,1,-127
1767175009.248238,-3,2,-117
1767175009.258238,-8,-3,-106
1767175009.268238,-8,-1,-111
1767175009.278238,-5,1,-120
1767175009.288238,0,5,-121
1767175009.298238,1,2,-124
1767175009.3082385,0,0,-124
1767175009.3182385,0,-3,-120
1767175009.3282382,-2,-1,-117
1767175009.3382382,-4,-1,-126
1767175009.3482382,0,-1,-130
1767175009.3582382,1,-4,-127
1767175009.3682382,0,-5,-122
1767175009.3782382,1,-9,-116
1767175009.3882382,1,-4,-110
1767175009.3982382,-2,-3,-114
1767175009.4082382,-3,0,-114
1767175009.4182382,-2,0,-115
1767175009.4282382,-5,3,-123
1767175009.438238,-3,1,-123
1767175009.448238,-1,3,-124
1767175009.458238,-7,3,-126
1767175009.468238,-1,1,-131
1767175009.478238,-6,3,-133
1767175009.488238,-3,-2,-127
1767175009.498238,0,-5,-119
1767175009.508238,0,-3,-123
1767175009.518238,1,2,-124
1767175009.540238,0,0,-125
1767175009.548238,2,-2,-128
1767175009.5582385,4,-5,-122
1767175009.5682385,5,-6,-121
1767175009.5782382,8,-3,-118
1767175009.5882382,7,-3,-116
1767175009.5982382,5,-1,-112
1767175009.6082382,6,-3,-116
1767175009.6182382,5,-5,-120
1767175009.6282382,0,-7,-117
1767175009.6382382,-2,-2,-113
1767175009.6482382,-3,-4,-114
1767175009.6582382,-1,-2,-117
1767175009.6682382,0,-1,-116
1767175009.6782382,3,0,-118
1767175009.688238,1,0,-119
1767175009.698238,-2,1,-119
1767175009.708238,-3,3,-116
1767175009.718238,2,0,-114
1767175009.728238,4,0,-116
1767175009.738238,2,-3,-119
1767175009.748238,2,-7,-122
1767175009.758238,4,-6,-122
1767175009.768238,6,-6,-121
1767175009.778238,7,-6,-119
1767175009.788238,2,-7,-123
1767175009.798238,-3,-6,-121
1767175009.8082385,-4,-4,-116
1767175009.8182385,-6,0,-114
1767175009.8282382,-4,0,-122
1767175009.8382382,-2,-2,-126
1767175009.8482382,-2,-2,-121
1767175009.8582382,3,3,-116
1767175009.8682382,9,0,-114
1767175009.8782382,1,0,-115
1767175009.8882382,0,0,-115
1767175009.8982382,2,2,-119
1767175009.9082382,-2,3,-116
1767175009.9182382,0,6,-116
1767175009.929238,3,4,-118
1767175009.938238,0,2,-124
1767175009.949238,0,0,-127
1767175009.959238,3,0,-125
1767175009.969238,1,0,-120
1767175009.9792385,-1,-2,-122
1767175009.9892385,0,-5,-113
1767175009.9992385,5,-6,-116
1767175010.0092382,3,-7,-121
1767175010.0192382,0,-7,-120
1767175010.0292382,1,-9,-125
1767175010.0392382,0,-9,-119
1767175010.0492382,-1,-12,-114
1767175010.0592382,2,-12,-111
1767175010.0692382,1,-7,-116
1767175010.0792382,3,-6,-123
1767175010.0892382,4,-5,-117
1767175010.0992382,0,-7,-115
1767175010.109238,-2,-2,-120
1767175010.119238,-4,0,-120
1767175010.129238,0,0,-119
1767175010.139238,-3,2,-116
1767175010.149238,-5,0,-123
1767175010.159238,-7,0,-128
1767175010.169238,-3,0,-129
1767175010.179238,-2,3,-123
1767175010.189238,-1,6,-122
1767175010.199238,3,6,-118
1767175010.209238,3,3,-113
1767175010.219238,-2,0,-115
1767175010.2292385,0,1,-114
1767175010.2392385,2,-2,-114
1767175010.2492385,0,-3,-114
1767175010.2592382,0,0,-115
1767175010.2692382,-1,2,-125
1767175010.2792382,-5,5,-124
1767175010.2892382,-3,8,-119
1767175010.2992382,-6,5,-117
1767175010.3092382,-10,3,-114
1767175010.3192382,-12,-2,-112
1767175010.3292382,-13,-3,-113
1767175010.3392382,-12,-2,-119
1767175010.3492382,-8,-6,-119
1767175010.359238,-3,-7,-112
1767175010.369238,0,-9,-110
1767175010.379238,2,-5,-112
1767175010.389238,2,-1,-114
1767175010.399238,0,-1,-117
1767175010.409238,-2,-1,-119
1767175010.419238,-2,-2,-118
1767175010.429238,-3,-3,-116
1767175010.439238,-8,-5,-120
1767175010.449238,-7,-5,-117
1767175010.459238,-3,-1,-117
1767175010.469238,0,-1,-118
1767175010.4792385,0,1,-114
1767175010.4892385,-2,4,-115
1767175010.4992385,-5,2,-120
1767175010.5092382,-4,0,-121
1767175010.5192382,-6,0,-118
1767175010.5292382,-3,3,-114
1767175010.5392382,-2,3,-117
1767175010.5492382,-1,0,-130
1767175010.5592382,0,-1,-132
1767175010.5692382,-2,-1,-136
1767175010.5792382,-2,2,-134
1767175010.5892382,-1,0,-137
1767175010.5992382,0,-5,-135
1767175010.609238,1,-6,-126
1767175010.619238,3,-6,-130
1767175010.629238,4,-4,-129
1767175010.639238,3,-5,-129
1767175010.649238,2,0,-126
1767175010.659238,3,0,-128
1767175010.669238,4,0,-123
1767175010.679238,2,-5,-122
1767175010.689238,0,-5,-128
1767175010.699238,0,-3,-124
1767175010.709238,0,-4,-117
1767175010.719238,0,-1,-114
1767175010.7292385,1,-4,-117
1767175010.7392385,1,-9,-118
1767175010.7492385,0,-10,-120
1767175010.7592382,0,-8,-122
1767175010.7692382,1,-5,-127
1767175010.7792382,3,-1,-129
1767175010.7892382,2,-3,-134
1767175010.7992382,-1,-3,-137
1767175010.8092382,-1,0,-133
1767175010.8192382,-1,1,-127
1767175010.8292382,-1,2,-129
1767175010.8392382,3,0,-127
1767175010.8492382,5,0,-121
1767175010.859238,5,-2,-122
1767175010.869238,-1,-3,-124
1767175010.879238,-2,-3,-120
1767175010.889238,-3,0,-114
1767175010.899238,2,0,-116
1767175010.909238,1,-1,-117
1767175010.919238,3,-2,-118
1767175010.929238,0,-2,-113
1767175010.939238,0,-5,-114
1767175010.949238,2,-6,-117
1767175010.959238,-1,-8,-118
1767175010.969238,0,-6,-117
1767175010.9792385,0,-5,-122
1767175010.9892385,3,0,-122
1767175010.9992385,6,1,-122
1767175011.0092382,3,5,-111
1767175011.0192382,3,0,-108
1767175011.0292382,0,-7,-107
1767175011.0392382,-3,-7,-113
1767175011.0492382,0,-7,-110
1767175011.0592382,1,-6,-112
1767175011.0692382,0,-3,-118
1767175011.0792382,-2,-5,-125
1767175011.0892382,0,-3,-124
1767175011.0992382,3,-3,-114
1767175011.109238,4,1,-111
1767175011.119238,7,1,-107
1767175011.129238,5,-1,-111
1767175011.139238,0,-3,-115
1767175011.149238,0,0,-120
1767175011.159238,0,-3,-120
1767175011.169238,4,-2,-119
1767175011.179238,6,-5,-117
1767175011.189238,2,-5,-121
1767175011.199238,4,-4,-120
1767175011.209238,5,-1,-121
1767175011.219238,5,-2,-120
1767175011.2292385,6,-3,-120
1767175011.2392385,4,-4,-119
1767175011.2492385,0,-8,-118
1767175011.2592382,1,-10,-113
1767175011.2692382,3,-10,-116
1767175011.2792382,1,-5,-126
1767175011.2892382,-3,-2,-119
1767175011.2992382,-6,-1,-112
1767175011.3092382,-7,-4,-111
1767175011.3192382,-6,-3,-116
1767175011.3292382,-8,-2,-120
1767175011.3392382,-4,-4,-121
1767175011.3492382,2,-4,-122
1767175011.359238,2,-6,-123
1767175011.369238,0,-3,-113
1767175011.379238,2,-6,-116
1767175011.389238,4,-2,-118
1767175011.399238,6,0,-118
1767175011.409238,5,5,-122
1767175011.419238,0,2,-120
1767175011.429238,-2,4,-118
1767175011.439238,-2,0,-111
1767175011.449238,-3,1,-107
1767175011.459238,-3,0,-108
1767175011.469238,0,0,-108
1767175011.4792385,-3,0,-119
1767175011.4892385,-3,-1,-124
1767175011.4992385,4,-1,-124
1767175011.5092382,3,-4,-124
1767175011.5192382,2,-2,-125
1767175011.5292382,5,-4,-122
1767175011.5392382,4,-1,-121
1767175011.5492382,2,-1,-121
1767175011.5592382,0,0,-124
1767175011.5692382,-4,2,-121
1767175011.5792382,-4,0,-116
1767175011.5892382,-3,0,-116
1767175011.5992382,-4,1,-118
1767175011.609238,0,-1,-116
1767175011.619238,0,-1,-118
1767175011.629238,1,-5,-125
1767175011.639238,0,-6,-122
1767175011.649238,1,-7,-122
1767175011.659238,1,-8,-120
1767175011.669238,3,-2,-126
1767175011.679238,3,0,-127
1767175011.689238,2,1,-124
1767175011.699238,2,0,-126
1767175011.709238,1,0,-126
1767175011.719238,0,-2,-128
1767175011.7292385,-6,-5,-123
1767175011.7392385,-7,-9,-119
1767175011.7492385,-2,-7,-120
1767175011.7592382,2,-2,-126
1767175011.7692382,5,-1,-125
1767175011.7792382,2,-1,-123
1767175011.7892382,0,-1,-120
1767175011.7992382,-4,-3,-122
1767175011.8092382,0,-5,-122
1767175011.8192382,0,-1,-123
1767175011.8292382,-3,1,-128
1767175011.8392382,-3,-3,-135
1767175011.8492382,0,0,-130
1767175011.859238,0,0,-125
1767175011.869238,0,0,-118
1767175011.879238,-1,-4,-113
1767175011.889238,1,-2,-112
1767175011.899238,0,-2,-117
1767175011.909238,1,0,-123
1767175011.919238,0,-4,-120
1767175011.929238,4,-3,-121
1767175011.939238,4,-5,-117
1767175011.949238,1,-7,-117
1767175011.959238,-3,-2,-118
1767175011.969238,-2,-2,-118
1767175011.9792385,-3,-4,-118
1767175011.9892385,2,-1,-124
1767175011.9992385,0,0,-125
1767175012.0092382,0,-3,-115
1767175012.0192382,-1,2,-122
1767175012.0292382,1,4,-117
1767175012.0392382,1,6,-116
1767175012.0492382,3,5,-125
1767175012.0592382,4,4,-126
1767175012.0692382,2,4,-127
1767175012.0792382,4,5,-121
1767175012.0892382,6,1,-120
1767175012.0992382,8,0,-118
1767175012.109238,13,1,-126
1767175012.119238,12,0,-126
1767175012.129238,8,-3,-124
1767175012.139238,7,-5,-126
1767175012.149238,7,-2,-119
1767175012.159238,5,-3,-125
1767175012.169238,1,0,-124
1767175012.179238,0,-2,-124
1767175012.189238,4,-4,-125
1767175012.199238,3,-4,-129
1767175012.209238,0,-3,-130
1767175012.219238,0,-3,-133
1767175012.2292385,0,0,-126
1767175012.2392385,2,2,-126
1767175012.2492385,5,4,-122
1767175012.2592382,3,0,-119
1767175012.2692382,1,-1,-119
1767175012.2792382,-3,-6,-120
1767175012.2892382,-2,-4,-120
1767175012.2992382,-5,-6,-123
1767175012.3092382,-4,-5,-120
1767175012.3192382,-7,-2,-114
1767175012.3292382,-6,1,-113
1767175012.3392382,-4,-4,-116
1767175012.3492382,-1,-7,-124
1767175012.359238,-2,-5,-122
1767175012.369238,0,-3,-122
1767175012.379238,0,-1,-119
1767175012.389238,0,0,-120
1767175012.399238,0,0,-126
1767175012.409238,0,2,-131
1767175012.419238,3,3,-131
1767175012.429238,8,5,-130
1767175012.439238,4,6,-127
1767175012.449238,0,5,-127
1767175012.459238,0,3,-129
1767175012.469238,-1,2,-128
1767175012.4792385,1,3,-128
1767175012.4892385,0,0,-124
1767175012.4992385,0,-2,-129
1767175012.5092382,2,-4,-125
1767175012.5192382,3,-6,-123
1767175012.5292382,3,-7,-126
1767175012.5392382,3,-6,-121
1767175012.5492382,1,-4,-118
1767175012.5592382,3,-4,-120
1767175012.5692382,2,-6,-124
1767175012.580238,1,-5,-123
1767175012.590238,3,-5,-129
1767175012.5992382,4,-4,-131
1767175012.610238,3,-4,-131
1767175012.620238,5,-8,-133
1767175012.630238,5,-1,-136
1767175012.639238,5,0,-135
1767175012.650238,4,1,-131
1767175012.6602385,1,0,-128
1767175012.6702385,6,0,-120
1767175012.6802382,9,-2,-120
1767175012.6902382,8,0,-121
1767175012.7002382,4,-1,-124
1767175012.7102382,4,0,-117
1767175012.7202382,2,-1,-124
1767175012.7302382,-1,-1,-122
1767175012.7402382,0,0,-122
1767175012.7502382,1,0,-125
1767175012.7602382,0,-2,-132
1767175012.7702382,1,-3,-130
1767175012.7802382,1,-4,-134
1767175012.790238,0,-5,-135
1767175012.800238,-1,-5,-134
1767175012.810238,1,-5,-130
1767175012.820238,2,-5,-127
1767175012.830238,4,-5,-128
1767175012.840238,3,-1,-123
1767175012.850238,1,0,-120
1767175012.860238,2,2,-116
1767175012.870238,6,1,-122
1767175012.880238,1,-1,-131
1767175012.890238,-1,0,-127
1767175012.900238,1,2,-123
1767175012.9102385,0,2,-122
1767175012.9202385,-5,3,-117
1767175012.9302382,-4,3,-114
1767175012.9402382,-2,7,-114
1767175012.9502382,-3,6,-119
1767175012.9602382,-2,5,-127
1767175012.9702382,-4,6,-123
1767175012.9802382,-4,1,-123
1767175012.9902382,-5,-1,-120
1767175013.0002382,-5,-1,-122
1767175013.0102382,-4,0,-121
1767175013.0202382,-5,1,-120
1767175013.0302382,-4,1,-126
1767175013.040238,-5,2,-133
1767175013.050238,-4,0,-126
1767175013.060238,-5,0,-123
1767175013.070238,-5,-2,-124
1767175013.080238,-7,-4,-122
1767175013.090238,-11,0,-117
1767175013.100238,-8,1,-117
1767175013.110238,-7,1,-116
1767175013.120238,-7,0,-120
1767175013.130238,-7,2,-120
1767175013.140238,-7,1,-125
1767175013.150238,-3,-1,-117
1767175013.1602385,-5,-5,-110
1767175013.1702385,-5,-3,-107
1767175013.1802382,-6,-1,-106
1767175013.1902382,-6,0,-112
1767175013.2002382,-6,0,-116
1767175013.2102382,-6,0,-119
1767175013.2202382,-7,3,-127
1767175013.2302382,-6,0,-122
1767175013.2402382,-5,0,-119
1767175013.2502382,-1,0,-124
1767175013.2602382,0,0,-125
1767175013.2702382,-4,-2,-124
1767175013.2802382,-2,0,-122
1767175013.290238,0,2,-121
1767175013.300238,0,2,-119
1767175013.310238,1,3,-125
1767175013.320238,0,6,-128
1767175013.330238,3,7,-130
1767175013.340238,2,4,-131
1767175013.350238,-1,4,-129
1767175013.360238,0,4,-129
1767175013.370238,5,0,-131
1767175013.380238,1,-2,-122
1767175013.390238,0,-3,-119
1767175013.400238,-1,-7,-120
1767175013.4102385,0,-9,-110
1767175013.4202385,1,-7,-108
1767175013.4302382,0,-2,-116
1767175013.4402382,1,-4,-122
1767175013.4502382,1,-6,-127
1767175013.4602382,-2,-9,-130
1767175013.4702382,-5,-3,-126
1767175013.4802382,-5,-2,-125
1767175013.4902382,-2,0,-118
1767175013.5002382,1,1,-120
1767175013.5102382,6,1,-116
1767175013.5202382,9,-1,-119
1767175013.5302382,5,-4,-120
1767175013.540238,3,-4,-121
1767175013.550238,3,-2,-121
1767175013.560238,-1,3,-129
1767175013.570238,-4,4,-126
1767175013.580238,-1,7,-123
1767175013.590238,1,11,-115
1767175013.600238,0,11,-112
1767175013.610238,4,6,-115
1767175013.620238,4,4,-115
1767175013.630238,5,5,-114
1767175013.640238,3,2,-106
1767175013.650238,0,3,-109
1767175013.6602385,-1,0,-112
1767175013.6702385,0,-1,-116
1767175013.6802382,1,-1,-110
1767175013.6902382,3,1,-113
1767175013.7002382,6,2,-117
1767175013.7102382,5,2,-112
1767175013.7202382,6,0,-112
1767175013.7302382,6,0,-113
1767175013.7402382,4,0,-119
1767175013.7502382,5,-1,-119
1767175013.7602382,3,-1,-109
1767175013.7702382,0,0,-116
1767175013.7802382,5,0,-118
1767175013.790238,1,1,-126
1767175013.800238,0,0,-128
1767175013.810238,2,0,-125
1767175013.820238,0,2,-128
1767175013.830238,6,4,-122
1767175013.840238,6,4,-125
1767175013.850238,6,6,-124
1767175013.860238,2,5,-120
1767175013.870238,4,5,-122
1767175013.880238,4,4,-121
1767175013.890238,-3,1,-121
1767175013.900238,-1,-1,-119
1767175013.9102385,-1,0,-117
1767175013.9202385,-2,-2,-119
1767175013.9302382,-5,-5,-125
1767175013.9402382,-6,-9,-120
1767175013.9502382,-5,-7,-113
1767175013.9602382,-4,-4,-111
1767175013.9702382,-4,-6,-113
1767175013.9802382,-7,-6,-120
1767175013.9902382,-4,-6,-121
1767175014.0002382,0,-4,-120
1767175014.0102382,0,-5,-124
1767175014.0202382,-2,-1,-123
1767175014.0302382,-2,-4,-125
1767175014.040238,-6,-4,-125
1767175014.050238,-7,-2,-124
1767175014.060238,-4,0,-124
1767175014.070238,-7,0,-124
1767175014.080238,-6,0,-119
1767175014.090238,-4,-1,-119
1767175014.100238,0,-2,-120
1767175014.110238,3,-1,-123
1767175014.120238,7,2,-119
1767175014.130238,2,2,-120
1767175014.140238,0,8,-121
1767175014.150238,1,8,-122
1767175014.1602385,3,4,-122
1767175014.1702385,2,2,-129
1767175014.1802382,5,5,-130
1767175014.1902382,1,5,-129
1767175014.2002382,0,8,-123
1767175014.2102382,-4,10,-117
1767175014.2202382,-1,8,-123
1767175014.2302382,2,9,-126
1767175014.2402382,2,2,-130
1767175014.2502382,2,-1,-129
1767175014.2602382,5,-1,-128
1767175014.2702382,4,-3,-133
1767175014.2802382,2,-4,-134
1767175014.290238,0,-5,-133
1767175014.300238,-6,-4,-123
1767175014.310238,-2,-4,-123
1767175014.320238,-2,-6,-125
1767175014.330238,-5,-4,-121
1767175014.340238,-2,-5,-107
1767175014.350238,-2,0,-96
1767175014.360238,-4,0,-109
1767175014.370238,0,0,-115
1767175014.380238,6,0,-116
1767175014.390238,1,-3,-121
1767175014.400238,1,-4,-115
1767175014.4102385,0,-6,-121
1767175014.4202385,2,-4,-123
1767175014.4302382,2,-2,-118
1767175014.4402382,3,-1,-119
1767175014.4502382,0,3,-123
1767175014.4602382,-3,6,-126
1767175014.4702382,-1,4,-130
1767175014.4802382,-2,0,-132
1767175014.4902382,-3,1,-129
1767175014.5002382,-1,-2,-128
1767175014.5102382,2,-4,-127
1767175014.5202382,5,-5,-128
1767175014.5302382,7,-5,-128
1767175014.551238,5,-3,-126
1767175014.560238,3,0,-124
1767175014.570238,2,-2,-120
1767175014.580238,-3,-2,-124
1767175014.590238,-1,-2,-125
1767175014.600238,2,-5,-117
1767175014.610238,7,-3,-120
1767175014.620238,6,-1,-115
1767175014.630238,3,0,-110
1767175014.640238,0,3,-112
1767175014.650238,1,3,-113
1767175014.6602385,0,4,-116
1767175014.6702385,0,0,-115
1767175014.6802382,-3,0,-116
1767175014.6902382,-6,-2,-112
1767175014.7002382,-7,-1,-114
1767175014.7102382,-5,0,-118
1767175014.7202382,-4,0,-119
1767175014.7302382,-2,-2,-117
1767175014.7402382,1,-5,-114
1767175014.7502382,3,-1,-118
1767175014.7602382,5,-2,-117
1767175014.7702382,-1,0,-119
1767175014.7802382,-5,-1,-121
1767175014.790238,-2,-1,-119
1767175014.800238,0,-2,-120
1767175014.810238,4,-4,-127
1767175014.820238,5,-1,-123
1767175014.830238,-1,1,-121
1767175014.840238,0,-1,-120
1767175014.850238,-2,-3,-122
1767175014.860238,-5,-2,-124
1767175014.870238,-5,-2,-133
1767175014.880238,-2,-1,-135
1767175014.890238,0,0,-136
1767175014.900238,0,2,-132
1767175014.9102385,3,1,-127
1767175014.9202385,0,-2,-124
1767175014.9302382,-4,-4,-127
1767175014.9402382,-2,0,-124
1767175014.9502382,0,1,-117
1767175014.9602382,-1,-2,-118
1767175014.9702382,2,-5,-119
1767175014.9802382,0,-4,-121
1767175014.9902382,-3,0,-128
1767175015.0002382,-5,0,-126
1767175015.0102382,-3,-1,-129
1767175015.0202382,-5,-3,-128
1767175015.0302382,-3,-4,-131
1767175015.040238,-7,0,-128
1767175015.050238,-5,-5,-127
1767175015.060238,-4,-3,-128
1767175015.070238,-5,0,-132
1767175015.080238,-6,-1,-124
1767175015.090238,-5,-2,-122
1767175015.100238,0,-1,-132
1767175015.110238,-2,-3,-132
1767175015.120238,0,-3,-127
1767175015.130238,0,0,-121
1767175015.140238,0,-4,-114
1767175015.150238,0,1,-111
1767175015.1602385,0,6,-110
1767175015.1702385,3,6,-112
1767175015.1802382,2,3,-119
1767175015.1902382,-1,0,-122
1767175015.2002382,0,-3,-121
1767175015.2102382,0,-3,-120
1767175015.2202382,2,-2,-118
1767175015.2302382,2,-2,-125
1767175015.241238,0,-1,-124
1767175015.2502382,0,-4,-125
1767175015.2602382,0,-4,-125
1767175015.2702382,-2,-3,-121
1767175015.2802382,2,-9,-116
1767175015.291238,2,-3,-110
1767175015.301238,0,-1,-114
1767175015.311238,0,6,-123
1767175015.321238,-3,7,-129
1767175015.3312385,-3,5,-128
1767175015.3412385,-4,6,-125
1767175015.3512385,-4,6,-123
1767175015.3612382,-6,1,-122
1767175015.3722382,0,-2,-120
1767175015.3812382,1,3,-121
1767175015.3912382,0,0,-118
1767175015.4012382,-3,0,-119
1767175015.4112382,0,-5,-119
1767175015.4212382,0,-7,-117
1767175015.4312382,4,-5,-115
1767175015.4412382,-1,-4,-112
1767175015.4512382,-2,-7,-111
1767175015.461238,-1,-8,-113
1767175015.471238,-1,-7,-114
1767175015.481238,0,-3,-116
1767175015.491238,0,-3,-122
1767175015.501238,-2,-6,-125
1767175015.511238,1,-7,-125
1767175015.521238,3,-4,-123
1767175015.531238,2,-5,-115
1767175015.541238,6,-5,-111
1767175015.551238,4,-2,-114
1767175015.561238,5,-1,-119
1767175015.571238,4,-2,-123
1767175015.5812385,5,-3,-126
1767175015.5912385,2,0,-122
1767175015.6012385,5,1,-117
1767175015.6112382,8,3,-116
1767175015.6212382,6,3,-111
1767175015.6312382,1,1,-107
1767175015.6412382,0,1,-112
1767175015.6512382,5,3,-120
1767175015.6612382,5,6,-120
1767175015.6712382,2,8,-119
1767175015.6812382,2,5,-120
1767175015.6912382,-1,3,-115
1767175015.7012382,-2,3,-117
1767175015.711238,5,6,-116
1767175015.721238,1,3,-117
1767175015.731238,-3,4,-115
1767175015.741238,-4,0,-118
1767175015.751238,-4,0,-117
1767175015.761238,-3,-3,-120
1767175015.771238,-3,-1,-120
1767175015.781238,-2,1,-114
1767175015.791238,-5,3,-112
1767175015.801238,-3,0,-118
1767175015.811238,0,0,-114
1767175015.821238,0,-2,-111
1767175015.8312385,0,-3,-110
1767175015.8412385,0,-3,-111
1767175015.8512385,0,-3,-110
1767175015.8612382,0,-3,-116
1767175015.8712382,1,-1,-118
1767175015.8812382,-1,0,-120
1767175015.8912382,-3,0,-120
1767175015.9012382,-1,0,-116
1767175015.9112382,-3,0,-117
1767175015.9212382,-1,1,-117
1767175015.9312382,5,-1,-112
1767175015.9412382,2,-1,-113
1767175015.9512382,-1,-2,-119
1767175015.961238,-1,-1,-122
1767175015.971238,-1,0,-116
1767175015.981238,-2,-1,-116
1767175015.991238,0,-7,-124
1767175016.001238,2,-4,-124
1767175016.011238,4,-1,-121
1767175016.021238,5,-1,-126
1767175016.031238,3,-4,-129
1767175016.041238,3,-4,-125
1767175016.051238,0,-5,-128
1767175016.061238,2,-2,-126
1767175016.071238,4,-3,-124
1767175016.0812385,3,-4,-130
1767175016.0912385,2,0,-138
1767175016.1012385,5,-1,-129
1767175016.1112382,5,-3,-132
1767175016.1212382,1,-4,-123
1767175016.1312382,2,-7,-123
1767175016.1412382,1,-8,-126
1767175016.1512382,2,-8,-132
1767175016.1612382,0,-6,-128
1767175016.1712382,0,-1,-122
1767175016.1812382,-2,3,-116
1767175016.1912382,-7,1,-110
1767175016.2012382,-3,0,-110
1767175016.211238,-1,0,-119
1767175016.221238,-3,-3,-124
1767175016.231238,0,-4,-118
1767175016.241238,0,-4,-114
1767175016.251238,0,-1,-117
1767175016.261238,-4,-2,-122
1767175016.271238,-2,-3,-121
1767175016.281238,-3,1,-119
1767175016.291238,-5,2,-116
1767175016.301238,-2,4,-118
1767175016.311238,0,0,-117
1767175016.321238,0,-1,-116
1767175016.3312385,-2,0,-117
1767175016.3412385,-3,1,-116
1767175016.3512385,-4,6,-116
1767175016.3612382,1,0,-116
1767175016.3712382,5,-5,-117
1767175016.3812382,1,-7,-122
1767175016.3912382,-1,-6,-119
1767175016.4012382,0,-4,-126
1767175016.4112382,2,-2,-122
1767175016.4212382,1,-2,-120
1767175016.4312382,4,-3,-120
1767175016.4412382,1,-4,-120
1767175016.4512382,0,-3,-123
1767175016.461238,-1,-2,-125
1767175016.471238,1,-7,-119
1767175016.481238,2,-5,-118
1767175016.491238,3,-6,-123
1767175016.501238,1,-3,-123
1767175016.511238,1,-5,-123
1767175016.521238,-1,-8,-123
1767175016.531238,1,-7,-123
1767175016.541238,2,-8,-124
1767175016.551238,2,-3,-124
1767175016.561238,2,-6,-123
1767175016.571238,3,-6,-127
1767175016.5812385,-1,-5,-130
1767175016.5912385,4,-8,-125
1767175016.6012385,6,-7,-125
1767175016.6112382,6,-5,-130
1767175016.6212382,4,-9,-132
1767175016.6312382,3,-9,-129
1767175016.6412382,2,-8,-130
1767175016.6512382,3,-9,-119
1767175016.6612382,4,-7,-120
1767175016.6712382,4,-10,-118
1767175016.6812382,5,-6,-118
1767175016.6912382,-3,-5,-126
1767175016.7012382,-8,-3,-128
1767175016.711238,-11,0,-127
1767175016.721238,-10,-1,-118
1767175016.731238,-10,-6,-121
1767175016.741238,-4,0,-117
1767175016.751238,-1,3,-122
1767175016.761238,-1,3,-116
1767175016.771238,2,10,-114
1767175016.781238,2,8,-112
1767175016.791238,2,10,-111
1767175016.801238,4,10,-118
1767175016.811238,2,5,-121
1767175016.821238,9,5,-117
1767175016.8312385,9,4,-118
1767175016.8412385,6,10,-124
1767175016.8512385,5,10,-124
1767175016.8612382,3,6,-121
1767175016.8712382,1,4,-122
1767175016.8812382,-1,0,-122
1767175016.8912382,-1,0,-116
1767175016.9012382,-1,-1,-119
1767175016.9112382,-3,-2,-117
1767175016.9212382,-6,0,-117
1767175016.9312382,-4,0,-121
1767175016.9412382,1,-2,-125
1767175016.9512382,2,-3,-120
1767175016.961238,0,-1,-124
1767175016.971238,2,0,-124
1767175016.981238,3,-1,-128
1767175016.991238,2,-3,-128
1767175017.001238,9,-3,-138
1767175017.011238,6,-2,-136
1767175017.021238,4,1,-131
1767175017.031238,4,1,-130
1767175017.041238,5,1,-126
1767175017.051238,0,-3,-126
1767175017.061238,0,-4,-129
1767175017.071238,-4,1,-127
1767175017.0812385,0,-2,-132
1767175017.0912385,-1,0,-131
1767175017.1012385,0,0,-129
1767175017.1112382,1,-1,-124
1767175017.1212382,-5,-4,-126
1767175017.1312382,-6,-7,-122
1767175017.1412382,-7,-6,-121
1767175017.1512382,-2,-5,-125
1767175017.1612382,-2,-5,-127
1767175017.1712382,1,-6,-125
1767175017.1812382,2,-6,-124
1767175017.1912382,0,-9,-129
1767175017.2012382,4,-10,-130
1767175017.211238,10,-7,-128
1767175017.221238,6,-4,-126
1767175017.231238,5,-3,-120
1767175017.241238,2,-1,-118
1767175017.251238,4,-6,-113
1767175017.261238,5,-3,-118
1767175017.271238,2,-2,-122
1767175017.281238,0,0,-125
1767175017.291238,-2,2,-127
1767175017.301238,1,0,-127
1767175017.311238,2,-3,-126
1767175017.321238,2,-3,-116
1767175017.3312385,1,-3,-111
1767175017.3412385,4,-3,-109
1767175017.3512385,5,-4,-107
1767175017.3612382,0,-2,-113
1767175017.3712382,1,-4,-111
1767175017.3812382,3,2,-116
1767175017.3912382,-2,6,-115
1767175017.4012382,-6,5,-114
1767175017.4112382,-4,5,-110
1767175017.4212382,-2,1,-111
1767175017.4312382,-4,-1,-115
1767175017.4412382,-4,0,-127
1767175017.4512382,-2,0,-124
1767175017.461238,-2,-2,-119
1767175017.471238,-7,-1,-126
1767175017.481238,-5,0,-122
1767175017.491238,-5,-2,-126
1767175017.501238,-2,0,-124
1767175017.511238,-2,0,-121
1767175017.521238,-1,-1,-123
1767175017.531238,0,-2,-126
1767175017.541238,1,0,-123
1767175017.551238,3,3,-128
1767175017.561238,1,-1,-127
1767175017.571238,5,0,-125
1767175017.5812385,4,0,-127
1767175017.5912385,-2,-1,-128
1767175017.6012385,-3,-1,-124
1767175017.6112382,-2,2,-121
1767175017.6212382,-1,5,-119
1767175017.6312382,-3,3,-117
1767175017.6412382,0,1,-119
1767175017.6512382,2,0,-120
1767175017.6612382,3,-3,-118
1767175017.6712382,0,-5,-125
1767175017.6812382,3,-4,-126
1767175017.6912382,4,-4,-123
1767175017.7012382,5,-3,-127
1767175017.711238,3,-1,-129
1767175017.721238,5,1,-131
1767175017.731238,5,0,-132
1767175017.741238,3,0,-133
1767175017.751238,-2,0,-135
1767175017.761238,-1,0,-134
1767175017.771238,4,0,-135
1767175017.781238,0,0,-129
1767175017.791238,1,3,-130
1767175017.801238,1,0,-125
1767175017.811238,5,-3,-127
1767175017.821238,4,0,-127
1767175017.8312385,3,-4,-133
1767175017.8412385,0,-3,-135
1767175017.8512385,-2,-2,-131
1767175017.8612382,1,0,-132
1767175017.8712382,0,-3,-131
1767175017.8812382,-2,-7,-129
1767175017.8912382,-1,-11,-127
1767175017.9012382,-1,-10,-124
1767175017.9112382,5,-11,-121
1767175017.922238,3,-7,-116
1767175017.9312382,2,-4,-118
1767175017.9412382,5,-2,-120
1767175017.952238,0,-2,-124
1767175017.961238,2,-3,-126
1767175017.972238,4,-1,-129
1767175017.982238,3,0,-128
1767175017.992238,0,-2,-131
1767175018.002238,-1,0,-120
1767175018.011238,0,-3,-117
1767175018.0222385,0,0,-124
1767175018.0322382,0,-3,-125
1767175018.0422382,1,-4,-120
1767175018.0522382,0,-1,-125
1767175018.061238,0,0,-130
1767175018.0722382,-3,-4,-122
1767175018.0822382,-3,-1,-123
1767175018.0922382,-5,0,-118
1767175018.1022382,-6,1,-122
1767175018.1112382,-7,0,-125
1767175018.1222382,-4,-2,-127
1767175018.132238,-4,-7,-120
1767175018.142238,-5,-4,-124
1767175018.152238,-1,-1,-120
1767175018.162238,-1,-2,-114
1767175018.172238,-1,-3,-112
1767175018.182238,-1,-1,-117
1767175018.192238,-1,0,-118
1767175018.202238,1,0,-113
1767175018.212238,5,0,-108
1767175018.222238,4,-1,-110
1767175018.232238,5,-3,-108
1767175018.242238,4,-1,-105
1767175018.252238,4,-1,-109
1767175018.2622385,4,-2,-109
1767175018.2722385,0,-3,-113
1767175018.2822382,-1,-1,-113
1767175018.2922382,1,-1,-114
1767175018.3022382,1,0,-115
1767175018.3122382,0,3,-119
1767175018.3222382,2,-2,-119
1767175018.3322382,4,-4,-114
1767175018.3422382,1,-5,-120
1767175018.3522382,0,-6,-122
1767175018.3622382,1,-3,-123
1767175018.3722382,-1,-3,-125
1767175018.382238,0,-2,-121
1767175018.392238,0,0,-124
1767175018.402238,-5,-2,-123
1767175018.412238,-6,0,-129
1767175018.422238,-1,-2,-129
1767175018.432238,2,-1,-125
1767175018.442238,5,-5,-123
1767175018.452238,3,-9,-120
1767175018.462238,3,-8,-121
1767175018.472238,4,-9,-119
1767175018.482238,2,-11,-117
1767175018.492238,6,-8,-115
1767175018.502238,8,-5,-125
1767175018.5122385,5,-4,-128
1767175018.5222385,4,3,-129
1767175018.5322382,3,1,-127
1767175018.5422382,0,2,-122
1767175018.5522382,2,5,-130
1767175018.5622382,4,0,-130
1767175018.5722382,-1,0,-123
1767175018.5822382,-6,4,-123
1767175018.5922382,0,5,-118
1767175018.6022382,0,3,-112
1767175018.6122382,0,3,-113
1767175018.6222382,0,4,-117
1767175018.632238,0,0,-112
1767175018.642238,0,-4,-112
1767175018.652238,-1,-5,-110
1767175018.662238,-5,-2,-115
1767175018.672238,-5,-3,-119
1767175018.682238,-2,-7,-115
1767175018.692238,-3,-4,-114
1767175018.702238,-3,-2,-110
1767175018.712238,0,2,-112
1767175018.722238,-2,3,-113
1767175018.732238,-8,4,-114
1767175018.742238,-5,3,-117
1767175018.752238,-1,-1,-115
1767175018.7622385,4,-3,-122
1767175018.7722385,4,0,-127
1767175018.7822382,5,-1,-126
1767175018.7922382,9,-1,-120
1767175018.8022382,9,-5,-116
1767175018.8122382,9,-6,-121
1767175018.8222382,4,-5,-125
1767175018.8322382,3,-2,-120
1767175018.8422382,2,-2,-116
1767175018.8522382,2,-1,-114
1767175018.8622382,2,-1,-109
1767175018.8722382,0,0,-111
1767175018.882238,1,-3,-114
1767175018.892238,0,-1,-117
1767175018.902238,1,2,-123
1767175018.912238,2,3,-126
1767175018.922238,2,4,-129
1767175018.932238,1,0,-123
1767175018.942238,-2,-5,-121
1767175018.952238,-5,-5,-124
1767175018.962238,-2,-4,-130
1767175018.972238,-1,-3,-126
1767175018.982238,-5,-3,-126
1767175018.992238,-5,0,-133
1767175019.002238,-2,2,-131
1767175019.0122385,0,1,-131
1767175019.0222385,0,0,-129
1767175019.0322382,-5,0,-130
1767175019.0422382,-4,-5,-129
1767175019.0522382,-10,-5,-128
1767175019.0622382,-7,-6,-125
1767175019.0722382,-5,-2,-128
1767175019.0822382,-5,-5,-132
1767175019.0922382,-2,-10,-132
1767175019.1022382,-1,-9,-129
1767175019.1122382,-2,-7,-125
1767175019.1222382,-1,-6,-125
1767175019.132238,-3,-3,-122
1767175019.142238,-1,0,-127
1767175019.152238,-2,-1,-127
1767175019.162238,-3,-2,-124
1767175019.172238,-5,-2,-122
1767175019.182238,-3,-3,-127
1767175019.192238,-3,-5,-129
1767175019.202238,-7,-4,-130
1767175019.212238,-3,0,-123
1767175019.222238,0,-2,-121
1767175019.232238,0,-1,-120
1767175019.242238,0,-3,-117
1767175019.252238,-1,-4,-119
1767175019.2622385,0,-5,-119
1767175019.2722385,-1,-7,-115
1767175019.2822382,-2,-4,-111
1767175019.2922382,-2,0,-107
1767175019.3022382,-3,0,-112
1767175019.3122382,-3,-1,-111
1767175019.3222382,-6,1,-110
1767175019.3322382,-5,1,-111
1767175019.3422382,0,-5,-111
1767175019.3522382,1,-5,-107
1767175019.3622382,0,-2,-107
1767175019.3722382,1,-2,-112
1767175019.382238,2,-3,-117
1767175019.392238,0,0,-127
1767175019.402238,1,0,-130
1767175019.412238,-1,4,-129
1767175019.422238,-3,1,-123
1767175019.432238,-5,-2,-120
1767175019.442238,0,-3,-120
1767175019.452238,-2,-2,-122
1767175019.462238,-6,-1,-128
1767175019.472238,-5,-6,-126
1767175019.482238,1,-3,-121
1767175019.492238,4,-5,-121
1767175019.502238,-2,-4,-118
1767175019.5122385,2,-5,-123
1767175019.5222385,-1,-5,-125
1767175019.5322382,-7,-6,-123
1767175019.5422382,-11,-3,-119
1767175019.564238,-9,-3,-111
1767175019.5722382,-5,-7,-111
1767175019.5822382,-5,-7,-113
1767175019.5922382,-3,-8,-110
1767175019.6022382,-1,-7,-114
1767175019.6122382,0,-3,-115
1767175019.6222382,2,-1,-114
1767175019.632238,4,-2,-115
1767175019.642238,4,-2,-118
1767175019.652238,2,0,-121
1767175019.662238,3,-2,-120
1767175019.672238,1,-1,-120
1767175019.682238,2,0,-122
1767175019.692238,1,1,-118
1767175019.702238,0,0,-125
1767175019.712238,2,-1,-122
1767175019.722238,4,0,-125
1767175019.732238,4,0,-126
1767175019.742238,2,0,-128
1767175019.752238,-1,3,-123
1767175019.7622385,0,0,-120
1767175019.7722385,0,2,-123
1767175019.7822382,-4,4,-126
1767175019.7922382,-2,-1,-125
1767175019.8022382,0,1,-122
1767175019.8122382,-1,0,-121
1767175019.8222382,-1,1,-120
1767175019.8322382,-1,3,-119
1767175019.8422382,3,0,-125
1767175019.8522382,1,1,-130
1767175019.8622382,1,2,-132
1767175019.8722382,-2,1,-133
1767175019.882238,0,1,-127
1767175019.892238,-3,0,-129
1767175019.902238,-2,0,-128
1767175019.912238,0,-1,-129
1767175019.922238,0,1,-127
1767175019.932238,0,4,-127
1767175019.942238,-2,2,-123
1767175019.952238,0,-1,-123
1767175019.962238,0,-4,-125
1767175019.972238,1,-3,-122
1767175019.982238,2,-3,-120
1767175019.992238,-1,-3,-114
1767175020.002238,-1,-5,-115
1767175020.0122385,1,-8,-121
1767175020.0222385,0,-8,-123
1767175020.0322382,1,-8,-130
1767175020.0422382,-1,-6,-128
1767175020.0522382,0,-8,-134
1767175020.0622382,1,-10,-137
1767175020.0722382,-3,-7,-134
1767175020.0822382,-5,-5,-130
1767175020.0922382,-4,0,-126
1767175020.1022382,-8,0,-122
1767175020.1122382,-7,0,-124
1767175020.1222382,-7,1,-122
1767175020.132238,-7,3,-121
1767175020.142238,-7,0,-116
1767175020.152238,-9,0,-116
1767175020.162238,0,2,-112
1767175020.172238,3,5,-112
1767175020.182238,3,2,-113
1767175020.192238,-2,-4,-113
1767175020.202238,-3,-5,-116
1767175020.212238,1,-4,-113
1767175020.222238,4,-5,-119
1767175020.232238,1,-4,-125
1767175020.242238,-1,-3,-131
1767175020.252238,-3,1,-124
1767175020.2622385,-3,0,-124
1767175020.2722385,-6,0,-119
1767175020.2822382,-10,-4,-117
1767175020.2922382,-12,-7,-124
1767175020.3022382,-11,-5,-118
1767175020.3122382,-11,-4,-112
1767175020.3222382,-10,-4,-110
1767175020.3322382,-6,-2,-116
1767175020.3422382,-4,0,-118
1767175020.3522382,-2,0,-115
1767175020.3622382,-5,0,-117
1767175020.3722382,-4,0,-121
1767175020.382238,-4,-4,-115
1767175020.392238,-6,-5,-117
1767175020.402238,-2,-2,-121
1767175020.412238,-2,1,-123
1767175020.422238,-5,0,-127
1767175020.432238,-4,2,-124
1767175020.442238,-5,1,-119
1767175020.452238,-4,2,-120
1767175020.462238,-1,1,-121
1767175020.472238,-3,1,-123
1767175020.482238,-5,-2,-122
1767175020.492238,-7,-2,-119
1767175020.502238,-5,-5,-121
1767175020.5122385,-6,0,-118
1767175020.5222385,-8,-1,-114
1767175020.5322382,-6,0,-112
1767175020.5422382,-3,0,-116
1767175020.5522382,-3,-1,-118
1767175020.5622382,-7,1,-119
1767175020.5722382,-9,0,-111
1767175020.5822382,-10,2,-111
1767175020.5922382,-8,0,-112
1767175020.6022382,-6,0,-117
1767175020.6122382,-8,3,-121
1767175020.6222382,-4,3,-114
1767175020.633238,-7,3,-112
1767175020.643238,-3,5,-115
1767175020.653238,0,4,-115
1767175020.663238,-1,1,-126
1767175020.673238,0,-2,-118
1767175020.6832385,-1,0,-117
1767175020.6932385,-1,0,-118
1767175020.7032382,-2,1,-118
1767175020.7132382,-1,5,-121
1767175020.7232382,-1,3,-119
1767175020.7332382,1,3,-119
1767175020.7432382,0,2,-122
1767175020.7532382,-2,4,-123
1767175020.7632382,2,1,-120
1767175020.7732382,6,0,-117
1767175020.7832382,4,2,-122
1767175020.7932382,6,0,-124
1767175020.8032382,2,1,-122
1767175020.813238,5,-1,-129
1767175020.823238,0,-4,-136
1767175020.833238,2,0,-135
1767175020.843238,0,1,-129
1767175020.853238,3,0,-126
1767175020.863238,2,1,-128
1767175020.873238,3,3,-123
1767175020.883238,1,-3,-121
1767175020.893238,0,-5,-122
1767175020.903238,5,-7,-120
1767175020.913238,6,-7,-121
1767175020.923238,0,-2,-119
1767175020.9332385,-1,-3,-116
1767175020.9432385,0,0,-119
1767175020.9532382,2,3,-119
1767175020.9632382,3,4,-119
1767175020.9732382,2,2,-121
1767175020.9832382,4,0,-123
1767175020.9932382,5,-4,-120
1767175021.0032382,5,0,-121
1767175021.0132382,6,2,-118
1767175021.0232382,8,2,-125
1767175021.0332382,10,0,-124
1767175021.0432382,13,-3,-122
1767175021.0532382,10,-6,-125
1767175021.063238,7,-7,-126
1767175021.073238,2,-7,-127
1767175021.083238,-1,-4,-127
1767175021.093238,-1,-2,-127
1767175021.103238,-2,-2,-131
1767175021.113238,1,0,-129
1767175021.123238,-1,3,-131
1767175021.133238,0,2,-131
1767175021.143238,-2,0,-128
1767175021.153238,-2,3,-131
1767175021.163238,-4,4,-122
1767175021.173238,-7,8,-119
1767175021.1832385,-6,4,-131
1767175021.1932385,-1,5,-128
1767175021.2032382,2,1,-132
1767175021.2132382,-1,-3,-139
1767175021.2232382,0,-5,-130
1767175021.2332382,-3,-7,-128
1767175021.2432382,-5,-7,-126
1767175021.2532382,-3,-6,-122
1767175021.2632382,-4,-7,-117
1767175021.2732382,-2,-3,-120
1767175021.2832382,-1,-4,-121
1767175021.2932382,-1,0,-123
1767175021.3032382,3,0,-116
1767175021.313238,6,2,-113
1767175021.323238,8,0,-113
1767175021.333238,6,0,-112
1767175021.343238,4,0,-113
1767175021.353238,2,0,-108
1767175021.363238,-2,1,-104
1767175021.373238,-5,-2,-111
1767175021.383238,-7,-3,-119
1767175021.393238,-3,-5,-117
1767175021.403238,-2,-7,-117
1767175021.413238,-4,-4,-121
1767175021.423238,1,-6,-127
1767175021.4332385,0,-4,-126
1767175021.4432385,-2,-4,-129
1767175021.4532382,-2,-5,-128
1767175021.4632382,-2,-1,-127
1767175021.4732382,-5,-2,-127
1767175021.4832382,-1,-1,-129
1767175021.4932382,-1,0,-138
1767175021.5032382,-1,-2,-134
1767175021.5132382,-2,-1,-134
1767175021.5232382,-3,0,-128
1767175021.5332382,-2,0,-127
1767175021.5432382,0,-1,-129
1767175021.5532382,-4,0,-128
1767175021.563238,-3,-5,-120
1767175021.573238,0,-6,-122
1767175021.583238,-4,-7,-119
1767175021.593238,0,-6,-121
1767175021.603238,-2,-4,-124
1767175021.613238,-1,0,-125
1767175021.623238,-2,-4,-123
1767175021.633238,0,-3,-122
1767175021.643238,-2,-2,-117
1767175021.653238,-3,-2,-114
1767175021.663238,-2,0,-114
1767175021.673238,-1,1,-110
1767175021.6832385,-2,0,-112
1767175021.6932385,-1,0,-111
1767175021.7032382,1,0,-112
1767175021.7132382,7,0,-111
1767175021.7232382,6,-4,-116
1767175021.7332382,5,-4,-116
1767175021.7432382,2,-5,-114
1767175021.7532382,0,-5,-116
1767175021.7632382,1,-6,-124
1767175021.7732382,-2,-5,-126
1767175021.7832382,2,-2,-124
1767175021.7932382,0,0,-129
1767175021.8032382,0,-1,-135
1767175021.813238,1,-5,-130
1767175021.823238,-1,-8,-128
1767175021.833238,0,-4,-119
1767175021.843238,-2,-3,-117
1767175021.853238,-2,-2,-117
1767175021.863238,-5,1,-116
1767175021.873238,-2,2,-119
1767175021.883238,-4,3,-119
1767175021.893238,0,2,-116
1767175021.903238,3,1,-120
1767175021.913238,2,3,-117
1767175021.923238,-2,4,-114
1767175021.9332385,-6,4,-121
1767175021.9432385,-6,2,-120
1767175021.9532382,-4,-5,-119
1767175021.9632382,-4,-3,-115
1767175021.9732382,-4,-7,-115
1767175021.9832382,-6,-5,-116
1767175021.9932382,-5,-4,-119
1767175022.0032382,0,-2,-113
1767175022.0132382,3,-1,-115
1767175022.0232382,2,0,-111
1767175022.0332382,7,3,-112
1767175022.0432382,5,0,-113
1767175022.0532382,0,1,-110
1767175022.063238,-2,1,-110
1767175022.073238,-2,1,-110
1767175022.083238,-7,-2,-114
1767175022.093238,-8,0,-114
1767175022.103238,0,-1,-118
1767175022.113238,-1,-4,-122
1767175022.123238,0,-1,-121
1767175022.133238,-4,-2,-120
1767175022.143238,-7,-4,-119
1767175022.153238,-5,-1,-119
1767175022.163238,-3,1,-119
1767175022.173238,-8,1,-111
1767175022.1832385,-4,-1,-109
1767175022.1932385,-7,0,-108
1767175022.2032382,-9,0,-113
1767175022.2132382,-6,1,-113
1767175022.2232382,-4,-1,-116
1767175022.2332382,-6,-2,-123
1767175022.2432382,-3,2,-124
1767175022.2532382,0,0,-117
1767175022.2632382,0,0,-115
1767175022.2732382,1,1,-115
1767175022.2832382,3,1,-112
1767175022.2932382,1,0,-118
1767175022.3032382,0,-2,-120
1767175022.313238,0,0,-122
1767175022.323238,-2,4,-116
1767175022.333238,-1,0,-116
1767175022.343238,2,-4,-120
1767175022.353238,1,-7,-122
1767175022.363238,0,-4,-122
1767175022.373238,-2,2,-119
1767175022.383238,-2,3,-124
1767175022.393238,0,1,-122
1767175022.403238,-2,-1,-125
1767175022.413238,-1,0,-124
1767175022.423238,1,3,-120
1767175022.4332385,4,5,-120
1767175022.4432385,3,4,-126
1767175022.4532382,4,8,-131
1767175022.4632382,8,7,-132
1767175022.4732382,6,6,-131
1767175022.4832382,4,3,-122
1767175022.4932382,1,2,-118
1767175022.5032382,2,2,-120
1767175022.5132382,0,0,-123
1767175022.5232382,2,-4,-129
1767175022.5332382,2,-4,-124
1767175022.5432382,0,-3,-121
1767175022.5532382,0,-5,-116
1767175022.563238,2,-8,-111
1767175022.573238,0,-8,-110
1767175022.583238,0,-7,-117
1767175022.593238,-2,-1,-114
1767175022.603238,1,-3,-116
1767175022.613238,-2,-3,-116
1767175022.623238,-4,2,-109
1767175022.633238,-3,4,-105
1767175022.643238,0,1,-113
1767175022.653238,0,-2,-112
1767175022.663238,-3,-5,-116
1767175022.673238,-3,-6,-118
1767175022.6832385,-2,-9,-125
1767175022.6932385,-6,-7,-124
1767175022.7032382,-7,-7,-120
1767175022.7132382,-3,-4,-124
1767175022.7232382,-6,-3,-122
1767175022.7332382,-4,-1,-126
1767175022.7432382,-1,-1,-124
1767175022.7532382,2,-1,-124
1767175022.7632382,0,0,-121
1767175022.7732382,-2,0,-119
1767175022.7832382,-3,0,-117
1767175022.7932382,-7,2,-119
1767175022.8032382,-6,-1,-114
1767175022.813238,-6,-1,-116
1767175022.823238,-4,-2,-122
1767175022.833238,-6,-2,-126
1767175022.843238,-3,-2,-132
1767175022.853238,0,-2,-136
1767175022.863238,3,-2,-129
1767175022.873238,1,-2,-124
1767175022.883238,3,2,-126
1767175022.893238,6,0,-127
1767175022.903238,8,2,-133
1767175022.913238,8,2,-133
1767175022.923238,4,0,-130
1767175022.9332385,1,1,-126
1767175022.9432385,-2,4,-121
1767175022.9532382,-3,8,-110
1767175022.9632382,-3,3,-103
1767175022.9732382,-4,0,-104
1767175022.9832382,-11,3,-101
1767175022.9932382,-8,-2,-110
1767175023.0032382,-5,0,-112
1767175023.0132382,-2,0,-114
1767175023.0232382,-4,-2,-113
1767175023.0332382,-3,-4,-114
1767175023.0432382,0,-5,-112
1767175023.0532382,1,0,-114
1767175023.063238,0,5,-117
1767175023.073238,-4,3,-118
1767175023.083238,-4,4,-115
1767175023.093238,-1,2,-116
1767175023.103238,-2,4,-117
1767175023.113238,0,2,-122
1767175023.123238,2,3,-121
1767175023.133238,6,3,-118
1767175023.143238,3,0,-118
1767175023.153238,6,-4,-124
1767175023.163238,6,-5,-126
1767175023.173238,0,-5,-120
1767175023.1832385,0,-3,-125
1767175023.1932385,3,-2,-126
1767175023.2032382,2,-2,-131
1767175023.2132382,1,-1,-124
1767175023.2232382,-1,0,-124
1767175023.2332382,-1,1,-120
1767175023.2432382,0,3,-119
1767175023.2532382,0,1,-118
1767175023.2632382,1,0,-123
1767175023.274238,4,0,-125
1767175023.2832382,3,-1,-126
1767175023.294238,4,-4,-122
1767175023.304238,2,0,-116
1767175023.313238,3,1,-120
1767175023.324238,3,0,-130
1767175023.334238,4,2,-122
1767175023.344238,0,-1,-124
1767175023.3542385,0,0,-126
1767175023.3642385,0,-2,-128
1767175023.3742385,-1,-3,-123
1767175023.3842382,-1,0,-118
1767175023.3942382,0,0,-127
1767175023.4042382,3,0,-131
1767175023.4142382,4,3,-126
1767175023.4242382,2,2,-125
1767175023.4342382,1,1,-133
1767175023.4442382,-2,-2,-135
1767175023.4542382,0,0,-129
1767175023.4642382,-1,-2,-127
1767175023.4742382,0,-1,-129
1767175023.484238,0,3,-127
1767175023.494238,-1,0,-133
1767175023.504238,2,3,-136
1767175023.514238,6,5,-128
1767175023.524238,3,5,-133
1767175023.534238,4,3,-127
1767175023.544238,3,3,-121
1767175023.554238,1,0,-121
1767175023.564238,-2,-1,-120
1767175023.574238,-3,0,-115
1767175023.584238,-3,-4,-116
1767175023.594238,0,-7,-120
1767175023.6042385,-3,-6,-122
1767175023.6142385,-7,-3,-119
1767175023.6242385,-4,-3,-121
1767175023.6342382,-1,0,-127
1767175023.6442382,1,4,-122
1767175023.6542382,2,0,-128
1767175023.6642382,0,3,-127
1767175023.6742382,-4,0,-124
1767175023.6842382,-3,1,-127
1767175023.6942382,-3,3,-133
1767175023.7042382,-2,4,-131
1767175023.7142382,-3,5,-130
1767175023.7242382,-1,4,-125
1767175023.734238,-5,3,-129
1767175023.744238,-3,0,-122
1767175023.754238,-4,0,-123
1767175023.764238,-3,0,-119
1767175023.774238,0,-3,-123
1767175023.784238,2,0,-119
1767175023.794238,2,1,-115
1767175023.804238,2,1,-121
1767175023.814238,2,-1,-114
1767175023.824238,0,-3,-115
1767175023.834238,2,-4,-116
1767175023.844238,2,-3,-126
1767175023.8542385,0,-1,-125
1767175023.8642385,1,0,-128
1767175023.8742385,0,6,-132
1767175023.8842382,2,4,-136
1767175023.8942382,-1,4,-133
1767175023.9042382,-5,1,-127
1767175023.9142382,-4,0,-129
1767175023.9242382,-4,-2,-130
1767175023.9342382,0,-2,-129
1767175023.9442382,6,-2,-129
1767175023.9542382,4,-2,-129
1767175023.9642382,5,-4,-127
1767175023.9742382,0,-4,-125
1767175023.984238,-5,2,-130
1767175023.994238,-5,4,-134
1767175024.004238,-3,3,-131
1767175024.014238,-5,1,-126
1767175024.024238,-2,-4,-127
1767175024.034238,-2,-2,-117
1767175024.044238,-4,-1,-114
1767175024.054238,-6,-5,-112
1767175024.064238,-5,-2,-117
1767175024.074238,-7,-3,-118
1767175024.084238,-4,-4,-120
1767175024.094238,-1,0,-121
1767175024.1042385,0,1,-118
1767175024.1142385,-5,-1,-120
1767175024.1242385,-3,-5,-122
1767175024.1342382,-2,-4,-121
1767175024.1442382,0,0,-117
1767175024.1542382,-2,-3,-119
1767175024.1642382,1,-5,-113
1767175024.1742382,0,-7,-104
1767175024.1842382,-4,-6,-105
1767175024.1942382,0,-6,-112
1767175024.2042382,0,-4,-121
1767175024.2142382,0,0,-124
1767175024.2242382,1,0,-120
1767175024.234238,3,-2,-117
1767175024.244238,1,0,-112
1767175024.254238,-1,2,-119
1767175024.264238,0,-1,-119
1767175024.274238,3,0,-116
1767175024.284238,0,-1,-117
1767175024.294238,2,-1,-123
1767175024.304238,-1,2,-121
1767175024.314238,-1,4,-125
1767175024.324238,0,1,-126
1767175024.334238,-1,0,-128
1767175024.344238,-2,0,-132
1767175024.3542385,-4,-3,-125
1767175024.3642385,3,-3,-118
1767175024.3742385,0,-4,-121
1767175024.3842382,-3,-4,-123
1767175024.3942382,-1,-1,-120
1767175024.4042382,0,-3,-116
1767175024.4142382,0,-7,-112
1767175024.4242382,0,-6,-112
1767175024.4342382,-1,-4,-109
1767175024.4442382,4,-1,-114
1767175024.4542382,1,0,-129
1767175024.4642382,3,0,-136
1767175024.4742382,3,-4,-134
1767175024.484238,1,-4,-136
1767175024.494238,-1,-1,-133
1767175024.504238,0,-2,-131
1767175024.514238,2,0,-133
1767175024.524238,2,2,-130
1767175024.534238,4,0,-117
1767175024.544238,3,-1,-110
1767175024.554238,3,-3,-112
1767175024.5752382,5,-2,-115
1767175024.584238,8,-1,-121
1767175024.594238,6,0,-121
1767175024.6042385,4,-2,-122
1767175024.6142385,0,-5,-123
1767175024.6242385,1,-9,-118
1767175024.6342382,1,-10,-114
1767175024.6442382,0,-8,-119
1767175024.6542382,0,-11,-111
1767175024.6642382,-5,-6,-110
1767175024.6742382,-4,-3,-114
1767175024.6842382,1,0,-112
1767175024.6942382,3,3,-116
1767175024.7042382,0,0,-109
1767175024.7142382,0,1,-106
1767175024.7242382,0,6,-105
1767175024.734238,-1,6,-107
1767175024.744238,-2,3,-110
1767175024.754238,-4,0,-111
1767175024.764238,-2,-4,-111
1767175024.774238,-2,-4,-111
1767175024.784238,-5,-3,-109
1767175024.794238,-2,-2,-111
1767175024.804238,0,0,-115
1767175024.814238,-4,0,-115
1767175024.824238,-5,0,-123
1767175024.834238,-7,-4,-125
1767175024.844238,-10,-5,-109
1767175024.8542385,-8,-5,-107
1767175024.8642385,-12,-6,-110
1767175024.8742385,-11,-7,-109
1767175024.8842382,-8,-6,-110
1767175024.8942382,-5,-6,-117
1767175024.9042382,-2,-6,-122
1767175024.9142382,4,-7,-121
1767175024.9242382,9,-2,-126
1767175024.9342382,4,-5,-119
1767175024.9442382,-2,-1,-118
1767175024.9542382,-5,-3,-120
1767175024.9642382,-6,-3,-119
1767175024.9742382,-5,-3,-115
1767175024.984238,-3,-1,-118
1767175024.994238,0,-1,-125
1767175025.004238,-3,-3,-136
1767175025.014238,-6,-3,-128
1767175025.024238,-12,-3,-125
1767175025.034238,-5,-2,-122
1767175025.044238,-4,-4,-119
1767175025.054238,-3,-6,-123
1767175025.064238,-5,-9,-120
1767175025.074238,-7,-9,-122
1767175025.084238,-5,-8,-126
1767175025.094238,-5,-7,-127
1767175025.1042385,0,-3,-122
1767175025.1142385,2,-2,-121
1767175025.1242385,-1,0,-116
1767175025.1342382,-3,-3,-119
1767175025.1442382,-4,-2,-121
1767175025.1542382,-1,-2,-115
1767175025.1642382,0,2,-120
1767175025.1742382,1,3,-120
1767175025.1842382,4,0,-121
1767175025.1942382,6,-1,-114
1767175025.2042382,2,-3,-118
1767175025.2142382,3,-4,-115
1767175025.2242382,2,-4,-115
1767175025.234238,2,-6,-116
1767175025.244238,0,-3,-113
1767175025.254238,-5,0,-114
1767175025.264238,0,0,-112
1767175025.274238,-3,0,-114
1767175025.284238,-4,3,-121
1767175025.294238,-7,0,-117
1767175025.304238,-12,0,-120
1767175025.314238,-10,-2,-113
1767175025.324238,-8,4,-120
1767175025.334238,-7,0,-117
1767175025.344238,-3,-4,-117
1767175025.3542385,-1,-3,-121
1767175025.3642385,0,-3,-120
1767175025.3742385,0,0,-122
1767175025.3842382,-4,-1,-121
1767175025.3942382,-3,-2,-127
1767175025.4042382,-4,-1,-125
1767175025.4142382,0,-3,-126
1767175025.4242382,-2,-2,-128
1767175025.4342382,0,-3,-125
1767175025.4442382,-1,0,-129
1767175025.4542382,-2,0,-125
1767175025.4642382,0,-3,-122
1767175025.4742382,0,0,-119
1767175025.484238,-1,0,-120
1767175025.494238,0,-2,-123
1767175025.504238,2,-2,-121
1767175025.514238,1,-3,-122
1767175025.524238,2,-4,-112
1767175025.534238,-1,-5,-114
1767175025.544238,-3,-2,-115
1767175025.554238,-2,-4,-118
1767175025.564238,-1,-3,-119
1767175025.574238,-3,-6,-115
1767175025.584238,-3,-4,-120
1767175025.594238,0,-4,-122
1767175025.6042385,0,-4,-115
1767175025.6142385,-1,-4,-109
1767175025.6242385,1,-8,-118
1767175025.6342382,0,-9,-123
1767175025.6442382,1,-12,-116
1767175025.6542382,2,-11,-112
1767175025.6642382,-2,-8,-108
1767175025.6742382,-3,-6,-106
1767175025.6842382,-2,-5,-106
1767175025.6942382,-5,-6,-107
1767175025.7042382,-9,-6,-110
1767175025.7142382,-14,-3,-115
1767175025.7242382,-6,2,-114
1767175025.734238,-13,1,-116
1767175025.744238,-10,4,-121
1767175025.754238,-5,3,-126
1767175025.764238,-2,-1,-126
1767175025.774238,-1,0,-122
1767175025.784238,-1,-1,-117
1767175025.794238,-4,3,-118
1767175025.804238,-4,2,-110
1767175025.814238,-1,0,-105
1767175025.824238,1,-3,-111
1767175025.834238,0,-5,-111
1767175025.844238,-1,-6,-112
1767175025.8542385,1,-4,-109
1767175025.8642385,0,-1,-110
1767175025.8742385,0,2,-113
1767175025.8842382,2,0,-114
1767175025.8942382,3,-1,-115
1767175025.9042382,1,1,-117
1767175025.9142382,2,0,-125
1767175025.925238,2,0,-129
1767175025.9342382,2,-2,-129
1767175025.9442382,7,-1,-134
1767175025.9542382,2,-1,-137
1767175025.965238,1,-1,-129
1767175025.975238,5,0,-119
1767175025.985238,10,4,-115
1767175025.994238,5,3,-111
1767175026.005238,5,1,-117
1767175026.015238,3,1,-114
1767175026.025238,3,1,-115
1767175026.0352385,5,-3,-113
1767175026.044238,4,-3,-107
1767175026.0552382,6,1,-101
1767175026.0652382,4,0,-109
1767175026.0752382,3,2,-115
1767175026.0852382,4,3,-115
1767175026.0952382,2,3,-117
1767175026.1052382,0,2,-119
1767175026.1152382,-1,1,-114
1767175026.1252382,-3,-1,-117
1767175026.1352382,-5,-1,-118
1767175026.1452382,-4,0,-121
1767175026.1552382,-4,2,-119
1767175026.165238,-1,2,-123
1767175026.175238,-6,2,-120
1767175026.185238,-10,2,-121
1767175026.195238,-7,0,-120
1767175026.205238,-3,-1,-122
1767175026.215238,-1,-1,-126
1767175026.225238,0,2,-125
1767175026.235238,0,0,-129
1767175026.245238,-3,0,-129
1767175026.255238,-1,1,-128
1767175026.265238,-2,0,-120
1767175026.275238,-1,3,-121
1767175026.2852385,-2,1,-125
1767175026.2952385,-5,-1,-121
1767175026.3052382,-8,-5,-121
1767175026.3152382,-7,-4,-119
1767175026.3252382,-6,0,-120
1767175026.3352382,-2,0,-118
1767175026.3452382,-3,1,-120
1767175026.3552382,-3,0,-125
1767175026.3652382,-3,-1,-119
1767175026.3752382,-4,-4,-120
1767175026.3852382,0,-4,-124
1767175026.3952382,0,-7,-125
1767175026.4052382,1,-6,-127
1767175026.415238,5,-5,-127
1767175026.425238,5,-5,-122
1767175026.435238,6,-6,-120
1767175026.445238,6,-2,-121
1767175026.455238,3,0,-125
1767175026.465238,3,0,-123
1767175026.475238,8,4,-127
1767175026.485238,5,5,-127
1767175026.495238,3,4,-130
1767175026.505238,1,2,-132
1767175026.515238,0,4,-128
1767175026.525238,0,5,-130
1767175026.5352385,-4,3,-127
1767175026.5452385,-2,3,-132
1767175026.5552382,-2,0,-129
1767175026.5652382,-3,-2,-125
1767175026.5752382,0,-1,-123
1767175026.5852382,-1,1,-122
1767175026.5952382,-3,-1,-122
1767175026.6052382,-6,1,-116
1767175026.6152382,-9,0,-116
1767175026.6252382,-4,0,-113
1767175026.6352382,-6,0,-119
1767175026.6452382,-6,0,-117
1767175026.6552382,1,1,-118
1767175026.665238,3,-1,-122
1767175026.675238,-1,-1,-119
1767175026.685238,-3,-2,-119
1767175026.695238,-2,-1,-110
1767175026.705238,-2,-6,-113
1767175026.715238,0,-8,-116
1767175026.725238,2,-1,-116
1767175026.735238,-2,-4,-119
1767175026.745238,0,-8,-121
1767175026.755238,-2,-9,-125
1767175026.765238,-4,-8,-127
1767175026.775238,-6,-7,-122
1767175026.7852385,-6,-8,-126
1767175026.7952385,-1,-5,-127
1767175026.8052382,-2,0,-128
1767175026.8152382,-3,1,-125
1767175026.8252382,-7,6,-126
1767175026.8352382,-1,2,-125
1767175026.8452382,-2,0,-123
1767175026.8552382,-1,-2,-119
1767175026.8652382,-5,-4,-124
1767175026.8752382,-7,-3,-122
1767175026.8852382,-6,-4,-125
1767175026.8952382,-3,-7,-127
1767175026.9052382,-4,-7,-121
1767175026.915238,-2,-7,-121
1767175026.925238,0,-4,-123
1767175026.935238,3,-8,-119
1767175026.945238,1,-8,-119
1767175026.955238,2,-12,-118
1767175026.965238,3,-9,-119
1767175026.975238,4,-12,-119
1767175026.985238,6,-10,-117
1767175026.995238,7,-7,-119
1767175027.005238,8,-8,-129
1767175027.015238,7,-9,-123
1767175027.025238,4,-6,-118
1767175027.0352385,6,-7,-113
1767175027.0462382,3,-5,-113
1767175027.0552382,4,-2,-119
1767175027.0652382,4,3,-125
1767175027.0752382,5,2,-127
1767175027.0852382,6,1,-124
1767175027.0952382,2,2,-125
1767175027.1052382,0,0,-125
1767175027.1152382,-2,-1,-122
1767175027.1252382,2,0,-125
1767175027.1352382,1,0,-125
1767175027.1452382,-3,0,-126
1767175027.1552382,-2,-1,-125
1767175027.165238,0,0,-125
1767175027.175238,2,2,-122
1767175027.185238,0,2,-120
1767175027.195238,2,3,-117
1767175027.205238,3,3,-117
1767175027.215238,5,-3,-116
1767175027.225238,2,-1,-111
1767175027.235238,4,-1,-114
1767175027.245238,4,-6,-115
1767175027.255238,5,-5,-115
1767175027.265238,1,-5,-120
1767175027.275238,-3,0,-121
1767175027.2852385,-3,2,-120
1767175027.2952385,0,0,-117
1767175027.3052382,-1,-5,-117
1767175027.3152382,-1,-7,-115
1767175027.3252382,-3,-9,-118
1767175027.3352382,-1,-12,-121
1767175027.3452382,-1,-10,-116
1767175027.3552382,-2,-6,-114
1767175027.3652382,-4,-5,-115
1767175027.3752382,-3,-6,-118
1767175027.3852382,-2,-3,-117
1767175027.3952382,-4,-5,-117
1767175027.4052382,-1,-2,-112
1767175027.415238,3,-2,-115
1767175027.425238,3,0,-128
1767175027.435238,2,2,-127
1767175027.445238,2,-1,-121
1767175027.455238,-2,-5,-115
1767175027.465238,-1,-5,-115
1767175027.475238,-1,-4,-117
1767175027.485238,3,-6,-115
1767175027.495238,4,-5,-114
1767175027.505238,0,-6,-111
1767175027.515238,-1,-8,-112
1767175027.525238,1,-6,-114
1767175027.5352385,5,-2,-118
1767175027.5452385,0,0,-123
1767175027.5552382,0,2,-127
1767175027.5652382,0,4,-123
1767175027.5752382,0,10,-116
1767175027.5852382,-2,7,-126
1767175027.5952382,0,4,-123
1767175027.6052382,2,2,-121
1767175027.6152382,7,0,-120
1767175027.6252382,6,-1,-121
1767175027.6352382,8,-5,-119
1767175027.6452382,13,-3,-121
1767175027.6552382,9,-3,-125
1767175027.665238,7,-3,-124
1767175027.675238,5,1,-122
1767175027.685238,3,3,-127
1767175027.695238,0,2,-124
1767175027.705238,-7,0,-116
1767175027.715238,-6,-1,-116
1767175027.725238,-2,-1,-121
1767175027.735238,-1,-2,-121
1767175027.745238,-2,-4,-121
1767175027.755238,-4,-1,-116
1767175027.765238,-4,3,-119
1767175027.775238,-2,7,-122
1767175027.7852385,2,9,-131
1767175027.7952385,6,7,-133
1767175027.8052382,4,5,-131
1767175027.8152382,1,0,-129
1767175027.8252382,6,-4,-131
1767175027.8352382,3,-5,-126
1767175027.8452382,3,-4,-124
1767175027.8552382,5,-7,-123
1767175027.8652382,4,-7,-119
1767175027.8752382,0,-9,-118
1767175027.8852382,-1,-10,-118
1767175027.8952382,-3,-7,-115
1767175027.9052382,-4,-2,-113
1767175027.915238,-5,0,-114
1767175027.925238,-3,-2,-118
1767175027.935238,0,-5,-118
1767175027.945238,-6,-9,-118
1767175027.955238,-6,-5,-116
1767175027.965238,-3,-4,-110
1767175027.975238,-2,-2,-112
1767175027.985238,-5,-1,-119
1767175027.995238,-12,-2,-120
1767175028.005238,-11,-3,-118
1767175028.015238,-3,-3,-117
1767175028.025238,-5,-2,-118
1767175028.0352385,-4,-1,-114
1767175028.0452385,-1,0,-110
1767175028.0552382,3,0,-109
1767175028.0652382,0,-1,-113
1767175028.0752382,3,-2,-118
1767175028.0852382,4,0,-116
1767175028.0952382,0,1,-111
1767175028.1052382,1,4,-118
1767175028.1152382,2,4,-120
1767175028.1252382,-1,1,-122
1767175028.1352382,-9,2,-114
1767175028.1452382,-10,1,-113
1767175028.1552382,-9,2,-115
1767175028.165238,-10,0,-125
1767175028.175238,-14,1,-125
1767175028.185238,-14,2,-123
1767175028.195238,-6,0,-120
1767175028.205238,-8,0,-118
1767175028.215238,-5,0,-117
1767175028.225238,-4,-3,-114
1767175028.235238,-6,-3,-126
1767175028.245238,-10,-2,-123
1767175028.255238,-11,-3,-124
1767175028.265238,-9,-1,-125
1767175028.275238,-5,-4,-130
1767175028.2852385,-2,-3,-131
1767175028.2952385,4,-7,-125
1767175028.3052382,6,-5,-132
1767175028.3152382,5,1,-132
1767175028.3252382,4,-2,-130
1767175028.3352382,4,-1,-127
1767175028.3452382,6,-1,-124
1767175028.3552382,4,2,-128
1767175028.3652382,2,0,-124
1767175028.3752382,0,0,-120
1767175028.3852382,3,0,-115
1767175028.3952382,1,0,-126
1767175028.4052382,3,1,-128
1767175028.415238,3,-2,-129
1767175028.425238,2,0,-128
1767175028.435238,1,4,-123
1767175028.445238,-2,3,-119
1767175028.455238,0,2,-116
1767175028.465238,3,-2,-118
1767175028.475238,1,-5,-115
1767175028.485238,0,-7,-112
1767175028.495238,4,-7,-114
1767175028.505238,4,-13,-111
1767175028.515238,-2,-9,-107
1767175028.525238,-1,-4,-108
1767175028.5352385,0,-6,-110
1767175028.5452385,-2,-3,-110
1767175028.5552382,0,-3,-110
1767175028.5652382,0,-3,-116
1767175028.5752382,-1,-3,-113
1767175028.5852382,-4,-2,-112
1767175028.596238,-4,0,-115
1767175028.6052382,-1,-3,-117
1767175028.616238,-1,-5,-118
1767175028.626238,1,-4,-124
1767175028.636238,1,-5,-124
1767175028.6452382,0,0,-127
1767175028.656238,0,0,-128
1767175028.666238,-3,-1,-126
1767175028.676238,-3,-1,-123
1767175028.686238,-3,-3,-123
1767175028.696238,-1,-4,-123
1767175028.7062385,-1,-1,-124
1767175028.7162385,-1,0,-122
1767175028.7262385,1,-1,-123
1767175028.7362382,0,-6,-121
1767175028.7462382,0,-9,-125
1767175028.7562382,0,-10,-123
1767175028.7662382,0,-8,-123
1767175028.7762382,1,-8,-119
1767175028.7862382,0,-5,-121
1767175028.7962382,1,-2,-121
1767175028.8062382,3,-5,-116
1767175028.8162382,6,-4,-119
1767175028.8262382,7,-4,-120
1767175028.836238,8,-1,-122
1767175028.846238,4,1,-123
1767175028.856238,1,6,-120
1767175028.866238,1,3,-119
1767175028.876238,0,0,-118
1767175028.886238,1,-2,-123
1767175028.896238,0,-2,-123
1767175028.906238,2,-3,-117
1767175028.916238,1,-1,-120
1767175028.926238,-2,-4,-116
1767175028.936238,-1,-4,-115
1767175028.946238,-1,-4,-124
1767175028.9562385,1,-4,-124
1767175028.9662385,0,-4,-119
1767175028.9762385,1,-1,-124
1767175028.9862382,3,-2,-117
1767175028.9962382,0,0,-119
1767175029.0062382,0,2,-120
1767175029.0162382,3,0,-121
1767175029.0262382,1,4,-122
1767175029.0362382,7,4,-122
1767175029.0462382,5,6,-120
1767175029.0562382,4,8,-122
1767175029.0662382,3,5,-131
1767175029.0762382,0,7,-129
1767175029.086238,0,14,-123
1767175029.096238,-1,6,-130
1767175029.106238,-5,2,-135
1767175029.116238,-4,-1,-129
1767175029.126238,-4,-1,-124
1767175029.136238,-7,-2,-124
1767175029.146238,-2,0,-128
1767175029.156238,-4,0,-126
1767175029.166238,-4,0,-130
1767175029.176238,-3,4,-129
1767175029.186238,-4,4,-136
1767175029.196238,-4,2,-126
1767175029.2062385,-6,0,-117
1767175029.2162385,-12,0,-113
1767175029.2262385,-5,-3,-117
1767175029.2362382,-1,-3,-114
1767175029.2462382,-3,0,-122
1767175029.2562382,-1,-1,-123
1767175029.2662382,-1,2,-126
1767175029.2762382,-1,2,-122
1767175029.2862382,3,3,-124
1767175029.2962382,3,0,-126
1767175029.3062382,0,-1,-124
1767175029.3162382,-6,0,-122
1767175029.3262382,-3,-2,-123
1767175029.336238,-3,-5,-127
1767175029.346238,-4,-5,-127
1767175029.356238,-3,-6,-130
1767175029.366238,1,-7,-131
1767175029.376238,6,-5,-132
1767175029.386238,2,-5,-131
1767175029.396238,0,-6,-126
1767175029.406238,-2,-2,-121
1767175029.416238,-2,-2,-114
1767175029.426238,-1,0,-116
1767175029.436238,-1,-5,-120
1767175029.446238,0,-5,-115
1767175029.4562385,0,-1,-117
1767175029.4662385,2,-2,-117
1767175029.4762385,4,-2,-119
1767175029.4862382,6,-9,-123
1767175029.4962382,6,-6,-128
1767175029.5062382,3,-8,-127
1767175029.5162382,1,-6,-130
1767175029.5262382,2,-7,-129
1767175029.5362382,0,-4,-126
1767175029.5462382,0,-4,-131
1767175029.5562382,1,-1,-129
1767175029.5662382,-1,0,-125
1767175029.5882382,4,-4,-124
1767175029.596238,5,-1,-124
1767175029.606238,2,0,-120
1767175029.616238,-2,1,-122
1767175029.626238,-1,1,-118
1767175029.636238,-2,2,-116
1767175029.646238,-1,1,-112
1767175029.656238,-1,0,-120
1767175029.666238,0,0,-116
1767175029.676238,1,1,-113
1767175029.686238,0,-3,-114
1767175029.696238,2,-5,-114
1767175029.7062385,0,-6,-107
1767175029.7162385,1,-4,-107
1767175029.7262385,2,-3,-112
1767175029.7362382,5,-3,-115
1767175029.7462382,2,-5,-120
1767175029.7562382,0,-4,-122
1767175029.7662382,-1,-4,-129
1767175029.7762382,-4,-8,-134
1767175029.7862382,-1,-2,-129
1767175029.7962382,0,0,-129
1767175029.8062382,-3,0,-132
1767175029.8162382,-6,-4,-121
1767175029.8262382,-2,-1,-115
1767175029.836238,-5,-3,-121
1767175029.846238,-5,-3,-120
1767175029.856238,-9,-4,-120
1767175029.866238,-7,-4,-122
1767175029.876238,-2,-2,-122
1767175029.886238,-3,-3,-124
1767175029.896238,-3,-4,-126
1767175029.906238,-3,-4,-129
1767175029.916238,-3,-6,-128
1767175029.926238,-2,-7,-131
1767175029.936238,0,-5,-126
1767175029.946238,1,-2,-124
1767175029.9562385,0,-4,-133
1767175029.9662385,-5,-1,-135
1767175029.9762385,-3,0,-139
1767175029.9862382,0,-3,-136
1767175029.9962382,-1,-4,-130
1767175030.0062382,-1,0,-127
1767175030.0162382,-2,1,-122
1767175030.0262382,0,1,-118
1767175030.0362382,2,2,-113
1767175030.0462382,2,1,-113
1767175030.0562382,2,0,-117
1767175030.0662382,0,-2,-118
1767175030.0762382,6,-2,-121
1767175030.086238,7,-2,-125
1767175030.096238,10,-1,-123
1767175030.106238,5,-2,-126
1767175030.116238,5,0,-125
1767175030.126238,5,-1,-117
1767175030.136238,7,-1,-122
1767175030.146238,6,-4,-124
1767175030.156238,8,-3,-126
1767175030.166238,5,-4,-124
1767175030.176238,3,-6,-120
1767175030.186238,5,-7,-129
1767175030.196238,0,-8,-125
1767175030.2062385,-1,-10,-123
1767175030.2162385,0,-10,-124
1767175030.2262385,3,-11,-127
1767175030.2362382,0,-9,-131
1767175030.2462382,1,-7,-134
1767175030.2562382,0,-6,-127
1767175030.2662382,-2,-3,-127
1767175030.2762382,-1,-3,-127
1767175030.2862382,1,-3,-128
1767175030.2962382,4,-3,-124
1767175030.3062382,9,-5,-125
1767175030.3162382,9,-3,-120
1767175030.3262382,6,-5,-121
1767175030.336238,6,-1,-119
1767175030.346238,3,-6,-120
1767175030.356238,0,-4,-117
1767175030.366238,-1,-4,-108
1767175030.376238,-1,-2,-112
1767175030.386238,0,0,-113
1767175030.396238,-4,-3,-109
1767175030.406238,-4,-4,-112
1767175030.416238,1,-5,-115
1767175030.426238,2,0,-117
1767175030.436238,8,0,-113
1767175030.446238,9,-1,-115
1767175030.4562385,10,-3,-121
1767175030.4662385,7,-2,-125
1767175030.4762385,3,-3,-117
1767175030.4862382,2,-3,-121
1767175030.4962382,1,-3,-130
1767175030.5062382,2,-3,-129
1767175030.5162382,1,0,-125
1767175030.5262382,0,-4,-127
1767175030.5362382,0,-2,-127
1767175030.5462382,-1,-1,-123
1767175030.5562382,1,-4,-114
1767175030.5662382,5,-5,-118
1767175030.5762382,4,-7,-117
1767175030.586238,5,-8,-122
1767175030.596238,4,-2,-115
1767175030.606238,3,0,-113
1767175030.616238,0,0,-115
1767175030.626238,3,1,-115
1767175030.636238,3,2,-122
1767175030.646238,0,0,-118
1767175030.656238,0,-7,-114
1767175030.666238,-5,-4,-119
1767175030.676238,-4,0,-117
1767175030.686238,-6,-2,-118
1767175030.696238,-3,-2,-120
1767175030.7062385,-1,-3,-121
1767175030.7162385,1,0,-121
1767175030.7262385,0,4,-120
1767175030.7362382,1,3,-118
1767175030.7462382,-2,1,-120
1767175030.7562382,-4,-2,-120
1767175030.7662382,-4,-4,-122
1767175030.7762382,-6,-5,-118
1767175030.7862382,-5,-6,-121
1767175030.7962382,-3,-5,-122
1767175030.8062382,-2,-12,-118
1767175030.8162382,-1,-9,-114
1767175030.8262382,-3,-7,-117
1767175030.836238,0,-9,-124
1767175030.846238,0,-8,-126
1767175030.856238,-3,-3,-121
1767175030.866238,2,-2,-112
1767175030.876238,3,-3,-111
1767175030.886238,-3,-5,-110
1767175030.896238,0,-2,-116
1767175030.906238,0,-1,-115
1767175030.916238,-3,0,-110
1767175030.926238,-3,3,-117
1767175030.936238,0,1,-112
1767175030.946238,-6,0,-108
1767175030.9562385,-8,0,-109
1767175030.9662385,-8,-2,-107
1767175030.9762385,-5,0,-118
1767175030.9862382,-5,-1,-117
1767175030.9962382,-3,-2,-120
1767175031.0062382,-1,0,-124
1767175031.0162382,-2,-1,-118
1767175031.0262382,0,-3,-113
1767175031.0362382,1,-5,-111
1767175031.0462382,0,-1,-115
1767175031.0562382,0,-2,-115
1767175031.0662382,-3,-3,-116
1767175031.0762382,-6,-8,-120
1767175031.086238,-4,-11,-121
1767175031.096238,0,-12,-130
1767175031.106238,-5,-13,-129
1767175031.116238,-8,-10,-127
1767175031.126238,-7,-11,-131
1767175031.136238,-4,-10,-126
1767175031.146238,0,-2,-123
1767175031.156238,0,-4,-127
1767175031.166238,-3,-3,-127
1767175031.176238,-4,-1,-130
1767175031.186238,-3,1,-128
1767175031.196238,-2,-1,-120
1767175031.2062385,1,-4,-118
1767175031.2162385,0,-4,-112
1767175031.2262385,2,0,-120
1767175031.2362382,0,-1,-122
1767175031.2472382,-1,-1,-112
1767175031.2562382,0,-4,-111
1767175031.267238,3,-8,-113
1767175031.2762382,6,-8,-115
1767175031.287238,5,-7,-112
1767175031.297238,4,-4,-111
1767175031.307238,4,-6,-118
1767175031.317238,6,-4,-123
1767175031.327238,9,-8,-126
1767175031.337238,7,-7,-132
1767175031.347238,4,-9,-130
1767175031.357238,6,-4,-123
1767175031.367238,5,-3,-120
1767175031.377238,4,-7,-124
1767175031.3872385,4,-7,-120
1767175031.3972385,4,-3,-120
1767175031.4072382,7,2,-116
1767175031.4172382,2,-1,-111
1767175031.4272382,3,0,-108
1767175031.4372382,1,0,-113
1767175031.4472382,1,-1,-124
1767175031.4572382,0,-2,-125
1767175031.4672382,0,-7,-121
1767175031.4772382,3,-5,-120
1767175031.4872382,4,-5,-113
1767175031.4972382,-1,-3,-117
1767175031.507238,-1,0,-117
1767175031.517238,-2,0,-118
1767175031.527238,-3,0,-116
1767175031.537238,-4,-1,-118
1767175031.547238,0,-1,-121
1767175031.557238,-1,-2,-122
1767175031.567238,0,-7,-123
1767175031.577238,-2,-7,-121
1767175031.587238,-10,-8,-126
1767175031.597238,-5,-6,-129
1767175031.607238,-1,-6,-130
1767175031.617238,-1,-6,-131
1767175031.627238,1,-10,-128
1767175031.6372385,-1,-5,-126
1767175031.6472385,0,-4,-127
1767175031.6572382,-1,-4,-128
1767175031.6672382,2,-4,-122
1767175031.6772382,1,-6,-119
1767175031.6872382,0,-5,-118
1767175031.6972382,3,-7,-120
1767175031.7072382,3,-9,-125
1767175031.7172382,0,-5,-122
1767175031.7272382,-6,-9,-114
1767175031.7372382,-5,-8,-119
1767175031.7472382,-4,-5,-116
1767175031.757238,-4,-3,-122
1767175031.767238,-2,0,-125
1767175031.777238,-2,0,-124
1767175031.787238,-3,-1,-122
1767175031.797238,-2,-2,-120
1767175031.807238,2,0,-119
1767175031.817238,3,-4,-121
1767175031.827238,2,-1,-127
1767175031.837238,1,-1,-126
1767175031.847238,-2,-5,-126
1767175031.857238,3,-5,-125
1767175031.867238,5,0,-126
1767175031.877238,5,3,-127
1767175031.8872385,6,0,-118
1767175031.8972385,8,3,-119
1767175031.9072382,3,2,-113
1767175031.9172382,0,1,-113
1767175031.9272382,3,3,-111
1767175031.9372382,5,4,-114
1767175031.9472382,6,1,-118
1767175031.9572382,3,0,-115
1767175031.9672382,5,-1,-111
1767175031.9772382,3,-2,-115
1767175031.9872382,4,-3,-112
1767175031.9972382,6,-4,-117
1767175032.007238,6,-2,-116
1767175032.017238,4,-2,-119
1767175032.027238,7,-2,-121
1767175032.037238,6,-4,-126
1767175032.047238,2,-7,-122
1767175032.057238,1,-8,-121
1767175032.067238,2,-4,-117
1767175032.077238,0,-4,-119
1767175032.087238,-1,-5,-120
1767175032.097238,-1,-4,-122
1767175032.107238,-4,-1,-126
1767175032.117238,-7,-2,-127
1767175032.127238,-4,-2,-126
1767175032.1372385,-1,-3,-127
1767175032.1472385,3,-3,-124
1767175032.1572382,1,-3,-121
1767175032.1672382,3,-1,-123
1767175032.1772382,-1,4,-119
1767175032.1872382,-1,4,-119
1767175032.1972382,-5,2,-128
1767175032.2072382,-2,0,-125
1767175032.2172382,-3,-2,-119
1767175032.2272382,-1,0,-120
1767175032.2372382,0,-1,-122
1767175032.2472382,-3,-5,-117
1767175032.257238,-6,-4,-119
1767175032.267238,-4,-5,-116
1767175032.277238,-10,-7,-114
1767175032.287238,-6,-8,-115
1767175032.297238,-8,-7,-118
1767175032.307238,-3,-8,-125
1767175032.317238,0,-2,-129
1767175032.327238,4,-3,-131
1767175032.337238,0,-2,-134
1767175032.347238,-1,-1,-127
1767175032.357238,-6,-4,-116
1767175032.367238,-5,-5,-118
1767175032.377238,-5,-2,-124
1767175032.3872385,-10,-4,-122
1767175032.3972385,-7,-3,-117
1767175032.4072382,-4,0,-118
1767175032.4172382,-4,-1,-116
1767175032.4272382,-5,-3,-115
1767175032.4372382,-3,-4,-111
1767175032.4472382,-6,-6,-114
1767175032.4572382,-7,-4,-120
1767175032.4672382,-5,-3,-119
1767175032.4772382,-6,-7,-118
1767175032.4872382,-8,-10,-123
1767175032.4972382,-2,-7,-123
1767175032.507238,-3,-4,-117
1767175032.517238,-2,-4,-119
1767175032.527238,-11,-3,-121
1767175032.537238,-11,-7,-123
1767175032.547238,-11,-8,-128
1767175032.557238,-6,-9,-132
1767175032.567238,-4,-7,-130
1767175032.577238,-7,-6,-122
1767175032.587238,-8,-7,-119
1767175032.597238,-7,-7,-128
1767175032.607238,-11,-6,-136
1767175032.617238,-6,-5,-132
1767175032.627238,-6,-2,-124
1767175032.6372385,-4,1,-119
1767175032.6472385,-7,2,-116
1767175032.6572382,-6,1,-112
1767175032.6672382,-9,-1,-112
1767175032.6772382,-7,0,-115
1767175032.6872382,-5,0,-118
1767175032.6972382,-3,2,-122
1767175032.7072382,0,-1,-126
1767175032.7172382,0,-3,-121
1767175032.7272382,-4,-8,-123
1767175032.7372382,-6,-1,-124
1767175032.7472382,-1,0,-126
1767175032.757238,-1,-2,-127
1767175032.767238,0,-2,-127
1767175032.777238,0,-3,-119
1767175032.787238,0,-3,-118
1767175032.797238,0,0,-117
1767175032.807238,3,-2,-110
1767175032.817238,3,-7,-110
1767175032.827238,2,-9,-118
1767175032.837238,-2,-10,-116
1767175032.847238,-3,-7,-117
1767175032.857238,-5,-3,-114
1767175032.867238,-7,-2,-123
1767175032.877238,-3,-3,-123
1767175032.8872385,1,-2,-120
1767175032.8972385,4,0,-115
1767175032.9072382,6,2,-117
1767175032.9172382,1,2,-113
1767175032.9272382,3,4,-115
1767175032.9372382,5,3,-117
1767175032.9472382,6,-1,-120
1767175032.9572382,3,0,-118
1767175032.9672382,5,0,-117
1767175032.9772382,0,-1,-116
1767175032.9872382,0,0,-113
1767175032.9972382,0,-1,-119
1767175033.007238,0,-3,-116
1767175033.017238,-3,-1,-112
1767175033.027238,-7,-1,-111
1767175033.037238,-7,-6,-117
1767175033.047238,-4,-3,-115
1767175033.057238,0,-2,-112
1767175033.067238,4,-1,-126
1767175033.077238,0,0,-118
1767175033.087238,1,-1,-124
1767175033.097238,3,0,-122
1767175033.107238,0,-2,-116
1767175033.117238,0,-3,-111
1767175033.127238,-4,-2,-115
1767175033.1372385,-5,0,-116
1767175033.1472385,-1,-3,-113
1767175033.1572382,0,-6,-116
1767175033.1672382,0,0,-110
1767175033.1772382,0,0,-109
1767175033.1872382,1,-1,-106
1767175033.1972382,5,-4,-104
1767175033.2072382,1,-5,-111
1767175033.2172382,2,-2,-109
1767175033.2272382,6,-2,-110
1767175033.2372382,9,-2,-109
1767175033.2472382,6,0,-105
1767175033.257238,6,2,-100
1767175033.267238,4,0,-101
1767175033.277238,0,-2,-102
1767175033.287238,-2,-3,-106
1767175033.297238,-1,-5,-107
1767175033.307238,0,-4,-108
1767175033.317238,-2,-3,-109
1767175033.327238,-3,0,-100
1767175033.337238,0,0,-109
1767175033.347238,-2,0,-114
1767175033.357238,-4,-3,-107
1767175033.367238,-6,-4,-110
1767175033.377238,-8,-3,-112
1767175033.3872385,-9,-2,-109
1767175033.3972385,-9,0,-116
1767175033.4072382,-6,1,-120
1767175033.4172382,-1,-1,-113
1767175033.4272382,0,0,-116
1767175033.4372382,1,-2,-119
1767175033.4472382,4,-1,-114
1767175033.4572382,5,-5,-110
1767175033.4672382,2,-3,-110
1767175033.4772382,6,-2,-114
1767175033.4872382,6,-4,-114
1767175033.4972382,8,-6,-111
1767175033.507238,7,-7,-110
1767175033.517238,6,-5,-107
1767175033.527238,2,-2,-111
1767175033.537238,2,-2,-112
1767175033.547238,2,-1,-118
1767175033.557238,1,-5,-119
1767175033.567238,3,-6,-116
1767175033.577238,3,-3,-113
1767175033.587238,5,-4,-114
1767175033.597238,8,-7,-124
1767175033.607238,8,-6,-128
1767175033.617238,0,-5,-128
1767175033.627238,-3,0,-126
1767175033.6372385,-6,-2,-116
1767175033.6472385,-9,-1,-117
1767175033.6572382,-6,-2,-120
1767175033.6672382,-5,-5,-122
1767175033.6772382,0,-5,-120
1767175033.6872382,0,-6,-118
1767175033.6972382,-6,-3,-121
1767175033.7072382,-7,-2,-128
1767175033.7172382,-6,-3,-125
1767175033.7272382,2,-2,-121
1767175033.7372382,8,-1,-116
1767175033.7472382,4,-1,-117
1767175033.757238,1,0,-115
1767175033.767238,5,-4,-119
1767175033.777238,0,-8,-115
1767175033.787238,-3,-6,-107
1767175033.797238,0,-9,-111
1767175033.807238,0,-10,-117
1767175033.817238,3,-10,-119
1767175033.827238,2,-11,-119
1767175033.837238,5,-10,-123
1767175033.847238,0,-12,-120
1767175033.857238,-1,-6,-120
1767175033.867238,-2,-8,-119
1767175033.877238,-3,-8,-114
1767175033.8872385,-2,-8,-118
1767175033.8972385,-1,-7,-120
1767175033.9082382,-2,-8,-125
1767175033.9172382,0,-3,-124
1767175033.9282382,0,-3,-125
1767175033.9372382,-1,-1,-125
1767175033.948238,0,0,-123
1767175033.9572382,1,2,-126
1767175033.968238,1,2,-123
1767175033.978238,-1,4,-125
1767175033.988238,0,2,-120
1767175033.998238,5,0,-118
1767175034.008238,3,0,-116
1767175034.018238,0,-1,-118
1767175034.028238,1,-2,-124
1767175034.038238,4,-2,-116
1767175034.048238,1,0,-110
1767175034.0582385,2,-1,-111
1767175034.0682385,0,4,-115
1767175034.0782382,-3,1,-117
1767175034.0882382,1,1,-119
1767175034.0982382,0,5,-118
1767175034.1082382,0,2,-113
1767175034.1182382,3,3,-113
1767175034.1282382,4,1,-110
1767175034.1382382,1,2,-107
1767175034.1482382,5,-2,-111
1767175034.1582382,2,-2,-119
1767175034.1682382,2,-2,-118
1767175034.1782382,0,-4,-116
1767175034.188238,2,-4,-110
1767175034.198238,5,-4,-116
1767175034.208238,3,-2,-113
1767175034.218238,6,-3,-114
1767175034.228238,5,2,-112
1767175034.238238,6,5,-118
1767175034.248238,4,1,-119
1767175034.258238,4,1,-121
1767175034.268238,1,4,-114
1767175034.278238,-2,4,-111
1767175034.288238,-2,0,-114
1767175034.298238,4,-1,-117
1767175034.3082385,3,0,-123
1767175034.3182385,2,0,-121
1767175034.3282382,0,0,-117
1767175034.3382382,-1,3,-112
1767175034.3482382,0,4,-123
1767175034.3582382,-4,1,-124
1767175034.3682382,-3,3,-124
1767175034.3782382,-3,0,-120
1767175034.3882382,-1,1,-116
1767175034.3982382,0,1,-114
1767175034.4082382,0,0,-117
1767175034.4182382,-1,0,-124
1767175034.4282382,-3,0,-127
1767175034.438238,-2,0,-126
1767175034.448238,0,-2,-128
1767175034.458238,1,-4,-133
1767175034.468238,2,-2,-132
1767175034.478238,4,0,-135
1767175034.488238,2,-1,-134
1767175034.498238,2,1,-133
1767175034.508238,4,2,-127
1767175034.518238,3,1,-116
1767175034.528238,7,0,-114
1767175034.538238,11,1,-109
1767175034.548238,6,-2,-107
1767175034.5582385,2,-4,-102
1767175034.5682385,3,-7,-106
1767175034.5782382,2,-5,-110
1767175034.600238,2,-9,-107
1767175034.6082382,0,-3,-112
1767175034.6182382,-1,-3,-118
1767175034.6282382,-2,-2,-116
1767175034.6382382,-6,0,-117
1767175034.6482382,-3,1,-122
1767175034.6582382,-4,3,-128
1767175034.6682382,-5,6,-130
1767175034.6782382,-4,2,-128
1767175034.688238,-2,2,-131
1767175034.698238,2,0,-132
1767175034.708238,2,-3,-133
1767175034.718238,1,-4,-138
1767175034.728238,0,-1,-134
1767175034.738238,1,1,-130
1767175034.748238,-1,0,-127
1767175034.758238,-2,1,-125
1767175034.768238,-5,-2,-131
1767175034.778238,-3,-1,-133
1767175034.788238,4,0,-130
1767175034.798238,5,0,-133
1767175034.8082385,1,-6,-133
1767175034.8182385,1,-7,-131
1767175034.8282382,7,-6,-135
1767175034.8382382,9,-5,-126
1767175034.8482382,2,-7,-120
1767175034.8582382,0,-2,-118
1767175034.8682382,2,-5,-120
1767175034.8782382,3,-5,-114
1767175034.8882382,4,-2,-116
1767175034.8982382,2,-1,-114
1767175034.9082382,0,-3,-106
1767175034.9182382,0,0,-110
1767175034.9282382,2,-2,-113
1767175034.938238,-4,-2,-118
1767175034.948238,-4,-7,-117
1767175034.958238,-4,-12,-122
1767175034.968238,0,-12,-128
1767175034.978238,4,-10,-136
1767175034.988238,3,-8,-139
1767175034.998238,3,-8,-136
1767175035.008238,-2,-6,-130
1767175035.018238,-2,-7,-129
1767175035.028238,-5,-9,-127
1767175035.038238,-4,-4,-127
1767175035.048238,-1,-5,-132
1767175035.0582385,2,-6,-132
1767175035.0682385,8,-6,-132
1767175035.0782382,3,-5,-129
1767175035.0882382,0,0,-129
1767175035.0982382,-1,-1,-127
1767175035.1082382,0,1,-124
1767175035.1182382,-2,1,-125
1767175035.1282382,-4,0,-122
1767175035.1382382,-1,2,-119
1767175035.1482382,-1,6,-114
1767175035.1582382,0,4,-119
1767175035.1682382,0,1,-125
1767175035.1782382,0,0,-119
1767175035.188238,1,0,-118
1767175035.198238,0,-6,-118
1767175035.208238,-1,-10,-114
1767175035.218238,-1,-8,-111
1767175035.228238,0,-10,-115
1767175035.238238,0,-10,-113
1767175035.248238,-4,-6,-113
1767175035.258238,-6,-3,-120
1767175035.268238,-8,-1,-119
1767175035.278238,-8,0,-122
1767175035.288238,-10,0,-119
1767175035.298238,-11,-2,-121
1767175035.3082385,-9,-4,-124
1767175035.3182385,-6,-4,-127
1767175035.3282382,-5,-2,-123
1767175035.3382382,-2,-5,-121
1767175035.3482382,0,-6,-121
1767175035.3582382,-3,-7,-120
1767175035.3682382,-3,-6,-120
1767175035.3782382,3,-4,-118
1767175035.3882382,0,-8,-118
1767175035.3982382,0,-8,-123
1767175035.4082382,2,-5,-123
1767175035.4182382,1,-3,-119
1767175035.4282382,1,-3,-114
1767175035.438238,2,-1,-109
1767175035.448238,2,0,-112
1767175035.458238,0,-2,-116
1767175035.468238,4,-3,-116
1767175035.478238,2,0,-109
1767175035.488238,0,-1,-104
1767175035.498238,1,-2,-106
1767175035.508238,4,-3,-102
1767175035.518238,0,-5,-108
1767175035.528238,1,-3,-115
1767175035.538238,-1,-1,-116
1767175035.548238,-2,0,-119
1767175035.5582385,-7,-1,-119
1767175035.5682385,-6,0,-117
1767175035.5782382,-3,-3,-124
1767175035.5882382,-3,-3,-131
1767175035.5982382,-2,0,-129
1767175035.6082382,-6,2,-128
1767175035.6182382,-9,0,-122
1767175035.6282382,-7,-1,-125
1767175035.6382382,-9,-5,-122
1767175035.6482382,-9,-4,-120
1767175035.6582382,-10,-4,-127
1767175035.6682382,-4,-5,-122
1767175035.6782382,-2,-5,-120
1767175035.688238,0,-3,-117
1767175035.698238,-1,0,-118
1767175035.708238,-3,-1,-124
1767175035.718238,-3,-2,-129
1767175035.728238,-6,-1,-130
1767175035.738238,-2,1,-128
1767175035.748238,0,3,-126
1767175035.758238,0,1,-123
1767175035.768238,-1,-1,-120
1767175035.778238,-1,-3,-120
1767175035.788238,-2,-5,-117
1767175035.798238,0,-5,-112
1767175035.8082385,0,-2,-123
1767175035.8182385,0,-2,-123
1767175035.8282382,0,-8,-125
1767175035.8382382,-4,-7,-121
1767175035.8482382,-3,-4,-124
1767175035.8582382,-1,-1,-121
1767175035.8682382,1,-1,-123
1767175035.8782382,2,-4,-123
1767175035.8882382,4,-9,-127
1767175035.8982382,2,-3,-124
1767175035.9082382,1,0,-126
1767175035.9182382,1,1,-131
1767175035.9282382,0,0,-132
1767175035.938238,0,1,-129
1767175035.948238,2,0,-126
1767175035.958238,0,0,-125
1767175035.968238,-1,-3,-119
1767175035.978238,-2,-6,-123
1767175035.988238,-3,-7,-127
1767175035.998238,-4,-5,-123
1767175036.008238,0,-3,-118
1767175036.018238,-3,-1,-121
1767175036.028238,-3,0,-119
1767175036.038238,-8,-4,-118
1767175036.048238,0,-7,-122
1767175036.0582385,1,-6,-119
1767175036.0682385,2,-7,-122
1767175036.0782382,2,-4,-121
1767175036.0882382,-2,-1,-126
1767175036.0982382,-6,-5,-127
1767175036.1082382,-4,-3,-129
1767175036.1182382,-2,-2,-126
1767175036.1282382,-2,-2,-123
1767175036.1382382,0,1,-115
1767175036.1482382,1,0,-109
1767175036.1582382,2,-4,-111
1767175036.1682382,0,-5,-117
1767175036.1782382,2,-6,-121
1767175036.188238,2,-7,-126
1767175036.198238,0,-5,-121
1767175036.208238,0,-3,-122
1767175036.218238,2,-6,-120
1767175036.228238,0,-6,-123
1767175036.238238,1,-7,-131
1767175036.248238,2,-8,-124
1767175036.258238,4,-8,-118
1767175036.268238,1,-7,-109
1767175036.278238,0,-5,-109
1767175036.288238,0,-4,-106
1767175036.298238,0,-3,-107
1767175036.3082385,0,-3,-111
1767175036.3182385,3,-1,-113
1767175036.3282382,4,-3,-116
1767175036.3382382,6,-7,-118
1767175036.3482382,8,-5,-123
1767175036.3582382,8,0,-133
1767175036.3682382,5,1,-128
1767175036.3782382,0,0,-126
1767175036.3882382,-1,-2,-127
1767175036.3982382,5,-3,-123
1767175036.4082382,3,-2,-120
1767175036.4182382,1,-1,-120
1767175036.4282382,0,-3,-124
1767175036.438238,1,-2,-120
1767175036.448238,3,0,-116
1767175036.458238,3,-2,-116
1767175036.468238,1,-2,-109
1767175036.478238,1,1,-107
1767175036.488238,1,3,-110
1767175036.498238,2,2,-118
1767175036.508238,0,1,-116
1767175036.518238,-2,2,-115
1767175036.528238,-2,2,-115
1767175036.538238,1,-3,-122
1767175036.548238,2,-5,-118
1767175036.5582385,1,-6,-121
1767175036.5682385,0,-3,-117
1767175036.5782382,-1,-9,-114
1767175036.5892382,-3,-6,-114
1767175036.5992382,-4,-7,-115
1767175036.609238,-5,-7,-115
1767175036.619238,-3,-5,-116
1767175036.629238,-1,-7,-113
1767175036.639238,-6,-6,-116
1767175036.649238,-7,-1,-112
1767175036.659238,-3,0,-113
1767175036.669238,-5,0,-112
1767175036.679238,-2,0,-113
1767175036.689238,3,-2,-108
1767175036.699238,1,-2,-119
1767175036.709238,2,2,-122
1767175036.719238,2,2,-124
1767175036.7292385,2,-1,-128
1767175036.7392385,-2,-1,-127
1767175036.7492385,-6,-1,-129
1767175036.7592382,-1,0,-128
1767175036.7692382,-1,2,-123
1767175036.7792382,-3,1,-118
1767175036.7892382,-5,-3,-118
1767175036.7992382,-4,-6,-115
1767175036.8092382,-2,-1,-119
1767175036.8192382,-3,-2,-116
1767175036.8292382,2,0,-113
1767175036.8392382,3,-4,-121
1767175036.8492382,4,-4,-122
1767175036.859238,5,-2,-117
1767175036.869238,1,-1,-115
1767175036.879238,0,-3,-116
1767175036.889238,-3,-4,-119
1767175036.899238,-4,-4,-112
1767175036.909238,-6,-5,-119
1767175036.919238,-3,-7,-118
1767175036.929238,-3,-6,-125
1767175036.939238,-3,-3,-122
1767175036.949238,-8,-3,-128
1767175036.959238,-12,-3,-129
1767175036.969238,-9,3,-126
1767175036.9792385,-10,0,-129
1767175036.9892385,-8,-1,-128
1767175036.9992385,-3,0,-129
1767175037.0092382,1,0,-127
1767175037.0192382,-3,-2,-128
1767175037.0292382,-3,-2,-123
1767175037.0392382,-1,-3,-125
1767175037.0492382,-5,-6,-126
1767175037.0592382,-1,-4,-130
1767175037.0692382,0,-5,-125
1767175037.0792382,2,-9,-125
1767175037.0892382,4,-6,-129
1767175037.0992382,7,-1,-129
1767175037.109238,2,0,-132
1767175037.119238,4,-3,-128
1767175037.129238,3,-2,-120
1767175037.139238,3,-4,-123
1767175037.149238,1,-3,-123
1767175037.159238,1,-2,-126
1767175037.169238,-1,-2,-129
1767175037.179238,-1,0,-127
1767175037.189238,-2,-3,-130
1767175037.199238,0,-1,-126
1767175037.209238,0,-4,-120
1767175037.219238,0,-5,-123
1767175037.2292385,-1,-3,-123
1767175037.2392385,-1,-4,-123
1767175037.2492385,-6,-9,-116
1767175037.2592382,-3,-8,-117
1767175037.2692382,0,-7,-113
1767175037.2792382,2,-3,-113
1767175037.2892382,5,-1,-116
1767175037.2992382,4,1,-119
1767175037.3092382,1,0,-115
1767175037.3192382,1,-1,-115
1767175037.3292382,2,-2,-115
1767175037.3392382,4,-1,-116
1767175037.3492382,5,0,-116
1767175037.359238,8,0,-120
1767175037.369238,4,2,-121
1767175037.379238,3,5,-122
1767175037.389238,2,4,-129
1767175037.399238,4,5,-128
1767175037.409238,5,6,-119
1767175037.419238,5,7,-115
1767175037.429238,4,1,-113
1767175037.439238,2,-1,-108
1767175037.449238,-2,1,-111
1767175037.459238,0,2,-114
1767175037.469238,2,2,-119
1767175037.4792385,0,4,-123
1767175037.4892385,-5,5,-123
1767175037.4992385,-4,5,-122
1767175037.5092382,-1,1,-119
1767175037.5192382,0,0,-121
1767175037.5292382,-2,-3,-119
1767175037.5392382,-3,-6,-119
1767175037.5492382,-3,-4,-120
1767175037.5592382,0,-2,-125
1767175037.5692382,-3,0,-130
1767175037.5792382,-4,1,-126
1767175037.5892382,-3,-1,-121
1767175037.5992382,-7,-1,-123
1767175037.609238,-6,-4,-122
1767175037.619238,-4,-5,-120
1767175037.629238,-3,-4,-116
1767175037.639238,-2,-2,-126
1767175037.649238,1,-3,-127
1767175037.659238,3,-6,-123
1767175037.669238,0,-8,-123
1767175037.679238,-2,-6,-126
1767175037.689238,-1,0,-132
1767175037.699238,1,1,-132
1767175037.709238,0,1,-133
1767175037.719238,1,-3,-130
1767175037.7292385,1,-2,-124
1767175037.7392385,3,-4,-120
1767175037.7492385,5,-6,-117
1767175037.7592382,4,-8,-117
1767175037.7692382,0,-9,-114
1767175037.7792382,0,-6,-117
1767175037.7892382,0,-3,-108
1767175037.7992382,4,-1,-105
1767175037.8092382,8,0,-110
1767175037.8192382,9,-1,-110
1767175037.8292382,7,0,-111
1767175037.8392382,8,0,-114
1767175037.8492382,6,0,-118
1767175037.859238,4,-1,-121
1767175037.869238,7,-3,-123
1767175037.879238,8,-1,-127
1767175037.889238,10,0,-124
1767175037.899238,6,0,-123
1767175037.909238,6,0,-128
1767175037.919238,7,-2,-122
1767175037.929238,3,-2,-115
1767175037.939238,2,-1,-112
1767175037.949238,2,-2,-114
1767175037.959238,0,1,-118
1767175037.969238,-1,5,-110
1767175037.9792385,-5,0,-106
1767175037.9892385,-4,0,-106
1767175037.9992385,-5,0,-110
1767175038.0092382,-3,0,-114
1767175038.0192382,-1,-2,-117
1767175038.0292382,0,7,-116
1767175038.0392382,0,5,-112
1767175038.0492382,-1,4,-113
1767175038.0592382,-3,1,-119
1767175038.0692382,-1,0,-123
1767175038.0792382,0,-2,-120
1767175038.0892382,-1,-6,-118
1767175038.0992382,-3,-6,-114
1767175038.109238,-6,-8,-121
1767175038.119238,-6,-5,-124
1767175038.129238,-2,-3,-119
1767175038.139238,0,-2,-119
1767175038.149238,0,-1,-114
1767175038.159238,1,-4,-116
1767175038.169238,6,-4,-118
1767175038.179238,6,0,-126
1767175038.189238,6,0,-126
1767175038.199238,4,0,-120
1767175038.209238,5,-2,-119
1767175038.219238,7,4,-127
1767175038.2292385,5,2,-123
1767175038.2392385,2,1,-119
1767175038.2492385,0,0,-120
1767175038.2592382,-4,1,-122
1767175038.2692382,-3,-1,-124
1767175038.2792382,-6,-2,-121
1767175038.2892382,-9,-4,-117
1767175038.2992382,-5,-10,-112
1767175038.3092382,-1,-11,-112
1767175038.3192382,-2,-9,-116
1767175038.3292382,0,-8,-115
1767175038.3392382,1,-8,-108
1767175038.3492382,5,-6,-114
1767175038.359238,3,-6,-118
1767175038.369238,0,-5,-119
1767175038.379238,0,-9,-114
1767175038.389238,-1,-8,-119
1767175038.399238,-6,-7,-121
1767175038.409238,-2,-8,-120
1767175038.419238,-1,-9,-125
1767175038.429238,1,-7,-124
1767175038.439238,0,-6,-116
1767175038.449238,-3,-5,-120
1767175038.459238,-1,-5,-125
1767175038.469238,0,-6,-127
1767175038.4792385,1,-6,-123
1767175038.4892385,0,-2,-115
1767175038.4992385,2,1,-114
1767175038.5092382,4,5,-117
1767175038.5192382,-5,4,-117
1767175038.5292382,-2,3,-112
1767175038.5392382,-3,1,-114
1767175038.5492382,0,2,-114
1767175038.5592382,2,6,-113
1767175038.5692382,3,3,-110
1767175038.5792382,-2,1,-110
1767175038.5892382,-2,0,-109
1767175038.5992382,0,-3,-116
1767175038.609238,-5,-9,-124
1767175038.619238,-3,-8,-122
1767175038.629238,-9,-9,-122
1767175038.639238,-5,-8,-118
1767175038.649238,-3,-4,-114
1767175038.659238,-5,-1,-112
1767175038.669238,-2,-1,-112
1767175038.679238,-2,-3,-116
1767175038.689238,-1,0,-114
1767175038.699238,-5,2,-122
1767175038.709238,-12,3,-125
1767175038.7202382,-13,3,-123
1767175038.7292385,-13,0,-125
1767175038.7392385,-9,-2,-126
1767175038.7492385,-5,-3,-120
1767175038.7592382,0,-5,-123
1767175038.7692382,3,-4,-123
1767175038.7792382,1,-1,-121
1767175038.7892382,1,-1,-127
1767175038.7992382,-1,0,-124
1767175038.8092382,1,-5,-129
1767175038.8192382,2,-1,-129
1767175038.8292382,0,-3,-134
1767175038.8392382,3,-5,-134
1767175038.8492382,4,-4,-134
1767175038.859238,9,-3,-130
1767175038.869238,8,-4,-124
1767175038.879238,7,-2,-119
1767175038.889238,9,-1,-121
1767175038.899238,8,3,-120
1767175038.909238,5,0,-112
1767175038.919238,0,0,-108
1767175038.929238,-1,0,-110
1767175038.939238,3,-1,-111
1767175038.949238,-1,-5,-107
1767175038.959238,0,-2,-113
1767175038.969238,-1,0,-114
1767175038.9792385,-5,-2,-117
1767175038.9892385,-3,-3,-115
1767175038.9992385,-1,0,-113
1767175039.0092382,-6,0,-115
1767175039.0192382,-4,-2,-111
1767175039.0292382,-5,-5,-108
1767175039.0392382,0,-4,-114
1767175039.0492382,-1,-6,-116
1767175039.0592382,1,-2,-117
1767175039.0692382,0,0,-121
1767175039.0792382,-2,4,-122
1767175039.0892382,2,4,-123
1767175039.0992382,1,4,-124
1767175039.109238,-5,3,-129
1767175039.119238,-7,1,-118
1767175039.129238,-4,1,-109
1767175039.139238,-4,1,-107
1767175039.149238,-2,4,-115
1767175039.159238,-2,1,-121
1767175039.169238,1,-1,-124
1767175039.179238,4,0,-122
1767175039.189238,1,0,-125
1767175039.199238,-3,-2,-122
1767175039.209238,-2,-5,-116
1767175039.219238,-6,-4,-116
1767175039.2292385,-7,-6,-116
1767175039.2392385,-4,-7,-122
1767175039.2492385,2,-3,-117
1767175039.2602382,5,-2,-113
1767175039.2692382,6,-6,-115
1767175039.2802382,7,-5,-116
1767175039.290238,10,-4,-117
1767175039.300238,5,-7,-125
1767175039.310238,5,-12,-123
1767175039.320238,6,-12,-124
1767175039.330238,4,-12,-120
1767175039.340238,5,-12,-122
1767175039.350238,0,-10,-119
1767175039.360238,-1,-7,-116
1767175039.370238,-6,-3,-119
1767175039.380238,-4,-3,-119
1767175039.390238,-4,-4,-113
1767175039.400238,-7,-1,-117
1767175039.4102385,-8,-3,-119
1767175039.4202385,-3,-2,-124
1767175039.4302382,-4,-3,-126
1767175039.4402382,-5,-2,-120
1767175039.4502382,-6,2,-117
1767175039.4602382,-6,2,-119
1767175039.4702382,-12,2,-123
1767175039.4802382,-7,0,-123
1767175039.4902382,-6,-2,-128
1767175039.5002382,-4,-2,-130
1767175039.5102382,-2,0,-122
1767175039.5202382,4,0,-115
1767175039.5302382,5,0,-120
1767175039.540238,3,-2,-120
1767175039.550238,2,-3,-118
1767175039.560238,3,-2,-110
1767175039.570238,0,2,-106
1767175039.580238,-1,1,-113
1767175039.590238,2,0,-107
1767175039.6122382,7,-2,-112
1767175039.620238,4,0,-123
1767175039.630238,7,-2,-120
1767175039.640238,4,-5,-120
1767175039.650238,2,-5,-117
1767175039.6602385,4,-2,-124
1767175039.6702385,1,0,-128
1767175039.6802382,0,2,-130
1767175039.6902382,-1,7,-133
1767175039.7002382,-1,3,-127
1767175039.7102382,-1,0,-135
1767175039.7202382,1,-1,-136
1767175039.7302382,1,-1,-133
1767175039.7402382,1,1,-127
1767175039.7502382,4,3,-122
1767175039.7602382,1,2,-117
1767175039.7702382,-3,-1,-119
1767175039.7802382,-8,0,-115
1767175039.790238,-6,1,-120
1767175039.800238,-3,1,-121
1767175039.810238,0,1,-120
1767175039.820238,3,1,-124
1767175039.830238,3,0,-122
1767175039.840238,5,-2,-121
1767175039.850238,5,0,-128
1767175039.860238,4,-1,-126
1767175039.870238,6,0,-127
1767175039.880238,4,2,-125
1767175039.890238,3,0,-121
1767175039.900238,2,3,-123
1767175039.9102385,-1,1,-127
1767175039.9202385,0,0,-123
1767175039.9302382,-1,-2,-118
1767175039.9402382,-3,-2,-113
1767175039.9502382,0,0,-114
1767175039.9602382,1,3,-113
1767175039.9702382,-3,0,-117
1767175039.9802382,-4,-2,-110
1767175039.9902382,-5,-1,-111
1767175040.0002382,-4,-1,-113
1767175040.0102382,-4,-5,-117
1767175040.0202382,-4,-4,-124
1767175040.0302382,-4,-3,-124
1767175040.040238,-3,-5,-123
1767175040.050238,-2,-2,-119
1767175040.060238,2,-4,-114
1767175040.070238,5,-3,-111
1767175040.080238,3,-6,-111
1767175040.090238,1,-3,-112
1767175040.100238,2,-2,-113
1767175040.110238,-1,0,-110
1767175040.120238,-3,0,-115
1767175040.130238,-3,-1,-116
1767175040.140238,-4,0,-114
1767175040.150238,-2,-1,-116
1767175040.1602385,-3,-4,-115
1767175040.1702385,-2,-5,-119
1767175040.1802382,-4,-4,-125
1767175040.1902382,-5,-3,-125
1767175040.2002382,-4,-7,-123
1767175040.2102382,-2,-6,-127
1767175040.2202382,-3,-2,-127
1767175040.2302382,-7,0,-120
1767175040.2402382,-2,-3,-120
1767175040.2502382,-3,-7,-115
1767175040.2602382,-4,-8,-118
1767175040.2702382,0,-3,-115
1767175040.2802382,4,-2,-116
1767175040.290238,2,-1,-112
1767175040.300238,0,0,-111
1767175040.310238,2,0,-110
1767175040.320238,2,1,-112
1767175040.330238,0,-3,-110
1767175040.340238,1,-5,-109
1767175040.350238,4,-1,-112
1767175040.360238,1,0,-114
1767175040.370238,0,0,-114
1767175040.380238,-2,0,-117
1767175040.390238,0,-2,-110
1767175040.400238,2,0,-115
1767175040.4102385,0,0,-113
1767175040.4202385,-2,0,-117
1767175040.4302382,0,3,-120
1767175040.4402382,1,0,-124
1767175040.4502382,5,0,-130
1767175040.461238,2,0,-128
1767175040.4702382,2,-2,-126
1767175040.4802382,0,0,-120
1767175040.4902382,-2,-1,-123
1767175040.5002382,-2,-5,-116
1767175040.5102382,-3,-7,-118
1767175040.5202382,-2,-2,-121
1767175040.5302382,-4,-2,-121
1767175040.540238,0,0,-121
1767175040.550238,1,-1,-115
1767175040.560238,0,-3,-117
1767175040.570238,5,-5,-124
1767175040.580238,2,-9,-122
1767175040.590238,3,-5,-118
1767175040.600238,0,1,-121
1767175040.610238,-1,7,-123
1767175040.620238,-1,2,-127
1767175040.630238,2,0,-127
1767175040.640238,3,-3,-129
1767175040.650238,6,-3,-130
1767175040.6602385,6,2,-126
1767175040.6702385,8,2,-123
1767175040.6802382,11,2,-116
1767175040.6902382,8,0,-117
1767175040.7002382,9,2,-111
1767175040.7102382,3,-2,-116
1767175040.7202382,4,0,-119
1767175040.7302382,1,-4,-108
1767175040.7402382,-5,-2,-109
1767175040.7502382,-2,-1,-114
1767175040.7602382,-3,-1,-113
1767175040.7702382,0,-3,-115
1767175040.7802382,0,-3,-120
1767175040.790238,0,-2,-121
1767175040.800238,-1,-2,-114
1767175040.810238,-5,-2,-110
1767175040.820238,-4,-4,-117
1767175040.830238,-3,-7,-121
1767175040.840238,-2,-12,-120
1767175040.850238,0,-11,-120
1767175040.860238,-1,-9,-115
1767175040.870238,0,-7,-118
1767175040.880238,-1,-2,-115
1767175040.890238,-4,-5,-115
1767175040.900238,-4,-5,-112
1767175040.9102385,-3,-2,-113
1767175040.9202385,-3,-4,-115
1767175040.9302382,-2,-4,-118
1767175040.9402382,-1,0,-119
1767175040.9502382,0,0,-117
1767175040.9602382,-2,0,-118
1767175040.9702382,2,0,-112
1767175040.9802382,4,1,-113
1767175040.9902382,4,0,-114
1767175041.0002382,7,0,-122
1767175041.0102382,0,-3,-122
1767175041.0202382,-2,0,-115
1767175041.0302382,0,3,-116
1767175041.040238,-2,1,-111
1767175041.050238,0,-3,-107
1767175041.060238,-3,-6,-99
1767175041.070238,-5,-4,-105
1767175041.080238,-6,-2,-113
1767175041.090238,-5,-1,-114
1767175041.100238,-2,-1,-108
1767175041.110238,0,-1,-111
1767175041.120238,0,-2,-107
1767175041.130238,1,0,-107
1767175041.140238,0,-1,-112
1767175041.150238,-1,-1,-116
1767175041.1602385,1,0,-116
1767175041.1702385,-1,1,-114
1767175041.1802382,-1,0,-114
1767175041.1902382,4,-1,-124
1767175041.2002382,4,1,-119
1767175041.2102382,1,2,-114
1767175041.2202382,-1,3,-113
1767175041.2302382,0,6,-117
1767175041.2402382,-2,5,-109
1767175041.2502382,-2,3,-108
1767175041.2602382,0,6,-108
1767175041.2702382,0,4,-104
1767175041.2802382,-2,4,-104
1767175041.290238,-5,3,-104
1767175041.300238,-8,0,-108
1767175041.310238,-9,0,-114
1767175041.320238,-8,-2,-117
1767175041.330238,-8,-3,-115
1767175041.340238,-10,-4,-111
1767175041.350238,-8,-3,-112
1767175041.360238,-5,-5,-117
1767175041.370238,-6,-4,-120
1767175041.380238,-3,-7,-120
1767175041.390238,-1,-7,-117
1767175041.400238,-2,-1,-117
1767175041.4102385,-2,-4,-119
1767175041.4202385,-2,-3,-119
1767175041.4302382,-4,-5,-123
1767175041.4402382,-7,-5,-123
1767175041.4502382,-6,-2,-119
1767175041.4602382,-3,0,-119
1767175041.4702382,-2,0,-122
1767175041.4802382,-4,-1,-124
1767175041.4902382,-3,-3,-123
1767175041.5002382,-1,-2,-117
1767175041.5102382,0,-2,-121
1767175041.5202382,0,-4,-113
1767175041.5302382,0,-4,-108
1767175041.540238,0,-7,-107
1767175041.550238,-1,-9,-109
1767175041.560238,2,-7,-118
1767175041.570238,4,-4,-120
1767175041.580238,1,-5,-124
1767175041.590238,0,-1,-124
1767175041.600238,0,-1,-120
1767175041.610238,-2,0,-118
1767175041.620238,0,0,-119
1767175041.630238,0,-2,-124
1767175041.640238,1,-1,-117
1767175041.650238,1,-2,-109
1767175041.6602385,2,-4,-112
1767175041.6702385,4,-3,-111
1767175041.6802382,2,-4,-115
1767175041.6902382,7,-5,-113
1767175041.7002382,6,-2,-115
1767175041.7102382,0,-1,-115
1767175041.7202382,-2,2,-116
1767175041.7302382,-4,2,-118
1767175041.7402382,-5,0,-118
1767175041.7502382,-7,0,-118
1767175041.7602382,-9,6,-121
1767175041.7702382,-7,6,-124
1767175041.7802382,-5,5,-125
1767175041.790238,-1,3,-129
1767175041.800238,1,2,-127
1767175041.810238,2,3,-120
1767175041.820238,0,3,-121
1767175041.830238,-1,2,-122
1767175041.840238,-3,-1,-118
1767175041.850238,-3,-1,-114
1767175041.860238,-8,-4,-113
1767175041.870238,-6,-4,-113
1767175041.880238,-5,-4,-114
1767175041.890238,-4,-7,-113
1767175041.900238,-3,-4,-110
1767175041.9102385,-6,-5,-112
1767175041.9212382,-7,-6,-116
1767175041.9302382,-7,-6,-121
1767175041.9412382,-9,-4,-126
1767175041.9512382,-7,-2,-126
1767175041.9602382,-8,1,-124
1767175041.9702382,-4,4,-117
1767175041.981238,0,6,-121
1767175041.991238,3,3,-126
1767175042.001238,2,4,-127
1767175042.011238,0,6,-127
1767175042.021238,0,2,-119
1767175042.031238,-2,0,-118
1767175042.041238,-6,3,-119
1767175042.051238,-4,0,-117
1767175042.061238,0,-1,-122
1767175042.071238,1,-2,-130
1767175042.0812385,2,0,-129
1767175042.0912385,3,0,-126
1767175042.1012385,1,1,-126
1767175042.1112382,-4,1,-124
1767175042.1212382,-1,2,-118
1767175042.1312382,-5,4,-116
1767175042.1412382,-5,5,-122
1767175042.1512382,-3,2,-122
1767175042.1612382,-3,3,-118
1767175042.1712382,-1,2,-112
1767175042.1812382,0,3,-112
1767175042.1912382,1,3,-117
1767175042.2012382,0,1,-121
1767175042.211238,-9,2,-119
1767175042.221238,-5,-1,-121
1767175042.231238,-7,0,-124
1767175042.241238,-7,2,-119
1767175042.251238,-3,4,-114
1767175042.261238,-7,1,-113
1767175042.271238,-6,4,-106
1767175042.281238,-8,3,-107
1767175042.291238,-9,4,-109
1767175042.301238,-8,5,-110
1767175042.311238,-8,4,-115
1767175042.321238,-9,2,-106
1767175042.3312385,-7,0,-110
1767175042.3412385,-8,1,-113
1767175042.3512385,-9,1,-117
1767175042.3612382,-6,4,-127
1767175042.3712382,-2,3,-122
1767175042.3812382,-2,5,-117
1767175042.3912382,0,1,-115
1767175042.4012382,0,5,-111
1767175042.4112382,-1,4,-115
1767175042.4212382,1,4,-119
1767175042.4312382,6,0,-117
1767175042.4412382,7,2,-112
1767175042.4512382,4,2,-115
1767175042.461238,1,3,-120
1767175042.471238,-3,0,-123
1767175042.481238,-5,0,-122
1767175042.491238,-5,-1,-113
1767175042.501238,-4,0,-108
1767175042.511238,1,1,-110
1767175042.521238,-1,2,-113
1767175042.531238,0,0,-112
1767175042.541238,-1,-3,-116
1767175042.551238,3,-1,-112
1767175042.561238,2,-2,-112
1767175042.571238,5,-2,-112
1767175042.5812385,0,-3,-118
1767175042.5912385,0,-4,-122
1767175042.6012385,0,-1,-115
1767175042.6112382,0,-1,-109
1767175042.6212382,-2,-5,-109
1767175042.6312382,-2,-8,-117
1767175042.6412382,5,-4,-115
1767175042.6512382,8,-7,-109
1767175042.6612382,3,-7,-106
1767175042.6712382,2,-5,-120
1767175042.6812382,-1,-2,-121
1767175042.6912382,-3,-3,-120
1767175042.7012382,0,3,-123
1767175042.711238,4,7,-125
1767175042.721238,2,6,-123
1767175042.731238,1,0,-120
1767175042.741238,1,-1,-119
1767175042.751238,-2,-2,-119
1767175042.761238,-1,-4,-125
1767175042.771238,0,-3,-131
1767175042.781238,1,-4,-127
1767175042.791238,4,-5,-125
1767175042.801238,6,-6,-120
1767175042.811238,2,-9,-124
1767175042.821238,0,-8,-127
1767175042.8312385,-2,-4,-119
1767175042.8412385,-3,-2,-114
1767175042.8512385,-3,0,-115
1767175042.8612382,2,-4,-119
1767175042.8712382,1,-4,-117
1767175042.8812382,-1,-4,-116
1767175042.8912382,0,-1,-119
1767175042.9012382,-2,0,-122
1767175042.9112382,-1,-1,-122
1767175042.9212382,2,-4,-122
1767175042.9312382,4,-5,-117
1767175042.9412382,4,-4,-113
1767175042.9512382,0,0,-113
1767175042.961238,3,3,-123
1767175042.971238,4,5,-121
1767175042.981238,4,3,-119
1767175042.991238,9,-1,-127
1767175043.001238,8,-4,-127
1767175043.011238,8,0,-128
1767175043.021238,5,-1,-118
1767175043.031238,4,-1,-122
1767175043.041238,3,-3,-121
1767175043.051238,5,-6,-117
1767175043.061238,7,-8,-117
1767175043.071238,8,-5,-119
1767175043.0812385,8,-4,-121
1767175043.0912385,11,-6,-119
1767175043.1012385,4,-6,-124
1767175043.1112382,4,-7,-124
1767175043.1212382,6,-5,-126
1767175043.1312382,6,0,-129
1767175043.1412382,1,-1,-127
1767175043.1512382,-2,1,-130
1767175043.1612382,-3,2,-127
1767175043.1712382,-3,0,-121
1767175043.1812382,-3,0,-125
1767175043.1912382,0,-1,-134
1767175043.2012382,0,-1,-134
1767175043.211238,-2,-1,-132
1767175043.221238,-9,-3,-130
1767175043.231238,-3,0,-122
1767175043.241238,-4,0,-122
1767175043.251238,-4,0,-131
1767175043.261238,-2,-4,-126
1767175043.271238,2,-5,-122
1767175043.281238,5,0,-123
1767175043.291238,1,0,-123
1767175043.301238,1,3,-120
1767175043.311238,2,0,-120
1767175043.321238,2,-1,-120
1767175043.3312385,2,-1,-117
1767175043.3412385,0,-1,-120
1767175043.3512385,6,0,-124
1767175043.3612382,7,2,-125
1767175043.3712382,4,1,-123
1767175043.3812382,3,4,-124
1767175043.3912382,-2,1,-123
1767175043.4012382,-2,1,-119
1767175043.4112382,-2,2,-116
1767175043.4212382,-1,2,-121
1767175043.4312382,-4,0,-121
1767175043.4412382,-5,-1,-114
1767175043.4512382,-4,5,-121
1767175043.461238,-6,3,-128
1767175043.471238,-9,4,-130
1767175043.481238,-4,5,-125
1767175043.491238,0,8,-118
1767175043.501238,-2,3,-114
1767175043.511238,-2,4,-118
1767175043.521238,-3,2,-115
1767175043.531238,-1,4,-120
1767175043.541238,-2,4,-121
1767175043.551238,-2,4,-127
1767175043.561238,-4,6,-130
1767175043.571238,-2,7,-125
1767175043.5812385,1,6,-125
1767175043.5912385,0,4,-126
1767175043.6012385,-2,-2,-132
1767175043.6112382,2,-6,-137
1767175043.6212382,5,-4,-130
1767175043.6312382,5,-3,-130
1767175043.6412382,3,-1,-127
1767175043.6512382,1,0,-123
1767175043.6612382,3,0,-115
1767175043.6712382,2,0,-113
1767175043.6812382,6,0,-111
1767175043.6912382,0,0,-115
1767175043.7012382,-1,0,-112
1767175043.711238,-2,1,-112
1767175043.721238,3,2,-119
1767175043.731238,0,0,-117
1767175043.741238,-4,0,-114
1767175043.751238,-4,0,-116
1767175043.761238,-4,1,-124
1767175043.771238,0,5,-123
1767175043.781238,1,1,-119
1767175043.791238,-2,0,-120
1767175043.801238,0,1,-118
1767175043.811238,0,0,-117
1767175043.821238,0,0,-111
1767175043.8312385,1,2,-110
1767175043.8412385,0,-1,-113
1767175043.8512385,0,0,-116
1767175043.8612382,5,0,-107
1767175043.8712382,4,0,-103
1767175043.8812382,5,3,-111
1767175043.8912382,3,4,-121
1767175043.9012382,-2,0,-121
1767175043.9112382,-4,-2,-119
1767175043.9212382,-7,0,-118
1767175043.9312382,-6,0,-124
1767175043.9412382,-2,-1,-123
1767175043.9512382,-2,-2,-116
1767175043.961238,-6,-3,-111
1767175043.971238,-8,0,-114
1767175043.981238,-11,-4,-115
1767175043.991238,-15,0,-116
1767175044.001238,-11,0,-112
1767175044.011238,-12,2,-115
1767175044.021238,-9,4,-114
1767175044.031238,-7,4,-117
1767175044.041238,-3,1,-121
1767175044.051238,-2,2,-125
1767175044.061238,0,-6,-122
1767175044.071238,0,-5,-120
1767175044.0812385,-2,-7,-122
1767175044.0912385,-4,-6,-127
1767175044.1012385,-3,-5,-124
1767175044.1112382,-3,-7,-128
1767175044.1212382,0,-5,-123
1767175044.1312382,-5,-2,-126
1767175044.1412382,-3,1,-129
1767175044.1512382,-5,0,-121
1767175044.1612382,-3,-1,-117
1767175044.1712382,-4,-1,-118
1767175044.1812382,-2,-1,-117
1767175044.1912382,-2,0,-119
1767175044.2012382,-7,2,-117
1767175044.211238,-7,2,-127
1767175044.221238,-10,5,-130
1767175044.231238,-7,3,-131
1767175044.241238,-3,0,-125
1767175044.251238,-3,-2,-126
1767175044.261238,-1,0,-125
1767175044.271238,-2,1,-120
1767175044.281238,-5,0,-128
1767175044.291238,-7,-3,-129
1767175044.301238,-5,-2,-127
1767175044.311238,-7,-4,-125
1767175044.321238,-6,-3,-131
1767175044.3312385,-5,-5,-132
1767175044.3412385,-6,-5,-125
1767175044.3512385,-7,-1,-136
1767175044.3612382,-8,-3,-130
1767175044.3712382,-5,-2,-125
1767175044.3812382,-5,-2,-126
1767175044.3912382,0,-1,-126
1767175044.4012382,-1,3,-119
1767175044.4112382,0,3,-116
1767175044.4212382,0,-3,-121
1767175044.4312382,2,-2,-116
1767175044.4412382,5,-3,-113
1767175044.4512382,1,-5,-108
1767175044.461238,1,-5,-113
1767175044.471238,4,-4,-122
1767175044.481238,3,-6,-116
1767175044.491238,3,0,-119
1767175044.501238,2,1,-121
1767175044.511238,-1,-3,-127
1767175044.521238,0,-10,-136
1767175044.531238,3,-7,-137
1767175044.541238,2,-6,-138
1767175044.551238,0,-3,-138
1767175044.561238,-2,-3,-135
1767175044.5722382,-2,-2,-131
1767175044.5822382,0,-5,-131
1767175044.5922382,2,-8,-128
1767175044.6022382,3,-7,-122
1767175044.623238,0,-7,-125
1767175044.632238,-1,-5,-124
1767175044.642238,0,-7,-122
1767175044.652238,0,-1,-118
1767175044.662238,-3,-2,-123
1767175044.672238,-5,-5,-124
1767175044.682238,-1,-4,-127
1767175044.692238,-2,0,-122
1767175044.702238,-2,1,-115
1767175044.712238,-1,-1,-117
1767175044.722238,0,-1,-113
1767175044.732238,-1,-2,-111
1767175044.742238,-1,-1,-115
1767175044.752238,0,-2,-119
1767175044.7622385,0,0,-116
1767175044.7722385,-1,-4,-119
1767175044.7822382,-1,-3,-117
1767175044.7922382,-2,-4,-117
1767175044.8022382,-2,-4,-120
1767175044.8122382,-3,-4,-125
1767175044.8222382,-4,-5,-119
1767175044.8322382,-5,-3,-117
1767175044.8422382,-8,3,-115
1767175044.8522382,-6,2,-117
1767175044.8622382,-5,1,-120
1767175044.8722382,-3,2,-113
1767175044.882238,-2,-1,-107
1767175044.892238,0,0,-109
1767175044.902238,4,-1,-109
1767175044.912238,2,2,-118
1767175044.922238,0,0,-117
1767175044.932238,2,-3,-108
1767175044.942238,-1,-1,-109
1767175044.952238,2,-6,-115
1767175044.962238,5,-6,-120
1767175044.972238,1,-8,-122
1767175044.982238,-1,-5,-124
1767175044.992238,2,-4,-117
1767175045.002238,6,-6,-119
1767175045.0122385,6,-5,-120
1767175045.0222385,4,-6,-121
1767175045.0322382,6,-9,-124
1767175045.0422382,4,-7,-125
1767175045.0522382,6,-7,-119
1767175045.0622382,2,-6,-121
1767175045.0722382,5,-10,-117
1767175045.0822382,6,-9,-115
1767175045.0922382,1,-7,-116
1767175045.1022382,4,-7,-120
1767175045.1122382,1,-5,-124
1767175045.1222382,0,-9,-128
1767175045.132238,5,-7,-123
1767175045.142238,4,-4,-120
1767175045.152238,0,-8,-116
1767175045.162238,-4,-7,-117
1767175045.172238,-5,-4,-122
1767175045.182238,-2,-6,-124
1767175045.192238,0,-4,-123
1767175045.202238,1,-5,-124
1767175045.212238,2,-2,-124
1767175045.222238,1,-4,-123
1767175045.232238,0,-1,-129
1767175045.242238,-2,0,-126
1767175045.252238,-4,-3,-131
1767175045.2622385,-2,-3,-132
1767175045.2722385,0,-5,-118
1767175045.2822382,-2,-3,-112
1767175045.2922382,-3,-2,-115
1767175045.3022382,-1,0,-117
1767175045.3122382,0,-2,-112
1767175045.3222382,1,-1,-106
1767175045.3322382,2,0,-111
1767175045.3422382,2,2,-119
1767175045.3522382,0,4,-122
1767175045.3622382,-1,2,-129
1767175045.3722382,-3,2,-127
1767175045.382238,-2,0,-124
1767175045.392238,-1,0,-123
1767175045.402238,-2,0,-121
1767175045.412238,2,-1,-117
1767175045.422238,5,-3,-114
1767175045.432238,3,0,-116
1767175045.442238,0,0,-116
1767175045.452238,0,4,-118
1767175045.462238,2,1,-112
1767175045.472238,1,-1,-111
1767175045.482238,0,0,-105
1767175045.492238,-2,0,-115
1767175045.502238,-2,1,-120
1767175045.5122385,-1,-1,-121
1767175045.5222385,0,0,-121
1767175045.5322382,5,0,-123
1767175045.5422382,4,1,-116
1767175045.5522382,4,0,-112
1767175045.5622382,0,-2,-113
1767175045.5722382,1,-4,-120
1767175045.5822382,1,-4,-117
1767175045.5922382,1,-5,-114
1767175045.6022382,6,-1,-109
1767175045.6122382,4,1,-110
1767175045.6222382,3,-1,-107
1767175045.632238,3,-3,-110
1767175045.642238,2,-2,-113
1767175045.652238,-1,0,-113
1767175045.662238,2,0,-110
1767175045.672238,1,0,-106
1767175045.682238,-1,0,-102
1767175045.692238,6,0,-101
1767175045.702238,6,0,-104
1767175045.712238,6,-2,-109
1767175045.722238,4,-1,-111
1767175045.732238,1,-5,-115
1767175045.742238,0,-5,-121
1767175045.752238,4,-5,-120
1767175045.7622385,7,-5,-123
1767175045.7722385,4,-6,-125
1767175045.7822382,0,-2,-118
1767175045.7922382,0,0,-120
1767175045.8022382,0,-3,-123
1767175045.8122382,-2,-1,-126
1767175045.8222382,0,0,-129
1767175045.8322382,-1,-1,-128
1767175045.8422382,-5,0,-130
1767175045.8522382,-4,0,-125
1767175045.8622382,-2,-1,-122
1767175045.8722382,-2,0,-124
1767175045.882238,-2,0,-120
1767175045.892238,-3,-2,-116
1767175045.902238,-2,-2,-116
1767175045.912238,-4,-2,-114
1767175045.922238,-5,-3,-114
1767175045.932238,-3,-2,-116
1767175045.942238,1,-1,-114
1767175045.952238,0,-1,-111
1767175045.962238,-3,-2,-108
1767175045.972238,-5,-1,-115
1767175045.982238,-5,1,-114
1767175045.992238,-5,1,-112
1767175046.002238,-2,-2,-115
1767175046.0122385,0,-1,-114
1767175046.0222385,1,0,-114
1767175046.0322382,5,-3,-115
1767175046.0422382,4,-2,-119
1767175046.0522382,1,0,-125
1767175046.0622382,-1,1,-125
1767175046.0722382,0,0,-131
1767175046.0822382,2,2,-130
1767175046.0922382,-2,1,-118
1767175046.1022382,0,0,-112
1767175046.1122382,2,-6,-116
1767175046.1222382,3,-5,-112
1767175046.132238,3,-5,-107
1767175046.142238,0,-4,-112
1767175046.152238,3,1,-113
1767175046.162238,0,1,-120
1767175046.172238,0,-1,-124
1767175046.182238,-1,-3,-123
1767175046.192238,0,-1,-124
1767175046.202238,-2,1,-124
1767175046.212238,-3,1,-118
1767175046.222238,-1,1,-122
1767175046.232238,0,2,-125
1767175046.242238,-1,1,-129
1767175046.252238,-1,3,-125
1767175046.2622385,-3,3,-125
1767175046.2722385,-2,3,-129
1767175046.2822382,-3,2,-129
1767175046.2922382,-5,2,-131
1767175046.3022382,-4,4,-127
1767175046.3122382,2,2,-125
1767175046.3222382,-3,0,-116
1767175046.3322382,0,-3,-117
1767175046.3422382,0,-3,-121
1767175046.3522382,2,-4,-120
1767175046.3622382,1,-3,-123
1767175046.3722382,2,-5,-120
1767175046.382238,1,-3,-116
1767175046.392238,1,-1,-118
1767175046.402238,-1,0,-115
1767175046.412238,-5,0,-120
1767175046.422238,-1,0,-119
1767175046.432238,-1,-1,-120
1767175046.442238,-1,-1,-124
1767175046.452238,-2,-2,-118
1767175046.462238,-3,-2,-120
1767175046.472238,-3,-3,-115
1767175046.482238,-3,-6,-111
1767175046.492238,1,-7,-114
1767175046.502238,4,-7,-122
1767175046.5122385,7,-6,-122
1767175046.5222385,6,-6,-113
1767175046.5322382,5,-5,-114
1767175046.5422382,1,-1,-118
1767175046.5522382,0,0,-119
1767175046.5622382,0,2,-123
1767175046.5722382,0,-1,-128
1767175046.5822382,2,-4,-119
1767175046.5922382,2,-4,-125
1767175046.6022382,1,-1,-122
1767175046.6122382,3,-1,-112
1767175046.6222382,2,1,-114
1767175046.632238,1,3,-120
1767175046.642238,0,7,-120
1767175046.652238,0,8,-120
1767175046.662238,-3,7,-118
1767175046.672238,-2,5,-115
1767175046.682238,-1,2,-118
1767175046.692238,-3,3,-118
1767175046.702238,-3,0,-123
1767175046.712238,-1,-3,-129
1767175046.722238,1,-6,-134
1767175046.732238,1,-1,-130
1767175046.742238,0,0,-121
1767175046.752238,-2,-2,-115
1767175046.7622385,-7,-3,-110
1767175046.7722385,-6,-2,-105
1767175046.7822382,-7,0,-111
1767175046.7922382,-2,1,-112
1767175046.8022382,-1,2,-122
1767175046.8122382,-4,2,-126
1767175046.8222382,-8,2,-121
1767175046.8322382,-7,1,-124
1767175046.8422382,-5,0,-123
1767175046.8522382,-2,0,-123
1767175046.8622382,2,0,-123
1767175046.8722382,1,3,-127
1767175046.882238,-2,-1,-132
1767175046.892238,-3,-6,-129
1767175046.902238,0,-6,-129
1767175046.912238,-2,-5,-123
1767175046.922238,-8,-3,-120
1767175046.932238,-6,-1,-119
1767175046.942238,-6,-3,-121
1767175046.952238,0,-1,-132
1767175046.962238,0,3,-125
1767175046.972238,-1,2,-122
1767175046.982238,0,0,-123
1767175046.992238,-4,2,-130
1767175047.002238,-6,4,-131
1767175047.0122385,-3,5,-124
1767175047.0222385,-1,3,-124
1767175047.0322382,-3,0,-122
1767175047.0422382,-7,-1,-121
1767175047.0522382,-9,3,-121
1767175047.0622382,-5,2,-122
1767175047.0722382,-3,1,-122
1767175047.0822382,1,0,-124
1767175047.0922382,2,0,-123
1767175047.1022382,1,1,-119
1767175047.1122382,0,0,-114
1767175047.1222382,-1,1,-111
1767175047.132238,5,2,-107
1767175047.142238,3,0,-117
1767175047.152238,6,-3,-120
1767175047.162238,2,-3,-116
1767175047.172238,2,-1,-111
1767175047.182238,4,0,-118
1767175047.192238,1,-3,-119
1767175047.202238,0,-2,-119
1767175047.2132382,-3,-2,-125
1767175047.222238,-3,-1,-128
1767175047.2332382,-6,2,-125
1767175047.242238,-3,0,-122
1767175047.2532382,2,-1,-113
1767175047.2632382,3,-1,-115
1767175047.2732382,-1,-2,-113
1767175047.2832382,-3,-2,-115
1767175047.2932382,-1,-8,-117
1767175047.3022382,0,-7,-119
1767175047.313238,0,-3,-120
1767175047.323238,-4,-2,-113
1767175047.333238,-8,-3,-113
1767175047.343238,-8,-3,-114
1767175047.353238,-3,-1,-113
1767175047.363238,-1,-3,-115
1767175047.373238,-1,-3,-114
1767175047.383238,-1,-4,-114
1767175047.393238,-4,-3,-115
1767175047.403238,-9,-4,-117
1767175047.413238,-10,-7,-113
1767175047.423238,-9,-4,-115
1767175047.4332385,-5,-4,-116
1767175047.4432385,1,-4,-116
1767175047.4532382,7,-1,-123
1767175047.4632382,2,0,-130
1767175047.4732382,2,-1,-126
1767175047.4832382,-2,2,-125
1767175047.4932382,-1,3,-123
1767175047.5032382,-5,3,-121
1767175047.5132382,0,0,-119
1767175047.5232382,4,-1,-116
1767175047.5332382,7,-2,-114
1767175047.5432382,6,-3,-113
1767175047.5532382,2,1,-121
1767175047.563238,0,1,-122
1767175047.573238,0,0,-120
1767175047.583238,0,0,-115
1767175047.593238,-6,2,-111
1767175047.603238,-8,0,-110
1767175047.613238,-11,-4,-106
1767175047.623238,-15,-2,-109
1767175047.633238,-13,-1,-114
1767175047.643238,-16,-6,-126
1767175047.653238,-14,-3,-129
1767175047.663238,-7,-2,-125
1767175047.673238,-4,0,-123
1767175047.6832385,-3,-2,-121
1767175047.6932385,1,0,-119
1767175047.7032382,-1,0,-125
1767175047.7132382,2,1,-124
1767175047.7232382,0,0,-126
1767175047.7332382,0,-1,-121
1767175047.7432382,3,0,-124
1767175047.7532382,2,0,-131
1767175047.7632382,5,1,-136
1767175047.7732382,4,1,-134
1767175047.7832382,6,2,-136
1767175047.7932382,2,-1,-122
1767175047.8032382,2,0,-115
1767175047.813238,2,0,-112
1767175047.823238,-1,3,-110
1767175047.834238,-2,2,-113
1767175047.843238,1,-4,-110
1767175047.853238,4,-8,-106
1767175047.863238,3,-5,-114
1767175047.873238,-1,-1,-119
1767175047.883238,1,0,-116
1767175047.893238,1,-2,-108
1767175047.903238,0,-1,-111
1767175047.913238,0,-4,-114
1767175047.923238,-4,-4,-116
1767175047.9332385,-4,-1,-110
1767175047.9432385,0,-3,-116
1767175047.9532382,6,0,-120
1767175047.9632382,5,0,-117
1767175047.9732382,0,0,-124
1767175047.9832382,2,0,-123
1767175047.9932382,-2,-1,-126
1767175048.0032382,0,-6,-130
1767175048.0132382,0,-5,-125
1767175048.0232382,-2,-1,-125
1767175048.0332382,1,-1,-129
1767175048.0432382,2,-8,-128
1767175048.0532382,7,-8,-129
1767175048.063238,1,-10,-125
1767175048.073238,2,-9,-115
1767175048.083238,3,-6,-115
1767175048.093238,1,-2,-118
1767175048.103238,5,-1,-117
1767175048.113238,0,-3,-117
1767175048.123238,-1,-3,-118
1767175048.133238,-1,-2,-120
1767175048.143238,2,-4,-123
1767175048.153238,-2,-2,-119
1767175048.163238,-6,-2,-118
1767175048.173238,-5,0,-116
1767175048.1832385,-3,2,-115
1767175048.1932385,-2,-1,-114
1767175048.2032382,-2,-6,-115
1767175048.2132382,0,-3,-115
1767175048.2232382,3,-8,-115
1767175048.2332382,4,-8,-119
1767175048.2432382,0,-2,-131
1767175048.2532382,0,-2,-133
1767175048.2632382,-6,-5,-132
1767175048.2732382,-3,-9,-127
1767175048.2832382,0,-7,-121
1767175048.2932382,-4,-4,-123
1767175048.3032382,-1,-6,-121
1767175048.313238,3,-3,-124
1767175048.323238,4,1,-128
1767175048.333238,2,2,-124
1767175048.343238,-2,-3,-122
1767175048.353238,0,-6,-122
1767175048.363238,-1,-7,-130
1767175048.373238,-6,-5,-131
1767175048.383238,0,-2,-127
1767175048.393238,1,-2,-130
1767175048.403238,-4,-2,-128
1767175048.413238,-6,-3,-132
1767175048.423238,-5,-3,-129
1767175048.4332385,-6,-4,-122
1767175048.4432385,-9,-8,-120
1767175048.4532382,-8,-8,-122
1767175048.4632382,-2,-4,-121
1767175048.4732382,1,-3,-117
1767175048.4832382,4,-3,-117
1767175048.4932382,5,-6,-118
1767175048.5032382,6,-5,-116
1767175048.5132382,4,-3,-121
1767175048.5232382,3,1,-123
1767175048.5332382,2,4,-124
1767175048.5432382,4,4,-127
1767175048.5532382,4,5,-119
1767175048.563238,0,5,-119
1767175048.573238,-2,6,-120
1767175048.583238,-5,2,-117
1767175048.593238,-5,-1,-115
1767175048.603238,-6,2,-112
1767175048.613238,-7,0,-111
1767175048.623238,-4,1,-113
1767175048.633238,-5,3,-104
1767175048.643238,-7,-1,-102
1767175048.653238,-6,-1,-105
1767175048.663238,-5,0,-118
1767175048.673238,-7,0,-118
1767175048.6832385,-5,-1,-120
1767175048.6932385,-3,-6,-119
1767175048.7032382,-1,-10,-121
1767175048.7132382,0,-10,-117
1767175048.7232382,5,-10,-110
1767175048.7332382,6,-7,-115
1767175048.7432382,2,-5,-113
1767175048.7532382,4,-3,-111
1767175048.7632382,3,-6,-118
1767175048.7732382,5,-6,-126
1767175048.7832382,6,-5,-124
1767175048.7932382,4,0,-129
1767175048.8032382,4,0,-131
1767175048.813238,2,-2,-127
1767175048.823238,1,-3,-132
1767175048.833238,0,-1,-136
1767175048.843238,1,0,-134
1767175048.853238,-1,0,-125
1767175048.863238,-9,0,-128
1767175048.873238,-10,1,-128
1767175048.883238,-9,-2,-120
1767175048.893238,-6,-2,-117
1767175048.903238,-4,0,-122
1767175048.913238,0,2,-122
1767175048.923238,-5,0,-116
1767175048.9332385,-4,0,-116
1767175048.9432385,-3,0,-124
1767175048.9532382,0,0,-122
1767175048.9632382,-8,-2,-115
1767175048.9732382,-10,0,-116
1767175048.9832382,-7,-1,-111
1767175048.9932382,-7,0,-111
1767175049.0032382,-8,2,-109
1767175049.0132382,-5,6,-109
1767175049.0232382,-7,5,-108
1767175049.0332382,-7,5,-113
1767175049.0432382,-3,7,-116
1767175049.0532382,-1,7,-121
1767175049.063238,-2,2,-122
1767175049.073238,-2,-1,-118
1767175049.083238,0,1,-123
1767175049.093238,-2,2,-125
1767175049.103238,-2,1,-121
1767175049.113238,-2,-1,-122
1767175049.123238,0,-4,-128
1767175049.133238,-1,-3,-119
1767175049.143238,0,-5,-118
1767175049.153238,0,-7,-127
1767175049.163238,2,-3,-120
1767175049.173238,8,-3,-117
1767175049.1832385,9,-3,-115
1767175049.1932385,8,-1,-118
1767175049.2032382,6,0,-125
1767175049.2132382,6,0,-124
1767175049.2232382,2,-1,-122
1767175049.2332382,1,-3,-123
1767175049.2432382,2,-2,-120
1767175049.2532382,3,3,-119
1767175049.2632382,5,2,-122
1767175049.2732382,8,3,-122
1767175049.2832382,6,0,-120
1767175049.2932382,1,-2,-125
1767175049.3032382,-2,-3,-133
1767175049.313238,-5,-5,-131
1767175049.323238,-6,-5,-129
1767175049.333238,-2,-5,-124
1767175049.343238,1,-3,-121
1767175049.353238,1,0,-108
1767175049.363238,0,2,-113
1767175049.373238,2,3,-115
1767175049.383238,0,0,-118
1767175049.393238,-4,-1,-120
1767175049.403238,-1,-2,-121
1767175049.413238,-2,-3,-115
1767175049.423238,-7,-5,-121
1767175049.4332385,-5,-5,-124
1767175049.4432385,-4,-8,-131
1767175049.4532382,-3,-7,-125
1767175049.4632382,0,-7,-129
1767175049.4732382,-1,-3,-129
1767175049.4832382,-1,-2,-127
1767175049.4932382,0,-3,-124
1767175049.5032382,0,-3,-119
1767175049.5132382,0,-1,-122
1767175049.5232382,0,-3,-123
1767175049.5332382,4,-6,-116
1767175049.5432382,7,-2,-117
1767175049.5532382,0,0,-118
1767175049.563238,-8,0,-122
1767175049.573238,-9,0,-115
1767175049.583238,-8,0,-116
1767175049.593238,-3,0,-116
1767175049.603238,0,-1,-126
1767175049.613238,0,-3,-131
1767175049.6342382,2,-4,-129
1767175049.643238,-2,-8,-121
1767175049.653238,-4,-10,-119
1767175049.663238,-2,-12,-121
1767175049.673238,-4,-11,-120
1767175049.6832385,-1,-9,-118
1767175049.6932385,0,-8,-119
1767175049.7032382,-2,-5,-124
1767175049.7132382,-2,-8,-122
1767175049.7232382,2,-12,-122
1767175049.7332382,6,-10,-116
1767175049.7432382,2,-4,-119
1767175049.7532382,2,-6,-121
1767175049.7632382,6,-4,-122
1767175049.7732382,0,-7,-124
1767175049.7832382,-4,-5,-131
1767175049.7932382,-4,-7,-132
1767175049.8032382,-5,-6,-127
1767175049.813238,-2,-6,-121
1767175049.823238,-1,-9,-117
1767175049.833238,1,-7,-117
1767175049.843238,1,-6,-112
1767175049.853238,-1,-6,-120
1767175049.863238,0,-8,-124
1767175049.873238,3,-9,-125
1767175049.883238,2,-10,-117
1767175049.893238,0,-8,-114
1767175049.9042382,0,-9,-113
1767175049.913238,0,-4,-111
1767175049.923238,0,-6,-115
1767175049.9342382,-2,-6,-113
1767175049.9432385,1,-8,-119
1767175049.9542382,1,-7,-127
1767175049.9642382,1,-8,-120
1767175049.9742382,2,-7,-118
1767175049.984238,2,-5,-118
1767175049.9932382,4,-7,-112
1767175050.004238,2,-7,-112
1767175050.014238,4,-7,-121
1767175050.024238,4,-6,-127
1767175050.034238,0,-4,-119
1767175050.044238,-2,-3,-118
1767175050.054238,-3,-3,-122
1767175050.064238,-5,-2,-127
1767175050.074238,-6,-5,-123
1767175050.084238,-2,-4,-120
1767175050.094238,-4,-1,-118
1767175050.1042385,-4,-1,-121
1767175050.1142385,-4,-2,-121
1767175050.1242385,-3,0,-116
1767175050.1342382,-2,-3,-119
1767175050.1442382,-2,-5,-119
1767175050.1542382,0,-4,-119
1767175050.1642382,2,-6,-120
1767175050.1742382,-2,-7,-121
1767175050.1842382,-1,-5,-121
1767175050.1942382,-4,-3,-123
1767175050.2042382,-5,-8,-123
1767175050.2142382,-7,-9,-118
1767175050.2242382,-2,-11,-117
1767175050.234238,-2,-4,-118
1767175050.244238,3,-9,-120
1767175050.254238,3,-14,-118
1767175050.264238,1,-12,-118
1767175050.274238,0,-10,-122
1767175050.284238,0,-10,-123
1767175050.294238,0,-9,-126
1767175050.304238,0,-4,-129
1767175050.314238,0,-7,-126
1767175050.324238,5,-8,-116
1767175050.334238,1,-5,-115
1767175050.344238,4,-4,-118
1767175050.3542385,7,1,-118
1767175050.3642385,6,0,-122
1767175050.3742385,4,0,-121
1767175050.3842382,-1,0,-113
1767175050.3942382,-3,-2,-113
1767175050.4042382,-7,-3,-119
1767175050.4142382,-7,-2,-118
1767175050.4242382,-6,-3,-124
1767175050.4342382,-5,0,-120
1767175050.4442382,-3,0,-119
1767175050.4542382,-3,0,-117
1767175050.4642382,-1,-2,-122
1767175050.4742382,2,-2,-131
1767175050.484238,-3,-3,-129
1767175050.494238,-5,-6,-124
1767175050.504238,-8,-5,-123
1767175050.514238,-5,-2,-121
1767175050.524238,3,-2,-119
1767175050.534238,1,-2,-114
1767175050.544238,0,0,-111
1767175050.554238,-4,-2,-111
1767175050.564238,-2,-2,-114
1767175050.574238,-6,-3,-121
1767175050.584238,-5,-4,-117
1767175050.594238,1,-4,-117
1767175050.6042385,-1,-2,-114
1767175050.6142385,-2,0,-117
1767175050.6242385,1,3,-121
1767175050.6342382,1,-1,-123
1767175050.6442382,3,-5,-119
1767175050.6542382,5,-5,-114
1767175050.6642382,6,-3,-114
1767175050.6742382,7,0,-113
1767175050.6842382,5,4,-117
1767175050.6942382,6,3,-116
1767175050.7042382,2,0,-109
1767175050.7142382,4,-1,-114
1767175050.7242382,1,-2,-120
1767175050.734238,1,0,-117
1767175050.744238,1,0,-116
1767175050.754238,4,-7,-112
1767175050.764238,9,-10,-116
1767175050.774238,3,-8,-111
1767175050.784238,3,-6,-112
1767175050.794238,0,-4,-116
1767175050.804238,1,-3,-115
1767175050.814238,-1,-2,-115
1767175050.824238,-2,0,-119
1767175050.834238,0,0,-125
1767175050.844238,3,4,-121
1767175050.8542385,4,1,-112
1767175050.8642385,1,3,-117
1767175050.8742385,3,5,-107
1767175050.8842382,3,2,-106
1767175050.8942382,0,-2,-110
1767175050.9042382,1,-3,-116
1767175050.9142382,0,0,-121
1767175050.9242382,-1,-2,-122
1767175050.9342382,1,1,-119
1767175050.9442382,-2,3,-120
1767175050.9542382,0,4,-125
1767175050.9642382,0,2,-125
1767175050.9742382,2,2,-124
1767175050.984238,1,1,-130
1767175050.994238,2,0,-125
1767175051.004238,4,1,-122
1767175051.014238,-1,2,-125
1767175051.024238,2,0,-120
1767175051.034238,1,0,-122
1767175051.044238,3,-2,-116
1767175051.054238,1,2,-116
1767175051.064238,3,2,-110
1767175051.074238,0,1,-112
1767175051.084238,-1,1,-110
1767175051.094238,0,0,-120
1767175051.1042385,-6,0,-122
1767175051.1142385,-9,-1,-125
1767175051.1242385,-8,-3,-130
1767175051.1342382,-8,-3,-128
1767175051.1442382,-8,1,-124
1767175051.1542382,-8,1,-118
1767175051.1642382,-7,0,-121
1767175051.1742382,-1,-2,-120
1767175051.1842382,-1,-1,-124
1767175051.1942382,-5,-3,-121
1767175051.2042382,-3,-1,-122
1767175051.2142382,0,1,-126
1767175051.2242382,0,1,-132
1767175051.234238,0,0,-128
1767175051.244238,0,1,-128
1767175051.254238,-1,3,-130
1767175051.264238,4,1,-128
1767175051.274238,3,1,-121
1767175051.284238,2,-3,-119
1767175051.294238,4,-3,-115
1767175051.304238,3,0,-115
1767175051.314238,2,1,-118
1767175051.324238,5,2,-117
1767175051.334238,8,1,-116
1767175051.344238,8,0,-124
1767175051.3542385,5,-5,-131
1767175051.3642385,0,-5,-131
1767175051.3742385,2,-5,-131
1767175051.3842382,-1,-6,-135
1767175051.3942382,-3,-7,-124
1767175051.4042382,-4,-7,-120
1767175051.4142382,-4,-3,-124
1767175051.4242382,-8,-2,-123
1767175051.4342382,-7,-7,-117
1767175051.4442382,-5,-7,-122
1767175051.4542382,1,-4,-123
1767175051.4642382,2,-7,-123
1767175051.4742382,-1,-4,-118
1767175051.484238,0,-2,-122
1767175051.494238,-1,0,-125
1767175051.504238,-5,-3,-122
1767175051.514238,-3,-3,-120
1767175051.524238,-4,-1,-120
1767175051.534238,-4,-3,-110
1767175051.544238,-1,-3,-115
1767175051.554238,6,-2,-114
1767175051.564238,1,-5,-117
1767175051.574238,1,-5,-114
1767175051.584238,1,-3,-117
1767175051.594238,1,-2,-122
1767175051.6042385,-4,-4,-120
1767175051.6142385,-5,-5,-116
1767175051.6242385,-3,-3,-117
1767175051.6342382,-1,2,-124
1767175051.6442382,-3,3,-134
1767175051.6542382,-3,6,-140
1767175051.6642382,1,1,-136
1767175051.6742382,-5,0,-138
1767175051.6842382,0,-2,-137
1767175051.6942382,-4,-7,-135
1767175051.7042382,-4,-7,-134
1767175051.7142382,-3,-6,-131
1767175051.7242382,-4,-4,-123
1767175051.734238,-3,-2,-126
1767175051.744238,-1,4,-122
1767175051.754238,3,4,-120
1767175051.764238,2,1,-126
1767175051.774238,5,1,-126
1767175051.784238,6,-1,-121
1767175051.794238,8,-4,-121
1767175051.804238,3,0,-122
1767175051.814238,2,0,-123
1767175051.824238,1,-3,-118
1767175051.834238,0,0,-119
1767175051.844238,0,3,-118
1767175051.8542385,2,2,-112
1767175051.8642385,5,1,-116
1767175051.8742385,4,3,-120
1767175051.8842382,4,2,-126
1767175051.8942382,0,-3,-123
1767175051.9042382,1,0,-115
1767175051.9142382,1,2,-111
1767175051.9242382,0,3,-113
1767175051.9342382,4,-1,-115
1767175051.9442382,5,-2,-122
1767175051.9542382,3,0,-125
1767175051.9642382,0,1,-122
1767175051.9742382,1,-2,-114
1767175051.984238,-4,-1,-116
1767175051.994238,-5,0,-120
1767175052.004238,-5,-3,-122
1767175052.014238,-4,-5,-120
1767175052.024238,-3,-1,-118
1767175052.034238,-4,-2,-120
1767175052.044238,-1,0,-124
1767175052.054238,3,0,-118
1767175052.064238,2,1,-122
1767175052.074238,0,3,-123
1767175052.084238,-2,5,-122
1767175052.094238,1,3,-128
1767175052.1042385,3,0,-126
1767175052.1142385,7,4,-123
1767175052.1242385,5,5,-121
1767175052.1342382,-1,3,-123
1767175052.1442382,-5,1,-123
1767175052.1542382,-3,1,-122
1767175052.1642382,-2,0,-122
1767175052.1742382,-3,-1,-121
1767175052.1842382,-4,0,-114
1767175052.1942382,-2,-2,-119
1767175052.2042382,-5,0,-118
1767175052.2142382,-5,1,-122
1767175052.2242382,-8,-1,-124
1767175052.234238,-5,-4,-122
1767175052.244238,-6,-2,-117
1767175052.254238,-6,0,-116
1767175052.264238,-1,-1,-119
1767175052.274238,0,-1,-119
1767175052.284238,3,1,-121
1767175052.294238,0,-2,-121
1767175052.304238,0,-5,-121
1767175052.314238,8,-3,-123
1767175052.324238,6,-4,-118
1767175052.334238,5,-2,-120
1767175052.344238,2,-2,-120
1767175052.3542385,2,-3,-122
1767175052.3642385,0,-3,-124
1767175052.3742385,0,-3,-123
1767175052.3842382,3,-2,-123
1767175052.3942382,0,-1,-123
1767175052.4042382,0,-4,-119
1767175052.4142382,4,-7,-125
1767175052.4242382,3,-9,-119
1767175052.4342382,0,-8,-112
1767175052.4442382,2,-6,-116
1767175052.4542382,0,-1,-118
1767175052.4642382,-7,-1,-114
1767175052.4742382,-2,-1,-114
1767175052.484238,0,0,-118
1767175052.494238,0,-4,-121
1767175052.504238,0,-3,-124
1767175052.514238,2,0,-128
1767175052.524238,5,2,-125
1767175052.534238,5,0,-119
1767175052.544238,1,0,-121
1767175052.554238,0,-1,-123
1767175052.564238,2,1,-122
1767175052.574238,0,0,-114
1767175052.584238,0,-1,-116
1767175052.5952382,-3,0,-123
1767175052.6052382,-1,5,-121
1767175052.6152382,-2,6,-117
1767175052.6252382,-2,1,-109
1767175052.6352382,-2,4,-114
1767175052.6452382,-1,0,-115
1767175052.6552382,-2,-1,-115
1767175052.665238,1,-4,-117
1767175052.675238,-2,-5,-118
1767175052.685238,0,-8,-125
1767175052.695238,-2,-4,-126
1767175052.705238,-7,-1,-123
1767175052.715238,-6,-2,-121
1767175052.725238,-3,-1,-115
1767175052.735238,-5,-1,-121
1767175052.745238,-4,-3,-130
1767175052.755238,-2,-3,-132
1767175052.765238,-3,-4,-118
1767175052.775238,-1,-1,-118
1767175052.7852385,0,0,-115
1767175052.7952385,0,3,-118
1767175052.8052382,-1,3,-115
1767175052.8152382,1,5,-120
1767175052.8252382,2,4,-121
1767175052.8352382,0,6,-111
1767175052.8452382,-2,7,-111
1767175052.8552382,1,5,-116
1767175052.8652382,2,7,-115
1767175052.8752382,0,4,-115
1767175052.8852382,2,4,-111
1767175052.8952382,1,3,-106
1767175052.9052382,0,2,-110
1767175052.915238,-1,0,-108
1767175052.925238,0,-3,-114
1767175052.935238,0,-2,-122
1767175052.945238,-1,-1,-128
1767175052.955238,-5,-1,-127
1767175052.965238,-8,-3,-121
1767175052.975238,-3,-6,-120
1767175052.985238,-4,-1,-122
1767175052.995238,-7,0,-129
1767175053.005238,-5,-3,-128
1767175053.015238,-3,-5,-127
1767175053.025238,3,-4,-121
1767175053.0352385,7,1,-114
1767175053.0452385,1,2,-114
1767175053.0552382,1,0,-109
1767175053.0652382,0,1,-110
1767175053.0752382,-3,1,-111
1767175053.0852382,-2,0,-123
1767175053.0952382,-1,-1,-129
1767175053.1052382,0,0,-126
1767175053.1152382,1,0,-123
1767175053.1252382,0,-1,-119
1767175053.1352382,-2,0,-115
1767175053.1452382,-1,-1,-117
1767175053.1552382,0,-2,-116
1767175053.165238,0,-4,-119
1767175053.175238,-1,-4,-118
1767175053.185238,0,-5,-119
1767175053.195238,0,-3,-121
1767175053.205238,0,-1,-122
1767175053.215238,0,-1,-122
1767175053.225238,3,0,-119
1767175053.235238,2,0,-125
1767175053.245238,1,-2,-124
1767175053.255238,-1,-1,-126
1767175053.265238,-1,-3,-122
1767175053.275238,2,-2,-123
1767175053.2852385,0,-6,-127
1767175053.2952385,-3,-4,-125
1767175053.3052382,-8,-4,-121
1767175053.3152382,-6,-2,-123
1767175053.3252382,0,0,-120
1767175053.3352382,3,-1,-121
1767175053.3452382,6,-3,-118
1767175053.3552382,7,-1,-114
1767175053.3652382,9,-6,-114
1767175053.3752382,12,-4,-116
1767175053.3852382,8,-4,-120
1767175053.3952382,5,-1,-121
1767175053.4052382,3,1,-121
1767175053.415238,6,4,-117
1767175053.425238,5,2,-117
1767175053.435238,2,-1,-112
1767175053.445238,-1,0,-108
1767175053.455238,-3,0,-106
1767175053.465238,2,0,-106
1767175053.475238,-1,0,-114
1767175053.485238,1,3,-114
1767175053.495238,0,1,-109
1767175053.505238,-1,0,-108
1767175053.515238,-1,1,-103
1767175053.525238,-2,1,-113
1767175053.5352385,-1,-1,-119
1767175053.5452385,-5,1,-120
1767175053.5552382,-6,2,-122
1767175053.5652382,-6,4,-122
1767175053.5752382,-3,5,-124
1767175053.5852382,0,7,-126
1767175053.5952382,1,8,-128
1767175053.6052382,0,4,-132
1767175053.6152382,-1,0,-133
1767175053.6252382,0,-3,-129
1767175053.6352382,0,-5,-129
1767175053.6452382,-1,-6,-128
1767175053.6552382,6,-5,-128
1767175053.665238,3,-4,-131
1767175053.675238,1,-2,-131
1767175053.685238,-1,-1,-126
1767175053.695238,4,0,-117
1767175053.705238,3,3,-123
1767175053.715238,4,1,-124
1767175053.725238,0,2,-116
1767175053.735238,1,-3,-118
1767175053.745238,0,-5,-119
1767175053.755238,0,-4,-123
1767175053.765238,1,-2,-127
1767175053.775238,2,-1,-121
1767175053.7852385,0,-3,-127
1767175053.7952385,-2,0,-128
1767175053.8052382,-2,0,-126
1767175053.8152382,-5,-1,-113
1767175053.8252382,-3,2,-114
1767175053.8352382,0,0,-119
1767175053.8452382,-2,3,-116
1767175053.8552382,0,2,-123
1767175053.8652382,-4,0,-124
1767175053.8752382,-4,-3,-119
1767175053.8852382,-7,-4,-124
1767175053.8952382,-8,-7,-118
1767175053.9052382,-9,-1,-119
1767175053.915238,3,-2,-122
1767175053.925238,8,0,-123
1767175053.935238,7,0,-119
1767175053.945238,4,-1,-124
1767175053.955238,0,0,-129
1767175053.965238,0,0,-127
1767175053.975238,-5,-2,-129
1767175053.985238,-2,0,-122
1767175053.995238,-4,-2,-120
1767175054.005238,0,0,-115
1767175054.015238,3,0,-114
1767175054.025238,0,0,-113
1767175054.0352385,-5,-2,-118
1767175054.0452385,-3,-4,-123
1767175054.0552382,0,-4,-121
1767175054.0652382,-4,-7,-120
1767175054.0752382,-4,-7,-123
1767175054.0852382,-1,-5,-122
1767175054.0952382,0,-3,-126
1767175054.1052382,-1,0,-133
1767175054.1152382,-1,0,-137
1767175054.1252382,-1,3,-132
1767175054.1352382,-3,2,-134
1767175054.1452382,-3,1,-131
1767175054.1552382,0,-3,-127
1767175054.165238,0,-3,-133
1767175054.175238,-2,-2,-137
1767175054.185238,2,-2,-137
1767175054.195238,5,4,-129
1767175054.205238,8,-1,-128
1767175054.215238,7,0,-124
1767175054.225238,2,1,-124
1767175054.235238,4,4,-122
1767175054.245238,4,7,-119
1767175054.255238,8,4,-121
1767175054.265238,3,0,-123
1767175054.275238,1,2,-121
1767175054.2852385,-2,1,-123
1767175054.2952385,-3,-2,-126
1767175054.3052382,-2,-3,-120
1767175054.3152382,-5,-3,-118
1767175054.3252382,-2,-1,-114
1767175054.3352382,0,0,-111
1767175054.3452382,2,0,-113
1767175054.3552382,5,-1,-114
1767175054.3652382,6,0,-119
1767175054.3752382,2,-1,-118
1767175054.3852382,3,-5,-124
1767175054.3952382,5,-6,-112
1767175054.4052382,9,-8,-113
1767175054.415238,7,-5,-116
1767175054.425238,4,-1,-116
1767175054.435238,0,-1,-112
1767175054.445238,0,-3,-110
1767175054.455238,1,-4,-113
1767175054.465238,-2,0,-108
1767175054.475238,-5,0,-115
1767175054.485238,-6,-1,-115
1767175054.495238,-3,-4,-112
1767175054.505238,-4,-2,-106
1767175054.515238,-6,-1,-110
1767175054.525238,-8,-1,-112
1767175054.5352385,-2,1,-117
1767175054.5452385,-5,0,-115
1767175054.5552382,-9,0,-118
1767175054.5652382,-8,0,-120
1767175054.5752382,-10,-1,-118
1767175054.5852382,-6,-3,-122
1767175054.5952382,-7,0,-124
1767175054.6052382,-8,4,-123
1767175054.6152382,-7,7,-122
1767175054.6252382,-6,8,-119
1767175054.646238,-10,4,-118
1767175054.6552382,-9,4,-124
1767175054.665238,-5,3,-133
1767175054.675238,-2,6,-134
1767175054.685238,-5,3,-129
1767175054.695238,-5,-4,-135
1767175054.705238,0,-5,-143
1767175054.715238,0,-8,-139
1767175054.725238,0,-5,-135
1767175054.735238,-6,-2,-136
1767175054.745238,-5,0,-132
1767175054.755238,-7,0,-126
1767175054.765238,-7,-3,-131
1767175054.775238,-4,-2,-125
1767175054.7852385,0,1,-118
1767175054.7952385,1,2,-118
1767175054.8052382,1,-1,-119
1767175054.8152382,2,-2,-119
1767175054.8252382,0,-4,-114
1767175054.8352382,0,-2,-116
1767175054.8452382,0,-1,-112
1767175054.8552382,0,-2,-111
1767175054.8652382,-1,-1,-114
1767175054.8752382,0,0,-118
1767175054.8852382,0,2,-122
1767175054.8952382,2,0,-121
1767175054.9052382,1,-3,-123
1767175054.915238,0,-6,-118
1767175054.925238,2,-5,-117
1767175054.935238,5,-7,-118
1767175054.945238,2,-8,-114
1767175054.955238,4,-6,-114
1767175054.965238,6,-6,-117
1767175054.975238,4,-8,-121
1767175054.985238,0,-5,-123
1767175054.995238,-4,-5,-114
1767175055.005238,-5,0,-114
1767175055.015238,2,2,-116
1767175055.025238,3,2,-120
1767175055.0352385,6,-2,-123
1767175055.0452385,5,-4,-125
1767175055.0552382,5,-5,-125
1767175055.0652382,2,-5,-128
1767175055.0752382,2,-4,-125
1767175055.0852382,0,-5,-124
1767175055.0952382,-2,-6,-122
1767175055.1052382,-1,-6,-120
1767175055.1152382,2,-4,-115
1767175055.1252382,6,-5,-120
1767175055.1352382,8,-5,-113
1767175055.1452382,3,-3,-111
1767175055.1552382,4,0,-115
1767175055.165238,6,3,-112
1767175055.175238,8,5,-111
1767175055.185238,4,5,-118
1767175055.195238,0,2,-118
1767175055.205238,-2,0,-124
1767175055.2162385,-3,-1,-119
1767175055.225238,0,-4,-121
1767175055.2362382,2,-8,-120
1767175055.245238,3,-11,-113
1767175055.2562382,4,-8,-110
1767175055.265238,7,-5,-113
1767175055.275238,2,-6,-117
1767175055.2862382,2,-6,-119
1767175055.2962382,0,-4,-112
1767175055.3062382,-4,-4,-112
1767175055.3162382,0,-5,-107
1767175055.3262382,0,-4,-108
1767175055.336238,-1,-4,-124
1767175055.346238,0,-6,-126
1767175055.356238,0,-5,-123
1767175055.366238,2,-6,-119
1767175055.376238,6,-7,-114
1767175055.386238,6,-9,-115
1767175055.396238,2,-8,-114
1767175055.406238,3,-6,-114
1767175055.416238,4,-5,-114
1767175055.426238,5,-4,-112
1767175055.436238,-1,-4,-115
1767175055.446238,-2,-4,-115
1767175055.4562385,-3,-2,-114
1767175055.4662385,-2,-4,-112
1767175055.4762385,-1,0,-116
1767175055.4862382,1,1,-119
1767175055.4962382,1,-3,-119
1767175055.5062382,0,-2,-117
1767175055.5162382,-3,-1,-119
1767175055.5262382,-4,-2,-113
1767175055.5362382,-1,-4,-114
1767175055.5462382,0,-4,-114
1767175055.5562382,0,-4,-112
1767175055.5662382,-3,-4,-108
1767175055.5762382,-3,-3,-112
1767175055.586238,0,-2,-111
1767175055.596238,-4,-6,-116
1767175055.606238,-8,-7,-120
1767175055.616238,-9,-7,-123
1767175055.626238,-6,-8,-120
1767175055.636238,-4,-9,-117
1767175055.646238,-2,-10,-116
1767175055.656238,2,-9,-119
1767175055.666238,1,-8,-121
1767175055.676238,2,-11,-118
1767175055.686238,1,-13,-119
1767175055.696238,2,-9,-123
1767175055.7062385,1,-2,-125
1767175055.7162385,5,1,-120
1767175055.7262385,3,-2,-116
1767175055.7362382,0,-6,-119
1767175055.7462382,-2,-5,-115
1767175055.7562382,-2,-4,-115
1767175055.7662382,0,-5,-125
1767175055.7762382,-6,-1,-121
1767175055.7862382,0,-1,-123
1767175055.7962382,-1,-2,-126
1767175055.8062382,-4,-4,-128
1767175055.8162382,-3,-3,-129
1767175055.8262382,-7,-3,-125
1767175055.836238,-2,-6,-127
1767175055.846238,-4,-8,-123
1767175055.856238,-4,-9,-124
1767175055.866238,-3,-11,-123
1767175055.876238,0,-6,-118
1767175055.886238,1,-5,-117
1767175055.896238,0,-3,-116
1767175055.906238,0,-2,-127
1767175055.916238,-3,1,-129
1767175055.926238,-2,3,-122
1767175055.936238,1,-3,-115
1767175055.946238,3,-3,-117
1767175055.9562385,4,-1,-118
1767175055.9662385,8,-1,-120
1767175055.9762385,5,0,-124
1767175055.9862382,6,-2,-128
1767175055.9962382,5,-4,-131
1767175056.0062382,2,-2,-132
1767175056.0162382,1,-4,-132
1767175056.0262382,0,1,-129
1767175056.0362382,1,0,-129
1767175056.0462382,6,-2,-130
1767175056.0562382,8,-1,-125
1767175056.0662382,8,1,-129
1767175056.0762382,5,-3,-126
1767175056.086238,0,-4,-113
1767175056.096238,-2,-4,-109
1767175056.106238,-4,-7,-114
1767175056.116238,-2,-4,-123
1767175056.126238,-1,-3,-120
1767175056.136238,0,-3,-117
1767175056.146238,0,-1,-114
1767175056.156238,0,0,-116
1767175056.166238,3,-1,-120
1767175056.176238,0,0,-125
1767175056.186238,-4,2,-125
1767175056.196238,-5,3,-123
1767175056.2062385,-6,0,-124
1767175056.2162385,0,1,-123
1767175056.2262385,-1,0,-123
1767175056.2362382,-5,1,-124
1767175056.2462382,-6,4,-126
1767175056.2562382,-1,4,-126
1767175056.2662382,-3,0,-128
1767175056.2762382,-5,1,-134
1767175056.2862382,-3,0,-137
1767175056.2962382,-1,-1,-138
1767175056.3062382,3,-1,-138
1767175056.3162382,0,-2,-130
1767175056.3262382,2,-1,-131
1767175056.336238,3,-4,-129
1767175056.346238,0,0,-121
1767175056.356238,0,0,-120
1767175056.366238,0,-3,-121
1767175056.376238,2,-4,-125
1767175056.386238,0,-6,-129
1767175056.396238,4,-7,-125
1767175056.406238,8,-7,-119
1767175056.416238,9,-11,-119
1767175056.426238,6,-11,-121
1767175056.436238,2,-5,-117
1767175056.446238,0,-5,-115
1767175056.4562385,1,-6,-118
1767175056.4662385,0,-4,-121
1767175056.4762385,0,-3,-117
1767175056.4862382,3,-5,-118
1767175056.4962382,0,-2,-115
1767175056.5062382,0,-1,-111
1767175056.5162382,1,0,-119
1767175056.5262382,0,-1,-119
1767175056.5362382,-2,-2,-120
1767175056.5462382,-4,0,-129
1767175056.5562382,2,-1,-126
1767175056.5662382,2,-4,-124
1767175056.5762382,-2,-5,-124
1767175056.586238,-1,-7,-124
1767175056.596238,0,-6,-126
1767175056.606238,-3,-1,-129
1767175056.616238,-3,-5,-134
1767175056.626238,0,-6,-132
1767175056.636238,0,-9,-134
1767175056.646238,2,-9,-126
1767175056.656238,-2,-5,-121
1767175056.666238,-6,-7,-125
1767175056.676238,-4,-6,-121
1767175056.686238,-1,-6,-120
1767175056.696238,-4,-1,-120
1767175056.7062385,-5,-2,-125
1767175056.7162385,-6,-3,-125
1767175056.7262385,-12,-3,-118
1767175056.7362382,-9,0,-119
1767175056.7462382,-8,-6,-127
1767175056.7562382,-10,-2,-131
1767175056.7662382,-7,0,-126
1767175056.7762382,-7,-5,-122
1767175056.7862382,-3,-3,-121
1767175056.7962382,-6,-2,-124
1767175056.8062382,-6,0,-119
1767175056.8162382,-1,0,-118
1767175056.8262382,5,-1,-119
1767175056.836238,2,-2,-119
1767175056.846238,1,-2,-117
1767175056.856238,10,0,-118
1767175056.866238,10,-1,-114
1767175056.876238,6,0,-114
1767175056.886238,4,1,-117
1767175056.896238,1,-1,-115
1767175056.906238,1,0,-117
1767175056.916238,2,1,-120
1767175056.926238,2,2,-111
1767175056.936238,1,5,-113
1767175056.946238,2,2,-120
1767175056.9562385,3,2,-122
1767175056.9662385,1,0,-127
1767175056.9762385,-2,-5,-126
1767175056.9862382,-3,-8,-124
1767175056.9962382,0,-4,-125
1767175057.0062382,0,-3,-125
1767175057.0162382,0,-1,-119
1767175057.0262382,0,-2,-119
1767175057.0362382,0,-5,-122
1767175057.0462382,-1,-3,-119
1767175057.0562382,-2,-1,-113
1767175057.0662382,2,0,-112
1767175057.0762382,2,0,-114
1767175057.086238,2,1,-109
1767175057.096238,-1,-2,-119
1767175057.106238,-4,-3,-121
1767175057.116238,-8,-4,-128
1767175057.126238,-5,-3,-127
1767175057.136238,-4,-4,-125
1767175057.146238,-4,-4,-125
1767175057.156238,-1,-5,-128
1767175057.166238,-1,-5,-130
1767175057.176238,-3,0,-129
1767175057.186238,-5,2,-128
1767175057.196238,-3,5,-128
1767175057.2062385,-1,10,-128
1767175057.2162385,-5,8,-126
1767175057.2262385,-6,2,-123
1767175057.2362382,-6,2,-127
1767175057.2462382,-3,3,-125
1767175057.2562382,2,0,-119
1767175057.2662382,2,-2,-115
1767175057.2762382,3,-3,-115
1767175057.2862382,1,1,-115
1767175057.2962382,2,4,-121
1767175057.3062382,0,4,-122
1767175057.3162382,1,5,-123
1767175057.3262382,-1,-2,-125
1767175057.336238,0,-4,-126
1767175057.346238,6,-1,-131
1767175057.356238,2,1,-131
1767175057.366238,4,0,-128
1767175057.376238,3,0,-123
1767175057.386238,-1,-2,-121
1767175057.396238,-2,-3,-122
1767175057.406238,0,0,-122
1767175057.416238,2,0,-121
1767175057.426238,1,0,-125
1767175057.436238,3,-1,-127
1767175057.446238,3,-4,-123
1767175057.4562385,3,-5,-132
1767175057.4662385,3,-4,-121
1767175057.4762385,4,-1,-116
1767175057.4862382,2,-1,-115
1767175057.4962382,-2,-1,-118
1767175057.5062382,-7,-5,-118
1767175057.5162382,-2,-3,-123
1767175057.5262382,2,0,-128
1767175057.5362382,0,0,-128
1767175057.5462382,-1,0,-129
1767175057.5562382,2,0,-122
1767175057.5662382,0,0,-122
1767175057.5762382,-4,1,-121
1767175057.586238,-2,1,-112
1767175057.596238,-3,2,-119
1767175057.606238,-1,4,-115
1767175057.616238,-1,1,-114
1767175057.626238,-2,-2,-117
1767175057.636238,0,-1,-121
1767175057.646238,1,0,-126
1767175057.656238,6,0,-127
1767175057.666238,5,-1,-124
1767175057.676238,7,-3,-125
1767175057.686238,8,-2,-127
1767175057.696238,0,-4,-127
1767175057.7062385,2,-3,-118
1767175057.7162385,5,-2,-112
1767175057.7262385,4,-3,-107
1767175057.7362382,4,-1,-114
1767175057.7462382,2,-3,-114
1767175057.7562382,4,0,-116
1767175057.7662382,0,0,-117
1767175057.7762382,5,-2,-111
1767175057.7862382,6,-1,-114
1767175057.7962382,2,0,-118
1767175057.8062382,2,0,-119
1767175057.8162382,7,2,-115
1767175057.8262382,8,0,-113
1767175057.836238,6,0,-114
1767175057.846238,2,2,-119
1767175057.856238,0,0,-124
1767175057.866238,-1,-1,-121
1767175057.877238,-4,0,-124
1767175057.886238,-3,0,-121
1767175057.8972385,-1,-1,-121
1767175057.906238,0,-1,-125
1767175057.9172382,1,0,-125
1767175057.926238,4,-2,-126
1767175057.9372382,0,-6,-128
1767175057.9472382,-1,-5,-131
1767175057.9572382,2,1,-131
1767175057.9672382,3,-3,-132
1767175057.9772382,5,-5,-131
1767175057.9872382,4,-4,-130
1767175057.9972382,3,-2,-126
1767175058.007238,0,0,-115
1767175058.017238,1,-1,-118
1767175058.027238,5,0,-130
1767175058.037238,3,4,-131
1767175058.047238,-4,-1,-125
1767175058.057238,-5,-2,-120
1767175058.067238,0,-3,-128
1767175058.077238,-3,-4,-131
1767175058.087238,-1,0,-126
1767175058.097238,0,-1,-126
1767175058.107238,-1,-4,-120
1767175058.117238,1,0,-120
1767175058.127238,-2,-1,-117
1767175058.1372385,1,-4,-116
1767175058.1472385,4,-2,-122
1767175058.1572382,5,-4,-118
1767175058.1672382,3,-4,-112
1767175058.1772382,1,-6,-113
1767175058.1872382,0,-6,-112
1767175058.1972382,2,0,-114
1767175058.2072382,0,-1,-113
1767175058.2172382,3,-4,-116
1767175058.2272382,0,-6,-109
1767175058.2372382,-1,-5,-107
1767175058.2472382,3,0,-114
1767175058.257238,0,4,-110
1767175058.267238,0,5,-113
1767175058.277238,1,5,-107
1767175058.287238,1,6,-110
1767175058.297238,0,3,-115
1767175058.307238,2,4,-120
1767175058.317238,0,5,-118
1767175058.327238,-3,-2,-118
1767175058.337238,-3,-4,-121
1767175058.347238,-2,-5,-125
1767175058.357238,0,-5,-122
1767175058.367238,-1,-6,-123
1767175058.377238,0,-4,-120
1767175058.3872385,3,-2,-121
1767175058.3972385,2,-6,-117
1767175058.4072382,3,-5,-116
1767175058.4172382,6,-2,-119
1767175058.4272382,3,-1,-120
1767175058.4372382,2,-1,-130
1767175058.4472382,2,0,-131
1767175058.4572382,1,-2,-132
1767175058.4672382,-1,-3,-126
1767175058.4772382,-3,-4,-128
1767175058.4872382,-6,-1,-127
1767175058.4972382,-2,-1,-127
1767175058.507238,-1,-6,-131
1767175058.517238,2,-9,-119
1767175058.527238,0,-8,-120
1767175058.537238,0,-5,-120
1767175058.547238,0,-5,-122
1767175058.557238,-2,-6,-126
1767175058.567238,1,-4,-123
1767175058.577238,0,-6,-120
1767175058.587238,2,-10,-118
1767175058.597238,7,-7,-124
1767175058.607238,6,-7,-123
1767175058.617238,1,-7,-124
1767175058.627238,3,-1,-127
1767175058.6372385,0,-2,-123
1767175058.6472385,-3,-2,-120
1767175058.6572382,-3,-2,-114
1767175058.6672382,3,-3,-120
1767175058.6772382,1,-4,-117
1767175058.6872382,-2,-2,-117
1767175058.6972382,-1,-4,-120
1767175058.7072382,-3,-2,-121
1767175058.7172382,-9,0,-118
1767175058.7272382,-14,1,-109
1767175058.7372382,-11,-1,-111
1767175058.7472382,-8,-1,-117
1767175058.757238,-7,-2,-120
1767175058.767238,-5,-3,-122
1767175058.777238,-2,-4,-119
1767175058.787238,2,-3,-118
1767175058.797238,2,-4,-121
1767175058.807238,3,-1,-128
1767175058.817238,5,0,-127
1767175058.827238,0,1,-133
1767175058.837238,4,1,-138
1767175058.847238,0,0,-139
1767175058.857238,-3,-2,-138
1767175058.867238,-6,-4,-135
1767175058.877238,-5,-3,-135
1767175058.8872385,-9,-4,-132
1767175058.8972385,-11,0,-125
1767175058.9072382,-11,0,-126
1767175058.9172382,-6,2,-121
1767175058.9272382,-6,1,-121
1767175058.9372382,-1,2,-122
1767175058.9472382,-4,2,-121
1767175058.9572382,-6,4,-124
1767175058.9672382,-6,0,-116
1767175058.9772382,-9,7,-119
1767175058.9872382,-10,6,-114
1767175058.9972382,-9,2,-108
1767175059.007238,-8,0,-105
1767175059.017238,-5,2,-112
1767175059.027238,-2,-4,-119
1767175059.037238,0,-6,-114
1767175059.047238,2,-7,-115
1767175059.057238,0,-10,-115
1767175059.067238,0,-10,-113
1767175059.077238,1,-4,-116
1767175059.087238,-3,0,-114
1767175059.097238,-6,0,-116
1767175059.107238,-4,-3,-117
1767175059.117238,-2,-4,-117
1767175059.127238,-5,-7,-120
1767175059.1372385,-2,-8,-111
1767175059.1472385,-7,-9,-117
1767175059.1572382,-3,-10,-124
1767175059.1672382,-4,-12,-124
1767175059.1772382,-7,-9,-122
1767175059.1872382,-3,-8,-124
1767175059.1972382,1,-10,-128
1767175059.2072382,0,-11,-125
1767175059.2172382,-5,-11,-124
1767175059.2272382,-7,-7,-122
1767175059.2372382,-10,-4,-128
1767175059.2472382,-7,-5,-125
1767175059.257238,-7,-7,-121
1767175059.267238,-6,-1,-116
1767175059.277238,-5,0,-114
1767175059.287238,-2,-1,-111
1767175059.297238,-1,-4,-115
1767175059.307238,-3,-3,-117
1767175059.317238,-8,-5,-114
1767175059.327238,-4,-3,-119
1767175059.337238,-4,-4,-123
1767175059.347238,-3,-4,-125
1767175059.357238,-1,-3,-124
1767175059.367238,0,-5,-120
1767175059.377238,0,-2,-117
1767175059.3872385,-2,-1,-115
1767175059.3972385,-6,-2,-114
1767175059.4072382,0,0,-115
1767175059.4172382,1,1,-118
1767175059.4272382,4,-4,-113
1767175059.4372382,3,-1,-114
1767175059.4472382,-3,0,-120
1767175059.4572382,-1,0,-123
1767175059.4672382,-1,5,-121
1767175059.4772382,-3,6,-122
1767175059.4872382,-1,5,-123
1767175059.4972382,1,4,-118
1767175059.508238,2,6,-112
1767175059.517238,2,0,-110
1767175059.527238,5,0,-111
1767175059.537238,3,0,-112
1767175059.547238,3,-1,-117
1767175059.557238,7,-3,-118
1767175059.567238,5,-3,-120
1767175059.577238,3,-1,-120
1767175059.587238,0,1,-117
1767175059.597238,0,-4,-119
1767175059.607238,3,-6,-121
1767175059.617238,-1,-1,-121
1767175059.627238,0,0,-120
1767175059.6372385,2,5,-121
1767175059.659238,7,4,-118
1767175059.6672382,3,0,-110
1767175059.6772382,2,0,-112
1767175059.6872382,-1,-3,-116
1767175059.6972382,2,-1,-118
1767175059.7072382,5,-2,-116
1767175059.7172382,5,-1,-117
1767175059.7272382,8,-7,-117
1767175059.7372382,7,-9,-118
1767175059.7472382,2,-12,-116
1767175059.757238,1,-15,-115
1767175059.767238,-3,-10,-115
1767175059.777238,-9,-7,-118
1767175059.787238,-11,-5,-117
1767175059.797238,-7,-4,-112
1767175059.807238,-4,-9,-115
1767175059.817238,-8,-9,-121
1767175059.827238,-4,-5,-123
1767175059.837238,-3,0,-128
1767175059.847238,-2,-1,-131
1767175059.857238,0,1,-129
1767175059.867238,-5,0,-129
1767175059.877238,-2,3,-127
1767175059.8872385,0,5,-124
1767175059.8972385,4,1,-121
1767175059.9072382,4,3,-125
1767175059.9172382,4,4,-123
1767175059.9272382,0,5,-122
1767175059.9372382,-3,5,-127
1767175059.9472382,-5,6,-123
1767175059.9572382,-7,8,-128
1767175059.9672382,-1,10,-122
1767175059.9772382,2,8,-122
1767175059.9872382,1,4,-122
1767175059.9972382,1,2,-125
1767175060.007238,2,6,-129
1767175060.017238,3,4,-133
1767175060.027238,2,3,-129
1767175060.037238,1,-1,-131
1767175060.047238,0,0,-132
1767175060.057238,1,0,-127
1767175060.067238,0,-2,-123
1767175060.077238,4,0,-122
1767175060.087238,3,0,-114
1767175060.097238,3,-3,-117
1767175060.107238,0,-3,-120
1767175060.117238,2,-2,-119
1767175060.127238,0,-2,-120
1767175060.1372385,0,-10,-122
1767175060.1472385,0,-9,-121
1767175060.1572382,-4,-4,-121
1767175060.1672382,-9,-3,-119
1767175060.1772382,-7,-8,-120
1767175060.1872382,-6,-9,-119
1767175060.1972382,-5,-3,-115
1767175060.2072382,-3,-9,-108
1767175060.2172382,-5,-4,-117
1767175060.2272382,-5,-6,-110
1767175060.2372382,-5,-9,-117
1767175060.2472382,-3,-6,-116
1767175060.257238,-4,-4,-122
1767175060.267238,-7,-2,-130
1767175060.277238,-9,-2,-130
1767175060.287238,-9,-5,-136
1767175060.297238,-7,-3,-135
1767175060.307238,-7,-6,-129
1767175060.317238,-3,-9,-121
1767175060.327238,0,-6,-123
1767175060.337238,-3,-8,-121
1767175060.347238,-9,-8,-117
1767175060.357238,-12,-9,-118
1767175060.367238,-14,-8,-118
1767175060.377238,-10,-6,-123
1767175060.3872385,-9,0,-125
1767175060.3972385,-8,0,-123
1767175060.4072382,-6,1,-123
1767175060.4172382,-4,0,-120
1767175060.4272382,-4,-2,-123
1767175060.4372382,0,1,-125
1767175060.4472382,-1,1,-123
1767175060.4572382,2,-2,-116
1767175060.4672382,2,-1,-113
1767175060.4772382,1,-2,-108
1767175060.4872382,5,0,-109
1767175060.4972382,1,-2,-119
1767175060.507238,0,0,-126
1767175060.517238,-1,-1,-125
1767175060.527238,-3,0,-129
1767175060.537238,0,1,-127
1767175060.547238,1,1,-127
1767175060.557238,2,-3,-123
1767175060.567238,0,-5,-117
1767175060.5782382,-1,-5,-114
1767175060.587238,3,-4,-117
1767175060.5982382,2,-5,-116
1767175060.6082382,0,-4,-111
1767175060.6182382,0,0,-114
1767175060.6282382,-5,-1,-118
1767175060.6382382,-5,1,-113
1767175060.6482382,-6,0,-113
1767175060.6582382,-2,0,-118
1767175060.6682382,-2,2,-124
1767175060.6782382,0,4,-120
1767175060.688238,2,0,-116
1767175060.698238,3,-2,-119
1767175060.708238,3,-7,-113
1767175060.718238,1,-10,-118
1767175060.728238,0,-11,-123
1767175060.738238,-2,-8,-124
1767175060.748238,-4,-5,-128
1767175060.758238,-3,-3,-133
1767175060.768238,-4,-5,-129
1767175060.778238,-1,-4,-127
1767175060.788238,1,1,-123
1767175060.798238,5,2,-127
1767175060.8082385,6,1,-123
1767175060.8182385,5,1,-122
1767175060.8282382,1,2,-118
1767175060.8382382,-2,9,-124
1767175060.8482382,-10,5,-123
1767175060.8582382,-8,5,-127
1767175060.8682382,-9,1,-133
1767175060.8782382,-7,0,-129
1767175060.8882382,-10,0,-124
1767175060.8982382,-11,0,-122
1767175060.9082382,-10,-1,-123
1767175060.9182382,-11,2,-116
1767175060.9282382,-6,-2,-118
1767175060.938238,-5,-3,-117
1767175060.948238,-7,-3,-113
1767175060.958238,-11,-3,-118
1767175060.968238,-8,-2,-121
1767175060.978238,-2,-4,-118
1767175060.988238,1,-3,-112
1767175060.998238,-4,-3,-120
1767175061.008238,-2,-4,-125
1767175061.018238,-5,-4,-121
1767175061.028238,-3,-1,-121
1767175061.038238,-4,2,-124
1767175061.048238,-1,1,-124
1767175061.0582385,-4,-3,-129
1767175061.0682385,-7,-2,-127
1767175061.0782382,-9,0,-122
1767175061.0882382,-4,0,-124
1767175061.0982382,-6,-2,-128
1767175061.1082382,0,-7,-126
1767175061.1182382,-1,-7,-129
1767175061.1282382,-5,-3,-126
1767175061.1382382,-3,-3,-125
1767175061.1482382,-7,-2,-123
1767175061.1582382,-2,-1,-125
1767175061.1682382,-1,-3,-124
1767175061.1782382,-2,-2,-114
1767175061.188238,-4,0,-113
1767175061.198238,-5,1,-116
1767175061.208238,0,2,-123
1767175061.218238,0,3,-121
1767175061.228238,1,1,-123
1767175061.238238,0,-1,-122
1767175061.248238,-1,-4,-122
1767175061.258238,0,-3,-128
1767175061.268238,0,-7,-130
1767175061.278238,4,-3,-127
1767175061.288238,0,-3,-122
1767175061.298238,0,-12,-124
1767175061.3082385,-4,-8,-126
1767175061.3182385,-8,-1,-127
1767175061.3282382,-8,-4,-124
1767175061.3382382,-9,-2,-122
1767175061.3482382,-9,-4,-122
1767175061.3582382,-3,-5,-122
1767175061.3682382,-5,-7,-124
1767175061.3782382,0,-6,-133
1767175061.3882382,-2,-9,-130
1767175061.3982382,-1,-8,-131
1767175061.4082382,1,-9,-125
1767175061.4182382,0,-11,-124
1767175061.4282382,1,-9,-124
1767175061.438238,2,-5,-120
1767175061.448238,6,-5,-128
1767175061.458238,6,-3,-128
1767175061.468238,7,2,-131
1767175061.478238,4,0,-135
1767175061.488238,2,-3,-134
1767175061.498238,1,-4,-137
1767175061.508238,3,-5,-127
1767175061.518238,-2,-4,-129
1767175061.528238,-1,-3,-128
1767175061.538238,-3,-6,-129
1767175061.548238,1,-8,-131
1767175061.5582385,-1,-7,-129
1767175061.5682385,2,-5,-129
1767175061.5782382,1,-5,-123
1767175061.5882382,2,0,-124
1767175061.5982382,2,0,-129
1767175061.6082382,1,0,-124
1767175061.6182382,0,-2,-126
1767175061.6282382,1,1,-129
1767175061.6382382,0,5,-121
1767175061.6482382,0,5,-120
1767175061.6582382,3,2,-117
1767175061.6682382,2,1,-124
1767175061.6782382,4,-1,-121
1767175061.688238,1,3,-124
1767175061.698238,1,0,-122
1767175061.708238,0,-2,-122
1767175061.718238,0,-3,-126
1767175061.728238,0,-2,-122
1767175061.738238,1,2,-123
1767175061.748238,5,2,-116
1767175061.758238,3,-1,-117
1767175061.768238,2,-1,-112
1767175061.778238,0,-5,-108
1767175061.788238,-2,-2,-106
1767175061.798238,-6,-2,-114
1767175061.8082385,-9,-3,-117
1767175061.8182385,-6,0,-117
1767175061.8282382,-5,2,-118
1767175061.8382382,-1,0,-119
1767175061.8482382,2,-3,-123
1767175061.8582382,4,-5,-118
1767175061.8682382,8,-5,-114
1767175061.8782382,6,-4,-118
1767175061.8882382,3,-6,-118
1767175061.8982382,2,-4,-116
1767175061.9082382,3,-4,-124
1767175061.9182382,5,-1,-123
1767175061.9282382,9,0,-125
1767175061.938238,4,0,-117
1767175061.948238,2,0,-116
1767175061.958238,4,-1,-114
1767175061.968238,6,0,-111
1767175061.978238,9,0,-120
1767175061.988238,6,-1,-125
1767175061.998238,4,1,-126
1767175062.008238,3,2,-127
1767175062.018238,-2,-1,-124
1767175062.028238,0,-3,-123
1767175062.038238,0,0,-117
1767175062.048238,0,1,-120
1767175062.0582385,0,0,-113
1767175062.0682385,1,0,-109
1767175062.0782382,1,-1,-107
1767175062.0882382,4,-5,-111
1767175062.0982382,4,-9,-124
1767175062.1082382,2,-9,-125
1767175062.1182382,3,-7,-119
1767175062.1282382,1,-4,-117
1767175062.1382382,-3,-3,-124
1767175062.1482382,-2,-7,-127
1767175062.1582382,-1,-8,-128
1767175062.1682382,-2,-11,-126
1767175062.1782382,0,-12,-123
1767175062.188238,2,-9,-126
1767175062.198238,1,-9,-122
1767175062.208238,1,-6,-118
1767175062.218238,0,-1,-118
1767175062.228238,0,-4,-117
1767175062.238238,-2,-4,-124
1767175062.248238,-6,-4,-130
1767175062.258238,-3,-3,-127
1767175062.268238,-5,1,-128
1767175062.278238,-3,2,-128
1767175062.288238,-4,2,-132
1767175062.298238,-6,3,-131
1767175062.3082385,-4,0,-135
1767175062.3182385,-1,-1,-135
1767175062.3282382,0,-2,-131
1767175062.3382382,-3,0,-133
1767175062.3482382,-6,0,-133
1767175062.3582382,-1,0,-129
1767175062.3682382,0,-2,-119
1767175062.3782382,0,0,-113
1767175062.3882382,4,1,-111
1767175062.3982382,4,-2,-118
1767175062.4082382,4,-3,-116
1767175062.4182382,2,-6,-115
1767175062.4282382,1,-7,-112
1767175062.438238,0,-8,-109
1767175062.448238,1,-1,-117
1767175062.458238,7,0,-125
1767175062.468238,3,0,-126
1767175062.478238,2,1,-125
1767175062.488238,4,2,-124
1767175062.498238,2,3,-122
1767175062.508238,6,0,-126
1767175062.518238,3,1,-125
1767175062.528238,4,0,-125
1767175062.538238,7,1,-124
1767175062.548238,6,1,-123
1767175062.5582385,4,-2,-123
1767175062.5682385,4,-3,-126
1767175062.5782382,4,-3,-120
1767175062.5882382,0,-2,-121
1767175062.5982382,-1,2,-130
1767175062.6082382,-2,1,-130
1767175062.6182382,-2,1,-128
1767175062.6282382,-2,-1,-126
1767175062.6382382,-8,0,-132
1767175062.6482382,-5,2,-133
1767175062.6582382,-5,0,-132
1767175062.6682382,-1,0,-132
1767175062.6782382,-6,1,-130
1767175062.688238,-7,2,-125
1767175062.698238,-7,3,-122
1767175062.708238,0,0,-118
1767175062.718238,-4,1,-121
1767175062.728238,-4,3,-123
1767175062.738238,-5,0,-123
1767175062.748238,-7,0,-127
1767175062.758238,-9,0,-123
1767175062.768238,-10,1,-122
1767175062.778238,-11,-2,-128
1767175062.788238,-8,0,-128
1767175062.798238,-4,0,-127
1767175062.8082385,0,-1,-128
1767175062.8182385,3,1,-126
1767175062.8282382,1,0,-122
1767175062.8382382,0,-1,-120
1767175062.8482382,1,-3,-113
1767175062.8582382,3,-1,-111
1767175062.8682382,5,-2,-112
1767175062.8782382,6,0,-120
1767175062.8882382,2,-3,-121
1767175062.8982382,4,-5,-121
1767175062.9082382,6,0,-123
1767175062.9182382,7,0,-121
1767175062.9282382,3,5,-126
1767175062.938238,3,0,-122
1767175062.948238,1,-2,-120
1767175062.958238,1,0,-124
1767175062.968238,2,-2,-128
1767175062.978238,0,0,-133
1767175062.988238,-4,2,-137
1767175062.998238,-7,2,-135
1767175063.008238,-3,2,-132
1767175063.018238,2,2,-128
1767175063.028238,4,0,-123
1767175063.038238,4,2,-120
1767175063.048238,5,1,-120
1767175063.0582385,0,2,-111
1767175063.0682385,1,-2,-113
1767175063.0782382,6,-4,-117
1767175063.0882382,6,-4,-126
1767175063.0982382,3,-7,-131
1767175063.1082382,0,-10,-127
1767175063.1182382,-4,-10,-123
1767175063.1282382,-3,-8,-122
1767175063.1382382,-3,-7,-118
1767175063.1482382,0,-5,-120
1767175063.1582382,1,-4,-124
1767175063.1682382,5,-6,-124
1767175063.1782382,5,-8,-126
1767175063.188238,3,-10,-128
1767175063.199238,4,-9,-132
1767175063.208238,1,-5,-132
1767175063.219238,5,-7,-127
1767175063.2292385,6,-6,-124
1767175063.238238,3,-3,-124
1767175063.2492385,0,-6,-118
1767175063.2592382,0,-6,-122
1767175063.2692382,-3,-2,-126
1767175063.2792382,-3,-4,-125
1767175063.2892382,0,-3,-126
1767175063.2992382,-3,-6,-123
1767175063.3092382,-3,-8,-121
1767175063.3192382,0,-12,-114
1767175063.3292382,3,-12,-111
1767175063.3392382,1,-12,-107
1767175063.3492382,2,-12,-109
1767175063.359238,1,-11,-111
1767175063.369238,3,-5,-114
1767175063.379238,-1,-1,-116
1767175063.389238,3,-1,-119
1767175063.399238,0,-3,-120
1767175063.409238,-2,-4,-120
1767175063.419238,-1,-1,-121
1767175063.429238,0,1,-119
1767175063.439238,3,3,-125
1767175063.449238,3,6,-125
1767175063.459238,1,5,-116
1767175063.469238,3,5,-116
1767175063.4792385,0,5,-115
1767175063.4892385,-5,5,-117
1767175063.4992385,0,7,-116
1767175063.5092382,0,8,-113
1767175063.5192382,0,6,-118
1767175063.5292382,0,4,-121
1767175063.5392382,0,7,-124
1767175063.5492382,6,6,-123
1767175063.5592382,7,3,-129
1767175063.5692382,0,0,-125
1767175063.5792382,1,-1,-133
1767175063.5892382,-1,-3,-135
1767175063.5992382,1,0,-139
1767175063.609238,0,0,-141
1767175063.619238,-2,2,-139
1767175063.629238,-5,2,-128
1767175063.639238,-5,3,-122
1767175063.649238,-4,0,-115
1767175063.659238,-6,1,-123
1767175063.669238,-2,-2,-126
1767175063.679238,0,-4,-125
1767175063.689238,-8,-3,-120
1767175063.699238,-7,1,-119
1767175063.709238,-3,0,-118
1767175063.719238,-3,-1,-120
1767175063.7292385,0,-3,-120
1767175063.7392385,1,0,-121
1767175063.7492385,4,-4,-118
1767175063.7592382,2,-5,-113
1767175063.7692382,0,-5,-110
1767175063.7792382,0,-2,-114
1767175063.7892382,-2,-1,-121
1767175063.7992382,-3,1,-114
1767175063.8092382,-5,2,-107
1767175063.8192382,-4,0,-109
1767175063.8292382,-2,0,-115
1767175063.8392382,1,-3,-121
1767175063.8492382,0,-2,-123
1767175063.859238,3,-1,-125
1767175063.869238,4,-2,-120
1767175063.879238,0,-2,-114
1767175063.889238,-1,-4,-123
1767175063.899238,0,-2,-120
1767175063.909238,0,-2,-124
1767175063.919238,0,0,-122
1767175063.929238,-3,1,-123
1767175063.939238,0,0,-118
1767175063.949238,0,-2,-116
1767175063.959238,4,-2,-111
1767175063.969238,2,-1,-117
1767175063.9792385,4,-1,-110
1767175063.9892385,1,-1,-112
1767175063.9992385,1,-3,-120
1767175064.0092382,-1,-4,-125
1767175064.0192382,2,-3,-122
1767175064.0292382,-4,-2,-117
1767175064.0392382,-10,-1,-116
1767175064.0492382,-11,-3,-118
1767175064.0592382,-7,0,-121
1767175064.0692382,-5,-3,-118
1767175064.0792382,-5,0,-114
1767175064.0892382,-1,0,-113
1767175064.0992382,-4,-3,-117
1767175064.109238,-2,-1,-113
1767175064.119238,0,-1,-119
1767175064.129238,1,0,-114
1767175064.139238,1,-1,-115
1767175064.149238,-1,1,-118
1767175064.159238,0,1,-123
1767175064.169238,1,0,-128
1767175064.179238,-3,-3,-124
1767175064.189238,-4,-8,-128
1767175064.199238,-2,-5,-137
1767175064.209238,-1,-5,-133
1767175064.219238,-2,0,-130
1767175064.2292385,0,-1,-123
1767175064.2392385,-4,-3,-120
1767175064.2492385,-3,-3,-120
1767175064.2592382,-5,-3,-121
1767175064.2692382,-1,-2,-119
1767175064.2792382,0,2,-118
1767175064.2892382,1,-2,-117
1767175064.2992382,3,0,-115
1767175064.3092382,0,-4,-117
1767175064.3192382,0,0,-119
1767175064.3292382,0,0,-119
1767175064.3392382,2,-1,-121
1767175064.3492382,3,-1,-125
1767175064.359238,0,-2,-122
1767175064.369238,1,-2,-123
1767175064.379238,-1,-4,-123
1767175064.389238,0,-3,-124
1767175064.399238,5,-7,-122
1767175064.409238,8,-7,-126
1767175064.419238,9,-1,-122
1767175064.429238,7,-3,-124
1767175064.439238,8,-2,-126
1767175064.449238,8,-3,-127
1767175064.459238,4,-2,-124
1767175064.469238,1,-2,-126
1767175064.4792385,0,-1,-128
1767175064.4892385,0,-1,-125
1767175064.4992385,-1,0,-119
1767175064.5092382,0,1,-113
1767175064.5192382,-4,0,-111
1767175064.5292382,-1,-1,-111
1767175064.5392382,0,-2,-116
1767175064.5492382,2,-5,-114
1767175064.5592382,-1,-9,-114
1767175064.5692382,0,-10,-113
1767175064.5792382,0,-9,-117
1767175064.5892382,-2,-7,-115
1767175064.5992382,0,-6,-118
1767175064.609238,3,-7,-123
1767175064.619238,6,-5,-123
1767175064.629238,4,-3,-121
1767175064.639238,-2,-3,-118
1767175064.649238,-4,-4,-115
1767175064.6702385,-4,-2,-110
1767175064.679238,-2,-1,-112
1767175064.689238,5,0,-108
1767175064.699238,4,3,-110
1767175064.709238,2,3,-106
1767175064.719238,0,1,-120
1767175064.7292385,-3,0,-119
1767175064.7392385,0,1,-110
1767175064.7492385,0,6,-109
1767175064.7592382,-5,6,-111
1767175064.7692382,-2,4,-119
1767175064.7792382,-4,3,-120
1767175064.7892382,-4,4,-126
1767175064.7992382,-6,0,-127
1767175064.8092382,-7,0,-129
1767175064.8192382,-3,-2,-127
1767175064.8292382,-5,1,-118
1767175064.8392382,-5,0,-119
1767175064.8492382,-5,1,-118
1767175064.859238,-7,0,-116
1767175064.869238,-2,-6,-113
1767175064.879238,-2,-6,-112
1767175064.889238,1,-1,-111
1767175064.899238,0,-1,-110
1767175064.909238,-4,0,-111
1767175064.919238,-4,-1,-113
1767175064.929238,-10,0,-115
1767175064.939238,-5,3,-112
1767175064.949238,4,3,-117
1767175064.959238,1,0,-120
1767175064.969238,5,0,-116
1767175064.9792385,4,-3,-119
1767175064.9892385,1,-4,-122
1767175064.9992385,-1,-5,-123
1767175065.0092382,1,-1,-122
1767175065.0192382,2,0,-120
1767175065.0292382,3,4,-117
1767175065.0392382,5,-1,-120
1767175065.0492382,1,1,-120
1767175065.0592382,-3,1,-121
1767175065.0692382,-6,0,-116
1767175065.0792382,-3,-2,-116
1767175065.0892382,-3,-1,-118
1767175065.0992382,0,1,-108
1767175065.109238,-3,-1,-113
1767175065.119238,-8,0,-114
1767175065.129238,-3,0,-116
1767175065.139238,-1,0,-120
1767175065.149238,-1,-1,-115
1767175065.159238,-3,-4,-114
1767175065.169238,-1,-6,-115
1767175065.179238,-5,-7,-115
1767175065.189238,-1,-7,-117
1767175065.199238,-3,-7,-116
1767175065.209238,-4,-7,-114
1767175065.219238,-3,-3,-107
1767175065.2292385,0,-2,-106
1767175065.2392385,3,-6,-109
1767175065.2492385,7,-6,-103
1767175065.2592382,3,0,-105
1767175065.2692382,2,1,-110
1767175065.2792382,0,2,-111
1767175065.2892382,0,1,-116
1767175065.2992382,1,0,-113
1767175065.3092382,1,-3,-112
1767175065.3192382,2,-4,-117
1767175065.3292382,1,-7,-111
1767175065.3392382,2,-6,-114
1767175065.3492382,0,-2,-120
1767175065.359238,-2,-1,-125
1767175065.369238,-6,0,-127
1767175065.379238,-6,3,-126
1767175065.389238,-4,6,-122
1767175065.399238,-6,6,-120
1767175065.409238,-9,4,-126
1767175065.419238,-9,4,-132
1767175065.429238,-6,1,-135
1767175065.439238,0,2,-132
1767175065.449238,0,3,-136
1767175065.459238,-1,4,-133
1767175065.469238,-2,3,-129
1767175065.4792385,1,5,-119
1767175065.4892385,0,4,-118
1767175065.4992385,-3,0,-116
1767175065.5092382,-3,-5,-113
1767175065.5192382,-2,-5,-113
1767175065.5292382,-2,-5,-118
1767175065.5392382,-5,-1,-123
1767175065.5492382,-4,0,-124
1767175065.5592382,-2,0,-116
1767175065.5692382,0,-4,-118
1767175065.5792382,-1,-5,-113
1767175065.5892382,0,-4,-112
1767175065.5992382,3,-4,-111
1767175065.609238,4,-2,-109
1767175065.619238,5,-1,-114
1767175065.629238,5,0,-113
1767175065.639238,-1,4,-115
1767175065.649238,2,2,-114
1767175065.659238,3,0,-110
1767175065.669238,8,-2,-111
1767175065.679238,9,-4,-116
1767175065.689238,6,-7,-115
1767175065.699238,7,-8,-108
1767175065.709238,2,-3,-104
1767175065.719238,1,-3,-110
1767175065.7292385,1,-2,-117
1767175065.7392385,1,-4,-119
1767175065.7492385,6,-5,-124
1767175065.7592382,5,-2,-128
1767175065.7692382,4,-3,-127
1767175065.7792382,7,-3,-122
1767175065.7892382,6,-2,-124
1767175065.7992382,6,-1,-125
1767175065.8092382,3,-4,-118
1767175065.8192382,4,1,-113
1767175065.8292382,6,0,-116
1767175065.8392382,0,0,-115
1767175065.8492382,-1,0,-113
1767175065.859238,2,2,-110
1767175065.870238,0,0,-111
1767175065.879238,-1,0,-113
1767175065.889238,-3,-1,-110
1767175065.899238,-1,-5,-117
1767175065.909238,-4,-10,-124
1767175065.9202385,-4,-9,-122
1767175065.9302382,-5,-4,-124
1767175065.9402382,-7,0,-117
1767175065.9502382,-2,2,-123
1767175065.9602382,-1,-1,-127
1767175065.9702382,-4,0,-125
1767175065.9802382,-4,0,-125
1767175065.9902382,-3,0,-116
1767175066.0002382,0,2,-118
1767175066.0102382,1,2,-121
1767175066.0202382,5,0,-117
1767175066.0302382,0,0,-118
1767175066.040238,0,3,-121
1767175066.050238,1,0,-121
1767175066.060238,-2,0,-120
1767175066.070238,-8,0,-118
1767175066.080238,-5,0,-118
1767175066.090238,-5,-2,-114
1767175066.100238,2,-2,-110
1767175066.110238,1,-2,-112
1767175066.120238,2,-4,-113
1767175066.130238,3,-3,-118
1767175066.140238,-2,-2,-119
1767175066.150238,-3,-2,-118
1767175066.1602385,1,0,-118
1767175066.1702385,-1,1,-111
1767175066.1802382,-4,-1,-110
1767175066.1902382,-7,-1,-117
1767175066.2002382,-9,-3,-118
1767175066.2102382,-8,-1,-119
1767175066.2202382,-6,0,-121
1767175066.2302382,-6,-1,-120
1767175066.2402382,-5,-4,-120
1767175066.2502382,-3,-4,-120
1767175066.2602382,-4,-6,-118
1767175066.2702382,-2,-5,-115
1767175066.2802382,-5,-1,-117
1767175066.290238,-4,-2,-122
1767175066.300238,0,-4,-119
1767175066.310238,0,-1,-124
1767175066.320238,1,1,-123
1767175066.330238,-1,-2,-120
1767175066.340238,-5,-1,-117
1767175066.350238,-5,-6,-120
1767175066.360238,-6,-4,-113
1767175066.370238,-5,-2,-121
1767175066.380238,-1,-3,-124
1767175066.390238,-1,-5,-126
1767175066.400238,2,-3,-125
1767175066.4102385,-2,-3,-119
1767175066.4202385,-1,-3,-117
1767175066.4302382,0,-4,-117
1767175066.4402382,-2,-5,-115
1767175066.4502382,1,-4,-120
1767175066.4602382,0,-5,-116
1767175066.4702382,0,-5,-118
1767175066.4802382,-1,-2,-118
1767175066.4902382,1,3,-114
1767175066.5002382,2,-3,-122
1767175066.5102382,2,-2,-124
1767175066.5202382,0,-4,-120
1767175066.5302382,0,-2,-122
1767175066.540238,-3,-1,-131
1767175066.550238,-2,0,-128
1767175066.560238,0,2,-125
1767175066.570238,1,0,-127
1767175066.580238,0,-3,-129
1767175066.590238,0,-2,-133
1767175066.600238,1,-1,-131
1767175066.610238,0,-5,-134
1767175066.620238,-1,-5,-125
1767175066.630238,0,-3,-124
1767175066.640238,1,-3,-122
1767175066.650238,0,-2,-123
1767175066.6602385,-4,0,-120
1767175066.6702385,0,2,-119
1767175066.6802382,3,3,-113
1767175066.6902382,2,6,-116
1767175066.7002382,1,8,-122
1767175066.7102382,0,4,-124
1767175066.7202382,0,-4,-123
1767175066.7302382,-3,-5,-123
1767175066.7402382,-5,-1,-122
1767175066.7502382,-2,1,-115
1767175066.7602382,0,-1,-111
1767175066.7702382,0,0,-112
1767175066.7802382,0,0,-108
1767175066.790238,-7,0,-115
1767175066.800238,-12,-1,-111
1767175066.810238,-9,4,-113
1767175066.820238,-3,1,-116
1767175066.830238,-2,1,-120
1767175066.840238,2,0,-119
1767175066.850238,3,-2,-117
1767175066.860238,0,-3,-117
1767175066.870238,-1,-1,-130
1767175066.8812382,3,-2,-127
1767175066.890238,1,-5,-127
1767175066.900238,-1,-5,-127
1767175066.9102385,-4,0,-124
1767175066.9202385,0,0,-123
1767175066.9302382,1,-2,-124
1767175066.9402382,-1,-2,-121
1767175066.9502382,0,2,-117
1767175066.9602382,0,1,-111
1767175066.9702382,3,5,-112
1767175066.9802382,1,1,-117
1767175066.9902382,4,-1,-115
1767175067.0002382,2,0,-114
1767175067.0102382,1,1,-108
1767175067.0202382,0,4,-109
1767175067.0302382,0,4,-107
1767175067.040238,-1,5,-104
1767175067.050238,0,2,-115
1767175067.060238,1,2,-121
1767175067.070238,-6,1,-120
1767175067.080238,-7,1,-120
1767175067.090238,-10,2,-115
1767175067.100238,-7,1,-118
1767175067.110238,-4,0,-117
1767175067.120238,-4,2,-109
1767175067.130238,-4,1,-107
1767175067.140238,4,0,-108
1767175067.150238,4,-2,-112
1767175067.1602385,-2,-2,-113
1767175067.1702385,-6,1,-109
1767175067.1802382,-11,-3,-114
1767175067.1902382,-9,-5,-114
1767175067.2002382,-9,-3,-111
1767175067.2102382,-8,-8,-115
1767175067.2202382,-3,-6,-122
1767175067.2302382,3,-8,-128
1767175067.2402382,6,-4,-123
1767175067.2502382,2,-3,-117
1767175067.2602382,1,1,-118
1767175067.2702382,0,3,-119
1767175067.2802382,1,7,-128
1767175067.290238,4,7,-133
1767175067.300238,0,6,-125
1767175067.310238,-1,1,-122
1767175067.320238,0,-3,-119
1767175067.330238,-2,2,-123
1767175067.340238,-3,0,-127
1767175067.350238,-3,1,-129
1767175067.360238,-2,3,-124
1767175067.370238,-5,0,-117
1767175067.380238,-7,1,-113
1767175067.390238,-4,-3,-116
1767175067.400238,-2,-5,-112
1767175067.4102385,-3,-7,-112
1767175067.4202385,-3,-4,-108
1767175067.4302382,-2,-1,-110
1767175067.4402382,-2,-1,-106
1767175067.4502382,0,-2,-101
1767175067.4602382,0,-2,-102
1767175067.4702382,-2,0,-102
1767175067.4802382,-5,7,-103
1767175067.4902382,-2,7,-106
1767175067.5002382,-2,3,-110
1767175067.5102382,-3,0,-116
1767175067.5202382,0,0,-119
1767175067.5302382,-2,0,-117
1767175067.540238,-3,1,-115
1767175067.550238,-5,2,-106
1767175067.560238,-3,5,-103
1767175067.570238,0,4,-102
1767175067.580238,0,3,-113
1767175067.590238,0,4,-113
1767175067.600238,1,3,-117
1767175067.610238,3,1,-117
1767175067.620238,3,2,-122
1767175067.630238,6,1,-122
1767175067.640238,6,4,-123
1767175067.650238,6,1,-123
1767175067.6602385,3,0,-114
1767175067.6702385,6,0,-115
1767175067.6802382,7,0,-111
1767175067.6902382,6,1,-110
1767175067.7002382,-1,0,-114
1767175067.7102382,-3,1,-118
1767175067.7202382,-2,0,-112
1767175067.7302382,0,0,-109
1767175067.7402382,3,0,-108
1767175067.7502382,4,3,-110
1767175067.7602382,3,3,-110
1767175067.7702382,0,0,-111
1767175067.7802382,-2,-2,-115
1767175067.790238,1,-2,-116
1767175067.800238,-1,-2,-116
1767175067.810238,0,-1,-105
1767175067.820238,1,-4,-105
1767175067.830238,2,-4,-111
1767175067.840238,3,-2,-109
1767175067.850238,-1,-9,-108
1767175067.860238,-1,-6,-113
1767175067.870238,-1,-7,-113
1767175067.880238,-1,-3,-122
1767175067.890238,-1,-1,-129
1767175067.900238,0,0,-133
1767175067.9102385,-4,4,-128
1767175067.9202385,-2,7,-124
1767175067.9302382,2,6,-123
1767175067.9402382,10,2,-122
1767175067.9502382,8,-2,-120
1767175067.9602382,5,0,-118
1767175067.9702382,7,-1,-111
1767175067.9802382,5,-1,-112
1767175067.9902382,4,-4,-113
1767175068.0002382,5,-3,-115
1767175068.0102382,4,-6,-114
1767175068.0202382,3,-7,-111
1767175068.0302382,1,-7,-107
1767175068.040238,-1,0,-112
1767175068.050238,-5,-1,-116
1767175068.060238,-1,1,-124
1767175068.070238,-2,2,-124
1767175068.080238,-3,0,-125
1767175068.090238,-1,-2,-126
1767175068.100238,0,-3,-124
1767175068.110238,1,0,-119
1767175068.120238,2,-4,-124
1767175068.130238,1,-4,-122
1767175068.140238,3,-6,-122
1767175068.150238,5,-8,-121
1767175068.1602385,5,-9,-124
1767175068.1702385,2,-9,-127
1767175068.1802382,-1,-8,-128
1767175068.1902382,0,-12,-126
1767175068.2002382,1,-10,-118
1767175068.2102382,3,-5,-122
1767175068.2202382,7,-2,-124
1767175068.2302382,3,-1,-124
1767175068.2402382,3,0,-121
1767175068.2502382,8,-1,-121
1767175068.2602382,8,-2,-128
1767175068.2702382,11,0,-127
1767175068.2802382,13,0,-127
1767175068.290238,10,-1,-128
1767175068.300238,6,3,-124
1767175068.310238,0,4,-132
1767175068.320238,1,5,-131
1767175068.330238,2,1,-128
1767175068.340238,-2,2,-116
1767175068.350238,-2,4,-112
1767175068.360238,0,4,-112
1767175068.370238,-1,5,-113
1767175068.380238,0,4,-117
1767175068.390238,-3,4,-119
1767175068.400238,0,3,-114
1767175068.4102385,-2,7,-118
1767175068.4202385,0,5,-118
1767175068.4302382,4,5,-120
1767175068.4402382,1,2,-115
1767175068.4502382,-4,1,-110
1767175068.4602382,0,0,-110
1767175068.4702382,3,-1,-109
1767175068.4802382,0,1,-114
1767175068.4902382,1,2,-112
1767175068.5002382,-1,2,-113
1767175068.5102382,-2,1,-120
1767175068.5202382,-5,4,-118
1767175068.5302382,-1,0,-114
1767175068.540238,0,-5,-118
1767175068.550238,4,-5,-112
1767175068.560238,0,-5,-110
1767175068.571238,2,-5,-108
1767175068.5812385,-2,-3,-115
1767175068.5912385,-4,-3,-122
1767175068.6012385,-5,-2,-123
1767175068.6112382,-7,-1,-124
1767175068.6212382,-4,-3,-116
1767175068.6312382,-8,-9,-122
1767175068.6412382,-5,-8,-117
1767175068.6512382,-7,-5,-115
1767175068.6612382,-5,-4,-118
1767175068.6712382,-4,-3,-123
1767175068.6812382,-4,-5,-124
1767175068.6912382,-2,-6,-127
1767175068.7012382,6,-3,-121
1767175068.711238,5,-3,-122
1767175068.721238,3,-1,-123
1767175068.731238,3,-6,-121
1767175068.741238,4,-5,-120
1767175068.751238,0,-5,-124
1767175068.761238,6,-3,-124
1767175068.771238,0,-4,-124
1767175068.781238,3,-7,-127
1767175068.791238,7,-2,-122
1767175068.801238,5,-3,-120
1767175068.811238,1,1,-109
1767175068.821238,0,2,-113
1767175068.8312385,-3,-3,-117
1767175068.8412385,-4,-5,-124
1767175068.8512385,-4,-5,-125
1767175068.8612382,-3,-1,-124
1767175068.8712382,-7,-1,-130
1767175068.8812382,-7,-4,-128
1767175068.8912382,-5,-5,-121
1767175068.9012382,-7,-4,-123
1767175068.9112382,-7,-3,-118
1767175068.9212382,-9,0,-116
1767175068.9312382,-7,0,-118
1767175068.9412382,-7,0,-114
1767175068.9512382,-10,2,-120
1767175068.961238,-7,1,-124
1767175068.971238,-7,2,-122
1767175068.981238,-10,0,-124
1767175068.991238,-7,-2,-122
1767175069.001238,-11,0,-125
1767175069.011238,-5,1,-124
1767175069.021238,0,0,-128
1767175069.031238,1,0,-126
1767175069.041238,0,0,-127
1767175069.051238,-2,-1,-127
1767175069.061238,-2,-2,-121
1767175069.071238,-5,-3,-123
1767175069.0812385,-4,-6,-122
1767175069.0912385,-6,-3,-113
1767175069.1012385,-6,-7,-116
1767175069.1112382,-6,-11,-115
1767175069.1212382,-7,-10,-114
1767175069.1312382,-4,-7,-111
1767175069.1412382,-2,-4,-122
1767175069.1512382,0,-7,-127
1767175069.1612382,2,-7,-124
1767175069.1712382,0,-2,-122
1767175069.1812382,-1,0,-130
1767175069.1912382,0,-2,-122
1767175069.2012382,-2,0,-116
1767175069.211238,3,-2,-120
1767175069.221238,5,-4,-119
1767175069.231238,2,-2,-121
1767175069.241238,0,-1,-114
1767175069.251238,0,-5,-119
1767175069.261238,-2,-4,-127
1767175069.271238,-1,-4,-130
1767175069.281238,-1,0,-131
1767175069.291238,0,3,-126
1767175069.301238,2,2,-123
1767175069.311238,2,3,-120
1767175069.321238,2,2,-120
1767175069.3312385,2,0,-127
1767175069.3412385,2,1,-131
1767175069.3512385,1,3,-126
1767175069.3612382,2,-2,-124
1767175069.3712382,1,0,-125
1767175069.3812382,0,-3,-126
1767175069.3912382,-1,-1,-120
1767175069.4012382,-1,-3,-118
1767175069.4112382,0,0,-123
1767175069.4212382,1,-1,-122
1767175069.4312382,1,0,-118
1767175069.4412382,0,4,-113
1767175069.4512382,3,7,-112
1767175069.461238,6,8,-111
1767175069.471238,6,8,-113
1767175069.481238,1,7,-113
1767175069.491238,0,0,-115
1767175069.501238,4,1,-120
1767175069.511238,1,0,-123
1767175069.521238,1,-1,-123
1767175069.531238,5,-4,-127
1767175069.541238,7,-5,-123
1767175069.551238,4,-5,-123
1767175069.561238,4,-5,-124
1767175069.571238,4,1,-122
1767175069.5812385,0,2,-121
1767175069.5912385,-4,1,-123
1767175069.6012385,-1,0,-119
1767175069.6112382,2,0,-123
1767175069.6212382,4,-1,-125
1767175069.6312382,0,0,-128
1767175069.6412382,0,1,-132
1767175069.6512382,2,1,-125
1767175069.6612382,-2,-1,-120
1767175069.682238,-3,0,-131
1767175069.6912382,0,0,-128
1767175069.7012382,0,-1,-125
1767175069.711238,0,0,-122
1767175069.721238,3,0,-129
1767175069.731238,2,0,-123
1767175069.741238,2,-4,-126
1767175069.751238,0,-6,-126
1767175069.761238,0,-6,-129
1767175069.771238,-2,-2,-122
1767175069.781238,-2,-2,-118
1767175069.791238,-2,-4,-114
1767175069.801238,1,-6,-115
1767175069.811238,-1,-7,-113
1767175069.821238,-2,-6,-117
1767175069.8312385,0,-7,-119
1767175069.8412385,0,-4,-120
1767175069.8512385,-1,-7,-130
1767175069.8612382,0,-5,-132
1767175069.8712382,-3,-4,-133
1767175069.8812382,2,-1,-134
1767175069.8912382,4,-8,-134
1767175069.9012382,0,-7,-129
1767175069.9112382,-1,0,-125
1767175069.9212382,-2,6,-122
1767175069.9312382,-5,8,-117
1767175069.9412382,0,10,-120
1767175069.9512382,-2,8,-114
1767175069.961238,-4,3,-116
1767175069.971238,-5,3,-121
1767175069.981238,-6,3,-114
1767175069.991238,-5,1,-116
1767175070.001238,-4,0,-124
1767175070.011238,-3,-1,-119
1767175070.021238,-1,-4,-111
1767175070.031238,2,-4,-113
1767175070.041238,-2,0,-120
1767175070.051238,-8,2,-120
1767175070.061238,-5,3,-120
1767175070.071238,0,0,-114
1767175070.0812385,1,0,-108
1767175070.0912385,-1,1,-111
1767175070.1012385,-1,0,-116
1767175070.1112382,-1,0,-120
1767175070.1212382,-3,1,-125
1767175070.1312382,-1,1,-124
1767175070.1412382,-3,2,-117
1767175070.1512382,-4,0,-117
1767175070.1612382,-5,1,-114
1767175070.1712382,-4,0,-119
1767175070.1812382,-4,-1,-114
1767175070.1912382,-2,0,-112
1767175070.2012382,-6,2,-115
1767175070.211238,-2,1,-115
1767175070.221238,-1,0,-109
1767175070.231238,0,0,-113
1767175070.241238,1,3,-116
1767175070.251238,8,5,-120
1767175070.261238,7,3,-122
1767175070.271238,2,0,-122
1767175070.281238,2,-2,-113
1767175070.291238,2,-1,-108
1767175070.301238,5,3,-103
1767175070.311238,6,2,-109
1767175070.321238,8,4,-112
1767175070.3312385,2,3,-117
1767175070.3412385,-2,0,-120
1767175070.3512385,-1,-1,-115
1767175070.3612382,-1,0,-115
1767175070.3712382,-2,4,-120
1767175070.3812382,-2,0,-124
1767175070.3912382,0,1,-120
1767175070.4012382,-2,0,-119
1767175070.4112382,-3,0,-117
1767175070.4212382,0,-1,-116
1767175070.4312382,1,-3,-112
1767175070.4412382,3,0,-117
1767175070.4512382,-2,-1,-120
1767175070.461238,-1,-4,-119
1767175070.471238,-6,-3,-123
1767175070.481238,-8,-2,-121
1767175070.491238,-5,-2,-122
1767175070.501238,-2,-4,-117
1767175070.511238,1,-1,-121
1767175070.521238,0,-5,-125
1767175070.531238,2,-4,-128
1767175070.541238,-1,-1,-125
1767175070.551238,0,1,-124
1767175070.561238,-5,0,-127
1767175070.571238,-7,0,-125
1767175070.5812385,-2,-3,-130
1767175070.5912385,0,-4,-135
1767175070.6012385,0,-1,-138
1767175070.6112382,0,-2,-136
1767175070.6212382,1,2,-134
1767175070.6312382,2,4,-131
1767175070.6412382,6,1,-131
1767175070.6512382,6,1,-125
1767175070.6612382,8,-1,-128
1767175070.6712382,4,-2,-126
1767175070.6812382,0,-2,-120
1767175070.6912382,1,-1,-117
1767175070.7012382,3,-4,-114
1767175070.711238,2,-9,-115
1767175070.721238,-1,-5,-117
1767175070.731238,-1,-3,-112
1767175070.741238,3,-1,-109
1767175070.751238,-1,-1,-108
1767175070.761238,-2,-3,-110
1767175070.771238,-2,0,-112
1767175070.781238,0,-1,-119
1767175070.791238,-1,-1,-122
1767175070.801238,-5,-2,-129
1767175070.811238,-3,-1,-130
1767175070.821238,0,0,-129
1767175070.8312385,-6,4,-128
1767175070.8412385,-8,2,-125
1767175070.8512385,-10,1,-132
1767175070.8612382,-10,0,-123
1767175070.8712382,-8,-5,-124
1767175070.8812382,-4,-7,-124
1767175070.8912382,-4,-7,-125
1767175070.9012382,-9,-5,-127
1767175070.9112382,-4,-1,-132
1767175070.9212382,-7,0,-131
1767175070.9312382,-7,-5,-126
1767175070.9412382,-4,-4,-127
1767175070.9512382,0,-4,-126
1767175070.961238,-5,-7,-129
1767175070.971238,-4,-6,-125
1767175070.981238,0,-7,-117
1767175070.991238,-2,-3,-119
1767175071.001238,-5,-1,-119
1767175071.011238,-7,2,-121
1767175071.021238,-6,4,-118
1767175071.031238,-5,2,-116
1767175071.041238,-4,0,-122
1767175071.051238,-6,2,-121
1767175071.061238,-2,3,-118
1767175071.071238,-2,1,-125
1767175071.0812385,-2,1,-128
1767175071.0912385,-5,6,-120
1767175071.1012385,-4,5,-123
1767175071.1112382,-1,4,-121
1767175071.1212382,-1,1,-121
1767175071.1312382,0,3,-119
1767175071.1412382,-1,3,-115
1767175071.1512382,0,-2,-119
1767175071.1612382,4,-3,-116
1767175071.1712382,5,-5,-114
1767175071.182238,-2,-6,-114
1767175071.192238,-4,-3,-115
1767175071.2012382,-4,-1,-122
1767175071.211238,-2,0,-116
1767175071.221238,-3,-1,-111
1767175071.232238,-4,-5,-115
1767175071.242238,-4,-5,-118
1767175071.252238,1,-7,-116
1767175071.2622385,0,-8,-121
1767175071.2722385,0,-10,-128
1767175071.2822382,-2,-12,-132
1767175071.2922382,-4,-9,-134
1767175071.3022382,-8,-6,-134
1767175071.3122382,-1,-4,-126
1767175071.3222382,4,-5,-114
1767175071.3322382,0,-4,-119
1767175071.3422382,1,-6,-122
1767175071.3522382,0,-11,-121
1767175071.3622382,-2,-9,-122
1767175071.3722382,1,-9,-119
1767175071.382238,-2,-8,-113
1767175071.392238,-3,-3,-116
1767175071.402238,-5,-7,-110
1767175071.412238,-6,-10,-107
1767175071.422238,-6,-7,-112
1767175071.432238,-6,-6,-113
1767175071.442238,0,-10,-113
1767175071.452238,3,-3,-114
1767175071.462238,2,-7,-117
1767175071.472238,0,-7,-122
1767175071.482238,-1,-7,-128
1767175071.492238,-5,-5,-125
1767175071.502238,-6,-4,-129
1767175071.5122385,-4,0,-127
1767175071.5222385,-3,-1,-128
1767175071.5322382,3,-5,-127
1767175071.5422382,2,-5,-125
1767175071.5522382,-1,-6,-124
1767175071.5622382,-6,-3,-120
1767175071.5722382,-3,-3,-117
1767175071.5822382,0,-1,-120
1767175071.5922382,-5,-3,-123
1767175071.6022382,-3,-4,-120
1767175071.6122382,-6,-2,-118
1767175071.6222382,0,-3,-122
1767175071.632238,0,-3,-122
1767175071.642238,-4,-1,-121
1767175071.652238,-7,-4,-120
1767175071.662238,-9,0,-120
1767175071.672238,-8,-1,-115
1767175071.682238,-4,-2,-113
1767175071.692238,-4,-1,-108
1767175071.702238,-4,0,-107
1767175071.712238,-3,1,-107
1767175071.722238,-1,0,-106
1767175071.732238,-1,-3,-107
1767175071.742238,0,-5,-108
1767175071.752238,2,-1,-111
1767175071.7622385,2,2,-116
1767175071.7722385,5,2,-115
1767175071.7822382,3,3,-121
1767175071.7922382,0,0,-123
1767175071.8022382,0,-3,-127
1767175071.8122382,2,-1,-123
1767175071.8222382,1,2,-122
1767175071.8322382,-3,2,-125
1767175071.8422382,-3,0,-123
1767175071.8522382,-4,0,-124
1767175071.8622382,-5,-2,-121
1767175071.8722382,-2,-1,-116
1767175071.882238,-4,-1,-116
1767175071.892238,-1,0,-114
1767175071.902238,-3,3,-110
1767175071.912238,0,3,-111
1767175071.922238,-2,1,-106
1767175071.932238,-5,-2,-110
1767175071.942238,-9,-5,-114
1767175071.952238,-10,-4,-116
1767175071.962238,-10,-8,-115
1767175071.972238,-4,-5,-119
1767175071.982238,0,-6,-129
1767175071.992238,0,-8,-133
1767175072.002238,-1,-8,-127
1767175072.0122385,-4,-9,-130
1767175072.0222385,-5,-13,-130
1767175072.0322382,-5,-10,-121
1767175072.0422382,-4,-11,-129
1767175072.0522382,1,-8,-130
1767175072.0622382,6,-3,-129
1767175072.0722382,3,0,-129
1767175072.0822382,4,-4,-126
1767175072.0922382,4,-2,-127
1767175072.1022382,2,-1,-124
1767175072.1122382,3,-1,-125
1767175072.1222382,0,-1,-126
1767175072.132238,3,-3,-127
1767175072.142238,1,-5,-126
1767175072.152238,-2,-3,-124
1767175072.162238,-5,-5,-122
1767175072.172238,-3,-4,-113
1767175072.182238,-2,-4,-113
1767175072.192238,2,-4,-117
1767175072.202238,3,-3,-121
1767175072.212238,8,-1,-122
1767175072.222238,6,0,-125
1767175072.232238,5,-2,-127
1767175072.242238,5,-1,-128
1767175072.252238,2,-3,-123
1767175072.2622385,-2,-5,-115
1767175072.2722385,0,-4,-120
1767175072.2822382,2,-4,-126
1767175072.2922382,2,-6,-128
1767175072.3022382,2,-5,-121
1767175072.3122382,5,-6,-119
1767175072.3222382,0,-8,-116
1767175072.3322382,-1,-9,-118
1767175072.3422382,-2,-11,-115
1767175072.3522382,-4,-8,-114
1767175072.3622382,0,-6,-114
1767175072.3722382,-1,-3,-117
1767175072.382238,-2,-1,-114
1767175072.392238,-4,-2,-125
1767175072.402238,-4,-5,-121
1767175072.412238,0,-6,-117
1767175072.422238,1,-6,-117
1767175072.432238,0,-7,-121
1767175072.442238,-2,-4,-128
1767175072.452238,-3,-8,-131
1767175072.462238,-1,-7,-125
1767175072.472238,3,-5,-130
1767175072.482238,4,-6,-129
1767175072.492238,3,-4,-128
1767175072.502238,6,0,-126
1767175072.5122385,5,2,-118
1767175072.5222385,8,-1,-119
1767175072.5322382,3,-2,-116
1767175072.5422382,2,-3,-115
1767175072.5522382,-1,-2,-110
1767175072.5622382,-1,1,-104
1767175072.5722382,-4,2,-109
1767175072.5822382,-2,-1,-111
1767175072.5922382,0,-2,-111
1767175072.6022382,0,-1,-112
1767175072.6122382,2,-2,-115
1767175072.6222382,0,-9,-123
1767175072.632238,-1,-7,-121
1767175072.642238,-1,-3,-119
1767175072.652238,-5,-3,-121
1767175072.662238,-2,-2,-116
1767175072.672238,0,-1,-117
1767175072.682238,0,0,-118
1767175072.692238,-1,0,-117
1767175072.702238,1,0,-117
1767175072.712238,-2,0,-113
1767175072.722238,-5,-1,-113
1767175072.732238,-3,0,-116
1767175072.742238,-5,-5,-116
1767175072.752238,0,-4,-114
1767175072.7622385,-1,-2,-110
1767175072.7722385,0,-2,-110
1767175072.7822382,2,0,-118
1767175072.7922382,3,-1,-114
1767175072.8022382,3,-5,-115
1767175072.8122382,5,-5,-112
1767175072.8222382,7,-2,-115
1767175072.8322382,5,-1,-119
1767175072.8422382,5,-1,-114
1767175072.8522382,5,-1,-115
1767175072.8622382,0,-1,-110
1767175072.8722382,-1,0,-115
1767175072.882238,-7,-1,-115
1767175072.892238,-8,0,-120
1767175072.902238,-4,0,-117
1767175072.912238,-4,-1,-114
1767175072.922238,-1,-1,-111
1767175072.932238,-4,-2,-111
1767175072.942238,-6,0,-111
1767175072.952238,-6,0,-114
1767175072.962238,-5,0,-111
1767175072.972238,-7,-4,-111
1767175072.982238,-8,0,-110
1767175072.992238,-10,0,-115
1767175073.002238,-7,0,-118
1767175073.0122385,-5,0,-118
1767175073.0222385,-3,4,-121
1767175073.0322382,-1,0,-117
1767175073.0422382,-2,-2,-116
1767175073.0522382,3,1,-110
1767175073.0622382,1,1,-110
1767175073.0722382,0,1,-107
1767175073.0822382,0,-1,-105
1767175073.0922382,-1,-5,-104
1767175073.1022382,1,-5,-110
1767175073.1122382,3,-6,-113
1767175073.1222382,0,-5,-110
1767175073.132238,-4,-3,-110
1767175073.142238,-4,-4,-114
1767175073.152238,-5,-7,-115
1767175073.162238,-4,-8,-119
1767175073.172238,-4,-6,-123
1767175073.182238,-4,-3,-122
1767175073.192238,-1,-3,-123
1767175073.202238,2,-4,-120
1767175073.212238,0,-5,-123
1767175073.222238,2,-7,-123
1767175073.232238,-1,-10,-121
1767175073.242238,-4,-8,-116
1767175073.252238,-5,-6,-110
1767175073.2622385,-1,-2,-104
1767175073.2722385,0,-1,-109
1767175073.2822382,0,-1,-112
1767175073.2922382,0,0,-120
1767175073.3022382,-3,0,-121
1767175073.3122382,-7,-3,-121
1767175073.3222382,-5,0,-120
1767175073.3322382,-3,0,-119
1767175073.3422382,-3,-6,-117
1767175073.3522382,-6,-7,-118
1767175073.3622382,-3,-9,-124
1767175073.3722382,-7,-7,-118
1767175073.382238,-4,-7,-116
1767175073.392238,-6,-3,-114
1767175073.402238,-7,1,-117
1767175073.412238,-3,1,-118
1767175073.422238,-3,5,-125
1767175073.432238,-5,4,-125
1767175073.442238,-3,6,-128
1767175073.452238,-3,-1,-125
1767175073.462238,-1,0,-120
1767175073.472238,0,5,-115
1767175073.482238,0,3,-122
1767175073.492238,-6,3,-124
1767175073.502238,-3,0,-119
1767175073.5122385,1,3,-122
1767175073.5222385,1,3,-121
1767175073.5322382,1,1,-123
1767175073.5422382,0,0,-123
1767175073.5522382,-2,-1,-128
1767175073.5622382,-1,-2,-124
1767175073.5722382,-3,-5,-121
1767175073.5822382,-2,-4,-117
1767175073.5922382,-3,-4,-119
1767175073.6022382,0,-4,-121
1767175073.6122382,-2,-2,-119
1767175073.6222382,-2,0,-122
1767175073.632238,-2,2,-120
1767175073.642238,0,0,-120
1767175073.652238,0,-4,-122
1767175073.662238,-1,-8,-121
1767175073.672238,-2,-8,-118
1767175073.682238,0,-9,-124
1767175073.692238,0,-9,-126
1767175073.702238,0,-5,-121
1767175073.712238,-1,-3,-122
1767175073.722238,0,0,-121
1767175073.732238,1,0,-120
1767175073.742238,3,-1,-116
1767175073.752238,5,-1,-114
1767175073.7622385,0,-4,-121
1767175073.7722385,-3,-2,-127
1767175073.7822382,-1,-3,-118
1767175073.7922382,-4,-6,-119
1767175073.8022382,-3,-5,-126
1767175073.8122382,0,-4,-125
1767175073.8222382,1,0,-122
1767175073.8322382,0,0,-121
1767175073.8422382,0,1,-129
1767175073.8522382,-2,0,-130
1767175073.8622382,-5,-1,-126
1767175073.8722382,-7,-4,-125
1767175073.883238,-8,-5,-124
1767175073.892238,-7,-6,-124
1767175073.902238,-5,-4,-121
1767175073.913238,-5,0,-127
1767175073.923238,-5,0,-126
1767175073.9332385,-7,0,-127
1767175073.9432385,-6,0,-124
1767175073.9532382,-2,-5,-127
1767175073.9632382,0,-4,-124
1767175073.9732382,0,-1,-116
1767175073.9832382,5,-2,-121
1767175073.9932382,5,-3,-129
1767175074.0032382,2,-5,-128
1767175074.0132382,1,-3,-132
1767175074.0232382,-1,-2,-127
1767175074.0332382,-1,-1,-124
1767175074.0432382,0,2,-127
1767175074.0532382,4,2,-129
1767175074.063238,6,3,-127
1767175074.073238,4,2,-127
1767175074.083238,-1,1,-123
1767175074.093238,0,3,-120
1767175074.103238,1,7,-115
1767175074.113238,2,5,-120
1767175074.123238,3,3,-123
1767175074.133238,-1,4,-130
1767175074.143238,-1,8,-130
1767175074.153238,2,7,-137
1767175074.163238,-4,0,-135
1767175074.173238,-5,0,-131
1767175074.1832385,-7,2,-126
1767175074.1932385,-3,3,-118
1767175074.2032382,0,2,-119
1767175074.2132382,0,-3,-120
1767175074.2232382,3,-6,-122
1767175074.2332382,1,-6,-122
1767175074.2432382,0,-2,-116
1767175074.2532382,0,-3,-112
1767175074.2632382,-3,-5,-117
1767175074.2732382,-6,-6,-117
1767175074.2832382,-5,-2,-122
1767175074.2932382,-3,1,-123
1767175074.3032382,1,0,-123
1767175074.313238,1,1,-117
1767175074.323238,0,0,-115
1767175074.333238,-2,0,-116
1767175074.343238,-2,-2,-117
1767175074.353238,-2,-6,-115
1767175074.363238,-3,-4,-121
1767175074.373238,-4,0,-123
1767175074.383238,0,0,-124
1767175074.393238,2,1,-131
1767175074.403238,3,-4,-137
1767175074.413238,2,-4,-141
1767175074.423238,0,-7,-135
1767175074.4332385,-2,-4,-129
1767175074.4432385,-1,-3,-122
1767175074.4532382,-3,-6,-124
1767175074.4632382,-4,-4,-128
1767175074.4732382,-3,0,-126
1767175074.4832382,-1,0,-129
1767175074.4932382,-1,5,-128
1767175074.5032382,0,0,-128
1767175074.5132382,-1,1,-126
1767175074.5232382,2,2,-122
1767175074.5332382,0,3,-125
1767175074.5432382,1,3,-128
1767175074.5532382,-2,2,-130
1767175074.563238,-3,2,-119
1767175074.573238,-2,-3,-115
1767175074.583238,1,-5,-113
1767175074.593238,3,-9,-114
1767175074.603238,6,-10,-111
1767175074.613238,3,-7,-117
1767175074.623238,0,-9,-125
1767175074.633238,-3,-9,-125
1767175074.643238,0,-9,-125
1767175074.653238,2,-8,-123
1767175074.663238,0,-7,-119
1767175074.673238,0,-12,-116
1767175074.6942382,0,-5,-118
1767175074.7032382,0,-4,-108
1767175074.7132382,-4,-3,-104
1767175074.7232382,-1,-4,-107
1767175074.7332382,1,-1,-114
1767175074.7432382,2,-1,-111
1767175074.7532382,1,-2,-113
1767175074.7632382,1,-2,-112
1767175074.7732382,2,0,-113
1767175074.7832382,3,1,-112
1767175074.7932382,9,-2,-115
1767175074.8032382,5,-1,-111
1767175074.813238,4,0,-119
1767175074.823238,6,-5,-119
1767175074.833238,0,-6,-120
1767175074.843238,0,-7,-116
1767175074.853238,1,-9,-120
1767175074.863238,0,-8,-114
1767175074.873238,3,-5,-113
1767175074.883238,4,-6,-113
1767175074.893238,0,-6,-119
1767175074.903238,-3,-7,-115
1767175074.913238,-6,-7,-114
1767175074.923238,-1,-3,-112
1767175074.9332385,0,-5,-115
1767175074.9432385,0,-7,-120
1767175074.9532382,3,-6,-122
1767175074.9632382,0,-7,-127
1767175074.9732382,-4,-4,-124
1767175074.9832382,-9,-6,-118
1767175074.9932382,-9,-7,-123
1767175075.0032382,-4,0,-122
1767175075.0132382,-2,3,-126
1767175075.0232382,-3,0,-121
1767175075.0332382,-1,-2,-128
1767175075.0432382,-3,-3,-128
1767175075.0532382,-6,-4,-126
1767175075.063238,-5,-6,-125
1767175075.073238,0,-6,-126
1767175075.083238,0,-3,-119
1767175075.093238,-3,-2,-114
1767175075.103238,-5,2,-119
1767175075.113238,-7,2,-123
1767175075.123238,0,0,-122
1767175075.133238,1,-2,-122
1767175075.143238,8,0,-119
1767175075.153238,8,-1,-119
1767175075.163238,7,-3,-116
1767175075.173238,3,-5,-120
1767175075.1832385,2,-1,-119
1767175075.1932385,3,0,-115
1767175075.2032382,-1,-1,-116
1767175075.2132382,-4,-6,-113
1767175075.2232382,-2,-2,-116
1767175075.2332382,-3,3,-117
1767175075.2432382,0,4,-126
1767175075.2532382,-4,1,-127
1767175075.2632382,-2,1,-124
1767175075.2732382,2,0,-121
1767175075.2832382,9,3,-118
1767175075.2932382,2,5,-113
1767175075.3032382,0,5,-113
1767175075.313238,0,6,-116
1767175075.323238,-4,0,-124
1767175075.333238,1,3,-123
1767175075.343238,2,1,-124
1767175075.353238,2,-1,-128
1767175075.363238,0,-4,-121
1767175075.373238,9,-2,-114
1767175075.383238,10,0,-110
1767175075.393238,11,0,-116
1767175075.403238,6,-4,-109
1767175075.413238,10,-5,-113
1767175075.423238,8,-7,-113
1767175075.4332385,3,-6,-115
1767175075.4432385,1,0,-113
1767175075.4532382,-3,0,-113
1767175075.4632382,-2,2,-118
1767175075.4732382,0,1,-122
1767175075.4832382,0,1,-120
1767175075.4932382,0,-1,-114
1767175075.5032382,-1,7,-111
1767175075.5132382,-6,11,-112
1767175075.5232382,-3,10,-120
1767175075.5332382,-2,4,-116
1767175075.5432382,0,3,-117
1767175075.5532382,2,3,-119
1767175075.563238,0,2,-118
1767175075.573238,-3,1,-120
1767175075.583238,0,0,-126
1767175075.593238,0,-3,-129
1767175075.603238,0,-3,-125
1767175075.613238,1,-2,-125
1767175075.623238,3,-5,-130
1767175075.633238,1,-7,-127
1767175075.643238,-1,-7,-129
1767175075.653238,0,-1,-131
1767175075.663238,-1,0,-131
1767175075.673238,-5,-3,-129
1767175075.6832385,-6,-4,-128
1767175075.6932385,-7,-1,-127
1767175075.7032382,-7,0,-124
1767175075.7132382,-2,4,-125
1767175075.7232382,0,6,-124
1767175075.7332382,2,4,-126
1767175075.7432382,0,4,-129
1767175075.7532382,-1,3,-124
1767175075.7632382,-1,2,-122
1767175075.7732382,0,3,-123
1767175075.7832382,3,5,-125
1767175075.7932382,3,3,-121
1767175075.8032382,2,4,-115
1767175075.813238,3,3,-117
1767175075.823238,0,1,-121
1767175075.833238,-3,2,-128
1767175075.843238,-7,4,-134
1767175075.853238,-2,3,-126
1767175075.863238,0,0,-131
1767175075.873238,0,4,-127
1767175075.883238,0,8,-123
1767175075.893238,0,4,-123
1767175075.903238,3,1,-117
1767175075.913238,1,-3,-118
1767175075.923238,1,1,-116
1767175075.9332385,1,5,-122
1767175075.9432385,-1,1,-120
1767175075.9532382,0,4,-118
1767175075.9632382,4,6,-120
1767175075.9732382,4,6,-119
1767175075.9832382,7,5,-125
1767175075.9932382,0,4,-123
1767175076.0032382,0,5,-115
1767175076.0132382,-3,0,-110
1767175076.0232382,-1,2,-113
1767175076.0332382,-3,4,-117
1767175076.0432382,-5,4,-116
1767175076.0532382,-3,1,-122
1767175076.063238,-2,0,-120
1767175076.073238,-3,1,-118
1767175076.083238,-3,2,-112
1767175076.093238,-3,3,-116
1767175076.103238,-7,1,-117
1767175076.113238,-4,-1,-118
1767175076.123238,-4,-6,-122
1767175076.133238,-3,-7,-118
1767175076.143238,-3,-9,-115
1767175076.153238,-3,-4,-120
1767175076.163238,-3,-3,-125
1767175076.173238,0,0,-124
1767175076.1832385,-2,-3,-124
1767175076.1932385,2,0,-127
1767175076.2032382,1,2,-130
1767175076.2132382,2,0,-122
1767175076.2232382,3,0,-116
1767175076.2332382,4,-3,-111
1767175076.2432382,0,-7,-110
1767175076.2532382,0,-3,-117
1767175076.2632382,-2,0,-122
1767175076.2732382,0,0,-128
1767175076.2832382,3,-5,-128
1767175076.2932382,4,-7,-124
1767175076.3032382,3,-8,-115
1767175076.313238,3,-10,-114
1767175076.323238,0,-4,-123
1767175076.333238,-2,-5,-126
1767175076.343238,-5,-7,-118
1767175076.353238,-3,-5,-114
1767175076.363238,-2,-5,-120
1767175076.373238,3,-5,-126
1767175076.383238,0,-6,-122
1767175076.393238,1,-5,-120
1767175076.403238,0,-5,-119
1767175076.413238,0,-5,-117
1767175076.423238,-4,-1,-112
1767175076.4332385,-5,3,-113
1767175076.4432385,-5,1,-116
1767175076.4532382,-8,-1,-116
1767175076.4632382,-4,0,-119
1767175076.4732382,-7,-2,-111
1767175076.4832382,-7,-6,-110
1767175076.4932382,-8,-5,-111
1767175076.5032382,-10,-7,-113
1767175076.5132382,-4,-9,-107
1767175076.5232382,-2,-8,-113
1767175076.5332382,0,-8,-110
1767175076.544238,-1,-7,-107
1767175076.5532382,0,-3,-112
1767175076.564238,3,-1,-115
1767175076.574238,1,-2,-110
1767175076.584238,1,-1,-111
1767175076.594238,0,2,-114
1767175076.6042385,0,1,-114
1767175076.6142385,0,0,-119
1767175076.6242385,2,1,-118
1767175076.6342382,0,-2,-119
1767175076.6442382,2,-2,-116
1767175076.6542382,4,0,-116
1767175076.6642382,6,0,-116
1767175076.6742382,8,0,-116
1767175076.6842382,7,0,-118
1767175076.6942382,4,6,-120
1767175076.7042382,1,7,-125
1767175076.7142382,1,4,-125
1767175076.7242382,3,0,-122
1767175076.734238,5,-1,-128
1767175076.744238,3,0,-124
1767175076.754238,3,0,-119
1767175076.764238,4,0,-118
1767175076.774238,0,0,-114
1767175076.784238,1,0,-119
1767175076.794238,-1,-2,-119
1767175076.804238,-1,-1,-128
1767175076.814238,3,1,-134
1767175076.824238,-2,-2,-135
1767175076.834238,-3,-3,-126
1767175076.844238,-5,-1,-125
1767175076.8542385,-1,-3,-130
1767175076.8642385,-1,-4,-128
1767175076.8742385,0,-2,-125
1767175076.8842382,0,-1,-131
1767175076.8942382,-2,-1,-132
1767175076.9042382,0,0,-133
1767175076.9142382,0,0,-128
1767175076.9242382,0,0,-126
1767175076.9342382,0,-3,-122
1767175076.9442382,-1,-4,-121
1767175076.9542382,0,-1,-114
1767175076.9642382,1,-4,-106
1767175076.9742382,2,-6,-117
1767175076.984238,2,-8,-121
1767175076.994238,4,-6,-116
1767175077.004238,0,-6,-118
1767175077.014238,0,-1,-123
1767175077.024238,-4,-1,-127
1767175077.034238,-3,0,-125
1767175077.044238,0,3,-121
1767175077.054238,-2,3,-119
1767175077.064238,-5,0,-119
1767175077.074238,-2,-2,-122
1767175077.084238,-3,1,-124
1767175077.094238,-3,3,-115
1767175077.1042385,-3,5,-112
1767175077.1142385,0,7,-118
1767175077.1242385,0,7,-115
1767175077.1342382,1,6,-113
1767175077.1442382,-5,3,-107
1767175077.1542382,-8,0,-110
1767175077.1642382,-6,3,-113
1767175077.1742382,-1,2,-116
1767175077.1842382,-4,4,-113
1767175077.1942382,-6,2,-106
1767175077.2042382,-7,3,-109
1767175077.2142382,-11,1,-113
1767175077.2242382,-10,0,-117
1767175077.234238,-5,0,-117
1767175077.244238,-3,-4,-123
1767175077.254238,-2,-9,-121
1767175077.264238,-7,-6,-120
1767175077.274238,-11,-3,-123
1767175077.284238,-8,-2,-123
1767175077.294238,-10,-5,-118
1767175077.304238,-8,-6,-124
1767175077.314238,-5,-7,-125
1767175077.324238,0,-3,-124
1767175077.334238,1,0,-124
1767175077.344238,-2,1,-125
1767175077.3542385,-1,3,-119
1767175077.3642385,3,2,-115
1767175077.3742385,3,1,-113
1767175077.3842382,6,3,-117
1767175077.3942382,10,1,-116
1767175077.4042382,5,0,-105
1767175077.4142382,4,0,-111
1767175077.4242382,1,-1,-108
1767175077.4342382,-2,0,-113
1767175077.4442382,-4,-1,-116
1767175077.4542382,-4,-4,-107
1767175077.4642382,4,-9,-108
1767175077.4742382,0,-8,-108
1767175077.484238,3,-3,-112
1767175077.494238,0,-2,-110
1767175077.504238,0,-2,-113
1767175077.514238,-2,-5,-108
1767175077.524238,-3,-5,-108
1767175077.534238,1,0,-112
1767175077.544238,2,6,-114
1767175077.554238,0,1,-109
1767175077.564238,0,0,-118
1767175077.574238,3,-1,-121
1767175077.584238,4,-4,-114
1767175077.594238,3,-5,-120
1767175077.6042385,1,0,-122
1767175077.6142385,-2,-3,-125
1767175077.6242385,-3,-7,-122
1767175077.6342382,0,-11,-118
1767175077.6442382,1,-9,-120
1767175077.6542382,2,-7,-122
1767175077.6642382,1,-8,-118
1767175077.6742382,2,-8,-115
1767175077.6842382,2,-6,-113
1767175077.6942382,2,-8,-118
1767175077.7042382,7,-9,-123
1767175077.7142382,11,-3,-123
1767175077.7242382,9,0,-118
1767175077.734238,0,-3,-119
1767175077.744238,1,-1,-126
1767175077.754238,0,-2,-125
1767175077.764238,0,-3,-120
1767175077.774238,1,-4,-118
1767175077.784238,-2,0,-116
1767175077.794238,-8,-1,-121
1767175077.804238,-7,-4,-119
1767175077.814238,-6,-4,-113
1767175077.824238,-3,-8,-115
1767175077.834238,-4,-11,-114
1767175077.844238,-4,-9,-111
1767175077.8542385,-2,-11,-118
1767175077.8642385,-4,-8,-115
1767175077.8742385,-4,-9,-113
1767175077.8842382,-8,-7,-116
1767175077.8942382,-5,-7,-124
1767175077.9042382,0,-4,-120
1767175077.9142382,2,-5,-124
1767175077.9242382,2,-3,-125
1767175077.9342382,0,0,-123
1767175077.9442382,1,1,-122
1767175077.9542382,7,4,-115
1767175077.9642382,2,5,-104
1767175077.9742382,7,7,-107
1767175077.984238,2,4,-110
1767175077.994238,2,2,-114
1767175078.004238,0,0,-119
1767175078.014238,-3,5,-121
1767175078.024238,-2,1,-122
1767175078.034238,0,-1,-122
1767175078.044238,5,-4,-117
1767175078.054238,7,-3,-115
1767175078.064238,6,-5,-116
1767175078.074238,8,-4,-116
1767175078.084238,5,0,-115
1767175078.094238,4,-1,-115
1767175078.1042385,5,0,-116
1767175078.1142385,3,0,-122
1767175078.1242385,7,-4,-122
1767175078.1342382,6,-4,-117
1767175078.1442382,1,-5,-118
1767175078.1542382,3,-8,-117
1767175078.1642382,3,-10,-119
1767175078.1742382,4,-6,-122
1767175078.1842382,6,-4,-121
1767175078.1942382,6,0,-126
1767175078.2042382,5,-2,-122
1767175078.2142382,2,-7,-122
1767175078.2242382,0,-9,-130
1767175078.234238,0,-5,-125
1767175078.244238,0,-1,-124
1767175078.254238,0,-1,-120
1767175078.264238,1,-5,-121
1767175078.274238,0,-7,-112
1767175078.284238,-3,-6,-108
1767175078.294238,-2,-2,-107
1767175078.304238,-3,-2,-119
1767175078.314238,2,-1,-119
1767175078.324238,3,0,-117
1767175078.334238,2,0,-120
1767175078.344238,1,2,-116
1767175078.3542385,5,3,-120
1767175078.3642385,1,1,-124
1767175078.3742385,0,0,-125
1767175078.3842382,-1,-4,-127
1767175078.3942382,3,-1,-123
1767175078.4042382,4,-4,-120
1767175078.4142382,1,-5,-128
1767175078.4242382,0,-7,-126
1767175078.4342382,2,-9,-125
1767175078.4442382,0,-12,-120
1767175078.4542382,2,-9,-123
1767175078.4642382,3,-5,-128
1767175078.4742382,-1,-5,-132
1767175078.484238,-2,-5,-136
1767175078.494238,0,0,-137
1767175078.504238,3,1,-135
1767175078.514238,1,3,-132
1767175078.524238,-1,2,-130
1767175078.534238,-4,0,-128
1767175078.544238,-7,0,-128
1767175078.5552382,-1,-4,-125
1767175078.564238,2,-4,-122
1767175078.574238,5,-6,-110
1767175078.584238,6,-1,-108
1767175078.594238,1,0,-109
1767175078.6042385,1,0,-109
1767175078.6142385,0,-3,-112
1767175078.6242385,-3,-2,-113
1767175078.6342382,-4,-1,-112
1767175078.6442382,-1,2,-109
1767175078.6542382,1,0,-105
1767175078.6642382,4,-1,-110
1767175078.6742382,6,0,-108
1767175078.6842382,4,0,-103
1767175078.6942382,7,0,-98
1767175078.7042382,3,-1,-103
1767175078.7142382,0,0,-104
1767175078.7242382,1,0,-100
1767175078.734238,0,-1,-100
1767175078.744238,0,-1,-106
1767175078.754238,0,-3,-107
1767175078.764238,-1,0,-111
1767175078.774238,0,3,-116
1767175078.784238,0,2,-109
1767175078.794238,6,-1,-113
1767175078.804238,7,-1,-114
1767175078.814238,8,-2,-123
1767175078.824238,3,-4,-126
1767175078.834238,-2,-3,-126
1767175078.844238,-1,-4,-119
1767175078.8542385,-1,-9,-114
1767175078.8642385,0,-7,-120
1767175078.8742385,-1,-7,-115
1767175078.8842382,-1,-5,-111
1767175078.8942382,-4,-2,-117
1767175078.9042382,-3,-7,-118
1767175078.9142382,-3,-8,-118
1767175078.9242382,0,-7,-118
1767175078.9342382,3,-5,-122
1767175078.9442382,3,0,-126
1767175078.9542382,-1,2,-122
1767175078.9642382,1,1,-127
1767175078.9742382,7,0,-128
1767175078.984238,7,1,-129
1767175078.994238,2,4,-136
1767175079.004238,0,3,-137
1767175079.014238,1,2,-138
1767175079.024238,5,0,-127
1767175079.034238,0,0,-128
1767175079.044238,0,0,-130
1767175079.054238,-3,3,-124
1767175079.064238,-4,0,-113
1767175079.074238,-5,-2,-111
1767175079.084238,-6,-2,-120
1767175079.094238,-7,-1,-125
1767175079.1042385,-8,-2,-122
1767175079.1142385,-7,-2,-119
1767175079.1242385,-5,-5,-120
1767175079.1342382,-5,-7,-115
1767175079.1442382,-2,-6,-117
1767175079.1542382,0,-2,-109
1767175079.1642382,1,0,-114
1767175079.1742382,1,3,-113
1767175079.1842382,1,1,-116
1767175079.1942382,0,2,-118
1767175079.2042382,0,3,-118
1767175079.2142382,2,0,-116
1767175079.2242382,5,-5,-112
1767175079.235238,9,-6,-111
1767175079.245238,9,-4,-108
1767175079.255238,8,-2,-114
1767175079.265238,3,0,-116
1767175079.275238,-1,-7,-124
1767175079.2852385,2,-4,-124
1767175079.2952385,5,-4,-118
1767175079.3052382,2,-4,-112
1767175079.3152382,2,1,-118
1767175079.3252382,1,1,-118
1767175079.3352382,3,0,-116
1767175079.3452382,0,3,-119
1767175079.3552382,-3,3,-119
1767175079.3652382,-6,1,-119
1767175079.3752382,-4,1,-114
1767175079.3852382,0,3,-112
1767175079.3952382,3,1,-110
1767175079.4052382,-1,-4,-116
1767175079.415238,0,-5,-124
1767175079.425238,2,-4,-125
1767175079.435238,1,-2,-117
1767175079.445238,2,-4,-119
1767175079.455238,2,-4,-124
1767175079.465238,0,-3,-120
1767175079.475238,0,-3,-111
1767175079.485238,0,-2,-106
1767175079.495238,0,-6,-108
1767175079.505238,-3,-6,-108
1767175079.515238,-4,-9,-105
1767175079.525238,-2,-7,-106
1767175079.5352385,0,-7,-119
1767175079.5452385,-2,-6,-119
1767175079.5552382,0,-5,-119
1767175079.5652382,0,-7,-119
1767175079.5752382,-1,-9,-116
1767175079.5852382,0,-7,-118
1767175079.5952382,-2,2,-115
1767175079.6052382,2,3,-113
1767175079.6152382,-2,5,-113
1767175079.6252382,0,2,-121
1767175079.6352382,-1,4,-117
1767175079.6452382,-5,4,-115
1767175079.6552382,-2,1,-115
1767175079.665238,-2,1,-110
1767175079.675238,0,-1,-113
1767175079.685238,0,-3,-117
1767175079.7072382,-3,-6,-123
1767175079.715238,-4,-6,-115
1767175079.725238,-7,-5,-113
1767175079.735238,-8,-7,-107
1767175079.745238,-5,-4,-108
1767175079.755238,-6,-3,-115
1767175079.765238,-3,-3,-113
1767175079.775238,-2,-1,-110
1767175079.7852385,-3,-2,-110
1767175079.7952385,-5,-1,-113
1767175079.8052382,-3,0,-112
1767175079.8152382,-2,0,-117
1767175079.8252382,0,0,-124
1767175079.8352382,0,-1,-130
1767175079.8452382,-2,-1,-125
1767175079.8552382,-6,-2,-119
1767175079.8652382,-7,-2,-122
1767175079.8752382,-2,-1,-123
1767175079.8852382,-3,0,-119
1767175079.8952382,-4,-2,-117
1767175079.9052382,-3,-6,-118
1767175079.915238,0,-3,-115
1767175079.925238,-1,-4,-109
1767175079.935238,-4,-2,-114
1767175079.945238,-5,-3,-111
1767175079.955238,-5,-4,-109
1767175079.965238,-5,-4,-111
1767175079.975238,-2,0,-116
1767175079.985238,-4,-1,-119
1767175079.995238,-4,0,-116
1767175080.005238,2,-1,-122
1767175080.015238,-1,-5,-123
1767175080.025238,-4,-10,-121
1767175080.0352385,-6,-11,-119
1767175080.0452385,-6,-13,-115
1767175080.0552382,-7,-11,-112
1767175080.0652382,-7,-12,-117
1767175080.0752382,-3,-12,-116
1767175080.0852382,-2,-11,-113
1767175080.0952382,-2,-8,-119
1767175080.1052382,-3,-5,-121
1767175080.1152382,-4,-1,-117
1767175080.1252382,-1,0,-118
1767175080.1352382,-2,-1,-119
1767175080.1452382,-3,3,-124
1767175080.1552382,-2,3,-123
1767175080.165238,-4,1,-116
1767175080.175238,-4,2,-119
1767175080.185238,-1,3,-118
1767175080.195238,-3,1,-114
1767175080.205238,-6,-1,-110
1767175080.215238,-8,0,-116
1767175080.225238,-2,0,-117
1767175080.235238,-1,0,-116
1767175080.245238,0,-2,-119
1767175080.255238,0,-1,-117
1767175080.265238,-1,-1,-113
1767175080.275238,0,0,-120
1767175080.2852385,2,0,-121
1767175080.2962382,2,-6,-119
1767175080.3052382,1,-4,-120
1767175080.3152382,-3,-4,-114
1767175080.3252382,-4,-4,-113
1767175080.3352382,-1,-6,-114
1767175080.3452382,-2,-4,-120
1767175080.3552382,-3,-4,-114
1767175080.3652382,-5,-3,-116
1767175080.3752382,-2,0,-117
1767175080.3852382,1,0,-116
1767175080.3952382,0,-1,-110
1767175080.4052382,3,-2,-104
1767175080.415238,1,-2,-110
1767175080.425238,0,-5,-110
1767175080.435238,3,-5,-114
1767175080.445238,6,-6,-111
1767175080.455238,5,-7,-110
1767175080.465238,3,-7,-110
1767175080.475238,-6,-4,-116
1767175080.485238,-4,-5,-116
1767175080.495238,-1,-6,-116
1767175080.505238,0,-5,-112
1767175080.515238,0,-3,-117
1767175080.525238,4,-2,-119
1767175080.5352385,7,-4,-119
1767175080.5452385,2,-6,-122
1767175080.5552382,-1,-1,-123
1767175080.5652382,-3,-2,-121
1767175080.5752382,-1,0,-117
1767175080.5852382,0,-2,-118
1767175080.5952382,-2,-3,-124
1767175080.6052382,-3,-4,-122
1767175080.6152382,0,-5,-123
1767175080.6252382,-2,-4,-120
1767175080.6352382,0,-4,-125
1767175080.6452382,1,-8,-126
1767175080.6552382,0,-9,-126
1767175080.665238,1,-6,-122
1767175080.675238,0,0,-128
1767175080.685238,1,1,-125
1767175080.695238,1,0,-124
1767175080.705238,2,-1,-126
1767175080.715238,3,-3,-132
1767175080.725238,0,-1,-125
1767175080.735238,2,0,-125
1767175080.745238,2,0,-121
1767175080.755238,5,4,-122
1767175080.765238,3,3,-117
1767175080.775238,8,4,-117
1767175080.7852385,11,4,-123
1767175080.7952385,9,0,-122
1767175080.8052382,8,4,-121
1767175080.8152382,3,3,-132
1767175080.8252382,5,1,-129
1767175080.8352382,3,0,-126
1767175080.8452382,0,-2,-123
1767175080.8552382,-1,-1,-119
1767175080.8652382,0,-1,-124
1767175080.8752382,0,0,-122
1767175080.8852382,-1,2,-120
1767175080.8952382,-5,0,-115
1767175080.9052382,-1,0,-116
1767175080.915238,-3,5,-115
1767175080.925238,-1,6,-115
1767175080.935238,0,1,-113
1767175080.945238,1,2,-115
1767175080.955238,5,0,-122
1767175080.965238,2,2,-128
1767175080.975238,1,3,-128
1767175080.985238,2,4,-130
1767175080.995238,2,5,-134
1767175081.005238,0,2,-135
1767175081.015238,-5,-1,-134
1767175081.025238,-7,0,-130
1767175081.0352385,-7,1,-127
1767175081.0452385,-8,1,-124
1767175081.0552382,-9,-2,-118
1767175081.0652382,-8,-1,-111
1767175081.0752382,-6,-4,-118
1767175081.0852382,-1,-5,-123
1767175081.0952382,1,-7,-127
1767175081.1052382,3,-7,-125
1767175081.1152382,2,-4,-124
1767175081.1252382,4,-2,-121
1767175081.1352382,2,-5,-121
1767175081.1452382,0,-6,-122
1767175081.1552382,0,-5,-122
1767175081.165238,0,-4,-120
1767175081.175238,3,-4,-123
1767175081.185238,5,0,-124
1767175081.195238,7,0,-123
1767175081.205238,9,-5,-119
1767175081.215238,10,-9,-123
1767175081.225238,15,-7,-122
1767175081.235238,18,-8,-130
1767175081.245238,17,-7,-128
1767175081.255238,9,-2,-129
1767175081.265238,6,1,-131
1767175081.275238,4,0,-127
1767175081.2852385,3,3,-124
1767175081.2952385,0,2,-120
1767175081.3052382,2,1,-123
1767175081.3152382,4,3,-118
1767175081.3252382,2,6,-117
1767175081.3352382,2,4,-115
1767175081.3452382,1,4,-114
1767175081.3552382,1,3,-112
1767175081.3652382,0,4,-106
1767175081.3752382,2,0,-105
1767175081.3852382,2,2,-108
1767175081.3952382,4,1,-109
1767175081.4052382,3,2,-117
1767175081.415238,1,0,-113
1767175081.425238,6,-1,-114
1767175081.435238,9,-5,-124
1767175081.445238,10,-3,-120
1767175081.455238,11,-4,-118
1767175081.465238,8,-4,-116
1767175081.475238,9,-2,-113
1767175081.485238,10,0,-118
1767175081.495238,4,0,-116
1767175081.505238,6,0,-114
1767175081.515238,0,1,-120
1767175081.525238,-1,3,-130
1767175081.5352385,0,2,-129
1767175081.5452385,-1,3,-126
1767175081.5552382,-1,1,-127
1767175081.5652382,-7,4,-123
1767175081.5752382,-10,6,-113
1767175081.5852382,-5,4,-110
1767175081.5952382,1,8,-115
1767175081.6052382,6,9,-116
1767175081.6152382,1,9,-118
1767175081.6252382,1,6,-116
1767175081.6352382,2,5,-117
1767175081.6452382,4,4,-114
1767175081.6552382,2,1,-117
1767175081.665238,6,0,-119
1767175081.675238,10,0,-118
1767175081.685238,9,-2,-116
1767175081.695238,12,0,-117
1767175081.705238,13,1,-119
1767175081.715238,8,1,-122
1767175081.725238,3,-3,-117
1767175081.735238,5,-2,-114
1767175081.745238,5,-4,-117
1767175081.755238,5,-4,-124
1767175081.765238,3,0,-124
1767175081.775238,0,-1,-127
1767175081.7852385,-2,-4,-130
1767175081.7952385,-4,-2,-122
1767175081.8052382,-5,2,-119
1767175081.8152382,0,2,-120
1767175081.8252382,0,-3,-121
1767175081.836238,1,-8,-119
1767175081.8452382,-3,-8,-114
1767175081.8552382,-2,-7,-117
1767175081.866238,-5,-7,-116
1767175081.8752382,-4,-6,-117
1767175081.886238,-4,-4,-116
1767175081.8952382,-1,-4,-122
1767175081.906238,-2,0,-126
1767175081.916238,-3,0,-120
1767175081.926238,0,0,-123
1767175081.936238,-3,1,-121
1767175081.946238,-3,0,-120
1767175081.9562385,-2,3,-119
1767175081.9662385,-3,4,-115
1767175081.9762385,2,12,-117
1767175081.9862382,0,6,-120
1767175081.9962382,-2,3,-122
1767175082.0062382,2,0,-122
1767175082.0162382,1,-3,-120
1767175082.0262382,0,-6,-122
1767175082.0362382,1,-9,-126
1767175082.0462382,-5,-14,-131
1767175082.0562382,-5,-12,-129
1767175082.0662382,-2,-8,-135
1767175082.0762382,-3,-6,-136
1767175082.086238,-2,-7,-133
1767175082.096238,-1,-6,-129
1767175082.106238,0,-6,-124
1767175082.116238,3,-7,-120
1767175082.126238,2,-7,-113
1767175082.136238,5,-8,-112
1767175082.146238,7,-4,-120
1767175082.156238,3,-2,-118
1767175082.166238,2,0,-117
1767175082.176238,1,0,-118
1767175082.186238,-1,0,-122
1767175082.196238,0,0,-124
1767175082.2062385,1,1,-127
1767175082.2162385,-2,2,-121
1767175082.2262385,-2,0,-122
1767175082.2362382,-1,0,-124
1767175082.2462382,-6,0,-127
1767175082.2562382,-7,-4,-120
1767175082.2662382,-6,-4,-120
1767175082.2762382,-4,-4,-120
1767175082.2862382,-5,-3,-117
1767175082.2962382,-5,-2,-112
1767175082.3062382,-2,-5,-109
1767175082.3162382,0,-6,-110
1767175082.3262382,-7,-5,-114
1767175082.336238,-6,0,-115
1767175082.346238,-6,-3,-114
1767175082.356238,-4,-2,-116
1767175082.366238,-8,-4,-117
1767175082.376238,-8,-7,-123
1767175082.386238,-8,-5,-121
1767175082.396238,-6,-4,-117
1767175082.406238,-4,-2,-115
1767175082.416238,0,-4,-119
1767175082.426238,3,-9,-123
1767175082.436238,3,-4,-127
1767175082.446238,0,0,-125
1767175082.4562385,4,0,-117
1767175082.4662385,1,0,-114
1767175082.4762385,-4,-1,-118
1767175082.4862382,-8,0,-112
1767175082.4962382,0,2,-111
1767175082.5062382,2,2,-113
1767175082.5162382,0,1,-118
1767175082.5262382,-2,3,-120
1767175082.5362382,0,2,-115
1767175082.5462382,1,3,-117
1767175082.5562382,0,-1,-120
1767175082.5662382,-3,0,-122
1767175082.5762382,-3,-3,-114
1767175082.586238,-3,-2,-109
1767175082.596238,1,0,-113
1767175082.606238,3,0,-110
1767175082.616238,2,0,-115
1767175082.626238,3,-1,-123
1767175082.636238,1,-2,-121
1767175082.646238,7,-2,-120
1767175082.656238,6,-3,-123
1767175082.666238,5,-2,-126
1767175082.676238,7,-5,-122
1767175082.686238,3,-6,-123
1767175082.696238,4,-2,-132
1767175082.7062385,0,-3,-136
1767175082.7162385,-1,-3,-137
1767175082.7262385,-1,-3,-133
1767175082.7362382,0,-6,-122
1767175082.7462382,-1,-5,-111
1767175082.7562382,-7,-6,-110
1767175082.7662382,-8,-6,-115
1767175082.7762382,-6,-3,-114
1767175082.7862382,0,-4,-117
1767175082.7962382,2,-4,-121
1767175082.8062382,6,-1,-122
1767175082.8162382,7,0,-118
1767175082.8262382,10,-3,-113
1767175082.836238,12,-7,-116
1767175082.846238,9,-8,-119
1767175082.856238,6,-7,-117
1767175082.866238,7,-6,-119
1767175082.876238,5,-3,-117
1767175082.886238,1,-2,-122
1767175082.896238,0,-3,-125
1767175082.906238,-2,-3,-119
1767175082.916238,0,0,-112
1767175082.926238,2,-1,-111
1767175082.936238,1,0,-110
1767175082.946238,1,-1,-110
1767175082.9562385,-1,-2,-107
1767175082.9662385,-1,-3,-113
1767175082.9762385,2,-1,-116
1767175082.9862382,0,-6,-126
1767175082.9962382,-2,-8,-132
1767175083.0062382,-5,-8,-129
1767175083.0162382,-2,-7,-117
1767175083.0262382,-1,-3,-117
1767175083.0362382,3,-3,-126
1767175083.0462382,1,-4,-125
1767175083.0562382,2,-4,-119
1767175083.0662382,0,-5,-114
1767175083.0762382,0,-6,-112
1767175083.086238,1,-4,-107
1767175083.096238,4,-5,-111
1767175083.106238,4,-1,-114
1767175083.116238,5,0,-116
1767175083.126238,6,0,-120
1767175083.136238,1,5,-121
1767175083.146238,0,0,-129
1767175083.156238,2,1,-127
1767175083.166238,3,3,-128
1767175083.176238,3,1,-134
1767175083.186238,4,-2,-133
1767175083.196238,1,-4,-132
1767175083.2062385,-6,-1,-124
1767175083.2162385,-5,-2,-123
1767175083.2262385,-6,1,-121
1767175083.2362382,-2,4,-122
1767175083.2462382,0,2,-120
1767175083.2562382,-1,7,-120
1767175083.2662382,-3,4,-121
1767175083.2762382,-1,2,-117
1767175083.2862382,-2,0,-117
1767175083.2962382,1,0,-115
1767175083.3062382,1,1,-122
1767175083.3162382,2,-2,-123
1767175083.3262382,0,-4,-127
1767175083.336238,1,-1,-123
1767175083.346238,4,0,-117
1767175083.356238,3,-3,-108
1767175083.366238,-2,-4,-103
1767175083.376238,-1,-4,-107
1767175083.386238,-1,-3,-113
1767175083.396238,-3,1,-111
1767175083.406238,-2,0,-117
1767175083.416238,-4,-3,-112
1767175083.426238,-4,-3,-114
1767175083.436238,-2,-5,-115
1767175083.446238,-2,-3,-118
1767175083.4562385,-3,-5,-120
1767175083.4662385,-4,-4,-116
1767175083.4762385,-6,-4,-116
1767175083.4862382,-6,0,-116
1767175083.4962382,-1,2,-117
1767175083.5062382,2,3,-111
1767175083.5162382,0,5,-110
1767175083.5262382,-1,2,-110
1767175083.5362382,-4,2,-110
1767175083.5462382,-3,2,-110
1767175083.5562382,0,0,-116
1767175083.5662382,1,2,-114
1767175083.5762382,0,0,-122
1767175083.586238,2,-4,-121
1767175083.596238,2,-2,-122
1767175083.606238,4,-4,-126
1767175083.616238,6,1,-125
1767175083.626238,6,0,-122
1767175083.636238,8,0,-121
1767175083.646238,4,0,-120
1767175083.656238,8,-1,-116
1767175083.666238,5,1,-109
1767175083.676238,3,1,-114
1767175083.686238,0,-2,-115
1767175083.696238,0,-2,-117
1767175083.7062385,1,-2,-109
1767175083.7162385,4,-1,-110
1767175083.7262385,0,0,-109
1767175083.7362382,0,3,-113
1767175083.7462382,0,3,-117
1767175083.7562382,-1,2,-114
1767175083.7662382,0,0,-115
1767175083.7762382,1,6,-114
1767175083.7862382,2,5,-109
1767175083.7962382,1,2,-114
1767175083.8062382,0,0,-117
1767175083.8162382,3,0,-114
1767175083.8262382,0,0,-118
1767175083.836238,-1,4,-112
1767175083.846238,-1,0,-115
1767175083.856238,-3,2,-114
1767175083.866238,0,0,-116
1767175083.876238,1,-1,-122
1767175083.886238,0,-2,-121
1767175083.896238,1,-5,-111
1767175083.906238,0,-5,-113
1767175083.916238,2,-3,-116
1767175083.926238,0,-4,-109
1767175083.936238,-2,-2,-117
1767175083.946238,1,-3,-109
1767175083.9562385,2,-8,-102
1767175083.9662385,0,-7,-105
1767175083.9762385,-4,-2,-102
1767175083.9862382,-4,1,-109
1767175083.9962382,-3,4,-101
1767175084.0062382,-4,5,-104
1767175084.0162382,-8,3,-106
1767175084.0262382,-7,2,-109
1767175084.0362382,-9,0,-107
1767175084.0462382,-5,-2,-107
1767175084.0562382,0,-2,-119
1767175084.0662382,-3,0,-124
1767175084.0762382,-5,-2,-130
1767175084.086238,-7,-2,-130
1767175084.096238,-5,-1,-126
1767175084.106238,-3,-1,-125
1767175084.116238,-6,-4,-124
1767175084.126238,-4,-4,-129
1767175084.136238,0,-7,-131
1767175084.146238,-1,-11,-134
1767175084.156238,-3,-12,-126
1767175084.166238,3,-11,-126
1767175084.176238,3,-10,-123
1767175084.186238,-2,-5,-124
1767175084.196238,-1,-1,-125
1767175084.2062385,3,-1,-117
1767175084.2162385,1,0,-114
1767175084.2262385,-2,4,-114
1767175084.2362382,-4,6,-116
1767175084.2462382,-4,2,-108
1767175084.2562382,-4,4,-108
1767175084.2662382,-6,1,-114
1767175084.2762382,-8,-1,-114
1767175084.2862382,-2,0,-114
1767175084.2962382,1,-2,-113
1767175084.3062382,2,-1,-112
1767175084.3162382,-2,1,-113
1767175084.3262382,-4,2,-113
1767175084.336238,-6,3,-118
1767175084.346238,-6,2,-122
1767175084.356238,-9,-1,-118
1767175084.366238,-16,-3,-120
1767175084.376238,-14,-1,-126
1767175084.386238,-10,0,-127
1767175084.396238,-6,2,-126
1767175084.406238,-4,1,-123
1767175084.416238,-6,0,-129
1767175084.426238,-1,0,-131
1767175084.436238,1,2,-127
1767175084.446238,-4,7,-126
1767175084.4562385,-3,4,-125
1767175084.4662385,-3,3,-119
1767175084.4762385,-3,-1,-122
1767175084.4862382,3,-4,-120
1767175084.4962382,6,-4,-116
1767175084.5062382,9,-2,-118
1767175084.5162382,7,-2,-113
1767175084.5262382,4,-1,-115
1767175084.5362382,5,-1,-121
1767175084.547238,2,-4,-125
1767175084.557238,1,-5,-123
1767175084.567238,-1,0,-117
1767175084.577238,-2,0,-115
1767175084.587238,-2,2,-111
1767175084.597238,-3,0,-115
1767175084.607238,-4,-3,-103
1767175084.617238,-5,-5,-104
1767175084.627238,-3,1,-108
1767175084.6372385,2,0,-107
1767175084.6472385,2,4,-106
1767175084.6572382,2,1,-110
1767175084.6672382,2,0,-115
1767175084.6772382,0,0,-118
1767175084.6872382,0,0,-116
1767175084.6972382,2,2,-115
1767175084.719238,3,0,-119
1767175084.7272382,4,-1,-123
1767175084.7372382,4,-1,-118
1767175084.7472382,8,-5,-118
1767175084.757238,3,-8,-120
1767175084.767238,0,-6,-120
1767175084.777238,-3,-4,-119
1767175084.787238,0,-3,-120
1767175084.797238,0,-3,-118
1767175084.807238,0,-2,-115
1767175084.817238,0,-4,-117
1767175084.827238,0,-3,-122
1767175084.837238,3,-4,-119
1767175084.847238,-1,-4,-126
1767175084.857238,3,-1,-128
1767175084.867238,5,1,-126
1767175084.877238,0,2,-121
1767175084.8872385,-2,-1,-119
1767175084.8972385,-2,-6,-117
1767175084.9072382,0,-6,-123
1767175084.9172382,4,-3,-125
1767175084.9272382,3,1,-127
1767175084.9372382,5,0,-137
1767175084.9472382,4,1,-135
1767175084.9572382,6,-2,-139
1767175084.9672382,6,-2,-133
1767175084.9772382,2,-3,-128
1767175084.9872382,4,-2,-129
1767175084.9972382,1,-4,-124
1767175085.007238,0,-3,-123
1767175085.017238,0,-2,-120
1767175085.027238,-3,-3,-115
1767175085.037238,-5,-7,-111
1767175085.047238,-3,-5,-108
1767175085.057238,0,-6,-111
1767175085.067238,0,-8,-111
1767175085.077238,-1,-9,-115
1767175085.087238,1,-7,-117
1767175085.097238,0,-12,-122
1767175085.107238,-4,-11,-119
1767175085.117238,-3,-7,-119
1767175085.127238,-3,-7,-113
1767175085.1372385,-3,-4,-121
1767175085.1472385,-2,-3,-121
1767175085.1572382,-3,-6,-122
1767175085.1672382,-1,-5,-118
1767175085.1772382,-2,-5,-119
1767175085.1872382,0,-3,-128
1767175085.1972382,0,-5,-125
1767175085.2072382,0,-3,-121
1767175085.2172382,-4,-3,-124
1767175085.2272382,-6,-1,-118
1767175085.2372382,-3,-4,-121
1767175085.2472382,-3,-3,-119
1767175085.257238,-2,0,-121
1767175085.267238,0,-3,-125
1767175085.277238,2,-4,-116
1767175085.287238,2,-3,-118
1767175085.297238,3,0,-116
1767175085.307238,0,-4,-118
1767175085.317238,-1,-6,-120
1767175085.327238,0,-5,-121
1767175085.337238,-1,-8,-117
1767175085.347238,-1,-6,-115
1767175085.357238,-2,-5,-116
1767175085.367238,0,-3,-115
1767175085.377238,-3,-3,-119
1767175085.3872385,0,-7,-117
1767175085.3972385,0,-6,-117
1767175085.4072382,0,-7,-116
1767175085.4172382,2,-6,-117
1767175085.4272382,1,-8,-119
1767175085.4372382,2,-4,-120
1767175085.4472382,0,-5,-122
1767175085.4572382,-3,-6,-118
1767175085.4672382,-6,-3,-116
1767175085.4772382,-5,-4,-118
1767175085.4872382,-2,-1,-123
1767175085.4972382,2,0,-127
1767175085.507238,7,2,-121
1767175085.517238,9,-2,-117
1767175085.527238,8,-5,-113
1767175085.537238,6,-3,-119
1767175085.547238,9,0,-124
1767175085.557238,11,0,-109
1767175085.567238,7,1,-109
1767175085.577238,5,1,-110
1767175085.587238,3,4,-116
1767175085.597238,7,0,-119
1767175085.607238,3,-3,-116
1767175085.617238,7,-3,-126
1767175085.627238,2,-5,-124
1767175085.6372385,0,0,-119
1767175085.6472385,3,0,-124
1767175085.6572382,0,0,-127
1767175085.6672382,3,-5,-127
1767175085.6772382,4,-4,-127
1767175085.6872382,2,-4,-125
1767175085.6972382,5,-1,-117
1767175085.7072382,6,0,-118
1767175085.7172382,9,0,-116
1767175085.7272382,5,0,-116
1767175085.7372382,0,-3,-118
1767175085.7472382,-2,-1,-125
1767175085.757238,-2,-2,-124
1767175085.767238,-4,-1,-114
1767175085.777238,-3,0,-114
1767175085.787238,0,0,-118
1767175085.797238,1,-1,-114
1767175085.807238,4,3,-112
1767175085.817238,6,1,-111
1767175085.827238,7,0,-113
1767175085.837238,8,1,-114
1767175085.847238,7,1,-113
1767175085.857238,6,0,-119
1767175085.867238,6,0,-128
1767175085.877238,6,-2,-123
1767175085.8872385,6,0,-124
1767175085.8972385,2,-2,-122
1767175085.9072382,2,0,-121
1767175085.9172382,0,0,-122
1767175085.9272382,1,-3,-119
1767175085.9372382,0,-3,-120
1767175085.9472382,0,-1,-122
1767175085.9572382,0,0,-125
1767175085.9672382,2,-3,-124
1767175085.9772382,1,0,-120
1767175085.9872382,-4,1,-124
1767175085.9972382,-1,-2,-133
1767175086.007238,0,-6,-126
1767175086.017238,-1,-6,-124
1767175086.027238,0,-5,-124
1767175086.037238,0,-1,-120
1767175086.047238,-4,-4,-114
1767175086.057238,-1,-2,-115
1767175086.067238,-2,-3,-117
1767175086.077238,-2,-3,-122
1767175086.087238,2,-6,-120
1767175086.097238,0,-1,-113
1767175086.107238,0,-1,-113
1767175086.117238,-1,0,-112
1767175086.127238,1,3,-113
1767175086.1372385,-1,1,-120
1767175086.1472385,0,5,-119
1767175086.1572382,6,4,-120
1767175086.1672382,4,3,-124
1767175086.1772382,2,2,-126
1767175086.1872382,0,2,-117
1767175086.1972382,-1,0,-116
1767175086.2072382,0,0,-119
1767175086.2172382,1,2,-111
1767175086.2272382,4,2,-118
1767175086.2372382,4,3,-126
1767175086.2472382,0,-1,-130
1767175086.257238,-1,-1,-129
1767175086.267238,-5,-3,-125
1767175086.277238,-8,-3,-120
1767175086.287238,-4,-1,-120
1767175086.297238,0,-2,-123
1767175086.307238,0,-3,-122
1767175086.317238,-2,-5,-125
1767175086.327238,-6,-9,-120
1767175086.337238,-7,-10,-113
1767175086.347238,-6,-15,-107
1767175086.357238,-6,-17,-111
1767175086.367238,-6,-11,-120
1767175086.377238,-5,-2,-119
1767175086.3872385,-5,1,-112
1767175086.3972385,-5,0,-112
1767175086.4072382,-3,0,-110
1767175086.4172382,-5,2,-116
1767175086.4272382,-5,0,-123
1767175086.4372382,0,-1,-117
1767175086.4472382,0,-3,-114
1767175086.4572382,0,0,-117
1767175086.4672382,1,0,-128
1767175086.4772382,0,0,-131
1767175086.4872382,-1,1,-131
1767175086.4972382,0,-1,-125
1767175086.507238,0,1,-119
1767175086.517238,0,-1,-113
1767175086.527238,-1,0,-109
1767175086.537238,-1,-2,-107
1767175086.547238,0,-6,-116
1767175086.557238,2,-4,-114
1767175086.567238,0,0,-109
1767175086.577238,0,-2,-116
1767175086.587238,-3,-4,-117
1767175086.597238,-1,0,-119
1767175086.607238,-2,1,-127
1767175086.617238,-4,3,-126
1767175086.627238,-5,5,-129
1767175086.6372385,-7,7,-127
1767175086.6472385,-11,10,-126
1767175086.6572382,-9,9,-122
1767175086.6672382,-4,10,-118
1767175086.6772382,-3,7,-117
1767175086.6872382,-1,6,-117
1767175086.6972382,-2,1,-117
1767175086.7072382,-1,-1,-121
1767175086.7172382,0,-2,-117
1767175086.7272382,1,-2,-115
1767175086.7372382,-2,0,-117
1767175086.7472382,-1,0,-114
1767175086.757238,3,-5,-110
1767175086.767238,5,-4,-117
1767175086.777238,5,-1,-122
1767175086.787238,4,1,-119
1767175086.797238,4,4,-118
1767175086.807238,4,6,-122
1767175086.817238,1,0,-123
1767175086.827238,1,0,-125
1767175086.837238,0,0,-123
1767175086.847238,-4,0,-121
1767175086.857238,-5,1,-121
1767175086.867238,-2,2,-120
1767175086.877238,3,0,-115
1767175086.8872385,-3,0,-111
1767175086.8972385,0,0,-115
1767175086.9072382,-4,0,-117
1767175086.9172382,-4,0,-119
1767175086.9272382,0,-1,-117
1767175086.9372382,-6,1,-117
1767175086.9472382,-8,1,-119
1767175086.9572382,-5,0,-121
1767175086.9672382,-8,-1,-124
1767175086.9772382,-11,-2,-127
1767175086.9872382,-12,0,-122
1767175086.9972382,-13,0,-126
1767175087.007238,-7,-5,-124
1767175087.017238,-3,-7,-127
1767175087.027238,0,-2,-131
1767175087.037238,4,-1,-127
1767175087.047238,6,1,-123
1767175087.057238,5,-2,-123
1767175087.067238,2,-4,-122
1767175087.077238,-2,-6,-118
1767175087.087238,-1,-2,-123
1767175087.097238,-2,-2,-123
1767175087.107238,0,-2,-124
1767175087.117238,0,0,-117
1767175087.127238,0,-3,-113
1767175087.1372385,2,0,-119
1767175087.1472385,0,0,-113
1767175087.1572382,1,1,-113
1767175087.1672382,0,4,-113
1767175087.1782382,-1,5,-113
1767175087.1872382,1,2,-110
1767175087.198238,-2,0,-117
1767175087.208238,-3,-1,-118
1767175087.2172382,-2,-7,-117
1767175087.228238,-3,-9,-124
1767175087.238238,-2,-7,-124
1767175087.248238,0,-2,-126
1767175087.258238,3,-1,-120
1767175087.268238,0,-3,-117
1767175087.278238,0,-4,-130
1767175087.288238,4,-5,-127
1767175087.298238,2,-4,-129
1767175087.3082385,2,-2,-133
1767175087.3182385,2,0,-132
1767175087.3282382,4,-5,-129
1767175087.3382382,9,-5,-131
1767175087.3482382,6,-6,-137
1767175087.3582382,6,-5,-135
1767175087.3682382,2,1,-135
1767175087.3782382,2,3,-131
1767175087.3882382,-2,0,-127
1767175087.3982382,0,0,-127
1767175087.4082382,0,-1,-123
1767175087.4182382,2,0,-121
1767175087.4282382,4,0,-119
1767175087.438238,2,0,-123
1767175087.448238,7,0,-122
1767175087.458238,6,-3,-119
1767175087.468238,4,-1,-118
1767175087.478238,7,0,-114
1767175087.488238,3,0,-118
1767175087.498238,2,-1,-115
1767175087.508238,0,-1,-118
1767175087.518238,1,-6,-119
1767175087.528238,3,-4,-119
1767175087.538238,4,-2,-121
1767175087.548238,3,0,-122
1767175087.5582385,0,-3,-125
1767175087.5682385,3,-2,-123
1767175087.5782382,0,0,-119
1767175087.5882382,2,-2,-118
1767175087.5982382,6,0,-116
1767175087.6082382,6,0,-113
1767175087.6182382,7,-5,-114
1767175087.6282382,5,-5,-120
1767175087.6382382,5,-3,-125
1767175087.6482382,2,-5,-119
1767175087.6582382,4,-5,-116
1767175087.669238,3,-7,-115
1767175087.6782382,0,-3,-117
1767175087.688238,0,3,-126
1767175087.698238,0,0,-132
1767175087.708238,-2,-4,-127
1767175087.718238,-7,-2,-124
1767175087.728238,-3,-3,-121
1767175087.738238,-3,2,-123
1767175087.748238,-4,3,-121
1767175087.758238,-5,3,-117
1767175087.768238,-1,4,-117
1767175087.778238,0,3,-118
1767175087.788238,2,2,-120
1767175087.798238,5,0,-121
1767175087.8082385,4,-3,-123
1767175087.8182385,2,-3,-116
1767175087.8282382,5,-2,-112
1767175087.8382382,5,-1,-115
1767175087.8482382,0,-1,-125
1767175087.8582382,-3,0,-124
1767175087.8682382,-3,3,-131
1767175087.8782382,0,4,-136
1767175087.8882382,1,0,-134
1767175087.8982382,-1,-2,-128
1767175087.9082382,0,-1,-125
1767175087.9182382,-10,-2,-120
1767175087.9282382,-4,-3,-120
1767175087.938238,1,-1,-124
1767175087.948238,6,-3,-123
1767175087.958238,3,-4,-118
1767175087.968238,4,-1,-117
1767175087.978238,6,-1,-117
1767175087.988238,4,-4,-121
1767175087.998238,5,-11,-125
1767175088.008238,5,-8,-125
1767175088.018238,4,-7,-130
1767175088.028238,1,-2,-129
1767175088.038238,4,-2,-126
1767175088.048238,1,-2,-131
1767175088.0582385,-3,1,-123
1767175088.0682385,0,0,-124
1767175088.0782382,1,-4,-116
1767175088.0882382,6,-3,-115
1767175088.0982382,6,-6,-109
1767175088.1082382,7,-6,-115
1767175088.1182382,7,-3,-110
1767175088.1282382,3,0,-108
1767175088.1382382,0,4,-113
1767175088.1482382,1,1,-116
1767175088.1582382,0,1,-116
1767175088.1682382,3,0,-120
1767175088.1782382,0,0,-121
1767175088.188238,0,-3,-123
1767175088.198238,0,-1,-119
1767175088.208238,0,3,-112
1767175088.218238,-1,4,-107
1767175088.228238,-3,4,-104
1767175088.238238,-3,1,-106
1767175088.248238,-1,0,-109
1767175088.258238,-5,0,-109
1767175088.268238,-5,0,-116
1767175088.278238,0,-2,-115
1767175088.288238,-2,-4,-120
1767175088.298238,-5,-5,-123
1767175088.3082385,0,-3,-124
1767175088.3182385,0,-3,-121
1767175088.3282382,0,-6,-129
1767175088.3382382,1,-9,-132
1767175088.3482382,-3,-7,-127
1767175088.3582382,2,-2,-126
1767175088.3682382,7,-1,-126
1767175088.3782382,5,0,-121
1767175088.3882382,5,5,-118
1767175088.3982382,5,4,-118
1767175088.4082382,2,5,-119
1767175088.4182382,0,4,-122
1767175088.4282382,2,2,-119
1767175088.438238,2,-1,-123
1767175088.448238,1,-2,-122
1767175088.458238,-3,0,-124
1767175088.468238,-4,0,-123
1767175088.478238,-5,2,-126
1767175088.488238,-2,0,-125
1767175088.498238,-2,1,-126
1767175088.508238,0,2,-122
1767175088.518238,-2,0,-123
1767175088.528238,-4,0,-110
1767175088.538238,-1,1,-110
1767175088.548238,-4,-2,-111
1767175088.5582385,-8,-3,-113
1767175088.5682385,-2,0,-114
1767175088.5782382,-1,-1,-113
1767175088.5882382,-2,-2,-117
1767175088.5982382,1,-5,-117
1767175088.6082382,0,-6,-115
1767175088.6182382,0,-4,-116
1767175088.6282382,-3,-3,-118
1767175088.6382382,-3,-6,-117
1767175088.6482382,3,-10,-117
1767175088.6582382,-2,-5,-122
1767175088.6682382,-7,-5,-125
1767175088.6782382,-4,-6,-127
1767175088.688238,-4,-2,-127
1767175088.698238,0,0,-124
1767175088.708238,-3,0,-113
1767175088.718238,-3,-1,-119
1767175088.728238,-4,-2,-120
1767175088.738238,-3,0,-125
1767175088.748238,3,0,-119
1767175088.758238,7,-5,-123
1767175088.768238,1,-8,-121
1767175088.778238,1,-5,-119
1767175088.788238,0,-9,-111
1767175088.798238,5,-7,-113
1767175088.8082385,1,-4,-115
1767175088.8182385,-2,-3,-117
1767175088.8282382,-2,2,-123
1767175088.8382382,1,0,-123
1767175088.8482382,3,-4,-117
1767175088.8582382,3,-7,-112
1767175088.8682382,4,-10,-110
1767175088.8782382,3,-8,-115
1767175088.8882382,3,-4,-121
1767175088.8982382,0,-3,-120
1767175088.9082382,1,0,-123
1767175088.9182382,-3,-1,-119
1767175088.9282382,-6,0,-117
1767175088.938238,-11,0,-119
1767175088.948238,-13,-1,-123
1767175088.958238,-13,-3,-128
1767175088.968238,-6,-5,-124
1767175088.978238,-5,-5,-124
1767175088.988238,-7,-6,-121
1767175088.998238,-6,-3,-117
1767175089.008238,-1,-5,-118
1767175089.018238,-4,-7,-118
1767175089.028238,-7,-7,-116
1767175089.038238,-2,-2,-121
1767175089.048238,0,-8,-125
1767175089.0582385,0,-8,-121
1767175089.0682385,-3,-9,-120
1767175089.0782382,-3,-6,-119
1767175089.0882382,0,0,-123
1767175089.0982382,-3,-1,-122
1767175089.1082382,0,-3,-120
1767175089.1182382,4,-9,-115
1767175089.1282382,8,-8,-122
1767175089.1382382,6,-6,-122
1767175089.1482382,3,-9,-125
1767175089.1582382,1,-10,-129
1767175089.1682382,-3,-4,-129
1767175089.1782382,-5,1,-128
1767175089.188238,-6,0,-126
1767175089.198238,-6,0,-119
1767175089.208238,-9,-2,-121
1767175089.218238,-9,-1,-124
1767175089.228238,-3,-5,-119
1767175089.238238,-1,-3,-117
1767175089.248238,2,0,-121
1767175089.258238,6,2,-124
1767175089.268238,4,2,-126
1767175089.278238,2,0,-128
1767175089.288238,1,-1,-126
1767175089.298238,3,0,-130
1767175089.3082385,4,-4,-134
1767175089.3182385,3,-3,-134
1767175089.3282382,0,-3,-128
1767175089.3382382,-5,-3,-128
1767175089.3482382,-8,-10,-123
1767175089.3582382,-10,-11,-122
1767175089.3682382,-9,-9,-121
1767175089.3782382,-5,-6,-118
1767175089.3882382,-5,-8,-117
1767175089.3982382,-9,-6,-109
1767175089.4082382,-7,-1,-110
1767175089.4182382,-6,0,-107
1767175089.4282382,-5,-2,-110
1767175089.438238,-7,-5,-109
1767175089.448238,-10,-7,-113
1767175089.458238,-10,-2,-114
1767175089.468238,-8,-1,-116
1767175089.478238,-5,0,-109
1767175089.488238,0,0,-112
1767175089.498238,-4,0,-115
1767175089.508238,-6,-1,-118
1767175089.518238,-5,2,-123
1767175089.528238,-6,-4,-127
1767175089.538238,-5,-5,-119
1767175089.548238,1,-1,-115
1767175089.5582385,5,-2,-116
1767175089.5682385,6,-5,-111
1767175089.5782382,6,-3,-116
1767175089.5882382,6,-7,-120
1767175089.5982382,1,-10,-119
1767175089.6082382,0,-10,-120
1767175089.6182382,-1,-7,-119
1767175089.6282382,-1,-4,-115
1767175089.6382382,1,-6,-112
1767175089.6482382,1,-2,-118
1767175089.6582382,-1,-3,-121
1767175089.6682382,0,-7,-119
1767175089.6782382,4,-7,-122
1767175089.688238,0,-6,-127
1767175089.698238,2,-1,-122
1767175089.708238,-1,2,-122
1767175089.7302382,-3,-4,-131
1767175089.738238,-8,-7,-131
1767175089.748238,-3,-6,-127
1767175089.758238,-1,-6,-123
1767175089.768238,-1,-6,-116
1767175089.778238,1,-7,-121
1767175089.788238,0,-4,-122
1767175089.798238,0,-3,-125
1767175089.8082385,-1,-6,-127
1767175089.8182385,-3,-8,-125
1767175089.8282382,0,-2,-125
1767175089.8382382,2,-1,-122
1767175089.8482382,1,0,-124
1767175089.8582382,1,-2,-121
1767175089.8682382,2,-1,-119
1767175089.8782382,3,-3,-115
1767175089.8882382,7,-3,-117
1767175089.8982382,1,-3,-116
1767175089.9082382,1,-1,-119
1767175089.919238,3,-1,-120
1767175089.929238,0,-5,-119
1767175089.939238,2,-2,-119
1767175089.949238,6,-2,-113
1767175089.959238,-1,-1,-114
1767175089.969238,-4,-4,-118
1767175089.9792385,-3,-6,-122
1767175089.9892385,-6,-3,-116
1767175089.9992385,-7,0,-110
1767175090.0092382,-4,-3,-109
1767175090.0192382,-2,-5,-112
1767175090.0292382,-2,-2,-119
1767175090.0392382,-4,1,-116
1767175090.0492382,0,0,-115
1767175090.0592382,0,-1,-119
1767175090.0692382,0,-3,-123
1767175090.0792382,-2,-3,-125
1767175090.0892382,-2,-2,-128
1767175090.0992382,-3,-7,-134
1767175090.109238,-3,-2,-128
1767175090.119238,-2,-3,-123
1767175090.129238,-2,0,-123
1767175090.139238,-5,0,-126
1767175090.149238,-3,-2,-119
1767175090.159238,-2,-1,-118
1767175090.169238,1,-2,-116
1767175090.179238,-3,-3,-118
1767175090.189238,-3,-2,-111
1767175090.199238,-2,1,-114
1767175090.209238,-1,-2,-122
1767175090.219238,0,0,-121
1767175090.2292385,-4,-1,-117
1767175090.2392385,-2,-4,-113
1767175090.2492385,-3,-6,-112
1767175090.2592382,1,-7,-110
1767175090.2692382,0,-3,-111
1767175090.2792382,-1,-3,-119
1767175090.2892382,-2,-1,-117
1767175090.2992382,0,4,-116
1767175090.3092382,-1,6,-117
1767175090.3192382,-5,3,-120
1767175090.3292382,-4,0,-125
1767175090.3392382,-3,-2,-125
1767175090.3492382,-1,-4,-125
1767175090.359238,2,-3,-126
1767175090.369238,2,-3,-124
1767175090.379238,3,-3,-123
1767175090.389238,6,0,-118
1767175090.399238,4,-1,-117
1767175090.409238,10,1,-114
1767175090.419238,8,0,-115
1767175090.429238,3,1,-118
1767175090.439238,2,2,-119
1767175090.449238,3,0,-118
1767175090.459238,3,-2,-118
1767175090.469238,-3,-6,-119
1767175090.4792385,-4,-7,-119
1767175090.4892385,-5,-2,-123
1767175090.4992385,-7,-1,-125
1767175090.5092382,-7,0,-128
1767175090.5192382,-10,0,-123
1767175090.5292382,-7,2,-123
1767175090.5392382,-4,4,-117
1767175090.5492382,-4,3,-124
1767175090.5592382,-3,-1,-120
1767175090.5692382,-2,-1,-123
1767175090.5792382,0,-2,-119
1767175090.5892382,0,-5,-118
1767175090.5992382,-1,-3,-120
1767175090.609238,1,-3,-115
1767175090.619238,2,-3,-111
1767175090.629238,1,0,-114
1767175090.639238,0,0,-122
1767175090.649238,1,0,-123
1767175090.659238,1,1,-115
1767175090.669238,0,2,-115
1767175090.679238,1,2,-116
1767175090.689238,1,-1,-112
1767175090.699238,0,-3,-116
1767175090.709238,-1,0,-114
1767175090.719238,0,-1,-115
1767175090.7292385,0,-1,-121
1767175090.7392385,0,-1,-121
1767175090.7492385,-1,-1,-119
1767175090.7592382,-2,2,-124
1767175090.7692382,0,2,-125
1767175090.7792382,4,0,-126
1767175090.7892382,1,4,-117
1767175090.7992382,0,5,-120
1767175090.8092382,-6,-1,-113
1767175090.8192382,-6,-1,-110
1767175090.8292382,-3,-3,-111
1767175090.8392382,-4,-7,-119
1767175090.8492382,-5,-7,-128
1767175090.859238,-1,-7,-132
1767175090.869238,0,-8,-127
1767175090.879238,2,-9,-128
1767175090.889238,8,-10,-128
1767175090.899238,4,-7,-126
1767175090.909238,2,-6,-124
1767175090.919238,0,0,-122
1767175090.929238,0,0,-120
1767175090.939238,1,-4,-121
1767175090.949238,2,-4,-114
1767175090.959238,3,-5,-115
1767175090.969238,1,-6,-115
1767175090.9792385,2,-8,-113
1767175090.9892385,3,-9,-103
1767175090.9992385,4,-7,-102
1767175091.0092382,5,-4,-104
1767175091.0192382,3,-4,-100
1767175091.0292382,3,-3,-101
1767175091.0392382,3,-4,-106
1767175091.0492382,1,-4,-110
1767175091.0592382,-1,-4,-111
1767175091.0692382,-3,-5,-105
1767175091.0792382,0,-4,-105
1767175091.0892382,-1,0,-107
1767175091.0992382,0,-4,-109
1767175091.109238,-7,-4,-116
1767175091.119238,-9,-2,-120
1767175091.129238,-8,-1,-119
1767175091.139238,-6,-4,-110
1767175091.149238,-6,0,-112
1767175091.159238,-5,2,-112
1767175091.169238,-4,5,-113
1767175091.179238,0,0,-120
1767175091.189238,0,1,-115
1767175091.199238,0,-1,-120
1767175091.209238,-1,0,-121
1767175091.219238,-3,1,-132
1767175091.2292385,-4,0,-133
1767175091.2392385,-2,1,-124
1767175091.2492385,0,4,-121
1767175091.2592382,0,9,-120
1767175091.2692382,-2,11,-124
1767175091.2792382,0,7,-127
1767175091.2892382,0,3,-125
1767175091.2992382,3,3,-122
1767175091.3092382,4,5,-114
1767175091.3192382,3,5,-114
1767175091.3292382,3,3,-118
1767175091.3392382,2,6,-119
1767175091.3492382,5,2,-123
1767175091.359238,4,2,-127
1767175091.369238,0,3,-125
1767175091.379238,1,0,-125
1767175091.389238,1,1,-130
1767175091.399238,3,2,-130
1767175091.409238,2,5,-131
1767175091.419238,1,5,-128
1767175091.429238,0,2,-122
1767175091.439238,1,2,-124
1767175091.449238,0,0,-122
1767175091.459238,-3,-5,-118
1767175091.469238,-4,-8,-116
1767175091.4792385,1,-9,-111
1767175091.4892385,1,-7,-113
1767175091.4992385,-1,-7,-120
1767175091.5092382,-2,-3,-118
1767175091.5192382,0,-2,-121
1767175091.5292382,1,-2,-121
1767175091.5392382,1,-3,-122
1767175091.5492382,-6,-2,-125
1767175091.5592382,-6,0,-125
1767175091.5692382,-5,2,-130
1767175091.5792382,-5,6,-136
1767175091.5892382,0,2,-134
1767175091.5992382,0,0,-128
1767175091.609238,-2,2,-125
1767175091.619238,-4,1,-127
1767175091.629238,-5,1,-128
1767175091.639238,-3,2,-122
1767175091.649238,1,-1,-125
1767175091.659238,3,2,-127
1767175091.669238,3,4,-126
1767175091.679238,0,3,-125
1767175091.689238,2,3,-128
1767175091.699238,2,0,-126
1767175091.709238,0,1,-121
1767175091.719238,1,0,-120
1767175091.7292385,5,-4,-116
1767175091.7392385,1,-7,-118
1767175091.7492385,3,-5,-120
1767175091.7592382,3,-2,-119
1767175091.7692382,2,-1,-118
1767175091.7792382,3,-2,-112
1767175091.7892382,-1,0,-113
1767175091.7992382,-1,-1,-113
1767175091.8092382,0,0,-114
1767175091.8192382,1,-1,-113
1767175091.8292382,6,-2,-105
1767175091.8392382,5,-9,-111
1767175091.8492382,2,-7,-114
1767175091.859238,0,-8,-110
1767175091.869238,0,-10,-116
1767175091.879238,-1,-8,-117
1767175091.889238,-2,-6,-119
1767175091.899238,-2,-6,-121
1767175091.909238,0,-9,-122
1767175091.919238,-3,-4,-120
1767175091.929238,-3,-5,-114
1767175091.939238,-5,-1,-114
1767175091.949238,-3,-4,-110
1767175091.959238,1,-7,-116
1767175091.969238,0,-7,-119
1767175091.9792385,0,-8,-121
1767175091.9892385,3,-7,-119
1767175091.9992385,4,-5,-121
1767175092.0092382,1,-5,-126
1767175092.0192382,5,-5,-127
1767175092.0292382,2,-2,-126
1767175092.0392382,5,-3,-130
1767175092.0492382,6,-2,-133
1767175092.0592382,4,0,-126
1767175092.0692382,3,2,-120
1767175092.0792382,5,2,-124
1767175092.0892382,1,1,-133
1767175092.0992382,-4,-2,-135
1767175092.109238,-9,0,-136
1767175092.119238,-6,0,-135
1767175092.129238,-2,-2,-128
1767175092.139238,0,-2,-127
1767175092.149238,2,-3,-128
1767175092.159238,9,-2,-131
1767175092.169238,3,-3,-132
1767175092.179238,-2,-3,-130
1767175092.189238,0,-1,-128
1767175092.199238,-1,0,-129
1767175092.209238,-3,-3,-130
1767175092.219238,-2,-1,-123
1767175092.2292385,0,-2,-113
1767175092.2392385,2,-1,-109
1767175092.2492385,0,-3,-112
1767175092.2592382,-2,1,-114
1767175092.2692382,-7,0,-121
1767175092.2792382,-4,4,-120
1767175092.2892382,1,3,-123
1767175092.2992382,-2,2,-117
1767175092.3092382,-6,-1,-119
1767175092.3192382,-6,-1,-123
1767175092.3292382,-3,-2,-119
1767175092.3392382,-8,-4,-120
1767175092.3492382,-11,2,-120
1767175092.359238,-13,3,-119
1767175092.369238,-10,5,-123
1767175092.379238,-9,5,-125
1767175092.389238,-9,2,-122
1767175092.399238,-6,4,-122
1767175092.409238,-2,3,-120
1767175092.419238,3,3,-124
1767175092.429238,2,1,-124
1767175092.439238,0,4,-127
1767175092.449238,-2,0,-124
1767175092.459238,-3,-1,-122
1767175092.469238,-7,0,-115
1767175092.4792385,-7,-2,-119
1767175092.4892385,-5,0,-125
1767175092.4992385,-4,-3,-131
1767175092.5092382,-2,-1,-133
1767175092.5192382,1,0,-125
1767175092.5302382,-2,0,-124
1767175092.5392382,-1,-4,-123
1767175092.5492382,-3,-7,-121
1767175092.560238,-4,-4,-120
1767175092.570238,-9,-6,-118
1767175092.580238,-7,-9,-125
1767175092.590238,-5,-10,-121
1767175092.600238,-3,-8,-122
1767175092.610238,-3,-6,-123
1767175092.620238,0,-5,-122
1767175092.630238,0,0,-123
1767175092.640238,1,1,-126
1767175092.650238,0,-4,-121
1767175092.6602385,4,-3,-120
1767175092.6702385,3,0,-119
1767175092.6802382,0,0,-122
1767175092.6902382,0,1,-122
1767175092.7002382,1,2,-123
1767175092.7102382,-4,4,-120
1767175092.7202382,-6,8,-115
1767175092.7302382,-3,6,-110
1767175092.7402382,-4,6,-111
1767175092.7502382,-2,1,-115
1767175092.7602382,3,1,-120
1767175092.7702382,2,1,-124
1767175092.7802382,5,0,-125
1767175092.790238,0,0,-123
1767175092.800238,-2,0,-126
1767175092.810238,-3,2,-129
1767175092.820238,-3,0,-128
1767175092.830238,-4,0,-122
1767175092.840238,-4,2,-117
1767175092.850238,-2,-2,-119
1767175092.860238,0,-1,-118
1767175092.870238,-2,-3,-122
1767175092.880238,-5,-1,-123
1767175092.890238,-3,1,-120
1767175092.900238,0,1,-123
1767175092.9102385,2,4,-122
1767175092.9202385,0,4,-124
1767175092.9302382,0,-3,-124
1767175092.9402382,-2,-6,-126
1767175092.9502382,0,-5,-117
1767175092.9602382,-3,-1,-121
1767175092.9702382,-7,-4,-122
1767175092.9802382,-2,-10,-125
1767175092.9902382,1,-7,-119
1767175093.0002382,-1,0,-120
1767175093.0102382,0,-3,-122
1767175093.0202382,1,0,-120
1767175093.0302382,4,0,-119
1767175093.040238,2,0,-119
1767175093.050238,1,2,-122
1767175093.060238,0,-1,-121
1767175093.070238,2,-3,-123
1767175093.080238,2,-3,-129
1767175093.090238,0,0,-125
1767175093.100238,-3,-1,-126
1767175093.110238,-5,-2,-118
1767175093.120238,-1,0,-121
1767175093.130238,-1,0,-124
1767175093.140238,-1,0,-119
1767175093.150238,-2,1,-117
1767175093.1602385,0,-1,-111
1767175093.1702385,2,-1,-111
1767175093.1802382,2,0,-120
1767175093.1902382,1,0,-123
1767175093.2002382,0,0,-120
1767175093.2102382,1,1,-120
1767175093.2202382,2,4,-124
1767175093.2302382,3,1,-121
1767175093.2402382,2,0,-117
1767175093.2502382,1,-3,-118
1767175093.2602382,-5,-1,-116
1767175093.2702382,-5,-1,-115
1767175093.2802382,-5,0,-115
1767175093.290238,-8,2,-119
1767175093.300238,-7,0,-121
1767175093.310238,-7,-1,-119
1767175093.320238,-5,-7,-123
1767175093.330238,-2,-7,-118
1767175093.340238,4,-3,-127
1767175093.350238,8,-2,-124
1767175093.360238,7,0,-124
1767175093.370238,1,0,-119
1767175093.380238,1,1,-119
1767175093.390238,-2,2,-117
1767175093.400238,0,-2,-114
1767175093.4102385,0,-3,-118
1767175093.4202385,-2,-1,-116
1767175093.4302382,-3,2,-116
1767175093.4402382,-1,1,-118
1767175093.4502382,0,3,-118
1767175093.4602382,1,3,-118
1767175093.4702382,0,4,-122
1767175093.4802382,0,5,-116
1767175093.4902382,1,3,-116
1767175093.5002382,-3,7,-119
1767175093.5102382,-1,8,-120
1767175093.5202382,-1,2,-117
1767175093.5302382,-1,2,-117
1767175093.540238,-2,2,-111
1767175093.550238,2,2,-116
1767175093.560238,2,-3,-115
1767175093.570238,0,-2,-112
1767175093.580238,0,-1,-120
1767175093.590238,-1,-2,-123
1767175093.600238,0,-4,-121
1767175093.610238,4,-5,-119
1767175093.620238,7,-4,-117
1767175093.630238,10,-1,-113
1767175093.640238,7,0,-114
1767175093.650238,6,-2,-114
1767175093.6602385,0,1,-118
1767175093.6702385,0,0,-120
1767175093.6802382,0,0,-113
1767175093.6902382,-1,1,-114
1767175093.7002382,-1,0,-116
1767175093.7102382,2,-4,-117
1767175093.7202382,2,-6,-115
1767175093.7302382,1,-2,-119
1767175093.7402382,1,1,-118
1767175093.7502382,3,-1,-108
1767175093.7602382,5,-3,-108
1767175093.7702382,6,0,-115
1767175093.7802382,9,2,-117
1767175093.790238,6,2,-117
1767175093.800238,4,0,-121
1767175093.810238,2,0,-116
1767175093.820238,0,-1,-113
1767175093.830238,-2,-4,-116
1767175093.840238,-2,-6,-114
1767175093.850238,0,-6,-115
1767175093.860238,-1,-7,-112
1767175093.870238,0,-11,-116
1767175093.880238,3,-8,-117
1767175093.890238,7,-10,-122
1767175093.900238,5,-6,-120
1767175093.9102385,3,-2,-124
1767175093.9202385,2,-1,-122
1767175093.9302382,0,1,-120
1767175093.9402382,1,-2,-118
1767175093.9502382,0,-1,-115
1767175093.9602382,-1,-2,-117
1767175093.9702382,0,-2,-123
1767175093.9802382,-5,-5,-117
1767175093.9902382,-3,-8,-121
1767175094.0002382,0,-5,-119
1767175094.0102382,-5,-5,-120
1767175094.0202382,-3,-6,-118
1767175094.0302382,-4,-3,-116
1767175094.040238,-6,-5,-121
1767175094.050238,-4,-5,-120
1767175094.060238,-1,-2,-123
1767175094.070238,0,-1,-122
1767175094.080238,0,-2,-124
1767175094.090238,-2,-3,-116
1767175094.100238,-5,-6,-118
1767175094.110238,-3,-4,-120
1767175094.120238,-2,-3,-118
1767175094.130238,2,-1,-124
1767175094.140238,0,0,-126
1767175094.150238,0,-1,-125
1767175094.1602385,-4,0,-123
1767175094.1702385,-2,0,-121
1767175094.1802382,1,3,-123
1767175094.1902382,3,0,-127
1767175094.2002382,4,-2,-120
1767175094.2102382,4,-2,-121
1767175094.2202382,4,-3,-115
1767175094.2302382,3,-2,-109
1767175094.2402382,5,0,-107
1767175094.2502382,0,-3,-110
1767175094.2602382,-1,-2,-99
1767175094.2702382,4,-1,-106
1767175094.2802382,6,-4,-113
1767175094.290238,1,-5,-120
1767175094.300238,4,-3,-118
1767175094.310238,2,-2,-118
1767175094.320238,-5,-5,-121
1767175094.330238,-4,-5,-125
1767175094.340238,0,-8,-128
1767175094.350238,-2,-7,-126
1767175094.360238,2,-5,-122
1767175094.370238,4,-7,-123
1767175094.380238,3,-4,-120
1767175094.390238,5,-2,-119
1767175094.400238,2,-4,-125
1767175094.4102385,4,-4,-123
1767175094.4202385,0,0,-119
1767175094.4302382,3,0,-120
1767175094.4402382,1,0,-120
1767175094.4502382,2,0,-120
1767175094.4602382,6,1,-115
1767175094.4702382,7,0,-111
1767175094.4802382,4,0,-111
1767175094.4902382,2,0,-114
1767175094.5002382,-3,-6,-116
1767175094.5102382,-4,-6,-114
1767175094.5202382,-4,-7,-119
1767175094.5302382,-1,-10,-122
1767175094.540238,-1,-8,-121
1767175094.550238,-2,-2,-124
1767175094.560238,3,0,-125
1767175094.570238,7,0,-121
1767175094.580238,2,-1,-121
1767175094.590238,6,-3,-116
1767175094.600238,7,0,-122
1767175094.610238,8,-2,-121
1767175094.620238,7,0,-115
1767175094.630238,8,0,-115
1767175094.640238,7,0,-114
1767175094.650238,4,-1,-116
1767175094.6602385,2,1,-121
1767175094.6702385,-1,0,-115
1767175094.6802382,-1,-1,-115
1767175094.6902382,3,0,-122
1767175094.7002382,5,0,-122
1767175094.7102382,3,2,-118
1767175094.7202382,1,3,-121
1767175094.741238,5,6,-123
1767175094.7502382,6,5,-131
1767175094.7602382,1,4,-138
1767175094.7702382,0,5,-135
1767175094.7802382,-1,6,-124
1767175094.790238,-1,5,-119
1767175094.800238,-3,3,-119
1767175094.810238,0,-1,-121
1767175094.820238,0,-1,-128
1767175094.830238,0,0,-129
1767175094.840238,0,0,-132
1767175094.850238,-1,-1,-135
1767175094.860238,-3,2,-132
1767175094.870238,-5,1,-123
1767175094.880238,-4,-1,-124
1767175094.890238,-6,-3,-122
1767175094.900238,-1,-6,-117
1767175094.9102385,-4,-6,-124
1767175094.9202385,-2,-5,-122
1767175094.9302382,-2,-1,-116
1767175094.9402382,-1,-1,-114
1767175094.9502382,-1,-1,-121
1767175094.9602382,-1,0,-119
1767175094.9702382,-2,-3,-122
1767175094.9802382,0,-5,-127
1767175094.9902382,0,-4,-123
1767175095.0002382,-3,-5,-122
1767175095.0102382,-2,-2,-122
1767175095.0202382,-3,0,-122
1767175095.0302382,0,2,-122
1767175095.040238,0,5,-124
1767175095.050238,3,3,-122
1767175095.060238,3,-2,-113
1767175095.070238,0,-5,-108
1767175095.080238,0,-4,-109
1767175095.090238,1,-2,-101
1767175095.100238,-1,2,-100
1767175095.110238,-1,1,-107
1767175095.120238,1,2,-99
1767175095.130238,-3,-1,-105
1767175095.140238,-3,-5,-109
1767175095.150238,-2,-2,-110
1767175095.1602385,-2,-4,-111
1767175095.1702385,-4,-6,-116
1767175095.1802382,-3,-3,-122
1767175095.1902382,-3,-3,-119
1767175095.2012382,-2,-3,-123
1767175095.2102382,-2,-2,-116
1767175095.221238,-1,-7,-118
1767175095.231238,-1,-9,-124
1767175095.241238,-2,-6,-121
1767175095.251238,-2,-6,-118
1767175095.261238,2,-7,-119
1767175095.271238,0,-3,-123
1767175095.281238,7,-4,-126
1767175095.291238,8,-4,-123
1767175095.301238,4,-10,-123
1767175095.311238,3,-7,-122
1767175095.321238,-1,-3,-122
1767175095.3312385,0,-2,-118
1767175095.3412385,-5,0,-119
1767175095.3512385,-9,1,-123
1767175095.3612382,-7,-1,-121
1767175095.3712382,-4,-2,-123
1767175095.3812382,-3,-4,-128
1767175095.3912382,-3,-7,-130
1767175095.4012382,-3,-7,-130
1767175095.4112382,-5,-8,-130
1767175095.4212382,-3,-7,-132
1767175095.4312382,0,-6,-128
1767175095.4412382,2,-4,-116
1767175095.4512382,0,0,-111
1767175095.461238,0,0,-116
1767175095.471238,-2,0,-115
1767175095.481238,0,0,-111
1767175095.491238,-2,0,-118
1767175095.501238,-3,-1,-116
1767175095.511238,-5,-4,-110
1767175095.521238,-3,-4,-115
1767175095.531238,-2,-7,-117
1767175095.541238,0,-8,-113
1767175095.551238,0,-10,-118
1767175095.561238,-4,-7,-117
1767175095.571238,0,-8,-118
1767175095.5812385,-2,-5,-125
1767175095.5912385,-2,-4,-119
1767175095.6012385,0,-2,-123
1767175095.6112382,0,-1,-123
1767175095.6212382,-1,0,-126
1767175095.6312382,-3,-1,-123
1767175095.6412382,-2,-1,-123
1767175095.6512382,0,0,-117
1767175095.6612382,0,0,-113
1767175095.6712382,-3,-4,-116
1767175095.6812382,-6,-5,-122
1767175095.6912382,-4,-3,-123
1767175095.7012382,-8,-6,-119
1767175095.711238,-3,-7,-119
1767175095.721238,-3,-3,-121
1767175095.731238,-2,-3,-123
1767175095.741238,0,-3,-128
1767175095.751238,1,-5,-128
1767175095.761238,5,-6,-134
1767175095.771238,3,-9,-139
1767175095.781238,0,-5,-143
1767175095.791238,0,-5,-143
1767175095.801238,0,-4,-132
1767175095.811238,-1,-3,-127
1767175095.821238,-5,-4,-130
1767175095.8312385,-5,-3,-127
1767175095.8412385,-4,-2,-125
1767175095.8512385,0,-1,-126
1767175095.8612382,0,3,-123
1767175095.8712382,5,5,-124
1767175095.8812382,3,4,-120
1767175095.8912382,1,1,-120
1767175095.9012382,4,1,-123
1767175095.9112382,3,0,-127
1767175095.9212382,3,-2,-129
1767175095.9312382,3,-5,-122
1767175095.9412382,4,-2,-125
1767175095.9512382,3,-1,-113
1767175095.961238,2,-1,-117
1767175095.971238,-1,1,-122
1767175095.981238,3,-2,-122
1767175095.991238,4,-1,-114
1767175096.001238,3,-1,-115
1767175096.011238,0,-2,-112
1767175096.021238,-2,-2,-117
1767175096.031238,-2,-5,-115
1767175096.041238,-3,-4,-119
1767175096.051238,-5,-4,-122
1767175096.061238,-5,-3,-127
1767175096.071238,-3,-3,-121
1767175096.0812385,-7,0,-124
1767175096.0912385,-7,0,-123
1767175096.1012385,-5,-3,-124
1767175096.1112382,-6,-4,-124
1767175096.1212382,-5,-6,-127
1767175096.1312382,-2,-3,-123
1767175096.1412382,-2,-1,-118
1767175096.1512382,0,0,-114
1767175096.1612382,0,0,-115
1767175096.1712382,0,0,-121
1767175096.1812382,0,5,-115
1767175096.1912382,0,3,-111
1767175096.2012382,0,3,-113
1767175096.211238,2,-2,-115
1767175096.221238,7,-5,-113
1767175096.231238,4,-4,-109
1767175096.241238,3,-2,-104
1767175096.251238,0,0,-105
1767175096.261238,4,1,-109
1767175096.271238,4,-1,-107
1767175096.281238,3,0,-114
1767175096.291238,5,0,-117
1767175096.301238,3,3,-116
1767175096.311238,2,5,-120
1767175096.321238,-1,1,-119
1767175096.3312385,-2,0,-114
1767175096.3412385,-3,-4,-109
1767175096.3512385,-6,-4,-120
1767175096.3612382,-8,-1,-120
1767175096.3712382,-1,-1,-121
1767175096.3812382,0,0,-118
1767175096.3912382,-2,-2,-117
1767175096.4012382,-3,-1,-119
1767175096.4112382,-2,-5,-119
1767175096.4212382,0,-1,-126
1767175096.4312382,1,0,-126
1767175096.4412382,0,0,-126
1767175096.4512382,0,2,-125
1767175096.461238,-3,3,-122
1767175096.471238,0,2,-123
1767175096.481238,-2,0,-116
1767175096.491238,-4,-1,-114
1767175096.501238,-1,-3,-118
1767175096.511238,-3,-1,-123
1767175096.521238,0,-1,-124
1767175096.531238,2,-4,-123
1767175096.541238,2,-6,-129
1767175096.551238,0,-3,-129
1767175096.561238,-1,-6,-128
1767175096.571238,-2,-6,-135
1767175096.5812385,-4,-6,-128
1767175096.5912385,-5,-6,-125
1767175096.6012385,-6,-4,-120
1767175096.6112382,-4,-5,-118
1767175096.6212382,0,-3,-120
1767175096.6312382,2,0,-121
1767175096.6412382,2,0,-116
1767175096.6512382,3,0,-119
1767175096.6612382,4,-2,-117
1767175096.6712382,1,-1,-119
1767175096.6812382,1,0,-117
1767175096.6912382,5,0,-121
1767175096.7012382,4,1,-115
1767175096.711238,6,4,-125
1767175096.721238,4,5,-125
1767175096.731238,3,4,-123
1767175096.741238,0,4,-128
1767175096.751238,0,3,-129
1767175096.761238,0,0,-130
1767175096.771238,0,-1,-125
1767175096.781238,1,-2,-124
1767175096.791238,-1,1,-127
1767175096.801238,-2,2,-128
1767175096.811238,-3,3,-134
1767175096.821238,-6,1,-129
1767175096.8312385,-5,5,-124
1767175096.8412385,-6,6,-131
1767175096.8512385,-1,6,-135
1767175096.8612382,-2,2,-132
1767175096.8712382,2,3,-127
1767175096.8812382,2,-2,-127
1767175096.8912382,-4,1,-127
1767175096.9012382,-1,-2,-123
1767175096.9112382,-5,-2,-123
1767175096.9212382,-3,-2,-126
1767175096.9312382,-2,0,-120
1767175096.9412382,-6,0,-112
1767175096.9512382,-7,0,-117
1767175096.961238,-8,1,-119
1767175096.971238,-7,-1,-112
1767175096.981238,-8,-1,-116
1767175096.991238,-11,-2,-114
1767175097.001238,-10,-1,-116
1767175097.011238,-11,1,-114
1767175097.021238,-10,0,-120
1767175097.031238,-8,0,-118
1767175097.041238,-2,0,-115
1767175097.051238,-1,2,-122
1767175097.061238,-3,4,-127
1767175097.071238,-3,2,-128
1767175097.0812385,-1,2,-124
1767175097.0912385,2,0,-130
1767175097.1012385,2,-5,-127
1767175097.1112382,2,-7,-123
1767175097.1212382,3,0,-122
1767175097.1312382,8,-2,-124
1767175097.1412382,1,1,-121
1767175097.1512382,2,0,-118
1767175097.1612382,3,0,-122
1767175097.1712382,6,0,-121
1767175097.1812382,6,2,-119
1767175097.1912382,3,2,-120
1767175097.2012382,-3,4,-121
1767175097.211238,1,2,-119
1767175097.221238,0,-1,-112
1767175097.231238,0,-7,-111
1767175097.241238,4,-4,-108
1767175097.251238,-2,-3,-113
1767175097.261238,0,-4,-114
1767175097.271238,-1,-6,-122
1767175097.281238,-4,-6,-125
1767175097.291238,0,-4,-122
1767175097.301238,0,-1,-127
1767175097.311238,0,-2,-124
1767175097.321238,2,1,-123
1767175097.3312385,3,-2,-121
1767175097.3412385,4,2,-121
1767175097.3512385,0,0,-117
1767175097.3612382,1,-1,-111
1767175097.3712382,5,3,-113
1767175097.3812382,4,2,-110
1767175097.3912382,2,5,-110
1767175097.4012382,3,3,-114
1767175097.4112382,0,2,-110
1767175097.4212382,0,1,-111
1767175097.4312382,2,2,-112
1767175097.4412382,-2,5,-106
1767175097.4512382,-3,4,-109
1767175097.461238,-1,0,-111
1767175097.471238,0,5,-113
1767175097.481238,0,4,-120
1767175097.491238,-2,4,-120
1767175097.501238,1,6,-129
1767175097.511238,3,3,-130
1767175097.521238,4,3,-132
1767175097.531238,1,4,-130
1767175097.541238,0,5,-128
1767175097.551238,4,8,-125
1767175097.561238,2,5,-119
1767175097.571238,3,5,-124
1767175097.5812385,6,3,-125
1767175097.5912385,6,1,-117
1767175097.6012385,3,1,-115
1767175097.6112382,1,2,-123
1767175097.6212382,-1,-4,-121
1767175097.6312382,-5,-9,-129
1767175097.6412382,-3,-11,-132
1767175097.6512382,-3,-8,-131
1767175097.6612382,-6,-5,-131
1767175097.6712382,-7,-4,-123
1767175097.6812382,-5,-2,-117
1767175097.6912382,-2,-3,-115
1767175097.7012382,-1,-2,-114
1767175097.711238,0,-3,-112
1767175097.721238,0,-4,-109
1767175097.731238,0,-6,-112
1767175097.741238,1,-5,-114
1767175097.751238,0,-2,-121
1767175097.761238,-2,1,-114
1767175097.771238,0,3,-119
1767175097.781238,2,0,-121
1767175097.791238,0,-4,-117
1767175097.801238,2,-4,-113
1767175097.811238,-3,-6,-112
1767175097.821238,-2,-1,-103
1767175097.8312385,-1,0,-105
1767175097.8412385,0,2,-115
1767175097.8512385,0,3,-116
1767175097.8612382,-4,2,-118
1767175097.8722382,-1,3,-120
1767175097.882238,-2,0,-125
1767175097.892238,-2,2,-124
1767175097.902238,-5,1,-130
1767175097.912238,-4,0,-135
1767175097.922238,-2,-1,-129
1767175097.932238,-4,4,-122
1767175097.942238,-4,2,-123
1767175097.952238,-2,-1,-130
1767175097.962238,0,-1,-130
1767175097.972238,1,-2,-130
1767175097.982238,2,-2,-128
1767175097.992238,0,2,-128
1767175098.002238,3,2,-127
1767175098.0122385,2,1,-124
1767175098.0222385,0,-1,-119
1767175098.0322382,2,-1,-115
1767175098.0422382,-2,0,-110
1767175098.0522382,-3,2,-115
1767175098.0622382,-5,2,-121
1767175098.0722382,-6,1,-120
1767175098.0822382,-2,0,-117
1767175098.0922382,-3,0,-117
1767175098.1022382,-2,-1,-118
1767175098.1122382,-2,-1,-117
1767175098.1222382,0,-4,-114
1767175098.132238,-1,-7,-116
1767175098.142238,-1,-5,-114
1767175098.152238,-4,-1,-109
1767175098.162238,-8,-1,-115
1767175098.172238,-8,-1,-124
1767175098.182238,-7,0,-130
1767175098.192238,-1,1,-130
1767175098.202238,-5,0,-123
1767175098.212238,-5,0,-123
1767175098.222238,0,-2,-123
1767175098.232238,0,0,-123
1767175098.242238,2,-2,-128
1767175098.252238,1,0,-133
1767175098.2622385,2,-2,-127
1767175098.2722385,3,-4,-120
1767175098.2822382,5,-3,-123
1767175098.2922382,1,-4,-123
1767175098.3022382,1,-2,-125
1767175098.3122382,0,-4,-123
1767175098.3222382,-4,-2,-122
1767175098.3322382,-5,-2,-118
1767175098.3422382,-2,2,-112
1767175098.3522382,0,1,-111
1767175098.3622382,2,0,-113
1767175098.3722382,0,4,-117
1767175098.382238,1,3,-124
1767175098.392238,1,0,-119
1767175098.402238,2,0,-118
1767175098.412238,0,0,-118
1767175098.422238,-4,0,-126
1767175098.432238,-4,-3,-129
1767175098.442238,-3,-3,-127
1767175098.452238,-3,0,-120
1767175098.462238,-3,0,-115
1767175098.472238,1,1,-106
1767175098.482238,6,0,-109
1767175098.492238,5,2,-111
1767175098.502238,-1,0,-108
1767175098.5122385,0,0,-106
1767175098.5222385,-2,-3,-106
1767175098.5322382,-4,-5,-109
1767175098.5422382,-4,-2,-118
1767175098.5522382,-4,-3,-117
1767175098.5622382,-3,-1,-116
1767175098.5722382,1,-1,-124
1767175098.5822382,1,-4,-126
1767175098.5922382,2,-4,-120
1767175098.6022382,-2,-7,-122
1767175098.6122382,-3,-7,-124
1767175098.6222382,-4,-9,-119
1767175098.632238,-7,-6,-126
1767175098.642238,-6,-5,-120
1767175098.652238,-3,-5,-122
1767175098.662238,0,-4,-126
1767175098.672238,-2,-3,-124
1767175098.682238,-1,0,-123
1767175098.692238,-3,0,-116
1767175098.702238,-4,1,-114
1767175098.712238,-6,0,-119
1767175098.722238,-4,-2,-123
1767175098.732238,-3,-1,-124
1767175098.742238,-7,-1,-119
1767175098.752238,-3,0,-116
1767175098.7622385,-1,-2,-119
1767175098.7722385,-3,-2,-120
1767175098.7822382,-1,0,-124
1767175098.7922382,-2,-4,-121
1767175098.8022382,-5,-4,-120
1767175098.8122382,-3,-4,-119
1767175098.8222382,-2,-5,-115
1767175098.8322382,-5,-4,-118
1767175098.8422382,-6,-4,-121
1767175098.8522382,-4,-1,-117
1767175098.8622382,-3,-1,-118
1767175098.8722382,0,-1,-124
1767175098.882238,1,-4,-125
1767175098.892238,2,-7,-127
1767175098.902238,2,-7,-123
1767175098.912238,0,-4,-120
1767175098.922238,1,-5,-123
1767175098.932238,0,-2,-128
1767175098.942238,-1,0,-129
1767175098.952238,-1,0,-127
1767175098.962238,-7,0,-129
1767175098.972238,-8,0,-124
1767175098.982238,-5,0,-123
1767175098.992238,-2,0,-128
1767175099.002238,-5,1,-125
1767175099.0122385,-3,-1,-117
1767175099.0222385,-2,-3,-124
1767175099.0322382,-4,-3,-128
1767175099.0422382,-4,-1,-125
1767175099.0522382,-3,-4,-127
1767175099.0622382,0,-7,-123
1767175099.0722382,-7,-4,-115
1767175099.0822382,-4,-3,-108
1767175099.0922382,-3,-5,-103
1767175099.1022382,-2,-4,-115
1767175099.1122382,-1,2,-124
1767175099.1222382,1,1,-118
1767175099.132238,0,3,-117
1767175099.142238,2,1,-116
1767175099.152238,0,1,-112
1767175099.162238,-4,0,-118
1767175099.172238,-2,-2,-121
1767175099.182238,-3,-3,-121
1767175099.192238,-2,-2,-124
1767175099.202238,-4,0,-123
1767175099.212238,-5,1,-121
1767175099.222238,-3,-3,-121
1767175099.232238,-2,0,-121
1767175099.242238,1,0,-113
1767175099.252238,1,0,-113
1767175099.2622385,6,0,-107
1767175099.2722385,5,-1,-111
1767175099.2822382,1,0,-116
1767175099.2922382,2,-2,-121
1767175099.3022382,2,-3,-118
1767175099.3122382,0,1,-115
1767175099.3222382,0,2,-116
1767175099.3322382,0,1,-114
1767175099.343238,3,2,-119
1767175099.3522382,2,-3,-117
1767175099.3622382,1,-3,-114
1767175099.3722382,0,-1,-113
1767175099.382238,0,1,-117
1767175099.392238,3,0,-121
1767175099.402238,8,0,-125
1767175099.412238,3,3,-122
1767175099.422238,4,2,-120
1767175099.432238,3,0,-121
1767175099.442238,-2,2,-122
1767175099.452238,-1,0,-113
1767175099.462238,0,-1,-121
1767175099.472238,1,-3,-113
1767175099.482238,7,-6,-120
1767175099.492238,0,-5,-120
1767175099.502238,-3,-4,-109
1767175099.5122385,2,-6,-114
1767175099.5222385,7,-5,-117
1767175099.5322382,6,-6,-115
1767175099.5422382,8,-3,-110
1767175099.5522382,5,-2,-108
1767175099.5622382,4,-2,-107
1767175099.5722382,0,0,-110
1767175099.5822382,-1,-1,-113
1767175099.5922382,-1,0,-119
1767175099.6022382,-5,0,-121
1767175099.6122382,-3,0,-118
1767175099.6222382,-1,0,-120
1767175099.632238,-5,-3,-119
1767175099.642238,-2,-1,-117
1767175099.652238,-1,-2,-119
1767175099.662238,0,-1,-115
1767175099.672238,5,-3,-119
1767175099.682238,6,-2,-120
1767175099.692238,4,-1,-110
1767175099.702238,5,-1,-105
1767175099.712238,4,-9,-106
1767175099.722238,7,-5,-114
1767175099.732238,4,-5,-113
1767175099.7532382,-1,-7,-113
1767175099.7622385,-1,-8,-108
1767175099.7722385,0,-5,-113
1767175099.7822382,1,-6,-121
1767175099.7922382,1,0,-120
1767175099.8022382,-2,-2,-121
1767175099.8122382,-1,-3,-124
1767175099.8222382,-3,-4,-118
1767175099.8322382,-4,-5,-116
1767175099.8422382,-3,-5,-114
1767175099.8522382,-3,-5,-114
1767175099.8622382,-2,-4,-115
1767175099.8722382,-4,-5,-121
1767175099.882238,-3,1,-119
1767175099.892238,-8,-3,-120
1767175099.902238,-8,-4,-122
1767175099.912238,-2,-6,-120
1767175099.922238,2,-10,-115
1767175099.932238,4,-9,-112
1767175099.942238,6,-10,-114
1767175099.952238,5,-13,-117
1767175099.962238,9,-11,-120
1767175099.972238,5,-8,-121
1767175099.982238,1,-7,-126
1767175099.992238,-1,-5,-127
1767175100.002238,-3,-10,-123
1767175100.0122385,-2,-11,-124
1767175100.0222385,-5,-6,-121
1767175100.0322382,-4,-1,-119
1767175100.0422382,-5,-2,-121
1767175100.0522382,-7,-3,-126
1767175100.0622382,-8,-3,-128
1767175100.0722382,-9,-4,-129
1767175100.0822382,-4,-6,-128
1767175100.0922382,-1,-8,-122
1767175100.1022382,-2,-6,-118
1767175100.1122382,-2,-1,-122
1767175100.1222382,1,0,-124
1767175100.132238,2,-1,-116
1767175100.142238,5,0,-117
1767175100.152238,3,-1,-122
1767175100.162238,1,3,-119
1767175100.172238,4,3,-113
1767175100.182238,6,5,-119
1767175100.192238,9,3,-120
1767175100.202238,0,2,-120
1767175100.212238,-1,4,-123
1767175100.222238,-3,0,-124
1767175100.232238,-3,1,-123
1767175100.242238,-1,0,-119
1767175100.252238,0,-5,-113
1767175100.2622385,-2,-8,-114
1767175100.2722385,-3,-7,-111
1767175100.2822382,3,-2,-108
1767175100.2922382,1,-2,-113
1767175100.3022382,2,-2,-115
1767175100.3122382,1,2,-117
1767175100.3222382,0,0,-121
1767175100.3322382,1,0,-116
1767175100.3422382,5,0,-116
1767175100.3522382,2,0,-119
1767175100.3622382,5,0,-118
1767175100.3722382,4,-2,-117
1767175100.382238,7,0,-118
1767175100.392238,4,2,-117
1767175100.402238,-1,3,-119
1767175100.412238,-3,3,-115
1767175100.422238,-1,2,-118
1767175100.432238,4,1,-118
1767175100.442238,5,-1,-122
1767175100.452238,6,0,-126
1767175100.462238,4,3,-125
1767175100.472238,5,2,-134
1767175100.482238,6,0,-134
1767175100.492238,4,1,-131
1767175100.502238,2,6,-132
1767175100.5132382,3,7,-129
1767175100.5222385,-4,5,-124
1767175100.5322382,-2,4,-120
1767175100.5422382,-3,0,-120
1767175100.5532382,-3,1,-120
1767175100.563238,-1,0,-119
1767175100.573238,3,1,-114
1767175100.583238,0,0,-109
1767175100.593238,2,0,-105
1767175100.603238,1,0,-107
1767175100.613238,3,0,-115
1767175100.623238,0,0,-116
1767175100.633238,-5,-3,-120
1767175100.643238,-1,0,-123
1767175100.653238,2,-2,-120
1767175100.663238,0,-2,-120
1767175100.673238,0,-5,-122
1767175100.6832385,-1,-1,-124
1767175100.6932385,-4,-2,-125
1767175100.7032382,-4,-4,-120
1767175100.7132382,-6,-6,-122
1767175100.7232382,-1,-3,-122
1767175100.7332382,0,-6,-125
1767175100.7432382,-1,-4,-122
1767175100.7532382,-3,-4,-122
1767175100.7632382,0,-3,-117
1767175100.7732382,3,-4,-115
1767175100.7832382,0,-2,-113
1767175100.7932382,-3,-1,-116
1767175100.8032382,-3,0,-117
1767175100.813238,-3,-2,-124
1767175100.823238,0,-4,-128
1767175100.833238,-3,-4,-131
1767175100.843238,-5,-2,-127
1767175100.853238,-3,-3,-127
1767175100.863238,0,-4,-127
1767175100.873238,1,-6,-125
1767175100.883238,-2,-3,-126
1767175100.893238,-1,0,-131
1767175100.903238,0,-1,-129
1767175100.913238,-1,0,-123
1767175100.923238,-1,0,-125
1767175100.9332385,-2,3,-125
1767175100.9432385,-1,-1,-120
1767175100.9532382,0,0,-113
1767175100.9632382,3,0,-111
1767175100.9732382,2,0,-112
1767175100.9832382,3,3,-119
1767175100.9932382,0,4,-115
1767175101.0032382,3,-1,-111
1767175101.0132382,3,0,-114
1767175101.0232382,1,3,-112
1767175101.0332382,5,5,-118
1767175101.0432382,2,3,-124
1767175101.0532382,-2,3,-131
1767175101.063238,-3,5,-128
1767175101.073238,-4,5,-129
1767175101.083238,-2,-2,-130
1767175101.093238,0,-5,-127
1767175101.103238,-2,-2,-125
1767175101.113238,-1,-1,-124
1767175101.123238,-2,0,-117
1767175101.133238,1,-6,-118
1767175101.143238,4,-5,-119
1767175101.153238,-1,-7,-116
1767175101.163238,0,-9,-120
1767175101.173238,-2,-6,-127
1767175101.1832385,-5,-5,-118
1767175101.1932385,-3,-2,-119
1767175101.2032382,-3,-3,-107
1767175101.2132382,-2,0,-113
1767175101.2232382,-7,0,-114
1767175101.2332382,-1,-2,-115
1767175101.2432382,-3,-4,-113
1767175101.2532382,-4,-3,-119
1767175101.2632382,-2,1,-115
1767175101.2732382,-3,-2,-111
1767175101.2832382,-2,1,-110
1767175101.2932382,-1,4,-111
1767175101.3032382,-1,3,-117
1767175101.313238,-3,2,-112
1767175101.323238,-4,3,-114
1767175101.333238,-5,2,-113
1767175101.343238,-3,3,-119
1767175101.353238,-4,3,-119
1767175101.363238,-3,2,-118
1767175101.373238,-1,1,-118
1767175101.383238,-1,2,-120
1767175101.393238,-5,0,-127
1767175101.403238,-4,-3,-122
1767175101.413238,1,-1,-122
1767175101.423238,0,0,-114
1767175101.4332385,2,1,-119
1767175101.4432385,-1,-1,-118
1767175101.4532382,-5,0,-119
1767175101.4632382,-10,-2,-116
1767175101.4732382,-7,-1,-120
1767175101.4832382,-3,-3,-118
1767175101.4932382,-4,-6,-118
1767175101.5032382,0,-4,-126
1767175101.5132382,4,-1,-127
1767175101.5232382,0,0,-122
1767175101.5332382,-1,-3,-118
1767175101.5432382,-1,-2,-110
1767175101.5532382,2,-2,-119
1767175101.563238,3,-5,-120
1767175101.573238,0,-3,-123
1767175101.583238,1,-3,-123
1767175101.593238,4,-8,-126
1767175101.603238,9,-7,-121
1767175101.613238,4,-4,-117
1767175101.623238,0,0,-117
1767175101.633238,-3,3,-115
1767175101.643238,-1,3,-121
1767175101.653238,4,3,-130
1767175101.663238,6,3,-131
1767175101.673238,3,1,-132
1767175101.6832385,0,0,-136
1767175101.6932385,1,-2,-138
1767175101.7032382,5,-4,-135
1767175101.7132382,4,-4,-130
1767175101.7232382,-5,-1,-127
1767175101.7332382,-10,0,-126
1767175101.7432382,-9,-2,-124
1767175101.7532382,-5,-5,-119
1767175101.7632382,-9,-1,-127
1767175101.7732382,-4,-2,-122
1767175101.7832382,-1,-11,-124
1767175101.7932382,0,-11,-129
1767175101.8032382,-2,-11,-125
1767175101.813238,2,-5,-123
1767175101.823238,-4,-6,-128
1767175101.833238,-3,-7,-125
1767175101.843238,4,-5,-124
1767175101.853238,5,-4,-128
1767175101.863238,0,-7,-128
1767175101.873238,-1,-10,-131
1767175101.883238,0,-9,-131
1767175101.893238,0,-6,-126
1767175101.903238,-2,-6,-126
1767175101.913238,-2,-5,-127
1767175101.923238,2,-6,-122
1767175101.9332385,0,-6,-121
1767175101.9432385,0,-3,-128
1767175101.9532382,2,0,-119
1767175101.9632382,0,-4,-118
1767175101.9732382,3,-4,-123
1767175101.9832382,8,0,-126
1767175101.9932382,8,1,-123
1767175102.0032382,7,2,-122
1767175102.0132382,8,1,-114
1767175102.0232382,3,1,-113
1767175102.0332382,4,2,-111
1767175102.0432382,3,0,-112
1767175102.0532382,1,-1,-119
1767175102.063238,-1,-3,-121
1767175102.073238,-2,-3,-125
1767175102.083238,1,-2,-116
1767175102.093238,1,0,-121
1767175102.103238,0,0,-121
1767175102.113238,4,-2,-128
1767175102.123238,2,0,-127
1767175102.133238,0,0,-127
1767175102.143238,-2,0,-133
1767175102.153238,-2,-1,-136
1767175102.163238,-5,-3,-131
1767175102.173238,-4,-5,-130
1767175102.1832385,-5,-4,-130
1767175102.1932385,-5,-5,-125
1767175102.2032382,-2,-9,-124
1767175102.2132382,-3,-15,-123
1767175102.2232382,-2,-16,-119
1767175102.2332382,0,-12,-123
1767175102.2432382,-2,-13,-120
1767175102.2532382,0,-16,-111
1767175102.2632382,0,-14,-109
1767175102.2732382,0,-9,-107
1767175102.2832382,-5,-8,-108
1767175102.2932382,-4,-6,-112
1767175102.3032382,-7,-3,-118
1767175102.313238,-10,-6,-114
1767175102.323238,-9,-3,-108
1767175102.333238,-3,1,-108
1767175102.343238,-3,2,-116
1767175102.353238,-6,2,-116
1767175102.363238,-6,3,-117
1767175102.373238,-12,6,-116
1767175102.383238,-10,0,-118
1767175102.393238,-8,0,-120
1767175102.403238,-5,0,-125
1767175102.413238,-7,-3,-128
1767175102.423238,-1,1,-128
1767175102.4332385,-7,0,-126
1767175102.4432385,-4,-3,-127
1767175102.4532382,-3,-7,-123
1767175102.4632382,-2,-9,-123
1767175102.4732382,-3,-7,-123
1767175102.4832382,0,-6,-125
1767175102.4932382,4,-10,-120
1767175102.5032382,5,-8,-126
1767175102.5132382,6,-3,-122
1767175102.5232382,7,-1,-117
1767175102.5332382,9,-4,-117
1767175102.5432382,5,-4,-111
1767175102.5532382,5,-5,-108
1767175102.563238,5,-6,-112
1767175102.573238,5,-7,-118
1767175102.583238,7,-8,-116
1767175102.593238,6,-4,-116
1767175102.603238,-1,-5,-117
1767175102.613238,-4,-3,-117
1767175102.623238,-7,1,-122
1767175102.633238,-5,-1,-121
1767175102.643238,-9,-1,-113
1767175102.653238,-12,-3,-107
1767175102.663238,-12,-2,-105
1767175102.673238,-9,0,-113
1767175102.6832385,-8,1,-120
1767175102.6932385,-6,2,-116
1767175102.7032382,-4,3,-117
1767175102.7132382,-7,2,-119
1767175102.7232382,-1,3,-113
1767175102.7332382,0,2,-113
1767175102.7432382,0,4,-112
1767175102.7532382,-3,4,-107
1767175102.7632382,0,-1,-110
1767175102.7732382,-2,-8,-112
1767175102.7832382,-2,-12,-114
1767175102.7932382,6,-11,-121
1767175102.8032382,6,-7,-124
1767175102.813238,4,-5,-120
1767175102.823238,1,0,-124
1767175102.833238,0,-1,-119
1767175102.843238,0,-3,-119
1767175102.853238,0,-5,-124
1767175102.863238,0,-4,-128
1767175102.873238,1,0,-123
1767175102.883238,-2,-5,-123
1767175102.893238,-3,-7,-121
1767175102.903238,-6,-3,-113
1767175102.913238,-7,-1,-115
1767175102.923238,-3,0,-122
1767175102.9332385,1,0,-124
1767175102.9432385,6,-2,-125
1767175102.9532382,5,-1,-121
1767175102.9632382,0,0,-122
1767175102.9732382,-1,-5,-118
1767175102.9832382,0,-4,-115
1767175102.9932382,0,-5,-119
1767175103.0032382,-2,-6,-119
1767175103.0132382,-2,-7,-123
1767175103.0232382,0,-5,-126
1767175103.0332382,0,-2,-130
1767175103.0432382,0,-3,-128
1767175103.0532382,-2,-4,-127
1767175103.063238,0,0,-125
1767175103.073238,-1,2,-123
1767175103.083238,1,0,-123
1767175103.093238,-3,0,-122
1767175103.103238,-5,-4,-126
1767175103.113238,-9,-4,-124
1767175103.123238,-7,-3,-123
1767175103.133238,-10,-4,-122
1767175103.143238,-10,-5,-125
1767175103.153238,-11,-6,-127
1767175103.163238,-5,-3,-125
1767175103.173238,0,-3,-129
1767175103.1842382,0,-4,-128
1767175103.1932385,1,-8,-121
1767175103.2032382,1,-6,-127
1767175103.2132382,0,-5,-115
1767175103.2242382,-1,-7,-108
1767175103.2332382,2,-3,-114
1767175103.244238,6,0,-115
1767175103.254238,8,-4,-118
1767175103.264238,7,-7,-118
1767175103.274238,3,-7,-124
1767175103.284238,1,-4,-124
1767175103.294238,4,0,-130
1767175103.304238,0,-6,-128
1767175103.314238,-5,-9,-128
1767175103.324238,-4,-6,-130
1767175103.334238,-1,-5,-129
1767175103.344238,-1,-4,-132
1767175103.3542385,-2,-9,-132
1767175103.3642385,-3,-9,-131
1767175103.3742385,-2,-12,-130
1767175103.3842382,-2,-8,-123
1767175103.3942382,-2,-4,-113
1767175103.4042382,0,0,-109
1767175103.4142382,-4,-5,-111
1767175103.4242382,-4,-2,-106
1767175103.4342382,-3,-4,-110
1767175103.4442382,0,0,-114
1767175103.4542382,3,-1,-120
1767175103.4642382,2,-2,-120
1767175103.4742382,3,-2,-116
1767175103.484238,4,-5,-117
1767175103.494238,2,-2,-113
1767175103.504238,1,-3,-121
1767175103.514238,4,-1,-118
1767175103.524238,4,-5,-124
1767175103.534238,0,-3,-123
1767175103.544238,-2,0,-126
1767175103.554238,-3,0,-126
1767175103.564238,-5,-3,-125
1767175103.574238,-4,-8,-121
1767175103.584238,-3,-5,-127
1767175103.594238,-4,-5,-129
1767175103.6042385,-2,-7,-120
1767175103.6142385,-8,-9,-126
1767175103.6242385,-7,-8,-128
1767175103.6342382,-5,-3,-127
1767175103.6442382,-3,-2,-132
1767175103.6542382,-6,-1,-134
1767175103.6642382,-6,-1,-124
1767175103.6742382,-8,0,-123
1767175103.6842382,-6,0,-126
1767175103.6942382,-3,-3,-123
1767175103.7042382,-7,0,-123
1767175103.7142382,-4,0,-131
1767175103.7242382,-5,0,-132
1767175103.734238,-6,-3,-123
1767175103.744238,-8,-7,-125
1767175103.754238,-5,-3,-124
1767175103.764238,-10,-4,-121
1767175103.774238,-10,-4,-115
1767175103.784238,-7,-8,-118
1767175103.794238,-7,-8,-125
1767175103.804238,-5,-7,-119
1767175103.814238,-1,-12,-117
1767175103.824238,3,-8,-119
1767175103.834238,0,-2,-120
1767175103.844238,0,0,-119
1767175103.8542385,0,-1,-117
1767175103.8642385,1,1,-117
1767175103.8742385,2,0,-119
1767175103.8842382,1,-2,-112
1767175103.8942382,4,-1,-110
1767175103.9042382,1,3,-109
1767175103.9142382,-1,2,-119
1767175103.9242382,-1,0,-118
1767175103.9342382,-4,-1,-125
1767175103.9442382,-5,-5,-123
1767175103.9542382,-3,-3,-122
1767175103.9642382,-2,0,-113
1767175103.9742382,0,2,-115
1767175103.984238,-1,0,-120
1767175103.994238,0,-3,-122
1767175104.004238,-2,-1,-119
1767175104.014238,-1,-2,-121
1767175104.024238,-3,0,-117
1767175104.034238,1,2,-116
1767175104.044238,-1,1,-116
1767175104.054238,1,2,-116
1767175104.064238,4,2,-126
1767175104.074238,1,0,-129
1767175104.084238,3,-3,-128
1767175104.094238,3,-5,-132
1767175104.1042385,2,-2,-132
1767175104.1142385,4,-4,-128
1767175104.1242385,9,-6,-128
1767175104.1342382,9,-6,-131
1767175104.1442382,3,-6,-128
1767175104.1542382,1,-6,-130
1767175104.1642382,1,-2,-133
1767175104.1742382,-2,-5,-136
1767175104.1842382,-6,-5,-138
1767175104.1942382,-4,-4,-136
1767175104.2042382,-2,-4,-129
1767175104.2142382,-2,-2,-127
1767175104.2242382,-2,-1,-122
1767175104.234238,-4,-3,-122
1767175104.244238,-5,0,-123
1767175104.254238,-10,1,-127
1767175104.264238,-6,4,-126
1767175104.274238,-3,0,-120
1767175104.284238,-3,-4,-116
1767175104.294238,-2,-1,-110
1767175104.304238,1,-1,-110
1767175104.314238,3,2,-111
1767175104.324238,1,-1,-113
1767175104.334238,3,-4,-119
1767175104.344238,7,-7,-119
1767175104.3542385,7,-3,-116
1767175104.3642385,4,-2,-116
1767175104.3742385,1,0,-122
1767175104.3842382,0,-3,-116
1767175104.3942382,0,0,-117
1767175104.4042382,2,2,-123
1767175104.4142382,-1,-2,-120
1767175104.4242382,-3,-3,-115
1767175104.4342382,0,-4,-114
1767175104.4442382,3,-3,-114
1767175104.4542382,2,-2,-112
1767175104.4642382,-1,-4,-110
1767175104.4742382,-2,-8,-109
1767175104.484238,-6,-4,-104
1767175104.494238,-11,-3,-110
1767175104.504238,-10,-5,-115
1767175104.514238,-5,0,-119
1767175104.524238,-5,0,-116
1767175104.534238,-5,-3,-114
1767175104.544238,-7,-7,-117
1767175104.554238,-1,-7,-114
1767175104.564238,-3,-5,-115
1767175104.574238,-2,-7,-121
1767175104.584238,-5,-10,-125
1767175104.594238,-4,-9,-130
1767175104.6042385,-5,-8,-126
1767175104.6142385,-3,-10,-121
1767175104.6242385,-1,-8,-118
1767175104.6342382,-3,-8,-119
1767175104.6442382,-5,-7,-116
1767175104.6542382,-3,-6,-116
1767175104.6642382,-4,-4,-115
1767175104.6742382,-1,0,-110
1767175104.6842382,0,1,-115
1767175104.6942382,0,-1,-111
1767175104.7042382,0,0,-116
1767175104.7142382,-2,-2,-115
1767175104.7242382,-2,4,-118
1767175104.734238,-4,8,-122
1767175104.744238,-7,0,-120
1767175104.7662382,-8,0,-121
1767175104.774238,-10,1,-123
1767175104.784238,-9,2,-118
1767175104.794238,-8,1,-112
1767175104.804238,-8,1,-110
1767175104.814238,-6,0,-112
1767175104.824238,-7,0,-115
1767175104.834238,-5,0,-115
1767175104.844238,-5,0,-116
1767175104.8542385,-3,-1,-119
1767175104.8642385,-3,-2,-116
1767175104.8742385,0,-1,-114
1767175104.8842382,2,0,-113
1767175104.8942382,-3,0,-107
1767175104.9042382,-1,-3,-117
1767175104.9142382,-2,-4,-118
1767175104.9242382,-3,-6,-120
1767175104.9342382,-2,-6,-119
1767175104.9442382,-3,-1,-115
1767175104.9542382,-4,-5,-113
1767175104.9642382,-3,-2,-120
1767175104.9742382,-3,-5,-121
1767175104.984238,-4,-2,-118
1767175104.994238,-1,-4,-115
1767175105.004238,-3,-5,-115
1767175105.014238,-5,-3,-113
1767175105.024238,-1,0,-110
1767175105.034238,0,-4,-113
1767175105.044238,1,-5,-117
1767175105.054238,2,1,-121
1767175105.064238,2,6,-124
1767175105.074238,3,0,-123
1767175105.084238,-3,-3,-118
1767175105.094238,-3,-2,-124
1767175105.1042385,-5,1,-122
1767175105.1142385,-3,-1,-120
1767175105.1242385,0,-4,-122
1767175105.1342382,-1,-4,-119
1767175105.1442382,4,-6,-124
1767175105.1542382,0,-8,-118
1767175105.1642382,-1,-6,-118
1767175105.1742382,-1,-5,-118
1767175105.1842382,-3,-5,-118
1767175105.1942382,-3,-6,-117
1767175105.2042382,-1,-4,-120
1767175105.2142382,0,-4,-122
1767175105.2242382,0,-4,-123
1767175105.234238,0,-1,-124
1767175105.244238,-3,-5,-122
1767175105.254238,-3,-4,-123
1767175105.264238,-2,-6,-128
1767175105.274238,-2,-7,-132
1767175105.284238,-4,-9,-137
1767175105.294238,1,-8,-138
1767175105.304238,0,-7,-134
1767175105.314238,-3,-4,-136
1767175105.324238,-4,-7,-135
1767175105.334238,-1,-8,-132
1767175105.344238,2,-4,-127
1767175105.3542385,1,-1,-125
1767175105.3642385,5,0,-121
1767175105.3742385,0,0,-129
1767175105.3842382,1,0,-127
1767175105.3942382,0,0,-128
1767175105.4042382,0,-2,-128
1767175105.4142382,4,-1,-128
1767175105.4242382,4,-8,-127
1767175105.4342382,7,-11,-125
1767175105.4442382,6,-8,-126
1767175105.4542382,4,-6,-127
1767175105.4642382,6,-3,-126
1767175105.4742382,2,-4,-129
1767175105.484238,4,0,-131
1767175105.494238,2,-2,-132
1767175105.504238,4,-3,-134
1767175105.514238,4,-6,-133
1767175105.524238,5,-2,-127
1767175105.534238,9,0,-120
1767175105.544238,6,0,-116
1767175105.554238,5,-1,-115
1767175105.564238,-1,2,-117
1767175105.574238,-1,2,-123
1767175105.584238,0,2,-114
1767175105.594238,-1,1,-111
1767175105.6042385,0,2,-112
1767175105.6142385,-2,0,-115
1767175105.6242385,-4,-1,-113
1767175105.6342382,-5,0,-113
1767175105.6442382,-2,0,-117
1767175105.6542382,-1,0,-120
1767175105.6642382,-1,-3,-116
1767175105.6742382,-7,-1,-119
1767175105.6842382,-5,-3,-127
1767175105.6942382,-8,-5,-123
1767175105.7042382,-5,-3,-126
1767175105.7142382,-3,-4,-127
1767175105.7242382,-4,-1,-122
1767175105.734238,-1,2,-116
1767175105.744238,4,2,-113
1767175105.754238,5,1,-118
1767175105.764238,2,3,-115
1767175105.774238,3,1,-116
1767175105.784238,0,0,-117
1767175105.794238,0,-4,-119
1767175105.804238,1,-6,-125
1767175105.814238,0,-7,-121
1767175105.824238,3,-9,-116
1767175105.834238,7,-14,-117
1767175105.844238,0,-11,-118
1767175105.8552382,2,-8,-125
1767175105.8642385,3,-8,-130
1767175105.8742385,5,-5,-134
1767175105.8842382,9,-4,-134
1767175105.8952382,9,-9,-133
1767175105.9052382,9,-9,-131
1767175105.915238,2,-7,-133
1767175105.925238,3,-9,-131
1767175105.935238,1,-2,-125
1767175105.945238,6,-3,-118
1767175105.955238,9,-3,-115
1767175105.965238,5,-5,-115
1767175105.975238,3,-5,-111
1767175105.985238,-2,-2,-116
1767175105.995238,-6,-3,-108
1767175106.005238,-10,-7,-112
1767175106.015238,-7,-7,-111
1767175106.025238,-6,-5,-108
1767175106.0352385,-6,-6,-115
1767175106.0452385,-6,-5,-120
1767175106.0552382,-4,-10,-121
1767175106.0652382,-3,-8,-124
1767175106.0752382,-7,-3,-121
1767175106.0852382,-6,-5,-128
1767175106.0952382,-7,-6,-124
1767175106.1052382,-4,-8,-123
1767175106.1152382,-1,-6,-122
1767175106.1252382,-1,-6,-122
1767175106.1352382,0,-3,-124
1767175106.1452382,-2,0,-118
1767175106.1552382,1,0,-108
1767175106.165238,1,0,-107
1767175106.175238,1,-1,-109
1767175106.185238,2,0,-107
1767175106.195238,3,1,-113
1767175106.205238,2,3,-116
1767175106.215238,3,2,-114
1767175106.225238,0,-2,-117
1767175106.235238,0,-8,-118
1767175106.245238,-2,-6,-116
1767175106.255238,-1,-4,-114
1767175106.265238,-1,-4,-116
1767175106.275238,3,0,-120
1767175106.2852385,7,0,-118
1767175106.2952385,8,0,-109
1767175106.3052382,5,0,-106
1767175106.3152382,2,-1,-109
1767175106.3252382,0,-1,-109
1767175106.3352382,0,-7,-117
1767175106.3452382,0,-12,-119
1767175106.3552382,-2,-14,-118
1767175106.3652382,0,-9,-119
1767175106.3752382,-1,-7,-128
1767175106.3852382,-4,-3,-126
1767175106.3952382,-6,0,-118
1767175106.4052382,-4,-2,-122
1767175106.415238,0,-1,-118
1767175106.425238,1,0,-111
1767175106.435238,1,-3,-108
1767175106.445238,-1,-2,-115
1767175106.455238,-2,-1,-117
1767175106.465238,0,-1,-112
1767175106.475238,1,-5,-120
1767175106.485238,0,-8,-118
1767175106.495238,0,-9,-118
1767175106.505238,0,-6,-117
1767175106.515238,-2,-4,-124
1767175106.525238,4,-6,-122
1767175106.5352385,9,-5,-111
1767175106.5452385,7,-2,-115
1767175106.5552382,7,0,-116
1767175106.5652382,5,0,-122
1767175106.5752382,0,1,-122
1767175106.5852382,0,1,-114
1767175106.5952382,0,-1,-109
1767175106.6052382,-2,0,-110
1767175106.6152382,-4,4,-114
1767175106.6252382,-2,1,-111
1767175106.6352382,-1,2,-114
1767175106.6452382,-2,3,-116
1767175106.6552382,2,8,-121
1767175106.665238,0,5,-122
1767175106.675238,1,0,-126
1767175106.685238,0,0,-123
1767175106.695238,1,1,-123
1767175106.705238,0,-1,-121
1767175106.7162385,-2,0,-121
1767175106.725238,-1,-3,-128
1767175106.735238,-1,-4,-127
1767175106.745238,-3,-1,-129
1767175106.755238,-5,0,-123
1767175106.765238,-3,1,-113
1767175106.775238,1,1,-118
1767175106.7852385,0,0,-119
1767175106.7952385,-1,-1,-123
1767175106.8052382,-2,-1,-124
1767175106.8152382,-4,-2,-116
1767175106.8252382,0,-1,-115
1767175106.8352382,2,-1,-113
1767175106.8452382,3,-4,-113
1767175106.8552382,0,-1,-117
1767175106.8652382,4,-4,-120
1767175106.8752382,7,0,-124
1767175106.8852382,6,2,-120
1767175106.8952382,1,1,-118
1767175106.9052382,0,1,-123
1767175106.915238,-1,0,-124
1767175106.925238,0,-2,-118
1767175106.935238,0,-1,-113
1767175106.945238,-2,0,-115
1767175106.955238,0,-1,-111
1767175106.965238,-2,-4,-113
1767175106.975238,-3,-4,-121
1767175106.985238,-5,-2,-119
1767175106.995238,-4,0,-117
1767175107.005238,-3,-1,-112
1767175107.015238,0,-1,-111
1767175107.025238,0,0,-109
1767175107.0352385,0,2,-104
1767175107.0452385,1,0,-109
1767175107.0552382,3,0,-111
1767175107.0652382,1,-5,-108
1767175107.0752382,-1,-6,-111
1767175107.0852382,2,-9,-113
1767175107.0952382,11,-11,-111
1767175107.1052382,7,-8,-109
1767175107.1152382,6,-13,-110
1767175107.1252382,2,-8,-109
1767175107.1352382,0,-5,-110
1767175107.1452382,-2,-5,-113
1767175107.1552382,-1,-10,-114
1767175107.165238,-4,-11,-118
1767175107.175238,-5,-9,-123
1767175107.185238,-6,-7,-122
1767175107.195238,-5,-5,-118
1767175107.205238,-10,-5,-121
1767175107.215238,-7,-5,-112
1767175107.225238,-3,-7,-110
1767175107.235238,-3,-7,-113
1767175107.245238,-2,-2,-118
1767175107.255238,-4,-4,-116
1767175107.265238,-8,-7,-116
1767175107.275238,-6,-12,-115
1767175107.2852385,-3,-9,-112
1767175107.2952385,-4,-6,-112
1767175107.3052382,-3,0,-115
1767175107.3152382,0,0,-112
1767175107.3252382,-2,-1,-120
1767175107.3352382,-2,-1,-124
1767175107.3452382,-6,-6,-125
1767175107.3552382,-2,-9,-126
1767175107.3652382,0,-11,-124
1767175107.3752382,0,-9,-125
1767175107.3852382,-2,-8,-121
1767175107.3952382,-3,-6,-121
1767175107.4052382,0,-3,-124
1767175107.415238,0,-3,-126
1767175107.425238,-4,0,-124
1767175107.435238,-3,1,-121
1767175107.445238,0,2,-117
1767175107.455238,0,0,-117
1767175107.465238,2,0,-123
1767175107.475238,2,0,-123
1767175107.485238,0,2,-121
1767175107.495238,-1,1,-117
1767175107.505238,-1,-1,-109
1767175107.515238,-7,1,-109
1767175107.525238,-5,2,-114
1767175107.5352385,-4,-1,-120
1767175107.5452385,-5,-3,-119
1767175107.5552382,-1,-4,-121
1767175107.5652382,2,-1,-124
1767175107.5752382,5,-2,-121
1767175107.5852382,7,-5,-125
1767175107.5952382,7,-3,-135
1767175107.6052382,8,0,-129
1767175107.6152382,7,-2,-129
1767175107.6252382,2,-5,-127
1767175107.6352382,3,-7,-128
1767175107.6452382,6,-6,-124
1767175107.6552382,4,-2,-119
1767175107.665238,3,-3,-117
1767175107.675238,2,0,-119
1767175107.685238,-6,3,-121
1767175107.695238,-5,3,-120
1767175107.705238,-4,0,-115
1767175107.715238,0,2,-117
1767175107.725238,1,-1,-115
1767175107.735238,1,-2,-115
1767175107.745238,-1,0,-118
1767175107.755238,0,0,-122
1767175107.765238,4,2,-129
1767175107.775238,5,2,-125
1767175107.7852385,0,0,-122
1767175107.7952385,2,0,-118
1767175107.8052382,2,0,-128
1767175107.8152382,2,0,-125
1767175107.8252382,-2,0,-123
1767175107.8352382,-2,1,-128
1767175107.8452382,-4,0,-120
1767175107.8552382,0,-2,-115
1767175107.8652382,-1,-3,-108
1767175107.8752382,0,-3,-115
1767175107.8852382,4,-4,-123
1767175107.8952382,3,-2,-132
1767175107.9052382,0,-3,-129
1767175107.915238,4,-1,-122
1767175107.925238,0,-2,-120
1767175107.935238,2,-7,-125
1767175107.945238,0,-5,-125
1767175107.955238,0,-8,-120
1767175107.965238,-1,-9,-122
1767175107.975238,1,-7,-115
1767175107.985238,4,-7,-118
1767175107.995238,-1,-6,-118
1767175108.005238,-1,-7,-124
1767175108.015238,0,-5,-129
1767175108.025238,4,-4,-121
1767175108.0352385,4,-3,-125
1767175108.0452385,3,-3,-122
1767175108.0552382,6,-8,-118
1767175108.0652382,5,-7,-116
1767175108.0752382,5,-8,-118
1767175108.0852382,2,-6,-120
1767175108.0952382,1,-6,-120
1767175108.1052382,2,-5,-118
1767175108.1152382,1,-5,-117
1767175108.1252382,0,-3,-110
1767175108.1352382,-2,-3,-108
1767175108.1452382,0,0,-103
1767175108.1552382,1,0,-105
1767175108.165238,-3,-2,-109
1767175108.175238,-6,-3,-116
1767175108.185238,-6,-2,-114
1767175108.195238,-4,0,-120
1767175108.205238,-1,-3,-122
1767175108.215238,0,-3,-119
1767175108.225238,-4,-5,-117
1767175108.235238,-3,-3,-115
1767175108.245238,-1,-7,-127
1767175108.255238,-3,-1,-123
1767175108.265238,0,-1,-123
1767175108.275238,1,-5,-120
1767175108.2852385,1,-5,-110
1767175108.2952385,0,-4,-114
1767175108.3052382,0,-1,-119
1767175108.3152382,0,-3,-122
1767175108.3252382,-1,-2,-115
1767175108.3352382,-1,-3,-112
1767175108.3452382,0,-2,-115
1767175108.3552382,0,-2,-113
1767175108.3652382,-2,-3,-119
1767175108.3752382,-5,3,-114
1767175108.3852382,-4,7,-108
1767175108.3952382,-3,4,-113
1767175108.4052382,0,5,-120
1767175108.415238,-1,0,-120
1767175108.425238,1,-3,-122
1767175108.435238,0,-3,-119
1767175108.445238,0,0,-118
1767175108.455238,1,1,-122
1767175108.465238,0,0,-121
1767175108.475238,-3,-1,-116
1767175108.485238,-4,-3,-115
1767175108.495238,-1,-3,-113
1767175108.505238,0,-2,-111
1767175108.515238,0,-1,-109
1767175108.525238,0,-1,-114
1767175108.5352385,-4,-3,-115
1767175108.5462382,-4,0,-126
1767175108.5562382,-3,-3,-127
1767175108.5662382,-6,0,-128
1767175108.5762382,-2,-1,-123
1767175108.586238,-7,-4,-124
1767175108.596238,-8,-2,-118
1767175108.606238,-9,-3,-122
1767175108.616238,-7,-6,-128
1767175108.626238,-9,-4,-126
1767175108.636238,-6,-5,-131
1767175108.646238,-3,-5,-131
1767175108.656238,0,-2,-130
1767175108.666238,-3,0,-131
1767175108.676238,-5,-2,-124
1767175108.686238,0,-2,-118
1767175108.696238,1,-3,-114
1767175108.7062385,6,-5,-116
1767175108.7162385,6,-3,-114
1767175108.7262385,2,-3,-117
1767175108.7362382,4,-1,-120
1767175108.7462382,0,-2,-124
1767175108.7562382,-1,2,-126
1767175108.7662382,-3,3,-123
1767175108.7762382,0,2,-128
1767175108.7862382,-2,3,-129
1767175108.7962382,-3,1,-130
1767175108.8062382,-3,4,-126
1767175108.8162382,-1,3,-126
1767175108.8262382,0,5,-129
1767175108.836238,1,4,-121
1767175108.846238,2,3,-120
1767175108.856238,3,5,-126
1767175108.866238,1,3,-131
1767175108.876238,0,-1,-133
1767175108.886238,-2,0,-133
1767175108.896238,-3,-2,-128
1767175108.906238,-7,-4,-118
1767175108.916238,-9,-9,-120
1767175108.926238,-7,-10,-118
1767175108.936238,-6,-5,-114
1767175108.946238,-5,-5,-117
1767175108.9562385,-5,-5,-116
1767175108.9662385,0,-6,-110
1767175108.9762385,-6,-5,-107
1767175108.9862382,-8,-1,-106
1767175108.9962382,-11,-1,-106
1767175109.0062382,-15,0,-103
1767175109.0162382,-7,-3,-113
1767175109.0262382,-10,-4,-115
1767175109.0362382,-11,-3,-110
1767175109.0462382,-10,0,-113
1767175109.0562382,-10,0,-110
1767175109.0662382,-5,-1,-107
1767175109.0762382,-2,0,-109
1767175109.086238,-5,2,-112
1767175109.096238,-7,6,-115
1767175109.106238,-9,4,-120
1767175109.116238,-9,-1,-121
1767175109.126238,-9,2,-120
1767175109.136238,-3,0,-125
1767175109.146238,-4,-4,-123
1767175109.156238,-3,-4,-123
1767175109.166238,-5,-6,-122
1767175109.176238,-2,-8,-122
1767175109.186238,-1,-7,-127
1767175109.196238,-2,-8,-124
1767175109.2062385,-7,-6,-119
1767175109.2162385,-10,-8,-117
1767175109.2262385,-11,-7,-117
1767175109.2362382,-6,-7,-114
1767175109.2462382,-9,-2,-117
1767175109.2562382,-6,4,-114
1767175109.2662382,-3,2,-116
1767175109.2762382,-2,0,-113
1767175109.2862382,-3,1,-105
1767175109.2962382,-2,0,-112
1767175109.3062382,1,-2,-111
1767175109.3162382,2,-1,-120
1767175109.3262382,8,0,-118
1767175109.336238,6,-1,-118
1767175109.346238,4,-2,-118
1767175109.356238,2,-1,-121
1767175109.366238,2,2,-127
1767175109.376238,4,-1,-124
1767175109.386238,1,0,-123
1767175109.396238,1,2,-118
1767175109.406238,-1,0,-111
1767175109.416238,-3,-1,-109
1767175109.426238,-2,-3,-107
1767175109.436238,0,-3,-113
1767175109.446238,1,-4,-117
1767175109.4562385,0,-5,-121
1767175109.4662385,2,-6,-122
1767175109.4762385,0,-2,-128
1767175109.4862382,-1,0,-128
1767175109.4962382,-4,-2,-130
1767175109.5062382,-1,0,-137
1767175109.5162382,0,0,-137
1767175109.5262382,-4,0,-134
1767175109.5362382,0,2,-130
1767175109.5462382,-3,3,-132
1767175109.5562382,-6,1,-129
1767175109.5662382,-12,2,-123
1767175109.5762382,-11,1,-124
1767175109.586238,-12,0,-119
1767175109.596238,-9,1,-117
1767175109.606238,-9,2,-121
1767175109.616238,-4,-2,-118
1767175109.626238,-2,-2,-118
1767175109.636238,-3,-2,-117
1767175109.646238,-3,-2,-117
1767175109.656238,-3,-4,-118
1767175109.666238,-1,-3,-122
1767175109.676238,0,-1,-125
1767175109.686238,0,-2,-120
1767175109.696238,-2,-2,-118
1767175109.7062385,0,-6,-119
1767175109.7162385,-3,-5,-115
1767175109.7262385,0,-5,-108
1767175109.7362382,-4,-8,-108
1767175109.7462382,-7,-7,-109
1767175109.7562382,-8,-5,-112
1767175109.778238,-4,-1,-107
1767175109.7862382,0,0,-113
1767175109.7962382,0,-2,-117
1767175109.8062382,0,-3,-118
1767175109.8162382,1,-4,-112
1767175109.8262382,4,-7,-117
1767175109.836238,3,-7,-119
1767175109.846238,-1,-7,-119
1767175109.856238,-2,-7,-112
1767175109.866238,0,-7,-108
1767175109.876238,0,-3,-111
1767175109.886238,1,-1,-115
1767175109.896238,-3,-4,-111
1767175109.906238,-2,-5,-110
1767175109.916238,-5,-1,-115
1767175109.926238,-5,-2,-118
1767175109.936238,-6,0,-125
1767175109.946238,-7,-1,-123
1767175109.9562385,-8,-3,-121
1767175109.9662385,-3,-4,-118
1767175109.9762385,-2,-6,-114
1767175109.9862382,-2,-1,-117
1767175109.9962382,3,2,-121
1767175110.0062382,4,0,-115
1767175110.0162382,4,0,-113
1767175110.0262382,0,-1,-113
1767175110.0362382,-1,0,-111
1767175110.0462382,2,-4,-117
1767175110.0562382,0,-5,-120
1767175110.0662382,0,0,-123
1767175110.0762382,0,-4,-123
1767175110.086238,-2,-4,-127
1767175110.096238,-2,-5,-122
1767175110.106238,0,-2,-116
1767175110.116238,0,-3,-113
1767175110.126238,1,0,-109
1767175110.136238,3,0,-111
1767175110.146238,3,2,-112
1767175110.156238,3,-2,-114
1767175110.166238,0,-2,-118
1767175110.176238,0,-3,-118
1767175110.186238,0,-6,-118
1767175110.196238,2,-5,-119
1767175110.2062385,6,-1,-109
1767175110.2162385,5,0,-108
1767175110.2262385,6,-2,-110
1767175110.2362382,0,-3,-114
1767175110.2462382,2,-4,-111
1767175110.2562382,0,-4,-110
1767175110.2662382,-1,-1,-109
1767175110.2762382,2,1,-107
1767175110.2862382,0,3,-108
1767175110.2962382,4,2,-115
1767175110.3062382,6,3,-115
1767175110.3162382,2,7,-114
1767175110.3262382,0,3,-114
1767175110.336238,-2,-1,-116
1767175110.346238,-1,-3,-117
1767175110.356238,0,0,-116
1767175110.366238,-2,-1,-119
1767175110.376238,-5,-4,-116
1767175110.386238,-3,-2,-123
1767175110.396238,0,0,-118
1767175110.406238,-1,0,-118
1767175110.416238,-3,-1,-120
1767175110.426238,0,-5,-121
1767175110.436238,-3,-2,-116
1767175110.446238,-2,-2,-114
1767175110.4562385,0,-2,-115
1767175110.4662385,-6,4,-112
1767175110.4762385,-6,-1,-119
1767175110.4862382,-3,0,-121
1767175110.4962382,-2,0,-126
1767175110.5062382,-4,-1,-121
1767175110.5162382,1,-2,-117
1767175110.5262382,0,0,-113
1767175110.5362382,-1,-1,-114
1767175110.5462382,4,-1,-117
1767175110.5562382,7,-3,-124
1767175110.5662382,4,-7,-119
1767175110.5762382,3,-8,-125
1767175110.586238,6,-6,-117
1767175110.596238,6,0,-114
1767175110.606238,3,3,-107
1767175110.616238,4,2,-118
1767175110.626238,3,1,-125
1767175110.636238,-2,2,-119
1767175110.646238,-2,2,-122
1767175110.656238,1,4,-125
1767175110.666238,5,2,-121
1767175110.676238,5,0,-119
1767175110.686238,4,-3,-123
1767175110.696238,1,0,-128
1767175110.7062385,1,-1,-127
1767175110.7162385,1,-3,-127
1767175110.7262385,2,-4,-130
1767175110.7362382,1,-6,-132
1767175110.7462382,0,-6,-136
1767175110.7562382,2,-3,-136
1767175110.7662382,0,0,-140
1767175110.7762382,-1,-2,-138
1767175110.7862382,-3,-6,-135
1767175110.7962382,-4,-4,-136
1767175110.8062382,-1,-6,-138
1767175110.8162382,0,-3,-135
1767175110.8262382,0,-5,-131
1767175110.836238,-2,-4,-133
1767175110.846238,-4,-4,-134
1767175110.856238,-4,-1,-129
1767175110.866238,-6,0,-127
1767175110.876238,-3,0,-125
1767175110.886238,-6,0,-123
1767175110.896238,-3,2,-120
1767175110.906238,-7,1,-117
1767175110.916238,-7,0,-118
1767175110.926238,-8,0,-127
1767175110.936238,-10,4,-127
1767175110.946238,-6,0,-132
1767175110.9562385,-3,0,-129
1767175110.9662385,-2,-2,-128
1767175110.9762385,-1,-2,-129
1767175110.9862382,-4,0,-131
1767175110.9962382,-5,0,-127
1767175111.0062382,-6,0,-122
1767175111.017238,-6,-1,-122
1767175111.0262382,0,-3,-119
1767175111.0362382,0,0,-113
1767175111.0462382,2,0,-110
1767175111.0562382,0,-1,-110
1767175111.0662382,2,-2,-111
1767175111.0762382,-3,-4,-125
1767175111.086238,-3,-5,-127
1767175111.096238,-2,-8,-125
1767175111.106238,-6,-8,-126
1767175111.116238,-3,-8,-126
1767175111.126238,0,-4,-125
1767175111.136238,6,-1,-117
1767175111.146238,3,-2,-113
1767175111.156238,4,2,-112
1767175111.166238,2,0,-106
1767175111.176238,2,2,-111
1767175111.1872382,5,0,-120
1767175111.196238,5,1,-117
1767175111.2062385,6,-2,-117
1767175111.2172382,7,-2,-118
1767175111.2262385,3,2,-120
1767175111.2362382,0,2,-124
1767175111.2472382,-2,0,-125
1767175111.2562382,0,-1,-125
1767175111.267238,-3,0,-120
1767175111.277238,0,1,-117
1767175111.287238,-2,5,-111
1767175111.297238,-3,3,-109
1767175111.307238,-5,0,-113
1767175111.317238,-6,0,-119
1767175111.327238,-7,0,-119
1767175111.337238,-3,0,-118
1767175111.347238,-5,-3,-119
1767175111.357238,-5,-1,-114
1767175111.367238,-2,3,-116
1767175111.377238,2,0,-118
1767175111.3872385,0,3,-117
1767175111.3972385,0,1,-112
1767175111.4072382,-1,0,-112
1767175111.4172382,-7,1,-119
1767175111.4272382,-6,0,-124
1767175111.4372382,-5,1,-128
1767175111.4472382,-2,3,-127
1767175111.4572382,-3,4,-129
1767175111.4672382,-9,4,-132
1767175111.4772382,-10,3,-128
1767175111.4872382,-7,1,-127
1767175111.4972382,-4,-3,-131
1767175111.507238,1,-6,-135
1767175111.517238,2,-8,-128
1767175111.527238,4,-4,-132
1767175111.537238,2,-2,-139
1767175111.547238,0,-7,-132
1767175111.557238,6,0,-130
1767175111.567238,3,3,-129
1767175111.577238,2,0,-131
1767175111.587238,7,-3,-131
1767175111.597238,9,-3,-126
1767175111.607238,6,-1,-121
1767175111.617238,10,-1,-116
1767175111.627238,6,-2,-115
1767175111.6372385,5,0,-121
1767175111.6472385,6,3,-126
1767175111.6572382,2,1,-124
1767175111.6672382,-1,2,-124
1767175111.6772382,-6,1,-128
1767175111.6872382,-1,0,-127
1767175111.6972382,0,0,-126
1767175111.7072382,-4,-1,-117
1767175111.7172382,0,0,-116
1767175111.7272382,-2,0,-120
1767175111.7372382,-5,0,-114
1767175111.7472382,-6,0,-114
1767175111.757238,-5,0,-116
1767175111.767238,-4,-2,-118
1767175111.777238,-4,-1,-122
1767175111.787238,-1,1,-124
1767175111.797238,1,5,-123
1767175111.807238,-1,0,-118
1767175111.817238,-3,-1,-118
1767175111.827238,-4,-4,-120
1767175111.837238,-3,-4,-113
1767175111.847238,-1,-7,-104
1767175111.857238,-2,-6,-107
1767175111.867238,-2,-6,-109
1767175111.877238,1,-6,-103
1767175111.8872385,1,-2,-110
1767175111.8972385,0,-1,-119
1767175111.9072382,-4,0,-124
1767175111.9172382,-4,1,-121
1767175111.9272382,0,2,-118
1767175111.9372382,0,0,-114
1767175111.9472382,-1,-1,-114
1767175111.9572382,0,-1,-110
1767175111.9672382,-3,0,-110
1767175111.9772382,-4,-2,-114
1767175111.9872382,0,0,-116
1767175111.9972382,0,0,-120
1767175112.007238,2,0,-115
1767175112.017238,1,2,-114
1767175112.027238,1,0,-118
1767175112.037238,-6,2,-111
1767175112.047238,-8,4,-112
1767175112.057238,-5,4,-117
1767175112.067238,-4,1,-116
1767175112.077238,-1,3,-117
1767175112.087238,-1,2,-114
1767175112.097238,-3,4,-118
1767175112.107238,-5,6,-123
1767175112.117238,-6,3,-127
1767175112.127238,0,0,-120
1767175112.1372385,-1,0,-115
1767175112.1472385,-3,0,-116
1767175112.1572382,-3,-3,-114
1767175112.1672382,-3,-6,-113
1767175112.1772382,-1,-3,-114
1767175112.1872382,-2,-2,-114
1767175112.1972382,-1,-2,-113
1767175112.2072382,0,-2,-119
1767175112.2172382,0,-4,-119
1767175112.2272382,2,-5,-121
1767175112.2372382,2,0,-123
1767175112.2472382,0,-1,-117
1767175112.257238,0,-3,-117
1767175112.267238,-2,-3,-119
1767175112.277238,-2,-3,-114
1767175112.287238,1,-4,-112
1767175112.297238,6,-5,-111
1767175112.307238,6,-2,-115
1767175112.317238,8,-2,-114
1767175112.327238,9,-2,-112
1767175112.337238,7,-6,-113
1767175112.347238,5,-5,-119
1767175112.357238,3,-5,-124
1767175112.367238,1,-4,-119
1767175112.377238,-2,-4,-117
1767175112.3872385,-3,-7,-119
1767175112.3972385,0,-10,-125
1767175112.4072382,0,-11,-121
1767175112.4172382,-5,-11,-121
1767175112.4272382,-3,-9,-124
1767175112.4372382,-7,-8,-117
1767175112.4472382,-2,-8,-119
1767175112.4572382,-1,-3,-114
1767175112.4672382,-3,-3,-120
1767175112.4772382,-4,-7,-129
1767175112.4872382,-7,-2,-128
1767175112.4972382,-6,-4,-127
1767175112.507238,-12,0,-126
1767175112.517238,-12,-4,-123
1767175112.527238,-4,-3,-122
1767175112.537238,-4,-7,-125
1767175112.547238,-4,-8,-126
1767175112.557238,-2,-8,-121
1767175112.567238,-1,-3,-121
1767175112.577238,3,-2,-129
1767175112.587238,0,-2,-136
1767175112.597238,3,-2,-133
1767175112.607238,2,-1,-134
1767175112.617238,0,-2,-130
1767175112.627238,1,0,-133
1767175112.6372385,1,0,-127
1767175112.6472385,-2,-2,-128
1767175112.6572382,-3,-2,-129
1767175112.6672382,0,0,-124
1767175112.6772382,1,0,-120
1767175112.6872382,1,0,-119
1767175112.6972382,2,2,-119
1767175112.7072382,0,5,-111
1767175112.7172382,1,9,-117
1767175112.7272382,1,5,-122
1767175112.7372382,4,6,-120
1767175112.7472382,5,0,-109
1767175112.757238,7,3,-113
1767175112.767238,6,7,-121
1767175112.777238,2,4,-119
1767175112.787238,0,4,-119
1767175112.797238,0,2,-116
1767175112.807238,-1,1,-115
1767175112.817238,3,0,-119
1767175112.827238,0,-2,-116
1767175112.837238,1,-5,-121
1767175112.847238,-5,-5,-121
1767175112.857238,-3,-6,-125
1767175112.867238,-4,-5,-126
1767175112.877238,-6,-5,-127
1767175112.8872385,-1,-3,-131
1767175112.8972385,-1,-4,-132
1767175112.9072382,0,-3,-121
1767175112.9172382,0,-2,-117
1767175112.9272382,0,-6,-115
1767175112.9372382,-2,-4,-120
1767175112.9472382,-4,-2,-116
1767175112.9572382,-2,-4,-125
1767175112.9672382,-5,-4,-122
1767175112.9772382,-4,-10,-123
1767175112.9872382,-3,-6,-121
1767175112.9972382,-2,-6,-120
1767175113.007238,-10,-6,-117
1767175113.017238,-8,-8,-118
1767175113.027238,-3,-7,-121
1767175113.037238,-3,-6,-115
1767175113.047238,0,-6,-117
1767175113.057238,-1,-6,-110
1767175113.067238,0,-5,-115
1767175113.077238,1,-4,-115
1767175113.087238,-3,1,-113
1767175113.097238,-1,3,-114
1767175113.107238,0,5,-116
1767175113.117238,1,9,-120
1767175113.127238,3,7,-124
1767175113.1372385,6,7,-134
1767175113.1472385,2,3,-132
1767175113.1572382,0,4,-129
1767175113.1672382,-4,-1,-130
1767175113.1772382,0,-1,-129
1767175113.1872382,2,-6,-123
1767175113.1972382,4,-9,-117
1767175113.2072382,3,-8,-123
1767175113.2172382,3,-8,-127
1767175113.2272382,6,-8,-128
1767175113.2372382,4,-6,-129
1767175113.2472382,-1,-6,-125
1767175113.257238,-2,0,-121
1767175113.267238,-3,-1,-123
1767175113.277238,-5,2,-121
1767175113.287238,-4,-1,-128
1767175113.297238,-2,-1,-123
1767175113.307238,-1,-1,-125
1767175113.317238,-2,-2,-124
1767175113.327238,-1,-4,-119
1767175113.337238,0,0,-116
1767175113.347238,0,0,-117
1767175113.357238,-2,-2,-120
1767175113.367238,0,-2,-120
1767175113.377238,1,-2,-111
1767175113.3872385,-1,0,-114
1767175113.3972385,-4,0,-121
1767175113.4072382,0,0,-123
1767175113.4172382,2,2,-129
1767175113.4272382,-2,3,-131
1767175113.4372382,3,2,-125
1767175113.4472382,-1,-1,-119
1767175113.4572382,-2,0,-114
1767175113.4672382,-1,0,-111
1767175113.4772382,0,-5,-108
1767175113.4872382,-6,-5,-110
1767175113.4972382,-3,-6,-113
1767175113.507238,-5,-5,-117
1767175113.517238,-3,-2,-117
1767175113.527238,-10,1,-118
1767175113.537238,-8,5,-116
1767175113.547238,-11,5,-122
1767175113.557238,-10,5,-114
1767175113.567238,-6,2,-110
1767175113.577238,-5,1,-109
1767175113.587238,-4,0,-109
1767175113.597238,-3,-2,-103
1767175113.607238,-3,0,-104
1767175113.617238,-4,0,-106
1767175113.627238,-5,-1,-109
1767175113.6372385,-4,-1,-111
1767175113.6472385,-1,-1,-110
1767175113.6572382,1,-2,-110
1767175113.6672382,3,-2,-112
1767175113.6772382,0,0,-122
1767175113.6872382,-1,-3,-125
1767175113.6972382,1,-6,-122
1767175113.7072382,0,-6,-127
1767175113.7172382,-3,-4,-124
1767175113.7272382,-4,-4,-121
1767175113.7372382,2,-3,-117
1767175113.7472382,2,-2,-116
1767175113.757238,-1,-3,-127
1767175113.767238,-5,-3,-127
1767175113.777238,-5,-5,-131
1767175113.787238,-6,-6,-131
1767175113.797238,-3,-3,-123
1767175113.807238,0,-3,-123
1767175113.817238,0,-2,-115
1767175113.827238,1,-3,-123
1767175113.837238,-3,1,-121
1767175113.847238,-7,0,-118
1767175113.857238,-8,-3,-119
1767175113.8682382,-6,-6,-122
1767175113.877238,-3,-7,-118
1767175113.8872385,-1,-5,-118
1767175113.8972385,0,-4,-116
1767175113.9082382,-1,-5,-112
1767175113.9182382,-1,0,-114
1767175113.9282382,4,0,-117
1767175113.938238,5,-5,-118
1767175113.948238,1,-3,-125
1767175113.958238,3,-4,-125
1767175113.968238,6,-5,-125
1767175113.978238,6,-5,-124
1767175113.988238,3,2,-122
1767175113.998238,0,0,-119
1767175114.008238,0,-4,-119
1767175114.018238,-2,-1,-117
1767175114.028238,-2,-1,-119
1767175114.038238,-2,1,-111
1767175114.048238,-2,0,-106
1767175114.0582385,-3,4,-110
1767175114.0682385,-3,3,-111
1767175114.0782382,0,0,-113
1767175114.0882382,3,-3,-118
1767175114.0982382,0,-8,-127
1767175114.1082382,2,-9,-125
1767175114.1182382,6,-10,-116
1767175114.1282382,6,-4,-119
1767175114.1382382,5,-4,-126
1767175114.1482382,4,-2,-124
1767175114.1582382,4,-1,-125
1767175114.1682382,4,-5,-128
1767175114.1782382,7,-6,-120
1767175114.188238,6,-4,-113
1767175114.198238,0,-1,-104
1767175114.208238,-6,-3,-105
1767175114.218238,-5,-1,-116
1767175114.228238,-5,-5,-115
1767175114.238238,-3,-6,-114
1767175114.248238,0,-6,-112
1767175114.258238,1,-6,-114
1767175114.268238,5,-6,-114
1767175114.278238,5,-2,-110
1767175114.288238,5,-3,-110
1767175114.298238,2,-1,-121
1767175114.3082385,0,0,-120
1767175114.3182385,0,0,-121
1767175114.3282382,-3,0,-114
1767175114.3382382,-5,2,-119
1767175114.3482382,-6,0,-117
1767175114.3582382,-2,0,-126
1767175114.3682382,0,-1,-128
1767175114.3782382,-5,0,-129
1767175114.3882382,0,-2,-128
1767175114.3982382,3,-1,-125
1767175114.4082382,4,0,-122
1767175114.4182382,2,-2,-120
1767175114.4282382,0,2,-121
1767175114.438238,0,0,-124
1767175114.448238,-2,1,-126
1767175114.458238,0,0,-121
1767175114.468238,4,1,-118
1767175114.478238,0,1,-116
1767175114.488238,0,0,-117
1767175114.498238,-3,1,-121
1767175114.508238,0,-1,-119
1767175114.518238,0,-2,-121
1767175114.528238,0,1,-122
1767175114.538238,1,1,-116
1767175114.548238,1,0,-118
1767175114.5582385,1,0,-119
1767175114.5682385,0,4,-118
1767175114.5782382,-3,3,-118
1767175114.5882382,0,2,-118
1767175114.5982382,4,3,-123
1767175114.6082382,3,2,-122
1767175114.6182382,3,2,-125
1767175114.6282382,0,-1,-119
1767175114.6382382,0,-2,-120
1767175114.6482382,0,-3,-115
1767175114.6582382,2,-3,-115
1767175114.6682382,2,-3,-118
1767175114.6782382,4,-2,-116
1767175114.688238,1,-5,-115
1767175114.698238,-1,-9,-120
1767175114.708238,3,-9,-124
1767175114.718238,1,-4,-127
1767175114.728238,0,-3,-121
1767175114.738238,-3,-4,-123
1767175114.748238,0,-8,-118
1767175114.758238,4,-9,-120
1767175114.768238,1,-6,-126
1767175114.7892382,0,1,-130
1767175114.798238,0,1,-134
1767175114.8082385,-4,-4,-126
1767175114.8182385,-4,-3,-126
1767175114.8282382,-1,-3,-130
1767175114.8382382,-2,2,-124
1767175114.8482382,-5,3,-117
1767175114.8582382,-2,0,-118
1767175114.8682382,-1,-1,-123
1767175114.8782382,-7,0,-119
1767175114.8882382,-4,-1,-117
1767175114.8982382,-1,1,-120
1767175114.9082382,1,4,-118
1767175114.9182382,-1,1,-116
1767175114.9282382,-2,1,-121
1767175114.938238,-3,0,-124
1767175114.948238,-5,-1,-126
1767175114.958238,-5,0,-121
1767175114.968238,-5,1,-125
1767175114.978238,-1,-2,-120
1767175114.988238,3,-1,-117
1767175114.998238,0,3,-118
1767175115.008238,0,1,-116
1767175115.018238,-2,0,-118
1767175115.028238,-2,2,-120
1767175115.038238,2,5,-124
1767175115.048238,1,7,-124
1767175115.0582385,0,5,-118
1767175115.0682385,-3,7,-120
1767175115.0782382,-5,9,-116
1767175115.0882382,-6,4,-115
1767175115.0982382,-8,1,-110
1767175115.1082382,-3,0,-114
1767175115.1182382,-4,0,-114
1767175115.1282382,-5,2,-115
1767175115.1382382,-7,0,-119
1767175115.1482382,-4,3,-120
1767175115.1582382,-2,3,-118
1767175115.1682382,0,-2,-116
1767175115.1782382,0,-1,-116
1767175115.188238,0,-2,-113
1767175115.198238,0,-1,-116
1767175115.208238,-1,-2,-122
1767175115.218238,1,3,-119
1767175115.228238,2,3,-119
1767175115.238238,3,-1,-117
1767175115.248238,2,0,-112
1767175115.258238,0,1,-117
1767175115.268238,0,5,-120
1767175115.278238,-2,2,-116
1767175115.288238,-5,0,-116
1767175115.298238,-8,-1,-105
1767175115.3082385,-2,0,-107
1767175115.3182385,3,0,-109
1767175115.3282382,4,3,-114
1767175115.3382382,6,5,-117
1767175115.3482382,2,6,-121
1767175115.3582382,0,7,-118
1767175115.3682382,1,7,-125
1767175115.3782382,0,5,-131
1767175115.3882382,1,7,-131
1767175115.3982382,-2,5,-123
1767175115.4082382,-5,6,-124
1767175115.4182382,-7,7,-119
1767175115.4282382,-6,2,-120
1767175115.438238,-6,0,-117
1767175115.448238,-9,1,-112
1767175115.458238,-5,0,-116
1767175115.468238,0,0,-114
1767175115.478238,0,0,-115
1767175115.488238,1,-4,-115
1767175115.498238,0,-3,-122
1767175115.508238,1,-2,-128
1767175115.518238,3,-5,-129
1767175115.528238,0,-7,-121
1767175115.538238,-1,-6,-118
1767175115.548238,-1,-9,-121
1767175115.5582385,0,-8,-118
1767175115.5682385,-1,-9,-117
1767175115.5782382,2,-3,-119
1767175115.5882382,6,-4,-120
1767175115.5982382,9,-6,-113
1767175115.6082382,8,-3,-110
1767175115.6182382,5,2,-117
1767175115.6282382,2,3,-119
1767175115.6382382,2,2,-116
1767175115.6482382,0,-2,-114
1767175115.6582382,-1,1,-117
1767175115.6682382,-2,0,-115
1767175115.6782382,-2,0,-115
1767175115.688238,-4,3,-119
1767175115.698238,-1,4,-121
1767175115.708238,1,7,-120
1767175115.718238,-5,8,-119
1767175115.728238,-6,3,-113
1767175115.738238,-5,2,-109
1767175115.748238,-5,0,-105
1767175115.758238,-3,0,-103
1767175115.768238,-5,0,-110
1767175115.778238,-4,0,-110
1767175115.788238,-5,3,-102
1767175115.798238,-4,1,-103
1767175115.8082385,-3,1,-102
1767175115.8182385,-3,0,-103
1767175115.8282382,-1,0,-106
1767175115.8382382,-1,-1,-108
1767175115.8482382,3,-3,-112
1767175115.8582382,3,0,-119
1767175115.8682382,0,-1,-118
1767175115.8782382,-3,-3,-117
1767175115.8882382,0,-2,-116
1767175115.8982382,-1,-4,-115
1767175115.9082382,-1,-6,-114
1767175115.9182382,2,-6,-108
1767175115.9282382,3,-4,-110
1767175115.938238,0,-2,-108
1767175115.948238,0,0,-107
1767175115.958238,3,-3,-108
1767175115.968238,2,-4,-116
1767175115.978238,3,-5,-124
1767175115.988238,-1,-4,-123
1767175115.998238,-4,-7,-125
1767175116.008238,-1,-5,-120
1767175116.018238,-2,-2,-113
1767175116.028238,-3,-1,-117
1767175116.038238,0,2,-120
1767175116.048238,3,3,-120
1767175116.0582385,4,3,-116
1767175116.0682385,6,4,-118
1767175116.0782382,5,-1,-111
1767175116.0882382,0,-3,-115
1767175116.0982382,0,-2,-114
1767175116.1082382,0,-1,-115
1767175116.1182382,2,-4,-120
1767175116.1282382,0,-7,-118
1767175116.1382382,0,-4,-118
1767175116.1482382,2,-3,-117
1767175116.1582382,0,-3,-117
1767175116.1682382,0,0,-122
1767175116.1782382,2,-2,-123
1767175116.188238,4,1,-122
1767175116.198238,4,1,-123
1767175116.208238,0,2,-120
1767175116.218238,-1,2,-121
1767175116.228238,0,-5,-122
1767175116.238238,1,-2,-125
1767175116.248238,2,-1,-119
1767175116.258238,0,-4,-123
1767175116.268238,-1,-6,-124
1767175116.278238,1,-4,-119
1767175116.288238,-1,-6,-116
1767175116.298238,-1,-5,-116
1767175116.3082385,0,-7,-116
1767175116.3182385,0,-5,-117
1767175116.3282382,5,-7,-122
1767175116.3382382,5,-8,-120
1767175116.3482382,5,-11,-128
1767175116.3582382,7,-5,-127
1767175116.3682382,3,2,-124
1767175116.3782382,2,3,-124
1767175116.3882382,3,4,-120
1767175116.3982382,2,0,-119
1767175116.4082382,-1,-2,-107
1767175116.4182382,-2,0,-110
1767175116.4282382,-4,-6,-112
1767175116.438238,0,-7,-112
1767175116.448238,0,-10,-121
1767175116.458238,-5,-8,-119
1767175116.468238,-4,-6,-120
1767175116.478238,-5,-3,-122
1767175116.488238,-3,-4,-118
1767175116.498238,0,-1,-122
1767175116.508238,4,-6,-122
1767175116.5192382,7,-5,-127
1767175116.528238,5,-3,-127
1767175116.5392382,0,-3,-128
1767175116.548238,-4,-5,-125
1767175116.5592382,-4,-6,-124
1767175116.5682385,-6,-5,-125
1767175116.5782382,-7,-2,-129
1767175116.5892382,-2,0,-129
1767175116.5992382,0,0,-127
1767175116.609238,0,-1,-129
1767175116.619238,1,-2,-129
1767175116.629238,-1,-6,-131
1767175116.639238,2,-4,-129
1767175116.649238,0,-7,-123
1767175116.659238,-4,-3,-127
1767175116.669238,-1,-5,-126
1767175116.679238,0,-7,-123
1767175116.689238,-1,-6,-122
1767175116.699238,0,-2,-119
1767175116.709238,0,-2,-118
1767175116.719238,0,-1,-121
1767175116.7292385,-1,0,-130
1767175116.7392385,1,4,-127
1767175116.7492385,3,0,-116
1767175116.7592382,1,1,-116
1767175116.7692382,-3,1,-121
1767175116.7792382,-2,0,-121
1767175116.7892382,-2,2,-118
1767175116.7992382,-7,2,-118
1767175116.8092382,-7,6,-119
1767175116.8192382,-7,0,-121
1767175116.8292382,-9,0,-116
1767175116.8392382,-11,3,-117
1767175116.8492382,-8,7,-118
1767175116.859238,-8,3,-115
1767175116.869238,0,-1,-120
1767175116.879238,2,-5,-120
1767175116.889238,0,-9,-117
1767175116.899238,-2,-12,-123
1767175116.909238,1,-6,-124
1767175116.919238,-1,-9,-122
1767175116.929238,0,-8,-124
1767175116.939238,3,-8,-118
1767175116.949238,0,-9,-124
1767175116.959238,-4,-7,-122
1767175116.969238,-7,-6,-123
1767175116.9792385,-6,-4,-131
1767175116.9892385,-3,1,-123
1767175116.9992385,0,0,-119
1767175117.0092382,4,1,-118
1767175117.0192382,1,3,-114
1767175117.0292382,-2,3,-112
1767175117.0392382,0,-2,-113
1767175117.0492382,-2,-3,-117
1767175117.0592382,-5,0,-112
1767175117.0692382,-5,1,-112
1767175117.0792382,-7,0,-112
1767175117.0892382,-7,0,-116
1767175117.0992382,-7,0,-117
1767175117.109238,-8,-3,-118
1767175117.119238,-6,-1,-116
1767175117.129238,-6,3,-117
1767175117.139238,0,1,-113
1767175117.149238,3,3,-114
1767175117.159238,4,2,-116
1767175117.169238,4,0,-122
1767175117.179238,6,-1,-113
1767175117.189238,2,-3,-113
1767175117.199238,2,-6,-115
1767175117.209238,4,-1,-114
1767175117.219238,6,0,-112
1767175117.2292385,3,0,-120
1767175117.2392385,0,-2,-124
1767175117.2492385,-3,-6,-124
1767175117.2592382,-2,-4,-122
1767175117.2692382,-1,-3,-131
1767175117.2792382,0,1,-128
1767175117.2892382,0,2,-125
1767175117.2992382,-3,2,-126
1767175117.3092382,3,0,-125
1767175117.3192382,10,3,-121
1767175117.3292382,10,5,-117
1767175117.3392382,9,3,-125
1767175117.3492382,8,6,-123
1767175117.359238,5,1,-125
1767175117.369238,2,1,-131
1767175117.379238,0,-2,-128
1767175117.389238,0,-1,-124
1767175117.399238,0,0,-123
1767175117.409238,0,0,-124
1767175117.419238,0,0,-125
1767175117.429238,0,0,-122
1767175117.439238,1,2,-120
1767175117.449238,0,-1,-116
1767175117.459238,-3,-3,-112
1767175117.469238,0,-1,-116
1767175117.4792385,0,-1,-114
1767175117.4892385,3,-3,-121
1767175117.4992385,1,0,-117
1767175117.5092382,5,0,-118
1767175117.5192382,2,1,-122
1767175117.5292382,0,-2,-120
1767175117.5392382,-2,-4,-127
1767175117.5492382,2,-6,-131
1767175117.5592382,4,-4,-128
1767175117.5692382,1,-2,-129
1767175117.5792382,-1,-4,-130
1767175117.5892382,-5,-4,-124
1767175117.5992382,-5,-5,-121
1767175117.609238,-4,-5,-119
1767175117.619238,-2,-4,-123
1767175117.629238,4,-4,-126
1767175117.639238,3,-1,-123
1767175117.649238,4,-3,-120
1767175117.659238,0,-8,-122
1767175117.669238,-5,-1,-117
1767175117.679238,-2,-1,-119
1767175117.689238,-4,-4,-117
1767175117.699238,1,-3,-114
1767175117.709238,5,-5,-114
1767175117.719238,6,-2,-113
1767175117.7292385,10,-3,-114
1767175117.7392385,12,-2,-114
1767175117.7492385,10,-3,-114
1767175117.7592382,6,-3,-117
1767175117.7692382,3,-3,-119
1767175117.7792382,-1,-3,-122
1767175117.7892382,-1,-5,-119
1767175117.7992382,-4,-4,-120
1767175117.8092382,-4,-4,-123
1767175117.8192382,-3,-3,-117
1767175117.8292382,-5,0,-111
1767175117.8392382,-7,-4,-111
1767175117.8492382,-9,-5,-118
1767175117.859238,-6,-3,-120
1767175117.869238,-5,-3,-117
1767175117.879238,-4,-3,-116
1767175117.889238,2,-4,-121
1767175117.899238,2,-3,-118
1767175117.909238,1,-2,-123
1767175117.919238,2,-1,-125
1767175117.929238,0,0,-125
1767175117.939238,0,-2,-122
1767175117.949238,-1,-3,-120
1767175117.959238,-3,0,-116
1767175117.969238,-3,0,-123
1767175117.9792385,-2,-1,-115
1767175117.9892385,1,0,-113
1767175117.9992385,4,0,-113
1767175118.0092382,0,0,-117
1767175118.0192382,6,-1,-114
1767175118.0292382,-2,-3,-106
1767175118.0392382,-4,-7,-107
1767175118.0492382,-5,-11,-117
1767175118.0592382,-2,-11,-120
1767175118.0692382,-3,-10,-115
1767175118.0792382,-4,-11,-115
1767175118.0892382,-3,-10,-119
1767175118.0992382,2,-7,-124
1767175118.109238,3,-5,-127
1767175118.119238,3,-2,-125
1767175118.129238,4,-4,-124
1767175118.139238,8,-5,-120
1767175118.149238,9,-8,-121
1767175118.159238,7,-7,-123
1767175118.169238,1,-6,-123
1767175118.179238,1,-3,-116
1767175118.189238,1,-3,-112
1767175118.199238,3,-1,-114
1767175118.209238,4,0,-112
1767175118.219238,5,-3,-115
1767175118.2292385,6,-6,-111
1767175118.2392385,4,-7,-112
1767175118.2492385,5,-6,-114
1767175118.2592382,2,-7,-115
1767175118.2692382,0,-8,-117
1767175118.2792382,0,-7,-120
1767175118.2892382,3,-5,-122
1767175118.2992382,0,-2,-119
1767175118.3092382,2,-4,-116
1767175118.3192382,4,-1,-115
1767175118.3292382,1,-1,-113
1767175118.3392382,1,0,-108
1767175118.3492382,4,0,-113
1767175118.359238,2,-6,-113
1767175118.369238,1,-11,-111
1767175118.379238,0,-11,-106
1767175118.390238,0,-7,-108
1767175118.399238,4,-6,-113
1767175118.409238,4,-7,-113
1767175118.419238,0,-8,-107
1767175118.429238,0,-4,-116
1767175118.439238,-2,-1,-116
1767175118.449238,0,-4,-110
1767175118.459238,2,-1,-108
1767175118.469238,8,2,-112
1767175118.4792385,2,2,-117
1767175118.4892385,4,0,-117
1767175118.4992385,2,-2,-113
1767175118.5092382,3,-5,-108
1767175118.5192382,6,-3,-110
1767175118.5292382,9,-2,-108
1767175118.5392382,8,0,-113
1767175118.5492382,11,-2,-107
1767175118.5592382,9,-2,-112
1767175118.5692382,3,0,-117
1767175118.5792382,2,0,-118
1767175118.5892382,2,-1,-107
1767175118.5992382,-1,0,-109
1767175118.609238,0,-2,-104
1767175118.619238,0,-1,-106
1767175118.629238,-3,0,-113
1767175118.639238,0,-1,-118
1767175118.649238,-2,0,-124
1767175118.659238,-3,0,-124
1767175118.669238,1,-1,-128
1767175118.679238,-4,-1,-122
1767175118.689238,-5,0,-122
1767175118.699238,-3,-1,-123
1767175118.709238,-5,-4,-118
1767175118.719238,0,-3,-112
1767175118.7292385,1,-6,-116
1767175118.7392385,1,-3,-116
1767175118.7492385,0,-4,-119
1767175118.7592382,-8,-3,-120
1767175118.7692382,-9,-1,-124
1767175118.7792382,-10,0,-129
1767175118.7892382,-9,0,-129
1767175118.7992382,-11,1,-126
1767175118.8092382,-14,0,-132
1767175118.8192382,-14,4,-129
1767175118.8292382,-13,0,-128
1767175118.8392382,-15,-1,-134
1767175118.8492382,-11,-5,-130
1767175118.859238,-7,-5,-128
1767175118.869238,-8,-5,-128
1767175118.879238,-4,-6,-130
1767175118.889238,-5,-6,-126
1767175118.899238,-8,-6,-118
1767175118.909238,-2,-4,-122
1767175118.919238,-2,-4,-125
1767175118.929238,-1,-3,-125
1767175118.939238,-6,0,-125
1767175118.949238,-7,2,-122
1767175118.959238,-8,-2,-123
1767175118.969238,-2,0,-121
1767175118.9792385,-2,-3,-121
1767175118.9892385,-6,-2,-121
1767175118.9992385,-1,-2,-122
1767175119.0092382,1,0,-120
1767175119.0192382,6,1,-113
1767175119.0292382,5,0,-114
1767175119.0392382,3,0,-117
1767175119.0492382,2,3,-120
1767175119.0592382,6,3,-120
1767175119.0692382,7,1,-117
1767175119.0792382,3,0,-115
1767175119.0892382,2,0,-116
1767175119.0992382,3,0,-116
1767175119.109238,1,-3,-118
1767175119.119238,-1,-4,-121
1767175119.129238,0,-4,-119
1767175119.139238,2,-4,-122
1767175119.149238,1,-3,-121
1767175119.159238,0,-7,-114
1767175119.169238,1,-5,-112
1767175119.179238,-2,-3,-118
1767175119.189238,0,-3,-121
1767175119.2002382,2,-5,-124
1767175119.209238,-2,-3,-125
1767175119.2202382,-6,-4,-121
1767175119.2302382,-6,-6,-113
1767175119.2392385,-8,-8,-119
1767175119.2502382,-10,-5,-120
1767175119.2602382,-6,-1,-115
1767175119.2702382,-3,1,-118
1767175119.2802382,-2,-4,-114
1767175119.290238,2,-5,-106
1767175119.300238,1,-9,-109
1767175119.310238,0,-10,-113
1767175119.320238,-3,-11,-114
1767175119.330238,-5,-9,-110
1767175119.340238,-3,-7,-111
1767175119.350238,-3,-7,-111
1767175119.360238,-2,-4,-109
1767175119.370238,0,-2,-116
1767175119.380238,1,-6,-117
1767175119.390238,2,-5,-117
1767175119.400238,4,0,-120
1767175119.4102385,2,0,-120
1767175119.4202385,6,-6,-121
1767175119.4302382,7,-4,-117
1767175119.4402382,4,-3,-113
1767175119.4502382,2,-2,-114
1767175119.4602382,4,-5,-121
1767175119.4702382,5,-3,-127
1767175119.4802382,2,-7,-128
1767175119.4902382,0,-9,-126
1767175119.5002382,0,-6,-126
1767175119.5102382,0,-8,-126
1767175119.5202382,2,-4,-122
1767175119.5302382,1,-1,-125
1767175119.540238,0,1,-120
1767175119.550238,0,0,-122
1767175119.560238,1,1,-118
1767175119.570238,1,-2,-114
1767175119.580238,2,-4,-120
1767175119.590238,3,-3,-120
1767175119.600238,0,-6,-116
1767175119.610238,0,-8,-116
1767175119.620238,-5,-6,-117
1767175119.630238,-6,-9,-119
1767175119.640238,-5,-5,-119
1767175119.650238,-5,-4,-124
1767175119.6602385,-5,-4,-127
1767175119.6702385,-6,0,-126
1767175119.6802382,-5,-2,-134
1767175119.6902382,-4,-4,-126
1767175119.7002382,-4,-4,-124
1767175119.7102382,-9,-3,-117
1767175119.7202382,-7,-1,-118
1767175119.7302382,-8,-2,-118
1767175119.7402382,-6,-3,-117
1767175119.7502382,-8,-4,-116
1767175119.7602382,-7,-3,-117
1767175119.7702382,-7,-4,-110
1767175119.7802382,-8,1,-114
1767175119.801238,-2,1,-126
1767175119.810238,-3,1,-124
1767175119.820238,-6,1,-125
1767175119.830238,-1,0,-126
1767175119.840238,1,-2,-124
1767175119.850238,0,-4,-122
1767175119.860238,0,-4,-123
1767175119.870238,-4,-2,-124
1767175119.880238,-3,-3,-124
1767175119.890238,0,-1,-133
1767175119.900238,0,-2,-138
1767175119.9102385,4,0,-139
1767175119.9202385,3,-3,-137
1767175119.9302382,2,-7,-137
1767175119.9402382,-4,-6,-140
1767175119.9502382,-6,-5,-137
1767175119.9602382,-7,-5,-124
1767175119.9702382,-7,-7,-115
1767175119.9802382,-1,-3,-109
1767175119.9902382,0,0,-112
1767175120.0002382,1,-2,-117
1767175120.0102382,0,0,-127
1767175120.0202382,1,2,-128
1767175120.0302382,2,0,-130
1767175120.040238,3,-1,-124
1767175120.050238,6,0,-128
1767175120.060238,5,0,-126
1767175120.070238,4,2,-124
1767175120.080238,1,0,-127
1767175120.090238,3,0,-125
1767175120.100238,1,-2,-123
1767175120.110238,2,-2,-123
1767175120.120238,0,0,-121
1767175120.1312382,0,-1,-121
1767175120.140238,2,-2,-120
1767175120.150238,4,-2,-116
1767175120.1602385,7,-3,-112
1767175120.1702385,1,-2,-119
1767175120.1802382,1,-3,-117
1767175120.1902382,6,-2,-121
1767175120.2002382,4,0,-124
1767175120.2102382,4,0,-118
1767175120.2202382,0,-1,-111
1767175120.2302382,0,1,-117
1767175120.2402382,5,0,-116
1767175120.2502382,5,-4,-113
1767175120.2602382,1,-1,-113
1767175120.2702382,2,0,-116
1767175120.2802382,3,2,-114
1767175120.290238,4,3,-117
1767175120.300238,0,1,-118
1767175120.310238,-3,0,-121
1767175120.320238,-6,0,-120
1767175120.330238,-4,-1,-115
1767175120.340238,-4,0,-114
1767175120.350238,-5,0,-111
1767175120.360238,-6,-1,-110
1767175120.370238,-5,3,-117
1767175120.380238,-4,7,-122
1767175120.390238,-5,5,-117
1767175120.400238,-2,6,-120
1767175120.4102385,-6,4,-121
1767175120.4202385,0,5,-120
1767175120.4302382,-2,5,-118
1767175120.4402382,0,-3,-113
1767175120.4502382,0,-4,-112
1767175120.4602382,-1,-3,-112
1767175120.4702382,0,-5,-116
1767175120.4802382,2,-4,-115
1767175120.4902382,1,-6,-114
1767175120.5002382,0,-8,-119
1767175120.5102382,0,-6,-116
1767175120.5202382,0,-5,-114
1767175120.5302382,1,-5,-121
1767175120.540238,1,-4,-128
1767175120.550238,-2,-5,-122
1767175120.560238,0,-4,-119
1767175120.570238,-2,-4,-114
1767175120.580238,-2,0,-113
1767175120.590238,1,0,-116
1767175120.600238,3,0,-117
1767175120.610238,1,-3,-123
1767175120.620238,4,-4,-122
1767175120.630238,3,-6,-120
1767175120.640238,0,-2,-118
1767175120.650238,0,-7,-123
1767175120.6602385,0,-10,-130
1767175120.6702385,3,-11,-133
1767175120.6802382,2,-12,-131
1767175120.6902382,5,-12,-124
1767175120.7002382,0,-13,-121
1767175120.7102382,2,-15,-117
1767175120.7202382,2,-10,-118
1767175120.7302382,6,-12,-119
1767175120.7402382,5,-8,-121
1767175120.7502382,1,-3,-126
1767175120.7602382,0,-5,-130
1767175120.7702382,-4,-6,-135
1767175120.7802382,-2,-2,-116
1767175120.790238,-3,-3,-109
1767175120.800238,-1,-7,-111
1767175120.810238,4,-8,-109
1767175120.820238,2,-5,-116
1767175120.830238,2,-4,-111
1767175120.840238,2,0,-112
1767175120.850238,2,0,-110
1767175120.860238,3,1,-107
1767175120.870238,-2,0,-107
1767175120.880238,-3,0,-106
1767175120.890238,-1,-4,-109
1767175120.900238,-1,-6,-102
1767175120.9102385,-1,-8,-110
1767175120.9202385,3,-6,-111
1767175120.9302382,0,-4,-113
1767175120.9402382,3,-2,-115
1767175120.9502382,5,-1,-117
1767175120.9602382,4,-3,-120
1767175120.9702382,7,-7,-114
1767175120.9802382,4,-8,-119
1767175120.9902382,4,-6,-122
1767175121.0002382,0,-8,-120
1767175121.0102382,-2,-6,-118
1767175121.0202382,1,-6,-127
1767175121.0302382,1,0,-131
1767175121.040238,0,-1,-128
1767175121.050238,0,1,-122
1767175121.060238,-1,0,-127
1767175121.070238,-1,-4,-128
1767175121.080238,0,-4,-125
1767175121.090238,-2,-5,-124
1767175121.100238,-4,-4,-119
1767175121.110238,-6,-4,-126
1767175121.120238,-4,0,-121
1767175121.130238,-5,0,-121
1767175121.140238,-4,-1,-122
1767175121.150238,-5,-1,-122
1767175121.1602385,-3,-3,-125
1767175121.1702385,-5,-2,-123
1767175121.1802382,-4,0,-128
1767175121.1902382,-9,0,-132
1767175121.2002382,-7,-6,-128
1767175121.2102382,-4,-8,-120
1767175121.2202382,-5,-5,-117
1767175121.2302382,-5,-5,-118
1767175121.2402382,-6,-7,-116
1767175121.2502382,-3,-5,-120
1767175121.2602382,0,-5,-118
1767175121.2702382,2,-4,-115
1767175121.2802382,1,0,-121
1767175121.290238,0,-1,-120
1767175121.300238,0,-3,-121
1767175121.310238,0,-2,-118
1767175121.320238,-2,-4,-123
1767175121.330238,2,-2,-125
1767175121.340238,1,-3,-124
1767175121.350238,2,-3,-123
1767175121.360238,-3,-4,-123
1767175121.370238,0,-7,-120
1767175121.380238,0,-11,-118
1767175121.390238,-3,-5,-116
1767175121.400238,-1,-5,-123
1767175121.4102385,-2,0,-122
1767175121.4202385,0,0,-125
1767175121.4302382,0,-2,-126
1767175121.4402382,-1,-6,-123
1767175121.4502382,-2,-5,-121
1767175121.4602382,-4,-2,-114
1767175121.4702382,-7,-2,-116
1767175121.4802382,-5,-3,-115
1767175121.4902382,-6,-2,-120
1767175121.5002382,-3,0,-119
1767175121.5102382,-3,-1,-122
1767175121.5202382,-7,-5,-117
1767175121.5302382,-2,-7,-104
1767175121.540238,-4,-11,-104
1767175121.550238,-6,-8,-108
1767175121.560238,-6,-4,-110
1767175121.570238,-3,0,-111
1767175121.580238,-5,0,-116
1767175121.590238,-4,0,-108
1767175121.600238,-4,-1,-103
1767175121.610238,-5,-6,-102
1767175121.620238,-8,-6,-105
1767175121.630238,-1,-4,-113
1767175121.640238,0,0,-114
1767175121.650238,0,-2,-122
1767175121.6602385,-1,-8,-124
1767175121.6702385,-3,-10,-123
1767175121.6802382,-5,-3,-120
1767175121.6902382,-4,-2,-121
1767175121.7002382,-8,-1,-118
1767175121.7102382,-5,0,-118
1767175121.7202382,-3,-2,-117
1767175121.7302382,-2,-5,-120
1767175121.7402382,-1,-7,-117
1767175121.7502382,1,-4,-110
1767175121.7602382,-2,-4,-113
1767175121.7702382,-5,-3,-107
1767175121.7802382,-6,-3,-106
1767175121.790238,-5,-4,-112
1767175121.800238,0,-5,-118
1767175121.810238,0,-5,-118
1767175121.820238,-3,-6,-122
1767175121.830238,0,-2,-126
1767175121.840238,-1,-2,-118
1767175121.850238,1,-4,-112
1767175121.860238,5,-7,-117
1767175121.870238,4,-5,-120
1767175121.880238,1,-5,-124
1767175121.890238,0,-5,-124
1767175121.9012382,1,-4,-128
1767175121.9112382,0,-5,-128
1767175121.9212382,-2,-2,-126
1767175121.9312382,0,-2,-116
1767175121.9412382,0,-2,-118
1767175121.9512382,-3,-4,-122
1767175121.961238,-4,-4,-120
1767175121.971238,-7,-7,-118
1767175121.981238,-3,-5,-117
1767175121.991238,0,-5,-112
1767175122.001238,6,-6,-115
1767175122.011238,2,-3,-115
1767175122.021238,2,-1,-117
1767175122.031238,1,-2,-124
1767175122.041238,-2,1,-119
1767175122.051238,-6,2,-121
1767175122.061238,-5,-1,-117
1767175122.071238,-3,-3,-120
1767175122.0812385,-2,-2,-120
1767175122.0912385,-1,-7,-119
1767175122.1012385,-2,-5,-121
1767175122.1112382,0,-4,-118
1767175122.1212382,0,-5,-125
1767175122.1312382,-1,-5,-130
1767175122.1412382,-5,-5,-126
1767175122.1512382,-6,-2,-126
1767175122.1612382,-5,-4,-120
1767175122.1712382,0,-7,-116
1767175122.1812382,1,-4,-120
1767175122.1912382,3,-6,-117
1767175122.2012382,7,-3,-123
1767175122.211238,10,-1,-119
1767175122.221238,8,-1,-121
1767175122.231238,4,-6,-119
1767175122.241238,2,-8,-117
1767175122.251238,-1,-5,-109
1767175122.261238,1,-5,-116
1767175122.271238,0,-5,-119
1767175122.281238,-2,-3,-123
1767175122.291238,0,-2,-119
1767175122.301238,0,-3,-118
1767175122.311238,0,-4,-114
1767175122.321238,0,-9,-115
1767175122.3312385,1,-10,-110
1767175122.3412385,1,-6,-105
1767175122.3512385,4,-5,-108
1767175122.3612382,1,-3,-108
1767175122.3712382,2,-3,-111
1767175122.3812382,4,-3,-112
1767175122.3912382,3,-1,-113
1767175122.4012382,0,0,-112
1767175122.4112382,0,-3,-112
1767175122.4212382,3,-3,-114
1767175122.4312382,2,0,-119
1767175122.4412382,0,5,-117
1767175122.4512382,0,5,-115
1767175122.461238,-1,2,-112
1767175122.471238,-1,0,-111
1767175122.481238,3,-1,-117
1767175122.491238,0,-2,-123
1767175122.501238,3,-6,-121
1767175122.511238,0,0,-119
1767175122.521238,0,0,-124
1767175122.531238,-4,-7,-119
1767175122.541238,-8,-10,-125
1767175122.551238,-8,-8,-118
1767175122.561238,-4,-7,-119
1767175122.571238,-5,-2,-120
1767175122.5812385,-10,-2,-127
1767175122.5912385,-7,0,-134
1767175122.6012385,-3,1,-128
1767175122.6112382,-10,4,-129
1767175122.6212382,-4,2,-130
1767175122.6312382,-5,1,-129
1767175122.6412382,-5,0,-122
1767175122.6512382,-3,1,-116
1767175122.6612382,3,0,-111
1767175122.6712382,3,-3,-108
1767175122.6812382,9,-4,-109
1767175122.6912382,5,-2,-109
1767175122.7012382,-2,-2,-111
1767175122.711238,-3,0,-114
1767175122.721238,0,-4,-119
1767175122.731238,2,-4,-117
1767175122.741238,0,-2,-113
1767175122.751238,3,-2,-123
1767175122.761238,2,-5,-121
1767175122.771238,-2,-5,-128
1767175122.781238,-3,-1,-124
1767175122.791238,0,-2,-123
1767175122.801238,0,-3,-127
1767175122.811238,0,0,-128
1767175122.821238,0,-1,-125
1767175122.8312385,-1,2,-122
1767175122.8412385,-2,0,-119
1767175122.8512385,1,0,-118
1767175122.8612382,3,-3,-117
1767175122.8712382,4,-3,-117
1767175122.8812382,5,3,-116
1767175122.8912382,6,3,-118
1767175122.9012382,4,2,-121
1767175122.9112382,3,3,-125
1767175122.9212382,9,2,-122
1767175122.9312382,10,2,-121
1767175122.9412382,6,-2,-120
1767175122.9512382,6,-1,-119
1767175122.961238,8,1,-118
1767175122.971238,6,0,-116
1767175122.981238,4,-2,-118
1767175122.991238,2,0,-118
1767175123.001238,-1,2,-118
1767175123.011238,1,0,-109
1767175123.021238,0,-1,-105
1767175123.031238,3,0,-107
1767175123.041238,4,-2,-113
1767175123.051238,0,-6,-113
1767175123.061238,-3,-10,-115
1767175123.071238,-2,-6,-119
1767175123.0812385,-1,-6,-123
1767175123.0912385,1,-3,-121
1767175123.1012385,4,-5,-114
1767175123.1112382,0,-7,-111
1767175123.1212382,0,-8,-115
1767175123.1312382,2,-3,-117
1767175123.1412382,2,-3,-122
1767175123.1512382,3,0,-126
1767175123.1612382,5,-1,-123
1767175123.1712382,4,-2,-124
1767175123.1812382,0,2,-124
1767175123.1912382,-3,3,-122
1767175123.2012382,-4,2,-121
1767175123.211238,-5,3,-128
1767175123.221238,-3,0,-128
1767175123.231238,-3,0,-123
1767175123.241238,-4,2,-117
1767175123.251238,-2,2,-114
1767175123.261238,-3,-1,-123
1767175123.271238,0,-3,-114
1767175123.281238,1,-7,-115
1767175123.291238,0,-5,-114
1767175123.301238,-4,-3,-113
1767175123.311238,-1,-2,-114
1767175123.321238,-7,-1,-116
1767175123.3312385,-2,-8,-122
1767175123.3412385,-4,-9,-122
1767175123.3512385,0,-5,-124
1767175123.3612382,-2,0,-123
1767175123.3712382,0,0,-127
1767175123.3812382,0,-3,-121
1767175123.3912382,2,-1,-122
1767175123.4012382,0,0,-121
1767175123.4112382,-2,0,-121
1767175123.4212382,-2,0,-117
1767175123.4312382,-3,0,-119
1767175123.4412382,-5,0,-119
1767175123.4512382,-7,2,-110
1767175123.461238,-6,3,-108
1767175123.471238,-7,-1,-113
1767175123.481238,-8,0,-115
1767175123.491238,-5,0,-112
1767175123.501238,-6,0,-113
1767175123.511238,-3,0,-116
1767175123.521238,-2,2,-119
1767175123.531238,-2,-1,-126
1767175123.541238,-4,-4,-128
1767175123.551238,-3,-4,-130
1767175123.561238,-7,0,-127
1767175123.571238,-2,1,-127
1767175123.5812385,-6,-4,-128
1767175123.5912385,-7,-6,-125
1767175123.6012385,-7,-10,-121
1767175123.6112382,-3,-9,-123
1767175123.6212382,-1,-12,-124
1767175123.6312382,-5,-8,-120
1767175123.6412382,-5,-4,-124
1767175123.6512382,-1,-5,-124
1767175123.6612382,1,-9,-128
1767175123.6712382,5,-7,-127
1767175123.6812382,0,-5,-131
1767175123.6912382,-1,-4,-126
1767175123.7012382,-1,-7,-115
1767175123.711238,-5,-4,-113
1767175123.721238,-5,-3,-122
1767175123.731238,-5,-1,-122
1767175123.741238,-2,-1,-120
1767175123.751238,-2,-3,-121
1767175123.761238,1,-3,-114
1767175123.771238,4,-3,-114
1767175123.781238,5,-1,-117
1767175123.791238,5,0,-120
1767175123.801238,7,0,-121
1767175123.811238,4,-1,-117
1767175123.821238,0,0,-123
1767175123.8312385,0,0,-121
1767175123.8412385,-4,-1,-124
1767175123.8512385,-2,-4,-122
1767175123.8612382,0,-10,-119
1767175123.8712382,-3,-8,-120
1767175123.8812382,1,-2,-116
1767175123.8912382,-1,0,-116
1767175123.9012382,-1,-2,-116
1767175123.9112382,0,0,-116
1767175123.9212382,-2,7,-114
1767175123.9312382,-1,7,-112
1767175123.9412382,1,1,-115
1767175123.9512382,2,3,-115
1767175123.961238,-3,4,-116
1767175123.971238,-4,4,-115
1767175123.981238,-3,-1,-116
1767175123.991238,-1,-5,-111
1767175124.001238,3,-2,-109
1767175124.011238,2,-4,-105
1767175124.021238,0,0,-108
1767175124.031238,0,0,-120
1767175124.041238,-2,-3,-115
1767175124.051238,-5,-8,-111
1767175124.061238,-6,-4,-110
1767175124.071238,-5,-2,-109
1767175124.0812385,-2,0,-108
1767175124.0912385,-5,0,-107
1767175124.1012385,-4,1,-111
1767175124.1112382,0,0,-111
1767175124.1212382,-1,0,-112
1767175124.1312382,0,-1,-112
1767175124.1412382,0,0,-109
1767175124.1512382,1,0,-115
1767175124.1612382,0,2,-115
1767175124.1712382,0,0,-118
1767175124.1812382,1,-3,-113
1767175124.1912382,2,-4,-115
1767175124.2012382,3,-7,-118
1767175124.211238,1,-6,-115
1767175124.221238,-1,-4,-124
1767175124.231238,-1,-2,-127
1767175124.241238,0,-2,-121
1767175124.251238,-1,-2,-121
1767175124.261238,-1,-1,-118
1767175124.271238,0,3,-111
1767175124.281238,-3,3,-109
1767175124.291238,-6,-2,-114
1767175124.301238,-3,-2,-122
1767175124.311238,-7,-3,-125
1767175124.321238,-6,-7,-119
1767175124.3312385,-1,-7,-117
1767175124.3412385,-1,-5,-122
1767175124.3512385,0,-7,-126
1767175124.3612382,-1,-10,-122
1767175124.3712382,0,-9,-118
1767175124.3812382,-2,-6,-120
1767175124.3912382,-3,-3,-120
1767175124.4012382,-1,-1,-118
1767175124.4112382,-2,-3,-123
1767175124.4212382,1,-5,-122
1767175124.4312382,4,-3,-122
1767175124.4412382,2,-2,-120
1767175124.4512382,0,-4,-124
1767175124.461238,1,0,-121
1767175124.471238,0,0,-115
1767175124.481238,0,0,-109
1767175124.491238,0,-5,-115
1767175124.501238,-1,-6,-117
1767175124.511238,-1,-4,-126
1767175124.521238,3,-4,-134
1767175124.5322382,1,-4,-128
1767175124.541238,-2,-5,-127
1767175124.551238,-2,-5,-129
1767175124.5622382,-5,-7,-133
1767175124.5722382,-4,-7,-137
1767175124.5822382,0,-4,-134
1767175124.5922382,5,-7,-127
1767175124.6022382,6,-7,-122
1767175124.6122382,1,-11,-120
1767175124.6222382,-1,-8,-124
1767175124.632238,0,-6,-122
1767175124.642238,1,-10,-121
1767175124.652238,3,-6,-123
1767175124.662238,4,-2,-121
1767175124.672238,-3,-5,-115
1767175124.682238,-4,-9,-117
1767175124.692238,-4,-11,-120
1767175124.702238,0,-12,-121
1767175124.712238,0,-9,-120
1767175124.722238,0,-8,-122
1767175124.732238,3,-6,-123
1767175124.742238,0,-5,-118
1767175124.752238,-2,-3,-123
1767175124.7622385,-1,-6,-129
1767175124.7722385,-9,-4,-130
1767175124.7822382,-12,-6,-125
1767175124.7922382,-13,-10,-123
1767175124.814238,-7,-9,-119
1767175124.8222382,-4,-9,-118
1767175124.8322382,-7,-5,-122
1767175124.8422382,-6,-4,-125
1767175124.8522382,-1,0,-125
1767175124.8622382,0,1,-130
1767175124.8722382,2,-1,-132
1767175124.882238,4,-3,-131
1767175124.892238,0,-1,-129
1767175124.902238,-3,-2,-122
1767175124.912238,-5,-2,-125
1767175124.922238,-4,0,-118
1767175124.932238,-4,0,-121
1767175124.942238,-1,-1,-117
1767175124.952238,-2,-3,-127
1767175124.962238,-1,-3,-123
1767175124.972238,-3,-3,-121
1767175124.982238,-2,-2,-118
1767175124.992238,-2,0,-118
1767175125.002238,-2,0,-113
1767175125.0122385,1,1,-117
1767175125.0222385,0,3,-119
1767175125.0322382,-3,2,-116
1767175125.0422382,-3,2,-117
1767175125.0522382,-9,5,-117
1767175125.0622382,-6,0,-121
1767175125.0722382,-7,-1,-122
1767175125.0822382,-4,-1,-122
1767175125.0922382,-4,-2,-122
1767175125.1022382,1,-3,-116
1767175125.1122382,-3,-2,-111
1767175125.1222382,-1,-6,-113
1767175125.132238,0,-5,-119
1767175125.142238,-4,-7,-113
1767175125.152238,-4,-4,-116
1767175125.162238,-4,-6,-112
1767175125.172238,-5,-5,-110
1767175125.182238,-6,-7,-105
1767175125.192238,-4,-1,-112
1767175125.202238,-1,1,-108
1767175125.212238,1,0,-114
1767175125.222238,4,3,-120
1767175125.232238,0,2,-117
1767175125.242238,-3,1,-118
1767175125.252238,-4,1,-116
1767175125.2622385,-5,0,-118
1767175125.2722385,-5,-2,-114
1767175125.2822382,0,-6,-116
1767175125.2922382,0,-5,-120
1767175125.3022382,0,-6,-123
1767175125.3122382,-5,-1,-121
1767175125.3222382,-5,2,-121
1767175125.3322382,-2,6,-120
1767175125.3422382,-3,6,-118
1767175125.3522382,-2,0,-121
1767175125.3622382,-2,-2,-124
1767175125.3722382,-5,-3,-115
1767175125.382238,0,-1,-117
1767175125.392238,-1,-4,-119
1767175125.402238,0,-1,-119
1767175125.412238,0,0,-121
1767175125.422238,0,2,-114
1767175125.432238,0,7,-114
1767175125.442238,5,5,-112
1767175125.452238,5,4,-108
1767175125.462238,4,3,-113
1767175125.472238,0,3,-112
1767175125.482238,3,2,-111
1767175125.492238,7,0,-116
1767175125.502238,2,-2,-112
1767175125.5122385,4,-9,-119
1767175125.5222385,5,-8,-121
1767175125.5322382,6,-6,-123
1767175125.5422382,6,-4,-128
1767175125.5522382,6,2,-124
1767175125.5622382,7,7,-117
1767175125.5722382,2,8,-116
1767175125.5822382,1,9,-112
1767175125.5922382,0,8,-113
1767175125.6022382,3,2,-118
1767175125.6122382,6,1,-124
1767175125.6222382,6,5,-132
1767175125.632238,7,5,-125
1767175125.642238,3,3,-126
1767175125.652238,3,1,-120
1767175125.662238,-1,0,-113
1767175125.672238,-3,2,-105
1767175125.682238,0,6,-107
1767175125.692238,1,6,-109
1767175125.702238,0,5,-115
1767175125.712238,-3,4,-116
1767175125.722238,-4,3,-115
1767175125.732238,-4,2,-113
1767175125.742238,0,1,-120
1767175125.752238,-1,-1,-125
1767175125.7622385,-1,-3,-121
1767175125.7722385,1,-4,-129
1767175125.7822382,-2,-6,-134
1767175125.7922382,0,-7,-133
1767175125.8022382,-1,-7,-125
1767175125.8122382,-4,-6,-122
1767175125.8222382,-4,-7,-118
1767175125.8322382,-2,-6,-117
1767175125.8422382,0,-6,-123
1767175125.8522382,-1,-5,-120
1767175125.8622382,0,-2,-116
1767175125.8722382,-4,-2,-117
1767175125.882238,-1,0,-121
1767175125.892238,3,-4,-116
1767175125.902238,7,-4,-116
1767175125.912238,5,-3,-115
1767175125.922238,7,-3,-120
1767175125.932238,4,-4,-121
1767175125.942238,5,-1,-120
1767175125.952238,5,0,-121
1767175125.962238,5,-3,-119
1767175125.972238,1,1,-121
1767175125.982238,-4,4,-122
1767175125.992238,-2,2,-119
1767175126.002238,1,0,-117
1767175126.0122385,3,4,-124
1767175126.0222385,0,3,-123
1767175126.0322382,-1,2,-124
1767175126.0422382,-4,4,-118
1767175126.0522382,-2,0,-117
1767175126.0622382,-2,2,-115
1767175126.0722382,0,-1,-110
1767175126.0822382,0,-6,-116
1767175126.0922382,2,-11,-118
1767175126.1022382,4,-10,-119
1767175126.1122382,8,-7,-120
1767175126.1222382,10,0,-120
1767175126.132238,6,-5,-116
1767175126.142238,0,-2,-120
1767175126.152238,-1,-3,-125
1767175126.162238,-2,1,-125
1767175126.172238,1,5,-121
1767175126.182238,2,2,-117
1767175126.192238,4,0,-119
1767175126.202238,3,-2,-122
1767175126.212238,5,-1,-121
1767175126.222238,2,6,-119
1767175126.232238,5,8,-119
1767175126.242238,7,4,-123
1767175126.252238,6,6,-126
1767175126.2622385,1,7,-126
1767175126.2722385,0,5,-124
1767175126.2822382,0,0,-123
1767175126.2922382,-1,-3,-129
1767175126.3022382,-2,1,-120
1767175126.3122382,-2,0,-126
1767175126.3222382,0,-5,-122
1767175126.3322382,1,-3,-118
1767175126.3422382,0,0,-115
1767175126.3522382,3,0,-114
1767175126.3622382,2,0,-118
1767175126.3722382,0,-2,-124
1767175126.382238,5,-3,-123
1767175126.392238,7,-3,-126
1767175126.402238,4,-2,-124
1767175126.412238,0,-7,-120
1767175126.422238,0,-5,-119
1767175126.432238,-1,-5,-117
1767175126.442238,1,-3,-122
1767175126.452238,1,0,-127
1767175126.462238,-3,-1,-129
1767175126.472238,-1,0,-130
1767175126.482238,-5,0,-127
1767175126.492238,0,-1,-120
1767175126.502238,-2,-1,-127
1767175126.5122385,0,-3,-133
1767175126.5222385,0,-3,-138
1767175126.5322382,0,-3,-131
1767175126.5422382,0,-4,-131
1767175126.5522382,0,0,-130
1767175126.5622382,4,0,-130
1767175126.5722382,1,0,-130
1767175126.5822382,3,-1,-123
1767175126.5922382,-1,1,-125
1767175126.6022382,2,3,-120
1767175126.6122382,0,4,-123
1767175126.6222382,-3,5,-127
1767175126.632238,-2,2,-122
1767175126.642238,0,1,-120
1767175126.652238,1,-2,-120
1767175126.662238,6,-2,-123
1767175126.672238,9,-3,-120
1767175126.682238,8,-2,-118
1767175126.692238,5,-7,-115
1767175126.702238,1,-6,-117
1767175126.712238,-3,-7,-122
1767175126.722238,0,-8,-125
1767175126.732238,0,-8,-124
1767175126.742238,6,-10,-122
1767175126.752238,5,-9,-116
1767175126.7622385,5,-9,-111
1767175126.7722385,3,-3,-106
1767175126.7822382,5,1,-110
1767175126.7922382,5,0,-116
1767175126.8022382,7,0,-116
1767175126.8122382,7,4,-117
1767175126.8222382,2,4,-117
1767175126.8322382,0,0,-124
1767175126.8422382,0,0,-124
1767175126.8522382,1,-2,-120
1767175126.8622382,3,-5,-117
1767175126.8722382,2,-3,-118
1767175126.882238,0,-1,-116
1767175126.892238,3,1,-117
1767175126.902238,2,4,-119
1767175126.912238,3,3,-114
1767175126.922238,5,-3,-120
1767175126.932238,0,0,-128
1767175126.942238,-1,0,-130
1767175126.952238,2,1,-125
1767175126.962238,5,0,-123
1767175126.972238,8,-2,-121
1767175126.982238,7,0,-118
1767175126.992238,4,0,-115
1767175127.002238,6,0,-125
1767175127.0122385,9,-5,-122
1767175127.0222385,2,-6,-118
1767175127.0322382,-1,-3,-115
1767175127.0422382,-2,0,-120
1767175127.0522382,3,1,-119
1767175127.0622382,3,0,-114
1767175127.0722382,1,-1,-114
1767175127.0822382,-3,0,-116
1767175127.0922382,-7,5,-117
1767175127.1022382,-9,6,-113
1767175127.1122382,-12,5,-115
1767175127.1222382,-10,2,-116
1767175127.132238,-11,-3,-114
1767175127.142238,-8,-2,-117
1767175127.152238,-3,-1,-120
1767175127.162238,2,0,-124
1767175127.172238,1,-3,-124
1767175127.182238,4,-2,-118
1767175127.192238,1,-3,-123
1767175127.202238,0,1,-124
1767175127.212238,-1,0,-124
1767175127.2232382,-3,-2,-121
1767175127.2332382,-3,0,-126
1767175127.2432382,-7,2,-129
1767175127.2532382,-10,0,-129
1767175127.2632382,-5,4,-132
1767175127.2732382,-4,7,-134
1767175127.2832382,-6,5,-126
1767175127.2932382,-1,2,-116
1767175127.3032382,2,0,-118
1767175127.313238,1,-1,-117
1767175127.323238,5,-2,-113
1767175127.333238,6,0,-111
1767175127.343238,7,4,-112
1767175127.353238,8,8,-112
1767175127.363238,10,7,-109
1767175127.373238,4,0,-110
1767175127.383238,5,-6,-111
1767175127.393238,7,-9,-113
1767175127.403238,9,-7,-111
1767175127.413238,8,-9,-117
1767175127.423238,11,-9,-113
1767175127.4332385,9,-8,-116
1767175127.4432385,5,-4,-114
1767175127.4532382,2,-3,-112
1767175127.4632382,1,-5,-107
1767175127.4732382,-3,-1,-115
1767175127.4832382,0,-1,-117
1767175127.4932382,-3,0,-122
1767175127.504238,-3,-2,-122
1767175127.5132382,-3,0,-121
1767175127.5232382,2,2,-129
1767175127.5332382,1,3,-135
1767175127.5432382,4,-1,-130
1767175127.5532382,2,0,-138
1767175127.563238,0,-2,-132
1767175127.573238,0,-2,-126
1767175127.583238,-1,-2,-124
1767175127.593238,-2,-2,-114
1767175127.603238,-2,0,-107
1767175127.613238,-3,-5,-104
1767175127.623238,0,-2,-106
1767175127.633238,-2,-4,-107
1767175127.643238,0,-3,-111
1767175127.653238,3,-3,-113
1767175127.663238,3,-1,-113
1767175127.673238,1,0,-112
1767175127.6832385,0,-2,-121
1767175127.6932385,0,-3,-121
1767175127.7032382,0,-1,-119
1767175127.7132382,1,1,-124
1767175127.7232382,4,1,-122
1767175127.7332382,0,0,-119
1767175127.7432382,0,-2,-119
1767175127.7532382,0,-4,-121
1767175127.7632382,-1,-3,-124
1767175127.7732382,-4,-4,-127
1767175127.7832382,-4,-5,-133
1767175127.7932382,-5,-1,-133
1767175127.8032382,-4,0,-135
1767175127.813238,-2,-2,-129
1767175127.823238,2,0,-126
1767175127.833238,1,-1,-126
1767175127.843238,3,-2,-126
1767175127.853238,0,0,-125
1767175127.863238,1,1,-128
1767175127.873238,0,0,-129
1767175127.883238,-2,0,-123
1767175127.893238,-3,0,-123
1767175127.903238,-6,1,-126
1767175127.913238,-5,1,-124
1767175127.923238,-5,1,-125
1767175127.9332385,-1,2,-124
1767175127.9432385,-3,0,-121
1767175127.9532382,-1,0,-119
1767175127.9632382,4,0,-118
1767175127.9732382,6,-3,-119
1767175127.9832382,6,-4,-117
1767175127.9932382,5,-1,-113
1767175128.0032382,6,-6,-114
1767175128.0132382,8,0,-110
1767175128.0232382,3,1,-111
1767175128.0332382,5,2,-121
1767175128.0432382,6,0,-119
1767175128.0532382,1,0,-118
1767175128.063238,3,0,-120
1767175128.073238,1,-3,-123
1767175128.083238,0,-6,-125
1767175128.093238,-4,-5,-130
1767175128.103238,-4,-3,-130
1767175128.113238,-7,-2,-127
1767175128.123238,-5,-5,-128
1767175128.133238,-3,-9,-124
1767175128.143238,-3,-11,-124
1767175128.153238,-2,-10,-120
1767175128.163238,-4,-9,-120
1767175128.173238,-3,-8,-117
1767175128.1832385,0,-7,-119
1767175128.1932385,1,-2,-124
1767175128.2032382,3,2,-128
1767175128.2132382,2,2,-122
1767175128.2232382,1,2,-111
1767175128.2332382,4,0,-108
1767175128.2432382,2,-4,-111
1767175128.2532382,-1,-3,-116
1767175128.2632382,-5,-4,-120
1767175128.2732382,-9,-5,-125
1767175128.2832382,-6,-4,-117
1767175128.2932382,-5,-2,-116
1767175128.3032382,0,-2,-112
1767175128.313238,3,-1,-112
1767175128.323238,-1,-6,-114
1767175128.333238,0,-6,-113
1767175128.343238,-2,-2,-114
1767175128.353238,-2,-4,-113
1767175128.363238,-2,-2,-113
1767175128.373238,0,-2,-121
1767175128.383238,4,-4,-122
1767175128.393238,5,-4,-119
1767175128.403238,5,-4,-116
1767175128.413238,3,-4,-116
1767175128.423238,-2,-3,-120
1767175128.4332385,-1,-2,-125
1767175128.4432385,-2,0,-127
1767175128.4532382,-3,-4,-122
1767175128.4632382,-4,-5,-116
1767175128.4732382,-5,-4,-112
1767175128.4832382,-1,-5,-108
1767175128.4932382,0,-7,-103
1767175128.5032382,-5,-7,-103
1767175128.5132382,-5,-4,-107
1767175128.5232382,-5,-5,-119
1767175128.5332382,-6,-2,-116
1767175128.5432382,-4,0,-122
1767175128.5532382,-2,-3,-123
1767175128.563238,-7,-4,-119
1767175128.573238,-7,-2,-118
1767175128.583238,-5,-2,-121
1767175128.593238,-4,-4,-113
1767175128.603238,-3,-1,-112
1767175128.613238,-5,0,-109
1767175128.623238,-4,-1,-109
1767175128.633238,-3,-1,-113
1767175128.643238,-2,-1,-118
1767175128.653238,-5,-1,-117
1767175128.663238,0,1,-120
1767175128.673238,0,1,-124
1767175128.6832385,-1,2,-124
1767175128.6932385,1,0,-124
1767175128.7032382,2,-2,-118
1767175128.7132382,4,-3,-117
1767175128.7232382,0,2,-113
1767175128.7332382,-3,0,-115
1767175128.7432382,0,0,-115
1767175128.7532382,0,0,-121
1767175128.7632382,-4,5,-120
1767175128.7732382,-6,3,-124
1767175128.7832382,-6,1,-123
1767175128.7932382,-6,0,-120
1767175128.8032382,-2,-3,-119
1767175128.813238,1,-3,-119
1767175128.823238,1,-3,-119
1767175128.833238,3,-3,-125
1767175128.843238,3,-6,-122
1767175128.853238,1,-8,-125
1767175128.863238,-4,-7,-119
1767175128.873238,-4,-2,-116
1767175128.883238,-3,-1,-115
1767175128.893238,-3,0,-115
1767175128.903238,-5,0,-112
1767175128.913238,-3,1,-105
1767175128.923238,3,2,-109
1767175128.9332385,1,1,-111
1767175128.9432385,2,5,-115
1767175128.9532382,3,8,-117
1767175128.9632382,1,3,-122
1767175128.9732382,0,0,-124
1767175128.9832382,2,1,-117
1767175128.9932382,6,-1,-116
1767175129.0032382,10,0,-117
1767175129.0132382,8,0,-113
1767175129.0232382,3,0,-109
1767175129.0332382,-1,0,-112
1767175129.0432382,-2,2,-112
1767175129.0532382,-4,4,-110
1767175129.063238,2,4,-105
1767175129.073238,5,2,-107
1767175129.083238,3,0,-111
1767175129.093238,5,3,-112
1767175129.103238,2,2,-113
1767175129.113238,5,3,-113
1767175129.123238,0,3,-118
1767175129.133238,-7,3,-118
1767175129.143238,-8,0,-119
1767175129.153238,-9,0,-121
1767175129.163238,-9,1,-120
1767175129.173238,-5,0,-120
1767175129.1832385,-3,4,-121
1767175129.1932385,-5,7,-119
1767175129.2032382,-2,2,-116
1767175129.2132382,4,-2,-127
1767175129.2232382,3,0,-130
1767175129.2332382,6,0,-131
1767175129.2432382,9,5,-129
1767175129.2532382,6,0,-125
1767175129.2632382,6,0,-125
1767175129.2732382,4,-4,-128
1767175129.2832382,2,-1,-127
1767175129.2932382,3,0,-117
1767175129.3032382,2,3,-109
1767175129.313238,4,4,-102
1767175129.323238,5,3,-105
1767175129.333238,1,3,-106
1767175129.343238,4,1,-110
1767175129.353238,4,-1,-113
1767175129.363238,5,-1,-114
1767175129.373238,2,1,-120
1767175129.383238,-2,0,-129
1767175129.393238,-1,-4,-129
1767175129.403238,0,-3,-126
1767175129.413238,-1,-1,-128
1767175129.423238,-5,-1,-127
1767175129.4332385,-1,-4,-118
1767175129.4432385,1,-5,-121
1767175129.4532382,1,-5,-131
1767175129.4632382,1,-8,-128
1767175129.4732382,0,-12,-127
1767175129.4832382,-4,-12,-120
1767175129.4932382,-6,-14,-120
1767175129.5032382,0,-7,-128
1767175129.5132382,1,-3,-130
1767175129.5232382,-1,-1,-132
1767175129.5332382,-3,-3,-128
1767175129.5432382,-1,-2,-124
1767175129.5532382,0,-1,-120
1767175129.563238,4,-1,-124
1767175129.573238,1,0,-122
1767175129.583238,0,-1,-124
1767175129.593238,0,-2,-127
1767175129.603238,2,0,-123
1767175129.613238,7,1,-115
1767175129.623238,7,0,-112
1767175129.633238,6,-3,-108
1767175129.643238,5,0,-111
1767175129.653238,3,1,-121
1767175129.663238,1,0,-123
1767175129.673238,0,0,-127
1767175129.6832385,0,0,-126
1767175129.6932385,1,0,-126
1767175129.7032382,1,1,-117
1767175129.7132382,-1,0,-120
1767175129.7232382,-5,-3,-116
1767175129.7332382,-4,-2,-116
1767175129.7432382,0,0,-123
1767175129.7532382,-1,-1,-118
1767175129.7632382,2,-2,-115
1767175129.7732382,3,0,-119
1767175129.7832382,1,0,-121
1767175129.7932382,-4,0,-122
1767175129.8032382,-1,1,-122
1767175129.8252382,3,-2,-124
1767175129.833238,5,-3,-125
1767175129.843238,4,-2,-128
1767175129.853238,6,-1,-133
1767175129.863238,8,3,-119
1767175129.873238,4,4,-118
1767175129.883238,2,1,-118
1767175129.893238,0,0,-121
1767175129.903238,-1,4,-123
1767175129.9142382,-5,4,-117
1767175129.9242382,-2,7,-118
1767175129.9342382,2,4,-124
1767175129.9442382,6,4,-123
1767175129.9542382,4,7,-124
1767175129.9642382,1,9,-123
1767175129.9742382,4,5,-121
1767175129.984238,0,0,-119
1767175129.994238,0,0,-119
1767175130.004238,-4,0,-118
1767175130.014238,-5,-2,-114
1767175130.024238,-4,-4,-115
1767175130.034238,-2,-6,-120
1767175130.044238,-3,-7,-120
1767175130.054238,-4,-8,-120
1767175130.064238,-3,-4,-123
1767175130.074238,-3,-2,-123
1767175130.084238,-6,-2,-121
1767175130.094238,-7,-4,-120
1767175130.1042385,-5,-6,-122
1767175130.1142385,-8,-6,-120
1767175130.1242385,-7,-6,-124
1767175130.1342382,0,-3,-122
1767175130.1442382,0,-4,-121
1767175130.1542382,0,-5,-122
1767175130.1642382,0,-3,-119
1767175130.1742382,4,-1,-127
1767175130.1842382,1,1,-132
1767175130.1942382,-1,-4,-132
1767175130.2042382,3,-5,-129
1767175130.2142382,1,-3,-129
1767175130.2242382,3,-2,-130
1767175130.234238,6,0,-135
1767175130.244238,8,0,-132
1767175130.254238,4,1,-127
1767175130.264238,5,0,-125
1767175130.274238,0,-4,-124
1767175130.284238,-2,-4,-119
1767175130.294238,1,0,-116
1767175130.304238,-1,0,-116
1767175130.314238,1,3,-118
1767175130.324238,1,1,-123
1767175130.334238,4,-1,-124
1767175130.344238,2,-1,-122
1767175130.3542385,-3,-5,-116
1767175130.3642385,-2,-5,-116
1767175130.3742385,-2,-2,-115
1767175130.3842382,-1,-5,-114
1767175130.3942382,0,-3,-116
1767175130.4042382,0,-8,-122
1767175130.4142382,0,-5,-124
1767175130.4242382,-2,-4,-128
1767175130.4342382,-2,-6,-126
1767175130.4442382,1,-4,-127
1767175130.4542382,4,-2,-122
1767175130.4642382,2,-2,-119
1767175130.4742382,-3,-1,-121
1767175130.484238,-2,0,-122
1767175130.494238,-3,-4,-123
1767175130.504238,-1,-3,-117
1767175130.514238,-3,-7,-115
1767175130.524238,-1,-8,-116
1767175130.534238,0,-8,-122
1767175130.544238,2,-2,-124
1767175130.554238,6,-1,-122
1767175130.564238,3,0,-118
1767175130.574238,4,3,-122
1767175130.584238,3,0,-125
1767175130.594238,3,-2,-127
1767175130.6042385,3,0,-123
1767175130.6142385,1,-2,-116
1767175130.6242385,-1,-1,-111
1767175130.6342382,-3,-4,-106
1767175130.6442382,-3,-4,-109
1767175130.6542382,-2,-3,-111
1767175130.6642382,-8,-3,-114
1767175130.6742382,-8,-3,-117
1767175130.6842382,-6,-5,-121
1767175130.6942382,-5,-5,-122
1767175130.7042382,-1,-6,-126
1767175130.7142382,-3,-10,-130
1767175130.7242382,-2,-5,-130
1767175130.734238,0,-2,-136
1767175130.744238,2,0,-133
1767175130.754238,0,-3,-132
1767175130.764238,0,-3,-129
1767175130.774238,2,-1,-131
1767175130.784238,0,-6,-127
1767175130.794238,-4,-5,-123
1767175130.804238,-5,-4,-125
1767175130.814238,-8,-3,-121
1767175130.824238,-6,-1,-113
1767175130.834238,-5,1,-108
1767175130.844238,-4,2,-111
1767175130.8542385,-8,0,-117
1767175130.8642385,-7,-2,-114
1767175130.8742385,-6,-3,-112
1767175130.8842382,0,-2,-116
1767175130.8942382,-2,1,-122
1767175130.9042382,1,4,-119
1767175130.9142382,3,6,-118
1767175130.9242382,3,4,-116
1767175130.9342382,1,3,-124
1767175130.9442382,0,2,-129
1767175130.9542382,0,-3,-129
1767175130.9642382,-2,2,-129
1767175130.9742382,1,2,-126
1767175130.984238,4,0,-133
1767175130.994238,1,2,-122
1767175131.004238,2,3,-114
1767175131.014238,6,1,-116
1767175131.024238,1,-2,-129
1767175131.034238,0,-4,-130
1767175131.044238,-1,-4,-123
1767175131.054238,0,-1,-120
1767175131.064238,2,-5,-118
1767175131.074238,1,-6,-117
1767175131.084238,3,-7,-118
1767175131.094238,7,-7,-116
1767175131.1042385,4,-4,-111
1767175131.1142385,4,-2,-118
1767175131.1242385,6,-1,-118
1767175131.1342382,9,0,-118
1767175131.1442382,10,-3,-123
1767175131.1542382,12,-7,-123
1767175131.1642382,10,-9,-123
1767175131.1742382,10,-6,-122
1767175131.1842382,6,-5,-118
1767175131.1942382,5,-2,-114
1767175131.2042382,-1,-3,-116
1767175131.2142382,-8,0,-119
1767175131.2242382,-9,-2,-120
1767175131.234238,-9,0,-124
1767175131.244238,-13,-3,-122
1767175131.254238,-9,-2,-121
1767175131.264238,-5,0,-117
1767175131.274238,-3,-5,-117
1767175131.284238,-1,-5,-125
1767175131.294238,-1,0,-122
1767175131.304238,0,-1,-118
1767175131.314238,-2,0,-119
1767175131.324238,0,-1,-118
1767175131.334238,2,-5,-115
1767175131.344238,0,-3,-113
1767175131.3542385,0,-3,-109
1767175131.3642385,3,0,-113
1767175131.3742385,0,-1,-117
1767175131.3842382,0,-5,-121
1767175131.3942382,-1,-8,-121
1767175131.4042382,-1,-6,-120
1767175131.4142382,1,-2,-126
1767175131.4242382,-2,1,-129
1767175131.4342382,-1,2,-123
1767175131.4442382,-5,2,-122
1767175131.4542382,-6,0,-118
1767175131.4642382,-11,0,-118
1767175131.4742382,-7,0,-114
1767175131.484238,-3,3,-108
1767175131.494238,0,4,-111
1767175131.504238,4,2,-114
1767175131.514238,5,0,-112
1767175131.524238,5,1,-113
1767175131.534238,4,0,-113
1767175131.544238,3,0,-113
1767175131.554238,3,-1,-117
1767175131.564238,3,1,-116
1767175131.574238,2,-5,-111
1767175131.584238,-1,-3,-110
1767175131.594238,0,-6,-109
1767175131.6042385,-4,-8,-110
1767175131.6142385,-3,-5,-105
1767175131.6242385,-1,-6,-113
1767175131.6342382,1,0,-115
1767175131.6442382,2,0,-119
1767175131.6542382,1,-2,-125
1767175131.6642382,0,-2,-122
1767175131.6742382,-4,-5,-115
1767175131.6842382,-4,-3,-116
1767175131.6942382,-3,-5,-124
1767175131.7042382,0,-4,-120
1767175131.7142382,-4,-6,-111
1767175131.7242382,2,-8,-117
1767175131.734238,6,-11,-116
1767175131.744238,2,-9,-121
1767175131.754238,3,-11,-122
1767175131.764238,1,-10,-120
1767175131.774238,0,-9,-124
1767175131.784238,-3,-6,-122
1767175131.794238,0,-2,-126
1767175131.8052382,0,1,-124
1767175131.814238,0,3,-128
1767175131.824238,0,4,-132
1767175131.834238,-3,3,-129
1767175131.844238,-4,2,-132
1767175131.8542385,-10,0,-138
1767175131.8642385,-9,1,-138
1767175131.8742385,-10,0,-131
1767175131.8842382,-13,1,-128
1767175131.8942382,-11,3,-132
1767175131.9042382,-9,3,-131
1767175131.9142382,-3,5,-133
1767175131.9242382,-4,2,-128
1767175131.9342382,0,1,-121
1767175131.9442382,-4,1,-117
1767175131.9542382,-5,1,-118
1767175131.9642382,-8,0,-117
1767175131.9742382,-9,1,-120
1767175131.984238,-7,0,-121
1767175131.994238,-6,0,-119
1767175132.004238,-7,0,-116
1767175132.014238,-2,0,-117
1767175132.024238,-3,-1,-124
1767175132.034238,-4,0,-123
1767175132.044238,-5,0,-124
1767175132.054238,0,-1,-119
1767175132.064238,-1,0,-122
1767175132.074238,-2,-1,-129
1767175132.084238,-3,0,-131
1767175132.094238,0,1,-127
1767175132.1042385,1,0,-120
1767175132.1142385,6,3,-122
1767175132.1242385,1,3,-124
1767175132.1342382,2,7,-121
1767175132.1442382,0,4,-111
1767175132.1542382,0,0,-108
1767175132.1642382,-2,2,-110
1767175132.1742382,-2,1,-116
1767175132.1842382,0,1,-122
1767175132.1942382,-2,4,-121
1767175132.2042382,0,0,-126
1767175132.2142382,-7,-1,-130
1767175132.2242382,-8,-5,-125
1767175132.234238,-9,-4,-122
1767175132.244238,-11,-4,-120
1767175132.254238,-6,-2,-115
1767175132.264238,-4,-3,-116
1767175132.274238,-2,-5,-106
1767175132.284238,-4,-2,-102
1767175132.294238,-2,-2,-105
1767175132.304238,1,-4,-105
1767175132.314238,0,0,-105
1767175132.324238,5,0,-107
1767175132.334238,0,-5,-108
1767175132.344238,0,-4,-116
1767175132.3542385,-1,-3,-117
1767175132.3642385,-1,-7,-117
1767175132.3742385,0,-5,-114
1767175132.3842382,2,-3,-115
1767175132.3942382,-2,-6,-112
1767175132.4042382,0,-7,-109
1767175132.4142382,0,-3,-106
1767175132.4242382,0,-3,-106
1767175132.4342382,-4,-5,-110
1767175132.4442382,-2,0,-110
1767175132.4542382,-4,-2,-113
1767175132.4642382,-10,-2,-118
1767175132.4742382,-11,-3,-123
1767175132.484238,-10,-1,-129
1767175132.494238,-11,0,-130
1767175132.504238,-8,0,-123
1767175132.514238,-10,2,-122
1767175132.524238,-10,1,-124
1767175132.5352385,-7,2,-132
1767175132.544238,-6,3,-133
1767175132.554238,-4,3,-136
1767175132.5652382,-4,-1,-137
1767175132.5752382,-3,-6,-140
1767175132.5852382,-3,-4,-136
1767175132.5952382,-4,-2,-130
1767175132.6042385,-4,-1,-130
1767175132.6152382,-9,-1,-129
1767175132.6252382,-11,-2,-133
1767175132.6352382,-11,0,-125
1767175132.6452382,-11,0,-121
1767175132.6552382,-8,-2,-119
1767175132.665238,-6,-5,-118
1767175132.675238,-5,-5,-115
1767175132.685238,-2,-4,-118
1767175132.695238,2,-4,-120
1767175132.705238,0,-5,-122
1767175132.715238,2,-10,-121
1767175132.725238,0,-10,-124
1767175132.735238,3,-8,-122
1767175132.745238,2,-12,-121
1767175132.755238,1,-11,-127
1767175132.765238,2,-11,-128
1767175132.775238,7,-10,-128
1767175132.7852385,6,-10,-126
1767175132.7952385,9,-13,-124
1767175132.8052382,10,-10,-122
1767175132.8152382,10,-10,-122
1767175132.8252382,8,-4,-124
1767175132.8352382,11,-3,-123
1767175132.8452382,6,-5,-129
1767175132.8552382,0,-5,-131
1767175132.8652382,-3,-2,-125
1767175132.8752382,-1,-7,-123
1767175132.8852382,-4,-3,-122
1767175132.8952382,-6,-3,-116
1767175132.9052382,-3,-1,-119
1767175132.915238,-4,0,-122
1767175132.925238,-6,-3,-115
1767175132.935238,-1,3,-114
1767175132.945238,0,4,-114
1767175132.955238,1,1,-118
1767175132.965238,3,0,-114
1767175132.975238,2,0,-115
1767175132.985238,6,-1,-114
1767175132.995238,4,0,-119
1767175133.005238,3,2,-115
1767175133.015238,0,2,-112
1767175133.025238,-1,2,-112
1767175133.0352385,0,1,-122
1767175133.0452385,0,1,-116
1767175133.0552382,-7,3,-115
1767175133.0652382,-9,4,-114
1767175133.0752382,-4,4,-125
1767175133.0852382,2,4,-128
1767175133.0952382,0,2,-126
1767175133.1052382,0,-2,-123
1767175133.1152382,-1,-5,-119
1767175133.1252382,1,-6,-112
1767175133.1352382,0,-6,-117
1767175133.1452382,0,-9,-122
1767175133.1552382,3,-9,-123
1767175133.165238,4,-7,-116
1767175133.175238,4,-6,-117
1767175133.185238,0,-4,-124
1767175133.195238,-6,-1,-131
1767175133.205238,-5,0,-134
1767175133.215238,0,1,-135
1767175133.225238,0,-1,-133
1767175133.235238,-6,-1,-130
1767175133.245238,-9,-3,-133
1767175133.255238,-12,-4,-132
1767175133.265238,-7,0,-119
1767175133.275238,-6,2,-119
1767175133.2852385,-4,1,-112
1767175133.2952385,-3,2,-111
1767175133.3052382,-1,2,-111
1767175133.3152382,2,2,-119
1767175133.3252382,1,0,-118
1767175133.3352382,3,2,-121
1767175133.3452382,3,0,-117
1767175133.3552382,5,-1,-115
1767175133.3652382,5,-3,-109
1767175133.3752382,4,-1,-111
1767175133.3852382,2,-2,-115
1767175133.3952382,0,0,-113
1767175133.4052382,-2,-1,-116
1767175133.415238,-1,-4,-111
1767175133.425238,-3,-2,-107
1767175133.435238,-1,-2,-107
1767175133.445238,0,-5,-114
1767175133.455238,3,0,-114
1767175133.465238,7,2,-117
1767175133.475238,9,3,-121
1767175133.485238,6,4,-121
1767175133.495238,8,5,-117
1767175133.505238,3,3,-116
1767175133.515238,2,0,-116
1767175133.525238,4,-3,-122
1767175133.5352385,2,-2,-130
1767175133.5452385,4,-1,-129
1767175133.5552382,4,-1,-129
1767175133.5652382,4,0,-124
1767175133.5752382,3,0,-119
1767175133.5852382,2,-4,-122
1767175133.5952382,2,-5,-122
1767175133.6052382,2,-7,-126
1767175133.6152382,3,-2,-124
1767175133.6252382,7,-3,-125
1767175133.6352382,12,-6,-119
1767175133.6452382,10,-5,-116
1767175133.6552382,7,-8,-120
1767175133.665238,2,-9,-122
1767175133.675238,0,-9,-123
1767175133.685238,-3,-8,-124
1767175133.695238,-1,-5,-120
1767175133.705238,-5,-4,-118
1767175133.715238,-5,-2,-114
1767175133.725238,-6,-3,-114
1767175133.735238,-1,0,-116
1767175133.745238,-1,-2,-123
1767175133.755238,0,-9,-118
1767175133.765238,1,-6,-125
1767175133.775238,0,-4,-125
1767175133.7852385,0,-4,-126
1767175133.7952385,1,-1,-125
1767175133.8052382,3,0,-120
1767175133.8152382,6,0,-123
1767175133.8252382,5,0,-116
1767175133.8352382,8,0,-116
1767175133.8452382,4,0,-118
1767175133.8552382,4,2,-123
1767175133.8652382,5,-4,-125
1767175133.8752382,3,-3,-122
1767175133.8852382,0,-8,-117
1767175133.8952382,0,-7,-126
1767175133.9052382,2,-3,-121
1767175133.915238,1,0,-118
1767175133.925238,1,-1,-116
1767175133.935238,2,-3,-114
1767175133.945238,2,-3,-119
1767175133.955238,5,-2,-126
1767175133.965238,2,-2,-127
1767175133.975238,1,-6,-126
1767175133.985238,-2,-4,-130
1767175133.995238,-1,0,-127
1767175134.005238,0,0,-126
1767175134.015238,-1,-2,-123
1767175134.025238,-1,-3,-112
1767175134.0352385,0,-8,-106
1767175134.0452385,-3,-8,-111
1767175134.0552382,-4,-8,-120
1767175134.0652382,-8,-10,-124
1767175134.0752382,-9,-9,-124
1767175134.0852382,-14,-4,-130
1767175134.0952382,-13,-6,-124
1767175134.1052382,-13,-7,-124
1767175134.1152382,-7,-1,-124
1767175134.1252382,-2,1,-116
1767175134.1352382,-2,0,-119
1767175134.1452382,-5,1,-118
1767175134.1552382,-2,2,-117
1767175134.165238,0,0,-116
1767175134.175238,1,-2,-115
1767175134.185238,4,-5,-114
1767175134.195238,4,-12,-118
1767175134.205238,5,-7,-115
1767175134.215238,9,-7,-122
1767175134.225238,5,-2,-122
1767175134.235238,0,-3,-120
1767175134.245238,1,-2,-125
1767175134.255238,-1,-3,-123
1767175134.265238,-5,-7,-124
1767175134.275238,-5,-6,-119
1767175134.2852385,-7,-7,-113
1767175134.2952385,-7,-7,-117
1767175134.3052382,-7,-5,-120
1767175134.3152382,-1,-2,-119
1767175134.3252382,2,-5,-116
1767175134.3352382,4,-6,-108
1767175134.3452382,3,-2,-107
1767175134.3552382,3,-2,-110
1767175134.3652382,0,-4,-110
1767175134.3752382,0,-3,-122
1767175134.3852382,1,-6,-131
1767175134.3952382,-2,-6,-125
1767175134.4052382,-3,-4,-123
1767175134.415238,-3,-4,-122
1767175134.425238,-5,-5,-119
1767175134.435238,-5,-7,-118
1767175134.445238,0,-9,-123
1767175134.455238,-1,-7,-128
1767175134.465238,2,-8,-127
1767175134.475238,2,-5,-133
1767175134.485238,5,-5,-130
1767175134.495238,6,-4,-127
1767175134.505238,5,-3,-127
1767175134.515238,3,-1,-126
1767175134.525238,-1,-3,-120
1767175134.5352385,-2,0,-120
1767175134.5452385,-2,1,-114
1767175134.5552382,-4,3,-114
1767175134.5652382,-4,0,-114
1767175134.5752382,-4,-2,-117
1767175134.5852382,-1,0,-122
1767175134.5952382,-3,0,-125
1767175134.6052382,-5,-1,-130
1767175134.6152382,-1,0,-135
1767175134.6252382,-1,0,-131
1767175134.6352382,0,1,-132
1767175134.6452382,-1,4,-132
1767175134.6552382,-1,-3,-132
1767175134.665238,-3,-3,-128
1767175134.675238,-10,-2,-129
1767175134.685238,-8,-1,-132
1767175134.695238,0,-5,-127
1767175134.705238,3,-2,-121
1767175134.715238,0,0,-124
1767175134.725238,-1,0,-119
1767175134.735238,1,3,-122
1767175134.745238,0,1,-125
1767175134.755238,2,0,-127
1767175134.765238,4,0,-126
1767175134.775238,7,-4,-117
1767175134.7852385,2,-7,-118
1767175134.7952385,-2,-4,-122
1767175134.8052382,-2,-2,-122
1767175134.8152382,0,-2,-125
1767175134.837238,-1,-1,-120
1767175134.8452382,-4,-7,-129
1767175134.8552382,-2,-2,-127
1767175134.8652382,-1,1,-121
1767175134.8752382,3,1,-122
1767175134.8852382,7,-1,-125
1767175134.8952382,6,0,-130
1767175134.9052382,8,-4,-127
1767175134.915238,10,-2,-120
1767175134.925238,9,-3,-119
1767175134.935238,5,-5,-114
1767175134.945238,0,-1,-115
1767175134.955238,4,3,-110
1767175134.965238,4,0,-108
1767175134.975238,3,-2,-101
1767175134.985238,4,-3,-104
1767175134.995238,-3,-2,-106
1767175135.005238,-1,-3,-106
1767175135.015238,0,-5,-106
1767175135.025238,-2,-3,-110
1767175135.0352385,0,-7,-116
1767175135.0452385,-1,-6,-106
1767175135.0552382,0,-9,-109
1767175135.0652382,-1,-8,-113
1767175135.0752382,0,-4,-109
1767175135.0852382,0,-3,-117
1767175135.0952382,2,-6,-122
1767175135.1052382,0,-7,-116
1767175135.1152382,1,-9,-122
1767175135.1252382,0,-11,-122
1767175135.1352382,0,-8,-121
1767175135.1452382,-4,-6,-122
1767175135.1552382,-4,-4,-115
1767175135.165238,-4,-2,-118
1767175135.175238,1,-1,-124
1767175135.185238,-1,3,-125
1767175135.196238,-1,4,-125
1767175135.205238,6,1,-122
1767175135.215238,7,2,-122
1767175135.2262385,6,6,-116
1767175135.2362382,5,5,-116
1767175135.2462382,2,3,-115
1767175135.2562382,-1,3,-118
1767175135.2662382,2,1,-113
1767175135.2762382,0,3,-115
1767175135.2862382,1,4,-126
1767175135.2962382,2,1,-126
1767175135.3052382,1,-3,-127
1767175135.3162382,-3,-4,-119
1767175135.3262382,-7,-1,-110
1767175135.336238,-7,0,-117
1767175135.346238,-7,-3,-116
1767175135.356238,-10,-4,-121
1767175135.366238,-12,-5,-121
1767175135.376238,-6,-1,-115
1767175135.386238,0,-3,-115
1767175135.396238,2,-4,-123
1767175135.406238,0,-6,-120
1767175135.416238,-2,-11,-119
1767175135.426238,-5,-10,-123
1767175135.436238,-2,-9,-121
1767175135.446238,-3,-8,-121
1767175135.4562385,-2,-8,-114
1767175135.4662385,-2,-4,-106
1767175135.4762385,-3,-2,-116
1767175135.4862382,-4,-3,-114
1767175135.4962382,-4,0,-121
1767175135.5062382,-4,-2,-124
1767175135.5162382,-6,0,-127
1767175135.5262382,-8,0,-121
1767175135.5362382,-10,-3,-122
1767175135.5462382,-14,-9,-127
1767175135.5562382,-10,-8,-130
1767175135.5662382,-11,-7,-125
1767175135.5762382,-6,-5,-123
1767175135.586238,-1,-4,-123
1767175135.596238,0,-4,-121
1767175135.606238,0,-2,-118
1767175135.616238,1,1,-116
1767175135.626238,0,7,-116
1767175135.636238,0,5,-116
1767175135.646238,0,0,-121
1767175135.656238,-2,-1,-121
1767175135.666238,-1,-3,-119
1767175135.676238,0,-2,-124
1767175135.686238,6,-5,-120
1767175135.696238,3,-5,-122
1767175135.7062385,-2,-2,-125
1767175135.7162385,-6,0,-127
1767175135.7262385,-12,-3,-124
1767175135.7362382,-7,-3,-125
1767175135.7462382,2,-7,-120
1767175135.7562382,3,-9,-116
1767175135.7662382,4,-5,-115
1767175135.7762382,1,-3,-116
1767175135.7862382,1,1,-107
1767175135.7962382,2,0,-113
1767175135.8062382,0,2,-115
1767175135.8162382,1,1,-112
1767175135.8262382,-3,0,-115
1767175135.836238,0,0,-114
1767175135.846238,-1,0,-116
1767175135.856238,-5,2,-113
1767175135.866238,-1,0,-109
1767175135.876238,0,1,-110
1767175135.886238,0,1,-108
1767175135.896238,-3,3,-113
1767175135.906238,-5,1,-118
1767175135.916238,-3,1,-119
1767175135.926238,-1,0,-118
1767175135.936238,-2,-2,-123
1767175135.946238,0,-4,-119
1767175135.9562385,-2,-5,-118
1767175135.9662385,-3,-2,-124
1767175135.9762385,-2,0,-127
1767175135.9862382,-1,1,-117
1767175135.9962382,0,0,-117
1767175136.0062382,0,0,-118
1767175136.0162382,2,0,-115
1767175136.0262382,1,2,-116
1767175136.0362382,4,0,-113
1767175136.0462382,0,0,-115
1767175136.0562382,0,0,-112
1767175136.0662382,4,3,-111
1767175136.0762382,6,5,-109
1767175136.086238,4,3,-109
1767175136.096238,4,0,-115
1767175136.106238,1,-5,-116
1767175136.116238,0,-4,-115
1767175136.126238,0,1,-112
1767175136.136238,0,0,-113
1767175136.146238,0,-2,-116
1767175136.156238,2,-4,-119
1767175136.166238,0,-5,-121
1767175136.176238,0,-7,-120
1767175136.186238,-3,-6,-119
1767175136.196238,-2,-9,-123
1767175136.2062385,1,-9,-120
1767175136.2162385,3,-12,-116
1767175136.2262385,5,-13,-113
1767175136.2362382,4,-6,-116
1767175136.2462382,5,-5,-113
1767175136.2562382,6,-6,-120
1767175136.2662382,3,-4,-126
1767175136.2762382,6,-4,-119
1767175136.2862382,9,-5,-115
1767175136.2962382,3,-5,-116
1767175136.3062382,4,-3,-119
1767175136.3162382,4,-5,-125
1767175136.3262382,0,-6,-124
1767175136.336238,2,-3,-124
1767175136.346238,2,0,-122
1767175136.356238,-1,-3,-119
1767175136.366238,0,-5,-120
1767175136.376238,-2,-5,-117
1767175136.386238,0,-6,-115
1767175136.396238,5,-5,-115
1767175136.406238,7,-6,-113
1767175136.416238,3,-6,-117
1767175136.426238,-3,-5,-109
1767175136.436238,-2,-5,-108
1767175136.446238,-1,-5,-107
1767175136.4562385,0,-2,-104
1767175136.4662385,-2,-2,-104
1767175136.4762385,-5,0,-109
1767175136.4862382,-3,-2,-111
1767175136.4962382,-5,0,-115
1767175136.5062382,-3,0,-112
1767175136.5162382,-1,-1,-114
1767175136.5262382,0,-3,-117
1767175136.5362382,3,-3,-115
1767175136.5462382,2,-1,-117
1767175136.5562382,2,1,-112
1767175136.5662382,3,-3,-113
1767175136.5762382,1,-8,-114
1767175136.586238,-4,-12,-120
1767175136.596238,-5,-10,-117
1767175136.606238,-6,-8,-116
1767175136.616238,-5,-10,-117
1767175136.626238,-3,-6,-118
1767175136.636238,-2,-3,-117
1767175136.646238,-1,-1,-117
1767175136.656238,-4,0,-121
1767175136.666238,-3,0,-122
1767175136.676238,-1,-4,-121
1767175136.686238,-1,-2,-119
1767175136.696238,-2,-3,-110
1767175136.7062385,-2,-2,-115
1767175136.7162385,-1,-2,-118
1767175136.7262385,-2,-5,-113
1767175136.7362382,3,-6,-114
1767175136.7462382,4,-10,-120
1767175136.7562382,5,-9,-119
1767175136.7662382,1,-9,-117
1767175136.7762382,1,-6,-121
1767175136.7862382,2,-6,-119
1767175136.7962382,-2,-4,-114
1767175136.8062382,-2,0,-111
1767175136.8162382,-1,-1,-110
1767175136.8262382,0,0,-112
1767175136.836238,7,0,-106
1767175136.846238,10,0,-109
1767175136.856238,8,3,-119
1767175136.866238,9,1,-121
1767175136.876238,7,0,-118
1767175136.886238,2,-2,-112
1767175136.896238,0,-5,-116
1767175136.906238,2,-4,-119
1767175136.916238,1,-5,-124
1767175136.926238,-3,-3,-121
1767175136.936238,-3,-4,-122
1767175136.946238,0,2,-124
1767175136.9562385,0,3,-130
1767175136.9662385,2,0,-130
1767175136.9762385,-1,0,-128
1767175136.9862382,2,2,-124
1767175136.9962382,2,2,-117
1767175137.0062382,1,0,-111
1767175137.0162382,4,-2,-113
1767175137.0262382,3,0,-114
1767175137.0362382,5,0,-117
1767175137.0462382,7,0,-115
1767175137.0562382,4,1,-123
1767175137.0662382,0,4,-124
1767175137.0762382,-3,4,-123
1767175137.086238,-5,3,-125
1767175137.096238,-2,2,-126
1767175137.106238,0,2,-120
1767175137.116238,1,0,-125
1767175137.126238,-4,-1,-124
1767175137.136238,0,1,-119
1767175137.146238,0,-1,-114
1767175137.156238,0,-2,-111
1767175137.166238,0,-3,-113
1767175137.176238,0,-4,-123
1767175137.186238,4,-5,-121
1767175137.196238,3,-5,-119
1767175137.2062385,2,-3,-115
1767175137.2162385,3,0,-116
1767175137.2262385,4,-1,-116
1767175137.2362382,5,2,-120
1767175137.2462382,3,3,-127
1767175137.2562382,2,3,-125
1767175137.2662382,2,1,-118
1767175137.2762382,-1,-1,-110
1767175137.2862382,-3,-1,-119
1767175137.2962382,-5,-3,-126
1767175137.3062382,-2,-3,-126
1767175137.3162382,-9,-3,-122
1767175137.3262382,-9,-7,-130
1767175137.336238,-8,-7,-127
1767175137.346238,-8,-6,-126
1767175137.356238,-7,-5,-127
1767175137.366238,-3,-3,-122
1767175137.376238,-6,0,-122
1767175137.386238,-2,2,-120
1767175137.396238,2,-5,-113
1767175137.406238,5,-8,-119
1767175137.416238,6,-6,-117
1767175137.426238,2,-9,-113
1767175137.436238,4,-10,-111
1767175137.446238,4,-11,-111
1767175137.4562385,4,-9,-109
1767175137.4662385,6,-5,-109
1767175137.4762385,3,-5,-111
1767175137.4862382,1,-5,-115
1767175137.4962382,2,-2,-121
1767175137.5062382,1,-4,-122
1767175137.5162382,0,-3,-118
1767175137.5262382,-1,-1,-118
1767175137.5362382,-3,1,-117
1767175137.5462382,-6,3,-117
1767175137.5562382,-4,1,-118
1767175137.5662382,1,0,-126
1767175137.5762382,6,-2,-127
1767175137.586238,9,-7,-123
1767175137.596238,8,-7,-112
1767175137.606238,1,-8,-106
1767175137.616238,-2,-7,-111
1767175137.626238,-3,0,-108
1767175137.636238,1,0,-101
1767175137.646238,0,3,-107
1767175137.656238,-1,3,-109
1767175137.666238,-1,7,-114
1767175137.676238,-4,7,-114
1767175137.686238,-2,7,-119
1767175137.696238,0,7,-114
1767175137.7062385,-3,2,-114
1767175137.7162385,0,-1,-120
1767175137.7262385,0,0,-124
1767175137.7362382,0,-5,-128
1767175137.7462382,0,-8,-128
1767175137.7562382,-2,-4,-130
1767175137.7662382,0,-5,-125
1767175137.7762382,0,-3,-118
1767175137.7862382,-2,0,-120
1767175137.7962382,6,0,-121
1767175137.8062382,3,-6,-120
1767175137.8162382,1,-3,-122
1767175137.8262382,1,-2,-123
1767175137.836238,2,-3,-127
1767175137.846238,3,-7,-120
1767175137.857238,-1,-9,-119
1767175137.867238,-2,-8,-119
1767175137.876238,0,-6,-122
1767175137.8872385,-1,-5,-121
1767175137.8972385,0,-5,-121
1767175137.906238,-2,-5,-123
1767175137.9172382,-2,-7,-130
1767175137.9272382,0,-5,-128
1767175137.9372382,0,-3,-122
1767175137.9472382,-2,-4,-121
1767175137.9572382,-3,-5,-118
1767175137.9672382,1,-7,-111
1767175137.9772382,0,-7,-107
1767175137.9872382,1,-7,-106
1767175137.9972382,4,-3,-103
1767175138.007238,-2,-5,-109
1767175138.017238,0,-7,-112
1767175138.027238,2,-8,-115
1767175138.037238,2,-8,-118
1767175138.047238,7,-3,-119
1767175138.057238,8,-2,-118
1767175138.067238,8,-1,-116
1767175138.077238,9,2,-121
1767175138.087238,10,5,-117
1767175138.097238,6,3,-116
1767175138.107238,3,3,-123
1767175138.117238,4,0,-126
1767175138.127238,1,0,-128
1767175138.1372385,0,-4,-124
1767175138.1472385,0,-3,-124
1767175138.1572382,1,-6,-123
1767175138.1672382,5,-4,-124
1767175138.1772382,7,-5,-126
1767175138.1872382,7,-6,-127
1767175138.1972382,7,-1,-125
1767175138.2072382,8,0,-116
1767175138.2172382,6,0,-116
1767175138.2272382,3,-1,-113
1767175138.2372382,2,0,-115
1767175138.2472382,1,-2,-119
1767175138.257238,0,-5,-122
1767175138.267238,2,-5,-120
1767175138.277238,2,-3,-120
1767175138.287238,1,-7,-116
1767175138.297238,0,-8,-116
1767175138.307238,-1,-2,-116
1767175138.317238,-4,0,-121
1767175138.327238,-7,3,-125
1767175138.337238,-3,-1,-128
1767175138.347238,-3,-6,-131
1767175138.357238,2,-8,-123
1767175138.367238,3,-7,-125
1767175138.377238,9,-10,-122
1767175138.3872385,5,-11,-124
1767175138.3972385,3,-10,-120
1767175138.4072382,1,-9,-122
1767175138.4172382,3,-5,-122
1767175138.4272382,0,-5,-123
1767175138.4372382,0,-2,-115
1767175138.4472382,-1,-3,-118
1767175138.4572382,-2,-5,-127
1767175138.4672382,-2,-3,-125
1767175138.4772382,-1,-6,-116
1767175138.4872382,-4,-5,-123
1767175138.4972382,-5,-1,-124
1767175138.507238,-7,-3,-120
1767175138.517238,-9,-4,-121
1767175138.527238,-6,-5,-117
1767175138.537238,-4,-4,-115
1767175138.547238,-2,-6,-111
1767175138.557238,0,-9,-119
1767175138.567238,0,-7,-119
1767175138.577238,-3,-6,-114
1767175138.587238,0,-10,-109
1767175138.597238,3,-9,-107
1767175138.607238,3,-11,-110
1767175138.617238,2,-11,-109
1767175138.627238,-1,-11,-109
1767175138.6372385,-2,-12,-113
1767175138.6472385,-3,-10,-116
1767175138.6572382,-3,-9,-116
1767175138.6672382,-2,-3,-115
1767175138.6772382,-1,-4,-114
1767175138.6872382,1,-3,-118
1767175138.6972382,3,-3,-117
1767175138.7072382,5,-5,-114
1767175138.7172382,1,-4,-112
1767175138.7272382,0,-3,-114
1767175138.7372382,0,-3,-115
1767175138.7472382,0,-5,-114
1767175138.757238,0,-5,-109
1767175138.767238,-2,-5,-111
1767175138.777238,-4,-3,-115
1767175138.787238,-5,-2,-116
1767175138.797238,-6,-4,-122
1767175138.807238,-10,-5,-121
1767175138.817238,-7,-6,-115
1767175138.827238,-4,-5,-110
1767175138.837238,0,-1,-113
1767175138.847238,0,0,-113
1767175138.857238,0,-3,-119
1767175138.867238,1,1,-111
1767175138.877238,2,3,-114
1767175138.8872385,4,3,-112
1767175138.8972385,4,2,-114
1767175138.9072382,1,-1,-114
1767175138.9172382,-1,-4,-118
1767175138.9272382,-7,-6,-116
1767175138.9372382,-7,-3,-117
1767175138.9472382,-8,-2,-117
1767175138.9572382,-9,-2,-115
1767175138.9672382,-10,-1,-118
1767175138.9772382,-7,-2,-115
1767175138.9872382,-7,-2,-119
1767175138.9972382,-2,2,-116
1767175139.007238,-1,0,-120
1767175139.017238,-2,1,-123
1767175139.027238,-3,-1,-116
1767175139.037238,-4,-2,-123
1767175139.047238,-6,-2,-124
1767175139.057238,-1,-6,-125
1767175139.067238,-2,-4,-123
1767175139.077238,0,-6,-121
1767175139.087238,0,-7,-119
1767175139.097238,-3,-8,-123
1767175139.107238,-3,-3,-126
1767175139.117238,-3,-3,-130
1767175139.127238,-4,0,-132
1767175139.1372385,-1,0,-135
1767175139.1472385,0,3,-134
1767175139.1572382,-1,2,-133
1767175139.1672382,-1,1,-127
1767175139.1782382,-3,-4,-121
1767175139.1872382,-4,-5,-127
1767175139.1972382,2,-3,-128
1767175139.2072382,2,-3,-125
1767175139.2172382,0,-4,-118
1767175139.2272382,-2,0,-121
1767175139.2372382,-4,-2,-131
1767175139.2472382,-2,-2,-126
1767175139.257238,1,0,-123
1767175139.267238,2,4,-118
1767175139.277238,3,1,-118
1767175139.287238,0,2,-119
1767175139.297238,0,0,-119
1767175139.307238,6,0,-120
1767175139.317238,5,0,-122
1767175139.327238,0,0,-126
1767175139.337238,0,-3,-129
1767175139.347238,1,-5,-128
1767175139.357238,2,-1,-121
1767175139.367238,-2,-2,-116
1767175139.377238,-5,-9,-115
1767175139.3872385,-7,-8,-114
1767175139.3972385,-6,-9,-117
1767175139.4072382,-3,-12,-117
1767175139.4172382,-3,-7,-117
1767175139.4272382,-3,-2,-113
1767175139.4372382,-1,-3,-112
1767175139.4472382,1,-3,-108
1767175139.4572382,1,-2,-104
1767175139.4672382,-2,-4,-108
1767175139.4772382,-1,-5,-113
1767175139.4872382,-5,-3,-118
1767175139.4972382,-5,-4,-118
1767175139.507238,-3,-8,-117
1767175139.517238,-2,-11,-119
1767175139.527238,0,-13,-127
1767175139.537238,-3,-8,-132
1767175139.547238,-11,-8,-126
1767175139.557238,-10,-4,-127
1767175139.567238,-12,1,-127
1767175139.577238,-8,0,-121
1767175139.587238,-2,1,-117
1767175139.597238,-6,-2,-123
1767175139.607238,-3,-3,-123
1767175139.617238,-3,-5,-118
1767175139.627238,-4,-6,-119
1767175139.6372385,-2,-14,-119
1767175139.6472385,-3,-16,-118
1767175139.6572382,-2,-16,-119
1767175139.6672382,-1,-11,-119
1767175139.6772382,-2,-10,-115
1767175139.6872382,1,-3,-116
1767175139.6972382,0,-8,-112
1767175139.7072382,-3,-9,-115
1767175139.7172382,-4,-9,-110
1767175139.7272382,-3,-8,-107
1767175139.7372382,-2,-6,-109
1767175139.7472382,0,-9,-112
1767175139.757238,0,-6,-113
1767175139.767238,0,-6,-118
1767175139.777238,-2,-10,-121
1767175139.787238,-4,-5,-118
1767175139.797238,-4,-4,-110
1767175139.807238,-8,-2,-112
1767175139.817238,-13,0,-118
1767175139.827238,-9,0,-118
1767175139.8492382,-7,4,-119
1767175139.857238,-4,3,-129
1767175139.867238,0,2,-126
1767175139.877238,5,-1,-121
1767175139.8872385,5,-1,-122
1767175139.8972385,0,-2,-121
1767175139.9072382,-1,-4,-121
1767175139.9172382,1,-5,-111
1767175139.9272382,0,-3,-100
1767175139.9372382,3,-4,-102
1767175139.9472382,2,-2,-108
1767175139.9572382,1,-5,-114
1767175139.9672382,-1,-3,-120
1767175139.9772382,-4,-1,-118
1767175139.9872382,-2,-4,-123
1767175139.9972382,1,1,-124
1767175140.007238,2,-1,-122
1767175140.017238,0,0,-125
1767175140.027238,-3,0,-117
1767175140.037238,-7,-1,-116
1767175140.047238,-2,-2,-118
1767175140.057238,-2,0,-121
1767175140.067238,-4,-2,-120
1767175140.077238,0,-1,-113
1767175140.087238,2,3,-118
1767175140.097238,0,0,-113
1767175140.107238,-2,1,-117
1767175140.117238,-1,-1,-113
1767175140.127238,-1,-1,-119
1767175140.1372385,1,-3,-117
1767175140.1472385,2,-2,-121
1767175140.1572382,-4,-1,-118
1767175140.1672382,-3,-3,-117
1767175140.1772382,-3,-4,-119
1767175140.1872382,-6,-2,-121
1767175140.1972382,-11,-4,-117
1767175140.2072382,-8,-1,-116
1767175140.2172382,-3,-4,-121
1767175140.2272382,-2,-6,-123
1767175140.2372382,-2,-1,-121
1767175140.2472382,-5,0,-123
1767175140.257238,-5,-3,-129
1767175140.267238,-3,-8,-131
1767175140.277238,2,-6,-127
1767175140.287238,5,-1,-124
1767175140.297238,5,3,-129
1767175140.307238,5,1,-135
1767175140.317238,1,3,-134
1767175140.327238,0,5,-126
1767175140.337238,1,0,-121
1767175140.347238,1,-1,-117
1767175140.357238,5,-4,-117
1767175140.367238,8,-6,-115
1767175140.377238,6,-6,-116
1767175140.3872385,1,-3,-117
1767175140.3972385,0,-3,-116
1767175140.4072382,0,-3,-119
1767175140.4172382,-2,0,-116
1767175140.4272382,1,1,-117
1767175140.4372382,-1,2,-123
1767175140.4472382,0,3,-127
1767175140.4572382,1,1,-125
1767175140.4672382,4,1,-123
1767175140.4772382,6,-1,-125
1767175140.4872382,4,-3,-126
1767175140.4972382,6,-4,-127
1767175140.507238,4,-9,-122
1767175140.518238,2,-6,-118
1767175140.527238,0,-5,-119
1767175140.537238,-5,-3,-127
1767175140.547238,-4,0,-122
1767175140.557238,1,0,-119
1767175140.567238,5,1,-126
1767175140.5782382,5,0,-116
1767175140.5882382,4,2,-119
1767175140.5982382,1,2,-120
1767175140.6082382,-1,0,-121
1767175140.6182382,-1,-2,-120
1767175140.6282382,-1,-2,-123
1767175140.6382382,-7,-5,-120
1767175140.6482382,-8,-8,-117
1767175140.6582382,-4,-6,-117
1767175140.6682382,-4,-8,-116
1767175140.6782382,1,-10,-114
1767175140.688238,6,-9,-113
1767175140.698238,7,-11,-115
1767175140.708238,7,-6,-121
1767175140.718238,4,-3,-113
1767175140.728238,5,-7,-115
1767175140.738238,4,-6,-111
1767175140.748238,5,-4,-110
1767175140.758238,4,-4,-113
1767175140.768238,0,-6,-118
1767175140.778238,0,-7,-116
1767175140.788238,-1,-6,-110
1767175140.798238,-4,-8,-111
1767175140.8082385,-3,-7,-112
1767175140.8182385,-2,-3,-119
1767175140.8282382,0,-5,-120
1767175140.8382382,-1,-9,-118
1767175140.8482382,-3,-13,-119
1767175140.8582382,-5,-8,-116
1767175140.8682382,-7,-5,-112
1767175140.8782382,-8,-3,-112
1767175140.8882382,-7,-1,-109
1767175140.8982382,-4,-2,-119
1767175140.9082382,-5,-5,-114
1767175140.9182382,2,-8,-113
1767175140.9282382,7,-6,-116
1767175140.938238,4,-6,-121
1767175140.948238,5,-6,-119
1767175140.958238,6,-9,-117
1767175140.968238,3,-5,-122
1767175140.978238,4,-5,-117
1767175140.988238,2,-4,-123
1767175140.998238,2,0,-126
1767175141.008238,0,-1,-121
1767175141.018238,-3,3,-117
1767175141.028238,-1,1,-118
1767175141.038238,-6,5,-118
1767175141.048238,-2,1,-112
1767175141.0582385,0,-2,-106
1767175141.0682385,-2,-1,-108
1767175141.0782382,-3,0,-108
1767175141.0882382,-3,3,-110
1767175141.0982382,-4,2,-113
1767175141.1082382,-7,2,-112
1767175141.1182382,-6,6,-116
1767175141.1282382,-7,12,-122
1767175141.1382382,-3,9,-123
1767175141.1482382,-6,7,-116
1767175141.1582382,-6,9,-113
1767175141.1682382,-9,7,-114
1767175141.1782382,-5,2,-120
1767175141.188238,-1,2,-114
1767175141.198238,5,2,-114
1767175141.208238,3,0,-112
1767175141.218238,0,0,-112
1767175141.228238,-3,-4,-113
1767175141.238238,0,-2,-116
1767175141.248238,-1,-4,-117
1767175141.258238,-2,-4,-121
1767175141.268238,1,0,-122
1767175141.278238,3,0,-125
1767175141.288238,0,-1,-123
1767175141.298238,1,-3,-125
1767175141.3082385,-2,-3,-121
1767175141.3182385,-6,-2,-128
1767175141.3282382,0,2,-127
1767175141.3382382,2,7,-121
1767175141.3482382,2,9,-116
1767175141.3582382,1,5,-121
1767175141.3682382,0,4,-124
1767175141.3782382,-2,2,-126
1767175141.3882382,-1,-1,-125
1767175141.3982382,0,-1,-116
1767175141.4082382,2,-6,-113
1767175141.4182382,5,-6,-112
1767175141.4282382,1,-3,-116
1767175141.438238,0,0,-115
1767175141.448238,-3,0,-109
1767175141.458238,-1,-2,-110
1767175141.468238,-1,-4,-121
1767175141.478238,0,-2,-115
1767175141.488238,2,-3,-112
1767175141.498238,3,-3,-117
1767175141.508238,3,-2,-117
1767175141.518238,3,-6,-120
1767175141.528238,1,-8,-117
1767175141.538238,0,-8,-117
1767175141.548238,1,-5,-119
1767175141.5582385,-3,-7,-119
1767175141.5682385,-1,-4,-120
1767175141.5782382,-1,-4,-117
1767175141.5882382,0,0,-116
1767175141.5982382,-1,-2,-113
1767175141.6082382,-1,0,-108
1767175141.6182382,-3,0,-113
1767175141.6282382,-8,-1,-116
1767175141.6382382,-10,4,-118
1767175141.6482382,-9,-1,-120
1767175141.6582382,-7,-7,-121
1767175141.6682382,-9,-4,-117
1767175141.6782382,-7,-4,-112
1767175141.688238,-6,-2,-117
1767175141.698238,-4,0,-112
1767175141.708238,-2,1,-110
1767175141.718238,0,2,-111
1767175141.728238,-5,1,-111
1767175141.738238,-2,-2,-114
1767175141.748238,1,-5,-119
1767175141.758238,-3,1,-121
1767175141.768238,-4,2,-124
1767175141.778238,-4,2,-120
1767175141.788238,1,-2,-113
1767175141.798238,-1,-3,-115
1767175141.8082385,0,-1,-116
1767175141.8182385,2,-3,-117
1767175141.8282382,0,-2,-121
1767175141.8382382,-3,1,-119
1767175141.8482382,1,3,-113
1767175141.8582382,1,1,-115
1767175141.8682382,0,4,-112
1767175141.8782382,0,5,-110
1767175141.8882382,-5,6,-115
1767175141.8982382,-4,5,-121
1767175141.9082382,-4,4,-118
1767175141.9182382,-1,-2,-113
1767175141.9282382,-1,-3,-118
1767175141.938238,4,-6,-119
1767175141.948238,3,-5,-116
1767175141.958238,3,0,-110
1767175141.968238,4,2,-99
1767175141.978238,3,3,-104
1767175141.988238,3,3,-104
1767175141.998238,6,3,-110
1767175142.008238,3,4,-113
1767175142.018238,3,3,-117
1767175142.028238,6,0,-122
1767175142.038238,6,3,-123
1767175142.048238,7,2,-121
1767175142.0582385,4,1,-124
1767175142.0682385,4,0,-125
1767175142.0782382,3,2,-125
1767175142.0882382,1,0,-126
1767175142.0982382,0,0,-132
1767175142.1082382,0,-3,-129
1767175142.1182382,-2,-1,-126
1767175142.1282382,-6,-1,-123
1767175142.1382382,-6,-3,-127
1767175142.1482382,-7,0,-126
1767175142.1582382,-8,2,-125
1767175142.1682382,-7,0,-118
1767175142.1782382,-7,0,-118
1767175142.188238,-2,-2,-108
1767175142.198238,0,0,-112
1767175142.208238,-5,-1,-120
1767175142.218238,-6,0,-121
1767175142.228238,-4,-2,-121
1767175142.238238,-4,-4,-127
1767175142.248238,-5,-2,-123
1767175142.258238,-9,-2,-125
1767175142.268238,-4,-2,-126
1767175142.278238,-8,-5,-122
1767175142.288238,-8,-4,-122
1767175142.298238,-2,-5,-118
1767175142.3082385,-6,-2,-115
1767175142.3182385,-7,-3,-116
1767175142.3282382,-3,-4,-112
1767175142.3382382,0,-7,-114
1767175142.3482382,3,-7,-116
1767175142.3582382,9,-8,-124
1767175142.3682382,9,-6,-123
1767175142.3782382,6,-7,-121
1767175142.3882382,5,-4,-122
1767175142.3982382,4,-2,-122
1767175142.4082382,4,-2,-120
1767175142.4182382,2,-5,-120
1767175142.4282382,0,-5,-124
1767175142.438238,-3,0,-125
1767175142.448238,-1,3,-125
1767175142.458238,2,2,-119
1767175142.468238,2,-3,-117
1767175142.478238,6,-5,-126
1767175142.488238,5,-2,-124
1767175142.498238,4,-1,-125
1767175142.508238,0,0,-128
1767175142.518238,0,-1,-127
1767175142.528238,-5,-5,-129
1767175142.538238,-6,-6,-130
1767175142.548238,-7,-7,-137
1767175142.5582385,-5,-11,-136
1767175142.5682385,-1,-8,-126
1767175142.5782382,0,-5,-119
1767175142.5882382,0,-5,-120
1767175142.5982382,0,-2,-114
1767175142.6082382,0,-1,-116
1767175142.6182382,-3,-1,-120
1767175142.6282382,-4,-1,-122
1767175142.6382382,-4,-1,-124
1767175142.6482382,-6,-1,-126
1767175142.6582382,-1,-2,-118
1767175142.6682382,0,-3,-121
1767175142.6782382,0,-6,-119
1767175142.688238,-1,-2,-128
1767175142.698238,-1,-2,-128
1767175142.708238,-3,-4,-125
1767175142.718238,0,-5,-122
1767175142.728238,-1,-7,-119
1767175142.738238,-2,-3,-122
1767175142.748238,-2,-3,-119
1767175142.758238,-3,-2,-116
1767175142.768238,-1,0,-114
1767175142.778238,4,0,-117
1767175142.788238,3,-4,-118
1767175142.798238,1,-8,-119
1767175142.8082385,1,-8,-121
1767175142.8182385,0,-6,-124
1767175142.8282382,0,-5,-126
1767175142.8382382,2,-3,-125
1767175142.8482382,5,-4,-121
1767175142.8582382,3,0,-128
1767175142.8682382,3,0,-129
1767175142.8782382,2,0,-124
1767175142.8882382,2,2,-128
1767175142.8982382,4,1,-132
1767175142.9082382,3,0,-137
1767175142.9182382,3,-3,-134
1767175142.9282382,3,-3,-125
1767175142.938238,4,-1,-122
1767175142.948238,4,2,-124
1767175142.958238,4,-1,-125
1767175142.968238,4,-3,-128
1767175142.978238,5,-3,-117
1767175142.988238,5,0,-112
1767175142.998238,3,0,-119
1767175143.008238,0,4,-118
1767175143.018238,2,4,-116
1767175143.028238,4,2,-116
1767175143.038238,0,6,-121
1767175143.048238,0,5,-123
1767175143.0582385,0,2,-120
1767175143.0682385,-1,-1,-117
1767175143.0782382,-6,-4,-121
1767175143.0882382,-4,-4,-118
1767175143.0982382,-8,-5,-115
1767175143.1082382,-3,-3,-117
1767175143.1182382,-4,-4,-112
1767175143.1282382,-6,-2,-113
1767175143.1382382,-7,-5,-116
1767175143.1482382,-4,-7,-121
1767175143.1582382,-4,-8,-117
1767175143.1682382,-6,-1,-118
1767175143.179238,-8,0,-119
1767175143.188238,-7,2,-122
1767175143.198238,-7,0,-121
1767175143.209238,-6,-2,-119
1767175143.219238,-4,-5,-120
1767175143.2292385,-1,-4,-118
1767175143.2392385,0,-3,-119
1767175143.2492385,1,-4,-118
1767175143.2592382,-1,-6,-117
1767175143.2692382,0,-3,-117
1767175143.2792382,-2,-3,-115
1767175143.2892382,-7,2,-118
1767175143.2992382,-6,2,-117
1767175143.3092382,-5,3,-120
1767175143.3192382,-7,0,-115
1767175143.3292382,-7,-5,-115
1767175143.3392382,-5,-7,-121
1767175143.3492382,-5,-1,-123
1767175143.359238,-4,1,-115
1767175143.369238,-4,-2,-113
1767175143.379238,0,-2,-113
1767175143.389238,0,-4,-120
1767175143.399238,-1,-2,-121
1767175143.409238,0,0,-123
1767175143.419238,0,-1,-118
1767175143.429238,2,-8,-118
1767175143.439238,2,-5,-120
1767175143.449238,2,0,-122
1767175143.459238,-2,-4,-123
1767175143.469238,-3,-3,-123
1767175143.4792385,-4,-4,-121
1767175143.4892385,-4,0,-121
1767175143.4992385,-7,0,-112
1767175143.5092382,-7,-3,-116
1767175143.5192382,-4,0,-111
1767175143.5292382,-2,3,-114
1767175143.5392382,0,2,-112
1767175143.5492382,0,-2,-107
1767175143.5592382,-1,0,-114
1767175143.5692382,3,5,-125
1767175143.5792382,4,4,-129
1767175143.5892382,2,0,-117
1767175143.5992382,0,-3,-116
1767175143.609238,3,-2,-119
1767175143.619238,1,-5,-116
1767175143.629238,1,-6,-120
1767175143.639238,0,-5,-121
1767175143.649238,0,2,-125
1767175143.659238,-3,4,-132
1767175143.669238,-3,4,-129
1767175143.679238,0,0,-125
1767175143.689238,2,-4,-129
1767175143.699238,0,-1,-127
1767175143.709238,2,3,-128
1767175143.719238,4,1,-128
1767175143.7292385,0,1,-129
1767175143.7392385,-1,1,-125
1767175143.7492385,-4,-3,-121
1767175143.7592382,-8,-2,-117
1767175143.7692382,-11,-3,-110
1767175143.7792382,-8,0,-110
1767175143.7892382,-7,-2,-111
1767175143.7992382,-6,-2,-107
1767175143.8092382,-6,1,-104
1767175143.8192382,-8,7,-107
1767175143.8292382,-4,6,-113
1767175143.8392382,-4,5,-112
1767175143.8492382,-3,3,-109
1767175143.859238,-2,3,-105
1767175143.869238,-1,0,-105
1767175143.879238,-1,0,-108
1767175143.889238,0,1,-109
1767175143.899238,0,1,-109
1767175143.909238,-1,2,-108
1767175143.919238,-2,4,-111
1767175143.929238,-2,2,-120
1767175143.939238,0,3,-122
1767175143.949238,1,2,-126
1767175143.959238,2,0,-129
1767175143.969238,-3,3,-122
1767175143.9792385,-3,2,-126
1767175143.9892385,0,2,-119
1767175143.9992385,-1,-5,-127
1767175144.0092382,-3,-2,-123
1767175144.0192382,-5,-3,-118
1767175144.0292382,-2,-3,-120
1767175144.0392382,5,-3,-115
1767175144.0492382,4,0,-116
1767175144.0592382,1,1,-121
1767175144.0692382,0,2,-120
1767175144.0792382,0,0,-118
1767175144.0892382,0,-1,-109
1767175144.0992382,-4,-3,-114
1767175144.109238,0,-1,-119
1767175144.119238,0,4,-127
1767175144.129238,1,1,-127
1767175144.139238,-1,-2,-126
1767175144.149238,2,-2,-124
1767175144.159238,5,-5,-125
1767175144.169238,3,-5,-123
1767175144.179238,2,-1,-122
1767175144.189238,8,0,-120
1767175144.199238,3,0,-115
1767175144.209238,1,-3,-117
1767175144.219238,-2,-5,-119
1767175144.2292385,-4,-5,-110
1767175144.2392385,-3,-6,-111
1767175144.2492385,-4,-11,-114
1767175144.2592382,-6,-11,-119
1767175144.2692382,-6,-7,-119
1767175144.2792382,-9,-2,-120
1767175144.2892382,-3,-4,-117
1767175144.2992382,-4,-4,-117
1767175144.3092382,-6,-5,-116
1767175144.3192382,0,-6,-113
1767175144.3292382,1,-3,-115
1767175144.3392382,-1,-1,-115
1767175144.3492382,-3,-1,-113
1767175144.359238,-4,0,-112
1767175144.369238,-3,-4,-111
1767175144.379238,-8,-9,-112
1767175144.389238,-8,-7,-114
1767175144.399238,-2,-5,-117
1767175144.409238,1,-5,-118
1767175144.419238,3,-4,-121
1767175144.429238,4,-2,-117
1767175144.439238,3,0,-116
1767175144.449238,2,4,-119
1767175144.459238,-4,3,-115
1767175144.469238,-9,5,-112
1767175144.4792385,-6,6,-120
1767175144.4892385,-6,2,-122
1767175144.4992385,-9,0,-129
1767175144.5092382,-7,0,-125
1767175144.5192382,-6,0,-125
1767175144.5292382,-3,-1,-131
1767175144.5392382,-3,-4,-126
1767175144.5492382,-5,-4,-125
1767175144.5592382,-6,-1,-124
1767175144.5692382,-4,3,-126
1767175144.5792382,0,4,-124
1767175144.5892382,1,1,-121
1767175144.5992382,2,2,-126
1767175144.609238,2,3,-130
1767175144.619238,0,1,-135
1767175144.629238,-3,3,-139
1767175144.639238,-6,4,-131
1767175144.649238,-2,5,-130
1767175144.659238,0,4,-122
1767175144.669238,2,0,-119
1767175144.679238,2,-2,-122
1767175144.689238,-3,-3,-120
1767175144.699238,-3,-3,-124
1767175144.709238,-5,-3,-129
1767175144.719238,-1,-1,-134
1767175144.7292385,-1,0,-125
1767175144.7392385,0,-2,-125
1767175144.7492385,-2,-3,-127
1767175144.7592382,0,-3,-126
1767175144.7692382,-3,-3,-122
1767175144.7792382,-4,-2,-126
1767175144.7892382,-2,-4,-127
1767175144.7992382,0,-4,-121
1767175144.8092382,0,-4,-122
1767175144.8192382,1,-5,-125
1767175144.8292382,3,-3,-123
1767175144.8392382,0,-3,-118
1767175144.860238,-2,-4,-118
1767175144.869238,-4,-3,-113
1767175144.879238,-1,-3,-112
1767175144.889238,-1,-7,-114
1767175144.899238,-2,-2,-112
1767175144.909238,1,4,-117
1767175144.919238,0,7,-121
1767175144.929238,3,5,-122
1767175144.939238,1,0,-113
1767175144.949238,1,-7,-113
1767175144.959238,-1,-3,-122
1767175144.969238,-1,-5,-121
1767175144.9792385,-5,-5,-122
1767175144.9892385,-8,-6,-118
1767175144.9992385,-10,-4,-122
1767175145.0092382,-4,-2,-125
1767175145.0192382,-1,-1,-123
1767175145.0292382,2,0,-118
1767175145.0392382,6,3,-115
1767175145.0492382,5,0,-109
1767175145.0592382,2,0,-114
1767175145.0692382,-1,-1,-120
1767175145.0792382,0,0,-117
1767175145.0892382,-2,-1,-110
1767175145.0992382,-6,-2,-114
1767175145.109238,-6,-3,-115
1767175145.119238,-4,1,-108
1767175145.129238,0,2,-105
1767175145.139238,4,1,-111
1767175145.149238,5,3,-110
1767175145.159238,2,4,-112
1767175145.169238,2,1,-110
1767175145.179238,4,0,-113
1767175145.189238,2,-1,-114
1767175145.199238,0,-6,-115
1767175145.209238,-1,-6,-117
1767175145.219238,3,-7,-112
1767175145.2292385,3,-3,-113
1767175145.2392385,-1,0,-110
1767175145.2492385,-6,-1,-107
1767175145.2592382,-2,-2,-108
1767175145.2692382,2,0,-109
1767175145.2792382,-1,2,-106
1767175145.2892382,-6,-1,-112
1767175145.2992382,-5,-2,-119
1767175145.3092382,-1,-5,-123
1767175145.3192382,-5,-6,-125
1767175145.3292382,-7,-6,-121
1767175145.3392382,-7,-6,-118
1767175145.3492382,-8,-7,-116
1767175145.359238,-2,-7,-114
1767175145.369238,0,-6,-117
1767175145.379238,-6,-5,-122
1767175145.389238,-6,2,-119
1767175145.399238,-2,4,-122
1767175145.409238,-7,4,-121
1767175145.419238,-6,3,-117
1767175145.429238,-5,0,-118
1767175145.439238,-5,2,-110
1767175145.449238,-2,1,-115
1767175145.459238,-1,2,-118
1767175145.469238,0,0,-121
1767175145.4792385,0,0,-120
1767175145.4892385,0,0,-123
1767175145.4992385,-1,1,-123
1767175145.5092382,3,0,-122
1767175145.5192382,6,0,-126
1767175145.5292382,1,1,-131
1767175145.5392382,-2,0,-124
1767175145.5492382,-2,0,-124
1767175145.5592382,0,0,-125
1767175145.5692382,1,-3,-121
1767175145.5792382,-2,-4,-128
1767175145.5892382,-4,0,-128
1767175145.5992382,-2,5,-126
1767175145.609238,0,7,-124
1767175145.619238,-1,4,-124
1767175145.629238,-5,1,-123
1767175145.639238,-7,-3,-119
1767175145.649238,-10,-2,-119
1767175145.659238,-3,-4,-115
1767175145.669238,-4,-1,-117
1767175145.679238,-2,0,-122
1767175145.689238,0,-1,-116
1767175145.699238,-1,-3,-113
1767175145.709238,-1,1,-116
1767175145.719238,-2,2,-119
1767175145.7292385,-1,1,-121
1767175145.7392385,0,2,-116
1767175145.7492385,0,0,-120
1767175145.7592382,-1,0,-120
1767175145.7692382,3,0,-120
1767175145.7792382,0,0,-119
1767175145.7892382,3,0,-119
1767175145.7992382,3,0,-117
1767175145.8092382,-2,-4,-123
1767175145.8192382,-2,-1,-124
1767175145.8292382,-6,-1,-122
1767175145.8392382,-8,-2,-118
1767175145.8492382,-4,-3,-114
1767175145.859238,-4,-2,-113
1767175145.869238,-4,-2,-121
1767175145.880238,0,-4,-119
1767175145.890238,0,-5,-114
1767175145.899238,-2,-6,-120
1767175145.9102385,-2,-5,-124
1767175145.9202385,0,-7,-122
1767175145.9302382,2,-3,-121
1767175145.9402382,2,-4,-121
1767175145.9502382,2,-5,-123
1767175145.9602382,2,0,-124
1767175145.9702382,0,0,-126
1767175145.9802382,3,-2,-126
1767175145.9902382,2,0,-128
1767175146.0002382,1,0,-131
1767175146.0102382,0,-2,-136
1767175146.0192382,0,0,-128
1767175146.0302382,4,0,-121
1767175146.040238,5,0,-125
1767175146.050238,7,-1,-130
1767175146.060238,1,-1,-129
1767175146.070238,0,2,-123
1767175146.080238,-3,2,-123
1767175146.090238,-2,1,-121
1767175146.100238,-1,1,-116
1767175146.110238,-4,2,-120
1767175146.120238,-6,4,-124
1767175146.130238,3,2,-125
1767175146.140238,1,0,-122
1767175146.150238,2,-2,-122
1767175146.1602385,-1,0,-122
1767175146.1702385,-6,2,-122
1767175146.1802382,-6,0,-124
1767175146.1902382,-7,2,-129
1767175146.2002382,-7,4,-129
1767175146.2102382,-6,2,-129
1767175146.2202382,-6,3,-127
1767175146.2302382,-2,2,-124
1767175146.2402382,-6,3,-120
1767175146.2502382,-9,4,-122
1767175146.2602382,-7,4,-125
1767175146.2702382,-8,1,-123
1767175146.2802382,-8,0,-119
1767175146.290238,-5,-1,-118
1767175146.300238,-7,-1,-113
1767175146.310238,-9,1,-116
1767175146.320238,-6,3,-119
1767175146.330238,0,2,-114
1767175146.340238,-1,2,-103
1767175146.350238,2,-1,-111
1767175146.360238,2,-2,-113
1767175146.370238,0,0,-112
1767175146.380238,2,2,-116
1767175146.390238,3,2,-115
1767175146.400238,4,2,-118
1767175146.4102385,3,4,-124
1767175146.4202385,2,0,-120
1767175146.4302382,0,0,-115
1767175146.4402382,-2,2,-110
1767175146.4502382,-2,3,-112
1767175146.4602382,-4,1,-112
1767175146.4702382,4,-3,-110
1767175146.4802382,2,-2,-112
1767175146.4902382,0,-4,-116
1767175146.5002382,-4,-1,-123
1767175146.5102382,-3,0,-122
1767175146.5202382,0,-4,-125
1767175146.5302382,-1,-3,-124
1767175146.540238,-2,-3,-123
1767175146.550238,-3,-3,-130
1767175146.560238,-3,-1,-128
1767175146.570238,-2,-4,-132
1767175146.580238,-3,-4,-124
1767175146.590238,-5,-2,-120
1767175146.600238,-4,-1,-119
1767175146.610238,-1,-3,-121
1767175146.620238,-9,-6,-119
1767175146.630238,-9,-4,-120
1767175146.640238,-6,-6,-128
1767175146.650238,-6,-3,-123
1767175146.6602385,-7,0,-116
1767175146.6702385,-9,0,-114
1767175146.6802382,-5,0,-118
1767175146.6902382,-2,-1,-122
1767175146.7002382,1,0,-128
1767175146.7102382,1,0,-122
1767175146.7202382,0,2,-115
1767175146.7302382,-1,1,-117
1767175146.7402382,-2,-1,-118
1767175146.7502382,-2,0,-112
1767175146.7602382,-3,-3,-109
1767175146.7702382,-2,-4,-109
1767175146.7802382,1,-3,-118
1767175146.790238,-4,-3,-121
1767175146.800238,-4,-3,-118
1767175146.810238,-6,-3,-117
1767175146.820238,-6,-4,-119
1767175146.830238,-5,-4,-119
1767175146.840238,-2,-4,-123
1767175146.850238,-7,-2,-124
1767175146.860238,-2,-2,-128
1767175146.870238,-2,-4,-133
1767175146.880238,-2,-5,-134
1767175146.890238,-4,-4,-130
1767175146.900238,-5,-5,-130
1767175146.9102385,-4,-5,-131
1767175146.9202385,0,-6,-122
1767175146.9302382,0,-5,-121
1767175146.9402382,1,-4,-125
1767175146.9502382,0,-5,-124
1767175146.9602382,2,-3,-127
1767175146.9702382,2,-1,-131
1767175146.9802382,0,0,-122
1767175146.9902382,0,-3,-126
1767175147.0002382,1,-1,-127
1767175147.0102382,0,-1,-120
1767175147.0202382,0,-1,-114
1767175147.0302382,-1,-6,-105
1767175147.040238,-1,-4,-106
1767175147.050238,0,-2,-107
1767175147.060238,-1,-4,-111
1767175147.070238,0,-2,-117
1767175147.080238,1,-4,-112
1767175147.090238,3,-3,-112
1767175147.100238,1,-3,-110
1767175147.110238,2,-4,-107
1767175147.120238,2,-3,-110
1767175147.130238,3,-6,-111
1767175147.140238,1,-2,-106
1767175147.150238,2,0,-111
1767175147.1602385,2,2,-111
1767175147.1702385,0,0,-117
1767175147.1802382,2,1,-116
1767175147.1902382,7,2,-109
1767175147.2002382,2,3,-110
1767175147.2102382,4,1,-113
1767175147.2202382,5,-1,-116
1767175147.2302382,2,2,-117
1767175147.2402382,-1,7,-114
1767175147.2502382,-2,9,-123
1767175147.2602382,0,7,-124
1767175147.2702382,1,4,-117
1767175147.2802382,-1,3,-114
1767175147.290238,-6,3,-119
1767175147.300238,-10,2,-122
1767175147.310238,-7,0,-125
1767175147.320238,-6,-2,-129
1767175147.330238,-3,0,-126
1767175147.340238,-3,0,-123
1767175147.350238,-1,-1,-117
1767175147.360238,1,-4,-111
1767175147.370238,-1,-6,-112
1767175147.380238,-1,-6,-114
1767175147.390238,-1,-5,-117
1767175147.400238,0,-2,-117
1767175147.4102385,0,-1,-121
1767175147.4202385,-2,1,-122
1767175147.4302382,-6,4,-123
1767175147.4402382,-8,0,-120
1767175147.4502382,-6,2,-116
1767175147.4602382,-7,-2,-112
1767175147.4702382,0,-3,-107
1767175147.4802382,4,-4,-106
1767175147.4902382,1,0,-111
1767175147.5002382,0,-2,-115
1767175147.5102382,0,-2,-119
1767175147.5202382,6,-2,-122
1767175147.5302382,8,0,-122
1767175147.540238,3,5,-119
1767175147.550238,4,7,-118
1767175147.560238,2,8,-120
1767175147.570238,-2,8,-121
1767175147.580238,-4,6,-125
1767175147.590238,-4,5,-121
1767175147.600238,0,6,-116
1767175147.610238,-1,3,-120
1767175147.620238,2,5,-125
1767175147.630238,1,3,-120
1767175147.640238,2,-3,-118
1767175147.650238,4,-4,-121
1767175147.6602385,4,-4,-128
1767175147.6702385,4,-1,-124
1767175147.6802382,3,4,-125
1767175147.6902382,4,6,-125
1767175147.7002382,7,4,-126
1767175147.7102382,7,2,-132
1767175147.7202382,7,3,-126
1767175147.7302382,9,1,-121
1767175147.7402382,9,2,-124
1767175147.7502382,2,1,-130
1767175147.7602382,0,0,-127
1767175147.7702382,0,2,-119
1767175147.7802382,0,0,-121
1767175147.790238,1,3,-115
1767175147.800238,2,3,-110
1767175147.810238,7,6,-111
1767175147.820238,9,5,-111
1767175147.830238,0,3,-115
1767175147.840238,-2,5,-114
1767175147.850238,0,6,-110
1767175147.860238,0,1,-119
1767175147.870238,1,0,-131
1767175147.880238,0,-2,-127
1767175147.890238,2,-2,-125
1767175147.900238,0,1,-123
1767175147.9102385,-2,1,-120
1767175147.9202385,-2,1,-122
1767175147.9302382,-3,-2,-125
1767175147.9402382,-2,1,-128
1767175147.9502382,0,0,-123
1767175147.9602382,0,0,-118
1767175147.9702382,2,-2,-109
1767175147.9802382,0,-2,-110
1767175147.9902382,0,-3,-110
1767175148.0002382,0,-2,-112
1767175148.0102382,-1,1,-115
1767175148.0202382,0,-4,-115
1767175148.0302382,0,-8,-122
1767175148.040238,1,-3,-128
1767175148.050238,-2,-5,-123
1767175148.060238,-5,-1,-116
1767175148.070238,-3,2,-117
1767175148.080238,-2,0,-121
1767175148.090238,-2,-2,-119
1767175148.100238,-3,-5,-122
1767175148.110238,-3,0,-124
1767175148.120238,1,-1,-126
1767175148.130238,3,-2,-127
1767175148.140238,1,-2,-122
1767175148.150238,3,-3,-118
1767175148.1602385,1,-4,-111
1767175148.1702385,2,-3,-118
1767175148.1802382,6,-2,-119
1767175148.1902382,8,-3,-118
1767175148.2002382,4,-4,-122
1767175148.2102382,3,-2,-128
1767175148.2202382,5,0,-127
1767175148.2302382,5,-3,-126
1767175148.2402382,2,0,-124
1767175148.2502382,1,1,-120
1767175148.2602382,-2,3,-122
1767175148.2702382,-1,4,-121
1767175148.2802382,-3,2,-124
1767175148.290238,-3,0,-127
1767175148.300238,-3,0,-127
1767175148.310238,-2,-6,-120
1767175148.320238,0,-6,-118
1767175148.330238,-5,-3,-114
1767175148.340238,-2,1,-115
1767175148.350238,-1,-2,-113
1767175148.360238,0,-6,-116
1767175148.370238,0,-9,-114
1767175148.380238,-5,-11,-113
1767175148.390238,-7,-7,-114
1767175148.400238,-8,-2,-109
1767175148.4102385,-2,0,-108
1767175148.4202385,-4,1,-109
1767175148.4302382,2,0,-116
1767175148.4402382,6,0,-117
1767175148.4502382,6,2,-122
1767175148.4602382,10,0,-119
1767175148.4702382,4,3,-127
1767175148.4802382,2,3,-121
1767175148.4902382,1,5,-126
1767175148.5002382,0,1,-127
1767175148.5102382,0,-2,-127
1767175148.521238,2,-1,-135
1767175148.5302382,1,0,-132
1767175148.541238,0,1,-132
1767175148.550238,0,4,-128
1767175148.561238,3,3,-133
1767175148.571238,1,0,-133
1767175148.5812385,0,-4,-131
1767175148.5912385,-1,-1,-133
1767175148.6012385,0,3,-132
1767175148.6112382,-3,-1,-132
1767175148.6212382,-7,-2,-126
1767175148.6312382,-5,-2,-118
1767175148.6412382,-1,-5,-114
1767175148.6512382,0,-4,-114
1767175148.6612382,4,-6,-114
1767175148.6712382,1,-4,-109
1767175148.6812382,0,-4,-110
1767175148.6912382,-3,-5,-109
1767175148.7012382,-2,-3,-114
1767175148.711238,-1,-4,-118
1767175148.721238,2,-2,-115
1767175148.731238,2,-2,-120
1767175148.741238,6,-4,-116
1767175148.751238,4,-3,-123
1767175148.761238,0,-6,-124
1767175148.771238,1,-2,-126
1767175148.781238,5,-1,-125
1767175148.791238,3,-5,-120
1767175148.801238,-1,-3,-118
1767175148.811238,0,-4,-120
1767175148.821238,1,-4,-117
1767175148.8312385,-3,-3,-120
1767175148.8412385,-3,-1,-122
1767175148.8512385,0,0,-126
1767175148.8612382,2,-3,-125
1767175148.8712382,3,-5,-124
1767175148.8812382,-1,-2,-121
1767175148.8912382,0,0,-118
1767175148.9012382,5,-3,-119
1767175148.9112382,3,0,-122
1767175148.9212382,-1,-2,-122
1767175148.9312382,-5,-1,-120
1767175148.9412382,-5,-6,-119
1767175148.9512382,-3,-3,-126
1767175148.961238,-1,-2,-126
1767175148.971238,0,-2,-126
1767175148.981238,0,0,-126
1767175148.991238,0,-1,-132
1767175149.001238,1,0,-138
1767175149.011238,-2,0,-139
1767175149.021238,-3,-1,-132
1767175149.031238,-1,-4,-127
1767175149.041238,0,-7,-127
1767175149.051238,-2,-9,-133
1767175149.061238,2,-6,-128
1767175149.071238,1,-7,-123
1767175149.0812385,0,-11,-122
1767175149.0912385,0,-9,-126
1767175149.1012385,0,-9,-122
1767175149.1112382,-1,-4,-116
1767175149.1212382,-1,-6,-120
1767175149.1312382,-3,-5,-120
1767175149.1412382,-2,-1,-122
1767175149.1512382,-4,-3,-110
1767175149.1612382,-6,-1,-113
1767175149.1712382,-4,-1,-116
1767175149.1812382,-4,-1,-114
1767175149.1912382,-3,0,-109
1767175149.2012382,-3,-3,-113
1767175149.211238,-3,0,-122
1767175149.221238,-1,1,-116
1767175149.231238,-1,0,-114
1767175149.241238,-5,-1,-108
1767175149.251238,-3,-1,-101
1767175149.261238,0,0,-102
1767175149.271238,-2,-1,-102
1767175149.281238,0,1,-98
1767175149.291238,1,-1,-101
1767175149.301238,1,0,-101
1767175149.311238,5,0,-107
1767175149.321238,4,0,-113
1767175149.3312385,-1,0,-117
1767175149.3412385,3,0,-116
1767175149.3512385,2,-3,-112
1767175149.3612382,-1,-3,-111
1767175149.3712382,-2,1,-108
1767175149.3812382,-6,1,-112
1767175149.3912382,-7,0,-115
1767175149.4012382,-5,-2,-122
1767175149.4112382,-3,-2,-125
1767175149.4212382,-4,-2,-125
1767175149.4312382,-1,0,-123
1767175149.4412382,-5,-5,-119
1767175149.4512382,-3,-3,-119
1767175149.461238,-4,0,-117
1767175149.471238,-4,0,-125
1767175149.481238,-5,1,-130
1767175149.491238,-8,1,-131
1767175149.501238,-8,1,-127
1767175149.511238,-5,1,-123
1767175149.521238,-3,0,-117
1767175149.531238,-4,0,-121
1767175149.541238,-3,0,-116
1767175149.551238,-4,-1,-115
1767175149.561238,0,-3,-125
1767175149.571238,4,-3,-127
1767175149.5812385,2,-2,-125
1767175149.5912385,0,0,-126
1767175149.6012385,1,-3,-122
1767175149.6112382,1,-1,-128
1767175149.6212382,0,4,-126
1767175149.6312382,0,4,-124
1767175149.6412382,3,5,-125
1767175149.6512382,6,2,-122
1767175149.6612382,6,1,-126
1767175149.6712382,3,1,-129
1767175149.6812382,5,1,-127
1767175149.6912382,0,1,-119
1767175149.7012382,0,0,-123
1767175149.711238,-2,-1,-129
1767175149.721238,-3,-4,-124
1767175149.731238,0,-4,-124
1767175149.741238,3,-2,-122
1767175149.751238,2,-3,-126
1767175149.761238,5,-4,-126
1767175149.771238,3,-2,-130
1767175149.781238,0,-2,-131
1767175149.791238,0,-1,-126
1767175149.801238,-2,0,-122
1767175149.811238,-1,0,-120
1767175149.821238,0,-1,-121
1767175149.8312385,0,0,-119
1767175149.8412385,0,4,-120
1767175149.8512385,1,5,-123
1767175149.873238,-2,2,-119
1767175149.8812382,-2,1,-118
1767175149.8912382,0,1,-117
1767175149.9012382,2,-1,-121
1767175149.9112382,1,-2,-119
1767175149.9212382,2,-7,-114
1767175149.9312382,1,-6,-113
1767175149.9412382,0,-6,-113
1767175149.9512382,2,-7,-113
1767175149.961238,0,-6,-114
1767175149.971238,-2,-5,-104
1767175149.981238,1,-7,-110
1767175149.991238,3,-7,-110
1767175150.001238,7,-7,-107
1767175150.011238,5,-6,-109
1767175150.021238,1,-4,-102
1767175150.031238,5,-7,-106
1767175150.041238,4,-6,-113
1767175150.051238,3,-3,-113
1767175150.061238,4,1,-112
1767175150.071238,-2,0,-120
1767175150.0812385,-4,2,-125
1767175150.0912385,0,2,-121
1767175150.1012385,-3,0,-120
1767175150.1112382,-2,-1,-118
1767175150.1212382,0,-2,-109
1767175150.1312382,-3,-1,-112
1767175150.1412382,-5,0,-111
1767175150.1512382,-4,0,-114
1767175150.1612382,0,0,-113
1767175150.1712382,-3,4,-107
1767175150.1812382,-4,4,-111
1767175150.1912382,0,5,-111
1767175150.2012382,1,7,-112
1767175150.211238,-2,4,-113
1767175150.221238,-2,4,-114
1767175150.231238,0,1,-115
1767175150.241238,1,3,-117
1767175150.251238,6,6,-117
1767175150.261238,4,6,-119
1767175150.271238,1,2,-116
1767175150.281238,0,0,-117
1767175150.291238,0,0,-119
1767175150.301238,2,-1,-115
1767175150.311238,4,0,-108
1767175150.321238,0,-1,-112
1767175150.3312385,0,-3,-115
1767175150.3412385,0,-4,-120
1767175150.3512385,1,-6,-120
1767175150.3612382,0,-6,-115
1767175150.3712382,-2,-2,-115
1767175150.3812382,-2,0,-114
1767175150.3912382,-2,2,-110
1767175150.4012382,2,0,-113
1767175150.4112382,3,-2,-113
1767175150.4212382,5,0,-116
1767175150.4312382,3,-3,-115
1767175150.4412382,0,-1,-116
1767175150.4512382,0,-3,-110
1767175150.461238,6,-1,-115
1767175150.471238,1,-2,-119
1767175150.481238,1,-1,-123
1767175150.491238,2,0,-119
1767175150.501238,0,-2,-117
1767175150.511238,-2,-4,-123
1767175150.521238,-4,-6,-124
1767175150.531238,-1,-6,-118
1767175150.541238,5,-2,-117
1767175150.551238,6,-1,-115
1767175150.561238,8,-3,-114
1767175150.571238,10,-1,-114
1767175150.5812385,6,1,-120
1767175150.5912385,6,3,-120
1767175150.6012385,5,5,-119
1767175150.6112382,4,3,-117
1767175150.6212382,7,0,-118
1767175150.6312382,4,0,-124
1767175150.6412382,8,0,-130
1767175150.6512382,7,-3,-131
1767175150.6612382,4,-3,-128
1767175150.6712382,1,-4,-123
1767175150.6812382,1,-3,-124
1767175150.6912382,-4,-2,-125
1767175150.7012382,-7,-2,-124
1767175150.711238,-9,-1,-122
1767175150.721238,-11,-3,-119
1767175150.731238,-6,-5,-119
1767175150.741238,-5,-3,-127
1767175150.751238,0,-3,-124
1767175150.761238,0,-4,-124
1767175150.771238,-5,-8,-126
1767175150.781238,1,-8,-121
1767175150.791238,0,-4,-120
1767175150.801238,-1,0,-121
1767175150.811238,0,1,-120
1767175150.821238,1,-4,-116
1767175150.8312385,3,-7,-124
1767175150.8412385,1,-6,-122
1767175150.8522382,2,-5,-119
1767175150.8612382,6,-7,-117
1767175150.8712382,6,-8,-116
1767175150.8812382,10,-3,-119
1767175150.8912382,11,4,-119
1767175150.9012382,8,2,-123
1767175150.9112382,6,1,-122
1767175150.9212382,4,0,-121
1767175150.9312382,0,0,-114
1767175150.9412382,-2,0,-117
1767175150.9512382,0,0,-116
1767175150.961238,-5,1,-113
1767175150.971238,-3,-1,-111
1767175150.981238,-7,0,-111
1767175150.991238,-7,0,-118
1767175151.001238,-4,0,-121
1767175151.011238,-2,0,-119
1767175151.021238,1,1,-116
1767175151.031238,0,0,-115
1767175151.041238,-3,-1,-116
1767175151.051238,-3,-4,-124
1767175151.061238,-3,-8,-119
1767175151.071238,-3,-7,-120
1767175151.0812385,-3,-4,-113
1767175151.0912385,-1,-1,-112
1767175151.1012385,0,-1,-118
1767175151.1112382,0,-2,-121
1767175151.1212382,-6,0,-116
1767175151.1312382,-1,0,-122
1767175151.1412382,0,0,-125
1767175151.1512382,-3,0,-133
1767175151.1612382,-3,-1,-127
1767175151.1712382,-3,1,-126
1767175151.182238,-1,3,-121
1767175151.192238,0,5,-118
1767175151.202238,-3,4,-117
1767175151.212238,-4,0,-122
1767175151.222238,-2,0,-125
1767175151.232238,-3,-2,-123
1767175151.242238,0,0,-120
1767175151.252238,1,0,-117
1767175151.2622385,4,0,-114
1767175151.2722385,4,-2,-114
1767175151.2822382,5,-2,-113
1767175151.2922382,5,-1,-111
1767175151.3022382,4,-1,-117
1767175151.3122382,7,-1,-116
1767175151.3222382,8,1,-107
1767175151.3322382,5,2,-102
1767175151.3422382,0,3,-108
1767175151.3522382,-1,2,-108
1767175151.3622382,0,2,-117
1767175151.3722382,0,5,-111
1767175151.382238,0,2,-114
1767175151.392238,0,-1,-117
1767175151.402238,-1,-2,-118
1767175151.412238,2,-2,-120
1767175151.422238,1,-2,-122
1767175151.432238,4,-2,-111
1767175151.442238,-1,-3,-110
1767175151.452238,-3,-2,-114
1767175151.462238,-6,-1,-120
1767175151.472238,-7,-2,-121
1767175151.482238,-8,-2,-120
1767175151.492238,-6,0,-120
1767175151.502238,-3,0,-119
1767175151.5122385,2,5,-119
1767175151.5222385,0,2,-126
1767175151.5322382,2,0,-121
1767175151.5422382,5,0,-116
1767175151.5522382,3,-1,-116
1767175151.5622382,4,-4,-117
1767175151.5722382,3,-5,-116
1767175151.5822382,2,-6,-115
1767175151.5922382,3,-8,-116
1767175151.6022382,6,-9,-118
1767175151.6122382,7,-6,-116
1767175151.6222382,4,-2,-115
1767175151.632238,3,-3,-113
1767175151.642238,0,-4,-116
1767175151.652238,-2,-3,-117
1767175151.662238,1,-3,-111
1767175151.672238,1,-2,-108
1767175151.682238,-2,0,-108
1767175151.692238,-4,-2,-108
1767175151.702238,-4,-1,-117
1767175151.712238,-3,-3,-119
1767175151.722238,-3,-6,-121
1767175151.732238,-6,-6,-122
1767175151.742238,0,-7,-126
1767175151.752238,2,-5,-125
1767175151.7622385,0,-4,-121
1767175151.7722385,-3,-3,-122
1767175151.7822382,-8,0,-119
1767175151.7922382,-2,-5,-116
1767175151.8022382,2,-2,-119
1767175151.8122382,-2,-2,-128
1767175151.8222382,-2,0,-124
1767175151.8322382,-1,-2,-120
1767175151.8422382,0,-1,-125
1767175151.8522382,0,4,-126
1767175151.8622382,2,3,-123
1767175151.8722382,-4,7,-121
1767175151.882238,-5,2,-121
1767175151.892238,-4,-2,-121
1767175151.902238,-1,-4,-118
1767175151.912238,-4,-7,-123
1767175151.922238,-4,-6,-122
1767175151.932238,-2,-5,-126
1767175151.942238,-3,-8,-125
1767175151.952238,0,-4,-129
1767175151.962238,0,-3,-128
1767175151.972238,2,0,-121
1767175151.982238,0,-2,-119
1767175151.992238,-1,1,-114
1767175152.002238,1,6,-117
1767175152.0122385,0,4,-118
1767175152.0222385,-4,4,-121
1767175152.0322382,-1,3,-119
1767175152.0422382,3,-3,-117
1767175152.0522382,6,-2,-115
1767175152.0622382,6,-2,-116
1767175152.0722382,3,0,-115
1767175152.0822382,5,-1,-113
1767175152.0922382,4,0,-113
1767175152.1022382,-2,-1,-115
1767175152.1122382,-4,0,-114
1767175152.1222382,0,2,-112
1767175152.132238,-2,2,-107
1767175152.142238,-2,4,-108
1767175152.152238,-5,2,-112
1767175152.162238,-3,0,-105
1767175152.172238,-1,-1,-104
1767175152.182238,0,-1,-110
1767175152.192238,-1,0,-114
1767175152.202238,-3,-2,-116
1767175152.212238,-6,-4,-117
1767175152.222238,-5,-4,-125
1767175152.232238,-7,-4,-125
1767175152.242238,-7,-5,-128
1767175152.252238,-3,-2,-133
1767175152.2622385,0,-1,-125
1767175152.2722385,2,-1,-118
1767175152.2822382,1,-3,-127
1767175152.2922382,3,-3,-127
1767175152.3022382,4,-7,-123
1767175152.3122382,2,-4,-119
1767175152.3222382,0,-4,-117
1767175152.3322382,0,-2,-119
1767175152.3422382,-1,0,-121
1767175152.3522382,-2,1,-121
1767175152.3622382,-1,3,-120
1767175152.3722382,1,6,-123
1767175152.382238,3,2,-120
1767175152.392238,3,1,-120
1767175152.402238,4,3,-116
1767175152.412238,0,1,-111
1767175152.422238,2,3,-105
1767175152.432238,1,2,-106
1767175152.442238,-4,3,-111
1767175152.452238,-6,0,-116
1767175152.462238,-6,0,-113
1767175152.472238,1,-2,-112
1767175152.482238,6,-7,-112
1767175152.492238,4,-6,-114
1767175152.502238,0,-11,-122
1767175152.5122385,-2,-9,-123
1767175152.5222385,-4,-8,-118
1767175152.5322382,-4,-5,-119
1767175152.5422382,-3,-2,-116
1767175152.5522382,-1,-4,-112
1767175152.5622382,1,-4,-112
1767175152.5722382,0,-1,-112
1767175152.5822382,0,-3,-110
1767175152.5922382,0,-1,-113
1767175152.6022382,0,0,-122
1767175152.6122382,2,-3,-123
1767175152.6222382,4,-2,-127
1767175152.632238,4,-1,-121
1767175152.642238,3,0,-118
1767175152.652238,3,-2,-115
1767175152.662238,-3,-1,-122
1767175152.672238,-3,-3,-122
1767175152.682238,1,-8,-124
1767175152.692238,5,-10,-124
1767175152.702238,2,-9,-127
1767175152.712238,3,-5,-128
1767175152.722238,1,-8,-125
1767175152.732238,1,-6,-127
1767175152.742238,0,-7,-123
1767175152.752238,0,-1,-116
1767175152.7622385,3,0,-116
1767175152.7722385,7,-1,-117
1767175152.7822382,7,-3,-116
1767175152.7922382,10,-3,-116
1767175152.8022382,9,-3,-124
1767175152.8122382,6,-3,-126
1767175152.8222382,5,-7,-123
1767175152.8322382,7,-9,-120
1767175152.8422382,3,-6,-113
1767175152.8522382,1,0,-117
1767175152.8622382,3,0,-117
1767175152.8722382,2,-1,-123
1767175152.882238,1,0,-123
1767175152.892238,6,-3,-125
1767175152.902238,4,-4,-123
1767175152.912238,2,-4,-122
1767175152.922238,0,-1,-123
1767175152.932238,0,-3,-127
1767175152.942238,0,-1,-120
1767175152.952238,-2,0,-125
1767175152.962238,-1,0,-125
1767175152.972238,2,1,-117
1767175152.982238,2,-1,-117
1767175152.992238,1,0,-111
1767175153.002238,-1,0,-115
1767175153.0122385,0,0,-121
1767175153.0222385,1,0,-116
1767175153.0322382,4,3,-119
1767175153.0422382,8,4,-119
1767175153.0522382,4,0,-119
1767175153.0622382,3,-2,-130
1767175153.0722382,0,-2,-126
1767175153.0822382,0,-3,-123
1767175153.0922382,-2,-4,-118
1767175153.1022382,-2,-5,-118
1767175153.1122382,-7,-8,-119
1767175153.1222382,-3,-11,-115
1767175153.132238,-5,-9,-109
1767175153.142238,-9,-8,-115
1767175153.152238,-6,-6,-108
1767175153.162238,-4,0,-110
1767175153.172238,-2,2,-116
1767175153.182238,3,-2,-114
1767175153.192238,0,-2,-120
1767175153.202238,-3,0,-120
1767175153.212238,-3,0,-123
1767175153.222238,0,0,-125
1767175153.232238,1,0,-121
1767175153.242238,2,-1,-120
1767175153.252238,3,-3,-118
1767175153.2622385,0,-7,-120
1767175153.2722385,3,-6,-122
1767175153.2822382,3,-1,-117
1767175153.2922382,2,0,-115
1767175153.3022382,5,1,-111
1767175153.3122382,3,-1,-114
1767175153.3222382,2,-2,-111
1767175153.3322382,-1,0,-109
1767175153.3422382,-2,-1,-111
1767175153.3522382,-2,-1,-112
1767175153.3622382,-1,0,-121
1767175153.3722382,0,0,-113
1767175153.382238,0,-2,-112
1767175153.392238,1,0,-118
1767175153.402238,0,1,-123
1767175153.412238,2,0,-126
1767175153.422238,4,3,-123
1767175153.432238,3,1,-119
1767175153.442238,4,4,-121
1767175153.452238,3,0,-119
1767175153.462238,0,-1,-125
1767175153.472238,5,-3,-121
1767175153.482238,0,-2,-125
1767175153.492238,0,-2,-121
1767175153.502238,0,-1,-128
1767175153.5122385,-1,-1,-128
1767175153.5222385,-2,-2,-126
1767175153.5322382,0,-9,-122
1767175153.5422382,0,-8,-122
1767175153.5522382,1,-6,-122
1767175153.5622382,-1,-6,-119
1767175153.5722382,-1,-9,-120
1767175153.5822382,-2,-6,-117
1767175153.5922382,0,-6,-116
1767175153.6022382,-2,-4,-120
1767175153.6122382,-4,-4,-118
1767175153.6222382,-6,-4,-118
1767175153.632238,-5,-5,-116
1767175153.642238,-7,-6,-113
1767175153.652238,-8,-2,-115
1767175153.662238,-9,-2,-120
1767175153.672238,-5,-4,-124
1767175153.682238,-6,-3,-123
1767175153.692238,-2,-3,-119
1767175153.702238,-2,0,-121
1767175153.712238,-4,-2,-123
1767175153.722238,-4,-1,-120
1767175153.732238,-5,-2,-112
1767175153.742238,-4,-2,-116
1767175153.752238,-4,-1,-116
1767175153.7622385,0,-1,-123
1767175153.7722385,0,0,-119
1767175153.7822382,-3,-2,-127
1767175153.7922382,-8,-6,-122
1767175153.8022382,-6,-2,-120
1767175153.8122382,0,-1,-124
1767175153.8222382,-3,-3,-123
1767175153.8322382,-4,-4,-121
1767175153.8422382,-2,-5,-122
1767175153.8522382,-7,-3,-116
1767175153.8622382,-10,-4,-111
1767175153.873238,-10,-4,-110
1767175153.882238,-13,-2,-111
1767175153.893238,-13,0,-106
1767175153.903238,-13,4,-104
1767175153.913238,-9,5,-101
1767175153.923238,-2,2,-102
1767175153.9332385,2,0,-107
1767175153.9432385,0,-1,-112
1767175153.9532382,-1,0,-114
1767175153.9632382,-1,0,-117
1767175153.9732382,0,1,-117
1767175153.9832382,-3,1,-116
1767175153.9932382,-2,3,-122
1767175154.0032382,-5,6,-122
1767175154.0132382,-7,7,-133
1767175154.0232382,-7,6,-129
1767175154.0332382,-7,3,-130
1767175154.0432382,-5,1,-125
1767175154.0532382,-2,0,-125
1767175154.063238,-3,-3,-127
1767175154.073238,-4,-7,-127
1767175154.083238,-5,-4,-123
1767175154.093238,0,-5,-127
1767175154.103238,0,-1,-129
1767175154.113238,-1,-2,-134
1767175154.123238,2,0,-136
1767175154.133238,4,-5,-131
1767175154.143238,5,-1,-125
1767175154.153238,3,3,-121
1767175154.163238,2,0,-117
1767175154.173238,-5,0,-118
1767175154.1832385,-9,-4,-115
1767175154.1932385,-8,-2,-114
1767175154.2032382,-9,1,-116
1767175154.2132382,-10,0,-118
1767175154.2232382,-9,0,-122
1767175154.2332382,-2,3,-120
1767175154.2432382,-1,7,-118
1767175154.2532382,3,5,-118
1767175154.2632382,5,1,-118
1767175154.2732382,2,-2,-114
1767175154.2832382,0,-2,-117
1767175154.2932382,-2,-4,-116
1767175154.3032382,-3,-1,-112
1767175154.313238,-1,-5,-112
1767175154.323238,0,-4,-112
1767175154.333238,0,-1,-113
1767175154.343238,-1,0,-120
1767175154.353238,4,-1,-127
1767175154.363238,7,0,-125
1767175154.373238,1,-1,-124
1767175154.383238,0,-1,-122
1767175154.393238,-2,-3,-112
1767175154.403238,4,-5,-112
1767175154.413238,2,-4,-117
1767175154.423238,6,-4,-117
1767175154.4332385,5,0,-118
1767175154.4432385,4,3,-116
1767175154.4532382,6,1,-117
1767175154.4632382,0,4,-116
1767175154.4732382,1,3,-114
1767175154.4832382,4,5,-115
1767175154.4932382,2,6,-115
1767175154.5032382,5,1,-116
1767175154.5132382,2,-1,-112
1767175154.5232382,3,-3,-114
1767175154.5332382,1,-1,-112
1767175154.5432382,4,-5,-115
1767175154.5532382,1,-5,-124
1767175154.563238,-1,-4,-126
1767175154.573238,-3,-6,-127
1767175154.583238,-3,-6,-131
1767175154.593238,0,-6,-128
1767175154.603238,2,-2,-129
1767175154.613238,3,-1,-120
1767175154.623238,2,-7,-121
1767175154.633238,1,-5,-123
1767175154.643238,1,-2,-114
1767175154.653238,5,0,-114
1767175154.663238,3,2,-117
1767175154.673238,6,-2,-118
1767175154.6832385,3,-7,-120
1767175154.6932385,-2,-2,-127
1767175154.7032382,0,-1,-129
1767175154.7132382,0,0,-131
1767175154.7232382,-2,-5,-127
1767175154.7332382,-2,-6,-119
1767175154.7432382,-4,-12,-128
1767175154.7532382,-5,-10,-127
1767175154.7632382,-8,-5,-125
1767175154.7732382,-8,-4,-119
1767175154.7832382,-7,-3,-124
1767175154.7932382,-6,1,-122
1767175154.8032382,-4,-1,-123
1767175154.813238,-1,3,-123
1767175154.823238,0,0,-113
1767175154.833238,0,1,-112
1767175154.843238,5,3,-115
1767175154.853238,4,3,-123
1767175154.863238,3,2,-127
1767175154.8852382,3,-3,-130
1767175154.893238,0,-7,-132
1767175154.903238,-7,-2,-128
1767175154.913238,-4,-3,-130
1767175154.923238,-1,2,-130
1767175154.9332385,0,0,-126
1767175154.9432385,0,1,-132
1767175154.9532382,3,2,-128
1767175154.9632382,3,4,-123
1767175154.9732382,2,3,-123
1767175154.9832382,1,-2,-124
1767175154.9932382,-3,-1,-120
1767175155.0032382,-6,3,-121
1767175155.0132382,-4,3,-119
1767175155.0232382,0,0,-114
1767175155.0332382,0,-1,-111
1767175155.0432382,-1,-2,-113
1767175155.0532382,2,1,-113
1767175155.063238,-3,-1,-112
1767175155.073238,0,-7,-110
1767175155.083238,4,-12,-115
1767175155.093238,8,-10,-114
1767175155.103238,5,-11,-112
1767175155.113238,2,-9,-112
1767175155.123238,0,-7,-115
1767175155.133238,3,-1,-121
1767175155.143238,2,-1,-114
1767175155.153238,-2,-3,-115
1767175155.163238,-6,-4,-117
1767175155.173238,-9,-5,-122
1767175155.1832385,-9,-4,-124
1767175155.1932385,-9,-4,-123
1767175155.2032382,-8,-3,-123
1767175155.2132382,-10,0,-121
1767175155.2232382,-6,1,-123
1767175155.2332382,-4,1,-118
1767175155.2432382,-1,2,-118
1767175155.2532382,4,3,-115
1767175155.2632382,4,0,-113
1767175155.2732382,2,0,-110
1767175155.2832382,1,0,-107
1767175155.2932382,4,0,-111
1767175155.3032382,1,0,-111
1767175155.313238,0,-2,-114
1767175155.323238,-1,-4,-112
1767175155.333238,-9,0,-114
1767175155.343238,-7,-4,-117
1767175155.353238,-7,-7,-121
1767175155.363238,-5,-6,-114
1767175155.373238,0,-3,-114
1767175155.383238,2,-1,-119
1767175155.393238,3,2,-116
1767175155.403238,4,0,-113
1767175155.413238,0,3,-108
1767175155.423238,-2,5,-105
1767175155.4332385,-3,-1,-106
1767175155.4432385,0,-1,-102
1767175155.4532382,-3,-4,-106
1767175155.4632382,-2,-1,-111
1767175155.4732382,-4,0,-105
1767175155.4832382,-5,-2,-108
1767175155.4932382,-5,-5,-114
1767175155.5032382,-2,-2,-118
1767175155.5132382,-2,-3,-121
1767175155.5232382,-1,-4,-119
1767175155.5332382,2,-9,-114
1767175155.5432382,4,-6,-115
1767175155.5532382,0,-6,-117
1767175155.563238,-3,-6,-117
1767175155.573238,-4,-5,-114
1767175155.583238,-3,0,-116
1767175155.593238,3,-3,-123
1767175155.603238,3,-3,-124
1767175155.613238,2,-4,-121
1767175155.623238,2,-6,-119
1767175155.633238,-4,-6,-126
1767175155.643238,-4,-2,-127
1767175155.653238,-2,-3,-133
1767175155.663238,4,-7,-127
1767175155.673238,5,-4,-122
1767175155.6832385,3,-2,-123
1767175155.6932385,4,-1,-122
1767175155.7032382,3,0,-121
1767175155.7132382,2,-5,-130
1767175155.7232382,0,-3,-128
1767175155.7332382,0,-5,-123
1767175155.7432382,1,-3,-114
1767175155.7532382,-3,-3,-115
1767175155.7632382,-8,-6,-121
1767175155.7732382,-7,-6,-116
1767175155.7832382,-3,-4,-110
1767175155.7932382,-7,-2,-102
1767175155.8032382,-7,0,-101
1767175155.813238,-7,0,-106
1767175155.823238,-1,0,-108
1767175155.833238,0,-3,-106
1767175155.843238,0,-3,-109
1767175155.853238,1,-5,-108
1767175155.863238,1,-6,-105
1767175155.873238,-3,-7,-113
1767175155.883238,-1,-6,-118
1767175155.893238,0,-5,-111
1767175155.903238,1,-4,-111
1767175155.913238,3,-4,-113
1767175155.923238,4,-7,-111
1767175155.9332385,4,-7,-112
1767175155.9432385,2,0,-115
1767175155.9532382,7,0,-119
1767175155.9632382,3,0,-123
1767175155.9732382,1,0,-126
1767175155.9832382,4,-5,-118
1767175155.9932382,6,-2,-110
1767175156.0032382,5,-2,-113
1767175156.0132382,3,-7,-113
1767175156.0232382,0,-7,-120
1767175156.0332382,-1,-5,-120
1767175156.0432382,0,-4,-121
1767175156.0532382,0,2,-123
1767175156.063238,0,5,-125
1767175156.073238,1,3,-127
1767175156.083238,2,6,-126
1767175156.093238,0,4,-121
1767175156.103238,0,2,-118
1767175156.113238,3,7,-118
1767175156.123238,0,7,-120
1767175156.133238,3,5,-117
1767175156.143238,-2,1,-129
1767175156.153238,0,1,-131
1767175156.163238,3,-1,-127
1767175156.173238,0,-3,-125
1767175156.1832385,2,-6,-127
1767175156.1932385,2,-5,-125
1767175156.2032382,-2,1,-127
1767175156.2132382,0,5,-131
1767175156.2232382,1,7,-134
1767175156.2332382,3,6,-133
1767175156.2432382,6,3,-131
1767175156.2532382,1,1,-127
1767175156.2632382,1,0,-125
1767175156.2732382,1,-4,-120
1767175156.2832382,7,-2,-117
1767175156.2932382,6,-3,-119
1767175156.3032382,5,-5,-123
1767175156.313238,4,-3,-122
1767175156.323238,5,-5,-126
1767175156.333238,2,-2,-120
1767175156.343238,0,3,-115
1767175156.353238,1,6,-111
1767175156.363238,6,4,-110
1767175156.373238,9,3,-111
1767175156.383238,10,0,-112
1767175156.393238,10,-1,-114
1767175156.403238,6,0,-110
1767175156.413238,5,0,-117
1767175156.423238,5,4,-123
1767175156.4332385,0,6,-122
1767175156.4432385,-3,4,-123
1767175156.4532382,-3,5,-120
1767175156.4632382,-6,3,-123
1767175156.4732382,-6,4,-124
1767175156.4832382,-7,1,-122
1767175156.494238,-5,-3,-125
1767175156.5032382,-3,-1,-126
1767175156.514238,0,0,-119
1767175156.5232382,1,0,-118
1767175156.534238,0,2,-118
1767175156.544238,-3,1,-116
1767175156.554238,0,-4,-118
1767175156.564238,7,-4,-127
1767175156.574238,6,-4,-119
1767175156.584238,6,-2,-123
1767175156.594238,9,0,-125
1767175156.6042385,6,4,-128
1767175156.6142385,2,3,-116
1767175156.6242385,2,0,-113
1767175156.6342382,4,2,-113
1767175156.6442382,7,5,-115
1767175156.6542382,6,3,-125
1767175156.6642382,2,1,-125
1767175156.6742382,3,1,-119
1767175156.6842382,-3,-2,-118
1767175156.6942382,-2,-5,-114
1767175156.7042382,3,-5,-115
1767175156.7142382,4,-7,-118
1767175156.7242382,7,-3,-116
1767175156.734238,6,-1,-111
1767175156.744238,5,-3,-120
1767175156.754238,6,-2,-114
1767175156.764238,4,-2,-118
1767175156.774238,4,0,-116
1767175156.784238,2,0,-110
1767175156.794238,-1,-5,-116
1767175156.804238,2,-2,-117
1767175156.814238,0,-2,-119
1767175156.824238,-1,-4,-116
1767175156.834238,-6,0,-109
1767175156.844238,-8,0,-119
1767175156.8542385,-9,-3,-121
1767175156.8642385,-8,-5,-117
1767175156.8742385,-10,-6,-116
1767175156.8842382,-11,-3,-117
1767175156.8942382,-7,-4,-120
1767175156.9042382,-9,-1,-120
1767175156.9142382,-8,-2,-122
1767175156.9242382,-7,-4,-128
1767175156.9342382,-6,-2,-124
1767175156.9442382,0,-1,-126
1767175156.9542382,1,-3,-129
1767175156.9642382,2,-4,-129
1767175156.9742382,-1,-6,-124
1767175156.984238,-4,-6,-123
1767175156.994238,-5,0,-123
1767175157.004238,-1,0,-122
1767175157.014238,0,-3,-119
1767175157.024238,-2,0,-112
1767175157.034238,0,-4,-112
1767175157.044238,1,-4,-113
1767175157.054238,0,-5,-113
1767175157.064238,-2,-1,-109
1767175157.074238,-1,-1,-115
1767175157.084238,0,-1,-119
1767175157.094238,1,-1,-117
1767175157.1042385,-2,-4,-120
1767175157.1142385,-1,-5,-121
1767175157.1242385,-1,-2,-119
1767175157.1342382,0,-1,-119
1767175157.1442382,-3,-6,-114
1767175157.1542382,0,-9,-116
1767175157.1642382,3,-8,-122
1767175157.1742382,2,-1,-115
1767175157.1842382,0,4,-122
1767175157.1942382,0,3,-116
1767175157.2042382,1,0,-118
1767175157.2142382,2,0,-113
1767175157.2242382,1,1,-114
1767175157.234238,0,1,-114
1767175157.244238,0,1,-112
1767175157.254238,0,4,-108
1767175157.264238,0,2,-104
1767175157.274238,-1,-4,-109
1767175157.284238,6,-5,-111
1767175157.294238,4,-5,-108
1767175157.304238,5,-4,-105
1767175157.314238,4,0,-107
1767175157.324238,8,-3,-116
1767175157.334238,4,2,-113
1767175157.344238,3,3,-121
1767175157.3542385,2,0,-123
1767175157.3642385,2,-4,-115
1767175157.3742385,4,-8,-120
1767175157.3842382,5,-8,-121
1767175157.3942382,3,-12,-122
1767175157.4042382,4,-9,-121
1767175157.4142382,6,-4,-114
1767175157.4242382,4,0,-114
1767175157.4342382,3,0,-120
1767175157.4442382,7,-3,-122
1767175157.4542382,4,-2,-128
1767175157.4642382,0,-3,-126
1767175157.4742382,6,-1,-121
1767175157.484238,3,-4,-115
1767175157.494238,3,-5,-120
1767175157.504238,-2,-5,-120
1767175157.514238,-1,-1,-121
1767175157.524238,0,0,-121
1767175157.534238,0,0,-123
1767175157.544238,-3,-1,-123
1767175157.554238,-7,-1,-129
1767175157.564238,-3,-1,-129
1767175157.574238,0,-1,-122
1767175157.584238,0,-3,-119
1767175157.594238,-1,-3,-119
1767175157.6042385,0,-1,-120
1767175157.6142385,0,-1,-125
1767175157.6242385,-2,-1,-125
1767175157.6342382,0,-2,-124
1767175157.6442382,0,-3,-121
1767175157.6542382,-2,-6,-119
1767175157.6642382,-1,-3,-127
1767175157.6742382,0,-2,-126
1767175157.6842382,-2,0,-122
1767175157.6942382,4,0,-121
1767175157.7042382,2,-2,-124
1767175157.7142382,0,-7,-121
1767175157.7242382,-3,-7,-118
1767175157.734238,-5,-4,-117
1767175157.744238,-5,-3,-120
1767175157.754238,-5,-7,-120
1767175157.764238,-4,-8,-121
1767175157.774238,-4,-9,-122
1767175157.784238,-1,-10,-122
1767175157.794238,0,-11,-128
1767175157.804238,0,-10,-134
1767175157.814238,1,-7,-131
1767175157.824238,1,-11,-133
1767175157.834238,1,-11,-132
1767175157.844238,0,-8,-133
1767175157.8542385,-2,-3,-132
1767175157.8642385,-2,-1,-125
1767175157.8742385,-4,-4,-119
1767175157.8842382,-3,-9,-117
1767175157.8942382,-2,-8,-116
1767175157.9042382,-3,-6,-115
1767175157.9142382,-3,-2,-115
1767175157.9242382,-4,-2,-119
1767175157.9342382,-3,-3,-119
1767175157.9442382,0,-3,-119
1767175157.9542382,2,-7,-117
1767175157.9642382,0,-8,-118
1767175157.9742382,-1,-6,-113
1767175157.984238,2,-2,-114
1767175157.994238,2,-4,-114
1767175158.004238,-1,-6,-115
1767175158.014238,0,-10,-119
1767175158.024238,-3,-9,-124
1767175158.034238,-2,-6,-127
1767175158.044238,2,-3,-129
1767175158.054238,3,-3,-134
1767175158.064238,2,-5,-128
1767175158.074238,0,-7,-125
1767175158.084238,1,-6,-125
1767175158.094238,0,-5,-122
1767175158.1042385,-1,-5,-125
1767175158.1142385,0,-7,-124
1767175158.1242385,0,-6,-127
1767175158.1342382,-1,-2,-126
1767175158.1442382,0,-2,-119
1767175158.1542382,-1,-5,-116
1767175158.1642382,-1,-2,-117
1767175158.1742382,0,-3,-116
1767175158.1842382,2,-7,-118
1767175158.1942382,2,-8,-116
1767175158.2042382,1,-9,-117
1767175158.2142382,-2,-10,-117
1767175158.2242382,-4,-6,-115
1767175158.234238,-7,-3,-115
1767175158.244238,-8,-2,-115
1767175158.254238,-6,0,-124
1767175158.264238,-9,2,-125
1767175158.274238,-6,3,-123
1767175158.284238,-5,3,-125
1767175158.294238,-3,1,-128
1767175158.304238,1,-3,-132
1767175158.314238,3,-4,-129
1767175158.324238,1,-4,-126
1767175158.334238,-2,-2,-122
1767175158.344238,0,-3,-121
1767175158.3542385,2,-3,-122
1767175158.3642385,-1,-3,-121
1767175158.3742385,-2,-4,-118
1767175158.3842382,-3,-4,-115
1767175158.3942382,-2,0,-120
1767175158.4042382,0,0,-119
1767175158.4142382,1,-2,-126
1767175158.4242382,-1,-3,-127
1767175158.4342382,-4,-1,-118
1767175158.4442382,-8,-5,-119
1767175158.4542382,-4,-3,-119
1767175158.4642382,-3,-4,-120
1767175158.4742382,1,-6,-115
1767175158.484238,0,-5,-118
1767175158.494238,-1,-7,-116
1767175158.504238,-4,-9,-117
1767175158.514238,-3,-10,-112
1767175158.524238,1,-8,-113
1767175158.534238,5,-9,-112
1767175158.544238,2,-6,-117
1767175158.554238,5,-9,-113
1767175158.564238,0,-9,-115
1767175158.574238,-4,-7,-119
1767175158.584238,-4,-9,-120
1767175158.594238,2,-6,-122
1767175158.6042385,0,-2,-124
1767175158.6142385,-2,-2,-127
1767175158.6242385,-1,0,-126
1767175158.6342382,-2,-1,-120
1767175158.6442382,-4,-3,-121
1767175158.6542382,-2,-3,-121
1767175158.6642382,-2,-4,-124
1767175158.6742382,0,-2,-129
1767175158.6842382,1,-1,-134
1767175158.6942382,1,0,-134
1767175158.7042382,0,0,-129
1767175158.7142382,-1,-4,-120
1767175158.7242382,-3,-1,-122
1767175158.734238,0,-1,-123
1767175158.744238,1,-3,-123
1767175158.754238,2,-3,-128
1767175158.764238,0,-6,-131
1767175158.774238,3,-6,-134
1767175158.784238,0,-5,-128
1767175158.794238,1,-4,-126
1767175158.804238,2,-3,-123
1767175158.814238,0,-6,-127
1767175158.824238,-8,-6,-132
1767175158.834238,-11,-7,-128
1767175158.844238,-11,-3,-128
1767175158.8542385,-10,-5,-125
1767175158.8642385,-7,-5,-126
1767175158.8742385,-4,-6,-124
1767175158.8842382,-3,-7,-117
1767175158.8942382,-3,-10,-123
1767175158.9042382,0,-8,-125
1767175158.9142382,-3,-9,-122
1767175158.9242382,-1,-7,-121
1767175158.9342382,-2,-4,-122
1767175158.9442382,-1,-8,-119
1767175158.9542382,-7,-9,-116
1767175158.9642382,-6,-8,-115
1767175158.9742382,-2,-11,-119
1767175158.984238,-2,-13,-126
1767175158.994238,-2,-7,-133
1767175159.004238,-5,-5,-132
1767175159.014238,-3,-4,-128
1767175159.024238,0,-3,-127
1767175159.034238,3,-5,-127
1767175159.044238,3,-4,-122
1767175159.054238,2,-1,-124
1767175159.064238,3,0,-124
1767175159.074238,4,-1,-115
1767175159.084238,-2,-2,-123
1767175159.094238,1,-3,-121
1767175159.1042385,2,-5,-124
1767175159.1142385,6,-4,-126
1767175159.1242385,7,-3,-123
1767175159.1342382,7,-3,-114
1767175159.1442382,5,-1,-104
1767175159.1542382,3,-1,-110
1767175159.1642382,-1,-5,-111
1767175159.1742382,-2,-1,-111
1767175159.1842382,-2,-2,-103
1767175159.1942382,-3,0,-109
1767175159.2042382,-2,0,-107
1767175159.2142382,-5,0,-114
1767175159.2242382,-3,1,-111
1767175159.235238,-1,0,-116
1767175159.245238,-2,0,-124
1767175159.255238,-3,0,-127
1767175159.265238,-3,3,-123
1767175159.275238,-5,1,-128
1767175159.2852385,-8,-1,-132
1767175159.2952385,-8,-5,-127
1767175159.3052382,-9,-1,-124
1767175159.3152382,-9,1,-125
1767175159.3252382,-6,2,-128
1767175159.3352382,1,0,-134
1767175159.3452382,-3,-3,-133
1767175159.3552382,-3,-3,-132
1767175159.3652382,-3,0,-130
1767175159.3752382,-4,2,-123
1767175159.3852382,-4,1,-122
1767175159.3952382,-7,2,-120
1767175159.4052382,-5,-2,-117
1767175159.415238,-4,1,-112
1767175159.425238,-5,0,-111
1767175159.435238,-3,-4,-119
1767175159.445238,-3,0,-118
1767175159.455238,-1,-3,-120
1767175159.465238,0,-2,-119
1767175159.475238,0,0,-119
1767175159.485238,0,-1,-117
1767175159.495238,-3,-3,-113
1767175159.505238,-1,-5,-113
1767175159.515238,0,-2,-116
1767175159.525238,-1,-4,-122
1767175159.5352385,0,-3,-121
1767175159.5452385,0,2,-121
1767175159.5552382,0,2,-120
1767175159.5652382,-4,4,-116
1767175159.5752382,-3,1,-123
1767175159.5852382,0,0,-128
1767175159.5952382,1,0,-121
1767175159.6052382,7,-1,-121
1767175159.6152382,9,-1,-118
1767175159.6252382,3,-1,-118
1767175159.6352382,2,-2,-121
1767175159.6452382,2,-2,-127
1767175159.6552382,5,-1,-131
1767175159.665238,7,0,-124
1767175159.675238,5,1,-123
1767175159.685238,2,0,-127
1767175159.695238,-2,2,-126
1767175159.705238,-2,3,-132
1767175159.715238,-1,3,-133
1767175159.725238,0,4,-131
1767175159.735238,-2,9,-128
1767175159.745238,-3,5,-133
1767175159.755238,-1,0,-131
1767175159.765238,-3,-5,-128
1767175159.775238,-4,-4,-128
1767175159.7852385,-3,-1,-124
1767175159.7952385,-1,0,-119
1767175159.8052382,3,-1,-114
1767175159.8152382,-2,0,-118
1767175159.8252382,-2,0,-120
1767175159.8352382,0,-1,-120
1767175159.8452382,0,-5,-121
1767175159.8552382,0,-4,-126
1767175159.8652382,-4,0,-127
1767175159.8752382,-7,0,-128
1767175159.8972385,-5,-2,-124
1767175159.9052382,-5,0,-126
1767175159.915238,-5,2,-123
1767175159.925238,-3,0,-118
1767175159.935238,-4,0,-123
1767175159.945238,-3,0,-121
1767175159.955238,-3,-1,-121
1767175159.965238,0,-3,-122
1767175159.975238,0,0,-117
1767175159.985238,1,0,-116
1767175159.995238,0,-3,-112
1767175160.005238,-3,0,-115
1767175160.015238,0,-2,-120
1767175160.025238,-2,-2,-123
1767175160.0352385,-8,-1,-126
1767175160.0452385,-4,-1,-124
1767175160.0552382,-3,-1,-118
1767175160.0652382,-4,-1,-116
1767175160.0752382,-5,-2,-116
1767175160.0852382,-4,-4,-119
1767175160.0952382,0,-6,-119
1767175160.1052382,1,-7,-114
1767175160.1152382,2,-3,-114
1767175160.1252382,2,-2,-113
1767175160.1352382,-5,-3,-110
1767175160.1452382,-2,0,-109
1767175160.1552382,-3,0,-111
1767175160.165238,-1,0,-119
1767175160.175238,-6,-1,-110
1767175160.185238,-1,-2,-106
1767175160.195238,-2,-2,-115
1767175160.205238,0,-3,-119
1767175160.215238,0,-6,-110
1767175160.225238,0,-5,-119
1767175160.235238,-1,-5,-120
1767175160.245238,-2,-3,-120
1767175160.255238,1,-4,-115
1767175160.265238,1,-3,-114
1767175160.275238,2,-3,-114
1767175160.2852385,3,-2,-118
1767175160.2952385,1,-3,-116
1767175160.3052382,4,-4,-117
1767175160.3152382,2,-5,-120
1767175160.3252382,6,0,-112
1767175160.3352382,4,0,-107
1767175160.3452382,2,1,-115
1767175160.3552382,4,5,-116
1767175160.3652382,0,2,-117
1767175160.3752382,-1,5,-112
1767175160.3852382,-5,2,-116
1767175160.3952382,-6,1,-114
1767175160.4052382,-3,-3,-115
1767175160.415238,-2,-2,-114
1767175160.425238,-1,-2,-112
1767175160.435238,-1,-1,-118
1767175160.445238,-2,0,-118
1767175160.455238,-2,-1,-115
1767175160.465238,0,-4,-119
1767175160.475238,2,-2,-113
1767175160.485238,0,-4,-113
1767175160.495238,0,-6,-122
1767175160.505238,3,-7,-120
1767175160.515238,0,-9,-120
1767175160.525238,-1,-10,-125
1767175160.5352385,0,-7,-127
1767175160.5452385,3,-6,-115
1767175160.5552382,0,-2,-119
1767175160.5652382,1,-2,-124
1767175160.5752382,-2,-4,-126
1767175160.5852382,-3,-4,-125
1767175160.5952382,-1,-3,-123
1767175160.6052382,4,-4,-120
1767175160.6152382,8,-3,-115
1767175160.6252382,11,-5,-116
1767175160.6352382,6,-4,-122
1767175160.6452382,1,-5,-121
1767175160.6552382,2,-7,-125
1767175160.665238,0,-4,-129
1767175160.675238,0,-6,-125
1767175160.685238,0,-3,-121
1767175160.695238,-2,-8,-121
1767175160.705238,-1,-10,-128
1767175160.715238,0,-11,-130
1767175160.725238,1,-8,-124
1767175160.735238,2,-6,-124
1767175160.745238,0,-4,-128
1767175160.755238,-6,-3,-121
1767175160.765238,-5,-2,-116
1767175160.775238,-4,0,-112
1767175160.7852385,1,-2,-111
1767175160.7952385,4,-6,-112
1767175160.8052382,1,-5,-108
1767175160.8152382,0,-5,-105
1767175160.8252382,2,-5,-110
1767175160.8352382,2,-3,-114
1767175160.8452382,3,-5,-115
1767175160.8552382,1,-6,-111
1767175160.8652382,0,-3,-116
1767175160.8752382,1,-4,-119
1767175160.8852382,-3,-2,-124
1767175160.8952382,0,1,-117
1767175160.9052382,1,-2,-114
1767175160.915238,-1,-1,-120
1767175160.925238,0,0,-118
1767175160.935238,1,2,-121
1767175160.945238,-1,5,-124
1767175160.955238,-5,3,-128
1767175160.965238,-3,-2,-124
1767175160.975238,0,-2,-114
1767175160.985238,5,0,-112
1767175160.995238,6,-1,-112
1767175161.005238,0,0,-113
1767175161.015238,2,-2,-111
1767175161.025238,1,-1,-113
1767175161.0352385,4,-5,-121
1767175161.0452385,5,-12,-119
1767175161.0552382,3,-9,-123
1767175161.0652382,1,-5,-125
1767175161.0752382,3,-5,-128
1767175161.0852382,0,0,-124
1767175161.0952382,0,-1,-117
1767175161.1052382,0,-2,-119
1767175161.1152382,0,0,-112
1767175161.1252382,-1,0,-107
1767175161.1352382,-2,2,-112
1767175161.1452382,-1,3,-114
1767175161.1552382,-4,1,-116
1767175161.165238,-6,0,-117
1767175161.175238,-6,0,-111
1767175161.185238,2,-1,-112
1767175161.195238,0,-3,-107
1767175161.205238,-2,-1,-110
1767175161.215238,-5,3,-116
1767175161.225238,-2,2,-125
1767175161.235238,-1,0,-121
1767175161.245238,1,-2,-124
1767175161.255238,0,-3,-119
1767175161.265238,0,-2,-116
1767175161.275238,0,0,-119
1767175161.2852385,-1,-3,-121
1767175161.2952385,-2,-7,-129
1767175161.3052382,-2,-8,-134
1767175161.3152382,-3,-7,-125
1767175161.3252382,3,-6,-130
1767175161.3352382,3,-6,-135
1767175161.3452382,6,-5,-132
1767175161.3552382,5,-2,-133
1767175161.3652382,6,0,-128
1767175161.3752382,6,0,-123
1767175161.3852382,4,0,-124
1767175161.3952382,5,0,-121
1767175161.4052382,9,-5,-121
1767175161.415238,11,-5,-123
1767175161.425238,13,-5,-124
1767175161.435238,12,-3,-124
1767175161.445238,14,-2,-126
1767175161.455238,14,0,-125
1767175161.465238,10,-1,-123
1767175161.475238,0,-2,-118
1767175161.485238,4,-6,-120
1767175161.495238,4,-9,-119
1767175161.505238,0,-6,-113
1767175161.515238,-2,-6,-115
1767175161.525238,-2,-1,-113
1767175161.5352385,4,0,-116
1767175161.5452385,2,2,-113
1767175161.5552382,-6,0,-113
1767175161.5652382,-4,0,-114
1767175161.5752382,-1,-5,-123
1767175161.5852382,1,-7,-119
1767175161.5952382,-2,-8,-112
1767175161.6052382,-3,-7,-109
1767175161.6152382,-3,-12,-117
1767175161.6252382,-4,-9,-113
1767175161.6352382,-8,-5,-116
1767175161.6452382,-2,-3,-118
1767175161.6552382,1,1,-113
1767175161.665238,-1,2,-114
1767175161.675238,-7,0,-116
1767175161.685238,-4,0,-117
1767175161.695238,-4,-4,-118
1767175161.705238,-4,-6,-113
1767175161.715238,-2,-6,-118
1767175161.725238,0,-4,-122
1767175161.735238,-3,-2,-125
1767175161.745238,-5,-3,-126
1767175161.755238,-4,-5,-121
1767175161.765238,-2,-9,-118
1767175161.775238,-3,-6,-123
1767175161.7852385,-3,-6,-118
1767175161.7952385,-3,-8,-115
1767175161.8052382,3,-5,-119
1767175161.8152382,1,-6,-117
1767175161.8252382,0,-5,-119
1767175161.8352382,6,-8,-121
1767175161.8452382,0,-8,-125
1767175161.8552382,0,-5,-125
1767175161.8652382,-3,-8,-129
1767175161.8752382,0,-5,-120
1767175161.8852382,-2,-4,-117
1767175161.8952382,3,-2,-117
1767175161.906238,2,-2,-118
1767175161.916238,5,0,-119
1767175161.926238,0,-1,-133
1767175161.936238,-2,-2,-135
1767175161.946238,-9,-9,-132
1767175161.9562385,-5,-6,-130
1767175161.9662385,-6,-4,-129
1767175161.9762385,-5,-4,-129
1767175161.9862382,-2,-4,-123
1767175161.9962382,0,-2,-119
1767175162.0062382,2,-2,-120
1767175162.0162382,2,-2,-112
1767175162.0262382,4,-3,-113
1767175162.0362382,0,-1,-112
1767175162.0462382,-2,5,-111
1767175162.0562382,-2,4,-109
1767175162.0662382,-6,1,-116
1767175162.0762382,-5,6,-117
1767175162.086238,-9,3,-115
1767175162.096238,-9,2,-120
1767175162.106238,-10,1,-126
1767175162.116238,-10,2,-120
1767175162.126238,-7,4,-115
1767175162.136238,2,-2,-116
1767175162.146238,0,0,-116
1767175162.156238,1,5,-111
1767175162.166238,0,1,-110
1767175162.176238,2,-3,-113
1767175162.186238,-1,-5,-120
1767175162.196238,-5,-7,-122
1767175162.2062385,-1,-7,-126
1767175162.2162385,-2,-7,-122
1767175162.2262385,3,-6,-126
1767175162.2362382,5,-5,-123
1767175162.2462382,3,-3,-120
1767175162.2562382,1,0,-123
1767175162.2662382,1,2,-126
1767175162.2762382,3,0,-127
1767175162.2862382,2,3,-120
1767175162.2962382,2,6,-119
1767175162.3062382,0,1,-119
1767175162.3162382,6,0,-115
1767175162.3262382,6,-1,-122
1767175162.336238,3,0,-125
1767175162.346238,0,-1,-122
1767175162.356238,0,0,-119
1767175162.366238,-1,0,-116
1767175162.376238,-3,3,-123
1767175162.386238,-6,4,-125
1767175162.396238,-1,3,-129
1767175162.406238,3,2,-135
1767175162.416238,2,3,-131
1767175162.426238,3,0,-131
1767175162.436238,1,-1,-126
1767175162.446238,-1,-5,-120
1767175162.4562385,2,-2,-126
1767175162.4662385,3,0,-123
1767175162.4762385,3,-1,-121
1767175162.4862382,5,0,-121
1767175162.4962382,5,-2,-116
1767175162.5062382,4,-5,-114
1767175162.5162382,4,-1,-119
1767175162.5262382,0,-6,-123
1767175162.5362382,3,-6,-121
1767175162.5462382,2,-8,-124
1767175162.5562382,4,-5,-125
1767175162.5662382,0,-6,-127
1767175162.5762382,2,-4,-125
1767175162.586238,0,-2,-122
1767175162.596238,0,-2,-132
1767175162.606238,0,-2,-125
1767175162.616238,-4,-3,-124
1767175162.626238,-7,-3,-126
1767175162.636238,-6,-2,-129
1767175162.646238,-6,2,-127
1767175162.656238,-4,-2,-116
1767175162.666238,-5,-1,-111
1767175162.676238,-9,-2,-114
1767175162.686238,-11,-1,-119
1767175162.696238,-8,-2,-117
1767175162.7062385,-11,-1,-117
1767175162.7162385,-11,-1,-116
1767175162.7262385,-7,0,-116
1767175162.7362382,-6,1,-120
1767175162.7462382,-5,-3,-125
1767175162.7562382,-1,-6,-117
1767175162.7662382,2,-7,-118
1767175162.7762382,0,-7,-121
1767175162.7862382,0,-7,-126
1767175162.7962382,1,-5,-125
1767175162.8062382,-1,-6,-122
1767175162.8162382,-5,0,-123
1767175162.8262382,-6,0,-122
1767175162.836238,-9,-2,-118
1767175162.846238,-11,-4,-115
1767175162.856238,-6,-2,-118
1767175162.866238,-7,0,-119
1767175162.876238,-4,1,-115
1767175162.886238,-6,2,-121
1767175162.896238,-2,0,-116
1767175162.906238,-1,1,-114
1767175162.916238,-1,-4,-119
1767175162.926238,0,-7,-125
1767175162.936238,0,-3,-118
1767175162.946238,-6,-2,-115
1767175162.9562385,-4,-2,-120
1767175162.9662385,-2,0,-117
1767175162.9762385,-6,0,-109
1767175162.9862382,-6,-2,-109
1767175162.9962382,-8,-1,-110
1767175163.0062382,-7,0,-119
1767175163.0162382,-10,0,-115
1767175163.0262382,-13,0,-114
1767175163.0362382,-10,0,-117
1767175163.0462382,-3,0,-116
1767175163.0562382,-5,0,-115
1767175163.0662382,-4,-2,-120
1767175163.0762382,-3,-1,-121
1767175163.086238,-2,0,-126
1767175163.096238,-3,0,-125
1767175163.106238,-4,0,-121
1767175163.116238,-4,0,-121
1767175163.126238,-4,0,-112
1767175163.136238,-6,0,-112
1767175163.146238,-6,-5,-120
1767175163.156238,-8,-3,-124
1767175163.166238,-3,0,-127
1767175163.176238,0,-3,-127
1767175163.186238,-3,-6,-121
1767175163.196238,-7,-9,-125
1767175163.2062385,-3,-9,-126
1767175163.2162385,0,-8,-122
1767175163.2262385,-2,-4,-121
1767175163.2362382,-4,-3,-121
1767175163.2462382,-2,-5,-119
1767175163.2562382,-3,-2,-111
1767175163.2662382,1,-3,-109
1767175163.2762382,0,0,-109
1767175163.2862382,-3,-2,-113
1767175163.2962382,-2,-4,-119
1767175163.3062382,0,-7,-117
1767175163.3162382,1,-6,-117
1767175163.3262382,4,-6,-112
1767175163.336238,2,-4,-111
1767175163.346238,0,-4,-114
1767175163.356238,3,-5,-120
1767175163.366238,2,-3,-117
1767175163.376238,2,0,-118
1767175163.386238,0,-2,-114
1767175163.396238,-2,-2,-121
1767175163.406238,-3,-1,-113
1767175163.416238,-4,-4,-116
1767175163.426238,-2,-7,-123
1767175163.436238,0,-4,-120
1767175163.446238,0,-6,-123
1767175163.4562385,3,-2,-125
1767175163.4662385,4,-3,-127
1767175163.4762385,3,0,-129
1767175163.4862382,3,0,-120
1767175163.4962382,5,-3,-113
1767175163.5062382,6,-1,-117
1767175163.5162382,2,-2,-123
1767175163.5262382,1,-3,-122
1767175163.5362382,-2,-4,-119
1767175163.5462382,-3,-2,-118
1767175163.5562382,0,-1,-121
1767175163.5662382,-3,-3,-120
1767175163.5762382,-3,1,-114
1767175163.586238,1,1,-115
1767175163.596238,0,2,-123
1767175163.606238,3,-1,-124
1767175163.616238,5,-1,-128
1767175163.626238,5,0,-127
1767175163.636238,5,0,-122
1767175163.646238,3,-3,-120
1767175163.656238,-1,-5,-126
1767175163.666238,-2,-5,-123
1767175163.676238,-4,-5,-128
1767175163.686238,-6,-4,-120
1767175163.696238,-3,-6,-122
1767175163.7062385,-1,-7,-115
1767175163.7162385,-3,-7,-115
1767175163.7262385,-5,-5,-111
1767175163.7362382,-4,-5,-105
1767175163.7462382,-5,-7,-106
1767175163.7562382,-3,-9,-108
1767175163.7662382,-4,-8,-113
1767175163.7762382,-6,-9,-117
1767175163.7862382,-6,-8,-122
1767175163.7962382,-5,-6,-119
1767175163.8062382,-8,-6,-115
1767175163.8162382,-6,-3,-117
1767175163.8262382,-3,-1,-115
1767175163.836238,1,-4,-106
1767175163.846238,1,-4,-114
1767175163.856238,4,0,-123
1767175163.866238,5,0,-118
1767175163.876238,3,0,-116
1767175163.886238,4,5,-121
1767175163.896238,3,4,-118
1767175163.906238,6,7,-122
1767175163.916238,3,1,-123
1767175163.926238,3,1,-118
1767175163.936238,5,-3,-119
1767175163.946238,3,-6,-115
1767175163.9562385,4,-6,-112
1767175163.9662385,0,-4,-113
1767175163.9762385,-5,-2,-111
1767175163.9862382,-6,0,-116
1767175163.9962382,-5,-6,-122
1767175164.0062382,-2,-9,-123
1767175164.0162382,-2,-6,-115
1767175164.0262382,-3,-4,-107
1767175164.0362382,-2,-4,-111
1767175164.0462382,-4,-6,-120
1767175164.0562382,0,-6,-120
1767175164.0662382,1,-7,-112
1767175164.0762382,-3,-3,-115
1767175164.086238,0,-2,-118
1767175164.096238,-5,-3,-119
1767175164.106238,-3,-7,-119
1767175164.116238,0,-8,-116
1767175164.126238,0,-9,-114
1767175164.136238,2,-6,-122
1767175164.146238,3,-7,-126
1767175164.156238,0,-4,-127
1767175164.166238,0,-1,-125
1767175164.176238,0,-1,-126
1767175164.186238,0,-2,-124
1767175164.196238,0,-5,-125
1767175164.2062385,-4,-2,-124
1767175164.2162385,-1,-2,-122
1767175164.2262385,-3,-2,-122
1767175164.2362382,-6,-1,-118
1767175164.2462382,-9,1,-118
1767175164.2562382,-7,-3,-120
1767175164.2662382,-6,-1,-116
1767175164.2762382,-1,-3,-117
1767175164.2862382,0,-5,-121
1767175164.2962382,0,-8,-126
1767175164.3062382,-3,-9,-124
1767175164.3162382,0,-10,-122
1767175164.3262382,0,-8,-121
1767175164.336238,0,-4,-119
1767175164.346238,-2,-7,-117
1767175164.356238,2,-5,-116
1767175164.366238,3,-7,-122
1767175164.376238,2,-3,-123
1767175164.386238,1,-1,-125
1767175164.396238,8,0,-118
1767175164.406238,7,3,-120
1767175164.416238,6,3,-120
1767175164.426238,9,3,-119
1767175164.436238,2,0,-124
1767175164.446238,0,-2,-112
1767175164.4562385,2,0,-105
1767175164.4662385,1,3,-113
1767175164.4762385,-4,1,-117
1767175164.4862382,-7,3,-115
1767175164.4962382,-7,4,-114
1767175164.5062382,-5,4,-110
1767175164.5162382,-5,0,-105
1767175164.5262382,-7,-3,-104
1767175164.5362382,-4,-6,-106
1767175164.547238,-4,-4,-107
1767175164.557238,-4,-9,-103
1767175164.567238,-6,-8,-108
1767175164.577238,-2,-4,-109
1767175164.587238,0,-3,-113
1767175164.597238,3,-6,-113
1767175164.607238,0,-5,-120
1767175164.617238,0,-5,-123
1767175164.627238,0,-5,-120
1767175164.6372385,-2,-4,-112
1767175164.6472385,-1,-5,-114
1767175164.6572382,1,-5,-116
1767175164.6672382,5,-6,-119
1767175164.6772382,3,-9,-124
1767175164.6872382,0,-7,-121
1767175164.6972382,2,-9,-120
1767175164.7072382,0,-5,-117
1767175164.7172382,1,-3,-122
1767175164.7272382,-8,-2,-120
1767175164.7372382,-12,-1,-121
1767175164.7472382,-11,-8,-121
1767175164.757238,-13,-9,-123
1767175164.767238,-9,-7,-120
1767175164.777238,-3,-6,-119
1767175164.787238,-4,-4,-118
1767175164.797238,-3,-8,-119
1767175164.807238,-3,-8,-129
1767175164.817238,0,-7,-129
1767175164.827238,-1,-5,-132
1767175164.837238,-1,-3,-133
1767175164.847238,-5,-3,-123
1767175164.857238,-6,-6,-117
1767175164.867238,-3,-6,-113
1767175164.877238,-7,-5,-114
1767175164.8872385,-6,-5,-120
1767175164.909238,-5,2,-114
1767175164.9172382,-6,-1,-107
1767175164.9272382,-5,0,-113
1767175164.9372382,-3,4,-110
1767175164.9472382,-4,5,-112
1767175164.9572382,-3,6,-109
1767175164.9672382,0,5,-109
1767175164.9772382,-1,5,-113
1767175164.9872382,-4,7,-118
1767175164.9972382,-1,4,-126
1767175165.007238,-1,5,-119
1767175165.017238,-6,4,-122
1767175165.027238,-2,0,-130
1767175165.037238,0,-8,-128
1767175165.047238,0,-10,-124
1767175165.057238,1,-4,-119
1767175165.067238,-4,-4,-117
1767175165.077238,-5,-2,-119
1767175165.087238,-4,-1,-121
1767175165.097238,-4,-4,-125
1767175165.107238,-1,-5,-127
1767175165.117238,0,-8,-127
1767175165.127238,2,-5,-126
1767175165.1372385,3,-4,-126
1767175165.1472385,7,-2,-132
1767175165.1572382,5,-5,-131
1767175165.1672382,3,-7,-132
1767175165.1772382,2,-2,-130
1767175165.1872382,3,0,-129
1767175165.1972382,4,-2,-133
1767175165.2072382,3,-2,-124
1767175165.2172382,1,-1,-124
1767175165.2272382,0,-2,-126
1767175165.2372382,-1,-5,-127
1767175165.2472382,-5,-2,-126
1767175165.257238,-2,2,-125
1767175165.267238,-4,2,-123
1767175165.277238,-4,4,-123
1767175165.287238,0,0,-119
1767175165.297238,1,-5,-121
1767175165.307238,4,-10,-122
1767175165.317238,0,-10,-121
1767175165.327238,-2,-12,-121
1767175165.337238,-1,-8,-119
1767175165.347238,-1,-4,-124
1767175165.357238,0,-2,-124
1767175165.367238,-2,0,-123
1767175165.377238,-1,0,-122
1767175165.3872385,-1,5,-118
1767175165.3972385,6,1,-119
1767175165.4072382,6,-2,-111
1767175165.4172382,0,0,-105
1767175165.4272382,0,2,-107
1767175165.4372382,-1,4,-105
1767175165.4472382,-2,5,-105
1767175165.4572382,-2,7,-109
1767175165.4672382,-2,5,-114
1767175165.4772382,-1,7,-117
1767175165.4872382,0,2,-111
1767175165.4972382,3,0,-109
1767175165.507238,4,-1,-112
1767175165.517238,0,0,-116
1767175165.527238,5,0,-113
1767175165.537238,6,-1,-112
1767175165.547238,6,2,-113
1767175165.557238,6,2,-116
1767175165.567238,0,0,-119
1767175165.577238,-4,-2,-108
1767175165.587238,-6,0,-110
1767175165.597238,-10,3,-111
1767175165.607238,-7,3,-111
1767175165.617238,-6,4,-111
1767175165.627238,0,4,-107
1767175165.6372385,-3,4,-112
1767175165.6472385,-4,3,-114
1767175165.6572382,0,5,-109
1767175165.6672382,-7,0,-113
1767175165.6772382,-8,-2,-118
1767175165.6872382,-4,-3,-121
1767175165.6972382,0,-3,-127
1767175165.7072382,-2,-4,-126
1767175165.7172382,-4,-2,-124
1767175165.7272382,-4,1,-123
1767175165.7372382,-5,1,-123
1767175165.7472382,-3,1,-123
1767175165.757238,0,-1,-126
1767175165.767238,0,-2,-127
1767175165.777238,3,-1,-128
1767175165.787238,2,-3,-134
1767175165.797238,-1,-3,-133
1767175165.807238,-7,-3,-130
1767175165.817238,-10,-4,-133
1767175165.827238,-10,-6,-127
1767175165.837238,-5,-7,-125
1767175165.847238,0,-7,-129
1767175165.857238,0,-5,-129
1767175165.867238,1,-5,-129
1767175165.877238,0,-6,-128
1767175165.8872385,1,-4,-124
1767175165.8972385,4,-5,-117
1767175165.9072382,6,-3,-111
1767175165.9172382,6,-1,-114
1767175165.9272382,5,0,-116
1767175165.9372382,0,0,-116
1767175165.9472382,0,0,-117
1767175165.9572382,1,-2,-122
1767175165.9672382,5,0,-126
1767175165.9772382,6,0,-123
1767175165.9872382,10,0,-122
1767175165.9972382,8,0,-121
1767175166.007238,4,-3,-122
1767175166.017238,2,-2,-121
1767175166.027238,-1,-3,-121
1767175166.037238,-2,-1,-116
1767175166.047238,0,-3,-113
1767175166.057238,-2,-5,-121
1767175166.067238,-2,-1,-125
1767175166.077238,-2,0,-122
1767175166.087238,-3,-5,-120
1767175166.097238,-3,-8,-118
1767175166.107238,-8,-8,-114
1767175166.117238,-9,-4,-111
1767175166.127238,0,-3,-113
1767175166.1372385,0,-4,-118
1767175166.1472385,-4,-1,-118
1767175166.1572382,-5,0,-117
1767175166.1672382,-4,-2,-116
1767175166.1772382,-3,0,-119
1767175166.1872382,-4,0,-118
1767175166.1972382,-2,-2,-118
1767175166.2072382,3,-1,-116
1767175166.2172382,2,-1,-113
1767175166.2272382,4,1,-121
1767175166.2372382,5,0,-128
1767175166.2472382,1,-2,-128
1767175166.257238,1,-2,-132
1767175166.267238,0,-2,-130
1767175166.277238,-1,-3,-124
1767175166.287238,4,-5,-126
1767175166.297238,4,-7,-129
1767175166.307238,0,-6,-126
1767175166.317238,0,-8,-122
1767175166.327238,-2,-7,-128
1767175166.337238,-4,-3,-129
1767175166.347238,-3,-6,-128
1767175166.357238,-1,-9,-126
1767175166.367238,-3,-7,-128
1767175166.377238,-6,-8,-130
1767175166.3872385,-4,-7,-134
1767175166.3972385,-1,-3,-141
1767175166.4072382,1,0,-136
1767175166.4172382,-4,2,-132
1767175166.4272382,-3,2,-125
1767175166.4372382,-5,5,-126
1767175166.4472382,-4,4,-129
1767175166.4572382,-9,3,-126
1767175166.4672382,-8,-3,-130
1767175166.4772382,-7,-2,-129
1767175166.4872382,-5,0,-132
1767175166.4972382,-3,-1,-127
1767175166.507238,-5,-3,-126
1767175166.517238,-5,-6,-124
1767175166.527238,-6,-8,-121
1767175166.537238,-1,-9,-125
1767175166.547238,-3,-9,-127
1767175166.557238,-2,-11,-128
1767175166.567238,-3,-13,-124
1767175166.577238,-5,-11,-136
1767175166.587238,-3,-6,-134
1767175166.597238,-5,-3,-122
1767175166.607238,-4,-3,-121
1767175166.617238,-5,0,-124
1767175166.627238,-8,0,-121
1767175166.6372385,-5,-1,-120
1767175166.6472385,-2,0,-118
1767175166.6572382,-4,-2,-113
1767175166.6672382,-7,-4,-112
1767175166.6772382,-7,-5,-116
1767175166.6872382,-6,-7,-112
1767175166.6972382,-6,-6,-109
1767175166.7072382,-5,-5,-113
1767175166.7172382,-2,-5,-113
1767175166.7272382,-3,-3,-104
1767175166.7372382,1,-3,-104
1767175166.7472382,0,-3,-109
1767175166.757238,-2,-6,-110
1767175166.767238,-1,-5,-102
1767175166.777238,0,-7,-99
1767175166.787238,1,-8,-106
1767175166.797238,-2,-5,-110
1767175166.807238,-5,0,-107
1767175166.817238,-4,2,-113
1767175166.827238,-3,1,-110
1767175166.837238,0,0,-101
1767175166.847238,-2,-1,-108
1767175166.857238,-7,-3,-117
1767175166.867238,-8,-1,-117
1767175166.877238,-2,-3,-114
1767175166.8872385,-2,-4,-116
1767175166.8972385,0,0,-119
1767175166.9072382,4,1,-126
1767175166.9172382,2,2,-127
1767175166.9272382,0,0,-134
1767175166.9372382,0,0,-130
1767175166.9472382,0,0,-132
1767175166.9572382,0,-1,-129
1767175166.9672382,4,0,-125
1767175166.9772382,8,-2,-118
1767175166.9872382,6,-2,-115
1767175166.9972382,5,2,-118
1767175167.007238,4,-3,-121
1767175167.017238,4,-2,-117
1767175167.027238,1,-1,-112
1767175167.037238,-1,0,-109
1767175167.047238,0,0,-111
1767175167.057238,0,0,-116
1767175167.067238,-4,-1,-119
1767175167.077238,-4,1,-124
1767175167.087238,-6,-1,-126
1767175167.097238,-7,-4,-125
1767175167.107238,-8,0,-119
1767175167.117238,-7,-1,-120
1767175167.127238,-3,-3,-116
1767175167.1372385,-2,-4,-119
1767175167.1482382,-5,-3,-126
1767175167.1572382,-5,-6,-125
1767175167.1672382,0,-6,-130
1767175167.1772382,-2,-8,-129
1767175167.1872382,-2,-7,-122
1767175167.198238,-4,-7,-120
1767175167.2072382,-4,-5,-114
1767175167.2172382,-4,-5,-120
1767175167.2272382,-1,-4,-123
1767175167.238238,1,-6,-122
1767175167.248238,3,-3,-114
1767175167.258238,3,-2,-120
1767175167.268238,3,0,-120
1767175167.278238,4,0,-122
1767175167.288238,4,0,-122
1767175167.298238,7,-2,-127
1767175167.3082385,9,-2,-131
1767175167.3182385,7,-1,-121
1767175167.3282382,11,-2,-120
1767175167.3392382,13,-3,-118
1767175167.3482382,11,-7,-123
1767175167.3582382,5,-4,-128
1767175167.3682382,4,-1,-125
1767175167.3782382,4,-3,-119
1767175167.3882382,0,-5,-121
1767175167.3982382,2,-8,-116
1767175167.4082382,0,-8,-114
1767175167.4182382,-4,-4,-119
1767175167.4282382,-4,-1,-124
1767175167.438238,-3,0,-125
1767175167.448238,-5,1,-117
1767175167.458238,-4,3,-114
1767175167.468238,-6,8,-116
1767175167.478238,-3,5,-120
1767175167.488238,0,-2,-118
1767175167.498238,3,-2,-119
1767175167.508238,0,-1,-121
1767175167.518238,1,-3,-118
1767175167.528238,0,-5,-117
1767175167.538238,-3,-9,-112
1767175167.548238,-2,-8,-109
1767175167.5582385,-1,-7,-105
1767175167.5682385,-3,-6,-108
1767175167.5782382,-1,-8,-116
1767175167.5882382,0,-7,-115
1767175167.5982382,3,-6,-117
1767175167.6082382,4,-7,-115
1767175167.6182382,2,-5,-115
1767175167.6282382,-1,-3,-113
1767175167.6382382,-2,-1,-115
1767175167.6482382,-3,6,-114
1767175167.6582382,0,5,-114
1767175167.6682382,0,4,-118
1767175167.6782382,1,2,-116
1767175167.688238,7,2,-123
1767175167.698238,3,0,-119
1767175167.708238,-4,0,-116
1767175167.718238,-6,1,-120
1767175167.728238,-6,-3,-123
1767175167.738238,-8,-3,-129
1767175167.748238,-10,-6,-129
1767175167.758238,-7,-7,-128
1767175167.768238,-5,-9,-123
1767175167.778238,-1,-7,-124
1767175167.788238,-1,-5,-127
1767175167.798238,-1,-2,-124
1767175167.8082385,2,-2,-122
1767175167.8182385,4,-3,-121
1767175167.8282382,3,-4,-120
1767175167.8382382,-1,-3,-122
1767175167.8482382,-3,-1,-123
1767175167.8582382,0,-2,-130
1767175167.8682382,-4,-2,-128
1767175167.8782382,-2,-3,-122
1767175167.8882382,-2,-6,-119
1767175167.8982382,-5,-4,-120
1767175167.9082382,-8,-2,-124
1767175167.9182382,-5,-4,-123
1767175167.9282382,-1,2,-120
1767175167.938238,-2,3,-123
1767175167.948238,0,0,-127
1767175167.958238,-1,-1,-126
1767175167.968238,-1,-2,-131
1767175167.978238,-1,2,-131
1767175167.988238,-2,0,-131
1767175167.998238,-3,4,-127
1767175168.008238,-4,8,-126
1767175168.018238,-2,6,-124
1767175168.028238,-1,2,-119
1767175168.038238,1,1,-121
1767175168.048238,2,-2,-130
1767175168.0582385,5,-5,-131
1767175168.0682385,2,-4,-131
1767175168.0782382,0,-8,-128
1767175168.0882382,2,-5,-122
1767175168.0982382,1,-1,-123
1767175168.1082382,0,0,-126
1767175168.1182382,1,-2,-117
1767175168.1282382,2,-4,-116
1767175168.1382382,5,-5,-111
1767175168.1482382,4,-3,-113
1767175168.1582382,2,-2,-110
1767175168.1682382,-1,1,-106
1767175168.1782382,-2,0,-111
1767175168.188238,0,2,-118
1767175168.198238,-2,3,-118
1767175168.208238,-5,3,-123
1767175168.218238,-4,2,-126
1767175168.228238,-1,3,-126
1767175168.238238,-1,2,-123
1767175168.248238,-2,-2,-124
1767175168.258238,0,1,-124
1767175168.268238,1,2,-124
1767175168.278238,0,4,-126
1767175168.288238,-3,5,-123
1767175168.298238,-4,0,-119
1767175168.3082385,0,-3,-117
1767175168.3182385,1,1,-117
1767175168.3282382,-1,0,-114
1767175168.3382382,0,-1,-121
1767175168.3482382,-2,0,-125
1767175168.3582382,-2,0,-127
1767175168.3682382,-2,0,-123
1767175168.3782382,-4,0,-117
1767175168.3882382,-3,0,-121
1767175168.3982382,-6,0,-117
1767175168.4082382,-1,1,-114
1767175168.4182382,-4,4,-114
1767175168.4282382,-1,-3,-115
1767175168.438238,-2,-6,-125
1767175168.448238,1,-5,-124
1767175168.458238,0,-6,-124
1767175168.468238,1,-7,-129
1767175168.478238,0,-5,-127
1767175168.488238,-3,-2,-136
1767175168.498238,0,-2,-135
1767175168.508238,1,-1,-133
1767175168.518238,2,-1,-124
1767175168.528238,2,0,-117
1767175168.538238,2,-5,-116
1767175168.548238,0,-6,-124
1767175168.5582385,2,-4,-124
1767175168.5682385,1,-3,-117
1767175168.5782382,5,-4,-114
1767175168.5882382,5,-3,-118
1767175168.5982382,6,-1,-125
1767175168.6082382,1,0,-123
1767175168.6182382,-1,1,-119
1767175168.6282382,-4,-2,-121
1767175168.6382382,-5,-4,-123
1767175168.6482382,-5,-4,-126
1767175168.6582382,-2,-5,-125
1767175168.6682382,0,-2,-125
1767175168.6782382,0,-1,-124
1767175168.688238,-3,0,-124
1767175168.698238,-4,1,-125
1767175168.708238,0,0,-128
1767175168.718238,1,1,-123
1767175168.728238,5,-3,-128
1767175168.738238,7,-4,-128
1767175168.748238,6,-5,-136
1767175168.758238,7,0,-137
1767175168.768238,2,-2,-128
1767175168.778238,0,-1,-129
1767175168.788238,4,1,-128
1767175168.798238,5,3,-128
1767175168.8082385,5,1,-123
1767175168.8182385,1,4,-127
1767175168.8282382,-2,2,-127
1767175168.8382382,-1,1,-129
1767175168.8482382,-2,-4,-128
1767175168.8582382,-5,-6,-132
1767175168.8682382,-3,-5,-129
1767175168.8782382,-2,-2,-128
1767175168.8882382,-3,-1,-131
1767175168.8982382,-3,-2,-125
1767175168.9082382,-9,1,-122
1767175168.9182382,-4,0,-119
1767175168.9282382,1,-1,-126
1767175168.938238,-1,-3,-128
1767175168.948238,0,-2,-131
1767175168.958238,-1,2,-130
1767175168.968238,0,3,-127
1767175168.978238,-3,1,-122
1767175168.988238,-1,3,-119
1767175168.998238,3,2,-121
1767175169.008238,6,-1,-124
1767175169.018238,3,-3,-115
1767175169.028238,3,-6,-118
1767175169.038238,4,-5,-115
1767175169.048238,-1,-6,-119
1767175169.0582385,0,-10,-121
1767175169.0682385,2,-5,-120
1767175169.0782382,0,-1,-119
1767175169.0882382,0,0,-119
1767175169.0982382,7,0,-120
1767175169.1082382,0,-5,-120
1767175169.1182382,-2,-5,-116
1767175169.1282382,-3,-6,-117
1767175169.1382382,-3,-5,-121
1767175169.1482382,-1,-9,-114
1767175169.1582382,-3,-12,-111
1767175169.1682382,0,-10,-109
1767175169.1782382,-2,-4,-102
1767175169.188238,-2,-2,-106
1767175169.198238,0,-2,-113
1767175169.208238,-2,1,-114
1767175169.218238,-5,3,-114
1767175169.228238,-4,4,-113
1767175169.238238,-5,3,-117
1767175169.248238,-4,0,-120
1767175169.258238,-4,0,-118
1767175169.268238,-3,0,-117
1767175169.278238,-2,-1,-117
1767175169.288238,-1,-1,-119
1767175169.298238,-1,-3,-122
1767175169.3082385,-2,0,-118
1767175169.3182385,-5,2,-120
1767175169.3282382,-5,1,-117
1767175169.3382382,-2,0,-121
1767175169.3482382,-1,-2,-131
1767175169.3582382,0,-2,-134
1767175169.3682382,-1,0,-129
1767175169.3782382,0,2,-130
1767175169.3882382,-2,2,-129
1767175169.3982382,-2,1,-127
1767175169.4082382,0,2,-123
1767175169.4182382,-1,1,-123
1767175169.4282382,0,1,-126
1767175169.438238,-7,0,-132
1767175169.448238,-10,-3,-134
1767175169.458238,-13,-7,-127
1767175169.468238,-11,-3,-125
1767175169.478238,-9,-2,-120
1767175169.488238,-4,-2,-118
1767175169.498238,-2,1,-121
1767175169.508238,1,0,-124
1767175169.518238,4,1,-119
1767175169.528238,1,4,-122
1767175169.538238,4,0,-124
1767175169.548238,-1,0,-125
1767175169.5582385,1,-1,-120
1767175169.5682385,-2,-5,-118
1767175169.5782382,-1,-6,-117
1767175169.5882382,1,-7,-112
1767175169.5982382,0,-5,-115
1767175169.6082382,-2,-6,-111
1767175169.6182382,1,-7,-116
1767175169.6282382,-2,-3,-118
1767175169.6382382,-2,0,-118
1767175169.6482382,-4,0,-127
1767175169.6582382,-2,-2,-126
1767175169.6682382,-1,-2,-123
1767175169.6782382,-2,0,-126
1767175169.688238,-3,-1,-124
1767175169.698238,-2,-2,-121
1767175169.708238,-2,0,-120
1767175169.718238,0,0,-123
1767175169.728238,2,-3,-124
1767175169.738238,3,-3,-117
1767175169.748238,3,-3,-121
1767175169.758238,-1,-5,-125
1767175169.768238,-4,-6,-125
1767175169.778238,0,-7,-121
1767175169.788238,3,-2,-118
1767175169.798238,0,0,-112
1767175169.8082385,2,-2,-107
1767175169.8182385,1,1,-106
1767175169.8282382,1,0,-104
1767175169.8382382,1,0,-112
1767175169.8482382,0,1,-120
1767175169.8582382,0,2,-121
1767175169.8682382,0,-2,-121
1767175169.879238,-4,-1,-116
1767175169.8882382,-1,-1,-116
1767175169.8982382,-1,0,-118
1767175169.9202385,3,0,-128
1767175169.929238,6,1,-122
1767175169.939238,1,0,-126
1767175169.949238,2,0,-125
1767175169.959238,6,-1,-122
1767175169.969238,6,-4,-130
1767175169.9792385,5,-6,-125
1767175169.9892385,-1,-5,-116
1767175169.9992385,-1,-1,-119
1767175170.0092382,0,-3,-112
1767175170.0192382,0,-4,-109
1767175170.0292382,1,0,-113
1767175170.0392382,2,4,-108
1767175170.0492382,4,3,-110
1767175170.0592382,1,2,-114
1767175170.0692382,-1,1,-114
1767175170.0792382,3,3,-114
1767175170.0892382,2,2,-116
1767175170.0992382,5,4,-115
1767175170.109238,3,5,-113
1767175170.119238,2,6,-109
1767175170.129238,5,3,-110
1767175170.139238,2,-1,-113
1767175170.149238,0,-2,-117
1767175170.159238,-1,-4,-114
1767175170.169238,-2,-2,-110
1767175170.179238,-6,-5,-112
1767175170.189238,-5,-6,-112
1767175170.199238,-1,-8,-114
1767175170.209238,0,-9,-111
1767175170.219238,-4,-10,-113
1767175170.2292385,-4,-11,-111
1767175170.2392385,-1,-7,-114
1767175170.2492385,-4,-5,-115
1767175170.2592382,-4,-5,-119
1767175170.2692382,0,-5,-118
1767175170.2792382,2,-7,-119
1767175170.2892382,-2,-3,-119
1767175170.2992382,-7,-1,-119
1767175170.3092382,-6,-2,-118
1767175170.3192382,-9,3,-117
1767175170.3292382,-9,3,-114
1767175170.3392382,-8,3,-118
1767175170.3492382,-6,2,-122
1767175170.359238,-4,0,-117
1767175170.369238,-3,0,-115
1767175170.379238,-1,0,-114
1767175170.389238,0,0,-112
1767175170.399238,1,0,-116
1767175170.409238,2,0,-122
1767175170.419238,3,3,-127
1767175170.429238,0,5,-123
1767175170.439238,-3,6,-126
1767175170.449238,-5,4,-124
1767175170.459238,-1,0,-129
1767175170.469238,-1,-5,-128
1767175170.4792385,0,-6,-125
1767175170.4892385,-1,-6,-120
1767175170.4992385,0,-6,-120
1767175170.5092382,-1,-5,-120
1767175170.5192382,0,-4,-125
1767175170.5292382,1,-6,-128
1767175170.5392382,2,-5,-119
1767175170.5492382,1,0,-120
1767175170.5592382,0,-3,-120
1767175170.5692382,4,-5,-120
1767175170.5792382,7,-1,-118
1767175170.5892382,2,-3,-121
1767175170.5992382,4,-2,-123
1767175170.609238,0,-4,-124
1767175170.619238,5,0,-125
1767175170.629238,6,0,-123
1767175170.639238,7,0,-116
1767175170.649238,4,-3,-121
1767175170.659238,1,-3,-119
1767175170.669238,0,-7,-121
1767175170.679238,0,-7,-119
1767175170.689238,0,-5,-117
1767175170.699238,0,-5,-119
1767175170.709238,0,2,-122
1767175170.719238,-1,0,-115
1767175170.7292385,-1,3,-117
1767175170.7392385,-3,3,-117
1767175170.7492385,-1,5,-117
1767175170.7592382,-5,4,-115
1767175170.7692382,-4,2,-117
1767175170.7792382,0,3,-125
1767175170.7892382,2,2,-126
1767175170.7992382,2,0,-124
1767175170.8092382,2,0,-119
1767175170.8192382,0,-1,-123
1767175170.8292382,-2,-1,-132
1767175170.8392382,-5,-1,-130
1767175170.8492382,-1,-1,-129
1767175170.859238,0,-1,-124
1767175170.869238,0,0,-121
1767175170.879238,0,-3,-119
1767175170.889238,1,-4,-125
1767175170.899238,4,-1,-120
1767175170.909238,5,2,-124
1767175170.919238,7,2,-130
1767175170.929238,7,1,-126
1767175170.939238,2,0,-132
1767175170.949238,-1,0,-129
1767175170.959238,-1,-2,-134
1767175170.969238,0,-1,-132
1767175170.9792385,1,0,-128
1767175170.9892385,0,-1,-128
1767175170.9992385,1,-3,-123
1767175171.0092382,0,-5,-125
1767175171.0192382,-3,-5,-126
1767175171.0292382,-3,-7,-119
1767175171.0392382,0,-6,-109
1767175171.0492382,0,-4,-108
1767175171.0592382,1,-2,-116
1767175171.0692382,0,-4,-122
1767175171.0792382,0,-2,-122
1767175171.0892382,1,-4,-126
1767175171.0992382,0,-5,-132
1767175171.109238,-1,-5,-130
1767175171.119238,-5,-3,-123
1767175171.129238,-7,-3,-115
1767175171.139238,-4,-1,-115
1767175171.149238,-4,-2,-112
1767175171.159238,-10,-2,-111
1767175171.169238,-9,0,-117
1767175171.179238,-2,3,-118
1767175171.189238,-3,0,-112
1767175171.199238,-3,-2,-112
1767175171.209238,-3,-2,-118
1767175171.219238,-4,-1,-113
1767175171.2292385,0,-2,-109
1767175171.2392385,1,-2,-114
1767175171.2492385,0,-1,-120
1767175171.2592382,-1,4,-116
1767175171.2692382,-3,4,-120
1767175171.2792382,-1,1,-116
1767175171.2892382,-1,0,-117
1767175171.2992382,-3,0,-118
1767175171.3092382,-6,0,-116
1767175171.3192382,-7,0,-120
1767175171.3292382,-4,-2,-125
1767175171.3392382,-4,-3,-123
1767175171.3492382,0,-3,-124
1767175171.359238,1,-3,-126
1767175171.369238,1,-1,-129
1767175171.379238,2,-1,-131
1767175171.389238,0,0,-121
1767175171.399238,0,0,-118
1767175171.409238,-2,0,-118
1767175171.419238,-5,-1,-120
1767175171.429238,-4,-2,-121
1767175171.439238,0,-1,-119
1767175171.449238,0,-2,-120
1767175171.459238,-3,-2,-121
1767175171.469238,-7,-6,-122
1767175171.4792385,-11,-9,-123
1767175171.4892385,-6,-6,-122
1767175171.4992385,-3,-6,-122
1767175171.5092382,1,-7,-118
1767175171.5192382,2,-9,-117
1767175171.5292382,1,-9,-119
1767175171.5392382,3,-8,-122
1767175171.5492382,4,-5,-123
1767175171.5592382,0,-2,-127
1767175171.5692382,-2,1,-132
1767175171.5792382,1,2,-131
1767175171.5892382,0,-2,-123
1767175171.5992382,4,-5,-116
1767175171.609238,6,-4,-113
1767175171.619238,10,-4,-122
1767175171.629238,10,-3,-124
1767175171.639238,10,-7,-114
1767175171.649238,3,-7,-109
1767175171.659238,3,-9,-109
1767175171.669238,4,-6,-110
1767175171.679238,3,-9,-110
1767175171.689238,2,-9,-119
1767175171.699238,2,-4,-121
1767175171.709238,0,0,-117
1767175171.719238,2,1,-116
1767175171.7292385,2,1,-113
1767175171.7392385,0,2,-108
1767175171.7492385,0,4,-111
1767175171.7592382,0,-3,-118
1767175171.7692382,0,-3,-117
1767175171.7792382,0,-4,-120
1767175171.7892382,0,-1,-119
1767175171.7992382,0,-3,-115
1767175171.8092382,-4,-5,-115
1767175171.8192382,-4,-4,-118
1767175171.8292382,-2,-3,-117
1767175171.8392382,-1,-5,-112
1767175171.8492382,1,-6,-111
1767175171.859238,2,-5,-118
1767175171.869238,1,-4,-115
1767175171.879238,-2,-5,-111
1767175171.889238,-4,-3,-110
1767175171.899238,-6,-1,-101
1767175171.909238,-8,-1,-105
1767175171.919238,-5,-1,-101
1767175171.929238,-3,0,-112
1767175171.939238,-4,2,-115
1767175171.949238,-4,4,-109
1767175171.959238,-2,4,-106
1767175171.969238,0,3,-103
1767175171.9792385,0,2,-102
1767175171.9892385,-1,0,-102
1767175171.9992385,-6,-4,-101
1767175172.0092382,-5,-4,-104
1767175172.0192382,-2,-4,-114
1767175172.0292382,-4,-3,-117
1767175172.0392382,-7,-2,-119
1767175172.0492382,-8,0,-120
1767175172.0592382,-8,5,-115
1767175172.0692382,-7,7,-109
1767175172.0792382,-1,1,-108
1767175172.0892382,-4,-2,-107
1767175172.0992382,-4,-5,-115
1767175172.109238,-4,-1,-114
1767175172.119238,-8,-6,-116
1767175172.129238,-8,-8,-127
1767175172.139238,-2,-12,-119
1767175172.149238,-4,-8,-119
1767175172.159238,-2,-7,-124
1767175172.169238,0,-5,-125
1767175172.179238,0,-3,-122
1767175172.189238,4,-2,-129
1767175172.199238,1,0,-127
1767175172.209238,-4,0,-120
1767175172.219238,1,4,-116
1767175172.2292385,-1,0,-114
1767175172.2392385,-2,1,-109
1767175172.2492385,-1,-1,-111
1767175172.2592382,0,-4,-117
1767175172.2692382,0,-6,-120
1767175172.2792382,0,-4,-125
1767175172.2892382,2,-1,-132
1767175172.2992382,3,-2,-132
1767175172.3092382,4,-1,-133
1767175172.3192382,3,0,-129
1767175172.3292382,1,-1,-130
1767175172.3392382,5,-2,-122
1767175172.3492382,1,-5,-120
1767175172.359238,1,-4,-122
1767175172.369238,2,-4,-124
1767175172.379238,1,-6,-124
1767175172.389238,-7,-6,-120
1767175172.399238,-7,-4,-118
1767175172.409238,-7,-2,-116
1767175172.419238,-9,0,-112
1767175172.429238,-6,1,-109
1767175172.439238,-5,-3,-112
1767175172.449238,-1,-2,-117
1767175172.459238,1,-1,-114
1767175172.469238,2,0,-113
1767175172.4792385,2,-3,-121
1767175172.4892385,2,-5,-119
1767175172.4992385,1,-6,-112
1767175172.5092382,-1,-4,-111
1767175172.5192382,0,-3,-114
1767175172.5292382,-1,-2,-112
1767175172.5392382,-4,-1,-115
1767175172.5492382,-5,0,-109
1767175172.560238,-7,-1,-104
1767175172.570238,-3,-4,-111
1767175172.580238,-1,-3,-112
1767175172.590238,-1,-7,-115
1767175172.5992382,1,-5,-114
1767175172.610238,1,-4,-121
1767175172.620238,-2,-8,-125
1767175172.630238,-1,-8,-132
1767175172.640238,2,-7,-130
1767175172.649238,2,0,-130
1767175172.6602385,0,-2,-130
1767175172.6702385,5,-1,-131
1767175172.6802382,2,-2,-125
1767175172.6902382,6,0,-124
1767175172.699238,7,2,-119
1767175172.7102382,3,4,-118
1767175172.7202382,3,0,-111
1767175172.7302382,0,-3,-109
1767175172.7402382,2,-4,-114
1767175172.7502382,0,-4,-111
1767175172.7602382,0,-3,-116
1767175172.7702382,2,-5,-115
1767175172.7802382,5,-3,-123
1767175172.790238,7,-2,-127
1767175172.800238,5,-3,-123
1767175172.810238,6,0,-118
1767175172.820238,2,1,-113
1767175172.830238,2,3,-115
1767175172.840238,0,1,-119
1767175172.850238,-4,0,-124
1767175172.860238,-1,0,-117
1767175172.870238,-1,-1,-117
1767175172.880238,-1,0,-117
1767175172.890238,0,5,-113
1767175172.900238,-2,2,-113
1767175172.9102385,0,2,-115
1767175172.9202385,2,3,-121
1767175172.9302382,0,0,-127
1767175172.9402382,0,1,-127
1767175172.9502382,4,2,-121
1767175172.9602382,2,1,-116
1767175172.9702382,7,2,-119
1767175172.9802382,6,-3,-117
1767175172.9902382,9,-1,-113
1767175173.0002382,8,-2,-119
1767175173.0102382,3,-4,-115
1767175173.0202382,0,-3,-120
1767175173.0302382,-4,-3,-111
1767175173.040238,2,-1,-118
1767175173.050238,3,-1,-120
1767175173.060238,3,-3,-116
1767175173.070238,5,-4,-118
1767175173.080238,3,-2,-120
1767175173.090238,5,-1,-124
1767175173.100238,5,0,-127
1767175173.110238,4,-3,-128
1767175173.120238,2,-1,-128
1767175173.130238,-5,-4,-122
1767175173.140238,-7,-5,-117
1767175173.150238,-4,-3,-115
1767175173.1602385,-2,-6,-113
1767175173.1702385,0,-6,-118
1767175173.1802382,-2,-8,-115
1767175173.1902382,-2,-8,-119
1767175173.2002382,-1,-5,-115
1767175173.2102382,-6,-4,-112
1767175173.2202382,-2,-6,-123
1767175173.2302382,-2,-8,-123
1767175173.2402382,-10,-6,-129
1767175173.2502382,-6,-9,-125
1767175173.2602382,-3,-10,-121
1767175173.2702382,-2,-10,-113
1767175173.2802382,4,-6,-113
1767175173.290238,3,-6,-120
1767175173.300238,-1,-5,-120
1767175173.310238,1,-5,-118
1767175173.320238,0,0,-118
1767175173.330238,0,-3,-116
1767175173.340238,4,-2,-113
1767175173.350238,2,-1,-111
1767175173.360238,-3,-2,-113
1767175173.370238,-4,-3,-108
1767175173.380238,-4,-4,-102
1767175173.390238,-1,-7,-100
1767175173.400238,1,-6,-107
1767175173.4102385,-3,-7,-106
1767175173.4202385,-1,-9,-118
1767175173.4302382,-3,-7,-122
1767175173.4402382,-7,-7,-122
1767175173.4502382,-3,-5,-126
1767175173.4602382,-2,-2,-129
1767175173.4702382,-2,-5,-126
1767175173.4802382,-4,-4,-123
1767175173.4902382,-7,-6,-127
1767175173.5002382,-3,-6,-122
1767175173.5102382,-3,-4,-127
1767175173.5202382,-6,-4,-128
1767175173.5302382,-8,-6,-123
1767175173.540238,-4,-7,-117
1767175173.550238,-6,-12,-115
1767175173.560238,-3,-9,-111
1767175173.570238,1,-9,-106
1767175173.580238,0,-8,-108
1767175173.590238,-1,-9,-105
1767175173.600238,0,-8,-102
1767175173.610238,1,-8,-102
1767175173.620238,1,-3,-109
1767175173.630238,-1,-1,-102
1767175173.640238,4,3,-99
1767175173.650238,1,4,-101
1767175173.6602385,0,2,-98
1767175173.6702385,0,2,-97
1767175173.6802382,3,-1,-105
1767175173.6902382,0,0,-107
1767175173.7002382,-3,1,-108
1767175173.7102382,0,3,-111
1767175173.7202382,0,2,-113
1767175173.7302382,3,2,-114
1767175173.7402382,3,0,-114
1767175173.7502382,0,0,-114
1767175173.7602382,-1,-3,-116
1767175173.7702382,-1,-3,-121
1767175173.7802382,0,0,-120
1767175173.790238,0,-4,-125
1767175173.800238,4,-3,-121
1767175173.810238,5,-2,-120
1767175173.820238,7,0,-120
1767175173.830238,6,0,-123
1767175173.840238,1,-1,-123
1767175173.850238,0,-2,-121
1767175173.860238,1,-1,-123
1767175173.870238,0,-2,-128
1767175173.880238,-2,0,-128
1767175173.890238,-2,-4,-124
1767175173.900238,-1,-5,-116
1767175173.9102385,-3,-5,-111
1767175173.9202385,-1,-2,-107
1767175173.9302382,-1,-2,-114
1767175173.9402382,0,-6,-115
1767175173.9502382,3,-4,-121
1767175173.9602382,0,2,-116
1767175173.9702382,0,3,-117
1767175173.9802382,1,-1,-123
1767175173.9902382,2,-3,-118
1767175174.0002382,4,0,-118
1767175174.0102382,3,-3,-118
1767175174.0202382,-1,-1,-118
1767175174.0302382,0,-3,-114
1767175174.040238,0,-6,-114
1767175174.050238,1,-7,-119
1767175174.060238,6,-6,-122
1767175174.070238,5,-4,-122
1767175174.080238,0,-3,-119
1767175174.090238,-1,-6,-114
1767175174.100238,0,-8,-120
1767175174.110238,5,-7,-115
1767175174.120238,11,-5,-110
1767175174.130238,13,-4,-113
1767175174.140238,8,-2,-121
1767175174.150238,7,-2,-126
1767175174.1602385,3,-4,-123
1767175174.1702385,8,-4,-121
1767175174.1802382,6,-1,-128
1767175174.1902382,2,-3,-124
1767175174.2002382,4,-3,-118
1767175174.2102382,5,-8,-122
1767175174.2202382,5,-9,-126
1767175174.2302382,4,-11,-125
1767175174.2402382,1,-9,-126
1767175174.2502382,-2,-2,-123
1767175174.2602382,-2,1,-123
1767175174.2702382,-4,0,-124
1767175174.2802382,-5,-1,-124
1767175174.290238,-8,-2,-120
1767175174.300238,-2,-1,-120
1767175174.310238,-2,2,-113
1767175174.320238,-4,0,-109
1767175174.330238,0,-4,-107
1767175174.340238,-1,-6,-111
1767175174.350238,3,-3,-107
1767175174.360238,1,-1,-108
1767175174.370238,2,-1,-114
1767175174.380238,0,-1,-125
1767175174.390238,0,0,-127
1767175174.400238,3,2,-127
1767175174.4102385,3,2,-127
1767175174.4202385,2,0,-124
1767175174.4302382,2,2,-125
1767175174.4402382,4,3,-130
1767175174.4502382,3,-1,-126
1767175174.4602382,3,-2,-121
1767175174.4702382,1,-1,-114
1767175174.4802382,0,-4,-109
1767175174.4902382,1,-6,-112
1767175174.5002382,0,-9,-116
1767175174.5102382,-6,-7,-126
1767175174.5202382,-5,0,-122
1767175174.5302382,-1,1,-113
1767175174.540238,0,2,-115
1767175174.550238,0,0,-119
1767175174.560238,0,-8,-121
1767175174.570238,-2,-4,-118
1767175174.580238,-2,-5,-113
1767175174.590238,-3,-5,-113
1767175174.600238,-3,-7,-118
1767175174.610238,1,-7,-118
1767175174.620238,3,-3,-117
1767175174.630238,5,-3,-120
1767175174.640238,1,0,-128
1767175174.650238,0,0,-129
1767175174.6602385,2,1,-128
1767175174.6702385,1,0,-130
1767175174.6802382,1,0,-126
1767175174.6902382,0,-4,-131
1767175174.7002382,0,-6,-127
1767175174.7102382,0,-7,-125
1767175174.7202382,8,-5,-119
1767175174.7302382,6,-7,-117
1767175174.7402382,6,-10,-116
1767175174.7502382,2,-10,-112
1767175174.7602382,0,-10,-114
1767175174.7702382,-1,-8,-115
1767175174.7802382,1,-6,-123
1767175174.790238,-1,-5,-128
1767175174.800238,-4,-5,-124
1767175174.810238,-6,-4,-120
1767175174.820238,-12,-3,-116
1767175174.830238,-10,0,-123
1767175174.840238,-11,-3,-129
1767175174.850238,-6,-2,-132
1767175174.860238,-6,-5,-128
1767175174.870238,-4,-1,-119
1767175174.880238,0,0,-122
1767175174.890238,2,2,-120
1767175174.900238,-4,0,-127
1767175174.9102385,-5,2,-124
1767175174.932238,-1,1,-127
1767175174.9402382,-3,0,-124
1767175174.9502382,0,1,-123
1767175174.9602382,0,0,-116
1767175174.9702382,-1,-1,-117
1767175174.9802382,0,-2,-114
1767175174.9902382,0,-1,-116
1767175175.0002382,-3,4,-114
1767175175.0102382,-4,3,-120
1767175175.0202382,-3,2,-119
1767175175.0302382,0,0,-119
1767175175.040238,1,2,-118
1767175175.050238,2,5,-118
1767175175.060238,4,2,-117
1767175175.070238,0,1,-115
1767175175.080238,2,-2,-120
1767175175.090238,3,-3,-122
1767175175.100238,0,-3,-121
1767175175.110238,-5,-2,-118
1767175175.120238,-4,-4,-118
1767175175.130238,-3,-1,-119
1767175175.140238,-5,-4,-117
1767175175.150238,-9,-6,-114
1767175175.1602385,-3,-3,-111
1767175175.1702385,-2,-3,-121
1767175175.1802382,0,-1,-121
1767175175.1902382,0,-4,-119
1767175175.2002382,-4,-2,-118
1767175175.2102382,-2,-3,-111
1767175175.221238,-2,-3,-110
1767175175.231238,-3,-3,-116
1767175175.241238,-5,-1,-117
1767175175.251238,-4,0,-112
1767175175.261238,-3,2,-116
1767175175.271238,0,2,-119
1767175175.281238,1,1,-114
1767175175.291238,6,-1,-114
1767175175.301238,6,-5,-112
1767175175.311238,8,-7,-112
1767175175.321238,9,-8,-112
1767175175.3312385,8,-4,-116
1767175175.3412385,5,-3,-115
1767175175.3512385,1,-3,-112
1767175175.3612382,-2,-4,-114
1767175175.3712382,-2,-4,-114
1767175175.3812382,-1,-4,-109
1767175175.3912382,1,-5,-111
1767175175.4012382,4,-5,-114
1767175175.4112382,4,-3,-111
1767175175.4212382,4,-3,-109
1767175175.4312382,2,-2,-111
1767175175.4412382,0,-1,-111
1767175175.4512382,1,-2,-109
1767175175.461238,2,0,-112
1767175175.471238,0,0,-110
1767175175.481238,1,-3,-113
1767175175.491238,2,-6,-114
1767175175.501238,5,-7,-112
1767175175.511238,7,-10,-109
1767175175.521238,2,-8,-111
1767175175.531238,0,-4,-110
1767175175.541238,0,-3,-101
1767175175.551238,-1,-4,-111
1767175175.561238,-5,1,-108
1767175175.571238,-5,3,-110
1767175175.5812385,-3,1,-114
1767175175.5912385,-1,2,-113
1767175175.6012385,0,2,-119
1767175175.6112382,-2,-1,-111
1767175175.6212382,-2,1,-108
1767175175.6312382,0,5,-109
1767175175.6412382,-1,5,-110
1767175175.6512382,0,0,-105
1767175175.6612382,4,-2,-106
1767175175.6712382,1,-3,-110
1767175175.6812382,5,-2,-107
1767175175.6912382,4,-5,-109
1767175175.7012382,0,-7,-107
1767175175.711238,1,-7,-118
1767175175.721238,1,-5,-120
1767175175.731238,-4,-6,-125
1767175175.741238,-1,-8,-123
1767175175.751238,4,-9,-123
1767175175.761238,-2,-14,-120
1767175175.771238,-1,-14,-123
1767175175.781238,0,-10,-124
1767175175.791238,1,-9,-127
1767175175.801238,1,-5,-126
1767175175.811238,1,-4,-127
1767175175.821238,-1,-2,-128
1767175175.8312385,-6,-3,-121
1767175175.8412385,1,-2,-113
1767175175.8512385,5,-2,-118
1767175175.8612382,2,0,-126
1767175175.8712382,0,-4,-123
1767175175.8812382,-2,-1,-122
1767175175.8912382,0,-2,-120
1767175175.9012382,5,-2,-105
1767175175.9112382,0,-2,-110
1767175175.9212382,0,-3,-118
1767175175.9312382,-2,-1,-122
1767175175.9412382,-4,0,-121
1767175175.9512382,-1,-1,-122
1767175175.961238,0,2,-122
1767175175.971238,-1,0,-131
1767175175.981238,-1,-1,-134
1767175175.991238,-1,-3,-129
1767175176.001238,-3,-1,-124
1767175176.011238,-3,-2,-122
1767175176.021238,-2,-2,-122
1767175176.031238,-3,-5,-124
1767175176.041238,-4,-5,-119
1767175176.051238,-4,-3,-121
1767175176.061238,-5,-1,-124
1767175176.071238,-3,2,-127
1767175176.0812385,0,2,-126
1767175176.0912385,-3,5,-126
1767175176.1012385,0,8,-119
1767175176.1112382,-4,5,-122
1767175176.1212382,-4,3,-128
1767175176.1312382,-2,0,-125
1767175176.1412382,-2,0,-116
1767175176.1512382,-1,0,-119
1767175176.1612382,-3,-2,-118
1767175176.1712382,-3,0,-117
1767175176.1812382,-4,-1,-118
1767175176.1912382,0,-7,-119
1767175176.2012382,0,-6,-114
1767175176.211238,1,-8,-111
1767175176.221238,1,-8,-106
1767175176.231238,1,-7,-113
1767175176.241238,2,-7,-115
1767175176.251238,0,-9,-113
1767175176.261238,0,-4,-113
1767175176.271238,-1,-4,-122
1767175176.281238,1,-4,-121
1767175176.291238,0,-3,-122
1767175176.301238,6,-7,-124
1767175176.311238,7,-10,-119
1767175176.321238,9,-11,-119
1767175176.3312385,4,-7,-119
1767175176.3412385,3,-3,-123
1767175176.3512385,5,-4,-122
1767175176.3612382,6,-4,-115
1767175176.3712382,4,-6,-110
1767175176.3812382,4,-8,-109
1767175176.3912382,3,-6,-108
1767175176.4012382,7,-4,-118
1767175176.4112382,5,-7,-120
1767175176.4212382,6,-4,-124
1767175176.4312382,0,0,-118
1767175176.4412382,2,-3,-118
1767175176.4512382,1,-3,-115
1767175176.461238,2,-4,-117
1767175176.471238,0,-6,-117
1767175176.481238,-3,-7,-118
1767175176.491238,-3,-10,-119
1767175176.501238,-2,-8,-121
1767175176.511238,-3,-8,-121
1767175176.521238,-8,-6,-125
1767175176.531238,-5,0,-127
1767175176.541238,-4,0,-131
1767175176.551238,-3,1,-130
1767175176.561238,0,4,-132
1767175176.571238,0,1,-126
1767175176.5812385,-4,2,-120
1767175176.5912385,-6,1,-119
1767175176.6012385,-2,4,-119
1767175176.6112382,-2,4,-129
1767175176.6212382,-4,2,-128
1767175176.6312382,-3,1,-126
1767175176.6412382,-8,0,-126
1767175176.6512382,-6,2,-129
1767175176.6612382,-3,1,-121
1767175176.6712382,-3,4,-117
1767175176.6812382,-2,1,-112
1767175176.6912382,-3,-1,-108
1767175176.7012382,0,-1,-108
1767175176.711238,-1,-5,-113
1767175176.721238,-2,-1,-116
1767175176.731238,-4,1,-116
1767175176.741238,-3,0,-120
1767175176.751238,0,4,-117
1767175176.761238,0,5,-117
1767175176.771238,0,4,-112
1767175176.781238,1,3,-115
1767175176.791238,0,0,-114
1767175176.801238,-2,0,-119
1767175176.811238,-5,-3,-120
1767175176.821238,-6,-2,-116
1767175176.8312385,-7,-4,-111
1767175176.8412385,-7,-5,-113
1767175176.8512385,-7,-5,-111
1767175176.8612382,-1,-4,-113
1767175176.8712382,4,-3,-114
1767175176.8812382,4,-2,-112
1767175176.8912382,10,-3,-116
1767175176.9012382,8,-2,-112
1767175176.9112382,9,-6,-112
1767175176.9212382,4,-5,-120
1767175176.9312382,3,-4,-129
1767175176.9412382,8,-6,-125
1767175176.9512382,6,-3,-123
1767175176.961238,3,-3,-124
1767175176.971238,2,-8,-124
1767175176.981238,3,-9,-122
1767175176.991238,2,-7,-121
1767175177.001238,3,-8,-123
1767175177.011238,0,-10,-123
1767175177.021238,5,-10,-128
1767175177.031238,2,-6,-134
1767175177.041238,2,-6,-132
1767175177.051238,0,-7,-125
1767175177.061238,0,-1,-128
1767175177.071238,-3,-2,-128
1767175177.0812385,-4,-3,-127
1767175177.0912385,-4,-2,-123
1767175177.1012385,-1,-5,-121
1767175177.1112382,-1,-3,-125
1767175177.1212382,1,-3,-122
1767175177.1312382,-3,-5,-125
1767175177.1412382,-1,0,-129
1767175177.1512382,-2,-1,-122
1767175177.1612382,0,-4,-120
1767175177.1712382,-3,-4,-121
1767175177.1812382,-5,-1,-115
1767175177.1912382,-1,-5,-117
1767175177.2012382,2,-6,-116
1767175177.211238,3,-4,-110
1767175177.221238,2,-5,-110
1767175177.231238,1,-6,-114
1767175177.241238,-2,0,-115
1767175177.251238,-2,-2,-118
1767175177.261238,0,-4,-123
1767175177.271238,0,-2,-126
1767175177.281238,3,1,-129
1767175177.291238,1,0,-129
1767175177.301238,1,2,-123
1767175177.311238,3,-1,-120
1767175177.321238,-1,0,-121
1767175177.3312385,3,-1,-120
1767175177.3412385,5,-6,-121
1767175177.3512385,4,-10,-127
1767175177.3612382,1,-11,-127
1767175177.3712382,1,-8,-129
1767175177.3812382,3,-6,-126
1767175177.3912382,1,-8,-128
1767175177.4012382,-2,-6,-124
1767175177.4112382,-4,-2,-117
1767175177.4212382,-1,-2,-121
1767175177.4312382,-6,0,-116
1767175177.4412382,-9,-1,-121
1767175177.4512382,-14,-1,-119
1767175177.461238,-10,-3,-113
1767175177.471238,-7,0,-107
1767175177.481238,-3,3,-109
1767175177.491238,2,0,-106
1767175177.501238,0,-1,-107
1767175177.511238,0,0,-111
1767175177.521238,4,-2,-108
1767175177.531238,4,1,-110
1767175177.541238,8,0,-113
1767175177.551238,8,-3,-112
1767175177.561238,4,-9,-113
1767175177.571238,2,-9,-110
1767175177.5812385,0,-11,-113
1767175177.5912385,0,-13,-110
1767175177.6012385,-5,-11,-113
1767175177.6112382,-6,-11,-113
1767175177.6212382,-1,-11,-106
1767175177.6312382,2,-11,-117
1767175177.6412382,0,-8,-119
1767175177.6512382,-4,-10,-125
1767175177.6612382,1,-7,-122
1767175177.6712382,0,-8,-114
1767175177.6812382,-1,-10,-116
1767175177.6912382,-1,-6,-110
1767175177.7012382,-2,-5,-109
1767175177.711238,-2,-2,-110
1767175177.721238,-6,-2,-111
1767175177.731238,-7,-1,-114
1767175177.741238,-8,-2,-112
1767175177.751238,-10,0,-110
1767175177.761238,-8,0,-110
1767175177.771238,-6,-5,-113
1767175177.781238,-6,-1,-117
1767175177.791238,-5,2,-115
1767175177.801238,-6,0,-110
1767175177.811238,-7,-4,-109
1767175177.821238,-4,-3,-110
1767175177.8312385,-6,-2,-120
1767175177.8412385,-8,-6,-117
1767175177.8522382,-4,-4,-111
1767175177.8612382,-4,-6,-112
1767175177.8712382,-2,-4,-112
1767175177.882238,1,-4,-116
1767175177.892238,3,-1,-121
1767175177.902238,-2,-1,-121
1767175177.912238,-5,1,-120
1767175177.922238,-4,-1,-119
1767175177.932238,0,4,-113
1767175177.942238,2,1,-113
1767175177.952238,4,2,-112
1767175177.962238,0,1,-114
1767175177.972238,-1,0,-113
1767175177.982238,-2,0,-113
1767175177.992238,0,-6,-117
1767175178.002238,0,-6,-121
1767175178.0122385,-3,-1,-125
1767175178.0222385,1,-1,-117
1767175178.0322382,0,-2,-116
1767175178.0422382,-2,-3,-116
1767175178.0522382,-3,-3,-113
1767175178.0622382,-2,-6,-113
1767175178.0722382,-1,-5,-118
1767175178.0822382,0,-3,-116
1767175178.0922382,0,-2,-119
1767175178.1022382,0,-3,-115
1767175178.1122382,-3,-4,-120
1767175178.1222382,0,-3,-121
1767175178.132238,-1,-3,-121
1767175178.142238,1,-3,-123
1767175178.152238,-1,-4,-121
1767175178.162238,-1,-5,-116
1767175178.172238,-2,-6,-117
1767175178.182238,-5,-2,-122
1767175178.192238,-4,0,-125
1767175178.202238,-1,-1,-122
1767175178.212238,-5,0,-121
1767175178.222238,-1,-1,-121
1767175178.232238,4,-1,-120
1767175178.242238,1,-4,-117
1767175178.252238,0,1,-117
1767175178.2622385,-1,2,-122
1767175178.2722385,-3,2,-127
1767175178.2822382,-5,3,-127
1767175178.2922382,-8,5,-135
1767175178.3022382,-6,5,-139
1767175178.3122382,-1,1,-134
1767175178.3222382,0,3,-131
1767175178.3322382,-3,4,-135
1767175178.3422382,-2,2,-134
1767175178.3522382,0,3,-135
1767175178.3622382,-1,4,-134
1767175178.3722382,5,3,-134
1767175178.382238,5,1,-127
1767175178.392238,0,-1,-125
1767175178.402238,0,-1,-126
1767175178.412238,0,1,-123
1767175178.422238,-2,0,-124
1767175178.432238,0,2,-117
1767175178.442238,-1,1,-117
1767175178.452238,-3,1,-114
1767175178.462238,0,-3,-115
1767175178.472238,0,-2,-122
1767175178.482238,0,-2,-125
1767175178.492238,-1,-4,-128
1767175178.502238,-2,0,-125
1767175178.5122385,0,-3,-118
1767175178.5222385,1,-2,-120
1767175178.5322382,5,-2,-119
1767175178.5422382,1,0,-112
1767175178.5522382,1,-4,-110
1767175178.5622382,3,-6,-107
1767175178.5722382,0,-8,-112
1767175178.5822382,4,-4,-106
1767175178.5922382,2,-4,-108
1767175178.6022382,-1,-5,-114
1767175178.6122382,0,-4,-112
1767175178.6222382,-3,-9,-115
1767175178.632238,-6,-7,-110
1767175178.642238,-4,-3,-108
1767175178.652238,-8,-3,-109
1767175178.662238,-2,0,-111
1767175178.672238,4,-2,-116
1767175178.682238,1,0,-113
1767175178.692238,-2,1,-115
1767175178.702238,-2,4,-118
1767175178.712238,0,0,-119
1767175178.722238,5,0,-113
1767175178.732238,5,2,-111
1767175178.742238,0,5,-111
1767175178.752238,4,4,-112
1767175178.7622385,5,4,-114
1767175178.7722385,3,1,-115
1767175178.7822382,3,0,-113
1767175178.7922382,-3,-7,-114
1767175178.8022382,-9,-9,-121
1767175178.8122382,-8,-4,-125
1767175178.8222382,-4,-4,-126
1767175178.8322382,-3,-9,-129
1767175178.8422382,-6,-9,-128
1767175178.8522382,-2,-8,-126
1767175178.8622382,-4,-5,-128
1767175178.8722382,-6,-4,-128
1767175178.882238,-4,-5,-125
1767175178.892238,-4,-8,-121
1767175178.902238,-4,-7,-121
1767175178.912238,-1,-2,-117
1767175178.922238,0,-2,-121
1767175178.932238,1,-4,-120
1767175178.942238,3,-3,-119
1767175178.952238,-1,-2,-121
1767175178.962238,-3,-2,-125
1767175178.972238,-1,-3,-127
1767175178.982238,0,-6,-122
1767175178.992238,1,-4,-122
1767175179.002238,1,-6,-124
1767175179.0132382,0,-6,-131
1767175179.0222385,-1,-5,-125
1767175179.0322382,0,1,-117
1767175179.0422382,-2,2,-115
1767175179.0522382,0,2,-116
1767175179.0622382,0,1,-114
1767175179.0722382,0,0,-109
1767175179.0822382,1,0,-116
1767175179.0922382,0,0,-119
1767175179.1022382,1,1,-122
1767175179.1122382,0,0,-126
1767175179.1222382,2,-1,-130
1767175179.132238,2,-2,-127
1767175179.142238,3,-2,-120
1767175179.152238,-2,-2,-119
1767175179.162238,-2,1,-122
1767175179.172238,2,4,-120
1767175179.182238,7,2,-121
1767175179.192238,10,1,-125
1767175179.202238,9,0,-123
1767175179.212238,0,-1,-123
1767175179.222238,1,-3,-127
1767175179.232238,0,1,-130
1767175179.242238,-2,3,-130
1767175179.252238,3,7,-131
1767175179.2622385,2,5,-126
1767175179.2722385,-1,1,-128
1767175179.2822382,-4,-3,-126
1767175179.2922382,-3,-1,-114
1767175179.3022382,-2,0,-107
1767175179.3122382,2,0,-111
1767175179.3222382,5,2,-113
1767175179.3322382,6,2,-108
1767175179.3422382,6,1,-110
1767175179.3522382,0,-1,-116
1767175179.3622382,3,0,-124
1767175179.3722382,3,-1,-125
1767175179.382238,0,0,-119
1767175179.392238,-4,-2,-117
1767175179.402238,-5,-3,-119
1767175179.412238,-6,-4,-119
1767175179.422238,-6,-1,-119
1767175179.432238,-3,0,-128
1767175179.442238,0,-2,-135
1767175179.452238,-2,-1,-131
1767175179.462238,-6,0,-122
1767175179.472238,-5,2,-123
1767175179.482238,-3,3,-124
1767175179.492238,-1,1,-119
1767175179.502238,-4,-3,-117
1767175179.5122385,-1,-4,-114
1767175179.5222385,-2,-4,-120
1767175179.5322382,0,-4,-119
1767175179.5422382,-1,-5,-121
1767175179.5522382,1,-2,-121
1767175179.5622382,-1,-3,-119
1767175179.5722382,0,-1,-110
1767175179.5822382,2,-5,-108
1767175179.5922382,0,-6,-113
1767175179.6022382,-1,-3,-118
1767175179.6122382,-2,-4,-116
1767175179.6222382,-1,-5,-120
1767175179.632238,-1,-8,-121
1767175179.642238,1,-10,-122
1767175179.652238,1,-9,-119
1767175179.662238,5,-5,-121
1767175179.672238,5,-3,-118
1767175179.682238,6,0,-123
1767175179.692238,6,-1,-123
1767175179.702238,6,-4,-122
1767175179.712238,7,-8,-121
1767175179.722238,6,-6,-123
1767175179.732238,4,-10,-120
1767175179.742238,7,-5,-121
1767175179.752238,8,-1,-128
1767175179.7622385,1,-5,-131
1767175179.7722385,-1,-2,-131
1767175179.7822382,2,-2,-131
1767175179.7922382,3,-4,-117
1767175179.8022382,6,-2,-116
1767175179.8122382,0,-2,-125
1767175179.8222382,-1,-1,-124
1767175179.8322382,-1,0,-114
1767175179.8422382,-1,-5,-119
1767175179.8522382,0,-3,-117
1767175179.8622382,-1,-1,-109
1767175179.8722382,-5,3,-109
1767175179.882238,-6,4,-110
1767175179.892238,-10,-2,-107
1767175179.902238,-10,1,-106
1767175179.912238,-7,1,-108
1767175179.922238,-6,1,-114
1767175179.9442382,-6,-1,-122
1767175179.952238,-7,0,-120
1767175179.962238,-5,0,-118
1767175179.972238,-3,0,-118
1767175179.982238,-1,0,-114
1767175179.992238,1,0,-110
1767175180.002238,0,2,-113
1767175180.0122385,3,5,-115
1767175180.0222385,4,2,-113
1767175180.0322382,0,1,-116
1767175180.0422382,0,0,-112
1767175180.0522382,-2,3,-111
1767175180.0622382,-5,0,-116
1767175180.0722382,-6,0,-119
1767175180.0822382,-2,0,-120
1767175180.0922382,1,3,-119
1767175180.1022382,2,4,-122
1767175180.1122382,0,3,-119
1767175180.1222382,-3,-1,-119
1767175180.132238,-4,0,-113
1767175180.142238,-2,-3,-113
1767175180.152238,-5,-1,-111
1767175180.162238,-4,-2,-109
1767175180.172238,-2,0,-109
1767175180.182238,-3,-1,-113
1767175180.192238,-1,-5,-112
1767175180.202238,0,-6,-110
1767175180.212238,0,-7,-113
1767175180.222238,3,-4,-118
1767175180.232238,4,-3,-120
1767175180.242238,9,-2,-115
1767175180.252238,8,-1,-108
1767175180.2622385,9,-1,-107
1767175180.2722385,7,-3,-105
1767175180.2822382,2,-6,-105
1767175180.2922382,1,-4,-113
1767175180.3022382,5,-5,-120
1767175180.3122382,6,-4,-122
1767175180.3222382,8,-4,-128
1767175180.3322382,5,-1,-125
1767175180.3422382,3,0,-129
1767175180.3522382,4,0,-119
1767175180.3622382,6,0,-112
1767175180.3722382,3,3,-119
1767175180.382238,-1,0,-123
1767175180.392238,-4,2,-113
1767175180.402238,-5,3,-107
1767175180.412238,-2,3,-108
1767175180.422238,-4,6,-116
1767175180.432238,-4,6,-116
1767175180.442238,-5,9,-117
1767175180.452238,-7,9,-116
1767175180.462238,-2,7,-116
1767175180.472238,-5,6,-121
1767175180.482238,-9,5,-127
1767175180.492238,-6,4,-122
1767175180.502238,-6,2,-114
1767175180.5122385,-8,2,-121
1767175180.5222385,-7,0,-125
1767175180.5332382,-6,0,-123
1767175180.5432382,-2,0,-119
1767175180.5532382,-2,2,-123
1767175180.5622382,-4,-2,-115
1767175180.573238,0,-4,-118
1767175180.583238,5,-4,-122
1767175180.593238,5,-7,-126
1767175180.603238,4,-6,-126
1767175180.613238,4,0,-130
1767175180.623238,3,0,-131
1767175180.633238,3,2,-130
1767175180.643238,1,1,-134
1767175180.653238,0,4,-138
1767175180.663238,0,0,-133
1767175180.673238,-1,-2,-125
1767175180.6832385,0,-4,-115
1767175180.6932385,0,-4,-115
1767175180.7032382,-9,-4,-120
1767175180.7132382,-11,-5,-125
1767175180.7232382,-10,-5,-131
1767175180.7332382,-7,-2,-125
1767175180.7432382,-3,-1,-120
1767175180.754238,-2,-1,-116
1767175180.7632382,0,-2,-113
1767175180.7732382,-2,0,-117
1767175180.7832382,-1,4,-121
1767175180.7932382,0,1,-113
1767175180.8032382,1,0,-116
1767175180.813238,1,-1,-128
1767175180.823238,3,-3,-127
1767175180.833238,0,-6,-127
1767175180.843238,-3,-7,-128
1767175180.853238,0,-9,-125
1767175180.863238,0,-10,-121
1767175180.873238,-2,-10,-118
1767175180.883238,-1,-3,-123
1767175180.893238,-1,0,-123
1767175180.903238,3,-2,-124
1767175180.913238,4,0,-127
1767175180.923238,4,1,-123
1767175180.9332385,5,0,-126
1767175180.9432385,3,0,-123
1767175180.9532382,-1,-2,-126
1767175180.9632382,-3,2,-126
1767175180.9732382,0,0,-122
1767175180.9832382,-1,0,-121
1767175180.9932382,-3,1,-124
1767175181.0032382,0,0,-122
1767175181.0132382,0,-5,-119
1767175181.0232382,0,-7,-118
1767175181.0332382,2,-2,-119
1767175181.0432382,3,-4,-120
1767175181.0532382,5,-6,-121
1767175181.063238,4,-5,-123
1767175181.073238,0,-5,-128
1767175181.083238,-1,-1,-127
1767175181.093238,-1,-3,-129
1767175181.103238,-3,-5,-126
1767175181.113238,0,-5,-121
1767175181.123238,0,-3,-129
1767175181.133238,-5,-5,-129
1767175181.143238,-3,-5,-127
1767175181.153238,-4,-1,-124
1767175181.163238,-2,-1,-126
1767175181.173238,-4,2,-126
1767175181.1832385,-7,0,-130
1767175181.1932385,-6,1,-123
1767175181.2032382,-5,0,-122
1767175181.2132382,0,-1,-123
1767175181.2232382,1,-1,-122
1767175181.2332382,5,2,-125
1767175181.2432382,5,4,-121
1767175181.2532382,6,4,-122
1767175181.2632382,1,3,-127
1767175181.2732382,1,0,-122
1767175181.2832382,0,1,-122
1767175181.2932382,3,1,-123
1767175181.3032382,0,0,-125
1767175181.313238,2,-2,-139
1767175181.323238,0,-1,-136
1767175181.333238,-2,-1,-136
1767175181.343238,-6,-6,-134
1767175181.353238,-7,-7,-134
1767175181.363238,-11,-8,-132
1767175181.373238,-8,-7,-129
1767175181.383238,-3,-3,-121
1767175181.393238,-2,-1,-121
1767175181.403238,1,-1,-125
1767175181.413238,2,3,-119
1767175181.423238,2,4,-116
1767175181.4332385,2,4,-116
1767175181.4432385,0,2,-114
1767175181.4532382,4,0,-107
1767175181.4632382,8,-2,-111
1767175181.4732382,8,-4,-115
1767175181.4832382,6,0,-115
1767175181.4932382,1,2,-117
1767175181.5032382,3,2,-121
1767175181.5132382,2,2,-123
1767175181.5232382,2,0,-124
1767175181.5332382,0,0,-122
1767175181.5432382,-4,1,-118
1767175181.5532382,-3,-1,-115
1767175181.563238,-1,0,-118
1767175181.573238,-3,-3,-119
1767175181.583238,-4,-6,-121
1767175181.593238,-5,-4,-124
1767175181.603238,0,2,-125
1767175181.613238,-1,2,-120
1767175181.623238,-2,-3,-121
1767175181.633238,-3,0,-121
1767175181.643238,-1,0,-115
1767175181.653238,4,-2,-112
1767175181.663238,2,-3,-117
1767175181.673238,-4,-5,-123
1767175181.6832385,-2,0,-122
1767175181.6932385,0,0,-124
1767175181.7032382,0,0,-121
1767175181.7132382,-2,2,-115
1767175181.7232382,-3,1,-114
1767175181.7332382,-6,1,-113
1767175181.7432382,0,3,-116
1767175181.7532382,-3,2,-116
1767175181.7632382,0,4,-117
1767175181.7732382,-1,3,-126
1767175181.7832382,-5,2,-127
1767175181.7932382,-6,-1,-116
1767175181.8032382,-6,0,-120
1767175181.813238,-5,-1,-128
1767175181.823238,-1,-3,-123
1767175181.833238,0,-3,-122
1767175181.843238,-2,-6,-117
1767175181.853238,-1,-6,-118
1767175181.863238,2,-4,-122
1767175181.873238,0,0,-126
1767175181.883238,0,2,-121
1767175181.893238,3,-3,-122
1767175181.903238,-1,-4,-122
1767175181.913238,-2,-6,-122
1767175181.923238,0,-7,-123
1767175181.9332385,1,-7,-121
1767175181.9432385,3,-9,-123
1767175181.9532382,2,-7,-122
1767175181.9632382,2,-7,-117
1767175181.9732382,1,-11,-118
1767175181.9832382,-3,-10,-116
1767175181.9932382,-2,-7,-117
1767175182.0032382,-1,-2,-123
1767175182.0132382,3,0,-118
1767175182.0232382,3,2,-116
1767175182.0332382,3,2,-121
1767175182.0432382,2,0,-124
1767175182.0532382,4,-1,-126
1767175182.063238,3,-1,-121
1767175182.073238,9,-3,-119
1767175182.083238,5,-5,-123
1767175182.093238,1,-9,-126
1767175182.103238,2,-13,-129
1767175182.113238,0,-8,-129
1767175182.123238,-6,-6,-129
1767175182.133238,-5,-4,-127
1767175182.143238,-2,-3,-122
1767175182.153238,-3,0,-121
1767175182.163238,-3,-1,-121
1767175182.173238,0,-4,-120
1767175182.1832385,-1,2,-121
1767175182.1932385,-3,2,-121
1767175182.2032382,-5,4,-125
1767175182.2132382,-7,4,-122
1767175182.2232382,-6,4,-122
1767175182.2332382,-1,0,-122
1767175182.2432382,4,0,-116
1767175182.2532382,8,2,-122
1767175182.2632382,9,1,-124
1767175182.2732382,3,0,-121
1767175182.2832382,3,2,-114
1767175182.2932382,5,3,-109
1767175182.3032382,5,-1,-106
1767175182.313238,-2,-1,-108
1767175182.323238,-1,0,-117
1767175182.333238,0,3,-122
1767175182.343238,2,-2,-121
1767175182.353238,5,0,-121
1767175182.363238,2,1,-122
1767175182.373238,2,0,-122
1767175182.383238,6,-1,-118
1767175182.393238,2,-3,-121
1767175182.403238,2,-3,-125
1767175182.413238,1,-1,-126
1767175182.423238,-2,-1,-121
1767175182.4332385,-2,-8,-126
1767175182.4432385,-3,-9,-127
1767175182.4532382,-2,-4,-124
1767175182.4632382,-1,-4,-126
1767175182.4732382,-1,-9,-123
1767175182.4832382,1,-5,-121
1767175182.4932382,2,-2,-120
1767175182.5032382,-1,1,-119
1767175182.5132382,0,0,-120
1767175182.5232382,0,4,-125
1767175182.5332382,-2,5,-128
1767175182.5432382,-2,9,-127
1767175182.5532382,-4,7,-123
1767175182.563238,-2,9,-126
1767175182.573238,0,5,-120
1767175182.583238,1,4,-123
1767175182.593238,0,0,-121
1767175182.603238,-1,-1,-122
1767175182.613238,-6,0,-121
1767175182.623238,-5,-1,-114
1767175182.633238,-5,-2,-113
1767175182.643238,2,-2,-114
1767175182.653238,3,-7,-117
1767175182.663238,4,-4,-118
1767175182.673238,2,-5,-119
1767175182.6832385,-1,-8,-119
1767175182.6932385,-3,-8,-125
1767175182.7032382,-5,-6,-122
1767175182.7132382,-6,-5,-119
1767175182.7232382,-3,-5,-119
1767175182.7332382,-3,-2,-114
1767175182.7432382,3,-3,-113
1767175182.7532382,1,-5,-117
1767175182.7632382,1,-6,-113
1767175182.7732382,-3,-7,-115
1767175182.7832382,-2,-5,-111
1767175182.7932382,1,-2,-115
1767175182.8032382,1,-1,-120
1767175182.813238,3,-1,-121
1767175182.823238,7,-2,-124
1767175182.833238,4,-3,-121
1767175182.843238,2,-5,-121
1767175182.853238,2,-4,-116
1767175182.863238,5,-6,-109
1767175182.873238,3,-6,-110
1767175182.883238,0,-3,-109
1767175182.893238,3,-4,-115
1767175182.903238,2,-6,-115
1767175182.913238,5,-6,-112
1767175182.923238,4,-7,-111
1767175182.9332385,5,-7,-118
1767175182.9432385,2,-9,-120
1767175182.9532382,1,-11,-122
1767175182.9632382,4,-13,-122
1767175182.9732382,2,-12,-125
1767175182.9832382,1,-8,-115
1767175182.9932382,2,-8,-110
1767175183.0032382,2,-5,-109
1767175183.0132382,1,-3,-112
1767175183.0232382,0,-4,-118
1767175183.0332382,1,-6,-117
1767175183.0432382,5,-1,-113
1767175183.0532382,-1,0,-114
1767175183.063238,-1,0,-111
1767175183.073238,0,1,-118
1767175183.083238,3,-1,-118
1767175183.093238,1,0,-124
1767175183.103238,1,-2,-130
1767175183.113238,1,-2,-126
1767175183.123238,3,-1,-126
1767175183.133238,0,1,-122
1767175183.143238,-4,0,-118
1767175183.153238,-5,-2,-115
1767175183.163238,-4,-1,-120
1767175183.173238,-9,-1,-122
1767175183.1832385,-4,0,-129
1767175183.1932385,-2,0,-127
1767175183.2032382,3,-3,-124
1767175183.2132382,1,-4,-127
1767175183.2242382,-2,-5,-126
1767175183.234238,-5,-7,-123
1767175183.244238,0,-10,-127
1767175183.254238,0,-10,-130
1767175183.264238,0,-8,-133
1767175183.274238,-2,-7,-135
1767175183.284238,-2,-8,-130
1767175183.294238,-9,-11,-131
1767175183.304238,-7,-13,-126
1767175183.314238,-1,-13,-123
1767175183.324238,-2,-6,-121
1767175183.334238,-4,-5,-125
1767175183.344238,-7,-6,-131
1767175183.3542385,-12,-4,-127
1767175183.3642385,-11,-1,-125
1767175183.3742385,-9,-3,-123
1767175183.3842382,-7,-5,-121
1767175183.3942382,-7,-5,-114
1767175183.4042382,-2,-3,-112
1767175183.4142382,-1,0,-116
1767175183.4242382,0,4,-111
1767175183.4342382,-4,1,-108
1767175183.4442382,0,0,-113
1767175183.4542382,-4,-1,-119
1767175183.4642382,-4,-2,-117
1767175183.4742382,-6,-1,-124
1767175183.484238,-7,-1,-118
1767175183.494238,-7,-1,-119
1767175183.504238,-4,3,-124
1767175183.514238,-1,1,-128
1767175183.524238,-1,2,-120
1767175183.534238,-2,2,-119
1767175183.544238,2,1,-119
1767175183.554238,-3,0,-118
1767175183.564238,-7,-4,-111
1767175183.574238,-3,-7,-112
1767175183.584238,0,-1,-116
1767175183.594238,0,1,-112
1767175183.6042385,0,1,-108
1767175183.6142385,-1,0,-112
1767175183.6242385,-2,2,-114
1767175183.6342382,0,2,-113
1767175183.6442382,0,-1,-114
1767175183.6542382,1,-4,-123
1767175183.6642382,2,-5,-119
1767175183.6742382,4,-4,-119
1767175183.6842382,5,-6,-122
1767175183.6942382,-1,0,-126
1767175183.7042382,-1,-1,-124
1767175183.7142382,2,0,-111
1767175183.7242382,0,0,-118
1767175183.734238,0,2,-117
1767175183.744238,1,3,-121
1767175183.754238,-2,2,-120
1767175183.764238,-3,0,-126
1767175183.774238,-1,0,-125
1767175183.784238,0,0,-126
1767175183.794238,0,-2,-123
1767175183.804238,-1,-1,-122
1767175183.814238,-2,0,-121
1767175183.824238,1,0,-124
1767175183.834238,-1,2,-125
1767175183.844238,-4,0,-125
1767175183.8542385,-1,-3,-118
1767175183.8642385,-8,-4,-114
1767175183.8742385,-4,-4,-117
1767175183.8842382,-4,-3,-117
1767175183.8942382,-3,-6,-117
1767175183.9042382,-5,-5,-113
1767175183.9142382,-3,-4,-123
1767175183.9242382,-6,-4,-122
1767175183.9342382,-7,-5,-124
1767175183.9442382,-7,-2,-125
1767175183.9542382,0,0,-122
1767175183.9642382,-2,-1,-119
1767175183.9742382,0,0,-119
1767175183.984238,0,-1,-119
1767175183.994238,0,0,-111
1767175184.004238,-1,-2,-114
1767175184.014238,0,0,-118
1767175184.024238,-2,6,-118
1767175184.034238,0,7,-120
1767175184.044238,2,8,-117
1767175184.054238,6,6,-122
1767175184.064238,5,0,-119
1767175184.074238,2,0,-116
1767175184.084238,-1,-3,-115
1767175184.094238,2,-7,-114
1767175184.1042385,7,-9,-115
1767175184.1142385,6,-9,-113
1767175184.1242385,5,-5,-114
1767175184.1342382,0,-5,-118
1767175184.1442382,2,-5,-118
1767175184.1542382,2,-4,-114
1767175184.1642382,1,-3,-121
1767175184.1742382,2,-3,-118
1767175184.1842382,3,0,-119
1767175184.1942382,-1,-2,-116
1767175184.2042382,-2,-7,-119
1767175184.2142382,0,-9,-123
1767175184.2242382,3,-10,-118
1767175184.234238,2,-9,-119
1767175184.244238,2,-9,-119
1767175184.254238,3,-8,-129
1767175184.264238,5,-5,-131
1767175184.274238,-1,-3,-130
1767175184.284238,-2,-3,-122
1767175184.294238,-1,-3,-121
1767175184.304238,0,-2,-123
1767175184.314238,-6,-1,-118
1767175184.324238,-6,0,-119
1767175184.334238,-7,-1,-121
1767175184.344238,-3,0,-120
1767175184.3542385,-6,-2,-122
1767175184.3642385,-6,-2,-119
1767175184.3742385,-7,-1,-118
1767175184.3842382,-2,-2,-119
1767175184.3942382,-1,-1,-120
1767175184.4042382,1,0,-120
1767175184.4142382,-1,0,-121
1767175184.4242382,0,-2,-119
1767175184.4342382,0,-6,-121
1767175184.4442382,-1,-5,-120
1767175184.4542382,-2,-5,-121
1767175184.4642382,-2,0,-124
1767175184.4742382,-2,-2,-124
1767175184.484238,-6,0,-124
1767175184.494238,-3,0,-131
1767175184.504238,-2,1,-131
1767175184.514238,5,3,-129
1767175184.524238,4,0,-127
1767175184.534238,1,1,-128
1767175184.544238,0,0,-129
1767175184.554238,2,-2,-134
1767175184.564238,2,0,-135
1767175184.574238,0,-3,-130
1767175184.584238,1,-6,-124
1767175184.594238,1,-4,-118
1767175184.6042385,3,-2,-114
1767175184.6142385,3,-1,-111
1767175184.6242385,6,0,-115
1767175184.6342382,7,4,-114
1767175184.6442382,3,4,-118
1767175184.6542382,0,4,-116
1767175184.6642382,0,6,-115
1767175184.6742382,1,3,-116
1767175184.6842382,0,2,-114
1767175184.6942382,-1,-1,-109
1767175184.7042382,-1,-2,-106
1767175184.7142382,0,-2,-110
1767175184.7242382,0,-1,-118
1767175184.734238,0,0,-115
1767175184.744238,0,3,-116
1767175184.754238,-2,4,-116
1767175184.764238,-1,6,-122
1767175184.774238,-1,2,-120
1767175184.784238,-5,2,-119
1767175184.794238,0,2,-122
1767175184.804238,4,-3,-125
1767175184.814238,2,4,-124
1767175184.824238,0,1,-129
1767175184.834238,-3,-1,-127
1767175184.844238,-1,0,-134
1767175184.8542385,-3,-4,-126
1767175184.8642385,-2,-4,-127
1767175184.8742385,-1,-5,-122
1767175184.8842382,1,-5,-123
1767175184.8942382,2,-5,-128
1767175184.9042382,1,-4,-122
1767175184.9142382,-2,-2,-127
1767175184.9242382,-5,-6,-131
1767175184.9342382,-2,-3,-130
1767175184.9562385,-2,1,-116
1767175184.9642382,2,0,-119
1767175184.9742382,1,-4,-122
1767175184.984238,0,-4,-121
1767175184.994238,-1,-4,-116
1767175185.004238,0,-4,-117
1767175185.014238,5,-6,-120
1767175185.024238,7,-5,-120
1767175185.034238,4,-1,-114
1767175185.044238,0,-1,-115
1767175185.054238,0,-2,-118
1767175185.064238,2,-4,-114
1767175185.074238,-1,-6,-109
1767175185.084238,0,-3,-106
1767175185.094238,0,-6,-115
1767175185.1042385,6,-1,-121
1767175185.1142385,8,-2,-120
1767175185.1242385,10,-4,-121
1767175185.1342382,10,-6,-113
1767175185.1442382,3,-5,-119
1767175185.1542382,-3,-6,-117
1767175185.1642382,-2,-5,-119
1767175185.1742382,-1,-2,-122
1767175185.1842382,-2,-2,-125
1767175185.1942382,0,-3,-124
1767175185.2042382,0,-5,-122
1767175185.2142382,3,-5,-124
1767175185.2242382,6,-4,-116
1767175185.234238,5,-2,-115
1767175185.244238,5,0,-113
1767175185.254238,1,-4,-118
1767175185.264238,3,-1,-121
1767175185.274238,2,-1,-122
1767175185.284238,4,-1,-122
1767175185.294238,1,-2,-120
1767175185.304238,0,-1,-116
1767175185.314238,2,-5,-114
1767175185.324238,3,-4,-118
1767175185.334238,7,-6,-121
1767175185.344238,1,-8,-118
1767175185.3542385,-2,-5,-114
1767175185.3642385,-2,-6,-117
1767175185.3742385,0,-8,-118
1767175185.3842382,0,-4,-121
1767175185.3942382,-1,-7,-115
1767175185.4042382,4,0,-115
1767175185.4142382,2,1,-115
1767175185.4242382,1,2,-121
1767175185.4342382,0,3,-123
1767175185.4442382,-2,2,-120
1767175185.4542382,-2,2,-116
1767175185.4642382,0,0,-119
1767175185.4742382,0,0,-123
1767175185.484238,0,-3,-124
1767175185.494238,-3,-3,-120
1767175185.504238,-4,2,-114
1767175185.514238,-4,-1,-109
1767175185.524238,-1,-1,-107
1767175185.534238,3,5,-107
1767175185.544238,6,3,-115
1767175185.554238,8,-2,-120
1767175185.564238,9,-6,-124
1767175185.574238,6,-4,-120
1767175185.584238,5,-3,-125
1767175185.594238,4,-6,-126
1767175185.6042385,0,-4,-121
1767175185.6142385,0,-5,-115
1767175185.6242385,0,-3,-117
1767175185.6342382,0,-5,-111
1767175185.6442382,0,-8,-114
1767175185.6542382,-3,-9,-118
1767175185.6642382,-7,-8,-123
1767175185.6742382,-8,-11,-126
1767175185.6842382,-4,-10,-128
1767175185.6942382,-3,-10,-127
1767175185.7042382,-1,-8,-119
1767175185.7142382,-3,-7,-120
1767175185.7242382,-3,-3,-122
1767175185.734238,0,-3,-122
1767175185.744238,-1,-3,-125
1767175185.754238,-2,-3,-123
1767175185.764238,-1,-1,-126
1767175185.774238,-2,-1,-128
1767175185.784238,-1,-1,-119
1767175185.794238,-4,-5,-120
1767175185.804238,-4,-7,-121
1767175185.814238,-5,-6,-126
1767175185.824238,-1,-5,-121
1767175185.834238,1,-5,-119
1767175185.844238,-1,-9,-120
1767175185.8542385,-3,-13,-125
1767175185.8642385,0,-13,-122
1767175185.8742385,2,-12,-124
1767175185.8852382,3,-8,-124
1767175185.8952382,1,-9,-119
1767175185.9052382,-1,-10,-118
1767175185.915238,0,-11,-116
1767175185.925238,-1,-10,-114
1767175185.935238,0,-9,-117
1767175185.945238,3,-8,-125
1767175185.955238,3,-10,-122
1767175185.965238,0,-13,-126
1767175185.975238,2,-11,-125
1767175185.985238,3,-8,-119
1767175185.995238,0,-7,-116
1767175186.005238,-2,-5,-119
1767175186.015238,-3,-2,-121
1767175186.025238,-3,-4,-122
1767175186.0352385,-8,-5,-128
1767175186.0452385,-10,-5,-121
1767175186.0552382,-6,-6,-117
1767175186.0652382,-5,-6,-117
1767175186.0752382,-5,-3,-115
1767175186.0852382,-3,0,-109
1767175186.0952382,-2,-2,-111
1767175186.1052382,-5,0,-117
1767175186.1152382,0,-1,-117
1767175186.1252382,-4,-2,-118
1767175186.1352382,-4,-3,-119
1767175186.1452382,0,0,-120
1767175186.1552382,1,0,-130
1767175186.165238,1,-3,-135
1767175186.175238,1,-3,-129
1767175186.185238,-3,-2,-121
1767175186.195238,-2,0,-122
1767175186.205238,0,3,-120
1767175186.215238,4,0,-117
1767175186.225238,5,-2,-115
1767175186.235238,6,-2,-122
1767175186.245238,6,0,-118
1767175186.255238,10,-2,-121
1767175186.265238,8,-1,-117
1767175186.275238,4,-2,-122
1767175186.2852385,1,0,-123
1767175186.2952385,-1,-4,-120
1767175186.3052382,1,-7,-121
1767175186.3152382,-3,-10,-122
1767175186.3252382,0,-10,-126
1767175186.3352382,-1,-8,-128
1767175186.3452382,-3,-6,-131
1767175186.3552382,-6,-1,-129
1767175186.3652382,-4,4,-132
1767175186.3752382,0,5,-134
1767175186.386238,4,6,-132
1767175186.3952382,0,3,-122
1767175186.4052382,2,0,-120
1767175186.415238,-1,-3,-112
1767175186.425238,-3,-6,-113
1767175186.435238,-4,-10,-119
1767175186.445238,1,-11,-124
1767175186.455238,0,-7,-119
1767175186.465238,-3,-2,-115
1767175186.475238,-5,0,-114
1767175186.485238,-6,-2,-119
1767175186.495238,-4,-1,-125
1767175186.505238,-3,1,-122
1767175186.515238,-3,3,-121
1767175186.525238,-1,2,-119
1767175186.5352385,0,0,-119
1767175186.5452385,0,-5,-117
1767175186.5552382,2,0,-116
1767175186.5652382,0,1,-117
1767175186.5752382,1,2,-122
1767175186.5852382,1,-3,-120
1767175186.5952382,4,0,-122
1767175186.6052382,2,0,-123
1767175186.6152382,4,0,-126
1767175186.6252382,4,4,-128
1767175186.6352382,6,2,-122
1767175186.6452382,2,2,-114
1767175186.6552382,7,3,-113
1767175186.665238,5,-1,-118
1767175186.675238,2,0,-119
1767175186.685238,-2,-5,-120
1767175186.695238,-4,-3,-126
1767175186.705238,-3,-3,-125
1767175186.715238,-2,-7,-124
1767175186.725238,-3,-9,-122
1767175186.735238,3,-11,-118
1767175186.745238,1,-10,-118
1767175186.755238,-6,-8,-116
1767175186.765238,-8,-6,-115
1767175186.775238,-7,-8,-116
1767175186.7852385,-5,-5,-111
1767175186.7952385,-3,-9,-110
1767175186.8052382,-3,-7,-109
1767175186.8152382,-3,-4,-117
1767175186.8252382,2,-2,-118
1767175186.8352382,2,1,-117
1767175186.8452382,0,0,-122
1767175186.8552382,0,-3,-123
1767175186.8652382,-4,0,-120
1767175186.8752382,-7,-2,-117
1767175186.8852382,-4,-1,-118
1767175186.8952382,-6,-1,-119
1767175186.9052382,-5,0,-117
1767175186.915238,-1,-2,-118
1767175186.925238,-1,5,-118
1767175186.935238,1,9,-116
1767175186.945238,2,7,-118
1767175186.955238,6,6,-121
1767175186.965238,4,4,-121
1767175186.975238,0,5,-118
1767175186.985238,1,7,-121
1767175186.995238,0,5,-120
1767175187.005238,2,2,-119
1767175187.015238,4,2,-126
1767175187.025238,0,3,-124
1767175187.0352385,-1,1,-117
1767175187.0452385,-2,0,-115
1767175187.0552382,-1,-4,-119
1767175187.0652382,-4,-3,-121
1767175187.0752382,-6,0,-122
1767175187.0852382,-3,-2,-119
1767175187.0952382,-2,-3,-117
1767175187.1052382,1,-3,-122
1767175187.1152382,0,-2,-126
1767175187.1252382,-1,-3,-119
1767175187.1352382,-8,-3,-116
1767175187.1452382,-5,-4,-117
1767175187.1552382,-4,-2,-118
1767175187.165238,0,-1,-118
1767175187.175238,-4,0,-117
1767175187.185238,-2,-2,-113
1767175187.195238,-1,-8,-111
1767175187.205238,-5,-8,-105
1767175187.215238,-3,-8,-108
1767175187.225238,0,-5,-108
1767175187.235238,2,-2,-107
1767175187.245238,4,-2,-108
1767175187.255238,4,1,-107
1767175187.265238,-1,-1,-114
1767175187.275238,-2,-3,-116
1767175187.2852385,-1,-1,-117
1767175187.2952385,-2,0,-117
1767175187.3052382,-2,0,-113
1767175187.3152382,0,1,-113
1767175187.3252382,0,1,-110
1767175187.3352382,-2,0,-116
1767175187.3452382,-6,-2,-123
1767175187.3552382,-5,-2,-124
1767175187.3652382,-7,-8,-117
1767175187.3752382,-7,-6,-124
1767175187.3852382,-5,-8,-124
1767175187.3952382,-4,-5,-121
1767175187.4052382,-2,-3,-118
1767175187.415238,-3,-1,-119
1767175187.425238,-5,3,-122
1767175187.435238,-7,1,-117
1767175187.445238,-8,-4,-116
1767175187.455238,-5,-7,-114
1767175187.465238,-4,-7,-119
1767175187.475238,1,-6,-122
1767175187.485238,3,-7,-121
1767175187.495238,4,-4,-116
1767175187.505238,6,-6,-111
1767175187.515238,3,-6,-115
1767175187.525238,2,-5,-116
1767175187.5352385,1,-1,-119
1767175187.5452385,1,-3,-114
1767175187.5552382,-3,-4,-115
1767175187.5652382,5,-5,-108
1767175187.5752382,8,-8,-115
1767175187.5852382,4,-8,-117
1767175187.5952382,4,-7,-105
1767175187.6052382,5,-11,-111
1767175187.6152382,4,-10,-111
1767175187.6252382,2,-12,-113
1767175187.6352382,3,-12,-107
1767175187.6452382,4,-11,-108
1767175187.6552382,3,-9,-118
1767175187.665238,1,-7,-120
1767175187.675238,4,-2,-122
1767175187.685238,5,-1,-122
1767175187.695238,5,-2,-126
1767175187.705238,2,-2,-119
1767175187.715238,-1,-1,-117
1767175187.725238,-3,-2,-119
1767175187.735238,-1,-4,-116
1767175187.745238,-6,-4,-122
1767175187.755238,-3,-6,-120
1767175187.765238,-5,-3,-120
1767175187.775238,-7,-2,-120
1767175187.7852385,-5,0,-127
1767175187.7952385,5,3,-127
1767175187.8052382,6,0,-131
1767175187.8152382,4,0,-132
1767175187.8252382,0,7,-131
1767175187.8352382,-5,9,-133
1767175187.8452382,-3,7,-129
1767175187.8552382,-2,8,-126
1767175187.8652382,-3,7,-131
1767175187.8752382,-4,5,-129
1767175187.8852382,-5,4,-125
1767175187.8952382,1,5,-129
1767175187.9052382,1,2,-127
1767175187.915238,2,3,-128
1767175187.925238,2,6,-122
1767175187.935238,4,5,-117
1767175187.945238,3,5,-119
1767175187.955238,-1,4,-122
1767175187.965238,-5,4,-117
1767175187.975238,-4,7,-119
1767175187.985238,-3,5,-124
1767175187.995238,-2,5,-124
1767175188.005238,0,3,-123
1767175188.015238,0,1,-126
1767175188.025238,-1,-2,-126
1767175188.0352385,0,-3,-123
1767175188.0452385,0,-3,-117
1767175188.0552382,0,0,-114
1767175188.0652382,-4,0,-117
1767175188.0752382,-7,1,-118
1767175188.0852382,-1,3,-123
1767175188.0952382,1,-1,-124
1767175188.1052382,1,-4,-120
1767175188.1152382,2,-5,-113
1767175188.1252382,9,-2,-118
1767175188.1352382,9,0,-115
1767175188.1452382,5,-6,-110
1767175188.1552382,4,-7,-110
1767175188.165238,2,-4,-108
1767175188.175238,1,0,-109
1767175188.185238,0,-1,-109
1767175188.195238,-3,-3,-113
1767175188.205238,-2,-5,-121
1767175188.215238,2,-3,-122
1767175188.225238,4,-5,-122
1767175188.235238,0,-3,-123
1767175188.245238,0,-2,-116
1767175188.255238,-1,2,-108
1767175188.265238,-3,0,-109
1767175188.275238,-5,0,-112
1767175188.2852385,0,0,-116
1767175188.2952385,0,0,-123
1767175188.3052382,-1,1,-121
1767175188.3152382,-2,1,-121
1767175188.3252382,1,0,-116
1767175188.3352382,5,0,-111
1767175188.3452382,5,0,-114
1767175188.3552382,0,0,-125
1767175188.3652382,1,1,-124
1767175188.3752382,0,3,-123
1767175188.3852382,0,1,-126
1767175188.3952382,-3,3,-128
1767175188.4052382,-3,0,-121
1767175188.415238,-4,4,-113
1767175188.425238,-5,3,-115
1767175188.435238,-3,0,-115
1767175188.445238,-2,3,-113
1767175188.455238,-2,4,-117
1767175188.465238,-3,4,-117
1767175188.475238,-6,0,-124
1767175188.485238,-5,0,-122
1767175188.495238,-2,0,-118
1767175188.5062382,-2,0,-116
1767175188.515238,-2,1,-116
1767175188.525238,-3,5,-112
1767175188.5352385,-4,5,-111
1767175188.5462382,-7,2,-112
1767175188.5562382,-6,-2,-113
1767175188.5662382,-3,1,-118
1767175188.5762382,-5,2,-116
1767175188.586238,-10,2,-109
1767175188.596238,-12,0,-116
1767175188.606238,-8,1,-123
1767175188.6152382,-6,0,-129
1767175188.626238,-7,-3,-125
1767175188.636238,-7,-5,-124
1767175188.646238,-4,-1,-120
1767175188.656238,-4,2,-123
1767175188.666238,-3,3,-122
1767175188.676238,-1,0,-122
1767175188.686238,-1,1,-126
1767175188.696238,0,0,-130
1767175188.7062385,0,0,-126
1767175188.7162385,0,6,-127
1767175188.7262385,-1,9,-128
1767175188.7362382,-1,4,-125
1767175188.7462382,-2,1,-124
1767175188.7562382,-1,2,-125
1767175188.7662382,-4,1,-117
1767175188.7762382,-2,5,-107
1767175188.7862382,-1,2,-117
1767175188.7962382,-1,1,-111
1767175188.8062382,-5,0,-118
1767175188.8162382,-4,0,-119
1767175188.8262382,-4,-2,-120
1767175188.836238,-3,-3,-119
1767175188.846238,0,-5,-117
1767175188.856238,1,-4,-121
1767175188.866238,0,-2,-122
1767175188.876238,0,-1,-120
1767175188.886238,-2,-3,-127
1767175188.896238,-6,-4,-133
1767175188.906238,-8,-4,-130
1767175188.916238,-8,-1,-131
1767175188.926238,-7,-3,-128
1767175188.936238,-3,-9,-123
1767175188.946238,-3,-6,-122
1767175188.9562385,2,-3,-126
1767175188.9662385,0,-2,-124
1767175188.9762385,0,-1,-127
1767175188.9862382,3,0,-126
1767175188.9962382,0,0,-134
1767175189.0062382,-3,1,-132
1767175189.0162382,-1,0,-130
1767175189.0262382,-4,2,-131
1767175189.0362382,-3,1,-127
1767175189.0462382,-3,4,-127
1767175189.0562382,-2,5,-123
1767175189.0662382,-3,3,-122
1767175189.0762382,1,3,-123
1767175189.086238,1,4,-122
1767175189.096238,1,3,-123
1767175189.106238,0,2,-123
1767175189.116238,0,5,-121
1767175189.126238,-4,6,-120
1767175189.136238,-2,6,-120
1767175189.146238,-1,6,-114
1767175189.156238,0,-1,-111
1767175189.166238,-3,-8,-116
1767175189.176238,-4,-6,-122
1767175189.186238,2,-1,-125
1767175189.196238,4,-3,-123
1767175189.2062385,3,-4,-113
1767175189.2162385,0,-5,-118
1767175189.2262385,2,-3,-117
1767175189.2362382,1,-3,-120
1767175189.2462382,3,-6,-123
1767175189.2562382,5,-5,-122
1767175189.2662382,4,-7,-127
1767175189.2762382,3,-4,-125
1767175189.2862382,-2,-2,-114
1767175189.2962382,-1,-1,-117
1767175189.3062382,0,2,-120
1767175189.3162382,-3,3,-123
1767175189.3262382,-5,0,-120
1767175189.336238,0,0,-118
1767175189.346238,5,2,-113
1767175189.356238,5,0,-115
1767175189.366238,3,-4,-118
1767175189.376238,-1,-2,-115
1767175189.386238,1,-1,-109
1767175189.396238,3,-1,-114
1767175189.406238,4,-3,-110
1767175189.416238,4,0,-111
1767175189.426238,1,3,-113
1767175189.436238,2,2,-116
1767175189.446238,-1,0,-112
1767175189.4562385,-4,0,-111
1767175189.4662385,2,-3,-114
1767175189.4762385,4,-1,-109
1767175189.4862382,1,0,-107
1767175189.4962382,2,-2,-108
1767175189.5062382,9,-4,-110
1767175189.5162382,8,-8,-114
1767175189.5262382,5,-8,-116
1767175189.5362382,7,-8,-113
1767175189.5462382,5,-3,-114
1767175189.5562382,9,-8,-115
1767175189.5662382,8,-8,-119
1767175189.5762382,6,-7,-116
1767175189.586238,6,-8,-121
1767175189.596238,4,-6,-122
1767175189.606238,5,-3,-116
1767175189.616238,7,0,-120
1767175189.626238,7,0,-118
1767175189.636238,9,0,-122
1767175189.646238,8,0,-124
1767175189.656238,10,-4,-121
1767175189.666238,12,-4,-125
1767175189.676238,15,-7,-125
1767175189.686238,16,-9,-120
1767175189.696238,13,-10,-114
1767175189.7062385,12,-6,-118
1767175189.7162385,13,-7,-117
1767175189.7262385,13,-9,-121
1767175189.7362382,4,-2,-119
1767175189.7462382,4,0,-122
1767175189.7562382,1,1,-121
1767175189.7662382,3,2,-118
1767175189.7762382,7,6,-117
1767175189.7862382,5,2,-111
1767175189.7962382,0,2,-118
1767175189.8062382,-1,-1,-119
1767175189.8162382,2,-1,-119
1767175189.8262382,5,2,-122
1767175189.836238,6,0,-128
1767175189.846238,8,0,-130
1767175189.856238,4,-1,-129
1767175189.866238,3,-4,-125
1767175189.876238,0,-6,-117
1767175189.886238,-1,-4,-116
1767175189.896238,-4,-3,-118
1767175189.906238,-5,0,-116
1767175189.916238,-2,0,-109
1767175189.926238,-1,0,-104
1767175189.936238,-3,0,-109
1767175189.946238,-6,3,-119
1767175189.968238,0,3,-117
1767175189.9762385,-3,0,-110
1767175189.9862382,0,1,-118
1767175189.9962382,2,-2,-118
1767175190.0062382,1,-2,-118
1767175190.0162382,5,-6,-126
1767175190.0262382,5,0,-126
1767175190.0362382,7,0,-127
1767175190.0462382,5,2,-127
1767175190.0562382,7,7,-123
1767175190.0662382,5,3,-122
1767175190.0762382,6,-1,-119
1767175190.086238,1,-1,-121
1767175190.096238,2,-2,-125
1767175190.106238,5,0,-121
1767175190.116238,-1,-2,-125
1767175190.126238,-4,-5,-124
1767175190.136238,-2,-2,-123
1767175190.146238,-3,-2,-125
1767175190.156238,1,1,-121
1767175190.166238,1,3,-124
1767175190.176238,3,4,-124
1767175190.186238,1,0,-120
1767175190.196238,2,-1,-118
1767175190.2062385,2,-3,-120
1767175190.2162385,3,0,-122
1767175190.2262385,1,0,-117
1767175190.2362382,2,-2,-112
1767175190.2462382,5,-2,-110
1767175190.2562382,0,-4,-114
1767175190.2662382,-1,-3,-116
1767175190.2762382,-4,-4,-114
1767175190.2862382,-1,-3,-116
1767175190.2962382,1,0,-114
1767175190.3062382,0,0,-117
1767175190.3162382,-3,2,-123
1767175190.3262382,-1,2,-120
1767175190.336238,-3,5,-119
1767175190.346238,-2,4,-120
1767175190.356238,0,3,-122
1767175190.366238,-3,3,-120
1767175190.376238,-2,8,-119
1767175190.386238,0,3,-119
1767175190.396238,2,0,-121
1767175190.406238,5,0,-121
1767175190.416238,9,0,-120
1767175190.426238,11,-2,-117
1767175190.436238,11,-2,-123
1767175190.446238,8,-2,-123
1767175190.4562385,1,-2,-121
1767175190.4662385,2,-4,-122
1767175190.4762385,3,-6,-122
1767175190.4862382,5,-8,-120
1767175190.4962382,10,-9,-116
1767175190.5062382,7,-2,-111
1767175190.5162382,5,-3,-112
1767175190.5262382,2,-6,-117
1767175190.5362382,0,-5,-120
1767175190.5462382,5,-3,-124
1767175190.5562382,1,-3,-124
1767175190.5662382,0,-5,-128
1767175190.5762382,5,-8,-126
1767175190.586238,9,-5,-128
1767175190.596238,8,-6,-125
1767175190.606238,3,-6,-122
1767175190.616238,4,-1,-116
1767175190.626238,5,3,-122
1767175190.636238,3,3,-124
1767175190.646238,3,2,-125
1767175190.656238,5,0,-123
1767175190.666238,1,0,-119
1767175190.676238,2,-3,-121
1767175190.6872382,3,-3,-119
1767175190.696238,0,-4,-118
1767175190.7062385,-1,-5,-122
1767175190.7162385,-3,-7,-123
1767175190.7262385,0,-5,-119
1767175190.7362382,4,-8,-122
1767175190.7462382,0,-5,-119
1767175190.7562382,-3,0,-117
1767175190.7662382,0,-4,-108
1767175190.7762382,0,-3,-112
1767175190.7862382,1,-2,-111
1767175190.7962382,1,-4,-107
1767175190.8062382,-2,-4,-109
1767175190.8162382,-2,-4,-122
1767175190.8262382,-1,-3,-125
1767175190.836238,0,-2,-115
1767175190.846238,-3,-4,-117
1767175190.856238,-2,-2,-118
1767175190.866238,-2,-4,-120
1767175190.876238,-1,-5,-120
1767175190.886238,-4,-6,-121
1767175190.896238,-4,-6,-122
1767175190.906238,-6,-3,-119
1767175190.916238,-3,3,-125
1767175190.926238,-1,5,-123
1767175190.936238,0,2,-123
1767175190.946238,4,5,-123
1767175190.9562385,-1,0,-122
1767175190.9662385,-6,-2,-124
1767175190.9762385,-2,-5,-118
1767175190.9862382,4,-3,-118
1767175190.9962382,4,-4,-111
1767175191.0062382,0,-3,-111
1767175191.0162382,1,-5,-115
1767175191.0262382,5,-5,-120
1767175191.0362382,7,-6,-115
1767175191.0462382,2,-7,-114
1767175191.0562382,5,-6,-115
1767175191.0662382,7,-6,-114
1767175191.0762382,5,-2,-115
1767175191.086238,5,-3,-117
1767175191.096238,7,0,-118
1767175191.106238,2,0,-120
1767175191.116238,5,-1,-120
1767175191.126238,5,1,-122
1767175191.136238,4,-1,-121
1767175191.146238,5,0,-122
1767175191.156238,1,-1,-117
1767175191.166238,1,-3,-112
1767175191.176238,0,-5,-119
1767175191.186238,0,1,-118
1767175191.1972382,0,0,-125
1767175191.2072382,-1,1,-125
1767175191.2172382,-5,1,-122
1767175191.2262385,-1,4,-116
1767175191.2372382,2,3,-115
1767175191.2472382,7,5,-118
1767175191.257238,6,5,-117
1767175191.267238,5,1,-121
1767175191.277238,1,-1,-122
1767175191.287238,1,-1,-121
1767175191.297238,0,0,-114
1767175191.307238,0,-1,-115
1767175191.317238,-2,-2,-120
1767175191.327238,-2,-1,-116
1767175191.337238,-1,-2,-116
1767175191.347238,-1,-1,-114
1767175191.357238,-1,-2,-118
1767175191.367238,-1,2,-121
1767175191.377238,2,1,-125
1767175191.3872385,-5,-4,-129
1767175191.3972385,-6,-1,-119
1767175191.4072382,-3,2,-116
1767175191.4172382,-1,6,-120
1767175191.4272382,-3,9,-117
1767175191.4372382,-2,3,-117
1767175191.4472382,-2,0,-113
1767175191.4572382,2,-1,-112
1767175191.4672382,8,-4,-109
1767175191.4772382,10,-1,-107
1767175191.4872382,9,-1,-112
1767175191.4972382,2,-3,-117
1767175191.507238,2,-3,-119
1767175191.517238,0,1,-121
1767175191.527238,-4,3,-111
1767175191.537238,-2,2,-107
1767175191.547238,-2,4,-111
1767175191.557238,-2,-2,-113
1767175191.567238,-4,-3,-113
1767175191.577238,0,-4,-111
1767175191.587238,1,-1,-117
1767175191.597238,0,-3,-115
1767175191.607238,2,-1,-122
1767175191.617238,4,-1,-123
1767175191.627238,5,-3,-120
1767175191.6372385,5,-4,-113
1767175191.6472385,6,-2,-114
1767175191.6572382,7,0,-119
1767175191.6672382,10,-5,-121
1767175191.6772382,9,-5,-119
1767175191.6872382,10,-3,-126
1767175191.6972382,6,-3,-123
1767175191.7072382,6,-4,-123
1767175191.7172382,5,-6,-121
1767175191.7272382,1,-6,-120
1767175191.7372382,-3,-5,-122
1767175191.7472382,0,-6,-117
1767175191.757238,0,-7,-119
1767175191.767238,2,-5,-123
1767175191.777238,3,-7,-117
1767175191.787238,1,-5,-117
1767175191.797238,-2,-8,-119
1767175191.807238,-1,-6,-124
1767175191.817238,5,-1,-124
1767175191.827238,9,4,-128
1767175191.837238,9,3,-131
1767175191.847238,8,0,-122
1767175191.857238,6,1,-121
1767175191.867238,8,0,-122
1767175191.877238,4,-6,-122
1767175191.8872385,4,-8,-124
1767175191.8972385,2,-9,-126
1767175191.9072382,2,-4,-122
1767175191.9172382,-1,-1,-117
1767175191.9272382,-1,0,-119
1767175191.9372382,-4,-4,-123
1767175191.9472382,-3,-3,-123
1767175191.9572382,-5,-5,-121
1767175191.9672382,-2,-5,-121
1767175191.9772382,0,-2,-116
1767175191.9872382,-3,1,-115
1767175191.9972382,-2,2,-113
1767175192.007238,-2,1,-108
1767175192.017238,-8,1,-107
1767175192.027238,-2,0,-107
1767175192.037238,-1,-3,-117
1767175192.047238,-1,-4,-117
1767175192.057238,0,-4,-119
1767175192.067238,1,-9,-123
1767175192.077238,6,-10,-113
1767175192.087238,6,-10,-112
1767175192.097238,0,-5,-108
1767175192.107238,2,-5,-104
1767175192.117238,0,-2,-105
1767175192.127238,-4,-2,-110
1767175192.1372385,-2,-1,-109
1767175192.1472385,-2,-3,-109
1767175192.1572382,6,-5,-110
1767175192.1672382,6,-5,-109
1767175192.1772382,1,-4,-117
1767175192.1872382,3,-4,-119
1767175192.1972382,3,-1,-126
1767175192.2072382,1,0,-124
1767175192.2172382,0,1,-123
1767175192.2272382,0,0,-124
1767175192.2372382,-2,-4,-123
1767175192.2472382,0,0,-125
1767175192.257238,-1,0,-120
1767175192.267238,-2,-2,-116
1767175192.277238,-1,0,-116
1767175192.287238,0,-2,-111
1767175192.297238,-2,-4,-111
1767175192.307238,-2,-1,-117
1767175192.317238,1,-2,-122
1767175192.327238,3,-4,-122
1767175192.337238,1,-2,-116
1767175192.347238,3,-2,-119
1767175192.357238,2,-4,-119
1767175192.367238,2,-4,-110
1767175192.377238,-1,0,-113
1767175192.3872385,-1,1,-119
1767175192.3972385,0,0,-120
1767175192.4072382,0,-2,-114
1767175192.4172382,1,1,-112
1767175192.4272382,1,2,-107
1767175192.4372382,5,1,-113
1767175192.4472382,4,0,-119
1767175192.4572382,5,0,-120
1767175192.4672382,1,-2,-124
1767175192.4772382,7,1,-127
1767175192.4872382,5,0,-129
1767175192.4972382,3,-1,-123
1767175192.507238,-1,1,-121
1767175192.517238,-3,1,-118
1767175192.527238,-6,1,-116
1767175192.537238,-7,1,-119
1767175192.547238,-2,7,-118
1767175192.557238,0,8,-116
1767175192.567238,5,8,-116
1767175192.577238,4,6,-123
1767175192.587238,3,2,-123
1767175192.597238,2,0,-118
1767175192.607238,1,0,-115
1767175192.617238,3,-1,-115
1767175192.627238,4,-5,-111
1767175192.6372385,3,-2,-113
1767175192.6472385,5,-4,-119
1767175192.6572382,7,-4,-120
1767175192.6672382,6,-6,-121
1767175192.6772382,10,-8,-117
1767175192.6872382,4,-5,-117
1767175192.6972382,3,-5,-123
1767175192.7072382,-1,-1,-124
1767175192.7172382,0,-2,-126
1767175192.7272382,-1,-4,-126
1767175192.7372382,2,0,-122
1767175192.7472382,6,1,-119
1767175192.757238,1,2,-126
1767175192.767238,2,3,-121
1767175192.777238,0,4,-121
1767175192.787238,1,2,-124
1767175192.797238,1,4,-128
1767175192.807238,-3,1,-123
1767175192.817238,-3,5,-121
1767175192.827238,-2,7,-119
1767175192.837238,-2,5,-125
1767175192.847238,-3,8,-121
1767175192.857238,0,4,-124
1767175192.867238,0,2,-122
1767175192.877238,-3,-4,-125
1767175192.8872385,1,-4,-125
1767175192.8972385,0,-1,-118
1767175192.9072382,0,1,-120
1767175192.9172382,-1,3,-118
1767175192.9272382,-2,0,-121
1767175192.9372382,2,-5,-122
1767175192.9472382,5,-6,-118
1767175192.9572382,2,-9,-126
1767175192.9672382,5,-10,-126
1767175192.9772382,5,-12,-121
1767175192.9872382,7,-12,-118
1767175192.9972382,2,-9,-117
1767175193.007238,1,-3,-117
1767175193.017238,2,-6,-128
1767175193.027238,-1,-7,-129
1767175193.037238,-7,-5,-129
1767175193.047238,-8,-3,-126
1767175193.057238,-7,-2,-121
1767175193.067238,-8,-1,-124
1767175193.077238,0,1,-121
1767175193.087238,2,0,-123
1767175193.097238,3,-2,-124
1767175193.107238,4,-3,-121
1767175193.117238,4,-4,-126
1767175193.127238,2,0,-126
1767175193.1372385,2,-1,-125
1767175193.1472385,4,0,-122
1767175193.1572382,6,0,-121
1767175193.1672382,3,0,-118
1767175193.1772382,-1,-1,-118
1767175193.1872382,-12,-4,-118
1767175193.1972382,-10,-4,-117
1767175193.2072382,-9,1,-125
1767175193.2172382,-3,0,-121
1767175193.2272382,0,-2,-120
1767175193.2372382,-1,3,-123
1767175193.2472382,0,4,-132
1767175193.257238,-5,2,-132
1767175193.267238,-2,2,-134
1767175193.277238,0,3,-127
1767175193.287238,0,-2,-120
1767175193.297238,0,-2,-117
1767175193.307238,2,0,-118
1767175193.317238,8,0,-110
1767175193.327238,7,1,-106
1767175193.337238,5,1,-108
1767175193.347238,3,0,-115
1767175193.357238,0,2,-117
1767175193.367238,0,0,-117
1767175193.377238,1,0,-111
1767175193.3872385,-2,0,-114
1767175193.3972385,0,-1,-114
1767175193.4072382,1,1,-117
1767175193.4172382,0,0,-121
1767175193.4272382,0,-1,-121
1767175193.4372382,-4,-3,-122
1767175193.4472382,-5,-3,-122
1767175193.4572382,-5,0,-125
1767175193.4672382,1,-4,-128
1767175193.4772382,2,-4,-132
1767175193.4872382,3,-7,-120
1767175193.4972382,3,-6,-117
1767175193.507238,7,-4,-121
1767175193.517238,5,-7,-126
1767175193.527238,7,-5,-127
1767175193.537238,9,-9,-136
1767175193.547238,6,-9,-134
1767175193.557238,-1,-7,-125
1767175193.567238,0,-8,-115
1767175193.577238,0,-10,-110
1767175193.587238,0,-6,-111
1767175193.597238,3,-3,-119
1767175193.607238,6,-4,-121
1767175193.617238,4,-5,-124
1767175193.627238,5,-4,-124
1767175193.6372385,5,0,-126
1767175193.6472385,4,0,-123
1767175193.6572382,1,2,-121
1767175193.6672382,0,0,-118
1767175193.6772382,1,-2,-120
1767175193.6872382,0,0,-116
1767175193.6972382,0,-1,-119
1767175193.7072382,-3,-2,-117
1767175193.7172382,-5,-5,-123
1767175193.7272382,-6,-4,-120
1767175193.7372382,-6,-2,-117
1767175193.7472382,-5,-5,-120
1767175193.757238,0,-5,-119
1767175193.767238,-3,-5,-120
1767175193.777238,-4,-1,-123
1767175193.787238,-2,-4,-125
1767175193.797238,-2,-3,-119
1767175193.807238,-6,-4,-125
1767175193.817238,-3,0,-126
1767175193.827238,-4,-2,-129
1767175193.8382382,-3,-1,-131
1767175193.847238,-3,-1,-127
1767175193.857238,-3,-1,-123
1767175193.867238,-7,3,-126
1767175193.8782382,-3,4,-121
1767175193.8882382,3,8,-122
1767175193.8982382,5,7,-121
1767175193.9082382,3,2,-120
1767175193.9182382,0,2,-122
1767175193.9282382,0,3,-118
1767175193.938238,-1,3,-116
1767175193.948238,-1,2,-114
1767175193.958238,-1,5,-116
1767175193.968238,0,3,-119
1767175193.978238,0,1,-117
1767175193.988238,0,1,-118
1767175193.998238,0,1,-112
1767175194.008238,-4,3,-108
1767175194.018238,-3,0,-104
1767175194.028238,-5,0,-109
1767175194.038238,-4,0,-111
1767175194.048238,-2,0,-115
1767175194.0582385,-3,0,-120
1767175194.0682385,-4,-1,-113
1767175194.0782382,-7,-2,-108
1767175194.0882382,-5,-4,-106
1767175194.0982382,-5,-5,-108
1767175194.1082382,-11,-1,-113
1767175194.1182382,-10,-1,-117
1767175194.1282382,-6,-5,-120
1767175194.1382382,-7,-1,-122
1767175194.1482382,-6,0,-121
1767175194.1582382,-7,-2,-117
1767175194.1682382,-12,-2,-117
1767175194.1782382,-3,-4,-112
1767175194.188238,0,0,-112
1767175194.198238,-2,1,-108
1767175194.208238,0,0,-109
1767175194.218238,3,2,-112
1767175194.228238,5,1,-118
1767175194.238238,3,2,-123
1767175194.248238,4,2,-130
1767175194.258238,4,1,-128
1767175194.268238,6,0,-119
1767175194.278238,4,0,-121
1767175194.288238,3,0,-118
1767175194.298238,3,-5,-114
1767175194.3082385,0,-4,-117
1767175194.3182385,-1,-3,-121
1767175194.3282382,1,-3,-118
1767175194.3382382,1,-4,-122
1767175194.3482382,0,-1,-118
1767175194.3582382,0,1,-119
1767175194.3682382,0,1,-122
1767175194.3782382,-1,0,-120
1767175194.3882382,0,0,-121
1767175194.3982382,-1,1,-118
1767175194.4082382,2,-3,-120
1767175194.4182382,3,-3,-119
1767175194.4282382,3,-4,-112
1767175194.438238,0,-3,-113
1767175194.448238,0,-7,-113
1767175194.458238,0,-5,-110
1767175194.468238,2,-5,-115
1767175194.478238,3,0,-117
1767175194.488238,7,-2,-112
1767175194.498238,3,-5,-120
1767175194.508238,1,-3,-118
1767175194.518238,5,-1,-124
1767175194.528238,4,-5,-128
1767175194.538238,-2,-7,-126
1767175194.548238,0,-8,-124
1767175194.5582385,-3,-6,-118
1767175194.5682385,-2,-9,-121
1767175194.5782382,-1,-9,-116
1767175194.5882382,-1,-7,-122
1767175194.5982382,-1,-8,-122
1767175194.6082382,2,-7,-117
1767175194.6182382,5,-7,-121
1767175194.6282382,7,-6,-117
1767175194.6382382,7,-3,-121
1767175194.6482382,3,-2,-128
1767175194.6582382,1,-5,-128
1767175194.6682382,0,-2,-125
1767175194.6782382,-5,-1,-121
1767175194.688238,-3,-4,-125
1767175194.698238,-2,-5,-124
1767175194.708238,-4,-2,-118
1767175194.718238,0,-4,-122
1767175194.728238,-2,-3,-122
1767175194.738238,-4,-6,-127
1767175194.748238,1,-1,-124
1767175194.758238,0,-4,-128
1767175194.768238,0,-2,-126
1767175194.778238,0,-2,-120
1767175194.788238,-1,-2,-122
1767175194.798238,0,0,-123
1767175194.8082385,0,0,-131
1767175194.8182385,2,0,-131
1767175194.8282382,2,-5,-124
1767175194.8382382,1,-5,-123
1767175194.8482382,0,-4,-120
1767175194.8582382,1,-8,-121
1767175194.8682382,0,-8,-120
1767175194.8782382,1,-5,-124
1767175194.8882382,1,-3,-122
1767175194.8982382,3,-3,-122
1767175194.9082382,2,0,-123
1767175194.9182382,1,0,-122
1767175194.9282382,0,0,-119
1767175194.938238,0,-1,-113
1767175194.948238,3,-4,-120
1767175194.958238,7,-2,-121
1767175194.9802382,5,0,-116
1767175194.988238,3,0,-119
1767175194.998238,7,0,-120
1767175195.008238,9,-3,-118
1767175195.018238,10,-10,-123
1767175195.028238,10,-11,-126
1767175195.038238,6,-8,-130
1767175195.048238,5,-6,-127
1767175195.0582385,3,-3,-131
1767175195.0682385,3,-1,-125
1767175195.0782382,1,-1,-124
1767175195.0882382,3,-4,-128
1767175195.0982382,8,-4,-130
1767175195.1082382,6,-1,-128
1767175195.1182382,5,0,-125
1767175195.1282382,6,-1,-122
1767175195.1382382,2,-5,-123
1767175195.1482382,1,-8,-121
1767175195.1582382,1,-1,-121
1767175195.1682382,0,0,-119
1767175195.1782382,1,-2,-112
1767175195.188238,6,-1,-111
1767175195.198238,5,-6,-111
1767175195.208238,5,-8,-116
1767175195.218238,7,-5,-114
1767175195.228238,5,0,-115
1767175195.238238,0,1,-121
1767175195.248238,-2,0,-122
1767175195.258238,-3,1,-119
1767175195.268238,1,0,-124
1767175195.278238,0,0,-126
1767175195.288238,4,-2,-121
1767175195.298238,3,-1,-116
1767175195.3082385,2,0,-122
1767175195.3182385,2,-2,-124
1767175195.3282382,5,-3,-126
1767175195.3382382,6,0,-121
1767175195.3482382,8,1,-117
1767175195.3582382,3,3,-122
1767175195.3682382,3,1,-124
1767175195.3782382,2,-1,-121
1767175195.3882382,0,-6,-124
1767175195.3982382,4,-4,-123
1767175195.4082382,4,-2,-127
1767175195.4182382,5,0,-119
1767175195.4282382,0,0,-121
1767175195.438238,-3,1,-117
1767175195.448238,-4,1,-114
1767175195.458238,-2,-1,-115
1767175195.468238,1,0,-114
1767175195.478238,-1,0,-123
1767175195.488238,-6,4,-125
1767175195.498238,-7,5,-127
1767175195.508238,-5,2,-122
1767175195.518238,-1,5,-122
1767175195.528238,-2,4,-127
1767175195.538238,-1,5,-117
1767175195.548238,2,0,-110
1767175195.5582385,-1,1,-108
1767175195.5682385,0,0,-112
1767175195.5782382,-1,5,-115
1767175195.5882382,-5,4,-119
1767175195.5982382,-5,0,-117
1767175195.6082382,-3,0,-121
1767175195.6182382,-3,0,-123
1767175195.6282382,-2,0,-124
1767175195.6382382,0,2,-120
1767175195.6482382,1,0,-121
1767175195.6582382,5,-3,-122
1767175195.6682382,5,0,-118
1767175195.6782382,5,0,-114
1767175195.688238,1,3,-116
1767175195.698238,4,0,-113
1767175195.708238,1,1,-115
1767175195.718238,4,2,-115
1767175195.728238,2,0,-116
1767175195.738238,1,0,-117
1767175195.748238,0,0,-119
1767175195.758238,-2,-3,-121
1767175195.768238,-2,-1,-128
1767175195.778238,3,-4,-124
1767175195.788238,4,-4,-121
1767175195.798238,0,0,-124
1767175195.8082385,-2,0,-132
1767175195.8182385,-3,0,-126
1767175195.8282382,0,-1,-119
1767175195.8382382,0,-1,-115
1767175195.8482382,-1,-3,-113
1767175195.8582382,0,-4,-116
1767175195.8682382,0,-1,-115
1767175195.8782382,0,0,-116
1767175195.8882382,-2,1,-112
1767175195.8982382,0,-1,-120
1767175195.9082382,-1,2,-116
1767175195.9182382,-2,1,-115
1767175195.9282382,-3,4,-109
1767175195.938238,-5,3,-113
1767175195.948238,-8,1,-115
1767175195.958238,-7,-1,-118
1767175195.968238,-3,-1,-118
1767175195.978238,0,-1,-120
1767175195.988238,4,0,-116
1767175195.998238,2,2,-114
1767175196.008238,-2,0,-120
1767175196.018238,-7,-1,-117
1767175196.028238,-4,-1,-118
1767175196.038238,1,-1,-120
1767175196.048238,-3,-1,-120
1767175196.0582385,-1,-1,-120
1767175196.0682385,-2,-4,-119
1767175196.0782382,-5,-9,-119
1767175196.0882382,-7,-12,-121
1767175196.0982382,-2,-10,-123
1767175196.1082382,-3,-14,-117
1767175196.1182382,-1,-11,-119
1767175196.1282382,-2,-6,-115
1767175196.1382382,1,-6,-111
1767175196.1482382,-3,-3,-109
1767175196.1582382,-1,-5,-114
1767175196.1682382,-1,-3,-117
1767175196.1782382,0,-2,-120
1767175196.188238,-8,0,-120
1767175196.198238,-6,2,-123
1767175196.208238,-3,1,-124
1767175196.218238,0,2,-126
1767175196.228238,1,2,-121
1767175196.238238,1,0,-125
1767175196.248238,5,0,-122
1767175196.258238,3,-1,-117
1767175196.268238,0,0,-123
1767175196.278238,0,1,-125
1767175196.288238,2,2,-127
1767175196.298238,1,2,-124
1767175196.3082385,2,1,-126
1767175196.3182385,2,0,-131
1767175196.3282382,0,4,-134
1767175196.3382382,-2,0,-132
1767175196.3482382,-6,2,-130
1767175196.3582382,-4,2,-125
1767175196.3682382,-1,3,-123
1767175196.3782382,1,0,-113
1767175196.3882382,0,0,-115
1767175196.3982382,4,-5,-117
1767175196.4082382,4,-4,-116
1767175196.4182382,5,-1,-117
1767175196.4282382,0,-2,-118
1767175196.438238,-1,0,-114
1767175196.448238,-6,-3,-118
1767175196.458238,-10,-3,-114
1767175196.468238,-5,-4,-114
1767175196.478238,-7,-2,-117
1767175196.488238,-5,0,-115
1767175196.498238,-6,5,-118
1767175196.5092382,-3,3,-115
1767175196.518238,-3,0,-121
1767175196.528238,-5,-6,-120
1767175196.538238,-2,-5,-124
1767175196.548238,1,-5,-124
1767175196.5592382,-3,-7,-124
1767175196.5692382,-1,-3,-120
1767175196.5782382,0,-2,-123
1767175196.5892382,4,-3,-119
1767175196.5992382,5,-9,-117
1767175196.609238,1,-6,-115
1767175196.619238,1,-3,-118
1767175196.629238,-4,-5,-115
1767175196.639238,-2,-6,-115
1767175196.649238,0,-5,-122
1767175196.659238,0,-9,-127
1767175196.669238,3,-9,-123
1767175196.679238,7,-6,-121
1767175196.689238,10,-5,-125
1767175196.699238,8,-4,-117
1767175196.709238,12,-2,-122
1767175196.719238,7,-2,-131
1767175196.7292385,7,-4,-131
1767175196.7392385,3,0,-126
1767175196.7492385,2,4,-121
1767175196.7592382,1,2,-131
1767175196.7692382,2,1,-130
1767175196.7792382,2,-4,-125
1767175196.7892382,2,-8,-123
1767175196.7992382,1,-7,-115
1767175196.8092382,0,-7,-113
1767175196.8192382,0,-5,-115
1767175196.8292382,0,-2,-118
1767175196.8392382,-1,-2,-115
1767175196.8492382,0,2,-111
1767175196.859238,0,0,-116
1767175196.869238,-1,-2,-123
1767175196.879238,0,-5,-128
1767175196.889238,-1,-5,-122
1767175196.899238,0,-4,-117
1767175196.909238,2,-3,-119
1767175196.919238,0,-3,-113
1767175196.929238,-2,-4,-113
1767175196.939238,-1,-5,-115
1767175196.949238,-6,-5,-117
1767175196.959238,-3,-7,-120
1767175196.969238,-3,-4,-116
1767175196.9792385,-2,-3,-115
1767175196.9892385,-2,-6,-116
1767175196.9992385,-6,-7,-115
1767175197.0092382,-4,-7,-118
1767175197.0192382,-5,-7,-119
1767175197.0292382,-2,-4,-119
1767175197.0392382,-4,-5,-119
1767175197.0492382,-3,-10,-109
1767175197.0592382,-1,-8,-104
1767175197.0692382,0,-6,-105
1767175197.0792382,2,-8,-109
1767175197.0892382,4,-7,-110
1767175197.0992382,1,-8,-111
1767175197.109238,0,-5,-119
1767175197.119238,-2,-6,-121
1767175197.129238,-2,-3,-127
1767175197.139238,-3,-2,-127
1767175197.149238,1,-3,-129
1767175197.159238,-2,-5,-127
1767175197.169238,0,1,-127
1767175197.179238,0,1,-123
1767175197.189238,0,2,-120
1767175197.199238,0,-2,-126
1767175197.209238,0,0,-130
1767175197.219238,0,0,-127
1767175197.2292385,0,0,-119
1767175197.2392385,0,-1,-119
1767175197.2492385,0,2,-116
1767175197.2592382,1,0,-112
1767175197.2692382,-1,-5,-112
1767175197.2792382,1,-7,-118
1767175197.2892382,1,-5,-119
1767175197.2992382,0,-8,-117
1767175197.3092382,0,-9,-120
1767175197.3192382,2,-8,-119
1767175197.3292382,-2,-5,-116
1767175197.3392382,-4,-5,-116
1767175197.3492382,0,-2,-113
1767175197.359238,2,0,-108
1767175197.369238,-2,-3,-110
1767175197.379238,0,-9,-120
1767175197.389238,-2,-8,-119
1767175197.399238,-4,-5,-122
1767175197.409238,-2,-2,-127
1767175197.419238,-1,0,-127
1767175197.429238,3,3,-132
1767175197.439238,3,3,-131
1767175197.449238,0,7,-127
1767175197.459238,0,3,-123
1767175197.469238,-2,4,-122
1767175197.4792385,-1,0,-118
1767175197.4892385,-2,1,-125
1767175197.4992385,-4,3,-125
1767175197.5092382,-7,2,-125
1767175197.5192382,-6,-1,-122
1767175197.5292382,-5,0,-119
1767175197.5392382,0,0,-119
1767175197.5492382,-4,-1,-121
1767175197.5592382,-3,-5,-120
1767175197.5692382,-4,-6,-122
1767175197.5792382,0,-5,-119
1767175197.5892382,0,-4,-122
1767175197.5992382,-1,-2,-118
1767175197.609238,-5,0,-120
1767175197.619238,-5,-1,-121
1767175197.629238,-3,-2,-118
1767175197.639238,-6,-1,-122
1767175197.649238,-4,0,-123
1767175197.659238,0,2,-125
1767175197.669238,1,5,-129
1767175197.679238,0,6,-128
1767175197.689238,0,4,-123
1767175197.699238,0,0,-124
1767175197.709238,-2,-4,-122
1767175197.719238,-5,-3,-114
1767175197.7292385,-2,2,-110
1767175197.7392385,0,0,-111
1767175197.7492385,0,-2,-116
1767175197.7592382,1,-5,-115
1767175197.7692382,-1,-4,-110
1767175197.7792382,-4,-8,-113
1767175197.7892382,-5,-6,-117
1767175197.7992382,-5,-3,-122
1767175197.8092382,-3,-2,-125
1767175197.8192382,-4,-1,-121
1767175197.8292382,-3,-1,-124
1767175197.8392382,0,1,-130
1767175197.8492382,3,2,-124
1767175197.859238,5,3,-126
1767175197.869238,7,1,-119
1767175197.879238,6,1,-117
1767175197.889238,0,0,-117
1767175197.899238,3,0,-120
1767175197.909238,1,-3,-122
1767175197.919238,-1,-1,-122
1767175197.929238,-1,2,-119
1767175197.939238,0,0,-122
1767175197.949238,-3,1,-124
1767175197.959238,0,3,-121
1767175197.969238,-2,6,-125
1767175197.9792385,1,3,-128
1767175197.9892385,0,0,-128
1767175197.9992385,0,0,-129
1767175198.0092382,0,-3,-129
1767175198.0192382,-3,-1,-123
1767175198.0292382,1,-2,-119
1767175198.0392382,2,0,-126
1767175198.0492382,2,0,-133
1767175198.0592382,3,0,-130
1767175198.0692382,3,1,-124
1767175198.0792382,-2,0,-119
1767175198.0892382,-7,-5,-120
1767175198.0992382,-2,-1,-115
1767175198.109238,-1,-1,-120
1767175198.119238,0,-3,-122
1767175198.129238,1,-2,-123
1767175198.139238,0,-3,-123
1767175198.149238,-1,0,-123
1767175198.159238,-3,0,-124
1767175198.169238,-1,0,-128
1767175198.179238,0,-1,-122
1767175198.189238,-1,-2,-117
1767175198.199238,3,-1,-126
1767175198.209238,5,0,-127
1767175198.219238,4,-1,-126
1767175198.2292385,-1,0,-122
1767175198.2392385,-4,5,-121
1767175198.2492385,-3,2,-124
1767175198.2592382,-2,0,-123
1767175198.2692382,0,0,-124
1767175198.2792382,-3,-1,-125
1767175198.2892382,-1,0,-131
1767175198.2992382,4,-2,-137
1767175198.3092382,1,-5,-132
1767175198.3192382,-2,-7,-126
1767175198.3292382,-2,-5,-125
1767175198.3392382,1,-3,-127
1767175198.3492382,3,-2,-133
1767175198.359238,0,-2,-132
1767175198.369238,-4,-2,-129
1767175198.379238,-2,1,-123
1767175198.389238,-3,0,-122
1767175198.399238,-3,4,-121
1767175198.409238,0,4,-121
1767175198.419238,0,6,-123
1767175198.429238,1,1,-123
1767175198.439238,5,4,-124
1767175198.449238,1,1,-127
1767175198.459238,3,0,-127
1767175198.469238,8,-1,-116
1767175198.4792385,5,0,-119
1767175198.4892385,4,0,-112
1767175198.4992385,4,-1,-115
1767175198.5092382,2,0,-118
1767175198.5192382,-1,0,-119
1767175198.5292382,0,-4,-117
1767175198.5392382,-2,-2,-123
1767175198.5492382,0,0,-125
1767175198.5592382,-3,1,-123
1767175198.5692382,1,1,-131
1767175198.5792382,2,-1,-132
1767175198.5892382,1,-3,-125
1767175198.5992382,-3,0,-124
1767175198.609238,-4,4,-123
1767175198.619238,-1,1,-118
1767175198.629238,-4,-3,-117
1767175198.639238,-2,-4,-118
1767175198.649238,-4,-5,-112
1767175198.659238,-5,-5,-115
1767175198.669238,-5,-2,-116
1767175198.679238,-10,-2,-119
1767175198.689238,-13,4,-119
1767175198.699238,-8,7,-119
1767175198.709238,-11,6,-122
1767175198.719238,-10,5,-126
1767175198.7292385,-5,-1,-123
1767175198.7392385,-1,-2,-120
1767175198.7492385,0,-1,-127
1767175198.7592382,-3,0,-127
1767175198.7692382,-5,3,-123
1767175198.7792382,-2,2,-124
1767175198.7892382,-4,0,-120
1767175198.7992382,-5,-4,-122
1767175198.8092382,-6,-7,-125
1767175198.8192382,-5,-6,-127
1767175198.8292382,-1,-7,-129
1767175198.8392382,4,-7,-130
1767175198.8492382,1,-8,-126
1767175198.859238,-6,-8,-127
1767175198.869238,-3,-6,-121
1767175198.879238,-2,-5,-119
1767175198.889238,-2,-9,-116
1767175198.899238,-3,-7,-121
1767175198.909238,-5,-2,-120
1767175198.919238,-6,1,-122
1767175198.929238,-2,0,-122
1767175198.939238,-3,2,-118
1767175198.949238,-3,-2,-107
1767175198.959238,-2,-2,-110
1767175198.969238,-1,0,-115
1767175198.9792385,-7,-1,-123
1767175198.9892385,-3,-4,-129
1767175198.9992385,0,-2,-132
1767175199.0092382,2,-1,-132
1767175199.0192382,0,0,-123
1767175199.0292382,-1,3,-124
1767175199.0392382,-3,0,-121
1767175199.0492382,0,-2,-125
1767175199.0592382,-5,-1,-122
1767175199.0692382,-2,-1,-122
1767175199.0792382,0,-3,-115
1767175199.0892382,-1,-4,-116
1767175199.0992382,-2,-3,-122
1767175199.109238,-1,-3,-130
1767175199.119238,1,-4,-129
1767175199.129238,3,-2,-126
1767175199.139238,4,-4,-119
1767175199.149238,2,1,-114
1767175199.159238,2,2,-113
1767175199.169238,3,0,-107
1767175199.179238,0,1,-111
1767175199.189238,-2,-3,-120
1767175199.2002382,-1,-5,-119
1767175199.209238,-3,-6,-111
1767175199.219238,-1,-2,-117
1767175199.2302382,0,-1,-119
1767175199.2402382,0,0,-112
1767175199.2502382,1,0,-113
1767175199.2602382,-2,0,-111
1767175199.2702382,-4,2,-108
1767175199.2802382,-7,0,-110
1767175199.290238,-6,0,-117
1767175199.300238,-10,-3,-118
1767175199.310238,-8,-3,-114
1767175199.320238,-7,-2,-113
1767175199.330238,-4,0,-118
1767175199.340238,-4,0,-121
1767175199.350238,0,0,-120
1767175199.360238,-2,-1,-118
1767175199.370238,-1,-3,-121
1767175199.380238,-1,-4,-124
1767175199.390238,-2,-5,-124
1767175199.400238,-2,-2,-127
1767175199.4102385,-2,-4,-135
1767175199.4202385,0,-4,-132
1767175199.4302382,1,-4,-128
1767175199.4402382,0,0,-125
1767175199.4502382,0,-3,-120
1767175199.4602382,5,-2,-121
1767175199.4702382,8,-5,-124
1767175199.4802382,8,-2,-125
1767175199.4902382,2,-2,-120
1767175199.5002382,-2,-3,-119
1767175199.5102382,-1,-2,-123
1767175199.5202382,0,-3,-133
1767175199.5302382,2,-8,-135
1767175199.540238,2,-8,-139
1767175199.550238,1,-3,-141
1767175199.560238,3,-2,-134
1767175199.570238,1,-4,-127
1767175199.580238,1,-6,-124
1767175199.590238,1,-6,-125
1767175199.600238,-1,-5,-121
1767175199.610238,-1,-5,-119
1767175199.620238,-3,-6,-117
1767175199.630238,-1,-4,-121
1767175199.640238,-1,-5,-126
1767175199.650238,2,-3,-126
1767175199.6602385,0,-1,-129
1767175199.6702385,-3,2,-131
1767175199.6802382,-2,2,-131
1767175199.6902382,-3,-1,-131
1767175199.7002382,-2,3,-127
1767175199.7102382,-3,0,-126
1767175199.7202382,-4,2,-125
1767175199.7302382,-2,0,-125
1767175199.7402382,-5,0,-125
1767175199.7502382,-8,0,-127
1767175199.7602382,-2,-5,-130
1767175199.7702382,2,-1,-127
1767175199.7802382,3,-2,-122
1767175199.790238,6,0,-117
1767175199.801238,9,0,-114
1767175199.810238,7,-1,-113
1767175199.820238,5,0,-113
1767175199.830238,5,0,-117
1767175199.840238,5,0,-120
1767175199.850238,-3,0,-118
1767175199.860238,-6,0,-119
1767175199.870238,-4,-1,-123
1767175199.880238,-4,-1,-122
1767175199.890238,-2,-1,-127
1767175199.900238,-4,-1,-128
1767175199.9102385,-2,-5,-128
1767175199.9202385,-1,-4,-125
1767175199.9302382,0,-6,-117
1767175199.9402382,0,-5,-114
1767175199.9502382,-2,-5,-120
1767175199.9602382,0,-7,-114
1767175199.9702382,3,-8,-115
1767175199.992238,0,-3,-126
